LineId,Date,Time,Level,Component,Content,EventId,EventTemplate
1,2026-01-10,00:03:46,INFO,WebServer,Health check passed: WebServer,E102,Health check passed: {service}
2,2026-01-10,00:56:04,INFO,WebServer,Transaction tx623592 completed in 1678ms,E104,Transaction {tx} completed in {time}ms
3,2026-01-10,00:32:02,INFO,InventoryDB,Health check passed: InventoryDB,E102,Health check passed: {service}
4,2026-01-10,00:30:39,INFO,WebServer,Page view: /home by u1128,E103,Page view: {page} by {user}
5,2026-01-10,00:21:56,INFO,WebServer,Page view: /home by u2523,E103,Page view: {page} by {user}
6,2026-01-10,00:11:02,INFO,PaymentGateway,User u4163 login successful,E101,User {user} login successful
7,2026-01-10,00:46:34,INFO,OrderProcessor,Health check passed: OrderProcessor,E102,Health check passed: {service}
8,2026-01-10,00:16:45,INFO,PaymentGateway,Page view: /home by u1483,E103,Page view: {page} by {user}
9,2026-01-10,00:59:21,INFO,OrderProcessor,Page view: /home by u3190,E103,Page view: {page} by {user}
10,2026-01-10,00:15:35,INFO,OrderProcessor,Page view: /home by u2234,E103,Page view: {page} by {user}
11,2026-01-10,00:04:23,INFO,WebServer,User u2495 login successful,E101,User {user} login successful
12,2026-01-10,00:08:39,INFO,WebServer,Transaction tx937946 completed in 1550ms,E104,Transaction {tx} completed in {time}ms
13,2026-01-10,00:39:35,INFO,WebServer,Health check passed: WebServer,E102,Health check passed: {service}
14,2026-01-10,00:35:47,INFO,WebServer,Transaction tx366822 completed in 308ms,E104,Transaction {tx} completed in {time}ms
15,2026-01-10,00:15:14,INFO,PaymentGateway,User u2423 login successful,E101,User {user} login successful
16,2026-01-10,00:05:25,INFO,WebServer,Page view: /home by u2269,E103,Page view: {page} by {user}
17,2026-01-10,00:52:17,INFO,WebServer,Page view: /home by u4475,E103,Page view: {page} by {user}
18,2026-01-10,00:18:13,INFO,OrderProcessor,Transaction tx739400 completed in 342ms,E104,Transaction {tx} completed in {time}ms
19,2026-01-10,00:11:21,INFO,PaymentGateway,Page view: /home by u4304,E103,Page view: {page} by {user}
20,2026-01-10,00:18:07,INFO,WebServer,Page view: /home by u1903,E103,Page view: {page} by {user}
21,2026-01-10,00:30:40,ERROR,InventoryDB,Timeout waiting for lock on InventoryDB,E502,Timeout waiting for lock on {db}
22,2026-01-10,00:23:36,INFO,InventoryDB,Page view: /home by u4942,E103,Page view: {page} by {user}
23,2026-01-10,00:56:09,INFO,AuthService,Transaction tx370142 completed in 226ms,E104,Transaction {tx} completed in {time}ms
24,2026-01-10,00:42:17,INFO,WebServer,Page view: /home by u2467,E103,Page view: {page} by {user}
25,2026-01-10,00:48:07,INFO,WebServer,Transaction tx374118 completed in 478ms,E104,Transaction {tx} completed in {time}ms
26,2026-01-10,00:41:53,INFO,WebServer,Transaction tx738198 completed in 951ms,E104,Transaction {tx} completed in {time}ms
27,2026-01-10,00:37:02,INFO,WebServer,Health check passed: WebServer,E102,Health check passed: {service}
28,2026-01-10,00:06:32,INFO,AuthService,Transaction tx733013 completed in 580ms,E104,Transaction {tx} completed in {time}ms
29,2026-01-10,00:59:10,INFO,InventoryDB,User u3055 login successful,E101,User {user} login successful
30,2026-01-10,00:25:17,INFO,WebServer,Transaction tx148524 completed in 1513ms,E104,Transaction {tx} completed in {time}ms
31,2026-01-10,00:55:01,INFO,AuthService,Page view: /home by u1045,E103,Page view: {page} by {user}
32,2026-01-10,00:52:13,INFO,AuthService,User u3276 login successful,E101,User {user} login successful
33,2026-01-10,00:46:28,INFO,OrderProcessor,Transaction tx669917 completed in 1180ms,E104,Transaction {tx} completed in {time}ms
34,2026-01-10,00:44:59,INFO,WebServer,Transaction tx995434 completed in 116ms,E104,Transaction {tx} completed in {time}ms
35,2026-01-10,00:48:04,INFO,AuthService,Page view: /home by u2427,E103,Page view: {page} by {user}
36,2026-01-10,00:04:40,INFO,WebServer,Health check passed: WebServer,E102,Health check passed: {service}
37,2026-01-10,00:30:44,INFO,OrderProcessor,Transaction tx646683 completed in 1317ms,E104,Transaction {tx} completed in {time}ms
38,2026-01-10,00:08:24,INFO,OrderProcessor,Health check passed: OrderProcessor,E102,Health check passed: {service}
39,2026-01-10,00:03:34,INFO,AuthService,Health check passed: AuthService,E102,Health check passed: {service}
40,2026-01-10,00:15:10,INFO,AuthService,Health check passed: AuthService,E102,Health check passed: {service}
41,2026-01-10,00:28:27,INFO,OrderProcessor,Page view: /home by u3082,E103,Page view: {page} by {user}
42,2026-01-10,00:33:18,INFO,OrderProcessor,Health check passed: OrderProcessor,E102,Health check passed: {service}
43,2026-01-10,00:36:52,INFO,WebServer,Transaction tx325614 completed in 1189ms,E104,Transaction {tx} completed in {time}ms
44,2026-01-10,00:21:47,WARN,WebServer,Unauthorized access attempt from 10.0.0.45,E401,Unauthorized access attempt from {ip}
45,2026-01-10,00:35:10,INFO,WebServer,User u1483 login successful,E101,User {user} login successful
46,2026-01-10,00:16:59,INFO,OrderProcessor,User u1266 login successful,E101,User {user} login successful
47,2026-01-10,00:02:51,INFO,AuthService,Health check passed: AuthService,E102,Health check passed: {service}
48,2026-01-10,00:05:33,INFO,WebServer,User u1618 login successful,E101,User {user} login successful
49,2026-01-10,00:03:36,INFO,PaymentGateway,User u1681 login successful,E101,User {user} login successful
50,2026-01-10,00:26:12,WARN,OrderProcessor,Unauthorized access attempt from 10.0.0.12,E401,Unauthorized access attempt from {ip}
51,2026-01-10,00:16:24,INFO,OrderProcessor,User u1284 login successful,E101,User {user} login successful
52,2026-01-10,00:34:42,INFO,OrderProcessor,Page view: /home by u2251,E103,Page view: {page} by {user}
53,2026-01-10,00:31:29,INFO,AuthService,Transaction tx302079 completed in 1274ms,E104,Transaction {tx} completed in {time}ms
54,2026-01-10,00:25:31,INFO,WebServer,Health check passed: WebServer,E102,Health check passed: {service}
55,2026-01-10,00:38:51,CRITICAL,PaymentGateway,KERNEL PANIC: Node node-1 crashed,E601,KERNEL PANIC: Node {node} crashed
56,2026-01-10,00:23:18,INFO,WebServer,User u4430 login successful,E101,User {user} login successful
57,2026-01-10,00:59:18,INFO,AuthService,Page view: /home by u3776,E103,Page view: {page} by {user}
58,2026-01-10,00:26:02,WARN,WebServer,High latency (653ms) detected on WebServer,E201,High latency ({time}ms) detected on {service}
59,2026-01-10,00:44:03,INFO,WebServer,Page view: /home by u3113,E103,Page view: {page} by {user}
60,2026-01-10,01:02:59,WARN,WebServer,Disk usage > 85% on node node-2,E202,Disk usage > 85% on node {node}
61,2026-01-10,01:04:22,INFO,WebServer,Page view: /home by u1607,E103,Page view: {page} by {user}
62,2026-01-10,01:50:25,INFO,WebServer,Page view: /home by u1660,E103,Page view: {page} by {user}
63,2026-01-10,01:16:47,INFO,WebServer,Page view: /home by u3693,E103,Page view: {page} by {user}
64,2026-01-10,01:10:20,INFO,OrderProcessor,Page view: /home by u2128,E103,Page view: {page} by {user}
65,2026-01-10,01:47:09,INFO,PaymentGateway,Transaction tx557119 completed in 1342ms,E104,Transaction {tx} completed in {time}ms
66,2026-01-10,01:04:42,INFO,WebServer,Health check passed: WebServer,E102,Health check passed: {service}
67,2026-01-10,01:03:51,INFO,PaymentGateway,User u1242 login successful,E101,User {user} login successful
68,2026-01-10,01:11:41,INFO,AuthService,User u1668 login successful,E101,User {user} login successful
69,2026-01-10,01:26:17,INFO,AuthService,Health check passed: AuthService,E102,Health check passed: {service}
70,2026-01-10,01:58:00,INFO,AuthService,User u3199 login successful,E101,User {user} login successful
71,2026-01-10,01:15:25,INFO,WebServer,Page view: /home by u3614,E103,Page view: {page} by {user}
72,2026-01-10,01:46:45,INFO,WebServer,User u4376 login successful,E101,User {user} login successful
73,2026-01-10,01:02:56,INFO,InventoryDB,Health check passed: InventoryDB,E102,Health check passed: {service}
74,2026-01-10,01:33:44,INFO,WebServer,Page view: /home by u4683,E103,Page view: {page} by {user}
75,2026-01-10,01:09:10,INFO,WebServer,Transaction tx617170 completed in 181ms,E104,Transaction {tx} completed in {time}ms
76,2026-01-10,01:42:28,INFO,PaymentGateway,Health check passed: PaymentGateway,E102,Health check passed: {service}
77,2026-01-10,01:56:01,WARN,WebServer,High latency (107ms) detected on WebServer,E201,High latency ({time}ms) detected on {service}
78,2026-01-10,01:10:41,INFO,AuthService,Page view: /home by u3639,E103,Page view: {page} by {user}
79,2026-01-10,01:35:59,INFO,AuthService,Health check passed: AuthService,E102,Health check passed: {service}
80,2026-01-10,01:48:37,INFO,WebServer,User u2769 login successful,E101,User {user} login successful
81,2026-01-10,01:20:08,INFO,WebServer,User u2409 login successful,E101,User {user} login successful
82,2026-01-10,01:05:57,INFO,WebServer,User u1271 login successful,E101,User {user} login successful
83,2026-01-10,01:00:51,INFO,WebServer,Page view: /home by u1058,E103,Page view: {page} by {user}
84,2026-01-10,01:44:40,INFO,WebServer,Health check passed: WebServer,E102,Health check passed: {service}
85,2026-01-10,01:08:25,INFO,InventoryDB,Transaction tx828453 completed in 199ms,E104,Transaction {tx} completed in {time}ms
86,2026-01-10,01:25:40,INFO,WebServer,Transaction tx555592 completed in 715ms,E104,Transaction {tx} completed in {time}ms
87,2026-01-10,01:35:43,INFO,PaymentGateway,Transaction tx705543 completed in 1013ms,E104,Transaction {tx} completed in {time}ms
88,2026-01-10,01:04:17,INFO,WebServer,Page view: /home by u3576,E103,Page view: {page} by {user}
89,2026-01-10,01:17:26,INFO,OrderProcessor,Health check passed: OrderProcessor,E102,Health check passed: {service}
90,2026-01-10,01:38:26,INFO,AuthService,Page view: /home by u2465,E103,Page view: {page} by {user}
91,2026-01-10,01:01:07,INFO,PaymentGateway,Page view: /home by u3422,E103,Page view: {page} by {user}
92,2026-01-10,01:59:23,INFO,AuthService,Health check passed: AuthService,E102,Health check passed: {service}
93,2026-01-10,01:43:14,INFO,WebServer,User u1637 login successful,E101,User {user} login successful
94,2026-01-10,01:30:55,INFO,WebServer,User u3507 login successful,E101,User {user} login successful
95,2026-01-10,01:53:04,INFO,WebServer,Page view: /home by u3104,E103,Page view: {page} by {user}
96,2026-01-10,01:10:46,INFO,AuthService,Page view: /home by u3957,E103,Page view: {page} by {user}
97,2026-01-10,01:04:35,INFO,WebServer,Health check passed: WebServer,E102,Health check passed: {service}
98,2026-01-10,01:11:41,INFO,AuthService,Page view: /home by u3012,E103,Page view: {page} by {user}
99,2026-01-10,01:47:05,INFO,AuthService,User u3314 login successful,E101,User {user} login successful
100,2026-01-10,01:33:53,INFO,OrderProcessor,Transaction tx711295 completed in 1508ms,E104,Transaction {tx} completed in {time}ms
101,2026-01-10,01:17:28,INFO,OrderProcessor,Transaction tx905702 completed in 574ms,E104,Transaction {tx} completed in {time}ms
102,2026-01-10,01:56:24,INFO,OrderProcessor,Health check passed: OrderProcessor,E102,Health check passed: {service}
103,2026-01-10,01:12:24,WARN,PaymentGateway,Disk usage > 85% on node node-4,E202,Disk usage > 85% on node {node}
104,2026-01-10,01:38:36,INFO,AuthService,User u3969 login successful,E101,User {user} login successful
105,2026-01-10,01:21:05,INFO,OrderProcessor,Health check passed: OrderProcessor,E102,Health check passed: {service}
106,2026-01-10,01:15:05,INFO,WebServer,Page view: /home by u1362,E103,Page view: {page} by {user}
107,2026-01-10,01:13:25,INFO,WebServer,Health check passed: WebServer,E102,Health check passed: {service}
108,2026-01-10,01:05:13,INFO,WebServer,Transaction tx140666 completed in 589ms,E104,Transaction {tx} completed in {time}ms
109,2026-01-10,01:46:29,INFO,WebServer,Transaction tx334175 completed in 213ms,E104,Transaction {tx} completed in {time}ms
110,2026-01-10,01:39:34,INFO,AuthService,User u1358 login successful,E101,User {user} login successful
111,2026-01-10,01:07:28,INFO,AuthService,Transaction tx569841 completed in 1876ms,E104,Transaction {tx} completed in {time}ms
112,2026-01-10,01:18:14,WARN,WebServer,Unauthorized access attempt from 10.0.0.88,E401,Unauthorized access attempt from {ip}
113,2026-01-10,01:57:02,WARN,AuthService,High latency (1498ms) detected on AuthService,E201,High latency ({time}ms) detected on {service}
114,2026-01-10,01:00:17,INFO,WebServer,Page view: /home by u2801,E103,Page view: {page} by {user}
115,2026-01-10,01:54:34,INFO,InventoryDB,Page view: /home by u3989,E103,Page view: {page} by {user}
116,2026-01-10,01:30:03,INFO,WebServer,Transaction tx485367 completed in 406ms,E104,Transaction {tx} completed in {time}ms
117,2026-01-10,01:41:53,INFO,OrderProcessor,Health check passed: OrderProcessor,E102,Health check passed: {service}
118,2026-01-10,01:21:57,INFO,AuthService,Page view: /home by u1256,E103,Page view: {page} by {user}
119,2026-01-10,02:13:00,INFO,AuthService,User u3792 login successful,E101,User {user} login successful
120,2026-01-10,02:54:49,INFO,AuthService,User u2605 login successful,E101,User {user} login successful
121,2026-01-10,02:33:59,INFO,AuthService,User u1878 login successful,E101,User {user} login successful
122,2026-01-10,02:24:53,INFO,OrderProcessor,Health check passed: OrderProcessor,E102,Health check passed: {service}
123,2026-01-10,02:12:22,INFO,WebServer,Health check passed: WebServer,E102,Health check passed: {service}
124,2026-01-10,02:58:24,INFO,PaymentGateway,Page view: /home by u4615,E103,Page view: {page} by {user}
125,2026-01-10,02:21:49,INFO,WebServer,Page view: /home by u4759,E103,Page view: {page} by {user}
126,2026-01-10,02:45:45,INFO,WebServer,Transaction tx986939 completed in 811ms,E104,Transaction {tx} completed in {time}ms
127,2026-01-10,02:05:21,INFO,WebServer,Health check passed: WebServer,E102,Health check passed: {service}
128,2026-01-10,02:01:46,INFO,WebServer,Page view: /home by u3707,E103,Page view: {page} by {user}
129,2026-01-10,02:12:50,INFO,PaymentGateway,Health check passed: PaymentGateway,E102,Health check passed: {service}
130,2026-01-10,02:06:44,INFO,WebServer,Transaction tx459120 completed in 1450ms,E104,Transaction {tx} completed in {time}ms
131,2026-01-10,02:56:08,INFO,WebServer,Page view: /home by u4322,E103,Page view: {page} by {user}
132,2026-01-10,02:58:42,ERROR,WebServer,Timeout waiting for lock on InventoryDB,E502,Timeout waiting for lock on {db}
133,2026-01-10,02:50:06,INFO,WebServer,User u1927 login successful,E101,User {user} login successful
134,2026-01-10,02:43:18,INFO,PaymentGateway,Page view: /home by u1968,E103,Page view: {page} by {user}
135,2026-01-10,02:47:33,INFO,WebServer,User u1584 login successful,E101,User {user} login successful
136,2026-01-10,02:05:01,INFO,WebServer,User u2452 login successful,E101,User {user} login successful
137,2026-01-10,02:27:58,INFO,OrderProcessor,User u2329 login successful,E101,User {user} login successful
138,2026-01-10,02:56:46,INFO,WebServer,Transaction tx204379 completed in 649ms,E104,Transaction {tx} completed in {time}ms
139,2026-01-10,02:31:24,INFO,WebServer,Transaction tx163707 completed in 1726ms,E104,Transaction {tx} completed in {time}ms
140,2026-01-10,02:32:05,INFO,WebServer,Health check passed: WebServer,E102,Health check passed: {service}
141,2026-01-10,02:39:38,INFO,PaymentGateway,Health check passed: PaymentGateway,E102,Health check passed: {service}
142,2026-01-10,02:50:07,INFO,InventoryDB,Page view: /home by u1153,E103,Page view: {page} by {user}
143,2026-01-10,02:54:10,INFO,OrderProcessor,Health check passed: OrderProcessor,E102,Health check passed: {service}
144,2026-01-10,02:18:36,INFO,WebServer,Transaction tx866132 completed in 1731ms,E104,Transaction {tx} completed in {time}ms
145,2026-01-10,02:21:55,INFO,WebServer,Health check passed: WebServer,E102,Health check passed: {service}
146,2026-01-10,02:24:54,INFO,PaymentGateway,User u4183 login successful,E101,User {user} login successful
147,2026-01-10,02:34:08,INFO,AuthService,Page view: /home by u3178,E103,Page view: {page} by {user}
148,2026-01-10,02:06:53,INFO,OrderProcessor,Health check passed: OrderProcessor,E102,Health check passed: {service}
149,2026-01-10,02:18:19,INFO,OrderProcessor,User u1823 login successful,E101,User {user} login successful
150,2026-01-10,02:14:12,INFO,PaymentGateway,User u3352 login successful,E101,User {user} login successful
151,2026-01-10,02:00:53,INFO,WebServer,Transaction tx800446 completed in 1923ms,E104,Transaction {tx} completed in {time}ms
152,2026-01-10,02:24:53,INFO,InventoryDB,Transaction tx512554 completed in 777ms,E104,Transaction {tx} completed in {time}ms
153,2026-01-10,02:44:39,INFO,OrderProcessor,Transaction tx679662 completed in 165ms,E104,Transaction {tx} completed in {time}ms
154,2026-01-10,02:48:15,INFO,WebServer,Transaction tx168616 completed in 791ms,E104,Transaction {tx} completed in {time}ms
155,2026-01-10,02:38:19,INFO,AuthService,User u3301 login successful,E101,User {user} login successful
156,2026-01-10,02:32:03,INFO,AuthService,User u4041 login successful,E101,User {user} login successful
157,2026-01-10,02:03:35,INFO,OrderProcessor,Page view: /home by u1917,E103,Page view: {page} by {user}
158,2026-01-10,02:16:39,INFO,WebServer,Health check passed: WebServer,E102,Health check passed: {service}
159,2026-01-10,02:17:32,INFO,OrderProcessor,Health check passed: OrderProcessor,E102,Health check passed: {service}
160,2026-01-10,02:20:40,WARN,WebServer,Disk usage > 85% on node node-4,E202,Disk usage > 85% on node {node}
161,2026-01-10,02:31:19,INFO,WebServer,Page view: /home by u3635,E103,Page view: {page} by {user}
162,2026-01-10,02:06:09,INFO,OrderProcessor,Transaction tx927201 completed in 139ms,E104,Transaction {tx} completed in {time}ms
163,2026-01-10,02:09:35,INFO,InventoryDB,Page view: /home by u4124,E103,Page view: {page} by {user}
164,2026-01-10,02:23:48,INFO,WebServer,Transaction tx920196 completed in 1715ms,E104,Transaction {tx} completed in {time}ms
165,2026-01-10,02:43:08,INFO,WebServer,Page view: /home by u2849,E103,Page view: {page} by {user}
166,2026-01-10,02:31:51,ERROR,WebServer,Payment declined: Gateway unavailable,E503,Payment declined: Gateway unavailable
167,2026-01-10,02:56:13,INFO,WebServer,User u4642 login successful,E101,User {user} login successful
168,2026-01-10,02:15:57,INFO,WebServer,Transaction tx251095 completed in 1553ms,E104,Transaction {tx} completed in {time}ms
169,2026-01-10,02:10:24,INFO,WebServer,Page view: /home by u3438,E103,Page view: {page} by {user}
170,2026-01-10,02:10:37,ERROR,WebServer,Timeout waiting for lock on InventoryDB,E502,Timeout waiting for lock on {db}
171,2026-01-10,02:30:53,INFO,PaymentGateway,Health check passed: PaymentGateway,E102,Health check passed: {service}
172,2026-01-10,02:47:21,INFO,WebServer,Health check passed: WebServer,E102,Health check passed: {service}
173,2026-01-10,02:08:02,INFO,OrderProcessor,Health check passed: OrderProcessor,E102,Health check passed: {service}
174,2026-01-10,02:11:46,INFO,WebServer,Page view: /home by u2600,E103,Page view: {page} by {user}
175,2026-01-10,02:51:39,INFO,WebServer,Health check passed: WebServer,E102,Health check passed: {service}
176,2026-01-10,02:51:13,INFO,WebServer,Health check passed: WebServer,E102,Health check passed: {service}
177,2026-01-10,02:16:14,INFO,WebServer,Health check passed: WebServer,E102,Health check passed: {service}
178,2026-01-10,03:46:24,INFO,InventoryDB,Transaction tx460806 completed in 124ms,E104,Transaction {tx} completed in {time}ms
179,2026-01-10,03:17:01,INFO,AuthService,Transaction tx737878 completed in 451ms,E104,Transaction {tx} completed in {time}ms
180,2026-01-10,03:13:40,INFO,WebServer,User u3922 login successful,E101,User {user} login successful
181,2026-01-10,03:54:04,INFO,PaymentGateway,Transaction tx755811 completed in 766ms,E104,Transaction {tx} completed in {time}ms
182,2026-01-10,03:21:00,INFO,AuthService,User u1868 login successful,E101,User {user} login successful
183,2026-01-10,03:39:02,INFO,WebServer,Page view: /home by u2859,E103,Page view: {page} by {user}
184,2026-01-10,03:13:50,INFO,WebServer,Health check passed: WebServer,E102,Health check passed: {service}
185,2026-01-10,03:37:25,INFO,AuthService,Page view: /home by u2988,E103,Page view: {page} by {user}
186,2026-01-10,03:26:55,ERROR,WebServer,Timeout waiting for lock on InventoryDB,E502,Timeout waiting for lock on {db}
187,2026-01-10,03:50:35,INFO,AuthService,User u1215 login successful,E101,User {user} login successful
188,2026-01-10,03:54:21,INFO,WebServer,Transaction tx306007 completed in 1364ms,E104,Transaction {tx} completed in {time}ms
189,2026-01-10,03:48:38,INFO,InventoryDB,Page view: /home by u4885,E103,Page view: {page} by {user}
190,2026-01-10,03:00:52,INFO,AuthService,Health check passed: AuthService,E102,Health check passed: {service}
191,2026-01-10,03:00:43,INFO,PaymentGateway,User u1492 login successful,E101,User {user} login successful
192,2026-01-10,03:13:42,INFO,InventoryDB,Health check passed: InventoryDB,E102,Health check passed: {service}
193,2026-01-10,03:32:09,INFO,WebServer,Transaction tx323993 completed in 1838ms,E104,Transaction {tx} completed in {time}ms
194,2026-01-10,03:43:08,INFO,WebServer,Transaction tx701799 completed in 1520ms,E104,Transaction {tx} completed in {time}ms
195,2026-01-10,03:23:37,INFO,WebServer,Page view: /home by u2968,E103,Page view: {page} by {user}
196,2026-01-10,03:03:58,INFO,WebServer,Health check passed: WebServer,E102,Health check passed: {service}
197,2026-01-10,03:15:30,INFO,OrderProcessor,User u4270 login successful,E101,User {user} login successful
198,2026-01-10,03:54:25,INFO,AuthService,Health check passed: AuthService,E102,Health check passed: {service}
199,2026-01-10,03:28:39,INFO,OrderProcessor,User u4586 login successful,E101,User {user} login successful
200,2026-01-10,03:45:22,INFO,WebServer,User u1431 login successful,E101,User {user} login successful
201,2026-01-10,03:10:06,WARN,PaymentGateway,High latency (1384ms) detected on PaymentGateway,E201,High latency ({time}ms) detected on {service}
202,2026-01-10,03:14:44,INFO,InventoryDB,Transaction tx244058 completed in 1621ms,E104,Transaction {tx} completed in {time}ms
203,2026-01-10,03:13:58,WARN,AuthService,Disk usage > 85% on node node-3,E202,Disk usage > 85% on node {node}
204,2026-01-10,03:21:32,INFO,OrderProcessor,User u1802 login successful,E101,User {user} login successful
205,2026-01-10,03:30:13,INFO,WebServer,Transaction tx723835 completed in 1614ms,E104,Transaction {tx} completed in {time}ms
206,2026-01-10,03:59:34,INFO,AuthService,Page view: /home by u4429,E103,Page view: {page} by {user}
207,2026-01-10,03:24:51,INFO,WebServer,Transaction tx838513 completed in 890ms,E104,Transaction {tx} completed in {time}ms
208,2026-01-10,03:29:29,INFO,WebServer,Page view: /home by u4145,E103,Page view: {page} by {user}
209,2026-01-10,03:42:12,INFO,AuthService,Health check passed: AuthService,E102,Health check passed: {service}
210,2026-01-10,03:16:05,INFO,WebServer,User u3127 login successful,E101,User {user} login successful
211,2026-01-10,03:40:48,INFO,AuthService,User u3217 login successful,E101,User {user} login successful
212,2026-01-10,03:36:58,INFO,AuthService,User u1118 login successful,E101,User {user} login successful
213,2026-01-10,03:21:28,WARN,WebServer,High latency (1824ms) detected on WebServer,E201,High latency ({time}ms) detected on {service}
214,2026-01-10,03:58:14,INFO,AuthService,Page view: /home by u2582,E103,Page view: {page} by {user}
215,2026-01-10,03:42:17,INFO,OrderProcessor,Transaction tx570357 completed in 21ms,E104,Transaction {tx} completed in {time}ms
216,2026-01-10,03:08:15,INFO,WebServer,User u3021 login successful,E101,User {user} login successful
217,2026-01-10,03:13:42,INFO,WebServer,Transaction tx934820 completed in 58ms,E104,Transaction {tx} completed in {time}ms
218,2026-01-10,03:56:35,INFO,WebServer,Health check passed: WebServer,E102,Health check passed: {service}
219,2026-01-10,03:18:31,INFO,WebServer,Health check passed: WebServer,E102,Health check passed: {service}
220,2026-01-10,03:18:19,INFO,WebServer,Transaction tx400902 completed in 375ms,E104,Transaction {tx} completed in {time}ms
221,2026-01-10,03:51:00,INFO,WebServer,Health check passed: WebServer,E102,Health check passed: {service}
222,2026-01-10,03:25:30,INFO,AuthService,Page view: /home by u3383,E103,Page view: {page} by {user}
223,2026-01-10,03:13:57,INFO,InventoryDB,User u4094 login successful,E101,User {user} login successful
224,2026-01-10,03:27:57,INFO,AuthService,Transaction tx260184 completed in 1552ms,E104,Transaction {tx} completed in {time}ms
225,2026-01-10,03:30:48,INFO,WebServer,Transaction tx764835 completed in 1521ms,E104,Transaction {tx} completed in {time}ms
226,2026-01-10,03:06:39,INFO,WebServer,Page view: /home by u2984,E103,Page view: {page} by {user}
227,2026-01-10,03:12:10,INFO,OrderProcessor,Transaction tx614319 completed in 430ms,E104,Transaction {tx} completed in {time}ms
228,2026-01-10,03:44:27,INFO,AuthService,Health check passed: AuthService,E102,Health check passed: {service}
229,2026-01-10,03:10:36,INFO,WebServer,Transaction tx646867 completed in 310ms,E104,Transaction {tx} completed in {time}ms
230,2026-01-10,03:44:46,INFO,WebServer,Health check passed: WebServer,E102,Health check passed: {service}
231,2026-01-10,03:58:11,INFO,WebServer,User u4201 login successful,E101,User {user} login successful
232,2026-01-10,03:41:00,WARN,WebServer,Disk usage > 85% on node node-5,E202,Disk usage > 85% on node {node}
233,2026-01-10,03:32:33,INFO,AuthService,Page view: /home by u3094,E103,Page view: {page} by {user}
234,2026-01-10,03:31:25,INFO,WebServer,User u4289 login successful,E101,User {user} login successful
235,2026-01-10,03:46:52,INFO,AuthService,Transaction tx765550 completed in 450ms,E104,Transaction {tx} completed in {time}ms
236,2026-01-10,03:19:28,INFO,PaymentGateway,Health check passed: PaymentGateway,E102,Health check passed: {service}
237,2026-01-10,04:00:59,INFO,AuthService,User u1632 login successful,E101,User {user} login successful
238,2026-01-10,04:51:51,INFO,AuthService,Health check passed: AuthService,E102,Health check passed: {service}
239,2026-01-10,04:42:10,INFO,InventoryDB,User u4049 login successful,E101,User {user} login successful
240,2026-01-10,04:55:26,INFO,AuthService,Page view: /home by u2619,E103,Page view: {page} by {user}
241,2026-01-10,04:28:12,INFO,WebServer,Health check passed: WebServer,E102,Health check passed: {service}
242,2026-01-10,04:49:28,INFO,WebServer,Transaction tx167077 completed in 575ms,E104,Transaction {tx} completed in {time}ms
243,2026-01-10,04:29:36,INFO,WebServer,User u1788 login successful,E101,User {user} login successful
244,2026-01-10,04:04:19,INFO,AuthService,Page view: /home by u3088,E103,Page view: {page} by {user}
245,2026-01-10,04:49:21,INFO,OrderProcessor,Page view: /home by u3647,E103,Page view: {page} by {user}
246,2026-01-10,04:58:43,INFO,WebServer,User u4867 login successful,E101,User {user} login successful
247,2026-01-10,04:50:22,INFO,WebServer,Page view: /home by u2530,E103,Page view: {page} by {user}
248,2026-01-10,04:51:03,INFO,WebServer,Transaction tx936496 completed in 1541ms,E104,Transaction {tx} completed in {time}ms
249,2026-01-10,04:30:06,WARN,AuthService,High latency (785ms) detected on AuthService,E201,High latency ({time}ms) detected on {service}
250,2026-01-10,04:27:24,INFO,WebServer,Transaction tx135601 completed in 1239ms,E104,Transaction {tx} completed in {time}ms
251,2026-01-10,04:45:44,INFO,WebServer,Transaction tx548121 completed in 763ms,E104,Transaction {tx} completed in {time}ms
252,2026-01-10,04:35:11,INFO,AuthService,Health check passed: AuthService,E102,Health check passed: {service}
253,2026-01-10,04:11:02,INFO,OrderProcessor,Page view: /home by u1703,E103,Page view: {page} by {user}
254,2026-01-10,04:11:23,INFO,WebServer,Health check passed: WebServer,E102,Health check passed: {service}
255,2026-01-10,04:07:46,ERROR,WebServer,Connection refused to WebServer at 10.0.0.99,E501,Connection refused to {service} at {ip}
256,2026-01-10,04:20:10,INFO,WebServer,User u2149 login successful,E101,User {user} login successful
257,2026-01-10,04:45:07,INFO,PaymentGateway,Page view: /home by u1702,E103,Page view: {page} by {user}
258,2026-01-10,04:03:35,INFO,PaymentGateway,Transaction tx449621 completed in 1513ms,E104,Transaction {tx} completed in {time}ms
259,2026-01-10,04:02:13,WARN,OrderProcessor,Disk usage > 85% on node node-1,E202,Disk usage > 85% on node {node}
260,2026-01-10,04:22:45,INFO,WebServer,Transaction tx627288 completed in 306ms,E104,Transaction {tx} completed in {time}ms
261,2026-01-10,04:49:36,INFO,OrderProcessor,User u3535 login successful,E101,User {user} login successful
262,2026-01-10,04:09:54,INFO,InventoryDB,Transaction tx637806 completed in 1588ms,E104,Transaction {tx} completed in {time}ms
263,2026-01-10,04:12:14,INFO,AuthService,Page view: /home by u3932,E103,Page view: {page} by {user}
264,2026-01-10,04:25:36,INFO,WebServer,User u1682 login successful,E101,User {user} login successful
265,2026-01-10,04:50:28,INFO,WebServer,Health check passed: WebServer,E102,Health check passed: {service}
266,2026-01-10,04:54:22,INFO,OrderProcessor,Page view: /home by u2596,E103,Page view: {page} by {user}
267,2026-01-10,04:47:08,INFO,OrderProcessor,Page view: /home by u4881,E103,Page view: {page} by {user}
268,2026-01-10,04:24:54,INFO,WebServer,Health check passed: WebServer,E102,Health check passed: {service}
269,2026-01-10,04:26:36,ERROR,WebServer,Connection refused to WebServer at 10.0.0.10,E501,Connection refused to {service} at {ip}
270,2026-01-10,04:30:37,INFO,WebServer,User u1484 login successful,E101,User {user} login successful
271,2026-01-10,04:54:54,INFO,WebServer,Transaction tx531792 completed in 965ms,E104,Transaction {tx} completed in {time}ms
272,2026-01-10,04:49:32,INFO,OrderProcessor,Transaction tx960990 completed in 169ms,E104,Transaction {tx} completed in {time}ms
273,2026-01-10,04:32:20,INFO,WebServer,Health check passed: WebServer,E102,Health check passed: {service}
274,2026-01-10,04:02:59,INFO,WebServer,User u3775 login successful,E101,User {user} login successful
275,2026-01-10,04:54:05,INFO,OrderProcessor,Page view: /home by u1080,E103,Page view: {page} by {user}
276,2026-01-10,04:23:47,INFO,WebServer,Transaction tx592235 completed in 1116ms,E104,Transaction {tx} completed in {time}ms
277,2026-01-10,04:25:12,INFO,WebServer,Page view: /home by u4089,E103,Page view: {page} by {user}
278,2026-01-10,04:50:24,INFO,WebServer,User u4493 login successful,E101,User {user} login successful
279,2026-01-10,04:04:49,INFO,WebServer,Transaction tx926493 completed in 773ms,E104,Transaction {tx} completed in {time}ms
280,2026-01-10,04:26:58,INFO,WebServer,Transaction tx174951 completed in 1148ms,E104,Transaction {tx} completed in {time}ms
281,2026-01-10,04:46:30,INFO,OrderProcessor,Page view: /home by u1839,E103,Page view: {page} by {user}
282,2026-01-10,04:46:27,INFO,PaymentGateway,Transaction tx768356 completed in 255ms,E104,Transaction {tx} completed in {time}ms
283,2026-01-10,04:10:25,INFO,AuthService,User u3630 login successful,E101,User {user} login successful
284,2026-01-10,04:03:23,INFO,WebServer,User u1735 login successful,E101,User {user} login successful
285,2026-01-10,04:46:57,INFO,WebServer,Transaction tx433006 completed in 600ms,E104,Transaction {tx} completed in {time}ms
286,2026-01-10,04:02:44,INFO,WebServer,Transaction tx152955 completed in 1412ms,E104,Transaction {tx} completed in {time}ms
287,2026-01-10,04:01:15,INFO,AuthService,Health check passed: AuthService,E102,Health check passed: {service}
288,2026-01-10,04:51:54,INFO,WebServer,Page view: /home by u2813,E103,Page view: {page} by {user}
289,2026-01-10,04:16:04,INFO,PaymentGateway,Page view: /home by u2504,E103,Page view: {page} by {user}
290,2026-01-10,04:55:21,INFO,WebServer,User u1636 login successful,E101,User {user} login successful
291,2026-01-10,04:34:14,INFO,AuthService,Page view: /home by u2145,E103,Page view: {page} by {user}
292,2026-01-10,04:15:32,INFO,PaymentGateway,Health check passed: PaymentGateway,E102,Health check passed: {service}
293,2026-01-10,04:13:12,INFO,WebServer,Health check passed: WebServer,E102,Health check passed: {service}
294,2026-01-10,04:51:17,INFO,PaymentGateway,Health check passed: PaymentGateway,E102,Health check passed: {service}
295,2026-01-10,04:49:28,INFO,OrderProcessor,Transaction tx485408 completed in 334ms,E104,Transaction {tx} completed in {time}ms
296,2026-01-10,05:27:43,INFO,AuthService,Page view: /home by u2497,E103,Page view: {page} by {user}
297,2026-01-10,05:47:45,INFO,WebServer,Page view: /home by u2875,E103,Page view: {page} by {user}
298,2026-01-10,05:01:03,INFO,WebServer,Health check passed: WebServer,E102,Health check passed: {service}
299,2026-01-10,05:37:42,INFO,AuthService,Page view: /home by u1405,E103,Page view: {page} by {user}
300,2026-01-10,05:59:06,INFO,InventoryDB,Page view: /home by u1260,E103,Page view: {page} by {user}
301,2026-01-10,05:44:40,INFO,AuthService,Page view: /home by u1899,E103,Page view: {page} by {user}
302,2026-01-10,05:11:56,INFO,WebServer,Transaction tx897942 completed in 1937ms,E104,Transaction {tx} completed in {time}ms
303,2026-01-10,05:08:57,INFO,InventoryDB,Transaction tx650089 completed in 1959ms,E104,Transaction {tx} completed in {time}ms
304,2026-01-10,05:54:07,INFO,AuthService,Transaction tx288149 completed in 1208ms,E104,Transaction {tx} completed in {time}ms
305,2026-01-10,05:51:59,INFO,AuthService,Health check passed: AuthService,E102,Health check passed: {service}
306,2026-01-10,05:57:08,INFO,OrderProcessor,User u2358 login successful,E101,User {user} login successful
307,2026-01-10,05:46:44,INFO,OrderProcessor,Page view: /home by u3509,E103,Page view: {page} by {user}
308,2026-01-10,05:26:25,INFO,AuthService,Transaction tx878840 completed in 1414ms,E104,Transaction {tx} completed in {time}ms
309,2026-01-10,05:55:42,INFO,WebServer,Transaction tx619287 completed in 1003ms,E104,Transaction {tx} completed in {time}ms
310,2026-01-10,05:58:08,INFO,InventoryDB,User u2828 login successful,E101,User {user} login successful
311,2026-01-10,05:03:25,INFO,WebServer,Transaction tx936091 completed in 1005ms,E104,Transaction {tx} completed in {time}ms
312,2026-01-10,05:16:31,INFO,WebServer,Health check passed: WebServer,E102,Health check passed: {service}
313,2026-01-10,05:38:08,INFO,WebServer,User u3152 login successful,E101,User {user} login successful
314,2026-01-10,05:22:14,INFO,AuthService,Page view: /home by u4033,E103,Page view: {page} by {user}
315,2026-01-10,05:37:00,ERROR,PaymentGateway,Timeout waiting for lock on InventoryDB,E502,Timeout waiting for lock on {db}
316,2026-01-10,05:30:29,INFO,WebServer,Page view: /home by u1972,E103,Page view: {page} by {user}
317,2026-01-10,05:49:06,INFO,WebServer,Page view: /home by u3211,E103,Page view: {page} by {user}
318,2026-01-10,05:19:01,INFO,InventoryDB,Transaction tx493680 completed in 1686ms,E104,Transaction {tx} completed in {time}ms
319,2026-01-10,05:55:49,WARN,AuthService,Unauthorized access attempt from 10.0.0.45,E401,Unauthorized access attempt from {ip}
320,2026-01-10,05:04:02,INFO,AuthService,User u4909 login successful,E101,User {user} login successful
321,2026-01-10,05:42:19,INFO,WebServer,Health check passed: WebServer,E102,Health check passed: {service}
322,2026-01-10,05:29:11,ERROR,AuthService,Payment declined: Gateway unavailable,E503,Payment declined: Gateway unavailable
323,2026-01-10,05:22:42,INFO,WebServer,Page view: /home by u1616,E103,Page view: {page} by {user}
324,2026-01-10,05:05:14,WARN,WebServer,High latency (663ms) detected on WebServer,E201,High latency ({time}ms) detected on {service}
325,2026-01-10,05:06:12,INFO,WebServer,User u1054 login successful,E101,User {user} login successful
326,2026-01-10,05:45:32,INFO,PaymentGateway,Page view: /home by u3670,E103,Page view: {page} by {user}
327,2026-01-10,05:46:15,INFO,PaymentGateway,User u1920 login successful,E101,User {user} login successful
328,2026-01-10,05:14:44,INFO,OrderProcessor,Health check passed: OrderProcessor,E102,Health check passed: {service}
329,2026-01-10,05:43:02,INFO,AuthService,Health check passed: AuthService,E102,Health check passed: {service}
330,2026-01-10,05:36:15,INFO,WebServer,User u1073 login successful,E101,User {user} login successful
331,2026-01-10,05:34:05,INFO,AuthService,User u1867 login successful,E101,User {user} login successful
332,2026-01-10,05:54:01,WARN,WebServer,High latency (67ms) detected on WebServer,E201,High latency ({time}ms) detected on {service}
333,2026-01-10,05:56:16,INFO,WebServer,Transaction tx444810 completed in 710ms,E104,Transaction {tx} completed in {time}ms
334,2026-01-10,05:36:07,INFO,WebServer,User u4214 login successful,E101,User {user} login successful
335,2026-01-10,05:27:35,INFO,WebServer,Page view: /home by u1080,E103,Page view: {page} by {user}
336,2026-01-10,05:01:02,WARN,WebServer,High latency (433ms) detected on WebServer,E201,High latency ({time}ms) detected on {service}
337,2026-01-10,05:34:28,INFO,WebServer,Transaction tx474288 completed in 1749ms,E104,Transaction {tx} completed in {time}ms
338,2026-01-10,05:11:39,INFO,WebServer,Health check passed: WebServer,E102,Health check passed: {service}
339,2026-01-10,05:54:29,INFO,WebServer,User u4844 login successful,E101,User {user} login successful
340,2026-01-10,05:28:50,INFO,WebServer,Transaction tx542371 completed in 40ms,E104,Transaction {tx} completed in {time}ms
341,2026-01-10,05:50:44,INFO,WebServer,Transaction tx130596 completed in 149ms,E104,Transaction {tx} completed in {time}ms
342,2026-01-10,05:23:34,WARN,AuthService,Unauthorized access attempt from 10.0.0.45,E401,Unauthorized access attempt from {ip}
343,2026-01-10,05:20:46,INFO,WebServer,Transaction tx401675 completed in 1629ms,E104,Transaction {tx} completed in {time}ms
344,2026-01-10,05:02:22,WARN,WebServer,High latency (1754ms) detected on WebServer,E201,High latency ({time}ms) detected on {service}
345,2026-01-10,05:07:30,INFO,WebServer,Page view: /home by u3534,E103,Page view: {page} by {user}
346,2026-01-10,05:10:38,INFO,AuthService,Page view: /home by u1673,E103,Page view: {page} by {user}
347,2026-01-10,05:46:06,INFO,WebServer,Transaction tx721067 completed in 1187ms,E104,Transaction {tx} completed in {time}ms
348,2026-01-10,05:54:08,INFO,PaymentGateway,Transaction tx424374 completed in 1826ms,E104,Transaction {tx} completed in {time}ms
349,2026-01-10,05:21:50,INFO,WebServer,Page view: /home by u3378,E103,Page view: {page} by {user}
350,2026-01-10,05:40:50,INFO,WebServer,Transaction tx955324 completed in 1624ms,E104,Transaction {tx} completed in {time}ms
351,2026-01-10,05:58:41,WARN,PaymentGateway,Disk usage > 85% on node node-3,E202,Disk usage > 85% on node {node}
352,2026-01-10,05:08:57,INFO,AuthService,Transaction tx706784 completed in 129ms,E104,Transaction {tx} completed in {time}ms
353,2026-01-10,05:51:13,INFO,WebServer,Health check passed: WebServer,E102,Health check passed: {service}
354,2026-01-10,05:37:56,INFO,WebServer,Health check passed: WebServer,E102,Health check passed: {service}
355,2026-01-10,06:47:03,INFO,PaymentGateway,Health check passed: PaymentGateway,E102,Health check passed: {service}
356,2026-01-10,06:17:55,INFO,WebServer,Health check passed: WebServer,E102,Health check passed: {service}
357,2026-01-10,06:30:15,INFO,WebServer,Page view: /home by u3011,E103,Page view: {page} by {user}
358,2026-01-10,06:39:25,INFO,WebServer,Health check passed: WebServer,E102,Health check passed: {service}
359,2026-01-10,06:18:26,INFO,WebServer,User u1573 login successful,E101,User {user} login successful
360,2026-01-10,06:52:57,INFO,WebServer,Health check passed: WebServer,E102,Health check passed: {service}
361,2026-01-10,06:21:37,INFO,WebServer,Health check passed: WebServer,E102,Health check passed: {service}
362,2026-01-10,06:32:18,WARN,WebServer,Unauthorized access attempt from 10.0.0.45,E401,Unauthorized access attempt from {ip}
363,2026-01-10,06:02:00,INFO,WebServer,Health check passed: WebServer,E102,Health check passed: {service}
364,2026-01-10,06:40:53,INFO,WebServer,Transaction tx216261 completed in 959ms,E104,Transaction {tx} completed in {time}ms
365,2026-01-10,06:11:14,INFO,WebServer,Transaction tx107689 completed in 756ms,E104,Transaction {tx} completed in {time}ms
366,2026-01-10,06:30:23,INFO,InventoryDB,User u4447 login successful,E101,User {user} login successful
367,2026-01-10,06:02:13,INFO,WebServer,Transaction tx532112 completed in 463ms,E104,Transaction {tx} completed in {time}ms
368,2026-01-10,06:56:25,INFO,WebServer,User u3426 login successful,E101,User {user} login successful
369,2026-01-10,06:17:20,INFO,WebServer,Page view: /home by u3278,E103,Page view: {page} by {user}
370,2026-01-10,06:27:55,INFO,WebServer,Transaction tx244610 completed in 513ms,E104,Transaction {tx} completed in {time}ms
371,2026-01-10,06:25:55,INFO,PaymentGateway,User u4889 login successful,E101,User {user} login successful
372,2026-01-10,06:07:01,INFO,AuthService,Health check passed: AuthService,E102,Health check passed: {service}
373,2026-01-10,06:01:55,INFO,WebServer,Transaction tx323368 completed in 1156ms,E104,Transaction {tx} completed in {time}ms
374,2026-01-10,06:35:37,INFO,WebServer,Transaction tx691551 completed in 163ms,E104,Transaction {tx} completed in {time}ms
375,2026-01-10,06:52:32,WARN,PaymentGateway,Unauthorized access attempt from 10.0.0.45,E401,Unauthorized access attempt from {ip}
376,2026-01-10,06:35:20,INFO,InventoryDB,User u4442 login successful,E101,User {user} login successful
377,2026-01-10,06:26:29,INFO,InventoryDB,Page view: /home by u1626,E103,Page view: {page} by {user}
378,2026-01-10,06:20:04,INFO,WebServer,Page view: /home by u4225,E103,Page view: {page} by {user}
379,2026-01-10,06:26:32,INFO,OrderProcessor,User u4728 login successful,E101,User {user} login successful
380,2026-01-10,06:49:20,INFO,OrderProcessor,Page view: /home by u3132,E103,Page view: {page} by {user}
381,2026-01-10,06:26:11,INFO,WebServer,Page view: /home by u3577,E103,Page view: {page} by {user}
382,2026-01-10,06:50:53,WARN,AuthService,Disk usage > 85% on node node-5,E202,Disk usage > 85% on node {node}
383,2026-01-10,06:10:26,INFO,PaymentGateway,Transaction tx360737 completed in 1246ms,E104,Transaction {tx} completed in {time}ms
384,2026-01-10,06:26:17,INFO,AuthService,User u3850 login successful,E101,User {user} login successful
385,2026-01-10,06:41:48,INFO,WebServer,User u1920 login successful,E101,User {user} login successful
386,2026-01-10,06:19:10,INFO,WebServer,Transaction tx371790 completed in 1032ms,E104,Transaction {tx} completed in {time}ms
387,2026-01-10,06:21:31,INFO,AuthService,Transaction tx992018 completed in 783ms,E104,Transaction {tx} completed in {time}ms
388,2026-01-10,06:30:35,INFO,OrderProcessor,User u2634 login successful,E101,User {user} login successful
389,2026-01-10,06:06:40,INFO,PaymentGateway,Transaction tx247222 completed in 760ms,E104,Transaction {tx} completed in {time}ms
390,2026-01-10,06:53:43,INFO,WebServer,Health check passed: WebServer,E102,Health check passed: {service}
391,2026-01-10,06:55:36,WARN,WebServer,High latency (1258ms) detected on WebServer,E201,High latency ({time}ms) detected on {service}
392,2026-01-10,06:43:32,CRITICAL,AuthService,DATA CORRUPTION detected in sector 863,E602,DATA CORRUPTION detected in sector {sector}
393,2026-01-10,06:27:34,INFO,AuthService,User u4442 login successful,E101,User {user} login successful
394,2026-01-10,06:23:09,WARN,WebServer,Disk usage > 85% on node node-1,E202,Disk usage > 85% on node {node}
395,2026-01-10,06:17:47,INFO,PaymentGateway,Transaction tx588480 completed in 982ms,E104,Transaction {tx} completed in {time}ms
396,2026-01-10,06:46:52,INFO,WebServer,Health check passed: WebServer,E102,Health check passed: {service}
397,2026-01-10,06:50:49,INFO,WebServer,Page view: /home by u3282,E103,Page view: {page} by {user}
398,2026-01-10,06:41:46,INFO,PaymentGateway,Health check passed: PaymentGateway,E102,Health check passed: {service}
399,2026-01-10,06:23:19,INFO,AuthService,Health check passed: AuthService,E102,Health check passed: {service}
400,2026-01-10,06:17:28,INFO,WebServer,Page view: /home by u2696,E103,Page view: {page} by {user}
401,2026-01-10,06:27:10,INFO,PaymentGateway,User u3965 login successful,E101,User {user} login successful
402,2026-01-10,06:48:35,WARN,AuthService,High latency (263ms) detected on AuthService,E201,High latency ({time}ms) detected on {service}
403,2026-01-10,06:11:39,INFO,AuthService,Page view: /home by u3815,E103,Page view: {page} by {user}
404,2026-01-10,06:26:54,INFO,AuthService,Health check passed: AuthService,E102,Health check passed: {service}
405,2026-01-10,06:52:12,INFO,OrderProcessor,User u4678 login successful,E101,User {user} login successful
406,2026-01-10,06:54:29,INFO,PaymentGateway,Health check passed: PaymentGateway,E102,Health check passed: {service}
407,2026-01-10,06:31:25,INFO,AuthService,Health check passed: AuthService,E102,Health check passed: {service}
408,2026-01-10,06:12:31,INFO,AuthService,Transaction tx630451 completed in 786ms,E104,Transaction {tx} completed in {time}ms
409,2026-01-10,06:07:50,INFO,OrderProcessor,Health check passed: OrderProcessor,E102,Health check passed: {service}
410,2026-01-10,06:38:32,INFO,OrderProcessor,Page view: /home by u4882,E103,Page view: {page} by {user}
411,2026-01-10,06:15:07,INFO,WebServer,User u4909 login successful,E101,User {user} login successful
412,2026-01-10,06:49:49,WARN,PaymentGateway,Unauthorized access attempt from 192.168.1.5,E401,Unauthorized access attempt from {ip}
413,2026-01-10,06:23:07,INFO,WebServer,Page view: /home by u2723,E103,Page view: {page} by {user}
414,2026-01-10,06:39:51,INFO,AuthService,Health check passed: AuthService,E102,Health check passed: {service}
415,2026-01-10,06:53:14,ERROR,OrderProcessor,Connection refused to OrderProcessor at 10.0.0.12,E501,Connection refused to {service} at {ip}
416,2026-01-10,06:46:25,WARN,WebServer,Disk usage > 85% on node node-4,E202,Disk usage > 85% on node {node}
417,2026-01-10,06:30:52,INFO,WebServer,Transaction tx536200 completed in 744ms,E104,Transaction {tx} completed in {time}ms
418,2026-01-10,06:17:47,INFO,PaymentGateway,Transaction tx468187 completed in 1732ms,E104,Transaction {tx} completed in {time}ms
419,2026-01-10,06:45:10,INFO,OrderProcessor,Page view: /home by u4533,E103,Page view: {page} by {user}
420,2026-01-10,06:04:59,INFO,WebServer,Transaction tx420937 completed in 950ms,E104,Transaction {tx} completed in {time}ms
421,2026-01-10,06:52:08,INFO,AuthService,User u1427 login successful,E101,User {user} login successful
422,2026-01-10,06:19:50,INFO,WebServer,Page view: /home by u2413,E103,Page view: {page} by {user}
423,2026-01-10,06:41:56,INFO,WebServer,Transaction tx978569 completed in 533ms,E104,Transaction {tx} completed in {time}ms
424,2026-01-10,06:59:52,INFO,AuthService,User u4359 login successful,E101,User {user} login successful
425,2026-01-10,06:18:22,INFO,WebServer,Page view: /home by u3642,E103,Page view: {page} by {user}
426,2026-01-10,06:21:01,INFO,WebServer,Page view: /home by u4511,E103,Page view: {page} by {user}
427,2026-01-10,06:43:18,INFO,WebServer,Page view: /home by u2819,E103,Page view: {page} by {user}
428,2026-01-10,06:47:47,INFO,WebServer,User u1819 login successful,E101,User {user} login successful
429,2026-01-10,06:25:53,INFO,WebServer,Transaction tx383996 completed in 170ms,E104,Transaction {tx} completed in {time}ms
430,2026-01-10,06:19:28,INFO,WebServer,Transaction tx318688 completed in 1182ms,E104,Transaction {tx} completed in {time}ms
431,2026-01-10,06:46:28,WARN,WebServer,Disk usage > 85% on node node-3,E202,Disk usage > 85% on node {node}
432,2026-01-10,06:14:49,INFO,WebServer,Page view: /home by u1347,E103,Page view: {page} by {user}
433,2026-01-10,06:24:52,INFO,WebServer,Health check passed: WebServer,E102,Health check passed: {service}
434,2026-01-10,06:20:48,INFO,WebServer,Transaction tx519647 completed in 1710ms,E104,Transaction {tx} completed in {time}ms
435,2026-01-10,06:33:29,INFO,AuthService,Page view: /home by u2540,E103,Page view: {page} by {user}
436,2026-01-10,06:12:52,INFO,AuthService,Transaction tx739005 completed in 1263ms,E104,Transaction {tx} completed in {time}ms
437,2026-01-10,06:57:13,INFO,PaymentGateway,Transaction tx562977 completed in 152ms,E104,Transaction {tx} completed in {time}ms
438,2026-01-10,06:58:12,INFO,InventoryDB,Transaction tx278330 completed in 1065ms,E104,Transaction {tx} completed in {time}ms
439,2026-01-10,06:48:51,INFO,WebServer,Health check passed: WebServer,E102,Health check passed: {service}
440,2026-01-10,06:45:16,INFO,WebServer,Page view: /home by u1788,E103,Page view: {page} by {user}
441,2026-01-10,06:29:47,INFO,WebServer,Health check passed: WebServer,E102,Health check passed: {service}
442,2026-01-10,06:35:44,INFO,WebServer,Transaction tx160756 completed in 946ms,E104,Transaction {tx} completed in {time}ms
443,2026-01-10,06:45:19,INFO,WebServer,Transaction tx272899 completed in 1542ms,E104,Transaction {tx} completed in {time}ms
444,2026-01-10,06:04:38,INFO,OrderProcessor,Transaction tx713419 completed in 110ms,E104,Transaction {tx} completed in {time}ms
445,2026-01-10,06:14:00,INFO,WebServer,User u1060 login successful,E101,User {user} login successful
446,2026-01-10,06:50:39,INFO,AuthService,Transaction tx205997 completed in 41ms,E104,Transaction {tx} completed in {time}ms
447,2026-01-10,06:46:47,INFO,AuthService,User u4692 login successful,E101,User {user} login successful
448,2026-01-10,06:36:08,WARN,OrderProcessor,High latency (498ms) detected on OrderProcessor,E201,High latency ({time}ms) detected on {service}
449,2026-01-10,06:18:06,INFO,WebServer,Page view: /home by u1592,E103,Page view: {page} by {user}
450,2026-01-10,06:39:07,WARN,WebServer,Disk usage > 85% on node node-5,E202,Disk usage > 85% on node {node}
451,2026-01-10,06:32:37,INFO,AuthService,User u3275 login successful,E101,User {user} login successful
452,2026-01-10,06:17:43,INFO,WebServer,Health check passed: WebServer,E102,Health check passed: {service}
453,2026-01-10,06:26:55,INFO,AuthService,Health check passed: AuthService,E102,Health check passed: {service}
454,2026-01-10,06:56:58,INFO,AuthService,Transaction tx509580 completed in 1364ms,E104,Transaction {tx} completed in {time}ms
455,2026-01-10,06:14:29,INFO,WebServer,Health check passed: WebServer,E102,Health check passed: {service}
456,2026-01-10,06:05:23,INFO,WebServer,Health check passed: WebServer,E102,Health check passed: {service}
457,2026-01-10,06:18:10,INFO,WebServer,Transaction tx101148 completed in 462ms,E104,Transaction {tx} completed in {time}ms
458,2026-01-10,06:55:28,INFO,WebServer,Health check passed: WebServer,E102,Health check passed: {service}
459,2026-01-10,06:11:46,INFO,WebServer,User u2799 login successful,E101,User {user} login successful
460,2026-01-10,06:16:51,INFO,AuthService,Transaction tx729233 completed in 1851ms,E104,Transaction {tx} completed in {time}ms
461,2026-01-10,06:27:56,INFO,WebServer,Health check passed: WebServer,E102,Health check passed: {service}
462,2026-01-10,06:29:34,INFO,AuthService,Transaction tx344392 completed in 1829ms,E104,Transaction {tx} completed in {time}ms
463,2026-01-10,06:54:51,INFO,OrderProcessor,Health check passed: OrderProcessor,E102,Health check passed: {service}
464,2026-01-10,06:17:54,INFO,WebServer,Page view: /home by u4229,E103,Page view: {page} by {user}
465,2026-01-10,06:00:16,INFO,WebServer,Health check passed: WebServer,E102,Health check passed: {service}
466,2026-01-10,06:25:02,INFO,WebServer,Transaction tx726295 completed in 963ms,E104,Transaction {tx} completed in {time}ms
467,2026-01-10,06:45:34,INFO,WebServer,Health check passed: WebServer,E102,Health check passed: {service}
468,2026-01-10,06:10:47,INFO,AuthService,User u4048 login successful,E101,User {user} login successful
469,2026-01-10,06:14:13,INFO,OrderProcessor,User u4130 login successful,E101,User {user} login successful
470,2026-01-10,06:46:45,INFO,WebServer,Health check passed: WebServer,E102,Health check passed: {service}
471,2026-01-10,06:59:53,INFO,WebServer,Health check passed: WebServer,E102,Health check passed: {service}
472,2026-01-10,06:46:28,INFO,InventoryDB,Page view: /home by u3837,E103,Page view: {page} by {user}
473,2026-01-10,06:48:43,INFO,WebServer,Health check passed: WebServer,E102,Health check passed: {service}
474,2026-01-10,06:01:51,INFO,WebServer,Transaction tx946067 completed in 1633ms,E104,Transaction {tx} completed in {time}ms
475,2026-01-10,06:52:12,INFO,AuthService,Page view: /home by u1392,E103,Page view: {page} by {user}
476,2026-01-10,06:52:10,INFO,AuthService,Page view: /home by u3502,E103,Page view: {page} by {user}
477,2026-01-10,06:49:15,INFO,WebServer,User u1783 login successful,E101,User {user} login successful
478,2026-01-10,06:36:00,INFO,WebServer,User u2510 login successful,E101,User {user} login successful
479,2026-01-10,06:51:00,INFO,AuthService,User u1058 login successful,E101,User {user} login successful
480,2026-01-10,06:15:38,INFO,InventoryDB,User u1949 login successful,E101,User {user} login successful
481,2026-01-10,06:35:04,INFO,OrderProcessor,Page view: /home by u4393,E103,Page view: {page} by {user}
482,2026-01-10,06:43:30,INFO,AuthService,User u2677 login successful,E101,User {user} login successful
483,2026-01-10,06:25:25,INFO,AuthService,Transaction tx679192 completed in 898ms,E104,Transaction {tx} completed in {time}ms
484,2026-01-10,06:26:10,INFO,AuthService,Health check passed: AuthService,E102,Health check passed: {service}
485,2026-01-10,06:24:25,INFO,OrderProcessor,Page view: /home by u3734,E103,Page view: {page} by {user}
486,2026-01-10,06:56:03,INFO,OrderProcessor,Transaction tx544942 completed in 1801ms,E104,Transaction {tx} completed in {time}ms
487,2026-01-10,06:09:44,INFO,OrderProcessor,Health check passed: OrderProcessor,E102,Health check passed: {service}
488,2026-01-10,06:10:04,INFO,PaymentGateway,User u3232 login successful,E101,User {user} login successful
489,2026-01-10,06:06:37,INFO,AuthService,Transaction tx392954 completed in 148ms,E104,Transaction {tx} completed in {time}ms
490,2026-01-10,06:25:23,INFO,WebServer,User u4538 login successful,E101,User {user} login successful
491,2026-01-10,06:26:57,INFO,OrderProcessor,Page view: /home by u3600,E103,Page view: {page} by {user}
492,2026-01-10,06:32:56,INFO,AuthService,User u3235 login successful,E101,User {user} login successful
493,2026-01-10,06:45:40,INFO,WebServer,Transaction tx554027 completed in 1237ms,E104,Transaction {tx} completed in {time}ms
494,2026-01-10,06:37:07,INFO,WebServer,Page view: /home by u2859,E103,Page view: {page} by {user}
495,2026-01-10,06:17:38,WARN,PaymentGateway,Unauthorized access attempt from 10.0.0.45,E401,Unauthorized access attempt from {ip}
496,2026-01-10,06:12:20,INFO,AuthService,Page view: /home by u1747,E103,Page view: {page} by {user}
497,2026-01-10,06:07:55,INFO,WebServer,Health check passed: WebServer,E102,Health check passed: {service}
498,2026-01-10,06:29:52,INFO,WebServer,Health check passed: WebServer,E102,Health check passed: {service}
499,2026-01-10,06:41:11,INFO,WebServer,Health check passed: WebServer,E102,Health check passed: {service}
500,2026-01-10,06:32:54,INFO,PaymentGateway,User u3933 login successful,E101,User {user} login successful
501,2026-01-10,06:07:42,INFO,PaymentGateway,Health check passed: PaymentGateway,E102,Health check passed: {service}
502,2026-01-10,06:15:06,INFO,PaymentGateway,User u3793 login successful,E101,User {user} login successful
503,2026-01-10,06:23:07,INFO,WebServer,User u4129 login successful,E101,User {user} login successful
504,2026-01-10,06:39:12,INFO,AuthService,Page view: /home by u2289,E103,Page view: {page} by {user}
505,2026-01-10,06:01:44,INFO,WebServer,Transaction tx841563 completed in 521ms,E104,Transaction {tx} completed in {time}ms
506,2026-01-10,06:46:51,INFO,WebServer,Page view: /home by u4995,E103,Page view: {page} by {user}
507,2026-01-10,06:49:31,INFO,OrderProcessor,Transaction tx797617 completed in 1636ms,E104,Transaction {tx} completed in {time}ms
508,2026-01-10,06:49:50,INFO,AuthService,Transaction tx168817 completed in 1757ms,E104,Transaction {tx} completed in {time}ms
509,2026-01-10,06:12:44,INFO,WebServer,User u1465 login successful,E101,User {user} login successful
510,2026-01-10,06:23:06,WARN,WebServer,Unauthorized access attempt from 10.0.0.12,E401,Unauthorized access attempt from {ip}
511,2026-01-10,06:33:06,INFO,WebServer,User u1584 login successful,E101,User {user} login successful
512,2026-01-10,06:47:21,WARN,WebServer,Unauthorized access attempt from 10.0.0.45,E401,Unauthorized access attempt from {ip}
513,2026-01-10,06:35:14,INFO,InventoryDB,Page view: /home by u2071,E103,Page view: {page} by {user}
514,2026-01-10,06:28:07,INFO,WebServer,Health check passed: WebServer,E102,Health check passed: {service}
515,2026-01-10,06:33:18,INFO,WebServer,Transaction tx691417 completed in 360ms,E104,Transaction {tx} completed in {time}ms
516,2026-01-10,06:49:18,INFO,PaymentGateway,User u2605 login successful,E101,User {user} login successful
517,2026-01-10,06:18:49,INFO,OrderProcessor,Health check passed: OrderProcessor,E102,Health check passed: {service}
518,2026-01-10,06:20:12,INFO,WebServer,Transaction tx702641 completed in 81ms,E104,Transaction {tx} completed in {time}ms
519,2026-01-10,06:20:15,INFO,AuthService,Page view: /home by u2417,E103,Page view: {page} by {user}
520,2026-01-10,06:45:01,INFO,PaymentGateway,User u4941 login successful,E101,User {user} login successful
521,2026-01-10,06:49:13,INFO,WebServer,Transaction tx374979 completed in 537ms,E104,Transaction {tx} completed in {time}ms
522,2026-01-10,06:04:36,INFO,PaymentGateway,User u1523 login successful,E101,User {user} login successful
523,2026-01-10,06:13:02,INFO,InventoryDB,User u3803 login successful,E101,User {user} login successful
524,2026-01-10,06:31:52,INFO,WebServer,Transaction tx158230 completed in 1686ms,E104,Transaction {tx} completed in {time}ms
525,2026-01-10,06:34:42,INFO,AuthService,User u3218 login successful,E101,User {user} login successful
526,2026-01-10,06:27:43,INFO,PaymentGateway,Health check passed: PaymentGateway,E102,Health check passed: {service}
527,2026-01-10,06:23:21,INFO,PaymentGateway,User u4415 login successful,E101,User {user} login successful
528,2026-01-10,06:13:12,INFO,AuthService,Transaction tx353325 completed in 1293ms,E104,Transaction {tx} completed in {time}ms
529,2026-01-10,06:49:10,INFO,PaymentGateway,Transaction tx457488 completed in 965ms,E104,Transaction {tx} completed in {time}ms
530,2026-01-10,06:00:55,INFO,InventoryDB,Transaction tx410655 completed in 1901ms,E104,Transaction {tx} completed in {time}ms
531,2026-01-10,06:53:27,INFO,AuthService,Health check passed: AuthService,E102,Health check passed: {service}
532,2026-01-10,06:05:49,INFO,OrderProcessor,User u4652 login successful,E101,User {user} login successful
533,2026-01-10,06:06:03,INFO,AuthService,User u3421 login successful,E101,User {user} login successful
534,2026-01-10,06:44:43,INFO,WebServer,Page view: /home by u3909,E103,Page view: {page} by {user}
535,2026-01-10,06:16:59,INFO,WebServer,Health check passed: WebServer,E102,Health check passed: {service}
536,2026-01-10,06:36:29,INFO,AuthService,Page view: /home by u4607,E103,Page view: {page} by {user}
537,2026-01-10,06:01:51,INFO,AuthService,Health check passed: AuthService,E102,Health check passed: {service}
538,2026-01-10,06:04:13,INFO,WebServer,User u1456 login successful,E101,User {user} login successful
539,2026-01-10,06:13:32,INFO,WebServer,User u4047 login successful,E101,User {user} login successful
540,2026-01-10,06:49:52,INFO,AuthService,Transaction tx388059 completed in 37ms,E104,Transaction {tx} completed in {time}ms
541,2026-01-10,06:12:16,INFO,AuthService,Health check passed: AuthService,E102,Health check passed: {service}
542,2026-01-10,06:13:45,INFO,WebServer,Page view: /home by u4008,E103,Page view: {page} by {user}
543,2026-01-10,06:07:51,INFO,WebServer,Transaction tx939679 completed in 912ms,E104,Transaction {tx} completed in {time}ms
544,2026-01-10,06:26:39,INFO,WebServer,User u4377 login successful,E101,User {user} login successful
545,2026-01-10,06:27:02,INFO,WebServer,Health check passed: WebServer,E102,Health check passed: {service}
546,2026-01-10,06:04:30,INFO,InventoryDB,Page view: /home by u2079,E103,Page view: {page} by {user}
547,2026-01-10,06:06:26,INFO,PaymentGateway,Health check passed: PaymentGateway,E102,Health check passed: {service}
548,2026-01-10,06:23:13,INFO,OrderProcessor,Health check passed: OrderProcessor,E102,Health check passed: {service}
549,2026-01-10,06:03:28,INFO,OrderProcessor,Health check passed: OrderProcessor,E102,Health check passed: {service}
550,2026-01-10,06:10:33,INFO,WebServer,User u4763 login successful,E101,User {user} login successful
551,2026-01-10,06:10:59,INFO,WebServer,Transaction tx601399 completed in 1825ms,E104,Transaction {tx} completed in {time}ms
552,2026-01-10,06:34:48,INFO,AuthService,User u1095 login successful,E101,User {user} login successful
553,2026-01-10,06:41:01,INFO,WebServer,Transaction tx730466 completed in 268ms,E104,Transaction {tx} completed in {time}ms
554,2026-01-10,06:16:10,INFO,WebServer,Page view: /home by u3287,E103,Page view: {page} by {user}
555,2026-01-10,06:12:54,INFO,PaymentGateway,Health check passed: PaymentGateway,E102,Health check passed: {service}
556,2026-01-10,06:39:24,INFO,AuthService,User u4496 login successful,E101,User {user} login successful
557,2026-01-10,06:06:00,WARN,PaymentGateway,Unauthorized access attempt from 10.0.0.88,E401,Unauthorized access attempt from {ip}
558,2026-01-10,06:47:26,INFO,WebServer,Transaction tx655021 completed in 826ms,E104,Transaction {tx} completed in {time}ms
559,2026-01-10,06:47:05,INFO,InventoryDB,User u4208 login successful,E101,User {user} login successful
560,2026-01-10,06:25:37,INFO,WebServer,User u4862 login successful,E101,User {user} login successful
561,2026-01-10,06:26:32,INFO,PaymentGateway,Page view: /home by u2694,E103,Page view: {page} by {user}
562,2026-01-10,06:28:07,INFO,WebServer,Health check passed: WebServer,E102,Health check passed: {service}
563,2026-01-10,06:35:20,INFO,WebServer,Page view: /home by u4238,E103,Page view: {page} by {user}
564,2026-01-10,06:55:38,INFO,AuthService,Transaction tx828388 completed in 1543ms,E104,Transaction {tx} completed in {time}ms
565,2026-01-10,06:21:55,INFO,AuthService,Transaction tx137137 completed in 1933ms,E104,Transaction {tx} completed in {time}ms
566,2026-01-10,06:31:19,INFO,AuthService,Health check passed: AuthService,E102,Health check passed: {service}
567,2026-01-10,06:22:46,INFO,AuthService,Page view: /home by u3819,E103,Page view: {page} by {user}
568,2026-01-10,06:58:50,INFO,AuthService,Transaction tx877519 completed in 45ms,E104,Transaction {tx} completed in {time}ms
569,2026-01-10,06:45:46,INFO,WebServer,Health check passed: WebServer,E102,Health check passed: {service}
570,2026-01-10,06:16:54,INFO,AuthService,Transaction tx265890 completed in 1525ms,E104,Transaction {tx} completed in {time}ms
571,2026-01-10,06:27:53,INFO,WebServer,User u1266 login successful,E101,User {user} login successful
572,2026-01-10,06:57:06,INFO,AuthService,Page view: /home by u3274,E103,Page view: {page} by {user}
573,2026-01-10,06:12:12,INFO,WebServer,Transaction tx643290 completed in 1039ms,E104,Transaction {tx} completed in {time}ms
574,2026-01-10,06:03:12,INFO,AuthService,User u4831 login successful,E101,User {user} login successful
575,2026-01-10,06:55:28,INFO,WebServer,Transaction tx589226 completed in 1581ms,E104,Transaction {tx} completed in {time}ms
576,2026-01-10,06:20:35,INFO,AuthService,Transaction tx351592 completed in 950ms,E104,Transaction {tx} completed in {time}ms
577,2026-01-10,06:18:56,INFO,PaymentGateway,Page view: /home by u1953,E103,Page view: {page} by {user}
578,2026-01-10,06:29:46,INFO,WebServer,User u1214 login successful,E101,User {user} login successful
579,2026-01-10,06:09:06,INFO,WebServer,User u1509 login successful,E101,User {user} login successful
580,2026-01-10,06:23:50,INFO,OrderProcessor,Page view: /home by u3699,E103,Page view: {page} by {user}
581,2026-01-10,06:51:33,INFO,WebServer,User u4578 login successful,E101,User {user} login successful
582,2026-01-10,06:47:23,INFO,AuthService,Transaction tx738683 completed in 360ms,E104,Transaction {tx} completed in {time}ms
583,2026-01-10,06:29:19,INFO,WebServer,Transaction tx776180 completed in 467ms,E104,Transaction {tx} completed in {time}ms
584,2026-01-10,06:13:01,INFO,AuthService,Health check passed: AuthService,E102,Health check passed: {service}
585,2026-01-10,06:08:19,INFO,AuthService,Page view: /home by u3041,E103,Page view: {page} by {user}
586,2026-01-10,06:18:05,INFO,WebServer,Transaction tx681803 completed in 93ms,E104,Transaction {tx} completed in {time}ms
587,2026-01-10,06:32:32,INFO,AuthService,User u3848 login successful,E101,User {user} login successful
588,2026-01-10,06:03:40,INFO,AuthService,Page view: /home by u4327,E103,Page view: {page} by {user}
589,2026-01-10,06:32:03,INFO,AuthService,Page view: /home by u2092,E103,Page view: {page} by {user}
590,2026-01-10,06:28:30,INFO,WebServer,User u2048 login successful,E101,User {user} login successful
591,2026-01-10,06:26:42,INFO,WebServer,Health check passed: WebServer,E102,Health check passed: {service}
592,2026-01-10,06:36:47,INFO,WebServer,Transaction tx785777 completed in 433ms,E104,Transaction {tx} completed in {time}ms
593,2026-01-10,06:36:45,WARN,WebServer,High latency (1493ms) detected on WebServer,E201,High latency ({time}ms) detected on {service}
594,2026-01-10,06:35:27,INFO,WebServer,Page view: /home by u2422,E103,Page view: {page} by {user}
595,2026-01-10,06:57:22,INFO,PaymentGateway,Page view: /home by u1300,E103,Page view: {page} by {user}
596,2026-01-10,06:27:43,INFO,WebServer,Page view: /home by u1694,E103,Page view: {page} by {user}
597,2026-01-10,06:19:45,WARN,WebServer,Unauthorized access attempt from 10.0.0.45,E401,Unauthorized access attempt from {ip}
598,2026-01-10,06:05:52,INFO,WebServer,User u3683 login successful,E101,User {user} login successful
599,2026-01-10,06:44:45,INFO,InventoryDB,Page view: /home by u4510,E103,Page view: {page} by {user}
600,2026-01-10,06:29:40,INFO,WebServer,User u1447 login successful,E101,User {user} login successful
601,2026-01-10,06:59:17,INFO,OrderProcessor,Page view: /home by u2034,E103,Page view: {page} by {user}
602,2026-01-10,06:51:12,INFO,OrderProcessor,User u2235 login successful,E101,User {user} login successful
603,2026-01-10,06:23:40,INFO,AuthService,Health check passed: AuthService,E102,Health check passed: {service}
604,2026-01-10,06:55:18,INFO,AuthService,Transaction tx590323 completed in 1609ms,E104,Transaction {tx} completed in {time}ms
605,2026-01-10,06:37:58,INFO,OrderProcessor,User u3052 login successful,E101,User {user} login successful
606,2026-01-10,06:37:03,INFO,WebServer,User u3320 login successful,E101,User {user} login successful
607,2026-01-10,06:18:19,INFO,WebServer,User u4833 login successful,E101,User {user} login successful
608,2026-01-10,06:17:36,WARN,WebServer,Disk usage > 85% on node node-2,E202,Disk usage > 85% on node {node}
609,2026-01-10,06:19:47,INFO,OrderProcessor,Health check passed: OrderProcessor,E102,Health check passed: {service}
610,2026-01-10,06:27:53,INFO,AuthService,Transaction tx624296 completed in 1223ms,E104,Transaction {tx} completed in {time}ms
611,2026-01-10,06:47:20,INFO,AuthService,Page view: /home by u1125,E103,Page view: {page} by {user}
612,2026-01-10,06:20:23,INFO,OrderProcessor,Page view: /home by u3767,E103,Page view: {page} by {user}
613,2026-01-10,06:24:29,INFO,AuthService,Page view: /home by u4773,E103,Page view: {page} by {user}
614,2026-01-10,06:56:04,WARN,AuthService,Unauthorized access attempt from 10.0.0.45,E401,Unauthorized access attempt from {ip}
615,2026-01-10,06:40:05,INFO,OrderProcessor,Page view: /home by u1706,E103,Page view: {page} by {user}
616,2026-01-10,06:22:05,INFO,WebServer,Page view: /home by u2680,E103,Page view: {page} by {user}
617,2026-01-10,06:04:51,INFO,AuthService,User u1911 login successful,E101,User {user} login successful
618,2026-01-10,06:12:47,INFO,OrderProcessor,User u4732 login successful,E101,User {user} login successful
619,2026-01-10,06:13:30,INFO,WebServer,Health check passed: WebServer,E102,Health check passed: {service}
620,2026-01-10,06:21:35,INFO,AuthService,Health check passed: AuthService,E102,Health check passed: {service}
621,2026-01-10,06:24:38,INFO,OrderProcessor,Health check passed: OrderProcessor,E102,Health check passed: {service}
622,2026-01-10,06:12:49,ERROR,WebServer,Payment declined: Gateway unavailable,E503,Payment declined: Gateway unavailable
623,2026-01-10,06:47:26,INFO,WebServer,Health check passed: WebServer,E102,Health check passed: {service}
624,2026-01-10,06:13:44,INFO,AuthService,User u4828 login successful,E101,User {user} login successful
625,2026-01-10,06:13:55,INFO,OrderProcessor,Transaction tx279667 completed in 1059ms,E104,Transaction {tx} completed in {time}ms
626,2026-01-10,06:46:10,INFO,WebServer,Page view: /home by u4284,E103,Page view: {page} by {user}
627,2026-01-10,06:15:16,INFO,OrderProcessor,User u3760 login successful,E101,User {user} login successful
628,2026-01-10,06:52:00,INFO,WebServer,Page view: /home by u4784,E103,Page view: {page} by {user}
629,2026-01-10,06:27:54,INFO,PaymentGateway,Transaction tx247411 completed in 1588ms,E104,Transaction {tx} completed in {time}ms
630,2026-01-10,06:57:58,WARN,AuthService,Disk usage > 85% on node node-3,E202,Disk usage > 85% on node {node}
631,2026-01-10,06:08:03,INFO,OrderProcessor,Health check passed: OrderProcessor,E102,Health check passed: {service}
632,2026-01-10,06:44:12,INFO,WebServer,Page view: /home by u3096,E103,Page view: {page} by {user}
633,2026-01-10,06:28:28,INFO,AuthService,User u4272 login successful,E101,User {user} login successful
634,2026-01-10,06:18:02,INFO,InventoryDB,Health check passed: InventoryDB,E102,Health check passed: {service}
635,2026-01-10,06:44:40,INFO,AuthService,Page view: /home by u4887,E103,Page view: {page} by {user}
636,2026-01-10,06:36:57,INFO,OrderProcessor,Transaction tx607469 completed in 1954ms,E104,Transaction {tx} completed in {time}ms
637,2026-01-10,06:59:51,WARN,WebServer,Disk usage > 85% on node node-3,E202,Disk usage > 85% on node {node}
638,2026-01-10,06:41:53,INFO,AuthService,Page view: /home by u2278,E103,Page view: {page} by {user}
639,2026-01-10,06:42:55,INFO,OrderProcessor,Transaction tx131698 completed in 1385ms,E104,Transaction {tx} completed in {time}ms
640,2026-01-10,06:11:47,INFO,AuthService,Transaction tx742771 completed in 1911ms,E104,Transaction {tx} completed in {time}ms
641,2026-01-10,06:30:17,INFO,WebServer,Page view: /home by u3434,E103,Page view: {page} by {user}
642,2026-01-10,06:41:31,INFO,WebServer,Page view: /home by u3079,E103,Page view: {page} by {user}
643,2026-01-10,06:32:05,INFO,WebServer,Transaction tx189059 completed in 497ms,E104,Transaction {tx} completed in {time}ms
644,2026-01-10,06:37:43,INFO,WebServer,Page view: /home by u4499,E103,Page view: {page} by {user}
645,2026-01-10,06:16:57,INFO,AuthService,Transaction tx826014 completed in 1169ms,E104,Transaction {tx} completed in {time}ms
646,2026-01-10,06:15:46,INFO,OrderProcessor,User u2431 login successful,E101,User {user} login successful
647,2026-01-10,06:26:56,INFO,WebServer,User u4720 login successful,E101,User {user} login successful
648,2026-01-10,06:44:26,WARN,AuthService,High latency (956ms) detected on AuthService,E201,High latency ({time}ms) detected on {service}
649,2026-01-10,06:16:32,WARN,PaymentGateway,High latency (987ms) detected on PaymentGateway,E201,High latency ({time}ms) detected on {service}
650,2026-01-10,06:15:06,INFO,OrderProcessor,Health check passed: OrderProcessor,E102,Health check passed: {service}
651,2026-01-10,06:04:16,INFO,InventoryDB,Page view: /home by u4109,E103,Page view: {page} by {user}
652,2026-01-10,06:51:10,INFO,OrderProcessor,User u1716 login successful,E101,User {user} login successful
653,2026-01-10,06:40:49,INFO,AuthService,User u1901 login successful,E101,User {user} login successful
654,2026-01-10,06:55:14,ERROR,AuthService,Timeout waiting for lock on InventoryDB,E502,Timeout waiting for lock on {db}
655,2026-01-10,06:22:00,WARN,WebServer,Unauthorized access attempt from 10.0.0.45,E401,Unauthorized access attempt from {ip}
656,2026-01-10,06:27:00,INFO,WebServer,Health check passed: WebServer,E102,Health check passed: {service}
657,2026-01-10,06:47:43,INFO,WebServer,Page view: /home by u2720,E103,Page view: {page} by {user}
658,2026-01-10,06:46:37,INFO,WebServer,Health check passed: WebServer,E102,Health check passed: {service}
659,2026-01-10,06:49:10,INFO,OrderProcessor,Page view: /home by u3407,E103,Page view: {page} by {user}
660,2026-01-10,06:37:29,INFO,AuthService,Transaction tx781484 completed in 22ms,E104,Transaction {tx} completed in {time}ms
661,2026-01-10,06:55:31,INFO,WebServer,Page view: /home by u4628,E103,Page view: {page} by {user}
662,2026-01-10,06:27:58,INFO,WebServer,Page view: /home by u3327,E103,Page view: {page} by {user}
663,2026-01-10,06:36:48,INFO,PaymentGateway,Health check passed: PaymentGateway,E102,Health check passed: {service}
664,2026-01-10,06:31:46,INFO,AuthService,Transaction tx725873 completed in 1823ms,E104,Transaction {tx} completed in {time}ms
665,2026-01-10,06:14:19,INFO,WebServer,Transaction tx202958 completed in 1265ms,E104,Transaction {tx} completed in {time}ms
666,2026-01-10,06:09:30,INFO,OrderProcessor,Page view: /home by u4628,E103,Page view: {page} by {user}
667,2026-01-10,06:06:10,INFO,WebServer,User u4293 login successful,E101,User {user} login successful
668,2026-01-10,06:40:13,INFO,AuthService,Health check passed: AuthService,E102,Health check passed: {service}
669,2026-01-10,06:20:34,INFO,OrderProcessor,Transaction tx488925 completed in 278ms,E104,Transaction {tx} completed in {time}ms
670,2026-01-10,06:20:30,INFO,AuthService,Page view: /home by u2188,E103,Page view: {page} by {user}
671,2026-01-10,06:53:13,INFO,OrderProcessor,Page view: /home by u1099,E103,Page view: {page} by {user}
672,2026-01-10,06:32:09,INFO,WebServer,User u1190 login successful,E101,User {user} login successful
673,2026-01-10,06:45:04,INFO,WebServer,Transaction tx265596 completed in 65ms,E104,Transaction {tx} completed in {time}ms
674,2026-01-10,06:17:28,WARN,AuthService,Unauthorized access attempt from 10.0.0.45,E401,Unauthorized access attempt from {ip}
675,2026-01-10,06:21:44,INFO,WebServer,Transaction tx433900 completed in 613ms,E104,Transaction {tx} completed in {time}ms
676,2026-01-10,06:07:56,INFO,WebServer,Health check passed: WebServer,E102,Health check passed: {service}
677,2026-01-10,06:48:21,INFO,WebServer,Page view: /home by u4770,E103,Page view: {page} by {user}
678,2026-01-10,06:39:14,INFO,WebServer,User u3841 login successful,E101,User {user} login successful
679,2026-01-10,06:26:53,INFO,WebServer,Page view: /home by u3276,E103,Page view: {page} by {user}
680,2026-01-10,06:51:34,INFO,InventoryDB,Page view: /home by u3530,E103,Page view: {page} by {user}
681,2026-01-10,06:13:06,INFO,WebServer,User u1700 login successful,E101,User {user} login successful
682,2026-01-10,06:57:28,WARN,OrderProcessor,Unauthorized access attempt from 10.0.0.12,E401,Unauthorized access attempt from {ip}
683,2026-01-10,06:48:41,INFO,WebServer,User u1604 login successful,E101,User {user} login successful
684,2026-01-10,06:38:19,WARN,WebServer,Unauthorized access attempt from 10.0.0.45,E401,Unauthorized access attempt from {ip}
685,2026-01-10,06:21:41,INFO,AuthService,Page view: /home by u1726,E103,Page view: {page} by {user}
686,2026-01-10,06:46:54,INFO,PaymentGateway,Health check passed: PaymentGateway,E102,Health check passed: {service}
687,2026-01-10,06:56:01,INFO,OrderProcessor,User u3680 login successful,E101,User {user} login successful
688,2026-01-10,06:21:48,INFO,WebServer,Transaction tx407608 completed in 1100ms,E104,Transaction {tx} completed in {time}ms
689,2026-01-10,06:42:01,INFO,WebServer,Transaction tx771713 completed in 1222ms,E104,Transaction {tx} completed in {time}ms
690,2026-01-10,06:18:42,INFO,OrderProcessor,Health check passed: OrderProcessor,E102,Health check passed: {service}
691,2026-01-10,06:12:06,INFO,WebServer,Health check passed: WebServer,E102,Health check passed: {service}
692,2026-01-10,06:34:04,INFO,WebServer,Transaction tx187289 completed in 1078ms,E104,Transaction {tx} completed in {time}ms
693,2026-01-10,06:24:25,INFO,WebServer,User u2908 login successful,E101,User {user} login successful
694,2026-01-10,06:56:52,INFO,WebServer,Health check passed: WebServer,E102,Health check passed: {service}
695,2026-01-10,06:09:24,INFO,AuthService,Transaction tx401024 completed in 1280ms,E104,Transaction {tx} completed in {time}ms
696,2026-01-10,06:01:17,INFO,WebServer,Transaction tx202348 completed in 1463ms,E104,Transaction {tx} completed in {time}ms
697,2026-01-10,06:23:13,INFO,OrderProcessor,User u2501 login successful,E101,User {user} login successful
698,2026-01-10,06:44:31,INFO,AuthService,Page view: /home by u1095,E103,Page view: {page} by {user}
699,2026-01-10,06:11:54,INFO,WebServer,Health check passed: WebServer,E102,Health check passed: {service}
700,2026-01-10,06:43:17,INFO,PaymentGateway,Page view: /home by u1716,E103,Page view: {page} by {user}
701,2026-01-10,06:52:56,INFO,AuthService,Page view: /home by u4409,E103,Page view: {page} by {user}
702,2026-01-10,06:14:10,INFO,AuthService,Transaction tx715626 completed in 384ms,E104,Transaction {tx} completed in {time}ms
703,2026-01-10,06:02:32,INFO,WebServer,Page view: /home by u2682,E103,Page view: {page} by {user}
704,2026-01-10,06:21:11,INFO,AuthService,Transaction tx763329 completed in 233ms,E104,Transaction {tx} completed in {time}ms
705,2026-01-10,06:04:04,INFO,PaymentGateway,Health check passed: PaymentGateway,E102,Health check passed: {service}
706,2026-01-10,06:48:34,INFO,InventoryDB,Transaction tx484831 completed in 1165ms,E104,Transaction {tx} completed in {time}ms
707,2026-01-10,06:11:22,INFO,AuthService,Page view: /home by u2464,E103,Page view: {page} by {user}
708,2026-01-10,06:29:46,INFO,OrderProcessor,User u3807 login successful,E101,User {user} login successful
709,2026-01-10,06:58:51,INFO,WebServer,Health check passed: WebServer,E102,Health check passed: {service}
710,2026-01-10,06:27:35,INFO,WebServer,Health check passed: WebServer,E102,Health check passed: {service}
711,2026-01-10,06:53:35,INFO,AuthService,User u2273 login successful,E101,User {user} login successful
712,2026-01-10,06:31:26,INFO,WebServer,User u2854 login successful,E101,User {user} login successful
713,2026-01-10,06:30:32,INFO,AuthService,Health check passed: AuthService,E102,Health check passed: {service}
714,2026-01-10,06:44:02,INFO,WebServer,Health check passed: WebServer,E102,Health check passed: {service}
715,2026-01-10,06:23:27,INFO,WebServer,Transaction tx358454 completed in 859ms,E104,Transaction {tx} completed in {time}ms
716,2026-01-10,06:16:49,INFO,PaymentGateway,User u3450 login successful,E101,User {user} login successful
717,2026-01-10,06:10:48,INFO,InventoryDB,Health check passed: InventoryDB,E102,Health check passed: {service}
718,2026-01-10,06:28:45,INFO,AuthService,Page view: /home by u4572,E103,Page view: {page} by {user}
719,2026-01-10,06:51:29,INFO,InventoryDB,Health check passed: InventoryDB,E102,Health check passed: {service}
720,2026-01-10,06:16:19,INFO,WebServer,User u2740 login successful,E101,User {user} login successful
721,2026-01-10,06:14:30,WARN,PaymentGateway,Disk usage > 85% on node node-2,E202,Disk usage > 85% on node {node}
722,2026-01-10,06:25:40,INFO,WebServer,Health check passed: WebServer,E102,Health check passed: {service}
723,2026-01-10,06:58:57,INFO,WebServer,User u4366 login successful,E101,User {user} login successful
724,2026-01-10,06:57:30,INFO,WebServer,Transaction tx741901 completed in 130ms,E104,Transaction {tx} completed in {time}ms
725,2026-01-10,06:52:04,INFO,AuthService,Health check passed: AuthService,E102,Health check passed: {service}
726,2026-01-10,06:54:55,INFO,WebServer,Transaction tx798415 completed in 155ms,E104,Transaction {tx} completed in {time}ms
727,2026-01-10,06:12:39,INFO,PaymentGateway,Health check passed: PaymentGateway,E102,Health check passed: {service}
728,2026-01-10,06:40:05,INFO,PaymentGateway,Page view: /home by u3172,E103,Page view: {page} by {user}
729,2026-01-10,06:32:07,INFO,OrderProcessor,User u1386 login successful,E101,User {user} login successful
730,2026-01-10,06:00:01,INFO,OrderProcessor,User u4917 login successful,E101,User {user} login successful
731,2026-01-10,06:27:06,INFO,WebServer,Page view: /home by u1226,E103,Page view: {page} by {user}
732,2026-01-10,06:51:24,INFO,WebServer,Health check passed: WebServer,E102,Health check passed: {service}
733,2026-01-10,06:36:56,INFO,AuthService,User u4403 login successful,E101,User {user} login successful
734,2026-01-10,06:33:35,INFO,OrderProcessor,Page view: /home by u2920,E103,Page view: {page} by {user}
735,2026-01-10,06:31:15,INFO,WebServer,User u3681 login successful,E101,User {user} login successful
736,2026-01-10,06:07:10,INFO,AuthService,Transaction tx816853 completed in 28ms,E104,Transaction {tx} completed in {time}ms
737,2026-01-10,06:02:44,INFO,WebServer,Page view: /home by u1514,E103,Page view: {page} by {user}
738,2026-01-10,06:37:27,INFO,PaymentGateway,User u3822 login successful,E101,User {user} login successful
739,2026-01-10,06:26:50,INFO,WebServer,Health check passed: WebServer,E102,Health check passed: {service}
740,2026-01-10,06:41:43,INFO,OrderProcessor,Transaction tx161235 completed in 972ms,E104,Transaction {tx} completed in {time}ms
741,2026-01-10,06:07:27,INFO,WebServer,Transaction tx996893 completed in 512ms,E104,Transaction {tx} completed in {time}ms
742,2026-01-10,06:13:35,INFO,AuthService,User u3309 login successful,E101,User {user} login successful
743,2026-01-10,06:25:04,INFO,WebServer,User u3992 login successful,E101,User {user} login successful
744,2026-01-10,06:53:40,INFO,WebServer,Page view: /home by u2949,E103,Page view: {page} by {user}
745,2026-01-10,06:45:57,INFO,AuthService,Transaction tx211615 completed in 336ms,E104,Transaction {tx} completed in {time}ms
746,2026-01-10,06:42:16,INFO,OrderProcessor,Transaction tx375340 completed in 25ms,E104,Transaction {tx} completed in {time}ms
747,2026-01-10,06:27:57,INFO,AuthService,Health check passed: AuthService,E102,Health check passed: {service}
748,2026-01-10,06:51:55,INFO,InventoryDB,User u4558 login successful,E101,User {user} login successful
749,2026-01-10,06:58:58,INFO,WebServer,Page view: /home by u2059,E103,Page view: {page} by {user}
750,2026-01-10,06:27:23,INFO,WebServer,User u1587 login successful,E101,User {user} login successful
751,2026-01-10,06:37:54,INFO,OrderProcessor,Transaction tx324427 completed in 1924ms,E104,Transaction {tx} completed in {time}ms
752,2026-01-10,06:23:30,INFO,WebServer,User u1151 login successful,E101,User {user} login successful
753,2026-01-10,06:21:29,INFO,WebServer,User u1039 login successful,E101,User {user} login successful
754,2026-01-10,06:22:51,INFO,OrderProcessor,Page view: /home by u1917,E103,Page view: {page} by {user}
755,2026-01-10,06:53:24,INFO,AuthService,User u3222 login successful,E101,User {user} login successful
756,2026-01-10,06:46:36,INFO,PaymentGateway,Page view: /home by u1663,E103,Page view: {page} by {user}
757,2026-01-10,06:52:29,INFO,AuthService,User u4893 login successful,E101,User {user} login successful
758,2026-01-10,06:15:35,INFO,AuthService,Transaction tx791845 completed in 437ms,E104,Transaction {tx} completed in {time}ms
759,2026-01-10,06:27:29,INFO,OrderProcessor,Transaction tx833716 completed in 211ms,E104,Transaction {tx} completed in {time}ms
760,2026-01-10,06:38:18,INFO,WebServer,Transaction tx444593 completed in 281ms,E104,Transaction {tx} completed in {time}ms
761,2026-01-10,06:20:10,INFO,WebServer,Page view: /home by u3154,E103,Page view: {page} by {user}
762,2026-01-10,06:18:57,INFO,PaymentGateway,Transaction tx173965 completed in 287ms,E104,Transaction {tx} completed in {time}ms
763,2026-01-10,06:13:35,WARN,AuthService,Unauthorized access attempt from 10.0.0.88,E401,Unauthorized access attempt from {ip}
764,2026-01-10,06:41:02,INFO,PaymentGateway,User u4197 login successful,E101,User {user} login successful
765,2026-01-10,06:15:42,INFO,WebServer,Health check passed: WebServer,E102,Health check passed: {service}
766,2026-01-10,06:23:30,INFO,WebServer,Health check passed: WebServer,E102,Health check passed: {service}
767,2026-01-10,06:33:53,INFO,WebServer,Transaction tx324219 completed in 1682ms,E104,Transaction {tx} completed in {time}ms
768,2026-01-10,06:29:33,INFO,WebServer,Page view: /home by u4167,E103,Page view: {page} by {user}
769,2026-01-10,06:06:58,INFO,WebServer,Health check passed: WebServer,E102,Health check passed: {service}
770,2026-01-10,06:33:05,INFO,WebServer,Transaction tx473472 completed in 212ms,E104,Transaction {tx} completed in {time}ms
771,2026-01-10,06:10:38,INFO,AuthService,Health check passed: AuthService,E102,Health check passed: {service}
772,2026-01-10,06:02:16,INFO,WebServer,Health check passed: WebServer,E102,Health check passed: {service}
773,2026-01-10,06:31:17,INFO,AuthService,Page view: /home by u3760,E103,Page view: {page} by {user}
774,2026-01-10,06:25:30,INFO,WebServer,Health check passed: WebServer,E102,Health check passed: {service}
775,2026-01-10,06:05:52,INFO,WebServer,Transaction tx351494 completed in 1172ms,E104,Transaction {tx} completed in {time}ms
776,2026-01-10,06:35:45,INFO,OrderProcessor,Page view: /home by u4506,E103,Page view: {page} by {user}
777,2026-01-10,06:21:19,INFO,WebServer,Page view: /home by u1705,E103,Page view: {page} by {user}
778,2026-01-10,06:46:43,INFO,WebServer,Health check passed: WebServer,E102,Health check passed: {service}
779,2026-01-10,06:34:25,WARN,WebServer,Unauthorized access attempt from 10.0.0.45,E401,Unauthorized access attempt from {ip}
780,2026-01-10,06:52:13,INFO,WebServer,User u2060 login successful,E101,User {user} login successful
781,2026-01-10,06:08:24,INFO,WebServer,Health check passed: WebServer,E102,Health check passed: {service}
782,2026-01-10,06:59:14,INFO,AuthService,Transaction tx909299 completed in 766ms,E104,Transaction {tx} completed in {time}ms
783,2026-01-10,06:05:07,INFO,OrderProcessor,User u4544 login successful,E101,User {user} login successful
784,2026-01-10,06:40:26,INFO,OrderProcessor,Transaction tx749704 completed in 1303ms,E104,Transaction {tx} completed in {time}ms
785,2026-01-10,06:32:16,INFO,WebServer,Transaction tx737970 completed in 1598ms,E104,Transaction {tx} completed in {time}ms
786,2026-01-10,06:33:41,INFO,OrderProcessor,User u1677 login successful,E101,User {user} login successful
787,2026-01-10,06:12:15,INFO,WebServer,User u1362 login successful,E101,User {user} login successful
788,2026-01-10,06:50:11,INFO,WebServer,Page view: /home by u3303,E103,Page view: {page} by {user}
789,2026-01-10,06:26:22,INFO,AuthService,Transaction tx575295 completed in 1549ms,E104,Transaction {tx} completed in {time}ms
790,2026-01-10,06:24:21,INFO,WebServer,User u1953 login successful,E101,User {user} login successful
791,2026-01-10,06:32:27,INFO,AuthService,Transaction tx996663 completed in 704ms,E104,Transaction {tx} completed in {time}ms
792,2026-01-10,06:12:13,INFO,WebServer,User u2538 login successful,E101,User {user} login successful
793,2026-01-10,06:21:53,INFO,AuthService,Page view: /home by u1722,E103,Page view: {page} by {user}
794,2026-01-10,06:38:59,INFO,OrderProcessor,Page view: /home by u4625,E103,Page view: {page} by {user}
795,2026-01-10,06:55:03,INFO,WebServer,Health check passed: WebServer,E102,Health check passed: {service}
796,2026-01-10,06:52:58,INFO,WebServer,Health check passed: WebServer,E102,Health check passed: {service}
797,2026-01-10,06:38:24,INFO,WebServer,User u3338 login successful,E101,User {user} login successful
798,2026-01-10,06:12:42,INFO,AuthService,Health check passed: AuthService,E102,Health check passed: {service}
799,2026-01-10,06:27:49,WARN,WebServer,Disk usage > 85% on node node-5,E202,Disk usage > 85% on node {node}
800,2026-01-10,06:18:10,INFO,AuthService,Health check passed: AuthService,E102,Health check passed: {service}
801,2026-01-10,06:40:36,INFO,AuthService,User u1525 login successful,E101,User {user} login successful
802,2026-01-10,06:13:23,INFO,WebServer,Transaction tx497313 completed in 1088ms,E104,Transaction {tx} completed in {time}ms
803,2026-01-10,06:49:17,INFO,WebServer,User u3622 login successful,E101,User {user} login successful
804,2026-01-10,06:38:18,INFO,OrderProcessor,User u2908 login successful,E101,User {user} login successful
805,2026-01-10,06:59:43,INFO,AuthService,User u1817 login successful,E101,User {user} login successful
806,2026-01-10,06:57:05,INFO,WebServer,Page view: /home by u4522,E103,Page view: {page} by {user}
807,2026-01-10,06:42:40,INFO,WebServer,Health check passed: WebServer,E102,Health check passed: {service}
808,2026-01-10,06:39:41,INFO,OrderProcessor,Page view: /home by u1688,E103,Page view: {page} by {user}
809,2026-01-10,06:57:41,INFO,PaymentGateway,Transaction tx705573 completed in 401ms,E104,Transaction {tx} completed in {time}ms
810,2026-01-10,06:07:33,INFO,WebServer,User u1804 login successful,E101,User {user} login successful
811,2026-01-10,06:30:50,INFO,OrderProcessor,Transaction tx560939 completed in 1267ms,E104,Transaction {tx} completed in {time}ms
812,2026-01-10,06:57:00,INFO,WebServer,User u1921 login successful,E101,User {user} login successful
813,2026-01-10,06:22:04,INFO,InventoryDB,Health check passed: InventoryDB,E102,Health check passed: {service}
814,2026-01-10,06:06:24,ERROR,WebServer,Connection refused to WebServer at 10.0.0.45,E501,Connection refused to {service} at {ip}
815,2026-01-10,06:47:46,INFO,AuthService,Transaction tx314465 completed in 1436ms,E104,Transaction {tx} completed in {time}ms
816,2026-01-10,06:38:15,INFO,WebServer,Page view: /home by u4991,E103,Page view: {page} by {user}
817,2026-01-10,06:49:35,INFO,WebServer,Transaction tx729347 completed in 1004ms,E104,Transaction {tx} completed in {time}ms
818,2026-01-10,06:30:34,INFO,AuthService,Health check passed: AuthService,E102,Health check passed: {service}
819,2026-01-10,06:19:58,INFO,OrderProcessor,Health check passed: OrderProcessor,E102,Health check passed: {service}
820,2026-01-10,06:07:44,INFO,AuthService,Health check passed: AuthService,E102,Health check passed: {service}
821,2026-01-10,06:36:59,INFO,WebServer,Page view: /home by u4429,E103,Page view: {page} by {user}
822,2026-01-10,06:49:26,INFO,WebServer,Page view: /home by u2563,E103,Page view: {page} by {user}
823,2026-01-10,06:34:17,INFO,PaymentGateway,User u2642 login successful,E101,User {user} login successful
824,2026-01-10,06:50:32,INFO,OrderProcessor,User u4122 login successful,E101,User {user} login successful
825,2026-01-10,06:37:27,ERROR,AuthService,Timeout waiting for lock on InventoryDB,E502,Timeout waiting for lock on {db}
826,2026-01-10,06:38:02,INFO,OrderProcessor,Health check passed: OrderProcessor,E102,Health check passed: {service}
827,2026-01-10,06:09:49,INFO,AuthService,Transaction tx588616 completed in 371ms,E104,Transaction {tx} completed in {time}ms
828,2026-01-10,06:17:26,INFO,OrderProcessor,Page view: /home by u3256,E103,Page view: {page} by {user}
829,2026-01-10,06:47:48,INFO,AuthService,User u4907 login successful,E101,User {user} login successful
830,2026-01-10,06:59:02,INFO,WebServer,Health check passed: WebServer,E102,Health check passed: {service}
831,2026-01-10,07:13:16,INFO,WebServer,Transaction tx455983 completed in 1550ms,E104,Transaction {tx} completed in {time}ms
832,2026-01-10,07:51:24,INFO,WebServer,Health check passed: WebServer,E102,Health check passed: {service}
833,2026-01-10,07:10:36,INFO,WebServer,Transaction tx748972 completed in 242ms,E104,Transaction {tx} completed in {time}ms
834,2026-01-10,07:06:46,INFO,OrderProcessor,User u1244 login successful,E101,User {user} login successful
835,2026-01-10,07:07:16,INFO,WebServer,Transaction tx893210 completed in 192ms,E104,Transaction {tx} completed in {time}ms
836,2026-01-10,07:55:21,WARN,OrderProcessor,High latency (1026ms) detected on OrderProcessor,E201,High latency ({time}ms) detected on {service}
837,2026-01-10,07:23:37,INFO,WebServer,Health check passed: WebServer,E102,Health check passed: {service}
838,2026-01-10,07:06:08,INFO,OrderProcessor,Page view: /home by u4844,E103,Page view: {page} by {user}
839,2026-01-10,07:04:12,INFO,WebServer,User u3238 login successful,E101,User {user} login successful
840,2026-01-10,07:33:07,INFO,PaymentGateway,User u4311 login successful,E101,User {user} login successful
841,2026-01-10,07:47:36,INFO,AuthService,Health check passed: AuthService,E102,Health check passed: {service}
842,2026-01-10,07:48:59,INFO,WebServer,User u3189 login successful,E101,User {user} login successful
843,2026-01-10,07:08:03,INFO,WebServer,User u4727 login successful,E101,User {user} login successful
844,2026-01-10,07:01:17,INFO,PaymentGateway,Transaction tx899774 completed in 351ms,E104,Transaction {tx} completed in {time}ms
845,2026-01-10,07:55:34,INFO,InventoryDB,User u4239 login successful,E101,User {user} login successful
846,2026-01-10,07:45:35,INFO,AuthService,User u2536 login successful,E101,User {user} login successful
847,2026-01-10,07:04:21,INFO,OrderProcessor,Page view: /home by u4640,E103,Page view: {page} by {user}
848,2026-01-10,07:24:24,INFO,WebServer,Transaction tx586889 completed in 1920ms,E104,Transaction {tx} completed in {time}ms
849,2026-01-10,07:11:26,INFO,WebServer,User u1270 login successful,E101,User {user} login successful
850,2026-01-10,07:07:02,WARN,WebServer,Unauthorized access attempt from 10.0.0.45,E401,Unauthorized access attempt from {ip}
851,2026-01-10,07:14:20,INFO,InventoryDB,Health check passed: InventoryDB,E102,Health check passed: {service}
852,2026-01-10,07:52:51,INFO,WebServer,Transaction tx178498 completed in 501ms,E104,Transaction {tx} completed in {time}ms
853,2026-01-10,07:09:19,INFO,WebServer,Transaction tx150340 completed in 896ms,E104,Transaction {tx} completed in {time}ms
854,2026-01-10,07:38:09,INFO,WebServer,Page view: /home by u3518,E103,Page view: {page} by {user}
855,2026-01-10,07:56:38,INFO,WebServer,Transaction tx259705 completed in 1415ms,E104,Transaction {tx} completed in {time}ms
856,2026-01-10,07:30:04,INFO,WebServer,Health check passed: WebServer,E102,Health check passed: {service}
857,2026-01-10,07:30:10,INFO,AuthService,Transaction tx545146 completed in 1969ms,E104,Transaction {tx} completed in {time}ms
858,2026-01-10,07:21:36,INFO,AuthService,Page view: /home by u4873,E103,Page view: {page} by {user}
859,2026-01-10,07:49:23,INFO,WebServer,Page view: /home by u1928,E103,Page view: {page} by {user}
860,2026-01-10,07:36:14,INFO,WebServer,Transaction tx432868 completed in 128ms,E104,Transaction {tx} completed in {time}ms
861,2026-01-10,07:43:14,INFO,WebServer,Transaction tx893939 completed in 1923ms,E104,Transaction {tx} completed in {time}ms
862,2026-01-10,07:55:44,INFO,WebServer,Health check passed: WebServer,E102,Health check passed: {service}
863,2026-01-10,07:19:59,INFO,WebServer,Page view: /home by u3223,E103,Page view: {page} by {user}
864,2026-01-10,07:18:25,INFO,WebServer,Page view: /home by u2362,E103,Page view: {page} by {user}
865,2026-01-10,07:32:20,INFO,OrderProcessor,Health check passed: OrderProcessor,E102,Health check passed: {service}
866,2026-01-10,07:01:58,INFO,WebServer,Transaction tx737102 completed in 1615ms,E104,Transaction {tx} completed in {time}ms
867,2026-01-10,07:33:15,INFO,WebServer,User u4829 login successful,E101,User {user} login successful
868,2026-01-10,07:11:16,INFO,WebServer,Health check passed: WebServer,E102,Health check passed: {service}
869,2026-01-10,07:04:41,WARN,WebServer,Unauthorized access attempt from 10.0.0.45,E401,Unauthorized access attempt from {ip}
870,2026-01-10,07:10:52,INFO,WebServer,User u4297 login successful,E101,User {user} login successful
871,2026-01-10,07:38:58,INFO,WebServer,User u2587 login successful,E101,User {user} login successful
872,2026-01-10,07:11:06,WARN,WebServer,Disk usage > 85% on node node-3,E202,Disk usage > 85% on node {node}
873,2026-01-10,07:25:03,INFO,WebServer,Health check passed: WebServer,E102,Health check passed: {service}
874,2026-01-10,07:08:26,INFO,WebServer,User u2700 login successful,E101,User {user} login successful
875,2026-01-10,07:16:34,INFO,AuthService,Page view: /home by u2008,E103,Page view: {page} by {user}
876,2026-01-10,07:31:44,INFO,WebServer,User u2953 login successful,E101,User {user} login successful
877,2026-01-10,07:56:54,INFO,OrderProcessor,Health check passed: OrderProcessor,E102,Health check passed: {service}
878,2026-01-10,07:37:35,INFO,WebServer,Health check passed: WebServer,E102,Health check passed: {service}
879,2026-01-10,07:10:31,INFO,AuthService,User u2727 login successful,E101,User {user} login successful
880,2026-01-10,07:14:35,INFO,AuthService,Health check passed: AuthService,E102,Health check passed: {service}
881,2026-01-10,07:51:29,INFO,WebServer,Page view: /home by u2802,E103,Page view: {page} by {user}
882,2026-01-10,07:58:21,INFO,AuthService,Page view: /home by u2312,E103,Page view: {page} by {user}
883,2026-01-10,07:51:26,INFO,AuthService,Health check passed: AuthService,E102,Health check passed: {service}
884,2026-01-10,07:04:50,INFO,WebServer,Transaction tx117751 completed in 1293ms,E104,Transaction {tx} completed in {time}ms
885,2026-01-10,07:22:42,INFO,WebServer,Health check passed: WebServer,E102,Health check passed: {service}
886,2026-01-10,07:09:49,INFO,AuthService,Transaction tx786478 completed in 1537ms,E104,Transaction {tx} completed in {time}ms
887,2026-01-10,07:02:34,INFO,OrderProcessor,Page view: /home by u1537,E103,Page view: {page} by {user}
888,2026-01-10,07:17:36,INFO,WebServer,User u3983 login successful,E101,User {user} login successful
889,2026-01-10,07:10:55,INFO,OrderProcessor,Page view: /home by u4065,E103,Page view: {page} by {user}
890,2026-01-10,07:53:19,INFO,AuthService,User u1167 login successful,E101,User {user} login successful
891,2026-01-10,07:59:39,INFO,AuthService,Page view: /home by u1669,E103,Page view: {page} by {user}
892,2026-01-10,07:16:50,INFO,AuthService,Health check passed: AuthService,E102,Health check passed: {service}
893,2026-01-10,07:07:16,INFO,OrderProcessor,Page view: /home by u2704,E103,Page view: {page} by {user}
894,2026-01-10,07:52:57,INFO,WebServer,User u4367 login successful,E101,User {user} login successful
895,2026-01-10,07:38:20,INFO,AuthService,Page view: /home by u2275,E103,Page view: {page} by {user}
896,2026-01-10,07:49:51,INFO,WebServer,User u1816 login successful,E101,User {user} login successful
897,2026-01-10,07:55:51,INFO,WebServer,Health check passed: WebServer,E102,Health check passed: {service}
898,2026-01-10,07:08:17,INFO,PaymentGateway,User u2137 login successful,E101,User {user} login successful
899,2026-01-10,07:09:21,INFO,AuthService,Page view: /home by u1957,E103,Page view: {page} by {user}
900,2026-01-10,07:55:55,INFO,WebServer,User u4602 login successful,E101,User {user} login successful
901,2026-01-10,07:03:08,INFO,AuthService,Health check passed: AuthService,E102,Health check passed: {service}
902,2026-01-10,07:16:42,INFO,WebServer,Health check passed: WebServer,E102,Health check passed: {service}
903,2026-01-10,07:01:38,INFO,WebServer,Page view: /home by u1250,E103,Page view: {page} by {user}
904,2026-01-10,07:01:11,INFO,WebServer,User u4536 login successful,E101,User {user} login successful
905,2026-01-10,07:22:38,INFO,AuthService,Health check passed: AuthService,E102,Health check passed: {service}
906,2026-01-10,07:33:23,INFO,WebServer,Page view: /home by u2928,E103,Page view: {page} by {user}
907,2026-01-10,07:43:20,INFO,WebServer,Health check passed: WebServer,E102,Health check passed: {service}
908,2026-01-10,07:49:04,WARN,PaymentGateway,High latency (865ms) detected on PaymentGateway,E201,High latency ({time}ms) detected on {service}
909,2026-01-10,07:01:54,INFO,WebServer,Transaction tx983524 completed in 1528ms,E104,Transaction {tx} completed in {time}ms
910,2026-01-10,07:35:31,INFO,WebServer,User u4537 login successful,E101,User {user} login successful
911,2026-01-10,07:18:25,INFO,AuthService,User u2295 login successful,E101,User {user} login successful
912,2026-01-10,07:29:21,INFO,WebServer,Page view: /home by u4125,E103,Page view: {page} by {user}
913,2026-01-10,07:15:45,INFO,WebServer,Page view: /home by u1051,E103,Page view: {page} by {user}
914,2026-01-10,07:26:24,INFO,WebServer,User u3803 login successful,E101,User {user} login successful
915,2026-01-10,07:00:09,INFO,WebServer,User u1559 login successful,E101,User {user} login successful
916,2026-01-10,07:57:45,INFO,WebServer,Health check passed: WebServer,E102,Health check passed: {service}
917,2026-01-10,07:19:22,INFO,AuthService,Page view: /home by u2455,E103,Page view: {page} by {user}
918,2026-01-10,07:20:58,INFO,WebServer,Transaction tx745201 completed in 976ms,E104,Transaction {tx} completed in {time}ms
919,2026-01-10,07:11:22,INFO,WebServer,Page view: /home by u1608,E103,Page view: {page} by {user}
920,2026-01-10,07:21:22,INFO,OrderProcessor,Transaction tx543830 completed in 883ms,E104,Transaction {tx} completed in {time}ms
921,2026-01-10,07:37:22,INFO,AuthService,Transaction tx639415 completed in 1876ms,E104,Transaction {tx} completed in {time}ms
922,2026-01-10,07:06:25,INFO,OrderProcessor,Health check passed: OrderProcessor,E102,Health check passed: {service}
923,2026-01-10,07:31:45,INFO,WebServer,Transaction tx506667 completed in 734ms,E104,Transaction {tx} completed in {time}ms
924,2026-01-10,07:48:47,INFO,AuthService,User u1978 login successful,E101,User {user} login successful
925,2026-01-10,07:33:24,INFO,WebServer,Page view: /home by u2774,E103,Page view: {page} by {user}
926,2026-01-10,07:43:27,INFO,WebServer,Page view: /home by u3215,E103,Page view: {page} by {user}
927,2026-01-10,07:05:08,INFO,WebServer,User u4749 login successful,E101,User {user} login successful
928,2026-01-10,07:45:23,INFO,WebServer,Health check passed: WebServer,E102,Health check passed: {service}
929,2026-01-10,07:03:49,INFO,OrderProcessor,Health check passed: OrderProcessor,E102,Health check passed: {service}
930,2026-01-10,07:02:38,INFO,WebServer,Transaction tx353618 completed in 1462ms,E104,Transaction {tx} completed in {time}ms
931,2026-01-10,07:17:37,INFO,AuthService,Health check passed: AuthService,E102,Health check passed: {service}
932,2026-01-10,07:51:48,INFO,OrderProcessor,Page view: /home by u3894,E103,Page view: {page} by {user}
933,2026-01-10,07:02:12,WARN,WebServer,Unauthorized access attempt from 10.0.0.12,E401,Unauthorized access attempt from {ip}
934,2026-01-10,07:22:05,INFO,InventoryDB,Transaction tx557348 completed in 1180ms,E104,Transaction {tx} completed in {time}ms
935,2026-01-10,07:34:57,INFO,WebServer,Health check passed: WebServer,E102,Health check passed: {service}
936,2026-01-10,07:31:30,INFO,WebServer,Health check passed: WebServer,E102,Health check passed: {service}
937,2026-01-10,07:58:00,INFO,WebServer,Health check passed: WebServer,E102,Health check passed: {service}
938,2026-01-10,07:05:16,INFO,OrderProcessor,Page view: /home by u2195,E103,Page view: {page} by {user}
939,2026-01-10,07:21:24,INFO,WebServer,Page view: /home by u3998,E103,Page view: {page} by {user}
940,2026-01-10,07:47:38,WARN,PaymentGateway,Disk usage > 85% on node node-2,E202,Disk usage > 85% on node {node}
941,2026-01-10,07:04:36,INFO,WebServer,Page view: /home by u1589,E103,Page view: {page} by {user}
942,2026-01-10,07:30:57,INFO,WebServer,Health check passed: WebServer,E102,Health check passed: {service}
943,2026-01-10,07:47:43,INFO,OrderProcessor,Transaction tx259345 completed in 1471ms,E104,Transaction {tx} completed in {time}ms
944,2026-01-10,07:37:15,INFO,PaymentGateway,Page view: /home by u4034,E103,Page view: {page} by {user}
945,2026-01-10,07:33:58,INFO,WebServer,Health check passed: WebServer,E102,Health check passed: {service}
946,2026-01-10,07:30:17,INFO,InventoryDB,User u2927 login successful,E101,User {user} login successful
947,2026-01-10,07:25:44,INFO,OrderProcessor,Transaction tx270234 completed in 1052ms,E104,Transaction {tx} completed in {time}ms
948,2026-01-10,07:18:28,INFO,WebServer,Health check passed: WebServer,E102,Health check passed: {service}
949,2026-01-10,07:23:02,INFO,OrderProcessor,Transaction tx655484 completed in 1986ms,E104,Transaction {tx} completed in {time}ms
950,2026-01-10,07:54:15,INFO,PaymentGateway,Page view: /home by u1590,E103,Page view: {page} by {user}
951,2026-01-10,07:55:09,INFO,WebServer,Page view: /home by u1534,E103,Page view: {page} by {user}
952,2026-01-10,07:32:35,INFO,OrderProcessor,Transaction tx486478 completed in 1089ms,E104,Transaction {tx} completed in {time}ms
953,2026-01-10,07:05:13,INFO,WebServer,User u3729 login successful,E101,User {user} login successful
954,2026-01-10,07:00:15,INFO,WebServer,Transaction tx602530 completed in 1457ms,E104,Transaction {tx} completed in {time}ms
955,2026-01-10,07:12:51,INFO,PaymentGateway,User u4152 login successful,E101,User {user} login successful
956,2026-01-10,07:08:35,INFO,AuthService,User u1812 login successful,E101,User {user} login successful
957,2026-01-10,07:32:11,INFO,AuthService,Transaction tx708685 completed in 1288ms,E104,Transaction {tx} completed in {time}ms
958,2026-01-10,07:49:13,INFO,InventoryDB,Health check passed: InventoryDB,E102,Health check passed: {service}
959,2026-01-10,07:43:18,INFO,WebServer,Transaction tx232207 completed in 1452ms,E104,Transaction {tx} completed in {time}ms
960,2026-01-10,07:30:25,INFO,WebServer,Page view: /home by u2434,E103,Page view: {page} by {user}
961,2026-01-10,07:16:47,INFO,AuthService,Transaction tx605504 completed in 732ms,E104,Transaction {tx} completed in {time}ms
962,2026-01-10,07:06:22,INFO,WebServer,Transaction tx420222 completed in 1405ms,E104,Transaction {tx} completed in {time}ms
963,2026-01-10,07:58:42,WARN,WebServer,High latency (1247ms) detected on WebServer,E201,High latency ({time}ms) detected on {service}
964,2026-01-10,07:47:25,INFO,AuthService,User u3601 login successful,E101,User {user} login successful
965,2026-01-10,07:04:23,INFO,PaymentGateway,Health check passed: PaymentGateway,E102,Health check passed: {service}
966,2026-01-10,07:07:34,INFO,OrderProcessor,Health check passed: OrderProcessor,E102,Health check passed: {service}
967,2026-01-10,07:51:50,INFO,WebServer,User u3480 login successful,E101,User {user} login successful
968,2026-01-10,07:15:23,INFO,AuthService,Transaction tx977047 completed in 1958ms,E104,Transaction {tx} completed in {time}ms
969,2026-01-10,07:20:42,INFO,WebServer,User u4945 login successful,E101,User {user} login successful
970,2026-01-10,07:10:49,INFO,WebServer,Page view: /home by u4297,E103,Page view: {page} by {user}
971,2026-01-10,07:21:40,INFO,PaymentGateway,User u4819 login successful,E101,User {user} login successful
972,2026-01-10,07:43:38,INFO,PaymentGateway,User u4693 login successful,E101,User {user} login successful
973,2026-01-10,07:22:46,INFO,WebServer,Transaction tx617297 completed in 787ms,E104,Transaction {tx} completed in {time}ms
974,2026-01-10,07:21:24,INFO,WebServer,Transaction tx111658 completed in 1330ms,E104,Transaction {tx} completed in {time}ms
975,2026-01-10,07:51:52,INFO,WebServer,User u3601 login successful,E101,User {user} login successful
976,2026-01-10,07:16:36,INFO,InventoryDB,Page view: /home by u3574,E103,Page view: {page} by {user}
977,2026-01-10,07:01:02,INFO,WebServer,User u3809 login successful,E101,User {user} login successful
978,2026-01-10,07:23:37,INFO,OrderProcessor,Transaction tx943680 completed in 1460ms,E104,Transaction {tx} completed in {time}ms
979,2026-01-10,07:11:44,INFO,AuthService,Transaction tx758039 completed in 1836ms,E104,Transaction {tx} completed in {time}ms
980,2026-01-10,07:16:40,INFO,WebServer,Health check passed: WebServer,E102,Health check passed: {service}
981,2026-01-10,07:39:26,INFO,WebServer,User u3198 login successful,E101,User {user} login successful
982,2026-01-10,07:17:17,INFO,WebServer,Health check passed: WebServer,E102,Health check passed: {service}
983,2026-01-10,07:23:41,INFO,OrderProcessor,User u1816 login successful,E101,User {user} login successful
984,2026-01-10,07:30:02,INFO,PaymentGateway,User u4213 login successful,E101,User {user} login successful
985,2026-01-10,07:18:20,INFO,WebServer,Page view: /home by u2230,E103,Page view: {page} by {user}
986,2026-01-10,07:34:23,INFO,OrderProcessor,Health check passed: OrderProcessor,E102,Health check passed: {service}
987,2026-01-10,07:26:08,INFO,WebServer,Transaction tx804819 completed in 986ms,E104,Transaction {tx} completed in {time}ms
988,2026-01-10,07:13:54,INFO,WebServer,Health check passed: WebServer,E102,Health check passed: {service}
989,2026-01-10,07:19:16,INFO,WebServer,User u1440 login successful,E101,User {user} login successful
990,2026-01-10,07:04:21,INFO,WebServer,Page view: /home by u3548,E103,Page view: {page} by {user}
991,2026-01-10,07:56:03,INFO,AuthService,User u2467 login successful,E101,User {user} login successful
992,2026-01-10,07:56:15,INFO,OrderProcessor,Health check passed: OrderProcessor,E102,Health check passed: {service}
993,2026-01-10,07:37:40,INFO,WebServer,Transaction tx374688 completed in 144ms,E104,Transaction {tx} completed in {time}ms
994,2026-01-10,07:38:39,INFO,OrderProcessor,Transaction tx704477 completed in 80ms,E104,Transaction {tx} completed in {time}ms
995,2026-01-10,07:07:18,INFO,AuthService,Page view: /home by u2862,E103,Page view: {page} by {user}
996,2026-01-10,07:30:58,INFO,AuthService,User u4363 login successful,E101,User {user} login successful
997,2026-01-10,07:50:04,INFO,WebServer,Transaction tx515719 completed in 1671ms,E104,Transaction {tx} completed in {time}ms
998,2026-01-10,07:24:08,INFO,OrderProcessor,Page view: /home by u2854,E103,Page view: {page} by {user}
999,2026-01-10,07:59:06,INFO,AuthService,Transaction tx230357 completed in 1295ms,E104,Transaction {tx} completed in {time}ms
1000,2026-01-10,07:52:38,INFO,WebServer,Transaction tx666487 completed in 1645ms,E104,Transaction {tx} completed in {time}ms
1001,2026-01-10,07:46:34,INFO,WebServer,Page view: /home by u3424,E103,Page view: {page} by {user}
1002,2026-01-10,07:27:28,INFO,WebServer,Health check passed: WebServer,E102,Health check passed: {service}
1003,2026-01-10,07:35:55,INFO,WebServer,Health check passed: WebServer,E102,Health check passed: {service}
1004,2026-01-10,07:02:12,INFO,WebServer,User u2356 login successful,E101,User {user} login successful
1005,2026-01-10,07:52:53,INFO,AuthService,Page view: /home by u3457,E103,Page view: {page} by {user}
1006,2026-01-10,07:04:53,INFO,WebServer,Page view: /home by u1125,E103,Page view: {page} by {user}
1007,2026-01-10,07:04:55,WARN,WebServer,Disk usage > 85% on node node-1,E202,Disk usage > 85% on node {node}
1008,2026-01-10,07:29:17,WARN,AuthService,High latency (1601ms) detected on AuthService,E201,High latency ({time}ms) detected on {service}
1009,2026-01-10,07:05:51,INFO,AuthService,User u4075 login successful,E101,User {user} login successful
1010,2026-01-10,07:25:55,INFO,OrderProcessor,User u1021 login successful,E101,User {user} login successful
1011,2026-01-10,07:06:07,WARN,PaymentGateway,Disk usage > 85% on node node-5,E202,Disk usage > 85% on node {node}
1012,2026-01-10,07:03:09,INFO,OrderProcessor,Transaction tx397074 completed in 1876ms,E104,Transaction {tx} completed in {time}ms
1013,2026-01-10,07:59:14,INFO,WebServer,Transaction tx567260 completed in 1214ms,E104,Transaction {tx} completed in {time}ms
1014,2026-01-10,07:21:02,INFO,AuthService,Page view: /home by u4152,E103,Page view: {page} by {user}
1015,2026-01-10,07:20:56,WARN,AuthService,Unauthorized access attempt from 10.0.0.45,E401,Unauthorized access attempt from {ip}
1016,2026-01-10,07:35:30,INFO,WebServer,Health check passed: WebServer,E102,Health check passed: {service}
1017,2026-01-10,07:06:15,INFO,AuthService,Transaction tx113219 completed in 655ms,E104,Transaction {tx} completed in {time}ms
1018,2026-01-10,07:27:12,INFO,WebServer,Page view: /home by u4356,E103,Page view: {page} by {user}
1019,2026-01-10,07:04:01,INFO,PaymentGateway,User u1739 login successful,E101,User {user} login successful
1020,2026-01-10,07:36:35,INFO,PaymentGateway,Page view: /home by u2143,E103,Page view: {page} by {user}
1021,2026-01-10,07:05:11,INFO,AuthService,Health check passed: AuthService,E102,Health check passed: {service}
1022,2026-01-10,07:23:54,INFO,OrderProcessor,User u2571 login successful,E101,User {user} login successful
1023,2026-01-10,07:07:51,INFO,OrderProcessor,Page view: /home by u4329,E103,Page view: {page} by {user}
1024,2026-01-10,07:31:52,INFO,AuthService,User u3170 login successful,E101,User {user} login successful
1025,2026-01-10,07:57:54,INFO,AuthService,Health check passed: AuthService,E102,Health check passed: {service}
1026,2026-01-10,07:37:50,INFO,AuthService,User u3171 login successful,E101,User {user} login successful
1027,2026-01-10,07:06:48,INFO,WebServer,Page view: /home by u2791,E103,Page view: {page} by {user}
1028,2026-01-10,07:59:31,INFO,WebServer,User u2612 login successful,E101,User {user} login successful
1029,2026-01-10,07:42:57,INFO,WebServer,User u1572 login successful,E101,User {user} login successful
1030,2026-01-10,07:19:39,INFO,WebServer,Page view: /home by u4663,E103,Page view: {page} by {user}
1031,2026-01-10,07:13:02,INFO,AuthService,User u2780 login successful,E101,User {user} login successful
1032,2026-01-10,07:27:46,INFO,InventoryDB,Transaction tx310543 completed in 1552ms,E104,Transaction {tx} completed in {time}ms
1033,2026-01-10,07:51:06,INFO,AuthService,Page view: /home by u4390,E103,Page view: {page} by {user}
1034,2026-01-10,07:15:02,INFO,WebServer,User u4458 login successful,E101,User {user} login successful
1035,2026-01-10,07:41:22,INFO,PaymentGateway,User u4945 login successful,E101,User {user} login successful
1036,2026-01-10,07:03:27,INFO,AuthService,Page view: /home by u4875,E103,Page view: {page} by {user}
1037,2026-01-10,07:08:40,INFO,OrderProcessor,Page view: /home by u4237,E103,Page view: {page} by {user}
1038,2026-01-10,07:18:43,INFO,OrderProcessor,Page view: /home by u3724,E103,Page view: {page} by {user}
1039,2026-01-10,07:26:49,INFO,WebServer,User u3773 login successful,E101,User {user} login successful
1040,2026-01-10,07:14:43,INFO,OrderProcessor,Transaction tx938614 completed in 522ms,E104,Transaction {tx} completed in {time}ms
1041,2026-01-10,07:21:29,INFO,AuthService,User u1725 login successful,E101,User {user} login successful
1042,2026-01-10,07:37:21,INFO,OrderProcessor,Page view: /home by u2347,E103,Page view: {page} by {user}
1043,2026-01-10,07:40:06,INFO,WebServer,Health check passed: WebServer,E102,Health check passed: {service}
1044,2026-01-10,07:10:43,INFO,OrderProcessor,Health check passed: OrderProcessor,E102,Health check passed: {service}
1045,2026-01-10,07:39:17,INFO,PaymentGateway,User u1256 login successful,E101,User {user} login successful
1046,2026-01-10,07:48:16,INFO,WebServer,Health check passed: WebServer,E102,Health check passed: {service}
1047,2026-01-10,07:54:57,INFO,AuthService,Page view: /home by u3616,E103,Page view: {page} by {user}
1048,2026-01-10,07:31:30,INFO,WebServer,Health check passed: WebServer,E102,Health check passed: {service}
1049,2026-01-10,07:04:38,INFO,OrderProcessor,User u2707 login successful,E101,User {user} login successful
1050,2026-01-10,07:27:26,INFO,AuthService,User u2218 login successful,E101,User {user} login successful
1051,2026-01-10,07:43:05,INFO,WebServer,Health check passed: WebServer,E102,Health check passed: {service}
1052,2026-01-10,07:57:32,INFO,AuthService,Health check passed: AuthService,E102,Health check passed: {service}
1053,2026-01-10,07:25:27,INFO,OrderProcessor,Transaction tx907813 completed in 1290ms,E104,Transaction {tx} completed in {time}ms
1054,2026-01-10,07:42:43,INFO,InventoryDB,Transaction tx234272 completed in 1176ms,E104,Transaction {tx} completed in {time}ms
1055,2026-01-10,07:59:28,INFO,PaymentGateway,Page view: /home by u4484,E103,Page view: {page} by {user}
1056,2026-01-10,07:39:01,INFO,WebServer,Transaction tx512690 completed in 1806ms,E104,Transaction {tx} completed in {time}ms
1057,2026-01-10,07:35:26,INFO,PaymentGateway,User u1436 login successful,E101,User {user} login successful
1058,2026-01-10,07:37:24,INFO,PaymentGateway,Transaction tx705791 completed in 852ms,E104,Transaction {tx} completed in {time}ms
1059,2026-01-10,07:05:18,INFO,WebServer,Health check passed: WebServer,E102,Health check passed: {service}
1060,2026-01-10,07:43:40,INFO,AuthService,Transaction tx324211 completed in 990ms,E104,Transaction {tx} completed in {time}ms
1061,2026-01-10,07:37:35,INFO,WebServer,Transaction tx344957 completed in 1759ms,E104,Transaction {tx} completed in {time}ms
1062,2026-01-10,07:35:22,INFO,WebServer,Health check passed: WebServer,E102,Health check passed: {service}
1063,2026-01-10,07:22:37,INFO,OrderProcessor,Page view: /home by u4124,E103,Page view: {page} by {user}
1064,2026-01-10,07:12:09,INFO,WebServer,Health check passed: WebServer,E102,Health check passed: {service}
1065,2026-01-10,07:41:37,INFO,OrderProcessor,Health check passed: OrderProcessor,E102,Health check passed: {service}
1066,2026-01-10,07:35:30,INFO,PaymentGateway,User u2714 login successful,E101,User {user} login successful
1067,2026-01-10,07:29:30,INFO,WebServer,Transaction tx533019 completed in 1637ms,E104,Transaction {tx} completed in {time}ms
1068,2026-01-10,07:40:29,INFO,OrderProcessor,Page view: /home by u1343,E103,Page view: {page} by {user}
1069,2026-01-10,07:02:44,ERROR,WebServer,Timeout waiting for lock on InventoryDB,E502,Timeout waiting for lock on {db}
1070,2026-01-10,07:26:02,ERROR,WebServer,Connection refused to WebServer at 10.0.0.12,E501,Connection refused to {service} at {ip}
1071,2026-01-10,07:09:35,INFO,WebServer,User u3453 login successful,E101,User {user} login successful
1072,2026-01-10,07:21:36,INFO,AuthService,Page view: /home by u3646,E103,Page view: {page} by {user}
1073,2026-01-10,07:20:40,INFO,AuthService,User u3823 login successful,E101,User {user} login successful
1074,2026-01-10,07:00:36,INFO,WebServer,User u3395 login successful,E101,User {user} login successful
1075,2026-01-10,07:43:37,INFO,WebServer,Health check passed: WebServer,E102,Health check passed: {service}
1076,2026-01-10,07:19:12,INFO,WebServer,Page view: /home by u3163,E103,Page view: {page} by {user}
1077,2026-01-10,07:53:21,INFO,WebServer,Transaction tx622040 completed in 1672ms,E104,Transaction {tx} completed in {time}ms
1078,2026-01-10,07:12:23,INFO,OrderProcessor,Page view: /home by u4672,E103,Page view: {page} by {user}
1079,2026-01-10,07:35:41,INFO,AuthService,Transaction tx752764 completed in 918ms,E104,Transaction {tx} completed in {time}ms
1080,2026-01-10,07:48:39,INFO,WebServer,User u3956 login successful,E101,User {user} login successful
1081,2026-01-10,07:13:47,INFO,AuthService,Page view: /home by u4915,E103,Page view: {page} by {user}
1082,2026-01-10,07:05:58,INFO,AuthService,Page view: /home by u4898,E103,Page view: {page} by {user}
1083,2026-01-10,07:12:04,INFO,WebServer,Health check passed: WebServer,E102,Health check passed: {service}
1084,2026-01-10,07:47:19,WARN,OrderProcessor,Unauthorized access attempt from 10.0.0.45,E401,Unauthorized access attempt from {ip}
1085,2026-01-10,07:34:05,INFO,WebServer,Health check passed: WebServer,E102,Health check passed: {service}
1086,2026-01-10,07:33:33,INFO,WebServer,User u4719 login successful,E101,User {user} login successful
1087,2026-01-10,07:47:37,INFO,PaymentGateway,Health check passed: PaymentGateway,E102,Health check passed: {service}
1088,2026-01-10,07:51:04,INFO,AuthService,Health check passed: AuthService,E102,Health check passed: {service}
1089,2026-01-10,07:12:24,INFO,AuthService,User u2016 login successful,E101,User {user} login successful
1090,2026-01-10,07:28:16,INFO,AuthService,User u3107 login successful,E101,User {user} login successful
1091,2026-01-10,07:29:13,INFO,WebServer,Transaction tx163477 completed in 1756ms,E104,Transaction {tx} completed in {time}ms
1092,2026-01-10,07:23:06,INFO,AuthService,Transaction tx155007 completed in 991ms,E104,Transaction {tx} completed in {time}ms
1093,2026-01-10,07:30:50,INFO,AuthService,Transaction tx911683 completed in 288ms,E104,Transaction {tx} completed in {time}ms
1094,2026-01-10,07:32:35,INFO,AuthService,User u3308 login successful,E101,User {user} login successful
1095,2026-01-10,07:14:27,INFO,OrderProcessor,User u2042 login successful,E101,User {user} login successful
1096,2026-01-10,07:59:46,INFO,AuthService,Health check passed: AuthService,E102,Health check passed: {service}
1097,2026-01-10,07:13:07,INFO,PaymentGateway,Health check passed: PaymentGateway,E102,Health check passed: {service}
1098,2026-01-10,07:52:21,INFO,WebServer,Transaction tx269181 completed in 1530ms,E104,Transaction {tx} completed in {time}ms
1099,2026-01-10,07:06:51,INFO,WebServer,Transaction tx973563 completed in 373ms,E104,Transaction {tx} completed in {time}ms
1100,2026-01-10,07:14:02,INFO,WebServer,User u4293 login successful,E101,User {user} login successful
1101,2026-01-10,07:30:48,INFO,OrderProcessor,Transaction tx504055 completed in 79ms,E104,Transaction {tx} completed in {time}ms
1102,2026-01-10,07:32:07,INFO,AuthService,Transaction tx494202 completed in 1108ms,E104,Transaction {tx} completed in {time}ms
1103,2026-01-10,07:30:50,INFO,WebServer,Transaction tx896547 completed in 1813ms,E104,Transaction {tx} completed in {time}ms
1104,2026-01-10,07:58:10,INFO,PaymentGateway,Page view: /home by u3301,E103,Page view: {page} by {user}
1105,2026-01-10,07:42:14,INFO,AuthService,User u2532 login successful,E101,User {user} login successful
1106,2026-01-10,07:40:29,INFO,AuthService,Health check passed: AuthService,E102,Health check passed: {service}
1107,2026-01-10,07:00:51,INFO,WebServer,Transaction tx775561 completed in 709ms,E104,Transaction {tx} completed in {time}ms
1108,2026-01-10,07:08:57,INFO,AuthService,Transaction tx840435 completed in 1530ms,E104,Transaction {tx} completed in {time}ms
1109,2026-01-10,07:27:18,INFO,OrderProcessor,User u4094 login successful,E101,User {user} login successful
1110,2026-01-10,07:23:45,INFO,WebServer,Page view: /home by u2940,E103,Page view: {page} by {user}
1111,2026-01-10,07:16:34,INFO,AuthService,Page view: /home by u1396,E103,Page view: {page} by {user}
1112,2026-01-10,07:45:34,INFO,WebServer,Transaction tx137984 completed in 397ms,E104,Transaction {tx} completed in {time}ms
1113,2026-01-10,07:47:22,INFO,WebServer,User u3475 login successful,E101,User {user} login successful
1114,2026-01-10,07:24:06,INFO,WebServer,Page view: /home by u2350,E103,Page view: {page} by {user}
1115,2026-01-10,07:45:37,INFO,WebServer,User u2930 login successful,E101,User {user} login successful
1116,2026-01-10,07:23:36,INFO,WebServer,Health check passed: WebServer,E102,Health check passed: {service}
1117,2026-01-10,07:08:00,INFO,WebServer,Health check passed: WebServer,E102,Health check passed: {service}
1118,2026-01-10,07:13:09,INFO,OrderProcessor,Health check passed: OrderProcessor,E102,Health check passed: {service}
1119,2026-01-10,07:16:11,INFO,WebServer,Transaction tx910816 completed in 1908ms,E104,Transaction {tx} completed in {time}ms
1120,2026-01-10,07:46:15,INFO,WebServer,Page view: /home by u3606,E103,Page view: {page} by {user}
1121,2026-01-10,07:10:09,INFO,WebServer,Page view: /home by u4853,E103,Page view: {page} by {user}
1122,2026-01-10,07:36:09,WARN,OrderProcessor,Disk usage > 85% on node node-1,E202,Disk usage > 85% on node {node}
1123,2026-01-10,07:16:07,WARN,InventoryDB,Unauthorized access attempt from 10.0.0.10,E401,Unauthorized access attempt from {ip}
1124,2026-01-10,07:08:18,INFO,OrderProcessor,Health check passed: OrderProcessor,E102,Health check passed: {service}
1125,2026-01-10,07:20:05,WARN,WebServer,High latency (374ms) detected on WebServer,E201,High latency ({time}ms) detected on {service}
1126,2026-01-10,07:52:49,INFO,AuthService,User u4546 login successful,E101,User {user} login successful
1127,2026-01-10,07:31:18,INFO,AuthService,User u2172 login successful,E101,User {user} login successful
1128,2026-01-10,07:47:39,INFO,InventoryDB,Health check passed: InventoryDB,E102,Health check passed: {service}
1129,2026-01-10,07:19:32,INFO,AuthService,Transaction tx118523 completed in 1045ms,E104,Transaction {tx} completed in {time}ms
1130,2026-01-10,07:32:49,INFO,WebServer,Transaction tx314791 completed in 149ms,E104,Transaction {tx} completed in {time}ms
1131,2026-01-10,07:06:38,INFO,OrderProcessor,Health check passed: OrderProcessor,E102,Health check passed: {service}
1132,2026-01-10,07:15:46,INFO,WebServer,Page view: /home by u4825,E103,Page view: {page} by {user}
1133,2026-01-10,07:38:39,INFO,InventoryDB,User u1727 login successful,E101,User {user} login successful
1134,2026-01-10,07:11:47,INFO,AuthService,User u3178 login successful,E101,User {user} login successful
1135,2026-01-10,07:09:52,INFO,AuthService,Health check passed: AuthService,E102,Health check passed: {service}
1136,2026-01-10,07:31:50,INFO,AuthService,User u2058 login successful,E101,User {user} login successful
1137,2026-01-10,07:08:06,INFO,WebServer,Page view: /home by u2657,E103,Page view: {page} by {user}
1138,2026-01-10,07:27:59,INFO,WebServer,Page view: /home by u2321,E103,Page view: {page} by {user}
1139,2026-01-10,07:24:34,INFO,OrderProcessor,Transaction tx747426 completed in 1689ms,E104,Transaction {tx} completed in {time}ms
1140,2026-01-10,07:27:50,INFO,InventoryDB,User u4638 login successful,E101,User {user} login successful
1141,2026-01-10,07:23:21,INFO,InventoryDB,Health check passed: InventoryDB,E102,Health check passed: {service}
1142,2026-01-10,07:54:14,INFO,OrderProcessor,Transaction tx495773 completed in 1043ms,E104,Transaction {tx} completed in {time}ms
1143,2026-01-10,07:55:50,INFO,PaymentGateway,Transaction tx142658 completed in 1117ms,E104,Transaction {tx} completed in {time}ms
1144,2026-01-10,07:46:28,INFO,WebServer,User u1710 login successful,E101,User {user} login successful
1145,2026-01-10,07:02:37,INFO,WebServer,Page view: /home by u3249,E103,Page view: {page} by {user}
1146,2026-01-10,07:26:37,INFO,PaymentGateway,Health check passed: PaymentGateway,E102,Health check passed: {service}
1147,2026-01-10,07:43:41,INFO,PaymentGateway,User u2946 login successful,E101,User {user} login successful
1148,2026-01-10,07:11:24,INFO,PaymentGateway,Page view: /home by u1196,E103,Page view: {page} by {user}
1149,2026-01-10,07:50:32,INFO,AuthService,User u2152 login successful,E101,User {user} login successful
1150,2026-01-10,07:45:42,INFO,WebServer,User u2336 login successful,E101,User {user} login successful
1151,2026-01-10,07:51:39,INFO,AuthService,User u4034 login successful,E101,User {user} login successful
1152,2026-01-10,07:14:10,INFO,WebServer,Health check passed: WebServer,E102,Health check passed: {service}
1153,2026-01-10,07:07:30,WARN,AuthService,High latency (977ms) detected on AuthService,E201,High latency ({time}ms) detected on {service}
1154,2026-01-10,07:12:26,INFO,WebServer,Page view: /home by u4934,E103,Page view: {page} by {user}
1155,2026-01-10,07:32:31,INFO,AuthService,Health check passed: AuthService,E102,Health check passed: {service}
1156,2026-01-10,07:51:42,INFO,OrderProcessor,Page view: /home by u2754,E103,Page view: {page} by {user}
1157,2026-01-10,07:41:37,INFO,WebServer,Page view: /home by u2830,E103,Page view: {page} by {user}
1158,2026-01-10,07:02:29,INFO,WebServer,Transaction tx670748 completed in 1592ms,E104,Transaction {tx} completed in {time}ms
1159,2026-01-10,07:19:13,INFO,PaymentGateway,Health check passed: PaymentGateway,E102,Health check passed: {service}
1160,2026-01-10,07:44:37,WARN,WebServer,High latency (529ms) detected on WebServer,E201,High latency ({time}ms) detected on {service}
1161,2026-01-10,07:18:24,INFO,WebServer,Page view: /home by u4853,E103,Page view: {page} by {user}
1162,2026-01-10,07:26:53,INFO,WebServer,Health check passed: WebServer,E102,Health check passed: {service}
1163,2026-01-10,07:40:07,INFO,PaymentGateway,Page view: /home by u1038,E103,Page view: {page} by {user}
1164,2026-01-10,07:33:59,INFO,AuthService,Page view: /home by u3850,E103,Page view: {page} by {user}
1165,2026-01-10,07:11:32,INFO,WebServer,Transaction tx919953 completed in 291ms,E104,Transaction {tx} completed in {time}ms
1166,2026-01-10,07:47:02,INFO,WebServer,Page view: /home by u1994,E103,Page view: {page} by {user}
1167,2026-01-10,07:46:34,INFO,AuthService,Page view: /home by u1199,E103,Page view: {page} by {user}
1168,2026-01-10,07:21:30,INFO,WebServer,Health check passed: WebServer,E102,Health check passed: {service}
1169,2026-01-10,07:43:13,INFO,WebServer,Health check passed: WebServer,E102,Health check passed: {service}
1170,2026-01-10,07:17:17,INFO,PaymentGateway,User u2367 login successful,E101,User {user} login successful
1171,2026-01-10,07:49:17,INFO,WebServer,User u4461 login successful,E101,User {user} login successful
1172,2026-01-10,07:08:11,INFO,PaymentGateway,Health check passed: PaymentGateway,E102,Health check passed: {service}
1173,2026-01-10,07:51:40,INFO,WebServer,Page view: /home by u1144,E103,Page view: {page} by {user}
1174,2026-01-10,07:55:32,INFO,WebServer,Health check passed: WebServer,E102,Health check passed: {service}
1175,2026-01-10,07:37:35,INFO,OrderProcessor,Page view: /home by u3207,E103,Page view: {page} by {user}
1176,2026-01-10,07:24:56,INFO,WebServer,Health check passed: WebServer,E102,Health check passed: {service}
1177,2026-01-10,07:54:39,INFO,OrderProcessor,Transaction tx712547 completed in 1959ms,E104,Transaction {tx} completed in {time}ms
1178,2026-01-10,07:36:24,INFO,WebServer,Health check passed: WebServer,E102,Health check passed: {service}
1179,2026-01-10,07:07:22,INFO,InventoryDB,User u4651 login successful,E101,User {user} login successful
1180,2026-01-10,07:57:53,INFO,AuthService,User u1874 login successful,E101,User {user} login successful
1181,2026-01-10,07:18:20,INFO,PaymentGateway,User u4347 login successful,E101,User {user} login successful
1182,2026-01-10,07:01:01,INFO,OrderProcessor,Transaction tx761454 completed in 1689ms,E104,Transaction {tx} completed in {time}ms
1183,2026-01-10,07:55:09,INFO,WebServer,Health check passed: WebServer,E102,Health check passed: {service}
1184,2026-01-10,07:12:18,INFO,AuthService,Health check passed: AuthService,E102,Health check passed: {service}
1185,2026-01-10,07:02:10,INFO,InventoryDB,Page view: /home by u1502,E103,Page view: {page} by {user}
1186,2026-01-10,07:43:34,INFO,AuthService,Transaction tx347396 completed in 729ms,E104,Transaction {tx} completed in {time}ms
1187,2026-01-10,07:46:32,INFO,InventoryDB,User u3531 login successful,E101,User {user} login successful
1188,2026-01-10,07:12:40,INFO,AuthService,Transaction tx216038 completed in 1476ms,E104,Transaction {tx} completed in {time}ms
1189,2026-01-10,07:58:40,INFO,WebServer,User u1338 login successful,E101,User {user} login successful
1190,2026-01-10,07:00:55,INFO,AuthService,Transaction tx949412 completed in 1022ms,E104,Transaction {tx} completed in {time}ms
1191,2026-01-10,07:26:09,INFO,OrderProcessor,User u2268 login successful,E101,User {user} login successful
1192,2026-01-10,07:25:41,INFO,WebServer,Health check passed: WebServer,E102,Health check passed: {service}
1193,2026-01-10,07:19:17,INFO,WebServer,Transaction tx872490 completed in 1712ms,E104,Transaction {tx} completed in {time}ms
1194,2026-01-10,07:51:47,INFO,AuthService,Transaction tx801849 completed in 1820ms,E104,Transaction {tx} completed in {time}ms
1195,2026-01-10,07:29:40,INFO,WebServer,User u2396 login successful,E101,User {user} login successful
1196,2026-01-10,07:58:30,INFO,AuthService,Health check passed: AuthService,E102,Health check passed: {service}
1197,2026-01-10,07:38:26,INFO,WebServer,User u3884 login successful,E101,User {user} login successful
1198,2026-01-10,07:52:06,CRITICAL,WebServer,KERNEL PANIC: Node node-2 crashed,E601,KERNEL PANIC: Node {node} crashed
1199,2026-01-10,07:11:15,INFO,AuthService,Page view: /home by u3238,E103,Page view: {page} by {user}
1200,2026-01-10,07:59:16,INFO,WebServer,User u2855 login successful,E101,User {user} login successful
1201,2026-01-10,07:08:01,INFO,AuthService,Page view: /home by u2945,E103,Page view: {page} by {user}
1202,2026-01-10,07:56:00,INFO,WebServer,Transaction tx403657 completed in 132ms,E104,Transaction {tx} completed in {time}ms
1203,2026-01-10,07:49:25,INFO,PaymentGateway,Transaction tx434991 completed in 33ms,E104,Transaction {tx} completed in {time}ms
1204,2026-01-10,07:41:14,INFO,WebServer,Health check passed: WebServer,E102,Health check passed: {service}
1205,2026-01-10,07:22:46,INFO,WebServer,Health check passed: WebServer,E102,Health check passed: {service}
1206,2026-01-10,07:11:19,INFO,OrderProcessor,Page view: /home by u1103,E103,Page view: {page} by {user}
1207,2026-01-10,07:08:09,INFO,PaymentGateway,Transaction tx976433 completed in 642ms,E104,Transaction {tx} completed in {time}ms
1208,2026-01-10,07:27:18,INFO,AuthService,Health check passed: AuthService,E102,Health check passed: {service}
1209,2026-01-10,07:56:47,ERROR,InventoryDB,Payment declined: Gateway unavailable,E503,Payment declined: Gateway unavailable
1210,2026-01-10,07:20:01,INFO,WebServer,Page view: /home by u1955,E103,Page view: {page} by {user}
1211,2026-01-10,07:58:57,INFO,AuthService,Transaction tx724819 completed in 876ms,E104,Transaction {tx} completed in {time}ms
1212,2026-01-10,07:27:34,INFO,WebServer,Health check passed: WebServer,E102,Health check passed: {service}
1213,2026-01-10,07:40:45,INFO,WebServer,User u1800 login successful,E101,User {user} login successful
1214,2026-01-10,07:01:47,INFO,OrderProcessor,Health check passed: OrderProcessor,E102,Health check passed: {service}
1215,2026-01-10,07:33:36,WARN,WebServer,Unauthorized access attempt from 10.0.0.12,E401,Unauthorized access attempt from {ip}
1216,2026-01-10,07:23:37,WARN,WebServer,High latency (1495ms) detected on WebServer,E201,High latency ({time}ms) detected on {service}
1217,2026-01-10,07:39:07,INFO,WebServer,Page view: /home by u4398,E103,Page view: {page} by {user}
1218,2026-01-10,07:40:43,INFO,OrderProcessor,Health check passed: OrderProcessor,E102,Health check passed: {service}
1219,2026-01-10,07:34:40,INFO,OrderProcessor,Health check passed: OrderProcessor,E102,Health check passed: {service}
1220,2026-01-10,07:53:12,ERROR,AuthService,Payment declined: Gateway unavailable,E503,Payment declined: Gateway unavailable
1221,2026-01-10,07:02:54,INFO,WebServer,Health check passed: WebServer,E102,Health check passed: {service}
1222,2026-01-10,07:06:44,INFO,WebServer,Transaction tx699948 completed in 61ms,E104,Transaction {tx} completed in {time}ms
1223,2026-01-10,07:16:25,INFO,AuthService,Transaction tx993686 completed in 385ms,E104,Transaction {tx} completed in {time}ms
1224,2026-01-10,07:51:11,INFO,PaymentGateway,Health check passed: PaymentGateway,E102,Health check passed: {service}
1225,2026-01-10,07:59:41,INFO,WebServer,Transaction tx992121 completed in 1512ms,E104,Transaction {tx} completed in {time}ms
1226,2026-01-10,07:50:22,ERROR,WebServer,Timeout waiting for lock on InventoryDB,E502,Timeout waiting for lock on {db}
1227,2026-01-10,07:30:26,INFO,WebServer,Page view: /home by u4865,E103,Page view: {page} by {user}
1228,2026-01-10,07:39:03,INFO,WebServer,Page view: /home by u3054,E103,Page view: {page} by {user}
1229,2026-01-10,07:46:57,INFO,OrderProcessor,User u1480 login successful,E101,User {user} login successful
1230,2026-01-10,07:39:02,WARN,OrderProcessor,Disk usage > 85% on node node-5,E202,Disk usage > 85% on node {node}
1231,2026-01-10,07:57:28,INFO,OrderProcessor,User u2670 login successful,E101,User {user} login successful
1232,2026-01-10,07:32:53,INFO,OrderProcessor,User u1703 login successful,E101,User {user} login successful
1233,2026-01-10,07:14:48,INFO,WebServer,User u4087 login successful,E101,User {user} login successful
1234,2026-01-10,07:29:58,INFO,OrderProcessor,User u3822 login successful,E101,User {user} login successful
1235,2026-01-10,07:10:15,INFO,AuthService,User u1907 login successful,E101,User {user} login successful
1236,2026-01-10,07:29:46,INFO,AuthService,Page view: /home by u4626,E103,Page view: {page} by {user}
1237,2026-01-10,07:01:36,INFO,WebServer,Health check passed: WebServer,E102,Health check passed: {service}
1238,2026-01-10,07:16:44,WARN,WebServer,Unauthorized access attempt from 10.0.0.88,E401,Unauthorized access attempt from {ip}
1239,2026-01-10,07:00:32,INFO,OrderProcessor,Page view: /home by u2051,E103,Page view: {page} by {user}
1240,2026-01-10,07:31:17,INFO,WebServer,User u1927 login successful,E101,User {user} login successful
1241,2026-01-10,07:13:52,INFO,WebServer,Page view: /home by u3378,E103,Page view: {page} by {user}
1242,2026-01-10,07:17:03,INFO,WebServer,User u1966 login successful,E101,User {user} login successful
1243,2026-01-10,07:59:24,INFO,WebServer,Health check passed: WebServer,E102,Health check passed: {service}
1244,2026-01-10,07:42:51,INFO,OrderProcessor,Transaction tx951596 completed in 288ms,E104,Transaction {tx} completed in {time}ms
1245,2026-01-10,07:55:44,INFO,AuthService,Health check passed: AuthService,E102,Health check passed: {service}
1246,2026-01-10,07:18:44,INFO,AuthService,User u4226 login successful,E101,User {user} login successful
1247,2026-01-10,07:15:12,INFO,AuthService,User u2692 login successful,E101,User {user} login successful
1248,2026-01-10,07:01:04,INFO,PaymentGateway,Page view: /home by u4462,E103,Page view: {page} by {user}
1249,2026-01-10,07:36:48,INFO,WebServer,User u2672 login successful,E101,User {user} login successful
1250,2026-01-10,07:10:06,INFO,OrderProcessor,Transaction tx682638 completed in 1746ms,E104,Transaction {tx} completed in {time}ms
1251,2026-01-10,07:09:02,WARN,AuthService,High latency (938ms) detected on AuthService,E201,High latency ({time}ms) detected on {service}
1252,2026-01-10,07:47:13,INFO,PaymentGateway,User u1885 login successful,E101,User {user} login successful
1253,2026-01-10,07:28:01,INFO,OrderProcessor,Page view: /home by u3936,E103,Page view: {page} by {user}
1254,2026-01-10,07:57:14,INFO,AuthService,Transaction tx737658 completed in 1592ms,E104,Transaction {tx} completed in {time}ms
1255,2026-01-10,07:50:27,INFO,WebServer,User u4411 login successful,E101,User {user} login successful
1256,2026-01-10,07:51:30,INFO,AuthService,User u1936 login successful,E101,User {user} login successful
1257,2026-01-10,07:13:58,INFO,WebServer,User u3761 login successful,E101,User {user} login successful
1258,2026-01-10,07:35:59,INFO,WebServer,Health check passed: WebServer,E102,Health check passed: {service}
1259,2026-01-10,07:59:17,INFO,AuthService,User u3965 login successful,E101,User {user} login successful
1260,2026-01-10,07:45:05,INFO,WebServer,User u1994 login successful,E101,User {user} login successful
1261,2026-01-10,07:04:39,INFO,WebServer,User u3230 login successful,E101,User {user} login successful
1262,2026-01-10,07:04:35,INFO,WebServer,Transaction tx120433 completed in 826ms,E104,Transaction {tx} completed in {time}ms
1263,2026-01-10,07:28:43,INFO,WebServer,Health check passed: WebServer,E102,Health check passed: {service}
1264,2026-01-10,07:55:48,INFO,AuthService,Page view: /home by u3720,E103,Page view: {page} by {user}
1265,2026-01-10,07:39:21,INFO,WebServer,Transaction tx437683 completed in 469ms,E104,Transaction {tx} completed in {time}ms
1266,2026-01-10,07:18:07,INFO,WebServer,Page view: /home by u4801,E103,Page view: {page} by {user}
1267,2026-01-10,07:36:50,INFO,WebServer,Page view: /home by u2977,E103,Page view: {page} by {user}
1268,2026-01-10,07:05:46,INFO,OrderProcessor,Health check passed: OrderProcessor,E102,Health check passed: {service}
1269,2026-01-10,07:21:09,INFO,OrderProcessor,User u2815 login successful,E101,User {user} login successful
1270,2026-01-10,07:46:21,INFO,AuthService,User u4720 login successful,E101,User {user} login successful
1271,2026-01-10,07:56:59,INFO,InventoryDB,Transaction tx920258 completed in 1094ms,E104,Transaction {tx} completed in {time}ms
1272,2026-01-10,07:48:34,INFO,WebServer,Transaction tx766155 completed in 1429ms,E104,Transaction {tx} completed in {time}ms
1273,2026-01-10,07:11:23,INFO,InventoryDB,Health check passed: InventoryDB,E102,Health check passed: {service}
1274,2026-01-10,07:31:34,INFO,WebServer,Health check passed: WebServer,E102,Health check passed: {service}
1275,2026-01-10,07:13:23,INFO,WebServer,Health check passed: WebServer,E102,Health check passed: {service}
1276,2026-01-10,07:04:12,INFO,WebServer,Health check passed: WebServer,E102,Health check passed: {service}
1277,2026-01-10,07:18:40,INFO,OrderProcessor,Health check passed: OrderProcessor,E102,Health check passed: {service}
1278,2026-01-10,07:58:26,INFO,WebServer,User u4494 login successful,E101,User {user} login successful
1279,2026-01-10,07:48:57,INFO,PaymentGateway,Health check passed: PaymentGateway,E102,Health check passed: {service}
1280,2026-01-10,07:13:12,INFO,WebServer,User u2152 login successful,E101,User {user} login successful
1281,2026-01-10,07:35:08,INFO,WebServer,User u3505 login successful,E101,User {user} login successful
1282,2026-01-10,07:59:03,INFO,OrderProcessor,Health check passed: OrderProcessor,E102,Health check passed: {service}
1283,2026-01-10,07:59:16,INFO,AuthService,Page view: /home by u2133,E103,Page view: {page} by {user}
1284,2026-01-10,07:00:35,INFO,WebServer,User u2682 login successful,E101,User {user} login successful
1285,2026-01-10,07:13:58,INFO,PaymentGateway,Health check passed: PaymentGateway,E102,Health check passed: {service}
1286,2026-01-10,07:22:07,ERROR,AuthService,Timeout waiting for lock on InventoryDB,E502,Timeout waiting for lock on {db}
1287,2026-01-10,07:14:35,INFO,AuthService,User u4011 login successful,E101,User {user} login successful
1288,2026-01-10,07:15:52,INFO,WebServer,Page view: /home by u2005,E103,Page view: {page} by {user}
1289,2026-01-10,07:58:31,INFO,WebServer,Health check passed: WebServer,E102,Health check passed: {service}
1290,2026-01-10,07:56:06,INFO,OrderProcessor,Transaction tx734139 completed in 617ms,E104,Transaction {tx} completed in {time}ms
1291,2026-01-10,07:36:33,INFO,WebServer,User u3898 login successful,E101,User {user} login successful
1292,2026-01-10,07:35:05,INFO,WebServer,Page view: /home by u1318,E103,Page view: {page} by {user}
1293,2026-01-10,07:36:10,INFO,OrderProcessor,Transaction tx856166 completed in 1422ms,E104,Transaction {tx} completed in {time}ms
1294,2026-01-10,07:14:53,INFO,PaymentGateway,Transaction tx514039 completed in 1367ms,E104,Transaction {tx} completed in {time}ms
1295,2026-01-10,07:50:49,ERROR,WebServer,Connection refused to WebServer at 10.0.0.45,E501,Connection refused to {service} at {ip}
1296,2026-01-10,07:32:07,INFO,WebServer,User u3735 login successful,E101,User {user} login successful
1297,2026-01-10,07:08:38,INFO,AuthService,Health check passed: AuthService,E102,Health check passed: {service}
1298,2026-01-10,07:22:43,INFO,OrderProcessor,User u2304 login successful,E101,User {user} login successful
1299,2026-01-10,07:35:24,INFO,AuthService,Page view: /home by u4887,E103,Page view: {page} by {user}
1300,2026-01-10,07:50:55,WARN,WebServer,Disk usage > 85% on node node-5,E202,Disk usage > 85% on node {node}
1301,2026-01-10,07:02:15,INFO,PaymentGateway,Page view: /home by u4248,E103,Page view: {page} by {user}
1302,2026-01-10,07:53:56,INFO,WebServer,Health check passed: WebServer,E102,Health check passed: {service}
1303,2026-01-10,07:15:31,INFO,InventoryDB,Transaction tx792362 completed in 50ms,E104,Transaction {tx} completed in {time}ms
1304,2026-01-10,07:00:46,INFO,OrderProcessor,User u3506 login successful,E101,User {user} login successful
1305,2026-01-10,07:17:50,INFO,WebServer,User u1338 login successful,E101,User {user} login successful
1306,2026-01-10,07:53:52,INFO,AuthService,Health check passed: AuthService,E102,Health check passed: {service}
1307,2026-01-10,08:12:13,INFO,OrderProcessor,Page view: /home by u2589,E103,Page view: {page} by {user}
1308,2026-01-10,08:09:53,INFO,WebServer,Page view: /home by u3573,E103,Page view: {page} by {user}
1309,2026-01-10,08:42:10,INFO,WebServer,Page view: /home by u4761,E103,Page view: {page} by {user}
1310,2026-01-10,08:56:56,INFO,WebServer,Health check passed: WebServer,E102,Health check passed: {service}
1311,2026-01-10,08:26:58,CRITICAL,WebServer,DATA CORRUPTION detected in sector 496,E602,DATA CORRUPTION detected in sector {sector}
1312,2026-01-10,08:42:29,ERROR,WebServer,Timeout waiting for lock on InventoryDB,E502,Timeout waiting for lock on {db}
1313,2026-01-10,08:12:45,INFO,PaymentGateway,Page view: /home by u1602,E103,Page view: {page} by {user}
1314,2026-01-10,08:42:58,INFO,AuthService,Page view: /home by u1597,E103,Page view: {page} by {user}
1315,2026-01-10,08:23:23,INFO,AuthService,Page view: /home by u1476,E103,Page view: {page} by {user}
1316,2026-01-10,08:30:19,INFO,WebServer,Transaction tx942243 completed in 1858ms,E104,Transaction {tx} completed in {time}ms
1317,2026-01-10,08:07:49,INFO,WebServer,User u1070 login successful,E101,User {user} login successful
1318,2026-01-10,08:04:42,INFO,PaymentGateway,User u4066 login successful,E101,User {user} login successful
1319,2026-01-10,08:06:54,INFO,OrderProcessor,User u4829 login successful,E101,User {user} login successful
1320,2026-01-10,08:39:15,WARN,OrderProcessor,Disk usage > 85% on node node-3,E202,Disk usage > 85% on node {node}
1321,2026-01-10,08:29:44,INFO,AuthService,User u2099 login successful,E101,User {user} login successful
1322,2026-01-10,08:03:56,INFO,AuthService,Health check passed: AuthService,E102,Health check passed: {service}
1323,2026-01-10,08:36:18,INFO,WebServer,Transaction tx501036 completed in 419ms,E104,Transaction {tx} completed in {time}ms
1324,2026-01-10,08:32:28,INFO,WebServer,User u1829 login successful,E101,User {user} login successful
1325,2026-01-10,08:23:11,INFO,PaymentGateway,User u3123 login successful,E101,User {user} login successful
1326,2026-01-10,08:59:01,INFO,WebServer,Page view: /home by u3656,E103,Page view: {page} by {user}
1327,2026-01-10,08:11:52,INFO,PaymentGateway,Page view: /home by u4337,E103,Page view: {page} by {user}
1328,2026-01-10,08:48:50,WARN,OrderProcessor,Unauthorized access attempt from 10.0.0.12,E401,Unauthorized access attempt from {ip}
1329,2026-01-10,08:46:49,INFO,WebServer,Transaction tx503625 completed in 897ms,E104,Transaction {tx} completed in {time}ms
1330,2026-01-10,08:47:12,INFO,AuthService,Transaction tx749189 completed in 493ms,E104,Transaction {tx} completed in {time}ms
1331,2026-01-10,08:58:03,INFO,WebServer,Health check passed: WebServer,E102,Health check passed: {service}
1332,2026-01-10,08:56:27,INFO,AuthService,Health check passed: AuthService,E102,Health check passed: {service}
1333,2026-01-10,08:11:47,INFO,WebServer,Health check passed: WebServer,E102,Health check passed: {service}
1334,2026-01-10,08:47:24,INFO,AuthService,Health check passed: AuthService,E102,Health check passed: {service}
1335,2026-01-10,08:30:38,WARN,WebServer,Disk usage > 85% on node node-3,E202,Disk usage > 85% on node {node}
1336,2026-01-10,08:12:46,WARN,OrderProcessor,Disk usage > 85% on node node-3,E202,Disk usage > 85% on node {node}
1337,2026-01-10,08:28:43,INFO,OrderProcessor,User u2234 login successful,E101,User {user} login successful
1338,2026-01-10,08:00:09,INFO,WebServer,Health check passed: WebServer,E102,Health check passed: {service}
1339,2026-01-10,08:07:39,INFO,AuthService,Page view: /home by u3053,E103,Page view: {page} by {user}
1340,2026-01-10,08:14:10,INFO,WebServer,Page view: /home by u1465,E103,Page view: {page} by {user}
1341,2026-01-10,08:54:27,INFO,WebServer,Health check passed: WebServer,E102,Health check passed: {service}
1342,2026-01-10,08:42:25,INFO,WebServer,User u1408 login successful,E101,User {user} login successful
1343,2026-01-10,08:12:54,INFO,PaymentGateway,User u3314 login successful,E101,User {user} login successful
1344,2026-01-10,08:52:45,INFO,OrderProcessor,Page view: /home by u2504,E103,Page view: {page} by {user}
1345,2026-01-10,08:52:02,INFO,PaymentGateway,User u2749 login successful,E101,User {user} login successful
1346,2026-01-10,08:18:09,INFO,WebServer,Health check passed: WebServer,E102,Health check passed: {service}
1347,2026-01-10,08:13:46,INFO,AuthService,Transaction tx950090 completed in 1958ms,E104,Transaction {tx} completed in {time}ms
1348,2026-01-10,08:48:31,WARN,AuthService,High latency (883ms) detected on AuthService,E201,High latency ({time}ms) detected on {service}
1349,2026-01-10,08:07:23,INFO,AuthService,Transaction tx577154 completed in 1601ms,E104,Transaction {tx} completed in {time}ms
1350,2026-01-10,08:00:40,INFO,OrderProcessor,Page view: /home by u2200,E103,Page view: {page} by {user}
1351,2026-01-10,08:08:18,INFO,WebServer,User u2714 login successful,E101,User {user} login successful
1352,2026-01-10,08:53:10,INFO,AuthService,User u2048 login successful,E101,User {user} login successful
1353,2026-01-10,08:55:15,INFO,WebServer,Transaction tx253211 completed in 1355ms,E104,Transaction {tx} completed in {time}ms
1354,2026-01-10,08:34:34,INFO,WebServer,User u4459 login successful,E101,User {user} login successful
1355,2026-01-10,08:53:21,INFO,AuthService,Page view: /home by u4015,E103,Page view: {page} by {user}
1356,2026-01-10,08:49:00,WARN,AuthService,Disk usage > 85% on node node-3,E202,Disk usage > 85% on node {node}
1357,2026-01-10,08:51:44,INFO,WebServer,Page view: /home by u4798,E103,Page view: {page} by {user}
1358,2026-01-10,08:57:48,INFO,WebServer,Health check passed: WebServer,E102,Health check passed: {service}
1359,2026-01-10,08:10:11,INFO,OrderProcessor,Page view: /home by u2970,E103,Page view: {page} by {user}
1360,2026-01-10,08:13:39,INFO,AuthService,Transaction tx228508 completed in 891ms,E104,Transaction {tx} completed in {time}ms
1361,2026-01-10,08:14:52,INFO,WebServer,Page view: /home by u1122,E103,Page view: {page} by {user}
1362,2026-01-10,08:28:54,INFO,InventoryDB,Health check passed: InventoryDB,E102,Health check passed: {service}
1363,2026-01-10,08:31:02,INFO,AuthService,Health check passed: AuthService,E102,Health check passed: {service}
1364,2026-01-10,08:01:56,INFO,WebServer,Health check passed: WebServer,E102,Health check passed: {service}
1365,2026-01-10,08:59:54,INFO,PaymentGateway,User u2644 login successful,E101,User {user} login successful
1366,2026-01-10,08:34:18,INFO,PaymentGateway,User u2265 login successful,E101,User {user} login successful
1367,2026-01-10,08:01:41,INFO,AuthService,Page view: /home by u2969,E103,Page view: {page} by {user}
1368,2026-01-10,08:41:35,INFO,WebServer,Health check passed: WebServer,E102,Health check passed: {service}
1369,2026-01-10,08:34:58,INFO,WebServer,User u4758 login successful,E101,User {user} login successful
1370,2026-01-10,08:17:59,INFO,WebServer,Page view: /home by u3481,E103,Page view: {page} by {user}
1371,2026-01-10,08:46:47,ERROR,PaymentGateway,Payment declined: Gateway unavailable,E503,Payment declined: Gateway unavailable
1372,2026-01-10,08:11:33,INFO,WebServer,Health check passed: WebServer,E102,Health check passed: {service}
1373,2026-01-10,08:06:36,INFO,AuthService,User u4843 login successful,E101,User {user} login successful
1374,2026-01-10,08:26:22,INFO,AuthService,User u4980 login successful,E101,User {user} login successful
1375,2026-01-10,08:26:37,WARN,WebServer,Disk usage > 85% on node node-4,E202,Disk usage > 85% on node {node}
1376,2026-01-10,08:09:08,INFO,InventoryDB,Health check passed: InventoryDB,E102,Health check passed: {service}
1377,2026-01-10,08:25:36,INFO,OrderProcessor,Health check passed: OrderProcessor,E102,Health check passed: {service}
1378,2026-01-10,08:01:16,INFO,AuthService,Transaction tx836385 completed in 1160ms,E104,Transaction {tx} completed in {time}ms
1379,2026-01-10,08:09:22,INFO,WebServer,Transaction tx919667 completed in 1486ms,E104,Transaction {tx} completed in {time}ms
1380,2026-01-10,08:07:28,INFO,OrderProcessor,Page view: /home by u3726,E103,Page view: {page} by {user}
1381,2026-01-10,08:14:08,INFO,WebServer,Transaction tx727545 completed in 1950ms,E104,Transaction {tx} completed in {time}ms
1382,2026-01-10,08:06:13,INFO,WebServer,User u2635 login successful,E101,User {user} login successful
1383,2026-01-10,08:59:34,INFO,AuthService,User u4652 login successful,E101,User {user} login successful
1384,2026-01-10,08:09:53,INFO,WebServer,User u2892 login successful,E101,User {user} login successful
1385,2026-01-10,08:51:08,INFO,OrderProcessor,User u2010 login successful,E101,User {user} login successful
1386,2026-01-10,08:46:51,INFO,WebServer,Health check passed: WebServer,E102,Health check passed: {service}
1387,2026-01-10,08:02:01,WARN,OrderProcessor,Unauthorized access attempt from 10.0.0.45,E401,Unauthorized access attempt from {ip}
1388,2026-01-10,08:01:24,INFO,OrderProcessor,Health check passed: OrderProcessor,E102,Health check passed: {service}
1389,2026-01-10,08:58:37,INFO,AuthService,User u4742 login successful,E101,User {user} login successful
1390,2026-01-10,08:32:15,INFO,AuthService,Health check passed: AuthService,E102,Health check passed: {service}
1391,2026-01-10,08:51:32,INFO,WebServer,Transaction tx596141 completed in 1654ms,E104,Transaction {tx} completed in {time}ms
1392,2026-01-10,08:57:25,INFO,WebServer,Transaction tx766972 completed in 780ms,E104,Transaction {tx} completed in {time}ms
1393,2026-01-10,08:41:45,INFO,AuthService,Health check passed: AuthService,E102,Health check passed: {service}
1394,2026-01-10,08:24:28,INFO,InventoryDB,Health check passed: InventoryDB,E102,Health check passed: {service}
1395,2026-01-10,08:00:39,INFO,WebServer,Page view: /home by u3458,E103,Page view: {page} by {user}
1396,2026-01-10,08:22:57,INFO,WebServer,User u4616 login successful,E101,User {user} login successful
1397,2026-01-10,08:16:56,WARN,AuthService,High latency (1046ms) detected on AuthService,E201,High latency ({time}ms) detected on {service}
1398,2026-01-10,08:09:28,INFO,WebServer,User u1957 login successful,E101,User {user} login successful
1399,2026-01-10,08:33:27,INFO,WebServer,Health check passed: WebServer,E102,Health check passed: {service}
1400,2026-01-10,08:16:08,WARN,AuthService,Unauthorized access attempt from 10.0.0.12,E401,Unauthorized access attempt from {ip}
1401,2026-01-10,08:55:42,ERROR,InventoryDB,Timeout waiting for lock on InventoryDB,E502,Timeout waiting for lock on {db}
1402,2026-01-10,08:32:01,INFO,WebServer,User u4985 login successful,E101,User {user} login successful
1403,2026-01-10,08:10:49,INFO,PaymentGateway,Health check passed: PaymentGateway,E102,Health check passed: {service}
1404,2026-01-10,08:44:25,INFO,WebServer,Health check passed: WebServer,E102,Health check passed: {service}
1405,2026-01-10,08:58:57,INFO,PaymentGateway,Health check passed: PaymentGateway,E102,Health check passed: {service}
1406,2026-01-10,08:47:37,INFO,WebServer,Transaction tx868369 completed in 1982ms,E104,Transaction {tx} completed in {time}ms
1407,2026-01-10,08:09:04,INFO,WebServer,User u4197 login successful,E101,User {user} login successful
1408,2026-01-10,08:39:47,INFO,AuthService,Transaction tx316737 completed in 1571ms,E104,Transaction {tx} completed in {time}ms
1409,2026-01-10,08:14:52,INFO,WebServer,Page view: /home by u3112,E103,Page view: {page} by {user}
1410,2026-01-10,08:20:12,INFO,OrderProcessor,Page view: /home by u4739,E103,Page view: {page} by {user}
1411,2026-01-10,08:04:59,INFO,WebServer,Page view: /home by u2109,E103,Page view: {page} by {user}
1412,2026-01-10,08:43:09,INFO,WebServer,Transaction tx532480 completed in 871ms,E104,Transaction {tx} completed in {time}ms
1413,2026-01-10,08:14:57,INFO,AuthService,Page view: /home by u4426,E103,Page view: {page} by {user}
1414,2026-01-10,08:39:37,INFO,OrderProcessor,User u1012 login successful,E101,User {user} login successful
1415,2026-01-10,08:09:29,INFO,WebServer,Page view: /home by u2827,E103,Page view: {page} by {user}
1416,2026-01-10,08:16:19,INFO,WebServer,Page view: /home by u4141,E103,Page view: {page} by {user}
1417,2026-01-10,08:08:41,INFO,WebServer,User u3863 login successful,E101,User {user} login successful
1418,2026-01-10,08:23:54,INFO,WebServer,Health check passed: WebServer,E102,Health check passed: {service}
1419,2026-01-10,08:22:30,INFO,WebServer,Health check passed: WebServer,E102,Health check passed: {service}
1420,2026-01-10,08:17:03,INFO,WebServer,Health check passed: WebServer,E102,Health check passed: {service}
1421,2026-01-10,08:05:50,INFO,AuthService,User u1057 login successful,E101,User {user} login successful
1422,2026-01-10,08:28:39,INFO,AuthService,Page view: /home by u1016,E103,Page view: {page} by {user}
1423,2026-01-10,08:39:00,INFO,WebServer,Page view: /home by u3195,E103,Page view: {page} by {user}
1424,2026-01-10,08:35:37,INFO,WebServer,User u3144 login successful,E101,User {user} login successful
1425,2026-01-10,08:47:13,INFO,WebServer,Page view: /home by u4528,E103,Page view: {page} by {user}
1426,2026-01-10,08:26:34,INFO,WebServer,Page view: /home by u3132,E103,Page view: {page} by {user}
1427,2026-01-10,08:20:51,INFO,AuthService,Page view: /home by u2400,E103,Page view: {page} by {user}
1428,2026-01-10,08:09:51,WARN,WebServer,High latency (924ms) detected on WebServer,E201,High latency ({time}ms) detected on {service}
1429,2026-01-10,08:44:06,INFO,WebServer,User u1816 login successful,E101,User {user} login successful
1430,2026-01-10,08:04:46,INFO,WebServer,Health check passed: WebServer,E102,Health check passed: {service}
1431,2026-01-10,08:37:05,INFO,WebServer,Health check passed: WebServer,E102,Health check passed: {service}
1432,2026-01-10,08:34:32,INFO,WebServer,Page view: /home by u4482,E103,Page view: {page} by {user}
1433,2026-01-10,08:16:28,INFO,InventoryDB,Transaction tx438211 completed in 543ms,E104,Transaction {tx} completed in {time}ms
1434,2026-01-10,08:56:00,INFO,WebServer,User u1468 login successful,E101,User {user} login successful
1435,2026-01-10,08:10:10,INFO,WebServer,Transaction tx850154 completed in 439ms,E104,Transaction {tx} completed in {time}ms
1436,2026-01-10,08:50:38,INFO,WebServer,User u2540 login successful,E101,User {user} login successful
1437,2026-01-10,08:50:56,INFO,WebServer,Page view: /home by u2426,E103,Page view: {page} by {user}
1438,2026-01-10,08:45:43,INFO,InventoryDB,User u4846 login successful,E101,User {user} login successful
1439,2026-01-10,08:14:00,INFO,AuthService,Transaction tx752987 completed in 1663ms,E104,Transaction {tx} completed in {time}ms
1440,2026-01-10,08:27:32,INFO,WebServer,Transaction tx346683 completed in 846ms,E104,Transaction {tx} completed in {time}ms
1441,2026-01-10,08:12:27,INFO,WebServer,Transaction tx103587 completed in 1617ms,E104,Transaction {tx} completed in {time}ms
1442,2026-01-10,08:25:32,WARN,OrderProcessor,Unauthorized access attempt from 10.0.0.12,E401,Unauthorized access attempt from {ip}
1443,2026-01-10,08:11:35,INFO,PaymentGateway,Transaction tx558093 completed in 1526ms,E104,Transaction {tx} completed in {time}ms
1444,2026-01-10,08:41:16,INFO,AuthService,Transaction tx820372 completed in 1177ms,E104,Transaction {tx} completed in {time}ms
1445,2026-01-10,08:17:27,INFO,WebServer,Health check passed: WebServer,E102,Health check passed: {service}
1446,2026-01-10,08:47:35,INFO,WebServer,Health check passed: WebServer,E102,Health check passed: {service}
1447,2026-01-10,08:02:11,INFO,WebServer,Page view: /home by u1337,E103,Page view: {page} by {user}
1448,2026-01-10,08:59:41,INFO,WebServer,Transaction tx579523 completed in 1983ms,E104,Transaction {tx} completed in {time}ms
1449,2026-01-10,08:07:22,INFO,AuthService,Transaction tx540399 completed in 941ms,E104,Transaction {tx} completed in {time}ms
1450,2026-01-10,08:28:47,INFO,OrderProcessor,Page view: /home by u4997,E103,Page view: {page} by {user}
1451,2026-01-10,08:58:58,INFO,AuthService,User u4925 login successful,E101,User {user} login successful
1452,2026-01-10,08:24:32,INFO,WebServer,Health check passed: WebServer,E102,Health check passed: {service}
1453,2026-01-10,08:17:32,INFO,PaymentGateway,Page view: /home by u1363,E103,Page view: {page} by {user}
1454,2026-01-10,08:15:26,INFO,AuthService,User u3334 login successful,E101,User {user} login successful
1455,2026-01-10,08:08:27,INFO,InventoryDB,Health check passed: InventoryDB,E102,Health check passed: {service}
1456,2026-01-10,08:52:55,INFO,InventoryDB,Page view: /home by u1102,E103,Page view: {page} by {user}
1457,2026-01-10,08:31:05,INFO,WebServer,User u3364 login successful,E101,User {user} login successful
1458,2026-01-10,08:36:23,INFO,PaymentGateway,User u4465 login successful,E101,User {user} login successful
1459,2026-01-10,08:58:42,INFO,WebServer,User u3473 login successful,E101,User {user} login successful
1460,2026-01-10,08:34:52,INFO,AuthService,Transaction tx845442 completed in 124ms,E104,Transaction {tx} completed in {time}ms
1461,2026-01-10,08:24:12,INFO,AuthService,Transaction tx868439 completed in 1077ms,E104,Transaction {tx} completed in {time}ms
1462,2026-01-10,08:11:52,INFO,WebServer,Page view: /home by u3635,E103,Page view: {page} by {user}
1463,2026-01-10,08:55:47,INFO,AuthService,Transaction tx226537 completed in 56ms,E104,Transaction {tx} completed in {time}ms
1464,2026-01-10,08:23:07,INFO,AuthService,User u4104 login successful,E101,User {user} login successful
1465,2026-01-10,08:45:18,INFO,AuthService,User u1195 login successful,E101,User {user} login successful
1466,2026-01-10,08:57:58,INFO,WebServer,Transaction tx504310 completed in 999ms,E104,Transaction {tx} completed in {time}ms
1467,2026-01-10,08:22:54,INFO,PaymentGateway,Transaction tx827212 completed in 647ms,E104,Transaction {tx} completed in {time}ms
1468,2026-01-10,08:58:55,INFO,WebServer,Health check passed: WebServer,E102,Health check passed: {service}
1469,2026-01-10,08:02:30,INFO,WebServer,Health check passed: WebServer,E102,Health check passed: {service}
1470,2026-01-10,08:52:59,ERROR,InventoryDB,Payment declined: Gateway unavailable,E503,Payment declined: Gateway unavailable
1471,2026-01-10,08:47:52,INFO,WebServer,Health check passed: WebServer,E102,Health check passed: {service}
1472,2026-01-10,08:11:34,INFO,PaymentGateway,Health check passed: PaymentGateway,E102,Health check passed: {service}
1473,2026-01-10,08:49:42,INFO,AuthService,Transaction tx175901 completed in 191ms,E104,Transaction {tx} completed in {time}ms
1474,2026-01-10,08:18:06,INFO,WebServer,User u4517 login successful,E101,User {user} login successful
1475,2026-01-10,08:33:20,INFO,AuthService,User u4285 login successful,E101,User {user} login successful
1476,2026-01-10,08:09:35,INFO,WebServer,Health check passed: WebServer,E102,Health check passed: {service}
1477,2026-01-10,08:20:22,INFO,OrderProcessor,Health check passed: OrderProcessor,E102,Health check passed: {service}
1478,2026-01-10,08:16:56,INFO,WebServer,User u3759 login successful,E101,User {user} login successful
1479,2026-01-10,08:40:19,INFO,WebServer,Health check passed: WebServer,E102,Health check passed: {service}
1480,2026-01-10,08:22:21,INFO,AuthService,Page view: /home by u1923,E103,Page view: {page} by {user}
1481,2026-01-10,08:11:21,INFO,OrderProcessor,Page view: /home by u4481,E103,Page view: {page} by {user}
1482,2026-01-10,08:44:54,INFO,WebServer,Health check passed: WebServer,E102,Health check passed: {service}
1483,2026-01-10,08:41:30,INFO,WebServer,Health check passed: WebServer,E102,Health check passed: {service}
1484,2026-01-10,08:45:13,INFO,WebServer,Health check passed: WebServer,E102,Health check passed: {service}
1485,2026-01-10,08:24:57,INFO,PaymentGateway,Transaction tx176665 completed in 1550ms,E104,Transaction {tx} completed in {time}ms
1486,2026-01-10,08:53:30,INFO,PaymentGateway,Health check passed: PaymentGateway,E102,Health check passed: {service}
1487,2026-01-10,08:40:11,INFO,WebServer,User u2216 login successful,E101,User {user} login successful
1488,2026-01-10,08:42:36,INFO,OrderProcessor,Page view: /home by u3618,E103,Page view: {page} by {user}
1489,2026-01-10,08:53:34,INFO,WebServer,User u2727 login successful,E101,User {user} login successful
1490,2026-01-10,08:51:59,INFO,WebServer,User u2464 login successful,E101,User {user} login successful
1491,2026-01-10,08:14:22,INFO,WebServer,Health check passed: WebServer,E102,Health check passed: {service}
1492,2026-01-10,08:58:11,INFO,InventoryDB,Transaction tx152782 completed in 1927ms,E104,Transaction {tx} completed in {time}ms
1493,2026-01-10,08:45:09,INFO,WebServer,Transaction tx395092 completed in 1482ms,E104,Transaction {tx} completed in {time}ms
1494,2026-01-10,08:49:33,INFO,WebServer,Transaction tx166304 completed in 168ms,E104,Transaction {tx} completed in {time}ms
1495,2026-01-10,08:08:58,INFO,WebServer,User u3737 login successful,E101,User {user} login successful
1496,2026-01-10,08:46:29,INFO,AuthService,Transaction tx743180 completed in 747ms,E104,Transaction {tx} completed in {time}ms
1497,2026-01-10,08:39:49,INFO,OrderProcessor,User u4710 login successful,E101,User {user} login successful
1498,2026-01-10,08:16:42,INFO,WebServer,Transaction tx211086 completed in 746ms,E104,Transaction {tx} completed in {time}ms
1499,2026-01-10,08:21:20,INFO,OrderProcessor,Health check passed: OrderProcessor,E102,Health check passed: {service}
1500,2026-01-10,08:59:51,INFO,PaymentGateway,Transaction tx482818 completed in 1145ms,E104,Transaction {tx} completed in {time}ms
1501,2026-01-10,08:07:00,INFO,PaymentGateway,Health check passed: PaymentGateway,E102,Health check passed: {service}
1502,2026-01-10,08:23:38,INFO,WebServer,User u4019 login successful,E101,User {user} login successful
1503,2026-01-10,08:42:14,WARN,WebServer,Unauthorized access attempt from 10.0.0.45,E401,Unauthorized access attempt from {ip}
1504,2026-01-10,08:02:48,INFO,WebServer,Transaction tx535809 completed in 272ms,E104,Transaction {tx} completed in {time}ms
1505,2026-01-10,08:37:01,INFO,WebServer,User u2501 login successful,E101,User {user} login successful
1506,2026-01-10,08:40:10,INFO,OrderProcessor,User u2849 login successful,E101,User {user} login successful
1507,2026-01-10,08:02:46,INFO,AuthService,User u3074 login successful,E101,User {user} login successful
1508,2026-01-10,08:07:43,INFO,WebServer,Transaction tx731791 completed in 1273ms,E104,Transaction {tx} completed in {time}ms
1509,2026-01-10,08:10:32,INFO,WebServer,User u1281 login successful,E101,User {user} login successful
1510,2026-01-10,08:53:15,INFO,WebServer,Health check passed: WebServer,E102,Health check passed: {service}
1511,2026-01-10,08:49:05,INFO,AuthService,Page view: /home by u1108,E103,Page view: {page} by {user}
1512,2026-01-10,08:57:19,INFO,WebServer,Transaction tx699919 completed in 83ms,E104,Transaction {tx} completed in {time}ms
1513,2026-01-10,08:39:21,INFO,WebServer,Page view: /home by u2788,E103,Page view: {page} by {user}
1514,2026-01-10,08:58:03,INFO,WebServer,Transaction tx313904 completed in 396ms,E104,Transaction {tx} completed in {time}ms
1515,2026-01-10,08:59:22,INFO,WebServer,User u4508 login successful,E101,User {user} login successful
1516,2026-01-10,08:36:32,INFO,WebServer,User u4386 login successful,E101,User {user} login successful
1517,2026-01-10,08:08:28,INFO,AuthService,Page view: /home by u2913,E103,Page view: {page} by {user}
1518,2026-01-10,08:32:08,CRITICAL,WebServer,DATA CORRUPTION detected in sector 381,E602,DATA CORRUPTION detected in sector {sector}
1519,2026-01-10,08:52:22,INFO,AuthService,User u2948 login successful,E101,User {user} login successful
1520,2026-01-10,08:25:38,INFO,WebServer,User u4439 login successful,E101,User {user} login successful
1521,2026-01-10,08:51:26,INFO,WebServer,Page view: /home by u4011,E103,Page view: {page} by {user}
1522,2026-01-10,08:04:46,INFO,OrderProcessor,User u2885 login successful,E101,User {user} login successful
1523,2026-01-10,08:10:36,INFO,AuthService,User u1160 login successful,E101,User {user} login successful
1524,2026-01-10,08:17:29,INFO,OrderProcessor,User u1623 login successful,E101,User {user} login successful
1525,2026-01-10,08:41:20,INFO,AuthService,Transaction tx302912 completed in 884ms,E104,Transaction {tx} completed in {time}ms
1526,2026-01-10,08:14:00,INFO,WebServer,Page view: /home by u4855,E103,Page view: {page} by {user}
1527,2026-01-10,08:53:50,WARN,WebServer,High latency (1297ms) detected on WebServer,E201,High latency ({time}ms) detected on {service}
1528,2026-01-10,08:25:45,INFO,AuthService,Health check passed: AuthService,E102,Health check passed: {service}
1529,2026-01-10,08:58:50,INFO,WebServer,Page view: /home by u4509,E103,Page view: {page} by {user}
1530,2026-01-10,08:44:33,INFO,OrderProcessor,User u2381 login successful,E101,User {user} login successful
1531,2026-01-10,08:09:06,INFO,PaymentGateway,Page view: /home by u2089,E103,Page view: {page} by {user}
1532,2026-01-10,08:15:05,INFO,AuthService,Health check passed: AuthService,E102,Health check passed: {service}
1533,2026-01-10,08:45:07,INFO,AuthService,Page view: /home by u2634,E103,Page view: {page} by {user}
1534,2026-01-10,08:28:07,INFO,AuthService,Page view: /home by u2957,E103,Page view: {page} by {user}
1535,2026-01-10,08:42:05,INFO,WebServer,Health check passed: WebServer,E102,Health check passed: {service}
1536,2026-01-10,08:21:03,INFO,AuthService,Health check passed: AuthService,E102,Health check passed: {service}
1537,2026-01-10,08:34:38,INFO,PaymentGateway,User u3678 login successful,E101,User {user} login successful
1538,2026-01-10,08:24:27,INFO,AuthService,Transaction tx471681 completed in 267ms,E104,Transaction {tx} completed in {time}ms
1539,2026-01-10,08:05:41,INFO,AuthService,Health check passed: AuthService,E102,Health check passed: {service}
1540,2026-01-10,08:23:07,INFO,WebServer,Page view: /home by u3486,E103,Page view: {page} by {user}
1541,2026-01-10,08:40:37,INFO,PaymentGateway,Health check passed: PaymentGateway,E102,Health check passed: {service}
1542,2026-01-10,08:52:23,INFO,WebServer,Health check passed: WebServer,E102,Health check passed: {service}
1543,2026-01-10,08:28:39,INFO,InventoryDB,User u3365 login successful,E101,User {user} login successful
1544,2026-01-10,08:50:41,INFO,PaymentGateway,Page view: /home by u2072,E103,Page view: {page} by {user}
1545,2026-01-10,08:50:52,INFO,PaymentGateway,Transaction tx528219 completed in 1805ms,E104,Transaction {tx} completed in {time}ms
1546,2026-01-10,08:31:28,INFO,WebServer,Page view: /home by u4922,E103,Page view: {page} by {user}
1547,2026-01-10,08:48:39,INFO,WebServer,Page view: /home by u1029,E103,Page view: {page} by {user}
1548,2026-01-10,08:14:05,INFO,InventoryDB,Page view: /home by u4099,E103,Page view: {page} by {user}
1549,2026-01-10,08:39:25,INFO,WebServer,Page view: /home by u4752,E103,Page view: {page} by {user}
1550,2026-01-10,08:05:26,INFO,AuthService,Health check passed: AuthService,E102,Health check passed: {service}
1551,2026-01-10,08:54:48,INFO,InventoryDB,Transaction tx696369 completed in 1027ms,E104,Transaction {tx} completed in {time}ms
1552,2026-01-10,08:28:06,INFO,WebServer,Health check passed: WebServer,E102,Health check passed: {service}
1553,2026-01-10,08:11:11,INFO,OrderProcessor,Health check passed: OrderProcessor,E102,Health check passed: {service}
1554,2026-01-10,08:40:55,INFO,OrderProcessor,User u4112 login successful,E101,User {user} login successful
1555,2026-01-10,08:16:09,INFO,WebServer,Page view: /home by u2281,E103,Page view: {page} by {user}
1556,2026-01-10,08:23:25,INFO,WebServer,User u3617 login successful,E101,User {user} login successful
1557,2026-01-10,08:16:52,INFO,WebServer,Page view: /home by u1066,E103,Page view: {page} by {user}
1558,2026-01-10,08:34:27,INFO,WebServer,Health check passed: WebServer,E102,Health check passed: {service}
1559,2026-01-10,08:20:26,INFO,InventoryDB,Page view: /home by u2066,E103,Page view: {page} by {user}
1560,2026-01-10,08:32:19,INFO,OrderProcessor,Page view: /home by u2288,E103,Page view: {page} by {user}
1561,2026-01-10,08:50:23,INFO,WebServer,Page view: /home by u4577,E103,Page view: {page} by {user}
1562,2026-01-10,08:58:54,INFO,WebServer,Transaction tx835352 completed in 363ms,E104,Transaction {tx} completed in {time}ms
1563,2026-01-10,08:32:09,INFO,OrderProcessor,Page view: /home by u4246,E103,Page view: {page} by {user}
1564,2026-01-10,08:15:41,INFO,WebServer,Page view: /home by u4533,E103,Page view: {page} by {user}
1565,2026-01-10,08:56:31,INFO,PaymentGateway,User u3756 login successful,E101,User {user} login successful
1566,2026-01-10,08:17:19,INFO,WebServer,Transaction tx125665 completed in 1907ms,E104,Transaction {tx} completed in {time}ms
1567,2026-01-10,08:01:10,INFO,InventoryDB,User u3549 login successful,E101,User {user} login successful
1568,2026-01-10,08:06:41,INFO,PaymentGateway,Transaction tx610643 completed in 28ms,E104,Transaction {tx} completed in {time}ms
1569,2026-01-10,08:12:45,INFO,WebServer,Transaction tx365518 completed in 1240ms,E104,Transaction {tx} completed in {time}ms
1570,2026-01-10,08:29:57,INFO,WebServer,Page view: /home by u4374,E103,Page view: {page} by {user}
1571,2026-01-10,08:08:29,WARN,PaymentGateway,Unauthorized access attempt from 10.0.0.12,E401,Unauthorized access attempt from {ip}
1572,2026-01-10,08:42:40,INFO,AuthService,Health check passed: AuthService,E102,Health check passed: {service}
1573,2026-01-10,08:04:50,INFO,InventoryDB,Health check passed: InventoryDB,E102,Health check passed: {service}
1574,2026-01-10,08:50:25,INFO,OrderProcessor,Health check passed: OrderProcessor,E102,Health check passed: {service}
1575,2026-01-10,08:09:46,INFO,WebServer,Transaction tx369610 completed in 1469ms,E104,Transaction {tx} completed in {time}ms
1576,2026-01-10,08:05:06,INFO,WebServer,User u3551 login successful,E101,User {user} login successful
1577,2026-01-10,08:29:55,INFO,WebServer,Transaction tx847312 completed in 1062ms,E104,Transaction {tx} completed in {time}ms
1578,2026-01-10,08:40:13,INFO,PaymentGateway,Health check passed: PaymentGateway,E102,Health check passed: {service}
1579,2026-01-10,08:48:16,INFO,InventoryDB,Page view: /home by u2660,E103,Page view: {page} by {user}
1580,2026-01-10,08:53:05,WARN,OrderProcessor,Unauthorized access attempt from 10.0.0.45,E401,Unauthorized access attempt from {ip}
1581,2026-01-10,08:55:06,INFO,InventoryDB,Page view: /home by u3217,E103,Page view: {page} by {user}
1582,2026-01-10,08:50:05,WARN,AuthService,Disk usage > 85% on node node-4,E202,Disk usage > 85% on node {node}
1583,2026-01-10,08:00:34,INFO,WebServer,User u1878 login successful,E101,User {user} login successful
1584,2026-01-10,08:58:48,INFO,WebServer,Transaction tx126541 completed in 1146ms,E104,Transaction {tx} completed in {time}ms
1585,2026-01-10,08:34:25,INFO,WebServer,User u3544 login successful,E101,User {user} login successful
1586,2026-01-10,08:43:19,INFO,AuthService,User u2674 login successful,E101,User {user} login successful
1587,2026-01-10,08:38:19,INFO,WebServer,Page view: /home by u3057,E103,Page view: {page} by {user}
1588,2026-01-10,08:18:59,INFO,OrderProcessor,Page view: /home by u1198,E103,Page view: {page} by {user}
1589,2026-01-10,08:13:56,INFO,AuthService,User u2321 login successful,E101,User {user} login successful
1590,2026-01-10,08:46:52,INFO,PaymentGateway,User u2122 login successful,E101,User {user} login successful
1591,2026-01-10,08:48:00,INFO,WebServer,Page view: /home by u4666,E103,Page view: {page} by {user}
1592,2026-01-10,08:54:27,INFO,WebServer,Health check passed: WebServer,E102,Health check passed: {service}
1593,2026-01-10,08:55:45,INFO,WebServer,Transaction tx573846 completed in 1416ms,E104,Transaction {tx} completed in {time}ms
1594,2026-01-10,08:57:47,INFO,OrderProcessor,Health check passed: OrderProcessor,E102,Health check passed: {service}
1595,2026-01-10,08:10:27,INFO,WebServer,Health check passed: WebServer,E102,Health check passed: {service}
1596,2026-01-10,08:05:16,WARN,AuthService,High latency (979ms) detected on AuthService,E201,High latency ({time}ms) detected on {service}
1597,2026-01-10,08:49:27,INFO,InventoryDB,User u3737 login successful,E101,User {user} login successful
1598,2026-01-10,08:23:55,INFO,WebServer,Page view: /home by u1595,E103,Page view: {page} by {user}
1599,2026-01-10,08:05:34,INFO,WebServer,User u2464 login successful,E101,User {user} login successful
1600,2026-01-10,08:28:10,INFO,WebServer,Transaction tx484855 completed in 838ms,E104,Transaction {tx} completed in {time}ms
1601,2026-01-10,08:05:57,INFO,AuthService,Page view: /home by u4130,E103,Page view: {page} by {user}
1602,2026-01-10,08:58:51,INFO,WebServer,Health check passed: WebServer,E102,Health check passed: {service}
1603,2026-01-10,08:21:01,INFO,PaymentGateway,Page view: /home by u1157,E103,Page view: {page} by {user}
1604,2026-01-10,08:53:46,INFO,OrderProcessor,Health check passed: OrderProcessor,E102,Health check passed: {service}
1605,2026-01-10,08:03:37,INFO,WebServer,Page view: /home by u3620,E103,Page view: {page} by {user}
1606,2026-01-10,08:28:14,INFO,AuthService,Transaction tx719245 completed in 397ms,E104,Transaction {tx} completed in {time}ms
1607,2026-01-10,08:15:27,INFO,AuthService,User u1479 login successful,E101,User {user} login successful
1608,2026-01-10,08:25:46,INFO,WebServer,Transaction tx216302 completed in 325ms,E104,Transaction {tx} completed in {time}ms
1609,2026-01-10,08:06:21,INFO,OrderProcessor,Transaction tx998075 completed in 1743ms,E104,Transaction {tx} completed in {time}ms
1610,2026-01-10,08:30:11,INFO,PaymentGateway,User u2457 login successful,E101,User {user} login successful
1611,2026-01-10,08:56:19,INFO,AuthService,Transaction tx869205 completed in 670ms,E104,Transaction {tx} completed in {time}ms
1612,2026-01-10,08:42:32,INFO,WebServer,Transaction tx433939 completed in 1432ms,E104,Transaction {tx} completed in {time}ms
1613,2026-01-10,08:48:26,INFO,PaymentGateway,Page view: /home by u3967,E103,Page view: {page} by {user}
1614,2026-01-10,08:20:50,INFO,WebServer,Transaction tx993243 completed in 575ms,E104,Transaction {tx} completed in {time}ms
1615,2026-01-10,08:52:33,INFO,PaymentGateway,Transaction tx267562 completed in 1447ms,E104,Transaction {tx} completed in {time}ms
1616,2026-01-10,08:08:59,INFO,PaymentGateway,Transaction tx573469 completed in 1841ms,E104,Transaction {tx} completed in {time}ms
1617,2026-01-10,08:41:13,INFO,WebServer,Page view: /home by u1669,E103,Page view: {page} by {user}
1618,2026-01-10,08:32:06,INFO,WebServer,Transaction tx907870 completed in 1382ms,E104,Transaction {tx} completed in {time}ms
1619,2026-01-10,08:33:48,INFO,WebServer,Transaction tx153789 completed in 1257ms,E104,Transaction {tx} completed in {time}ms
1620,2026-01-10,08:37:52,WARN,WebServer,Disk usage > 85% on node node-2,E202,Disk usage > 85% on node {node}
1621,2026-01-10,08:53:39,INFO,WebServer,Page view: /home by u2100,E103,Page view: {page} by {user}
1622,2026-01-10,08:39:23,INFO,AuthService,User u1324 login successful,E101,User {user} login successful
1623,2026-01-10,08:17:04,INFO,AuthService,User u2624 login successful,E101,User {user} login successful
1624,2026-01-10,08:11:29,INFO,WebServer,Page view: /home by u1914,E103,Page view: {page} by {user}
1625,2026-01-10,08:04:53,INFO,AuthService,Transaction tx560815 completed in 627ms,E104,Transaction {tx} completed in {time}ms
1626,2026-01-10,08:30:56,INFO,WebServer,Page view: /home by u3422,E103,Page view: {page} by {user}
1627,2026-01-10,08:33:38,INFO,PaymentGateway,Page view: /home by u2607,E103,Page view: {page} by {user}
1628,2026-01-10,08:00:18,INFO,WebServer,Transaction tx663103 completed in 1691ms,E104,Transaction {tx} completed in {time}ms
1629,2026-01-10,08:56:27,WARN,WebServer,High latency (1168ms) detected on WebServer,E201,High latency ({time}ms) detected on {service}
1630,2026-01-10,08:26:39,INFO,OrderProcessor,Transaction tx261559 completed in 1135ms,E104,Transaction {tx} completed in {time}ms
1631,2026-01-10,08:25:15,INFO,WebServer,Health check passed: WebServer,E102,Health check passed: {service}
1632,2026-01-10,08:58:40,INFO,WebServer,Health check passed: WebServer,E102,Health check passed: {service}
1633,2026-01-10,08:18:43,INFO,AuthService,Transaction tx575430 completed in 1529ms,E104,Transaction {tx} completed in {time}ms
1634,2026-01-10,08:45:45,INFO,WebServer,Page view: /home by u1162,E103,Page view: {page} by {user}
1635,2026-01-10,08:54:10,INFO,OrderProcessor,Health check passed: OrderProcessor,E102,Health check passed: {service}
1636,2026-01-10,08:18:29,INFO,OrderProcessor,User u1018 login successful,E101,User {user} login successful
1637,2026-01-10,08:46:53,INFO,WebServer,Transaction tx385733 completed in 838ms,E104,Transaction {tx} completed in {time}ms
1638,2026-01-10,08:09:30,INFO,PaymentGateway,User u4075 login successful,E101,User {user} login successful
1639,2026-01-10,08:53:38,INFO,WebServer,User u2380 login successful,E101,User {user} login successful
1640,2026-01-10,08:46:08,INFO,InventoryDB,User u1158 login successful,E101,User {user} login successful
1641,2026-01-10,08:09:42,INFO,WebServer,User u3929 login successful,E101,User {user} login successful
1642,2026-01-10,08:44:14,INFO,WebServer,User u4264 login successful,E101,User {user} login successful
1643,2026-01-10,08:07:24,INFO,WebServer,User u2997 login successful,E101,User {user} login successful
1644,2026-01-10,08:49:39,INFO,PaymentGateway,Health check passed: PaymentGateway,E102,Health check passed: {service}
1645,2026-01-10,08:29:30,INFO,AuthService,Page view: /home by u1758,E103,Page view: {page} by {user}
1646,2026-01-10,08:55:22,INFO,OrderProcessor,Transaction tx757444 completed in 428ms,E104,Transaction {tx} completed in {time}ms
1647,2026-01-10,08:57:52,INFO,AuthService,Transaction tx397798 completed in 868ms,E104,Transaction {tx} completed in {time}ms
1648,2026-01-10,08:43:11,INFO,InventoryDB,Transaction tx324119 completed in 1679ms,E104,Transaction {tx} completed in {time}ms
1649,2026-01-10,08:38:37,INFO,WebServer,Transaction tx641604 completed in 1050ms,E104,Transaction {tx} completed in {time}ms
1650,2026-01-10,08:57:40,INFO,WebServer,Transaction tx802203 completed in 1838ms,E104,Transaction {tx} completed in {time}ms
1651,2026-01-10,08:10:34,INFO,AuthService,Page view: /home by u1511,E103,Page view: {page} by {user}
1652,2026-01-10,08:38:53,INFO,OrderProcessor,Transaction tx810371 completed in 1463ms,E104,Transaction {tx} completed in {time}ms
1653,2026-01-10,08:48:54,INFO,OrderProcessor,Health check passed: OrderProcessor,E102,Health check passed: {service}
1654,2026-01-10,08:17:40,INFO,WebServer,User u3021 login successful,E101,User {user} login successful
1655,2026-01-10,08:46:14,INFO,WebServer,Transaction tx800037 completed in 1594ms,E104,Transaction {tx} completed in {time}ms
1656,2026-01-10,08:11:59,INFO,PaymentGateway,Health check passed: PaymentGateway,E102,Health check passed: {service}
1657,2026-01-10,08:22:53,INFO,AuthService,Health check passed: AuthService,E102,Health check passed: {service}
1658,2026-01-10,08:59:58,INFO,WebServer,User u1905 login successful,E101,User {user} login successful
1659,2026-01-10,08:20:33,INFO,WebServer,Page view: /home by u2005,E103,Page view: {page} by {user}
1660,2026-01-10,08:20:29,INFO,WebServer,Transaction tx453227 completed in 321ms,E104,Transaction {tx} completed in {time}ms
1661,2026-01-10,08:52:44,WARN,WebServer,High latency (1262ms) detected on WebServer,E201,High latency ({time}ms) detected on {service}
1662,2026-01-10,08:51:56,INFO,WebServer,User u3888 login successful,E101,User {user} login successful
1663,2026-01-10,08:24:28,WARN,AuthService,High latency (163ms) detected on AuthService,E201,High latency ({time}ms) detected on {service}
1664,2026-01-10,08:27:12,INFO,AuthService,Page view: /home by u1925,E103,Page view: {page} by {user}
1665,2026-01-10,08:14:57,INFO,WebServer,User u2196 login successful,E101,User {user} login successful
1666,2026-01-10,08:28:28,INFO,AuthService,Transaction tx604025 completed in 211ms,E104,Transaction {tx} completed in {time}ms
1667,2026-01-10,08:13:27,INFO,WebServer,Transaction tx225552 completed in 1584ms,E104,Transaction {tx} completed in {time}ms
1668,2026-01-10,08:36:07,INFO,AuthService,User u3236 login successful,E101,User {user} login successful
1669,2026-01-10,08:34:53,INFO,WebServer,Health check passed: WebServer,E102,Health check passed: {service}
1670,2026-01-10,08:21:09,INFO,WebServer,User u1575 login successful,E101,User {user} login successful
1671,2026-01-10,08:16:13,WARN,OrderProcessor,Unauthorized access attempt from 10.0.0.45,E401,Unauthorized access attempt from {ip}
1672,2026-01-10,08:28:22,INFO,PaymentGateway,Health check passed: PaymentGateway,E102,Health check passed: {service}
1673,2026-01-10,08:15:42,INFO,OrderProcessor,User u1627 login successful,E101,User {user} login successful
1674,2026-01-10,08:43:22,INFO,WebServer,Page view: /home by u3245,E103,Page view: {page} by {user}
1675,2026-01-10,08:37:30,INFO,OrderProcessor,Page view: /home by u3528,E103,Page view: {page} by {user}
1676,2026-01-10,08:38:29,INFO,WebServer,Page view: /home by u4351,E103,Page view: {page} by {user}
1677,2026-01-10,08:39:45,INFO,WebServer,User u2898 login successful,E101,User {user} login successful
1678,2026-01-10,08:50:29,WARN,WebServer,Disk usage > 85% on node node-5,E202,Disk usage > 85% on node {node}
1679,2026-01-10,08:14:53,INFO,WebServer,Page view: /home by u2370,E103,Page view: {page} by {user}
1680,2026-01-10,08:38:55,INFO,WebServer,Page view: /home by u4082,E103,Page view: {page} by {user}
1681,2026-01-10,08:25:58,INFO,WebServer,Transaction tx323075 completed in 1743ms,E104,Transaction {tx} completed in {time}ms
1682,2026-01-10,08:13:45,INFO,OrderProcessor,Page view: /home by u2196,E103,Page view: {page} by {user}
1683,2026-01-10,08:04:51,INFO,WebServer,Transaction tx406896 completed in 868ms,E104,Transaction {tx} completed in {time}ms
1684,2026-01-10,08:52:33,INFO,WebServer,User u4915 login successful,E101,User {user} login successful
1685,2026-01-10,08:47:04,WARN,OrderProcessor,High latency (772ms) detected on OrderProcessor,E201,High latency ({time}ms) detected on {service}
1686,2026-01-10,08:56:44,INFO,AuthService,User u1936 login successful,E101,User {user} login successful
1687,2026-01-10,08:50:44,INFO,PaymentGateway,Page view: /home by u4172,E103,Page view: {page} by {user}
1688,2026-01-10,08:05:03,INFO,AuthService,Page view: /home by u3510,E103,Page view: {page} by {user}
1689,2026-01-10,08:02:54,INFO,WebServer,Health check passed: WebServer,E102,Health check passed: {service}
1690,2026-01-10,08:05:29,INFO,OrderProcessor,User u2708 login successful,E101,User {user} login successful
1691,2026-01-10,08:32:00,INFO,WebServer,Page view: /home by u3427,E103,Page view: {page} by {user}
1692,2026-01-10,08:36:45,INFO,WebServer,Transaction tx752419 completed in 1425ms,E104,Transaction {tx} completed in {time}ms
1693,2026-01-10,08:16:05,INFO,AuthService,Transaction tx572562 completed in 1825ms,E104,Transaction {tx} completed in {time}ms
1694,2026-01-10,08:36:23,INFO,WebServer,Health check passed: WebServer,E102,Health check passed: {service}
1695,2026-01-10,08:20:24,INFO,AuthService,Transaction tx649108 completed in 769ms,E104,Transaction {tx} completed in {time}ms
1696,2026-01-10,08:19:59,INFO,WebServer,User u2404 login successful,E101,User {user} login successful
1697,2026-01-10,08:52:49,INFO,InventoryDB,Transaction tx657725 completed in 1257ms,E104,Transaction {tx} completed in {time}ms
1698,2026-01-10,08:01:49,WARN,AuthService,Unauthorized access attempt from 10.0.0.12,E401,Unauthorized access attempt from {ip}
1699,2026-01-10,08:52:53,WARN,WebServer,Unauthorized access attempt from 10.0.0.45,E401,Unauthorized access attempt from {ip}
1700,2026-01-10,08:52:51,INFO,WebServer,User u2943 login successful,E101,User {user} login successful
1701,2026-01-10,08:34:08,INFO,WebServer,Page view: /home by u2927,E103,Page view: {page} by {user}
1702,2026-01-10,08:09:32,INFO,AuthService,Page view: /home by u2707,E103,Page view: {page} by {user}
1703,2026-01-10,08:27:52,INFO,PaymentGateway,Page view: /home by u2627,E103,Page view: {page} by {user}
1704,2026-01-10,08:35:13,INFO,OrderProcessor,Transaction tx584948 completed in 1299ms,E104,Transaction {tx} completed in {time}ms
1705,2026-01-10,08:04:57,INFO,AuthService,Transaction tx537170 completed in 1218ms,E104,Transaction {tx} completed in {time}ms
1706,2026-01-10,08:57:34,INFO,WebServer,Health check passed: WebServer,E102,Health check passed: {service}
1707,2026-01-10,08:38:24,INFO,InventoryDB,Health check passed: InventoryDB,E102,Health check passed: {service}
1708,2026-01-10,08:36:54,WARN,AuthService,Disk usage > 85% on node node-5,E202,Disk usage > 85% on node {node}
1709,2026-01-10,08:05:44,INFO,PaymentGateway,Transaction tx744535 completed in 390ms,E104,Transaction {tx} completed in {time}ms
1710,2026-01-10,08:13:10,INFO,OrderProcessor,Page view: /home by u2370,E103,Page view: {page} by {user}
1711,2026-01-10,08:06:32,INFO,PaymentGateway,Transaction tx137397 completed in 1292ms,E104,Transaction {tx} completed in {time}ms
1712,2026-01-10,08:15:25,WARN,PaymentGateway,Disk usage > 85% on node node-4,E202,Disk usage > 85% on node {node}
1713,2026-01-10,08:39:34,INFO,WebServer,Page view: /home by u3467,E103,Page view: {page} by {user}
1714,2026-01-10,08:49:49,INFO,OrderProcessor,User u2783 login successful,E101,User {user} login successful
1715,2026-01-10,08:12:03,INFO,InventoryDB,Transaction tx432544 completed in 1550ms,E104,Transaction {tx} completed in {time}ms
1716,2026-01-10,08:26:13,INFO,OrderProcessor,Health check passed: OrderProcessor,E102,Health check passed: {service}
1717,2026-01-10,08:11:22,INFO,PaymentGateway,Page view: /home by u3252,E103,Page view: {page} by {user}
1718,2026-01-10,08:52:12,INFO,PaymentGateway,Page view: /home by u3237,E103,Page view: {page} by {user}
1719,2026-01-10,08:29:03,INFO,PaymentGateway,Page view: /home by u1526,E103,Page view: {page} by {user}
1720,2026-01-10,08:26:33,INFO,WebServer,Transaction tx184819 completed in 1736ms,E104,Transaction {tx} completed in {time}ms
1721,2026-01-10,08:33:13,WARN,OrderProcessor,High latency (1351ms) detected on OrderProcessor,E201,High latency ({time}ms) detected on {service}
1722,2026-01-10,08:19:11,INFO,WebServer,Page view: /home by u4940,E103,Page view: {page} by {user}
1723,2026-01-10,08:41:44,INFO,AuthService,Page view: /home by u4171,E103,Page view: {page} by {user}
1724,2026-01-10,08:49:13,INFO,AuthService,Transaction tx792132 completed in 1264ms,E104,Transaction {tx} completed in {time}ms
1725,2026-01-10,08:17:11,INFO,PaymentGateway,Health check passed: PaymentGateway,E102,Health check passed: {service}
1726,2026-01-10,08:58:16,INFO,AuthService,Transaction tx530843 completed in 492ms,E104,Transaction {tx} completed in {time}ms
1727,2026-01-10,08:25:29,INFO,WebServer,Health check passed: WebServer,E102,Health check passed: {service}
1728,2026-01-10,08:47:09,INFO,InventoryDB,Health check passed: InventoryDB,E102,Health check passed: {service}
1729,2026-01-10,08:23:31,INFO,OrderProcessor,Health check passed: OrderProcessor,E102,Health check passed: {service}
1730,2026-01-10,08:07:19,CRITICAL,WebServer,DATA CORRUPTION detected in sector 729,E602,DATA CORRUPTION detected in sector {sector}
1731,2026-01-10,08:54:13,INFO,WebServer,Transaction tx270165 completed in 1660ms,E104,Transaction {tx} completed in {time}ms
1732,2026-01-10,08:06:18,INFO,OrderProcessor,Transaction tx487286 completed in 939ms,E104,Transaction {tx} completed in {time}ms
1733,2026-01-10,08:06:30,INFO,WebServer,Transaction tx879078 completed in 1137ms,E104,Transaction {tx} completed in {time}ms
1734,2026-01-10,08:21:47,INFO,WebServer,User u2145 login successful,E101,User {user} login successful
1735,2026-01-10,08:21:46,INFO,AuthService,User u4229 login successful,E101,User {user} login successful
1736,2026-01-10,08:45:53,INFO,WebServer,Transaction tx221354 completed in 1843ms,E104,Transaction {tx} completed in {time}ms
1737,2026-01-10,08:01:11,INFO,WebServer,Transaction tx617167 completed in 1174ms,E104,Transaction {tx} completed in {time}ms
1738,2026-01-10,08:52:46,INFO,InventoryDB,User u3011 login successful,E101,User {user} login successful
1739,2026-01-10,08:21:27,INFO,AuthService,Page view: /home by u1682,E103,Page view: {page} by {user}
1740,2026-01-10,08:01:00,WARN,AuthService,Disk usage > 85% on node node-3,E202,Disk usage > 85% on node {node}
1741,2026-01-10,08:23:03,INFO,WebServer,Transaction tx949451 completed in 1656ms,E104,Transaction {tx} completed in {time}ms
1742,2026-01-10,08:51:25,INFO,WebServer,User u1827 login successful,E101,User {user} login successful
1743,2026-01-10,08:22:34,INFO,AuthService,Health check passed: AuthService,E102,Health check passed: {service}
1744,2026-01-10,08:13:46,INFO,WebServer,Transaction tx492759 completed in 1202ms,E104,Transaction {tx} completed in {time}ms
1745,2026-01-10,08:09:57,INFO,WebServer,User u2092 login successful,E101,User {user} login successful
1746,2026-01-10,08:48:35,INFO,WebServer,Health check passed: WebServer,E102,Health check passed: {service}
1747,2026-01-10,08:43:48,INFO,OrderProcessor,Health check passed: OrderProcessor,E102,Health check passed: {service}
1748,2026-01-10,08:31:04,INFO,OrderProcessor,User u3786 login successful,E101,User {user} login successful
1749,2026-01-10,08:29:28,INFO,WebServer,User u4105 login successful,E101,User {user} login successful
1750,2026-01-10,08:56:20,INFO,OrderProcessor,Transaction tx789021 completed in 1176ms,E104,Transaction {tx} completed in {time}ms
1751,2026-01-10,08:07:16,WARN,WebServer,Disk usage > 85% on node node-2,E202,Disk usage > 85% on node {node}
1752,2026-01-10,08:26:16,WARN,WebServer,Unauthorized access attempt from 10.0.0.45,E401,Unauthorized access attempt from {ip}
1753,2026-01-10,08:16:00,INFO,WebServer,User u1135 login successful,E101,User {user} login successful
1754,2026-01-10,08:26:40,INFO,WebServer,Health check passed: WebServer,E102,Health check passed: {service}
1755,2026-01-10,08:36:45,INFO,WebServer,Page view: /home by u4557,E103,Page view: {page} by {user}
1756,2026-01-10,08:12:49,INFO,WebServer,Transaction tx204945 completed in 360ms,E104,Transaction {tx} completed in {time}ms
1757,2026-01-10,08:52:07,INFO,AuthService,Transaction tx904582 completed in 1269ms,E104,Transaction {tx} completed in {time}ms
1758,2026-01-10,08:52:02,ERROR,OrderProcessor,Timeout waiting for lock on InventoryDB,E502,Timeout waiting for lock on {db}
1759,2026-01-10,08:28:47,INFO,PaymentGateway,Page view: /home by u3461,E103,Page view: {page} by {user}
1760,2026-01-10,08:16:47,INFO,WebServer,Transaction tx932374 completed in 833ms,E104,Transaction {tx} completed in {time}ms
1761,2026-01-10,08:39:20,INFO,WebServer,User u3333 login successful,E101,User {user} login successful
1762,2026-01-10,08:44:43,INFO,WebServer,Health check passed: WebServer,E102,Health check passed: {service}
1763,2026-01-10,08:27:49,INFO,WebServer,Transaction tx583190 completed in 20ms,E104,Transaction {tx} completed in {time}ms
1764,2026-01-10,08:06:27,INFO,WebServer,Page view: /home by u2275,E103,Page view: {page} by {user}
1765,2026-01-10,08:34:04,INFO,WebServer,User u1845 login successful,E101,User {user} login successful
1766,2026-01-10,08:09:02,INFO,InventoryDB,Transaction tx638613 completed in 162ms,E104,Transaction {tx} completed in {time}ms
1767,2026-01-10,08:02:05,INFO,WebServer,Transaction tx480271 completed in 792ms,E104,Transaction {tx} completed in {time}ms
1768,2026-01-10,08:48:40,INFO,WebServer,Page view: /home by u3376,E103,Page view: {page} by {user}
1769,2026-01-10,08:12:53,INFO,WebServer,Health check passed: WebServer,E102,Health check passed: {service}
1770,2026-01-10,08:57:53,INFO,WebServer,Health check passed: WebServer,E102,Health check passed: {service}
1771,2026-01-10,08:43:44,INFO,WebServer,Page view: /home by u2824,E103,Page view: {page} by {user}
1772,2026-01-10,08:52:03,INFO,AuthService,Page view: /home by u4568,E103,Page view: {page} by {user}
1773,2026-01-10,08:23:36,INFO,OrderProcessor,Page view: /home by u3749,E103,Page view: {page} by {user}
1774,2026-01-10,08:44:12,INFO,WebServer,User u1719 login successful,E101,User {user} login successful
1775,2026-01-10,08:09:45,INFO,WebServer,Transaction tx952401 completed in 732ms,E104,Transaction {tx} completed in {time}ms
1776,2026-01-10,08:19:17,INFO,PaymentGateway,Transaction tx767126 completed in 499ms,E104,Transaction {tx} completed in {time}ms
1777,2026-01-10,08:05:39,INFO,OrderProcessor,Page view: /home by u3848,E103,Page view: {page} by {user}
1778,2026-01-10,08:04:12,INFO,AuthService,Transaction tx605812 completed in 745ms,E104,Transaction {tx} completed in {time}ms
1779,2026-01-10,08:00:36,INFO,InventoryDB,User u2612 login successful,E101,User {user} login successful
1780,2026-01-10,08:49:04,INFO,AuthService,Page view: /home by u1339,E103,Page view: {page} by {user}
1781,2026-01-10,08:19:50,INFO,AuthService,Transaction tx400271 completed in 1760ms,E104,Transaction {tx} completed in {time}ms
1782,2026-01-10,08:43:55,INFO,AuthService,User u1947 login successful,E101,User {user} login successful
1783,2026-01-10,09:38:04,INFO,WebServer,Page view: /home by u4477,E103,Page view: {page} by {user}
1784,2026-01-10,09:54:57,INFO,PaymentGateway,Page view: /home by u3370,E103,Page view: {page} by {user}
1785,2026-01-10,09:04:05,WARN,WebServer,High latency (30ms) detected on WebServer,E201,High latency ({time}ms) detected on {service}
1786,2026-01-10,09:52:06,INFO,OrderProcessor,Page view: /home by u4559,E103,Page view: {page} by {user}
1787,2026-01-10,09:19:26,INFO,AuthService,Transaction tx520686 completed in 1540ms,E104,Transaction {tx} completed in {time}ms
1788,2026-01-10,09:52:26,INFO,PaymentGateway,User u2084 login successful,E101,User {user} login successful
1789,2026-01-10,09:35:22,INFO,OrderProcessor,Transaction tx168945 completed in 1016ms,E104,Transaction {tx} completed in {time}ms
1790,2026-01-10,09:14:32,INFO,WebServer,Health check passed: WebServer,E102,Health check passed: {service}
1791,2026-01-10,09:21:57,INFO,PaymentGateway,Health check passed: PaymentGateway,E102,Health check passed: {service}
1792,2026-01-10,09:25:53,INFO,PaymentGateway,User u3215 login successful,E101,User {user} login successful
1793,2026-01-10,09:52:19,WARN,WebServer,High latency (1936ms) detected on WebServer,E201,High latency ({time}ms) detected on {service}
1794,2026-01-10,09:26:13,INFO,WebServer,Health check passed: WebServer,E102,Health check passed: {service}
1795,2026-01-10,09:08:40,INFO,InventoryDB,Transaction tx140476 completed in 991ms,E104,Transaction {tx} completed in {time}ms
1796,2026-01-10,09:31:06,INFO,WebServer,Health check passed: WebServer,E102,Health check passed: {service}
1797,2026-01-10,09:13:04,INFO,WebServer,Transaction tx871720 completed in 120ms,E104,Transaction {tx} completed in {time}ms
1798,2026-01-10,09:03:52,INFO,WebServer,Health check passed: WebServer,E102,Health check passed: {service}
1799,2026-01-10,09:46:01,INFO,PaymentGateway,Transaction tx781527 completed in 362ms,E104,Transaction {tx} completed in {time}ms
1800,2026-01-10,09:16:42,INFO,PaymentGateway,Page view: /home by u2980,E103,Page view: {page} by {user}
1801,2026-01-10,09:31:52,INFO,AuthService,Health check passed: AuthService,E102,Health check passed: {service}
1802,2026-01-10,09:26:02,INFO,OrderProcessor,User u4247 login successful,E101,User {user} login successful
1803,2026-01-10,09:35:57,INFO,PaymentGateway,Page view: /home by u2625,E103,Page view: {page} by {user}
1804,2026-01-10,09:18:39,INFO,WebServer,User u1207 login successful,E101,User {user} login successful
1805,2026-01-10,09:20:05,INFO,InventoryDB,Transaction tx960664 completed in 1814ms,E104,Transaction {tx} completed in {time}ms
1806,2026-01-10,09:36:06,INFO,PaymentGateway,Health check passed: PaymentGateway,E102,Health check passed: {service}
1807,2026-01-10,09:12:24,INFO,OrderProcessor,User u3549 login successful,E101,User {user} login successful
1808,2026-01-10,09:29:02,INFO,WebServer,Health check passed: WebServer,E102,Health check passed: {service}
1809,2026-01-10,09:59:38,INFO,OrderProcessor,Health check passed: OrderProcessor,E102,Health check passed: {service}
1810,2026-01-10,09:53:13,INFO,WebServer,Health check passed: WebServer,E102,Health check passed: {service}
1811,2026-01-10,09:15:18,ERROR,WebServer,Timeout waiting for lock on InventoryDB,E502,Timeout waiting for lock on {db}
1812,2026-01-10,09:21:53,INFO,WebServer,Transaction tx843254 completed in 808ms,E104,Transaction {tx} completed in {time}ms
1813,2026-01-10,09:18:11,INFO,AuthService,Health check passed: AuthService,E102,Health check passed: {service}
1814,2026-01-10,09:28:19,INFO,WebServer,Transaction tx787602 completed in 838ms,E104,Transaction {tx} completed in {time}ms
1815,2026-01-10,09:05:52,INFO,WebServer,Transaction tx772768 completed in 1247ms,E104,Transaction {tx} completed in {time}ms
1816,2026-01-10,09:03:19,INFO,WebServer,Transaction tx579629 completed in 552ms,E104,Transaction {tx} completed in {time}ms
1817,2026-01-10,09:23:04,INFO,WebServer,Page view: /home by u3718,E103,Page view: {page} by {user}
1818,2026-01-10,09:20:47,INFO,OrderProcessor,Health check passed: OrderProcessor,E102,Health check passed: {service}
1819,2026-01-10,09:03:07,INFO,WebServer,Transaction tx260965 completed in 537ms,E104,Transaction {tx} completed in {time}ms
1820,2026-01-10,09:16:51,INFO,OrderProcessor,Page view: /home by u3543,E103,Page view: {page} by {user}
1821,2026-01-10,09:49:18,INFO,WebServer,User u3242 login successful,E101,User {user} login successful
1822,2026-01-10,09:46:54,INFO,WebServer,Transaction tx672557 completed in 582ms,E104,Transaction {tx} completed in {time}ms
1823,2026-01-10,09:49:44,INFO,AuthService,Page view: /home by u2173,E103,Page view: {page} by {user}
1824,2026-01-10,09:33:17,WARN,WebServer,Disk usage > 85% on node node-2,E202,Disk usage > 85% on node {node}
1825,2026-01-10,09:36:51,INFO,InventoryDB,User u4892 login successful,E101,User {user} login successful
1826,2026-01-10,09:54:10,INFO,OrderProcessor,Page view: /home by u3779,E103,Page view: {page} by {user}
1827,2026-01-10,09:33:23,INFO,WebServer,Transaction tx647904 completed in 503ms,E104,Transaction {tx} completed in {time}ms
1828,2026-01-10,09:32:09,INFO,AuthService,Transaction tx337091 completed in 1199ms,E104,Transaction {tx} completed in {time}ms
1829,2026-01-10,09:09:11,INFO,WebServer,Health check passed: WebServer,E102,Health check passed: {service}
1830,2026-01-10,09:24:59,INFO,WebServer,Page view: /home by u4646,E103,Page view: {page} by {user}
1831,2026-01-10,09:16:23,INFO,WebServer,Page view: /home by u4195,E103,Page view: {page} by {user}
1832,2026-01-10,09:12:43,INFO,WebServer,Page view: /home by u3177,E103,Page view: {page} by {user}
1833,2026-01-10,09:21:03,INFO,WebServer,Transaction tx196624 completed in 1999ms,E104,Transaction {tx} completed in {time}ms
1834,2026-01-10,09:02:00,INFO,OrderProcessor,User u3376 login successful,E101,User {user} login successful
1835,2026-01-10,09:58:46,INFO,OrderProcessor,Transaction tx348193 completed in 543ms,E104,Transaction {tx} completed in {time}ms
1836,2026-01-10,09:50:55,INFO,AuthService,Page view: /home by u2768,E103,Page view: {page} by {user}
1837,2026-01-10,09:37:26,INFO,InventoryDB,Page view: /home by u4320,E103,Page view: {page} by {user}
1838,2026-01-10,09:39:55,INFO,InventoryDB,User u2827 login successful,E101,User {user} login successful
1839,2026-01-10,09:36:22,INFO,WebServer,Health check passed: WebServer,E102,Health check passed: {service}
1840,2026-01-10,09:12:47,INFO,InventoryDB,Transaction tx212812 completed in 766ms,E104,Transaction {tx} completed in {time}ms
1841,2026-01-10,09:40:13,INFO,OrderProcessor,Health check passed: OrderProcessor,E102,Health check passed: {service}
1842,2026-01-10,09:34:04,INFO,InventoryDB,Page view: /home by u4072,E103,Page view: {page} by {user}
1843,2026-01-10,09:20:21,INFO,WebServer,Health check passed: WebServer,E102,Health check passed: {service}
1844,2026-01-10,09:35:04,INFO,WebServer,Health check passed: WebServer,E102,Health check passed: {service}
1845,2026-01-10,09:44:07,INFO,AuthService,Health check passed: AuthService,E102,Health check passed: {service}
1846,2026-01-10,09:57:32,INFO,AuthService,User u4126 login successful,E101,User {user} login successful
1847,2026-01-10,09:59:08,INFO,WebServer,User u1770 login successful,E101,User {user} login successful
1848,2026-01-10,09:17:00,INFO,WebServer,Health check passed: WebServer,E102,Health check passed: {service}
1849,2026-01-10,09:00:22,INFO,AuthService,Transaction tx696335 completed in 1872ms,E104,Transaction {tx} completed in {time}ms
1850,2026-01-10,09:00:56,INFO,PaymentGateway,User u2656 login successful,E101,User {user} login successful
1851,2026-01-10,09:30:27,INFO,WebServer,Transaction tx616739 completed in 1502ms,E104,Transaction {tx} completed in {time}ms
1852,2026-01-10,09:24:25,INFO,WebServer,Page view: /home by u1974,E103,Page view: {page} by {user}
1853,2026-01-10,09:41:32,ERROR,AuthService,Payment declined: Gateway unavailable,E503,Payment declined: Gateway unavailable
1854,2026-01-10,09:57:31,INFO,WebServer,Health check passed: WebServer,E102,Health check passed: {service}
1855,2026-01-10,09:49:27,INFO,AuthService,User u1587 login successful,E101,User {user} login successful
1856,2026-01-10,09:52:58,INFO,WebServer,Page view: /home by u1667,E103,Page view: {page} by {user}
1857,2026-01-10,09:47:33,INFO,WebServer,Health check passed: WebServer,E102,Health check passed: {service}
1858,2026-01-10,09:48:27,INFO,WebServer,Transaction tx869085 completed in 1070ms,E104,Transaction {tx} completed in {time}ms
1859,2026-01-10,09:41:40,INFO,WebServer,Health check passed: WebServer,E102,Health check passed: {service}
1860,2026-01-10,09:50:05,INFO,WebServer,Health check passed: WebServer,E102,Health check passed: {service}
1861,2026-01-10,09:07:11,INFO,AuthService,Page view: /home by u3141,E103,Page view: {page} by {user}
1862,2026-01-10,09:43:30,INFO,AuthService,Health check passed: AuthService,E102,Health check passed: {service}
1863,2026-01-10,09:48:57,INFO,WebServer,Health check passed: WebServer,E102,Health check passed: {service}
1864,2026-01-10,09:54:22,INFO,WebServer,Transaction tx646348 completed in 315ms,E104,Transaction {tx} completed in {time}ms
1865,2026-01-10,09:00:16,INFO,OrderProcessor,Transaction tx207766 completed in 553ms,E104,Transaction {tx} completed in {time}ms
1866,2026-01-10,09:24:58,INFO,OrderProcessor,User u2863 login successful,E101,User {user} login successful
1867,2026-01-10,09:29:52,INFO,InventoryDB,Transaction tx674708 completed in 1577ms,E104,Transaction {tx} completed in {time}ms
1868,2026-01-10,09:25:32,INFO,OrderProcessor,User u3980 login successful,E101,User {user} login successful
1869,2026-01-10,09:11:25,INFO,WebServer,User u4360 login successful,E101,User {user} login successful
1870,2026-01-10,09:44:45,WARN,WebServer,High latency (980ms) detected on WebServer,E201,High latency ({time}ms) detected on {service}
1871,2026-01-10,09:18:48,INFO,OrderProcessor,Transaction tx640272 completed in 1612ms,E104,Transaction {tx} completed in {time}ms
1872,2026-01-10,09:05:11,INFO,OrderProcessor,User u4881 login successful,E101,User {user} login successful
1873,2026-01-10,09:55:40,INFO,OrderProcessor,Health check passed: OrderProcessor,E102,Health check passed: {service}
1874,2026-01-10,09:59:20,WARN,OrderProcessor,Unauthorized access attempt from 10.0.0.45,E401,Unauthorized access attempt from {ip}
1875,2026-01-10,09:03:30,INFO,WebServer,Page view: /home by u4874,E103,Page view: {page} by {user}
1876,2026-01-10,09:40:08,INFO,PaymentGateway,Health check passed: PaymentGateway,E102,Health check passed: {service}
1877,2026-01-10,09:38:20,INFO,WebServer,User u3330 login successful,E101,User {user} login successful
1878,2026-01-10,09:13:20,INFO,OrderProcessor,Transaction tx777604 completed in 642ms,E104,Transaction {tx} completed in {time}ms
1879,2026-01-10,09:45:38,INFO,WebServer,Transaction tx859333 completed in 1314ms,E104,Transaction {tx} completed in {time}ms
1880,2026-01-10,09:00:41,INFO,WebServer,Health check passed: WebServer,E102,Health check passed: {service}
1881,2026-01-10,09:44:29,INFO,OrderProcessor,User u3393 login successful,E101,User {user} login successful
1882,2026-01-10,09:29:04,INFO,PaymentGateway,Page view: /home by u1232,E103,Page view: {page} by {user}
1883,2026-01-10,09:21:41,INFO,WebServer,User u3382 login successful,E101,User {user} login successful
1884,2026-01-10,09:13:32,INFO,WebServer,Transaction tx670416 completed in 959ms,E104,Transaction {tx} completed in {time}ms
1885,2026-01-10,09:05:19,INFO,WebServer,User u1310 login successful,E101,User {user} login successful
1886,2026-01-10,09:00:34,INFO,AuthService,Page view: /home by u1008,E103,Page view: {page} by {user}
1887,2026-01-10,09:04:26,INFO,OrderProcessor,User u3271 login successful,E101,User {user} login successful
1888,2026-01-10,09:12:24,INFO,WebServer,Page view: /home by u4632,E103,Page view: {page} by {user}
1889,2026-01-10,09:24:37,INFO,AuthService,Page view: /home by u2022,E103,Page view: {page} by {user}
1890,2026-01-10,09:40:43,INFO,WebServer,Transaction tx351556 completed in 825ms,E104,Transaction {tx} completed in {time}ms
1891,2026-01-10,09:30:46,INFO,OrderProcessor,Page view: /home by u1459,E103,Page view: {page} by {user}
1892,2026-01-10,09:55:15,INFO,WebServer,Page view: /home by u3399,E103,Page view: {page} by {user}
1893,2026-01-10,09:02:27,INFO,WebServer,Page view: /home by u3478,E103,Page view: {page} by {user}
1894,2026-01-10,09:50:07,INFO,WebServer,User u2506 login successful,E101,User {user} login successful
1895,2026-01-10,09:38:22,CRITICAL,InventoryDB,DATA CORRUPTION detected in sector 579,E602,DATA CORRUPTION detected in sector {sector}
1896,2026-01-10,09:04:16,INFO,WebServer,Transaction tx266395 completed in 1043ms,E104,Transaction {tx} completed in {time}ms
1897,2026-01-10,09:51:52,INFO,AuthService,Page view: /home by u3462,E103,Page view: {page} by {user}
1898,2026-01-10,09:45:52,INFO,OrderProcessor,User u1959 login successful,E101,User {user} login successful
1899,2026-01-10,09:03:35,WARN,InventoryDB,High latency (731ms) detected on InventoryDB,E201,High latency ({time}ms) detected on {service}
1900,2026-01-10,09:21:01,INFO,AuthService,Health check passed: AuthService,E102,Health check passed: {service}
1901,2026-01-10,09:51:51,INFO,PaymentGateway,Health check passed: PaymentGateway,E102,Health check passed: {service}
1902,2026-01-10,09:17:39,INFO,WebServer,Health check passed: WebServer,E102,Health check passed: {service}
1903,2026-01-10,09:56:44,INFO,WebServer,User u2235 login successful,E101,User {user} login successful
1904,2026-01-10,09:02:57,INFO,WebServer,User u3470 login successful,E101,User {user} login successful
1905,2026-01-10,09:53:50,INFO,WebServer,Transaction tx550763 completed in 1569ms,E104,Transaction {tx} completed in {time}ms
1906,2026-01-10,09:36:30,INFO,InventoryDB,Transaction tx354606 completed in 1808ms,E104,Transaction {tx} completed in {time}ms
1907,2026-01-10,09:16:15,INFO,AuthService,Health check passed: AuthService,E102,Health check passed: {service}
1908,2026-01-10,09:49:12,INFO,AuthService,Page view: /home by u4389,E103,Page view: {page} by {user}
1909,2026-01-10,09:46:32,INFO,AuthService,Health check passed: AuthService,E102,Health check passed: {service}
1910,2026-01-10,09:05:14,INFO,WebServer,Page view: /home by u2285,E103,Page view: {page} by {user}
1911,2026-01-10,09:50:09,INFO,WebServer,User u4960 login successful,E101,User {user} login successful
1912,2026-01-10,09:13:33,INFO,WebServer,Health check passed: WebServer,E102,Health check passed: {service}
1913,2026-01-10,09:45:57,INFO,WebServer,Page view: /home by u3765,E103,Page view: {page} by {user}
1914,2026-01-10,09:16:53,INFO,AuthService,Transaction tx365246 completed in 1529ms,E104,Transaction {tx} completed in {time}ms
1915,2026-01-10,09:41:08,INFO,InventoryDB,Transaction tx280745 completed in 1670ms,E104,Transaction {tx} completed in {time}ms
1916,2026-01-10,09:30:26,INFO,InventoryDB,User u4646 login successful,E101,User {user} login successful
1917,2026-01-10,09:14:05,INFO,PaymentGateway,Page view: /home by u1808,E103,Page view: {page} by {user}
1918,2026-01-10,09:42:39,INFO,PaymentGateway,User u1114 login successful,E101,User {user} login successful
1919,2026-01-10,09:59:48,INFO,WebServer,Transaction tx432466 completed in 677ms,E104,Transaction {tx} completed in {time}ms
1920,2026-01-10,09:04:39,INFO,WebServer,Page view: /home by u1754,E103,Page view: {page} by {user}
1921,2026-01-10,09:24:04,INFO,OrderProcessor,Transaction tx138634 completed in 276ms,E104,Transaction {tx} completed in {time}ms
1922,2026-01-10,09:30:11,INFO,WebServer,User u1927 login successful,E101,User {user} login successful
1923,2026-01-10,09:54:41,INFO,AuthService,User u1139 login successful,E101,User {user} login successful
1924,2026-01-10,09:57:23,INFO,WebServer,Health check passed: WebServer,E102,Health check passed: {service}
1925,2026-01-10,09:34:33,INFO,AuthService,Transaction tx114964 completed in 1685ms,E104,Transaction {tx} completed in {time}ms
1926,2026-01-10,09:56:10,INFO,AuthService,Health check passed: AuthService,E102,Health check passed: {service}
1927,2026-01-10,09:31:35,INFO,WebServer,Page view: /home by u1536,E103,Page view: {page} by {user}
1928,2026-01-10,09:49:01,INFO,OrderProcessor,Health check passed: OrderProcessor,E102,Health check passed: {service}
1929,2026-01-10,09:10:36,INFO,AuthService,Health check passed: AuthService,E102,Health check passed: {service}
1930,2026-01-10,09:41:18,INFO,WebServer,Page view: /home by u1375,E103,Page view: {page} by {user}
1931,2026-01-10,09:36:42,INFO,WebServer,Page view: /home by u3032,E103,Page view: {page} by {user}
1932,2026-01-10,09:05:51,INFO,OrderProcessor,User u3611 login successful,E101,User {user} login successful
1933,2026-01-10,09:47:10,INFO,WebServer,Transaction tx851150 completed in 1120ms,E104,Transaction {tx} completed in {time}ms
1934,2026-01-10,09:26:53,INFO,InventoryDB,User u1367 login successful,E101,User {user} login successful
1935,2026-01-10,09:30:08,INFO,PaymentGateway,Page view: /home by u4573,E103,Page view: {page} by {user}
1936,2026-01-10,09:06:52,INFO,AuthService,Page view: /home by u2848,E103,Page view: {page} by {user}
1937,2026-01-10,09:24:06,INFO,AuthService,Health check passed: AuthService,E102,Health check passed: {service}
1938,2026-01-10,09:27:08,WARN,AuthService,Disk usage > 85% on node node-5,E202,Disk usage > 85% on node {node}
1939,2026-01-10,09:17:33,INFO,WebServer,Health check passed: WebServer,E102,Health check passed: {service}
1940,2026-01-10,09:53:24,INFO,AuthService,Page view: /home by u1584,E103,Page view: {page} by {user}
1941,2026-01-10,09:23:47,INFO,AuthService,Transaction tx916951 completed in 1155ms,E104,Transaction {tx} completed in {time}ms
1942,2026-01-10,09:26:06,INFO,OrderProcessor,Transaction tx297271 completed in 1982ms,E104,Transaction {tx} completed in {time}ms
1943,2026-01-10,09:09:52,INFO,WebServer,Page view: /home by u1119,E103,Page view: {page} by {user}
1944,2026-01-10,09:02:00,WARN,PaymentGateway,High latency (103ms) detected on PaymentGateway,E201,High latency ({time}ms) detected on {service}
1945,2026-01-10,09:40:28,INFO,PaymentGateway,User u4877 login successful,E101,User {user} login successful
1946,2026-01-10,09:00:05,WARN,WebServer,Unauthorized access attempt from 10.0.0.45,E401,Unauthorized access attempt from {ip}
1947,2026-01-10,09:41:47,WARN,PaymentGateway,Unauthorized access attempt from 10.0.0.88,E401,Unauthorized access attempt from {ip}
1948,2026-01-10,09:27:26,WARN,WebServer,Unauthorized access attempt from 10.0.0.45,E401,Unauthorized access attempt from {ip}
1949,2026-01-10,09:16:43,INFO,WebServer,Transaction tx473437 completed in 517ms,E104,Transaction {tx} completed in {time}ms
1950,2026-01-10,09:51:30,INFO,InventoryDB,Page view: /home by u4937,E103,Page view: {page} by {user}
1951,2026-01-10,09:37:49,INFO,OrderProcessor,Transaction tx688072 completed in 1130ms,E104,Transaction {tx} completed in {time}ms
1952,2026-01-10,09:07:26,INFO,WebServer,Health check passed: WebServer,E102,Health check passed: {service}
1953,2026-01-10,09:56:17,INFO,WebServer,User u1722 login successful,E101,User {user} login successful
1954,2026-01-10,09:29:46,INFO,WebServer,Health check passed: WebServer,E102,Health check passed: {service}
1955,2026-01-10,09:10:05,INFO,PaymentGateway,Transaction tx203670 completed in 1879ms,E104,Transaction {tx} completed in {time}ms
1956,2026-01-10,09:26:21,INFO,PaymentGateway,Health check passed: PaymentGateway,E102,Health check passed: {service}
1957,2026-01-10,09:53:27,INFO,AuthService,User u4447 login successful,E101,User {user} login successful
1958,2026-01-10,09:57:49,INFO,InventoryDB,Page view: /home by u2110,E103,Page view: {page} by {user}
1959,2026-01-10,09:30:29,INFO,PaymentGateway,Transaction tx831235 completed in 495ms,E104,Transaction {tx} completed in {time}ms
1960,2026-01-10,09:06:46,INFO,OrderProcessor,Health check passed: OrderProcessor,E102,Health check passed: {service}
1961,2026-01-10,09:06:41,INFO,PaymentGateway,Page view: /home by u4913,E103,Page view: {page} by {user}
1962,2026-01-10,09:01:24,INFO,WebServer,Transaction tx188052 completed in 1135ms,E104,Transaction {tx} completed in {time}ms
1963,2026-01-10,09:49:34,INFO,WebServer,User u1926 login successful,E101,User {user} login successful
1964,2026-01-10,09:38:30,INFO,PaymentGateway,Transaction tx972590 completed in 1067ms,E104,Transaction {tx} completed in {time}ms
1965,2026-01-10,09:38:26,INFO,PaymentGateway,Page view: /home by u4608,E103,Page view: {page} by {user}
1966,2026-01-10,09:59:16,INFO,PaymentGateway,User u4236 login successful,E101,User {user} login successful
1967,2026-01-10,09:49:18,INFO,WebServer,Page view: /home by u3481,E103,Page view: {page} by {user}
1968,2026-01-10,09:45:16,INFO,WebServer,Health check passed: WebServer,E102,Health check passed: {service}
1969,2026-01-10,09:45:47,INFO,WebServer,User u4473 login successful,E101,User {user} login successful
1970,2026-01-10,09:23:22,INFO,WebServer,Transaction tx277353 completed in 99ms,E104,Transaction {tx} completed in {time}ms
1971,2026-01-10,09:22:03,INFO,OrderProcessor,Transaction tx547937 completed in 1184ms,E104,Transaction {tx} completed in {time}ms
1972,2026-01-10,09:28:03,INFO,WebServer,Transaction tx366231 completed in 94ms,E104,Transaction {tx} completed in {time}ms
1973,2026-01-10,09:53:44,INFO,WebServer,Health check passed: WebServer,E102,Health check passed: {service}
1974,2026-01-10,09:57:00,INFO,WebServer,User u3089 login successful,E101,User {user} login successful
1975,2026-01-10,09:19:33,INFO,AuthService,Page view: /home by u2267,E103,Page view: {page} by {user}
1976,2026-01-10,09:54:45,INFO,OrderProcessor,Health check passed: OrderProcessor,E102,Health check passed: {service}
1977,2026-01-10,09:21:01,INFO,AuthService,Transaction tx188999 completed in 535ms,E104,Transaction {tx} completed in {time}ms
1978,2026-01-10,09:20:43,INFO,OrderProcessor,User u3454 login successful,E101,User {user} login successful
1979,2026-01-10,09:29:55,INFO,WebServer,Page view: /home by u2766,E103,Page view: {page} by {user}
1980,2026-01-10,09:10:29,INFO,WebServer,Transaction tx619476 completed in 1281ms,E104,Transaction {tx} completed in {time}ms
1981,2026-01-10,09:12:40,INFO,InventoryDB,User u4270 login successful,E101,User {user} login successful
1982,2026-01-10,09:57:39,INFO,AuthService,User u1630 login successful,E101,User {user} login successful
1983,2026-01-10,09:18:34,INFO,WebServer,User u3457 login successful,E101,User {user} login successful
1984,2026-01-10,09:09:35,INFO,OrderProcessor,User u4046 login successful,E101,User {user} login successful
1985,2026-01-10,09:34:57,INFO,WebServer,Health check passed: WebServer,E102,Health check passed: {service}
1986,2026-01-10,09:23:44,INFO,WebServer,Transaction tx813980 completed in 178ms,E104,Transaction {tx} completed in {time}ms
1987,2026-01-10,09:08:19,INFO,OrderProcessor,Transaction tx873599 completed in 274ms,E104,Transaction {tx} completed in {time}ms
1988,2026-01-10,09:38:10,INFO,WebServer,User u3309 login successful,E101,User {user} login successful
1989,2026-01-10,09:26:02,INFO,InventoryDB,User u1496 login successful,E101,User {user} login successful
1990,2026-01-10,09:26:51,INFO,AuthService,Health check passed: AuthService,E102,Health check passed: {service}
1991,2026-01-10,09:16:50,INFO,OrderProcessor,Transaction tx196831 completed in 1897ms,E104,Transaction {tx} completed in {time}ms
1992,2026-01-10,09:10:14,WARN,WebServer,Disk usage > 85% on node node-1,E202,Disk usage > 85% on node {node}
1993,2026-01-10,09:31:32,INFO,WebServer,Health check passed: WebServer,E102,Health check passed: {service}
1994,2026-01-10,09:15:24,INFO,WebServer,Health check passed: WebServer,E102,Health check passed: {service}
1995,2026-01-10,09:33:14,INFO,WebServer,Transaction tx522707 completed in 428ms,E104,Transaction {tx} completed in {time}ms
1996,2026-01-10,09:44:06,INFO,InventoryDB,Page view: /home by u2522,E103,Page view: {page} by {user}
1997,2026-01-10,09:56:04,INFO,InventoryDB,Page view: /home by u1129,E103,Page view: {page} by {user}
1998,2026-01-10,09:24:55,INFO,AuthService,Page view: /home by u1430,E103,Page view: {page} by {user}
1999,2026-01-10,09:07:12,INFO,OrderProcessor,Page view: /home by u3159,E103,Page view: {page} by {user}
2000,2026-01-10,09:49:31,INFO,AuthService,User u2315 login successful,E101,User {user} login successful
2001,2026-01-10,09:29:08,INFO,PaymentGateway,Health check passed: PaymentGateway,E102,Health check passed: {service}
2002,2026-01-10,09:58:47,INFO,WebServer,Transaction tx978895 completed in 131ms,E104,Transaction {tx} completed in {time}ms
2003,2026-01-10,09:49:14,INFO,OrderProcessor,Transaction tx247375 completed in 202ms,E104,Transaction {tx} completed in {time}ms
2004,2026-01-10,09:12:30,INFO,WebServer,Health check passed: WebServer,E102,Health check passed: {service}
2005,2026-01-10,09:59:22,INFO,AuthService,User u1459 login successful,E101,User {user} login successful
2006,2026-01-10,09:29:00,INFO,InventoryDB,Transaction tx412122 completed in 1072ms,E104,Transaction {tx} completed in {time}ms
2007,2026-01-10,09:31:52,INFO,WebServer,User u2571 login successful,E101,User {user} login successful
2008,2026-01-10,09:13:34,ERROR,WebServer,Payment declined: Gateway unavailable,E503,Payment declined: Gateway unavailable
2009,2026-01-10,09:31:06,INFO,PaymentGateway,User u4965 login successful,E101,User {user} login successful
2010,2026-01-10,09:35:54,INFO,AuthService,Health check passed: AuthService,E102,Health check passed: {service}
2011,2026-01-10,09:11:04,INFO,WebServer,Page view: /home by u4719,E103,Page view: {page} by {user}
2012,2026-01-10,09:34:24,INFO,AuthService,Transaction tx329170 completed in 1462ms,E104,Transaction {tx} completed in {time}ms
2013,2026-01-10,09:52:34,INFO,WebServer,Health check passed: WebServer,E102,Health check passed: {service}
2014,2026-01-10,09:30:24,INFO,WebServer,User u1719 login successful,E101,User {user} login successful
2015,2026-01-10,09:05:40,INFO,OrderProcessor,Health check passed: OrderProcessor,E102,Health check passed: {service}
2016,2026-01-10,09:11:39,INFO,WebServer,Page view: /home by u3302,E103,Page view: {page} by {user}
2017,2026-01-10,09:03:42,INFO,InventoryDB,Transaction tx987242 completed in 1770ms,E104,Transaction {tx} completed in {time}ms
2018,2026-01-10,09:13:20,INFO,WebServer,Transaction tx339720 completed in 1364ms,E104,Transaction {tx} completed in {time}ms
2019,2026-01-10,09:04:41,INFO,WebServer,Transaction tx372177 completed in 562ms,E104,Transaction {tx} completed in {time}ms
2020,2026-01-10,09:25:50,INFO,WebServer,Health check passed: WebServer,E102,Health check passed: {service}
2021,2026-01-10,09:07:24,INFO,AuthService,Health check passed: AuthService,E102,Health check passed: {service}
2022,2026-01-10,09:38:49,ERROR,AuthService,Timeout waiting for lock on InventoryDB,E502,Timeout waiting for lock on {db}
2023,2026-01-10,09:15:31,INFO,OrderProcessor,Page view: /home by u2190,E103,Page view: {page} by {user}
2024,2026-01-10,09:30:33,INFO,WebServer,Transaction tx279272 completed in 1541ms,E104,Transaction {tx} completed in {time}ms
2025,2026-01-10,09:14:19,ERROR,AuthService,Payment declined: Gateway unavailable,E503,Payment declined: Gateway unavailable
2026,2026-01-10,09:57:25,INFO,WebServer,Health check passed: WebServer,E102,Health check passed: {service}
2027,2026-01-10,09:23:33,INFO,AuthService,Transaction tx549030 completed in 797ms,E104,Transaction {tx} completed in {time}ms
2028,2026-01-10,09:01:48,INFO,PaymentGateway,User u2864 login successful,E101,User {user} login successful
2029,2026-01-10,09:58:56,INFO,WebServer,Page view: /home by u4968,E103,Page view: {page} by {user}
2030,2026-01-10,09:22:10,INFO,WebServer,User u2126 login successful,E101,User {user} login successful
2031,2026-01-10,09:35:08,INFO,WebServer,Health check passed: WebServer,E102,Health check passed: {service}
2032,2026-01-10,09:36:15,INFO,WebServer,Page view: /home by u1217,E103,Page view: {page} by {user}
2033,2026-01-10,09:14:25,INFO,WebServer,Page view: /home by u1517,E103,Page view: {page} by {user}
2034,2026-01-10,09:59:51,INFO,WebServer,Health check passed: WebServer,E102,Health check passed: {service}
2035,2026-01-10,09:26:14,INFO,WebServer,Transaction tx425780 completed in 1316ms,E104,Transaction {tx} completed in {time}ms
2036,2026-01-10,09:57:46,INFO,AuthService,User u2616 login successful,E101,User {user} login successful
2037,2026-01-10,09:25:16,INFO,WebServer,Health check passed: WebServer,E102,Health check passed: {service}
2038,2026-01-10,09:45:19,INFO,WebServer,Transaction tx394208 completed in 485ms,E104,Transaction {tx} completed in {time}ms
2039,2026-01-10,09:33:12,INFO,PaymentGateway,User u1053 login successful,E101,User {user} login successful
2040,2026-01-10,09:35:33,INFO,OrderProcessor,Health check passed: OrderProcessor,E102,Health check passed: {service}
2041,2026-01-10,09:34:49,INFO,WebServer,User u3760 login successful,E101,User {user} login successful
2042,2026-01-10,09:08:32,INFO,WebServer,Page view: /home by u1084,E103,Page view: {page} by {user}
2043,2026-01-10,09:27:30,INFO,InventoryDB,Transaction tx569192 completed in 102ms,E104,Transaction {tx} completed in {time}ms
2044,2026-01-10,09:14:54,INFO,AuthService,Health check passed: AuthService,E102,Health check passed: {service}
2045,2026-01-10,09:54:23,INFO,AuthService,User u4789 login successful,E101,User {user} login successful
2046,2026-01-10,09:38:11,INFO,WebServer,User u4156 login successful,E101,User {user} login successful
2047,2026-01-10,09:57:33,INFO,WebServer,User u1464 login successful,E101,User {user} login successful
2048,2026-01-10,09:52:13,INFO,AuthService,Page view: /home by u4924,E103,Page view: {page} by {user}
2049,2026-01-10,09:56:20,INFO,OrderProcessor,Page view: /home by u4165,E103,Page view: {page} by {user}
2050,2026-01-10,09:02:28,INFO,AuthService,Page view: /home by u4681,E103,Page view: {page} by {user}
2051,2026-01-10,09:32:17,INFO,WebServer,User u4520 login successful,E101,User {user} login successful
2052,2026-01-10,09:21:40,INFO,InventoryDB,Transaction tx617782 completed in 127ms,E104,Transaction {tx} completed in {time}ms
2053,2026-01-10,09:08:01,INFO,InventoryDB,Page view: /home by u1365,E103,Page view: {page} by {user}
2054,2026-01-10,09:58:07,INFO,WebServer,Transaction tx162924 completed in 579ms,E104,Transaction {tx} completed in {time}ms
2055,2026-01-10,09:31:50,WARN,AuthService,Unauthorized access attempt from 10.0.0.45,E401,Unauthorized access attempt from {ip}
2056,2026-01-10,09:27:14,INFO,PaymentGateway,User u4284 login successful,E101,User {user} login successful
2057,2026-01-10,09:53:32,INFO,WebServer,Health check passed: WebServer,E102,Health check passed: {service}
2058,2026-01-10,09:33:25,INFO,WebServer,User u3330 login successful,E101,User {user} login successful
2059,2026-01-10,09:00:37,INFO,OrderProcessor,Health check passed: OrderProcessor,E102,Health check passed: {service}
2060,2026-01-10,09:28:59,INFO,AuthService,User u1103 login successful,E101,User {user} login successful
2061,2026-01-10,09:12:40,INFO,WebServer,Health check passed: WebServer,E102,Health check passed: {service}
2062,2026-01-10,09:50:44,ERROR,InventoryDB,Timeout waiting for lock on InventoryDB,E502,Timeout waiting for lock on {db}
2063,2026-01-10,09:26:43,INFO,WebServer,Page view: /home by u1152,E103,Page view: {page} by {user}
2064,2026-01-10,09:24:30,INFO,OrderProcessor,Transaction tx257309 completed in 768ms,E104,Transaction {tx} completed in {time}ms
2065,2026-01-10,09:20:57,INFO,WebServer,Page view: /home by u3971,E103,Page view: {page} by {user}
2066,2026-01-10,09:37:46,WARN,WebServer,Unauthorized access attempt from 10.0.0.99,E401,Unauthorized access attempt from {ip}
2067,2026-01-10,09:46:16,INFO,WebServer,Page view: /home by u2562,E103,Page view: {page} by {user}
2068,2026-01-10,09:38:47,INFO,AuthService,User u4951 login successful,E101,User {user} login successful
2069,2026-01-10,09:38:23,WARN,OrderProcessor,Unauthorized access attempt from 10.0.0.12,E401,Unauthorized access attempt from {ip}
2070,2026-01-10,09:25:53,INFO,WebServer,Health check passed: WebServer,E102,Health check passed: {service}
2071,2026-01-10,09:48:48,INFO,WebServer,User u1102 login successful,E101,User {user} login successful
2072,2026-01-10,09:06:27,INFO,WebServer,User u1491 login successful,E101,User {user} login successful
2073,2026-01-10,09:19:48,INFO,WebServer,Page view: /home by u3019,E103,Page view: {page} by {user}
2074,2026-01-10,09:49:50,INFO,WebServer,Health check passed: WebServer,E102,Health check passed: {service}
2075,2026-01-10,09:37:42,INFO,PaymentGateway,Health check passed: PaymentGateway,E102,Health check passed: {service}
2076,2026-01-10,09:38:28,INFO,WebServer,Page view: /home by u3416,E103,Page view: {page} by {user}
2077,2026-01-10,09:00:35,INFO,WebServer,User u3285 login successful,E101,User {user} login successful
2078,2026-01-10,09:43:48,INFO,WebServer,Transaction tx206879 completed in 1933ms,E104,Transaction {tx} completed in {time}ms
2079,2026-01-10,09:38:40,INFO,WebServer,Page view: /home by u1044,E103,Page view: {page} by {user}
2080,2026-01-10,09:43:07,INFO,AuthService,Transaction tx756260 completed in 1967ms,E104,Transaction {tx} completed in {time}ms
2081,2026-01-10,09:33:20,INFO,WebServer,User u2843 login successful,E101,User {user} login successful
2082,2026-01-10,09:06:41,INFO,WebServer,Transaction tx350581 completed in 1877ms,E104,Transaction {tx} completed in {time}ms
2083,2026-01-10,09:59:50,INFO,WebServer,Health check passed: WebServer,E102,Health check passed: {service}
2084,2026-01-10,09:12:12,INFO,WebServer,User u2156 login successful,E101,User {user} login successful
2085,2026-01-10,09:09:36,INFO,WebServer,Health check passed: WebServer,E102,Health check passed: {service}
2086,2026-01-10,09:51:09,INFO,WebServer,Page view: /home by u3570,E103,Page view: {page} by {user}
2087,2026-01-10,09:25:56,INFO,WebServer,Page view: /home by u2766,E103,Page view: {page} by {user}
2088,2026-01-10,09:33:23,INFO,WebServer,Transaction tx156625 completed in 77ms,E104,Transaction {tx} completed in {time}ms
2089,2026-01-10,09:14:00,INFO,InventoryDB,Health check passed: InventoryDB,E102,Health check passed: {service}
2090,2026-01-10,09:01:10,CRITICAL,WebServer,DATA CORRUPTION detected in sector 649,E602,DATA CORRUPTION detected in sector {sector}
2091,2026-01-10,09:04:14,INFO,AuthService,User u3572 login successful,E101,User {user} login successful
2092,2026-01-10,09:28:56,INFO,WebServer,User u2697 login successful,E101,User {user} login successful
2093,2026-01-10,09:18:54,INFO,AuthService,Health check passed: AuthService,E102,Health check passed: {service}
2094,2026-01-10,09:18:59,WARN,AuthService,Unauthorized access attempt from 10.0.0.45,E401,Unauthorized access attempt from {ip}
2095,2026-01-10,09:27:45,INFO,WebServer,Page view: /home by u1453,E103,Page view: {page} by {user}
2096,2026-01-10,09:06:00,INFO,WebServer,Page view: /home by u2900,E103,Page view: {page} by {user}
2097,2026-01-10,09:52:22,INFO,PaymentGateway,Transaction tx244843 completed in 1546ms,E104,Transaction {tx} completed in {time}ms
2098,2026-01-10,09:29:42,INFO,WebServer,Health check passed: WebServer,E102,Health check passed: {service}
2099,2026-01-10,09:53:08,INFO,OrderProcessor,Health check passed: OrderProcessor,E102,Health check passed: {service}
2100,2026-01-10,09:31:27,INFO,WebServer,Health check passed: WebServer,E102,Health check passed: {service}
2101,2026-01-10,09:04:58,INFO,OrderProcessor,Transaction tx726908 completed in 1751ms,E104,Transaction {tx} completed in {time}ms
2102,2026-01-10,09:54:03,INFO,OrderProcessor,User u3412 login successful,E101,User {user} login successful
2103,2026-01-10,09:44:46,INFO,WebServer,Health check passed: WebServer,E102,Health check passed: {service}
2104,2026-01-10,09:30:05,INFO,WebServer,Health check passed: WebServer,E102,Health check passed: {service}
2105,2026-01-10,09:55:31,INFO,WebServer,User u4143 login successful,E101,User {user} login successful
2106,2026-01-10,09:12:37,INFO,OrderProcessor,Transaction tx931503 completed in 214ms,E104,Transaction {tx} completed in {time}ms
2107,2026-01-10,09:28:38,INFO,AuthService,User u1698 login successful,E101,User {user} login successful
2108,2026-01-10,09:27:03,INFO,OrderProcessor,User u4636 login successful,E101,User {user} login successful
2109,2026-01-10,09:52:09,INFO,WebServer,Health check passed: WebServer,E102,Health check passed: {service}
2110,2026-01-10,09:17:39,ERROR,AuthService,Payment declined: Gateway unavailable,E503,Payment declined: Gateway unavailable
2111,2026-01-10,09:56:22,INFO,WebServer,Page view: /home by u3604,E103,Page view: {page} by {user}
2112,2026-01-10,09:53:31,WARN,WebServer,Unauthorized access attempt from 10.0.0.45,E401,Unauthorized access attempt from {ip}
2113,2026-01-10,09:29:29,INFO,WebServer,Transaction tx730948 completed in 731ms,E104,Transaction {tx} completed in {time}ms
2114,2026-01-10,09:34:32,INFO,WebServer,Health check passed: WebServer,E102,Health check passed: {service}
2115,2026-01-10,09:41:42,INFO,WebServer,User u4272 login successful,E101,User {user} login successful
2116,2026-01-10,09:04:21,INFO,PaymentGateway,Transaction tx678090 completed in 1888ms,E104,Transaction {tx} completed in {time}ms
2117,2026-01-10,09:59:28,INFO,WebServer,Health check passed: WebServer,E102,Health check passed: {service}
2118,2026-01-10,09:27:55,INFO,WebServer,User u1801 login successful,E101,User {user} login successful
2119,2026-01-10,09:03:30,WARN,WebServer,Disk usage > 85% on node node-2,E202,Disk usage > 85% on node {node}
2120,2026-01-10,09:54:45,INFO,AuthService,Transaction tx374755 completed in 1581ms,E104,Transaction {tx} completed in {time}ms
2121,2026-01-10,09:38:02,INFO,AuthService,Transaction tx252285 completed in 385ms,E104,Transaction {tx} completed in {time}ms
2122,2026-01-10,09:39:15,CRITICAL,AuthService,KERNEL PANIC: Node node-4 crashed,E601,KERNEL PANIC: Node {node} crashed
2123,2026-01-10,09:05:15,INFO,WebServer,Page view: /home by u1004,E103,Page view: {page} by {user}
2124,2026-01-10,09:40:03,INFO,WebServer,User u3201 login successful,E101,User {user} login successful
2125,2026-01-10,09:17:59,INFO,AuthService,Transaction tx546789 completed in 242ms,E104,Transaction {tx} completed in {time}ms
2126,2026-01-10,09:37:10,INFO,WebServer,User u3158 login successful,E101,User {user} login successful
2127,2026-01-10,09:00:35,INFO,InventoryDB,Health check passed: InventoryDB,E102,Health check passed: {service}
2128,2026-01-10,09:50:55,INFO,WebServer,Transaction tx573012 completed in 901ms,E104,Transaction {tx} completed in {time}ms
2129,2026-01-10,09:25:04,INFO,AuthService,User u2032 login successful,E101,User {user} login successful
2130,2026-01-10,09:57:59,INFO,WebServer,Transaction tx486536 completed in 510ms,E104,Transaction {tx} completed in {time}ms
2131,2026-01-10,09:11:44,INFO,OrderProcessor,Page view: /home by u1361,E103,Page view: {page} by {user}
2132,2026-01-10,09:25:09,INFO,WebServer,Page view: /home by u3932,E103,Page view: {page} by {user}
2133,2026-01-10,09:24:56,INFO,AuthService,Health check passed: AuthService,E102,Health check passed: {service}
2134,2026-01-10,09:12:25,INFO,WebServer,Transaction tx233276 completed in 1143ms,E104,Transaction {tx} completed in {time}ms
2135,2026-01-10,09:37:12,INFO,WebServer,Transaction tx786250 completed in 681ms,E104,Transaction {tx} completed in {time}ms
2136,2026-01-10,09:01:52,INFO,PaymentGateway,Transaction tx309324 completed in 429ms,E104,Transaction {tx} completed in {time}ms
2137,2026-01-10,09:54:33,INFO,InventoryDB,User u1618 login successful,E101,User {user} login successful
2138,2026-01-10,09:57:42,INFO,WebServer,Transaction tx976298 completed in 569ms,E104,Transaction {tx} completed in {time}ms
2139,2026-01-10,09:03:36,WARN,WebServer,Unauthorized access attempt from 10.0.0.45,E401,Unauthorized access attempt from {ip}
2140,2026-01-10,09:15:00,INFO,PaymentGateway,Page view: /home by u3429,E103,Page view: {page} by {user}
2141,2026-01-10,09:38:41,INFO,WebServer,Health check passed: WebServer,E102,Health check passed: {service}
2142,2026-01-10,09:43:56,WARN,WebServer,Disk usage > 85% on node node-2,E202,Disk usage > 85% on node {node}
2143,2026-01-10,09:35:36,INFO,WebServer,Transaction tx847173 completed in 58ms,E104,Transaction {tx} completed in {time}ms
2144,2026-01-10,09:47:22,INFO,WebServer,Transaction tx940500 completed in 483ms,E104,Transaction {tx} completed in {time}ms
2145,2026-01-10,09:33:36,INFO,PaymentGateway,Transaction tx548160 completed in 663ms,E104,Transaction {tx} completed in {time}ms
2146,2026-01-10,09:18:42,INFO,OrderProcessor,Page view: /home by u3195,E103,Page view: {page} by {user}
2147,2026-01-10,09:21:47,INFO,PaymentGateway,Transaction tx328968 completed in 778ms,E104,Transaction {tx} completed in {time}ms
2148,2026-01-10,09:38:09,INFO,AuthService,Page view: /home by u2640,E103,Page view: {page} by {user}
2149,2026-01-10,09:53:43,INFO,PaymentGateway,User u4228 login successful,E101,User {user} login successful
2150,2026-01-10,09:35:25,INFO,WebServer,User u2715 login successful,E101,User {user} login successful
2151,2026-01-10,09:22:59,INFO,WebServer,User u3420 login successful,E101,User {user} login successful
2152,2026-01-10,09:25:24,INFO,OrderProcessor,Page view: /home by u4209,E103,Page view: {page} by {user}
2153,2026-01-10,09:15:52,INFO,AuthService,User u3114 login successful,E101,User {user} login successful
2154,2026-01-10,09:55:56,INFO,AuthService,User u4517 login successful,E101,User {user} login successful
2155,2026-01-10,09:44:17,INFO,AuthService,Transaction tx916491 completed in 405ms,E104,Transaction {tx} completed in {time}ms
2156,2026-01-10,09:00:11,INFO,OrderProcessor,User u3542 login successful,E101,User {user} login successful
2157,2026-01-10,09:52:42,INFO,PaymentGateway,Health check passed: PaymentGateway,E102,Health check passed: {service}
2158,2026-01-10,09:36:59,INFO,WebServer,User u4904 login successful,E101,User {user} login successful
2159,2026-01-10,09:44:59,INFO,OrderProcessor,Transaction tx199504 completed in 429ms,E104,Transaction {tx} completed in {time}ms
2160,2026-01-10,09:32:58,INFO,OrderProcessor,Health check passed: OrderProcessor,E102,Health check passed: {service}
2161,2026-01-10,09:25:19,INFO,AuthService,Page view: /home by u1037,E103,Page view: {page} by {user}
2162,2026-01-10,09:00:15,INFO,WebServer,User u4749 login successful,E101,User {user} login successful
2163,2026-01-10,09:57:18,INFO,WebServer,Health check passed: WebServer,E102,Health check passed: {service}
2164,2026-01-10,09:03:29,INFO,WebServer,User u3046 login successful,E101,User {user} login successful
2165,2026-01-10,09:11:06,INFO,WebServer,Page view: /home by u3443,E103,Page view: {page} by {user}
2166,2026-01-10,09:57:33,INFO,OrderProcessor,Page view: /home by u4341,E103,Page view: {page} by {user}
2167,2026-01-10,09:38:32,INFO,WebServer,Health check passed: WebServer,E102,Health check passed: {service}
2168,2026-01-10,09:11:35,INFO,PaymentGateway,Transaction tx510533 completed in 1790ms,E104,Transaction {tx} completed in {time}ms
2169,2026-01-10,09:51:40,INFO,PaymentGateway,Transaction tx858997 completed in 113ms,E104,Transaction {tx} completed in {time}ms
2170,2026-01-10,09:49:17,INFO,InventoryDB,Page view: /home by u3842,E103,Page view: {page} by {user}
2171,2026-01-10,09:27:40,INFO,WebServer,Health check passed: WebServer,E102,Health check passed: {service}
2172,2026-01-10,09:19:02,INFO,AuthService,Page view: /home by u4166,E103,Page view: {page} by {user}
2173,2026-01-10,09:34:47,INFO,InventoryDB,Health check passed: InventoryDB,E102,Health check passed: {service}
2174,2026-01-10,09:43:25,INFO,WebServer,Page view: /home by u2377,E103,Page view: {page} by {user}
2175,2026-01-10,09:17:00,INFO,AuthService,User u1522 login successful,E101,User {user} login successful
2176,2026-01-10,09:34:11,INFO,PaymentGateway,Health check passed: PaymentGateway,E102,Health check passed: {service}
2177,2026-01-10,09:41:07,INFO,AuthService,Page view: /home by u1711,E103,Page view: {page} by {user}
2178,2026-01-10,09:19:25,INFO,AuthService,Page view: /home by u3415,E103,Page view: {page} by {user}
2179,2026-01-10,09:34:14,INFO,AuthService,Transaction tx350569 completed in 1062ms,E104,Transaction {tx} completed in {time}ms
2180,2026-01-10,09:13:17,INFO,WebServer,Page view: /home by u1065,E103,Page view: {page} by {user}
2181,2026-01-10,09:13:08,INFO,WebServer,Transaction tx144462 completed in 225ms,E104,Transaction {tx} completed in {time}ms
2182,2026-01-10,09:22:50,INFO,WebServer,User u1300 login successful,E101,User {user} login successful
2183,2026-01-10,09:29:26,INFO,AuthService,User u4408 login successful,E101,User {user} login successful
2184,2026-01-10,09:52:40,INFO,WebServer,Transaction tx424821 completed in 1653ms,E104,Transaction {tx} completed in {time}ms
2185,2026-01-10,09:54:41,INFO,WebServer,Transaction tx537181 completed in 1012ms,E104,Transaction {tx} completed in {time}ms
2186,2026-01-10,09:26:58,INFO,AuthService,User u2040 login successful,E101,User {user} login successful
2187,2026-01-10,09:44:14,INFO,WebServer,Health check passed: WebServer,E102,Health check passed: {service}
2188,2026-01-10,09:59:52,INFO,WebServer,Page view: /home by u3615,E103,Page view: {page} by {user}
2189,2026-01-10,09:58:09,ERROR,WebServer,Timeout waiting for lock on InventoryDB,E502,Timeout waiting for lock on {db}
2190,2026-01-10,09:43:58,INFO,WebServer,Page view: /home by u1459,E103,Page view: {page} by {user}
2191,2026-01-10,09:46:59,INFO,WebServer,Page view: /home by u3327,E103,Page view: {page} by {user}
2192,2026-01-10,09:02:38,INFO,WebServer,Transaction tx441462 completed in 645ms,E104,Transaction {tx} completed in {time}ms
2193,2026-01-10,09:40:00,INFO,AuthService,Health check passed: AuthService,E102,Health check passed: {service}
2194,2026-01-10,09:29:30,INFO,AuthService,User u1670 login successful,E101,User {user} login successful
2195,2026-01-10,09:20:20,INFO,WebServer,Health check passed: WebServer,E102,Health check passed: {service}
2196,2026-01-10,09:13:30,INFO,WebServer,Page view: /home by u4290,E103,Page view: {page} by {user}
2197,2026-01-10,09:26:30,INFO,OrderProcessor,Transaction tx502981 completed in 1679ms,E104,Transaction {tx} completed in {time}ms
2198,2026-01-10,09:39:37,INFO,AuthService,Health check passed: AuthService,E102,Health check passed: {service}
2199,2026-01-10,09:30:45,INFO,PaymentGateway,Health check passed: PaymentGateway,E102,Health check passed: {service}
2200,2026-01-10,09:38:12,INFO,AuthService,Health check passed: AuthService,E102,Health check passed: {service}
2201,2026-01-10,09:19:57,INFO,WebServer,Health check passed: WebServer,E102,Health check passed: {service}
2202,2026-01-10,09:26:24,INFO,OrderProcessor,Page view: /home by u1564,E103,Page view: {page} by {user}
2203,2026-01-10,09:32:18,INFO,WebServer,User u1239 login successful,E101,User {user} login successful
2204,2026-01-10,09:52:52,INFO,AuthService,Health check passed: AuthService,E102,Health check passed: {service}
2205,2026-01-10,09:47:39,INFO,WebServer,Transaction tx825644 completed in 784ms,E104,Transaction {tx} completed in {time}ms
2206,2026-01-10,09:46:58,INFO,WebServer,Page view: /home by u4023,E103,Page view: {page} by {user}
2207,2026-01-10,09:21:26,INFO,AuthService,Health check passed: AuthService,E102,Health check passed: {service}
2208,2026-01-10,09:53:01,INFO,WebServer,Health check passed: WebServer,E102,Health check passed: {service}
2209,2026-01-10,09:48:26,INFO,AuthService,Page view: /home by u2991,E103,Page view: {page} by {user}
2210,2026-01-10,09:30:35,INFO,WebServer,Page view: /home by u4831,E103,Page view: {page} by {user}
2211,2026-01-10,09:22:03,INFO,OrderProcessor,Page view: /home by u2515,E103,Page view: {page} by {user}
2212,2026-01-10,09:46:21,INFO,WebServer,Transaction tx266747 completed in 1584ms,E104,Transaction {tx} completed in {time}ms
2213,2026-01-10,09:11:14,INFO,OrderProcessor,Health check passed: OrderProcessor,E102,Health check passed: {service}
2214,2026-01-10,09:36:38,INFO,WebServer,Transaction tx295115 completed in 1910ms,E104,Transaction {tx} completed in {time}ms
2215,2026-01-10,09:07:49,INFO,WebServer,Transaction tx510163 completed in 1730ms,E104,Transaction {tx} completed in {time}ms
2216,2026-01-10,09:15:52,INFO,OrderProcessor,Health check passed: OrderProcessor,E102,Health check passed: {service}
2217,2026-01-10,09:35:45,INFO,OrderProcessor,Health check passed: OrderProcessor,E102,Health check passed: {service}
2218,2026-01-10,09:51:34,INFO,WebServer,Page view: /home by u3131,E103,Page view: {page} by {user}
2219,2026-01-10,09:06:16,INFO,AuthService,User u3900 login successful,E101,User {user} login successful
2220,2026-01-10,09:59:25,INFO,PaymentGateway,Health check passed: PaymentGateway,E102,Health check passed: {service}
2221,2026-01-10,09:35:38,INFO,AuthService,User u1427 login successful,E101,User {user} login successful
2222,2026-01-10,09:57:15,INFO,WebServer,User u2920 login successful,E101,User {user} login successful
2223,2026-01-10,09:59:54,INFO,OrderProcessor,Health check passed: OrderProcessor,E102,Health check passed: {service}
2224,2026-01-10,09:29:08,INFO,WebServer,Health check passed: WebServer,E102,Health check passed: {service}
2225,2026-01-10,09:04:16,INFO,AuthService,Health check passed: AuthService,E102,Health check passed: {service}
2226,2026-01-10,09:18:49,ERROR,OrderProcessor,Timeout waiting for lock on InventoryDB,E502,Timeout waiting for lock on {db}
2227,2026-01-10,09:15:35,WARN,AuthService,High latency (1459ms) detected on AuthService,E201,High latency ({time}ms) detected on {service}
2228,2026-01-10,09:07:14,INFO,OrderProcessor,Health check passed: OrderProcessor,E102,Health check passed: {service}
2229,2026-01-10,09:08:17,INFO,WebServer,User u3417 login successful,E101,User {user} login successful
2230,2026-01-10,09:30:06,INFO,AuthService,Transaction tx413556 completed in 332ms,E104,Transaction {tx} completed in {time}ms
2231,2026-01-10,09:37:37,INFO,WebServer,Page view: /home by u1322,E103,Page view: {page} by {user}
2232,2026-01-10,09:25:14,INFO,WebServer,User u3945 login successful,E101,User {user} login successful
2233,2026-01-10,09:56:34,INFO,WebServer,User u1911 login successful,E101,User {user} login successful
2234,2026-01-10,09:21:56,INFO,WebServer,User u3257 login successful,E101,User {user} login successful
2235,2026-01-10,09:24:53,INFO,AuthService,User u3355 login successful,E101,User {user} login successful
2236,2026-01-10,09:30:15,INFO,InventoryDB,Health check passed: InventoryDB,E102,Health check passed: {service}
2237,2026-01-10,09:16:47,INFO,WebServer,Transaction tx470983 completed in 1601ms,E104,Transaction {tx} completed in {time}ms
2238,2026-01-10,09:26:50,INFO,PaymentGateway,Transaction tx927301 completed in 536ms,E104,Transaction {tx} completed in {time}ms
2239,2026-01-10,09:02:30,INFO,AuthService,User u2904 login successful,E101,User {user} login successful
2240,2026-01-10,09:13:49,INFO,WebServer,Transaction tx140379 completed in 36ms,E104,Transaction {tx} completed in {time}ms
2241,2026-01-10,09:41:08,INFO,WebServer,Health check passed: WebServer,E102,Health check passed: {service}
2242,2026-01-10,09:49:12,INFO,PaymentGateway,Health check passed: PaymentGateway,E102,Health check passed: {service}
2243,2026-01-10,09:36:43,INFO,WebServer,Health check passed: WebServer,E102,Health check passed: {service}
2244,2026-01-10,09:59:49,INFO,WebServer,Health check passed: WebServer,E102,Health check passed: {service}
2245,2026-01-10,09:48:58,WARN,WebServer,Unauthorized access attempt from 10.0.0.45,E401,Unauthorized access attempt from {ip}
2246,2026-01-10,09:32:24,INFO,AuthService,User u2129 login successful,E101,User {user} login successful
2247,2026-01-10,09:23:10,INFO,OrderProcessor,Transaction tx826283 completed in 988ms,E104,Transaction {tx} completed in {time}ms
2248,2026-01-10,09:24:09,INFO,OrderProcessor,User u1652 login successful,E101,User {user} login successful
2249,2026-01-10,09:35:49,INFO,AuthService,Transaction tx816183 completed in 1631ms,E104,Transaction {tx} completed in {time}ms
2250,2026-01-10,09:45:36,INFO,OrderProcessor,User u1142 login successful,E101,User {user} login successful
2251,2026-01-10,09:57:11,INFO,WebServer,Transaction tx488281 completed in 1753ms,E104,Transaction {tx} completed in {time}ms
2252,2026-01-10,09:33:17,INFO,AuthService,Page view: /home by u1424,E103,Page view: {page} by {user}
2253,2026-01-10,09:24:16,INFO,WebServer,Health check passed: WebServer,E102,Health check passed: {service}
2254,2026-01-10,09:26:18,INFO,InventoryDB,Transaction tx496880 completed in 640ms,E104,Transaction {tx} completed in {time}ms
2255,2026-01-10,09:21:07,INFO,OrderProcessor,User u3924 login successful,E101,User {user} login successful
2256,2026-01-10,09:27:14,INFO,AuthService,Page view: /home by u1237,E103,Page view: {page} by {user}
2257,2026-01-10,09:34:54,INFO,PaymentGateway,User u1557 login successful,E101,User {user} login successful
2258,2026-01-10,09:54:12,INFO,PaymentGateway,User u4890 login successful,E101,User {user} login successful
2259,2026-01-10,09:51:54,WARN,WebServer,Disk usage > 85% on node node-5,E202,Disk usage > 85% on node {node}
2260,2026-01-10,09:26:37,INFO,AuthService,User u4991 login successful,E101,User {user} login successful
2261,2026-01-10,09:15:12,INFO,AuthService,User u1341 login successful,E101,User {user} login successful
2262,2026-01-10,09:03:34,INFO,AuthService,Transaction tx868665 completed in 341ms,E104,Transaction {tx} completed in {time}ms
2263,2026-01-10,09:56:40,INFO,InventoryDB,Transaction tx696108 completed in 1756ms,E104,Transaction {tx} completed in {time}ms
2264,2026-01-10,09:06:02,INFO,WebServer,Health check passed: WebServer,E102,Health check passed: {service}
2265,2026-01-10,09:21:43,INFO,WebServer,Transaction tx790010 completed in 1112ms,E104,Transaction {tx} completed in {time}ms
2266,2026-01-10,09:22:56,INFO,WebServer,Health check passed: WebServer,E102,Health check passed: {service}
2267,2026-01-10,09:37:48,INFO,PaymentGateway,User u1083 login successful,E101,User {user} login successful
2268,2026-01-10,09:53:07,INFO,WebServer,Page view: /home by u2430,E103,Page view: {page} by {user}
2269,2026-01-10,09:12:25,WARN,InventoryDB,High latency (566ms) detected on InventoryDB,E201,High latency ({time}ms) detected on {service}
2270,2026-01-10,09:46:37,INFO,WebServer,User u3694 login successful,E101,User {user} login successful
2271,2026-01-10,09:45:05,INFO,WebServer,Health check passed: WebServer,E102,Health check passed: {service}
2272,2026-01-10,09:13:39,INFO,WebServer,Page view: /home by u1766,E103,Page view: {page} by {user}
2273,2026-01-10,09:30:19,INFO,OrderProcessor,Health check passed: OrderProcessor,E102,Health check passed: {service}
2274,2026-01-10,09:12:29,INFO,WebServer,Transaction tx699991 completed in 1091ms,E104,Transaction {tx} completed in {time}ms
2275,2026-01-10,09:57:01,INFO,AuthService,Health check passed: AuthService,E102,Health check passed: {service}
2276,2026-01-10,09:41:39,INFO,AuthService,Health check passed: AuthService,E102,Health check passed: {service}
2277,2026-01-10,09:26:54,INFO,AuthService,Transaction tx551781 completed in 576ms,E104,Transaction {tx} completed in {time}ms
2278,2026-01-10,09:02:23,INFO,PaymentGateway,Transaction tx848744 completed in 928ms,E104,Transaction {tx} completed in {time}ms
2279,2026-01-10,09:39:37,INFO,WebServer,Transaction tx756852 completed in 957ms,E104,Transaction {tx} completed in {time}ms
2280,2026-01-10,09:34:15,INFO,WebServer,Health check passed: WebServer,E102,Health check passed: {service}
2281,2026-01-10,09:14:26,INFO,WebServer,Transaction tx499097 completed in 1792ms,E104,Transaction {tx} completed in {time}ms
2282,2026-01-10,09:23:15,INFO,AuthService,Transaction tx284912 completed in 1735ms,E104,Transaction {tx} completed in {time}ms
2283,2026-01-10,09:20:56,INFO,WebServer,User u3463 login successful,E101,User {user} login successful
2284,2026-01-10,09:35:26,INFO,WebServer,Page view: /home by u2441,E103,Page view: {page} by {user}
2285,2026-01-10,09:32:19,INFO,AuthService,Transaction tx743085 completed in 1809ms,E104,Transaction {tx} completed in {time}ms
2286,2026-01-10,09:40:04,INFO,WebServer,Health check passed: WebServer,E102,Health check passed: {service}
2287,2026-01-10,09:33:51,INFO,AuthService,Page view: /home by u1193,E103,Page view: {page} by {user}
2288,2026-01-10,09:01:44,INFO,OrderProcessor,Health check passed: OrderProcessor,E102,Health check passed: {service}
2289,2026-01-10,09:34:49,INFO,OrderProcessor,User u4160 login successful,E101,User {user} login successful
2290,2026-01-10,09:24:27,INFO,OrderProcessor,User u3600 login successful,E101,User {user} login successful
2291,2026-01-10,09:53:00,INFO,OrderProcessor,Transaction tx325654 completed in 713ms,E104,Transaction {tx} completed in {time}ms
2292,2026-01-10,09:03:28,INFO,InventoryDB,User u4058 login successful,E101,User {user} login successful
2293,2026-01-10,09:59:06,INFO,AuthService,Health check passed: AuthService,E102,Health check passed: {service}
2294,2026-01-10,09:23:51,WARN,WebServer,Disk usage > 85% on node node-5,E202,Disk usage > 85% on node {node}
2295,2026-01-10,09:48:04,INFO,AuthService,Transaction tx436973 completed in 458ms,E104,Transaction {tx} completed in {time}ms
2296,2026-01-10,09:23:38,INFO,WebServer,Health check passed: WebServer,E102,Health check passed: {service}
2297,2026-01-10,09:41:00,INFO,WebServer,Page view: /home by u2140,E103,Page view: {page} by {user}
2298,2026-01-10,09:40:19,INFO,AuthService,Page view: /home by u4253,E103,Page view: {page} by {user}
2299,2026-01-10,09:43:43,INFO,AuthService,Page view: /home by u4310,E103,Page view: {page} by {user}
2300,2026-01-10,09:07:37,INFO,PaymentGateway,User u3934 login successful,E101,User {user} login successful
2301,2026-01-10,09:19:47,INFO,AuthService,Page view: /home by u4035,E103,Page view: {page} by {user}
2302,2026-01-10,09:40:30,INFO,PaymentGateway,User u4879 login successful,E101,User {user} login successful
2303,2026-01-10,09:37:58,INFO,WebServer,User u1951 login successful,E101,User {user} login successful
2304,2026-01-10,09:07:59,INFO,PaymentGateway,Transaction tx424420 completed in 68ms,E104,Transaction {tx} completed in {time}ms
2305,2026-01-10,09:32:44,WARN,AuthService,Disk usage > 85% on node node-3,E202,Disk usage > 85% on node {node}
2306,2026-01-10,09:49:12,INFO,WebServer,Transaction tx729995 completed in 81ms,E104,Transaction {tx} completed in {time}ms
2307,2026-01-10,09:44:43,INFO,OrderProcessor,Health check passed: OrderProcessor,E102,Health check passed: {service}
2308,2026-01-10,09:10:09,INFO,WebServer,User u4899 login successful,E101,User {user} login successful
2309,2026-01-10,09:33:25,INFO,AuthService,Transaction tx980956 completed in 1226ms,E104,Transaction {tx} completed in {time}ms
2310,2026-01-10,09:00:28,INFO,PaymentGateway,Transaction tx762381 completed in 1298ms,E104,Transaction {tx} completed in {time}ms
2311,2026-01-10,09:48:04,INFO,AuthService,Page view: /home by u3981,E103,Page view: {page} by {user}
2312,2026-01-10,09:04:55,INFO,WebServer,Health check passed: WebServer,E102,Health check passed: {service}
2313,2026-01-10,09:46:08,ERROR,AuthService,Payment declined: Gateway unavailable,E503,Payment declined: Gateway unavailable
2314,2026-01-10,09:32:57,INFO,WebServer,Page view: /home by u3623,E103,Page view: {page} by {user}
2315,2026-01-10,09:58:59,INFO,InventoryDB,Transaction tx517045 completed in 842ms,E104,Transaction {tx} completed in {time}ms
2316,2026-01-10,09:54:23,INFO,WebServer,Page view: /home by u2243,E103,Page view: {page} by {user}
2317,2026-01-10,09:13:40,INFO,PaymentGateway,Transaction tx151142 completed in 388ms,E104,Transaction {tx} completed in {time}ms
2318,2026-01-10,09:02:05,WARN,OrderProcessor,Unauthorized access attempt from 10.0.0.99,E401,Unauthorized access attempt from {ip}
2319,2026-01-10,09:10:16,INFO,OrderProcessor,Health check passed: OrderProcessor,E102,Health check passed: {service}
2320,2026-01-10,09:06:12,INFO,WebServer,Transaction tx734369 completed in 857ms,E104,Transaction {tx} completed in {time}ms
2321,2026-01-10,09:59:50,INFO,AuthService,Transaction tx104939 completed in 1638ms,E104,Transaction {tx} completed in {time}ms
2322,2026-01-10,09:17:11,INFO,OrderProcessor,Health check passed: OrderProcessor,E102,Health check passed: {service}
2323,2026-01-10,09:52:41,INFO,OrderProcessor,Health check passed: OrderProcessor,E102,Health check passed: {service}
2324,2026-01-10,09:06:09,INFO,WebServer,Page view: /home by u1743,E103,Page view: {page} by {user}
2325,2026-01-10,09:43:44,INFO,WebServer,Transaction tx972956 completed in 502ms,E104,Transaction {tx} completed in {time}ms
2326,2026-01-10,09:50:35,INFO,AuthService,User u4361 login successful,E101,User {user} login successful
2327,2026-01-10,09:54:31,INFO,AuthService,Health check passed: AuthService,E102,Health check passed: {service}
2328,2026-01-10,09:38:07,INFO,WebServer,Transaction tx514213 completed in 1096ms,E104,Transaction {tx} completed in {time}ms
2329,2026-01-10,09:30:01,INFO,OrderProcessor,User u1048 login successful,E101,User {user} login successful
2330,2026-01-10,09:34:57,INFO,WebServer,Health check passed: WebServer,E102,Health check passed: {service}
2331,2026-01-10,09:25:02,CRITICAL,PaymentGateway,DATA CORRUPTION detected in sector 831,E602,DATA CORRUPTION detected in sector {sector}
2332,2026-01-10,09:37:59,INFO,WebServer,User u3522 login successful,E101,User {user} login successful
2333,2026-01-10,09:05:36,INFO,WebServer,Health check passed: WebServer,E102,Health check passed: {service}
2334,2026-01-10,09:56:53,INFO,WebServer,Health check passed: WebServer,E102,Health check passed: {service}
2335,2026-01-10,09:18:55,INFO,WebServer,Health check passed: WebServer,E102,Health check passed: {service}
2336,2026-01-10,09:44:07,INFO,AuthService,Health check passed: AuthService,E102,Health check passed: {service}
2337,2026-01-10,09:20:05,INFO,PaymentGateway,Health check passed: PaymentGateway,E102,Health check passed: {service}
2338,2026-01-10,09:29:05,INFO,PaymentGateway,User u2225 login successful,E101,User {user} login successful
2339,2026-01-10,09:16:09,INFO,WebServer,Health check passed: WebServer,E102,Health check passed: {service}
2340,2026-01-10,09:36:05,INFO,OrderProcessor,Page view: /home by u4749,E103,Page view: {page} by {user}
2341,2026-01-10,09:05:55,INFO,WebServer,Health check passed: WebServer,E102,Health check passed: {service}
2342,2026-01-10,09:23:11,INFO,WebServer,Transaction tx810947 completed in 533ms,E104,Transaction {tx} completed in {time}ms
2343,2026-01-10,09:40:45,INFO,AuthService,Health check passed: AuthService,E102,Health check passed: {service}
2344,2026-01-10,09:47:07,INFO,PaymentGateway,Page view: /home by u2881,E103,Page view: {page} by {user}
2345,2026-01-10,09:45:34,INFO,WebServer,Transaction tx965474 completed in 1809ms,E104,Transaction {tx} completed in {time}ms
2346,2026-01-10,09:40:30,INFO,WebServer,Health check passed: WebServer,E102,Health check passed: {service}
2347,2026-01-10,09:58:50,INFO,WebServer,Health check passed: WebServer,E102,Health check passed: {service}
2348,2026-01-10,09:48:54,INFO,WebServer,Health check passed: WebServer,E102,Health check passed: {service}
2349,2026-01-10,09:49:45,INFO,OrderProcessor,User u3601 login successful,E101,User {user} login successful
2350,2026-01-10,09:06:49,INFO,WebServer,User u1393 login successful,E101,User {user} login successful
2351,2026-01-10,09:12:06,INFO,WebServer,Health check passed: WebServer,E102,Health check passed: {service}
2352,2026-01-10,09:18:20,INFO,WebServer,Transaction tx908658 completed in 1907ms,E104,Transaction {tx} completed in {time}ms
2353,2026-01-10,09:50:32,INFO,WebServer,Page view: /home by u2182,E103,Page view: {page} by {user}
2354,2026-01-10,09:05:18,INFO,WebServer,Transaction tx158095 completed in 1607ms,E104,Transaction {tx} completed in {time}ms
2355,2026-01-10,09:58:44,INFO,OrderProcessor,Transaction tx149359 completed in 746ms,E104,Transaction {tx} completed in {time}ms
2356,2026-01-10,09:04:03,INFO,WebServer,Page view: /home by u4795,E103,Page view: {page} by {user}
2357,2026-01-10,09:47:10,INFO,WebServer,User u4448 login successful,E101,User {user} login successful
2358,2026-01-10,09:47:14,INFO,AuthService,User u4842 login successful,E101,User {user} login successful
2359,2026-01-10,09:37:12,INFO,WebServer,Page view: /home by u4296,E103,Page view: {page} by {user}
2360,2026-01-10,09:59:52,INFO,AuthService,Transaction tx605093 completed in 1670ms,E104,Transaction {tx} completed in {time}ms
2361,2026-01-10,09:15:50,INFO,WebServer,Transaction tx945022 completed in 846ms,E104,Transaction {tx} completed in {time}ms
2362,2026-01-10,09:38:57,INFO,OrderProcessor,Health check passed: OrderProcessor,E102,Health check passed: {service}
2363,2026-01-10,09:29:24,INFO,InventoryDB,Health check passed: InventoryDB,E102,Health check passed: {service}
2364,2026-01-10,09:51:13,INFO,AuthService,Health check passed: AuthService,E102,Health check passed: {service}
2365,2026-01-10,09:33:09,INFO,WebServer,Health check passed: WebServer,E102,Health check passed: {service}
2366,2026-01-10,09:10:56,INFO,WebServer,Transaction tx240791 completed in 871ms,E104,Transaction {tx} completed in {time}ms
2367,2026-01-10,09:26:00,INFO,InventoryDB,Page view: /home by u3964,E103,Page view: {page} by {user}
2368,2026-01-10,09:17:37,INFO,WebServer,Page view: /home by u4040,E103,Page view: {page} by {user}
2369,2026-01-10,09:24:08,INFO,AuthService,Transaction tx297503 completed in 255ms,E104,Transaction {tx} completed in {time}ms
2370,2026-01-10,09:17:37,INFO,AuthService,Transaction tx577009 completed in 35ms,E104,Transaction {tx} completed in {time}ms
2371,2026-01-10,09:21:38,INFO,AuthService,Health check passed: AuthService,E102,Health check passed: {service}
2372,2026-01-10,09:09:16,INFO,OrderProcessor,Page view: /home by u2131,E103,Page view: {page} by {user}
2373,2026-01-10,09:20:04,INFO,PaymentGateway,Health check passed: PaymentGateway,E102,Health check passed: {service}
2374,2026-01-10,09:51:49,INFO,OrderProcessor,Page view: /home by u1207,E103,Page view: {page} by {user}
2375,2026-01-10,09:09:45,INFO,PaymentGateway,Transaction tx318633 completed in 1545ms,E104,Transaction {tx} completed in {time}ms
2376,2026-01-10,09:18:38,INFO,WebServer,Health check passed: WebServer,E102,Health check passed: {service}
2377,2026-01-10,09:21:22,INFO,WebServer,User u3400 login successful,E101,User {user} login successful
2378,2026-01-10,09:52:14,INFO,PaymentGateway,Health check passed: PaymentGateway,E102,Health check passed: {service}
2379,2026-01-10,09:17:37,INFO,WebServer,Page view: /home by u4069,E103,Page view: {page} by {user}
2380,2026-01-10,09:13:02,INFO,WebServer,Health check passed: WebServer,E102,Health check passed: {service}
2381,2026-01-10,09:17:24,INFO,AuthService,User u2190 login successful,E101,User {user} login successful
2382,2026-01-10,09:05:18,INFO,AuthService,Page view: /home by u2098,E103,Page view: {page} by {user}
2383,2026-01-10,09:49:13,INFO,AuthService,User u2887 login successful,E101,User {user} login successful
2384,2026-01-10,09:52:34,INFO,WebServer,Page view: /home by u3306,E103,Page view: {page} by {user}
2385,2026-01-10,09:04:01,INFO,AuthService,Health check passed: AuthService,E102,Health check passed: {service}
2386,2026-01-10,09:42:59,WARN,WebServer,High latency (529ms) detected on WebServer,E201,High latency ({time}ms) detected on {service}
2387,2026-01-10,09:04:27,INFO,WebServer,Health check passed: WebServer,E102,Health check passed: {service}
2388,2026-01-10,09:44:57,INFO,WebServer,Health check passed: WebServer,E102,Health check passed: {service}
2389,2026-01-10,09:05:29,INFO,WebServer,Transaction tx882999 completed in 1860ms,E104,Transaction {tx} completed in {time}ms
2390,2026-01-10,09:04:15,INFO,AuthService,User u3877 login successful,E101,User {user} login successful
2391,2026-01-10,09:45:41,INFO,InventoryDB,Health check passed: InventoryDB,E102,Health check passed: {service}
2392,2026-01-10,09:49:33,INFO,WebServer,Transaction tx636682 completed in 253ms,E104,Transaction {tx} completed in {time}ms
2393,2026-01-10,09:18:42,INFO,WebServer,User u4221 login successful,E101,User {user} login successful
2394,2026-01-10,09:07:55,INFO,AuthService,Transaction tx453328 completed in 1707ms,E104,Transaction {tx} completed in {time}ms
2395,2026-01-10,09:37:44,INFO,AuthService,User u2630 login successful,E101,User {user} login successful
2396,2026-01-10,09:12:38,INFO,AuthService,Page view: /home by u3862,E103,Page view: {page} by {user}
2397,2026-01-10,09:19:09,INFO,PaymentGateway,User u1391 login successful,E101,User {user} login successful
2398,2026-01-10,09:16:44,INFO,WebServer,Page view: /home by u1171,E103,Page view: {page} by {user}
2399,2026-01-10,09:15:53,WARN,OrderProcessor,Disk usage > 85% on node node-1,E202,Disk usage > 85% on node {node}
2400,2026-01-10,09:08:24,WARN,WebServer,High latency (603ms) detected on WebServer,E201,High latency ({time}ms) detected on {service}
2401,2026-01-10,09:02:49,INFO,WebServer,Transaction tx954645 completed in 1121ms,E104,Transaction {tx} completed in {time}ms
2402,2026-01-10,09:20:59,INFO,AuthService,Page view: /home by u4900,E103,Page view: {page} by {user}
2403,2026-01-10,09:53:47,INFO,WebServer,Health check passed: WebServer,E102,Health check passed: {service}
2404,2026-01-10,09:50:57,INFO,WebServer,Page view: /home by u2458,E103,Page view: {page} by {user}
2405,2026-01-10,09:39:46,INFO,OrderProcessor,Health check passed: OrderProcessor,E102,Health check passed: {service}
2406,2026-01-10,09:21:11,INFO,InventoryDB,Transaction tx148417 completed in 736ms,E104,Transaction {tx} completed in {time}ms
2407,2026-01-10,09:41:44,INFO,InventoryDB,User u1593 login successful,E101,User {user} login successful
2408,2026-01-10,09:27:35,ERROR,InventoryDB,Timeout waiting for lock on InventoryDB,E502,Timeout waiting for lock on {db}
2409,2026-01-10,09:50:56,INFO,WebServer,Transaction tx968609 completed in 1528ms,E104,Transaction {tx} completed in {time}ms
2410,2026-01-10,09:46:58,INFO,WebServer,Transaction tx386741 completed in 1450ms,E104,Transaction {tx} completed in {time}ms
2411,2026-01-10,09:41:41,INFO,WebServer,Transaction tx107934 completed in 1299ms,E104,Transaction {tx} completed in {time}ms
2412,2026-01-10,09:46:32,INFO,InventoryDB,Health check passed: InventoryDB,E102,Health check passed: {service}
2413,2026-01-10,09:37:13,INFO,AuthService,Transaction tx790372 completed in 1765ms,E104,Transaction {tx} completed in {time}ms
2414,2026-01-10,09:31:11,INFO,WebServer,User u4303 login successful,E101,User {user} login successful
2415,2026-01-10,09:52:37,INFO,WebServer,Health check passed: WebServer,E102,Health check passed: {service}
2416,2026-01-10,09:52:48,INFO,OrderProcessor,User u3264 login successful,E101,User {user} login successful
2417,2026-01-10,09:42:41,INFO,AuthService,Transaction tx312206 completed in 1646ms,E104,Transaction {tx} completed in {time}ms
2418,2026-01-10,09:25:52,INFO,InventoryDB,Page view: /home by u1182,E103,Page view: {page} by {user}
2419,2026-01-10,09:35:09,INFO,WebServer,User u2506 login successful,E101,User {user} login successful
2420,2026-01-10,09:02:49,INFO,WebServer,Health check passed: WebServer,E102,Health check passed: {service}
2421,2026-01-10,09:59:15,INFO,PaymentGateway,Transaction tx855907 completed in 613ms,E104,Transaction {tx} completed in {time}ms
2422,2026-01-10,09:33:12,INFO,WebServer,Page view: /home by u2574,E103,Page view: {page} by {user}
2423,2026-01-10,09:25:35,WARN,AuthService,Disk usage > 85% on node node-1,E202,Disk usage > 85% on node {node}
2424,2026-01-10,09:04:48,INFO,WebServer,Health check passed: WebServer,E102,Health check passed: {service}
2425,2026-01-10,09:19:29,INFO,WebServer,Transaction tx326860 completed in 954ms,E104,Transaction {tx} completed in {time}ms
2426,2026-01-10,09:38:32,INFO,WebServer,User u1862 login successful,E101,User {user} login successful
2427,2026-01-10,09:25:23,INFO,AuthService,Page view: /home by u2328,E103,Page view: {page} by {user}
2428,2026-01-10,09:31:09,INFO,WebServer,Health check passed: WebServer,E102,Health check passed: {service}
2429,2026-01-10,09:16:04,INFO,WebServer,Health check passed: WebServer,E102,Health check passed: {service}
2430,2026-01-10,09:49:28,INFO,WebServer,Health check passed: WebServer,E102,Health check passed: {service}
2431,2026-01-10,09:37:06,INFO,AuthService,User u1590 login successful,E101,User {user} login successful
2432,2026-01-10,09:50:08,WARN,WebServer,Disk usage > 85% on node node-3,E202,Disk usage > 85% on node {node}
2433,2026-01-10,09:35:36,INFO,WebServer,Health check passed: WebServer,E102,Health check passed: {service}
2434,2026-01-10,09:09:37,INFO,WebServer,User u3648 login successful,E101,User {user} login successful
2435,2026-01-10,09:19:09,INFO,PaymentGateway,Health check passed: PaymentGateway,E102,Health check passed: {service}
2436,2026-01-10,09:29:25,INFO,WebServer,Page view: /home by u4027,E103,Page view: {page} by {user}
2437,2026-01-10,09:49:16,INFO,InventoryDB,User u2314 login successful,E101,User {user} login successful
2438,2026-01-10,09:38:57,INFO,AuthService,Transaction tx140675 completed in 1769ms,E104,Transaction {tx} completed in {time}ms
2439,2026-01-10,09:41:12,INFO,WebServer,Transaction tx763626 completed in 143ms,E104,Transaction {tx} completed in {time}ms
2440,2026-01-10,09:09:42,INFO,WebServer,Transaction tx465223 completed in 1669ms,E104,Transaction {tx} completed in {time}ms
2441,2026-01-10,09:02:37,INFO,WebServer,Transaction tx362860 completed in 1800ms,E104,Transaction {tx} completed in {time}ms
2442,2026-01-10,09:36:58,INFO,OrderProcessor,Health check passed: OrderProcessor,E102,Health check passed: {service}
2443,2026-01-10,09:17:55,INFO,PaymentGateway,Page view: /home by u4128,E103,Page view: {page} by {user}
2444,2026-01-10,09:50:05,INFO,WebServer,Page view: /home by u2589,E103,Page view: {page} by {user}
2445,2026-01-10,09:55:27,INFO,WebServer,Health check passed: WebServer,E102,Health check passed: {service}
2446,2026-01-10,09:58:57,INFO,OrderProcessor,Page view: /home by u1520,E103,Page view: {page} by {user}
2447,2026-01-10,09:05:04,INFO,OrderProcessor,Health check passed: OrderProcessor,E102,Health check passed: {service}
2448,2026-01-10,09:56:31,INFO,WebServer,User u4166 login successful,E101,User {user} login successful
2449,2026-01-10,09:39:23,INFO,WebServer,User u1570 login successful,E101,User {user} login successful
2450,2026-01-10,09:56:48,INFO,WebServer,User u3231 login successful,E101,User {user} login successful
2451,2026-01-10,09:35:01,WARN,PaymentGateway,Disk usage > 85% on node node-2,E202,Disk usage > 85% on node {node}
2452,2026-01-10,09:01:34,INFO,WebServer,Health check passed: WebServer,E102,Health check passed: {service}
2453,2026-01-10,09:26:36,INFO,WebServer,User u4115 login successful,E101,User {user} login successful
2454,2026-01-10,09:51:06,INFO,WebServer,Page view: /home by u3130,E103,Page view: {page} by {user}
2455,2026-01-10,09:40:09,INFO,WebServer,Transaction tx391748 completed in 945ms,E104,Transaction {tx} completed in {time}ms
2456,2026-01-10,09:39:28,INFO,WebServer,Health check passed: WebServer,E102,Health check passed: {service}
2457,2026-01-10,09:28:57,INFO,WebServer,Page view: /home by u4336,E103,Page view: {page} by {user}
2458,2026-01-10,09:49:51,INFO,WebServer,Transaction tx105639 completed in 32ms,E104,Transaction {tx} completed in {time}ms
2459,2026-01-10,09:58:21,INFO,WebServer,Page view: /home by u1777,E103,Page view: {page} by {user}
2460,2026-01-10,09:02:48,INFO,WebServer,Page view: /home by u2620,E103,Page view: {page} by {user}
2461,2026-01-10,09:22:06,INFO,WebServer,Health check passed: WebServer,E102,Health check passed: {service}
2462,2026-01-10,09:30:11,INFO,OrderProcessor,User u2499 login successful,E101,User {user} login successful
2463,2026-01-10,09:19:24,INFO,InventoryDB,User u3631 login successful,E101,User {user} login successful
2464,2026-01-10,09:52:19,INFO,OrderProcessor,User u2143 login successful,E101,User {user} login successful
2465,2026-01-10,09:14:03,INFO,AuthService,Page view: /home by u4362,E103,Page view: {page} by {user}
2466,2026-01-10,09:55:57,INFO,AuthService,Page view: /home by u1960,E103,Page view: {page} by {user}
2467,2026-01-10,09:40:10,INFO,AuthService,Transaction tx922955 completed in 816ms,E104,Transaction {tx} completed in {time}ms
2468,2026-01-10,09:36:06,INFO,OrderProcessor,Transaction tx985796 completed in 1224ms,E104,Transaction {tx} completed in {time}ms
2469,2026-01-10,09:55:13,INFO,AuthService,Health check passed: AuthService,E102,Health check passed: {service}
2470,2026-01-10,09:56:58,INFO,WebServer,Page view: /home by u3789,E103,Page view: {page} by {user}
2471,2026-01-10,09:51:11,INFO,OrderProcessor,Transaction tx821522 completed in 1996ms,E104,Transaction {tx} completed in {time}ms
2472,2026-01-10,09:40:03,WARN,WebServer,Unauthorized access attempt from 10.0.0.12,E401,Unauthorized access attempt from {ip}
2473,2026-01-10,09:29:30,INFO,WebServer,Health check passed: WebServer,E102,Health check passed: {service}
2474,2026-01-10,09:15:26,INFO,WebServer,Transaction tx519737 completed in 1394ms,E104,Transaction {tx} completed in {time}ms
2475,2026-01-10,09:59:09,INFO,WebServer,Transaction tx683613 completed in 1446ms,E104,Transaction {tx} completed in {time}ms
2476,2026-01-10,09:20:21,INFO,WebServer,User u4300 login successful,E101,User {user} login successful
2477,2026-01-10,09:36:21,INFO,PaymentGateway,Page view: /home by u2356,E103,Page view: {page} by {user}
2478,2026-01-10,09:13:45,INFO,WebServer,User u4785 login successful,E101,User {user} login successful
2479,2026-01-10,09:33:03,INFO,AuthService,Page view: /home by u2668,E103,Page view: {page} by {user}
2480,2026-01-10,09:11:23,INFO,OrderProcessor,Page view: /home by u4341,E103,Page view: {page} by {user}
2481,2026-01-10,09:33:38,INFO,WebServer,Transaction tx382161 completed in 1208ms,E104,Transaction {tx} completed in {time}ms
2482,2026-01-10,09:34:29,INFO,OrderProcessor,User u3568 login successful,E101,User {user} login successful
2483,2026-01-10,09:36:51,INFO,WebServer,Health check passed: WebServer,E102,Health check passed: {service}
2484,2026-01-10,09:30:59,INFO,WebServer,Health check passed: WebServer,E102,Health check passed: {service}
2485,2026-01-10,09:31:09,INFO,WebServer,Page view: /home by u1727,E103,Page view: {page} by {user}
2486,2026-01-10,09:05:30,INFO,WebServer,Page view: /home by u3711,E103,Page view: {page} by {user}
2487,2026-01-10,09:13:41,INFO,WebServer,Page view: /home by u1389,E103,Page view: {page} by {user}
2488,2026-01-10,09:08:13,INFO,AuthService,Transaction tx711845 completed in 63ms,E104,Transaction {tx} completed in {time}ms
2489,2026-01-10,09:03:00,INFO,WebServer,Transaction tx362444 completed in 488ms,E104,Transaction {tx} completed in {time}ms
2490,2026-01-10,09:54:59,INFO,WebServer,User u1532 login successful,E101,User {user} login successful
2491,2026-01-10,09:09:58,INFO,WebServer,User u4782 login successful,E101,User {user} login successful
2492,2026-01-10,09:00:45,INFO,AuthService,User u3627 login successful,E101,User {user} login successful
2493,2026-01-10,09:32:51,INFO,OrderProcessor,User u3618 login successful,E101,User {user} login successful
2494,2026-01-10,09:48:40,INFO,WebServer,User u1339 login successful,E101,User {user} login successful
2495,2026-01-10,09:16:34,INFO,WebServer,User u3719 login successful,E101,User {user} login successful
2496,2026-01-10,09:41:47,INFO,WebServer,Transaction tx542741 completed in 721ms,E104,Transaction {tx} completed in {time}ms
2497,2026-01-10,09:47:49,INFO,WebServer,Transaction tx680367 completed in 1491ms,E104,Transaction {tx} completed in {time}ms
2498,2026-01-10,09:54:23,INFO,WebServer,Health check passed: WebServer,E102,Health check passed: {service}
2499,2026-01-10,09:35:32,INFO,WebServer,Health check passed: WebServer,E102,Health check passed: {service}
2500,2026-01-10,09:29:32,WARN,AuthService,Unauthorized access attempt from 10.0.0.45,E401,Unauthorized access attempt from {ip}
2501,2026-01-10,09:46:16,INFO,PaymentGateway,User u3958 login successful,E101,User {user} login successful
2502,2026-01-10,09:27:41,INFO,AuthService,Page view: /home by u3714,E103,Page view: {page} by {user}
2503,2026-01-10,09:38:19,INFO,OrderProcessor,User u4284 login successful,E101,User {user} login successful
2504,2026-01-10,09:35:08,INFO,AuthService,Health check passed: AuthService,E102,Health check passed: {service}
2505,2026-01-10,09:46:20,INFO,InventoryDB,Page view: /home by u3260,E103,Page view: {page} by {user}
2506,2026-01-10,09:43:38,INFO,AuthService,Transaction tx608382 completed in 1508ms,E104,Transaction {tx} completed in {time}ms
2507,2026-01-10,09:21:01,INFO,OrderProcessor,Health check passed: OrderProcessor,E102,Health check passed: {service}
2508,2026-01-10,09:56:49,INFO,WebServer,Page view: /home by u2524,E103,Page view: {page} by {user}
2509,2026-01-10,09:45:28,INFO,AuthService,Transaction tx330012 completed in 1211ms,E104,Transaction {tx} completed in {time}ms
2510,2026-01-10,09:40:53,INFO,WebServer,Health check passed: WebServer,E102,Health check passed: {service}
2511,2026-01-10,09:14:05,INFO,OrderProcessor,Transaction tx303228 completed in 118ms,E104,Transaction {tx} completed in {time}ms
2512,2026-01-10,09:13:34,INFO,OrderProcessor,User u4488 login successful,E101,User {user} login successful
2513,2026-01-10,09:00:52,INFO,OrderProcessor,User u4854 login successful,E101,User {user} login successful
2514,2026-01-10,09:58:37,INFO,WebServer,Health check passed: WebServer,E102,Health check passed: {service}
2515,2026-01-10,09:07:02,INFO,WebServer,User u4436 login successful,E101,User {user} login successful
2516,2026-01-10,09:36:05,INFO,WebServer,User u3263 login successful,E101,User {user} login successful
2517,2026-01-10,09:10:35,CRITICAL,AuthService,KERNEL PANIC: Node node-4 crashed,E601,KERNEL PANIC: Node {node} crashed
2518,2026-01-10,09:22:58,WARN,WebServer,Unauthorized access attempt from 10.0.0.45,E401,Unauthorized access attempt from {ip}
2519,2026-01-10,09:48:25,INFO,AuthService,Page view: /home by u2480,E103,Page view: {page} by {user}
2520,2026-01-10,09:51:04,INFO,WebServer,Transaction tx690360 completed in 601ms,E104,Transaction {tx} completed in {time}ms
2521,2026-01-10,09:58:29,WARN,WebServer,Disk usage > 85% on node node-3,E202,Disk usage > 85% on node {node}
2522,2026-01-10,09:38:46,INFO,WebServer,Health check passed: WebServer,E102,Health check passed: {service}
2523,2026-01-10,09:25:44,INFO,OrderProcessor,Page view: /home by u3630,E103,Page view: {page} by {user}
2524,2026-01-10,09:52:46,INFO,WebServer,Transaction tx647225 completed in 934ms,E104,Transaction {tx} completed in {time}ms
2525,2026-01-10,09:03:01,INFO,AuthService,Page view: /home by u1524,E103,Page view: {page} by {user}
2526,2026-01-10,09:37:59,ERROR,PaymentGateway,Timeout waiting for lock on InventoryDB,E502,Timeout waiting for lock on {db}
2527,2026-01-10,09:28:51,INFO,OrderProcessor,Page view: /home by u1928,E103,Page view: {page} by {user}
2528,2026-01-10,09:29:53,INFO,OrderProcessor,Page view: /home by u4253,E103,Page view: {page} by {user}
2529,2026-01-10,09:18:41,INFO,AuthService,Page view: /home by u4139,E103,Page view: {page} by {user}
2530,2026-01-10,09:46:10,INFO,WebServer,Health check passed: WebServer,E102,Health check passed: {service}
2531,2026-01-10,09:12:12,INFO,OrderProcessor,Page view: /home by u4182,E103,Page view: {page} by {user}
2532,2026-01-10,09:46:46,INFO,PaymentGateway,Page view: /home by u4653,E103,Page view: {page} by {user}
2533,2026-01-10,09:25:14,INFO,AuthService,User u2126 login successful,E101,User {user} login successful
2534,2026-01-10,09:19:31,INFO,OrderProcessor,Health check passed: OrderProcessor,E102,Health check passed: {service}
2535,2026-01-10,09:15:28,INFO,WebServer,Transaction tx273617 completed in 684ms,E104,Transaction {tx} completed in {time}ms
2536,2026-01-10,09:58:06,INFO,WebServer,Page view: /home by u2087,E103,Page view: {page} by {user}
2537,2026-01-10,09:04:55,INFO,WebServer,Health check passed: WebServer,E102,Health check passed: {service}
2538,2026-01-10,09:25:50,ERROR,WebServer,Payment declined: Gateway unavailable,E503,Payment declined: Gateway unavailable
2539,2026-01-10,09:01:35,INFO,WebServer,Transaction tx512200 completed in 1710ms,E104,Transaction {tx} completed in {time}ms
2540,2026-01-10,09:26:44,INFO,PaymentGateway,Transaction tx532552 completed in 682ms,E104,Transaction {tx} completed in {time}ms
2541,2026-01-10,09:13:21,INFO,AuthService,Page view: /home by u1431,E103,Page view: {page} by {user}
2542,2026-01-10,09:46:10,INFO,PaymentGateway,Page view: /home by u4210,E103,Page view: {page} by {user}
2543,2026-01-10,09:13:05,INFO,WebServer,Page view: /home by u2279,E103,Page view: {page} by {user}
2544,2026-01-10,09:10:41,INFO,WebServer,Page view: /home by u4000,E103,Page view: {page} by {user}
2545,2026-01-10,09:40:22,INFO,PaymentGateway,Page view: /home by u2701,E103,Page view: {page} by {user}
2546,2026-01-10,09:05:25,INFO,AuthService,Page view: /home by u4857,E103,Page view: {page} by {user}
2547,2026-01-10,09:58:45,INFO,AuthService,Health check passed: AuthService,E102,Health check passed: {service}
2548,2026-01-10,09:51:57,INFO,WebServer,Health check passed: WebServer,E102,Health check passed: {service}
2549,2026-01-10,09:23:22,INFO,WebServer,User u1727 login successful,E101,User {user} login successful
2550,2026-01-10,09:00:21,INFO,OrderProcessor,Transaction tx263674 completed in 1061ms,E104,Transaction {tx} completed in {time}ms
2551,2026-01-10,09:55:26,INFO,OrderProcessor,Page view: /home by u2078,E103,Page view: {page} by {user}
2552,2026-01-10,09:29:17,INFO,WebServer,Health check passed: WebServer,E102,Health check passed: {service}
2553,2026-01-10,09:14:27,INFO,WebServer,Transaction tx165094 completed in 1444ms,E104,Transaction {tx} completed in {time}ms
2554,2026-01-10,09:44:04,INFO,OrderProcessor,Health check passed: OrderProcessor,E102,Health check passed: {service}
2555,2026-01-10,09:51:57,INFO,WebServer,Health check passed: WebServer,E102,Health check passed: {service}
2556,2026-01-10,09:06:16,INFO,WebServer,Page view: /home by u1839,E103,Page view: {page} by {user}
2557,2026-01-10,09:39:20,WARN,WebServer,High latency (30ms) detected on WebServer,E201,High latency ({time}ms) detected on {service}
2558,2026-01-10,09:21:06,INFO,WebServer,Page view: /home by u3821,E103,Page view: {page} by {user}
2559,2026-01-10,09:55:28,INFO,WebServer,Page view: /home by u4569,E103,Page view: {page} by {user}
2560,2026-01-10,09:49:40,INFO,InventoryDB,Transaction tx426117 completed in 1269ms,E104,Transaction {tx} completed in {time}ms
2561,2026-01-10,09:06:01,INFO,AuthService,Health check passed: AuthService,E102,Health check passed: {service}
2562,2026-01-10,09:58:49,INFO,AuthService,Page view: /home by u2593,E103,Page view: {page} by {user}
2563,2026-01-10,09:51:19,INFO,WebServer,Page view: /home by u1340,E103,Page view: {page} by {user}
2564,2026-01-10,09:54:10,INFO,AuthService,Transaction tx603741 completed in 1512ms,E104,Transaction {tx} completed in {time}ms
2565,2026-01-10,09:49:56,INFO,InventoryDB,Page view: /home by u3628,E103,Page view: {page} by {user}
2566,2026-01-10,09:41:48,INFO,AuthService,User u1272 login successful,E101,User {user} login successful
2567,2026-01-10,09:35:16,INFO,PaymentGateway,Transaction tx784732 completed in 991ms,E104,Transaction {tx} completed in {time}ms
2568,2026-01-10,09:03:37,INFO,PaymentGateway,Health check passed: PaymentGateway,E102,Health check passed: {service}
2569,2026-01-10,09:53:23,INFO,AuthService,Health check passed: AuthService,E102,Health check passed: {service}
2570,2026-01-10,09:53:54,INFO,WebServer,Page view: /home by u1438,E103,Page view: {page} by {user}
2571,2026-01-10,09:44:35,INFO,WebServer,Health check passed: WebServer,E102,Health check passed: {service}
2572,2026-01-10,09:23:21,INFO,WebServer,Transaction tx907679 completed in 704ms,E104,Transaction {tx} completed in {time}ms
2573,2026-01-10,09:36:45,INFO,AuthService,Transaction tx753433 completed in 234ms,E104,Transaction {tx} completed in {time}ms
2574,2026-01-10,09:17:05,INFO,WebServer,Page view: /home by u1828,E103,Page view: {page} by {user}
2575,2026-01-10,09:31:31,WARN,WebServer,Unauthorized access attempt from 10.0.0.45,E401,Unauthorized access attempt from {ip}
2576,2026-01-10,09:40:05,INFO,OrderProcessor,Page view: /home by u1262,E103,Page view: {page} by {user}
2577,2026-01-10,09:01:13,INFO,PaymentGateway,Page view: /home by u1172,E103,Page view: {page} by {user}
2578,2026-01-10,09:38:30,INFO,WebServer,User u3983 login successful,E101,User {user} login successful
2579,2026-01-10,09:44:13,INFO,WebServer,User u3310 login successful,E101,User {user} login successful
2580,2026-01-10,09:27:35,INFO,WebServer,Page view: /home by u1094,E103,Page view: {page} by {user}
2581,2026-01-10,09:12:20,INFO,WebServer,User u1188 login successful,E101,User {user} login successful
2582,2026-01-10,09:01:19,INFO,WebServer,Page view: /home by u1915,E103,Page view: {page} by {user}
2583,2026-01-10,09:44:19,INFO,WebServer,User u1961 login successful,E101,User {user} login successful
2584,2026-01-10,09:05:39,INFO,WebServer,Health check passed: WebServer,E102,Health check passed: {service}
2585,2026-01-10,09:20:47,INFO,AuthService,Transaction tx375124 completed in 734ms,E104,Transaction {tx} completed in {time}ms
2586,2026-01-10,09:18:04,INFO,WebServer,Health check passed: WebServer,E102,Health check passed: {service}
2587,2026-01-10,09:45:45,INFO,PaymentGateway,Page view: /home by u3971,E103,Page view: {page} by {user}
2588,2026-01-10,09:42:44,INFO,WebServer,User u3073 login successful,E101,User {user} login successful
2589,2026-01-10,09:33:36,INFO,AuthService,Transaction tx349169 completed in 1484ms,E104,Transaction {tx} completed in {time}ms
2590,2026-01-10,09:23:26,INFO,WebServer,Transaction tx155008 completed in 1383ms,E104,Transaction {tx} completed in {time}ms
2591,2026-01-10,09:18:12,ERROR,AuthService,Payment declined: Gateway unavailable,E503,Payment declined: Gateway unavailable
2592,2026-01-10,09:33:50,INFO,InventoryDB,Page view: /home by u3166,E103,Page view: {page} by {user}
2593,2026-01-10,09:22:02,INFO,WebServer,Health check passed: WebServer,E102,Health check passed: {service}
2594,2026-01-10,09:18:30,INFO,PaymentGateway,Transaction tx473878 completed in 768ms,E104,Transaction {tx} completed in {time}ms
2595,2026-01-10,09:07:07,INFO,OrderProcessor,User u1635 login successful,E101,User {user} login successful
2596,2026-01-10,09:26:51,INFO,PaymentGateway,Page view: /home by u3902,E103,Page view: {page} by {user}
2597,2026-01-10,09:44:34,INFO,OrderProcessor,User u3553 login successful,E101,User {user} login successful
2598,2026-01-10,09:50:24,INFO,InventoryDB,User u2466 login successful,E101,User {user} login successful
2599,2026-01-10,09:11:26,INFO,AuthService,Transaction tx789161 completed in 1675ms,E104,Transaction {tx} completed in {time}ms
2600,2026-01-10,09:32:09,INFO,AuthService,Transaction tx852673 completed in 1017ms,E104,Transaction {tx} completed in {time}ms
2601,2026-01-10,09:25:49,CRITICAL,InventoryDB,KERNEL PANIC: Node node-2 crashed,E601,KERNEL PANIC: Node {node} crashed
2602,2026-01-10,09:54:19,INFO,WebServer,Transaction tx399847 completed in 1223ms,E104,Transaction {tx} completed in {time}ms
2603,2026-01-10,09:36:34,INFO,WebServer,User u1293 login successful,E101,User {user} login successful
2604,2026-01-10,09:54:37,INFO,AuthService,Health check passed: AuthService,E102,Health check passed: {service}
2605,2026-01-10,09:31:20,INFO,WebServer,User u3477 login successful,E101,User {user} login successful
2606,2026-01-10,09:34:31,INFO,WebServer,Transaction tx866920 completed in 1098ms,E104,Transaction {tx} completed in {time}ms
2607,2026-01-10,09:30:24,INFO,PaymentGateway,Transaction tx860567 completed in 1698ms,E104,Transaction {tx} completed in {time}ms
2608,2026-01-10,09:36:46,INFO,WebServer,User u4183 login successful,E101,User {user} login successful
2609,2026-01-10,09:12:48,INFO,OrderProcessor,Health check passed: OrderProcessor,E102,Health check passed: {service}
2610,2026-01-10,09:56:08,INFO,WebServer,Health check passed: WebServer,E102,Health check passed: {service}
2611,2026-01-10,09:54:29,INFO,WebServer,Page view: /home by u2100,E103,Page view: {page} by {user}
2612,2026-01-10,09:14:40,INFO,OrderProcessor,Health check passed: OrderProcessor,E102,Health check passed: {service}
2613,2026-01-10,09:53:46,INFO,AuthService,Page view: /home by u3635,E103,Page view: {page} by {user}
2614,2026-01-10,09:03:20,INFO,InventoryDB,Health check passed: InventoryDB,E102,Health check passed: {service}
2615,2026-01-10,09:31:57,INFO,AuthService,Health check passed: AuthService,E102,Health check passed: {service}
2616,2026-01-10,09:36:55,WARN,OrderProcessor,Disk usage > 85% on node node-2,E202,Disk usage > 85% on node {node}
2617,2026-01-10,09:27:44,INFO,WebServer,User u3576 login successful,E101,User {user} login successful
2618,2026-01-10,09:30:15,INFO,OrderProcessor,Transaction tx573750 completed in 1347ms,E104,Transaction {tx} completed in {time}ms
2619,2026-01-10,09:49:47,INFO,WebServer,Health check passed: WebServer,E102,Health check passed: {service}
2620,2026-01-10,09:59:39,WARN,PaymentGateway,Unauthorized access attempt from 10.0.0.45,E401,Unauthorized access attempt from {ip}
2621,2026-01-10,09:24:03,INFO,OrderProcessor,User u1419 login successful,E101,User {user} login successful
2622,2026-01-10,09:37:43,INFO,OrderProcessor,Page view: /home by u2031,E103,Page view: {page} by {user}
2623,2026-01-10,09:41:17,INFO,InventoryDB,Page view: /home by u1667,E103,Page view: {page} by {user}
2624,2026-01-10,09:44:23,INFO,OrderProcessor,Health check passed: OrderProcessor,E102,Health check passed: {service}
2625,2026-01-10,09:43:56,INFO,PaymentGateway,Transaction tx954176 completed in 372ms,E104,Transaction {tx} completed in {time}ms
2626,2026-01-10,09:30:43,INFO,PaymentGateway,Transaction tx993655 completed in 1350ms,E104,Transaction {tx} completed in {time}ms
2627,2026-01-10,09:01:19,INFO,WebServer,Health check passed: WebServer,E102,Health check passed: {service}
2628,2026-01-10,09:22:27,INFO,WebServer,User u1483 login successful,E101,User {user} login successful
2629,2026-01-10,09:02:38,INFO,WebServer,Transaction tx227810 completed in 1728ms,E104,Transaction {tx} completed in {time}ms
2630,2026-01-10,09:30:57,INFO,PaymentGateway,Health check passed: PaymentGateway,E102,Health check passed: {service}
2631,2026-01-10,09:48:37,INFO,WebServer,Transaction tx355345 completed in 1183ms,E104,Transaction {tx} completed in {time}ms
2632,2026-01-10,09:46:47,INFO,AuthService,User u2720 login successful,E101,User {user} login successful
2633,2026-01-10,09:31:40,INFO,AuthService,Page view: /home by u3258,E103,Page view: {page} by {user}
2634,2026-01-10,09:29:45,INFO,WebServer,Health check passed: WebServer,E102,Health check passed: {service}
2635,2026-01-10,09:08:53,INFO,OrderProcessor,Page view: /home by u1309,E103,Page view: {page} by {user}
2636,2026-01-10,09:01:20,INFO,WebServer,User u4937 login successful,E101,User {user} login successful
2637,2026-01-10,09:40:03,INFO,OrderProcessor,User u2362 login successful,E101,User {user} login successful
2638,2026-01-10,09:33:37,INFO,OrderProcessor,User u3793 login successful,E101,User {user} login successful
2639,2026-01-10,09:57:33,INFO,WebServer,User u1624 login successful,E101,User {user} login successful
2640,2026-01-10,09:34:46,INFO,WebServer,Page view: /home by u1261,E103,Page view: {page} by {user}
2641,2026-01-10,09:24:50,INFO,WebServer,User u4015 login successful,E101,User {user} login successful
2642,2026-01-10,09:17:18,INFO,WebServer,User u3038 login successful,E101,User {user} login successful
2643,2026-01-10,09:58:37,INFO,WebServer,Page view: /home by u4596,E103,Page view: {page} by {user}
2644,2026-01-10,09:04:55,INFO,WebServer,Transaction tx885131 completed in 45ms,E104,Transaction {tx} completed in {time}ms
2645,2026-01-10,09:55:41,INFO,InventoryDB,Health check passed: InventoryDB,E102,Health check passed: {service}
2646,2026-01-10,09:44:32,INFO,AuthService,Transaction tx294357 completed in 989ms,E104,Transaction {tx} completed in {time}ms
2647,2026-01-10,09:16:59,INFO,OrderProcessor,Transaction tx324763 completed in 361ms,E104,Transaction {tx} completed in {time}ms
2648,2026-01-10,09:29:18,INFO,WebServer,Page view: /home by u1585,E103,Page view: {page} by {user}
2649,2026-01-10,09:01:29,INFO,WebServer,User u4935 login successful,E101,User {user} login successful
2650,2026-01-10,09:12:45,INFO,WebServer,User u2339 login successful,E101,User {user} login successful
2651,2026-01-10,09:30:48,INFO,AuthService,Page view: /home by u2271,E103,Page view: {page} by {user}
2652,2026-01-10,09:55:38,INFO,WebServer,User u3636 login successful,E101,User {user} login successful
2653,2026-01-10,09:21:38,INFO,WebServer,Health check passed: WebServer,E102,Health check passed: {service}
2654,2026-01-10,09:23:06,INFO,PaymentGateway,Transaction tx204124 completed in 476ms,E104,Transaction {tx} completed in {time}ms
2655,2026-01-10,09:28:04,INFO,WebServer,Page view: /home by u4494,E103,Page view: {page} by {user}
2656,2026-01-10,09:21:05,INFO,WebServer,User u4950 login successful,E101,User {user} login successful
2657,2026-01-10,09:34:31,INFO,InventoryDB,Page view: /home by u1127,E103,Page view: {page} by {user}
2658,2026-01-10,09:36:50,INFO,AuthService,User u3153 login successful,E101,User {user} login successful
2659,2026-01-10,09:02:59,INFO,WebServer,Page view: /home by u3575,E103,Page view: {page} by {user}
2660,2026-01-10,09:39:49,INFO,WebServer,User u3496 login successful,E101,User {user} login successful
2661,2026-01-10,09:09:03,INFO,WebServer,Page view: /home by u2066,E103,Page view: {page} by {user}
2662,2026-01-10,09:34:30,INFO,AuthService,Page view: /home by u3651,E103,Page view: {page} by {user}
2663,2026-01-10,09:52:40,INFO,AuthService,Health check passed: AuthService,E102,Health check passed: {service}
2664,2026-01-10,09:22:09,INFO,WebServer,Page view: /home by u3632,E103,Page view: {page} by {user}
2665,2026-01-10,09:21:39,INFO,AuthService,Transaction tx686741 completed in 1733ms,E104,Transaction {tx} completed in {time}ms
2666,2026-01-10,09:38:01,INFO,WebServer,User u2009 login successful,E101,User {user} login successful
2667,2026-01-10,09:28:49,INFO,WebServer,Health check passed: WebServer,E102,Health check passed: {service}
2668,2026-01-10,09:08:57,INFO,OrderProcessor,User u1434 login successful,E101,User {user} login successful
2669,2026-01-10,09:50:22,INFO,OrderProcessor,Page view: /home by u2344,E103,Page view: {page} by {user}
2670,2026-01-10,09:27:04,INFO,PaymentGateway,Transaction tx957893 completed in 872ms,E104,Transaction {tx} completed in {time}ms
2671,2026-01-10,09:51:59,INFO,WebServer,Transaction tx368225 completed in 1034ms,E104,Transaction {tx} completed in {time}ms
2672,2026-01-10,09:28:51,INFO,PaymentGateway,Page view: /home by u3663,E103,Page view: {page} by {user}
2673,2026-01-10,09:35:14,INFO,AuthService,Page view: /home by u3327,E103,Page view: {page} by {user}
2674,2026-01-10,09:15:39,INFO,WebServer,Transaction tx554464 completed in 1328ms,E104,Transaction {tx} completed in {time}ms
2675,2026-01-10,09:55:34,INFO,OrderProcessor,User u1010 login successful,E101,User {user} login successful
2676,2026-01-10,09:14:32,INFO,WebServer,Health check passed: WebServer,E102,Health check passed: {service}
2677,2026-01-10,09:04:45,INFO,InventoryDB,Health check passed: InventoryDB,E102,Health check passed: {service}
2678,2026-01-10,09:31:11,INFO,WebServer,Transaction tx175579 completed in 1979ms,E104,Transaction {tx} completed in {time}ms
2679,2026-01-10,09:34:58,INFO,OrderProcessor,Transaction tx416734 completed in 327ms,E104,Transaction {tx} completed in {time}ms
2680,2026-01-10,09:02:40,ERROR,PaymentGateway,Connection refused to PaymentGateway at 10.0.0.12,E501,Connection refused to {service} at {ip}
2681,2026-01-10,09:53:54,INFO,AuthService,Transaction tx459970 completed in 1265ms,E104,Transaction {tx} completed in {time}ms
2682,2026-01-10,09:16:02,INFO,WebServer,Health check passed: WebServer,E102,Health check passed: {service}
2683,2026-01-10,09:04:28,INFO,OrderProcessor,Page view: /home by u4936,E103,Page view: {page} by {user}
2684,2026-01-10,09:28:55,INFO,WebServer,Transaction tx745381 completed in 770ms,E104,Transaction {tx} completed in {time}ms
2685,2026-01-10,09:20:07,INFO,PaymentGateway,Health check passed: PaymentGateway,E102,Health check passed: {service}
2686,2026-01-10,09:16:34,INFO,OrderProcessor,User u3535 login successful,E101,User {user} login successful
2687,2026-01-10,09:15:15,INFO,AuthService,Transaction tx726242 completed in 1558ms,E104,Transaction {tx} completed in {time}ms
2688,2026-01-10,09:41:55,INFO,WebServer,Health check passed: WebServer,E102,Health check passed: {service}
2689,2026-01-10,09:23:28,INFO,OrderProcessor,User u2594 login successful,E101,User {user} login successful
2690,2026-01-10,09:18:19,INFO,OrderProcessor,Page view: /home by u3079,E103,Page view: {page} by {user}
2691,2026-01-10,09:30:30,INFO,WebServer,User u3859 login successful,E101,User {user} login successful
2692,2026-01-10,09:48:01,INFO,PaymentGateway,User u3372 login successful,E101,User {user} login successful
2693,2026-01-10,09:27:32,INFO,WebServer,User u2705 login successful,E101,User {user} login successful
2694,2026-01-10,09:29:27,INFO,AuthService,User u1164 login successful,E101,User {user} login successful
2695,2026-01-10,09:58:28,INFO,WebServer,Page view: /home by u1380,E103,Page view: {page} by {user}
2696,2026-01-10,09:22:36,INFO,WebServer,Health check passed: WebServer,E102,Health check passed: {service}
2697,2026-01-10,09:04:09,INFO,WebServer,Transaction tx661051 completed in 137ms,E104,Transaction {tx} completed in {time}ms
2698,2026-01-10,09:37:45,INFO,AuthService,Transaction tx852981 completed in 186ms,E104,Transaction {tx} completed in {time}ms
2699,2026-01-10,09:23:45,INFO,WebServer,Page view: /home by u3014,E103,Page view: {page} by {user}
2700,2026-01-10,09:51:33,INFO,WebServer,Page view: /home by u2025,E103,Page view: {page} by {user}
2701,2026-01-10,09:44:51,INFO,OrderProcessor,Health check passed: OrderProcessor,E102,Health check passed: {service}
2702,2026-01-10,09:50:46,INFO,OrderProcessor,User u1956 login successful,E101,User {user} login successful
2703,2026-01-10,09:56:51,INFO,OrderProcessor,Transaction tx721315 completed in 1860ms,E104,Transaction {tx} completed in {time}ms
2704,2026-01-10,09:50:09,INFO,WebServer,Transaction tx698283 completed in 839ms,E104,Transaction {tx} completed in {time}ms
2705,2026-01-10,09:34:05,INFO,PaymentGateway,Transaction tx901771 completed in 791ms,E104,Transaction {tx} completed in {time}ms
2706,2026-01-10,09:59:42,INFO,WebServer,Transaction tx607819 completed in 1500ms,E104,Transaction {tx} completed in {time}ms
2707,2026-01-10,09:39:03,INFO,WebServer,Transaction tx778513 completed in 306ms,E104,Transaction {tx} completed in {time}ms
2708,2026-01-10,09:52:14,INFO,WebServer,Health check passed: WebServer,E102,Health check passed: {service}
2709,2026-01-10,09:34:58,INFO,WebServer,User u2639 login successful,E101,User {user} login successful
2710,2026-01-10,09:24:41,INFO,OrderProcessor,Health check passed: OrderProcessor,E102,Health check passed: {service}
2711,2026-01-10,09:14:13,INFO,WebServer,Transaction tx530373 completed in 926ms,E104,Transaction {tx} completed in {time}ms
2712,2026-01-10,09:24:08,INFO,WebServer,Health check passed: WebServer,E102,Health check passed: {service}
2713,2026-01-10,09:47:51,INFO,WebServer,User u3249 login successful,E101,User {user} login successful
2714,2026-01-10,09:34:31,INFO,PaymentGateway,Page view: /home by u1520,E103,Page view: {page} by {user}
2715,2026-01-10,09:54:49,INFO,InventoryDB,Health check passed: InventoryDB,E102,Health check passed: {service}
2716,2026-01-10,09:25:09,INFO,WebServer,Page view: /home by u1489,E103,Page view: {page} by {user}
2717,2026-01-10,09:21:14,INFO,InventoryDB,Page view: /home by u4479,E103,Page view: {page} by {user}
2718,2026-01-10,09:29:07,INFO,AuthService,Transaction tx622605 completed in 486ms,E104,Transaction {tx} completed in {time}ms
2719,2026-01-10,09:58:12,INFO,AuthService,Page view: /home by u4872,E103,Page view: {page} by {user}
2720,2026-01-10,09:13:00,INFO,AuthService,Health check passed: AuthService,E102,Health check passed: {service}
2721,2026-01-10,09:11:25,INFO,PaymentGateway,Page view: /home by u1622,E103,Page view: {page} by {user}
2722,2026-01-10,09:17:04,INFO,WebServer,Transaction tx420848 completed in 529ms,E104,Transaction {tx} completed in {time}ms
2723,2026-01-10,09:31:01,INFO,AuthService,Health check passed: AuthService,E102,Health check passed: {service}
2724,2026-01-10,09:43:59,INFO,WebServer,User u3191 login successful,E101,User {user} login successful
2725,2026-01-10,09:17:49,INFO,WebServer,User u3525 login successful,E101,User {user} login successful
2726,2026-01-10,09:04:44,INFO,OrderProcessor,Page view: /home by u4436,E103,Page view: {page} by {user}
2727,2026-01-10,09:19:51,INFO,AuthService,Health check passed: AuthService,E102,Health check passed: {service}
2728,2026-01-10,09:03:26,INFO,AuthService,Page view: /home by u1597,E103,Page view: {page} by {user}
2729,2026-01-10,09:22:14,INFO,PaymentGateway,Transaction tx916446 completed in 356ms,E104,Transaction {tx} completed in {time}ms
2730,2026-01-10,09:18:51,WARN,PaymentGateway,Disk usage > 85% on node node-3,E202,Disk usage > 85% on node {node}
2731,2026-01-10,09:52:37,INFO,WebServer,User u3579 login successful,E101,User {user} login successful
2732,2026-01-10,09:46:56,INFO,AuthService,Health check passed: AuthService,E102,Health check passed: {service}
2733,2026-01-10,09:48:27,INFO,InventoryDB,Transaction tx111108 completed in 1361ms,E104,Transaction {tx} completed in {time}ms
2734,2026-01-10,09:01:03,INFO,OrderProcessor,User u3476 login successful,E101,User {user} login successful
2735,2026-01-10,09:28:00,INFO,WebServer,Page view: /home by u3115,E103,Page view: {page} by {user}
2736,2026-01-10,09:49:38,INFO,AuthService,Health check passed: AuthService,E102,Health check passed: {service}
2737,2026-01-10,09:37:39,INFO,AuthService,User u1812 login successful,E101,User {user} login successful
2738,2026-01-10,09:31:10,INFO,OrderProcessor,Page view: /home by u2756,E103,Page view: {page} by {user}
2739,2026-01-10,09:43:02,INFO,WebServer,Page view: /home by u2764,E103,Page view: {page} by {user}
2740,2026-01-10,09:53:19,INFO,WebServer,Transaction tx570411 completed in 884ms,E104,Transaction {tx} completed in {time}ms
2741,2026-01-10,09:42:12,INFO,WebServer,Health check passed: WebServer,E102,Health check passed: {service}
2742,2026-01-10,09:56:24,INFO,PaymentGateway,Transaction tx794828 completed in 1899ms,E104,Transaction {tx} completed in {time}ms
2743,2026-01-10,09:55:37,INFO,AuthService,User u1599 login successful,E101,User {user} login successful
2744,2026-01-10,09:46:10,INFO,OrderProcessor,Transaction tx744894 completed in 1456ms,E104,Transaction {tx} completed in {time}ms
2745,2026-01-10,09:14:46,INFO,WebServer,User u3576 login successful,E101,User {user} login successful
2746,2026-01-10,09:32:35,INFO,WebServer,Page view: /home by u1364,E103,Page view: {page} by {user}
2747,2026-01-10,09:07:16,INFO,WebServer,Page view: /home by u1704,E103,Page view: {page} by {user}
2748,2026-01-10,09:49:34,INFO,WebServer,Transaction tx366959 completed in 1761ms,E104,Transaction {tx} completed in {time}ms
2749,2026-01-10,09:27:13,INFO,WebServer,User u4720 login successful,E101,User {user} login successful
2750,2026-01-10,09:09:06,INFO,WebServer,Transaction tx536300 completed in 1350ms,E104,Transaction {tx} completed in {time}ms
2751,2026-01-10,09:15:13,WARN,WebServer,Unauthorized access attempt from 10.0.0.88,E401,Unauthorized access attempt from {ip}
2752,2026-01-10,09:31:38,INFO,WebServer,User u4308 login successful,E101,User {user} login successful
2753,2026-01-10,09:46:51,INFO,WebServer,Page view: /home by u2662,E103,Page view: {page} by {user}
2754,2026-01-10,09:14:32,INFO,WebServer,Health check passed: WebServer,E102,Health check passed: {service}
2755,2026-01-10,09:00:34,INFO,WebServer,User u1832 login successful,E101,User {user} login successful
2756,2026-01-10,09:34:01,CRITICAL,AuthService,DATA CORRUPTION detected in sector 786,E602,DATA CORRUPTION detected in sector {sector}
2757,2026-01-10,09:27:49,INFO,WebServer,Health check passed: WebServer,E102,Health check passed: {service}
2758,2026-01-10,09:04:27,INFO,WebServer,Transaction tx265135 completed in 1052ms,E104,Transaction {tx} completed in {time}ms
2759,2026-01-10,09:27:33,INFO,WebServer,Health check passed: WebServer,E102,Health check passed: {service}
2760,2026-01-10,09:45:54,WARN,AuthService,Unauthorized access attempt from 10.0.0.12,E401,Unauthorized access attempt from {ip}
2761,2026-01-10,09:04:29,INFO,WebServer,Health check passed: WebServer,E102,Health check passed: {service}
2762,2026-01-10,09:48:15,INFO,WebServer,User u2361 login successful,E101,User {user} login successful
2763,2026-01-10,09:08:35,INFO,OrderProcessor,Page view: /home by u3511,E103,Page view: {page} by {user}
2764,2026-01-10,09:38:31,INFO,WebServer,Page view: /home by u3206,E103,Page view: {page} by {user}
2765,2026-01-10,09:21:13,INFO,PaymentGateway,Page view: /home by u3718,E103,Page view: {page} by {user}
2766,2026-01-10,09:51:06,INFO,PaymentGateway,User u3657 login successful,E101,User {user} login successful
2767,2026-01-10,09:12:57,INFO,WebServer,Transaction tx879413 completed in 1808ms,E104,Transaction {tx} completed in {time}ms
2768,2026-01-10,09:38:31,INFO,WebServer,Health check passed: WebServer,E102,Health check passed: {service}
2769,2026-01-10,09:58:14,INFO,AuthService,Transaction tx256447 completed in 292ms,E104,Transaction {tx} completed in {time}ms
2770,2026-01-10,09:19:15,INFO,WebServer,User u4957 login successful,E101,User {user} login successful
2771,2026-01-10,09:43:22,INFO,WebServer,Health check passed: WebServer,E102,Health check passed: {service}
2772,2026-01-10,09:30:19,INFO,AuthService,Page view: /home by u2469,E103,Page view: {page} by {user}
2773,2026-01-10,09:06:54,INFO,WebServer,Transaction tx520504 completed in 805ms,E104,Transaction {tx} completed in {time}ms
2774,2026-01-10,09:06:52,INFO,WebServer,Page view: /home by u4457,E103,Page view: {page} by {user}
2775,2026-01-10,09:28:37,INFO,WebServer,User u3492 login successful,E101,User {user} login successful
2776,2026-01-10,09:18:47,INFO,PaymentGateway,Health check passed: PaymentGateway,E102,Health check passed: {service}
2777,2026-01-10,09:37:26,WARN,WebServer,High latency (871ms) detected on WebServer,E201,High latency ({time}ms) detected on {service}
2778,2026-01-10,09:49:59,INFO,WebServer,User u2784 login successful,E101,User {user} login successful
2779,2026-01-10,09:25:40,INFO,InventoryDB,Page view: /home by u2722,E103,Page view: {page} by {user}
2780,2026-01-10,09:25:19,WARN,WebServer,Disk usage > 85% on node node-3,E202,Disk usage > 85% on node {node}
2781,2026-01-10,09:00:06,INFO,WebServer,Page view: /home by u3068,E103,Page view: {page} by {user}
2782,2026-01-10,09:56:05,INFO,WebServer,User u2318 login successful,E101,User {user} login successful
2783,2026-01-10,09:29:44,INFO,WebServer,Health check passed: WebServer,E102,Health check passed: {service}
2784,2026-01-10,09:25:26,INFO,AuthService,User u3200 login successful,E101,User {user} login successful
2785,2026-01-10,09:38:34,INFO,AuthService,Health check passed: AuthService,E102,Health check passed: {service}
2786,2026-01-10,09:57:28,INFO,WebServer,Health check passed: WebServer,E102,Health check passed: {service}
2787,2026-01-10,09:24:54,INFO,PaymentGateway,User u4434 login successful,E101,User {user} login successful
2788,2026-01-10,09:34:39,INFO,WebServer,Page view: /home by u1671,E103,Page view: {page} by {user}
2789,2026-01-10,09:29:03,INFO,PaymentGateway,User u2300 login successful,E101,User {user} login successful
2790,2026-01-10,09:17:27,INFO,InventoryDB,Page view: /home by u4083,E103,Page view: {page} by {user}
2791,2026-01-10,09:16:26,INFO,InventoryDB,Page view: /home by u4425,E103,Page view: {page} by {user}
2792,2026-01-10,09:00:29,INFO,AuthService,User u2584 login successful,E101,User {user} login successful
2793,2026-01-10,09:19:01,WARN,AuthService,Disk usage > 85% on node node-1,E202,Disk usage > 85% on node {node}
2794,2026-01-10,09:08:05,INFO,WebServer,User u3625 login successful,E101,User {user} login successful
2795,2026-01-10,09:20:47,INFO,WebServer,Transaction tx778777 completed in 943ms,E104,Transaction {tx} completed in {time}ms
2796,2026-01-10,09:41:35,INFO,WebServer,Transaction tx982922 completed in 682ms,E104,Transaction {tx} completed in {time}ms
2797,2026-01-10,09:13:20,INFO,WebServer,Transaction tx492407 completed in 1364ms,E104,Transaction {tx} completed in {time}ms
2798,2026-01-10,09:25:30,INFO,WebServer,User u3754 login successful,E101,User {user} login successful
2799,2026-01-10,09:10:07,INFO,WebServer,Transaction tx382855 completed in 772ms,E104,Transaction {tx} completed in {time}ms
2800,2026-01-10,09:15:24,INFO,AuthService,User u4393 login successful,E101,User {user} login successful
2801,2026-01-10,09:21:29,INFO,WebServer,Health check passed: WebServer,E102,Health check passed: {service}
2802,2026-01-10,09:29:56,INFO,InventoryDB,Health check passed: InventoryDB,E102,Health check passed: {service}
2803,2026-01-10,09:59:12,INFO,PaymentGateway,Transaction tx884079 completed in 451ms,E104,Transaction {tx} completed in {time}ms
2804,2026-01-10,09:15:54,INFO,AuthService,Page view: /home by u1371,E103,Page view: {page} by {user}
2805,2026-01-10,09:01:27,INFO,AuthService,User u4539 login successful,E101,User {user} login successful
2806,2026-01-10,09:40:54,INFO,WebServer,Page view: /home by u2994,E103,Page view: {page} by {user}
2807,2026-01-10,09:48:36,INFO,WebServer,Transaction tx922911 completed in 555ms,E104,Transaction {tx} completed in {time}ms
2808,2026-01-10,09:19:08,INFO,WebServer,Page view: /home by u3758,E103,Page view: {page} by {user}
2809,2026-01-10,09:28:30,INFO,WebServer,Health check passed: WebServer,E102,Health check passed: {service}
2810,2026-01-10,09:29:11,INFO,AuthService,User u3266 login successful,E101,User {user} login successful
2811,2026-01-10,09:17:05,WARN,WebServer,Unauthorized access attempt from 10.0.0.45,E401,Unauthorized access attempt from {ip}
2812,2026-01-10,09:54:29,INFO,WebServer,Health check passed: WebServer,E102,Health check passed: {service}
2813,2026-01-10,09:34:31,INFO,WebServer,Transaction tx402573 completed in 792ms,E104,Transaction {tx} completed in {time}ms
2814,2026-01-10,09:51:42,INFO,OrderProcessor,Health check passed: OrderProcessor,E102,Health check passed: {service}
2815,2026-01-10,09:27:09,INFO,WebServer,Transaction tx201364 completed in 854ms,E104,Transaction {tx} completed in {time}ms
2816,2026-01-10,09:12:07,INFO,WebServer,Health check passed: WebServer,E102,Health check passed: {service}
2817,2026-01-10,09:50:25,INFO,AuthService,User u4430 login successful,E101,User {user} login successful
2818,2026-01-10,09:11:04,INFO,WebServer,User u4397 login successful,E101,User {user} login successful
2819,2026-01-10,09:45:26,INFO,PaymentGateway,Page view: /home by u4950,E103,Page view: {page} by {user}
2820,2026-01-10,09:10:35,INFO,AuthService,Health check passed: AuthService,E102,Health check passed: {service}
2821,2026-01-10,09:36:58,INFO,WebServer,Transaction tx380800 completed in 1343ms,E104,Transaction {tx} completed in {time}ms
2822,2026-01-10,09:23:11,INFO,OrderProcessor,Page view: /home by u4036,E103,Page view: {page} by {user}
2823,2026-01-10,09:14:52,INFO,WebServer,Health check passed: WebServer,E102,Health check passed: {service}
2824,2026-01-10,09:38:36,INFO,WebServer,User u2713 login successful,E101,User {user} login successful
2825,2026-01-10,09:40:59,INFO,InventoryDB,Page view: /home by u3105,E103,Page view: {page} by {user}
2826,2026-01-10,09:23:18,INFO,OrderProcessor,Transaction tx281338 completed in 1559ms,E104,Transaction {tx} completed in {time}ms
2827,2026-01-10,09:02:04,INFO,OrderProcessor,Page view: /home by u1821,E103,Page view: {page} by {user}
2828,2026-01-10,09:04:37,INFO,AuthService,Page view: /home by u1447,E103,Page view: {page} by {user}
2829,2026-01-10,09:27:45,INFO,WebServer,Transaction tx929120 completed in 375ms,E104,Transaction {tx} completed in {time}ms
2830,2026-01-10,09:30:05,WARN,WebServer,Unauthorized access attempt from 10.0.0.45,E401,Unauthorized access attempt from {ip}
2831,2026-01-10,09:27:52,INFO,AuthService,Health check passed: AuthService,E102,Health check passed: {service}
2832,2026-01-10,09:43:43,INFO,WebServer,Health check passed: WebServer,E102,Health check passed: {service}
2833,2026-01-10,09:56:13,INFO,WebServer,Health check passed: WebServer,E102,Health check passed: {service}
2834,2026-01-10,09:10:33,INFO,AuthService,Page view: /home by u1552,E103,Page view: {page} by {user}
2835,2026-01-10,09:18:24,INFO,WebServer,Transaction tx883266 completed in 1107ms,E104,Transaction {tx} completed in {time}ms
2836,2026-01-10,09:27:40,INFO,OrderProcessor,Page view: /home by u3782,E103,Page view: {page} by {user}
2837,2026-01-10,09:28:17,INFO,InventoryDB,Health check passed: InventoryDB,E102,Health check passed: {service}
2838,2026-01-10,09:57:29,WARN,WebServer,Unauthorized access attempt from 10.0.0.45,E401,Unauthorized access attempt from {ip}
2839,2026-01-10,09:59:33,INFO,AuthService,Transaction tx988739 completed in 1401ms,E104,Transaction {tx} completed in {time}ms
2840,2026-01-10,09:03:35,INFO,WebServer,Page view: /home by u2511,E103,Page view: {page} by {user}
2841,2026-01-10,09:28:33,INFO,AuthService,Page view: /home by u3644,E103,Page view: {page} by {user}
2842,2026-01-10,09:17:02,INFO,OrderProcessor,Health check passed: OrderProcessor,E102,Health check passed: {service}
2843,2026-01-10,09:11:47,WARN,WebServer,Disk usage > 85% on node node-2,E202,Disk usage > 85% on node {node}
2844,2026-01-10,09:30:07,INFO,PaymentGateway,Page view: /home by u1485,E103,Page view: {page} by {user}
2845,2026-01-10,09:15:18,INFO,WebServer,Page view: /home by u4365,E103,Page view: {page} by {user}
2846,2026-01-10,09:06:46,INFO,OrderProcessor,Transaction tx120101 completed in 1033ms,E104,Transaction {tx} completed in {time}ms
2847,2026-01-10,09:52:07,INFO,AuthService,User u2692 login successful,E101,User {user} login successful
2848,2026-01-10,09:31:34,WARN,WebServer,Disk usage > 85% on node node-4,E202,Disk usage > 85% on node {node}
2849,2026-01-10,09:42:01,INFO,InventoryDB,User u4635 login successful,E101,User {user} login successful
2850,2026-01-10,09:12:29,WARN,WebServer,High latency (536ms) detected on WebServer,E201,High latency ({time}ms) detected on {service}
2851,2026-01-10,09:21:16,INFO,OrderProcessor,Transaction tx798401 completed in 1551ms,E104,Transaction {tx} completed in {time}ms
2852,2026-01-10,09:19:02,INFO,AuthService,User u4050 login successful,E101,User {user} login successful
2853,2026-01-10,09:36:58,INFO,AuthService,Transaction tx831066 completed in 846ms,E104,Transaction {tx} completed in {time}ms
2854,2026-01-10,09:10:07,INFO,WebServer,Page view: /home by u1813,E103,Page view: {page} by {user}
2855,2026-01-10,09:15:10,INFO,AuthService,Health check passed: AuthService,E102,Health check passed: {service}
2856,2026-01-10,09:11:09,INFO,WebServer,Transaction tx779484 completed in 663ms,E104,Transaction {tx} completed in {time}ms
2857,2026-01-10,09:21:06,WARN,InventoryDB,High latency (189ms) detected on InventoryDB,E201,High latency ({time}ms) detected on {service}
2858,2026-01-10,09:48:13,INFO,AuthService,Page view: /home by u1729,E103,Page view: {page} by {user}
2859,2026-01-10,09:37:32,INFO,PaymentGateway,Health check passed: PaymentGateway,E102,Health check passed: {service}
2860,2026-01-10,09:45:31,INFO,WebServer,Health check passed: WebServer,E102,Health check passed: {service}
2861,2026-01-10,09:25:49,INFO,OrderProcessor,Page view: /home by u2173,E103,Page view: {page} by {user}
2862,2026-01-10,09:02:07,INFO,OrderProcessor,Health check passed: OrderProcessor,E102,Health check passed: {service}
2863,2026-01-10,09:53:35,INFO,WebServer,Page view: /home by u2560,E103,Page view: {page} by {user}
2864,2026-01-10,09:34:44,INFO,WebServer,Page view: /home by u4859,E103,Page view: {page} by {user}
2865,2026-01-10,09:32:12,INFO,AuthService,User u2416 login successful,E101,User {user} login successful
2866,2026-01-10,09:30:35,INFO,OrderProcessor,User u2221 login successful,E101,User {user} login successful
2867,2026-01-10,09:44:18,INFO,OrderProcessor,Page view: /home by u1422,E103,Page view: {page} by {user}
2868,2026-01-10,09:32:50,INFO,WebServer,User u3414 login successful,E101,User {user} login successful
2869,2026-01-10,09:56:34,WARN,InventoryDB,High latency (1887ms) detected on InventoryDB,E201,High latency ({time}ms) detected on {service}
2870,2026-01-10,09:08:13,INFO,WebServer,Health check passed: WebServer,E102,Health check passed: {service}
2871,2026-01-10,09:02:16,INFO,InventoryDB,User u2477 login successful,E101,User {user} login successful
2872,2026-01-10,09:58:45,INFO,PaymentGateway,Page view: /home by u3263,E103,Page view: {page} by {user}
2873,2026-01-10,09:08:14,INFO,WebServer,Page view: /home by u2173,E103,Page view: {page} by {user}
2874,2026-01-10,09:50:41,INFO,WebServer,Page view: /home by u1799,E103,Page view: {page} by {user}
2875,2026-01-10,09:07:09,INFO,OrderProcessor,Health check passed: OrderProcessor,E102,Health check passed: {service}
2876,2026-01-10,09:19:29,INFO,WebServer,Health check passed: WebServer,E102,Health check passed: {service}
2877,2026-01-10,09:30:30,INFO,WebServer,User u1844 login successful,E101,User {user} login successful
2878,2026-01-10,09:44:49,INFO,AuthService,Page view: /home by u3090,E103,Page view: {page} by {user}
2879,2026-01-10,09:03:53,INFO,PaymentGateway,Page view: /home by u4176,E103,Page view: {page} by {user}
2880,2026-01-10,09:12:37,INFO,WebServer,Transaction tx791244 completed in 321ms,E104,Transaction {tx} completed in {time}ms
2881,2026-01-10,09:55:28,INFO,WebServer,User u1370 login successful,E101,User {user} login successful
2882,2026-01-10,09:49:42,INFO,WebServer,User u3795 login successful,E101,User {user} login successful
2883,2026-01-10,09:50:10,INFO,PaymentGateway,User u4286 login successful,E101,User {user} login successful
2884,2026-01-10,09:14:35,INFO,OrderProcessor,User u4978 login successful,E101,User {user} login successful
2885,2026-01-10,09:29:40,INFO,AuthService,User u3677 login successful,E101,User {user} login successful
2886,2026-01-10,09:04:29,INFO,AuthService,Page view: /home by u1847,E103,Page view: {page} by {user}
2887,2026-01-10,09:32:24,WARN,WebServer,Unauthorized access attempt from 10.0.0.45,E401,Unauthorized access attempt from {ip}
2888,2026-01-10,09:00:58,WARN,OrderProcessor,Disk usage > 85% on node node-3,E202,Disk usage > 85% on node {node}
2889,2026-01-10,09:42:02,INFO,OrderProcessor,Transaction tx930193 completed in 1315ms,E104,Transaction {tx} completed in {time}ms
2890,2026-01-10,09:17:18,INFO,AuthService,Page view: /home by u3282,E103,Page view: {page} by {user}
2891,2026-01-10,09:16:11,INFO,OrderProcessor,Transaction tx646447 completed in 720ms,E104,Transaction {tx} completed in {time}ms
2892,2026-01-10,09:51:41,INFO,WebServer,Health check passed: WebServer,E102,Health check passed: {service}
2893,2026-01-10,09:14:29,INFO,AuthService,Transaction tx331046 completed in 1431ms,E104,Transaction {tx} completed in {time}ms
2894,2026-01-10,09:06:36,INFO,OrderProcessor,Transaction tx193606 completed in 686ms,E104,Transaction {tx} completed in {time}ms
2895,2026-01-10,09:26:04,INFO,WebServer,Health check passed: WebServer,E102,Health check passed: {service}
2896,2026-01-10,09:40:31,INFO,WebServer,User u2088 login successful,E101,User {user} login successful
2897,2026-01-10,09:08:37,INFO,OrderProcessor,User u3602 login successful,E101,User {user} login successful
2898,2026-01-10,09:53:20,INFO,WebServer,Health check passed: WebServer,E102,Health check passed: {service}
2899,2026-01-10,09:10:59,INFO,WebServer,Page view: /home by u4025,E103,Page view: {page} by {user}
2900,2026-01-10,09:11:36,INFO,WebServer,Health check passed: WebServer,E102,Health check passed: {service}
2901,2026-01-10,09:46:46,INFO,PaymentGateway,Transaction tx130994 completed in 143ms,E104,Transaction {tx} completed in {time}ms
2902,2026-01-10,09:43:28,INFO,AuthService,User u4777 login successful,E101,User {user} login successful
2903,2026-01-10,09:16:37,INFO,WebServer,Health check passed: WebServer,E102,Health check passed: {service}
2904,2026-01-10,09:44:45,INFO,WebServer,Page view: /home by u3521,E103,Page view: {page} by {user}
2905,2026-01-10,09:45:51,INFO,WebServer,Transaction tx303855 completed in 242ms,E104,Transaction {tx} completed in {time}ms
2906,2026-01-10,09:06:55,INFO,WebServer,User u2337 login successful,E101,User {user} login successful
2907,2026-01-10,09:21:19,INFO,AuthService,Health check passed: AuthService,E102,Health check passed: {service}
2908,2026-01-10,09:01:17,INFO,WebServer,Transaction tx712233 completed in 1926ms,E104,Transaction {tx} completed in {time}ms
2909,2026-01-10,09:50:17,INFO,WebServer,User u2187 login successful,E101,User {user} login successful
2910,2026-01-10,09:38:08,INFO,WebServer,Transaction tx824809 completed in 106ms,E104,Transaction {tx} completed in {time}ms
2911,2026-01-10,09:57:15,INFO,WebServer,User u3992 login successful,E101,User {user} login successful
2912,2026-01-10,09:27:58,INFO,AuthService,Page view: /home by u1753,E103,Page view: {page} by {user}
2913,2026-01-10,09:02:48,INFO,WebServer,Health check passed: WebServer,E102,Health check passed: {service}
2914,2026-01-10,09:09:42,INFO,InventoryDB,Page view: /home by u2806,E103,Page view: {page} by {user}
2915,2026-01-10,09:13:03,INFO,WebServer,User u3439 login successful,E101,User {user} login successful
2916,2026-01-10,09:57:59,INFO,WebServer,User u4964 login successful,E101,User {user} login successful
2917,2026-01-10,09:02:34,INFO,WebServer,Page view: /home by u4931,E103,Page view: {page} by {user}
2918,2026-01-10,09:03:05,INFO,PaymentGateway,Transaction tx619328 completed in 1730ms,E104,Transaction {tx} completed in {time}ms
2919,2026-01-10,09:16:31,INFO,WebServer,Transaction tx750171 completed in 175ms,E104,Transaction {tx} completed in {time}ms
2920,2026-01-10,09:05:44,INFO,AuthService,Page view: /home by u2245,E103,Page view: {page} by {user}
2921,2026-01-10,09:38:03,INFO,WebServer,User u3989 login successful,E101,User {user} login successful
2922,2026-01-10,09:28:40,INFO,WebServer,Transaction tx549801 completed in 211ms,E104,Transaction {tx} completed in {time}ms
2923,2026-01-10,09:48:27,INFO,WebServer,User u4149 login successful,E101,User {user} login successful
2924,2026-01-10,09:55:46,INFO,WebServer,Page view: /home by u1741,E103,Page view: {page} by {user}
2925,2026-01-10,09:12:07,INFO,WebServer,User u2192 login successful,E101,User {user} login successful
2926,2026-01-10,09:12:09,INFO,AuthService,User u1377 login successful,E101,User {user} login successful
2927,2026-01-10,09:10:37,INFO,PaymentGateway,Page view: /home by u3013,E103,Page view: {page} by {user}
2928,2026-01-10,09:32:52,INFO,WebServer,User u1523 login successful,E101,User {user} login successful
2929,2026-01-10,09:53:05,INFO,OrderProcessor,Page view: /home by u4763,E103,Page view: {page} by {user}
2930,2026-01-10,09:26:09,INFO,WebServer,Page view: /home by u2911,E103,Page view: {page} by {user}
2931,2026-01-10,09:15:19,INFO,WebServer,Health check passed: WebServer,E102,Health check passed: {service}
2932,2026-01-10,09:44:59,INFO,AuthService,Health check passed: AuthService,E102,Health check passed: {service}
2933,2026-01-10,09:07:22,ERROR,WebServer,Timeout waiting for lock on InventoryDB,E502,Timeout waiting for lock on {db}
2934,2026-01-10,09:53:37,INFO,AuthService,Page view: /home by u1189,E103,Page view: {page} by {user}
2935,2026-01-10,09:44:34,INFO,OrderProcessor,Page view: /home by u3507,E103,Page view: {page} by {user}
2936,2026-01-10,09:36:45,INFO,OrderProcessor,Transaction tx487608 completed in 1425ms,E104,Transaction {tx} completed in {time}ms
2937,2026-01-10,09:44:14,INFO,AuthService,Page view: /home by u3365,E103,Page view: {page} by {user}
2938,2026-01-10,09:11:27,INFO,InventoryDB,Transaction tx891968 completed in 1467ms,E104,Transaction {tx} completed in {time}ms
2939,2026-01-10,09:04:07,INFO,WebServer,Health check passed: WebServer,E102,Health check passed: {service}
2940,2026-01-10,09:11:52,INFO,WebServer,Transaction tx936631 completed in 1119ms,E104,Transaction {tx} completed in {time}ms
2941,2026-01-10,09:18:38,INFO,AuthService,Transaction tx888586 completed in 432ms,E104,Transaction {tx} completed in {time}ms
2942,2026-01-10,09:07:35,INFO,WebServer,Health check passed: WebServer,E102,Health check passed: {service}
2943,2026-01-10,09:16:34,INFO,WebServer,Transaction tx991116 completed in 521ms,E104,Transaction {tx} completed in {time}ms
2944,2026-01-10,09:17:45,INFO,AuthService,Health check passed: AuthService,E102,Health check passed: {service}
2945,2026-01-10,09:42:47,INFO,AuthService,Health check passed: AuthService,E102,Health check passed: {service}
2946,2026-01-10,09:56:38,INFO,PaymentGateway,Page view: /home by u3815,E103,Page view: {page} by {user}
2947,2026-01-10,09:13:08,INFO,OrderProcessor,Transaction tx654376 completed in 1289ms,E104,Transaction {tx} completed in {time}ms
2948,2026-01-10,09:57:48,INFO,AuthService,User u4841 login successful,E101,User {user} login successful
2949,2026-01-10,09:50:24,INFO,PaymentGateway,Transaction tx931701 completed in 1645ms,E104,Transaction {tx} completed in {time}ms
2950,2026-01-10,09:46:23,INFO,WebServer,Health check passed: WebServer,E102,Health check passed: {service}
2951,2026-01-10,09:59:53,INFO,OrderProcessor,Transaction tx638102 completed in 465ms,E104,Transaction {tx} completed in {time}ms
2952,2026-01-10,09:13:17,INFO,WebServer,Health check passed: WebServer,E102,Health check passed: {service}
2953,2026-01-10,09:40:59,INFO,AuthService,User u4609 login successful,E101,User {user} login successful
2954,2026-01-10,09:04:47,WARN,InventoryDB,Unauthorized access attempt from 10.0.0.45,E401,Unauthorized access attempt from {ip}
2955,2026-01-10,09:54:29,INFO,WebServer,Transaction tx399326 completed in 478ms,E104,Transaction {tx} completed in {time}ms
2956,2026-01-10,09:04:31,INFO,AuthService,Page view: /home by u1917,E103,Page view: {page} by {user}
2957,2026-01-10,09:42:41,INFO,AuthService,User u1394 login successful,E101,User {user} login successful
2958,2026-01-10,09:58:29,INFO,WebServer,Page view: /home by u3925,E103,Page view: {page} by {user}
2959,2026-01-10,09:44:35,INFO,WebServer,Transaction tx113502 completed in 1417ms,E104,Transaction {tx} completed in {time}ms
2960,2026-01-10,09:04:26,INFO,WebServer,Health check passed: WebServer,E102,Health check passed: {service}
2961,2026-01-10,09:54:59,INFO,AuthService,Page view: /home by u2095,E103,Page view: {page} by {user}
2962,2026-01-10,09:26:16,INFO,WebServer,Page view: /home by u4553,E103,Page view: {page} by {user}
2963,2026-01-10,09:26:47,INFO,WebServer,User u3298 login successful,E101,User {user} login successful
2964,2026-01-10,09:15:05,INFO,AuthService,User u4684 login successful,E101,User {user} login successful
2965,2026-01-10,09:09:57,INFO,InventoryDB,User u3441 login successful,E101,User {user} login successful
2966,2026-01-10,09:53:22,INFO,WebServer,Page view: /home by u1643,E103,Page view: {page} by {user}
2967,2026-01-10,09:00:22,INFO,WebServer,Health check passed: WebServer,E102,Health check passed: {service}
2968,2026-01-10,09:18:20,INFO,AuthService,Health check passed: AuthService,E102,Health check passed: {service}
2969,2026-01-10,09:34:22,INFO,WebServer,Transaction tx814098 completed in 1969ms,E104,Transaction {tx} completed in {time}ms
2970,2026-01-10,09:20:20,INFO,WebServer,Transaction tx157867 completed in 627ms,E104,Transaction {tx} completed in {time}ms
2971,2026-01-10,09:33:12,INFO,AuthService,Transaction tx880653 completed in 893ms,E104,Transaction {tx} completed in {time}ms
2972,2026-01-10,09:42:31,INFO,WebServer,Page view: /home by u1765,E103,Page view: {page} by {user}
2973,2026-01-10,10:33:18,INFO,WebServer,Page view: /home by u3227,E103,Page view: {page} by {user}
2974,2026-01-10,10:42:03,ERROR,WebServer,Connection refused to WebServer at 10.0.0.12,E501,Connection refused to {service} at {ip}
2975,2026-01-10,10:30:50,INFO,WebServer,User u2750 login successful,E101,User {user} login successful
2976,2026-01-10,10:32:36,CRITICAL,AuthService,DATA CORRUPTION detected in sector 544,E602,DATA CORRUPTION detected in sector {sector}
2977,2026-01-10,10:26:57,INFO,WebServer,Page view: /home by u3835,E103,Page view: {page} by {user}
2978,2026-01-10,10:32:46,INFO,OrderProcessor,User u1977 login successful,E101,User {user} login successful
2979,2026-01-10,10:03:46,CRITICAL,AuthService,KERNEL PANIC: Node node-3 crashed,E601,KERNEL PANIC: Node {node} crashed
2980,2026-01-10,10:58:59,INFO,WebServer,Page view: /home by u4607,E103,Page view: {page} by {user}
2981,2026-01-10,10:02:20,INFO,PaymentGateway,Page view: /home by u3369,E103,Page view: {page} by {user}
2982,2026-01-10,10:08:34,INFO,WebServer,User u2142 login successful,E101,User {user} login successful
2983,2026-01-10,10:39:56,INFO,OrderProcessor,User u1968 login successful,E101,User {user} login successful
2984,2026-01-10,10:07:43,INFO,InventoryDB,Page view: /home by u3325,E103,Page view: {page} by {user}
2985,2026-01-10,10:20:42,INFO,WebServer,Health check passed: WebServer,E102,Health check passed: {service}
2986,2026-01-10,10:22:25,INFO,WebServer,Health check passed: WebServer,E102,Health check passed: {service}
2987,2026-01-10,10:03:48,INFO,WebServer,Transaction tx621959 completed in 400ms,E104,Transaction {tx} completed in {time}ms
2988,2026-01-10,10:43:20,INFO,WebServer,Transaction tx106260 completed in 1989ms,E104,Transaction {tx} completed in {time}ms
2989,2026-01-10,10:52:22,INFO,OrderProcessor,Page view: /home by u4585,E103,Page view: {page} by {user}
2990,2026-01-10,10:27:47,INFO,WebServer,Page view: /home by u4405,E103,Page view: {page} by {user}
2991,2026-01-10,10:08:27,INFO,OrderProcessor,Transaction tx715380 completed in 1406ms,E104,Transaction {tx} completed in {time}ms
2992,2026-01-10,10:15:46,INFO,OrderProcessor,Page view: /home by u2355,E103,Page view: {page} by {user}
2993,2026-01-10,10:28:09,INFO,AuthService,Transaction tx505587 completed in 350ms,E104,Transaction {tx} completed in {time}ms
2994,2026-01-10,10:13:55,INFO,AuthService,Transaction tx357093 completed in 790ms,E104,Transaction {tx} completed in {time}ms
2995,2026-01-10,10:54:16,INFO,WebServer,Transaction tx432536 completed in 998ms,E104,Transaction {tx} completed in {time}ms
2996,2026-01-10,10:59:56,INFO,WebServer,Page view: /home by u1309,E103,Page view: {page} by {user}
2997,2026-01-10,10:24:37,INFO,WebServer,Health check passed: WebServer,E102,Health check passed: {service}
2998,2026-01-10,10:55:18,INFO,OrderProcessor,Health check passed: OrderProcessor,E102,Health check passed: {service}
2999,2026-01-10,10:06:10,INFO,PaymentGateway,Transaction tx227410 completed in 149ms,E104,Transaction {tx} completed in {time}ms
3000,2026-01-10,10:05:12,INFO,WebServer,User u2189 login successful,E101,User {user} login successful
3001,2026-01-10,10:20:24,INFO,WebServer,Page view: /home by u4873,E103,Page view: {page} by {user}
3002,2026-01-10,10:57:40,INFO,OrderProcessor,Transaction tx586960 completed in 193ms,E104,Transaction {tx} completed in {time}ms
3003,2026-01-10,10:01:00,INFO,WebServer,User u2258 login successful,E101,User {user} login successful
3004,2026-01-10,10:53:44,INFO,OrderProcessor,Page view: /home by u3403,E103,Page view: {page} by {user}
3005,2026-01-10,10:12:41,INFO,PaymentGateway,Page view: /home by u1176,E103,Page view: {page} by {user}
3006,2026-01-10,10:39:48,INFO,WebServer,User u2096 login successful,E101,User {user} login successful
3007,2026-01-10,10:15:06,INFO,WebServer,Health check passed: WebServer,E102,Health check passed: {service}
3008,2026-01-10,10:57:02,WARN,WebServer,Unauthorized access attempt from 10.0.0.12,E401,Unauthorized access attempt from {ip}
3009,2026-01-10,10:07:26,INFO,AuthService,Transaction tx703087 completed in 897ms,E104,Transaction {tx} completed in {time}ms
3010,2026-01-10,10:06:31,INFO,OrderProcessor,Transaction tx351213 completed in 466ms,E104,Transaction {tx} completed in {time}ms
3011,2026-01-10,10:56:56,INFO,WebServer,Transaction tx487096 completed in 199ms,E104,Transaction {tx} completed in {time}ms
3012,2026-01-10,10:51:13,INFO,WebServer,User u2799 login successful,E101,User {user} login successful
3013,2026-01-10,10:43:20,INFO,WebServer,User u3966 login successful,E101,User {user} login successful
3014,2026-01-10,10:41:38,INFO,AuthService,Transaction tx181147 completed in 370ms,E104,Transaction {tx} completed in {time}ms
3015,2026-01-10,10:35:32,INFO,InventoryDB,Transaction tx355442 completed in 171ms,E104,Transaction {tx} completed in {time}ms
3016,2026-01-10,10:05:54,INFO,PaymentGateway,Page view: /home by u3833,E103,Page view: {page} by {user}
3017,2026-01-10,10:59:38,INFO,WebServer,Transaction tx546648 completed in 1847ms,E104,Transaction {tx} completed in {time}ms
3018,2026-01-10,10:41:37,INFO,AuthService,Health check passed: AuthService,E102,Health check passed: {service}
3019,2026-01-10,10:03:36,INFO,PaymentGateway,User u2533 login successful,E101,User {user} login successful
3020,2026-01-10,10:15:53,INFO,WebServer,Health check passed: WebServer,E102,Health check passed: {service}
3021,2026-01-10,10:11:37,INFO,WebServer,Page view: /home by u2094,E103,Page view: {page} by {user}
3022,2026-01-10,10:38:30,INFO,WebServer,Page view: /home by u4442,E103,Page view: {page} by {user}
3023,2026-01-10,10:33:16,INFO,WebServer,Health check passed: WebServer,E102,Health check passed: {service}
3024,2026-01-10,10:20:15,INFO,PaymentGateway,Transaction tx798967 completed in 1771ms,E104,Transaction {tx} completed in {time}ms
3025,2026-01-10,10:41:42,INFO,AuthService,User u1976 login successful,E101,User {user} login successful
3026,2026-01-10,10:02:58,ERROR,WebServer,Timeout waiting for lock on InventoryDB,E502,Timeout waiting for lock on {db}
3027,2026-01-10,10:04:58,INFO,WebServer,Transaction tx934714 completed in 1511ms,E104,Transaction {tx} completed in {time}ms
3028,2026-01-10,10:26:50,INFO,WebServer,Transaction tx718559 completed in 33ms,E104,Transaction {tx} completed in {time}ms
3029,2026-01-10,10:11:35,WARN,AuthService,Unauthorized access attempt from 10.0.0.45,E401,Unauthorized access attempt from {ip}
3030,2026-01-10,10:22:09,INFO,WebServer,Transaction tx103601 completed in 1060ms,E104,Transaction {tx} completed in {time}ms
3031,2026-01-10,10:56:56,INFO,AuthService,Transaction tx657817 completed in 227ms,E104,Transaction {tx} completed in {time}ms
3032,2026-01-10,10:25:51,INFO,PaymentGateway,Transaction tx944050 completed in 1388ms,E104,Transaction {tx} completed in {time}ms
3033,2026-01-10,10:53:02,INFO,AuthService,Page view: /home by u4151,E103,Page view: {page} by {user}
3034,2026-01-10,10:46:32,INFO,AuthService,Transaction tx599894 completed in 679ms,E104,Transaction {tx} completed in {time}ms
3035,2026-01-10,10:16:18,WARN,WebServer,Unauthorized access attempt from 10.0.0.10,E401,Unauthorized access attempt from {ip}
3036,2026-01-10,10:51:48,INFO,OrderProcessor,Transaction tx267724 completed in 1778ms,E104,Transaction {tx} completed in {time}ms
3037,2026-01-10,10:43:11,INFO,InventoryDB,Health check passed: InventoryDB,E102,Health check passed: {service}
3038,2026-01-10,10:36:51,INFO,AuthService,Page view: /home by u2752,E103,Page view: {page} by {user}
3039,2026-01-10,10:09:00,INFO,OrderProcessor,Page view: /home by u1011,E103,Page view: {page} by {user}
3040,2026-01-10,10:36:02,ERROR,AuthService,Timeout waiting for lock on InventoryDB,E502,Timeout waiting for lock on {db}
3041,2026-01-10,10:54:07,INFO,WebServer,Page view: /home by u4639,E103,Page view: {page} by {user}
3042,2026-01-10,10:23:39,INFO,InventoryDB,Health check passed: InventoryDB,E102,Health check passed: {service}
3043,2026-01-10,10:42:33,INFO,PaymentGateway,Page view: /home by u3332,E103,Page view: {page} by {user}
3044,2026-01-10,10:02:39,INFO,WebServer,Health check passed: WebServer,E102,Health check passed: {service}
3045,2026-01-10,10:23:15,WARN,AuthService,High latency (868ms) detected on AuthService,E201,High latency ({time}ms) detected on {service}
3046,2026-01-10,10:08:27,INFO,WebServer,Health check passed: WebServer,E102,Health check passed: {service}
3047,2026-01-10,10:42:47,INFO,WebServer,Page view: /home by u2586,E103,Page view: {page} by {user}
3048,2026-01-10,10:59:00,INFO,PaymentGateway,Page view: /home by u2772,E103,Page view: {page} by {user}
3049,2026-01-10,10:02:34,INFO,WebServer,Transaction tx657118 completed in 1803ms,E104,Transaction {tx} completed in {time}ms
3050,2026-01-10,10:05:10,INFO,OrderProcessor,Transaction tx937409 completed in 1388ms,E104,Transaction {tx} completed in {time}ms
3051,2026-01-10,10:36:04,INFO,OrderProcessor,User u2611 login successful,E101,User {user} login successful
3052,2026-01-10,10:02:00,INFO,WebServer,User u4080 login successful,E101,User {user} login successful
3053,2026-01-10,10:37:16,INFO,OrderProcessor,Transaction tx262326 completed in 1175ms,E104,Transaction {tx} completed in {time}ms
3054,2026-01-10,10:35:39,INFO,WebServer,Page view: /home by u2058,E103,Page view: {page} by {user}
3055,2026-01-10,10:15:11,INFO,WebServer,User u1480 login successful,E101,User {user} login successful
3056,2026-01-10,10:29:27,INFO,InventoryDB,Health check passed: InventoryDB,E102,Health check passed: {service}
3057,2026-01-10,10:32:52,INFO,WebServer,User u2018 login successful,E101,User {user} login successful
3058,2026-01-10,10:55:58,INFO,WebServer,Health check passed: WebServer,E102,Health check passed: {service}
3059,2026-01-10,10:52:34,INFO,WebServer,Page view: /home by u2362,E103,Page view: {page} by {user}
3060,2026-01-10,10:30:19,INFO,WebServer,Transaction tx362120 completed in 1638ms,E104,Transaction {tx} completed in {time}ms
3061,2026-01-10,10:10:47,WARN,WebServer,Unauthorized access attempt from 10.0.0.45,E401,Unauthorized access attempt from {ip}
3062,2026-01-10,10:56:59,INFO,AuthService,Transaction tx919352 completed in 1196ms,E104,Transaction {tx} completed in {time}ms
3063,2026-01-10,10:09:08,INFO,WebServer,Transaction tx718696 completed in 370ms,E104,Transaction {tx} completed in {time}ms
3064,2026-01-10,10:17:17,INFO,WebServer,User u2740 login successful,E101,User {user} login successful
3065,2026-01-10,10:50:30,INFO,AuthService,Health check passed: AuthService,E102,Health check passed: {service}
3066,2026-01-10,10:14:34,INFO,WebServer,Page view: /home by u1092,E103,Page view: {page} by {user}
3067,2026-01-10,10:33:54,INFO,AuthService,User u2468 login successful,E101,User {user} login successful
3068,2026-01-10,10:19:50,INFO,WebServer,Page view: /home by u4288,E103,Page view: {page} by {user}
3069,2026-01-10,10:32:23,INFO,OrderProcessor,Health check passed: OrderProcessor,E102,Health check passed: {service}
3070,2026-01-10,10:18:14,ERROR,WebServer,Connection refused to WebServer at 10.0.0.45,E501,Connection refused to {service} at {ip}
3071,2026-01-10,10:13:48,INFO,AuthService,Transaction tx413235 completed in 1157ms,E104,Transaction {tx} completed in {time}ms
3072,2026-01-10,10:48:35,INFO,AuthService,Page view: /home by u3438,E103,Page view: {page} by {user}
3073,2026-01-10,10:37:11,ERROR,PaymentGateway,Payment declined: Gateway unavailable,E503,Payment declined: Gateway unavailable
3074,2026-01-10,10:40:08,INFO,WebServer,Page view: /home by u1741,E103,Page view: {page} by {user}
3075,2026-01-10,10:00:31,INFO,WebServer,Health check passed: WebServer,E102,Health check passed: {service}
3076,2026-01-10,10:28:10,INFO,AuthService,Health check passed: AuthService,E102,Health check passed: {service}
3077,2026-01-10,10:27:59,INFO,AuthService,Page view: /home by u4707,E103,Page view: {page} by {user}
3078,2026-01-10,10:40:00,INFO,WebServer,Page view: /home by u2027,E103,Page view: {page} by {user}
3079,2026-01-10,10:14:16,INFO,WebServer,Transaction tx536706 completed in 399ms,E104,Transaction {tx} completed in {time}ms
3080,2026-01-10,10:53:52,INFO,WebServer,Health check passed: WebServer,E102,Health check passed: {service}
3081,2026-01-10,10:58:29,WARN,WebServer,Unauthorized access attempt from 10.0.0.12,E401,Unauthorized access attempt from {ip}
3082,2026-01-10,10:32:09,INFO,WebServer,Health check passed: WebServer,E102,Health check passed: {service}
3083,2026-01-10,10:14:24,INFO,OrderProcessor,User u1290 login successful,E101,User {user} login successful
3084,2026-01-10,10:03:06,INFO,WebServer,Page view: /home by u4386,E103,Page view: {page} by {user}
3085,2026-01-10,10:14:22,INFO,OrderProcessor,Page view: /home by u4987,E103,Page view: {page} by {user}
3086,2026-01-10,10:49:46,INFO,WebServer,User u1277 login successful,E101,User {user} login successful
3087,2026-01-10,10:39:21,INFO,WebServer,User u4657 login successful,E101,User {user} login successful
3088,2026-01-10,10:16:07,INFO,AuthService,Page view: /home by u4407,E103,Page view: {page} by {user}
3089,2026-01-10,10:47:46,INFO,AuthService,User u2482 login successful,E101,User {user} login successful
3090,2026-01-10,10:39:36,INFO,OrderProcessor,User u1325 login successful,E101,User {user} login successful
3091,2026-01-10,10:00:53,INFO,WebServer,Page view: /home by u2065,E103,Page view: {page} by {user}
3092,2026-01-10,10:29:54,INFO,InventoryDB,Health check passed: InventoryDB,E102,Health check passed: {service}
3093,2026-01-10,10:51:57,INFO,OrderProcessor,User u3546 login successful,E101,User {user} login successful
3094,2026-01-10,10:20:57,WARN,AuthService,Unauthorized access attempt from 10.0.0.45,E401,Unauthorized access attempt from {ip}
3095,2026-01-10,10:21:06,INFO,WebServer,Page view: /home by u2370,E103,Page view: {page} by {user}
3096,2026-01-10,10:53:36,INFO,WebServer,Health check passed: WebServer,E102,Health check passed: {service}
3097,2026-01-10,10:40:50,INFO,WebServer,Health check passed: WebServer,E102,Health check passed: {service}
3098,2026-01-10,10:13:32,INFO,WebServer,User u3476 login successful,E101,User {user} login successful
3099,2026-01-10,10:22:16,INFO,AuthService,User u1351 login successful,E101,User {user} login successful
3100,2026-01-10,10:06:07,INFO,OrderProcessor,Page view: /home by u4329,E103,Page view: {page} by {user}
3101,2026-01-10,10:10:09,INFO,WebServer,User u4017 login successful,E101,User {user} login successful
3102,2026-01-10,10:34:29,INFO,WebServer,Health check passed: WebServer,E102,Health check passed: {service}
3103,2026-01-10,10:07:37,INFO,WebServer,Health check passed: WebServer,E102,Health check passed: {service}
3104,2026-01-10,10:26:47,INFO,WebServer,Page view: /home by u4562,E103,Page view: {page} by {user}
3105,2026-01-10,10:19:07,INFO,AuthService,Transaction tx132919 completed in 105ms,E104,Transaction {tx} completed in {time}ms
3106,2026-01-10,10:18:02,INFO,WebServer,Page view: /home by u3775,E103,Page view: {page} by {user}
3107,2026-01-10,10:35:40,INFO,WebServer,Transaction tx191126 completed in 418ms,E104,Transaction {tx} completed in {time}ms
3108,2026-01-10,10:06:59,INFO,WebServer,Transaction tx180917 completed in 1307ms,E104,Transaction {tx} completed in {time}ms
3109,2026-01-10,10:10:50,INFO,PaymentGateway,User u4242 login successful,E101,User {user} login successful
3110,2026-01-10,10:07:06,INFO,WebServer,Transaction tx125172 completed in 1546ms,E104,Transaction {tx} completed in {time}ms
3111,2026-01-10,10:00:16,INFO,AuthService,Health check passed: AuthService,E102,Health check passed: {service}
3112,2026-01-10,10:59:20,INFO,WebServer,Transaction tx598179 completed in 641ms,E104,Transaction {tx} completed in {time}ms
3113,2026-01-10,10:37:51,INFO,WebServer,Transaction tx641745 completed in 141ms,E104,Transaction {tx} completed in {time}ms
3114,2026-01-10,10:30:31,INFO,OrderProcessor,Page view: /home by u2841,E103,Page view: {page} by {user}
3115,2026-01-10,10:01:25,INFO,WebServer,Health check passed: WebServer,E102,Health check passed: {service}
3116,2026-01-10,10:10:40,INFO,AuthService,Page view: /home by u4334,E103,Page view: {page} by {user}
3117,2026-01-10,10:29:16,INFO,PaymentGateway,Health check passed: PaymentGateway,E102,Health check passed: {service}
3118,2026-01-10,10:46:39,INFO,PaymentGateway,Health check passed: PaymentGateway,E102,Health check passed: {service}
3119,2026-01-10,10:24:19,INFO,AuthService,User u3044 login successful,E101,User {user} login successful
3120,2026-01-10,10:08:01,INFO,WebServer,Page view: /home by u4570,E103,Page view: {page} by {user}
3121,2026-01-10,10:11:53,INFO,WebServer,Health check passed: WebServer,E102,Health check passed: {service}
3122,2026-01-10,10:30:13,INFO,PaymentGateway,Health check passed: PaymentGateway,E102,Health check passed: {service}
3123,2026-01-10,10:50:30,INFO,WebServer,Transaction tx740465 completed in 1138ms,E104,Transaction {tx} completed in {time}ms
3124,2026-01-10,10:11:54,INFO,WebServer,Transaction tx501952 completed in 1766ms,E104,Transaction {tx} completed in {time}ms
3125,2026-01-10,10:55:25,INFO,WebServer,User u1707 login successful,E101,User {user} login successful
3126,2026-01-10,10:36:41,INFO,WebServer,Health check passed: WebServer,E102,Health check passed: {service}
3127,2026-01-10,10:26:37,INFO,AuthService,Page view: /home by u1635,E103,Page view: {page} by {user}
3128,2026-01-10,10:44:20,INFO,AuthService,Page view: /home by u2116,E103,Page view: {page} by {user}
3129,2026-01-10,10:01:52,INFO,OrderProcessor,Health check passed: OrderProcessor,E102,Health check passed: {service}
3130,2026-01-10,10:29:47,INFO,AuthService,Page view: /home by u1472,E103,Page view: {page} by {user}
3131,2026-01-10,10:10:19,INFO,WebServer,Transaction tx468588 completed in 1238ms,E104,Transaction {tx} completed in {time}ms
3132,2026-01-10,10:46:20,INFO,PaymentGateway,User u4189 login successful,E101,User {user} login successful
3133,2026-01-10,10:51:41,INFO,WebServer,Transaction tx156334 completed in 51ms,E104,Transaction {tx} completed in {time}ms
3134,2026-01-10,10:43:11,INFO,AuthService,Health check passed: AuthService,E102,Health check passed: {service}
3135,2026-01-10,10:46:25,INFO,OrderProcessor,Transaction tx680292 completed in 1045ms,E104,Transaction {tx} completed in {time}ms
3136,2026-01-10,10:47:28,INFO,InventoryDB,Transaction tx623780 completed in 756ms,E104,Transaction {tx} completed in {time}ms
3137,2026-01-10,10:38:35,INFO,WebServer,Page view: /home by u3188,E103,Page view: {page} by {user}
3138,2026-01-10,10:36:16,INFO,WebServer,User u2730 login successful,E101,User {user} login successful
3139,2026-01-10,10:46:15,INFO,AuthService,User u3012 login successful,E101,User {user} login successful
3140,2026-01-10,10:02:38,INFO,WebServer,Health check passed: WebServer,E102,Health check passed: {service}
3141,2026-01-10,10:27:05,INFO,OrderProcessor,Transaction tx675955 completed in 372ms,E104,Transaction {tx} completed in {time}ms
3142,2026-01-10,10:35:25,INFO,WebServer,User u3216 login successful,E101,User {user} login successful
3143,2026-01-10,10:35:55,INFO,PaymentGateway,Transaction tx230050 completed in 1726ms,E104,Transaction {tx} completed in {time}ms
3144,2026-01-10,10:02:11,WARN,WebServer,High latency (97ms) detected on WebServer,E201,High latency ({time}ms) detected on {service}
3145,2026-01-10,10:54:47,WARN,OrderProcessor,Unauthorized access attempt from 192.168.1.5,E401,Unauthorized access attempt from {ip}
3146,2026-01-10,10:27:36,INFO,WebServer,Health check passed: WebServer,E102,Health check passed: {service}
3147,2026-01-10,10:54:29,INFO,WebServer,User u2778 login successful,E101,User {user} login successful
3148,2026-01-10,10:35:21,WARN,OrderProcessor,High latency (1423ms) detected on OrderProcessor,E201,High latency ({time}ms) detected on {service}
3149,2026-01-10,10:39:16,INFO,WebServer,Transaction tx847431 completed in 524ms,E104,Transaction {tx} completed in {time}ms
3150,2026-01-10,10:39:10,INFO,PaymentGateway,Transaction tx388319 completed in 1094ms,E104,Transaction {tx} completed in {time}ms
3151,2026-01-10,10:35:23,INFO,WebServer,Transaction tx434781 completed in 126ms,E104,Transaction {tx} completed in {time}ms
3152,2026-01-10,10:51:10,INFO,OrderProcessor,Health check passed: OrderProcessor,E102,Health check passed: {service}
3153,2026-01-10,10:32:09,INFO,OrderProcessor,Health check passed: OrderProcessor,E102,Health check passed: {service}
3154,2026-01-10,10:49:28,INFO,AuthService,Health check passed: AuthService,E102,Health check passed: {service}
3155,2026-01-10,10:38:55,INFO,WebServer,Transaction tx841491 completed in 1355ms,E104,Transaction {tx} completed in {time}ms
3156,2026-01-10,10:20:39,INFO,WebServer,Page view: /home by u3606,E103,Page view: {page} by {user}
3157,2026-01-10,10:18:48,INFO,AuthService,Page view: /home by u4810,E103,Page view: {page} by {user}
3158,2026-01-10,10:25:59,INFO,WebServer,Page view: /home by u2506,E103,Page view: {page} by {user}
3159,2026-01-10,10:06:26,INFO,AuthService,User u3054 login successful,E101,User {user} login successful
3160,2026-01-10,10:20:39,INFO,WebServer,Transaction tx199500 completed in 1627ms,E104,Transaction {tx} completed in {time}ms
3161,2026-01-10,10:28:05,INFO,AuthService,Health check passed: AuthService,E102,Health check passed: {service}
3162,2026-01-10,10:32:00,INFO,WebServer,User u1285 login successful,E101,User {user} login successful
3163,2026-01-10,10:04:34,INFO,AuthService,User u2894 login successful,E101,User {user} login successful
3164,2026-01-10,10:00:29,INFO,AuthService,User u2015 login successful,E101,User {user} login successful
3165,2026-01-10,10:27:42,INFO,WebServer,Page view: /home by u1665,E103,Page view: {page} by {user}
3166,2026-01-10,10:31:09,INFO,WebServer,Health check passed: WebServer,E102,Health check passed: {service}
3167,2026-01-10,10:45:10,INFO,WebServer,Transaction tx798894 completed in 1402ms,E104,Transaction {tx} completed in {time}ms
3168,2026-01-10,10:46:08,INFO,WebServer,Transaction tx808127 completed in 73ms,E104,Transaction {tx} completed in {time}ms
3169,2026-01-10,10:12:17,INFO,WebServer,Page view: /home by u1305,E103,Page view: {page} by {user}
3170,2026-01-10,10:47:49,INFO,WebServer,Health check passed: WebServer,E102,Health check passed: {service}
3171,2026-01-10,10:52:07,ERROR,WebServer,Payment declined: Gateway unavailable,E503,Payment declined: Gateway unavailable
3172,2026-01-10,10:48:44,INFO,OrderProcessor,User u1388 login successful,E101,User {user} login successful
3173,2026-01-10,10:57:05,INFO,WebServer,Page view: /home by u2692,E103,Page view: {page} by {user}
3174,2026-01-10,10:18:04,INFO,WebServer,Page view: /home by u4308,E103,Page view: {page} by {user}
3175,2026-01-10,10:08:55,INFO,WebServer,User u2829 login successful,E101,User {user} login successful
3176,2026-01-10,10:48:02,WARN,WebServer,Disk usage > 85% on node node-4,E202,Disk usage > 85% on node {node}
3177,2026-01-10,10:06:07,INFO,WebServer,Page view: /home by u3673,E103,Page view: {page} by {user}
3178,2026-01-10,10:48:31,INFO,WebServer,Transaction tx944198 completed in 1179ms,E104,Transaction {tx} completed in {time}ms
3179,2026-01-10,10:59:58,INFO,WebServer,Health check passed: WebServer,E102,Health check passed: {service}
3180,2026-01-10,10:35:36,INFO,PaymentGateway,Transaction tx821940 completed in 1624ms,E104,Transaction {tx} completed in {time}ms
3181,2026-01-10,10:23:29,INFO,WebServer,Page view: /home by u2366,E103,Page view: {page} by {user}
3182,2026-01-10,10:19:55,INFO,WebServer,Transaction tx321017 completed in 1366ms,E104,Transaction {tx} completed in {time}ms
3183,2026-01-10,10:38:27,INFO,WebServer,Health check passed: WebServer,E102,Health check passed: {service}
3184,2026-01-10,10:10:53,INFO,WebServer,Transaction tx617688 completed in 711ms,E104,Transaction {tx} completed in {time}ms
3185,2026-01-10,10:58:43,INFO,WebServer,User u2223 login successful,E101,User {user} login successful
3186,2026-01-10,10:16:52,INFO,WebServer,Health check passed: WebServer,E102,Health check passed: {service}
3187,2026-01-10,10:56:24,INFO,WebServer,User u3575 login successful,E101,User {user} login successful
3188,2026-01-10,10:58:39,INFO,WebServer,Health check passed: WebServer,E102,Health check passed: {service}
3189,2026-01-10,10:55:08,INFO,AuthService,Health check passed: AuthService,E102,Health check passed: {service}
3190,2026-01-10,10:09:34,WARN,WebServer,Disk usage > 85% on node node-5,E202,Disk usage > 85% on node {node}
3191,2026-01-10,10:10:27,INFO,WebServer,Transaction tx867822 completed in 1106ms,E104,Transaction {tx} completed in {time}ms
3192,2026-01-10,10:46:17,INFO,AuthService,Transaction tx316485 completed in 1553ms,E104,Transaction {tx} completed in {time}ms
3193,2026-01-10,10:14:28,INFO,WebServer,User u2959 login successful,E101,User {user} login successful
3194,2026-01-10,10:17:39,INFO,OrderProcessor,Page view: /home by u4165,E103,Page view: {page} by {user}
3195,2026-01-10,10:14:35,INFO,PaymentGateway,Health check passed: PaymentGateway,E102,Health check passed: {service}
3196,2026-01-10,10:13:35,INFO,AuthService,Transaction tx791183 completed in 796ms,E104,Transaction {tx} completed in {time}ms
3197,2026-01-10,10:32:11,INFO,AuthService,Page view: /home by u2413,E103,Page view: {page} by {user}
3198,2026-01-10,10:09:45,WARN,WebServer,Unauthorized access attempt from 10.0.0.12,E401,Unauthorized access attempt from {ip}
3199,2026-01-10,10:24:24,INFO,WebServer,Page view: /home by u3807,E103,Page view: {page} by {user}
3200,2026-01-10,10:57:33,INFO,WebServer,Transaction tx901967 completed in 575ms,E104,Transaction {tx} completed in {time}ms
3201,2026-01-10,10:52:35,INFO,OrderProcessor,Health check passed: OrderProcessor,E102,Health check passed: {service}
3202,2026-01-10,10:28:46,INFO,AuthService,Health check passed: AuthService,E102,Health check passed: {service}
3203,2026-01-10,10:12:31,INFO,AuthService,Transaction tx360178 completed in 1327ms,E104,Transaction {tx} completed in {time}ms
3204,2026-01-10,10:28:08,INFO,WebServer,User u1897 login successful,E101,User {user} login successful
3205,2026-01-10,10:52:40,INFO,WebServer,Health check passed: WebServer,E102,Health check passed: {service}
3206,2026-01-10,10:54:37,INFO,WebServer,User u2484 login successful,E101,User {user} login successful
3207,2026-01-10,10:55:19,INFO,OrderProcessor,User u4735 login successful,E101,User {user} login successful
3208,2026-01-10,10:33:07,INFO,OrderProcessor,Page view: /home by u3662,E103,Page view: {page} by {user}
3209,2026-01-10,10:38:30,INFO,AuthService,User u2768 login successful,E101,User {user} login successful
3210,2026-01-10,10:14:58,INFO,WebServer,Transaction tx240940 completed in 605ms,E104,Transaction {tx} completed in {time}ms
3211,2026-01-10,10:17:53,INFO,WebServer,Health check passed: WebServer,E102,Health check passed: {service}
3212,2026-01-10,10:13:29,INFO,PaymentGateway,Page view: /home by u1083,E103,Page view: {page} by {user}
3213,2026-01-10,10:00:30,INFO,WebServer,Page view: /home by u3089,E103,Page view: {page} by {user}
3214,2026-01-10,10:57:45,INFO,WebServer,Health check passed: WebServer,E102,Health check passed: {service}
3215,2026-01-10,10:23:52,INFO,OrderProcessor,Health check passed: OrderProcessor,E102,Health check passed: {service}
3216,2026-01-10,10:32:20,INFO,WebServer,Transaction tx922552 completed in 590ms,E104,Transaction {tx} completed in {time}ms
3217,2026-01-10,10:39:07,INFO,PaymentGateway,Page view: /home by u3014,E103,Page view: {page} by {user}
3218,2026-01-10,10:28:30,WARN,WebServer,Disk usage > 85% on node node-1,E202,Disk usage > 85% on node {node}
3219,2026-01-10,10:30:27,INFO,AuthService,User u2794 login successful,E101,User {user} login successful
3220,2026-01-10,10:43:22,INFO,WebServer,User u2537 login successful,E101,User {user} login successful
3221,2026-01-10,10:01:39,INFO,WebServer,Transaction tx200663 completed in 569ms,E104,Transaction {tx} completed in {time}ms
3222,2026-01-10,10:24:56,INFO,AuthService,Health check passed: AuthService,E102,Health check passed: {service}
3223,2026-01-10,10:24:37,INFO,PaymentGateway,Transaction tx803461 completed in 219ms,E104,Transaction {tx} completed in {time}ms
3224,2026-01-10,10:33:14,INFO,WebServer,Transaction tx179948 completed in 159ms,E104,Transaction {tx} completed in {time}ms
3225,2026-01-10,10:56:31,INFO,WebServer,Transaction tx462529 completed in 1792ms,E104,Transaction {tx} completed in {time}ms
3226,2026-01-10,10:32:50,INFO,OrderProcessor,Page view: /home by u2384,E103,Page view: {page} by {user}
3227,2026-01-10,10:37:25,INFO,WebServer,Health check passed: WebServer,E102,Health check passed: {service}
3228,2026-01-10,10:01:51,WARN,WebServer,Disk usage > 85% on node node-5,E202,Disk usage > 85% on node {node}
3229,2026-01-10,10:23:33,INFO,InventoryDB,Page view: /home by u3555,E103,Page view: {page} by {user}
3230,2026-01-10,10:16:02,INFO,WebServer,Page view: /home by u2012,E103,Page view: {page} by {user}
3231,2026-01-10,10:07:47,WARN,InventoryDB,Disk usage > 85% on node node-4,E202,Disk usage > 85% on node {node}
3232,2026-01-10,10:59:41,INFO,WebServer,User u1544 login successful,E101,User {user} login successful
3233,2026-01-10,10:03:15,INFO,WebServer,Transaction tx368092 completed in 1434ms,E104,Transaction {tx} completed in {time}ms
3234,2026-01-10,10:20:12,INFO,WebServer,Page view: /home by u1957,E103,Page view: {page} by {user}
3235,2026-01-10,10:01:06,INFO,WebServer,User u3464 login successful,E101,User {user} login successful
3236,2026-01-10,10:01:12,WARN,WebServer,High latency (981ms) detected on WebServer,E201,High latency ({time}ms) detected on {service}
3237,2026-01-10,10:04:15,INFO,PaymentGateway,User u4242 login successful,E101,User {user} login successful
3238,2026-01-10,10:29:05,INFO,OrderProcessor,Health check passed: OrderProcessor,E102,Health check passed: {service}
3239,2026-01-10,10:28:45,INFO,OrderProcessor,Page view: /home by u4796,E103,Page view: {page} by {user}
3240,2026-01-10,10:56:33,INFO,AuthService,User u3317 login successful,E101,User {user} login successful
3241,2026-01-10,10:11:25,INFO,WebServer,Health check passed: WebServer,E102,Health check passed: {service}
3242,2026-01-10,10:16:07,INFO,WebServer,User u1950 login successful,E101,User {user} login successful
3243,2026-01-10,10:33:34,INFO,OrderProcessor,Health check passed: OrderProcessor,E102,Health check passed: {service}
3244,2026-01-10,10:54:43,INFO,PaymentGateway,Health check passed: PaymentGateway,E102,Health check passed: {service}
3245,2026-01-10,10:35:50,INFO,InventoryDB,Transaction tx676822 completed in 1180ms,E104,Transaction {tx} completed in {time}ms
3246,2026-01-10,10:45:15,INFO,AuthService,Transaction tx763230 completed in 239ms,E104,Transaction {tx} completed in {time}ms
3247,2026-01-10,10:10:46,INFO,WebServer,Transaction tx613916 completed in 133ms,E104,Transaction {tx} completed in {time}ms
3248,2026-01-10,10:11:25,INFO,WebServer,Transaction tx810779 completed in 63ms,E104,Transaction {tx} completed in {time}ms
3249,2026-01-10,10:24:36,INFO,PaymentGateway,Health check passed: PaymentGateway,E102,Health check passed: {service}
3250,2026-01-10,10:14:08,INFO,PaymentGateway,Health check passed: PaymentGateway,E102,Health check passed: {service}
3251,2026-01-10,10:15:27,INFO,WebServer,Health check passed: WebServer,E102,Health check passed: {service}
3252,2026-01-10,10:06:01,INFO,WebServer,User u4313 login successful,E101,User {user} login successful
3253,2026-01-10,10:20:48,INFO,WebServer,Health check passed: WebServer,E102,Health check passed: {service}
3254,2026-01-10,10:58:57,INFO,WebServer,Health check passed: WebServer,E102,Health check passed: {service}
3255,2026-01-10,10:23:09,INFO,WebServer,User u3949 login successful,E101,User {user} login successful
3256,2026-01-10,10:46:55,INFO,WebServer,Health check passed: WebServer,E102,Health check passed: {service}
3257,2026-01-10,10:43:47,INFO,WebServer,Health check passed: WebServer,E102,Health check passed: {service}
3258,2026-01-10,10:38:40,INFO,WebServer,Page view: /home by u1218,E103,Page view: {page} by {user}
3259,2026-01-10,10:27:56,INFO,WebServer,Transaction tx799929 completed in 1683ms,E104,Transaction {tx} completed in {time}ms
3260,2026-01-10,10:49:47,INFO,OrderProcessor,User u3040 login successful,E101,User {user} login successful
3261,2026-01-10,10:25:53,INFO,WebServer,Page view: /home by u2215,E103,Page view: {page} by {user}
3262,2026-01-10,10:15:31,INFO,AuthService,Health check passed: AuthService,E102,Health check passed: {service}
3263,2026-01-10,10:30:15,INFO,WebServer,User u1433 login successful,E101,User {user} login successful
3264,2026-01-10,10:38:01,INFO,AuthService,User u4300 login successful,E101,User {user} login successful
3265,2026-01-10,10:15:06,INFO,AuthService,Page view: /home by u1853,E103,Page view: {page} by {user}
3266,2026-01-10,10:15:56,INFO,WebServer,Page view: /home by u4681,E103,Page view: {page} by {user}
3267,2026-01-10,10:24:16,INFO,WebServer,Page view: /home by u3526,E103,Page view: {page} by {user}
3268,2026-01-10,10:05:21,INFO,OrderProcessor,Page view: /home by u3958,E103,Page view: {page} by {user}
3269,2026-01-10,10:28:28,INFO,InventoryDB,Page view: /home by u4539,E103,Page view: {page} by {user}
3270,2026-01-10,10:53:06,INFO,PaymentGateway,Page view: /home by u1734,E103,Page view: {page} by {user}
3271,2026-01-10,10:32:40,INFO,AuthService,User u1062 login successful,E101,User {user} login successful
3272,2026-01-10,10:20:47,INFO,AuthService,User u2604 login successful,E101,User {user} login successful
3273,2026-01-10,10:59:11,INFO,WebServer,User u1704 login successful,E101,User {user} login successful
3274,2026-01-10,10:25:50,INFO,WebServer,Health check passed: WebServer,E102,Health check passed: {service}
3275,2026-01-10,10:58:15,INFO,WebServer,User u3231 login successful,E101,User {user} login successful
3276,2026-01-10,10:46:25,INFO,WebServer,Page view: /home by u2130,E103,Page view: {page} by {user}
3277,2026-01-10,10:01:02,WARN,WebServer,Unauthorized access attempt from 10.0.0.45,E401,Unauthorized access attempt from {ip}
3278,2026-01-10,10:43:13,INFO,AuthService,Page view: /home by u4475,E103,Page view: {page} by {user}
3279,2026-01-10,10:18:42,INFO,OrderProcessor,User u2732 login successful,E101,User {user} login successful
3280,2026-01-10,10:11:09,INFO,WebServer,Health check passed: WebServer,E102,Health check passed: {service}
3281,2026-01-10,10:48:28,INFO,AuthService,User u1753 login successful,E101,User {user} login successful
3282,2026-01-10,10:37:17,INFO,WebServer,User u4323 login successful,E101,User {user} login successful
3283,2026-01-10,10:59:38,INFO,WebServer,Transaction tx752116 completed in 1575ms,E104,Transaction {tx} completed in {time}ms
3284,2026-01-10,10:15:16,INFO,AuthService,Transaction tx132918 completed in 1475ms,E104,Transaction {tx} completed in {time}ms
3285,2026-01-10,10:04:20,INFO,WebServer,User u4857 login successful,E101,User {user} login successful
3286,2026-01-10,10:45:19,INFO,WebServer,User u3375 login successful,E101,User {user} login successful
3287,2026-01-10,10:30:13,ERROR,WebServer,Connection refused to WebServer at 10.0.0.45,E501,Connection refused to {service} at {ip}
3288,2026-01-10,10:54:59,INFO,AuthService,Page view: /home by u3364,E103,Page view: {page} by {user}
3289,2026-01-10,10:47:10,INFO,InventoryDB,Transaction tx279445 completed in 1590ms,E104,Transaction {tx} completed in {time}ms
3290,2026-01-10,10:15:32,INFO,WebServer,Health check passed: WebServer,E102,Health check passed: {service}
3291,2026-01-10,10:10:18,INFO,WebServer,Health check passed: WebServer,E102,Health check passed: {service}
3292,2026-01-10,10:36:32,INFO,OrderProcessor,User u4200 login successful,E101,User {user} login successful
3293,2026-01-10,10:21:20,INFO,AuthService,Page view: /home by u1910,E103,Page view: {page} by {user}
3294,2026-01-10,10:26:04,INFO,OrderProcessor,Page view: /home by u2672,E103,Page view: {page} by {user}
3295,2026-01-10,10:26:25,INFO,OrderProcessor,User u4538 login successful,E101,User {user} login successful
3296,2026-01-10,10:55:32,INFO,AuthService,Transaction tx261919 completed in 731ms,E104,Transaction {tx} completed in {time}ms
3297,2026-01-10,10:18:36,INFO,OrderProcessor,Transaction tx367437 completed in 899ms,E104,Transaction {tx} completed in {time}ms
3298,2026-01-10,10:46:30,INFO,AuthService,Transaction tx234169 completed in 1400ms,E104,Transaction {tx} completed in {time}ms
3299,2026-01-10,10:00:02,INFO,WebServer,Transaction tx904812 completed in 1445ms,E104,Transaction {tx} completed in {time}ms
3300,2026-01-10,10:33:51,INFO,WebServer,Health check passed: WebServer,E102,Health check passed: {service}
3301,2026-01-10,10:14:57,INFO,WebServer,Health check passed: WebServer,E102,Health check passed: {service}
3302,2026-01-10,10:06:02,INFO,AuthService,Health check passed: AuthService,E102,Health check passed: {service}
3303,2026-01-10,10:41:09,INFO,PaymentGateway,Transaction tx319956 completed in 555ms,E104,Transaction {tx} completed in {time}ms
3304,2026-01-10,10:48:52,INFO,PaymentGateway,Transaction tx176158 completed in 1922ms,E104,Transaction {tx} completed in {time}ms
3305,2026-01-10,10:03:12,INFO,WebServer,User u2834 login successful,E101,User {user} login successful
3306,2026-01-10,10:04:13,INFO,AuthService,User u1555 login successful,E101,User {user} login successful
3307,2026-01-10,10:46:37,INFO,OrderProcessor,User u2828 login successful,E101,User {user} login successful
3308,2026-01-10,10:27:59,ERROR,OrderProcessor,Connection refused to OrderProcessor at 10.0.0.45,E501,Connection refused to {service} at {ip}
3309,2026-01-10,10:21:21,INFO,PaymentGateway,Transaction tx728275 completed in 1866ms,E104,Transaction {tx} completed in {time}ms
3310,2026-01-10,10:09:23,INFO,WebServer,Health check passed: WebServer,E102,Health check passed: {service}
3311,2026-01-10,10:48:36,INFO,OrderProcessor,Health check passed: OrderProcessor,E102,Health check passed: {service}
3312,2026-01-10,10:36:57,WARN,OrderProcessor,High latency (225ms) detected on OrderProcessor,E201,High latency ({time}ms) detected on {service}
3313,2026-01-10,10:18:26,INFO,WebServer,Transaction tx516479 completed in 1057ms,E104,Transaction {tx} completed in {time}ms
3314,2026-01-10,10:01:47,WARN,WebServer,High latency (652ms) detected on WebServer,E201,High latency ({time}ms) detected on {service}
3315,2026-01-10,10:22:28,INFO,WebServer,Page view: /home by u4500,E103,Page view: {page} by {user}
3316,2026-01-10,10:29:39,INFO,InventoryDB,Health check passed: InventoryDB,E102,Health check passed: {service}
3317,2026-01-10,10:01:44,INFO,WebServer,Health check passed: WebServer,E102,Health check passed: {service}
3318,2026-01-10,10:51:05,INFO,AuthService,User u1748 login successful,E101,User {user} login successful
3319,2026-01-10,10:22:08,WARN,OrderProcessor,Disk usage > 85% on node node-2,E202,Disk usage > 85% on node {node}
3320,2026-01-10,10:32:27,INFO,WebServer,User u4030 login successful,E101,User {user} login successful
3321,2026-01-10,10:31:49,INFO,AuthService,Health check passed: AuthService,E102,Health check passed: {service}
3322,2026-01-10,10:37:13,INFO,OrderProcessor,User u3664 login successful,E101,User {user} login successful
3323,2026-01-10,10:23:34,WARN,WebServer,High latency (1488ms) detected on WebServer,E201,High latency ({time}ms) detected on {service}
3324,2026-01-10,10:23:43,INFO,AuthService,Page view: /home by u2094,E103,Page view: {page} by {user}
3325,2026-01-10,10:40:03,INFO,OrderProcessor,Page view: /home by u3188,E103,Page view: {page} by {user}
3326,2026-01-10,10:39:16,WARN,AuthService,Disk usage > 85% on node node-3,E202,Disk usage > 85% on node {node}
3327,2026-01-10,10:39:04,INFO,AuthService,Health check passed: AuthService,E102,Health check passed: {service}
3328,2026-01-10,10:42:18,INFO,WebServer,Page view: /home by u3456,E103,Page view: {page} by {user}
3329,2026-01-10,10:12:37,INFO,WebServer,User u3505 login successful,E101,User {user} login successful
3330,2026-01-10,10:27:07,WARN,WebServer,High latency (1598ms) detected on WebServer,E201,High latency ({time}ms) detected on {service}
3331,2026-01-10,10:33:28,INFO,OrderProcessor,Page view: /home by u3316,E103,Page view: {page} by {user}
3332,2026-01-10,10:58:37,INFO,AuthService,Page view: /home by u1445,E103,Page view: {page} by {user}
3333,2026-01-10,10:16:41,INFO,AuthService,Page view: /home by u3142,E103,Page view: {page} by {user}
3334,2026-01-10,10:04:39,INFO,WebServer,Health check passed: WebServer,E102,Health check passed: {service}
3335,2026-01-10,10:23:41,INFO,PaymentGateway,User u1684 login successful,E101,User {user} login successful
3336,2026-01-10,10:47:36,INFO,WebServer,Transaction tx102089 completed in 1330ms,E104,Transaction {tx} completed in {time}ms
3337,2026-01-10,10:23:22,INFO,InventoryDB,Page view: /home by u1966,E103,Page view: {page} by {user}
3338,2026-01-10,10:52:18,INFO,WebServer,Transaction tx284629 completed in 164ms,E104,Transaction {tx} completed in {time}ms
3339,2026-01-10,10:29:17,INFO,OrderProcessor,User u3961 login successful,E101,User {user} login successful
3340,2026-01-10,10:43:32,INFO,WebServer,Health check passed: WebServer,E102,Health check passed: {service}
3341,2026-01-10,10:33:00,INFO,WebServer,Page view: /home by u4006,E103,Page view: {page} by {user}
3342,2026-01-10,10:41:51,INFO,WebServer,Page view: /home by u4134,E103,Page view: {page} by {user}
3343,2026-01-10,10:21:48,INFO,WebServer,Health check passed: WebServer,E102,Health check passed: {service}
3344,2026-01-10,10:47:04,INFO,OrderProcessor,User u4225 login successful,E101,User {user} login successful
3345,2026-01-10,10:26:48,INFO,AuthService,Health check passed: AuthService,E102,Health check passed: {service}
3346,2026-01-10,10:22:03,INFO,WebServer,Page view: /home by u1728,E103,Page view: {page} by {user}
3347,2026-01-10,10:40:57,WARN,InventoryDB,Unauthorized access attempt from 10.0.0.88,E401,Unauthorized access attempt from {ip}
3348,2026-01-10,10:08:11,INFO,OrderProcessor,User u2007 login successful,E101,User {user} login successful
3349,2026-01-10,10:26:28,INFO,WebServer,Page view: /home by u2456,E103,Page view: {page} by {user}
3350,2026-01-10,10:50:02,INFO,InventoryDB,Health check passed: InventoryDB,E102,Health check passed: {service}
3351,2026-01-10,10:27:44,INFO,WebServer,Transaction tx636985 completed in 500ms,E104,Transaction {tx} completed in {time}ms
3352,2026-01-10,10:32:17,INFO,WebServer,Page view: /home by u1906,E103,Page view: {page} by {user}
3353,2026-01-10,10:31:12,INFO,AuthService,Transaction tx972321 completed in 1138ms,E104,Transaction {tx} completed in {time}ms
3354,2026-01-10,10:33:10,INFO,WebServer,Page view: /home by u2968,E103,Page view: {page} by {user}
3355,2026-01-10,10:06:46,INFO,WebServer,Health check passed: WebServer,E102,Health check passed: {service}
3356,2026-01-10,10:51:58,INFO,AuthService,Transaction tx640265 completed in 1207ms,E104,Transaction {tx} completed in {time}ms
3357,2026-01-10,10:12:25,INFO,AuthService,User u2708 login successful,E101,User {user} login successful
3358,2026-01-10,10:39:57,INFO,AuthService,Health check passed: AuthService,E102,Health check passed: {service}
3359,2026-01-10,10:34:02,INFO,WebServer,Health check passed: WebServer,E102,Health check passed: {service}
3360,2026-01-10,10:40:49,INFO,WebServer,User u1855 login successful,E101,User {user} login successful
3361,2026-01-10,10:37:15,INFO,WebServer,Page view: /home by u3949,E103,Page view: {page} by {user}
3362,2026-01-10,10:27:33,INFO,WebServer,User u1036 login successful,E101,User {user} login successful
3363,2026-01-10,10:11:04,INFO,WebServer,Page view: /home by u2838,E103,Page view: {page} by {user}
3364,2026-01-10,10:27:34,WARN,PaymentGateway,Unauthorized access attempt from 10.0.0.88,E401,Unauthorized access attempt from {ip}
3365,2026-01-10,10:52:24,INFO,WebServer,User u4627 login successful,E101,User {user} login successful
3366,2026-01-10,10:30:57,INFO,WebServer,User u1629 login successful,E101,User {user} login successful
3367,2026-01-10,10:59:32,INFO,WebServer,Page view: /home by u3955,E103,Page view: {page} by {user}
3368,2026-01-10,10:05:29,INFO,WebServer,Page view: /home by u2059,E103,Page view: {page} by {user}
3369,2026-01-10,10:11:16,INFO,WebServer,Health check passed: WebServer,E102,Health check passed: {service}
3370,2026-01-10,10:34:51,INFO,WebServer,Page view: /home by u1492,E103,Page view: {page} by {user}
3371,2026-01-10,10:35:53,INFO,PaymentGateway,Page view: /home by u3153,E103,Page view: {page} by {user}
3372,2026-01-10,10:13:50,INFO,WebServer,User u1053 login successful,E101,User {user} login successful
3373,2026-01-10,10:10:57,INFO,PaymentGateway,Health check passed: PaymentGateway,E102,Health check passed: {service}
3374,2026-01-10,10:12:42,INFO,WebServer,Health check passed: WebServer,E102,Health check passed: {service}
3375,2026-01-10,10:46:54,INFO,AuthService,Health check passed: AuthService,E102,Health check passed: {service}
3376,2026-01-10,10:37:59,INFO,PaymentGateway,Transaction tx419469 completed in 1064ms,E104,Transaction {tx} completed in {time}ms
3377,2026-01-10,10:55:51,INFO,PaymentGateway,Transaction tx554143 completed in 1211ms,E104,Transaction {tx} completed in {time}ms
3378,2026-01-10,10:03:39,INFO,WebServer,Transaction tx679386 completed in 899ms,E104,Transaction {tx} completed in {time}ms
3379,2026-01-10,10:02:50,INFO,AuthService,User u2981 login successful,E101,User {user} login successful
3380,2026-01-10,10:00:32,INFO,WebServer,Health check passed: WebServer,E102,Health check passed: {service}
3381,2026-01-10,10:44:57,INFO,WebServer,Page view: /home by u3782,E103,Page view: {page} by {user}
3382,2026-01-10,10:33:53,INFO,AuthService,Page view: /home by u2852,E103,Page view: {page} by {user}
3383,2026-01-10,10:05:39,INFO,AuthService,User u1359 login successful,E101,User {user} login successful
3384,2026-01-10,10:57:05,INFO,WebServer,Health check passed: WebServer,E102,Health check passed: {service}
3385,2026-01-10,10:11:12,WARN,WebServer,Disk usage > 85% on node node-2,E202,Disk usage > 85% on node {node}
3386,2026-01-10,10:58:46,WARN,WebServer,Unauthorized access attempt from 10.0.0.45,E401,Unauthorized access attempt from {ip}
3387,2026-01-10,10:38:29,ERROR,WebServer,Timeout waiting for lock on InventoryDB,E502,Timeout waiting for lock on {db}
3388,2026-01-10,10:18:33,ERROR,AuthService,Connection refused to AuthService at 10.0.0.12,E501,Connection refused to {service} at {ip}
3389,2026-01-10,10:51:36,INFO,WebServer,Transaction tx465166 completed in 331ms,E104,Transaction {tx} completed in {time}ms
3390,2026-01-10,10:59:28,INFO,WebServer,Health check passed: WebServer,E102,Health check passed: {service}
3391,2026-01-10,10:43:16,INFO,WebServer,Transaction tx796393 completed in 1563ms,E104,Transaction {tx} completed in {time}ms
3392,2026-01-10,10:16:08,INFO,AuthService,Page view: /home by u2453,E103,Page view: {page} by {user}
3393,2026-01-10,10:30:45,INFO,PaymentGateway,Page view: /home by u3109,E103,Page view: {page} by {user}
3394,2026-01-10,10:54:47,INFO,WebServer,Page view: /home by u3949,E103,Page view: {page} by {user}
3395,2026-01-10,10:34:09,INFO,WebServer,Page view: /home by u2632,E103,Page view: {page} by {user}
3396,2026-01-10,10:07:32,INFO,WebServer,User u1055 login successful,E101,User {user} login successful
3397,2026-01-10,10:23:19,INFO,WebServer,Transaction tx725058 completed in 1404ms,E104,Transaction {tx} completed in {time}ms
3398,2026-01-10,10:50:21,INFO,WebServer,Transaction tx933813 completed in 78ms,E104,Transaction {tx} completed in {time}ms
3399,2026-01-10,10:06:31,INFO,AuthService,Page view: /home by u1730,E103,Page view: {page} by {user}
3400,2026-01-10,10:30:15,INFO,AuthService,User u1587 login successful,E101,User {user} login successful
3401,2026-01-10,10:46:27,INFO,InventoryDB,Page view: /home by u4898,E103,Page view: {page} by {user}
3402,2026-01-10,10:59:07,INFO,OrderProcessor,Health check passed: OrderProcessor,E102,Health check passed: {service}
3403,2026-01-10,10:52:05,INFO,InventoryDB,User u1522 login successful,E101,User {user} login successful
3404,2026-01-10,10:02:56,INFO,OrderProcessor,Page view: /home by u1779,E103,Page view: {page} by {user}
3405,2026-01-10,10:28:24,INFO,PaymentGateway,Transaction tx592543 completed in 978ms,E104,Transaction {tx} completed in {time}ms
3406,2026-01-10,10:24:54,INFO,InventoryDB,Transaction tx541726 completed in 1307ms,E104,Transaction {tx} completed in {time}ms
3407,2026-01-10,10:23:49,INFO,WebServer,User u1031 login successful,E101,User {user} login successful
3408,2026-01-10,10:56:03,INFO,PaymentGateway,User u4836 login successful,E101,User {user} login successful
3409,2026-01-10,10:13:35,INFO,WebServer,Page view: /home by u1745,E103,Page view: {page} by {user}
3410,2026-01-10,10:06:29,INFO,AuthService,Transaction tx239172 completed in 748ms,E104,Transaction {tx} completed in {time}ms
3411,2026-01-10,10:38:05,INFO,AuthService,User u3282 login successful,E101,User {user} login successful
3412,2026-01-10,10:57:56,INFO,AuthService,Transaction tx868427 completed in 28ms,E104,Transaction {tx} completed in {time}ms
3413,2026-01-10,10:39:54,INFO,WebServer,User u3153 login successful,E101,User {user} login successful
3414,2026-01-10,10:02:00,INFO,AuthService,Page view: /home by u1637,E103,Page view: {page} by {user}
3415,2026-01-10,10:49:33,INFO,WebServer,Page view: /home by u4234,E103,Page view: {page} by {user}
3416,2026-01-10,10:23:13,INFO,WebServer,User u1576 login successful,E101,User {user} login successful
3417,2026-01-10,10:41:16,INFO,WebServer,Transaction tx663891 completed in 1718ms,E104,Transaction {tx} completed in {time}ms
3418,2026-01-10,10:44:13,INFO,OrderProcessor,Page view: /home by u3246,E103,Page view: {page} by {user}
3419,2026-01-10,10:18:09,INFO,OrderProcessor,Transaction tx285983 completed in 395ms,E104,Transaction {tx} completed in {time}ms
3420,2026-01-10,10:22:13,INFO,AuthService,User u2030 login successful,E101,User {user} login successful
3421,2026-01-10,10:05:22,INFO,WebServer,Transaction tx736215 completed in 36ms,E104,Transaction {tx} completed in {time}ms
3422,2026-01-10,10:37:52,INFO,WebServer,User u4067 login successful,E101,User {user} login successful
3423,2026-01-10,10:19:47,INFO,WebServer,Health check passed: WebServer,E102,Health check passed: {service}
3424,2026-01-10,10:02:59,INFO,WebServer,User u3296 login successful,E101,User {user} login successful
3425,2026-01-10,10:21:08,INFO,WebServer,Health check passed: WebServer,E102,Health check passed: {service}
3426,2026-01-10,10:08:11,INFO,AuthService,Health check passed: AuthService,E102,Health check passed: {service}
3427,2026-01-10,10:15:44,INFO,WebServer,Health check passed: WebServer,E102,Health check passed: {service}
3428,2026-01-10,10:48:06,INFO,WebServer,User u4349 login successful,E101,User {user} login successful
3429,2026-01-10,10:36:42,CRITICAL,WebServer,DATA CORRUPTION detected in sector 881,E602,DATA CORRUPTION detected in sector {sector}
3430,2026-01-10,10:43:14,INFO,OrderProcessor,Transaction tx255850 completed in 264ms,E104,Transaction {tx} completed in {time}ms
3431,2026-01-10,10:33:08,INFO,WebServer,Health check passed: WebServer,E102,Health check passed: {service}
3432,2026-01-10,10:36:43,INFO,WebServer,User u1842 login successful,E101,User {user} login successful
3433,2026-01-10,10:24:43,INFO,WebServer,Transaction tx312566 completed in 1033ms,E104,Transaction {tx} completed in {time}ms
3434,2026-01-10,10:25:57,INFO,WebServer,Page view: /home by u2293,E103,Page view: {page} by {user}
3435,2026-01-10,10:06:06,INFO,OrderProcessor,Health check passed: OrderProcessor,E102,Health check passed: {service}
3436,2026-01-10,10:34:54,INFO,AuthService,Transaction tx225053 completed in 1610ms,E104,Transaction {tx} completed in {time}ms
3437,2026-01-10,10:00:01,INFO,WebServer,Transaction tx814860 completed in 1465ms,E104,Transaction {tx} completed in {time}ms
3438,2026-01-10,10:05:00,INFO,WebServer,Health check passed: WebServer,E102,Health check passed: {service}
3439,2026-01-10,10:07:32,INFO,AuthService,Health check passed: AuthService,E102,Health check passed: {service}
3440,2026-01-10,10:40:10,INFO,OrderProcessor,Transaction tx645087 completed in 337ms,E104,Transaction {tx} completed in {time}ms
3441,2026-01-10,10:27:14,INFO,OrderProcessor,User u1661 login successful,E101,User {user} login successful
3442,2026-01-10,10:37:51,INFO,WebServer,User u4865 login successful,E101,User {user} login successful
3443,2026-01-10,10:51:46,INFO,PaymentGateway,User u2017 login successful,E101,User {user} login successful
3444,2026-01-10,10:11:59,INFO,WebServer,Health check passed: WebServer,E102,Health check passed: {service}
3445,2026-01-10,10:29:49,ERROR,AuthService,Timeout waiting for lock on InventoryDB,E502,Timeout waiting for lock on {db}
3446,2026-01-10,10:22:37,INFO,WebServer,Health check passed: WebServer,E102,Health check passed: {service}
3447,2026-01-10,10:02:36,INFO,WebServer,Health check passed: WebServer,E102,Health check passed: {service}
3448,2026-01-10,10:06:23,INFO,AuthService,Health check passed: AuthService,E102,Health check passed: {service}
3449,2026-01-10,10:45:10,INFO,WebServer,Health check passed: WebServer,E102,Health check passed: {service}
3450,2026-01-10,10:21:17,INFO,AuthService,Page view: /home by u3657,E103,Page view: {page} by {user}
3451,2026-01-10,10:50:15,INFO,PaymentGateway,Transaction tx919518 completed in 1696ms,E104,Transaction {tx} completed in {time}ms
3452,2026-01-10,10:52:45,INFO,WebServer,Transaction tx629514 completed in 1901ms,E104,Transaction {tx} completed in {time}ms
3453,2026-01-10,10:16:18,ERROR,InventoryDB,Payment declined: Gateway unavailable,E503,Payment declined: Gateway unavailable
3454,2026-01-10,10:44:13,INFO,WebServer,User u3050 login successful,E101,User {user} login successful
3455,2026-01-10,10:34:35,INFO,AuthService,Transaction tx465586 completed in 944ms,E104,Transaction {tx} completed in {time}ms
3456,2026-01-10,10:56:50,INFO,PaymentGateway,User u4972 login successful,E101,User {user} login successful
3457,2026-01-10,10:18:22,INFO,OrderProcessor,User u4490 login successful,E101,User {user} login successful
3458,2026-01-10,10:37:19,ERROR,PaymentGateway,Connection refused to PaymentGateway at 10.0.0.12,E501,Connection refused to {service} at {ip}
3459,2026-01-10,10:33:24,INFO,WebServer,User u2735 login successful,E101,User {user} login successful
3460,2026-01-10,10:55:45,INFO,WebServer,Page view: /home by u3858,E103,Page view: {page} by {user}
3461,2026-01-10,10:16:26,INFO,WebServer,Health check passed: WebServer,E102,Health check passed: {service}
3462,2026-01-10,10:02:30,INFO,AuthService,Health check passed: AuthService,E102,Health check passed: {service}
3463,2026-01-10,10:27:34,INFO,WebServer,Health check passed: WebServer,E102,Health check passed: {service}
3464,2026-01-10,10:52:41,INFO,AuthService,Transaction tx445740 completed in 1091ms,E104,Transaction {tx} completed in {time}ms
3465,2026-01-10,10:04:31,INFO,OrderProcessor,Page view: /home by u1907,E103,Page view: {page} by {user}
3466,2026-01-10,10:29:21,INFO,AuthService,User u2633 login successful,E101,User {user} login successful
3467,2026-01-10,10:13:54,INFO,WebServer,User u2744 login successful,E101,User {user} login successful
3468,2026-01-10,10:26:32,INFO,AuthService,Page view: /home by u2063,E103,Page view: {page} by {user}
3469,2026-01-10,10:07:52,WARN,WebServer,Disk usage > 85% on node node-2,E202,Disk usage > 85% on node {node}
3470,2026-01-10,10:59:29,INFO,WebServer,Transaction tx760781 completed in 1669ms,E104,Transaction {tx} completed in {time}ms
3471,2026-01-10,10:56:21,INFO,InventoryDB,User u1071 login successful,E101,User {user} login successful
3472,2026-01-10,10:27:32,INFO,WebServer,Health check passed: WebServer,E102,Health check passed: {service}
3473,2026-01-10,10:32:01,INFO,AuthService,Page view: /home by u1286,E103,Page view: {page} by {user}
3474,2026-01-10,10:31:55,INFO,OrderProcessor,Health check passed: OrderProcessor,E102,Health check passed: {service}
3475,2026-01-10,10:19:34,INFO,PaymentGateway,Health check passed: PaymentGateway,E102,Health check passed: {service}
3476,2026-01-10,10:24:53,INFO,WebServer,User u3838 login successful,E101,User {user} login successful
3477,2026-01-10,10:36:18,INFO,AuthService,Transaction tx939788 completed in 1547ms,E104,Transaction {tx} completed in {time}ms
3478,2026-01-10,10:20:43,WARN,PaymentGateway,High latency (278ms) detected on PaymentGateway,E201,High latency ({time}ms) detected on {service}
3479,2026-01-10,10:00:44,INFO,OrderProcessor,Transaction tx152843 completed in 1422ms,E104,Transaction {tx} completed in {time}ms
3480,2026-01-10,10:01:21,INFO,AuthService,Health check passed: AuthService,E102,Health check passed: {service}
3481,2026-01-10,10:14:10,INFO,WebServer,User u1052 login successful,E101,User {user} login successful
3482,2026-01-10,10:26:44,INFO,WebServer,Transaction tx288720 completed in 1463ms,E104,Transaction {tx} completed in {time}ms
3483,2026-01-10,10:01:04,INFO,WebServer,Transaction tx476296 completed in 1979ms,E104,Transaction {tx} completed in {time}ms
3484,2026-01-10,10:16:34,INFO,WebServer,Transaction tx568258 completed in 1209ms,E104,Transaction {tx} completed in {time}ms
3485,2026-01-10,10:42:26,INFO,PaymentGateway,User u3609 login successful,E101,User {user} login successful
3486,2026-01-10,10:01:54,INFO,AuthService,Page view: /home by u2304,E103,Page view: {page} by {user}
3487,2026-01-10,10:22:47,INFO,WebServer,Page view: /home by u1843,E103,Page view: {page} by {user}
3488,2026-01-10,10:46:05,INFO,WebServer,Health check passed: WebServer,E102,Health check passed: {service}
3489,2026-01-10,10:03:53,INFO,WebServer,Health check passed: WebServer,E102,Health check passed: {service}
3490,2026-01-10,10:54:30,INFO,OrderProcessor,Transaction tx693075 completed in 90ms,E104,Transaction {tx} completed in {time}ms
3491,2026-01-10,10:24:52,INFO,WebServer,User u3512 login successful,E101,User {user} login successful
3492,2026-01-10,10:35:41,INFO,WebServer,Transaction tx497886 completed in 977ms,E104,Transaction {tx} completed in {time}ms
3493,2026-01-10,10:50:58,INFO,AuthService,Page view: /home by u3010,E103,Page view: {page} by {user}
3494,2026-01-10,10:45:54,ERROR,PaymentGateway,Payment declined: Gateway unavailable,E503,Payment declined: Gateway unavailable
3495,2026-01-10,10:51:40,INFO,OrderProcessor,Page view: /home by u3197,E103,Page view: {page} by {user}
3496,2026-01-10,10:01:29,INFO,WebServer,User u2776 login successful,E101,User {user} login successful
3497,2026-01-10,10:01:13,INFO,WebServer,User u4344 login successful,E101,User {user} login successful
3498,2026-01-10,10:49:00,INFO,WebServer,Transaction tx499828 completed in 1866ms,E104,Transaction {tx} completed in {time}ms
3499,2026-01-10,10:55:50,INFO,WebServer,Health check passed: WebServer,E102,Health check passed: {service}
3500,2026-01-10,10:04:07,INFO,WebServer,Health check passed: WebServer,E102,Health check passed: {service}
3501,2026-01-10,10:18:05,WARN,WebServer,Unauthorized access attempt from 10.0.0.45,E401,Unauthorized access attempt from {ip}
3502,2026-01-10,10:36:13,INFO,InventoryDB,User u4840 login successful,E101,User {user} login successful
3503,2026-01-10,10:49:47,INFO,WebServer,Health check passed: WebServer,E102,Health check passed: {service}
3504,2026-01-10,10:40:44,INFO,AuthService,Transaction tx675979 completed in 1707ms,E104,Transaction {tx} completed in {time}ms
3505,2026-01-10,10:39:21,INFO,OrderProcessor,Page view: /home by u1112,E103,Page view: {page} by {user}
3506,2026-01-10,10:38:37,INFO,PaymentGateway,Page view: /home by u1843,E103,Page view: {page} by {user}
3507,2026-01-10,10:58:42,INFO,WebServer,Transaction tx845140 completed in 1321ms,E104,Transaction {tx} completed in {time}ms
3508,2026-01-10,10:08:02,INFO,WebServer,User u2576 login successful,E101,User {user} login successful
3509,2026-01-10,10:02:33,INFO,InventoryDB,Transaction tx303653 completed in 1869ms,E104,Transaction {tx} completed in {time}ms
3510,2026-01-10,10:06:11,INFO,AuthService,Health check passed: AuthService,E102,Health check passed: {service}
3511,2026-01-10,10:57:33,INFO,WebServer,Transaction tx590021 completed in 1430ms,E104,Transaction {tx} completed in {time}ms
3512,2026-01-10,10:00:18,INFO,WebServer,Page view: /home by u4417,E103,Page view: {page} by {user}
3513,2026-01-10,10:09:32,INFO,OrderProcessor,Transaction tx344407 completed in 594ms,E104,Transaction {tx} completed in {time}ms
3514,2026-01-10,10:23:04,INFO,WebServer,Page view: /home by u2884,E103,Page view: {page} by {user}
3515,2026-01-10,10:54:12,INFO,WebServer,Transaction tx211059 completed in 1967ms,E104,Transaction {tx} completed in {time}ms
3516,2026-01-10,10:46:52,INFO,PaymentGateway,Health check passed: PaymentGateway,E102,Health check passed: {service}
3517,2026-01-10,10:33:19,INFO,WebServer,Health check passed: WebServer,E102,Health check passed: {service}
3518,2026-01-10,10:35:04,INFO,WebServer,Health check passed: WebServer,E102,Health check passed: {service}
3519,2026-01-10,10:15:09,INFO,OrderProcessor,Page view: /home by u4789,E103,Page view: {page} by {user}
3520,2026-01-10,10:13:03,INFO,AuthService,Health check passed: AuthService,E102,Health check passed: {service}
3521,2026-01-10,10:39:26,INFO,WebServer,Health check passed: WebServer,E102,Health check passed: {service}
3522,2026-01-10,10:16:46,INFO,AuthService,Page view: /home by u1869,E103,Page view: {page} by {user}
3523,2026-01-10,10:34:25,INFO,WebServer,Transaction tx560031 completed in 1250ms,E104,Transaction {tx} completed in {time}ms
3524,2026-01-10,10:48:46,INFO,PaymentGateway,User u1004 login successful,E101,User {user} login successful
3525,2026-01-10,10:26:29,INFO,AuthService,Health check passed: AuthService,E102,Health check passed: {service}
3526,2026-01-10,10:42:59,INFO,WebServer,Page view: /home by u4493,E103,Page view: {page} by {user}
3527,2026-01-10,10:17:16,INFO,WebServer,Transaction tx766546 completed in 576ms,E104,Transaction {tx} completed in {time}ms
3528,2026-01-10,10:52:28,INFO,WebServer,Page view: /home by u3249,E103,Page view: {page} by {user}
3529,2026-01-10,10:05:29,INFO,OrderProcessor,User u2897 login successful,E101,User {user} login successful
3530,2026-01-10,10:12:35,INFO,AuthService,User u3595 login successful,E101,User {user} login successful
3531,2026-01-10,10:02:30,INFO,PaymentGateway,Page view: /home by u1645,E103,Page view: {page} by {user}
3532,2026-01-10,10:12:38,INFO,WebServer,User u1690 login successful,E101,User {user} login successful
3533,2026-01-10,10:14:00,INFO,AuthService,Page view: /home by u1092,E103,Page view: {page} by {user}
3534,2026-01-10,10:20:02,INFO,PaymentGateway,Health check passed: PaymentGateway,E102,Health check passed: {service}
3535,2026-01-10,10:43:11,INFO,WebServer,Health check passed: WebServer,E102,Health check passed: {service}
3536,2026-01-10,10:02:57,WARN,OrderProcessor,Disk usage > 85% on node node-4,E202,Disk usage > 85% on node {node}
3537,2026-01-10,10:51:05,INFO,WebServer,Transaction tx597633 completed in 1439ms,E104,Transaction {tx} completed in {time}ms
3538,2026-01-10,10:16:34,INFO,WebServer,Health check passed: WebServer,E102,Health check passed: {service}
3539,2026-01-10,10:33:16,INFO,InventoryDB,Transaction tx732457 completed in 595ms,E104,Transaction {tx} completed in {time}ms
3540,2026-01-10,10:52:14,INFO,OrderProcessor,Health check passed: OrderProcessor,E102,Health check passed: {service}
3541,2026-01-10,10:09:02,INFO,WebServer,Health check passed: WebServer,E102,Health check passed: {service}
3542,2026-01-10,10:18:48,INFO,WebServer,Transaction tx605729 completed in 1477ms,E104,Transaction {tx} completed in {time}ms
3543,2026-01-10,10:26:25,INFO,AuthService,Page view: /home by u1963,E103,Page view: {page} by {user}
3544,2026-01-10,10:11:24,INFO,AuthService,Transaction tx102549 completed in 1686ms,E104,Transaction {tx} completed in {time}ms
3545,2026-01-10,10:25:16,INFO,WebServer,User u1898 login successful,E101,User {user} login successful
3546,2026-01-10,10:35:23,INFO,OrderProcessor,User u3647 login successful,E101,User {user} login successful
3547,2026-01-10,10:57:32,INFO,WebServer,Health check passed: WebServer,E102,Health check passed: {service}
3548,2026-01-10,10:36:51,INFO,PaymentGateway,Health check passed: PaymentGateway,E102,Health check passed: {service}
3549,2026-01-10,10:01:44,INFO,OrderProcessor,Transaction tx466405 completed in 1849ms,E104,Transaction {tx} completed in {time}ms
3550,2026-01-10,10:14:52,INFO,WebServer,Health check passed: WebServer,E102,Health check passed: {service}
3551,2026-01-10,10:43:08,INFO,InventoryDB,Transaction tx986200 completed in 1585ms,E104,Transaction {tx} completed in {time}ms
3552,2026-01-10,10:03:54,INFO,InventoryDB,Health check passed: InventoryDB,E102,Health check passed: {service}
3553,2026-01-10,10:48:01,INFO,InventoryDB,Health check passed: InventoryDB,E102,Health check passed: {service}
3554,2026-01-10,10:06:30,INFO,InventoryDB,Health check passed: InventoryDB,E102,Health check passed: {service}
3555,2026-01-10,10:42:07,INFO,WebServer,Page view: /home by u4041,E103,Page view: {page} by {user}
3556,2026-01-10,10:01:16,INFO,AuthService,Transaction tx761432 completed in 734ms,E104,Transaction {tx} completed in {time}ms
3557,2026-01-10,10:40:53,INFO,WebServer,User u4349 login successful,E101,User {user} login successful
3558,2026-01-10,10:15:02,INFO,WebServer,User u2228 login successful,E101,User {user} login successful
3559,2026-01-10,10:19:42,INFO,AuthService,User u4912 login successful,E101,User {user} login successful
3560,2026-01-10,10:35:15,INFO,WebServer,Transaction tx843811 completed in 1134ms,E104,Transaction {tx} completed in {time}ms
3561,2026-01-10,10:19:07,WARN,AuthService,Unauthorized access attempt from 10.0.0.88,E401,Unauthorized access attempt from {ip}
3562,2026-01-10,10:37:55,INFO,OrderProcessor,User u3223 login successful,E101,User {user} login successful
3563,2026-01-10,10:27:12,INFO,AuthService,User u2247 login successful,E101,User {user} login successful
3564,2026-01-10,10:53:55,INFO,WebServer,Transaction tx179110 completed in 1111ms,E104,Transaction {tx} completed in {time}ms
3565,2026-01-10,10:16:11,INFO,WebServer,Transaction tx229782 completed in 919ms,E104,Transaction {tx} completed in {time}ms
3566,2026-01-10,10:41:22,INFO,AuthService,Health check passed: AuthService,E102,Health check passed: {service}
3567,2026-01-10,10:46:12,INFO,PaymentGateway,User u4218 login successful,E101,User {user} login successful
3568,2026-01-10,10:15:59,WARN,OrderProcessor,High latency (1569ms) detected on OrderProcessor,E201,High latency ({time}ms) detected on {service}
3569,2026-01-10,10:52:44,INFO,InventoryDB,Page view: /home by u4749,E103,Page view: {page} by {user}
3570,2026-01-10,10:16:03,INFO,AuthService,Health check passed: AuthService,E102,Health check passed: {service}
3571,2026-01-10,10:18:15,ERROR,WebServer,Timeout waiting for lock on InventoryDB,E502,Timeout waiting for lock on {db}
3572,2026-01-10,10:32:49,INFO,AuthService,Health check passed: AuthService,E102,Health check passed: {service}
3573,2026-01-10,10:06:17,INFO,WebServer,Health check passed: WebServer,E102,Health check passed: {service}
3574,2026-01-10,10:29:15,INFO,WebServer,Transaction tx121231 completed in 1591ms,E104,Transaction {tx} completed in {time}ms
3575,2026-01-10,10:35:49,INFO,OrderProcessor,Health check passed: OrderProcessor,E102,Health check passed: {service}
3576,2026-01-10,10:08:15,INFO,AuthService,User u1170 login successful,E101,User {user} login successful
3577,2026-01-10,10:39:06,INFO,WebServer,Transaction tx157733 completed in 406ms,E104,Transaction {tx} completed in {time}ms
3578,2026-01-10,10:29:15,INFO,WebServer,Page view: /home by u2361,E103,Page view: {page} by {user}
3579,2026-01-10,10:36:04,INFO,WebServer,Page view: /home by u4734,E103,Page view: {page} by {user}
3580,2026-01-10,10:05:20,INFO,WebServer,User u1512 login successful,E101,User {user} login successful
3581,2026-01-10,10:14:57,INFO,InventoryDB,Page view: /home by u4662,E103,Page view: {page} by {user}
3582,2026-01-10,10:12:13,INFO,PaymentGateway,Transaction tx540677 completed in 1552ms,E104,Transaction {tx} completed in {time}ms
3583,2026-01-10,10:05:43,INFO,OrderProcessor,Transaction tx674471 completed in 1469ms,E104,Transaction {tx} completed in {time}ms
3584,2026-01-10,10:03:55,WARN,PaymentGateway,High latency (181ms) detected on PaymentGateway,E201,High latency ({time}ms) detected on {service}
3585,2026-01-10,10:21:10,INFO,PaymentGateway,User u4203 login successful,E101,User {user} login successful
3586,2026-01-10,10:57:53,INFO,AuthService,Page view: /home by u3457,E103,Page view: {page} by {user}
3587,2026-01-10,10:26:52,WARN,InventoryDB,High latency (1626ms) detected on InventoryDB,E201,High latency ({time}ms) detected on {service}
3588,2026-01-10,10:30:59,INFO,WebServer,Health check passed: WebServer,E102,Health check passed: {service}
3589,2026-01-10,10:42:27,INFO,OrderProcessor,Transaction tx576383 completed in 649ms,E104,Transaction {tx} completed in {time}ms
3590,2026-01-10,10:33:39,INFO,WebServer,User u2909 login successful,E101,User {user} login successful
3591,2026-01-10,10:49:10,INFO,PaymentGateway,User u3220 login successful,E101,User {user} login successful
3592,2026-01-10,10:01:25,ERROR,WebServer,Payment declined: Gateway unavailable,E503,Payment declined: Gateway unavailable
3593,2026-01-10,10:46:35,INFO,WebServer,User u1189 login successful,E101,User {user} login successful
3594,2026-01-10,10:56:02,INFO,WebServer,Health check passed: WebServer,E102,Health check passed: {service}
3595,2026-01-10,10:41:11,INFO,PaymentGateway,Health check passed: PaymentGateway,E102,Health check passed: {service}
3596,2026-01-10,10:34:17,WARN,AuthService,Disk usage > 85% on node node-5,E202,Disk usage > 85% on node {node}
3597,2026-01-10,10:39:38,INFO,WebServer,Page view: /home by u3381,E103,Page view: {page} by {user}
3598,2026-01-10,10:46:57,INFO,WebServer,Transaction tx308192 completed in 340ms,E104,Transaction {tx} completed in {time}ms
3599,2026-01-10,10:09:53,INFO,WebServer,Transaction tx713983 completed in 1743ms,E104,Transaction {tx} completed in {time}ms
3600,2026-01-10,10:19:59,INFO,AuthService,User u2596 login successful,E101,User {user} login successful
3601,2026-01-10,10:17:33,INFO,OrderProcessor,Health check passed: OrderProcessor,E102,Health check passed: {service}
3602,2026-01-10,10:59:26,INFO,WebServer,Transaction tx320674 completed in 901ms,E104,Transaction {tx} completed in {time}ms
3603,2026-01-10,10:31:05,INFO,PaymentGateway,Transaction tx944783 completed in 594ms,E104,Transaction {tx} completed in {time}ms
3604,2026-01-10,10:41:11,INFO,PaymentGateway,Transaction tx928899 completed in 1344ms,E104,Transaction {tx} completed in {time}ms
3605,2026-01-10,10:22:02,INFO,OrderProcessor,Page view: /home by u4078,E103,Page view: {page} by {user}
3606,2026-01-10,10:03:30,INFO,AuthService,Health check passed: AuthService,E102,Health check passed: {service}
3607,2026-01-10,10:35:52,INFO,AuthService,Page view: /home by u2326,E103,Page view: {page} by {user}
3608,2026-01-10,10:50:35,INFO,OrderProcessor,Page view: /home by u2895,E103,Page view: {page} by {user}
3609,2026-01-10,10:09:13,WARN,AuthService,Disk usage > 85% on node node-5,E202,Disk usage > 85% on node {node}
3610,2026-01-10,10:33:00,INFO,WebServer,Health check passed: WebServer,E102,Health check passed: {service}
3611,2026-01-10,10:07:14,INFO,WebServer,Transaction tx949690 completed in 39ms,E104,Transaction {tx} completed in {time}ms
3612,2026-01-10,10:56:33,INFO,AuthService,Page view: /home by u2328,E103,Page view: {page} by {user}
3613,2026-01-10,10:37:00,INFO,WebServer,Transaction tx739171 completed in 982ms,E104,Transaction {tx} completed in {time}ms
3614,2026-01-10,10:03:03,INFO,WebServer,Health check passed: WebServer,E102,Health check passed: {service}
3615,2026-01-10,10:40:43,INFO,WebServer,Health check passed: WebServer,E102,Health check passed: {service}
3616,2026-01-10,10:08:44,WARN,InventoryDB,High latency (380ms) detected on InventoryDB,E201,High latency ({time}ms) detected on {service}
3617,2026-01-10,10:17:40,INFO,WebServer,User u3963 login successful,E101,User {user} login successful
3618,2026-01-10,10:30:31,INFO,AuthService,Page view: /home by u1669,E103,Page view: {page} by {user}
3619,2026-01-10,10:36:45,INFO,InventoryDB,Page view: /home by u1729,E103,Page view: {page} by {user}
3620,2026-01-10,10:48:22,INFO,AuthService,Health check passed: AuthService,E102,Health check passed: {service}
3621,2026-01-10,10:35:56,INFO,WebServer,Health check passed: WebServer,E102,Health check passed: {service}
3622,2026-01-10,10:41:02,ERROR,PaymentGateway,Connection refused to PaymentGateway at 10.0.0.45,E501,Connection refused to {service} at {ip}
3623,2026-01-10,10:55:16,INFO,WebServer,User u2994 login successful,E101,User {user} login successful
3624,2026-01-10,10:21:31,INFO,OrderProcessor,User u1292 login successful,E101,User {user} login successful
3625,2026-01-10,10:19:26,INFO,WebServer,User u3631 login successful,E101,User {user} login successful
3626,2026-01-10,10:07:12,INFO,PaymentGateway,User u1236 login successful,E101,User {user} login successful
3627,2026-01-10,10:24:08,INFO,OrderProcessor,Transaction tx326769 completed in 667ms,E104,Transaction {tx} completed in {time}ms
3628,2026-01-10,10:21:45,INFO,WebServer,User u4590 login successful,E101,User {user} login successful
3629,2026-01-10,10:15:59,INFO,AuthService,User u1962 login successful,E101,User {user} login successful
3630,2026-01-10,10:25:13,INFO,WebServer,Page view: /home by u4589,E103,Page view: {page} by {user}
3631,2026-01-10,10:53:00,INFO,PaymentGateway,Health check passed: PaymentGateway,E102,Health check passed: {service}
3632,2026-01-10,10:20:46,INFO,AuthService,Health check passed: AuthService,E102,Health check passed: {service}
3633,2026-01-10,10:17:29,INFO,AuthService,Transaction tx446400 completed in 154ms,E104,Transaction {tx} completed in {time}ms
3634,2026-01-10,10:34:35,INFO,InventoryDB,Health check passed: InventoryDB,E102,Health check passed: {service}
3635,2026-01-10,10:23:57,INFO,PaymentGateway,User u3424 login successful,E101,User {user} login successful
3636,2026-01-10,10:59:41,INFO,InventoryDB,Transaction tx612713 completed in 358ms,E104,Transaction {tx} completed in {time}ms
3637,2026-01-10,10:34:51,INFO,AuthService,Health check passed: AuthService,E102,Health check passed: {service}
3638,2026-01-10,10:24:57,WARN,AuthService,Disk usage > 85% on node node-5,E202,Disk usage > 85% on node {node}
3639,2026-01-10,10:22:17,INFO,WebServer,Health check passed: WebServer,E102,Health check passed: {service}
3640,2026-01-10,10:03:17,INFO,PaymentGateway,Health check passed: PaymentGateway,E102,Health check passed: {service}
3641,2026-01-10,10:44:38,INFO,WebServer,Transaction tx922682 completed in 1247ms,E104,Transaction {tx} completed in {time}ms
3642,2026-01-10,10:31:07,INFO,AuthService,Transaction tx753235 completed in 1512ms,E104,Transaction {tx} completed in {time}ms
3643,2026-01-10,10:18:33,INFO,OrderProcessor,User u2937 login successful,E101,User {user} login successful
3644,2026-01-10,10:50:03,INFO,OrderProcessor,Page view: /home by u4291,E103,Page view: {page} by {user}
3645,2026-01-10,10:59:09,INFO,PaymentGateway,Transaction tx596274 completed in 1533ms,E104,Transaction {tx} completed in {time}ms
3646,2026-01-10,10:10:17,INFO,WebServer,User u4362 login successful,E101,User {user} login successful
3647,2026-01-10,10:36:47,INFO,AuthService,Health check passed: AuthService,E102,Health check passed: {service}
3648,2026-01-10,10:12:43,INFO,WebServer,Page view: /home by u3908,E103,Page view: {page} by {user}
3649,2026-01-10,10:06:57,INFO,OrderProcessor,Transaction tx724152 completed in 1670ms,E104,Transaction {tx} completed in {time}ms
3650,2026-01-10,10:38:17,INFO,AuthService,User u4144 login successful,E101,User {user} login successful
3651,2026-01-10,10:03:55,INFO,WebServer,Page view: /home by u1893,E103,Page view: {page} by {user}
3652,2026-01-10,10:43:09,INFO,AuthService,User u1879 login successful,E101,User {user} login successful
3653,2026-01-10,10:37:58,INFO,WebServer,Health check passed: WebServer,E102,Health check passed: {service}
3654,2026-01-10,10:27:39,INFO,AuthService,Transaction tx797622 completed in 1342ms,E104,Transaction {tx} completed in {time}ms
3655,2026-01-10,10:25:18,INFO,WebServer,User u4241 login successful,E101,User {user} login successful
3656,2026-01-10,10:29:56,INFO,WebServer,User u2133 login successful,E101,User {user} login successful
3657,2026-01-10,10:41:59,INFO,WebServer,User u3822 login successful,E101,User {user} login successful
3658,2026-01-10,10:08:39,INFO,OrderProcessor,Transaction tx904584 completed in 244ms,E104,Transaction {tx} completed in {time}ms
3659,2026-01-10,10:23:51,INFO,WebServer,Transaction tx205920 completed in 1588ms,E104,Transaction {tx} completed in {time}ms
3660,2026-01-10,10:58:07,INFO,WebServer,User u2276 login successful,E101,User {user} login successful
3661,2026-01-10,10:44:44,INFO,AuthService,Transaction tx863326 completed in 1533ms,E104,Transaction {tx} completed in {time}ms
3662,2026-01-10,10:50:51,INFO,WebServer,Transaction tx817324 completed in 1820ms,E104,Transaction {tx} completed in {time}ms
3663,2026-01-10,10:16:54,INFO,PaymentGateway,Transaction tx370381 completed in 1442ms,E104,Transaction {tx} completed in {time}ms
3664,2026-01-10,10:04:40,INFO,InventoryDB,User u1133 login successful,E101,User {user} login successful
3665,2026-01-10,10:12:28,INFO,WebServer,Health check passed: WebServer,E102,Health check passed: {service}
3666,2026-01-10,10:16:25,INFO,PaymentGateway,Health check passed: PaymentGateway,E102,Health check passed: {service}
3667,2026-01-10,10:52:30,INFO,WebServer,Transaction tx533138 completed in 1591ms,E104,Transaction {tx} completed in {time}ms
3668,2026-01-10,10:01:48,INFO,AuthService,Page view: /home by u2693,E103,Page view: {page} by {user}
3669,2026-01-10,10:03:21,INFO,WebServer,Health check passed: WebServer,E102,Health check passed: {service}
3670,2026-01-10,10:25:25,INFO,OrderProcessor,User u4749 login successful,E101,User {user} login successful
3671,2026-01-10,10:26:49,INFO,WebServer,Page view: /home by u2092,E103,Page view: {page} by {user}
3672,2026-01-10,10:41:12,INFO,OrderProcessor,Health check passed: OrderProcessor,E102,Health check passed: {service}
3673,2026-01-10,10:53:29,INFO,WebServer,Health check passed: WebServer,E102,Health check passed: {service}
3674,2026-01-10,10:52:34,INFO,WebServer,User u2626 login successful,E101,User {user} login successful
3675,2026-01-10,10:37:41,INFO,AuthService,User u4990 login successful,E101,User {user} login successful
3676,2026-01-10,10:18:06,INFO,WebServer,Health check passed: WebServer,E102,Health check passed: {service}
3677,2026-01-10,10:57:39,INFO,WebServer,Transaction tx724992 completed in 57ms,E104,Transaction {tx} completed in {time}ms
3678,2026-01-10,10:41:10,INFO,OrderProcessor,Health check passed: OrderProcessor,E102,Health check passed: {service}
3679,2026-01-10,10:37:34,INFO,InventoryDB,Page view: /home by u4570,E103,Page view: {page} by {user}
3680,2026-01-10,10:23:02,INFO,WebServer,Health check passed: WebServer,E102,Health check passed: {service}
3681,2026-01-10,10:56:38,INFO,WebServer,Transaction tx972850 completed in 615ms,E104,Transaction {tx} completed in {time}ms
3682,2026-01-10,10:31:20,INFO,WebServer,Health check passed: WebServer,E102,Health check passed: {service}
3683,2026-01-10,10:41:21,INFO,PaymentGateway,Transaction tx871471 completed in 64ms,E104,Transaction {tx} completed in {time}ms
3684,2026-01-10,10:22:21,INFO,WebServer,Page view: /home by u4598,E103,Page view: {page} by {user}
3685,2026-01-10,10:59:58,INFO,WebServer,Transaction tx495490 completed in 274ms,E104,Transaction {tx} completed in {time}ms
3686,2026-01-10,10:40:13,INFO,OrderProcessor,Page view: /home by u2741,E103,Page view: {page} by {user}
3687,2026-01-10,10:44:27,INFO,PaymentGateway,Transaction tx872813 completed in 1970ms,E104,Transaction {tx} completed in {time}ms
3688,2026-01-10,10:30:03,INFO,WebServer,Page view: /home by u4901,E103,Page view: {page} by {user}
3689,2026-01-10,10:56:42,INFO,WebServer,User u4646 login successful,E101,User {user} login successful
3690,2026-01-10,10:17:54,INFO,AuthService,Transaction tx691325 completed in 1824ms,E104,Transaction {tx} completed in {time}ms
3691,2026-01-10,10:15:14,INFO,WebServer,Page view: /home by u4687,E103,Page view: {page} by {user}
3692,2026-01-10,10:12:42,INFO,PaymentGateway,User u2205 login successful,E101,User {user} login successful
3693,2026-01-10,10:24:04,INFO,WebServer,User u1920 login successful,E101,User {user} login successful
3694,2026-01-10,10:56:20,INFO,OrderProcessor,Transaction tx895482 completed in 1458ms,E104,Transaction {tx} completed in {time}ms
3695,2026-01-10,10:59:58,INFO,OrderProcessor,Page view: /home by u3934,E103,Page view: {page} by {user}
3696,2026-01-10,10:59:36,INFO,AuthService,Transaction tx712175 completed in 457ms,E104,Transaction {tx} completed in {time}ms
3697,2026-01-10,10:51:22,ERROR,WebServer,Connection refused to WebServer at 10.0.0.45,E501,Connection refused to {service} at {ip}
3698,2026-01-10,10:57:15,INFO,WebServer,User u1645 login successful,E101,User {user} login successful
3699,2026-01-10,10:58:36,INFO,WebServer,Health check passed: WebServer,E102,Health check passed: {service}
3700,2026-01-10,10:47:28,INFO,InventoryDB,Transaction tx952327 completed in 1776ms,E104,Transaction {tx} completed in {time}ms
3701,2026-01-10,10:18:51,INFO,WebServer,User u2141 login successful,E101,User {user} login successful
3702,2026-01-10,10:07:56,INFO,WebServer,Page view: /home by u3000,E103,Page view: {page} by {user}
3703,2026-01-10,10:29:28,INFO,WebServer,Page view: /home by u4694,E103,Page view: {page} by {user}
3704,2026-01-10,10:41:31,INFO,OrderProcessor,Health check passed: OrderProcessor,E102,Health check passed: {service}
3705,2026-01-10,10:24:17,WARN,WebServer,Disk usage > 85% on node node-4,E202,Disk usage > 85% on node {node}
3706,2026-01-10,10:23:16,INFO,WebServer,User u3701 login successful,E101,User {user} login successful
3707,2026-01-10,10:20:33,INFO,WebServer,Health check passed: WebServer,E102,Health check passed: {service}
3708,2026-01-10,10:07:42,INFO,WebServer,Transaction tx656648 completed in 1773ms,E104,Transaction {tx} completed in {time}ms
3709,2026-01-10,10:55:56,INFO,WebServer,Transaction tx919502 completed in 1415ms,E104,Transaction {tx} completed in {time}ms
3710,2026-01-10,10:40:58,INFO,AuthService,Health check passed: AuthService,E102,Health check passed: {service}
3711,2026-01-10,10:30:38,INFO,OrderProcessor,User u1477 login successful,E101,User {user} login successful
3712,2026-01-10,10:43:35,ERROR,PaymentGateway,Payment declined: Gateway unavailable,E503,Payment declined: Gateway unavailable
3713,2026-01-10,10:47:44,INFO,PaymentGateway,Transaction tx301332 completed in 920ms,E104,Transaction {tx} completed in {time}ms
3714,2026-01-10,10:55:27,ERROR,AuthService,Payment declined: Gateway unavailable,E503,Payment declined: Gateway unavailable
3715,2026-01-10,10:26:59,INFO,AuthService,Transaction tx659057 completed in 1286ms,E104,Transaction {tx} completed in {time}ms
3716,2026-01-10,10:33:28,INFO,WebServer,User u3212 login successful,E101,User {user} login successful
3717,2026-01-10,10:31:19,INFO,WebServer,Transaction tx614547 completed in 820ms,E104,Transaction {tx} completed in {time}ms
3718,2026-01-10,10:35:34,INFO,WebServer,User u3951 login successful,E101,User {user} login successful
3719,2026-01-10,10:50:58,INFO,PaymentGateway,Health check passed: PaymentGateway,E102,Health check passed: {service}
3720,2026-01-10,10:27:05,INFO,WebServer,Transaction tx795748 completed in 1709ms,E104,Transaction {tx} completed in {time}ms
3721,2026-01-10,10:03:10,INFO,OrderProcessor,Transaction tx323501 completed in 257ms,E104,Transaction {tx} completed in {time}ms
3722,2026-01-10,10:42:49,INFO,WebServer,User u1693 login successful,E101,User {user} login successful
3723,2026-01-10,10:29:30,INFO,WebServer,Page view: /home by u4167,E103,Page view: {page} by {user}
3724,2026-01-10,10:42:09,INFO,WebServer,Transaction tx152332 completed in 779ms,E104,Transaction {tx} completed in {time}ms
3725,2026-01-10,10:28:32,CRITICAL,PaymentGateway,KERNEL PANIC: Node node-2 crashed,E601,KERNEL PANIC: Node {node} crashed
3726,2026-01-10,10:28:22,INFO,WebServer,Health check passed: WebServer,E102,Health check passed: {service}
3727,2026-01-10,10:45:05,INFO,PaymentGateway,User u3056 login successful,E101,User {user} login successful
3728,2026-01-10,10:46:55,INFO,AuthService,Health check passed: AuthService,E102,Health check passed: {service}
3729,2026-01-10,10:30:11,INFO,PaymentGateway,Transaction tx205760 completed in 559ms,E104,Transaction {tx} completed in {time}ms
3730,2026-01-10,10:51:03,INFO,AuthService,Transaction tx119244 completed in 660ms,E104,Transaction {tx} completed in {time}ms
3731,2026-01-10,10:13:43,INFO,WebServer,Transaction tx866173 completed in 805ms,E104,Transaction {tx} completed in {time}ms
3732,2026-01-10,10:47:38,INFO,AuthService,User u1824 login successful,E101,User {user} login successful
3733,2026-01-10,10:09:05,INFO,PaymentGateway,User u2717 login successful,E101,User {user} login successful
3734,2026-01-10,10:29:45,INFO,AuthService,Page view: /home by u3264,E103,Page view: {page} by {user}
3735,2026-01-10,10:09:23,INFO,WebServer,Page view: /home by u4989,E103,Page view: {page} by {user}
3736,2026-01-10,10:47:56,INFO,PaymentGateway,Page view: /home by u4195,E103,Page view: {page} by {user}
3737,2026-01-10,10:48:24,INFO,OrderProcessor,Health check passed: OrderProcessor,E102,Health check passed: {service}
3738,2026-01-10,10:18:05,INFO,AuthService,Page view: /home by u3454,E103,Page view: {page} by {user}
3739,2026-01-10,10:27:23,INFO,AuthService,Health check passed: AuthService,E102,Health check passed: {service}
3740,2026-01-10,10:33:32,INFO,OrderProcessor,Health check passed: OrderProcessor,E102,Health check passed: {service}
3741,2026-01-10,10:33:12,INFO,WebServer,Health check passed: WebServer,E102,Health check passed: {service}
3742,2026-01-10,10:09:02,INFO,AuthService,Health check passed: AuthService,E102,Health check passed: {service}
3743,2026-01-10,10:05:47,INFO,PaymentGateway,Health check passed: PaymentGateway,E102,Health check passed: {service}
3744,2026-01-10,10:07:30,INFO,WebServer,Health check passed: WebServer,E102,Health check passed: {service}
3745,2026-01-10,10:21:23,INFO,WebServer,Page view: /home by u2059,E103,Page view: {page} by {user}
3746,2026-01-10,10:03:29,INFO,OrderProcessor,Transaction tx717369 completed in 654ms,E104,Transaction {tx} completed in {time}ms
3747,2026-01-10,10:29:06,INFO,PaymentGateway,Health check passed: PaymentGateway,E102,Health check passed: {service}
3748,2026-01-10,10:59:30,INFO,WebServer,Transaction tx330310 completed in 995ms,E104,Transaction {tx} completed in {time}ms
3749,2026-01-10,10:26:22,INFO,PaymentGateway,Transaction tx694816 completed in 1699ms,E104,Transaction {tx} completed in {time}ms
3750,2026-01-10,10:07:11,INFO,AuthService,Health check passed: AuthService,E102,Health check passed: {service}
3751,2026-01-10,10:05:04,INFO,PaymentGateway,Page view: /home by u1840,E103,Page view: {page} by {user}
3752,2026-01-10,10:10:43,INFO,WebServer,User u4137 login successful,E101,User {user} login successful
3753,2026-01-10,10:33:24,INFO,WebServer,Page view: /home by u3737,E103,Page view: {page} by {user}
3754,2026-01-10,10:38:07,INFO,WebServer,Page view: /home by u1634,E103,Page view: {page} by {user}
3755,2026-01-10,10:22:55,INFO,WebServer,Page view: /home by u4421,E103,Page view: {page} by {user}
3756,2026-01-10,10:32:25,INFO,WebServer,User u3701 login successful,E101,User {user} login successful
3757,2026-01-10,10:16:43,INFO,OrderProcessor,Health check passed: OrderProcessor,E102,Health check passed: {service}
3758,2026-01-10,10:16:51,WARN,AuthService,Unauthorized access attempt from 10.0.0.45,E401,Unauthorized access attempt from {ip}
3759,2026-01-10,10:06:40,INFO,WebServer,User u4777 login successful,E101,User {user} login successful
3760,2026-01-10,10:19:42,INFO,WebServer,Health check passed: WebServer,E102,Health check passed: {service}
3761,2026-01-10,10:50:07,INFO,AuthService,Page view: /home by u2075,E103,Page view: {page} by {user}
3762,2026-01-10,10:27:48,INFO,PaymentGateway,User u1667 login successful,E101,User {user} login successful
3763,2026-01-10,10:58:03,INFO,AuthService,Health check passed: AuthService,E102,Health check passed: {service}
3764,2026-01-10,10:17:11,INFO,OrderProcessor,Page view: /home by u4532,E103,Page view: {page} by {user}
3765,2026-01-10,10:41:16,INFO,WebServer,Health check passed: WebServer,E102,Health check passed: {service}
3766,2026-01-10,10:17:46,INFO,OrderProcessor,User u3252 login successful,E101,User {user} login successful
3767,2026-01-10,10:53:32,INFO,PaymentGateway,User u3922 login successful,E101,User {user} login successful
3768,2026-01-10,10:42:51,INFO,WebServer,Page view: /home by u3900,E103,Page view: {page} by {user}
3769,2026-01-10,10:19:28,INFO,WebServer,Page view: /home by u1574,E103,Page view: {page} by {user}
3770,2026-01-10,10:03:19,INFO,AuthService,Health check passed: AuthService,E102,Health check passed: {service}
3771,2026-01-10,10:10:25,INFO,WebServer,Health check passed: WebServer,E102,Health check passed: {service}
3772,2026-01-10,10:38:31,INFO,WebServer,User u1059 login successful,E101,User {user} login successful
3773,2026-01-10,10:46:59,INFO,OrderProcessor,Health check passed: OrderProcessor,E102,Health check passed: {service}
3774,2026-01-10,10:31:43,INFO,AuthService,Transaction tx116891 completed in 20ms,E104,Transaction {tx} completed in {time}ms
3775,2026-01-10,10:11:36,INFO,AuthService,Transaction tx322889 completed in 1609ms,E104,Transaction {tx} completed in {time}ms
3776,2026-01-10,10:13:51,INFO,OrderProcessor,Health check passed: OrderProcessor,E102,Health check passed: {service}
3777,2026-01-10,10:05:33,INFO,AuthService,Page view: /home by u4044,E103,Page view: {page} by {user}
3778,2026-01-10,10:30:08,INFO,WebServer,User u1699 login successful,E101,User {user} login successful
3779,2026-01-10,10:17:24,INFO,WebServer,Page view: /home by u4830,E103,Page view: {page} by {user}
3780,2026-01-10,10:52:30,INFO,WebServer,Transaction tx188500 completed in 1504ms,E104,Transaction {tx} completed in {time}ms
3781,2026-01-10,10:53:53,INFO,WebServer,Transaction tx465454 completed in 239ms,E104,Transaction {tx} completed in {time}ms
3782,2026-01-10,10:40:56,INFO,OrderProcessor,Transaction tx143893 completed in 1698ms,E104,Transaction {tx} completed in {time}ms
3783,2026-01-10,10:40:31,INFO,WebServer,User u4722 login successful,E101,User {user} login successful
3784,2026-01-10,10:44:06,INFO,WebServer,User u1305 login successful,E101,User {user} login successful
3785,2026-01-10,10:02:08,INFO,WebServer,Health check passed: WebServer,E102,Health check passed: {service}
3786,2026-01-10,10:14:22,INFO,WebServer,User u2826 login successful,E101,User {user} login successful
3787,2026-01-10,10:13:25,INFO,WebServer,User u2067 login successful,E101,User {user} login successful
3788,2026-01-10,10:10:09,INFO,PaymentGateway,User u2635 login successful,E101,User {user} login successful
3789,2026-01-10,10:35:39,INFO,PaymentGateway,User u2979 login successful,E101,User {user} login successful
3790,2026-01-10,10:36:06,INFO,WebServer,Transaction tx801590 completed in 455ms,E104,Transaction {tx} completed in {time}ms
3791,2026-01-10,10:46:25,INFO,WebServer,Health check passed: WebServer,E102,Health check passed: {service}
3792,2026-01-10,10:56:21,INFO,AuthService,User u1166 login successful,E101,User {user} login successful
3793,2026-01-10,10:53:23,INFO,WebServer,Transaction tx320174 completed in 810ms,E104,Transaction {tx} completed in {time}ms
3794,2026-01-10,10:26:14,WARN,OrderProcessor,Unauthorized access attempt from 10.0.0.45,E401,Unauthorized access attempt from {ip}
3795,2026-01-10,10:46:30,INFO,WebServer,Health check passed: WebServer,E102,Health check passed: {service}
3796,2026-01-10,10:12:11,INFO,InventoryDB,Page view: /home by u1694,E103,Page view: {page} by {user}
3797,2026-01-10,10:11:55,INFO,WebServer,User u1969 login successful,E101,User {user} login successful
3798,2026-01-10,10:28:30,INFO,AuthService,Health check passed: AuthService,E102,Health check passed: {service}
3799,2026-01-10,10:10:02,INFO,OrderProcessor,Page view: /home by u2558,E103,Page view: {page} by {user}
3800,2026-01-10,10:49:34,INFO,AuthService,Transaction tx944372 completed in 987ms,E104,Transaction {tx} completed in {time}ms
3801,2026-01-10,10:50:35,INFO,WebServer,User u4284 login successful,E101,User {user} login successful
3802,2026-01-10,10:07:41,INFO,PaymentGateway,Page view: /home by u1595,E103,Page view: {page} by {user}
3803,2026-01-10,10:11:23,INFO,WebServer,User u3610 login successful,E101,User {user} login successful
3804,2026-01-10,10:31:48,INFO,AuthService,Transaction tx770683 completed in 233ms,E104,Transaction {tx} completed in {time}ms
3805,2026-01-10,10:57:46,INFO,OrderProcessor,Page view: /home by u1396,E103,Page view: {page} by {user}
3806,2026-01-10,10:23:40,INFO,WebServer,User u1316 login successful,E101,User {user} login successful
3807,2026-01-10,10:05:51,INFO,AuthService,Health check passed: AuthService,E102,Health check passed: {service}
3808,2026-01-10,10:33:17,INFO,PaymentGateway,User u4833 login successful,E101,User {user} login successful
3809,2026-01-10,10:38:56,INFO,InventoryDB,Transaction tx355301 completed in 786ms,E104,Transaction {tx} completed in {time}ms
3810,2026-01-10,10:55:32,INFO,WebServer,Page view: /home by u2780,E103,Page view: {page} by {user}
3811,2026-01-10,10:16:22,INFO,WebServer,Health check passed: WebServer,E102,Health check passed: {service}
3812,2026-01-10,10:49:17,INFO,WebServer,Page view: /home by u3156,E103,Page view: {page} by {user}
3813,2026-01-10,10:22:32,INFO,AuthService,Transaction tx593453 completed in 1178ms,E104,Transaction {tx} completed in {time}ms
3814,2026-01-10,10:28:46,INFO,AuthService,User u4679 login successful,E101,User {user} login successful
3815,2026-01-10,10:32:58,INFO,PaymentGateway,Page view: /home by u4758,E103,Page view: {page} by {user}
3816,2026-01-10,10:18:19,INFO,OrderProcessor,Page view: /home by u4005,E103,Page view: {page} by {user}
3817,2026-01-10,10:10:56,INFO,WebServer,Health check passed: WebServer,E102,Health check passed: {service}
3818,2026-01-10,10:41:36,INFO,PaymentGateway,Page view: /home by u3028,E103,Page view: {page} by {user}
3819,2026-01-10,10:39:56,INFO,WebServer,Page view: /home by u3606,E103,Page view: {page} by {user}
3820,2026-01-10,10:26:22,INFO,WebServer,Page view: /home by u4724,E103,Page view: {page} by {user}
3821,2026-01-10,10:18:18,INFO,WebServer,Health check passed: WebServer,E102,Health check passed: {service}
3822,2026-01-10,10:53:24,INFO,PaymentGateway,User u4138 login successful,E101,User {user} login successful
3823,2026-01-10,10:13:56,INFO,WebServer,User u1693 login successful,E101,User {user} login successful
3824,2026-01-10,10:16:55,INFO,OrderProcessor,User u4880 login successful,E101,User {user} login successful
3825,2026-01-10,10:16:26,INFO,OrderProcessor,Page view: /home by u4688,E103,Page view: {page} by {user}
3826,2026-01-10,10:58:36,CRITICAL,WebServer,DATA CORRUPTION detected in sector 962,E602,DATA CORRUPTION detected in sector {sector}
3827,2026-01-10,10:45:16,INFO,WebServer,Health check passed: WebServer,E102,Health check passed: {service}
3828,2026-01-10,10:08:01,INFO,WebServer,Health check passed: WebServer,E102,Health check passed: {service}
3829,2026-01-10,10:29:24,INFO,AuthService,Transaction tx499712 completed in 1068ms,E104,Transaction {tx} completed in {time}ms
3830,2026-01-10,10:52:59,INFO,WebServer,User u2197 login successful,E101,User {user} login successful
3831,2026-01-10,10:32:23,INFO,WebServer,User u3788 login successful,E101,User {user} login successful
3832,2026-01-10,10:22:46,WARN,OrderProcessor,Disk usage > 85% on node node-2,E202,Disk usage > 85% on node {node}
3833,2026-01-10,10:24:17,INFO,WebServer,User u2798 login successful,E101,User {user} login successful
3834,2026-01-10,10:46:55,INFO,WebServer,Transaction tx106706 completed in 192ms,E104,Transaction {tx} completed in {time}ms
3835,2026-01-10,10:03:35,INFO,WebServer,Page view: /home by u2810,E103,Page view: {page} by {user}
3836,2026-01-10,10:32:20,INFO,AuthService,User u1588 login successful,E101,User {user} login successful
3837,2026-01-10,10:02:19,INFO,PaymentGateway,Page view: /home by u3161,E103,Page view: {page} by {user}
3838,2026-01-10,10:09:27,INFO,WebServer,Page view: /home by u3620,E103,Page view: {page} by {user}
3839,2026-01-10,10:46:09,INFO,WebServer,User u2417 login successful,E101,User {user} login successful
3840,2026-01-10,10:39:28,INFO,AuthService,User u2327 login successful,E101,User {user} login successful
3841,2026-01-10,10:21:13,INFO,WebServer,Page view: /home by u4259,E103,Page view: {page} by {user}
3842,2026-01-10,10:41:38,INFO,WebServer,Transaction tx874668 completed in 1849ms,E104,Transaction {tx} completed in {time}ms
3843,2026-01-10,10:15:44,INFO,WebServer,User u4700 login successful,E101,User {user} login successful
3844,2026-01-10,10:55:56,INFO,WebServer,Health check passed: WebServer,E102,Health check passed: {service}
3845,2026-01-10,10:32:43,INFO,AuthService,Transaction tx790270 completed in 1289ms,E104,Transaction {tx} completed in {time}ms
3846,2026-01-10,10:18:39,INFO,OrderProcessor,Health check passed: OrderProcessor,E102,Health check passed: {service}
3847,2026-01-10,10:24:27,INFO,WebServer,User u2187 login successful,E101,User {user} login successful
3848,2026-01-10,10:32:05,INFO,WebServer,User u1040 login successful,E101,User {user} login successful
3849,2026-01-10,10:48:04,INFO,WebServer,Transaction tx296799 completed in 1145ms,E104,Transaction {tx} completed in {time}ms
3850,2026-01-10,10:11:26,INFO,WebServer,Transaction tx130103 completed in 1495ms,E104,Transaction {tx} completed in {time}ms
3851,2026-01-10,10:24:49,INFO,WebServer,Health check passed: WebServer,E102,Health check passed: {service}
3852,2026-01-10,10:20:32,INFO,AuthService,Transaction tx219193 completed in 1257ms,E104,Transaction {tx} completed in {time}ms
3853,2026-01-10,10:05:17,WARN,OrderProcessor,Unauthorized access attempt from 10.0.0.45,E401,Unauthorized access attempt from {ip}
3854,2026-01-10,10:26:23,INFO,InventoryDB,Page view: /home by u3406,E103,Page view: {page} by {user}
3855,2026-01-10,10:41:14,INFO,PaymentGateway,Transaction tx480423 completed in 432ms,E104,Transaction {tx} completed in {time}ms
3856,2026-01-10,10:13:51,INFO,AuthService,Health check passed: AuthService,E102,Health check passed: {service}
3857,2026-01-10,10:45:35,INFO,AuthService,Health check passed: AuthService,E102,Health check passed: {service}
3858,2026-01-10,10:42:16,WARN,WebServer,Disk usage > 85% on node node-1,E202,Disk usage > 85% on node {node}
3859,2026-01-10,10:12:48,INFO,WebServer,Page view: /home by u4072,E103,Page view: {page} by {user}
3860,2026-01-10,10:02:50,INFO,WebServer,Page view: /home by u2380,E103,Page view: {page} by {user}
3861,2026-01-10,10:24:46,INFO,WebServer,Transaction tx190460 completed in 137ms,E104,Transaction {tx} completed in {time}ms
3862,2026-01-10,10:54:23,INFO,InventoryDB,User u4167 login successful,E101,User {user} login successful
3863,2026-01-10,10:22:14,INFO,PaymentGateway,Health check passed: PaymentGateway,E102,Health check passed: {service}
3864,2026-01-10,10:54:16,INFO,WebServer,Health check passed: WebServer,E102,Health check passed: {service}
3865,2026-01-10,10:30:09,INFO,AuthService,Page view: /home by u4236,E103,Page view: {page} by {user}
3866,2026-01-10,10:15:09,INFO,OrderProcessor,Transaction tx883692 completed in 473ms,E104,Transaction {tx} completed in {time}ms
3867,2026-01-10,10:25:19,INFO,WebServer,Transaction tx180710 completed in 48ms,E104,Transaction {tx} completed in {time}ms
3868,2026-01-10,10:53:17,INFO,OrderProcessor,Transaction tx421533 completed in 1588ms,E104,Transaction {tx} completed in {time}ms
3869,2026-01-10,10:33:24,INFO,WebServer,User u1363 login successful,E101,User {user} login successful
3870,2026-01-10,10:31:32,INFO,OrderProcessor,Transaction tx789930 completed in 1278ms,E104,Transaction {tx} completed in {time}ms
3871,2026-01-10,10:52:54,INFO,PaymentGateway,Page view: /home by u4799,E103,Page view: {page} by {user}
3872,2026-01-10,10:18:19,INFO,WebServer,Health check passed: WebServer,E102,Health check passed: {service}
3873,2026-01-10,10:49:11,INFO,AuthService,Page view: /home by u3312,E103,Page view: {page} by {user}
3874,2026-01-10,10:54:46,INFO,AuthService,User u2010 login successful,E101,User {user} login successful
3875,2026-01-10,10:25:22,INFO,InventoryDB,Transaction tx122106 completed in 521ms,E104,Transaction {tx} completed in {time}ms
3876,2026-01-10,10:10:48,INFO,AuthService,Page view: /home by u1326,E103,Page view: {page} by {user}
3877,2026-01-10,10:08:53,INFO,PaymentGateway,Health check passed: PaymentGateway,E102,Health check passed: {service}
3878,2026-01-10,10:46:01,INFO,WebServer,Health check passed: WebServer,E102,Health check passed: {service}
3879,2026-01-10,10:44:05,CRITICAL,AuthService,KERNEL PANIC: Node node-5 crashed,E601,KERNEL PANIC: Node {node} crashed
3880,2026-01-10,10:07:17,INFO,WebServer,Page view: /home by u1770,E103,Page view: {page} by {user}
3881,2026-01-10,10:05:38,INFO,WebServer,Page view: /home by u4450,E103,Page view: {page} by {user}
3882,2026-01-10,10:06:38,INFO,WebServer,User u2625 login successful,E101,User {user} login successful
3883,2026-01-10,10:04:16,INFO,OrderProcessor,Page view: /home by u2724,E103,Page view: {page} by {user}
3884,2026-01-10,10:19:32,INFO,WebServer,Page view: /home by u2138,E103,Page view: {page} by {user}
3885,2026-01-10,10:32:01,INFO,WebServer,Page view: /home by u3046,E103,Page view: {page} by {user}
3886,2026-01-10,10:08:48,INFO,AuthService,Page view: /home by u2629,E103,Page view: {page} by {user}
3887,2026-01-10,10:08:33,INFO,WebServer,User u2092 login successful,E101,User {user} login successful
3888,2026-01-10,10:56:53,INFO,AuthService,Page view: /home by u2985,E103,Page view: {page} by {user}
3889,2026-01-10,10:25:28,INFO,WebServer,Transaction tx426813 completed in 845ms,E104,Transaction {tx} completed in {time}ms
3890,2026-01-10,10:31:10,INFO,WebServer,User u4809 login successful,E101,User {user} login successful
3891,2026-01-10,10:54:40,INFO,AuthService,Transaction tx275398 completed in 411ms,E104,Transaction {tx} completed in {time}ms
3892,2026-01-10,10:05:42,INFO,WebServer,Page view: /home by u3562,E103,Page view: {page} by {user}
3893,2026-01-10,10:07:34,INFO,PaymentGateway,Health check passed: PaymentGateway,E102,Health check passed: {service}
3894,2026-01-10,10:04:04,INFO,WebServer,Transaction tx827265 completed in 718ms,E104,Transaction {tx} completed in {time}ms
3895,2026-01-10,10:58:16,INFO,WebServer,Transaction tx721939 completed in 716ms,E104,Transaction {tx} completed in {time}ms
3896,2026-01-10,10:54:47,INFO,OrderProcessor,Transaction tx882158 completed in 1372ms,E104,Transaction {tx} completed in {time}ms
3897,2026-01-10,10:56:04,INFO,OrderProcessor,User u2922 login successful,E101,User {user} login successful
3898,2026-01-10,10:27:10,INFO,WebServer,Transaction tx162235 completed in 1015ms,E104,Transaction {tx} completed in {time}ms
3899,2026-01-10,10:55:43,INFO,WebServer,User u2751 login successful,E101,User {user} login successful
3900,2026-01-10,10:05:49,INFO,AuthService,Page view: /home by u2699,E103,Page view: {page} by {user}
3901,2026-01-10,10:37:24,INFO,OrderProcessor,User u4565 login successful,E101,User {user} login successful
3902,2026-01-10,10:08:44,INFO,AuthService,Transaction tx276278 completed in 1154ms,E104,Transaction {tx} completed in {time}ms
3903,2026-01-10,10:17:35,INFO,WebServer,Health check passed: WebServer,E102,Health check passed: {service}
3904,2026-01-10,10:54:42,INFO,OrderProcessor,Page view: /home by u4024,E103,Page view: {page} by {user}
3905,2026-01-10,10:47:56,INFO,AuthService,Page view: /home by u3929,E103,Page view: {page} by {user}
3906,2026-01-10,10:30:34,INFO,PaymentGateway,Health check passed: PaymentGateway,E102,Health check passed: {service}
3907,2026-01-10,10:07:46,INFO,PaymentGateway,Health check passed: PaymentGateway,E102,Health check passed: {service}
3908,2026-01-10,10:38:48,INFO,WebServer,User u3879 login successful,E101,User {user} login successful
3909,2026-01-10,10:26:29,INFO,WebServer,User u4242 login successful,E101,User {user} login successful
3910,2026-01-10,10:37:17,INFO,InventoryDB,Transaction tx737628 completed in 1863ms,E104,Transaction {tx} completed in {time}ms
3911,2026-01-10,10:01:37,INFO,OrderProcessor,User u3539 login successful,E101,User {user} login successful
3912,2026-01-10,10:30:18,INFO,WebServer,Transaction tx814025 completed in 911ms,E104,Transaction {tx} completed in {time}ms
3913,2026-01-10,10:13:39,INFO,AuthService,Transaction tx725216 completed in 429ms,E104,Transaction {tx} completed in {time}ms
3914,2026-01-10,10:18:37,INFO,WebServer,Page view: /home by u4495,E103,Page view: {page} by {user}
3915,2026-01-10,10:30:50,INFO,AuthService,Transaction tx793318 completed in 810ms,E104,Transaction {tx} completed in {time}ms
3916,2026-01-10,10:43:59,INFO,WebServer,Page view: /home by u4092,E103,Page view: {page} by {user}
3917,2026-01-10,10:42:07,INFO,AuthService,Page view: /home by u4551,E103,Page view: {page} by {user}
3918,2026-01-10,10:31:22,INFO,OrderProcessor,Transaction tx712184 completed in 418ms,E104,Transaction {tx} completed in {time}ms
3919,2026-01-10,10:53:34,INFO,WebServer,User u1002 login successful,E101,User {user} login successful
3920,2026-01-10,10:22:08,INFO,WebServer,Health check passed: WebServer,E102,Health check passed: {service}
3921,2026-01-10,10:53:57,INFO,WebServer,Page view: /home by u4556,E103,Page view: {page} by {user}
3922,2026-01-10,10:43:38,INFO,WebServer,User u2606 login successful,E101,User {user} login successful
3923,2026-01-10,10:21:05,INFO,WebServer,User u1753 login successful,E101,User {user} login successful
3924,2026-01-10,10:30:31,INFO,PaymentGateway,Transaction tx319582 completed in 1114ms,E104,Transaction {tx} completed in {time}ms
3925,2026-01-10,10:09:42,WARN,WebServer,Unauthorized access attempt from 10.0.0.12,E401,Unauthorized access attempt from {ip}
3926,2026-01-10,10:06:01,INFO,AuthService,Page view: /home by u1963,E103,Page view: {page} by {user}
3927,2026-01-10,10:20:24,INFO,WebServer,Health check passed: WebServer,E102,Health check passed: {service}
3928,2026-01-10,10:10:24,INFO,AuthService,Transaction tx891018 completed in 785ms,E104,Transaction {tx} completed in {time}ms
3929,2026-01-10,10:20:40,INFO,OrderProcessor,Health check passed: OrderProcessor,E102,Health check passed: {service}
3930,2026-01-10,10:47:55,INFO,AuthService,User u2218 login successful,E101,User {user} login successful
3931,2026-01-10,10:00:13,INFO,WebServer,Transaction tx673882 completed in 1271ms,E104,Transaction {tx} completed in {time}ms
3932,2026-01-10,10:54:15,INFO,WebServer,User u2862 login successful,E101,User {user} login successful
3933,2026-01-10,10:18:36,INFO,WebServer,Transaction tx916378 completed in 1777ms,E104,Transaction {tx} completed in {time}ms
3934,2026-01-10,10:42:27,INFO,WebServer,Health check passed: WebServer,E102,Health check passed: {service}
3935,2026-01-10,10:45:25,INFO,AuthService,Page view: /home by u3555,E103,Page view: {page} by {user}
3936,2026-01-10,10:25:42,INFO,WebServer,Transaction tx484972 completed in 254ms,E104,Transaction {tx} completed in {time}ms
3937,2026-01-10,10:08:21,INFO,AuthService,Health check passed: AuthService,E102,Health check passed: {service}
3938,2026-01-10,10:51:21,INFO,OrderProcessor,Page view: /home by u1808,E103,Page view: {page} by {user}
3939,2026-01-10,10:04:25,INFO,PaymentGateway,User u3676 login successful,E101,User {user} login successful
3940,2026-01-10,10:01:40,INFO,OrderProcessor,Health check passed: OrderProcessor,E102,Health check passed: {service}
3941,2026-01-10,10:31:07,ERROR,WebServer,Timeout waiting for lock on InventoryDB,E502,Timeout waiting for lock on {db}
3942,2026-01-10,10:18:55,INFO,WebServer,User u4847 login successful,E101,User {user} login successful
3943,2026-01-10,10:01:03,ERROR,OrderProcessor,Connection refused to OrderProcessor at 10.0.0.12,E501,Connection refused to {service} at {ip}
3944,2026-01-10,10:34:38,INFO,WebServer,Transaction tx976073 completed in 413ms,E104,Transaction {tx} completed in {time}ms
3945,2026-01-10,10:34:22,INFO,WebServer,Health check passed: WebServer,E102,Health check passed: {service}
3946,2026-01-10,10:18:08,INFO,WebServer,Transaction tx336898 completed in 807ms,E104,Transaction {tx} completed in {time}ms
3947,2026-01-10,10:20:03,INFO,WebServer,Transaction tx897769 completed in 936ms,E104,Transaction {tx} completed in {time}ms
3948,2026-01-10,10:04:47,INFO,WebServer,Page view: /home by u4840,E103,Page view: {page} by {user}
3949,2026-01-10,10:22:48,INFO,WebServer,Page view: /home by u4670,E103,Page view: {page} by {user}
3950,2026-01-10,10:57:20,INFO,InventoryDB,Transaction tx692468 completed in 219ms,E104,Transaction {tx} completed in {time}ms
3951,2026-01-10,10:53:29,INFO,WebServer,User u2819 login successful,E101,User {user} login successful
3952,2026-01-10,10:41:15,INFO,PaymentGateway,Page view: /home by u3144,E103,Page view: {page} by {user}
3953,2026-01-10,10:16:03,INFO,OrderProcessor,Page view: /home by u2708,E103,Page view: {page} by {user}
3954,2026-01-10,10:24:11,INFO,OrderProcessor,Transaction tx570243 completed in 466ms,E104,Transaction {tx} completed in {time}ms
3955,2026-01-10,10:22:53,INFO,WebServer,Health check passed: WebServer,E102,Health check passed: {service}
3956,2026-01-10,10:04:01,INFO,WebServer,Transaction tx440090 completed in 210ms,E104,Transaction {tx} completed in {time}ms
3957,2026-01-10,10:27:43,INFO,OrderProcessor,Transaction tx976964 completed in 1256ms,E104,Transaction {tx} completed in {time}ms
3958,2026-01-10,10:40:11,INFO,WebServer,Transaction tx544332 completed in 1937ms,E104,Transaction {tx} completed in {time}ms
3959,2026-01-10,10:25:12,WARN,OrderProcessor,Unauthorized access attempt from 10.0.0.12,E401,Unauthorized access attempt from {ip}
3960,2026-01-10,10:00:19,INFO,WebServer,Health check passed: WebServer,E102,Health check passed: {service}
3961,2026-01-10,10:14:03,INFO,WebServer,Page view: /home by u3897,E103,Page view: {page} by {user}
3962,2026-01-10,10:34:03,INFO,WebServer,Page view: /home by u2911,E103,Page view: {page} by {user}
3963,2026-01-10,10:48:14,INFO,OrderProcessor,User u1996 login successful,E101,User {user} login successful
3964,2026-01-10,10:31:26,INFO,OrderProcessor,Health check passed: OrderProcessor,E102,Health check passed: {service}
3965,2026-01-10,10:48:05,INFO,WebServer,Transaction tx329423 completed in 318ms,E104,Transaction {tx} completed in {time}ms
3966,2026-01-10,10:36:03,INFO,AuthService,Transaction tx329465 completed in 1124ms,E104,Transaction {tx} completed in {time}ms
3967,2026-01-10,10:53:12,INFO,AuthService,Page view: /home by u2259,E103,Page view: {page} by {user}
3968,2026-01-10,10:30:25,INFO,WebServer,Page view: /home by u3364,E103,Page view: {page} by {user}
3969,2026-01-10,10:18:25,INFO,OrderProcessor,Page view: /home by u2434,E103,Page view: {page} by {user}
3970,2026-01-10,10:59:29,INFO,WebServer,Transaction tx905557 completed in 1499ms,E104,Transaction {tx} completed in {time}ms
3971,2026-01-10,10:50:15,INFO,PaymentGateway,Transaction tx937516 completed in 207ms,E104,Transaction {tx} completed in {time}ms
3972,2026-01-10,10:15:00,INFO,AuthService,Transaction tx542031 completed in 98ms,E104,Transaction {tx} completed in {time}ms
3973,2026-01-10,10:38:44,INFO,WebServer,Health check passed: WebServer,E102,Health check passed: {service}
3974,2026-01-10,10:49:22,INFO,WebServer,Transaction tx516034 completed in 78ms,E104,Transaction {tx} completed in {time}ms
3975,2026-01-10,10:55:27,INFO,WebServer,Page view: /home by u1597,E103,Page view: {page} by {user}
3976,2026-01-10,10:20:49,INFO,WebServer,Page view: /home by u4590,E103,Page view: {page} by {user}
3977,2026-01-10,10:08:13,INFO,WebServer,Transaction tx415523 completed in 1762ms,E104,Transaction {tx} completed in {time}ms
3978,2026-01-10,10:02:15,INFO,OrderProcessor,Health check passed: OrderProcessor,E102,Health check passed: {service}
3979,2026-01-10,10:31:02,INFO,OrderProcessor,User u1203 login successful,E101,User {user} login successful
3980,2026-01-10,10:14:11,INFO,OrderProcessor,Health check passed: OrderProcessor,E102,Health check passed: {service}
3981,2026-01-10,10:40:47,INFO,PaymentGateway,Page view: /home by u3300,E103,Page view: {page} by {user}
3982,2026-01-10,10:26:48,INFO,OrderProcessor,Page view: /home by u1020,E103,Page view: {page} by {user}
3983,2026-01-10,10:25:38,INFO,WebServer,Page view: /home by u3555,E103,Page view: {page} by {user}
3984,2026-01-10,10:45:17,INFO,WebServer,User u4019 login successful,E101,User {user} login successful
3985,2026-01-10,10:44:25,INFO,PaymentGateway,User u1947 login successful,E101,User {user} login successful
3986,2026-01-10,10:55:20,INFO,WebServer,Transaction tx985498 completed in 1315ms,E104,Transaction {tx} completed in {time}ms
3987,2026-01-10,10:35:05,INFO,PaymentGateway,Transaction tx775773 completed in 1660ms,E104,Transaction {tx} completed in {time}ms
3988,2026-01-10,10:35:33,INFO,PaymentGateway,Transaction tx961437 completed in 453ms,E104,Transaction {tx} completed in {time}ms
3989,2026-01-10,10:49:55,INFO,AuthService,Transaction tx213437 completed in 1306ms,E104,Transaction {tx} completed in {time}ms
3990,2026-01-10,10:45:54,INFO,WebServer,Page view: /home by u4079,E103,Page view: {page} by {user}
3991,2026-01-10,10:33:39,INFO,OrderProcessor,Page view: /home by u3467,E103,Page view: {page} by {user}
3992,2026-01-10,10:13:47,INFO,WebServer,Health check passed: WebServer,E102,Health check passed: {service}
3993,2026-01-10,10:25:00,INFO,WebServer,Health check passed: WebServer,E102,Health check passed: {service}
3994,2026-01-10,10:30:30,INFO,PaymentGateway,Transaction tx432155 completed in 1005ms,E104,Transaction {tx} completed in {time}ms
3995,2026-01-10,10:37:41,INFO,AuthService,Page view: /home by u4411,E103,Page view: {page} by {user}
3996,2026-01-10,10:53:50,INFO,WebServer,Page view: /home by u3061,E103,Page view: {page} by {user}
3997,2026-01-10,10:31:49,INFO,WebServer,User u3780 login successful,E101,User {user} login successful
3998,2026-01-10,10:35:54,INFO,WebServer,Health check passed: WebServer,E102,Health check passed: {service}
3999,2026-01-10,10:50:09,INFO,OrderProcessor,Transaction tx289117 completed in 193ms,E104,Transaction {tx} completed in {time}ms
4000,2026-01-10,10:45:00,INFO,WebServer,Page view: /home by u2650,E103,Page view: {page} by {user}
4001,2026-01-10,10:04:23,INFO,AuthService,Transaction tx137872 completed in 1523ms,E104,Transaction {tx} completed in {time}ms
4002,2026-01-10,10:58:19,WARN,WebServer,Disk usage > 85% on node node-3,E202,Disk usage > 85% on node {node}
4003,2026-01-10,10:17:59,INFO,WebServer,User u1639 login successful,E101,User {user} login successful
4004,2026-01-10,10:44:24,INFO,OrderProcessor,Page view: /home by u1687,E103,Page view: {page} by {user}
4005,2026-01-10,10:20:47,INFO,PaymentGateway,Page view: /home by u2891,E103,Page view: {page} by {user}
4006,2026-01-10,10:32:24,INFO,WebServer,Health check passed: WebServer,E102,Health check passed: {service}
4007,2026-01-10,10:03:01,INFO,WebServer,Page view: /home by u4563,E103,Page view: {page} by {user}
4008,2026-01-10,10:17:28,INFO,WebServer,Transaction tx135152 completed in 1576ms,E104,Transaction {tx} completed in {time}ms
4009,2026-01-10,10:25:17,INFO,WebServer,User u3688 login successful,E101,User {user} login successful
4010,2026-01-10,10:42:28,INFO,WebServer,User u4814 login successful,E101,User {user} login successful
4011,2026-01-10,10:50:04,INFO,WebServer,Health check passed: WebServer,E102,Health check passed: {service}
4012,2026-01-10,10:43:52,INFO,OrderProcessor,Health check passed: OrderProcessor,E102,Health check passed: {service}
4013,2026-01-10,10:26:37,INFO,OrderProcessor,Health check passed: OrderProcessor,E102,Health check passed: {service}
4014,2026-01-10,10:38:51,WARN,WebServer,Disk usage > 85% on node node-1,E202,Disk usage > 85% on node {node}
4015,2026-01-10,10:53:02,WARN,OrderProcessor,Disk usage > 85% on node node-5,E202,Disk usage > 85% on node {node}
4016,2026-01-10,10:07:17,INFO,WebServer,Page view: /home by u2080,E103,Page view: {page} by {user}
4017,2026-01-10,10:29:02,INFO,OrderProcessor,Page view: /home by u3507,E103,Page view: {page} by {user}
4018,2026-01-10,10:01:22,INFO,WebServer,User u1273 login successful,E101,User {user} login successful
4019,2026-01-10,10:50:29,INFO,WebServer,Transaction tx556174 completed in 782ms,E104,Transaction {tx} completed in {time}ms
4020,2026-01-10,10:33:34,INFO,WebServer,Transaction tx107952 completed in 574ms,E104,Transaction {tx} completed in {time}ms
4021,2026-01-10,10:50:19,INFO,WebServer,Page view: /home by u4631,E103,Page view: {page} by {user}
4022,2026-01-10,10:20:15,INFO,AuthService,User u4639 login successful,E101,User {user} login successful
4023,2026-01-10,10:55:25,WARN,AuthService,Unauthorized access attempt from 10.0.0.45,E401,Unauthorized access attempt from {ip}
4024,2026-01-10,10:02:51,INFO,WebServer,Transaction tx577976 completed in 913ms,E104,Transaction {tx} completed in {time}ms
4025,2026-01-10,10:33:26,INFO,AuthService,Page view: /home by u2870,E103,Page view: {page} by {user}
4026,2026-01-10,10:41:31,INFO,WebServer,Page view: /home by u1935,E103,Page view: {page} by {user}
4027,2026-01-10,10:57:47,INFO,WebServer,Page view: /home by u3779,E103,Page view: {page} by {user}
4028,2026-01-10,10:12:42,INFO,OrderProcessor,User u4685 login successful,E101,User {user} login successful
4029,2026-01-10,10:41:58,INFO,WebServer,Transaction tx496719 completed in 1736ms,E104,Transaction {tx} completed in {time}ms
4030,2026-01-10,10:33:30,INFO,PaymentGateway,User u4090 login successful,E101,User {user} login successful
4031,2026-01-10,10:07:59,INFO,OrderProcessor,Health check passed: OrderProcessor,E102,Health check passed: {service}
4032,2026-01-10,10:14:46,INFO,PaymentGateway,User u4002 login successful,E101,User {user} login successful
4033,2026-01-10,10:57:41,INFO,WebServer,Health check passed: WebServer,E102,Health check passed: {service}
4034,2026-01-10,10:59:57,INFO,PaymentGateway,Page view: /home by u1522,E103,Page view: {page} by {user}
4035,2026-01-10,10:22:49,INFO,WebServer,Page view: /home by u1869,E103,Page view: {page} by {user}
4036,2026-01-10,10:34:26,INFO,AuthService,Page view: /home by u3276,E103,Page view: {page} by {user}
4037,2026-01-10,10:13:10,INFO,WebServer,Transaction tx141216 completed in 1703ms,E104,Transaction {tx} completed in {time}ms
4038,2026-01-10,10:13:35,INFO,WebServer,Transaction tx713505 completed in 1180ms,E104,Transaction {tx} completed in {time}ms
4039,2026-01-10,10:06:40,INFO,WebServer,Health check passed: WebServer,E102,Health check passed: {service}
4040,2026-01-10,10:24:29,INFO,OrderProcessor,Page view: /home by u4676,E103,Page view: {page} by {user}
4041,2026-01-10,10:26:28,INFO,WebServer,User u1695 login successful,E101,User {user} login successful
4042,2026-01-10,10:51:38,INFO,WebServer,User u3805 login successful,E101,User {user} login successful
4043,2026-01-10,10:38:03,INFO,WebServer,User u3740 login successful,E101,User {user} login successful
4044,2026-01-10,10:04:12,INFO,AuthService,Health check passed: AuthService,E102,Health check passed: {service}
4045,2026-01-10,10:59:31,INFO,AuthService,User u4537 login successful,E101,User {user} login successful
4046,2026-01-10,10:53:18,INFO,AuthService,User u1803 login successful,E101,User {user} login successful
4047,2026-01-10,10:15:53,INFO,WebServer,Health check passed: WebServer,E102,Health check passed: {service}
4048,2026-01-10,10:40:03,INFO,AuthService,Page view: /home by u2638,E103,Page view: {page} by {user}
4049,2026-01-10,10:02:30,INFO,InventoryDB,Transaction tx736107 completed in 640ms,E104,Transaction {tx} completed in {time}ms
4050,2026-01-10,10:10:06,INFO,WebServer,Transaction tx938333 completed in 589ms,E104,Transaction {tx} completed in {time}ms
4051,2026-01-10,10:34:58,INFO,AuthService,Health check passed: AuthService,E102,Health check passed: {service}
4052,2026-01-10,10:15:32,INFO,InventoryDB,Page view: /home by u3922,E103,Page view: {page} by {user}
4053,2026-01-10,10:31:43,INFO,PaymentGateway,Page view: /home by u2055,E103,Page view: {page} by {user}
4054,2026-01-10,10:54:48,INFO,PaymentGateway,Page view: /home by u2849,E103,Page view: {page} by {user}
4055,2026-01-10,10:48:48,INFO,AuthService,Page view: /home by u3754,E103,Page view: {page} by {user}
4056,2026-01-10,10:10:42,INFO,WebServer,Health check passed: WebServer,E102,Health check passed: {service}
4057,2026-01-10,10:32:37,WARN,WebServer,Unauthorized access attempt from 10.0.0.45,E401,Unauthorized access attempt from {ip}
4058,2026-01-10,10:30:56,INFO,WebServer,Transaction tx816373 completed in 1115ms,E104,Transaction {tx} completed in {time}ms
4059,2026-01-10,10:00:37,INFO,WebServer,Page view: /home by u2153,E103,Page view: {page} by {user}
4060,2026-01-10,10:01:01,INFO,AuthService,Transaction tx897742 completed in 1123ms,E104,Transaction {tx} completed in {time}ms
4061,2026-01-10,10:21:08,INFO,AuthService,User u1944 login successful,E101,User {user} login successful
4062,2026-01-10,10:49:52,INFO,WebServer,Health check passed: WebServer,E102,Health check passed: {service}
4063,2026-01-10,10:39:34,INFO,AuthService,Page view: /home by u2054,E103,Page view: {page} by {user}
4064,2026-01-10,10:39:11,INFO,OrderProcessor,Transaction tx727907 completed in 1598ms,E104,Transaction {tx} completed in {time}ms
4065,2026-01-10,10:10:51,INFO,OrderProcessor,Transaction tx227490 completed in 1558ms,E104,Transaction {tx} completed in {time}ms
4066,2026-01-10,10:15:40,INFO,InventoryDB,Transaction tx395350 completed in 278ms,E104,Transaction {tx} completed in {time}ms
4067,2026-01-10,10:03:31,INFO,WebServer,Health check passed: WebServer,E102,Health check passed: {service}
4068,2026-01-10,10:52:04,WARN,WebServer,High latency (1963ms) detected on WebServer,E201,High latency ({time}ms) detected on {service}
4069,2026-01-10,10:13:34,INFO,WebServer,User u4495 login successful,E101,User {user} login successful
4070,2026-01-10,10:38:25,INFO,WebServer,Health check passed: WebServer,E102,Health check passed: {service}
4071,2026-01-10,10:50:02,INFO,PaymentGateway,Page view: /home by u3799,E103,Page view: {page} by {user}
4072,2026-01-10,10:51:18,INFO,InventoryDB,Page view: /home by u4976,E103,Page view: {page} by {user}
4073,2026-01-10,10:43:47,INFO,WebServer,Health check passed: WebServer,E102,Health check passed: {service}
4074,2026-01-10,10:46:32,INFO,AuthService,User u3853 login successful,E101,User {user} login successful
4075,2026-01-10,10:47:15,INFO,PaymentGateway,Health check passed: PaymentGateway,E102,Health check passed: {service}
4076,2026-01-10,10:27:58,INFO,WebServer,Page view: /home by u2920,E103,Page view: {page} by {user}
4077,2026-01-10,10:42:02,INFO,OrderProcessor,Health check passed: OrderProcessor,E102,Health check passed: {service}
4078,2026-01-10,10:41:22,INFO,OrderProcessor,Page view: /home by u1611,E103,Page view: {page} by {user}
4079,2026-01-10,10:52:33,INFO,WebServer,Health check passed: WebServer,E102,Health check passed: {service}
4080,2026-01-10,10:41:34,INFO,WebServer,Page view: /home by u3430,E103,Page view: {page} by {user}
4081,2026-01-10,10:18:24,ERROR,OrderProcessor,Connection refused to OrderProcessor at 10.0.0.45,E501,Connection refused to {service} at {ip}
4082,2026-01-10,10:50:12,INFO,OrderProcessor,User u3805 login successful,E101,User {user} login successful
4083,2026-01-10,10:36:03,INFO,AuthService,User u2659 login successful,E101,User {user} login successful
4084,2026-01-10,10:08:27,INFO,AuthService,Transaction tx418727 completed in 1648ms,E104,Transaction {tx} completed in {time}ms
4085,2026-01-10,10:45:54,INFO,WebServer,Health check passed: WebServer,E102,Health check passed: {service}
4086,2026-01-10,10:07:07,INFO,OrderProcessor,User u1854 login successful,E101,User {user} login successful
4087,2026-01-10,10:26:26,WARN,WebServer,High latency (1824ms) detected on WebServer,E201,High latency ({time}ms) detected on {service}
4088,2026-01-10,10:12:58,INFO,WebServer,Health check passed: WebServer,E102,Health check passed: {service}
4089,2026-01-10,10:54:29,INFO,OrderProcessor,Health check passed: OrderProcessor,E102,Health check passed: {service}
4090,2026-01-10,10:00:17,INFO,WebServer,Transaction tx314705 completed in 646ms,E104,Transaction {tx} completed in {time}ms
4091,2026-01-10,10:45:02,INFO,WebServer,Health check passed: WebServer,E102,Health check passed: {service}
4092,2026-01-10,10:44:57,INFO,AuthService,Page view: /home by u3351,E103,Page view: {page} by {user}
4093,2026-01-10,10:29:30,INFO,PaymentGateway,User u1054 login successful,E101,User {user} login successful
4094,2026-01-10,10:37:32,INFO,WebServer,Page view: /home by u3734,E103,Page view: {page} by {user}
4095,2026-01-10,10:54:00,INFO,WebServer,Page view: /home by u1726,E103,Page view: {page} by {user}
4096,2026-01-10,10:05:28,INFO,AuthService,Transaction tx583981 completed in 52ms,E104,Transaction {tx} completed in {time}ms
4097,2026-01-10,10:53:28,INFO,PaymentGateway,User u2978 login successful,E101,User {user} login successful
4098,2026-01-10,10:06:50,INFO,InventoryDB,Transaction tx999643 completed in 1855ms,E104,Transaction {tx} completed in {time}ms
4099,2026-01-10,10:43:41,INFO,AuthService,User u3727 login successful,E101,User {user} login successful
4100,2026-01-10,10:37:32,INFO,PaymentGateway,Page view: /home by u3388,E103,Page view: {page} by {user}
4101,2026-01-10,10:27:49,INFO,WebServer,Page view: /home by u3923,E103,Page view: {page} by {user}
4102,2026-01-10,10:04:55,INFO,WebServer,Health check passed: WebServer,E102,Health check passed: {service}
4103,2026-01-10,10:09:33,INFO,WebServer,User u2347 login successful,E101,User {user} login successful
4104,2026-01-10,10:33:53,INFO,OrderProcessor,Page view: /home by u3419,E103,Page view: {page} by {user}
4105,2026-01-10,10:59:23,INFO,WebServer,Health check passed: WebServer,E102,Health check passed: {service}
4106,2026-01-10,10:23:28,INFO,PaymentGateway,User u1267 login successful,E101,User {user} login successful
4107,2026-01-10,10:14:17,INFO,WebServer,Transaction tx874111 completed in 1160ms,E104,Transaction {tx} completed in {time}ms
4108,2026-01-10,10:42:28,INFO,WebServer,Page view: /home by u3144,E103,Page view: {page} by {user}
4109,2026-01-10,10:50:38,INFO,InventoryDB,Transaction tx296136 completed in 1729ms,E104,Transaction {tx} completed in {time}ms
4110,2026-01-10,10:35:45,INFO,AuthService,Transaction tx324009 completed in 228ms,E104,Transaction {tx} completed in {time}ms
4111,2026-01-10,10:27:34,INFO,WebServer,Page view: /home by u4611,E103,Page view: {page} by {user}
4112,2026-01-10,10:26:35,INFO,AuthService,User u3214 login successful,E101,User {user} login successful
4113,2026-01-10,10:00:18,INFO,WebServer,Transaction tx610571 completed in 335ms,E104,Transaction {tx} completed in {time}ms
4114,2026-01-10,10:16:17,INFO,AuthService,Page view: /home by u4066,E103,Page view: {page} by {user}
4115,2026-01-10,10:45:07,INFO,WebServer,Page view: /home by u1984,E103,Page view: {page} by {user}
4116,2026-01-10,10:01:02,INFO,AuthService,Transaction tx734910 completed in 436ms,E104,Transaction {tx} completed in {time}ms
4117,2026-01-10,10:58:16,INFO,WebServer,Page view: /home by u2359,E103,Page view: {page} by {user}
4118,2026-01-10,10:44:27,INFO,WebServer,Transaction tx371522 completed in 1574ms,E104,Transaction {tx} completed in {time}ms
4119,2026-01-10,10:39:52,INFO,PaymentGateway,Transaction tx218156 completed in 1956ms,E104,Transaction {tx} completed in {time}ms
4120,2026-01-10,10:58:59,INFO,AuthService,Page view: /home by u1038,E103,Page view: {page} by {user}
4121,2026-01-10,10:25:56,INFO,WebServer,Health check passed: WebServer,E102,Health check passed: {service}
4122,2026-01-10,10:48:23,INFO,AuthService,Page view: /home by u2205,E103,Page view: {page} by {user}
4123,2026-01-10,10:24:04,INFO,WebServer,Transaction tx646869 completed in 276ms,E104,Transaction {tx} completed in {time}ms
4124,2026-01-10,10:03:50,INFO,OrderProcessor,Health check passed: OrderProcessor,E102,Health check passed: {service}
4125,2026-01-10,10:16:11,ERROR,OrderProcessor,Connection refused to OrderProcessor at 10.0.0.88,E501,Connection refused to {service} at {ip}
4126,2026-01-10,10:46:13,CRITICAL,AuthService,KERNEL PANIC: Node node-5 crashed,E601,KERNEL PANIC: Node {node} crashed
4127,2026-01-10,10:36:48,INFO,AuthService,Page view: /home by u4965,E103,Page view: {page} by {user}
4128,2026-01-10,10:10:26,INFO,WebServer,Page view: /home by u4972,E103,Page view: {page} by {user}
4129,2026-01-10,10:28:15,INFO,WebServer,Page view: /home by u2585,E103,Page view: {page} by {user}
4130,2026-01-10,10:40:16,INFO,AuthService,Health check passed: AuthService,E102,Health check passed: {service}
4131,2026-01-10,10:46:05,INFO,AuthService,Transaction tx963478 completed in 976ms,E104,Transaction {tx} completed in {time}ms
4132,2026-01-10,10:21:52,INFO,WebServer,Page view: /home by u1421,E103,Page view: {page} by {user}
4133,2026-01-10,10:29:09,INFO,InventoryDB,Health check passed: InventoryDB,E102,Health check passed: {service}
4134,2026-01-10,10:34:54,WARN,PaymentGateway,Disk usage > 85% on node node-4,E202,Disk usage > 85% on node {node}
4135,2026-01-10,10:34:27,INFO,WebServer,User u2951 login successful,E101,User {user} login successful
4136,2026-01-10,10:35:21,INFO,WebServer,User u4888 login successful,E101,User {user} login successful
4137,2026-01-10,10:59:23,INFO,WebServer,Transaction tx625647 completed in 1493ms,E104,Transaction {tx} completed in {time}ms
4138,2026-01-10,10:56:57,INFO,PaymentGateway,User u2341 login successful,E101,User {user} login successful
4139,2026-01-10,10:14:42,INFO,WebServer,Page view: /home by u4706,E103,Page view: {page} by {user}
4140,2026-01-10,10:42:08,INFO,OrderProcessor,Transaction tx600203 completed in 891ms,E104,Transaction {tx} completed in {time}ms
4141,2026-01-10,10:06:34,INFO,AuthService,Health check passed: AuthService,E102,Health check passed: {service}
4142,2026-01-10,10:18:35,WARN,AuthService,High latency (881ms) detected on AuthService,E201,High latency ({time}ms) detected on {service}
4143,2026-01-10,10:38:08,INFO,InventoryDB,Health check passed: InventoryDB,E102,Health check passed: {service}
4144,2026-01-10,10:10:15,INFO,InventoryDB,Page view: /home by u1789,E103,Page view: {page} by {user}
4145,2026-01-10,10:54:46,INFO,InventoryDB,User u1268 login successful,E101,User {user} login successful
4146,2026-01-10,10:00:38,INFO,OrderProcessor,User u2951 login successful,E101,User {user} login successful
4147,2026-01-10,10:23:12,INFO,PaymentGateway,Page view: /home by u4790,E103,Page view: {page} by {user}
4148,2026-01-10,10:04:04,INFO,PaymentGateway,User u4261 login successful,E101,User {user} login successful
4149,2026-01-10,10:44:17,INFO,OrderProcessor,Health check passed: OrderProcessor,E102,Health check passed: {service}
4150,2026-01-10,10:01:56,INFO,OrderProcessor,Health check passed: OrderProcessor,E102,Health check passed: {service}
4151,2026-01-10,10:03:46,INFO,AuthService,User u1128 login successful,E101,User {user} login successful
4152,2026-01-10,10:01:51,INFO,WebServer,User u3860 login successful,E101,User {user} login successful
4153,2026-01-10,10:02:53,INFO,OrderProcessor,Health check passed: OrderProcessor,E102,Health check passed: {service}
4154,2026-01-10,10:45:10,INFO,WebServer,Page view: /home by u3882,E103,Page view: {page} by {user}
4155,2026-01-10,10:27:44,INFO,WebServer,User u2440 login successful,E101,User {user} login successful
4156,2026-01-10,10:50:10,INFO,AuthService,User u3730 login successful,E101,User {user} login successful
4157,2026-01-10,10:46:22,INFO,WebServer,Health check passed: WebServer,E102,Health check passed: {service}
4158,2026-01-10,10:19:30,INFO,WebServer,Transaction tx349388 completed in 1885ms,E104,Transaction {tx} completed in {time}ms
4159,2026-01-10,10:21:31,INFO,WebServer,Page view: /home by u3898,E103,Page view: {page} by {user}
4160,2026-01-10,10:36:47,INFO,WebServer,User u4889 login successful,E101,User {user} login successful
4161,2026-01-10,10:54:55,INFO,WebServer,User u3621 login successful,E101,User {user} login successful
4162,2026-01-10,10:45:22,INFO,PaymentGateway,Transaction tx182561 completed in 581ms,E104,Transaction {tx} completed in {time}ms
4163,2026-01-10,11:10:31,INFO,WebServer,Health check passed: WebServer,E102,Health check passed: {service}
4164,2026-01-10,11:01:18,INFO,WebServer,Transaction tx829798 completed in 893ms,E104,Transaction {tx} completed in {time}ms
4165,2026-01-10,11:09:31,INFO,AuthService,Transaction tx155321 completed in 1520ms,E104,Transaction {tx} completed in {time}ms
4166,2026-01-10,11:17:10,INFO,OrderProcessor,Transaction tx171139 completed in 1109ms,E104,Transaction {tx} completed in {time}ms
4167,2026-01-10,11:29:38,INFO,AuthService,User u1663 login successful,E101,User {user} login successful
4168,2026-01-10,11:53:22,INFO,WebServer,Transaction tx247581 completed in 1205ms,E104,Transaction {tx} completed in {time}ms
4169,2026-01-10,11:47:42,INFO,WebServer,User u4974 login successful,E101,User {user} login successful
4170,2026-01-10,11:43:02,INFO,AuthService,User u4488 login successful,E101,User {user} login successful
4171,2026-01-10,11:04:52,INFO,WebServer,User u3092 login successful,E101,User {user} login successful
4172,2026-01-10,11:26:18,INFO,AuthService,Transaction tx654039 completed in 388ms,E104,Transaction {tx} completed in {time}ms
4173,2026-01-10,11:24:21,INFO,WebServer,Page view: /home by u1104,E103,Page view: {page} by {user}
4174,2026-01-10,11:45:20,INFO,WebServer,Page view: /home by u3034,E103,Page view: {page} by {user}
4175,2026-01-10,11:02:17,INFO,WebServer,Page view: /home by u1114,E103,Page view: {page} by {user}
4176,2026-01-10,11:59:40,INFO,OrderProcessor,User u1555 login successful,E101,User {user} login successful
4177,2026-01-10,11:28:03,INFO,OrderProcessor,User u1772 login successful,E101,User {user} login successful
4178,2026-01-10,11:29:36,INFO,WebServer,Page view: /home by u1993,E103,Page view: {page} by {user}
4179,2026-01-10,11:15:40,INFO,AuthService,Page view: /home by u3227,E103,Page view: {page} by {user}
4180,2026-01-10,11:13:04,WARN,WebServer,Unauthorized access attempt from 10.0.0.88,E401,Unauthorized access attempt from {ip}
4181,2026-01-10,11:58:59,INFO,WebServer,Transaction tx156087 completed in 801ms,E104,Transaction {tx} completed in {time}ms
4182,2026-01-10,11:36:47,INFO,WebServer,Health check passed: WebServer,E102,Health check passed: {service}
4183,2026-01-10,11:59:26,INFO,AuthService,User u2764 login successful,E101,User {user} login successful
4184,2026-01-10,11:06:51,INFO,OrderProcessor,User u3933 login successful,E101,User {user} login successful
4185,2026-01-10,11:20:56,INFO,PaymentGateway,Transaction tx487656 completed in 489ms,E104,Transaction {tx} completed in {time}ms
4186,2026-01-10,11:14:26,INFO,InventoryDB,Transaction tx538223 completed in 1934ms,E104,Transaction {tx} completed in {time}ms
4187,2026-01-10,11:35:44,INFO,WebServer,Page view: /home by u4513,E103,Page view: {page} by {user}
4188,2026-01-10,11:10:57,INFO,WebServer,Transaction tx244725 completed in 73ms,E104,Transaction {tx} completed in {time}ms
4189,2026-01-10,11:16:40,INFO,InventoryDB,Transaction tx958811 completed in 23ms,E104,Transaction {tx} completed in {time}ms
4190,2026-01-10,11:29:20,INFO,WebServer,User u4777 login successful,E101,User {user} login successful
4191,2026-01-10,11:22:48,INFO,PaymentGateway,Page view: /home by u3786,E103,Page view: {page} by {user}
4192,2026-01-10,11:03:25,INFO,WebServer,Transaction tx826175 completed in 939ms,E104,Transaction {tx} completed in {time}ms
4193,2026-01-10,11:27:15,INFO,AuthService,Transaction tx569510 completed in 1967ms,E104,Transaction {tx} completed in {time}ms
4194,2026-01-10,11:20:56,INFO,AuthService,Transaction tx585252 completed in 1709ms,E104,Transaction {tx} completed in {time}ms
4195,2026-01-10,11:47:14,INFO,OrderProcessor,Page view: /home by u3083,E103,Page view: {page} by {user}
4196,2026-01-10,11:11:48,INFO,OrderProcessor,Page view: /home by u2045,E103,Page view: {page} by {user}
4197,2026-01-10,11:48:43,INFO,OrderProcessor,User u2569 login successful,E101,User {user} login successful
4198,2026-01-10,11:24:13,INFO,WebServer,Page view: /home by u4707,E103,Page view: {page} by {user}
4199,2026-01-10,11:46:44,INFO,AuthService,User u2324 login successful,E101,User {user} login successful
4200,2026-01-10,11:45:58,INFO,WebServer,Health check passed: WebServer,E102,Health check passed: {service}
4201,2026-01-10,11:55:07,INFO,InventoryDB,Health check passed: InventoryDB,E102,Health check passed: {service}
4202,2026-01-10,11:20:47,INFO,WebServer,Transaction tx747815 completed in 1314ms,E104,Transaction {tx} completed in {time}ms
4203,2026-01-10,11:01:04,INFO,WebServer,User u4152 login successful,E101,User {user} login successful
4204,2026-01-10,11:23:01,INFO,WebServer,Health check passed: WebServer,E102,Health check passed: {service}
4205,2026-01-10,11:11:46,INFO,PaymentGateway,Page view: /home by u4709,E103,Page view: {page} by {user}
4206,2026-01-10,11:56:01,INFO,OrderProcessor,Transaction tx438469 completed in 1773ms,E104,Transaction {tx} completed in {time}ms
4207,2026-01-10,11:06:29,INFO,AuthService,Page view: /home by u4979,E103,Page view: {page} by {user}
4208,2026-01-10,11:40:56,INFO,WebServer,Page view: /home by u4510,E103,Page view: {page} by {user}
4209,2026-01-10,11:16:28,INFO,OrderProcessor,Page view: /home by u4891,E103,Page view: {page} by {user}
4210,2026-01-10,11:32:44,INFO,PaymentGateway,Transaction tx299886 completed in 1092ms,E104,Transaction {tx} completed in {time}ms
4211,2026-01-10,11:17:34,INFO,WebServer,Page view: /home by u2736,E103,Page view: {page} by {user}
4212,2026-01-10,11:02:22,INFO,PaymentGateway,Health check passed: PaymentGateway,E102,Health check passed: {service}
4213,2026-01-10,11:58:19,INFO,AuthService,Page view: /home by u3461,E103,Page view: {page} by {user}
4214,2026-01-10,11:53:01,INFO,PaymentGateway,Page view: /home by u1326,E103,Page view: {page} by {user}
4215,2026-01-10,11:56:16,INFO,OrderProcessor,Page view: /home by u4865,E103,Page view: {page} by {user}
4216,2026-01-10,11:03:28,INFO,WebServer,User u2635 login successful,E101,User {user} login successful
4217,2026-01-10,11:12:50,INFO,WebServer,Health check passed: WebServer,E102,Health check passed: {service}
4218,2026-01-10,11:00:50,INFO,PaymentGateway,User u4908 login successful,E101,User {user} login successful
4219,2026-01-10,11:45:18,INFO,WebServer,Health check passed: WebServer,E102,Health check passed: {service}
4220,2026-01-10,11:00:18,WARN,WebServer,High latency (124ms) detected on WebServer,E201,High latency ({time}ms) detected on {service}
4221,2026-01-10,11:22:10,INFO,WebServer,Page view: /home by u2439,E103,Page view: {page} by {user}
4222,2026-01-10,11:33:59,INFO,AuthService,Page view: /home by u4951,E103,Page view: {page} by {user}
4223,2026-01-10,11:38:22,INFO,OrderProcessor,User u4658 login successful,E101,User {user} login successful
4224,2026-01-10,11:05:57,INFO,OrderProcessor,Page view: /home by u3009,E103,Page view: {page} by {user}
4225,2026-01-10,11:11:00,INFO,AuthService,Transaction tx901557 completed in 1788ms,E104,Transaction {tx} completed in {time}ms
4226,2026-01-10,11:28:02,INFO,WebServer,Page view: /home by u4810,E103,Page view: {page} by {user}
4227,2026-01-10,11:17:51,INFO,OrderProcessor,Page view: /home by u3667,E103,Page view: {page} by {user}
4228,2026-01-10,11:42:05,INFO,WebServer,Transaction tx158614 completed in 514ms,E104,Transaction {tx} completed in {time}ms
4229,2026-01-10,11:31:25,INFO,PaymentGateway,Health check passed: PaymentGateway,E102,Health check passed: {service}
4230,2026-01-10,11:47:26,INFO,WebServer,Health check passed: WebServer,E102,Health check passed: {service}
4231,2026-01-10,11:49:07,INFO,WebServer,Transaction tx470480 completed in 1776ms,E104,Transaction {tx} completed in {time}ms
4232,2026-01-10,11:32:35,INFO,OrderProcessor,Page view: /home by u2401,E103,Page view: {page} by {user}
4233,2026-01-10,11:03:19,INFO,WebServer,Health check passed: WebServer,E102,Health check passed: {service}
4234,2026-01-10,11:11:02,INFO,AuthService,Page view: /home by u2200,E103,Page view: {page} by {user}
4235,2026-01-10,11:05:59,INFO,WebServer,Page view: /home by u2552,E103,Page view: {page} by {user}
4236,2026-01-10,11:56:44,INFO,WebServer,Page view: /home by u3989,E103,Page view: {page} by {user}
4237,2026-01-10,11:17:36,INFO,WebServer,Health check passed: WebServer,E102,Health check passed: {service}
4238,2026-01-10,11:08:01,INFO,WebServer,Health check passed: WebServer,E102,Health check passed: {service}
4239,2026-01-10,11:43:46,WARN,WebServer,Disk usage > 85% on node node-1,E202,Disk usage > 85% on node {node}
4240,2026-01-10,11:08:13,WARN,OrderProcessor,Disk usage > 85% on node node-4,E202,Disk usage > 85% on node {node}
4241,2026-01-10,11:39:54,INFO,OrderProcessor,Transaction tx568280 completed in 1613ms,E104,Transaction {tx} completed in {time}ms
4242,2026-01-10,11:32:38,INFO,WebServer,Page view: /home by u2006,E103,Page view: {page} by {user}
4243,2026-01-10,11:43:51,INFO,AuthService,Health check passed: AuthService,E102,Health check passed: {service}
4244,2026-01-10,11:59:01,INFO,WebServer,Transaction tx474595 completed in 99ms,E104,Transaction {tx} completed in {time}ms
4245,2026-01-10,11:14:41,INFO,WebServer,Transaction tx373424 completed in 423ms,E104,Transaction {tx} completed in {time}ms
4246,2026-01-10,11:47:46,INFO,AuthService,Health check passed: AuthService,E102,Health check passed: {service}
4247,2026-01-10,11:08:15,INFO,OrderProcessor,User u4820 login successful,E101,User {user} login successful
4248,2026-01-10,11:47:56,INFO,OrderProcessor,Transaction tx993984 completed in 1763ms,E104,Transaction {tx} completed in {time}ms
4249,2026-01-10,11:27:27,INFO,WebServer,Health check passed: WebServer,E102,Health check passed: {service}
4250,2026-01-10,11:22:37,INFO,WebServer,Page view: /home by u2206,E103,Page view: {page} by {user}
4251,2026-01-10,11:01:22,INFO,OrderProcessor,Transaction tx309350 completed in 1616ms,E104,Transaction {tx} completed in {time}ms
4252,2026-01-10,11:08:40,INFO,WebServer,Health check passed: WebServer,E102,Health check passed: {service}
4253,2026-01-10,11:07:06,INFO,AuthService,Page view: /home by u1174,E103,Page view: {page} by {user}
4254,2026-01-10,11:20:50,INFO,WebServer,User u2776 login successful,E101,User {user} login successful
4255,2026-01-10,11:58:46,INFO,OrderProcessor,User u1769 login successful,E101,User {user} login successful
4256,2026-01-10,11:29:09,ERROR,WebServer,Connection refused to WebServer at 10.0.0.88,E501,Connection refused to {service} at {ip}
4257,2026-01-10,11:01:51,INFO,AuthService,Health check passed: AuthService,E102,Health check passed: {service}
4258,2026-01-10,11:30:35,WARN,WebServer,Unauthorized access attempt from 10.0.0.45,E401,Unauthorized access attempt from {ip}
4259,2026-01-10,11:23:42,INFO,WebServer,Health check passed: WebServer,E102,Health check passed: {service}
4260,2026-01-10,11:37:40,INFO,WebServer,Transaction tx326589 completed in 953ms,E104,Transaction {tx} completed in {time}ms
4261,2026-01-10,11:55:55,INFO,WebServer,Transaction tx950272 completed in 1076ms,E104,Transaction {tx} completed in {time}ms
4262,2026-01-10,11:34:07,INFO,WebServer,Health check passed: WebServer,E102,Health check passed: {service}
4263,2026-01-10,11:56:26,WARN,InventoryDB,Unauthorized access attempt from 10.0.0.45,E401,Unauthorized access attempt from {ip}
4264,2026-01-10,11:16:32,INFO,WebServer,Page view: /home by u4167,E103,Page view: {page} by {user}
4265,2026-01-10,11:38:00,INFO,OrderProcessor,Health check passed: OrderProcessor,E102,Health check passed: {service}
4266,2026-01-10,11:46:44,INFO,OrderProcessor,Transaction tx719418 completed in 535ms,E104,Transaction {tx} completed in {time}ms
4267,2026-01-10,11:20:41,INFO,WebServer,Page view: /home by u2259,E103,Page view: {page} by {user}
4268,2026-01-10,11:02:00,INFO,WebServer,Health check passed: WebServer,E102,Health check passed: {service}
4269,2026-01-10,11:06:47,INFO,WebServer,Page view: /home by u1559,E103,Page view: {page} by {user}
4270,2026-01-10,11:47:35,INFO,AuthService,Page view: /home by u2573,E103,Page view: {page} by {user}
4271,2026-01-10,11:46:03,INFO,WebServer,User u3612 login successful,E101,User {user} login successful
4272,2026-01-10,11:01:58,INFO,WebServer,Page view: /home by u2333,E103,Page view: {page} by {user}
4273,2026-01-10,11:03:34,INFO,WebServer,Health check passed: WebServer,E102,Health check passed: {service}
4274,2026-01-10,11:05:09,INFO,OrderProcessor,Transaction tx267502 completed in 1749ms,E104,Transaction {tx} completed in {time}ms
4275,2026-01-10,11:59:40,INFO,AuthService,Transaction tx557440 completed in 1828ms,E104,Transaction {tx} completed in {time}ms
4276,2026-01-10,11:16:09,INFO,WebServer,User u1823 login successful,E101,User {user} login successful
4277,2026-01-10,11:12:51,INFO,PaymentGateway,Transaction tx580545 completed in 193ms,E104,Transaction {tx} completed in {time}ms
4278,2026-01-10,11:56:41,INFO,WebServer,User u2544 login successful,E101,User {user} login successful
4279,2026-01-10,11:21:42,INFO,WebServer,User u3913 login successful,E101,User {user} login successful
4280,2026-01-10,11:23:31,INFO,WebServer,Transaction tx468010 completed in 1531ms,E104,Transaction {tx} completed in {time}ms
4281,2026-01-10,11:56:58,INFO,OrderProcessor,Page view: /home by u3976,E103,Page view: {page} by {user}
4282,2026-01-10,11:35:02,INFO,WebServer,Page view: /home by u4255,E103,Page view: {page} by {user}
4283,2026-01-10,11:20:31,INFO,WebServer,User u4787 login successful,E101,User {user} login successful
4284,2026-01-10,11:34:50,INFO,AuthService,Health check passed: AuthService,E102,Health check passed: {service}
4285,2026-01-10,11:51:47,INFO,AuthService,User u2886 login successful,E101,User {user} login successful
4286,2026-01-10,11:41:47,INFO,AuthService,Page view: /home by u4437,E103,Page view: {page} by {user}
4287,2026-01-10,11:24:41,INFO,WebServer,Health check passed: WebServer,E102,Health check passed: {service}
4288,2026-01-10,11:26:27,INFO,WebServer,Transaction tx260598 completed in 1444ms,E104,Transaction {tx} completed in {time}ms
4289,2026-01-10,11:39:02,INFO,WebServer,Transaction tx679257 completed in 25ms,E104,Transaction {tx} completed in {time}ms
4290,2026-01-10,11:53:25,INFO,WebServer,Transaction tx644819 completed in 321ms,E104,Transaction {tx} completed in {time}ms
4291,2026-01-10,11:00:04,INFO,OrderProcessor,User u2535 login successful,E101,User {user} login successful
4292,2026-01-10,11:34:13,INFO,InventoryDB,Page view: /home by u4945,E103,Page view: {page} by {user}
4293,2026-01-10,11:24:39,INFO,WebServer,Health check passed: WebServer,E102,Health check passed: {service}
4294,2026-01-10,11:23:11,INFO,AuthService,Health check passed: AuthService,E102,Health check passed: {service}
4295,2026-01-10,11:51:18,INFO,WebServer,User u1388 login successful,E101,User {user} login successful
4296,2026-01-10,11:08:55,INFO,AuthService,Page view: /home by u2865,E103,Page view: {page} by {user}
4297,2026-01-10,11:22:19,INFO,InventoryDB,User u4183 login successful,E101,User {user} login successful
4298,2026-01-10,11:52:24,INFO,WebServer,Page view: /home by u3306,E103,Page view: {page} by {user}
4299,2026-01-10,11:35:51,INFO,WebServer,Transaction tx134080 completed in 1306ms,E104,Transaction {tx} completed in {time}ms
4300,2026-01-10,11:28:05,INFO,AuthService,Page view: /home by u3218,E103,Page view: {page} by {user}
4301,2026-01-10,11:29:51,INFO,WebServer,Health check passed: WebServer,E102,Health check passed: {service}
4302,2026-01-10,11:27:44,ERROR,WebServer,Connection refused to WebServer at 10.0.0.45,E501,Connection refused to {service} at {ip}
4303,2026-01-10,11:36:04,INFO,WebServer,Transaction tx533687 completed in 1374ms,E104,Transaction {tx} completed in {time}ms
4304,2026-01-10,11:36:11,INFO,WebServer,User u2641 login successful,E101,User {user} login successful
4305,2026-01-10,11:32:26,INFO,AuthService,User u1324 login successful,E101,User {user} login successful
4306,2026-01-10,11:18:08,INFO,WebServer,Page view: /home by u3344,E103,Page view: {page} by {user}
4307,2026-01-10,11:32:56,INFO,OrderProcessor,User u4142 login successful,E101,User {user} login successful
4308,2026-01-10,11:53:16,INFO,OrderProcessor,Page view: /home by u1180,E103,Page view: {page} by {user}
4309,2026-01-10,11:52:39,INFO,AuthService,User u2133 login successful,E101,User {user} login successful
4310,2026-01-10,11:45:24,INFO,WebServer,User u1507 login successful,E101,User {user} login successful
4311,2026-01-10,11:53:06,INFO,WebServer,Health check passed: WebServer,E102,Health check passed: {service}
4312,2026-01-10,11:47:58,INFO,WebServer,Page view: /home by u1749,E103,Page view: {page} by {user}
4313,2026-01-10,11:58:39,INFO,WebServer,Health check passed: WebServer,E102,Health check passed: {service}
4314,2026-01-10,11:02:25,WARN,WebServer,Disk usage > 85% on node node-5,E202,Disk usage > 85% on node {node}
4315,2026-01-10,11:45:03,INFO,PaymentGateway,Page view: /home by u1696,E103,Page view: {page} by {user}
4316,2026-01-10,11:14:42,INFO,AuthService,Transaction tx870935 completed in 336ms,E104,Transaction {tx} completed in {time}ms
4317,2026-01-10,11:40:18,INFO,OrderProcessor,Transaction tx610552 completed in 180ms,E104,Transaction {tx} completed in {time}ms
4318,2026-01-10,11:06:03,INFO,WebServer,Transaction tx397043 completed in 317ms,E104,Transaction {tx} completed in {time}ms
4319,2026-01-10,11:24:02,INFO,AuthService,Health check passed: AuthService,E102,Health check passed: {service}
4320,2026-01-10,11:39:09,INFO,WebServer,Transaction tx764192 completed in 678ms,E104,Transaction {tx} completed in {time}ms
4321,2026-01-10,11:03:34,INFO,PaymentGateway,User u2002 login successful,E101,User {user} login successful
4322,2026-01-10,11:54:01,INFO,WebServer,Page view: /home by u2034,E103,Page view: {page} by {user}
4323,2026-01-10,11:45:21,INFO,WebServer,Transaction tx672479 completed in 1778ms,E104,Transaction {tx} completed in {time}ms
4324,2026-01-10,11:19:33,INFO,WebServer,Health check passed: WebServer,E102,Health check passed: {service}
4325,2026-01-10,11:49:25,INFO,AuthService,Page view: /home by u3083,E103,Page view: {page} by {user}
4326,2026-01-10,11:40:36,INFO,WebServer,Transaction tx633698 completed in 345ms,E104,Transaction {tx} completed in {time}ms
4327,2026-01-10,11:11:47,INFO,WebServer,Transaction tx439889 completed in 1015ms,E104,Transaction {tx} completed in {time}ms
4328,2026-01-10,11:34:21,INFO,PaymentGateway,Page view: /home by u3398,E103,Page view: {page} by {user}
4329,2026-01-10,11:26:40,INFO,InventoryDB,User u2808 login successful,E101,User {user} login successful
4330,2026-01-10,11:09:54,INFO,AuthService,User u2083 login successful,E101,User {user} login successful
4331,2026-01-10,11:37:43,INFO,AuthService,Page view: /home by u2893,E103,Page view: {page} by {user}
4332,2026-01-10,11:59:03,INFO,WebServer,Health check passed: WebServer,E102,Health check passed: {service}
4333,2026-01-10,11:28:15,INFO,WebServer,Health check passed: WebServer,E102,Health check passed: {service}
4334,2026-01-10,11:59:55,INFO,WebServer,Health check passed: WebServer,E102,Health check passed: {service}
4335,2026-01-10,11:43:30,WARN,WebServer,High latency (653ms) detected on WebServer,E201,High latency ({time}ms) detected on {service}
4336,2026-01-10,11:08:02,INFO,WebServer,User u2556 login successful,E101,User {user} login successful
4337,2026-01-10,11:37:38,INFO,WebServer,Transaction tx402533 completed in 131ms,E104,Transaction {tx} completed in {time}ms
4338,2026-01-10,11:12:24,INFO,AuthService,Page view: /home by u4058,E103,Page view: {page} by {user}
4339,2026-01-10,11:07:45,INFO,AuthService,User u3164 login successful,E101,User {user} login successful
4340,2026-01-10,11:16:45,INFO,WebServer,Page view: /home by u3197,E103,Page view: {page} by {user}
4341,2026-01-10,11:11:58,INFO,WebServer,Page view: /home by u1829,E103,Page view: {page} by {user}
4342,2026-01-10,11:11:58,INFO,WebServer,Health check passed: WebServer,E102,Health check passed: {service}
4343,2026-01-10,11:56:46,INFO,WebServer,Page view: /home by u3107,E103,Page view: {page} by {user}
4344,2026-01-10,11:09:42,INFO,WebServer,User u2600 login successful,E101,User {user} login successful
4345,2026-01-10,11:45:39,INFO,WebServer,Health check passed: WebServer,E102,Health check passed: {service}
4346,2026-01-10,11:08:18,INFO,AuthService,Health check passed: AuthService,E102,Health check passed: {service}
4347,2026-01-10,11:27:05,INFO,AuthService,Page view: /home by u4375,E103,Page view: {page} by {user}
4348,2026-01-10,11:20:11,INFO,PaymentGateway,Health check passed: PaymentGateway,E102,Health check passed: {service}
4349,2026-01-10,11:34:26,CRITICAL,WebServer,DATA CORRUPTION detected in sector 777,E602,DATA CORRUPTION detected in sector {sector}
4350,2026-01-10,11:39:52,INFO,InventoryDB,Health check passed: InventoryDB,E102,Health check passed: {service}
4351,2026-01-10,11:31:17,INFO,WebServer,Page view: /home by u3241,E103,Page view: {page} by {user}
4352,2026-01-10,11:35:30,INFO,PaymentGateway,Transaction tx856817 completed in 372ms,E104,Transaction {tx} completed in {time}ms
4353,2026-01-10,11:35:09,WARN,WebServer,High latency (1990ms) detected on WebServer,E201,High latency ({time}ms) detected on {service}
4354,2026-01-10,11:53:37,INFO,WebServer,User u3842 login successful,E101,User {user} login successful
4355,2026-01-10,11:02:20,INFO,WebServer,User u2941 login successful,E101,User {user} login successful
4356,2026-01-10,11:11:40,INFO,WebServer,Transaction tx788598 completed in 61ms,E104,Transaction {tx} completed in {time}ms
4357,2026-01-10,11:52:03,INFO,WebServer,Health check passed: WebServer,E102,Health check passed: {service}
4358,2026-01-10,11:52:07,INFO,PaymentGateway,User u2198 login successful,E101,User {user} login successful
4359,2026-01-10,11:01:21,INFO,OrderProcessor,Health check passed: OrderProcessor,E102,Health check passed: {service}
4360,2026-01-10,11:59:12,INFO,WebServer,Transaction tx192786 completed in 772ms,E104,Transaction {tx} completed in {time}ms
4361,2026-01-10,11:59:01,CRITICAL,WebServer,KERNEL PANIC: Node node-5 crashed,E601,KERNEL PANIC: Node {node} crashed
4362,2026-01-10,11:59:31,INFO,WebServer,Page view: /home by u2979,E103,Page view: {page} by {user}
4363,2026-01-10,11:41:37,INFO,AuthService,Health check passed: AuthService,E102,Health check passed: {service}
4364,2026-01-10,11:21:21,INFO,AuthService,Transaction tx483838 completed in 1507ms,E104,Transaction {tx} completed in {time}ms
4365,2026-01-10,11:31:22,INFO,WebServer,Page view: /home by u4796,E103,Page view: {page} by {user}
4366,2026-01-10,11:32:39,INFO,WebServer,Transaction tx722204 completed in 1169ms,E104,Transaction {tx} completed in {time}ms
4367,2026-01-10,11:16:10,INFO,InventoryDB,Page view: /home by u3424,E103,Page view: {page} by {user}
4368,2026-01-10,11:45:32,INFO,AuthService,Health check passed: AuthService,E102,Health check passed: {service}
4369,2026-01-10,11:26:45,WARN,WebServer,Unauthorized access attempt from 10.0.0.45,E401,Unauthorized access attempt from {ip}
4370,2026-01-10,11:01:11,INFO,WebServer,Transaction tx610643 completed in 1725ms,E104,Transaction {tx} completed in {time}ms
4371,2026-01-10,11:38:39,INFO,WebServer,Transaction tx800086 completed in 350ms,E104,Transaction {tx} completed in {time}ms
4372,2026-01-10,11:12:34,WARN,WebServer,Disk usage > 85% on node node-4,E202,Disk usage > 85% on node {node}
4373,2026-01-10,11:09:51,INFO,WebServer,Page view: /home by u3589,E103,Page view: {page} by {user}
4374,2026-01-10,11:48:39,INFO,PaymentGateway,Transaction tx839212 completed in 1700ms,E104,Transaction {tx} completed in {time}ms
4375,2026-01-10,11:19:30,INFO,AuthService,User u2409 login successful,E101,User {user} login successful
4376,2026-01-10,11:48:17,INFO,WebServer,Health check passed: WebServer,E102,Health check passed: {service}
4377,2026-01-10,11:03:39,INFO,WebServer,User u1895 login successful,E101,User {user} login successful
4378,2026-01-10,11:30:03,INFO,OrderProcessor,Health check passed: OrderProcessor,E102,Health check passed: {service}
4379,2026-01-10,11:37:11,WARN,WebServer,Unauthorized access attempt from 10.0.0.45,E401,Unauthorized access attempt from {ip}
4380,2026-01-10,11:15:58,INFO,PaymentGateway,Page view: /home by u1984,E103,Page view: {page} by {user}
4381,2026-01-10,11:40:37,INFO,PaymentGateway,Transaction tx907246 completed in 1306ms,E104,Transaction {tx} completed in {time}ms
4382,2026-01-10,11:27:09,INFO,OrderProcessor,Transaction tx760639 completed in 1357ms,E104,Transaction {tx} completed in {time}ms
4383,2026-01-10,11:27:36,INFO,PaymentGateway,Health check passed: PaymentGateway,E102,Health check passed: {service}
4384,2026-01-10,11:23:54,INFO,WebServer,Page view: /home by u2475,E103,Page view: {page} by {user}
4385,2026-01-10,11:29:04,INFO,AuthService,Page view: /home by u1381,E103,Page view: {page} by {user}
4386,2026-01-10,11:37:02,INFO,WebServer,Transaction tx232285 completed in 1887ms,E104,Transaction {tx} completed in {time}ms
4387,2026-01-10,11:42:16,INFO,WebServer,Transaction tx585185 completed in 1894ms,E104,Transaction {tx} completed in {time}ms
4388,2026-01-10,11:02:06,WARN,OrderProcessor,Disk usage > 85% on node node-1,E202,Disk usage > 85% on node {node}
4389,2026-01-10,11:41:20,INFO,AuthService,User u1565 login successful,E101,User {user} login successful
4390,2026-01-10,11:28:26,INFO,WebServer,Health check passed: WebServer,E102,Health check passed: {service}
4391,2026-01-10,11:02:07,INFO,WebServer,Health check passed: WebServer,E102,Health check passed: {service}
4392,2026-01-10,11:50:10,INFO,AuthService,Transaction tx761159 completed in 414ms,E104,Transaction {tx} completed in {time}ms
4393,2026-01-10,11:56:41,WARN,AuthService,Disk usage > 85% on node node-4,E202,Disk usage > 85% on node {node}
4394,2026-01-10,11:08:09,INFO,WebServer,Health check passed: WebServer,E102,Health check passed: {service}
4395,2026-01-10,11:27:49,INFO,WebServer,Health check passed: WebServer,E102,Health check passed: {service}
4396,2026-01-10,11:52:04,INFO,AuthService,User u1086 login successful,E101,User {user} login successful
4397,2026-01-10,11:23:13,INFO,PaymentGateway,Health check passed: PaymentGateway,E102,Health check passed: {service}
4398,2026-01-10,11:43:49,ERROR,OrderProcessor,Timeout waiting for lock on InventoryDB,E502,Timeout waiting for lock on {db}
4399,2026-01-10,11:24:28,INFO,WebServer,User u4464 login successful,E101,User {user} login successful
4400,2026-01-10,11:46:09,INFO,AuthService,Transaction tx797256 completed in 364ms,E104,Transaction {tx} completed in {time}ms
4401,2026-01-10,11:07:34,INFO,WebServer,Page view: /home by u4450,E103,Page view: {page} by {user}
4402,2026-01-10,11:30:24,INFO,WebServer,User u2116 login successful,E101,User {user} login successful
4403,2026-01-10,11:31:50,INFO,WebServer,User u2962 login successful,E101,User {user} login successful
4404,2026-01-10,11:39:51,INFO,OrderProcessor,User u1995 login successful,E101,User {user} login successful
4405,2026-01-10,11:48:07,INFO,WebServer,Health check passed: WebServer,E102,Health check passed: {service}
4406,2026-01-10,11:37:59,INFO,PaymentGateway,Transaction tx933127 completed in 875ms,E104,Transaction {tx} completed in {time}ms
4407,2026-01-10,11:25:52,INFO,OrderProcessor,User u3684 login successful,E101,User {user} login successful
4408,2026-01-10,11:16:12,INFO,InventoryDB,Health check passed: InventoryDB,E102,Health check passed: {service}
4409,2026-01-10,11:09:01,INFO,AuthService,Transaction tx293230 completed in 87ms,E104,Transaction {tx} completed in {time}ms
4410,2026-01-10,11:02:03,INFO,WebServer,Health check passed: WebServer,E102,Health check passed: {service}
4411,2026-01-10,11:37:02,INFO,PaymentGateway,Page view: /home by u1160,E103,Page view: {page} by {user}
4412,2026-01-10,11:14:05,INFO,OrderProcessor,User u2860 login successful,E101,User {user} login successful
4413,2026-01-10,11:26:55,INFO,AuthService,Health check passed: AuthService,E102,Health check passed: {service}
4414,2026-01-10,11:19:11,INFO,WebServer,Page view: /home by u2742,E103,Page view: {page} by {user}
4415,2026-01-10,11:50:50,INFO,WebServer,User u1280 login successful,E101,User {user} login successful
4416,2026-01-10,11:52:33,INFO,WebServer,Transaction tx397199 completed in 855ms,E104,Transaction {tx} completed in {time}ms
4417,2026-01-10,11:12:21,INFO,InventoryDB,User u1439 login successful,E101,User {user} login successful
4418,2026-01-10,11:20:52,INFO,WebServer,Page view: /home by u3711,E103,Page view: {page} by {user}
4419,2026-01-10,11:49:24,INFO,OrderProcessor,User u1109 login successful,E101,User {user} login successful
4420,2026-01-10,11:37:30,INFO,PaymentGateway,Health check passed: PaymentGateway,E102,Health check passed: {service}
4421,2026-01-10,11:59:50,INFO,OrderProcessor,Health check passed: OrderProcessor,E102,Health check passed: {service}
4422,2026-01-10,11:01:54,CRITICAL,WebServer,KERNEL PANIC: Node node-5 crashed,E601,KERNEL PANIC: Node {node} crashed
4423,2026-01-10,11:25:30,INFO,WebServer,Transaction tx900840 completed in 1310ms,E104,Transaction {tx} completed in {time}ms
4424,2026-01-10,11:06:45,INFO,PaymentGateway,Page view: /home by u4772,E103,Page view: {page} by {user}
4425,2026-01-10,11:15:50,WARN,WebServer,Disk usage > 85% on node node-4,E202,Disk usage > 85% on node {node}
4426,2026-01-10,11:23:07,INFO,AuthService,User u2189 login successful,E101,User {user} login successful
4427,2026-01-10,11:07:24,ERROR,WebServer,Timeout waiting for lock on InventoryDB,E502,Timeout waiting for lock on {db}
4428,2026-01-10,11:45:50,INFO,PaymentGateway,Page view: /home by u1861,E103,Page view: {page} by {user}
4429,2026-01-10,11:49:49,INFO,AuthService,Transaction tx244943 completed in 1555ms,E104,Transaction {tx} completed in {time}ms
4430,2026-01-10,11:41:30,INFO,OrderProcessor,Transaction tx922143 completed in 1806ms,E104,Transaction {tx} completed in {time}ms
4431,2026-01-10,11:22:18,INFO,AuthService,Health check passed: AuthService,E102,Health check passed: {service}
4432,2026-01-10,11:42:49,INFO,WebServer,User u3568 login successful,E101,User {user} login successful
4433,2026-01-10,11:34:42,INFO,WebServer,Transaction tx324837 completed in 1775ms,E104,Transaction {tx} completed in {time}ms
4434,2026-01-10,11:09:27,INFO,AuthService,Page view: /home by u2632,E103,Page view: {page} by {user}
4435,2026-01-10,11:25:19,INFO,OrderProcessor,Health check passed: OrderProcessor,E102,Health check passed: {service}
4436,2026-01-10,11:06:52,WARN,WebServer,Unauthorized access attempt from 10.0.0.45,E401,Unauthorized access attempt from {ip}
4437,2026-01-10,11:23:00,INFO,WebServer,Transaction tx211585 completed in 1267ms,E104,Transaction {tx} completed in {time}ms
4438,2026-01-10,11:28:44,INFO,OrderProcessor,User u3282 login successful,E101,User {user} login successful
4439,2026-01-10,11:07:49,ERROR,WebServer,Connection refused to WebServer at 10.0.0.88,E501,Connection refused to {service} at {ip}
4440,2026-01-10,11:33:47,INFO,PaymentGateway,Health check passed: PaymentGateway,E102,Health check passed: {service}
4441,2026-01-10,11:49:17,INFO,PaymentGateway,User u2394 login successful,E101,User {user} login successful
4442,2026-01-10,11:23:28,INFO,WebServer,User u3317 login successful,E101,User {user} login successful
4443,2026-01-10,11:47:00,INFO,WebServer,Page view: /home by u3465,E103,Page view: {page} by {user}
4444,2026-01-10,11:08:08,INFO,InventoryDB,Transaction tx851952 completed in 1045ms,E104,Transaction {tx} completed in {time}ms
4445,2026-01-10,11:58:47,INFO,OrderProcessor,User u1207 login successful,E101,User {user} login successful
4446,2026-01-10,11:11:08,INFO,WebServer,Page view: /home by u3530,E103,Page view: {page} by {user}
4447,2026-01-10,11:54:34,INFO,WebServer,Transaction tx903564 completed in 383ms,E104,Transaction {tx} completed in {time}ms
4448,2026-01-10,11:25:51,INFO,AuthService,Page view: /home by u1334,E103,Page view: {page} by {user}
4449,2026-01-10,11:16:16,INFO,WebServer,User u2756 login successful,E101,User {user} login successful
4450,2026-01-10,11:40:24,INFO,WebServer,Health check passed: WebServer,E102,Health check passed: {service}
4451,2026-01-10,11:55:55,INFO,WebServer,Page view: /home by u1546,E103,Page view: {page} by {user}
4452,2026-01-10,11:24:03,INFO,WebServer,User u4066 login successful,E101,User {user} login successful
4453,2026-01-10,11:50:25,INFO,InventoryDB,User u1974 login successful,E101,User {user} login successful
4454,2026-01-10,11:48:10,WARN,PaymentGateway,High latency (451ms) detected on PaymentGateway,E201,High latency ({time}ms) detected on {service}
4455,2026-01-10,11:07:11,INFO,WebServer,Transaction tx132961 completed in 1481ms,E104,Transaction {tx} completed in {time}ms
4456,2026-01-10,11:45:16,INFO,PaymentGateway,Page view: /home by u4322,E103,Page view: {page} by {user}
4457,2026-01-10,11:14:47,INFO,AuthService,User u4760 login successful,E101,User {user} login successful
4458,2026-01-10,11:37:09,INFO,WebServer,Transaction tx661188 completed in 339ms,E104,Transaction {tx} completed in {time}ms
4459,2026-01-10,11:52:02,INFO,PaymentGateway,Page view: /home by u2458,E103,Page view: {page} by {user}
4460,2026-01-10,11:29:44,INFO,WebServer,Transaction tx802750 completed in 372ms,E104,Transaction {tx} completed in {time}ms
4461,2026-01-10,11:16:33,WARN,AuthService,Disk usage > 85% on node node-5,E202,Disk usage > 85% on node {node}
4462,2026-01-10,11:58:25,INFO,OrderProcessor,Health check passed: OrderProcessor,E102,Health check passed: {service}
4463,2026-01-10,11:01:42,INFO,OrderProcessor,Transaction tx117798 completed in 979ms,E104,Transaction {tx} completed in {time}ms
4464,2026-01-10,11:09:34,INFO,WebServer,Transaction tx339450 completed in 712ms,E104,Transaction {tx} completed in {time}ms
4465,2026-01-10,11:10:09,WARN,WebServer,Disk usage > 85% on node node-1,E202,Disk usage > 85% on node {node}
4466,2026-01-10,11:35:51,INFO,WebServer,Transaction tx894193 completed in 1680ms,E104,Transaction {tx} completed in {time}ms
4467,2026-01-10,11:04:30,INFO,AuthService,User u1898 login successful,E101,User {user} login successful
4468,2026-01-10,11:26:30,INFO,WebServer,User u2555 login successful,E101,User {user} login successful
4469,2026-01-10,11:06:30,INFO,WebServer,Health check passed: WebServer,E102,Health check passed: {service}
4470,2026-01-10,11:49:04,CRITICAL,InventoryDB,DATA CORRUPTION detected in sector 646,E602,DATA CORRUPTION detected in sector {sector}
4471,2026-01-10,11:41:02,INFO,PaymentGateway,Transaction tx869728 completed in 491ms,E104,Transaction {tx} completed in {time}ms
4472,2026-01-10,11:40:52,INFO,OrderProcessor,Page view: /home by u3944,E103,Page view: {page} by {user}
4473,2026-01-10,11:25:41,INFO,AuthService,User u1949 login successful,E101,User {user} login successful
4474,2026-01-10,11:36:32,INFO,AuthService,Health check passed: AuthService,E102,Health check passed: {service}
4475,2026-01-10,11:45:59,WARN,WebServer,High latency (1326ms) detected on WebServer,E201,High latency ({time}ms) detected on {service}
4476,2026-01-10,11:47:38,INFO,WebServer,Page view: /home by u2497,E103,Page view: {page} by {user}
4477,2026-01-10,11:39:45,INFO,WebServer,Page view: /home by u3650,E103,Page view: {page} by {user}
4478,2026-01-10,11:45:41,WARN,AuthService,Disk usage > 85% on node node-3,E202,Disk usage > 85% on node {node}
4479,2026-01-10,11:43:14,INFO,WebServer,Health check passed: WebServer,E102,Health check passed: {service}
4480,2026-01-10,11:00:59,INFO,AuthService,User u2887 login successful,E101,User {user} login successful
4481,2026-01-10,11:53:50,INFO,AuthService,Transaction tx465639 completed in 1446ms,E104,Transaction {tx} completed in {time}ms
4482,2026-01-10,11:06:53,INFO,AuthService,Transaction tx919673 completed in 1682ms,E104,Transaction {tx} completed in {time}ms
4483,2026-01-10,11:28:02,INFO,WebServer,Transaction tx348491 completed in 921ms,E104,Transaction {tx} completed in {time}ms
4484,2026-01-10,11:41:19,INFO,PaymentGateway,User u4663 login successful,E101,User {user} login successful
4485,2026-01-10,11:58:16,INFO,WebServer,User u2211 login successful,E101,User {user} login successful
4486,2026-01-10,11:15:01,INFO,AuthService,Health check passed: AuthService,E102,Health check passed: {service}
4487,2026-01-10,11:27:50,INFO,PaymentGateway,User u2444 login successful,E101,User {user} login successful
4488,2026-01-10,11:28:38,INFO,WebServer,User u1659 login successful,E101,User {user} login successful
4489,2026-01-10,11:37:50,WARN,WebServer,High latency (1974ms) detected on WebServer,E201,High latency ({time}ms) detected on {service}
4490,2026-01-10,11:25:21,INFO,OrderProcessor,User u4558 login successful,E101,User {user} login successful
4491,2026-01-10,11:09:01,WARN,PaymentGateway,Disk usage > 85% on node node-2,E202,Disk usage > 85% on node {node}
4492,2026-01-10,11:15:49,INFO,OrderProcessor,User u2203 login successful,E101,User {user} login successful
4493,2026-01-10,11:29:09,INFO,AuthService,User u3335 login successful,E101,User {user} login successful
4494,2026-01-10,11:50:47,INFO,WebServer,User u2668 login successful,E101,User {user} login successful
4495,2026-01-10,11:36:24,INFO,WebServer,User u1303 login successful,E101,User {user} login successful
4496,2026-01-10,11:51:53,INFO,AuthService,Transaction tx452091 completed in 884ms,E104,Transaction {tx} completed in {time}ms
4497,2026-01-10,11:43:13,INFO,PaymentGateway,Page view: /home by u2666,E103,Page view: {page} by {user}
4498,2026-01-10,11:02:50,INFO,WebServer,Health check passed: WebServer,E102,Health check passed: {service}
4499,2026-01-10,11:19:22,INFO,WebServer,User u2111 login successful,E101,User {user} login successful
4500,2026-01-10,11:20:44,INFO,WebServer,User u4338 login successful,E101,User {user} login successful
4501,2026-01-10,11:42:10,INFO,WebServer,User u4957 login successful,E101,User {user} login successful
4502,2026-01-10,11:57:44,INFO,AuthService,User u3273 login successful,E101,User {user} login successful
4503,2026-01-10,11:58:04,WARN,WebServer,High latency (474ms) detected on WebServer,E201,High latency ({time}ms) detected on {service}
4504,2026-01-10,11:27:43,INFO,AuthService,User u1107 login successful,E101,User {user} login successful
4505,2026-01-10,11:49:55,INFO,PaymentGateway,User u2047 login successful,E101,User {user} login successful
4506,2026-01-10,11:24:13,INFO,WebServer,Transaction tx491853 completed in 276ms,E104,Transaction {tx} completed in {time}ms
4507,2026-01-10,11:43:21,INFO,WebServer,Health check passed: WebServer,E102,Health check passed: {service}
4508,2026-01-10,11:02:08,INFO,AuthService,Transaction tx856006 completed in 1732ms,E104,Transaction {tx} completed in {time}ms
4509,2026-01-10,11:40:14,INFO,OrderProcessor,Page view: /home by u3375,E103,Page view: {page} by {user}
4510,2026-01-10,11:42:30,CRITICAL,WebServer,DATA CORRUPTION detected in sector 563,E602,DATA CORRUPTION detected in sector {sector}
4511,2026-01-10,11:46:17,INFO,PaymentGateway,Health check passed: PaymentGateway,E102,Health check passed: {service}
4512,2026-01-10,11:55:41,WARN,OrderProcessor,High latency (550ms) detected on OrderProcessor,E201,High latency ({time}ms) detected on {service}
4513,2026-01-10,11:12:01,WARN,WebServer,Disk usage > 85% on node node-1,E202,Disk usage > 85% on node {node}
4514,2026-01-10,11:35:15,WARN,WebServer,Disk usage > 85% on node node-3,E202,Disk usage > 85% on node {node}
4515,2026-01-10,11:24:51,INFO,OrderProcessor,Page view: /home by u4035,E103,Page view: {page} by {user}
4516,2026-01-10,11:49:41,INFO,InventoryDB,Health check passed: InventoryDB,E102,Health check passed: {service}
4517,2026-01-10,11:37:22,INFO,WebServer,Transaction tx707772 completed in 1101ms,E104,Transaction {tx} completed in {time}ms
4518,2026-01-10,11:54:38,INFO,AuthService,Health check passed: AuthService,E102,Health check passed: {service}
4519,2026-01-10,11:37:44,INFO,AuthService,Transaction tx635308 completed in 1233ms,E104,Transaction {tx} completed in {time}ms
4520,2026-01-10,11:56:56,INFO,OrderProcessor,Page view: /home by u2349,E103,Page view: {page} by {user}
4521,2026-01-10,11:39:57,INFO,WebServer,Transaction tx118187 completed in 549ms,E104,Transaction {tx} completed in {time}ms
4522,2026-01-10,11:58:18,CRITICAL,AuthService,DATA CORRUPTION detected in sector 813,E602,DATA CORRUPTION detected in sector {sector}
4523,2026-01-10,11:18:17,INFO,WebServer,Health check passed: WebServer,E102,Health check passed: {service}
4524,2026-01-10,11:16:15,INFO,AuthService,Transaction tx334773 completed in 356ms,E104,Transaction {tx} completed in {time}ms
4525,2026-01-10,11:37:53,INFO,InventoryDB,Transaction tx750472 completed in 1109ms,E104,Transaction {tx} completed in {time}ms
4526,2026-01-10,11:46:54,INFO,PaymentGateway,Health check passed: PaymentGateway,E102,Health check passed: {service}
4527,2026-01-10,11:40:37,INFO,WebServer,Transaction tx762899 completed in 810ms,E104,Transaction {tx} completed in {time}ms
4528,2026-01-10,11:02:09,INFO,WebServer,Transaction tx229903 completed in 114ms,E104,Transaction {tx} completed in {time}ms
4529,2026-01-10,11:42:27,INFO,WebServer,Page view: /home by u3462,E103,Page view: {page} by {user}
4530,2026-01-10,11:36:23,INFO,AuthService,Page view: /home by u1136,E103,Page view: {page} by {user}
4531,2026-01-10,11:35:51,INFO,WebServer,Transaction tx609982 completed in 1864ms,E104,Transaction {tx} completed in {time}ms
4532,2026-01-10,11:38:18,INFO,WebServer,User u4403 login successful,E101,User {user} login successful
4533,2026-01-10,11:39:55,INFO,WebServer,Health check passed: WebServer,E102,Health check passed: {service}
4534,2026-01-10,11:24:45,INFO,WebServer,Health check passed: WebServer,E102,Health check passed: {service}
4535,2026-01-10,11:11:23,INFO,OrderProcessor,Transaction tx559899 completed in 1163ms,E104,Transaction {tx} completed in {time}ms
4536,2026-01-10,11:00:57,INFO,WebServer,Page view: /home by u1332,E103,Page view: {page} by {user}
4537,2026-01-10,11:17:51,INFO,WebServer,Health check passed: WebServer,E102,Health check passed: {service}
4538,2026-01-10,11:20:04,INFO,WebServer,Health check passed: WebServer,E102,Health check passed: {service}
4539,2026-01-10,11:29:38,INFO,OrderProcessor,Health check passed: OrderProcessor,E102,Health check passed: {service}
4540,2026-01-10,11:35:32,WARN,WebServer,Unauthorized access attempt from 10.0.0.45,E401,Unauthorized access attempt from {ip}
4541,2026-01-10,11:13:34,INFO,WebServer,Health check passed: WebServer,E102,Health check passed: {service}
4542,2026-01-10,11:17:24,INFO,OrderProcessor,User u3685 login successful,E101,User {user} login successful
4543,2026-01-10,11:15:18,INFO,AuthService,Health check passed: AuthService,E102,Health check passed: {service}
4544,2026-01-10,11:10:01,INFO,WebServer,Page view: /home by u4968,E103,Page view: {page} by {user}
4545,2026-01-10,11:38:43,INFO,WebServer,User u1201 login successful,E101,User {user} login successful
4546,2026-01-10,11:03:10,INFO,InventoryDB,Page view: /home by u4615,E103,Page view: {page} by {user}
4547,2026-01-10,11:37:44,INFO,WebServer,Health check passed: WebServer,E102,Health check passed: {service}
4548,2026-01-10,11:38:39,INFO,WebServer,Health check passed: WebServer,E102,Health check passed: {service}
4549,2026-01-10,11:38:39,INFO,WebServer,Page view: /home by u4941,E103,Page view: {page} by {user}
4550,2026-01-10,11:05:55,INFO,OrderProcessor,Health check passed: OrderProcessor,E102,Health check passed: {service}
4551,2026-01-10,11:11:00,INFO,AuthService,Page view: /home by u1181,E103,Page view: {page} by {user}
4552,2026-01-10,11:14:16,INFO,WebServer,Page view: /home by u4400,E103,Page view: {page} by {user}
4553,2026-01-10,11:55:48,INFO,AuthService,Page view: /home by u4320,E103,Page view: {page} by {user}
4554,2026-01-10,11:00:18,INFO,WebServer,Transaction tx490700 completed in 927ms,E104,Transaction {tx} completed in {time}ms
4555,2026-01-10,11:09:08,INFO,WebServer,Transaction tx724544 completed in 1743ms,E104,Transaction {tx} completed in {time}ms
4556,2026-01-10,11:53:20,ERROR,PaymentGateway,Connection refused to PaymentGateway at 10.0.0.45,E501,Connection refused to {service} at {ip}
4557,2026-01-10,11:48:14,INFO,WebServer,Transaction tx468816 completed in 1026ms,E104,Transaction {tx} completed in {time}ms
4558,2026-01-10,11:55:15,INFO,OrderProcessor,Transaction tx975569 completed in 1698ms,E104,Transaction {tx} completed in {time}ms
4559,2026-01-10,11:03:53,ERROR,AuthService,Connection refused to AuthService at 10.0.0.45,E501,Connection refused to {service} at {ip}
4560,2026-01-10,11:37:02,INFO,WebServer,Health check passed: WebServer,E102,Health check passed: {service}
4561,2026-01-10,11:41:06,INFO,OrderProcessor,User u1639 login successful,E101,User {user} login successful
4562,2026-01-10,11:47:09,INFO,InventoryDB,Page view: /home by u2545,E103,Page view: {page} by {user}
4563,2026-01-10,11:21:22,INFO,WebServer,Health check passed: WebServer,E102,Health check passed: {service}
4564,2026-01-10,11:27:54,INFO,WebServer,Page view: /home by u4387,E103,Page view: {page} by {user}
4565,2026-01-10,11:17:27,INFO,PaymentGateway,User u1773 login successful,E101,User {user} login successful
4566,2026-01-10,11:48:31,INFO,AuthService,Transaction tx179150 completed in 44ms,E104,Transaction {tx} completed in {time}ms
4567,2026-01-10,11:01:02,INFO,PaymentGateway,User u1035 login successful,E101,User {user} login successful
4568,2026-01-10,11:14:25,INFO,AuthService,User u1399 login successful,E101,User {user} login successful
4569,2026-01-10,11:44:25,INFO,InventoryDB,Page view: /home by u4800,E103,Page view: {page} by {user}
4570,2026-01-10,11:42:29,INFO,WebServer,User u3278 login successful,E101,User {user} login successful
4571,2026-01-10,11:46:00,INFO,WebServer,Health check passed: WebServer,E102,Health check passed: {service}
4572,2026-01-10,11:28:22,INFO,OrderProcessor,Page view: /home by u3076,E103,Page view: {page} by {user}
4573,2026-01-10,11:00:11,WARN,AuthService,High latency (97ms) detected on AuthService,E201,High latency ({time}ms) detected on {service}
4574,2026-01-10,11:30:21,INFO,OrderProcessor,Health check passed: OrderProcessor,E102,Health check passed: {service}
4575,2026-01-10,11:02:17,INFO,AuthService,Transaction tx264748 completed in 543ms,E104,Transaction {tx} completed in {time}ms
4576,2026-01-10,11:47:15,WARN,AuthService,Unauthorized access attempt from 10.0.0.99,E401,Unauthorized access attempt from {ip}
4577,2026-01-10,11:55:01,INFO,WebServer,Health check passed: WebServer,E102,Health check passed: {service}
4578,2026-01-10,11:39:04,INFO,PaymentGateway,User u2904 login successful,E101,User {user} login successful
4579,2026-01-10,11:10:51,INFO,AuthService,Health check passed: AuthService,E102,Health check passed: {service}
4580,2026-01-10,11:06:07,INFO,OrderProcessor,Health check passed: OrderProcessor,E102,Health check passed: {service}
4581,2026-01-10,11:49:53,INFO,AuthService,Transaction tx814832 completed in 26ms,E104,Transaction {tx} completed in {time}ms
4582,2026-01-10,11:37:16,INFO,AuthService,Transaction tx820917 completed in 484ms,E104,Transaction {tx} completed in {time}ms
4583,2026-01-10,11:58:11,INFO,OrderProcessor,User u4343 login successful,E101,User {user} login successful
4584,2026-01-10,11:19:03,INFO,WebServer,Transaction tx149392 completed in 1960ms,E104,Transaction {tx} completed in {time}ms
4585,2026-01-10,11:36:33,INFO,WebServer,User u1282 login successful,E101,User {user} login successful
4586,2026-01-10,11:11:23,INFO,OrderProcessor,Page view: /home by u2308,E103,Page view: {page} by {user}
4587,2026-01-10,11:47:06,INFO,AuthService,User u1317 login successful,E101,User {user} login successful
4588,2026-01-10,11:48:27,INFO,WebServer,User u1804 login successful,E101,User {user} login successful
4589,2026-01-10,11:23:59,INFO,WebServer,Transaction tx486958 completed in 1393ms,E104,Transaction {tx} completed in {time}ms
4590,2026-01-10,11:39:12,INFO,WebServer,Transaction tx610704 completed in 423ms,E104,Transaction {tx} completed in {time}ms
4591,2026-01-10,11:38:11,INFO,OrderProcessor,Transaction tx367536 completed in 981ms,E104,Transaction {tx} completed in {time}ms
4592,2026-01-10,11:29:25,INFO,WebServer,Health check passed: WebServer,E102,Health check passed: {service}
4593,2026-01-10,11:22:53,INFO,AuthService,User u1414 login successful,E101,User {user} login successful
4594,2026-01-10,11:44:23,INFO,WebServer,Page view: /home by u1691,E103,Page view: {page} by {user}
4595,2026-01-10,11:13:59,INFO,AuthService,Transaction tx807776 completed in 1199ms,E104,Transaction {tx} completed in {time}ms
4596,2026-01-10,11:34:53,INFO,OrderProcessor,Transaction tx398200 completed in 1082ms,E104,Transaction {tx} completed in {time}ms
4597,2026-01-10,11:52:05,INFO,WebServer,Transaction tx171682 completed in 716ms,E104,Transaction {tx} completed in {time}ms
4598,2026-01-10,11:39:21,INFO,WebServer,Health check passed: WebServer,E102,Health check passed: {service}
4599,2026-01-10,11:29:03,INFO,WebServer,Transaction tx857320 completed in 1923ms,E104,Transaction {tx} completed in {time}ms
4600,2026-01-10,11:04:40,INFO,OrderProcessor,Page view: /home by u2699,E103,Page view: {page} by {user}
4601,2026-01-10,11:24:25,INFO,AuthService,Transaction tx371496 completed in 1676ms,E104,Transaction {tx} completed in {time}ms
4602,2026-01-10,11:38:39,INFO,OrderProcessor,User u3436 login successful,E101,User {user} login successful
4603,2026-01-10,11:06:20,INFO,OrderProcessor,Health check passed: OrderProcessor,E102,Health check passed: {service}
4604,2026-01-10,11:51:43,INFO,WebServer,Transaction tx963258 completed in 1741ms,E104,Transaction {tx} completed in {time}ms
4605,2026-01-10,11:42:08,INFO,AuthService,Transaction tx894797 completed in 242ms,E104,Transaction {tx} completed in {time}ms
4606,2026-01-10,11:38:08,INFO,AuthService,Page view: /home by u2485,E103,Page view: {page} by {user}
4607,2026-01-10,11:04:19,INFO,OrderProcessor,Page view: /home by u2320,E103,Page view: {page} by {user}
4608,2026-01-10,11:14:13,INFO,WebServer,Health check passed: WebServer,E102,Health check passed: {service}
4609,2026-01-10,11:22:59,INFO,WebServer,Health check passed: WebServer,E102,Health check passed: {service}
4610,2026-01-10,11:10:38,INFO,PaymentGateway,Transaction tx312408 completed in 1757ms,E104,Transaction {tx} completed in {time}ms
4611,2026-01-10,11:10:32,INFO,WebServer,Transaction tx872250 completed in 1743ms,E104,Transaction {tx} completed in {time}ms
4612,2026-01-10,11:40:29,INFO,WebServer,Health check passed: WebServer,E102,Health check passed: {service}
4613,2026-01-10,11:29:50,INFO,OrderProcessor,Transaction tx984276 completed in 1693ms,E104,Transaction {tx} completed in {time}ms
4614,2026-01-10,11:39:14,INFO,WebServer,Page view: /home by u2426,E103,Page view: {page} by {user}
4615,2026-01-10,11:33:28,INFO,WebServer,User u4801 login successful,E101,User {user} login successful
4616,2026-01-10,11:01:43,ERROR,WebServer,Connection refused to WebServer at 10.0.0.12,E501,Connection refused to {service} at {ip}
4617,2026-01-10,11:09:00,INFO,AuthService,Page view: /home by u2358,E103,Page view: {page} by {user}
4618,2026-01-10,11:22:49,INFO,WebServer,Health check passed: WebServer,E102,Health check passed: {service}
4619,2026-01-10,11:12:52,INFO,WebServer,Page view: /home by u3804,E103,Page view: {page} by {user}
4620,2026-01-10,11:24:44,WARN,WebServer,Disk usage > 85% on node node-5,E202,Disk usage > 85% on node {node}
4621,2026-01-10,11:39:49,INFO,WebServer,Page view: /home by u3590,E103,Page view: {page} by {user}
4622,2026-01-10,11:47:08,WARN,AuthService,High latency (445ms) detected on AuthService,E201,High latency ({time}ms) detected on {service}
4623,2026-01-10,11:22:37,WARN,InventoryDB,Unauthorized access attempt from 10.0.0.45,E401,Unauthorized access attempt from {ip}
4624,2026-01-10,11:51:04,INFO,AuthService,Transaction tx931738 completed in 1497ms,E104,Transaction {tx} completed in {time}ms
4625,2026-01-10,11:15:50,INFO,WebServer,User u2818 login successful,E101,User {user} login successful
4626,2026-01-10,11:39:43,INFO,WebServer,Health check passed: WebServer,E102,Health check passed: {service}
4627,2026-01-10,11:53:18,INFO,WebServer,User u3136 login successful,E101,User {user} login successful
4628,2026-01-10,11:00:34,INFO,WebServer,Page view: /home by u3296,E103,Page view: {page} by {user}
4629,2026-01-10,11:21:39,INFO,PaymentGateway,Page view: /home by u1266,E103,Page view: {page} by {user}
4630,2026-01-10,11:05:56,INFO,AuthService,User u2264 login successful,E101,User {user} login successful
4631,2026-01-10,11:34:22,INFO,InventoryDB,Transaction tx603842 completed in 1151ms,E104,Transaction {tx} completed in {time}ms
4632,2026-01-10,11:23:24,INFO,OrderProcessor,User u1325 login successful,E101,User {user} login successful
4633,2026-01-10,11:00:36,INFO,OrderProcessor,Page view: /home by u4705,E103,Page view: {page} by {user}
4634,2026-01-10,11:00:02,INFO,InventoryDB,Page view: /home by u2502,E103,Page view: {page} by {user}
4635,2026-01-10,11:43:21,INFO,WebServer,User u1679 login successful,E101,User {user} login successful
4636,2026-01-10,11:14:15,INFO,WebServer,Health check passed: WebServer,E102,Health check passed: {service}
4637,2026-01-10,11:16:18,INFO,WebServer,Transaction tx519241 completed in 766ms,E104,Transaction {tx} completed in {time}ms
4638,2026-01-10,11:56:36,INFO,OrderProcessor,Transaction tx124842 completed in 1785ms,E104,Transaction {tx} completed in {time}ms
4639,2026-01-10,11:08:37,INFO,WebServer,Page view: /home by u2134,E103,Page view: {page} by {user}
4640,2026-01-10,11:58:36,INFO,WebServer,Transaction tx803031 completed in 70ms,E104,Transaction {tx} completed in {time}ms
4641,2026-01-10,11:52:49,INFO,WebServer,Page view: /home by u1793,E103,Page view: {page} by {user}
4642,2026-01-10,11:24:38,INFO,WebServer,Transaction tx466711 completed in 534ms,E104,Transaction {tx} completed in {time}ms
4643,2026-01-10,11:28:34,INFO,AuthService,Page view: /home by u1302,E103,Page view: {page} by {user}
4644,2026-01-10,11:46:42,INFO,PaymentGateway,User u1041 login successful,E101,User {user} login successful
4645,2026-01-10,11:30:10,INFO,WebServer,Health check passed: WebServer,E102,Health check passed: {service}
4646,2026-01-10,11:35:13,INFO,AuthService,Transaction tx482537 completed in 312ms,E104,Transaction {tx} completed in {time}ms
4647,2026-01-10,11:46:23,INFO,OrderProcessor,Page view: /home by u2325,E103,Page view: {page} by {user}
4648,2026-01-10,11:09:01,INFO,AuthService,User u2249 login successful,E101,User {user} login successful
4649,2026-01-10,11:27:19,INFO,AuthService,User u4706 login successful,E101,User {user} login successful
4650,2026-01-10,11:29:29,INFO,WebServer,User u3691 login successful,E101,User {user} login successful
4651,2026-01-10,11:41:13,INFO,WebServer,Page view: /home by u2309,E103,Page view: {page} by {user}
4652,2026-01-10,11:30:17,INFO,WebServer,User u2223 login successful,E101,User {user} login successful
4653,2026-01-10,11:12:45,INFO,WebServer,Page view: /home by u1655,E103,Page view: {page} by {user}
4654,2026-01-10,11:15:22,INFO,PaymentGateway,Transaction tx790369 completed in 460ms,E104,Transaction {tx} completed in {time}ms
4655,2026-01-10,11:17:07,WARN,InventoryDB,Unauthorized access attempt from 10.0.0.45,E401,Unauthorized access attempt from {ip}
4656,2026-01-10,11:48:59,INFO,WebServer,Health check passed: WebServer,E102,Health check passed: {service}
4657,2026-01-10,11:30:12,INFO,InventoryDB,Page view: /home by u1237,E103,Page view: {page} by {user}
4658,2026-01-10,11:27:42,INFO,AuthService,Transaction tx196767 completed in 1002ms,E104,Transaction {tx} completed in {time}ms
4659,2026-01-10,11:33:47,INFO,WebServer,Health check passed: WebServer,E102,Health check passed: {service}
4660,2026-01-10,11:44:07,INFO,AuthService,Transaction tx296197 completed in 1492ms,E104,Transaction {tx} completed in {time}ms
4661,2026-01-10,11:29:10,INFO,WebServer,Health check passed: WebServer,E102,Health check passed: {service}
4662,2026-01-10,11:42:21,INFO,WebServer,User u3961 login successful,E101,User {user} login successful
4663,2026-01-10,11:15:14,INFO,AuthService,User u2381 login successful,E101,User {user} login successful
4664,2026-01-10,11:00:17,INFO,WebServer,Transaction tx786765 completed in 266ms,E104,Transaction {tx} completed in {time}ms
4665,2026-01-10,11:05:46,INFO,WebServer,Transaction tx618410 completed in 888ms,E104,Transaction {tx} completed in {time}ms
4666,2026-01-10,11:56:36,WARN,InventoryDB,Disk usage > 85% on node node-2,E202,Disk usage > 85% on node {node}
4667,2026-01-10,11:05:22,INFO,PaymentGateway,Transaction tx121430 completed in 1130ms,E104,Transaction {tx} completed in {time}ms
4668,2026-01-10,11:17:22,INFO,WebServer,Health check passed: WebServer,E102,Health check passed: {service}
4669,2026-01-10,11:37:12,INFO,WebServer,Transaction tx360148 completed in 1735ms,E104,Transaction {tx} completed in {time}ms
4670,2026-01-10,11:18:14,INFO,WebServer,Page view: /home by u4346,E103,Page view: {page} by {user}
4671,2026-01-10,11:12:53,INFO,OrderProcessor,User u3249 login successful,E101,User {user} login successful
4672,2026-01-10,11:20:59,INFO,WebServer,Health check passed: WebServer,E102,Health check passed: {service}
4673,2026-01-10,11:24:14,INFO,AuthService,Transaction tx608290 completed in 586ms,E104,Transaction {tx} completed in {time}ms
4674,2026-01-10,11:09:31,WARN,WebServer,High latency (1094ms) detected on WebServer,E201,High latency ({time}ms) detected on {service}
4675,2026-01-10,11:41:18,INFO,InventoryDB,Health check passed: InventoryDB,E102,Health check passed: {service}
4676,2026-01-10,11:45:44,INFO,OrderProcessor,Page view: /home by u2605,E103,Page view: {page} by {user}
4677,2026-01-10,11:37:09,INFO,WebServer,User u4079 login successful,E101,User {user} login successful
4678,2026-01-10,11:11:32,INFO,WebServer,Transaction tx208799 completed in 773ms,E104,Transaction {tx} completed in {time}ms
4679,2026-01-10,11:44:44,INFO,WebServer,Transaction tx467156 completed in 387ms,E104,Transaction {tx} completed in {time}ms
4680,2026-01-10,11:07:17,INFO,WebServer,Health check passed: WebServer,E102,Health check passed: {service}
4681,2026-01-10,11:20:04,INFO,OrderProcessor,Health check passed: OrderProcessor,E102,Health check passed: {service}
4682,2026-01-10,11:14:57,INFO,WebServer,User u3010 login successful,E101,User {user} login successful
4683,2026-01-10,11:03:13,INFO,WebServer,Page view: /home by u1577,E103,Page view: {page} by {user}
4684,2026-01-10,11:51:04,ERROR,WebServer,Connection refused to WebServer at 10.0.0.88,E501,Connection refused to {service} at {ip}
4685,2026-01-10,11:53:51,INFO,WebServer,Page view: /home by u3592,E103,Page view: {page} by {user}
4686,2026-01-10,11:13:27,INFO,AuthService,Transaction tx893688 completed in 1357ms,E104,Transaction {tx} completed in {time}ms
4687,2026-01-10,11:12:21,INFO,PaymentGateway,Health check passed: PaymentGateway,E102,Health check passed: {service}
4688,2026-01-10,11:19:46,INFO,AuthService,Health check passed: AuthService,E102,Health check passed: {service}
4689,2026-01-10,11:50:39,INFO,AuthService,Page view: /home by u2148,E103,Page view: {page} by {user}
4690,2026-01-10,11:39:17,INFO,WebServer,Transaction tx355544 completed in 1235ms,E104,Transaction {tx} completed in {time}ms
4691,2026-01-10,11:36:41,INFO,PaymentGateway,Transaction tx777729 completed in 782ms,E104,Transaction {tx} completed in {time}ms
4692,2026-01-10,11:28:13,INFO,WebServer,Health check passed: WebServer,E102,Health check passed: {service}
4693,2026-01-10,11:46:12,INFO,WebServer,Transaction tx863654 completed in 1087ms,E104,Transaction {tx} completed in {time}ms
4694,2026-01-10,11:40:56,INFO,OrderProcessor,User u3136 login successful,E101,User {user} login successful
4695,2026-01-10,11:23:37,WARN,WebServer,Disk usage > 85% on node node-3,E202,Disk usage > 85% on node {node}
4696,2026-01-10,11:01:11,INFO,AuthService,Health check passed: AuthService,E102,Health check passed: {service}
4697,2026-01-10,11:38:46,INFO,WebServer,Health check passed: WebServer,E102,Health check passed: {service}
4698,2026-01-10,11:38:20,INFO,PaymentGateway,Page view: /home by u2572,E103,Page view: {page} by {user}
4699,2026-01-10,11:23:21,ERROR,WebServer,Connection refused to WebServer at 10.0.0.88,E501,Connection refused to {service} at {ip}
4700,2026-01-10,11:53:34,INFO,AuthService,Page view: /home by u2140,E103,Page view: {page} by {user}
4701,2026-01-10,11:11:18,INFO,AuthService,User u2306 login successful,E101,User {user} login successful
4702,2026-01-10,11:39:39,INFO,WebServer,Transaction tx285911 completed in 1222ms,E104,Transaction {tx} completed in {time}ms
4703,2026-01-10,11:07:01,INFO,AuthService,User u4991 login successful,E101,User {user} login successful
4704,2026-01-10,11:05:05,WARN,WebServer,Unauthorized access attempt from 10.0.0.12,E401,Unauthorized access attempt from {ip}
4705,2026-01-10,11:39:53,INFO,AuthService,Health check passed: AuthService,E102,Health check passed: {service}
4706,2026-01-10,11:37:50,INFO,WebServer,User u2843 login successful,E101,User {user} login successful
4707,2026-01-10,11:08:52,INFO,PaymentGateway,Transaction tx605598 completed in 625ms,E104,Transaction {tx} completed in {time}ms
4708,2026-01-10,11:52:07,INFO,OrderProcessor,Transaction tx936538 completed in 481ms,E104,Transaction {tx} completed in {time}ms
4709,2026-01-10,11:06:32,INFO,AuthService,Page view: /home by u3280,E103,Page view: {page} by {user}
4710,2026-01-10,11:21:29,INFO,PaymentGateway,Health check passed: PaymentGateway,E102,Health check passed: {service}
4711,2026-01-10,11:42:59,INFO,WebServer,Transaction tx527101 completed in 187ms,E104,Transaction {tx} completed in {time}ms
4712,2026-01-10,11:34:04,WARN,WebServer,Unauthorized access attempt from 10.0.0.88,E401,Unauthorized access attempt from {ip}
4713,2026-01-10,11:48:06,WARN,AuthService,Unauthorized access attempt from 10.0.0.45,E401,Unauthorized access attempt from {ip}
4714,2026-01-10,11:29:59,INFO,WebServer,Transaction tx917970 completed in 206ms,E104,Transaction {tx} completed in {time}ms
4715,2026-01-10,11:30:52,INFO,PaymentGateway,Page view: /home by u2248,E103,Page view: {page} by {user}
4716,2026-01-10,11:51:40,INFO,AuthService,Health check passed: AuthService,E102,Health check passed: {service}
4717,2026-01-10,11:57:09,INFO,WebServer,Page view: /home by u3529,E103,Page view: {page} by {user}
4718,2026-01-10,11:20:34,INFO,WebServer,Page view: /home by u3565,E103,Page view: {page} by {user}
4719,2026-01-10,11:44:03,WARN,InventoryDB,Disk usage > 85% on node node-5,E202,Disk usage > 85% on node {node}
4720,2026-01-10,11:44:30,INFO,OrderProcessor,User u3004 login successful,E101,User {user} login successful
4721,2026-01-10,11:13:59,INFO,AuthService,Health check passed: AuthService,E102,Health check passed: {service}
4722,2026-01-10,11:50:31,INFO,WebServer,Page view: /home by u4483,E103,Page view: {page} by {user}
4723,2026-01-10,11:40:32,INFO,WebServer,Health check passed: WebServer,E102,Health check passed: {service}
4724,2026-01-10,11:52:21,INFO,WebServer,Page view: /home by u4613,E103,Page view: {page} by {user}
4725,2026-01-10,11:42:42,INFO,PaymentGateway,User u4697 login successful,E101,User {user} login successful
4726,2026-01-10,11:21:32,INFO,WebServer,User u1120 login successful,E101,User {user} login successful
4727,2026-01-10,11:06:19,INFO,WebServer,Health check passed: WebServer,E102,Health check passed: {service}
4728,2026-01-10,11:19:42,INFO,AuthService,Health check passed: AuthService,E102,Health check passed: {service}
4729,2026-01-10,11:10:26,INFO,WebServer,Page view: /home by u2134,E103,Page view: {page} by {user}
4730,2026-01-10,11:14:48,INFO,OrderProcessor,Transaction tx542288 completed in 379ms,E104,Transaction {tx} completed in {time}ms
4731,2026-01-10,11:01:25,INFO,WebServer,Transaction tx396875 completed in 517ms,E104,Transaction {tx} completed in {time}ms
4732,2026-01-10,11:02:04,WARN,AuthService,High latency (1353ms) detected on AuthService,E201,High latency ({time}ms) detected on {service}
4733,2026-01-10,11:15:25,INFO,WebServer,Page view: /home by u4047,E103,Page view: {page} by {user}
4734,2026-01-10,11:47:15,INFO,WebServer,Page view: /home by u1943,E103,Page view: {page} by {user}
4735,2026-01-10,11:51:33,WARN,InventoryDB,Unauthorized access attempt from 10.0.0.12,E401,Unauthorized access attempt from {ip}
4736,2026-01-10,11:25:41,INFO,OrderProcessor,Health check passed: OrderProcessor,E102,Health check passed: {service}
4737,2026-01-10,11:03:36,INFO,InventoryDB,Page view: /home by u4468,E103,Page view: {page} by {user}
4738,2026-01-10,11:52:36,INFO,WebServer,Page view: /home by u3619,E103,Page view: {page} by {user}
4739,2026-01-10,11:10:40,INFO,WebServer,Health check passed: WebServer,E102,Health check passed: {service}
4740,2026-01-10,11:46:54,INFO,WebServer,User u3394 login successful,E101,User {user} login successful
4741,2026-01-10,11:48:33,INFO,OrderProcessor,Health check passed: OrderProcessor,E102,Health check passed: {service}
4742,2026-01-10,11:25:37,INFO,WebServer,Transaction tx860430 completed in 1298ms,E104,Transaction {tx} completed in {time}ms
4743,2026-01-10,11:17:18,INFO,OrderProcessor,User u1040 login successful,E101,User {user} login successful
4744,2026-01-10,11:39:09,INFO,WebServer,User u1487 login successful,E101,User {user} login successful
4745,2026-01-10,11:59:00,WARN,AuthService,Unauthorized access attempt from 10.0.0.45,E401,Unauthorized access attempt from {ip}
4746,2026-01-10,11:26:02,INFO,AuthService,Transaction tx914874 completed in 1443ms,E104,Transaction {tx} completed in {time}ms
4747,2026-01-10,11:29:49,INFO,AuthService,Health check passed: AuthService,E102,Health check passed: {service}
4748,2026-01-10,11:01:30,INFO,WebServer,User u4622 login successful,E101,User {user} login successful
4749,2026-01-10,11:17:17,INFO,AuthService,User u2289 login successful,E101,User {user} login successful
4750,2026-01-10,11:57:58,INFO,PaymentGateway,Health check passed: PaymentGateway,E102,Health check passed: {service}
4751,2026-01-10,11:22:38,INFO,AuthService,Health check passed: AuthService,E102,Health check passed: {service}
4752,2026-01-10,11:21:36,INFO,OrderProcessor,Transaction tx184519 completed in 1347ms,E104,Transaction {tx} completed in {time}ms
4753,2026-01-10,11:42:19,WARN,InventoryDB,High latency (915ms) detected on InventoryDB,E201,High latency ({time}ms) detected on {service}
4754,2026-01-10,11:36:34,WARN,WebServer,Unauthorized access attempt from 10.0.0.12,E401,Unauthorized access attempt from {ip}
4755,2026-01-10,11:09:42,INFO,WebServer,Page view: /home by u1996,E103,Page view: {page} by {user}
4756,2026-01-10,11:10:40,INFO,WebServer,Transaction tx236837 completed in 1954ms,E104,Transaction {tx} completed in {time}ms
4757,2026-01-10,11:40:41,INFO,InventoryDB,Health check passed: InventoryDB,E102,Health check passed: {service}
4758,2026-01-10,11:30:09,INFO,OrderProcessor,Page view: /home by u2933,E103,Page view: {page} by {user}
4759,2026-01-10,11:06:56,ERROR,InventoryDB,Timeout waiting for lock on InventoryDB,E502,Timeout waiting for lock on {db}
4760,2026-01-10,11:37:05,INFO,AuthService,Transaction tx837249 completed in 1873ms,E104,Transaction {tx} completed in {time}ms
4761,2026-01-10,11:49:24,INFO,AuthService,Page view: /home by u1693,E103,Page view: {page} by {user}
4762,2026-01-10,11:13:25,INFO,InventoryDB,Health check passed: InventoryDB,E102,Health check passed: {service}
4763,2026-01-10,11:29:08,ERROR,WebServer,Connection refused to WebServer at 10.0.0.88,E501,Connection refused to {service} at {ip}
4764,2026-01-10,11:11:26,INFO,WebServer,Page view: /home by u1481,E103,Page view: {page} by {user}
4765,2026-01-10,11:16:33,INFO,PaymentGateway,Transaction tx668910 completed in 1345ms,E104,Transaction {tx} completed in {time}ms
4766,2026-01-10,11:20:18,INFO,OrderProcessor,User u3821 login successful,E101,User {user} login successful
4767,2026-01-10,11:40:02,INFO,OrderProcessor,User u2128 login successful,E101,User {user} login successful
4768,2026-01-10,11:09:20,INFO,OrderProcessor,Health check passed: OrderProcessor,E102,Health check passed: {service}
4769,2026-01-10,11:21:16,INFO,WebServer,Health check passed: WebServer,E102,Health check passed: {service}
4770,2026-01-10,11:34:27,WARN,WebServer,Disk usage > 85% on node node-5,E202,Disk usage > 85% on node {node}
4771,2026-01-10,11:55:56,INFO,AuthService,Health check passed: AuthService,E102,Health check passed: {service}
4772,2026-01-10,11:37:57,INFO,WebServer,Transaction tx995068 completed in 1323ms,E104,Transaction {tx} completed in {time}ms
4773,2026-01-10,11:01:58,WARN,WebServer,Unauthorized access attempt from 10.0.0.99,E401,Unauthorized access attempt from {ip}
4774,2026-01-10,11:26:42,INFO,WebServer,Health check passed: WebServer,E102,Health check passed: {service}
4775,2026-01-10,11:16:20,INFO,WebServer,User u2771 login successful,E101,User {user} login successful
4776,2026-01-10,11:48:56,INFO,OrderProcessor,Transaction tx450517 completed in 766ms,E104,Transaction {tx} completed in {time}ms
4777,2026-01-10,11:04:05,INFO,WebServer,Health check passed: WebServer,E102,Health check passed: {service}
4778,2026-01-10,11:08:15,INFO,PaymentGateway,Page view: /home by u4210,E103,Page view: {page} by {user}
4779,2026-01-10,11:11:28,INFO,AuthService,User u4113 login successful,E101,User {user} login successful
4780,2026-01-10,11:39:36,INFO,PaymentGateway,Health check passed: PaymentGateway,E102,Health check passed: {service}
4781,2026-01-10,11:29:41,INFO,AuthService,Health check passed: AuthService,E102,Health check passed: {service}
4782,2026-01-10,11:31:43,INFO,WebServer,Health check passed: WebServer,E102,Health check passed: {service}
4783,2026-01-10,11:06:05,INFO,WebServer,User u2615 login successful,E101,User {user} login successful
4784,2026-01-10,11:11:10,INFO,WebServer,User u2971 login successful,E101,User {user} login successful
4785,2026-01-10,11:39:19,INFO,AuthService,Transaction tx378905 completed in 1546ms,E104,Transaction {tx} completed in {time}ms
4786,2026-01-10,11:18:21,INFO,WebServer,User u3871 login successful,E101,User {user} login successful
4787,2026-01-10,11:32:54,INFO,WebServer,Health check passed: WebServer,E102,Health check passed: {service}
4788,2026-01-10,11:47:53,INFO,PaymentGateway,Health check passed: PaymentGateway,E102,Health check passed: {service}
4789,2026-01-10,11:14:31,INFO,WebServer,Transaction tx681604 completed in 202ms,E104,Transaction {tx} completed in {time}ms
4790,2026-01-10,11:08:23,INFO,OrderProcessor,Health check passed: OrderProcessor,E102,Health check passed: {service}
4791,2026-01-10,11:07:12,INFO,AuthService,Page view: /home by u4104,E103,Page view: {page} by {user}
4792,2026-01-10,11:05:09,INFO,WebServer,User u4449 login successful,E101,User {user} login successful
4793,2026-01-10,11:34:08,INFO,PaymentGateway,Health check passed: PaymentGateway,E102,Health check passed: {service}
4794,2026-01-10,11:46:38,INFO,WebServer,User u3154 login successful,E101,User {user} login successful
4795,2026-01-10,11:09:35,INFO,PaymentGateway,User u2277 login successful,E101,User {user} login successful
4796,2026-01-10,11:07:30,INFO,OrderProcessor,Health check passed: OrderProcessor,E102,Health check passed: {service}
4797,2026-01-10,11:39:04,INFO,OrderProcessor,Transaction tx525358 completed in 1747ms,E104,Transaction {tx} completed in {time}ms
4798,2026-01-10,11:29:53,INFO,AuthService,Health check passed: AuthService,E102,Health check passed: {service}
4799,2026-01-10,11:36:09,INFO,WebServer,Health check passed: WebServer,E102,Health check passed: {service}
4800,2026-01-10,11:41:26,INFO,WebServer,User u2308 login successful,E101,User {user} login successful
4801,2026-01-10,11:01:16,INFO,AuthService,Page view: /home by u2113,E103,Page view: {page} by {user}
4802,2026-01-10,11:42:47,INFO,WebServer,Health check passed: WebServer,E102,Health check passed: {service}
4803,2026-01-10,11:55:23,INFO,WebServer,Page view: /home by u4009,E103,Page view: {page} by {user}
4804,2026-01-10,11:05:08,INFO,WebServer,Health check passed: WebServer,E102,Health check passed: {service}
4805,2026-01-10,11:19:14,INFO,PaymentGateway,Transaction tx809915 completed in 460ms,E104,Transaction {tx} completed in {time}ms
4806,2026-01-10,11:21:18,INFO,WebServer,Transaction tx479979 completed in 1822ms,E104,Transaction {tx} completed in {time}ms
4807,2026-01-10,11:24:13,INFO,WebServer,Transaction tx640831 completed in 624ms,E104,Transaction {tx} completed in {time}ms
4808,2026-01-10,11:08:36,INFO,AuthService,Page view: /home by u1604,E103,Page view: {page} by {user}
4809,2026-01-10,11:18:34,INFO,AuthService,User u1563 login successful,E101,User {user} login successful
4810,2026-01-10,11:06:01,INFO,InventoryDB,Page view: /home by u1221,E103,Page view: {page} by {user}
4811,2026-01-10,11:54:05,INFO,WebServer,Transaction tx970519 completed in 1219ms,E104,Transaction {tx} completed in {time}ms
4812,2026-01-10,11:45:31,WARN,AuthService,Disk usage > 85% on node node-4,E202,Disk usage > 85% on node {node}
4813,2026-01-10,11:00:06,INFO,WebServer,Page view: /home by u4245,E103,Page view: {page} by {user}
4814,2026-01-10,11:11:56,INFO,WebServer,Page view: /home by u3729,E103,Page view: {page} by {user}
4815,2026-01-10,11:53:59,INFO,WebServer,Page view: /home by u1090,E103,Page view: {page} by {user}
4816,2026-01-10,11:11:25,INFO,WebServer,Page view: /home by u4432,E103,Page view: {page} by {user}
4817,2026-01-10,11:23:13,INFO,PaymentGateway,Health check passed: PaymentGateway,E102,Health check passed: {service}
4818,2026-01-10,11:44:54,INFO,InventoryDB,User u2169 login successful,E101,User {user} login successful
4819,2026-01-10,11:56:51,WARN,WebServer,Unauthorized access attempt from 10.0.0.45,E401,Unauthorized access attempt from {ip}
4820,2026-01-10,11:28:19,INFO,WebServer,Transaction tx902602 completed in 491ms,E104,Transaction {tx} completed in {time}ms
4821,2026-01-10,11:43:41,INFO,WebServer,Page view: /home by u3888,E103,Page view: {page} by {user}
4822,2026-01-10,11:04:16,INFO,WebServer,Health check passed: WebServer,E102,Health check passed: {service}
4823,2026-01-10,11:00:46,INFO,WebServer,Health check passed: WebServer,E102,Health check passed: {service}
4824,2026-01-10,11:05:58,INFO,WebServer,Health check passed: WebServer,E102,Health check passed: {service}
4825,2026-01-10,11:32:18,INFO,WebServer,Health check passed: WebServer,E102,Health check passed: {service}
4826,2026-01-10,11:01:00,INFO,OrderProcessor,Health check passed: OrderProcessor,E102,Health check passed: {service}
4827,2026-01-10,11:17:44,INFO,WebServer,Transaction tx436246 completed in 33ms,E104,Transaction {tx} completed in {time}ms
4828,2026-01-10,11:17:41,INFO,PaymentGateway,Page view: /home by u3089,E103,Page view: {page} by {user}
4829,2026-01-10,11:43:30,INFO,WebServer,Transaction tx898593 completed in 1031ms,E104,Transaction {tx} completed in {time}ms
4830,2026-01-10,11:44:25,WARN,InventoryDB,High latency (353ms) detected on InventoryDB,E201,High latency ({time}ms) detected on {service}
4831,2026-01-10,11:00:20,INFO,OrderProcessor,Page view: /home by u1940,E103,Page view: {page} by {user}
4832,2026-01-10,11:42:31,INFO,OrderProcessor,Page view: /home by u3971,E103,Page view: {page} by {user}
4833,2026-01-10,11:21:30,WARN,WebServer,Unauthorized access attempt from 10.0.0.45,E401,Unauthorized access attempt from {ip}
4834,2026-01-10,11:52:42,INFO,WebServer,Page view: /home by u4384,E103,Page view: {page} by {user}
4835,2026-01-10,11:35:28,INFO,WebServer,Transaction tx200095 completed in 700ms,E104,Transaction {tx} completed in {time}ms
4836,2026-01-10,11:48:45,INFO,WebServer,Page view: /home by u3966,E103,Page view: {page} by {user}
4837,2026-01-10,11:18:31,INFO,PaymentGateway,Health check passed: PaymentGateway,E102,Health check passed: {service}
4838,2026-01-10,11:58:42,INFO,WebServer,Transaction tx909491 completed in 1912ms,E104,Transaction {tx} completed in {time}ms
4839,2026-01-10,11:16:21,INFO,WebServer,Health check passed: WebServer,E102,Health check passed: {service}
4840,2026-01-10,11:04:04,INFO,InventoryDB,Transaction tx581855 completed in 753ms,E104,Transaction {tx} completed in {time}ms
4841,2026-01-10,11:56:14,INFO,WebServer,User u3024 login successful,E101,User {user} login successful
4842,2026-01-10,11:35:23,INFO,WebServer,Page view: /home by u2826,E103,Page view: {page} by {user}
4843,2026-01-10,11:42:32,INFO,PaymentGateway,Health check passed: PaymentGateway,E102,Health check passed: {service}
4844,2026-01-10,11:04:21,INFO,AuthService,User u3096 login successful,E101,User {user} login successful
4845,2026-01-10,11:00:40,INFO,WebServer,User u4055 login successful,E101,User {user} login successful
4846,2026-01-10,11:13:46,INFO,WebServer,Page view: /home by u2719,E103,Page view: {page} by {user}
4847,2026-01-10,11:07:14,INFO,AuthService,User u2259 login successful,E101,User {user} login successful
4848,2026-01-10,11:03:16,INFO,AuthService,Page view: /home by u3939,E103,Page view: {page} by {user}
4849,2026-01-10,11:32:04,INFO,WebServer,User u1737 login successful,E101,User {user} login successful
4850,2026-01-10,11:48:48,INFO,WebServer,Health check passed: WebServer,E102,Health check passed: {service}
4851,2026-01-10,11:38:33,INFO,PaymentGateway,Health check passed: PaymentGateway,E102,Health check passed: {service}
4852,2026-01-10,11:40:21,INFO,WebServer,User u1846 login successful,E101,User {user} login successful
4853,2026-01-10,11:42:36,INFO,WebServer,Health check passed: WebServer,E102,Health check passed: {service}
4854,2026-01-10,11:53:28,INFO,PaymentGateway,User u4003 login successful,E101,User {user} login successful
4855,2026-01-10,11:55:21,INFO,AuthService,Page view: /home by u1010,E103,Page view: {page} by {user}
4856,2026-01-10,11:42:45,INFO,InventoryDB,Health check passed: InventoryDB,E102,Health check passed: {service}
4857,2026-01-10,11:04:48,INFO,WebServer,Health check passed: WebServer,E102,Health check passed: {service}
4858,2026-01-10,11:06:42,INFO,WebServer,Page view: /home by u4655,E103,Page view: {page} by {user}
4859,2026-01-10,11:34:20,INFO,WebServer,Transaction tx397596 completed in 824ms,E104,Transaction {tx} completed in {time}ms
4860,2026-01-10,11:08:24,INFO,WebServer,User u4435 login successful,E101,User {user} login successful
4861,2026-01-10,11:05:19,INFO,WebServer,Page view: /home by u2717,E103,Page view: {page} by {user}
4862,2026-01-10,11:53:13,INFO,OrderProcessor,Transaction tx690199 completed in 920ms,E104,Transaction {tx} completed in {time}ms
4863,2026-01-10,11:34:19,INFO,AuthService,Transaction tx636090 completed in 1281ms,E104,Transaction {tx} completed in {time}ms
4864,2026-01-10,11:26:16,INFO,AuthService,Transaction tx651586 completed in 1882ms,E104,Transaction {tx} completed in {time}ms
4865,2026-01-10,11:04:46,INFO,AuthService,Health check passed: AuthService,E102,Health check passed: {service}
4866,2026-01-10,11:18:13,INFO,WebServer,Health check passed: WebServer,E102,Health check passed: {service}
4867,2026-01-10,11:22:06,INFO,WebServer,Page view: /home by u2033,E103,Page view: {page} by {user}
4868,2026-01-10,11:22:24,INFO,OrderProcessor,Health check passed: OrderProcessor,E102,Health check passed: {service}
4869,2026-01-10,11:13:58,INFO,AuthService,User u4617 login successful,E101,User {user} login successful
4870,2026-01-10,11:54:49,INFO,WebServer,Page view: /home by u3614,E103,Page view: {page} by {user}
4871,2026-01-10,11:18:50,INFO,WebServer,Page view: /home by u3634,E103,Page view: {page} by {user}
4872,2026-01-10,11:48:48,INFO,AuthService,Transaction tx352028 completed in 1845ms,E104,Transaction {tx} completed in {time}ms
4873,2026-01-10,11:49:52,INFO,OrderProcessor,Health check passed: OrderProcessor,E102,Health check passed: {service}
4874,2026-01-10,11:25:36,INFO,WebServer,User u3421 login successful,E101,User {user} login successful
4875,2026-01-10,11:46:11,INFO,WebServer,Health check passed: WebServer,E102,Health check passed: {service}
4876,2026-01-10,11:48:15,INFO,OrderProcessor,Page view: /home by u1794,E103,Page view: {page} by {user}
4877,2026-01-10,11:00:03,INFO,WebServer,User u1080 login successful,E101,User {user} login successful
4878,2026-01-10,11:02:31,INFO,OrderProcessor,Health check passed: OrderProcessor,E102,Health check passed: {service}
4879,2026-01-10,11:27:46,INFO,OrderProcessor,Page view: /home by u1154,E103,Page view: {page} by {user}
4880,2026-01-10,11:25:29,ERROR,WebServer,Connection refused to WebServer at 10.0.0.45,E501,Connection refused to {service} at {ip}
4881,2026-01-10,11:12:41,INFO,WebServer,Page view: /home by u2980,E103,Page view: {page} by {user}
4882,2026-01-10,11:36:40,INFO,WebServer,Page view: /home by u1571,E103,Page view: {page} by {user}
4883,2026-01-10,11:42:49,INFO,WebServer,User u4584 login successful,E101,User {user} login successful
4884,2026-01-10,11:04:07,ERROR,WebServer,Payment declined: Gateway unavailable,E503,Payment declined: Gateway unavailable
4885,2026-01-10,11:03:31,INFO,WebServer,Transaction tx593568 completed in 1616ms,E104,Transaction {tx} completed in {time}ms
4886,2026-01-10,11:41:20,INFO,AuthService,Health check passed: AuthService,E102,Health check passed: {service}
4887,2026-01-10,11:27:21,INFO,AuthService,Transaction tx116248 completed in 1823ms,E104,Transaction {tx} completed in {time}ms
4888,2026-01-10,11:04:09,INFO,WebServer,Transaction tx778816 completed in 139ms,E104,Transaction {tx} completed in {time}ms
4889,2026-01-10,11:26:12,INFO,AuthService,Page view: /home by u3853,E103,Page view: {page} by {user}
4890,2026-01-10,11:33:01,INFO,AuthService,Transaction tx328751 completed in 962ms,E104,Transaction {tx} completed in {time}ms
4891,2026-01-10,11:44:36,INFO,AuthService,Page view: /home by u3422,E103,Page view: {page} by {user}
4892,2026-01-10,11:32:09,INFO,AuthService,Transaction tx903386 completed in 1458ms,E104,Transaction {tx} completed in {time}ms
4893,2026-01-10,11:29:24,INFO,AuthService,Transaction tx713076 completed in 1086ms,E104,Transaction {tx} completed in {time}ms
4894,2026-01-10,11:48:06,INFO,InventoryDB,User u2212 login successful,E101,User {user} login successful
4895,2026-01-10,11:35:53,INFO,AuthService,Page view: /home by u4151,E103,Page view: {page} by {user}
4896,2026-01-10,11:15:09,INFO,WebServer,Health check passed: WebServer,E102,Health check passed: {service}
4897,2026-01-10,11:43:19,INFO,OrderProcessor,Page view: /home by u4766,E103,Page view: {page} by {user}
4898,2026-01-10,11:13:05,INFO,PaymentGateway,User u1631 login successful,E101,User {user} login successful
4899,2026-01-10,11:37:31,INFO,OrderProcessor,Page view: /home by u2801,E103,Page view: {page} by {user}
4900,2026-01-10,11:42:17,INFO,WebServer,Transaction tx386153 completed in 450ms,E104,Transaction {tx} completed in {time}ms
4901,2026-01-10,11:04:05,WARN,WebServer,Disk usage > 85% on node node-4,E202,Disk usage > 85% on node {node}
4902,2026-01-10,11:14:33,INFO,WebServer,Page view: /home by u4389,E103,Page view: {page} by {user}
4903,2026-01-10,11:46:27,INFO,WebServer,Page view: /home by u1948,E103,Page view: {page} by {user}
4904,2026-01-10,11:57:13,INFO,WebServer,Transaction tx435010 completed in 379ms,E104,Transaction {tx} completed in {time}ms
4905,2026-01-10,11:15:36,INFO,AuthService,User u2308 login successful,E101,User {user} login successful
4906,2026-01-10,11:20:39,INFO,WebServer,Transaction tx515651 completed in 1140ms,E104,Transaction {tx} completed in {time}ms
4907,2026-01-10,11:12:04,INFO,AuthService,Health check passed: AuthService,E102,Health check passed: {service}
4908,2026-01-10,11:34:14,INFO,WebServer,Health check passed: WebServer,E102,Health check passed: {service}
4909,2026-01-10,11:11:14,INFO,WebServer,User u1032 login successful,E101,User {user} login successful
4910,2026-01-10,11:21:03,INFO,WebServer,Page view: /home by u1460,E103,Page view: {page} by {user}
4911,2026-01-10,11:10:18,WARN,OrderProcessor,Unauthorized access attempt from 10.0.0.45,E401,Unauthorized access attempt from {ip}
4912,2026-01-10,11:24:29,INFO,WebServer,User u2970 login successful,E101,User {user} login successful
4913,2026-01-10,11:04:17,INFO,AuthService,Health check passed: AuthService,E102,Health check passed: {service}
4914,2026-01-10,11:15:59,INFO,PaymentGateway,Transaction tx698569 completed in 716ms,E104,Transaction {tx} completed in {time}ms
4915,2026-01-10,11:32:17,INFO,WebServer,Page view: /home by u4215,E103,Page view: {page} by {user}
4916,2026-01-10,11:17:46,INFO,AuthService,Page view: /home by u4575,E103,Page view: {page} by {user}
4917,2026-01-10,11:09:50,INFO,AuthService,User u3154 login successful,E101,User {user} login successful
4918,2026-01-10,11:42:25,INFO,PaymentGateway,Health check passed: PaymentGateway,E102,Health check passed: {service}
4919,2026-01-10,11:46:52,INFO,WebServer,Page view: /home by u4651,E103,Page view: {page} by {user}
4920,2026-01-10,11:26:05,INFO,WebServer,Health check passed: WebServer,E102,Health check passed: {service}
4921,2026-01-10,11:17:13,INFO,WebServer,Health check passed: WebServer,E102,Health check passed: {service}
4922,2026-01-10,11:27:14,INFO,WebServer,Health check passed: WebServer,E102,Health check passed: {service}
4923,2026-01-10,11:55:05,INFO,AuthService,Transaction tx365398 completed in 729ms,E104,Transaction {tx} completed in {time}ms
4924,2026-01-10,11:36:16,INFO,WebServer,Page view: /home by u2676,E103,Page view: {page} by {user}
4925,2026-01-10,11:35:06,INFO,OrderProcessor,Transaction tx718855 completed in 1478ms,E104,Transaction {tx} completed in {time}ms
4926,2026-01-10,11:22:05,INFO,WebServer,User u3548 login successful,E101,User {user} login successful
4927,2026-01-10,11:18:54,INFO,WebServer,Page view: /home by u2778,E103,Page view: {page} by {user}
4928,2026-01-10,11:46:17,INFO,WebServer,Transaction tx891901 completed in 1660ms,E104,Transaction {tx} completed in {time}ms
4929,2026-01-10,11:49:30,INFO,InventoryDB,Health check passed: InventoryDB,E102,Health check passed: {service}
4930,2026-01-10,11:35:57,INFO,WebServer,Page view: /home by u3056,E103,Page view: {page} by {user}
4931,2026-01-10,11:36:10,INFO,WebServer,Transaction tx293608 completed in 360ms,E104,Transaction {tx} completed in {time}ms
4932,2026-01-10,11:49:43,INFO,OrderProcessor,Transaction tx480191 completed in 178ms,E104,Transaction {tx} completed in {time}ms
4933,2026-01-10,11:27:36,INFO,WebServer,Health check passed: WebServer,E102,Health check passed: {service}
4934,2026-01-10,11:09:38,INFO,WebServer,Page view: /home by u1781,E103,Page view: {page} by {user}
4935,2026-01-10,11:12:49,INFO,WebServer,Transaction tx256038 completed in 390ms,E104,Transaction {tx} completed in {time}ms
4936,2026-01-10,11:31:41,INFO,WebServer,User u4974 login successful,E101,User {user} login successful
4937,2026-01-10,11:20:36,INFO,WebServer,User u3099 login successful,E101,User {user} login successful
4938,2026-01-10,11:18:48,CRITICAL,InventoryDB,KERNEL PANIC: Node node-4 crashed,E601,KERNEL PANIC: Node {node} crashed
4939,2026-01-10,11:04:25,INFO,WebServer,User u2620 login successful,E101,User {user} login successful
4940,2026-01-10,11:29:40,INFO,WebServer,Page view: /home by u4686,E103,Page view: {page} by {user}
4941,2026-01-10,11:06:52,INFO,WebServer,Health check passed: WebServer,E102,Health check passed: {service}
4942,2026-01-10,11:04:59,CRITICAL,WebServer,DATA CORRUPTION detected in sector 933,E602,DATA CORRUPTION detected in sector {sector}
4943,2026-01-10,11:59:25,INFO,WebServer,Transaction tx921635 completed in 893ms,E104,Transaction {tx} completed in {time}ms
4944,2026-01-10,11:35:55,INFO,WebServer,User u1431 login successful,E101,User {user} login successful
4945,2026-01-10,11:29:38,INFO,WebServer,Page view: /home by u3300,E103,Page view: {page} by {user}
4946,2026-01-10,11:26:47,INFO,WebServer,User u3973 login successful,E101,User {user} login successful
4947,2026-01-10,11:14:47,INFO,WebServer,Page view: /home by u3003,E103,Page view: {page} by {user}
4948,2026-01-10,11:54:49,INFO,WebServer,Page view: /home by u1248,E103,Page view: {page} by {user}
4949,2026-01-10,11:47:15,INFO,OrderProcessor,Transaction tx899141 completed in 1099ms,E104,Transaction {tx} completed in {time}ms
4950,2026-01-10,11:09:42,WARN,WebServer,Disk usage > 85% on node node-4,E202,Disk usage > 85% on node {node}
4951,2026-01-10,11:49:03,INFO,WebServer,Page view: /home by u2150,E103,Page view: {page} by {user}
4952,2026-01-10,11:33:13,INFO,WebServer,Transaction tx529365 completed in 337ms,E104,Transaction {tx} completed in {time}ms
4953,2026-01-10,11:22:40,WARN,PaymentGateway,Disk usage > 85% on node node-1,E202,Disk usage > 85% on node {node}
4954,2026-01-10,11:03:32,WARN,WebServer,Unauthorized access attempt from 10.0.0.45,E401,Unauthorized access attempt from {ip}
4955,2026-01-10,11:41:15,INFO,WebServer,Transaction tx520018 completed in 377ms,E104,Transaction {tx} completed in {time}ms
4956,2026-01-10,11:49:46,INFO,AuthService,Transaction tx111280 completed in 1299ms,E104,Transaction {tx} completed in {time}ms
4957,2026-01-10,11:30:27,INFO,WebServer,Page view: /home by u1028,E103,Page view: {page} by {user}
4958,2026-01-10,11:53:24,INFO,PaymentGateway,User u1423 login successful,E101,User {user} login successful
4959,2026-01-10,11:43:36,INFO,WebServer,Health check passed: WebServer,E102,Health check passed: {service}
4960,2026-01-10,11:32:25,INFO,InventoryDB,Page view: /home by u4750,E103,Page view: {page} by {user}
4961,2026-01-10,11:28:07,INFO,WebServer,Health check passed: WebServer,E102,Health check passed: {service}
4962,2026-01-10,11:09:11,INFO,OrderProcessor,Health check passed: OrderProcessor,E102,Health check passed: {service}
4963,2026-01-10,11:45:01,WARN,AuthService,High latency (92ms) detected on AuthService,E201,High latency ({time}ms) detected on {service}
4964,2026-01-10,11:32:19,INFO,WebServer,Page view: /home by u2886,E103,Page view: {page} by {user}
4965,2026-01-10,11:50:05,INFO,AuthService,User u1978 login successful,E101,User {user} login successful
4966,2026-01-10,11:58:32,INFO,WebServer,User u3409 login successful,E101,User {user} login successful
4967,2026-01-10,11:27:55,INFO,WebServer,User u3730 login successful,E101,User {user} login successful
4968,2026-01-10,11:40:40,INFO,WebServer,Health check passed: WebServer,E102,Health check passed: {service}
4969,2026-01-10,11:03:23,INFO,WebServer,Health check passed: WebServer,E102,Health check passed: {service}
4970,2026-01-10,11:44:29,INFO,WebServer,User u1805 login successful,E101,User {user} login successful
4971,2026-01-10,11:13:35,INFO,WebServer,Page view: /home by u2146,E103,Page view: {page} by {user}
4972,2026-01-10,11:11:25,INFO,WebServer,Transaction tx193370 completed in 766ms,E104,Transaction {tx} completed in {time}ms
4973,2026-01-10,11:42:02,INFO,OrderProcessor,Health check passed: OrderProcessor,E102,Health check passed: {service}
4974,2026-01-10,11:47:25,INFO,InventoryDB,Health check passed: InventoryDB,E102,Health check passed: {service}
4975,2026-01-10,11:57:06,INFO,WebServer,Health check passed: WebServer,E102,Health check passed: {service}
4976,2026-01-10,11:46:22,INFO,OrderProcessor,User u2803 login successful,E101,User {user} login successful
4977,2026-01-10,11:54:36,WARN,PaymentGateway,Disk usage > 85% on node node-4,E202,Disk usage > 85% on node {node}
4978,2026-01-10,11:36:09,INFO,WebServer,Transaction tx749856 completed in 1202ms,E104,Transaction {tx} completed in {time}ms
4979,2026-01-10,11:38:54,INFO,AuthService,Transaction tx954698 completed in 234ms,E104,Transaction {tx} completed in {time}ms
4980,2026-01-10,11:10:29,INFO,PaymentGateway,Page view: /home by u1825,E103,Page view: {page} by {user}
4981,2026-01-10,11:47:05,INFO,AuthService,Health check passed: AuthService,E102,Health check passed: {service}
4982,2026-01-10,11:35:03,INFO,WebServer,Transaction tx828718 completed in 1249ms,E104,Transaction {tx} completed in {time}ms
4983,2026-01-10,11:17:12,INFO,WebServer,Page view: /home by u3886,E103,Page view: {page} by {user}
4984,2026-01-10,11:21:04,INFO,WebServer,Transaction tx917100 completed in 135ms,E104,Transaction {tx} completed in {time}ms
4985,2026-01-10,11:34:12,INFO,PaymentGateway,Transaction tx316073 completed in 1230ms,E104,Transaction {tx} completed in {time}ms
4986,2026-01-10,11:27:00,INFO,OrderProcessor,Transaction tx440286 completed in 1720ms,E104,Transaction {tx} completed in {time}ms
4987,2026-01-10,11:23:42,INFO,WebServer,Page view: /home by u1769,E103,Page view: {page} by {user}
4988,2026-01-10,11:31:08,INFO,WebServer,User u1456 login successful,E101,User {user} login successful
4989,2026-01-10,11:42:31,INFO,WebServer,User u2667 login successful,E101,User {user} login successful
4990,2026-01-10,11:00:28,INFO,AuthService,Health check passed: AuthService,E102,Health check passed: {service}
4991,2026-01-10,11:34:06,INFO,InventoryDB,User u4982 login successful,E101,User {user} login successful
4992,2026-01-10,11:36:06,INFO,AuthService,Health check passed: AuthService,E102,Health check passed: {service}
4993,2026-01-10,11:33:02,INFO,WebServer,User u4067 login successful,E101,User {user} login successful
4994,2026-01-10,11:29:53,INFO,WebServer,Health check passed: WebServer,E102,Health check passed: {service}
4995,2026-01-10,11:56:10,INFO,WebServer,Health check passed: WebServer,E102,Health check passed: {service}
4996,2026-01-10,11:55:58,INFO,WebServer,User u2010 login successful,E101,User {user} login successful
4997,2026-01-10,11:46:06,INFO,AuthService,Health check passed: AuthService,E102,Health check passed: {service}
4998,2026-01-10,11:10:28,INFO,PaymentGateway,Page view: /home by u3500,E103,Page view: {page} by {user}
4999,2026-01-10,11:50:05,INFO,WebServer,Transaction tx734999 completed in 645ms,E104,Transaction {tx} completed in {time}ms
5000,2026-01-10,11:16:36,INFO,OrderProcessor,User u2807 login successful,E101,User {user} login successful
5001,2026-01-10,11:14:31,INFO,WebServer,Health check passed: WebServer,E102,Health check passed: {service}
5002,2026-01-10,11:29:57,INFO,OrderProcessor,User u1019 login successful,E101,User {user} login successful
5003,2026-01-10,11:31:58,INFO,WebServer,User u4015 login successful,E101,User {user} login successful
5004,2026-01-10,11:20:03,INFO,OrderProcessor,Transaction tx643307 completed in 34ms,E104,Transaction {tx} completed in {time}ms
5005,2026-01-10,11:09:12,INFO,AuthService,User u3151 login successful,E101,User {user} login successful
5006,2026-01-10,11:01:02,INFO,OrderProcessor,Transaction tx850193 completed in 1103ms,E104,Transaction {tx} completed in {time}ms
5007,2026-01-10,11:13:57,WARN,WebServer,Unauthorized access attempt from 10.0.0.45,E401,Unauthorized access attempt from {ip}
5008,2026-01-10,11:22:37,INFO,OrderProcessor,Page view: /home by u3264,E103,Page view: {page} by {user}
5009,2026-01-10,11:01:35,INFO,WebServer,User u1488 login successful,E101,User {user} login successful
5010,2026-01-10,11:11:11,WARN,WebServer,Disk usage > 85% on node node-1,E202,Disk usage > 85% on node {node}
5011,2026-01-10,11:53:10,INFO,AuthService,Health check passed: AuthService,E102,Health check passed: {service}
5012,2026-01-10,11:43:31,INFO,WebServer,Transaction tx470564 completed in 1013ms,E104,Transaction {tx} completed in {time}ms
5013,2026-01-10,11:51:16,INFO,InventoryDB,User u1431 login successful,E101,User {user} login successful
5014,2026-01-10,11:16:38,INFO,WebServer,Page view: /home by u1889,E103,Page view: {page} by {user}
5015,2026-01-10,11:19:55,WARN,AuthService,Unauthorized access attempt from 10.0.0.12,E401,Unauthorized access attempt from {ip}
5016,2026-01-10,11:46:06,INFO,OrderProcessor,User u2301 login successful,E101,User {user} login successful
5017,2026-01-10,11:27:10,WARN,WebServer,Unauthorized access attempt from 10.0.0.10,E401,Unauthorized access attempt from {ip}
5018,2026-01-10,11:50:02,INFO,OrderProcessor,Transaction tx539086 completed in 1188ms,E104,Transaction {tx} completed in {time}ms
5019,2026-01-10,11:29:38,INFO,WebServer,User u1611 login successful,E101,User {user} login successful
5020,2026-01-10,11:35:04,INFO,AuthService,User u3956 login successful,E101,User {user} login successful
5021,2026-01-10,11:24:55,INFO,WebServer,User u4409 login successful,E101,User {user} login successful
5022,2026-01-10,11:17:28,INFO,WebServer,Page view: /home by u2840,E103,Page view: {page} by {user}
5023,2026-01-10,11:45:21,INFO,WebServer,Page view: /home by u3316,E103,Page view: {page} by {user}
5024,2026-01-10,11:52:32,INFO,WebServer,Health check passed: WebServer,E102,Health check passed: {service}
5025,2026-01-10,11:05:47,INFO,OrderProcessor,Transaction tx388477 completed in 1651ms,E104,Transaction {tx} completed in {time}ms
5026,2026-01-10,11:00:52,INFO,OrderProcessor,Health check passed: OrderProcessor,E102,Health check passed: {service}
5027,2026-01-10,11:28:38,INFO,WebServer,Transaction tx380903 completed in 812ms,E104,Transaction {tx} completed in {time}ms
5028,2026-01-10,11:37:44,INFO,WebServer,User u2322 login successful,E101,User {user} login successful
5029,2026-01-10,11:29:01,INFO,OrderProcessor,Transaction tx786567 completed in 1576ms,E104,Transaction {tx} completed in {time}ms
5030,2026-01-10,11:57:54,INFO,WebServer,Page view: /home by u1418,E103,Page view: {page} by {user}
5031,2026-01-10,11:03:59,INFO,WebServer,Page view: /home by u4679,E103,Page view: {page} by {user}
5032,2026-01-10,11:09:21,INFO,PaymentGateway,Page view: /home by u2967,E103,Page view: {page} by {user}
5033,2026-01-10,11:04:24,INFO,AuthService,User u2849 login successful,E101,User {user} login successful
5034,2026-01-10,11:56:56,INFO,PaymentGateway,Transaction tx269909 completed in 1694ms,E104,Transaction {tx} completed in {time}ms
5035,2026-01-10,11:36:36,INFO,WebServer,User u2678 login successful,E101,User {user} login successful
5036,2026-01-10,11:20:44,ERROR,WebServer,Payment declined: Gateway unavailable,E503,Payment declined: Gateway unavailable
5037,2026-01-10,11:28:45,INFO,OrderProcessor,Transaction tx752912 completed in 668ms,E104,Transaction {tx} completed in {time}ms
5038,2026-01-10,11:10:10,INFO,WebServer,Transaction tx614046 completed in 847ms,E104,Transaction {tx} completed in {time}ms
5039,2026-01-10,11:17:20,INFO,WebServer,Health check passed: WebServer,E102,Health check passed: {service}
5040,2026-01-10,11:13:49,INFO,WebServer,Health check passed: WebServer,E102,Health check passed: {service}
5041,2026-01-10,11:45:34,INFO,OrderProcessor,Transaction tx819439 completed in 1154ms,E104,Transaction {tx} completed in {time}ms
5042,2026-01-10,11:59:22,INFO,AuthService,Page view: /home by u3211,E103,Page view: {page} by {user}
5043,2026-01-10,11:00:39,INFO,WebServer,Page view: /home by u3883,E103,Page view: {page} by {user}
5044,2026-01-10,11:23:27,WARN,WebServer,High latency (968ms) detected on WebServer,E201,High latency ({time}ms) detected on {service}
5045,2026-01-10,11:13:23,INFO,AuthService,Page view: /home by u1472,E103,Page view: {page} by {user}
5046,2026-01-10,11:50:17,INFO,PaymentGateway,Transaction tx345762 completed in 1934ms,E104,Transaction {tx} completed in {time}ms
5047,2026-01-10,11:21:31,INFO,AuthService,Transaction tx273220 completed in 1922ms,E104,Transaction {tx} completed in {time}ms
5048,2026-01-10,11:58:18,INFO,OrderProcessor,Transaction tx331556 completed in 572ms,E104,Transaction {tx} completed in {time}ms
5049,2026-01-10,11:20:06,INFO,OrderProcessor,Page view: /home by u3151,E103,Page view: {page} by {user}
5050,2026-01-10,11:19:24,WARN,OrderProcessor,Disk usage > 85% on node node-3,E202,Disk usage > 85% on node {node}
5051,2026-01-10,11:19:56,INFO,AuthService,User u2407 login successful,E101,User {user} login successful
5052,2026-01-10,11:38:01,INFO,OrderProcessor,User u3638 login successful,E101,User {user} login successful
5053,2026-01-10,11:46:52,INFO,OrderProcessor,Transaction tx315547 completed in 1088ms,E104,Transaction {tx} completed in {time}ms
5054,2026-01-10,11:33:44,INFO,AuthService,Page view: /home by u4413,E103,Page view: {page} by {user}
5055,2026-01-10,11:34:55,INFO,WebServer,User u4617 login successful,E101,User {user} login successful
5056,2026-01-10,11:01:24,INFO,AuthService,Transaction tx433133 completed in 514ms,E104,Transaction {tx} completed in {time}ms
5057,2026-01-10,11:46:20,INFO,WebServer,Transaction tx586246 completed in 1735ms,E104,Transaction {tx} completed in {time}ms
5058,2026-01-10,11:39:32,INFO,OrderProcessor,Health check passed: OrderProcessor,E102,Health check passed: {service}
5059,2026-01-10,11:48:17,INFO,WebServer,User u2824 login successful,E101,User {user} login successful
5060,2026-01-10,11:39:19,WARN,WebServer,Disk usage > 85% on node node-5,E202,Disk usage > 85% on node {node}
5061,2026-01-10,11:47:08,INFO,AuthService,Transaction tx590332 completed in 1567ms,E104,Transaction {tx} completed in {time}ms
5062,2026-01-10,11:51:05,INFO,AuthService,User u4736 login successful,E101,User {user} login successful
5063,2026-01-10,11:32:19,INFO,OrderProcessor,Transaction tx739147 completed in 1648ms,E104,Transaction {tx} completed in {time}ms
5064,2026-01-10,11:44:13,INFO,PaymentGateway,Page view: /home by u3594,E103,Page view: {page} by {user}
5065,2026-01-10,11:35:30,WARN,WebServer,High latency (644ms) detected on WebServer,E201,High latency ({time}ms) detected on {service}
5066,2026-01-10,11:37:33,INFO,OrderProcessor,User u4614 login successful,E101,User {user} login successful
5067,2026-01-10,11:08:16,INFO,PaymentGateway,Transaction tx756513 completed in 1456ms,E104,Transaction {tx} completed in {time}ms
5068,2026-01-10,11:13:01,INFO,WebServer,Transaction tx747174 completed in 809ms,E104,Transaction {tx} completed in {time}ms
5069,2026-01-10,11:48:22,INFO,OrderProcessor,Transaction tx646043 completed in 1144ms,E104,Transaction {tx} completed in {time}ms
5070,2026-01-10,11:30:32,INFO,WebServer,Page view: /home by u3999,E103,Page view: {page} by {user}
5071,2026-01-10,11:37:31,WARN,WebServer,Unauthorized access attempt from 10.0.0.45,E401,Unauthorized access attempt from {ip}
5072,2026-01-10,11:22:14,INFO,AuthService,Health check passed: AuthService,E102,Health check passed: {service}
5073,2026-01-10,11:17:08,INFO,OrderProcessor,Page view: /home by u1746,E103,Page view: {page} by {user}
5074,2026-01-10,11:12:36,INFO,WebServer,Health check passed: WebServer,E102,Health check passed: {service}
5075,2026-01-10,11:47:50,INFO,WebServer,Transaction tx710960 completed in 62ms,E104,Transaction {tx} completed in {time}ms
5076,2026-01-10,11:15:36,INFO,WebServer,Page view: /home by u2279,E103,Page view: {page} by {user}
5077,2026-01-10,11:00:05,INFO,PaymentGateway,User u1923 login successful,E101,User {user} login successful
5078,2026-01-10,11:30:40,INFO,WebServer,Page view: /home by u1384,E103,Page view: {page} by {user}
5079,2026-01-10,11:29:11,INFO,OrderProcessor,User u1158 login successful,E101,User {user} login successful
5080,2026-01-10,11:42:58,INFO,OrderProcessor,User u4332 login successful,E101,User {user} login successful
5081,2026-01-10,11:35:14,INFO,WebServer,Transaction tx239433 completed in 1762ms,E104,Transaction {tx} completed in {time}ms
5082,2026-01-10,11:57:56,INFO,PaymentGateway,Page view: /home by u4399,E103,Page view: {page} by {user}
5083,2026-01-10,11:06:33,INFO,AuthService,Page view: /home by u2798,E103,Page view: {page} by {user}
5084,2026-01-10,11:48:40,INFO,AuthService,Transaction tx478921 completed in 1538ms,E104,Transaction {tx} completed in {time}ms
5085,2026-01-10,11:33:38,INFO,WebServer,Transaction tx267389 completed in 1764ms,E104,Transaction {tx} completed in {time}ms
5086,2026-01-10,11:43:33,INFO,OrderProcessor,Transaction tx698812 completed in 1353ms,E104,Transaction {tx} completed in {time}ms
5087,2026-01-10,11:14:48,INFO,WebServer,User u2912 login successful,E101,User {user} login successful
5088,2026-01-10,11:08:23,INFO,AuthService,Page view: /home by u2300,E103,Page view: {page} by {user}
5089,2026-01-10,11:47:00,INFO,WebServer,Health check passed: WebServer,E102,Health check passed: {service}
5090,2026-01-10,11:55:21,INFO,PaymentGateway,Page view: /home by u4680,E103,Page view: {page} by {user}
5091,2026-01-10,11:46:12,INFO,WebServer,Page view: /home by u3779,E103,Page view: {page} by {user}
5092,2026-01-10,11:25:09,INFO,AuthService,Page view: /home by u1030,E103,Page view: {page} by {user}
5093,2026-01-10,11:47:00,INFO,WebServer,Transaction tx493572 completed in 1143ms,E104,Transaction {tx} completed in {time}ms
5094,2026-01-10,11:52:16,INFO,WebServer,Health check passed: WebServer,E102,Health check passed: {service}
5095,2026-01-10,11:38:52,INFO,AuthService,Health check passed: AuthService,E102,Health check passed: {service}
5096,2026-01-10,11:45:33,WARN,OrderProcessor,Unauthorized access attempt from 10.0.0.12,E401,Unauthorized access attempt from {ip}
5097,2026-01-10,11:20:48,WARN,WebServer,Unauthorized access attempt from 10.0.0.45,E401,Unauthorized access attempt from {ip}
5098,2026-01-10,11:13:04,INFO,WebServer,Transaction tx796305 completed in 98ms,E104,Transaction {tx} completed in {time}ms
5099,2026-01-10,11:09:17,INFO,AuthService,Page view: /home by u1169,E103,Page view: {page} by {user}
5100,2026-01-10,11:04:52,WARN,WebServer,High latency (533ms) detected on WebServer,E201,High latency ({time}ms) detected on {service}
5101,2026-01-10,11:04:10,INFO,WebServer,User u4355 login successful,E101,User {user} login successful
5102,2026-01-10,11:16:25,INFO,WebServer,Health check passed: WebServer,E102,Health check passed: {service}
5103,2026-01-10,11:05:43,INFO,OrderProcessor,Transaction tx461068 completed in 98ms,E104,Transaction {tx} completed in {time}ms
5104,2026-01-10,11:03:31,INFO,WebServer,Page view: /home by u3152,E103,Page view: {page} by {user}
5105,2026-01-10,11:30:58,INFO,OrderProcessor,Health check passed: OrderProcessor,E102,Health check passed: {service}
5106,2026-01-10,11:10:25,INFO,WebServer,Transaction tx155441 completed in 607ms,E104,Transaction {tx} completed in {time}ms
5107,2026-01-10,11:18:59,INFO,AuthService,Transaction tx255974 completed in 1928ms,E104,Transaction {tx} completed in {time}ms
5108,2026-01-10,11:42:18,INFO,AuthService,User u1939 login successful,E101,User {user} login successful
5109,2026-01-10,11:47:53,INFO,WebServer,Health check passed: WebServer,E102,Health check passed: {service}
5110,2026-01-10,11:53:23,INFO,WebServer,Transaction tx334924 completed in 605ms,E104,Transaction {tx} completed in {time}ms
5111,2026-01-10,11:40:16,INFO,WebServer,User u1608 login successful,E101,User {user} login successful
5112,2026-01-10,11:05:09,INFO,OrderProcessor,Transaction tx985542 completed in 1416ms,E104,Transaction {tx} completed in {time}ms
5113,2026-01-10,11:05:01,INFO,WebServer,Page view: /home by u4337,E103,Page view: {page} by {user}
5114,2026-01-10,11:39:56,INFO,OrderProcessor,User u4287 login successful,E101,User {user} login successful
5115,2026-01-10,11:53:11,INFO,WebServer,Transaction tx309573 completed in 316ms,E104,Transaction {tx} completed in {time}ms
5116,2026-01-10,11:39:54,INFO,OrderProcessor,Page view: /home by u1982,E103,Page view: {page} by {user}
5117,2026-01-10,11:13:18,INFO,WebServer,Health check passed: WebServer,E102,Health check passed: {service}
5118,2026-01-10,11:27:22,INFO,WebServer,Transaction tx920574 completed in 1685ms,E104,Transaction {tx} completed in {time}ms
5119,2026-01-10,11:34:28,INFO,PaymentGateway,Page view: /home by u1372,E103,Page view: {page} by {user}
5120,2026-01-10,11:40:17,INFO,AuthService,Health check passed: AuthService,E102,Health check passed: {service}
5121,2026-01-10,11:06:39,WARN,WebServer,High latency (1797ms) detected on WebServer,E201,High latency ({time}ms) detected on {service}
5122,2026-01-10,11:59:19,INFO,PaymentGateway,Health check passed: PaymentGateway,E102,Health check passed: {service}
5123,2026-01-10,11:39:19,INFO,WebServer,User u3520 login successful,E101,User {user} login successful
5124,2026-01-10,11:26:54,INFO,PaymentGateway,Health check passed: PaymentGateway,E102,Health check passed: {service}
5125,2026-01-10,11:08:19,INFO,AuthService,User u4339 login successful,E101,User {user} login successful
5126,2026-01-10,11:44:00,INFO,OrderProcessor,Health check passed: OrderProcessor,E102,Health check passed: {service}
5127,2026-01-10,11:34:35,INFO,WebServer,Transaction tx409961 completed in 429ms,E104,Transaction {tx} completed in {time}ms
5128,2026-01-10,11:12:13,INFO,AuthService,Health check passed: AuthService,E102,Health check passed: {service}
5129,2026-01-10,11:08:04,INFO,WebServer,Page view: /home by u4743,E103,Page view: {page} by {user}
5130,2026-01-10,11:34:38,INFO,WebServer,User u3127 login successful,E101,User {user} login successful
5131,2026-01-10,11:55:51,INFO,InventoryDB,User u1935 login successful,E101,User {user} login successful
5132,2026-01-10,11:26:15,INFO,OrderProcessor,Transaction tx894904 completed in 1623ms,E104,Transaction {tx} completed in {time}ms
5133,2026-01-10,11:56:10,INFO,OrderProcessor,Page view: /home by u2283,E103,Page view: {page} by {user}
5134,2026-01-10,11:06:50,INFO,AuthService,Transaction tx290841 completed in 1059ms,E104,Transaction {tx} completed in {time}ms
5135,2026-01-10,11:05:51,INFO,WebServer,User u2287 login successful,E101,User {user} login successful
5136,2026-01-10,11:47:21,INFO,WebServer,Page view: /home by u3778,E103,Page view: {page} by {user}
5137,2026-01-10,11:39:40,INFO,OrderProcessor,Health check passed: OrderProcessor,E102,Health check passed: {service}
5138,2026-01-10,11:03:36,INFO,WebServer,Health check passed: WebServer,E102,Health check passed: {service}
5139,2026-01-10,11:59:39,INFO,WebServer,Page view: /home by u4782,E103,Page view: {page} by {user}
5140,2026-01-10,11:51:42,INFO,AuthService,Page view: /home by u1736,E103,Page view: {page} by {user}
5141,2026-01-10,11:29:00,INFO,AuthService,Health check passed: AuthService,E102,Health check passed: {service}
5142,2026-01-10,11:35:29,INFO,OrderProcessor,Transaction tx741345 completed in 760ms,E104,Transaction {tx} completed in {time}ms
5143,2026-01-10,11:08:34,INFO,WebServer,Transaction tx979633 completed in 735ms,E104,Transaction {tx} completed in {time}ms
5144,2026-01-10,11:45:53,INFO,WebServer,Page view: /home by u4357,E103,Page view: {page} by {user}
5145,2026-01-10,11:06:19,WARN,WebServer,Unauthorized access attempt from 10.0.0.45,E401,Unauthorized access attempt from {ip}
5146,2026-01-10,11:38:05,INFO,OrderProcessor,Health check passed: OrderProcessor,E102,Health check passed: {service}
5147,2026-01-10,11:28:42,WARN,WebServer,Disk usage > 85% on node node-2,E202,Disk usage > 85% on node {node}
5148,2026-01-10,11:33:13,INFO,AuthService,Health check passed: AuthService,E102,Health check passed: {service}
5149,2026-01-10,11:44:53,INFO,PaymentGateway,Health check passed: PaymentGateway,E102,Health check passed: {service}
5150,2026-01-10,11:32:32,INFO,AuthService,Transaction tx969876 completed in 1771ms,E104,Transaction {tx} completed in {time}ms
5151,2026-01-10,11:09:46,INFO,InventoryDB,Health check passed: InventoryDB,E102,Health check passed: {service}
5152,2026-01-10,11:22:26,INFO,InventoryDB,Page view: /home by u3252,E103,Page view: {page} by {user}
5153,2026-01-10,11:08:15,WARN,WebServer,High latency (1558ms) detected on WebServer,E201,High latency ({time}ms) detected on {service}
5154,2026-01-10,11:11:14,INFO,PaymentGateway,Health check passed: PaymentGateway,E102,Health check passed: {service}
5155,2026-01-10,11:32:45,INFO,WebServer,Transaction tx310114 completed in 1588ms,E104,Transaction {tx} completed in {time}ms
5156,2026-01-10,11:00:36,INFO,OrderProcessor,Page view: /home by u2015,E103,Page view: {page} by {user}
5157,2026-01-10,11:28:42,ERROR,OrderProcessor,Timeout waiting for lock on InventoryDB,E502,Timeout waiting for lock on {db}
5158,2026-01-10,11:54:32,INFO,OrderProcessor,Transaction tx102030 completed in 67ms,E104,Transaction {tx} completed in {time}ms
5159,2026-01-10,11:27:50,INFO,AuthService,Transaction tx688652 completed in 1468ms,E104,Transaction {tx} completed in {time}ms
5160,2026-01-10,11:34:24,INFO,WebServer,Transaction tx152497 completed in 924ms,E104,Transaction {tx} completed in {time}ms
5161,2026-01-10,11:07:46,ERROR,PaymentGateway,Connection refused to PaymentGateway at 10.0.0.45,E501,Connection refused to {service} at {ip}
5162,2026-01-10,11:44:37,INFO,OrderProcessor,Health check passed: OrderProcessor,E102,Health check passed: {service}
5163,2026-01-10,11:28:31,INFO,OrderProcessor,Health check passed: OrderProcessor,E102,Health check passed: {service}
5164,2026-01-10,11:08:16,INFO,InventoryDB,User u4185 login successful,E101,User {user} login successful
5165,2026-01-10,11:35:31,INFO,OrderProcessor,User u3993 login successful,E101,User {user} login successful
5166,2026-01-10,11:19:35,INFO,WebServer,Transaction tx318966 completed in 1164ms,E104,Transaction {tx} completed in {time}ms
5167,2026-01-10,11:52:24,INFO,WebServer,User u2814 login successful,E101,User {user} login successful
5168,2026-01-10,11:02:20,INFO,WebServer,User u1453 login successful,E101,User {user} login successful
5169,2026-01-10,11:49:02,INFO,AuthService,User u4738 login successful,E101,User {user} login successful
5170,2026-01-10,11:20:04,INFO,AuthService,Health check passed: AuthService,E102,Health check passed: {service}
5171,2026-01-10,11:42:51,INFO,OrderProcessor,Transaction tx493759 completed in 232ms,E104,Transaction {tx} completed in {time}ms
5172,2026-01-10,11:07:45,INFO,WebServer,Page view: /home by u2898,E103,Page view: {page} by {user}
5173,2026-01-10,11:32:55,WARN,PaymentGateway,Disk usage > 85% on node node-1,E202,Disk usage > 85% on node {node}
5174,2026-01-10,11:33:59,WARN,PaymentGateway,High latency (1238ms) detected on PaymentGateway,E201,High latency ({time}ms) detected on {service}
5175,2026-01-10,11:42:56,INFO,OrderProcessor,Page view: /home by u1846,E103,Page view: {page} by {user}
5176,2026-01-10,11:11:56,WARN,AuthService,Disk usage > 85% on node node-4,E202,Disk usage > 85% on node {node}
5177,2026-01-10,11:48:26,INFO,WebServer,Health check passed: WebServer,E102,Health check passed: {service}
5178,2026-01-10,11:48:15,INFO,WebServer,Health check passed: WebServer,E102,Health check passed: {service}
5179,2026-01-10,11:40:52,INFO,PaymentGateway,Transaction tx931399 completed in 1795ms,E104,Transaction {tx} completed in {time}ms
5180,2026-01-10,11:17:47,INFO,AuthService,User u4822 login successful,E101,User {user} login successful
5181,2026-01-10,11:39:37,INFO,WebServer,Health check passed: WebServer,E102,Health check passed: {service}
5182,2026-01-10,11:53:33,INFO,WebServer,Health check passed: WebServer,E102,Health check passed: {service}
5183,2026-01-10,11:54:57,INFO,OrderProcessor,Page view: /home by u3772,E103,Page view: {page} by {user}
5184,2026-01-10,11:04:07,INFO,OrderProcessor,User u2248 login successful,E101,User {user} login successful
5185,2026-01-10,11:17:46,WARN,WebServer,High latency (319ms) detected on WebServer,E201,High latency ({time}ms) detected on {service}
5186,2026-01-10,11:10:48,INFO,AuthService,Page view: /home by u3622,E103,Page view: {page} by {user}
5187,2026-01-10,11:40:24,INFO,InventoryDB,Transaction tx469315 completed in 46ms,E104,Transaction {tx} completed in {time}ms
5188,2026-01-10,11:28:15,INFO,AuthService,Page view: /home by u4901,E103,Page view: {page} by {user}
5189,2026-01-10,11:26:53,INFO,WebServer,Health check passed: WebServer,E102,Health check passed: {service}
5190,2026-01-10,11:05:20,INFO,AuthService,Page view: /home by u4190,E103,Page view: {page} by {user}
5191,2026-01-10,11:16:02,INFO,OrderProcessor,Transaction tx988910 completed in 780ms,E104,Transaction {tx} completed in {time}ms
5192,2026-01-10,11:30:29,INFO,OrderProcessor,Page view: /home by u4078,E103,Page view: {page} by {user}
5193,2026-01-10,11:31:20,INFO,WebServer,Health check passed: WebServer,E102,Health check passed: {service}
5194,2026-01-10,11:49:21,INFO,PaymentGateway,Page view: /home by u1270,E103,Page view: {page} by {user}
5195,2026-01-10,11:48:09,INFO,PaymentGateway,Page view: /home by u3649,E103,Page view: {page} by {user}
5196,2026-01-10,11:19:04,INFO,WebServer,Page view: /home by u2133,E103,Page view: {page} by {user}
5197,2026-01-10,11:38:48,INFO,AuthService,Health check passed: AuthService,E102,Health check passed: {service}
5198,2026-01-10,11:14:02,INFO,WebServer,Health check passed: WebServer,E102,Health check passed: {service}
5199,2026-01-10,11:20:45,INFO,WebServer,Transaction tx323415 completed in 768ms,E104,Transaction {tx} completed in {time}ms
5200,2026-01-10,11:30:11,INFO,WebServer,Page view: /home by u4198,E103,Page view: {page} by {user}
5201,2026-01-10,11:04:57,INFO,OrderProcessor,Page view: /home by u4298,E103,Page view: {page} by {user}
5202,2026-01-10,11:21:22,INFO,WebServer,Health check passed: WebServer,E102,Health check passed: {service}
5203,2026-01-10,11:31:54,INFO,AuthService,Transaction tx354400 completed in 1370ms,E104,Transaction {tx} completed in {time}ms
5204,2026-01-10,11:54:09,INFO,WebServer,Health check passed: WebServer,E102,Health check passed: {service}
5205,2026-01-10,11:59:42,INFO,PaymentGateway,User u4292 login successful,E101,User {user} login successful
5206,2026-01-10,11:27:47,INFO,WebServer,Health check passed: WebServer,E102,Health check passed: {service}
5207,2026-01-10,11:12:01,INFO,WebServer,Page view: /home by u4807,E103,Page view: {page} by {user}
5208,2026-01-10,11:20:56,INFO,OrderProcessor,Page view: /home by u2721,E103,Page view: {page} by {user}
5209,2026-01-10,11:48:18,INFO,WebServer,User u1442 login successful,E101,User {user} login successful
5210,2026-01-10,11:25:25,INFO,AuthService,Page view: /home by u3677,E103,Page view: {page} by {user}
5211,2026-01-10,11:01:04,INFO,WebServer,User u1509 login successful,E101,User {user} login successful
5212,2026-01-10,11:47:00,INFO,WebServer,Page view: /home by u2626,E103,Page view: {page} by {user}
5213,2026-01-10,11:04:28,INFO,WebServer,Health check passed: WebServer,E102,Health check passed: {service}
5214,2026-01-10,11:44:36,WARN,OrderProcessor,Disk usage > 85% on node node-1,E202,Disk usage > 85% on node {node}
5215,2026-01-10,11:30:05,INFO,InventoryDB,Transaction tx673727 completed in 1838ms,E104,Transaction {tx} completed in {time}ms
5216,2026-01-10,11:22:01,INFO,WebServer,Transaction tx242578 completed in 104ms,E104,Transaction {tx} completed in {time}ms
5217,2026-01-10,11:07:36,INFO,WebServer,Page view: /home by u2995,E103,Page view: {page} by {user}
5218,2026-01-10,11:39:20,INFO,PaymentGateway,Transaction tx226419 completed in 1556ms,E104,Transaction {tx} completed in {time}ms
5219,2026-01-10,11:37:31,INFO,WebServer,Page view: /home by u3967,E103,Page view: {page} by {user}
5220,2026-01-10,11:35:40,INFO,OrderProcessor,Transaction tx574096 completed in 591ms,E104,Transaction {tx} completed in {time}ms
5221,2026-01-10,11:45:11,INFO,WebServer,Page view: /home by u4767,E103,Page view: {page} by {user}
5222,2026-01-10,11:31:03,INFO,WebServer,User u1886 login successful,E101,User {user} login successful
5223,2026-01-10,11:29:46,INFO,WebServer,Transaction tx958323 completed in 776ms,E104,Transaction {tx} completed in {time}ms
5224,2026-01-10,11:44:42,INFO,WebServer,User u1105 login successful,E101,User {user} login successful
5225,2026-01-10,11:22:29,INFO,PaymentGateway,Transaction tx871252 completed in 1837ms,E104,Transaction {tx} completed in {time}ms
5226,2026-01-10,11:52:02,INFO,WebServer,Health check passed: WebServer,E102,Health check passed: {service}
5227,2026-01-10,11:36:10,INFO,PaymentGateway,Page view: /home by u3884,E103,Page view: {page} by {user}
5228,2026-01-10,11:19:35,INFO,OrderProcessor,User u4381 login successful,E101,User {user} login successful
5229,2026-01-10,11:45:14,INFO,OrderProcessor,Health check passed: OrderProcessor,E102,Health check passed: {service}
5230,2026-01-10,11:57:49,INFO,OrderProcessor,Transaction tx575124 completed in 149ms,E104,Transaction {tx} completed in {time}ms
5231,2026-01-10,11:16:33,INFO,WebServer,Health check passed: WebServer,E102,Health check passed: {service}
5232,2026-01-10,11:14:40,WARN,WebServer,High latency (1019ms) detected on WebServer,E201,High latency ({time}ms) detected on {service}
5233,2026-01-10,11:48:28,INFO,WebServer,Page view: /home by u3352,E103,Page view: {page} by {user}
5234,2026-01-10,11:29:50,INFO,OrderProcessor,Health check passed: OrderProcessor,E102,Health check passed: {service}
5235,2026-01-10,11:08:12,INFO,OrderProcessor,Transaction tx539941 completed in 1268ms,E104,Transaction {tx} completed in {time}ms
5236,2026-01-10,11:28:30,INFO,WebServer,Transaction tx607534 completed in 684ms,E104,Transaction {tx} completed in {time}ms
5237,2026-01-10,11:59:51,INFO,WebServer,Health check passed: WebServer,E102,Health check passed: {service}
5238,2026-01-10,11:48:20,INFO,OrderProcessor,Transaction tx845719 completed in 1842ms,E104,Transaction {tx} completed in {time}ms
5239,2026-01-10,11:08:37,INFO,InventoryDB,Page view: /home by u1942,E103,Page view: {page} by {user}
5240,2026-01-10,11:48:49,INFO,AuthService,Health check passed: AuthService,E102,Health check passed: {service}
5241,2026-01-10,11:00:54,INFO,WebServer,Transaction tx856102 completed in 382ms,E104,Transaction {tx} completed in {time}ms
5242,2026-01-10,11:41:09,INFO,WebServer,User u3510 login successful,E101,User {user} login successful
5243,2026-01-10,11:17:11,INFO,WebServer,Page view: /home by u3548,E103,Page view: {page} by {user}
5244,2026-01-10,11:24:31,INFO,WebServer,Health check passed: WebServer,E102,Health check passed: {service}
5245,2026-01-10,11:29:22,INFO,OrderProcessor,User u2950 login successful,E101,User {user} login successful
5246,2026-01-10,11:45:51,INFO,WebServer,Transaction tx932490 completed in 1966ms,E104,Transaction {tx} completed in {time}ms
5247,2026-01-10,11:24:04,INFO,OrderProcessor,Transaction tx441468 completed in 1093ms,E104,Transaction {tx} completed in {time}ms
5248,2026-01-10,11:01:28,ERROR,WebServer,Payment declined: Gateway unavailable,E503,Payment declined: Gateway unavailable
5249,2026-01-10,11:25:26,INFO,AuthService,Transaction tx392778 completed in 169ms,E104,Transaction {tx} completed in {time}ms
5250,2026-01-10,11:40:48,INFO,PaymentGateway,Health check passed: PaymentGateway,E102,Health check passed: {service}
5251,2026-01-10,11:31:22,INFO,WebServer,Transaction tx893518 completed in 1617ms,E104,Transaction {tx} completed in {time}ms
5252,2026-01-10,11:44:24,INFO,PaymentGateway,Page view: /home by u3522,E103,Page view: {page} by {user}
5253,2026-01-10,11:20:31,INFO,WebServer,User u3267 login successful,E101,User {user} login successful
5254,2026-01-10,11:06:08,WARN,AuthService,High latency (1838ms) detected on AuthService,E201,High latency ({time}ms) detected on {service}
5255,2026-01-10,11:07:14,INFO,WebServer,User u3892 login successful,E101,User {user} login successful
5256,2026-01-10,11:44:07,INFO,WebServer,Transaction tx222479 completed in 946ms,E104,Transaction {tx} completed in {time}ms
5257,2026-01-10,11:10:41,INFO,PaymentGateway,User u4502 login successful,E101,User {user} login successful
5258,2026-01-10,11:09:09,WARN,WebServer,Unauthorized access attempt from 10.0.0.45,E401,Unauthorized access attempt from {ip}
5259,2026-01-10,11:55:19,INFO,WebServer,Page view: /home by u1983,E103,Page view: {page} by {user}
5260,2026-01-10,11:28:58,INFO,WebServer,Transaction tx636095 completed in 942ms,E104,Transaction {tx} completed in {time}ms
5261,2026-01-10,11:34:29,INFO,WebServer,Health check passed: WebServer,E102,Health check passed: {service}
5262,2026-01-10,11:55:39,INFO,WebServer,Page view: /home by u3187,E103,Page view: {page} by {user}
5263,2026-01-10,11:13:41,INFO,WebServer,Transaction tx351142 completed in 1779ms,E104,Transaction {tx} completed in {time}ms
5264,2026-01-10,11:50:53,INFO,AuthService,User u1865 login successful,E101,User {user} login successful
5265,2026-01-10,11:45:13,INFO,WebServer,Page view: /home by u3125,E103,Page view: {page} by {user}
5266,2026-01-10,11:33:10,INFO,AuthService,Page view: /home by u4406,E103,Page view: {page} by {user}
5267,2026-01-10,11:57:03,INFO,WebServer,User u2925 login successful,E101,User {user} login successful
5268,2026-01-10,11:26:36,INFO,AuthService,User u2578 login successful,E101,User {user} login successful
5269,2026-01-10,11:49:14,INFO,AuthService,Health check passed: AuthService,E102,Health check passed: {service}
5270,2026-01-10,11:15:28,INFO,WebServer,Health check passed: WebServer,E102,Health check passed: {service}
5271,2026-01-10,11:20:14,INFO,AuthService,Page view: /home by u1075,E103,Page view: {page} by {user}
5272,2026-01-10,11:20:37,INFO,AuthService,Transaction tx934774 completed in 1604ms,E104,Transaction {tx} completed in {time}ms
5273,2026-01-10,11:59:02,INFO,WebServer,User u3438 login successful,E101,User {user} login successful
5274,2026-01-10,11:42:16,INFO,AuthService,Page view: /home by u2974,E103,Page view: {page} by {user}
5275,2026-01-10,11:10:19,INFO,WebServer,Page view: /home by u4664,E103,Page view: {page} by {user}
5276,2026-01-10,11:30:55,INFO,WebServer,User u3820 login successful,E101,User {user} login successful
5277,2026-01-10,11:46:07,INFO,PaymentGateway,Transaction tx652560 completed in 430ms,E104,Transaction {tx} completed in {time}ms
5278,2026-01-10,11:51:07,INFO,WebServer,User u1097 login successful,E101,User {user} login successful
5279,2026-01-10,11:38:41,ERROR,PaymentGateway,Payment declined: Gateway unavailable,E503,Payment declined: Gateway unavailable
5280,2026-01-10,11:10:14,WARN,AuthService,Disk usage > 85% on node node-5,E202,Disk usage > 85% on node {node}
5281,2026-01-10,11:34:41,INFO,OrderProcessor,User u4093 login successful,E101,User {user} login successful
5282,2026-01-10,11:21:26,INFO,OrderProcessor,Health check passed: OrderProcessor,E102,Health check passed: {service}
5283,2026-01-10,11:26:13,INFO,WebServer,Transaction tx565905 completed in 230ms,E104,Transaction {tx} completed in {time}ms
5284,2026-01-10,11:50:09,INFO,WebServer,Transaction tx875366 completed in 411ms,E104,Transaction {tx} completed in {time}ms
5285,2026-01-10,11:23:13,INFO,PaymentGateway,Page view: /home by u4470,E103,Page view: {page} by {user}
5286,2026-01-10,11:14:16,INFO,AuthService,Transaction tx310196 completed in 999ms,E104,Transaction {tx} completed in {time}ms
5287,2026-01-10,11:15:58,WARN,WebServer,Disk usage > 85% on node node-4,E202,Disk usage > 85% on node {node}
5288,2026-01-10,11:22:15,INFO,AuthService,Health check passed: AuthService,E102,Health check passed: {service}
5289,2026-01-10,11:54:32,WARN,AuthService,Disk usage > 85% on node node-3,E202,Disk usage > 85% on node {node}
5290,2026-01-10,11:39:29,INFO,InventoryDB,Transaction tx832577 completed in 889ms,E104,Transaction {tx} completed in {time}ms
5291,2026-01-10,11:24:14,INFO,WebServer,Page view: /home by u3329,E103,Page view: {page} by {user}
5292,2026-01-10,11:20:25,INFO,AuthService,Transaction tx262376 completed in 313ms,E104,Transaction {tx} completed in {time}ms
5293,2026-01-10,11:54:57,INFO,AuthService,Health check passed: AuthService,E102,Health check passed: {service}
5294,2026-01-10,11:18:03,INFO,WebServer,Health check passed: WebServer,E102,Health check passed: {service}
5295,2026-01-10,11:16:58,INFO,PaymentGateway,Health check passed: PaymentGateway,E102,Health check passed: {service}
5296,2026-01-10,11:35:15,INFO,AuthService,User u3397 login successful,E101,User {user} login successful
5297,2026-01-10,11:43:52,ERROR,WebServer,Timeout waiting for lock on InventoryDB,E502,Timeout waiting for lock on {db}
5298,2026-01-10,11:25:48,INFO,AuthService,Health check passed: AuthService,E102,Health check passed: {service}
5299,2026-01-10,11:30:24,INFO,AuthService,Page view: /home by u4700,E103,Page view: {page} by {user}
5300,2026-01-10,11:54:55,INFO,WebServer,Health check passed: WebServer,E102,Health check passed: {service}
5301,2026-01-10,11:23:33,INFO,WebServer,Health check passed: WebServer,E102,Health check passed: {service}
5302,2026-01-10,11:07:12,INFO,InventoryDB,Page view: /home by u4593,E103,Page view: {page} by {user}
5303,2026-01-10,11:55:01,INFO,OrderProcessor,User u1450 login successful,E101,User {user} login successful
5304,2026-01-10,11:55:10,INFO,PaymentGateway,Health check passed: PaymentGateway,E102,Health check passed: {service}
5305,2026-01-10,11:10:44,INFO,WebServer,Page view: /home by u3621,E103,Page view: {page} by {user}
5306,2026-01-10,11:10:19,INFO,AuthService,Transaction tx934416 completed in 1226ms,E104,Transaction {tx} completed in {time}ms
5307,2026-01-10,11:52:27,INFO,WebServer,Health check passed: WebServer,E102,Health check passed: {service}
5308,2026-01-10,11:11:10,INFO,WebServer,Health check passed: WebServer,E102,Health check passed: {service}
5309,2026-01-10,11:21:21,INFO,OrderProcessor,Transaction tx475919 completed in 1264ms,E104,Transaction {tx} completed in {time}ms
5310,2026-01-10,11:21:24,WARN,AuthService,High latency (1783ms) detected on AuthService,E201,High latency ({time}ms) detected on {service}
5311,2026-01-10,11:08:32,INFO,AuthService,Page view: /home by u3424,E103,Page view: {page} by {user}
5312,2026-01-10,11:21:31,INFO,AuthService,Page view: /home by u1302,E103,Page view: {page} by {user}
5313,2026-01-10,11:56:18,INFO,WebServer,Page view: /home by u2650,E103,Page view: {page} by {user}
5314,2026-01-10,11:52:53,INFO,InventoryDB,User u1306 login successful,E101,User {user} login successful
5315,2026-01-10,11:19:38,INFO,AuthService,Health check passed: AuthService,E102,Health check passed: {service}
5316,2026-01-10,11:02:12,INFO,WebServer,Page view: /home by u2659,E103,Page view: {page} by {user}
5317,2026-01-10,11:14:13,INFO,WebServer,Health check passed: WebServer,E102,Health check passed: {service}
5318,2026-01-10,11:44:32,WARN,AuthService,Disk usage > 85% on node node-3,E202,Disk usage > 85% on node {node}
5319,2026-01-10,11:54:04,ERROR,InventoryDB,Payment declined: Gateway unavailable,E503,Payment declined: Gateway unavailable
5320,2026-01-10,11:05:13,INFO,AuthService,Page view: /home by u3555,E103,Page view: {page} by {user}
5321,2026-01-10,11:17:54,INFO,WebServer,Transaction tx626933 completed in 746ms,E104,Transaction {tx} completed in {time}ms
5322,2026-01-10,11:35:01,INFO,OrderProcessor,User u4840 login successful,E101,User {user} login successful
5323,2026-01-10,11:18:45,INFO,OrderProcessor,Transaction tx941421 completed in 22ms,E104,Transaction {tx} completed in {time}ms
5324,2026-01-10,11:41:44,INFO,WebServer,Page view: /home by u1743,E103,Page view: {page} by {user}
5325,2026-01-10,11:11:58,INFO,WebServer,User u3326 login successful,E101,User {user} login successful
5326,2026-01-10,11:19:19,INFO,WebServer,Health check passed: WebServer,E102,Health check passed: {service}
5327,2026-01-10,11:03:46,INFO,AuthService,Transaction tx395283 completed in 1380ms,E104,Transaction {tx} completed in {time}ms
5328,2026-01-10,11:04:48,INFO,AuthService,User u1827 login successful,E101,User {user} login successful
5329,2026-01-10,11:27:55,INFO,OrderProcessor,Transaction tx348112 completed in 87ms,E104,Transaction {tx} completed in {time}ms
5330,2026-01-10,11:07:46,INFO,PaymentGateway,Health check passed: PaymentGateway,E102,Health check passed: {service}
5331,2026-01-10,11:44:13,INFO,WebServer,Transaction tx425589 completed in 144ms,E104,Transaction {tx} completed in {time}ms
5332,2026-01-10,11:06:07,INFO,WebServer,Page view: /home by u1794,E103,Page view: {page} by {user}
5333,2026-01-10,11:51:42,INFO,WebServer,Transaction tx300735 completed in 1391ms,E104,Transaction {tx} completed in {time}ms
5334,2026-01-10,11:28:49,INFO,AuthService,Page view: /home by u3216,E103,Page view: {page} by {user}
5335,2026-01-10,11:47:41,INFO,AuthService,Page view: /home by u3042,E103,Page view: {page} by {user}
5336,2026-01-10,11:51:28,INFO,WebServer,Transaction tx962019 completed in 1300ms,E104,Transaction {tx} completed in {time}ms
5337,2026-01-10,11:35:07,INFO,WebServer,User u4361 login successful,E101,User {user} login successful
5338,2026-01-10,11:51:45,INFO,AuthService,Page view: /home by u3342,E103,Page view: {page} by {user}
5339,2026-01-10,11:30:39,INFO,WebServer,Transaction tx374754 completed in 1526ms,E104,Transaction {tx} completed in {time}ms
5340,2026-01-10,11:51:20,INFO,OrderProcessor,Transaction tx873233 completed in 1049ms,E104,Transaction {tx} completed in {time}ms
5341,2026-01-10,11:55:40,INFO,OrderProcessor,Page view: /home by u3203,E103,Page view: {page} by {user}
5342,2026-01-10,11:59:08,INFO,WebServer,Health check passed: WebServer,E102,Health check passed: {service}
5343,2026-01-10,11:36:55,INFO,PaymentGateway,Page view: /home by u4197,E103,Page view: {page} by {user}
5344,2026-01-10,11:29:08,INFO,OrderProcessor,Page view: /home by u2269,E103,Page view: {page} by {user}
5345,2026-01-10,11:29:27,INFO,WebServer,Health check passed: WebServer,E102,Health check passed: {service}
5346,2026-01-10,11:55:30,INFO,WebServer,Health check passed: WebServer,E102,Health check passed: {service}
5347,2026-01-10,11:07:36,INFO,WebServer,User u4681 login successful,E101,User {user} login successful
5348,2026-01-10,11:20:25,INFO,WebServer,User u3670 login successful,E101,User {user} login successful
5349,2026-01-10,11:14:22,INFO,WebServer,Transaction tx951858 completed in 1135ms,E104,Transaction {tx} completed in {time}ms
5350,2026-01-10,11:40:56,INFO,AuthService,User u4549 login successful,E101,User {user} login successful
5351,2026-01-10,11:54:41,WARN,InventoryDB,Disk usage > 85% on node node-1,E202,Disk usage > 85% on node {node}
5352,2026-01-10,11:31:45,INFO,WebServer,User u3866 login successful,E101,User {user} login successful
5353,2026-01-10,12:32:30,INFO,WebServer,Page view: /home by u4751,E103,Page view: {page} by {user}
5354,2026-01-10,12:00:00,WARN,WebServer,Disk usage > 85% on node node-4,E202,Disk usage > 85% on node {node}
5355,2026-01-10,12:28:23,INFO,OrderProcessor,Transaction tx471524 completed in 125ms,E104,Transaction {tx} completed in {time}ms
5356,2026-01-10,12:18:35,INFO,AuthService,User u4788 login successful,E101,User {user} login successful
5357,2026-01-10,12:47:10,INFO,AuthService,Transaction tx333318 completed in 1989ms,E104,Transaction {tx} completed in {time}ms
5358,2026-01-10,12:10:41,WARN,WebServer,High latency (25ms) detected on WebServer,E201,High latency ({time}ms) detected on {service}
5359,2026-01-10,12:39:57,INFO,OrderProcessor,Page view: /home by u1360,E103,Page view: {page} by {user}
5360,2026-01-10,12:29:15,INFO,WebServer,Health check passed: WebServer,E102,Health check passed: {service}
5361,2026-01-10,12:05:58,INFO,WebServer,Page view: /home by u2997,E103,Page view: {page} by {user}
5362,2026-01-10,12:36:27,INFO,AuthService,Transaction tx681783 completed in 1616ms,E104,Transaction {tx} completed in {time}ms
5363,2026-01-10,12:42:02,INFO,WebServer,User u4970 login successful,E101,User {user} login successful
5364,2026-01-10,12:04:02,INFO,WebServer,Page view: /home by u2333,E103,Page view: {page} by {user}
5365,2026-01-10,12:07:43,INFO,WebServer,Transaction tx874055 completed in 1770ms,E104,Transaction {tx} completed in {time}ms
5366,2026-01-10,12:28:08,INFO,AuthService,Health check passed: AuthService,E102,Health check passed: {service}
5367,2026-01-10,12:08:19,INFO,WebServer,User u3855 login successful,E101,User {user} login successful
5368,2026-01-10,12:07:40,WARN,WebServer,High latency (166ms) detected on WebServer,E201,High latency ({time}ms) detected on {service}
5369,2026-01-10,12:39:01,INFO,WebServer,Health check passed: WebServer,E102,Health check passed: {service}
5370,2026-01-10,12:59:32,WARN,WebServer,Unauthorized access attempt from 10.0.0.12,E401,Unauthorized access attempt from {ip}
5371,2026-01-10,12:59:08,INFO,WebServer,Page view: /home by u2343,E103,Page view: {page} by {user}
5372,2026-01-10,12:15:28,INFO,AuthService,Page view: /home by u3971,E103,Page view: {page} by {user}
5373,2026-01-10,12:01:27,INFO,AuthService,Transaction tx758944 completed in 52ms,E104,Transaction {tx} completed in {time}ms
5374,2026-01-10,12:50:24,INFO,InventoryDB,Health check passed: InventoryDB,E102,Health check passed: {service}
5375,2026-01-10,12:11:07,INFO,InventoryDB,Transaction tx508918 completed in 1326ms,E104,Transaction {tx} completed in {time}ms
5376,2026-01-10,12:24:56,INFO,WebServer,Page view: /home by u1888,E103,Page view: {page} by {user}
5377,2026-01-10,12:21:03,WARN,WebServer,Unauthorized access attempt from 192.168.1.5,E401,Unauthorized access attempt from {ip}
5378,2026-01-10,12:52:54,INFO,AuthService,Transaction tx773118 completed in 1037ms,E104,Transaction {tx} completed in {time}ms
5379,2026-01-10,12:52:46,INFO,WebServer,Transaction tx788932 completed in 1067ms,E104,Transaction {tx} completed in {time}ms
5380,2026-01-10,12:11:13,INFO,WebServer,Transaction tx988052 completed in 481ms,E104,Transaction {tx} completed in {time}ms
5381,2026-01-10,12:00:56,INFO,WebServer,Transaction tx756202 completed in 770ms,E104,Transaction {tx} completed in {time}ms
5382,2026-01-10,12:45:50,INFO,WebServer,Page view: /home by u3030,E103,Page view: {page} by {user}
5383,2026-01-10,12:01:38,INFO,WebServer,Health check passed: WebServer,E102,Health check passed: {service}
5384,2026-01-10,12:39:45,INFO,AuthService,Health check passed: AuthService,E102,Health check passed: {service}
5385,2026-01-10,12:41:58,INFO,AuthService,User u4204 login successful,E101,User {user} login successful
5386,2026-01-10,12:10:38,INFO,AuthService,Transaction tx235696 completed in 967ms,E104,Transaction {tx} completed in {time}ms
5387,2026-01-10,12:49:29,INFO,WebServer,Page view: /home by u1341,E103,Page view: {page} by {user}
5388,2026-01-10,12:07:10,INFO,AuthService,Transaction tx604613 completed in 971ms,E104,Transaction {tx} completed in {time}ms
5389,2026-01-10,12:12:07,INFO,OrderProcessor,User u3310 login successful,E101,User {user} login successful
5390,2026-01-10,12:37:10,INFO,PaymentGateway,Page view: /home by u2005,E103,Page view: {page} by {user}
5391,2026-01-10,12:06:26,INFO,WebServer,User u4788 login successful,E101,User {user} login successful
5392,2026-01-10,12:32:44,INFO,WebServer,Page view: /home by u1439,E103,Page view: {page} by {user}
5393,2026-01-10,12:43:30,INFO,WebServer,Health check passed: WebServer,E102,Health check passed: {service}
5394,2026-01-10,12:45:17,INFO,WebServer,Health check passed: WebServer,E102,Health check passed: {service}
5395,2026-01-10,12:57:53,INFO,OrderProcessor,Health check passed: OrderProcessor,E102,Health check passed: {service}
5396,2026-01-10,12:27:46,INFO,OrderProcessor,Transaction tx416480 completed in 217ms,E104,Transaction {tx} completed in {time}ms
5397,2026-01-10,12:04:23,INFO,WebServer,Page view: /home by u2591,E103,Page view: {page} by {user}
5398,2026-01-10,12:01:49,INFO,WebServer,Health check passed: WebServer,E102,Health check passed: {service}
5399,2026-01-10,12:34:16,INFO,WebServer,User u4070 login successful,E101,User {user} login successful
5400,2026-01-10,12:49:49,INFO,WebServer,Health check passed: WebServer,E102,Health check passed: {service}
5401,2026-01-10,12:40:53,INFO,AuthService,Page view: /home by u1087,E103,Page view: {page} by {user}
5402,2026-01-10,12:53:55,INFO,WebServer,Health check passed: WebServer,E102,Health check passed: {service}
5403,2026-01-10,12:37:33,INFO,AuthService,Transaction tx418929 completed in 634ms,E104,Transaction {tx} completed in {time}ms
5404,2026-01-10,12:12:39,INFO,AuthService,Health check passed: AuthService,E102,Health check passed: {service}
5405,2026-01-10,12:54:13,INFO,OrderProcessor,Page view: /home by u3427,E103,Page view: {page} by {user}
5406,2026-01-10,12:57:32,INFO,AuthService,User u4560 login successful,E101,User {user} login successful
5407,2026-01-10,12:40:06,INFO,PaymentGateway,User u3094 login successful,E101,User {user} login successful
5408,2026-01-10,12:18:20,INFO,AuthService,Page view: /home by u2390,E103,Page view: {page} by {user}
5409,2026-01-10,12:10:18,INFO,WebServer,Page view: /home by u3760,E103,Page view: {page} by {user}
5410,2026-01-10,12:37:08,INFO,AuthService,Health check passed: AuthService,E102,Health check passed: {service}
5411,2026-01-10,12:35:10,INFO,PaymentGateway,Health check passed: PaymentGateway,E102,Health check passed: {service}
5412,2026-01-10,12:00:01,INFO,WebServer,User u4304 login successful,E101,User {user} login successful
5413,2026-01-10,12:31:24,INFO,WebServer,Transaction tx280769 completed in 752ms,E104,Transaction {tx} completed in {time}ms
5414,2026-01-10,12:16:54,INFO,WebServer,User u1978 login successful,E101,User {user} login successful
5415,2026-01-10,12:24:16,INFO,OrderProcessor,Health check passed: OrderProcessor,E102,Health check passed: {service}
5416,2026-01-10,12:37:17,INFO,WebServer,User u1813 login successful,E101,User {user} login successful
5417,2026-01-10,12:01:37,INFO,WebServer,Page view: /home by u4621,E103,Page view: {page} by {user}
5418,2026-01-10,12:35:15,INFO,WebServer,User u1780 login successful,E101,User {user} login successful
5419,2026-01-10,12:36:51,INFO,InventoryDB,Page view: /home by u4529,E103,Page view: {page} by {user}
5420,2026-01-10,12:35:39,INFO,AuthService,Health check passed: AuthService,E102,Health check passed: {service}
5421,2026-01-10,12:44:10,INFO,OrderProcessor,User u2654 login successful,E101,User {user} login successful
5422,2026-01-10,12:37:43,INFO,WebServer,User u1260 login successful,E101,User {user} login successful
5423,2026-01-10,12:23:31,INFO,WebServer,Health check passed: WebServer,E102,Health check passed: {service}
5424,2026-01-10,12:01:28,INFO,AuthService,Health check passed: AuthService,E102,Health check passed: {service}
5425,2026-01-10,12:58:18,INFO,OrderProcessor,Transaction tx649169 completed in 1404ms,E104,Transaction {tx} completed in {time}ms
5426,2026-01-10,12:12:56,INFO,WebServer,Transaction tx196758 completed in 1533ms,E104,Transaction {tx} completed in {time}ms
5427,2026-01-10,12:55:52,INFO,AuthService,User u2958 login successful,E101,User {user} login successful
5428,2026-01-10,12:42:16,INFO,AuthService,Health check passed: AuthService,E102,Health check passed: {service}
5429,2026-01-10,12:24:20,INFO,OrderProcessor,Page view: /home by u3226,E103,Page view: {page} by {user}
5430,2026-01-10,12:15:39,INFO,WebServer,Health check passed: WebServer,E102,Health check passed: {service}
5431,2026-01-10,12:26:24,INFO,WebServer,Transaction tx789926 completed in 1609ms,E104,Transaction {tx} completed in {time}ms
5432,2026-01-10,12:39:16,INFO,AuthService,Health check passed: AuthService,E102,Health check passed: {service}
5433,2026-01-10,12:50:45,WARN,AuthService,High latency (212ms) detected on AuthService,E201,High latency ({time}ms) detected on {service}
5434,2026-01-10,12:49:54,INFO,AuthService,Health check passed: AuthService,E102,Health check passed: {service}
5435,2026-01-10,12:32:32,INFO,WebServer,Page view: /home by u2183,E103,Page view: {page} by {user}
5436,2026-01-10,12:43:34,INFO,WebServer,Transaction tx921047 completed in 779ms,E104,Transaction {tx} completed in {time}ms
5437,2026-01-10,12:26:58,INFO,WebServer,Health check passed: WebServer,E102,Health check passed: {service}
5438,2026-01-10,12:12:11,INFO,WebServer,Health check passed: WebServer,E102,Health check passed: {service}
5439,2026-01-10,12:56:52,INFO,InventoryDB,Page view: /home by u2760,E103,Page view: {page} by {user}
5440,2026-01-10,12:08:35,INFO,OrderProcessor,Transaction tx359172 completed in 327ms,E104,Transaction {tx} completed in {time}ms
5441,2026-01-10,12:28:33,WARN,AuthService,Unauthorized access attempt from 10.0.0.88,E401,Unauthorized access attempt from {ip}
5442,2026-01-10,12:44:31,INFO,WebServer,User u1430 login successful,E101,User {user} login successful
5443,2026-01-10,12:28:47,INFO,WebServer,Health check passed: WebServer,E102,Health check passed: {service}
5444,2026-01-10,12:56:41,INFO,AuthService,Health check passed: AuthService,E102,Health check passed: {service}
5445,2026-01-10,12:44:52,INFO,AuthService,User u1873 login successful,E101,User {user} login successful
5446,2026-01-10,12:08:23,INFO,WebServer,User u2957 login successful,E101,User {user} login successful
5447,2026-01-10,12:35:34,INFO,OrderProcessor,Transaction tx487232 completed in 957ms,E104,Transaction {tx} completed in {time}ms
5448,2026-01-10,12:14:57,INFO,PaymentGateway,Health check passed: PaymentGateway,E102,Health check passed: {service}
5449,2026-01-10,12:58:32,INFO,PaymentGateway,User u3899 login successful,E101,User {user} login successful
5450,2026-01-10,12:57:00,INFO,WebServer,User u1717 login successful,E101,User {user} login successful
5451,2026-01-10,12:15:00,INFO,AuthService,Transaction tx651714 completed in 169ms,E104,Transaction {tx} completed in {time}ms
5452,2026-01-10,12:41:14,INFO,OrderProcessor,Transaction tx841256 completed in 1063ms,E104,Transaction {tx} completed in {time}ms
5453,2026-01-10,12:52:34,INFO,AuthService,User u1896 login successful,E101,User {user} login successful
5454,2026-01-10,12:37:54,INFO,PaymentGateway,Health check passed: PaymentGateway,E102,Health check passed: {service}
5455,2026-01-10,12:31:55,INFO,AuthService,Transaction tx457256 completed in 1992ms,E104,Transaction {tx} completed in {time}ms
5456,2026-01-10,12:24:45,INFO,PaymentGateway,Page view: /home by u3321,E103,Page view: {page} by {user}
5457,2026-01-10,12:03:40,INFO,OrderProcessor,Health check passed: OrderProcessor,E102,Health check passed: {service}
5458,2026-01-10,12:34:30,INFO,WebServer,Transaction tx349763 completed in 1712ms,E104,Transaction {tx} completed in {time}ms
5459,2026-01-10,12:14:11,INFO,PaymentGateway,Page view: /home by u4969,E103,Page view: {page} by {user}
5460,2026-01-10,12:08:26,INFO,WebServer,Transaction tx856363 completed in 450ms,E104,Transaction {tx} completed in {time}ms
5461,2026-01-10,12:08:54,INFO,OrderProcessor,Page view: /home by u3245,E103,Page view: {page} by {user}
5462,2026-01-10,12:42:40,INFO,WebServer,User u2379 login successful,E101,User {user} login successful
5463,2026-01-10,12:33:30,INFO,WebServer,Page view: /home by u4120,E103,Page view: {page} by {user}
5464,2026-01-10,12:11:48,INFO,WebServer,User u3332 login successful,E101,User {user} login successful
5465,2026-01-10,12:47:03,INFO,WebServer,Page view: /home by u2810,E103,Page view: {page} by {user}
5466,2026-01-10,12:55:27,INFO,OrderProcessor,Health check passed: OrderProcessor,E102,Health check passed: {service}
5467,2026-01-10,12:57:49,INFO,WebServer,User u3309 login successful,E101,User {user} login successful
5468,2026-01-10,12:48:59,INFO,WebServer,Page view: /home by u2332,E103,Page view: {page} by {user}
5469,2026-01-10,12:24:29,INFO,AuthService,Health check passed: AuthService,E102,Health check passed: {service}
5470,2026-01-10,12:43:29,INFO,AuthService,Transaction tx894302 completed in 443ms,E104,Transaction {tx} completed in {time}ms
5471,2026-01-10,12:04:40,INFO,AuthService,Transaction tx532704 completed in 290ms,E104,Transaction {tx} completed in {time}ms
5472,2026-01-10,12:23:59,INFO,WebServer,Transaction tx408922 completed in 1362ms,E104,Transaction {tx} completed in {time}ms
5473,2026-01-10,12:34:08,INFO,AuthService,Page view: /home by u1703,E103,Page view: {page} by {user}
5474,2026-01-10,12:37:20,INFO,WebServer,Page view: /home by u2247,E103,Page view: {page} by {user}
5475,2026-01-10,12:39:32,INFO,WebServer,Page view: /home by u1087,E103,Page view: {page} by {user}
5476,2026-01-10,12:10:28,INFO,WebServer,Transaction tx941358 completed in 1387ms,E104,Transaction {tx} completed in {time}ms
5477,2026-01-10,12:24:21,INFO,WebServer,Transaction tx386366 completed in 1826ms,E104,Transaction {tx} completed in {time}ms
5478,2026-01-10,12:33:16,INFO,WebServer,Health check passed: WebServer,E102,Health check passed: {service}
5479,2026-01-10,12:47:07,INFO,AuthService,Page view: /home by u3734,E103,Page view: {page} by {user}
5480,2026-01-10,12:59:28,INFO,OrderProcessor,User u4003 login successful,E101,User {user} login successful
5481,2026-01-10,12:21:07,INFO,WebServer,Health check passed: WebServer,E102,Health check passed: {service}
5482,2026-01-10,12:19:14,INFO,AuthService,Transaction tx219955 completed in 279ms,E104,Transaction {tx} completed in {time}ms
5483,2026-01-10,12:23:32,INFO,WebServer,User u2945 login successful,E101,User {user} login successful
5484,2026-01-10,12:46:41,INFO,AuthService,Page view: /home by u1367,E103,Page view: {page} by {user}
5485,2026-01-10,12:57:35,INFO,OrderProcessor,User u3322 login successful,E101,User {user} login successful
5486,2026-01-10,12:17:12,INFO,WebServer,Page view: /home by u1362,E103,Page view: {page} by {user}
5487,2026-01-10,12:34:56,INFO,PaymentGateway,Page view: /home by u2262,E103,Page view: {page} by {user}
5488,2026-01-10,12:17:28,INFO,WebServer,Transaction tx808402 completed in 1178ms,E104,Transaction {tx} completed in {time}ms
5489,2026-01-10,12:25:27,INFO,OrderProcessor,Health check passed: OrderProcessor,E102,Health check passed: {service}
5490,2026-01-10,12:29:45,INFO,PaymentGateway,Page view: /home by u2155,E103,Page view: {page} by {user}
5491,2026-01-10,12:51:42,INFO,WebServer,Health check passed: WebServer,E102,Health check passed: {service}
5492,2026-01-10,12:26:30,INFO,PaymentGateway,User u3380 login successful,E101,User {user} login successful
5493,2026-01-10,12:54:34,INFO,WebServer,User u4791 login successful,E101,User {user} login successful
5494,2026-01-10,12:08:55,INFO,WebServer,Transaction tx805347 completed in 1123ms,E104,Transaction {tx} completed in {time}ms
5495,2026-01-10,12:31:01,INFO,WebServer,User u4019 login successful,E101,User {user} login successful
5496,2026-01-10,12:56:25,INFO,WebServer,Health check passed: WebServer,E102,Health check passed: {service}
5497,2026-01-10,12:05:07,INFO,OrderProcessor,User u4212 login successful,E101,User {user} login successful
5498,2026-01-10,12:48:16,WARN,InventoryDB,Unauthorized access attempt from 10.0.0.88,E401,Unauthorized access attempt from {ip}
5499,2026-01-10,12:08:45,INFO,WebServer,Transaction tx714152 completed in 1957ms,E104,Transaction {tx} completed in {time}ms
5500,2026-01-10,12:29:18,INFO,AuthService,Health check passed: AuthService,E102,Health check passed: {service}
5501,2026-01-10,12:32:45,INFO,WebServer,Transaction tx433807 completed in 1382ms,E104,Transaction {tx} completed in {time}ms
5502,2026-01-10,12:42:01,INFO,AuthService,Transaction tx190515 completed in 1804ms,E104,Transaction {tx} completed in {time}ms
5503,2026-01-10,12:17:37,INFO,WebServer,Page view: /home by u3556,E103,Page view: {page} by {user}
5504,2026-01-10,12:11:29,WARN,AuthService,High latency (285ms) detected on AuthService,E201,High latency ({time}ms) detected on {service}
5505,2026-01-10,12:43:45,INFO,AuthService,Transaction tx933021 completed in 295ms,E104,Transaction {tx} completed in {time}ms
5506,2026-01-10,12:51:16,INFO,WebServer,User u3595 login successful,E101,User {user} login successful
5507,2026-01-10,12:32:31,INFO,AuthService,Health check passed: AuthService,E102,Health check passed: {service}
5508,2026-01-10,12:26:33,INFO,PaymentGateway,User u2284 login successful,E101,User {user} login successful
5509,2026-01-10,12:44:41,INFO,WebServer,Health check passed: WebServer,E102,Health check passed: {service}
5510,2026-01-10,12:19:47,INFO,PaymentGateway,Health check passed: PaymentGateway,E102,Health check passed: {service}
5511,2026-01-10,12:13:22,INFO,WebServer,Health check passed: WebServer,E102,Health check passed: {service}
5512,2026-01-10,12:02:59,INFO,OrderProcessor,Transaction tx342139 completed in 1945ms,E104,Transaction {tx} completed in {time}ms
5513,2026-01-10,12:10:18,INFO,AuthService,Transaction tx580625 completed in 1967ms,E104,Transaction {tx} completed in {time}ms
5514,2026-01-10,12:07:58,INFO,OrderProcessor,Transaction tx543638 completed in 627ms,E104,Transaction {tx} completed in {time}ms
5515,2026-01-10,12:38:05,INFO,AuthService,Page view: /home by u2877,E103,Page view: {page} by {user}
5516,2026-01-10,12:28:14,INFO,WebServer,Health check passed: WebServer,E102,Health check passed: {service}
5517,2026-01-10,12:48:32,INFO,WebServer,Page view: /home by u4366,E103,Page view: {page} by {user}
5518,2026-01-10,12:54:33,INFO,WebServer,Page view: /home by u3484,E103,Page view: {page} by {user}
5519,2026-01-10,12:00:59,INFO,WebServer,User u1989 login successful,E101,User {user} login successful
5520,2026-01-10,12:02:26,INFO,OrderProcessor,Health check passed: OrderProcessor,E102,Health check passed: {service}
5521,2026-01-10,12:26:31,INFO,AuthService,User u2675 login successful,E101,User {user} login successful
5522,2026-01-10,12:46:00,INFO,AuthService,Transaction tx334766 completed in 1174ms,E104,Transaction {tx} completed in {time}ms
5523,2026-01-10,12:26:09,INFO,OrderProcessor,Health check passed: OrderProcessor,E102,Health check passed: {service}
5524,2026-01-10,12:46:30,INFO,InventoryDB,Health check passed: InventoryDB,E102,Health check passed: {service}
5525,2026-01-10,12:58:31,INFO,AuthService,Page view: /home by u1975,E103,Page view: {page} by {user}
5526,2026-01-10,12:43:50,INFO,PaymentGateway,User u4312 login successful,E101,User {user} login successful
5527,2026-01-10,12:45:57,INFO,OrderProcessor,Transaction tx531107 completed in 990ms,E104,Transaction {tx} completed in {time}ms
5528,2026-01-10,12:12:35,INFO,AuthService,Page view: /home by u1626,E103,Page view: {page} by {user}
5529,2026-01-10,12:55:20,INFO,AuthService,Transaction tx468545 completed in 639ms,E104,Transaction {tx} completed in {time}ms
5530,2026-01-10,12:21:00,INFO,WebServer,User u4681 login successful,E101,User {user} login successful
5531,2026-01-10,12:48:27,INFO,OrderProcessor,Health check passed: OrderProcessor,E102,Health check passed: {service}
5532,2026-01-10,12:29:11,INFO,WebServer,Page view: /home by u4386,E103,Page view: {page} by {user}
5533,2026-01-10,12:59:12,INFO,WebServer,Transaction tx510634 completed in 1950ms,E104,Transaction {tx} completed in {time}ms
5534,2026-01-10,12:44:07,INFO,WebServer,Health check passed: WebServer,E102,Health check passed: {service}
5535,2026-01-10,12:07:40,INFO,WebServer,Transaction tx830608 completed in 1150ms,E104,Transaction {tx} completed in {time}ms
5536,2026-01-10,12:33:09,INFO,AuthService,Page view: /home by u4623,E103,Page view: {page} by {user}
5537,2026-01-10,12:45:07,INFO,OrderProcessor,Transaction tx811299 completed in 1687ms,E104,Transaction {tx} completed in {time}ms
5538,2026-01-10,12:39:47,INFO,AuthService,Health check passed: AuthService,E102,Health check passed: {service}
5539,2026-01-10,12:34:58,WARN,AuthService,Unauthorized access attempt from 10.0.0.99,E401,Unauthorized access attempt from {ip}
5540,2026-01-10,12:08:25,INFO,WebServer,Transaction tx167110 completed in 534ms,E104,Transaction {tx} completed in {time}ms
5541,2026-01-10,12:18:40,INFO,PaymentGateway,Health check passed: PaymentGateway,E102,Health check passed: {service}
5542,2026-01-10,12:32:49,INFO,WebServer,Health check passed: WebServer,E102,Health check passed: {service}
5543,2026-01-10,12:03:52,INFO,WebServer,User u1532 login successful,E101,User {user} login successful
5544,2026-01-10,12:36:53,INFO,WebServer,Health check passed: WebServer,E102,Health check passed: {service}
5545,2026-01-10,12:42:44,INFO,InventoryDB,Page view: /home by u2821,E103,Page view: {page} by {user}
5546,2026-01-10,12:39:54,INFO,WebServer,Health check passed: WebServer,E102,Health check passed: {service}
5547,2026-01-10,12:11:47,INFO,WebServer,User u4812 login successful,E101,User {user} login successful
5548,2026-01-10,12:48:47,INFO,PaymentGateway,Transaction tx170696 completed in 1306ms,E104,Transaction {tx} completed in {time}ms
5549,2026-01-10,12:33:45,INFO,OrderProcessor,Page view: /home by u1882,E103,Page view: {page} by {user}
5550,2026-01-10,12:49:50,INFO,PaymentGateway,Health check passed: PaymentGateway,E102,Health check passed: {service}
5551,2026-01-10,12:55:23,INFO,AuthService,User u3630 login successful,E101,User {user} login successful
5552,2026-01-10,12:16:06,INFO,AuthService,Transaction tx214261 completed in 1387ms,E104,Transaction {tx} completed in {time}ms
5553,2026-01-10,12:10:45,INFO,AuthService,Transaction tx781664 completed in 716ms,E104,Transaction {tx} completed in {time}ms
5554,2026-01-10,12:18:47,INFO,WebServer,Page view: /home by u3526,E103,Page view: {page} by {user}
5555,2026-01-10,12:24:36,ERROR,WebServer,Timeout waiting for lock on InventoryDB,E502,Timeout waiting for lock on {db}
5556,2026-01-10,12:38:31,INFO,WebServer,User u1349 login successful,E101,User {user} login successful
5557,2026-01-10,12:15:02,INFO,PaymentGateway,User u4995 login successful,E101,User {user} login successful
5558,2026-01-10,12:59:40,INFO,WebServer,Page view: /home by u3758,E103,Page view: {page} by {user}
5559,2026-01-10,12:24:21,INFO,OrderProcessor,Transaction tx277939 completed in 791ms,E104,Transaction {tx} completed in {time}ms
5560,2026-01-10,12:44:20,INFO,WebServer,Health check passed: WebServer,E102,Health check passed: {service}
5561,2026-01-10,12:34:31,INFO,AuthService,Health check passed: AuthService,E102,Health check passed: {service}
5562,2026-01-10,12:49:07,WARN,WebServer,Unauthorized access attempt from 10.0.0.45,E401,Unauthorized access attempt from {ip}
5563,2026-01-10,12:37:24,INFO,OrderProcessor,User u4876 login successful,E101,User {user} login successful
5564,2026-01-10,12:16:56,INFO,InventoryDB,Transaction tx380847 completed in 216ms,E104,Transaction {tx} completed in {time}ms
5565,2026-01-10,12:00:46,INFO,AuthService,Transaction tx167061 completed in 937ms,E104,Transaction {tx} completed in {time}ms
5566,2026-01-10,12:43:18,INFO,OrderProcessor,User u4450 login successful,E101,User {user} login successful
5567,2026-01-10,12:48:21,INFO,WebServer,User u3198 login successful,E101,User {user} login successful
5568,2026-01-10,12:08:54,INFO,AuthService,Transaction tx699963 completed in 1327ms,E104,Transaction {tx} completed in {time}ms
5569,2026-01-10,12:55:16,INFO,OrderProcessor,User u3732 login successful,E101,User {user} login successful
5570,2026-01-10,12:03:30,INFO,WebServer,Page view: /home by u4372,E103,Page view: {page} by {user}
5571,2026-01-10,12:55:45,INFO,WebServer,Page view: /home by u4696,E103,Page view: {page} by {user}
5572,2026-01-10,12:36:06,INFO,WebServer,Health check passed: WebServer,E102,Health check passed: {service}
5573,2026-01-10,12:58:55,INFO,WebServer,Health check passed: WebServer,E102,Health check passed: {service}
5574,2026-01-10,12:26:18,INFO,WebServer,User u2639 login successful,E101,User {user} login successful
5575,2026-01-10,12:24:16,INFO,WebServer,Health check passed: WebServer,E102,Health check passed: {service}
5576,2026-01-10,12:52:25,INFO,WebServer,Health check passed: WebServer,E102,Health check passed: {service}
5577,2026-01-10,12:18:58,INFO,PaymentGateway,Transaction tx780246 completed in 539ms,E104,Transaction {tx} completed in {time}ms
5578,2026-01-10,12:19:51,INFO,OrderProcessor,Transaction tx627768 completed in 279ms,E104,Transaction {tx} completed in {time}ms
5579,2026-01-10,12:47:02,INFO,InventoryDB,Transaction tx879598 completed in 1433ms,E104,Transaction {tx} completed in {time}ms
5580,2026-01-10,12:39:25,INFO,WebServer,Page view: /home by u2135,E103,Page view: {page} by {user}
5581,2026-01-10,12:18:31,INFO,WebServer,Health check passed: WebServer,E102,Health check passed: {service}
5582,2026-01-10,12:34:22,INFO,AuthService,Health check passed: AuthService,E102,Health check passed: {service}
5583,2026-01-10,12:03:30,INFO,AuthService,Health check passed: AuthService,E102,Health check passed: {service}
5584,2026-01-10,12:36:42,INFO,AuthService,User u4331 login successful,E101,User {user} login successful
5585,2026-01-10,12:28:47,INFO,WebServer,Health check passed: WebServer,E102,Health check passed: {service}
5586,2026-01-10,12:30:43,INFO,PaymentGateway,User u2630 login successful,E101,User {user} login successful
5587,2026-01-10,12:57:51,INFO,OrderProcessor,Transaction tx329606 completed in 1960ms,E104,Transaction {tx} completed in {time}ms
5588,2026-01-10,12:51:23,INFO,WebServer,User u2748 login successful,E101,User {user} login successful
5589,2026-01-10,12:21:55,INFO,OrderProcessor,Page view: /home by u4898,E103,Page view: {page} by {user}
5590,2026-01-10,12:44:07,INFO,PaymentGateway,Transaction tx605161 completed in 859ms,E104,Transaction {tx} completed in {time}ms
5591,2026-01-10,12:36:01,INFO,AuthService,Transaction tx111857 completed in 378ms,E104,Transaction {tx} completed in {time}ms
5592,2026-01-10,12:41:49,INFO,WebServer,User u2029 login successful,E101,User {user} login successful
5593,2026-01-10,12:37:03,INFO,WebServer,User u2358 login successful,E101,User {user} login successful
5594,2026-01-10,12:50:57,INFO,OrderProcessor,Transaction tx505705 completed in 1476ms,E104,Transaction {tx} completed in {time}ms
5595,2026-01-10,12:54:37,INFO,InventoryDB,Page view: /home by u1338,E103,Page view: {page} by {user}
5596,2026-01-10,12:13:25,INFO,WebServer,User u1599 login successful,E101,User {user} login successful
5597,2026-01-10,12:50:28,WARN,WebServer,High latency (2000ms) detected on WebServer,E201,High latency ({time}ms) detected on {service}
5598,2026-01-10,12:32:46,INFO,WebServer,Page view: /home by u4085,E103,Page view: {page} by {user}
5599,2026-01-10,12:23:17,INFO,OrderProcessor,Health check passed: OrderProcessor,E102,Health check passed: {service}
5600,2026-01-10,12:52:44,INFO,InventoryDB,Health check passed: InventoryDB,E102,Health check passed: {service}
5601,2026-01-10,12:43:10,INFO,PaymentGateway,Health check passed: PaymentGateway,E102,Health check passed: {service}
5602,2026-01-10,12:38:45,WARN,InventoryDB,Disk usage > 85% on node node-5,E202,Disk usage > 85% on node {node}
5603,2026-01-10,12:04:13,INFO,WebServer,Transaction tx130029 completed in 1262ms,E104,Transaction {tx} completed in {time}ms
5604,2026-01-10,12:16:48,WARN,OrderProcessor,Unauthorized access attempt from 10.0.0.45,E401,Unauthorized access attempt from {ip}
5605,2026-01-10,12:13:24,INFO,PaymentGateway,Page view: /home by u2558,E103,Page view: {page} by {user}
5606,2026-01-10,12:42:11,INFO,WebServer,User u4306 login successful,E101,User {user} login successful
5607,2026-01-10,12:08:19,INFO,OrderProcessor,Page view: /home by u2522,E103,Page view: {page} by {user}
5608,2026-01-10,12:32:19,INFO,WebServer,User u1672 login successful,E101,User {user} login successful
5609,2026-01-10,12:49:56,INFO,OrderProcessor,User u4193 login successful,E101,User {user} login successful
5610,2026-01-10,12:37:18,INFO,PaymentGateway,User u1188 login successful,E101,User {user} login successful
5611,2026-01-10,12:25:26,INFO,WebServer,Page view: /home by u2527,E103,Page view: {page} by {user}
5612,2026-01-10,12:26:04,INFO,PaymentGateway,User u3427 login successful,E101,User {user} login successful
5613,2026-01-10,12:25:05,INFO,WebServer,Transaction tx760471 completed in 1621ms,E104,Transaction {tx} completed in {time}ms
5614,2026-01-10,12:18:35,INFO,AuthService,User u2536 login successful,E101,User {user} login successful
5615,2026-01-10,12:17:14,INFO,InventoryDB,User u4727 login successful,E101,User {user} login successful
5616,2026-01-10,12:29:17,ERROR,WebServer,Timeout waiting for lock on InventoryDB,E502,Timeout waiting for lock on {db}
5617,2026-01-10,12:37:49,INFO,PaymentGateway,Health check passed: PaymentGateway,E102,Health check passed: {service}
5618,2026-01-10,12:14:22,INFO,AuthService,Health check passed: AuthService,E102,Health check passed: {service}
5619,2026-01-10,12:54:58,INFO,WebServer,User u1968 login successful,E101,User {user} login successful
5620,2026-01-10,12:23:44,INFO,WebServer,Health check passed: WebServer,E102,Health check passed: {service}
5621,2026-01-10,12:41:00,INFO,OrderProcessor,Transaction tx597300 completed in 1302ms,E104,Transaction {tx} completed in {time}ms
5622,2026-01-10,12:22:35,INFO,AuthService,User u4974 login successful,E101,User {user} login successful
5623,2026-01-10,12:37:25,INFO,WebServer,Transaction tx997286 completed in 1501ms,E104,Transaction {tx} completed in {time}ms
5624,2026-01-10,12:09:56,INFO,PaymentGateway,User u4236 login successful,E101,User {user} login successful
5625,2026-01-10,12:19:54,INFO,WebServer,Transaction tx269042 completed in 1646ms,E104,Transaction {tx} completed in {time}ms
5626,2026-01-10,12:49:36,INFO,AuthService,Transaction tx894556 completed in 1579ms,E104,Transaction {tx} completed in {time}ms
5627,2026-01-10,12:55:53,INFO,WebServer,Health check passed: WebServer,E102,Health check passed: {service}
5628,2026-01-10,12:19:25,INFO,InventoryDB,Transaction tx406817 completed in 1984ms,E104,Transaction {tx} completed in {time}ms
5629,2026-01-10,12:30:19,WARN,AuthService,Unauthorized access attempt from 10.0.0.45,E401,Unauthorized access attempt from {ip}
5630,2026-01-10,12:36:00,INFO,WebServer,Page view: /home by u1319,E103,Page view: {page} by {user}
5631,2026-01-10,12:16:21,INFO,AuthService,Transaction tx271115 completed in 732ms,E104,Transaction {tx} completed in {time}ms
5632,2026-01-10,12:46:07,INFO,InventoryDB,Page view: /home by u4135,E103,Page view: {page} by {user}
5633,2026-01-10,12:02:10,INFO,WebServer,Transaction tx496018 completed in 1427ms,E104,Transaction {tx} completed in {time}ms
5634,2026-01-10,12:28:43,INFO,WebServer,User u2042 login successful,E101,User {user} login successful
5635,2026-01-10,12:20:10,INFO,WebServer,Page view: /home by u2804,E103,Page view: {page} by {user}
5636,2026-01-10,12:15:59,INFO,AuthService,Page view: /home by u4041,E103,Page view: {page} by {user}
5637,2026-01-10,12:15:35,INFO,WebServer,Page view: /home by u1565,E103,Page view: {page} by {user}
5638,2026-01-10,12:46:32,INFO,WebServer,Page view: /home by u2455,E103,Page view: {page} by {user}
5639,2026-01-10,12:43:38,INFO,AuthService,Page view: /home by u1935,E103,Page view: {page} by {user}
5640,2026-01-10,12:02:29,INFO,PaymentGateway,Transaction tx685683 completed in 1948ms,E104,Transaction {tx} completed in {time}ms
5641,2026-01-10,12:27:40,INFO,OrderProcessor,Transaction tx728843 completed in 1049ms,E104,Transaction {tx} completed in {time}ms
5642,2026-01-10,12:10:14,INFO,WebServer,Transaction tx446546 completed in 454ms,E104,Transaction {tx} completed in {time}ms
5643,2026-01-10,12:12:36,INFO,WebServer,User u2791 login successful,E101,User {user} login successful
5644,2026-01-10,12:25:38,WARN,AuthService,Unauthorized access attempt from 10.0.0.45,E401,Unauthorized access attempt from {ip}
5645,2026-01-10,12:59:18,INFO,WebServer,Transaction tx787702 completed in 1424ms,E104,Transaction {tx} completed in {time}ms
5646,2026-01-10,12:59:53,WARN,WebServer,Unauthorized access attempt from 10.0.0.45,E401,Unauthorized access attempt from {ip}
5647,2026-01-10,12:24:22,WARN,AuthService,High latency (1468ms) detected on AuthService,E201,High latency ({time}ms) detected on {service}
5648,2026-01-10,12:55:24,INFO,WebServer,Health check passed: WebServer,E102,Health check passed: {service}
5649,2026-01-10,12:10:20,INFO,WebServer,User u1273 login successful,E101,User {user} login successful
5650,2026-01-10,12:36:34,INFO,AuthService,Page view: /home by u3722,E103,Page view: {page} by {user}
5651,2026-01-10,12:01:50,INFO,WebServer,Transaction tx710785 completed in 1021ms,E104,Transaction {tx} completed in {time}ms
5652,2026-01-10,12:26:58,INFO,WebServer,User u2642 login successful,E101,User {user} login successful
5653,2026-01-10,12:37:40,INFO,AuthService,Health check passed: AuthService,E102,Health check passed: {service}
5654,2026-01-10,12:47:52,INFO,WebServer,User u4765 login successful,E101,User {user} login successful
5655,2026-01-10,12:51:39,INFO,WebServer,Page view: /home by u1291,E103,Page view: {page} by {user}
5656,2026-01-10,12:12:10,INFO,WebServer,Health check passed: WebServer,E102,Health check passed: {service}
5657,2026-01-10,12:09:31,INFO,WebServer,Transaction tx763272 completed in 1604ms,E104,Transaction {tx} completed in {time}ms
5658,2026-01-10,12:45:55,INFO,PaymentGateway,Page view: /home by u2710,E103,Page view: {page} by {user}
5659,2026-01-10,12:30:39,INFO,AuthService,Health check passed: AuthService,E102,Health check passed: {service}
5660,2026-01-10,12:15:03,INFO,InventoryDB,Health check passed: InventoryDB,E102,Health check passed: {service}
5661,2026-01-10,12:49:43,INFO,WebServer,Transaction tx929251 completed in 278ms,E104,Transaction {tx} completed in {time}ms
5662,2026-01-10,12:12:37,INFO,WebServer,Transaction tx782236 completed in 742ms,E104,Transaction {tx} completed in {time}ms
5663,2026-01-10,12:58:55,INFO,OrderProcessor,Health check passed: OrderProcessor,E102,Health check passed: {service}
5664,2026-01-10,12:48:30,INFO,WebServer,Page view: /home by u4119,E103,Page view: {page} by {user}
5665,2026-01-10,12:01:09,INFO,WebServer,Health check passed: WebServer,E102,Health check passed: {service}
5666,2026-01-10,12:18:01,INFO,OrderProcessor,Health check passed: OrderProcessor,E102,Health check passed: {service}
5667,2026-01-10,12:58:17,INFO,OrderProcessor,Page view: /home by u4420,E103,Page view: {page} by {user}
5668,2026-01-10,12:37:12,INFO,WebServer,User u1505 login successful,E101,User {user} login successful
5669,2026-01-10,12:39:42,INFO,AuthService,Health check passed: AuthService,E102,Health check passed: {service}
5670,2026-01-10,12:19:42,INFO,InventoryDB,Health check passed: InventoryDB,E102,Health check passed: {service}
5671,2026-01-10,12:22:42,INFO,WebServer,Transaction tx391105 completed in 451ms,E104,Transaction {tx} completed in {time}ms
5672,2026-01-10,12:53:50,INFO,WebServer,User u1574 login successful,E101,User {user} login successful
5673,2026-01-10,12:11:30,INFO,WebServer,Transaction tx296592 completed in 226ms,E104,Transaction {tx} completed in {time}ms
5674,2026-01-10,12:27:55,INFO,WebServer,Transaction tx294210 completed in 1350ms,E104,Transaction {tx} completed in {time}ms
5675,2026-01-10,12:09:51,INFO,WebServer,User u4678 login successful,E101,User {user} login successful
5676,2026-01-10,12:26:42,ERROR,WebServer,Payment declined: Gateway unavailable,E503,Payment declined: Gateway unavailable
5677,2026-01-10,12:27:55,INFO,WebServer,User u3896 login successful,E101,User {user} login successful
5678,2026-01-10,12:28:16,INFO,OrderProcessor,Health check passed: OrderProcessor,E102,Health check passed: {service}
5679,2026-01-10,12:24:53,INFO,OrderProcessor,Page view: /home by u1889,E103,Page view: {page} by {user}
5680,2026-01-10,12:55:51,INFO,OrderProcessor,Page view: /home by u3578,E103,Page view: {page} by {user}
5681,2026-01-10,12:08:36,INFO,AuthService,Page view: /home by u4522,E103,Page view: {page} by {user}
5682,2026-01-10,12:17:57,INFO,OrderProcessor,Transaction tx712440 completed in 1089ms,E104,Transaction {tx} completed in {time}ms
5683,2026-01-10,12:29:47,WARN,WebServer,High latency (1169ms) detected on WebServer,E201,High latency ({time}ms) detected on {service}
5684,2026-01-10,12:58:12,INFO,OrderProcessor,Health check passed: OrderProcessor,E102,Health check passed: {service}
5685,2026-01-10,12:20:59,INFO,WebServer,Page view: /home by u1450,E103,Page view: {page} by {user}
5686,2026-01-10,12:49:26,INFO,AuthService,Page view: /home by u2492,E103,Page view: {page} by {user}
5687,2026-01-10,12:21:11,INFO,WebServer,Page view: /home by u3045,E103,Page view: {page} by {user}
5688,2026-01-10,12:03:55,INFO,WebServer,User u2881 login successful,E101,User {user} login successful
5689,2026-01-10,12:48:29,INFO,AuthService,User u1741 login successful,E101,User {user} login successful
5690,2026-01-10,12:33:59,INFO,WebServer,Health check passed: WebServer,E102,Health check passed: {service}
5691,2026-01-10,12:43:15,INFO,AuthService,User u4254 login successful,E101,User {user} login successful
5692,2026-01-10,12:34:19,INFO,OrderProcessor,Transaction tx812231 completed in 1349ms,E104,Transaction {tx} completed in {time}ms
5693,2026-01-10,12:22:23,INFO,WebServer,Transaction tx311601 completed in 1787ms,E104,Transaction {tx} completed in {time}ms
5694,2026-01-10,12:21:46,INFO,OrderProcessor,User u2294 login successful,E101,User {user} login successful
5695,2026-01-10,12:33:16,INFO,WebServer,Page view: /home by u1857,E103,Page view: {page} by {user}
5696,2026-01-10,12:46:35,INFO,PaymentGateway,Page view: /home by u1967,E103,Page view: {page} by {user}
5697,2026-01-10,12:01:57,INFO,WebServer,Transaction tx217246 completed in 504ms,E104,Transaction {tx} completed in {time}ms
5698,2026-01-10,12:27:01,INFO,WebServer,User u4403 login successful,E101,User {user} login successful
5699,2026-01-10,12:10:22,ERROR,WebServer,Connection refused to WebServer at 10.0.0.45,E501,Connection refused to {service} at {ip}
5700,2026-01-10,12:21:34,INFO,PaymentGateway,Transaction tx169004 completed in 712ms,E104,Transaction {tx} completed in {time}ms
5701,2026-01-10,12:40:25,INFO,WebServer,User u2470 login successful,E101,User {user} login successful
5702,2026-01-10,12:42:39,INFO,WebServer,User u4607 login successful,E101,User {user} login successful
5703,2026-01-10,12:54:29,INFO,AuthService,Transaction tx882367 completed in 845ms,E104,Transaction {tx} completed in {time}ms
5704,2026-01-10,12:48:41,INFO,WebServer,Health check passed: WebServer,E102,Health check passed: {service}
5705,2026-01-10,12:31:16,INFO,WebServer,User u3739 login successful,E101,User {user} login successful
5706,2026-01-10,12:50:17,INFO,WebServer,User u2234 login successful,E101,User {user} login successful
5707,2026-01-10,12:47:03,INFO,WebServer,User u3567 login successful,E101,User {user} login successful
5708,2026-01-10,12:22:35,INFO,OrderProcessor,Transaction tx839174 completed in 1285ms,E104,Transaction {tx} completed in {time}ms
5709,2026-01-10,12:43:04,INFO,WebServer,Transaction tx519966 completed in 1678ms,E104,Transaction {tx} completed in {time}ms
5710,2026-01-10,12:55:43,INFO,WebServer,Health check passed: WebServer,E102,Health check passed: {service}
5711,2026-01-10,12:38:25,INFO,WebServer,Transaction tx177758 completed in 1385ms,E104,Transaction {tx} completed in {time}ms
5712,2026-01-10,12:57:54,INFO,OrderProcessor,Health check passed: OrderProcessor,E102,Health check passed: {service}
5713,2026-01-10,12:13:53,WARN,InventoryDB,Disk usage > 85% on node node-3,E202,Disk usage > 85% on node {node}
5714,2026-01-10,12:10:21,INFO,OrderProcessor,Transaction tx626141 completed in 1825ms,E104,Transaction {tx} completed in {time}ms
5715,2026-01-10,12:14:24,INFO,OrderProcessor,User u3488 login successful,E101,User {user} login successful
5716,2026-01-10,12:31:41,INFO,OrderProcessor,User u2099 login successful,E101,User {user} login successful
5717,2026-01-10,12:24:35,INFO,WebServer,Health check passed: WebServer,E102,Health check passed: {service}
5718,2026-01-10,12:17:04,INFO,WebServer,User u3532 login successful,E101,User {user} login successful
5719,2026-01-10,12:00:13,INFO,WebServer,Transaction tx113864 completed in 1081ms,E104,Transaction {tx} completed in {time}ms
5720,2026-01-10,12:36:04,INFO,InventoryDB,User u4057 login successful,E101,User {user} login successful
5721,2026-01-10,12:08:52,CRITICAL,AuthService,DATA CORRUPTION detected in sector 289,E602,DATA CORRUPTION detected in sector {sector}
5722,2026-01-10,12:02:33,INFO,WebServer,Page view: /home by u4438,E103,Page view: {page} by {user}
5723,2026-01-10,12:56:43,INFO,WebServer,Page view: /home by u4393,E103,Page view: {page} by {user}
5724,2026-01-10,12:22:58,INFO,InventoryDB,User u2651 login successful,E101,User {user} login successful
5725,2026-01-10,12:03:17,INFO,WebServer,Page view: /home by u2791,E103,Page view: {page} by {user}
5726,2026-01-10,12:44:14,INFO,PaymentGateway,Transaction tx710439 completed in 382ms,E104,Transaction {tx} completed in {time}ms
5727,2026-01-10,12:57:57,INFO,OrderProcessor,Transaction tx410018 completed in 1384ms,E104,Transaction {tx} completed in {time}ms
5728,2026-01-10,12:18:22,INFO,WebServer,User u2122 login successful,E101,User {user} login successful
5729,2026-01-10,12:58:30,INFO,PaymentGateway,Health check passed: PaymentGateway,E102,Health check passed: {service}
5730,2026-01-10,12:36:21,INFO,WebServer,User u2448 login successful,E101,User {user} login successful
5731,2026-01-10,12:44:21,WARN,PaymentGateway,Unauthorized access attempt from 10.0.0.45,E401,Unauthorized access attempt from {ip}
5732,2026-01-10,12:32:30,INFO,PaymentGateway,Transaction tx804992 completed in 1402ms,E104,Transaction {tx} completed in {time}ms
5733,2026-01-10,12:38:25,INFO,InventoryDB,User u1879 login successful,E101,User {user} login successful
5734,2026-01-10,12:18:52,INFO,OrderProcessor,Health check passed: OrderProcessor,E102,Health check passed: {service}
5735,2026-01-10,12:49:34,INFO,WebServer,Transaction tx595556 completed in 143ms,E104,Transaction {tx} completed in {time}ms
5736,2026-01-10,12:38:42,INFO,PaymentGateway,Health check passed: PaymentGateway,E102,Health check passed: {service}
5737,2026-01-10,12:19:16,INFO,WebServer,User u4836 login successful,E101,User {user} login successful
5738,2026-01-10,12:45:48,INFO,PaymentGateway,Transaction tx692503 completed in 1077ms,E104,Transaction {tx} completed in {time}ms
5739,2026-01-10,12:00:17,CRITICAL,WebServer,DATA CORRUPTION detected in sector 633,E602,DATA CORRUPTION detected in sector {sector}
5740,2026-01-10,12:56:01,INFO,OrderProcessor,Health check passed: OrderProcessor,E102,Health check passed: {service}
5741,2026-01-10,12:44:04,INFO,PaymentGateway,Transaction tx789183 completed in 1644ms,E104,Transaction {tx} completed in {time}ms
5742,2026-01-10,12:00:49,INFO,WebServer,User u1956 login successful,E101,User {user} login successful
5743,2026-01-10,12:52:02,INFO,WebServer,Page view: /home by u4789,E103,Page view: {page} by {user}
5744,2026-01-10,12:30:42,INFO,WebServer,User u1139 login successful,E101,User {user} login successful
5745,2026-01-10,12:32:42,INFO,WebServer,Transaction tx904875 completed in 1612ms,E104,Transaction {tx} completed in {time}ms
5746,2026-01-10,12:50:21,INFO,WebServer,Transaction tx447017 completed in 1994ms,E104,Transaction {tx} completed in {time}ms
5747,2026-01-10,12:06:09,INFO,WebServer,Page view: /home by u2589,E103,Page view: {page} by {user}
5748,2026-01-10,12:12:36,INFO,WebServer,Health check passed: WebServer,E102,Health check passed: {service}
5749,2026-01-10,12:08:30,INFO,WebServer,Page view: /home by u4694,E103,Page view: {page} by {user}
5750,2026-01-10,12:25:32,INFO,WebServer,Page view: /home by u4523,E103,Page view: {page} by {user}
5751,2026-01-10,12:35:18,INFO,AuthService,Page view: /home by u1286,E103,Page view: {page} by {user}
5752,2026-01-10,12:45:45,INFO,AuthService,Page view: /home by u2106,E103,Page view: {page} by {user}
5753,2026-01-10,12:04:54,INFO,PaymentGateway,User u3497 login successful,E101,User {user} login successful
5754,2026-01-10,12:51:39,INFO,WebServer,Transaction tx824532 completed in 1189ms,E104,Transaction {tx} completed in {time}ms
5755,2026-01-10,12:30:29,INFO,WebServer,Page view: /home by u1693,E103,Page view: {page} by {user}
5756,2026-01-10,12:19:39,INFO,WebServer,Health check passed: WebServer,E102,Health check passed: {service}
5757,2026-01-10,12:56:14,INFO,WebServer,User u3830 login successful,E101,User {user} login successful
5758,2026-01-10,12:22:46,INFO,WebServer,Transaction tx633827 completed in 1733ms,E104,Transaction {tx} completed in {time}ms
5759,2026-01-10,12:10:58,INFO,WebServer,User u3443 login successful,E101,User {user} login successful
5760,2026-01-10,12:42:56,INFO,WebServer,Transaction tx121258 completed in 1151ms,E104,Transaction {tx} completed in {time}ms
5761,2026-01-10,12:44:56,INFO,WebServer,Page view: /home by u1655,E103,Page view: {page} by {user}
5762,2026-01-10,12:33:42,INFO,WebServer,Health check passed: WebServer,E102,Health check passed: {service}
5763,2026-01-10,12:17:53,INFO,OrderProcessor,Page view: /home by u3832,E103,Page view: {page} by {user}
5764,2026-01-10,12:40:49,INFO,AuthService,Page view: /home by u4854,E103,Page view: {page} by {user}
5765,2026-01-10,12:41:50,INFO,OrderProcessor,Page view: /home by u3748,E103,Page view: {page} by {user}
5766,2026-01-10,12:52:16,INFO,WebServer,Page view: /home by u1371,E103,Page view: {page} by {user}
5767,2026-01-10,12:17:20,INFO,AuthService,User u4589 login successful,E101,User {user} login successful
5768,2026-01-10,12:44:41,INFO,WebServer,Page view: /home by u1753,E103,Page view: {page} by {user}
5769,2026-01-10,12:00:02,INFO,WebServer,Page view: /home by u2945,E103,Page view: {page} by {user}
5770,2026-01-10,12:35:33,INFO,OrderProcessor,Page view: /home by u4499,E103,Page view: {page} by {user}
5771,2026-01-10,12:17:26,INFO,WebServer,User u3534 login successful,E101,User {user} login successful
5772,2026-01-10,12:37:23,INFO,AuthService,Page view: /home by u2614,E103,Page view: {page} by {user}
5773,2026-01-10,12:01:52,INFO,AuthService,Transaction tx170906 completed in 443ms,E104,Transaction {tx} completed in {time}ms
5774,2026-01-10,12:22:25,INFO,AuthService,Transaction tx214768 completed in 1023ms,E104,Transaction {tx} completed in {time}ms
5775,2026-01-10,12:20:32,WARN,AuthService,Unauthorized access attempt from 10.0.0.12,E401,Unauthorized access attempt from {ip}
5776,2026-01-10,12:34:04,INFO,AuthService,Health check passed: AuthService,E102,Health check passed: {service}
5777,2026-01-10,12:10:41,INFO,WebServer,Transaction tx910031 completed in 1579ms,E104,Transaction {tx} completed in {time}ms
5778,2026-01-10,12:07:23,INFO,WebServer,Transaction tx131141 completed in 748ms,E104,Transaction {tx} completed in {time}ms
5779,2026-01-10,12:02:42,INFO,AuthService,Page view: /home by u1161,E103,Page view: {page} by {user}
5780,2026-01-10,12:22:05,INFO,WebServer,Page view: /home by u1555,E103,Page view: {page} by {user}
5781,2026-01-10,12:17:15,INFO,WebServer,User u4489 login successful,E101,User {user} login successful
5782,2026-01-10,12:33:37,INFO,PaymentGateway,Health check passed: PaymentGateway,E102,Health check passed: {service}
5783,2026-01-10,12:00:30,INFO,WebServer,Health check passed: WebServer,E102,Health check passed: {service}
5784,2026-01-10,12:04:46,INFO,AuthService,Health check passed: AuthService,E102,Health check passed: {service}
5785,2026-01-10,12:32:42,INFO,PaymentGateway,User u4434 login successful,E101,User {user} login successful
5786,2026-01-10,12:10:32,INFO,WebServer,Transaction tx606983 completed in 572ms,E104,Transaction {tx} completed in {time}ms
5787,2026-01-10,12:51:45,INFO,WebServer,User u4991 login successful,E101,User {user} login successful
5788,2026-01-10,12:06:06,INFO,WebServer,User u3895 login successful,E101,User {user} login successful
5789,2026-01-10,12:48:55,INFO,WebServer,User u1621 login successful,E101,User {user} login successful
5790,2026-01-10,12:20:23,INFO,AuthService,User u4348 login successful,E101,User {user} login successful
5791,2026-01-10,12:00:41,WARN,OrderProcessor,High latency (817ms) detected on OrderProcessor,E201,High latency ({time}ms) detected on {service}
5792,2026-01-10,12:03:50,INFO,WebServer,User u1637 login successful,E101,User {user} login successful
5793,2026-01-10,12:59:28,INFO,WebServer,Page view: /home by u3277,E103,Page view: {page} by {user}
5794,2026-01-10,12:04:58,WARN,WebServer,High latency (1152ms) detected on WebServer,E201,High latency ({time}ms) detected on {service}
5795,2026-01-10,12:46:53,INFO,WebServer,User u2293 login successful,E101,User {user} login successful
5796,2026-01-10,12:12:01,INFO,OrderProcessor,Transaction tx255245 completed in 1249ms,E104,Transaction {tx} completed in {time}ms
5797,2026-01-10,12:58:45,INFO,OrderProcessor,Page view: /home by u2659,E103,Page view: {page} by {user}
5798,2026-01-10,12:38:07,INFO,AuthService,Health check passed: AuthService,E102,Health check passed: {service}
5799,2026-01-10,12:49:26,INFO,WebServer,Page view: /home by u2034,E103,Page view: {page} by {user}
5800,2026-01-10,12:48:36,WARN,OrderProcessor,Unauthorized access attempt from 10.0.0.45,E401,Unauthorized access attempt from {ip}
5801,2026-01-10,12:34:12,INFO,AuthService,Page view: /home by u1125,E103,Page view: {page} by {user}
5802,2026-01-10,12:37:30,WARN,AuthService,High latency (689ms) detected on AuthService,E201,High latency ({time}ms) detected on {service}
5803,2026-01-10,12:09:32,WARN,WebServer,Unauthorized access attempt from 10.0.0.10,E401,Unauthorized access attempt from {ip}
5804,2026-01-10,12:51:48,INFO,WebServer,Transaction tx735079 completed in 701ms,E104,Transaction {tx} completed in {time}ms
5805,2026-01-10,12:01:10,INFO,WebServer,User u1926 login successful,E101,User {user} login successful
5806,2026-01-10,12:20:02,INFO,AuthService,Page view: /home by u3450,E103,Page view: {page} by {user}
5807,2026-01-10,12:03:07,INFO,WebServer,User u2492 login successful,E101,User {user} login successful
5808,2026-01-10,12:43:23,INFO,WebServer,User u4594 login successful,E101,User {user} login successful
5809,2026-01-10,12:58:43,INFO,WebServer,Page view: /home by u4374,E103,Page view: {page} by {user}
5810,2026-01-10,12:30:47,INFO,OrderProcessor,Health check passed: OrderProcessor,E102,Health check passed: {service}
5811,2026-01-10,12:06:10,INFO,PaymentGateway,Transaction tx725930 completed in 543ms,E104,Transaction {tx} completed in {time}ms
5812,2026-01-10,12:11:23,INFO,PaymentGateway,User u3857 login successful,E101,User {user} login successful
5813,2026-01-10,12:46:00,INFO,AuthService,User u1528 login successful,E101,User {user} login successful
5814,2026-01-10,12:54:34,INFO,WebServer,Transaction tx775975 completed in 417ms,E104,Transaction {tx} completed in {time}ms
5815,2026-01-10,12:42:29,WARN,WebServer,Disk usage > 85% on node node-3,E202,Disk usage > 85% on node {node}
5816,2026-01-10,12:13:24,CRITICAL,OrderProcessor,DATA CORRUPTION detected in sector 709,E602,DATA CORRUPTION detected in sector {sector}
5817,2026-01-10,12:17:01,INFO,OrderProcessor,User u2659 login successful,E101,User {user} login successful
5818,2026-01-10,12:30:32,INFO,AuthService,User u1171 login successful,E101,User {user} login successful
5819,2026-01-10,12:28:10,WARN,WebServer,Disk usage > 85% on node node-2,E202,Disk usage > 85% on node {node}
5820,2026-01-10,12:17:37,INFO,WebServer,User u4526 login successful,E101,User {user} login successful
5821,2026-01-10,12:25:13,WARN,WebServer,Unauthorized access attempt from 10.0.0.45,E401,Unauthorized access attempt from {ip}
5822,2026-01-10,12:24:02,INFO,PaymentGateway,Transaction tx402243 completed in 601ms,E104,Transaction {tx} completed in {time}ms
5823,2026-01-10,12:26:27,WARN,PaymentGateway,Disk usage > 85% on node node-3,E202,Disk usage > 85% on node {node}
5824,2026-01-10,12:48:03,INFO,PaymentGateway,Health check passed: PaymentGateway,E102,Health check passed: {service}
5825,2026-01-10,12:24:53,INFO,PaymentGateway,Page view: /home by u4964,E103,Page view: {page} by {user}
5826,2026-01-10,12:12:18,INFO,OrderProcessor,Health check passed: OrderProcessor,E102,Health check passed: {service}
5827,2026-01-10,12:09:45,INFO,AuthService,User u3933 login successful,E101,User {user} login successful
5828,2026-01-10,12:33:05,INFO,WebServer,Page view: /home by u3350,E103,Page view: {page} by {user}
5829,2026-01-10,12:16:39,INFO,AuthService,Health check passed: AuthService,E102,Health check passed: {service}
5830,2026-01-10,12:24:48,INFO,AuthService,Health check passed: AuthService,E102,Health check passed: {service}
5831,2026-01-10,12:16:48,INFO,PaymentGateway,Page view: /home by u1005,E103,Page view: {page} by {user}
5832,2026-01-10,12:51:16,INFO,AuthService,User u4949 login successful,E101,User {user} login successful
5833,2026-01-10,12:05:35,INFO,AuthService,Transaction tx528614 completed in 1620ms,E104,Transaction {tx} completed in {time}ms
5834,2026-01-10,12:21:31,INFO,WebServer,Transaction tx141369 completed in 873ms,E104,Transaction {tx} completed in {time}ms
5835,2026-01-10,12:09:29,INFO,WebServer,User u1180 login successful,E101,User {user} login successful
5836,2026-01-10,12:15:11,INFO,OrderProcessor,Page view: /home by u2401,E103,Page view: {page} by {user}
5837,2026-01-10,12:07:25,INFO,PaymentGateway,Transaction tx438987 completed in 965ms,E104,Transaction {tx} completed in {time}ms
5838,2026-01-10,12:31:43,INFO,WebServer,Transaction tx338777 completed in 1947ms,E104,Transaction {tx} completed in {time}ms
5839,2026-01-10,12:21:53,INFO,WebServer,Transaction tx885856 completed in 1291ms,E104,Transaction {tx} completed in {time}ms
5840,2026-01-10,12:31:52,INFO,WebServer,Transaction tx407868 completed in 547ms,E104,Transaction {tx} completed in {time}ms
5841,2026-01-10,12:34:46,INFO,WebServer,Page view: /home by u4622,E103,Page view: {page} by {user}
5842,2026-01-10,12:08:49,INFO,WebServer,Health check passed: WebServer,E102,Health check passed: {service}
5843,2026-01-10,12:19:48,INFO,WebServer,Transaction tx960210 completed in 1209ms,E104,Transaction {tx} completed in {time}ms
5844,2026-01-10,12:51:58,INFO,OrderProcessor,User u3208 login successful,E101,User {user} login successful
5845,2026-01-10,12:16:09,INFO,OrderProcessor,Health check passed: OrderProcessor,E102,Health check passed: {service}
5846,2026-01-10,12:19:34,INFO,WebServer,Page view: /home by u4756,E103,Page view: {page} by {user}
5847,2026-01-10,12:14:28,CRITICAL,WebServer,DATA CORRUPTION detected in sector 900,E602,DATA CORRUPTION detected in sector {sector}
5848,2026-01-10,12:07:15,INFO,WebServer,Transaction tx612549 completed in 1815ms,E104,Transaction {tx} completed in {time}ms
5849,2026-01-10,12:51:03,INFO,WebServer,Transaction tx909019 completed in 779ms,E104,Transaction {tx} completed in {time}ms
5850,2026-01-10,12:43:09,INFO,PaymentGateway,User u2200 login successful,E101,User {user} login successful
5851,2026-01-10,12:00:25,INFO,AuthService,Health check passed: AuthService,E102,Health check passed: {service}
5852,2026-01-10,12:41:53,INFO,WebServer,Health check passed: WebServer,E102,Health check passed: {service}
5853,2026-01-10,12:26:37,INFO,PaymentGateway,Page view: /home by u4147,E103,Page view: {page} by {user}
5854,2026-01-10,12:11:22,INFO,WebServer,Page view: /home by u1797,E103,Page view: {page} by {user}
5855,2026-01-10,12:08:59,INFO,OrderProcessor,User u1070 login successful,E101,User {user} login successful
5856,2026-01-10,12:56:18,INFO,WebServer,User u1151 login successful,E101,User {user} login successful
5857,2026-01-10,12:31:11,INFO,InventoryDB,Page view: /home by u2953,E103,Page view: {page} by {user}
5858,2026-01-10,12:02:32,INFO,WebServer,Health check passed: WebServer,E102,Health check passed: {service}
5859,2026-01-10,12:32:57,INFO,AuthService,Transaction tx732454 completed in 553ms,E104,Transaction {tx} completed in {time}ms
5860,2026-01-10,12:35:08,ERROR,AuthService,Payment declined: Gateway unavailable,E503,Payment declined: Gateway unavailable
5861,2026-01-10,12:27:58,INFO,WebServer,Transaction tx654602 completed in 1791ms,E104,Transaction {tx} completed in {time}ms
5862,2026-01-10,12:01:45,INFO,PaymentGateway,Health check passed: PaymentGateway,E102,Health check passed: {service}
5863,2026-01-10,12:11:41,INFO,OrderProcessor,User u2172 login successful,E101,User {user} login successful
5864,2026-01-10,12:26:27,INFO,WebServer,Health check passed: WebServer,E102,Health check passed: {service}
5865,2026-01-10,12:41:16,INFO,AuthService,Transaction tx503222 completed in 1893ms,E104,Transaction {tx} completed in {time}ms
5866,2026-01-10,12:06:43,INFO,WebServer,User u1693 login successful,E101,User {user} login successful
5867,2026-01-10,12:04:49,INFO,WebServer,Transaction tx237737 completed in 850ms,E104,Transaction {tx} completed in {time}ms
5868,2026-01-10,12:26:52,INFO,WebServer,User u2132 login successful,E101,User {user} login successful
5869,2026-01-10,12:46:15,INFO,WebServer,Transaction tx303541 completed in 496ms,E104,Transaction {tx} completed in {time}ms
5870,2026-01-10,12:26:37,INFO,InventoryDB,User u4298 login successful,E101,User {user} login successful
5871,2026-01-10,12:10:37,INFO,AuthService,Health check passed: AuthService,E102,Health check passed: {service}
5872,2026-01-10,12:24:13,WARN,AuthService,High latency (1799ms) detected on AuthService,E201,High latency ({time}ms) detected on {service}
5873,2026-01-10,12:08:48,WARN,WebServer,High latency (664ms) detected on WebServer,E201,High latency ({time}ms) detected on {service}
5874,2026-01-10,12:10:35,WARN,WebServer,Disk usage > 85% on node node-2,E202,Disk usage > 85% on node {node}
5875,2026-01-10,12:54:16,INFO,OrderProcessor,Transaction tx444256 completed in 1278ms,E104,Transaction {tx} completed in {time}ms
5876,2026-01-10,12:48:17,INFO,InventoryDB,Transaction tx956321 completed in 178ms,E104,Transaction {tx} completed in {time}ms
5877,2026-01-10,12:07:12,INFO,WebServer,Health check passed: WebServer,E102,Health check passed: {service}
5878,2026-01-10,12:18:52,WARN,AuthService,Disk usage > 85% on node node-5,E202,Disk usage > 85% on node {node}
5879,2026-01-10,12:57:20,INFO,WebServer,Transaction tx305310 completed in 1415ms,E104,Transaction {tx} completed in {time}ms
5880,2026-01-10,12:23:33,INFO,AuthService,Health check passed: AuthService,E102,Health check passed: {service}
5881,2026-01-10,12:21:50,INFO,OrderProcessor,Transaction tx913278 completed in 880ms,E104,Transaction {tx} completed in {time}ms
5882,2026-01-10,12:43:44,INFO,AuthService,Health check passed: AuthService,E102,Health check passed: {service}
5883,2026-01-10,12:26:55,INFO,OrderProcessor,Transaction tx307666 completed in 1969ms,E104,Transaction {tx} completed in {time}ms
5884,2026-01-10,12:19:03,INFO,WebServer,Health check passed: WebServer,E102,Health check passed: {service}
5885,2026-01-10,12:27:04,INFO,OrderProcessor,Health check passed: OrderProcessor,E102,Health check passed: {service}
5886,2026-01-10,12:14:06,INFO,AuthService,Page view: /home by u1512,E103,Page view: {page} by {user}
5887,2026-01-10,12:00:59,INFO,InventoryDB,Transaction tx789245 completed in 1306ms,E104,Transaction {tx} completed in {time}ms
5888,2026-01-10,12:39:51,INFO,WebServer,Health check passed: WebServer,E102,Health check passed: {service}
5889,2026-01-10,12:27:45,INFO,AuthService,Transaction tx386254 completed in 1884ms,E104,Transaction {tx} completed in {time}ms
5890,2026-01-10,12:03:07,INFO,OrderProcessor,User u4023 login successful,E101,User {user} login successful
5891,2026-01-10,12:05:08,INFO,AuthService,Health check passed: AuthService,E102,Health check passed: {service}
5892,2026-01-10,12:45:31,WARN,WebServer,Disk usage > 85% on node node-5,E202,Disk usage > 85% on node {node}
5893,2026-01-10,12:56:51,WARN,WebServer,Disk usage > 85% on node node-5,E202,Disk usage > 85% on node {node}
5894,2026-01-10,12:19:31,INFO,PaymentGateway,Health check passed: PaymentGateway,E102,Health check passed: {service}
5895,2026-01-10,12:44:51,INFO,WebServer,User u4187 login successful,E101,User {user} login successful
5896,2026-01-10,12:39:40,INFO,WebServer,User u1881 login successful,E101,User {user} login successful
5897,2026-01-10,12:25:57,INFO,WebServer,Page view: /home by u4676,E103,Page view: {page} by {user}
5898,2026-01-10,12:42:15,INFO,AuthService,User u3220 login successful,E101,User {user} login successful
5899,2026-01-10,12:52:38,INFO,WebServer,Health check passed: WebServer,E102,Health check passed: {service}
5900,2026-01-10,12:10:43,INFO,WebServer,Health check passed: WebServer,E102,Health check passed: {service}
5901,2026-01-10,12:32:23,INFO,InventoryDB,Page view: /home by u3706,E103,Page view: {page} by {user}
5902,2026-01-10,12:55:21,WARN,AuthService,Unauthorized access attempt from 10.0.0.45,E401,Unauthorized access attempt from {ip}
5903,2026-01-10,12:25:29,INFO,WebServer,Health check passed: WebServer,E102,Health check passed: {service}
5904,2026-01-10,12:35:15,INFO,OrderProcessor,User u1525 login successful,E101,User {user} login successful
5905,2026-01-10,12:02:31,INFO,InventoryDB,Transaction tx767044 completed in 1500ms,E104,Transaction {tx} completed in {time}ms
5906,2026-01-10,12:41:10,INFO,PaymentGateway,Transaction tx483744 completed in 87ms,E104,Transaction {tx} completed in {time}ms
5907,2026-01-10,12:38:17,INFO,WebServer,User u1039 login successful,E101,User {user} login successful
5908,2026-01-10,12:52:43,INFO,WebServer,Page view: /home by u1779,E103,Page view: {page} by {user}
5909,2026-01-10,12:08:05,INFO,AuthService,Transaction tx476284 completed in 783ms,E104,Transaction {tx} completed in {time}ms
5910,2026-01-10,12:00:34,INFO,WebServer,User u4807 login successful,E101,User {user} login successful
5911,2026-01-10,12:17:51,INFO,InventoryDB,User u3860 login successful,E101,User {user} login successful
5912,2026-01-10,12:27:41,INFO,WebServer,User u4502 login successful,E101,User {user} login successful
5913,2026-01-10,12:33:14,INFO,WebServer,Transaction tx276946 completed in 641ms,E104,Transaction {tx} completed in {time}ms
5914,2026-01-10,12:39:04,INFO,PaymentGateway,Page view: /home by u1003,E103,Page view: {page} by {user}
5915,2026-01-10,12:26:15,INFO,AuthService,Transaction tx347189 completed in 719ms,E104,Transaction {tx} completed in {time}ms
5916,2026-01-10,12:03:35,INFO,WebServer,User u1128 login successful,E101,User {user} login successful
5917,2026-01-10,12:25:06,WARN,OrderProcessor,High latency (1712ms) detected on OrderProcessor,E201,High latency ({time}ms) detected on {service}
5918,2026-01-10,12:18:25,WARN,AuthService,High latency (1469ms) detected on AuthService,E201,High latency ({time}ms) detected on {service}
5919,2026-01-10,12:29:38,INFO,WebServer,Health check passed: WebServer,E102,Health check passed: {service}
5920,2026-01-10,12:10:54,INFO,WebServer,Transaction tx187468 completed in 1857ms,E104,Transaction {tx} completed in {time}ms
5921,2026-01-10,12:39:14,INFO,WebServer,Page view: /home by u3479,E103,Page view: {page} by {user}
5922,2026-01-10,12:09:14,INFO,WebServer,User u1151 login successful,E101,User {user} login successful
5923,2026-01-10,12:39:55,INFO,PaymentGateway,Page view: /home by u2910,E103,Page view: {page} by {user}
5924,2026-01-10,12:25:13,INFO,InventoryDB,Health check passed: InventoryDB,E102,Health check passed: {service}
5925,2026-01-10,12:22:22,INFO,WebServer,Transaction tx562885 completed in 50ms,E104,Transaction {tx} completed in {time}ms
5926,2026-01-10,12:12:19,INFO,AuthService,User u4177 login successful,E101,User {user} login successful
5927,2026-01-10,12:05:25,INFO,WebServer,Page view: /home by u4191,E103,Page view: {page} by {user}
5928,2026-01-10,12:16:18,INFO,WebServer,Health check passed: WebServer,E102,Health check passed: {service}
5929,2026-01-10,12:36:33,INFO,WebServer,Page view: /home by u1562,E103,Page view: {page} by {user}
5930,2026-01-10,12:15:55,INFO,AuthService,User u1242 login successful,E101,User {user} login successful
5931,2026-01-10,12:41:59,INFO,InventoryDB,Health check passed: InventoryDB,E102,Health check passed: {service}
5932,2026-01-10,12:52:41,INFO,InventoryDB,Health check passed: InventoryDB,E102,Health check passed: {service}
5933,2026-01-10,12:59:45,INFO,PaymentGateway,Health check passed: PaymentGateway,E102,Health check passed: {service}
5934,2026-01-10,12:55:30,INFO,WebServer,Transaction tx393035 completed in 735ms,E104,Transaction {tx} completed in {time}ms
5935,2026-01-10,12:00:36,INFO,OrderProcessor,Page view: /home by u3770,E103,Page view: {page} by {user}
5936,2026-01-10,12:14:41,INFO,AuthService,Page view: /home by u3668,E103,Page view: {page} by {user}
5937,2026-01-10,12:13:23,WARN,OrderProcessor,High latency (1095ms) detected on OrderProcessor,E201,High latency ({time}ms) detected on {service}
5938,2026-01-10,12:01:27,INFO,WebServer,Health check passed: WebServer,E102,Health check passed: {service}
5939,2026-01-10,12:49:59,WARN,AuthService,Disk usage > 85% on node node-2,E202,Disk usage > 85% on node {node}
5940,2026-01-10,12:12:24,INFO,OrderProcessor,Transaction tx155290 completed in 858ms,E104,Transaction {tx} completed in {time}ms
5941,2026-01-10,12:31:32,INFO,AuthService,Page view: /home by u1841,E103,Page view: {page} by {user}
5942,2026-01-10,12:11:41,INFO,PaymentGateway,Page view: /home by u3041,E103,Page view: {page} by {user}
5943,2026-01-10,12:03:28,WARN,InventoryDB,High latency (1583ms) detected on InventoryDB,E201,High latency ({time}ms) detected on {service}
5944,2026-01-10,12:27:28,INFO,WebServer,User u2084 login successful,E101,User {user} login successful
5945,2026-01-10,12:50:04,INFO,WebServer,Health check passed: WebServer,E102,Health check passed: {service}
5946,2026-01-10,12:10:23,INFO,WebServer,User u4690 login successful,E101,User {user} login successful
5947,2026-01-10,12:54:51,INFO,InventoryDB,User u4492 login successful,E101,User {user} login successful
5948,2026-01-10,12:36:33,INFO,WebServer,Page view: /home by u2482,E103,Page view: {page} by {user}
5949,2026-01-10,12:46:03,INFO,WebServer,Page view: /home by u1239,E103,Page view: {page} by {user}
5950,2026-01-10,12:11:20,INFO,WebServer,Health check passed: WebServer,E102,Health check passed: {service}
5951,2026-01-10,12:07:48,INFO,WebServer,Health check passed: WebServer,E102,Health check passed: {service}
5952,2026-01-10,12:41:14,INFO,WebServer,Transaction tx890497 completed in 232ms,E104,Transaction {tx} completed in {time}ms
5953,2026-01-10,12:16:15,INFO,WebServer,User u4426 login successful,E101,User {user} login successful
5954,2026-01-10,12:06:21,INFO,AuthService,User u1382 login successful,E101,User {user} login successful
5955,2026-01-10,12:19:02,INFO,OrderProcessor,Transaction tx766303 completed in 814ms,E104,Transaction {tx} completed in {time}ms
5956,2026-01-10,12:05:42,INFO,AuthService,Health check passed: AuthService,E102,Health check passed: {service}
5957,2026-01-10,12:28:50,INFO,WebServer,Page view: /home by u1065,E103,Page view: {page} by {user}
5958,2026-01-10,12:00:29,INFO,WebServer,Health check passed: WebServer,E102,Health check passed: {service}
5959,2026-01-10,12:17:06,INFO,WebServer,Transaction tx446021 completed in 328ms,E104,Transaction {tx} completed in {time}ms
5960,2026-01-10,12:17:06,INFO,WebServer,Page view: /home by u1284,E103,Page view: {page} by {user}
5961,2026-01-10,12:24:12,INFO,AuthService,Transaction tx365429 completed in 174ms,E104,Transaction {tx} completed in {time}ms
5962,2026-01-10,12:06:26,INFO,AuthService,User u3709 login successful,E101,User {user} login successful
5963,2026-01-10,12:45:31,INFO,WebServer,Health check passed: WebServer,E102,Health check passed: {service}
5964,2026-01-10,12:39:02,WARN,PaymentGateway,Disk usage > 85% on node node-4,E202,Disk usage > 85% on node {node}
5965,2026-01-10,12:09:10,INFO,AuthService,Transaction tx645358 completed in 922ms,E104,Transaction {tx} completed in {time}ms
5966,2026-01-10,12:00:03,INFO,WebServer,User u2214 login successful,E101,User {user} login successful
5967,2026-01-10,12:33:01,INFO,PaymentGateway,Health check passed: PaymentGateway,E102,Health check passed: {service}
5968,2026-01-10,12:24:16,INFO,AuthService,Transaction tx635064 completed in 970ms,E104,Transaction {tx} completed in {time}ms
5969,2026-01-10,12:11:03,INFO,WebServer,Health check passed: WebServer,E102,Health check passed: {service}
5970,2026-01-10,12:49:10,INFO,AuthService,User u1333 login successful,E101,User {user} login successful
5971,2026-01-10,12:50:34,INFO,WebServer,Page view: /home by u1015,E103,Page view: {page} by {user}
5972,2026-01-10,12:33:58,INFO,WebServer,Transaction tx332747 completed in 798ms,E104,Transaction {tx} completed in {time}ms
5973,2026-01-10,12:40:38,INFO,AuthService,Page view: /home by u1856,E103,Page view: {page} by {user}
5974,2026-01-10,12:50:15,WARN,WebServer,Disk usage > 85% on node node-2,E202,Disk usage > 85% on node {node}
5975,2026-01-10,12:54:13,INFO,OrderProcessor,User u4039 login successful,E101,User {user} login successful
5976,2026-01-10,12:44:32,INFO,WebServer,User u4474 login successful,E101,User {user} login successful
5977,2026-01-10,12:41:53,WARN,WebServer,High latency (1472ms) detected on WebServer,E201,High latency ({time}ms) detected on {service}
5978,2026-01-10,12:08:27,INFO,WebServer,User u4442 login successful,E101,User {user} login successful
5979,2026-01-10,12:27:34,INFO,AuthService,Page view: /home by u2594,E103,Page view: {page} by {user}
5980,2026-01-10,12:22:40,INFO,OrderProcessor,User u1112 login successful,E101,User {user} login successful
5981,2026-01-10,12:33:37,INFO,WebServer,User u3031 login successful,E101,User {user} login successful
5982,2026-01-10,12:03:25,INFO,WebServer,Transaction tx877284 completed in 390ms,E104,Transaction {tx} completed in {time}ms
5983,2026-01-10,12:33:49,CRITICAL,WebServer,DATA CORRUPTION detected in sector 399,E602,DATA CORRUPTION detected in sector {sector}
5984,2026-01-10,12:15:21,INFO,WebServer,Health check passed: WebServer,E102,Health check passed: {service}
5985,2026-01-10,12:22:51,WARN,InventoryDB,Unauthorized access attempt from 10.0.0.12,E401,Unauthorized access attempt from {ip}
5986,2026-01-10,12:05:48,WARN,AuthService,High latency (973ms) detected on AuthService,E201,High latency ({time}ms) detected on {service}
5987,2026-01-10,12:10:42,INFO,AuthService,Transaction tx192613 completed in 563ms,E104,Transaction {tx} completed in {time}ms
5988,2026-01-10,12:41:46,INFO,WebServer,User u4040 login successful,E101,User {user} login successful
5989,2026-01-10,12:11:58,INFO,WebServer,Page view: /home by u1889,E103,Page view: {page} by {user}
5990,2026-01-10,12:52:18,INFO,PaymentGateway,Health check passed: PaymentGateway,E102,Health check passed: {service}
5991,2026-01-10,12:36:33,INFO,WebServer,Page view: /home by u2372,E103,Page view: {page} by {user}
5992,2026-01-10,12:09:47,INFO,OrderProcessor,User u1142 login successful,E101,User {user} login successful
5993,2026-01-10,12:43:14,INFO,WebServer,Transaction tx109716 completed in 1193ms,E104,Transaction {tx} completed in {time}ms
5994,2026-01-10,12:49:17,INFO,WebServer,User u2920 login successful,E101,User {user} login successful
5995,2026-01-10,12:37:51,INFO,AuthService,Transaction tx147498 completed in 674ms,E104,Transaction {tx} completed in {time}ms
5996,2026-01-10,12:02:27,INFO,PaymentGateway,Transaction tx731894 completed in 504ms,E104,Transaction {tx} completed in {time}ms
5997,2026-01-10,12:17:47,INFO,WebServer,User u2822 login successful,E101,User {user} login successful
5998,2026-01-10,12:56:20,INFO,WebServer,Transaction tx109855 completed in 49ms,E104,Transaction {tx} completed in {time}ms
5999,2026-01-10,12:01:41,INFO,PaymentGateway,Page view: /home by u1527,E103,Page view: {page} by {user}
6000,2026-01-10,12:57:28,INFO,WebServer,User u4231 login successful,E101,User {user} login successful
6001,2026-01-10,12:57:06,INFO,AuthService,Health check passed: AuthService,E102,Health check passed: {service}
6002,2026-01-10,12:10:43,INFO,OrderProcessor,Page view: /home by u4077,E103,Page view: {page} by {user}
6003,2026-01-10,12:49:19,INFO,InventoryDB,Health check passed: InventoryDB,E102,Health check passed: {service}
6004,2026-01-10,12:29:41,INFO,WebServer,Transaction tx462384 completed in 1416ms,E104,Transaction {tx} completed in {time}ms
6005,2026-01-10,12:33:09,INFO,WebServer,Page view: /home by u4127,E103,Page view: {page} by {user}
6006,2026-01-10,12:55:29,INFO,AuthService,User u3716 login successful,E101,User {user} login successful
6007,2026-01-10,12:39:58,INFO,WebServer,Page view: /home by u1503,E103,Page view: {page} by {user}
6008,2026-01-10,12:36:16,INFO,WebServer,Page view: /home by u4073,E103,Page view: {page} by {user}
6009,2026-01-10,12:41:57,INFO,WebServer,Page view: /home by u4007,E103,Page view: {page} by {user}
6010,2026-01-10,12:12:05,INFO,WebServer,Page view: /home by u4637,E103,Page view: {page} by {user}
6011,2026-01-10,12:29:43,INFO,AuthService,Transaction tx893362 completed in 1022ms,E104,Transaction {tx} completed in {time}ms
6012,2026-01-10,12:56:10,INFO,WebServer,Page view: /home by u2100,E103,Page view: {page} by {user}
6013,2026-01-10,12:10:05,INFO,OrderProcessor,Health check passed: OrderProcessor,E102,Health check passed: {service}
6014,2026-01-10,12:06:18,INFO,AuthService,Page view: /home by u4858,E103,Page view: {page} by {user}
6015,2026-01-10,12:31:41,INFO,WebServer,User u2145 login successful,E101,User {user} login successful
6016,2026-01-10,12:15:48,INFO,WebServer,Transaction tx207356 completed in 520ms,E104,Transaction {tx} completed in {time}ms
6017,2026-01-10,12:16:46,INFO,WebServer,Page view: /home by u3561,E103,Page view: {page} by {user}
6018,2026-01-10,12:39:56,INFO,InventoryDB,Health check passed: InventoryDB,E102,Health check passed: {service}
6019,2026-01-10,12:13:02,INFO,AuthService,Page view: /home by u1795,E103,Page view: {page} by {user}
6020,2026-01-10,12:40:45,INFO,PaymentGateway,Health check passed: PaymentGateway,E102,Health check passed: {service}
6021,2026-01-10,12:33:20,INFO,WebServer,Page view: /home by u3422,E103,Page view: {page} by {user}
6022,2026-01-10,12:08:41,INFO,AuthService,Transaction tx717039 completed in 1683ms,E104,Transaction {tx} completed in {time}ms
6023,2026-01-10,12:36:24,INFO,AuthService,User u4610 login successful,E101,User {user} login successful
6024,2026-01-10,12:56:31,INFO,WebServer,Transaction tx123320 completed in 1536ms,E104,Transaction {tx} completed in {time}ms
6025,2026-01-10,12:06:43,INFO,AuthService,Page view: /home by u4472,E103,Page view: {page} by {user}
6026,2026-01-10,12:41:32,INFO,InventoryDB,User u4566 login successful,E101,User {user} login successful
6027,2026-01-10,12:58:08,INFO,WebServer,Transaction tx946313 completed in 1290ms,E104,Transaction {tx} completed in {time}ms
6028,2026-01-10,12:34:05,INFO,InventoryDB,Health check passed: InventoryDB,E102,Health check passed: {service}
6029,2026-01-10,12:14:22,INFO,AuthService,Health check passed: AuthService,E102,Health check passed: {service}
6030,2026-01-10,12:05:19,INFO,AuthService,Health check passed: AuthService,E102,Health check passed: {service}
6031,2026-01-10,12:08:24,INFO,WebServer,Health check passed: WebServer,E102,Health check passed: {service}
6032,2026-01-10,12:08:11,INFO,WebServer,Health check passed: WebServer,E102,Health check passed: {service}
6033,2026-01-10,12:14:15,INFO,OrderProcessor,User u1671 login successful,E101,User {user} login successful
6034,2026-01-10,12:07:56,INFO,WebServer,User u3563 login successful,E101,User {user} login successful
6035,2026-01-10,12:42:08,INFO,WebServer,Page view: /home by u2309,E103,Page view: {page} by {user}
6036,2026-01-10,12:25:10,INFO,OrderProcessor,Page view: /home by u1746,E103,Page view: {page} by {user}
6037,2026-01-10,12:54:06,INFO,OrderProcessor,Transaction tx282458 completed in 1742ms,E104,Transaction {tx} completed in {time}ms
6038,2026-01-10,12:11:29,INFO,OrderProcessor,Transaction tx119711 completed in 1624ms,E104,Transaction {tx} completed in {time}ms
6039,2026-01-10,12:10:08,INFO,OrderProcessor,Health check passed: OrderProcessor,E102,Health check passed: {service}
6040,2026-01-10,12:34:42,INFO,WebServer,Transaction tx603445 completed in 895ms,E104,Transaction {tx} completed in {time}ms
6041,2026-01-10,12:36:41,INFO,PaymentGateway,Transaction tx184572 completed in 33ms,E104,Transaction {tx} completed in {time}ms
6042,2026-01-10,12:09:46,INFO,WebServer,Page view: /home by u3236,E103,Page view: {page} by {user}
6043,2026-01-10,12:11:01,INFO,WebServer,User u4104 login successful,E101,User {user} login successful
6044,2026-01-10,12:32:52,INFO,PaymentGateway,Health check passed: PaymentGateway,E102,Health check passed: {service}
6045,2026-01-10,12:06:09,INFO,WebServer,User u2617 login successful,E101,User {user} login successful
6046,2026-01-10,12:07:59,INFO,WebServer,Health check passed: WebServer,E102,Health check passed: {service}
6047,2026-01-10,12:05:50,INFO,WebServer,User u3304 login successful,E101,User {user} login successful
6048,2026-01-10,12:50:03,INFO,WebServer,Page view: /home by u4226,E103,Page view: {page} by {user}
6049,2026-01-10,12:52:57,INFO,WebServer,Transaction tx744617 completed in 1704ms,E104,Transaction {tx} completed in {time}ms
6050,2026-01-10,12:12:45,INFO,PaymentGateway,Page view: /home by u3069,E103,Page view: {page} by {user}
6051,2026-01-10,12:14:45,INFO,OrderProcessor,Transaction tx999807 completed in 192ms,E104,Transaction {tx} completed in {time}ms
6052,2026-01-10,12:36:28,INFO,WebServer,Transaction tx220419 completed in 295ms,E104,Transaction {tx} completed in {time}ms
6053,2026-01-10,12:45:22,WARN,AuthService,Disk usage > 85% on node node-1,E202,Disk usage > 85% on node {node}
6054,2026-01-10,12:09:02,INFO,AuthService,User u3135 login successful,E101,User {user} login successful
6055,2026-01-10,12:08:03,INFO,OrderProcessor,Page view: /home by u2732,E103,Page view: {page} by {user}
6056,2026-01-10,12:49:28,INFO,PaymentGateway,Health check passed: PaymentGateway,E102,Health check passed: {service}
6057,2026-01-10,12:11:58,INFO,InventoryDB,Transaction tx605341 completed in 30ms,E104,Transaction {tx} completed in {time}ms
6058,2026-01-10,12:04:53,INFO,WebServer,Health check passed: WebServer,E102,Health check passed: {service}
6059,2026-01-10,12:55:50,INFO,AuthService,Health check passed: AuthService,E102,Health check passed: {service}
6060,2026-01-10,12:19:47,INFO,AuthService,User u1523 login successful,E101,User {user} login successful
6061,2026-01-10,12:45:57,INFO,OrderProcessor,User u4683 login successful,E101,User {user} login successful
6062,2026-01-10,12:04:48,INFO,WebServer,Transaction tx756311 completed in 1691ms,E104,Transaction {tx} completed in {time}ms
6063,2026-01-10,12:41:38,ERROR,WebServer,Connection refused to WebServer at 10.0.0.99,E501,Connection refused to {service} at {ip}
6064,2026-01-10,12:15:40,INFO,WebServer,User u1676 login successful,E101,User {user} login successful
6065,2026-01-10,12:26:21,INFO,WebServer,Transaction tx933729 completed in 1719ms,E104,Transaction {tx} completed in {time}ms
6066,2026-01-10,12:15:10,INFO,AuthService,Page view: /home by u4958,E103,Page view: {page} by {user}
6067,2026-01-10,12:22:33,INFO,WebServer,Transaction tx259781 completed in 1957ms,E104,Transaction {tx} completed in {time}ms
6068,2026-01-10,12:58:59,INFO,WebServer,User u3713 login successful,E101,User {user} login successful
6069,2026-01-10,12:14:42,INFO,WebServer,Health check passed: WebServer,E102,Health check passed: {service}
6070,2026-01-10,12:35:17,INFO,WebServer,User u3006 login successful,E101,User {user} login successful
6071,2026-01-10,12:43:06,INFO,AuthService,User u3304 login successful,E101,User {user} login successful
6072,2026-01-10,12:57:04,INFO,OrderProcessor,Health check passed: OrderProcessor,E102,Health check passed: {service}
6073,2026-01-10,12:42:43,INFO,WebServer,Health check passed: WebServer,E102,Health check passed: {service}
6074,2026-01-10,12:54:03,INFO,WebServer,Transaction tx845691 completed in 180ms,E104,Transaction {tx} completed in {time}ms
6075,2026-01-10,12:00:26,INFO,AuthService,Transaction tx286583 completed in 155ms,E104,Transaction {tx} completed in {time}ms
6076,2026-01-10,12:50:46,INFO,WebServer,User u4779 login successful,E101,User {user} login successful
6077,2026-01-10,12:48:19,WARN,OrderProcessor,Unauthorized access attempt from 10.0.0.45,E401,Unauthorized access attempt from {ip}
6078,2026-01-10,12:12:08,INFO,WebServer,Health check passed: WebServer,E102,Health check passed: {service}
6079,2026-01-10,12:20:10,INFO,AuthService,Transaction tx186266 completed in 945ms,E104,Transaction {tx} completed in {time}ms
6080,2026-01-10,12:38:35,INFO,AuthService,User u2658 login successful,E101,User {user} login successful
6081,2026-01-10,12:46:15,INFO,InventoryDB,Page view: /home by u3423,E103,Page view: {page} by {user}
6082,2026-01-10,12:21:23,INFO,AuthService,Transaction tx987403 completed in 1090ms,E104,Transaction {tx} completed in {time}ms
6083,2026-01-10,12:50:00,INFO,OrderProcessor,Page view: /home by u4030,E103,Page view: {page} by {user}
6084,2026-01-10,12:42:42,INFO,OrderProcessor,User u3749 login successful,E101,User {user} login successful
6085,2026-01-10,12:15:35,INFO,WebServer,Health check passed: WebServer,E102,Health check passed: {service}
6086,2026-01-10,12:27:09,INFO,WebServer,Page view: /home by u4439,E103,Page view: {page} by {user}
6087,2026-01-10,12:22:31,INFO,OrderProcessor,Transaction tx375554 completed in 1680ms,E104,Transaction {tx} completed in {time}ms
6088,2026-01-10,12:15:19,INFO,WebServer,Health check passed: WebServer,E102,Health check passed: {service}
6089,2026-01-10,12:55:41,INFO,PaymentGateway,User u2743 login successful,E101,User {user} login successful
6090,2026-01-10,12:42:15,INFO,WebServer,Transaction tx136000 completed in 411ms,E104,Transaction {tx} completed in {time}ms
6091,2026-01-10,12:08:30,INFO,WebServer,Page view: /home by u3713,E103,Page view: {page} by {user}
6092,2026-01-10,12:31:55,INFO,OrderProcessor,Health check passed: OrderProcessor,E102,Health check passed: {service}
6093,2026-01-10,12:34:32,INFO,WebServer,Health check passed: WebServer,E102,Health check passed: {service}
6094,2026-01-10,12:58:22,INFO,WebServer,User u4583 login successful,E101,User {user} login successful
6095,2026-01-10,12:48:24,INFO,WebServer,Page view: /home by u4804,E103,Page view: {page} by {user}
6096,2026-01-10,12:14:38,INFO,OrderProcessor,Page view: /home by u3512,E103,Page view: {page} by {user}
6097,2026-01-10,12:48:17,INFO,WebServer,Transaction tx687748 completed in 1219ms,E104,Transaction {tx} completed in {time}ms
6098,2026-01-10,12:16:16,INFO,AuthService,Health check passed: AuthService,E102,Health check passed: {service}
6099,2026-01-10,12:34:18,INFO,AuthService,User u3998 login successful,E101,User {user} login successful
6100,2026-01-10,12:09:27,INFO,OrderProcessor,Transaction tx875647 completed in 779ms,E104,Transaction {tx} completed in {time}ms
6101,2026-01-10,12:48:16,INFO,OrderProcessor,Transaction tx974106 completed in 122ms,E104,Transaction {tx} completed in {time}ms
6102,2026-01-10,12:44:32,INFO,WebServer,Health check passed: WebServer,E102,Health check passed: {service}
6103,2026-01-10,12:47:46,INFO,InventoryDB,User u1302 login successful,E101,User {user} login successful
6104,2026-01-10,12:46:47,INFO,AuthService,Health check passed: AuthService,E102,Health check passed: {service}
6105,2026-01-10,12:49:35,INFO,OrderProcessor,Transaction tx565610 completed in 440ms,E104,Transaction {tx} completed in {time}ms
6106,2026-01-10,12:23:50,INFO,PaymentGateway,Health check passed: PaymentGateway,E102,Health check passed: {service}
6107,2026-01-10,12:00:04,INFO,WebServer,Page view: /home by u4879,E103,Page view: {page} by {user}
6108,2026-01-10,12:53:51,INFO,OrderProcessor,User u4967 login successful,E101,User {user} login successful
6109,2026-01-10,12:25:31,INFO,OrderProcessor,Page view: /home by u1802,E103,Page view: {page} by {user}
6110,2026-01-10,12:45:11,INFO,InventoryDB,User u1713 login successful,E101,User {user} login successful
6111,2026-01-10,12:12:31,INFO,WebServer,User u1843 login successful,E101,User {user} login successful
6112,2026-01-10,12:09:28,INFO,AuthService,Health check passed: AuthService,E102,Health check passed: {service}
6113,2026-01-10,12:34:41,INFO,WebServer,Health check passed: WebServer,E102,Health check passed: {service}
6114,2026-01-10,12:06:38,INFO,WebServer,Page view: /home by u1119,E103,Page view: {page} by {user}
6115,2026-01-10,12:01:24,INFO,WebServer,User u1728 login successful,E101,User {user} login successful
6116,2026-01-10,12:50:09,INFO,WebServer,Transaction tx367388 completed in 1209ms,E104,Transaction {tx} completed in {time}ms
6117,2026-01-10,12:06:09,INFO,PaymentGateway,Transaction tx131123 completed in 1343ms,E104,Transaction {tx} completed in {time}ms
6118,2026-01-10,12:32:30,INFO,OrderProcessor,Health check passed: OrderProcessor,E102,Health check passed: {service}
6119,2026-01-10,12:29:47,INFO,PaymentGateway,Page view: /home by u4036,E103,Page view: {page} by {user}
6120,2026-01-10,12:12:39,INFO,WebServer,Page view: /home by u1312,E103,Page view: {page} by {user}
6121,2026-01-10,12:43:57,INFO,AuthService,User u4703 login successful,E101,User {user} login successful
6122,2026-01-10,12:12:04,INFO,OrderProcessor,Health check passed: OrderProcessor,E102,Health check passed: {service}
6123,2026-01-10,12:47:15,INFO,AuthService,User u3697 login successful,E101,User {user} login successful
6124,2026-01-10,12:28:51,INFO,OrderProcessor,Transaction tx259636 completed in 872ms,E104,Transaction {tx} completed in {time}ms
6125,2026-01-10,12:03:52,INFO,AuthService,Page view: /home by u1945,E103,Page view: {page} by {user}
6126,2026-01-10,12:14:53,WARN,WebServer,Disk usage > 85% on node node-4,E202,Disk usage > 85% on node {node}
6127,2026-01-10,12:27:43,INFO,WebServer,Health check passed: WebServer,E102,Health check passed: {service}
6128,2026-01-10,12:39:30,INFO,WebServer,User u1806 login successful,E101,User {user} login successful
6129,2026-01-10,12:48:27,INFO,InventoryDB,Health check passed: InventoryDB,E102,Health check passed: {service}
6130,2026-01-10,12:02:21,INFO,WebServer,Transaction tx619835 completed in 879ms,E104,Transaction {tx} completed in {time}ms
6131,2026-01-10,12:17:20,INFO,WebServer,User u2869 login successful,E101,User {user} login successful
6132,2026-01-10,12:38:08,INFO,WebServer,Health check passed: WebServer,E102,Health check passed: {service}
6133,2026-01-10,12:43:33,WARN,AuthService,Disk usage > 85% on node node-1,E202,Disk usage > 85% on node {node}
6134,2026-01-10,12:22:58,INFO,WebServer,Transaction tx886557 completed in 1066ms,E104,Transaction {tx} completed in {time}ms
6135,2026-01-10,12:19:20,INFO,InventoryDB,Health check passed: InventoryDB,E102,Health check passed: {service}
6136,2026-01-10,12:56:41,INFO,AuthService,Health check passed: AuthService,E102,Health check passed: {service}
6137,2026-01-10,12:12:49,INFO,WebServer,User u3228 login successful,E101,User {user} login successful
6138,2026-01-10,12:49:44,WARN,WebServer,Unauthorized access attempt from 10.0.0.12,E401,Unauthorized access attempt from {ip}
6139,2026-01-10,12:46:44,INFO,PaymentGateway,Health check passed: PaymentGateway,E102,Health check passed: {service}
6140,2026-01-10,12:27:13,INFO,WebServer,Health check passed: WebServer,E102,Health check passed: {service}
6141,2026-01-10,12:18:04,INFO,WebServer,User u3913 login successful,E101,User {user} login successful
6142,2026-01-10,12:26:44,INFO,WebServer,Health check passed: WebServer,E102,Health check passed: {service}
6143,2026-01-10,12:45:52,WARN,WebServer,High latency (1967ms) detected on WebServer,E201,High latency ({time}ms) detected on {service}
6144,2026-01-10,12:07:54,INFO,WebServer,Health check passed: WebServer,E102,Health check passed: {service}
6145,2026-01-10,12:44:52,INFO,WebServer,Health check passed: WebServer,E102,Health check passed: {service}
6146,2026-01-10,12:37:42,INFO,WebServer,User u2434 login successful,E101,User {user} login successful
6147,2026-01-10,12:42:54,INFO,WebServer,Transaction tx580762 completed in 1771ms,E104,Transaction {tx} completed in {time}ms
6148,2026-01-10,12:10:37,WARN,OrderProcessor,High latency (35ms) detected on OrderProcessor,E201,High latency ({time}ms) detected on {service}
6149,2026-01-10,12:40:45,INFO,OrderProcessor,Transaction tx992908 completed in 806ms,E104,Transaction {tx} completed in {time}ms
6150,2026-01-10,12:04:58,INFO,WebServer,Page view: /home by u3333,E103,Page view: {page} by {user}
6151,2026-01-10,12:25:23,INFO,AuthService,Transaction tx628986 completed in 808ms,E104,Transaction {tx} completed in {time}ms
6152,2026-01-10,12:41:39,INFO,WebServer,Page view: /home by u3642,E103,Page view: {page} by {user}
6153,2026-01-10,12:26:58,INFO,WebServer,User u4444 login successful,E101,User {user} login successful
6154,2026-01-10,12:15:14,INFO,AuthService,Health check passed: AuthService,E102,Health check passed: {service}
6155,2026-01-10,12:16:54,INFO,AuthService,Transaction tx352987 completed in 1534ms,E104,Transaction {tx} completed in {time}ms
6156,2026-01-10,12:11:19,INFO,WebServer,User u1194 login successful,E101,User {user} login successful
6157,2026-01-10,12:13:15,INFO,OrderProcessor,User u2069 login successful,E101,User {user} login successful
6158,2026-01-10,12:52:58,INFO,WebServer,User u3199 login successful,E101,User {user} login successful
6159,2026-01-10,12:22:01,WARN,WebServer,High latency (1659ms) detected on WebServer,E201,High latency ({time}ms) detected on {service}
6160,2026-01-10,12:30:33,INFO,WebServer,User u3484 login successful,E101,User {user} login successful
6161,2026-01-10,12:48:38,INFO,OrderProcessor,Page view: /home by u4270,E103,Page view: {page} by {user}
6162,2026-01-10,12:20:23,INFO,AuthService,User u4034 login successful,E101,User {user} login successful
6163,2026-01-10,12:03:56,WARN,PaymentGateway,Unauthorized access attempt from 10.0.0.45,E401,Unauthorized access attempt from {ip}
6164,2026-01-10,12:38:28,INFO,WebServer,User u1501 login successful,E101,User {user} login successful
6165,2026-01-10,12:57:19,INFO,AuthService,Health check passed: AuthService,E102,Health check passed: {service}
6166,2026-01-10,12:46:34,INFO,AuthService,User u3231 login successful,E101,User {user} login successful
6167,2026-01-10,12:57:04,INFO,PaymentGateway,Transaction tx522553 completed in 398ms,E104,Transaction {tx} completed in {time}ms
6168,2026-01-10,12:52:48,INFO,WebServer,Health check passed: WebServer,E102,Health check passed: {service}
6169,2026-01-10,12:26:23,INFO,InventoryDB,Transaction tx148824 completed in 1453ms,E104,Transaction {tx} completed in {time}ms
6170,2026-01-10,12:27:14,INFO,OrderProcessor,Transaction tx643525 completed in 934ms,E104,Transaction {tx} completed in {time}ms
6171,2026-01-10,12:42:01,INFO,WebServer,Page view: /home by u4573,E103,Page view: {page} by {user}
6172,2026-01-10,12:59:49,INFO,WebServer,User u2848 login successful,E101,User {user} login successful
6173,2026-01-10,12:26:47,INFO,PaymentGateway,Page view: /home by u1973,E103,Page view: {page} by {user}
6174,2026-01-10,12:33:58,INFO,OrderProcessor,Page view: /home by u1120,E103,Page view: {page} by {user}
6175,2026-01-10,12:29:17,INFO,WebServer,User u3868 login successful,E101,User {user} login successful
6176,2026-01-10,12:49:53,INFO,OrderProcessor,Health check passed: OrderProcessor,E102,Health check passed: {service}
6177,2026-01-10,12:19:19,INFO,PaymentGateway,Transaction tx339021 completed in 91ms,E104,Transaction {tx} completed in {time}ms
6178,2026-01-10,12:14:47,INFO,WebServer,Transaction tx360425 completed in 60ms,E104,Transaction {tx} completed in {time}ms
6179,2026-01-10,12:12:17,INFO,AuthService,Transaction tx826610 completed in 1248ms,E104,Transaction {tx} completed in {time}ms
6180,2026-01-10,12:22:45,INFO,WebServer,User u3838 login successful,E101,User {user} login successful
6181,2026-01-10,12:30:15,INFO,AuthService,User u3653 login successful,E101,User {user} login successful
6182,2026-01-10,12:33:07,INFO,WebServer,User u4487 login successful,E101,User {user} login successful
6183,2026-01-10,12:36:28,INFO,WebServer,Transaction tx684992 completed in 1229ms,E104,Transaction {tx} completed in {time}ms
6184,2026-01-10,12:27:38,INFO,OrderProcessor,Page view: /home by u2852,E103,Page view: {page} by {user}
6185,2026-01-10,12:01:03,INFO,OrderProcessor,Page view: /home by u1827,E103,Page view: {page} by {user}
6186,2026-01-10,13:41:49,INFO,WebServer,Health check passed: WebServer,E102,Health check passed: {service}
6187,2026-01-10,13:32:35,INFO,OrderProcessor,Page view: /home by u1838,E103,Page view: {page} by {user}
6188,2026-01-10,13:59:36,INFO,OrderProcessor,Health check passed: OrderProcessor,E102,Health check passed: {service}
6189,2026-01-10,13:36:16,INFO,WebServer,Page view: /home by u3153,E103,Page view: {page} by {user}
6190,2026-01-10,13:46:20,INFO,InventoryDB,User u1973 login successful,E101,User {user} login successful
6191,2026-01-10,13:27:59,INFO,WebServer,User u4363 login successful,E101,User {user} login successful
6192,2026-01-10,13:19:49,INFO,WebServer,Health check passed: WebServer,E102,Health check passed: {service}
6193,2026-01-10,13:38:09,INFO,WebServer,Health check passed: WebServer,E102,Health check passed: {service}
6194,2026-01-10,13:23:42,INFO,OrderProcessor,Health check passed: OrderProcessor,E102,Health check passed: {service}
6195,2026-01-10,13:30:12,INFO,AuthService,Health check passed: AuthService,E102,Health check passed: {service}
6196,2026-01-10,13:04:38,INFO,WebServer,Page view: /home by u3458,E103,Page view: {page} by {user}
6197,2026-01-10,13:04:25,INFO,PaymentGateway,User u4890 login successful,E101,User {user} login successful
6198,2026-01-10,13:14:15,INFO,WebServer,User u4836 login successful,E101,User {user} login successful
6199,2026-01-10,13:34:17,INFO,PaymentGateway,Page view: /home by u4408,E103,Page view: {page} by {user}
6200,2026-01-10,13:56:02,INFO,WebServer,Transaction tx492196 completed in 574ms,E104,Transaction {tx} completed in {time}ms
6201,2026-01-10,13:39:34,INFO,WebServer,Transaction tx569215 completed in 1858ms,E104,Transaction {tx} completed in {time}ms
6202,2026-01-10,13:34:47,INFO,OrderProcessor,Health check passed: OrderProcessor,E102,Health check passed: {service}
6203,2026-01-10,13:01:07,WARN,WebServer,High latency (1081ms) detected on WebServer,E201,High latency ({time}ms) detected on {service}
6204,2026-01-10,13:39:53,INFO,WebServer,Health check passed: WebServer,E102,Health check passed: {service}
6205,2026-01-10,13:32:23,INFO,WebServer,Transaction tx552233 completed in 1270ms,E104,Transaction {tx} completed in {time}ms
6206,2026-01-10,13:41:49,INFO,WebServer,Transaction tx699240 completed in 460ms,E104,Transaction {tx} completed in {time}ms
6207,2026-01-10,13:54:07,WARN,OrderProcessor,High latency (1423ms) detected on OrderProcessor,E201,High latency ({time}ms) detected on {service}
6208,2026-01-10,13:38:42,INFO,OrderProcessor,Health check passed: OrderProcessor,E102,Health check passed: {service}
6209,2026-01-10,13:08:32,INFO,WebServer,Health check passed: WebServer,E102,Health check passed: {service}
6210,2026-01-10,13:17:40,INFO,WebServer,Page view: /home by u2314,E103,Page view: {page} by {user}
6211,2026-01-10,13:21:08,INFO,WebServer,Transaction tx982462 completed in 205ms,E104,Transaction {tx} completed in {time}ms
6212,2026-01-10,13:32:11,INFO,PaymentGateway,Health check passed: PaymentGateway,E102,Health check passed: {service}
6213,2026-01-10,13:56:22,INFO,AuthService,Transaction tx229541 completed in 1594ms,E104,Transaction {tx} completed in {time}ms
6214,2026-01-10,13:59:43,INFO,OrderProcessor,Page view: /home by u3910,E103,Page view: {page} by {user}
6215,2026-01-10,13:55:37,INFO,AuthService,Transaction tx627885 completed in 1122ms,E104,Transaction {tx} completed in {time}ms
6216,2026-01-10,13:14:59,INFO,WebServer,Transaction tx595707 completed in 349ms,E104,Transaction {tx} completed in {time}ms
6217,2026-01-10,13:27:16,INFO,WebServer,Transaction tx923419 completed in 1044ms,E104,Transaction {tx} completed in {time}ms
6218,2026-01-10,13:14:04,WARN,AuthService,Unauthorized access attempt from 10.0.0.99,E401,Unauthorized access attempt from {ip}
6219,2026-01-10,13:02:49,INFO,WebServer,Health check passed: WebServer,E102,Health check passed: {service}
6220,2026-01-10,13:05:25,INFO,AuthService,Health check passed: AuthService,E102,Health check passed: {service}
6221,2026-01-10,13:00:33,INFO,WebServer,Page view: /home by u4431,E103,Page view: {page} by {user}
6222,2026-01-10,13:41:50,INFO,WebServer,Page view: /home by u4810,E103,Page view: {page} by {user}
6223,2026-01-10,13:56:09,INFO,WebServer,Page view: /home by u4957,E103,Page view: {page} by {user}
6224,2026-01-10,13:48:19,INFO,PaymentGateway,Page view: /home by u2883,E103,Page view: {page} by {user}
6225,2026-01-10,13:32:49,INFO,AuthService,Health check passed: AuthService,E102,Health check passed: {service}
6226,2026-01-10,13:52:06,INFO,PaymentGateway,Health check passed: PaymentGateway,E102,Health check passed: {service}
6227,2026-01-10,13:33:59,INFO,WebServer,User u4453 login successful,E101,User {user} login successful
6228,2026-01-10,13:50:34,INFO,WebServer,User u2495 login successful,E101,User {user} login successful
6229,2026-01-10,13:03:32,INFO,WebServer,Health check passed: WebServer,E102,Health check passed: {service}
6230,2026-01-10,13:58:17,INFO,WebServer,Transaction tx222393 completed in 249ms,E104,Transaction {tx} completed in {time}ms
6231,2026-01-10,13:04:03,INFO,AuthService,Page view: /home by u4124,E103,Page view: {page} by {user}
6232,2026-01-10,13:33:58,INFO,WebServer,User u3769 login successful,E101,User {user} login successful
6233,2026-01-10,13:35:26,INFO,WebServer,Health check passed: WebServer,E102,Health check passed: {service}
6234,2026-01-10,13:37:53,INFO,PaymentGateway,Health check passed: PaymentGateway,E102,Health check passed: {service}
6235,2026-01-10,13:16:14,INFO,AuthService,Health check passed: AuthService,E102,Health check passed: {service}
6236,2026-01-10,13:29:22,INFO,WebServer,Page view: /home by u4905,E103,Page view: {page} by {user}
6237,2026-01-10,13:29:32,INFO,WebServer,Page view: /home by u3858,E103,Page view: {page} by {user}
6238,2026-01-10,13:58:10,INFO,OrderProcessor,User u1968 login successful,E101,User {user} login successful
6239,2026-01-10,13:15:06,ERROR,InventoryDB,Connection refused to InventoryDB at 10.0.0.45,E501,Connection refused to {service} at {ip}
6240,2026-01-10,13:57:42,INFO,AuthService,Page view: /home by u2378,E103,Page view: {page} by {user}
6241,2026-01-10,13:32:02,INFO,WebServer,User u1585 login successful,E101,User {user} login successful
6242,2026-01-10,13:34:00,INFO,PaymentGateway,User u3697 login successful,E101,User {user} login successful
6243,2026-01-10,13:16:40,INFO,OrderProcessor,Page view: /home by u2272,E103,Page view: {page} by {user}
6244,2026-01-10,13:16:21,INFO,AuthService,User u3863 login successful,E101,User {user} login successful
6245,2026-01-10,13:01:05,INFO,WebServer,Health check passed: WebServer,E102,Health check passed: {service}
6246,2026-01-10,13:35:46,INFO,WebServer,User u4242 login successful,E101,User {user} login successful
6247,2026-01-10,13:06:12,INFO,WebServer,Health check passed: WebServer,E102,Health check passed: {service}
6248,2026-01-10,13:37:33,INFO,WebServer,Transaction tx287780 completed in 900ms,E104,Transaction {tx} completed in {time}ms
6249,2026-01-10,13:22:57,INFO,WebServer,Page view: /home by u4927,E103,Page view: {page} by {user}
6250,2026-01-10,13:06:42,INFO,OrderProcessor,User u1071 login successful,E101,User {user} login successful
6251,2026-01-10,13:22:19,INFO,WebServer,Health check passed: WebServer,E102,Health check passed: {service}
6252,2026-01-10,13:35:58,INFO,WebServer,User u3208 login successful,E101,User {user} login successful
6253,2026-01-10,13:35:04,INFO,WebServer,Health check passed: WebServer,E102,Health check passed: {service}
6254,2026-01-10,13:53:04,INFO,WebServer,Health check passed: WebServer,E102,Health check passed: {service}
6255,2026-01-10,13:23:42,INFO,WebServer,User u1837 login successful,E101,User {user} login successful
6256,2026-01-10,13:28:53,INFO,WebServer,Page view: /home by u3158,E103,Page view: {page} by {user}
6257,2026-01-10,13:35:26,INFO,WebServer,Page view: /home by u3993,E103,Page view: {page} by {user}
6258,2026-01-10,13:08:23,INFO,WebServer,User u4473 login successful,E101,User {user} login successful
6259,2026-01-10,13:10:41,WARN,WebServer,High latency (50ms) detected on WebServer,E201,High latency ({time}ms) detected on {service}
6260,2026-01-10,13:56:45,WARN,AuthService,High latency (877ms) detected on AuthService,E201,High latency ({time}ms) detected on {service}
6261,2026-01-10,13:26:01,INFO,WebServer,Transaction tx253070 completed in 456ms,E104,Transaction {tx} completed in {time}ms
6262,2026-01-10,13:58:08,INFO,PaymentGateway,Transaction tx904313 completed in 1501ms,E104,Transaction {tx} completed in {time}ms
6263,2026-01-10,13:32:15,INFO,WebServer,Page view: /home by u1208,E103,Page view: {page} by {user}
6264,2026-01-10,13:31:09,INFO,InventoryDB,Health check passed: InventoryDB,E102,Health check passed: {service}
6265,2026-01-10,13:59:47,INFO,OrderProcessor,User u1792 login successful,E101,User {user} login successful
6266,2026-01-10,13:28:42,INFO,WebServer,Page view: /home by u2777,E103,Page view: {page} by {user}
6267,2026-01-10,13:27:25,INFO,WebServer,Health check passed: WebServer,E102,Health check passed: {service}
6268,2026-01-10,13:28:31,INFO,OrderProcessor,Page view: /home by u4338,E103,Page view: {page} by {user}
6269,2026-01-10,13:08:20,WARN,OrderProcessor,High latency (1543ms) detected on OrderProcessor,E201,High latency ({time}ms) detected on {service}
6270,2026-01-10,13:57:19,INFO,WebServer,Page view: /home by u1963,E103,Page view: {page} by {user}
6271,2026-01-10,13:43:50,INFO,AuthService,User u4148 login successful,E101,User {user} login successful
6272,2026-01-10,13:24:37,INFO,WebServer,User u2453 login successful,E101,User {user} login successful
6273,2026-01-10,13:29:55,INFO,AuthService,Transaction tx448124 completed in 1348ms,E104,Transaction {tx} completed in {time}ms
6274,2026-01-10,13:22:02,INFO,WebServer,User u2456 login successful,E101,User {user} login successful
6275,2026-01-10,13:51:01,INFO,WebServer,User u3907 login successful,E101,User {user} login successful
6276,2026-01-10,13:20:14,WARN,WebServer,High latency (1222ms) detected on WebServer,E201,High latency ({time}ms) detected on {service}
6277,2026-01-10,13:46:14,INFO,PaymentGateway,Page view: /home by u4802,E103,Page view: {page} by {user}
6278,2026-01-10,13:36:01,INFO,WebServer,User u3981 login successful,E101,User {user} login successful
6279,2026-01-10,13:26:17,ERROR,AuthService,Connection refused to AuthService at 10.0.0.12,E501,Connection refused to {service} at {ip}
6280,2026-01-10,13:28:27,INFO,WebServer,Transaction tx176444 completed in 1414ms,E104,Transaction {tx} completed in {time}ms
6281,2026-01-10,13:08:07,INFO,OrderProcessor,User u1874 login successful,E101,User {user} login successful
6282,2026-01-10,13:34:22,INFO,AuthService,Transaction tx420699 completed in 1073ms,E104,Transaction {tx} completed in {time}ms
6283,2026-01-10,13:06:17,INFO,WebServer,Page view: /home by u1839,E103,Page view: {page} by {user}
6284,2026-01-10,13:27:02,INFO,OrderProcessor,Transaction tx575000 completed in 604ms,E104,Transaction {tx} completed in {time}ms
6285,2026-01-10,13:13:11,INFO,WebServer,Health check passed: WebServer,E102,Health check passed: {service}
6286,2026-01-10,13:42:25,INFO,InventoryDB,Page view: /home by u1723,E103,Page view: {page} by {user}
6287,2026-01-10,13:34:39,INFO,AuthService,Transaction tx821396 completed in 140ms,E104,Transaction {tx} completed in {time}ms
6288,2026-01-10,13:06:34,INFO,WebServer,Transaction tx260196 completed in 1685ms,E104,Transaction {tx} completed in {time}ms
6289,2026-01-10,13:43:01,INFO,WebServer,Health check passed: WebServer,E102,Health check passed: {service}
6290,2026-01-10,13:03:01,INFO,AuthService,User u4999 login successful,E101,User {user} login successful
6291,2026-01-10,13:56:58,INFO,WebServer,Page view: /home by u1170,E103,Page view: {page} by {user}
6292,2026-01-10,13:03:25,INFO,WebServer,Health check passed: WebServer,E102,Health check passed: {service}
6293,2026-01-10,13:52:11,INFO,WebServer,Page view: /home by u2833,E103,Page view: {page} by {user}
6294,2026-01-10,13:54:24,INFO,WebServer,User u1634 login successful,E101,User {user} login successful
6295,2026-01-10,13:09:36,INFO,WebServer,Page view: /home by u1076,E103,Page view: {page} by {user}
6296,2026-01-10,13:18:18,INFO,PaymentGateway,Health check passed: PaymentGateway,E102,Health check passed: {service}
6297,2026-01-10,13:17:00,INFO,OrderProcessor,Transaction tx437695 completed in 1147ms,E104,Transaction {tx} completed in {time}ms
6298,2026-01-10,13:18:53,INFO,OrderProcessor,Page view: /home by u4017,E103,Page view: {page} by {user}
6299,2026-01-10,13:55:32,INFO,AuthService,Transaction tx225108 completed in 231ms,E104,Transaction {tx} completed in {time}ms
6300,2026-01-10,13:38:41,INFO,WebServer,Transaction tx650574 completed in 1027ms,E104,Transaction {tx} completed in {time}ms
6301,2026-01-10,13:53:21,INFO,WebServer,Transaction tx195324 completed in 606ms,E104,Transaction {tx} completed in {time}ms
6302,2026-01-10,13:40:54,INFO,WebServer,Transaction tx647061 completed in 113ms,E104,Transaction {tx} completed in {time}ms
6303,2026-01-10,13:54:27,INFO,PaymentGateway,User u2726 login successful,E101,User {user} login successful
6304,2026-01-10,13:48:20,INFO,AuthService,Health check passed: AuthService,E102,Health check passed: {service}
6305,2026-01-10,13:05:51,INFO,WebServer,Page view: /home by u1027,E103,Page view: {page} by {user}
6306,2026-01-10,13:13:29,INFO,WebServer,Health check passed: WebServer,E102,Health check passed: {service}
6307,2026-01-10,13:31:47,INFO,AuthService,Health check passed: AuthService,E102,Health check passed: {service}
6308,2026-01-10,13:08:54,INFO,WebServer,Transaction tx361133 completed in 1512ms,E104,Transaction {tx} completed in {time}ms
6309,2026-01-10,13:55:07,INFO,OrderProcessor,Health check passed: OrderProcessor,E102,Health check passed: {service}
6310,2026-01-10,13:57:24,INFO,WebServer,Transaction tx377815 completed in 676ms,E104,Transaction {tx} completed in {time}ms
6311,2026-01-10,13:07:40,INFO,PaymentGateway,Health check passed: PaymentGateway,E102,Health check passed: {service}
6312,2026-01-10,13:55:08,INFO,WebServer,User u4994 login successful,E101,User {user} login successful
6313,2026-01-10,13:12:44,WARN,WebServer,Disk usage > 85% on node node-4,E202,Disk usage > 85% on node {node}
6314,2026-01-10,13:18:58,INFO,WebServer,User u2517 login successful,E101,User {user} login successful
6315,2026-01-10,13:06:07,ERROR,AuthService,Timeout waiting for lock on InventoryDB,E502,Timeout waiting for lock on {db}
6316,2026-01-10,13:25:01,INFO,WebServer,Transaction tx168077 completed in 1589ms,E104,Transaction {tx} completed in {time}ms
6317,2026-01-10,13:37:10,INFO,PaymentGateway,Health check passed: PaymentGateway,E102,Health check passed: {service}
6318,2026-01-10,13:51:31,INFO,WebServer,Page view: /home by u4854,E103,Page view: {page} by {user}
6319,2026-01-10,13:53:55,INFO,WebServer,User u1141 login successful,E101,User {user} login successful
6320,2026-01-10,13:38:43,INFO,OrderProcessor,Transaction tx730490 completed in 1645ms,E104,Transaction {tx} completed in {time}ms
6321,2026-01-10,13:33:53,INFO,AuthService,Page view: /home by u4525,E103,Page view: {page} by {user}
6322,2026-01-10,13:43:33,INFO,InventoryDB,Page view: /home by u1654,E103,Page view: {page} by {user}
6323,2026-01-10,13:14:02,INFO,WebServer,Page view: /home by u3892,E103,Page view: {page} by {user}
6324,2026-01-10,13:57:19,INFO,WebServer,User u3544 login successful,E101,User {user} login successful
6325,2026-01-10,13:07:15,INFO,PaymentGateway,Health check passed: PaymentGateway,E102,Health check passed: {service}
6326,2026-01-10,13:20:40,INFO,AuthService,Page view: /home by u1175,E103,Page view: {page} by {user}
6327,2026-01-10,13:32:30,INFO,InventoryDB,Health check passed: InventoryDB,E102,Health check passed: {service}
6328,2026-01-10,13:36:59,INFO,AuthService,Health check passed: AuthService,E102,Health check passed: {service}
6329,2026-01-10,13:55:10,INFO,WebServer,User u1917 login successful,E101,User {user} login successful
6330,2026-01-10,13:35:21,WARN,WebServer,Disk usage > 85% on node node-2,E202,Disk usage > 85% on node {node}
6331,2026-01-10,13:28:59,INFO,WebServer,Health check passed: WebServer,E102,Health check passed: {service}
6332,2026-01-10,13:27:35,INFO,WebServer,Health check passed: WebServer,E102,Health check passed: {service}
6333,2026-01-10,13:24:45,INFO,OrderProcessor,Health check passed: OrderProcessor,E102,Health check passed: {service}
6334,2026-01-10,13:06:54,INFO,OrderProcessor,Transaction tx357107 completed in 885ms,E104,Transaction {tx} completed in {time}ms
6335,2026-01-10,13:21:48,INFO,WebServer,Page view: /home by u4820,E103,Page view: {page} by {user}
6336,2026-01-10,13:16:48,WARN,WebServer,High latency (1034ms) detected on WebServer,E201,High latency ({time}ms) detected on {service}
6337,2026-01-10,13:45:40,INFO,AuthService,Page view: /home by u4285,E103,Page view: {page} by {user}
6338,2026-01-10,13:32:17,INFO,InventoryDB,Page view: /home by u2338,E103,Page view: {page} by {user}
6339,2026-01-10,13:43:06,INFO,WebServer,Health check passed: WebServer,E102,Health check passed: {service}
6340,2026-01-10,13:36:46,INFO,OrderProcessor,Page view: /home by u1648,E103,Page view: {page} by {user}
6341,2026-01-10,13:50:06,INFO,WebServer,User u3367 login successful,E101,User {user} login successful
6342,2026-01-10,13:16:42,INFO,AuthService,Page view: /home by u1506,E103,Page view: {page} by {user}
6343,2026-01-10,13:26:14,INFO,OrderProcessor,Transaction tx512571 completed in 1341ms,E104,Transaction {tx} completed in {time}ms
6344,2026-01-10,13:40:25,INFO,AuthService,Page view: /home by u2050,E103,Page view: {page} by {user}
6345,2026-01-10,13:40:25,INFO,WebServer,Transaction tx521616 completed in 365ms,E104,Transaction {tx} completed in {time}ms
6346,2026-01-10,13:43:04,ERROR,WebServer,Connection refused to WebServer at 10.0.0.45,E501,Connection refused to {service} at {ip}
6347,2026-01-10,13:29:32,INFO,OrderProcessor,User u1798 login successful,E101,User {user} login successful
6348,2026-01-10,13:33:57,INFO,WebServer,Transaction tx562394 completed in 1875ms,E104,Transaction {tx} completed in {time}ms
6349,2026-01-10,13:22:14,INFO,OrderProcessor,User u2513 login successful,E101,User {user} login successful
6350,2026-01-10,13:56:43,INFO,OrderProcessor,Page view: /home by u2841,E103,Page view: {page} by {user}
6351,2026-01-10,13:58:58,INFO,WebServer,Page view: /home by u3214,E103,Page view: {page} by {user}
6352,2026-01-10,13:54:33,INFO,WebServer,Page view: /home by u3470,E103,Page view: {page} by {user}
6353,2026-01-10,13:38:15,INFO,WebServer,User u3563 login successful,E101,User {user} login successful
6354,2026-01-10,13:15:53,INFO,WebServer,Health check passed: WebServer,E102,Health check passed: {service}
6355,2026-01-10,13:37:31,INFO,WebServer,User u2964 login successful,E101,User {user} login successful
6356,2026-01-10,13:33:45,INFO,InventoryDB,Page view: /home by u4793,E103,Page view: {page} by {user}
6357,2026-01-10,13:53:37,INFO,WebServer,Health check passed: WebServer,E102,Health check passed: {service}
6358,2026-01-10,13:05:40,INFO,AuthService,Health check passed: AuthService,E102,Health check passed: {service}
6359,2026-01-10,13:48:46,INFO,AuthService,User u1086 login successful,E101,User {user} login successful
6360,2026-01-10,13:49:32,ERROR,WebServer,Payment declined: Gateway unavailable,E503,Payment declined: Gateway unavailable
6361,2026-01-10,13:58:19,INFO,AuthService,User u2227 login successful,E101,User {user} login successful
6362,2026-01-10,13:34:15,INFO,OrderProcessor,User u4016 login successful,E101,User {user} login successful
6363,2026-01-10,13:29:07,INFO,WebServer,User u2872 login successful,E101,User {user} login successful
6364,2026-01-10,13:16:15,INFO,PaymentGateway,Transaction tx141737 completed in 1051ms,E104,Transaction {tx} completed in {time}ms
6365,2026-01-10,13:15:10,INFO,WebServer,User u1061 login successful,E101,User {user} login successful
6366,2026-01-10,13:32:00,INFO,WebServer,Page view: /home by u1676,E103,Page view: {page} by {user}
6367,2026-01-10,13:06:21,INFO,WebServer,Health check passed: WebServer,E102,Health check passed: {service}
6368,2026-01-10,13:35:59,INFO,InventoryDB,Transaction tx846917 completed in 658ms,E104,Transaction {tx} completed in {time}ms
6369,2026-01-10,13:58:09,INFO,AuthService,Page view: /home by u4235,E103,Page view: {page} by {user}
6370,2026-01-10,13:10:25,INFO,WebServer,Health check passed: WebServer,E102,Health check passed: {service}
6371,2026-01-10,13:01:28,INFO,AuthService,Transaction tx792906 completed in 1381ms,E104,Transaction {tx} completed in {time}ms
6372,2026-01-10,13:46:25,INFO,PaymentGateway,User u1359 login successful,E101,User {user} login successful
6373,2026-01-10,13:47:32,INFO,WebServer,Page view: /home by u4965,E103,Page view: {page} by {user}
6374,2026-01-10,13:38:18,INFO,WebServer,Health check passed: WebServer,E102,Health check passed: {service}
6375,2026-01-10,13:48:02,INFO,PaymentGateway,User u1136 login successful,E101,User {user} login successful
6376,2026-01-10,13:32:21,INFO,OrderProcessor,Health check passed: OrderProcessor,E102,Health check passed: {service}
6377,2026-01-10,13:02:36,WARN,WebServer,Disk usage > 85% on node node-4,E202,Disk usage > 85% on node {node}
6378,2026-01-10,13:11:50,INFO,AuthService,Transaction tx974243 completed in 804ms,E104,Transaction {tx} completed in {time}ms
6379,2026-01-10,13:06:39,INFO,InventoryDB,Health check passed: InventoryDB,E102,Health check passed: {service}
6380,2026-01-10,13:24:19,INFO,WebServer,User u2277 login successful,E101,User {user} login successful
6381,2026-01-10,13:05:47,INFO,AuthService,Page view: /home by u3259,E103,Page view: {page} by {user}
6382,2026-01-10,13:52:48,INFO,WebServer,Transaction tx814902 completed in 1050ms,E104,Transaction {tx} completed in {time}ms
6383,2026-01-10,13:39:35,INFO,WebServer,Transaction tx364295 completed in 181ms,E104,Transaction {tx} completed in {time}ms
6384,2026-01-10,13:17:19,INFO,WebServer,Page view: /home by u4833,E103,Page view: {page} by {user}
6385,2026-01-10,13:39:19,INFO,OrderProcessor,Transaction tx689181 completed in 284ms,E104,Transaction {tx} completed in {time}ms
6386,2026-01-10,13:22:38,INFO,OrderProcessor,User u4747 login successful,E101,User {user} login successful
6387,2026-01-10,13:57:34,INFO,WebServer,Transaction tx152595 completed in 263ms,E104,Transaction {tx} completed in {time}ms
6388,2026-01-10,13:05:54,INFO,AuthService,Transaction tx632033 completed in 485ms,E104,Transaction {tx} completed in {time}ms
6389,2026-01-10,13:35:43,INFO,AuthService,User u1860 login successful,E101,User {user} login successful
6390,2026-01-10,13:21:44,INFO,WebServer,Health check passed: WebServer,E102,Health check passed: {service}
6391,2026-01-10,13:55:08,INFO,AuthService,Page view: /home by u1318,E103,Page view: {page} by {user}
6392,2026-01-10,13:40:34,INFO,AuthService,Health check passed: AuthService,E102,Health check passed: {service}
6393,2026-01-10,13:17:49,INFO,InventoryDB,User u4692 login successful,E101,User {user} login successful
6394,2026-01-10,13:20:52,INFO,AuthService,User u2946 login successful,E101,User {user} login successful
6395,2026-01-10,13:17:46,INFO,WebServer,Transaction tx309251 completed in 590ms,E104,Transaction {tx} completed in {time}ms
6396,2026-01-10,13:16:21,INFO,WebServer,Page view: /home by u4298,E103,Page view: {page} by {user}
6397,2026-01-10,13:49:19,INFO,WebServer,Health check passed: WebServer,E102,Health check passed: {service}
6398,2026-01-10,13:36:51,INFO,WebServer,User u4658 login successful,E101,User {user} login successful
6399,2026-01-10,13:25:56,INFO,WebServer,Page view: /home by u1640,E103,Page view: {page} by {user}
6400,2026-01-10,13:28:25,INFO,AuthService,User u2241 login successful,E101,User {user} login successful
6401,2026-01-10,13:30:33,INFO,WebServer,Page view: /home by u2316,E103,Page view: {page} by {user}
6402,2026-01-10,13:48:05,INFO,WebServer,Health check passed: WebServer,E102,Health check passed: {service}
6403,2026-01-10,13:45:18,INFO,WebServer,Transaction tx627907 completed in 316ms,E104,Transaction {tx} completed in {time}ms
6404,2026-01-10,13:26:22,INFO,PaymentGateway,Health check passed: PaymentGateway,E102,Health check passed: {service}
6405,2026-01-10,13:18:47,INFO,OrderProcessor,Health check passed: OrderProcessor,E102,Health check passed: {service}
6406,2026-01-10,13:30:18,INFO,OrderProcessor,Transaction tx451246 completed in 800ms,E104,Transaction {tx} completed in {time}ms
6407,2026-01-10,13:38:11,INFO,AuthService,Health check passed: AuthService,E102,Health check passed: {service}
6408,2026-01-10,13:48:15,INFO,AuthService,Health check passed: AuthService,E102,Health check passed: {service}
6409,2026-01-10,13:53:07,INFO,WebServer,Health check passed: WebServer,E102,Health check passed: {service}
6410,2026-01-10,13:58:19,WARN,InventoryDB,High latency (1708ms) detected on InventoryDB,E201,High latency ({time}ms) detected on {service}
6411,2026-01-10,13:10:59,INFO,AuthService,User u4873 login successful,E101,User {user} login successful
6412,2026-01-10,13:30:41,INFO,WebServer,Transaction tx705637 completed in 1813ms,E104,Transaction {tx} completed in {time}ms
6413,2026-01-10,13:03:26,INFO,WebServer,Transaction tx412000 completed in 961ms,E104,Transaction {tx} completed in {time}ms
6414,2026-01-10,13:14:53,INFO,InventoryDB,User u4526 login successful,E101,User {user} login successful
6415,2026-01-10,13:36:50,INFO,PaymentGateway,User u4595 login successful,E101,User {user} login successful
6416,2026-01-10,13:10:42,INFO,AuthService,Transaction tx902431 completed in 1359ms,E104,Transaction {tx} completed in {time}ms
6417,2026-01-10,13:01:48,INFO,OrderProcessor,Transaction tx968472 completed in 1500ms,E104,Transaction {tx} completed in {time}ms
6418,2026-01-10,13:58:01,INFO,WebServer,Transaction tx594524 completed in 977ms,E104,Transaction {tx} completed in {time}ms
6419,2026-01-10,13:39:47,INFO,WebServer,Page view: /home by u3054,E103,Page view: {page} by {user}
6420,2026-01-10,13:10:57,INFO,AuthService,Transaction tx975369 completed in 242ms,E104,Transaction {tx} completed in {time}ms
6421,2026-01-10,13:09:25,INFO,AuthService,User u2812 login successful,E101,User {user} login successful
6422,2026-01-10,13:42:42,INFO,OrderProcessor,Page view: /home by u3931,E103,Page view: {page} by {user}
6423,2026-01-10,13:19:30,INFO,AuthService,Transaction tx422585 completed in 23ms,E104,Transaction {tx} completed in {time}ms
6424,2026-01-10,13:14:31,INFO,InventoryDB,User u2279 login successful,E101,User {user} login successful
6425,2026-01-10,13:53:55,INFO,PaymentGateway,Health check passed: PaymentGateway,E102,Health check passed: {service}
6426,2026-01-10,13:58:36,INFO,AuthService,Health check passed: AuthService,E102,Health check passed: {service}
6427,2026-01-10,13:32:01,INFO,PaymentGateway,Health check passed: PaymentGateway,E102,Health check passed: {service}
6428,2026-01-10,13:46:02,INFO,PaymentGateway,Transaction tx923255 completed in 188ms,E104,Transaction {tx} completed in {time}ms
6429,2026-01-10,13:02:26,INFO,WebServer,Page view: /home by u2583,E103,Page view: {page} by {user}
6430,2026-01-10,13:54:26,CRITICAL,OrderProcessor,DATA CORRUPTION detected in sector 137,E602,DATA CORRUPTION detected in sector {sector}
6431,2026-01-10,13:01:06,INFO,OrderProcessor,Transaction tx903172 completed in 173ms,E104,Transaction {tx} completed in {time}ms
6432,2026-01-10,13:35:39,INFO,WebServer,User u3494 login successful,E101,User {user} login successful
6433,2026-01-10,13:21:39,INFO,PaymentGateway,Page view: /home by u3922,E103,Page view: {page} by {user}
6434,2026-01-10,13:14:07,INFO,PaymentGateway,Health check passed: PaymentGateway,E102,Health check passed: {service}
6435,2026-01-10,13:15:46,INFO,InventoryDB,Transaction tx362259 completed in 116ms,E104,Transaction {tx} completed in {time}ms
6436,2026-01-10,13:38:26,INFO,InventoryDB,Health check passed: InventoryDB,E102,Health check passed: {service}
6437,2026-01-10,13:58:52,INFO,WebServer,User u2362 login successful,E101,User {user} login successful
6438,2026-01-10,13:25:24,INFO,OrderProcessor,User u3123 login successful,E101,User {user} login successful
6439,2026-01-10,13:35:54,INFO,AuthService,Page view: /home by u1000,E103,Page view: {page} by {user}
6440,2026-01-10,13:58:04,INFO,WebServer,Transaction tx869198 completed in 36ms,E104,Transaction {tx} completed in {time}ms
6441,2026-01-10,13:44:40,INFO,PaymentGateway,Page view: /home by u2865,E103,Page view: {page} by {user}
6442,2026-01-10,13:47:25,INFO,OrderProcessor,Transaction tx492943 completed in 702ms,E104,Transaction {tx} completed in {time}ms
6443,2026-01-10,13:36:13,INFO,WebServer,Transaction tx775404 completed in 1272ms,E104,Transaction {tx} completed in {time}ms
6444,2026-01-10,13:44:40,INFO,PaymentGateway,Transaction tx971089 completed in 673ms,E104,Transaction {tx} completed in {time}ms
6445,2026-01-10,13:21:14,INFO,PaymentGateway,Health check passed: PaymentGateway,E102,Health check passed: {service}
6446,2026-01-10,13:30:30,INFO,WebServer,Transaction tx204220 completed in 285ms,E104,Transaction {tx} completed in {time}ms
6447,2026-01-10,13:44:59,INFO,PaymentGateway,Transaction tx876628 completed in 1659ms,E104,Transaction {tx} completed in {time}ms
6448,2026-01-10,13:39:08,INFO,PaymentGateway,Transaction tx171807 completed in 1006ms,E104,Transaction {tx} completed in {time}ms
6449,2026-01-10,13:40:57,INFO,WebServer,User u1128 login successful,E101,User {user} login successful
6450,2026-01-10,13:25:21,INFO,WebServer,Transaction tx816797 completed in 531ms,E104,Transaction {tx} completed in {time}ms
6451,2026-01-10,13:56:02,INFO,OrderProcessor,Health check passed: OrderProcessor,E102,Health check passed: {service}
6452,2026-01-10,13:17:55,ERROR,OrderProcessor,Timeout waiting for lock on InventoryDB,E502,Timeout waiting for lock on {db}
6453,2026-01-10,13:53:08,INFO,AuthService,Transaction tx770573 completed in 1741ms,E104,Transaction {tx} completed in {time}ms
6454,2026-01-10,13:49:45,INFO,WebServer,User u1007 login successful,E101,User {user} login successful
6455,2026-01-10,13:08:05,INFO,AuthService,User u1633 login successful,E101,User {user} login successful
6456,2026-01-10,13:31:18,INFO,AuthService,Transaction tx537848 completed in 1676ms,E104,Transaction {tx} completed in {time}ms
6457,2026-01-10,13:03:05,INFO,AuthService,User u4863 login successful,E101,User {user} login successful
6458,2026-01-10,13:21:00,WARN,WebServer,Unauthorized access attempt from 10.0.0.45,E401,Unauthorized access attempt from {ip}
6459,2026-01-10,13:11:45,INFO,WebServer,Transaction tx129142 completed in 407ms,E104,Transaction {tx} completed in {time}ms
6460,2026-01-10,13:09:39,INFO,AuthService,Page view: /home by u1040,E103,Page view: {page} by {user}
6461,2026-01-10,13:14:45,INFO,WebServer,Transaction tx650084 completed in 1742ms,E104,Transaction {tx} completed in {time}ms
6462,2026-01-10,13:20:07,INFO,AuthService,User u3468 login successful,E101,User {user} login successful
6463,2026-01-10,13:39:51,INFO,OrderProcessor,User u1914 login successful,E101,User {user} login successful
6464,2026-01-10,13:26:18,INFO,WebServer,User u3815 login successful,E101,User {user} login successful
6465,2026-01-10,13:16:46,INFO,AuthService,Transaction tx211869 completed in 734ms,E104,Transaction {tx} completed in {time}ms
6466,2026-01-10,13:22:56,WARN,WebServer,Disk usage > 85% on node node-1,E202,Disk usage > 85% on node {node}
6467,2026-01-10,13:06:03,INFO,WebServer,User u3636 login successful,E101,User {user} login successful
6468,2026-01-10,13:32:50,ERROR,OrderProcessor,Payment declined: Gateway unavailable,E503,Payment declined: Gateway unavailable
6469,2026-01-10,13:57:43,INFO,WebServer,Health check passed: WebServer,E102,Health check passed: {service}
6470,2026-01-10,13:08:00,INFO,OrderProcessor,User u1713 login successful,E101,User {user} login successful
6471,2026-01-10,13:35:37,INFO,PaymentGateway,Health check passed: PaymentGateway,E102,Health check passed: {service}
6472,2026-01-10,13:20:56,INFO,InventoryDB,Transaction tx659308 completed in 717ms,E104,Transaction {tx} completed in {time}ms
6473,2026-01-10,13:37:41,ERROR,WebServer,Payment declined: Gateway unavailable,E503,Payment declined: Gateway unavailable
6474,2026-01-10,13:27:09,INFO,WebServer,Health check passed: WebServer,E102,Health check passed: {service}
6475,2026-01-10,13:02:16,INFO,OrderProcessor,Health check passed: OrderProcessor,E102,Health check passed: {service}
6476,2026-01-10,13:53:05,INFO,WebServer,Health check passed: WebServer,E102,Health check passed: {service}
6477,2026-01-10,13:43:18,INFO,AuthService,Transaction tx890029 completed in 730ms,E104,Transaction {tx} completed in {time}ms
6478,2026-01-10,13:15:37,INFO,OrderProcessor,Page view: /home by u2524,E103,Page view: {page} by {user}
6479,2026-01-10,13:37:43,INFO,WebServer,Page view: /home by u4882,E103,Page view: {page} by {user}
6480,2026-01-10,13:45:17,INFO,WebServer,Health check passed: WebServer,E102,Health check passed: {service}
6481,2026-01-10,13:54:31,INFO,WebServer,Transaction tx487674 completed in 408ms,E104,Transaction {tx} completed in {time}ms
6482,2026-01-10,13:47:44,INFO,PaymentGateway,User u4467 login successful,E101,User {user} login successful
6483,2026-01-10,13:36:02,WARN,WebServer,Unauthorized access attempt from 10.0.0.45,E401,Unauthorized access attempt from {ip}
6484,2026-01-10,13:09:41,INFO,WebServer,Page view: /home by u4931,E103,Page view: {page} by {user}
6485,2026-01-10,13:03:22,INFO,WebServer,Transaction tx712281 completed in 733ms,E104,Transaction {tx} completed in {time}ms
6486,2026-01-10,13:27:22,INFO,AuthService,Health check passed: AuthService,E102,Health check passed: {service}
6487,2026-01-10,13:48:26,INFO,AuthService,Page view: /home by u1365,E103,Page view: {page} by {user}
6488,2026-01-10,13:49:23,INFO,WebServer,Transaction tx705938 completed in 1358ms,E104,Transaction {tx} completed in {time}ms
6489,2026-01-10,13:58:37,WARN,OrderProcessor,Disk usage > 85% on node node-4,E202,Disk usage > 85% on node {node}
6490,2026-01-10,13:37:38,INFO,AuthService,Transaction tx631674 completed in 265ms,E104,Transaction {tx} completed in {time}ms
6491,2026-01-10,13:04:50,INFO,WebServer,User u3358 login successful,E101,User {user} login successful
6492,2026-01-10,13:16:02,ERROR,WebServer,Timeout waiting for lock on InventoryDB,E502,Timeout waiting for lock on {db}
6493,2026-01-10,13:13:15,INFO,WebServer,Page view: /home by u1030,E103,Page view: {page} by {user}
6494,2026-01-10,13:58:51,INFO,AuthService,Transaction tx796768 completed in 886ms,E104,Transaction {tx} completed in {time}ms
6495,2026-01-10,13:57:14,INFO,WebServer,Page view: /home by u2226,E103,Page view: {page} by {user}
6496,2026-01-10,13:14:04,INFO,OrderProcessor,Transaction tx648995 completed in 1840ms,E104,Transaction {tx} completed in {time}ms
6497,2026-01-10,13:41:12,INFO,WebServer,Health check passed: WebServer,E102,Health check passed: {service}
6498,2026-01-10,13:10:41,INFO,WebServer,Health check passed: WebServer,E102,Health check passed: {service}
6499,2026-01-10,13:53:09,INFO,WebServer,User u2813 login successful,E101,User {user} login successful
6500,2026-01-10,13:27:11,INFO,InventoryDB,Transaction tx568616 completed in 1497ms,E104,Transaction {tx} completed in {time}ms
6501,2026-01-10,13:54:03,INFO,PaymentGateway,Page view: /home by u1020,E103,Page view: {page} by {user}
6502,2026-01-10,13:54:41,INFO,AuthService,Transaction tx546213 completed in 1486ms,E104,Transaction {tx} completed in {time}ms
6503,2026-01-10,13:10:05,INFO,AuthService,Transaction tx636481 completed in 664ms,E104,Transaction {tx} completed in {time}ms
6504,2026-01-10,13:50:28,INFO,OrderProcessor,Transaction tx445213 completed in 1610ms,E104,Transaction {tx} completed in {time}ms
6505,2026-01-10,13:08:15,INFO,OrderProcessor,Page view: /home by u1532,E103,Page view: {page} by {user}
6506,2026-01-10,13:55:39,WARN,AuthService,Disk usage > 85% on node node-3,E202,Disk usage > 85% on node {node}
6507,2026-01-10,13:37:24,INFO,OrderProcessor,Health check passed: OrderProcessor,E102,Health check passed: {service}
6508,2026-01-10,13:53:04,INFO,InventoryDB,Page view: /home by u4808,E103,Page view: {page} by {user}
6509,2026-01-10,13:12:37,INFO,AuthService,Page view: /home by u3151,E103,Page view: {page} by {user}
6510,2026-01-10,13:33:24,INFO,WebServer,Page view: /home by u1406,E103,Page view: {page} by {user}
6511,2026-01-10,13:13:50,INFO,InventoryDB,Page view: /home by u3590,E103,Page view: {page} by {user}
6512,2026-01-10,13:11:33,WARN,WebServer,Unauthorized access attempt from 10.0.0.45,E401,Unauthorized access attempt from {ip}
6513,2026-01-10,13:41:32,INFO,WebServer,Transaction tx259823 completed in 780ms,E104,Transaction {tx} completed in {time}ms
6514,2026-01-10,13:43:18,INFO,PaymentGateway,Health check passed: PaymentGateway,E102,Health check passed: {service}
6515,2026-01-10,13:03:35,INFO,WebServer,User u3068 login successful,E101,User {user} login successful
6516,2026-01-10,13:58:50,INFO,WebServer,Transaction tx319536 completed in 611ms,E104,Transaction {tx} completed in {time}ms
6517,2026-01-10,13:40:31,INFO,WebServer,Health check passed: WebServer,E102,Health check passed: {service}
6518,2026-01-10,13:48:17,INFO,WebServer,Transaction tx261554 completed in 1668ms,E104,Transaction {tx} completed in {time}ms
6519,2026-01-10,13:52:30,INFO,WebServer,User u1633 login successful,E101,User {user} login successful
6520,2026-01-10,13:34:47,INFO,OrderProcessor,Health check passed: OrderProcessor,E102,Health check passed: {service}
6521,2026-01-10,13:31:32,INFO,WebServer,Transaction tx595152 completed in 661ms,E104,Transaction {tx} completed in {time}ms
6522,2026-01-10,13:46:34,INFO,OrderProcessor,Transaction tx242435 completed in 886ms,E104,Transaction {tx} completed in {time}ms
6523,2026-01-10,13:53:15,INFO,AuthService,Transaction tx500083 completed in 1205ms,E104,Transaction {tx} completed in {time}ms
6524,2026-01-10,13:14:32,INFO,WebServer,Health check passed: WebServer,E102,Health check passed: {service}
6525,2026-01-10,13:04:57,INFO,OrderProcessor,Health check passed: OrderProcessor,E102,Health check passed: {service}
6526,2026-01-10,13:35:12,INFO,OrderProcessor,User u4792 login successful,E101,User {user} login successful
6527,2026-01-10,13:48:09,INFO,OrderProcessor,Page view: /home by u1124,E103,Page view: {page} by {user}
6528,2026-01-10,13:05:45,INFO,WebServer,Page view: /home by u3167,E103,Page view: {page} by {user}
6529,2026-01-10,13:27:20,INFO,WebServer,User u4518 login successful,E101,User {user} login successful
6530,2026-01-10,13:13:30,WARN,WebServer,High latency (1760ms) detected on WebServer,E201,High latency ({time}ms) detected on {service}
6531,2026-01-10,13:56:30,INFO,WebServer,Page view: /home by u3415,E103,Page view: {page} by {user}
6532,2026-01-10,13:34:22,INFO,OrderProcessor,User u3155 login successful,E101,User {user} login successful
6533,2026-01-10,13:52:32,WARN,WebServer,Disk usage > 85% on node node-5,E202,Disk usage > 85% on node {node}
6534,2026-01-10,13:31:01,INFO,WebServer,Transaction tx902253 completed in 973ms,E104,Transaction {tx} completed in {time}ms
6535,2026-01-10,13:25:23,INFO,OrderProcessor,Transaction tx261304 completed in 250ms,E104,Transaction {tx} completed in {time}ms
6536,2026-01-10,13:58:35,WARN,WebServer,Unauthorized access attempt from 10.0.0.99,E401,Unauthorized access attempt from {ip}
6537,2026-01-10,13:56:39,INFO,WebServer,User u1256 login successful,E101,User {user} login successful
6538,2026-01-10,13:15:38,INFO,AuthService,Health check passed: AuthService,E102,Health check passed: {service}
6539,2026-01-10,13:28:40,WARN,AuthService,High latency (742ms) detected on AuthService,E201,High latency ({time}ms) detected on {service}
6540,2026-01-10,13:09:38,WARN,WebServer,Unauthorized access attempt from 10.0.0.45,E401,Unauthorized access attempt from {ip}
6541,2026-01-10,13:41:52,INFO,WebServer,Health check passed: WebServer,E102,Health check passed: {service}
6542,2026-01-10,13:58:20,INFO,WebServer,User u2717 login successful,E101,User {user} login successful
6543,2026-01-10,13:43:25,INFO,WebServer,Transaction tx380681 completed in 1344ms,E104,Transaction {tx} completed in {time}ms
6544,2026-01-10,13:18:16,INFO,PaymentGateway,Page view: /home by u4468,E103,Page view: {page} by {user}
6545,2026-01-10,13:45:11,INFO,WebServer,Transaction tx669667 completed in 31ms,E104,Transaction {tx} completed in {time}ms
6546,2026-01-10,13:25:09,CRITICAL,AuthService,KERNEL PANIC: Node node-1 crashed,E601,KERNEL PANIC: Node {node} crashed
6547,2026-01-10,13:40:31,INFO,AuthService,Transaction tx409507 completed in 1285ms,E104,Transaction {tx} completed in {time}ms
6548,2026-01-10,13:23:12,INFO,PaymentGateway,User u2641 login successful,E101,User {user} login successful
6549,2026-01-10,13:24:22,INFO,PaymentGateway,Transaction tx175847 completed in 1635ms,E104,Transaction {tx} completed in {time}ms
6550,2026-01-10,13:19:02,INFO,WebServer,Page view: /home by u3735,E103,Page view: {page} by {user}
6551,2026-01-10,13:25:03,INFO,PaymentGateway,Health check passed: PaymentGateway,E102,Health check passed: {service}
6552,2026-01-10,13:42:07,INFO,OrderProcessor,Transaction tx590851 completed in 1136ms,E104,Transaction {tx} completed in {time}ms
6553,2026-01-10,13:42:49,INFO,WebServer,Page view: /home by u3219,E103,Page view: {page} by {user}
6554,2026-01-10,13:01:03,INFO,OrderProcessor,Health check passed: OrderProcessor,E102,Health check passed: {service}
6555,2026-01-10,13:18:18,INFO,WebServer,Page view: /home by u1575,E103,Page view: {page} by {user}
6556,2026-01-10,13:47:16,INFO,WebServer,Transaction tx646744 completed in 1108ms,E104,Transaction {tx} completed in {time}ms
6557,2026-01-10,13:36:53,INFO,OrderProcessor,User u1017 login successful,E101,User {user} login successful
6558,2026-01-10,13:07:26,INFO,AuthService,Health check passed: AuthService,E102,Health check passed: {service}
6559,2026-01-10,13:01:51,INFO,OrderProcessor,User u3582 login successful,E101,User {user} login successful
6560,2026-01-10,13:58:08,INFO,OrderProcessor,Health check passed: OrderProcessor,E102,Health check passed: {service}
6561,2026-01-10,13:43:12,INFO,OrderProcessor,Page view: /home by u2417,E103,Page view: {page} by {user}
6562,2026-01-10,13:58:16,INFO,OrderProcessor,Transaction tx603613 completed in 1394ms,E104,Transaction {tx} completed in {time}ms
6563,2026-01-10,13:31:38,WARN,WebServer,Unauthorized access attempt from 10.0.0.45,E401,Unauthorized access attempt from {ip}
6564,2026-01-10,13:16:20,INFO,WebServer,User u3487 login successful,E101,User {user} login successful
6565,2026-01-10,13:19:56,INFO,InventoryDB,User u2592 login successful,E101,User {user} login successful
6566,2026-01-10,13:55:24,INFO,AuthService,Page view: /home by u1461,E103,Page view: {page} by {user}
6567,2026-01-10,13:18:56,WARN,OrderProcessor,Unauthorized access attempt from 10.0.0.12,E401,Unauthorized access attempt from {ip}
6568,2026-01-10,13:57:16,INFO,OrderProcessor,Page view: /home by u4730,E103,Page view: {page} by {user}
6569,2026-01-10,13:15:21,INFO,AuthService,User u4584 login successful,E101,User {user} login successful
6570,2026-01-10,13:14:11,INFO,InventoryDB,Page view: /home by u1122,E103,Page view: {page} by {user}
6571,2026-01-10,13:00:00,INFO,PaymentGateway,Transaction tx575340 completed in 83ms,E104,Transaction {tx} completed in {time}ms
6572,2026-01-10,13:56:59,INFO,WebServer,Transaction tx669245 completed in 1387ms,E104,Transaction {tx} completed in {time}ms
6573,2026-01-10,13:26:10,INFO,WebServer,Transaction tx239527 completed in 1323ms,E104,Transaction {tx} completed in {time}ms
6574,2026-01-10,13:19:26,INFO,WebServer,User u1259 login successful,E101,User {user} login successful
6575,2026-01-10,13:50:37,INFO,InventoryDB,Health check passed: InventoryDB,E102,Health check passed: {service}
6576,2026-01-10,13:36:10,INFO,PaymentGateway,User u2264 login successful,E101,User {user} login successful
6577,2026-01-10,13:33:18,INFO,AuthService,Health check passed: AuthService,E102,Health check passed: {service}
6578,2026-01-10,13:01:56,INFO,OrderProcessor,Transaction tx268168 completed in 1599ms,E104,Transaction {tx} completed in {time}ms
6579,2026-01-10,13:52:28,INFO,WebServer,Transaction tx837307 completed in 531ms,E104,Transaction {tx} completed in {time}ms
6580,2026-01-10,13:06:54,INFO,WebServer,User u1103 login successful,E101,User {user} login successful
6581,2026-01-10,13:10:40,INFO,WebServer,Health check passed: WebServer,E102,Health check passed: {service}
6582,2026-01-10,13:09:39,INFO,OrderProcessor,Health check passed: OrderProcessor,E102,Health check passed: {service}
6583,2026-01-10,13:47:35,INFO,OrderProcessor,Transaction tx464125 completed in 714ms,E104,Transaction {tx} completed in {time}ms
6584,2026-01-10,13:02:05,INFO,WebServer,Transaction tx473260 completed in 1367ms,E104,Transaction {tx} completed in {time}ms
6585,2026-01-10,13:39:51,INFO,InventoryDB,User u1518 login successful,E101,User {user} login successful
6586,2026-01-10,13:02:36,INFO,WebServer,Health check passed: WebServer,E102,Health check passed: {service}
6587,2026-01-10,13:54:15,INFO,WebServer,Page view: /home by u1102,E103,Page view: {page} by {user}
6588,2026-01-10,13:17:08,INFO,WebServer,User u1357 login successful,E101,User {user} login successful
6589,2026-01-10,13:55:47,INFO,WebServer,Health check passed: WebServer,E102,Health check passed: {service}
6590,2026-01-10,13:06:24,INFO,PaymentGateway,Health check passed: PaymentGateway,E102,Health check passed: {service}
6591,2026-01-10,13:18:37,INFO,OrderProcessor,User u2944 login successful,E101,User {user} login successful
6592,2026-01-10,13:38:59,INFO,WebServer,Health check passed: WebServer,E102,Health check passed: {service}
6593,2026-01-10,13:58:38,INFO,WebServer,Page view: /home by u4100,E103,Page view: {page} by {user}
6594,2026-01-10,13:21:53,ERROR,AuthService,Timeout waiting for lock on InventoryDB,E502,Timeout waiting for lock on {db}
6595,2026-01-10,13:48:56,INFO,AuthService,Transaction tx755912 completed in 1017ms,E104,Transaction {tx} completed in {time}ms
6596,2026-01-10,13:11:57,INFO,AuthService,User u2828 login successful,E101,User {user} login successful
6597,2026-01-10,13:22:36,INFO,WebServer,Page view: /home by u1582,E103,Page view: {page} by {user}
6598,2026-01-10,13:22:47,INFO,AuthService,User u4492 login successful,E101,User {user} login successful
6599,2026-01-10,13:24:47,INFO,OrderProcessor,User u2672 login successful,E101,User {user} login successful
6600,2026-01-10,13:22:02,INFO,WebServer,Health check passed: WebServer,E102,Health check passed: {service}
6601,2026-01-10,13:47:29,INFO,WebServer,User u4386 login successful,E101,User {user} login successful
6602,2026-01-10,13:43:38,INFO,PaymentGateway,User u3122 login successful,E101,User {user} login successful
6603,2026-01-10,13:14:58,INFO,WebServer,Page view: /home by u1328,E103,Page view: {page} by {user}
6604,2026-01-10,13:20:09,ERROR,WebServer,Connection refused to WebServer at 10.0.0.10,E501,Connection refused to {service} at {ip}
6605,2026-01-10,13:44:16,INFO,WebServer,User u2024 login successful,E101,User {user} login successful
6606,2026-01-10,13:11:50,INFO,OrderProcessor,Page view: /home by u1834,E103,Page view: {page} by {user}
6607,2026-01-10,13:54:51,INFO,AuthService,Page view: /home by u2778,E103,Page view: {page} by {user}
6608,2026-01-10,13:26:53,INFO,WebServer,Transaction tx263749 completed in 443ms,E104,Transaction {tx} completed in {time}ms
6609,2026-01-10,13:09:13,INFO,OrderProcessor,Page view: /home by u1974,E103,Page view: {page} by {user}
6610,2026-01-10,13:55:28,INFO,OrderProcessor,Health check passed: OrderProcessor,E102,Health check passed: {service}
6611,2026-01-10,13:28:24,WARN,WebServer,Disk usage > 85% on node node-3,E202,Disk usage > 85% on node {node}
6612,2026-01-10,13:21:47,INFO,OrderProcessor,Transaction tx783065 completed in 1400ms,E104,Transaction {tx} completed in {time}ms
6613,2026-01-10,13:27:57,INFO,OrderProcessor,User u3025 login successful,E101,User {user} login successful
6614,2026-01-10,13:37:40,INFO,WebServer,Transaction tx925201 completed in 1813ms,E104,Transaction {tx} completed in {time}ms
6615,2026-01-10,13:52:06,INFO,WebServer,Health check passed: WebServer,E102,Health check passed: {service}
6616,2026-01-10,13:41:03,INFO,WebServer,Health check passed: WebServer,E102,Health check passed: {service}
6617,2026-01-10,13:35:58,INFO,AuthService,Page view: /home by u4629,E103,Page view: {page} by {user}
6618,2026-01-10,13:37:22,INFO,AuthService,Health check passed: AuthService,E102,Health check passed: {service}
6619,2026-01-10,13:49:11,INFO,WebServer,User u1117 login successful,E101,User {user} login successful
6620,2026-01-10,13:03:47,INFO,AuthService,Health check passed: AuthService,E102,Health check passed: {service}
6621,2026-01-10,13:47:19,INFO,WebServer,User u2173 login successful,E101,User {user} login successful
6622,2026-01-10,13:40:14,INFO,OrderProcessor,Page view: /home by u2611,E103,Page view: {page} by {user}
6623,2026-01-10,13:20:18,INFO,WebServer,User u3083 login successful,E101,User {user} login successful
6624,2026-01-10,13:14:49,INFO,PaymentGateway,Page view: /home by u2316,E103,Page view: {page} by {user}
6625,2026-01-10,13:44:28,WARN,WebServer,Disk usage > 85% on node node-2,E202,Disk usage > 85% on node {node}
6626,2026-01-10,13:18:43,INFO,WebServer,Health check passed: WebServer,E102,Health check passed: {service}
6627,2026-01-10,13:21:04,INFO,PaymentGateway,User u3747 login successful,E101,User {user} login successful
6628,2026-01-10,13:04:29,INFO,WebServer,Health check passed: WebServer,E102,Health check passed: {service}
6629,2026-01-10,13:18:49,INFO,WebServer,Transaction tx765208 completed in 1989ms,E104,Transaction {tx} completed in {time}ms
6630,2026-01-10,13:34:46,INFO,WebServer,User u1367 login successful,E101,User {user} login successful
6631,2026-01-10,13:22:02,INFO,OrderProcessor,User u3851 login successful,E101,User {user} login successful
6632,2026-01-10,13:35:57,INFO,AuthService,Health check passed: AuthService,E102,Health check passed: {service}
6633,2026-01-10,13:27:49,INFO,InventoryDB,Page view: /home by u4587,E103,Page view: {page} by {user}
6634,2026-01-10,13:02:24,INFO,WebServer,Page view: /home by u2696,E103,Page view: {page} by {user}
6635,2026-01-10,13:20:10,INFO,PaymentGateway,Health check passed: PaymentGateway,E102,Health check passed: {service}
6636,2026-01-10,13:27:00,INFO,OrderProcessor,Page view: /home by u4175,E103,Page view: {page} by {user}
6637,2026-01-10,13:29:31,INFO,AuthService,Page view: /home by u4893,E103,Page view: {page} by {user}
6638,2026-01-10,13:44:48,INFO,AuthService,Health check passed: AuthService,E102,Health check passed: {service}
6639,2026-01-10,13:47:45,INFO,OrderProcessor,Page view: /home by u3939,E103,Page view: {page} by {user}
6640,2026-01-10,13:45:41,INFO,WebServer,Health check passed: WebServer,E102,Health check passed: {service}
6641,2026-01-10,13:35:02,INFO,OrderProcessor,Health check passed: OrderProcessor,E102,Health check passed: {service}
6642,2026-01-10,13:50:35,INFO,AuthService,Transaction tx572747 completed in 1182ms,E104,Transaction {tx} completed in {time}ms
6643,2026-01-10,13:51:46,INFO,WebServer,Transaction tx897707 completed in 1582ms,E104,Transaction {tx} completed in {time}ms
6644,2026-01-10,13:55:24,INFO,WebServer,Page view: /home by u2856,E103,Page view: {page} by {user}
6645,2026-01-10,13:55:19,INFO,WebServer,Transaction tx546765 completed in 30ms,E104,Transaction {tx} completed in {time}ms
6646,2026-01-10,13:12:50,INFO,WebServer,Page view: /home by u2332,E103,Page view: {page} by {user}
6647,2026-01-10,13:53:53,INFO,WebServer,Transaction tx855249 completed in 178ms,E104,Transaction {tx} completed in {time}ms
6648,2026-01-10,13:36:46,INFO,WebServer,Page view: /home by u1505,E103,Page view: {page} by {user}
6649,2026-01-10,13:18:41,INFO,AuthService,Page view: /home by u2851,E103,Page view: {page} by {user}
6650,2026-01-10,13:57:21,INFO,InventoryDB,Page view: /home by u2704,E103,Page view: {page} by {user}
6651,2026-01-10,13:33:41,INFO,OrderProcessor,Page view: /home by u2585,E103,Page view: {page} by {user}
6652,2026-01-10,13:52:17,CRITICAL,WebServer,KERNEL PANIC: Node node-1 crashed,E601,KERNEL PANIC: Node {node} crashed
6653,2026-01-10,13:18:30,INFO,WebServer,Health check passed: WebServer,E102,Health check passed: {service}
6654,2026-01-10,13:08:36,INFO,AuthService,User u2777 login successful,E101,User {user} login successful
6655,2026-01-10,13:45:32,INFO,WebServer,Page view: /home by u3628,E103,Page view: {page} by {user}
6656,2026-01-10,13:34:51,INFO,WebServer,Transaction tx270098 completed in 1759ms,E104,Transaction {tx} completed in {time}ms
6657,2026-01-10,13:14:29,INFO,WebServer,Transaction tx988203 completed in 1435ms,E104,Transaction {tx} completed in {time}ms
6658,2026-01-10,13:49:52,ERROR,AuthService,Timeout waiting for lock on InventoryDB,E502,Timeout waiting for lock on {db}
6659,2026-01-10,13:21:18,INFO,WebServer,User u3612 login successful,E101,User {user} login successful
6660,2026-01-10,13:22:41,INFO,WebServer,Health check passed: WebServer,E102,Health check passed: {service}
6661,2026-01-10,13:21:01,INFO,AuthService,Health check passed: AuthService,E102,Health check passed: {service}
6662,2026-01-10,13:09:12,INFO,OrderProcessor,Health check passed: OrderProcessor,E102,Health check passed: {service}
6663,2026-01-10,13:58:14,INFO,WebServer,User u3542 login successful,E101,User {user} login successful
6664,2026-01-10,13:37:30,INFO,PaymentGateway,Transaction tx263785 completed in 624ms,E104,Transaction {tx} completed in {time}ms
6665,2026-01-10,13:35:41,ERROR,PaymentGateway,Connection refused to PaymentGateway at 10.0.0.45,E501,Connection refused to {service} at {ip}
6666,2026-01-10,13:53:24,INFO,AuthService,Transaction tx253012 completed in 1336ms,E104,Transaction {tx} completed in {time}ms
6667,2026-01-10,13:21:11,INFO,AuthService,Health check passed: AuthService,E102,Health check passed: {service}
6668,2026-01-10,13:28:16,WARN,WebServer,Disk usage > 85% on node node-1,E202,Disk usage > 85% on node {node}
6669,2026-01-10,13:19:04,INFO,WebServer,User u2257 login successful,E101,User {user} login successful
6670,2026-01-10,13:14:35,INFO,WebServer,Page view: /home by u3398,E103,Page view: {page} by {user}
6671,2026-01-10,13:30:24,INFO,OrderProcessor,Transaction tx672431 completed in 1471ms,E104,Transaction {tx} completed in {time}ms
6672,2026-01-10,13:22:07,INFO,OrderProcessor,Health check passed: OrderProcessor,E102,Health check passed: {service}
6673,2026-01-10,13:22:28,INFO,OrderProcessor,Transaction tx995713 completed in 449ms,E104,Transaction {tx} completed in {time}ms
6674,2026-01-10,13:14:35,INFO,WebServer,Transaction tx318333 completed in 1977ms,E104,Transaction {tx} completed in {time}ms
6675,2026-01-10,13:33:13,INFO,OrderProcessor,Health check passed: OrderProcessor,E102,Health check passed: {service}
6676,2026-01-10,13:23:24,INFO,WebServer,Transaction tx593028 completed in 309ms,E104,Transaction {tx} completed in {time}ms
6677,2026-01-10,13:56:24,INFO,WebServer,User u2804 login successful,E101,User {user} login successful
6678,2026-01-10,13:01:06,INFO,WebServer,Health check passed: WebServer,E102,Health check passed: {service}
6679,2026-01-10,13:36:47,INFO,WebServer,User u2666 login successful,E101,User {user} login successful
6680,2026-01-10,13:46:57,INFO,WebServer,Transaction tx579067 completed in 1063ms,E104,Transaction {tx} completed in {time}ms
6681,2026-01-10,13:25:23,INFO,WebServer,Transaction tx295130 completed in 68ms,E104,Transaction {tx} completed in {time}ms
6682,2026-01-10,13:49:20,INFO,WebServer,Health check passed: WebServer,E102,Health check passed: {service}
6683,2026-01-10,13:37:13,WARN,PaymentGateway,Disk usage > 85% on node node-2,E202,Disk usage > 85% on node {node}
6684,2026-01-10,13:36:30,INFO,WebServer,User u1953 login successful,E101,User {user} login successful
6685,2026-01-10,13:15:21,INFO,WebServer,Transaction tx752588 completed in 1484ms,E104,Transaction {tx} completed in {time}ms
6686,2026-01-10,13:59:45,INFO,WebServer,User u2509 login successful,E101,User {user} login successful
6687,2026-01-10,13:59:56,INFO,PaymentGateway,Page view: /home by u1373,E103,Page view: {page} by {user}
6688,2026-01-10,13:01:07,INFO,WebServer,Page view: /home by u4129,E103,Page view: {page} by {user}
6689,2026-01-10,13:24:03,INFO,WebServer,Health check passed: WebServer,E102,Health check passed: {service}
6690,2026-01-10,13:57:09,INFO,WebServer,Page view: /home by u4109,E103,Page view: {page} by {user}
6691,2026-01-10,13:25:16,INFO,WebServer,User u2660 login successful,E101,User {user} login successful
6692,2026-01-10,13:26:55,INFO,OrderProcessor,Transaction tx338566 completed in 380ms,E104,Transaction {tx} completed in {time}ms
6693,2026-01-10,13:49:56,ERROR,WebServer,Timeout waiting for lock on InventoryDB,E502,Timeout waiting for lock on {db}
6694,2026-01-10,13:29:12,INFO,WebServer,Transaction tx142385 completed in 1730ms,E104,Transaction {tx} completed in {time}ms
6695,2026-01-10,13:13:14,INFO,WebServer,Transaction tx612624 completed in 1858ms,E104,Transaction {tx} completed in {time}ms
6696,2026-01-10,13:17:03,INFO,WebServer,User u2319 login successful,E101,User {user} login successful
6697,2026-01-10,13:54:15,INFO,PaymentGateway,Page view: /home by u2977,E103,Page view: {page} by {user}
6698,2026-01-10,13:09:55,WARN,WebServer,High latency (256ms) detected on WebServer,E201,High latency ({time}ms) detected on {service}
6699,2026-01-10,13:00:00,INFO,AuthService,Page view: /home by u3880,E103,Page view: {page} by {user}
6700,2026-01-10,13:39:46,INFO,OrderProcessor,Health check passed: OrderProcessor,E102,Health check passed: {service}
6701,2026-01-10,13:55:30,INFO,PaymentGateway,Page view: /home by u2138,E103,Page view: {page} by {user}
6702,2026-01-10,13:41:13,INFO,WebServer,User u1833 login successful,E101,User {user} login successful
6703,2026-01-10,13:14:13,INFO,AuthService,User u4822 login successful,E101,User {user} login successful
6704,2026-01-10,13:39:54,INFO,AuthService,Page view: /home by u2324,E103,Page view: {page} by {user}
6705,2026-01-10,13:42:42,INFO,WebServer,Transaction tx582048 completed in 1424ms,E104,Transaction {tx} completed in {time}ms
6706,2026-01-10,13:34:37,INFO,PaymentGateway,User u2687 login successful,E101,User {user} login successful
6707,2026-01-10,13:10:29,INFO,WebServer,Transaction tx589931 completed in 1183ms,E104,Transaction {tx} completed in {time}ms
6708,2026-01-10,13:37:13,INFO,WebServer,Health check passed: WebServer,E102,Health check passed: {service}
6709,2026-01-10,13:16:09,INFO,PaymentGateway,Page view: /home by u1149,E103,Page view: {page} by {user}
6710,2026-01-10,13:32:31,INFO,WebServer,Page view: /home by u4567,E103,Page view: {page} by {user}
6711,2026-01-10,13:35:40,INFO,AuthService,Health check passed: AuthService,E102,Health check passed: {service}
6712,2026-01-10,13:07:06,WARN,PaymentGateway,Disk usage > 85% on node node-2,E202,Disk usage > 85% on node {node}
6713,2026-01-10,13:29:08,INFO,WebServer,Page view: /home by u1764,E103,Page view: {page} by {user}
6714,2026-01-10,13:36:33,INFO,WebServer,Page view: /home by u2409,E103,Page view: {page} by {user}
6715,2026-01-10,13:53:32,INFO,WebServer,User u2026 login successful,E101,User {user} login successful
6716,2026-01-10,13:12:10,INFO,WebServer,User u3154 login successful,E101,User {user} login successful
6717,2026-01-10,13:48:27,INFO,OrderProcessor,Transaction tx448849 completed in 897ms,E104,Transaction {tx} completed in {time}ms
6718,2026-01-10,13:36:19,INFO,WebServer,Transaction tx536274 completed in 56ms,E104,Transaction {tx} completed in {time}ms
6719,2026-01-10,13:10:42,INFO,WebServer,User u4842 login successful,E101,User {user} login successful
6720,2026-01-10,13:37:27,INFO,WebServer,Transaction tx486738 completed in 762ms,E104,Transaction {tx} completed in {time}ms
6721,2026-01-10,13:03:03,INFO,InventoryDB,Page view: /home by u2743,E103,Page view: {page} by {user}
6722,2026-01-10,13:16:09,INFO,AuthService,Transaction tx215954 completed in 740ms,E104,Transaction {tx} completed in {time}ms
6723,2026-01-10,13:48:07,INFO,InventoryDB,Page view: /home by u4204,E103,Page view: {page} by {user}
6724,2026-01-10,13:44:22,INFO,WebServer,Health check passed: WebServer,E102,Health check passed: {service}
6725,2026-01-10,13:34:31,INFO,OrderProcessor,Transaction tx995844 completed in 1973ms,E104,Transaction {tx} completed in {time}ms
6726,2026-01-10,13:28:18,INFO,PaymentGateway,Transaction tx229598 completed in 1228ms,E104,Transaction {tx} completed in {time}ms
6727,2026-01-10,13:24:57,INFO,AuthService,Health check passed: AuthService,E102,Health check passed: {service}
6728,2026-01-10,13:03:18,ERROR,OrderProcessor,Connection refused to OrderProcessor at 10.0.0.99,E501,Connection refused to {service} at {ip}
6729,2026-01-10,13:22:09,WARN,WebServer,Disk usage > 85% on node node-5,E202,Disk usage > 85% on node {node}
6730,2026-01-10,13:09:58,INFO,WebServer,User u4483 login successful,E101,User {user} login successful
6731,2026-01-10,13:52:27,INFO,AuthService,Page view: /home by u3162,E103,Page view: {page} by {user}
6732,2026-01-10,13:26:55,INFO,OrderProcessor,User u1940 login successful,E101,User {user} login successful
6733,2026-01-10,13:59:42,INFO,AuthService,Health check passed: AuthService,E102,Health check passed: {service}
6734,2026-01-10,13:00:50,INFO,WebServer,Transaction tx890578 completed in 1818ms,E104,Transaction {tx} completed in {time}ms
6735,2026-01-10,13:41:23,INFO,InventoryDB,Transaction tx184300 completed in 1851ms,E104,Transaction {tx} completed in {time}ms
6736,2026-01-10,13:14:43,INFO,WebServer,Page view: /home by u4495,E103,Page view: {page} by {user}
6737,2026-01-10,13:30:51,INFO,WebServer,Transaction tx520783 completed in 277ms,E104,Transaction {tx} completed in {time}ms
6738,2026-01-10,13:29:15,INFO,WebServer,Transaction tx693681 completed in 1638ms,E104,Transaction {tx} completed in {time}ms
6739,2026-01-10,13:48:21,INFO,WebServer,User u2838 login successful,E101,User {user} login successful
6740,2026-01-10,13:33:47,INFO,WebServer,Health check passed: WebServer,E102,Health check passed: {service}
6741,2026-01-10,13:33:53,INFO,WebServer,User u1231 login successful,E101,User {user} login successful
6742,2026-01-10,13:50:25,INFO,WebServer,Page view: /home by u1357,E103,Page view: {page} by {user}
6743,2026-01-10,13:13:41,INFO,AuthService,Transaction tx828565 completed in 648ms,E104,Transaction {tx} completed in {time}ms
6744,2026-01-10,13:19:21,WARN,WebServer,Disk usage > 85% on node node-5,E202,Disk usage > 85% on node {node}
6745,2026-01-10,13:37:15,INFO,AuthService,Page view: /home by u2220,E103,Page view: {page} by {user}
6746,2026-01-10,13:24:46,INFO,WebServer,Health check passed: WebServer,E102,Health check passed: {service}
6747,2026-01-10,13:12:34,INFO,WebServer,Transaction tx549187 completed in 1112ms,E104,Transaction {tx} completed in {time}ms
6748,2026-01-10,13:04:04,INFO,AuthService,Transaction tx598607 completed in 1125ms,E104,Transaction {tx} completed in {time}ms
6749,2026-01-10,13:44:38,INFO,WebServer,User u1911 login successful,E101,User {user} login successful
6750,2026-01-10,13:20:00,INFO,WebServer,Page view: /home by u2605,E103,Page view: {page} by {user}
6751,2026-01-10,13:27:52,INFO,WebServer,Transaction tx167085 completed in 1060ms,E104,Transaction {tx} completed in {time}ms
6752,2026-01-10,13:54:29,INFO,WebServer,User u4400 login successful,E101,User {user} login successful
6753,2026-01-10,13:18:23,INFO,AuthService,Transaction tx244778 completed in 1653ms,E104,Transaction {tx} completed in {time}ms
6754,2026-01-10,13:30:07,INFO,OrderProcessor,Transaction tx185437 completed in 806ms,E104,Transaction {tx} completed in {time}ms
6755,2026-01-10,13:52:37,INFO,WebServer,Transaction tx664761 completed in 861ms,E104,Transaction {tx} completed in {time}ms
6756,2026-01-10,13:14:17,INFO,WebServer,User u4412 login successful,E101,User {user} login successful
6757,2026-01-10,13:43:22,INFO,WebServer,Page view: /home by u3632,E103,Page view: {page} by {user}
6758,2026-01-10,13:56:07,INFO,OrderProcessor,Transaction tx777078 completed in 430ms,E104,Transaction {tx} completed in {time}ms
6759,2026-01-10,13:48:07,INFO,WebServer,Page view: /home by u4411,E103,Page view: {page} by {user}
6760,2026-01-10,13:56:20,INFO,OrderProcessor,Transaction tx783603 completed in 1751ms,E104,Transaction {tx} completed in {time}ms
6761,2026-01-10,13:49:07,INFO,OrderProcessor,Page view: /home by u3317,E103,Page view: {page} by {user}
6762,2026-01-10,13:45:07,WARN,WebServer,Disk usage > 85% on node node-3,E202,Disk usage > 85% on node {node}
6763,2026-01-10,13:22:35,INFO,PaymentGateway,Page view: /home by u1936,E103,Page view: {page} by {user}
6764,2026-01-10,13:26:36,INFO,OrderProcessor,Health check passed: OrderProcessor,E102,Health check passed: {service}
6765,2026-01-10,13:14:58,WARN,AuthService,Disk usage > 85% on node node-5,E202,Disk usage > 85% on node {node}
6766,2026-01-10,13:42:20,INFO,AuthService,User u2547 login successful,E101,User {user} login successful
6767,2026-01-10,13:48:39,INFO,PaymentGateway,User u1516 login successful,E101,User {user} login successful
6768,2026-01-10,13:35:48,INFO,OrderProcessor,Page view: /home by u1578,E103,Page view: {page} by {user}
6769,2026-01-10,13:01:34,INFO,OrderProcessor,Page view: /home by u3409,E103,Page view: {page} by {user}
6770,2026-01-10,13:54:10,INFO,AuthService,Page view: /home by u2211,E103,Page view: {page} by {user}
6771,2026-01-10,13:28:23,INFO,WebServer,Page view: /home by u4627,E103,Page view: {page} by {user}
6772,2026-01-10,13:21:32,WARN,InventoryDB,High latency (1567ms) detected on InventoryDB,E201,High latency ({time}ms) detected on {service}
6773,2026-01-10,13:18:30,INFO,WebServer,Transaction tx488509 completed in 1427ms,E104,Transaction {tx} completed in {time}ms
6774,2026-01-10,13:38:12,INFO,WebServer,Transaction tx755807 completed in 133ms,E104,Transaction {tx} completed in {time}ms
6775,2026-01-10,13:29:26,WARN,WebServer,Disk usage > 85% on node node-3,E202,Disk usage > 85% on node {node}
6776,2026-01-10,13:41:26,INFO,PaymentGateway,Page view: /home by u2229,E103,Page view: {page} by {user}
6777,2026-01-10,13:45:43,INFO,AuthService,Health check passed: AuthService,E102,Health check passed: {service}
6778,2026-01-10,13:18:32,INFO,PaymentGateway,Health check passed: PaymentGateway,E102,Health check passed: {service}
6779,2026-01-10,13:46:43,INFO,WebServer,User u1389 login successful,E101,User {user} login successful
6780,2026-01-10,13:12:22,CRITICAL,OrderProcessor,KERNEL PANIC: Node node-4 crashed,E601,KERNEL PANIC: Node {node} crashed
6781,2026-01-10,13:56:45,INFO,PaymentGateway,Page view: /home by u2049,E103,Page view: {page} by {user}
6782,2026-01-10,13:53:43,INFO,PaymentGateway,Transaction tx884478 completed in 380ms,E104,Transaction {tx} completed in {time}ms
6783,2026-01-10,13:09:57,INFO,AuthService,Page view: /home by u4588,E103,Page view: {page} by {user}
6784,2026-01-10,13:38:09,WARN,PaymentGateway,High latency (1889ms) detected on PaymentGateway,E201,High latency ({time}ms) detected on {service}
6785,2026-01-10,13:34:26,INFO,WebServer,Health check passed: WebServer,E102,Health check passed: {service}
6786,2026-01-10,13:29:49,INFO,AuthService,Transaction tx908028 completed in 1276ms,E104,Transaction {tx} completed in {time}ms
6787,2026-01-10,13:14:28,INFO,OrderProcessor,Page view: /home by u2132,E103,Page view: {page} by {user}
6788,2026-01-10,13:12:29,INFO,InventoryDB,Transaction tx160612 completed in 425ms,E104,Transaction {tx} completed in {time}ms
6789,2026-01-10,13:54:57,INFO,WebServer,Page view: /home by u4625,E103,Page view: {page} by {user}
6790,2026-01-10,13:56:40,INFO,WebServer,User u3737 login successful,E101,User {user} login successful
6791,2026-01-10,13:15:12,INFO,WebServer,Transaction tx840216 completed in 1562ms,E104,Transaction {tx} completed in {time}ms
6792,2026-01-10,13:00:16,INFO,PaymentGateway,Health check passed: PaymentGateway,E102,Health check passed: {service}
6793,2026-01-10,13:00:30,INFO,WebServer,Transaction tx769095 completed in 1602ms,E104,Transaction {tx} completed in {time}ms
6794,2026-01-10,13:08:22,INFO,OrderProcessor,Health check passed: OrderProcessor,E102,Health check passed: {service}
6795,2026-01-10,13:24:25,INFO,WebServer,Health check passed: WebServer,E102,Health check passed: {service}
6796,2026-01-10,13:00:27,INFO,WebServer,Page view: /home by u2546,E103,Page view: {page} by {user}
6797,2026-01-10,13:19:29,INFO,AuthService,User u3214 login successful,E101,User {user} login successful
6798,2026-01-10,13:33:29,INFO,AuthService,User u2018 login successful,E101,User {user} login successful
6799,2026-01-10,13:46:02,INFO,WebServer,Transaction tx815618 completed in 1335ms,E104,Transaction {tx} completed in {time}ms
6800,2026-01-10,13:22:24,INFO,WebServer,Page view: /home by u2788,E103,Page view: {page} by {user}
6801,2026-01-10,13:48:01,INFO,WebServer,Transaction tx360572 completed in 1660ms,E104,Transaction {tx} completed in {time}ms
6802,2026-01-10,13:02:25,INFO,AuthService,Page view: /home by u1197,E103,Page view: {page} by {user}
6803,2026-01-10,13:14:54,INFO,OrderProcessor,Transaction tx968187 completed in 620ms,E104,Transaction {tx} completed in {time}ms
6804,2026-01-10,13:42:38,INFO,AuthService,Transaction tx278853 completed in 321ms,E104,Transaction {tx} completed in {time}ms
6805,2026-01-10,13:09:46,INFO,WebServer,Page view: /home by u2042,E103,Page view: {page} by {user}
6806,2026-01-10,13:28:05,INFO,WebServer,User u1852 login successful,E101,User {user} login successful
6807,2026-01-10,13:23:04,INFO,WebServer,Page view: /home by u3381,E103,Page view: {page} by {user}
6808,2026-01-10,13:23:44,INFO,WebServer,Page view: /home by u2335,E103,Page view: {page} by {user}
6809,2026-01-10,13:05:31,INFO,InventoryDB,Health check passed: InventoryDB,E102,Health check passed: {service}
6810,2026-01-10,13:38:06,INFO,OrderProcessor,Health check passed: OrderProcessor,E102,Health check passed: {service}
6811,2026-01-10,13:48:28,INFO,OrderProcessor,Page view: /home by u2965,E103,Page view: {page} by {user}
6812,2026-01-10,13:45:31,INFO,PaymentGateway,Transaction tx266382 completed in 142ms,E104,Transaction {tx} completed in {time}ms
6813,2026-01-10,13:20:10,INFO,WebServer,Health check passed: WebServer,E102,Health check passed: {service}
6814,2026-01-10,13:42:30,INFO,AuthService,Page view: /home by u2024,E103,Page view: {page} by {user}
6815,2026-01-10,13:07:42,INFO,WebServer,Page view: /home by u3222,E103,Page view: {page} by {user}
6816,2026-01-10,13:03:45,INFO,AuthService,Page view: /home by u2890,E103,Page view: {page} by {user}
6817,2026-01-10,13:14:26,INFO,WebServer,User u1881 login successful,E101,User {user} login successful
6818,2026-01-10,13:54:37,INFO,WebServer,User u1687 login successful,E101,User {user} login successful
6819,2026-01-10,13:57:42,INFO,InventoryDB,Page view: /home by u2226,E103,Page view: {page} by {user}
6820,2026-01-10,13:20:44,INFO,WebServer,Transaction tx108122 completed in 274ms,E104,Transaction {tx} completed in {time}ms
6821,2026-01-10,13:52:22,INFO,InventoryDB,User u2505 login successful,E101,User {user} login successful
6822,2026-01-10,13:19:00,INFO,OrderProcessor,Health check passed: OrderProcessor,E102,Health check passed: {service}
6823,2026-01-10,13:14:23,INFO,PaymentGateway,User u1072 login successful,E101,User {user} login successful
6824,2026-01-10,13:57:27,INFO,WebServer,Health check passed: WebServer,E102,Health check passed: {service}
6825,2026-01-10,13:18:34,INFO,WebServer,Health check passed: WebServer,E102,Health check passed: {service}
6826,2026-01-10,13:58:08,INFO,OrderProcessor,Transaction tx413984 completed in 1404ms,E104,Transaction {tx} completed in {time}ms
6827,2026-01-10,13:47:35,INFO,PaymentGateway,User u1196 login successful,E101,User {user} login successful
6828,2026-01-10,13:45:37,ERROR,WebServer,Connection refused to WebServer at 10.0.0.12,E501,Connection refused to {service} at {ip}
6829,2026-01-10,13:43:36,INFO,WebServer,Transaction tx917574 completed in 1098ms,E104,Transaction {tx} completed in {time}ms
6830,2026-01-10,13:59:08,INFO,PaymentGateway,User u2315 login successful,E101,User {user} login successful
6831,2026-01-10,13:05:17,WARN,AuthService,High latency (477ms) detected on AuthService,E201,High latency ({time}ms) detected on {service}
6832,2026-01-10,13:53:29,INFO,OrderProcessor,User u4678 login successful,E101,User {user} login successful
6833,2026-01-10,13:23:13,INFO,WebServer,User u4621 login successful,E101,User {user} login successful
6834,2026-01-10,13:56:19,CRITICAL,AuthService,KERNEL PANIC: Node node-3 crashed,E601,KERNEL PANIC: Node {node} crashed
6835,2026-01-10,13:58:01,INFO,WebServer,Health check passed: WebServer,E102,Health check passed: {service}
6836,2026-01-10,13:05:20,INFO,WebServer,User u1569 login successful,E101,User {user} login successful
6837,2026-01-10,13:40:38,INFO,WebServer,Transaction tx580693 completed in 605ms,E104,Transaction {tx} completed in {time}ms
6838,2026-01-10,13:17:09,INFO,AuthService,Health check passed: AuthService,E102,Health check passed: {service}
6839,2026-01-10,13:26:38,INFO,AuthService,User u1883 login successful,E101,User {user} login successful
6840,2026-01-10,13:07:55,INFO,AuthService,Transaction tx781954 completed in 1542ms,E104,Transaction {tx} completed in {time}ms
6841,2026-01-10,13:23:09,INFO,WebServer,User u3062 login successful,E101,User {user} login successful
6842,2026-01-10,13:25:46,INFO,WebServer,Transaction tx592504 completed in 1438ms,E104,Transaction {tx} completed in {time}ms
6843,2026-01-10,13:47:33,INFO,WebServer,Health check passed: WebServer,E102,Health check passed: {service}
6844,2026-01-10,13:54:39,INFO,PaymentGateway,Page view: /home by u1293,E103,Page view: {page} by {user}
6845,2026-01-10,13:21:12,INFO,WebServer,User u3839 login successful,E101,User {user} login successful
6846,2026-01-10,13:27:30,WARN,WebServer,Disk usage > 85% on node node-5,E202,Disk usage > 85% on node {node}
6847,2026-01-10,13:27:31,INFO,WebServer,Page view: /home by u4475,E103,Page view: {page} by {user}
6848,2026-01-10,13:18:07,INFO,WebServer,User u2704 login successful,E101,User {user} login successful
6849,2026-01-10,13:33:08,INFO,WebServer,Health check passed: WebServer,E102,Health check passed: {service}
6850,2026-01-10,13:19:25,INFO,OrderProcessor,User u2705 login successful,E101,User {user} login successful
6851,2026-01-10,13:25:02,INFO,AuthService,Page view: /home by u1168,E103,Page view: {page} by {user}
6852,2026-01-10,13:32:08,INFO,WebServer,Health check passed: WebServer,E102,Health check passed: {service}
6853,2026-01-10,13:17:09,INFO,WebServer,Health check passed: WebServer,E102,Health check passed: {service}
6854,2026-01-10,13:09:37,INFO,WebServer,Transaction tx499206 completed in 1805ms,E104,Transaction {tx} completed in {time}ms
6855,2026-01-10,13:04:15,INFO,AuthService,Page view: /home by u4431,E103,Page view: {page} by {user}
6856,2026-01-10,13:47:50,INFO,InventoryDB,Page view: /home by u1842,E103,Page view: {page} by {user}
6857,2026-01-10,13:39:17,INFO,WebServer,Page view: /home by u2539,E103,Page view: {page} by {user}
6858,2026-01-10,13:39:27,INFO,AuthService,Health check passed: AuthService,E102,Health check passed: {service}
6859,2026-01-10,13:22:39,WARN,InventoryDB,Unauthorized access attempt from 10.0.0.45,E401,Unauthorized access attempt from {ip}
6860,2026-01-10,13:46:15,INFO,AuthService,Health check passed: AuthService,E102,Health check passed: {service}
6861,2026-01-10,13:49:09,INFO,OrderProcessor,Page view: /home by u1177,E103,Page view: {page} by {user}
6862,2026-01-10,13:36:56,INFO,AuthService,Page view: /home by u3276,E103,Page view: {page} by {user}
6863,2026-01-10,13:34:56,INFO,PaymentGateway,Transaction tx508681 completed in 970ms,E104,Transaction {tx} completed in {time}ms
6864,2026-01-10,13:38:38,INFO,WebServer,Page view: /home by u3486,E103,Page view: {page} by {user}
6865,2026-01-10,13:57:41,INFO,AuthService,Page view: /home by u4565,E103,Page view: {page} by {user}
6866,2026-01-10,13:35:52,INFO,OrderProcessor,Page view: /home by u4325,E103,Page view: {page} by {user}
6867,2026-01-10,13:16:26,INFO,WebServer,Transaction tx913134 completed in 1750ms,E104,Transaction {tx} completed in {time}ms
6868,2026-01-10,13:31:10,WARN,OrderProcessor,High latency (1686ms) detected on OrderProcessor,E201,High latency ({time}ms) detected on {service}
6869,2026-01-10,13:23:51,INFO,WebServer,User u2018 login successful,E101,User {user} login successful
6870,2026-01-10,13:04:54,INFO,WebServer,Page view: /home by u1892,E103,Page view: {page} by {user}
6871,2026-01-10,13:28:03,INFO,PaymentGateway,Page view: /home by u1071,E103,Page view: {page} by {user}
6872,2026-01-10,13:00:58,INFO,WebServer,User u3448 login successful,E101,User {user} login successful
6873,2026-01-10,13:23:42,INFO,OrderProcessor,Health check passed: OrderProcessor,E102,Health check passed: {service}
6874,2026-01-10,13:01:27,INFO,InventoryDB,User u2351 login successful,E101,User {user} login successful
6875,2026-01-10,13:12:23,INFO,OrderProcessor,Transaction tx836910 completed in 1872ms,E104,Transaction {tx} completed in {time}ms
6876,2026-01-10,13:05:54,INFO,AuthService,Transaction tx790070 completed in 483ms,E104,Transaction {tx} completed in {time}ms
6877,2026-01-10,13:59:42,INFO,PaymentGateway,User u3180 login successful,E101,User {user} login successful
6878,2026-01-10,13:24:40,WARN,WebServer,Disk usage > 85% on node node-3,E202,Disk usage > 85% on node {node}
6879,2026-01-10,13:47:11,INFO,WebServer,Page view: /home by u1296,E103,Page view: {page} by {user}
6880,2026-01-10,13:12:23,INFO,PaymentGateway,Health check passed: PaymentGateway,E102,Health check passed: {service}
6881,2026-01-10,13:41:47,INFO,InventoryDB,User u4059 login successful,E101,User {user} login successful
6882,2026-01-10,13:06:34,INFO,WebServer,Transaction tx513535 completed in 1497ms,E104,Transaction {tx} completed in {time}ms
6883,2026-01-10,13:20:12,INFO,OrderProcessor,User u3333 login successful,E101,User {user} login successful
6884,2026-01-10,13:40:07,INFO,WebServer,User u3933 login successful,E101,User {user} login successful
6885,2026-01-10,13:18:03,INFO,PaymentGateway,Page view: /home by u3349,E103,Page view: {page} by {user}
6886,2026-01-10,13:40:42,INFO,AuthService,User u1930 login successful,E101,User {user} login successful
6887,2026-01-10,13:31:09,INFO,WebServer,Transaction tx679398 completed in 993ms,E104,Transaction {tx} completed in {time}ms
6888,2026-01-10,13:55:15,INFO,OrderProcessor,Page view: /home by u2822,E103,Page view: {page} by {user}
6889,2026-01-10,13:39:27,INFO,WebServer,Health check passed: WebServer,E102,Health check passed: {service}
6890,2026-01-10,13:37:01,WARN,WebServer,Disk usage > 85% on node node-3,E202,Disk usage > 85% on node {node}
6891,2026-01-10,13:55:39,INFO,OrderProcessor,Page view: /home by u4409,E103,Page view: {page} by {user}
6892,2026-01-10,13:43:33,INFO,PaymentGateway,Transaction tx462669 completed in 1727ms,E104,Transaction {tx} completed in {time}ms
6893,2026-01-10,13:02:57,INFO,AuthService,Page view: /home by u2165,E103,Page view: {page} by {user}
6894,2026-01-10,13:06:20,INFO,AuthService,Health check passed: AuthService,E102,Health check passed: {service}
6895,2026-01-10,13:20:11,INFO,WebServer,User u2379 login successful,E101,User {user} login successful
6896,2026-01-10,13:14:07,WARN,PaymentGateway,Unauthorized access attempt from 10.0.0.45,E401,Unauthorized access attempt from {ip}
6897,2026-01-10,13:01:16,INFO,WebServer,Page view: /home by u4441,E103,Page view: {page} by {user}
6898,2026-01-10,13:53:20,INFO,WebServer,Transaction tx904348 completed in 1543ms,E104,Transaction {tx} completed in {time}ms
6899,2026-01-10,13:49:10,INFO,AuthService,Page view: /home by u4263,E103,Page view: {page} by {user}
6900,2026-01-10,13:52:52,INFO,OrderProcessor,Transaction tx257955 completed in 807ms,E104,Transaction {tx} completed in {time}ms
6901,2026-01-10,13:03:42,INFO,InventoryDB,Transaction tx304428 completed in 1558ms,E104,Transaction {tx} completed in {time}ms
6902,2026-01-10,13:56:41,INFO,WebServer,Transaction tx276436 completed in 1012ms,E104,Transaction {tx} completed in {time}ms
6903,2026-01-10,13:17:53,INFO,WebServer,User u1229 login successful,E101,User {user} login successful
6904,2026-01-10,13:18:13,INFO,WebServer,User u4808 login successful,E101,User {user} login successful
6905,2026-01-10,13:15:00,INFO,AuthService,User u2996 login successful,E101,User {user} login successful
6906,2026-01-10,13:34:12,INFO,InventoryDB,Page view: /home by u2754,E103,Page view: {page} by {user}
6907,2026-01-10,13:22:20,INFO,WebServer,Transaction tx356378 completed in 1894ms,E104,Transaction {tx} completed in {time}ms
6908,2026-01-10,13:31:28,INFO,WebServer,User u2120 login successful,E101,User {user} login successful
6909,2026-01-10,13:38:31,INFO,WebServer,User u3428 login successful,E101,User {user} login successful
6910,2026-01-10,13:17:58,INFO,WebServer,Page view: /home by u4052,E103,Page view: {page} by {user}
6911,2026-01-10,13:43:26,INFO,WebServer,Health check passed: WebServer,E102,Health check passed: {service}
6912,2026-01-10,13:27:26,INFO,AuthService,Transaction tx348044 completed in 1216ms,E104,Transaction {tx} completed in {time}ms
6913,2026-01-10,13:40:17,INFO,WebServer,Health check passed: WebServer,E102,Health check passed: {service}
6914,2026-01-10,13:04:47,INFO,WebServer,Transaction tx870150 completed in 811ms,E104,Transaction {tx} completed in {time}ms
6915,2026-01-10,13:42:07,ERROR,WebServer,Timeout waiting for lock on InventoryDB,E502,Timeout waiting for lock on {db}
6916,2026-01-10,13:46:05,INFO,WebServer,User u2744 login successful,E101,User {user} login successful
6917,2026-01-10,13:23:44,INFO,WebServer,Page view: /home by u1903,E103,Page view: {page} by {user}
6918,2026-01-10,13:37:40,INFO,WebServer,Health check passed: WebServer,E102,Health check passed: {service}
6919,2026-01-10,13:15:24,INFO,InventoryDB,User u3494 login successful,E101,User {user} login successful
6920,2026-01-10,13:39:28,INFO,WebServer,User u4985 login successful,E101,User {user} login successful
6921,2026-01-10,13:01:05,INFO,WebServer,Page view: /home by u3621,E103,Page view: {page} by {user}
6922,2026-01-10,13:17:15,INFO,WebServer,Transaction tx690936 completed in 1829ms,E104,Transaction {tx} completed in {time}ms
6923,2026-01-10,13:33:30,INFO,WebServer,Transaction tx334166 completed in 404ms,E104,Transaction {tx} completed in {time}ms
6924,2026-01-10,13:55:36,INFO,AuthService,Page view: /home by u3984,E103,Page view: {page} by {user}
6925,2026-01-10,13:28:27,INFO,WebServer,User u3191 login successful,E101,User {user} login successful
6926,2026-01-10,13:39:07,INFO,WebServer,Transaction tx142460 completed in 1148ms,E104,Transaction {tx} completed in {time}ms
6927,2026-01-10,13:22:13,INFO,WebServer,Transaction tx951481 completed in 455ms,E104,Transaction {tx} completed in {time}ms
6928,2026-01-10,13:14:54,INFO,AuthService,Page view: /home by u4843,E103,Page view: {page} by {user}
6929,2026-01-10,13:59:28,WARN,AuthService,Disk usage > 85% on node node-4,E202,Disk usage > 85% on node {node}
6930,2026-01-10,13:11:04,INFO,WebServer,Transaction tx779951 completed in 1730ms,E104,Transaction {tx} completed in {time}ms
6931,2026-01-10,13:48:18,INFO,OrderProcessor,User u4580 login successful,E101,User {user} login successful
6932,2026-01-10,13:54:47,INFO,PaymentGateway,Page view: /home by u1285,E103,Page view: {page} by {user}
6933,2026-01-10,13:32:13,WARN,WebServer,Disk usage > 85% on node node-3,E202,Disk usage > 85% on node {node}
6934,2026-01-10,13:17:48,INFO,PaymentGateway,Health check passed: PaymentGateway,E102,Health check passed: {service}
6935,2026-01-10,13:47:44,INFO,WebServer,User u2493 login successful,E101,User {user} login successful
6936,2026-01-10,13:45:52,WARN,WebServer,Unauthorized access attempt from 10.0.0.45,E401,Unauthorized access attempt from {ip}
6937,2026-01-10,13:39:56,INFO,AuthService,Transaction tx766516 completed in 1073ms,E104,Transaction {tx} completed in {time}ms
6938,2026-01-10,13:23:58,INFO,AuthService,User u4576 login successful,E101,User {user} login successful
6939,2026-01-10,13:52:12,INFO,OrderProcessor,Page view: /home by u4255,E103,Page view: {page} by {user}
6940,2026-01-10,13:05:52,INFO,WebServer,Transaction tx489562 completed in 406ms,E104,Transaction {tx} completed in {time}ms
6941,2026-01-10,13:02:00,INFO,AuthService,Health check passed: AuthService,E102,Health check passed: {service}
6942,2026-01-10,13:40:33,INFO,WebServer,User u4033 login successful,E101,User {user} login successful
6943,2026-01-10,13:33:21,ERROR,AuthService,Connection refused to AuthService at 10.0.0.99,E501,Connection refused to {service} at {ip}
6944,2026-01-10,13:51:08,WARN,WebServer,Unauthorized access attempt from 10.0.0.45,E401,Unauthorized access attempt from {ip}
6945,2026-01-10,13:35:54,INFO,InventoryDB,Transaction tx857497 completed in 1320ms,E104,Transaction {tx} completed in {time}ms
6946,2026-01-10,13:34:24,INFO,WebServer,Transaction tx561532 completed in 1865ms,E104,Transaction {tx} completed in {time}ms
6947,2026-01-10,13:26:24,INFO,OrderProcessor,Health check passed: OrderProcessor,E102,Health check passed: {service}
6948,2026-01-10,13:22:28,INFO,OrderProcessor,Page view: /home by u3049,E103,Page view: {page} by {user}
6949,2026-01-10,13:27:11,INFO,WebServer,Transaction tx103389 completed in 352ms,E104,Transaction {tx} completed in {time}ms
6950,2026-01-10,13:07:13,ERROR,WebServer,Payment declined: Gateway unavailable,E503,Payment declined: Gateway unavailable
6951,2026-01-10,13:02:04,ERROR,PaymentGateway,Payment declined: Gateway unavailable,E503,Payment declined: Gateway unavailable
6952,2026-01-10,13:47:06,INFO,WebServer,Health check passed: WebServer,E102,Health check passed: {service}
6953,2026-01-10,13:50:34,INFO,AuthService,Transaction tx684528 completed in 326ms,E104,Transaction {tx} completed in {time}ms
6954,2026-01-10,13:24:21,INFO,AuthService,Transaction tx911887 completed in 989ms,E104,Transaction {tx} completed in {time}ms
6955,2026-01-10,13:38:40,WARN,WebServer,High latency (202ms) detected on WebServer,E201,High latency ({time}ms) detected on {service}
6956,2026-01-10,13:30:11,ERROR,WebServer,Connection refused to WebServer at 10.0.0.45,E501,Connection refused to {service} at {ip}
6957,2026-01-10,13:45:46,INFO,OrderProcessor,Transaction tx943907 completed in 1487ms,E104,Transaction {tx} completed in {time}ms
6958,2026-01-10,13:29:51,INFO,WebServer,Page view: /home by u3990,E103,Page view: {page} by {user}
6959,2026-01-10,13:33:40,INFO,WebServer,Health check passed: WebServer,E102,Health check passed: {service}
6960,2026-01-10,13:30:36,INFO,OrderProcessor,User u2092 login successful,E101,User {user} login successful
6961,2026-01-10,13:56:59,INFO,OrderProcessor,Transaction tx212149 completed in 112ms,E104,Transaction {tx} completed in {time}ms
6962,2026-01-10,13:41:34,INFO,WebServer,Health check passed: WebServer,E102,Health check passed: {service}
6963,2026-01-10,13:40:19,INFO,OrderProcessor,Health check passed: OrderProcessor,E102,Health check passed: {service}
6964,2026-01-10,13:17:29,WARN,WebServer,Unauthorized access attempt from 10.0.0.10,E401,Unauthorized access attempt from {ip}
6965,2026-01-10,13:45:32,INFO,AuthService,User u1833 login successful,E101,User {user} login successful
6966,2026-01-10,13:08:34,INFO,WebServer,Health check passed: WebServer,E102,Health check passed: {service}
6967,2026-01-10,13:24:11,INFO,WebServer,Page view: /home by u3296,E103,Page view: {page} by {user}
6968,2026-01-10,13:46:41,INFO,WebServer,Transaction tx232750 completed in 1085ms,E104,Transaction {tx} completed in {time}ms
6969,2026-01-10,13:05:17,INFO,WebServer,Health check passed: WebServer,E102,Health check passed: {service}
6970,2026-01-10,13:26:23,INFO,AuthService,Transaction tx420031 completed in 1954ms,E104,Transaction {tx} completed in {time}ms
6971,2026-01-10,13:09:46,INFO,AuthService,Page view: /home by u1719,E103,Page view: {page} by {user}
6972,2026-01-10,13:27:32,INFO,WebServer,Page view: /home by u3032,E103,Page view: {page} by {user}
6973,2026-01-10,13:51:57,INFO,WebServer,Transaction tx625702 completed in 55ms,E104,Transaction {tx} completed in {time}ms
6974,2026-01-10,13:04:53,INFO,WebServer,Health check passed: WebServer,E102,Health check passed: {service}
6975,2026-01-10,13:12:03,INFO,WebServer,User u4980 login successful,E101,User {user} login successful
6976,2026-01-10,13:43:52,INFO,WebServer,Transaction tx266604 completed in 1792ms,E104,Transaction {tx} completed in {time}ms
6977,2026-01-10,13:43:20,INFO,WebServer,Page view: /home by u2632,E103,Page view: {page} by {user}
6978,2026-01-10,13:14:40,INFO,OrderProcessor,Page view: /home by u4742,E103,Page view: {page} by {user}
6979,2026-01-10,13:57:47,INFO,WebServer,Health check passed: WebServer,E102,Health check passed: {service}
6980,2026-01-10,13:22:49,INFO,WebServer,Transaction tx761730 completed in 1373ms,E104,Transaction {tx} completed in {time}ms
6981,2026-01-10,13:44:54,INFO,WebServer,Health check passed: WebServer,E102,Health check passed: {service}
6982,2026-01-10,13:14:20,INFO,OrderProcessor,Transaction tx888460 completed in 1457ms,E104,Transaction {tx} completed in {time}ms
6983,2026-01-10,13:18:16,INFO,WebServer,Page view: /home by u3084,E103,Page view: {page} by {user}
6984,2026-01-10,13:12:06,INFO,OrderProcessor,Health check passed: OrderProcessor,E102,Health check passed: {service}
6985,2026-01-10,13:53:50,INFO,OrderProcessor,Page view: /home by u1820,E103,Page view: {page} by {user}
6986,2026-01-10,13:25:21,WARN,AuthService,Unauthorized access attempt from 10.0.0.88,E401,Unauthorized access attempt from {ip}
6987,2026-01-10,13:23:06,INFO,AuthService,User u3442 login successful,E101,User {user} login successful
6988,2026-01-10,13:39:18,INFO,WebServer,Page view: /home by u2385,E103,Page view: {page} by {user}
6989,2026-01-10,13:34:26,INFO,WebServer,Transaction tx461945 completed in 1816ms,E104,Transaction {tx} completed in {time}ms
6990,2026-01-10,13:52:15,INFO,OrderProcessor,Health check passed: OrderProcessor,E102,Health check passed: {service}
6991,2026-01-10,13:05:38,WARN,WebServer,High latency (1259ms) detected on WebServer,E201,High latency ({time}ms) detected on {service}
6992,2026-01-10,13:15:54,INFO,WebServer,User u2512 login successful,E101,User {user} login successful
6993,2026-01-10,13:56:56,INFO,AuthService,Transaction tx522353 completed in 1642ms,E104,Transaction {tx} completed in {time}ms
6994,2026-01-10,13:29:10,INFO,OrderProcessor,Page view: /home by u3489,E103,Page view: {page} by {user}
6995,2026-01-10,13:04:44,WARN,OrderProcessor,Disk usage > 85% on node node-3,E202,Disk usage > 85% on node {node}
6996,2026-01-10,13:59:42,INFO,WebServer,User u4943 login successful,E101,User {user} login successful
6997,2026-01-10,13:37:04,WARN,WebServer,Disk usage > 85% on node node-4,E202,Disk usage > 85% on node {node}
6998,2026-01-10,13:55:01,INFO,AuthService,Page view: /home by u3108,E103,Page view: {page} by {user}
6999,2026-01-10,13:16:27,INFO,PaymentGateway,Page view: /home by u2419,E103,Page view: {page} by {user}
7000,2026-01-10,13:39:00,INFO,PaymentGateway,User u1329 login successful,E101,User {user} login successful
7001,2026-01-10,13:49:22,INFO,WebServer,Page view: /home by u3764,E103,Page view: {page} by {user}
7002,2026-01-10,13:45:46,INFO,AuthService,Transaction tx850961 completed in 1209ms,E104,Transaction {tx} completed in {time}ms
7003,2026-01-10,13:03:49,ERROR,OrderProcessor,Timeout waiting for lock on InventoryDB,E502,Timeout waiting for lock on {db}
7004,2026-01-10,13:03:12,INFO,PaymentGateway,User u2700 login successful,E101,User {user} login successful
7005,2026-01-10,13:22:06,INFO,WebServer,Page view: /home by u2944,E103,Page view: {page} by {user}
7006,2026-01-10,13:40:34,INFO,PaymentGateway,Health check passed: PaymentGateway,E102,Health check passed: {service}
7007,2026-01-10,13:26:51,INFO,AuthService,Page view: /home by u1576,E103,Page view: {page} by {user}
7008,2026-01-10,13:10:35,INFO,WebServer,Transaction tx925037 completed in 1287ms,E104,Transaction {tx} completed in {time}ms
7009,2026-01-10,13:13:05,INFO,WebServer,Page view: /home by u3996,E103,Page view: {page} by {user}
7010,2026-01-10,13:57:12,INFO,WebServer,Transaction tx160691 completed in 1159ms,E104,Transaction {tx} completed in {time}ms
7011,2026-01-10,13:32:31,INFO,PaymentGateway,Transaction tx812415 completed in 611ms,E104,Transaction {tx} completed in {time}ms
7012,2026-01-10,13:26:33,INFO,WebServer,Page view: /home by u4689,E103,Page view: {page} by {user}
7013,2026-01-10,13:29:25,INFO,AuthService,Transaction tx481132 completed in 1632ms,E104,Transaction {tx} completed in {time}ms
7014,2026-01-10,13:44:36,INFO,WebServer,Page view: /home by u3864,E103,Page view: {page} by {user}
7015,2026-01-10,13:36:49,INFO,PaymentGateway,Transaction tx543140 completed in 362ms,E104,Transaction {tx} completed in {time}ms
7016,2026-01-10,13:50:38,INFO,WebServer,User u4512 login successful,E101,User {user} login successful
7017,2026-01-10,13:41:44,INFO,WebServer,Health check passed: WebServer,E102,Health check passed: {service}
7018,2026-01-10,13:18:36,INFO,WebServer,Page view: /home by u1604,E103,Page view: {page} by {user}
7019,2026-01-10,13:05:41,INFO,WebServer,Health check passed: WebServer,E102,Health check passed: {service}
7020,2026-01-10,13:47:52,ERROR,PaymentGateway,Timeout waiting for lock on InventoryDB,E502,Timeout waiting for lock on {db}
7021,2026-01-10,13:18:17,INFO,OrderProcessor,Page view: /home by u2893,E103,Page view: {page} by {user}
7022,2026-01-10,13:25:24,INFO,WebServer,User u1339 login successful,E101,User {user} login successful
7023,2026-01-10,13:51:20,INFO,WebServer,Page view: /home by u2774,E103,Page view: {page} by {user}
7024,2026-01-10,13:53:11,INFO,AuthService,Page view: /home by u1277,E103,Page view: {page} by {user}
7025,2026-01-10,13:29:48,INFO,PaymentGateway,User u3307 login successful,E101,User {user} login successful
7026,2026-01-10,13:50:55,INFO,AuthService,Page view: /home by u2389,E103,Page view: {page} by {user}
7027,2026-01-10,13:57:05,INFO,WebServer,Transaction tx166922 completed in 1721ms,E104,Transaction {tx} completed in {time}ms
7028,2026-01-10,13:36:42,INFO,OrderProcessor,User u4295 login successful,E101,User {user} login successful
7029,2026-01-10,13:45:00,INFO,WebServer,User u4247 login successful,E101,User {user} login successful
7030,2026-01-10,13:20:29,INFO,InventoryDB,Transaction tx642214 completed in 1818ms,E104,Transaction {tx} completed in {time}ms
7031,2026-01-10,13:58:54,INFO,AuthService,Health check passed: AuthService,E102,Health check passed: {service}
7032,2026-01-10,13:22:06,INFO,WebServer,User u4110 login successful,E101,User {user} login successful
7033,2026-01-10,13:08:58,INFO,AuthService,Health check passed: AuthService,E102,Health check passed: {service}
7034,2026-01-10,13:02:20,WARN,WebServer,High latency (352ms) detected on WebServer,E201,High latency ({time}ms) detected on {service}
7035,2026-01-10,13:14:37,INFO,WebServer,Transaction tx972327 completed in 158ms,E104,Transaction {tx} completed in {time}ms
7036,2026-01-10,13:20:07,WARN,AuthService,Unauthorized access attempt from 10.0.0.45,E401,Unauthorized access attempt from {ip}
7037,2026-01-10,13:51:01,INFO,WebServer,Page view: /home by u1523,E103,Page view: {page} by {user}
7038,2026-01-10,13:08:18,INFO,WebServer,User u3354 login successful,E101,User {user} login successful
7039,2026-01-10,13:52:04,INFO,AuthService,Health check passed: AuthService,E102,Health check passed: {service}
7040,2026-01-10,13:00:18,INFO,WebServer,Transaction tx742378 completed in 770ms,E104,Transaction {tx} completed in {time}ms
7041,2026-01-10,13:40:25,INFO,PaymentGateway,Page view: /home by u2787,E103,Page view: {page} by {user}
7042,2026-01-10,13:37:34,INFO,AuthService,Page view: /home by u2502,E103,Page view: {page} by {user}
7043,2026-01-10,13:52:17,INFO,OrderProcessor,Page view: /home by u2676,E103,Page view: {page} by {user}
7044,2026-01-10,13:31:07,INFO,WebServer,Transaction tx356956 completed in 1498ms,E104,Transaction {tx} completed in {time}ms
7045,2026-01-10,13:21:39,INFO,WebServer,Page view: /home by u4100,E103,Page view: {page} by {user}
7046,2026-01-10,13:32:49,INFO,WebServer,Page view: /home by u3318,E103,Page view: {page} by {user}
7047,2026-01-10,13:14:14,INFO,OrderProcessor,User u3297 login successful,E101,User {user} login successful
7048,2026-01-10,13:40:02,INFO,AuthService,Page view: /home by u4476,E103,Page view: {page} by {user}
7049,2026-01-10,13:07:26,INFO,AuthService,Page view: /home by u2237,E103,Page view: {page} by {user}
7050,2026-01-10,13:02:34,INFO,PaymentGateway,Health check passed: PaymentGateway,E102,Health check passed: {service}
7051,2026-01-10,13:04:33,INFO,WebServer,Page view: /home by u2412,E103,Page view: {page} by {user}
7052,2026-01-10,13:52:46,INFO,WebServer,Transaction tx350707 completed in 853ms,E104,Transaction {tx} completed in {time}ms
7053,2026-01-10,13:59:15,INFO,WebServer,Transaction tx350170 completed in 302ms,E104,Transaction {tx} completed in {time}ms
7054,2026-01-10,13:07:57,WARN,WebServer,Unauthorized access attempt from 10.0.0.12,E401,Unauthorized access attempt from {ip}
7055,2026-01-10,13:50:17,INFO,AuthService,Transaction tx140254 completed in 551ms,E104,Transaction {tx} completed in {time}ms
7056,2026-01-10,13:23:58,INFO,PaymentGateway,Health check passed: PaymentGateway,E102,Health check passed: {service}
7057,2026-01-10,13:12:01,INFO,PaymentGateway,User u3019 login successful,E101,User {user} login successful
7058,2026-01-10,13:37:22,ERROR,OrderProcessor,Payment declined: Gateway unavailable,E503,Payment declined: Gateway unavailable
7059,2026-01-10,13:39:48,INFO,WebServer,User u1384 login successful,E101,User {user} login successful
7060,2026-01-10,13:21:13,INFO,PaymentGateway,User u1742 login successful,E101,User {user} login successful
7061,2026-01-10,13:58:18,INFO,WebServer,User u1844 login successful,E101,User {user} login successful
7062,2026-01-10,13:27:06,INFO,WebServer,Health check passed: WebServer,E102,Health check passed: {service}
7063,2026-01-10,13:38:40,INFO,AuthService,Transaction tx857466 completed in 1975ms,E104,Transaction {tx} completed in {time}ms
7064,2026-01-10,13:21:10,WARN,WebServer,Disk usage > 85% on node node-4,E202,Disk usage > 85% on node {node}
7065,2026-01-10,13:06:40,INFO,WebServer,Transaction tx101937 completed in 430ms,E104,Transaction {tx} completed in {time}ms
7066,2026-01-10,13:24:38,INFO,WebServer,User u4626 login successful,E101,User {user} login successful
7067,2026-01-10,13:49:16,INFO,OrderProcessor,User u3282 login successful,E101,User {user} login successful
7068,2026-01-10,13:36:44,INFO,AuthService,User u4644 login successful,E101,User {user} login successful
7069,2026-01-10,13:51:37,INFO,WebServer,Health check passed: WebServer,E102,Health check passed: {service}
7070,2026-01-10,13:28:57,INFO,OrderProcessor,Page view: /home by u4322,E103,Page view: {page} by {user}
7071,2026-01-10,13:47:40,INFO,WebServer,Page view: /home by u4283,E103,Page view: {page} by {user}
7072,2026-01-10,13:37:15,INFO,WebServer,Health check passed: WebServer,E102,Health check passed: {service}
7073,2026-01-10,13:01:07,INFO,AuthService,Transaction tx807030 completed in 768ms,E104,Transaction {tx} completed in {time}ms
7074,2026-01-10,13:03:45,INFO,WebServer,Page view: /home by u1812,E103,Page view: {page} by {user}
7075,2026-01-10,13:04:38,INFO,WebServer,User u4412 login successful,E101,User {user} login successful
7076,2026-01-10,13:02:19,INFO,OrderProcessor,User u2123 login successful,E101,User {user} login successful
7077,2026-01-10,13:24:30,INFO,WebServer,Page view: /home by u4965,E103,Page view: {page} by {user}
7078,2026-01-10,13:12:11,INFO,WebServer,Transaction tx554099 completed in 122ms,E104,Transaction {tx} completed in {time}ms
7079,2026-01-10,13:03:44,INFO,WebServer,Page view: /home by u2600,E103,Page view: {page} by {user}
7080,2026-01-10,13:08:36,ERROR,WebServer,Timeout waiting for lock on InventoryDB,E502,Timeout waiting for lock on {db}
7081,2026-01-10,13:54:30,INFO,WebServer,Page view: /home by u4145,E103,Page view: {page} by {user}
7082,2026-01-10,13:02:53,INFO,WebServer,Health check passed: WebServer,E102,Health check passed: {service}
7083,2026-01-10,13:30:25,INFO,WebServer,User u2980 login successful,E101,User {user} login successful
7084,2026-01-10,13:15:58,WARN,AuthService,High latency (865ms) detected on AuthService,E201,High latency ({time}ms) detected on {service}
7085,2026-01-10,13:28:38,INFO,InventoryDB,User u3326 login successful,E101,User {user} login successful
7086,2026-01-10,13:06:10,INFO,WebServer,Page view: /home by u4852,E103,Page view: {page} by {user}
7087,2026-01-10,13:38:01,INFO,AuthService,Transaction tx717799 completed in 1858ms,E104,Transaction {tx} completed in {time}ms
7088,2026-01-10,13:12:00,INFO,WebServer,Health check passed: WebServer,E102,Health check passed: {service}
7089,2026-01-10,13:45:07,INFO,InventoryDB,Transaction tx690032 completed in 1526ms,E104,Transaction {tx} completed in {time}ms
7090,2026-01-10,13:20:27,INFO,AuthService,Page view: /home by u1908,E103,Page view: {page} by {user}
7091,2026-01-10,13:08:12,INFO,OrderProcessor,Health check passed: OrderProcessor,E102,Health check passed: {service}
7092,2026-01-10,13:11:04,INFO,WebServer,User u4176 login successful,E101,User {user} login successful
7093,2026-01-10,13:56:50,INFO,OrderProcessor,Transaction tx123296 completed in 219ms,E104,Transaction {tx} completed in {time}ms
7094,2026-01-10,13:06:51,INFO,InventoryDB,Page view: /home by u3536,E103,Page view: {page} by {user}
7095,2026-01-10,13:28:22,INFO,InventoryDB,Transaction tx723277 completed in 780ms,E104,Transaction {tx} completed in {time}ms
7096,2026-01-10,13:17:32,WARN,AuthService,Unauthorized access attempt from 10.0.0.45,E401,Unauthorized access attempt from {ip}
7097,2026-01-10,13:22:54,INFO,AuthService,Page view: /home by u3229,E103,Page view: {page} by {user}
7098,2026-01-10,13:51:33,INFO,WebServer,Page view: /home by u1509,E103,Page view: {page} by {user}
7099,2026-01-10,13:49:35,INFO,WebServer,User u4615 login successful,E101,User {user} login successful
7100,2026-01-10,13:27:55,INFO,WebServer,User u2268 login successful,E101,User {user} login successful
7101,2026-01-10,13:52:05,INFO,WebServer,Transaction tx849787 completed in 1916ms,E104,Transaction {tx} completed in {time}ms
7102,2026-01-10,13:24:20,INFO,AuthService,User u4526 login successful,E101,User {user} login successful
7103,2026-01-10,13:59:51,INFO,PaymentGateway,Health check passed: PaymentGateway,E102,Health check passed: {service}
7104,2026-01-10,13:00:10,INFO,WebServer,User u4625 login successful,E101,User {user} login successful
7105,2026-01-10,13:39:21,INFO,WebServer,Transaction tx358327 completed in 124ms,E104,Transaction {tx} completed in {time}ms
7106,2026-01-10,13:15:14,INFO,WebServer,Transaction tx703447 completed in 1053ms,E104,Transaction {tx} completed in {time}ms
7107,2026-01-10,13:00:12,INFO,OrderProcessor,Page view: /home by u4287,E103,Page view: {page} by {user}
7108,2026-01-10,13:11:34,INFO,WebServer,Health check passed: WebServer,E102,Health check passed: {service}
7109,2026-01-10,13:48:41,INFO,OrderProcessor,Health check passed: OrderProcessor,E102,Health check passed: {service}
7110,2026-01-10,13:57:33,INFO,WebServer,Transaction tx337810 completed in 1034ms,E104,Transaction {tx} completed in {time}ms
7111,2026-01-10,13:30:14,INFO,InventoryDB,Health check passed: InventoryDB,E102,Health check passed: {service}
7112,2026-01-10,13:44:13,INFO,OrderProcessor,User u2745 login successful,E101,User {user} login successful
7113,2026-01-10,13:55:01,INFO,AuthService,Transaction tx919601 completed in 594ms,E104,Transaction {tx} completed in {time}ms
7114,2026-01-10,13:34:23,INFO,AuthService,Health check passed: AuthService,E102,Health check passed: {service}
7115,2026-01-10,13:44:21,WARN,WebServer,Unauthorized access attempt from 10.0.0.45,E401,Unauthorized access attempt from {ip}
7116,2026-01-10,13:21:03,INFO,OrderProcessor,Transaction tx723063 completed in 1544ms,E104,Transaction {tx} completed in {time}ms
7117,2026-01-10,13:07:35,INFO,WebServer,Transaction tx861093 completed in 777ms,E104,Transaction {tx} completed in {time}ms
7118,2026-01-10,13:35:27,INFO,OrderProcessor,Health check passed: OrderProcessor,E102,Health check passed: {service}
7119,2026-01-10,13:31:12,INFO,PaymentGateway,Health check passed: PaymentGateway,E102,Health check passed: {service}
7120,2026-01-10,13:23:57,INFO,OrderProcessor,Page view: /home by u4851,E103,Page view: {page} by {user}
7121,2026-01-10,13:20:37,INFO,OrderProcessor,Transaction tx524328 completed in 754ms,E104,Transaction {tx} completed in {time}ms
7122,2026-01-10,13:30:49,INFO,AuthService,Page view: /home by u1756,E103,Page view: {page} by {user}
7123,2026-01-10,13:19:24,INFO,WebServer,Transaction tx892454 completed in 953ms,E104,Transaction {tx} completed in {time}ms
7124,2026-01-10,13:46:43,INFO,WebServer,Transaction tx857516 completed in 640ms,E104,Transaction {tx} completed in {time}ms
7125,2026-01-10,13:17:21,INFO,WebServer,Health check passed: WebServer,E102,Health check passed: {service}
7126,2026-01-10,13:36:09,INFO,WebServer,Health check passed: WebServer,E102,Health check passed: {service}
7127,2026-01-10,13:31:28,INFO,AuthService,User u1646 login successful,E101,User {user} login successful
7128,2026-01-10,13:17:24,INFO,OrderProcessor,User u4628 login successful,E101,User {user} login successful
7129,2026-01-10,13:48:29,INFO,AuthService,Transaction tx174323 completed in 1092ms,E104,Transaction {tx} completed in {time}ms
7130,2026-01-10,13:45:22,INFO,WebServer,Transaction tx816095 completed in 1888ms,E104,Transaction {tx} completed in {time}ms
7131,2026-01-10,13:44:57,INFO,WebServer,User u1829 login successful,E101,User {user} login successful
7132,2026-01-10,13:07:23,INFO,WebServer,Transaction tx527103 completed in 937ms,E104,Transaction {tx} completed in {time}ms
7133,2026-01-10,13:48:32,INFO,WebServer,User u3294 login successful,E101,User {user} login successful
7134,2026-01-10,13:26:16,ERROR,WebServer,Payment declined: Gateway unavailable,E503,Payment declined: Gateway unavailable
7135,2026-01-10,13:07:38,INFO,WebServer,User u4324 login successful,E101,User {user} login successful
7136,2026-01-10,13:47:05,INFO,WebServer,Page view: /home by u3920,E103,Page view: {page} by {user}
7137,2026-01-10,13:57:23,INFO,WebServer,User u3359 login successful,E101,User {user} login successful
7138,2026-01-10,13:46:09,INFO,WebServer,Health check passed: WebServer,E102,Health check passed: {service}
7139,2026-01-10,13:14:11,WARN,OrderProcessor,High latency (695ms) detected on OrderProcessor,E201,High latency ({time}ms) detected on {service}
7140,2026-01-10,13:16:19,WARN,OrderProcessor,Unauthorized access attempt from 10.0.0.88,E401,Unauthorized access attempt from {ip}
7141,2026-01-10,13:15:33,INFO,WebServer,User u4241 login successful,E101,User {user} login successful
7142,2026-01-10,13:54:14,INFO,WebServer,Page view: /home by u1258,E103,Page view: {page} by {user}
7143,2026-01-10,13:42:12,INFO,OrderProcessor,Page view: /home by u1636,E103,Page view: {page} by {user}
7144,2026-01-10,13:00:17,INFO,InventoryDB,Transaction tx750367 completed in 1755ms,E104,Transaction {tx} completed in {time}ms
7145,2026-01-10,13:51:06,INFO,WebServer,Health check passed: WebServer,E102,Health check passed: {service}
7146,2026-01-10,13:27:39,WARN,WebServer,Disk usage > 85% on node node-5,E202,Disk usage > 85% on node {node}
7147,2026-01-10,13:35:06,WARN,WebServer,Unauthorized access attempt from 192.168.1.5,E401,Unauthorized access attempt from {ip}
7148,2026-01-10,13:23:50,INFO,WebServer,Transaction tx875366 completed in 1296ms,E104,Transaction {tx} completed in {time}ms
7149,2026-01-10,13:59:46,INFO,WebServer,Page view: /home by u4309,E103,Page view: {page} by {user}
7150,2026-01-10,13:51:11,INFO,AuthService,Page view: /home by u3318,E103,Page view: {page} by {user}
7151,2026-01-10,13:57:22,WARN,WebServer,Unauthorized access attempt from 10.0.0.45,E401,Unauthorized access attempt from {ip}
7152,2026-01-10,13:55:16,INFO,PaymentGateway,Transaction tx211632 completed in 1072ms,E104,Transaction {tx} completed in {time}ms
7153,2026-01-10,13:38:15,INFO,WebServer,User u4990 login successful,E101,User {user} login successful
7154,2026-01-10,13:04:44,INFO,WebServer,Page view: /home by u2016,E103,Page view: {page} by {user}
7155,2026-01-10,13:13:26,INFO,WebServer,Transaction tx301294 completed in 1402ms,E104,Transaction {tx} completed in {time}ms
7156,2026-01-10,13:34:07,INFO,OrderProcessor,Health check passed: OrderProcessor,E102,Health check passed: {service}
7157,2026-01-10,13:54:28,INFO,WebServer,User u2074 login successful,E101,User {user} login successful
7158,2026-01-10,13:37:37,INFO,AuthService,User u4132 login successful,E101,User {user} login successful
7159,2026-01-10,13:36:39,INFO,WebServer,Page view: /home by u4589,E103,Page view: {page} by {user}
7160,2026-01-10,13:00:18,INFO,WebServer,Health check passed: WebServer,E102,Health check passed: {service}
7161,2026-01-10,13:16:05,INFO,WebServer,User u2742 login successful,E101,User {user} login successful
7162,2026-01-10,13:02:01,INFO,AuthService,Transaction tx328831 completed in 953ms,E104,Transaction {tx} completed in {time}ms
7163,2026-01-10,13:40:53,INFO,AuthService,Transaction tx345525 completed in 240ms,E104,Transaction {tx} completed in {time}ms
7164,2026-01-10,13:44:19,INFO,AuthService,Transaction tx518787 completed in 1100ms,E104,Transaction {tx} completed in {time}ms
7165,2026-01-10,13:41:17,WARN,OrderProcessor,Unauthorized access attempt from 192.168.1.5,E401,Unauthorized access attempt from {ip}
7166,2026-01-10,13:37:20,INFO,WebServer,Page view: /home by u2953,E103,Page view: {page} by {user}
7167,2026-01-10,13:09:39,INFO,AuthService,Health check passed: AuthService,E102,Health check passed: {service}
7168,2026-01-10,13:03:08,CRITICAL,WebServer,DATA CORRUPTION detected in sector 997,E602,DATA CORRUPTION detected in sector {sector}
7169,2026-01-10,13:02:14,INFO,OrderProcessor,Page view: /home by u1561,E103,Page view: {page} by {user}
7170,2026-01-10,13:30:54,INFO,WebServer,Health check passed: WebServer,E102,Health check passed: {service}
7171,2026-01-10,13:59:04,WARN,OrderProcessor,Unauthorized access attempt from 10.0.0.45,E401,Unauthorized access attempt from {ip}
7172,2026-01-10,13:47:58,INFO,OrderProcessor,User u4931 login successful,E101,User {user} login successful
7173,2026-01-10,13:49:55,INFO,OrderProcessor,Page view: /home by u1235,E103,Page view: {page} by {user}
7174,2026-01-10,13:23:16,INFO,WebServer,Transaction tx700893 completed in 316ms,E104,Transaction {tx} completed in {time}ms
7175,2026-01-10,13:46:09,INFO,WebServer,Page view: /home by u3493,E103,Page view: {page} by {user}
7176,2026-01-10,13:38:40,INFO,OrderProcessor,Page view: /home by u4090,E103,Page view: {page} by {user}
7177,2026-01-10,13:14:55,WARN,WebServer,High latency (646ms) detected on WebServer,E201,High latency ({time}ms) detected on {service}
7178,2026-01-10,13:13:26,INFO,AuthService,Page view: /home by u2755,E103,Page view: {page} by {user}
7179,2026-01-10,13:00:34,INFO,WebServer,User u3734 login successful,E101,User {user} login successful
7180,2026-01-10,13:55:37,INFO,WebServer,User u2031 login successful,E101,User {user} login successful
7181,2026-01-10,13:42:57,INFO,AuthService,User u4093 login successful,E101,User {user} login successful
7182,2026-01-10,13:58:52,INFO,OrderProcessor,User u3335 login successful,E101,User {user} login successful
7183,2026-01-10,13:17:59,INFO,WebServer,Transaction tx229091 completed in 457ms,E104,Transaction {tx} completed in {time}ms
7184,2026-01-10,13:20:35,INFO,WebServer,Health check passed: WebServer,E102,Health check passed: {service}
7185,2026-01-10,13:35:00,INFO,InventoryDB,Transaction tx953376 completed in 1137ms,E104,Transaction {tx} completed in {time}ms
7186,2026-01-10,13:10:03,INFO,WebServer,Page view: /home by u2209,E103,Page view: {page} by {user}
7187,2026-01-10,13:56:53,INFO,PaymentGateway,Transaction tx388055 completed in 674ms,E104,Transaction {tx} completed in {time}ms
7188,2026-01-10,13:40:13,INFO,WebServer,Health check passed: WebServer,E102,Health check passed: {service}
7189,2026-01-10,13:01:50,ERROR,OrderProcessor,Connection refused to OrderProcessor at 10.0.0.45,E501,Connection refused to {service} at {ip}
7190,2026-01-10,13:41:30,INFO,InventoryDB,User u3766 login successful,E101,User {user} login successful
7191,2026-01-10,13:02:55,INFO,WebServer,Transaction tx655879 completed in 549ms,E104,Transaction {tx} completed in {time}ms
7192,2026-01-10,13:16:06,INFO,WebServer,Transaction tx600394 completed in 1017ms,E104,Transaction {tx} completed in {time}ms
7193,2026-01-10,13:52:03,INFO,WebServer,User u3196 login successful,E101,User {user} login successful
7194,2026-01-10,13:29:51,INFO,WebServer,User u1901 login successful,E101,User {user} login successful
7195,2026-01-10,13:57:55,INFO,OrderProcessor,Transaction tx575928 completed in 1106ms,E104,Transaction {tx} completed in {time}ms
7196,2026-01-10,13:01:57,INFO,InventoryDB,Health check passed: InventoryDB,E102,Health check passed: {service}
7197,2026-01-10,13:25:31,INFO,WebServer,Transaction tx932552 completed in 1368ms,E104,Transaction {tx} completed in {time}ms
7198,2026-01-10,13:02:07,INFO,OrderProcessor,Health check passed: OrderProcessor,E102,Health check passed: {service}
7199,2026-01-10,13:06:41,INFO,AuthService,Health check passed: AuthService,E102,Health check passed: {service}
7200,2026-01-10,13:01:28,INFO,WebServer,Health check passed: WebServer,E102,Health check passed: {service}
7201,2026-01-10,13:10:46,INFO,WebServer,Health check passed: WebServer,E102,Health check passed: {service}
7202,2026-01-10,13:55:43,INFO,AuthService,Health check passed: AuthService,E102,Health check passed: {service}
7203,2026-01-10,13:03:19,INFO,AuthService,Transaction tx273204 completed in 872ms,E104,Transaction {tx} completed in {time}ms
7204,2026-01-10,13:32:25,INFO,OrderProcessor,Transaction tx369649 completed in 365ms,E104,Transaction {tx} completed in {time}ms
7205,2026-01-10,13:38:24,INFO,WebServer,Transaction tx754550 completed in 1639ms,E104,Transaction {tx} completed in {time}ms
7206,2026-01-10,13:28:41,INFO,AuthService,Transaction tx370972 completed in 923ms,E104,Transaction {tx} completed in {time}ms
7207,2026-01-10,13:49:52,INFO,WebServer,Transaction tx645494 completed in 1053ms,E104,Transaction {tx} completed in {time}ms
7208,2026-01-10,13:58:29,WARN,AuthService,Unauthorized access attempt from 10.0.0.45,E401,Unauthorized access attempt from {ip}
7209,2026-01-10,13:33:53,INFO,WebServer,Transaction tx907575 completed in 227ms,E104,Transaction {tx} completed in {time}ms
7210,2026-01-10,13:32:44,INFO,AuthService,User u2386 login successful,E101,User {user} login successful
7211,2026-01-10,13:40:46,INFO,OrderProcessor,Transaction tx607972 completed in 370ms,E104,Transaction {tx} completed in {time}ms
7212,2026-01-10,13:35:20,INFO,OrderProcessor,User u3918 login successful,E101,User {user} login successful
7213,2026-01-10,13:18:32,INFO,OrderProcessor,Page view: /home by u1550,E103,Page view: {page} by {user}
7214,2026-01-10,13:45:28,INFO,WebServer,Page view: /home by u1327,E103,Page view: {page} by {user}
7215,2026-01-10,13:52:20,INFO,WebServer,User u1273 login successful,E101,User {user} login successful
7216,2026-01-10,13:31:02,INFO,WebServer,Page view: /home by u2539,E103,Page view: {page} by {user}
7217,2026-01-10,13:02:58,INFO,OrderProcessor,Page view: /home by u1822,E103,Page view: {page} by {user}
7218,2026-01-10,13:39:46,INFO,OrderProcessor,User u2845 login successful,E101,User {user} login successful
7219,2026-01-10,13:32:53,INFO,WebServer,Transaction tx116338 completed in 1282ms,E104,Transaction {tx} completed in {time}ms
7220,2026-01-10,13:29:34,INFO,WebServer,User u2700 login successful,E101,User {user} login successful
7221,2026-01-10,13:01:51,INFO,WebServer,Transaction tx403462 completed in 1910ms,E104,Transaction {tx} completed in {time}ms
7222,2026-01-10,13:58:12,INFO,WebServer,Transaction tx807476 completed in 380ms,E104,Transaction {tx} completed in {time}ms
7223,2026-01-10,13:52:05,INFO,AuthService,Transaction tx993487 completed in 1346ms,E104,Transaction {tx} completed in {time}ms
7224,2026-01-10,13:01:24,INFO,InventoryDB,Page view: /home by u2253,E103,Page view: {page} by {user}
7225,2026-01-10,13:55:46,INFO,OrderProcessor,Health check passed: OrderProcessor,E102,Health check passed: {service}
7226,2026-01-10,13:59:42,INFO,OrderProcessor,Transaction tx238019 completed in 95ms,E104,Transaction {tx} completed in {time}ms
7227,2026-01-10,13:27:49,INFO,WebServer,Transaction tx214609 completed in 1364ms,E104,Transaction {tx} completed in {time}ms
7228,2026-01-10,13:57:59,INFO,PaymentGateway,Transaction tx207268 completed in 1414ms,E104,Transaction {tx} completed in {time}ms
7229,2026-01-10,13:44:18,INFO,AuthService,Transaction tx748733 completed in 1697ms,E104,Transaction {tx} completed in {time}ms
7230,2026-01-10,13:06:41,WARN,WebServer,High latency (897ms) detected on WebServer,E201,High latency ({time}ms) detected on {service}
7231,2026-01-10,13:21:42,WARN,WebServer,High latency (303ms) detected on WebServer,E201,High latency ({time}ms) detected on {service}
7232,2026-01-10,13:27:01,INFO,OrderProcessor,Health check passed: OrderProcessor,E102,Health check passed: {service}
7233,2026-01-10,13:33:15,INFO,OrderProcessor,Transaction tx394186 completed in 1186ms,E104,Transaction {tx} completed in {time}ms
7234,2026-01-10,13:22:52,INFO,WebServer,User u3609 login successful,E101,User {user} login successful
7235,2026-01-10,13:20:05,INFO,WebServer,Health check passed: WebServer,E102,Health check passed: {service}
7236,2026-01-10,13:52:14,INFO,WebServer,Transaction tx798636 completed in 829ms,E104,Transaction {tx} completed in {time}ms
7237,2026-01-10,13:53:27,INFO,InventoryDB,Transaction tx862753 completed in 1134ms,E104,Transaction {tx} completed in {time}ms
7238,2026-01-10,13:18:41,INFO,AuthService,Health check passed: AuthService,E102,Health check passed: {service}
7239,2026-01-10,13:04:48,INFO,AuthService,Health check passed: AuthService,E102,Health check passed: {service}
7240,2026-01-10,13:26:14,INFO,OrderProcessor,Health check passed: OrderProcessor,E102,Health check passed: {service}
7241,2026-01-10,13:35:00,INFO,WebServer,Transaction tx857016 completed in 189ms,E104,Transaction {tx} completed in {time}ms
7242,2026-01-10,13:09:52,INFO,PaymentGateway,Health check passed: PaymentGateway,E102,Health check passed: {service}
7243,2026-01-10,13:34:16,INFO,WebServer,Health check passed: WebServer,E102,Health check passed: {service}
7244,2026-01-10,13:12:51,INFO,AuthService,Page view: /home by u2889,E103,Page view: {page} by {user}
7245,2026-01-10,13:28:55,INFO,OrderProcessor,Transaction tx896339 completed in 849ms,E104,Transaction {tx} completed in {time}ms
7246,2026-01-10,13:04:31,INFO,AuthService,Health check passed: AuthService,E102,Health check passed: {service}
7247,2026-01-10,13:51:10,INFO,AuthService,Page view: /home by u4828,E103,Page view: {page} by {user}
7248,2026-01-10,13:54:57,INFO,PaymentGateway,Health check passed: PaymentGateway,E102,Health check passed: {service}
7249,2026-01-10,13:19:11,INFO,WebServer,Transaction tx934984 completed in 1215ms,E104,Transaction {tx} completed in {time}ms
7250,2026-01-10,13:49:07,INFO,AuthService,Health check passed: AuthService,E102,Health check passed: {service}
7251,2026-01-10,13:36:36,INFO,PaymentGateway,Page view: /home by u4410,E103,Page view: {page} by {user}
7252,2026-01-10,13:14:14,INFO,WebServer,User u3093 login successful,E101,User {user} login successful
7253,2026-01-10,13:25:18,INFO,WebServer,User u1642 login successful,E101,User {user} login successful
7254,2026-01-10,13:46:15,INFO,OrderProcessor,Transaction tx237719 completed in 792ms,E104,Transaction {tx} completed in {time}ms
7255,2026-01-10,13:05:09,INFO,WebServer,Transaction tx170681 completed in 1030ms,E104,Transaction {tx} completed in {time}ms
7256,2026-01-10,13:37:43,INFO,WebServer,Transaction tx151544 completed in 202ms,E104,Transaction {tx} completed in {time}ms
7257,2026-01-10,14:22:26,WARN,OrderProcessor,Unauthorized access attempt from 10.0.0.12,E401,Unauthorized access attempt from {ip}
7258,2026-01-10,14:53:56,INFO,OrderProcessor,User u4964 login successful,E101,User {user} login successful
7259,2026-01-10,14:54:44,INFO,AuthService,Transaction tx141904 completed in 1388ms,E104,Transaction {tx} completed in {time}ms
7260,2026-01-10,14:29:57,INFO,WebServer,User u2533 login successful,E101,User {user} login successful
7261,2026-01-10,14:53:08,INFO,OrderProcessor,User u3728 login successful,E101,User {user} login successful
7262,2026-01-10,14:41:40,INFO,AuthService,Page view: /home by u2296,E103,Page view: {page} by {user}
7263,2026-01-10,14:53:33,INFO,PaymentGateway,Transaction tx908919 completed in 778ms,E104,Transaction {tx} completed in {time}ms
7264,2026-01-10,14:25:01,INFO,WebServer,Page view: /home by u3216,E103,Page view: {page} by {user}
7265,2026-01-10,14:14:29,INFO,OrderProcessor,Health check passed: OrderProcessor,E102,Health check passed: {service}
7266,2026-01-10,14:47:27,INFO,WebServer,Transaction tx498614 completed in 1336ms,E104,Transaction {tx} completed in {time}ms
7267,2026-01-10,14:54:37,INFO,InventoryDB,Transaction tx508582 completed in 1768ms,E104,Transaction {tx} completed in {time}ms
7268,2026-01-10,14:34:07,INFO,PaymentGateway,Health check passed: PaymentGateway,E102,Health check passed: {service}
7269,2026-01-10,14:49:31,INFO,WebServer,Page view: /home by u3672,E103,Page view: {page} by {user}
7270,2026-01-10,14:53:55,INFO,WebServer,Transaction tx212601 completed in 1974ms,E104,Transaction {tx} completed in {time}ms
7271,2026-01-10,14:04:05,INFO,AuthService,Transaction tx727010 completed in 323ms,E104,Transaction {tx} completed in {time}ms
7272,2026-01-10,14:26:21,INFO,OrderProcessor,User u1954 login successful,E101,User {user} login successful
7273,2026-01-10,14:51:09,INFO,WebServer,User u2971 login successful,E101,User {user} login successful
7274,2026-01-10,14:01:24,INFO,WebServer,User u3139 login successful,E101,User {user} login successful
7275,2026-01-10,14:20:01,INFO,WebServer,User u2368 login successful,E101,User {user} login successful
7276,2026-01-10,14:36:37,INFO,PaymentGateway,Health check passed: PaymentGateway,E102,Health check passed: {service}
7277,2026-01-10,14:29:00,INFO,WebServer,Health check passed: WebServer,E102,Health check passed: {service}
7278,2026-01-10,14:16:19,INFO,PaymentGateway,User u1367 login successful,E101,User {user} login successful
7279,2026-01-10,14:51:43,INFO,AuthService,User u1825 login successful,E101,User {user} login successful
7280,2026-01-10,14:28:12,INFO,WebServer,Transaction tx292271 completed in 1810ms,E104,Transaction {tx} completed in {time}ms
7281,2026-01-10,14:18:15,INFO,WebServer,User u2466 login successful,E101,User {user} login successful
7282,2026-01-10,14:05:38,INFO,WebServer,Transaction tx858875 completed in 1978ms,E104,Transaction {tx} completed in {time}ms
7283,2026-01-10,14:10:06,INFO,WebServer,Transaction tx581942 completed in 1527ms,E104,Transaction {tx} completed in {time}ms
7284,2026-01-10,14:31:50,INFO,AuthService,Health check passed: AuthService,E102,Health check passed: {service}
7285,2026-01-10,14:41:42,INFO,OrderProcessor,Transaction tx445006 completed in 1759ms,E104,Transaction {tx} completed in {time}ms
7286,2026-01-10,14:10:12,INFO,WebServer,Transaction tx746587 completed in 1778ms,E104,Transaction {tx} completed in {time}ms
7287,2026-01-10,14:29:51,INFO,WebServer,Health check passed: WebServer,E102,Health check passed: {service}
7288,2026-01-10,14:14:39,INFO,WebServer,User u4955 login successful,E101,User {user} login successful
7289,2026-01-10,14:09:19,INFO,OrderProcessor,Health check passed: OrderProcessor,E102,Health check passed: {service}
7290,2026-01-10,14:17:10,INFO,WebServer,Health check passed: WebServer,E102,Health check passed: {service}
7291,2026-01-10,14:08:13,INFO,AuthService,Health check passed: AuthService,E102,Health check passed: {service}
7292,2026-01-10,14:19:54,INFO,OrderProcessor,Transaction tx565589 completed in 1922ms,E104,Transaction {tx} completed in {time}ms
7293,2026-01-10,14:42:48,INFO,InventoryDB,Transaction tx764721 completed in 121ms,E104,Transaction {tx} completed in {time}ms
7294,2026-01-10,14:47:45,INFO,AuthService,Page view: /home by u4286,E103,Page view: {page} by {user}
7295,2026-01-10,14:00:15,INFO,WebServer,User u2435 login successful,E101,User {user} login successful
7296,2026-01-10,14:51:27,INFO,InventoryDB,Health check passed: InventoryDB,E102,Health check passed: {service}
7297,2026-01-10,14:00:11,INFO,PaymentGateway,Page view: /home by u2090,E103,Page view: {page} by {user}
7298,2026-01-10,14:47:30,INFO,WebServer,User u4438 login successful,E101,User {user} login successful
7299,2026-01-10,14:33:40,INFO,OrderProcessor,User u3604 login successful,E101,User {user} login successful
7300,2026-01-10,14:34:08,WARN,WebServer,Unauthorized access attempt from 10.0.0.45,E401,Unauthorized access attempt from {ip}
7301,2026-01-10,14:01:17,INFO,WebServer,User u3563 login successful,E101,User {user} login successful
7302,2026-01-10,14:18:55,INFO,PaymentGateway,Transaction tx247748 completed in 1520ms,E104,Transaction {tx} completed in {time}ms
7303,2026-01-10,14:46:39,INFO,WebServer,Page view: /home by u4031,E103,Page view: {page} by {user}
7304,2026-01-10,14:28:59,CRITICAL,WebServer,KERNEL PANIC: Node node-3 crashed,E601,KERNEL PANIC: Node {node} crashed
7305,2026-01-10,14:40:46,INFO,OrderProcessor,Health check passed: OrderProcessor,E102,Health check passed: {service}
7306,2026-01-10,14:36:47,WARN,WebServer,Disk usage > 85% on node node-4,E202,Disk usage > 85% on node {node}
7307,2026-01-10,14:36:10,INFO,AuthService,Page view: /home by u4633,E103,Page view: {page} by {user}
7308,2026-01-10,14:37:36,INFO,WebServer,Health check passed: WebServer,E102,Health check passed: {service}
7309,2026-01-10,14:08:43,INFO,WebServer,Page view: /home by u3703,E103,Page view: {page} by {user}
7310,2026-01-10,14:47:12,INFO,WebServer,User u4721 login successful,E101,User {user} login successful
7311,2026-01-10,14:49:39,INFO,WebServer,Health check passed: WebServer,E102,Health check passed: {service}
7312,2026-01-10,14:57:20,INFO,PaymentGateway,User u1512 login successful,E101,User {user} login successful
7313,2026-01-10,14:58:27,INFO,OrderProcessor,Page view: /home by u4074,E103,Page view: {page} by {user}
7314,2026-01-10,14:38:49,INFO,OrderProcessor,Transaction tx636298 completed in 332ms,E104,Transaction {tx} completed in {time}ms
7315,2026-01-10,14:49:03,INFO,AuthService,Page view: /home by u4800,E103,Page view: {page} by {user}
7316,2026-01-10,14:20:47,INFO,WebServer,Page view: /home by u3997,E103,Page view: {page} by {user}
7317,2026-01-10,14:14:02,INFO,AuthService,Transaction tx618566 completed in 1413ms,E104,Transaction {tx} completed in {time}ms
7318,2026-01-10,14:00:03,INFO,AuthService,User u3936 login successful,E101,User {user} login successful
7319,2026-01-10,14:49:44,INFO,InventoryDB,Health check passed: InventoryDB,E102,Health check passed: {service}
7320,2026-01-10,14:23:05,INFO,WebServer,Page view: /home by u2233,E103,Page view: {page} by {user}
7321,2026-01-10,14:32:50,INFO,PaymentGateway,Transaction tx379516 completed in 1499ms,E104,Transaction {tx} completed in {time}ms
7322,2026-01-10,14:45:23,INFO,AuthService,User u2701 login successful,E101,User {user} login successful
7323,2026-01-10,14:05:22,INFO,WebServer,Transaction tx436156 completed in 162ms,E104,Transaction {tx} completed in {time}ms
7324,2026-01-10,14:11:15,INFO,WebServer,Transaction tx185449 completed in 1478ms,E104,Transaction {tx} completed in {time}ms
7325,2026-01-10,14:50:17,INFO,PaymentGateway,Health check passed: PaymentGateway,E102,Health check passed: {service}
7326,2026-01-10,14:07:13,INFO,OrderProcessor,User u3913 login successful,E101,User {user} login successful
7327,2026-01-10,14:07:19,INFO,WebServer,Health check passed: WebServer,E102,Health check passed: {service}
7328,2026-01-10,14:20:30,WARN,OrderProcessor,Disk usage > 85% on node node-2,E202,Disk usage > 85% on node {node}
7329,2026-01-10,14:12:34,INFO,AuthService,Transaction tx562115 completed in 1511ms,E104,Transaction {tx} completed in {time}ms
7330,2026-01-10,14:14:37,INFO,WebServer,Page view: /home by u1932,E103,Page view: {page} by {user}
7331,2026-01-10,14:16:07,WARN,WebServer,Disk usage > 85% on node node-4,E202,Disk usage > 85% on node {node}
7332,2026-01-10,14:59:13,WARN,WebServer,Disk usage > 85% on node node-4,E202,Disk usage > 85% on node {node}
7333,2026-01-10,14:43:17,INFO,OrderProcessor,User u1164 login successful,E101,User {user} login successful
7334,2026-01-10,14:50:17,INFO,AuthService,Transaction tx514386 completed in 1573ms,E104,Transaction {tx} completed in {time}ms
7335,2026-01-10,14:47:36,INFO,WebServer,Page view: /home by u3526,E103,Page view: {page} by {user}
7336,2026-01-10,14:24:52,INFO,WebServer,Transaction tx275208 completed in 1114ms,E104,Transaction {tx} completed in {time}ms
7337,2026-01-10,14:47:33,INFO,WebServer,User u1062 login successful,E101,User {user} login successful
7338,2026-01-10,14:33:28,INFO,WebServer,User u2998 login successful,E101,User {user} login successful
7339,2026-01-10,14:06:30,INFO,WebServer,Page view: /home by u4889,E103,Page view: {page} by {user}
7340,2026-01-10,14:16:30,WARN,WebServer,Unauthorized access attempt from 10.0.0.45,E401,Unauthorized access attempt from {ip}
7341,2026-01-10,14:43:43,INFO,WebServer,User u1506 login successful,E101,User {user} login successful
7342,2026-01-10,14:43:15,INFO,WebServer,Transaction tx929103 completed in 489ms,E104,Transaction {tx} completed in {time}ms
7343,2026-01-10,14:43:11,ERROR,AuthService,Timeout waiting for lock on InventoryDB,E502,Timeout waiting for lock on {db}
7344,2026-01-10,14:51:30,WARN,WebServer,Disk usage > 85% on node node-4,E202,Disk usage > 85% on node {node}
7345,2026-01-10,14:39:40,INFO,WebServer,User u4930 login successful,E101,User {user} login successful
7346,2026-01-10,14:56:25,INFO,OrderProcessor,User u4502 login successful,E101,User {user} login successful
7347,2026-01-10,14:42:24,INFO,WebServer,Health check passed: WebServer,E102,Health check passed: {service}
7348,2026-01-10,14:47:10,INFO,WebServer,Page view: /home by u3647,E103,Page view: {page} by {user}
7349,2026-01-10,14:51:19,INFO,WebServer,Health check passed: WebServer,E102,Health check passed: {service}
7350,2026-01-10,14:42:58,INFO,WebServer,Transaction tx860054 completed in 1284ms,E104,Transaction {tx} completed in {time}ms
7351,2026-01-10,14:53:09,INFO,AuthService,Health check passed: AuthService,E102,Health check passed: {service}
7352,2026-01-10,14:52:41,INFO,PaymentGateway,User u2448 login successful,E101,User {user} login successful
7353,2026-01-10,14:56:29,INFO,WebServer,Transaction tx693633 completed in 1263ms,E104,Transaction {tx} completed in {time}ms
7354,2026-01-10,14:53:20,INFO,AuthService,Page view: /home by u2689,E103,Page view: {page} by {user}
7355,2026-01-10,14:16:41,INFO,OrderProcessor,User u3728 login successful,E101,User {user} login successful
7356,2026-01-10,14:11:55,INFO,WebServer,User u4178 login successful,E101,User {user} login successful
7357,2026-01-10,14:54:11,INFO,WebServer,Transaction tx455209 completed in 670ms,E104,Transaction {tx} completed in {time}ms
7358,2026-01-10,14:49:07,INFO,AuthService,Health check passed: AuthService,E102,Health check passed: {service}
7359,2026-01-10,14:16:14,INFO,OrderProcessor,User u3926 login successful,E101,User {user} login successful
7360,2026-01-10,14:58:07,INFO,PaymentGateway,Transaction tx239365 completed in 1211ms,E104,Transaction {tx} completed in {time}ms
7361,2026-01-10,14:50:38,INFO,WebServer,Page view: /home by u4399,E103,Page view: {page} by {user}
7362,2026-01-10,14:32:27,INFO,WebServer,Transaction tx564729 completed in 1199ms,E104,Transaction {tx} completed in {time}ms
7363,2026-01-10,14:18:35,INFO,InventoryDB,Health check passed: InventoryDB,E102,Health check passed: {service}
7364,2026-01-10,14:36:12,INFO,OrderProcessor,User u2555 login successful,E101,User {user} login successful
7365,2026-01-10,14:59:43,INFO,WebServer,Page view: /home by u3967,E103,Page view: {page} by {user}
7366,2026-01-10,14:09:21,INFO,WebServer,Health check passed: WebServer,E102,Health check passed: {service}
7367,2026-01-10,14:51:07,INFO,PaymentGateway,Page view: /home by u3861,E103,Page view: {page} by {user}
7368,2026-01-10,14:55:22,INFO,OrderProcessor,Page view: /home by u3414,E103,Page view: {page} by {user}
7369,2026-01-10,14:20:34,INFO,PaymentGateway,Health check passed: PaymentGateway,E102,Health check passed: {service}
7370,2026-01-10,14:58:07,INFO,OrderProcessor,Transaction tx242038 completed in 929ms,E104,Transaction {tx} completed in {time}ms
7371,2026-01-10,14:24:28,INFO,OrderProcessor,Transaction tx556057 completed in 1616ms,E104,Transaction {tx} completed in {time}ms
7372,2026-01-10,14:48:10,INFO,WebServer,Health check passed: WebServer,E102,Health check passed: {service}
7373,2026-01-10,14:48:46,INFO,WebServer,Transaction tx908641 completed in 1671ms,E104,Transaction {tx} completed in {time}ms
7374,2026-01-10,14:43:15,INFO,OrderProcessor,Page view: /home by u1775,E103,Page view: {page} by {user}
7375,2026-01-10,14:44:10,INFO,OrderProcessor,Transaction tx498493 completed in 1084ms,E104,Transaction {tx} completed in {time}ms
7376,2026-01-10,14:54:10,INFO,OrderProcessor,User u4144 login successful,E101,User {user} login successful
7377,2026-01-10,14:47:05,INFO,PaymentGateway,Health check passed: PaymentGateway,E102,Health check passed: {service}
7378,2026-01-10,14:33:53,INFO,AuthService,Transaction tx464125 completed in 1795ms,E104,Transaction {tx} completed in {time}ms
7379,2026-01-10,14:35:38,INFO,AuthService,Health check passed: AuthService,E102,Health check passed: {service}
7380,2026-01-10,14:16:04,INFO,AuthService,Transaction tx880562 completed in 1307ms,E104,Transaction {tx} completed in {time}ms
7381,2026-01-10,14:59:00,INFO,AuthService,Health check passed: AuthService,E102,Health check passed: {service}
7382,2026-01-10,14:43:04,WARN,WebServer,Unauthorized access attempt from 10.0.0.45,E401,Unauthorized access attempt from {ip}
7383,2026-01-10,14:22:06,INFO,WebServer,User u2973 login successful,E101,User {user} login successful
7384,2026-01-10,14:46:19,INFO,WebServer,User u4988 login successful,E101,User {user} login successful
7385,2026-01-10,14:49:14,INFO,AuthService,Health check passed: AuthService,E102,Health check passed: {service}
7386,2026-01-10,14:17:42,INFO,WebServer,User u2277 login successful,E101,User {user} login successful
7387,2026-01-10,14:07:21,INFO,WebServer,User u2410 login successful,E101,User {user} login successful
7388,2026-01-10,14:25:20,INFO,WebServer,Transaction tx284391 completed in 389ms,E104,Transaction {tx} completed in {time}ms
7389,2026-01-10,14:19:24,INFO,WebServer,Health check passed: WebServer,E102,Health check passed: {service}
7390,2026-01-10,14:47:12,INFO,OrderProcessor,User u4814 login successful,E101,User {user} login successful
7391,2026-01-10,14:55:08,INFO,WebServer,User u1380 login successful,E101,User {user} login successful
7392,2026-01-10,14:04:06,INFO,WebServer,User u4765 login successful,E101,User {user} login successful
7393,2026-01-10,14:55:45,INFO,WebServer,Transaction tx808239 completed in 67ms,E104,Transaction {tx} completed in {time}ms
7394,2026-01-10,14:46:25,INFO,AuthService,Page view: /home by u3034,E103,Page view: {page} by {user}
7395,2026-01-10,14:11:10,INFO,OrderProcessor,Transaction tx604979 completed in 1405ms,E104,Transaction {tx} completed in {time}ms
7396,2026-01-10,14:46:24,INFO,PaymentGateway,Transaction tx765424 completed in 1050ms,E104,Transaction {tx} completed in {time}ms
7397,2026-01-10,14:08:26,WARN,WebServer,Disk usage > 85% on node node-2,E202,Disk usage > 85% on node {node}
7398,2026-01-10,14:44:05,INFO,OrderProcessor,Health check passed: OrderProcessor,E102,Health check passed: {service}
7399,2026-01-10,14:42:41,INFO,AuthService,Health check passed: AuthService,E102,Health check passed: {service}
7400,2026-01-10,14:32:18,INFO,WebServer,Page view: /home by u1642,E103,Page view: {page} by {user}
7401,2026-01-10,14:50:45,INFO,WebServer,User u2222 login successful,E101,User {user} login successful
7402,2026-01-10,14:14:34,WARN,WebServer,High latency (885ms) detected on WebServer,E201,High latency ({time}ms) detected on {service}
7403,2026-01-10,14:27:15,INFO,OrderProcessor,Transaction tx391591 completed in 435ms,E104,Transaction {tx} completed in {time}ms
7404,2026-01-10,14:17:22,INFO,PaymentGateway,Page view: /home by u3993,E103,Page view: {page} by {user}
7405,2026-01-10,14:54:03,WARN,WebServer,Unauthorized access attempt from 10.0.0.10,E401,Unauthorized access attempt from {ip}
7406,2026-01-10,14:44:34,INFO,WebServer,User u2707 login successful,E101,User {user} login successful
7407,2026-01-10,14:57:44,INFO,PaymentGateway,User u4849 login successful,E101,User {user} login successful
7408,2026-01-10,14:05:45,INFO,WebServer,Transaction tx237575 completed in 609ms,E104,Transaction {tx} completed in {time}ms
7409,2026-01-10,14:41:21,WARN,PaymentGateway,Unauthorized access attempt from 10.0.0.45,E401,Unauthorized access attempt from {ip}
7410,2026-01-10,14:32:10,INFO,WebServer,User u2900 login successful,E101,User {user} login successful
7411,2026-01-10,14:02:22,INFO,WebServer,Page view: /home by u1948,E103,Page view: {page} by {user}
7412,2026-01-10,14:40:21,INFO,PaymentGateway,Health check passed: PaymentGateway,E102,Health check passed: {service}
7413,2026-01-10,14:34:43,INFO,AuthService,Health check passed: AuthService,E102,Health check passed: {service}
7414,2026-01-10,14:07:47,INFO,AuthService,User u2238 login successful,E101,User {user} login successful
7415,2026-01-10,14:20:33,INFO,PaymentGateway,User u4405 login successful,E101,User {user} login successful
7416,2026-01-10,14:50:10,INFO,WebServer,Transaction tx570479 completed in 1327ms,E104,Transaction {tx} completed in {time}ms
7417,2026-01-10,14:08:10,INFO,WebServer,Health check passed: WebServer,E102,Health check passed: {service}
7418,2026-01-10,14:01:51,INFO,AuthService,Transaction tx643100 completed in 1404ms,E104,Transaction {tx} completed in {time}ms
7419,2026-01-10,14:51:21,INFO,WebServer,Health check passed: WebServer,E102,Health check passed: {service}
7420,2026-01-10,14:01:00,INFO,AuthService,Page view: /home by u1286,E103,Page view: {page} by {user}
7421,2026-01-10,14:56:13,INFO,WebServer,Health check passed: WebServer,E102,Health check passed: {service}
7422,2026-01-10,14:36:04,INFO,WebServer,Transaction tx895424 completed in 1533ms,E104,Transaction {tx} completed in {time}ms
7423,2026-01-10,14:00:16,INFO,OrderProcessor,User u1779 login successful,E101,User {user} login successful
7424,2026-01-10,14:45:31,INFO,WebServer,Transaction tx254634 completed in 153ms,E104,Transaction {tx} completed in {time}ms
7425,2026-01-10,14:45:53,INFO,WebServer,User u1750 login successful,E101,User {user} login successful
7426,2026-01-10,14:21:30,INFO,AuthService,Transaction tx617444 completed in 1503ms,E104,Transaction {tx} completed in {time}ms
7427,2026-01-10,14:26:40,INFO,AuthService,Page view: /home by u3469,E103,Page view: {page} by {user}
7428,2026-01-10,14:00:57,INFO,OrderProcessor,Health check passed: OrderProcessor,E102,Health check passed: {service}
7429,2026-01-10,14:44:27,WARN,WebServer,Disk usage > 85% on node node-5,E202,Disk usage > 85% on node {node}
7430,2026-01-10,14:09:46,INFO,WebServer,Health check passed: WebServer,E102,Health check passed: {service}
7431,2026-01-10,14:55:15,ERROR,WebServer,Connection refused to WebServer at 10.0.0.45,E501,Connection refused to {service} at {ip}
7432,2026-01-10,14:06:03,INFO,OrderProcessor,Page view: /home by u1351,E103,Page view: {page} by {user}
7433,2026-01-10,14:42:43,INFO,AuthService,Transaction tx590672 completed in 1444ms,E104,Transaction {tx} completed in {time}ms
7434,2026-01-10,14:43:56,INFO,PaymentGateway,Transaction tx813138 completed in 1532ms,E104,Transaction {tx} completed in {time}ms
7435,2026-01-10,14:46:02,INFO,WebServer,User u4217 login successful,E101,User {user} login successful
7436,2026-01-10,14:42:39,WARN,WebServer,High latency (1884ms) detected on WebServer,E201,High latency ({time}ms) detected on {service}
7437,2026-01-10,14:48:13,CRITICAL,PaymentGateway,DATA CORRUPTION detected in sector 106,E602,DATA CORRUPTION detected in sector {sector}
7438,2026-01-10,14:01:42,INFO,AuthService,Page view: /home by u1343,E103,Page view: {page} by {user}
7439,2026-01-10,14:32:26,INFO,AuthService,Transaction tx361165 completed in 596ms,E104,Transaction {tx} completed in {time}ms
7440,2026-01-10,14:01:34,INFO,WebServer,Transaction tx842454 completed in 589ms,E104,Transaction {tx} completed in {time}ms
7441,2026-01-10,14:41:31,INFO,WebServer,Health check passed: WebServer,E102,Health check passed: {service}
7442,2026-01-10,14:50:50,INFO,WebServer,Page view: /home by u1361,E103,Page view: {page} by {user}
7443,2026-01-10,14:19:09,INFO,PaymentGateway,Page view: /home by u1876,E103,Page view: {page} by {user}
7444,2026-01-10,14:03:46,WARN,OrderProcessor,Unauthorized access attempt from 10.0.0.99,E401,Unauthorized access attempt from {ip}
7445,2026-01-10,14:10:02,INFO,OrderProcessor,Health check passed: OrderProcessor,E102,Health check passed: {service}
7446,2026-01-10,14:19:13,INFO,InventoryDB,Page view: /home by u3532,E103,Page view: {page} by {user}
7447,2026-01-10,14:48:30,INFO,WebServer,Transaction tx893005 completed in 773ms,E104,Transaction {tx} completed in {time}ms
7448,2026-01-10,14:00:16,INFO,PaymentGateway,Page view: /home by u3058,E103,Page view: {page} by {user}
7449,2026-01-10,14:44:59,INFO,AuthService,Transaction tx418294 completed in 892ms,E104,Transaction {tx} completed in {time}ms
7450,2026-01-10,14:44:55,INFO,OrderProcessor,Transaction tx209188 completed in 487ms,E104,Transaction {tx} completed in {time}ms
7451,2026-01-10,14:04:12,INFO,AuthService,User u1830 login successful,E101,User {user} login successful
7452,2026-01-10,14:20:46,INFO,WebServer,Page view: /home by u1168,E103,Page view: {page} by {user}
7453,2026-01-10,14:56:03,INFO,WebServer,User u1128 login successful,E101,User {user} login successful
7454,2026-01-10,14:57:29,INFO,AuthService,Page view: /home by u2651,E103,Page view: {page} by {user}
7455,2026-01-10,14:29:30,INFO,WebServer,Page view: /home by u4093,E103,Page view: {page} by {user}
7456,2026-01-10,14:10:30,INFO,AuthService,User u3980 login successful,E101,User {user} login successful
7457,2026-01-10,14:24:16,INFO,WebServer,Page view: /home by u1101,E103,Page view: {page} by {user}
7458,2026-01-10,14:48:03,INFO,AuthService,User u4599 login successful,E101,User {user} login successful
7459,2026-01-10,14:20:34,WARN,AuthService,Unauthorized access attempt from 10.0.0.45,E401,Unauthorized access attempt from {ip}
7460,2026-01-10,14:48:22,INFO,AuthService,Transaction tx369737 completed in 74ms,E104,Transaction {tx} completed in {time}ms
7461,2026-01-10,14:19:46,INFO,WebServer,Transaction tx418304 completed in 1719ms,E104,Transaction {tx} completed in {time}ms
7462,2026-01-10,14:08:13,INFO,WebServer,Transaction tx627483 completed in 129ms,E104,Transaction {tx} completed in {time}ms
7463,2026-01-10,14:34:57,INFO,AuthService,User u3857 login successful,E101,User {user} login successful
7464,2026-01-10,14:41:59,INFO,OrderProcessor,Page view: /home by u3565,E103,Page view: {page} by {user}
7465,2026-01-10,14:13:42,INFO,WebServer,Page view: /home by u1434,E103,Page view: {page} by {user}
7466,2026-01-10,14:56:00,INFO,WebServer,Transaction tx809297 completed in 866ms,E104,Transaction {tx} completed in {time}ms
7467,2026-01-10,14:01:27,CRITICAL,WebServer,DATA CORRUPTION detected in sector 210,E602,DATA CORRUPTION detected in sector {sector}
7468,2026-01-10,14:48:50,INFO,WebServer,User u4663 login successful,E101,User {user} login successful
7469,2026-01-10,14:10:52,INFO,PaymentGateway,User u3782 login successful,E101,User {user} login successful
7470,2026-01-10,14:16:38,INFO,AuthService,Transaction tx191777 completed in 256ms,E104,Transaction {tx} completed in {time}ms
7471,2026-01-10,14:44:00,INFO,WebServer,Page view: /home by u3603,E103,Page view: {page} by {user}
7472,2026-01-10,14:29:58,WARN,PaymentGateway,Disk usage > 85% on node node-4,E202,Disk usage > 85% on node {node}
7473,2026-01-10,14:29:29,INFO,AuthService,Health check passed: AuthService,E102,Health check passed: {service}
7474,2026-01-10,14:56:57,INFO,AuthService,Health check passed: AuthService,E102,Health check passed: {service}
7475,2026-01-10,14:06:28,INFO,WebServer,User u3455 login successful,E101,User {user} login successful
7476,2026-01-10,14:55:12,INFO,OrderProcessor,Health check passed: OrderProcessor,E102,Health check passed: {service}
7477,2026-01-10,14:17:24,INFO,PaymentGateway,Page view: /home by u2833,E103,Page view: {page} by {user}
7478,2026-01-10,14:35:20,INFO,WebServer,Health check passed: WebServer,E102,Health check passed: {service}
7479,2026-01-10,14:21:09,INFO,PaymentGateway,Page view: /home by u2933,E103,Page view: {page} by {user}
7480,2026-01-10,14:31:21,INFO,WebServer,User u4660 login successful,E101,User {user} login successful
7481,2026-01-10,14:49:20,INFO,WebServer,User u4678 login successful,E101,User {user} login successful
7482,2026-01-10,14:07:33,WARN,WebServer,High latency (902ms) detected on WebServer,E201,High latency ({time}ms) detected on {service}
7483,2026-01-10,14:03:09,INFO,WebServer,Health check passed: WebServer,E102,Health check passed: {service}
7484,2026-01-10,14:55:26,ERROR,WebServer,Timeout waiting for lock on InventoryDB,E502,Timeout waiting for lock on {db}
7485,2026-01-10,14:34:22,INFO,WebServer,Page view: /home by u4630,E103,Page view: {page} by {user}
7486,2026-01-10,14:17:46,INFO,AuthService,User u2996 login successful,E101,User {user} login successful
7487,2026-01-10,14:58:54,INFO,OrderProcessor,Transaction tx213916 completed in 836ms,E104,Transaction {tx} completed in {time}ms
7488,2026-01-10,14:47:34,INFO,OrderProcessor,Transaction tx717732 completed in 831ms,E104,Transaction {tx} completed in {time}ms
7489,2026-01-10,14:18:59,WARN,InventoryDB,Disk usage > 85% on node node-1,E202,Disk usage > 85% on node {node}
7490,2026-01-10,14:30:45,INFO,WebServer,Page view: /home by u3570,E103,Page view: {page} by {user}
7491,2026-01-10,14:09:19,WARN,WebServer,Unauthorized access attempt from 10.0.0.45,E401,Unauthorized access attempt from {ip}
7492,2026-01-10,14:13:36,INFO,PaymentGateway,Transaction tx866527 completed in 841ms,E104,Transaction {tx} completed in {time}ms
7493,2026-01-10,14:20:26,INFO,InventoryDB,Health check passed: InventoryDB,E102,Health check passed: {service}
7494,2026-01-10,14:45:43,INFO,AuthService,User u2125 login successful,E101,User {user} login successful
7495,2026-01-10,14:14:56,INFO,OrderProcessor,User u2253 login successful,E101,User {user} login successful
7496,2026-01-10,14:39:52,INFO,AuthService,Health check passed: AuthService,E102,Health check passed: {service}
7497,2026-01-10,14:48:11,INFO,AuthService,Transaction tx734543 completed in 1623ms,E104,Transaction {tx} completed in {time}ms
7498,2026-01-10,14:07:47,INFO,OrderProcessor,User u4061 login successful,E101,User {user} login successful
7499,2026-01-10,14:27:16,INFO,WebServer,Health check passed: WebServer,E102,Health check passed: {service}
7500,2026-01-10,14:42:58,INFO,OrderProcessor,Page view: /home by u3902,E103,Page view: {page} by {user}
7501,2026-01-10,14:44:28,INFO,WebServer,User u2459 login successful,E101,User {user} login successful
7502,2026-01-10,14:35:45,INFO,WebServer,Page view: /home by u1231,E103,Page view: {page} by {user}
7503,2026-01-10,14:57:29,WARN,OrderProcessor,Unauthorized access attempt from 10.0.0.45,E401,Unauthorized access attempt from {ip}
7504,2026-01-10,14:22:16,CRITICAL,InventoryDB,KERNEL PANIC: Node node-3 crashed,E601,KERNEL PANIC: Node {node} crashed
7505,2026-01-10,14:51:30,INFO,WebServer,User u1813 login successful,E101,User {user} login successful
7506,2026-01-10,14:18:37,INFO,WebServer,Health check passed: WebServer,E102,Health check passed: {service}
7507,2026-01-10,14:20:02,INFO,WebServer,Health check passed: WebServer,E102,Health check passed: {service}
7508,2026-01-10,14:00:20,INFO,AuthService,Health check passed: AuthService,E102,Health check passed: {service}
7509,2026-01-10,14:03:58,INFO,AuthService,Transaction tx359384 completed in 1950ms,E104,Transaction {tx} completed in {time}ms
7510,2026-01-10,14:33:38,INFO,OrderProcessor,Page view: /home by u2658,E103,Page view: {page} by {user}
7511,2026-01-10,14:21:01,INFO,PaymentGateway,Health check passed: PaymentGateway,E102,Health check passed: {service}
7512,2026-01-10,14:06:10,INFO,PaymentGateway,Health check passed: PaymentGateway,E102,Health check passed: {service}
7513,2026-01-10,14:25:41,INFO,WebServer,Transaction tx307357 completed in 164ms,E104,Transaction {tx} completed in {time}ms
7514,2026-01-10,14:07:32,INFO,WebServer,Transaction tx353706 completed in 1713ms,E104,Transaction {tx} completed in {time}ms
7515,2026-01-10,14:45:32,INFO,AuthService,Transaction tx945656 completed in 1433ms,E104,Transaction {tx} completed in {time}ms
7516,2026-01-10,14:40:58,INFO,OrderProcessor,Page view: /home by u2138,E103,Page view: {page} by {user}
7517,2026-01-10,14:55:23,INFO,PaymentGateway,Transaction tx557617 completed in 951ms,E104,Transaction {tx} completed in {time}ms
7518,2026-01-10,14:29:00,INFO,AuthService,Health check passed: AuthService,E102,Health check passed: {service}
7519,2026-01-10,14:11:11,INFO,OrderProcessor,Page view: /home by u4509,E103,Page view: {page} by {user}
7520,2026-01-10,14:03:47,INFO,PaymentGateway,Health check passed: PaymentGateway,E102,Health check passed: {service}
7521,2026-01-10,14:11:14,INFO,AuthService,Transaction tx309536 completed in 604ms,E104,Transaction {tx} completed in {time}ms
7522,2026-01-10,14:31:17,INFO,AuthService,Page view: /home by u2814,E103,Page view: {page} by {user}
7523,2026-01-10,14:10:44,INFO,WebServer,Transaction tx965906 completed in 1478ms,E104,Transaction {tx} completed in {time}ms
7524,2026-01-10,14:02:19,INFO,WebServer,Page view: /home by u2147,E103,Page view: {page} by {user}
7525,2026-01-10,14:31:43,INFO,AuthService,Transaction tx716963 completed in 1441ms,E104,Transaction {tx} completed in {time}ms
7526,2026-01-10,14:34:48,INFO,AuthService,Page view: /home by u2055,E103,Page view: {page} by {user}
7527,2026-01-10,14:30:30,INFO,AuthService,User u4395 login successful,E101,User {user} login successful
7528,2026-01-10,14:59:23,INFO,WebServer,Page view: /home by u2991,E103,Page view: {page} by {user}
7529,2026-01-10,14:35:23,INFO,WebServer,Transaction tx166205 completed in 1277ms,E104,Transaction {tx} completed in {time}ms
7530,2026-01-10,14:23:25,INFO,AuthService,User u3209 login successful,E101,User {user} login successful
7531,2026-01-10,14:06:50,INFO,WebServer,Transaction tx524320 completed in 1304ms,E104,Transaction {tx} completed in {time}ms
7532,2026-01-10,14:55:55,INFO,WebServer,Health check passed: WebServer,E102,Health check passed: {service}
7533,2026-01-10,14:18:44,INFO,WebServer,Transaction tx380133 completed in 50ms,E104,Transaction {tx} completed in {time}ms
7534,2026-01-10,14:22:35,INFO,WebServer,User u2014 login successful,E101,User {user} login successful
7535,2026-01-10,14:51:55,INFO,WebServer,Transaction tx420207 completed in 1919ms,E104,Transaction {tx} completed in {time}ms
7536,2026-01-10,14:24:49,INFO,OrderProcessor,User u3832 login successful,E101,User {user} login successful
7537,2026-01-10,14:17:25,INFO,WebServer,User u4459 login successful,E101,User {user} login successful
7538,2026-01-10,14:36:35,INFO,WebServer,Health check passed: WebServer,E102,Health check passed: {service}
7539,2026-01-10,14:11:08,INFO,WebServer,User u1073 login successful,E101,User {user} login successful
7540,2026-01-10,14:27:19,INFO,WebServer,User u2854 login successful,E101,User {user} login successful
7541,2026-01-10,14:52:01,INFO,PaymentGateway,Page view: /home by u4843,E103,Page view: {page} by {user}
7542,2026-01-10,14:45:25,INFO,PaymentGateway,Transaction tx125787 completed in 1629ms,E104,Transaction {tx} completed in {time}ms
7543,2026-01-10,14:35:28,INFO,OrderProcessor,User u1142 login successful,E101,User {user} login successful
7544,2026-01-10,14:31:51,INFO,InventoryDB,User u1103 login successful,E101,User {user} login successful
7545,2026-01-10,14:56:46,INFO,WebServer,Page view: /home by u2822,E103,Page view: {page} by {user}
7546,2026-01-10,14:11:46,INFO,AuthService,Health check passed: AuthService,E102,Health check passed: {service}
7547,2026-01-10,14:22:52,INFO,AuthService,User u4098 login successful,E101,User {user} login successful
7548,2026-01-10,14:55:37,INFO,InventoryDB,User u1340 login successful,E101,User {user} login successful
7549,2026-01-10,14:15:58,INFO,WebServer,Transaction tx221441 completed in 1288ms,E104,Transaction {tx} completed in {time}ms
7550,2026-01-10,14:06:53,INFO,PaymentGateway,Page view: /home by u2364,E103,Page view: {page} by {user}
7551,2026-01-10,14:03:36,INFO,AuthService,Page view: /home by u3338,E103,Page view: {page} by {user}
7552,2026-01-10,14:29:28,INFO,WebServer,Page view: /home by u2553,E103,Page view: {page} by {user}
7553,2026-01-10,14:10:42,INFO,PaymentGateway,Transaction tx769682 completed in 1790ms,E104,Transaction {tx} completed in {time}ms
7554,2026-01-10,14:12:30,INFO,WebServer,Transaction tx925354 completed in 1173ms,E104,Transaction {tx} completed in {time}ms
7555,2026-01-10,14:48:43,INFO,WebServer,Health check passed: WebServer,E102,Health check passed: {service}
7556,2026-01-10,14:08:57,INFO,WebServer,User u4030 login successful,E101,User {user} login successful
7557,2026-01-10,14:06:13,INFO,PaymentGateway,Health check passed: PaymentGateway,E102,Health check passed: {service}
7558,2026-01-10,14:49:17,INFO,WebServer,Transaction tx917907 completed in 474ms,E104,Transaction {tx} completed in {time}ms
7559,2026-01-10,14:20:45,INFO,WebServer,Health check passed: WebServer,E102,Health check passed: {service}
7560,2026-01-10,14:25:21,INFO,WebServer,Page view: /home by u2444,E103,Page view: {page} by {user}
7561,2026-01-10,14:38:11,INFO,AuthService,Transaction tx930811 completed in 1886ms,E104,Transaction {tx} completed in {time}ms
7562,2026-01-10,14:15:22,INFO,OrderProcessor,Page view: /home by u2250,E103,Page view: {page} by {user}
7563,2026-01-10,14:13:08,INFO,PaymentGateway,User u3483 login successful,E101,User {user} login successful
7564,2026-01-10,14:34:22,INFO,WebServer,Transaction tx232316 completed in 471ms,E104,Transaction {tx} completed in {time}ms
7565,2026-01-10,14:08:30,INFO,WebServer,Page view: /home by u4899,E103,Page view: {page} by {user}
7566,2026-01-10,14:46:34,INFO,WebServer,Health check passed: WebServer,E102,Health check passed: {service}
7567,2026-01-10,14:02:17,INFO,AuthService,User u3700 login successful,E101,User {user} login successful
7568,2026-01-10,14:25:54,INFO,WebServer,Page view: /home by u2959,E103,Page view: {page} by {user}
7569,2026-01-10,14:43:38,WARN,InventoryDB,High latency (1170ms) detected on InventoryDB,E201,High latency ({time}ms) detected on {service}
7570,2026-01-10,14:18:26,INFO,WebServer,Transaction tx885071 completed in 973ms,E104,Transaction {tx} completed in {time}ms
7571,2026-01-10,14:36:49,INFO,WebServer,Transaction tx999191 completed in 656ms,E104,Transaction {tx} completed in {time}ms
7572,2026-01-10,14:47:19,INFO,WebServer,Page view: /home by u3615,E103,Page view: {page} by {user}
7573,2026-01-10,14:45:15,INFO,AuthService,Page view: /home by u4679,E103,Page view: {page} by {user}
7574,2026-01-10,14:22:18,INFO,WebServer,Page view: /home by u3502,E103,Page view: {page} by {user}
7575,2026-01-10,14:40:05,INFO,OrderProcessor,Health check passed: OrderProcessor,E102,Health check passed: {service}
7576,2026-01-10,14:56:49,INFO,InventoryDB,Transaction tx926342 completed in 383ms,E104,Transaction {tx} completed in {time}ms
7577,2026-01-10,14:39:40,INFO,WebServer,User u2143 login successful,E101,User {user} login successful
7578,2026-01-10,14:26:18,INFO,WebServer,Page view: /home by u2793,E103,Page view: {page} by {user}
7579,2026-01-10,14:47:33,INFO,OrderProcessor,Health check passed: OrderProcessor,E102,Health check passed: {service}
7580,2026-01-10,14:42:44,INFO,WebServer,Health check passed: WebServer,E102,Health check passed: {service}
7581,2026-01-10,14:08:49,INFO,AuthService,Health check passed: AuthService,E102,Health check passed: {service}
7582,2026-01-10,14:55:00,INFO,WebServer,Health check passed: WebServer,E102,Health check passed: {service}
7583,2026-01-10,14:06:50,INFO,AuthService,User u4646 login successful,E101,User {user} login successful
7584,2026-01-10,14:16:37,INFO,WebServer,Page view: /home by u3623,E103,Page view: {page} by {user}
7585,2026-01-10,14:31:18,ERROR,WebServer,Timeout waiting for lock on InventoryDB,E502,Timeout waiting for lock on {db}
7586,2026-01-10,14:43:48,INFO,AuthService,Health check passed: AuthService,E102,Health check passed: {service}
7587,2026-01-10,14:12:18,INFO,WebServer,Health check passed: WebServer,E102,Health check passed: {service}
7588,2026-01-10,14:43:25,INFO,WebServer,Page view: /home by u2349,E103,Page view: {page} by {user}
7589,2026-01-10,14:00:19,INFO,OrderProcessor,User u1727 login successful,E101,User {user} login successful
7590,2026-01-10,14:56:02,INFO,OrderProcessor,Health check passed: OrderProcessor,E102,Health check passed: {service}
7591,2026-01-10,14:56:16,INFO,WebServer,User u3639 login successful,E101,User {user} login successful
7592,2026-01-10,14:43:24,INFO,AuthService,User u4335 login successful,E101,User {user} login successful
7593,2026-01-10,14:51:30,INFO,AuthService,Transaction tx869900 completed in 243ms,E104,Transaction {tx} completed in {time}ms
7594,2026-01-10,14:17:43,INFO,AuthService,Page view: /home by u2190,E103,Page view: {page} by {user}
7595,2026-01-10,14:43:04,INFO,AuthService,User u1335 login successful,E101,User {user} login successful
7596,2026-01-10,14:48:08,ERROR,OrderProcessor,Payment declined: Gateway unavailable,E503,Payment declined: Gateway unavailable
7597,2026-01-10,14:38:52,INFO,WebServer,Page view: /home by u2271,E103,Page view: {page} by {user}
7598,2026-01-10,14:35:44,INFO,WebServer,Page view: /home by u2021,E103,Page view: {page} by {user}
7599,2026-01-10,14:07:58,INFO,WebServer,User u2102 login successful,E101,User {user} login successful
7600,2026-01-10,14:13:00,INFO,WebServer,User u4312 login successful,E101,User {user} login successful
7601,2026-01-10,14:00:21,INFO,WebServer,Health check passed: WebServer,E102,Health check passed: {service}
7602,2026-01-10,14:38:26,INFO,WebServer,User u1912 login successful,E101,User {user} login successful
7603,2026-01-10,14:54:48,WARN,WebServer,High latency (1910ms) detected on WebServer,E201,High latency ({time}ms) detected on {service}
7604,2026-01-10,14:45:00,INFO,WebServer,Health check passed: WebServer,E102,Health check passed: {service}
7605,2026-01-10,14:21:47,INFO,WebServer,Health check passed: WebServer,E102,Health check passed: {service}
7606,2026-01-10,14:05:19,INFO,WebServer,User u2382 login successful,E101,User {user} login successful
7607,2026-01-10,14:10:24,INFO,InventoryDB,User u3315 login successful,E101,User {user} login successful
7608,2026-01-10,14:39:01,INFO,WebServer,User u4493 login successful,E101,User {user} login successful
7609,2026-01-10,14:54:09,INFO,OrderProcessor,Page view: /home by u4757,E103,Page view: {page} by {user}
7610,2026-01-10,14:48:07,INFO,WebServer,Transaction tx855062 completed in 228ms,E104,Transaction {tx} completed in {time}ms
7611,2026-01-10,14:41:41,INFO,WebServer,User u1863 login successful,E101,User {user} login successful
7612,2026-01-10,14:52:06,INFO,AuthService,Transaction tx804067 completed in 1902ms,E104,Transaction {tx} completed in {time}ms
7613,2026-01-10,14:46:30,INFO,WebServer,Health check passed: WebServer,E102,Health check passed: {service}
7614,2026-01-10,14:29:55,INFO,InventoryDB,Transaction tx574155 completed in 1807ms,E104,Transaction {tx} completed in {time}ms
7615,2026-01-10,14:56:21,INFO,AuthService,Page view: /home by u4272,E103,Page view: {page} by {user}
7616,2026-01-10,14:32:41,INFO,WebServer,Transaction tx375662 completed in 472ms,E104,Transaction {tx} completed in {time}ms
7617,2026-01-10,14:15:27,INFO,PaymentGateway,Transaction tx485797 completed in 1047ms,E104,Transaction {tx} completed in {time}ms
7618,2026-01-10,14:07:47,INFO,PaymentGateway,User u1589 login successful,E101,User {user} login successful
7619,2026-01-10,14:34:10,INFO,PaymentGateway,Health check passed: PaymentGateway,E102,Health check passed: {service}
7620,2026-01-10,14:17:03,INFO,WebServer,User u3667 login successful,E101,User {user} login successful
7621,2026-01-10,14:46:17,INFO,WebServer,Page view: /home by u2318,E103,Page view: {page} by {user}
7622,2026-01-10,14:28:28,INFO,AuthService,Page view: /home by u1048,E103,Page view: {page} by {user}
7623,2026-01-10,14:40:28,INFO,InventoryDB,Page view: /home by u3391,E103,Page view: {page} by {user}
7624,2026-01-10,14:25:49,INFO,WebServer,User u3412 login successful,E101,User {user} login successful
7625,2026-01-10,14:59:36,WARN,WebServer,Disk usage > 85% on node node-5,E202,Disk usage > 85% on node {node}
7626,2026-01-10,14:09:08,INFO,WebServer,Transaction tx625594 completed in 1790ms,E104,Transaction {tx} completed in {time}ms
7627,2026-01-10,14:33:39,INFO,WebServer,Page view: /home by u2409,E103,Page view: {page} by {user}
7628,2026-01-10,14:58:51,INFO,OrderProcessor,Page view: /home by u1066,E103,Page view: {page} by {user}
7629,2026-01-10,14:17:23,INFO,AuthService,Health check passed: AuthService,E102,Health check passed: {service}
7630,2026-01-10,14:22:34,INFO,OrderProcessor,Page view: /home by u1760,E103,Page view: {page} by {user}
7631,2026-01-10,14:54:41,INFO,OrderProcessor,Page view: /home by u2325,E103,Page view: {page} by {user}
7632,2026-01-10,14:10:35,INFO,WebServer,Transaction tx371025 completed in 1628ms,E104,Transaction {tx} completed in {time}ms
7633,2026-01-10,14:07:26,INFO,WebServer,Transaction tx693831 completed in 1940ms,E104,Transaction {tx} completed in {time}ms
7634,2026-01-10,14:33:21,INFO,AuthService,Transaction tx682822 completed in 651ms,E104,Transaction {tx} completed in {time}ms
7635,2026-01-10,14:50:15,INFO,WebServer,Page view: /home by u4385,E103,Page view: {page} by {user}
7636,2026-01-10,14:56:58,INFO,WebServer,Transaction tx554387 completed in 1557ms,E104,Transaction {tx} completed in {time}ms
7637,2026-01-10,14:14:53,INFO,AuthService,Transaction tx135904 completed in 531ms,E104,Transaction {tx} completed in {time}ms
7638,2026-01-10,14:46:42,INFO,AuthService,User u4108 login successful,E101,User {user} login successful
7639,2026-01-10,14:29:59,INFO,WebServer,Transaction tx329654 completed in 809ms,E104,Transaction {tx} completed in {time}ms
7640,2026-01-10,14:23:47,INFO,OrderProcessor,User u2779 login successful,E101,User {user} login successful
7641,2026-01-10,14:22:14,INFO,WebServer,Transaction tx648085 completed in 1392ms,E104,Transaction {tx} completed in {time}ms
7642,2026-01-10,14:25:17,INFO,OrderProcessor,User u3142 login successful,E101,User {user} login successful
7643,2026-01-10,14:06:41,INFO,WebServer,Page view: /home by u2143,E103,Page view: {page} by {user}
7644,2026-01-10,14:41:07,INFO,WebServer,Health check passed: WebServer,E102,Health check passed: {service}
7645,2026-01-10,14:42:55,INFO,InventoryDB,Page view: /home by u4582,E103,Page view: {page} by {user}
7646,2026-01-10,14:31:38,INFO,AuthService,User u1019 login successful,E101,User {user} login successful
7647,2026-01-10,14:14:51,INFO,WebServer,User u2856 login successful,E101,User {user} login successful
7648,2026-01-10,14:07:04,INFO,WebServer,Transaction tx215654 completed in 412ms,E104,Transaction {tx} completed in {time}ms
7649,2026-01-10,14:56:49,INFO,WebServer,Health check passed: WebServer,E102,Health check passed: {service}
7650,2026-01-10,14:36:49,INFO,AuthService,Page view: /home by u4625,E103,Page view: {page} by {user}
7651,2026-01-10,14:31:37,INFO,OrderProcessor,User u2903 login successful,E101,User {user} login successful
7652,2026-01-10,14:31:41,INFO,WebServer,Health check passed: WebServer,E102,Health check passed: {service}
7653,2026-01-10,14:37:43,INFO,PaymentGateway,Page view: /home by u3953,E103,Page view: {page} by {user}
7654,2026-01-10,14:35:15,INFO,WebServer,Health check passed: WebServer,E102,Health check passed: {service}
7655,2026-01-10,14:03:49,INFO,WebServer,Transaction tx972509 completed in 105ms,E104,Transaction {tx} completed in {time}ms
7656,2026-01-10,14:05:33,WARN,WebServer,Unauthorized access attempt from 10.0.0.45,E401,Unauthorized access attempt from {ip}
7657,2026-01-10,14:50:44,WARN,WebServer,Disk usage > 85% on node node-1,E202,Disk usage > 85% on node {node}
7658,2026-01-10,14:55:24,WARN,WebServer,Unauthorized access attempt from 10.0.0.45,E401,Unauthorized access attempt from {ip}
7659,2026-01-10,14:24:48,INFO,WebServer,Health check passed: WebServer,E102,Health check passed: {service}
7660,2026-01-10,14:42:13,INFO,InventoryDB,Transaction tx944029 completed in 25ms,E104,Transaction {tx} completed in {time}ms
7661,2026-01-10,14:47:50,WARN,AuthService,Unauthorized access attempt from 10.0.0.45,E401,Unauthorized access attempt from {ip}
7662,2026-01-10,14:41:57,INFO,WebServer,User u3703 login successful,E101,User {user} login successful
7663,2026-01-10,14:05:32,INFO,WebServer,Page view: /home by u2643,E103,Page view: {page} by {user}
7664,2026-01-10,14:52:35,INFO,WebServer,Transaction tx876479 completed in 718ms,E104,Transaction {tx} completed in {time}ms
7665,2026-01-10,14:44:17,INFO,AuthService,Transaction tx167621 completed in 697ms,E104,Transaction {tx} completed in {time}ms
7666,2026-01-10,14:44:14,INFO,WebServer,Page view: /home by u3468,E103,Page view: {page} by {user}
7667,2026-01-10,14:38:10,INFO,AuthService,Health check passed: AuthService,E102,Health check passed: {service}
7668,2026-01-10,14:30:47,INFO,OrderProcessor,Transaction tx859692 completed in 1655ms,E104,Transaction {tx} completed in {time}ms
7669,2026-01-10,14:25:53,WARN,OrderProcessor,Unauthorized access attempt from 10.0.0.12,E401,Unauthorized access attempt from {ip}
7670,2026-01-10,14:11:46,INFO,AuthService,Transaction tx667472 completed in 63ms,E104,Transaction {tx} completed in {time}ms
7671,2026-01-10,14:49:25,INFO,WebServer,Transaction tx893419 completed in 1537ms,E104,Transaction {tx} completed in {time}ms
7672,2026-01-10,14:49:27,INFO,PaymentGateway,Health check passed: PaymentGateway,E102,Health check passed: {service}
7673,2026-01-10,14:30:52,INFO,PaymentGateway,Page view: /home by u1095,E103,Page view: {page} by {user}
7674,2026-01-10,14:45:25,INFO,WebServer,User u4737 login successful,E101,User {user} login successful
7675,2026-01-10,14:25:06,INFO,WebServer,Transaction tx279713 completed in 1590ms,E104,Transaction {tx} completed in {time}ms
7676,2026-01-10,14:25:20,INFO,PaymentGateway,Page view: /home by u3677,E103,Page view: {page} by {user}
7677,2026-01-10,14:04:32,INFO,InventoryDB,Page view: /home by u3593,E103,Page view: {page} by {user}
7678,2026-01-10,14:04:51,INFO,AuthService,Health check passed: AuthService,E102,Health check passed: {service}
7679,2026-01-10,14:27:21,INFO,WebServer,User u3412 login successful,E101,User {user} login successful
7680,2026-01-10,14:02:09,INFO,WebServer,Page view: /home by u4543,E103,Page view: {page} by {user}
7681,2026-01-10,14:14:45,INFO,WebServer,Transaction tx910344 completed in 1021ms,E104,Transaction {tx} completed in {time}ms
7682,2026-01-10,14:20:20,INFO,OrderProcessor,Page view: /home by u3838,E103,Page view: {page} by {user}
7683,2026-01-10,14:49:30,INFO,WebServer,Page view: /home by u4939,E103,Page view: {page} by {user}
7684,2026-01-10,14:41:47,INFO,WebServer,Page view: /home by u4922,E103,Page view: {page} by {user}
7685,2026-01-10,14:31:53,INFO,WebServer,User u3912 login successful,E101,User {user} login successful
7686,2026-01-10,14:15:50,INFO,WebServer,Transaction tx410500 completed in 1942ms,E104,Transaction {tx} completed in {time}ms
7687,2026-01-10,14:39:28,INFO,AuthService,Transaction tx413539 completed in 1948ms,E104,Transaction {tx} completed in {time}ms
7688,2026-01-10,14:35:34,INFO,OrderProcessor,Health check passed: OrderProcessor,E102,Health check passed: {service}
7689,2026-01-10,14:13:55,INFO,WebServer,Transaction tx961768 completed in 635ms,E104,Transaction {tx} completed in {time}ms
7690,2026-01-10,14:28:03,INFO,WebServer,Health check passed: WebServer,E102,Health check passed: {service}
7691,2026-01-10,14:58:30,INFO,WebServer,Transaction tx964518 completed in 1748ms,E104,Transaction {tx} completed in {time}ms
7692,2026-01-10,14:32:47,INFO,OrderProcessor,User u2688 login successful,E101,User {user} login successful
7693,2026-01-10,14:14:49,INFO,PaymentGateway,Health check passed: PaymentGateway,E102,Health check passed: {service}
7694,2026-01-10,14:08:06,INFO,WebServer,User u1627 login successful,E101,User {user} login successful
7695,2026-01-10,14:22:30,INFO,PaymentGateway,Page view: /home by u4463,E103,Page view: {page} by {user}
7696,2026-01-10,14:47:58,INFO,WebServer,Health check passed: WebServer,E102,Health check passed: {service}
7697,2026-01-10,14:40:31,INFO,OrderProcessor,User u4808 login successful,E101,User {user} login successful
7698,2026-01-10,14:22:07,INFO,OrderProcessor,User u2143 login successful,E101,User {user} login successful
7699,2026-01-10,14:58:05,INFO,WebServer,User u3482 login successful,E101,User {user} login successful
7700,2026-01-10,14:43:41,INFO,OrderProcessor,Health check passed: OrderProcessor,E102,Health check passed: {service}
7701,2026-01-10,14:24:44,INFO,WebServer,User u2581 login successful,E101,User {user} login successful
7702,2026-01-10,14:47:28,WARN,AuthService,High latency (1251ms) detected on AuthService,E201,High latency ({time}ms) detected on {service}
7703,2026-01-10,14:30:31,INFO,AuthService,Page view: /home by u1013,E103,Page view: {page} by {user}
7704,2026-01-10,14:55:14,INFO,WebServer,Health check passed: WebServer,E102,Health check passed: {service}
7705,2026-01-10,14:11:29,INFO,OrderProcessor,Transaction tx262180 completed in 1192ms,E104,Transaction {tx} completed in {time}ms
7706,2026-01-10,14:04:49,INFO,WebServer,Health check passed: WebServer,E102,Health check passed: {service}
7707,2026-01-10,14:16:57,INFO,WebServer,Transaction tx323982 completed in 835ms,E104,Transaction {tx} completed in {time}ms
7708,2026-01-10,14:43:01,INFO,AuthService,Page view: /home by u2606,E103,Page view: {page} by {user}
7709,2026-01-10,14:40:41,INFO,PaymentGateway,Page view: /home by u4709,E103,Page view: {page} by {user}
7710,2026-01-10,14:36:54,WARN,AuthService,Unauthorized access attempt from 10.0.0.45,E401,Unauthorized access attempt from {ip}
7711,2026-01-10,14:36:52,INFO,WebServer,User u4268 login successful,E101,User {user} login successful
7712,2026-01-10,14:41:06,INFO,AuthService,Health check passed: AuthService,E102,Health check passed: {service}
7713,2026-01-10,14:24:11,INFO,WebServer,User u2087 login successful,E101,User {user} login successful
7714,2026-01-10,14:08:38,WARN,WebServer,Disk usage > 85% on node node-5,E202,Disk usage > 85% on node {node}
7715,2026-01-10,14:05:26,INFO,OrderProcessor,Page view: /home by u4529,E103,Page view: {page} by {user}
7716,2026-01-10,14:18:07,INFO,WebServer,Page view: /home by u2195,E103,Page view: {page} by {user}
7717,2026-01-10,14:30:51,INFO,OrderProcessor,Page view: /home by u3580,E103,Page view: {page} by {user}
7718,2026-01-10,14:40:17,INFO,AuthService,User u2963 login successful,E101,User {user} login successful
7719,2026-01-10,14:03:08,INFO,OrderProcessor,Health check passed: OrderProcessor,E102,Health check passed: {service}
7720,2026-01-10,14:23:28,INFO,OrderProcessor,Health check passed: OrderProcessor,E102,Health check passed: {service}
7721,2026-01-10,14:05:49,INFO,OrderProcessor,Health check passed: OrderProcessor,E102,Health check passed: {service}
7722,2026-01-10,14:01:29,INFO,AuthService,Page view: /home by u1203,E103,Page view: {page} by {user}
7723,2026-01-10,14:27:52,INFO,InventoryDB,User u1529 login successful,E101,User {user} login successful
7724,2026-01-10,14:32:10,INFO,OrderProcessor,Health check passed: OrderProcessor,E102,Health check passed: {service}
7725,2026-01-10,14:16:08,ERROR,OrderProcessor,Payment declined: Gateway unavailable,E503,Payment declined: Gateway unavailable
7726,2026-01-10,14:06:46,INFO,WebServer,Health check passed: WebServer,E102,Health check passed: {service}
7727,2026-01-10,14:51:19,INFO,InventoryDB,Health check passed: InventoryDB,E102,Health check passed: {service}
7728,2026-01-10,14:00:42,INFO,PaymentGateway,User u1953 login successful,E101,User {user} login successful
7729,2026-01-10,14:05:56,WARN,WebServer,High latency (1134ms) detected on WebServer,E201,High latency ({time}ms) detected on {service}
7730,2026-01-10,14:08:57,INFO,PaymentGateway,Transaction tx539597 completed in 226ms,E104,Transaction {tx} completed in {time}ms
7731,2026-01-10,14:58:36,WARN,OrderProcessor,Disk usage > 85% on node node-3,E202,Disk usage > 85% on node {node}
7732,2026-01-10,14:01:36,INFO,WebServer,User u3056 login successful,E101,User {user} login successful
7733,2026-01-10,14:55:38,INFO,AuthService,Transaction tx731510 completed in 1311ms,E104,Transaction {tx} completed in {time}ms
7734,2026-01-10,14:43:44,INFO,WebServer,User u2134 login successful,E101,User {user} login successful
7735,2026-01-10,14:23:26,INFO,WebServer,Page view: /home by u1310,E103,Page view: {page} by {user}
7736,2026-01-10,14:42:04,INFO,AuthService,Page view: /home by u4354,E103,Page view: {page} by {user}
7737,2026-01-10,14:57:58,INFO,OrderProcessor,Page view: /home by u1024,E103,Page view: {page} by {user}
7738,2026-01-10,14:52:20,WARN,OrderProcessor,High latency (686ms) detected on OrderProcessor,E201,High latency ({time}ms) detected on {service}
7739,2026-01-10,14:15:02,INFO,WebServer,Transaction tx784165 completed in 1797ms,E104,Transaction {tx} completed in {time}ms
7740,2026-01-10,14:43:00,INFO,WebServer,Health check passed: WebServer,E102,Health check passed: {service}
7741,2026-01-10,14:31:45,WARN,WebServer,High latency (1947ms) detected on WebServer,E201,High latency ({time}ms) detected on {service}
7742,2026-01-10,14:36:51,INFO,PaymentGateway,Health check passed: PaymentGateway,E102,Health check passed: {service}
7743,2026-01-10,14:59:24,INFO,WebServer,Health check passed: WebServer,E102,Health check passed: {service}
7744,2026-01-10,14:49:20,INFO,PaymentGateway,Page view: /home by u3905,E103,Page view: {page} by {user}
7745,2026-01-10,14:42:11,INFO,WebServer,Transaction tx937010 completed in 1992ms,E104,Transaction {tx} completed in {time}ms
7746,2026-01-10,14:40:45,INFO,WebServer,Page view: /home by u1748,E103,Page view: {page} by {user}
7747,2026-01-10,14:15:24,INFO,OrderProcessor,Page view: /home by u4114,E103,Page view: {page} by {user}
7748,2026-01-10,14:44:13,INFO,WebServer,Health check passed: WebServer,E102,Health check passed: {service}
7749,2026-01-10,14:36:48,INFO,WebServer,Page view: /home by u3194,E103,Page view: {page} by {user}
7750,2026-01-10,14:26:13,INFO,WebServer,Transaction tx646124 completed in 1982ms,E104,Transaction {tx} completed in {time}ms
7751,2026-01-10,14:22:27,INFO,WebServer,Transaction tx884441 completed in 950ms,E104,Transaction {tx} completed in {time}ms
7752,2026-01-10,14:49:54,INFO,WebServer,Transaction tx397815 completed in 682ms,E104,Transaction {tx} completed in {time}ms
7753,2026-01-10,14:52:42,INFO,WebServer,Page view: /home by u1978,E103,Page view: {page} by {user}
7754,2026-01-10,14:42:16,INFO,WebServer,User u2281 login successful,E101,User {user} login successful
7755,2026-01-10,14:03:44,INFO,WebServer,User u2888 login successful,E101,User {user} login successful
7756,2026-01-10,14:56:57,WARN,OrderProcessor,Disk usage > 85% on node node-1,E202,Disk usage > 85% on node {node}
7757,2026-01-10,14:05:52,INFO,OrderProcessor,Page view: /home by u3586,E103,Page view: {page} by {user}
7758,2026-01-10,14:24:43,INFO,AuthService,Health check passed: AuthService,E102,Health check passed: {service}
7759,2026-01-10,14:28:32,INFO,AuthService,Transaction tx855392 completed in 1866ms,E104,Transaction {tx} completed in {time}ms
7760,2026-01-10,14:02:19,INFO,AuthService,User u1462 login successful,E101,User {user} login successful
7761,2026-01-10,14:27:07,INFO,WebServer,Page view: /home by u1552,E103,Page view: {page} by {user}
7762,2026-01-10,14:14:18,ERROR,WebServer,Payment declined: Gateway unavailable,E503,Payment declined: Gateway unavailable
7763,2026-01-10,14:16:55,INFO,WebServer,User u3335 login successful,E101,User {user} login successful
7764,2026-01-10,14:42:54,INFO,OrderProcessor,Health check passed: OrderProcessor,E102,Health check passed: {service}
7765,2026-01-10,14:24:26,INFO,WebServer,User u2213 login successful,E101,User {user} login successful
7766,2026-01-10,14:15:23,WARN,PaymentGateway,Unauthorized access attempt from 10.0.0.45,E401,Unauthorized access attempt from {ip}
7767,2026-01-10,14:05:41,INFO,AuthService,Health check passed: AuthService,E102,Health check passed: {service}
7768,2026-01-10,14:09:44,INFO,AuthService,Page view: /home by u2898,E103,Page view: {page} by {user}
7769,2026-01-10,14:47:59,INFO,WebServer,Health check passed: WebServer,E102,Health check passed: {service}
7770,2026-01-10,14:57:53,INFO,WebServer,User u3065 login successful,E101,User {user} login successful
7771,2026-01-10,14:23:34,INFO,AuthService,Transaction tx364291 completed in 276ms,E104,Transaction {tx} completed in {time}ms
7772,2026-01-10,14:13:41,INFO,AuthService,Transaction tx937769 completed in 1320ms,E104,Transaction {tx} completed in {time}ms
7773,2026-01-10,14:37:34,INFO,WebServer,User u1514 login successful,E101,User {user} login successful
7774,2026-01-10,14:27:51,INFO,PaymentGateway,Health check passed: PaymentGateway,E102,Health check passed: {service}
7775,2026-01-10,14:08:56,INFO,WebServer,User u4110 login successful,E101,User {user} login successful
7776,2026-01-10,14:51:17,INFO,WebServer,User u2443 login successful,E101,User {user} login successful
7777,2026-01-10,14:16:16,INFO,OrderProcessor,User u1721 login successful,E101,User {user} login successful
7778,2026-01-10,14:28:50,INFO,WebServer,Transaction tx594485 completed in 411ms,E104,Transaction {tx} completed in {time}ms
7779,2026-01-10,14:28:14,INFO,PaymentGateway,User u3848 login successful,E101,User {user} login successful
7780,2026-01-10,14:05:20,INFO,WebServer,Transaction tx622955 completed in 193ms,E104,Transaction {tx} completed in {time}ms
7781,2026-01-10,14:36:02,INFO,AuthService,Page view: /home by u3774,E103,Page view: {page} by {user}
7782,2026-01-10,14:05:57,INFO,AuthService,Health check passed: AuthService,E102,Health check passed: {service}
7783,2026-01-10,14:04:06,INFO,AuthService,Transaction tx716583 completed in 1126ms,E104,Transaction {tx} completed in {time}ms
7784,2026-01-10,14:51:11,INFO,WebServer,Transaction tx728983 completed in 754ms,E104,Transaction {tx} completed in {time}ms
7785,2026-01-10,14:45:52,INFO,WebServer,Transaction tx151167 completed in 1917ms,E104,Transaction {tx} completed in {time}ms
7786,2026-01-10,14:27:34,INFO,WebServer,Page view: /home by u3694,E103,Page view: {page} by {user}
7787,2026-01-10,14:51:31,INFO,WebServer,Transaction tx568417 completed in 672ms,E104,Transaction {tx} completed in {time}ms
7788,2026-01-10,14:55:28,INFO,WebServer,User u3630 login successful,E101,User {user} login successful
7789,2026-01-10,14:58:08,INFO,WebServer,Page view: /home by u3933,E103,Page view: {page} by {user}
7790,2026-01-10,14:20:21,INFO,WebServer,Transaction tx691772 completed in 344ms,E104,Transaction {tx} completed in {time}ms
7791,2026-01-10,14:33:43,INFO,WebServer,Transaction tx375553 completed in 599ms,E104,Transaction {tx} completed in {time}ms
7792,2026-01-10,14:39:26,INFO,PaymentGateway,Health check passed: PaymentGateway,E102,Health check passed: {service}
7793,2026-01-10,14:53:28,INFO,WebServer,Transaction tx331758 completed in 1513ms,E104,Transaction {tx} completed in {time}ms
7794,2026-01-10,14:08:10,INFO,AuthService,Transaction tx867560 completed in 479ms,E104,Transaction {tx} completed in {time}ms
7795,2026-01-10,14:03:15,INFO,WebServer,Health check passed: WebServer,E102,Health check passed: {service}
7796,2026-01-10,14:29:27,INFO,OrderProcessor,Page view: /home by u2372,E103,Page view: {page} by {user}
7797,2026-01-10,14:00:46,INFO,WebServer,Transaction tx836942 completed in 125ms,E104,Transaction {tx} completed in {time}ms
7798,2026-01-10,14:07:31,INFO,InventoryDB,User u2819 login successful,E101,User {user} login successful
7799,2026-01-10,14:42:38,INFO,OrderProcessor,Transaction tx451772 completed in 112ms,E104,Transaction {tx} completed in {time}ms
7800,2026-01-10,14:45:59,INFO,WebServer,Health check passed: WebServer,E102,Health check passed: {service}
7801,2026-01-10,14:00:17,INFO,PaymentGateway,Health check passed: PaymentGateway,E102,Health check passed: {service}
7802,2026-01-10,14:13:55,INFO,WebServer,Transaction tx303352 completed in 498ms,E104,Transaction {tx} completed in {time}ms
7803,2026-01-10,14:58:23,INFO,WebServer,Health check passed: WebServer,E102,Health check passed: {service}
7804,2026-01-10,14:11:54,INFO,WebServer,Transaction tx491120 completed in 619ms,E104,Transaction {tx} completed in {time}ms
7805,2026-01-10,14:19:30,INFO,WebServer,Transaction tx876716 completed in 551ms,E104,Transaction {tx} completed in {time}ms
7806,2026-01-10,14:58:53,INFO,AuthService,Transaction tx882318 completed in 1004ms,E104,Transaction {tx} completed in {time}ms
7807,2026-01-10,14:07:50,INFO,AuthService,User u2963 login successful,E101,User {user} login successful
7808,2026-01-10,14:10:59,INFO,AuthService,Transaction tx934207 completed in 344ms,E104,Transaction {tx} completed in {time}ms
7809,2026-01-10,14:14:23,INFO,AuthService,Health check passed: AuthService,E102,Health check passed: {service}
7810,2026-01-10,14:35:06,INFO,WebServer,Transaction tx810562 completed in 1380ms,E104,Transaction {tx} completed in {time}ms
7811,2026-01-10,14:39:07,INFO,InventoryDB,Page view: /home by u2322,E103,Page view: {page} by {user}
7812,2026-01-10,14:15:27,INFO,WebServer,User u2018 login successful,E101,User {user} login successful
7813,2026-01-10,14:27:03,INFO,AuthService,User u4841 login successful,E101,User {user} login successful
7814,2026-01-10,14:45:42,INFO,AuthService,User u4373 login successful,E101,User {user} login successful
7815,2026-01-10,14:12:55,INFO,WebServer,Health check passed: WebServer,E102,Health check passed: {service}
7816,2026-01-10,14:22:26,INFO,OrderProcessor,Page view: /home by u2822,E103,Page view: {page} by {user}
7817,2026-01-10,14:36:23,INFO,AuthService,Health check passed: AuthService,E102,Health check passed: {service}
7818,2026-01-10,14:23:04,INFO,WebServer,User u3673 login successful,E101,User {user} login successful
7819,2026-01-10,14:01:24,INFO,AuthService,Page view: /home by u2510,E103,Page view: {page} by {user}
7820,2026-01-10,14:53:24,INFO,WebServer,Transaction tx452907 completed in 628ms,E104,Transaction {tx} completed in {time}ms
7821,2026-01-10,14:30:27,INFO,AuthService,Page view: /home by u4147,E103,Page view: {page} by {user}
7822,2026-01-10,14:56:06,INFO,WebServer,User u1945 login successful,E101,User {user} login successful
7823,2026-01-10,14:09:06,INFO,AuthService,Page view: /home by u3587,E103,Page view: {page} by {user}
7824,2026-01-10,14:13:08,INFO,AuthService,User u3812 login successful,E101,User {user} login successful
7825,2026-01-10,14:22:36,INFO,AuthService,Transaction tx757496 completed in 1869ms,E104,Transaction {tx} completed in {time}ms
7826,2026-01-10,14:09:44,INFO,WebServer,User u1305 login successful,E101,User {user} login successful
7827,2026-01-10,14:45:55,INFO,WebServer,Transaction tx969705 completed in 1662ms,E104,Transaction {tx} completed in {time}ms
7828,2026-01-10,14:10:12,INFO,WebServer,Page view: /home by u4191,E103,Page view: {page} by {user}
7829,2026-01-10,14:24:18,INFO,OrderProcessor,Transaction tx173681 completed in 112ms,E104,Transaction {tx} completed in {time}ms
7830,2026-01-10,14:02:06,INFO,WebServer,Page view: /home by u1900,E103,Page view: {page} by {user}
7831,2026-01-10,14:30:54,INFO,AuthService,Transaction tx801865 completed in 1240ms,E104,Transaction {tx} completed in {time}ms
7832,2026-01-10,14:03:52,INFO,WebServer,Health check passed: WebServer,E102,Health check passed: {service}
7833,2026-01-10,14:42:50,INFO,OrderProcessor,User u1791 login successful,E101,User {user} login successful
7834,2026-01-10,14:52:40,INFO,WebServer,Page view: /home by u2819,E103,Page view: {page} by {user}
7835,2026-01-10,14:03:56,INFO,WebServer,Transaction tx757111 completed in 113ms,E104,Transaction {tx} completed in {time}ms
7836,2026-01-10,14:45:57,INFO,InventoryDB,Transaction tx160040 completed in 281ms,E104,Transaction {tx} completed in {time}ms
7837,2026-01-10,14:13:21,INFO,InventoryDB,User u1181 login successful,E101,User {user} login successful
7838,2026-01-10,14:44:24,INFO,WebServer,Health check passed: WebServer,E102,Health check passed: {service}
7839,2026-01-10,14:57:42,INFO,WebServer,User u1040 login successful,E101,User {user} login successful
7840,2026-01-10,14:31:48,INFO,WebServer,Page view: /home by u4079,E103,Page view: {page} by {user}
7841,2026-01-10,14:41:39,WARN,WebServer,Disk usage > 85% on node node-1,E202,Disk usage > 85% on node {node}
7842,2026-01-10,14:31:46,INFO,WebServer,User u1035 login successful,E101,User {user} login successful
7843,2026-01-10,14:18:02,INFO,PaymentGateway,Page view: /home by u4431,E103,Page view: {page} by {user}
7844,2026-01-10,14:25:37,INFO,WebServer,Page view: /home by u4312,E103,Page view: {page} by {user}
7845,2026-01-10,14:44:39,INFO,AuthService,User u4064 login successful,E101,User {user} login successful
7846,2026-01-10,14:06:24,INFO,WebServer,Transaction tx918648 completed in 1325ms,E104,Transaction {tx} completed in {time}ms
7847,2026-01-10,14:52:43,INFO,WebServer,Page view: /home by u1978,E103,Page view: {page} by {user}
7848,2026-01-10,14:22:47,INFO,AuthService,Transaction tx681664 completed in 1712ms,E104,Transaction {tx} completed in {time}ms
7849,2026-01-10,14:41:19,INFO,WebServer,User u3052 login successful,E101,User {user} login successful
7850,2026-01-10,14:58:45,INFO,AuthService,Page view: /home by u4752,E103,Page view: {page} by {user}
7851,2026-01-10,14:47:04,INFO,WebServer,Health check passed: WebServer,E102,Health check passed: {service}
7852,2026-01-10,14:51:03,INFO,WebServer,Page view: /home by u3292,E103,Page view: {page} by {user}
7853,2026-01-10,14:33:10,INFO,OrderProcessor,Transaction tx443133 completed in 1308ms,E104,Transaction {tx} completed in {time}ms
7854,2026-01-10,14:05:34,INFO,PaymentGateway,Transaction tx464124 completed in 57ms,E104,Transaction {tx} completed in {time}ms
7855,2026-01-10,14:10:05,INFO,AuthService,Transaction tx720441 completed in 360ms,E104,Transaction {tx} completed in {time}ms
7856,2026-01-10,14:24:09,INFO,WebServer,Health check passed: WebServer,E102,Health check passed: {service}
7857,2026-01-10,14:04:49,INFO,InventoryDB,Transaction tx806402 completed in 1809ms,E104,Transaction {tx} completed in {time}ms
7858,2026-01-10,14:21:30,INFO,PaymentGateway,Health check passed: PaymentGateway,E102,Health check passed: {service}
7859,2026-01-10,14:26:56,INFO,PaymentGateway,Health check passed: PaymentGateway,E102,Health check passed: {service}
7860,2026-01-10,14:38:02,INFO,WebServer,Transaction tx749554 completed in 620ms,E104,Transaction {tx} completed in {time}ms
7861,2026-01-10,14:43:40,INFO,AuthService,Page view: /home by u1179,E103,Page view: {page} by {user}
7862,2026-01-10,14:08:20,INFO,WebServer,Health check passed: WebServer,E102,Health check passed: {service}
7863,2026-01-10,14:26:41,INFO,PaymentGateway,Transaction tx935481 completed in 47ms,E104,Transaction {tx} completed in {time}ms
7864,2026-01-10,14:02:12,INFO,AuthService,Page view: /home by u4409,E103,Page view: {page} by {user}
7865,2026-01-10,14:52:12,INFO,WebServer,User u4478 login successful,E101,User {user} login successful
7866,2026-01-10,14:20:30,INFO,WebServer,User u4302 login successful,E101,User {user} login successful
7867,2026-01-10,14:49:32,INFO,WebServer,Page view: /home by u4389,E103,Page view: {page} by {user}
7868,2026-01-10,14:55:03,INFO,WebServer,Transaction tx518930 completed in 994ms,E104,Transaction {tx} completed in {time}ms
7869,2026-01-10,14:08:55,INFO,OrderProcessor,Page view: /home by u2121,E103,Page view: {page} by {user}
7870,2026-01-10,14:02:24,WARN,AuthService,High latency (106ms) detected on AuthService,E201,High latency ({time}ms) detected on {service}
7871,2026-01-10,14:22:35,INFO,WebServer,User u1933 login successful,E101,User {user} login successful
7872,2026-01-10,14:18:30,INFO,WebServer,Page view: /home by u2173,E103,Page view: {page} by {user}
7873,2026-01-10,14:10:35,INFO,OrderProcessor,Transaction tx173643 completed in 1676ms,E104,Transaction {tx} completed in {time}ms
7874,2026-01-10,14:18:15,INFO,WebServer,User u2377 login successful,E101,User {user} login successful
7875,2026-01-10,14:39:00,INFO,WebServer,Health check passed: WebServer,E102,Health check passed: {service}
7876,2026-01-10,14:02:45,INFO,OrderProcessor,User u4662 login successful,E101,User {user} login successful
7877,2026-01-10,14:33:23,INFO,AuthService,Transaction tx496514 completed in 1933ms,E104,Transaction {tx} completed in {time}ms
7878,2026-01-10,14:18:48,INFO,WebServer,Health check passed: WebServer,E102,Health check passed: {service}
7879,2026-01-10,14:55:12,INFO,WebServer,User u2437 login successful,E101,User {user} login successful
7880,2026-01-10,14:45:13,INFO,WebServer,Transaction tx510293 completed in 908ms,E104,Transaction {tx} completed in {time}ms
7881,2026-01-10,14:28:34,INFO,AuthService,User u2265 login successful,E101,User {user} login successful
7882,2026-01-10,14:47:11,WARN,WebServer,High latency (1693ms) detected on WebServer,E201,High latency ({time}ms) detected on {service}
7883,2026-01-10,14:38:27,INFO,WebServer,Transaction tx785922 completed in 528ms,E104,Transaction {tx} completed in {time}ms
7884,2026-01-10,14:29:27,INFO,InventoryDB,Health check passed: InventoryDB,E102,Health check passed: {service}
7885,2026-01-10,14:23:50,INFO,AuthService,Transaction tx212844 completed in 1262ms,E104,Transaction {tx} completed in {time}ms
7886,2026-01-10,14:34:47,INFO,PaymentGateway,User u4056 login successful,E101,User {user} login successful
7887,2026-01-10,14:42:40,INFO,AuthService,Transaction tx181121 completed in 823ms,E104,Transaction {tx} completed in {time}ms
7888,2026-01-10,14:29:49,INFO,WebServer,User u3554 login successful,E101,User {user} login successful
7889,2026-01-10,14:02:10,INFO,WebServer,Health check passed: WebServer,E102,Health check passed: {service}
7890,2026-01-10,14:40:21,INFO,WebServer,User u4452 login successful,E101,User {user} login successful
7891,2026-01-10,14:15:01,INFO,AuthService,Page view: /home by u1196,E103,Page view: {page} by {user}
7892,2026-01-10,14:01:51,INFO,AuthService,Transaction tx301324 completed in 171ms,E104,Transaction {tx} completed in {time}ms
7893,2026-01-10,14:08:40,INFO,PaymentGateway,Health check passed: PaymentGateway,E102,Health check passed: {service}
7894,2026-01-10,14:08:20,INFO,WebServer,Health check passed: WebServer,E102,Health check passed: {service}
7895,2026-01-10,14:31:41,INFO,WebServer,Page view: /home by u1676,E103,Page view: {page} by {user}
7896,2026-01-10,14:32:37,INFO,WebServer,Health check passed: WebServer,E102,Health check passed: {service}
7897,2026-01-10,14:48:10,INFO,AuthService,Transaction tx720464 completed in 898ms,E104,Transaction {tx} completed in {time}ms
7898,2026-01-10,14:54:53,INFO,AuthService,Page view: /home by u4899,E103,Page view: {page} by {user}
7899,2026-01-10,14:15:17,INFO,AuthService,Page view: /home by u4181,E103,Page view: {page} by {user}
7900,2026-01-10,14:39:56,INFO,WebServer,Transaction tx726295 completed in 658ms,E104,Transaction {tx} completed in {time}ms
7901,2026-01-10,14:37:21,INFO,AuthService,Health check passed: AuthService,E102,Health check passed: {service}
7902,2026-01-10,14:29:20,INFO,AuthService,Health check passed: AuthService,E102,Health check passed: {service}
7903,2026-01-10,14:05:43,INFO,OrderProcessor,User u3884 login successful,E101,User {user} login successful
7904,2026-01-10,14:02:52,WARN,WebServer,Disk usage > 85% on node node-3,E202,Disk usage > 85% on node {node}
7905,2026-01-10,14:00:45,INFO,WebServer,Transaction tx123541 completed in 1955ms,E104,Transaction {tx} completed in {time}ms
7906,2026-01-10,14:55:39,INFO,WebServer,Page view: /home by u4675,E103,Page view: {page} by {user}
7907,2026-01-10,14:23:20,INFO,WebServer,User u4364 login successful,E101,User {user} login successful
7908,2026-01-10,14:53:27,INFO,WebServer,User u2732 login successful,E101,User {user} login successful
7909,2026-01-10,14:53:52,INFO,WebServer,Transaction tx566640 completed in 900ms,E104,Transaction {tx} completed in {time}ms
7910,2026-01-10,14:12:31,INFO,PaymentGateway,Health check passed: PaymentGateway,E102,Health check passed: {service}
7911,2026-01-10,14:15:49,INFO,WebServer,User u2884 login successful,E101,User {user} login successful
7912,2026-01-10,14:24:59,INFO,PaymentGateway,Health check passed: PaymentGateway,E102,Health check passed: {service}
7913,2026-01-10,14:37:26,INFO,WebServer,Transaction tx782142 completed in 355ms,E104,Transaction {tx} completed in {time}ms
7914,2026-01-10,14:21:02,INFO,WebServer,Health check passed: WebServer,E102,Health check passed: {service}
7915,2026-01-10,14:40:42,INFO,AuthService,User u2712 login successful,E101,User {user} login successful
7916,2026-01-10,14:49:30,INFO,WebServer,Page view: /home by u2475,E103,Page view: {page} by {user}
7917,2026-01-10,14:34:55,INFO,InventoryDB,Health check passed: InventoryDB,E102,Health check passed: {service}
7918,2026-01-10,14:13:16,INFO,PaymentGateway,User u1939 login successful,E101,User {user} login successful
7919,2026-01-10,14:39:41,INFO,AuthService,Transaction tx237535 completed in 92ms,E104,Transaction {tx} completed in {time}ms
7920,2026-01-10,14:36:46,INFO,WebServer,Transaction tx354889 completed in 1001ms,E104,Transaction {tx} completed in {time}ms
7921,2026-01-10,14:17:45,INFO,WebServer,Transaction tx179931 completed in 1757ms,E104,Transaction {tx} completed in {time}ms
7922,2026-01-10,14:57:04,INFO,WebServer,User u2006 login successful,E101,User {user} login successful
7923,2026-01-10,14:53:58,INFO,AuthService,Transaction tx479910 completed in 1255ms,E104,Transaction {tx} completed in {time}ms
7924,2026-01-10,14:58:27,INFO,InventoryDB,Health check passed: InventoryDB,E102,Health check passed: {service}
7925,2026-01-10,14:25:03,INFO,AuthService,User u4727 login successful,E101,User {user} login successful
7926,2026-01-10,14:31:22,INFO,WebServer,Transaction tx992714 completed in 1162ms,E104,Transaction {tx} completed in {time}ms
7927,2026-01-10,14:11:25,INFO,AuthService,Transaction tx239711 completed in 1993ms,E104,Transaction {tx} completed in {time}ms
7928,2026-01-10,14:44:41,INFO,WebServer,User u2070 login successful,E101,User {user} login successful
7929,2026-01-10,14:34:34,INFO,WebServer,Health check passed: WebServer,E102,Health check passed: {service}
7930,2026-01-10,14:58:53,INFO,OrderProcessor,Page view: /home by u1406,E103,Page view: {page} by {user}
7931,2026-01-10,14:11:03,INFO,PaymentGateway,Page view: /home by u1171,E103,Page view: {page} by {user}
7932,2026-01-10,14:16:55,INFO,AuthService,Page view: /home by u1714,E103,Page view: {page} by {user}
7933,2026-01-10,14:28:32,INFO,AuthService,Page view: /home by u1259,E103,Page view: {page} by {user}
7934,2026-01-10,14:59:08,INFO,PaymentGateway,User u4318 login successful,E101,User {user} login successful
7935,2026-01-10,14:34:32,INFO,WebServer,Health check passed: WebServer,E102,Health check passed: {service}
7936,2026-01-10,14:48:20,INFO,WebServer,Transaction tx884796 completed in 1686ms,E104,Transaction {tx} completed in {time}ms
7937,2026-01-10,14:35:59,INFO,WebServer,Page view: /home by u4118,E103,Page view: {page} by {user}
7938,2026-01-10,14:08:17,INFO,WebServer,User u3190 login successful,E101,User {user} login successful
7939,2026-01-10,14:59:31,INFO,PaymentGateway,Page view: /home by u1350,E103,Page view: {page} by {user}
7940,2026-01-10,14:05:11,INFO,AuthService,Page view: /home by u2868,E103,Page view: {page} by {user}
7941,2026-01-10,14:31:08,INFO,WebServer,Health check passed: WebServer,E102,Health check passed: {service}
7942,2026-01-10,14:39:14,INFO,OrderProcessor,Health check passed: OrderProcessor,E102,Health check passed: {service}
7943,2026-01-10,14:38:07,INFO,PaymentGateway,Health check passed: PaymentGateway,E102,Health check passed: {service}
7944,2026-01-10,14:18:21,WARN,WebServer,Unauthorized access attempt from 10.0.0.45,E401,Unauthorized access attempt from {ip}
7945,2026-01-10,14:20:30,INFO,WebServer,Transaction tx678125 completed in 1801ms,E104,Transaction {tx} completed in {time}ms
7946,2026-01-10,14:11:18,INFO,WebServer,Transaction tx405096 completed in 460ms,E104,Transaction {tx} completed in {time}ms
7947,2026-01-10,14:41:02,INFO,WebServer,Transaction tx129791 completed in 1842ms,E104,Transaction {tx} completed in {time}ms
7948,2026-01-10,14:33:02,INFO,WebServer,User u1128 login successful,E101,User {user} login successful
7949,2026-01-10,14:11:36,INFO,PaymentGateway,Transaction tx550591 completed in 588ms,E104,Transaction {tx} completed in {time}ms
7950,2026-01-10,14:01:39,INFO,OrderProcessor,User u4065 login successful,E101,User {user} login successful
7951,2026-01-10,14:32:44,INFO,PaymentGateway,User u3136 login successful,E101,User {user} login successful
7952,2026-01-10,14:54:14,INFO,PaymentGateway,Health check passed: PaymentGateway,E102,Health check passed: {service}
7953,2026-01-10,14:43:14,WARN,InventoryDB,Unauthorized access attempt from 10.0.0.45,E401,Unauthorized access attempt from {ip}
7954,2026-01-10,14:57:26,INFO,PaymentGateway,Transaction tx413486 completed in 1183ms,E104,Transaction {tx} completed in {time}ms
7955,2026-01-10,14:33:52,INFO,WebServer,Health check passed: WebServer,E102,Health check passed: {service}
7956,2026-01-10,14:24:47,INFO,WebServer,Page view: /home by u3173,E103,Page view: {page} by {user}
7957,2026-01-10,14:06:30,INFO,InventoryDB,User u3792 login successful,E101,User {user} login successful
7958,2026-01-10,14:16:29,INFO,WebServer,User u4665 login successful,E101,User {user} login successful
7959,2026-01-10,14:32:52,INFO,OrderProcessor,Page view: /home by u2297,E103,Page view: {page} by {user}
7960,2026-01-10,14:32:34,WARN,WebServer,Disk usage > 85% on node node-4,E202,Disk usage > 85% on node {node}
7961,2026-01-10,14:49:25,INFO,AuthService,Health check passed: AuthService,E102,Health check passed: {service}
7962,2026-01-10,14:11:09,INFO,OrderProcessor,Transaction tx379397 completed in 512ms,E104,Transaction {tx} completed in {time}ms
7963,2026-01-10,14:10:40,INFO,OrderProcessor,Page view: /home by u4112,E103,Page view: {page} by {user}
7964,2026-01-10,14:23:25,WARN,WebServer,Unauthorized access attempt from 10.0.0.12,E401,Unauthorized access attempt from {ip}
7965,2026-01-10,14:29:09,INFO,WebServer,Health check passed: WebServer,E102,Health check passed: {service}
7966,2026-01-10,14:14:19,INFO,WebServer,Transaction tx525404 completed in 42ms,E104,Transaction {tx} completed in {time}ms
7967,2026-01-10,14:40:21,WARN,OrderProcessor,Disk usage > 85% on node node-2,E202,Disk usage > 85% on node {node}
7968,2026-01-10,14:41:36,INFO,WebServer,Transaction tx307425 completed in 1144ms,E104,Transaction {tx} completed in {time}ms
7969,2026-01-10,14:15:05,WARN,AuthService,High latency (154ms) detected on AuthService,E201,High latency ({time}ms) detected on {service}
7970,2026-01-10,14:21:52,INFO,AuthService,Transaction tx538107 completed in 74ms,E104,Transaction {tx} completed in {time}ms
7971,2026-01-10,14:39:56,INFO,InventoryDB,Page view: /home by u4306,E103,Page view: {page} by {user}
7972,2026-01-10,14:11:00,INFO,WebServer,User u3417 login successful,E101,User {user} login successful
7973,2026-01-10,14:13:28,INFO,WebServer,Transaction tx109746 completed in 442ms,E104,Transaction {tx} completed in {time}ms
7974,2026-01-10,14:00:41,INFO,OrderProcessor,Health check passed: OrderProcessor,E102,Health check passed: {service}
7975,2026-01-10,14:23:15,INFO,OrderProcessor,User u2752 login successful,E101,User {user} login successful
7976,2026-01-10,14:01:52,INFO,WebServer,User u1033 login successful,E101,User {user} login successful
7977,2026-01-10,14:23:25,INFO,WebServer,Page view: /home by u2071,E103,Page view: {page} by {user}
7978,2026-01-10,14:41:29,INFO,WebServer,Health check passed: WebServer,E102,Health check passed: {service}
7979,2026-01-10,14:19:18,INFO,AuthService,Page view: /home by u4656,E103,Page view: {page} by {user}
7980,2026-01-10,14:02:45,INFO,WebServer,Transaction tx575782 completed in 1908ms,E104,Transaction {tx} completed in {time}ms
7981,2026-01-10,14:03:13,INFO,PaymentGateway,Page view: /home by u1525,E103,Page view: {page} by {user}
7982,2026-01-10,14:36:48,INFO,AuthService,Page view: /home by u1592,E103,Page view: {page} by {user}
7983,2026-01-10,14:08:18,INFO,OrderProcessor,Transaction tx626028 completed in 703ms,E104,Transaction {tx} completed in {time}ms
7984,2026-01-10,14:10:25,INFO,AuthService,Transaction tx235608 completed in 1601ms,E104,Transaction {tx} completed in {time}ms
7985,2026-01-10,14:48:01,INFO,OrderProcessor,Health check passed: OrderProcessor,E102,Health check passed: {service}
7986,2026-01-10,14:31:47,WARN,OrderProcessor,High latency (1559ms) detected on OrderProcessor,E201,High latency ({time}ms) detected on {service}
7987,2026-01-10,14:16:36,INFO,WebServer,Health check passed: WebServer,E102,Health check passed: {service}
7988,2026-01-10,14:23:02,INFO,PaymentGateway,User u4455 login successful,E101,User {user} login successful
7989,2026-01-10,14:01:51,INFO,InventoryDB,Health check passed: InventoryDB,E102,Health check passed: {service}
7990,2026-01-10,14:07:10,INFO,WebServer,User u4976 login successful,E101,User {user} login successful
7991,2026-01-10,14:44:39,INFO,AuthService,Page view: /home by u1986,E103,Page view: {page} by {user}
7992,2026-01-10,14:05:11,INFO,WebServer,Transaction tx394707 completed in 978ms,E104,Transaction {tx} completed in {time}ms
7993,2026-01-10,14:07:10,INFO,WebServer,Page view: /home by u2549,E103,Page view: {page} by {user}
7994,2026-01-10,14:18:42,INFO,AuthService,Page view: /home by u2853,E103,Page view: {page} by {user}
7995,2026-01-10,14:51:36,INFO,WebServer,User u2362 login successful,E101,User {user} login successful
7996,2026-01-10,14:16:13,INFO,AuthService,Health check passed: AuthService,E102,Health check passed: {service}
7997,2026-01-10,14:18:28,INFO,WebServer,User u4555 login successful,E101,User {user} login successful
7998,2026-01-10,14:56:41,INFO,AuthService,User u2076 login successful,E101,User {user} login successful
7999,2026-01-10,14:05:39,INFO,WebServer,Page view: /home by u1730,E103,Page view: {page} by {user}
8000,2026-01-10,14:24:37,INFO,AuthService,User u1786 login successful,E101,User {user} login successful
8001,2026-01-10,14:19:51,INFO,WebServer,Health check passed: WebServer,E102,Health check passed: {service}
8002,2026-01-10,14:22:10,INFO,PaymentGateway,Health check passed: PaymentGateway,E102,Health check passed: {service}
8003,2026-01-10,14:28:30,INFO,WebServer,User u3332 login successful,E101,User {user} login successful
8004,2026-01-10,14:22:06,INFO,WebServer,Transaction tx162912 completed in 334ms,E104,Transaction {tx} completed in {time}ms
8005,2026-01-10,14:33:01,INFO,WebServer,Transaction tx669157 completed in 488ms,E104,Transaction {tx} completed in {time}ms
8006,2026-01-10,14:15:54,INFO,WebServer,User u1293 login successful,E101,User {user} login successful
8007,2026-01-10,14:58:16,INFO,WebServer,Health check passed: WebServer,E102,Health check passed: {service}
8008,2026-01-10,14:21:08,INFO,WebServer,User u4989 login successful,E101,User {user} login successful
8009,2026-01-10,14:17:43,INFO,WebServer,Health check passed: WebServer,E102,Health check passed: {service}
8010,2026-01-10,14:02:16,INFO,WebServer,User u4689 login successful,E101,User {user} login successful
8011,2026-01-10,14:16:41,INFO,AuthService,Transaction tx862982 completed in 1047ms,E104,Transaction {tx} completed in {time}ms
8012,2026-01-10,14:35:35,INFO,WebServer,Page view: /home by u2224,E103,Page view: {page} by {user}
8013,2026-01-10,14:30:13,INFO,PaymentGateway,Page view: /home by u1724,E103,Page view: {page} by {user}
8014,2026-01-10,14:09:15,INFO,WebServer,User u2359 login successful,E101,User {user} login successful
8015,2026-01-10,14:15:44,INFO,AuthService,User u4039 login successful,E101,User {user} login successful
8016,2026-01-10,14:53:34,INFO,WebServer,Health check passed: WebServer,E102,Health check passed: {service}
8017,2026-01-10,14:57:23,WARN,WebServer,High latency (1998ms) detected on WebServer,E201,High latency ({time}ms) detected on {service}
8018,2026-01-10,14:05:58,INFO,WebServer,Page view: /home by u3840,E103,Page view: {page} by {user}
8019,2026-01-10,14:43:49,INFO,AuthService,Health check passed: AuthService,E102,Health check passed: {service}
8020,2026-01-10,14:11:40,INFO,WebServer,Health check passed: WebServer,E102,Health check passed: {service}
8021,2026-01-10,14:24:10,INFO,WebServer,Page view: /home by u4876,E103,Page view: {page} by {user}
8022,2026-01-10,14:56:58,INFO,AuthService,Health check passed: AuthService,E102,Health check passed: {service}
8023,2026-01-10,14:18:32,INFO,OrderProcessor,User u3287 login successful,E101,User {user} login successful
8024,2026-01-10,14:27:03,INFO,AuthService,Transaction tx175851 completed in 200ms,E104,Transaction {tx} completed in {time}ms
8025,2026-01-10,14:12:20,INFO,OrderProcessor,Page view: /home by u1619,E103,Page view: {page} by {user}
8026,2026-01-10,14:45:52,INFO,PaymentGateway,Health check passed: PaymentGateway,E102,Health check passed: {service}
8027,2026-01-10,14:36:17,INFO,WebServer,Transaction tx745276 completed in 1904ms,E104,Transaction {tx} completed in {time}ms
8028,2026-01-10,14:27:12,INFO,WebServer,User u2653 login successful,E101,User {user} login successful
8029,2026-01-10,14:42:30,INFO,AuthService,Transaction tx927800 completed in 589ms,E104,Transaction {tx} completed in {time}ms
8030,2026-01-10,14:45:50,INFO,WebServer,User u1838 login successful,E101,User {user} login successful
8031,2026-01-10,14:21:02,INFO,WebServer,Health check passed: WebServer,E102,Health check passed: {service}
8032,2026-01-10,14:42:04,INFO,OrderProcessor,User u3489 login successful,E101,User {user} login successful
8033,2026-01-10,14:13:22,INFO,PaymentGateway,User u3166 login successful,E101,User {user} login successful
8034,2026-01-10,14:46:48,INFO,WebServer,Health check passed: WebServer,E102,Health check passed: {service}
8035,2026-01-10,14:55:19,INFO,WebServer,Transaction tx588677 completed in 1010ms,E104,Transaction {tx} completed in {time}ms
8036,2026-01-10,14:41:28,INFO,WebServer,Page view: /home by u4612,E103,Page view: {page} by {user}
8037,2026-01-10,14:38:48,INFO,PaymentGateway,Transaction tx835827 completed in 44ms,E104,Transaction {tx} completed in {time}ms
8038,2026-01-10,14:47:09,INFO,PaymentGateway,Transaction tx583200 completed in 1698ms,E104,Transaction {tx} completed in {time}ms
8039,2026-01-10,14:02:21,INFO,WebServer,Page view: /home by u2195,E103,Page view: {page} by {user}
8040,2026-01-10,14:17:55,INFO,WebServer,Transaction tx864930 completed in 880ms,E104,Transaction {tx} completed in {time}ms
8041,2026-01-10,14:16:59,INFO,PaymentGateway,Page view: /home by u4589,E103,Page view: {page} by {user}
8042,2026-01-10,14:00:08,WARN,PaymentGateway,Disk usage > 85% on node node-2,E202,Disk usage > 85% on node {node}
8043,2026-01-10,14:44:05,INFO,PaymentGateway,Transaction tx156267 completed in 1019ms,E104,Transaction {tx} completed in {time}ms
8044,2026-01-10,14:18:56,WARN,WebServer,High latency (988ms) detected on WebServer,E201,High latency ({time}ms) detected on {service}
8045,2026-01-10,14:16:02,INFO,WebServer,User u4837 login successful,E101,User {user} login successful
8046,2026-01-10,14:17:55,INFO,PaymentGateway,Page view: /home by u1735,E103,Page view: {page} by {user}
8047,2026-01-10,14:43:13,INFO,AuthService,Transaction tx673096 completed in 927ms,E104,Transaction {tx} completed in {time}ms
8048,2026-01-10,14:26:47,WARN,WebServer,Disk usage > 85% on node node-2,E202,Disk usage > 85% on node {node}
8049,2026-01-10,14:00:19,INFO,AuthService,Transaction tx774033 completed in 466ms,E104,Transaction {tx} completed in {time}ms
8050,2026-01-10,14:30:51,INFO,WebServer,Health check passed: WebServer,E102,Health check passed: {service}
8051,2026-01-10,14:50:09,INFO,InventoryDB,Transaction tx952036 completed in 1427ms,E104,Transaction {tx} completed in {time}ms
8052,2026-01-10,14:57:05,INFO,WebServer,Transaction tx145764 completed in 143ms,E104,Transaction {tx} completed in {time}ms
8053,2026-01-10,14:06:20,INFO,WebServer,Page view: /home by u2628,E103,Page view: {page} by {user}
8054,2026-01-10,14:36:32,INFO,AuthService,Transaction tx215262 completed in 669ms,E104,Transaction {tx} completed in {time}ms
8055,2026-01-10,14:18:29,INFO,WebServer,Page view: /home by u4045,E103,Page view: {page} by {user}
8056,2026-01-10,14:58:00,INFO,OrderProcessor,Health check passed: OrderProcessor,E102,Health check passed: {service}
8057,2026-01-10,14:12:36,INFO,WebServer,User u1971 login successful,E101,User {user} login successful
8058,2026-01-10,14:43:11,INFO,AuthService,Health check passed: AuthService,E102,Health check passed: {service}
8059,2026-01-10,14:34:40,INFO,WebServer,Page view: /home by u4413,E103,Page view: {page} by {user}
8060,2026-01-10,14:19:13,INFO,WebServer,Page view: /home by u2446,E103,Page view: {page} by {user}
8061,2026-01-10,14:58:45,INFO,WebServer,Transaction tx881782 completed in 1987ms,E104,Transaction {tx} completed in {time}ms
8062,2026-01-10,14:19:08,INFO,OrderProcessor,Page view: /home by u3712,E103,Page view: {page} by {user}
8063,2026-01-10,14:43:56,INFO,WebServer,User u1694 login successful,E101,User {user} login successful
8064,2026-01-10,14:37:34,INFO,OrderProcessor,Transaction tx974069 completed in 618ms,E104,Transaction {tx} completed in {time}ms
8065,2026-01-10,14:11:02,INFO,WebServer,Page view: /home by u4051,E103,Page view: {page} by {user}
8066,2026-01-10,14:23:33,INFO,InventoryDB,Transaction tx727355 completed in 324ms,E104,Transaction {tx} completed in {time}ms
8067,2026-01-10,14:21:00,INFO,OrderProcessor,Page view: /home by u3897,E103,Page view: {page} by {user}
8068,2026-01-10,14:28:27,INFO,WebServer,Transaction tx288473 completed in 165ms,E104,Transaction {tx} completed in {time}ms
8069,2026-01-10,14:50:29,ERROR,OrderProcessor,Connection refused to OrderProcessor at 10.0.0.12,E501,Connection refused to {service} at {ip}
8070,2026-01-10,14:30:56,INFO,WebServer,User u3847 login successful,E101,User {user} login successful
8071,2026-01-10,14:29:21,INFO,WebServer,Health check passed: WebServer,E102,Health check passed: {service}
8072,2026-01-10,14:29:38,INFO,OrderProcessor,Health check passed: OrderProcessor,E102,Health check passed: {service}
8073,2026-01-10,14:32:50,INFO,AuthService,Page view: /home by u4476,E103,Page view: {page} by {user}
8074,2026-01-10,14:29:48,INFO,WebServer,Transaction tx989626 completed in 1819ms,E104,Transaction {tx} completed in {time}ms
8075,2026-01-10,14:04:45,INFO,WebServer,User u4746 login successful,E101,User {user} login successful
8076,2026-01-10,14:29:14,INFO,OrderProcessor,Transaction tx189496 completed in 255ms,E104,Transaction {tx} completed in {time}ms
8077,2026-01-10,14:34:01,INFO,WebServer,User u1911 login successful,E101,User {user} login successful
8078,2026-01-10,14:42:45,INFO,AuthService,Health check passed: AuthService,E102,Health check passed: {service}
8079,2026-01-10,14:48:26,INFO,WebServer,User u1533 login successful,E101,User {user} login successful
8080,2026-01-10,14:19:00,INFO,AuthService,Health check passed: AuthService,E102,Health check passed: {service}
8081,2026-01-10,14:44:52,INFO,AuthService,Health check passed: AuthService,E102,Health check passed: {service}
8082,2026-01-10,14:14:35,INFO,WebServer,User u1493 login successful,E101,User {user} login successful
8083,2026-01-10,14:43:15,INFO,AuthService,Page view: /home by u4180,E103,Page view: {page} by {user}
8084,2026-01-10,14:33:22,INFO,WebServer,User u2739 login successful,E101,User {user} login successful
8085,2026-01-10,14:50:43,INFO,WebServer,Health check passed: WebServer,E102,Health check passed: {service}
8086,2026-01-10,14:21:21,INFO,WebServer,Transaction tx658280 completed in 1331ms,E104,Transaction {tx} completed in {time}ms
8087,2026-01-10,14:21:31,INFO,WebServer,User u3846 login successful,E101,User {user} login successful
8088,2026-01-10,14:23:35,INFO,AuthService,Transaction tx490185 completed in 155ms,E104,Transaction {tx} completed in {time}ms
8089,2026-01-10,14:53:39,INFO,WebServer,Transaction tx986769 completed in 749ms,E104,Transaction {tx} completed in {time}ms
8090,2026-01-10,14:49:49,INFO,AuthService,User u4908 login successful,E101,User {user} login successful
8091,2026-01-10,14:37:03,INFO,WebServer,Transaction tx751404 completed in 946ms,E104,Transaction {tx} completed in {time}ms
8092,2026-01-10,14:47:46,INFO,PaymentGateway,Health check passed: PaymentGateway,E102,Health check passed: {service}
8093,2026-01-10,14:05:05,INFO,AuthService,User u1299 login successful,E101,User {user} login successful
8094,2026-01-10,14:47:33,INFO,WebServer,Health check passed: WebServer,E102,Health check passed: {service}
8095,2026-01-10,14:45:20,INFO,AuthService,Transaction tx795031 completed in 1218ms,E104,Transaction {tx} completed in {time}ms
8096,2026-01-10,14:46:40,INFO,AuthService,User u1839 login successful,E101,User {user} login successful
8097,2026-01-10,14:19:29,INFO,OrderProcessor,Page view: /home by u2312,E103,Page view: {page} by {user}
8098,2026-01-10,14:56:36,INFO,WebServer,Transaction tx174412 completed in 174ms,E104,Transaction {tx} completed in {time}ms
8099,2026-01-10,14:16:25,INFO,PaymentGateway,Transaction tx669607 completed in 489ms,E104,Transaction {tx} completed in {time}ms
8100,2026-01-10,14:38:37,INFO,WebServer,Page view: /home by u1727,E103,Page view: {page} by {user}
8101,2026-01-10,14:21:32,WARN,WebServer,Disk usage > 85% on node node-3,E202,Disk usage > 85% on node {node}
8102,2026-01-10,14:00:26,WARN,WebServer,Disk usage > 85% on node node-4,E202,Disk usage > 85% on node {node}
8103,2026-01-10,14:06:13,WARN,WebServer,High latency (148ms) detected on WebServer,E201,High latency ({time}ms) detected on {service}
8104,2026-01-10,14:09:59,INFO,WebServer,Page view: /home by u3866,E103,Page view: {page} by {user}
8105,2026-01-10,14:05:56,INFO,OrderProcessor,Page view: /home by u4268,E103,Page view: {page} by {user}
8106,2026-01-10,14:43:06,INFO,WebServer,User u1860 login successful,E101,User {user} login successful
8107,2026-01-10,14:01:49,INFO,WebServer,Page view: /home by u3996,E103,Page view: {page} by {user}
8108,2026-01-10,14:22:25,INFO,InventoryDB,Health check passed: InventoryDB,E102,Health check passed: {service}
8109,2026-01-10,14:39:03,INFO,PaymentGateway,Page view: /home by u3389,E103,Page view: {page} by {user}
8110,2026-01-10,14:19:02,INFO,WebServer,User u3122 login successful,E101,User {user} login successful
8111,2026-01-10,14:44:02,INFO,PaymentGateway,Page view: /home by u3971,E103,Page view: {page} by {user}
8112,2026-01-10,14:41:30,INFO,WebServer,Transaction tx141589 completed in 1122ms,E104,Transaction {tx} completed in {time}ms
8113,2026-01-10,14:25:36,INFO,WebServer,Health check passed: WebServer,E102,Health check passed: {service}
8114,2026-01-10,14:16:24,INFO,OrderProcessor,Transaction tx335212 completed in 324ms,E104,Transaction {tx} completed in {time}ms
8115,2026-01-10,14:33:03,INFO,OrderProcessor,Page view: /home by u3193,E103,Page view: {page} by {user}
8116,2026-01-10,14:31:13,INFO,WebServer,User u2308 login successful,E101,User {user} login successful
8117,2026-01-10,14:44:45,INFO,AuthService,Page view: /home by u4705,E103,Page view: {page} by {user}
8118,2026-01-10,14:37:57,INFO,InventoryDB,Page view: /home by u3444,E103,Page view: {page} by {user}
8119,2026-01-10,14:01:18,WARN,WebServer,High latency (700ms) detected on WebServer,E201,High latency ({time}ms) detected on {service}
8120,2026-01-10,14:36:21,INFO,PaymentGateway,Page view: /home by u4411,E103,Page view: {page} by {user}
8121,2026-01-10,14:39:02,INFO,AuthService,Transaction tx211494 completed in 1275ms,E104,Transaction {tx} completed in {time}ms
8122,2026-01-10,14:57:34,INFO,OrderProcessor,Health check passed: OrderProcessor,E102,Health check passed: {service}
8123,2026-01-10,14:16:26,INFO,WebServer,Health check passed: WebServer,E102,Health check passed: {service}
8124,2026-01-10,14:12:56,INFO,PaymentGateway,Health check passed: PaymentGateway,E102,Health check passed: {service}
8125,2026-01-10,14:26:18,INFO,OrderProcessor,Health check passed: OrderProcessor,E102,Health check passed: {service}
8126,2026-01-10,14:29:41,INFO,WebServer,Page view: /home by u3584,E103,Page view: {page} by {user}
8127,2026-01-10,14:21:53,INFO,WebServer,Page view: /home by u3762,E103,Page view: {page} by {user}
8128,2026-01-10,14:58:18,INFO,WebServer,Health check passed: WebServer,E102,Health check passed: {service}
8129,2026-01-10,14:27:43,INFO,PaymentGateway,Health check passed: PaymentGateway,E102,Health check passed: {service}
8130,2026-01-10,14:16:41,INFO,WebServer,User u3169 login successful,E101,User {user} login successful
8131,2026-01-10,14:46:03,INFO,WebServer,Transaction tx146608 completed in 610ms,E104,Transaction {tx} completed in {time}ms
8132,2026-01-10,14:26:37,INFO,WebServer,Transaction tx104910 completed in 1960ms,E104,Transaction {tx} completed in {time}ms
8133,2026-01-10,14:31:26,INFO,OrderProcessor,User u2462 login successful,E101,User {user} login successful
8134,2026-01-10,14:40:12,INFO,PaymentGateway,Transaction tx319599 completed in 197ms,E104,Transaction {tx} completed in {time}ms
8135,2026-01-10,14:59:23,INFO,WebServer,Health check passed: WebServer,E102,Health check passed: {service}
8136,2026-01-10,14:06:41,INFO,AuthService,Transaction tx906315 completed in 1205ms,E104,Transaction {tx} completed in {time}ms
8137,2026-01-10,14:23:15,INFO,OrderProcessor,Health check passed: OrderProcessor,E102,Health check passed: {service}
8138,2026-01-10,14:34:27,INFO,InventoryDB,Transaction tx288474 completed in 655ms,E104,Transaction {tx} completed in {time}ms
8139,2026-01-10,14:12:00,WARN,WebServer,Unauthorized access attempt from 10.0.0.12,E401,Unauthorized access attempt from {ip}
8140,2026-01-10,14:31:48,INFO,WebServer,User u4236 login successful,E101,User {user} login successful
8141,2026-01-10,14:21:15,INFO,WebServer,User u4035 login successful,E101,User {user} login successful
8142,2026-01-10,14:03:57,INFO,PaymentGateway,Transaction tx157677 completed in 1026ms,E104,Transaction {tx} completed in {time}ms
8143,2026-01-10,14:54:15,WARN,WebServer,High latency (1943ms) detected on WebServer,E201,High latency ({time}ms) detected on {service}
8144,2026-01-10,14:05:22,INFO,AuthService,Health check passed: AuthService,E102,Health check passed: {service}
8145,2026-01-10,14:10:30,INFO,WebServer,Transaction tx394184 completed in 1500ms,E104,Transaction {tx} completed in {time}ms
8146,2026-01-10,14:15:55,INFO,PaymentGateway,Health check passed: PaymentGateway,E102,Health check passed: {service}
8147,2026-01-10,14:27:52,INFO,AuthService,Page view: /home by u4257,E103,Page view: {page} by {user}
8148,2026-01-10,14:09:53,INFO,PaymentGateway,Transaction tx800593 completed in 447ms,E104,Transaction {tx} completed in {time}ms
8149,2026-01-10,14:47:49,INFO,WebServer,Page view: /home by u2908,E103,Page view: {page} by {user}
8150,2026-01-10,14:46:13,INFO,WebServer,Page view: /home by u1956,E103,Page view: {page} by {user}
8151,2026-01-10,14:08:58,INFO,AuthService,Health check passed: AuthService,E102,Health check passed: {service}
8152,2026-01-10,14:15:22,INFO,OrderProcessor,Health check passed: OrderProcessor,E102,Health check passed: {service}
8153,2026-01-10,14:14:26,INFO,WebServer,Health check passed: WebServer,E102,Health check passed: {service}
8154,2026-01-10,14:20:28,INFO,PaymentGateway,Transaction tx460824 completed in 549ms,E104,Transaction {tx} completed in {time}ms
8155,2026-01-10,14:21:42,INFO,WebServer,User u1896 login successful,E101,User {user} login successful
8156,2026-01-10,14:30:34,INFO,OrderProcessor,User u4206 login successful,E101,User {user} login successful
8157,2026-01-10,14:14:01,INFO,WebServer,Transaction tx400699 completed in 1810ms,E104,Transaction {tx} completed in {time}ms
8158,2026-01-10,14:47:27,INFO,OrderProcessor,Page view: /home by u1430,E103,Page view: {page} by {user}
8159,2026-01-10,14:17:27,INFO,OrderProcessor,Transaction tx660437 completed in 1137ms,E104,Transaction {tx} completed in {time}ms
8160,2026-01-10,14:12:48,INFO,WebServer,Page view: /home by u3092,E103,Page view: {page} by {user}
8161,2026-01-10,14:27:27,INFO,WebServer,Health check passed: WebServer,E102,Health check passed: {service}
8162,2026-01-10,14:22:56,INFO,InventoryDB,User u3405 login successful,E101,User {user} login successful
8163,2026-01-10,14:02:53,INFO,WebServer,User u3370 login successful,E101,User {user} login successful
8164,2026-01-10,14:35:57,WARN,AuthService,Disk usage > 85% on node node-5,E202,Disk usage > 85% on node {node}
8165,2026-01-10,14:28:29,INFO,InventoryDB,Health check passed: InventoryDB,E102,Health check passed: {service}
8166,2026-01-10,14:01:21,INFO,WebServer,Transaction tx923994 completed in 206ms,E104,Transaction {tx} completed in {time}ms
8167,2026-01-10,14:22:23,INFO,WebServer,Transaction tx579185 completed in 1387ms,E104,Transaction {tx} completed in {time}ms
8168,2026-01-10,14:22:16,INFO,WebServer,Page view: /home by u1895,E103,Page view: {page} by {user}
8169,2026-01-10,14:31:17,INFO,WebServer,Health check passed: WebServer,E102,Health check passed: {service}
8170,2026-01-10,14:39:09,INFO,WebServer,Transaction tx192729 completed in 592ms,E104,Transaction {tx} completed in {time}ms
8171,2026-01-10,14:35:35,INFO,WebServer,Transaction tx770123 completed in 167ms,E104,Transaction {tx} completed in {time}ms
8172,2026-01-10,14:01:09,INFO,WebServer,Health check passed: WebServer,E102,Health check passed: {service}
8173,2026-01-10,14:18:32,WARN,InventoryDB,Unauthorized access attempt from 10.0.0.45,E401,Unauthorized access attempt from {ip}
8174,2026-01-10,14:37:22,INFO,PaymentGateway,Health check passed: PaymentGateway,E102,Health check passed: {service}
8175,2026-01-10,14:48:01,INFO,AuthService,User u2603 login successful,E101,User {user} login successful
8176,2026-01-10,14:50:20,INFO,AuthService,Page view: /home by u2646,E103,Page view: {page} by {user}
8177,2026-01-10,14:08:12,INFO,OrderProcessor,Health check passed: OrderProcessor,E102,Health check passed: {service}
8178,2026-01-10,14:15:24,INFO,OrderProcessor,User u3545 login successful,E101,User {user} login successful
8179,2026-01-10,14:54:59,INFO,OrderProcessor,Transaction tx766390 completed in 496ms,E104,Transaction {tx} completed in {time}ms
8180,2026-01-10,14:39:35,INFO,WebServer,Transaction tx520476 completed in 1966ms,E104,Transaction {tx} completed in {time}ms
8181,2026-01-10,14:38:28,INFO,InventoryDB,Page view: /home by u2009,E103,Page view: {page} by {user}
8182,2026-01-10,14:50:15,INFO,AuthService,Transaction tx920747 completed in 1413ms,E104,Transaction {tx} completed in {time}ms
8183,2026-01-10,14:30:36,INFO,WebServer,Page view: /home by u3296,E103,Page view: {page} by {user}
8184,2026-01-10,14:25:05,INFO,WebServer,Transaction tx880253 completed in 128ms,E104,Transaction {tx} completed in {time}ms
8185,2026-01-10,14:17:18,INFO,WebServer,Health check passed: WebServer,E102,Health check passed: {service}
8186,2026-01-10,14:19:02,INFO,PaymentGateway,User u1424 login successful,E101,User {user} login successful
8187,2026-01-10,14:02:23,INFO,OrderProcessor,Page view: /home by u1159,E103,Page view: {page} by {user}
8188,2026-01-10,14:26:43,INFO,WebServer,Health check passed: WebServer,E102,Health check passed: {service}
8189,2026-01-10,14:53:47,INFO,AuthService,Page view: /home by u4304,E103,Page view: {page} by {user}
8190,2026-01-10,14:32:31,INFO,WebServer,Health check passed: WebServer,E102,Health check passed: {service}
8191,2026-01-10,14:34:49,INFO,WebServer,Health check passed: WebServer,E102,Health check passed: {service}
8192,2026-01-10,14:48:23,INFO,OrderProcessor,User u3890 login successful,E101,User {user} login successful
8193,2026-01-10,14:40:22,INFO,WebServer,Transaction tx137766 completed in 1307ms,E104,Transaction {tx} completed in {time}ms
8194,2026-01-10,14:22:24,INFO,WebServer,User u2786 login successful,E101,User {user} login successful
8195,2026-01-10,14:22:11,INFO,PaymentGateway,Transaction tx353150 completed in 1842ms,E104,Transaction {tx} completed in {time}ms
8196,2026-01-10,14:01:34,INFO,WebServer,Health check passed: WebServer,E102,Health check passed: {service}
8197,2026-01-10,14:43:42,INFO,AuthService,Page view: /home by u2549,E103,Page view: {page} by {user}
8198,2026-01-10,14:44:44,INFO,WebServer,User u1971 login successful,E101,User {user} login successful
8199,2026-01-10,14:04:24,INFO,WebServer,Transaction tx676531 completed in 420ms,E104,Transaction {tx} completed in {time}ms
8200,2026-01-10,14:23:01,INFO,AuthService,User u3516 login successful,E101,User {user} login successful
8201,2026-01-10,14:30:26,INFO,OrderProcessor,Page view: /home by u3444,E103,Page view: {page} by {user}
8202,2026-01-10,14:37:06,INFO,WebServer,Transaction tx985409 completed in 1753ms,E104,Transaction {tx} completed in {time}ms
8203,2026-01-10,14:41:21,INFO,OrderProcessor,User u4080 login successful,E101,User {user} login successful
8204,2026-01-10,14:56:50,INFO,AuthService,User u2938 login successful,E101,User {user} login successful
8205,2026-01-10,14:32:17,INFO,OrderProcessor,Health check passed: OrderProcessor,E102,Health check passed: {service}
8206,2026-01-10,14:09:59,INFO,AuthService,Page view: /home by u2067,E103,Page view: {page} by {user}
8207,2026-01-10,14:32:52,INFO,WebServer,Transaction tx309991 completed in 630ms,E104,Transaction {tx} completed in {time}ms
8208,2026-01-10,14:47:46,INFO,OrderProcessor,Health check passed: OrderProcessor,E102,Health check passed: {service}
8209,2026-01-10,14:11:55,INFO,OrderProcessor,Transaction tx453378 completed in 1017ms,E104,Transaction {tx} completed in {time}ms
8210,2026-01-10,14:27:08,INFO,WebServer,Page view: /home by u4446,E103,Page view: {page} by {user}
8211,2026-01-10,14:15:58,INFO,WebServer,User u3715 login successful,E101,User {user} login successful
8212,2026-01-10,14:51:24,INFO,WebServer,Transaction tx806257 completed in 1356ms,E104,Transaction {tx} completed in {time}ms
8213,2026-01-10,14:36:29,ERROR,WebServer,Connection refused to WebServer at 10.0.0.12,E501,Connection refused to {service} at {ip}
8214,2026-01-10,14:47:46,INFO,WebServer,User u4717 login successful,E101,User {user} login successful
8215,2026-01-10,14:05:27,INFO,AuthService,Page view: /home by u2633,E103,Page view: {page} by {user}
8216,2026-01-10,14:47:20,INFO,AuthService,Page view: /home by u4207,E103,Page view: {page} by {user}
8217,2026-01-10,14:03:37,INFO,WebServer,User u3872 login successful,E101,User {user} login successful
8218,2026-01-10,14:48:27,INFO,PaymentGateway,User u2977 login successful,E101,User {user} login successful
8219,2026-01-10,14:13:47,INFO,WebServer,User u1488 login successful,E101,User {user} login successful
8220,2026-01-10,14:20:02,INFO,WebServer,Page view: /home by u2520,E103,Page view: {page} by {user}
8221,2026-01-10,14:44:35,INFO,OrderProcessor,Page view: /home by u2206,E103,Page view: {page} by {user}
8222,2026-01-10,14:19:35,INFO,AuthService,User u1757 login successful,E101,User {user} login successful
8223,2026-01-10,14:07:50,INFO,WebServer,Page view: /home by u1883,E103,Page view: {page} by {user}
8224,2026-01-10,14:03:43,INFO,WebServer,User u4633 login successful,E101,User {user} login successful
8225,2026-01-10,14:14:08,INFO,OrderProcessor,Transaction tx660227 completed in 452ms,E104,Transaction {tx} completed in {time}ms
8226,2026-01-10,14:43:42,INFO,PaymentGateway,Health check passed: PaymentGateway,E102,Health check passed: {service}
8227,2026-01-10,14:38:46,INFO,AuthService,Transaction tx213301 completed in 1357ms,E104,Transaction {tx} completed in {time}ms
8228,2026-01-10,14:29:23,INFO,WebServer,Transaction tx555780 completed in 1878ms,E104,Transaction {tx} completed in {time}ms
8229,2026-01-10,14:36:41,INFO,OrderProcessor,Health check passed: OrderProcessor,E102,Health check passed: {service}
8230,2026-01-10,14:34:21,INFO,WebServer,Page view: /home by u3397,E103,Page view: {page} by {user}
8231,2026-01-10,14:43:49,INFO,PaymentGateway,User u2204 login successful,E101,User {user} login successful
8232,2026-01-10,14:45:53,INFO,WebServer,Page view: /home by u3973,E103,Page view: {page} by {user}
8233,2026-01-10,14:27:01,INFO,OrderProcessor,Transaction tx560641 completed in 566ms,E104,Transaction {tx} completed in {time}ms
8234,2026-01-10,14:54:18,INFO,AuthService,Health check passed: AuthService,E102,Health check passed: {service}
8235,2026-01-10,14:31:21,INFO,OrderProcessor,User u2491 login successful,E101,User {user} login successful
8236,2026-01-10,14:49:56,INFO,AuthService,Health check passed: AuthService,E102,Health check passed: {service}
8237,2026-01-10,14:59:25,INFO,AuthService,Page view: /home by u1228,E103,Page view: {page} by {user}
8238,2026-01-10,14:15:42,INFO,OrderProcessor,Page view: /home by u1783,E103,Page view: {page} by {user}
8239,2026-01-10,14:36:46,INFO,WebServer,Transaction tx381033 completed in 1011ms,E104,Transaction {tx} completed in {time}ms
8240,2026-01-10,14:40:05,INFO,AuthService,Transaction tx171958 completed in 332ms,E104,Transaction {tx} completed in {time}ms
8241,2026-01-10,14:26:45,INFO,WebServer,Page view: /home by u3622,E103,Page view: {page} by {user}
8242,2026-01-10,14:56:16,INFO,WebServer,Health check passed: WebServer,E102,Health check passed: {service}
8243,2026-01-10,14:22:20,INFO,WebServer,Transaction tx704722 completed in 1361ms,E104,Transaction {tx} completed in {time}ms
8244,2026-01-10,14:23:36,INFO,WebServer,Page view: /home by u2795,E103,Page view: {page} by {user}
8245,2026-01-10,14:45:50,INFO,WebServer,Page view: /home by u2562,E103,Page view: {page} by {user}
8246,2026-01-10,14:44:34,INFO,WebServer,Health check passed: WebServer,E102,Health check passed: {service}
8247,2026-01-10,14:13:26,INFO,PaymentGateway,Page view: /home by u1099,E103,Page view: {page} by {user}
8248,2026-01-10,14:44:11,INFO,AuthService,Page view: /home by u1796,E103,Page view: {page} by {user}
8249,2026-01-10,14:13:49,INFO,WebServer,Health check passed: WebServer,E102,Health check passed: {service}
8250,2026-01-10,14:28:28,INFO,WebServer,Health check passed: WebServer,E102,Health check passed: {service}
8251,2026-01-10,14:27:53,INFO,WebServer,Transaction tx662557 completed in 1629ms,E104,Transaction {tx} completed in {time}ms
8252,2026-01-10,14:57:14,INFO,WebServer,Transaction tx882039 completed in 423ms,E104,Transaction {tx} completed in {time}ms
8253,2026-01-10,14:41:06,INFO,PaymentGateway,Health check passed: PaymentGateway,E102,Health check passed: {service}
8254,2026-01-10,14:10:35,INFO,WebServer,Health check passed: WebServer,E102,Health check passed: {service}
8255,2026-01-10,14:34:21,INFO,AuthService,User u3862 login successful,E101,User {user} login successful
8256,2026-01-10,14:02:32,INFO,InventoryDB,Health check passed: InventoryDB,E102,Health check passed: {service}
8257,2026-01-10,14:46:19,INFO,InventoryDB,User u4070 login successful,E101,User {user} login successful
8258,2026-01-10,14:29:28,INFO,WebServer,User u4094 login successful,E101,User {user} login successful
8259,2026-01-10,14:53:45,INFO,OrderProcessor,Health check passed: OrderProcessor,E102,Health check passed: {service}
8260,2026-01-10,14:09:37,INFO,WebServer,Transaction tx252175 completed in 1525ms,E104,Transaction {tx} completed in {time}ms
8261,2026-01-10,14:49:36,INFO,InventoryDB,Health check passed: InventoryDB,E102,Health check passed: {service}
8262,2026-01-10,14:17:11,INFO,AuthService,User u2045 login successful,E101,User {user} login successful
8263,2026-01-10,14:42:30,INFO,WebServer,Page view: /home by u3450,E103,Page view: {page} by {user}
8264,2026-01-10,14:50:05,INFO,WebServer,Transaction tx109744 completed in 570ms,E104,Transaction {tx} completed in {time}ms
8265,2026-01-10,14:18:27,WARN,OrderProcessor,Disk usage > 85% on node node-1,E202,Disk usage > 85% on node {node}
8266,2026-01-10,14:12:33,INFO,PaymentGateway,User u2032 login successful,E101,User {user} login successful
8267,2026-01-10,14:37:58,INFO,WebServer,Page view: /home by u3016,E103,Page view: {page} by {user}
8268,2026-01-10,14:27:05,INFO,OrderProcessor,Page view: /home by u3898,E103,Page view: {page} by {user}
8269,2026-01-10,14:46:34,INFO,AuthService,Transaction tx910448 completed in 1464ms,E104,Transaction {tx} completed in {time}ms
8270,2026-01-10,14:54:50,INFO,WebServer,Page view: /home by u4638,E103,Page view: {page} by {user}
8271,2026-01-10,14:50:47,INFO,WebServer,Transaction tx643832 completed in 1044ms,E104,Transaction {tx} completed in {time}ms
8272,2026-01-10,14:21:57,INFO,AuthService,Page view: /home by u2693,E103,Page view: {page} by {user}
8273,2026-01-10,14:14:49,INFO,PaymentGateway,Health check passed: PaymentGateway,E102,Health check passed: {service}
8274,2026-01-10,14:05:40,INFO,WebServer,Transaction tx173779 completed in 844ms,E104,Transaction {tx} completed in {time}ms
8275,2026-01-10,14:18:52,INFO,OrderProcessor,Page view: /home by u1193,E103,Page view: {page} by {user}
8276,2026-01-10,14:06:07,INFO,WebServer,Transaction tx897404 completed in 1741ms,E104,Transaction {tx} completed in {time}ms
8277,2026-01-10,14:13:37,INFO,InventoryDB,Health check passed: InventoryDB,E102,Health check passed: {service}
8278,2026-01-10,14:03:52,INFO,AuthService,Page view: /home by u2581,E103,Page view: {page} by {user}
8279,2026-01-10,14:41:10,INFO,WebServer,Transaction tx346891 completed in 897ms,E104,Transaction {tx} completed in {time}ms
8280,2026-01-10,14:51:45,INFO,AuthService,Transaction tx317038 completed in 1665ms,E104,Transaction {tx} completed in {time}ms
8281,2026-01-10,14:52:55,INFO,WebServer,Page view: /home by u2420,E103,Page view: {page} by {user}
8282,2026-01-10,14:57:20,INFO,InventoryDB,User u4323 login successful,E101,User {user} login successful
8283,2026-01-10,14:07:34,INFO,OrderProcessor,Transaction tx796496 completed in 1321ms,E104,Transaction {tx} completed in {time}ms
8284,2026-01-10,14:19:14,INFO,WebServer,Transaction tx982347 completed in 927ms,E104,Transaction {tx} completed in {time}ms
8285,2026-01-10,14:57:04,WARN,WebServer,Disk usage > 85% on node node-5,E202,Disk usage > 85% on node {node}
8286,2026-01-10,14:19:10,INFO,AuthService,User u1875 login successful,E101,User {user} login successful
8287,2026-01-10,14:05:16,INFO,WebServer,Page view: /home by u4703,E103,Page view: {page} by {user}
8288,2026-01-10,14:56:29,INFO,WebServer,Page view: /home by u4183,E103,Page view: {page} by {user}
8289,2026-01-10,14:13:27,INFO,OrderProcessor,Health check passed: OrderProcessor,E102,Health check passed: {service}
8290,2026-01-10,14:52:15,INFO,WebServer,Health check passed: WebServer,E102,Health check passed: {service}
8291,2026-01-10,14:36:29,INFO,WebServer,User u4775 login successful,E101,User {user} login successful
8292,2026-01-10,14:43:46,INFO,OrderProcessor,Health check passed: OrderProcessor,E102,Health check passed: {service}
8293,2026-01-10,14:32:12,INFO,OrderProcessor,Page view: /home by u2988,E103,Page view: {page} by {user}
8294,2026-01-10,14:43:38,INFO,WebServer,User u1721 login successful,E101,User {user} login successful
8295,2026-01-10,14:46:54,WARN,OrderProcessor,Disk usage > 85% on node node-5,E202,Disk usage > 85% on node {node}
8296,2026-01-10,14:17:23,INFO,PaymentGateway,Health check passed: PaymentGateway,E102,Health check passed: {service}
8297,2026-01-10,14:46:00,INFO,AuthService,Health check passed: AuthService,E102,Health check passed: {service}
8298,2026-01-10,14:53:03,INFO,WebServer,Transaction tx527056 completed in 1589ms,E104,Transaction {tx} completed in {time}ms
8299,2026-01-10,14:28:57,INFO,OrderProcessor,Health check passed: OrderProcessor,E102,Health check passed: {service}
8300,2026-01-10,14:01:15,WARN,PaymentGateway,High latency (1101ms) detected on PaymentGateway,E201,High latency ({time}ms) detected on {service}
8301,2026-01-10,14:26:00,INFO,WebServer,Transaction tx740476 completed in 1870ms,E104,Transaction {tx} completed in {time}ms
8302,2026-01-10,14:03:54,INFO,WebServer,Health check passed: WebServer,E102,Health check passed: {service}
8303,2026-01-10,14:35:23,INFO,AuthService,Transaction tx700554 completed in 1961ms,E104,Transaction {tx} completed in {time}ms
8304,2026-01-10,14:02:18,INFO,WebServer,Page view: /home by u3083,E103,Page view: {page} by {user}
8305,2026-01-10,14:58:29,INFO,OrderProcessor,Page view: /home by u2469,E103,Page view: {page} by {user}
8306,2026-01-10,14:55:30,INFO,WebServer,User u3058 login successful,E101,User {user} login successful
8307,2026-01-10,14:02:00,INFO,OrderProcessor,Transaction tx325487 completed in 459ms,E104,Transaction {tx} completed in {time}ms
8308,2026-01-10,14:20:15,INFO,WebServer,User u2190 login successful,E101,User {user} login successful
8309,2026-01-10,14:17:25,INFO,AuthService,User u2460 login successful,E101,User {user} login successful
8310,2026-01-10,14:19:43,INFO,WebServer,Health check passed: WebServer,E102,Health check passed: {service}
8311,2026-01-10,14:21:10,INFO,OrderProcessor,Page view: /home by u1635,E103,Page view: {page} by {user}
8312,2026-01-10,14:44:43,INFO,WebServer,Page view: /home by u1870,E103,Page view: {page} by {user}
8313,2026-01-10,14:17:48,INFO,OrderProcessor,Health check passed: OrderProcessor,E102,Health check passed: {service}
8314,2026-01-10,14:46:43,INFO,AuthService,Health check passed: AuthService,E102,Health check passed: {service}
8315,2026-01-10,14:05:55,INFO,WebServer,User u3332 login successful,E101,User {user} login successful
8316,2026-01-10,14:05:52,INFO,WebServer,User u4958 login successful,E101,User {user} login successful
8317,2026-01-10,14:33:16,INFO,OrderProcessor,Transaction tx468929 completed in 451ms,E104,Transaction {tx} completed in {time}ms
8318,2026-01-10,14:12:31,INFO,OrderProcessor,Page view: /home by u3340,E103,Page view: {page} by {user}
8319,2026-01-10,14:08:02,INFO,WebServer,User u2262 login successful,E101,User {user} login successful
8320,2026-01-10,14:45:40,INFO,AuthService,Page view: /home by u3559,E103,Page view: {page} by {user}
8321,2026-01-10,14:11:46,INFO,AuthService,Health check passed: AuthService,E102,Health check passed: {service}
8322,2026-01-10,14:42:18,INFO,PaymentGateway,Page view: /home by u3219,E103,Page view: {page} by {user}
8323,2026-01-10,14:45:51,INFO,OrderProcessor,User u4625 login successful,E101,User {user} login successful
8324,2026-01-10,14:35:52,WARN,WebServer,Unauthorized access attempt from 10.0.0.99,E401,Unauthorized access attempt from {ip}
8325,2026-01-10,14:28:46,INFO,AuthService,Page view: /home by u1653,E103,Page view: {page} by {user}
8326,2026-01-10,14:22:25,INFO,WebServer,Health check passed: WebServer,E102,Health check passed: {service}
8327,2026-01-10,14:20:23,INFO,WebServer,User u1159 login successful,E101,User {user} login successful
8328,2026-01-10,15:11:50,INFO,WebServer,User u4454 login successful,E101,User {user} login successful
8329,2026-01-10,15:07:25,INFO,WebServer,Health check passed: WebServer,E102,Health check passed: {service}
8330,2026-01-10,15:41:44,INFO,WebServer,User u1897 login successful,E101,User {user} login successful
8331,2026-01-10,15:27:49,INFO,WebServer,Transaction tx584952 completed in 74ms,E104,Transaction {tx} completed in {time}ms
8332,2026-01-10,15:30:36,INFO,WebServer,User u4283 login successful,E101,User {user} login successful
8333,2026-01-10,15:22:03,WARN,WebServer,Unauthorized access attempt from 10.0.0.45,E401,Unauthorized access attempt from {ip}
8334,2026-01-10,15:14:21,INFO,WebServer,Transaction tx132721 completed in 1588ms,E104,Transaction {tx} completed in {time}ms
8335,2026-01-10,15:23:03,INFO,PaymentGateway,Page view: /home by u1990,E103,Page view: {page} by {user}
8336,2026-01-10,15:22:17,ERROR,AuthService,Timeout waiting for lock on InventoryDB,E502,Timeout waiting for lock on {db}
8337,2026-01-10,15:25:50,INFO,WebServer,Transaction tx208821 completed in 803ms,E104,Transaction {tx} completed in {time}ms
8338,2026-01-10,15:56:05,INFO,WebServer,User u2681 login successful,E101,User {user} login successful
8339,2026-01-10,15:05:11,INFO,WebServer,Page view: /home by u1743,E103,Page view: {page} by {user}
8340,2026-01-10,15:07:23,INFO,WebServer,Transaction tx133294 completed in 818ms,E104,Transaction {tx} completed in {time}ms
8341,2026-01-10,15:26:51,INFO,OrderProcessor,Transaction tx239161 completed in 345ms,E104,Transaction {tx} completed in {time}ms
8342,2026-01-10,15:54:18,WARN,WebServer,High latency (249ms) detected on WebServer,E201,High latency ({time}ms) detected on {service}
8343,2026-01-10,15:03:34,WARN,WebServer,Unauthorized access attempt from 10.0.0.88,E401,Unauthorized access attempt from {ip}
8344,2026-01-10,15:01:45,INFO,AuthService,Health check passed: AuthService,E102,Health check passed: {service}
8345,2026-01-10,15:09:38,INFO,PaymentGateway,User u4192 login successful,E101,User {user} login successful
8346,2026-01-10,15:49:58,INFO,WebServer,User u4066 login successful,E101,User {user} login successful
8347,2026-01-10,15:46:27,INFO,WebServer,Transaction tx906161 completed in 1958ms,E104,Transaction {tx} completed in {time}ms
8348,2026-01-10,15:37:28,INFO,AuthService,Transaction tx291922 completed in 1657ms,E104,Transaction {tx} completed in {time}ms
8349,2026-01-10,15:57:53,INFO,WebServer,Page view: /home by u4914,E103,Page view: {page} by {user}
8350,2026-01-10,15:02:05,INFO,WebServer,Transaction tx671929 completed in 563ms,E104,Transaction {tx} completed in {time}ms
8351,2026-01-10,15:52:44,INFO,AuthService,Health check passed: AuthService,E102,Health check passed: {service}
8352,2026-01-10,15:44:16,INFO,WebServer,User u1586 login successful,E101,User {user} login successful
8353,2026-01-10,15:09:08,INFO,PaymentGateway,Page view: /home by u4311,E103,Page view: {page} by {user}
8354,2026-01-10,15:02:48,ERROR,WebServer,Payment declined: Gateway unavailable,E503,Payment declined: Gateway unavailable
8355,2026-01-10,15:18:06,INFO,PaymentGateway,User u1039 login successful,E101,User {user} login successful
8356,2026-01-10,15:35:46,INFO,InventoryDB,User u3308 login successful,E101,User {user} login successful
8357,2026-01-10,15:08:42,INFO,OrderProcessor,Page view: /home by u3561,E103,Page view: {page} by {user}
8358,2026-01-10,15:39:15,INFO,WebServer,Page view: /home by u2149,E103,Page view: {page} by {user}
8359,2026-01-10,15:53:01,INFO,WebServer,Page view: /home by u3456,E103,Page view: {page} by {user}
8360,2026-01-10,15:27:33,INFO,WebServer,Health check passed: WebServer,E102,Health check passed: {service}
8361,2026-01-10,15:21:28,INFO,WebServer,Transaction tx238501 completed in 1340ms,E104,Transaction {tx} completed in {time}ms
8362,2026-01-10,15:26:22,INFO,AuthService,Page view: /home by u3472,E103,Page view: {page} by {user}
8363,2026-01-10,15:09:37,INFO,WebServer,Page view: /home by u2855,E103,Page view: {page} by {user}
8364,2026-01-10,15:14:14,WARN,InventoryDB,Disk usage > 85% on node node-2,E202,Disk usage > 85% on node {node}
8365,2026-01-10,15:58:20,WARN,WebServer,Disk usage > 85% on node node-4,E202,Disk usage > 85% on node {node}
8366,2026-01-10,15:57:19,INFO,WebServer,User u1764 login successful,E101,User {user} login successful
8367,2026-01-10,15:31:59,INFO,WebServer,Page view: /home by u4916,E103,Page view: {page} by {user}
8368,2026-01-10,15:29:50,INFO,OrderProcessor,Health check passed: OrderProcessor,E102,Health check passed: {service}
8369,2026-01-10,15:42:05,INFO,AuthService,Transaction tx198944 completed in 1193ms,E104,Transaction {tx} completed in {time}ms
8370,2026-01-10,15:18:11,INFO,OrderProcessor,User u3704 login successful,E101,User {user} login successful
8371,2026-01-10,15:34:36,INFO,WebServer,Health check passed: WebServer,E102,Health check passed: {service}
8372,2026-01-10,15:34:03,INFO,WebServer,Page view: /home by u2108,E103,Page view: {page} by {user}
8373,2026-01-10,15:39:36,INFO,WebServer,User u2947 login successful,E101,User {user} login successful
8374,2026-01-10,15:21:05,INFO,WebServer,Health check passed: WebServer,E102,Health check passed: {service}
8375,2026-01-10,15:57:04,INFO,PaymentGateway,User u3363 login successful,E101,User {user} login successful
8376,2026-01-10,15:31:46,INFO,WebServer,Transaction tx116926 completed in 1284ms,E104,Transaction {tx} completed in {time}ms
8377,2026-01-10,15:33:36,INFO,WebServer,Health check passed: WebServer,E102,Health check passed: {service}
8378,2026-01-10,15:31:23,INFO,PaymentGateway,User u2949 login successful,E101,User {user} login successful
8379,2026-01-10,15:04:13,INFO,InventoryDB,Page view: /home by u2885,E103,Page view: {page} by {user}
8380,2026-01-10,15:23:24,INFO,WebServer,Transaction tx822238 completed in 1406ms,E104,Transaction {tx} completed in {time}ms
8381,2026-01-10,15:50:02,INFO,AuthService,User u4292 login successful,E101,User {user} login successful
8382,2026-01-10,15:21:49,INFO,PaymentGateway,Page view: /home by u3915,E103,Page view: {page} by {user}
8383,2026-01-10,15:30:03,INFO,WebServer,Page view: /home by u3333,E103,Page view: {page} by {user}
8384,2026-01-10,15:05:39,INFO,OrderProcessor,Health check passed: OrderProcessor,E102,Health check passed: {service}
8385,2026-01-10,15:20:18,INFO,PaymentGateway,Page view: /home by u4673,E103,Page view: {page} by {user}
8386,2026-01-10,15:27:29,INFO,AuthService,Page view: /home by u3539,E103,Page view: {page} by {user}
8387,2026-01-10,15:26:01,INFO,WebServer,User u1282 login successful,E101,User {user} login successful
8388,2026-01-10,15:14:34,INFO,WebServer,Page view: /home by u1099,E103,Page view: {page} by {user}
8389,2026-01-10,15:09:55,INFO,WebServer,User u2756 login successful,E101,User {user} login successful
8390,2026-01-10,15:24:00,INFO,WebServer,Page view: /home by u2557,E103,Page view: {page} by {user}
8391,2026-01-10,15:35:44,INFO,PaymentGateway,Health check passed: PaymentGateway,E102,Health check passed: {service}
8392,2026-01-10,15:49:51,INFO,OrderProcessor,User u4589 login successful,E101,User {user} login successful
8393,2026-01-10,15:31:24,INFO,PaymentGateway,Health check passed: PaymentGateway,E102,Health check passed: {service}
8394,2026-01-10,15:23:18,INFO,OrderProcessor,User u3522 login successful,E101,User {user} login successful
8395,2026-01-10,15:58:38,INFO,WebServer,Page view: /home by u2740,E103,Page view: {page} by {user}
8396,2026-01-10,15:04:38,INFO,WebServer,User u4508 login successful,E101,User {user} login successful
8397,2026-01-10,15:26:58,INFO,PaymentGateway,User u1363 login successful,E101,User {user} login successful
8398,2026-01-10,15:11:59,INFO,WebServer,Health check passed: WebServer,E102,Health check passed: {service}
8399,2026-01-10,15:17:41,INFO,OrderProcessor,User u1631 login successful,E101,User {user} login successful
8400,2026-01-10,15:34:15,INFO,WebServer,Health check passed: WebServer,E102,Health check passed: {service}
8401,2026-01-10,15:35:14,INFO,WebServer,Transaction tx143617 completed in 837ms,E104,Transaction {tx} completed in {time}ms
8402,2026-01-10,15:38:30,INFO,WebServer,User u4279 login successful,E101,User {user} login successful
8403,2026-01-10,15:44:25,INFO,WebServer,User u1634 login successful,E101,User {user} login successful
8404,2026-01-10,15:41:06,INFO,OrderProcessor,Page view: /home by u1340,E103,Page view: {page} by {user}
8405,2026-01-10,15:07:47,INFO,WebServer,Health check passed: WebServer,E102,Health check passed: {service}
8406,2026-01-10,15:17:22,INFO,PaymentGateway,User u1295 login successful,E101,User {user} login successful
8407,2026-01-10,15:31:38,INFO,WebServer,User u4801 login successful,E101,User {user} login successful
8408,2026-01-10,15:08:27,INFO,WebServer,Page view: /home by u1326,E103,Page view: {page} by {user}
8409,2026-01-10,15:34:24,INFO,WebServer,Transaction tx666419 completed in 1503ms,E104,Transaction {tx} completed in {time}ms
8410,2026-01-10,15:36:14,INFO,AuthService,Transaction tx303386 completed in 270ms,E104,Transaction {tx} completed in {time}ms
8411,2026-01-10,15:33:33,INFO,OrderProcessor,Transaction tx571963 completed in 1368ms,E104,Transaction {tx} completed in {time}ms
8412,2026-01-10,15:27:52,INFO,WebServer,Transaction tx893716 completed in 1000ms,E104,Transaction {tx} completed in {time}ms
8413,2026-01-10,15:01:43,INFO,PaymentGateway,Page view: /home by u3314,E103,Page view: {page} by {user}
8414,2026-01-10,15:22:15,INFO,WebServer,Health check passed: WebServer,E102,Health check passed: {service}
8415,2026-01-10,15:37:02,INFO,WebServer,Health check passed: WebServer,E102,Health check passed: {service}
8416,2026-01-10,15:50:31,INFO,AuthService,Health check passed: AuthService,E102,Health check passed: {service}
8417,2026-01-10,15:56:47,INFO,WebServer,Health check passed: WebServer,E102,Health check passed: {service}
8418,2026-01-10,15:31:38,INFO,OrderProcessor,User u2402 login successful,E101,User {user} login successful
8419,2026-01-10,15:30:42,INFO,OrderProcessor,Health check passed: OrderProcessor,E102,Health check passed: {service}
8420,2026-01-10,15:43:18,INFO,PaymentGateway,Transaction tx883549 completed in 1496ms,E104,Transaction {tx} completed in {time}ms
8421,2026-01-10,15:13:47,INFO,AuthService,Transaction tx966472 completed in 1415ms,E104,Transaction {tx} completed in {time}ms
8422,2026-01-10,15:39:34,INFO,WebServer,Health check passed: WebServer,E102,Health check passed: {service}
8423,2026-01-10,15:15:20,INFO,WebServer,User u4548 login successful,E101,User {user} login successful
8424,2026-01-10,15:08:17,INFO,WebServer,Health check passed: WebServer,E102,Health check passed: {service}
8425,2026-01-10,15:32:53,INFO,WebServer,Page view: /home by u4007,E103,Page view: {page} by {user}
8426,2026-01-10,15:37:06,INFO,WebServer,User u1645 login successful,E101,User {user} login successful
8427,2026-01-10,15:34:16,ERROR,WebServer,Payment declined: Gateway unavailable,E503,Payment declined: Gateway unavailable
8428,2026-01-10,15:38:09,INFO,WebServer,Page view: /home by u2011,E103,Page view: {page} by {user}
8429,2026-01-10,15:14:59,CRITICAL,WebServer,KERNEL PANIC: Node node-1 crashed,E601,KERNEL PANIC: Node {node} crashed
8430,2026-01-10,15:56:01,INFO,InventoryDB,User u1686 login successful,E101,User {user} login successful
8431,2026-01-10,15:21:49,INFO,WebServer,Health check passed: WebServer,E102,Health check passed: {service}
8432,2026-01-10,15:11:59,INFO,WebServer,Health check passed: WebServer,E102,Health check passed: {service}
8433,2026-01-10,15:29:58,INFO,WebServer,Health check passed: WebServer,E102,Health check passed: {service}
8434,2026-01-10,15:23:15,INFO,WebServer,Page view: /home by u1501,E103,Page view: {page} by {user}
8435,2026-01-10,15:51:21,INFO,OrderProcessor,Page view: /home by u2117,E103,Page view: {page} by {user}
8436,2026-01-10,15:55:17,INFO,WebServer,Page view: /home by u3094,E103,Page view: {page} by {user}
8437,2026-01-10,15:45:00,INFO,WebServer,Transaction tx821234 completed in 1156ms,E104,Transaction {tx} completed in {time}ms
8438,2026-01-10,15:15:36,INFO,WebServer,Transaction tx519168 completed in 1274ms,E104,Transaction {tx} completed in {time}ms
8439,2026-01-10,15:25:14,INFO,WebServer,Transaction tx565715 completed in 1106ms,E104,Transaction {tx} completed in {time}ms
8440,2026-01-10,15:10:17,INFO,WebServer,Transaction tx362308 completed in 1407ms,E104,Transaction {tx} completed in {time}ms
8441,2026-01-10,15:40:46,INFO,WebServer,Transaction tx514741 completed in 1059ms,E104,Transaction {tx} completed in {time}ms
8442,2026-01-10,15:55:16,INFO,AuthService,Transaction tx511046 completed in 1928ms,E104,Transaction {tx} completed in {time}ms
8443,2026-01-10,15:42:05,INFO,PaymentGateway,User u1670 login successful,E101,User {user} login successful
8444,2026-01-10,15:07:23,WARN,WebServer,Disk usage > 85% on node node-5,E202,Disk usage > 85% on node {node}
8445,2026-01-10,15:03:27,INFO,AuthService,Transaction tx231157 completed in 1281ms,E104,Transaction {tx} completed in {time}ms
8446,2026-01-10,15:54:05,INFO,WebServer,Page view: /home by u4662,E103,Page view: {page} by {user}
8447,2026-01-10,15:13:09,INFO,OrderProcessor,Transaction tx422297 completed in 62ms,E104,Transaction {tx} completed in {time}ms
8448,2026-01-10,15:24:53,WARN,WebServer,Disk usage > 85% on node node-4,E202,Disk usage > 85% on node {node}
8449,2026-01-10,15:25:12,WARN,WebServer,Disk usage > 85% on node node-4,E202,Disk usage > 85% on node {node}
8450,2026-01-10,15:20:14,INFO,WebServer,Page view: /home by u3236,E103,Page view: {page} by {user}
8451,2026-01-10,15:32:49,INFO,WebServer,Health check passed: WebServer,E102,Health check passed: {service}
8452,2026-01-10,15:45:07,ERROR,WebServer,Timeout waiting for lock on InventoryDB,E502,Timeout waiting for lock on {db}
8453,2026-01-10,15:49:04,INFO,AuthService,User u1801 login successful,E101,User {user} login successful
8454,2026-01-10,15:58:51,INFO,OrderProcessor,Transaction tx594274 completed in 254ms,E104,Transaction {tx} completed in {time}ms
8455,2026-01-10,15:21:08,INFO,WebServer,Health check passed: WebServer,E102,Health check passed: {service}
8456,2026-01-10,15:21:50,INFO,OrderProcessor,User u4044 login successful,E101,User {user} login successful
8457,2026-01-10,15:22:53,INFO,WebServer,Health check passed: WebServer,E102,Health check passed: {service}
8458,2026-01-10,15:36:51,INFO,PaymentGateway,Health check passed: PaymentGateway,E102,Health check passed: {service}
8459,2026-01-10,15:49:53,INFO,WebServer,Page view: /home by u4819,E103,Page view: {page} by {user}
8460,2026-01-10,15:50:34,INFO,AuthService,Page view: /home by u4979,E103,Page view: {page} by {user}
8461,2026-01-10,15:05:50,INFO,AuthService,User u2993 login successful,E101,User {user} login successful
8462,2026-01-10,15:26:54,INFO,WebServer,Transaction tx620342 completed in 1846ms,E104,Transaction {tx} completed in {time}ms
8463,2026-01-10,15:44:47,INFO,OrderProcessor,User u3333 login successful,E101,User {user} login successful
8464,2026-01-10,15:09:18,INFO,AuthService,Health check passed: AuthService,E102,Health check passed: {service}
8465,2026-01-10,15:14:22,INFO,OrderProcessor,Transaction tx392476 completed in 24ms,E104,Transaction {tx} completed in {time}ms
8466,2026-01-10,15:01:00,INFO,InventoryDB,User u2007 login successful,E101,User {user} login successful
8467,2026-01-10,15:35:08,INFO,WebServer,Health check passed: WebServer,E102,Health check passed: {service}
8468,2026-01-10,15:45:13,INFO,WebServer,Transaction tx856143 completed in 769ms,E104,Transaction {tx} completed in {time}ms
8469,2026-01-10,15:58:12,INFO,PaymentGateway,User u2348 login successful,E101,User {user} login successful
8470,2026-01-10,15:43:08,INFO,PaymentGateway,Health check passed: PaymentGateway,E102,Health check passed: {service}
8471,2026-01-10,15:31:35,INFO,WebServer,Health check passed: WebServer,E102,Health check passed: {service}
8472,2026-01-10,15:12:47,INFO,InventoryDB,User u4880 login successful,E101,User {user} login successful
8473,2026-01-10,15:36:01,INFO,WebServer,Health check passed: WebServer,E102,Health check passed: {service}
8474,2026-01-10,15:21:18,INFO,OrderProcessor,Health check passed: OrderProcessor,E102,Health check passed: {service}
8475,2026-01-10,15:57:42,INFO,WebServer,User u2780 login successful,E101,User {user} login successful
8476,2026-01-10,15:24:23,INFO,WebServer,Transaction tx132185 completed in 1804ms,E104,Transaction {tx} completed in {time}ms
8477,2026-01-10,15:38:54,INFO,PaymentGateway,Page view: /home by u4786,E103,Page view: {page} by {user}
8478,2026-01-10,15:33:47,INFO,OrderProcessor,User u2293 login successful,E101,User {user} login successful
8479,2026-01-10,15:52:36,INFO,WebServer,User u3103 login successful,E101,User {user} login successful
8480,2026-01-10,15:40:48,INFO,WebServer,User u1829 login successful,E101,User {user} login successful
8481,2026-01-10,15:22:28,INFO,InventoryDB,User u1848 login successful,E101,User {user} login successful
8482,2026-01-10,15:56:15,INFO,OrderProcessor,Transaction tx536335 completed in 768ms,E104,Transaction {tx} completed in {time}ms
8483,2026-01-10,15:50:46,INFO,AuthService,Page view: /home by u3109,E103,Page view: {page} by {user}
8484,2026-01-10,15:59:53,INFO,OrderProcessor,Transaction tx543017 completed in 1634ms,E104,Transaction {tx} completed in {time}ms
8485,2026-01-10,15:46:17,INFO,AuthService,Health check passed: AuthService,E102,Health check passed: {service}
8486,2026-01-10,15:56:29,INFO,AuthService,Page view: /home by u3713,E103,Page view: {page} by {user}
8487,2026-01-10,15:29:06,INFO,WebServer,Transaction tx824989 completed in 337ms,E104,Transaction {tx} completed in {time}ms
8488,2026-01-10,15:36:52,INFO,OrderProcessor,Transaction tx583708 completed in 1640ms,E104,Transaction {tx} completed in {time}ms
8489,2026-01-10,15:22:34,INFO,WebServer,User u4249 login successful,E101,User {user} login successful
8490,2026-01-10,15:37:40,INFO,PaymentGateway,User u1241 login successful,E101,User {user} login successful
8491,2026-01-10,15:38:47,INFO,WebServer,Transaction tx275888 completed in 1737ms,E104,Transaction {tx} completed in {time}ms
8492,2026-01-10,15:08:40,INFO,WebServer,User u2543 login successful,E101,User {user} login successful
8493,2026-01-10,15:25:56,INFO,WebServer,Health check passed: WebServer,E102,Health check passed: {service}
8494,2026-01-10,15:27:20,INFO,AuthService,Transaction tx750307 completed in 1818ms,E104,Transaction {tx} completed in {time}ms
8495,2026-01-10,15:03:51,INFO,WebServer,User u2215 login successful,E101,User {user} login successful
8496,2026-01-10,15:48:05,INFO,WebServer,User u1095 login successful,E101,User {user} login successful
8497,2026-01-10,15:07:55,INFO,WebServer,Page view: /home by u4191,E103,Page view: {page} by {user}
8498,2026-01-10,15:21:40,INFO,WebServer,Transaction tx492297 completed in 472ms,E104,Transaction {tx} completed in {time}ms
8499,2026-01-10,15:29:51,WARN,WebServer,Disk usage > 85% on node node-3,E202,Disk usage > 85% on node {node}
8500,2026-01-10,15:00:59,INFO,WebServer,Health check passed: WebServer,E102,Health check passed: {service}
8501,2026-01-10,15:11:12,INFO,WebServer,User u1659 login successful,E101,User {user} login successful
8502,2026-01-10,15:53:40,INFO,AuthService,Transaction tx685476 completed in 1633ms,E104,Transaction {tx} completed in {time}ms
8503,2026-01-10,15:56:48,INFO,WebServer,Health check passed: WebServer,E102,Health check passed: {service}
8504,2026-01-10,15:00:45,INFO,AuthService,Transaction tx158899 completed in 1986ms,E104,Transaction {tx} completed in {time}ms
8505,2026-01-10,15:36:20,INFO,AuthService,User u4422 login successful,E101,User {user} login successful
8506,2026-01-10,15:52:58,INFO,AuthService,Transaction tx424589 completed in 1007ms,E104,Transaction {tx} completed in {time}ms
8507,2026-01-10,15:28:00,INFO,OrderProcessor,Page view: /home by u1140,E103,Page view: {page} by {user}
8508,2026-01-10,15:52:18,INFO,OrderProcessor,Transaction tx822488 completed in 1775ms,E104,Transaction {tx} completed in {time}ms
8509,2026-01-10,15:01:24,INFO,WebServer,Page view: /home by u3540,E103,Page view: {page} by {user}
8510,2026-01-10,15:13:10,INFO,AuthService,Health check passed: AuthService,E102,Health check passed: {service}
8511,2026-01-10,15:03:58,INFO,WebServer,Health check passed: WebServer,E102,Health check passed: {service}
8512,2026-01-10,15:52:07,INFO,AuthService,Transaction tx958311 completed in 35ms,E104,Transaction {tx} completed in {time}ms
8513,2026-01-10,15:57:02,INFO,WebServer,Transaction tx669762 completed in 1583ms,E104,Transaction {tx} completed in {time}ms
8514,2026-01-10,15:31:46,INFO,OrderProcessor,Health check passed: OrderProcessor,E102,Health check passed: {service}
8515,2026-01-10,15:16:37,INFO,WebServer,Transaction tx550473 completed in 1984ms,E104,Transaction {tx} completed in {time}ms
8516,2026-01-10,15:21:06,INFO,WebServer,Health check passed: WebServer,E102,Health check passed: {service}
8517,2026-01-10,15:25:50,INFO,WebServer,User u1352 login successful,E101,User {user} login successful
8518,2026-01-10,15:08:13,WARN,WebServer,Disk usage > 85% on node node-3,E202,Disk usage > 85% on node {node}
8519,2026-01-10,15:47:43,INFO,AuthService,Health check passed: AuthService,E102,Health check passed: {service}
8520,2026-01-10,15:43:30,INFO,WebServer,User u3493 login successful,E101,User {user} login successful
8521,2026-01-10,15:13:32,INFO,WebServer,User u2012 login successful,E101,User {user} login successful
8522,2026-01-10,15:52:27,INFO,WebServer,User u1453 login successful,E101,User {user} login successful
8523,2026-01-10,15:30:29,INFO,AuthService,Health check passed: AuthService,E102,Health check passed: {service}
8524,2026-01-10,15:58:14,INFO,InventoryDB,Health check passed: InventoryDB,E102,Health check passed: {service}
8525,2026-01-10,15:11:24,INFO,WebServer,Page view: /home by u1715,E103,Page view: {page} by {user}
8526,2026-01-10,15:59:02,INFO,PaymentGateway,Health check passed: PaymentGateway,E102,Health check passed: {service}
8527,2026-01-10,15:45:51,INFO,PaymentGateway,User u2769 login successful,E101,User {user} login successful
8528,2026-01-10,15:49:52,INFO,WebServer,Page view: /home by u4265,E103,Page view: {page} by {user}
8529,2026-01-10,15:34:24,INFO,WebServer,Transaction tx998327 completed in 1015ms,E104,Transaction {tx} completed in {time}ms
8530,2026-01-10,15:10:37,INFO,AuthService,User u3277 login successful,E101,User {user} login successful
8531,2026-01-10,15:12:01,INFO,WebServer,User u4688 login successful,E101,User {user} login successful
8532,2026-01-10,15:54:06,INFO,AuthService,Health check passed: AuthService,E102,Health check passed: {service}
8533,2026-01-10,15:27:58,INFO,OrderProcessor,User u4253 login successful,E101,User {user} login successful
8534,2026-01-10,15:08:09,INFO,WebServer,Transaction tx511122 completed in 104ms,E104,Transaction {tx} completed in {time}ms
8535,2026-01-10,15:28:17,INFO,WebServer,Transaction tx238211 completed in 1229ms,E104,Transaction {tx} completed in {time}ms
8536,2026-01-10,15:46:41,WARN,PaymentGateway,High latency (836ms) detected on PaymentGateway,E201,High latency ({time}ms) detected on {service}
8537,2026-01-10,15:19:32,INFO,WebServer,Page view: /home by u2790,E103,Page view: {page} by {user}
8538,2026-01-10,15:48:36,INFO,OrderProcessor,User u4152 login successful,E101,User {user} login successful
8539,2026-01-10,15:51:41,INFO,WebServer,Page view: /home by u3489,E103,Page view: {page} by {user}
8540,2026-01-10,15:39:06,INFO,WebServer,Transaction tx510482 completed in 1739ms,E104,Transaction {tx} completed in {time}ms
8541,2026-01-10,15:02:22,INFO,AuthService,Transaction tx765537 completed in 1267ms,E104,Transaction {tx} completed in {time}ms
8542,2026-01-10,15:06:52,INFO,WebServer,Page view: /home by u1274,E103,Page view: {page} by {user}
8543,2026-01-10,15:19:00,INFO,WebServer,User u4676 login successful,E101,User {user} login successful
8544,2026-01-10,15:57:41,INFO,WebServer,User u2542 login successful,E101,User {user} login successful
8545,2026-01-10,15:28:43,INFO,OrderProcessor,Transaction tx729203 completed in 658ms,E104,Transaction {tx} completed in {time}ms
8546,2026-01-10,15:50:52,INFO,PaymentGateway,Health check passed: PaymentGateway,E102,Health check passed: {service}
8547,2026-01-10,15:18:27,INFO,WebServer,Transaction tx231982 completed in 1430ms,E104,Transaction {tx} completed in {time}ms
8548,2026-01-10,15:39:29,INFO,WebServer,Health check passed: WebServer,E102,Health check passed: {service}
8549,2026-01-10,15:29:33,INFO,WebServer,Health check passed: WebServer,E102,Health check passed: {service}
8550,2026-01-10,15:35:18,INFO,WebServer,Transaction tx261376 completed in 1854ms,E104,Transaction {tx} completed in {time}ms
8551,2026-01-10,15:11:35,INFO,OrderProcessor,Transaction tx411900 completed in 1020ms,E104,Transaction {tx} completed in {time}ms
8552,2026-01-10,15:17:14,INFO,WebServer,Transaction tx845361 completed in 1162ms,E104,Transaction {tx} completed in {time}ms
8553,2026-01-10,15:41:59,INFO,AuthService,Page view: /home by u2862,E103,Page view: {page} by {user}
8554,2026-01-10,15:05:44,INFO,WebServer,Health check passed: WebServer,E102,Health check passed: {service}
8555,2026-01-10,15:27:31,INFO,WebServer,Transaction tx333760 completed in 557ms,E104,Transaction {tx} completed in {time}ms
8556,2026-01-10,15:05:24,INFO,AuthService,User u1709 login successful,E101,User {user} login successful
8557,2026-01-10,15:37:24,INFO,OrderProcessor,Health check passed: OrderProcessor,E102,Health check passed: {service}
8558,2026-01-10,15:43:02,INFO,OrderProcessor,Transaction tx797591 completed in 132ms,E104,Transaction {tx} completed in {time}ms
8559,2026-01-10,15:53:28,INFO,WebServer,Page view: /home by u4797,E103,Page view: {page} by {user}
8560,2026-01-10,15:25:05,INFO,WebServer,Page view: /home by u3040,E103,Page view: {page} by {user}
8561,2026-01-10,15:38:12,INFO,WebServer,User u2042 login successful,E101,User {user} login successful
8562,2026-01-10,15:34:25,WARN,WebServer,Unauthorized access attempt from 10.0.0.45,E401,Unauthorized access attempt from {ip}
8563,2026-01-10,15:34:41,INFO,InventoryDB,Transaction tx590143 completed in 1553ms,E104,Transaction {tx} completed in {time}ms
8564,2026-01-10,15:41:16,INFO,WebServer,Page view: /home by u3965,E103,Page view: {page} by {user}
8565,2026-01-10,15:26:30,INFO,AuthService,Transaction tx819746 completed in 1827ms,E104,Transaction {tx} completed in {time}ms
8566,2026-01-10,15:45:27,WARN,WebServer,Unauthorized access attempt from 10.0.0.45,E401,Unauthorized access attempt from {ip}
8567,2026-01-10,15:33:42,INFO,AuthService,Page view: /home by u1001,E103,Page view: {page} by {user}
8568,2026-01-10,15:56:58,INFO,AuthService,User u1607 login successful,E101,User {user} login successful
8569,2026-01-10,15:57:02,INFO,WebServer,User u1092 login successful,E101,User {user} login successful
8570,2026-01-10,15:51:37,INFO,WebServer,Page view: /home by u2743,E103,Page view: {page} by {user}
8571,2026-01-10,15:21:44,WARN,PaymentGateway,High latency (1301ms) detected on PaymentGateway,E201,High latency ({time}ms) detected on {service}
8572,2026-01-10,15:22:06,INFO,PaymentGateway,Page view: /home by u1454,E103,Page view: {page} by {user}
8573,2026-01-10,15:34:22,INFO,WebServer,Page view: /home by u1877,E103,Page view: {page} by {user}
8574,2026-01-10,15:35:27,INFO,WebServer,Page view: /home by u4543,E103,Page view: {page} by {user}
8575,2026-01-10,15:59:41,INFO,WebServer,Page view: /home by u2256,E103,Page view: {page} by {user}
8576,2026-01-10,15:31:04,INFO,OrderProcessor,Page view: /home by u2479,E103,Page view: {page} by {user}
8577,2026-01-10,15:52:08,INFO,AuthService,Page view: /home by u2282,E103,Page view: {page} by {user}
8578,2026-01-10,15:54:31,INFO,WebServer,User u4900 login successful,E101,User {user} login successful
8579,2026-01-10,15:57:23,CRITICAL,WebServer,KERNEL PANIC: Node node-4 crashed,E601,KERNEL PANIC: Node {node} crashed
8580,2026-01-10,15:27:38,INFO,InventoryDB,Page view: /home by u4804,E103,Page view: {page} by {user}
8581,2026-01-10,15:17:10,INFO,PaymentGateway,Transaction tx837437 completed in 1166ms,E104,Transaction {tx} completed in {time}ms
8582,2026-01-10,15:24:11,CRITICAL,WebServer,KERNEL PANIC: Node node-5 crashed,E601,KERNEL PANIC: Node {node} crashed
8583,2026-01-10,15:57:17,INFO,AuthService,User u1292 login successful,E101,User {user} login successful
8584,2026-01-10,15:00:52,INFO,AuthService,Health check passed: AuthService,E102,Health check passed: {service}
8585,2026-01-10,15:24:41,INFO,WebServer,Transaction tx751444 completed in 1910ms,E104,Transaction {tx} completed in {time}ms
8586,2026-01-10,15:57:15,INFO,PaymentGateway,User u3255 login successful,E101,User {user} login successful
8587,2026-01-10,15:13:56,INFO,OrderProcessor,Health check passed: OrderProcessor,E102,Health check passed: {service}
8588,2026-01-10,15:26:48,INFO,OrderProcessor,Page view: /home by u1799,E103,Page view: {page} by {user}
8589,2026-01-10,15:06:42,INFO,WebServer,Page view: /home by u1359,E103,Page view: {page} by {user}
8590,2026-01-10,15:14:13,INFO,WebServer,Page view: /home by u4046,E103,Page view: {page} by {user}
8591,2026-01-10,15:48:40,INFO,WebServer,User u4094 login successful,E101,User {user} login successful
8592,2026-01-10,15:33:06,INFO,OrderProcessor,Transaction tx818470 completed in 1537ms,E104,Transaction {tx} completed in {time}ms
8593,2026-01-10,15:03:00,INFO,WebServer,Page view: /home by u3623,E103,Page view: {page} by {user}
8594,2026-01-10,15:48:02,WARN,WebServer,Disk usage > 85% on node node-4,E202,Disk usage > 85% on node {node}
8595,2026-01-10,15:00:00,INFO,PaymentGateway,User u4184 login successful,E101,User {user} login successful
8596,2026-01-10,15:55:07,INFO,AuthService,Transaction tx887465 completed in 1274ms,E104,Transaction {tx} completed in {time}ms
8597,2026-01-10,15:54:55,INFO,AuthService,Health check passed: AuthService,E102,Health check passed: {service}
8598,2026-01-10,15:11:59,INFO,WebServer,Transaction tx280993 completed in 1632ms,E104,Transaction {tx} completed in {time}ms
8599,2026-01-10,15:18:27,INFO,WebServer,User u3498 login successful,E101,User {user} login successful
8600,2026-01-10,15:03:02,INFO,PaymentGateway,User u4492 login successful,E101,User {user} login successful
8601,2026-01-10,15:25:25,INFO,AuthService,User u1306 login successful,E101,User {user} login successful
8602,2026-01-10,15:34:55,INFO,WebServer,Page view: /home by u2644,E103,Page view: {page} by {user}
8603,2026-01-10,15:29:41,INFO,WebServer,Health check passed: WebServer,E102,Health check passed: {service}
8604,2026-01-10,15:24:53,INFO,WebServer,Transaction tx769450 completed in 1302ms,E104,Transaction {tx} completed in {time}ms
8605,2026-01-10,15:40:15,INFO,WebServer,Health check passed: WebServer,E102,Health check passed: {service}
8606,2026-01-10,15:18:28,INFO,InventoryDB,Page view: /home by u3688,E103,Page view: {page} by {user}
8607,2026-01-10,15:55:58,INFO,AuthService,User u4779 login successful,E101,User {user} login successful
8608,2026-01-10,15:53:19,INFO,OrderProcessor,Transaction tx605320 completed in 629ms,E104,Transaction {tx} completed in {time}ms
8609,2026-01-10,15:45:17,INFO,WebServer,Health check passed: WebServer,E102,Health check passed: {service}
8610,2026-01-10,15:47:21,INFO,WebServer,User u2188 login successful,E101,User {user} login successful
8611,2026-01-10,15:54:29,INFO,OrderProcessor,Health check passed: OrderProcessor,E102,Health check passed: {service}
8612,2026-01-10,15:15:55,INFO,PaymentGateway,Health check passed: PaymentGateway,E102,Health check passed: {service}
8613,2026-01-10,15:33:42,INFO,OrderProcessor,Page view: /home by u3585,E103,Page view: {page} by {user}
8614,2026-01-10,15:02:21,INFO,WebServer,Transaction tx581455 completed in 206ms,E104,Transaction {tx} completed in {time}ms
8615,2026-01-10,15:55:54,INFO,WebServer,User u4120 login successful,E101,User {user} login successful
8616,2026-01-10,15:41:06,INFO,InventoryDB,Transaction tx300314 completed in 1472ms,E104,Transaction {tx} completed in {time}ms
8617,2026-01-10,15:23:48,INFO,WebServer,User u4113 login successful,E101,User {user} login successful
8618,2026-01-10,15:33:04,INFO,WebServer,Health check passed: WebServer,E102,Health check passed: {service}
8619,2026-01-10,15:56:15,INFO,PaymentGateway,Page view: /home by u1911,E103,Page view: {page} by {user}
8620,2026-01-10,15:45:48,INFO,WebServer,Health check passed: WebServer,E102,Health check passed: {service}
8621,2026-01-10,15:57:32,WARN,AuthService,Disk usage > 85% on node node-4,E202,Disk usage > 85% on node {node}
8622,2026-01-10,15:13:22,INFO,WebServer,Transaction tx712153 completed in 1585ms,E104,Transaction {tx} completed in {time}ms
8623,2026-01-10,15:14:04,INFO,WebServer,User u2939 login successful,E101,User {user} login successful
8624,2026-01-10,15:29:06,INFO,OrderProcessor,Transaction tx274579 completed in 217ms,E104,Transaction {tx} completed in {time}ms
8625,2026-01-10,15:52:42,INFO,WebServer,User u1251 login successful,E101,User {user} login successful
8626,2026-01-10,15:14:15,INFO,PaymentGateway,User u4453 login successful,E101,User {user} login successful
8627,2026-01-10,15:15:49,INFO,AuthService,Health check passed: AuthService,E102,Health check passed: {service}
8628,2026-01-10,15:12:49,INFO,WebServer,Page view: /home by u4679,E103,Page view: {page} by {user}
8629,2026-01-10,15:56:00,INFO,PaymentGateway,Transaction tx150648 completed in 1970ms,E104,Transaction {tx} completed in {time}ms
8630,2026-01-10,15:13:53,INFO,AuthService,Transaction tx287372 completed in 1131ms,E104,Transaction {tx} completed in {time}ms
8631,2026-01-10,15:27:58,INFO,WebServer,Health check passed: WebServer,E102,Health check passed: {service}
8632,2026-01-10,15:35:26,INFO,WebServer,Transaction tx408741 completed in 1821ms,E104,Transaction {tx} completed in {time}ms
8633,2026-01-10,15:46:55,INFO,WebServer,User u4487 login successful,E101,User {user} login successful
8634,2026-01-10,15:51:33,INFO,WebServer,Transaction tx149952 completed in 1132ms,E104,Transaction {tx} completed in {time}ms
8635,2026-01-10,15:26:03,INFO,AuthService,User u3690 login successful,E101,User {user} login successful
8636,2026-01-10,15:17:43,INFO,InventoryDB,Transaction tx241311 completed in 1433ms,E104,Transaction {tx} completed in {time}ms
8637,2026-01-10,15:40:33,INFO,WebServer,Health check passed: WebServer,E102,Health check passed: {service}
8638,2026-01-10,15:42:29,INFO,WebServer,User u1188 login successful,E101,User {user} login successful
8639,2026-01-10,15:28:23,INFO,WebServer,Health check passed: WebServer,E102,Health check passed: {service}
8640,2026-01-10,15:00:13,INFO,WebServer,Transaction tx184518 completed in 1174ms,E104,Transaction {tx} completed in {time}ms
8641,2026-01-10,15:39:44,INFO,PaymentGateway,Health check passed: PaymentGateway,E102,Health check passed: {service}
8642,2026-01-10,15:55:34,INFO,AuthService,Page view: /home by u1259,E103,Page view: {page} by {user}
8643,2026-01-10,15:08:54,INFO,WebServer,Page view: /home by u3383,E103,Page view: {page} by {user}
8644,2026-01-10,15:59:56,INFO,AuthService,User u2936 login successful,E101,User {user} login successful
8645,2026-01-10,15:08:09,INFO,OrderProcessor,Transaction tx592925 completed in 322ms,E104,Transaction {tx} completed in {time}ms
8646,2026-01-10,15:59:24,INFO,AuthService,User u2966 login successful,E101,User {user} login successful
8647,2026-01-10,15:59:04,INFO,WebServer,Page view: /home by u3676,E103,Page view: {page} by {user}
8648,2026-01-10,15:08:12,INFO,AuthService,Transaction tx926801 completed in 855ms,E104,Transaction {tx} completed in {time}ms
8649,2026-01-10,15:55:55,INFO,OrderProcessor,Transaction tx723037 completed in 1428ms,E104,Transaction {tx} completed in {time}ms
8650,2026-01-10,15:28:49,INFO,WebServer,Health check passed: WebServer,E102,Health check passed: {service}
8651,2026-01-10,15:03:56,INFO,WebServer,Health check passed: WebServer,E102,Health check passed: {service}
8652,2026-01-10,15:25:23,INFO,OrderProcessor,Transaction tx451095 completed in 170ms,E104,Transaction {tx} completed in {time}ms
8653,2026-01-10,15:13:41,INFO,PaymentGateway,Page view: /home by u2094,E103,Page view: {page} by {user}
8654,2026-01-10,15:30:47,INFO,AuthService,Health check passed: AuthService,E102,Health check passed: {service}
8655,2026-01-10,15:17:54,INFO,WebServer,Health check passed: WebServer,E102,Health check passed: {service}
8656,2026-01-10,15:12:09,INFO,OrderProcessor,Transaction tx339366 completed in 651ms,E104,Transaction {tx} completed in {time}ms
8657,2026-01-10,15:08:29,INFO,WebServer,Page view: /home by u4100,E103,Page view: {page} by {user}
8658,2026-01-10,15:48:46,WARN,OrderProcessor,Unauthorized access attempt from 10.0.0.45,E401,Unauthorized access attempt from {ip}
8659,2026-01-10,15:12:25,INFO,WebServer,User u2472 login successful,E101,User {user} login successful
8660,2026-01-10,15:07:38,INFO,WebServer,Health check passed: WebServer,E102,Health check passed: {service}
8661,2026-01-10,15:17:34,INFO,WebServer,Transaction tx393251 completed in 811ms,E104,Transaction {tx} completed in {time}ms
8662,2026-01-10,15:41:33,INFO,InventoryDB,Page view: /home by u4495,E103,Page view: {page} by {user}
8663,2026-01-10,15:20:23,WARN,WebServer,Unauthorized access attempt from 10.0.0.88,E401,Unauthorized access attempt from {ip}
8664,2026-01-10,15:31:15,WARN,PaymentGateway,High latency (1802ms) detected on PaymentGateway,E201,High latency ({time}ms) detected on {service}
8665,2026-01-10,15:16:58,INFO,WebServer,Transaction tx807860 completed in 306ms,E104,Transaction {tx} completed in {time}ms
8666,2026-01-10,15:06:47,INFO,WebServer,Transaction tx650850 completed in 1940ms,E104,Transaction {tx} completed in {time}ms
8667,2026-01-10,15:55:32,INFO,AuthService,Page view: /home by u4719,E103,Page view: {page} by {user}
8668,2026-01-10,15:23:40,INFO,AuthService,Health check passed: AuthService,E102,Health check passed: {service}
8669,2026-01-10,15:38:18,INFO,OrderProcessor,Page view: /home by u1542,E103,Page view: {page} by {user}
8670,2026-01-10,15:36:48,INFO,AuthService,Health check passed: AuthService,E102,Health check passed: {service}
8671,2026-01-10,15:25:57,WARN,InventoryDB,Disk usage > 85% on node node-1,E202,Disk usage > 85% on node {node}
8672,2026-01-10,15:05:12,INFO,WebServer,Page view: /home by u4847,E103,Page view: {page} by {user}
8673,2026-01-10,15:13:33,ERROR,WebServer,Connection refused to WebServer at 10.0.0.45,E501,Connection refused to {service} at {ip}
8674,2026-01-10,15:10:51,INFO,AuthService,User u4828 login successful,E101,User {user} login successful
8675,2026-01-10,15:07:31,INFO,OrderProcessor,Page view: /home by u3784,E103,Page view: {page} by {user}
8676,2026-01-10,15:19:28,WARN,WebServer,Disk usage > 85% on node node-1,E202,Disk usage > 85% on node {node}
8677,2026-01-10,15:22:33,INFO,AuthService,Health check passed: AuthService,E102,Health check passed: {service}
8678,2026-01-10,15:19:04,INFO,OrderProcessor,User u4335 login successful,E101,User {user} login successful
8679,2026-01-10,15:59:23,INFO,InventoryDB,User u4985 login successful,E101,User {user} login successful
8680,2026-01-10,15:31:36,INFO,AuthService,Page view: /home by u4733,E103,Page view: {page} by {user}
8681,2026-01-10,15:43:32,INFO,WebServer,Transaction tx549552 completed in 1155ms,E104,Transaction {tx} completed in {time}ms
8682,2026-01-10,15:27:30,INFO,WebServer,Transaction tx321600 completed in 26ms,E104,Transaction {tx} completed in {time}ms
8683,2026-01-10,15:32:27,WARN,AuthService,Disk usage > 85% on node node-3,E202,Disk usage > 85% on node {node}
8684,2026-01-10,15:20:25,INFO,WebServer,Health check passed: WebServer,E102,Health check passed: {service}
8685,2026-01-10,15:36:06,INFO,InventoryDB,User u2412 login successful,E101,User {user} login successful
8686,2026-01-10,15:21:33,INFO,WebServer,Transaction tx501111 completed in 324ms,E104,Transaction {tx} completed in {time}ms
8687,2026-01-10,15:00:22,INFO,WebServer,Health check passed: WebServer,E102,Health check passed: {service}
8688,2026-01-10,15:25:18,INFO,InventoryDB,Page view: /home by u4978,E103,Page view: {page} by {user}
8689,2026-01-10,15:49:09,INFO,WebServer,User u3196 login successful,E101,User {user} login successful
8690,2026-01-10,15:24:31,INFO,WebServer,Page view: /home by u1648,E103,Page view: {page} by {user}
8691,2026-01-10,15:25:04,INFO,WebServer,Health check passed: WebServer,E102,Health check passed: {service}
8692,2026-01-10,15:10:42,WARN,WebServer,Unauthorized access attempt from 10.0.0.45,E401,Unauthorized access attempt from {ip}
8693,2026-01-10,15:41:37,INFO,AuthService,Transaction tx684730 completed in 459ms,E104,Transaction {tx} completed in {time}ms
8694,2026-01-10,15:38:06,INFO,WebServer,Page view: /home by u4590,E103,Page view: {page} by {user}
8695,2026-01-10,15:59:47,ERROR,OrderProcessor,Timeout waiting for lock on InventoryDB,E502,Timeout waiting for lock on {db}
8696,2026-01-10,15:39:53,INFO,WebServer,Health check passed: WebServer,E102,Health check passed: {service}
8697,2026-01-10,15:26:46,INFO,WebServer,Health check passed: WebServer,E102,Health check passed: {service}
8698,2026-01-10,15:14:52,INFO,OrderProcessor,Health check passed: OrderProcessor,E102,Health check passed: {service}
8699,2026-01-10,15:38:08,INFO,InventoryDB,Transaction tx811481 completed in 1124ms,E104,Transaction {tx} completed in {time}ms
8700,2026-01-10,15:49:36,INFO,WebServer,Page view: /home by u4385,E103,Page view: {page} by {user}
8701,2026-01-10,15:08:46,INFO,InventoryDB,Page view: /home by u1547,E103,Page view: {page} by {user}
8702,2026-01-10,15:48:51,INFO,WebServer,User u3784 login successful,E101,User {user} login successful
8703,2026-01-10,15:19:16,INFO,WebServer,Health check passed: WebServer,E102,Health check passed: {service}
8704,2026-01-10,15:59:32,INFO,OrderProcessor,User u3858 login successful,E101,User {user} login successful
8705,2026-01-10,15:16:36,INFO,OrderProcessor,Transaction tx719614 completed in 1405ms,E104,Transaction {tx} completed in {time}ms
8706,2026-01-10,15:50:43,INFO,AuthService,Transaction tx127968 completed in 906ms,E104,Transaction {tx} completed in {time}ms
8707,2026-01-10,15:00:54,INFO,WebServer,User u2299 login successful,E101,User {user} login successful
8708,2026-01-10,15:28:45,INFO,InventoryDB,Page view: /home by u1098,E103,Page view: {page} by {user}
8709,2026-01-10,15:48:43,INFO,WebServer,User u2737 login successful,E101,User {user} login successful
8710,2026-01-10,15:08:13,INFO,WebServer,Transaction tx425051 completed in 1101ms,E104,Transaction {tx} completed in {time}ms
8711,2026-01-10,15:04:24,INFO,AuthService,Transaction tx756077 completed in 993ms,E104,Transaction {tx} completed in {time}ms
8712,2026-01-10,15:56:51,INFO,WebServer,Health check passed: WebServer,E102,Health check passed: {service}
8713,2026-01-10,15:26:20,INFO,AuthService,Transaction tx737197 completed in 1029ms,E104,Transaction {tx} completed in {time}ms
8714,2026-01-10,15:42:02,INFO,WebServer,Page view: /home by u4285,E103,Page view: {page} by {user}
8715,2026-01-10,15:25:21,INFO,WebServer,Page view: /home by u2368,E103,Page view: {page} by {user}
8716,2026-01-10,15:49:56,INFO,WebServer,Health check passed: WebServer,E102,Health check passed: {service}
8717,2026-01-10,15:54:09,INFO,WebServer,User u3655 login successful,E101,User {user} login successful
8718,2026-01-10,15:02:42,INFO,AuthService,User u3184 login successful,E101,User {user} login successful
8719,2026-01-10,15:59:46,INFO,WebServer,Transaction tx951226 completed in 800ms,E104,Transaction {tx} completed in {time}ms
8720,2026-01-10,15:55:29,INFO,WebServer,User u1040 login successful,E101,User {user} login successful
8721,2026-01-10,15:26:12,INFO,InventoryDB,Transaction tx745871 completed in 683ms,E104,Transaction {tx} completed in {time}ms
8722,2026-01-10,15:44:59,INFO,WebServer,User u2290 login successful,E101,User {user} login successful
8723,2026-01-10,15:05:10,INFO,WebServer,Health check passed: WebServer,E102,Health check passed: {service}
8724,2026-01-10,15:05:11,INFO,WebServer,Transaction tx999149 completed in 141ms,E104,Transaction {tx} completed in {time}ms
8725,2026-01-10,15:34:25,INFO,WebServer,User u1816 login successful,E101,User {user} login successful
8726,2026-01-10,15:20:09,INFO,WebServer,Health check passed: WebServer,E102,Health check passed: {service}
8727,2026-01-10,15:51:49,INFO,AuthService,User u2275 login successful,E101,User {user} login successful
8728,2026-01-10,15:54:36,INFO,WebServer,Page view: /home by u4894,E103,Page view: {page} by {user}
8729,2026-01-10,15:23:10,WARN,PaymentGateway,High latency (1371ms) detected on PaymentGateway,E201,High latency ({time}ms) detected on {service}
8730,2026-01-10,15:13:25,INFO,WebServer,Health check passed: WebServer,E102,Health check passed: {service}
8731,2026-01-10,15:35:22,INFO,OrderProcessor,Page view: /home by u4895,E103,Page view: {page} by {user}
8732,2026-01-10,15:20:51,INFO,AuthService,Transaction tx619301 completed in 1938ms,E104,Transaction {tx} completed in {time}ms
8733,2026-01-10,15:38:54,INFO,WebServer,Transaction tx678662 completed in 731ms,E104,Transaction {tx} completed in {time}ms
8734,2026-01-10,15:35:11,INFO,WebServer,Health check passed: WebServer,E102,Health check passed: {service}
8735,2026-01-10,15:50:01,INFO,AuthService,Health check passed: AuthService,E102,Health check passed: {service}
8736,2026-01-10,15:58:16,INFO,AuthService,User u4247 login successful,E101,User {user} login successful
8737,2026-01-10,15:49:21,INFO,AuthService,Transaction tx193270 completed in 1940ms,E104,Transaction {tx} completed in {time}ms
8738,2026-01-10,15:56:28,INFO,WebServer,Health check passed: WebServer,E102,Health check passed: {service}
8739,2026-01-10,15:16:58,INFO,OrderProcessor,User u1381 login successful,E101,User {user} login successful
8740,2026-01-10,15:24:31,INFO,OrderProcessor,User u2160 login successful,E101,User {user} login successful
8741,2026-01-10,15:37:18,INFO,AuthService,Transaction tx795825 completed in 1401ms,E104,Transaction {tx} completed in {time}ms
8742,2026-01-10,15:59:27,INFO,OrderProcessor,Health check passed: OrderProcessor,E102,Health check passed: {service}
8743,2026-01-10,15:10:17,INFO,WebServer,User u1709 login successful,E101,User {user} login successful
8744,2026-01-10,15:16:15,INFO,AuthService,Health check passed: AuthService,E102,Health check passed: {service}
8745,2026-01-10,15:49:46,INFO,AuthService,Health check passed: AuthService,E102,Health check passed: {service}
8746,2026-01-10,15:02:37,INFO,WebServer,Page view: /home by u2662,E103,Page view: {page} by {user}
8747,2026-01-10,15:43:39,INFO,WebServer,Page view: /home by u1454,E103,Page view: {page} by {user}
8748,2026-01-10,15:32:43,INFO,AuthService,Health check passed: AuthService,E102,Health check passed: {service}
8749,2026-01-10,15:31:11,INFO,WebServer,User u2285 login successful,E101,User {user} login successful
8750,2026-01-10,15:37:07,INFO,WebServer,Health check passed: WebServer,E102,Health check passed: {service}
8751,2026-01-10,15:58:44,INFO,WebServer,Page view: /home by u4620,E103,Page view: {page} by {user}
8752,2026-01-10,15:11:44,INFO,PaymentGateway,User u1419 login successful,E101,User {user} login successful
8753,2026-01-10,15:45:10,INFO,AuthService,Health check passed: AuthService,E102,Health check passed: {service}
8754,2026-01-10,15:57:30,INFO,WebServer,User u4062 login successful,E101,User {user} login successful
8755,2026-01-10,15:03:14,INFO,WebServer,Page view: /home by u4504,E103,Page view: {page} by {user}
8756,2026-01-10,15:35:10,INFO,WebServer,Transaction tx276771 completed in 986ms,E104,Transaction {tx} completed in {time}ms
8757,2026-01-10,15:40:38,INFO,AuthService,Health check passed: AuthService,E102,Health check passed: {service}
8758,2026-01-10,15:22:18,INFO,InventoryDB,Health check passed: InventoryDB,E102,Health check passed: {service}
8759,2026-01-10,15:58:56,INFO,PaymentGateway,Transaction tx405940 completed in 1066ms,E104,Transaction {tx} completed in {time}ms
8760,2026-01-10,15:12:53,INFO,WebServer,Transaction tx782078 completed in 337ms,E104,Transaction {tx} completed in {time}ms
8761,2026-01-10,15:24:23,INFO,WebServer,Transaction tx612850 completed in 104ms,E104,Transaction {tx} completed in {time}ms
8762,2026-01-10,15:31:19,INFO,WebServer,Page view: /home by u1516,E103,Page view: {page} by {user}
8763,2026-01-10,15:49:50,CRITICAL,PaymentGateway,DATA CORRUPTION detected in sector 470,E602,DATA CORRUPTION detected in sector {sector}
8764,2026-01-10,15:50:20,WARN,AuthService,Unauthorized access attempt from 10.0.0.45,E401,Unauthorized access attempt from {ip}
8765,2026-01-10,15:38:09,INFO,InventoryDB,Page view: /home by u1862,E103,Page view: {page} by {user}
8766,2026-01-10,15:30:53,INFO,InventoryDB,Transaction tx833922 completed in 539ms,E104,Transaction {tx} completed in {time}ms
8767,2026-01-10,15:23:13,WARN,OrderProcessor,Disk usage > 85% on node node-5,E202,Disk usage > 85% on node {node}
8768,2026-01-10,15:00:43,INFO,PaymentGateway,Transaction tx318560 completed in 1733ms,E104,Transaction {tx} completed in {time}ms
8769,2026-01-10,15:17:23,INFO,PaymentGateway,Page view: /home by u1406,E103,Page view: {page} by {user}
8770,2026-01-10,15:43:04,INFO,AuthService,Page view: /home by u4727,E103,Page view: {page} by {user}
8771,2026-01-10,15:08:09,INFO,OrderProcessor,Health check passed: OrderProcessor,E102,Health check passed: {service}
8772,2026-01-10,15:39:11,INFO,WebServer,User u4766 login successful,E101,User {user} login successful
8773,2026-01-10,15:42:25,INFO,AuthService,Transaction tx390208 completed in 1405ms,E104,Transaction {tx} completed in {time}ms
8774,2026-01-10,15:23:47,INFO,WebServer,Health check passed: WebServer,E102,Health check passed: {service}
8775,2026-01-10,15:05:03,INFO,WebServer,User u1761 login successful,E101,User {user} login successful
8776,2026-01-10,15:50:46,INFO,OrderProcessor,Page view: /home by u4164,E103,Page view: {page} by {user}
8777,2026-01-10,15:59:19,INFO,AuthService,User u1778 login successful,E101,User {user} login successful
8778,2026-01-10,15:11:53,INFO,AuthService,User u2281 login successful,E101,User {user} login successful
8779,2026-01-10,15:00:47,INFO,OrderProcessor,Health check passed: OrderProcessor,E102,Health check passed: {service}
8780,2026-01-10,15:35:45,ERROR,WebServer,Timeout waiting for lock on InventoryDB,E502,Timeout waiting for lock on {db}
8781,2026-01-10,15:18:13,INFO,AuthService,Page view: /home by u4780,E103,Page view: {page} by {user}
8782,2026-01-10,15:56:29,CRITICAL,WebServer,DATA CORRUPTION detected in sector 291,E602,DATA CORRUPTION detected in sector {sector}
8783,2026-01-10,15:43:51,INFO,WebServer,Transaction tx614553 completed in 1638ms,E104,Transaction {tx} completed in {time}ms
8784,2026-01-10,15:46:21,WARN,WebServer,High latency (540ms) detected on WebServer,E201,High latency ({time}ms) detected on {service}
8785,2026-01-10,15:34:09,INFO,WebServer,Health check passed: WebServer,E102,Health check passed: {service}
8786,2026-01-10,15:28:41,INFO,WebServer,Transaction tx437076 completed in 1635ms,E104,Transaction {tx} completed in {time}ms
8787,2026-01-10,15:48:45,INFO,WebServer,Health check passed: WebServer,E102,Health check passed: {service}
8788,2026-01-10,15:13:43,INFO,AuthService,Transaction tx914200 completed in 1454ms,E104,Transaction {tx} completed in {time}ms
8789,2026-01-10,15:50:09,WARN,OrderProcessor,Disk usage > 85% on node node-1,E202,Disk usage > 85% on node {node}
8790,2026-01-10,15:34:41,INFO,OrderProcessor,User u1686 login successful,E101,User {user} login successful
8791,2026-01-10,15:17:20,INFO,AuthService,Health check passed: AuthService,E102,Health check passed: {service}
8792,2026-01-10,15:03:33,INFO,AuthService,User u4980 login successful,E101,User {user} login successful
8793,2026-01-10,15:03:25,INFO,AuthService,Page view: /home by u3465,E103,Page view: {page} by {user}
8794,2026-01-10,15:03:42,INFO,WebServer,User u1606 login successful,E101,User {user} login successful
8795,2026-01-10,15:36:35,INFO,InventoryDB,Transaction tx810493 completed in 36ms,E104,Transaction {tx} completed in {time}ms
8796,2026-01-10,15:27:44,INFO,WebServer,Page view: /home by u2715,E103,Page view: {page} by {user}
8797,2026-01-10,15:34:34,INFO,WebServer,User u4809 login successful,E101,User {user} login successful
8798,2026-01-10,15:27:44,INFO,WebServer,Transaction tx869378 completed in 1739ms,E104,Transaction {tx} completed in {time}ms
8799,2026-01-10,15:55:31,INFO,AuthService,User u1275 login successful,E101,User {user} login successful
8800,2026-01-10,15:24:33,INFO,WebServer,Transaction tx978036 completed in 1038ms,E104,Transaction {tx} completed in {time}ms
8801,2026-01-10,15:06:06,INFO,WebServer,Health check passed: WebServer,E102,Health check passed: {service}
8802,2026-01-10,15:37:35,INFO,WebServer,Transaction tx364952 completed in 919ms,E104,Transaction {tx} completed in {time}ms
8803,2026-01-10,15:27:57,INFO,PaymentGateway,Transaction tx409234 completed in 995ms,E104,Transaction {tx} completed in {time}ms
8804,2026-01-10,15:36:58,INFO,InventoryDB,Transaction tx931104 completed in 1448ms,E104,Transaction {tx} completed in {time}ms
8805,2026-01-10,15:09:20,INFO,WebServer,Transaction tx651716 completed in 1603ms,E104,Transaction {tx} completed in {time}ms
8806,2026-01-10,15:57:11,INFO,OrderProcessor,Transaction tx205762 completed in 1373ms,E104,Transaction {tx} completed in {time}ms
8807,2026-01-10,15:55:39,WARN,WebServer,High latency (1459ms) detected on WebServer,E201,High latency ({time}ms) detected on {service}
8808,2026-01-10,15:05:47,INFO,WebServer,User u4543 login successful,E101,User {user} login successful
8809,2026-01-10,15:22:36,INFO,WebServer,Page view: /home by u3288,E103,Page view: {page} by {user}
8810,2026-01-10,15:47:56,INFO,WebServer,Page view: /home by u4235,E103,Page view: {page} by {user}
8811,2026-01-10,15:41:35,INFO,WebServer,User u1528 login successful,E101,User {user} login successful
8812,2026-01-10,15:15:22,INFO,WebServer,User u4025 login successful,E101,User {user} login successful
8813,2026-01-10,15:01:42,INFO,AuthService,Transaction tx659125 completed in 502ms,E104,Transaction {tx} completed in {time}ms
8814,2026-01-10,15:25:04,INFO,WebServer,Page view: /home by u4302,E103,Page view: {page} by {user}
8815,2026-01-10,15:07:47,INFO,OrderProcessor,Health check passed: OrderProcessor,E102,Health check passed: {service}
8816,2026-01-10,15:14:08,INFO,WebServer,Page view: /home by u2254,E103,Page view: {page} by {user}
8817,2026-01-10,15:18:42,INFO,AuthService,User u3884 login successful,E101,User {user} login successful
8818,2026-01-10,15:40:42,INFO,OrderProcessor,User u2843 login successful,E101,User {user} login successful
8819,2026-01-10,15:28:14,INFO,WebServer,User u3364 login successful,E101,User {user} login successful
8820,2026-01-10,15:02:06,WARN,WebServer,Disk usage > 85% on node node-3,E202,Disk usage > 85% on node {node}
8821,2026-01-10,15:38:26,INFO,WebServer,User u3645 login successful,E101,User {user} login successful
8822,2026-01-10,15:57:01,INFO,WebServer,Health check passed: WebServer,E102,Health check passed: {service}
8823,2026-01-10,15:32:08,INFO,WebServer,Health check passed: WebServer,E102,Health check passed: {service}
8824,2026-01-10,15:02:51,INFO,WebServer,Transaction tx626529 completed in 1491ms,E104,Transaction {tx} completed in {time}ms
8825,2026-01-10,15:27:51,INFO,WebServer,Transaction tx691034 completed in 875ms,E104,Transaction {tx} completed in {time}ms
8826,2026-01-10,15:49:04,INFO,PaymentGateway,User u1975 login successful,E101,User {user} login successful
8827,2026-01-10,15:11:38,INFO,WebServer,User u1950 login successful,E101,User {user} login successful
8828,2026-01-10,15:56:41,INFO,WebServer,Health check passed: WebServer,E102,Health check passed: {service}
8829,2026-01-10,15:42:28,INFO,WebServer,Transaction tx521720 completed in 270ms,E104,Transaction {tx} completed in {time}ms
8830,2026-01-10,15:42:40,INFO,WebServer,Health check passed: WebServer,E102,Health check passed: {service}
8831,2026-01-10,15:47:27,ERROR,PaymentGateway,Connection refused to PaymentGateway at 10.0.0.45,E501,Connection refused to {service} at {ip}
8832,2026-01-10,15:56:13,INFO,WebServer,Health check passed: WebServer,E102,Health check passed: {service}
8833,2026-01-10,15:34:13,INFO,WebServer,Page view: /home by u4665,E103,Page view: {page} by {user}
8834,2026-01-10,15:39:35,INFO,OrderProcessor,Health check passed: OrderProcessor,E102,Health check passed: {service}
8835,2026-01-10,15:53:56,INFO,OrderProcessor,Page view: /home by u3802,E103,Page view: {page} by {user}
8836,2026-01-10,15:01:56,INFO,WebServer,Page view: /home by u3438,E103,Page view: {page} by {user}
8837,2026-01-10,15:48:32,INFO,WebServer,Transaction tx600277 completed in 1033ms,E104,Transaction {tx} completed in {time}ms
8838,2026-01-10,15:17:22,INFO,OrderProcessor,Health check passed: OrderProcessor,E102,Health check passed: {service}
8839,2026-01-10,15:38:04,INFO,PaymentGateway,Health check passed: PaymentGateway,E102,Health check passed: {service}
8840,2026-01-10,15:19:48,INFO,OrderProcessor,Health check passed: OrderProcessor,E102,Health check passed: {service}
8841,2026-01-10,15:21:17,INFO,PaymentGateway,Page view: /home by u1088,E103,Page view: {page} by {user}
8842,2026-01-10,15:55:41,INFO,PaymentGateway,Page view: /home by u2586,E103,Page view: {page} by {user}
8843,2026-01-10,15:24:59,INFO,WebServer,Page view: /home by u2662,E103,Page view: {page} by {user}
8844,2026-01-10,15:28:28,INFO,OrderProcessor,Page view: /home by u4265,E103,Page view: {page} by {user}
8845,2026-01-10,15:01:22,INFO,OrderProcessor,Transaction tx547476 completed in 1712ms,E104,Transaction {tx} completed in {time}ms
8846,2026-01-10,15:25:27,INFO,PaymentGateway,Page view: /home by u4854,E103,Page view: {page} by {user}
8847,2026-01-10,15:21:39,INFO,PaymentGateway,Transaction tx734017 completed in 1900ms,E104,Transaction {tx} completed in {time}ms
8848,2026-01-10,15:17:03,INFO,OrderProcessor,Page view: /home by u4654,E103,Page view: {page} by {user}
8849,2026-01-10,15:56:56,INFO,WebServer,User u4372 login successful,E101,User {user} login successful
8850,2026-01-10,15:59:01,INFO,WebServer,Health check passed: WebServer,E102,Health check passed: {service}
8851,2026-01-10,15:45:58,INFO,WebServer,Page view: /home by u2886,E103,Page view: {page} by {user}
8852,2026-01-10,15:34:21,WARN,WebServer,Unauthorized access attempt from 10.0.0.45,E401,Unauthorized access attempt from {ip}
8853,2026-01-10,15:43:29,INFO,WebServer,Page view: /home by u2585,E103,Page view: {page} by {user}
8854,2026-01-10,15:34:30,INFO,AuthService,User u1580 login successful,E101,User {user} login successful
8855,2026-01-10,15:12:59,INFO,OrderProcessor,Transaction tx253485 completed in 286ms,E104,Transaction {tx} completed in {time}ms
8856,2026-01-10,15:04:47,INFO,AuthService,Page view: /home by u2580,E103,Page view: {page} by {user}
8857,2026-01-10,15:39:27,INFO,AuthService,Transaction tx765609 completed in 754ms,E104,Transaction {tx} completed in {time}ms
8858,2026-01-10,15:46:21,INFO,WebServer,Transaction tx596009 completed in 1538ms,E104,Transaction {tx} completed in {time}ms
8859,2026-01-10,15:28:27,WARN,PaymentGateway,Disk usage > 85% on node node-2,E202,Disk usage > 85% on node {node}
8860,2026-01-10,15:28:21,INFO,PaymentGateway,Health check passed: PaymentGateway,E102,Health check passed: {service}
8861,2026-01-10,15:32:33,INFO,WebServer,Transaction tx425028 completed in 924ms,E104,Transaction {tx} completed in {time}ms
8862,2026-01-10,15:41:07,INFO,WebServer,Page view: /home by u2177,E103,Page view: {page} by {user}
8863,2026-01-10,15:38:37,INFO,AuthService,Health check passed: AuthService,E102,Health check passed: {service}
8864,2026-01-10,15:40:26,INFO,OrderProcessor,Health check passed: OrderProcessor,E102,Health check passed: {service}
8865,2026-01-10,15:05:47,INFO,WebServer,Page view: /home by u4150,E103,Page view: {page} by {user}
8866,2026-01-10,15:35:51,INFO,WebServer,User u1876 login successful,E101,User {user} login successful
8867,2026-01-10,15:53:25,INFO,WebServer,User u2305 login successful,E101,User {user} login successful
8868,2026-01-10,15:12:27,INFO,AuthService,Health check passed: AuthService,E102,Health check passed: {service}
8869,2026-01-10,15:38:58,INFO,PaymentGateway,Transaction tx923472 completed in 1921ms,E104,Transaction {tx} completed in {time}ms
8870,2026-01-10,15:00:21,INFO,WebServer,Transaction tx684360 completed in 109ms,E104,Transaction {tx} completed in {time}ms
8871,2026-01-10,15:47:35,CRITICAL,AuthService,DATA CORRUPTION detected in sector 237,E602,DATA CORRUPTION detected in sector {sector}
8872,2026-01-10,15:18:30,INFO,WebServer,User u3299 login successful,E101,User {user} login successful
8873,2026-01-10,15:54:56,INFO,WebServer,Page view: /home by u3100,E103,Page view: {page} by {user}
8874,2026-01-10,15:48:39,INFO,WebServer,Health check passed: WebServer,E102,Health check passed: {service}
8875,2026-01-10,15:09:06,INFO,InventoryDB,Health check passed: InventoryDB,E102,Health check passed: {service}
8876,2026-01-10,15:20:21,INFO,AuthService,Transaction tx799267 completed in 1653ms,E104,Transaction {tx} completed in {time}ms
8877,2026-01-10,15:43:01,INFO,PaymentGateway,Transaction tx413292 completed in 1331ms,E104,Transaction {tx} completed in {time}ms
8878,2026-01-10,15:43:44,INFO,WebServer,Health check passed: WebServer,E102,Health check passed: {service}
8879,2026-01-10,15:35:13,INFO,PaymentGateway,Page view: /home by u3195,E103,Page view: {page} by {user}
8880,2026-01-10,15:08:56,INFO,WebServer,User u2870 login successful,E101,User {user} login successful
8881,2026-01-10,15:12:29,INFO,InventoryDB,Page view: /home by u1958,E103,Page view: {page} by {user}
8882,2026-01-10,15:23:42,CRITICAL,AuthService,KERNEL PANIC: Node node-4 crashed,E601,KERNEL PANIC: Node {node} crashed
8883,2026-01-10,15:45:12,INFO,WebServer,Health check passed: WebServer,E102,Health check passed: {service}
8884,2026-01-10,15:48:53,INFO,PaymentGateway,Transaction tx285734 completed in 722ms,E104,Transaction {tx} completed in {time}ms
8885,2026-01-10,15:31:44,WARN,OrderProcessor,Disk usage > 85% on node node-3,E202,Disk usage > 85% on node {node}
8886,2026-01-10,15:08:13,INFO,PaymentGateway,Health check passed: PaymentGateway,E102,Health check passed: {service}
8887,2026-01-10,15:35:50,INFO,WebServer,Transaction tx437874 completed in 38ms,E104,Transaction {tx} completed in {time}ms
8888,2026-01-10,15:21:04,INFO,WebServer,User u4969 login successful,E101,User {user} login successful
8889,2026-01-10,15:55:49,INFO,WebServer,Health check passed: WebServer,E102,Health check passed: {service}
8890,2026-01-10,15:04:27,INFO,PaymentGateway,User u1480 login successful,E101,User {user} login successful
8891,2026-01-10,15:16:16,INFO,OrderProcessor,Health check passed: OrderProcessor,E102,Health check passed: {service}
8892,2026-01-10,15:09:59,INFO,WebServer,User u1327 login successful,E101,User {user} login successful
8893,2026-01-10,15:11:36,INFO,WebServer,Transaction tx942525 completed in 142ms,E104,Transaction {tx} completed in {time}ms
8894,2026-01-10,15:39:36,INFO,AuthService,User u4251 login successful,E101,User {user} login successful
8895,2026-01-10,15:06:49,INFO,WebServer,Page view: /home by u2109,E103,Page view: {page} by {user}
8896,2026-01-10,15:10:59,INFO,WebServer,Transaction tx422808 completed in 1659ms,E104,Transaction {tx} completed in {time}ms
8897,2026-01-10,15:18:48,ERROR,InventoryDB,Payment declined: Gateway unavailable,E503,Payment declined: Gateway unavailable
8898,2026-01-10,15:43:05,INFO,WebServer,User u3020 login successful,E101,User {user} login successful
8899,2026-01-10,15:16:26,INFO,PaymentGateway,Health check passed: PaymentGateway,E102,Health check passed: {service}
8900,2026-01-10,15:33:45,INFO,WebServer,User u2736 login successful,E101,User {user} login successful
8901,2026-01-10,15:05:40,INFO,InventoryDB,Transaction tx996984 completed in 279ms,E104,Transaction {tx} completed in {time}ms
8902,2026-01-10,15:34:06,INFO,PaymentGateway,Health check passed: PaymentGateway,E102,Health check passed: {service}
8903,2026-01-10,15:17:17,INFO,AuthService,Health check passed: AuthService,E102,Health check passed: {service}
8904,2026-01-10,15:43:07,INFO,AuthService,Page view: /home by u3859,E103,Page view: {page} by {user}
8905,2026-01-10,15:00:44,WARN,PaymentGateway,Disk usage > 85% on node node-2,E202,Disk usage > 85% on node {node}
8906,2026-01-10,15:37:58,INFO,WebServer,User u4557 login successful,E101,User {user} login successful
8907,2026-01-10,15:21:13,INFO,WebServer,User u1396 login successful,E101,User {user} login successful
8908,2026-01-10,15:55:07,INFO,AuthService,Page view: /home by u2840,E103,Page view: {page} by {user}
8909,2026-01-10,15:55:04,INFO,WebServer,Transaction tx881156 completed in 776ms,E104,Transaction {tx} completed in {time}ms
8910,2026-01-10,15:00:59,INFO,PaymentGateway,User u4727 login successful,E101,User {user} login successful
8911,2026-01-10,15:36:38,INFO,WebServer,Health check passed: WebServer,E102,Health check passed: {service}
8912,2026-01-10,15:58:09,INFO,OrderProcessor,Page view: /home by u2519,E103,Page view: {page} by {user}
8913,2026-01-10,15:33:05,INFO,AuthService,Health check passed: AuthService,E102,Health check passed: {service}
8914,2026-01-10,15:56:39,INFO,WebServer,Page view: /home by u2244,E103,Page view: {page} by {user}
8915,2026-01-10,15:39:10,INFO,AuthService,Health check passed: AuthService,E102,Health check passed: {service}
8916,2026-01-10,15:26:10,INFO,OrderProcessor,Transaction tx829000 completed in 1471ms,E104,Transaction {tx} completed in {time}ms
8917,2026-01-10,15:30:35,WARN,InventoryDB,Unauthorized access attempt from 10.0.0.45,E401,Unauthorized access attempt from {ip}
8918,2026-01-10,15:44:30,INFO,WebServer,User u2367 login successful,E101,User {user} login successful
8919,2026-01-10,15:49:42,INFO,PaymentGateway,Health check passed: PaymentGateway,E102,Health check passed: {service}
8920,2026-01-10,15:45:17,INFO,WebServer,User u2351 login successful,E101,User {user} login successful
8921,2026-01-10,15:17:52,INFO,OrderProcessor,Health check passed: OrderProcessor,E102,Health check passed: {service}
8922,2026-01-10,15:12:45,INFO,OrderProcessor,Transaction tx913544 completed in 492ms,E104,Transaction {tx} completed in {time}ms
8923,2026-01-10,15:41:29,INFO,WebServer,Transaction tx723941 completed in 881ms,E104,Transaction {tx} completed in {time}ms
8924,2026-01-10,15:39:18,INFO,OrderProcessor,Health check passed: OrderProcessor,E102,Health check passed: {service}
8925,2026-01-10,15:19:16,INFO,OrderProcessor,Health check passed: OrderProcessor,E102,Health check passed: {service}
8926,2026-01-10,15:54:12,INFO,WebServer,Health check passed: WebServer,E102,Health check passed: {service}
8927,2026-01-10,15:00:45,INFO,PaymentGateway,User u1620 login successful,E101,User {user} login successful
8928,2026-01-10,15:04:04,INFO,WebServer,Health check passed: WebServer,E102,Health check passed: {service}
8929,2026-01-10,15:39:58,INFO,WebServer,Transaction tx303406 completed in 387ms,E104,Transaction {tx} completed in {time}ms
8930,2026-01-10,15:56:28,INFO,WebServer,User u1254 login successful,E101,User {user} login successful
8931,2026-01-10,15:25:16,INFO,PaymentGateway,Transaction tx745709 completed in 1356ms,E104,Transaction {tx} completed in {time}ms
8932,2026-01-10,15:20:35,INFO,WebServer,Health check passed: WebServer,E102,Health check passed: {service}
8933,2026-01-10,15:36:26,INFO,PaymentGateway,Page view: /home by u2597,E103,Page view: {page} by {user}
8934,2026-01-10,15:52:49,WARN,PaymentGateway,Unauthorized access attempt from 10.0.0.45,E401,Unauthorized access attempt from {ip}
8935,2026-01-10,15:15:53,INFO,OrderProcessor,Transaction tx381922 completed in 1432ms,E104,Transaction {tx} completed in {time}ms
8936,2026-01-10,15:26:27,INFO,OrderProcessor,Page view: /home by u2951,E103,Page view: {page} by {user}
8937,2026-01-10,15:04:39,INFO,OrderProcessor,Page view: /home by u2216,E103,Page view: {page} by {user}
8938,2026-01-10,15:36:02,INFO,AuthService,User u2841 login successful,E101,User {user} login successful
8939,2026-01-10,15:27:48,INFO,WebServer,Page view: /home by u1809,E103,Page view: {page} by {user}
8940,2026-01-10,15:44:59,INFO,WebServer,Transaction tx595558 completed in 629ms,E104,Transaction {tx} completed in {time}ms
8941,2026-01-10,15:39:49,INFO,InventoryDB,User u4240 login successful,E101,User {user} login successful
8942,2026-01-10,15:28:14,INFO,WebServer,Transaction tx400356 completed in 1202ms,E104,Transaction {tx} completed in {time}ms
8943,2026-01-10,15:24:31,INFO,WebServer,User u3639 login successful,E101,User {user} login successful
8944,2026-01-10,15:55:01,INFO,WebServer,Health check passed: WebServer,E102,Health check passed: {service}
8945,2026-01-10,15:42:34,INFO,OrderProcessor,Health check passed: OrderProcessor,E102,Health check passed: {service}
8946,2026-01-10,15:17:07,INFO,OrderProcessor,User u2367 login successful,E101,User {user} login successful
8947,2026-01-10,15:26:14,INFO,WebServer,User u3977 login successful,E101,User {user} login successful
8948,2026-01-10,15:29:36,INFO,InventoryDB,User u2016 login successful,E101,User {user} login successful
8949,2026-01-10,15:11:19,INFO,OrderProcessor,Health check passed: OrderProcessor,E102,Health check passed: {service}
8950,2026-01-10,15:55:32,INFO,OrderProcessor,Page view: /home by u4777,E103,Page view: {page} by {user}
8951,2026-01-10,15:03:05,INFO,AuthService,Page view: /home by u4569,E103,Page view: {page} by {user}
8952,2026-01-10,15:30:24,INFO,AuthService,Page view: /home by u1312,E103,Page view: {page} by {user}
8953,2026-01-10,15:37:05,WARN,WebServer,Disk usage > 85% on node node-3,E202,Disk usage > 85% on node {node}
8954,2026-01-10,15:41:02,INFO,WebServer,Health check passed: WebServer,E102,Health check passed: {service}
8955,2026-01-10,15:20:44,INFO,WebServer,User u4530 login successful,E101,User {user} login successful
8956,2026-01-10,15:54:31,INFO,AuthService,Page view: /home by u4785,E103,Page view: {page} by {user}
8957,2026-01-10,15:06:44,INFO,WebServer,Page view: /home by u1409,E103,Page view: {page} by {user}
8958,2026-01-10,15:10:34,INFO,WebServer,Health check passed: WebServer,E102,Health check passed: {service}
8959,2026-01-10,15:00:38,INFO,WebServer,Transaction tx958455 completed in 367ms,E104,Transaction {tx} completed in {time}ms
8960,2026-01-10,15:47:56,WARN,AuthService,High latency (1393ms) detected on AuthService,E201,High latency ({time}ms) detected on {service}
8961,2026-01-10,15:09:26,INFO,WebServer,Page view: /home by u1808,E103,Page view: {page} by {user}
8962,2026-01-10,15:47:24,INFO,AuthService,Health check passed: AuthService,E102,Health check passed: {service}
8963,2026-01-10,15:25:02,INFO,OrderProcessor,User u2634 login successful,E101,User {user} login successful
8964,2026-01-10,15:08:39,INFO,WebServer,Health check passed: WebServer,E102,Health check passed: {service}
8965,2026-01-10,15:12:44,INFO,InventoryDB,User u2405 login successful,E101,User {user} login successful
8966,2026-01-10,15:46:29,INFO,AuthService,Page view: /home by u2585,E103,Page view: {page} by {user}
8967,2026-01-10,15:19:45,INFO,WebServer,Health check passed: WebServer,E102,Health check passed: {service}
8968,2026-01-10,15:28:33,INFO,WebServer,Health check passed: WebServer,E102,Health check passed: {service}
8969,2026-01-10,15:14:08,WARN,AuthService,High latency (1160ms) detected on AuthService,E201,High latency ({time}ms) detected on {service}
8970,2026-01-10,15:47:16,INFO,WebServer,Transaction tx472747 completed in 1352ms,E104,Transaction {tx} completed in {time}ms
8971,2026-01-10,15:35:27,INFO,AuthService,Page view: /home by u3044,E103,Page view: {page} by {user}
8972,2026-01-10,15:33:43,INFO,WebServer,Page view: /home by u3438,E103,Page view: {page} by {user}
8973,2026-01-10,15:12:35,INFO,WebServer,User u2110 login successful,E101,User {user} login successful
8974,2026-01-10,15:12:21,INFO,WebServer,Page view: /home by u3786,E103,Page view: {page} by {user}
8975,2026-01-10,15:00:54,INFO,AuthService,Transaction tx518042 completed in 1475ms,E104,Transaction {tx} completed in {time}ms
8976,2026-01-10,15:29:28,WARN,OrderProcessor,Disk usage > 85% on node node-1,E202,Disk usage > 85% on node {node}
8977,2026-01-10,15:47:37,INFO,WebServer,User u3268 login successful,E101,User {user} login successful
8978,2026-01-10,15:06:54,INFO,OrderProcessor,Health check passed: OrderProcessor,E102,Health check passed: {service}
8979,2026-01-10,15:23:18,INFO,InventoryDB,Page view: /home by u2063,E103,Page view: {page} by {user}
8980,2026-01-10,15:13:31,WARN,WebServer,Unauthorized access attempt from 10.0.0.12,E401,Unauthorized access attempt from {ip}
8981,2026-01-10,15:13:09,WARN,OrderProcessor,High latency (109ms) detected on OrderProcessor,E201,High latency ({time}ms) detected on {service}
8982,2026-01-10,15:08:54,INFO,WebServer,Transaction tx297423 completed in 292ms,E104,Transaction {tx} completed in {time}ms
8983,2026-01-10,15:00:46,INFO,WebServer,Health check passed: WebServer,E102,Health check passed: {service}
8984,2026-01-10,15:18:15,INFO,WebServer,Page view: /home by u1027,E103,Page view: {page} by {user}
8985,2026-01-10,15:09:32,INFO,WebServer,Page view: /home by u4258,E103,Page view: {page} by {user}
8986,2026-01-10,15:59:43,INFO,AuthService,User u3651 login successful,E101,User {user} login successful
8987,2026-01-10,15:03:54,INFO,WebServer,Health check passed: WebServer,E102,Health check passed: {service}
8988,2026-01-10,15:52:46,INFO,AuthService,Transaction tx361086 completed in 1592ms,E104,Transaction {tx} completed in {time}ms
8989,2026-01-10,15:23:24,INFO,WebServer,Page view: /home by u3252,E103,Page view: {page} by {user}
8990,2026-01-10,15:05:14,INFO,WebServer,Transaction tx252808 completed in 712ms,E104,Transaction {tx} completed in {time}ms
8991,2026-01-10,15:33:02,INFO,WebServer,Transaction tx574407 completed in 990ms,E104,Transaction {tx} completed in {time}ms
8992,2026-01-10,15:57:13,INFO,InventoryDB,User u3094 login successful,E101,User {user} login successful
8993,2026-01-10,15:53:24,INFO,AuthService,Transaction tx100720 completed in 1288ms,E104,Transaction {tx} completed in {time}ms
8994,2026-01-10,15:08:52,INFO,OrderProcessor,Transaction tx740204 completed in 385ms,E104,Transaction {tx} completed in {time}ms
8995,2026-01-10,15:33:41,INFO,AuthService,Transaction tx490292 completed in 1945ms,E104,Transaction {tx} completed in {time}ms
8996,2026-01-10,15:26:52,INFO,WebServer,Transaction tx203349 completed in 691ms,E104,Transaction {tx} completed in {time}ms
8997,2026-01-10,15:29:01,INFO,WebServer,Page view: /home by u4054,E103,Page view: {page} by {user}
8998,2026-01-10,15:35:28,INFO,OrderProcessor,Health check passed: OrderProcessor,E102,Health check passed: {service}
8999,2026-01-10,15:41:48,INFO,WebServer,Transaction tx420010 completed in 1752ms,E104,Transaction {tx} completed in {time}ms
9000,2026-01-10,15:24:49,INFO,AuthService,User u1179 login successful,E101,User {user} login successful
9001,2026-01-10,15:27:21,INFO,WebServer,User u2775 login successful,E101,User {user} login successful
9002,2026-01-10,15:46:24,INFO,AuthService,Health check passed: AuthService,E102,Health check passed: {service}
9003,2026-01-10,15:13:40,INFO,AuthService,Health check passed: AuthService,E102,Health check passed: {service}
9004,2026-01-10,15:03:15,INFO,WebServer,Page view: /home by u3423,E103,Page view: {page} by {user}
9005,2026-01-10,15:10:19,INFO,WebServer,User u3855 login successful,E101,User {user} login successful
9006,2026-01-10,15:59:29,INFO,InventoryDB,Health check passed: InventoryDB,E102,Health check passed: {service}
9007,2026-01-10,15:30:08,INFO,PaymentGateway,Page view: /home by u1010,E103,Page view: {page} by {user}
9008,2026-01-10,15:19:19,ERROR,WebServer,Timeout waiting for lock on InventoryDB,E502,Timeout waiting for lock on {db}
9009,2026-01-10,15:50:03,INFO,WebServer,Transaction tx571836 completed in 534ms,E104,Transaction {tx} completed in {time}ms
9010,2026-01-10,15:48:09,INFO,PaymentGateway,Page view: /home by u4618,E103,Page view: {page} by {user}
9011,2026-01-10,15:22:09,WARN,AuthService,Disk usage > 85% on node node-1,E202,Disk usage > 85% on node {node}
9012,2026-01-10,15:21:45,INFO,OrderProcessor,Health check passed: OrderProcessor,E102,Health check passed: {service}
9013,2026-01-10,15:16:58,INFO,OrderProcessor,Health check passed: OrderProcessor,E102,Health check passed: {service}
9014,2026-01-10,15:19:25,INFO,AuthService,Transaction tx141712 completed in 1607ms,E104,Transaction {tx} completed in {time}ms
9015,2026-01-10,15:36:51,WARN,PaymentGateway,High latency (1819ms) detected on PaymentGateway,E201,High latency ({time}ms) detected on {service}
9016,2026-01-10,15:24:00,INFO,PaymentGateway,Transaction tx781596 completed in 1664ms,E104,Transaction {tx} completed in {time}ms
9017,2026-01-10,15:15:36,INFO,WebServer,Health check passed: WebServer,E102,Health check passed: {service}
9018,2026-01-10,15:41:41,INFO,WebServer,Page view: /home by u3725,E103,Page view: {page} by {user}
9019,2026-01-10,15:09:16,INFO,WebServer,Transaction tx381104 completed in 644ms,E104,Transaction {tx} completed in {time}ms
9020,2026-01-10,15:07:36,INFO,WebServer,Health check passed: WebServer,E102,Health check passed: {service}
9021,2026-01-10,15:00:42,INFO,WebServer,Transaction tx742533 completed in 554ms,E104,Transaction {tx} completed in {time}ms
9022,2026-01-10,15:07:39,INFO,WebServer,Page view: /home by u3382,E103,Page view: {page} by {user}
9023,2026-01-10,15:20:34,INFO,WebServer,Transaction tx304301 completed in 1763ms,E104,Transaction {tx} completed in {time}ms
9024,2026-01-10,15:34:20,INFO,WebServer,Health check passed: WebServer,E102,Health check passed: {service}
9025,2026-01-10,15:46:22,INFO,AuthService,User u1081 login successful,E101,User {user} login successful
9026,2026-01-10,15:22:20,INFO,OrderProcessor,Page view: /home by u2541,E103,Page view: {page} by {user}
9027,2026-01-10,15:02:47,INFO,WebServer,Transaction tx424088 completed in 1007ms,E104,Transaction {tx} completed in {time}ms
9028,2026-01-10,15:35:21,INFO,WebServer,Health check passed: WebServer,E102,Health check passed: {service}
9029,2026-01-10,15:17:10,INFO,WebServer,Transaction tx673991 completed in 96ms,E104,Transaction {tx} completed in {time}ms
9030,2026-01-10,15:36:54,WARN,AuthService,High latency (1101ms) detected on AuthService,E201,High latency ({time}ms) detected on {service}
9031,2026-01-10,15:53:11,INFO,WebServer,Transaction tx322884 completed in 753ms,E104,Transaction {tx} completed in {time}ms
9032,2026-01-10,15:48:54,WARN,AuthService,Disk usage > 85% on node node-4,E202,Disk usage > 85% on node {node}
9033,2026-01-10,15:19:27,INFO,AuthService,Health check passed: AuthService,E102,Health check passed: {service}
9034,2026-01-10,15:28:30,INFO,WebServer,Page view: /home by u1859,E103,Page view: {page} by {user}
9035,2026-01-10,15:09:38,INFO,WebServer,Health check passed: WebServer,E102,Health check passed: {service}
9036,2026-01-10,15:18:06,INFO,AuthService,Health check passed: AuthService,E102,Health check passed: {service}
9037,2026-01-10,15:01:31,INFO,WebServer,Transaction tx550308 completed in 1893ms,E104,Transaction {tx} completed in {time}ms
9038,2026-01-10,15:44:05,CRITICAL,WebServer,KERNEL PANIC: Node node-2 crashed,E601,KERNEL PANIC: Node {node} crashed
9039,2026-01-10,15:35:05,INFO,AuthService,User u1641 login successful,E101,User {user} login successful
9040,2026-01-10,15:02:03,INFO,WebServer,Health check passed: WebServer,E102,Health check passed: {service}
9041,2026-01-10,15:31:00,INFO,AuthService,Page view: /home by u3267,E103,Page view: {page} by {user}
9042,2026-01-10,15:58:12,INFO,PaymentGateway,User u2156 login successful,E101,User {user} login successful
9043,2026-01-10,15:37:53,INFO,WebServer,Health check passed: WebServer,E102,Health check passed: {service}
9044,2026-01-10,15:17:35,INFO,AuthService,Health check passed: AuthService,E102,Health check passed: {service}
9045,2026-01-10,15:26:32,INFO,OrderProcessor,Transaction tx421729 completed in 1139ms,E104,Transaction {tx} completed in {time}ms
9046,2026-01-10,15:20:10,INFO,InventoryDB,Page view: /home by u3194,E103,Page view: {page} by {user}
9047,2026-01-10,15:38:40,INFO,WebServer,Health check passed: WebServer,E102,Health check passed: {service}
9048,2026-01-10,15:42:11,INFO,OrderProcessor,Transaction tx882413 completed in 1715ms,E104,Transaction {tx} completed in {time}ms
9049,2026-01-10,15:41:23,INFO,InventoryDB,Page view: /home by u4643,E103,Page view: {page} by {user}
9050,2026-01-10,15:52:53,INFO,WebServer,User u2559 login successful,E101,User {user} login successful
9051,2026-01-10,15:21:02,INFO,WebServer,Page view: /home by u1695,E103,Page view: {page} by {user}
9052,2026-01-10,15:04:36,INFO,WebServer,Health check passed: WebServer,E102,Health check passed: {service}
9053,2026-01-10,15:55:40,INFO,AuthService,Transaction tx282430 completed in 667ms,E104,Transaction {tx} completed in {time}ms
9054,2026-01-10,15:21:17,INFO,WebServer,Page view: /home by u1262,E103,Page view: {page} by {user}
9055,2026-01-10,15:16:25,INFO,WebServer,User u3479 login successful,E101,User {user} login successful
9056,2026-01-10,15:30:24,INFO,OrderProcessor,Page view: /home by u3529,E103,Page view: {page} by {user}
9057,2026-01-10,15:17:52,CRITICAL,WebServer,KERNEL PANIC: Node node-4 crashed,E601,KERNEL PANIC: Node {node} crashed
9058,2026-01-10,15:44:55,INFO,PaymentGateway,Health check passed: PaymentGateway,E102,Health check passed: {service}
9059,2026-01-10,15:44:13,INFO,WebServer,Transaction tx310092 completed in 1464ms,E104,Transaction {tx} completed in {time}ms
9060,2026-01-10,15:32:58,INFO,AuthService,Transaction tx347276 completed in 1995ms,E104,Transaction {tx} completed in {time}ms
9061,2026-01-10,15:03:37,INFO,AuthService,Transaction tx825027 completed in 981ms,E104,Transaction {tx} completed in {time}ms
9062,2026-01-10,15:20:30,INFO,WebServer,Page view: /home by u4465,E103,Page view: {page} by {user}
9063,2026-01-10,15:03:26,INFO,OrderProcessor,Health check passed: OrderProcessor,E102,Health check passed: {service}
9064,2026-01-10,15:35:10,INFO,OrderProcessor,User u4097 login successful,E101,User {user} login successful
9065,2026-01-10,15:39:34,INFO,WebServer,User u1971 login successful,E101,User {user} login successful
9066,2026-01-10,15:08:44,INFO,OrderProcessor,User u4601 login successful,E101,User {user} login successful
9067,2026-01-10,15:11:49,INFO,WebServer,Health check passed: WebServer,E102,Health check passed: {service}
9068,2026-01-10,15:33:51,WARN,PaymentGateway,Unauthorized access attempt from 10.0.0.12,E401,Unauthorized access attempt from {ip}
9069,2026-01-10,15:48:40,WARN,WebServer,Disk usage > 85% on node node-1,E202,Disk usage > 85% on node {node}
9070,2026-01-10,15:37:37,INFO,WebServer,User u4726 login successful,E101,User {user} login successful
9071,2026-01-10,15:14:30,INFO,AuthService,User u4155 login successful,E101,User {user} login successful
9072,2026-01-10,15:02:56,INFO,WebServer,Page view: /home by u2903,E103,Page view: {page} by {user}
9073,2026-01-10,15:41:52,INFO,WebServer,Health check passed: WebServer,E102,Health check passed: {service}
9074,2026-01-10,15:31:11,INFO,WebServer,Transaction tx708424 completed in 1367ms,E104,Transaction {tx} completed in {time}ms
9075,2026-01-10,15:57:18,INFO,WebServer,Page view: /home by u3393,E103,Page view: {page} by {user}
9076,2026-01-10,15:56:04,INFO,WebServer,Transaction tx995588 completed in 364ms,E104,Transaction {tx} completed in {time}ms
9077,2026-01-10,15:47:47,INFO,WebServer,Page view: /home by u2779,E103,Page view: {page} by {user}
9078,2026-01-10,15:25:42,INFO,WebServer,Transaction tx254795 completed in 571ms,E104,Transaction {tx} completed in {time}ms
9079,2026-01-10,15:25:22,INFO,OrderProcessor,Page view: /home by u2754,E103,Page view: {page} by {user}
9080,2026-01-10,15:16:35,INFO,AuthService,Transaction tx331034 completed in 484ms,E104,Transaction {tx} completed in {time}ms
9081,2026-01-10,15:40:21,INFO,WebServer,Page view: /home by u4049,E103,Page view: {page} by {user}
9082,2026-01-10,15:34:03,INFO,WebServer,Health check passed: WebServer,E102,Health check passed: {service}
9083,2026-01-10,15:16:28,WARN,WebServer,High latency (1158ms) detected on WebServer,E201,High latency ({time}ms) detected on {service}
9084,2026-01-10,15:47:16,INFO,InventoryDB,Page view: /home by u1879,E103,Page view: {page} by {user}
9085,2026-01-10,15:27:28,INFO,WebServer,Transaction tx489593 completed in 1089ms,E104,Transaction {tx} completed in {time}ms
9086,2026-01-10,15:27:19,INFO,OrderProcessor,Page view: /home by u1173,E103,Page view: {page} by {user}
9087,2026-01-10,15:32:57,INFO,WebServer,Page view: /home by u3592,E103,Page view: {page} by {user}
9088,2026-01-10,15:56:52,INFO,OrderProcessor,Transaction tx231109 completed in 172ms,E104,Transaction {tx} completed in {time}ms
9089,2026-01-10,15:58:48,INFO,OrderProcessor,User u1436 login successful,E101,User {user} login successful
9090,2026-01-10,15:08:06,INFO,OrderProcessor,Page view: /home by u1075,E103,Page view: {page} by {user}
9091,2026-01-10,15:58:36,INFO,WebServer,User u1105 login successful,E101,User {user} login successful
9092,2026-01-10,15:59:44,INFO,AuthService,User u2058 login successful,E101,User {user} login successful
9093,2026-01-10,15:27:13,INFO,WebServer,Page view: /home by u3852,E103,Page view: {page} by {user}
9094,2026-01-10,15:07:34,INFO,AuthService,Transaction tx872238 completed in 228ms,E104,Transaction {tx} completed in {time}ms
9095,2026-01-10,15:58:47,INFO,OrderProcessor,Transaction tx326810 completed in 1234ms,E104,Transaction {tx} completed in {time}ms
9096,2026-01-10,15:59:29,INFO,WebServer,Page view: /home by u1483,E103,Page view: {page} by {user}
9097,2026-01-10,15:58:48,INFO,AuthService,Transaction tx742774 completed in 1475ms,E104,Transaction {tx} completed in {time}ms
9098,2026-01-10,15:20:28,INFO,OrderProcessor,User u1894 login successful,E101,User {user} login successful
9099,2026-01-10,15:25:09,INFO,InventoryDB,User u1725 login successful,E101,User {user} login successful
9100,2026-01-10,15:15:34,INFO,InventoryDB,User u3692 login successful,E101,User {user} login successful
9101,2026-01-10,15:32:38,INFO,WebServer,Page view: /home by u1233,E103,Page view: {page} by {user}
9102,2026-01-10,15:30:50,INFO,WebServer,User u1242 login successful,E101,User {user} login successful
9103,2026-01-10,15:53:10,INFO,WebServer,Health check passed: WebServer,E102,Health check passed: {service}
9104,2026-01-10,15:05:01,INFO,AuthService,Page view: /home by u3855,E103,Page view: {page} by {user}
9105,2026-01-10,15:47:52,INFO,PaymentGateway,Page view: /home by u1093,E103,Page view: {page} by {user}
9106,2026-01-10,15:09:25,INFO,WebServer,Health check passed: WebServer,E102,Health check passed: {service}
9107,2026-01-10,15:21:32,INFO,WebServer,Health check passed: WebServer,E102,Health check passed: {service}
9108,2026-01-10,15:31:50,INFO,OrderProcessor,Transaction tx761101 completed in 808ms,E104,Transaction {tx} completed in {time}ms
9109,2026-01-10,15:40:09,INFO,PaymentGateway,Transaction tx546470 completed in 1970ms,E104,Transaction {tx} completed in {time}ms
9110,2026-01-10,15:58:35,INFO,WebServer,User u3085 login successful,E101,User {user} login successful
9111,2026-01-10,15:11:33,ERROR,WebServer,Payment declined: Gateway unavailable,E503,Payment declined: Gateway unavailable
9112,2026-01-10,15:11:27,INFO,WebServer,Page view: /home by u2673,E103,Page view: {page} by {user}
9113,2026-01-10,15:30:21,INFO,AuthService,Health check passed: AuthService,E102,Health check passed: {service}
9114,2026-01-10,15:21:53,INFO,PaymentGateway,User u3741 login successful,E101,User {user} login successful
9115,2026-01-10,15:48:25,INFO,OrderProcessor,Page view: /home by u3576,E103,Page view: {page} by {user}
9116,2026-01-10,15:55:56,WARN,AuthService,High latency (1899ms) detected on AuthService,E201,High latency ({time}ms) detected on {service}
9117,2026-01-10,15:59:45,INFO,AuthService,Page view: /home by u4646,E103,Page view: {page} by {user}
9118,2026-01-10,15:12:55,INFO,PaymentGateway,Health check passed: PaymentGateway,E102,Health check passed: {service}
9119,2026-01-10,15:10:12,INFO,PaymentGateway,User u3256 login successful,E101,User {user} login successful
9120,2026-01-10,15:43:32,INFO,WebServer,User u1672 login successful,E101,User {user} login successful
9121,2026-01-10,15:22:50,INFO,WebServer,Transaction tx408860 completed in 1282ms,E104,Transaction {tx} completed in {time}ms
9122,2026-01-10,15:25:47,INFO,WebServer,Transaction tx907496 completed in 1958ms,E104,Transaction {tx} completed in {time}ms
9123,2026-01-10,15:15:04,INFO,PaymentGateway,User u3357 login successful,E101,User {user} login successful
9124,2026-01-10,15:29:07,INFO,PaymentGateway,User u3764 login successful,E101,User {user} login successful
9125,2026-01-10,15:12:47,INFO,WebServer,User u4932 login successful,E101,User {user} login successful
9126,2026-01-10,15:06:49,INFO,InventoryDB,User u1590 login successful,E101,User {user} login successful
9127,2026-01-10,15:32:21,INFO,OrderProcessor,User u3099 login successful,E101,User {user} login successful
9128,2026-01-10,15:20:06,INFO,WebServer,Page view: /home by u2353,E103,Page view: {page} by {user}
9129,2026-01-10,15:22:41,INFO,PaymentGateway,Page view: /home by u4460,E103,Page view: {page} by {user}
9130,2026-01-10,15:48:29,INFO,AuthService,Page view: /home by u4870,E103,Page view: {page} by {user}
9131,2026-01-10,15:54:52,INFO,OrderProcessor,User u3955 login successful,E101,User {user} login successful
9132,2026-01-10,15:36:18,INFO,OrderProcessor,User u4911 login successful,E101,User {user} login successful
9133,2026-01-10,15:41:53,INFO,WebServer,Page view: /home by u4487,E103,Page view: {page} by {user}
9134,2026-01-10,15:05:58,INFO,WebServer,Page view: /home by u4208,E103,Page view: {page} by {user}
9135,2026-01-10,15:39:30,INFO,AuthService,Page view: /home by u3934,E103,Page view: {page} by {user}
9136,2026-01-10,15:13:57,INFO,OrderProcessor,Health check passed: OrderProcessor,E102,Health check passed: {service}
9137,2026-01-10,15:11:29,INFO,WebServer,Page view: /home by u3729,E103,Page view: {page} by {user}
9138,2026-01-10,15:41:46,INFO,WebServer,User u3050 login successful,E101,User {user} login successful
9139,2026-01-10,15:21:38,INFO,WebServer,User u4292 login successful,E101,User {user} login successful
9140,2026-01-10,15:25:19,INFO,OrderProcessor,User u2569 login successful,E101,User {user} login successful
9141,2026-01-10,15:16:11,INFO,WebServer,Transaction tx721944 completed in 1911ms,E104,Transaction {tx} completed in {time}ms
9142,2026-01-10,15:13:15,INFO,AuthService,Health check passed: AuthService,E102,Health check passed: {service}
9143,2026-01-10,15:22:45,INFO,WebServer,Transaction tx441006 completed in 1549ms,E104,Transaction {tx} completed in {time}ms
9144,2026-01-10,15:49:13,INFO,InventoryDB,Page view: /home by u1749,E103,Page view: {page} by {user}
9145,2026-01-10,15:37:58,INFO,AuthService,Page view: /home by u1883,E103,Page view: {page} by {user}
9146,2026-01-10,15:24:01,INFO,AuthService,Health check passed: AuthService,E102,Health check passed: {service}
9147,2026-01-10,15:57:37,INFO,WebServer,Health check passed: WebServer,E102,Health check passed: {service}
9148,2026-01-10,15:51:08,INFO,OrderProcessor,User u3884 login successful,E101,User {user} login successful
9149,2026-01-10,15:33:08,INFO,WebServer,User u3744 login successful,E101,User {user} login successful
9150,2026-01-10,15:07:23,INFO,PaymentGateway,Transaction tx866792 completed in 968ms,E104,Transaction {tx} completed in {time}ms
9151,2026-01-10,15:27:00,INFO,WebServer,Page view: /home by u4846,E103,Page view: {page} by {user}
9152,2026-01-10,15:24:05,INFO,OrderProcessor,Health check passed: OrderProcessor,E102,Health check passed: {service}
9153,2026-01-10,15:36:21,INFO,WebServer,Page view: /home by u2435,E103,Page view: {page} by {user}
9154,2026-01-10,15:55:09,INFO,OrderProcessor,Health check passed: OrderProcessor,E102,Health check passed: {service}
9155,2026-01-10,15:24:51,INFO,OrderProcessor,User u4899 login successful,E101,User {user} login successful
9156,2026-01-10,15:49:37,INFO,WebServer,Page view: /home by u1595,E103,Page view: {page} by {user}
9157,2026-01-10,15:51:35,INFO,WebServer,Page view: /home by u2550,E103,Page view: {page} by {user}
9158,2026-01-10,15:42:05,INFO,OrderProcessor,Health check passed: OrderProcessor,E102,Health check passed: {service}
9159,2026-01-10,15:55:04,INFO,WebServer,Health check passed: WebServer,E102,Health check passed: {service}
9160,2026-01-10,15:22:10,WARN,WebServer,Unauthorized access attempt from 10.0.0.45,E401,Unauthorized access attempt from {ip}
9161,2026-01-10,15:10:41,INFO,WebServer,Page view: /home by u2271,E103,Page view: {page} by {user}
9162,2026-01-10,15:07:22,ERROR,OrderProcessor,Timeout waiting for lock on InventoryDB,E502,Timeout waiting for lock on {db}
9163,2026-01-10,15:34:49,INFO,OrderProcessor,Transaction tx506657 completed in 200ms,E104,Transaction {tx} completed in {time}ms
9164,2026-01-10,15:49:19,INFO,WebServer,User u1236 login successful,E101,User {user} login successful
9165,2026-01-10,15:24:36,INFO,InventoryDB,User u1479 login successful,E101,User {user} login successful
9166,2026-01-10,15:57:52,INFO,PaymentGateway,User u1541 login successful,E101,User {user} login successful
9167,2026-01-10,15:59:16,INFO,AuthService,Transaction tx311671 completed in 1571ms,E104,Transaction {tx} completed in {time}ms
9168,2026-01-10,15:58:04,INFO,WebServer,Transaction tx906256 completed in 498ms,E104,Transaction {tx} completed in {time}ms
9169,2026-01-10,15:08:24,INFO,OrderProcessor,Health check passed: OrderProcessor,E102,Health check passed: {service}
9170,2026-01-10,15:40:16,INFO,WebServer,Page view: /home by u3543,E103,Page view: {page} by {user}
9171,2026-01-10,15:23:50,ERROR,WebServer,Payment declined: Gateway unavailable,E503,Payment declined: Gateway unavailable
9172,2026-01-10,15:03:59,INFO,WebServer,Transaction tx803262 completed in 1140ms,E104,Transaction {tx} completed in {time}ms
9173,2026-01-10,15:18:19,INFO,WebServer,Transaction tx285648 completed in 1213ms,E104,Transaction {tx} completed in {time}ms
9174,2026-01-10,15:55:36,INFO,WebServer,Health check passed: WebServer,E102,Health check passed: {service}
9175,2026-01-10,15:54:43,ERROR,InventoryDB,Connection refused to InventoryDB at 10.0.0.45,E501,Connection refused to {service} at {ip}
9176,2026-01-10,15:35:06,INFO,OrderProcessor,Page view: /home by u3765,E103,Page view: {page} by {user}
9177,2026-01-10,15:11:41,INFO,WebServer,Transaction tx597631 completed in 1571ms,E104,Transaction {tx} completed in {time}ms
9178,2026-01-10,15:53:38,INFO,WebServer,Page view: /home by u1080,E103,Page view: {page} by {user}
9179,2026-01-10,15:18:27,INFO,OrderProcessor,Transaction tx771896 completed in 1413ms,E104,Transaction {tx} completed in {time}ms
9180,2026-01-10,15:05:41,INFO,WebServer,Page view: /home by u3978,E103,Page view: {page} by {user}
9181,2026-01-10,15:22:08,WARN,PaymentGateway,High latency (284ms) detected on PaymentGateway,E201,High latency ({time}ms) detected on {service}
9182,2026-01-10,15:21:18,INFO,WebServer,Transaction tx703261 completed in 956ms,E104,Transaction {tx} completed in {time}ms
9183,2026-01-10,15:05:33,INFO,WebServer,Health check passed: WebServer,E102,Health check passed: {service}
9184,2026-01-10,15:02:40,INFO,WebServer,Transaction tx209245 completed in 107ms,E104,Transaction {tx} completed in {time}ms
9185,2026-01-10,15:42:35,INFO,OrderProcessor,User u4886 login successful,E101,User {user} login successful
9186,2026-01-10,15:36:00,INFO,WebServer,Transaction tx218388 completed in 300ms,E104,Transaction {tx} completed in {time}ms
9187,2026-01-10,15:42:32,INFO,AuthService,User u4267 login successful,E101,User {user} login successful
9188,2026-01-10,15:37:58,INFO,WebServer,Page view: /home by u4005,E103,Page view: {page} by {user}
9189,2026-01-10,15:19:09,INFO,AuthService,Health check passed: AuthService,E102,Health check passed: {service}
9190,2026-01-10,15:47:30,INFO,OrderProcessor,Transaction tx223614 completed in 1905ms,E104,Transaction {tx} completed in {time}ms
9191,2026-01-10,15:42:08,INFO,PaymentGateway,Transaction tx902572 completed in 1643ms,E104,Transaction {tx} completed in {time}ms
9192,2026-01-10,15:24:45,INFO,AuthService,Health check passed: AuthService,E102,Health check passed: {service}
9193,2026-01-10,15:00:41,INFO,OrderProcessor,User u3092 login successful,E101,User {user} login successful
9194,2026-01-10,15:37:10,INFO,WebServer,User u3690 login successful,E101,User {user} login successful
9195,2026-01-10,15:11:45,INFO,WebServer,Health check passed: WebServer,E102,Health check passed: {service}
9196,2026-01-10,15:07:01,INFO,InventoryDB,Transaction tx515572 completed in 1560ms,E104,Transaction {tx} completed in {time}ms
9197,2026-01-10,15:07:40,INFO,AuthService,Health check passed: AuthService,E102,Health check passed: {service}
9198,2026-01-10,15:39:30,INFO,OrderProcessor,Health check passed: OrderProcessor,E102,Health check passed: {service}
9199,2026-01-10,15:02:14,INFO,AuthService,Health check passed: AuthService,E102,Health check passed: {service}
9200,2026-01-10,15:28:48,INFO,WebServer,Page view: /home by u2508,E103,Page view: {page} by {user}
9201,2026-01-10,15:43:09,INFO,PaymentGateway,Transaction tx624214 completed in 248ms,E104,Transaction {tx} completed in {time}ms
9202,2026-01-10,15:08:58,INFO,OrderProcessor,Transaction tx357733 completed in 1300ms,E104,Transaction {tx} completed in {time}ms
9203,2026-01-10,15:41:47,INFO,OrderProcessor,Page view: /home by u1389,E103,Page view: {page} by {user}
9204,2026-01-10,15:10:37,INFO,WebServer,Transaction tx702956 completed in 1999ms,E104,Transaction {tx} completed in {time}ms
9205,2026-01-10,15:31:23,INFO,WebServer,Transaction tx127395 completed in 1987ms,E104,Transaction {tx} completed in {time}ms
9206,2026-01-10,15:24:56,INFO,PaymentGateway,User u1035 login successful,E101,User {user} login successful
9207,2026-01-10,15:44:20,INFO,WebServer,Page view: /home by u3247,E103,Page view: {page} by {user}
9208,2026-01-10,15:52:48,INFO,WebServer,Transaction tx339229 completed in 1644ms,E104,Transaction {tx} completed in {time}ms
9209,2026-01-10,15:16:48,INFO,AuthService,User u4388 login successful,E101,User {user} login successful
9210,2026-01-10,15:42:48,INFO,PaymentGateway,Transaction tx769766 completed in 496ms,E104,Transaction {tx} completed in {time}ms
9211,2026-01-10,15:20:27,INFO,AuthService,Health check passed: AuthService,E102,Health check passed: {service}
9212,2026-01-10,15:53:30,INFO,WebServer,Health check passed: WebServer,E102,Health check passed: {service}
9213,2026-01-10,15:34:43,INFO,WebServer,Transaction tx395828 completed in 1343ms,E104,Transaction {tx} completed in {time}ms
9214,2026-01-10,15:49:18,INFO,InventoryDB,Transaction tx327392 completed in 1785ms,E104,Transaction {tx} completed in {time}ms
9215,2026-01-10,15:44:24,INFO,WebServer,Transaction tx321441 completed in 776ms,E104,Transaction {tx} completed in {time}ms
9216,2026-01-10,15:07:46,INFO,WebServer,User u4182 login successful,E101,User {user} login successful
9217,2026-01-10,15:59:38,INFO,AuthService,Health check passed: AuthService,E102,Health check passed: {service}
9218,2026-01-10,15:18:04,INFO,WebServer,Health check passed: WebServer,E102,Health check passed: {service}
9219,2026-01-10,15:16:23,INFO,WebServer,Page view: /home by u1643,E103,Page view: {page} by {user}
9220,2026-01-10,15:44:26,INFO,InventoryDB,Transaction tx799212 completed in 948ms,E104,Transaction {tx} completed in {time}ms
9221,2026-01-10,15:34:51,INFO,AuthService,Page view: /home by u3534,E103,Page view: {page} by {user}
9222,2026-01-10,15:28:31,ERROR,WebServer,Timeout waiting for lock on InventoryDB,E502,Timeout waiting for lock on {db}
9223,2026-01-10,15:49:44,INFO,WebServer,Transaction tx514664 completed in 1819ms,E104,Transaction {tx} completed in {time}ms
9224,2026-01-10,15:40:46,INFO,WebServer,User u4733 login successful,E101,User {user} login successful
9225,2026-01-10,15:11:30,INFO,OrderProcessor,Transaction tx191692 completed in 665ms,E104,Transaction {tx} completed in {time}ms
9226,2026-01-10,15:50:07,INFO,AuthService,User u1473 login successful,E101,User {user} login successful
9227,2026-01-10,15:55:42,INFO,AuthService,Page view: /home by u2607,E103,Page view: {page} by {user}
9228,2026-01-10,15:59:54,INFO,WebServer,Health check passed: WebServer,E102,Health check passed: {service}
9229,2026-01-10,15:54:43,INFO,WebServer,Transaction tx742774 completed in 1797ms,E104,Transaction {tx} completed in {time}ms
9230,2026-01-10,15:16:11,INFO,WebServer,Page view: /home by u4769,E103,Page view: {page} by {user}
9231,2026-01-10,15:28:50,INFO,WebServer,Transaction tx431773 completed in 1577ms,E104,Transaction {tx} completed in {time}ms
9232,2026-01-10,15:08:20,INFO,WebServer,Health check passed: WebServer,E102,Health check passed: {service}
9233,2026-01-10,15:27:16,INFO,WebServer,User u2186 login successful,E101,User {user} login successful
9234,2026-01-10,15:57:35,INFO,WebServer,Transaction tx321326 completed in 698ms,E104,Transaction {tx} completed in {time}ms
9235,2026-01-10,15:52:51,INFO,PaymentGateway,Page view: /home by u2017,E103,Page view: {page} by {user}
9236,2026-01-10,15:11:05,INFO,AuthService,Transaction tx665589 completed in 534ms,E104,Transaction {tx} completed in {time}ms
9237,2026-01-10,15:19:01,INFO,WebServer,Page view: /home by u3224,E103,Page view: {page} by {user}
9238,2026-01-10,15:01:59,INFO,InventoryDB,Transaction tx430731 completed in 1938ms,E104,Transaction {tx} completed in {time}ms
9239,2026-01-10,15:56:22,INFO,WebServer,Transaction tx760253 completed in 1038ms,E104,Transaction {tx} completed in {time}ms
9240,2026-01-10,15:04:07,INFO,InventoryDB,Transaction tx507215 completed in 970ms,E104,Transaction {tx} completed in {time}ms
9241,2026-01-10,15:22:36,ERROR,WebServer,Timeout waiting for lock on InventoryDB,E502,Timeout waiting for lock on {db}
9242,2026-01-10,15:55:27,INFO,AuthService,Transaction tx439788 completed in 395ms,E104,Transaction {tx} completed in {time}ms
9243,2026-01-10,15:51:01,INFO,WebServer,Page view: /home by u3778,E103,Page view: {page} by {user}
9244,2026-01-10,15:45:38,INFO,WebServer,User u1442 login successful,E101,User {user} login successful
9245,2026-01-10,15:45:02,INFO,WebServer,User u2735 login successful,E101,User {user} login successful
9246,2026-01-10,15:59:40,INFO,OrderProcessor,Health check passed: OrderProcessor,E102,Health check passed: {service}
9247,2026-01-10,15:57:22,INFO,OrderProcessor,User u1512 login successful,E101,User {user} login successful
9248,2026-01-10,15:51:18,INFO,WebServer,Health check passed: WebServer,E102,Health check passed: {service}
9249,2026-01-10,15:37:35,INFO,WebServer,Page view: /home by u1633,E103,Page view: {page} by {user}
9250,2026-01-10,15:32:13,INFO,AuthService,Health check passed: AuthService,E102,Health check passed: {service}
9251,2026-01-10,15:07:41,INFO,OrderProcessor,Page view: /home by u1813,E103,Page view: {page} by {user}
9252,2026-01-10,15:44:47,INFO,WebServer,Page view: /home by u4086,E103,Page view: {page} by {user}
9253,2026-01-10,15:53:52,INFO,InventoryDB,Transaction tx807450 completed in 301ms,E104,Transaction {tx} completed in {time}ms
9254,2026-01-10,15:52:47,INFO,PaymentGateway,Health check passed: PaymentGateway,E102,Health check passed: {service}
9255,2026-01-10,15:34:35,INFO,PaymentGateway,User u3976 login successful,E101,User {user} login successful
9256,2026-01-10,15:11:20,INFO,AuthService,Page view: /home by u2868,E103,Page view: {page} by {user}
9257,2026-01-10,15:19:01,INFO,InventoryDB,User u1933 login successful,E101,User {user} login successful
9258,2026-01-10,15:27:56,INFO,InventoryDB,Transaction tx387096 completed in 1115ms,E104,Transaction {tx} completed in {time}ms
9259,2026-01-10,15:54:08,INFO,AuthService,Transaction tx499870 completed in 924ms,E104,Transaction {tx} completed in {time}ms
9260,2026-01-10,15:47:46,WARN,WebServer,Unauthorized access attempt from 10.0.0.45,E401,Unauthorized access attempt from {ip}
9261,2026-01-10,15:52:10,INFO,WebServer,Page view: /home by u3246,E103,Page view: {page} by {user}
9262,2026-01-10,15:58:27,INFO,AuthService,User u2874 login successful,E101,User {user} login successful
9263,2026-01-10,15:00:33,INFO,WebServer,Page view: /home by u4268,E103,Page view: {page} by {user}
9264,2026-01-10,15:50:25,INFO,AuthService,Health check passed: AuthService,E102,Health check passed: {service}
9265,2026-01-10,15:49:29,INFO,OrderProcessor,User u4947 login successful,E101,User {user} login successful
9266,2026-01-10,15:09:26,WARN,WebServer,High latency (557ms) detected on WebServer,E201,High latency ({time}ms) detected on {service}
9267,2026-01-10,15:06:30,WARN,WebServer,Disk usage > 85% on node node-4,E202,Disk usage > 85% on node {node}
9268,2026-01-10,15:48:35,INFO,AuthService,Page view: /home by u2513,E103,Page view: {page} by {user}
9269,2026-01-10,15:42:25,INFO,WebServer,Health check passed: WebServer,E102,Health check passed: {service}
9270,2026-01-10,15:07:53,INFO,PaymentGateway,Page view: /home by u3692,E103,Page view: {page} by {user}
9271,2026-01-10,15:26:17,INFO,AuthService,Page view: /home by u2978,E103,Page view: {page} by {user}
9272,2026-01-10,15:00:05,INFO,WebServer,User u1086 login successful,E101,User {user} login successful
9273,2026-01-10,15:08:37,INFO,WebServer,User u4617 login successful,E101,User {user} login successful
9274,2026-01-10,15:28:59,INFO,OrderProcessor,Page view: /home by u4565,E103,Page view: {page} by {user}
9275,2026-01-10,15:53:25,INFO,WebServer,Transaction tx122306 completed in 746ms,E104,Transaction {tx} completed in {time}ms
9276,2026-01-10,15:24:28,INFO,AuthService,Health check passed: AuthService,E102,Health check passed: {service}
9277,2026-01-10,15:51:54,INFO,WebServer,Page view: /home by u1838,E103,Page view: {page} by {user}
9278,2026-01-10,15:10:48,INFO,WebServer,Transaction tx258318 completed in 1573ms,E104,Transaction {tx} completed in {time}ms
9279,2026-01-10,15:09:02,INFO,OrderProcessor,User u1923 login successful,E101,User {user} login successful
9280,2026-01-10,15:09:38,INFO,PaymentGateway,Transaction tx169222 completed in 417ms,E104,Transaction {tx} completed in {time}ms
9281,2026-01-10,15:23:44,INFO,AuthService,Page view: /home by u2903,E103,Page view: {page} by {user}
9282,2026-01-10,15:04:42,INFO,WebServer,User u1559 login successful,E101,User {user} login successful
9283,2026-01-10,15:34:01,INFO,WebServer,Page view: /home by u1894,E103,Page view: {page} by {user}
9284,2026-01-10,15:29:20,INFO,WebServer,Health check passed: WebServer,E102,Health check passed: {service}
9285,2026-01-10,15:25:29,INFO,AuthService,Health check passed: AuthService,E102,Health check passed: {service}
9286,2026-01-10,15:13:38,INFO,WebServer,Transaction tx467747 completed in 985ms,E104,Transaction {tx} completed in {time}ms
9287,2026-01-10,15:00:48,INFO,AuthService,Health check passed: AuthService,E102,Health check passed: {service}
9288,2026-01-10,15:26:21,INFO,OrderProcessor,User u3377 login successful,E101,User {user} login successful
9289,2026-01-10,15:13:34,INFO,WebServer,Transaction tx826723 completed in 72ms,E104,Transaction {tx} completed in {time}ms
9290,2026-01-10,15:21:12,INFO,WebServer,Transaction tx278738 completed in 1584ms,E104,Transaction {tx} completed in {time}ms
9291,2026-01-10,15:47:04,INFO,PaymentGateway,Health check passed: PaymentGateway,E102,Health check passed: {service}
9292,2026-01-10,15:46:32,WARN,WebServer,High latency (178ms) detected on WebServer,E201,High latency ({time}ms) detected on {service}
9293,2026-01-10,15:09:26,WARN,PaymentGateway,High latency (909ms) detected on PaymentGateway,E201,High latency ({time}ms) detected on {service}
9294,2026-01-10,15:58:10,INFO,WebServer,Page view: /home by u2961,E103,Page view: {page} by {user}
9295,2026-01-10,15:08:49,INFO,PaymentGateway,Transaction tx349282 completed in 512ms,E104,Transaction {tx} completed in {time}ms
9296,2026-01-10,15:23:59,INFO,AuthService,Transaction tx238638 completed in 611ms,E104,Transaction {tx} completed in {time}ms
9297,2026-01-10,15:42:36,INFO,WebServer,Health check passed: WebServer,E102,Health check passed: {service}
9298,2026-01-10,15:06:03,INFO,AuthService,Page view: /home by u2421,E103,Page view: {page} by {user}
9299,2026-01-10,15:41:16,INFO,PaymentGateway,User u2574 login successful,E101,User {user} login successful
9300,2026-01-10,15:59:25,INFO,PaymentGateway,Health check passed: PaymentGateway,E102,Health check passed: {service}
9301,2026-01-10,15:44:36,INFO,OrderProcessor,User u2030 login successful,E101,User {user} login successful
9302,2026-01-10,15:29:10,INFO,PaymentGateway,Health check passed: PaymentGateway,E102,Health check passed: {service}
9303,2026-01-10,15:49:28,INFO,AuthService,Health check passed: AuthService,E102,Health check passed: {service}
9304,2026-01-10,15:22:32,INFO,WebServer,Page view: /home by u2460,E103,Page view: {page} by {user}
9305,2026-01-10,15:51:32,INFO,OrderProcessor,Health check passed: OrderProcessor,E102,Health check passed: {service}
9306,2026-01-10,15:48:27,INFO,OrderProcessor,User u4210 login successful,E101,User {user} login successful
9307,2026-01-10,15:03:41,INFO,WebServer,Transaction tx270917 completed in 1651ms,E104,Transaction {tx} completed in {time}ms
9308,2026-01-10,15:40:25,INFO,AuthService,User u3137 login successful,E101,User {user} login successful
9309,2026-01-10,15:24:57,INFO,WebServer,Page view: /home by u4502,E103,Page view: {page} by {user}
9310,2026-01-10,15:15:34,INFO,AuthService,Page view: /home by u2251,E103,Page view: {page} by {user}
9311,2026-01-10,15:29:43,INFO,WebServer,Transaction tx497884 completed in 1223ms,E104,Transaction {tx} completed in {time}ms
9312,2026-01-10,15:45:06,INFO,WebServer,Page view: /home by u3737,E103,Page view: {page} by {user}
9313,2026-01-10,15:50:51,INFO,WebServer,Page view: /home by u1945,E103,Page view: {page} by {user}
9314,2026-01-10,15:54:19,INFO,AuthService,User u2081 login successful,E101,User {user} login successful
9315,2026-01-10,15:45:54,WARN,OrderProcessor,High latency (275ms) detected on OrderProcessor,E201,High latency ({time}ms) detected on {service}
9316,2026-01-10,15:48:16,INFO,AuthService,Health check passed: AuthService,E102,Health check passed: {service}
9317,2026-01-10,15:11:09,INFO,WebServer,User u1779 login successful,E101,User {user} login successful
9318,2026-01-10,15:57:51,INFO,AuthService,Health check passed: AuthService,E102,Health check passed: {service}
9319,2026-01-10,15:39:32,INFO,OrderProcessor,User u4857 login successful,E101,User {user} login successful
9320,2026-01-10,15:15:47,INFO,WebServer,Transaction tx388018 completed in 476ms,E104,Transaction {tx} completed in {time}ms
9321,2026-01-10,15:39:11,INFO,WebServer,Transaction tx264256 completed in 1803ms,E104,Transaction {tx} completed in {time}ms
9322,2026-01-10,15:02:26,INFO,OrderProcessor,Transaction tx135742 completed in 35ms,E104,Transaction {tx} completed in {time}ms
9323,2026-01-10,15:43:48,INFO,AuthService,Transaction tx483671 completed in 182ms,E104,Transaction {tx} completed in {time}ms
9324,2026-01-10,15:50:41,INFO,WebServer,Transaction tx236770 completed in 1953ms,E104,Transaction {tx} completed in {time}ms
9325,2026-01-10,15:50:30,INFO,WebServer,Transaction tx424949 completed in 1686ms,E104,Transaction {tx} completed in {time}ms
9326,2026-01-10,15:31:17,INFO,WebServer,Transaction tx804575 completed in 203ms,E104,Transaction {tx} completed in {time}ms
9327,2026-01-10,15:52:24,CRITICAL,WebServer,KERNEL PANIC: Node node-3 crashed,E601,KERNEL PANIC: Node {node} crashed
9328,2026-01-10,15:34:53,INFO,WebServer,Transaction tx614412 completed in 1584ms,E104,Transaction {tx} completed in {time}ms
9329,2026-01-10,15:17:36,INFO,InventoryDB,User u4797 login successful,E101,User {user} login successful
9330,2026-01-10,15:58:13,INFO,WebServer,Page view: /home by u4945,E103,Page view: {page} by {user}
9331,2026-01-10,15:38:36,INFO,WebServer,Page view: /home by u1054,E103,Page view: {page} by {user}
9332,2026-01-10,15:52:24,INFO,WebServer,Health check passed: WebServer,E102,Health check passed: {service}
9333,2026-01-10,15:54:41,INFO,OrderProcessor,Transaction tx469095 completed in 1740ms,E104,Transaction {tx} completed in {time}ms
9334,2026-01-10,15:57:55,INFO,AuthService,Transaction tx190349 completed in 225ms,E104,Transaction {tx} completed in {time}ms
9335,2026-01-10,15:58:07,INFO,WebServer,Health check passed: WebServer,E102,Health check passed: {service}
9336,2026-01-10,15:36:39,WARN,PaymentGateway,High latency (1572ms) detected on PaymentGateway,E201,High latency ({time}ms) detected on {service}
9337,2026-01-10,15:41:45,INFO,AuthService,User u2174 login successful,E101,User {user} login successful
9338,2026-01-10,15:05:59,INFO,WebServer,Transaction tx844527 completed in 1123ms,E104,Transaction {tx} completed in {time}ms
9339,2026-01-10,15:04:41,INFO,OrderProcessor,Page view: /home by u2428,E103,Page view: {page} by {user}
9340,2026-01-10,15:42:00,INFO,InventoryDB,User u4182 login successful,E101,User {user} login successful
9341,2026-01-10,15:47:42,INFO,WebServer,Transaction tx444346 completed in 1800ms,E104,Transaction {tx} completed in {time}ms
9342,2026-01-10,15:50:58,INFO,OrderProcessor,Transaction tx972206 completed in 150ms,E104,Transaction {tx} completed in {time}ms
9343,2026-01-10,15:50:17,INFO,AuthService,Page view: /home by u3653,E103,Page view: {page} by {user}
9344,2026-01-10,15:14:42,INFO,WebServer,Page view: /home by u1005,E103,Page view: {page} by {user}
9345,2026-01-10,15:00:00,INFO,WebServer,Transaction tx544479 completed in 79ms,E104,Transaction {tx} completed in {time}ms
9346,2026-01-10,15:07:47,INFO,WebServer,Health check passed: WebServer,E102,Health check passed: {service}
9347,2026-01-10,15:59:14,INFO,WebServer,Health check passed: WebServer,E102,Health check passed: {service}
9348,2026-01-10,15:16:03,INFO,WebServer,Transaction tx890754 completed in 662ms,E104,Transaction {tx} completed in {time}ms
9349,2026-01-10,15:42:29,INFO,AuthService,Transaction tx445878 completed in 217ms,E104,Transaction {tx} completed in {time}ms
9350,2026-01-10,15:17:34,INFO,WebServer,Page view: /home by u2069,E103,Page view: {page} by {user}
9351,2026-01-10,15:00:30,INFO,PaymentGateway,Health check passed: PaymentGateway,E102,Health check passed: {service}
9352,2026-01-10,15:52:52,INFO,PaymentGateway,Transaction tx599504 completed in 1611ms,E104,Transaction {tx} completed in {time}ms
9353,2026-01-10,15:27:32,INFO,WebServer,Transaction tx760719 completed in 1054ms,E104,Transaction {tx} completed in {time}ms
9354,2026-01-10,15:23:58,INFO,WebServer,Health check passed: WebServer,E102,Health check passed: {service}
9355,2026-01-10,15:15:01,INFO,WebServer,Transaction tx996218 completed in 1574ms,E104,Transaction {tx} completed in {time}ms
9356,2026-01-10,15:33:22,INFO,OrderProcessor,Health check passed: OrderProcessor,E102,Health check passed: {service}
9357,2026-01-10,15:43:01,INFO,PaymentGateway,Page view: /home by u3660,E103,Page view: {page} by {user}
9358,2026-01-10,15:00:17,INFO,WebServer,Page view: /home by u4712,E103,Page view: {page} by {user}
9359,2026-01-10,15:38:53,INFO,WebServer,Health check passed: WebServer,E102,Health check passed: {service}
9360,2026-01-10,15:14:54,INFO,OrderProcessor,User u4725 login successful,E101,User {user} login successful
9361,2026-01-10,15:18:02,INFO,AuthService,Health check passed: AuthService,E102,Health check passed: {service}
9362,2026-01-10,15:33:35,INFO,WebServer,Page view: /home by u3863,E103,Page view: {page} by {user}
9363,2026-01-10,15:41:03,INFO,WebServer,Health check passed: WebServer,E102,Health check passed: {service}
9364,2026-01-10,15:28:33,INFO,WebServer,Page view: /home by u1344,E103,Page view: {page} by {user}
9365,2026-01-10,15:44:50,INFO,InventoryDB,Page view: /home by u1823,E103,Page view: {page} by {user}
9366,2026-01-10,15:31:39,INFO,WebServer,Health check passed: WebServer,E102,Health check passed: {service}
9367,2026-01-10,15:21:43,INFO,InventoryDB,User u3445 login successful,E101,User {user} login successful
9368,2026-01-10,15:27:49,INFO,WebServer,Page view: /home by u1195,E103,Page view: {page} by {user}
9369,2026-01-10,15:09:02,INFO,WebServer,Transaction tx860568 completed in 1406ms,E104,Transaction {tx} completed in {time}ms
9370,2026-01-10,15:52:51,INFO,WebServer,Health check passed: WebServer,E102,Health check passed: {service}
9371,2026-01-10,15:30:09,INFO,WebServer,User u4245 login successful,E101,User {user} login successful
9372,2026-01-10,15:14:00,INFO,PaymentGateway,Health check passed: PaymentGateway,E102,Health check passed: {service}
9373,2026-01-10,15:53:09,INFO,WebServer,Health check passed: WebServer,E102,Health check passed: {service}
9374,2026-01-10,15:24:04,INFO,WebServer,Health check passed: WebServer,E102,Health check passed: {service}
9375,2026-01-10,15:45:03,INFO,OrderProcessor,Transaction tx489888 completed in 1444ms,E104,Transaction {tx} completed in {time}ms
9376,2026-01-10,15:52:06,INFO,WebServer,Health check passed: WebServer,E102,Health check passed: {service}
9377,2026-01-10,15:25:13,INFO,WebServer,Page view: /home by u2626,E103,Page view: {page} by {user}
9378,2026-01-10,15:46:02,INFO,PaymentGateway,Transaction tx361934 completed in 1756ms,E104,Transaction {tx} completed in {time}ms
9379,2026-01-10,15:48:32,INFO,AuthService,Transaction tx320433 completed in 1851ms,E104,Transaction {tx} completed in {time}ms
9380,2026-01-10,15:21:22,INFO,OrderProcessor,Health check passed: OrderProcessor,E102,Health check passed: {service}
9381,2026-01-10,15:50:05,INFO,WebServer,Health check passed: WebServer,E102,Health check passed: {service}
9382,2026-01-10,15:00:21,INFO,WebServer,Health check passed: WebServer,E102,Health check passed: {service}
9383,2026-01-10,15:12:05,INFO,WebServer,Page view: /home by u4182,E103,Page view: {page} by {user}
9384,2026-01-10,15:38:42,INFO,WebServer,Page view: /home by u1838,E103,Page view: {page} by {user}
9385,2026-01-10,15:08:26,INFO,AuthService,User u1188 login successful,E101,User {user} login successful
9386,2026-01-10,15:20:57,INFO,OrderProcessor,Page view: /home by u4829,E103,Page view: {page} by {user}
9387,2026-01-10,15:38:51,INFO,InventoryDB,Health check passed: InventoryDB,E102,Health check passed: {service}
9388,2026-01-10,15:33:15,INFO,OrderProcessor,Health check passed: OrderProcessor,E102,Health check passed: {service}
9389,2026-01-10,15:17:44,INFO,WebServer,Health check passed: WebServer,E102,Health check passed: {service}
9390,2026-01-10,15:50:27,INFO,WebServer,Health check passed: WebServer,E102,Health check passed: {service}
9391,2026-01-10,15:08:03,WARN,WebServer,Unauthorized access attempt from 10.0.0.45,E401,Unauthorized access attempt from {ip}
9392,2026-01-10,15:10:51,INFO,WebServer,Page view: /home by u3041,E103,Page view: {page} by {user}
9393,2026-01-10,15:48:41,INFO,WebServer,Page view: /home by u3347,E103,Page view: {page} by {user}
9394,2026-01-10,15:11:02,INFO,InventoryDB,User u1395 login successful,E101,User {user} login successful
9395,2026-01-10,15:57:32,INFO,WebServer,Transaction tx489684 completed in 1536ms,E104,Transaction {tx} completed in {time}ms
9396,2026-01-10,15:13:16,INFO,WebServer,Health check passed: WebServer,E102,Health check passed: {service}
9397,2026-01-10,15:41:33,INFO,WebServer,Health check passed: WebServer,E102,Health check passed: {service}
9398,2026-01-10,15:53:12,INFO,WebServer,Page view: /home by u2323,E103,Page view: {page} by {user}
9399,2026-01-10,16:58:27,INFO,AuthService,Health check passed: AuthService,E102,Health check passed: {service}
9400,2026-01-10,16:32:11,INFO,AuthService,Health check passed: AuthService,E102,Health check passed: {service}
9401,2026-01-10,16:41:54,INFO,WebServer,Transaction tx230234 completed in 321ms,E104,Transaction {tx} completed in {time}ms
9402,2026-01-10,16:53:24,INFO,WebServer,Page view: /home by u4823,E103,Page view: {page} by {user}
9403,2026-01-10,16:00:01,WARN,WebServer,Unauthorized access attempt from 10.0.0.45,E401,Unauthorized access attempt from {ip}
9404,2026-01-10,16:36:03,INFO,OrderProcessor,User u3240 login successful,E101,User {user} login successful
9405,2026-01-10,16:44:28,INFO,WebServer,Page view: /home by u1439,E103,Page view: {page} by {user}
9406,2026-01-10,16:10:21,INFO,WebServer,Transaction tx113095 completed in 1941ms,E104,Transaction {tx} completed in {time}ms
9407,2026-01-10,16:02:42,INFO,AuthService,Transaction tx304779 completed in 1581ms,E104,Transaction {tx} completed in {time}ms
9408,2026-01-10,16:22:29,INFO,WebServer,Transaction tx572390 completed in 470ms,E104,Transaction {tx} completed in {time}ms
9409,2026-01-10,16:18:06,INFO,OrderProcessor,Transaction tx238270 completed in 1365ms,E104,Transaction {tx} completed in {time}ms
9410,2026-01-10,16:49:23,INFO,WebServer,User u2769 login successful,E101,User {user} login successful
9411,2026-01-10,16:09:36,INFO,OrderProcessor,Health check passed: OrderProcessor,E102,Health check passed: {service}
9412,2026-01-10,16:54:30,INFO,OrderProcessor,Transaction tx859874 completed in 1064ms,E104,Transaction {tx} completed in {time}ms
9413,2026-01-10,16:48:54,WARN,AuthService,High latency (349ms) detected on AuthService,E201,High latency ({time}ms) detected on {service}
9414,2026-01-10,16:25:37,INFO,AuthService,Page view: /home by u3924,E103,Page view: {page} by {user}
9415,2026-01-10,16:49:57,INFO,WebServer,User u4017 login successful,E101,User {user} login successful
9416,2026-01-10,16:48:16,INFO,AuthService,Health check passed: AuthService,E102,Health check passed: {service}
9417,2026-01-10,16:16:25,INFO,WebServer,Health check passed: WebServer,E102,Health check passed: {service}
9418,2026-01-10,16:47:59,INFO,WebServer,User u1570 login successful,E101,User {user} login successful
9419,2026-01-10,16:01:48,INFO,WebServer,User u1193 login successful,E101,User {user} login successful
9420,2026-01-10,16:45:09,INFO,AuthService,User u2646 login successful,E101,User {user} login successful
9421,2026-01-10,16:15:27,INFO,WebServer,Transaction tx382116 completed in 1105ms,E104,Transaction {tx} completed in {time}ms
9422,2026-01-10,16:24:45,INFO,PaymentGateway,Health check passed: PaymentGateway,E102,Health check passed: {service}
9423,2026-01-10,16:28:08,INFO,OrderProcessor,Health check passed: OrderProcessor,E102,Health check passed: {service}
9424,2026-01-10,16:33:13,INFO,PaymentGateway,Transaction tx964998 completed in 1793ms,E104,Transaction {tx} completed in {time}ms
9425,2026-01-10,16:17:33,INFO,InventoryDB,Page view: /home by u4307,E103,Page view: {page} by {user}
9426,2026-01-10,16:29:36,INFO,WebServer,Transaction tx707336 completed in 1047ms,E104,Transaction {tx} completed in {time}ms
9427,2026-01-10,16:44:08,INFO,WebServer,Page view: /home by u3588,E103,Page view: {page} by {user}
9428,2026-01-10,16:00:29,INFO,WebServer,Health check passed: WebServer,E102,Health check passed: {service}
9429,2026-01-10,16:37:48,INFO,InventoryDB,Page view: /home by u2872,E103,Page view: {page} by {user}
9430,2026-01-10,16:58:30,INFO,OrderProcessor,User u2650 login successful,E101,User {user} login successful
9431,2026-01-10,16:15:26,INFO,AuthService,Health check passed: AuthService,E102,Health check passed: {service}
9432,2026-01-10,16:19:32,INFO,AuthService,Health check passed: AuthService,E102,Health check passed: {service}
9433,2026-01-10,16:09:31,INFO,WebServer,Health check passed: WebServer,E102,Health check passed: {service}
9434,2026-01-10,16:14:56,INFO,OrderProcessor,Page view: /home by u2608,E103,Page view: {page} by {user}
9435,2026-01-10,16:17:01,INFO,WebServer,Health check passed: WebServer,E102,Health check passed: {service}
9436,2026-01-10,16:30:54,INFO,WebServer,Page view: /home by u3196,E103,Page view: {page} by {user}
9437,2026-01-10,16:52:11,WARN,OrderProcessor,Disk usage > 85% on node node-3,E202,Disk usage > 85% on node {node}
9438,2026-01-10,16:43:56,INFO,WebServer,Transaction tx735183 completed in 1941ms,E104,Transaction {tx} completed in {time}ms
9439,2026-01-10,16:51:49,INFO,WebServer,Transaction tx785411 completed in 341ms,E104,Transaction {tx} completed in {time}ms
9440,2026-01-10,16:08:41,INFO,WebServer,Page view: /home by u3449,E103,Page view: {page} by {user}
9441,2026-01-10,16:01:04,WARN,WebServer,Unauthorized access attempt from 10.0.0.45,E401,Unauthorized access attempt from {ip}
9442,2026-01-10,16:15:01,WARN,WebServer,High latency (491ms) detected on WebServer,E201,High latency ({time}ms) detected on {service}
9443,2026-01-10,16:17:29,INFO,WebServer,Page view: /home by u3328,E103,Page view: {page} by {user}
9444,2026-01-10,16:45:15,INFO,OrderProcessor,Page view: /home by u3328,E103,Page view: {page} by {user}
9445,2026-01-10,16:21:42,INFO,AuthService,Transaction tx429319 completed in 119ms,E104,Transaction {tx} completed in {time}ms
9446,2026-01-10,16:14:21,INFO,WebServer,Transaction tx686761 completed in 1007ms,E104,Transaction {tx} completed in {time}ms
9447,2026-01-10,16:10:30,INFO,AuthService,Page view: /home by u4010,E103,Page view: {page} by {user}
9448,2026-01-10,16:26:12,INFO,InventoryDB,User u2638 login successful,E101,User {user} login successful
9449,2026-01-10,16:40:25,INFO,AuthService,Page view: /home by u1845,E103,Page view: {page} by {user}
9450,2026-01-10,16:22:19,INFO,PaymentGateway,User u4873 login successful,E101,User {user} login successful
9451,2026-01-10,16:32:56,INFO,AuthService,Transaction tx377229 completed in 451ms,E104,Transaction {tx} completed in {time}ms
9452,2026-01-10,16:48:07,WARN,WebServer,Unauthorized access attempt from 10.0.0.45,E401,Unauthorized access attempt from {ip}
9453,2026-01-10,16:15:56,CRITICAL,WebServer,KERNEL PANIC: Node node-2 crashed,E601,KERNEL PANIC: Node {node} crashed
9454,2026-01-10,16:09:30,INFO,WebServer,User u1790 login successful,E101,User {user} login successful
9455,2026-01-10,16:42:42,INFO,PaymentGateway,Page view: /home by u1173,E103,Page view: {page} by {user}
9456,2026-01-10,16:06:49,INFO,PaymentGateway,Page view: /home by u4782,E103,Page view: {page} by {user}
9457,2026-01-10,16:30:10,INFO,WebServer,Page view: /home by u3190,E103,Page view: {page} by {user}
9458,2026-01-10,16:00:15,INFO,OrderProcessor,Health check passed: OrderProcessor,E102,Health check passed: {service}
9459,2026-01-10,16:16:54,INFO,WebServer,Health check passed: WebServer,E102,Health check passed: {service}
9460,2026-01-10,16:52:38,INFO,WebServer,Health check passed: WebServer,E102,Health check passed: {service}
9461,2026-01-10,16:06:00,INFO,AuthService,User u4952 login successful,E101,User {user} login successful
9462,2026-01-10,16:41:56,INFO,InventoryDB,Page view: /home by u1823,E103,Page view: {page} by {user}
9463,2026-01-10,16:25:23,INFO,WebServer,User u3611 login successful,E101,User {user} login successful
9464,2026-01-10,16:39:38,INFO,WebServer,Page view: /home by u1937,E103,Page view: {page} by {user}
9465,2026-01-10,16:52:54,INFO,WebServer,Transaction tx485394 completed in 1771ms,E104,Transaction {tx} completed in {time}ms
9466,2026-01-10,16:20:50,INFO,WebServer,Transaction tx619496 completed in 458ms,E104,Transaction {tx} completed in {time}ms
9467,2026-01-10,16:52:11,INFO,AuthService,Transaction tx908642 completed in 76ms,E104,Transaction {tx} completed in {time}ms
9468,2026-01-10,16:48:22,INFO,AuthService,Health check passed: AuthService,E102,Health check passed: {service}
9469,2026-01-10,16:45:17,INFO,InventoryDB,Transaction tx416256 completed in 369ms,E104,Transaction {tx} completed in {time}ms
9470,2026-01-10,16:43:14,INFO,WebServer,Health check passed: WebServer,E102,Health check passed: {service}
9471,2026-01-10,16:23:21,INFO,PaymentGateway,User u3426 login successful,E101,User {user} login successful
9472,2026-01-10,16:09:02,INFO,WebServer,Health check passed: WebServer,E102,Health check passed: {service}
9473,2026-01-10,16:22:20,INFO,WebServer,Health check passed: WebServer,E102,Health check passed: {service}
9474,2026-01-10,16:05:04,INFO,AuthService,Transaction tx164295 completed in 590ms,E104,Transaction {tx} completed in {time}ms
9475,2026-01-10,16:44:04,INFO,WebServer,User u1179 login successful,E101,User {user} login successful
9476,2026-01-10,16:31:38,INFO,WebServer,Transaction tx975872 completed in 799ms,E104,Transaction {tx} completed in {time}ms
9477,2026-01-10,16:12:40,INFO,WebServer,Health check passed: WebServer,E102,Health check passed: {service}
9478,2026-01-10,16:37:20,INFO,InventoryDB,Health check passed: InventoryDB,E102,Health check passed: {service}
9479,2026-01-10,16:11:34,INFO,WebServer,Health check passed: WebServer,E102,Health check passed: {service}
9480,2026-01-10,16:36:27,INFO,WebServer,Health check passed: WebServer,E102,Health check passed: {service}
9481,2026-01-10,16:41:06,INFO,WebServer,User u4297 login successful,E101,User {user} login successful
9482,2026-01-10,16:41:27,INFO,WebServer,User u4774 login successful,E101,User {user} login successful
9483,2026-01-10,16:17:34,INFO,WebServer,User u3404 login successful,E101,User {user} login successful
9484,2026-01-10,16:20:00,INFO,OrderProcessor,User u3568 login successful,E101,User {user} login successful
9485,2026-01-10,16:12:56,INFO,WebServer,Transaction tx927887 completed in 1945ms,E104,Transaction {tx} completed in {time}ms
9486,2026-01-10,16:42:15,WARN,WebServer,Unauthorized access attempt from 10.0.0.12,E401,Unauthorized access attempt from {ip}
9487,2026-01-10,16:18:02,INFO,WebServer,Health check passed: WebServer,E102,Health check passed: {service}
9488,2026-01-10,16:54:18,INFO,WebServer,Page view: /home by u4476,E103,Page view: {page} by {user}
9489,2026-01-10,16:54:25,INFO,WebServer,Transaction tx422118 completed in 1392ms,E104,Transaction {tx} completed in {time}ms
9490,2026-01-10,16:07:08,INFO,AuthService,User u2397 login successful,E101,User {user} login successful
9491,2026-01-10,16:25:44,INFO,PaymentGateway,User u1014 login successful,E101,User {user} login successful
9492,2026-01-10,16:53:50,INFO,AuthService,Health check passed: AuthService,E102,Health check passed: {service}
9493,2026-01-10,16:16:24,INFO,WebServer,Page view: /home by u3037,E103,Page view: {page} by {user}
9494,2026-01-10,16:53:12,INFO,WebServer,Page view: /home by u2691,E103,Page view: {page} by {user}
9495,2026-01-10,16:42:09,INFO,AuthService,Transaction tx878734 completed in 169ms,E104,Transaction {tx} completed in {time}ms
9496,2026-01-10,16:33:25,INFO,AuthService,User u3733 login successful,E101,User {user} login successful
9497,2026-01-10,16:28:45,INFO,WebServer,Health check passed: WebServer,E102,Health check passed: {service}
9498,2026-01-10,16:32:59,INFO,AuthService,Health check passed: AuthService,E102,Health check passed: {service}
9499,2026-01-10,16:59:14,INFO,InventoryDB,User u4020 login successful,E101,User {user} login successful
9500,2026-01-10,16:37:05,WARN,AuthService,Disk usage > 85% on node node-5,E202,Disk usage > 85% on node {node}
9501,2026-01-10,16:16:44,INFO,AuthService,Page view: /home by u2084,E103,Page view: {page} by {user}
9502,2026-01-10,16:58:56,INFO,InventoryDB,Health check passed: InventoryDB,E102,Health check passed: {service}
9503,2026-01-10,16:50:34,INFO,AuthService,Health check passed: AuthService,E102,Health check passed: {service}
9504,2026-01-10,16:23:15,INFO,WebServer,Page view: /home by u1511,E103,Page view: {page} by {user}
9505,2026-01-10,16:46:10,INFO,WebServer,Page view: /home by u1235,E103,Page view: {page} by {user}
9506,2026-01-10,16:41:53,CRITICAL,WebServer,DATA CORRUPTION detected in sector 694,E602,DATA CORRUPTION detected in sector {sector}
9507,2026-01-10,16:57:58,INFO,WebServer,Transaction tx292414 completed in 1503ms,E104,Transaction {tx} completed in {time}ms
9508,2026-01-10,16:55:50,INFO,WebServer,Health check passed: WebServer,E102,Health check passed: {service}
9509,2026-01-10,16:53:55,INFO,PaymentGateway,Transaction tx937272 completed in 1506ms,E104,Transaction {tx} completed in {time}ms
9510,2026-01-10,16:20:02,INFO,PaymentGateway,Transaction tx449022 completed in 1722ms,E104,Transaction {tx} completed in {time}ms
9511,2026-01-10,16:16:17,INFO,AuthService,Page view: /home by u4271,E103,Page view: {page} by {user}
9512,2026-01-10,16:50:49,INFO,PaymentGateway,Page view: /home by u2175,E103,Page view: {page} by {user}
9513,2026-01-10,16:28:34,INFO,OrderProcessor,Transaction tx551797 completed in 1508ms,E104,Transaction {tx} completed in {time}ms
9514,2026-01-10,16:52:10,INFO,AuthService,Health check passed: AuthService,E102,Health check passed: {service}
9515,2026-01-10,16:20:56,INFO,AuthService,Page view: /home by u4860,E103,Page view: {page} by {user}
9516,2026-01-10,16:36:00,INFO,WebServer,Transaction tx642617 completed in 857ms,E104,Transaction {tx} completed in {time}ms
9517,2026-01-10,16:02:54,INFO,AuthService,User u1340 login successful,E101,User {user} login successful
9518,2026-01-10,16:01:12,INFO,WebServer,Page view: /home by u3708,E103,Page view: {page} by {user}
9519,2026-01-10,16:48:04,INFO,WebServer,Page view: /home by u1006,E103,Page view: {page} by {user}
9520,2026-01-10,16:11:16,INFO,WebServer,Page view: /home by u3376,E103,Page view: {page} by {user}
9521,2026-01-10,16:15:56,CRITICAL,WebServer,DATA CORRUPTION detected in sector 693,E602,DATA CORRUPTION detected in sector {sector}
9522,2026-01-10,16:46:54,INFO,InventoryDB,Transaction tx190063 completed in 1789ms,E104,Transaction {tx} completed in {time}ms
9523,2026-01-10,16:10:51,INFO,OrderProcessor,Transaction tx253959 completed in 38ms,E104,Transaction {tx} completed in {time}ms
9524,2026-01-10,16:41:08,INFO,WebServer,User u3561 login successful,E101,User {user} login successful
9525,2026-01-10,16:43:56,INFO,PaymentGateway,Transaction tx912267 completed in 1862ms,E104,Transaction {tx} completed in {time}ms
9526,2026-01-10,16:04:12,INFO,InventoryDB,Transaction tx868674 completed in 930ms,E104,Transaction {tx} completed in {time}ms
9527,2026-01-10,16:52:17,INFO,WebServer,Health check passed: WebServer,E102,Health check passed: {service}
9528,2026-01-10,16:26:31,INFO,WebServer,Page view: /home by u1323,E103,Page view: {page} by {user}
9529,2026-01-10,16:21:55,INFO,AuthService,Health check passed: AuthService,E102,Health check passed: {service}
9530,2026-01-10,16:00:48,INFO,PaymentGateway,Page view: /home by u4553,E103,Page view: {page} by {user}
9531,2026-01-10,16:53:17,INFO,WebServer,Page view: /home by u3537,E103,Page view: {page} by {user}
9532,2026-01-10,16:27:50,INFO,WebServer,Health check passed: WebServer,E102,Health check passed: {service}
9533,2026-01-10,16:52:29,INFO,WebServer,User u4560 login successful,E101,User {user} login successful
9534,2026-01-10,16:16:53,INFO,WebServer,Page view: /home by u1145,E103,Page view: {page} by {user}
9535,2026-01-10,16:29:23,INFO,WebServer,User u2429 login successful,E101,User {user} login successful
9536,2026-01-10,16:05:30,INFO,WebServer,Transaction tx742205 completed in 262ms,E104,Transaction {tx} completed in {time}ms
9537,2026-01-10,16:39:58,INFO,WebServer,User u2650 login successful,E101,User {user} login successful
9538,2026-01-10,16:27:56,WARN,AuthService,Disk usage > 85% on node node-1,E202,Disk usage > 85% on node {node}
9539,2026-01-10,16:36:46,INFO,AuthService,Transaction tx939585 completed in 874ms,E104,Transaction {tx} completed in {time}ms
9540,2026-01-10,16:50:00,INFO,WebServer,Page view: /home by u4530,E103,Page view: {page} by {user}
9541,2026-01-10,16:56:44,INFO,InventoryDB,Transaction tx722746 completed in 435ms,E104,Transaction {tx} completed in {time}ms
9542,2026-01-10,16:02:22,INFO,WebServer,Transaction tx701618 completed in 1791ms,E104,Transaction {tx} completed in {time}ms
9543,2026-01-10,16:44:20,INFO,AuthService,Page view: /home by u2278,E103,Page view: {page} by {user}
9544,2026-01-10,16:03:50,INFO,OrderProcessor,Page view: /home by u1450,E103,Page view: {page} by {user}
9545,2026-01-10,16:13:17,INFO,AuthService,User u3702 login successful,E101,User {user} login successful
9546,2026-01-10,16:52:54,INFO,AuthService,Transaction tx446950 completed in 1528ms,E104,Transaction {tx} completed in {time}ms
9547,2026-01-10,16:11:59,INFO,WebServer,Health check passed: WebServer,E102,Health check passed: {service}
9548,2026-01-10,16:41:52,WARN,WebServer,Disk usage > 85% on node node-5,E202,Disk usage > 85% on node {node}
9549,2026-01-10,16:54:34,INFO,WebServer,Transaction tx323017 completed in 616ms,E104,Transaction {tx} completed in {time}ms
9550,2026-01-10,16:02:52,INFO,AuthService,User u2839 login successful,E101,User {user} login successful
9551,2026-01-10,16:43:46,INFO,WebServer,Page view: /home by u3689,E103,Page view: {page} by {user}
9552,2026-01-10,16:45:40,INFO,WebServer,Transaction tx329911 completed in 1820ms,E104,Transaction {tx} completed in {time}ms
9553,2026-01-10,16:02:29,INFO,PaymentGateway,Page view: /home by u3956,E103,Page view: {page} by {user}
9554,2026-01-10,16:03:11,INFO,AuthService,Page view: /home by u3376,E103,Page view: {page} by {user}
9555,2026-01-10,16:30:21,INFO,OrderProcessor,Page view: /home by u1804,E103,Page view: {page} by {user}
9556,2026-01-10,16:33:54,INFO,WebServer,Transaction tx268763 completed in 342ms,E104,Transaction {tx} completed in {time}ms
9557,2026-01-10,16:27:46,INFO,WebServer,User u4549 login successful,E101,User {user} login successful
9558,2026-01-10,16:41:29,INFO,WebServer,User u4117 login successful,E101,User {user} login successful
9559,2026-01-10,16:55:02,INFO,WebServer,Page view: /home by u1321,E103,Page view: {page} by {user}
9560,2026-01-10,16:35:29,INFO,WebServer,User u1427 login successful,E101,User {user} login successful
9561,2026-01-10,16:24:12,WARN,WebServer,High latency (697ms) detected on WebServer,E201,High latency ({time}ms) detected on {service}
9562,2026-01-10,16:32:11,WARN,WebServer,Unauthorized access attempt from 10.0.0.45,E401,Unauthorized access attempt from {ip}
9563,2026-01-10,16:30:46,INFO,PaymentGateway,Page view: /home by u4806,E103,Page view: {page} by {user}
9564,2026-01-10,16:19:25,INFO,AuthService,User u1924 login successful,E101,User {user} login successful
9565,2026-01-10,16:05:48,INFO,InventoryDB,Page view: /home by u2757,E103,Page view: {page} by {user}
9566,2026-01-10,16:51:20,INFO,PaymentGateway,Page view: /home by u1461,E103,Page view: {page} by {user}
9567,2026-01-10,16:16:45,INFO,WebServer,Transaction tx777335 completed in 1411ms,E104,Transaction {tx} completed in {time}ms
9568,2026-01-10,16:48:57,INFO,WebServer,Transaction tx970086 completed in 1957ms,E104,Transaction {tx} completed in {time}ms
9569,2026-01-10,16:51:29,INFO,WebServer,Page view: /home by u3414,E103,Page view: {page} by {user}
9570,2026-01-10,16:17:51,INFO,PaymentGateway,User u2071 login successful,E101,User {user} login successful
9571,2026-01-10,16:04:05,INFO,AuthService,Page view: /home by u4561,E103,Page view: {page} by {user}
9572,2026-01-10,16:49:58,INFO,WebServer,Transaction tx981296 completed in 454ms,E104,Transaction {tx} completed in {time}ms
9573,2026-01-10,16:23:22,INFO,AuthService,Health check passed: AuthService,E102,Health check passed: {service}
9574,2026-01-10,16:07:04,INFO,WebServer,Page view: /home by u3164,E103,Page view: {page} by {user}
9575,2026-01-10,16:11:09,INFO,WebServer,User u3761 login successful,E101,User {user} login successful
9576,2026-01-10,16:18:44,INFO,WebServer,Health check passed: WebServer,E102,Health check passed: {service}
9577,2026-01-10,16:34:00,INFO,WebServer,Page view: /home by u4270,E103,Page view: {page} by {user}
9578,2026-01-10,16:47:14,INFO,PaymentGateway,Page view: /home by u1722,E103,Page view: {page} by {user}
9579,2026-01-10,16:22:00,INFO,WebServer,Page view: /home by u4667,E103,Page view: {page} by {user}
9580,2026-01-10,16:40:34,INFO,AuthService,User u2336 login successful,E101,User {user} login successful
9581,2026-01-10,16:37:10,WARN,AuthService,Disk usage > 85% on node node-5,E202,Disk usage > 85% on node {node}
9582,2026-01-10,16:43:50,WARN,AuthService,Disk usage > 85% on node node-1,E202,Disk usage > 85% on node {node}
9583,2026-01-10,16:23:16,WARN,AuthService,High latency (333ms) detected on AuthService,E201,High latency ({time}ms) detected on {service}
9584,2026-01-10,16:28:00,INFO,WebServer,User u1882 login successful,E101,User {user} login successful
9585,2026-01-10,16:38:16,INFO,AuthService,Page view: /home by u1909,E103,Page view: {page} by {user}
9586,2026-01-10,16:14:50,INFO,OrderProcessor,User u2839 login successful,E101,User {user} login successful
9587,2026-01-10,16:58:50,INFO,WebServer,Page view: /home by u1211,E103,Page view: {page} by {user}
9588,2026-01-10,16:53:53,INFO,WebServer,Transaction tx212107 completed in 679ms,E104,Transaction {tx} completed in {time}ms
9589,2026-01-10,16:02:12,INFO,WebServer,User u2746 login successful,E101,User {user} login successful
9590,2026-01-10,16:51:26,INFO,AuthService,Transaction tx897865 completed in 72ms,E104,Transaction {tx} completed in {time}ms
9591,2026-01-10,16:57:36,INFO,WebServer,Health check passed: WebServer,E102,Health check passed: {service}
9592,2026-01-10,16:48:09,INFO,WebServer,Health check passed: WebServer,E102,Health check passed: {service}
9593,2026-01-10,16:36:41,INFO,WebServer,User u1232 login successful,E101,User {user} login successful
9594,2026-01-10,16:47:29,WARN,WebServer,High latency (1549ms) detected on WebServer,E201,High latency ({time}ms) detected on {service}
9595,2026-01-10,16:26:16,INFO,WebServer,Health check passed: WebServer,E102,Health check passed: {service}
9596,2026-01-10,16:51:29,INFO,PaymentGateway,Transaction tx467670 completed in 873ms,E104,Transaction {tx} completed in {time}ms
9597,2026-01-10,16:35:29,INFO,OrderProcessor,Page view: /home by u3301,E103,Page view: {page} by {user}
9598,2026-01-10,16:34:22,INFO,WebServer,Transaction tx567422 completed in 1202ms,E104,Transaction {tx} completed in {time}ms
9599,2026-01-10,16:16:33,INFO,WebServer,Health check passed: WebServer,E102,Health check passed: {service}
9600,2026-01-10,16:02:14,INFO,PaymentGateway,Health check passed: PaymentGateway,E102,Health check passed: {service}
9601,2026-01-10,16:26:02,INFO,AuthService,Health check passed: AuthService,E102,Health check passed: {service}
9602,2026-01-10,16:21:34,INFO,WebServer,Health check passed: WebServer,E102,Health check passed: {service}
9603,2026-01-10,16:35:52,WARN,OrderProcessor,High latency (885ms) detected on OrderProcessor,E201,High latency ({time}ms) detected on {service}
9604,2026-01-10,16:30:30,INFO,AuthService,Health check passed: AuthService,E102,Health check passed: {service}
9605,2026-01-10,16:24:57,INFO,PaymentGateway,User u1560 login successful,E101,User {user} login successful
9606,2026-01-10,16:03:29,INFO,WebServer,Page view: /home by u3459,E103,Page view: {page} by {user}
9607,2026-01-10,16:32:16,INFO,WebServer,User u4989 login successful,E101,User {user} login successful
9608,2026-01-10,16:22:31,INFO,WebServer,Page view: /home by u4903,E103,Page view: {page} by {user}
9609,2026-01-10,16:39:02,ERROR,OrderProcessor,Timeout waiting for lock on InventoryDB,E502,Timeout waiting for lock on {db}
9610,2026-01-10,16:26:26,INFO,WebServer,User u3213 login successful,E101,User {user} login successful
9611,2026-01-10,16:21:13,INFO,PaymentGateway,Transaction tx532626 completed in 591ms,E104,Transaction {tx} completed in {time}ms
9612,2026-01-10,16:09:53,INFO,WebServer,User u3422 login successful,E101,User {user} login successful
9613,2026-01-10,16:25:41,INFO,WebServer,Page view: /home by u1189,E103,Page view: {page} by {user}
9614,2026-01-10,16:55:44,INFO,PaymentGateway,User u3418 login successful,E101,User {user} login successful
9615,2026-01-10,16:26:26,INFO,AuthService,Health check passed: AuthService,E102,Health check passed: {service}
9616,2026-01-10,16:17:05,INFO,WebServer,User u1845 login successful,E101,User {user} login successful
9617,2026-01-10,16:25:29,INFO,WebServer,Transaction tx397055 completed in 1431ms,E104,Transaction {tx} completed in {time}ms
9618,2026-01-10,16:30:43,INFO,OrderProcessor,Transaction tx973717 completed in 1852ms,E104,Transaction {tx} completed in {time}ms
9619,2026-01-10,16:00:18,INFO,AuthService,Transaction tx885444 completed in 339ms,E104,Transaction {tx} completed in {time}ms
9620,2026-01-10,16:48:29,INFO,AuthService,Page view: /home by u4514,E103,Page view: {page} by {user}
9621,2026-01-10,16:26:11,INFO,OrderProcessor,Page view: /home by u4694,E103,Page view: {page} by {user}
9622,2026-01-10,16:29:27,INFO,OrderProcessor,Page view: /home by u1936,E103,Page view: {page} by {user}
9623,2026-01-10,16:34:04,INFO,WebServer,Transaction tx513240 completed in 1492ms,E104,Transaction {tx} completed in {time}ms
9624,2026-01-10,16:13:27,INFO,OrderProcessor,User u2828 login successful,E101,User {user} login successful
9625,2026-01-10,16:52:03,WARN,WebServer,High latency (1749ms) detected on WebServer,E201,High latency ({time}ms) detected on {service}
9626,2026-01-10,16:17:07,INFO,WebServer,Page view: /home by u2117,E103,Page view: {page} by {user}
9627,2026-01-10,16:24:37,INFO,WebServer,Page view: /home by u4701,E103,Page view: {page} by {user}
9628,2026-01-10,16:59:58,INFO,AuthService,Health check passed: AuthService,E102,Health check passed: {service}
9629,2026-01-10,16:49:31,INFO,OrderProcessor,Health check passed: OrderProcessor,E102,Health check passed: {service}
9630,2026-01-10,16:15:14,INFO,WebServer,User u3158 login successful,E101,User {user} login successful
9631,2026-01-10,16:26:14,INFO,WebServer,Page view: /home by u3921,E103,Page view: {page} by {user}
9632,2026-01-10,16:55:58,WARN,WebServer,High latency (1375ms) detected on WebServer,E201,High latency ({time}ms) detected on {service}
9633,2026-01-10,16:38:13,INFO,WebServer,Page view: /home by u1329,E103,Page view: {page} by {user}
9634,2026-01-10,16:36:11,INFO,WebServer,Page view: /home by u2488,E103,Page view: {page} by {user}
9635,2026-01-10,16:24:03,INFO,OrderProcessor,Page view: /home by u4750,E103,Page view: {page} by {user}
9636,2026-01-10,16:51:04,INFO,WebServer,Page view: /home by u2834,E103,Page view: {page} by {user}
9637,2026-01-10,16:48:40,INFO,AuthService,User u1132 login successful,E101,User {user} login successful
9638,2026-01-10,16:52:04,INFO,WebServer,Health check passed: WebServer,E102,Health check passed: {service}
9639,2026-01-10,16:58:16,INFO,PaymentGateway,Health check passed: PaymentGateway,E102,Health check passed: {service}
9640,2026-01-10,16:57:19,INFO,WebServer,Health check passed: WebServer,E102,Health check passed: {service}
9641,2026-01-10,16:39:35,WARN,AuthService,Unauthorized access attempt from 10.0.0.45,E401,Unauthorized access attempt from {ip}
9642,2026-01-10,16:03:51,INFO,WebServer,Transaction tx379901 completed in 978ms,E104,Transaction {tx} completed in {time}ms
9643,2026-01-10,16:29:27,INFO,WebServer,Health check passed: WebServer,E102,Health check passed: {service}
9644,2026-01-10,16:36:38,INFO,AuthService,Transaction tx941181 completed in 1023ms,E104,Transaction {tx} completed in {time}ms
9645,2026-01-10,16:25:10,INFO,OrderProcessor,Health check passed: OrderProcessor,E102,Health check passed: {service}
9646,2026-01-10,16:56:12,INFO,AuthService,User u1655 login successful,E101,User {user} login successful
9647,2026-01-10,16:21:35,INFO,WebServer,User u4562 login successful,E101,User {user} login successful
9648,2026-01-10,16:31:54,INFO,WebServer,Transaction tx829532 completed in 1455ms,E104,Transaction {tx} completed in {time}ms
9649,2026-01-10,16:55:54,INFO,WebServer,Transaction tx556491 completed in 1464ms,E104,Transaction {tx} completed in {time}ms
9650,2026-01-10,16:05:24,INFO,WebServer,Page view: /home by u2859,E103,Page view: {page} by {user}
9651,2026-01-10,16:48:31,INFO,WebServer,Page view: /home by u4571,E103,Page view: {page} by {user}
9652,2026-01-10,16:26:09,WARN,WebServer,Disk usage > 85% on node node-1,E202,Disk usage > 85% on node {node}
9653,2026-01-10,16:08:06,INFO,WebServer,Transaction tx986384 completed in 1987ms,E104,Transaction {tx} completed in {time}ms
9654,2026-01-10,16:31:31,INFO,WebServer,Transaction tx354070 completed in 1733ms,E104,Transaction {tx} completed in {time}ms
9655,2026-01-10,16:25:09,INFO,WebServer,Health check passed: WebServer,E102,Health check passed: {service}
9656,2026-01-10,16:43:57,INFO,WebServer,Health check passed: WebServer,E102,Health check passed: {service}
9657,2026-01-10,16:24:13,INFO,WebServer,User u4088 login successful,E101,User {user} login successful
9658,2026-01-10,16:54:28,INFO,WebServer,Page view: /home by u1515,E103,Page view: {page} by {user}
9659,2026-01-10,16:02:51,INFO,AuthService,User u4469 login successful,E101,User {user} login successful
9660,2026-01-10,16:24:46,INFO,AuthService,Page view: /home by u2736,E103,Page view: {page} by {user}
9661,2026-01-10,16:37:27,INFO,AuthService,Health check passed: AuthService,E102,Health check passed: {service}
9662,2026-01-10,16:21:03,INFO,PaymentGateway,Page view: /home by u1518,E103,Page view: {page} by {user}
9663,2026-01-10,16:08:59,INFO,AuthService,User u4671 login successful,E101,User {user} login successful
9664,2026-01-10,16:19:59,INFO,OrderProcessor,Transaction tx951956 completed in 498ms,E104,Transaction {tx} completed in {time}ms
9665,2026-01-10,16:47:58,WARN,WebServer,Disk usage > 85% on node node-5,E202,Disk usage > 85% on node {node}
9666,2026-01-10,16:51:19,INFO,WebServer,Page view: /home by u4297,E103,Page view: {page} by {user}
9667,2026-01-10,16:23:52,INFO,WebServer,Page view: /home by u3267,E103,Page view: {page} by {user}
9668,2026-01-10,16:46:42,INFO,AuthService,Health check passed: AuthService,E102,Health check passed: {service}
9669,2026-01-10,16:55:19,INFO,PaymentGateway,Transaction tx621422 completed in 87ms,E104,Transaction {tx} completed in {time}ms
9670,2026-01-10,16:13:10,INFO,WebServer,Transaction tx912363 completed in 361ms,E104,Transaction {tx} completed in {time}ms
9671,2026-01-10,16:46:08,INFO,AuthService,Transaction tx317636 completed in 1076ms,E104,Transaction {tx} completed in {time}ms
9672,2026-01-10,16:30:09,INFO,InventoryDB,Transaction tx287465 completed in 977ms,E104,Transaction {tx} completed in {time}ms
9673,2026-01-10,16:09:43,INFO,WebServer,Health check passed: WebServer,E102,Health check passed: {service}
9674,2026-01-10,16:10:09,INFO,WebServer,Health check passed: WebServer,E102,Health check passed: {service}
9675,2026-01-10,16:57:26,INFO,WebServer,Page view: /home by u3569,E103,Page view: {page} by {user}
9676,2026-01-10,16:07:22,INFO,AuthService,Health check passed: AuthService,E102,Health check passed: {service}
9677,2026-01-10,16:09:29,INFO,PaymentGateway,Page view: /home by u3377,E103,Page view: {page} by {user}
9678,2026-01-10,16:28:06,WARN,WebServer,Unauthorized access attempt from 10.0.0.45,E401,Unauthorized access attempt from {ip}
9679,2026-01-10,16:15:06,INFO,OrderProcessor,User u2017 login successful,E101,User {user} login successful
9680,2026-01-10,16:28:27,INFO,OrderProcessor,Health check passed: OrderProcessor,E102,Health check passed: {service}
9681,2026-01-10,16:17:11,INFO,WebServer,Page view: /home by u2996,E103,Page view: {page} by {user}
9682,2026-01-10,16:24:56,INFO,AuthService,User u1594 login successful,E101,User {user} login successful
9683,2026-01-10,16:01:51,INFO,WebServer,Page view: /home by u2881,E103,Page view: {page} by {user}
9684,2026-01-10,16:37:01,INFO,WebServer,User u3394 login successful,E101,User {user} login successful
9685,2026-01-10,16:01:10,INFO,WebServer,Health check passed: WebServer,E102,Health check passed: {service}
9686,2026-01-10,16:06:20,INFO,WebServer,Health check passed: WebServer,E102,Health check passed: {service}
9687,2026-01-10,16:06:49,INFO,WebServer,Health check passed: WebServer,E102,Health check passed: {service}
9688,2026-01-10,16:05:40,INFO,OrderProcessor,User u1068 login successful,E101,User {user} login successful
9689,2026-01-10,16:42:51,INFO,PaymentGateway,User u1016 login successful,E101,User {user} login successful
9690,2026-01-10,16:16:59,INFO,WebServer,Health check passed: WebServer,E102,Health check passed: {service}
9691,2026-01-10,16:56:48,INFO,WebServer,User u1116 login successful,E101,User {user} login successful
9692,2026-01-10,16:00:10,WARN,InventoryDB,Disk usage > 85% on node node-5,E202,Disk usage > 85% on node {node}
9693,2026-01-10,16:37:57,INFO,PaymentGateway,Transaction tx583859 completed in 587ms,E104,Transaction {tx} completed in {time}ms
9694,2026-01-10,16:46:26,WARN,WebServer,High latency (1698ms) detected on WebServer,E201,High latency ({time}ms) detected on {service}
9695,2026-01-10,16:50:57,INFO,AuthService,User u4432 login successful,E101,User {user} login successful
9696,2026-01-10,16:29:32,INFO,WebServer,Page view: /home by u1186,E103,Page view: {page} by {user}
9697,2026-01-10,16:53:14,INFO,WebServer,Page view: /home by u2285,E103,Page view: {page} by {user}
9698,2026-01-10,16:56:49,INFO,AuthService,User u1619 login successful,E101,User {user} login successful
9699,2026-01-10,16:25:06,CRITICAL,OrderProcessor,KERNEL PANIC: Node node-4 crashed,E601,KERNEL PANIC: Node {node} crashed
9700,2026-01-10,16:22:11,INFO,AuthService,Health check passed: AuthService,E102,Health check passed: {service}
9701,2026-01-10,16:40:34,INFO,AuthService,Transaction tx391775 completed in 156ms,E104,Transaction {tx} completed in {time}ms
9702,2026-01-10,16:43:24,INFO,WebServer,Page view: /home by u3713,E103,Page view: {page} by {user}
9703,2026-01-10,16:33:26,INFO,WebServer,User u1953 login successful,E101,User {user} login successful
9704,2026-01-10,16:17:33,INFO,AuthService,User u3451 login successful,E101,User {user} login successful
9705,2026-01-10,16:41:59,INFO,WebServer,Page view: /home by u3328,E103,Page view: {page} by {user}
9706,2026-01-10,16:06:32,INFO,WebServer,Transaction tx722105 completed in 226ms,E104,Transaction {tx} completed in {time}ms
9707,2026-01-10,16:42:03,INFO,WebServer,Health check passed: WebServer,E102,Health check passed: {service}
9708,2026-01-10,16:07:48,INFO,AuthService,Page view: /home by u3816,E103,Page view: {page} by {user}
9709,2026-01-10,16:35:20,INFO,InventoryDB,User u1306 login successful,E101,User {user} login successful
9710,2026-01-10,16:28:55,INFO,AuthService,User u2291 login successful,E101,User {user} login successful
9711,2026-01-10,16:07:40,WARN,WebServer,Unauthorized access attempt from 10.0.0.45,E401,Unauthorized access attempt from {ip}
9712,2026-01-10,16:04:51,INFO,WebServer,Transaction tx864818 completed in 1846ms,E104,Transaction {tx} completed in {time}ms
9713,2026-01-10,16:37:51,INFO,WebServer,Health check passed: WebServer,E102,Health check passed: {service}
9714,2026-01-10,16:52:53,INFO,AuthService,Transaction tx790693 completed in 255ms,E104,Transaction {tx} completed in {time}ms
9715,2026-01-10,16:45:49,INFO,AuthService,Health check passed: AuthService,E102,Health check passed: {service}
9716,2026-01-10,16:03:07,INFO,PaymentGateway,Transaction tx592311 completed in 1391ms,E104,Transaction {tx} completed in {time}ms
9717,2026-01-10,16:34:24,INFO,OrderProcessor,Transaction tx802804 completed in 510ms,E104,Transaction {tx} completed in {time}ms
9718,2026-01-10,16:48:01,INFO,OrderProcessor,Page view: /home by u1775,E103,Page view: {page} by {user}
9719,2026-01-10,16:56:53,ERROR,WebServer,Timeout waiting for lock on InventoryDB,E502,Timeout waiting for lock on {db}
9720,2026-01-10,16:53:49,INFO,WebServer,Health check passed: WebServer,E102,Health check passed: {service}
9721,2026-01-10,16:14:45,INFO,PaymentGateway,Transaction tx858712 completed in 1674ms,E104,Transaction {tx} completed in {time}ms
9722,2026-01-10,16:36:48,INFO,AuthService,Health check passed: AuthService,E102,Health check passed: {service}
9723,2026-01-10,16:48:52,WARN,InventoryDB,Disk usage > 85% on node node-3,E202,Disk usage > 85% on node {node}
9724,2026-01-10,16:02:56,INFO,OrderProcessor,Page view: /home by u3420,E103,Page view: {page} by {user}
9725,2026-01-10,16:57:03,INFO,WebServer,Page view: /home by u3786,E103,Page view: {page} by {user}
9726,2026-01-10,16:56:22,INFO,WebServer,Page view: /home by u1068,E103,Page view: {page} by {user}
9727,2026-01-10,16:47:15,INFO,PaymentGateway,Transaction tx446071 completed in 1647ms,E104,Transaction {tx} completed in {time}ms
9728,2026-01-10,16:51:10,INFO,WebServer,User u1554 login successful,E101,User {user} login successful
9729,2026-01-10,16:39:27,INFO,OrderProcessor,Transaction tx944556 completed in 1140ms,E104,Transaction {tx} completed in {time}ms
9730,2026-01-10,16:23:01,INFO,AuthService,Page view: /home by u2751,E103,Page view: {page} by {user}
9731,2026-01-10,16:39:13,INFO,AuthService,Transaction tx464706 completed in 763ms,E104,Transaction {tx} completed in {time}ms
9732,2026-01-10,16:14:56,INFO,WebServer,Page view: /home by u1768,E103,Page view: {page} by {user}
9733,2026-01-10,16:21:24,ERROR,WebServer,Payment declined: Gateway unavailable,E503,Payment declined: Gateway unavailable
9734,2026-01-10,16:41:27,WARN,AuthService,Disk usage > 85% on node node-3,E202,Disk usage > 85% on node {node}
9735,2026-01-10,16:45:31,INFO,WebServer,Health check passed: WebServer,E102,Health check passed: {service}
9736,2026-01-10,16:34:48,INFO,WebServer,User u3201 login successful,E101,User {user} login successful
9737,2026-01-10,16:18:31,INFO,WebServer,Health check passed: WebServer,E102,Health check passed: {service}
9738,2026-01-10,16:47:20,INFO,WebServer,Transaction tx374623 completed in 132ms,E104,Transaction {tx} completed in {time}ms
9739,2026-01-10,16:11:50,INFO,OrderProcessor,Transaction tx532643 completed in 1789ms,E104,Transaction {tx} completed in {time}ms
9740,2026-01-10,16:19:08,INFO,WebServer,User u1750 login successful,E101,User {user} login successful
9741,2026-01-10,16:26:47,WARN,WebServer,High latency (436ms) detected on WebServer,E201,High latency ({time}ms) detected on {service}
9742,2026-01-10,16:51:55,INFO,WebServer,Transaction tx498022 completed in 1208ms,E104,Transaction {tx} completed in {time}ms
9743,2026-01-10,16:56:04,INFO,WebServer,Health check passed: WebServer,E102,Health check passed: {service}
9744,2026-01-10,16:55:23,INFO,AuthService,Transaction tx440177 completed in 294ms,E104,Transaction {tx} completed in {time}ms
9745,2026-01-10,16:00:11,INFO,WebServer,User u3245 login successful,E101,User {user} login successful
9746,2026-01-10,16:32:14,INFO,OrderProcessor,Page view: /home by u4897,E103,Page view: {page} by {user}
9747,2026-01-10,16:46:04,INFO,AuthService,User u4855 login successful,E101,User {user} login successful
9748,2026-01-10,16:45:13,INFO,WebServer,User u4168 login successful,E101,User {user} login successful
9749,2026-01-10,16:03:42,INFO,WebServer,Transaction tx120764 completed in 842ms,E104,Transaction {tx} completed in {time}ms
9750,2026-01-10,16:41:11,INFO,WebServer,User u4102 login successful,E101,User {user} login successful
9751,2026-01-10,16:05:24,INFO,PaymentGateway,Health check passed: PaymentGateway,E102,Health check passed: {service}
9752,2026-01-10,16:25:22,INFO,OrderProcessor,Transaction tx518937 completed in 1647ms,E104,Transaction {tx} completed in {time}ms
9753,2026-01-10,16:36:07,INFO,InventoryDB,Transaction tx591167 completed in 838ms,E104,Transaction {tx} completed in {time}ms
9754,2026-01-10,16:21:57,INFO,InventoryDB,Page view: /home by u1623,E103,Page view: {page} by {user}
9755,2026-01-10,16:15:45,INFO,WebServer,User u3163 login successful,E101,User {user} login successful
9756,2026-01-10,16:31:02,INFO,OrderProcessor,Health check passed: OrderProcessor,E102,Health check passed: {service}
9757,2026-01-10,16:43:15,INFO,WebServer,Health check passed: WebServer,E102,Health check passed: {service}
9758,2026-01-10,16:30:24,INFO,PaymentGateway,User u2015 login successful,E101,User {user} login successful
9759,2026-01-10,16:25:51,INFO,WebServer,Page view: /home by u2700,E103,Page view: {page} by {user}
9760,2026-01-10,16:53:35,INFO,OrderProcessor,Page view: /home by u4595,E103,Page view: {page} by {user}
9761,2026-01-10,16:10:11,INFO,OrderProcessor,Page view: /home by u2871,E103,Page view: {page} by {user}
9762,2026-01-10,16:49:31,INFO,WebServer,Page view: /home by u4780,E103,Page view: {page} by {user}
9763,2026-01-10,16:08:37,INFO,OrderProcessor,Page view: /home by u1067,E103,Page view: {page} by {user}
9764,2026-01-10,16:27:08,INFO,WebServer,User u2769 login successful,E101,User {user} login successful
9765,2026-01-10,16:40:40,INFO,AuthService,Transaction tx333057 completed in 556ms,E104,Transaction {tx} completed in {time}ms
9766,2026-01-10,16:51:22,INFO,WebServer,Health check passed: WebServer,E102,Health check passed: {service}
9767,2026-01-10,16:37:32,INFO,WebServer,Health check passed: WebServer,E102,Health check passed: {service}
9768,2026-01-10,16:27:17,INFO,WebServer,User u4080 login successful,E101,User {user} login successful
9769,2026-01-10,16:03:01,INFO,AuthService,Page view: /home by u4794,E103,Page view: {page} by {user}
9770,2026-01-10,16:48:19,INFO,AuthService,Page view: /home by u3289,E103,Page view: {page} by {user}
9771,2026-01-10,16:50:08,INFO,WebServer,Health check passed: WebServer,E102,Health check passed: {service}
9772,2026-01-10,16:58:36,INFO,WebServer,Transaction tx832595 completed in 1920ms,E104,Transaction {tx} completed in {time}ms
9773,2026-01-10,16:16:23,INFO,OrderProcessor,User u3507 login successful,E101,User {user} login successful
9774,2026-01-10,16:23:04,INFO,OrderProcessor,Transaction tx187261 completed in 636ms,E104,Transaction {tx} completed in {time}ms
9775,2026-01-10,16:36:10,INFO,PaymentGateway,Page view: /home by u4054,E103,Page view: {page} by {user}
9776,2026-01-10,16:01:17,INFO,AuthService,Transaction tx828189 completed in 1440ms,E104,Transaction {tx} completed in {time}ms
9777,2026-01-10,16:57:03,INFO,WebServer,User u1166 login successful,E101,User {user} login successful
9778,2026-01-10,16:10:00,INFO,WebServer,Health check passed: WebServer,E102,Health check passed: {service}
9779,2026-01-10,16:08:08,WARN,AuthService,Disk usage > 85% on node node-3,E202,Disk usage > 85% on node {node}
9780,2026-01-10,16:58:18,INFO,WebServer,Page view: /home by u2097,E103,Page view: {page} by {user}
9781,2026-01-10,16:32:57,INFO,WebServer,Transaction tx707512 completed in 286ms,E104,Transaction {tx} completed in {time}ms
9782,2026-01-10,16:42:46,INFO,OrderProcessor,Page view: /home by u1223,E103,Page view: {page} by {user}
9783,2026-01-10,16:51:48,INFO,WebServer,Page view: /home by u1751,E103,Page view: {page} by {user}
9784,2026-01-10,16:14:44,INFO,OrderProcessor,Health check passed: OrderProcessor,E102,Health check passed: {service}
9785,2026-01-10,16:02:14,INFO,AuthService,Transaction tx257563 completed in 1951ms,E104,Transaction {tx} completed in {time}ms
9786,2026-01-10,16:17:50,INFO,WebServer,Page view: /home by u4148,E103,Page view: {page} by {user}
9787,2026-01-10,16:46:38,WARN,PaymentGateway,Unauthorized access attempt from 10.0.0.88,E401,Unauthorized access attempt from {ip}
9788,2026-01-10,16:41:07,INFO,WebServer,Page view: /home by u1916,E103,Page view: {page} by {user}
9789,2026-01-10,16:05:43,INFO,WebServer,Health check passed: WebServer,E102,Health check passed: {service}
9790,2026-01-10,16:54:02,INFO,WebServer,User u3071 login successful,E101,User {user} login successful
9791,2026-01-10,16:18:10,INFO,WebServer,Health check passed: WebServer,E102,Health check passed: {service}
9792,2026-01-10,16:16:10,INFO,PaymentGateway,Health check passed: PaymentGateway,E102,Health check passed: {service}
9793,2026-01-10,16:11:08,INFO,AuthService,Page view: /home by u3037,E103,Page view: {page} by {user}
9794,2026-01-10,16:49:20,INFO,OrderProcessor,Page view: /home by u1583,E103,Page view: {page} by {user}
9795,2026-01-10,16:38:38,INFO,WebServer,Page view: /home by u4113,E103,Page view: {page} by {user}
9796,2026-01-10,16:49:13,INFO,AuthService,Health check passed: AuthService,E102,Health check passed: {service}
9797,2026-01-10,16:01:15,INFO,OrderProcessor,User u2448 login successful,E101,User {user} login successful
9798,2026-01-10,16:54:04,INFO,WebServer,Page view: /home by u1787,E103,Page view: {page} by {user}
9799,2026-01-10,16:38:02,INFO,InventoryDB,User u2398 login successful,E101,User {user} login successful
9800,2026-01-10,16:34:45,INFO,WebServer,Health check passed: WebServer,E102,Health check passed: {service}
9801,2026-01-10,16:12:43,INFO,PaymentGateway,Health check passed: PaymentGateway,E102,Health check passed: {service}
9802,2026-01-10,16:07:58,INFO,WebServer,Health check passed: WebServer,E102,Health check passed: {service}
9803,2026-01-10,16:26:00,INFO,OrderProcessor,Health check passed: OrderProcessor,E102,Health check passed: {service}
9804,2026-01-10,16:43:25,INFO,InventoryDB,Page view: /home by u2531,E103,Page view: {page} by {user}
9805,2026-01-10,16:50:24,INFO,WebServer,User u3039 login successful,E101,User {user} login successful
9806,2026-01-10,16:41:58,INFO,AuthService,Page view: /home by u3574,E103,Page view: {page} by {user}
9807,2026-01-10,16:08:53,INFO,WebServer,Page view: /home by u1499,E103,Page view: {page} by {user}
9808,2026-01-10,16:34:28,WARN,WebServer,Disk usage > 85% on node node-5,E202,Disk usage > 85% on node {node}
9809,2026-01-10,16:35:44,WARN,WebServer,Unauthorized access attempt from 10.0.0.12,E401,Unauthorized access attempt from {ip}
9810,2026-01-10,16:01:00,WARN,WebServer,Disk usage > 85% on node node-2,E202,Disk usage > 85% on node {node}
9811,2026-01-10,16:50:55,INFO,OrderProcessor,Page view: /home by u4256,E103,Page view: {page} by {user}
9812,2026-01-10,16:12:08,INFO,WebServer,Health check passed: WebServer,E102,Health check passed: {service}
9813,2026-01-10,16:48:07,INFO,WebServer,Page view: /home by u4103,E103,Page view: {page} by {user}
9814,2026-01-10,16:00:32,INFO,WebServer,Page view: /home by u3940,E103,Page view: {page} by {user}
9815,2026-01-10,16:10:14,INFO,AuthService,Health check passed: AuthService,E102,Health check passed: {service}
9816,2026-01-10,16:53:00,INFO,PaymentGateway,Transaction tx830588 completed in 1890ms,E104,Transaction {tx} completed in {time}ms
9817,2026-01-10,16:11:21,INFO,WebServer,Page view: /home by u4739,E103,Page view: {page} by {user}
9818,2026-01-10,16:50:17,INFO,WebServer,Page view: /home by u4782,E103,Page view: {page} by {user}
9819,2026-01-10,16:31:47,WARN,WebServer,High latency (1504ms) detected on WebServer,E201,High latency ({time}ms) detected on {service}
9820,2026-01-10,16:58:06,INFO,AuthService,Page view: /home by u3646,E103,Page view: {page} by {user}
9821,2026-01-10,16:10:38,INFO,PaymentGateway,User u3321 login successful,E101,User {user} login successful
9822,2026-01-10,16:53:56,INFO,WebServer,Page view: /home by u3652,E103,Page view: {page} by {user}
9823,2026-01-10,16:47:41,INFO,OrderProcessor,User u4765 login successful,E101,User {user} login successful
9824,2026-01-10,16:55:33,INFO,OrderProcessor,Health check passed: OrderProcessor,E102,Health check passed: {service}
9825,2026-01-10,16:57:02,INFO,InventoryDB,Health check passed: InventoryDB,E102,Health check passed: {service}
9826,2026-01-10,16:23:50,INFO,WebServer,Transaction tx789092 completed in 1413ms,E104,Transaction {tx} completed in {time}ms
9827,2026-01-10,16:35:42,INFO,WebServer,User u2607 login successful,E101,User {user} login successful
9828,2026-01-10,16:40:42,INFO,AuthService,Page view: /home by u4215,E103,Page view: {page} by {user}
9829,2026-01-10,16:22:16,INFO,OrderProcessor,Health check passed: OrderProcessor,E102,Health check passed: {service}
9830,2026-01-10,16:22:25,INFO,WebServer,User u2668 login successful,E101,User {user} login successful
9831,2026-01-10,16:39:53,INFO,AuthService,User u4063 login successful,E101,User {user} login successful
9832,2026-01-10,16:12:17,INFO,WebServer,Health check passed: WebServer,E102,Health check passed: {service}
9833,2026-01-10,16:49:26,INFO,WebServer,Page view: /home by u3847,E103,Page view: {page} by {user}
9834,2026-01-10,16:50:23,INFO,AuthService,User u3988 login successful,E101,User {user} login successful
9835,2026-01-10,16:04:44,INFO,PaymentGateway,Transaction tx755049 completed in 1502ms,E104,Transaction {tx} completed in {time}ms
9836,2026-01-10,16:15:34,INFO,WebServer,User u4763 login successful,E101,User {user} login successful
9837,2026-01-10,16:44:46,INFO,AuthService,User u2070 login successful,E101,User {user} login successful
9838,2026-01-10,16:13:05,INFO,AuthService,Page view: /home by u4540,E103,Page view: {page} by {user}
9839,2026-01-10,16:52:43,INFO,AuthService,Transaction tx220740 completed in 658ms,E104,Transaction {tx} completed in {time}ms
9840,2026-01-10,16:57:52,INFO,PaymentGateway,Page view: /home by u2854,E103,Page view: {page} by {user}
9841,2026-01-10,16:34:45,INFO,AuthService,Transaction tx234085 completed in 1713ms,E104,Transaction {tx} completed in {time}ms
9842,2026-01-10,16:04:41,INFO,WebServer,User u1866 login successful,E101,User {user} login successful
9843,2026-01-10,16:09:11,INFO,WebServer,User u3963 login successful,E101,User {user} login successful
9844,2026-01-10,16:10:11,INFO,PaymentGateway,Page view: /home by u4573,E103,Page view: {page} by {user}
9845,2026-01-10,16:24:26,INFO,OrderProcessor,User u4709 login successful,E101,User {user} login successful
9846,2026-01-10,16:58:55,INFO,PaymentGateway,Page view: /home by u2491,E103,Page view: {page} by {user}
9847,2026-01-10,16:37:20,INFO,WebServer,Health check passed: WebServer,E102,Health check passed: {service}
9848,2026-01-10,16:16:00,INFO,OrderProcessor,Health check passed: OrderProcessor,E102,Health check passed: {service}
9849,2026-01-10,16:42:58,INFO,WebServer,User u1476 login successful,E101,User {user} login successful
9850,2026-01-10,16:17:29,INFO,AuthService,Health check passed: AuthService,E102,Health check passed: {service}
9851,2026-01-10,16:37:21,INFO,WebServer,Page view: /home by u2623,E103,Page view: {page} by {user}
9852,2026-01-10,16:33:55,INFO,AuthService,Health check passed: AuthService,E102,Health check passed: {service}
9853,2026-01-10,16:15:47,INFO,WebServer,User u4474 login successful,E101,User {user} login successful
9854,2026-01-10,16:41:51,INFO,WebServer,Transaction tx338556 completed in 1206ms,E104,Transaction {tx} completed in {time}ms
9855,2026-01-10,16:03:30,INFO,WebServer,Transaction tx210848 completed in 1925ms,E104,Transaction {tx} completed in {time}ms
9856,2026-01-10,16:54:59,INFO,AuthService,User u4804 login successful,E101,User {user} login successful
9857,2026-01-10,16:39:50,INFO,WebServer,Page view: /home by u2756,E103,Page view: {page} by {user}
9858,2026-01-10,16:22:30,INFO,WebServer,Health check passed: WebServer,E102,Health check passed: {service}
9859,2026-01-10,16:27:50,INFO,WebServer,Transaction tx367344 completed in 211ms,E104,Transaction {tx} completed in {time}ms
9860,2026-01-10,16:20:31,INFO,PaymentGateway,Transaction tx656423 completed in 1787ms,E104,Transaction {tx} completed in {time}ms
9861,2026-01-10,16:36:01,INFO,WebServer,Page view: /home by u2141,E103,Page view: {page} by {user}
9862,2026-01-10,16:50:45,INFO,AuthService,Transaction tx388551 completed in 459ms,E104,Transaction {tx} completed in {time}ms
9863,2026-01-10,16:15:23,INFO,AuthService,Page view: /home by u4863,E103,Page view: {page} by {user}
9864,2026-01-10,16:21:38,INFO,AuthService,Page view: /home by u3737,E103,Page view: {page} by {user}
9865,2026-01-10,16:07:34,INFO,OrderProcessor,Page view: /home by u4875,E103,Page view: {page} by {user}
9866,2026-01-10,16:09:51,INFO,AuthService,Transaction tx157065 completed in 684ms,E104,Transaction {tx} completed in {time}ms
9867,2026-01-10,16:59:24,INFO,AuthService,Transaction tx743564 completed in 778ms,E104,Transaction {tx} completed in {time}ms
9868,2026-01-10,16:38:18,INFO,AuthService,Transaction tx796381 completed in 1419ms,E104,Transaction {tx} completed in {time}ms
9869,2026-01-10,16:33:05,INFO,AuthService,Health check passed: AuthService,E102,Health check passed: {service}
9870,2026-01-10,16:13:07,INFO,PaymentGateway,User u4672 login successful,E101,User {user} login successful
9871,2026-01-10,16:26:16,INFO,WebServer,Transaction tx945901 completed in 825ms,E104,Transaction {tx} completed in {time}ms
9872,2026-01-10,16:21:46,INFO,PaymentGateway,Transaction tx209956 completed in 1257ms,E104,Transaction {tx} completed in {time}ms
9873,2026-01-10,16:58:09,INFO,WebServer,User u3862 login successful,E101,User {user} login successful
9874,2026-01-10,16:52:45,INFO,OrderProcessor,Health check passed: OrderProcessor,E102,Health check passed: {service}
9875,2026-01-10,16:39:48,INFO,AuthService,Page view: /home by u3842,E103,Page view: {page} by {user}
9876,2026-01-10,16:25:47,INFO,WebServer,User u1420 login successful,E101,User {user} login successful
9877,2026-01-10,16:15:07,INFO,AuthService,Page view: /home by u2734,E103,Page view: {page} by {user}
9878,2026-01-10,16:13:28,INFO,AuthService,Health check passed: AuthService,E102,Health check passed: {service}
9879,2026-01-10,16:37:56,INFO,WebServer,Page view: /home by u2645,E103,Page view: {page} by {user}
9880,2026-01-10,16:56:13,INFO,OrderProcessor,User u4893 login successful,E101,User {user} login successful
9881,2026-01-10,16:56:25,INFO,PaymentGateway,Page view: /home by u1156,E103,Page view: {page} by {user}
9882,2026-01-10,16:34:18,INFO,WebServer,User u2090 login successful,E101,User {user} login successful
9883,2026-01-10,16:24:03,INFO,AuthService,Transaction tx540496 completed in 1184ms,E104,Transaction {tx} completed in {time}ms
9884,2026-01-10,16:24:34,INFO,WebServer,Transaction tx509773 completed in 1935ms,E104,Transaction {tx} completed in {time}ms
9885,2026-01-10,16:44:25,INFO,WebServer,Health check passed: WebServer,E102,Health check passed: {service}
9886,2026-01-10,16:22:30,INFO,OrderProcessor,User u4649 login successful,E101,User {user} login successful
9887,2026-01-10,16:10:42,INFO,WebServer,Transaction tx968047 completed in 1533ms,E104,Transaction {tx} completed in {time}ms
9888,2026-01-10,16:34:04,INFO,WebServer,Health check passed: WebServer,E102,Health check passed: {service}
9889,2026-01-10,16:14:52,INFO,WebServer,Health check passed: WebServer,E102,Health check passed: {service}
9890,2026-01-10,16:54:42,INFO,AuthService,Transaction tx112662 completed in 1252ms,E104,Transaction {tx} completed in {time}ms
9891,2026-01-10,16:05:59,WARN,AuthService,Disk usage > 85% on node node-2,E202,Disk usage > 85% on node {node}
9892,2026-01-10,16:43:27,INFO,WebServer,User u2268 login successful,E101,User {user} login successful
9893,2026-01-10,16:58:47,INFO,WebServer,User u2090 login successful,E101,User {user} login successful
9894,2026-01-10,16:31:31,INFO,OrderProcessor,Health check passed: OrderProcessor,E102,Health check passed: {service}
9895,2026-01-10,16:38:59,INFO,AuthService,Page view: /home by u3179,E103,Page view: {page} by {user}
9896,2026-01-10,16:52:36,INFO,PaymentGateway,Health check passed: PaymentGateway,E102,Health check passed: {service}
9897,2026-01-10,16:20:48,INFO,OrderProcessor,Transaction tx490397 completed in 426ms,E104,Transaction {tx} completed in {time}ms
9898,2026-01-10,16:35:20,INFO,WebServer,User u3535 login successful,E101,User {user} login successful
9899,2026-01-10,16:33:41,INFO,WebServer,Health check passed: WebServer,E102,Health check passed: {service}
9900,2026-01-10,16:44:39,INFO,WebServer,Page view: /home by u4891,E103,Page view: {page} by {user}
9901,2026-01-10,16:21:15,INFO,InventoryDB,User u3464 login successful,E101,User {user} login successful
9902,2026-01-10,16:33:23,INFO,WebServer,Transaction tx118346 completed in 865ms,E104,Transaction {tx} completed in {time}ms
9903,2026-01-10,16:31:09,INFO,WebServer,Page view: /home by u2896,E103,Page view: {page} by {user}
9904,2026-01-10,16:39:58,INFO,WebServer,Health check passed: WebServer,E102,Health check passed: {service}
9905,2026-01-10,16:27:00,INFO,WebServer,Page view: /home by u2786,E103,Page view: {page} by {user}
9906,2026-01-10,16:04:40,WARN,WebServer,High latency (839ms) detected on WebServer,E201,High latency ({time}ms) detected on {service}
9907,2026-01-10,16:15:09,INFO,OrderProcessor,User u3350 login successful,E101,User {user} login successful
9908,2026-01-10,16:53:30,WARN,WebServer,Unauthorized access attempt from 10.0.0.10,E401,Unauthorized access attempt from {ip}
9909,2026-01-10,16:23:55,INFO,WebServer,Health check passed: WebServer,E102,Health check passed: {service}
9910,2026-01-10,16:33:45,INFO,OrderProcessor,Transaction tx637649 completed in 1191ms,E104,Transaction {tx} completed in {time}ms
9911,2026-01-10,16:38:51,INFO,AuthService,User u4118 login successful,E101,User {user} login successful
9912,2026-01-10,16:07:45,INFO,WebServer,User u3160 login successful,E101,User {user} login successful
9913,2026-01-10,16:06:47,INFO,AuthService,Transaction tx532900 completed in 517ms,E104,Transaction {tx} completed in {time}ms
9914,2026-01-10,16:22:39,INFO,PaymentGateway,Health check passed: PaymentGateway,E102,Health check passed: {service}
9915,2026-01-10,16:12:39,INFO,WebServer,Page view: /home by u2556,E103,Page view: {page} by {user}
9916,2026-01-10,16:20:37,INFO,OrderProcessor,Page view: /home by u3100,E103,Page view: {page} by {user}
9917,2026-01-10,16:27:36,INFO,WebServer,Page view: /home by u2606,E103,Page view: {page} by {user}
9918,2026-01-10,16:25:21,INFO,WebServer,Page view: /home by u1989,E103,Page view: {page} by {user}
9919,2026-01-10,16:35:51,INFO,WebServer,Page view: /home by u2081,E103,Page view: {page} by {user}
9920,2026-01-10,16:11:13,INFO,WebServer,Page view: /home by u2790,E103,Page view: {page} by {user}
9921,2026-01-10,16:49:06,INFO,WebServer,Transaction tx664045 completed in 150ms,E104,Transaction {tx} completed in {time}ms
9922,2026-01-10,16:01:55,INFO,InventoryDB,Transaction tx668208 completed in 417ms,E104,Transaction {tx} completed in {time}ms
9923,2026-01-10,16:42:28,INFO,AuthService,Health check passed: AuthService,E102,Health check passed: {service}
9924,2026-01-10,16:35:57,INFO,AuthService,Health check passed: AuthService,E102,Health check passed: {service}
9925,2026-01-10,16:56:48,INFO,InventoryDB,Health check passed: InventoryDB,E102,Health check passed: {service}
9926,2026-01-10,16:50:23,INFO,WebServer,Health check passed: WebServer,E102,Health check passed: {service}
9927,2026-01-10,16:48:44,INFO,InventoryDB,User u4840 login successful,E101,User {user} login successful
9928,2026-01-10,16:36:22,INFO,AuthService,Page view: /home by u2791,E103,Page view: {page} by {user}
9929,2026-01-10,16:25:00,ERROR,WebServer,Connection refused to WebServer at 10.0.0.45,E501,Connection refused to {service} at {ip}
9930,2026-01-10,16:13:23,INFO,WebServer,Transaction tx111995 completed in 235ms,E104,Transaction {tx} completed in {time}ms
9931,2026-01-10,16:05:25,WARN,PaymentGateway,Unauthorized access attempt from 10.0.0.10,E401,Unauthorized access attempt from {ip}
9932,2026-01-10,16:33:35,INFO,WebServer,Transaction tx662217 completed in 1021ms,E104,Transaction {tx} completed in {time}ms
9933,2026-01-10,16:14:26,INFO,WebServer,Health check passed: WebServer,E102,Health check passed: {service}
9934,2026-01-10,16:13:15,INFO,OrderProcessor,User u3909 login successful,E101,User {user} login successful
9935,2026-01-10,16:30:04,INFO,WebServer,Transaction tx528083 completed in 1179ms,E104,Transaction {tx} completed in {time}ms
9936,2026-01-10,16:07:07,INFO,WebServer,Health check passed: WebServer,E102,Health check passed: {service}
9937,2026-01-10,16:47:36,INFO,WebServer,User u1898 login successful,E101,User {user} login successful
9938,2026-01-10,16:31:09,INFO,WebServer,Transaction tx216316 completed in 1259ms,E104,Transaction {tx} completed in {time}ms
9939,2026-01-10,16:36:37,INFO,AuthService,Page view: /home by u2936,E103,Page view: {page} by {user}
9940,2026-01-10,16:37:45,INFO,OrderProcessor,User u1154 login successful,E101,User {user} login successful
9941,2026-01-10,16:52:09,INFO,WebServer,Transaction tx169703 completed in 1354ms,E104,Transaction {tx} completed in {time}ms
9942,2026-01-10,16:11:12,INFO,AuthService,User u3791 login successful,E101,User {user} login successful
9943,2026-01-10,16:18:20,INFO,InventoryDB,Page view: /home by u2018,E103,Page view: {page} by {user}
9944,2026-01-10,16:56:00,INFO,WebServer,Page view: /home by u4882,E103,Page view: {page} by {user}
9945,2026-01-10,16:48:22,INFO,WebServer,Health check passed: WebServer,E102,Health check passed: {service}
9946,2026-01-10,16:07:52,INFO,PaymentGateway,User u4139 login successful,E101,User {user} login successful
9947,2026-01-10,16:37:22,INFO,WebServer,User u1700 login successful,E101,User {user} login successful
9948,2026-01-10,16:55:41,INFO,WebServer,User u4786 login successful,E101,User {user} login successful
9949,2026-01-10,16:14:15,INFO,AuthService,Page view: /home by u4921,E103,Page view: {page} by {user}
9950,2026-01-10,16:36:46,INFO,OrderProcessor,Health check passed: OrderProcessor,E102,Health check passed: {service}
9951,2026-01-10,16:09:25,INFO,WebServer,Health check passed: WebServer,E102,Health check passed: {service}
9952,2026-01-10,16:38:49,INFO,AuthService,Health check passed: AuthService,E102,Health check passed: {service}
9953,2026-01-10,16:01:59,INFO,WebServer,Health check passed: WebServer,E102,Health check passed: {service}
9954,2026-01-10,16:49:17,INFO,WebServer,User u1322 login successful,E101,User {user} login successful
9955,2026-01-10,16:29:35,INFO,WebServer,Transaction tx933773 completed in 1168ms,E104,Transaction {tx} completed in {time}ms
9956,2026-01-10,16:05:13,INFO,WebServer,Page view: /home by u1366,E103,Page view: {page} by {user}
9957,2026-01-10,16:49:14,INFO,OrderProcessor,Transaction tx775093 completed in 539ms,E104,Transaction {tx} completed in {time}ms
9958,2026-01-10,16:24:54,INFO,AuthService,Transaction tx623185 completed in 1558ms,E104,Transaction {tx} completed in {time}ms
9959,2026-01-10,16:02:01,INFO,WebServer,Page view: /home by u2945,E103,Page view: {page} by {user}
9960,2026-01-10,16:04:30,INFO,OrderProcessor,Page view: /home by u3609,E103,Page view: {page} by {user}
9961,2026-01-10,16:26:20,INFO,WebServer,Health check passed: WebServer,E102,Health check passed: {service}
9962,2026-01-10,16:21:27,INFO,WebServer,Health check passed: WebServer,E102,Health check passed: {service}
9963,2026-01-10,16:24:37,INFO,PaymentGateway,Health check passed: PaymentGateway,E102,Health check passed: {service}
9964,2026-01-10,16:09:14,INFO,AuthService,Health check passed: AuthService,E102,Health check passed: {service}
9965,2026-01-10,16:37:15,INFO,OrderProcessor,Page view: /home by u1622,E103,Page view: {page} by {user}
9966,2026-01-10,16:14:08,INFO,WebServer,Transaction tx425096 completed in 1235ms,E104,Transaction {tx} completed in {time}ms
9967,2026-01-10,16:52:28,INFO,AuthService,Page view: /home by u2112,E103,Page view: {page} by {user}
9968,2026-01-10,16:02:02,INFO,WebServer,Transaction tx146044 completed in 243ms,E104,Transaction {tx} completed in {time}ms
9969,2026-01-10,16:59:08,INFO,WebServer,User u4293 login successful,E101,User {user} login successful
9970,2026-01-10,16:36:16,WARN,WebServer,High latency (821ms) detected on WebServer,E201,High latency ({time}ms) detected on {service}
9971,2026-01-10,16:48:54,INFO,AuthService,Transaction tx538195 completed in 1602ms,E104,Transaction {tx} completed in {time}ms
9972,2026-01-10,16:20:04,INFO,PaymentGateway,User u1144 login successful,E101,User {user} login successful
9973,2026-01-10,16:16:19,INFO,WebServer,Health check passed: WebServer,E102,Health check passed: {service}
9974,2026-01-10,16:13:27,INFO,WebServer,Health check passed: WebServer,E102,Health check passed: {service}
9975,2026-01-10,16:24:39,INFO,WebServer,User u3726 login successful,E101,User {user} login successful
9976,2026-01-10,16:25:20,WARN,InventoryDB,Unauthorized access attempt from 10.0.0.45,E401,Unauthorized access attempt from {ip}
9977,2026-01-10,16:31:41,INFO,WebServer,Transaction tx108490 completed in 1563ms,E104,Transaction {tx} completed in {time}ms
9978,2026-01-10,16:51:12,INFO,WebServer,Page view: /home by u1827,E103,Page view: {page} by {user}
9979,2026-01-10,16:49:39,INFO,WebServer,Transaction tx873621 completed in 1741ms,E104,Transaction {tx} completed in {time}ms
9980,2026-01-10,16:25:09,WARN,AuthService,Disk usage > 85% on node node-2,E202,Disk usage > 85% on node {node}
9981,2026-01-10,16:06:23,INFO,WebServer,Transaction tx684502 completed in 656ms,E104,Transaction {tx} completed in {time}ms
9982,2026-01-10,16:04:29,INFO,WebServer,Health check passed: WebServer,E102,Health check passed: {service}
9983,2026-01-10,16:52:52,INFO,WebServer,Transaction tx827462 completed in 1996ms,E104,Transaction {tx} completed in {time}ms
9984,2026-01-10,16:45:05,INFO,PaymentGateway,User u2436 login successful,E101,User {user} login successful
9985,2026-01-10,16:38:17,WARN,WebServer,Disk usage > 85% on node node-1,E202,Disk usage > 85% on node {node}
9986,2026-01-10,16:43:50,INFO,AuthService,Health check passed: AuthService,E102,Health check passed: {service}
9987,2026-01-10,16:15:41,INFO,InventoryDB,User u3521 login successful,E101,User {user} login successful
9988,2026-01-10,16:52:38,WARN,PaymentGateway,Unauthorized access attempt from 10.0.0.12,E401,Unauthorized access attempt from {ip}
9989,2026-01-10,16:24:54,INFO,WebServer,Page view: /home by u4181,E103,Page view: {page} by {user}
9990,2026-01-10,16:45:41,INFO,OrderProcessor,Page view: /home by u1417,E103,Page view: {page} by {user}
9991,2026-01-10,16:52:39,INFO,AuthService,User u4459 login successful,E101,User {user} login successful
9992,2026-01-10,16:02:52,INFO,PaymentGateway,Page view: /home by u3480,E103,Page view: {page} by {user}
9993,2026-01-10,16:38:56,INFO,OrderProcessor,Page view: /home by u3689,E103,Page view: {page} by {user}
9994,2026-01-10,16:43:33,INFO,WebServer,Transaction tx546656 completed in 1054ms,E104,Transaction {tx} completed in {time}ms
9995,2026-01-10,16:31:10,INFO,WebServer,Health check passed: WebServer,E102,Health check passed: {service}
9996,2026-01-10,16:18:43,INFO,WebServer,Page view: /home by u1310,E103,Page view: {page} by {user}
9997,2026-01-10,16:36:51,INFO,OrderProcessor,Transaction tx192720 completed in 870ms,E104,Transaction {tx} completed in {time}ms
9998,2026-01-10,16:06:54,WARN,WebServer,Unauthorized access attempt from 10.0.0.45,E401,Unauthorized access attempt from {ip}
9999,2026-01-10,16:44:40,INFO,WebServer,User u1752 login successful,E101,User {user} login successful
10000,2026-01-10,16:21:46,INFO,AuthService,Page view: /home by u1244,E103,Page view: {page} by {user}
10001,2026-01-10,16:06:01,INFO,WebServer,Transaction tx954161 completed in 320ms,E104,Transaction {tx} completed in {time}ms
10002,2026-01-10,16:20:03,INFO,InventoryDB,Transaction tx160597 completed in 1203ms,E104,Transaction {tx} completed in {time}ms
10003,2026-01-10,16:18:25,INFO,WebServer,Page view: /home by u1375,E103,Page view: {page} by {user}
10004,2026-01-10,16:10:59,INFO,PaymentGateway,Page view: /home by u4256,E103,Page view: {page} by {user}
10005,2026-01-10,16:03:03,INFO,WebServer,Transaction tx232461 completed in 898ms,E104,Transaction {tx} completed in {time}ms
10006,2026-01-10,16:47:39,INFO,AuthService,Transaction tx358037 completed in 590ms,E104,Transaction {tx} completed in {time}ms
10007,2026-01-10,16:40:31,INFO,WebServer,Transaction tx215131 completed in 1732ms,E104,Transaction {tx} completed in {time}ms
10008,2026-01-10,16:41:22,INFO,WebServer,Health check passed: WebServer,E102,Health check passed: {service}
10009,2026-01-10,16:36:36,WARN,WebServer,High latency (552ms) detected on WebServer,E201,High latency ({time}ms) detected on {service}
10010,2026-01-10,16:19:52,INFO,AuthService,Page view: /home by u2476,E103,Page view: {page} by {user}
10011,2026-01-10,16:21:35,WARN,InventoryDB,Disk usage > 85% on node node-3,E202,Disk usage > 85% on node {node}
10012,2026-01-10,16:01:27,INFO,InventoryDB,Transaction tx251146 completed in 1841ms,E104,Transaction {tx} completed in {time}ms
10013,2026-01-10,16:28:42,WARN,WebServer,Disk usage > 85% on node node-1,E202,Disk usage > 85% on node {node}
10014,2026-01-10,16:59:06,INFO,OrderProcessor,Health check passed: OrderProcessor,E102,Health check passed: {service}
10015,2026-01-10,16:00:01,INFO,AuthService,Page view: /home by u1426,E103,Page view: {page} by {user}
10016,2026-01-10,16:58:22,INFO,WebServer,User u2799 login successful,E101,User {user} login successful
10017,2026-01-10,16:59:51,INFO,WebServer,Page view: /home by u1813,E103,Page view: {page} by {user}
10018,2026-01-10,16:08:30,INFO,WebServer,Page view: /home by u3096,E103,Page view: {page} by {user}
10019,2026-01-10,16:16:08,INFO,WebServer,Page view: /home by u3954,E103,Page view: {page} by {user}
10020,2026-01-10,16:47:15,INFO,AuthService,Health check passed: AuthService,E102,Health check passed: {service}
10021,2026-01-10,16:23:47,INFO,InventoryDB,User u2936 login successful,E101,User {user} login successful
10022,2026-01-10,16:59:47,INFO,InventoryDB,User u4686 login successful,E101,User {user} login successful
10023,2026-01-10,16:12:41,INFO,WebServer,Transaction tx500314 completed in 837ms,E104,Transaction {tx} completed in {time}ms
10024,2026-01-10,16:13:49,INFO,WebServer,Transaction tx599781 completed in 212ms,E104,Transaction {tx} completed in {time}ms
10025,2026-01-10,16:56:30,INFO,AuthService,Transaction tx516879 completed in 193ms,E104,Transaction {tx} completed in {time}ms
10026,2026-01-10,16:00:58,INFO,InventoryDB,Health check passed: InventoryDB,E102,Health check passed: {service}
10027,2026-01-10,16:59:42,INFO,OrderProcessor,Transaction tx256968 completed in 1115ms,E104,Transaction {tx} completed in {time}ms
10028,2026-01-10,16:56:58,INFO,WebServer,Transaction tx170073 completed in 1123ms,E104,Transaction {tx} completed in {time}ms
10029,2026-01-10,16:21:09,INFO,WebServer,Transaction tx406457 completed in 105ms,E104,Transaction {tx} completed in {time}ms
10030,2026-01-10,16:03:27,INFO,PaymentGateway,User u1755 login successful,E101,User {user} login successful
10031,2026-01-10,16:27:34,INFO,WebServer,User u1003 login successful,E101,User {user} login successful
10032,2026-01-10,16:50:46,INFO,InventoryDB,Transaction tx526128 completed in 969ms,E104,Transaction {tx} completed in {time}ms
10033,2026-01-10,16:42:00,INFO,PaymentGateway,User u3277 login successful,E101,User {user} login successful
10034,2026-01-10,16:48:09,INFO,PaymentGateway,User u4292 login successful,E101,User {user} login successful
10035,2026-01-10,16:00:28,INFO,OrderProcessor,Page view: /home by u2574,E103,Page view: {page} by {user}
10036,2026-01-10,16:09:00,INFO,WebServer,Page view: /home by u3417,E103,Page view: {page} by {user}
10037,2026-01-10,16:48:26,CRITICAL,WebServer,DATA CORRUPTION detected in sector 858,E602,DATA CORRUPTION detected in sector {sector}
10038,2026-01-10,16:47:40,INFO,WebServer,Page view: /home by u1010,E103,Page view: {page} by {user}
10039,2026-01-10,16:07:01,INFO,WebServer,Transaction tx413371 completed in 1078ms,E104,Transaction {tx} completed in {time}ms
10040,2026-01-10,16:51:29,INFO,PaymentGateway,User u3333 login successful,E101,User {user} login successful
10041,2026-01-10,16:14:51,INFO,WebServer,User u2522 login successful,E101,User {user} login successful
10042,2026-01-10,16:40:51,INFO,PaymentGateway,User u3531 login successful,E101,User {user} login successful
10043,2026-01-10,16:25:36,INFO,AuthService,User u4718 login successful,E101,User {user} login successful
10044,2026-01-10,16:52:21,INFO,WebServer,Page view: /home by u4783,E103,Page view: {page} by {user}
10045,2026-01-10,16:02:24,INFO,AuthService,Transaction tx406571 completed in 218ms,E104,Transaction {tx} completed in {time}ms
10046,2026-01-10,16:22:45,INFO,WebServer,User u2409 login successful,E101,User {user} login successful
10047,2026-01-10,16:54:51,INFO,AuthService,Health check passed: AuthService,E102,Health check passed: {service}
10048,2026-01-10,16:50:56,INFO,WebServer,Transaction tx616654 completed in 847ms,E104,Transaction {tx} completed in {time}ms
10049,2026-01-10,16:06:07,INFO,AuthService,User u2048 login successful,E101,User {user} login successful
10050,2026-01-10,16:54:15,INFO,WebServer,Transaction tx942427 completed in 404ms,E104,Transaction {tx} completed in {time}ms
10051,2026-01-10,16:34:23,INFO,WebServer,Health check passed: WebServer,E102,Health check passed: {service}
10052,2026-01-10,16:58:44,INFO,WebServer,Page view: /home by u2230,E103,Page view: {page} by {user}
10053,2026-01-10,16:20:39,INFO,AuthService,Page view: /home by u3484,E103,Page view: {page} by {user}
10054,2026-01-10,16:31:36,INFO,AuthService,User u2926 login successful,E101,User {user} login successful
10055,2026-01-10,16:14:23,INFO,AuthService,Health check passed: AuthService,E102,Health check passed: {service}
10056,2026-01-10,16:28:31,INFO,AuthService,Transaction tx377062 completed in 1051ms,E104,Transaction {tx} completed in {time}ms
10057,2026-01-10,16:14:27,INFO,WebServer,Page view: /home by u3434,E103,Page view: {page} by {user}
10058,2026-01-10,16:28:12,INFO,WebServer,Health check passed: WebServer,E102,Health check passed: {service}
10059,2026-01-10,16:46:16,INFO,WebServer,User u2872 login successful,E101,User {user} login successful
10060,2026-01-10,16:07:37,INFO,WebServer,Page view: /home by u3970,E103,Page view: {page} by {user}
10061,2026-01-10,16:13:08,INFO,WebServer,Page view: /home by u4815,E103,Page view: {page} by {user}
10062,2026-01-10,16:16:20,INFO,AuthService,User u1659 login successful,E101,User {user} login successful
10063,2026-01-10,16:41:24,INFO,WebServer,Transaction tx929586 completed in 851ms,E104,Transaction {tx} completed in {time}ms
10064,2026-01-10,16:30:01,INFO,WebServer,Transaction tx378769 completed in 1921ms,E104,Transaction {tx} completed in {time}ms
10065,2026-01-10,16:29:44,INFO,WebServer,Transaction tx223696 completed in 1118ms,E104,Transaction {tx} completed in {time}ms
10066,2026-01-10,16:35:45,INFO,OrderProcessor,Health check passed: OrderProcessor,E102,Health check passed: {service}
10067,2026-01-10,16:10:50,INFO,WebServer,Page view: /home by u2212,E103,Page view: {page} by {user}
10068,2026-01-10,16:37:30,INFO,WebServer,Health check passed: WebServer,E102,Health check passed: {service}
10069,2026-01-10,16:45:29,INFO,WebServer,Page view: /home by u3661,E103,Page view: {page} by {user}
10070,2026-01-10,16:49:04,INFO,WebServer,Health check passed: WebServer,E102,Health check passed: {service}
10071,2026-01-10,16:55:02,INFO,PaymentGateway,Page view: /home by u3614,E103,Page view: {page} by {user}
10072,2026-01-10,16:42:15,INFO,WebServer,Transaction tx424459 completed in 586ms,E104,Transaction {tx} completed in {time}ms
10073,2026-01-10,16:25:06,WARN,WebServer,High latency (1520ms) detected on WebServer,E201,High latency ({time}ms) detected on {service}
10074,2026-01-10,16:25:33,INFO,OrderProcessor,Health check passed: OrderProcessor,E102,Health check passed: {service}
10075,2026-01-10,16:06:47,INFO,AuthService,Page view: /home by u1137,E103,Page view: {page} by {user}
10076,2026-01-10,16:39:45,ERROR,WebServer,Connection refused to WebServer at 10.0.0.12,E501,Connection refused to {service} at {ip}
10077,2026-01-10,16:44:46,INFO,PaymentGateway,Health check passed: PaymentGateway,E102,Health check passed: {service}
10078,2026-01-10,16:13:08,INFO,WebServer,User u2626 login successful,E101,User {user} login successful
10079,2026-01-10,16:34:47,INFO,WebServer,Transaction tx877858 completed in 1421ms,E104,Transaction {tx} completed in {time}ms
10080,2026-01-10,16:22:58,INFO,WebServer,User u1867 login successful,E101,User {user} login successful
10081,2026-01-10,16:40:21,WARN,WebServer,Unauthorized access attempt from 10.0.0.45,E401,Unauthorized access attempt from {ip}
10082,2026-01-10,16:53:25,INFO,WebServer,Page view: /home by u1444,E103,Page view: {page} by {user}
10083,2026-01-10,16:34:10,WARN,AuthService,Unauthorized access attempt from 10.0.0.88,E401,Unauthorized access attempt from {ip}
10084,2026-01-10,16:39:28,INFO,WebServer,User u4630 login successful,E101,User {user} login successful
10085,2026-01-10,16:02:46,INFO,OrderProcessor,User u4218 login successful,E101,User {user} login successful
10086,2026-01-10,16:48:35,INFO,WebServer,Page view: /home by u2784,E103,Page view: {page} by {user}
10087,2026-01-10,16:47:43,WARN,PaymentGateway,High latency (589ms) detected on PaymentGateway,E201,High latency ({time}ms) detected on {service}
10088,2026-01-10,16:48:58,INFO,WebServer,Transaction tx328703 completed in 1766ms,E104,Transaction {tx} completed in {time}ms
10089,2026-01-10,16:34:09,INFO,AuthService,User u1634 login successful,E101,User {user} login successful
10090,2026-01-10,16:12:51,INFO,WebServer,User u1817 login successful,E101,User {user} login successful
10091,2026-01-10,16:08:19,INFO,AuthService,Transaction tx253998 completed in 1838ms,E104,Transaction {tx} completed in {time}ms
10092,2026-01-10,16:10:48,INFO,WebServer,Health check passed: WebServer,E102,Health check passed: {service}
10093,2026-01-10,16:58:07,INFO,AuthService,Health check passed: AuthService,E102,Health check passed: {service}
10094,2026-01-10,16:33:51,INFO,WebServer,Health check passed: WebServer,E102,Health check passed: {service}
10095,2026-01-10,16:58:15,INFO,WebServer,Transaction tx677266 completed in 1780ms,E104,Transaction {tx} completed in {time}ms
10096,2026-01-10,16:54:09,INFO,WebServer,Page view: /home by u4353,E103,Page view: {page} by {user}
10097,2026-01-10,16:22:17,WARN,WebServer,High latency (1764ms) detected on WebServer,E201,High latency ({time}ms) detected on {service}
10098,2026-01-10,16:40:38,INFO,AuthService,Health check passed: AuthService,E102,Health check passed: {service}
10099,2026-01-10,16:01:03,INFO,WebServer,Transaction tx389932 completed in 1636ms,E104,Transaction {tx} completed in {time}ms
10100,2026-01-10,16:44:56,INFO,AuthService,Page view: /home by u4943,E103,Page view: {page} by {user}
10101,2026-01-10,16:53:56,INFO,WebServer,Transaction tx648438 completed in 48ms,E104,Transaction {tx} completed in {time}ms
10102,2026-01-10,16:05:09,INFO,WebServer,User u1924 login successful,E101,User {user} login successful
10103,2026-01-10,16:21:12,INFO,WebServer,Health check passed: WebServer,E102,Health check passed: {service}
10104,2026-01-10,16:05:41,INFO,AuthService,Health check passed: AuthService,E102,Health check passed: {service}
10105,2026-01-10,16:05:26,INFO,WebServer,User u2968 login successful,E101,User {user} login successful
10106,2026-01-10,16:17:38,INFO,WebServer,Transaction tx900192 completed in 1955ms,E104,Transaction {tx} completed in {time}ms
10107,2026-01-10,16:56:59,INFO,WebServer,User u4787 login successful,E101,User {user} login successful
10108,2026-01-10,16:52:33,INFO,WebServer,User u4352 login successful,E101,User {user} login successful
10109,2026-01-10,16:56:24,INFO,OrderProcessor,Page view: /home by u3947,E103,Page view: {page} by {user}
10110,2026-01-10,16:52:19,INFO,InventoryDB,Page view: /home by u3617,E103,Page view: {page} by {user}
10111,2026-01-10,16:59:33,INFO,OrderProcessor,User u2913 login successful,E101,User {user} login successful
10112,2026-01-10,16:20:59,INFO,OrderProcessor,Transaction tx637971 completed in 559ms,E104,Transaction {tx} completed in {time}ms
10113,2026-01-10,16:32:23,INFO,WebServer,Health check passed: WebServer,E102,Health check passed: {service}
10114,2026-01-10,16:20:48,INFO,PaymentGateway,User u4364 login successful,E101,User {user} login successful
10115,2026-01-10,16:30:31,INFO,WebServer,Page view: /home by u2231,E103,Page view: {page} by {user}
10116,2026-01-10,16:06:39,INFO,AuthService,User u4565 login successful,E101,User {user} login successful
10117,2026-01-10,16:36:05,INFO,InventoryDB,Page view: /home by u1313,E103,Page view: {page} by {user}
10118,2026-01-10,16:03:51,INFO,WebServer,Page view: /home by u2173,E103,Page view: {page} by {user}
10119,2026-01-10,16:46:20,INFO,InventoryDB,Page view: /home by u4025,E103,Page view: {page} by {user}
10120,2026-01-10,16:38:37,INFO,AuthService,Page view: /home by u4293,E103,Page view: {page} by {user}
10121,2026-01-10,16:10:14,INFO,AuthService,Transaction tx383631 completed in 1777ms,E104,Transaction {tx} completed in {time}ms
10122,2026-01-10,16:16:33,INFO,WebServer,Health check passed: WebServer,E102,Health check passed: {service}
10123,2026-01-10,16:57:59,INFO,OrderProcessor,Page view: /home by u4718,E103,Page view: {page} by {user}
10124,2026-01-10,16:45:34,INFO,WebServer,Page view: /home by u2987,E103,Page view: {page} by {user}
10125,2026-01-10,16:16:55,INFO,OrderProcessor,Transaction tx468191 completed in 380ms,E104,Transaction {tx} completed in {time}ms
10126,2026-01-10,16:27:32,INFO,WebServer,Page view: /home by u3129,E103,Page view: {page} by {user}
10127,2026-01-10,16:48:45,INFO,WebServer,Transaction tx439744 completed in 456ms,E104,Transaction {tx} completed in {time}ms
10128,2026-01-10,16:52:57,INFO,WebServer,Page view: /home by u3755,E103,Page view: {page} by {user}
10129,2026-01-10,16:01:21,INFO,WebServer,User u1416 login successful,E101,User {user} login successful
10130,2026-01-10,16:42:34,INFO,OrderProcessor,Page view: /home by u3013,E103,Page view: {page} by {user}
10131,2026-01-10,16:56:23,INFO,WebServer,User u1705 login successful,E101,User {user} login successful
10132,2026-01-10,16:17:55,INFO,WebServer,Page view: /home by u1209,E103,Page view: {page} by {user}
10133,2026-01-10,16:40:40,INFO,PaymentGateway,Page view: /home by u1065,E103,Page view: {page} by {user}
10134,2026-01-10,16:44:39,INFO,AuthService,Page view: /home by u2028,E103,Page view: {page} by {user}
10135,2026-01-10,16:09:56,INFO,PaymentGateway,Page view: /home by u4818,E103,Page view: {page} by {user}
10136,2026-01-10,16:39:15,WARN,WebServer,High latency (399ms) detected on WebServer,E201,High latency ({time}ms) detected on {service}
10137,2026-01-10,16:06:36,INFO,AuthService,Health check passed: AuthService,E102,Health check passed: {service}
10138,2026-01-10,16:59:14,INFO,WebServer,Transaction tx691846 completed in 1189ms,E104,Transaction {tx} completed in {time}ms
10139,2026-01-10,16:35:58,INFO,WebServer,Health check passed: WebServer,E102,Health check passed: {service}
10140,2026-01-10,16:54:22,INFO,WebServer,Page view: /home by u1030,E103,Page view: {page} by {user}
10141,2026-01-10,16:58:15,WARN,OrderProcessor,Unauthorized access attempt from 10.0.0.45,E401,Unauthorized access attempt from {ip}
10142,2026-01-10,16:32:41,INFO,OrderProcessor,Health check passed: OrderProcessor,E102,Health check passed: {service}
10143,2026-01-10,16:21:18,INFO,AuthService,Health check passed: AuthService,E102,Health check passed: {service}
10144,2026-01-10,16:32:14,INFO,WebServer,Page view: /home by u1535,E103,Page view: {page} by {user}
10145,2026-01-10,16:00:36,INFO,InventoryDB,Health check passed: InventoryDB,E102,Health check passed: {service}
10146,2026-01-10,16:04:19,INFO,WebServer,User u1338 login successful,E101,User {user} login successful
10147,2026-01-10,16:13:42,INFO,WebServer,Page view: /home by u1611,E103,Page view: {page} by {user}
10148,2026-01-10,16:17:17,INFO,OrderProcessor,User u4664 login successful,E101,User {user} login successful
10149,2026-01-10,16:55:51,INFO,WebServer,Page view: /home by u4342,E103,Page view: {page} by {user}
10150,2026-01-10,16:03:59,INFO,OrderProcessor,Page view: /home by u3046,E103,Page view: {page} by {user}
10151,2026-01-10,16:37:51,INFO,PaymentGateway,User u1216 login successful,E101,User {user} login successful
10152,2026-01-10,16:00:33,INFO,WebServer,Health check passed: WebServer,E102,Health check passed: {service}
10153,2026-01-10,16:24:22,INFO,WebServer,Transaction tx875033 completed in 137ms,E104,Transaction {tx} completed in {time}ms
10154,2026-01-10,16:01:41,INFO,WebServer,Transaction tx713055 completed in 289ms,E104,Transaction {tx} completed in {time}ms
10155,2026-01-10,16:47:18,INFO,OrderProcessor,User u3915 login successful,E101,User {user} login successful
10156,2026-01-10,16:05:32,INFO,PaymentGateway,Transaction tx367796 completed in 357ms,E104,Transaction {tx} completed in {time}ms
10157,2026-01-10,16:13:26,INFO,PaymentGateway,Health check passed: PaymentGateway,E102,Health check passed: {service}
10158,2026-01-10,16:32:10,INFO,WebServer,Page view: /home by u2855,E103,Page view: {page} by {user}
10159,2026-01-10,16:42:49,INFO,WebServer,Health check passed: WebServer,E102,Health check passed: {service}
10160,2026-01-10,16:28:46,INFO,OrderProcessor,Health check passed: OrderProcessor,E102,Health check passed: {service}
10161,2026-01-10,16:44:58,INFO,OrderProcessor,User u1827 login successful,E101,User {user} login successful
10162,2026-01-10,16:14:04,INFO,WebServer,Transaction tx253035 completed in 769ms,E104,Transaction {tx} completed in {time}ms
10163,2026-01-10,16:19:10,INFO,AuthService,User u1516 login successful,E101,User {user} login successful
10164,2026-01-10,16:20:06,INFO,OrderProcessor,User u2724 login successful,E101,User {user} login successful
10165,2026-01-10,16:23:10,INFO,WebServer,Transaction tx920221 completed in 119ms,E104,Transaction {tx} completed in {time}ms
10166,2026-01-10,16:05:49,INFO,OrderProcessor,Health check passed: OrderProcessor,E102,Health check passed: {service}
10167,2026-01-10,16:46:59,INFO,OrderProcessor,Health check passed: OrderProcessor,E102,Health check passed: {service}
10168,2026-01-10,16:28:25,INFO,InventoryDB,User u3749 login successful,E101,User {user} login successful
10169,2026-01-10,16:13:24,INFO,AuthService,Page view: /home by u3348,E103,Page view: {page} by {user}
10170,2026-01-10,16:55:08,INFO,WebServer,Page view: /home by u4335,E103,Page view: {page} by {user}
10171,2026-01-10,16:33:47,INFO,AuthService,Health check passed: AuthService,E102,Health check passed: {service}
10172,2026-01-10,16:39:14,INFO,OrderProcessor,Page view: /home by u4920,E103,Page view: {page} by {user}
10173,2026-01-10,16:26:52,INFO,AuthService,User u4531 login successful,E101,User {user} login successful
10174,2026-01-10,16:29:09,INFO,WebServer,Health check passed: WebServer,E102,Health check passed: {service}
10175,2026-01-10,16:27:35,INFO,WebServer,Health check passed: WebServer,E102,Health check passed: {service}
10176,2026-01-10,16:52:38,INFO,WebServer,Page view: /home by u3616,E103,Page view: {page} by {user}
10177,2026-01-10,16:24:39,INFO,WebServer,Health check passed: WebServer,E102,Health check passed: {service}
10178,2026-01-10,16:09:41,INFO,WebServer,Transaction tx948874 completed in 1304ms,E104,Transaction {tx} completed in {time}ms
10179,2026-01-10,16:34:02,INFO,InventoryDB,Page view: /home by u4903,E103,Page view: {page} by {user}
10180,2026-01-10,16:03:28,INFO,AuthService,User u3551 login successful,E101,User {user} login successful
10181,2026-01-10,16:24:19,INFO,InventoryDB,User u1914 login successful,E101,User {user} login successful
10182,2026-01-10,16:36:36,INFO,WebServer,User u1971 login successful,E101,User {user} login successful
10183,2026-01-10,16:39:44,INFO,AuthService,Health check passed: AuthService,E102,Health check passed: {service}
10184,2026-01-10,16:31:29,INFO,WebServer,Health check passed: WebServer,E102,Health check passed: {service}
10185,2026-01-10,16:32:36,INFO,AuthService,Page view: /home by u1343,E103,Page view: {page} by {user}
10186,2026-01-10,16:36:04,WARN,OrderProcessor,High latency (87ms) detected on OrderProcessor,E201,High latency ({time}ms) detected on {service}
10187,2026-01-10,16:51:50,INFO,WebServer,Page view: /home by u4616,E103,Page view: {page} by {user}
10188,2026-01-10,16:40:08,INFO,WebServer,User u2804 login successful,E101,User {user} login successful
10189,2026-01-10,16:12:02,INFO,WebServer,Health check passed: WebServer,E102,Health check passed: {service}
10190,2026-01-10,16:58:11,INFO,WebServer,Health check passed: WebServer,E102,Health check passed: {service}
10191,2026-01-10,16:15:12,INFO,WebServer,Transaction tx463566 completed in 827ms,E104,Transaction {tx} completed in {time}ms
10192,2026-01-10,16:40:46,INFO,OrderProcessor,Health check passed: OrderProcessor,E102,Health check passed: {service}
10193,2026-01-10,16:32:52,INFO,WebServer,Page view: /home by u2928,E103,Page view: {page} by {user}
10194,2026-01-10,16:52:16,INFO,WebServer,Transaction tx869377 completed in 949ms,E104,Transaction {tx} completed in {time}ms
10195,2026-01-10,16:17:42,INFO,AuthService,Health check passed: AuthService,E102,Health check passed: {service}
10196,2026-01-10,16:26:57,INFO,OrderProcessor,Page view: /home by u4946,E103,Page view: {page} by {user}
10197,2026-01-10,16:41:59,INFO,OrderProcessor,Health check passed: OrderProcessor,E102,Health check passed: {service}
10198,2026-01-10,16:44:00,INFO,OrderProcessor,User u1829 login successful,E101,User {user} login successful
10199,2026-01-10,16:15:50,INFO,AuthService,Page view: /home by u2102,E103,Page view: {page} by {user}
10200,2026-01-10,16:03:12,INFO,WebServer,Transaction tx743807 completed in 1533ms,E104,Transaction {tx} completed in {time}ms
10201,2026-01-10,16:31:04,INFO,WebServer,User u4280 login successful,E101,User {user} login successful
10202,2026-01-10,16:30:19,INFO,WebServer,Health check passed: WebServer,E102,Health check passed: {service}
10203,2026-01-10,16:30:58,INFO,WebServer,User u3347 login successful,E101,User {user} login successful
10204,2026-01-10,16:32:17,INFO,PaymentGateway,Page view: /home by u4641,E103,Page view: {page} by {user}
10205,2026-01-10,16:49:38,INFO,AuthService,Page view: /home by u1205,E103,Page view: {page} by {user}
10206,2026-01-10,16:54:14,INFO,WebServer,Transaction tx946977 completed in 314ms,E104,Transaction {tx} completed in {time}ms
10207,2026-01-10,16:56:49,INFO,WebServer,Health check passed: WebServer,E102,Health check passed: {service}
10208,2026-01-10,16:21:41,INFO,WebServer,User u2036 login successful,E101,User {user} login successful
10209,2026-01-10,16:46:51,INFO,WebServer,Page view: /home by u2839,E103,Page view: {page} by {user}
10210,2026-01-10,16:52:37,INFO,OrderProcessor,Page view: /home by u2994,E103,Page view: {page} by {user}
10211,2026-01-10,16:25:38,INFO,AuthService,Transaction tx111675 completed in 858ms,E104,Transaction {tx} completed in {time}ms
10212,2026-01-10,16:58:19,INFO,WebServer,Transaction tx929959 completed in 198ms,E104,Transaction {tx} completed in {time}ms
10213,2026-01-10,16:26:52,INFO,OrderProcessor,Transaction tx294587 completed in 107ms,E104,Transaction {tx} completed in {time}ms
10214,2026-01-10,16:58:42,INFO,PaymentGateway,Page view: /home by u4317,E103,Page view: {page} by {user}
10215,2026-01-10,16:38:20,INFO,WebServer,Health check passed: WebServer,E102,Health check passed: {service}
10216,2026-01-10,16:04:32,INFO,WebServer,Health check passed: WebServer,E102,Health check passed: {service}
10217,2026-01-10,16:41:39,INFO,PaymentGateway,Transaction tx630287 completed in 1260ms,E104,Transaction {tx} completed in {time}ms
10218,2026-01-10,16:26:14,INFO,PaymentGateway,User u4912 login successful,E101,User {user} login successful
10219,2026-01-10,16:10:01,INFO,AuthService,User u4663 login successful,E101,User {user} login successful
10220,2026-01-10,16:47:20,INFO,WebServer,Health check passed: WebServer,E102,Health check passed: {service}
10221,2026-01-10,16:03:29,INFO,WebServer,Health check passed: WebServer,E102,Health check passed: {service}
10222,2026-01-10,16:39:53,INFO,AuthService,Transaction tx226842 completed in 1227ms,E104,Transaction {tx} completed in {time}ms
10223,2026-01-10,16:04:46,INFO,WebServer,User u3379 login successful,E101,User {user} login successful
10224,2026-01-10,16:17:03,INFO,AuthService,Health check passed: AuthService,E102,Health check passed: {service}
10225,2026-01-10,16:13:49,ERROR,OrderProcessor,Connection refused to OrderProcessor at 10.0.0.12,E501,Connection refused to {service} at {ip}
10226,2026-01-10,16:32:05,WARN,AuthService,Unauthorized access attempt from 10.0.0.45,E401,Unauthorized access attempt from {ip}
10227,2026-01-10,16:42:57,INFO,OrderProcessor,Health check passed: OrderProcessor,E102,Health check passed: {service}
10228,2026-01-10,16:21:55,INFO,WebServer,Transaction tx791113 completed in 261ms,E104,Transaction {tx} completed in {time}ms
10229,2026-01-10,16:32:13,INFO,WebServer,Page view: /home by u2899,E103,Page view: {page} by {user}
10230,2026-01-10,16:37:37,ERROR,WebServer,Payment declined: Gateway unavailable,E503,Payment declined: Gateway unavailable
10231,2026-01-10,16:25:23,INFO,OrderProcessor,User u3855 login successful,E101,User {user} login successful
10232,2026-01-10,16:11:46,INFO,AuthService,Health check passed: AuthService,E102,Health check passed: {service}
10233,2026-01-10,16:26:26,INFO,AuthService,Health check passed: AuthService,E102,Health check passed: {service}
10234,2026-01-10,16:11:15,INFO,OrderProcessor,Health check passed: OrderProcessor,E102,Health check passed: {service}
10235,2026-01-10,16:19:35,INFO,AuthService,Health check passed: AuthService,E102,Health check passed: {service}
10236,2026-01-10,16:42:35,INFO,WebServer,Transaction tx694413 completed in 1805ms,E104,Transaction {tx} completed in {time}ms
10237,2026-01-10,16:37:42,INFO,PaymentGateway,Page view: /home by u3367,E103,Page view: {page} by {user}
10238,2026-01-10,16:53:34,INFO,WebServer,Page view: /home by u1101,E103,Page view: {page} by {user}
10239,2026-01-10,16:53:44,INFO,OrderProcessor,Transaction tx859051 completed in 1293ms,E104,Transaction {tx} completed in {time}ms
10240,2026-01-10,16:05:43,INFO,OrderProcessor,Health check passed: OrderProcessor,E102,Health check passed: {service}
10241,2026-01-10,16:44:46,INFO,OrderProcessor,Health check passed: OrderProcessor,E102,Health check passed: {service}
10242,2026-01-10,16:31:33,INFO,WebServer,Page view: /home by u1544,E103,Page view: {page} by {user}
10243,2026-01-10,16:36:45,INFO,InventoryDB,Transaction tx957512 completed in 1583ms,E104,Transaction {tx} completed in {time}ms
10244,2026-01-10,16:29:12,INFO,WebServer,Page view: /home by u4259,E103,Page view: {page} by {user}
10245,2026-01-10,16:01:54,INFO,WebServer,Health check passed: WebServer,E102,Health check passed: {service}
10246,2026-01-10,16:16:43,INFO,AuthService,Transaction tx750050 completed in 1620ms,E104,Transaction {tx} completed in {time}ms
10247,2026-01-10,16:03:49,INFO,WebServer,Page view: /home by u4388,E103,Page view: {page} by {user}
10248,2026-01-10,16:30:16,INFO,WebServer,Transaction tx562202 completed in 554ms,E104,Transaction {tx} completed in {time}ms
10249,2026-01-10,16:34:13,INFO,AuthService,User u1143 login successful,E101,User {user} login successful
10250,2026-01-10,16:47:18,INFO,WebServer,User u3631 login successful,E101,User {user} login successful
10251,2026-01-10,16:26:20,INFO,WebServer,User u3513 login successful,E101,User {user} login successful
10252,2026-01-10,16:30:43,ERROR,WebServer,Connection refused to WebServer at 10.0.0.45,E501,Connection refused to {service} at {ip}
10253,2026-01-10,16:03:41,INFO,InventoryDB,Page view: /home by u1364,E103,Page view: {page} by {user}
10254,2026-01-10,16:33:50,INFO,PaymentGateway,Health check passed: PaymentGateway,E102,Health check passed: {service}
10255,2026-01-10,16:33:24,INFO,WebServer,Page view: /home by u1851,E103,Page view: {page} by {user}
10256,2026-01-10,16:30:26,WARN,WebServer,Unauthorized access attempt from 10.0.0.45,E401,Unauthorized access attempt from {ip}
10257,2026-01-10,16:37:30,INFO,WebServer,Transaction tx939025 completed in 673ms,E104,Transaction {tx} completed in {time}ms
10258,2026-01-10,16:43:03,INFO,AuthService,Health check passed: AuthService,E102,Health check passed: {service}
10259,2026-01-10,16:30:25,INFO,OrderProcessor,Page view: /home by u4645,E103,Page view: {page} by {user}
10260,2026-01-10,16:12:21,INFO,AuthService,Page view: /home by u4956,E103,Page view: {page} by {user}
10261,2026-01-10,16:03:30,INFO,OrderProcessor,Page view: /home by u2254,E103,Page view: {page} by {user}
10262,2026-01-10,16:07:18,INFO,PaymentGateway,Page view: /home by u1607,E103,Page view: {page} by {user}
10263,2026-01-10,16:28:07,INFO,PaymentGateway,Health check passed: PaymentGateway,E102,Health check passed: {service}
10264,2026-01-10,16:07:38,WARN,AuthService,Disk usage > 85% on node node-3,E202,Disk usage > 85% on node {node}
10265,2026-01-10,16:50:54,INFO,WebServer,Transaction tx150568 completed in 962ms,E104,Transaction {tx} completed in {time}ms
10266,2026-01-10,16:04:39,INFO,WebServer,Health check passed: WebServer,E102,Health check passed: {service}
10267,2026-01-10,16:38:08,INFO,OrderProcessor,User u1599 login successful,E101,User {user} login successful
10268,2026-01-10,16:40:31,INFO,WebServer,Page view: /home by u4699,E103,Page view: {page} by {user}
10269,2026-01-10,16:05:25,INFO,InventoryDB,Page view: /home by u2416,E103,Page view: {page} by {user}
10270,2026-01-10,16:29:44,INFO,OrderProcessor,User u4707 login successful,E101,User {user} login successful
10271,2026-01-10,16:45:25,INFO,WebServer,User u4837 login successful,E101,User {user} login successful
10272,2026-01-10,16:07:43,INFO,WebServer,User u4512 login successful,E101,User {user} login successful
10273,2026-01-10,16:10:10,INFO,WebServer,Page view: /home by u1031,E103,Page view: {page} by {user}
10274,2026-01-10,16:42:29,INFO,WebServer,Page view: /home by u4813,E103,Page view: {page} by {user}
10275,2026-01-10,16:59:48,INFO,WebServer,Health check passed: WebServer,E102,Health check passed: {service}
10276,2026-01-10,16:56:59,INFO,WebServer,Health check passed: WebServer,E102,Health check passed: {service}
10277,2026-01-10,16:13:09,INFO,AuthService,User u4817 login successful,E101,User {user} login successful
10278,2026-01-10,16:10:37,INFO,AuthService,Health check passed: AuthService,E102,Health check passed: {service}
10279,2026-01-10,16:11:57,INFO,AuthService,Page view: /home by u3780,E103,Page view: {page} by {user}
10280,2026-01-10,16:48:58,INFO,AuthService,Page view: /home by u4790,E103,Page view: {page} by {user}
10281,2026-01-10,16:10:14,INFO,WebServer,Page view: /home by u4149,E103,Page view: {page} by {user}
10282,2026-01-10,16:55:38,INFO,PaymentGateway,Page view: /home by u4951,E103,Page view: {page} by {user}
10283,2026-01-10,16:24:33,INFO,WebServer,Transaction tx271161 completed in 1638ms,E104,Transaction {tx} completed in {time}ms
10284,2026-01-10,16:05:31,INFO,InventoryDB,Transaction tx661595 completed in 343ms,E104,Transaction {tx} completed in {time}ms
10285,2026-01-10,16:20:23,INFO,WebServer,Health check passed: WebServer,E102,Health check passed: {service}
10286,2026-01-10,16:57:45,INFO,AuthService,Page view: /home by u2676,E103,Page view: {page} by {user}
10287,2026-01-10,16:05:58,INFO,OrderProcessor,Health check passed: OrderProcessor,E102,Health check passed: {service}
10288,2026-01-10,16:54:52,INFO,OrderProcessor,Health check passed: OrderProcessor,E102,Health check passed: {service}
10289,2026-01-10,16:11:48,INFO,WebServer,User u3248 login successful,E101,User {user} login successful
10290,2026-01-10,16:52:32,INFO,AuthService,Page view: /home by u2343,E103,Page view: {page} by {user}
10291,2026-01-10,16:03:58,INFO,OrderProcessor,Health check passed: OrderProcessor,E102,Health check passed: {service}
10292,2026-01-10,16:38:27,INFO,WebServer,User u1040 login successful,E101,User {user} login successful
10293,2026-01-10,16:34:54,INFO,InventoryDB,User u3977 login successful,E101,User {user} login successful
10294,2026-01-10,16:30:09,INFO,WebServer,Page view: /home by u3430,E103,Page view: {page} by {user}
10295,2026-01-10,16:15:50,INFO,AuthService,Transaction tx519237 completed in 1560ms,E104,Transaction {tx} completed in {time}ms
10296,2026-01-10,16:47:38,INFO,OrderProcessor,User u3953 login successful,E101,User {user} login successful
10297,2026-01-10,16:31:49,INFO,OrderProcessor,Transaction tx843178 completed in 854ms,E104,Transaction {tx} completed in {time}ms
10298,2026-01-10,16:21:30,INFO,AuthService,User u3346 login successful,E101,User {user} login successful
10299,2026-01-10,16:11:48,INFO,WebServer,Page view: /home by u2941,E103,Page view: {page} by {user}
10300,2026-01-10,16:30:02,INFO,AuthService,Page view: /home by u1631,E103,Page view: {page} by {user}
10301,2026-01-10,16:46:11,INFO,OrderProcessor,User u2931 login successful,E101,User {user} login successful
10302,2026-01-10,16:39:36,INFO,AuthService,User u2475 login successful,E101,User {user} login successful
10303,2026-01-10,16:03:48,INFO,WebServer,Health check passed: WebServer,E102,Health check passed: {service}
10304,2026-01-10,16:22:36,INFO,InventoryDB,Page view: /home by u3643,E103,Page view: {page} by {user}
10305,2026-01-10,16:14:39,INFO,OrderProcessor,Transaction tx429560 completed in 1159ms,E104,Transaction {tx} completed in {time}ms
10306,2026-01-10,16:11:23,INFO,WebServer,User u1443 login successful,E101,User {user} login successful
10307,2026-01-10,16:03:31,INFO,OrderProcessor,Transaction tx149318 completed in 748ms,E104,Transaction {tx} completed in {time}ms
10308,2026-01-10,16:50:51,INFO,WebServer,Health check passed: WebServer,E102,Health check passed: {service}
10309,2026-01-10,16:54:18,WARN,InventoryDB,Unauthorized access attempt from 10.0.0.45,E401,Unauthorized access attempt from {ip}
10310,2026-01-10,16:31:57,INFO,WebServer,Page view: /home by u2164,E103,Page view: {page} by {user}
10311,2026-01-10,16:54:36,INFO,WebServer,User u2778 login successful,E101,User {user} login successful
10312,2026-01-10,16:53:00,INFO,PaymentGateway,User u4590 login successful,E101,User {user} login successful
10313,2026-01-10,16:34:21,INFO,WebServer,Page view: /home by u1286,E103,Page view: {page} by {user}
10314,2026-01-10,16:57:06,INFO,WebServer,Page view: /home by u4324,E103,Page view: {page} by {user}
10315,2026-01-10,16:11:48,WARN,OrderProcessor,High latency (585ms) detected on OrderProcessor,E201,High latency ({time}ms) detected on {service}
10316,2026-01-10,16:14:11,INFO,WebServer,User u2021 login successful,E101,User {user} login successful
10317,2026-01-10,16:58:50,INFO,WebServer,Health check passed: WebServer,E102,Health check passed: {service}
10318,2026-01-10,16:24:24,INFO,AuthService,User u1850 login successful,E101,User {user} login successful
10319,2026-01-10,16:05:03,INFO,WebServer,User u2713 login successful,E101,User {user} login successful
10320,2026-01-10,16:48:26,INFO,PaymentGateway,User u1699 login successful,E101,User {user} login successful
10321,2026-01-10,16:50:25,INFO,PaymentGateway,Transaction tx683706 completed in 1477ms,E104,Transaction {tx} completed in {time}ms
10322,2026-01-10,16:36:27,INFO,AuthService,Transaction tx935756 completed in 1362ms,E104,Transaction {tx} completed in {time}ms
10323,2026-01-10,16:30:38,INFO,WebServer,Page view: /home by u3187,E103,Page view: {page} by {user}
10324,2026-01-10,16:54:38,INFO,OrderProcessor,Health check passed: OrderProcessor,E102,Health check passed: {service}
10325,2026-01-10,16:35:40,INFO,WebServer,Health check passed: WebServer,E102,Health check passed: {service}
10326,2026-01-10,16:28:34,INFO,AuthService,User u4272 login successful,E101,User {user} login successful
10327,2026-01-10,16:47:55,INFO,AuthService,Page view: /home by u3706,E103,Page view: {page} by {user}
10328,2026-01-10,16:18:52,INFO,AuthService,Transaction tx426180 completed in 148ms,E104,Transaction {tx} completed in {time}ms
10329,2026-01-10,16:19:52,INFO,OrderProcessor,Transaction tx200447 completed in 339ms,E104,Transaction {tx} completed in {time}ms
10330,2026-01-10,16:22:15,INFO,AuthService,User u4857 login successful,E101,User {user} login successful
10331,2026-01-10,16:59:55,INFO,WebServer,Transaction tx550925 completed in 241ms,E104,Transaction {tx} completed in {time}ms
10332,2026-01-10,16:06:36,INFO,WebServer,Transaction tx994578 completed in 1239ms,E104,Transaction {tx} completed in {time}ms
10333,2026-01-10,16:30:31,INFO,WebServer,Health check passed: WebServer,E102,Health check passed: {service}
10334,2026-01-10,16:56:05,INFO,WebServer,Page view: /home by u3681,E103,Page view: {page} by {user}
10335,2026-01-10,16:02:35,INFO,OrderProcessor,Page view: /home by u4245,E103,Page view: {page} by {user}
10336,2026-01-10,16:56:56,INFO,WebServer,User u3634 login successful,E101,User {user} login successful
10337,2026-01-10,16:23:39,INFO,OrderProcessor,Page view: /home by u4698,E103,Page view: {page} by {user}
10338,2026-01-10,16:22:53,INFO,OrderProcessor,User u2589 login successful,E101,User {user} login successful
10339,2026-01-10,16:01:23,INFO,AuthService,Page view: /home by u4398,E103,Page view: {page} by {user}
10340,2026-01-10,16:01:02,INFO,AuthService,Health check passed: AuthService,E102,Health check passed: {service}
10341,2026-01-10,16:43:36,INFO,WebServer,Page view: /home by u3174,E103,Page view: {page} by {user}
10342,2026-01-10,16:13:49,WARN,WebServer,Disk usage > 85% on node node-5,E202,Disk usage > 85% on node {node}
10343,2026-01-10,16:01:05,INFO,AuthService,Transaction tx384499 completed in 408ms,E104,Transaction {tx} completed in {time}ms
10344,2026-01-10,16:36:20,INFO,WebServer,User u4390 login successful,E101,User {user} login successful
10345,2026-01-10,16:30:14,INFO,WebServer,Transaction tx654795 completed in 1758ms,E104,Transaction {tx} completed in {time}ms
10346,2026-01-10,16:58:23,INFO,PaymentGateway,Health check passed: PaymentGateway,E102,Health check passed: {service}
10347,2026-01-10,16:41:41,INFO,WebServer,Transaction tx875991 completed in 685ms,E104,Transaction {tx} completed in {time}ms
10348,2026-01-10,16:16:21,INFO,WebServer,User u3379 login successful,E101,User {user} login successful
10349,2026-01-10,16:26:15,INFO,WebServer,Page view: /home by u3184,E103,Page view: {page} by {user}
10350,2026-01-10,16:46:08,INFO,InventoryDB,Page view: /home by u2717,E103,Page view: {page} by {user}
10351,2026-01-10,16:16:56,INFO,WebServer,Health check passed: WebServer,E102,Health check passed: {service}
10352,2026-01-10,16:56:59,INFO,PaymentGateway,Page view: /home by u3429,E103,Page view: {page} by {user}
10353,2026-01-10,16:00:28,INFO,OrderProcessor,Page view: /home by u2589,E103,Page view: {page} by {user}
10354,2026-01-10,16:44:24,INFO,PaymentGateway,User u4815 login successful,E101,User {user} login successful
10355,2026-01-10,16:45:35,INFO,AuthService,Health check passed: AuthService,E102,Health check passed: {service}
10356,2026-01-10,16:10:43,INFO,PaymentGateway,Transaction tx754563 completed in 426ms,E104,Transaction {tx} completed in {time}ms
10357,2026-01-10,16:25:36,INFO,WebServer,User u3925 login successful,E101,User {user} login successful
10358,2026-01-10,16:11:11,INFO,WebServer,Transaction tx583407 completed in 43ms,E104,Transaction {tx} completed in {time}ms
10359,2026-01-10,16:58:00,ERROR,AuthService,Timeout waiting for lock on InventoryDB,E502,Timeout waiting for lock on {db}
10360,2026-01-10,16:49:23,INFO,AuthService,Transaction tx152734 completed in 298ms,E104,Transaction {tx} completed in {time}ms
10361,2026-01-10,16:23:15,INFO,AuthService,User u1434 login successful,E101,User {user} login successful
10362,2026-01-10,16:59:53,INFO,PaymentGateway,Health check passed: PaymentGateway,E102,Health check passed: {service}
10363,2026-01-10,16:41:20,INFO,WebServer,Transaction tx855305 completed in 1211ms,E104,Transaction {tx} completed in {time}ms
10364,2026-01-10,16:22:43,INFO,InventoryDB,User u3739 login successful,E101,User {user} login successful
10365,2026-01-10,16:55:09,INFO,WebServer,Health check passed: WebServer,E102,Health check passed: {service}
10366,2026-01-10,16:49:44,INFO,InventoryDB,Health check passed: InventoryDB,E102,Health check passed: {service}
10367,2026-01-10,16:20:59,INFO,AuthService,Transaction tx436225 completed in 1075ms,E104,Transaction {tx} completed in {time}ms
10368,2026-01-10,16:12:01,INFO,WebServer,User u2706 login successful,E101,User {user} login successful
10369,2026-01-10,16:40:57,INFO,OrderProcessor,User u3087 login successful,E101,User {user} login successful
10370,2026-01-10,16:14:23,INFO,InventoryDB,Transaction tx739303 completed in 1198ms,E104,Transaction {tx} completed in {time}ms
10371,2026-01-10,16:50:36,INFO,InventoryDB,Transaction tx750200 completed in 1706ms,E104,Transaction {tx} completed in {time}ms
10372,2026-01-10,16:17:34,INFO,WebServer,Transaction tx809087 completed in 1929ms,E104,Transaction {tx} completed in {time}ms
10373,2026-01-10,16:03:48,WARN,AuthService,High latency (793ms) detected on AuthService,E201,High latency ({time}ms) detected on {service}
10374,2026-01-10,16:12:36,INFO,WebServer,Health check passed: WebServer,E102,Health check passed: {service}
10375,2026-01-10,16:42:54,INFO,AuthService,User u1061 login successful,E101,User {user} login successful
10376,2026-01-10,16:58:31,INFO,WebServer,Health check passed: WebServer,E102,Health check passed: {service}
10377,2026-01-10,16:41:52,INFO,WebServer,User u4998 login successful,E101,User {user} login successful
10378,2026-01-10,16:51:04,INFO,WebServer,Page view: /home by u4617,E103,Page view: {page} by {user}
10379,2026-01-10,16:08:13,INFO,PaymentGateway,Transaction tx354011 completed in 796ms,E104,Transaction {tx} completed in {time}ms
10380,2026-01-10,16:02:12,INFO,WebServer,Health check passed: WebServer,E102,Health check passed: {service}
10381,2026-01-10,16:16:00,INFO,WebServer,Transaction tx838904 completed in 1010ms,E104,Transaction {tx} completed in {time}ms
10382,2026-01-10,16:57:19,INFO,WebServer,Transaction tx585729 completed in 1413ms,E104,Transaction {tx} completed in {time}ms
10383,2026-01-10,16:22:47,INFO,PaymentGateway,Page view: /home by u2506,E103,Page view: {page} by {user}
10384,2026-01-10,16:52:16,INFO,WebServer,User u2262 login successful,E101,User {user} login successful
10385,2026-01-10,16:46:29,INFO,WebServer,Transaction tx344795 completed in 1976ms,E104,Transaction {tx} completed in {time}ms
10386,2026-01-10,16:13:48,INFO,InventoryDB,Transaction tx983541 completed in 755ms,E104,Transaction {tx} completed in {time}ms
10387,2026-01-10,16:45:06,INFO,AuthService,Page view: /home by u2139,E103,Page view: {page} by {user}
10388,2026-01-10,16:49:42,INFO,AuthService,Transaction tx279139 completed in 391ms,E104,Transaction {tx} completed in {time}ms
10389,2026-01-10,16:14:59,INFO,WebServer,Transaction tx969827 completed in 1804ms,E104,Transaction {tx} completed in {time}ms
10390,2026-01-10,16:33:51,INFO,OrderProcessor,User u1190 login successful,E101,User {user} login successful
10391,2026-01-10,16:02:44,INFO,OrderProcessor,Page view: /home by u2128,E103,Page view: {page} by {user}
10392,2026-01-10,16:11:16,INFO,WebServer,Page view: /home by u1098,E103,Page view: {page} by {user}
10393,2026-01-10,16:15:04,INFO,WebServer,Transaction tx438026 completed in 1306ms,E104,Transaction {tx} completed in {time}ms
10394,2026-01-10,16:52:55,INFO,WebServer,Page view: /home by u3967,E103,Page view: {page} by {user}
10395,2026-01-10,16:25:30,INFO,OrderProcessor,User u4108 login successful,E101,User {user} login successful
10396,2026-01-10,16:29:46,INFO,AuthService,Page view: /home by u3261,E103,Page view: {page} by {user}
10397,2026-01-10,16:55:47,INFO,WebServer,Transaction tx446166 completed in 75ms,E104,Transaction {tx} completed in {time}ms
10398,2026-01-10,16:41:33,WARN,WebServer,High latency (566ms) detected on WebServer,E201,High latency ({time}ms) detected on {service}
10399,2026-01-10,16:24:25,WARN,AuthService,High latency (1913ms) detected on AuthService,E201,High latency ({time}ms) detected on {service}
10400,2026-01-10,16:07:39,INFO,WebServer,User u3093 login successful,E101,User {user} login successful
10401,2026-01-10,16:10:49,INFO,WebServer,Transaction tx939545 completed in 1062ms,E104,Transaction {tx} completed in {time}ms
10402,2026-01-10,16:07:12,INFO,InventoryDB,Health check passed: InventoryDB,E102,Health check passed: {service}
10403,2026-01-10,16:23:04,INFO,AuthService,Transaction tx458538 completed in 1261ms,E104,Transaction {tx} completed in {time}ms
10404,2026-01-10,16:22:56,INFO,AuthService,Health check passed: AuthService,E102,Health check passed: {service}
10405,2026-01-10,16:05:02,INFO,PaymentGateway,Health check passed: PaymentGateway,E102,Health check passed: {service}
10406,2026-01-10,16:06:02,INFO,WebServer,Page view: /home by u4697,E103,Page view: {page} by {user}
10407,2026-01-10,16:23:57,INFO,AuthService,Transaction tx623850 completed in 1869ms,E104,Transaction {tx} completed in {time}ms
10408,2026-01-10,16:27:56,INFO,WebServer,Transaction tx467197 completed in 409ms,E104,Transaction {tx} completed in {time}ms
10409,2026-01-10,16:43:27,INFO,OrderProcessor,Transaction tx487902 completed in 320ms,E104,Transaction {tx} completed in {time}ms
10410,2026-01-10,16:10:58,INFO,AuthService,User u3381 login successful,E101,User {user} login successful
10411,2026-01-10,16:35:34,INFO,InventoryDB,Transaction tx988655 completed in 1878ms,E104,Transaction {tx} completed in {time}ms
10412,2026-01-10,16:02:45,INFO,WebServer,Health check passed: WebServer,E102,Health check passed: {service}
10413,2026-01-10,16:14:38,INFO,WebServer,Page view: /home by u2538,E103,Page view: {page} by {user}
10414,2026-01-10,16:24:27,INFO,WebServer,User u3696 login successful,E101,User {user} login successful
10415,2026-01-10,16:05:16,INFO,WebServer,Health check passed: WebServer,E102,Health check passed: {service}
10416,2026-01-10,16:07:40,INFO,WebServer,Page view: /home by u3948,E103,Page view: {page} by {user}
10417,2026-01-10,16:48:24,INFO,OrderProcessor,User u1449 login successful,E101,User {user} login successful
10418,2026-01-10,16:59:23,INFO,WebServer,Transaction tx699811 completed in 1398ms,E104,Transaction {tx} completed in {time}ms
10419,2026-01-10,16:32:21,INFO,AuthService,Health check passed: AuthService,E102,Health check passed: {service}
10420,2026-01-10,16:23:30,INFO,InventoryDB,Page view: /home by u3846,E103,Page view: {page} by {user}
10421,2026-01-10,16:10:57,INFO,InventoryDB,User u4262 login successful,E101,User {user} login successful
10422,2026-01-10,16:18:11,INFO,WebServer,Page view: /home by u4786,E103,Page view: {page} by {user}
10423,2026-01-10,16:52:28,INFO,WebServer,Transaction tx783353 completed in 1406ms,E104,Transaction {tx} completed in {time}ms
10424,2026-01-10,16:27:21,WARN,OrderProcessor,Unauthorized access attempt from 10.0.0.88,E401,Unauthorized access attempt from {ip}
10425,2026-01-10,16:24:18,INFO,WebServer,Page view: /home by u4879,E103,Page view: {page} by {user}
10426,2026-01-10,16:59:50,INFO,OrderProcessor,User u2097 login successful,E101,User {user} login successful
10427,2026-01-10,16:52:28,INFO,OrderProcessor,Transaction tx434401 completed in 445ms,E104,Transaction {tx} completed in {time}ms
10428,2026-01-10,16:37:23,INFO,WebServer,Transaction tx476346 completed in 318ms,E104,Transaction {tx} completed in {time}ms
10429,2026-01-10,16:11:46,INFO,AuthService,Transaction tx536284 completed in 1496ms,E104,Transaction {tx} completed in {time}ms
10430,2026-01-10,16:39:49,INFO,AuthService,Health check passed: AuthService,E102,Health check passed: {service}
10431,2026-01-10,16:26:23,INFO,WebServer,Transaction tx588656 completed in 346ms,E104,Transaction {tx} completed in {time}ms
10432,2026-01-10,16:19:52,INFO,AuthService,Health check passed: AuthService,E102,Health check passed: {service}
10433,2026-01-10,16:06:31,INFO,AuthService,User u2937 login successful,E101,User {user} login successful
10434,2026-01-10,16:44:15,CRITICAL,InventoryDB,DATA CORRUPTION detected in sector 310,E602,DATA CORRUPTION detected in sector {sector}
10435,2026-01-10,16:24:58,INFO,WebServer,Transaction tx911036 completed in 66ms,E104,Transaction {tx} completed in {time}ms
10436,2026-01-10,16:08:06,INFO,AuthService,User u1331 login successful,E101,User {user} login successful
10437,2026-01-10,16:52:39,INFO,AuthService,Page view: /home by u2869,E103,Page view: {page} by {user}
10438,2026-01-10,16:56:26,INFO,AuthService,Health check passed: AuthService,E102,Health check passed: {service}
10439,2026-01-10,16:30:04,INFO,AuthService,User u1516 login successful,E101,User {user} login successful
10440,2026-01-10,16:08:49,INFO,WebServer,Health check passed: WebServer,E102,Health check passed: {service}
10441,2026-01-10,16:54:56,INFO,OrderProcessor,Health check passed: OrderProcessor,E102,Health check passed: {service}
10442,2026-01-10,16:44:10,INFO,WebServer,User u1627 login successful,E101,User {user} login successful
10443,2026-01-10,16:32:51,INFO,WebServer,Health check passed: WebServer,E102,Health check passed: {service}
10444,2026-01-10,16:56:43,ERROR,WebServer,Payment declined: Gateway unavailable,E503,Payment declined: Gateway unavailable
10445,2026-01-10,16:08:48,CRITICAL,PaymentGateway,DATA CORRUPTION detected in sector 113,E602,DATA CORRUPTION detected in sector {sector}
10446,2026-01-10,16:10:58,INFO,OrderProcessor,Health check passed: OrderProcessor,E102,Health check passed: {service}
10447,2026-01-10,16:04:03,INFO,WebServer,Transaction tx960528 completed in 1299ms,E104,Transaction {tx} completed in {time}ms
10448,2026-01-10,16:16:31,WARN,AuthService,Disk usage > 85% on node node-1,E202,Disk usage > 85% on node {node}
10449,2026-01-10,16:55:24,INFO,AuthService,Transaction tx551853 completed in 1541ms,E104,Transaction {tx} completed in {time}ms
10450,2026-01-10,16:25:59,INFO,WebServer,Transaction tx662658 completed in 1495ms,E104,Transaction {tx} completed in {time}ms
10451,2026-01-10,16:32:53,INFO,WebServer,Page view: /home by u4815,E103,Page view: {page} by {user}
10452,2026-01-10,16:56:56,INFO,AuthService,Page view: /home by u2263,E103,Page view: {page} by {user}
10453,2026-01-10,16:16:05,WARN,WebServer,Disk usage > 85% on node node-2,E202,Disk usage > 85% on node {node}
10454,2026-01-10,16:59:08,INFO,WebServer,Page view: /home by u1921,E103,Page view: {page} by {user}
10455,2026-01-10,16:58:19,INFO,InventoryDB,Transaction tx426216 completed in 325ms,E104,Transaction {tx} completed in {time}ms
10456,2026-01-10,16:10:39,INFO,AuthService,Page view: /home by u1796,E103,Page view: {page} by {user}
10457,2026-01-10,16:28:39,INFO,WebServer,Transaction tx375994 completed in 155ms,E104,Transaction {tx} completed in {time}ms
10458,2026-01-10,16:36:14,INFO,OrderProcessor,Page view: /home by u3628,E103,Page view: {page} by {user}
10459,2026-01-10,16:44:25,INFO,PaymentGateway,Health check passed: PaymentGateway,E102,Health check passed: {service}
10460,2026-01-10,16:53:01,INFO,WebServer,Page view: /home by u4593,E103,Page view: {page} by {user}
10461,2026-01-10,16:50:32,INFO,AuthService,Page view: /home by u3869,E103,Page view: {page} by {user}
10462,2026-01-10,16:45:12,INFO,WebServer,Page view: /home by u1830,E103,Page view: {page} by {user}
10463,2026-01-10,16:47:45,INFO,WebServer,User u3636 login successful,E101,User {user} login successful
10464,2026-01-10,16:04:29,INFO,WebServer,Transaction tx677493 completed in 932ms,E104,Transaction {tx} completed in {time}ms
10465,2026-01-10,16:44:35,INFO,WebServer,Health check passed: WebServer,E102,Health check passed: {service}
10466,2026-01-10,16:15:39,INFO,OrderProcessor,Transaction tx714192 completed in 36ms,E104,Transaction {tx} completed in {time}ms
10467,2026-01-10,16:07:27,INFO,OrderProcessor,Health check passed: OrderProcessor,E102,Health check passed: {service}
10468,2026-01-10,16:29:14,INFO,WebServer,Health check passed: WebServer,E102,Health check passed: {service}
10469,2026-01-10,16:05:41,INFO,InventoryDB,Health check passed: InventoryDB,E102,Health check passed: {service}
10470,2026-01-10,17:35:25,INFO,OrderProcessor,Transaction tx893051 completed in 605ms,E104,Transaction {tx} completed in {time}ms
10471,2026-01-10,17:41:45,INFO,WebServer,Health check passed: WebServer,E102,Health check passed: {service}
10472,2026-01-10,17:51:27,INFO,WebServer,Health check passed: WebServer,E102,Health check passed: {service}
10473,2026-01-10,17:51:53,INFO,WebServer,Health check passed: WebServer,E102,Health check passed: {service}
10474,2026-01-10,17:34:00,INFO,OrderProcessor,User u2708 login successful,E101,User {user} login successful
10475,2026-01-10,17:52:06,INFO,PaymentGateway,User u3899 login successful,E101,User {user} login successful
10476,2026-01-10,17:31:41,INFO,InventoryDB,Page view: /home by u1532,E103,Page view: {page} by {user}
10477,2026-01-10,17:47:08,ERROR,OrderProcessor,Payment declined: Gateway unavailable,E503,Payment declined: Gateway unavailable
10478,2026-01-10,17:12:02,INFO,OrderProcessor,Health check passed: OrderProcessor,E102,Health check passed: {service}
10479,2026-01-10,17:23:02,INFO,WebServer,User u3987 login successful,E101,User {user} login successful
10480,2026-01-10,17:35:05,INFO,WebServer,Page view: /home by u3821,E103,Page view: {page} by {user}
10481,2026-01-10,17:42:43,INFO,InventoryDB,Health check passed: InventoryDB,E102,Health check passed: {service}
10482,2026-01-10,17:32:42,INFO,AuthService,Transaction tx968194 completed in 493ms,E104,Transaction {tx} completed in {time}ms
10483,2026-01-10,17:12:35,INFO,InventoryDB,Page view: /home by u3418,E103,Page view: {page} by {user}
10484,2026-01-10,17:20:35,INFO,OrderProcessor,Page view: /home by u3739,E103,Page view: {page} by {user}
10485,2026-01-10,17:42:13,INFO,AuthService,User u2202 login successful,E101,User {user} login successful
10486,2026-01-10,17:27:44,INFO,OrderProcessor,Transaction tx363939 completed in 998ms,E104,Transaction {tx} completed in {time}ms
10487,2026-01-10,17:51:01,INFO,PaymentGateway,Transaction tx964824 completed in 1235ms,E104,Transaction {tx} completed in {time}ms
10488,2026-01-10,17:43:25,INFO,PaymentGateway,Health check passed: PaymentGateway,E102,Health check passed: {service}
10489,2026-01-10,17:37:31,INFO,PaymentGateway,Transaction tx282231 completed in 212ms,E104,Transaction {tx} completed in {time}ms
10490,2026-01-10,17:41:19,INFO,OrderProcessor,User u4621 login successful,E101,User {user} login successful
10491,2026-01-10,17:18:31,WARN,WebServer,Disk usage > 85% on node node-4,E202,Disk usage > 85% on node {node}
10492,2026-01-10,17:00:39,INFO,AuthService,User u4325 login successful,E101,User {user} login successful
10493,2026-01-10,17:50:14,INFO,PaymentGateway,Page view: /home by u4340,E103,Page view: {page} by {user}
10494,2026-01-10,17:00:04,INFO,WebServer,Health check passed: WebServer,E102,Health check passed: {service}
10495,2026-01-10,17:31:50,INFO,AuthService,Transaction tx763677 completed in 1411ms,E104,Transaction {tx} completed in {time}ms
10496,2026-01-10,17:11:47,INFO,PaymentGateway,Transaction tx678942 completed in 1264ms,E104,Transaction {tx} completed in {time}ms
10497,2026-01-10,17:18:50,INFO,WebServer,Health check passed: WebServer,E102,Health check passed: {service}
10498,2026-01-10,17:11:56,INFO,PaymentGateway,Page view: /home by u1047,E103,Page view: {page} by {user}
10499,2026-01-10,17:34:06,INFO,InventoryDB,Page view: /home by u4594,E103,Page view: {page} by {user}
10500,2026-01-10,17:14:50,INFO,PaymentGateway,User u2775 login successful,E101,User {user} login successful
10501,2026-01-10,17:00:40,INFO,WebServer,User u1729 login successful,E101,User {user} login successful
10502,2026-01-10,17:28:19,INFO,AuthService,Transaction tx976321 completed in 1574ms,E104,Transaction {tx} completed in {time}ms
10503,2026-01-10,17:08:20,INFO,WebServer,User u2015 login successful,E101,User {user} login successful
10504,2026-01-10,17:00:02,INFO,WebServer,Transaction tx900934 completed in 182ms,E104,Transaction {tx} completed in {time}ms
10505,2026-01-10,17:16:47,INFO,PaymentGateway,Transaction tx871850 completed in 74ms,E104,Transaction {tx} completed in {time}ms
10506,2026-01-10,17:02:15,INFO,WebServer,Health check passed: WebServer,E102,Health check passed: {service}
10507,2026-01-10,17:21:56,INFO,OrderProcessor,User u1977 login successful,E101,User {user} login successful
10508,2026-01-10,17:54:36,INFO,OrderProcessor,Transaction tx622777 completed in 743ms,E104,Transaction {tx} completed in {time}ms
10509,2026-01-10,17:15:17,INFO,InventoryDB,Health check passed: InventoryDB,E102,Health check passed: {service}
10510,2026-01-10,17:31:45,INFO,OrderProcessor,User u4287 login successful,E101,User {user} login successful
10511,2026-01-10,17:53:02,WARN,WebServer,Disk usage > 85% on node node-1,E202,Disk usage > 85% on node {node}
10512,2026-01-10,17:35:09,INFO,OrderProcessor,Transaction tx824632 completed in 1717ms,E104,Transaction {tx} completed in {time}ms
10513,2026-01-10,17:37:59,INFO,WebServer,Health check passed: WebServer,E102,Health check passed: {service}
10514,2026-01-10,17:50:11,INFO,AuthService,Health check passed: AuthService,E102,Health check passed: {service}
10515,2026-01-10,17:21:06,INFO,AuthService,Health check passed: AuthService,E102,Health check passed: {service}
10516,2026-01-10,17:30:38,INFO,PaymentGateway,Page view: /home by u1240,E103,Page view: {page} by {user}
10517,2026-01-10,17:42:44,INFO,InventoryDB,Page view: /home by u2575,E103,Page view: {page} by {user}
10518,2026-01-10,17:34:54,INFO,OrderProcessor,Transaction tx559919 completed in 1206ms,E104,Transaction {tx} completed in {time}ms
10519,2026-01-10,17:35:45,INFO,AuthService,Page view: /home by u1594,E103,Page view: {page} by {user}
10520,2026-01-10,17:29:19,INFO,WebServer,Transaction tx968977 completed in 1448ms,E104,Transaction {tx} completed in {time}ms
10521,2026-01-10,17:05:58,INFO,AuthService,User u3792 login successful,E101,User {user} login successful
10522,2026-01-10,17:20:49,INFO,PaymentGateway,Transaction tx436542 completed in 460ms,E104,Transaction {tx} completed in {time}ms
10523,2026-01-10,17:16:15,INFO,AuthService,User u4020 login successful,E101,User {user} login successful
10524,2026-01-10,17:16:38,INFO,AuthService,Transaction tx973598 completed in 70ms,E104,Transaction {tx} completed in {time}ms
10525,2026-01-10,17:53:09,INFO,AuthService,Page view: /home by u3385,E103,Page view: {page} by {user}
10526,2026-01-10,17:52:54,INFO,WebServer,User u2184 login successful,E101,User {user} login successful
10527,2026-01-10,17:44:11,INFO,WebServer,Transaction tx172393 completed in 1045ms,E104,Transaction {tx} completed in {time}ms
10528,2026-01-10,17:05:07,INFO,PaymentGateway,Transaction tx873002 completed in 1435ms,E104,Transaction {tx} completed in {time}ms
10529,2026-01-10,17:34:52,INFO,WebServer,Transaction tx483255 completed in 579ms,E104,Transaction {tx} completed in {time}ms
10530,2026-01-10,17:59:02,INFO,OrderProcessor,User u4940 login successful,E101,User {user} login successful
10531,2026-01-10,17:32:23,INFO,WebServer,User u4372 login successful,E101,User {user} login successful
10532,2026-01-10,17:40:37,WARN,AuthService,High latency (1379ms) detected on AuthService,E201,High latency ({time}ms) detected on {service}
10533,2026-01-10,17:04:49,INFO,WebServer,Page view: /home by u1588,E103,Page view: {page} by {user}
10534,2026-01-10,17:34:02,INFO,WebServer,Page view: /home by u4127,E103,Page view: {page} by {user}
10535,2026-01-10,17:46:06,INFO,AuthService,Health check passed: AuthService,E102,Health check passed: {service}
10536,2026-01-10,17:48:19,INFO,WebServer,Transaction tx415659 completed in 1650ms,E104,Transaction {tx} completed in {time}ms
10537,2026-01-10,17:42:33,INFO,AuthService,Health check passed: AuthService,E102,Health check passed: {service}
10538,2026-01-10,17:34:09,INFO,InventoryDB,Page view: /home by u3020,E103,Page view: {page} by {user}
10539,2026-01-10,17:29:02,INFO,WebServer,Health check passed: WebServer,E102,Health check passed: {service}
10540,2026-01-10,17:33:16,INFO,WebServer,Health check passed: WebServer,E102,Health check passed: {service}
10541,2026-01-10,17:05:10,INFO,WebServer,Health check passed: WebServer,E102,Health check passed: {service}
10542,2026-01-10,17:09:03,INFO,WebServer,Page view: /home by u1603,E103,Page view: {page} by {user}
10543,2026-01-10,17:05:40,INFO,OrderProcessor,Page view: /home by u1158,E103,Page view: {page} by {user}
10544,2026-01-10,17:14:30,INFO,OrderProcessor,Transaction tx490952 completed in 1484ms,E104,Transaction {tx} completed in {time}ms
10545,2026-01-10,17:04:29,INFO,WebServer,User u3027 login successful,E101,User {user} login successful
10546,2026-01-10,17:11:39,INFO,OrderProcessor,User u2137 login successful,E101,User {user} login successful
10547,2026-01-10,17:33:21,INFO,WebServer,Page view: /home by u2720,E103,Page view: {page} by {user}
10548,2026-01-10,17:41:01,INFO,OrderProcessor,Health check passed: OrderProcessor,E102,Health check passed: {service}
10549,2026-01-10,17:33:52,INFO,AuthService,Page view: /home by u4517,E103,Page view: {page} by {user}
10550,2026-01-10,17:03:34,INFO,WebServer,Page view: /home by u4264,E103,Page view: {page} by {user}
10551,2026-01-10,17:51:32,INFO,AuthService,Health check passed: AuthService,E102,Health check passed: {service}
10552,2026-01-10,17:56:39,INFO,InventoryDB,Health check passed: InventoryDB,E102,Health check passed: {service}
10553,2026-01-10,17:46:12,WARN,WebServer,Disk usage > 85% on node node-4,E202,Disk usage > 85% on node {node}
10554,2026-01-10,17:50:55,INFO,AuthService,Transaction tx240748 completed in 291ms,E104,Transaction {tx} completed in {time}ms
10555,2026-01-10,17:44:17,INFO,OrderProcessor,Page view: /home by u4903,E103,Page view: {page} by {user}
10556,2026-01-10,17:01:21,INFO,WebServer,Transaction tx914127 completed in 641ms,E104,Transaction {tx} completed in {time}ms
10557,2026-01-10,17:41:44,INFO,InventoryDB,Page view: /home by u3546,E103,Page view: {page} by {user}
10558,2026-01-10,17:33:34,INFO,PaymentGateway,Health check passed: PaymentGateway,E102,Health check passed: {service}
10559,2026-01-10,17:26:52,ERROR,WebServer,Payment declined: Gateway unavailable,E503,Payment declined: Gateway unavailable
10560,2026-01-10,17:30:38,WARN,OrderProcessor,Unauthorized access attempt from 10.0.0.12,E401,Unauthorized access attempt from {ip}
10561,2026-01-10,17:44:55,INFO,WebServer,Page view: /home by u1121,E103,Page view: {page} by {user}
10562,2026-01-10,17:47:55,INFO,WebServer,Transaction tx481792 completed in 803ms,E104,Transaction {tx} completed in {time}ms
10563,2026-01-10,17:30:24,INFO,WebServer,Health check passed: WebServer,E102,Health check passed: {service}
10564,2026-01-10,17:48:46,INFO,InventoryDB,User u4850 login successful,E101,User {user} login successful
10565,2026-01-10,17:09:20,INFO,AuthService,Page view: /home by u2278,E103,Page view: {page} by {user}
10566,2026-01-10,17:03:10,INFO,WebServer,Page view: /home by u2857,E103,Page view: {page} by {user}
10567,2026-01-10,17:27:52,INFO,WebServer,Transaction tx908792 completed in 1503ms,E104,Transaction {tx} completed in {time}ms
10568,2026-01-10,17:14:26,INFO,WebServer,Transaction tx816111 completed in 1128ms,E104,Transaction {tx} completed in {time}ms
10569,2026-01-10,17:29:47,INFO,WebServer,User u3869 login successful,E101,User {user} login successful
10570,2026-01-10,17:32:35,INFO,PaymentGateway,Page view: /home by u2963,E103,Page view: {page} by {user}
10571,2026-01-10,17:16:52,WARN,WebServer,Disk usage > 85% on node node-5,E202,Disk usage > 85% on node {node}
10572,2026-01-10,17:51:11,INFO,WebServer,Transaction tx440160 completed in 1189ms,E104,Transaction {tx} completed in {time}ms
10573,2026-01-10,17:06:56,INFO,WebServer,User u2469 login successful,E101,User {user} login successful
10574,2026-01-10,17:46:42,INFO,WebServer,Page view: /home by u1477,E103,Page view: {page} by {user}
10575,2026-01-10,17:31:09,INFO,PaymentGateway,Health check passed: PaymentGateway,E102,Health check passed: {service}
10576,2026-01-10,17:10:29,INFO,InventoryDB,Page view: /home by u3755,E103,Page view: {page} by {user}
10577,2026-01-10,17:03:54,INFO,WebServer,Health check passed: WebServer,E102,Health check passed: {service}
10578,2026-01-10,17:52:35,INFO,WebServer,User u4075 login successful,E101,User {user} login successful
10579,2026-01-10,17:41:39,INFO,OrderProcessor,Health check passed: OrderProcessor,E102,Health check passed: {service}
10580,2026-01-10,17:29:11,INFO,PaymentGateway,User u1546 login successful,E101,User {user} login successful
10581,2026-01-10,17:01:37,INFO,PaymentGateway,Transaction tx500648 completed in 540ms,E104,Transaction {tx} completed in {time}ms
10582,2026-01-10,17:42:46,INFO,InventoryDB,User u1226 login successful,E101,User {user} login successful
10583,2026-01-10,17:42:35,INFO,WebServer,Transaction tx879312 completed in 1478ms,E104,Transaction {tx} completed in {time}ms
10584,2026-01-10,17:37:37,ERROR,WebServer,Payment declined: Gateway unavailable,E503,Payment declined: Gateway unavailable
10585,2026-01-10,17:21:12,INFO,AuthService,Page view: /home by u4685,E103,Page view: {page} by {user}
10586,2026-01-10,17:22:17,INFO,InventoryDB,User u2989 login successful,E101,User {user} login successful
10587,2026-01-10,17:05:22,INFO,WebServer,Transaction tx612499 completed in 837ms,E104,Transaction {tx} completed in {time}ms
10588,2026-01-10,17:01:48,INFO,WebServer,User u2574 login successful,E101,User {user} login successful
10589,2026-01-10,17:04:46,INFO,AuthService,Transaction tx961245 completed in 36ms,E104,Transaction {tx} completed in {time}ms
10590,2026-01-10,17:02:25,INFO,WebServer,Page view: /home by u3783,E103,Page view: {page} by {user}
10591,2026-01-10,17:17:27,INFO,AuthService,User u4171 login successful,E101,User {user} login successful
10592,2026-01-10,17:14:41,INFO,WebServer,Page view: /home by u4145,E103,Page view: {page} by {user}
10593,2026-01-10,17:56:16,INFO,WebServer,Health check passed: WebServer,E102,Health check passed: {service}
10594,2026-01-10,17:27:25,INFO,AuthService,User u3501 login successful,E101,User {user} login successful
10595,2026-01-10,17:35:27,INFO,WebServer,Page view: /home by u3344,E103,Page view: {page} by {user}
10596,2026-01-10,17:40:06,INFO,OrderProcessor,Health check passed: OrderProcessor,E102,Health check passed: {service}
10597,2026-01-10,17:15:17,INFO,WebServer,User u4910 login successful,E101,User {user} login successful
10598,2026-01-10,17:36:21,INFO,OrderProcessor,Page view: /home by u4020,E103,Page view: {page} by {user}
10599,2026-01-10,17:01:15,INFO,WebServer,Health check passed: WebServer,E102,Health check passed: {service}
10600,2026-01-10,17:52:07,INFO,WebServer,Transaction tx184205 completed in 333ms,E104,Transaction {tx} completed in {time}ms
10601,2026-01-10,17:04:03,INFO,AuthService,Health check passed: AuthService,E102,Health check passed: {service}
10602,2026-01-10,17:53:59,CRITICAL,WebServer,DATA CORRUPTION detected in sector 716,E602,DATA CORRUPTION detected in sector {sector}
10603,2026-01-10,17:52:18,INFO,InventoryDB,Transaction tx840143 completed in 1140ms,E104,Transaction {tx} completed in {time}ms
10604,2026-01-10,17:28:24,INFO,WebServer,Health check passed: WebServer,E102,Health check passed: {service}
10605,2026-01-10,17:47:21,INFO,WebServer,User u3357 login successful,E101,User {user} login successful
10606,2026-01-10,17:07:44,INFO,AuthService,Transaction tx202509 completed in 1680ms,E104,Transaction {tx} completed in {time}ms
10607,2026-01-10,17:08:10,INFO,WebServer,User u3436 login successful,E101,User {user} login successful
10608,2026-01-10,17:09:41,INFO,OrderProcessor,User u4820 login successful,E101,User {user} login successful
10609,2026-01-10,17:24:04,INFO,WebServer,Transaction tx851529 completed in 1117ms,E104,Transaction {tx} completed in {time}ms
10610,2026-01-10,17:23:38,INFO,WebServer,Page view: /home by u3223,E103,Page view: {page} by {user}
10611,2026-01-10,17:30:24,INFO,OrderProcessor,Health check passed: OrderProcessor,E102,Health check passed: {service}
10612,2026-01-10,17:23:37,INFO,InventoryDB,Transaction tx497569 completed in 390ms,E104,Transaction {tx} completed in {time}ms
10613,2026-01-10,17:19:27,INFO,InventoryDB,Page view: /home by u1043,E103,Page view: {page} by {user}
10614,2026-01-10,17:06:22,WARN,AuthService,Unauthorized access attempt from 10.0.0.45,E401,Unauthorized access attempt from {ip}
10615,2026-01-10,17:27:35,INFO,WebServer,Transaction tx224534 completed in 827ms,E104,Transaction {tx} completed in {time}ms
10616,2026-01-10,17:10:22,INFO,AuthService,Page view: /home by u4301,E103,Page view: {page} by {user}
10617,2026-01-10,17:10:37,INFO,WebServer,Page view: /home by u4348,E103,Page view: {page} by {user}
10618,2026-01-10,17:32:07,INFO,InventoryDB,User u3512 login successful,E101,User {user} login successful
10619,2026-01-10,17:46:52,INFO,WebServer,Health check passed: WebServer,E102,Health check passed: {service}
10620,2026-01-10,17:18:28,INFO,OrderProcessor,Transaction tx422950 completed in 1172ms,E104,Transaction {tx} completed in {time}ms
10621,2026-01-10,17:09:42,INFO,AuthService,Health check passed: AuthService,E102,Health check passed: {service}
10622,2026-01-10,17:26:09,INFO,WebServer,User u2864 login successful,E101,User {user} login successful
10623,2026-01-10,17:25:38,INFO,WebServer,User u3955 login successful,E101,User {user} login successful
10624,2026-01-10,17:53:26,INFO,OrderProcessor,User u1957 login successful,E101,User {user} login successful
10625,2026-01-10,17:56:45,INFO,AuthService,Health check passed: AuthService,E102,Health check passed: {service}
10626,2026-01-10,17:58:26,INFO,WebServer,User u2354 login successful,E101,User {user} login successful
10627,2026-01-10,17:45:45,INFO,AuthService,Health check passed: AuthService,E102,Health check passed: {service}
10628,2026-01-10,17:19:01,INFO,OrderProcessor,Health check passed: OrderProcessor,E102,Health check passed: {service}
10629,2026-01-10,17:34:31,INFO,PaymentGateway,User u1321 login successful,E101,User {user} login successful
10630,2026-01-10,17:04:12,WARN,AuthService,Unauthorized access attempt from 10.0.0.45,E401,Unauthorized access attempt from {ip}
10631,2026-01-10,17:13:21,INFO,WebServer,Page view: /home by u1435,E103,Page view: {page} by {user}
10632,2026-01-10,17:41:48,INFO,OrderProcessor,User u2352 login successful,E101,User {user} login successful
10633,2026-01-10,17:28:42,INFO,PaymentGateway,User u4372 login successful,E101,User {user} login successful
10634,2026-01-10,17:02:14,INFO,PaymentGateway,User u1802 login successful,E101,User {user} login successful
10635,2026-01-10,17:11:52,INFO,WebServer,User u2608 login successful,E101,User {user} login successful
10636,2026-01-10,17:15:35,INFO,WebServer,User u2752 login successful,E101,User {user} login successful
10637,2026-01-10,17:51:55,INFO,WebServer,Page view: /home by u3324,E103,Page view: {page} by {user}
10638,2026-01-10,17:03:47,INFO,OrderProcessor,Page view: /home by u1346,E103,Page view: {page} by {user}
10639,2026-01-10,17:23:31,ERROR,PaymentGateway,Payment declined: Gateway unavailable,E503,Payment declined: Gateway unavailable
10640,2026-01-10,17:48:27,INFO,WebServer,Transaction tx766957 completed in 1670ms,E104,Transaction {tx} completed in {time}ms
10641,2026-01-10,17:38:14,INFO,WebServer,Health check passed: WebServer,E102,Health check passed: {service}
10642,2026-01-10,17:27:53,INFO,WebServer,Transaction tx789904 completed in 196ms,E104,Transaction {tx} completed in {time}ms
10643,2026-01-10,17:35:14,INFO,AuthService,Health check passed: AuthService,E102,Health check passed: {service}
10644,2026-01-10,17:13:46,INFO,WebServer,Page view: /home by u3483,E103,Page view: {page} by {user}
10645,2026-01-10,17:23:47,WARN,AuthService,Disk usage > 85% on node node-2,E202,Disk usage > 85% on node {node}
10646,2026-01-10,17:56:00,INFO,OrderProcessor,User u4722 login successful,E101,User {user} login successful
10647,2026-01-10,17:58:30,INFO,AuthService,User u4409 login successful,E101,User {user} login successful
10648,2026-01-10,17:59:53,INFO,AuthService,Transaction tx966696 completed in 620ms,E104,Transaction {tx} completed in {time}ms
10649,2026-01-10,17:12:45,INFO,WebServer,Health check passed: WebServer,E102,Health check passed: {service}
10650,2026-01-10,17:30:54,INFO,WebServer,Page view: /home by u1206,E103,Page view: {page} by {user}
10651,2026-01-10,17:51:09,INFO,WebServer,User u3820 login successful,E101,User {user} login successful
10652,2026-01-10,17:00:39,INFO,WebServer,Page view: /home by u4835,E103,Page view: {page} by {user}
10653,2026-01-10,17:27:09,INFO,WebServer,Health check passed: WebServer,E102,Health check passed: {service}
10654,2026-01-10,17:57:39,INFO,AuthService,Transaction tx113017 completed in 538ms,E104,Transaction {tx} completed in {time}ms
10655,2026-01-10,17:07:15,INFO,AuthService,Health check passed: AuthService,E102,Health check passed: {service}
10656,2026-01-10,17:17:03,INFO,AuthService,User u1802 login successful,E101,User {user} login successful
10657,2026-01-10,17:57:13,INFO,InventoryDB,Page view: /home by u4712,E103,Page view: {page} by {user}
10658,2026-01-10,17:01:57,INFO,WebServer,User u1676 login successful,E101,User {user} login successful
10659,2026-01-10,17:21:30,INFO,WebServer,Transaction tx247084 completed in 351ms,E104,Transaction {tx} completed in {time}ms
10660,2026-01-10,17:15:31,ERROR,AuthService,Timeout waiting for lock on InventoryDB,E502,Timeout waiting for lock on {db}
10661,2026-01-10,17:50:06,WARN,AuthService,Disk usage > 85% on node node-4,E202,Disk usage > 85% on node {node}
10662,2026-01-10,17:33:22,INFO,WebServer,Page view: /home by u3623,E103,Page view: {page} by {user}
10663,2026-01-10,17:32:41,INFO,PaymentGateway,Transaction tx433744 completed in 1768ms,E104,Transaction {tx} completed in {time}ms
10664,2026-01-10,17:37:49,INFO,AuthService,User u3946 login successful,E101,User {user} login successful
10665,2026-01-10,17:07:27,INFO,WebServer,Page view: /home by u2538,E103,Page view: {page} by {user}
10666,2026-01-10,17:57:42,WARN,WebServer,High latency (1496ms) detected on WebServer,E201,High latency ({time}ms) detected on {service}
10667,2026-01-10,17:11:57,INFO,PaymentGateway,User u2619 login successful,E101,User {user} login successful
10668,2026-01-10,17:57:41,INFO,WebServer,Page view: /home by u2988,E103,Page view: {page} by {user}
10669,2026-01-10,17:46:50,INFO,OrderProcessor,Page view: /home by u3335,E103,Page view: {page} by {user}
10670,2026-01-10,17:09:30,INFO,AuthService,User u3563 login successful,E101,User {user} login successful
10671,2026-01-10,17:25:40,INFO,WebServer,Transaction tx755251 completed in 1641ms,E104,Transaction {tx} completed in {time}ms
10672,2026-01-10,17:02:18,INFO,AuthService,User u4740 login successful,E101,User {user} login successful
10673,2026-01-10,17:58:51,INFO,AuthService,Health check passed: AuthService,E102,Health check passed: {service}
10674,2026-01-10,17:54:14,INFO,WebServer,User u2562 login successful,E101,User {user} login successful
10675,2026-01-10,17:16:07,WARN,PaymentGateway,Disk usage > 85% on node node-5,E202,Disk usage > 85% on node {node}
10676,2026-01-10,17:43:14,INFO,OrderProcessor,Health check passed: OrderProcessor,E102,Health check passed: {service}
10677,2026-01-10,17:10:43,INFO,PaymentGateway,Page view: /home by u3249,E103,Page view: {page} by {user}
10678,2026-01-10,17:36:30,INFO,WebServer,Page view: /home by u1719,E103,Page view: {page} by {user}
10679,2026-01-10,17:27:33,INFO,WebServer,User u1657 login successful,E101,User {user} login successful
10680,2026-01-10,17:55:34,INFO,OrderProcessor,Page view: /home by u3970,E103,Page view: {page} by {user}
10681,2026-01-10,17:15:44,INFO,WebServer,User u2997 login successful,E101,User {user} login successful
10682,2026-01-10,17:22:16,INFO,WebServer,Transaction tx574563 completed in 546ms,E104,Transaction {tx} completed in {time}ms
10683,2026-01-10,17:10:39,WARN,WebServer,Unauthorized access attempt from 10.0.0.45,E401,Unauthorized access attempt from {ip}
10684,2026-01-10,17:46:34,INFO,AuthService,Health check passed: AuthService,E102,Health check passed: {service}
10685,2026-01-10,17:04:55,INFO,WebServer,Health check passed: WebServer,E102,Health check passed: {service}
10686,2026-01-10,17:47:45,INFO,AuthService,Transaction tx725887 completed in 1149ms,E104,Transaction {tx} completed in {time}ms
10687,2026-01-10,17:12:05,INFO,WebServer,Transaction tx595611 completed in 661ms,E104,Transaction {tx} completed in {time}ms
10688,2026-01-10,17:13:46,INFO,OrderProcessor,Transaction tx318672 completed in 909ms,E104,Transaction {tx} completed in {time}ms
10689,2026-01-10,17:35:24,INFO,AuthService,Transaction tx795249 completed in 610ms,E104,Transaction {tx} completed in {time}ms
10690,2026-01-10,17:09:41,INFO,WebServer,Transaction tx138480 completed in 1670ms,E104,Transaction {tx} completed in {time}ms
10691,2026-01-10,17:28:58,INFO,PaymentGateway,Transaction tx863402 completed in 1594ms,E104,Transaction {tx} completed in {time}ms
10692,2026-01-10,17:13:31,INFO,AuthService,User u4911 login successful,E101,User {user} login successful
10693,2026-01-10,17:44:01,INFO,WebServer,Transaction tx550734 completed in 1671ms,E104,Transaction {tx} completed in {time}ms
10694,2026-01-10,17:16:00,INFO,AuthService,User u3042 login successful,E101,User {user} login successful
10695,2026-01-10,17:26:04,INFO,OrderProcessor,Transaction tx804919 completed in 589ms,E104,Transaction {tx} completed in {time}ms
10696,2026-01-10,17:11:14,INFO,WebServer,User u2818 login successful,E101,User {user} login successful
10697,2026-01-10,17:37:17,INFO,OrderProcessor,User u1840 login successful,E101,User {user} login successful
10698,2026-01-10,17:52:14,INFO,WebServer,User u3621 login successful,E101,User {user} login successful
10699,2026-01-10,17:25:17,INFO,WebServer,User u3907 login successful,E101,User {user} login successful
10700,2026-01-10,17:56:41,INFO,AuthService,Page view: /home by u1633,E103,Page view: {page} by {user}
10701,2026-01-10,17:37:03,INFO,OrderProcessor,Health check passed: OrderProcessor,E102,Health check passed: {service}
10702,2026-01-10,17:47:17,INFO,AuthService,User u4435 login successful,E101,User {user} login successful
10703,2026-01-10,17:49:36,WARN,OrderProcessor,High latency (46ms) detected on OrderProcessor,E201,High latency ({time}ms) detected on {service}
10704,2026-01-10,17:16:09,INFO,PaymentGateway,Health check passed: PaymentGateway,E102,Health check passed: {service}
10705,2026-01-10,17:25:09,INFO,AuthService,User u3068 login successful,E101,User {user} login successful
10706,2026-01-10,17:15:42,INFO,PaymentGateway,User u1028 login successful,E101,User {user} login successful
10707,2026-01-10,17:14:40,INFO,WebServer,Page view: /home by u1677,E103,Page view: {page} by {user}
10708,2026-01-10,17:31:57,INFO,AuthService,Health check passed: AuthService,E102,Health check passed: {service}
10709,2026-01-10,17:33:44,INFO,WebServer,Transaction tx477103 completed in 1583ms,E104,Transaction {tx} completed in {time}ms
10710,2026-01-10,17:28:43,WARN,AuthService,Unauthorized access attempt from 10.0.0.45,E401,Unauthorized access attempt from {ip}
10711,2026-01-10,17:10:35,INFO,WebServer,Page view: /home by u2008,E103,Page view: {page} by {user}
10712,2026-01-10,17:55:56,INFO,AuthService,Health check passed: AuthService,E102,Health check passed: {service}
10713,2026-01-10,17:57:23,INFO,OrderProcessor,Page view: /home by u2157,E103,Page view: {page} by {user}
10714,2026-01-10,17:29:50,INFO,OrderProcessor,Health check passed: OrderProcessor,E102,Health check passed: {service}
10715,2026-01-10,17:55:37,ERROR,WebServer,Timeout waiting for lock on InventoryDB,E502,Timeout waiting for lock on {db}
10716,2026-01-10,17:21:32,INFO,WebServer,Health check passed: WebServer,E102,Health check passed: {service}
10717,2026-01-10,17:44:09,INFO,PaymentGateway,Transaction tx971871 completed in 1438ms,E104,Transaction {tx} completed in {time}ms
10718,2026-01-10,17:42:50,INFO,AuthService,Health check passed: AuthService,E102,Health check passed: {service}
10719,2026-01-10,17:51:42,INFO,PaymentGateway,Page view: /home by u4128,E103,Page view: {page} by {user}
10720,2026-01-10,17:26:06,INFO,WebServer,Health check passed: WebServer,E102,Health check passed: {service}
10721,2026-01-10,17:58:06,INFO,AuthService,Page view: /home by u4746,E103,Page view: {page} by {user}
10722,2026-01-10,17:12:05,INFO,WebServer,Health check passed: WebServer,E102,Health check passed: {service}
10723,2026-01-10,17:39:44,INFO,WebServer,Health check passed: WebServer,E102,Health check passed: {service}
10724,2026-01-10,17:07:50,INFO,WebServer,User u3975 login successful,E101,User {user} login successful
10725,2026-01-10,17:13:54,INFO,WebServer,Page view: /home by u3446,E103,Page view: {page} by {user}
10726,2026-01-10,17:09:51,INFO,InventoryDB,Page view: /home by u3439,E103,Page view: {page} by {user}
10727,2026-01-10,17:17:02,INFO,PaymentGateway,Transaction tx927931 completed in 1920ms,E104,Transaction {tx} completed in {time}ms
10728,2026-01-10,17:25:20,INFO,InventoryDB,Page view: /home by u2254,E103,Page view: {page} by {user}
10729,2026-01-10,17:41:47,INFO,PaymentGateway,Health check passed: PaymentGateway,E102,Health check passed: {service}
10730,2026-01-10,17:53:35,INFO,WebServer,Page view: /home by u4610,E103,Page view: {page} by {user}
10731,2026-01-10,17:00:32,INFO,OrderProcessor,Health check passed: OrderProcessor,E102,Health check passed: {service}
10732,2026-01-10,17:36:21,INFO,WebServer,Transaction tx363744 completed in 1531ms,E104,Transaction {tx} completed in {time}ms
10733,2026-01-10,17:24:10,INFO,PaymentGateway,Health check passed: PaymentGateway,E102,Health check passed: {service}
10734,2026-01-10,17:57:48,INFO,PaymentGateway,Health check passed: PaymentGateway,E102,Health check passed: {service}
10735,2026-01-10,17:58:52,INFO,WebServer,Transaction tx550822 completed in 544ms,E104,Transaction {tx} completed in {time}ms
10736,2026-01-10,17:19:08,WARN,WebServer,High latency (261ms) detected on WebServer,E201,High latency ({time}ms) detected on {service}
10737,2026-01-10,17:16:12,INFO,AuthService,Transaction tx128748 completed in 1122ms,E104,Transaction {tx} completed in {time}ms
10738,2026-01-10,17:56:34,INFO,WebServer,Transaction tx165958 completed in 1310ms,E104,Transaction {tx} completed in {time}ms
10739,2026-01-10,17:32:24,INFO,WebServer,User u4510 login successful,E101,User {user} login successful
10740,2026-01-10,17:00:22,INFO,WebServer,User u3950 login successful,E101,User {user} login successful
10741,2026-01-10,17:30:21,INFO,PaymentGateway,Health check passed: PaymentGateway,E102,Health check passed: {service}
10742,2026-01-10,17:41:18,INFO,WebServer,Transaction tx735821 completed in 1415ms,E104,Transaction {tx} completed in {time}ms
10743,2026-01-10,17:56:08,INFO,WebServer,Page view: /home by u1175,E103,Page view: {page} by {user}
10744,2026-01-10,17:52:52,INFO,WebServer,Transaction tx416510 completed in 1771ms,E104,Transaction {tx} completed in {time}ms
10745,2026-01-10,17:44:22,INFO,WebServer,User u1801 login successful,E101,User {user} login successful
10746,2026-01-10,17:23:15,INFO,AuthService,User u1012 login successful,E101,User {user} login successful
10747,2026-01-10,17:47:02,INFO,PaymentGateway,Transaction tx432761 completed in 1111ms,E104,Transaction {tx} completed in {time}ms
10748,2026-01-10,17:44:07,INFO,OrderProcessor,User u1942 login successful,E101,User {user} login successful
10749,2026-01-10,17:51:36,INFO,WebServer,Page view: /home by u4616,E103,Page view: {page} by {user}
10750,2026-01-10,17:51:08,INFO,WebServer,Transaction tx155990 completed in 578ms,E104,Transaction {tx} completed in {time}ms
10751,2026-01-10,17:54:24,INFO,PaymentGateway,Health check passed: PaymentGateway,E102,Health check passed: {service}
10752,2026-01-10,17:44:31,INFO,PaymentGateway,Health check passed: PaymentGateway,E102,Health check passed: {service}
10753,2026-01-10,17:56:08,INFO,PaymentGateway,User u4921 login successful,E101,User {user} login successful
10754,2026-01-10,17:38:02,INFO,WebServer,Page view: /home by u1575,E103,Page view: {page} by {user}
10755,2026-01-10,17:11:46,INFO,WebServer,Transaction tx156054 completed in 1186ms,E104,Transaction {tx} completed in {time}ms
10756,2026-01-10,17:47:25,INFO,OrderProcessor,Transaction tx629680 completed in 209ms,E104,Transaction {tx} completed in {time}ms
10757,2026-01-10,17:25:44,INFO,PaymentGateway,Health check passed: PaymentGateway,E102,Health check passed: {service}
10758,2026-01-10,17:06:05,INFO,AuthService,Transaction tx648823 completed in 1550ms,E104,Transaction {tx} completed in {time}ms
10759,2026-01-10,17:59:00,INFO,InventoryDB,Transaction tx754130 completed in 968ms,E104,Transaction {tx} completed in {time}ms
10760,2026-01-10,17:57:17,INFO,OrderProcessor,Health check passed: OrderProcessor,E102,Health check passed: {service}
10761,2026-01-10,17:41:35,INFO,WebServer,Transaction tx149288 completed in 253ms,E104,Transaction {tx} completed in {time}ms
10762,2026-01-10,17:42:22,INFO,AuthService,User u3939 login successful,E101,User {user} login successful
10763,2026-01-10,17:03:15,INFO,OrderProcessor,Page view: /home by u2658,E103,Page view: {page} by {user}
10764,2026-01-10,17:58:41,INFO,WebServer,Page view: /home by u3464,E103,Page view: {page} by {user}
10765,2026-01-10,17:20:09,WARN,WebServer,High latency (389ms) detected on WebServer,E201,High latency ({time}ms) detected on {service}
10766,2026-01-10,17:29:38,INFO,WebServer,Health check passed: WebServer,E102,Health check passed: {service}
10767,2026-01-10,17:29:39,INFO,WebServer,User u2369 login successful,E101,User {user} login successful
10768,2026-01-10,17:18:29,INFO,OrderProcessor,Health check passed: OrderProcessor,E102,Health check passed: {service}
10769,2026-01-10,17:59:06,INFO,WebServer,Transaction tx534199 completed in 1193ms,E104,Transaction {tx} completed in {time}ms
10770,2026-01-10,17:26:23,INFO,WebServer,Transaction tx718138 completed in 1096ms,E104,Transaction {tx} completed in {time}ms
10771,2026-01-10,17:14:46,INFO,WebServer,Health check passed: WebServer,E102,Health check passed: {service}
10772,2026-01-10,17:07:58,INFO,AuthService,Page view: /home by u3548,E103,Page view: {page} by {user}
10773,2026-01-10,17:42:22,INFO,WebServer,Transaction tx858365 completed in 99ms,E104,Transaction {tx} completed in {time}ms
10774,2026-01-10,17:07:13,INFO,PaymentGateway,User u2983 login successful,E101,User {user} login successful
10775,2026-01-10,17:32:38,INFO,WebServer,Page view: /home by u3262,E103,Page view: {page} by {user}
10776,2026-01-10,17:05:09,INFO,WebServer,Transaction tx473193 completed in 1108ms,E104,Transaction {tx} completed in {time}ms
10777,2026-01-10,17:36:05,INFO,WebServer,User u2249 login successful,E101,User {user} login successful
10778,2026-01-10,17:05:37,INFO,WebServer,Page view: /home by u3963,E103,Page view: {page} by {user}
10779,2026-01-10,17:55:55,INFO,WebServer,Transaction tx650492 completed in 1804ms,E104,Transaction {tx} completed in {time}ms
10780,2026-01-10,17:06:07,INFO,WebServer,Transaction tx261363 completed in 988ms,E104,Transaction {tx} completed in {time}ms
10781,2026-01-10,17:34:11,INFO,WebServer,User u3352 login successful,E101,User {user} login successful
10782,2026-01-10,17:00:19,INFO,WebServer,Health check passed: WebServer,E102,Health check passed: {service}
10783,2026-01-10,17:12:55,INFO,PaymentGateway,Page view: /home by u3132,E103,Page view: {page} by {user}
10784,2026-01-10,17:12:23,ERROR,WebServer,Timeout waiting for lock on InventoryDB,E502,Timeout waiting for lock on {db}
10785,2026-01-10,17:29:49,INFO,AuthService,Transaction tx375823 completed in 800ms,E104,Transaction {tx} completed in {time}ms
10786,2026-01-10,17:12:32,INFO,WebServer,Transaction tx927441 completed in 1358ms,E104,Transaction {tx} completed in {time}ms
10787,2026-01-10,17:56:17,WARN,AuthService,Unauthorized access attempt from 10.0.0.45,E401,Unauthorized access attempt from {ip}
10788,2026-01-10,17:58:12,INFO,WebServer,Transaction tx552384 completed in 1369ms,E104,Transaction {tx} completed in {time}ms
10789,2026-01-10,17:41:32,INFO,WebServer,User u2118 login successful,E101,User {user} login successful
10790,2026-01-10,17:25:43,WARN,WebServer,Disk usage > 85% on node node-5,E202,Disk usage > 85% on node {node}
10791,2026-01-10,17:27:55,WARN,WebServer,Disk usage > 85% on node node-4,E202,Disk usage > 85% on node {node}
10792,2026-01-10,17:58:10,INFO,WebServer,Transaction tx816699 completed in 1846ms,E104,Transaction {tx} completed in {time}ms
10793,2026-01-10,17:33:29,ERROR,WebServer,Connection refused to WebServer at 10.0.0.45,E501,Connection refused to {service} at {ip}
10794,2026-01-10,17:37:08,INFO,WebServer,Health check passed: WebServer,E102,Health check passed: {service}
10795,2026-01-10,17:37:45,INFO,PaymentGateway,Transaction tx127226 completed in 604ms,E104,Transaction {tx} completed in {time}ms
10796,2026-01-10,17:11:04,INFO,InventoryDB,Health check passed: InventoryDB,E102,Health check passed: {service}
10797,2026-01-10,17:42:40,INFO,OrderProcessor,User u2559 login successful,E101,User {user} login successful
10798,2026-01-10,17:54:19,INFO,WebServer,Health check passed: WebServer,E102,Health check passed: {service}
10799,2026-01-10,17:03:41,WARN,PaymentGateway,High latency (608ms) detected on PaymentGateway,E201,High latency ({time}ms) detected on {service}
10800,2026-01-10,17:32:15,INFO,OrderProcessor,Health check passed: OrderProcessor,E102,Health check passed: {service}
10801,2026-01-10,17:05:38,INFO,OrderProcessor,Page view: /home by u1688,E103,Page view: {page} by {user}
10802,2026-01-10,17:24:45,INFO,PaymentGateway,Health check passed: PaymentGateway,E102,Health check passed: {service}
10803,2026-01-10,17:06:53,INFO,WebServer,Page view: /home by u4194,E103,Page view: {page} by {user}
10804,2026-01-10,17:32:17,INFO,WebServer,Health check passed: WebServer,E102,Health check passed: {service}
10805,2026-01-10,17:27:28,INFO,WebServer,Page view: /home by u2732,E103,Page view: {page} by {user}
10806,2026-01-10,17:25:24,INFO,WebServer,Page view: /home by u2711,E103,Page view: {page} by {user}
10807,2026-01-10,17:31:48,INFO,OrderProcessor,Health check passed: OrderProcessor,E102,Health check passed: {service}
10808,2026-01-10,17:08:09,INFO,PaymentGateway,User u1312 login successful,E101,User {user} login successful
10809,2026-01-10,17:11:10,INFO,WebServer,User u2631 login successful,E101,User {user} login successful
10810,2026-01-10,17:05:23,INFO,OrderProcessor,User u2128 login successful,E101,User {user} login successful
10811,2026-01-10,17:22:18,INFO,OrderProcessor,Page view: /home by u4376,E103,Page view: {page} by {user}
10812,2026-01-10,17:41:38,CRITICAL,OrderProcessor,KERNEL PANIC: Node node-5 crashed,E601,KERNEL PANIC: Node {node} crashed
10813,2026-01-10,17:46:01,INFO,OrderProcessor,Transaction tx762436 completed in 382ms,E104,Transaction {tx} completed in {time}ms
10814,2026-01-10,17:14:11,INFO,WebServer,Health check passed: WebServer,E102,Health check passed: {service}
10815,2026-01-10,17:00:43,INFO,InventoryDB,Page view: /home by u1148,E103,Page view: {page} by {user}
10816,2026-01-10,17:08:07,INFO,PaymentGateway,Health check passed: PaymentGateway,E102,Health check passed: {service}
10817,2026-01-10,17:06:27,INFO,WebServer,Page view: /home by u4468,E103,Page view: {page} by {user}
10818,2026-01-10,17:21:21,INFO,WebServer,User u4462 login successful,E101,User {user} login successful
10819,2026-01-10,17:01:39,INFO,OrderProcessor,Transaction tx568627 completed in 1833ms,E104,Transaction {tx} completed in {time}ms
10820,2026-01-10,17:08:10,INFO,OrderProcessor,User u3636 login successful,E101,User {user} login successful
10821,2026-01-10,17:36:43,INFO,WebServer,User u1107 login successful,E101,User {user} login successful
10822,2026-01-10,17:30:38,INFO,WebServer,User u2994 login successful,E101,User {user} login successful
10823,2026-01-10,17:35:31,INFO,InventoryDB,User u3659 login successful,E101,User {user} login successful
10824,2026-01-10,17:17:37,INFO,WebServer,Transaction tx673098 completed in 1983ms,E104,Transaction {tx} completed in {time}ms
10825,2026-01-10,17:57:49,INFO,WebServer,Transaction tx963585 completed in 1293ms,E104,Transaction {tx} completed in {time}ms
10826,2026-01-10,17:02:22,INFO,WebServer,Health check passed: WebServer,E102,Health check passed: {service}
10827,2026-01-10,17:55:27,INFO,WebServer,Page view: /home by u1810,E103,Page view: {page} by {user}
10828,2026-01-10,17:58:49,INFO,AuthService,Health check passed: AuthService,E102,Health check passed: {service}
10829,2026-01-10,17:31:25,INFO,OrderProcessor,User u2994 login successful,E101,User {user} login successful
10830,2026-01-10,17:15:13,INFO,PaymentGateway,Transaction tx344122 completed in 1774ms,E104,Transaction {tx} completed in {time}ms
10831,2026-01-10,17:58:14,INFO,AuthService,User u3285 login successful,E101,User {user} login successful
10832,2026-01-10,17:02:23,INFO,PaymentGateway,User u4522 login successful,E101,User {user} login successful
10833,2026-01-10,17:45:08,INFO,WebServer,User u4660 login successful,E101,User {user} login successful
10834,2026-01-10,17:39:07,INFO,PaymentGateway,Health check passed: PaymentGateway,E102,Health check passed: {service}
10835,2026-01-10,17:03:17,INFO,AuthService,Health check passed: AuthService,E102,Health check passed: {service}
10836,2026-01-10,17:06:46,INFO,WebServer,User u4258 login successful,E101,User {user} login successful
10837,2026-01-10,17:49:41,WARN,AuthService,Disk usage > 85% on node node-2,E202,Disk usage > 85% on node {node}
10838,2026-01-10,17:13:47,INFO,OrderProcessor,User u1055 login successful,E101,User {user} login successful
10839,2026-01-10,17:14:10,INFO,AuthService,User u2137 login successful,E101,User {user} login successful
10840,2026-01-10,17:52:50,INFO,InventoryDB,User u1537 login successful,E101,User {user} login successful
10841,2026-01-10,17:45:52,WARN,PaymentGateway,Disk usage > 85% on node node-4,E202,Disk usage > 85% on node {node}
10842,2026-01-10,17:40:12,INFO,AuthService,User u2359 login successful,E101,User {user} login successful
10843,2026-01-10,17:33:27,INFO,AuthService,User u2244 login successful,E101,User {user} login successful
10844,2026-01-10,17:22:09,INFO,AuthService,Page view: /home by u1845,E103,Page view: {page} by {user}
10845,2026-01-10,17:06:54,ERROR,PaymentGateway,Timeout waiting for lock on InventoryDB,E502,Timeout waiting for lock on {db}
10846,2026-01-10,17:57:26,INFO,AuthService,User u3840 login successful,E101,User {user} login successful
10847,2026-01-10,17:50:54,INFO,WebServer,Page view: /home by u3972,E103,Page view: {page} by {user}
10848,2026-01-10,17:03:38,INFO,WebServer,Health check passed: WebServer,E102,Health check passed: {service}
10849,2026-01-10,17:34:13,INFO,WebServer,Page view: /home by u2920,E103,Page view: {page} by {user}
10850,2026-01-10,17:17:04,INFO,AuthService,Health check passed: AuthService,E102,Health check passed: {service}
10851,2026-01-10,17:08:37,INFO,OrderProcessor,Health check passed: OrderProcessor,E102,Health check passed: {service}
10852,2026-01-10,17:40:09,INFO,WebServer,Transaction tx630118 completed in 1682ms,E104,Transaction {tx} completed in {time}ms
10853,2026-01-10,17:26:44,INFO,AuthService,Page view: /home by u2376,E103,Page view: {page} by {user}
10854,2026-01-10,17:37:53,INFO,WebServer,Health check passed: WebServer,E102,Health check passed: {service}
10855,2026-01-10,17:16:23,INFO,WebServer,Health check passed: WebServer,E102,Health check passed: {service}
10856,2026-01-10,17:58:27,INFO,WebServer,Transaction tx239635 completed in 776ms,E104,Transaction {tx} completed in {time}ms
10857,2026-01-10,17:06:52,WARN,PaymentGateway,Unauthorized access attempt from 10.0.0.45,E401,Unauthorized access attempt from {ip}
10858,2026-01-10,17:23:45,WARN,OrderProcessor,Disk usage > 85% on node node-1,E202,Disk usage > 85% on node {node}
10859,2026-01-10,17:03:24,INFO,AuthService,Transaction tx204927 completed in 952ms,E104,Transaction {tx} completed in {time}ms
10860,2026-01-10,17:14:36,INFO,OrderProcessor,Page view: /home by u4447,E103,Page view: {page} by {user}
10861,2026-01-10,17:52:13,INFO,WebServer,Transaction tx452715 completed in 573ms,E104,Transaction {tx} completed in {time}ms
10862,2026-01-10,17:25:04,INFO,OrderProcessor,Page view: /home by u4316,E103,Page view: {page} by {user}
10863,2026-01-10,17:54:19,INFO,AuthService,User u2594 login successful,E101,User {user} login successful
10864,2026-01-10,17:44:19,INFO,OrderProcessor,User u2056 login successful,E101,User {user} login successful
10865,2026-01-10,17:21:15,INFO,OrderProcessor,Health check passed: OrderProcessor,E102,Health check passed: {service}
10866,2026-01-10,17:50:59,INFO,AuthService,Transaction tx369433 completed in 1710ms,E104,Transaction {tx} completed in {time}ms
10867,2026-01-10,17:44:27,INFO,AuthService,User u2900 login successful,E101,User {user} login successful
10868,2026-01-10,17:41:33,INFO,OrderProcessor,User u1703 login successful,E101,User {user} login successful
10869,2026-01-10,17:06:09,INFO,WebServer,Health check passed: WebServer,E102,Health check passed: {service}
10870,2026-01-10,17:26:28,INFO,AuthService,User u2312 login successful,E101,User {user} login successful
10871,2026-01-10,17:31:19,INFO,WebServer,Transaction tx229933 completed in 205ms,E104,Transaction {tx} completed in {time}ms
10872,2026-01-10,17:04:31,INFO,WebServer,Health check passed: WebServer,E102,Health check passed: {service}
10873,2026-01-10,17:32:19,INFO,WebServer,Page view: /home by u3178,E103,Page view: {page} by {user}
10874,2026-01-10,17:38:53,INFO,WebServer,Transaction tx475292 completed in 348ms,E104,Transaction {tx} completed in {time}ms
10875,2026-01-10,17:20:01,WARN,WebServer,High latency (94ms) detected on WebServer,E201,High latency ({time}ms) detected on {service}
10876,2026-01-10,17:17:41,INFO,InventoryDB,Page view: /home by u1926,E103,Page view: {page} by {user}
10877,2026-01-10,17:43:45,INFO,WebServer,Page view: /home by u2522,E103,Page view: {page} by {user}
10878,2026-01-10,17:23:52,INFO,WebServer,User u1313 login successful,E101,User {user} login successful
10879,2026-01-10,17:21:55,INFO,WebServer,Transaction tx440449 completed in 974ms,E104,Transaction {tx} completed in {time}ms
10880,2026-01-10,17:36:57,INFO,OrderProcessor,Transaction tx619484 completed in 1167ms,E104,Transaction {tx} completed in {time}ms
10881,2026-01-10,17:18:55,INFO,OrderProcessor,Transaction tx886073 completed in 1678ms,E104,Transaction {tx} completed in {time}ms
10882,2026-01-10,17:14:17,INFO,WebServer,Transaction tx203954 completed in 1634ms,E104,Transaction {tx} completed in {time}ms
10883,2026-01-10,17:47:54,WARN,WebServer,High latency (313ms) detected on WebServer,E201,High latency ({time}ms) detected on {service}
10884,2026-01-10,17:15:16,INFO,InventoryDB,Page view: /home by u2129,E103,Page view: {page} by {user}
10885,2026-01-10,17:48:56,INFO,WebServer,Transaction tx205815 completed in 396ms,E104,Transaction {tx} completed in {time}ms
10886,2026-01-10,17:32:03,INFO,AuthService,Health check passed: AuthService,E102,Health check passed: {service}
10887,2026-01-10,17:04:46,INFO,AuthService,Page view: /home by u2517,E103,Page view: {page} by {user}
10888,2026-01-10,17:36:37,INFO,OrderProcessor,User u2847 login successful,E101,User {user} login successful
10889,2026-01-10,17:35:57,INFO,WebServer,Transaction tx919104 completed in 507ms,E104,Transaction {tx} completed in {time}ms
10890,2026-01-10,17:53:53,INFO,OrderProcessor,User u3982 login successful,E101,User {user} login successful
10891,2026-01-10,17:11:59,INFO,WebServer,Transaction tx778431 completed in 252ms,E104,Transaction {tx} completed in {time}ms
10892,2026-01-10,17:35:16,INFO,AuthService,Page view: /home by u1462,E103,Page view: {page} by {user}
10893,2026-01-10,17:38:53,INFO,OrderProcessor,User u4763 login successful,E101,User {user} login successful
10894,2026-01-10,17:57:07,INFO,WebServer,User u1398 login successful,E101,User {user} login successful
10895,2026-01-10,17:04:20,WARN,WebServer,High latency (1065ms) detected on WebServer,E201,High latency ({time}ms) detected on {service}
10896,2026-01-10,17:52:44,INFO,WebServer,Health check passed: WebServer,E102,Health check passed: {service}
10897,2026-01-10,17:29:54,INFO,WebServer,Transaction tx709855 completed in 817ms,E104,Transaction {tx} completed in {time}ms
10898,2026-01-10,17:44:40,INFO,InventoryDB,Health check passed: InventoryDB,E102,Health check passed: {service}
10899,2026-01-10,17:12:58,INFO,WebServer,Page view: /home by u2774,E103,Page view: {page} by {user}
10900,2026-01-10,17:55:39,INFO,WebServer,Transaction tx796357 completed in 629ms,E104,Transaction {tx} completed in {time}ms
10901,2026-01-10,17:33:55,INFO,InventoryDB,Page view: /home by u4555,E103,Page view: {page} by {user}
10902,2026-01-10,17:29:12,INFO,WebServer,Health check passed: WebServer,E102,Health check passed: {service}
10903,2026-01-10,17:55:49,INFO,OrderProcessor,Page view: /home by u3291,E103,Page view: {page} by {user}
10904,2026-01-10,17:23:13,INFO,WebServer,Transaction tx662352 completed in 1262ms,E104,Transaction {tx} completed in {time}ms
10905,2026-01-10,17:14:18,INFO,WebServer,Health check passed: WebServer,E102,Health check passed: {service}
10906,2026-01-10,17:43:55,INFO,WebServer,Transaction tx601640 completed in 1110ms,E104,Transaction {tx} completed in {time}ms
10907,2026-01-10,17:54:26,INFO,WebServer,Health check passed: WebServer,E102,Health check passed: {service}
10908,2026-01-10,17:24:09,INFO,OrderProcessor,User u3494 login successful,E101,User {user} login successful
10909,2026-01-10,17:20:24,INFO,PaymentGateway,Page view: /home by u1646,E103,Page view: {page} by {user}
10910,2026-01-10,17:20:14,INFO,PaymentGateway,Page view: /home by u4396,E103,Page view: {page} by {user}
10911,2026-01-10,17:41:41,INFO,WebServer,Page view: /home by u3905,E103,Page view: {page} by {user}
10912,2026-01-10,17:04:08,INFO,WebServer,User u3340 login successful,E101,User {user} login successful
10913,2026-01-10,17:29:49,INFO,WebServer,Page view: /home by u2854,E103,Page view: {page} by {user}
10914,2026-01-10,17:58:48,INFO,WebServer,Transaction tx380860 completed in 423ms,E104,Transaction {tx} completed in {time}ms
10915,2026-01-10,17:03:53,INFO,WebServer,Page view: /home by u1968,E103,Page view: {page} by {user}
10916,2026-01-10,17:54:58,INFO,AuthService,User u4586 login successful,E101,User {user} login successful
10917,2026-01-10,17:44:29,INFO,WebServer,Transaction tx867532 completed in 1977ms,E104,Transaction {tx} completed in {time}ms
10918,2026-01-10,17:26:23,INFO,WebServer,Health check passed: WebServer,E102,Health check passed: {service}
10919,2026-01-10,17:20:20,INFO,OrderProcessor,Health check passed: OrderProcessor,E102,Health check passed: {service}
10920,2026-01-10,17:39:12,INFO,AuthService,Page view: /home by u4204,E103,Page view: {page} by {user}
10921,2026-01-10,17:19:57,INFO,WebServer,Transaction tx442222 completed in 1642ms,E104,Transaction {tx} completed in {time}ms
10922,2026-01-10,17:25:43,INFO,AuthService,Health check passed: AuthService,E102,Health check passed: {service}
10923,2026-01-10,17:00:55,INFO,WebServer,Transaction tx935889 completed in 1581ms,E104,Transaction {tx} completed in {time}ms
10924,2026-01-10,17:40:32,INFO,AuthService,Health check passed: AuthService,E102,Health check passed: {service}
10925,2026-01-10,17:18:48,INFO,WebServer,Page view: /home by u4644,E103,Page view: {page} by {user}
10926,2026-01-10,17:13:43,INFO,AuthService,Health check passed: AuthService,E102,Health check passed: {service}
10927,2026-01-10,17:55:50,INFO,PaymentGateway,Page view: /home by u3100,E103,Page view: {page} by {user}
10928,2026-01-10,17:19:34,INFO,WebServer,Health check passed: WebServer,E102,Health check passed: {service}
10929,2026-01-10,17:59:37,INFO,PaymentGateway,Transaction tx356576 completed in 1438ms,E104,Transaction {tx} completed in {time}ms
10930,2026-01-10,17:52:54,INFO,InventoryDB,User u1260 login successful,E101,User {user} login successful
10931,2026-01-10,17:35:12,INFO,WebServer,Transaction tx990324 completed in 1844ms,E104,Transaction {tx} completed in {time}ms
10932,2026-01-10,17:49:25,INFO,AuthService,Health check passed: AuthService,E102,Health check passed: {service}
10933,2026-01-10,17:48:06,INFO,WebServer,Health check passed: WebServer,E102,Health check passed: {service}
10934,2026-01-10,17:18:00,ERROR,AuthService,Connection refused to AuthService at 192.168.1.5,E501,Connection refused to {service} at {ip}
10935,2026-01-10,17:59:59,WARN,WebServer,Disk usage > 85% on node node-2,E202,Disk usage > 85% on node {node}
10936,2026-01-10,17:59:52,INFO,WebServer,Page view: /home by u4791,E103,Page view: {page} by {user}
10937,2026-01-10,17:57:30,INFO,OrderProcessor,User u2215 login successful,E101,User {user} login successful
10938,2026-01-10,17:51:19,INFO,WebServer,Page view: /home by u2759,E103,Page view: {page} by {user}
10939,2026-01-10,17:59:33,INFO,AuthService,User u4230 login successful,E101,User {user} login successful
10940,2026-01-10,17:05:12,INFO,WebServer,Transaction tx208590 completed in 824ms,E104,Transaction {tx} completed in {time}ms
10941,2026-01-10,17:29:42,WARN,AuthService,Unauthorized access attempt from 10.0.0.45,E401,Unauthorized access attempt from {ip}
10942,2026-01-10,17:24:25,INFO,InventoryDB,Transaction tx266200 completed in 1434ms,E104,Transaction {tx} completed in {time}ms
10943,2026-01-10,17:17:58,INFO,PaymentGateway,Health check passed: PaymentGateway,E102,Health check passed: {service}
10944,2026-01-10,17:01:40,INFO,WebServer,Health check passed: WebServer,E102,Health check passed: {service}
10945,2026-01-10,17:19:42,INFO,OrderProcessor,Health check passed: OrderProcessor,E102,Health check passed: {service}
10946,2026-01-10,17:07:51,INFO,AuthService,Transaction tx801116 completed in 1686ms,E104,Transaction {tx} completed in {time}ms
10947,2026-01-10,17:08:38,INFO,WebServer,Page view: /home by u3048,E103,Page view: {page} by {user}
10948,2026-01-10,17:38:27,INFO,PaymentGateway,Page view: /home by u4351,E103,Page view: {page} by {user}
10949,2026-01-10,17:21:48,INFO,WebServer,User u4170 login successful,E101,User {user} login successful
10950,2026-01-10,17:35:51,INFO,PaymentGateway,Transaction tx896957 completed in 394ms,E104,Transaction {tx} completed in {time}ms
10951,2026-01-10,17:44:23,INFO,WebServer,User u3724 login successful,E101,User {user} login successful
10952,2026-01-10,17:41:47,INFO,InventoryDB,Health check passed: InventoryDB,E102,Health check passed: {service}
10953,2026-01-10,17:19:41,INFO,InventoryDB,Page view: /home by u4440,E103,Page view: {page} by {user}
10954,2026-01-10,17:25:57,INFO,AuthService,Page view: /home by u4818,E103,Page view: {page} by {user}
10955,2026-01-10,17:23:17,INFO,WebServer,User u2035 login successful,E101,User {user} login successful
10956,2026-01-10,17:38:43,INFO,WebServer,Transaction tx888671 completed in 1785ms,E104,Transaction {tx} completed in {time}ms
10957,2026-01-10,17:58:35,INFO,AuthService,Page view: /home by u2421,E103,Page view: {page} by {user}
10958,2026-01-10,17:23:17,INFO,WebServer,Page view: /home by u1970,E103,Page view: {page} by {user}
10959,2026-01-10,17:32:00,INFO,WebServer,Page view: /home by u2738,E103,Page view: {page} by {user}
10960,2026-01-10,17:53:31,INFO,WebServer,Transaction tx145303 completed in 266ms,E104,Transaction {tx} completed in {time}ms
10961,2026-01-10,17:44:58,INFO,AuthService,Page view: /home by u1071,E103,Page view: {page} by {user}
10962,2026-01-10,17:49:40,INFO,WebServer,Page view: /home by u2248,E103,Page view: {page} by {user}
10963,2026-01-10,17:06:37,INFO,WebServer,Page view: /home by u4444,E103,Page view: {page} by {user}
10964,2026-01-10,17:50:38,INFO,InventoryDB,Health check passed: InventoryDB,E102,Health check passed: {service}
10965,2026-01-10,17:03:54,INFO,OrderProcessor,Health check passed: OrderProcessor,E102,Health check passed: {service}
10966,2026-01-10,17:07:43,WARN,OrderProcessor,Unauthorized access attempt from 10.0.0.45,E401,Unauthorized access attempt from {ip}
10967,2026-01-10,17:21:59,WARN,WebServer,High latency (1578ms) detected on WebServer,E201,High latency ({time}ms) detected on {service}
10968,2026-01-10,17:25:51,INFO,PaymentGateway,Page view: /home by u4685,E103,Page view: {page} by {user}
10969,2026-01-10,17:22:57,INFO,OrderProcessor,User u2528 login successful,E101,User {user} login successful
10970,2026-01-10,17:49:34,INFO,PaymentGateway,Health check passed: PaymentGateway,E102,Health check passed: {service}
10971,2026-01-10,17:38:33,INFO,PaymentGateway,Health check passed: PaymentGateway,E102,Health check passed: {service}
10972,2026-01-10,17:04:29,INFO,WebServer,Health check passed: WebServer,E102,Health check passed: {service}
10973,2026-01-10,17:34:57,INFO,WebServer,Health check passed: WebServer,E102,Health check passed: {service}
10974,2026-01-10,17:19:14,WARN,AuthService,High latency (1996ms) detected on AuthService,E201,High latency ({time}ms) detected on {service}
10975,2026-01-10,17:57:43,INFO,WebServer,Transaction tx667083 completed in 21ms,E104,Transaction {tx} completed in {time}ms
10976,2026-01-10,17:19:32,INFO,AuthService,User u4150 login successful,E101,User {user} login successful
10977,2026-01-10,17:06:37,INFO,WebServer,User u2907 login successful,E101,User {user} login successful
10978,2026-01-10,17:20:22,INFO,WebServer,Health check passed: WebServer,E102,Health check passed: {service}
10979,2026-01-10,17:58:37,INFO,AuthService,Transaction tx679300 completed in 198ms,E104,Transaction {tx} completed in {time}ms
10980,2026-01-10,17:50:14,INFO,WebServer,Transaction tx215924 completed in 1460ms,E104,Transaction {tx} completed in {time}ms
10981,2026-01-10,17:14:26,INFO,OrderProcessor,User u4051 login successful,E101,User {user} login successful
10982,2026-01-10,17:13:11,INFO,InventoryDB,User u1443 login successful,E101,User {user} login successful
10983,2026-01-10,17:38:47,INFO,WebServer,Transaction tx300834 completed in 1496ms,E104,Transaction {tx} completed in {time}ms
10984,2026-01-10,17:17:22,INFO,AuthService,User u2226 login successful,E101,User {user} login successful
10985,2026-01-10,17:02:38,INFO,WebServer,Health check passed: WebServer,E102,Health check passed: {service}
10986,2026-01-10,17:28:48,WARN,WebServer,Disk usage > 85% on node node-3,E202,Disk usage > 85% on node {node}
10987,2026-01-10,17:47:09,INFO,WebServer,Health check passed: WebServer,E102,Health check passed: {service}
10988,2026-01-10,17:54:46,INFO,OrderProcessor,Transaction tx845404 completed in 705ms,E104,Transaction {tx} completed in {time}ms
10989,2026-01-10,17:07:30,INFO,WebServer,Page view: /home by u4913,E103,Page view: {page} by {user}
10990,2026-01-10,17:23:19,INFO,WebServer,User u4730 login successful,E101,User {user} login successful
10991,2026-01-10,17:01:05,INFO,WebServer,Health check passed: WebServer,E102,Health check passed: {service}
10992,2026-01-10,17:43:17,INFO,WebServer,User u2877 login successful,E101,User {user} login successful
10993,2026-01-10,17:10:45,INFO,AuthService,Page view: /home by u4384,E103,Page view: {page} by {user}
10994,2026-01-10,17:08:21,INFO,WebServer,Health check passed: WebServer,E102,Health check passed: {service}
10995,2026-01-10,17:15:33,WARN,OrderProcessor,Unauthorized access attempt from 10.0.0.45,E401,Unauthorized access attempt from {ip}
10996,2026-01-10,17:22:29,INFO,OrderProcessor,Health check passed: OrderProcessor,E102,Health check passed: {service}
10997,2026-01-10,17:57:16,INFO,WebServer,Transaction tx566719 completed in 567ms,E104,Transaction {tx} completed in {time}ms
10998,2026-01-10,17:07:42,INFO,AuthService,Health check passed: AuthService,E102,Health check passed: {service}
10999,2026-01-10,17:09:44,INFO,PaymentGateway,Health check passed: PaymentGateway,E102,Health check passed: {service}
11000,2026-01-10,17:49:59,INFO,PaymentGateway,User u2538 login successful,E101,User {user} login successful
11001,2026-01-10,17:21:50,INFO,WebServer,Transaction tx125776 completed in 788ms,E104,Transaction {tx} completed in {time}ms
11002,2026-01-10,17:39:57,INFO,PaymentGateway,User u3750 login successful,E101,User {user} login successful
11003,2026-01-10,17:18:32,INFO,AuthService,Transaction tx576122 completed in 133ms,E104,Transaction {tx} completed in {time}ms
11004,2026-01-10,17:39:18,WARN,WebServer,Unauthorized access attempt from 10.0.0.45,E401,Unauthorized access attempt from {ip}
11005,2026-01-10,17:45:07,INFO,AuthService,User u1055 login successful,E101,User {user} login successful
11006,2026-01-10,17:26:16,INFO,WebServer,Transaction tx309055 completed in 876ms,E104,Transaction {tx} completed in {time}ms
11007,2026-01-10,17:19:42,INFO,OrderProcessor,Transaction tx540461 completed in 1536ms,E104,Transaction {tx} completed in {time}ms
11008,2026-01-10,17:41:16,INFO,PaymentGateway,Page view: /home by u2172,E103,Page view: {page} by {user}
11009,2026-01-10,17:54:26,INFO,WebServer,Page view: /home by u3527,E103,Page view: {page} by {user}
11010,2026-01-10,17:22:55,INFO,WebServer,Page view: /home by u1936,E103,Page view: {page} by {user}
11011,2026-01-10,17:16:32,INFO,InventoryDB,Health check passed: InventoryDB,E102,Health check passed: {service}
11012,2026-01-10,17:14:44,INFO,WebServer,Transaction tx545339 completed in 1749ms,E104,Transaction {tx} completed in {time}ms
11013,2026-01-10,17:54:05,INFO,WebServer,User u1162 login successful,E101,User {user} login successful
11014,2026-01-10,17:03:34,INFO,WebServer,User u4027 login successful,E101,User {user} login successful
11015,2026-01-10,17:01:01,INFO,OrderProcessor,Page view: /home by u3084,E103,Page view: {page} by {user}
11016,2026-01-10,17:25:28,INFO,AuthService,Page view: /home by u3355,E103,Page view: {page} by {user}
11017,2026-01-10,17:56:50,INFO,WebServer,User u1887 login successful,E101,User {user} login successful
11018,2026-01-10,17:08:48,INFO,WebServer,Page view: /home by u2734,E103,Page view: {page} by {user}
11019,2026-01-10,17:42:34,INFO,OrderProcessor,Transaction tx331991 completed in 1070ms,E104,Transaction {tx} completed in {time}ms
11020,2026-01-10,17:01:23,INFO,AuthService,User u2993 login successful,E101,User {user} login successful
11021,2026-01-10,17:13:35,INFO,WebServer,User u2092 login successful,E101,User {user} login successful
11022,2026-01-10,17:05:18,INFO,AuthService,User u2225 login successful,E101,User {user} login successful
11023,2026-01-10,17:38:51,INFO,AuthService,Health check passed: AuthService,E102,Health check passed: {service}
11024,2026-01-10,17:26:43,INFO,PaymentGateway,Transaction tx569329 completed in 538ms,E104,Transaction {tx} completed in {time}ms
11025,2026-01-10,17:15:41,INFO,WebServer,Page view: /home by u3174,E103,Page view: {page} by {user}
11026,2026-01-10,17:14:25,INFO,InventoryDB,Page view: /home by u1822,E103,Page view: {page} by {user}
11027,2026-01-10,17:12:18,INFO,WebServer,Page view: /home by u4789,E103,Page view: {page} by {user}
11028,2026-01-10,17:39:56,INFO,WebServer,Health check passed: WebServer,E102,Health check passed: {service}
11029,2026-01-10,17:38:55,INFO,InventoryDB,Health check passed: InventoryDB,E102,Health check passed: {service}
11030,2026-01-10,17:10:08,INFO,AuthService,Health check passed: AuthService,E102,Health check passed: {service}
11031,2026-01-10,17:15:11,INFO,WebServer,Health check passed: WebServer,E102,Health check passed: {service}
11032,2026-01-10,17:14:10,INFO,WebServer,User u1375 login successful,E101,User {user} login successful
11033,2026-01-10,17:21:55,WARN,WebServer,Disk usage > 85% on node node-2,E202,Disk usage > 85% on node {node}
11034,2026-01-10,17:47:06,INFO,WebServer,User u1683 login successful,E101,User {user} login successful
11035,2026-01-10,17:28:17,INFO,WebServer,Transaction tx217246 completed in 386ms,E104,Transaction {tx} completed in {time}ms
11036,2026-01-10,17:50:41,WARN,WebServer,Unauthorized access attempt from 10.0.0.45,E401,Unauthorized access attempt from {ip}
11037,2026-01-10,17:31:56,INFO,WebServer,Transaction tx588025 completed in 1206ms,E104,Transaction {tx} completed in {time}ms
11038,2026-01-10,17:25:52,INFO,OrderProcessor,Page view: /home by u1745,E103,Page view: {page} by {user}
11039,2026-01-10,17:20:16,INFO,WebServer,Page view: /home by u4646,E103,Page view: {page} by {user}
11040,2026-01-10,17:21:09,INFO,WebServer,Page view: /home by u1071,E103,Page view: {page} by {user}
11041,2026-01-10,17:33:44,INFO,PaymentGateway,Health check passed: PaymentGateway,E102,Health check passed: {service}
11042,2026-01-10,17:47:06,INFO,WebServer,Transaction tx331902 completed in 1991ms,E104,Transaction {tx} completed in {time}ms
11043,2026-01-10,17:39:17,INFO,InventoryDB,User u3210 login successful,E101,User {user} login successful
11044,2026-01-10,17:04:47,INFO,AuthService,User u3568 login successful,E101,User {user} login successful
11045,2026-01-10,17:11:56,INFO,WebServer,Health check passed: WebServer,E102,Health check passed: {service}
11046,2026-01-10,17:57:18,INFO,WebServer,Transaction tx832025 completed in 1377ms,E104,Transaction {tx} completed in {time}ms
11047,2026-01-10,17:49:33,INFO,WebServer,Health check passed: WebServer,E102,Health check passed: {service}
11048,2026-01-10,17:26:24,INFO,AuthService,Transaction tx853360 completed in 94ms,E104,Transaction {tx} completed in {time}ms
11049,2026-01-10,17:46:47,INFO,OrderProcessor,User u1170 login successful,E101,User {user} login successful
11050,2026-01-10,17:46:36,INFO,OrderProcessor,Health check passed: OrderProcessor,E102,Health check passed: {service}
11051,2026-01-10,17:46:08,INFO,AuthService,Health check passed: AuthService,E102,Health check passed: {service}
11052,2026-01-10,17:24:34,WARN,AuthService,Unauthorized access attempt from 10.0.0.45,E401,Unauthorized access attempt from {ip}
11053,2026-01-10,17:34:14,INFO,WebServer,User u2567 login successful,E101,User {user} login successful
11054,2026-01-10,17:11:04,INFO,WebServer,Health check passed: WebServer,E102,Health check passed: {service}
11055,2026-01-10,17:29:15,INFO,WebServer,Health check passed: WebServer,E102,Health check passed: {service}
11056,2026-01-10,17:41:37,INFO,AuthService,Transaction tx328330 completed in 221ms,E104,Transaction {tx} completed in {time}ms
11057,2026-01-10,17:45:33,INFO,WebServer,Health check passed: WebServer,E102,Health check passed: {service}
11058,2026-01-10,17:31:21,INFO,WebServer,Transaction tx293015 completed in 1556ms,E104,Transaction {tx} completed in {time}ms
11059,2026-01-10,17:54:32,INFO,WebServer,Page view: /home by u1266,E103,Page view: {page} by {user}
11060,2026-01-10,17:01:23,INFO,WebServer,Page view: /home by u4527,E103,Page view: {page} by {user}
11061,2026-01-10,17:55:46,INFO,WebServer,Health check passed: WebServer,E102,Health check passed: {service}
11062,2026-01-10,17:42:01,INFO,WebServer,User u1291 login successful,E101,User {user} login successful
11063,2026-01-10,17:38:54,INFO,WebServer,Health check passed: WebServer,E102,Health check passed: {service}
11064,2026-01-10,17:22:27,INFO,InventoryDB,User u2759 login successful,E101,User {user} login successful
11065,2026-01-10,18:02:37,INFO,PaymentGateway,Page view: /home by u4894,E103,Page view: {page} by {user}
11066,2026-01-10,18:03:03,INFO,WebServer,Page view: /home by u2282,E103,Page view: {page} by {user}
11067,2026-01-10,18:29:08,INFO,AuthService,User u1619 login successful,E101,User {user} login successful
11068,2026-01-10,18:23:18,WARN,AuthService,Disk usage > 85% on node node-4,E202,Disk usage > 85% on node {node}
11069,2026-01-10,18:46:41,INFO,AuthService,Health check passed: AuthService,E102,Health check passed: {service}
11070,2026-01-10,18:31:01,INFO,WebServer,User u2696 login successful,E101,User {user} login successful
11071,2026-01-10,18:26:12,INFO,AuthService,Transaction tx250833 completed in 1570ms,E104,Transaction {tx} completed in {time}ms
11072,2026-01-10,18:19:10,INFO,AuthService,Page view: /home by u4704,E103,Page view: {page} by {user}
11073,2026-01-10,18:30:48,INFO,InventoryDB,User u2715 login successful,E101,User {user} login successful
11074,2026-01-10,18:00:45,INFO,PaymentGateway,Health check passed: PaymentGateway,E102,Health check passed: {service}
11075,2026-01-10,18:30:41,INFO,PaymentGateway,User u2073 login successful,E101,User {user} login successful
11076,2026-01-10,18:46:12,INFO,WebServer,Transaction tx767874 completed in 556ms,E104,Transaction {tx} completed in {time}ms
11077,2026-01-10,18:08:48,INFO,WebServer,Page view: /home by u3993,E103,Page view: {page} by {user}
11078,2026-01-10,18:14:59,INFO,WebServer,Page view: /home by u2059,E103,Page view: {page} by {user}
11079,2026-01-10,18:15:50,INFO,WebServer,Health check passed: WebServer,E102,Health check passed: {service}
11080,2026-01-10,18:51:45,INFO,WebServer,Health check passed: WebServer,E102,Health check passed: {service}
11081,2026-01-10,18:30:02,INFO,WebServer,Transaction tx751892 completed in 148ms,E104,Transaction {tx} completed in {time}ms
11082,2026-01-10,18:47:05,ERROR,OrderProcessor,Connection refused to OrderProcessor at 10.0.0.45,E501,Connection refused to {service} at {ip}
11083,2026-01-10,18:43:15,INFO,OrderProcessor,Transaction tx749903 completed in 1162ms,E104,Transaction {tx} completed in {time}ms
11084,2026-01-10,18:30:05,INFO,AuthService,Transaction tx745518 completed in 1223ms,E104,Transaction {tx} completed in {time}ms
11085,2026-01-10,18:04:21,INFO,OrderProcessor,Page view: /home by u3873,E103,Page view: {page} by {user}
11086,2026-01-10,18:42:00,INFO,AuthService,Page view: /home by u3499,E103,Page view: {page} by {user}
11087,2026-01-10,18:00:51,INFO,WebServer,User u2727 login successful,E101,User {user} login successful
11088,2026-01-10,18:46:22,INFO,AuthService,Health check passed: AuthService,E102,Health check passed: {service}
11089,2026-01-10,18:42:07,INFO,AuthService,User u2836 login successful,E101,User {user} login successful
11090,2026-01-10,18:42:43,INFO,WebServer,Transaction tx107072 completed in 1839ms,E104,Transaction {tx} completed in {time}ms
11091,2026-01-10,18:46:39,INFO,WebServer,Transaction tx486141 completed in 1606ms,E104,Transaction {tx} completed in {time}ms
11092,2026-01-10,18:15:12,INFO,WebServer,Transaction tx301655 completed in 695ms,E104,Transaction {tx} completed in {time}ms
11093,2026-01-10,18:16:08,INFO,WebServer,User u2297 login successful,E101,User {user} login successful
11094,2026-01-10,18:46:32,INFO,PaymentGateway,User u4546 login successful,E101,User {user} login successful
11095,2026-01-10,18:55:21,INFO,PaymentGateway,Health check passed: PaymentGateway,E102,Health check passed: {service}
11096,2026-01-10,18:43:42,INFO,PaymentGateway,Health check passed: PaymentGateway,E102,Health check passed: {service}
11097,2026-01-10,18:33:25,INFO,WebServer,Transaction tx985018 completed in 1859ms,E104,Transaction {tx} completed in {time}ms
11098,2026-01-10,18:58:42,INFO,PaymentGateway,User u1642 login successful,E101,User {user} login successful
11099,2026-01-10,18:09:31,INFO,WebServer,Health check passed: WebServer,E102,Health check passed: {service}
11100,2026-01-10,18:31:58,INFO,WebServer,Page view: /home by u1663,E103,Page view: {page} by {user}
11101,2026-01-10,18:00:06,INFO,WebServer,User u4081 login successful,E101,User {user} login successful
11102,2026-01-10,18:43:36,INFO,AuthService,Page view: /home by u4416,E103,Page view: {page} by {user}
11103,2026-01-10,18:17:52,INFO,WebServer,Page view: /home by u2707,E103,Page view: {page} by {user}
11104,2026-01-10,18:59:42,INFO,OrderProcessor,Health check passed: OrderProcessor,E102,Health check passed: {service}
11105,2026-01-10,18:54:22,INFO,WebServer,User u4438 login successful,E101,User {user} login successful
11106,2026-01-10,18:25:55,INFO,PaymentGateway,Transaction tx655342 completed in 1496ms,E104,Transaction {tx} completed in {time}ms
11107,2026-01-10,18:45:32,INFO,InventoryDB,User u1678 login successful,E101,User {user} login successful
11108,2026-01-10,18:34:12,INFO,WebServer,Health check passed: WebServer,E102,Health check passed: {service}
11109,2026-01-10,18:58:19,INFO,AuthService,User u4816 login successful,E101,User {user} login successful
11110,2026-01-10,18:19:01,WARN,WebServer,High latency (474ms) detected on WebServer,E201,High latency ({time}ms) detected on {service}
11111,2026-01-10,18:50:19,WARN,OrderProcessor,High latency (1461ms) detected on OrderProcessor,E201,High latency ({time}ms) detected on {service}
11112,2026-01-10,18:54:27,INFO,WebServer,Transaction tx349150 completed in 672ms,E104,Transaction {tx} completed in {time}ms
11113,2026-01-10,18:27:19,INFO,WebServer,Page view: /home by u4796,E103,Page view: {page} by {user}
11114,2026-01-10,18:45:30,INFO,InventoryDB,Page view: /home by u1753,E103,Page view: {page} by {user}
11115,2026-01-10,18:07:47,INFO,PaymentGateway,Page view: /home by u4973,E103,Page view: {page} by {user}
11116,2026-01-10,18:01:06,INFO,WebServer,Health check passed: WebServer,E102,Health check passed: {service}
11117,2026-01-10,18:37:23,INFO,AuthService,Page view: /home by u2853,E103,Page view: {page} by {user}
11118,2026-01-10,18:53:02,INFO,WebServer,Transaction tx339593 completed in 772ms,E104,Transaction {tx} completed in {time}ms
11119,2026-01-10,18:25:24,INFO,OrderProcessor,Page view: /home by u4638,E103,Page view: {page} by {user}
11120,2026-01-10,18:26:25,INFO,AuthService,Page view: /home by u2449,E103,Page view: {page} by {user}
11121,2026-01-10,18:24:18,INFO,WebServer,Page view: /home by u4996,E103,Page view: {page} by {user}
11122,2026-01-10,18:37:09,INFO,WebServer,User u1136 login successful,E101,User {user} login successful
11123,2026-01-10,18:30:24,INFO,WebServer,Health check passed: WebServer,E102,Health check passed: {service}
11124,2026-01-10,18:03:43,INFO,WebServer,Transaction tx911756 completed in 76ms,E104,Transaction {tx} completed in {time}ms
11125,2026-01-10,18:57:02,INFO,WebServer,User u1566 login successful,E101,User {user} login successful
11126,2026-01-10,18:26:47,INFO,AuthService,Page view: /home by u4934,E103,Page view: {page} by {user}
11127,2026-01-10,18:47:14,INFO,OrderProcessor,Transaction tx832326 completed in 1236ms,E104,Transaction {tx} completed in {time}ms
11128,2026-01-10,18:08:35,INFO,InventoryDB,User u3822 login successful,E101,User {user} login successful
11129,2026-01-10,18:36:00,INFO,WebServer,Page view: /home by u2663,E103,Page view: {page} by {user}
11130,2026-01-10,18:16:00,INFO,WebServer,Health check passed: WebServer,E102,Health check passed: {service}
11131,2026-01-10,18:22:16,WARN,WebServer,Disk usage > 85% on node node-4,E202,Disk usage > 85% on node {node}
11132,2026-01-10,18:39:11,INFO,WebServer,Transaction tx389276 completed in 1955ms,E104,Transaction {tx} completed in {time}ms
11133,2026-01-10,18:43:11,INFO,WebServer,Transaction tx459143 completed in 1762ms,E104,Transaction {tx} completed in {time}ms
11134,2026-01-10,18:00:56,INFO,WebServer,Transaction tx839967 completed in 1075ms,E104,Transaction {tx} completed in {time}ms
11135,2026-01-10,18:32:59,INFO,OrderProcessor,Transaction tx347741 completed in 406ms,E104,Transaction {tx} completed in {time}ms
11136,2026-01-10,18:29:38,INFO,WebServer,Transaction tx682757 completed in 249ms,E104,Transaction {tx} completed in {time}ms
11137,2026-01-10,18:39:38,INFO,PaymentGateway,User u1698 login successful,E101,User {user} login successful
11138,2026-01-10,18:22:41,INFO,AuthService,Page view: /home by u2100,E103,Page view: {page} by {user}
11139,2026-01-10,18:11:13,INFO,WebServer,User u3209 login successful,E101,User {user} login successful
11140,2026-01-10,18:17:41,INFO,AuthService,Page view: /home by u1131,E103,Page view: {page} by {user}
11141,2026-01-10,18:10:31,INFO,AuthService,Page view: /home by u4924,E103,Page view: {page} by {user}
11142,2026-01-10,18:35:58,INFO,OrderProcessor,Transaction tx777777 completed in 1551ms,E104,Transaction {tx} completed in {time}ms
11143,2026-01-10,18:06:45,INFO,WebServer,User u2258 login successful,E101,User {user} login successful
11144,2026-01-10,18:38:02,INFO,WebServer,Health check passed: WebServer,E102,Health check passed: {service}
11145,2026-01-10,18:21:19,INFO,AuthService,Page view: /home by u3596,E103,Page view: {page} by {user}
11146,2026-01-10,18:20:33,INFO,PaymentGateway,Page view: /home by u3767,E103,Page view: {page} by {user}
11147,2026-01-10,18:32:31,INFO,WebServer,Page view: /home by u3988,E103,Page view: {page} by {user}
11148,2026-01-10,18:05:50,INFO,WebServer,Transaction tx181879 completed in 1183ms,E104,Transaction {tx} completed in {time}ms
11149,2026-01-10,18:57:15,INFO,WebServer,Transaction tx434068 completed in 1427ms,E104,Transaction {tx} completed in {time}ms
11150,2026-01-10,18:01:42,INFO,WebServer,Health check passed: WebServer,E102,Health check passed: {service}
11151,2026-01-10,18:09:44,INFO,PaymentGateway,Page view: /home by u3522,E103,Page view: {page} by {user}
11152,2026-01-10,18:08:02,INFO,WebServer,Page view: /home by u3501,E103,Page view: {page} by {user}
11153,2026-01-10,18:49:43,INFO,InventoryDB,Page view: /home by u2134,E103,Page view: {page} by {user}
11154,2026-01-10,18:32:41,INFO,WebServer,Page view: /home by u3781,E103,Page view: {page} by {user}
11155,2026-01-10,18:18:08,INFO,OrderProcessor,Transaction tx545027 completed in 1410ms,E104,Transaction {tx} completed in {time}ms
11156,2026-01-10,18:40:54,INFO,WebServer,Page view: /home by u4418,E103,Page view: {page} by {user}
11157,2026-01-10,18:04:06,INFO,AuthService,User u2725 login successful,E101,User {user} login successful
11158,2026-01-10,18:04:53,INFO,AuthService,User u2858 login successful,E101,User {user} login successful
11159,2026-01-10,18:28:58,INFO,InventoryDB,Transaction tx260875 completed in 1780ms,E104,Transaction {tx} completed in {time}ms
11160,2026-01-10,18:24:28,INFO,WebServer,Health check passed: WebServer,E102,Health check passed: {service}
11161,2026-01-10,18:45:43,INFO,WebServer,User u2636 login successful,E101,User {user} login successful
11162,2026-01-10,18:28:39,INFO,WebServer,User u3850 login successful,E101,User {user} login successful
11163,2026-01-10,18:10:34,INFO,WebServer,Transaction tx938333 completed in 1266ms,E104,Transaction {tx} completed in {time}ms
11164,2026-01-10,18:34:19,INFO,WebServer,Transaction tx246870 completed in 1581ms,E104,Transaction {tx} completed in {time}ms
11165,2026-01-10,18:09:04,INFO,AuthService,Page view: /home by u2384,E103,Page view: {page} by {user}
11166,2026-01-10,18:32:22,INFO,WebServer,Page view: /home by u1134,E103,Page view: {page} by {user}
11167,2026-01-10,18:01:40,INFO,WebServer,User u2074 login successful,E101,User {user} login successful
11168,2026-01-10,18:50:36,INFO,OrderProcessor,Page view: /home by u3643,E103,Page view: {page} by {user}
11169,2026-01-10,18:28:25,INFO,WebServer,Page view: /home by u1895,E103,Page view: {page} by {user}
11170,2026-01-10,18:04:23,INFO,WebServer,Transaction tx475234 completed in 286ms,E104,Transaction {tx} completed in {time}ms
11171,2026-01-10,18:51:12,INFO,WebServer,User u2779 login successful,E101,User {user} login successful
11172,2026-01-10,18:42:36,ERROR,AuthService,Timeout waiting for lock on InventoryDB,E502,Timeout waiting for lock on {db}
11173,2026-01-10,18:18:52,INFO,AuthService,Page view: /home by u1950,E103,Page view: {page} by {user}
11174,2026-01-10,18:23:58,INFO,AuthService,Page view: /home by u1987,E103,Page view: {page} by {user}
11175,2026-01-10,18:47:07,INFO,OrderProcessor,Health check passed: OrderProcessor,E102,Health check passed: {service}
11176,2026-01-10,18:25:16,INFO,WebServer,Health check passed: WebServer,E102,Health check passed: {service}
11177,2026-01-10,18:34:53,INFO,WebServer,User u3258 login successful,E101,User {user} login successful
11178,2026-01-10,18:32:38,INFO,WebServer,User u2012 login successful,E101,User {user} login successful
11179,2026-01-10,18:08:07,INFO,WebServer,User u1357 login successful,E101,User {user} login successful
11180,2026-01-10,18:20:15,INFO,WebServer,Health check passed: WebServer,E102,Health check passed: {service}
11181,2026-01-10,18:19:55,INFO,WebServer,Transaction tx460908 completed in 1904ms,E104,Transaction {tx} completed in {time}ms
11182,2026-01-10,18:22:36,INFO,AuthService,User u3034 login successful,E101,User {user} login successful
11183,2026-01-10,18:57:55,INFO,WebServer,Health check passed: WebServer,E102,Health check passed: {service}
11184,2026-01-10,18:22:05,INFO,PaymentGateway,Health check passed: PaymentGateway,E102,Health check passed: {service}
11185,2026-01-10,18:36:36,INFO,AuthService,Transaction tx811559 completed in 276ms,E104,Transaction {tx} completed in {time}ms
11186,2026-01-10,18:34:49,INFO,AuthService,Health check passed: AuthService,E102,Health check passed: {service}
11187,2026-01-10,18:24:33,INFO,AuthService,Transaction tx890065 completed in 712ms,E104,Transaction {tx} completed in {time}ms
11188,2026-01-10,18:48:47,INFO,WebServer,Health check passed: WebServer,E102,Health check passed: {service}
11189,2026-01-10,18:16:58,INFO,WebServer,Health check passed: WebServer,E102,Health check passed: {service}
11190,2026-01-10,18:15:37,INFO,PaymentGateway,Health check passed: PaymentGateway,E102,Health check passed: {service}
11191,2026-01-10,18:50:50,INFO,AuthService,Page view: /home by u4858,E103,Page view: {page} by {user}
11192,2026-01-10,18:03:40,INFO,PaymentGateway,Page view: /home by u4964,E103,Page view: {page} by {user}
11193,2026-01-10,18:10:27,INFO,AuthService,User u4495 login successful,E101,User {user} login successful
11194,2026-01-10,18:40:33,INFO,OrderProcessor,Page view: /home by u4988,E103,Page view: {page} by {user}
11195,2026-01-10,18:08:01,INFO,OrderProcessor,User u3450 login successful,E101,User {user} login successful
11196,2026-01-10,18:06:13,INFO,AuthService,Transaction tx958319 completed in 1805ms,E104,Transaction {tx} completed in {time}ms
11197,2026-01-10,18:41:28,INFO,WebServer,User u4779 login successful,E101,User {user} login successful
11198,2026-01-10,18:11:00,WARN,WebServer,High latency (660ms) detected on WebServer,E201,High latency ({time}ms) detected on {service}
11199,2026-01-10,18:23:37,INFO,WebServer,User u4233 login successful,E101,User {user} login successful
11200,2026-01-10,18:55:12,INFO,AuthService,Health check passed: AuthService,E102,Health check passed: {service}
11201,2026-01-10,18:03:45,INFO,WebServer,Page view: /home by u2173,E103,Page view: {page} by {user}
11202,2026-01-10,18:37:41,INFO,PaymentGateway,Page view: /home by u2840,E103,Page view: {page} by {user}
11203,2026-01-10,18:30:57,INFO,WebServer,Transaction tx338386 completed in 1348ms,E104,Transaction {tx} completed in {time}ms
11204,2026-01-10,18:07:20,INFO,WebServer,User u3985 login successful,E101,User {user} login successful
11205,2026-01-10,18:17:42,INFO,WebServer,Health check passed: WebServer,E102,Health check passed: {service}
11206,2026-01-10,18:13:35,INFO,WebServer,Health check passed: WebServer,E102,Health check passed: {service}
11207,2026-01-10,18:17:45,INFO,WebServer,Page view: /home by u1032,E103,Page view: {page} by {user}
11208,2026-01-10,18:04:10,INFO,WebServer,Page view: /home by u2424,E103,Page view: {page} by {user}
11209,2026-01-10,18:17:32,INFO,PaymentGateway,User u1701 login successful,E101,User {user} login successful
11210,2026-01-10,18:35:52,INFO,WebServer,User u2293 login successful,E101,User {user} login successful
11211,2026-01-10,18:52:05,WARN,PaymentGateway,Disk usage > 85% on node node-3,E202,Disk usage > 85% on node {node}
11212,2026-01-10,18:02:01,INFO,WebServer,Page view: /home by u4909,E103,Page view: {page} by {user}
11213,2026-01-10,18:32:50,INFO,WebServer,Transaction tx275182 completed in 1460ms,E104,Transaction {tx} completed in {time}ms
11214,2026-01-10,18:34:26,WARN,WebServer,High latency (258ms) detected on WebServer,E201,High latency ({time}ms) detected on {service}
11215,2026-01-10,18:08:13,INFO,PaymentGateway,User u2921 login successful,E101,User {user} login successful
11216,2026-01-10,18:14:46,WARN,InventoryDB,Disk usage > 85% on node node-2,E202,Disk usage > 85% on node {node}
11217,2026-01-10,18:33:12,INFO,PaymentGateway,User u1707 login successful,E101,User {user} login successful
11218,2026-01-10,18:25:19,INFO,PaymentGateway,User u1325 login successful,E101,User {user} login successful
11219,2026-01-10,18:56:02,WARN,AuthService,High latency (1453ms) detected on AuthService,E201,High latency ({time}ms) detected on {service}
11220,2026-01-10,18:10:41,INFO,PaymentGateway,User u2112 login successful,E101,User {user} login successful
11221,2026-01-10,18:14:16,INFO,WebServer,User u2912 login successful,E101,User {user} login successful
11222,2026-01-10,18:45:39,INFO,AuthService,Page view: /home by u1946,E103,Page view: {page} by {user}
11223,2026-01-10,18:56:54,INFO,AuthService,User u2294 login successful,E101,User {user} login successful
11224,2026-01-10,18:44:19,INFO,WebServer,Health check passed: WebServer,E102,Health check passed: {service}
11225,2026-01-10,18:02:57,INFO,PaymentGateway,Page view: /home by u4165,E103,Page view: {page} by {user}
11226,2026-01-10,18:24:00,INFO,WebServer,Page view: /home by u2997,E103,Page view: {page} by {user}
11227,2026-01-10,18:17:05,INFO,OrderProcessor,User u1427 login successful,E101,User {user} login successful
11228,2026-01-10,18:04:52,INFO,OrderProcessor,Health check passed: OrderProcessor,E102,Health check passed: {service}
11229,2026-01-10,18:36:56,INFO,OrderProcessor,Transaction tx601928 completed in 197ms,E104,Transaction {tx} completed in {time}ms
11230,2026-01-10,18:31:53,INFO,InventoryDB,Transaction tx194769 completed in 1123ms,E104,Transaction {tx} completed in {time}ms
11231,2026-01-10,18:54:11,INFO,AuthService,Transaction tx444159 completed in 108ms,E104,Transaction {tx} completed in {time}ms
11232,2026-01-10,18:34:48,INFO,WebServer,Transaction tx207800 completed in 1911ms,E104,Transaction {tx} completed in {time}ms
11233,2026-01-10,18:29:15,INFO,PaymentGateway,Transaction tx268703 completed in 645ms,E104,Transaction {tx} completed in {time}ms
11234,2026-01-10,18:31:25,WARN,WebServer,Unauthorized access attempt from 10.0.0.12,E401,Unauthorized access attempt from {ip}
11235,2026-01-10,18:38:48,INFO,InventoryDB,Health check passed: InventoryDB,E102,Health check passed: {service}
11236,2026-01-10,18:17:44,INFO,WebServer,Page view: /home by u2343,E103,Page view: {page} by {user}
11237,2026-01-10,18:48:02,INFO,WebServer,Transaction tx400099 completed in 1424ms,E104,Transaction {tx} completed in {time}ms
11238,2026-01-10,18:19:02,INFO,WebServer,Page view: /home by u1689,E103,Page view: {page} by {user}
11239,2026-01-10,18:11:55,INFO,OrderProcessor,Health check passed: OrderProcessor,E102,Health check passed: {service}
11240,2026-01-10,18:13:58,WARN,WebServer,Disk usage > 85% on node node-5,E202,Disk usage > 85% on node {node}
11241,2026-01-10,18:16:45,INFO,WebServer,Transaction tx991765 completed in 1301ms,E104,Transaction {tx} completed in {time}ms
11242,2026-01-10,18:07:09,INFO,WebServer,Page view: /home by u4078,E103,Page view: {page} by {user}
11243,2026-01-10,18:01:30,INFO,WebServer,User u3981 login successful,E101,User {user} login successful
11244,2026-01-10,18:51:21,INFO,WebServer,User u4758 login successful,E101,User {user} login successful
11245,2026-01-10,18:46:35,INFO,OrderProcessor,Transaction tx107916 completed in 613ms,E104,Transaction {tx} completed in {time}ms
11246,2026-01-10,18:33:03,INFO,WebServer,Health check passed: WebServer,E102,Health check passed: {service}
11247,2026-01-10,18:39:49,INFO,WebServer,Page view: /home by u4817,E103,Page view: {page} by {user}
11248,2026-01-10,18:47:19,WARN,AuthService,High latency (930ms) detected on AuthService,E201,High latency ({time}ms) detected on {service}
11249,2026-01-10,18:55:57,INFO,WebServer,Health check passed: WebServer,E102,Health check passed: {service}
11250,2026-01-10,18:53:06,INFO,PaymentGateway,Health check passed: PaymentGateway,E102,Health check passed: {service}
11251,2026-01-10,18:18:42,INFO,WebServer,User u3514 login successful,E101,User {user} login successful
11252,2026-01-10,18:26:04,INFO,WebServer,Page view: /home by u3742,E103,Page view: {page} by {user}
11253,2026-01-10,18:47:43,INFO,WebServer,Page view: /home by u2525,E103,Page view: {page} by {user}
11254,2026-01-10,18:45:54,INFO,AuthService,User u4907 login successful,E101,User {user} login successful
11255,2026-01-10,18:18:46,INFO,WebServer,Transaction tx380366 completed in 55ms,E104,Transaction {tx} completed in {time}ms
11256,2026-01-10,18:43:21,WARN,WebServer,Disk usage > 85% on node node-4,E202,Disk usage > 85% on node {node}
11257,2026-01-10,18:00:25,INFO,WebServer,Page view: /home by u4758,E103,Page view: {page} by {user}
11258,2026-01-10,18:01:15,INFO,PaymentGateway,Health check passed: PaymentGateway,E102,Health check passed: {service}
11259,2026-01-10,18:46:58,INFO,InventoryDB,Transaction tx690661 completed in 33ms,E104,Transaction {tx} completed in {time}ms
11260,2026-01-10,18:08:53,INFO,WebServer,Transaction tx771489 completed in 220ms,E104,Transaction {tx} completed in {time}ms
11261,2026-01-10,18:45:08,INFO,WebServer,User u3405 login successful,E101,User {user} login successful
11262,2026-01-10,18:16:55,INFO,WebServer,User u4850 login successful,E101,User {user} login successful
11263,2026-01-10,18:55:15,INFO,WebServer,User u1174 login successful,E101,User {user} login successful
11264,2026-01-10,18:44:30,INFO,OrderProcessor,Transaction tx299635 completed in 783ms,E104,Transaction {tx} completed in {time}ms
11265,2026-01-10,18:29:25,INFO,WebServer,Health check passed: WebServer,E102,Health check passed: {service}
11266,2026-01-10,18:37:44,INFO,WebServer,User u1885 login successful,E101,User {user} login successful
11267,2026-01-10,18:19:39,INFO,AuthService,User u4849 login successful,E101,User {user} login successful
11268,2026-01-10,18:25:47,WARN,WebServer,Unauthorized access attempt from 10.0.0.45,E401,Unauthorized access attempt from {ip}
11269,2026-01-10,18:08:21,INFO,AuthService,Health check passed: AuthService,E102,Health check passed: {service}
11270,2026-01-10,18:47:00,INFO,WebServer,User u4592 login successful,E101,User {user} login successful
11271,2026-01-10,18:14:45,INFO,WebServer,Transaction tx850802 completed in 1485ms,E104,Transaction {tx} completed in {time}ms
11272,2026-01-10,18:50:21,INFO,WebServer,Transaction tx193693 completed in 1308ms,E104,Transaction {tx} completed in {time}ms
11273,2026-01-10,18:54:26,WARN,PaymentGateway,Unauthorized access attempt from 10.0.0.45,E401,Unauthorized access attempt from {ip}
11274,2026-01-10,18:30:15,INFO,AuthService,Page view: /home by u1511,E103,Page view: {page} by {user}
11275,2026-01-10,18:34:21,INFO,OrderProcessor,User u4938 login successful,E101,User {user} login successful
11276,2026-01-10,18:51:34,INFO,WebServer,Health check passed: WebServer,E102,Health check passed: {service}
11277,2026-01-10,18:34:45,INFO,WebServer,User u2467 login successful,E101,User {user} login successful
11278,2026-01-10,18:20:19,INFO,AuthService,Health check passed: AuthService,E102,Health check passed: {service}
11279,2026-01-10,18:08:10,INFO,WebServer,User u3527 login successful,E101,User {user} login successful
11280,2026-01-10,18:05:35,INFO,WebServer,Health check passed: WebServer,E102,Health check passed: {service}
11281,2026-01-10,18:55:19,INFO,AuthService,User u1663 login successful,E101,User {user} login successful
11282,2026-01-10,18:41:48,INFO,WebServer,User u2065 login successful,E101,User {user} login successful
11283,2026-01-10,18:42:40,INFO,AuthService,Health check passed: AuthService,E102,Health check passed: {service}
11284,2026-01-10,18:39:37,INFO,WebServer,Page view: /home by u3459,E103,Page view: {page} by {user}
11285,2026-01-10,18:14:16,INFO,WebServer,User u1155 login successful,E101,User {user} login successful
11286,2026-01-10,18:35:18,INFO,AuthService,Page view: /home by u1375,E103,Page view: {page} by {user}
11287,2026-01-10,18:05:13,INFO,WebServer,Health check passed: WebServer,E102,Health check passed: {service}
11288,2026-01-10,18:08:29,INFO,OrderProcessor,User u3059 login successful,E101,User {user} login successful
11289,2026-01-10,18:31:15,INFO,OrderProcessor,Page view: /home by u3694,E103,Page view: {page} by {user}
11290,2026-01-10,18:47:43,INFO,AuthService,Health check passed: AuthService,E102,Health check passed: {service}
11291,2026-01-10,18:52:45,WARN,WebServer,Unauthorized access attempt from 10.0.0.12,E401,Unauthorized access attempt from {ip}
11292,2026-01-10,18:51:48,INFO,WebServer,Health check passed: WebServer,E102,Health check passed: {service}
11293,2026-01-10,18:03:55,INFO,AuthService,Transaction tx633698 completed in 1151ms,E104,Transaction {tx} completed in {time}ms
11294,2026-01-10,18:24:44,INFO,PaymentGateway,Transaction tx712631 completed in 1327ms,E104,Transaction {tx} completed in {time}ms
11295,2026-01-10,18:47:11,INFO,WebServer,Health check passed: WebServer,E102,Health check passed: {service}
11296,2026-01-10,18:59:19,INFO,WebServer,Transaction tx751882 completed in 1762ms,E104,Transaction {tx} completed in {time}ms
11297,2026-01-10,18:02:45,INFO,InventoryDB,Health check passed: InventoryDB,E102,Health check passed: {service}
11298,2026-01-10,18:11:34,INFO,OrderProcessor,Health check passed: OrderProcessor,E102,Health check passed: {service}
11299,2026-01-10,18:05:22,INFO,PaymentGateway,Transaction tx606654 completed in 886ms,E104,Transaction {tx} completed in {time}ms
11300,2026-01-10,18:49:04,WARN,WebServer,High latency (989ms) detected on WebServer,E201,High latency ({time}ms) detected on {service}
11301,2026-01-10,18:22:58,INFO,WebServer,Transaction tx942562 completed in 612ms,E104,Transaction {tx} completed in {time}ms
11302,2026-01-10,18:31:37,INFO,WebServer,Health check passed: WebServer,E102,Health check passed: {service}
11303,2026-01-10,18:14:14,INFO,WebServer,User u2041 login successful,E101,User {user} login successful
11304,2026-01-10,18:58:21,INFO,WebServer,Health check passed: WebServer,E102,Health check passed: {service}
11305,2026-01-10,18:13:44,INFO,WebServer,Health check passed: WebServer,E102,Health check passed: {service}
11306,2026-01-10,18:46:14,INFO,WebServer,Transaction tx728055 completed in 1696ms,E104,Transaction {tx} completed in {time}ms
11307,2026-01-10,18:48:04,INFO,WebServer,Health check passed: WebServer,E102,Health check passed: {service}
11308,2026-01-10,18:00:07,WARN,OrderProcessor,High latency (158ms) detected on OrderProcessor,E201,High latency ({time}ms) detected on {service}
11309,2026-01-10,18:14:12,INFO,WebServer,Health check passed: WebServer,E102,Health check passed: {service}
11310,2026-01-10,18:10:40,WARN,AuthService,High latency (1667ms) detected on AuthService,E201,High latency ({time}ms) detected on {service}
11311,2026-01-10,18:15:21,INFO,OrderProcessor,Health check passed: OrderProcessor,E102,Health check passed: {service}
11312,2026-01-10,18:41:37,INFO,AuthService,User u2919 login successful,E101,User {user} login successful
11313,2026-01-10,18:41:10,INFO,WebServer,Transaction tx436153 completed in 1555ms,E104,Transaction {tx} completed in {time}ms
11314,2026-01-10,18:18:36,INFO,WebServer,Health check passed: WebServer,E102,Health check passed: {service}
11315,2026-01-10,18:43:33,INFO,OrderProcessor,Page view: /home by u1103,E103,Page view: {page} by {user}
11316,2026-01-10,18:25:09,INFO,InventoryDB,Transaction tx990007 completed in 1664ms,E104,Transaction {tx} completed in {time}ms
11317,2026-01-10,18:58:19,INFO,WebServer,Health check passed: WebServer,E102,Health check passed: {service}
11318,2026-01-10,18:18:45,INFO,WebServer,Page view: /home by u2680,E103,Page view: {page} by {user}
11319,2026-01-10,18:54:57,WARN,OrderProcessor,Unauthorized access attempt from 10.0.0.99,E401,Unauthorized access attempt from {ip}
11320,2026-01-10,18:19:51,INFO,AuthService,User u4562 login successful,E101,User {user} login successful
11321,2026-01-10,18:06:25,INFO,OrderProcessor,User u3041 login successful,E101,User {user} login successful
11322,2026-01-10,18:56:02,INFO,OrderProcessor,Page view: /home by u4582,E103,Page view: {page} by {user}
11323,2026-01-10,18:49:48,INFO,WebServer,User u1325 login successful,E101,User {user} login successful
11324,2026-01-10,18:01:48,CRITICAL,PaymentGateway,KERNEL PANIC: Node node-3 crashed,E601,KERNEL PANIC: Node {node} crashed
11325,2026-01-10,18:45:33,INFO,InventoryDB,Page view: /home by u3054,E103,Page view: {page} by {user}
11326,2026-01-10,18:52:00,INFO,WebServer,Health check passed: WebServer,E102,Health check passed: {service}
11327,2026-01-10,18:47:32,INFO,OrderProcessor,Transaction tx664830 completed in 1053ms,E104,Transaction {tx} completed in {time}ms
11328,2026-01-10,18:37:43,INFO,AuthService,Page view: /home by u1655,E103,Page view: {page} by {user}
11329,2026-01-10,18:41:45,WARN,InventoryDB,Disk usage > 85% on node node-1,E202,Disk usage > 85% on node {node}
11330,2026-01-10,18:23:10,INFO,AuthService,Page view: /home by u3206,E103,Page view: {page} by {user}
11331,2026-01-10,18:44:36,INFO,WebServer,User u3514 login successful,E101,User {user} login successful
11332,2026-01-10,18:23:17,INFO,WebServer,Transaction tx851972 completed in 964ms,E104,Transaction {tx} completed in {time}ms
11333,2026-01-10,18:34:11,INFO,PaymentGateway,Transaction tx817088 completed in 917ms,E104,Transaction {tx} completed in {time}ms
11334,2026-01-10,18:57:11,INFO,InventoryDB,Health check passed: InventoryDB,E102,Health check passed: {service}
11335,2026-01-10,18:50:36,INFO,WebServer,Transaction tx133908 completed in 1959ms,E104,Transaction {tx} completed in {time}ms
11336,2026-01-10,18:05:18,WARN,WebServer,Unauthorized access attempt from 10.0.0.12,E401,Unauthorized access attempt from {ip}
11337,2026-01-10,18:35:07,ERROR,WebServer,Connection refused to WebServer at 10.0.0.45,E501,Connection refused to {service} at {ip}
11338,2026-01-10,18:54:20,INFO,WebServer,User u1049 login successful,E101,User {user} login successful
11339,2026-01-10,18:31:58,INFO,AuthService,Health check passed: AuthService,E102,Health check passed: {service}
11340,2026-01-10,18:33:26,INFO,WebServer,User u4498 login successful,E101,User {user} login successful
11341,2026-01-10,18:15:10,INFO,AuthService,Health check passed: AuthService,E102,Health check passed: {service}
11342,2026-01-10,18:29:42,INFO,PaymentGateway,Transaction tx296227 completed in 662ms,E104,Transaction {tx} completed in {time}ms
11343,2026-01-10,18:47:15,INFO,OrderProcessor,Health check passed: OrderProcessor,E102,Health check passed: {service}
11344,2026-01-10,18:48:17,WARN,AuthService,Unauthorized access attempt from 10.0.0.45,E401,Unauthorized access attempt from {ip}
11345,2026-01-10,18:40:07,WARN,WebServer,High latency (1976ms) detected on WebServer,E201,High latency ({time}ms) detected on {service}
11346,2026-01-10,18:57:37,INFO,OrderProcessor,Health check passed: OrderProcessor,E102,Health check passed: {service}
11347,2026-01-10,18:24:24,INFO,WebServer,Health check passed: WebServer,E102,Health check passed: {service}
11348,2026-01-10,18:24:47,INFO,AuthService,Page view: /home by u3934,E103,Page view: {page} by {user}
11349,2026-01-10,18:21:06,INFO,AuthService,Page view: /home by u3613,E103,Page view: {page} by {user}
11350,2026-01-10,18:06:34,INFO,InventoryDB,Page view: /home by u1857,E103,Page view: {page} by {user}
11351,2026-01-10,18:06:23,INFO,AuthService,Transaction tx854583 completed in 111ms,E104,Transaction {tx} completed in {time}ms
11352,2026-01-10,18:37:53,INFO,WebServer,Page view: /home by u1212,E103,Page view: {page} by {user}
11353,2026-01-10,18:09:44,INFO,WebServer,Page view: /home by u4728,E103,Page view: {page} by {user}
11354,2026-01-10,18:45:57,INFO,WebServer,User u4259 login successful,E101,User {user} login successful
11355,2026-01-10,18:34:27,INFO,AuthService,Transaction tx589474 completed in 159ms,E104,Transaction {tx} completed in {time}ms
11356,2026-01-10,18:31:42,INFO,PaymentGateway,Page view: /home by u2146,E103,Page view: {page} by {user}
11357,2026-01-10,18:34:40,INFO,InventoryDB,Page view: /home by u1357,E103,Page view: {page} by {user}
11358,2026-01-10,18:56:05,INFO,WebServer,Page view: /home by u4068,E103,Page view: {page} by {user}
11359,2026-01-10,18:15:47,INFO,OrderProcessor,Transaction tx584281 completed in 1311ms,E104,Transaction {tx} completed in {time}ms
11360,2026-01-10,18:52:33,INFO,AuthService,Health check passed: AuthService,E102,Health check passed: {service}
11361,2026-01-10,18:35:15,INFO,WebServer,Page view: /home by u4042,E103,Page view: {page} by {user}
11362,2026-01-10,18:06:00,INFO,AuthService,Health check passed: AuthService,E102,Health check passed: {service}
11363,2026-01-10,18:09:30,INFO,WebServer,User u2552 login successful,E101,User {user} login successful
11364,2026-01-10,18:38:49,INFO,OrderProcessor,User u4631 login successful,E101,User {user} login successful
11365,2026-01-10,18:00:19,INFO,WebServer,Health check passed: WebServer,E102,Health check passed: {service}
11366,2026-01-10,18:51:16,INFO,OrderProcessor,Transaction tx886003 completed in 1571ms,E104,Transaction {tx} completed in {time}ms
11367,2026-01-10,18:20:35,INFO,OrderProcessor,Page view: /home by u4730,E103,Page view: {page} by {user}
11368,2026-01-10,18:56:22,INFO,WebServer,Page view: /home by u3277,E103,Page view: {page} by {user}
11369,2026-01-10,18:04:53,INFO,WebServer,User u1122 login successful,E101,User {user} login successful
11370,2026-01-10,18:43:22,INFO,WebServer,Transaction tx345972 completed in 1234ms,E104,Transaction {tx} completed in {time}ms
11371,2026-01-10,18:08:59,INFO,WebServer,Health check passed: WebServer,E102,Health check passed: {service}
11372,2026-01-10,18:32:33,INFO,AuthService,Health check passed: AuthService,E102,Health check passed: {service}
11373,2026-01-10,18:56:13,INFO,PaymentGateway,Transaction tx983642 completed in 456ms,E104,Transaction {tx} completed in {time}ms
11374,2026-01-10,18:12:17,INFO,WebServer,Health check passed: WebServer,E102,Health check passed: {service}
11375,2026-01-10,18:15:11,INFO,OrderProcessor,Page view: /home by u1243,E103,Page view: {page} by {user}
11376,2026-01-10,18:20:41,INFO,AuthService,Health check passed: AuthService,E102,Health check passed: {service}
11377,2026-01-10,18:12:21,INFO,WebServer,Page view: /home by u1832,E103,Page view: {page} by {user}
11378,2026-01-10,18:28:42,INFO,WebServer,Transaction tx283262 completed in 1468ms,E104,Transaction {tx} completed in {time}ms
11379,2026-01-10,18:17:23,INFO,AuthService,Page view: /home by u4253,E103,Page view: {page} by {user}
11380,2026-01-10,18:01:43,INFO,AuthService,Transaction tx742650 completed in 405ms,E104,Transaction {tx} completed in {time}ms
11381,2026-01-10,18:35:03,INFO,AuthService,User u4043 login successful,E101,User {user} login successful
11382,2026-01-10,18:01:19,INFO,WebServer,Page view: /home by u3886,E103,Page view: {page} by {user}
11383,2026-01-10,18:27:32,INFO,OrderProcessor,Transaction tx584994 completed in 1867ms,E104,Transaction {tx} completed in {time}ms
11384,2026-01-10,18:06:08,INFO,WebServer,Transaction tx997282 completed in 1885ms,E104,Transaction {tx} completed in {time}ms
11385,2026-01-10,18:22:31,INFO,OrderProcessor,Transaction tx109547 completed in 901ms,E104,Transaction {tx} completed in {time}ms
11386,2026-01-10,18:47:08,INFO,AuthService,Health check passed: AuthService,E102,Health check passed: {service}
11387,2026-01-10,18:51:33,INFO,WebServer,Health check passed: WebServer,E102,Health check passed: {service}
11388,2026-01-10,18:56:23,INFO,WebServer,User u2324 login successful,E101,User {user} login successful
11389,2026-01-10,18:08:31,WARN,WebServer,Unauthorized access attempt from 10.0.0.12,E401,Unauthorized access attempt from {ip}
11390,2026-01-10,18:30:49,INFO,AuthService,Page view: /home by u1544,E103,Page view: {page} by {user}
11391,2026-01-10,18:44:09,INFO,OrderProcessor,Health check passed: OrderProcessor,E102,Health check passed: {service}
11392,2026-01-10,18:57:49,INFO,WebServer,Page view: /home by u1551,E103,Page view: {page} by {user}
11393,2026-01-10,18:59:23,INFO,InventoryDB,User u3357 login successful,E101,User {user} login successful
11394,2026-01-10,18:34:53,INFO,PaymentGateway,Health check passed: PaymentGateway,E102,Health check passed: {service}
11395,2026-01-10,18:12:16,INFO,OrderProcessor,User u3576 login successful,E101,User {user} login successful
11396,2026-01-10,18:00:09,INFO,WebServer,Health check passed: WebServer,E102,Health check passed: {service}
11397,2026-01-10,18:10:46,INFO,AuthService,User u1355 login successful,E101,User {user} login successful
11398,2026-01-10,18:02:13,INFO,PaymentGateway,Transaction tx655497 completed in 1722ms,E104,Transaction {tx} completed in {time}ms
11399,2026-01-10,18:24:28,INFO,WebServer,User u3472 login successful,E101,User {user} login successful
11400,2026-01-10,18:09:35,INFO,WebServer,User u4767 login successful,E101,User {user} login successful
11401,2026-01-10,18:18:15,INFO,WebServer,Page view: /home by u1799,E103,Page view: {page} by {user}
11402,2026-01-10,18:04:32,INFO,PaymentGateway,User u2447 login successful,E101,User {user} login successful
11403,2026-01-10,18:14:13,INFO,OrderProcessor,Page view: /home by u4869,E103,Page view: {page} by {user}
11404,2026-01-10,18:08:52,INFO,WebServer,Page view: /home by u1941,E103,Page view: {page} by {user}
11405,2026-01-10,18:09:40,INFO,PaymentGateway,Transaction tx532112 completed in 1904ms,E104,Transaction {tx} completed in {time}ms
11406,2026-01-10,18:49:33,INFO,WebServer,Page view: /home by u3043,E103,Page view: {page} by {user}
11407,2026-01-10,18:33:30,INFO,WebServer,Page view: /home by u2404,E103,Page view: {page} by {user}
11408,2026-01-10,18:58:11,WARN,WebServer,High latency (845ms) detected on WebServer,E201,High latency ({time}ms) detected on {service}
11409,2026-01-10,18:55:06,INFO,OrderProcessor,Health check passed: OrderProcessor,E102,Health check passed: {service}
11410,2026-01-10,18:35:26,INFO,WebServer,Page view: /home by u4899,E103,Page view: {page} by {user}
11411,2026-01-10,18:31:07,INFO,PaymentGateway,User u3051 login successful,E101,User {user} login successful
11412,2026-01-10,18:12:09,INFO,WebServer,Page view: /home by u2076,E103,Page view: {page} by {user}
11413,2026-01-10,18:20:16,INFO,OrderProcessor,Health check passed: OrderProcessor,E102,Health check passed: {service}
11414,2026-01-10,18:31:54,INFO,AuthService,Health check passed: AuthService,E102,Health check passed: {service}
11415,2026-01-10,18:20:02,INFO,OrderProcessor,User u1921 login successful,E101,User {user} login successful
11416,2026-01-10,18:47:14,INFO,OrderProcessor,User u4176 login successful,E101,User {user} login successful
11417,2026-01-10,18:06:48,INFO,WebServer,User u4615 login successful,E101,User {user} login successful
11418,2026-01-10,18:56:57,INFO,WebServer,Transaction tx863905 completed in 825ms,E104,Transaction {tx} completed in {time}ms
11419,2026-01-10,18:43:38,INFO,WebServer,Health check passed: WebServer,E102,Health check passed: {service}
11420,2026-01-10,18:10:55,INFO,WebServer,Health check passed: WebServer,E102,Health check passed: {service}
11421,2026-01-10,18:25:25,INFO,AuthService,Transaction tx807298 completed in 1699ms,E104,Transaction {tx} completed in {time}ms
11422,2026-01-10,18:40:09,INFO,InventoryDB,User u3385 login successful,E101,User {user} login successful
11423,2026-01-10,18:05:59,INFO,WebServer,Page view: /home by u2788,E103,Page view: {page} by {user}
11424,2026-01-10,18:37:30,INFO,WebServer,User u4841 login successful,E101,User {user} login successful
11425,2026-01-10,18:12:39,INFO,AuthService,Transaction tx801722 completed in 979ms,E104,Transaction {tx} completed in {time}ms
11426,2026-01-10,18:01:09,INFO,AuthService,Transaction tx812249 completed in 1673ms,E104,Transaction {tx} completed in {time}ms
11427,2026-01-10,18:40:34,INFO,WebServer,Health check passed: WebServer,E102,Health check passed: {service}
11428,2026-01-10,18:16:55,INFO,WebServer,Health check passed: WebServer,E102,Health check passed: {service}
11429,2026-01-10,18:46:21,INFO,WebServer,User u1204 login successful,E101,User {user} login successful
11430,2026-01-10,18:32:56,INFO,WebServer,Transaction tx970660 completed in 1841ms,E104,Transaction {tx} completed in {time}ms
11431,2026-01-10,18:08:26,INFO,OrderProcessor,Health check passed: OrderProcessor,E102,Health check passed: {service}
11432,2026-01-10,18:18:44,INFO,WebServer,Transaction tx188570 completed in 562ms,E104,Transaction {tx} completed in {time}ms
11433,2026-01-10,18:36:03,INFO,WebServer,Health check passed: WebServer,E102,Health check passed: {service}
11434,2026-01-10,18:37:54,WARN,AuthService,Unauthorized access attempt from 10.0.0.45,E401,Unauthorized access attempt from {ip}
11435,2026-01-10,18:51:03,INFO,WebServer,Transaction tx593965 completed in 1808ms,E104,Transaction {tx} completed in {time}ms
11436,2026-01-10,18:11:14,INFO,PaymentGateway,Page view: /home by u4356,E103,Page view: {page} by {user}
11437,2026-01-10,18:47:06,INFO,OrderProcessor,Health check passed: OrderProcessor,E102,Health check passed: {service}
11438,2026-01-10,18:50:54,INFO,WebServer,User u3417 login successful,E101,User {user} login successful
11439,2026-01-10,18:54:25,INFO,WebServer,Page view: /home by u1322,E103,Page view: {page} by {user}
11440,2026-01-10,18:49:34,INFO,PaymentGateway,User u2695 login successful,E101,User {user} login successful
11441,2026-01-10,18:44:47,INFO,WebServer,Transaction tx435489 completed in 1649ms,E104,Transaction {tx} completed in {time}ms
11442,2026-01-10,18:44:30,INFO,OrderProcessor,User u3625 login successful,E101,User {user} login successful
11443,2026-01-10,18:46:46,INFO,AuthService,Transaction tx272281 completed in 217ms,E104,Transaction {tx} completed in {time}ms
11444,2026-01-10,18:01:14,INFO,AuthService,Transaction tx951124 completed in 735ms,E104,Transaction {tx} completed in {time}ms
11445,2026-01-10,18:24:18,INFO,WebServer,Transaction tx691661 completed in 387ms,E104,Transaction {tx} completed in {time}ms
11446,2026-01-10,18:40:26,INFO,AuthService,User u2077 login successful,E101,User {user} login successful
11447,2026-01-10,18:16:14,INFO,WebServer,Health check passed: WebServer,E102,Health check passed: {service}
11448,2026-01-10,18:34:15,INFO,AuthService,Health check passed: AuthService,E102,Health check passed: {service}
11449,2026-01-10,18:55:54,INFO,PaymentGateway,Transaction tx187265 completed in 1191ms,E104,Transaction {tx} completed in {time}ms
11450,2026-01-10,18:53:36,INFO,WebServer,Page view: /home by u3852,E103,Page view: {page} by {user}
11451,2026-01-10,18:44:57,INFO,AuthService,Health check passed: AuthService,E102,Health check passed: {service}
11452,2026-01-10,18:40:28,INFO,OrderProcessor,Page view: /home by u3615,E103,Page view: {page} by {user}
11453,2026-01-10,18:26:44,WARN,WebServer,Disk usage > 85% on node node-3,E202,Disk usage > 85% on node {node}
11454,2026-01-10,18:18:47,INFO,OrderProcessor,Health check passed: OrderProcessor,E102,Health check passed: {service}
11455,2026-01-10,18:22:23,WARN,OrderProcessor,High latency (592ms) detected on OrderProcessor,E201,High latency ({time}ms) detected on {service}
11456,2026-01-10,18:53:35,INFO,AuthService,Page view: /home by u3975,E103,Page view: {page} by {user}
11457,2026-01-10,18:43:20,INFO,WebServer,User u2259 login successful,E101,User {user} login successful
11458,2026-01-10,18:24:57,INFO,AuthService,Page view: /home by u2456,E103,Page view: {page} by {user}
11459,2026-01-10,18:27:59,INFO,WebServer,Transaction tx650968 completed in 241ms,E104,Transaction {tx} completed in {time}ms
11460,2026-01-10,18:53:30,INFO,AuthService,Health check passed: AuthService,E102,Health check passed: {service}
11461,2026-01-10,18:43:22,INFO,OrderProcessor,Transaction tx800956 completed in 1856ms,E104,Transaction {tx} completed in {time}ms
11462,2026-01-10,18:29:44,INFO,AuthService,Transaction tx346549 completed in 566ms,E104,Transaction {tx} completed in {time}ms
11463,2026-01-10,18:57:25,INFO,WebServer,User u3172 login successful,E101,User {user} login successful
11464,2026-01-10,18:10:12,INFO,WebServer,Page view: /home by u4377,E103,Page view: {page} by {user}
11465,2026-01-10,18:37:59,INFO,PaymentGateway,Transaction tx999929 completed in 1649ms,E104,Transaction {tx} completed in {time}ms
11466,2026-01-10,18:45:22,INFO,OrderProcessor,User u1108 login successful,E101,User {user} login successful
11467,2026-01-10,18:53:42,WARN,WebServer,High latency (272ms) detected on WebServer,E201,High latency ({time}ms) detected on {service}
11468,2026-01-10,18:47:32,INFO,AuthService,Page view: /home by u4098,E103,Page view: {page} by {user}
11469,2026-01-10,18:49:15,INFO,AuthService,Page view: /home by u4738,E103,Page view: {page} by {user}
11470,2026-01-10,18:15:07,INFO,WebServer,Page view: /home by u1316,E103,Page view: {page} by {user}
11471,2026-01-10,18:55:19,INFO,WebServer,Transaction tx256921 completed in 1673ms,E104,Transaction {tx} completed in {time}ms
11472,2026-01-10,18:26:12,INFO,WebServer,User u3901 login successful,E101,User {user} login successful
11473,2026-01-10,18:32:10,INFO,WebServer,User u4312 login successful,E101,User {user} login successful
11474,2026-01-10,18:34:38,INFO,WebServer,Page view: /home by u2753,E103,Page view: {page} by {user}
11475,2026-01-10,18:04:53,INFO,WebServer,User u2654 login successful,E101,User {user} login successful
11476,2026-01-10,18:34:39,INFO,AuthService,Transaction tx324294 completed in 1675ms,E104,Transaction {tx} completed in {time}ms
11477,2026-01-10,18:44:07,WARN,WebServer,High latency (1330ms) detected on WebServer,E201,High latency ({time}ms) detected on {service}
11478,2026-01-10,18:57:06,INFO,WebServer,Transaction tx639774 completed in 1205ms,E104,Transaction {tx} completed in {time}ms
11479,2026-01-10,18:24:14,INFO,PaymentGateway,Page view: /home by u3926,E103,Page view: {page} by {user}
11480,2026-01-10,18:04:02,ERROR,PaymentGateway,Timeout waiting for lock on InventoryDB,E502,Timeout waiting for lock on {db}
11481,2026-01-10,18:39:44,INFO,PaymentGateway,Health check passed: PaymentGateway,E102,Health check passed: {service}
11482,2026-01-10,18:00:19,INFO,WebServer,Page view: /home by u4483,E103,Page view: {page} by {user}
11483,2026-01-10,18:57:43,INFO,OrderProcessor,Transaction tx263392 completed in 502ms,E104,Transaction {tx} completed in {time}ms
11484,2026-01-10,18:36:02,INFO,WebServer,Health check passed: WebServer,E102,Health check passed: {service}
11485,2026-01-10,18:44:43,INFO,OrderProcessor,User u4291 login successful,E101,User {user} login successful
11486,2026-01-10,18:32:38,INFO,OrderProcessor,Health check passed: OrderProcessor,E102,Health check passed: {service}
11487,2026-01-10,18:52:19,INFO,AuthService,Transaction tx783587 completed in 1044ms,E104,Transaction {tx} completed in {time}ms
11488,2026-01-10,18:07:21,INFO,AuthService,User u2627 login successful,E101,User {user} login successful
11489,2026-01-10,18:41:08,INFO,WebServer,Page view: /home by u1563,E103,Page view: {page} by {user}
11490,2026-01-10,18:39:26,INFO,WebServer,Page view: /home by u2860,E103,Page view: {page} by {user}
11491,2026-01-10,18:28:11,INFO,AuthService,User u4984 login successful,E101,User {user} login successful
11492,2026-01-10,18:44:19,INFO,WebServer,Health check passed: WebServer,E102,Health check passed: {service}
11493,2026-01-10,18:14:06,INFO,WebServer,Transaction tx219136 completed in 99ms,E104,Transaction {tx} completed in {time}ms
11494,2026-01-10,18:59:00,INFO,WebServer,User u2871 login successful,E101,User {user} login successful
11495,2026-01-10,18:50:27,INFO,AuthService,Page view: /home by u2873,E103,Page view: {page} by {user}
11496,2026-01-10,18:30:58,INFO,WebServer,Page view: /home by u3759,E103,Page view: {page} by {user}
11497,2026-01-10,18:07:47,INFO,WebServer,Transaction tx305774 completed in 889ms,E104,Transaction {tx} completed in {time}ms
11498,2026-01-10,18:06:39,INFO,WebServer,Page view: /home by u3572,E103,Page view: {page} by {user}
11499,2026-01-10,18:30:23,INFO,OrderProcessor,User u1547 login successful,E101,User {user} login successful
11500,2026-01-10,18:02:20,INFO,WebServer,User u3125 login successful,E101,User {user} login successful
11501,2026-01-10,18:51:13,INFO,InventoryDB,Page view: /home by u1498,E103,Page view: {page} by {user}
11502,2026-01-10,18:35:52,INFO,WebServer,Transaction tx916432 completed in 1787ms,E104,Transaction {tx} completed in {time}ms
11503,2026-01-10,18:52:22,INFO,OrderProcessor,Transaction tx222544 completed in 904ms,E104,Transaction {tx} completed in {time}ms
11504,2026-01-10,18:48:26,WARN,WebServer,Unauthorized access attempt from 10.0.0.45,E401,Unauthorized access attempt from {ip}
11505,2026-01-10,18:21:15,INFO,PaymentGateway,Health check passed: PaymentGateway,E102,Health check passed: {service}
11506,2026-01-10,18:54:50,INFO,AuthService,Transaction tx562251 completed in 1481ms,E104,Transaction {tx} completed in {time}ms
11507,2026-01-10,18:13:09,INFO,AuthService,Page view: /home by u1736,E103,Page view: {page} by {user}
11508,2026-01-10,18:23:49,INFO,OrderProcessor,Transaction tx830497 completed in 947ms,E104,Transaction {tx} completed in {time}ms
11509,2026-01-10,18:05:12,INFO,WebServer,User u4266 login successful,E101,User {user} login successful
11510,2026-01-10,18:07:36,INFO,AuthService,Page view: /home by u2532,E103,Page view: {page} by {user}
11511,2026-01-10,18:30:51,INFO,WebServer,User u1499 login successful,E101,User {user} login successful
11512,2026-01-10,18:40:52,INFO,AuthService,Health check passed: AuthService,E102,Health check passed: {service}
11513,2026-01-10,18:18:27,INFO,WebServer,Page view: /home by u4636,E103,Page view: {page} by {user}
11514,2026-01-10,18:25:55,INFO,OrderProcessor,User u2050 login successful,E101,User {user} login successful
11515,2026-01-10,18:34:08,INFO,WebServer,User u4976 login successful,E101,User {user} login successful
11516,2026-01-10,18:56:03,INFO,OrderProcessor,Health check passed: OrderProcessor,E102,Health check passed: {service}
11517,2026-01-10,18:40:14,INFO,WebServer,Health check passed: WebServer,E102,Health check passed: {service}
11518,2026-01-10,18:15:47,INFO,WebServer,Page view: /home by u2176,E103,Page view: {page} by {user}
11519,2026-01-10,18:57:30,INFO,OrderProcessor,Health check passed: OrderProcessor,E102,Health check passed: {service}
11520,2026-01-10,18:37:11,INFO,WebServer,Transaction tx231269 completed in 667ms,E104,Transaction {tx} completed in {time}ms
11521,2026-01-10,18:48:25,INFO,WebServer,Transaction tx856179 completed in 1199ms,E104,Transaction {tx} completed in {time}ms
11522,2026-01-10,18:03:32,INFO,WebServer,Health check passed: WebServer,E102,Health check passed: {service}
11523,2026-01-10,18:42:54,INFO,AuthService,Page view: /home by u3085,E103,Page view: {page} by {user}
11524,2026-01-10,18:04:34,INFO,AuthService,Transaction tx629803 completed in 1913ms,E104,Transaction {tx} completed in {time}ms
11525,2026-01-10,18:28:23,INFO,OrderProcessor,Page view: /home by u2965,E103,Page view: {page} by {user}
11526,2026-01-10,18:29:52,INFO,WebServer,Health check passed: WebServer,E102,Health check passed: {service}
11527,2026-01-10,18:53:08,INFO,AuthService,Health check passed: AuthService,E102,Health check passed: {service}
11528,2026-01-10,18:46:33,INFO,WebServer,Health check passed: WebServer,E102,Health check passed: {service}
11529,2026-01-10,18:29:36,INFO,WebServer,Health check passed: WebServer,E102,Health check passed: {service}
11530,2026-01-10,18:46:12,INFO,OrderProcessor,User u3894 login successful,E101,User {user} login successful
11531,2026-01-10,18:35:35,INFO,AuthService,Page view: /home by u1489,E103,Page view: {page} by {user}
11532,2026-01-10,18:27:35,INFO,WebServer,User u1617 login successful,E101,User {user} login successful
11533,2026-01-10,18:07:02,INFO,OrderProcessor,Health check passed: OrderProcessor,E102,Health check passed: {service}
11534,2026-01-10,18:44:20,INFO,WebServer,Page view: /home by u1755,E103,Page view: {page} by {user}
11535,2026-01-10,18:01:30,INFO,WebServer,User u2869 login successful,E101,User {user} login successful
11536,2026-01-10,18:33:23,WARN,WebServer,Unauthorized access attempt from 10.0.0.45,E401,Unauthorized access attempt from {ip}
11537,2026-01-10,18:41:25,INFO,WebServer,Health check passed: WebServer,E102,Health check passed: {service}
11538,2026-01-10,18:56:22,INFO,InventoryDB,Health check passed: InventoryDB,E102,Health check passed: {service}
11539,2026-01-10,18:41:28,CRITICAL,InventoryDB,KERNEL PANIC: Node node-5 crashed,E601,KERNEL PANIC: Node {node} crashed
11540,2026-01-10,18:14:14,INFO,WebServer,User u1333 login successful,E101,User {user} login successful
11541,2026-01-10,18:05:39,INFO,WebServer,User u4150 login successful,E101,User {user} login successful
11542,2026-01-10,18:21:25,INFO,WebServer,Transaction tx463822 completed in 1259ms,E104,Transaction {tx} completed in {time}ms
11543,2026-01-10,18:23:19,INFO,WebServer,Transaction tx989154 completed in 1125ms,E104,Transaction {tx} completed in {time}ms
11544,2026-01-10,18:49:23,INFO,WebServer,Transaction tx117113 completed in 792ms,E104,Transaction {tx} completed in {time}ms
11545,2026-01-10,18:38:04,INFO,AuthService,User u3668 login successful,E101,User {user} login successful
11546,2026-01-10,18:20:29,INFO,WebServer,Transaction tx372667 completed in 777ms,E104,Transaction {tx} completed in {time}ms
11547,2026-01-10,18:52:41,INFO,WebServer,Page view: /home by u3386,E103,Page view: {page} by {user}
11548,2026-01-10,18:38:24,INFO,AuthService,Health check passed: AuthService,E102,Health check passed: {service}
11549,2026-01-10,18:25:27,INFO,WebServer,Health check passed: WebServer,E102,Health check passed: {service}
11550,2026-01-10,18:57:36,INFO,OrderProcessor,Health check passed: OrderProcessor,E102,Health check passed: {service}
11551,2026-01-10,18:43:21,INFO,WebServer,Health check passed: WebServer,E102,Health check passed: {service}
11552,2026-01-10,18:37:46,INFO,AuthService,Transaction tx200131 completed in 234ms,E104,Transaction {tx} completed in {time}ms
11553,2026-01-10,18:20:52,CRITICAL,AuthService,KERNEL PANIC: Node node-1 crashed,E601,KERNEL PANIC: Node {node} crashed
11554,2026-01-10,18:44:32,INFO,InventoryDB,Page view: /home by u1029,E103,Page view: {page} by {user}
11555,2026-01-10,18:14:05,INFO,WebServer,Page view: /home by u3498,E103,Page view: {page} by {user}
11556,2026-01-10,18:35:35,INFO,WebServer,Transaction tx513301 completed in 1380ms,E104,Transaction {tx} completed in {time}ms
11557,2026-01-10,18:00:43,INFO,InventoryDB,Page view: /home by u2280,E103,Page view: {page} by {user}
11558,2026-01-10,18:02:26,INFO,AuthService,Transaction tx619207 completed in 156ms,E104,Transaction {tx} completed in {time}ms
11559,2026-01-10,18:47:43,INFO,OrderProcessor,User u2163 login successful,E101,User {user} login successful
11560,2026-01-10,18:46:43,INFO,WebServer,Page view: /home by u2331,E103,Page view: {page} by {user}
11561,2026-01-10,18:01:20,INFO,AuthService,Health check passed: AuthService,E102,Health check passed: {service}
11562,2026-01-10,18:28:10,INFO,InventoryDB,Health check passed: InventoryDB,E102,Health check passed: {service}
11563,2026-01-10,18:49:07,WARN,AuthService,Disk usage > 85% on node node-1,E202,Disk usage > 85% on node {node}
11564,2026-01-10,18:03:16,INFO,WebServer,Health check passed: WebServer,E102,Health check passed: {service}
11565,2026-01-10,18:28:12,INFO,OrderProcessor,Health check passed: OrderProcessor,E102,Health check passed: {service}
11566,2026-01-10,18:18:20,INFO,WebServer,User u3692 login successful,E101,User {user} login successful
11567,2026-01-10,18:07:57,INFO,AuthService,User u2749 login successful,E101,User {user} login successful
11568,2026-01-10,18:47:33,INFO,OrderProcessor,Transaction tx577192 completed in 1978ms,E104,Transaction {tx} completed in {time}ms
11569,2026-01-10,18:51:35,INFO,WebServer,Health check passed: WebServer,E102,Health check passed: {service}
11570,2026-01-10,18:11:25,INFO,InventoryDB,Health check passed: InventoryDB,E102,Health check passed: {service}
11571,2026-01-10,18:21:45,INFO,AuthService,Health check passed: AuthService,E102,Health check passed: {service}
11572,2026-01-10,18:08:10,INFO,WebServer,Page view: /home by u3557,E103,Page view: {page} by {user}
11573,2026-01-10,18:04:47,INFO,OrderProcessor,User u3561 login successful,E101,User {user} login successful
11574,2026-01-10,18:52:03,INFO,WebServer,Health check passed: WebServer,E102,Health check passed: {service}
11575,2026-01-10,18:03:38,INFO,AuthService,User u2714 login successful,E101,User {user} login successful
11576,2026-01-10,18:36:54,INFO,OrderProcessor,User u2797 login successful,E101,User {user} login successful
11577,2026-01-10,18:55:26,INFO,AuthService,Transaction tx155674 completed in 1235ms,E104,Transaction {tx} completed in {time}ms
11578,2026-01-10,18:34:02,INFO,AuthService,User u4769 login successful,E101,User {user} login successful
11579,2026-01-10,18:10:10,INFO,OrderProcessor,Page view: /home by u4962,E103,Page view: {page} by {user}
11580,2026-01-10,18:45:07,INFO,WebServer,Health check passed: WebServer,E102,Health check passed: {service}
11581,2026-01-10,18:20:50,INFO,WebServer,Health check passed: WebServer,E102,Health check passed: {service}
11582,2026-01-10,18:42:38,INFO,WebServer,Transaction tx691981 completed in 117ms,E104,Transaction {tx} completed in {time}ms
11583,2026-01-10,18:09:21,INFO,WebServer,Transaction tx581213 completed in 170ms,E104,Transaction {tx} completed in {time}ms
11584,2026-01-10,18:01:24,INFO,WebServer,Health check passed: WebServer,E102,Health check passed: {service}
11585,2026-01-10,18:01:20,INFO,WebServer,Health check passed: WebServer,E102,Health check passed: {service}
11586,2026-01-10,18:08:30,INFO,OrderProcessor,Health check passed: OrderProcessor,E102,Health check passed: {service}
11587,2026-01-10,18:48:41,INFO,OrderProcessor,Transaction tx543344 completed in 272ms,E104,Transaction {tx} completed in {time}ms
11588,2026-01-10,18:49:32,INFO,AuthService,Health check passed: AuthService,E102,Health check passed: {service}
11589,2026-01-10,18:59:35,INFO,AuthService,Transaction tx492508 completed in 847ms,E104,Transaction {tx} completed in {time}ms
11590,2026-01-10,18:26:20,INFO,AuthService,Health check passed: AuthService,E102,Health check passed: {service}
11591,2026-01-10,18:26:42,INFO,AuthService,User u4415 login successful,E101,User {user} login successful
11592,2026-01-10,18:26:33,INFO,WebServer,Page view: /home by u4428,E103,Page view: {page} by {user}
11593,2026-01-10,18:51:13,INFO,WebServer,User u3976 login successful,E101,User {user} login successful
11594,2026-01-10,18:18:08,INFO,WebServer,User u1208 login successful,E101,User {user} login successful
11595,2026-01-10,18:42:56,WARN,OrderProcessor,Disk usage > 85% on node node-3,E202,Disk usage > 85% on node {node}
11596,2026-01-10,18:55:12,INFO,WebServer,Page view: /home by u3539,E103,Page view: {page} by {user}
11597,2026-01-10,18:07:26,INFO,InventoryDB,Transaction tx836748 completed in 1613ms,E104,Transaction {tx} completed in {time}ms
11598,2026-01-10,18:29:45,INFO,WebServer,Health check passed: WebServer,E102,Health check passed: {service}
11599,2026-01-10,18:22:25,INFO,WebServer,User u4261 login successful,E101,User {user} login successful
11600,2026-01-10,18:23:03,INFO,AuthService,Health check passed: AuthService,E102,Health check passed: {service}
11601,2026-01-10,18:31:18,INFO,OrderProcessor,Page view: /home by u2793,E103,Page view: {page} by {user}
11602,2026-01-10,18:49:02,INFO,WebServer,User u3329 login successful,E101,User {user} login successful
11603,2026-01-10,18:44:37,INFO,WebServer,User u3496 login successful,E101,User {user} login successful
11604,2026-01-10,18:57:29,INFO,AuthService,Health check passed: AuthService,E102,Health check passed: {service}
11605,2026-01-10,18:03:13,INFO,AuthService,Transaction tx571888 completed in 1569ms,E104,Transaction {tx} completed in {time}ms
11606,2026-01-10,18:49:30,INFO,PaymentGateway,Page view: /home by u2552,E103,Page view: {page} by {user}
11607,2026-01-10,18:52:09,INFO,OrderProcessor,Page view: /home by u3535,E103,Page view: {page} by {user}
11608,2026-01-10,18:51:33,WARN,WebServer,High latency (1553ms) detected on WebServer,E201,High latency ({time}ms) detected on {service}
11609,2026-01-10,18:10:13,INFO,OrderProcessor,Page view: /home by u2693,E103,Page view: {page} by {user}
11610,2026-01-10,18:58:15,WARN,WebServer,Unauthorized access attempt from 10.0.0.45,E401,Unauthorized access attempt from {ip}
11611,2026-01-10,18:41:27,INFO,AuthService,Page view: /home by u3881,E103,Page view: {page} by {user}
11612,2026-01-10,18:27:40,WARN,PaymentGateway,Unauthorized access attempt from 10.0.0.45,E401,Unauthorized access attempt from {ip}
11613,2026-01-10,18:50:11,INFO,PaymentGateway,Page view: /home by u4412,E103,Page view: {page} by {user}
11614,2026-01-10,18:02:52,INFO,OrderProcessor,Health check passed: OrderProcessor,E102,Health check passed: {service}
11615,2026-01-10,18:30:34,INFO,AuthService,User u2083 login successful,E101,User {user} login successful
11616,2026-01-10,18:00:17,INFO,WebServer,Transaction tx760255 completed in 1272ms,E104,Transaction {tx} completed in {time}ms
11617,2026-01-10,18:21:45,INFO,AuthService,Health check passed: AuthService,E102,Health check passed: {service}
11618,2026-01-10,18:39:18,INFO,WebServer,Page view: /home by u2176,E103,Page view: {page} by {user}
11619,2026-01-10,18:08:45,INFO,InventoryDB,Transaction tx162482 completed in 1455ms,E104,Transaction {tx} completed in {time}ms
11620,2026-01-10,18:12:56,INFO,OrderProcessor,Transaction tx461007 completed in 1365ms,E104,Transaction {tx} completed in {time}ms
11621,2026-01-10,18:39:42,INFO,OrderProcessor,Page view: /home by u4362,E103,Page view: {page} by {user}
11622,2026-01-10,18:57:24,INFO,WebServer,User u2219 login successful,E101,User {user} login successful
11623,2026-01-10,18:58:36,INFO,WebServer,Transaction tx919716 completed in 1914ms,E104,Transaction {tx} completed in {time}ms
11624,2026-01-10,18:47:50,INFO,OrderProcessor,User u4660 login successful,E101,User {user} login successful
11625,2026-01-10,18:24:11,INFO,WebServer,User u3169 login successful,E101,User {user} login successful
11626,2026-01-10,18:36:29,INFO,OrderProcessor,User u4753 login successful,E101,User {user} login successful
11627,2026-01-10,18:36:00,INFO,InventoryDB,User u1782 login successful,E101,User {user} login successful
11628,2026-01-10,18:12:54,INFO,AuthService,User u2706 login successful,E101,User {user} login successful
11629,2026-01-10,18:21:28,INFO,OrderProcessor,Health check passed: OrderProcessor,E102,Health check passed: {service}
11630,2026-01-10,18:29:00,INFO,WebServer,Page view: /home by u4618,E103,Page view: {page} by {user}
11631,2026-01-10,18:40:55,INFO,AuthService,Transaction tx789146 completed in 1055ms,E104,Transaction {tx} completed in {time}ms
11632,2026-01-10,18:27:14,INFO,WebServer,Page view: /home by u3693,E103,Page view: {page} by {user}
11633,2026-01-10,18:31:30,INFO,WebServer,Page view: /home by u3054,E103,Page view: {page} by {user}
11634,2026-01-10,18:56:28,INFO,OrderProcessor,Page view: /home by u4674,E103,Page view: {page} by {user}
11635,2026-01-10,18:14:11,INFO,WebServer,Health check passed: WebServer,E102,Health check passed: {service}
11636,2026-01-10,18:27:57,INFO,WebServer,Health check passed: WebServer,E102,Health check passed: {service}
11637,2026-01-10,18:06:21,INFO,AuthService,Transaction tx148208 completed in 449ms,E104,Transaction {tx} completed in {time}ms
11638,2026-01-10,18:30:30,INFO,WebServer,Health check passed: WebServer,E102,Health check passed: {service}
11639,2026-01-10,18:45:59,WARN,WebServer,High latency (66ms) detected on WebServer,E201,High latency ({time}ms) detected on {service}
11640,2026-01-10,18:48:49,INFO,WebServer,Health check passed: WebServer,E102,Health check passed: {service}
11641,2026-01-10,18:38:35,INFO,WebServer,Health check passed: WebServer,E102,Health check passed: {service}
11642,2026-01-10,18:54:22,INFO,WebServer,Transaction tx182373 completed in 1826ms,E104,Transaction {tx} completed in {time}ms
11643,2026-01-10,18:07:39,INFO,OrderProcessor,Transaction tx139740 completed in 1717ms,E104,Transaction {tx} completed in {time}ms
11644,2026-01-10,18:32:32,INFO,AuthService,User u1915 login successful,E101,User {user} login successful
11645,2026-01-10,18:19:26,WARN,OrderProcessor,High latency (1761ms) detected on OrderProcessor,E201,High latency ({time}ms) detected on {service}
11646,2026-01-10,18:37:42,INFO,OrderProcessor,Health check passed: OrderProcessor,E102,Health check passed: {service}
11647,2026-01-10,18:11:36,INFO,WebServer,Page view: /home by u1898,E103,Page view: {page} by {user}
11648,2026-01-10,18:26:04,INFO,WebServer,Health check passed: WebServer,E102,Health check passed: {service}
11649,2026-01-10,18:53:27,INFO,PaymentGateway,Health check passed: PaymentGateway,E102,Health check passed: {service}
11650,2026-01-10,18:36:24,INFO,OrderProcessor,Transaction tx323508 completed in 1861ms,E104,Transaction {tx} completed in {time}ms
11651,2026-01-10,18:12:23,INFO,OrderProcessor,User u1545 login successful,E101,User {user} login successful
11652,2026-01-10,18:31:59,INFO,AuthService,Transaction tx742652 completed in 618ms,E104,Transaction {tx} completed in {time}ms
11653,2026-01-10,18:46:25,INFO,WebServer,Transaction tx102761 completed in 1591ms,E104,Transaction {tx} completed in {time}ms
11654,2026-01-10,18:36:24,INFO,InventoryDB,Page view: /home by u1397,E103,Page view: {page} by {user}
11655,2026-01-10,18:21:36,INFO,WebServer,Page view: /home by u4097,E103,Page view: {page} by {user}
11656,2026-01-10,18:58:17,INFO,OrderProcessor,Page view: /home by u2826,E103,Page view: {page} by {user}
11657,2026-01-10,18:41:54,INFO,AuthService,Page view: /home by u3527,E103,Page view: {page} by {user}
11658,2026-01-10,18:50:46,INFO,WebServer,User u1703 login successful,E101,User {user} login successful
11659,2026-01-10,18:43:14,INFO,PaymentGateway,Transaction tx548812 completed in 206ms,E104,Transaction {tx} completed in {time}ms
11660,2026-01-10,19:08:26,INFO,PaymentGateway,Transaction tx952018 completed in 583ms,E104,Transaction {tx} completed in {time}ms
11661,2026-01-10,19:07:09,INFO,OrderProcessor,Transaction tx704164 completed in 1156ms,E104,Transaction {tx} completed in {time}ms
11662,2026-01-10,19:29:49,INFO,WebServer,User u2591 login successful,E101,User {user} login successful
11663,2026-01-10,19:20:44,INFO,PaymentGateway,Health check passed: PaymentGateway,E102,Health check passed: {service}
11664,2026-01-10,19:38:20,INFO,WebServer,User u3893 login successful,E101,User {user} login successful
11665,2026-01-10,19:42:27,INFO,AuthService,Page view: /home by u1647,E103,Page view: {page} by {user}
11666,2026-01-10,19:37:11,INFO,AuthService,User u1865 login successful,E101,User {user} login successful
11667,2026-01-10,19:41:36,INFO,AuthService,Transaction tx295103 completed in 1358ms,E104,Transaction {tx} completed in {time}ms
11668,2026-01-10,19:18:49,INFO,InventoryDB,Transaction tx956662 completed in 1184ms,E104,Transaction {tx} completed in {time}ms
11669,2026-01-10,19:18:05,WARN,WebServer,Disk usage > 85% on node node-3,E202,Disk usage > 85% on node {node}
11670,2026-01-10,19:37:42,INFO,WebServer,User u3724 login successful,E101,User {user} login successful
11671,2026-01-10,19:49:41,INFO,PaymentGateway,Page view: /home by u1610,E103,Page view: {page} by {user}
11672,2026-01-10,19:02:02,INFO,WebServer,Health check passed: WebServer,E102,Health check passed: {service}
11673,2026-01-10,19:17:05,INFO,AuthService,Health check passed: AuthService,E102,Health check passed: {service}
11674,2026-01-10,19:45:11,INFO,WebServer,Transaction tx560565 completed in 1290ms,E104,Transaction {tx} completed in {time}ms
11675,2026-01-10,19:11:36,INFO,WebServer,Page view: /home by u4316,E103,Page view: {page} by {user}
11676,2026-01-10,19:22:20,INFO,InventoryDB,Transaction tx799080 completed in 560ms,E104,Transaction {tx} completed in {time}ms
11677,2026-01-10,19:15:11,INFO,WebServer,Page view: /home by u4435,E103,Page view: {page} by {user}
11678,2026-01-10,19:43:12,INFO,WebServer,Health check passed: WebServer,E102,Health check passed: {service}
11679,2026-01-10,19:42:34,INFO,WebServer,Transaction tx915267 completed in 1171ms,E104,Transaction {tx} completed in {time}ms
11680,2026-01-10,19:09:56,INFO,AuthService,Page view: /home by u2491,E103,Page view: {page} by {user}
11681,2026-01-10,19:05:42,INFO,WebServer,User u1906 login successful,E101,User {user} login successful
11682,2026-01-10,19:07:55,INFO,WebServer,Health check passed: WebServer,E102,Health check passed: {service}
11683,2026-01-10,19:01:00,INFO,AuthService,Health check passed: AuthService,E102,Health check passed: {service}
11684,2026-01-10,19:05:49,INFO,WebServer,Page view: /home by u1620,E103,Page view: {page} by {user}
11685,2026-01-10,19:05:26,INFO,WebServer,Transaction tx229314 completed in 108ms,E104,Transaction {tx} completed in {time}ms
11686,2026-01-10,19:11:06,INFO,PaymentGateway,Transaction tx734621 completed in 1707ms,E104,Transaction {tx} completed in {time}ms
11687,2026-01-10,19:00:03,INFO,AuthService,User u1572 login successful,E101,User {user} login successful
11688,2026-01-10,19:50:38,INFO,OrderProcessor,Health check passed: OrderProcessor,E102,Health check passed: {service}
11689,2026-01-10,19:06:19,INFO,AuthService,Transaction tx853483 completed in 87ms,E104,Transaction {tx} completed in {time}ms
11690,2026-01-10,19:46:57,INFO,WebServer,Transaction tx717311 completed in 1306ms,E104,Transaction {tx} completed in {time}ms
11691,2026-01-10,19:59:29,INFO,WebServer,Health check passed: WebServer,E102,Health check passed: {service}
11692,2026-01-10,19:36:12,INFO,WebServer,Transaction tx954646 completed in 277ms,E104,Transaction {tx} completed in {time}ms
11693,2026-01-10,19:20:29,INFO,AuthService,User u2227 login successful,E101,User {user} login successful
11694,2026-01-10,19:37:36,INFO,AuthService,User u1796 login successful,E101,User {user} login successful
11695,2026-01-10,19:04:50,INFO,OrderProcessor,Page view: /home by u2183,E103,Page view: {page} by {user}
11696,2026-01-10,19:02:42,INFO,AuthService,Transaction tx454998 completed in 148ms,E104,Transaction {tx} completed in {time}ms
11697,2026-01-10,19:13:33,CRITICAL,WebServer,KERNEL PANIC: Node node-1 crashed,E601,KERNEL PANIC: Node {node} crashed
11698,2026-01-10,19:45:20,INFO,WebServer,User u3924 login successful,E101,User {user} login successful
11699,2026-01-10,19:16:35,INFO,WebServer,Health check passed: WebServer,E102,Health check passed: {service}
11700,2026-01-10,19:44:43,INFO,AuthService,Health check passed: AuthService,E102,Health check passed: {service}
11701,2026-01-10,19:34:46,INFO,WebServer,Transaction tx426927 completed in 237ms,E104,Transaction {tx} completed in {time}ms
11702,2026-01-10,19:10:21,INFO,InventoryDB,Health check passed: InventoryDB,E102,Health check passed: {service}
11703,2026-01-10,19:09:01,INFO,OrderProcessor,Transaction tx567783 completed in 1466ms,E104,Transaction {tx} completed in {time}ms
11704,2026-01-10,19:21:24,INFO,WebServer,Transaction tx514317 completed in 56ms,E104,Transaction {tx} completed in {time}ms
11705,2026-01-10,19:25:18,WARN,AuthService,Unauthorized access attempt from 10.0.0.45,E401,Unauthorized access attempt from {ip}
11706,2026-01-10,19:38:37,INFO,WebServer,Transaction tx968746 completed in 546ms,E104,Transaction {tx} completed in {time}ms
11707,2026-01-10,19:35:39,INFO,AuthService,Transaction tx653140 completed in 1011ms,E104,Transaction {tx} completed in {time}ms
11708,2026-01-10,19:29:49,INFO,PaymentGateway,Page view: /home by u2053,E103,Page view: {page} by {user}
11709,2026-01-10,19:25:03,INFO,OrderProcessor,User u2822 login successful,E101,User {user} login successful
11710,2026-01-10,19:22:54,INFO,WebServer,User u2406 login successful,E101,User {user} login successful
11711,2026-01-10,19:56:01,INFO,WebServer,Health check passed: WebServer,E102,Health check passed: {service}
11712,2026-01-10,19:01:20,INFO,PaymentGateway,Health check passed: PaymentGateway,E102,Health check passed: {service}
11713,2026-01-10,19:52:45,INFO,PaymentGateway,Transaction tx641482 completed in 1977ms,E104,Transaction {tx} completed in {time}ms
11714,2026-01-10,19:41:34,WARN,AuthService,High latency (1135ms) detected on AuthService,E201,High latency ({time}ms) detected on {service}
11715,2026-01-10,19:07:22,INFO,OrderProcessor,Health check passed: OrderProcessor,E102,Health check passed: {service}
11716,2026-01-10,19:36:29,INFO,WebServer,Page view: /home by u3722,E103,Page view: {page} by {user}
11717,2026-01-10,19:46:40,INFO,WebServer,Health check passed: WebServer,E102,Health check passed: {service}
11718,2026-01-10,19:27:33,INFO,WebServer,Health check passed: WebServer,E102,Health check passed: {service}
11719,2026-01-10,19:25:03,INFO,WebServer,Page view: /home by u3625,E103,Page view: {page} by {user}
11720,2026-01-10,19:04:26,INFO,PaymentGateway,Transaction tx817563 completed in 928ms,E104,Transaction {tx} completed in {time}ms
11721,2026-01-10,19:40:31,INFO,OrderProcessor,User u3613 login successful,E101,User {user} login successful
11722,2026-01-10,19:33:04,INFO,WebServer,User u2339 login successful,E101,User {user} login successful
11723,2026-01-10,19:48:20,WARN,AuthService,Unauthorized access attempt from 10.0.0.12,E401,Unauthorized access attempt from {ip}
11724,2026-01-10,19:03:25,ERROR,WebServer,Timeout waiting for lock on InventoryDB,E502,Timeout waiting for lock on {db}
11725,2026-01-10,19:47:16,INFO,PaymentGateway,Transaction tx655840 completed in 1818ms,E104,Transaction {tx} completed in {time}ms
11726,2026-01-10,19:47:27,INFO,PaymentGateway,Transaction tx300435 completed in 1100ms,E104,Transaction {tx} completed in {time}ms
11727,2026-01-10,19:35:47,INFO,WebServer,Health check passed: WebServer,E102,Health check passed: {service}
11728,2026-01-10,19:51:35,INFO,WebServer,Page view: /home by u4978,E103,Page view: {page} by {user}
11729,2026-01-10,19:56:08,INFO,WebServer,Transaction tx731872 completed in 1700ms,E104,Transaction {tx} completed in {time}ms
11730,2026-01-10,19:10:19,WARN,WebServer,Disk usage > 85% on node node-3,E202,Disk usage > 85% on node {node}
11731,2026-01-10,19:22:24,INFO,WebServer,Health check passed: WebServer,E102,Health check passed: {service}
11732,2026-01-10,19:07:56,INFO,WebServer,Page view: /home by u4923,E103,Page view: {page} by {user}
11733,2026-01-10,19:22:14,INFO,WebServer,Transaction tx530118 completed in 715ms,E104,Transaction {tx} completed in {time}ms
11734,2026-01-10,19:14:00,INFO,AuthService,Health check passed: AuthService,E102,Health check passed: {service}
11735,2026-01-10,19:20:13,INFO,WebServer,Transaction tx481710 completed in 1486ms,E104,Transaction {tx} completed in {time}ms
11736,2026-01-10,19:38:53,INFO,WebServer,Transaction tx283608 completed in 1938ms,E104,Transaction {tx} completed in {time}ms
11737,2026-01-10,19:47:32,INFO,WebServer,Page view: /home by u1383,E103,Page view: {page} by {user}
11738,2026-01-10,19:50:42,INFO,WebServer,Health check passed: WebServer,E102,Health check passed: {service}
11739,2026-01-10,19:36:36,INFO,InventoryDB,Transaction tx146596 completed in 1329ms,E104,Transaction {tx} completed in {time}ms
11740,2026-01-10,19:28:14,INFO,AuthService,Transaction tx327794 completed in 1557ms,E104,Transaction {tx} completed in {time}ms
11741,2026-01-10,19:36:42,INFO,AuthService,Page view: /home by u2616,E103,Page view: {page} by {user}
11742,2026-01-10,19:25:18,INFO,AuthService,Health check passed: AuthService,E102,Health check passed: {service}
11743,2026-01-10,19:14:57,INFO,WebServer,User u3496 login successful,E101,User {user} login successful
11744,2026-01-10,19:23:41,INFO,OrderProcessor,Health check passed: OrderProcessor,E102,Health check passed: {service}
11745,2026-01-10,19:41:50,INFO,WebServer,Page view: /home by u3840,E103,Page view: {page} by {user}
11746,2026-01-10,19:11:54,INFO,AuthService,Health check passed: AuthService,E102,Health check passed: {service}
11747,2026-01-10,19:29:13,INFO,WebServer,User u1697 login successful,E101,User {user} login successful
11748,2026-01-10,19:44:17,INFO,OrderProcessor,Page view: /home by u2191,E103,Page view: {page} by {user}
11749,2026-01-10,19:47:21,INFO,WebServer,User u2015 login successful,E101,User {user} login successful
11750,2026-01-10,19:37:45,INFO,WebServer,Page view: /home by u3939,E103,Page view: {page} by {user}
11751,2026-01-10,19:17:25,INFO,AuthService,User u1607 login successful,E101,User {user} login successful
11752,2026-01-10,19:54:41,INFO,AuthService,Page view: /home by u3471,E103,Page view: {page} by {user}
11753,2026-01-10,19:03:56,INFO,InventoryDB,Transaction tx935498 completed in 331ms,E104,Transaction {tx} completed in {time}ms
11754,2026-01-10,19:02:29,INFO,WebServer,Page view: /home by u1622,E103,Page view: {page} by {user}
11755,2026-01-10,19:19:48,INFO,WebServer,Health check passed: WebServer,E102,Health check passed: {service}
11756,2026-01-10,19:39:07,WARN,WebServer,Disk usage > 85% on node node-1,E202,Disk usage > 85% on node {node}
11757,2026-01-10,19:41:24,INFO,PaymentGateway,Health check passed: PaymentGateway,E102,Health check passed: {service}
11758,2026-01-10,19:40:05,INFO,WebServer,Transaction tx457426 completed in 1297ms,E104,Transaction {tx} completed in {time}ms
11759,2026-01-10,19:09:57,INFO,WebServer,Page view: /home by u3891,E103,Page view: {page} by {user}
11760,2026-01-10,19:21:16,INFO,WebServer,Page view: /home by u1688,E103,Page view: {page} by {user}
11761,2026-01-10,19:20:05,INFO,OrderProcessor,Health check passed: OrderProcessor,E102,Health check passed: {service}
11762,2026-01-10,19:13:34,INFO,WebServer,Transaction tx689236 completed in 1424ms,E104,Transaction {tx} completed in {time}ms
11763,2026-01-10,19:11:33,INFO,WebServer,Transaction tx635684 completed in 531ms,E104,Transaction {tx} completed in {time}ms
11764,2026-01-10,19:17:31,INFO,AuthService,User u3737 login successful,E101,User {user} login successful
11765,2026-01-10,19:37:53,INFO,WebServer,Transaction tx458759 completed in 303ms,E104,Transaction {tx} completed in {time}ms
11766,2026-01-10,19:18:59,INFO,WebServer,Transaction tx887595 completed in 269ms,E104,Transaction {tx} completed in {time}ms
11767,2026-01-10,19:26:23,INFO,OrderProcessor,Page view: /home by u2007,E103,Page view: {page} by {user}
11768,2026-01-10,19:25:23,INFO,WebServer,Transaction tx508743 completed in 337ms,E104,Transaction {tx} completed in {time}ms
11769,2026-01-10,19:40:26,WARN,WebServer,Unauthorized access attempt from 10.0.0.45,E401,Unauthorized access attempt from {ip}
11770,2026-01-10,19:41:49,INFO,AuthService,Page view: /home by u4234,E103,Page view: {page} by {user}
11771,2026-01-10,19:35:48,INFO,PaymentGateway,Transaction tx481003 completed in 1060ms,E104,Transaction {tx} completed in {time}ms
11772,2026-01-10,19:35:50,INFO,WebServer,Page view: /home by u4044,E103,Page view: {page} by {user}
11773,2026-01-10,19:14:57,INFO,PaymentGateway,Health check passed: PaymentGateway,E102,Health check passed: {service}
11774,2026-01-10,19:59:23,INFO,OrderProcessor,Health check passed: OrderProcessor,E102,Health check passed: {service}
11775,2026-01-10,19:33:13,WARN,WebServer,High latency (1757ms) detected on WebServer,E201,High latency ({time}ms) detected on {service}
11776,2026-01-10,19:08:53,INFO,OrderProcessor,User u3637 login successful,E101,User {user} login successful
11777,2026-01-10,19:53:40,INFO,InventoryDB,Page view: /home by u3500,E103,Page view: {page} by {user}
11778,2026-01-10,19:12:51,INFO,WebServer,Transaction tx639408 completed in 825ms,E104,Transaction {tx} completed in {time}ms
11779,2026-01-10,19:27:16,INFO,PaymentGateway,User u2586 login successful,E101,User {user} login successful
11780,2026-01-10,19:45:07,INFO,WebServer,User u3942 login successful,E101,User {user} login successful
11781,2026-01-10,19:44:57,INFO,OrderProcessor,Transaction tx393005 completed in 1718ms,E104,Transaction {tx} completed in {time}ms
11782,2026-01-10,19:47:42,INFO,WebServer,Health check passed: WebServer,E102,Health check passed: {service}
11783,2026-01-10,19:03:46,INFO,PaymentGateway,User u3685 login successful,E101,User {user} login successful
11784,2026-01-10,19:19:19,INFO,WebServer,Health check passed: WebServer,E102,Health check passed: {service}
11785,2026-01-10,19:47:58,INFO,OrderProcessor,Health check passed: OrderProcessor,E102,Health check passed: {service}
11786,2026-01-10,19:23:11,INFO,WebServer,User u1169 login successful,E101,User {user} login successful
11787,2026-01-10,19:35:40,INFO,AuthService,Page view: /home by u4203,E103,Page view: {page} by {user}
11788,2026-01-10,19:15:35,INFO,AuthService,Health check passed: AuthService,E102,Health check passed: {service}
11789,2026-01-10,19:10:29,INFO,OrderProcessor,Health check passed: OrderProcessor,E102,Health check passed: {service}
11790,2026-01-10,19:18:52,INFO,AuthService,User u3881 login successful,E101,User {user} login successful
11791,2026-01-10,19:28:31,WARN,OrderProcessor,High latency (102ms) detected on OrderProcessor,E201,High latency ({time}ms) detected on {service}
11792,2026-01-10,19:28:48,CRITICAL,WebServer,KERNEL PANIC: Node node-4 crashed,E601,KERNEL PANIC: Node {node} crashed
11793,2026-01-10,19:18:01,INFO,OrderProcessor,Page view: /home by u4995,E103,Page view: {page} by {user}
11794,2026-01-10,19:34:55,INFO,WebServer,Transaction tx827085 completed in 1943ms,E104,Transaction {tx} completed in {time}ms
11795,2026-01-10,19:03:47,INFO,AuthService,User u3573 login successful,E101,User {user} login successful
11796,2026-01-10,19:10:50,WARN,PaymentGateway,High latency (1186ms) detected on PaymentGateway,E201,High latency ({time}ms) detected on {service}
11797,2026-01-10,19:55:57,INFO,WebServer,Page view: /home by u2612,E103,Page view: {page} by {user}
11798,2026-01-10,19:17:04,INFO,WebServer,Page view: /home by u1325,E103,Page view: {page} by {user}
11799,2026-01-10,19:10:45,WARN,WebServer,High latency (147ms) detected on WebServer,E201,High latency ({time}ms) detected on {service}
11800,2026-01-10,19:45:26,INFO,PaymentGateway,User u4084 login successful,E101,User {user} login successful
11801,2026-01-10,19:24:49,INFO,InventoryDB,Page view: /home by u1153,E103,Page view: {page} by {user}
11802,2026-01-10,19:42:20,INFO,OrderProcessor,Page view: /home by u4013,E103,Page view: {page} by {user}
11803,2026-01-10,19:15:41,WARN,WebServer,Unauthorized access attempt from 10.0.0.45,E401,Unauthorized access attempt from {ip}
11804,2026-01-10,19:09:33,INFO,WebServer,User u2811 login successful,E101,User {user} login successful
11805,2026-01-10,19:47:56,INFO,OrderProcessor,User u4897 login successful,E101,User {user} login successful
11806,2026-01-10,19:22:10,INFO,WebServer,Page view: /home by u3799,E103,Page view: {page} by {user}
11807,2026-01-10,19:23:15,INFO,AuthService,User u2239 login successful,E101,User {user} login successful
11808,2026-01-10,19:13:16,INFO,AuthService,User u4221 login successful,E101,User {user} login successful
11809,2026-01-10,19:02:38,CRITICAL,OrderProcessor,DATA CORRUPTION detected in sector 344,E602,DATA CORRUPTION detected in sector {sector}
11810,2026-01-10,19:21:54,INFO,OrderProcessor,User u1846 login successful,E101,User {user} login successful
11811,2026-01-10,19:19:49,INFO,WebServer,User u2106 login successful,E101,User {user} login successful
11812,2026-01-10,19:42:45,INFO,WebServer,Transaction tx244476 completed in 1174ms,E104,Transaction {tx} completed in {time}ms
11813,2026-01-10,19:28:00,INFO,WebServer,Transaction tx323815 completed in 1552ms,E104,Transaction {tx} completed in {time}ms
11814,2026-01-10,19:12:11,INFO,OrderProcessor,Transaction tx581150 completed in 538ms,E104,Transaction {tx} completed in {time}ms
11815,2026-01-10,19:33:12,WARN,AuthService,Unauthorized access attempt from 10.0.0.88,E401,Unauthorized access attempt from {ip}
11816,2026-01-10,19:30:04,INFO,OrderProcessor,Transaction tx245950 completed in 1658ms,E104,Transaction {tx} completed in {time}ms
11817,2026-01-10,19:54:15,INFO,OrderProcessor,Page view: /home by u1824,E103,Page view: {page} by {user}
11818,2026-01-10,19:26:55,INFO,WebServer,Transaction tx233914 completed in 1989ms,E104,Transaction {tx} completed in {time}ms
11819,2026-01-10,19:26:54,INFO,WebServer,Transaction tx677793 completed in 1180ms,E104,Transaction {tx} completed in {time}ms
11820,2026-01-10,19:06:48,WARN,WebServer,Disk usage > 85% on node node-2,E202,Disk usage > 85% on node {node}
11821,2026-01-10,19:55:37,INFO,PaymentGateway,User u2378 login successful,E101,User {user} login successful
11822,2026-01-10,19:04:33,WARN,WebServer,Disk usage > 85% on node node-5,E202,Disk usage > 85% on node {node}
11823,2026-01-10,19:48:50,INFO,WebServer,Transaction tx905247 completed in 63ms,E104,Transaction {tx} completed in {time}ms
11824,2026-01-10,19:05:32,INFO,WebServer,Transaction tx508210 completed in 1726ms,E104,Transaction {tx} completed in {time}ms
11825,2026-01-10,19:14:00,INFO,AuthService,User u2387 login successful,E101,User {user} login successful
11826,2026-01-10,19:44:28,INFO,OrderProcessor,Health check passed: OrderProcessor,E102,Health check passed: {service}
11827,2026-01-10,19:37:32,INFO,AuthService,User u3243 login successful,E101,User {user} login successful
11828,2026-01-10,19:41:28,INFO,WebServer,Health check passed: WebServer,E102,Health check passed: {service}
11829,2026-01-10,19:40:50,INFO,WebServer,User u3715 login successful,E101,User {user} login successful
11830,2026-01-10,19:15:48,INFO,WebServer,User u4550 login successful,E101,User {user} login successful
11831,2026-01-10,19:16:16,INFO,InventoryDB,Health check passed: InventoryDB,E102,Health check passed: {service}
11832,2026-01-10,19:59:37,INFO,WebServer,Transaction tx704717 completed in 1061ms,E104,Transaction {tx} completed in {time}ms
11833,2026-01-10,19:20:25,INFO,WebServer,Health check passed: WebServer,E102,Health check passed: {service}
11834,2026-01-10,19:28:58,INFO,AuthService,Transaction tx215368 completed in 1370ms,E104,Transaction {tx} completed in {time}ms
11835,2026-01-10,19:30:05,INFO,WebServer,Transaction tx808410 completed in 1027ms,E104,Transaction {tx} completed in {time}ms
11836,2026-01-10,19:04:51,ERROR,WebServer,Connection refused to WebServer at 10.0.0.45,E501,Connection refused to {service} at {ip}
11837,2026-01-10,19:14:08,INFO,WebServer,Page view: /home by u2176,E103,Page view: {page} by {user}
11838,2026-01-10,19:25:15,INFO,WebServer,Page view: /home by u4620,E103,Page view: {page} by {user}
11839,2026-01-10,19:27:18,INFO,WebServer,Transaction tx196566 completed in 163ms,E104,Transaction {tx} completed in {time}ms
11840,2026-01-10,19:23:21,INFO,WebServer,User u1444 login successful,E101,User {user} login successful
11841,2026-01-10,19:54:07,INFO,WebServer,Page view: /home by u1883,E103,Page view: {page} by {user}
11842,2026-01-10,19:41:10,INFO,AuthService,Page view: /home by u1196,E103,Page view: {page} by {user}
11843,2026-01-10,19:42:23,INFO,AuthService,Transaction tx412942 completed in 327ms,E104,Transaction {tx} completed in {time}ms
11844,2026-01-10,19:30:33,INFO,PaymentGateway,Page view: /home by u3925,E103,Page view: {page} by {user}
11845,2026-01-10,19:43:51,INFO,WebServer,User u2420 login successful,E101,User {user} login successful
11846,2026-01-10,19:18:01,INFO,WebServer,Page view: /home by u4740,E103,Page view: {page} by {user}
11847,2026-01-10,19:38:52,INFO,OrderProcessor,Transaction tx102914 completed in 1762ms,E104,Transaction {tx} completed in {time}ms
11848,2026-01-10,19:39:32,INFO,OrderProcessor,Page view: /home by u2057,E103,Page view: {page} by {user}
11849,2026-01-10,19:47:28,INFO,WebServer,User u3719 login successful,E101,User {user} login successful
11850,2026-01-10,19:12:26,INFO,PaymentGateway,Health check passed: PaymentGateway,E102,Health check passed: {service}
11851,2026-01-10,19:43:46,INFO,WebServer,User u3809 login successful,E101,User {user} login successful
11852,2026-01-10,19:05:53,INFO,OrderProcessor,Health check passed: OrderProcessor,E102,Health check passed: {service}
11853,2026-01-10,19:05:34,INFO,WebServer,Page view: /home by u1335,E103,Page view: {page} by {user}
11854,2026-01-10,19:17:23,INFO,WebServer,User u1370 login successful,E101,User {user} login successful
11855,2026-01-10,19:03:11,INFO,WebServer,Page view: /home by u1779,E103,Page view: {page} by {user}
11856,2026-01-10,19:48:45,CRITICAL,WebServer,DATA CORRUPTION detected in sector 987,E602,DATA CORRUPTION detected in sector {sector}
11857,2026-01-10,19:15:47,INFO,WebServer,User u1653 login successful,E101,User {user} login successful
11858,2026-01-10,19:23:03,INFO,WebServer,User u4203 login successful,E101,User {user} login successful
11859,2026-01-10,19:27:21,INFO,WebServer,User u2780 login successful,E101,User {user} login successful
11860,2026-01-10,19:51:33,INFO,WebServer,Page view: /home by u4691,E103,Page view: {page} by {user}
11861,2026-01-10,19:14:14,INFO,WebServer,Health check passed: WebServer,E102,Health check passed: {service}
11862,2026-01-10,19:04:35,INFO,WebServer,User u2515 login successful,E101,User {user} login successful
11863,2026-01-10,19:54:13,INFO,WebServer,Health check passed: WebServer,E102,Health check passed: {service}
11864,2026-01-10,19:50:16,INFO,WebServer,Page view: /home by u2085,E103,Page view: {page} by {user}
11865,2026-01-10,19:35:52,INFO,WebServer,Transaction tx860995 completed in 1315ms,E104,Transaction {tx} completed in {time}ms
11866,2026-01-10,19:39:11,INFO,WebServer,Health check passed: WebServer,E102,Health check passed: {service}
11867,2026-01-10,19:22:33,INFO,AuthService,User u3205 login successful,E101,User {user} login successful
11868,2026-01-10,19:29:05,INFO,WebServer,Health check passed: WebServer,E102,Health check passed: {service}
11869,2026-01-10,19:28:34,INFO,OrderProcessor,Transaction tx308138 completed in 831ms,E104,Transaction {tx} completed in {time}ms
11870,2026-01-10,19:49:36,INFO,AuthService,Transaction tx891905 completed in 163ms,E104,Transaction {tx} completed in {time}ms
11871,2026-01-10,19:19:43,INFO,WebServer,Page view: /home by u3782,E103,Page view: {page} by {user}
11872,2026-01-10,19:09:32,INFO,WebServer,User u3868 login successful,E101,User {user} login successful
11873,2026-01-10,19:02:56,INFO,AuthService,User u3279 login successful,E101,User {user} login successful
11874,2026-01-10,19:38:00,INFO,WebServer,Transaction tx929606 completed in 1315ms,E104,Transaction {tx} completed in {time}ms
11875,2026-01-10,19:32:35,INFO,PaymentGateway,Page view: /home by u2624,E103,Page view: {page} by {user}
11876,2026-01-10,19:26:55,INFO,OrderProcessor,Page view: /home by u1527,E103,Page view: {page} by {user}
11877,2026-01-10,19:01:31,INFO,WebServer,Page view: /home by u2751,E103,Page view: {page} by {user}
11878,2026-01-10,19:30:34,INFO,OrderProcessor,Health check passed: OrderProcessor,E102,Health check passed: {service}
11879,2026-01-10,19:22:28,INFO,WebServer,Page view: /home by u3127,E103,Page view: {page} by {user}
11880,2026-01-10,19:57:12,INFO,WebServer,Page view: /home by u2237,E103,Page view: {page} by {user}
11881,2026-01-10,19:55:35,INFO,AuthService,Page view: /home by u4891,E103,Page view: {page} by {user}
11882,2026-01-10,19:04:44,INFO,OrderProcessor,Health check passed: OrderProcessor,E102,Health check passed: {service}
11883,2026-01-10,19:51:58,INFO,WebServer,User u3688 login successful,E101,User {user} login successful
11884,2026-01-10,19:06:30,INFO,AuthService,Page view: /home by u4003,E103,Page view: {page} by {user}
11885,2026-01-10,19:08:03,INFO,WebServer,Transaction tx567911 completed in 1856ms,E104,Transaction {tx} completed in {time}ms
11886,2026-01-10,19:53:21,INFO,WebServer,Health check passed: WebServer,E102,Health check passed: {service}
11887,2026-01-10,19:42:33,INFO,OrderProcessor,Page view: /home by u3689,E103,Page view: {page} by {user}
11888,2026-01-10,19:02:25,INFO,AuthService,Transaction tx295727 completed in 798ms,E104,Transaction {tx} completed in {time}ms
11889,2026-01-10,19:57:28,INFO,WebServer,Page view: /home by u2741,E103,Page view: {page} by {user}
11890,2026-01-10,19:27:35,INFO,WebServer,Page view: /home by u1597,E103,Page view: {page} by {user}
11891,2026-01-10,19:14:18,INFO,WebServer,Health check passed: WebServer,E102,Health check passed: {service}
11892,2026-01-10,19:39:21,WARN,WebServer,Disk usage > 85% on node node-3,E202,Disk usage > 85% on node {node}
11893,2026-01-10,19:53:40,INFO,WebServer,Transaction tx481072 completed in 1606ms,E104,Transaction {tx} completed in {time}ms
11894,2026-01-10,19:49:09,INFO,WebServer,Page view: /home by u2409,E103,Page view: {page} by {user}
11895,2026-01-10,19:07:36,INFO,OrderProcessor,Transaction tx260189 completed in 1060ms,E104,Transaction {tx} completed in {time}ms
11896,2026-01-10,19:58:31,INFO,OrderProcessor,Transaction tx520796 completed in 1400ms,E104,Transaction {tx} completed in {time}ms
11897,2026-01-10,19:30:02,INFO,WebServer,User u2289 login successful,E101,User {user} login successful
11898,2026-01-10,19:23:31,INFO,OrderProcessor,Health check passed: OrderProcessor,E102,Health check passed: {service}
11899,2026-01-10,19:36:20,INFO,WebServer,User u4094 login successful,E101,User {user} login successful
11900,2026-01-10,19:23:15,WARN,PaymentGateway,Disk usage > 85% on node node-4,E202,Disk usage > 85% on node {node}
11901,2026-01-10,19:01:50,INFO,WebServer,Page view: /home by u3371,E103,Page view: {page} by {user}
11902,2026-01-10,19:15:50,INFO,WebServer,Health check passed: WebServer,E102,Health check passed: {service}
11903,2026-01-10,19:31:55,INFO,WebServer,User u1860 login successful,E101,User {user} login successful
11904,2026-01-10,19:29:56,INFO,WebServer,User u3405 login successful,E101,User {user} login successful
11905,2026-01-10,19:05:15,INFO,OrderProcessor,User u3772 login successful,E101,User {user} login successful
11906,2026-01-10,19:29:30,INFO,WebServer,User u3946 login successful,E101,User {user} login successful
11907,2026-01-10,19:30:04,INFO,AuthService,User u1996 login successful,E101,User {user} login successful
11908,2026-01-10,19:56:03,INFO,WebServer,Page view: /home by u4879,E103,Page view: {page} by {user}
11909,2026-01-10,19:24:27,INFO,WebServer,Health check passed: WebServer,E102,Health check passed: {service}
11910,2026-01-10,19:47:22,INFO,WebServer,Page view: /home by u3362,E103,Page view: {page} by {user}
11911,2026-01-10,19:12:01,INFO,OrderProcessor,User u3459 login successful,E101,User {user} login successful
11912,2026-01-10,19:43:41,INFO,WebServer,Page view: /home by u2877,E103,Page view: {page} by {user}
11913,2026-01-10,19:14:59,INFO,WebServer,User u4080 login successful,E101,User {user} login successful
11914,2026-01-10,19:09:19,INFO,InventoryDB,Page view: /home by u4600,E103,Page view: {page} by {user}
11915,2026-01-10,19:17:48,INFO,WebServer,Page view: /home by u3197,E103,Page view: {page} by {user}
11916,2026-01-10,19:47:41,INFO,WebServer,Health check passed: WebServer,E102,Health check passed: {service}
11917,2026-01-10,19:32:14,INFO,OrderProcessor,User u4633 login successful,E101,User {user} login successful
11918,2026-01-10,19:59:21,INFO,WebServer,Health check passed: WebServer,E102,Health check passed: {service}
11919,2026-01-10,19:16:30,INFO,AuthService,Page view: /home by u1420,E103,Page view: {page} by {user}
11920,2026-01-10,19:20:31,INFO,PaymentGateway,User u2487 login successful,E101,User {user} login successful
11921,2026-01-10,19:22:51,WARN,WebServer,High latency (399ms) detected on WebServer,E201,High latency ({time}ms) detected on {service}
11922,2026-01-10,19:10:13,INFO,PaymentGateway,Transaction tx973095 completed in 153ms,E104,Transaction {tx} completed in {time}ms
11923,2026-01-10,19:46:27,WARN,WebServer,High latency (1408ms) detected on WebServer,E201,High latency ({time}ms) detected on {service}
11924,2026-01-10,19:56:15,INFO,AuthService,Page view: /home by u2419,E103,Page view: {page} by {user}
11925,2026-01-10,19:54:56,INFO,OrderProcessor,Transaction tx486698 completed in 947ms,E104,Transaction {tx} completed in {time}ms
11926,2026-01-10,19:22:50,INFO,WebServer,User u2594 login successful,E101,User {user} login successful
11927,2026-01-10,19:02:07,INFO,WebServer,User u2864 login successful,E101,User {user} login successful
11928,2026-01-10,19:14:17,INFO,AuthService,User u3623 login successful,E101,User {user} login successful
11929,2026-01-10,19:39:05,INFO,WebServer,Health check passed: WebServer,E102,Health check passed: {service}
11930,2026-01-10,19:47:18,INFO,WebServer,Transaction tx543489 completed in 268ms,E104,Transaction {tx} completed in {time}ms
11931,2026-01-10,19:56:06,INFO,WebServer,Transaction tx538957 completed in 943ms,E104,Transaction {tx} completed in {time}ms
11932,2026-01-10,19:56:49,INFO,OrderProcessor,Health check passed: OrderProcessor,E102,Health check passed: {service}
11933,2026-01-10,19:45:13,INFO,OrderProcessor,Page view: /home by u3417,E103,Page view: {page} by {user}
11934,2026-01-10,19:41:25,INFO,WebServer,Transaction tx845200 completed in 658ms,E104,Transaction {tx} completed in {time}ms
11935,2026-01-10,19:05:59,INFO,OrderProcessor,Health check passed: OrderProcessor,E102,Health check passed: {service}
11936,2026-01-10,19:44:03,INFO,OrderProcessor,Page view: /home by u2836,E103,Page view: {page} by {user}
11937,2026-01-10,19:18:05,INFO,WebServer,Page view: /home by u1857,E103,Page view: {page} by {user}
11938,2026-01-10,19:21:38,INFO,WebServer,Health check passed: WebServer,E102,Health check passed: {service}
11939,2026-01-10,19:55:28,INFO,WebServer,Page view: /home by u2838,E103,Page view: {page} by {user}
11940,2026-01-10,19:08:54,INFO,WebServer,User u1973 login successful,E101,User {user} login successful
11941,2026-01-10,19:15:34,INFO,WebServer,Page view: /home by u3826,E103,Page view: {page} by {user}
11942,2026-01-10,19:39:09,INFO,PaymentGateway,User u2994 login successful,E101,User {user} login successful
11943,2026-01-10,19:13:03,INFO,WebServer,User u2471 login successful,E101,User {user} login successful
11944,2026-01-10,19:01:56,INFO,OrderProcessor,User u1113 login successful,E101,User {user} login successful
11945,2026-01-10,19:07:06,INFO,WebServer,User u4642 login successful,E101,User {user} login successful
11946,2026-01-10,19:52:50,INFO,OrderProcessor,User u1993 login successful,E101,User {user} login successful
11947,2026-01-10,19:27:26,INFO,AuthService,Health check passed: AuthService,E102,Health check passed: {service}
11948,2026-01-10,19:30:56,INFO,WebServer,Page view: /home by u2108,E103,Page view: {page} by {user}
11949,2026-01-10,19:35:33,INFO,WebServer,User u2197 login successful,E101,User {user} login successful
11950,2026-01-10,19:31:42,INFO,WebServer,Page view: /home by u1705,E103,Page view: {page} by {user}
11951,2026-01-10,19:15:27,INFO,AuthService,User u2309 login successful,E101,User {user} login successful
11952,2026-01-10,19:08:43,INFO,OrderProcessor,Transaction tx776719 completed in 114ms,E104,Transaction {tx} completed in {time}ms
11953,2026-01-10,19:15:51,INFO,PaymentGateway,Health check passed: PaymentGateway,E102,Health check passed: {service}
11954,2026-01-10,19:15:10,WARN,WebServer,High latency (397ms) detected on WebServer,E201,High latency ({time}ms) detected on {service}
11955,2026-01-10,19:12:11,INFO,OrderProcessor,User u2267 login successful,E101,User {user} login successful
11956,2026-01-10,19:34:57,INFO,WebServer,User u2498 login successful,E101,User {user} login successful
11957,2026-01-10,19:12:24,INFO,WebServer,Page view: /home by u1298,E103,Page view: {page} by {user}
11958,2026-01-10,19:45:58,CRITICAL,AuthService,KERNEL PANIC: Node node-2 crashed,E601,KERNEL PANIC: Node {node} crashed
11959,2026-01-10,19:52:47,INFO,WebServer,Health check passed: WebServer,E102,Health check passed: {service}
11960,2026-01-10,19:24:18,INFO,WebServer,Transaction tx418210 completed in 1623ms,E104,Transaction {tx} completed in {time}ms
11961,2026-01-10,19:23:49,INFO,OrderProcessor,User u1867 login successful,E101,User {user} login successful
11962,2026-01-10,19:21:27,INFO,AuthService,Transaction tx246783 completed in 27ms,E104,Transaction {tx} completed in {time}ms
11963,2026-01-10,19:45:15,WARN,PaymentGateway,Unauthorized access attempt from 10.0.0.12,E401,Unauthorized access attempt from {ip}
11964,2026-01-10,19:27:12,INFO,WebServer,Health check passed: WebServer,E102,Health check passed: {service}
11965,2026-01-10,19:09:57,INFO,PaymentGateway,Transaction tx105596 completed in 1912ms,E104,Transaction {tx} completed in {time}ms
11966,2026-01-10,19:12:09,INFO,OrderProcessor,Health check passed: OrderProcessor,E102,Health check passed: {service}
11967,2026-01-10,19:15:25,INFO,WebServer,Health check passed: WebServer,E102,Health check passed: {service}
11968,2026-01-10,19:56:40,INFO,PaymentGateway,Page view: /home by u2821,E103,Page view: {page} by {user}
11969,2026-01-10,19:11:00,INFO,OrderProcessor,Transaction tx424545 completed in 219ms,E104,Transaction {tx} completed in {time}ms
11970,2026-01-10,19:21:02,INFO,AuthService,User u1286 login successful,E101,User {user} login successful
11971,2026-01-10,19:05:34,INFO,WebServer,Page view: /home by u3399,E103,Page view: {page} by {user}
11972,2026-01-10,19:53:48,INFO,OrderProcessor,Page view: /home by u4205,E103,Page view: {page} by {user}
11973,2026-01-10,19:00:10,INFO,AuthService,Transaction tx973994 completed in 1748ms,E104,Transaction {tx} completed in {time}ms
11974,2026-01-10,19:50:23,INFO,WebServer,User u4446 login successful,E101,User {user} login successful
11975,2026-01-10,19:37:27,INFO,WebServer,Health check passed: WebServer,E102,Health check passed: {service}
11976,2026-01-10,19:37:42,INFO,WebServer,Transaction tx164497 completed in 784ms,E104,Transaction {tx} completed in {time}ms
11977,2026-01-10,19:45:04,INFO,WebServer,Health check passed: WebServer,E102,Health check passed: {service}
11978,2026-01-10,19:55:46,INFO,WebServer,User u2146 login successful,E101,User {user} login successful
11979,2026-01-10,19:52:42,INFO,AuthService,Transaction tx759023 completed in 770ms,E104,Transaction {tx} completed in {time}ms
11980,2026-01-10,19:25:02,INFO,OrderProcessor,Health check passed: OrderProcessor,E102,Health check passed: {service}
11981,2026-01-10,19:04:45,INFO,AuthService,Transaction tx826833 completed in 906ms,E104,Transaction {tx} completed in {time}ms
11982,2026-01-10,19:58:36,INFO,WebServer,User u4907 login successful,E101,User {user} login successful
11983,2026-01-10,19:08:25,INFO,WebServer,Health check passed: WebServer,E102,Health check passed: {service}
11984,2026-01-10,19:17:47,INFO,WebServer,Page view: /home by u3927,E103,Page view: {page} by {user}
11985,2026-01-10,19:52:47,INFO,AuthService,Transaction tx210169 completed in 1333ms,E104,Transaction {tx} completed in {time}ms
11986,2026-01-10,19:33:30,INFO,WebServer,Page view: /home by u2839,E103,Page view: {page} by {user}
11987,2026-01-10,19:42:09,INFO,PaymentGateway,Transaction tx416542 completed in 488ms,E104,Transaction {tx} completed in {time}ms
11988,2026-01-10,19:22:18,INFO,OrderProcessor,User u2648 login successful,E101,User {user} login successful
11989,2026-01-10,19:09:02,INFO,WebServer,Page view: /home by u2116,E103,Page view: {page} by {user}
11990,2026-01-10,19:56:17,INFO,PaymentGateway,Transaction tx101678 completed in 987ms,E104,Transaction {tx} completed in {time}ms
11991,2026-01-10,19:50:36,INFO,AuthService,User u4174 login successful,E101,User {user} login successful
11992,2026-01-10,19:49:18,INFO,OrderProcessor,Page view: /home by u4008,E103,Page view: {page} by {user}
11993,2026-01-10,19:09:27,INFO,OrderProcessor,Transaction tx587032 completed in 1232ms,E104,Transaction {tx} completed in {time}ms
11994,2026-01-10,19:56:22,INFO,OrderProcessor,Health check passed: OrderProcessor,E102,Health check passed: {service}
11995,2026-01-10,19:26:43,INFO,OrderProcessor,Transaction tx517205 completed in 468ms,E104,Transaction {tx} completed in {time}ms
11996,2026-01-10,19:45:19,INFO,OrderProcessor,User u4055 login successful,E101,User {user} login successful
11997,2026-01-10,19:38:16,INFO,PaymentGateway,Page view: /home by u3733,E103,Page view: {page} by {user}
11998,2026-01-10,19:45:45,INFO,OrderProcessor,User u4979 login successful,E101,User {user} login successful
11999,2026-01-10,19:46:47,INFO,WebServer,Health check passed: WebServer,E102,Health check passed: {service}
12000,2026-01-10,19:39:54,WARN,WebServer,Unauthorized access attempt from 10.0.0.99,E401,Unauthorized access attempt from {ip}
12001,2026-01-10,19:47:16,INFO,WebServer,Page view: /home by u3352,E103,Page view: {page} by {user}
12002,2026-01-10,19:13:54,INFO,AuthService,Health check passed: AuthService,E102,Health check passed: {service}
12003,2026-01-10,19:47:24,INFO,WebServer,Transaction tx649453 completed in 1067ms,E104,Transaction {tx} completed in {time}ms
12004,2026-01-10,19:34:39,INFO,WebServer,User u2237 login successful,E101,User {user} login successful
12005,2026-01-10,19:46:11,INFO,WebServer,User u1329 login successful,E101,User {user} login successful
12006,2026-01-10,19:21:24,ERROR,AuthService,Payment declined: Gateway unavailable,E503,Payment declined: Gateway unavailable
12007,2026-01-10,19:28:15,INFO,WebServer,User u1596 login successful,E101,User {user} login successful
12008,2026-01-10,19:44:58,INFO,AuthService,Page view: /home by u4819,E103,Page view: {page} by {user}
12009,2026-01-10,19:33:07,INFO,OrderProcessor,User u2607 login successful,E101,User {user} login successful
12010,2026-01-10,19:28:08,INFO,WebServer,Page view: /home by u3260,E103,Page view: {page} by {user}
12011,2026-01-10,19:49:50,INFO,OrderProcessor,Page view: /home by u4599,E103,Page view: {page} by {user}
12012,2026-01-10,19:44:40,INFO,WebServer,Transaction tx572321 completed in 1308ms,E104,Transaction {tx} completed in {time}ms
12013,2026-01-10,19:18:24,INFO,AuthService,Health check passed: AuthService,E102,Health check passed: {service}
12014,2026-01-10,19:12:37,INFO,PaymentGateway,Page view: /home by u4143,E103,Page view: {page} by {user}
12015,2026-01-10,19:02:48,INFO,WebServer,Page view: /home by u2164,E103,Page view: {page} by {user}
12016,2026-01-10,19:31:49,INFO,WebServer,Page view: /home by u1117,E103,Page view: {page} by {user}
12017,2026-01-10,19:14:32,INFO,WebServer,User u2507 login successful,E101,User {user} login successful
12018,2026-01-10,19:46:09,INFO,PaymentGateway,Health check passed: PaymentGateway,E102,Health check passed: {service}
12019,2026-01-10,19:51:57,INFO,WebServer,Health check passed: WebServer,E102,Health check passed: {service}
12020,2026-01-10,19:29:30,INFO,OrderProcessor,Health check passed: OrderProcessor,E102,Health check passed: {service}
12021,2026-01-10,19:56:56,INFO,PaymentGateway,Health check passed: PaymentGateway,E102,Health check passed: {service}
12022,2026-01-10,19:39:12,INFO,WebServer,Page view: /home by u3434,E103,Page view: {page} by {user}
12023,2026-01-10,19:30:24,INFO,WebServer,Transaction tx906000 completed in 624ms,E104,Transaction {tx} completed in {time}ms
12024,2026-01-10,19:24:14,INFO,PaymentGateway,Health check passed: PaymentGateway,E102,Health check passed: {service}
12025,2026-01-10,19:21:57,INFO,OrderProcessor,Page view: /home by u2048,E103,Page view: {page} by {user}
12026,2026-01-10,19:33:32,INFO,WebServer,User u3918 login successful,E101,User {user} login successful
12027,2026-01-10,19:31:15,WARN,OrderProcessor,Disk usage > 85% on node node-2,E202,Disk usage > 85% on node {node}
12028,2026-01-10,19:04:09,INFO,AuthService,Health check passed: AuthService,E102,Health check passed: {service}
12029,2026-01-10,19:15:59,INFO,AuthService,User u2759 login successful,E101,User {user} login successful
12030,2026-01-10,19:29:45,WARN,AuthService,Unauthorized access attempt from 10.0.0.10,E401,Unauthorized access attempt from {ip}
12031,2026-01-10,19:31:41,INFO,WebServer,Health check passed: WebServer,E102,Health check passed: {service}
12032,2026-01-10,19:20:51,INFO,WebServer,Page view: /home by u3015,E103,Page view: {page} by {user}
12033,2026-01-10,19:00:57,WARN,WebServer,Unauthorized access attempt from 10.0.0.45,E401,Unauthorized access attempt from {ip}
12034,2026-01-10,19:18:58,INFO,WebServer,User u3565 login successful,E101,User {user} login successful
12035,2026-01-10,19:59:19,INFO,WebServer,Transaction tx575403 completed in 1818ms,E104,Transaction {tx} completed in {time}ms
12036,2026-01-10,19:34:41,INFO,WebServer,Page view: /home by u3975,E103,Page view: {page} by {user}
12037,2026-01-10,19:20:01,INFO,AuthService,Health check passed: AuthService,E102,Health check passed: {service}
12038,2026-01-10,19:48:47,WARN,WebServer,Disk usage > 85% on node node-4,E202,Disk usage > 85% on node {node}
12039,2026-01-10,19:14:19,CRITICAL,WebServer,KERNEL PANIC: Node node-5 crashed,E601,KERNEL PANIC: Node {node} crashed
12040,2026-01-10,19:30:23,INFO,WebServer,Page view: /home by u2066,E103,Page view: {page} by {user}
12041,2026-01-10,19:53:02,INFO,PaymentGateway,User u2400 login successful,E101,User {user} login successful
12042,2026-01-10,19:09:36,INFO,WebServer,Health check passed: WebServer,E102,Health check passed: {service}
12043,2026-01-10,19:48:46,INFO,AuthService,Transaction tx233669 completed in 546ms,E104,Transaction {tx} completed in {time}ms
12044,2026-01-10,19:54:09,INFO,InventoryDB,Transaction tx341013 completed in 1134ms,E104,Transaction {tx} completed in {time}ms
12045,2026-01-10,19:38:55,INFO,WebServer,User u1777 login successful,E101,User {user} login successful
12046,2026-01-10,19:20:49,INFO,AuthService,Health check passed: AuthService,E102,Health check passed: {service}
12047,2026-01-10,19:58:09,INFO,PaymentGateway,Transaction tx456687 completed in 297ms,E104,Transaction {tx} completed in {time}ms
12048,2026-01-10,19:02:12,INFO,WebServer,User u4599 login successful,E101,User {user} login successful
12049,2026-01-10,19:51:36,WARN,WebServer,Disk usage > 85% on node node-1,E202,Disk usage > 85% on node {node}
12050,2026-01-10,19:51:23,INFO,OrderProcessor,Transaction tx813753 completed in 1396ms,E104,Transaction {tx} completed in {time}ms
12051,2026-01-10,19:05:35,INFO,AuthService,User u3076 login successful,E101,User {user} login successful
12052,2026-01-10,19:21:09,INFO,WebServer,Health check passed: WebServer,E102,Health check passed: {service}
12053,2026-01-10,19:15:18,INFO,OrderProcessor,Transaction tx859465 completed in 1478ms,E104,Transaction {tx} completed in {time}ms
12054,2026-01-10,19:50:32,INFO,AuthService,Transaction tx414466 completed in 1826ms,E104,Transaction {tx} completed in {time}ms
12055,2026-01-10,19:23:50,INFO,AuthService,Health check passed: AuthService,E102,Health check passed: {service}
12056,2026-01-10,19:50:20,INFO,AuthService,Transaction tx179940 completed in 1150ms,E104,Transaction {tx} completed in {time}ms
12057,2026-01-10,19:12:14,INFO,WebServer,Page view: /home by u1680,E103,Page view: {page} by {user}
12058,2026-01-10,19:21:02,INFO,WebServer,User u1676 login successful,E101,User {user} login successful
12059,2026-01-10,19:28:12,INFO,OrderProcessor,Health check passed: OrderProcessor,E102,Health check passed: {service}
12060,2026-01-10,19:30:33,INFO,WebServer,Health check passed: WebServer,E102,Health check passed: {service}
12061,2026-01-10,19:37:54,INFO,AuthService,Page view: /home by u3006,E103,Page view: {page} by {user}
12062,2026-01-10,19:00:39,INFO,PaymentGateway,Page view: /home by u3477,E103,Page view: {page} by {user}
12063,2026-01-10,19:03:58,CRITICAL,OrderProcessor,DATA CORRUPTION detected in sector 966,E602,DATA CORRUPTION detected in sector {sector}
12064,2026-01-10,19:29:53,INFO,InventoryDB,Transaction tx548678 completed in 1759ms,E104,Transaction {tx} completed in {time}ms
12065,2026-01-10,19:33:47,ERROR,OrderProcessor,Connection refused to OrderProcessor at 10.0.0.12,E501,Connection refused to {service} at {ip}
12066,2026-01-10,19:51:03,INFO,WebServer,User u2914 login successful,E101,User {user} login successful
12067,2026-01-10,19:03:03,INFO,WebServer,Health check passed: WebServer,E102,Health check passed: {service}
12068,2026-01-10,19:40:58,INFO,WebServer,User u4637 login successful,E101,User {user} login successful
12069,2026-01-10,19:39:11,WARN,WebServer,Disk usage > 85% on node node-5,E202,Disk usage > 85% on node {node}
12070,2026-01-10,19:09:08,INFO,WebServer,Health check passed: WebServer,E102,Health check passed: {service}
12071,2026-01-10,19:13:52,INFO,WebServer,User u2163 login successful,E101,User {user} login successful
12072,2026-01-10,19:28:00,INFO,WebServer,Page view: /home by u3453,E103,Page view: {page} by {user}
12073,2026-01-10,19:48:56,INFO,WebServer,Transaction tx604989 completed in 994ms,E104,Transaction {tx} completed in {time}ms
12074,2026-01-10,19:35:07,INFO,WebServer,Page view: /home by u4852,E103,Page view: {page} by {user}
12075,2026-01-10,19:52:37,INFO,WebServer,Transaction tx710166 completed in 55ms,E104,Transaction {tx} completed in {time}ms
12076,2026-01-10,19:47:57,INFO,WebServer,User u3369 login successful,E101,User {user} login successful
12077,2026-01-10,19:22:11,INFO,WebServer,Transaction tx668207 completed in 94ms,E104,Transaction {tx} completed in {time}ms
12078,2026-01-10,19:07:19,INFO,WebServer,User u1997 login successful,E101,User {user} login successful
12079,2026-01-10,19:50:51,INFO,OrderProcessor,Health check passed: OrderProcessor,E102,Health check passed: {service}
12080,2026-01-10,19:38:52,INFO,WebServer,Health check passed: WebServer,E102,Health check passed: {service}
12081,2026-01-10,19:14:26,INFO,WebServer,Health check passed: WebServer,E102,Health check passed: {service}
12082,2026-01-10,19:29:17,INFO,OrderProcessor,User u3635 login successful,E101,User {user} login successful
12083,2026-01-10,19:23:15,INFO,WebServer,User u1321 login successful,E101,User {user} login successful
12084,2026-01-10,19:22:44,INFO,WebServer,Transaction tx870127 completed in 1215ms,E104,Transaction {tx} completed in {time}ms
12085,2026-01-10,19:26:09,INFO,AuthService,User u1708 login successful,E101,User {user} login successful
12086,2026-01-10,19:12:11,INFO,AuthService,User u2068 login successful,E101,User {user} login successful
12087,2026-01-10,19:18:22,INFO,OrderProcessor,Health check passed: OrderProcessor,E102,Health check passed: {service}
12088,2026-01-10,19:49:57,INFO,WebServer,Page view: /home by u1876,E103,Page view: {page} by {user}
12089,2026-01-10,19:13:08,INFO,OrderProcessor,User u1185 login successful,E101,User {user} login successful
12090,2026-01-10,19:44:21,INFO,AuthService,Health check passed: AuthService,E102,Health check passed: {service}
12091,2026-01-10,19:41:49,INFO,WebServer,Health check passed: WebServer,E102,Health check passed: {service}
12092,2026-01-10,19:07:23,INFO,PaymentGateway,User u3335 login successful,E101,User {user} login successful
12093,2026-01-10,19:59:45,INFO,AuthService,Page view: /home by u1059,E103,Page view: {page} by {user}
12094,2026-01-10,19:06:58,INFO,WebServer,Health check passed: WebServer,E102,Health check passed: {service}
12095,2026-01-10,19:22:22,INFO,AuthService,Health check passed: AuthService,E102,Health check passed: {service}
12096,2026-01-10,19:34:58,INFO,WebServer,Health check passed: WebServer,E102,Health check passed: {service}
12097,2026-01-10,19:02:55,INFO,OrderProcessor,User u1227 login successful,E101,User {user} login successful
12098,2026-01-10,19:27:16,INFO,WebServer,User u4625 login successful,E101,User {user} login successful
12099,2026-01-10,19:27:47,INFO,PaymentGateway,User u4628 login successful,E101,User {user} login successful
12100,2026-01-10,19:13:27,INFO,InventoryDB,User u1636 login successful,E101,User {user} login successful
12101,2026-01-10,19:16:49,INFO,PaymentGateway,Health check passed: PaymentGateway,E102,Health check passed: {service}
12102,2026-01-10,19:36:45,INFO,WebServer,Health check passed: WebServer,E102,Health check passed: {service}
12103,2026-01-10,19:44:12,INFO,AuthService,Transaction tx345830 completed in 1702ms,E104,Transaction {tx} completed in {time}ms
12104,2026-01-10,19:54:36,INFO,WebServer,Page view: /home by u2132,E103,Page view: {page} by {user}
12105,2026-01-10,19:22:17,INFO,OrderProcessor,Health check passed: OrderProcessor,E102,Health check passed: {service}
12106,2026-01-10,19:10:36,INFO,PaymentGateway,User u4943 login successful,E101,User {user} login successful
12107,2026-01-10,19:43:58,CRITICAL,WebServer,KERNEL PANIC: Node node-2 crashed,E601,KERNEL PANIC: Node {node} crashed
12108,2026-01-10,19:00:42,INFO,WebServer,Transaction tx932403 completed in 230ms,E104,Transaction {tx} completed in {time}ms
12109,2026-01-10,19:17:22,INFO,WebServer,Transaction tx249090 completed in 57ms,E104,Transaction {tx} completed in {time}ms
12110,2026-01-10,19:24:47,INFO,WebServer,User u1227 login successful,E101,User {user} login successful
12111,2026-01-10,19:03:33,INFO,WebServer,Page view: /home by u3109,E103,Page view: {page} by {user}
12112,2026-01-10,19:06:33,INFO,WebServer,Transaction tx816466 completed in 1709ms,E104,Transaction {tx} completed in {time}ms
12113,2026-01-10,19:52:20,INFO,WebServer,Page view: /home by u4465,E103,Page view: {page} by {user}
12114,2026-01-10,19:15:41,INFO,WebServer,Transaction tx138062 completed in 619ms,E104,Transaction {tx} completed in {time}ms
12115,2026-01-10,19:30:44,INFO,OrderProcessor,Transaction tx286589 completed in 845ms,E104,Transaction {tx} completed in {time}ms
12116,2026-01-10,19:27:12,INFO,WebServer,User u2901 login successful,E101,User {user} login successful
12117,2026-01-10,19:03:55,INFO,OrderProcessor,Health check passed: OrderProcessor,E102,Health check passed: {service}
12118,2026-01-10,19:52:57,INFO,WebServer,User u3206 login successful,E101,User {user} login successful
12119,2026-01-10,19:24:39,INFO,AuthService,User u2158 login successful,E101,User {user} login successful
12120,2026-01-10,19:39:39,INFO,WebServer,Page view: /home by u1997,E103,Page view: {page} by {user}
12121,2026-01-10,19:38:12,INFO,OrderProcessor,Health check passed: OrderProcessor,E102,Health check passed: {service}
12122,2026-01-10,19:52:27,INFO,WebServer,Transaction tx595170 completed in 176ms,E104,Transaction {tx} completed in {time}ms
12123,2026-01-10,19:51:12,INFO,WebServer,Transaction tx942860 completed in 211ms,E104,Transaction {tx} completed in {time}ms
12124,2026-01-10,19:37:43,INFO,WebServer,Transaction tx426660 completed in 1469ms,E104,Transaction {tx} completed in {time}ms
12125,2026-01-10,19:23:37,INFO,WebServer,Transaction tx618815 completed in 1356ms,E104,Transaction {tx} completed in {time}ms
12126,2026-01-10,19:10:54,INFO,OrderProcessor,User u1644 login successful,E101,User {user} login successful
12127,2026-01-10,19:43:06,INFO,WebServer,Transaction tx125260 completed in 859ms,E104,Transaction {tx} completed in {time}ms
12128,2026-01-10,19:23:01,INFO,WebServer,Page view: /home by u1442,E103,Page view: {page} by {user}
12129,2026-01-10,19:09:35,INFO,OrderProcessor,Transaction tx663472 completed in 379ms,E104,Transaction {tx} completed in {time}ms
12130,2026-01-10,19:16:27,INFO,WebServer,Page view: /home by u1556,E103,Page view: {page} by {user}
12131,2026-01-10,19:28:37,INFO,WebServer,Health check passed: WebServer,E102,Health check passed: {service}
12132,2026-01-10,19:13:04,INFO,WebServer,Page view: /home by u1264,E103,Page view: {page} by {user}
12133,2026-01-10,19:03:17,INFO,WebServer,Health check passed: WebServer,E102,Health check passed: {service}
12134,2026-01-10,19:34:25,INFO,WebServer,Page view: /home by u1680,E103,Page view: {page} by {user}
12135,2026-01-10,19:09:16,INFO,WebServer,Page view: /home by u3385,E103,Page view: {page} by {user}
12136,2026-01-10,19:10:59,INFO,OrderProcessor,Page view: /home by u4158,E103,Page view: {page} by {user}
12137,2026-01-10,19:27:43,INFO,WebServer,User u2279 login successful,E101,User {user} login successful
12138,2026-01-10,19:56:42,INFO,WebServer,Health check passed: WebServer,E102,Health check passed: {service}
12139,2026-01-10,19:14:04,INFO,WebServer,Page view: /home by u3268,E103,Page view: {page} by {user}
12140,2026-01-10,19:03:55,WARN,WebServer,Disk usage > 85% on node node-2,E202,Disk usage > 85% on node {node}
12141,2026-01-10,19:37:24,INFO,InventoryDB,Health check passed: InventoryDB,E102,Health check passed: {service}
12142,2026-01-10,19:53:29,INFO,InventoryDB,Transaction tx605723 completed in 1334ms,E104,Transaction {tx} completed in {time}ms
12143,2026-01-10,19:07:24,INFO,AuthService,Page view: /home by u1430,E103,Page view: {page} by {user}
12144,2026-01-10,19:28:34,WARN,WebServer,Disk usage > 85% on node node-5,E202,Disk usage > 85% on node {node}
12145,2026-01-10,19:29:40,INFO,WebServer,Health check passed: WebServer,E102,Health check passed: {service}
12146,2026-01-10,19:31:38,INFO,WebServer,User u2414 login successful,E101,User {user} login successful
12147,2026-01-10,19:40:38,INFO,WebServer,User u1907 login successful,E101,User {user} login successful
12148,2026-01-10,19:44:01,INFO,InventoryDB,User u1357 login successful,E101,User {user} login successful
12149,2026-01-10,19:33:40,INFO,InventoryDB,Health check passed: InventoryDB,E102,Health check passed: {service}
12150,2026-01-10,19:07:26,WARN,WebServer,High latency (674ms) detected on WebServer,E201,High latency ({time}ms) detected on {service}
12151,2026-01-10,19:30:07,INFO,AuthService,User u1113 login successful,E101,User {user} login successful
12152,2026-01-10,19:53:37,INFO,AuthService,User u3383 login successful,E101,User {user} login successful
12153,2026-01-10,19:14:06,INFO,WebServer,Transaction tx911111 completed in 336ms,E104,Transaction {tx} completed in {time}ms
12154,2026-01-10,19:21:38,INFO,InventoryDB,Transaction tx822008 completed in 276ms,E104,Transaction {tx} completed in {time}ms
12155,2026-01-10,19:14:56,INFO,AuthService,Page view: /home by u2146,E103,Page view: {page} by {user}
12156,2026-01-10,19:27:54,INFO,AuthService,Health check passed: AuthService,E102,Health check passed: {service}
12157,2026-01-10,19:24:54,WARN,WebServer,Disk usage > 85% on node node-4,E202,Disk usage > 85% on node {node}
12158,2026-01-10,19:15:37,INFO,PaymentGateway,Transaction tx584723 completed in 565ms,E104,Transaction {tx} completed in {time}ms
12159,2026-01-10,19:29:19,INFO,AuthService,Page view: /home by u3974,E103,Page view: {page} by {user}
12160,2026-01-10,19:50:18,INFO,WebServer,User u4235 login successful,E101,User {user} login successful
12161,2026-01-10,19:04:05,WARN,WebServer,Unauthorized access attempt from 10.0.0.45,E401,Unauthorized access attempt from {ip}
12162,2026-01-10,19:05:18,INFO,AuthService,Transaction tx789942 completed in 1493ms,E104,Transaction {tx} completed in {time}ms
12163,2026-01-10,19:12:04,INFO,AuthService,User u2258 login successful,E101,User {user} login successful
12164,2026-01-10,19:40:25,INFO,WebServer,User u2949 login successful,E101,User {user} login successful
12165,2026-01-10,19:20:45,INFO,AuthService,Health check passed: AuthService,E102,Health check passed: {service}
12166,2026-01-10,19:43:54,INFO,AuthService,User u2486 login successful,E101,User {user} login successful
12167,2026-01-10,19:31:51,INFO,WebServer,User u4885 login successful,E101,User {user} login successful
12168,2026-01-10,19:26:57,INFO,OrderProcessor,User u1144 login successful,E101,User {user} login successful
12169,2026-01-10,19:59:19,INFO,PaymentGateway,Transaction tx748009 completed in 1579ms,E104,Transaction {tx} completed in {time}ms
12170,2026-01-10,19:11:06,INFO,WebServer,Page view: /home by u1163,E103,Page view: {page} by {user}
12171,2026-01-10,19:47:59,WARN,WebServer,High latency (476ms) detected on WebServer,E201,High latency ({time}ms) detected on {service}
12172,2026-01-10,19:04:55,INFO,PaymentGateway,Transaction tx283264 completed in 506ms,E104,Transaction {tx} completed in {time}ms
12173,2026-01-10,19:27:10,INFO,AuthService,Page view: /home by u1029,E103,Page view: {page} by {user}
12174,2026-01-10,19:56:10,INFO,WebServer,Health check passed: WebServer,E102,Health check passed: {service}
12175,2026-01-10,19:02:35,INFO,OrderProcessor,Transaction tx246976 completed in 140ms,E104,Transaction {tx} completed in {time}ms
12176,2026-01-10,19:46:17,INFO,WebServer,Transaction tx722707 completed in 188ms,E104,Transaction {tx} completed in {time}ms
12177,2026-01-10,19:56:11,INFO,WebServer,Transaction tx656905 completed in 160ms,E104,Transaction {tx} completed in {time}ms
12178,2026-01-10,19:36:47,INFO,PaymentGateway,Health check passed: PaymentGateway,E102,Health check passed: {service}
12179,2026-01-10,19:58:56,INFO,AuthService,Page view: /home by u4414,E103,Page view: {page} by {user}
12180,2026-01-10,19:09:45,INFO,WebServer,Health check passed: WebServer,E102,Health check passed: {service}
12181,2026-01-10,19:43:41,INFO,AuthService,Page view: /home by u3433,E103,Page view: {page} by {user}
12182,2026-01-10,19:57:08,INFO,WebServer,User u3292 login successful,E101,User {user} login successful
12183,2026-01-10,19:58:34,INFO,AuthService,Page view: /home by u2811,E103,Page view: {page} by {user}
12184,2026-01-10,19:05:48,INFO,OrderProcessor,Page view: /home by u1913,E103,Page view: {page} by {user}
12185,2026-01-10,19:23:19,INFO,AuthService,User u1810 login successful,E101,User {user} login successful
12186,2026-01-10,19:14:22,INFO,InventoryDB,User u4860 login successful,E101,User {user} login successful
12187,2026-01-10,19:29:58,INFO,WebServer,User u4516 login successful,E101,User {user} login successful
12188,2026-01-10,19:19:14,INFO,AuthService,Health check passed: AuthService,E102,Health check passed: {service}
12189,2026-01-10,19:50:09,INFO,AuthService,Transaction tx547755 completed in 224ms,E104,Transaction {tx} completed in {time}ms
12190,2026-01-10,19:44:49,INFO,WebServer,User u4826 login successful,E101,User {user} login successful
12191,2026-01-10,19:38:31,INFO,PaymentGateway,Transaction tx329093 completed in 1005ms,E104,Transaction {tx} completed in {time}ms
12192,2026-01-10,19:09:06,INFO,OrderProcessor,Page view: /home by u4923,E103,Page view: {page} by {user}
12193,2026-01-10,19:48:29,INFO,AuthService,Page view: /home by u4531,E103,Page view: {page} by {user}
12194,2026-01-10,19:57:40,WARN,PaymentGateway,Unauthorized access attempt from 10.0.0.45,E401,Unauthorized access attempt from {ip}
12195,2026-01-10,19:59:57,INFO,OrderProcessor,Page view: /home by u4812,E103,Page view: {page} by {user}
12196,2026-01-10,19:52:16,INFO,WebServer,Health check passed: WebServer,E102,Health check passed: {service}
12197,2026-01-10,19:40:39,INFO,WebServer,Transaction tx626379 completed in 1177ms,E104,Transaction {tx} completed in {time}ms
12198,2026-01-10,19:41:07,INFO,WebServer,User u4777 login successful,E101,User {user} login successful
12199,2026-01-10,19:25:44,INFO,AuthService,Health check passed: AuthService,E102,Health check passed: {service}
12200,2026-01-10,19:52:24,WARN,WebServer,Disk usage > 85% on node node-4,E202,Disk usage > 85% on node {node}
12201,2026-01-10,19:19:20,INFO,InventoryDB,Health check passed: InventoryDB,E102,Health check passed: {service}
12202,2026-01-10,19:34:00,INFO,WebServer,User u2921 login successful,E101,User {user} login successful
12203,2026-01-10,19:23:30,INFO,WebServer,User u3146 login successful,E101,User {user} login successful
12204,2026-01-10,19:06:31,INFO,WebServer,Page view: /home by u2590,E103,Page view: {page} by {user}
12205,2026-01-10,19:51:14,WARN,AuthService,Unauthorized access attempt from 10.0.0.99,E401,Unauthorized access attempt from {ip}
12206,2026-01-10,19:57:39,INFO,AuthService,Page view: /home by u4703,E103,Page view: {page} by {user}
12207,2026-01-10,19:41:10,CRITICAL,WebServer,DATA CORRUPTION detected in sector 661,E602,DATA CORRUPTION detected in sector {sector}
12208,2026-01-10,19:08:52,INFO,WebServer,Health check passed: WebServer,E102,Health check passed: {service}
12209,2026-01-10,19:30:29,INFO,PaymentGateway,Transaction tx526186 completed in 1272ms,E104,Transaction {tx} completed in {time}ms
12210,2026-01-10,19:57:59,INFO,WebServer,Page view: /home by u1617,E103,Page view: {page} by {user}
12211,2026-01-10,19:43:36,WARN,WebServer,Unauthorized access attempt from 10.0.0.88,E401,Unauthorized access attempt from {ip}
12212,2026-01-10,19:14:49,INFO,WebServer,Transaction tx285107 completed in 433ms,E104,Transaction {tx} completed in {time}ms
12213,2026-01-10,19:43:46,INFO,WebServer,Page view: /home by u2920,E103,Page view: {page} by {user}
12214,2026-01-10,19:50:52,INFO,WebServer,User u1849 login successful,E101,User {user} login successful
12215,2026-01-10,19:30:52,INFO,AuthService,User u1150 login successful,E101,User {user} login successful
12216,2026-01-10,19:25:12,INFO,InventoryDB,Page view: /home by u4223,E103,Page view: {page} by {user}
12217,2026-01-10,19:43:05,INFO,OrderProcessor,User u3197 login successful,E101,User {user} login successful
12218,2026-01-10,19:28:16,INFO,InventoryDB,Transaction tx726639 completed in 57ms,E104,Transaction {tx} completed in {time}ms
12219,2026-01-10,19:09:29,WARN,AuthService,High latency (842ms) detected on AuthService,E201,High latency ({time}ms) detected on {service}
12220,2026-01-10,19:36:36,INFO,WebServer,Health check passed: WebServer,E102,Health check passed: {service}
12221,2026-01-10,19:14:42,INFO,WebServer,Transaction tx389161 completed in 313ms,E104,Transaction {tx} completed in {time}ms
12222,2026-01-10,19:11:04,INFO,PaymentGateway,Page view: /home by u2371,E103,Page view: {page} by {user}
12223,2026-01-10,19:44:22,INFO,WebServer,Page view: /home by u4762,E103,Page view: {page} by {user}
12224,2026-01-10,19:28:52,INFO,WebServer,Transaction tx208294 completed in 1865ms,E104,Transaction {tx} completed in {time}ms
12225,2026-01-10,19:49:54,INFO,WebServer,Transaction tx487894 completed in 1090ms,E104,Transaction {tx} completed in {time}ms
12226,2026-01-10,19:56:23,INFO,WebServer,Transaction tx349254 completed in 159ms,E104,Transaction {tx} completed in {time}ms
12227,2026-01-10,19:44:27,INFO,WebServer,Health check passed: WebServer,E102,Health check passed: {service}
12228,2026-01-10,19:23:17,INFO,AuthService,Transaction tx443548 completed in 1056ms,E104,Transaction {tx} completed in {time}ms
12229,2026-01-10,19:57:12,INFO,InventoryDB,Transaction tx491322 completed in 1844ms,E104,Transaction {tx} completed in {time}ms
12230,2026-01-10,19:16:05,INFO,WebServer,User u3457 login successful,E101,User {user} login successful
12231,2026-01-10,19:46:13,INFO,OrderProcessor,User u3205 login successful,E101,User {user} login successful
12232,2026-01-10,19:19:30,INFO,AuthService,Page view: /home by u2534,E103,Page view: {page} by {user}
12233,2026-01-10,19:26:19,INFO,WebServer,Health check passed: WebServer,E102,Health check passed: {service}
12234,2026-01-10,19:59:50,INFO,InventoryDB,Transaction tx659023 completed in 592ms,E104,Transaction {tx} completed in {time}ms
12235,2026-01-10,19:39:08,WARN,WebServer,Disk usage > 85% on node node-2,E202,Disk usage > 85% on node {node}
12236,2026-01-10,19:34:56,ERROR,AuthService,Payment declined: Gateway unavailable,E503,Payment declined: Gateway unavailable
12237,2026-01-10,19:53:10,INFO,WebServer,Transaction tx848243 completed in 110ms,E104,Transaction {tx} completed in {time}ms
12238,2026-01-10,19:23:21,INFO,OrderProcessor,Transaction tx342379 completed in 1533ms,E104,Transaction {tx} completed in {time}ms
12239,2026-01-10,19:06:26,INFO,WebServer,Transaction tx276026 completed in 1243ms,E104,Transaction {tx} completed in {time}ms
12240,2026-01-10,19:28:35,INFO,WebServer,User u4590 login successful,E101,User {user} login successful
12241,2026-01-10,19:39:14,INFO,InventoryDB,User u1380 login successful,E101,User {user} login successful
12242,2026-01-10,19:11:54,WARN,WebServer,Unauthorized access attempt from 10.0.0.45,E401,Unauthorized access attempt from {ip}
12243,2026-01-10,19:51:46,INFO,InventoryDB,Page view: /home by u3583,E103,Page view: {page} by {user}
12244,2026-01-10,19:15:47,INFO,OrderProcessor,Page view: /home by u1849,E103,Page view: {page} by {user}
12245,2026-01-10,19:22:18,INFO,AuthService,User u2464 login successful,E101,User {user} login successful
12246,2026-01-10,19:50:09,INFO,PaymentGateway,User u2524 login successful,E101,User {user} login successful
12247,2026-01-10,19:56:24,INFO,WebServer,Health check passed: WebServer,E102,Health check passed: {service}
12248,2026-01-10,19:07:33,INFO,WebServer,Page view: /home by u4751,E103,Page view: {page} by {user}
12249,2026-01-10,19:34:20,INFO,WebServer,Transaction tx354613 completed in 68ms,E104,Transaction {tx} completed in {time}ms
12250,2026-01-10,19:55:51,INFO,WebServer,Page view: /home by u4862,E103,Page view: {page} by {user}
12251,2026-01-10,19:22:27,INFO,WebServer,User u4111 login successful,E101,User {user} login successful
12252,2026-01-10,19:17:11,INFO,AuthService,Page view: /home by u2478,E103,Page view: {page} by {user}
12253,2026-01-10,19:20:09,INFO,WebServer,Transaction tx626155 completed in 612ms,E104,Transaction {tx} completed in {time}ms
12254,2026-01-10,19:26:44,INFO,WebServer,Transaction tx985733 completed in 1188ms,E104,Transaction {tx} completed in {time}ms
12255,2026-01-10,20:56:26,INFO,PaymentGateway,Health check passed: PaymentGateway,E102,Health check passed: {service}
12256,2026-01-10,20:06:45,INFO,WebServer,Transaction tx734093 completed in 1988ms,E104,Transaction {tx} completed in {time}ms
12257,2026-01-10,20:35:23,INFO,AuthService,Health check passed: AuthService,E102,Health check passed: {service}
12258,2026-01-10,20:32:03,INFO,OrderProcessor,Health check passed: OrderProcessor,E102,Health check passed: {service}
12259,2026-01-10,20:00:48,INFO,WebServer,Transaction tx494602 completed in 1413ms,E104,Transaction {tx} completed in {time}ms
12260,2026-01-10,20:19:40,INFO,WebServer,Transaction tx658797 completed in 50ms,E104,Transaction {tx} completed in {time}ms
12261,2026-01-10,20:44:20,INFO,WebServer,Page view: /home by u2051,E103,Page view: {page} by {user}
12262,2026-01-10,20:45:52,INFO,WebServer,User u1420 login successful,E101,User {user} login successful
12263,2026-01-10,20:57:43,INFO,AuthService,User u3487 login successful,E101,User {user} login successful
12264,2026-01-10,20:49:55,INFO,WebServer,Transaction tx919829 completed in 269ms,E104,Transaction {tx} completed in {time}ms
12265,2026-01-10,20:02:09,INFO,WebServer,Health check passed: WebServer,E102,Health check passed: {service}
12266,2026-01-10,20:00:30,INFO,WebServer,Page view: /home by u1278,E103,Page view: {page} by {user}
12267,2026-01-10,20:10:53,INFO,WebServer,User u3389 login successful,E101,User {user} login successful
12268,2026-01-10,20:10:11,INFO,WebServer,User u3858 login successful,E101,User {user} login successful
12269,2026-01-10,20:11:47,INFO,WebServer,Transaction tx198629 completed in 356ms,E104,Transaction {tx} completed in {time}ms
12270,2026-01-10,20:36:58,INFO,WebServer,Transaction tx197142 completed in 1399ms,E104,Transaction {tx} completed in {time}ms
12271,2026-01-10,20:42:27,INFO,OrderProcessor,Health check passed: OrderProcessor,E102,Health check passed: {service}
12272,2026-01-10,20:29:51,INFO,AuthService,Page view: /home by u1730,E103,Page view: {page} by {user}
12273,2026-01-10,20:36:29,INFO,WebServer,User u2249 login successful,E101,User {user} login successful
12274,2026-01-10,20:18:44,INFO,OrderProcessor,Transaction tx767311 completed in 557ms,E104,Transaction {tx} completed in {time}ms
12275,2026-01-10,20:51:03,INFO,WebServer,Health check passed: WebServer,E102,Health check passed: {service}
12276,2026-01-10,20:52:16,INFO,WebServer,Health check passed: WebServer,E102,Health check passed: {service}
12277,2026-01-10,20:22:14,INFO,WebServer,Transaction tx185534 completed in 1078ms,E104,Transaction {tx} completed in {time}ms
12278,2026-01-10,20:40:34,INFO,WebServer,User u1793 login successful,E101,User {user} login successful
12279,2026-01-10,20:55:40,INFO,WebServer,User u2455 login successful,E101,User {user} login successful
12280,2026-01-10,20:22:03,INFO,PaymentGateway,User u3137 login successful,E101,User {user} login successful
12281,2026-01-10,20:08:51,INFO,WebServer,User u1245 login successful,E101,User {user} login successful
12282,2026-01-10,20:10:13,INFO,OrderProcessor,Transaction tx268453 completed in 1499ms,E104,Transaction {tx} completed in {time}ms
12283,2026-01-10,20:46:17,INFO,WebServer,Health check passed: WebServer,E102,Health check passed: {service}
12284,2026-01-10,20:23:14,INFO,AuthService,Health check passed: AuthService,E102,Health check passed: {service}
12285,2026-01-10,20:33:46,INFO,AuthService,Transaction tx397065 completed in 542ms,E104,Transaction {tx} completed in {time}ms
12286,2026-01-10,20:16:24,INFO,PaymentGateway,Transaction tx175166 completed in 1166ms,E104,Transaction {tx} completed in {time}ms
12287,2026-01-10,20:02:13,INFO,OrderProcessor,Health check passed: OrderProcessor,E102,Health check passed: {service}
12288,2026-01-10,20:31:14,INFO,WebServer,User u2827 login successful,E101,User {user} login successful
12289,2026-01-10,20:16:33,INFO,InventoryDB,Page view: /home by u2666,E103,Page view: {page} by {user}
12290,2026-01-10,20:00:02,INFO,OrderProcessor,Transaction tx579039 completed in 1144ms,E104,Transaction {tx} completed in {time}ms
12291,2026-01-10,20:28:31,INFO,WebServer,User u3764 login successful,E101,User {user} login successful
12292,2026-01-10,20:43:54,INFO,InventoryDB,User u4075 login successful,E101,User {user} login successful
12293,2026-01-10,20:27:51,INFO,WebServer,Transaction tx802225 completed in 900ms,E104,Transaction {tx} completed in {time}ms
12294,2026-01-10,20:35:31,INFO,AuthService,Transaction tx248932 completed in 1453ms,E104,Transaction {tx} completed in {time}ms
12295,2026-01-10,20:09:33,INFO,WebServer,User u2021 login successful,E101,User {user} login successful
12296,2026-01-10,20:31:15,INFO,WebServer,Health check passed: WebServer,E102,Health check passed: {service}
12297,2026-01-10,20:44:19,INFO,PaymentGateway,Transaction tx870510 completed in 426ms,E104,Transaction {tx} completed in {time}ms
12298,2026-01-10,20:28:54,INFO,PaymentGateway,Transaction tx968775 completed in 1205ms,E104,Transaction {tx} completed in {time}ms
12299,2026-01-10,20:34:39,INFO,WebServer,User u2202 login successful,E101,User {user} login successful
12300,2026-01-10,20:46:20,INFO,AuthService,Health check passed: AuthService,E102,Health check passed: {service}
12301,2026-01-10,20:19:28,INFO,OrderProcessor,Page view: /home by u4014,E103,Page view: {page} by {user}
12302,2026-01-10,20:20:08,INFO,WebServer,Page view: /home by u3085,E103,Page view: {page} by {user}
12303,2026-01-10,20:08:45,WARN,OrderProcessor,High latency (1987ms) detected on OrderProcessor,E201,High latency ({time}ms) detected on {service}
12304,2026-01-10,20:33:23,INFO,WebServer,User u3616 login successful,E101,User {user} login successful
12305,2026-01-10,20:31:36,INFO,WebServer,Transaction tx867161 completed in 399ms,E104,Transaction {tx} completed in {time}ms
12306,2026-01-10,20:29:21,INFO,OrderProcessor,Health check passed: OrderProcessor,E102,Health check passed: {service}
12307,2026-01-10,20:06:41,INFO,WebServer,User u1024 login successful,E101,User {user} login successful
12308,2026-01-10,20:02:19,INFO,WebServer,User u1624 login successful,E101,User {user} login successful
12309,2026-01-10,20:25:24,INFO,WebServer,Health check passed: WebServer,E102,Health check passed: {service}
12310,2026-01-10,20:58:10,WARN,AuthService,Disk usage > 85% on node node-5,E202,Disk usage > 85% on node {node}
12311,2026-01-10,20:24:35,INFO,WebServer,User u4688 login successful,E101,User {user} login successful
12312,2026-01-10,20:33:22,INFO,WebServer,Page view: /home by u2027,E103,Page view: {page} by {user}
12313,2026-01-10,20:54:25,INFO,AuthService,Health check passed: AuthService,E102,Health check passed: {service}
12314,2026-01-10,20:35:29,INFO,AuthService,Page view: /home by u1749,E103,Page view: {page} by {user}
12315,2026-01-10,20:15:14,INFO,AuthService,Page view: /home by u3796,E103,Page view: {page} by {user}
12316,2026-01-10,20:37:19,INFO,WebServer,Transaction tx264238 completed in 245ms,E104,Transaction {tx} completed in {time}ms
12317,2026-01-10,20:11:05,INFO,InventoryDB,Transaction tx299586 completed in 1510ms,E104,Transaction {tx} completed in {time}ms
12318,2026-01-10,20:56:03,INFO,AuthService,Page view: /home by u4431,E103,Page view: {page} by {user}
12319,2026-01-10,20:34:25,INFO,PaymentGateway,Page view: /home by u1881,E103,Page view: {page} by {user}
12320,2026-01-10,20:36:55,INFO,WebServer,Page view: /home by u3944,E103,Page view: {page} by {user}
12321,2026-01-10,20:36:12,INFO,OrderProcessor,Page view: /home by u3207,E103,Page view: {page} by {user}
12322,2026-01-10,20:38:04,INFO,WebServer,Health check passed: WebServer,E102,Health check passed: {service}
12323,2026-01-10,20:28:44,INFO,WebServer,Health check passed: WebServer,E102,Health check passed: {service}
12324,2026-01-10,20:59:12,INFO,OrderProcessor,User u2726 login successful,E101,User {user} login successful
12325,2026-01-10,20:24:24,INFO,AuthService,Page view: /home by u3967,E103,Page view: {page} by {user}
12326,2026-01-10,20:11:24,ERROR,WebServer,Payment declined: Gateway unavailable,E503,Payment declined: Gateway unavailable
12327,2026-01-10,20:36:28,WARN,PaymentGateway,Disk usage > 85% on node node-5,E202,Disk usage > 85% on node {node}
12328,2026-01-10,20:30:21,INFO,WebServer,Page view: /home by u4446,E103,Page view: {page} by {user}
12329,2026-01-10,20:04:15,INFO,WebServer,User u4883 login successful,E101,User {user} login successful
12330,2026-01-10,20:54:00,INFO,WebServer,Page view: /home by u1381,E103,Page view: {page} by {user}
12331,2026-01-10,20:06:29,INFO,InventoryDB,User u3168 login successful,E101,User {user} login successful
12332,2026-01-10,20:17:38,INFO,WebServer,Transaction tx423337 completed in 537ms,E104,Transaction {tx} completed in {time}ms
12333,2026-01-10,20:41:41,INFO,AuthService,Health check passed: AuthService,E102,Health check passed: {service}
12334,2026-01-10,20:23:14,INFO,OrderProcessor,Transaction tx597839 completed in 1159ms,E104,Transaction {tx} completed in {time}ms
12335,2026-01-10,20:32:17,INFO,WebServer,Page view: /home by u3104,E103,Page view: {page} by {user}
12336,2026-01-10,20:48:36,INFO,WebServer,Page view: /home by u3592,E103,Page view: {page} by {user}
12337,2026-01-10,20:31:59,INFO,WebServer,Page view: /home by u1512,E103,Page view: {page} by {user}
12338,2026-01-10,20:49:37,INFO,AuthService,User u1127 login successful,E101,User {user} login successful
12339,2026-01-10,20:03:02,INFO,AuthService,Transaction tx794542 completed in 1705ms,E104,Transaction {tx} completed in {time}ms
12340,2026-01-10,20:07:14,INFO,OrderProcessor,Transaction tx651348 completed in 287ms,E104,Transaction {tx} completed in {time}ms
12341,2026-01-10,20:16:31,INFO,WebServer,User u2188 login successful,E101,User {user} login successful
12342,2026-01-10,20:41:47,INFO,WebServer,Transaction tx365273 completed in 1915ms,E104,Transaction {tx} completed in {time}ms
12343,2026-01-10,20:39:23,INFO,WebServer,User u4529 login successful,E101,User {user} login successful
12344,2026-01-10,20:14:11,INFO,WebServer,Health check passed: WebServer,E102,Health check passed: {service}
12345,2026-01-10,20:47:56,INFO,PaymentGateway,Page view: /home by u1988,E103,Page view: {page} by {user}
12346,2026-01-10,20:45:40,INFO,WebServer,Health check passed: WebServer,E102,Health check passed: {service}
12347,2026-01-10,20:15:53,INFO,WebServer,User u1712 login successful,E101,User {user} login successful
12348,2026-01-10,20:50:07,INFO,PaymentGateway,Health check passed: PaymentGateway,E102,Health check passed: {service}
12349,2026-01-10,20:07:01,INFO,WebServer,Page view: /home by u3661,E103,Page view: {page} by {user}
12350,2026-01-10,20:18:02,INFO,OrderProcessor,Page view: /home by u1618,E103,Page view: {page} by {user}
12351,2026-01-10,20:21:32,INFO,AuthService,Transaction tx225860 completed in 727ms,E104,Transaction {tx} completed in {time}ms
12352,2026-01-10,20:41:59,INFO,WebServer,User u1344 login successful,E101,User {user} login successful
12353,2026-01-10,20:06:42,INFO,WebServer,User u1310 login successful,E101,User {user} login successful
12354,2026-01-10,20:01:02,INFO,OrderProcessor,Page view: /home by u2859,E103,Page view: {page} by {user}
12355,2026-01-10,20:30:46,INFO,WebServer,Health check passed: WebServer,E102,Health check passed: {service}
12356,2026-01-10,20:28:08,INFO,WebServer,User u3577 login successful,E101,User {user} login successful
12357,2026-01-10,20:04:44,INFO,WebServer,User u1819 login successful,E101,User {user} login successful
12358,2026-01-10,20:33:58,WARN,PaymentGateway,Disk usage > 85% on node node-4,E202,Disk usage > 85% on node {node}
12359,2026-01-10,20:07:31,INFO,WebServer,Transaction tx567773 completed in 1771ms,E104,Transaction {tx} completed in {time}ms
12360,2026-01-10,20:26:41,INFO,PaymentGateway,Page view: /home by u1793,E103,Page view: {page} by {user}
12361,2026-01-10,20:48:02,ERROR,AuthService,Timeout waiting for lock on InventoryDB,E502,Timeout waiting for lock on {db}
12362,2026-01-10,20:29:12,INFO,AuthService,User u2368 login successful,E101,User {user} login successful
12363,2026-01-10,20:04:46,INFO,OrderProcessor,Health check passed: OrderProcessor,E102,Health check passed: {service}
12364,2026-01-10,20:48:48,INFO,WebServer,Page view: /home by u3725,E103,Page view: {page} by {user}
12365,2026-01-10,20:52:02,INFO,WebServer,Transaction tx958631 completed in 1319ms,E104,Transaction {tx} completed in {time}ms
12366,2026-01-10,20:26:04,INFO,WebServer,Page view: /home by u1008,E103,Page view: {page} by {user}
12367,2026-01-10,20:12:52,WARN,WebServer,Unauthorized access attempt from 10.0.0.88,E401,Unauthorized access attempt from {ip}
12368,2026-01-10,20:48:46,INFO,WebServer,Transaction tx847183 completed in 492ms,E104,Transaction {tx} completed in {time}ms
12369,2026-01-10,20:18:29,INFO,AuthService,Page view: /home by u1217,E103,Page view: {page} by {user}
12370,2026-01-10,20:44:49,INFO,WebServer,Health check passed: WebServer,E102,Health check passed: {service}
12371,2026-01-10,20:41:57,INFO,WebServer,Page view: /home by u4266,E103,Page view: {page} by {user}
12372,2026-01-10,20:47:13,INFO,WebServer,Transaction tx825251 completed in 1211ms,E104,Transaction {tx} completed in {time}ms
12373,2026-01-10,20:35:14,INFO,OrderProcessor,User u1513 login successful,E101,User {user} login successful
12374,2026-01-10,20:26:40,INFO,WebServer,User u2425 login successful,E101,User {user} login successful
12375,2026-01-10,20:38:29,INFO,WebServer,Transaction tx481369 completed in 1715ms,E104,Transaction {tx} completed in {time}ms
12376,2026-01-10,20:36:33,INFO,WebServer,Page view: /home by u1254,E103,Page view: {page} by {user}
12377,2026-01-10,20:47:23,INFO,AuthService,Health check passed: AuthService,E102,Health check passed: {service}
12378,2026-01-10,20:46:00,WARN,AuthService,Unauthorized access attempt from 10.0.0.45,E401,Unauthorized access attempt from {ip}
12379,2026-01-10,20:17:27,INFO,WebServer,Health check passed: WebServer,E102,Health check passed: {service}
12380,2026-01-10,20:54:46,INFO,PaymentGateway,Transaction tx723834 completed in 878ms,E104,Transaction {tx} completed in {time}ms
12381,2026-01-10,20:34:49,INFO,PaymentGateway,Transaction tx224393 completed in 1703ms,E104,Transaction {tx} completed in {time}ms
12382,2026-01-10,20:47:09,INFO,WebServer,Transaction tx618653 completed in 1313ms,E104,Transaction {tx} completed in {time}ms
12383,2026-01-10,20:13:05,INFO,WebServer,Transaction tx564076 completed in 1317ms,E104,Transaction {tx} completed in {time}ms
12384,2026-01-10,20:00:27,WARN,InventoryDB,Unauthorized access attempt from 10.0.0.45,E401,Unauthorized access attempt from {ip}
12385,2026-01-10,20:14:32,INFO,WebServer,Health check passed: WebServer,E102,Health check passed: {service}
12386,2026-01-10,20:22:55,INFO,PaymentGateway,User u1886 login successful,E101,User {user} login successful
12387,2026-01-10,20:17:40,INFO,OrderProcessor,Health check passed: OrderProcessor,E102,Health check passed: {service}
12388,2026-01-10,20:14:33,INFO,WebServer,Transaction tx106094 completed in 1084ms,E104,Transaction {tx} completed in {time}ms
12389,2026-01-10,20:48:32,INFO,InventoryDB,Transaction tx680379 completed in 141ms,E104,Transaction {tx} completed in {time}ms
12390,2026-01-10,20:41:40,INFO,OrderProcessor,Page view: /home by u3309,E103,Page view: {page} by {user}
12391,2026-01-10,20:47:33,INFO,WebServer,Health check passed: WebServer,E102,Health check passed: {service}
12392,2026-01-10,20:01:05,WARN,WebServer,Disk usage > 85% on node node-5,E202,Disk usage > 85% on node {node}
12393,2026-01-10,20:48:31,WARN,OrderProcessor,Unauthorized access attempt from 10.0.0.45,E401,Unauthorized access attempt from {ip}
12394,2026-01-10,20:33:11,INFO,WebServer,Page view: /home by u4342,E103,Page view: {page} by {user}
12395,2026-01-10,20:22:33,INFO,WebServer,User u4462 login successful,E101,User {user} login successful
12396,2026-01-10,20:43:30,INFO,PaymentGateway,User u3438 login successful,E101,User {user} login successful
12397,2026-01-10,20:18:45,INFO,PaymentGateway,Health check passed: PaymentGateway,E102,Health check passed: {service}
12398,2026-01-10,20:41:07,INFO,WebServer,Page view: /home by u3851,E103,Page view: {page} by {user}
12399,2026-01-10,20:32:25,INFO,WebServer,User u3181 login successful,E101,User {user} login successful
12400,2026-01-10,20:47:13,INFO,AuthService,User u1546 login successful,E101,User {user} login successful
12401,2026-01-10,20:03:57,INFO,WebServer,Health check passed: WebServer,E102,Health check passed: {service}
12402,2026-01-10,20:27:50,INFO,WebServer,User u2479 login successful,E101,User {user} login successful
12403,2026-01-10,20:53:44,INFO,WebServer,User u2013 login successful,E101,User {user} login successful
12404,2026-01-10,20:16:22,INFO,WebServer,Health check passed: WebServer,E102,Health check passed: {service}
12405,2026-01-10,20:51:09,INFO,WebServer,Health check passed: WebServer,E102,Health check passed: {service}
12406,2026-01-10,20:08:28,INFO,WebServer,Page view: /home by u3443,E103,Page view: {page} by {user}
12407,2026-01-10,20:52:49,INFO,InventoryDB,Page view: /home by u3263,E103,Page view: {page} by {user}
12408,2026-01-10,20:13:00,INFO,WebServer,Transaction tx455053 completed in 452ms,E104,Transaction {tx} completed in {time}ms
12409,2026-01-10,20:41:06,INFO,WebServer,Health check passed: WebServer,E102,Health check passed: {service}
12410,2026-01-10,20:53:10,INFO,PaymentGateway,User u1228 login successful,E101,User {user} login successful
12411,2026-01-10,20:31:49,INFO,OrderProcessor,User u4449 login successful,E101,User {user} login successful
12412,2026-01-10,20:19:54,INFO,PaymentGateway,Health check passed: PaymentGateway,E102,Health check passed: {service}
12413,2026-01-10,20:01:37,INFO,WebServer,Page view: /home by u2123,E103,Page view: {page} by {user}
12414,2026-01-10,20:57:31,WARN,WebServer,Disk usage > 85% on node node-1,E202,Disk usage > 85% on node {node}
12415,2026-01-10,20:30:45,INFO,WebServer,User u3352 login successful,E101,User {user} login successful
12416,2026-01-10,20:33:09,INFO,WebServer,Health check passed: WebServer,E102,Health check passed: {service}
12417,2026-01-10,20:00:52,INFO,WebServer,Transaction tx626037 completed in 150ms,E104,Transaction {tx} completed in {time}ms
12418,2026-01-10,20:31:29,INFO,WebServer,Page view: /home by u3728,E103,Page view: {page} by {user}
12419,2026-01-10,20:07:59,INFO,AuthService,Transaction tx690435 completed in 698ms,E104,Transaction {tx} completed in {time}ms
12420,2026-01-10,20:52:36,INFO,WebServer,Page view: /home by u3532,E103,Page view: {page} by {user}
12421,2026-01-10,20:47:06,WARN,AuthService,High latency (1336ms) detected on AuthService,E201,High latency ({time}ms) detected on {service}
12422,2026-01-10,20:09:07,INFO,AuthService,Transaction tx279714 completed in 221ms,E104,Transaction {tx} completed in {time}ms
12423,2026-01-10,20:34:46,INFO,InventoryDB,Health check passed: InventoryDB,E102,Health check passed: {service}
12424,2026-01-10,20:28:39,INFO,AuthService,User u2137 login successful,E101,User {user} login successful
12425,2026-01-10,20:50:59,INFO,WebServer,User u3225 login successful,E101,User {user} login successful
12426,2026-01-10,20:49:16,INFO,PaymentGateway,User u2285 login successful,E101,User {user} login successful
12427,2026-01-10,20:12:58,INFO,OrderProcessor,Transaction tx228637 completed in 1973ms,E104,Transaction {tx} completed in {time}ms
12428,2026-01-10,20:44:03,WARN,OrderProcessor,Disk usage > 85% on node node-1,E202,Disk usage > 85% on node {node}
12429,2026-01-10,20:16:12,INFO,WebServer,Transaction tx994699 completed in 1804ms,E104,Transaction {tx} completed in {time}ms
12430,2026-01-10,20:35:58,INFO,WebServer,Health check passed: WebServer,E102,Health check passed: {service}
12431,2026-01-10,20:51:06,INFO,WebServer,Page view: /home by u3639,E103,Page view: {page} by {user}
12432,2026-01-10,20:08:58,INFO,PaymentGateway,Page view: /home by u4400,E103,Page view: {page} by {user}
12433,2026-01-10,20:57:46,INFO,WebServer,User u4920 login successful,E101,User {user} login successful
12434,2026-01-10,20:14:32,INFO,WebServer,Health check passed: WebServer,E102,Health check passed: {service}
12435,2026-01-10,20:13:16,INFO,WebServer,Transaction tx807870 completed in 1266ms,E104,Transaction {tx} completed in {time}ms
12436,2026-01-10,20:26:47,INFO,WebServer,User u3791 login successful,E101,User {user} login successful
12437,2026-01-10,20:10:58,INFO,WebServer,Health check passed: WebServer,E102,Health check passed: {service}
12438,2026-01-10,20:23:55,INFO,AuthService,Health check passed: AuthService,E102,Health check passed: {service}
12439,2026-01-10,20:02:37,INFO,WebServer,Health check passed: WebServer,E102,Health check passed: {service}
12440,2026-01-10,20:15:53,INFO,OrderProcessor,Transaction tx432374 completed in 404ms,E104,Transaction {tx} completed in {time}ms
12441,2026-01-10,20:49:12,INFO,OrderProcessor,User u1505 login successful,E101,User {user} login successful
12442,2026-01-10,20:08:34,INFO,AuthService,User u2842 login successful,E101,User {user} login successful
12443,2026-01-10,20:46:31,INFO,OrderProcessor,User u2800 login successful,E101,User {user} login successful
12444,2026-01-10,20:59:47,INFO,WebServer,Transaction tx205704 completed in 682ms,E104,Transaction {tx} completed in {time}ms
12445,2026-01-10,20:59:08,INFO,WebServer,User u1532 login successful,E101,User {user} login successful
12446,2026-01-10,20:22:24,INFO,WebServer,Health check passed: WebServer,E102,Health check passed: {service}
12447,2026-01-10,20:04:56,INFO,OrderProcessor,User u1714 login successful,E101,User {user} login successful
12448,2026-01-10,20:28:53,INFO,WebServer,Health check passed: WebServer,E102,Health check passed: {service}
12449,2026-01-10,20:37:19,INFO,WebServer,Health check passed: WebServer,E102,Health check passed: {service}
12450,2026-01-10,20:34:22,INFO,WebServer,User u4306 login successful,E101,User {user} login successful
12451,2026-01-10,20:53:00,INFO,AuthService,User u3279 login successful,E101,User {user} login successful
12452,2026-01-10,20:47:10,INFO,OrderProcessor,Page view: /home by u1972,E103,Page view: {page} by {user}
12453,2026-01-10,20:13:57,INFO,WebServer,Transaction tx513772 completed in 388ms,E104,Transaction {tx} completed in {time}ms
12454,2026-01-10,20:57:39,INFO,AuthService,Transaction tx273712 completed in 917ms,E104,Transaction {tx} completed in {time}ms
12455,2026-01-10,20:59:17,INFO,OrderProcessor,Health check passed: OrderProcessor,E102,Health check passed: {service}
12456,2026-01-10,20:54:23,INFO,WebServer,Transaction tx199526 completed in 1814ms,E104,Transaction {tx} completed in {time}ms
12457,2026-01-10,20:33:59,INFO,WebServer,Transaction tx347365 completed in 1178ms,E104,Transaction {tx} completed in {time}ms
12458,2026-01-10,20:57:01,INFO,WebServer,Health check passed: WebServer,E102,Health check passed: {service}
12459,2026-01-10,20:46:05,INFO,WebServer,Health check passed: WebServer,E102,Health check passed: {service}
12460,2026-01-10,20:12:33,INFO,PaymentGateway,Transaction tx990894 completed in 104ms,E104,Transaction {tx} completed in {time}ms
12461,2026-01-10,20:21:53,INFO,OrderProcessor,Page view: /home by u4647,E103,Page view: {page} by {user}
12462,2026-01-10,20:57:02,INFO,PaymentGateway,Health check passed: PaymentGateway,E102,Health check passed: {service}
12463,2026-01-10,20:32:15,INFO,WebServer,Page view: /home by u4335,E103,Page view: {page} by {user}
12464,2026-01-10,20:36:01,INFO,OrderProcessor,Health check passed: OrderProcessor,E102,Health check passed: {service}
12465,2026-01-10,20:35:23,INFO,WebServer,Page view: /home by u3377,E103,Page view: {page} by {user}
12466,2026-01-10,20:51:42,INFO,InventoryDB,Transaction tx953485 completed in 1251ms,E104,Transaction {tx} completed in {time}ms
12467,2026-01-10,20:14:51,INFO,InventoryDB,Page view: /home by u3252,E103,Page view: {page} by {user}
12468,2026-01-10,20:43:10,WARN,InventoryDB,Unauthorized access attempt from 192.168.1.5,E401,Unauthorized access attempt from {ip}
12469,2026-01-10,20:53:01,INFO,WebServer,Page view: /home by u2107,E103,Page view: {page} by {user}
12470,2026-01-10,20:35:26,INFO,OrderProcessor,Page view: /home by u2441,E103,Page view: {page} by {user}
12471,2026-01-10,20:38:41,INFO,AuthService,Transaction tx391650 completed in 144ms,E104,Transaction {tx} completed in {time}ms
12472,2026-01-10,20:10:55,INFO,WebServer,Health check passed: WebServer,E102,Health check passed: {service}
12473,2026-01-10,20:52:54,INFO,AuthService,User u1164 login successful,E101,User {user} login successful
12474,2026-01-10,20:19:32,INFO,WebServer,Transaction tx944890 completed in 920ms,E104,Transaction {tx} completed in {time}ms
12475,2026-01-10,20:02:13,INFO,WebServer,Page view: /home by u1715,E103,Page view: {page} by {user}
12476,2026-01-10,20:11:10,INFO,WebServer,Page view: /home by u2251,E103,Page view: {page} by {user}
12477,2026-01-10,20:03:58,INFO,WebServer,Transaction tx700127 completed in 443ms,E104,Transaction {tx} completed in {time}ms
12478,2026-01-10,20:05:28,INFO,WebServer,User u3375 login successful,E101,User {user} login successful
12479,2026-01-10,20:55:45,INFO,WebServer,Transaction tx178520 completed in 209ms,E104,Transaction {tx} completed in {time}ms
12480,2026-01-10,20:59:05,INFO,InventoryDB,Page view: /home by u3213,E103,Page view: {page} by {user}
12481,2026-01-10,20:09:13,INFO,OrderProcessor,User u2472 login successful,E101,User {user} login successful
12482,2026-01-10,20:15:36,INFO,WebServer,Health check passed: WebServer,E102,Health check passed: {service}
12483,2026-01-10,20:41:50,INFO,WebServer,Transaction tx447158 completed in 1764ms,E104,Transaction {tx} completed in {time}ms
12484,2026-01-10,20:44:24,INFO,PaymentGateway,Transaction tx523667 completed in 1154ms,E104,Transaction {tx} completed in {time}ms
12485,2026-01-10,20:47:59,INFO,WebServer,User u1132 login successful,E101,User {user} login successful
12486,2026-01-10,20:29:23,INFO,AuthService,Health check passed: AuthService,E102,Health check passed: {service}
12487,2026-01-10,20:55:13,INFO,WebServer,Health check passed: WebServer,E102,Health check passed: {service}
12488,2026-01-10,20:11:05,INFO,AuthService,Transaction tx665918 completed in 665ms,E104,Transaction {tx} completed in {time}ms
12489,2026-01-10,20:44:36,ERROR,WebServer,Connection refused to WebServer at 10.0.0.10,E501,Connection refused to {service} at {ip}
12490,2026-01-10,20:46:38,INFO,InventoryDB,Page view: /home by u1877,E103,Page view: {page} by {user}
12491,2026-01-10,20:32:28,WARN,AuthService,Disk usage > 85% on node node-1,E202,Disk usage > 85% on node {node}
12492,2026-01-10,20:42:40,INFO,AuthService,User u4219 login successful,E101,User {user} login successful
12493,2026-01-10,20:01:29,INFO,WebServer,Transaction tx718058 completed in 191ms,E104,Transaction {tx} completed in {time}ms
12494,2026-01-10,20:50:02,INFO,WebServer,User u2568 login successful,E101,User {user} login successful
12495,2026-01-10,20:59:36,INFO,WebServer,Health check passed: WebServer,E102,Health check passed: {service}
12496,2026-01-10,20:27:14,INFO,OrderProcessor,User u4617 login successful,E101,User {user} login successful
12497,2026-01-10,20:02:51,INFO,OrderProcessor,Page view: /home by u3268,E103,Page view: {page} by {user}
12498,2026-01-10,20:51:08,INFO,OrderProcessor,Transaction tx448262 completed in 1382ms,E104,Transaction {tx} completed in {time}ms
12499,2026-01-10,20:40:04,INFO,PaymentGateway,Page view: /home by u2887,E103,Page view: {page} by {user}
12500,2026-01-10,20:40:28,INFO,WebServer,Transaction tx537307 completed in 1137ms,E104,Transaction {tx} completed in {time}ms
12501,2026-01-10,20:39:32,INFO,AuthService,User u1184 login successful,E101,User {user} login successful
12502,2026-01-10,20:49:38,INFO,AuthService,User u2706 login successful,E101,User {user} login successful
12503,2026-01-10,20:12:18,INFO,WebServer,Transaction tx656356 completed in 236ms,E104,Transaction {tx} completed in {time}ms
12504,2026-01-10,20:27:13,INFO,AuthService,Page view: /home by u1229,E103,Page view: {page} by {user}
12505,2026-01-10,20:01:29,INFO,AuthService,Transaction tx809520 completed in 1038ms,E104,Transaction {tx} completed in {time}ms
12506,2026-01-10,20:44:07,INFO,AuthService,User u3834 login successful,E101,User {user} login successful
12507,2026-01-10,20:11:05,WARN,WebServer,High latency (1261ms) detected on WebServer,E201,High latency ({time}ms) detected on {service}
12508,2026-01-10,20:05:31,INFO,OrderProcessor,Health check passed: OrderProcessor,E102,Health check passed: {service}
12509,2026-01-10,20:47:17,INFO,OrderProcessor,User u4828 login successful,E101,User {user} login successful
12510,2026-01-10,20:43:33,INFO,WebServer,Transaction tx700017 completed in 1143ms,E104,Transaction {tx} completed in {time}ms
12511,2026-01-10,20:34:27,INFO,OrderProcessor,Health check passed: OrderProcessor,E102,Health check passed: {service}
12512,2026-01-10,20:27:33,INFO,WebServer,Health check passed: WebServer,E102,Health check passed: {service}
12513,2026-01-10,20:42:07,INFO,PaymentGateway,Transaction tx424146 completed in 111ms,E104,Transaction {tx} completed in {time}ms
12514,2026-01-10,20:44:27,INFO,WebServer,Page view: /home by u2301,E103,Page view: {page} by {user}
12515,2026-01-10,20:27:52,INFO,AuthService,Health check passed: AuthService,E102,Health check passed: {service}
12516,2026-01-10,20:17:13,INFO,AuthService,Transaction tx341425 completed in 1042ms,E104,Transaction {tx} completed in {time}ms
12517,2026-01-10,20:13:38,INFO,WebServer,Transaction tx775761 completed in 27ms,E104,Transaction {tx} completed in {time}ms
12518,2026-01-10,20:41:03,INFO,WebServer,Health check passed: WebServer,E102,Health check passed: {service}
12519,2026-01-10,20:33:12,INFO,WebServer,User u4164 login successful,E101,User {user} login successful
12520,2026-01-10,20:16:15,INFO,OrderProcessor,Page view: /home by u4718,E103,Page view: {page} by {user}
12521,2026-01-10,20:26:08,INFO,WebServer,Page view: /home by u3514,E103,Page view: {page} by {user}
12522,2026-01-10,20:01:00,INFO,PaymentGateway,Transaction tx772576 completed in 974ms,E104,Transaction {tx} completed in {time}ms
12523,2026-01-10,20:21:23,CRITICAL,AuthService,DATA CORRUPTION detected in sector 163,E602,DATA CORRUPTION detected in sector {sector}
12524,2026-01-10,20:25:14,INFO,AuthService,User u1566 login successful,E101,User {user} login successful
12525,2026-01-10,20:52:21,INFO,WebServer,User u4558 login successful,E101,User {user} login successful
12526,2026-01-10,20:42:32,INFO,PaymentGateway,Transaction tx484492 completed in 570ms,E104,Transaction {tx} completed in {time}ms
12527,2026-01-10,20:16:49,INFO,PaymentGateway,Health check passed: PaymentGateway,E102,Health check passed: {service}
12528,2026-01-10,20:29:22,INFO,WebServer,Transaction tx859250 completed in 56ms,E104,Transaction {tx} completed in {time}ms
12529,2026-01-10,20:49:19,INFO,AuthService,Health check passed: AuthService,E102,Health check passed: {service}
12530,2026-01-10,20:56:56,INFO,OrderProcessor,Page view: /home by u3199,E103,Page view: {page} by {user}
12531,2026-01-10,20:03:53,INFO,OrderProcessor,Page view: /home by u4443,E103,Page view: {page} by {user}
12532,2026-01-10,20:30:33,INFO,AuthService,Health check passed: AuthService,E102,Health check passed: {service}
12533,2026-01-10,20:41:26,INFO,WebServer,Transaction tx977255 completed in 1492ms,E104,Transaction {tx} completed in {time}ms
12534,2026-01-10,20:43:34,INFO,PaymentGateway,Health check passed: PaymentGateway,E102,Health check passed: {service}
12535,2026-01-10,20:43:38,INFO,WebServer,User u1735 login successful,E101,User {user} login successful
12536,2026-01-10,20:12:20,INFO,PaymentGateway,User u3906 login successful,E101,User {user} login successful
12537,2026-01-10,20:49:59,INFO,WebServer,Page view: /home by u3335,E103,Page view: {page} by {user}
12538,2026-01-10,20:28:45,INFO,PaymentGateway,Health check passed: PaymentGateway,E102,Health check passed: {service}
12539,2026-01-10,20:52:17,INFO,PaymentGateway,User u1084 login successful,E101,User {user} login successful
12540,2026-01-10,20:47:37,INFO,WebServer,Transaction tx605057 completed in 508ms,E104,Transaction {tx} completed in {time}ms
12541,2026-01-10,20:32:03,INFO,WebServer,User u2551 login successful,E101,User {user} login successful
12542,2026-01-10,20:56:29,WARN,WebServer,Unauthorized access attempt from 10.0.0.12,E401,Unauthorized access attempt from {ip}
12543,2026-01-10,20:40:42,INFO,WebServer,User u4062 login successful,E101,User {user} login successful
12544,2026-01-10,20:54:17,INFO,WebServer,Page view: /home by u1971,E103,Page view: {page} by {user}
12545,2026-01-10,20:41:51,INFO,PaymentGateway,User u4302 login successful,E101,User {user} login successful
12546,2026-01-10,20:49:13,INFO,WebServer,Transaction tx721931 completed in 1832ms,E104,Transaction {tx} completed in {time}ms
12547,2026-01-10,20:38:09,INFO,AuthService,Transaction tx498048 completed in 1102ms,E104,Transaction {tx} completed in {time}ms
12548,2026-01-10,20:03:18,INFO,WebServer,Health check passed: WebServer,E102,Health check passed: {service}
12549,2026-01-10,20:32:05,INFO,AuthService,Health check passed: AuthService,E102,Health check passed: {service}
12550,2026-01-10,20:18:12,INFO,PaymentGateway,Transaction tx165479 completed in 1691ms,E104,Transaction {tx} completed in {time}ms
12551,2026-01-10,20:33:28,INFO,WebServer,Health check passed: WebServer,E102,Health check passed: {service}
12552,2026-01-10,20:42:57,INFO,WebServer,User u4474 login successful,E101,User {user} login successful
12553,2026-01-10,20:48:57,INFO,WebServer,Health check passed: WebServer,E102,Health check passed: {service}
12554,2026-01-10,20:44:12,INFO,AuthService,Page view: /home by u2525,E103,Page view: {page} by {user}
12555,2026-01-10,20:28:17,INFO,AuthService,Page view: /home by u2469,E103,Page view: {page} by {user}
12556,2026-01-10,20:26:52,INFO,WebServer,Transaction tx850283 completed in 1825ms,E104,Transaction {tx} completed in {time}ms
12557,2026-01-10,20:25:03,INFO,AuthService,User u3324 login successful,E101,User {user} login successful
12558,2026-01-10,20:04:11,INFO,WebServer,Page view: /home by u3409,E103,Page view: {page} by {user}
12559,2026-01-10,20:20:45,INFO,AuthService,Transaction tx915377 completed in 1291ms,E104,Transaction {tx} completed in {time}ms
12560,2026-01-10,20:29:31,INFO,WebServer,Transaction tx818950 completed in 341ms,E104,Transaction {tx} completed in {time}ms
12561,2026-01-10,20:20:11,INFO,WebServer,Health check passed: WebServer,E102,Health check passed: {service}
12562,2026-01-10,20:14:52,INFO,AuthService,Page view: /home by u1755,E103,Page view: {page} by {user}
12563,2026-01-10,20:32:39,INFO,WebServer,Health check passed: WebServer,E102,Health check passed: {service}
12564,2026-01-10,20:18:24,INFO,WebServer,Transaction tx154903 completed in 1774ms,E104,Transaction {tx} completed in {time}ms
12565,2026-01-10,20:41:08,INFO,AuthService,User u2152 login successful,E101,User {user} login successful
12566,2026-01-10,20:37:55,INFO,WebServer,Health check passed: WebServer,E102,Health check passed: {service}
12567,2026-01-10,20:48:56,INFO,WebServer,Transaction tx504317 completed in 327ms,E104,Transaction {tx} completed in {time}ms
12568,2026-01-10,20:16:33,INFO,PaymentGateway,Transaction tx406977 completed in 1559ms,E104,Transaction {tx} completed in {time}ms
12569,2026-01-10,20:37:24,INFO,WebServer,Health check passed: WebServer,E102,Health check passed: {service}
12570,2026-01-10,20:53:57,INFO,AuthService,Health check passed: AuthService,E102,Health check passed: {service}
12571,2026-01-10,20:26:23,INFO,WebServer,Page view: /home by u4384,E103,Page view: {page} by {user}
12572,2026-01-10,20:06:18,INFO,OrderProcessor,Page view: /home by u1163,E103,Page view: {page} by {user}
12573,2026-01-10,20:27:14,INFO,WebServer,Page view: /home by u2476,E103,Page view: {page} by {user}
12574,2026-01-10,20:27:34,INFO,PaymentGateway,Page view: /home by u2047,E103,Page view: {page} by {user}
12575,2026-01-10,20:47:03,INFO,WebServer,Page view: /home by u3563,E103,Page view: {page} by {user}
12576,2026-01-10,20:42:22,INFO,WebServer,Transaction tx533851 completed in 1685ms,E104,Transaction {tx} completed in {time}ms
12577,2026-01-10,20:31:17,INFO,WebServer,Transaction tx246661 completed in 554ms,E104,Transaction {tx} completed in {time}ms
12578,2026-01-10,20:29:12,WARN,PaymentGateway,Unauthorized access attempt from 10.0.0.45,E401,Unauthorized access attempt from {ip}
12579,2026-01-10,20:55:21,INFO,InventoryDB,Transaction tx555757 completed in 632ms,E104,Transaction {tx} completed in {time}ms
12580,2026-01-10,20:48:49,INFO,WebServer,User u4411 login successful,E101,User {user} login successful
12581,2026-01-10,20:42:17,INFO,AuthService,Health check passed: AuthService,E102,Health check passed: {service}
12582,2026-01-10,20:17:21,INFO,WebServer,Health check passed: WebServer,E102,Health check passed: {service}
12583,2026-01-10,20:09:59,INFO,PaymentGateway,Page view: /home by u1006,E103,Page view: {page} by {user}
12584,2026-01-10,20:24:32,INFO,OrderProcessor,User u1728 login successful,E101,User {user} login successful
12585,2026-01-10,20:32:24,INFO,WebServer,Transaction tx269939 completed in 1206ms,E104,Transaction {tx} completed in {time}ms
12586,2026-01-10,20:28:14,INFO,InventoryDB,Transaction tx246668 completed in 1747ms,E104,Transaction {tx} completed in {time}ms
12587,2026-01-10,20:42:00,INFO,PaymentGateway,User u2117 login successful,E101,User {user} login successful
12588,2026-01-10,20:18:26,INFO,WebServer,User u4559 login successful,E101,User {user} login successful
12589,2026-01-10,20:02:57,WARN,WebServer,Unauthorized access attempt from 10.0.0.99,E401,Unauthorized access attempt from {ip}
12590,2026-01-10,20:00:24,INFO,WebServer,Health check passed: WebServer,E102,Health check passed: {service}
12591,2026-01-10,20:44:25,INFO,WebServer,Page view: /home by u1187,E103,Page view: {page} by {user}
12592,2026-01-10,20:01:31,INFO,WebServer,Transaction tx807671 completed in 328ms,E104,Transaction {tx} completed in {time}ms
12593,2026-01-10,20:05:46,INFO,WebServer,Health check passed: WebServer,E102,Health check passed: {service}
12594,2026-01-10,20:05:49,INFO,PaymentGateway,Transaction tx239157 completed in 843ms,E104,Transaction {tx} completed in {time}ms
12595,2026-01-10,20:12:09,INFO,WebServer,Transaction tx836184 completed in 301ms,E104,Transaction {tx} completed in {time}ms
12596,2026-01-10,20:44:50,INFO,WebServer,Page view: /home by u1655,E103,Page view: {page} by {user}
12597,2026-01-10,20:30:51,INFO,WebServer,Health check passed: WebServer,E102,Health check passed: {service}
12598,2026-01-10,20:55:10,INFO,WebServer,Health check passed: WebServer,E102,Health check passed: {service}
12599,2026-01-10,20:30:23,INFO,OrderProcessor,User u2810 login successful,E101,User {user} login successful
12600,2026-01-10,20:55:47,INFO,WebServer,Page view: /home by u4558,E103,Page view: {page} by {user}
12601,2026-01-10,20:47:36,INFO,WebServer,Page view: /home by u4438,E103,Page view: {page} by {user}
12602,2026-01-10,20:00:51,ERROR,WebServer,Payment declined: Gateway unavailable,E503,Payment declined: Gateway unavailable
12603,2026-01-10,20:12:43,INFO,PaymentGateway,Transaction tx846681 completed in 1066ms,E104,Transaction {tx} completed in {time}ms
12604,2026-01-10,20:38:23,INFO,WebServer,Transaction tx952163 completed in 179ms,E104,Transaction {tx} completed in {time}ms
12605,2026-01-10,20:30:46,INFO,AuthService,Health check passed: AuthService,E102,Health check passed: {service}
12606,2026-01-10,20:26:37,INFO,InventoryDB,Transaction tx766969 completed in 1197ms,E104,Transaction {tx} completed in {time}ms
12607,2026-01-10,20:03:42,INFO,AuthService,User u1149 login successful,E101,User {user} login successful
12608,2026-01-10,20:30:06,INFO,OrderProcessor,Health check passed: OrderProcessor,E102,Health check passed: {service}
12609,2026-01-10,20:45:54,INFO,WebServer,Transaction tx748529 completed in 1724ms,E104,Transaction {tx} completed in {time}ms
12610,2026-01-10,20:47:41,INFO,OrderProcessor,User u3640 login successful,E101,User {user} login successful
12611,2026-01-10,20:53:09,CRITICAL,WebServer,DATA CORRUPTION detected in sector 847,E602,DATA CORRUPTION detected in sector {sector}
12612,2026-01-10,20:54:20,INFO,WebServer,Health check passed: WebServer,E102,Health check passed: {service}
12613,2026-01-10,20:02:15,INFO,AuthService,Page view: /home by u1463,E103,Page view: {page} by {user}
12614,2026-01-10,20:17:50,WARN,WebServer,Unauthorized access attempt from 10.0.0.99,E401,Unauthorized access attempt from {ip}
12615,2026-01-10,20:52:44,INFO,InventoryDB,User u2259 login successful,E101,User {user} login successful
12616,2026-01-10,20:20:04,INFO,WebServer,Health check passed: WebServer,E102,Health check passed: {service}
12617,2026-01-10,20:46:21,INFO,WebServer,Page view: /home by u1886,E103,Page view: {page} by {user}
12618,2026-01-10,20:39:30,INFO,WebServer,Health check passed: WebServer,E102,Health check passed: {service}
12619,2026-01-10,20:29:21,INFO,AuthService,Health check passed: AuthService,E102,Health check passed: {service}
12620,2026-01-10,20:39:46,INFO,WebServer,Transaction tx331211 completed in 500ms,E104,Transaction {tx} completed in {time}ms
12621,2026-01-10,20:53:45,INFO,WebServer,User u3998 login successful,E101,User {user} login successful
12622,2026-01-10,20:23:11,INFO,WebServer,Health check passed: WebServer,E102,Health check passed: {service}
12623,2026-01-10,20:36:06,INFO,WebServer,User u2238 login successful,E101,User {user} login successful
12624,2026-01-10,20:10:04,INFO,WebServer,Transaction tx165378 completed in 197ms,E104,Transaction {tx} completed in {time}ms
12625,2026-01-10,20:48:15,INFO,InventoryDB,Health check passed: InventoryDB,E102,Health check passed: {service}
12626,2026-01-10,20:52:16,INFO,OrderProcessor,Page view: /home by u4568,E103,Page view: {page} by {user}
12627,2026-01-10,20:36:22,INFO,OrderProcessor,Transaction tx797689 completed in 853ms,E104,Transaction {tx} completed in {time}ms
12628,2026-01-10,20:58:00,INFO,WebServer,User u3483 login successful,E101,User {user} login successful
12629,2026-01-10,20:29:29,INFO,OrderProcessor,User u1864 login successful,E101,User {user} login successful
12630,2026-01-10,20:39:42,INFO,PaymentGateway,Transaction tx527307 completed in 347ms,E104,Transaction {tx} completed in {time}ms
12631,2026-01-10,20:46:25,INFO,OrderProcessor,Health check passed: OrderProcessor,E102,Health check passed: {service}
12632,2026-01-10,20:00:00,INFO,WebServer,Health check passed: WebServer,E102,Health check passed: {service}
12633,2026-01-10,20:06:59,INFO,OrderProcessor,Page view: /home by u4140,E103,Page view: {page} by {user}
12634,2026-01-10,20:19:38,INFO,WebServer,User u4978 login successful,E101,User {user} login successful
12635,2026-01-10,20:37:00,WARN,WebServer,Unauthorized access attempt from 10.0.0.88,E401,Unauthorized access attempt from {ip}
12636,2026-01-10,20:29:37,INFO,WebServer,Page view: /home by u3171,E103,Page view: {page} by {user}
12637,2026-01-10,20:35:35,INFO,WebServer,Transaction tx798116 completed in 332ms,E104,Transaction {tx} completed in {time}ms
12638,2026-01-10,20:52:16,ERROR,AuthService,Connection refused to AuthService at 10.0.0.88,E501,Connection refused to {service} at {ip}
12639,2026-01-10,20:33:50,INFO,AuthService,Health check passed: AuthService,E102,Health check passed: {service}
12640,2026-01-10,20:38:08,INFO,OrderProcessor,Page view: /home by u4005,E103,Page view: {page} by {user}
12641,2026-01-10,20:33:04,INFO,AuthService,Health check passed: AuthService,E102,Health check passed: {service}
12642,2026-01-10,20:03:21,INFO,WebServer,Health check passed: WebServer,E102,Health check passed: {service}
12643,2026-01-10,20:53:03,INFO,OrderProcessor,User u1462 login successful,E101,User {user} login successful
12644,2026-01-10,20:07:29,INFO,AuthService,Page view: /home by u4854,E103,Page view: {page} by {user}
12645,2026-01-10,20:44:00,INFO,OrderProcessor,Transaction tx748988 completed in 257ms,E104,Transaction {tx} completed in {time}ms
12646,2026-01-10,20:48:47,INFO,PaymentGateway,User u4597 login successful,E101,User {user} login successful
12647,2026-01-10,20:25:57,INFO,AuthService,Health check passed: AuthService,E102,Health check passed: {service}
12648,2026-01-10,20:55:53,INFO,WebServer,User u2734 login successful,E101,User {user} login successful
12649,2026-01-10,20:16:44,INFO,OrderProcessor,Page view: /home by u4113,E103,Page view: {page} by {user}
12650,2026-01-10,20:10:54,INFO,WebServer,Page view: /home by u4674,E103,Page view: {page} by {user}
12651,2026-01-10,20:19:33,INFO,AuthService,Health check passed: AuthService,E102,Health check passed: {service}
12652,2026-01-10,20:30:30,INFO,PaymentGateway,Transaction tx535649 completed in 791ms,E104,Transaction {tx} completed in {time}ms
12653,2026-01-10,20:05:32,INFO,OrderProcessor,User u3670 login successful,E101,User {user} login successful
12654,2026-01-10,20:50:55,INFO,OrderProcessor,User u3372 login successful,E101,User {user} login successful
12655,2026-01-10,20:25:11,INFO,WebServer,Health check passed: WebServer,E102,Health check passed: {service}
12656,2026-01-10,20:57:25,INFO,PaymentGateway,Page view: /home by u4657,E103,Page view: {page} by {user}
12657,2026-01-10,20:17:35,INFO,WebServer,User u4050 login successful,E101,User {user} login successful
12658,2026-01-10,20:44:01,INFO,PaymentGateway,Health check passed: PaymentGateway,E102,Health check passed: {service}
12659,2026-01-10,20:12:33,INFO,AuthService,Health check passed: AuthService,E102,Health check passed: {service}
12660,2026-01-10,20:09:03,INFO,WebServer,Transaction tx761430 completed in 1710ms,E104,Transaction {tx} completed in {time}ms
12661,2026-01-10,20:12:17,INFO,WebServer,Page view: /home by u3377,E103,Page view: {page} by {user}
12662,2026-01-10,20:09:14,INFO,WebServer,Transaction tx463488 completed in 1442ms,E104,Transaction {tx} completed in {time}ms
12663,2026-01-10,20:32:21,INFO,WebServer,Page view: /home by u1762,E103,Page view: {page} by {user}
12664,2026-01-10,20:34:36,INFO,WebServer,Health check passed: WebServer,E102,Health check passed: {service}
12665,2026-01-10,20:22:43,INFO,WebServer,Page view: /home by u2590,E103,Page view: {page} by {user}
12666,2026-01-10,20:06:21,INFO,OrderProcessor,Health check passed: OrderProcessor,E102,Health check passed: {service}
12667,2026-01-10,20:27:00,INFO,PaymentGateway,Transaction tx443586 completed in 1862ms,E104,Transaction {tx} completed in {time}ms
12668,2026-01-10,20:54:11,INFO,AuthService,Health check passed: AuthService,E102,Health check passed: {service}
12669,2026-01-10,20:14:30,INFO,WebServer,User u4236 login successful,E101,User {user} login successful
12670,2026-01-10,20:14:10,INFO,WebServer,Transaction tx960701 completed in 564ms,E104,Transaction {tx} completed in {time}ms
12671,2026-01-10,20:35:04,INFO,OrderProcessor,Health check passed: OrderProcessor,E102,Health check passed: {service}
12672,2026-01-10,20:44:51,INFO,PaymentGateway,Health check passed: PaymentGateway,E102,Health check passed: {service}
12673,2026-01-10,20:01:30,INFO,AuthService,User u1119 login successful,E101,User {user} login successful
12674,2026-01-10,20:41:32,INFO,OrderProcessor,Health check passed: OrderProcessor,E102,Health check passed: {service}
12675,2026-01-10,20:22:27,INFO,WebServer,Transaction tx284778 completed in 1444ms,E104,Transaction {tx} completed in {time}ms
12676,2026-01-10,20:45:52,INFO,WebServer,Page view: /home by u4871,E103,Page view: {page} by {user}
12677,2026-01-10,20:23:55,INFO,PaymentGateway,Health check passed: PaymentGateway,E102,Health check passed: {service}
12678,2026-01-10,20:32:19,INFO,WebServer,Health check passed: WebServer,E102,Health check passed: {service}
12679,2026-01-10,20:57:19,WARN,WebServer,Unauthorized access attempt from 10.0.0.45,E401,Unauthorized access attempt from {ip}
12680,2026-01-10,20:21:38,INFO,WebServer,Health check passed: WebServer,E102,Health check passed: {service}
12681,2026-01-10,20:37:53,INFO,AuthService,Transaction tx132361 completed in 1949ms,E104,Transaction {tx} completed in {time}ms
12682,2026-01-10,20:50:21,INFO,WebServer,User u4498 login successful,E101,User {user} login successful
12683,2026-01-10,20:52:47,INFO,OrderProcessor,Health check passed: OrderProcessor,E102,Health check passed: {service}
12684,2026-01-10,20:10:59,INFO,WebServer,User u3333 login successful,E101,User {user} login successful
12685,2026-01-10,20:34:22,INFO,OrderProcessor,Health check passed: OrderProcessor,E102,Health check passed: {service}
12686,2026-01-10,20:25:36,INFO,WebServer,Page view: /home by u1387,E103,Page view: {page} by {user}
12687,2026-01-10,20:53:03,WARN,OrderProcessor,High latency (682ms) detected on OrderProcessor,E201,High latency ({time}ms) detected on {service}
12688,2026-01-10,20:41:43,INFO,WebServer,User u2610 login successful,E101,User {user} login successful
12689,2026-01-10,20:33:43,WARN,AuthService,High latency (1014ms) detected on AuthService,E201,High latency ({time}ms) detected on {service}
12690,2026-01-10,20:48:07,INFO,WebServer,Health check passed: WebServer,E102,Health check passed: {service}
12691,2026-01-10,20:06:18,INFO,WebServer,Page view: /home by u2121,E103,Page view: {page} by {user}
12692,2026-01-10,20:55:57,INFO,AuthService,Page view: /home by u4513,E103,Page view: {page} by {user}
12693,2026-01-10,20:41:26,INFO,WebServer,User u1322 login successful,E101,User {user} login successful
12694,2026-01-10,20:47:03,INFO,AuthService,Transaction tx654428 completed in 1871ms,E104,Transaction {tx} completed in {time}ms
12695,2026-01-10,20:51:59,INFO,WebServer,Page view: /home by u1198,E103,Page view: {page} by {user}
12696,2026-01-10,20:55:25,INFO,WebServer,Transaction tx155787 completed in 1448ms,E104,Transaction {tx} completed in {time}ms
12697,2026-01-10,20:09:38,INFO,PaymentGateway,Transaction tx990127 completed in 729ms,E104,Transaction {tx} completed in {time}ms
12698,2026-01-10,20:37:04,INFO,AuthService,Transaction tx504093 completed in 1207ms,E104,Transaction {tx} completed in {time}ms
12699,2026-01-10,20:48:35,INFO,WebServer,Page view: /home by u1803,E103,Page view: {page} by {user}
12700,2026-01-10,20:10:16,INFO,PaymentGateway,Transaction tx431606 completed in 1322ms,E104,Transaction {tx} completed in {time}ms
12701,2026-01-10,20:00:27,INFO,WebServer,Page view: /home by u4894,E103,Page view: {page} by {user}
12702,2026-01-10,20:29:11,INFO,WebServer,Page view: /home by u1290,E103,Page view: {page} by {user}
12703,2026-01-10,20:37:59,WARN,PaymentGateway,High latency (606ms) detected on PaymentGateway,E201,High latency ({time}ms) detected on {service}
12704,2026-01-10,20:49:30,INFO,WebServer,Transaction tx234035 completed in 93ms,E104,Transaction {tx} completed in {time}ms
12705,2026-01-10,20:06:59,WARN,WebServer,High latency (75ms) detected on WebServer,E201,High latency ({time}ms) detected on {service}
12706,2026-01-10,20:48:45,INFO,AuthService,Health check passed: AuthService,E102,Health check passed: {service}
12707,2026-01-10,20:49:54,INFO,OrderProcessor,Page view: /home by u4489,E103,Page view: {page} by {user}
12708,2026-01-10,20:16:16,INFO,InventoryDB,Health check passed: InventoryDB,E102,Health check passed: {service}
12709,2026-01-10,20:19:53,WARN,WebServer,High latency (83ms) detected on WebServer,E201,High latency ({time}ms) detected on {service}
12710,2026-01-10,20:01:04,INFO,WebServer,Health check passed: WebServer,E102,Health check passed: {service}
12711,2026-01-10,20:35:50,INFO,AuthService,Page view: /home by u4107,E103,Page view: {page} by {user}
12712,2026-01-10,20:07:51,INFO,WebServer,Health check passed: WebServer,E102,Health check passed: {service}
12713,2026-01-10,20:41:13,INFO,WebServer,Page view: /home by u2634,E103,Page view: {page} by {user}
12714,2026-01-10,20:10:21,INFO,WebServer,Page view: /home by u3888,E103,Page view: {page} by {user}
12715,2026-01-10,20:46:43,INFO,OrderProcessor,Health check passed: OrderProcessor,E102,Health check passed: {service}
12716,2026-01-10,20:28:54,INFO,PaymentGateway,User u4902 login successful,E101,User {user} login successful
12717,2026-01-10,20:06:01,INFO,AuthService,Page view: /home by u4466,E103,Page view: {page} by {user}
12718,2026-01-10,20:03:48,INFO,AuthService,Transaction tx604270 completed in 1047ms,E104,Transaction {tx} completed in {time}ms
12719,2026-01-10,20:03:45,WARN,WebServer,High latency (969ms) detected on WebServer,E201,High latency ({time}ms) detected on {service}
12720,2026-01-10,20:38:39,WARN,AuthService,Unauthorized access attempt from 10.0.0.45,E401,Unauthorized access attempt from {ip}
12721,2026-01-10,20:55:27,INFO,WebServer,User u1868 login successful,E101,User {user} login successful
12722,2026-01-10,20:27:37,INFO,AuthService,Health check passed: AuthService,E102,Health check passed: {service}
12723,2026-01-10,20:38:33,INFO,WebServer,Health check passed: WebServer,E102,Health check passed: {service}
12724,2026-01-10,20:25:31,INFO,PaymentGateway,Transaction tx220749 completed in 1444ms,E104,Transaction {tx} completed in {time}ms
12725,2026-01-10,20:43:17,INFO,WebServer,Page view: /home by u1341,E103,Page view: {page} by {user}
12726,2026-01-10,20:15:09,ERROR,AuthService,Timeout waiting for lock on InventoryDB,E502,Timeout waiting for lock on {db}
12727,2026-01-10,20:22:52,INFO,WebServer,Page view: /home by u3933,E103,Page view: {page} by {user}
12728,2026-01-10,20:02:16,INFO,WebServer,Page view: /home by u3786,E103,Page view: {page} by {user}
12729,2026-01-10,20:04:05,INFO,WebServer,Health check passed: WebServer,E102,Health check passed: {service}
12730,2026-01-10,20:32:59,INFO,WebServer,Transaction tx894858 completed in 1378ms,E104,Transaction {tx} completed in {time}ms
12731,2026-01-10,20:39:16,INFO,OrderProcessor,User u3859 login successful,E101,User {user} login successful
12732,2026-01-10,20:22:06,INFO,PaymentGateway,Transaction tx318398 completed in 1791ms,E104,Transaction {tx} completed in {time}ms
12733,2026-01-10,20:17:16,INFO,WebServer,Page view: /home by u2186,E103,Page view: {page} by {user}
12734,2026-01-10,20:40:48,INFO,WebServer,Page view: /home by u4592,E103,Page view: {page} by {user}
12735,2026-01-10,20:54:05,WARN,WebServer,Unauthorized access attempt from 192.168.1.5,E401,Unauthorized access attempt from {ip}
12736,2026-01-10,20:09:34,INFO,WebServer,Health check passed: WebServer,E102,Health check passed: {service}
12737,2026-01-10,20:43:20,INFO,AuthService,Health check passed: AuthService,E102,Health check passed: {service}
12738,2026-01-10,20:07:24,INFO,AuthService,User u3576 login successful,E101,User {user} login successful
12739,2026-01-10,20:19:06,WARN,InventoryDB,High latency (332ms) detected on InventoryDB,E201,High latency ({time}ms) detected on {service}
12740,2026-01-10,20:21:36,INFO,OrderProcessor,Transaction tx924773 completed in 1204ms,E104,Transaction {tx} completed in {time}ms
12741,2026-01-10,20:53:29,INFO,OrderProcessor,Transaction tx283076 completed in 1419ms,E104,Transaction {tx} completed in {time}ms
12742,2026-01-10,20:54:24,INFO,WebServer,Page view: /home by u3341,E103,Page view: {page} by {user}
12743,2026-01-10,20:49:41,INFO,InventoryDB,Transaction tx732145 completed in 1450ms,E104,Transaction {tx} completed in {time}ms
12744,2026-01-10,20:06:26,INFO,PaymentGateway,Transaction tx103296 completed in 1898ms,E104,Transaction {tx} completed in {time}ms
12745,2026-01-10,20:37:17,INFO,AuthService,Page view: /home by u4519,E103,Page view: {page} by {user}
12746,2026-01-10,20:56:00,INFO,WebServer,Transaction tx646127 completed in 493ms,E104,Transaction {tx} completed in {time}ms
12747,2026-01-10,20:37:28,INFO,WebServer,Transaction tx938062 completed in 1442ms,E104,Transaction {tx} completed in {time}ms
12748,2026-01-10,20:43:53,INFO,AuthService,Health check passed: AuthService,E102,Health check passed: {service}
12749,2026-01-10,20:41:25,ERROR,WebServer,Timeout waiting for lock on InventoryDB,E502,Timeout waiting for lock on {db}
12750,2026-01-10,20:03:58,INFO,OrderProcessor,Transaction tx287141 completed in 1640ms,E104,Transaction {tx} completed in {time}ms
12751,2026-01-10,20:20:08,INFO,WebServer,Health check passed: WebServer,E102,Health check passed: {service}
12752,2026-01-10,20:43:23,INFO,WebServer,Transaction tx155912 completed in 1618ms,E104,Transaction {tx} completed in {time}ms
12753,2026-01-10,20:04:54,INFO,WebServer,Transaction tx671740 completed in 828ms,E104,Transaction {tx} completed in {time}ms
12754,2026-01-10,20:13:57,INFO,AuthService,Health check passed: AuthService,E102,Health check passed: {service}
12755,2026-01-10,20:05:52,INFO,InventoryDB,User u3026 login successful,E101,User {user} login successful
12756,2026-01-10,20:50:15,INFO,WebServer,Health check passed: WebServer,E102,Health check passed: {service}
12757,2026-01-10,20:07:31,ERROR,OrderProcessor,Payment declined: Gateway unavailable,E503,Payment declined: Gateway unavailable
12758,2026-01-10,20:56:31,INFO,WebServer,Health check passed: WebServer,E102,Health check passed: {service}
12759,2026-01-10,20:51:49,INFO,WebServer,Transaction tx253833 completed in 1809ms,E104,Transaction {tx} completed in {time}ms
12760,2026-01-10,20:55:10,INFO,WebServer,Page view: /home by u1132,E103,Page view: {page} by {user}
12761,2026-01-10,20:24:01,INFO,WebServer,Health check passed: WebServer,E102,Health check passed: {service}
12762,2026-01-10,20:43:15,INFO,WebServer,Page view: /home by u3940,E103,Page view: {page} by {user}
12763,2026-01-10,20:02:31,INFO,OrderProcessor,Page view: /home by u1265,E103,Page view: {page} by {user}
12764,2026-01-10,20:01:44,INFO,WebServer,User u4485 login successful,E101,User {user} login successful
12765,2026-01-10,20:12:23,INFO,InventoryDB,Transaction tx206744 completed in 826ms,E104,Transaction {tx} completed in {time}ms
12766,2026-01-10,20:15:52,INFO,InventoryDB,User u1553 login successful,E101,User {user} login successful
12767,2026-01-10,20:08:00,INFO,AuthService,Page view: /home by u4298,E103,Page view: {page} by {user}
12768,2026-01-10,20:08:11,INFO,OrderProcessor,Transaction tx132480 completed in 1652ms,E104,Transaction {tx} completed in {time}ms
12769,2026-01-10,20:51:43,INFO,OrderProcessor,Health check passed: OrderProcessor,E102,Health check passed: {service}
12770,2026-01-10,20:27:10,INFO,PaymentGateway,Transaction tx821562 completed in 858ms,E104,Transaction {tx} completed in {time}ms
12771,2026-01-10,20:58:30,INFO,AuthService,Page view: /home by u1321,E103,Page view: {page} by {user}
12772,2026-01-10,20:51:44,INFO,WebServer,Transaction tx671691 completed in 412ms,E104,Transaction {tx} completed in {time}ms
12773,2026-01-10,20:54:10,INFO,AuthService,Transaction tx659433 completed in 316ms,E104,Transaction {tx} completed in {time}ms
12774,2026-01-10,20:08:28,WARN,AuthService,Unauthorized access attempt from 10.0.0.45,E401,Unauthorized access attempt from {ip}
12775,2026-01-10,20:14:16,INFO,WebServer,Page view: /home by u1347,E103,Page view: {page} by {user}
12776,2026-01-10,20:15:48,INFO,AuthService,User u1330 login successful,E101,User {user} login successful
12777,2026-01-10,20:21:57,WARN,WebServer,High latency (467ms) detected on WebServer,E201,High latency ({time}ms) detected on {service}
12778,2026-01-10,20:55:44,INFO,AuthService,Page view: /home by u1611,E103,Page view: {page} by {user}
12779,2026-01-10,20:41:33,WARN,AuthService,High latency (575ms) detected on AuthService,E201,High latency ({time}ms) detected on {service}
12780,2026-01-10,20:24:58,INFO,OrderProcessor,Transaction tx468457 completed in 619ms,E104,Transaction {tx} completed in {time}ms
12781,2026-01-10,20:39:19,INFO,WebServer,Transaction tx306227 completed in 1001ms,E104,Transaction {tx} completed in {time}ms
12782,2026-01-10,20:28:29,INFO,WebServer,User u1332 login successful,E101,User {user} login successful
12783,2026-01-10,20:50:30,INFO,WebServer,Transaction tx975059 completed in 809ms,E104,Transaction {tx} completed in {time}ms
12784,2026-01-10,20:14:48,INFO,AuthService,Health check passed: AuthService,E102,Health check passed: {service}
12785,2026-01-10,20:32:08,INFO,WebServer,User u3101 login successful,E101,User {user} login successful
12786,2026-01-10,20:59:40,INFO,WebServer,User u3589 login successful,E101,User {user} login successful
12787,2026-01-10,20:26:40,INFO,PaymentGateway,User u2621 login successful,E101,User {user} login successful
12788,2026-01-10,20:55:56,INFO,WebServer,User u3241 login successful,E101,User {user} login successful
12789,2026-01-10,20:34:11,INFO,WebServer,Page view: /home by u2119,E103,Page view: {page} by {user}
12790,2026-01-10,20:50:32,ERROR,WebServer,Payment declined: Gateway unavailable,E503,Payment declined: Gateway unavailable
12791,2026-01-10,20:05:15,INFO,WebServer,Health check passed: WebServer,E102,Health check passed: {service}
12792,2026-01-10,20:33:34,INFO,WebServer,Transaction tx863967 completed in 1689ms,E104,Transaction {tx} completed in {time}ms
12793,2026-01-10,20:09:17,INFO,WebServer,Transaction tx726433 completed in 1187ms,E104,Transaction {tx} completed in {time}ms
12794,2026-01-10,20:41:07,INFO,OrderProcessor,Transaction tx886138 completed in 1512ms,E104,Transaction {tx} completed in {time}ms
12795,2026-01-10,20:06:34,INFO,WebServer,Transaction tx850675 completed in 435ms,E104,Transaction {tx} completed in {time}ms
12796,2026-01-10,20:21:21,INFO,WebServer,User u3018 login successful,E101,User {user} login successful
12797,2026-01-10,20:08:40,INFO,WebServer,Transaction tx553764 completed in 378ms,E104,Transaction {tx} completed in {time}ms
12798,2026-01-10,20:10:27,INFO,AuthService,Health check passed: AuthService,E102,Health check passed: {service}
12799,2026-01-10,20:42:46,INFO,WebServer,Transaction tx602829 completed in 518ms,E104,Transaction {tx} completed in {time}ms
12800,2026-01-10,20:05:07,INFO,OrderProcessor,Health check passed: OrderProcessor,E102,Health check passed: {service}
12801,2026-01-10,20:08:37,INFO,WebServer,User u2157 login successful,E101,User {user} login successful
12802,2026-01-10,20:55:28,INFO,WebServer,User u3402 login successful,E101,User {user} login successful
12803,2026-01-10,20:09:08,INFO,OrderProcessor,User u4578 login successful,E101,User {user} login successful
12804,2026-01-10,20:41:38,INFO,OrderProcessor,Transaction tx862188 completed in 1664ms,E104,Transaction {tx} completed in {time}ms
12805,2026-01-10,20:59:11,INFO,WebServer,User u3156 login successful,E101,User {user} login successful
12806,2026-01-10,20:58:45,INFO,OrderProcessor,Transaction tx647809 completed in 856ms,E104,Transaction {tx} completed in {time}ms
12807,2026-01-10,20:19:36,INFO,AuthService,Health check passed: AuthService,E102,Health check passed: {service}
12808,2026-01-10,20:36:27,INFO,AuthService,Transaction tx560096 completed in 1826ms,E104,Transaction {tx} completed in {time}ms
12809,2026-01-10,20:38:45,INFO,WebServer,User u3340 login successful,E101,User {user} login successful
12810,2026-01-10,20:22:53,INFO,WebServer,Health check passed: WebServer,E102,Health check passed: {service}
12811,2026-01-10,20:22:27,INFO,InventoryDB,Transaction tx990324 completed in 1005ms,E104,Transaction {tx} completed in {time}ms
12812,2026-01-10,20:23:04,INFO,WebServer,Health check passed: WebServer,E102,Health check passed: {service}
12813,2026-01-10,20:56:31,WARN,WebServer,Unauthorized access attempt from 10.0.0.99,E401,Unauthorized access attempt from {ip}
12814,2026-01-10,20:07:49,INFO,PaymentGateway,Transaction tx979119 completed in 1862ms,E104,Transaction {tx} completed in {time}ms
12815,2026-01-10,20:08:05,INFO,WebServer,User u3456 login successful,E101,User {user} login successful
12816,2026-01-10,20:00:58,INFO,AuthService,Transaction tx131404 completed in 973ms,E104,Transaction {tx} completed in {time}ms
12817,2026-01-10,20:38:43,INFO,WebServer,Health check passed: WebServer,E102,Health check passed: {service}
12818,2026-01-10,20:48:02,INFO,WebServer,User u3110 login successful,E101,User {user} login successful
12819,2026-01-10,20:38:11,INFO,WebServer,Health check passed: WebServer,E102,Health check passed: {service}
12820,2026-01-10,20:35:35,INFO,WebServer,Transaction tx415245 completed in 180ms,E104,Transaction {tx} completed in {time}ms
12821,2026-01-10,20:56:58,INFO,PaymentGateway,Health check passed: PaymentGateway,E102,Health check passed: {service}
12822,2026-01-10,20:19:46,INFO,AuthService,Transaction tx985912 completed in 1883ms,E104,Transaction {tx} completed in {time}ms
12823,2026-01-10,20:20:25,ERROR,PaymentGateway,Timeout waiting for lock on InventoryDB,E502,Timeout waiting for lock on {db}
12824,2026-01-10,20:56:52,INFO,PaymentGateway,Health check passed: PaymentGateway,E102,Health check passed: {service}
12825,2026-01-10,20:58:42,INFO,PaymentGateway,User u3143 login successful,E101,User {user} login successful
12826,2026-01-10,20:48:31,INFO,AuthService,User u4613 login successful,E101,User {user} login successful
12827,2026-01-10,20:13:10,INFO,WebServer,User u3826 login successful,E101,User {user} login successful
12828,2026-01-10,20:52:52,INFO,WebServer,Transaction tx402307 completed in 872ms,E104,Transaction {tx} completed in {time}ms
12829,2026-01-10,20:21:47,INFO,OrderProcessor,User u4483 login successful,E101,User {user} login successful
12830,2026-01-10,20:23:53,INFO,WebServer,User u2509 login successful,E101,User {user} login successful
12831,2026-01-10,20:23:54,INFO,OrderProcessor,User u4753 login successful,E101,User {user} login successful
12832,2026-01-10,20:41:41,INFO,WebServer,Health check passed: WebServer,E102,Health check passed: {service}
12833,2026-01-10,20:51:51,INFO,WebServer,Page view: /home by u4049,E103,Page view: {page} by {user}
12834,2026-01-10,20:36:21,INFO,WebServer,Page view: /home by u2189,E103,Page view: {page} by {user}
12835,2026-01-10,20:08:38,INFO,PaymentGateway,User u4357 login successful,E101,User {user} login successful
12836,2026-01-10,20:28:53,INFO,WebServer,User u2390 login successful,E101,User {user} login successful
12837,2026-01-10,20:16:03,INFO,OrderProcessor,Transaction tx895784 completed in 1525ms,E104,Transaction {tx} completed in {time}ms
12838,2026-01-10,20:48:10,INFO,WebServer,Page view: /home by u2007,E103,Page view: {page} by {user}
12839,2026-01-10,20:34:18,INFO,AuthService,User u4388 login successful,E101,User {user} login successful
12840,2026-01-10,20:53:06,INFO,WebServer,Page view: /home by u3320,E103,Page view: {page} by {user}
12841,2026-01-10,20:50:10,ERROR,WebServer,Connection refused to WebServer at 10.0.0.12,E501,Connection refused to {service} at {ip}
12842,2026-01-10,20:01:43,INFO,WebServer,User u2999 login successful,E101,User {user} login successful
12843,2026-01-10,20:49:22,INFO,AuthService,Health check passed: AuthService,E102,Health check passed: {service}
12844,2026-01-10,20:44:47,INFO,WebServer,Page view: /home by u1880,E103,Page view: {page} by {user}
12845,2026-01-10,20:02:27,INFO,WebServer,Transaction tx584573 completed in 1958ms,E104,Transaction {tx} completed in {time}ms
12846,2026-01-10,20:53:25,INFO,PaymentGateway,User u1106 login successful,E101,User {user} login successful
12847,2026-01-10,20:26:01,INFO,WebServer,Page view: /home by u2885,E103,Page view: {page} by {user}
12848,2026-01-10,20:42:23,INFO,PaymentGateway,Transaction tx623758 completed in 713ms,E104,Transaction {tx} completed in {time}ms
12849,2026-01-10,20:15:18,INFO,WebServer,Transaction tx343321 completed in 1899ms,E104,Transaction {tx} completed in {time}ms
12850,2026-01-10,21:41:14,INFO,OrderProcessor,User u2320 login successful,E101,User {user} login successful
12851,2026-01-10,21:16:56,INFO,OrderProcessor,User u3875 login successful,E101,User {user} login successful
12852,2026-01-10,21:13:50,INFO,PaymentGateway,Page view: /home by u3717,E103,Page view: {page} by {user}
12853,2026-01-10,21:34:09,INFO,AuthService,Page view: /home by u2424,E103,Page view: {page} by {user}
12854,2026-01-10,21:43:32,INFO,OrderProcessor,User u4688 login successful,E101,User {user} login successful
12855,2026-01-10,21:19:38,INFO,WebServer,User u1313 login successful,E101,User {user} login successful
12856,2026-01-10,21:38:26,INFO,WebServer,Health check passed: WebServer,E102,Health check passed: {service}
12857,2026-01-10,21:58:22,WARN,AuthService,Unauthorized access attempt from 10.0.0.45,E401,Unauthorized access attempt from {ip}
12858,2026-01-10,21:19:15,INFO,AuthService,Page view: /home by u2148,E103,Page view: {page} by {user}
12859,2026-01-10,21:01:08,INFO,OrderProcessor,Transaction tx185875 completed in 1891ms,E104,Transaction {tx} completed in {time}ms
12860,2026-01-10,21:10:19,INFO,OrderProcessor,Transaction tx927771 completed in 1194ms,E104,Transaction {tx} completed in {time}ms
12861,2026-01-10,21:04:17,INFO,AuthService,User u1972 login successful,E101,User {user} login successful
12862,2026-01-10,21:05:59,INFO,PaymentGateway,User u4505 login successful,E101,User {user} login successful
12863,2026-01-10,21:02:53,INFO,AuthService,Page view: /home by u2445,E103,Page view: {page} by {user}
12864,2026-01-10,21:03:54,INFO,WebServer,Page view: /home by u2733,E103,Page view: {page} by {user}
12865,2026-01-10,21:37:01,INFO,OrderProcessor,User u2472 login successful,E101,User {user} login successful
12866,2026-01-10,21:01:24,INFO,OrderProcessor,Health check passed: OrderProcessor,E102,Health check passed: {service}
12867,2026-01-10,21:20:25,INFO,OrderProcessor,Transaction tx799594 completed in 919ms,E104,Transaction {tx} completed in {time}ms
12868,2026-01-10,21:55:25,INFO,WebServer,Page view: /home by u2587,E103,Page view: {page} by {user}
12869,2026-01-10,21:30:10,INFO,WebServer,Health check passed: WebServer,E102,Health check passed: {service}
12870,2026-01-10,21:59:05,INFO,WebServer,Transaction tx951164 completed in 1659ms,E104,Transaction {tx} completed in {time}ms
12871,2026-01-10,21:38:15,INFO,AuthService,Transaction tx478875 completed in 734ms,E104,Transaction {tx} completed in {time}ms
12872,2026-01-10,21:50:16,INFO,WebServer,Health check passed: WebServer,E102,Health check passed: {service}
12873,2026-01-10,21:24:56,INFO,WebServer,Page view: /home by u2022,E103,Page view: {page} by {user}
12874,2026-01-10,21:24:40,INFO,WebServer,Health check passed: WebServer,E102,Health check passed: {service}
12875,2026-01-10,21:38:14,WARN,WebServer,High latency (669ms) detected on WebServer,E201,High latency ({time}ms) detected on {service}
12876,2026-01-10,21:17:06,INFO,WebServer,User u2909 login successful,E101,User {user} login successful
12877,2026-01-10,21:05:15,INFO,PaymentGateway,Page view: /home by u4903,E103,Page view: {page} by {user}
12878,2026-01-10,21:02:00,INFO,PaymentGateway,Transaction tx833870 completed in 1502ms,E104,Transaction {tx} completed in {time}ms
12879,2026-01-10,21:33:36,INFO,PaymentGateway,Health check passed: PaymentGateway,E102,Health check passed: {service}
12880,2026-01-10,21:58:29,INFO,WebServer,Page view: /home by u2449,E103,Page view: {page} by {user}
12881,2026-01-10,21:14:24,INFO,WebServer,User u4282 login successful,E101,User {user} login successful
12882,2026-01-10,21:41:58,INFO,WebServer,Transaction tx220384 completed in 684ms,E104,Transaction {tx} completed in {time}ms
12883,2026-01-10,21:27:33,INFO,PaymentGateway,User u1907 login successful,E101,User {user} login successful
12884,2026-01-10,21:44:14,INFO,WebServer,Health check passed: WebServer,E102,Health check passed: {service}
12885,2026-01-10,21:50:30,INFO,AuthService,Page view: /home by u2890,E103,Page view: {page} by {user}
12886,2026-01-10,21:50:58,INFO,InventoryDB,User u4243 login successful,E101,User {user} login successful
12887,2026-01-10,21:08:42,INFO,OrderProcessor,Transaction tx786756 completed in 564ms,E104,Transaction {tx} completed in {time}ms
12888,2026-01-10,21:10:38,INFO,AuthService,Page view: /home by u4070,E103,Page view: {page} by {user}
12889,2026-01-10,21:42:59,INFO,WebServer,Transaction tx900052 completed in 1351ms,E104,Transaction {tx} completed in {time}ms
12890,2026-01-10,21:32:51,INFO,WebServer,Page view: /home by u3524,E103,Page view: {page} by {user}
12891,2026-01-10,21:14:40,INFO,WebServer,Health check passed: WebServer,E102,Health check passed: {service}
12892,2026-01-10,21:35:02,INFO,WebServer,Page view: /home by u4801,E103,Page view: {page} by {user}
12893,2026-01-10,21:55:32,INFO,WebServer,Health check passed: WebServer,E102,Health check passed: {service}
12894,2026-01-10,21:28:04,CRITICAL,WebServer,KERNEL PANIC: Node node-1 crashed,E601,KERNEL PANIC: Node {node} crashed
12895,2026-01-10,21:01:16,INFO,WebServer,Health check passed: WebServer,E102,Health check passed: {service}
12896,2026-01-10,21:01:35,INFO,WebServer,Health check passed: WebServer,E102,Health check passed: {service}
12897,2026-01-10,21:58:27,INFO,PaymentGateway,Transaction tx645593 completed in 580ms,E104,Transaction {tx} completed in {time}ms
12898,2026-01-10,21:50:18,INFO,PaymentGateway,User u1667 login successful,E101,User {user} login successful
12899,2026-01-10,21:13:50,INFO,OrderProcessor,User u4973 login successful,E101,User {user} login successful
12900,2026-01-10,21:01:34,INFO,WebServer,Page view: /home by u3851,E103,Page view: {page} by {user}
12901,2026-01-10,21:20:27,WARN,WebServer,Disk usage > 85% on node node-1,E202,Disk usage > 85% on node {node}
12902,2026-01-10,21:51:07,INFO,WebServer,Transaction tx767878 completed in 1408ms,E104,Transaction {tx} completed in {time}ms
12903,2026-01-10,21:00:22,INFO,OrderProcessor,Transaction tx412170 completed in 758ms,E104,Transaction {tx} completed in {time}ms
12904,2026-01-10,21:06:01,INFO,WebServer,User u4409 login successful,E101,User {user} login successful
12905,2026-01-10,21:14:10,WARN,WebServer,Unauthorized access attempt from 10.0.0.45,E401,Unauthorized access attempt from {ip}
12906,2026-01-10,21:38:45,INFO,PaymentGateway,User u4283 login successful,E101,User {user} login successful
12907,2026-01-10,21:12:04,INFO,WebServer,Health check passed: WebServer,E102,Health check passed: {service}
12908,2026-01-10,21:02:21,INFO,AuthService,User u2437 login successful,E101,User {user} login successful
12909,2026-01-10,21:31:05,INFO,InventoryDB,Page view: /home by u3838,E103,Page view: {page} by {user}
12910,2026-01-10,21:14:24,INFO,OrderProcessor,Page view: /home by u1620,E103,Page view: {page} by {user}
12911,2026-01-10,21:27:07,INFO,AuthService,Page view: /home by u2371,E103,Page view: {page} by {user}
12912,2026-01-10,21:13:41,INFO,AuthService,User u3022 login successful,E101,User {user} login successful
12913,2026-01-10,21:13:07,INFO,AuthService,Page view: /home by u3409,E103,Page view: {page} by {user}
12914,2026-01-10,21:24:10,CRITICAL,WebServer,KERNEL PANIC: Node node-5 crashed,E601,KERNEL PANIC: Node {node} crashed
12915,2026-01-10,21:49:15,INFO,WebServer,Page view: /home by u3293,E103,Page view: {page} by {user}
12916,2026-01-10,21:10:56,INFO,WebServer,Page view: /home by u4872,E103,Page view: {page} by {user}
12917,2026-01-10,21:47:13,INFO,OrderProcessor,Transaction tx809668 completed in 1788ms,E104,Transaction {tx} completed in {time}ms
12918,2026-01-10,21:46:22,INFO,WebServer,Transaction tx388872 completed in 814ms,E104,Transaction {tx} completed in {time}ms
12919,2026-01-10,21:17:43,INFO,InventoryDB,Health check passed: InventoryDB,E102,Health check passed: {service}
12920,2026-01-10,21:32:49,INFO,AuthService,Page view: /home by u2491,E103,Page view: {page} by {user}
12921,2026-01-10,21:18:26,INFO,PaymentGateway,User u4110 login successful,E101,User {user} login successful
12922,2026-01-10,21:37:47,INFO,WebServer,Health check passed: WebServer,E102,Health check passed: {service}
12923,2026-01-10,21:57:09,INFO,WebServer,Transaction tx322122 completed in 103ms,E104,Transaction {tx} completed in {time}ms
12924,2026-01-10,21:39:12,INFO,OrderProcessor,Health check passed: OrderProcessor,E102,Health check passed: {service}
12925,2026-01-10,21:56:42,INFO,AuthService,User u1189 login successful,E101,User {user} login successful
12926,2026-01-10,21:40:12,INFO,AuthService,Transaction tx825001 completed in 1202ms,E104,Transaction {tx} completed in {time}ms
12927,2026-01-10,21:03:08,INFO,PaymentGateway,Transaction tx177698 completed in 424ms,E104,Transaction {tx} completed in {time}ms
12928,2026-01-10,21:48:04,INFO,InventoryDB,Health check passed: InventoryDB,E102,Health check passed: {service}
12929,2026-01-10,21:55:30,INFO,WebServer,User u4222 login successful,E101,User {user} login successful
12930,2026-01-10,21:03:50,INFO,WebServer,Page view: /home by u4361,E103,Page view: {page} by {user}
12931,2026-01-10,21:41:03,INFO,WebServer,Health check passed: WebServer,E102,Health check passed: {service}
12932,2026-01-10,21:41:54,INFO,WebServer,Transaction tx704701 completed in 644ms,E104,Transaction {tx} completed in {time}ms
12933,2026-01-10,21:20:14,INFO,WebServer,Health check passed: WebServer,E102,Health check passed: {service}
12934,2026-01-10,21:52:12,INFO,WebServer,Transaction tx125780 completed in 1442ms,E104,Transaction {tx} completed in {time}ms
12935,2026-01-10,21:30:47,INFO,OrderProcessor,Page view: /home by u3274,E103,Page view: {page} by {user}
12936,2026-01-10,21:36:19,INFO,AuthService,User u3283 login successful,E101,User {user} login successful
12937,2026-01-10,21:06:55,INFO,PaymentGateway,Transaction tx660828 completed in 929ms,E104,Transaction {tx} completed in {time}ms
12938,2026-01-10,21:02:17,WARN,InventoryDB,High latency (424ms) detected on InventoryDB,E201,High latency ({time}ms) detected on {service}
12939,2026-01-10,21:33:35,INFO,OrderProcessor,Transaction tx326757 completed in 784ms,E104,Transaction {tx} completed in {time}ms
12940,2026-01-10,21:01:54,INFO,WebServer,Transaction tx988286 completed in 1717ms,E104,Transaction {tx} completed in {time}ms
12941,2026-01-10,21:18:49,INFO,WebServer,Transaction tx875197 completed in 699ms,E104,Transaction {tx} completed in {time}ms
12942,2026-01-10,21:16:25,INFO,InventoryDB,Transaction tx708503 completed in 902ms,E104,Transaction {tx} completed in {time}ms
12943,2026-01-10,21:07:06,INFO,WebServer,Health check passed: WebServer,E102,Health check passed: {service}
12944,2026-01-10,21:24:10,INFO,OrderProcessor,Transaction tx725664 completed in 857ms,E104,Transaction {tx} completed in {time}ms
12945,2026-01-10,21:17:33,INFO,PaymentGateway,Health check passed: PaymentGateway,E102,Health check passed: {service}
12946,2026-01-10,21:02:13,INFO,InventoryDB,Page view: /home by u1624,E103,Page view: {page} by {user}
12947,2026-01-10,21:12:10,INFO,PaymentGateway,Transaction tx300093 completed in 1707ms,E104,Transaction {tx} completed in {time}ms
12948,2026-01-10,21:39:05,INFO,WebServer,Page view: /home by u1568,E103,Page view: {page} by {user}
12949,2026-01-10,21:28:53,INFO,AuthService,Health check passed: AuthService,E102,Health check passed: {service}
12950,2026-01-10,21:15:29,INFO,WebServer,Transaction tx947317 completed in 1414ms,E104,Transaction {tx} completed in {time}ms
12951,2026-01-10,21:18:37,INFO,OrderProcessor,Page view: /home by u1787,E103,Page view: {page} by {user}
12952,2026-01-10,21:08:05,INFO,OrderProcessor,Health check passed: OrderProcessor,E102,Health check passed: {service}
12953,2026-01-10,21:44:20,INFO,WebServer,Health check passed: WebServer,E102,Health check passed: {service}
12954,2026-01-10,21:39:10,INFO,PaymentGateway,User u4132 login successful,E101,User {user} login successful
12955,2026-01-10,21:57:45,INFO,WebServer,User u3818 login successful,E101,User {user} login successful
12956,2026-01-10,21:20:16,INFO,WebServer,Transaction tx282886 completed in 1431ms,E104,Transaction {tx} completed in {time}ms
12957,2026-01-10,21:49:28,INFO,WebServer,User u3901 login successful,E101,User {user} login successful
12958,2026-01-10,21:05:37,INFO,WebServer,Health check passed: WebServer,E102,Health check passed: {service}
12959,2026-01-10,21:03:09,WARN,WebServer,Disk usage > 85% on node node-4,E202,Disk usage > 85% on node {node}
12960,2026-01-10,21:03:48,INFO,WebServer,Health check passed: WebServer,E102,Health check passed: {service}
12961,2026-01-10,21:32:13,INFO,WebServer,Page view: /home by u3818,E103,Page view: {page} by {user}
12962,2026-01-10,21:57:17,INFO,AuthService,Page view: /home by u4536,E103,Page view: {page} by {user}
12963,2026-01-10,21:35:39,INFO,WebServer,Health check passed: WebServer,E102,Health check passed: {service}
12964,2026-01-10,21:11:18,INFO,WebServer,Transaction tx932243 completed in 168ms,E104,Transaction {tx} completed in {time}ms
12965,2026-01-10,21:09:31,WARN,WebServer,Unauthorized access attempt from 10.0.0.45,E401,Unauthorized access attempt from {ip}
12966,2026-01-10,21:58:35,INFO,WebServer,Page view: /home by u4977,E103,Page view: {page} by {user}
12967,2026-01-10,21:46:13,INFO,WebServer,Transaction tx720248 completed in 1353ms,E104,Transaction {tx} completed in {time}ms
12968,2026-01-10,21:58:11,INFO,OrderProcessor,Health check passed: OrderProcessor,E102,Health check passed: {service}
12969,2026-01-10,21:00:48,INFO,WebServer,Health check passed: WebServer,E102,Health check passed: {service}
12970,2026-01-10,21:17:30,INFO,OrderProcessor,User u3953 login successful,E101,User {user} login successful
12971,2026-01-10,21:24:09,WARN,WebServer,High latency (1894ms) detected on WebServer,E201,High latency ({time}ms) detected on {service}
12972,2026-01-10,21:51:54,INFO,WebServer,Transaction tx288334 completed in 34ms,E104,Transaction {tx} completed in {time}ms
12973,2026-01-10,21:33:09,INFO,AuthService,Transaction tx918225 completed in 1999ms,E104,Transaction {tx} completed in {time}ms
12974,2026-01-10,21:44:54,CRITICAL,WebServer,DATA CORRUPTION detected in sector 935,E602,DATA CORRUPTION detected in sector {sector}
12975,2026-01-10,21:12:44,INFO,PaymentGateway,Transaction tx871368 completed in 1860ms,E104,Transaction {tx} completed in {time}ms
12976,2026-01-10,21:23:47,WARN,AuthService,Disk usage > 85% on node node-5,E202,Disk usage > 85% on node {node}
12977,2026-01-10,21:50:26,INFO,OrderProcessor,User u4947 login successful,E101,User {user} login successful
12978,2026-01-10,21:26:01,INFO,AuthService,Page view: /home by u4053,E103,Page view: {page} by {user}
12979,2026-01-10,21:50:11,INFO,AuthService,Health check passed: AuthService,E102,Health check passed: {service}
12980,2026-01-10,21:53:06,INFO,WebServer,Page view: /home by u2741,E103,Page view: {page} by {user}
12981,2026-01-10,21:15:08,INFO,WebServer,Health check passed: WebServer,E102,Health check passed: {service}
12982,2026-01-10,21:34:49,INFO,WebServer,Transaction tx965206 completed in 1884ms,E104,Transaction {tx} completed in {time}ms
12983,2026-01-10,21:32:15,INFO,WebServer,User u3726 login successful,E101,User {user} login successful
12984,2026-01-10,21:41:59,INFO,WebServer,Transaction tx903531 completed in 1289ms,E104,Transaction {tx} completed in {time}ms
12985,2026-01-10,21:16:45,INFO,WebServer,User u1615 login successful,E101,User {user} login successful
12986,2026-01-10,21:34:40,INFO,OrderProcessor,Page view: /home by u4429,E103,Page view: {page} by {user}
12987,2026-01-10,21:56:11,INFO,WebServer,Health check passed: WebServer,E102,Health check passed: {service}
12988,2026-01-10,21:52:53,INFO,OrderProcessor,Health check passed: OrderProcessor,E102,Health check passed: {service}
12989,2026-01-10,21:00:16,INFO,AuthService,Transaction tx821072 completed in 894ms,E104,Transaction {tx} completed in {time}ms
12990,2026-01-10,21:45:45,INFO,AuthService,User u1906 login successful,E101,User {user} login successful
12991,2026-01-10,21:39:49,INFO,WebServer,User u3465 login successful,E101,User {user} login successful
12992,2026-01-10,21:51:10,INFO,OrderProcessor,User u3544 login successful,E101,User {user} login successful
12993,2026-01-10,21:48:57,INFO,WebServer,Page view: /home by u4561,E103,Page view: {page} by {user}
12994,2026-01-10,21:46:22,INFO,WebServer,Health check passed: WebServer,E102,Health check passed: {service}
12995,2026-01-10,21:07:34,INFO,WebServer,Transaction tx425793 completed in 1655ms,E104,Transaction {tx} completed in {time}ms
12996,2026-01-10,21:06:57,INFO,WebServer,Transaction tx204979 completed in 1901ms,E104,Transaction {tx} completed in {time}ms
12997,2026-01-10,21:58:13,INFO,OrderProcessor,Health check passed: OrderProcessor,E102,Health check passed: {service}
12998,2026-01-10,21:13:54,INFO,AuthService,Transaction tx331879 completed in 1349ms,E104,Transaction {tx} completed in {time}ms
12999,2026-01-10,21:41:01,INFO,AuthService,Page view: /home by u3246,E103,Page view: {page} by {user}
13000,2026-01-10,21:16:41,INFO,WebServer,Page view: /home by u1022,E103,Page view: {page} by {user}
13001,2026-01-10,21:31:49,INFO,AuthService,User u1808 login successful,E101,User {user} login successful
13002,2026-01-10,21:40:39,INFO,OrderProcessor,Transaction tx693961 completed in 1082ms,E104,Transaction {tx} completed in {time}ms
13003,2026-01-10,21:29:12,INFO,WebServer,Transaction tx447489 completed in 271ms,E104,Transaction {tx} completed in {time}ms
13004,2026-01-10,21:23:45,INFO,AuthService,Health check passed: AuthService,E102,Health check passed: {service}
13005,2026-01-10,21:13:55,INFO,PaymentGateway,Page view: /home by u3837,E103,Page view: {page} by {user}
13006,2026-01-10,21:13:16,WARN,InventoryDB,Unauthorized access attempt from 10.0.0.45,E401,Unauthorized access attempt from {ip}
13007,2026-01-10,21:40:03,INFO,WebServer,Health check passed: WebServer,E102,Health check passed: {service}
13008,2026-01-10,21:27:28,INFO,AuthService,User u2171 login successful,E101,User {user} login successful
13009,2026-01-10,21:12:36,INFO,WebServer,Transaction tx688266 completed in 1500ms,E104,Transaction {tx} completed in {time}ms
13010,2026-01-10,21:46:56,INFO,WebServer,User u3938 login successful,E101,User {user} login successful
13011,2026-01-10,21:40:44,INFO,WebServer,Health check passed: WebServer,E102,Health check passed: {service}
13012,2026-01-10,21:53:57,INFO,AuthService,User u4772 login successful,E101,User {user} login successful
13013,2026-01-10,21:21:08,INFO,WebServer,Transaction tx548863 completed in 636ms,E104,Transaction {tx} completed in {time}ms
13014,2026-01-10,21:27:03,INFO,WebServer,User u1889 login successful,E101,User {user} login successful
13015,2026-01-10,21:57:40,INFO,PaymentGateway,Health check passed: PaymentGateway,E102,Health check passed: {service}
13016,2026-01-10,21:04:35,INFO,InventoryDB,Transaction tx445322 completed in 627ms,E104,Transaction {tx} completed in {time}ms
13017,2026-01-10,21:00:12,INFO,WebServer,Health check passed: WebServer,E102,Health check passed: {service}
13018,2026-01-10,21:12:18,INFO,WebServer,User u1503 login successful,E101,User {user} login successful
13019,2026-01-10,21:11:21,INFO,AuthService,User u3611 login successful,E101,User {user} login successful
13020,2026-01-10,21:08:49,INFO,WebServer,User u4553 login successful,E101,User {user} login successful
13021,2026-01-10,21:18:34,INFO,InventoryDB,Transaction tx251709 completed in 1964ms,E104,Transaction {tx} completed in {time}ms
13022,2026-01-10,21:00:53,INFO,WebServer,Health check passed: WebServer,E102,Health check passed: {service}
13023,2026-01-10,21:34:10,INFO,WebServer,User u1922 login successful,E101,User {user} login successful
13024,2026-01-10,21:50:46,INFO,PaymentGateway,Transaction tx303158 completed in 483ms,E104,Transaction {tx} completed in {time}ms
13025,2026-01-10,21:06:04,INFO,WebServer,User u2396 login successful,E101,User {user} login successful
13026,2026-01-10,21:07:09,INFO,OrderProcessor,Page view: /home by u4286,E103,Page view: {page} by {user}
13027,2026-01-10,21:34:11,INFO,WebServer,Transaction tx292036 completed in 1671ms,E104,Transaction {tx} completed in {time}ms
13028,2026-01-10,21:51:08,INFO,AuthService,Transaction tx488170 completed in 450ms,E104,Transaction {tx} completed in {time}ms
13029,2026-01-10,21:46:19,INFO,WebServer,Health check passed: WebServer,E102,Health check passed: {service}
13030,2026-01-10,21:28:35,INFO,WebServer,Health check passed: WebServer,E102,Health check passed: {service}
13031,2026-01-10,21:25:42,INFO,WebServer,Transaction tx177851 completed in 1067ms,E104,Transaction {tx} completed in {time}ms
13032,2026-01-10,21:32:31,INFO,WebServer,Transaction tx957519 completed in 102ms,E104,Transaction {tx} completed in {time}ms
13033,2026-01-10,21:38:41,INFO,PaymentGateway,Health check passed: PaymentGateway,E102,Health check passed: {service}
13034,2026-01-10,21:33:43,INFO,WebServer,Health check passed: WebServer,E102,Health check passed: {service}
13035,2026-01-10,21:51:23,INFO,WebServer,User u2250 login successful,E101,User {user} login successful
13036,2026-01-10,21:29:25,INFO,WebServer,Health check passed: WebServer,E102,Health check passed: {service}
13037,2026-01-10,21:24:25,INFO,WebServer,Page view: /home by u1654,E103,Page view: {page} by {user}
13038,2026-01-10,21:51:01,INFO,WebServer,Health check passed: WebServer,E102,Health check passed: {service}
13039,2026-01-10,21:32:56,INFO,WebServer,User u4584 login successful,E101,User {user} login successful
13040,2026-01-10,21:39:23,INFO,OrderProcessor,User u1809 login successful,E101,User {user} login successful
13041,2026-01-10,21:01:25,WARN,WebServer,Disk usage > 85% on node node-3,E202,Disk usage > 85% on node {node}
13042,2026-01-10,21:29:45,INFO,WebServer,Transaction tx272660 completed in 617ms,E104,Transaction {tx} completed in {time}ms
13043,2026-01-10,21:25:30,ERROR,OrderProcessor,Connection refused to OrderProcessor at 10.0.0.45,E501,Connection refused to {service} at {ip}
13044,2026-01-10,21:09:20,INFO,AuthService,Page view: /home by u4862,E103,Page view: {page} by {user}
13045,2026-01-10,21:07:03,CRITICAL,WebServer,DATA CORRUPTION detected in sector 168,E602,DATA CORRUPTION detected in sector {sector}
13046,2026-01-10,21:08:43,INFO,PaymentGateway,Page view: /home by u2852,E103,Page view: {page} by {user}
13047,2026-01-10,21:09:31,INFO,InventoryDB,Health check passed: InventoryDB,E102,Health check passed: {service}
13048,2026-01-10,21:00:06,INFO,OrderProcessor,Page view: /home by u1042,E103,Page view: {page} by {user}
13049,2026-01-10,21:56:55,WARN,AuthService,Disk usage > 85% on node node-1,E202,Disk usage > 85% on node {node}
13050,2026-01-10,21:17:04,INFO,WebServer,Page view: /home by u2509,E103,Page view: {page} by {user}
13051,2026-01-10,21:16:53,INFO,AuthService,User u2389 login successful,E101,User {user} login successful
13052,2026-01-10,21:28:20,INFO,OrderProcessor,Transaction tx600003 completed in 758ms,E104,Transaction {tx} completed in {time}ms
13053,2026-01-10,21:46:02,INFO,PaymentGateway,Page view: /home by u4692,E103,Page view: {page} by {user}
13054,2026-01-10,21:26:52,INFO,AuthService,Transaction tx312910 completed in 597ms,E104,Transaction {tx} completed in {time}ms
13055,2026-01-10,21:26:10,WARN,WebServer,Unauthorized access attempt from 10.0.0.45,E401,Unauthorized access attempt from {ip}
13056,2026-01-10,21:25:03,INFO,AuthService,User u4128 login successful,E101,User {user} login successful
13057,2026-01-10,21:08:33,INFO,AuthService,Transaction tx150057 completed in 1043ms,E104,Transaction {tx} completed in {time}ms
13058,2026-01-10,21:50:01,INFO,WebServer,Page view: /home by u3873,E103,Page view: {page} by {user}
13059,2026-01-10,21:18:07,INFO,OrderProcessor,User u1064 login successful,E101,User {user} login successful
13060,2026-01-10,21:52:56,INFO,OrderProcessor,User u3878 login successful,E101,User {user} login successful
13061,2026-01-10,21:27:15,INFO,WebServer,Health check passed: WebServer,E102,Health check passed: {service}
13062,2026-01-10,21:55:08,INFO,AuthService,Health check passed: AuthService,E102,Health check passed: {service}
13063,2026-01-10,21:07:55,INFO,WebServer,Page view: /home by u1574,E103,Page view: {page} by {user}
13064,2026-01-10,21:22:22,WARN,AuthService,High latency (224ms) detected on AuthService,E201,High latency ({time}ms) detected on {service}
13065,2026-01-10,21:56:48,INFO,WebServer,Transaction tx315171 completed in 1541ms,E104,Transaction {tx} completed in {time}ms
13066,2026-01-10,21:38:06,INFO,AuthService,User u2842 login successful,E101,User {user} login successful
13067,2026-01-10,21:39:20,INFO,PaymentGateway,User u4689 login successful,E101,User {user} login successful
13068,2026-01-10,21:34:46,INFO,WebServer,Health check passed: WebServer,E102,Health check passed: {service}
13069,2026-01-10,21:37:11,INFO,OrderProcessor,Page view: /home by u4856,E103,Page view: {page} by {user}
13070,2026-01-10,21:36:16,INFO,OrderProcessor,Transaction tx666206 completed in 1672ms,E104,Transaction {tx} completed in {time}ms
13071,2026-01-10,21:31:34,INFO,AuthService,User u2975 login successful,E101,User {user} login successful
13072,2026-01-10,21:24:18,INFO,AuthService,Page view: /home by u2467,E103,Page view: {page} by {user}
13073,2026-01-10,21:29:09,INFO,PaymentGateway,User u3786 login successful,E101,User {user} login successful
13074,2026-01-10,21:51:44,CRITICAL,WebServer,KERNEL PANIC: Node node-2 crashed,E601,KERNEL PANIC: Node {node} crashed
13075,2026-01-10,21:04:08,INFO,WebServer,User u2276 login successful,E101,User {user} login successful
13076,2026-01-10,21:34:55,INFO,AuthService,Health check passed: AuthService,E102,Health check passed: {service}
13077,2026-01-10,21:10:12,INFO,AuthService,User u1435 login successful,E101,User {user} login successful
13078,2026-01-10,21:51:25,INFO,WebServer,Health check passed: WebServer,E102,Health check passed: {service}
13079,2026-01-10,21:36:55,INFO,WebServer,User u3747 login successful,E101,User {user} login successful
13080,2026-01-10,21:26:56,INFO,AuthService,Health check passed: AuthService,E102,Health check passed: {service}
13081,2026-01-10,21:26:21,INFO,OrderProcessor,Page view: /home by u1597,E103,Page view: {page} by {user}
13082,2026-01-10,21:14:45,INFO,WebServer,User u3737 login successful,E101,User {user} login successful
13083,2026-01-10,21:48:23,INFO,OrderProcessor,Page view: /home by u3353,E103,Page view: {page} by {user}
13084,2026-01-10,21:15:45,INFO,OrderProcessor,Health check passed: OrderProcessor,E102,Health check passed: {service}
13085,2026-01-10,21:36:19,INFO,AuthService,Health check passed: AuthService,E102,Health check passed: {service}
13086,2026-01-10,21:41:08,INFO,WebServer,Health check passed: WebServer,E102,Health check passed: {service}
13087,2026-01-10,21:32:43,INFO,AuthService,Transaction tx339923 completed in 1924ms,E104,Transaction {tx} completed in {time}ms
13088,2026-01-10,21:17:55,INFO,WebServer,Health check passed: WebServer,E102,Health check passed: {service}
13089,2026-01-10,21:13:38,INFO,AuthService,User u4553 login successful,E101,User {user} login successful
13090,2026-01-10,21:15:15,INFO,OrderProcessor,Transaction tx783699 completed in 661ms,E104,Transaction {tx} completed in {time}ms
13091,2026-01-10,21:15:18,INFO,WebServer,Page view: /home by u2746,E103,Page view: {page} by {user}
13092,2026-01-10,21:29:20,INFO,OrderProcessor,Health check passed: OrderProcessor,E102,Health check passed: {service}
13093,2026-01-10,21:06:56,INFO,AuthService,Health check passed: AuthService,E102,Health check passed: {service}
13094,2026-01-10,21:34:41,INFO,AuthService,Transaction tx474745 completed in 1853ms,E104,Transaction {tx} completed in {time}ms
13095,2026-01-10,21:06:21,INFO,WebServer,Transaction tx724981 completed in 282ms,E104,Transaction {tx} completed in {time}ms
13096,2026-01-10,21:31:04,INFO,InventoryDB,Transaction tx903542 completed in 1192ms,E104,Transaction {tx} completed in {time}ms
13097,2026-01-10,21:41:36,INFO,WebServer,Page view: /home by u4698,E103,Page view: {page} by {user}
13098,2026-01-10,21:32:21,INFO,WebServer,Page view: /home by u2314,E103,Page view: {page} by {user}
13099,2026-01-10,21:49:54,INFO,WebServer,Health check passed: WebServer,E102,Health check passed: {service}
13100,2026-01-10,21:21:34,INFO,WebServer,User u3079 login successful,E101,User {user} login successful
13101,2026-01-10,21:00:23,INFO,AuthService,User u1310 login successful,E101,User {user} login successful
13102,2026-01-10,21:13:44,INFO,WebServer,User u2163 login successful,E101,User {user} login successful
13103,2026-01-10,21:24:32,INFO,PaymentGateway,Health check passed: PaymentGateway,E102,Health check passed: {service}
13104,2026-01-10,21:00:52,INFO,PaymentGateway,Health check passed: PaymentGateway,E102,Health check passed: {service}
13105,2026-01-10,21:06:06,INFO,WebServer,Health check passed: WebServer,E102,Health check passed: {service}
13106,2026-01-10,21:42:06,INFO,WebServer,Page view: /home by u4367,E103,Page view: {page} by {user}
13107,2026-01-10,21:38:33,INFO,WebServer,Health check passed: WebServer,E102,Health check passed: {service}
13108,2026-01-10,21:03:36,INFO,WebServer,Health check passed: WebServer,E102,Health check passed: {service}
13109,2026-01-10,21:01:05,INFO,AuthService,Page view: /home by u3680,E103,Page view: {page} by {user}
13110,2026-01-10,21:36:01,INFO,AuthService,User u4453 login successful,E101,User {user} login successful
13111,2026-01-10,21:50:19,INFO,AuthService,User u3824 login successful,E101,User {user} login successful
13112,2026-01-10,21:29:03,INFO,PaymentGateway,User u1651 login successful,E101,User {user} login successful
13113,2026-01-10,21:37:17,INFO,PaymentGateway,User u4852 login successful,E101,User {user} login successful
13114,2026-01-10,21:13:36,INFO,OrderProcessor,Health check passed: OrderProcessor,E102,Health check passed: {service}
13115,2026-01-10,21:07:03,INFO,WebServer,Health check passed: WebServer,E102,Health check passed: {service}
13116,2026-01-10,21:28:12,INFO,WebServer,Page view: /home by u1486,E103,Page view: {page} by {user}
13117,2026-01-10,21:54:28,INFO,PaymentGateway,Page view: /home by u2489,E103,Page view: {page} by {user}
13118,2026-01-10,21:16:20,INFO,WebServer,Page view: /home by u1798,E103,Page view: {page} by {user}
13119,2026-01-10,21:55:37,INFO,WebServer,Page view: /home by u4306,E103,Page view: {page} by {user}
13120,2026-01-10,21:34:55,INFO,AuthService,User u4026 login successful,E101,User {user} login successful
13121,2026-01-10,21:46:26,INFO,AuthService,User u3769 login successful,E101,User {user} login successful
13122,2026-01-10,21:25:53,INFO,OrderProcessor,Transaction tx151870 completed in 583ms,E104,Transaction {tx} completed in {time}ms
13123,2026-01-10,21:04:20,WARN,WebServer,High latency (1421ms) detected on WebServer,E201,High latency ({time}ms) detected on {service}
13124,2026-01-10,21:46:55,INFO,WebServer,Transaction tx179872 completed in 910ms,E104,Transaction {tx} completed in {time}ms
13125,2026-01-10,21:39:33,INFO,WebServer,User u3966 login successful,E101,User {user} login successful
13126,2026-01-10,21:22:42,INFO,WebServer,Health check passed: WebServer,E102,Health check passed: {service}
13127,2026-01-10,21:25:24,INFO,PaymentGateway,Transaction tx111681 completed in 971ms,E104,Transaction {tx} completed in {time}ms
13128,2026-01-10,21:10:32,INFO,AuthService,Health check passed: AuthService,E102,Health check passed: {service}
13129,2026-01-10,21:44:37,INFO,WebServer,Transaction tx435040 completed in 1487ms,E104,Transaction {tx} completed in {time}ms
13130,2026-01-10,21:41:14,INFO,OrderProcessor,User u2439 login successful,E101,User {user} login successful
13131,2026-01-10,21:22:33,INFO,PaymentGateway,Health check passed: PaymentGateway,E102,Health check passed: {service}
13132,2026-01-10,21:00:48,INFO,AuthService,Transaction tx941984 completed in 1686ms,E104,Transaction {tx} completed in {time}ms
13133,2026-01-10,21:07:39,INFO,InventoryDB,Transaction tx681542 completed in 380ms,E104,Transaction {tx} completed in {time}ms
13134,2026-01-10,21:14:10,INFO,WebServer,Health check passed: WebServer,E102,Health check passed: {service}
13135,2026-01-10,21:32:23,INFO,WebServer,Health check passed: WebServer,E102,Health check passed: {service}
13136,2026-01-10,21:37:09,INFO,WebServer,Transaction tx559378 completed in 82ms,E104,Transaction {tx} completed in {time}ms
13137,2026-01-10,21:47:05,INFO,WebServer,Transaction tx215206 completed in 1607ms,E104,Transaction {tx} completed in {time}ms
13138,2026-01-10,21:27:33,INFO,WebServer,User u4448 login successful,E101,User {user} login successful
13139,2026-01-10,21:38:27,INFO,WebServer,Page view: /home by u4685,E103,Page view: {page} by {user}
13140,2026-01-10,21:31:47,INFO,PaymentGateway,Transaction tx410237 completed in 1637ms,E104,Transaction {tx} completed in {time}ms
13141,2026-01-10,21:01:45,INFO,OrderProcessor,User u4105 login successful,E101,User {user} login successful
13142,2026-01-10,21:55:51,INFO,AuthService,Health check passed: AuthService,E102,Health check passed: {service}
13143,2026-01-10,21:48:22,INFO,AuthService,Health check passed: AuthService,E102,Health check passed: {service}
13144,2026-01-10,21:30:42,INFO,OrderProcessor,Page view: /home by u3987,E103,Page view: {page} by {user}
13145,2026-01-10,21:40:36,INFO,PaymentGateway,Transaction tx141526 completed in 1165ms,E104,Transaction {tx} completed in {time}ms
13146,2026-01-10,21:09:04,INFO,PaymentGateway,Transaction tx296768 completed in 1406ms,E104,Transaction {tx} completed in {time}ms
13147,2026-01-10,21:35:04,INFO,AuthService,User u1086 login successful,E101,User {user} login successful
13148,2026-01-10,21:00:32,WARN,WebServer,Disk usage > 85% on node node-4,E202,Disk usage > 85% on node {node}
13149,2026-01-10,21:24:06,INFO,PaymentGateway,User u3768 login successful,E101,User {user} login successful
13150,2026-01-10,21:52:03,INFO,OrderProcessor,Page view: /home by u1465,E103,Page view: {page} by {user}
13151,2026-01-10,21:57:04,INFO,WebServer,Transaction tx617439 completed in 609ms,E104,Transaction {tx} completed in {time}ms
13152,2026-01-10,21:04:53,INFO,WebServer,Health check passed: WebServer,E102,Health check passed: {service}
13153,2026-01-10,21:59:55,INFO,WebServer,User u4695 login successful,E101,User {user} login successful
13154,2026-01-10,21:49:46,INFO,PaymentGateway,Page view: /home by u4980,E103,Page view: {page} by {user}
13155,2026-01-10,21:42:32,INFO,InventoryDB,Page view: /home by u2000,E103,Page view: {page} by {user}
13156,2026-01-10,21:25:53,WARN,WebServer,Unauthorized access attempt from 10.0.0.88,E401,Unauthorized access attempt from {ip}
13157,2026-01-10,21:05:34,INFO,WebServer,User u4092 login successful,E101,User {user} login successful
13158,2026-01-10,21:43:19,INFO,AuthService,User u1634 login successful,E101,User {user} login successful
13159,2026-01-10,21:22:36,INFO,OrderProcessor,Transaction tx285885 completed in 198ms,E104,Transaction {tx} completed in {time}ms
13160,2026-01-10,21:20:30,INFO,AuthService,User u2430 login successful,E101,User {user} login successful
13161,2026-01-10,21:12:28,INFO,AuthService,User u2414 login successful,E101,User {user} login successful
13162,2026-01-10,21:23:50,INFO,WebServer,User u3764 login successful,E101,User {user} login successful
13163,2026-01-10,21:00:21,INFO,WebServer,User u4146 login successful,E101,User {user} login successful
13164,2026-01-10,21:58:28,INFO,AuthService,Transaction tx398116 completed in 1608ms,E104,Transaction {tx} completed in {time}ms
13165,2026-01-10,21:53:54,INFO,AuthService,User u3222 login successful,E101,User {user} login successful
13166,2026-01-10,21:40:10,INFO,WebServer,Transaction tx584645 completed in 1628ms,E104,Transaction {tx} completed in {time}ms
13167,2026-01-10,21:49:33,INFO,WebServer,Page view: /home by u2015,E103,Page view: {page} by {user}
13168,2026-01-10,21:05:52,INFO,WebServer,User u4517 login successful,E101,User {user} login successful
13169,2026-01-10,21:33:07,INFO,PaymentGateway,Health check passed: PaymentGateway,E102,Health check passed: {service}
13170,2026-01-10,21:04:10,INFO,PaymentGateway,Page view: /home by u3374,E103,Page view: {page} by {user}
13171,2026-01-10,21:54:39,INFO,AuthService,Transaction tx335223 completed in 1765ms,E104,Transaction {tx} completed in {time}ms
13172,2026-01-10,21:58:27,INFO,AuthService,Health check passed: AuthService,E102,Health check passed: {service}
13173,2026-01-10,21:20:42,INFO,OrderProcessor,Health check passed: OrderProcessor,E102,Health check passed: {service}
13174,2026-01-10,21:27:22,INFO,WebServer,User u3989 login successful,E101,User {user} login successful
13175,2026-01-10,21:24:54,INFO,PaymentGateway,Page view: /home by u3313,E103,Page view: {page} by {user}
13176,2026-01-10,21:16:59,INFO,AuthService,Page view: /home by u4119,E103,Page view: {page} by {user}
13177,2026-01-10,21:07:01,WARN,PaymentGateway,Disk usage > 85% on node node-2,E202,Disk usage > 85% on node {node}
13178,2026-01-10,21:43:05,INFO,WebServer,Transaction tx914550 completed in 1934ms,E104,Transaction {tx} completed in {time}ms
13179,2026-01-10,21:57:19,INFO,WebServer,Transaction tx659765 completed in 211ms,E104,Transaction {tx} completed in {time}ms
13180,2026-01-10,21:23:16,INFO,AuthService,User u3807 login successful,E101,User {user} login successful
13181,2026-01-10,21:31:20,INFO,AuthService,Page view: /home by u3845,E103,Page view: {page} by {user}
13182,2026-01-10,21:18:07,INFO,AuthService,User u1742 login successful,E101,User {user} login successful
13183,2026-01-10,21:53:24,INFO,WebServer,Health check passed: WebServer,E102,Health check passed: {service}
13184,2026-01-10,21:37:01,INFO,WebServer,Health check passed: WebServer,E102,Health check passed: {service}
13185,2026-01-10,21:22:19,INFO,WebServer,Health check passed: WebServer,E102,Health check passed: {service}
13186,2026-01-10,21:03:25,INFO,OrderProcessor,User u2904 login successful,E101,User {user} login successful
13187,2026-01-10,21:27:25,INFO,OrderProcessor,User u4120 login successful,E101,User {user} login successful
13188,2026-01-10,21:25:28,INFO,PaymentGateway,Health check passed: PaymentGateway,E102,Health check passed: {service}
13189,2026-01-10,21:16:18,INFO,AuthService,Health check passed: AuthService,E102,Health check passed: {service}
13190,2026-01-10,21:18:23,INFO,AuthService,User u4143 login successful,E101,User {user} login successful
13191,2026-01-10,21:09:36,INFO,WebServer,User u2092 login successful,E101,User {user} login successful
13192,2026-01-10,21:36:58,INFO,AuthService,User u2075 login successful,E101,User {user} login successful
13193,2026-01-10,21:12:48,INFO,AuthService,User u4821 login successful,E101,User {user} login successful
13194,2026-01-10,21:21:34,INFO,PaymentGateway,Health check passed: PaymentGateway,E102,Health check passed: {service}
13195,2026-01-10,21:27:54,INFO,AuthService,Health check passed: AuthService,E102,Health check passed: {service}
13196,2026-01-10,21:11:36,INFO,OrderProcessor,Transaction tx645784 completed in 899ms,E104,Transaction {tx} completed in {time}ms
13197,2026-01-10,21:26:21,INFO,WebServer,Health check passed: WebServer,E102,Health check passed: {service}
13198,2026-01-10,21:03:42,INFO,AuthService,Health check passed: AuthService,E102,Health check passed: {service}
13199,2026-01-10,21:21:26,INFO,WebServer,User u2217 login successful,E101,User {user} login successful
13200,2026-01-10,21:53:51,INFO,PaymentGateway,User u1523 login successful,E101,User {user} login successful
13201,2026-01-10,21:03:07,INFO,WebServer,User u3075 login successful,E101,User {user} login successful
13202,2026-01-10,21:39:17,INFO,OrderProcessor,Page view: /home by u2106,E103,Page view: {page} by {user}
13203,2026-01-10,21:31:52,INFO,WebServer,Page view: /home by u4875,E103,Page view: {page} by {user}
13204,2026-01-10,21:25:02,INFO,WebServer,Transaction tx158163 completed in 1381ms,E104,Transaction {tx} completed in {time}ms
13205,2026-01-10,21:30:14,WARN,WebServer,Unauthorized access attempt from 10.0.0.10,E401,Unauthorized access attempt from {ip}
13206,2026-01-10,21:16:55,INFO,AuthService,Page view: /home by u3925,E103,Page view: {page} by {user}
13207,2026-01-10,21:21:06,INFO,WebServer,Page view: /home by u2708,E103,Page view: {page} by {user}
13208,2026-01-10,21:20:05,INFO,PaymentGateway,User u1206 login successful,E101,User {user} login successful
13209,2026-01-10,21:02:08,INFO,WebServer,Transaction tx667479 completed in 1692ms,E104,Transaction {tx} completed in {time}ms
13210,2026-01-10,21:36:11,INFO,AuthService,User u2362 login successful,E101,User {user} login successful
13211,2026-01-10,21:08:34,INFO,WebServer,User u1434 login successful,E101,User {user} login successful
13212,2026-01-10,21:19:28,WARN,WebServer,High latency (1588ms) detected on WebServer,E201,High latency ({time}ms) detected on {service}
13213,2026-01-10,21:01:11,INFO,PaymentGateway,Transaction tx555209 completed in 1065ms,E104,Transaction {tx} completed in {time}ms
13214,2026-01-10,21:36:24,INFO,PaymentGateway,Page view: /home by u4131,E103,Page view: {page} by {user}
13215,2026-01-10,21:45:18,INFO,WebServer,Page view: /home by u4079,E103,Page view: {page} by {user}
13216,2026-01-10,21:42:48,INFO,WebServer,Transaction tx653145 completed in 854ms,E104,Transaction {tx} completed in {time}ms
13217,2026-01-10,21:45:25,INFO,InventoryDB,User u1430 login successful,E101,User {user} login successful
13218,2026-01-10,21:16:28,INFO,PaymentGateway,Page view: /home by u2793,E103,Page view: {page} by {user}
13219,2026-01-10,21:05:55,INFO,WebServer,Health check passed: WebServer,E102,Health check passed: {service}
13220,2026-01-10,21:15:33,INFO,WebServer,Transaction tx764717 completed in 237ms,E104,Transaction {tx} completed in {time}ms
13221,2026-01-10,21:50:56,INFO,PaymentGateway,Page view: /home by u2663,E103,Page view: {page} by {user}
13222,2026-01-10,21:18:42,INFO,WebServer,Transaction tx626373 completed in 1500ms,E104,Transaction {tx} completed in {time}ms
13223,2026-01-10,21:51:06,INFO,WebServer,Page view: /home by u1823,E103,Page view: {page} by {user}
13224,2026-01-10,21:01:58,WARN,AuthService,Disk usage > 85% on node node-5,E202,Disk usage > 85% on node {node}
13225,2026-01-10,21:49:50,INFO,WebServer,Health check passed: WebServer,E102,Health check passed: {service}
13226,2026-01-10,21:40:48,INFO,AuthService,User u2539 login successful,E101,User {user} login successful
13227,2026-01-10,21:57:31,INFO,WebServer,Page view: /home by u1749,E103,Page view: {page} by {user}
13228,2026-01-10,21:32:23,INFO,PaymentGateway,Health check passed: PaymentGateway,E102,Health check passed: {service}
13229,2026-01-10,21:47:38,INFO,AuthService,Page view: /home by u1597,E103,Page view: {page} by {user}
13230,2026-01-10,21:01:05,INFO,OrderProcessor,Page view: /home by u2919,E103,Page view: {page} by {user}
13231,2026-01-10,21:13:58,INFO,WebServer,Page view: /home by u1680,E103,Page view: {page} by {user}
13232,2026-01-10,21:42:50,INFO,WebServer,Page view: /home by u4821,E103,Page view: {page} by {user}
13233,2026-01-10,21:24:55,INFO,WebServer,User u1545 login successful,E101,User {user} login successful
13234,2026-01-10,21:14:36,INFO,AuthService,Health check passed: AuthService,E102,Health check passed: {service}
13235,2026-01-10,21:45:02,INFO,OrderProcessor,Page view: /home by u1964,E103,Page view: {page} by {user}
13236,2026-01-10,21:51:14,INFO,WebServer,Health check passed: WebServer,E102,Health check passed: {service}
13237,2026-01-10,21:22:06,INFO,WebServer,User u2931 login successful,E101,User {user} login successful
13238,2026-01-10,21:05:28,INFO,OrderProcessor,Page view: /home by u4115,E103,Page view: {page} by {user}
13239,2026-01-10,21:13:39,INFO,OrderProcessor,Page view: /home by u2069,E103,Page view: {page} by {user}
13240,2026-01-10,21:21:40,INFO,WebServer,Page view: /home by u3089,E103,Page view: {page} by {user}
13241,2026-01-10,21:18:18,INFO,OrderProcessor,Health check passed: OrderProcessor,E102,Health check passed: {service}
13242,2026-01-10,21:47:46,INFO,OrderProcessor,Health check passed: OrderProcessor,E102,Health check passed: {service}
13243,2026-01-10,21:15:59,INFO,WebServer,User u4690 login successful,E101,User {user} login successful
13244,2026-01-10,21:32:53,INFO,WebServer,Health check passed: WebServer,E102,Health check passed: {service}
13245,2026-01-10,21:19:38,INFO,AuthService,Health check passed: AuthService,E102,Health check passed: {service}
13246,2026-01-10,21:34:14,INFO,AuthService,Page view: /home by u2343,E103,Page view: {page} by {user}
13247,2026-01-10,21:03:39,INFO,WebServer,Page view: /home by u2843,E103,Page view: {page} by {user}
13248,2026-01-10,21:33:41,INFO,WebServer,Transaction tx871358 completed in 1566ms,E104,Transaction {tx} completed in {time}ms
13249,2026-01-10,21:43:27,INFO,WebServer,User u4950 login successful,E101,User {user} login successful
13250,2026-01-10,21:00:25,INFO,WebServer,Transaction tx238065 completed in 630ms,E104,Transaction {tx} completed in {time}ms
13251,2026-01-10,21:32:30,INFO,WebServer,Page view: /home by u3974,E103,Page view: {page} by {user}
13252,2026-01-10,21:34:42,INFO,PaymentGateway,Health check passed: PaymentGateway,E102,Health check passed: {service}
13253,2026-01-10,21:17:03,INFO,WebServer,Page view: /home by u3449,E103,Page view: {page} by {user}
13254,2026-01-10,21:38:08,INFO,WebServer,Health check passed: WebServer,E102,Health check passed: {service}
13255,2026-01-10,21:03:18,INFO,WebServer,Health check passed: WebServer,E102,Health check passed: {service}
13256,2026-01-10,21:03:48,INFO,WebServer,Page view: /home by u2923,E103,Page view: {page} by {user}
13257,2026-01-10,21:32:26,INFO,InventoryDB,User u1377 login successful,E101,User {user} login successful
13258,2026-01-10,21:50:26,INFO,WebServer,User u3887 login successful,E101,User {user} login successful
13259,2026-01-10,21:35:26,INFO,PaymentGateway,Health check passed: PaymentGateway,E102,Health check passed: {service}
13260,2026-01-10,21:07:11,INFO,WebServer,Page view: /home by u3668,E103,Page view: {page} by {user}
13261,2026-01-10,21:25:04,INFO,WebServer,Page view: /home by u2329,E103,Page view: {page} by {user}
13262,2026-01-10,21:49:36,INFO,AuthService,Page view: /home by u4004,E103,Page view: {page} by {user}
13263,2026-01-10,21:49:56,INFO,WebServer,Health check passed: WebServer,E102,Health check passed: {service}
13264,2026-01-10,21:10:21,INFO,WebServer,Health check passed: WebServer,E102,Health check passed: {service}
13265,2026-01-10,21:32:30,INFO,WebServer,Health check passed: WebServer,E102,Health check passed: {service}
13266,2026-01-10,21:03:20,INFO,OrderProcessor,Health check passed: OrderProcessor,E102,Health check passed: {service}
13267,2026-01-10,21:33:43,INFO,WebServer,Health check passed: WebServer,E102,Health check passed: {service}
13268,2026-01-10,21:00:17,INFO,WebServer,Page view: /home by u3567,E103,Page view: {page} by {user}
13269,2026-01-10,21:38:32,INFO,PaymentGateway,Health check passed: PaymentGateway,E102,Health check passed: {service}
13270,2026-01-10,21:46:33,INFO,AuthService,Health check passed: AuthService,E102,Health check passed: {service}
13271,2026-01-10,21:17:49,INFO,PaymentGateway,Health check passed: PaymentGateway,E102,Health check passed: {service}
13272,2026-01-10,21:12:51,INFO,AuthService,Page view: /home by u2231,E103,Page view: {page} by {user}
13273,2026-01-10,21:31:30,INFO,AuthService,Page view: /home by u3392,E103,Page view: {page} by {user}
13274,2026-01-10,21:12:11,INFO,WebServer,Transaction tx457725 completed in 163ms,E104,Transaction {tx} completed in {time}ms
13275,2026-01-10,21:49:30,INFO,WebServer,Transaction tx631597 completed in 1079ms,E104,Transaction {tx} completed in {time}ms
13276,2026-01-10,21:39:16,INFO,WebServer,Page view: /home by u2001,E103,Page view: {page} by {user}
13277,2026-01-10,21:34:40,INFO,WebServer,Health check passed: WebServer,E102,Health check passed: {service}
13278,2026-01-10,21:47:44,WARN,AuthService,Disk usage > 85% on node node-1,E202,Disk usage > 85% on node {node}
13279,2026-01-10,21:50:11,WARN,WebServer,Disk usage > 85% on node node-3,E202,Disk usage > 85% on node {node}
13280,2026-01-10,21:12:32,INFO,WebServer,User u1579 login successful,E101,User {user} login successful
13281,2026-01-10,21:18:18,INFO,InventoryDB,User u3849 login successful,E101,User {user} login successful
13282,2026-01-10,21:07:44,INFO,WebServer,Page view: /home by u2156,E103,Page view: {page} by {user}
13283,2026-01-10,21:20:51,INFO,PaymentGateway,Transaction tx152941 completed in 1999ms,E104,Transaction {tx} completed in {time}ms
13284,2026-01-10,21:15:31,INFO,PaymentGateway,Health check passed: PaymentGateway,E102,Health check passed: {service}
13285,2026-01-10,21:25:13,INFO,WebServer,Transaction tx401046 completed in 1025ms,E104,Transaction {tx} completed in {time}ms
13286,2026-01-10,21:15:39,INFO,WebServer,Transaction tx144384 completed in 616ms,E104,Transaction {tx} completed in {time}ms
13287,2026-01-10,21:56:47,INFO,WebServer,Transaction tx547376 completed in 851ms,E104,Transaction {tx} completed in {time}ms
13288,2026-01-10,21:04:25,INFO,WebServer,User u1577 login successful,E101,User {user} login successful
13289,2026-01-10,21:02:46,INFO,AuthService,Health check passed: AuthService,E102,Health check passed: {service}
13290,2026-01-10,21:40:03,INFO,AuthService,Page view: /home by u4459,E103,Page view: {page} by {user}
13291,2026-01-10,21:19:23,INFO,WebServer,Transaction tx620761 completed in 670ms,E104,Transaction {tx} completed in {time}ms
13292,2026-01-10,21:47:35,INFO,WebServer,Transaction tx292457 completed in 1400ms,E104,Transaction {tx} completed in {time}ms
13293,2026-01-10,21:50:57,INFO,PaymentGateway,Transaction tx359600 completed in 748ms,E104,Transaction {tx} completed in {time}ms
13294,2026-01-10,21:02:48,INFO,WebServer,Health check passed: WebServer,E102,Health check passed: {service}
13295,2026-01-10,21:55:01,INFO,WebServer,Page view: /home by u1416,E103,Page view: {page} by {user}
13296,2026-01-10,21:38:21,INFO,PaymentGateway,Transaction tx693894 completed in 1055ms,E104,Transaction {tx} completed in {time}ms
13297,2026-01-10,21:30:50,INFO,WebServer,Health check passed: WebServer,E102,Health check passed: {service}
13298,2026-01-10,21:09:13,INFO,WebServer,Page view: /home by u2715,E103,Page view: {page} by {user}
13299,2026-01-10,21:43:07,INFO,PaymentGateway,Transaction tx404328 completed in 1230ms,E104,Transaction {tx} completed in {time}ms
13300,2026-01-10,21:16:27,INFO,WebServer,User u4866 login successful,E101,User {user} login successful
13301,2026-01-10,21:41:02,INFO,WebServer,Transaction tx967835 completed in 324ms,E104,Transaction {tx} completed in {time}ms
13302,2026-01-10,21:55:05,INFO,WebServer,Page view: /home by u1754,E103,Page view: {page} by {user}
13303,2026-01-10,21:26:07,INFO,WebServer,Health check passed: WebServer,E102,Health check passed: {service}
13304,2026-01-10,21:34:26,INFO,WebServer,User u3174 login successful,E101,User {user} login successful
13305,2026-01-10,21:25:05,INFO,OrderProcessor,User u4894 login successful,E101,User {user} login successful
13306,2026-01-10,21:39:16,INFO,PaymentGateway,Health check passed: PaymentGateway,E102,Health check passed: {service}
13307,2026-01-10,21:41:43,INFO,WebServer,Health check passed: WebServer,E102,Health check passed: {service}
13308,2026-01-10,21:33:18,INFO,WebServer,User u1708 login successful,E101,User {user} login successful
13309,2026-01-10,21:29:38,INFO,InventoryDB,Health check passed: InventoryDB,E102,Health check passed: {service}
13310,2026-01-10,21:29:48,INFO,OrderProcessor,Page view: /home by u2948,E103,Page view: {page} by {user}
13311,2026-01-10,21:33:09,INFO,WebServer,Health check passed: WebServer,E102,Health check passed: {service}
13312,2026-01-10,21:41:02,INFO,PaymentGateway,Health check passed: PaymentGateway,E102,Health check passed: {service}
13313,2026-01-10,21:18:48,ERROR,WebServer,Connection refused to WebServer at 10.0.0.12,E501,Connection refused to {service} at {ip}
13314,2026-01-10,21:29:22,INFO,PaymentGateway,Page view: /home by u3186,E103,Page view: {page} by {user}
13315,2026-01-10,21:33:55,INFO,OrderProcessor,Transaction tx822225 completed in 587ms,E104,Transaction {tx} completed in {time}ms
13316,2026-01-10,21:07:34,INFO,WebServer,User u4236 login successful,E101,User {user} login successful
13317,2026-01-10,21:03:39,INFO,WebServer,User u2066 login successful,E101,User {user} login successful
13318,2026-01-10,21:53:36,INFO,OrderProcessor,Transaction tx485798 completed in 173ms,E104,Transaction {tx} completed in {time}ms
13319,2026-01-10,21:18:52,INFO,AuthService,Transaction tx383097 completed in 1109ms,E104,Transaction {tx} completed in {time}ms
13320,2026-01-10,21:15:15,INFO,WebServer,Page view: /home by u3506,E103,Page view: {page} by {user}
13321,2026-01-10,21:38:14,WARN,WebServer,Disk usage > 85% on node node-1,E202,Disk usage > 85% on node {node}
13322,2026-01-10,21:32:49,INFO,WebServer,Transaction tx577106 completed in 310ms,E104,Transaction {tx} completed in {time}ms
13323,2026-01-10,21:37:10,INFO,WebServer,Transaction tx682660 completed in 567ms,E104,Transaction {tx} completed in {time}ms
13324,2026-01-10,21:27:18,INFO,AuthService,Page view: /home by u1529,E103,Page view: {page} by {user}
13325,2026-01-10,21:06:38,INFO,WebServer,Transaction tx985283 completed in 1963ms,E104,Transaction {tx} completed in {time}ms
13326,2026-01-10,21:57:07,INFO,WebServer,Transaction tx442797 completed in 438ms,E104,Transaction {tx} completed in {time}ms
13327,2026-01-10,21:27:27,INFO,WebServer,User u3802 login successful,E101,User {user} login successful
13328,2026-01-10,21:24:26,INFO,WebServer,User u2713 login successful,E101,User {user} login successful
13329,2026-01-10,21:44:45,INFO,AuthService,Page view: /home by u3208,E103,Page view: {page} by {user}
13330,2026-01-10,21:42:57,WARN,WebServer,Unauthorized access attempt from 10.0.0.45,E401,Unauthorized access attempt from {ip}
13331,2026-01-10,21:02:41,WARN,WebServer,High latency (994ms) detected on WebServer,E201,High latency ({time}ms) detected on {service}
13332,2026-01-10,21:02:00,WARN,PaymentGateway,Unauthorized access attempt from 10.0.0.45,E401,Unauthorized access attempt from {ip}
13333,2026-01-10,21:46:01,INFO,PaymentGateway,Transaction tx632963 completed in 1165ms,E104,Transaction {tx} completed in {time}ms
13334,2026-01-10,21:27:26,INFO,WebServer,Page view: /home by u2204,E103,Page view: {page} by {user}
13335,2026-01-10,21:09:27,INFO,WebServer,Page view: /home by u3981,E103,Page view: {page} by {user}
13336,2026-01-10,21:32:12,INFO,OrderProcessor,User u3255 login successful,E101,User {user} login successful
13337,2026-01-10,21:19:04,INFO,PaymentGateway,Transaction tx986513 completed in 70ms,E104,Transaction {tx} completed in {time}ms
13338,2026-01-10,21:22:49,INFO,WebServer,User u4333 login successful,E101,User {user} login successful
13339,2026-01-10,21:25:58,INFO,AuthService,Health check passed: AuthService,E102,Health check passed: {service}
13340,2026-01-10,21:31:44,INFO,WebServer,Health check passed: WebServer,E102,Health check passed: {service}
13341,2026-01-10,21:28:34,INFO,OrderProcessor,User u4969 login successful,E101,User {user} login successful
13342,2026-01-10,21:32:09,INFO,OrderProcessor,Page view: /home by u2633,E103,Page view: {page} by {user}
13343,2026-01-10,21:14:38,INFO,WebServer,Health check passed: WebServer,E102,Health check passed: {service}
13344,2026-01-10,21:40:22,INFO,WebServer,User u2363 login successful,E101,User {user} login successful
13345,2026-01-10,21:02:17,INFO,OrderProcessor,Transaction tx409888 completed in 403ms,E104,Transaction {tx} completed in {time}ms
13346,2026-01-10,21:44:37,INFO,WebServer,User u4315 login successful,E101,User {user} login successful
13347,2026-01-10,21:08:03,ERROR,OrderProcessor,Timeout waiting for lock on InventoryDB,E502,Timeout waiting for lock on {db}
13348,2026-01-10,21:22:04,INFO,OrderProcessor,Transaction tx666177 completed in 1251ms,E104,Transaction {tx} completed in {time}ms
13349,2026-01-10,21:54:13,INFO,WebServer,Health check passed: WebServer,E102,Health check passed: {service}
13350,2026-01-10,21:15:19,INFO,PaymentGateway,User u1377 login successful,E101,User {user} login successful
13351,2026-01-10,21:17:14,INFO,PaymentGateway,User u1739 login successful,E101,User {user} login successful
13352,2026-01-10,21:42:02,INFO,AuthService,Health check passed: AuthService,E102,Health check passed: {service}
13353,2026-01-10,21:12:00,INFO,WebServer,User u1699 login successful,E101,User {user} login successful
13354,2026-01-10,21:47:17,INFO,OrderProcessor,Page view: /home by u3662,E103,Page view: {page} by {user}
13355,2026-01-10,21:43:06,INFO,WebServer,Transaction tx937872 completed in 615ms,E104,Transaction {tx} completed in {time}ms
13356,2026-01-10,21:29:52,INFO,OrderProcessor,User u4462 login successful,E101,User {user} login successful
13357,2026-01-10,21:03:15,INFO,WebServer,User u3168 login successful,E101,User {user} login successful
13358,2026-01-10,21:25:20,INFO,AuthService,Page view: /home by u1647,E103,Page view: {page} by {user}
13359,2026-01-10,21:29:23,INFO,OrderProcessor,Transaction tx813705 completed in 1603ms,E104,Transaction {tx} completed in {time}ms
13360,2026-01-10,21:39:05,INFO,AuthService,User u4075 login successful,E101,User {user} login successful
13361,2026-01-10,21:04:15,INFO,AuthService,Health check passed: AuthService,E102,Health check passed: {service}
13362,2026-01-10,21:44:15,INFO,WebServer,User u1055 login successful,E101,User {user} login successful
13363,2026-01-10,21:29:35,INFO,WebServer,Transaction tx991849 completed in 1267ms,E104,Transaction {tx} completed in {time}ms
13364,2026-01-10,21:38:52,INFO,AuthService,Health check passed: AuthService,E102,Health check passed: {service}
13365,2026-01-10,21:37:02,INFO,AuthService,Transaction tx675609 completed in 178ms,E104,Transaction {tx} completed in {time}ms
13366,2026-01-10,21:58:33,INFO,WebServer,Health check passed: WebServer,E102,Health check passed: {service}
13367,2026-01-10,21:31:21,INFO,OrderProcessor,Page view: /home by u3101,E103,Page view: {page} by {user}
13368,2026-01-10,21:04:21,WARN,PaymentGateway,High latency (1457ms) detected on PaymentGateway,E201,High latency ({time}ms) detected on {service}
13369,2026-01-10,21:42:06,ERROR,AuthService,Payment declined: Gateway unavailable,E503,Payment declined: Gateway unavailable
13370,2026-01-10,21:39:33,INFO,WebServer,Transaction tx256026 completed in 344ms,E104,Transaction {tx} completed in {time}ms
13371,2026-01-10,21:37:47,INFO,PaymentGateway,User u2926 login successful,E101,User {user} login successful
13372,2026-01-10,21:59:06,WARN,AuthService,High latency (1865ms) detected on AuthService,E201,High latency ({time}ms) detected on {service}
13373,2026-01-10,21:27:20,INFO,WebServer,User u1656 login successful,E101,User {user} login successful
13374,2026-01-10,21:17:15,INFO,AuthService,User u1048 login successful,E101,User {user} login successful
13375,2026-01-10,21:10:46,INFO,WebServer,Transaction tx154992 completed in 1950ms,E104,Transaction {tx} completed in {time}ms
13376,2026-01-10,21:04:46,INFO,OrderProcessor,User u2249 login successful,E101,User {user} login successful
13377,2026-01-10,21:54:24,INFO,WebServer,Health check passed: WebServer,E102,Health check passed: {service}
13378,2026-01-10,21:54:18,INFO,WebServer,User u3320 login successful,E101,User {user} login successful
13379,2026-01-10,21:01:30,INFO,InventoryDB,User u3496 login successful,E101,User {user} login successful
13380,2026-01-10,21:43:46,INFO,AuthService,Health check passed: AuthService,E102,Health check passed: {service}
13381,2026-01-10,21:51:19,INFO,PaymentGateway,User u4385 login successful,E101,User {user} login successful
13382,2026-01-10,21:31:36,INFO,WebServer,Page view: /home by u3652,E103,Page view: {page} by {user}
13383,2026-01-10,21:37:52,INFO,WebServer,Health check passed: WebServer,E102,Health check passed: {service}
13384,2026-01-10,21:12:36,INFO,WebServer,User u1013 login successful,E101,User {user} login successful
13385,2026-01-10,21:43:44,INFO,InventoryDB,Page view: /home by u4885,E103,Page view: {page} by {user}
13386,2026-01-10,21:01:20,INFO,WebServer,Health check passed: WebServer,E102,Health check passed: {service}
13387,2026-01-10,21:56:28,INFO,WebServer,User u1034 login successful,E101,User {user} login successful
13388,2026-01-10,21:07:42,INFO,WebServer,Page view: /home by u3550,E103,Page view: {page} by {user}
13389,2026-01-10,21:33:03,CRITICAL,OrderProcessor,KERNEL PANIC: Node node-1 crashed,E601,KERNEL PANIC: Node {node} crashed
13390,2026-01-10,21:40:44,INFO,PaymentGateway,Health check passed: PaymentGateway,E102,Health check passed: {service}
13391,2026-01-10,21:57:36,INFO,OrderProcessor,Page view: /home by u4763,E103,Page view: {page} by {user}
13392,2026-01-10,21:19:54,INFO,WebServer,Transaction tx949800 completed in 1267ms,E104,Transaction {tx} completed in {time}ms
13393,2026-01-10,21:01:00,INFO,WebServer,User u3521 login successful,E101,User {user} login successful
13394,2026-01-10,21:01:30,INFO,WebServer,User u3326 login successful,E101,User {user} login successful
13395,2026-01-10,21:07:51,INFO,AuthService,Health check passed: AuthService,E102,Health check passed: {service}
13396,2026-01-10,21:13:16,INFO,PaymentGateway,User u2950 login successful,E101,User {user} login successful
13397,2026-01-10,21:41:34,INFO,AuthService,Page view: /home by u1092,E103,Page view: {page} by {user}
13398,2026-01-10,21:03:17,INFO,WebServer,User u2875 login successful,E101,User {user} login successful
13399,2026-01-10,21:07:34,INFO,OrderProcessor,User u3898 login successful,E101,User {user} login successful
13400,2026-01-10,21:12:11,INFO,AuthService,Transaction tx898134 completed in 999ms,E104,Transaction {tx} completed in {time}ms
13401,2026-01-10,21:08:47,INFO,WebServer,User u4357 login successful,E101,User {user} login successful
13402,2026-01-10,21:24:07,INFO,InventoryDB,Health check passed: InventoryDB,E102,Health check passed: {service}
13403,2026-01-10,21:24:30,INFO,OrderProcessor,Health check passed: OrderProcessor,E102,Health check passed: {service}
13404,2026-01-10,21:49:35,INFO,AuthService,User u1185 login successful,E101,User {user} login successful
13405,2026-01-10,21:11:48,INFO,WebServer,User u3981 login successful,E101,User {user} login successful
13406,2026-01-10,21:11:32,INFO,WebServer,Transaction tx441142 completed in 908ms,E104,Transaction {tx} completed in {time}ms
13407,2026-01-10,21:10:40,INFO,WebServer,Page view: /home by u2947,E103,Page view: {page} by {user}
13408,2026-01-10,21:56:38,INFO,PaymentGateway,Page view: /home by u4439,E103,Page view: {page} by {user}
13409,2026-01-10,21:20:25,INFO,PaymentGateway,Page view: /home by u2716,E103,Page view: {page} by {user}
13410,2026-01-10,21:37:33,INFO,WebServer,Transaction tx296630 completed in 217ms,E104,Transaction {tx} completed in {time}ms
13411,2026-01-10,21:37:05,INFO,AuthService,User u4862 login successful,E101,User {user} login successful
13412,2026-01-10,21:40:30,INFO,WebServer,Transaction tx238027 completed in 1413ms,E104,Transaction {tx} completed in {time}ms
13413,2026-01-10,21:46:06,INFO,OrderProcessor,Health check passed: OrderProcessor,E102,Health check passed: {service}
13414,2026-01-10,21:25:10,INFO,WebServer,Health check passed: WebServer,E102,Health check passed: {service}
13415,2026-01-10,21:03:50,INFO,WebServer,User u2307 login successful,E101,User {user} login successful
13416,2026-01-10,21:33:31,INFO,WebServer,Page view: /home by u2097,E103,Page view: {page} by {user}
13417,2026-01-10,21:11:28,INFO,WebServer,Transaction tx183854 completed in 1674ms,E104,Transaction {tx} completed in {time}ms
13418,2026-01-10,21:05:22,INFO,PaymentGateway,User u1533 login successful,E101,User {user} login successful
13419,2026-01-10,21:34:03,INFO,WebServer,Transaction tx293765 completed in 1277ms,E104,Transaction {tx} completed in {time}ms
13420,2026-01-10,21:40:33,INFO,PaymentGateway,Transaction tx959966 completed in 511ms,E104,Transaction {tx} completed in {time}ms
13421,2026-01-10,21:03:20,INFO,WebServer,Health check passed: WebServer,E102,Health check passed: {service}
13422,2026-01-10,21:59:33,INFO,OrderProcessor,Transaction tx514249 completed in 458ms,E104,Transaction {tx} completed in {time}ms
13423,2026-01-10,21:30:13,INFO,WebServer,Page view: /home by u2975,E103,Page view: {page} by {user}
13424,2026-01-10,21:59:30,INFO,OrderProcessor,Health check passed: OrderProcessor,E102,Health check passed: {service}
13425,2026-01-10,21:58:09,INFO,OrderProcessor,Page view: /home by u2579,E103,Page view: {page} by {user}
13426,2026-01-10,21:19:51,INFO,OrderProcessor,Transaction tx572957 completed in 1346ms,E104,Transaction {tx} completed in {time}ms
13427,2026-01-10,21:05:16,INFO,WebServer,Transaction tx834439 completed in 354ms,E104,Transaction {tx} completed in {time}ms
13428,2026-01-10,21:54:27,INFO,WebServer,Transaction tx456822 completed in 1766ms,E104,Transaction {tx} completed in {time}ms
13429,2026-01-10,21:33:53,INFO,PaymentGateway,Health check passed: PaymentGateway,E102,Health check passed: {service}
13430,2026-01-10,21:57:14,INFO,OrderProcessor,User u4524 login successful,E101,User {user} login successful
13431,2026-01-10,21:45:40,INFO,PaymentGateway,Health check passed: PaymentGateway,E102,Health check passed: {service}
13432,2026-01-10,21:24:39,INFO,InventoryDB,Health check passed: InventoryDB,E102,Health check passed: {service}
13433,2026-01-10,21:01:41,INFO,WebServer,Transaction tx744503 completed in 1207ms,E104,Transaction {tx} completed in {time}ms
13434,2026-01-10,21:59:10,INFO,WebServer,Health check passed: WebServer,E102,Health check passed: {service}
13435,2026-01-10,21:40:44,INFO,PaymentGateway,User u1039 login successful,E101,User {user} login successful
13436,2026-01-10,21:05:54,INFO,AuthService,Page view: /home by u1466,E103,Page view: {page} by {user}
13437,2026-01-10,21:11:24,WARN,WebServer,High latency (233ms) detected on WebServer,E201,High latency ({time}ms) detected on {service}
13438,2026-01-10,21:29:19,WARN,PaymentGateway,Unauthorized access attempt from 10.0.0.45,E401,Unauthorized access attempt from {ip}
13439,2026-01-10,21:17:39,INFO,AuthService,Transaction tx764019 completed in 458ms,E104,Transaction {tx} completed in {time}ms
13440,2026-01-10,21:51:50,INFO,WebServer,Page view: /home by u4594,E103,Page view: {page} by {user}
13441,2026-01-10,21:25:01,INFO,AuthService,Page view: /home by u1688,E103,Page view: {page} by {user}
13442,2026-01-10,21:31:04,INFO,WebServer,User u1145 login successful,E101,User {user} login successful
13443,2026-01-10,21:40:22,INFO,AuthService,Page view: /home by u4463,E103,Page view: {page} by {user}
13444,2026-01-10,21:50:45,INFO,AuthService,Page view: /home by u3826,E103,Page view: {page} by {user}
13445,2026-01-10,22:09:52,WARN,OrderProcessor,Disk usage > 85% on node node-5,E202,Disk usage > 85% on node {node}
13446,2026-01-10,22:57:50,INFO,AuthService,Page view: /home by u3965,E103,Page view: {page} by {user}
13447,2026-01-10,22:11:54,INFO,WebServer,Transaction tx500534 completed in 1018ms,E104,Transaction {tx} completed in {time}ms
13448,2026-01-10,22:30:25,WARN,AuthService,Unauthorized access attempt from 10.0.0.45,E401,Unauthorized access attempt from {ip}
13449,2026-01-10,22:48:44,INFO,WebServer,Health check passed: WebServer,E102,Health check passed: {service}
13450,2026-01-10,22:54:49,INFO,OrderProcessor,User u2070 login successful,E101,User {user} login successful
13451,2026-01-10,22:23:18,INFO,WebServer,Health check passed: WebServer,E102,Health check passed: {service}
13452,2026-01-10,22:34:52,INFO,PaymentGateway,Transaction tx590382 completed in 948ms,E104,Transaction {tx} completed in {time}ms
13453,2026-01-10,22:25:10,INFO,WebServer,Transaction tx232333 completed in 1252ms,E104,Transaction {tx} completed in {time}ms
13454,2026-01-10,22:30:25,INFO,AuthService,Transaction tx260719 completed in 32ms,E104,Transaction {tx} completed in {time}ms
13455,2026-01-10,22:01:46,INFO,WebServer,Health check passed: WebServer,E102,Health check passed: {service}
13456,2026-01-10,22:13:27,INFO,WebServer,Page view: /home by u4357,E103,Page view: {page} by {user}
13457,2026-01-10,22:19:08,INFO,AuthService,Transaction tx916765 completed in 1574ms,E104,Transaction {tx} completed in {time}ms
13458,2026-01-10,22:26:36,INFO,WebServer,Health check passed: WebServer,E102,Health check passed: {service}
13459,2026-01-10,22:58:22,INFO,WebServer,Health check passed: WebServer,E102,Health check passed: {service}
13460,2026-01-10,22:09:36,WARN,WebServer,Disk usage > 85% on node node-4,E202,Disk usage > 85% on node {node}
13461,2026-01-10,22:12:49,INFO,WebServer,Page view: /home by u1179,E103,Page view: {page} by {user}
13462,2026-01-10,22:50:43,INFO,WebServer,User u1798 login successful,E101,User {user} login successful
13463,2026-01-10,22:12:52,INFO,WebServer,Page view: /home by u3672,E103,Page view: {page} by {user}
13464,2026-01-10,22:08:20,INFO,OrderProcessor,User u2295 login successful,E101,User {user} login successful
13465,2026-01-10,22:43:03,WARN,PaymentGateway,Disk usage > 85% on node node-2,E202,Disk usage > 85% on node {node}
13466,2026-01-10,22:50:54,INFO,WebServer,Transaction tx721226 completed in 211ms,E104,Transaction {tx} completed in {time}ms
13467,2026-01-10,22:35:35,INFO,PaymentGateway,Health check passed: PaymentGateway,E102,Health check passed: {service}
13468,2026-01-10,22:13:24,INFO,WebServer,Health check passed: WebServer,E102,Health check passed: {service}
13469,2026-01-10,22:44:15,INFO,PaymentGateway,Health check passed: PaymentGateway,E102,Health check passed: {service}
13470,2026-01-10,22:29:42,INFO,AuthService,Page view: /home by u2086,E103,Page view: {page} by {user}
13471,2026-01-10,22:54:50,INFO,InventoryDB,Transaction tx960599 completed in 1512ms,E104,Transaction {tx} completed in {time}ms
13472,2026-01-10,22:11:32,INFO,WebServer,Transaction tx993127 completed in 591ms,E104,Transaction {tx} completed in {time}ms
13473,2026-01-10,22:52:45,INFO,AuthService,Transaction tx310705 completed in 1838ms,E104,Transaction {tx} completed in {time}ms
13474,2026-01-10,22:57:38,INFO,AuthService,Page view: /home by u3358,E103,Page view: {page} by {user}
13475,2026-01-10,22:48:54,INFO,WebServer,Page view: /home by u4842,E103,Page view: {page} by {user}
13476,2026-01-10,22:19:50,INFO,WebServer,Page view: /home by u4140,E103,Page view: {page} by {user}
13477,2026-01-10,22:59:41,INFO,OrderProcessor,User u2281 login successful,E101,User {user} login successful
13478,2026-01-10,22:37:27,INFO,WebServer,Transaction tx843301 completed in 184ms,E104,Transaction {tx} completed in {time}ms
13479,2026-01-10,22:21:35,INFO,PaymentGateway,Health check passed: PaymentGateway,E102,Health check passed: {service}
13480,2026-01-10,22:43:14,INFO,InventoryDB,Transaction tx362932 completed in 1605ms,E104,Transaction {tx} completed in {time}ms
13481,2026-01-10,22:02:28,INFO,OrderProcessor,User u1514 login successful,E101,User {user} login successful
13482,2026-01-10,22:47:26,INFO,OrderProcessor,Health check passed: OrderProcessor,E102,Health check passed: {service}
13483,2026-01-10,22:49:21,INFO,InventoryDB,User u4808 login successful,E101,User {user} login successful
13484,2026-01-10,22:29:10,INFO,WebServer,Health check passed: WebServer,E102,Health check passed: {service}
13485,2026-01-10,22:46:40,INFO,InventoryDB,Page view: /home by u3854,E103,Page view: {page} by {user}
13486,2026-01-10,22:41:37,WARN,WebServer,Unauthorized access attempt from 10.0.0.12,E401,Unauthorized access attempt from {ip}
13487,2026-01-10,22:52:27,WARN,WebServer,High latency (1106ms) detected on WebServer,E201,High latency ({time}ms) detected on {service}
13488,2026-01-10,22:38:33,ERROR,WebServer,Timeout waiting for lock on InventoryDB,E502,Timeout waiting for lock on {db}
13489,2026-01-10,22:32:43,INFO,WebServer,User u4582 login successful,E101,User {user} login successful
13490,2026-01-10,22:25:40,INFO,PaymentGateway,Transaction tx185271 completed in 1919ms,E104,Transaction {tx} completed in {time}ms
13491,2026-01-10,22:28:01,INFO,AuthService,Transaction tx427264 completed in 1645ms,E104,Transaction {tx} completed in {time}ms
13492,2026-01-10,22:56:35,INFO,PaymentGateway,Health check passed: PaymentGateway,E102,Health check passed: {service}
13493,2026-01-10,22:18:12,INFO,WebServer,Page view: /home by u1022,E103,Page view: {page} by {user}
13494,2026-01-10,22:54:41,INFO,WebServer,Transaction tx417258 completed in 623ms,E104,Transaction {tx} completed in {time}ms
13495,2026-01-10,22:56:06,INFO,AuthService,User u1808 login successful,E101,User {user} login successful
13496,2026-01-10,22:41:55,INFO,WebServer,Transaction tx611609 completed in 1571ms,E104,Transaction {tx} completed in {time}ms
13497,2026-01-10,22:50:04,INFO,WebServer,Health check passed: WebServer,E102,Health check passed: {service}
13498,2026-01-10,22:46:39,INFO,AuthService,Page view: /home by u4373,E103,Page view: {page} by {user}
13499,2026-01-10,22:24:21,INFO,WebServer,User u2592 login successful,E101,User {user} login successful
13500,2026-01-10,22:30:07,INFO,WebServer,Health check passed: WebServer,E102,Health check passed: {service}
13501,2026-01-10,22:23:33,INFO,OrderProcessor,Transaction tx133377 completed in 266ms,E104,Transaction {tx} completed in {time}ms
13502,2026-01-10,22:39:42,WARN,InventoryDB,Unauthorized access attempt from 10.0.0.88,E401,Unauthorized access attempt from {ip}
13503,2026-01-10,22:43:03,INFO,OrderProcessor,Health check passed: OrderProcessor,E102,Health check passed: {service}
13504,2026-01-10,22:19:50,INFO,OrderProcessor,Transaction tx429028 completed in 1275ms,E104,Transaction {tx} completed in {time}ms
13505,2026-01-10,22:02:54,INFO,InventoryDB,Page view: /home by u3094,E103,Page view: {page} by {user}
13506,2026-01-10,22:33:48,INFO,OrderProcessor,Transaction tx537465 completed in 1818ms,E104,Transaction {tx} completed in {time}ms
13507,2026-01-10,22:13:17,INFO,WebServer,Transaction tx111004 completed in 853ms,E104,Transaction {tx} completed in {time}ms
13508,2026-01-10,22:28:34,INFO,WebServer,Page view: /home by u1334,E103,Page view: {page} by {user}
13509,2026-01-10,22:19:15,INFO,WebServer,User u3639 login successful,E101,User {user} login successful
13510,2026-01-10,22:05:49,INFO,WebServer,User u1413 login successful,E101,User {user} login successful
13511,2026-01-10,22:49:42,INFO,InventoryDB,Page view: /home by u2162,E103,Page view: {page} by {user}
13512,2026-01-10,22:12:42,INFO,WebServer,User u4879 login successful,E101,User {user} login successful
13513,2026-01-10,22:09:34,INFO,WebServer,Health check passed: WebServer,E102,Health check passed: {service}
13514,2026-01-10,22:25:15,INFO,WebServer,User u3416 login successful,E101,User {user} login successful
13515,2026-01-10,22:20:03,INFO,OrderProcessor,User u2486 login successful,E101,User {user} login successful
13516,2026-01-10,22:29:18,INFO,AuthService,User u4430 login successful,E101,User {user} login successful
13517,2026-01-10,22:29:24,INFO,AuthService,Transaction tx435948 completed in 435ms,E104,Transaction {tx} completed in {time}ms
13518,2026-01-10,22:01:28,INFO,PaymentGateway,Health check passed: PaymentGateway,E102,Health check passed: {service}
13519,2026-01-10,22:27:04,INFO,OrderProcessor,Page view: /home by u4681,E103,Page view: {page} by {user}
13520,2026-01-10,22:26:37,INFO,InventoryDB,User u2499 login successful,E101,User {user} login successful
13521,2026-01-10,22:10:35,INFO,OrderProcessor,Transaction tx455027 completed in 912ms,E104,Transaction {tx} completed in {time}ms
13522,2026-01-10,22:57:55,INFO,WebServer,User u3725 login successful,E101,User {user} login successful
13523,2026-01-10,22:06:43,INFO,WebServer,Transaction tx766337 completed in 1523ms,E104,Transaction {tx} completed in {time}ms
13524,2026-01-10,22:58:19,INFO,WebServer,Health check passed: WebServer,E102,Health check passed: {service}
13525,2026-01-10,22:55:16,INFO,InventoryDB,User u4652 login successful,E101,User {user} login successful
13526,2026-01-10,22:57:49,INFO,WebServer,User u3682 login successful,E101,User {user} login successful
13527,2026-01-10,22:10:50,INFO,AuthService,Page view: /home by u1248,E103,Page view: {page} by {user}
13528,2026-01-10,22:46:19,INFO,PaymentGateway,Page view: /home by u1874,E103,Page view: {page} by {user}
13529,2026-01-10,22:38:31,INFO,AuthService,Transaction tx807782 completed in 1295ms,E104,Transaction {tx} completed in {time}ms
13530,2026-01-10,22:42:33,INFO,OrderProcessor,User u2581 login successful,E101,User {user} login successful
13531,2026-01-10,22:46:14,INFO,OrderProcessor,Page view: /home by u2350,E103,Page view: {page} by {user}
13532,2026-01-10,22:54:31,INFO,WebServer,Health check passed: WebServer,E102,Health check passed: {service}
13533,2026-01-10,22:24:14,INFO,WebServer,Transaction tx111477 completed in 1804ms,E104,Transaction {tx} completed in {time}ms
13534,2026-01-10,22:57:34,WARN,WebServer,Disk usage > 85% on node node-5,E202,Disk usage > 85% on node {node}
13535,2026-01-10,22:16:45,INFO,WebServer,Transaction tx877010 completed in 1625ms,E104,Transaction {tx} completed in {time}ms
13536,2026-01-10,22:53:29,INFO,WebServer,Health check passed: WebServer,E102,Health check passed: {service}
13537,2026-01-10,22:50:32,INFO,WebServer,Transaction tx320609 completed in 754ms,E104,Transaction {tx} completed in {time}ms
13538,2026-01-10,22:53:55,INFO,InventoryDB,Health check passed: InventoryDB,E102,Health check passed: {service}
13539,2026-01-10,22:22:44,INFO,OrderProcessor,Page view: /home by u3097,E103,Page view: {page} by {user}
13540,2026-01-10,22:04:39,INFO,WebServer,Health check passed: WebServer,E102,Health check passed: {service}
13541,2026-01-10,22:06:07,INFO,WebServer,User u2794 login successful,E101,User {user} login successful
13542,2026-01-10,22:05:38,INFO,WebServer,Page view: /home by u2932,E103,Page view: {page} by {user}
13543,2026-01-10,22:47:52,INFO,OrderProcessor,User u2862 login successful,E101,User {user} login successful
13544,2026-01-10,22:14:11,INFO,OrderProcessor,Page view: /home by u2852,E103,Page view: {page} by {user}
13545,2026-01-10,22:07:59,INFO,WebServer,Page view: /home by u3628,E103,Page view: {page} by {user}
13546,2026-01-10,22:03:11,INFO,WebServer,Page view: /home by u3791,E103,Page view: {page} by {user}
13547,2026-01-10,22:40:14,WARN,WebServer,Disk usage > 85% on node node-2,E202,Disk usage > 85% on node {node}
13548,2026-01-10,22:13:57,INFO,WebServer,Transaction tx536426 completed in 1302ms,E104,Transaction {tx} completed in {time}ms
13549,2026-01-10,22:15:24,INFO,OrderProcessor,Transaction tx727523 completed in 570ms,E104,Transaction {tx} completed in {time}ms
13550,2026-01-10,22:33:47,INFO,AuthService,Transaction tx509731 completed in 203ms,E104,Transaction {tx} completed in {time}ms
13551,2026-01-10,22:56:43,INFO,OrderProcessor,User u4217 login successful,E101,User {user} login successful
13552,2026-01-10,22:14:54,INFO,WebServer,Health check passed: WebServer,E102,Health check passed: {service}
13553,2026-01-10,22:57:16,INFO,WebServer,Transaction tx828764 completed in 1403ms,E104,Transaction {tx} completed in {time}ms
13554,2026-01-10,22:03:18,INFO,AuthService,Health check passed: AuthService,E102,Health check passed: {service}
13555,2026-01-10,22:32:12,INFO,InventoryDB,User u4099 login successful,E101,User {user} login successful
13556,2026-01-10,22:32:42,INFO,WebServer,Page view: /home by u1079,E103,Page view: {page} by {user}
13557,2026-01-10,22:57:03,INFO,AuthService,Health check passed: AuthService,E102,Health check passed: {service}
13558,2026-01-10,22:58:09,INFO,WebServer,Health check passed: WebServer,E102,Health check passed: {service}
13559,2026-01-10,22:08:35,INFO,OrderProcessor,Health check passed: OrderProcessor,E102,Health check passed: {service}
13560,2026-01-10,22:05:31,INFO,AuthService,Page view: /home by u3219,E103,Page view: {page} by {user}
13561,2026-01-10,22:47:25,INFO,OrderProcessor,Page view: /home by u2542,E103,Page view: {page} by {user}
13562,2026-01-10,22:03:38,INFO,WebServer,Transaction tx968955 completed in 1928ms,E104,Transaction {tx} completed in {time}ms
13563,2026-01-10,22:01:04,INFO,AuthService,Page view: /home by u2078,E103,Page view: {page} by {user}
13564,2026-01-10,22:41:11,INFO,WebServer,User u3905 login successful,E101,User {user} login successful
13565,2026-01-10,22:35:26,INFO,WebServer,Page view: /home by u3380,E103,Page view: {page} by {user}
13566,2026-01-10,22:12:13,INFO,WebServer,Health check passed: WebServer,E102,Health check passed: {service}
13567,2026-01-10,22:25:02,INFO,WebServer,Health check passed: WebServer,E102,Health check passed: {service}
13568,2026-01-10,22:28:52,INFO,AuthService,User u3381 login successful,E101,User {user} login successful
13569,2026-01-10,22:45:57,INFO,WebServer,Health check passed: WebServer,E102,Health check passed: {service}
13570,2026-01-10,22:39:17,INFO,AuthService,Transaction tx432915 completed in 886ms,E104,Transaction {tx} completed in {time}ms
13571,2026-01-10,22:24:47,INFO,WebServer,Transaction tx291688 completed in 1840ms,E104,Transaction {tx} completed in {time}ms
13572,2026-01-10,22:06:22,INFO,AuthService,Transaction tx156548 completed in 278ms,E104,Transaction {tx} completed in {time}ms
13573,2026-01-10,22:34:15,WARN,WebServer,Unauthorized access attempt from 10.0.0.45,E401,Unauthorized access attempt from {ip}
13574,2026-01-10,22:15:33,INFO,PaymentGateway,Transaction tx190932 completed in 306ms,E104,Transaction {tx} completed in {time}ms
13575,2026-01-10,22:47:15,INFO,WebServer,Transaction tx281141 completed in 1494ms,E104,Transaction {tx} completed in {time}ms
13576,2026-01-10,22:22:47,INFO,WebServer,Health check passed: WebServer,E102,Health check passed: {service}
13577,2026-01-10,22:06:37,INFO,OrderProcessor,Page view: /home by u2385,E103,Page view: {page} by {user}
13578,2026-01-10,22:15:44,WARN,WebServer,Disk usage > 85% on node node-1,E202,Disk usage > 85% on node {node}
13579,2026-01-10,22:11:24,INFO,WebServer,Transaction tx514316 completed in 752ms,E104,Transaction {tx} completed in {time}ms
13580,2026-01-10,22:43:28,INFO,WebServer,Health check passed: WebServer,E102,Health check passed: {service}
13581,2026-01-10,22:46:28,INFO,AuthService,Page view: /home by u2493,E103,Page view: {page} by {user}
13582,2026-01-10,22:38:18,INFO,WebServer,Transaction tx127748 completed in 416ms,E104,Transaction {tx} completed in {time}ms
13583,2026-01-10,22:27:55,INFO,OrderProcessor,Transaction tx935071 completed in 1680ms,E104,Transaction {tx} completed in {time}ms
13584,2026-01-10,22:14:14,INFO,WebServer,Transaction tx438602 completed in 1877ms,E104,Transaction {tx} completed in {time}ms
13585,2026-01-10,22:31:16,INFO,WebServer,User u2853 login successful,E101,User {user} login successful
13586,2026-01-10,22:44:52,INFO,WebServer,Page view: /home by u4369,E103,Page view: {page} by {user}
13587,2026-01-10,22:24:12,INFO,AuthService,User u4548 login successful,E101,User {user} login successful
13588,2026-01-10,22:31:09,INFO,WebServer,Health check passed: WebServer,E102,Health check passed: {service}
13589,2026-01-10,22:41:55,INFO,WebServer,Transaction tx700975 completed in 478ms,E104,Transaction {tx} completed in {time}ms
13590,2026-01-10,22:01:18,INFO,WebServer,Health check passed: WebServer,E102,Health check passed: {service}
13591,2026-01-10,22:40:42,INFO,OrderProcessor,Health check passed: OrderProcessor,E102,Health check passed: {service}
13592,2026-01-10,22:53:35,INFO,WebServer,Health check passed: WebServer,E102,Health check passed: {service}
13593,2026-01-10,22:16:34,INFO,OrderProcessor,User u2140 login successful,E101,User {user} login successful
13594,2026-01-10,22:32:11,WARN,WebServer,Unauthorized access attempt from 10.0.0.45,E401,Unauthorized access attempt from {ip}
13595,2026-01-10,22:58:48,INFO,WebServer,User u2101 login successful,E101,User {user} login successful
13596,2026-01-10,22:00:27,WARN,WebServer,Unauthorized access attempt from 10.0.0.45,E401,Unauthorized access attempt from {ip}
13597,2026-01-10,22:45:45,INFO,OrderProcessor,Page view: /home by u4271,E103,Page view: {page} by {user}
13598,2026-01-10,22:43:15,WARN,WebServer,Unauthorized access attempt from 10.0.0.99,E401,Unauthorized access attempt from {ip}
13599,2026-01-10,22:09:21,INFO,InventoryDB,Page view: /home by u1905,E103,Page view: {page} by {user}
13600,2026-01-10,22:33:41,INFO,WebServer,User u4130 login successful,E101,User {user} login successful
13601,2026-01-10,22:29:23,INFO,WebServer,Page view: /home by u4254,E103,Page view: {page} by {user}
13602,2026-01-10,22:32:57,INFO,WebServer,Health check passed: WebServer,E102,Health check passed: {service}
13603,2026-01-10,22:47:02,INFO,WebServer,Transaction tx178317 completed in 773ms,E104,Transaction {tx} completed in {time}ms
13604,2026-01-10,22:26:39,INFO,WebServer,Transaction tx976208 completed in 1266ms,E104,Transaction {tx} completed in {time}ms
13605,2026-01-10,22:29:24,INFO,InventoryDB,Health check passed: InventoryDB,E102,Health check passed: {service}
13606,2026-01-10,22:47:22,INFO,WebServer,Health check passed: WebServer,E102,Health check passed: {service}
13607,2026-01-10,22:12:59,INFO,WebServer,User u2671 login successful,E101,User {user} login successful
13608,2026-01-10,22:31:18,INFO,AuthService,User u2070 login successful,E101,User {user} login successful
13609,2026-01-10,22:10:42,INFO,AuthService,User u3947 login successful,E101,User {user} login successful
13610,2026-01-10,22:55:51,INFO,WebServer,Transaction tx314948 completed in 45ms,E104,Transaction {tx} completed in {time}ms
13611,2026-01-10,22:02:28,INFO,WebServer,User u2689 login successful,E101,User {user} login successful
13612,2026-01-10,22:25:22,INFO,WebServer,Page view: /home by u4578,E103,Page view: {page} by {user}
13613,2026-01-10,22:34:13,INFO,WebServer,Transaction tx840516 completed in 959ms,E104,Transaction {tx} completed in {time}ms
13614,2026-01-10,22:49:50,INFO,WebServer,User u2660 login successful,E101,User {user} login successful
13615,2026-01-10,22:58:19,WARN,PaymentGateway,Disk usage > 85% on node node-2,E202,Disk usage > 85% on node {node}
13616,2026-01-10,22:55:59,INFO,WebServer,Transaction tx300826 completed in 325ms,E104,Transaction {tx} completed in {time}ms
13617,2026-01-10,22:05:29,WARN,WebServer,Unauthorized access attempt from 10.0.0.45,E401,Unauthorized access attempt from {ip}
13618,2026-01-10,22:23:06,INFO,AuthService,User u4172 login successful,E101,User {user} login successful
13619,2026-01-10,22:09:42,INFO,WebServer,User u2444 login successful,E101,User {user} login successful
13620,2026-01-10,22:04:07,INFO,AuthService,Transaction tx277262 completed in 1464ms,E104,Transaction {tx} completed in {time}ms
13621,2026-01-10,22:16:25,INFO,WebServer,Transaction tx129834 completed in 1914ms,E104,Transaction {tx} completed in {time}ms
13622,2026-01-10,22:33:48,INFO,WebServer,User u1403 login successful,E101,User {user} login successful
13623,2026-01-10,22:44:20,INFO,WebServer,User u2043 login successful,E101,User {user} login successful
13624,2026-01-10,22:55:25,INFO,WebServer,Page view: /home by u3852,E103,Page view: {page} by {user}
13625,2026-01-10,22:20:28,INFO,PaymentGateway,Transaction tx612103 completed in 958ms,E104,Transaction {tx} completed in {time}ms
13626,2026-01-10,22:45:28,INFO,AuthService,Transaction tx601890 completed in 1079ms,E104,Transaction {tx} completed in {time}ms
13627,2026-01-10,22:51:18,INFO,OrderProcessor,User u2680 login successful,E101,User {user} login successful
13628,2026-01-10,22:01:48,INFO,PaymentGateway,Transaction tx203920 completed in 644ms,E104,Transaction {tx} completed in {time}ms
13629,2026-01-10,22:37:53,INFO,InventoryDB,User u2978 login successful,E101,User {user} login successful
13630,2026-01-10,22:18:40,INFO,WebServer,Health check passed: WebServer,E102,Health check passed: {service}
13631,2026-01-10,22:49:33,INFO,WebServer,User u4227 login successful,E101,User {user} login successful
13632,2026-01-10,22:29:28,INFO,AuthService,Transaction tx399833 completed in 100ms,E104,Transaction {tx} completed in {time}ms
13633,2026-01-10,22:40:01,INFO,WebServer,Page view: /home by u3018,E103,Page view: {page} by {user}
13634,2026-01-10,22:22:29,INFO,WebServer,User u2597 login successful,E101,User {user} login successful
13635,2026-01-10,22:13:56,INFO,WebServer,Page view: /home by u1354,E103,Page view: {page} by {user}
13636,2026-01-10,22:01:23,ERROR,WebServer,Payment declined: Gateway unavailable,E503,Payment declined: Gateway unavailable
13637,2026-01-10,22:37:57,INFO,OrderProcessor,Health check passed: OrderProcessor,E102,Health check passed: {service}
13638,2026-01-10,22:53:34,INFO,WebServer,Page view: /home by u1677,E103,Page view: {page} by {user}
13639,2026-01-10,22:40:39,INFO,AuthService,Transaction tx822851 completed in 294ms,E104,Transaction {tx} completed in {time}ms
13640,2026-01-10,22:45:01,INFO,WebServer,Page view: /home by u1083,E103,Page view: {page} by {user}
13641,2026-01-10,22:34:07,INFO,WebServer,Health check passed: WebServer,E102,Health check passed: {service}
13642,2026-01-10,22:00:52,INFO,OrderProcessor,User u4221 login successful,E101,User {user} login successful
13643,2026-01-10,22:10:19,INFO,WebServer,Transaction tx450902 completed in 1767ms,E104,Transaction {tx} completed in {time}ms
13644,2026-01-10,22:04:52,ERROR,OrderProcessor,Payment declined: Gateway unavailable,E503,Payment declined: Gateway unavailable
13645,2026-01-10,22:51:45,INFO,OrderProcessor,User u1983 login successful,E101,User {user} login successful
13646,2026-01-10,22:22:41,INFO,OrderProcessor,User u3834 login successful,E101,User {user} login successful
13647,2026-01-10,22:27:54,INFO,WebServer,Transaction tx681378 completed in 1939ms,E104,Transaction {tx} completed in {time}ms
13648,2026-01-10,22:09:08,INFO,AuthService,Page view: /home by u2633,E103,Page view: {page} by {user}
13649,2026-01-10,22:29:27,INFO,WebServer,Health check passed: WebServer,E102,Health check passed: {service}
13650,2026-01-10,22:17:26,INFO,WebServer,User u3011 login successful,E101,User {user} login successful
13651,2026-01-10,22:10:08,WARN,WebServer,High latency (1330ms) detected on WebServer,E201,High latency ({time}ms) detected on {service}
13652,2026-01-10,22:31:25,WARN,AuthService,High latency (62ms) detected on AuthService,E201,High latency ({time}ms) detected on {service}
13653,2026-01-10,22:58:31,INFO,WebServer,User u1322 login successful,E101,User {user} login successful
13654,2026-01-10,22:22:21,WARN,PaymentGateway,Unauthorized access attempt from 10.0.0.45,E401,Unauthorized access attempt from {ip}
13655,2026-01-10,22:55:18,INFO,OrderProcessor,Transaction tx608735 completed in 571ms,E104,Transaction {tx} completed in {time}ms
13656,2026-01-10,22:14:59,INFO,AuthService,User u1062 login successful,E101,User {user} login successful
13657,2026-01-10,22:04:11,INFO,InventoryDB,Health check passed: InventoryDB,E102,Health check passed: {service}
13658,2026-01-10,22:15:27,INFO,OrderProcessor,Page view: /home by u1263,E103,Page view: {page} by {user}
13659,2026-01-10,22:17:38,WARN,OrderProcessor,Disk usage > 85% on node node-2,E202,Disk usage > 85% on node {node}
13660,2026-01-10,22:11:40,INFO,WebServer,Transaction tx735438 completed in 1687ms,E104,Transaction {tx} completed in {time}ms
13661,2026-01-10,22:36:24,INFO,WebServer,Health check passed: WebServer,E102,Health check passed: {service}
13662,2026-01-10,22:01:30,INFO,OrderProcessor,Transaction tx988095 completed in 316ms,E104,Transaction {tx} completed in {time}ms
13663,2026-01-10,22:43:18,INFO,WebServer,User u3992 login successful,E101,User {user} login successful
13664,2026-01-10,22:40:11,INFO,InventoryDB,User u4533 login successful,E101,User {user} login successful
13665,2026-01-10,22:42:52,INFO,AuthService,Page view: /home by u1943,E103,Page view: {page} by {user}
13666,2026-01-10,22:07:14,INFO,WebServer,User u3327 login successful,E101,User {user} login successful
13667,2026-01-10,22:52:00,ERROR,WebServer,Payment declined: Gateway unavailable,E503,Payment declined: Gateway unavailable
13668,2026-01-10,22:19:25,INFO,PaymentGateway,User u4625 login successful,E101,User {user} login successful
13669,2026-01-10,22:10:04,INFO,OrderProcessor,Transaction tx199319 completed in 1392ms,E104,Transaction {tx} completed in {time}ms
13670,2026-01-10,22:09:07,INFO,WebServer,User u1714 login successful,E101,User {user} login successful
13671,2026-01-10,22:24:14,INFO,WebServer,User u2318 login successful,E101,User {user} login successful
13672,2026-01-10,22:51:17,INFO,WebServer,Page view: /home by u3037,E103,Page view: {page} by {user}
13673,2026-01-10,22:00:35,INFO,AuthService,Health check passed: AuthService,E102,Health check passed: {service}
13674,2026-01-10,22:36:15,INFO,WebServer,Transaction tx343574 completed in 937ms,E104,Transaction {tx} completed in {time}ms
13675,2026-01-10,22:11:29,ERROR,PaymentGateway,Timeout waiting for lock on InventoryDB,E502,Timeout waiting for lock on {db}
13676,2026-01-10,22:34:23,INFO,WebServer,Transaction tx849414 completed in 320ms,E104,Transaction {tx} completed in {time}ms
13677,2026-01-10,22:30:05,INFO,WebServer,Health check passed: WebServer,E102,Health check passed: {service}
13678,2026-01-10,22:41:07,INFO,WebServer,User u2344 login successful,E101,User {user} login successful
13679,2026-01-10,22:42:12,INFO,PaymentGateway,Health check passed: PaymentGateway,E102,Health check passed: {service}
13680,2026-01-10,22:05:59,INFO,WebServer,Transaction tx433179 completed in 1769ms,E104,Transaction {tx} completed in {time}ms
13681,2026-01-10,22:09:54,INFO,OrderProcessor,User u3312 login successful,E101,User {user} login successful
13682,2026-01-10,22:59:15,ERROR,WebServer,Timeout waiting for lock on InventoryDB,E502,Timeout waiting for lock on {db}
13683,2026-01-10,23:06:49,INFO,WebServer,User u4187 login successful,E101,User {user} login successful
13684,2026-01-10,23:39:20,INFO,WebServer,Health check passed: WebServer,E102,Health check passed: {service}
13685,2026-01-10,23:33:42,INFO,InventoryDB,Health check passed: InventoryDB,E102,Health check passed: {service}
13686,2026-01-10,23:07:02,INFO,OrderProcessor,User u1401 login successful,E101,User {user} login successful
13687,2026-01-10,23:35:31,INFO,PaymentGateway,Page view: /home by u1142,E103,Page view: {page} by {user}
13688,2026-01-10,23:52:09,INFO,WebServer,Health check passed: WebServer,E102,Health check passed: {service}
13689,2026-01-10,23:29:38,INFO,WebServer,User u2090 login successful,E101,User {user} login successful
13690,2026-01-10,23:37:25,INFO,WebServer,Health check passed: WebServer,E102,Health check passed: {service}
13691,2026-01-10,23:10:40,INFO,WebServer,Transaction tx555132 completed in 338ms,E104,Transaction {tx} completed in {time}ms
13692,2026-01-10,23:11:46,INFO,WebServer,Health check passed: WebServer,E102,Health check passed: {service}
13693,2026-01-10,23:47:18,INFO,OrderProcessor,Health check passed: OrderProcessor,E102,Health check passed: {service}
13694,2026-01-10,23:29:28,INFO,InventoryDB,Health check passed: InventoryDB,E102,Health check passed: {service}
13695,2026-01-10,23:42:54,INFO,WebServer,Health check passed: WebServer,E102,Health check passed: {service}
13696,2026-01-10,23:49:29,INFO,WebServer,User u3912 login successful,E101,User {user} login successful
13697,2026-01-10,23:23:57,INFO,OrderProcessor,Transaction tx666376 completed in 1811ms,E104,Transaction {tx} completed in {time}ms
13698,2026-01-10,23:59:19,INFO,OrderProcessor,User u1433 login successful,E101,User {user} login successful
13699,2026-01-10,23:31:20,INFO,WebServer,Health check passed: WebServer,E102,Health check passed: {service}
13700,2026-01-10,23:49:45,INFO,InventoryDB,Health check passed: InventoryDB,E102,Health check passed: {service}
13701,2026-01-10,23:36:49,INFO,WebServer,Page view: /home by u2385,E103,Page view: {page} by {user}
13702,2026-01-10,23:02:49,INFO,WebServer,Transaction tx728207 completed in 906ms,E104,Transaction {tx} completed in {time}ms
13703,2026-01-10,23:47:44,INFO,WebServer,Transaction tx461439 completed in 1229ms,E104,Transaction {tx} completed in {time}ms
13704,2026-01-10,23:52:47,INFO,WebServer,Page view: /home by u2591,E103,Page view: {page} by {user}
13705,2026-01-10,23:24:13,INFO,AuthService,Transaction tx610566 completed in 1057ms,E104,Transaction {tx} completed in {time}ms
13706,2026-01-10,23:10:41,INFO,WebServer,Health check passed: WebServer,E102,Health check passed: {service}
13707,2026-01-10,23:59:46,INFO,PaymentGateway,User u4055 login successful,E101,User {user} login successful
13708,2026-01-10,23:21:44,INFO,AuthService,User u1569 login successful,E101,User {user} login successful
13709,2026-01-10,23:33:00,INFO,AuthService,User u3077 login successful,E101,User {user} login successful
13710,2026-01-10,23:46:37,INFO,OrderProcessor,Transaction tx446348 completed in 1582ms,E104,Transaction {tx} completed in {time}ms
13711,2026-01-10,23:32:24,INFO,WebServer,User u1791 login successful,E101,User {user} login successful
13712,2026-01-10,23:30:51,INFO,AuthService,User u2552 login successful,E101,User {user} login successful
13713,2026-01-10,23:47:24,INFO,WebServer,User u1212 login successful,E101,User {user} login successful
13714,2026-01-10,23:55:43,INFO,PaymentGateway,Page view: /home by u1618,E103,Page view: {page} by {user}
13715,2026-01-10,23:28:10,INFO,InventoryDB,Health check passed: InventoryDB,E102,Health check passed: {service}
13716,2026-01-10,23:40:05,INFO,WebServer,User u2521 login successful,E101,User {user} login successful
13717,2026-01-10,23:55:59,INFO,WebServer,User u3825 login successful,E101,User {user} login successful
13718,2026-01-10,23:57:19,INFO,OrderProcessor,Transaction tx168685 completed in 1276ms,E104,Transaction {tx} completed in {time}ms
13719,2026-01-10,23:15:28,INFO,AuthService,Page view: /home by u4409,E103,Page view: {page} by {user}
13720,2026-01-10,23:38:34,INFO,WebServer,Page view: /home by u4417,E103,Page view: {page} by {user}
13721,2026-01-10,23:12:08,INFO,AuthService,Transaction tx366353 completed in 1209ms,E104,Transaction {tx} completed in {time}ms
13722,2026-01-10,23:49:31,INFO,OrderProcessor,Transaction tx895727 completed in 1599ms,E104,Transaction {tx} completed in {time}ms
13723,2026-01-10,23:34:52,INFO,InventoryDB,Page view: /home by u2724,E103,Page view: {page} by {user}
13724,2026-01-10,23:17:51,INFO,WebServer,Page view: /home by u2374,E103,Page view: {page} by {user}
13725,2026-01-10,23:13:48,INFO,AuthService,Transaction tx794271 completed in 1126ms,E104,Transaction {tx} completed in {time}ms
13726,2026-01-10,23:20:20,INFO,PaymentGateway,Page view: /home by u2982,E103,Page view: {page} by {user}
13727,2026-01-10,23:22:07,INFO,PaymentGateway,Transaction tx524837 completed in 272ms,E104,Transaction {tx} completed in {time}ms
13728,2026-01-10,23:44:16,WARN,WebServer,High latency (1998ms) detected on WebServer,E201,High latency ({time}ms) detected on {service}
13729,2026-01-10,23:27:17,INFO,WebServer,User u2155 login successful,E101,User {user} login successful
13730,2026-01-10,23:38:33,INFO,WebServer,Page view: /home by u4932,E103,Page view: {page} by {user}
13731,2026-01-10,23:00:39,INFO,AuthService,Page view: /home by u3433,E103,Page view: {page} by {user}
13732,2026-01-10,23:29:42,INFO,PaymentGateway,User u4373 login successful,E101,User {user} login successful
13733,2026-01-10,23:50:33,INFO,PaymentGateway,Health check passed: PaymentGateway,E102,Health check passed: {service}
13734,2026-01-10,23:33:18,INFO,AuthService,Transaction tx571177 completed in 399ms,E104,Transaction {tx} completed in {time}ms
13735,2026-01-10,23:42:31,INFO,OrderProcessor,User u1719 login successful,E101,User {user} login successful
13736,2026-01-10,23:51:13,INFO,PaymentGateway,Page view: /home by u2034,E103,Page view: {page} by {user}
13737,2026-01-10,23:34:58,INFO,WebServer,Page view: /home by u1182,E103,Page view: {page} by {user}
13738,2026-01-10,23:32:10,INFO,WebServer,Transaction tx515984 completed in 280ms,E104,Transaction {tx} completed in {time}ms
13739,2026-01-10,23:37:21,INFO,AuthService,User u2096 login successful,E101,User {user} login successful
13740,2026-01-10,23:06:02,INFO,WebServer,Page view: /home by u2703,E103,Page view: {page} by {user}
13741,2026-01-10,23:31:31,INFO,WebServer,Health check passed: WebServer,E102,Health check passed: {service}
13742,2026-01-10,23:50:44,INFO,OrderProcessor,Transaction tx351836 completed in 1594ms,E104,Transaction {tx} completed in {time}ms
13743,2026-01-10,23:14:12,INFO,WebServer,Page view: /home by u2377,E103,Page view: {page} by {user}
13744,2026-01-10,23:45:01,WARN,WebServer,High latency (107ms) detected on WebServer,E201,High latency ({time}ms) detected on {service}
13745,2026-01-10,23:13:29,INFO,AuthService,Page view: /home by u2278,E103,Page view: {page} by {user}
13746,2026-01-10,23:44:30,INFO,WebServer,Health check passed: WebServer,E102,Health check passed: {service}
13747,2026-01-10,23:15:27,INFO,InventoryDB,Page view: /home by u1547,E103,Page view: {page} by {user}
13748,2026-01-10,23:58:52,INFO,AuthService,Health check passed: AuthService,E102,Health check passed: {service}
13749,2026-01-10,23:17:45,INFO,WebServer,Page view: /home by u4182,E103,Page view: {page} by {user}
13750,2026-01-10,23:03:18,INFO,WebServer,User u3267 login successful,E101,User {user} login successful
13751,2026-01-10,23:39:49,INFO,InventoryDB,User u4278 login successful,E101,User {user} login successful
13752,2026-01-10,23:07:36,INFO,AuthService,Page view: /home by u4481,E103,Page view: {page} by {user}
13753,2026-01-10,23:41:01,INFO,WebServer,Health check passed: WebServer,E102,Health check passed: {service}
13754,2026-01-10,23:59:33,INFO,WebServer,Transaction tx261973 completed in 661ms,E104,Transaction {tx} completed in {time}ms
13755,2026-01-10,23:51:38,INFO,PaymentGateway,Health check passed: PaymentGateway,E102,Health check passed: {service}
13756,2026-01-10,23:44:53,INFO,WebServer,Transaction tx734613 completed in 1431ms,E104,Transaction {tx} completed in {time}ms
13757,2026-01-10,23:20:47,INFO,OrderProcessor,Transaction tx287656 completed in 899ms,E104,Transaction {tx} completed in {time}ms
13758,2026-01-10,23:52:52,WARN,WebServer,Disk usage > 85% on node node-2,E202,Disk usage > 85% on node {node}
13759,2026-01-10,23:08:20,INFO,PaymentGateway,User u3068 login successful,E101,User {user} login successful
13760,2026-01-10,23:20:37,INFO,WebServer,Health check passed: WebServer,E102,Health check passed: {service}
13761,2026-01-10,23:00:46,INFO,OrderProcessor,Page view: /home by u4695,E103,Page view: {page} by {user}
13762,2026-01-10,23:12:38,INFO,WebServer,Health check passed: WebServer,E102,Health check passed: {service}
13763,2026-01-10,23:08:06,INFO,WebServer,User u4710 login successful,E101,User {user} login successful
13764,2026-01-10,23:05:26,INFO,WebServer,Page view: /home by u4912,E103,Page view: {page} by {user}
13765,2026-01-10,23:51:28,INFO,AuthService,Transaction tx787053 completed in 22ms,E104,Transaction {tx} completed in {time}ms
13766,2026-01-10,23:47:32,INFO,PaymentGateway,Transaction tx480539 completed in 509ms,E104,Transaction {tx} completed in {time}ms
13767,2026-01-10,23:37:01,INFO,WebServer,User u4350 login successful,E101,User {user} login successful
13768,2026-01-10,23:13:54,INFO,InventoryDB,Transaction tx435616 completed in 1733ms,E104,Transaction {tx} completed in {time}ms
13769,2026-01-10,23:49:41,INFO,WebServer,Health check passed: WebServer,E102,Health check passed: {service}
13770,2026-01-10,23:13:37,INFO,PaymentGateway,Page view: /home by u1274,E103,Page view: {page} by {user}
13771,2026-01-10,23:21:26,INFO,WebServer,Page view: /home by u1608,E103,Page view: {page} by {user}
13772,2026-01-10,23:45:23,INFO,OrderProcessor,Page view: /home by u3713,E103,Page view: {page} by {user}
13773,2026-01-10,23:45:57,INFO,WebServer,Page view: /home by u1175,E103,Page view: {page} by {user}
13774,2026-01-10,23:14:24,INFO,AuthService,Transaction tx741822 completed in 1069ms,E104,Transaction {tx} completed in {time}ms
13775,2026-01-10,23:33:39,WARN,WebServer,Unauthorized access attempt from 10.0.0.45,E401,Unauthorized access attempt from {ip}
13776,2026-01-10,23:32:30,INFO,WebServer,User u1673 login successful,E101,User {user} login successful
13777,2026-01-10,23:36:20,INFO,OrderProcessor,Page view: /home by u1025,E103,Page view: {page} by {user}
13778,2026-01-10,23:45:45,INFO,InventoryDB,Transaction tx636384 completed in 1573ms,E104,Transaction {tx} completed in {time}ms
13779,2026-01-10,23:47:22,INFO,WebServer,Health check passed: WebServer,E102,Health check passed: {service}
13780,2026-01-10,23:43:08,ERROR,AuthService,Payment declined: Gateway unavailable,E503,Payment declined: Gateway unavailable
13781,2026-01-10,23:12:17,INFO,WebServer,Page view: /home by u1492,E103,Page view: {page} by {user}
13782,2026-01-10,23:43:39,INFO,InventoryDB,Page view: /home by u3617,E103,Page view: {page} by {user}
13783,2026-01-10,23:13:25,INFO,AuthService,Transaction tx523091 completed in 936ms,E104,Transaction {tx} completed in {time}ms
13784,2026-01-10,23:33:07,INFO,WebServer,Page view: /home by u1641,E103,Page view: {page} by {user}
13785,2026-01-10,23:25:23,INFO,WebServer,Page view: /home by u2637,E103,Page view: {page} by {user}
13786,2026-01-10,23:36:12,INFO,AuthService,Health check passed: AuthService,E102,Health check passed: {service}
13787,2026-01-10,23:33:18,INFO,WebServer,Health check passed: WebServer,E102,Health check passed: {service}
13788,2026-01-10,23:51:13,INFO,AuthService,Page view: /home by u2568,E103,Page view: {page} by {user}
13789,2026-01-10,23:02:27,INFO,WebServer,Health check passed: WebServer,E102,Health check passed: {service}
13790,2026-01-10,23:30:22,INFO,WebServer,Page view: /home by u2623,E103,Page view: {page} by {user}
13791,2026-01-10,23:28:22,INFO,OrderProcessor,Health check passed: OrderProcessor,E102,Health check passed: {service}
13792,2026-01-10,23:43:43,INFO,AuthService,Transaction tx820602 completed in 993ms,E104,Transaction {tx} completed in {time}ms
13793,2026-01-10,23:46:16,INFO,WebServer,Health check passed: WebServer,E102,Health check passed: {service}
13794,2026-01-10,23:26:56,INFO,WebServer,Transaction tx153835 completed in 915ms,E104,Transaction {tx} completed in {time}ms
13795,2026-01-10,23:06:04,INFO,PaymentGateway,Transaction tx525381 completed in 345ms,E104,Transaction {tx} completed in {time}ms
13796,2026-01-10,23:04:14,INFO,WebServer,User u2753 login successful,E101,User {user} login successful
13797,2026-01-10,23:48:54,INFO,AuthService,Page view: /home by u3086,E103,Page view: {page} by {user}
13798,2026-01-10,23:38:37,INFO,WebServer,User u3355 login successful,E101,User {user} login successful
13799,2026-01-10,23:27:34,WARN,WebServer,Unauthorized access attempt from 10.0.0.12,E401,Unauthorized access attempt from {ip}
13800,2026-01-10,23:58:45,INFO,AuthService,Health check passed: AuthService,E102,Health check passed: {service}
13801,2026-01-10,23:56:22,INFO,WebServer,Health check passed: WebServer,E102,Health check passed: {service}
13802,2026-01-10,23:55:18,INFO,AuthService,User u1306 login successful,E101,User {user} login successful
13803,2026-01-10,23:14:12,INFO,WebServer,Transaction tx430489 completed in 683ms,E104,Transaction {tx} completed in {time}ms
13804,2026-01-10,23:57:27,INFO,AuthService,Health check passed: AuthService,E102,Health check passed: {service}
13805,2026-01-10,23:58:53,INFO,WebServer,Health check passed: WebServer,E102,Health check passed: {service}
13806,2026-01-10,23:07:01,INFO,OrderProcessor,Transaction tx873410 completed in 98ms,E104,Transaction {tx} completed in {time}ms
13807,2026-01-10,23:10:26,INFO,OrderProcessor,User u1424 login successful,E101,User {user} login successful
13808,2026-01-10,23:02:27,INFO,PaymentGateway,Transaction tx228702 completed in 1073ms,E104,Transaction {tx} completed in {time}ms
13809,2026-01-10,23:55:05,INFO,PaymentGateway,User u4600 login successful,E101,User {user} login successful
13810,2026-01-10,23:55:32,INFO,PaymentGateway,Transaction tx589230 completed in 47ms,E104,Transaction {tx} completed in {time}ms
13811,2026-01-10,23:49:55,INFO,WebServer,Page view: /home by u4111,E103,Page view: {page} by {user}
13812,2026-01-10,23:46:18,WARN,OrderProcessor,Unauthorized access attempt from 10.0.0.45,E401,Unauthorized access attempt from {ip}
13813,2026-01-10,23:19:04,INFO,WebServer,Transaction tx284982 completed in 735ms,E104,Transaction {tx} completed in {time}ms
13814,2026-01-10,23:29:30,INFO,WebServer,User u2854 login successful,E101,User {user} login successful
13815,2026-01-10,23:04:35,INFO,WebServer,Transaction tx976585 completed in 900ms,E104,Transaction {tx} completed in {time}ms
13816,2026-01-10,23:43:31,INFO,OrderProcessor,Health check passed: OrderProcessor,E102,Health check passed: {service}
13817,2026-01-10,23:13:49,INFO,WebServer,Health check passed: WebServer,E102,Health check passed: {service}
13818,2026-01-10,23:41:44,WARN,WebServer,High latency (1566ms) detected on WebServer,E201,High latency ({time}ms) detected on {service}
13819,2026-01-10,23:01:44,INFO,WebServer,User u4627 login successful,E101,User {user} login successful
13820,2026-01-10,23:56:43,INFO,WebServer,Health check passed: WebServer,E102,Health check passed: {service}
13821,2026-01-10,23:04:48,INFO,AuthService,User u2216 login successful,E101,User {user} login successful
13822,2026-01-10,23:18:27,INFO,OrderProcessor,Page view: /home by u1798,E103,Page view: {page} by {user}
13823,2026-01-10,23:20:22,WARN,AuthService,High latency (733ms) detected on AuthService,E201,High latency ({time}ms) detected on {service}
13824,2026-01-10,23:25:01,INFO,WebServer,Health check passed: WebServer,E102,Health check passed: {service}
13825,2026-01-10,23:23:12,INFO,AuthService,User u1453 login successful,E101,User {user} login successful
13826,2026-01-10,23:15:03,INFO,AuthService,Health check passed: AuthService,E102,Health check passed: {service}
13827,2026-01-10,23:50:01,INFO,WebServer,Page view: /home by u3387,E103,Page view: {page} by {user}
13828,2026-01-10,23:00:05,ERROR,WebServer,Connection refused to WebServer at 10.0.0.12,E501,Connection refused to {service} at {ip}
13829,2026-01-10,23:37:32,INFO,PaymentGateway,Page view: /home by u1555,E103,Page view: {page} by {user}
13830,2026-01-10,23:55:23,INFO,AuthService,User u4240 login successful,E101,User {user} login successful
13831,2026-01-10,23:28:47,WARN,WebServer,Unauthorized access attempt from 10.0.0.10,E401,Unauthorized access attempt from {ip}
13832,2026-01-10,23:34:24,INFO,OrderProcessor,Health check passed: OrderProcessor,E102,Health check passed: {service}
13833,2026-01-10,23:16:45,INFO,WebServer,Health check passed: WebServer,E102,Health check passed: {service}
13834,2026-01-10,23:58:05,INFO,WebServer,Transaction tx336280 completed in 1750ms,E104,Transaction {tx} completed in {time}ms
13835,2026-01-10,23:29:01,INFO,WebServer,Transaction tx888448 completed in 1532ms,E104,Transaction {tx} completed in {time}ms
13836,2026-01-10,23:24:01,INFO,AuthService,Health check passed: AuthService,E102,Health check passed: {service}
13837,2026-01-10,23:12:14,INFO,WebServer,User u4297 login successful,E101,User {user} login successful
13838,2026-01-10,23:33:04,INFO,PaymentGateway,Health check passed: PaymentGateway,E102,Health check passed: {service}
13839,2026-01-10,23:44:08,INFO,WebServer,Health check passed: WebServer,E102,Health check passed: {service}
13840,2026-01-10,23:51:36,INFO,WebServer,Health check passed: WebServer,E102,Health check passed: {service}
13841,2026-01-10,23:29:12,INFO,PaymentGateway,Transaction tx987996 completed in 1328ms,E104,Transaction {tx} completed in {time}ms
13842,2026-01-10,23:09:06,INFO,WebServer,User u3930 login successful,E101,User {user} login successful
13843,2026-01-10,23:10:15,INFO,OrderProcessor,Page view: /home by u2038,E103,Page view: {page} by {user}
13844,2026-01-10,23:21:43,INFO,PaymentGateway,Transaction tx386134 completed in 1141ms,E104,Transaction {tx} completed in {time}ms
13845,2026-01-10,23:51:52,WARN,InventoryDB,High latency (886ms) detected on InventoryDB,E201,High latency ({time}ms) detected on {service}
13846,2026-01-10,23:53:13,INFO,WebServer,User u2951 login successful,E101,User {user} login successful
13847,2026-01-10,23:38:52,INFO,WebServer,Transaction tx121811 completed in 583ms,E104,Transaction {tx} completed in {time}ms
13848,2026-01-10,23:58:28,INFO,OrderProcessor,Transaction tx485356 completed in 1609ms,E104,Transaction {tx} completed in {time}ms
13849,2026-01-10,23:36:05,INFO,WebServer,Health check passed: WebServer,E102,Health check passed: {service}
13850,2026-01-10,23:16:31,INFO,WebServer,Health check passed: WebServer,E102,Health check passed: {service}
13851,2026-01-10,23:40:39,INFO,OrderProcessor,Health check passed: OrderProcessor,E102,Health check passed: {service}
13852,2026-01-10,23:24:38,INFO,OrderProcessor,User u1621 login successful,E101,User {user} login successful
13853,2026-01-10,23:35:46,INFO,OrderProcessor,Health check passed: OrderProcessor,E102,Health check passed: {service}
13854,2026-01-10,23:29:55,WARN,OrderProcessor,Unauthorized access attempt from 10.0.0.45,E401,Unauthorized access attempt from {ip}
13855,2026-01-10,23:47:52,INFO,AuthService,Health check passed: AuthService,E102,Health check passed: {service}
13856,2026-01-10,23:50:43,INFO,WebServer,Transaction tx695755 completed in 1661ms,E104,Transaction {tx} completed in {time}ms
13857,2026-01-10,23:01:39,INFO,WebServer,Transaction tx601179 completed in 1244ms,E104,Transaction {tx} completed in {time}ms
13858,2026-01-10,23:45:00,INFO,WebServer,Health check passed: WebServer,E102,Health check passed: {service}
13859,2026-01-10,23:02:39,INFO,WebServer,Page view: /home by u4474,E103,Page view: {page} by {user}
13860,2026-01-10,23:27:47,INFO,PaymentGateway,Health check passed: PaymentGateway,E102,Health check passed: {service}
13861,2026-01-10,23:09:08,INFO,OrderProcessor,Page view: /home by u2851,E103,Page view: {page} by {user}
13862,2026-01-10,23:54:24,INFO,OrderProcessor,Page view: /home by u3276,E103,Page view: {page} by {user}
13863,2026-01-10,23:00:39,INFO,WebServer,User u1003 login successful,E101,User {user} login successful
13864,2026-01-10,23:59:25,INFO,WebServer,Health check passed: WebServer,E102,Health check passed: {service}
13865,2026-01-10,23:43:23,INFO,AuthService,Health check passed: AuthService,E102,Health check passed: {service}
13866,2026-01-10,23:33:37,INFO,AuthService,Transaction tx648852 completed in 900ms,E104,Transaction {tx} completed in {time}ms
13867,2026-01-10,23:28:46,INFO,WebServer,Health check passed: WebServer,E102,Health check passed: {service}
13868,2026-01-10,23:54:10,INFO,PaymentGateway,Health check passed: PaymentGateway,E102,Health check passed: {service}
13869,2026-01-10,23:37:04,INFO,PaymentGateway,User u4294 login successful,E101,User {user} login successful
13870,2026-01-10,23:27:32,INFO,WebServer,Transaction tx141058 completed in 1420ms,E104,Transaction {tx} completed in {time}ms
13871,2026-01-10,23:37:51,INFO,AuthService,User u2675 login successful,E101,User {user} login successful
13872,2026-01-10,23:22:04,INFO,WebServer,User u1928 login successful,E101,User {user} login successful
13873,2026-01-10,23:57:17,INFO,AuthService,Transaction tx190493 completed in 273ms,E104,Transaction {tx} completed in {time}ms
13874,2026-01-10,23:43:25,INFO,WebServer,Page view: /home by u2525,E103,Page view: {page} by {user}
13875,2026-01-10,23:34:44,INFO,PaymentGateway,Page view: /home by u4640,E103,Page view: {page} by {user}
13876,2026-01-10,23:29:43,INFO,InventoryDB,User u4067 login successful,E101,User {user} login successful
13877,2026-01-10,23:50:07,WARN,AuthService,Unauthorized access attempt from 10.0.0.12,E401,Unauthorized access attempt from {ip}
13878,2026-01-10,23:05:40,INFO,OrderProcessor,Health check passed: OrderProcessor,E102,Health check passed: {service}
13879,2026-01-10,23:14:52,INFO,AuthService,Transaction tx944249 completed in 569ms,E104,Transaction {tx} completed in {time}ms
13880,2026-01-10,23:20:27,INFO,WebServer,Transaction tx398528 completed in 1386ms,E104,Transaction {tx} completed in {time}ms
13881,2026-01-10,23:45:11,ERROR,PaymentGateway,Timeout waiting for lock on InventoryDB,E502,Timeout waiting for lock on {db}
13882,2026-01-10,23:55:57,INFO,WebServer,Transaction tx896607 completed in 158ms,E104,Transaction {tx} completed in {time}ms
13883,2026-01-10,23:14:53,INFO,WebServer,User u3841 login successful,E101,User {user} login successful
13884,2026-01-10,23:54:49,INFO,WebServer,Transaction tx694913 completed in 1954ms,E104,Transaction {tx} completed in {time}ms
13885,2026-01-10,23:18:04,INFO,WebServer,Page view: /home by u1492,E103,Page view: {page} by {user}
13886,2026-01-10,23:42:30,INFO,WebServer,User u4935 login successful,E101,User {user} login successful
13887,2026-01-10,23:08:28,INFO,WebServer,Page view: /home by u1658,E103,Page view: {page} by {user}
13888,2026-01-10,23:59:28,INFO,WebServer,Page view: /home by u4672,E103,Page view: {page} by {user}
13889,2026-01-10,23:06:06,INFO,AuthService,User u3169 login successful,E101,User {user} login successful
13890,2026-01-10,23:40:40,INFO,PaymentGateway,Page view: /home by u2154,E103,Page view: {page} by {user}
13891,2026-01-10,23:21:21,INFO,WebServer,Health check passed: WebServer,E102,Health check passed: {service}
13892,2026-01-10,23:29:35,INFO,OrderProcessor,Transaction tx638510 completed in 203ms,E104,Transaction {tx} completed in {time}ms
13893,2026-01-10,23:17:03,WARN,WebServer,Disk usage > 85% on node node-4,E202,Disk usage > 85% on node {node}
13894,2026-01-10,23:32:30,INFO,WebServer,Page view: /home by u1605,E103,Page view: {page} by {user}
13895,2026-01-10,23:18:46,INFO,WebServer,Health check passed: WebServer,E102,Health check passed: {service}
13896,2026-01-10,23:32:30,INFO,OrderProcessor,Page view: /home by u3318,E103,Page view: {page} by {user}
13897,2026-01-10,23:08:39,INFO,WebServer,Transaction tx930936 completed in 153ms,E104,Transaction {tx} completed in {time}ms
13898,2026-01-10,23:37:56,INFO,AuthService,Health check passed: AuthService,E102,Health check passed: {service}
13899,2026-01-10,23:59:40,INFO,WebServer,Transaction tx714146 completed in 713ms,E104,Transaction {tx} completed in {time}ms
13900,2026-01-10,23:34:53,INFO,WebServer,Page view: /home by u3725,E103,Page view: {page} by {user}
13901,2026-01-10,23:38:58,INFO,WebServer,User u1222 login successful,E101,User {user} login successful
13902,2026-01-10,23:18:04,INFO,WebServer,Health check passed: WebServer,E102,Health check passed: {service}
13903,2026-01-10,23:14:14,INFO,WebServer,Transaction tx331856 completed in 1507ms,E104,Transaction {tx} completed in {time}ms
13904,2026-01-10,23:07:30,INFO,WebServer,User u4136 login successful,E101,User {user} login successful
13905,2026-01-10,23:36:18,WARN,WebServer,Disk usage > 85% on node node-4,E202,Disk usage > 85% on node {node}
13906,2026-01-10,23:48:56,INFO,WebServer,Transaction tx271190 completed in 400ms,E104,Transaction {tx} completed in {time}ms
13907,2026-01-10,23:39:55,INFO,WebServer,Transaction tx186601 completed in 1625ms,E104,Transaction {tx} completed in {time}ms
13908,2026-01-10,23:13:44,INFO,OrderProcessor,Page view: /home by u2315,E103,Page view: {page} by {user}
13909,2026-01-10,23:33:30,INFO,PaymentGateway,Health check passed: PaymentGateway,E102,Health check passed: {service}
13910,2026-01-10,23:03:44,INFO,WebServer,User u4702 login successful,E101,User {user} login successful
13911,2026-01-10,23:29:28,INFO,AuthService,User u1657 login successful,E101,User {user} login successful
13912,2026-01-10,23:48:13,INFO,WebServer,Health check passed: WebServer,E102,Health check passed: {service}
13913,2026-01-10,23:06:55,INFO,WebServer,Transaction tx664035 completed in 329ms,E104,Transaction {tx} completed in {time}ms
13914,2026-01-10,23:32:37,INFO,AuthService,Health check passed: AuthService,E102,Health check passed: {service}
13915,2026-01-10,23:01:48,INFO,AuthService,Transaction tx385707 completed in 1800ms,E104,Transaction {tx} completed in {time}ms
13916,2026-01-10,23:11:09,INFO,WebServer,User u4643 login successful,E101,User {user} login successful
13917,2026-01-10,23:10:01,INFO,WebServer,User u4194 login successful,E101,User {user} login successful
13918,2026-01-10,23:47:29,INFO,WebServer,Page view: /home by u2626,E103,Page view: {page} by {user}
13919,2026-01-10,23:22:04,INFO,PaymentGateway,Page view: /home by u2505,E103,Page view: {page} by {user}
13920,2026-01-10,23:05:53,INFO,WebServer,Health check passed: WebServer,E102,Health check passed: {service}
13921,2026-01-11,00:16:16,INFO,PaymentGateway,User u2247 login successful,E101,User {user} login successful
13922,2026-01-11,00:41:31,INFO,OrderProcessor,Health check passed: OrderProcessor,E102,Health check passed: {service}
13923,2026-01-11,00:51:28,INFO,AuthService,Page view: /home by u1026,E103,Page view: {page} by {user}
13924,2026-01-11,00:08:07,INFO,WebServer,Transaction tx544151 completed in 1508ms,E104,Transaction {tx} completed in {time}ms
13925,2026-01-11,00:03:06,INFO,OrderProcessor,Page view: /home by u3457,E103,Page view: {page} by {user}
13926,2026-01-11,00:02:48,INFO,AuthService,User u4993 login successful,E101,User {user} login successful
13927,2026-01-11,00:38:06,INFO,WebServer,Page view: /home by u1840,E103,Page view: {page} by {user}
13928,2026-01-11,00:40:10,INFO,WebServer,Transaction tx730167 completed in 347ms,E104,Transaction {tx} completed in {time}ms
13929,2026-01-11,00:21:59,INFO,InventoryDB,Page view: /home by u1875,E103,Page view: {page} by {user}
13930,2026-01-11,00:42:15,INFO,WebServer,User u1292 login successful,E101,User {user} login successful
13931,2026-01-11,00:23:37,INFO,WebServer,User u4688 login successful,E101,User {user} login successful
13932,2026-01-11,00:40:08,INFO,WebServer,Page view: /home by u1883,E103,Page view: {page} by {user}
13933,2026-01-11,00:03:14,INFO,WebServer,User u4056 login successful,E101,User {user} login successful
13934,2026-01-11,00:19:34,WARN,WebServer,Unauthorized access attempt from 10.0.0.45,E401,Unauthorized access attempt from {ip}
13935,2026-01-11,00:25:58,INFO,AuthService,Health check passed: AuthService,E102,Health check passed: {service}
13936,2026-01-11,00:14:51,INFO,PaymentGateway,Transaction tx451815 completed in 137ms,E104,Transaction {tx} completed in {time}ms
13937,2026-01-11,00:13:26,INFO,PaymentGateway,Page view: /home by u4296,E103,Page view: {page} by {user}
13938,2026-01-11,00:56:32,INFO,OrderProcessor,Health check passed: OrderProcessor,E102,Health check passed: {service}
13939,2026-01-11,00:59:48,INFO,PaymentGateway,Page view: /home by u3589,E103,Page view: {page} by {user}
13940,2026-01-11,00:22:21,INFO,PaymentGateway,Transaction tx999415 completed in 1366ms,E104,Transaction {tx} completed in {time}ms
13941,2026-01-11,00:54:45,INFO,WebServer,Health check passed: WebServer,E102,Health check passed: {service}
13942,2026-01-11,00:50:39,INFO,WebServer,Page view: /home by u2052,E103,Page view: {page} by {user}
13943,2026-01-11,00:15:25,INFO,WebServer,Health check passed: WebServer,E102,Health check passed: {service}
13944,2026-01-11,00:33:38,INFO,AuthService,Health check passed: AuthService,E102,Health check passed: {service}
13945,2026-01-11,00:07:06,INFO,PaymentGateway,Page view: /home by u2588,E103,Page view: {page} by {user}
13946,2026-01-11,00:37:47,WARN,PaymentGateway,Disk usage > 85% on node node-1,E202,Disk usage > 85% on node {node}
13947,2026-01-11,00:35:32,INFO,WebServer,User u1442 login successful,E101,User {user} login successful
13948,2026-01-11,00:32:59,INFO,WebServer,User u2263 login successful,E101,User {user} login successful
13949,2026-01-11,00:08:05,INFO,AuthService,User u4321 login successful,E101,User {user} login successful
13950,2026-01-11,00:31:04,INFO,PaymentGateway,Health check passed: PaymentGateway,E102,Health check passed: {service}
13951,2026-01-11,00:12:19,INFO,WebServer,Health check passed: WebServer,E102,Health check passed: {service}
13952,2026-01-11,00:17:48,INFO,WebServer,User u4735 login successful,E101,User {user} login successful
13953,2026-01-11,00:55:23,INFO,WebServer,Page view: /home by u2441,E103,Page view: {page} by {user}
13954,2026-01-11,00:18:11,INFO,AuthService,Transaction tx585492 completed in 502ms,E104,Transaction {tx} completed in {time}ms
13955,2026-01-11,00:34:49,INFO,WebServer,User u2416 login successful,E101,User {user} login successful
13956,2026-01-11,00:11:50,INFO,WebServer,Page view: /home by u4762,E103,Page view: {page} by {user}
13957,2026-01-11,00:53:37,INFO,AuthService,Transaction tx187171 completed in 925ms,E104,Transaction {tx} completed in {time}ms
13958,2026-01-11,00:12:03,INFO,PaymentGateway,User u1138 login successful,E101,User {user} login successful
13959,2026-01-11,00:06:01,INFO,OrderProcessor,User u3331 login successful,E101,User {user} login successful
13960,2026-01-11,00:22:06,INFO,AuthService,Transaction tx549170 completed in 100ms,E104,Transaction {tx} completed in {time}ms
13961,2026-01-11,00:20:25,INFO,AuthService,Health check passed: AuthService,E102,Health check passed: {service}
13962,2026-01-11,00:06:17,INFO,OrderProcessor,Transaction tx360968 completed in 1973ms,E104,Transaction {tx} completed in {time}ms
13963,2026-01-11,00:56:50,INFO,WebServer,User u2709 login successful,E101,User {user} login successful
13964,2026-01-11,00:25:46,INFO,WebServer,Health check passed: WebServer,E102,Health check passed: {service}
13965,2026-01-11,00:23:00,INFO,WebServer,Transaction tx525748 completed in 732ms,E104,Transaction {tx} completed in {time}ms
13966,2026-01-11,00:20:19,INFO,AuthService,Page view: /home by u2666,E103,Page view: {page} by {user}
13967,2026-01-11,00:43:31,INFO,WebServer,Transaction tx530533 completed in 430ms,E104,Transaction {tx} completed in {time}ms
13968,2026-01-11,00:22:00,INFO,OrderProcessor,User u4065 login successful,E101,User {user} login successful
13969,2026-01-11,00:01:52,INFO,PaymentGateway,Page view: /home by u2466,E103,Page view: {page} by {user}
13970,2026-01-11,00:01:45,INFO,WebServer,Transaction tx516631 completed in 969ms,E104,Transaction {tx} completed in {time}ms
13971,2026-01-11,00:49:35,INFO,WebServer,Health check passed: WebServer,E102,Health check passed: {service}
13972,2026-01-11,00:17:47,INFO,WebServer,Page view: /home by u1220,E103,Page view: {page} by {user}
13973,2026-01-11,00:20:52,INFO,OrderProcessor,Page view: /home by u3117,E103,Page view: {page} by {user}
13974,2026-01-11,00:33:40,INFO,AuthService,User u1620 login successful,E101,User {user} login successful
13975,2026-01-11,00:27:31,INFO,InventoryDB,Health check passed: InventoryDB,E102,Health check passed: {service}
13976,2026-01-11,00:24:23,INFO,WebServer,Transaction tx822502 completed in 384ms,E104,Transaction {tx} completed in {time}ms
13977,2026-01-11,00:49:08,INFO,WebServer,Health check passed: WebServer,E102,Health check passed: {service}
13978,2026-01-11,00:33:13,INFO,WebServer,User u1180 login successful,E101,User {user} login successful
13979,2026-01-11,00:36:52,WARN,WebServer,High latency (1619ms) detected on WebServer,E201,High latency ({time}ms) detected on {service}
13980,2026-01-11,01:05:37,INFO,AuthService,Transaction tx985819 completed in 73ms,E104,Transaction {tx} completed in {time}ms
13981,2026-01-11,01:26:39,INFO,WebServer,Page view: /home by u2661,E103,Page view: {page} by {user}
13982,2026-01-11,01:04:27,INFO,WebServer,Page view: /home by u4579,E103,Page view: {page} by {user}
13983,2026-01-11,01:00:47,INFO,WebServer,Transaction tx117418 completed in 101ms,E104,Transaction {tx} completed in {time}ms
13984,2026-01-11,01:05:16,INFO,WebServer,Transaction tx616640 completed in 871ms,E104,Transaction {tx} completed in {time}ms
13985,2026-01-11,01:01:50,INFO,InventoryDB,Health check passed: InventoryDB,E102,Health check passed: {service}
13986,2026-01-11,01:10:56,INFO,OrderProcessor,Health check passed: OrderProcessor,E102,Health check passed: {service}
13987,2026-01-11,01:15:50,INFO,WebServer,Page view: /home by u2188,E103,Page view: {page} by {user}
13988,2026-01-11,01:19:51,WARN,WebServer,Disk usage > 85% on node node-5,E202,Disk usage > 85% on node {node}
13989,2026-01-11,01:10:33,INFO,PaymentGateway,Health check passed: PaymentGateway,E102,Health check passed: {service}
13990,2026-01-11,01:39:19,INFO,WebServer,Page view: /home by u3060,E103,Page view: {page} by {user}
13991,2026-01-11,01:51:50,INFO,OrderProcessor,Page view: /home by u4077,E103,Page view: {page} by {user}
13992,2026-01-11,01:04:33,INFO,AuthService,Page view: /home by u1852,E103,Page view: {page} by {user}
13993,2026-01-11,01:01:36,WARN,WebServer,High latency (432ms) detected on WebServer,E201,High latency ({time}ms) detected on {service}
13994,2026-01-11,01:39:28,INFO,WebServer,Health check passed: WebServer,E102,Health check passed: {service}
13995,2026-01-11,01:59:35,INFO,OrderProcessor,User u2743 login successful,E101,User {user} login successful
13996,2026-01-11,01:33:35,INFO,WebServer,Transaction tx317911 completed in 1762ms,E104,Transaction {tx} completed in {time}ms
13997,2026-01-11,01:50:54,INFO,WebServer,Transaction tx854658 completed in 53ms,E104,Transaction {tx} completed in {time}ms
13998,2026-01-11,01:40:31,INFO,OrderProcessor,Transaction tx860461 completed in 1966ms,E104,Transaction {tx} completed in {time}ms
13999,2026-01-11,01:02:24,INFO,WebServer,Page view: /home by u4256,E103,Page view: {page} by {user}
14000,2026-01-11,01:33:24,INFO,WebServer,Health check passed: WebServer,E102,Health check passed: {service}
14001,2026-01-11,01:04:07,INFO,PaymentGateway,Health check passed: PaymentGateway,E102,Health check passed: {service}
14002,2026-01-11,01:04:42,INFO,PaymentGateway,User u1396 login successful,E101,User {user} login successful
14003,2026-01-11,01:21:02,INFO,WebServer,Page view: /home by u3520,E103,Page view: {page} by {user}
14004,2026-01-11,01:25:55,INFO,WebServer,User u1487 login successful,E101,User {user} login successful
14005,2026-01-11,01:44:05,INFO,OrderProcessor,Page view: /home by u2616,E103,Page view: {page} by {user}
14006,2026-01-11,01:06:20,INFO,WebServer,Page view: /home by u4247,E103,Page view: {page} by {user}
14007,2026-01-11,01:00:42,INFO,InventoryDB,User u1005 login successful,E101,User {user} login successful
14008,2026-01-11,01:46:18,INFO,WebServer,Health check passed: WebServer,E102,Health check passed: {service}
14009,2026-01-11,01:03:27,INFO,AuthService,Health check passed: AuthService,E102,Health check passed: {service}
14010,2026-01-11,01:40:59,INFO,AuthService,Transaction tx693239 completed in 1896ms,E104,Transaction {tx} completed in {time}ms
14011,2026-01-11,01:57:46,INFO,WebServer,Page view: /home by u1726,E103,Page view: {page} by {user}
14012,2026-01-11,01:57:46,INFO,AuthService,User u4087 login successful,E101,User {user} login successful
14013,2026-01-11,01:14:45,ERROR,WebServer,Payment declined: Gateway unavailable,E503,Payment declined: Gateway unavailable
14014,2026-01-11,01:00:07,INFO,WebServer,Health check passed: WebServer,E102,Health check passed: {service}
14015,2026-01-11,01:49:51,INFO,InventoryDB,Page view: /home by u1717,E103,Page view: {page} by {user}
14016,2026-01-11,01:33:02,INFO,OrderProcessor,Page view: /home by u3748,E103,Page view: {page} by {user}
14017,2026-01-11,01:08:24,INFO,WebServer,Page view: /home by u3903,E103,Page view: {page} by {user}
14018,2026-01-11,01:31:35,INFO,PaymentGateway,Page view: /home by u2652,E103,Page view: {page} by {user}
14019,2026-01-11,01:48:33,INFO,OrderProcessor,Transaction tx590952 completed in 898ms,E104,Transaction {tx} completed in {time}ms
14020,2026-01-11,01:26:14,INFO,AuthService,Transaction tx417990 completed in 1018ms,E104,Transaction {tx} completed in {time}ms
14021,2026-01-11,01:31:18,INFO,OrderProcessor,Page view: /home by u4324,E103,Page view: {page} by {user}
14022,2026-01-11,01:45:30,ERROR,WebServer,Timeout waiting for lock on InventoryDB,E502,Timeout waiting for lock on {db}
14023,2026-01-11,01:51:24,INFO,OrderProcessor,User u1616 login successful,E101,User {user} login successful
14024,2026-01-11,01:57:39,INFO,OrderProcessor,Page view: /home by u2670,E103,Page view: {page} by {user}
14025,2026-01-11,01:59:47,INFO,InventoryDB,Health check passed: InventoryDB,E102,Health check passed: {service}
14026,2026-01-11,01:30:57,INFO,WebServer,Transaction tx117962 completed in 1682ms,E104,Transaction {tx} completed in {time}ms
14027,2026-01-11,01:02:43,INFO,WebServer,Transaction tx817431 completed in 1308ms,E104,Transaction {tx} completed in {time}ms
14028,2026-01-11,01:29:34,INFO,WebServer,Health check passed: WebServer,E102,Health check passed: {service}
14029,2026-01-11,01:43:43,WARN,OrderProcessor,Disk usage > 85% on node node-4,E202,Disk usage > 85% on node {node}
14030,2026-01-11,01:20:37,INFO,WebServer,Page view: /home by u2158,E103,Page view: {page} by {user}
14031,2026-01-11,01:50:48,WARN,WebServer,Unauthorized access attempt from 10.0.0.45,E401,Unauthorized access attempt from {ip}
14032,2026-01-11,01:19:01,INFO,OrderProcessor,Page view: /home by u3341,E103,Page view: {page} by {user}
14033,2026-01-11,01:53:50,INFO,WebServer,Health check passed: WebServer,E102,Health check passed: {service}
14034,2026-01-11,01:58:43,INFO,OrderProcessor,Page view: /home by u4495,E103,Page view: {page} by {user}
14035,2026-01-11,01:37:14,INFO,PaymentGateway,Health check passed: PaymentGateway,E102,Health check passed: {service}
14036,2026-01-11,01:22:26,INFO,WebServer,Health check passed: WebServer,E102,Health check passed: {service}
14037,2026-01-11,01:16:48,INFO,OrderProcessor,Transaction tx261032 completed in 1416ms,E104,Transaction {tx} completed in {time}ms
14038,2026-01-11,01:11:35,INFO,WebServer,Health check passed: WebServer,E102,Health check passed: {service}
14039,2026-01-11,02:15:01,INFO,WebServer,Page view: /home by u4148,E103,Page view: {page} by {user}
14040,2026-01-11,02:11:14,WARN,AuthService,Unauthorized access attempt from 10.0.0.45,E401,Unauthorized access attempt from {ip}
14041,2026-01-11,02:26:52,INFO,WebServer,Transaction tx725225 completed in 894ms,E104,Transaction {tx} completed in {time}ms
14042,2026-01-11,02:58:03,WARN,AuthService,Disk usage > 85% on node node-4,E202,Disk usage > 85% on node {node}
14043,2026-01-11,02:11:09,INFO,InventoryDB,Transaction tx417735 completed in 277ms,E104,Transaction {tx} completed in {time}ms
14044,2026-01-11,02:55:44,INFO,WebServer,User u1347 login successful,E101,User {user} login successful
14045,2026-01-11,02:47:16,INFO,InventoryDB,User u4430 login successful,E101,User {user} login successful
14046,2026-01-11,02:38:21,INFO,AuthService,Page view: /home by u2530,E103,Page view: {page} by {user}
14047,2026-01-11,02:22:49,INFO,OrderProcessor,Transaction tx251737 completed in 1871ms,E104,Transaction {tx} completed in {time}ms
14048,2026-01-11,02:30:56,INFO,WebServer,Transaction tx969940 completed in 1832ms,E104,Transaction {tx} completed in {time}ms
14049,2026-01-11,02:43:16,INFO,WebServer,User u2755 login successful,E101,User {user} login successful
14050,2026-01-11,02:18:39,INFO,WebServer,Health check passed: WebServer,E102,Health check passed: {service}
14051,2026-01-11,02:34:46,WARN,WebServer,High latency (935ms) detected on WebServer,E201,High latency ({time}ms) detected on {service}
14052,2026-01-11,02:10:40,INFO,WebServer,Page view: /home by u1955,E103,Page view: {page} by {user}
14053,2026-01-11,02:36:22,INFO,WebServer,Transaction tx745963 completed in 986ms,E104,Transaction {tx} completed in {time}ms
14054,2026-01-11,02:18:43,INFO,WebServer,User u2225 login successful,E101,User {user} login successful
14055,2026-01-11,02:16:28,INFO,WebServer,User u2437 login successful,E101,User {user} login successful
14056,2026-01-11,02:36:27,INFO,WebServer,Transaction tx233170 completed in 1086ms,E104,Transaction {tx} completed in {time}ms
14057,2026-01-11,02:48:07,WARN,AuthService,Unauthorized access attempt from 10.0.0.45,E401,Unauthorized access attempt from {ip}
14058,2026-01-11,02:23:02,INFO,WebServer,Health check passed: WebServer,E102,Health check passed: {service}
14059,2026-01-11,02:11:42,INFO,AuthService,Page view: /home by u2517,E103,Page view: {page} by {user}
14060,2026-01-11,02:17:46,INFO,WebServer,Transaction tx534513 completed in 1955ms,E104,Transaction {tx} completed in {time}ms
14061,2026-01-11,02:11:40,INFO,OrderProcessor,Health check passed: OrderProcessor,E102,Health check passed: {service}
14062,2026-01-11,02:18:01,INFO,AuthService,Health check passed: AuthService,E102,Health check passed: {service}
14063,2026-01-11,02:51:15,INFO,WebServer,Page view: /home by u1231,E103,Page view: {page} by {user}
14064,2026-01-11,02:32:04,INFO,AuthService,Health check passed: AuthService,E102,Health check passed: {service}
14065,2026-01-11,02:57:32,INFO,WebServer,Page view: /home by u3957,E103,Page view: {page} by {user}
14066,2026-01-11,02:28:13,INFO,OrderProcessor,User u4810 login successful,E101,User {user} login successful
14067,2026-01-11,02:35:53,INFO,OrderProcessor,User u3592 login successful,E101,User {user} login successful
14068,2026-01-11,02:48:27,INFO,OrderProcessor,Health check passed: OrderProcessor,E102,Health check passed: {service}
14069,2026-01-11,02:52:52,INFO,WebServer,User u3896 login successful,E101,User {user} login successful
14070,2026-01-11,02:31:18,INFO,PaymentGateway,Health check passed: PaymentGateway,E102,Health check passed: {service}
14071,2026-01-11,02:44:41,INFO,AuthService,Health check passed: AuthService,E102,Health check passed: {service}
14072,2026-01-11,02:52:47,INFO,OrderProcessor,Health check passed: OrderProcessor,E102,Health check passed: {service}
14073,2026-01-11,02:01:01,INFO,OrderProcessor,User u1866 login successful,E101,User {user} login successful
14074,2026-01-11,02:54:11,INFO,PaymentGateway,Page view: /home by u3031,E103,Page view: {page} by {user}
14075,2026-01-11,02:15:35,INFO,OrderProcessor,User u3559 login successful,E101,User {user} login successful
14076,2026-01-11,02:19:27,INFO,WebServer,User u3353 login successful,E101,User {user} login successful
14077,2026-01-11,02:45:27,INFO,AuthService,Page view: /home by u3000,E103,Page view: {page} by {user}
14078,2026-01-11,02:06:17,INFO,AuthService,User u3837 login successful,E101,User {user} login successful
14079,2026-01-11,02:26:16,INFO,InventoryDB,Page view: /home by u4295,E103,Page view: {page} by {user}
14080,2026-01-11,02:20:18,INFO,OrderProcessor,Page view: /home by u1270,E103,Page view: {page} by {user}
14081,2026-01-11,02:23:46,INFO,WebServer,User u4615 login successful,E101,User {user} login successful
14082,2026-01-11,02:35:20,INFO,AuthService,Transaction tx786109 completed in 813ms,E104,Transaction {tx} completed in {time}ms
14083,2026-01-11,02:33:00,INFO,WebServer,Page view: /home by u4551,E103,Page view: {page} by {user}
14084,2026-01-11,02:25:57,INFO,InventoryDB,Page view: /home by u2847,E103,Page view: {page} by {user}
14085,2026-01-11,02:57:45,INFO,WebServer,Transaction tx990939 completed in 706ms,E104,Transaction {tx} completed in {time}ms
14086,2026-01-11,02:27:01,INFO,AuthService,Transaction tx800754 completed in 705ms,E104,Transaction {tx} completed in {time}ms
14087,2026-01-11,02:13:53,INFO,InventoryDB,Transaction tx503830 completed in 1397ms,E104,Transaction {tx} completed in {time}ms
14088,2026-01-11,02:23:49,INFO,WebServer,User u2461 login successful,E101,User {user} login successful
14089,2026-01-11,02:15:14,INFO,PaymentGateway,Page view: /home by u2397,E103,Page view: {page} by {user}
14090,2026-01-11,02:17:45,INFO,WebServer,User u3049 login successful,E101,User {user} login successful
14091,2026-01-11,02:10:47,INFO,AuthService,Health check passed: AuthService,E102,Health check passed: {service}
14092,2026-01-11,02:34:41,INFO,WebServer,User u2162 login successful,E101,User {user} login successful
14093,2026-01-11,02:50:57,INFO,WebServer,User u2652 login successful,E101,User {user} login successful
14094,2026-01-11,02:43:15,INFO,AuthService,Page view: /home by u4495,E103,Page view: {page} by {user}
14095,2026-01-11,02:33:16,INFO,AuthService,User u2657 login successful,E101,User {user} login successful
14096,2026-01-11,02:38:36,INFO,WebServer,User u2903 login successful,E101,User {user} login successful
14097,2026-01-11,02:02:19,INFO,WebServer,Page view: /home by u1083,E103,Page view: {page} by {user}
14098,2026-01-11,03:53:56,INFO,WebServer,User u2576 login successful,E101,User {user} login successful
14099,2026-01-11,03:50:24,WARN,AuthService,High latency (114ms) detected on AuthService,E201,High latency ({time}ms) detected on {service}
14100,2026-01-11,03:07:53,WARN,PaymentGateway,Disk usage > 85% on node node-5,E202,Disk usage > 85% on node {node}
14101,2026-01-11,03:41:43,INFO,WebServer,Transaction tx810296 completed in 1549ms,E104,Transaction {tx} completed in {time}ms
14102,2026-01-11,03:14:00,INFO,WebServer,Page view: /home by u4802,E103,Page view: {page} by {user}
14103,2026-01-11,03:28:28,INFO,WebServer,User u4321 login successful,E101,User {user} login successful
14104,2026-01-11,03:53:13,INFO,OrderProcessor,Health check passed: OrderProcessor,E102,Health check passed: {service}
14105,2026-01-11,03:03:18,INFO,WebServer,Health check passed: WebServer,E102,Health check passed: {service}
14106,2026-01-11,03:08:19,INFO,AuthService,Page view: /home by u3275,E103,Page view: {page} by {user}
14107,2026-01-11,03:37:35,INFO,WebServer,User u2148 login successful,E101,User {user} login successful
14108,2026-01-11,03:14:17,INFO,WebServer,Health check passed: WebServer,E102,Health check passed: {service}
14109,2026-01-11,03:33:53,INFO,OrderProcessor,Transaction tx308304 completed in 603ms,E104,Transaction {tx} completed in {time}ms
14110,2026-01-11,03:14:39,INFO,OrderProcessor,User u1238 login successful,E101,User {user} login successful
14111,2026-01-11,03:22:48,WARN,OrderProcessor,Unauthorized access attempt from 10.0.0.45,E401,Unauthorized access attempt from {ip}
14112,2026-01-11,03:55:48,INFO,WebServer,User u1861 login successful,E101,User {user} login successful
14113,2026-01-11,03:57:56,INFO,WebServer,Health check passed: WebServer,E102,Health check passed: {service}
14114,2026-01-11,03:42:28,INFO,OrderProcessor,User u3128 login successful,E101,User {user} login successful
14115,2026-01-11,03:32:55,INFO,WebServer,User u3375 login successful,E101,User {user} login successful
14116,2026-01-11,03:24:59,INFO,AuthService,Health check passed: AuthService,E102,Health check passed: {service}
14117,2026-01-11,03:24:03,INFO,WebServer,Transaction tx195212 completed in 1502ms,E104,Transaction {tx} completed in {time}ms
14118,2026-01-11,03:16:13,INFO,WebServer,Health check passed: WebServer,E102,Health check passed: {service}
14119,2026-01-11,03:35:39,INFO,InventoryDB,Transaction tx228204 completed in 1318ms,E104,Transaction {tx} completed in {time}ms
14120,2026-01-11,03:42:50,INFO,OrderProcessor,Transaction tx548330 completed in 39ms,E104,Transaction {tx} completed in {time}ms
14121,2026-01-11,03:17:15,ERROR,WebServer,Payment declined: Gateway unavailable,E503,Payment declined: Gateway unavailable
14122,2026-01-11,03:18:53,INFO,PaymentGateway,User u2001 login successful,E101,User {user} login successful
14123,2026-01-11,03:08:43,INFO,WebServer,Health check passed: WebServer,E102,Health check passed: {service}
14124,2026-01-11,03:36:09,INFO,AuthService,Health check passed: AuthService,E102,Health check passed: {service}
14125,2026-01-11,03:47:14,INFO,WebServer,Transaction tx225178 completed in 506ms,E104,Transaction {tx} completed in {time}ms
14126,2026-01-11,03:39:55,INFO,PaymentGateway,Page view: /home by u3763,E103,Page view: {page} by {user}
14127,2026-01-11,03:51:58,INFO,WebServer,User u3172 login successful,E101,User {user} login successful
14128,2026-01-11,03:35:18,INFO,AuthService,Page view: /home by u2032,E103,Page view: {page} by {user}
14129,2026-01-11,03:35:44,INFO,AuthService,Health check passed: AuthService,E102,Health check passed: {service}
14130,2026-01-11,03:58:41,INFO,WebServer,Health check passed: WebServer,E102,Health check passed: {service}
14131,2026-01-11,03:20:53,INFO,PaymentGateway,Health check passed: PaymentGateway,E102,Health check passed: {service}
14132,2026-01-11,03:11:35,INFO,OrderProcessor,Transaction tx855364 completed in 821ms,E104,Transaction {tx} completed in {time}ms
14133,2026-01-11,03:09:37,INFO,WebServer,Transaction tx366050 completed in 1758ms,E104,Transaction {tx} completed in {time}ms
14134,2026-01-11,03:12:13,INFO,AuthService,Transaction tx347594 completed in 666ms,E104,Transaction {tx} completed in {time}ms
14135,2026-01-11,03:18:36,INFO,PaymentGateway,Health check passed: PaymentGateway,E102,Health check passed: {service}
14136,2026-01-11,03:16:39,WARN,PaymentGateway,Disk usage > 85% on node node-1,E202,Disk usage > 85% on node {node}
14137,2026-01-11,03:57:30,INFO,OrderProcessor,Health check passed: OrderProcessor,E102,Health check passed: {service}
14138,2026-01-11,03:46:57,INFO,WebServer,User u2972 login successful,E101,User {user} login successful
14139,2026-01-11,03:54:26,INFO,PaymentGateway,Page view: /home by u4705,E103,Page view: {page} by {user}
14140,2026-01-11,03:03:48,INFO,WebServer,User u2908 login successful,E101,User {user} login successful
14141,2026-01-11,03:20:38,INFO,WebServer,Page view: /home by u3792,E103,Page view: {page} by {user}
14142,2026-01-11,03:24:43,INFO,OrderProcessor,Page view: /home by u2805,E103,Page view: {page} by {user}
14143,2026-01-11,03:43:08,INFO,WebServer,Health check passed: WebServer,E102,Health check passed: {service}
14144,2026-01-11,03:54:38,INFO,PaymentGateway,Health check passed: PaymentGateway,E102,Health check passed: {service}
14145,2026-01-11,03:11:04,INFO,WebServer,Health check passed: WebServer,E102,Health check passed: {service}
14146,2026-01-11,03:52:10,INFO,AuthService,Transaction tx930553 completed in 1787ms,E104,Transaction {tx} completed in {time}ms
14147,2026-01-11,03:04:08,INFO,OrderProcessor,Health check passed: OrderProcessor,E102,Health check passed: {service}
14148,2026-01-11,03:20:54,INFO,WebServer,User u4834 login successful,E101,User {user} login successful
14149,2026-01-11,03:35:56,INFO,PaymentGateway,Transaction tx371184 completed in 509ms,E104,Transaction {tx} completed in {time}ms
14150,2026-01-11,03:17:34,INFO,WebServer,User u1094 login successful,E101,User {user} login successful
14151,2026-01-11,03:37:40,INFO,AuthService,Health check passed: AuthService,E102,Health check passed: {service}
14152,2026-01-11,03:25:15,INFO,WebServer,Page view: /home by u1852,E103,Page view: {page} by {user}
14153,2026-01-11,03:57:20,INFO,OrderProcessor,Page view: /home by u2566,E103,Page view: {page} by {user}
14154,2026-01-11,03:32:56,INFO,WebServer,User u4536 login successful,E101,User {user} login successful
14155,2026-01-11,03:05:36,ERROR,WebServer,Connection refused to WebServer at 10.0.0.10,E501,Connection refused to {service} at {ip}
14156,2026-01-11,03:10:17,INFO,WebServer,Page view: /home by u1203,E103,Page view: {page} by {user}
14157,2026-01-11,04:31:27,INFO,AuthService,Page view: /home by u4293,E103,Page view: {page} by {user}
14158,2026-01-11,04:58:36,INFO,WebServer,Transaction tx695176 completed in 688ms,E104,Transaction {tx} completed in {time}ms
14159,2026-01-11,04:02:40,INFO,OrderProcessor,User u4276 login successful,E101,User {user} login successful
14160,2026-01-11,04:33:58,INFO,InventoryDB,User u3716 login successful,E101,User {user} login successful
14161,2026-01-11,04:49:25,INFO,PaymentGateway,Page view: /home by u4358,E103,Page view: {page} by {user}
14162,2026-01-11,04:10:58,INFO,WebServer,Page view: /home by u4338,E103,Page view: {page} by {user}
14163,2026-01-11,04:55:43,INFO,WebServer,Health check passed: WebServer,E102,Health check passed: {service}
14164,2026-01-11,04:03:49,INFO,InventoryDB,User u1010 login successful,E101,User {user} login successful
14165,2026-01-11,04:39:55,INFO,OrderProcessor,Health check passed: OrderProcessor,E102,Health check passed: {service}
14166,2026-01-11,04:38:02,INFO,PaymentGateway,Page view: /home by u2801,E103,Page view: {page} by {user}
14167,2026-01-11,04:22:36,INFO,AuthService,User u2832 login successful,E101,User {user} login successful
14168,2026-01-11,04:52:10,INFO,WebServer,Health check passed: WebServer,E102,Health check passed: {service}
14169,2026-01-11,04:12:24,INFO,WebServer,Transaction tx491641 completed in 1465ms,E104,Transaction {tx} completed in {time}ms
14170,2026-01-11,04:00:39,INFO,WebServer,Page view: /home by u4598,E103,Page view: {page} by {user}
14171,2026-01-11,04:29:23,INFO,InventoryDB,Health check passed: InventoryDB,E102,Health check passed: {service}
14172,2026-01-11,04:18:04,INFO,WebServer,Health check passed: WebServer,E102,Health check passed: {service}
14173,2026-01-11,04:38:43,INFO,AuthService,Page view: /home by u2419,E103,Page view: {page} by {user}
14174,2026-01-11,04:13:10,INFO,AuthService,User u2661 login successful,E101,User {user} login successful
14175,2026-01-11,04:46:00,INFO,InventoryDB,User u3022 login successful,E101,User {user} login successful
14176,2026-01-11,04:11:09,INFO,WebServer,Transaction tx375582 completed in 204ms,E104,Transaction {tx} completed in {time}ms
14177,2026-01-11,04:14:32,INFO,WebServer,User u4016 login successful,E101,User {user} login successful
14178,2026-01-11,04:45:20,INFO,OrderProcessor,Page view: /home by u3810,E103,Page view: {page} by {user}
14179,2026-01-11,04:21:41,INFO,WebServer,Health check passed: WebServer,E102,Health check passed: {service}
14180,2026-01-11,04:10:18,INFO,WebServer,User u4390 login successful,E101,User {user} login successful
14181,2026-01-11,04:41:54,INFO,OrderProcessor,User u3753 login successful,E101,User {user} login successful
14182,2026-01-11,04:04:46,INFO,AuthService,Page view: /home by u4335,E103,Page view: {page} by {user}
14183,2026-01-11,04:12:49,INFO,AuthService,Transaction tx646632 completed in 373ms,E104,Transaction {tx} completed in {time}ms
14184,2026-01-11,04:41:54,INFO,WebServer,User u3955 login successful,E101,User {user} login successful
14185,2026-01-11,04:44:06,INFO,WebServer,User u2240 login successful,E101,User {user} login successful
14186,2026-01-11,04:39:03,INFO,WebServer,Page view: /home by u4392,E103,Page view: {page} by {user}
14187,2026-01-11,04:04:54,INFO,OrderProcessor,Transaction tx311152 completed in 336ms,E104,Transaction {tx} completed in {time}ms
14188,2026-01-11,04:37:51,INFO,WebServer,Page view: /home by u2762,E103,Page view: {page} by {user}
14189,2026-01-11,04:41:47,INFO,WebServer,Transaction tx259005 completed in 525ms,E104,Transaction {tx} completed in {time}ms
14190,2026-01-11,04:25:41,INFO,WebServer,Health check passed: WebServer,E102,Health check passed: {service}
14191,2026-01-11,04:49:23,INFO,AuthService,Health check passed: AuthService,E102,Health check passed: {service}
14192,2026-01-11,04:55:41,INFO,WebServer,Health check passed: WebServer,E102,Health check passed: {service}
14193,2026-01-11,04:57:26,INFO,AuthService,User u1020 login successful,E101,User {user} login successful
14194,2026-01-11,04:06:16,INFO,WebServer,User u2762 login successful,E101,User {user} login successful
14195,2026-01-11,04:12:38,INFO,WebServer,Transaction tx221403 completed in 828ms,E104,Transaction {tx} completed in {time}ms
14196,2026-01-11,04:30:54,CRITICAL,AuthService,DATA CORRUPTION detected in sector 678,E602,DATA CORRUPTION detected in sector {sector}
14197,2026-01-11,04:34:06,INFO,AuthService,Health check passed: AuthService,E102,Health check passed: {service}
14198,2026-01-11,04:11:38,INFO,InventoryDB,Transaction tx650158 completed in 507ms,E104,Transaction {tx} completed in {time}ms
14199,2026-01-11,04:34:10,INFO,OrderProcessor,Health check passed: OrderProcessor,E102,Health check passed: {service}
14200,2026-01-11,04:48:23,INFO,WebServer,Health check passed: WebServer,E102,Health check passed: {service}
14201,2026-01-11,04:24:55,INFO,WebServer,Transaction tx351829 completed in 153ms,E104,Transaction {tx} completed in {time}ms
14202,2026-01-11,04:50:58,INFO,AuthService,Health check passed: AuthService,E102,Health check passed: {service}
14203,2026-01-11,04:40:58,INFO,WebServer,Transaction tx112258 completed in 1456ms,E104,Transaction {tx} completed in {time}ms
14204,2026-01-11,04:16:14,INFO,AuthService,Health check passed: AuthService,E102,Health check passed: {service}
14205,2026-01-11,04:15:48,INFO,WebServer,Page view: /home by u3663,E103,Page view: {page} by {user}
14206,2026-01-11,04:03:02,INFO,AuthService,User u1505 login successful,E101,User {user} login successful
14207,2026-01-11,04:01:07,INFO,InventoryDB,Page view: /home by u1666,E103,Page view: {page} by {user}
14208,2026-01-11,04:31:40,INFO,InventoryDB,Page view: /home by u1428,E103,Page view: {page} by {user}
14209,2026-01-11,04:52:23,INFO,WebServer,Transaction tx469186 completed in 1070ms,E104,Transaction {tx} completed in {time}ms
14210,2026-01-11,04:52:00,INFO,AuthService,User u4404 login successful,E101,User {user} login successful
14211,2026-01-11,04:07:15,INFO,AuthService,User u4332 login successful,E101,User {user} login successful
14212,2026-01-11,04:08:22,INFO,OrderProcessor,Transaction tx474340 completed in 192ms,E104,Transaction {tx} completed in {time}ms
14213,2026-01-11,04:46:47,INFO,WebServer,Page view: /home by u4036,E103,Page view: {page} by {user}
14214,2026-01-11,04:23:19,WARN,AuthService,Disk usage > 85% on node node-3,E202,Disk usage > 85% on node {node}
14215,2026-01-11,04:16:58,INFO,WebServer,Transaction tx947122 completed in 1642ms,E104,Transaction {tx} completed in {time}ms
14216,2026-01-11,05:09:04,WARN,WebServer,Unauthorized access attempt from 10.0.0.99,E401,Unauthorized access attempt from {ip}
14217,2026-01-11,05:00:55,INFO,AuthService,User u4120 login successful,E101,User {user} login successful
14218,2026-01-11,05:35:58,INFO,PaymentGateway,Health check passed: PaymentGateway,E102,Health check passed: {service}
14219,2026-01-11,05:41:28,INFO,WebServer,Transaction tx333093 completed in 26ms,E104,Transaction {tx} completed in {time}ms
14220,2026-01-11,05:43:17,INFO,OrderProcessor,Health check passed: OrderProcessor,E102,Health check passed: {service}
14221,2026-01-11,05:35:29,INFO,InventoryDB,User u3439 login successful,E101,User {user} login successful
14222,2026-01-11,05:47:04,INFO,WebServer,User u3406 login successful,E101,User {user} login successful
14223,2026-01-11,05:41:49,INFO,OrderProcessor,Page view: /home by u4007,E103,Page view: {page} by {user}
14224,2026-01-11,05:04:46,INFO,WebServer,Transaction tx276281 completed in 1880ms,E104,Transaction {tx} completed in {time}ms
14225,2026-01-11,05:10:39,INFO,WebServer,User u1481 login successful,E101,User {user} login successful
14226,2026-01-11,05:52:05,INFO,OrderProcessor,User u2609 login successful,E101,User {user} login successful
14227,2026-01-11,05:32:00,WARN,PaymentGateway,Unauthorized access attempt from 10.0.0.45,E401,Unauthorized access attempt from {ip}
14228,2026-01-11,05:40:59,INFO,PaymentGateway,Health check passed: PaymentGateway,E102,Health check passed: {service}
14229,2026-01-11,05:38:59,INFO,WebServer,User u1796 login successful,E101,User {user} login successful
14230,2026-01-11,05:52:32,INFO,WebServer,Health check passed: WebServer,E102,Health check passed: {service}
14231,2026-01-11,05:07:47,INFO,PaymentGateway,Page view: /home by u4027,E103,Page view: {page} by {user}
14232,2026-01-11,05:14:42,INFO,AuthService,Page view: /home by u4282,E103,Page view: {page} by {user}
14233,2026-01-11,05:54:17,INFO,WebServer,Transaction tx301508 completed in 1537ms,E104,Transaction {tx} completed in {time}ms
14234,2026-01-11,05:14:36,INFO,WebServer,Transaction tx849995 completed in 590ms,E104,Transaction {tx} completed in {time}ms
14235,2026-01-11,05:07:07,INFO,OrderProcessor,Health check passed: OrderProcessor,E102,Health check passed: {service}
14236,2026-01-11,05:54:42,INFO,PaymentGateway,Health check passed: PaymentGateway,E102,Health check passed: {service}
14237,2026-01-11,05:22:05,INFO,WebServer,User u3773 login successful,E101,User {user} login successful
14238,2026-01-11,05:15:37,INFO,OrderProcessor,Transaction tx172193 completed in 1078ms,E104,Transaction {tx} completed in {time}ms
14239,2026-01-11,05:32:35,INFO,OrderProcessor,Page view: /home by u4057,E103,Page view: {page} by {user}
14240,2026-01-11,05:19:14,INFO,WebServer,Transaction tx473437 completed in 1737ms,E104,Transaction {tx} completed in {time}ms
14241,2026-01-11,05:16:13,INFO,WebServer,Page view: /home by u1190,E103,Page view: {page} by {user}
14242,2026-01-11,05:56:36,INFO,WebServer,Health check passed: WebServer,E102,Health check passed: {service}
14243,2026-01-11,05:04:49,INFO,AuthService,Health check passed: AuthService,E102,Health check passed: {service}
14244,2026-01-11,05:44:25,INFO,OrderProcessor,Page view: /home by u3923,E103,Page view: {page} by {user}
14245,2026-01-11,05:32:25,INFO,WebServer,Page view: /home by u1875,E103,Page view: {page} by {user}
14246,2026-01-11,05:53:25,INFO,AuthService,Health check passed: AuthService,E102,Health check passed: {service}
14247,2026-01-11,05:35:02,INFO,InventoryDB,User u2165 login successful,E101,User {user} login successful
14248,2026-01-11,05:19:19,ERROR,WebServer,Connection refused to WebServer at 10.0.0.45,E501,Connection refused to {service} at {ip}
14249,2026-01-11,05:21:51,INFO,WebServer,Health check passed: WebServer,E102,Health check passed: {service}
14250,2026-01-11,05:31:04,WARN,OrderProcessor,High latency (1666ms) detected on OrderProcessor,E201,High latency ({time}ms) detected on {service}
14251,2026-01-11,05:02:43,WARN,WebServer,Unauthorized access attempt from 10.0.0.12,E401,Unauthorized access attempt from {ip}
14252,2026-01-11,05:10:55,INFO,PaymentGateway,Transaction tx114186 completed in 1891ms,E104,Transaction {tx} completed in {time}ms
14253,2026-01-11,05:37:28,WARN,InventoryDB,Disk usage > 85% on node node-1,E202,Disk usage > 85% on node {node}
14254,2026-01-11,05:42:50,INFO,WebServer,Page view: /home by u4609,E103,Page view: {page} by {user}
14255,2026-01-11,05:26:36,INFO,OrderProcessor,User u4775 login successful,E101,User {user} login successful
14256,2026-01-11,05:33:08,INFO,AuthService,User u3956 login successful,E101,User {user} login successful
14257,2026-01-11,05:14:38,INFO,PaymentGateway,User u4701 login successful,E101,User {user} login successful
14258,2026-01-11,05:30:00,INFO,PaymentGateway,Page view: /home by u2658,E103,Page view: {page} by {user}
14259,2026-01-11,05:21:10,INFO,AuthService,Transaction tx658641 completed in 791ms,E104,Transaction {tx} completed in {time}ms
14260,2026-01-11,05:49:22,INFO,OrderProcessor,User u3746 login successful,E101,User {user} login successful
14261,2026-01-11,05:23:34,INFO,WebServer,User u2860 login successful,E101,User {user} login successful
14262,2026-01-11,05:17:58,INFO,OrderProcessor,Health check passed: OrderProcessor,E102,Health check passed: {service}
14263,2026-01-11,05:20:50,INFO,WebServer,Health check passed: WebServer,E102,Health check passed: {service}
14264,2026-01-11,05:39:37,INFO,PaymentGateway,Page view: /home by u4796,E103,Page view: {page} by {user}
14265,2026-01-11,05:13:28,WARN,WebServer,Unauthorized access attempt from 10.0.0.12,E401,Unauthorized access attempt from {ip}
14266,2026-01-11,05:06:03,INFO,WebServer,Transaction tx420906 completed in 1303ms,E104,Transaction {tx} completed in {time}ms
14267,2026-01-11,05:01:48,INFO,WebServer,Transaction tx311732 completed in 357ms,E104,Transaction {tx} completed in {time}ms
14268,2026-01-11,05:52:22,INFO,WebServer,Transaction tx694182 completed in 1927ms,E104,Transaction {tx} completed in {time}ms
14269,2026-01-11,05:55:35,INFO,OrderProcessor,Page view: /home by u2639,E103,Page view: {page} by {user}
14270,2026-01-11,05:50:05,INFO,OrderProcessor,Page view: /home by u4961,E103,Page view: {page} by {user}
14271,2026-01-11,05:11:51,INFO,WebServer,User u3441 login successful,E101,User {user} login successful
14272,2026-01-11,05:43:29,INFO,OrderProcessor,Page view: /home by u3117,E103,Page view: {page} by {user}
14273,2026-01-11,05:49:40,INFO,WebServer,Page view: /home by u2821,E103,Page view: {page} by {user}
14274,2026-01-11,05:10:15,INFO,WebServer,Page view: /home by u3781,E103,Page view: {page} by {user}
14275,2026-01-11,06:11:24,INFO,OrderProcessor,User u1821 login successful,E101,User {user} login successful
14276,2026-01-11,06:03:08,INFO,WebServer,Page view: /home by u3883,E103,Page view: {page} by {user}
14277,2026-01-11,06:21:09,INFO,WebServer,Transaction tx767249 completed in 1985ms,E104,Transaction {tx} completed in {time}ms
14278,2026-01-11,06:29:47,INFO,WebServer,Transaction tx313469 completed in 1421ms,E104,Transaction {tx} completed in {time}ms
14279,2026-01-11,06:34:49,INFO,WebServer,Health check passed: WebServer,E102,Health check passed: {service}
14280,2026-01-11,06:15:43,INFO,WebServer,Health check passed: WebServer,E102,Health check passed: {service}
14281,2026-01-11,06:45:16,INFO,AuthService,User u4576 login successful,E101,User {user} login successful
14282,2026-01-11,06:25:18,INFO,AuthService,Transaction tx890723 completed in 1918ms,E104,Transaction {tx} completed in {time}ms
14283,2026-01-11,06:56:49,INFO,WebServer,Health check passed: WebServer,E102,Health check passed: {service}
14284,2026-01-11,06:44:05,INFO,OrderProcessor,User u2838 login successful,E101,User {user} login successful
14285,2026-01-11,06:07:14,INFO,WebServer,User u3469 login successful,E101,User {user} login successful
14286,2026-01-11,06:16:46,INFO,WebServer,User u3950 login successful,E101,User {user} login successful
14287,2026-01-11,06:33:38,ERROR,WebServer,Timeout waiting for lock on InventoryDB,E502,Timeout waiting for lock on {db}
14288,2026-01-11,06:58:37,ERROR,OrderProcessor,Timeout waiting for lock on InventoryDB,E502,Timeout waiting for lock on {db}
14289,2026-01-11,06:20:25,INFO,PaymentGateway,User u2970 login successful,E101,User {user} login successful
14290,2026-01-11,06:27:40,INFO,PaymentGateway,Health check passed: PaymentGateway,E102,Health check passed: {service}
14291,2026-01-11,06:44:05,INFO,WebServer,Transaction tx401063 completed in 1321ms,E104,Transaction {tx} completed in {time}ms
14292,2026-01-11,06:06:16,INFO,WebServer,Page view: /home by u3962,E103,Page view: {page} by {user}
14293,2026-01-11,06:05:43,INFO,WebServer,User u4471 login successful,E101,User {user} login successful
14294,2026-01-11,06:52:38,WARN,AuthService,Unauthorized access attempt from 10.0.0.88,E401,Unauthorized access attempt from {ip}
14295,2026-01-11,06:17:35,INFO,WebServer,User u2984 login successful,E101,User {user} login successful
14296,2026-01-11,06:33:43,INFO,WebServer,User u3523 login successful,E101,User {user} login successful
14297,2026-01-11,06:43:08,INFO,AuthService,Transaction tx243833 completed in 1406ms,E104,Transaction {tx} completed in {time}ms
14298,2026-01-11,06:20:23,INFO,WebServer,User u2873 login successful,E101,User {user} login successful
14299,2026-01-11,06:51:58,INFO,WebServer,User u1361 login successful,E101,User {user} login successful
14300,2026-01-11,06:12:59,INFO,WebServer,Page view: /home by u4464,E103,Page view: {page} by {user}
14301,2026-01-11,06:48:16,INFO,InventoryDB,Transaction tx456296 completed in 283ms,E104,Transaction {tx} completed in {time}ms
14302,2026-01-11,06:52:55,INFO,InventoryDB,Health check passed: InventoryDB,E102,Health check passed: {service}
14303,2026-01-11,06:45:04,INFO,PaymentGateway,Transaction tx702103 completed in 1754ms,E104,Transaction {tx} completed in {time}ms
14304,2026-01-11,06:09:07,WARN,WebServer,High latency (1973ms) detected on WebServer,E201,High latency ({time}ms) detected on {service}
14305,2026-01-11,06:18:10,INFO,WebServer,Page view: /home by u3103,E103,Page view: {page} by {user}
14306,2026-01-11,06:45:48,INFO,InventoryDB,User u3215 login successful,E101,User {user} login successful
14307,2026-01-11,06:56:02,INFO,InventoryDB,Page view: /home by u4383,E103,Page view: {page} by {user}
14308,2026-01-11,06:46:38,INFO,WebServer,Transaction tx806332 completed in 1125ms,E104,Transaction {tx} completed in {time}ms
14309,2026-01-11,06:32:27,INFO,WebServer,Page view: /home by u1008,E103,Page view: {page} by {user}
14310,2026-01-11,06:07:44,INFO,OrderProcessor,User u3912 login successful,E101,User {user} login successful
14311,2026-01-11,06:01:26,WARN,OrderProcessor,Unauthorized access attempt from 10.0.0.45,E401,Unauthorized access attempt from {ip}
14312,2026-01-11,06:38:36,INFO,WebServer,Page view: /home by u3025,E103,Page view: {page} by {user}
14313,2026-01-11,06:33:55,WARN,PaymentGateway,High latency (728ms) detected on PaymentGateway,E201,High latency ({time}ms) detected on {service}
14314,2026-01-11,06:53:10,INFO,WebServer,Health check passed: WebServer,E102,Health check passed: {service}
14315,2026-01-11,06:52:41,INFO,WebServer,Page view: /home by u2236,E103,Page view: {page} by {user}
14316,2026-01-11,06:58:41,WARN,InventoryDB,Disk usage > 85% on node node-1,E202,Disk usage > 85% on node {node}
14317,2026-01-11,06:47:21,INFO,AuthService,Transaction tx671000 completed in 695ms,E104,Transaction {tx} completed in {time}ms
14318,2026-01-11,06:53:06,INFO,PaymentGateway,Page view: /home by u4396,E103,Page view: {page} by {user}
14319,2026-01-11,06:38:03,INFO,WebServer,Health check passed: WebServer,E102,Health check passed: {service}
14320,2026-01-11,06:25:32,INFO,WebServer,Health check passed: WebServer,E102,Health check passed: {service}
14321,2026-01-11,06:58:46,INFO,WebServer,Transaction tx561346 completed in 825ms,E104,Transaction {tx} completed in {time}ms
14322,2026-01-11,06:09:29,INFO,WebServer,Page view: /home by u2949,E103,Page view: {page} by {user}
14323,2026-01-11,06:13:39,INFO,AuthService,Transaction tx511680 completed in 1989ms,E104,Transaction {tx} completed in {time}ms
14324,2026-01-11,06:50:49,INFO,PaymentGateway,Page view: /home by u3427,E103,Page view: {page} by {user}
14325,2026-01-11,06:02:53,INFO,PaymentGateway,Transaction tx101569 completed in 363ms,E104,Transaction {tx} completed in {time}ms
14326,2026-01-11,06:48:52,WARN,WebServer,Unauthorized access attempt from 10.0.0.45,E401,Unauthorized access attempt from {ip}
14327,2026-01-11,06:02:23,INFO,WebServer,Transaction tx904534 completed in 1337ms,E104,Transaction {tx} completed in {time}ms
14328,2026-01-11,06:50:36,INFO,WebServer,Transaction tx787240 completed in 1964ms,E104,Transaction {tx} completed in {time}ms
14329,2026-01-11,06:34:32,INFO,OrderProcessor,User u2399 login successful,E101,User {user} login successful
14330,2026-01-11,06:39:38,INFO,WebServer,Health check passed: WebServer,E102,Health check passed: {service}
14331,2026-01-11,06:46:44,INFO,WebServer,Health check passed: WebServer,E102,Health check passed: {service}
14332,2026-01-11,06:26:03,INFO,WebServer,Health check passed: WebServer,E102,Health check passed: {service}
14333,2026-01-11,06:40:10,INFO,AuthService,Page view: /home by u1968,E103,Page view: {page} by {user}
14334,2026-01-11,06:23:03,INFO,WebServer,Transaction tx397966 completed in 1296ms,E104,Transaction {tx} completed in {time}ms
14335,2026-01-11,06:25:59,INFO,OrderProcessor,Transaction tx715709 completed in 1638ms,E104,Transaction {tx} completed in {time}ms
14336,2026-01-11,06:01:16,INFO,WebServer,Transaction tx137522 completed in 978ms,E104,Transaction {tx} completed in {time}ms
14337,2026-01-11,06:52:51,INFO,WebServer,Health check passed: WebServer,E102,Health check passed: {service}
14338,2026-01-11,06:00:56,ERROR,PaymentGateway,Payment declined: Gateway unavailable,E503,Payment declined: Gateway unavailable
14339,2026-01-11,06:29:12,INFO,AuthService,User u1346 login successful,E101,User {user} login successful
14340,2026-01-11,06:33:12,INFO,AuthService,Health check passed: AuthService,E102,Health check passed: {service}
14341,2026-01-11,06:23:19,INFO,OrderProcessor,Health check passed: OrderProcessor,E102,Health check passed: {service}
14342,2026-01-11,06:47:30,INFO,OrderProcessor,User u2659 login successful,E101,User {user} login successful
14343,2026-01-11,06:05:28,INFO,WebServer,User u4559 login successful,E101,User {user} login successful
14344,2026-01-11,06:09:59,INFO,WebServer,Transaction tx960562 completed in 1093ms,E104,Transaction {tx} completed in {time}ms
14345,2026-01-11,06:29:46,INFO,WebServer,Transaction tx892365 completed in 1945ms,E104,Transaction {tx} completed in {time}ms
14346,2026-01-11,06:58:06,INFO,WebServer,User u2751 login successful,E101,User {user} login successful
14347,2026-01-11,06:21:12,INFO,AuthService,Health check passed: AuthService,E102,Health check passed: {service}
14348,2026-01-11,06:57:41,INFO,InventoryDB,User u1376 login successful,E101,User {user} login successful
14349,2026-01-11,06:32:42,INFO,WebServer,Page view: /home by u3667,E103,Page view: {page} by {user}
14350,2026-01-11,06:08:04,INFO,WebServer,Health check passed: WebServer,E102,Health check passed: {service}
14351,2026-01-11,06:44:28,INFO,WebServer,Page view: /home by u4966,E103,Page view: {page} by {user}
14352,2026-01-11,06:04:56,INFO,AuthService,Page view: /home by u1048,E103,Page view: {page} by {user}
14353,2026-01-11,06:34:31,INFO,OrderProcessor,Transaction tx865499 completed in 1699ms,E104,Transaction {tx} completed in {time}ms
14354,2026-01-11,06:02:44,INFO,OrderProcessor,Transaction tx558805 completed in 1691ms,E104,Transaction {tx} completed in {time}ms
14355,2026-01-11,06:27:12,INFO,OrderProcessor,Transaction tx888304 completed in 1058ms,E104,Transaction {tx} completed in {time}ms
14356,2026-01-11,06:10:19,INFO,PaymentGateway,User u3817 login successful,E101,User {user} login successful
14357,2026-01-11,06:52:49,INFO,WebServer,Transaction tx294266 completed in 1311ms,E104,Transaction {tx} completed in {time}ms
14358,2026-01-11,06:35:01,INFO,AuthService,Health check passed: AuthService,E102,Health check passed: {service}
14359,2026-01-11,06:17:52,INFO,OrderProcessor,Health check passed: OrderProcessor,E102,Health check passed: {service}
14360,2026-01-11,06:25:20,INFO,WebServer,Transaction tx442322 completed in 803ms,E104,Transaction {tx} completed in {time}ms
14361,2026-01-11,06:02:21,INFO,WebServer,Page view: /home by u3829,E103,Page view: {page} by {user}
14362,2026-01-11,06:11:39,INFO,WebServer,Transaction tx134581 completed in 824ms,E104,Transaction {tx} completed in {time}ms
14363,2026-01-11,06:08:41,INFO,WebServer,User u2150 login successful,E101,User {user} login successful
14364,2026-01-11,06:56:20,INFO,WebServer,Page view: /home by u4302,E103,Page view: {page} by {user}
14365,2026-01-11,06:57:59,INFO,AuthService,User u2731 login successful,E101,User {user} login successful
14366,2026-01-11,06:35:43,INFO,AuthService,Page view: /home by u3363,E103,Page view: {page} by {user}
14367,2026-01-11,06:25:37,INFO,WebServer,User u3946 login successful,E101,User {user} login successful
14368,2026-01-11,06:38:22,INFO,WebServer,Transaction tx197085 completed in 917ms,E104,Transaction {tx} completed in {time}ms
14369,2026-01-11,06:20:49,WARN,AuthService,High latency (1026ms) detected on AuthService,E201,High latency ({time}ms) detected on {service}
14370,2026-01-11,06:17:02,INFO,WebServer,Health check passed: WebServer,E102,Health check passed: {service}
14371,2026-01-11,06:07:39,INFO,WebServer,Transaction tx374571 completed in 1257ms,E104,Transaction {tx} completed in {time}ms
14372,2026-01-11,06:52:11,INFO,PaymentGateway,User u1785 login successful,E101,User {user} login successful
14373,2026-01-11,06:55:24,CRITICAL,PaymentGateway,KERNEL PANIC: Node node-5 crashed,E601,KERNEL PANIC: Node {node} crashed
14374,2026-01-11,06:22:28,INFO,OrderProcessor,Page view: /home by u4450,E103,Page view: {page} by {user}
14375,2026-01-11,06:15:58,INFO,AuthService,User u3825 login successful,E101,User {user} login successful
14376,2026-01-11,06:24:44,INFO,InventoryDB,Transaction tx120304 completed in 1389ms,E104,Transaction {tx} completed in {time}ms
14377,2026-01-11,06:14:58,INFO,AuthService,Health check passed: AuthService,E102,Health check passed: {service}
14378,2026-01-11,06:10:56,INFO,WebServer,User u4488 login successful,E101,User {user} login successful
14379,2026-01-11,06:33:52,INFO,WebServer,Page view: /home by u1283,E103,Page view: {page} by {user}
14380,2026-01-11,06:16:07,WARN,InventoryDB,Unauthorized access attempt from 10.0.0.10,E401,Unauthorized access attempt from {ip}
14381,2026-01-11,06:05:42,INFO,AuthService,Page view: /home by u2924,E103,Page view: {page} by {user}
14382,2026-01-11,06:24:39,INFO,AuthService,Transaction tx303615 completed in 297ms,E104,Transaction {tx} completed in {time}ms
14383,2026-01-11,06:18:56,WARN,OrderProcessor,Unauthorized access attempt from 10.0.0.99,E401,Unauthorized access attempt from {ip}
14384,2026-01-11,06:59:26,INFO,WebServer,User u1205 login successful,E101,User {user} login successful
14385,2026-01-11,06:31:14,INFO,AuthService,User u3190 login successful,E101,User {user} login successful
14386,2026-01-11,06:01:57,INFO,AuthService,User u2877 login successful,E101,User {user} login successful
14387,2026-01-11,06:02:41,INFO,WebServer,Page view: /home by u2221,E103,Page view: {page} by {user}
14388,2026-01-11,06:16:16,INFO,AuthService,Transaction tx272292 completed in 700ms,E104,Transaction {tx} completed in {time}ms
14389,2026-01-11,06:24:40,INFO,OrderProcessor,User u2516 login successful,E101,User {user} login successful
14390,2026-01-11,06:54:31,INFO,OrderProcessor,Health check passed: OrderProcessor,E102,Health check passed: {service}
14391,2026-01-11,06:18:05,INFO,WebServer,Page view: /home by u1655,E103,Page view: {page} by {user}
14392,2026-01-11,06:50:01,INFO,PaymentGateway,Transaction tx358826 completed in 304ms,E104,Transaction {tx} completed in {time}ms
14393,2026-01-11,06:36:13,INFO,OrderProcessor,Transaction tx267271 completed in 138ms,E104,Transaction {tx} completed in {time}ms
14394,2026-01-11,06:52:01,INFO,AuthService,Page view: /home by u4690,E103,Page view: {page} by {user}
14395,2026-01-11,06:01:37,INFO,PaymentGateway,Health check passed: PaymentGateway,E102,Health check passed: {service}
14396,2026-01-11,06:24:28,INFO,OrderProcessor,Page view: /home by u3814,E103,Page view: {page} by {user}
14397,2026-01-11,06:30:20,INFO,AuthService,Page view: /home by u1022,E103,Page view: {page} by {user}
14398,2026-01-11,06:06:25,INFO,PaymentGateway,Page view: /home by u3024,E103,Page view: {page} by {user}
14399,2026-01-11,06:59:49,INFO,WebServer,Health check passed: WebServer,E102,Health check passed: {service}
14400,2026-01-11,06:55:42,INFO,WebServer,Transaction tx974194 completed in 1051ms,E104,Transaction {tx} completed in {time}ms
14401,2026-01-11,06:21:19,WARN,OrderProcessor,Disk usage > 85% on node node-1,E202,Disk usage > 85% on node {node}
14402,2026-01-11,06:53:48,INFO,WebServer,Transaction tx769535 completed in 1549ms,E104,Transaction {tx} completed in {time}ms
14403,2026-01-11,06:38:04,INFO,WebServer,Health check passed: WebServer,E102,Health check passed: {service}
14404,2026-01-11,06:37:45,INFO,WebServer,Transaction tx411311 completed in 420ms,E104,Transaction {tx} completed in {time}ms
14405,2026-01-11,06:07:43,INFO,OrderProcessor,User u2595 login successful,E101,User {user} login successful
14406,2026-01-11,06:06:47,INFO,WebServer,Transaction tx707572 completed in 1988ms,E104,Transaction {tx} completed in {time}ms
14407,2026-01-11,06:28:21,INFO,WebServer,Transaction tx186845 completed in 322ms,E104,Transaction {tx} completed in {time}ms
14408,2026-01-11,06:46:21,INFO,OrderProcessor,Transaction tx756087 completed in 477ms,E104,Transaction {tx} completed in {time}ms
14409,2026-01-11,06:53:25,INFO,InventoryDB,Transaction tx762976 completed in 846ms,E104,Transaction {tx} completed in {time}ms
14410,2026-01-11,06:27:23,INFO,OrderProcessor,Page view: /home by u2363,E103,Page view: {page} by {user}
14411,2026-01-11,06:34:24,INFO,PaymentGateway,Health check passed: PaymentGateway,E102,Health check passed: {service}
14412,2026-01-11,06:44:31,INFO,AuthService,Page view: /home by u4639,E103,Page view: {page} by {user}
14413,2026-01-11,06:25:05,INFO,InventoryDB,Page view: /home by u4687,E103,Page view: {page} by {user}
14414,2026-01-11,06:43:37,INFO,AuthService,Health check passed: AuthService,E102,Health check passed: {service}
14415,2026-01-11,06:38:49,INFO,AuthService,Transaction tx867646 completed in 1378ms,E104,Transaction {tx} completed in {time}ms
14416,2026-01-11,06:03:56,INFO,WebServer,Health check passed: WebServer,E102,Health check passed: {service}
14417,2026-01-11,06:01:49,INFO,WebServer,User u4291 login successful,E101,User {user} login successful
14418,2026-01-11,06:34:16,INFO,PaymentGateway,Health check passed: PaymentGateway,E102,Health check passed: {service}
14419,2026-01-11,06:37:49,INFO,PaymentGateway,Transaction tx789819 completed in 1570ms,E104,Transaction {tx} completed in {time}ms
14420,2026-01-11,06:44:27,INFO,AuthService,Page view: /home by u4022,E103,Page view: {page} by {user}
14421,2026-01-11,06:25:00,INFO,WebServer,User u3078 login successful,E101,User {user} login successful
14422,2026-01-11,06:34:38,INFO,WebServer,Transaction tx167345 completed in 1010ms,E104,Transaction {tx} completed in {time}ms
14423,2026-01-11,06:02:34,INFO,PaymentGateway,Transaction tx563605 completed in 719ms,E104,Transaction {tx} completed in {time}ms
14424,2026-01-11,06:21:40,INFO,WebServer,User u1570 login successful,E101,User {user} login successful
14425,2026-01-11,06:56:25,ERROR,WebServer,Payment declined: Gateway unavailable,E503,Payment declined: Gateway unavailable
14426,2026-01-11,06:57:42,INFO,PaymentGateway,Page view: /home by u3978,E103,Page view: {page} by {user}
14427,2026-01-11,06:50:23,INFO,PaymentGateway,User u3068 login successful,E101,User {user} login successful
14428,2026-01-11,06:36:30,INFO,PaymentGateway,Transaction tx679319 completed in 796ms,E104,Transaction {tx} completed in {time}ms
14429,2026-01-11,06:50:13,INFO,OrderProcessor,Health check passed: OrderProcessor,E102,Health check passed: {service}
14430,2026-01-11,06:42:34,ERROR,WebServer,Timeout waiting for lock on InventoryDB,E502,Timeout waiting for lock on {db}
14431,2026-01-11,06:52:08,INFO,WebServer,Page view: /home by u4573,E103,Page view: {page} by {user}
14432,2026-01-11,06:36:40,INFO,WebServer,Transaction tx825425 completed in 1508ms,E104,Transaction {tx} completed in {time}ms
14433,2026-01-11,06:10:25,ERROR,WebServer,Payment declined: Gateway unavailable,E503,Payment declined: Gateway unavailable
14434,2026-01-11,06:51:17,INFO,WebServer,User u4314 login successful,E101,User {user} login successful
14435,2026-01-11,06:56:32,INFO,PaymentGateway,Page view: /home by u4302,E103,Page view: {page} by {user}
14436,2026-01-11,06:32:09,INFO,WebServer,Page view: /home by u4109,E103,Page view: {page} by {user}
14437,2026-01-11,06:10:17,INFO,WebServer,Page view: /home by u4359,E103,Page view: {page} by {user}
14438,2026-01-11,06:36:42,INFO,OrderProcessor,Health check passed: OrderProcessor,E102,Health check passed: {service}
14439,2026-01-11,06:09:14,INFO,AuthService,Health check passed: AuthService,E102,Health check passed: {service}
14440,2026-01-11,06:23:08,INFO,PaymentGateway,Page view: /home by u4050,E103,Page view: {page} by {user}
14441,2026-01-11,06:15:34,INFO,WebServer,Transaction tx104300 completed in 1583ms,E104,Transaction {tx} completed in {time}ms
14442,2026-01-11,06:20:14,INFO,OrderProcessor,Health check passed: OrderProcessor,E102,Health check passed: {service}
14443,2026-01-11,06:31:56,INFO,WebServer,Page view: /home by u2757,E103,Page view: {page} by {user}
14444,2026-01-11,06:22:26,INFO,InventoryDB,Page view: /home by u1709,E103,Page view: {page} by {user}
14445,2026-01-11,06:54:16,INFO,AuthService,Transaction tx762075 completed in 1741ms,E104,Transaction {tx} completed in {time}ms
14446,2026-01-11,06:07:42,INFO,WebServer,Health check passed: WebServer,E102,Health check passed: {service}
14447,2026-01-11,06:28:32,INFO,PaymentGateway,Transaction tx425323 completed in 1054ms,E104,Transaction {tx} completed in {time}ms
14448,2026-01-11,06:44:06,INFO,PaymentGateway,User u2704 login successful,E101,User {user} login successful
14449,2026-01-11,06:28:28,INFO,PaymentGateway,Page view: /home by u4521,E103,Page view: {page} by {user}
14450,2026-01-11,06:03:39,INFO,WebServer,Health check passed: WebServer,E102,Health check passed: {service}
14451,2026-01-11,06:51:54,INFO,OrderProcessor,User u2729 login successful,E101,User {user} login successful
14452,2026-01-11,06:11:29,INFO,WebServer,Page view: /home by u1212,E103,Page view: {page} by {user}
14453,2026-01-11,06:01:11,INFO,OrderProcessor,Health check passed: OrderProcessor,E102,Health check passed: {service}
14454,2026-01-11,06:43:41,INFO,OrderProcessor,User u1823 login successful,E101,User {user} login successful
14455,2026-01-11,06:11:22,INFO,InventoryDB,Transaction tx999883 completed in 1624ms,E104,Transaction {tx} completed in {time}ms
14456,2026-01-11,06:35:48,INFO,WebServer,Page view: /home by u2181,E103,Page view: {page} by {user}
14457,2026-01-11,06:24:00,INFO,WebServer,User u3745 login successful,E101,User {user} login successful
14458,2026-01-11,06:05:42,INFO,OrderProcessor,Transaction tx613730 completed in 1531ms,E104,Transaction {tx} completed in {time}ms
14459,2026-01-11,06:54:14,INFO,OrderProcessor,Page view: /home by u2623,E103,Page view: {page} by {user}
14460,2026-01-11,06:53:55,WARN,WebServer,High latency (256ms) detected on WebServer,E201,High latency ({time}ms) detected on {service}
14461,2026-01-11,06:10:38,ERROR,OrderProcessor,Connection refused to OrderProcessor at 10.0.0.45,E501,Connection refused to {service} at {ip}
14462,2026-01-11,06:57:33,INFO,AuthService,Page view: /home by u3798,E103,Page view: {page} by {user}
14463,2026-01-11,06:45:39,INFO,OrderProcessor,Transaction tx904856 completed in 1650ms,E104,Transaction {tx} completed in {time}ms
14464,2026-01-11,06:56:39,INFO,WebServer,Transaction tx410692 completed in 1635ms,E104,Transaction {tx} completed in {time}ms
14465,2026-01-11,06:27:17,WARN,WebServer,Unauthorized access attempt from 10.0.0.99,E401,Unauthorized access attempt from {ip}
14466,2026-01-11,06:13:48,INFO,WebServer,User u3258 login successful,E101,User {user} login successful
14467,2026-01-11,06:18:39,INFO,AuthService,Transaction tx734379 completed in 39ms,E104,Transaction {tx} completed in {time}ms
14468,2026-01-11,06:49:55,INFO,WebServer,Transaction tx899675 completed in 577ms,E104,Transaction {tx} completed in {time}ms
14469,2026-01-11,06:32:56,INFO,WebServer,User u1120 login successful,E101,User {user} login successful
14470,2026-01-11,06:25:36,INFO,WebServer,Transaction tx356243 completed in 1971ms,E104,Transaction {tx} completed in {time}ms
14471,2026-01-11,06:13:38,INFO,WebServer,Health check passed: WebServer,E102,Health check passed: {service}
14472,2026-01-11,06:55:28,INFO,WebServer,Transaction tx388637 completed in 191ms,E104,Transaction {tx} completed in {time}ms
14473,2026-01-11,06:32:41,INFO,WebServer,Health check passed: WebServer,E102,Health check passed: {service}
14474,2026-01-11,06:49:01,INFO,AuthService,Transaction tx266572 completed in 1864ms,E104,Transaction {tx} completed in {time}ms
14475,2026-01-11,06:19:43,INFO,InventoryDB,Transaction tx974908 completed in 603ms,E104,Transaction {tx} completed in {time}ms
14476,2026-01-11,06:10:48,WARN,PaymentGateway,High latency (219ms) detected on PaymentGateway,E201,High latency ({time}ms) detected on {service}
14477,2026-01-11,06:09:53,INFO,InventoryDB,User u4126 login successful,E101,User {user} login successful
14478,2026-01-11,06:29:58,INFO,WebServer,Transaction tx145988 completed in 501ms,E104,Transaction {tx} completed in {time}ms
14479,2026-01-11,06:01:17,INFO,WebServer,Health check passed: WebServer,E102,Health check passed: {service}
14480,2026-01-11,06:14:02,INFO,WebServer,User u4577 login successful,E101,User {user} login successful
14481,2026-01-11,06:21:32,INFO,WebServer,User u1936 login successful,E101,User {user} login successful
14482,2026-01-11,06:07:10,INFO,WebServer,Transaction tx107299 completed in 96ms,E104,Transaction {tx} completed in {time}ms
14483,2026-01-11,06:05:13,INFO,WebServer,User u1975 login successful,E101,User {user} login successful
14484,2026-01-11,06:33:27,INFO,OrderProcessor,Health check passed: OrderProcessor,E102,Health check passed: {service}
14485,2026-01-11,06:52:17,INFO,WebServer,Page view: /home by u2341,E103,Page view: {page} by {user}
14486,2026-01-11,06:24:08,INFO,WebServer,Transaction tx539831 completed in 1510ms,E104,Transaction {tx} completed in {time}ms
14487,2026-01-11,06:54:57,INFO,WebServer,Page view: /home by u2861,E103,Page view: {page} by {user}
14488,2026-01-11,06:11:10,INFO,WebServer,Transaction tx598550 completed in 1806ms,E104,Transaction {tx} completed in {time}ms
14489,2026-01-11,06:31:45,INFO,WebServer,Page view: /home by u2978,E103,Page view: {page} by {user}
14490,2026-01-11,06:14:34,INFO,OrderProcessor,Transaction tx312526 completed in 227ms,E104,Transaction {tx} completed in {time}ms
14491,2026-01-11,06:12:53,INFO,PaymentGateway,Health check passed: PaymentGateway,E102,Health check passed: {service}
14492,2026-01-11,06:50:03,INFO,OrderProcessor,Transaction tx154296 completed in 761ms,E104,Transaction {tx} completed in {time}ms
14493,2026-01-11,06:06:05,INFO,WebServer,Transaction tx230766 completed in 226ms,E104,Transaction {tx} completed in {time}ms
14494,2026-01-11,06:19:24,WARN,InventoryDB,High latency (540ms) detected on InventoryDB,E201,High latency ({time}ms) detected on {service}
14495,2026-01-11,06:22:16,INFO,WebServer,Transaction tx912305 completed in 793ms,E104,Transaction {tx} completed in {time}ms
14496,2026-01-11,06:10:09,INFO,InventoryDB,User u3701 login successful,E101,User {user} login successful
14497,2026-01-11,06:09:59,INFO,WebServer,Transaction tx239643 completed in 555ms,E104,Transaction {tx} completed in {time}ms
14498,2026-01-11,06:42:27,WARN,WebServer,Unauthorized access attempt from 10.0.0.45,E401,Unauthorized access attempt from {ip}
14499,2026-01-11,06:48:34,INFO,AuthService,Transaction tx284106 completed in 1581ms,E104,Transaction {tx} completed in {time}ms
14500,2026-01-11,06:59:50,INFO,WebServer,Transaction tx364175 completed in 1875ms,E104,Transaction {tx} completed in {time}ms
14501,2026-01-11,06:56:49,INFO,WebServer,Transaction tx650229 completed in 302ms,E104,Transaction {tx} completed in {time}ms
14502,2026-01-11,06:04:52,INFO,WebServer,Transaction tx754210 completed in 1839ms,E104,Transaction {tx} completed in {time}ms
14503,2026-01-11,06:05:00,INFO,WebServer,Transaction tx519677 completed in 503ms,E104,Transaction {tx} completed in {time}ms
14504,2026-01-11,06:54:45,INFO,WebServer,Transaction tx523654 completed in 1768ms,E104,Transaction {tx} completed in {time}ms
14505,2026-01-11,06:14:18,INFO,WebServer,User u4742 login successful,E101,User {user} login successful
14506,2026-01-11,06:14:09,CRITICAL,WebServer,DATA CORRUPTION detected in sector 556,E602,DATA CORRUPTION detected in sector {sector}
14507,2026-01-11,06:18:22,INFO,WebServer,Transaction tx730973 completed in 1561ms,E104,Transaction {tx} completed in {time}ms
14508,2026-01-11,06:40:21,INFO,WebServer,Health check passed: WebServer,E102,Health check passed: {service}
14509,2026-01-11,06:02:44,INFO,AuthService,Page view: /home by u2433,E103,Page view: {page} by {user}
14510,2026-01-11,06:07:27,INFO,AuthService,Transaction tx480612 completed in 794ms,E104,Transaction {tx} completed in {time}ms
14511,2026-01-11,06:24:06,INFO,WebServer,Page view: /home by u2627,E103,Page view: {page} by {user}
14512,2026-01-11,06:53:17,INFO,InventoryDB,User u3431 login successful,E101,User {user} login successful
14513,2026-01-11,06:44:07,INFO,WebServer,Health check passed: WebServer,E102,Health check passed: {service}
14514,2026-01-11,06:04:56,INFO,WebServer,Page view: /home by u3637,E103,Page view: {page} by {user}
14515,2026-01-11,06:07:25,INFO,AuthService,Health check passed: AuthService,E102,Health check passed: {service}
14516,2026-01-11,06:20:16,INFO,WebServer,Health check passed: WebServer,E102,Health check passed: {service}
14517,2026-01-11,06:51:55,INFO,PaymentGateway,Page view: /home by u3356,E103,Page view: {page} by {user}
14518,2026-01-11,06:40:58,INFO,AuthService,Health check passed: AuthService,E102,Health check passed: {service}
14519,2026-01-11,06:18:47,INFO,PaymentGateway,Page view: /home by u3231,E103,Page view: {page} by {user}
14520,2026-01-11,06:58:31,INFO,OrderProcessor,Transaction tx276256 completed in 1197ms,E104,Transaction {tx} completed in {time}ms
14521,2026-01-11,06:42:58,INFO,AuthService,User u1062 login successful,E101,User {user} login successful
14522,2026-01-11,06:43:02,INFO,WebServer,Page view: /home by u4174,E103,Page view: {page} by {user}
14523,2026-01-11,06:52:53,INFO,PaymentGateway,Health check passed: PaymentGateway,E102,Health check passed: {service}
14524,2026-01-11,06:33:39,INFO,OrderProcessor,User u3840 login successful,E101,User {user} login successful
14525,2026-01-11,06:12:13,INFO,WebServer,Transaction tx971894 completed in 557ms,E104,Transaction {tx} completed in {time}ms
14526,2026-01-11,06:18:36,ERROR,WebServer,Timeout waiting for lock on InventoryDB,E502,Timeout waiting for lock on {db}
14527,2026-01-11,06:28:21,INFO,WebServer,Transaction tx988653 completed in 492ms,E104,Transaction {tx} completed in {time}ms
14528,2026-01-11,06:34:05,INFO,OrderProcessor,Health check passed: OrderProcessor,E102,Health check passed: {service}
14529,2026-01-11,06:21:29,INFO,WebServer,User u2112 login successful,E101,User {user} login successful
14530,2026-01-11,06:52:45,INFO,WebServer,Page view: /home by u1696,E103,Page view: {page} by {user}
14531,2026-01-11,06:29:49,INFO,WebServer,User u3960 login successful,E101,User {user} login successful
14532,2026-01-11,06:18:56,INFO,WebServer,Health check passed: WebServer,E102,Health check passed: {service}
14533,2026-01-11,06:12:43,INFO,AuthService,Health check passed: AuthService,E102,Health check passed: {service}
14534,2026-01-11,06:37:42,INFO,InventoryDB,Transaction tx255497 completed in 90ms,E104,Transaction {tx} completed in {time}ms
14535,2026-01-11,06:19:24,INFO,WebServer,Transaction tx424747 completed in 990ms,E104,Transaction {tx} completed in {time}ms
14536,2026-01-11,06:11:25,INFO,AuthService,Transaction tx807297 completed in 333ms,E104,Transaction {tx} completed in {time}ms
14537,2026-01-11,06:31:56,WARN,WebServer,Unauthorized access attempt from 10.0.0.12,E401,Unauthorized access attempt from {ip}
14538,2026-01-11,06:42:51,INFO,AuthService,Health check passed: AuthService,E102,Health check passed: {service}
14539,2026-01-11,06:38:46,INFO,WebServer,Health check passed: WebServer,E102,Health check passed: {service}
14540,2026-01-11,06:25:54,INFO,WebServer,Health check passed: WebServer,E102,Health check passed: {service}
14541,2026-01-11,06:24:14,INFO,OrderProcessor,Transaction tx896582 completed in 1683ms,E104,Transaction {tx} completed in {time}ms
14542,2026-01-11,06:24:53,INFO,WebServer,User u2167 login successful,E101,User {user} login successful
14543,2026-01-11,06:43:19,INFO,InventoryDB,Transaction tx665734 completed in 751ms,E104,Transaction {tx} completed in {time}ms
14544,2026-01-11,06:57:24,INFO,AuthService,Page view: /home by u3858,E103,Page view: {page} by {user}
14545,2026-01-11,06:50:20,INFO,WebServer,User u1645 login successful,E101,User {user} login successful
14546,2026-01-11,06:19:45,INFO,AuthService,Health check passed: AuthService,E102,Health check passed: {service}
14547,2026-01-11,06:41:38,INFO,WebServer,Page view: /home by u3538,E103,Page view: {page} by {user}
14548,2026-01-11,06:14:45,INFO,AuthService,User u2150 login successful,E101,User {user} login successful
14549,2026-01-11,06:12:33,INFO,AuthService,User u1256 login successful,E101,User {user} login successful
14550,2026-01-11,06:48:55,INFO,AuthService,User u1302 login successful,E101,User {user} login successful
14551,2026-01-11,06:37:51,INFO,OrderProcessor,Page view: /home by u1084,E103,Page view: {page} by {user}
14552,2026-01-11,06:26:19,INFO,WebServer,Health check passed: WebServer,E102,Health check passed: {service}
14553,2026-01-11,06:48:03,INFO,AuthService,Page view: /home by u3442,E103,Page view: {page} by {user}
14554,2026-01-11,06:17:11,INFO,PaymentGateway,User u1292 login successful,E101,User {user} login successful
14555,2026-01-11,06:27:32,INFO,WebServer,Health check passed: WebServer,E102,Health check passed: {service}
14556,2026-01-11,06:07:24,INFO,WebServer,Health check passed: WebServer,E102,Health check passed: {service}
14557,2026-01-11,06:00:26,INFO,OrderProcessor,User u3818 login successful,E101,User {user} login successful
14558,2026-01-11,06:17:54,INFO,AuthService,Health check passed: AuthService,E102,Health check passed: {service}
14559,2026-01-11,06:57:03,INFO,OrderProcessor,Transaction tx404747 completed in 985ms,E104,Transaction {tx} completed in {time}ms
14560,2026-01-11,06:47:36,INFO,AuthService,Transaction tx211557 completed in 1356ms,E104,Transaction {tx} completed in {time}ms
14561,2026-01-11,06:57:16,INFO,WebServer,Page view: /home by u2266,E103,Page view: {page} by {user}
14562,2026-01-11,06:59:25,INFO,PaymentGateway,User u1814 login successful,E101,User {user} login successful
14563,2026-01-11,06:11:45,WARN,WebServer,Disk usage > 85% on node node-3,E202,Disk usage > 85% on node {node}
14564,2026-01-11,06:31:49,INFO,WebServer,Health check passed: WebServer,E102,Health check passed: {service}
14565,2026-01-11,06:06:24,INFO,PaymentGateway,Health check passed: PaymentGateway,E102,Health check passed: {service}
14566,2026-01-11,06:25:04,INFO,OrderProcessor,Health check passed: OrderProcessor,E102,Health check passed: {service}
14567,2026-01-11,06:15:01,INFO,WebServer,User u4874 login successful,E101,User {user} login successful
14568,2026-01-11,06:05:27,INFO,WebServer,Health check passed: WebServer,E102,Health check passed: {service}
14569,2026-01-11,06:50:45,INFO,WebServer,Page view: /home by u4361,E103,Page view: {page} by {user}
14570,2026-01-11,06:08:08,INFO,WebServer,Health check passed: WebServer,E102,Health check passed: {service}
14571,2026-01-11,06:23:11,INFO,WebServer,Transaction tx564501 completed in 247ms,E104,Transaction {tx} completed in {time}ms
14572,2026-01-11,06:59:06,INFO,OrderProcessor,User u1506 login successful,E101,User {user} login successful
14573,2026-01-11,06:33:14,INFO,WebServer,Health check passed: WebServer,E102,Health check passed: {service}
14574,2026-01-11,06:22:11,INFO,WebServer,Page view: /home by u3316,E103,Page view: {page} by {user}
14575,2026-01-11,06:48:47,INFO,WebServer,Page view: /home by u4505,E103,Page view: {page} by {user}
14576,2026-01-11,06:06:48,INFO,WebServer,Health check passed: WebServer,E102,Health check passed: {service}
14577,2026-01-11,06:06:34,INFO,WebServer,User u4667 login successful,E101,User {user} login successful
14578,2026-01-11,06:45:54,INFO,PaymentGateway,Transaction tx313114 completed in 1782ms,E104,Transaction {tx} completed in {time}ms
14579,2026-01-11,06:52:40,INFO,WebServer,Health check passed: WebServer,E102,Health check passed: {service}
14580,2026-01-11,06:39:26,INFO,WebServer,Transaction tx381857 completed in 662ms,E104,Transaction {tx} completed in {time}ms
14581,2026-01-11,06:55:03,INFO,AuthService,Page view: /home by u1254,E103,Page view: {page} by {user}
14582,2026-01-11,06:52:27,INFO,OrderProcessor,Health check passed: OrderProcessor,E102,Health check passed: {service}
14583,2026-01-11,06:11:50,WARN,OrderProcessor,Unauthorized access attempt from 10.0.0.12,E401,Unauthorized access attempt from {ip}
14584,2026-01-11,06:24:27,INFO,InventoryDB,Page view: /home by u2840,E103,Page view: {page} by {user}
14585,2026-01-11,06:09:41,INFO,WebServer,Health check passed: WebServer,E102,Health check passed: {service}
14586,2026-01-11,06:47:27,WARN,WebServer,Disk usage > 85% on node node-2,E202,Disk usage > 85% on node {node}
14587,2026-01-11,06:18:12,INFO,OrderProcessor,Health check passed: OrderProcessor,E102,Health check passed: {service}
14588,2026-01-11,06:26:37,INFO,WebServer,Transaction tx327193 completed in 1264ms,E104,Transaction {tx} completed in {time}ms
14589,2026-01-11,06:00:56,INFO,OrderProcessor,Page view: /home by u2773,E103,Page view: {page} by {user}
14590,2026-01-11,06:03:13,INFO,WebServer,Page view: /home by u2566,E103,Page view: {page} by {user}
14591,2026-01-11,06:05:09,WARN,WebServer,Unauthorized access attempt from 10.0.0.12,E401,Unauthorized access attempt from {ip}
14592,2026-01-11,06:06:31,INFO,AuthService,Transaction tx969948 completed in 1481ms,E104,Transaction {tx} completed in {time}ms
14593,2026-01-11,06:29:43,INFO,InventoryDB,Transaction tx957817 completed in 1029ms,E104,Transaction {tx} completed in {time}ms
14594,2026-01-11,06:20:43,INFO,WebServer,Page view: /home by u4074,E103,Page view: {page} by {user}
14595,2026-01-11,06:51:39,INFO,AuthService,Page view: /home by u1490,E103,Page view: {page} by {user}
14596,2026-01-11,06:59:53,INFO,InventoryDB,Transaction tx611988 completed in 549ms,E104,Transaction {tx} completed in {time}ms
14597,2026-01-11,06:21:37,INFO,AuthService,User u4523 login successful,E101,User {user} login successful
14598,2026-01-11,06:01:36,INFO,InventoryDB,User u1260 login successful,E101,User {user} login successful
14599,2026-01-11,06:43:16,INFO,WebServer,Health check passed: WebServer,E102,Health check passed: {service}
14600,2026-01-11,06:06:58,INFO,OrderProcessor,Health check passed: OrderProcessor,E102,Health check passed: {service}
14601,2026-01-11,06:45:22,INFO,WebServer,User u3115 login successful,E101,User {user} login successful
14602,2026-01-11,06:56:47,INFO,WebServer,Health check passed: WebServer,E102,Health check passed: {service}
14603,2026-01-11,06:40:14,INFO,WebServer,Page view: /home by u1796,E103,Page view: {page} by {user}
14604,2026-01-11,06:11:22,INFO,WebServer,Health check passed: WebServer,E102,Health check passed: {service}
14605,2026-01-11,06:50:46,INFO,WebServer,User u3249 login successful,E101,User {user} login successful
14606,2026-01-11,06:59:01,INFO,WebServer,Page view: /home by u2005,E103,Page view: {page} by {user}
14607,2026-01-11,06:27:20,INFO,AuthService,Page view: /home by u3136,E103,Page view: {page} by {user}
14608,2026-01-11,06:15:39,INFO,WebServer,Page view: /home by u4602,E103,Page view: {page} by {user}
14609,2026-01-11,06:49:53,INFO,WebServer,User u3741 login successful,E101,User {user} login successful
14610,2026-01-11,06:15:54,INFO,WebServer,Health check passed: WebServer,E102,Health check passed: {service}
14611,2026-01-11,06:12:04,INFO,PaymentGateway,Health check passed: PaymentGateway,E102,Health check passed: {service}
14612,2026-01-11,06:17:09,INFO,PaymentGateway,Transaction tx234692 completed in 1364ms,E104,Transaction {tx} completed in {time}ms
14613,2026-01-11,06:44:37,WARN,AuthService,Unauthorized access attempt from 10.0.0.12,E401,Unauthorized access attempt from {ip}
14614,2026-01-11,06:36:34,INFO,WebServer,Transaction tx864304 completed in 430ms,E104,Transaction {tx} completed in {time}ms
14615,2026-01-11,06:31:18,INFO,WebServer,Health check passed: WebServer,E102,Health check passed: {service}
14616,2026-01-11,06:13:35,INFO,OrderProcessor,User u1177 login successful,E101,User {user} login successful
14617,2026-01-11,06:43:26,INFO,WebServer,User u3760 login successful,E101,User {user} login successful
14618,2026-01-11,06:57:24,INFO,InventoryDB,Transaction tx344039 completed in 438ms,E104,Transaction {tx} completed in {time}ms
14619,2026-01-11,06:25:52,INFO,WebServer,Transaction tx571368 completed in 396ms,E104,Transaction {tx} completed in {time}ms
14620,2026-01-11,06:30:31,INFO,WebServer,Health check passed: WebServer,E102,Health check passed: {service}
14621,2026-01-11,06:14:41,INFO,WebServer,Health check passed: WebServer,E102,Health check passed: {service}
14622,2026-01-11,06:00:50,INFO,WebServer,Health check passed: WebServer,E102,Health check passed: {service}
14623,2026-01-11,06:20:19,INFO,AuthService,User u4821 login successful,E101,User {user} login successful
14624,2026-01-11,06:26:48,INFO,AuthService,User u4227 login successful,E101,User {user} login successful
14625,2026-01-11,06:06:17,INFO,OrderProcessor,User u1772 login successful,E101,User {user} login successful
14626,2026-01-11,06:27:07,INFO,OrderProcessor,User u3418 login successful,E101,User {user} login successful
14627,2026-01-11,06:19:47,INFO,OrderProcessor,Page view: /home by u1877,E103,Page view: {page} by {user}
14628,2026-01-11,06:02:55,INFO,OrderProcessor,Transaction tx469936 completed in 563ms,E104,Transaction {tx} completed in {time}ms
14629,2026-01-11,06:50:22,INFO,PaymentGateway,Transaction tx352762 completed in 1095ms,E104,Transaction {tx} completed in {time}ms
14630,2026-01-11,06:00:50,INFO,OrderProcessor,Health check passed: OrderProcessor,E102,Health check passed: {service}
14631,2026-01-11,06:33:43,INFO,AuthService,User u4695 login successful,E101,User {user} login successful
14632,2026-01-11,06:20:41,INFO,WebServer,Health check passed: WebServer,E102,Health check passed: {service}
14633,2026-01-11,06:50:29,INFO,WebServer,Transaction tx114496 completed in 1696ms,E104,Transaction {tx} completed in {time}ms
14634,2026-01-11,06:43:52,INFO,WebServer,Page view: /home by u2936,E103,Page view: {page} by {user}
14635,2026-01-11,06:25:13,INFO,WebServer,Health check passed: WebServer,E102,Health check passed: {service}
14636,2026-01-11,06:41:09,INFO,WebServer,Health check passed: WebServer,E102,Health check passed: {service}
14637,2026-01-11,06:30:12,INFO,AuthService,Transaction tx314572 completed in 475ms,E104,Transaction {tx} completed in {time}ms
14638,2026-01-11,06:50:02,INFO,AuthService,Transaction tx435714 completed in 851ms,E104,Transaction {tx} completed in {time}ms
14639,2026-01-11,06:35:51,INFO,WebServer,User u4726 login successful,E101,User {user} login successful
14640,2026-01-11,06:00:12,WARN,AuthService,Disk usage > 85% on node node-3,E202,Disk usage > 85% on node {node}
14641,2026-01-11,06:02:36,INFO,WebServer,Health check passed: WebServer,E102,Health check passed: {service}
14642,2026-01-11,06:36:38,INFO,WebServer,Health check passed: WebServer,E102,Health check passed: {service}
14643,2026-01-11,06:26:17,INFO,WebServer,Transaction tx162172 completed in 1940ms,E104,Transaction {tx} completed in {time}ms
14644,2026-01-11,06:30:47,INFO,WebServer,Transaction tx267758 completed in 1181ms,E104,Transaction {tx} completed in {time}ms
14645,2026-01-11,06:09:43,CRITICAL,WebServer,DATA CORRUPTION detected in sector 197,E602,DATA CORRUPTION detected in sector {sector}
14646,2026-01-11,06:29:00,INFO,WebServer,User u1785 login successful,E101,User {user} login successful
14647,2026-01-11,06:38:12,INFO,WebServer,Page view: /home by u3925,E103,Page view: {page} by {user}
14648,2026-01-11,06:46:38,INFO,WebServer,User u1860 login successful,E101,User {user} login successful
14649,2026-01-11,06:06:59,INFO,AuthService,Transaction tx841668 completed in 745ms,E104,Transaction {tx} completed in {time}ms
14650,2026-01-11,06:08:02,INFO,OrderProcessor,Health check passed: OrderProcessor,E102,Health check passed: {service}
14651,2026-01-11,06:57:39,WARN,WebServer,Disk usage > 85% on node node-2,E202,Disk usage > 85% on node {node}
14652,2026-01-11,06:23:33,INFO,WebServer,Transaction tx463997 completed in 842ms,E104,Transaction {tx} completed in {time}ms
14653,2026-01-11,06:23:39,INFO,AuthService,Health check passed: AuthService,E102,Health check passed: {service}
14654,2026-01-11,06:04:48,INFO,WebServer,Page view: /home by u4280,E103,Page view: {page} by {user}
14655,2026-01-11,06:32:01,INFO,OrderProcessor,Transaction tx135254 completed in 287ms,E104,Transaction {tx} completed in {time}ms
14656,2026-01-11,06:16:20,INFO,WebServer,Page view: /home by u2092,E103,Page view: {page} by {user}
14657,2026-01-11,06:24:52,INFO,WebServer,Transaction tx103875 completed in 829ms,E104,Transaction {tx} completed in {time}ms
14658,2026-01-11,06:19:00,INFO,PaymentGateway,Health check passed: PaymentGateway,E102,Health check passed: {service}
14659,2026-01-11,06:37:17,INFO,InventoryDB,Transaction tx327688 completed in 116ms,E104,Transaction {tx} completed in {time}ms
14660,2026-01-11,06:06:10,INFO,WebServer,Transaction tx905822 completed in 1909ms,E104,Transaction {tx} completed in {time}ms
14661,2026-01-11,06:09:19,INFO,AuthService,Health check passed: AuthService,E102,Health check passed: {service}
14662,2026-01-11,06:57:08,INFO,WebServer,Transaction tx243175 completed in 1263ms,E104,Transaction {tx} completed in {time}ms
14663,2026-01-11,06:22:26,INFO,WebServer,Health check passed: WebServer,E102,Health check passed: {service}
14664,2026-01-11,06:10:10,INFO,OrderProcessor,Transaction tx466138 completed in 1477ms,E104,Transaction {tx} completed in {time}ms
14665,2026-01-11,06:18:37,INFO,WebServer,Health check passed: WebServer,E102,Health check passed: {service}
14666,2026-01-11,06:32:10,INFO,WebServer,Transaction tx777445 completed in 1784ms,E104,Transaction {tx} completed in {time}ms
14667,2026-01-11,06:51:13,INFO,OrderProcessor,Page view: /home by u2076,E103,Page view: {page} by {user}
14668,2026-01-11,06:35:00,INFO,WebServer,User u3486 login successful,E101,User {user} login successful
14669,2026-01-11,06:39:30,INFO,AuthService,Health check passed: AuthService,E102,Health check passed: {service}
14670,2026-01-11,06:16:09,INFO,InventoryDB,Page view: /home by u3676,E103,Page view: {page} by {user}
14671,2026-01-11,06:02:57,INFO,AuthService,User u3053 login successful,E101,User {user} login successful
14672,2026-01-11,06:47:42,INFO,WebServer,User u1637 login successful,E101,User {user} login successful
14673,2026-01-11,06:01:51,INFO,AuthService,Health check passed: AuthService,E102,Health check passed: {service}
14674,2026-01-11,06:42:00,INFO,WebServer,User u1428 login successful,E101,User {user} login successful
14675,2026-01-11,06:25:44,INFO,WebServer,Page view: /home by u3572,E103,Page view: {page} by {user}
14676,2026-01-11,06:26:54,INFO,AuthService,User u2992 login successful,E101,User {user} login successful
14677,2026-01-11,06:42:33,WARN,WebServer,Disk usage > 85% on node node-1,E202,Disk usage > 85% on node {node}
14678,2026-01-11,06:45:37,INFO,AuthService,Transaction tx256245 completed in 648ms,E104,Transaction {tx} completed in {time}ms
14679,2026-01-11,06:08:20,INFO,AuthService,User u3818 login successful,E101,User {user} login successful
14680,2026-01-11,06:12:37,INFO,WebServer,User u2799 login successful,E101,User {user} login successful
14681,2026-01-11,06:24:17,INFO,OrderProcessor,Transaction tx641785 completed in 1017ms,E104,Transaction {tx} completed in {time}ms
14682,2026-01-11,06:34:32,INFO,AuthService,Health check passed: AuthService,E102,Health check passed: {service}
14683,2026-01-11,06:32:38,INFO,OrderProcessor,Transaction tx568552 completed in 1504ms,E104,Transaction {tx} completed in {time}ms
14684,2026-01-11,06:00:47,INFO,AuthService,User u1040 login successful,E101,User {user} login successful
14685,2026-01-11,06:53:37,INFO,WebServer,Page view: /home by u1569,E103,Page view: {page} by {user}
14686,2026-01-11,06:14:21,INFO,InventoryDB,User u4600 login successful,E101,User {user} login successful
14687,2026-01-11,06:31:02,INFO,WebServer,Page view: /home by u4931,E103,Page view: {page} by {user}
14688,2026-01-11,06:48:27,INFO,WebServer,Transaction tx503014 completed in 65ms,E104,Transaction {tx} completed in {time}ms
14689,2026-01-11,06:01:05,INFO,PaymentGateway,User u2299 login successful,E101,User {user} login successful
14690,2026-01-11,06:49:40,INFO,OrderProcessor,Transaction tx792944 completed in 1250ms,E104,Transaction {tx} completed in {time}ms
14691,2026-01-11,06:49:38,INFO,PaymentGateway,Health check passed: PaymentGateway,E102,Health check passed: {service}
14692,2026-01-11,06:02:01,INFO,AuthService,Health check passed: AuthService,E102,Health check passed: {service}
14693,2026-01-11,06:58:54,INFO,WebServer,Page view: /home by u4049,E103,Page view: {page} by {user}
14694,2026-01-11,06:57:05,INFO,AuthService,Health check passed: AuthService,E102,Health check passed: {service}
14695,2026-01-11,06:39:51,INFO,OrderProcessor,Transaction tx206981 completed in 1263ms,E104,Transaction {tx} completed in {time}ms
14696,2026-01-11,06:59:39,INFO,WebServer,User u3726 login successful,E101,User {user} login successful
14697,2026-01-11,06:32:38,INFO,PaymentGateway,Page view: /home by u3485,E103,Page view: {page} by {user}
14698,2026-01-11,06:31:29,INFO,OrderProcessor,Health check passed: OrderProcessor,E102,Health check passed: {service}
14699,2026-01-11,06:07:46,INFO,OrderProcessor,Page view: /home by u1834,E103,Page view: {page} by {user}
14700,2026-01-11,06:23:56,INFO,WebServer,Transaction tx948149 completed in 736ms,E104,Transaction {tx} completed in {time}ms
14701,2026-01-11,06:35:09,INFO,PaymentGateway,Health check passed: PaymentGateway,E102,Health check passed: {service}
14702,2026-01-11,06:01:52,INFO,OrderProcessor,User u2322 login successful,E101,User {user} login successful
14703,2026-01-11,06:02:32,INFO,InventoryDB,Health check passed: InventoryDB,E102,Health check passed: {service}
14704,2026-01-11,06:30:59,INFO,WebServer,Transaction tx726994 completed in 1888ms,E104,Transaction {tx} completed in {time}ms
14705,2026-01-11,06:45:38,WARN,WebServer,Disk usage > 85% on node node-2,E202,Disk usage > 85% on node {node}
14706,2026-01-11,06:55:09,INFO,InventoryDB,Transaction tx191793 completed in 1202ms,E104,Transaction {tx} completed in {time}ms
14707,2026-01-11,06:59:42,INFO,WebServer,User u1220 login successful,E101,User {user} login successful
14708,2026-01-11,06:11:44,INFO,InventoryDB,User u2611 login successful,E101,User {user} login successful
14709,2026-01-11,06:32:08,INFO,PaymentGateway,Transaction tx422041 completed in 1189ms,E104,Transaction {tx} completed in {time}ms
14710,2026-01-11,06:36:14,INFO,AuthService,Transaction tx492446 completed in 882ms,E104,Transaction {tx} completed in {time}ms
14711,2026-01-11,06:19:37,INFO,WebServer,Page view: /home by u3977,E103,Page view: {page} by {user}
14712,2026-01-11,06:57:07,INFO,OrderProcessor,Transaction tx219097 completed in 879ms,E104,Transaction {tx} completed in {time}ms
14713,2026-01-11,06:37:57,INFO,WebServer,Transaction tx677666 completed in 83ms,E104,Transaction {tx} completed in {time}ms
14714,2026-01-11,06:44:28,INFO,WebServer,Page view: /home by u1742,E103,Page view: {page} by {user}
14715,2026-01-11,06:21:24,INFO,PaymentGateway,User u4291 login successful,E101,User {user} login successful
14716,2026-01-11,06:18:05,INFO,WebServer,User u2392 login successful,E101,User {user} login successful
14717,2026-01-11,06:56:32,INFO,AuthService,Health check passed: AuthService,E102,Health check passed: {service}
14718,2026-01-11,06:23:54,INFO,AuthService,Page view: /home by u4842,E103,Page view: {page} by {user}
14719,2026-01-11,06:41:59,INFO,PaymentGateway,Transaction tx982543 completed in 334ms,E104,Transaction {tx} completed in {time}ms
14720,2026-01-11,06:55:35,INFO,WebServer,Page view: /home by u2303,E103,Page view: {page} by {user}
14721,2026-01-11,06:49:38,INFO,PaymentGateway,User u4488 login successful,E101,User {user} login successful
14722,2026-01-11,06:27:54,INFO,AuthService,Transaction tx361145 completed in 1381ms,E104,Transaction {tx} completed in {time}ms
14723,2026-01-11,06:05:11,INFO,AuthService,Health check passed: AuthService,E102,Health check passed: {service}
14724,2026-01-11,06:46:49,INFO,PaymentGateway,Transaction tx110525 completed in 1597ms,E104,Transaction {tx} completed in {time}ms
14725,2026-01-11,06:59:17,INFO,AuthService,Health check passed: AuthService,E102,Health check passed: {service}
14726,2026-01-11,06:55:34,INFO,WebServer,User u4472 login successful,E101,User {user} login successful
14727,2026-01-11,06:19:31,INFO,WebServer,Health check passed: WebServer,E102,Health check passed: {service}
14728,2026-01-11,06:41:01,INFO,WebServer,Transaction tx143822 completed in 124ms,E104,Transaction {tx} completed in {time}ms
14729,2026-01-11,06:32:10,WARN,AuthService,Disk usage > 85% on node node-2,E202,Disk usage > 85% on node {node}
14730,2026-01-11,06:23:50,INFO,WebServer,Transaction tx805608 completed in 1624ms,E104,Transaction {tx} completed in {time}ms
14731,2026-01-11,06:47:32,INFO,PaymentGateway,Page view: /home by u1684,E103,Page view: {page} by {user}
14732,2026-01-11,06:13:21,INFO,WebServer,Health check passed: WebServer,E102,Health check passed: {service}
14733,2026-01-11,06:03:32,INFO,OrderProcessor,Transaction tx912902 completed in 395ms,E104,Transaction {tx} completed in {time}ms
14734,2026-01-11,06:17:03,INFO,AuthService,Health check passed: AuthService,E102,Health check passed: {service}
14735,2026-01-11,06:37:37,WARN,OrderProcessor,Unauthorized access attempt from 10.0.0.45,E401,Unauthorized access attempt from {ip}
14736,2026-01-11,06:55:52,INFO,AuthService,Transaction tx199509 completed in 1368ms,E104,Transaction {tx} completed in {time}ms
14737,2026-01-11,06:20:32,INFO,OrderProcessor,Page view: /home by u1413,E103,Page view: {page} by {user}
14738,2026-01-11,06:38:02,INFO,WebServer,Transaction tx892045 completed in 877ms,E104,Transaction {tx} completed in {time}ms
14739,2026-01-11,06:50:24,INFO,WebServer,Transaction tx561382 completed in 1782ms,E104,Transaction {tx} completed in {time}ms
14740,2026-01-11,06:19:16,INFO,PaymentGateway,Health check passed: PaymentGateway,E102,Health check passed: {service}
14741,2026-01-11,06:29:40,WARN,OrderProcessor,Unauthorized access attempt from 10.0.0.45,E401,Unauthorized access attempt from {ip}
14742,2026-01-11,06:50:56,INFO,OrderProcessor,Transaction tx334623 completed in 525ms,E104,Transaction {tx} completed in {time}ms
14743,2026-01-11,06:33:37,INFO,WebServer,User u3274 login successful,E101,User {user} login successful
14744,2026-01-11,06:33:10,INFO,WebServer,Page view: /home by u1610,E103,Page view: {page} by {user}
14745,2026-01-11,06:36:15,INFO,WebServer,Health check passed: WebServer,E102,Health check passed: {service}
14746,2026-01-11,06:17:24,INFO,WebServer,Page view: /home by u2414,E103,Page view: {page} by {user}
14747,2026-01-11,06:38:07,INFO,AuthService,User u3206 login successful,E101,User {user} login successful
14748,2026-01-11,06:59:42,INFO,WebServer,Transaction tx981814 completed in 601ms,E104,Transaction {tx} completed in {time}ms
14749,2026-01-11,06:52:13,ERROR,AuthService,Timeout waiting for lock on InventoryDB,E502,Timeout waiting for lock on {db}
14750,2026-01-11,06:50:36,INFO,WebServer,Health check passed: WebServer,E102,Health check passed: {service}
14751,2026-01-11,07:43:28,INFO,OrderProcessor,Transaction tx433063 completed in 1104ms,E104,Transaction {tx} completed in {time}ms
14752,2026-01-11,07:51:20,INFO,PaymentGateway,Health check passed: PaymentGateway,E102,Health check passed: {service}
14753,2026-01-11,07:35:49,INFO,PaymentGateway,Health check passed: PaymentGateway,E102,Health check passed: {service}
14754,2026-01-11,07:42:14,INFO,InventoryDB,Transaction tx406753 completed in 1839ms,E104,Transaction {tx} completed in {time}ms
14755,2026-01-11,07:46:24,INFO,OrderProcessor,User u4297 login successful,E101,User {user} login successful
14756,2026-01-11,07:19:33,INFO,OrderProcessor,Transaction tx587131 completed in 1254ms,E104,Transaction {tx} completed in {time}ms
14757,2026-01-11,07:37:50,INFO,InventoryDB,User u2321 login successful,E101,User {user} login successful
14758,2026-01-11,07:59:09,WARN,WebServer,High latency (1623ms) detected on WebServer,E201,High latency ({time}ms) detected on {service}
14759,2026-01-11,07:44:41,INFO,PaymentGateway,Transaction tx616035 completed in 1541ms,E104,Transaction {tx} completed in {time}ms
14760,2026-01-11,07:01:39,INFO,WebServer,Transaction tx885144 completed in 1718ms,E104,Transaction {tx} completed in {time}ms
14761,2026-01-11,07:37:43,INFO,WebServer,Transaction tx946472 completed in 661ms,E104,Transaction {tx} completed in {time}ms
14762,2026-01-11,07:25:09,WARN,WebServer,Unauthorized access attempt from 10.0.0.45,E401,Unauthorized access attempt from {ip}
14763,2026-01-11,07:35:34,INFO,InventoryDB,Health check passed: InventoryDB,E102,Health check passed: {service}
14764,2026-01-11,07:25:52,INFO,PaymentGateway,Page view: /home by u4837,E103,Page view: {page} by {user}
14765,2026-01-11,07:57:59,INFO,OrderProcessor,Transaction tx762277 completed in 1802ms,E104,Transaction {tx} completed in {time}ms
14766,2026-01-11,07:13:38,INFO,WebServer,Transaction tx924157 completed in 831ms,E104,Transaction {tx} completed in {time}ms
14767,2026-01-11,07:18:19,WARN,WebServer,High latency (377ms) detected on WebServer,E201,High latency ({time}ms) detected on {service}
14768,2026-01-11,07:42:35,INFO,WebServer,Transaction tx281925 completed in 112ms,E104,Transaction {tx} completed in {time}ms
14769,2026-01-11,07:01:22,WARN,InventoryDB,Unauthorized access attempt from 10.0.0.45,E401,Unauthorized access attempt from {ip}
14770,2026-01-11,07:54:41,INFO,WebServer,Health check passed: WebServer,E102,Health check passed: {service}
14771,2026-01-11,07:50:33,INFO,WebServer,Health check passed: WebServer,E102,Health check passed: {service}
14772,2026-01-11,07:51:02,INFO,AuthService,Transaction tx561099 completed in 522ms,E104,Transaction {tx} completed in {time}ms
14773,2026-01-11,07:56:27,INFO,WebServer,Page view: /home by u2063,E103,Page view: {page} by {user}
14774,2026-01-11,07:11:06,INFO,OrderProcessor,User u3365 login successful,E101,User {user} login successful
14775,2026-01-11,07:45:48,INFO,WebServer,Page view: /home by u4949,E103,Page view: {page} by {user}
14776,2026-01-11,07:06:30,INFO,OrderProcessor,User u3010 login successful,E101,User {user} login successful
14777,2026-01-11,07:55:15,INFO,WebServer,Health check passed: WebServer,E102,Health check passed: {service}
14778,2026-01-11,07:05:22,INFO,InventoryDB,Page view: /home by u3295,E103,Page view: {page} by {user}
14779,2026-01-11,07:46:09,INFO,WebServer,Page view: /home by u2983,E103,Page view: {page} by {user}
14780,2026-01-11,07:40:04,INFO,PaymentGateway,Health check passed: PaymentGateway,E102,Health check passed: {service}
14781,2026-01-11,07:37:03,INFO,OrderProcessor,Health check passed: OrderProcessor,E102,Health check passed: {service}
14782,2026-01-11,07:50:45,INFO,PaymentGateway,Health check passed: PaymentGateway,E102,Health check passed: {service}
14783,2026-01-11,07:03:54,INFO,WebServer,Transaction tx160794 completed in 981ms,E104,Transaction {tx} completed in {time}ms
14784,2026-01-11,07:32:25,INFO,OrderProcessor,User u1466 login successful,E101,User {user} login successful
14785,2026-01-11,07:41:54,INFO,WebServer,User u1428 login successful,E101,User {user} login successful
14786,2026-01-11,07:49:01,INFO,AuthService,Transaction tx437558 completed in 747ms,E104,Transaction {tx} completed in {time}ms
14787,2026-01-11,07:17:35,INFO,AuthService,Page view: /home by u3721,E103,Page view: {page} by {user}
14788,2026-01-11,07:47:45,INFO,AuthService,Transaction tx595864 completed in 728ms,E104,Transaction {tx} completed in {time}ms
14789,2026-01-11,07:06:20,INFO,WebServer,Transaction tx876886 completed in 1286ms,E104,Transaction {tx} completed in {time}ms
14790,2026-01-11,07:52:29,INFO,AuthService,Health check passed: AuthService,E102,Health check passed: {service}
14791,2026-01-11,07:40:19,INFO,WebServer,User u3453 login successful,E101,User {user} login successful
14792,2026-01-11,07:06:38,INFO,PaymentGateway,Health check passed: PaymentGateway,E102,Health check passed: {service}
14793,2026-01-11,07:22:59,INFO,WebServer,Page view: /home by u3413,E103,Page view: {page} by {user}
14794,2026-01-11,07:14:31,INFO,WebServer,User u4900 login successful,E101,User {user} login successful
14795,2026-01-11,07:10:16,INFO,AuthService,Transaction tx317483 completed in 262ms,E104,Transaction {tx} completed in {time}ms
14796,2026-01-11,07:01:43,INFO,WebServer,Page view: /home by u4041,E103,Page view: {page} by {user}
14797,2026-01-11,07:43:23,INFO,PaymentGateway,Transaction tx911748 completed in 826ms,E104,Transaction {tx} completed in {time}ms
14798,2026-01-11,07:26:19,INFO,AuthService,User u4247 login successful,E101,User {user} login successful
14799,2026-01-11,07:48:28,INFO,AuthService,Health check passed: AuthService,E102,Health check passed: {service}
14800,2026-01-11,07:25:32,INFO,WebServer,Health check passed: WebServer,E102,Health check passed: {service}
14801,2026-01-11,07:41:11,INFO,WebServer,User u4374 login successful,E101,User {user} login successful
14802,2026-01-11,07:17:29,INFO,AuthService,Health check passed: AuthService,E102,Health check passed: {service}
14803,2026-01-11,07:21:58,INFO,WebServer,Transaction tx721410 completed in 936ms,E104,Transaction {tx} completed in {time}ms
14804,2026-01-11,07:27:14,INFO,WebServer,Transaction tx106092 completed in 671ms,E104,Transaction {tx} completed in {time}ms
14805,2026-01-11,07:33:03,INFO,WebServer,Page view: /home by u1054,E103,Page view: {page} by {user}
14806,2026-01-11,07:01:46,INFO,WebServer,Health check passed: WebServer,E102,Health check passed: {service}
14807,2026-01-11,07:04:16,INFO,WebServer,Page view: /home by u2897,E103,Page view: {page} by {user}
14808,2026-01-11,07:18:44,INFO,WebServer,Page view: /home by u2076,E103,Page view: {page} by {user}
14809,2026-01-11,07:38:10,INFO,AuthService,Transaction tx629109 completed in 556ms,E104,Transaction {tx} completed in {time}ms
14810,2026-01-11,07:41:29,INFO,WebServer,Health check passed: WebServer,E102,Health check passed: {service}
14811,2026-01-11,07:08:39,INFO,AuthService,Health check passed: AuthService,E102,Health check passed: {service}
14812,2026-01-11,07:29:39,INFO,InventoryDB,Transaction tx592285 completed in 1693ms,E104,Transaction {tx} completed in {time}ms
14813,2026-01-11,07:46:03,INFO,OrderProcessor,Health check passed: OrderProcessor,E102,Health check passed: {service}
14814,2026-01-11,07:29:35,INFO,WebServer,User u3983 login successful,E101,User {user} login successful
14815,2026-01-11,07:13:53,INFO,AuthService,User u4759 login successful,E101,User {user} login successful
14816,2026-01-11,07:11:12,INFO,WebServer,Page view: /home by u3901,E103,Page view: {page} by {user}
14817,2026-01-11,07:54:47,INFO,WebServer,Health check passed: WebServer,E102,Health check passed: {service}
14818,2026-01-11,07:52:54,INFO,AuthService,Health check passed: AuthService,E102,Health check passed: {service}
14819,2026-01-11,07:29:15,ERROR,WebServer,Connection refused to WebServer at 10.0.0.45,E501,Connection refused to {service} at {ip}
14820,2026-01-11,07:18:49,INFO,OrderProcessor,Health check passed: OrderProcessor,E102,Health check passed: {service}
14821,2026-01-11,07:16:16,INFO,PaymentGateway,Page view: /home by u4964,E103,Page view: {page} by {user}
14822,2026-01-11,07:40:11,INFO,WebServer,Health check passed: WebServer,E102,Health check passed: {service}
14823,2026-01-11,07:26:15,INFO,InventoryDB,Page view: /home by u1955,E103,Page view: {page} by {user}
14824,2026-01-11,07:28:18,INFO,PaymentGateway,Transaction tx246046 completed in 893ms,E104,Transaction {tx} completed in {time}ms
14825,2026-01-11,07:31:21,INFO,AuthService,Transaction tx478844 completed in 108ms,E104,Transaction {tx} completed in {time}ms
14826,2026-01-11,07:57:53,INFO,PaymentGateway,Health check passed: PaymentGateway,E102,Health check passed: {service}
14827,2026-01-11,07:20:46,INFO,PaymentGateway,Health check passed: PaymentGateway,E102,Health check passed: {service}
14828,2026-01-11,07:26:57,INFO,WebServer,User u4165 login successful,E101,User {user} login successful
14829,2026-01-11,07:04:32,INFO,PaymentGateway,Page view: /home by u2537,E103,Page view: {page} by {user}
14830,2026-01-11,07:45:39,WARN,WebServer,High latency (322ms) detected on WebServer,E201,High latency ({time}ms) detected on {service}
14831,2026-01-11,07:25:20,INFO,PaymentGateway,Transaction tx476727 completed in 880ms,E104,Transaction {tx} completed in {time}ms
14832,2026-01-11,07:35:07,WARN,AuthService,High latency (1215ms) detected on AuthService,E201,High latency ({time}ms) detected on {service}
14833,2026-01-11,07:31:09,INFO,OrderProcessor,User u1259 login successful,E101,User {user} login successful
14834,2026-01-11,07:43:35,INFO,WebServer,Health check passed: WebServer,E102,Health check passed: {service}
14835,2026-01-11,07:34:53,INFO,WebServer,Health check passed: WebServer,E102,Health check passed: {service}
14836,2026-01-11,07:19:04,INFO,PaymentGateway,Health check passed: PaymentGateway,E102,Health check passed: {service}
14837,2026-01-11,07:03:11,INFO,WebServer,User u4264 login successful,E101,User {user} login successful
14838,2026-01-11,07:07:50,INFO,WebServer,Transaction tx915559 completed in 685ms,E104,Transaction {tx} completed in {time}ms
14839,2026-01-11,07:54:37,INFO,OrderProcessor,Page view: /home by u4189,E103,Page view: {page} by {user}
14840,2026-01-11,07:09:47,INFO,AuthService,Page view: /home by u1316,E103,Page view: {page} by {user}
14841,2026-01-11,07:19:54,INFO,WebServer,Page view: /home by u1772,E103,Page view: {page} by {user}
14842,2026-01-11,07:24:38,INFO,OrderProcessor,Transaction tx739638 completed in 1631ms,E104,Transaction {tx} completed in {time}ms
14843,2026-01-11,07:15:17,INFO,WebServer,Page view: /home by u3306,E103,Page view: {page} by {user}
14844,2026-01-11,07:24:49,INFO,WebServer,User u3491 login successful,E101,User {user} login successful
14845,2026-01-11,07:44:24,INFO,OrderProcessor,Health check passed: OrderProcessor,E102,Health check passed: {service}
14846,2026-01-11,07:21:11,INFO,WebServer,User u2326 login successful,E101,User {user} login successful
14847,2026-01-11,07:01:10,INFO,WebServer,Transaction tx431352 completed in 56ms,E104,Transaction {tx} completed in {time}ms
14848,2026-01-11,07:14:05,INFO,AuthService,Health check passed: AuthService,E102,Health check passed: {service}
14849,2026-01-11,07:19:33,INFO,AuthService,User u4283 login successful,E101,User {user} login successful
14850,2026-01-11,07:41:23,INFO,InventoryDB,Transaction tx195121 completed in 1804ms,E104,Transaction {tx} completed in {time}ms
14851,2026-01-11,07:31:07,INFO,WebServer,User u3699 login successful,E101,User {user} login successful
14852,2026-01-11,07:40:45,INFO,WebServer,Transaction tx815627 completed in 1953ms,E104,Transaction {tx} completed in {time}ms
14853,2026-01-11,07:59:44,INFO,PaymentGateway,Transaction tx804736 completed in 835ms,E104,Transaction {tx} completed in {time}ms
14854,2026-01-11,07:03:00,INFO,WebServer,Health check passed: WebServer,E102,Health check passed: {service}
14855,2026-01-11,07:56:58,WARN,PaymentGateway,High latency (1584ms) detected on PaymentGateway,E201,High latency ({time}ms) detected on {service}
14856,2026-01-11,07:47:18,INFO,WebServer,Health check passed: WebServer,E102,Health check passed: {service}
14857,2026-01-11,07:20:19,INFO,WebServer,Page view: /home by u4910,E103,Page view: {page} by {user}
14858,2026-01-11,07:50:17,WARN,WebServer,Unauthorized access attempt from 10.0.0.45,E401,Unauthorized access attempt from {ip}
14859,2026-01-11,07:03:07,INFO,OrderProcessor,Page view: /home by u3428,E103,Page view: {page} by {user}
14860,2026-01-11,07:57:14,ERROR,WebServer,Payment declined: Gateway unavailable,E503,Payment declined: Gateway unavailable
14861,2026-01-11,07:35:50,INFO,OrderProcessor,User u3878 login successful,E101,User {user} login successful
14862,2026-01-11,07:43:04,INFO,WebServer,Health check passed: WebServer,E102,Health check passed: {service}
14863,2026-01-11,07:47:45,INFO,WebServer,Health check passed: WebServer,E102,Health check passed: {service}
14864,2026-01-11,07:56:44,INFO,OrderProcessor,Health check passed: OrderProcessor,E102,Health check passed: {service}
14865,2026-01-11,07:00:18,INFO,AuthService,Transaction tx949678 completed in 1548ms,E104,Transaction {tx} completed in {time}ms
14866,2026-01-11,07:09:19,INFO,WebServer,Health check passed: WebServer,E102,Health check passed: {service}
14867,2026-01-11,07:35:37,INFO,AuthService,Health check passed: AuthService,E102,Health check passed: {service}
14868,2026-01-11,07:58:31,INFO,PaymentGateway,User u4390 login successful,E101,User {user} login successful
14869,2026-01-11,07:32:44,INFO,WebServer,User u2588 login successful,E101,User {user} login successful
14870,2026-01-11,07:30:16,INFO,WebServer,Transaction tx480351 completed in 1754ms,E104,Transaction {tx} completed in {time}ms
14871,2026-01-11,07:36:51,INFO,AuthService,User u3740 login successful,E101,User {user} login successful
14872,2026-01-11,07:17:40,INFO,WebServer,Transaction tx336931 completed in 848ms,E104,Transaction {tx} completed in {time}ms
14873,2026-01-11,07:02:35,INFO,InventoryDB,Transaction tx294584 completed in 1897ms,E104,Transaction {tx} completed in {time}ms
14874,2026-01-11,07:53:21,INFO,OrderProcessor,Health check passed: OrderProcessor,E102,Health check passed: {service}
14875,2026-01-11,07:50:47,INFO,WebServer,User u3792 login successful,E101,User {user} login successful
14876,2026-01-11,07:38:25,INFO,WebServer,Page view: /home by u4998,E103,Page view: {page} by {user}
14877,2026-01-11,07:48:11,INFO,WebServer,Transaction tx560725 completed in 62ms,E104,Transaction {tx} completed in {time}ms
14878,2026-01-11,07:10:15,INFO,PaymentGateway,Page view: /home by u4339,E103,Page view: {page} by {user}
14879,2026-01-11,07:52:52,INFO,OrderProcessor,Page view: /home by u4405,E103,Page view: {page} by {user}
14880,2026-01-11,07:12:04,INFO,WebServer,User u4027 login successful,E101,User {user} login successful
14881,2026-01-11,07:59:39,INFO,InventoryDB,Page view: /home by u2379,E103,Page view: {page} by {user}
14882,2026-01-11,07:42:23,INFO,InventoryDB,Page view: /home by u2185,E103,Page view: {page} by {user}
14883,2026-01-11,07:23:39,INFO,WebServer,Transaction tx321893 completed in 1327ms,E104,Transaction {tx} completed in {time}ms
14884,2026-01-11,07:03:17,INFO,WebServer,Transaction tx217962 completed in 1244ms,E104,Transaction {tx} completed in {time}ms
14885,2026-01-11,07:40:21,INFO,WebServer,User u1444 login successful,E101,User {user} login successful
14886,2026-01-11,07:32:51,INFO,WebServer,Transaction tx876769 completed in 1873ms,E104,Transaction {tx} completed in {time}ms
14887,2026-01-11,07:48:09,INFO,PaymentGateway,Health check passed: PaymentGateway,E102,Health check passed: {service}
14888,2026-01-11,07:01:49,INFO,AuthService,Health check passed: AuthService,E102,Health check passed: {service}
14889,2026-01-11,07:24:12,INFO,WebServer,Transaction tx513453 completed in 542ms,E104,Transaction {tx} completed in {time}ms
14890,2026-01-11,07:13:54,INFO,AuthService,User u4239 login successful,E101,User {user} login successful
14891,2026-01-11,07:37:29,INFO,OrderProcessor,Transaction tx288202 completed in 1749ms,E104,Transaction {tx} completed in {time}ms
14892,2026-01-11,07:04:25,WARN,AuthService,High latency (861ms) detected on AuthService,E201,High latency ({time}ms) detected on {service}
14893,2026-01-11,07:37:26,INFO,AuthService,Transaction tx181127 completed in 758ms,E104,Transaction {tx} completed in {time}ms
14894,2026-01-11,07:19:50,INFO,WebServer,User u4858 login successful,E101,User {user} login successful
14895,2026-01-11,07:45:53,INFO,AuthService,Health check passed: AuthService,E102,Health check passed: {service}
14896,2026-01-11,07:02:10,INFO,AuthService,Transaction tx506608 completed in 1517ms,E104,Transaction {tx} completed in {time}ms
14897,2026-01-11,07:32:16,INFO,WebServer,Page view: /home by u3552,E103,Page view: {page} by {user}
14898,2026-01-11,07:10:03,INFO,WebServer,Health check passed: WebServer,E102,Health check passed: {service}
14899,2026-01-11,07:55:24,INFO,WebServer,User u4083 login successful,E101,User {user} login successful
14900,2026-01-11,07:07:37,INFO,AuthService,Page view: /home by u4449,E103,Page view: {page} by {user}
14901,2026-01-11,07:44:33,INFO,WebServer,User u4931 login successful,E101,User {user} login successful
14902,2026-01-11,07:02:42,INFO,WebServer,Page view: /home by u1959,E103,Page view: {page} by {user}
14903,2026-01-11,07:19:18,INFO,WebServer,Page view: /home by u4514,E103,Page view: {page} by {user}
14904,2026-01-11,07:25:59,INFO,AuthService,Page view: /home by u4378,E103,Page view: {page} by {user}
14905,2026-01-11,07:44:21,INFO,PaymentGateway,User u2926 login successful,E101,User {user} login successful
14906,2026-01-11,07:12:48,INFO,WebServer,Page view: /home by u2934,E103,Page view: {page} by {user}
14907,2026-01-11,07:41:33,INFO,AuthService,Health check passed: AuthService,E102,Health check passed: {service}
14908,2026-01-11,07:12:46,WARN,AuthService,Disk usage > 85% on node node-1,E202,Disk usage > 85% on node {node}
14909,2026-01-11,07:09:41,INFO,WebServer,Transaction tx132655 completed in 1674ms,E104,Transaction {tx} completed in {time}ms
14910,2026-01-11,07:02:04,INFO,WebServer,Transaction tx315364 completed in 726ms,E104,Transaction {tx} completed in {time}ms
14911,2026-01-11,07:34:03,INFO,WebServer,User u2837 login successful,E101,User {user} login successful
14912,2026-01-11,07:52:23,INFO,OrderProcessor,Transaction tx600275 completed in 1581ms,E104,Transaction {tx} completed in {time}ms
14913,2026-01-11,07:09:28,INFO,WebServer,Page view: /home by u2218,E103,Page view: {page} by {user}
14914,2026-01-11,07:49:28,INFO,PaymentGateway,User u2087 login successful,E101,User {user} login successful
14915,2026-01-11,07:30:15,INFO,InventoryDB,Page view: /home by u1752,E103,Page view: {page} by {user}
14916,2026-01-11,07:05:46,INFO,AuthService,User u2854 login successful,E101,User {user} login successful
14917,2026-01-11,07:19:00,INFO,WebServer,Page view: /home by u2837,E103,Page view: {page} by {user}
14918,2026-01-11,07:28:19,INFO,WebServer,User u3745 login successful,E101,User {user} login successful
14919,2026-01-11,07:43:03,INFO,WebServer,User u2266 login successful,E101,User {user} login successful
14920,2026-01-11,07:03:08,INFO,WebServer,Health check passed: WebServer,E102,Health check passed: {service}
14921,2026-01-11,07:49:29,INFO,WebServer,Health check passed: WebServer,E102,Health check passed: {service}
14922,2026-01-11,07:52:19,INFO,PaymentGateway,Transaction tx426960 completed in 336ms,E104,Transaction {tx} completed in {time}ms
14923,2026-01-11,07:06:14,INFO,WebServer,User u1559 login successful,E101,User {user} login successful
14924,2026-01-11,07:07:11,INFO,WebServer,Page view: /home by u2364,E103,Page view: {page} by {user}
14925,2026-01-11,07:24:42,INFO,WebServer,Transaction tx578248 completed in 1895ms,E104,Transaction {tx} completed in {time}ms
14926,2026-01-11,07:09:15,INFO,WebServer,User u4210 login successful,E101,User {user} login successful
14927,2026-01-11,07:19:49,INFO,AuthService,Page view: /home by u4279,E103,Page view: {page} by {user}
14928,2026-01-11,07:41:57,INFO,WebServer,Transaction tx790237 completed in 602ms,E104,Transaction {tx} completed in {time}ms
14929,2026-01-11,07:50:31,INFO,PaymentGateway,Page view: /home by u2194,E103,Page view: {page} by {user}
14930,2026-01-11,07:57:12,INFO,WebServer,Health check passed: WebServer,E102,Health check passed: {service}
14931,2026-01-11,07:25:07,INFO,WebServer,Page view: /home by u4148,E103,Page view: {page} by {user}
14932,2026-01-11,07:10:49,INFO,WebServer,Transaction tx267654 completed in 1723ms,E104,Transaction {tx} completed in {time}ms
14933,2026-01-11,07:12:41,WARN,WebServer,High latency (1536ms) detected on WebServer,E201,High latency ({time}ms) detected on {service}
14934,2026-01-11,07:08:27,INFO,OrderProcessor,Health check passed: OrderProcessor,E102,Health check passed: {service}
14935,2026-01-11,07:21:04,INFO,WebServer,User u3849 login successful,E101,User {user} login successful
14936,2026-01-11,07:17:33,INFO,WebServer,Transaction tx170248 completed in 1105ms,E104,Transaction {tx} completed in {time}ms
14937,2026-01-11,07:50:17,INFO,PaymentGateway,Page view: /home by u3660,E103,Page view: {page} by {user}
14938,2026-01-11,07:18:12,INFO,WebServer,Transaction tx589859 completed in 1831ms,E104,Transaction {tx} completed in {time}ms
14939,2026-01-11,07:57:56,INFO,WebServer,Transaction tx288815 completed in 521ms,E104,Transaction {tx} completed in {time}ms
14940,2026-01-11,07:36:41,INFO,PaymentGateway,Health check passed: PaymentGateway,E102,Health check passed: {service}
14941,2026-01-11,07:07:34,INFO,WebServer,Health check passed: WebServer,E102,Health check passed: {service}
14942,2026-01-11,07:19:34,INFO,AuthService,User u2291 login successful,E101,User {user} login successful
14943,2026-01-11,07:53:15,INFO,AuthService,Page view: /home by u4872,E103,Page view: {page} by {user}
14944,2026-01-11,07:50:22,INFO,WebServer,User u3754 login successful,E101,User {user} login successful
14945,2026-01-11,07:45:25,INFO,AuthService,Page view: /home by u3345,E103,Page view: {page} by {user}
14946,2026-01-11,07:54:49,INFO,WebServer,User u1327 login successful,E101,User {user} login successful
14947,2026-01-11,07:38:19,INFO,WebServer,User u2307 login successful,E101,User {user} login successful
14948,2026-01-11,07:34:28,WARN,InventoryDB,Unauthorized access attempt from 10.0.0.12,E401,Unauthorized access attempt from {ip}
14949,2026-01-11,07:36:37,INFO,WebServer,Transaction tx201494 completed in 265ms,E104,Transaction {tx} completed in {time}ms
14950,2026-01-11,07:49:31,INFO,AuthService,Health check passed: AuthService,E102,Health check passed: {service}
14951,2026-01-11,07:07:53,INFO,WebServer,Transaction tx641477 completed in 796ms,E104,Transaction {tx} completed in {time}ms
14952,2026-01-11,07:17:11,INFO,OrderProcessor,User u1925 login successful,E101,User {user} login successful
14953,2026-01-11,07:18:02,ERROR,OrderProcessor,Payment declined: Gateway unavailable,E503,Payment declined: Gateway unavailable
14954,2026-01-11,07:20:43,INFO,WebServer,Transaction tx464366 completed in 648ms,E104,Transaction {tx} completed in {time}ms
14955,2026-01-11,07:59:35,INFO,AuthService,Transaction tx848418 completed in 99ms,E104,Transaction {tx} completed in {time}ms
14956,2026-01-11,07:40:12,INFO,WebServer,Transaction tx294531 completed in 484ms,E104,Transaction {tx} completed in {time}ms
14957,2026-01-11,07:50:44,INFO,WebServer,User u4023 login successful,E101,User {user} login successful
14958,2026-01-11,07:28:59,INFO,AuthService,Transaction tx765158 completed in 1059ms,E104,Transaction {tx} completed in {time}ms
14959,2026-01-11,07:09:29,INFO,WebServer,Health check passed: WebServer,E102,Health check passed: {service}
14960,2026-01-11,07:14:27,WARN,WebServer,High latency (786ms) detected on WebServer,E201,High latency ({time}ms) detected on {service}
14961,2026-01-11,07:42:27,INFO,WebServer,User u3694 login successful,E101,User {user} login successful
14962,2026-01-11,07:18:42,INFO,WebServer,Health check passed: WebServer,E102,Health check passed: {service}
14963,2026-01-11,07:28:09,INFO,WebServer,User u1138 login successful,E101,User {user} login successful
14964,2026-01-11,07:10:20,WARN,WebServer,Disk usage > 85% on node node-1,E202,Disk usage > 85% on node {node}
14965,2026-01-11,07:12:23,INFO,WebServer,User u2103 login successful,E101,User {user} login successful
14966,2026-01-11,07:44:19,INFO,PaymentGateway,Transaction tx950788 completed in 1054ms,E104,Transaction {tx} completed in {time}ms
14967,2026-01-11,07:44:15,INFO,AuthService,User u2808 login successful,E101,User {user} login successful
14968,2026-01-11,07:52:30,INFO,AuthService,Transaction tx372814 completed in 400ms,E104,Transaction {tx} completed in {time}ms
14969,2026-01-11,07:16:17,INFO,InventoryDB,Transaction tx169617 completed in 510ms,E104,Transaction {tx} completed in {time}ms
14970,2026-01-11,07:14:22,INFO,AuthService,Page view: /home by u4515,E103,Page view: {page} by {user}
14971,2026-01-11,07:54:31,INFO,WebServer,User u4797 login successful,E101,User {user} login successful
14972,2026-01-11,07:18:42,INFO,OrderProcessor,User u2765 login successful,E101,User {user} login successful
14973,2026-01-11,07:55:04,INFO,OrderProcessor,Health check passed: OrderProcessor,E102,Health check passed: {service}
14974,2026-01-11,07:42:26,INFO,WebServer,User u1975 login successful,E101,User {user} login successful
14975,2026-01-11,07:37:14,INFO,WebServer,User u4791 login successful,E101,User {user} login successful
14976,2026-01-11,07:19:43,INFO,InventoryDB,Transaction tx217918 completed in 1901ms,E104,Transaction {tx} completed in {time}ms
14977,2026-01-11,07:05:13,INFO,AuthService,Transaction tx997209 completed in 1471ms,E104,Transaction {tx} completed in {time}ms
14978,2026-01-11,07:56:12,INFO,PaymentGateway,Page view: /home by u2130,E103,Page view: {page} by {user}
14979,2026-01-11,07:40:31,INFO,WebServer,Health check passed: WebServer,E102,Health check passed: {service}
14980,2026-01-11,07:29:51,INFO,WebServer,Transaction tx424642 completed in 1316ms,E104,Transaction {tx} completed in {time}ms
14981,2026-01-11,07:55:41,INFO,WebServer,Health check passed: WebServer,E102,Health check passed: {service}
14982,2026-01-11,07:41:58,INFO,AuthService,Page view: /home by u4436,E103,Page view: {page} by {user}
14983,2026-01-11,07:21:47,INFO,WebServer,Health check passed: WebServer,E102,Health check passed: {service}
14984,2026-01-11,07:35:05,INFO,PaymentGateway,User u4715 login successful,E101,User {user} login successful
14985,2026-01-11,07:10:31,INFO,OrderProcessor,Transaction tx782846 completed in 1462ms,E104,Transaction {tx} completed in {time}ms
14986,2026-01-11,07:16:34,INFO,WebServer,Transaction tx923665 completed in 632ms,E104,Transaction {tx} completed in {time}ms
14987,2026-01-11,07:52:52,INFO,WebServer,Health check passed: WebServer,E102,Health check passed: {service}
14988,2026-01-11,07:50:06,INFO,AuthService,User u2662 login successful,E101,User {user} login successful
14989,2026-01-11,07:38:11,INFO,PaymentGateway,Health check passed: PaymentGateway,E102,Health check passed: {service}
14990,2026-01-11,07:53:26,WARN,WebServer,Unauthorized access attempt from 10.0.0.45,E401,Unauthorized access attempt from {ip}
14991,2026-01-11,07:15:52,INFO,AuthService,User u4610 login successful,E101,User {user} login successful
14992,2026-01-11,07:48:05,INFO,WebServer,User u2871 login successful,E101,User {user} login successful
14993,2026-01-11,07:39:44,ERROR,WebServer,Timeout waiting for lock on InventoryDB,E502,Timeout waiting for lock on {db}
14994,2026-01-11,07:16:04,INFO,AuthService,User u3373 login successful,E101,User {user} login successful
14995,2026-01-11,07:55:42,INFO,AuthService,Transaction tx247624 completed in 1041ms,E104,Transaction {tx} completed in {time}ms
14996,2026-01-11,07:48:12,INFO,WebServer,Transaction tx168056 completed in 1485ms,E104,Transaction {tx} completed in {time}ms
14997,2026-01-11,07:56:29,INFO,WebServer,User u3074 login successful,E101,User {user} login successful
14998,2026-01-11,07:45:15,INFO,WebServer,Transaction tx924959 completed in 500ms,E104,Transaction {tx} completed in {time}ms
14999,2026-01-11,07:37:07,INFO,PaymentGateway,User u2268 login successful,E101,User {user} login successful
15000,2026-01-11,07:44:07,INFO,WebServer,User u3025 login successful,E101,User {user} login successful
15001,2026-01-11,07:08:53,INFO,WebServer,Transaction tx704987 completed in 1493ms,E104,Transaction {tx} completed in {time}ms
15002,2026-01-11,07:42:38,INFO,PaymentGateway,User u2642 login successful,E101,User {user} login successful
15003,2026-01-11,07:41:47,INFO,WebServer,User u2381 login successful,E101,User {user} login successful
15004,2026-01-11,07:21:50,INFO,WebServer,User u1651 login successful,E101,User {user} login successful
15005,2026-01-11,07:19:40,INFO,AuthService,Page view: /home by u4405,E103,Page view: {page} by {user}
15006,2026-01-11,07:36:38,INFO,InventoryDB,Page view: /home by u3668,E103,Page view: {page} by {user}
15007,2026-01-11,07:37:45,INFO,WebServer,Health check passed: WebServer,E102,Health check passed: {service}
15008,2026-01-11,07:57:19,INFO,WebServer,Page view: /home by u2405,E103,Page view: {page} by {user}
15009,2026-01-11,07:00:13,CRITICAL,WebServer,KERNEL PANIC: Node node-4 crashed,E601,KERNEL PANIC: Node {node} crashed
15010,2026-01-11,07:29:57,INFO,InventoryDB,Page view: /home by u3211,E103,Page view: {page} by {user}
15011,2026-01-11,07:55:34,INFO,OrderProcessor,Transaction tx814502 completed in 1513ms,E104,Transaction {tx} completed in {time}ms
15012,2026-01-11,07:21:44,INFO,AuthService,Health check passed: AuthService,E102,Health check passed: {service}
15013,2026-01-11,07:15:36,INFO,WebServer,User u3744 login successful,E101,User {user} login successful
15014,2026-01-11,07:00:36,INFO,WebServer,Page view: /home by u2751,E103,Page view: {page} by {user}
15015,2026-01-11,07:04:38,INFO,WebServer,Health check passed: WebServer,E102,Health check passed: {service}
15016,2026-01-11,07:28:08,INFO,WebServer,Health check passed: WebServer,E102,Health check passed: {service}
15017,2026-01-11,07:50:00,INFO,WebServer,Health check passed: WebServer,E102,Health check passed: {service}
15018,2026-01-11,07:06:37,INFO,PaymentGateway,Health check passed: PaymentGateway,E102,Health check passed: {service}
15019,2026-01-11,07:18:56,ERROR,AuthService,Timeout waiting for lock on InventoryDB,E502,Timeout waiting for lock on {db}
15020,2026-01-11,07:28:05,INFO,OrderProcessor,Health check passed: OrderProcessor,E102,Health check passed: {service}
15021,2026-01-11,07:10:13,WARN,WebServer,Unauthorized access attempt from 10.0.0.45,E401,Unauthorized access attempt from {ip}
15022,2026-01-11,07:11:04,INFO,AuthService,Health check passed: AuthService,E102,Health check passed: {service}
15023,2026-01-11,07:40:20,INFO,WebServer,User u2721 login successful,E101,User {user} login successful
15024,2026-01-11,07:07:15,INFO,InventoryDB,Page view: /home by u3400,E103,Page view: {page} by {user}
15025,2026-01-11,07:11:27,INFO,WebServer,Page view: /home by u2527,E103,Page view: {page} by {user}
15026,2026-01-11,07:20:11,INFO,AuthService,Transaction tx273767 completed in 1015ms,E104,Transaction {tx} completed in {time}ms
15027,2026-01-11,07:36:25,ERROR,WebServer,Payment declined: Gateway unavailable,E503,Payment declined: Gateway unavailable
15028,2026-01-11,07:26:47,WARN,OrderProcessor,High latency (1866ms) detected on OrderProcessor,E201,High latency ({time}ms) detected on {service}
15029,2026-01-11,07:04:12,WARN,PaymentGateway,Unauthorized access attempt from 10.0.0.45,E401,Unauthorized access attempt from {ip}
15030,2026-01-11,07:41:07,INFO,WebServer,Health check passed: WebServer,E102,Health check passed: {service}
15031,2026-01-11,07:51:58,INFO,WebServer,Health check passed: WebServer,E102,Health check passed: {service}
15032,2026-01-11,07:04:42,INFO,AuthService,Health check passed: AuthService,E102,Health check passed: {service}
15033,2026-01-11,07:02:16,INFO,OrderProcessor,Health check passed: OrderProcessor,E102,Health check passed: {service}
15034,2026-01-11,07:17:29,WARN,OrderProcessor,Unauthorized access attempt from 10.0.0.88,E401,Unauthorized access attempt from {ip}
15035,2026-01-11,07:55:19,INFO,PaymentGateway,Page view: /home by u3589,E103,Page view: {page} by {user}
15036,2026-01-11,07:19:14,INFO,AuthService,Health check passed: AuthService,E102,Health check passed: {service}
15037,2026-01-11,07:02:28,INFO,WebServer,Transaction tx360475 completed in 1119ms,E104,Transaction {tx} completed in {time}ms
15038,2026-01-11,07:03:34,INFO,OrderProcessor,Health check passed: OrderProcessor,E102,Health check passed: {service}
15039,2026-01-11,07:21:09,INFO,AuthService,Health check passed: AuthService,E102,Health check passed: {service}
15040,2026-01-11,07:36:56,WARN,OrderProcessor,High latency (1848ms) detected on OrderProcessor,E201,High latency ({time}ms) detected on {service}
15041,2026-01-11,07:18:45,INFO,WebServer,User u1506 login successful,E101,User {user} login successful
15042,2026-01-11,07:30:57,INFO,InventoryDB,Health check passed: InventoryDB,E102,Health check passed: {service}
15043,2026-01-11,07:10:24,INFO,PaymentGateway,Page view: /home by u1712,E103,Page view: {page} by {user}
15044,2026-01-11,07:52:32,INFO,WebServer,Transaction tx333452 completed in 1232ms,E104,Transaction {tx} completed in {time}ms
15045,2026-01-11,07:50:43,INFO,OrderProcessor,User u2935 login successful,E101,User {user} login successful
15046,2026-01-11,07:20:02,INFO,WebServer,Page view: /home by u2313,E103,Page view: {page} by {user}
15047,2026-01-11,07:03:43,INFO,OrderProcessor,Transaction tx509371 completed in 38ms,E104,Transaction {tx} completed in {time}ms
15048,2026-01-11,07:16:57,INFO,WebServer,Page view: /home by u1858,E103,Page view: {page} by {user}
15049,2026-01-11,07:08:04,INFO,OrderProcessor,Health check passed: OrderProcessor,E102,Health check passed: {service}
15050,2026-01-11,07:46:08,INFO,WebServer,Page view: /home by u1878,E103,Page view: {page} by {user}
15051,2026-01-11,07:26:09,INFO,OrderProcessor,User u1022 login successful,E101,User {user} login successful
15052,2026-01-11,07:28:16,INFO,InventoryDB,Transaction tx978133 completed in 112ms,E104,Transaction {tx} completed in {time}ms
15053,2026-01-11,07:57:27,INFO,WebServer,Health check passed: WebServer,E102,Health check passed: {service}
15054,2026-01-11,07:40:35,INFO,WebServer,User u4678 login successful,E101,User {user} login successful
15055,2026-01-11,07:51:10,INFO,OrderProcessor,Health check passed: OrderProcessor,E102,Health check passed: {service}
15056,2026-01-11,07:22:50,INFO,OrderProcessor,Health check passed: OrderProcessor,E102,Health check passed: {service}
15057,2026-01-11,07:14:46,INFO,InventoryDB,Health check passed: InventoryDB,E102,Health check passed: {service}
15058,2026-01-11,07:47:33,INFO,AuthService,Health check passed: AuthService,E102,Health check passed: {service}
15059,2026-01-11,07:34:27,INFO,OrderProcessor,User u1755 login successful,E101,User {user} login successful
15060,2026-01-11,07:42:17,INFO,WebServer,Transaction tx258016 completed in 1057ms,E104,Transaction {tx} completed in {time}ms
15061,2026-01-11,07:38:14,INFO,WebServer,User u3751 login successful,E101,User {user} login successful
15062,2026-01-11,07:22:23,WARN,WebServer,Disk usage > 85% on node node-3,E202,Disk usage > 85% on node {node}
15063,2026-01-11,07:18:18,INFO,OrderProcessor,Health check passed: OrderProcessor,E102,Health check passed: {service}
15064,2026-01-11,07:18:11,INFO,AuthService,User u4441 login successful,E101,User {user} login successful
15065,2026-01-11,07:57:08,INFO,WebServer,Transaction tx288499 completed in 1457ms,E104,Transaction {tx} completed in {time}ms
15066,2026-01-11,07:42:52,INFO,AuthService,User u1670 login successful,E101,User {user} login successful
15067,2026-01-11,07:00:17,INFO,WebServer,Page view: /home by u1616,E103,Page view: {page} by {user}
15068,2026-01-11,07:14:29,INFO,InventoryDB,Transaction tx204550 completed in 1380ms,E104,Transaction {tx} completed in {time}ms
15069,2026-01-11,07:17:08,INFO,WebServer,Transaction tx447972 completed in 870ms,E104,Transaction {tx} completed in {time}ms
15070,2026-01-11,07:52:21,INFO,WebServer,Transaction tx494604 completed in 1260ms,E104,Transaction {tx} completed in {time}ms
15071,2026-01-11,07:56:15,INFO,WebServer,User u5000 login successful,E101,User {user} login successful
15072,2026-01-11,07:28:28,INFO,OrderProcessor,Transaction tx672873 completed in 491ms,E104,Transaction {tx} completed in {time}ms
15073,2026-01-11,07:58:13,INFO,OrderProcessor,User u2650 login successful,E101,User {user} login successful
15074,2026-01-11,07:37:40,INFO,OrderProcessor,Health check passed: OrderProcessor,E102,Health check passed: {service}
15075,2026-01-11,07:06:57,INFO,WebServer,Transaction tx617558 completed in 401ms,E104,Transaction {tx} completed in {time}ms
15076,2026-01-11,07:11:12,INFO,OrderProcessor,User u1546 login successful,E101,User {user} login successful
15077,2026-01-11,07:11:00,INFO,PaymentGateway,Transaction tx470103 completed in 140ms,E104,Transaction {tx} completed in {time}ms
15078,2026-01-11,07:44:33,INFO,PaymentGateway,User u4479 login successful,E101,User {user} login successful
15079,2026-01-11,07:36:05,INFO,PaymentGateway,Transaction tx112592 completed in 1760ms,E104,Transaction {tx} completed in {time}ms
15080,2026-01-11,07:47:40,INFO,WebServer,User u1808 login successful,E101,User {user} login successful
15081,2026-01-11,07:02:10,INFO,OrderProcessor,User u3768 login successful,E101,User {user} login successful
15082,2026-01-11,07:59:00,INFO,OrderProcessor,Transaction tx734289 completed in 1676ms,E104,Transaction {tx} completed in {time}ms
15083,2026-01-11,07:24:05,INFO,WebServer,Health check passed: WebServer,E102,Health check passed: {service}
15084,2026-01-11,07:29:15,INFO,WebServer,User u3030 login successful,E101,User {user} login successful
15085,2026-01-11,07:16:08,INFO,WebServer,Page view: /home by u4135,E103,Page view: {page} by {user}
15086,2026-01-11,07:49:12,INFO,WebServer,Health check passed: WebServer,E102,Health check passed: {service}
15087,2026-01-11,07:11:43,INFO,WebServer,Health check passed: WebServer,E102,Health check passed: {service}
15088,2026-01-11,07:08:56,INFO,WebServer,Page view: /home by u4577,E103,Page view: {page} by {user}
15089,2026-01-11,07:20:03,INFO,PaymentGateway,Transaction tx435172 completed in 986ms,E104,Transaction {tx} completed in {time}ms
15090,2026-01-11,07:18:36,INFO,WebServer,Transaction tx834655 completed in 1705ms,E104,Transaction {tx} completed in {time}ms
15091,2026-01-11,07:13:15,INFO,WebServer,Health check passed: WebServer,E102,Health check passed: {service}
15092,2026-01-11,07:20:26,INFO,AuthService,User u4375 login successful,E101,User {user} login successful
15093,2026-01-11,07:19:44,INFO,WebServer,Health check passed: WebServer,E102,Health check passed: {service}
15094,2026-01-11,07:15:02,INFO,AuthService,Health check passed: AuthService,E102,Health check passed: {service}
15095,2026-01-11,07:32:12,INFO,WebServer,Transaction tx709808 completed in 873ms,E104,Transaction {tx} completed in {time}ms
15096,2026-01-11,07:17:42,INFO,WebServer,Page view: /home by u3479,E103,Page view: {page} by {user}
15097,2026-01-11,07:19:40,WARN,OrderProcessor,Unauthorized access attempt from 10.0.0.45,E401,Unauthorized access attempt from {ip}
15098,2026-01-11,07:17:15,INFO,WebServer,User u1829 login successful,E101,User {user} login successful
15099,2026-01-11,07:50:33,INFO,PaymentGateway,Page view: /home by u3911,E103,Page view: {page} by {user}
15100,2026-01-11,07:42:23,INFO,PaymentGateway,Page view: /home by u1393,E103,Page view: {page} by {user}
15101,2026-01-11,07:54:48,INFO,OrderProcessor,Health check passed: OrderProcessor,E102,Health check passed: {service}
15102,2026-01-11,07:43:20,INFO,OrderProcessor,Health check passed: OrderProcessor,E102,Health check passed: {service}
15103,2026-01-11,07:16:58,INFO,OrderProcessor,User u1584 login successful,E101,User {user} login successful
15104,2026-01-11,07:59:36,INFO,InventoryDB,Health check passed: InventoryDB,E102,Health check passed: {service}
15105,2026-01-11,07:00:31,INFO,WebServer,Transaction tx245896 completed in 716ms,E104,Transaction {tx} completed in {time}ms
15106,2026-01-11,07:04:12,INFO,WebServer,Health check passed: WebServer,E102,Health check passed: {service}
15107,2026-01-11,07:27:22,INFO,WebServer,Transaction tx366261 completed in 1976ms,E104,Transaction {tx} completed in {time}ms
15108,2026-01-11,07:51:54,INFO,WebServer,User u2902 login successful,E101,User {user} login successful
15109,2026-01-11,07:44:47,INFO,WebServer,Page view: /home by u2624,E103,Page view: {page} by {user}
15110,2026-01-11,07:20:16,INFO,WebServer,Health check passed: WebServer,E102,Health check passed: {service}
15111,2026-01-11,07:24:42,INFO,WebServer,User u2844 login successful,E101,User {user} login successful
15112,2026-01-11,07:43:46,INFO,WebServer,Transaction tx812043 completed in 1407ms,E104,Transaction {tx} completed in {time}ms
15113,2026-01-11,07:46:39,INFO,WebServer,User u1837 login successful,E101,User {user} login successful
15114,2026-01-11,07:17:58,INFO,AuthService,User u1139 login successful,E101,User {user} login successful
15115,2026-01-11,07:34:22,INFO,WebServer,Transaction tx362898 completed in 1298ms,E104,Transaction {tx} completed in {time}ms
15116,2026-01-11,07:07:31,INFO,InventoryDB,User u4277 login successful,E101,User {user} login successful
15117,2026-01-11,07:46:57,INFO,WebServer,User u3728 login successful,E101,User {user} login successful
15118,2026-01-11,07:23:52,INFO,AuthService,Health check passed: AuthService,E102,Health check passed: {service}
15119,2026-01-11,07:37:20,ERROR,AuthService,Payment declined: Gateway unavailable,E503,Payment declined: Gateway unavailable
15120,2026-01-11,07:15:35,INFO,InventoryDB,Transaction tx304000 completed in 1992ms,E104,Transaction {tx} completed in {time}ms
15121,2026-01-11,07:57:27,WARN,WebServer,High latency (799ms) detected on WebServer,E201,High latency ({time}ms) detected on {service}
15122,2026-01-11,07:24:38,INFO,WebServer,Health check passed: WebServer,E102,Health check passed: {service}
15123,2026-01-11,07:58:03,INFO,WebServer,User u1617 login successful,E101,User {user} login successful
15124,2026-01-11,07:39:16,INFO,WebServer,Page view: /home by u3833,E103,Page view: {page} by {user}
15125,2026-01-11,07:04:04,INFO,AuthService,Page view: /home by u2217,E103,Page view: {page} by {user}
15126,2026-01-11,07:54:10,INFO,OrderProcessor,User u2512 login successful,E101,User {user} login successful
15127,2026-01-11,07:21:47,INFO,PaymentGateway,Page view: /home by u4147,E103,Page view: {page} by {user}
15128,2026-01-11,07:44:56,INFO,PaymentGateway,User u1912 login successful,E101,User {user} login successful
15129,2026-01-11,07:19:16,INFO,PaymentGateway,User u4426 login successful,E101,User {user} login successful
15130,2026-01-11,07:32:19,INFO,AuthService,Page view: /home by u4803,E103,Page view: {page} by {user}
15131,2026-01-11,07:00:18,INFO,WebServer,Health check passed: WebServer,E102,Health check passed: {service}
15132,2026-01-11,07:29:53,WARN,OrderProcessor,Unauthorized access attempt from 10.0.0.12,E401,Unauthorized access attempt from {ip}
15133,2026-01-11,07:52:57,INFO,InventoryDB,Page view: /home by u2038,E103,Page view: {page} by {user}
15134,2026-01-11,07:13:13,INFO,OrderProcessor,Transaction tx280495 completed in 1249ms,E104,Transaction {tx} completed in {time}ms
15135,2026-01-11,07:21:49,INFO,WebServer,User u4431 login successful,E101,User {user} login successful
15136,2026-01-11,07:43:51,INFO,WebServer,Health check passed: WebServer,E102,Health check passed: {service}
15137,2026-01-11,07:49:37,INFO,WebServer,User u4109 login successful,E101,User {user} login successful
15138,2026-01-11,07:45:52,INFO,PaymentGateway,Page view: /home by u4287,E103,Page view: {page} by {user}
15139,2026-01-11,07:22:52,INFO,AuthService,Page view: /home by u1652,E103,Page view: {page} by {user}
15140,2026-01-11,07:23:06,INFO,WebServer,User u1766 login successful,E101,User {user} login successful
15141,2026-01-11,07:49:25,INFO,WebServer,User u1080 login successful,E101,User {user} login successful
15142,2026-01-11,07:25:08,INFO,AuthService,Health check passed: AuthService,E102,Health check passed: {service}
15143,2026-01-11,07:24:07,INFO,AuthService,Page view: /home by u3916,E103,Page view: {page} by {user}
15144,2026-01-11,07:29:32,INFO,WebServer,Transaction tx198857 completed in 1766ms,E104,Transaction {tx} completed in {time}ms
15145,2026-01-11,07:35:05,INFO,AuthService,User u3046 login successful,E101,User {user} login successful
15146,2026-01-11,07:15:14,WARN,PaymentGateway,Disk usage > 85% on node node-2,E202,Disk usage > 85% on node {node}
15147,2026-01-11,07:46:06,INFO,OrderProcessor,Page view: /home by u3823,E103,Page view: {page} by {user}
15148,2026-01-11,07:11:39,INFO,AuthService,Health check passed: AuthService,E102,Health check passed: {service}
15149,2026-01-11,07:59:30,INFO,PaymentGateway,Health check passed: PaymentGateway,E102,Health check passed: {service}
15150,2026-01-11,07:28:21,INFO,WebServer,User u3903 login successful,E101,User {user} login successful
15151,2026-01-11,07:43:01,WARN,WebServer,Disk usage > 85% on node node-5,E202,Disk usage > 85% on node {node}
15152,2026-01-11,07:38:30,INFO,WebServer,User u1011 login successful,E101,User {user} login successful
15153,2026-01-11,07:46:17,INFO,AuthService,Page view: /home by u4805,E103,Page view: {page} by {user}
15154,2026-01-11,07:55:10,INFO,WebServer,Transaction tx745399 completed in 1209ms,E104,Transaction {tx} completed in {time}ms
15155,2026-01-11,07:59:50,INFO,WebServer,Transaction tx634473 completed in 529ms,E104,Transaction {tx} completed in {time}ms
15156,2026-01-11,07:50:02,INFO,WebServer,User u2552 login successful,E101,User {user} login successful
15157,2026-01-11,07:03:47,INFO,OrderProcessor,Transaction tx867558 completed in 528ms,E104,Transaction {tx} completed in {time}ms
15158,2026-01-11,07:59:16,INFO,InventoryDB,Page view: /home by u4038,E103,Page view: {page} by {user}
15159,2026-01-11,07:16:25,INFO,WebServer,User u4336 login successful,E101,User {user} login successful
15160,2026-01-11,07:24:30,INFO,AuthService,User u1880 login successful,E101,User {user} login successful
15161,2026-01-11,07:53:39,INFO,WebServer,Transaction tx838498 completed in 705ms,E104,Transaction {tx} completed in {time}ms
15162,2026-01-11,07:14:31,INFO,WebServer,Health check passed: WebServer,E102,Health check passed: {service}
15163,2026-01-11,07:57:48,INFO,AuthService,Page view: /home by u1568,E103,Page view: {page} by {user}
15164,2026-01-11,07:01:45,INFO,WebServer,Health check passed: WebServer,E102,Health check passed: {service}
15165,2026-01-11,07:17:36,INFO,OrderProcessor,Health check passed: OrderProcessor,E102,Health check passed: {service}
15166,2026-01-11,07:53:30,INFO,WebServer,Transaction tx109014 completed in 1043ms,E104,Transaction {tx} completed in {time}ms
15167,2026-01-11,07:01:09,INFO,OrderProcessor,Health check passed: OrderProcessor,E102,Health check passed: {service}
15168,2026-01-11,07:55:57,WARN,OrderProcessor,Disk usage > 85% on node node-2,E202,Disk usage > 85% on node {node}
15169,2026-01-11,07:49:36,INFO,AuthService,Transaction tx841511 completed in 1536ms,E104,Transaction {tx} completed in {time}ms
15170,2026-01-11,07:11:38,WARN,OrderProcessor,Unauthorized access attempt from 10.0.0.45,E401,Unauthorized access attempt from {ip}
15171,2026-01-11,07:47:58,INFO,WebServer,Transaction tx170142 completed in 255ms,E104,Transaction {tx} completed in {time}ms
15172,2026-01-11,07:24:53,INFO,WebServer,Transaction tx900350 completed in 932ms,E104,Transaction {tx} completed in {time}ms
15173,2026-01-11,07:50:59,INFO,WebServer,Health check passed: WebServer,E102,Health check passed: {service}
15174,2026-01-11,07:03:53,WARN,PaymentGateway,Unauthorized access attempt from 10.0.0.12,E401,Unauthorized access attempt from {ip}
15175,2026-01-11,07:03:33,INFO,AuthService,Health check passed: AuthService,E102,Health check passed: {service}
15176,2026-01-11,07:29:39,INFO,AuthService,User u3779 login successful,E101,User {user} login successful
15177,2026-01-11,07:30:25,INFO,AuthService,User u1445 login successful,E101,User {user} login successful
15178,2026-01-11,07:10:36,INFO,AuthService,User u1731 login successful,E101,User {user} login successful
15179,2026-01-11,07:51:02,INFO,WebServer,Health check passed: WebServer,E102,Health check passed: {service}
15180,2026-01-11,07:15:47,INFO,WebServer,Health check passed: WebServer,E102,Health check passed: {service}
15181,2026-01-11,07:54:05,INFO,WebServer,Health check passed: WebServer,E102,Health check passed: {service}
15182,2026-01-11,07:33:07,INFO,OrderProcessor,Page view: /home by u4294,E103,Page view: {page} by {user}
15183,2026-01-11,07:01:50,WARN,WebServer,Unauthorized access attempt from 10.0.0.45,E401,Unauthorized access attempt from {ip}
15184,2026-01-11,07:12:38,INFO,WebServer,Page view: /home by u1230,E103,Page view: {page} by {user}
15185,2026-01-11,07:27:49,INFO,WebServer,Health check passed: WebServer,E102,Health check passed: {service}
15186,2026-01-11,07:56:16,INFO,WebServer,User u4575 login successful,E101,User {user} login successful
15187,2026-01-11,07:16:44,INFO,PaymentGateway,Page view: /home by u3233,E103,Page view: {page} by {user}
15188,2026-01-11,07:29:05,INFO,OrderProcessor,User u4113 login successful,E101,User {user} login successful
15189,2026-01-11,07:19:14,INFO,AuthService,Health check passed: AuthService,E102,Health check passed: {service}
15190,2026-01-11,07:13:06,INFO,WebServer,Transaction tx552999 completed in 592ms,E104,Transaction {tx} completed in {time}ms
15191,2026-01-11,07:30:17,INFO,PaymentGateway,Health check passed: PaymentGateway,E102,Health check passed: {service}
15192,2026-01-11,07:43:05,INFO,OrderProcessor,User u3804 login successful,E101,User {user} login successful
15193,2026-01-11,07:17:26,INFO,OrderProcessor,Transaction tx294123 completed in 1036ms,E104,Transaction {tx} completed in {time}ms
15194,2026-01-11,07:22:22,INFO,InventoryDB,Page view: /home by u4581,E103,Page view: {page} by {user}
15195,2026-01-11,07:16:12,INFO,OrderProcessor,Page view: /home by u1476,E103,Page view: {page} by {user}
15196,2026-01-11,07:32:10,INFO,WebServer,Page view: /home by u3930,E103,Page view: {page} by {user}
15197,2026-01-11,07:52:34,INFO,PaymentGateway,Health check passed: PaymentGateway,E102,Health check passed: {service}
15198,2026-01-11,07:37:48,INFO,PaymentGateway,Transaction tx228202 completed in 510ms,E104,Transaction {tx} completed in {time}ms
15199,2026-01-11,07:26:20,INFO,AuthService,Transaction tx737639 completed in 901ms,E104,Transaction {tx} completed in {time}ms
15200,2026-01-11,07:53:48,INFO,WebServer,User u4620 login successful,E101,User {user} login successful
15201,2026-01-11,07:53:37,INFO,AuthService,Page view: /home by u1504,E103,Page view: {page} by {user}
15202,2026-01-11,07:38:58,INFO,InventoryDB,Health check passed: InventoryDB,E102,Health check passed: {service}
15203,2026-01-11,07:06:46,INFO,WebServer,Transaction tx800610 completed in 722ms,E104,Transaction {tx} completed in {time}ms
15204,2026-01-11,07:08:48,INFO,PaymentGateway,Transaction tx938451 completed in 386ms,E104,Transaction {tx} completed in {time}ms
15205,2026-01-11,07:22:16,INFO,WebServer,User u3359 login successful,E101,User {user} login successful
15206,2026-01-11,07:53:34,INFO,WebServer,Page view: /home by u3397,E103,Page view: {page} by {user}
15207,2026-01-11,07:51:53,INFO,WebServer,Page view: /home by u3029,E103,Page view: {page} by {user}
15208,2026-01-11,07:14:17,INFO,WebServer,Page view: /home by u2155,E103,Page view: {page} by {user}
15209,2026-01-11,07:03:16,INFO,InventoryDB,Health check passed: InventoryDB,E102,Health check passed: {service}
15210,2026-01-11,07:27:57,INFO,OrderProcessor,User u3822 login successful,E101,User {user} login successful
15211,2026-01-11,07:00:51,INFO,WebServer,Page view: /home by u2839,E103,Page view: {page} by {user}
15212,2026-01-11,07:32:28,INFO,WebServer,Page view: /home by u4575,E103,Page view: {page} by {user}
15213,2026-01-11,07:02:07,INFO,AuthService,Page view: /home by u1158,E103,Page view: {page} by {user}
15214,2026-01-11,07:57:42,INFO,WebServer,Transaction tx328652 completed in 1738ms,E104,Transaction {tx} completed in {time}ms
15215,2026-01-11,07:53:31,WARN,OrderProcessor,Disk usage > 85% on node node-4,E202,Disk usage > 85% on node {node}
15216,2026-01-11,07:48:43,INFO,WebServer,Health check passed: WebServer,E102,Health check passed: {service}
15217,2026-01-11,07:37:09,INFO,WebServer,Health check passed: WebServer,E102,Health check passed: {service}
15218,2026-01-11,07:30:29,INFO,AuthService,User u4951 login successful,E101,User {user} login successful
15219,2026-01-11,07:45:53,INFO,AuthService,Health check passed: AuthService,E102,Health check passed: {service}
15220,2026-01-11,07:31:58,INFO,WebServer,Transaction tx211620 completed in 423ms,E104,Transaction {tx} completed in {time}ms
15221,2026-01-11,07:59:11,INFO,WebServer,Page view: /home by u1126,E103,Page view: {page} by {user}
15222,2026-01-11,07:59:12,INFO,WebServer,User u2555 login successful,E101,User {user} login successful
15223,2026-01-11,07:09:19,INFO,WebServer,User u2269 login successful,E101,User {user} login successful
15224,2026-01-11,07:09:08,INFO,InventoryDB,User u1861 login successful,E101,User {user} login successful
15225,2026-01-11,07:20:55,INFO,WebServer,User u3666 login successful,E101,User {user} login successful
15226,2026-01-11,07:36:07,INFO,PaymentGateway,Transaction tx851527 completed in 73ms,E104,Transaction {tx} completed in {time}ms
15227,2026-01-11,08:33:41,INFO,WebServer,Page view: /home by u4251,E103,Page view: {page} by {user}
15228,2026-01-11,08:51:07,INFO,OrderProcessor,Page view: /home by u1354,E103,Page view: {page} by {user}
15229,2026-01-11,08:31:48,INFO,WebServer,Page view: /home by u2012,E103,Page view: {page} by {user}
15230,2026-01-11,08:49:59,INFO,WebServer,Health check passed: WebServer,E102,Health check passed: {service}
15231,2026-01-11,08:01:45,INFO,WebServer,Page view: /home by u3480,E103,Page view: {page} by {user}
15232,2026-01-11,08:01:16,INFO,InventoryDB,Health check passed: InventoryDB,E102,Health check passed: {service}
15233,2026-01-11,08:02:40,INFO,WebServer,Page view: /home by u4782,E103,Page view: {page} by {user}
15234,2026-01-11,08:39:37,INFO,WebServer,Transaction tx978918 completed in 1921ms,E104,Transaction {tx} completed in {time}ms
15235,2026-01-11,08:45:43,WARN,AuthService,Disk usage > 85% on node node-2,E202,Disk usage > 85% on node {node}
15236,2026-01-11,08:09:42,INFO,WebServer,User u4070 login successful,E101,User {user} login successful
15237,2026-01-11,08:00:46,INFO,AuthService,Health check passed: AuthService,E102,Health check passed: {service}
15238,2026-01-11,08:43:43,INFO,AuthService,Page view: /home by u2373,E103,Page view: {page} by {user}
15239,2026-01-11,08:45:51,INFO,OrderProcessor,Transaction tx942979 completed in 1317ms,E104,Transaction {tx} completed in {time}ms
15240,2026-01-11,08:55:51,INFO,WebServer,Page view: /home by u4278,E103,Page view: {page} by {user}
15241,2026-01-11,08:35:01,INFO,WebServer,User u1562 login successful,E101,User {user} login successful
15242,2026-01-11,08:11:34,INFO,WebServer,Page view: /home by u1172,E103,Page view: {page} by {user}
15243,2026-01-11,08:27:48,INFO,WebServer,Page view: /home by u3603,E103,Page view: {page} by {user}
15244,2026-01-11,08:17:43,INFO,AuthService,User u4794 login successful,E101,User {user} login successful
15245,2026-01-11,08:02:24,INFO,OrderProcessor,User u2386 login successful,E101,User {user} login successful
15246,2026-01-11,08:32:28,INFO,WebServer,Health check passed: WebServer,E102,Health check passed: {service}
15247,2026-01-11,08:42:48,INFO,OrderProcessor,Health check passed: OrderProcessor,E102,Health check passed: {service}
15248,2026-01-11,08:49:36,INFO,PaymentGateway,Transaction tx301842 completed in 222ms,E104,Transaction {tx} completed in {time}ms
15249,2026-01-11,08:19:22,INFO,PaymentGateway,Transaction tx902688 completed in 1942ms,E104,Transaction {tx} completed in {time}ms
15250,2026-01-11,08:09:25,INFO,AuthService,User u2599 login successful,E101,User {user} login successful
15251,2026-01-11,08:44:12,INFO,WebServer,User u3838 login successful,E101,User {user} login successful
15252,2026-01-11,08:56:48,INFO,OrderProcessor,Page view: /home by u4679,E103,Page view: {page} by {user}
15253,2026-01-11,08:45:56,INFO,PaymentGateway,Transaction tx810050 completed in 477ms,E104,Transaction {tx} completed in {time}ms
15254,2026-01-11,08:18:15,INFO,OrderProcessor,Transaction tx320774 completed in 681ms,E104,Transaction {tx} completed in {time}ms
15255,2026-01-11,08:14:17,INFO,WebServer,Page view: /home by u3191,E103,Page view: {page} by {user}
15256,2026-01-11,08:19:23,INFO,AuthService,Transaction tx783974 completed in 1330ms,E104,Transaction {tx} completed in {time}ms
15257,2026-01-11,08:01:24,INFO,WebServer,Page view: /home by u2292,E103,Page view: {page} by {user}
15258,2026-01-11,08:11:39,WARN,WebServer,Unauthorized access attempt from 10.0.0.45,E401,Unauthorized access attempt from {ip}
15259,2026-01-11,08:31:41,WARN,WebServer,High latency (1051ms) detected on WebServer,E201,High latency ({time}ms) detected on {service}
15260,2026-01-11,08:58:53,INFO,WebServer,Transaction tx880089 completed in 934ms,E104,Transaction {tx} completed in {time}ms
15261,2026-01-11,08:16:27,INFO,WebServer,User u4619 login successful,E101,User {user} login successful
15262,2026-01-11,08:48:10,INFO,AuthService,Transaction tx421156 completed in 375ms,E104,Transaction {tx} completed in {time}ms
15263,2026-01-11,08:40:31,INFO,WebServer,User u2678 login successful,E101,User {user} login successful
15264,2026-01-11,08:08:59,INFO,WebServer,Transaction tx601745 completed in 1473ms,E104,Transaction {tx} completed in {time}ms
15265,2026-01-11,08:53:12,INFO,WebServer,Page view: /home by u3361,E103,Page view: {page} by {user}
15266,2026-01-11,08:19:06,INFO,OrderProcessor,Health check passed: OrderProcessor,E102,Health check passed: {service}
15267,2026-01-11,08:03:30,INFO,WebServer,User u1762 login successful,E101,User {user} login successful
15268,2026-01-11,08:48:55,INFO,AuthService,User u3336 login successful,E101,User {user} login successful
15269,2026-01-11,08:39:21,INFO,AuthService,Transaction tx645583 completed in 857ms,E104,Transaction {tx} completed in {time}ms
15270,2026-01-11,08:17:40,INFO,AuthService,Health check passed: AuthService,E102,Health check passed: {service}
15271,2026-01-11,08:41:20,INFO,WebServer,User u1317 login successful,E101,User {user} login successful
15272,2026-01-11,08:42:23,INFO,OrderProcessor,Health check passed: OrderProcessor,E102,Health check passed: {service}
15273,2026-01-11,08:14:34,INFO,PaymentGateway,Page view: /home by u1475,E103,Page view: {page} by {user}
15274,2026-01-11,08:21:28,WARN,AuthService,High latency (176ms) detected on AuthService,E201,High latency ({time}ms) detected on {service}
15275,2026-01-11,08:14:31,WARN,OrderProcessor,High latency (504ms) detected on OrderProcessor,E201,High latency ({time}ms) detected on {service}
15276,2026-01-11,08:52:56,INFO,AuthService,Page view: /home by u2037,E103,Page view: {page} by {user}
15277,2026-01-11,08:25:23,WARN,WebServer,Disk usage > 85% on node node-3,E202,Disk usage > 85% on node {node}
15278,2026-01-11,08:10:06,INFO,OrderProcessor,User u4096 login successful,E101,User {user} login successful
15279,2026-01-11,08:05:12,INFO,WebServer,Health check passed: WebServer,E102,Health check passed: {service}
15280,2026-01-11,08:29:03,INFO,AuthService,User u3908 login successful,E101,User {user} login successful
15281,2026-01-11,08:11:17,INFO,PaymentGateway,Health check passed: PaymentGateway,E102,Health check passed: {service}
15282,2026-01-11,08:46:08,INFO,WebServer,Page view: /home by u2828,E103,Page view: {page} by {user}
15283,2026-01-11,08:43:25,INFO,WebServer,Transaction tx604413 completed in 141ms,E104,Transaction {tx} completed in {time}ms
15284,2026-01-11,08:15:18,INFO,AuthService,User u4860 login successful,E101,User {user} login successful
15285,2026-01-11,08:09:33,INFO,WebServer,Transaction tx142375 completed in 442ms,E104,Transaction {tx} completed in {time}ms
15286,2026-01-11,08:11:36,INFO,WebServer,Transaction tx531359 completed in 1622ms,E104,Transaction {tx} completed in {time}ms
15287,2026-01-11,08:35:59,INFO,PaymentGateway,Transaction tx100052 completed in 1424ms,E104,Transaction {tx} completed in {time}ms
15288,2026-01-11,08:02:47,INFO,WebServer,Page view: /home by u4756,E103,Page view: {page} by {user}
15289,2026-01-11,08:53:02,INFO,OrderProcessor,User u1476 login successful,E101,User {user} login successful
15290,2026-01-11,08:22:01,INFO,AuthService,User u4255 login successful,E101,User {user} login successful
15291,2026-01-11,08:11:04,INFO,WebServer,Transaction tx939897 completed in 158ms,E104,Transaction {tx} completed in {time}ms
15292,2026-01-11,08:38:22,INFO,WebServer,Health check passed: WebServer,E102,Health check passed: {service}
15293,2026-01-11,08:24:37,INFO,WebServer,Page view: /home by u2056,E103,Page view: {page} by {user}
15294,2026-01-11,08:57:39,INFO,PaymentGateway,User u4483 login successful,E101,User {user} login successful
15295,2026-01-11,08:16:37,INFO,WebServer,Transaction tx786512 completed in 451ms,E104,Transaction {tx} completed in {time}ms
15296,2026-01-11,08:30:19,INFO,OrderProcessor,Page view: /home by u1171,E103,Page view: {page} by {user}
15297,2026-01-11,08:33:17,INFO,WebServer,Page view: /home by u2397,E103,Page view: {page} by {user}
15298,2026-01-11,08:14:22,INFO,AuthService,Transaction tx740845 completed in 982ms,E104,Transaction {tx} completed in {time}ms
15299,2026-01-11,08:49:10,INFO,WebServer,Page view: /home by u3735,E103,Page view: {page} by {user}
15300,2026-01-11,08:51:15,INFO,InventoryDB,Transaction tx910108 completed in 1963ms,E104,Transaction {tx} completed in {time}ms
15301,2026-01-11,08:04:09,INFO,PaymentGateway,User u2589 login successful,E101,User {user} login successful
15302,2026-01-11,08:14:37,INFO,OrderProcessor,User u2769 login successful,E101,User {user} login successful
15303,2026-01-11,08:45:04,INFO,WebServer,Page view: /home by u4941,E103,Page view: {page} by {user}
15304,2026-01-11,08:31:43,INFO,WebServer,Transaction tx358005 completed in 1605ms,E104,Transaction {tx} completed in {time}ms
15305,2026-01-11,08:53:55,INFO,AuthService,Health check passed: AuthService,E102,Health check passed: {service}
15306,2026-01-11,08:25:04,INFO,WebServer,Page view: /home by u4042,E103,Page view: {page} by {user}
15307,2026-01-11,08:52:06,INFO,OrderProcessor,Health check passed: OrderProcessor,E102,Health check passed: {service}
15308,2026-01-11,08:20:53,INFO,WebServer,Page view: /home by u4091,E103,Page view: {page} by {user}
15309,2026-01-11,08:35:29,INFO,WebServer,Page view: /home by u3166,E103,Page view: {page} by {user}
15310,2026-01-11,08:35:29,INFO,WebServer,Transaction tx926587 completed in 1311ms,E104,Transaction {tx} completed in {time}ms
15311,2026-01-11,08:45:10,WARN,AuthService,Unauthorized access attempt from 10.0.0.12,E401,Unauthorized access attempt from {ip}
15312,2026-01-11,08:37:15,INFO,WebServer,User u1495 login successful,E101,User {user} login successful
15313,2026-01-11,08:28:03,INFO,AuthService,User u2774 login successful,E101,User {user} login successful
15314,2026-01-11,08:58:46,INFO,AuthService,User u4701 login successful,E101,User {user} login successful
15315,2026-01-11,08:40:22,INFO,WebServer,Transaction tx893060 completed in 1962ms,E104,Transaction {tx} completed in {time}ms
15316,2026-01-11,08:31:18,INFO,WebServer,Health check passed: WebServer,E102,Health check passed: {service}
15317,2026-01-11,08:05:04,WARN,WebServer,Unauthorized access attempt from 10.0.0.99,E401,Unauthorized access attempt from {ip}
15318,2026-01-11,08:32:12,INFO,WebServer,User u1452 login successful,E101,User {user} login successful
15319,2026-01-11,08:41:56,INFO,WebServer,Health check passed: WebServer,E102,Health check passed: {service}
15320,2026-01-11,08:52:54,INFO,WebServer,Transaction tx608827 completed in 1740ms,E104,Transaction {tx} completed in {time}ms
15321,2026-01-11,08:18:43,INFO,AuthService,Page view: /home by u1763,E103,Page view: {page} by {user}
15322,2026-01-11,08:44:32,INFO,WebServer,Health check passed: WebServer,E102,Health check passed: {service}
15323,2026-01-11,08:56:16,INFO,AuthService,Transaction tx100707 completed in 142ms,E104,Transaction {tx} completed in {time}ms
15324,2026-01-11,08:07:48,INFO,WebServer,Transaction tx389622 completed in 895ms,E104,Transaction {tx} completed in {time}ms
15325,2026-01-11,08:44:48,INFO,WebServer,Health check passed: WebServer,E102,Health check passed: {service}
15326,2026-01-11,08:59:32,INFO,AuthService,Transaction tx352506 completed in 692ms,E104,Transaction {tx} completed in {time}ms
15327,2026-01-11,08:54:49,INFO,WebServer,Page view: /home by u4053,E103,Page view: {page} by {user}
15328,2026-01-11,08:27:20,INFO,WebServer,User u3812 login successful,E101,User {user} login successful
15329,2026-01-11,08:03:57,INFO,WebServer,Transaction tx513291 completed in 1852ms,E104,Transaction {tx} completed in {time}ms
15330,2026-01-11,08:50:20,INFO,WebServer,User u4553 login successful,E101,User {user} login successful
15331,2026-01-11,08:46:59,INFO,AuthService,Transaction tx326431 completed in 1657ms,E104,Transaction {tx} completed in {time}ms
15332,2026-01-11,08:53:56,INFO,WebServer,Transaction tx590090 completed in 1979ms,E104,Transaction {tx} completed in {time}ms
15333,2026-01-11,08:58:14,INFO,InventoryDB,Health check passed: InventoryDB,E102,Health check passed: {service}
15334,2026-01-11,08:07:12,INFO,WebServer,Health check passed: WebServer,E102,Health check passed: {service}
15335,2026-01-11,08:53:12,INFO,AuthService,Health check passed: AuthService,E102,Health check passed: {service}
15336,2026-01-11,08:17:42,INFO,PaymentGateway,Transaction tx371544 completed in 734ms,E104,Transaction {tx} completed in {time}ms
15337,2026-01-11,08:32:46,INFO,WebServer,Page view: /home by u2503,E103,Page view: {page} by {user}
15338,2026-01-11,08:56:40,INFO,WebServer,Page view: /home by u1525,E103,Page view: {page} by {user}
15339,2026-01-11,08:56:58,INFO,OrderProcessor,Transaction tx862063 completed in 1157ms,E104,Transaction {tx} completed in {time}ms
15340,2026-01-11,08:29:06,INFO,OrderProcessor,Transaction tx716657 completed in 647ms,E104,Transaction {tx} completed in {time}ms
15341,2026-01-11,08:13:18,INFO,AuthService,Page view: /home by u3557,E103,Page view: {page} by {user}
15342,2026-01-11,08:51:52,WARN,WebServer,Disk usage > 85% on node node-4,E202,Disk usage > 85% on node {node}
15343,2026-01-11,08:02:44,INFO,PaymentGateway,User u4854 login successful,E101,User {user} login successful
15344,2026-01-11,08:27:25,INFO,WebServer,Page view: /home by u1434,E103,Page view: {page} by {user}
15345,2026-01-11,08:30:02,INFO,AuthService,Transaction tx812268 completed in 1181ms,E104,Transaction {tx} completed in {time}ms
15346,2026-01-11,08:08:42,INFO,InventoryDB,User u2999 login successful,E101,User {user} login successful
15347,2026-01-11,08:46:50,INFO,AuthService,User u2494 login successful,E101,User {user} login successful
15348,2026-01-11,08:27:40,INFO,PaymentGateway,Transaction tx194878 completed in 1803ms,E104,Transaction {tx} completed in {time}ms
15349,2026-01-11,08:53:25,INFO,OrderProcessor,Page view: /home by u1734,E103,Page view: {page} by {user}
15350,2026-01-11,08:42:15,INFO,AuthService,User u4276 login successful,E101,User {user} login successful
15351,2026-01-11,08:57:27,INFO,WebServer,Health check passed: WebServer,E102,Health check passed: {service}
15352,2026-01-11,08:53:03,INFO,WebServer,Health check passed: WebServer,E102,Health check passed: {service}
15353,2026-01-11,08:10:15,INFO,WebServer,Health check passed: WebServer,E102,Health check passed: {service}
15354,2026-01-11,08:09:33,INFO,OrderProcessor,Page view: /home by u4879,E103,Page view: {page} by {user}
15355,2026-01-11,08:20:07,INFO,WebServer,Health check passed: WebServer,E102,Health check passed: {service}
15356,2026-01-11,08:13:06,INFO,OrderProcessor,Page view: /home by u3205,E103,Page view: {page} by {user}
15357,2026-01-11,08:36:36,WARN,WebServer,Unauthorized access attempt from 10.0.0.45,E401,Unauthorized access attempt from {ip}
15358,2026-01-11,08:58:02,INFO,OrderProcessor,Page view: /home by u1310,E103,Page view: {page} by {user}
15359,2026-01-11,08:43:27,INFO,AuthService,Page view: /home by u4285,E103,Page view: {page} by {user}
15360,2026-01-11,08:53:22,INFO,AuthService,User u1398 login successful,E101,User {user} login successful
15361,2026-01-11,08:16:38,INFO,PaymentGateway,User u3239 login successful,E101,User {user} login successful
15362,2026-01-11,08:44:21,INFO,WebServer,Transaction tx241517 completed in 31ms,E104,Transaction {tx} completed in {time}ms
15363,2026-01-11,08:59:17,INFO,WebServer,Transaction tx818205 completed in 1279ms,E104,Transaction {tx} completed in {time}ms
15364,2026-01-11,08:12:55,INFO,WebServer,Page view: /home by u1128,E103,Page view: {page} by {user}
15365,2026-01-11,08:01:25,INFO,WebServer,Health check passed: WebServer,E102,Health check passed: {service}
15366,2026-01-11,08:16:36,INFO,WebServer,Page view: /home by u3019,E103,Page view: {page} by {user}
15367,2026-01-11,08:40:33,INFO,WebServer,Transaction tx262287 completed in 1674ms,E104,Transaction {tx} completed in {time}ms
15368,2026-01-11,08:46:54,INFO,WebServer,Page view: /home by u2543,E103,Page view: {page} by {user}
15369,2026-01-11,08:14:16,INFO,OrderProcessor,Health check passed: OrderProcessor,E102,Health check passed: {service}
15370,2026-01-11,08:12:28,ERROR,PaymentGateway,Connection refused to PaymentGateway at 10.0.0.45,E501,Connection refused to {service} at {ip}
15371,2026-01-11,08:45:03,ERROR,WebServer,Timeout waiting for lock on InventoryDB,E502,Timeout waiting for lock on {db}
15372,2026-01-11,08:04:49,WARN,AuthService,High latency (490ms) detected on AuthService,E201,High latency ({time}ms) detected on {service}
15373,2026-01-11,08:13:07,INFO,WebServer,Health check passed: WebServer,E102,Health check passed: {service}
15374,2026-01-11,08:42:23,INFO,OrderProcessor,Health check passed: OrderProcessor,E102,Health check passed: {service}
15375,2026-01-11,08:27:46,INFO,PaymentGateway,Transaction tx393648 completed in 984ms,E104,Transaction {tx} completed in {time}ms
15376,2026-01-11,08:11:30,INFO,WebServer,Page view: /home by u4603,E103,Page view: {page} by {user}
15377,2026-01-11,08:53:32,INFO,WebServer,Health check passed: WebServer,E102,Health check passed: {service}
15378,2026-01-11,08:58:08,INFO,AuthService,Health check passed: AuthService,E102,Health check passed: {service}
15379,2026-01-11,08:43:29,INFO,WebServer,User u3300 login successful,E101,User {user} login successful
15380,2026-01-11,08:41:35,INFO,WebServer,Transaction tx841712 completed in 972ms,E104,Transaction {tx} completed in {time}ms
15381,2026-01-11,08:57:40,INFO,AuthService,Health check passed: AuthService,E102,Health check passed: {service}
15382,2026-01-11,08:55:12,INFO,WebServer,Page view: /home by u2169,E103,Page view: {page} by {user}
15383,2026-01-11,08:57:08,INFO,AuthService,Transaction tx751918 completed in 1930ms,E104,Transaction {tx} completed in {time}ms
15384,2026-01-11,08:16:02,INFO,AuthService,User u4631 login successful,E101,User {user} login successful
15385,2026-01-11,08:09:34,INFO,WebServer,Page view: /home by u1003,E103,Page view: {page} by {user}
15386,2026-01-11,08:45:20,INFO,WebServer,User u4227 login successful,E101,User {user} login successful
15387,2026-01-11,08:14:31,INFO,WebServer,Health check passed: WebServer,E102,Health check passed: {service}
15388,2026-01-11,08:02:12,INFO,WebServer,Page view: /home by u4609,E103,Page view: {page} by {user}
15389,2026-01-11,08:43:28,WARN,PaymentGateway,High latency (1412ms) detected on PaymentGateway,E201,High latency ({time}ms) detected on {service}
15390,2026-01-11,08:56:44,INFO,WebServer,Transaction tx452940 completed in 116ms,E104,Transaction {tx} completed in {time}ms
15391,2026-01-11,08:51:17,INFO,OrderProcessor,Health check passed: OrderProcessor,E102,Health check passed: {service}
15392,2026-01-11,08:09:00,INFO,PaymentGateway,Health check passed: PaymentGateway,E102,Health check passed: {service}
15393,2026-01-11,08:20:58,INFO,AuthService,User u1686 login successful,E101,User {user} login successful
15394,2026-01-11,08:14:18,INFO,AuthService,Transaction tx525385 completed in 342ms,E104,Transaction {tx} completed in {time}ms
15395,2026-01-11,08:27:35,INFO,OrderProcessor,Transaction tx809183 completed in 678ms,E104,Transaction {tx} completed in {time}ms
15396,2026-01-11,08:38:09,INFO,WebServer,Transaction tx171575 completed in 215ms,E104,Transaction {tx} completed in {time}ms
15397,2026-01-11,08:18:29,INFO,WebServer,Transaction tx230117 completed in 1670ms,E104,Transaction {tx} completed in {time}ms
15398,2026-01-11,08:23:43,INFO,WebServer,User u2797 login successful,E101,User {user} login successful
15399,2026-01-11,08:54:46,INFO,AuthService,User u1500 login successful,E101,User {user} login successful
15400,2026-01-11,08:24:04,INFO,PaymentGateway,Health check passed: PaymentGateway,E102,Health check passed: {service}
15401,2026-01-11,08:46:57,INFO,WebServer,Transaction tx757362 completed in 1578ms,E104,Transaction {tx} completed in {time}ms
15402,2026-01-11,08:11:46,INFO,OrderProcessor,User u3573 login successful,E101,User {user} login successful
15403,2026-01-11,08:54:38,INFO,AuthService,User u4719 login successful,E101,User {user} login successful
15404,2026-01-11,08:12:08,INFO,WebServer,Page view: /home by u2750,E103,Page view: {page} by {user}
15405,2026-01-11,08:54:15,INFO,WebServer,Page view: /home by u4224,E103,Page view: {page} by {user}
15406,2026-01-11,08:48:55,INFO,WebServer,User u2370 login successful,E101,User {user} login successful
15407,2026-01-11,08:48:54,INFO,WebServer,Transaction tx990184 completed in 1043ms,E104,Transaction {tx} completed in {time}ms
15408,2026-01-11,08:25:08,INFO,WebServer,Page view: /home by u4940,E103,Page view: {page} by {user}
15409,2026-01-11,08:05:35,INFO,WebServer,User u3460 login successful,E101,User {user} login successful
15410,2026-01-11,08:50:23,INFO,WebServer,User u2968 login successful,E101,User {user} login successful
15411,2026-01-11,08:28:41,INFO,WebServer,Health check passed: WebServer,E102,Health check passed: {service}
15412,2026-01-11,08:51:11,INFO,OrderProcessor,Transaction tx656505 completed in 1949ms,E104,Transaction {tx} completed in {time}ms
15413,2026-01-11,08:27:27,WARN,PaymentGateway,Disk usage > 85% on node node-2,E202,Disk usage > 85% on node {node}
15414,2026-01-11,08:07:18,CRITICAL,PaymentGateway,KERNEL PANIC: Node node-2 crashed,E601,KERNEL PANIC: Node {node} crashed
15415,2026-01-11,08:13:50,INFO,WebServer,Health check passed: WebServer,E102,Health check passed: {service}
15416,2026-01-11,08:29:15,INFO,OrderProcessor,Page view: /home by u1767,E103,Page view: {page} by {user}
15417,2026-01-11,08:59:18,INFO,OrderProcessor,User u1896 login successful,E101,User {user} login successful
15418,2026-01-11,08:00:41,WARN,WebServer,Disk usage > 85% on node node-4,E202,Disk usage > 85% on node {node}
15419,2026-01-11,08:15:59,INFO,WebServer,Page view: /home by u4809,E103,Page view: {page} by {user}
15420,2026-01-11,08:51:51,INFO,OrderProcessor,User u4618 login successful,E101,User {user} login successful
15421,2026-01-11,08:29:05,INFO,InventoryDB,Transaction tx165259 completed in 1540ms,E104,Transaction {tx} completed in {time}ms
15422,2026-01-11,08:27:22,INFO,AuthService,Health check passed: AuthService,E102,Health check passed: {service}
15423,2026-01-11,08:46:51,INFO,InventoryDB,Transaction tx549332 completed in 431ms,E104,Transaction {tx} completed in {time}ms
15424,2026-01-11,08:17:23,INFO,OrderProcessor,User u2015 login successful,E101,User {user} login successful
15425,2026-01-11,08:09:25,INFO,WebServer,Health check passed: WebServer,E102,Health check passed: {service}
15426,2026-01-11,08:23:25,INFO,AuthService,Health check passed: AuthService,E102,Health check passed: {service}
15427,2026-01-11,08:09:18,INFO,WebServer,User u1714 login successful,E101,User {user} login successful
15428,2026-01-11,08:53:26,INFO,InventoryDB,Transaction tx617351 completed in 1145ms,E104,Transaction {tx} completed in {time}ms
15429,2026-01-11,08:36:50,INFO,AuthService,Page view: /home by u4381,E103,Page view: {page} by {user}
15430,2026-01-11,08:11:27,INFO,OrderProcessor,Page view: /home by u2617,E103,Page view: {page} by {user}
15431,2026-01-11,08:01:13,INFO,WebServer,Health check passed: WebServer,E102,Health check passed: {service}
15432,2026-01-11,08:02:54,INFO,WebServer,Page view: /home by u2984,E103,Page view: {page} by {user}
15433,2026-01-11,08:24:41,INFO,PaymentGateway,User u3944 login successful,E101,User {user} login successful
15434,2026-01-11,08:44:47,INFO,InventoryDB,Transaction tx399338 completed in 717ms,E104,Transaction {tx} completed in {time}ms
15435,2026-01-11,08:07:32,INFO,WebServer,Transaction tx704924 completed in 548ms,E104,Transaction {tx} completed in {time}ms
15436,2026-01-11,08:27:24,INFO,WebServer,Health check passed: WebServer,E102,Health check passed: {service}
15437,2026-01-11,08:40:26,INFO,InventoryDB,Health check passed: InventoryDB,E102,Health check passed: {service}
15438,2026-01-11,08:51:16,INFO,OrderProcessor,User u2252 login successful,E101,User {user} login successful
15439,2026-01-11,08:10:13,INFO,WebServer,Transaction tx679783 completed in 1994ms,E104,Transaction {tx} completed in {time}ms
15440,2026-01-11,08:19:47,INFO,WebServer,User u2906 login successful,E101,User {user} login successful
15441,2026-01-11,08:52:44,WARN,AuthService,High latency (660ms) detected on AuthService,E201,High latency ({time}ms) detected on {service}
15442,2026-01-11,08:35:40,INFO,WebServer,Page view: /home by u4536,E103,Page view: {page} by {user}
15443,2026-01-11,08:20:01,INFO,WebServer,User u2227 login successful,E101,User {user} login successful
15444,2026-01-11,08:34:08,INFO,OrderProcessor,User u3962 login successful,E101,User {user} login successful
15445,2026-01-11,08:00:41,INFO,WebServer,Health check passed: WebServer,E102,Health check passed: {service}
15446,2026-01-11,08:44:32,INFO,WebServer,Transaction tx138013 completed in 828ms,E104,Transaction {tx} completed in {time}ms
15447,2026-01-11,08:10:18,INFO,PaymentGateway,User u3733 login successful,E101,User {user} login successful
15448,2026-01-11,08:29:02,INFO,WebServer,User u3169 login successful,E101,User {user} login successful
15449,2026-01-11,08:58:35,INFO,AuthService,Page view: /home by u3432,E103,Page view: {page} by {user}
15450,2026-01-11,08:25:07,INFO,AuthService,User u2657 login successful,E101,User {user} login successful
15451,2026-01-11,08:18:42,INFO,WebServer,User u1549 login successful,E101,User {user} login successful
15452,2026-01-11,08:20:18,INFO,WebServer,Health check passed: WebServer,E102,Health check passed: {service}
15453,2026-01-11,08:27:11,INFO,AuthService,User u4839 login successful,E101,User {user} login successful
15454,2026-01-11,08:28:54,INFO,WebServer,Page view: /home by u1833,E103,Page view: {page} by {user}
15455,2026-01-11,08:21:30,INFO,WebServer,Transaction tx211989 completed in 1091ms,E104,Transaction {tx} completed in {time}ms
15456,2026-01-11,08:11:40,INFO,PaymentGateway,Health check passed: PaymentGateway,E102,Health check passed: {service}
15457,2026-01-11,08:53:07,INFO,WebServer,Transaction tx194095 completed in 703ms,E104,Transaction {tx} completed in {time}ms
15458,2026-01-11,08:41:01,INFO,PaymentGateway,User u2987 login successful,E101,User {user} login successful
15459,2026-01-11,08:28:19,INFO,OrderProcessor,Health check passed: OrderProcessor,E102,Health check passed: {service}
15460,2026-01-11,08:40:03,INFO,AuthService,User u1291 login successful,E101,User {user} login successful
15461,2026-01-11,08:09:44,INFO,PaymentGateway,Page view: /home by u4030,E103,Page view: {page} by {user}
15462,2026-01-11,08:42:04,CRITICAL,PaymentGateway,KERNEL PANIC: Node node-1 crashed,E601,KERNEL PANIC: Node {node} crashed
15463,2026-01-11,08:17:52,INFO,AuthService,Health check passed: AuthService,E102,Health check passed: {service}
15464,2026-01-11,08:03:46,INFO,WebServer,Health check passed: WebServer,E102,Health check passed: {service}
15465,2026-01-11,08:04:57,INFO,WebServer,Page view: /home by u2368,E103,Page view: {page} by {user}
15466,2026-01-11,08:40:11,INFO,AuthService,User u1106 login successful,E101,User {user} login successful
15467,2026-01-11,08:28:22,INFO,WebServer,User u1694 login successful,E101,User {user} login successful
15468,2026-01-11,08:01:02,WARN,WebServer,High latency (1224ms) detected on WebServer,E201,High latency ({time}ms) detected on {service}
15469,2026-01-11,08:45:00,INFO,WebServer,Health check passed: WebServer,E102,Health check passed: {service}
15470,2026-01-11,08:15:32,INFO,AuthService,Page view: /home by u3743,E103,Page view: {page} by {user}
15471,2026-01-11,08:14:43,INFO,WebServer,Transaction tx590446 completed in 1544ms,E104,Transaction {tx} completed in {time}ms
15472,2026-01-11,08:04:45,INFO,AuthService,User u3170 login successful,E101,User {user} login successful
15473,2026-01-11,08:48:07,INFO,WebServer,Health check passed: WebServer,E102,Health check passed: {service}
15474,2026-01-11,08:56:23,INFO,OrderProcessor,User u1155 login successful,E101,User {user} login successful
15475,2026-01-11,08:37:40,INFO,WebServer,User u3740 login successful,E101,User {user} login successful
15476,2026-01-11,08:23:20,WARN,WebServer,High latency (1856ms) detected on WebServer,E201,High latency ({time}ms) detected on {service}
15477,2026-01-11,08:57:36,INFO,WebServer,Transaction tx541478 completed in 1122ms,E104,Transaction {tx} completed in {time}ms
15478,2026-01-11,08:31:47,INFO,InventoryDB,Transaction tx799942 completed in 1065ms,E104,Transaction {tx} completed in {time}ms
15479,2026-01-11,08:48:04,INFO,WebServer,User u2924 login successful,E101,User {user} login successful
15480,2026-01-11,08:14:38,INFO,OrderProcessor,Transaction tx491155 completed in 584ms,E104,Transaction {tx} completed in {time}ms
15481,2026-01-11,08:37:00,WARN,AuthService,Unauthorized access attempt from 10.0.0.45,E401,Unauthorized access attempt from {ip}
15482,2026-01-11,08:28:34,INFO,AuthService,User u3249 login successful,E101,User {user} login successful
15483,2026-01-11,08:52:00,INFO,AuthService,Page view: /home by u1772,E103,Page view: {page} by {user}
15484,2026-01-11,08:37:24,INFO,WebServer,Health check passed: WebServer,E102,Health check passed: {service}
15485,2026-01-11,08:35:22,INFO,OrderProcessor,Health check passed: OrderProcessor,E102,Health check passed: {service}
15486,2026-01-11,08:07:45,INFO,WebServer,Transaction tx728313 completed in 1413ms,E104,Transaction {tx} completed in {time}ms
15487,2026-01-11,08:32:52,INFO,PaymentGateway,User u3004 login successful,E101,User {user} login successful
15488,2026-01-11,08:26:20,INFO,WebServer,Health check passed: WebServer,E102,Health check passed: {service}
15489,2026-01-11,08:54:19,INFO,WebServer,Transaction tx417027 completed in 1068ms,E104,Transaction {tx} completed in {time}ms
15490,2026-01-11,08:11:50,INFO,AuthService,User u3406 login successful,E101,User {user} login successful
15491,2026-01-11,08:25:04,INFO,WebServer,Page view: /home by u1302,E103,Page view: {page} by {user}
15492,2026-01-11,08:46:59,INFO,WebServer,User u3486 login successful,E101,User {user} login successful
15493,2026-01-11,08:58:43,INFO,AuthService,Page view: /home by u3167,E103,Page view: {page} by {user}
15494,2026-01-11,08:30:59,INFO,OrderProcessor,Health check passed: OrderProcessor,E102,Health check passed: {service}
15495,2026-01-11,08:30:50,INFO,WebServer,User u1021 login successful,E101,User {user} login successful
15496,2026-01-11,08:15:40,WARN,WebServer,Unauthorized access attempt from 10.0.0.45,E401,Unauthorized access attempt from {ip}
15497,2026-01-11,08:31:32,INFO,WebServer,Page view: /home by u4033,E103,Page view: {page} by {user}
15498,2026-01-11,08:12:02,INFO,WebServer,User u1599 login successful,E101,User {user} login successful
15499,2026-01-11,08:46:40,ERROR,AuthService,Payment declined: Gateway unavailable,E503,Payment declined: Gateway unavailable
15500,2026-01-11,08:15:49,INFO,AuthService,Health check passed: AuthService,E102,Health check passed: {service}
15501,2026-01-11,08:11:22,INFO,WebServer,Transaction tx560444 completed in 495ms,E104,Transaction {tx} completed in {time}ms
15502,2026-01-11,08:08:12,WARN,AuthService,High latency (645ms) detected on AuthService,E201,High latency ({time}ms) detected on {service}
15503,2026-01-11,08:06:11,INFO,AuthService,Page view: /home by u1932,E103,Page view: {page} by {user}
15504,2026-01-11,08:36:59,INFO,AuthService,Page view: /home by u1609,E103,Page view: {page} by {user}
15505,2026-01-11,08:21:51,INFO,PaymentGateway,Transaction tx901617 completed in 280ms,E104,Transaction {tx} completed in {time}ms
15506,2026-01-11,08:11:28,WARN,WebServer,Unauthorized access attempt from 10.0.0.12,E401,Unauthorized access attempt from {ip}
15507,2026-01-11,08:59:51,INFO,OrderProcessor,Health check passed: OrderProcessor,E102,Health check passed: {service}
15508,2026-01-11,08:36:45,INFO,AuthService,Transaction tx205621 completed in 866ms,E104,Transaction {tx} completed in {time}ms
15509,2026-01-11,08:00:28,INFO,WebServer,User u3406 login successful,E101,User {user} login successful
15510,2026-01-11,08:01:30,INFO,WebServer,User u1225 login successful,E101,User {user} login successful
15511,2026-01-11,08:12:25,INFO,WebServer,User u3740 login successful,E101,User {user} login successful
15512,2026-01-11,08:33:14,INFO,WebServer,User u3155 login successful,E101,User {user} login successful
15513,2026-01-11,08:24:04,INFO,WebServer,User u2270 login successful,E101,User {user} login successful
15514,2026-01-11,08:37:14,INFO,AuthService,Page view: /home by u3880,E103,Page view: {page} by {user}
15515,2026-01-11,08:15:25,INFO,OrderProcessor,User u1307 login successful,E101,User {user} login successful
15516,2026-01-11,08:25:13,WARN,WebServer,High latency (259ms) detected on WebServer,E201,High latency ({time}ms) detected on {service}
15517,2026-01-11,08:04:17,INFO,WebServer,Health check passed: WebServer,E102,Health check passed: {service}
15518,2026-01-11,08:53:20,INFO,WebServer,User u2999 login successful,E101,User {user} login successful
15519,2026-01-11,08:12:05,INFO,WebServer,User u2348 login successful,E101,User {user} login successful
15520,2026-01-11,08:18:00,INFO,PaymentGateway,Transaction tx287615 completed in 523ms,E104,Transaction {tx} completed in {time}ms
15521,2026-01-11,08:14:46,INFO,AuthService,Health check passed: AuthService,E102,Health check passed: {service}
15522,2026-01-11,08:48:55,INFO,WebServer,Transaction tx948411 completed in 285ms,E104,Transaction {tx} completed in {time}ms
15523,2026-01-11,08:52:20,INFO,WebServer,Transaction tx761374 completed in 134ms,E104,Transaction {tx} completed in {time}ms
15524,2026-01-11,08:44:11,INFO,OrderProcessor,User u2482 login successful,E101,User {user} login successful
15525,2026-01-11,08:01:11,INFO,WebServer,Transaction tx566554 completed in 540ms,E104,Transaction {tx} completed in {time}ms
15526,2026-01-11,08:39:47,INFO,AuthService,Page view: /home by u2656,E103,Page view: {page} by {user}
15527,2026-01-11,08:56:44,WARN,WebServer,High latency (527ms) detected on WebServer,E201,High latency ({time}ms) detected on {service}
15528,2026-01-11,08:54:21,INFO,OrderProcessor,User u4846 login successful,E101,User {user} login successful
15529,2026-01-11,08:12:12,INFO,OrderProcessor,Health check passed: OrderProcessor,E102,Health check passed: {service}
15530,2026-01-11,08:40:42,INFO,OrderProcessor,Health check passed: OrderProcessor,E102,Health check passed: {service}
15531,2026-01-11,08:22:21,INFO,PaymentGateway,Health check passed: PaymentGateway,E102,Health check passed: {service}
15532,2026-01-11,08:34:02,INFO,WebServer,User u4616 login successful,E101,User {user} login successful
15533,2026-01-11,08:20:49,INFO,OrderProcessor,Health check passed: OrderProcessor,E102,Health check passed: {service}
15534,2026-01-11,08:23:08,INFO,OrderProcessor,User u3127 login successful,E101,User {user} login successful
15535,2026-01-11,08:31:13,INFO,InventoryDB,Page view: /home by u3287,E103,Page view: {page} by {user}
15536,2026-01-11,08:53:15,INFO,WebServer,Health check passed: WebServer,E102,Health check passed: {service}
15537,2026-01-11,08:10:37,INFO,OrderProcessor,Health check passed: OrderProcessor,E102,Health check passed: {service}
15538,2026-01-11,08:23:07,INFO,PaymentGateway,Transaction tx711047 completed in 1940ms,E104,Transaction {tx} completed in {time}ms
15539,2026-01-11,08:39:16,INFO,PaymentGateway,Health check passed: PaymentGateway,E102,Health check passed: {service}
15540,2026-01-11,08:04:23,INFO,AuthService,Health check passed: AuthService,E102,Health check passed: {service}
15541,2026-01-11,08:47:58,INFO,OrderProcessor,User u4985 login successful,E101,User {user} login successful
15542,2026-01-11,08:54:45,INFO,PaymentGateway,Page view: /home by u2147,E103,Page view: {page} by {user}
15543,2026-01-11,08:18:12,INFO,WebServer,User u2865 login successful,E101,User {user} login successful
15544,2026-01-11,08:12:03,INFO,WebServer,Page view: /home by u2259,E103,Page view: {page} by {user}
15545,2026-01-11,08:55:42,INFO,WebServer,Health check passed: WebServer,E102,Health check passed: {service}
15546,2026-01-11,08:45:47,INFO,WebServer,Health check passed: WebServer,E102,Health check passed: {service}
15547,2026-01-11,08:13:10,INFO,WebServer,User u3344 login successful,E101,User {user} login successful
15548,2026-01-11,08:13:16,INFO,OrderProcessor,Page view: /home by u1325,E103,Page view: {page} by {user}
15549,2026-01-11,08:17:20,INFO,OrderProcessor,User u4370 login successful,E101,User {user} login successful
15550,2026-01-11,08:14:25,INFO,OrderProcessor,Health check passed: OrderProcessor,E102,Health check passed: {service}
15551,2026-01-11,08:49:08,INFO,WebServer,User u2519 login successful,E101,User {user} login successful
15552,2026-01-11,08:51:50,INFO,WebServer,Transaction tx669654 completed in 605ms,E104,Transaction {tx} completed in {time}ms
15553,2026-01-11,08:23:36,INFO,WebServer,Transaction tx881503 completed in 780ms,E104,Transaction {tx} completed in {time}ms
15554,2026-01-11,08:17:52,INFO,WebServer,User u3128 login successful,E101,User {user} login successful
15555,2026-01-11,08:31:54,INFO,PaymentGateway,User u4093 login successful,E101,User {user} login successful
15556,2026-01-11,08:18:22,INFO,AuthService,User u2358 login successful,E101,User {user} login successful
15557,2026-01-11,08:19:45,INFO,OrderProcessor,Transaction tx337248 completed in 1241ms,E104,Transaction {tx} completed in {time}ms
15558,2026-01-11,08:25:24,INFO,OrderProcessor,Page view: /home by u1470,E103,Page view: {page} by {user}
15559,2026-01-11,08:20:02,INFO,WebServer,Transaction tx219130 completed in 314ms,E104,Transaction {tx} completed in {time}ms
15560,2026-01-11,08:19:17,INFO,WebServer,User u4441 login successful,E101,User {user} login successful
15561,2026-01-11,08:12:55,INFO,WebServer,Transaction tx320205 completed in 67ms,E104,Transaction {tx} completed in {time}ms
15562,2026-01-11,08:15:37,INFO,PaymentGateway,Health check passed: PaymentGateway,E102,Health check passed: {service}
15563,2026-01-11,08:09:44,INFO,OrderProcessor,Transaction tx709794 completed in 1638ms,E104,Transaction {tx} completed in {time}ms
15564,2026-01-11,08:09:08,INFO,WebServer,User u2262 login successful,E101,User {user} login successful
15565,2026-01-11,08:57:49,INFO,WebServer,Health check passed: WebServer,E102,Health check passed: {service}
15566,2026-01-11,08:17:05,INFO,OrderProcessor,Page view: /home by u4351,E103,Page view: {page} by {user}
15567,2026-01-11,08:42:05,INFO,WebServer,User u4433 login successful,E101,User {user} login successful
15568,2026-01-11,08:21:10,INFO,WebServer,Health check passed: WebServer,E102,Health check passed: {service}
15569,2026-01-11,08:52:27,INFO,WebServer,Transaction tx505510 completed in 39ms,E104,Transaction {tx} completed in {time}ms
15570,2026-01-11,08:04:45,INFO,OrderProcessor,User u4235 login successful,E101,User {user} login successful
15571,2026-01-11,08:42:33,INFO,OrderProcessor,User u2953 login successful,E101,User {user} login successful
15572,2026-01-11,08:24:40,INFO,AuthService,User u4665 login successful,E101,User {user} login successful
15573,2026-01-11,08:39:21,INFO,WebServer,Transaction tx284761 completed in 838ms,E104,Transaction {tx} completed in {time}ms
15574,2026-01-11,08:22:51,INFO,AuthService,User u3486 login successful,E101,User {user} login successful
15575,2026-01-11,08:59:20,INFO,WebServer,Health check passed: WebServer,E102,Health check passed: {service}
15576,2026-01-11,08:04:40,INFO,PaymentGateway,User u1424 login successful,E101,User {user} login successful
15577,2026-01-11,08:43:36,INFO,WebServer,Transaction tx148511 completed in 1937ms,E104,Transaction {tx} completed in {time}ms
15578,2026-01-11,08:25:39,INFO,WebServer,Health check passed: WebServer,E102,Health check passed: {service}
15579,2026-01-11,08:47:26,INFO,AuthService,User u1325 login successful,E101,User {user} login successful
15580,2026-01-11,08:34:36,INFO,WebServer,Transaction tx268777 completed in 1238ms,E104,Transaction {tx} completed in {time}ms
15581,2026-01-11,08:14:10,WARN,WebServer,Disk usage > 85% on node node-5,E202,Disk usage > 85% on node {node}
15582,2026-01-11,08:21:04,INFO,WebServer,User u3852 login successful,E101,User {user} login successful
15583,2026-01-11,08:44:21,INFO,WebServer,User u1674 login successful,E101,User {user} login successful
15584,2026-01-11,08:45:05,INFO,OrderProcessor,Transaction tx295920 completed in 192ms,E104,Transaction {tx} completed in {time}ms
15585,2026-01-11,08:45:36,INFO,OrderProcessor,Page view: /home by u2124,E103,Page view: {page} by {user}
15586,2026-01-11,08:03:08,INFO,AuthService,Transaction tx535754 completed in 1460ms,E104,Transaction {tx} completed in {time}ms
15587,2026-01-11,08:21:44,INFO,AuthService,User u2341 login successful,E101,User {user} login successful
15588,2026-01-11,08:08:15,WARN,PaymentGateway,High latency (1552ms) detected on PaymentGateway,E201,High latency ({time}ms) detected on {service}
15589,2026-01-11,08:10:52,INFO,WebServer,Page view: /home by u4328,E103,Page view: {page} by {user}
15590,2026-01-11,08:26:07,INFO,AuthService,Transaction tx551974 completed in 192ms,E104,Transaction {tx} completed in {time}ms
15591,2026-01-11,08:00:38,INFO,AuthService,User u3297 login successful,E101,User {user} login successful
15592,2026-01-11,08:21:11,INFO,PaymentGateway,User u4249 login successful,E101,User {user} login successful
15593,2026-01-11,08:21:37,INFO,WebServer,Page view: /home by u4349,E103,Page view: {page} by {user}
15594,2026-01-11,08:20:19,INFO,WebServer,Page view: /home by u1918,E103,Page view: {page} by {user}
15595,2026-01-11,08:13:56,INFO,WebServer,Page view: /home by u4514,E103,Page view: {page} by {user}
15596,2026-01-11,08:00:40,WARN,WebServer,Unauthorized access attempt from 192.168.1.5,E401,Unauthorized access attempt from {ip}
15597,2026-01-11,08:47:53,INFO,WebServer,User u1881 login successful,E101,User {user} login successful
15598,2026-01-11,08:39:25,INFO,OrderProcessor,Health check passed: OrderProcessor,E102,Health check passed: {service}
15599,2026-01-11,08:23:06,INFO,WebServer,Health check passed: WebServer,E102,Health check passed: {service}
15600,2026-01-11,08:08:15,INFO,AuthService,User u2522 login successful,E101,User {user} login successful
15601,2026-01-11,08:21:15,INFO,WebServer,User u3940 login successful,E101,User {user} login successful
15602,2026-01-11,08:18:41,INFO,WebServer,Health check passed: WebServer,E102,Health check passed: {service}
15603,2026-01-11,08:51:45,INFO,WebServer,User u2585 login successful,E101,User {user} login successful
15604,2026-01-11,08:29:04,INFO,AuthService,Health check passed: AuthService,E102,Health check passed: {service}
15605,2026-01-11,08:40:23,INFO,WebServer,User u3398 login successful,E101,User {user} login successful
15606,2026-01-11,08:03:34,INFO,WebServer,Transaction tx805924 completed in 646ms,E104,Transaction {tx} completed in {time}ms
15607,2026-01-11,08:33:04,INFO,AuthService,Transaction tx798709 completed in 832ms,E104,Transaction {tx} completed in {time}ms
15608,2026-01-11,08:50:57,INFO,WebServer,Transaction tx637357 completed in 196ms,E104,Transaction {tx} completed in {time}ms
15609,2026-01-11,08:21:05,INFO,WebServer,Page view: /home by u4613,E103,Page view: {page} by {user}
15610,2026-01-11,08:12:15,INFO,AuthService,Transaction tx854949 completed in 947ms,E104,Transaction {tx} completed in {time}ms
15611,2026-01-11,08:10:09,WARN,WebServer,Disk usage > 85% on node node-5,E202,Disk usage > 85% on node {node}
15612,2026-01-11,08:07:28,INFO,OrderProcessor,User u4225 login successful,E101,User {user} login successful
15613,2026-01-11,08:11:53,INFO,AuthService,Transaction tx715458 completed in 468ms,E104,Transaction {tx} completed in {time}ms
15614,2026-01-11,08:41:53,INFO,AuthService,Transaction tx513426 completed in 1686ms,E104,Transaction {tx} completed in {time}ms
15615,2026-01-11,08:14:34,INFO,WebServer,Transaction tx448374 completed in 870ms,E104,Transaction {tx} completed in {time}ms
15616,2026-01-11,08:27:44,INFO,WebServer,Health check passed: WebServer,E102,Health check passed: {service}
15617,2026-01-11,08:36:54,INFO,PaymentGateway,Health check passed: PaymentGateway,E102,Health check passed: {service}
15618,2026-01-11,08:04:43,INFO,WebServer,User u4812 login successful,E101,User {user} login successful
15619,2026-01-11,08:54:35,INFO,PaymentGateway,Page view: /home by u2814,E103,Page view: {page} by {user}
15620,2026-01-11,08:04:23,INFO,WebServer,Health check passed: WebServer,E102,Health check passed: {service}
15621,2026-01-11,08:30:07,INFO,WebServer,Page view: /home by u2240,E103,Page view: {page} by {user}
15622,2026-01-11,08:41:05,INFO,PaymentGateway,Health check passed: PaymentGateway,E102,Health check passed: {service}
15623,2026-01-11,08:50:28,INFO,WebServer,User u2742 login successful,E101,User {user} login successful
15624,2026-01-11,08:12:25,INFO,WebServer,Page view: /home by u3466,E103,Page view: {page} by {user}
15625,2026-01-11,08:34:34,INFO,WebServer,Health check passed: WebServer,E102,Health check passed: {service}
15626,2026-01-11,08:21:37,INFO,AuthService,Health check passed: AuthService,E102,Health check passed: {service}
15627,2026-01-11,08:51:07,INFO,WebServer,User u4558 login successful,E101,User {user} login successful
15628,2026-01-11,08:20:02,WARN,PaymentGateway,High latency (1365ms) detected on PaymentGateway,E201,High latency ({time}ms) detected on {service}
15629,2026-01-11,08:37:15,INFO,WebServer,User u3617 login successful,E101,User {user} login successful
15630,2026-01-11,08:24:35,INFO,WebServer,Page view: /home by u1312,E103,Page view: {page} by {user}
15631,2026-01-11,08:03:12,INFO,WebServer,Transaction tx549239 completed in 713ms,E104,Transaction {tx} completed in {time}ms
15632,2026-01-11,08:55:22,INFO,WebServer,Health check passed: WebServer,E102,Health check passed: {service}
15633,2026-01-11,08:04:16,INFO,PaymentGateway,Page view: /home by u1562,E103,Page view: {page} by {user}
15634,2026-01-11,08:15:46,INFO,WebServer,Page view: /home by u2828,E103,Page view: {page} by {user}
15635,2026-01-11,08:45:30,ERROR,WebServer,Connection refused to WebServer at 10.0.0.45,E501,Connection refused to {service} at {ip}
15636,2026-01-11,08:54:07,INFO,WebServer,Page view: /home by u4118,E103,Page view: {page} by {user}
15637,2026-01-11,08:21:39,INFO,WebServer,Page view: /home by u3906,E103,Page view: {page} by {user}
15638,2026-01-11,08:20:08,INFO,AuthService,Page view: /home by u3144,E103,Page view: {page} by {user}
15639,2026-01-11,08:20:26,INFO,WebServer,User u1491 login successful,E101,User {user} login successful
15640,2026-01-11,08:31:32,INFO,InventoryDB,Page view: /home by u4109,E103,Page view: {page} by {user}
15641,2026-01-11,08:06:39,INFO,WebServer,Health check passed: WebServer,E102,Health check passed: {service}
15642,2026-01-11,08:06:10,INFO,WebServer,Page view: /home by u3161,E103,Page view: {page} by {user}
15643,2026-01-11,08:49:14,WARN,WebServer,Disk usage > 85% on node node-1,E202,Disk usage > 85% on node {node}
15644,2026-01-11,08:32:06,INFO,WebServer,Page view: /home by u3697,E103,Page view: {page} by {user}
15645,2026-01-11,08:03:59,INFO,WebServer,Health check passed: WebServer,E102,Health check passed: {service}
15646,2026-01-11,08:23:42,INFO,WebServer,Transaction tx419135 completed in 1695ms,E104,Transaction {tx} completed in {time}ms
15647,2026-01-11,08:34:27,INFO,WebServer,User u3947 login successful,E101,User {user} login successful
15648,2026-01-11,08:32:04,INFO,PaymentGateway,Transaction tx492183 completed in 806ms,E104,Transaction {tx} completed in {time}ms
15649,2026-01-11,08:49:24,INFO,OrderProcessor,Health check passed: OrderProcessor,E102,Health check passed: {service}
15650,2026-01-11,08:30:02,INFO,WebServer,Health check passed: WebServer,E102,Health check passed: {service}
15651,2026-01-11,08:09:18,INFO,WebServer,Transaction tx360828 completed in 1273ms,E104,Transaction {tx} completed in {time}ms
15652,2026-01-11,08:05:44,INFO,OrderProcessor,User u1532 login successful,E101,User {user} login successful
15653,2026-01-11,08:55:05,INFO,AuthService,User u2483 login successful,E101,User {user} login successful
15654,2026-01-11,08:07:28,INFO,OrderProcessor,Health check passed: OrderProcessor,E102,Health check passed: {service}
15655,2026-01-11,08:51:23,INFO,WebServer,Page view: /home by u3856,E103,Page view: {page} by {user}
15656,2026-01-11,08:02:41,WARN,PaymentGateway,Unauthorized access attempt from 10.0.0.10,E401,Unauthorized access attempt from {ip}
15657,2026-01-11,08:48:18,INFO,WebServer,User u3159 login successful,E101,User {user} login successful
15658,2026-01-11,08:46:29,INFO,OrderProcessor,Transaction tx526021 completed in 609ms,E104,Transaction {tx} completed in {time}ms
15659,2026-01-11,08:41:01,INFO,WebServer,User u3094 login successful,E101,User {user} login successful
15660,2026-01-11,08:56:18,INFO,AuthService,Health check passed: AuthService,E102,Health check passed: {service}
15661,2026-01-11,08:51:03,INFO,InventoryDB,User u1518 login successful,E101,User {user} login successful
15662,2026-01-11,08:02:24,WARN,WebServer,High latency (964ms) detected on WebServer,E201,High latency ({time}ms) detected on {service}
15663,2026-01-11,08:29:17,INFO,AuthService,Page view: /home by u3289,E103,Page view: {page} by {user}
15664,2026-01-11,08:44:24,INFO,OrderProcessor,Page view: /home by u4669,E103,Page view: {page} by {user}
15665,2026-01-11,08:07:28,INFO,WebServer,Health check passed: WebServer,E102,Health check passed: {service}
15666,2026-01-11,08:59:31,INFO,AuthService,Page view: /home by u1028,E103,Page view: {page} by {user}
15667,2026-01-11,08:11:02,INFO,WebServer,Transaction tx121008 completed in 1623ms,E104,Transaction {tx} completed in {time}ms
15668,2026-01-11,08:18:04,INFO,WebServer,Transaction tx248688 completed in 1977ms,E104,Transaction {tx} completed in {time}ms
15669,2026-01-11,08:48:51,INFO,WebServer,User u2156 login successful,E101,User {user} login successful
15670,2026-01-11,08:08:18,INFO,WebServer,User u1875 login successful,E101,User {user} login successful
15671,2026-01-11,08:37:18,INFO,AuthService,Transaction tx782486 completed in 975ms,E104,Transaction {tx} completed in {time}ms
15672,2026-01-11,08:53:54,INFO,PaymentGateway,Transaction tx124267 completed in 85ms,E104,Transaction {tx} completed in {time}ms
15673,2026-01-11,08:02:43,WARN,WebServer,Disk usage > 85% on node node-1,E202,Disk usage > 85% on node {node}
15674,2026-01-11,08:29:36,INFO,WebServer,Health check passed: WebServer,E102,Health check passed: {service}
15675,2026-01-11,08:24:44,INFO,OrderProcessor,User u2749 login successful,E101,User {user} login successful
15676,2026-01-11,08:30:49,INFO,PaymentGateway,Page view: /home by u1802,E103,Page view: {page} by {user}
15677,2026-01-11,08:50:19,INFO,WebServer,Page view: /home by u2449,E103,Page view: {page} by {user}
15678,2026-01-11,08:40:54,INFO,WebServer,Health check passed: WebServer,E102,Health check passed: {service}
15679,2026-01-11,08:54:54,ERROR,WebServer,Timeout waiting for lock on InventoryDB,E502,Timeout waiting for lock on {db}
15680,2026-01-11,08:57:47,INFO,PaymentGateway,Health check passed: PaymentGateway,E102,Health check passed: {service}
15681,2026-01-11,08:55:26,INFO,WebServer,Page view: /home by u1028,E103,Page view: {page} by {user}
15682,2026-01-11,08:20:01,INFO,WebServer,User u4417 login successful,E101,User {user} login successful
15683,2026-01-11,08:25:12,ERROR,AuthService,Timeout waiting for lock on InventoryDB,E502,Timeout waiting for lock on {db}
15684,2026-01-11,08:37:36,INFO,WebServer,Transaction tx544352 completed in 1095ms,E104,Transaction {tx} completed in {time}ms
15685,2026-01-11,08:51:42,WARN,AuthService,High latency (881ms) detected on AuthService,E201,High latency ({time}ms) detected on {service}
15686,2026-01-11,08:02:16,WARN,AuthService,Unauthorized access attempt from 10.0.0.12,E401,Unauthorized access attempt from {ip}
15687,2026-01-11,08:23:40,INFO,WebServer,User u4688 login successful,E101,User {user} login successful
15688,2026-01-11,08:38:52,INFO,AuthService,Transaction tx419205 completed in 482ms,E104,Transaction {tx} completed in {time}ms
15689,2026-01-11,08:55:20,CRITICAL,AuthService,DATA CORRUPTION detected in sector 435,E602,DATA CORRUPTION detected in sector {sector}
15690,2026-01-11,08:47:43,INFO,AuthService,Transaction tx181656 completed in 1341ms,E104,Transaction {tx} completed in {time}ms
15691,2026-01-11,08:53:01,INFO,WebServer,Health check passed: WebServer,E102,Health check passed: {service}
15692,2026-01-11,08:20:41,INFO,WebServer,Transaction tx878834 completed in 409ms,E104,Transaction {tx} completed in {time}ms
15693,2026-01-11,08:48:32,INFO,AuthService,User u4620 login successful,E101,User {user} login successful
15694,2026-01-11,08:39:31,INFO,InventoryDB,Health check passed: InventoryDB,E102,Health check passed: {service}
15695,2026-01-11,08:07:57,INFO,WebServer,Health check passed: WebServer,E102,Health check passed: {service}
15696,2026-01-11,08:12:35,INFO,InventoryDB,Page view: /home by u4029,E103,Page view: {page} by {user}
15697,2026-01-11,08:24:24,WARN,WebServer,Unauthorized access attempt from 10.0.0.12,E401,Unauthorized access attempt from {ip}
15698,2026-01-11,08:29:37,INFO,WebServer,Transaction tx842378 completed in 344ms,E104,Transaction {tx} completed in {time}ms
15699,2026-01-11,08:00:01,INFO,OrderProcessor,Health check passed: OrderProcessor,E102,Health check passed: {service}
15700,2026-01-11,08:30:35,INFO,WebServer,Page view: /home by u4615,E103,Page view: {page} by {user}
15701,2026-01-11,08:50:31,INFO,WebServer,Health check passed: WebServer,E102,Health check passed: {service}
15702,2026-01-11,08:11:00,INFO,WebServer,Page view: /home by u3034,E103,Page view: {page} by {user}
15703,2026-01-11,09:15:47,INFO,WebServer,Page view: /home by u4590,E103,Page view: {page} by {user}
15704,2026-01-11,09:39:54,INFO,WebServer,Page view: /home by u3153,E103,Page view: {page} by {user}
15705,2026-01-11,09:16:00,INFO,WebServer,Page view: /home by u2953,E103,Page view: {page} by {user}
15706,2026-01-11,09:17:21,INFO,WebServer,Page view: /home by u1941,E103,Page view: {page} by {user}
15707,2026-01-11,09:29:11,INFO,PaymentGateway,Health check passed: PaymentGateway,E102,Health check passed: {service}
15708,2026-01-11,09:58:31,INFO,WebServer,User u1991 login successful,E101,User {user} login successful
15709,2026-01-11,09:42:20,INFO,WebServer,User u2471 login successful,E101,User {user} login successful
15710,2026-01-11,09:00:09,INFO,AuthService,Health check passed: AuthService,E102,Health check passed: {service}
15711,2026-01-11,09:53:04,INFO,OrderProcessor,Health check passed: OrderProcessor,E102,Health check passed: {service}
15712,2026-01-11,09:52:46,WARN,OrderProcessor,High latency (803ms) detected on OrderProcessor,E201,High latency ({time}ms) detected on {service}
15713,2026-01-11,09:20:17,WARN,WebServer,Disk usage > 85% on node node-1,E202,Disk usage > 85% on node {node}
15714,2026-01-11,09:05:59,INFO,AuthService,Health check passed: AuthService,E102,Health check passed: {service}
15715,2026-01-11,09:22:46,INFO,WebServer,User u2129 login successful,E101,User {user} login successful
15716,2026-01-11,09:02:29,INFO,InventoryDB,User u1276 login successful,E101,User {user} login successful
15717,2026-01-11,09:34:55,INFO,WebServer,Transaction tx955941 completed in 431ms,E104,Transaction {tx} completed in {time}ms
15718,2026-01-11,09:47:11,INFO,InventoryDB,Page view: /home by u3009,E103,Page view: {page} by {user}
15719,2026-01-11,09:46:29,INFO,PaymentGateway,Page view: /home by u1676,E103,Page view: {page} by {user}
15720,2026-01-11,09:41:03,INFO,AuthService,Health check passed: AuthService,E102,Health check passed: {service}
15721,2026-01-11,09:21:44,INFO,WebServer,Health check passed: WebServer,E102,Health check passed: {service}
15722,2026-01-11,09:54:32,INFO,WebServer,User u4142 login successful,E101,User {user} login successful
15723,2026-01-11,09:23:02,INFO,WebServer,Page view: /home by u1225,E103,Page view: {page} by {user}
15724,2026-01-11,09:48:11,WARN,WebServer,Unauthorized access attempt from 10.0.0.12,E401,Unauthorized access attempt from {ip}
15725,2026-01-11,09:04:58,INFO,WebServer,Transaction tx769393 completed in 1749ms,E104,Transaction {tx} completed in {time}ms
15726,2026-01-11,09:56:01,INFO,OrderProcessor,Transaction tx766418 completed in 1850ms,E104,Transaction {tx} completed in {time}ms
15727,2026-01-11,09:18:38,INFO,WebServer,Page view: /home by u1247,E103,Page view: {page} by {user}
15728,2026-01-11,09:53:45,INFO,WebServer,User u2503 login successful,E101,User {user} login successful
15729,2026-01-11,09:39:34,INFO,AuthService,User u4430 login successful,E101,User {user} login successful
15730,2026-01-11,09:53:38,INFO,WebServer,User u3922 login successful,E101,User {user} login successful
15731,2026-01-11,09:46:08,INFO,WebServer,User u4115 login successful,E101,User {user} login successful
15732,2026-01-11,09:33:17,INFO,OrderProcessor,Page view: /home by u4438,E103,Page view: {page} by {user}
15733,2026-01-11,09:10:19,INFO,WebServer,User u4408 login successful,E101,User {user} login successful
15734,2026-01-11,09:26:09,INFO,WebServer,Page view: /home by u4633,E103,Page view: {page} by {user}
15735,2026-01-11,09:13:05,INFO,AuthService,Page view: /home by u2092,E103,Page view: {page} by {user}
15736,2026-01-11,09:09:07,INFO,InventoryDB,Page view: /home by u3679,E103,Page view: {page} by {user}
15737,2026-01-11,09:58:42,INFO,OrderProcessor,Transaction tx897112 completed in 562ms,E104,Transaction {tx} completed in {time}ms
15738,2026-01-11,09:14:11,INFO,WebServer,Transaction tx333366 completed in 686ms,E104,Transaction {tx} completed in {time}ms
15739,2026-01-11,09:47:14,INFO,WebServer,Transaction tx459840 completed in 1256ms,E104,Transaction {tx} completed in {time}ms
15740,2026-01-11,09:12:27,INFO,OrderProcessor,Page view: /home by u2043,E103,Page view: {page} by {user}
15741,2026-01-11,09:24:46,INFO,PaymentGateway,User u2721 login successful,E101,User {user} login successful
15742,2026-01-11,09:12:59,INFO,AuthService,User u2912 login successful,E101,User {user} login successful
15743,2026-01-11,09:20:45,INFO,WebServer,Page view: /home by u1054,E103,Page view: {page} by {user}
15744,2026-01-11,09:36:49,INFO,WebServer,Health check passed: WebServer,E102,Health check passed: {service}
15745,2026-01-11,09:28:49,INFO,WebServer,Page view: /home by u1986,E103,Page view: {page} by {user}
15746,2026-01-11,09:52:43,INFO,OrderProcessor,Health check passed: OrderProcessor,E102,Health check passed: {service}
15747,2026-01-11,09:08:25,INFO,PaymentGateway,Transaction tx288745 completed in 1925ms,E104,Transaction {tx} completed in {time}ms
15748,2026-01-11,09:08:26,INFO,AuthService,Transaction tx275421 completed in 1433ms,E104,Transaction {tx} completed in {time}ms
15749,2026-01-11,09:59:37,INFO,WebServer,Page view: /home by u3221,E103,Page view: {page} by {user}
15750,2026-01-11,09:36:59,INFO,InventoryDB,User u4406 login successful,E101,User {user} login successful
15751,2026-01-11,09:42:29,INFO,WebServer,Transaction tx806943 completed in 1111ms,E104,Transaction {tx} completed in {time}ms
15752,2026-01-11,09:12:29,INFO,WebServer,Health check passed: WebServer,E102,Health check passed: {service}
15753,2026-01-11,09:53:06,INFO,WebServer,Transaction tx759150 completed in 871ms,E104,Transaction {tx} completed in {time}ms
15754,2026-01-11,09:40:32,INFO,InventoryDB,Health check passed: InventoryDB,E102,Health check passed: {service}
15755,2026-01-11,09:40:48,INFO,WebServer,Page view: /home by u1588,E103,Page view: {page} by {user}
15756,2026-01-11,09:00:50,INFO,OrderProcessor,Health check passed: OrderProcessor,E102,Health check passed: {service}
15757,2026-01-11,09:47:02,INFO,AuthService,Health check passed: AuthService,E102,Health check passed: {service}
15758,2026-01-11,09:47:56,INFO,WebServer,Health check passed: WebServer,E102,Health check passed: {service}
15759,2026-01-11,09:05:28,INFO,WebServer,Health check passed: WebServer,E102,Health check passed: {service}
15760,2026-01-11,09:12:34,INFO,AuthService,Health check passed: AuthService,E102,Health check passed: {service}
15761,2026-01-11,09:23:41,INFO,WebServer,Transaction tx533432 completed in 954ms,E104,Transaction {tx} completed in {time}ms
15762,2026-01-11,09:16:20,INFO,WebServer,Page view: /home by u4742,E103,Page view: {page} by {user}
15763,2026-01-11,09:48:47,INFO,AuthService,User u4724 login successful,E101,User {user} login successful
15764,2026-01-11,09:09:52,INFO,WebServer,Page view: /home by u4313,E103,Page view: {page} by {user}
15765,2026-01-11,09:10:03,INFO,PaymentGateway,Page view: /home by u1808,E103,Page view: {page} by {user}
15766,2026-01-11,09:12:07,INFO,WebServer,Transaction tx610433 completed in 582ms,E104,Transaction {tx} completed in {time}ms
15767,2026-01-11,09:05:49,INFO,WebServer,User u1849 login successful,E101,User {user} login successful
15768,2026-01-11,09:59:55,INFO,InventoryDB,User u2815 login successful,E101,User {user} login successful
15769,2026-01-11,09:45:04,INFO,WebServer,Page view: /home by u4432,E103,Page view: {page} by {user}
15770,2026-01-11,09:08:25,INFO,AuthService,Page view: /home by u4924,E103,Page view: {page} by {user}
15771,2026-01-11,09:15:08,WARN,WebServer,High latency (116ms) detected on WebServer,E201,High latency ({time}ms) detected on {service}
15772,2026-01-11,09:29:12,INFO,WebServer,Health check passed: WebServer,E102,Health check passed: {service}
15773,2026-01-11,09:12:06,INFO,OrderProcessor,Page view: /home by u3398,E103,Page view: {page} by {user}
15774,2026-01-11,09:01:30,INFO,WebServer,Transaction tx844210 completed in 48ms,E104,Transaction {tx} completed in {time}ms
15775,2026-01-11,09:08:41,WARN,AuthService,Disk usage > 85% on node node-2,E202,Disk usage > 85% on node {node}
15776,2026-01-11,09:01:01,INFO,WebServer,Transaction tx735928 completed in 466ms,E104,Transaction {tx} completed in {time}ms
15777,2026-01-11,09:24:31,CRITICAL,WebServer,DATA CORRUPTION detected in sector 413,E602,DATA CORRUPTION detected in sector {sector}
15778,2026-01-11,09:31:45,INFO,WebServer,User u1379 login successful,E101,User {user} login successful
15779,2026-01-11,09:18:46,INFO,OrderProcessor,Page view: /home by u1519,E103,Page view: {page} by {user}
15780,2026-01-11,09:56:05,INFO,OrderProcessor,Health check passed: OrderProcessor,E102,Health check passed: {service}
15781,2026-01-11,09:50:11,INFO,OrderProcessor,User u4338 login successful,E101,User {user} login successful
15782,2026-01-11,09:07:33,INFO,WebServer,User u4746 login successful,E101,User {user} login successful
15783,2026-01-11,09:55:28,INFO,WebServer,Health check passed: WebServer,E102,Health check passed: {service}
15784,2026-01-11,09:16:32,INFO,OrderProcessor,Transaction tx395921 completed in 196ms,E104,Transaction {tx} completed in {time}ms
15785,2026-01-11,09:18:07,INFO,WebServer,User u2797 login successful,E101,User {user} login successful
15786,2026-01-11,09:13:39,INFO,WebServer,Page view: /home by u2782,E103,Page view: {page} by {user}
15787,2026-01-11,09:46:04,INFO,OrderProcessor,User u4565 login successful,E101,User {user} login successful
15788,2026-01-11,09:27:21,INFO,AuthService,User u1836 login successful,E101,User {user} login successful
15789,2026-01-11,09:17:18,INFO,WebServer,Health check passed: WebServer,E102,Health check passed: {service}
15790,2026-01-11,09:44:49,WARN,OrderProcessor,Unauthorized access attempt from 10.0.0.12,E401,Unauthorized access attempt from {ip}
15791,2026-01-11,09:04:26,INFO,PaymentGateway,Page view: /home by u1398,E103,Page view: {page} by {user}
15792,2026-01-11,09:46:17,INFO,PaymentGateway,Health check passed: PaymentGateway,E102,Health check passed: {service}
15793,2026-01-11,09:08:17,INFO,WebServer,Transaction tx187904 completed in 238ms,E104,Transaction {tx} completed in {time}ms
15794,2026-01-11,09:52:37,INFO,WebServer,User u4314 login successful,E101,User {user} login successful
15795,2026-01-11,09:16:12,INFO,PaymentGateway,Transaction tx648671 completed in 1007ms,E104,Transaction {tx} completed in {time}ms
15796,2026-01-11,09:05:30,INFO,WebServer,User u1020 login successful,E101,User {user} login successful
15797,2026-01-11,09:29:27,INFO,AuthService,Transaction tx173682 completed in 1908ms,E104,Transaction {tx} completed in {time}ms
15798,2026-01-11,09:27:21,INFO,WebServer,Page view: /home by u2486,E103,Page view: {page} by {user}
15799,2026-01-11,09:47:43,INFO,WebServer,Transaction tx247253 completed in 982ms,E104,Transaction {tx} completed in {time}ms
15800,2026-01-11,09:14:38,INFO,AuthService,Health check passed: AuthService,E102,Health check passed: {service}
15801,2026-01-11,09:18:01,INFO,PaymentGateway,User u3714 login successful,E101,User {user} login successful
15802,2026-01-11,09:50:33,INFO,WebServer,Transaction tx565972 completed in 1754ms,E104,Transaction {tx} completed in {time}ms
15803,2026-01-11,09:25:06,INFO,AuthService,Health check passed: AuthService,E102,Health check passed: {service}
15804,2026-01-11,09:54:09,INFO,AuthService,Page view: /home by u1002,E103,Page view: {page} by {user}
15805,2026-01-11,09:23:03,INFO,OrderProcessor,Page view: /home by u4313,E103,Page view: {page} by {user}
15806,2026-01-11,09:21:44,INFO,WebServer,Page view: /home by u2029,E103,Page view: {page} by {user}
15807,2026-01-11,09:11:23,INFO,PaymentGateway,Page view: /home by u3687,E103,Page view: {page} by {user}
15808,2026-01-11,09:39:18,INFO,AuthService,Transaction tx180860 completed in 1664ms,E104,Transaction {tx} completed in {time}ms
15809,2026-01-11,09:12:49,INFO,AuthService,Transaction tx808325 completed in 1280ms,E104,Transaction {tx} completed in {time}ms
15810,2026-01-11,09:36:30,INFO,WebServer,User u3000 login successful,E101,User {user} login successful
15811,2026-01-11,09:41:43,INFO,AuthService,Page view: /home by u4794,E103,Page view: {page} by {user}
15812,2026-01-11,09:22:06,INFO,AuthService,Transaction tx867352 completed in 701ms,E104,Transaction {tx} completed in {time}ms
15813,2026-01-11,09:07:28,INFO,WebServer,Health check passed: WebServer,E102,Health check passed: {service}
15814,2026-01-11,09:02:38,INFO,PaymentGateway,Transaction tx699796 completed in 1700ms,E104,Transaction {tx} completed in {time}ms
15815,2026-01-11,09:01:59,INFO,WebServer,Transaction tx402811 completed in 2000ms,E104,Transaction {tx} completed in {time}ms
15816,2026-01-11,09:01:32,INFO,WebServer,Health check passed: WebServer,E102,Health check passed: {service}
15817,2026-01-11,09:42:52,INFO,WebServer,User u3970 login successful,E101,User {user} login successful
15818,2026-01-11,09:55:23,INFO,OrderProcessor,Page view: /home by u2832,E103,Page view: {page} by {user}
15819,2026-01-11,09:53:37,INFO,AuthService,User u1264 login successful,E101,User {user} login successful
15820,2026-01-11,09:35:16,INFO,PaymentGateway,Transaction tx788923 completed in 1932ms,E104,Transaction {tx} completed in {time}ms
15821,2026-01-11,09:16:35,INFO,AuthService,User u3084 login successful,E101,User {user} login successful
15822,2026-01-11,09:40:09,INFO,AuthService,Health check passed: AuthService,E102,Health check passed: {service}
15823,2026-01-11,09:58:18,INFO,WebServer,User u1322 login successful,E101,User {user} login successful
15824,2026-01-11,09:33:54,INFO,InventoryDB,User u3784 login successful,E101,User {user} login successful
15825,2026-01-11,09:54:29,INFO,WebServer,Transaction tx209058 completed in 1327ms,E104,Transaction {tx} completed in {time}ms
15826,2026-01-11,09:46:18,INFO,PaymentGateway,User u2523 login successful,E101,User {user} login successful
15827,2026-01-11,09:43:21,INFO,InventoryDB,Transaction tx953788 completed in 428ms,E104,Transaction {tx} completed in {time}ms
15828,2026-01-11,09:59:56,INFO,WebServer,User u1588 login successful,E101,User {user} login successful
15829,2026-01-11,09:48:22,INFO,WebServer,Health check passed: WebServer,E102,Health check passed: {service}
15830,2026-01-11,09:41:16,WARN,InventoryDB,Disk usage > 85% on node node-4,E202,Disk usage > 85% on node {node}
15831,2026-01-11,09:30:02,INFO,OrderProcessor,Transaction tx284104 completed in 1575ms,E104,Transaction {tx} completed in {time}ms
15832,2026-01-11,09:51:32,WARN,WebServer,Disk usage > 85% on node node-4,E202,Disk usage > 85% on node {node}
15833,2026-01-11,09:26:08,INFO,PaymentGateway,Health check passed: PaymentGateway,E102,Health check passed: {service}
15834,2026-01-11,09:38:47,WARN,AuthService,High latency (1212ms) detected on AuthService,E201,High latency ({time}ms) detected on {service}
15835,2026-01-11,09:27:52,INFO,WebServer,Health check passed: WebServer,E102,Health check passed: {service}
15836,2026-01-11,09:19:01,INFO,WebServer,Page view: /home by u1130,E103,Page view: {page} by {user}
15837,2026-01-11,09:06:48,INFO,WebServer,Health check passed: WebServer,E102,Health check passed: {service}
15838,2026-01-11,09:48:06,INFO,OrderProcessor,Health check passed: OrderProcessor,E102,Health check passed: {service}
15839,2026-01-11,09:42:15,INFO,WebServer,Transaction tx599110 completed in 1869ms,E104,Transaction {tx} completed in {time}ms
15840,2026-01-11,09:08:30,WARN,WebServer,Disk usage > 85% on node node-2,E202,Disk usage > 85% on node {node}
15841,2026-01-11,09:57:14,INFO,WebServer,Transaction tx688271 completed in 715ms,E104,Transaction {tx} completed in {time}ms
15842,2026-01-11,09:36:12,INFO,PaymentGateway,User u2646 login successful,E101,User {user} login successful
15843,2026-01-11,09:23:48,INFO,WebServer,Health check passed: WebServer,E102,Health check passed: {service}
15844,2026-01-11,09:50:26,INFO,WebServer,Health check passed: WebServer,E102,Health check passed: {service}
15845,2026-01-11,09:55:59,INFO,WebServer,User u4994 login successful,E101,User {user} login successful
15846,2026-01-11,09:28:30,INFO,WebServer,Health check passed: WebServer,E102,Health check passed: {service}
15847,2026-01-11,09:58:28,INFO,WebServer,Health check passed: WebServer,E102,Health check passed: {service}
15848,2026-01-11,09:09:40,INFO,OrderProcessor,Page view: /home by u4553,E103,Page view: {page} by {user}
15849,2026-01-11,09:50:54,INFO,WebServer,User u1603 login successful,E101,User {user} login successful
15850,2026-01-11,09:14:15,INFO,WebServer,User u4871 login successful,E101,User {user} login successful
15851,2026-01-11,09:16:44,INFO,WebServer,Transaction tx750028 completed in 1148ms,E104,Transaction {tx} completed in {time}ms
15852,2026-01-11,09:53:19,INFO,WebServer,Health check passed: WebServer,E102,Health check passed: {service}
15853,2026-01-11,09:03:49,INFO,AuthService,User u2161 login successful,E101,User {user} login successful
15854,2026-01-11,09:57:47,INFO,WebServer,Transaction tx255438 completed in 1123ms,E104,Transaction {tx} completed in {time}ms
15855,2026-01-11,09:52:57,INFO,WebServer,Transaction tx828868 completed in 1502ms,E104,Transaction {tx} completed in {time}ms
15856,2026-01-11,09:58:14,INFO,PaymentGateway,User u3978 login successful,E101,User {user} login successful
15857,2026-01-11,09:30:03,INFO,WebServer,Page view: /home by u2533,E103,Page view: {page} by {user}
15858,2026-01-11,09:30:32,INFO,OrderProcessor,Transaction tx101900 completed in 652ms,E104,Transaction {tx} completed in {time}ms
15859,2026-01-11,09:06:19,INFO,AuthService,Health check passed: AuthService,E102,Health check passed: {service}
15860,2026-01-11,09:58:05,INFO,OrderProcessor,Transaction tx431835 completed in 269ms,E104,Transaction {tx} completed in {time}ms
15861,2026-01-11,09:41:51,INFO,AuthService,Health check passed: AuthService,E102,Health check passed: {service}
15862,2026-01-11,09:04:27,INFO,OrderProcessor,User u1863 login successful,E101,User {user} login successful
15863,2026-01-11,09:09:13,INFO,AuthService,Transaction tx149083 completed in 1591ms,E104,Transaction {tx} completed in {time}ms
15864,2026-01-11,09:25:33,INFO,WebServer,User u3131 login successful,E101,User {user} login successful
15865,2026-01-11,09:04:31,INFO,WebServer,Health check passed: WebServer,E102,Health check passed: {service}
15866,2026-01-11,09:25:13,INFO,WebServer,User u1824 login successful,E101,User {user} login successful
15867,2026-01-11,09:42:23,INFO,WebServer,Health check passed: WebServer,E102,Health check passed: {service}
15868,2026-01-11,09:24:28,INFO,PaymentGateway,Health check passed: PaymentGateway,E102,Health check passed: {service}
15869,2026-01-11,09:27:03,INFO,WebServer,Health check passed: WebServer,E102,Health check passed: {service}
15870,2026-01-11,09:28:22,INFO,WebServer,Health check passed: WebServer,E102,Health check passed: {service}
15871,2026-01-11,09:41:41,WARN,WebServer,High latency (503ms) detected on WebServer,E201,High latency ({time}ms) detected on {service}
15872,2026-01-11,09:12:25,ERROR,WebServer,Payment declined: Gateway unavailable,E503,Payment declined: Gateway unavailable
15873,2026-01-11,09:04:43,INFO,WebServer,Health check passed: WebServer,E102,Health check passed: {service}
15874,2026-01-11,09:30:05,INFO,AuthService,Health check passed: AuthService,E102,Health check passed: {service}
15875,2026-01-11,09:03:03,INFO,WebServer,Page view: /home by u1108,E103,Page view: {page} by {user}
15876,2026-01-11,09:06:26,INFO,WebServer,Page view: /home by u4263,E103,Page view: {page} by {user}
15877,2026-01-11,09:07:12,INFO,WebServer,Health check passed: WebServer,E102,Health check passed: {service}
15878,2026-01-11,09:06:21,INFO,WebServer,User u2228 login successful,E101,User {user} login successful
15879,2026-01-11,09:34:56,INFO,OrderProcessor,Transaction tx442076 completed in 637ms,E104,Transaction {tx} completed in {time}ms
15880,2026-01-11,09:46:02,INFO,AuthService,Health check passed: AuthService,E102,Health check passed: {service}
15881,2026-01-11,09:52:13,INFO,InventoryDB,Health check passed: InventoryDB,E102,Health check passed: {service}
15882,2026-01-11,09:50:56,INFO,WebServer,Page view: /home by u3826,E103,Page view: {page} by {user}
15883,2026-01-11,09:45:51,INFO,AuthService,Transaction tx496105 completed in 1994ms,E104,Transaction {tx} completed in {time}ms
15884,2026-01-11,09:53:42,INFO,WebServer,User u1661 login successful,E101,User {user} login successful
15885,2026-01-11,09:36:26,WARN,WebServer,Disk usage > 85% on node node-2,E202,Disk usage > 85% on node {node}
15886,2026-01-11,09:20:32,INFO,WebServer,Transaction tx381232 completed in 1874ms,E104,Transaction {tx} completed in {time}ms
15887,2026-01-11,09:41:55,INFO,OrderProcessor,User u2011 login successful,E101,User {user} login successful
15888,2026-01-11,09:51:11,INFO,AuthService,Health check passed: AuthService,E102,Health check passed: {service}
15889,2026-01-11,09:31:10,INFO,OrderProcessor,Transaction tx772330 completed in 1112ms,E104,Transaction {tx} completed in {time}ms
15890,2026-01-11,09:25:56,INFO,PaymentGateway,Page view: /home by u4730,E103,Page view: {page} by {user}
15891,2026-01-11,09:16:05,INFO,WebServer,Transaction tx305235 completed in 686ms,E104,Transaction {tx} completed in {time}ms
15892,2026-01-11,09:57:14,INFO,PaymentGateway,Transaction tx710226 completed in 534ms,E104,Transaction {tx} completed in {time}ms
15893,2026-01-11,09:47:38,INFO,WebServer,Page view: /home by u3756,E103,Page view: {page} by {user}
15894,2026-01-11,09:16:02,INFO,WebServer,Transaction tx538812 completed in 1399ms,E104,Transaction {tx} completed in {time}ms
15895,2026-01-11,09:13:32,WARN,AuthService,Disk usage > 85% on node node-2,E202,Disk usage > 85% on node {node}
15896,2026-01-11,09:14:47,INFO,AuthService,Page view: /home by u2358,E103,Page view: {page} by {user}
15897,2026-01-11,09:20:59,INFO,WebServer,Transaction tx970142 completed in 1670ms,E104,Transaction {tx} completed in {time}ms
15898,2026-01-11,09:44:26,INFO,WebServer,Health check passed: WebServer,E102,Health check passed: {service}
15899,2026-01-11,09:20:50,INFO,WebServer,Page view: /home by u2770,E103,Page view: {page} by {user}
15900,2026-01-11,09:52:37,INFO,WebServer,Health check passed: WebServer,E102,Health check passed: {service}
15901,2026-01-11,09:49:42,INFO,WebServer,Health check passed: WebServer,E102,Health check passed: {service}
15902,2026-01-11,09:05:52,INFO,WebServer,Page view: /home by u4931,E103,Page view: {page} by {user}
15903,2026-01-11,09:55:17,INFO,WebServer,Transaction tx443108 completed in 1092ms,E104,Transaction {tx} completed in {time}ms
15904,2026-01-11,09:04:18,INFO,PaymentGateway,User u2511 login successful,E101,User {user} login successful
15905,2026-01-11,09:57:57,INFO,AuthService,User u2224 login successful,E101,User {user} login successful
15906,2026-01-11,09:38:48,INFO,WebServer,User u3651 login successful,E101,User {user} login successful
15907,2026-01-11,09:41:14,INFO,OrderProcessor,Page view: /home by u2626,E103,Page view: {page} by {user}
15908,2026-01-11,09:17:25,INFO,WebServer,Health check passed: WebServer,E102,Health check passed: {service}
15909,2026-01-11,09:08:05,INFO,WebServer,Page view: /home by u3879,E103,Page view: {page} by {user}
15910,2026-01-11,09:22:49,INFO,WebServer,Health check passed: WebServer,E102,Health check passed: {service}
15911,2026-01-11,09:13:42,INFO,WebServer,Health check passed: WebServer,E102,Health check passed: {service}
15912,2026-01-11,09:06:34,INFO,WebServer,Transaction tx787075 completed in 551ms,E104,Transaction {tx} completed in {time}ms
15913,2026-01-11,09:54:33,INFO,WebServer,User u2437 login successful,E101,User {user} login successful
15914,2026-01-11,09:36:16,INFO,WebServer,Page view: /home by u2315,E103,Page view: {page} by {user}
15915,2026-01-11,09:49:16,INFO,WebServer,Page view: /home by u4438,E103,Page view: {page} by {user}
15916,2026-01-11,09:06:32,INFO,AuthService,Transaction tx162157 completed in 781ms,E104,Transaction {tx} completed in {time}ms
15917,2026-01-11,09:03:31,INFO,AuthService,Health check passed: AuthService,E102,Health check passed: {service}
15918,2026-01-11,09:42:18,INFO,WebServer,Transaction tx930409 completed in 765ms,E104,Transaction {tx} completed in {time}ms
15919,2026-01-11,09:54:27,INFO,AuthService,Health check passed: AuthService,E102,Health check passed: {service}
15920,2026-01-11,09:46:47,INFO,WebServer,Health check passed: WebServer,E102,Health check passed: {service}
15921,2026-01-11,09:35:19,INFO,WebServer,Page view: /home by u3050,E103,Page view: {page} by {user}
15922,2026-01-11,09:01:51,INFO,WebServer,User u4570 login successful,E101,User {user} login successful
15923,2026-01-11,09:31:32,INFO,WebServer,Health check passed: WebServer,E102,Health check passed: {service}
15924,2026-01-11,09:09:52,INFO,AuthService,Page view: /home by u3856,E103,Page view: {page} by {user}
15925,2026-01-11,09:15:32,INFO,PaymentGateway,User u2179 login successful,E101,User {user} login successful
15926,2026-01-11,09:46:45,CRITICAL,WebServer,KERNEL PANIC: Node node-3 crashed,E601,KERNEL PANIC: Node {node} crashed
15927,2026-01-11,09:20:46,INFO,WebServer,Health check passed: WebServer,E102,Health check passed: {service}
15928,2026-01-11,09:49:16,INFO,AuthService,User u1138 login successful,E101,User {user} login successful
15929,2026-01-11,09:42:45,INFO,WebServer,Transaction tx756347 completed in 1219ms,E104,Transaction {tx} completed in {time}ms
15930,2026-01-11,09:52:56,INFO,InventoryDB,Page view: /home by u4417,E103,Page view: {page} by {user}
15931,2026-01-11,09:20:32,INFO,AuthService,User u4360 login successful,E101,User {user} login successful
15932,2026-01-11,09:02:48,INFO,WebServer,Health check passed: WebServer,E102,Health check passed: {service}
15933,2026-01-11,09:04:05,INFO,WebServer,Transaction tx574733 completed in 1629ms,E104,Transaction {tx} completed in {time}ms
15934,2026-01-11,09:59:50,INFO,OrderProcessor,User u1810 login successful,E101,User {user} login successful
15935,2026-01-11,09:31:12,INFO,WebServer,User u2311 login successful,E101,User {user} login successful
15936,2026-01-11,09:37:53,INFO,AuthService,Health check passed: AuthService,E102,Health check passed: {service}
15937,2026-01-11,09:47:12,INFO,WebServer,Page view: /home by u1227,E103,Page view: {page} by {user}
15938,2026-01-11,09:01:13,INFO,OrderProcessor,Page view: /home by u2217,E103,Page view: {page} by {user}
15939,2026-01-11,09:16:56,INFO,PaymentGateway,Page view: /home by u4188,E103,Page view: {page} by {user}
15940,2026-01-11,09:55:08,INFO,InventoryDB,Transaction tx895918 completed in 1437ms,E104,Transaction {tx} completed in {time}ms
15941,2026-01-11,09:20:56,INFO,AuthService,Health check passed: AuthService,E102,Health check passed: {service}
15942,2026-01-11,09:54:20,INFO,InventoryDB,User u4788 login successful,E101,User {user} login successful
15943,2026-01-11,09:29:43,INFO,WebServer,Health check passed: WebServer,E102,Health check passed: {service}
15944,2026-01-11,09:15:18,INFO,WebServer,Page view: /home by u4248,E103,Page view: {page} by {user}
15945,2026-01-11,09:07:50,INFO,WebServer,User u3965 login successful,E101,User {user} login successful
15946,2026-01-11,09:27:10,INFO,AuthService,Health check passed: AuthService,E102,Health check passed: {service}
15947,2026-01-11,09:07:47,INFO,AuthService,Page view: /home by u1753,E103,Page view: {page} by {user}
15948,2026-01-11,09:35:42,INFO,WebServer,User u3802 login successful,E101,User {user} login successful
15949,2026-01-11,09:40:17,INFO,WebServer,User u1803 login successful,E101,User {user} login successful
15950,2026-01-11,09:26:28,INFO,WebServer,Transaction tx174132 completed in 404ms,E104,Transaction {tx} completed in {time}ms
15951,2026-01-11,09:39:45,INFO,WebServer,User u4900 login successful,E101,User {user} login successful
15952,2026-01-11,09:10:12,INFO,WebServer,User u3315 login successful,E101,User {user} login successful
15953,2026-01-11,09:57:23,INFO,WebServer,User u4011 login successful,E101,User {user} login successful
15954,2026-01-11,09:00:37,INFO,WebServer,Health check passed: WebServer,E102,Health check passed: {service}
15955,2026-01-11,09:06:18,INFO,OrderProcessor,User u4130 login successful,E101,User {user} login successful
15956,2026-01-11,09:57:16,INFO,PaymentGateway,Transaction tx762338 completed in 1531ms,E104,Transaction {tx} completed in {time}ms
15957,2026-01-11,09:34:28,INFO,OrderProcessor,User u3920 login successful,E101,User {user} login successful
15958,2026-01-11,09:37:25,INFO,WebServer,Health check passed: WebServer,E102,Health check passed: {service}
15959,2026-01-11,09:30:09,INFO,WebServer,Health check passed: WebServer,E102,Health check passed: {service}
15960,2026-01-11,09:21:01,ERROR,WebServer,Connection refused to WebServer at 10.0.0.45,E501,Connection refused to {service} at {ip}
15961,2026-01-11,09:58:22,INFO,OrderProcessor,User u3383 login successful,E101,User {user} login successful
15962,2026-01-11,09:09:06,INFO,OrderProcessor,Health check passed: OrderProcessor,E102,Health check passed: {service}
15963,2026-01-11,09:07:22,INFO,InventoryDB,Transaction tx212914 completed in 914ms,E104,Transaction {tx} completed in {time}ms
15964,2026-01-11,09:36:44,INFO,PaymentGateway,User u3896 login successful,E101,User {user} login successful
15965,2026-01-11,09:30:41,WARN,OrderProcessor,Unauthorized access attempt from 10.0.0.45,E401,Unauthorized access attempt from {ip}
15966,2026-01-11,09:08:05,INFO,AuthService,Health check passed: AuthService,E102,Health check passed: {service}
15967,2026-01-11,09:00:27,INFO,AuthService,Page view: /home by u2802,E103,Page view: {page} by {user}
15968,2026-01-11,09:00:05,WARN,PaymentGateway,High latency (1892ms) detected on PaymentGateway,E201,High latency ({time}ms) detected on {service}
15969,2026-01-11,09:21:46,INFO,OrderProcessor,User u4769 login successful,E101,User {user} login successful
15970,2026-01-11,09:23:37,INFO,AuthService,User u3534 login successful,E101,User {user} login successful
15971,2026-01-11,09:33:49,INFO,AuthService,Page view: /home by u2858,E103,Page view: {page} by {user}
15972,2026-01-11,09:12:56,INFO,InventoryDB,User u3251 login successful,E101,User {user} login successful
15973,2026-01-11,09:41:49,INFO,WebServer,Transaction tx256798 completed in 988ms,E104,Transaction {tx} completed in {time}ms
15974,2026-01-11,09:51:35,INFO,AuthService,User u1950 login successful,E101,User {user} login successful
15975,2026-01-11,09:55:51,INFO,OrderProcessor,Health check passed: OrderProcessor,E102,Health check passed: {service}
15976,2026-01-11,09:17:53,INFO,WebServer,User u3583 login successful,E101,User {user} login successful
15977,2026-01-11,09:39:08,INFO,WebServer,Transaction tx815257 completed in 1788ms,E104,Transaction {tx} completed in {time}ms
15978,2026-01-11,09:34:41,INFO,PaymentGateway,Transaction tx487397 completed in 1015ms,E104,Transaction {tx} completed in {time}ms
15979,2026-01-11,09:49:12,INFO,InventoryDB,Transaction tx461096 completed in 1141ms,E104,Transaction {tx} completed in {time}ms
15980,2026-01-11,09:40:52,INFO,WebServer,Transaction tx841138 completed in 1315ms,E104,Transaction {tx} completed in {time}ms
15981,2026-01-11,09:07:34,INFO,OrderProcessor,User u3379 login successful,E101,User {user} login successful
15982,2026-01-11,09:41:55,INFO,AuthService,Health check passed: AuthService,E102,Health check passed: {service}
15983,2026-01-11,09:02:34,INFO,AuthService,Transaction tx593469 completed in 1946ms,E104,Transaction {tx} completed in {time}ms
15984,2026-01-11,09:17:46,INFO,WebServer,Page view: /home by u3527,E103,Page view: {page} by {user}
15985,2026-01-11,09:29:23,INFO,WebServer,Page view: /home by u4207,E103,Page view: {page} by {user}
15986,2026-01-11,09:38:38,INFO,WebServer,User u1165 login successful,E101,User {user} login successful
15987,2026-01-11,09:44:18,INFO,AuthService,Health check passed: AuthService,E102,Health check passed: {service}
15988,2026-01-11,09:12:15,INFO,WebServer,Health check passed: WebServer,E102,Health check passed: {service}
15989,2026-01-11,09:50:29,INFO,WebServer,User u3290 login successful,E101,User {user} login successful
15990,2026-01-11,09:21:51,INFO,OrderProcessor,Health check passed: OrderProcessor,E102,Health check passed: {service}
15991,2026-01-11,09:13:02,INFO,PaymentGateway,User u3587 login successful,E101,User {user} login successful
15992,2026-01-11,09:21:12,INFO,WebServer,Health check passed: WebServer,E102,Health check passed: {service}
15993,2026-01-11,09:38:13,INFO,OrderProcessor,Health check passed: OrderProcessor,E102,Health check passed: {service}
15994,2026-01-11,09:06:35,INFO,WebServer,User u1500 login successful,E101,User {user} login successful
15995,2026-01-11,09:11:17,INFO,OrderProcessor,Transaction tx788703 completed in 1912ms,E104,Transaction {tx} completed in {time}ms
15996,2026-01-11,09:31:34,INFO,OrderProcessor,Page view: /home by u3955,E103,Page view: {page} by {user}
15997,2026-01-11,09:19:34,WARN,AuthService,High latency (407ms) detected on AuthService,E201,High latency ({time}ms) detected on {service}
15998,2026-01-11,09:30:15,INFO,AuthService,Transaction tx547500 completed in 156ms,E104,Transaction {tx} completed in {time}ms
15999,2026-01-11,09:10:15,INFO,AuthService,User u1429 login successful,E101,User {user} login successful
16000,2026-01-11,09:10:17,INFO,WebServer,Health check passed: WebServer,E102,Health check passed: {service}
16001,2026-01-11,09:40:20,INFO,OrderProcessor,User u3511 login successful,E101,User {user} login successful
16002,2026-01-11,09:24:50,INFO,WebServer,Transaction tx991890 completed in 1041ms,E104,Transaction {tx} completed in {time}ms
16003,2026-01-11,09:56:05,INFO,OrderProcessor,Transaction tx315519 completed in 41ms,E104,Transaction {tx} completed in {time}ms
16004,2026-01-11,09:58:41,INFO,AuthService,Transaction tx896175 completed in 1148ms,E104,Transaction {tx} completed in {time}ms
16005,2026-01-11,09:58:36,INFO,AuthService,Transaction tx767740 completed in 240ms,E104,Transaction {tx} completed in {time}ms
16006,2026-01-11,09:08:52,INFO,WebServer,Page view: /home by u2778,E103,Page view: {page} by {user}
16007,2026-01-11,09:07:55,INFO,InventoryDB,User u2223 login successful,E101,User {user} login successful
16008,2026-01-11,09:26:21,INFO,AuthService,User u1572 login successful,E101,User {user} login successful
16009,2026-01-11,09:49:57,INFO,WebServer,User u2381 login successful,E101,User {user} login successful
16010,2026-01-11,09:50:08,INFO,WebServer,Health check passed: WebServer,E102,Health check passed: {service}
16011,2026-01-11,09:17:39,INFO,PaymentGateway,Health check passed: PaymentGateway,E102,Health check passed: {service}
16012,2026-01-11,09:53:06,INFO,WebServer,Transaction tx339974 completed in 1516ms,E104,Transaction {tx} completed in {time}ms
16013,2026-01-11,09:13:39,INFO,OrderProcessor,Transaction tx994905 completed in 533ms,E104,Transaction {tx} completed in {time}ms
16014,2026-01-11,09:59:35,INFO,WebServer,Health check passed: WebServer,E102,Health check passed: {service}
16015,2026-01-11,09:56:47,INFO,AuthService,Page view: /home by u1541,E103,Page view: {page} by {user}
16016,2026-01-11,09:05:24,INFO,PaymentGateway,User u2654 login successful,E101,User {user} login successful
16017,2026-01-11,09:37:13,INFO,WebServer,User u3950 login successful,E101,User {user} login successful
16018,2026-01-11,09:40:32,INFO,WebServer,Page view: /home by u1373,E103,Page view: {page} by {user}
16019,2026-01-11,09:51:57,INFO,AuthService,Page view: /home by u2177,E103,Page view: {page} by {user}
16020,2026-01-11,09:43:40,INFO,InventoryDB,Health check passed: InventoryDB,E102,Health check passed: {service}
16021,2026-01-11,09:49:33,INFO,WebServer,User u2920 login successful,E101,User {user} login successful
16022,2026-01-11,09:07:48,INFO,WebServer,User u2509 login successful,E101,User {user} login successful
16023,2026-01-11,09:20:45,INFO,WebServer,User u2829 login successful,E101,User {user} login successful
16024,2026-01-11,09:09:44,INFO,AuthService,Page view: /home by u3605,E103,Page view: {page} by {user}
16025,2026-01-11,09:48:03,INFO,WebServer,User u4953 login successful,E101,User {user} login successful
16026,2026-01-11,09:32:31,INFO,WebServer,User u3602 login successful,E101,User {user} login successful
16027,2026-01-11,09:30:12,INFO,OrderProcessor,Health check passed: OrderProcessor,E102,Health check passed: {service}
16028,2026-01-11,09:37:09,INFO,WebServer,Transaction tx334419 completed in 928ms,E104,Transaction {tx} completed in {time}ms
16029,2026-01-11,09:17:10,INFO,WebServer,Transaction tx846494 completed in 270ms,E104,Transaction {tx} completed in {time}ms
16030,2026-01-11,09:17:49,INFO,AuthService,Page view: /home by u1460,E103,Page view: {page} by {user}
16031,2026-01-11,09:49:16,INFO,WebServer,User u4137 login successful,E101,User {user} login successful
16032,2026-01-11,09:10:23,INFO,WebServer,Transaction tx872685 completed in 1919ms,E104,Transaction {tx} completed in {time}ms
16033,2026-01-11,09:54:56,WARN,AuthService,High latency (1318ms) detected on AuthService,E201,High latency ({time}ms) detected on {service}
16034,2026-01-11,09:11:56,INFO,AuthService,Health check passed: AuthService,E102,Health check passed: {service}
16035,2026-01-11,09:25:17,INFO,AuthService,User u1254 login successful,E101,User {user} login successful
16036,2026-01-11,09:36:14,INFO,OrderProcessor,Transaction tx789121 completed in 1579ms,E104,Transaction {tx} completed in {time}ms
16037,2026-01-11,09:08:03,INFO,WebServer,Transaction tx384144 completed in 470ms,E104,Transaction {tx} completed in {time}ms
16038,2026-01-11,09:23:24,INFO,WebServer,Page view: /home by u1878,E103,Page view: {page} by {user}
16039,2026-01-11,09:59:25,INFO,PaymentGateway,Page view: /home by u2254,E103,Page view: {page} by {user}
16040,2026-01-11,09:35:27,INFO,InventoryDB,User u4453 login successful,E101,User {user} login successful
16041,2026-01-11,09:56:36,INFO,OrderProcessor,Page view: /home by u2713,E103,Page view: {page} by {user}
16042,2026-01-11,09:46:15,WARN,WebServer,High latency (550ms) detected on WebServer,E201,High latency ({time}ms) detected on {service}
16043,2026-01-11,09:21:54,INFO,AuthService,Page view: /home by u2748,E103,Page view: {page} by {user}
16044,2026-01-11,09:21:48,INFO,OrderProcessor,Health check passed: OrderProcessor,E102,Health check passed: {service}
16045,2026-01-11,09:32:59,INFO,PaymentGateway,Page view: /home by u2436,E103,Page view: {page} by {user}
16046,2026-01-11,09:18:53,INFO,OrderProcessor,User u4456 login successful,E101,User {user} login successful
16047,2026-01-11,09:20:43,WARN,WebServer,High latency (658ms) detected on WebServer,E201,High latency ({time}ms) detected on {service}
16048,2026-01-11,09:56:26,INFO,PaymentGateway,Transaction tx934378 completed in 1871ms,E104,Transaction {tx} completed in {time}ms
16049,2026-01-11,09:06:05,INFO,PaymentGateway,User u3354 login successful,E101,User {user} login successful
16050,2026-01-11,09:37:02,INFO,PaymentGateway,Transaction tx925357 completed in 814ms,E104,Transaction {tx} completed in {time}ms
16051,2026-01-11,09:26:08,INFO,WebServer,Health check passed: WebServer,E102,Health check passed: {service}
16052,2026-01-11,09:11:49,INFO,AuthService,Health check passed: AuthService,E102,Health check passed: {service}
16053,2026-01-11,09:11:56,INFO,WebServer,Health check passed: WebServer,E102,Health check passed: {service}
16054,2026-01-11,09:01:31,INFO,WebServer,Health check passed: WebServer,E102,Health check passed: {service}
16055,2026-01-11,09:59:06,INFO,WebServer,User u4335 login successful,E101,User {user} login successful
16056,2026-01-11,09:48:22,INFO,WebServer,Health check passed: WebServer,E102,Health check passed: {service}
16057,2026-01-11,09:55:49,INFO,OrderProcessor,Health check passed: OrderProcessor,E102,Health check passed: {service}
16058,2026-01-11,09:55:12,WARN,OrderProcessor,High latency (466ms) detected on OrderProcessor,E201,High latency ({time}ms) detected on {service}
16059,2026-01-11,09:32:45,INFO,WebServer,Page view: /home by u4632,E103,Page view: {page} by {user}
16060,2026-01-11,09:12:01,WARN,WebServer,Disk usage > 85% on node node-4,E202,Disk usage > 85% on node {node}
16061,2026-01-11,09:36:26,INFO,WebServer,Page view: /home by u4322,E103,Page view: {page} by {user}
16062,2026-01-11,09:11:29,INFO,WebServer,Transaction tx910407 completed in 549ms,E104,Transaction {tx} completed in {time}ms
16063,2026-01-11,09:17:31,INFO,AuthService,Page view: /home by u1745,E103,Page view: {page} by {user}
16064,2026-01-11,09:57:26,INFO,AuthService,Health check passed: AuthService,E102,Health check passed: {service}
16065,2026-01-11,09:27:42,INFO,WebServer,User u3606 login successful,E101,User {user} login successful
16066,2026-01-11,09:24:06,INFO,AuthService,Page view: /home by u2579,E103,Page view: {page} by {user}
16067,2026-01-11,09:25:40,INFO,WebServer,Transaction tx671450 completed in 505ms,E104,Transaction {tx} completed in {time}ms
16068,2026-01-11,09:07:07,INFO,AuthService,User u1299 login successful,E101,User {user} login successful
16069,2026-01-11,09:25:01,INFO,AuthService,Page view: /home by u2522,E103,Page view: {page} by {user}
16070,2026-01-11,09:06:09,INFO,WebServer,Page view: /home by u1146,E103,Page view: {page} by {user}
16071,2026-01-11,09:49:56,INFO,PaymentGateway,Transaction tx956018 completed in 1869ms,E104,Transaction {tx} completed in {time}ms
16072,2026-01-11,09:56:20,INFO,WebServer,User u4487 login successful,E101,User {user} login successful
16073,2026-01-11,09:03:04,INFO,OrderProcessor,Health check passed: OrderProcessor,E102,Health check passed: {service}
16074,2026-01-11,09:56:40,INFO,WebServer,Page view: /home by u1596,E103,Page view: {page} by {user}
16075,2026-01-11,09:42:13,INFO,WebServer,Transaction tx462229 completed in 719ms,E104,Transaction {tx} completed in {time}ms
16076,2026-01-11,09:08:27,INFO,WebServer,User u3682 login successful,E101,User {user} login successful
16077,2026-01-11,09:27:49,INFO,WebServer,Page view: /home by u3903,E103,Page view: {page} by {user}
16078,2026-01-11,09:19:05,INFO,AuthService,User u2158 login successful,E101,User {user} login successful
16079,2026-01-11,09:48:37,INFO,PaymentGateway,Transaction tx372301 completed in 381ms,E104,Transaction {tx} completed in {time}ms
16080,2026-01-11,09:33:04,INFO,WebServer,Transaction tx286722 completed in 1881ms,E104,Transaction {tx} completed in {time}ms
16081,2026-01-11,09:56:00,INFO,AuthService,Transaction tx699223 completed in 760ms,E104,Transaction {tx} completed in {time}ms
16082,2026-01-11,09:58:52,INFO,WebServer,Page view: /home by u3482,E103,Page view: {page} by {user}
16083,2026-01-11,09:54:37,INFO,AuthService,User u2372 login successful,E101,User {user} login successful
16084,2026-01-11,09:19:26,INFO,WebServer,Health check passed: WebServer,E102,Health check passed: {service}
16085,2026-01-11,09:22:28,INFO,WebServer,Health check passed: WebServer,E102,Health check passed: {service}
16086,2026-01-11,09:13:06,INFO,OrderProcessor,Page view: /home by u1321,E103,Page view: {page} by {user}
16087,2026-01-11,09:55:19,INFO,WebServer,User u1790 login successful,E101,User {user} login successful
16088,2026-01-11,09:41:34,INFO,WebServer,Health check passed: WebServer,E102,Health check passed: {service}
16089,2026-01-11,09:55:36,INFO,WebServer,Page view: /home by u3704,E103,Page view: {page} by {user}
16090,2026-01-11,09:23:43,INFO,WebServer,Page view: /home by u1054,E103,Page view: {page} by {user}
16091,2026-01-11,09:58:53,INFO,WebServer,User u3440 login successful,E101,User {user} login successful
16092,2026-01-11,09:47:39,INFO,OrderProcessor,Page view: /home by u2109,E103,Page view: {page} by {user}
16093,2026-01-11,09:47:25,INFO,WebServer,User u4454 login successful,E101,User {user} login successful
16094,2026-01-11,09:39:33,INFO,PaymentGateway,Page view: /home by u3834,E103,Page view: {page} by {user}
16095,2026-01-11,09:43:04,INFO,PaymentGateway,Health check passed: PaymentGateway,E102,Health check passed: {service}
16096,2026-01-11,09:05:05,INFO,WebServer,Transaction tx398512 completed in 947ms,E104,Transaction {tx} completed in {time}ms
16097,2026-01-11,09:18:39,WARN,WebServer,Disk usage > 85% on node node-4,E202,Disk usage > 85% on node {node}
16098,2026-01-11,09:32:50,INFO,WebServer,User u3429 login successful,E101,User {user} login successful
16099,2026-01-11,09:28:15,INFO,WebServer,Transaction tx396154 completed in 176ms,E104,Transaction {tx} completed in {time}ms
16100,2026-01-11,09:24:05,WARN,WebServer,Disk usage > 85% on node node-2,E202,Disk usage > 85% on node {node}
16101,2026-01-11,09:51:27,INFO,OrderProcessor,Transaction tx999172 completed in 1335ms,E104,Transaction {tx} completed in {time}ms
16102,2026-01-11,09:27:39,INFO,WebServer,Health check passed: WebServer,E102,Health check passed: {service}
16103,2026-01-11,09:09:54,INFO,WebServer,User u3092 login successful,E101,User {user} login successful
16104,2026-01-11,09:29:01,INFO,AuthService,Health check passed: AuthService,E102,Health check passed: {service}
16105,2026-01-11,09:17:39,INFO,AuthService,User u4587 login successful,E101,User {user} login successful
16106,2026-01-11,09:01:22,INFO,OrderProcessor,Page view: /home by u1451,E103,Page view: {page} by {user}
16107,2026-01-11,09:13:54,INFO,WebServer,Page view: /home by u3717,E103,Page view: {page} by {user}
16108,2026-01-11,09:20:51,INFO,WebServer,Transaction tx619329 completed in 1308ms,E104,Transaction {tx} completed in {time}ms
16109,2026-01-11,09:00:51,INFO,AuthService,Page view: /home by u4075,E103,Page view: {page} by {user}
16110,2026-01-11,09:07:30,INFO,OrderProcessor,Health check passed: OrderProcessor,E102,Health check passed: {service}
16111,2026-01-11,09:09:09,INFO,WebServer,Page view: /home by u4225,E103,Page view: {page} by {user}
16112,2026-01-11,09:30:40,INFO,WebServer,Health check passed: WebServer,E102,Health check passed: {service}
16113,2026-01-11,09:41:32,INFO,WebServer,Transaction tx279931 completed in 1789ms,E104,Transaction {tx} completed in {time}ms
16114,2026-01-11,09:48:26,ERROR,WebServer,Payment declined: Gateway unavailable,E503,Payment declined: Gateway unavailable
16115,2026-01-11,09:39:45,INFO,AuthService,Page view: /home by u1753,E103,Page view: {page} by {user}
16116,2026-01-11,09:33:31,WARN,AuthService,Disk usage > 85% on node node-2,E202,Disk usage > 85% on node {node}
16117,2026-01-11,09:52:56,INFO,WebServer,Transaction tx217727 completed in 1118ms,E104,Transaction {tx} completed in {time}ms
16118,2026-01-11,09:43:58,INFO,AuthService,Transaction tx142068 completed in 521ms,E104,Transaction {tx} completed in {time}ms
16119,2026-01-11,09:59:56,INFO,WebServer,Transaction tx769234 completed in 297ms,E104,Transaction {tx} completed in {time}ms
16120,2026-01-11,09:50:48,INFO,InventoryDB,Page view: /home by u1829,E103,Page view: {page} by {user}
16121,2026-01-11,09:05:03,INFO,OrderProcessor,Page view: /home by u3775,E103,Page view: {page} by {user}
16122,2026-01-11,09:58:58,INFO,OrderProcessor,User u1033 login successful,E101,User {user} login successful
16123,2026-01-11,09:21:42,INFO,AuthService,Page view: /home by u2063,E103,Page view: {page} by {user}
16124,2026-01-11,09:18:55,INFO,WebServer,Page view: /home by u4705,E103,Page view: {page} by {user}
16125,2026-01-11,09:42:11,INFO,WebServer,Transaction tx659382 completed in 942ms,E104,Transaction {tx} completed in {time}ms
16126,2026-01-11,09:09:21,INFO,WebServer,User u3018 login successful,E101,User {user} login successful
16127,2026-01-11,09:22:20,INFO,WebServer,Transaction tx265985 completed in 1389ms,E104,Transaction {tx} completed in {time}ms
16128,2026-01-11,09:04:53,INFO,WebServer,Transaction tx437035 completed in 1010ms,E104,Transaction {tx} completed in {time}ms
16129,2026-01-11,09:28:13,INFO,AuthService,Transaction tx225286 completed in 1357ms,E104,Transaction {tx} completed in {time}ms
16130,2026-01-11,09:27:10,INFO,AuthService,User u1977 login successful,E101,User {user} login successful
16131,2026-01-11,09:01:25,INFO,WebServer,Transaction tx700917 completed in 357ms,E104,Transaction {tx} completed in {time}ms
16132,2026-01-11,09:42:10,INFO,OrderProcessor,Transaction tx398181 completed in 300ms,E104,Transaction {tx} completed in {time}ms
16133,2026-01-11,09:44:56,INFO,OrderProcessor,Page view: /home by u3527,E103,Page view: {page} by {user}
16134,2026-01-11,09:55:36,INFO,WebServer,Health check passed: WebServer,E102,Health check passed: {service}
16135,2026-01-11,09:50:32,INFO,WebServer,Page view: /home by u1721,E103,Page view: {page} by {user}
16136,2026-01-11,09:18:36,INFO,AuthService,Page view: /home by u4075,E103,Page view: {page} by {user}
16137,2026-01-11,09:10:23,INFO,AuthService,Health check passed: AuthService,E102,Health check passed: {service}
16138,2026-01-11,09:20:46,INFO,WebServer,Transaction tx500923 completed in 682ms,E104,Transaction {tx} completed in {time}ms
16139,2026-01-11,09:50:46,INFO,WebServer,Page view: /home by u4674,E103,Page view: {page} by {user}
16140,2026-01-11,09:01:47,INFO,PaymentGateway,Transaction tx743014 completed in 1623ms,E104,Transaction {tx} completed in {time}ms
16141,2026-01-11,09:00:58,INFO,WebServer,Transaction tx166119 completed in 934ms,E104,Transaction {tx} completed in {time}ms
16142,2026-01-11,09:20:43,INFO,WebServer,User u2580 login successful,E101,User {user} login successful
16143,2026-01-11,09:52:12,INFO,WebServer,Health check passed: WebServer,E102,Health check passed: {service}
16144,2026-01-11,09:24:34,INFO,AuthService,Health check passed: AuthService,E102,Health check passed: {service}
16145,2026-01-11,09:00:20,INFO,AuthService,Transaction tx769689 completed in 1297ms,E104,Transaction {tx} completed in {time}ms
16146,2026-01-11,09:00:12,INFO,OrderProcessor,Transaction tx245215 completed in 546ms,E104,Transaction {tx} completed in {time}ms
16147,2026-01-11,09:12:47,INFO,PaymentGateway,Transaction tx573027 completed in 1335ms,E104,Transaction {tx} completed in {time}ms
16148,2026-01-11,09:31:19,INFO,WebServer,Page view: /home by u3955,E103,Page view: {page} by {user}
16149,2026-01-11,09:18:25,INFO,AuthService,User u4729 login successful,E101,User {user} login successful
16150,2026-01-11,09:13:52,INFO,OrderProcessor,User u1001 login successful,E101,User {user} login successful
16151,2026-01-11,09:30:29,INFO,WebServer,Transaction tx111895 completed in 679ms,E104,Transaction {tx} completed in {time}ms
16152,2026-01-11,09:28:44,INFO,OrderProcessor,Health check passed: OrderProcessor,E102,Health check passed: {service}
16153,2026-01-11,09:18:39,INFO,WebServer,User u3878 login successful,E101,User {user} login successful
16154,2026-01-11,09:47:58,INFO,OrderProcessor,Page view: /home by u1893,E103,Page view: {page} by {user}
16155,2026-01-11,09:32:42,WARN,AuthService,Unauthorized access attempt from 10.0.0.45,E401,Unauthorized access attempt from {ip}
16156,2026-01-11,09:39:55,INFO,OrderProcessor,Health check passed: OrderProcessor,E102,Health check passed: {service}
16157,2026-01-11,09:37:08,INFO,WebServer,Transaction tx664937 completed in 1016ms,E104,Transaction {tx} completed in {time}ms
16158,2026-01-11,09:38:25,INFO,WebServer,Page view: /home by u4146,E103,Page view: {page} by {user}
16159,2026-01-11,09:13:23,INFO,WebServer,User u1656 login successful,E101,User {user} login successful
16160,2026-01-11,09:39:00,INFO,OrderProcessor,Page view: /home by u4409,E103,Page view: {page} by {user}
16161,2026-01-11,09:56:54,INFO,WebServer,Transaction tx884708 completed in 1085ms,E104,Transaction {tx} completed in {time}ms
16162,2026-01-11,09:47:15,ERROR,AuthService,Payment declined: Gateway unavailable,E503,Payment declined: Gateway unavailable
16163,2026-01-11,09:21:16,INFO,AuthService,User u3243 login successful,E101,User {user} login successful
16164,2026-01-11,09:04:53,INFO,WebServer,Page view: /home by u4230,E103,Page view: {page} by {user}
16165,2026-01-11,09:29:33,INFO,WebServer,User u1472 login successful,E101,User {user} login successful
16166,2026-01-11,09:14:38,INFO,PaymentGateway,User u3994 login successful,E101,User {user} login successful
16167,2026-01-11,09:30:19,INFO,WebServer,Transaction tx798827 completed in 1308ms,E104,Transaction {tx} completed in {time}ms
16168,2026-01-11,09:02:58,INFO,WebServer,Transaction tx944138 completed in 1501ms,E104,Transaction {tx} completed in {time}ms
16169,2026-01-11,09:59:22,INFO,AuthService,User u4392 login successful,E101,User {user} login successful
16170,2026-01-11,09:31:29,INFO,AuthService,User u1275 login successful,E101,User {user} login successful
16171,2026-01-11,09:02:34,INFO,InventoryDB,Health check passed: InventoryDB,E102,Health check passed: {service}
16172,2026-01-11,09:47:42,INFO,WebServer,User u4525 login successful,E101,User {user} login successful
16173,2026-01-11,09:40:15,INFO,WebServer,Transaction tx675656 completed in 678ms,E104,Transaction {tx} completed in {time}ms
16174,2026-01-11,09:55:21,INFO,OrderProcessor,Health check passed: OrderProcessor,E102,Health check passed: {service}
16175,2026-01-11,09:46:51,INFO,WebServer,User u4517 login successful,E101,User {user} login successful
16176,2026-01-11,09:04:35,INFO,WebServer,Page view: /home by u1669,E103,Page view: {page} by {user}
16177,2026-01-11,09:07:31,INFO,WebServer,Transaction tx384877 completed in 1307ms,E104,Transaction {tx} completed in {time}ms
16178,2026-01-11,09:36:36,INFO,WebServer,Page view: /home by u3572,E103,Page view: {page} by {user}
16179,2026-01-11,09:52:26,WARN,WebServer,High latency (732ms) detected on WebServer,E201,High latency ({time}ms) detected on {service}
16180,2026-01-11,09:30:49,INFO,PaymentGateway,User u2229 login successful,E101,User {user} login successful
16181,2026-01-11,09:36:52,INFO,OrderProcessor,Transaction tx155309 completed in 1636ms,E104,Transaction {tx} completed in {time}ms
16182,2026-01-11,09:43:47,INFO,AuthService,Health check passed: AuthService,E102,Health check passed: {service}
16183,2026-01-11,09:47:37,INFO,OrderProcessor,Page view: /home by u1968,E103,Page view: {page} by {user}
16184,2026-01-11,09:20:53,WARN,WebServer,Disk usage > 85% on node node-3,E202,Disk usage > 85% on node {node}
16185,2026-01-11,09:42:54,ERROR,PaymentGateway,Connection refused to PaymentGateway at 10.0.0.12,E501,Connection refused to {service} at {ip}
16186,2026-01-11,09:43:48,INFO,OrderProcessor,Page view: /home by u1029,E103,Page view: {page} by {user}
16187,2026-01-11,09:07:07,INFO,WebServer,Health check passed: WebServer,E102,Health check passed: {service}
16188,2026-01-11,09:38:35,INFO,AuthService,Health check passed: AuthService,E102,Health check passed: {service}
16189,2026-01-11,09:51:35,INFO,AuthService,User u2390 login successful,E101,User {user} login successful
16190,2026-01-11,09:57:12,INFO,AuthService,Page view: /home by u4501,E103,Page view: {page} by {user}
16191,2026-01-11,09:59:15,INFO,WebServer,Page view: /home by u2087,E103,Page view: {page} by {user}
16192,2026-01-11,09:15:42,INFO,WebServer,Health check passed: WebServer,E102,Health check passed: {service}
16193,2026-01-11,09:33:50,INFO,WebServer,Transaction tx488524 completed in 876ms,E104,Transaction {tx} completed in {time}ms
16194,2026-01-11,09:31:08,INFO,OrderProcessor,Health check passed: OrderProcessor,E102,Health check passed: {service}
16195,2026-01-11,09:19:40,INFO,WebServer,Transaction tx166394 completed in 561ms,E104,Transaction {tx} completed in {time}ms
16196,2026-01-11,09:54:41,INFO,WebServer,Page view: /home by u1349,E103,Page view: {page} by {user}
16197,2026-01-11,09:56:14,INFO,WebServer,Page view: /home by u4894,E103,Page view: {page} by {user}
16198,2026-01-11,09:48:54,INFO,WebServer,User u4782 login successful,E101,User {user} login successful
16199,2026-01-11,09:07:16,INFO,WebServer,Page view: /home by u4233,E103,Page view: {page} by {user}
16200,2026-01-11,09:57:50,INFO,InventoryDB,Page view: /home by u4780,E103,Page view: {page} by {user}
16201,2026-01-11,09:48:04,INFO,AuthService,Page view: /home by u1187,E103,Page view: {page} by {user}
16202,2026-01-11,09:16:35,INFO,WebServer,Health check passed: WebServer,E102,Health check passed: {service}
16203,2026-01-11,09:43:54,INFO,WebServer,User u4761 login successful,E101,User {user} login successful
16204,2026-01-11,09:50:11,INFO,AuthService,Transaction tx692878 completed in 217ms,E104,Transaction {tx} completed in {time}ms
16205,2026-01-11,09:22:11,INFO,OrderProcessor,Transaction tx173063 completed in 681ms,E104,Transaction {tx} completed in {time}ms
16206,2026-01-11,09:32:19,INFO,WebServer,User u2304 login successful,E101,User {user} login successful
16207,2026-01-11,09:31:23,INFO,WebServer,Health check passed: WebServer,E102,Health check passed: {service}
16208,2026-01-11,09:30:52,WARN,OrderProcessor,High latency (1157ms) detected on OrderProcessor,E201,High latency ({time}ms) detected on {service}
16209,2026-01-11,09:45:05,ERROR,AuthService,Payment declined: Gateway unavailable,E503,Payment declined: Gateway unavailable
16210,2026-01-11,09:16:13,INFO,WebServer,Transaction tx447669 completed in 1323ms,E104,Transaction {tx} completed in {time}ms
16211,2026-01-11,09:12:45,INFO,OrderProcessor,Page view: /home by u1492,E103,Page view: {page} by {user}
16212,2026-01-11,09:14:48,INFO,OrderProcessor,User u2248 login successful,E101,User {user} login successful
16213,2026-01-11,09:12:24,INFO,AuthService,User u2455 login successful,E101,User {user} login successful
16214,2026-01-11,09:50:21,INFO,AuthService,User u4019 login successful,E101,User {user} login successful
16215,2026-01-11,09:57:15,INFO,WebServer,User u1945 login successful,E101,User {user} login successful
16216,2026-01-11,09:59:53,WARN,OrderProcessor,High latency (1054ms) detected on OrderProcessor,E201,High latency ({time}ms) detected on {service}
16217,2026-01-11,09:32:58,INFO,WebServer,Page view: /home by u2683,E103,Page view: {page} by {user}
16218,2026-01-11,09:44:59,INFO,OrderProcessor,Health check passed: OrderProcessor,E102,Health check passed: {service}
16219,2026-01-11,09:26:22,INFO,AuthService,User u4837 login successful,E101,User {user} login successful
16220,2026-01-11,09:28:55,INFO,WebServer,User u2711 login successful,E101,User {user} login successful
16221,2026-01-11,09:53:04,INFO,AuthService,Transaction tx563572 completed in 243ms,E104,Transaction {tx} completed in {time}ms
16222,2026-01-11,09:42:14,INFO,OrderProcessor,Health check passed: OrderProcessor,E102,Health check passed: {service}
16223,2026-01-11,09:35:03,INFO,OrderProcessor,Page view: /home by u3576,E103,Page view: {page} by {user}
16224,2026-01-11,09:46:51,INFO,AuthService,User u1251 login successful,E101,User {user} login successful
16225,2026-01-11,09:06:23,INFO,OrderProcessor,Page view: /home by u1653,E103,Page view: {page} by {user}
16226,2026-01-11,09:57:06,INFO,OrderProcessor,User u3231 login successful,E101,User {user} login successful
16227,2026-01-11,09:58:00,WARN,AuthService,Disk usage > 85% on node node-3,E202,Disk usage > 85% on node {node}
16228,2026-01-11,09:17:44,INFO,WebServer,Transaction tx144539 completed in 906ms,E104,Transaction {tx} completed in {time}ms
16229,2026-01-11,09:18:11,INFO,WebServer,User u1619 login successful,E101,User {user} login successful
16230,2026-01-11,09:39:58,INFO,PaymentGateway,Transaction tx126615 completed in 1177ms,E104,Transaction {tx} completed in {time}ms
16231,2026-01-11,09:33:04,INFO,OrderProcessor,User u1476 login successful,E101,User {user} login successful
16232,2026-01-11,09:57:36,INFO,InventoryDB,User u4282 login successful,E101,User {user} login successful
16233,2026-01-11,09:39:11,INFO,WebServer,Page view: /home by u2538,E103,Page view: {page} by {user}
16234,2026-01-11,09:20:00,INFO,WebServer,Transaction tx576590 completed in 985ms,E104,Transaction {tx} completed in {time}ms
16235,2026-01-11,09:08:44,INFO,OrderProcessor,Health check passed: OrderProcessor,E102,Health check passed: {service}
16236,2026-01-11,09:17:20,INFO,WebServer,Transaction tx186299 completed in 1638ms,E104,Transaction {tx} completed in {time}ms
16237,2026-01-11,09:57:33,INFO,WebServer,User u1988 login successful,E101,User {user} login successful
16238,2026-01-11,09:26:27,WARN,WebServer,High latency (1269ms) detected on WebServer,E201,High latency ({time}ms) detected on {service}
16239,2026-01-11,09:30:18,INFO,WebServer,User u1948 login successful,E101,User {user} login successful
16240,2026-01-11,09:33:34,INFO,InventoryDB,Transaction tx762923 completed in 226ms,E104,Transaction {tx} completed in {time}ms
16241,2026-01-11,09:37:37,INFO,WebServer,Health check passed: WebServer,E102,Health check passed: {service}
16242,2026-01-11,09:00:08,INFO,WebServer,User u2313 login successful,E101,User {user} login successful
16243,2026-01-11,09:13:19,INFO,OrderProcessor,Transaction tx436913 completed in 256ms,E104,Transaction {tx} completed in {time}ms
16244,2026-01-11,09:38:30,INFO,WebServer,Health check passed: WebServer,E102,Health check passed: {service}
16245,2026-01-11,09:07:44,INFO,OrderProcessor,Health check passed: OrderProcessor,E102,Health check passed: {service}
16246,2026-01-11,09:01:41,INFO,AuthService,User u2833 login successful,E101,User {user} login successful
16247,2026-01-11,09:41:59,INFO,WebServer,Health check passed: WebServer,E102,Health check passed: {service}
16248,2026-01-11,09:58:47,WARN,InventoryDB,Disk usage > 85% on node node-3,E202,Disk usage > 85% on node {node}
16249,2026-01-11,09:29:26,INFO,PaymentGateway,Page view: /home by u4246,E103,Page view: {page} by {user}
16250,2026-01-11,09:14:09,INFO,WebServer,Health check passed: WebServer,E102,Health check passed: {service}
16251,2026-01-11,09:23:06,INFO,InventoryDB,User u2079 login successful,E101,User {user} login successful
16252,2026-01-11,09:03:51,INFO,OrderProcessor,Page view: /home by u3271,E103,Page view: {page} by {user}
16253,2026-01-11,09:47:04,INFO,WebServer,Transaction tx941946 completed in 589ms,E104,Transaction {tx} completed in {time}ms
16254,2026-01-11,09:07:37,INFO,WebServer,Transaction tx997189 completed in 1801ms,E104,Transaction {tx} completed in {time}ms
16255,2026-01-11,09:33:18,INFO,PaymentGateway,User u3363 login successful,E101,User {user} login successful
16256,2026-01-11,09:56:38,INFO,WebServer,Health check passed: WebServer,E102,Health check passed: {service}
16257,2026-01-11,09:35:55,INFO,PaymentGateway,User u4443 login successful,E101,User {user} login successful
16258,2026-01-11,09:33:35,WARN,WebServer,Unauthorized access attempt from 10.0.0.45,E401,Unauthorized access attempt from {ip}
16259,2026-01-11,09:51:27,INFO,OrderProcessor,Transaction tx709838 completed in 687ms,E104,Transaction {tx} completed in {time}ms
16260,2026-01-11,09:00:18,ERROR,AuthService,Payment declined: Gateway unavailable,E503,Payment declined: Gateway unavailable
16261,2026-01-11,09:24:27,INFO,WebServer,Page view: /home by u4130,E103,Page view: {page} by {user}
16262,2026-01-11,09:05:23,INFO,AuthService,Health check passed: AuthService,E102,Health check passed: {service}
16263,2026-01-11,09:02:24,INFO,WebServer,Transaction tx838369 completed in 93ms,E104,Transaction {tx} completed in {time}ms
16264,2026-01-11,09:40:00,INFO,OrderProcessor,Transaction tx627188 completed in 945ms,E104,Transaction {tx} completed in {time}ms
16265,2026-01-11,09:27:27,WARN,PaymentGateway,Unauthorized access attempt from 10.0.0.45,E401,Unauthorized access attempt from {ip}
16266,2026-01-11,09:28:51,INFO,WebServer,Health check passed: WebServer,E102,Health check passed: {service}
16267,2026-01-11,09:50:09,INFO,PaymentGateway,Transaction tx459384 completed in 146ms,E104,Transaction {tx} completed in {time}ms
16268,2026-01-11,09:08:58,INFO,WebServer,Page view: /home by u4717,E103,Page view: {page} by {user}
16269,2026-01-11,09:54:21,INFO,WebServer,User u3590 login successful,E101,User {user} login successful
16270,2026-01-11,09:19:22,INFO,WebServer,User u3792 login successful,E101,User {user} login successful
16271,2026-01-11,09:15:56,WARN,WebServer,Unauthorized access attempt from 10.0.0.88,E401,Unauthorized access attempt from {ip}
16272,2026-01-11,09:24:42,INFO,WebServer,Transaction tx950714 completed in 295ms,E104,Transaction {tx} completed in {time}ms
16273,2026-01-11,09:03:52,INFO,PaymentGateway,Page view: /home by u2651,E103,Page view: {page} by {user}
16274,2026-01-11,09:13:13,INFO,WebServer,Health check passed: WebServer,E102,Health check passed: {service}
16275,2026-01-11,09:18:53,INFO,WebServer,Health check passed: WebServer,E102,Health check passed: {service}
16276,2026-01-11,09:59:32,INFO,AuthService,User u2663 login successful,E101,User {user} login successful
16277,2026-01-11,09:44:25,INFO,WebServer,User u2858 login successful,E101,User {user} login successful
16278,2026-01-11,09:43:39,INFO,OrderProcessor,Transaction tx462009 completed in 1919ms,E104,Transaction {tx} completed in {time}ms
16279,2026-01-11,09:12:11,INFO,OrderProcessor,Transaction tx939246 completed in 988ms,E104,Transaction {tx} completed in {time}ms
16280,2026-01-11,09:34:39,INFO,AuthService,Page view: /home by u2353,E103,Page view: {page} by {user}
16281,2026-01-11,09:38:09,INFO,AuthService,Page view: /home by u1210,E103,Page view: {page} by {user}
16282,2026-01-11,09:21:52,INFO,OrderProcessor,Page view: /home by u3174,E103,Page view: {page} by {user}
16283,2026-01-11,09:46:00,INFO,WebServer,Transaction tx385572 completed in 1959ms,E104,Transaction {tx} completed in {time}ms
16284,2026-01-11,09:52:36,INFO,WebServer,User u3837 login successful,E101,User {user} login successful
16285,2026-01-11,09:07:17,ERROR,OrderProcessor,Connection refused to OrderProcessor at 10.0.0.12,E501,Connection refused to {service} at {ip}
16286,2026-01-11,09:28:06,WARN,WebServer,High latency (299ms) detected on WebServer,E201,High latency ({time}ms) detected on {service}
16287,2026-01-11,09:48:15,INFO,AuthService,Page view: /home by u3573,E103,Page view: {page} by {user}
16288,2026-01-11,09:32:42,INFO,WebServer,User u4418 login successful,E101,User {user} login successful
16289,2026-01-11,09:49:23,INFO,WebServer,Transaction tx359259 completed in 1307ms,E104,Transaction {tx} completed in {time}ms
16290,2026-01-11,09:33:00,INFO,InventoryDB,User u4399 login successful,E101,User {user} login successful
16291,2026-01-11,09:19:12,INFO,PaymentGateway,Transaction tx157658 completed in 1744ms,E104,Transaction {tx} completed in {time}ms
16292,2026-01-11,09:49:03,INFO,WebServer,Page view: /home by u3903,E103,Page view: {page} by {user}
16293,2026-01-11,09:13:34,INFO,WebServer,User u2917 login successful,E101,User {user} login successful
16294,2026-01-11,09:24:53,INFO,WebServer,Transaction tx810741 completed in 1621ms,E104,Transaction {tx} completed in {time}ms
16295,2026-01-11,09:31:56,INFO,AuthService,Transaction tx417479 completed in 1260ms,E104,Transaction {tx} completed in {time}ms
16296,2026-01-11,09:24:32,INFO,InventoryDB,Page view: /home by u3174,E103,Page view: {page} by {user}
16297,2026-01-11,09:28:43,INFO,OrderProcessor,Page view: /home by u4532,E103,Page view: {page} by {user}
16298,2026-01-11,09:21:49,INFO,AuthService,Page view: /home by u2997,E103,Page view: {page} by {user}
16299,2026-01-11,09:45:11,INFO,OrderProcessor,Health check passed: OrderProcessor,E102,Health check passed: {service}
16300,2026-01-11,09:39:02,INFO,WebServer,Page view: /home by u2594,E103,Page view: {page} by {user}
16301,2026-01-11,09:22:48,INFO,AuthService,Transaction tx734459 completed in 444ms,E104,Transaction {tx} completed in {time}ms
16302,2026-01-11,09:50:14,INFO,WebServer,Page view: /home by u3347,E103,Page view: {page} by {user}
16303,2026-01-11,09:02:45,INFO,AuthService,Page view: /home by u1132,E103,Page view: {page} by {user}
16304,2026-01-11,09:46:39,INFO,AuthService,User u3041 login successful,E101,User {user} login successful
16305,2026-01-11,09:45:00,INFO,PaymentGateway,User u4195 login successful,E101,User {user} login successful
16306,2026-01-11,09:42:10,INFO,OrderProcessor,Page view: /home by u2971,E103,Page view: {page} by {user}
16307,2026-01-11,09:35:31,INFO,WebServer,Transaction tx497732 completed in 1646ms,E104,Transaction {tx} completed in {time}ms
16308,2026-01-11,09:57:17,INFO,PaymentGateway,Page view: /home by u2166,E103,Page view: {page} by {user}
16309,2026-01-11,09:45:59,INFO,WebServer,Page view: /home by u4299,E103,Page view: {page} by {user}
16310,2026-01-11,09:35:42,INFO,WebServer,Health check passed: WebServer,E102,Health check passed: {service}
16311,2026-01-11,09:45:20,INFO,WebServer,Health check passed: WebServer,E102,Health check passed: {service}
16312,2026-01-11,09:47:52,INFO,WebServer,Health check passed: WebServer,E102,Health check passed: {service}
16313,2026-01-11,09:41:13,INFO,PaymentGateway,Health check passed: PaymentGateway,E102,Health check passed: {service}
16314,2026-01-11,09:48:46,ERROR,WebServer,Timeout waiting for lock on InventoryDB,E502,Timeout waiting for lock on {db}
16315,2026-01-11,09:40:10,INFO,PaymentGateway,User u3639 login successful,E101,User {user} login successful
16316,2026-01-11,09:25:12,INFO,WebServer,Transaction tx701502 completed in 1808ms,E104,Transaction {tx} completed in {time}ms
16317,2026-01-11,09:41:01,INFO,WebServer,Page view: /home by u2978,E103,Page view: {page} by {user}
16318,2026-01-11,09:43:32,INFO,WebServer,User u2980 login successful,E101,User {user} login successful
16319,2026-01-11,09:37:49,INFO,WebServer,Health check passed: WebServer,E102,Health check passed: {service}
16320,2026-01-11,09:00:26,INFO,InventoryDB,User u1386 login successful,E101,User {user} login successful
16321,2026-01-11,09:24:04,INFO,AuthService,User u3642 login successful,E101,User {user} login successful
16322,2026-01-11,09:51:32,INFO,WebServer,Transaction tx860115 completed in 302ms,E104,Transaction {tx} completed in {time}ms
16323,2026-01-11,09:23:45,INFO,WebServer,Transaction tx321463 completed in 1906ms,E104,Transaction {tx} completed in {time}ms
16324,2026-01-11,09:56:42,INFO,WebServer,Transaction tx322291 completed in 1053ms,E104,Transaction {tx} completed in {time}ms
16325,2026-01-11,09:01:40,INFO,WebServer,Page view: /home by u3645,E103,Page view: {page} by {user}
16326,2026-01-11,09:57:10,INFO,InventoryDB,Transaction tx936303 completed in 612ms,E104,Transaction {tx} completed in {time}ms
16327,2026-01-11,09:42:41,INFO,InventoryDB,Page view: /home by u2041,E103,Page view: {page} by {user}
16328,2026-01-11,09:55:09,INFO,InventoryDB,Page view: /home by u3842,E103,Page view: {page} by {user}
16329,2026-01-11,09:59:28,INFO,OrderProcessor,Transaction tx454656 completed in 954ms,E104,Transaction {tx} completed in {time}ms
16330,2026-01-11,09:39:15,INFO,WebServer,Transaction tx757813 completed in 40ms,E104,Transaction {tx} completed in {time}ms
16331,2026-01-11,09:58:56,INFO,InventoryDB,Transaction tx885110 completed in 733ms,E104,Transaction {tx} completed in {time}ms
16332,2026-01-11,09:06:40,INFO,InventoryDB,Health check passed: InventoryDB,E102,Health check passed: {service}
16333,2026-01-11,09:43:47,INFO,AuthService,Page view: /home by u2735,E103,Page view: {page} by {user}
16334,2026-01-11,09:10:45,INFO,WebServer,Health check passed: WebServer,E102,Health check passed: {service}
16335,2026-01-11,09:59:50,INFO,InventoryDB,Health check passed: InventoryDB,E102,Health check passed: {service}
16336,2026-01-11,09:38:07,INFO,AuthService,Page view: /home by u3423,E103,Page view: {page} by {user}
16337,2026-01-11,09:25:58,INFO,AuthService,User u3451 login successful,E101,User {user} login successful
16338,2026-01-11,09:28:25,INFO,InventoryDB,Transaction tx974345 completed in 1117ms,E104,Transaction {tx} completed in {time}ms
16339,2026-01-11,09:44:22,INFO,AuthService,Transaction tx938102 completed in 701ms,E104,Transaction {tx} completed in {time}ms
16340,2026-01-11,09:39:57,INFO,PaymentGateway,User u4354 login successful,E101,User {user} login successful
16341,2026-01-11,09:39:33,INFO,OrderProcessor,User u3995 login successful,E101,User {user} login successful
16342,2026-01-11,09:29:51,INFO,AuthService,Page view: /home by u1492,E103,Page view: {page} by {user}
16343,2026-01-11,09:08:46,INFO,WebServer,Transaction tx564797 completed in 1349ms,E104,Transaction {tx} completed in {time}ms
16344,2026-01-11,09:53:14,WARN,PaymentGateway,Unauthorized access attempt from 10.0.0.45,E401,Unauthorized access attempt from {ip}
16345,2026-01-11,09:21:34,INFO,WebServer,Health check passed: WebServer,E102,Health check passed: {service}
16346,2026-01-11,09:45:02,INFO,WebServer,Page view: /home by u3558,E103,Page view: {page} by {user}
16347,2026-01-11,09:05:59,INFO,WebServer,Health check passed: WebServer,E102,Health check passed: {service}
16348,2026-01-11,09:47:20,INFO,WebServer,User u1234 login successful,E101,User {user} login successful
16349,2026-01-11,09:35:02,INFO,WebServer,User u2907 login successful,E101,User {user} login successful
16350,2026-01-11,09:02:32,INFO,AuthService,Transaction tx186612 completed in 718ms,E104,Transaction {tx} completed in {time}ms
16351,2026-01-11,09:35:52,INFO,WebServer,Health check passed: WebServer,E102,Health check passed: {service}
16352,2026-01-11,09:56:48,INFO,PaymentGateway,User u1899 login successful,E101,User {user} login successful
16353,2026-01-11,09:19:55,WARN,WebServer,High latency (100ms) detected on WebServer,E201,High latency ({time}ms) detected on {service}
16354,2026-01-11,09:28:03,INFO,OrderProcessor,Page view: /home by u2889,E103,Page view: {page} by {user}
16355,2026-01-11,09:45:41,INFO,AuthService,Health check passed: AuthService,E102,Health check passed: {service}
16356,2026-01-11,09:37:40,INFO,OrderProcessor,Transaction tx572084 completed in 1537ms,E104,Transaction {tx} completed in {time}ms
16357,2026-01-11,09:48:21,INFO,WebServer,Health check passed: WebServer,E102,Health check passed: {service}
16358,2026-01-11,09:50:44,INFO,WebServer,Page view: /home by u4991,E103,Page view: {page} by {user}
16359,2026-01-11,09:27:54,INFO,InventoryDB,Page view: /home by u2537,E103,Page view: {page} by {user}
16360,2026-01-11,09:50:34,INFO,WebServer,Transaction tx756583 completed in 1811ms,E104,Transaction {tx} completed in {time}ms
16361,2026-01-11,09:44:09,INFO,OrderProcessor,Page view: /home by u4989,E103,Page view: {page} by {user}
16362,2026-01-11,09:42:39,INFO,WebServer,Transaction tx893554 completed in 876ms,E104,Transaction {tx} completed in {time}ms
16363,2026-01-11,09:26:50,INFO,WebServer,User u4242 login successful,E101,User {user} login successful
16364,2026-01-11,09:29:56,INFO,WebServer,Health check passed: WebServer,E102,Health check passed: {service}
16365,2026-01-11,09:59:01,INFO,AuthService,Health check passed: AuthService,E102,Health check passed: {service}
16366,2026-01-11,09:47:35,INFO,AuthService,Page view: /home by u4760,E103,Page view: {page} by {user}
16367,2026-01-11,09:20:02,INFO,WebServer,Page view: /home by u3880,E103,Page view: {page} by {user}
16368,2026-01-11,09:14:02,INFO,InventoryDB,User u2751 login successful,E101,User {user} login successful
16369,2026-01-11,09:27:08,INFO,OrderProcessor,Page view: /home by u1502,E103,Page view: {page} by {user}
16370,2026-01-11,09:54:03,INFO,PaymentGateway,Page view: /home by u4730,E103,Page view: {page} by {user}
16371,2026-01-11,09:31:27,INFO,OrderProcessor,Transaction tx174132 completed in 1218ms,E104,Transaction {tx} completed in {time}ms
16372,2026-01-11,09:41:09,ERROR,OrderProcessor,Payment declined: Gateway unavailable,E503,Payment declined: Gateway unavailable
16373,2026-01-11,09:26:10,INFO,WebServer,Health check passed: WebServer,E102,Health check passed: {service}
16374,2026-01-11,09:39:14,INFO,WebServer,Page view: /home by u2660,E103,Page view: {page} by {user}
16375,2026-01-11,09:38:42,INFO,WebServer,User u3969 login successful,E101,User {user} login successful
16376,2026-01-11,09:17:25,INFO,OrderProcessor,Transaction tx139910 completed in 514ms,E104,Transaction {tx} completed in {time}ms
16377,2026-01-11,09:47:11,INFO,WebServer,Transaction tx618161 completed in 758ms,E104,Transaction {tx} completed in {time}ms
16378,2026-01-11,09:42:11,INFO,OrderProcessor,User u1472 login successful,E101,User {user} login successful
16379,2026-01-11,09:07:12,INFO,WebServer,Health check passed: WebServer,E102,Health check passed: {service}
16380,2026-01-11,09:28:57,INFO,OrderProcessor,User u2267 login successful,E101,User {user} login successful
16381,2026-01-11,09:33:24,INFO,AuthService,Transaction tx794556 completed in 482ms,E104,Transaction {tx} completed in {time}ms
16382,2026-01-11,09:01:45,INFO,WebServer,User u4790 login successful,E101,User {user} login successful
16383,2026-01-11,09:58:18,INFO,WebServer,Health check passed: WebServer,E102,Health check passed: {service}
16384,2026-01-11,09:42:13,INFO,InventoryDB,Transaction tx920436 completed in 1663ms,E104,Transaction {tx} completed in {time}ms
16385,2026-01-11,09:00:49,INFO,OrderProcessor,Health check passed: OrderProcessor,E102,Health check passed: {service}
16386,2026-01-11,09:30:56,INFO,InventoryDB,Transaction tx732944 completed in 1991ms,E104,Transaction {tx} completed in {time}ms
16387,2026-01-11,09:13:15,INFO,PaymentGateway,Transaction tx416128 completed in 1484ms,E104,Transaction {tx} completed in {time}ms
16388,2026-01-11,09:52:56,INFO,WebServer,Transaction tx939899 completed in 387ms,E104,Transaction {tx} completed in {time}ms
16389,2026-01-11,09:14:41,INFO,WebServer,Page view: /home by u4979,E103,Page view: {page} by {user}
16390,2026-01-11,09:28:22,INFO,OrderProcessor,Transaction tx563407 completed in 1182ms,E104,Transaction {tx} completed in {time}ms
16391,2026-01-11,09:27:15,INFO,AuthService,Health check passed: AuthService,E102,Health check passed: {service}
16392,2026-01-11,09:35:24,INFO,WebServer,User u4090 login successful,E101,User {user} login successful
16393,2026-01-11,09:09:30,INFO,WebServer,Transaction tx299626 completed in 1781ms,E104,Transaction {tx} completed in {time}ms
16394,2026-01-11,09:03:11,INFO,WebServer,Page view: /home by u1293,E103,Page view: {page} by {user}
16395,2026-01-11,09:28:20,INFO,AuthService,Transaction tx473513 completed in 283ms,E104,Transaction {tx} completed in {time}ms
16396,2026-01-11,09:42:22,INFO,OrderProcessor,Transaction tx213244 completed in 396ms,E104,Transaction {tx} completed in {time}ms
16397,2026-01-11,09:37:58,INFO,OrderProcessor,Health check passed: OrderProcessor,E102,Health check passed: {service}
16398,2026-01-11,09:21:34,WARN,PaymentGateway,High latency (796ms) detected on PaymentGateway,E201,High latency ({time}ms) detected on {service}
16399,2026-01-11,09:26:11,INFO,AuthService,Page view: /home by u3496,E103,Page view: {page} by {user}
16400,2026-01-11,09:13:31,INFO,InventoryDB,Transaction tx323681 completed in 1374ms,E104,Transaction {tx} completed in {time}ms
16401,2026-01-11,09:07:23,INFO,PaymentGateway,User u4745 login successful,E101,User {user} login successful
16402,2026-01-11,09:59:29,INFO,PaymentGateway,Health check passed: PaymentGateway,E102,Health check passed: {service}
16403,2026-01-11,09:10:23,INFO,WebServer,Health check passed: WebServer,E102,Health check passed: {service}
16404,2026-01-11,09:17:12,INFO,AuthService,Page view: /home by u4802,E103,Page view: {page} by {user}
16405,2026-01-11,09:22:23,WARN,WebServer,High latency (1498ms) detected on WebServer,E201,High latency ({time}ms) detected on {service}
16406,2026-01-11,09:15:55,INFO,AuthService,Page view: /home by u1952,E103,Page view: {page} by {user}
16407,2026-01-11,09:24:50,INFO,WebServer,Health check passed: WebServer,E102,Health check passed: {service}
16408,2026-01-11,09:18:05,INFO,WebServer,User u1636 login successful,E101,User {user} login successful
16409,2026-01-11,09:19:00,INFO,WebServer,Health check passed: WebServer,E102,Health check passed: {service}
16410,2026-01-11,09:13:09,INFO,WebServer,Page view: /home by u3840,E103,Page view: {page} by {user}
16411,2026-01-11,09:33:28,INFO,PaymentGateway,Health check passed: PaymentGateway,E102,Health check passed: {service}
16412,2026-01-11,09:15:50,INFO,WebServer,Page view: /home by u3765,E103,Page view: {page} by {user}
16413,2026-01-11,09:02:31,INFO,InventoryDB,Page view: /home by u4680,E103,Page view: {page} by {user}
16414,2026-01-11,09:33:30,INFO,WebServer,User u1025 login successful,E101,User {user} login successful
16415,2026-01-11,09:25:11,INFO,AuthService,User u1551 login successful,E101,User {user} login successful
16416,2026-01-11,09:44:47,INFO,AuthService,Transaction tx131750 completed in 1536ms,E104,Transaction {tx} completed in {time}ms
16417,2026-01-11,09:02:19,INFO,WebServer,Health check passed: WebServer,E102,Health check passed: {service}
16418,2026-01-11,09:28:37,INFO,WebServer,User u1167 login successful,E101,User {user} login successful
16419,2026-01-11,09:27:40,INFO,PaymentGateway,Transaction tx941001 completed in 484ms,E104,Transaction {tx} completed in {time}ms
16420,2026-01-11,09:17:20,INFO,AuthService,Health check passed: AuthService,E102,Health check passed: {service}
16421,2026-01-11,09:38:38,INFO,OrderProcessor,Transaction tx705046 completed in 1573ms,E104,Transaction {tx} completed in {time}ms
16422,2026-01-11,09:19:25,INFO,WebServer,Page view: /home by u2776,E103,Page view: {page} by {user}
16423,2026-01-11,09:03:29,INFO,OrderProcessor,Health check passed: OrderProcessor,E102,Health check passed: {service}
16424,2026-01-11,09:41:48,INFO,WebServer,Health check passed: WebServer,E102,Health check passed: {service}
16425,2026-01-11,09:25:23,INFO,AuthService,Health check passed: AuthService,E102,Health check passed: {service}
16426,2026-01-11,09:40:02,INFO,WebServer,Transaction tx494284 completed in 1392ms,E104,Transaction {tx} completed in {time}ms
16427,2026-01-11,09:41:36,INFO,WebServer,Page view: /home by u3224,E103,Page view: {page} by {user}
16428,2026-01-11,09:27:35,INFO,OrderProcessor,User u1107 login successful,E101,User {user} login successful
16429,2026-01-11,09:18:45,INFO,WebServer,User u4470 login successful,E101,User {user} login successful
16430,2026-01-11,09:10:10,INFO,WebServer,Health check passed: WebServer,E102,Health check passed: {service}
16431,2026-01-11,09:22:05,INFO,WebServer,Page view: /home by u4221,E103,Page view: {page} by {user}
16432,2026-01-11,09:32:05,INFO,WebServer,Transaction tx550272 completed in 604ms,E104,Transaction {tx} completed in {time}ms
16433,2026-01-11,09:56:26,INFO,WebServer,User u2275 login successful,E101,User {user} login successful
16434,2026-01-11,09:14:27,WARN,WebServer,Unauthorized access attempt from 10.0.0.45,E401,Unauthorized access attempt from {ip}
16435,2026-01-11,09:09:43,INFO,WebServer,User u4660 login successful,E101,User {user} login successful
16436,2026-01-11,09:39:36,INFO,InventoryDB,User u3269 login successful,E101,User {user} login successful
16437,2026-01-11,09:29:19,INFO,WebServer,User u4933 login successful,E101,User {user} login successful
16438,2026-01-11,09:24:15,INFO,OrderProcessor,Page view: /home by u2134,E103,Page view: {page} by {user}
16439,2026-01-11,09:09:28,INFO,AuthService,User u4229 login successful,E101,User {user} login successful
16440,2026-01-11,09:20:52,INFO,WebServer,Health check passed: WebServer,E102,Health check passed: {service}
16441,2026-01-11,09:56:55,WARN,InventoryDB,High latency (591ms) detected on InventoryDB,E201,High latency ({time}ms) detected on {service}
16442,2026-01-11,09:25:52,INFO,WebServer,User u3954 login successful,E101,User {user} login successful
16443,2026-01-11,09:37:35,INFO,WebServer,Health check passed: WebServer,E102,Health check passed: {service}
16444,2026-01-11,09:46:34,INFO,WebServer,User u4011 login successful,E101,User {user} login successful
16445,2026-01-11,09:13:40,INFO,OrderProcessor,Page view: /home by u2290,E103,Page view: {page} by {user}
16446,2026-01-11,09:09:26,INFO,WebServer,Transaction tx329093 completed in 1777ms,E104,Transaction {tx} completed in {time}ms
16447,2026-01-11,09:18:34,INFO,WebServer,User u3354 login successful,E101,User {user} login successful
16448,2026-01-11,09:14:55,INFO,AuthService,Page view: /home by u4081,E103,Page view: {page} by {user}
16449,2026-01-11,09:35:02,INFO,AuthService,Health check passed: AuthService,E102,Health check passed: {service}
16450,2026-01-11,09:57:51,INFO,OrderProcessor,Transaction tx389250 completed in 925ms,E104,Transaction {tx} completed in {time}ms
16451,2026-01-11,09:27:55,INFO,WebServer,Transaction tx449009 completed in 1872ms,E104,Transaction {tx} completed in {time}ms
16452,2026-01-11,09:47:31,INFO,AuthService,Transaction tx499927 completed in 771ms,E104,Transaction {tx} completed in {time}ms
16453,2026-01-11,09:06:31,INFO,WebServer,Transaction tx996811 completed in 1283ms,E104,Transaction {tx} completed in {time}ms
16454,2026-01-11,09:50:39,ERROR,InventoryDB,Connection refused to InventoryDB at 10.0.0.45,E501,Connection refused to {service} at {ip}
16455,2026-01-11,09:03:05,WARN,AuthService,High latency (1564ms) detected on AuthService,E201,High latency ({time}ms) detected on {service}
16456,2026-01-11,09:08:36,INFO,WebServer,Transaction tx454984 completed in 713ms,E104,Transaction {tx} completed in {time}ms
16457,2026-01-11,09:32:41,INFO,WebServer,Page view: /home by u1871,E103,Page view: {page} by {user}
16458,2026-01-11,09:15:56,INFO,WebServer,Health check passed: WebServer,E102,Health check passed: {service}
16459,2026-01-11,09:31:59,INFO,AuthService,Transaction tx568086 completed in 642ms,E104,Transaction {tx} completed in {time}ms
16460,2026-01-11,09:36:25,INFO,WebServer,Health check passed: WebServer,E102,Health check passed: {service}
16461,2026-01-11,09:05:08,INFO,AuthService,Transaction tx969744 completed in 80ms,E104,Transaction {tx} completed in {time}ms
16462,2026-01-11,09:31:08,WARN,WebServer,High latency (56ms) detected on WebServer,E201,High latency ({time}ms) detected on {service}
16463,2026-01-11,09:11:45,INFO,WebServer,Page view: /home by u3964,E103,Page view: {page} by {user}
16464,2026-01-11,09:16:26,INFO,InventoryDB,Health check passed: InventoryDB,E102,Health check passed: {service}
16465,2026-01-11,09:35:13,INFO,AuthService,Transaction tx541155 completed in 1149ms,E104,Transaction {tx} completed in {time}ms
16466,2026-01-11,09:38:53,INFO,WebServer,User u2936 login successful,E101,User {user} login successful
16467,2026-01-11,09:27:51,INFO,OrderProcessor,User u1705 login successful,E101,User {user} login successful
16468,2026-01-11,09:32:48,INFO,WebServer,Transaction tx418200 completed in 911ms,E104,Transaction {tx} completed in {time}ms
16469,2026-01-11,09:34:53,INFO,WebServer,Page view: /home by u2939,E103,Page view: {page} by {user}
16470,2026-01-11,09:57:23,INFO,WebServer,Transaction tx421312 completed in 1448ms,E104,Transaction {tx} completed in {time}ms
16471,2026-01-11,09:28:22,INFO,WebServer,Transaction tx260028 completed in 737ms,E104,Transaction {tx} completed in {time}ms
16472,2026-01-11,09:40:04,WARN,WebServer,Disk usage > 85% on node node-4,E202,Disk usage > 85% on node {node}
16473,2026-01-11,09:34:08,INFO,WebServer,User u2984 login successful,E101,User {user} login successful
16474,2026-01-11,09:08:16,INFO,WebServer,Transaction tx570134 completed in 1389ms,E104,Transaction {tx} completed in {time}ms
16475,2026-01-11,09:06:44,INFO,InventoryDB,Page view: /home by u4293,E103,Page view: {page} by {user}
16476,2026-01-11,09:11:50,INFO,OrderProcessor,Health check passed: OrderProcessor,E102,Health check passed: {service}
16477,2026-01-11,09:03:45,INFO,PaymentGateway,Transaction tx967926 completed in 1513ms,E104,Transaction {tx} completed in {time}ms
16478,2026-01-11,09:58:36,CRITICAL,WebServer,DATA CORRUPTION detected in sector 864,E602,DATA CORRUPTION detected in sector {sector}
16479,2026-01-11,09:13:58,INFO,AuthService,Health check passed: AuthService,E102,Health check passed: {service}
16480,2026-01-11,09:03:30,INFO,WebServer,Page view: /home by u2742,E103,Page view: {page} by {user}
16481,2026-01-11,09:07:10,INFO,InventoryDB,Health check passed: InventoryDB,E102,Health check passed: {service}
16482,2026-01-11,09:57:43,INFO,OrderProcessor,Health check passed: OrderProcessor,E102,Health check passed: {service}
16483,2026-01-11,09:28:53,INFO,WebServer,Page view: /home by u1788,E103,Page view: {page} by {user}
16484,2026-01-11,09:52:56,INFO,AuthService,Transaction tx436246 completed in 1875ms,E104,Transaction {tx} completed in {time}ms
16485,2026-01-11,09:38:11,INFO,OrderProcessor,Transaction tx413803 completed in 759ms,E104,Transaction {tx} completed in {time}ms
16486,2026-01-11,09:06:10,INFO,OrderProcessor,User u4187 login successful,E101,User {user} login successful
16487,2026-01-11,09:52:53,INFO,OrderProcessor,Health check passed: OrderProcessor,E102,Health check passed: {service}
16488,2026-01-11,09:08:34,INFO,InventoryDB,Transaction tx752958 completed in 509ms,E104,Transaction {tx} completed in {time}ms
16489,2026-01-11,09:44:44,INFO,PaymentGateway,User u3550 login successful,E101,User {user} login successful
16490,2026-01-11,09:48:20,INFO,WebServer,Health check passed: WebServer,E102,Health check passed: {service}
16491,2026-01-11,09:36:05,INFO,AuthService,User u2657 login successful,E101,User {user} login successful
16492,2026-01-11,09:35:02,INFO,WebServer,Health check passed: WebServer,E102,Health check passed: {service}
16493,2026-01-11,09:25:35,INFO,OrderProcessor,Page view: /home by u1882,E103,Page view: {page} by {user}
16494,2026-01-11,09:55:48,INFO,WebServer,User u4634 login successful,E101,User {user} login successful
16495,2026-01-11,09:03:41,INFO,WebServer,User u4201 login successful,E101,User {user} login successful
16496,2026-01-11,09:09:54,INFO,WebServer,Health check passed: WebServer,E102,Health check passed: {service}
16497,2026-01-11,09:11:00,INFO,WebServer,User u3118 login successful,E101,User {user} login successful
16498,2026-01-11,09:38:00,INFO,WebServer,Page view: /home by u1740,E103,Page view: {page} by {user}
16499,2026-01-11,09:54:08,INFO,InventoryDB,Transaction tx945942 completed in 543ms,E104,Transaction {tx} completed in {time}ms
16500,2026-01-11,09:08:35,INFO,WebServer,User u1054 login successful,E101,User {user} login successful
16501,2026-01-11,09:30:49,INFO,WebServer,User u1006 login successful,E101,User {user} login successful
16502,2026-01-11,09:32:01,INFO,OrderProcessor,Health check passed: OrderProcessor,E102,Health check passed: {service}
16503,2026-01-11,09:03:23,INFO,PaymentGateway,User u2444 login successful,E101,User {user} login successful
16504,2026-01-11,09:50:41,INFO,WebServer,User u1660 login successful,E101,User {user} login successful
16505,2026-01-11,09:19:25,INFO,WebServer,Page view: /home by u3630,E103,Page view: {page} by {user}
16506,2026-01-11,09:31:35,WARN,PaymentGateway,High latency (189ms) detected on PaymentGateway,E201,High latency ({time}ms) detected on {service}
16507,2026-01-11,09:54:19,INFO,AuthService,User u1316 login successful,E101,User {user} login successful
16508,2026-01-11,09:50:22,INFO,WebServer,Health check passed: WebServer,E102,Health check passed: {service}
16509,2026-01-11,09:51:04,INFO,WebServer,Health check passed: WebServer,E102,Health check passed: {service}
16510,2026-01-11,09:26:09,INFO,WebServer,Transaction tx689451 completed in 504ms,E104,Transaction {tx} completed in {time}ms
16511,2026-01-11,09:14:19,INFO,WebServer,Health check passed: WebServer,E102,Health check passed: {service}
16512,2026-01-11,09:18:20,INFO,AuthService,Health check passed: AuthService,E102,Health check passed: {service}
16513,2026-01-11,09:42:02,INFO,WebServer,User u3545 login successful,E101,User {user} login successful
16514,2026-01-11,09:11:49,INFO,PaymentGateway,Transaction tx541223 completed in 1377ms,E104,Transaction {tx} completed in {time}ms
16515,2026-01-11,09:41:47,INFO,WebServer,Transaction tx774497 completed in 1552ms,E104,Transaction {tx} completed in {time}ms
16516,2026-01-11,09:02:15,INFO,WebServer,Health check passed: WebServer,E102,Health check passed: {service}
16517,2026-01-11,09:49:43,INFO,WebServer,Health check passed: WebServer,E102,Health check passed: {service}
16518,2026-01-11,09:26:59,INFO,OrderProcessor,Transaction tx205819 completed in 1600ms,E104,Transaction {tx} completed in {time}ms
16519,2026-01-11,09:56:10,INFO,OrderProcessor,Health check passed: OrderProcessor,E102,Health check passed: {service}
16520,2026-01-11,09:57:23,INFO,WebServer,Transaction tx192797 completed in 922ms,E104,Transaction {tx} completed in {time}ms
16521,2026-01-11,09:00:17,INFO,WebServer,Health check passed: WebServer,E102,Health check passed: {service}
16522,2026-01-11,09:54:22,INFO,WebServer,Transaction tx378464 completed in 333ms,E104,Transaction {tx} completed in {time}ms
16523,2026-01-11,09:10:41,INFO,WebServer,User u3356 login successful,E101,User {user} login successful
16524,2026-01-11,09:14:10,INFO,AuthService,Page view: /home by u3613,E103,Page view: {page} by {user}
16525,2026-01-11,09:29:56,INFO,InventoryDB,Page view: /home by u2552,E103,Page view: {page} by {user}
16526,2026-01-11,09:57:15,INFO,WebServer,User u4199 login successful,E101,User {user} login successful
16527,2026-01-11,09:10:32,INFO,WebServer,Page view: /home by u4614,E103,Page view: {page} by {user}
16528,2026-01-11,09:51:17,INFO,WebServer,Transaction tx223844 completed in 1401ms,E104,Transaction {tx} completed in {time}ms
16529,2026-01-11,09:26:18,INFO,AuthService,Transaction tx860710 completed in 1784ms,E104,Transaction {tx} completed in {time}ms
16530,2026-01-11,09:25:06,INFO,PaymentGateway,Health check passed: PaymentGateway,E102,Health check passed: {service}
16531,2026-01-11,09:19:55,INFO,WebServer,Health check passed: WebServer,E102,Health check passed: {service}
16532,2026-01-11,09:05:56,INFO,OrderProcessor,Health check passed: OrderProcessor,E102,Health check passed: {service}
16533,2026-01-11,09:44:23,INFO,WebServer,Transaction tx603313 completed in 1064ms,E104,Transaction {tx} completed in {time}ms
16534,2026-01-11,09:26:00,INFO,AuthService,Page view: /home by u2654,E103,Page view: {page} by {user}
16535,2026-01-11,09:39:04,INFO,AuthService,Health check passed: AuthService,E102,Health check passed: {service}
16536,2026-01-11,09:37:16,INFO,WebServer,User u4089 login successful,E101,User {user} login successful
16537,2026-01-11,09:18:49,INFO,WebServer,Transaction tx572271 completed in 894ms,E104,Transaction {tx} completed in {time}ms
16538,2026-01-11,09:16:02,INFO,InventoryDB,Health check passed: InventoryDB,E102,Health check passed: {service}
16539,2026-01-11,09:09:47,INFO,AuthService,Page view: /home by u3799,E103,Page view: {page} by {user}
16540,2026-01-11,09:04:17,INFO,WebServer,Page view: /home by u1343,E103,Page view: {page} by {user}
16541,2026-01-11,09:53:20,INFO,AuthService,Page view: /home by u1406,E103,Page view: {page} by {user}
16542,2026-01-11,09:19:22,INFO,WebServer,User u4150 login successful,E101,User {user} login successful
16543,2026-01-11,09:39:23,INFO,AuthService,Transaction tx360270 completed in 926ms,E104,Transaction {tx} completed in {time}ms
16544,2026-01-11,09:17:20,INFO,OrderProcessor,Page view: /home by u4772,E103,Page view: {page} by {user}
16545,2026-01-11,09:02:11,INFO,AuthService,Health check passed: AuthService,E102,Health check passed: {service}
16546,2026-01-11,09:13:46,INFO,AuthService,Health check passed: AuthService,E102,Health check passed: {service}
16547,2026-01-11,09:21:02,CRITICAL,WebServer,DATA CORRUPTION detected in sector 237,E602,DATA CORRUPTION detected in sector {sector}
16548,2026-01-11,09:45:19,INFO,WebServer,User u1548 login successful,E101,User {user} login successful
16549,2026-01-11,09:34:54,INFO,WebServer,Page view: /home by u4964,E103,Page view: {page} by {user}
16550,2026-01-11,09:25:53,INFO,AuthService,Transaction tx747981 completed in 38ms,E104,Transaction {tx} completed in {time}ms
16551,2026-01-11,09:43:08,INFO,WebServer,Page view: /home by u2338,E103,Page view: {page} by {user}
16552,2026-01-11,09:39:26,ERROR,WebServer,Payment declined: Gateway unavailable,E503,Payment declined: Gateway unavailable
16553,2026-01-11,09:31:35,INFO,PaymentGateway,Transaction tx552010 completed in 1825ms,E104,Transaction {tx} completed in {time}ms
16554,2026-01-11,09:45:50,INFO,WebServer,Page view: /home by u3591,E103,Page view: {page} by {user}
16555,2026-01-11,09:20:28,INFO,WebServer,Health check passed: WebServer,E102,Health check passed: {service}
16556,2026-01-11,09:56:29,INFO,AuthService,Health check passed: AuthService,E102,Health check passed: {service}
16557,2026-01-11,09:39:30,INFO,WebServer,Transaction tx322301 completed in 55ms,E104,Transaction {tx} completed in {time}ms
16558,2026-01-11,09:33:39,INFO,WebServer,Health check passed: WebServer,E102,Health check passed: {service}
16559,2026-01-11,09:37:11,INFO,InventoryDB,User u3336 login successful,E101,User {user} login successful
16560,2026-01-11,09:52:45,INFO,WebServer,Transaction tx702205 completed in 211ms,E104,Transaction {tx} completed in {time}ms
16561,2026-01-11,09:16:03,INFO,AuthService,Transaction tx248992 completed in 126ms,E104,Transaction {tx} completed in {time}ms
16562,2026-01-11,09:52:47,WARN,WebServer,High latency (853ms) detected on WebServer,E201,High latency ({time}ms) detected on {service}
16563,2026-01-11,09:43:10,WARN,WebServer,Unauthorized access attempt from 10.0.0.45,E401,Unauthorized access attempt from {ip}
16564,2026-01-11,09:58:09,INFO,AuthService,Transaction tx683566 completed in 1048ms,E104,Transaction {tx} completed in {time}ms
16565,2026-01-11,09:11:10,INFO,WebServer,Health check passed: WebServer,E102,Health check passed: {service}
16566,2026-01-11,09:35:13,INFO,AuthService,Health check passed: AuthService,E102,Health check passed: {service}
16567,2026-01-11,09:41:02,CRITICAL,WebServer,DATA CORRUPTION detected in sector 585,E602,DATA CORRUPTION detected in sector {sector}
16568,2026-01-11,09:44:05,INFO,WebServer,User u1516 login successful,E101,User {user} login successful
16569,2026-01-11,09:52:58,INFO,OrderProcessor,Transaction tx219502 completed in 1875ms,E104,Transaction {tx} completed in {time}ms
16570,2026-01-11,09:40:20,INFO,AuthService,User u1737 login successful,E101,User {user} login successful
16571,2026-01-11,09:34:31,INFO,AuthService,User u4476 login successful,E101,User {user} login successful
16572,2026-01-11,09:49:18,INFO,WebServer,Page view: /home by u1403,E103,Page view: {page} by {user}
16573,2026-01-11,09:00:13,INFO,OrderProcessor,User u2561 login successful,E101,User {user} login successful
16574,2026-01-11,09:43:24,INFO,OrderProcessor,Health check passed: OrderProcessor,E102,Health check passed: {service}
16575,2026-01-11,09:00:47,INFO,OrderProcessor,User u2373 login successful,E101,User {user} login successful
16576,2026-01-11,09:46:47,INFO,WebServer,User u3932 login successful,E101,User {user} login successful
16577,2026-01-11,09:52:13,ERROR,WebServer,Payment declined: Gateway unavailable,E503,Payment declined: Gateway unavailable
16578,2026-01-11,09:56:19,WARN,AuthService,Unauthorized access attempt from 10.0.0.45,E401,Unauthorized access attempt from {ip}
16579,2026-01-11,09:53:44,INFO,OrderProcessor,Health check passed: OrderProcessor,E102,Health check passed: {service}
16580,2026-01-11,09:40:31,INFO,WebServer,Page view: /home by u2188,E103,Page view: {page} by {user}
16581,2026-01-11,09:31:58,INFO,WebServer,Transaction tx944519 completed in 1292ms,E104,Transaction {tx} completed in {time}ms
16582,2026-01-11,09:43:08,INFO,WebServer,Transaction tx335785 completed in 1095ms,E104,Transaction {tx} completed in {time}ms
16583,2026-01-11,09:09:37,INFO,WebServer,Page view: /home by u1245,E103,Page view: {page} by {user}
16584,2026-01-11,09:08:27,INFO,OrderProcessor,Transaction tx221815 completed in 1941ms,E104,Transaction {tx} completed in {time}ms
16585,2026-01-11,09:04:45,INFO,PaymentGateway,Page view: /home by u3100,E103,Page view: {page} by {user}
16586,2026-01-11,09:11:26,INFO,WebServer,Page view: /home by u4692,E103,Page view: {page} by {user}
16587,2026-01-11,09:32:13,WARN,AuthService,High latency (1629ms) detected on AuthService,E201,High latency ({time}ms) detected on {service}
16588,2026-01-11,09:23:51,INFO,WebServer,Health check passed: WebServer,E102,Health check passed: {service}
16589,2026-01-11,09:11:24,INFO,AuthService,Page view: /home by u2099,E103,Page view: {page} by {user}
16590,2026-01-11,09:58:39,INFO,OrderProcessor,Health check passed: OrderProcessor,E102,Health check passed: {service}
16591,2026-01-11,09:27:16,INFO,WebServer,Transaction tx456337 completed in 59ms,E104,Transaction {tx} completed in {time}ms
16592,2026-01-11,09:43:31,INFO,WebServer,Page view: /home by u2014,E103,Page view: {page} by {user}
16593,2026-01-11,09:31:47,INFO,OrderProcessor,Transaction tx245555 completed in 1658ms,E104,Transaction {tx} completed in {time}ms
16594,2026-01-11,09:08:26,WARN,OrderProcessor,Disk usage > 85% on node node-1,E202,Disk usage > 85% on node {node}
16595,2026-01-11,09:16:19,INFO,WebServer,Transaction tx328191 completed in 707ms,E104,Transaction {tx} completed in {time}ms
16596,2026-01-11,09:21:16,INFO,WebServer,Health check passed: WebServer,E102,Health check passed: {service}
16597,2026-01-11,09:38:37,INFO,AuthService,Transaction tx725226 completed in 511ms,E104,Transaction {tx} completed in {time}ms
16598,2026-01-11,09:05:32,INFO,WebServer,User u2765 login successful,E101,User {user} login successful
16599,2026-01-11,09:09:59,INFO,WebServer,Transaction tx347883 completed in 1792ms,E104,Transaction {tx} completed in {time}ms
16600,2026-01-11,09:44:52,WARN,AuthService,Unauthorized access attempt from 10.0.0.45,E401,Unauthorized access attempt from {ip}
16601,2026-01-11,09:23:32,INFO,InventoryDB,Transaction tx111552 completed in 373ms,E104,Transaction {tx} completed in {time}ms
16602,2026-01-11,09:00:15,INFO,WebServer,User u1042 login successful,E101,User {user} login successful
16603,2026-01-11,09:13:20,INFO,WebServer,Transaction tx774413 completed in 1432ms,E104,Transaction {tx} completed in {time}ms
16604,2026-01-11,09:55:16,INFO,InventoryDB,User u4577 login successful,E101,User {user} login successful
16605,2026-01-11,09:31:12,WARN,WebServer,High latency (1632ms) detected on WebServer,E201,High latency ({time}ms) detected on {service}
16606,2026-01-11,09:34:49,WARN,InventoryDB,Disk usage > 85% on node node-2,E202,Disk usage > 85% on node {node}
16607,2026-01-11,09:03:25,INFO,OrderProcessor,Page view: /home by u4387,E103,Page view: {page} by {user}
16608,2026-01-11,09:23:50,INFO,PaymentGateway,Health check passed: PaymentGateway,E102,Health check passed: {service}
16609,2026-01-11,09:48:41,INFO,PaymentGateway,Health check passed: PaymentGateway,E102,Health check passed: {service}
16610,2026-01-11,09:43:37,INFO,WebServer,Health check passed: WebServer,E102,Health check passed: {service}
16611,2026-01-11,09:03:12,INFO,WebServer,User u1328 login successful,E101,User {user} login successful
16612,2026-01-11,09:58:45,ERROR,WebServer,Connection refused to WebServer at 10.0.0.45,E501,Connection refused to {service} at {ip}
16613,2026-01-11,09:16:19,INFO,AuthService,Health check passed: AuthService,E102,Health check passed: {service}
16614,2026-01-11,09:27:35,INFO,InventoryDB,Page view: /home by u4880,E103,Page view: {page} by {user}
16615,2026-01-11,09:04:29,INFO,WebServer,User u1553 login successful,E101,User {user} login successful
16616,2026-01-11,09:54:49,INFO,WebServer,User u4344 login successful,E101,User {user} login successful
16617,2026-01-11,09:44:20,INFO,WebServer,User u4554 login successful,E101,User {user} login successful
16618,2026-01-11,09:06:40,INFO,PaymentGateway,Health check passed: PaymentGateway,E102,Health check passed: {service}
16619,2026-01-11,09:58:40,INFO,AuthService,Transaction tx583710 completed in 1465ms,E104,Transaction {tx} completed in {time}ms
16620,2026-01-11,09:10:43,INFO,WebServer,Transaction tx521693 completed in 149ms,E104,Transaction {tx} completed in {time}ms
16621,2026-01-11,09:57:39,INFO,WebServer,Health check passed: WebServer,E102,Health check passed: {service}
16622,2026-01-11,09:25:57,INFO,WebServer,Health check passed: WebServer,E102,Health check passed: {service}
16623,2026-01-11,09:55:52,INFO,AuthService,User u4606 login successful,E101,User {user} login successful
16624,2026-01-11,09:26:57,INFO,WebServer,User u3482 login successful,E101,User {user} login successful
16625,2026-01-11,09:54:22,INFO,WebServer,Health check passed: WebServer,E102,Health check passed: {service}
16626,2026-01-11,09:50:47,INFO,WebServer,Health check passed: WebServer,E102,Health check passed: {service}
16627,2026-01-11,09:51:34,INFO,OrderProcessor,User u2598 login successful,E101,User {user} login successful
16628,2026-01-11,09:04:26,INFO,WebServer,User u4096 login successful,E101,User {user} login successful
16629,2026-01-11,09:11:03,INFO,AuthService,Transaction tx843562 completed in 273ms,E104,Transaction {tx} completed in {time}ms
16630,2026-01-11,09:54:54,INFO,WebServer,User u2760 login successful,E101,User {user} login successful
16631,2026-01-11,09:39:51,INFO,WebServer,Health check passed: WebServer,E102,Health check passed: {service}
16632,2026-01-11,09:04:24,INFO,OrderProcessor,Transaction tx200890 completed in 1167ms,E104,Transaction {tx} completed in {time}ms
16633,2026-01-11,09:04:51,INFO,AuthService,Page view: /home by u1166,E103,Page view: {page} by {user}
16634,2026-01-11,09:40:08,INFO,AuthService,User u1712 login successful,E101,User {user} login successful
16635,2026-01-11,09:36:09,INFO,WebServer,Transaction tx327974 completed in 177ms,E104,Transaction {tx} completed in {time}ms
16636,2026-01-11,09:48:21,INFO,AuthService,Transaction tx131080 completed in 743ms,E104,Transaction {tx} completed in {time}ms
16637,2026-01-11,09:47:04,INFO,WebServer,Transaction tx403347 completed in 529ms,E104,Transaction {tx} completed in {time}ms
16638,2026-01-11,09:43:28,INFO,WebServer,Transaction tx540193 completed in 1669ms,E104,Transaction {tx} completed in {time}ms
16639,2026-01-11,09:07:15,INFO,WebServer,Health check passed: WebServer,E102,Health check passed: {service}
16640,2026-01-11,09:14:21,INFO,OrderProcessor,Health check passed: OrderProcessor,E102,Health check passed: {service}
16641,2026-01-11,09:40:55,INFO,WebServer,Transaction tx798318 completed in 332ms,E104,Transaction {tx} completed in {time}ms
16642,2026-01-11,09:48:41,INFO,WebServer,User u2344 login successful,E101,User {user} login successful
16643,2026-01-11,09:14:50,INFO,OrderProcessor,Health check passed: OrderProcessor,E102,Health check passed: {service}
16644,2026-01-11,09:37:57,INFO,WebServer,Health check passed: WebServer,E102,Health check passed: {service}
16645,2026-01-11,09:01:08,INFO,WebServer,Page view: /home by u3183,E103,Page view: {page} by {user}
16646,2026-01-11,09:01:20,INFO,WebServer,Page view: /home by u4400,E103,Page view: {page} by {user}
16647,2026-01-11,09:38:38,INFO,WebServer,User u4747 login successful,E101,User {user} login successful
16648,2026-01-11,09:59:10,INFO,WebServer,Health check passed: WebServer,E102,Health check passed: {service}
16649,2026-01-11,09:58:35,INFO,WebServer,Page view: /home by u3364,E103,Page view: {page} by {user}
16650,2026-01-11,09:59:07,INFO,WebServer,Health check passed: WebServer,E102,Health check passed: {service}
16651,2026-01-11,09:30:14,INFO,AuthService,Transaction tx431431 completed in 934ms,E104,Transaction {tx} completed in {time}ms
16652,2026-01-11,09:06:59,INFO,AuthService,Page view: /home by u1627,E103,Page view: {page} by {user}
16653,2026-01-11,09:14:27,INFO,WebServer,Transaction tx293868 completed in 1624ms,E104,Transaction {tx} completed in {time}ms
16654,2026-01-11,09:30:32,INFO,InventoryDB,Page view: /home by u3577,E103,Page view: {page} by {user}
16655,2026-01-11,09:46:21,INFO,WebServer,Transaction tx460727 completed in 1676ms,E104,Transaction {tx} completed in {time}ms
16656,2026-01-11,09:08:27,INFO,OrderProcessor,Page view: /home by u1196,E103,Page view: {page} by {user}
16657,2026-01-11,09:26:48,INFO,WebServer,Page view: /home by u3361,E103,Page view: {page} by {user}
16658,2026-01-11,09:20:08,INFO,AuthService,Health check passed: AuthService,E102,Health check passed: {service}
16659,2026-01-11,09:50:38,INFO,OrderProcessor,Transaction tx473452 completed in 787ms,E104,Transaction {tx} completed in {time}ms
16660,2026-01-11,09:02:38,INFO,WebServer,User u3495 login successful,E101,User {user} login successful
16661,2026-01-11,09:22:53,INFO,WebServer,Health check passed: WebServer,E102,Health check passed: {service}
16662,2026-01-11,09:33:04,INFO,WebServer,User u3060 login successful,E101,User {user} login successful
16663,2026-01-11,09:10:55,INFO,AuthService,Health check passed: AuthService,E102,Health check passed: {service}
16664,2026-01-11,09:33:00,INFO,InventoryDB,Health check passed: InventoryDB,E102,Health check passed: {service}
16665,2026-01-11,09:07:15,INFO,OrderProcessor,Health check passed: OrderProcessor,E102,Health check passed: {service}
16666,2026-01-11,09:30:21,INFO,PaymentGateway,Page view: /home by u4999,E103,Page view: {page} by {user}
16667,2026-01-11,09:31:34,INFO,OrderProcessor,Health check passed: OrderProcessor,E102,Health check passed: {service}
16668,2026-01-11,09:22:26,INFO,WebServer,Transaction tx448870 completed in 486ms,E104,Transaction {tx} completed in {time}ms
16669,2026-01-11,09:49:07,INFO,PaymentGateway,Page view: /home by u1026,E103,Page view: {page} by {user}
16670,2026-01-11,09:57:49,INFO,WebServer,User u4200 login successful,E101,User {user} login successful
16671,2026-01-11,09:57:14,INFO,WebServer,User u3697 login successful,E101,User {user} login successful
16672,2026-01-11,09:30:02,INFO,WebServer,Page view: /home by u4036,E103,Page view: {page} by {user}
16673,2026-01-11,09:08:33,INFO,PaymentGateway,User u3349 login successful,E101,User {user} login successful
16674,2026-01-11,09:06:23,INFO,WebServer,User u3723 login successful,E101,User {user} login successful
16675,2026-01-11,09:58:33,INFO,WebServer,Page view: /home by u3424,E103,Page view: {page} by {user}
16676,2026-01-11,09:14:43,INFO,AuthService,Health check passed: AuthService,E102,Health check passed: {service}
16677,2026-01-11,09:59:00,INFO,WebServer,User u3492 login successful,E101,User {user} login successful
16678,2026-01-11,09:41:54,INFO,AuthService,Transaction tx786335 completed in 992ms,E104,Transaction {tx} completed in {time}ms
16679,2026-01-11,09:09:52,INFO,AuthService,Transaction tx311235 completed in 150ms,E104,Transaction {tx} completed in {time}ms
16680,2026-01-11,09:19:24,INFO,WebServer,Transaction tx823831 completed in 697ms,E104,Transaction {tx} completed in {time}ms
16681,2026-01-11,09:46:37,INFO,OrderProcessor,User u4023 login successful,E101,User {user} login successful
16682,2026-01-11,09:46:46,INFO,OrderProcessor,User u3894 login successful,E101,User {user} login successful
16683,2026-01-11,09:44:04,INFO,AuthService,Transaction tx113319 completed in 707ms,E104,Transaction {tx} completed in {time}ms
16684,2026-01-11,09:48:14,INFO,AuthService,Health check passed: AuthService,E102,Health check passed: {service}
16685,2026-01-11,09:36:25,WARN,PaymentGateway,High latency (22ms) detected on PaymentGateway,E201,High latency ({time}ms) detected on {service}
16686,2026-01-11,09:55:22,INFO,WebServer,Health check passed: WebServer,E102,Health check passed: {service}
16687,2026-01-11,09:45:06,WARN,WebServer,Unauthorized access attempt from 10.0.0.45,E401,Unauthorized access attempt from {ip}
16688,2026-01-11,09:01:31,INFO,WebServer,Health check passed: WebServer,E102,Health check passed: {service}
16689,2026-01-11,09:17:03,INFO,OrderProcessor,User u3258 login successful,E101,User {user} login successful
16690,2026-01-11,09:47:53,INFO,WebServer,Transaction tx887448 completed in 615ms,E104,Transaction {tx} completed in {time}ms
16691,2026-01-11,09:16:38,INFO,AuthService,Page view: /home by u2365,E103,Page view: {page} by {user}
16692,2026-01-11,09:11:01,INFO,WebServer,Page view: /home by u4811,E103,Page view: {page} by {user}
16693,2026-01-11,09:01:44,INFO,InventoryDB,Transaction tx445088 completed in 722ms,E104,Transaction {tx} completed in {time}ms
16694,2026-01-11,09:32:05,INFO,PaymentGateway,Transaction tx861599 completed in 1825ms,E104,Transaction {tx} completed in {time}ms
16695,2026-01-11,09:42:50,INFO,WebServer,User u1080 login successful,E101,User {user} login successful
16696,2026-01-11,09:51:21,INFO,WebServer,Health check passed: WebServer,E102,Health check passed: {service}
16697,2026-01-11,09:54:49,INFO,AuthService,User u3847 login successful,E101,User {user} login successful
16698,2026-01-11,09:00:30,INFO,WebServer,User u1711 login successful,E101,User {user} login successful
16699,2026-01-11,09:19:29,INFO,AuthService,Health check passed: AuthService,E102,Health check passed: {service}
16700,2026-01-11,09:20:32,INFO,AuthService,Health check passed: AuthService,E102,Health check passed: {service}
16701,2026-01-11,09:08:42,INFO,AuthService,Transaction tx989699 completed in 220ms,E104,Transaction {tx} completed in {time}ms
16702,2026-01-11,09:36:09,INFO,WebServer,Health check passed: WebServer,E102,Health check passed: {service}
16703,2026-01-11,09:04:35,INFO,WebServer,Page view: /home by u3647,E103,Page view: {page} by {user}
16704,2026-01-11,09:22:00,INFO,PaymentGateway,Health check passed: PaymentGateway,E102,Health check passed: {service}
16705,2026-01-11,09:47:24,INFO,AuthService,Page view: /home by u3886,E103,Page view: {page} by {user}
16706,2026-01-11,09:52:44,INFO,WebServer,Page view: /home by u4904,E103,Page view: {page} by {user}
16707,2026-01-11,09:08:41,INFO,WebServer,Page view: /home by u1662,E103,Page view: {page} by {user}
16708,2026-01-11,09:01:38,INFO,WebServer,User u4240 login successful,E101,User {user} login successful
16709,2026-01-11,09:02:43,INFO,PaymentGateway,User u3740 login successful,E101,User {user} login successful
16710,2026-01-11,09:38:36,INFO,WebServer,User u1274 login successful,E101,User {user} login successful
16711,2026-01-11,09:30:46,INFO,AuthService,Health check passed: AuthService,E102,Health check passed: {service}
16712,2026-01-11,09:45:22,INFO,OrderProcessor,Page view: /home by u2054,E103,Page view: {page} by {user}
16713,2026-01-11,09:38:50,INFO,WebServer,Page view: /home by u3609,E103,Page view: {page} by {user}
16714,2026-01-11,09:46:25,INFO,WebServer,Transaction tx530608 completed in 1416ms,E104,Transaction {tx} completed in {time}ms
16715,2026-01-11,09:53:18,INFO,WebServer,Page view: /home by u2312,E103,Page view: {page} by {user}
16716,2026-01-11,09:00:39,INFO,WebServer,Page view: /home by u3893,E103,Page view: {page} by {user}
16717,2026-01-11,09:51:40,INFO,WebServer,Health check passed: WebServer,E102,Health check passed: {service}
16718,2026-01-11,09:45:03,INFO,WebServer,User u2231 login successful,E101,User {user} login successful
16719,2026-01-11,09:43:08,INFO,WebServer,Transaction tx434901 completed in 1145ms,E104,Transaction {tx} completed in {time}ms
16720,2026-01-11,09:55:15,INFO,PaymentGateway,User u2926 login successful,E101,User {user} login successful
16721,2026-01-11,09:53:29,INFO,WebServer,Transaction tx974437 completed in 127ms,E104,Transaction {tx} completed in {time}ms
16722,2026-01-11,09:14:39,INFO,WebServer,Page view: /home by u4900,E103,Page view: {page} by {user}
16723,2026-01-11,09:42:45,INFO,PaymentGateway,Health check passed: PaymentGateway,E102,Health check passed: {service}
16724,2026-01-11,09:00:18,INFO,WebServer,Page view: /home by u2744,E103,Page view: {page} by {user}
16725,2026-01-11,09:30:11,INFO,WebServer,Transaction tx454337 completed in 72ms,E104,Transaction {tx} completed in {time}ms
16726,2026-01-11,09:41:25,INFO,PaymentGateway,Page view: /home by u4675,E103,Page view: {page} by {user}
16727,2026-01-11,09:26:58,INFO,AuthService,Health check passed: AuthService,E102,Health check passed: {service}
16728,2026-01-11,09:52:07,INFO,WebServer,Health check passed: WebServer,E102,Health check passed: {service}
16729,2026-01-11,09:46:57,INFO,InventoryDB,Health check passed: InventoryDB,E102,Health check passed: {service}
16730,2026-01-11,09:23:04,INFO,WebServer,Health check passed: WebServer,E102,Health check passed: {service}
16731,2026-01-11,09:39:34,INFO,WebServer,Transaction tx753504 completed in 764ms,E104,Transaction {tx} completed in {time}ms
16732,2026-01-11,09:17:57,INFO,AuthService,Transaction tx478191 completed in 918ms,E104,Transaction {tx} completed in {time}ms
16733,2026-01-11,09:33:27,INFO,AuthService,Health check passed: AuthService,E102,Health check passed: {service}
16734,2026-01-11,09:22:42,INFO,OrderProcessor,User u4149 login successful,E101,User {user} login successful
16735,2026-01-11,09:47:34,INFO,InventoryDB,Page view: /home by u1255,E103,Page view: {page} by {user}
16736,2026-01-11,09:12:41,INFO,WebServer,Page view: /home by u1693,E103,Page view: {page} by {user}
16737,2026-01-11,09:28:33,INFO,WebServer,User u4153 login successful,E101,User {user} login successful
16738,2026-01-11,09:35:21,INFO,AuthService,Page view: /home by u2447,E103,Page view: {page} by {user}
16739,2026-01-11,09:40:01,INFO,PaymentGateway,Transaction tx804436 completed in 346ms,E104,Transaction {tx} completed in {time}ms
16740,2026-01-11,09:52:45,INFO,WebServer,Transaction tx631201 completed in 1116ms,E104,Transaction {tx} completed in {time}ms
16741,2026-01-11,09:27:04,INFO,AuthService,User u1020 login successful,E101,User {user} login successful
16742,2026-01-11,09:04:34,WARN,AuthService,High latency (1052ms) detected on AuthService,E201,High latency ({time}ms) detected on {service}
16743,2026-01-11,09:46:18,INFO,AuthService,Transaction tx542408 completed in 1376ms,E104,Transaction {tx} completed in {time}ms
16744,2026-01-11,09:07:28,INFO,WebServer,Transaction tx917901 completed in 1606ms,E104,Transaction {tx} completed in {time}ms
16745,2026-01-11,09:47:10,INFO,WebServer,User u1543 login successful,E101,User {user} login successful
16746,2026-01-11,09:46:17,INFO,WebServer,Health check passed: WebServer,E102,Health check passed: {service}
16747,2026-01-11,09:42:19,INFO,WebServer,Health check passed: WebServer,E102,Health check passed: {service}
16748,2026-01-11,09:39:04,INFO,AuthService,Transaction tx154186 completed in 667ms,E104,Transaction {tx} completed in {time}ms
16749,2026-01-11,09:13:43,INFO,PaymentGateway,Transaction tx725100 completed in 1804ms,E104,Transaction {tx} completed in {time}ms
16750,2026-01-11,09:39:19,INFO,AuthService,Page view: /home by u3492,E103,Page view: {page} by {user}
16751,2026-01-11,09:28:15,INFO,WebServer,Health check passed: WebServer,E102,Health check passed: {service}
16752,2026-01-11,09:09:39,INFO,WebServer,Page view: /home by u1009,E103,Page view: {page} by {user}
16753,2026-01-11,09:01:11,INFO,AuthService,Transaction tx765612 completed in 1074ms,E104,Transaction {tx} completed in {time}ms
16754,2026-01-11,09:00:21,INFO,WebServer,Health check passed: WebServer,E102,Health check passed: {service}
16755,2026-01-11,09:19:58,INFO,WebServer,Page view: /home by u3928,E103,Page view: {page} by {user}
16756,2026-01-11,09:59:11,INFO,WebServer,Page view: /home by u1958,E103,Page view: {page} by {user}
16757,2026-01-11,09:56:28,INFO,WebServer,Transaction tx830625 completed in 1546ms,E104,Transaction {tx} completed in {time}ms
16758,2026-01-11,09:09:20,INFO,WebServer,Transaction tx464465 completed in 725ms,E104,Transaction {tx} completed in {time}ms
16759,2026-01-11,09:40:44,INFO,AuthService,Page view: /home by u3210,E103,Page view: {page} by {user}
16760,2026-01-11,09:18:24,INFO,WebServer,Health check passed: WebServer,E102,Health check passed: {service}
16761,2026-01-11,09:10:17,WARN,AuthService,High latency (231ms) detected on AuthService,E201,High latency ({time}ms) detected on {service}
16762,2026-01-11,09:33:16,INFO,OrderProcessor,Page view: /home by u2264,E103,Page view: {page} by {user}
16763,2026-01-11,09:22:36,INFO,AuthService,Transaction tx943055 completed in 1219ms,E104,Transaction {tx} completed in {time}ms
16764,2026-01-11,09:54:39,INFO,WebServer,Health check passed: WebServer,E102,Health check passed: {service}
16765,2026-01-11,09:38:55,INFO,WebServer,Health check passed: WebServer,E102,Health check passed: {service}
16766,2026-01-11,09:00:49,INFO,WebServer,User u1355 login successful,E101,User {user} login successful
16767,2026-01-11,09:51:39,ERROR,WebServer,Payment declined: Gateway unavailable,E503,Payment declined: Gateway unavailable
16768,2026-01-11,09:37:10,INFO,WebServer,Health check passed: WebServer,E102,Health check passed: {service}
16769,2026-01-11,09:23:41,INFO,WebServer,User u1236 login successful,E101,User {user} login successful
16770,2026-01-11,09:21:22,INFO,AuthService,Transaction tx501020 completed in 1575ms,E104,Transaction {tx} completed in {time}ms
16771,2026-01-11,09:45:31,INFO,WebServer,Transaction tx756738 completed in 1789ms,E104,Transaction {tx} completed in {time}ms
16772,2026-01-11,09:50:05,INFO,WebServer,Health check passed: WebServer,E102,Health check passed: {service}
16773,2026-01-11,09:46:00,INFO,WebServer,Transaction tx687215 completed in 1201ms,E104,Transaction {tx} completed in {time}ms
16774,2026-01-11,09:11:50,INFO,WebServer,User u2176 login successful,E101,User {user} login successful
16775,2026-01-11,09:47:44,INFO,WebServer,Page view: /home by u1608,E103,Page view: {page} by {user}
16776,2026-01-11,09:38:46,INFO,WebServer,User u4172 login successful,E101,User {user} login successful
16777,2026-01-11,09:50:53,INFO,AuthService,Health check passed: AuthService,E102,Health check passed: {service}
16778,2026-01-11,09:16:24,INFO,AuthService,Transaction tx851498 completed in 1478ms,E104,Transaction {tx} completed in {time}ms
16779,2026-01-11,09:07:00,INFO,WebServer,Page view: /home by u1151,E103,Page view: {page} by {user}
16780,2026-01-11,09:02:29,WARN,InventoryDB,High latency (1455ms) detected on InventoryDB,E201,High latency ({time}ms) detected on {service}
16781,2026-01-11,09:12:25,INFO,PaymentGateway,Page view: /home by u1629,E103,Page view: {page} by {user}
16782,2026-01-11,09:38:08,INFO,OrderProcessor,Health check passed: OrderProcessor,E102,Health check passed: {service}
16783,2026-01-11,09:22:36,INFO,WebServer,User u2920 login successful,E101,User {user} login successful
16784,2026-01-11,09:05:26,INFO,AuthService,User u4779 login successful,E101,User {user} login successful
16785,2026-01-11,09:40:51,INFO,WebServer,Health check passed: WebServer,E102,Health check passed: {service}
16786,2026-01-11,09:17:49,INFO,AuthService,Health check passed: AuthService,E102,Health check passed: {service}
16787,2026-01-11,09:12:26,CRITICAL,AuthService,KERNEL PANIC: Node node-1 crashed,E601,KERNEL PANIC: Node {node} crashed
16788,2026-01-11,09:49:40,INFO,OrderProcessor,Transaction tx450126 completed in 1104ms,E104,Transaction {tx} completed in {time}ms
16789,2026-01-11,09:51:34,INFO,WebServer,Transaction tx142915 completed in 1957ms,E104,Transaction {tx} completed in {time}ms
16790,2026-01-11,09:18:27,INFO,AuthService,User u1244 login successful,E101,User {user} login successful
16791,2026-01-11,09:06:12,INFO,OrderProcessor,Transaction tx234980 completed in 191ms,E104,Transaction {tx} completed in {time}ms
16792,2026-01-11,09:18:15,INFO,AuthService,Transaction tx219850 completed in 244ms,E104,Transaction {tx} completed in {time}ms
16793,2026-01-11,09:07:11,INFO,OrderProcessor,User u1554 login successful,E101,User {user} login successful
16794,2026-01-11,09:54:00,INFO,AuthService,User u2384 login successful,E101,User {user} login successful
16795,2026-01-11,09:59:18,INFO,WebServer,Page view: /home by u2396,E103,Page view: {page} by {user}
16796,2026-01-11,09:20:23,INFO,WebServer,User u4521 login successful,E101,User {user} login successful
16797,2026-01-11,09:43:17,ERROR,OrderProcessor,Timeout waiting for lock on InventoryDB,E502,Timeout waiting for lock on {db}
16798,2026-01-11,09:19:13,WARN,WebServer,Disk usage > 85% on node node-4,E202,Disk usage > 85% on node {node}
16799,2026-01-11,09:39:07,INFO,PaymentGateway,User u4581 login successful,E101,User {user} login successful
16800,2026-01-11,09:11:45,INFO,PaymentGateway,Page view: /home by u4504,E103,Page view: {page} by {user}
16801,2026-01-11,09:25:23,INFO,AuthService,Transaction tx678377 completed in 1510ms,E104,Transaction {tx} completed in {time}ms
16802,2026-01-11,09:18:40,INFO,AuthService,Page view: /home by u4328,E103,Page view: {page} by {user}
16803,2026-01-11,09:52:46,INFO,WebServer,User u4396 login successful,E101,User {user} login successful
16804,2026-01-11,09:16:20,INFO,WebServer,Transaction tx656195 completed in 813ms,E104,Transaction {tx} completed in {time}ms
16805,2026-01-11,09:47:40,INFO,WebServer,Health check passed: WebServer,E102,Health check passed: {service}
16806,2026-01-11,09:15:14,INFO,OrderProcessor,Health check passed: OrderProcessor,E102,Health check passed: {service}
16807,2026-01-11,09:01:18,INFO,AuthService,Page view: /home by u4067,E103,Page view: {page} by {user}
16808,2026-01-11,09:10:40,INFO,OrderProcessor,Transaction tx622038 completed in 166ms,E104,Transaction {tx} completed in {time}ms
16809,2026-01-11,09:26:39,INFO,WebServer,Transaction tx227900 completed in 554ms,E104,Transaction {tx} completed in {time}ms
16810,2026-01-11,09:52:37,INFO,WebServer,Health check passed: WebServer,E102,Health check passed: {service}
16811,2026-01-11,09:50:20,INFO,WebServer,Page view: /home by u1759,E103,Page view: {page} by {user}
16812,2026-01-11,09:06:49,INFO,AuthService,Page view: /home by u2372,E103,Page view: {page} by {user}
16813,2026-01-11,09:37:53,INFO,PaymentGateway,Transaction tx563585 completed in 338ms,E104,Transaction {tx} completed in {time}ms
16814,2026-01-11,09:25:23,INFO,OrderProcessor,User u1963 login successful,E101,User {user} login successful
16815,2026-01-11,09:11:44,INFO,PaymentGateway,User u2720 login successful,E101,User {user} login successful
16816,2026-01-11,09:04:12,INFO,WebServer,Health check passed: WebServer,E102,Health check passed: {service}
16817,2026-01-11,09:42:39,WARN,OrderProcessor,Unauthorized access attempt from 10.0.0.12,E401,Unauthorized access attempt from {ip}
16818,2026-01-11,09:02:41,INFO,PaymentGateway,Health check passed: PaymentGateway,E102,Health check passed: {service}
16819,2026-01-11,09:40:08,INFO,WebServer,User u3794 login successful,E101,User {user} login successful
16820,2026-01-11,09:56:49,INFO,WebServer,Health check passed: WebServer,E102,Health check passed: {service}
16821,2026-01-11,09:31:29,INFO,AuthService,Page view: /home by u1076,E103,Page view: {page} by {user}
16822,2026-01-11,09:37:02,INFO,WebServer,Health check passed: WebServer,E102,Health check passed: {service}
16823,2026-01-11,09:23:04,ERROR,WebServer,Timeout waiting for lock on InventoryDB,E502,Timeout waiting for lock on {db}
16824,2026-01-11,09:43:12,INFO,WebServer,User u2934 login successful,E101,User {user} login successful
16825,2026-01-11,09:13:09,INFO,WebServer,Page view: /home by u3118,E103,Page view: {page} by {user}
16826,2026-01-11,09:11:02,INFO,AuthService,Transaction tx160350 completed in 1799ms,E104,Transaction {tx} completed in {time}ms
16827,2026-01-11,09:12:16,INFO,WebServer,User u4341 login successful,E101,User {user} login successful
16828,2026-01-11,09:58:00,INFO,AuthService,Page view: /home by u1222,E103,Page view: {page} by {user}
16829,2026-01-11,09:35:18,INFO,WebServer,Transaction tx393710 completed in 1022ms,E104,Transaction {tx} completed in {time}ms
16830,2026-01-11,09:07:52,INFO,AuthService,Page view: /home by u4547,E103,Page view: {page} by {user}
16831,2026-01-11,09:12:30,INFO,WebServer,Page view: /home by u3977,E103,Page view: {page} by {user}
16832,2026-01-11,09:59:03,INFO,OrderProcessor,Transaction tx184720 completed in 1648ms,E104,Transaction {tx} completed in {time}ms
16833,2026-01-11,09:26:13,INFO,OrderProcessor,Page view: /home by u4854,E103,Page view: {page} by {user}
16834,2026-01-11,09:16:34,INFO,WebServer,Health check passed: WebServer,E102,Health check passed: {service}
16835,2026-01-11,09:46:26,INFO,WebServer,Health check passed: WebServer,E102,Health check passed: {service}
16836,2026-01-11,09:48:18,INFO,WebServer,Health check passed: WebServer,E102,Health check passed: {service}
16837,2026-01-11,09:10:48,INFO,PaymentGateway,User u2263 login successful,E101,User {user} login successful
16838,2026-01-11,09:37:14,INFO,AuthService,Transaction tx646323 completed in 432ms,E104,Transaction {tx} completed in {time}ms
16839,2026-01-11,09:16:26,INFO,WebServer,User u3322 login successful,E101,User {user} login successful
16840,2026-01-11,09:08:21,CRITICAL,OrderProcessor,DATA CORRUPTION detected in sector 587,E602,DATA CORRUPTION detected in sector {sector}
16841,2026-01-11,09:49:08,INFO,PaymentGateway,Health check passed: PaymentGateway,E102,Health check passed: {service}
16842,2026-01-11,09:31:59,INFO,PaymentGateway,Page view: /home by u2440,E103,Page view: {page} by {user}
16843,2026-01-11,09:50:29,INFO,WebServer,User u2524 login successful,E101,User {user} login successful
16844,2026-01-11,09:23:56,INFO,PaymentGateway,User u3189 login successful,E101,User {user} login successful
16845,2026-01-11,09:18:51,INFO,PaymentGateway,User u3348 login successful,E101,User {user} login successful
16846,2026-01-11,09:00:19,INFO,WebServer,Transaction tx308962 completed in 1800ms,E104,Transaction {tx} completed in {time}ms
16847,2026-01-11,09:20:21,INFO,WebServer,Health check passed: WebServer,E102,Health check passed: {service}
16848,2026-01-11,09:19:05,INFO,OrderProcessor,Page view: /home by u1471,E103,Page view: {page} by {user}
16849,2026-01-11,09:11:28,INFO,OrderProcessor,User u3399 login successful,E101,User {user} login successful
16850,2026-01-11,09:44:42,WARN,AuthService,Unauthorized access attempt from 10.0.0.45,E401,Unauthorized access attempt from {ip}
16851,2026-01-11,09:30:25,INFO,OrderProcessor,Page view: /home by u4613,E103,Page view: {page} by {user}
16852,2026-01-11,09:56:04,INFO,WebServer,Page view: /home by u3461,E103,Page view: {page} by {user}
16853,2026-01-11,09:05:28,INFO,PaymentGateway,Page view: /home by u2636,E103,Page view: {page} by {user}
16854,2026-01-11,09:34:42,INFO,WebServer,Health check passed: WebServer,E102,Health check passed: {service}
16855,2026-01-11,09:41:48,INFO,WebServer,Health check passed: WebServer,E102,Health check passed: {service}
16856,2026-01-11,09:06:20,INFO,WebServer,Health check passed: WebServer,E102,Health check passed: {service}
16857,2026-01-11,09:47:20,INFO,AuthService,Health check passed: AuthService,E102,Health check passed: {service}
16858,2026-01-11,09:58:19,INFO,AuthService,Health check passed: AuthService,E102,Health check passed: {service}
16859,2026-01-11,09:30:18,INFO,WebServer,Page view: /home by u2136,E103,Page view: {page} by {user}
16860,2026-01-11,09:32:18,INFO,OrderProcessor,Health check passed: OrderProcessor,E102,Health check passed: {service}
16861,2026-01-11,09:20:12,INFO,WebServer,User u2596 login successful,E101,User {user} login successful
16862,2026-01-11,09:52:30,INFO,OrderProcessor,Health check passed: OrderProcessor,E102,Health check passed: {service}
16863,2026-01-11,09:18:22,INFO,WebServer,Transaction tx885051 completed in 1056ms,E104,Transaction {tx} completed in {time}ms
16864,2026-01-11,09:07:30,INFO,WebServer,Transaction tx740543 completed in 1019ms,E104,Transaction {tx} completed in {time}ms
16865,2026-01-11,09:24:00,INFO,WebServer,Health check passed: WebServer,E102,Health check passed: {service}
16866,2026-01-11,09:22:17,INFO,WebServer,Health check passed: WebServer,E102,Health check passed: {service}
16867,2026-01-11,09:09:22,INFO,WebServer,Transaction tx245056 completed in 1689ms,E104,Transaction {tx} completed in {time}ms
16868,2026-01-11,09:06:20,INFO,InventoryDB,Health check passed: InventoryDB,E102,Health check passed: {service}
16869,2026-01-11,09:47:31,INFO,AuthService,Page view: /home by u4970,E103,Page view: {page} by {user}
16870,2026-01-11,09:51:33,INFO,WebServer,Page view: /home by u3881,E103,Page view: {page} by {user}
16871,2026-01-11,09:55:37,INFO,OrderProcessor,Transaction tx910139 completed in 664ms,E104,Transaction {tx} completed in {time}ms
16872,2026-01-11,09:25:40,INFO,AuthService,User u1784 login successful,E101,User {user} login successful
16873,2026-01-11,09:27:13,INFO,OrderProcessor,Health check passed: OrderProcessor,E102,Health check passed: {service}
16874,2026-01-11,09:35:13,INFO,WebServer,Health check passed: WebServer,E102,Health check passed: {service}
16875,2026-01-11,09:35:18,INFO,WebServer,Page view: /home by u4440,E103,Page view: {page} by {user}
16876,2026-01-11,09:59:57,INFO,WebServer,Transaction tx828966 completed in 1023ms,E104,Transaction {tx} completed in {time}ms
16877,2026-01-11,09:09:58,INFO,WebServer,Transaction tx829256 completed in 293ms,E104,Transaction {tx} completed in {time}ms
16878,2026-01-11,09:00:50,INFO,InventoryDB,Page view: /home by u2753,E103,Page view: {page} by {user}
16879,2026-01-11,09:07:16,INFO,WebServer,Page view: /home by u3050,E103,Page view: {page} by {user}
16880,2026-01-11,09:18:00,INFO,PaymentGateway,Health check passed: PaymentGateway,E102,Health check passed: {service}
16881,2026-01-11,09:20:41,INFO,OrderProcessor,Transaction tx679647 completed in 222ms,E104,Transaction {tx} completed in {time}ms
16882,2026-01-11,09:06:33,INFO,PaymentGateway,Page view: /home by u3640,E103,Page view: {page} by {user}
16883,2026-01-11,09:02:01,INFO,AuthService,User u4516 login successful,E101,User {user} login successful
16884,2026-01-11,09:06:18,INFO,WebServer,Page view: /home by u4169,E103,Page view: {page} by {user}
16885,2026-01-11,09:09:24,INFO,AuthService,Transaction tx398352 completed in 392ms,E104,Transaction {tx} completed in {time}ms
16886,2026-01-11,09:46:51,INFO,WebServer,Health check passed: WebServer,E102,Health check passed: {service}
16887,2026-01-11,09:17:19,INFO,OrderProcessor,User u2742 login successful,E101,User {user} login successful
16888,2026-01-11,09:41:27,INFO,WebServer,User u1298 login successful,E101,User {user} login successful
16889,2026-01-11,09:15:20,INFO,OrderProcessor,Page view: /home by u4998,E103,Page view: {page} by {user}
16890,2026-01-11,09:46:18,INFO,OrderProcessor,User u1008 login successful,E101,User {user} login successful
16891,2026-01-11,09:08:01,INFO,OrderProcessor,Page view: /home by u4085,E103,Page view: {page} by {user}
16892,2026-01-11,09:58:34,INFO,WebServer,Transaction tx279090 completed in 781ms,E104,Transaction {tx} completed in {time}ms
16893,2026-01-11,10:46:39,WARN,OrderProcessor,Unauthorized access attempt from 10.0.0.45,E401,Unauthorized access attempt from {ip}
16894,2026-01-11,10:35:38,INFO,WebServer,Health check passed: WebServer,E102,Health check passed: {service}
16895,2026-01-11,10:37:31,INFO,OrderProcessor,User u1005 login successful,E101,User {user} login successful
16896,2026-01-11,10:46:58,INFO,AuthService,Page view: /home by u2091,E103,Page view: {page} by {user}
16897,2026-01-11,10:09:30,INFO,AuthService,User u2872 login successful,E101,User {user} login successful
16898,2026-01-11,10:27:54,INFO,WebServer,Page view: /home by u2665,E103,Page view: {page} by {user}
16899,2026-01-11,10:33:33,INFO,WebServer,User u4151 login successful,E101,User {user} login successful
16900,2026-01-11,10:36:48,INFO,WebServer,Health check passed: WebServer,E102,Health check passed: {service}
16901,2026-01-11,10:08:27,WARN,AuthService,Unauthorized access attempt from 10.0.0.45,E401,Unauthorized access attempt from {ip}
16902,2026-01-11,10:45:46,INFO,WebServer,User u2218 login successful,E101,User {user} login successful
16903,2026-01-11,10:23:13,INFO,AuthService,Page view: /home by u1203,E103,Page view: {page} by {user}
16904,2026-01-11,10:13:26,INFO,PaymentGateway,User u1855 login successful,E101,User {user} login successful
16905,2026-01-11,10:56:02,INFO,AuthService,Health check passed: AuthService,E102,Health check passed: {service}
16906,2026-01-11,10:48:22,INFO,AuthService,Transaction tx770399 completed in 1278ms,E104,Transaction {tx} completed in {time}ms
16907,2026-01-11,10:42:22,INFO,PaymentGateway,User u3941 login successful,E101,User {user} login successful
16908,2026-01-11,10:30:29,INFO,OrderProcessor,Transaction tx645631 completed in 1839ms,E104,Transaction {tx} completed in {time}ms
16909,2026-01-11,10:51:16,INFO,WebServer,User u2950 login successful,E101,User {user} login successful
16910,2026-01-11,10:14:41,INFO,AuthService,User u3040 login successful,E101,User {user} login successful
16911,2026-01-11,10:45:56,ERROR,WebServer,Payment declined: Gateway unavailable,E503,Payment declined: Gateway unavailable
16912,2026-01-11,10:54:29,INFO,AuthService,Page view: /home by u3322,E103,Page view: {page} by {user}
16913,2026-01-11,10:00:07,INFO,AuthService,Transaction tx719514 completed in 477ms,E104,Transaction {tx} completed in {time}ms
16914,2026-01-11,10:25:31,INFO,OrderProcessor,Transaction tx139964 completed in 614ms,E104,Transaction {tx} completed in {time}ms
16915,2026-01-11,10:11:20,INFO,WebServer,Transaction tx577288 completed in 188ms,E104,Transaction {tx} completed in {time}ms
16916,2026-01-11,10:31:40,INFO,AuthService,Health check passed: AuthService,E102,Health check passed: {service}
16917,2026-01-11,10:01:48,INFO,WebServer,User u2579 login successful,E101,User {user} login successful
16918,2026-01-11,10:07:24,INFO,WebServer,Health check passed: WebServer,E102,Health check passed: {service}
16919,2026-01-11,10:39:59,INFO,WebServer,Page view: /home by u2500,E103,Page view: {page} by {user}
16920,2026-01-11,10:08:44,INFO,WebServer,User u1771 login successful,E101,User {user} login successful
16921,2026-01-11,10:02:18,INFO,WebServer,Page view: /home by u4475,E103,Page view: {page} by {user}
16922,2026-01-11,10:21:09,INFO,WebServer,Page view: /home by u3396,E103,Page view: {page} by {user}
16923,2026-01-11,10:46:21,INFO,WebServer,Page view: /home by u1254,E103,Page view: {page} by {user}
16924,2026-01-11,10:41:07,INFO,PaymentGateway,User u1536 login successful,E101,User {user} login successful
16925,2026-01-11,10:52:01,INFO,WebServer,Page view: /home by u4977,E103,Page view: {page} by {user}
16926,2026-01-11,10:48:39,INFO,WebServer,Health check passed: WebServer,E102,Health check passed: {service}
16927,2026-01-11,10:27:07,INFO,WebServer,Page view: /home by u2125,E103,Page view: {page} by {user}
16928,2026-01-11,10:16:27,INFO,OrderProcessor,Health check passed: OrderProcessor,E102,Health check passed: {service}
16929,2026-01-11,10:20:46,INFO,PaymentGateway,Health check passed: PaymentGateway,E102,Health check passed: {service}
16930,2026-01-11,10:54:38,INFO,AuthService,User u3511 login successful,E101,User {user} login successful
16931,2026-01-11,10:32:31,INFO,OrderProcessor,Page view: /home by u3150,E103,Page view: {page} by {user}
16932,2026-01-11,10:54:08,INFO,WebServer,Health check passed: WebServer,E102,Health check passed: {service}
16933,2026-01-11,10:56:37,INFO,WebServer,Page view: /home by u2337,E103,Page view: {page} by {user}
16934,2026-01-11,10:52:41,INFO,WebServer,Health check passed: WebServer,E102,Health check passed: {service}
16935,2026-01-11,10:13:13,INFO,OrderProcessor,User u4538 login successful,E101,User {user} login successful
16936,2026-01-11,10:42:41,INFO,InventoryDB,Transaction tx589866 completed in 235ms,E104,Transaction {tx} completed in {time}ms
16937,2026-01-11,10:25:10,INFO,WebServer,User u1329 login successful,E101,User {user} login successful
16938,2026-01-11,10:15:33,INFO,WebServer,Transaction tx451497 completed in 921ms,E104,Transaction {tx} completed in {time}ms
16939,2026-01-11,10:43:29,INFO,PaymentGateway,Page view: /home by u1321,E103,Page view: {page} by {user}
16940,2026-01-11,10:30:41,INFO,PaymentGateway,Transaction tx302952 completed in 876ms,E104,Transaction {tx} completed in {time}ms
16941,2026-01-11,10:27:05,INFO,AuthService,Transaction tx350764 completed in 1866ms,E104,Transaction {tx} completed in {time}ms
16942,2026-01-11,10:35:00,INFO,WebServer,Transaction tx743711 completed in 437ms,E104,Transaction {tx} completed in {time}ms
16943,2026-01-11,10:38:07,INFO,OrderProcessor,Transaction tx756265 completed in 166ms,E104,Transaction {tx} completed in {time}ms
16944,2026-01-11,10:44:36,INFO,AuthService,Page view: /home by u1871,E103,Page view: {page} by {user}
16945,2026-01-11,10:01:22,INFO,OrderProcessor,User u4172 login successful,E101,User {user} login successful
16946,2026-01-11,10:12:39,INFO,InventoryDB,Page view: /home by u1685,E103,Page view: {page} by {user}
16947,2026-01-11,10:28:58,INFO,OrderProcessor,Transaction tx974123 completed in 1183ms,E104,Transaction {tx} completed in {time}ms
16948,2026-01-11,10:55:39,INFO,WebServer,Page view: /home by u3120,E103,Page view: {page} by {user}
16949,2026-01-11,10:24:02,INFO,OrderProcessor,Page view: /home by u3364,E103,Page view: {page} by {user}
16950,2026-01-11,10:44:40,INFO,WebServer,Transaction tx304463 completed in 1948ms,E104,Transaction {tx} completed in {time}ms
16951,2026-01-11,10:24:15,INFO,InventoryDB,Health check passed: InventoryDB,E102,Health check passed: {service}
16952,2026-01-11,10:48:18,INFO,WebServer,Health check passed: WebServer,E102,Health check passed: {service}
16953,2026-01-11,10:23:08,INFO,WebServer,Health check passed: WebServer,E102,Health check passed: {service}
16954,2026-01-11,10:56:41,INFO,OrderProcessor,Health check passed: OrderProcessor,E102,Health check passed: {service}
16955,2026-01-11,10:43:18,INFO,WebServer,Page view: /home by u4508,E103,Page view: {page} by {user}
16956,2026-01-11,10:56:02,INFO,AuthService,Health check passed: AuthService,E102,Health check passed: {service}
16957,2026-01-11,10:38:22,INFO,WebServer,Health check passed: WebServer,E102,Health check passed: {service}
16958,2026-01-11,10:38:47,INFO,WebServer,Health check passed: WebServer,E102,Health check passed: {service}
16959,2026-01-11,10:54:04,INFO,WebServer,Transaction tx726345 completed in 1516ms,E104,Transaction {tx} completed in {time}ms
16960,2026-01-11,10:15:36,INFO,WebServer,Transaction tx598109 completed in 606ms,E104,Transaction {tx} completed in {time}ms
16961,2026-01-11,10:06:59,INFO,WebServer,Transaction tx606134 completed in 100ms,E104,Transaction {tx} completed in {time}ms
16962,2026-01-11,10:35:05,INFO,WebServer,Health check passed: WebServer,E102,Health check passed: {service}
16963,2026-01-11,10:09:38,INFO,AuthService,Transaction tx559742 completed in 1036ms,E104,Transaction {tx} completed in {time}ms
16964,2026-01-11,10:35:27,INFO,InventoryDB,Health check passed: InventoryDB,E102,Health check passed: {service}
16965,2026-01-11,10:57:57,INFO,AuthService,Transaction tx559644 completed in 194ms,E104,Transaction {tx} completed in {time}ms
16966,2026-01-11,10:09:11,INFO,PaymentGateway,User u4236 login successful,E101,User {user} login successful
16967,2026-01-11,10:58:35,INFO,WebServer,Transaction tx389778 completed in 593ms,E104,Transaction {tx} completed in {time}ms
16968,2026-01-11,10:34:00,INFO,WebServer,Page view: /home by u3904,E103,Page view: {page} by {user}
16969,2026-01-11,10:07:05,INFO,WebServer,User u4731 login successful,E101,User {user} login successful
16970,2026-01-11,10:30:46,INFO,AuthService,Transaction tx474678 completed in 445ms,E104,Transaction {tx} completed in {time}ms
16971,2026-01-11,10:13:14,INFO,WebServer,Health check passed: WebServer,E102,Health check passed: {service}
16972,2026-01-11,10:01:25,INFO,WebServer,User u2287 login successful,E101,User {user} login successful
16973,2026-01-11,10:50:15,INFO,WebServer,User u4878 login successful,E101,User {user} login successful
16974,2026-01-11,10:39:19,INFO,AuthService,User u1872 login successful,E101,User {user} login successful
16975,2026-01-11,10:12:52,INFO,WebServer,Transaction tx358308 completed in 1542ms,E104,Transaction {tx} completed in {time}ms
16976,2026-01-11,10:26:10,INFO,AuthService,Health check passed: AuthService,E102,Health check passed: {service}
16977,2026-01-11,10:47:50,INFO,PaymentGateway,User u3547 login successful,E101,User {user} login successful
16978,2026-01-11,10:28:18,INFO,InventoryDB,User u2451 login successful,E101,User {user} login successful
16979,2026-01-11,10:35:42,INFO,OrderProcessor,User u4908 login successful,E101,User {user} login successful
16980,2026-01-11,10:42:03,ERROR,OrderProcessor,Connection refused to OrderProcessor at 10.0.0.45,E501,Connection refused to {service} at {ip}
16981,2026-01-11,10:43:49,INFO,WebServer,User u1925 login successful,E101,User {user} login successful
16982,2026-01-11,10:31:25,INFO,AuthService,Transaction tx448552 completed in 642ms,E104,Transaction {tx} completed in {time}ms
16983,2026-01-11,10:23:54,INFO,WebServer,Page view: /home by u4701,E103,Page view: {page} by {user}
16984,2026-01-11,10:03:31,INFO,AuthService,Health check passed: AuthService,E102,Health check passed: {service}
16985,2026-01-11,10:56:39,INFO,OrderProcessor,User u4346 login successful,E101,User {user} login successful
16986,2026-01-11,10:20:26,INFO,WebServer,Health check passed: WebServer,E102,Health check passed: {service}
16987,2026-01-11,10:48:01,INFO,WebServer,Page view: /home by u3911,E103,Page view: {page} by {user}
16988,2026-01-11,10:04:54,INFO,AuthService,User u1948 login successful,E101,User {user} login successful
16989,2026-01-11,10:17:05,INFO,AuthService,Health check passed: AuthService,E102,Health check passed: {service}
16990,2026-01-11,10:55:33,INFO,AuthService,User u1364 login successful,E101,User {user} login successful
16991,2026-01-11,10:50:15,WARN,WebServer,Disk usage > 85% on node node-3,E202,Disk usage > 85% on node {node}
16992,2026-01-11,10:40:11,INFO,AuthService,Transaction tx235301 completed in 492ms,E104,Transaction {tx} completed in {time}ms
16993,2026-01-11,10:17:01,INFO,PaymentGateway,User u4692 login successful,E101,User {user} login successful
16994,2026-01-11,10:02:38,INFO,InventoryDB,Transaction tx758649 completed in 1070ms,E104,Transaction {tx} completed in {time}ms
16995,2026-01-11,10:56:02,INFO,WebServer,Page view: /home by u2957,E103,Page view: {page} by {user}
16996,2026-01-11,10:20:45,INFO,WebServer,Health check passed: WebServer,E102,Health check passed: {service}
16997,2026-01-11,10:52:52,INFO,WebServer,User u2058 login successful,E101,User {user} login successful
16998,2026-01-11,10:55:03,INFO,InventoryDB,Transaction tx830012 completed in 471ms,E104,Transaction {tx} completed in {time}ms
16999,2026-01-11,10:13:51,INFO,WebServer,Health check passed: WebServer,E102,Health check passed: {service}
17000,2026-01-11,10:50:43,INFO,WebServer,Page view: /home by u3782,E103,Page view: {page} by {user}
17001,2026-01-11,10:46:31,INFO,OrderProcessor,Health check passed: OrderProcessor,E102,Health check passed: {service}
17002,2026-01-11,10:20:08,INFO,OrderProcessor,User u1393 login successful,E101,User {user} login successful
17003,2026-01-11,10:42:47,INFO,PaymentGateway,Transaction tx378317 completed in 228ms,E104,Transaction {tx} completed in {time}ms
17004,2026-01-11,10:15:35,INFO,WebServer,User u2064 login successful,E101,User {user} login successful
17005,2026-01-11,10:10:10,INFO,PaymentGateway,User u2748 login successful,E101,User {user} login successful
17006,2026-01-11,10:41:07,INFO,WebServer,User u4913 login successful,E101,User {user} login successful
17007,2026-01-11,10:49:22,INFO,AuthService,User u1483 login successful,E101,User {user} login successful
17008,2026-01-11,10:48:39,INFO,WebServer,Transaction tx387707 completed in 1409ms,E104,Transaction {tx} completed in {time}ms
17009,2026-01-11,10:11:21,WARN,WebServer,Unauthorized access attempt from 10.0.0.45,E401,Unauthorized access attempt from {ip}
17010,2026-01-11,10:04:52,INFO,PaymentGateway,User u2977 login successful,E101,User {user} login successful
17011,2026-01-11,10:05:35,INFO,OrderProcessor,Health check passed: OrderProcessor,E102,Health check passed: {service}
17012,2026-01-11,10:17:01,INFO,WebServer,User u4847 login successful,E101,User {user} login successful
17013,2026-01-11,10:36:42,INFO,PaymentGateway,User u1217 login successful,E101,User {user} login successful
17014,2026-01-11,10:10:49,INFO,WebServer,User u3334 login successful,E101,User {user} login successful
17015,2026-01-11,10:31:14,INFO,PaymentGateway,Health check passed: PaymentGateway,E102,Health check passed: {service}
17016,2026-01-11,10:36:25,ERROR,WebServer,Timeout waiting for lock on InventoryDB,E502,Timeout waiting for lock on {db}
17017,2026-01-11,10:41:17,INFO,WebServer,Transaction tx988126 completed in 1158ms,E104,Transaction {tx} completed in {time}ms
17018,2026-01-11,10:04:47,INFO,AuthService,User u2489 login successful,E101,User {user} login successful
17019,2026-01-11,10:49:37,INFO,AuthService,Health check passed: AuthService,E102,Health check passed: {service}
17020,2026-01-11,10:42:40,INFO,WebServer,Page view: /home by u4853,E103,Page view: {page} by {user}
17021,2026-01-11,10:42:21,INFO,WebServer,Transaction tx117507 completed in 1629ms,E104,Transaction {tx} completed in {time}ms
17022,2026-01-11,10:53:40,INFO,WebServer,Health check passed: WebServer,E102,Health check passed: {service}
17023,2026-01-11,10:24:55,INFO,WebServer,Health check passed: WebServer,E102,Health check passed: {service}
17024,2026-01-11,10:31:53,INFO,AuthService,Health check passed: AuthService,E102,Health check passed: {service}
17025,2026-01-11,10:15:50,INFO,PaymentGateway,Health check passed: PaymentGateway,E102,Health check passed: {service}
17026,2026-01-11,10:20:18,INFO,AuthService,Page view: /home by u3088,E103,Page view: {page} by {user}
17027,2026-01-11,10:45:52,INFO,WebServer,Health check passed: WebServer,E102,Health check passed: {service}
17028,2026-01-11,10:02:26,INFO,WebServer,Health check passed: WebServer,E102,Health check passed: {service}
17029,2026-01-11,10:06:01,WARN,WebServer,High latency (1296ms) detected on WebServer,E201,High latency ({time}ms) detected on {service}
17030,2026-01-11,10:28:22,INFO,PaymentGateway,Transaction tx996695 completed in 361ms,E104,Transaction {tx} completed in {time}ms
17031,2026-01-11,10:11:21,INFO,WebServer,User u2625 login successful,E101,User {user} login successful
17032,2026-01-11,10:04:27,INFO,InventoryDB,Page view: /home by u4091,E103,Page view: {page} by {user}
17033,2026-01-11,10:23:08,INFO,WebServer,Health check passed: WebServer,E102,Health check passed: {service}
17034,2026-01-11,10:11:56,INFO,OrderProcessor,Transaction tx696230 completed in 312ms,E104,Transaction {tx} completed in {time}ms
17035,2026-01-11,10:38:52,INFO,PaymentGateway,Health check passed: PaymentGateway,E102,Health check passed: {service}
17036,2026-01-11,10:58:37,INFO,WebServer,Transaction tx441031 completed in 656ms,E104,Transaction {tx} completed in {time}ms
17037,2026-01-11,10:50:41,INFO,WebServer,Page view: /home by u1419,E103,Page view: {page} by {user}
17038,2026-01-11,10:54:31,INFO,AuthService,Page view: /home by u4708,E103,Page view: {page} by {user}
17039,2026-01-11,10:04:47,INFO,OrderProcessor,Page view: /home by u2650,E103,Page view: {page} by {user}
17040,2026-01-11,10:41:30,INFO,AuthService,Transaction tx285468 completed in 405ms,E104,Transaction {tx} completed in {time}ms
17041,2026-01-11,10:05:59,INFO,PaymentGateway,Page view: /home by u1662,E103,Page view: {page} by {user}
17042,2026-01-11,10:24:34,INFO,AuthService,Health check passed: AuthService,E102,Health check passed: {service}
17043,2026-01-11,10:54:28,INFO,PaymentGateway,Transaction tx439000 completed in 637ms,E104,Transaction {tx} completed in {time}ms
17044,2026-01-11,10:38:30,INFO,AuthService,Transaction tx251747 completed in 930ms,E104,Transaction {tx} completed in {time}ms
17045,2026-01-11,10:32:03,INFO,PaymentGateway,Page view: /home by u3855,E103,Page view: {page} by {user}
17046,2026-01-11,10:15:15,INFO,AuthService,User u4141 login successful,E101,User {user} login successful
17047,2026-01-11,10:09:59,INFO,WebServer,Health check passed: WebServer,E102,Health check passed: {service}
17048,2026-01-11,10:45:25,INFO,AuthService,Health check passed: AuthService,E102,Health check passed: {service}
17049,2026-01-11,10:43:34,WARN,AuthService,High latency (62ms) detected on AuthService,E201,High latency ({time}ms) detected on {service}
17050,2026-01-11,10:33:30,INFO,WebServer,User u2979 login successful,E101,User {user} login successful
17051,2026-01-11,10:44:19,INFO,PaymentGateway,Transaction tx931628 completed in 1857ms,E104,Transaction {tx} completed in {time}ms
17052,2026-01-11,10:29:28,INFO,PaymentGateway,Health check passed: PaymentGateway,E102,Health check passed: {service}
17053,2026-01-11,10:17:05,INFO,AuthService,Transaction tx957814 completed in 1203ms,E104,Transaction {tx} completed in {time}ms
17054,2026-01-11,10:51:21,INFO,InventoryDB,Health check passed: InventoryDB,E102,Health check passed: {service}
17055,2026-01-11,10:12:14,INFO,WebServer,User u4965 login successful,E101,User {user} login successful
17056,2026-01-11,10:35:19,INFO,AuthService,Transaction tx187358 completed in 842ms,E104,Transaction {tx} completed in {time}ms
17057,2026-01-11,10:30:32,INFO,AuthService,Health check passed: AuthService,E102,Health check passed: {service}
17058,2026-01-11,10:44:25,INFO,WebServer,User u1363 login successful,E101,User {user} login successful
17059,2026-01-11,10:30:38,INFO,OrderProcessor,Page view: /home by u1392,E103,Page view: {page} by {user}
17060,2026-01-11,10:35:41,INFO,AuthService,Page view: /home by u4469,E103,Page view: {page} by {user}
17061,2026-01-11,10:34:53,INFO,WebServer,Health check passed: WebServer,E102,Health check passed: {service}
17062,2026-01-11,10:50:41,INFO,InventoryDB,Page view: /home by u2542,E103,Page view: {page} by {user}
17063,2026-01-11,10:44:53,INFO,AuthService,Page view: /home by u3921,E103,Page view: {page} by {user}
17064,2026-01-11,10:32:45,INFO,WebServer,User u2477 login successful,E101,User {user} login successful
17065,2026-01-11,10:16:06,INFO,AuthService,Transaction tx425072 completed in 294ms,E104,Transaction {tx} completed in {time}ms
17066,2026-01-11,10:05:26,INFO,WebServer,User u3242 login successful,E101,User {user} login successful
17067,2026-01-11,10:53:20,WARN,WebServer,High latency (1639ms) detected on WebServer,E201,High latency ({time}ms) detected on {service}
17068,2026-01-11,10:55:58,INFO,OrderProcessor,Transaction tx709473 completed in 299ms,E104,Transaction {tx} completed in {time}ms
17069,2026-01-11,10:04:44,INFO,WebServer,Health check passed: WebServer,E102,Health check passed: {service}
17070,2026-01-11,10:37:48,INFO,WebServer,Transaction tx745299 completed in 1983ms,E104,Transaction {tx} completed in {time}ms
17071,2026-01-11,10:56:53,INFO,OrderProcessor,User u3165 login successful,E101,User {user} login successful
17072,2026-01-11,10:29:30,INFO,OrderProcessor,User u3405 login successful,E101,User {user} login successful
17073,2026-01-11,10:14:06,ERROR,PaymentGateway,Timeout waiting for lock on InventoryDB,E502,Timeout waiting for lock on {db}
17074,2026-01-11,10:46:51,INFO,OrderProcessor,User u3603 login successful,E101,User {user} login successful
17075,2026-01-11,10:55:02,INFO,WebServer,Transaction tx406594 completed in 303ms,E104,Transaction {tx} completed in {time}ms
17076,2026-01-11,10:44:37,INFO,PaymentGateway,Health check passed: PaymentGateway,E102,Health check passed: {service}
17077,2026-01-11,10:32:34,INFO,WebServer,User u3553 login successful,E101,User {user} login successful
17078,2026-01-11,10:40:40,INFO,OrderProcessor,Page view: /home by u1870,E103,Page view: {page} by {user}
17079,2026-01-11,10:50:45,CRITICAL,OrderProcessor,DATA CORRUPTION detected in sector 897,E602,DATA CORRUPTION detected in sector {sector}
17080,2026-01-11,10:53:15,INFO,WebServer,Transaction tx318565 completed in 1501ms,E104,Transaction {tx} completed in {time}ms
17081,2026-01-11,10:56:41,INFO,PaymentGateway,Page view: /home by u2933,E103,Page view: {page} by {user}
17082,2026-01-11,10:59:19,INFO,AuthService,Health check passed: AuthService,E102,Health check passed: {service}
17083,2026-01-11,10:51:44,INFO,InventoryDB,Transaction tx419842 completed in 1084ms,E104,Transaction {tx} completed in {time}ms
17084,2026-01-11,10:21:58,INFO,WebServer,Page view: /home by u3818,E103,Page view: {page} by {user}
17085,2026-01-11,10:15:12,INFO,InventoryDB,Page view: /home by u4906,E103,Page view: {page} by {user}
17086,2026-01-11,10:35:11,INFO,WebServer,Page view: /home by u2030,E103,Page view: {page} by {user}
17087,2026-01-11,10:05:07,INFO,WebServer,User u4576 login successful,E101,User {user} login successful
17088,2026-01-11,10:02:41,INFO,AuthService,Health check passed: AuthService,E102,Health check passed: {service}
17089,2026-01-11,10:42:05,INFO,PaymentGateway,Page view: /home by u1569,E103,Page view: {page} by {user}
17090,2026-01-11,10:03:28,INFO,PaymentGateway,User u1734 login successful,E101,User {user} login successful
17091,2026-01-11,10:49:53,INFO,PaymentGateway,User u3239 login successful,E101,User {user} login successful
17092,2026-01-11,10:32:39,INFO,AuthService,Health check passed: AuthService,E102,Health check passed: {service}
17093,2026-01-11,10:44:07,INFO,InventoryDB,Transaction tx884144 completed in 475ms,E104,Transaction {tx} completed in {time}ms
17094,2026-01-11,10:05:45,INFO,WebServer,Health check passed: WebServer,E102,Health check passed: {service}
17095,2026-01-11,10:32:13,INFO,OrderProcessor,Health check passed: OrderProcessor,E102,Health check passed: {service}
17096,2026-01-11,10:57:28,INFO,AuthService,Page view: /home by u3165,E103,Page view: {page} by {user}
17097,2026-01-11,10:15:20,INFO,PaymentGateway,Health check passed: PaymentGateway,E102,Health check passed: {service}
17098,2026-01-11,10:07:05,INFO,OrderProcessor,Health check passed: OrderProcessor,E102,Health check passed: {service}
17099,2026-01-11,10:38:13,INFO,WebServer,Transaction tx212966 completed in 570ms,E104,Transaction {tx} completed in {time}ms
17100,2026-01-11,10:04:51,INFO,PaymentGateway,User u3898 login successful,E101,User {user} login successful
17101,2026-01-11,10:14:19,INFO,OrderProcessor,User u2851 login successful,E101,User {user} login successful
17102,2026-01-11,10:20:52,INFO,PaymentGateway,User u3757 login successful,E101,User {user} login successful
17103,2026-01-11,10:58:50,INFO,OrderProcessor,User u1377 login successful,E101,User {user} login successful
17104,2026-01-11,10:30:22,INFO,AuthService,Page view: /home by u3593,E103,Page view: {page} by {user}
17105,2026-01-11,10:07:20,INFO,WebServer,Transaction tx561869 completed in 888ms,E104,Transaction {tx} completed in {time}ms
17106,2026-01-11,10:35:32,INFO,WebServer,Health check passed: WebServer,E102,Health check passed: {service}
17107,2026-01-11,10:00:45,INFO,PaymentGateway,Transaction tx596047 completed in 1033ms,E104,Transaction {tx} completed in {time}ms
17108,2026-01-11,10:53:38,WARN,OrderProcessor,Disk usage > 85% on node node-2,E202,Disk usage > 85% on node {node}
17109,2026-01-11,10:39:59,INFO,OrderProcessor,Health check passed: OrderProcessor,E102,Health check passed: {service}
17110,2026-01-11,10:25:55,INFO,WebServer,Transaction tx689457 completed in 787ms,E104,Transaction {tx} completed in {time}ms
17111,2026-01-11,10:30:25,INFO,WebServer,User u3653 login successful,E101,User {user} login successful
17112,2026-01-11,10:45:34,INFO,AuthService,Page view: /home by u3030,E103,Page view: {page} by {user}
17113,2026-01-11,10:25:10,INFO,AuthService,Transaction tx248289 completed in 1330ms,E104,Transaction {tx} completed in {time}ms
17114,2026-01-11,10:14:26,INFO,WebServer,Page view: /home by u4912,E103,Page view: {page} by {user}
17115,2026-01-11,10:56:09,WARN,WebServer,Disk usage > 85% on node node-2,E202,Disk usage > 85% on node {node}
17116,2026-01-11,10:05:47,INFO,WebServer,User u2254 login successful,E101,User {user} login successful
17117,2026-01-11,10:55:31,INFO,WebServer,Health check passed: WebServer,E102,Health check passed: {service}
17118,2026-01-11,10:11:25,INFO,PaymentGateway,User u1217 login successful,E101,User {user} login successful
17119,2026-01-11,10:36:45,INFO,InventoryDB,Page view: /home by u4658,E103,Page view: {page} by {user}
17120,2026-01-11,10:18:46,INFO,WebServer,Page view: /home by u2130,E103,Page view: {page} by {user}
17121,2026-01-11,10:01:58,INFO,InventoryDB,Page view: /home by u4762,E103,Page view: {page} by {user}
17122,2026-01-11,10:57:00,INFO,WebServer,Page view: /home by u4563,E103,Page view: {page} by {user}
17123,2026-01-11,10:58:16,INFO,OrderProcessor,User u1822 login successful,E101,User {user} login successful
17124,2026-01-11,10:34:14,INFO,AuthService,Transaction tx786277 completed in 134ms,E104,Transaction {tx} completed in {time}ms
17125,2026-01-11,10:48:39,INFO,PaymentGateway,Page view: /home by u2115,E103,Page view: {page} by {user}
17126,2026-01-11,10:42:38,INFO,PaymentGateway,User u2181 login successful,E101,User {user} login successful
17127,2026-01-11,10:04:45,INFO,AuthService,Transaction tx990685 completed in 88ms,E104,Transaction {tx} completed in {time}ms
17128,2026-01-11,10:31:15,INFO,PaymentGateway,Health check passed: PaymentGateway,E102,Health check passed: {service}
17129,2026-01-11,10:58:20,INFO,WebServer,Health check passed: WebServer,E102,Health check passed: {service}
17130,2026-01-11,10:09:54,INFO,InventoryDB,Transaction tx627788 completed in 626ms,E104,Transaction {tx} completed in {time}ms
17131,2026-01-11,10:41:25,INFO,WebServer,Health check passed: WebServer,E102,Health check passed: {service}
17132,2026-01-11,10:14:44,INFO,WebServer,Page view: /home by u1004,E103,Page view: {page} by {user}
17133,2026-01-11,10:18:04,INFO,WebServer,Transaction tx305046 completed in 1093ms,E104,Transaction {tx} completed in {time}ms
17134,2026-01-11,10:21:20,INFO,WebServer,User u1737 login successful,E101,User {user} login successful
17135,2026-01-11,10:55:11,INFO,WebServer,Health check passed: WebServer,E102,Health check passed: {service}
17136,2026-01-11,10:04:30,INFO,AuthService,Page view: /home by u2868,E103,Page view: {page} by {user}
17137,2026-01-11,10:45:05,INFO,WebServer,Page view: /home by u3342,E103,Page view: {page} by {user}
17138,2026-01-11,10:55:04,INFO,WebServer,User u1383 login successful,E101,User {user} login successful
17139,2026-01-11,10:18:57,INFO,AuthService,Page view: /home by u2812,E103,Page view: {page} by {user}
17140,2026-01-11,10:18:51,INFO,WebServer,Health check passed: WebServer,E102,Health check passed: {service}
17141,2026-01-11,10:02:09,INFO,OrderProcessor,Page view: /home by u3723,E103,Page view: {page} by {user}
17142,2026-01-11,10:06:10,INFO,AuthService,User u3133 login successful,E101,User {user} login successful
17143,2026-01-11,10:51:55,INFO,OrderProcessor,Transaction tx861097 completed in 1350ms,E104,Transaction {tx} completed in {time}ms
17144,2026-01-11,10:25:14,INFO,AuthService,User u4785 login successful,E101,User {user} login successful
17145,2026-01-11,10:12:09,INFO,AuthService,Page view: /home by u4300,E103,Page view: {page} by {user}
17146,2026-01-11,10:38:04,INFO,AuthService,Health check passed: AuthService,E102,Health check passed: {service}
17147,2026-01-11,10:39:40,INFO,OrderProcessor,Transaction tx679378 completed in 1215ms,E104,Transaction {tx} completed in {time}ms
17148,2026-01-11,10:38:58,INFO,InventoryDB,Page view: /home by u3000,E103,Page view: {page} by {user}
17149,2026-01-11,10:37:44,INFO,WebServer,Health check passed: WebServer,E102,Health check passed: {service}
17150,2026-01-11,10:08:07,WARN,OrderProcessor,Disk usage > 85% on node node-1,E202,Disk usage > 85% on node {node}
17151,2026-01-11,10:37:03,INFO,WebServer,Health check passed: WebServer,E102,Health check passed: {service}
17152,2026-01-11,10:02:55,INFO,OrderProcessor,Health check passed: OrderProcessor,E102,Health check passed: {service}
17153,2026-01-11,10:35:14,INFO,OrderProcessor,Page view: /home by u2106,E103,Page view: {page} by {user}
17154,2026-01-11,10:38:56,INFO,WebServer,Transaction tx337354 completed in 510ms,E104,Transaction {tx} completed in {time}ms
17155,2026-01-11,10:23:18,INFO,OrderProcessor,Transaction tx230826 completed in 1600ms,E104,Transaction {tx} completed in {time}ms
17156,2026-01-11,10:12:39,INFO,WebServer,Transaction tx278043 completed in 1392ms,E104,Transaction {tx} completed in {time}ms
17157,2026-01-11,10:07:31,INFO,WebServer,Transaction tx944224 completed in 758ms,E104,Transaction {tx} completed in {time}ms
17158,2026-01-11,10:40:34,INFO,PaymentGateway,Health check passed: PaymentGateway,E102,Health check passed: {service}
17159,2026-01-11,10:13:11,INFO,OrderProcessor,User u2903 login successful,E101,User {user} login successful
17160,2026-01-11,10:13:44,WARN,OrderProcessor,Disk usage > 85% on node node-4,E202,Disk usage > 85% on node {node}
17161,2026-01-11,10:30:50,WARN,WebServer,Disk usage > 85% on node node-3,E202,Disk usage > 85% on node {node}
17162,2026-01-11,10:25:33,INFO,WebServer,Transaction tx419211 completed in 1276ms,E104,Transaction {tx} completed in {time}ms
17163,2026-01-11,10:06:01,INFO,WebServer,Transaction tx103196 completed in 180ms,E104,Transaction {tx} completed in {time}ms
17164,2026-01-11,10:58:47,INFO,WebServer,Page view: /home by u2590,E103,Page view: {page} by {user}
17165,2026-01-11,10:17:53,INFO,WebServer,Transaction tx449109 completed in 850ms,E104,Transaction {tx} completed in {time}ms
17166,2026-01-11,10:32:56,WARN,OrderProcessor,Disk usage > 85% on node node-4,E202,Disk usage > 85% on node {node}
17167,2026-01-11,10:15:49,INFO,WebServer,User u4989 login successful,E101,User {user} login successful
17168,2026-01-11,10:04:18,WARN,WebServer,High latency (315ms) detected on WebServer,E201,High latency ({time}ms) detected on {service}
17169,2026-01-11,10:54:47,WARN,WebServer,Disk usage > 85% on node node-5,E202,Disk usage > 85% on node {node}
17170,2026-01-11,10:46:46,INFO,PaymentGateway,Transaction tx864883 completed in 1466ms,E104,Transaction {tx} completed in {time}ms
17171,2026-01-11,10:58:53,INFO,WebServer,User u1701 login successful,E101,User {user} login successful
17172,2026-01-11,10:00:39,INFO,InventoryDB,User u1631 login successful,E101,User {user} login successful
17173,2026-01-11,10:47:22,INFO,InventoryDB,Health check passed: InventoryDB,E102,Health check passed: {service}
17174,2026-01-11,10:10:14,WARN,WebServer,Disk usage > 85% on node node-3,E202,Disk usage > 85% on node {node}
17175,2026-01-11,10:51:58,INFO,WebServer,Health check passed: WebServer,E102,Health check passed: {service}
17176,2026-01-11,10:14:17,INFO,PaymentGateway,Transaction tx133774 completed in 811ms,E104,Transaction {tx} completed in {time}ms
17177,2026-01-11,10:20:14,INFO,OrderProcessor,Page view: /home by u4702,E103,Page view: {page} by {user}
17178,2026-01-11,10:54:56,INFO,WebServer,User u1253 login successful,E101,User {user} login successful
17179,2026-01-11,10:45:10,INFO,OrderProcessor,User u4973 login successful,E101,User {user} login successful
17180,2026-01-11,10:31:38,INFO,WebServer,Page view: /home by u1869,E103,Page view: {page} by {user}
17181,2026-01-11,10:22:20,INFO,WebServer,Health check passed: WebServer,E102,Health check passed: {service}
17182,2026-01-11,10:36:51,INFO,OrderProcessor,Health check passed: OrderProcessor,E102,Health check passed: {service}
17183,2026-01-11,10:38:08,INFO,PaymentGateway,Page view: /home by u3564,E103,Page view: {page} by {user}
17184,2026-01-11,10:10:14,INFO,WebServer,User u2294 login successful,E101,User {user} login successful
17185,2026-01-11,10:09:04,INFO,WebServer,Health check passed: WebServer,E102,Health check passed: {service}
17186,2026-01-11,10:41:25,INFO,OrderProcessor,Health check passed: OrderProcessor,E102,Health check passed: {service}
17187,2026-01-11,10:09:13,INFO,WebServer,User u1595 login successful,E101,User {user} login successful
17188,2026-01-11,10:36:01,INFO,WebServer,Page view: /home by u4518,E103,Page view: {page} by {user}
17189,2026-01-11,10:49:18,INFO,WebServer,Transaction tx467285 completed in 60ms,E104,Transaction {tx} completed in {time}ms
17190,2026-01-11,10:18:41,INFO,InventoryDB,Page view: /home by u4314,E103,Page view: {page} by {user}
17191,2026-01-11,10:45:26,INFO,WebServer,Page view: /home by u3850,E103,Page view: {page} by {user}
17192,2026-01-11,10:33:26,INFO,AuthService,Page view: /home by u1794,E103,Page view: {page} by {user}
17193,2026-01-11,10:25:22,INFO,OrderProcessor,Health check passed: OrderProcessor,E102,Health check passed: {service}
17194,2026-01-11,10:13:33,INFO,WebServer,User u4206 login successful,E101,User {user} login successful
17195,2026-01-11,10:09:29,INFO,WebServer,Health check passed: WebServer,E102,Health check passed: {service}
17196,2026-01-11,10:46:58,INFO,OrderProcessor,Health check passed: OrderProcessor,E102,Health check passed: {service}
17197,2026-01-11,10:32:34,INFO,WebServer,Transaction tx947471 completed in 1551ms,E104,Transaction {tx} completed in {time}ms
17198,2026-01-11,10:56:55,INFO,WebServer,User u2509 login successful,E101,User {user} login successful
17199,2026-01-11,10:38:53,INFO,WebServer,Transaction tx481736 completed in 893ms,E104,Transaction {tx} completed in {time}ms
17200,2026-01-11,10:33:43,INFO,AuthService,Transaction tx684096 completed in 1779ms,E104,Transaction {tx} completed in {time}ms
17201,2026-01-11,10:49:01,INFO,WebServer,Health check passed: WebServer,E102,Health check passed: {service}
17202,2026-01-11,10:10:09,INFO,WebServer,User u2413 login successful,E101,User {user} login successful
17203,2026-01-11,10:15:54,INFO,WebServer,Transaction tx613091 completed in 1175ms,E104,Transaction {tx} completed in {time}ms
17204,2026-01-11,10:01:18,INFO,AuthService,Health check passed: AuthService,E102,Health check passed: {service}
17205,2026-01-11,10:51:26,INFO,WebServer,User u2147 login successful,E101,User {user} login successful
17206,2026-01-11,10:04:28,INFO,OrderProcessor,Transaction tx420068 completed in 763ms,E104,Transaction {tx} completed in {time}ms
17207,2026-01-11,10:02:04,INFO,WebServer,Page view: /home by u2716,E103,Page view: {page} by {user}
17208,2026-01-11,10:47:43,INFO,AuthService,Health check passed: AuthService,E102,Health check passed: {service}
17209,2026-01-11,10:33:58,INFO,WebServer,Transaction tx522031 completed in 654ms,E104,Transaction {tx} completed in {time}ms
17210,2026-01-11,10:19:38,INFO,AuthService,Transaction tx445535 completed in 586ms,E104,Transaction {tx} completed in {time}ms
17211,2026-01-11,10:30:40,INFO,WebServer,User u4219 login successful,E101,User {user} login successful
17212,2026-01-11,10:49:27,INFO,WebServer,Transaction tx232121 completed in 1365ms,E104,Transaction {tx} completed in {time}ms
17213,2026-01-11,10:24:17,INFO,OrderProcessor,Transaction tx991764 completed in 470ms,E104,Transaction {tx} completed in {time}ms
17214,2026-01-11,10:44:50,INFO,WebServer,User u4484 login successful,E101,User {user} login successful
17215,2026-01-11,10:09:20,INFO,WebServer,Transaction tx896294 completed in 914ms,E104,Transaction {tx} completed in {time}ms
17216,2026-01-11,10:29:34,INFO,WebServer,Transaction tx144106 completed in 581ms,E104,Transaction {tx} completed in {time}ms
17217,2026-01-11,10:50:00,INFO,WebServer,Page view: /home by u2251,E103,Page view: {page} by {user}
17218,2026-01-11,10:24:57,INFO,InventoryDB,Health check passed: InventoryDB,E102,Health check passed: {service}
17219,2026-01-11,10:35:25,INFO,AuthService,User u4211 login successful,E101,User {user} login successful
17220,2026-01-11,10:04:30,INFO,WebServer,User u2575 login successful,E101,User {user} login successful
17221,2026-01-11,10:38:34,ERROR,WebServer,Timeout waiting for lock on InventoryDB,E502,Timeout waiting for lock on {db}
17222,2026-01-11,10:45:08,WARN,OrderProcessor,Unauthorized access attempt from 10.0.0.45,E401,Unauthorized access attempt from {ip}
17223,2026-01-11,10:58:50,INFO,WebServer,User u4043 login successful,E101,User {user} login successful
17224,2026-01-11,10:53:24,INFO,AuthService,Transaction tx157736 completed in 588ms,E104,Transaction {tx} completed in {time}ms
17225,2026-01-11,10:33:31,CRITICAL,PaymentGateway,DATA CORRUPTION detected in sector 668,E602,DATA CORRUPTION detected in sector {sector}
17226,2026-01-11,10:19:50,INFO,WebServer,Transaction tx220273 completed in 1267ms,E104,Transaction {tx} completed in {time}ms
17227,2026-01-11,10:28:10,INFO,PaymentGateway,User u4246 login successful,E101,User {user} login successful
17228,2026-01-11,10:51:06,INFO,PaymentGateway,Page view: /home by u1382,E103,Page view: {page} by {user}
17229,2026-01-11,10:17:52,INFO,AuthService,User u1823 login successful,E101,User {user} login successful
17230,2026-01-11,10:35:52,INFO,WebServer,User u4241 login successful,E101,User {user} login successful
17231,2026-01-11,10:18:09,INFO,AuthService,Health check passed: AuthService,E102,Health check passed: {service}
17232,2026-01-11,10:45:56,INFO,InventoryDB,User u4361 login successful,E101,User {user} login successful
17233,2026-01-11,10:55:19,INFO,WebServer,Page view: /home by u3063,E103,Page view: {page} by {user}
17234,2026-01-11,10:14:34,INFO,WebServer,User u2631 login successful,E101,User {user} login successful
17235,2026-01-11,10:14:37,INFO,PaymentGateway,Health check passed: PaymentGateway,E102,Health check passed: {service}
17236,2026-01-11,10:20:02,INFO,AuthService,Page view: /home by u3916,E103,Page view: {page} by {user}
17237,2026-01-11,10:09:15,INFO,WebServer,User u3149 login successful,E101,User {user} login successful
17238,2026-01-11,10:27:53,INFO,OrderProcessor,Health check passed: OrderProcessor,E102,Health check passed: {service}
17239,2026-01-11,10:43:41,INFO,WebServer,User u2553 login successful,E101,User {user} login successful
17240,2026-01-11,10:56:56,WARN,PaymentGateway,High latency (1854ms) detected on PaymentGateway,E201,High latency ({time}ms) detected on {service}
17241,2026-01-11,10:48:22,INFO,WebServer,Transaction tx690554 completed in 682ms,E104,Transaction {tx} completed in {time}ms
17242,2026-01-11,10:45:06,INFO,InventoryDB,Health check passed: InventoryDB,E102,Health check passed: {service}
17243,2026-01-11,10:45:39,INFO,PaymentGateway,Page view: /home by u4644,E103,Page view: {page} by {user}
17244,2026-01-11,10:12:21,INFO,OrderProcessor,User u4578 login successful,E101,User {user} login successful
17245,2026-01-11,10:31:49,INFO,WebServer,User u2127 login successful,E101,User {user} login successful
17246,2026-01-11,10:40:21,INFO,InventoryDB,User u3208 login successful,E101,User {user} login successful
17247,2026-01-11,10:28:56,INFO,OrderProcessor,Transaction tx885161 completed in 55ms,E104,Transaction {tx} completed in {time}ms
17248,2026-01-11,10:51:00,INFO,WebServer,Page view: /home by u4878,E103,Page view: {page} by {user}
17249,2026-01-11,10:49:45,INFO,WebServer,User u1824 login successful,E101,User {user} login successful
17250,2026-01-11,10:39:19,INFO,WebServer,Health check passed: WebServer,E102,Health check passed: {service}
17251,2026-01-11,10:35:19,INFO,WebServer,User u4732 login successful,E101,User {user} login successful
17252,2026-01-11,10:40:14,INFO,OrderProcessor,Page view: /home by u4973,E103,Page view: {page} by {user}
17253,2026-01-11,10:23:00,INFO,WebServer,Transaction tx757101 completed in 933ms,E104,Transaction {tx} completed in {time}ms
17254,2026-01-11,10:09:02,INFO,OrderProcessor,User u2594 login successful,E101,User {user} login successful
17255,2026-01-11,10:06:25,INFO,WebServer,User u3423 login successful,E101,User {user} login successful
17256,2026-01-11,10:31:51,INFO,AuthService,Transaction tx920948 completed in 1704ms,E104,Transaction {tx} completed in {time}ms
17257,2026-01-11,10:31:37,INFO,WebServer,Page view: /home by u1943,E103,Page view: {page} by {user}
17258,2026-01-11,10:12:14,WARN,WebServer,Disk usage > 85% on node node-4,E202,Disk usage > 85% on node {node}
17259,2026-01-11,10:37:52,INFO,InventoryDB,User u3549 login successful,E101,User {user} login successful
17260,2026-01-11,10:04:20,INFO,OrderProcessor,User u4180 login successful,E101,User {user} login successful
17261,2026-01-11,10:32:00,INFO,AuthService,Transaction tx321708 completed in 1685ms,E104,Transaction {tx} completed in {time}ms
17262,2026-01-11,10:24:47,INFO,OrderProcessor,User u1402 login successful,E101,User {user} login successful
17263,2026-01-11,10:10:23,INFO,OrderProcessor,Health check passed: OrderProcessor,E102,Health check passed: {service}
17264,2026-01-11,10:02:28,WARN,AuthService,Unauthorized access attempt from 10.0.0.45,E401,Unauthorized access attempt from {ip}
17265,2026-01-11,10:33:41,INFO,AuthService,Page view: /home by u1512,E103,Page view: {page} by {user}
17266,2026-01-11,10:52:56,INFO,WebServer,Page view: /home by u3558,E103,Page view: {page} by {user}
17267,2026-01-11,10:26:48,INFO,InventoryDB,Health check passed: InventoryDB,E102,Health check passed: {service}
17268,2026-01-11,10:13:51,INFO,AuthService,Page view: /home by u3128,E103,Page view: {page} by {user}
17269,2026-01-11,10:02:10,INFO,WebServer,Page view: /home by u2627,E103,Page view: {page} by {user}
17270,2026-01-11,10:48:39,INFO,WebServer,User u2135 login successful,E101,User {user} login successful
17271,2026-01-11,10:37:24,INFO,AuthService,User u1475 login successful,E101,User {user} login successful
17272,2026-01-11,10:41:08,INFO,AuthService,Transaction tx691116 completed in 1989ms,E104,Transaction {tx} completed in {time}ms
17273,2026-01-11,10:59:03,INFO,WebServer,Transaction tx125902 completed in 618ms,E104,Transaction {tx} completed in {time}ms
17274,2026-01-11,10:03:25,INFO,WebServer,Transaction tx381508 completed in 1234ms,E104,Transaction {tx} completed in {time}ms
17275,2026-01-11,10:37:39,INFO,WebServer,User u3734 login successful,E101,User {user} login successful
17276,2026-01-11,10:03:40,INFO,WebServer,Page view: /home by u2172,E103,Page view: {page} by {user}
17277,2026-01-11,10:21:47,INFO,WebServer,Health check passed: WebServer,E102,Health check passed: {service}
17278,2026-01-11,10:05:34,INFO,WebServer,User u1408 login successful,E101,User {user} login successful
17279,2026-01-11,10:45:43,INFO,WebServer,Health check passed: WebServer,E102,Health check passed: {service}
17280,2026-01-11,10:39:35,INFO,PaymentGateway,Health check passed: PaymentGateway,E102,Health check passed: {service}
17281,2026-01-11,10:34:41,INFO,PaymentGateway,Page view: /home by u4359,E103,Page view: {page} by {user}
17282,2026-01-11,10:02:36,ERROR,WebServer,Connection refused to WebServer at 10.0.0.45,E501,Connection refused to {service} at {ip}
17283,2026-01-11,10:25:48,INFO,WebServer,Health check passed: WebServer,E102,Health check passed: {service}
17284,2026-01-11,10:34:28,INFO,WebServer,Page view: /home by u1845,E103,Page view: {page} by {user}
17285,2026-01-11,10:43:26,INFO,WebServer,Transaction tx133331 completed in 1044ms,E104,Transaction {tx} completed in {time}ms
17286,2026-01-11,10:36:16,INFO,WebServer,Page view: /home by u2007,E103,Page view: {page} by {user}
17287,2026-01-11,10:58:28,INFO,WebServer,User u1595 login successful,E101,User {user} login successful
17288,2026-01-11,10:33:39,INFO,WebServer,Page view: /home by u3621,E103,Page view: {page} by {user}
17289,2026-01-11,10:48:38,INFO,PaymentGateway,User u4254 login successful,E101,User {user} login successful
17290,2026-01-11,10:24:38,INFO,WebServer,User u4312 login successful,E101,User {user} login successful
17291,2026-01-11,10:27:29,INFO,PaymentGateway,User u3134 login successful,E101,User {user} login successful
17292,2026-01-11,10:54:08,INFO,InventoryDB,User u4057 login successful,E101,User {user} login successful
17293,2026-01-11,10:17:19,ERROR,WebServer,Timeout waiting for lock on InventoryDB,E502,Timeout waiting for lock on {db}
17294,2026-01-11,10:45:57,INFO,PaymentGateway,Health check passed: PaymentGateway,E102,Health check passed: {service}
17295,2026-01-11,10:06:14,INFO,WebServer,Health check passed: WebServer,E102,Health check passed: {service}
17296,2026-01-11,10:31:21,INFO,AuthService,Transaction tx203425 completed in 158ms,E104,Transaction {tx} completed in {time}ms
17297,2026-01-11,10:51:02,INFO,WebServer,Health check passed: WebServer,E102,Health check passed: {service}
17298,2026-01-11,10:10:07,INFO,WebServer,Page view: /home by u2231,E103,Page view: {page} by {user}
17299,2026-01-11,10:00:47,INFO,WebServer,Transaction tx315248 completed in 762ms,E104,Transaction {tx} completed in {time}ms
17300,2026-01-11,10:01:34,WARN,PaymentGateway,Unauthorized access attempt from 10.0.0.45,E401,Unauthorized access attempt from {ip}
17301,2026-01-11,10:23:52,INFO,PaymentGateway,User u2770 login successful,E101,User {user} login successful
17302,2026-01-11,10:30:15,INFO,OrderProcessor,User u4830 login successful,E101,User {user} login successful
17303,2026-01-11,10:18:36,INFO,WebServer,Transaction tx754167 completed in 1234ms,E104,Transaction {tx} completed in {time}ms
17304,2026-01-11,10:44:20,INFO,WebServer,Page view: /home by u4588,E103,Page view: {page} by {user}
17305,2026-01-11,10:37:31,INFO,WebServer,Page view: /home by u3764,E103,Page view: {page} by {user}
17306,2026-01-11,10:24:42,INFO,WebServer,Page view: /home by u1408,E103,Page view: {page} by {user}
17307,2026-01-11,10:37:38,INFO,AuthService,Health check passed: AuthService,E102,Health check passed: {service}
17308,2026-01-11,10:43:36,INFO,WebServer,Transaction tx209331 completed in 1006ms,E104,Transaction {tx} completed in {time}ms
17309,2026-01-11,10:52:33,INFO,WebServer,Health check passed: WebServer,E102,Health check passed: {service}
17310,2026-01-11,10:25:30,WARN,WebServer,Disk usage > 85% on node node-4,E202,Disk usage > 85% on node {node}
17311,2026-01-11,10:13:15,INFO,AuthService,Page view: /home by u4111,E103,Page view: {page} by {user}
17312,2026-01-11,10:07:07,INFO,WebServer,Health check passed: WebServer,E102,Health check passed: {service}
17313,2026-01-11,10:10:39,INFO,AuthService,Health check passed: AuthService,E102,Health check passed: {service}
17314,2026-01-11,10:53:41,INFO,AuthService,User u1807 login successful,E101,User {user} login successful
17315,2026-01-11,10:19:03,INFO,PaymentGateway,User u1303 login successful,E101,User {user} login successful
17316,2026-01-11,10:18:21,INFO,AuthService,Page view: /home by u3781,E103,Page view: {page} by {user}
17317,2026-01-11,10:36:23,INFO,PaymentGateway,Transaction tx852993 completed in 444ms,E104,Transaction {tx} completed in {time}ms
17318,2026-01-11,10:30:57,INFO,OrderProcessor,User u3857 login successful,E101,User {user} login successful
17319,2026-01-11,10:23:03,INFO,OrderProcessor,User u4460 login successful,E101,User {user} login successful
17320,2026-01-11,10:06:28,INFO,InventoryDB,User u2366 login successful,E101,User {user} login successful
17321,2026-01-11,10:54:07,INFO,WebServer,User u3615 login successful,E101,User {user} login successful
17322,2026-01-11,10:10:45,INFO,OrderProcessor,Health check passed: OrderProcessor,E102,Health check passed: {service}
17323,2026-01-11,10:15:28,INFO,PaymentGateway,Page view: /home by u3166,E103,Page view: {page} by {user}
17324,2026-01-11,10:33:54,INFO,AuthService,User u3611 login successful,E101,User {user} login successful
17325,2026-01-11,10:33:28,INFO,WebServer,Page view: /home by u1466,E103,Page view: {page} by {user}
17326,2026-01-11,10:04:03,INFO,WebServer,User u4251 login successful,E101,User {user} login successful
17327,2026-01-11,10:26:40,INFO,WebServer,Health check passed: WebServer,E102,Health check passed: {service}
17328,2026-01-11,10:30:46,INFO,WebServer,Transaction tx482394 completed in 151ms,E104,Transaction {tx} completed in {time}ms
17329,2026-01-11,10:56:47,INFO,WebServer,Health check passed: WebServer,E102,Health check passed: {service}
17330,2026-01-11,10:04:21,INFO,WebServer,Health check passed: WebServer,E102,Health check passed: {service}
17331,2026-01-11,10:13:14,INFO,AuthService,Page view: /home by u3804,E103,Page view: {page} by {user}
17332,2026-01-11,10:23:09,INFO,WebServer,Health check passed: WebServer,E102,Health check passed: {service}
17333,2026-01-11,10:48:01,INFO,WebServer,Transaction tx743810 completed in 1155ms,E104,Transaction {tx} completed in {time}ms
17334,2026-01-11,10:08:29,INFO,PaymentGateway,Transaction tx931573 completed in 445ms,E104,Transaction {tx} completed in {time}ms
17335,2026-01-11,10:44:32,INFO,WebServer,Transaction tx259524 completed in 1672ms,E104,Transaction {tx} completed in {time}ms
17336,2026-01-11,10:11:42,WARN,WebServer,Disk usage > 85% on node node-4,E202,Disk usage > 85% on node {node}
17337,2026-01-11,10:57:03,INFO,AuthService,Transaction tx754778 completed in 1658ms,E104,Transaction {tx} completed in {time}ms
17338,2026-01-11,10:02:05,INFO,PaymentGateway,User u1137 login successful,E101,User {user} login successful
17339,2026-01-11,10:00:24,INFO,AuthService,User u3201 login successful,E101,User {user} login successful
17340,2026-01-11,10:39:29,INFO,WebServer,Page view: /home by u3988,E103,Page view: {page} by {user}
17341,2026-01-11,10:36:45,INFO,OrderProcessor,Page view: /home by u2927,E103,Page view: {page} by {user}
17342,2026-01-11,10:29:38,INFO,WebServer,Health check passed: WebServer,E102,Health check passed: {service}
17343,2026-01-11,10:50:36,INFO,WebServer,Health check passed: WebServer,E102,Health check passed: {service}
17344,2026-01-11,10:16:52,INFO,WebServer,Page view: /home by u4262,E103,Page view: {page} by {user}
17345,2026-01-11,10:42:50,INFO,WebServer,Page view: /home by u2643,E103,Page view: {page} by {user}
17346,2026-01-11,10:09:42,INFO,OrderProcessor,Health check passed: OrderProcessor,E102,Health check passed: {service}
17347,2026-01-11,10:48:59,INFO,InventoryDB,User u1786 login successful,E101,User {user} login successful
17348,2026-01-11,10:16:19,INFO,WebServer,Health check passed: WebServer,E102,Health check passed: {service}
17349,2026-01-11,10:33:32,INFO,OrderProcessor,Transaction tx549539 completed in 1977ms,E104,Transaction {tx} completed in {time}ms
17350,2026-01-11,10:04:51,INFO,OrderProcessor,Page view: /home by u1738,E103,Page view: {page} by {user}
17351,2026-01-11,10:57:25,INFO,AuthService,Page view: /home by u3286,E103,Page view: {page} by {user}
17352,2026-01-11,10:31:06,INFO,WebServer,Page view: /home by u3792,E103,Page view: {page} by {user}
17353,2026-01-11,10:46:23,INFO,WebServer,Health check passed: WebServer,E102,Health check passed: {service}
17354,2026-01-11,10:19:31,INFO,WebServer,Page view: /home by u2858,E103,Page view: {page} by {user}
17355,2026-01-11,10:33:15,INFO,WebServer,Health check passed: WebServer,E102,Health check passed: {service}
17356,2026-01-11,10:51:55,INFO,InventoryDB,Health check passed: InventoryDB,E102,Health check passed: {service}
17357,2026-01-11,10:32:30,INFO,WebServer,Page view: /home by u3187,E103,Page view: {page} by {user}
17358,2026-01-11,10:37:06,INFO,WebServer,User u1205 login successful,E101,User {user} login successful
17359,2026-01-11,10:43:20,INFO,OrderProcessor,User u2721 login successful,E101,User {user} login successful
17360,2026-01-11,10:24:43,INFO,InventoryDB,Page view: /home by u1260,E103,Page view: {page} by {user}
17361,2026-01-11,10:29:08,INFO,WebServer,Page view: /home by u1377,E103,Page view: {page} by {user}
17362,2026-01-11,10:40:00,INFO,InventoryDB,User u3754 login successful,E101,User {user} login successful
17363,2026-01-11,10:15:11,INFO,WebServer,User u1862 login successful,E101,User {user} login successful
17364,2026-01-11,10:57:29,INFO,PaymentGateway,User u4707 login successful,E101,User {user} login successful
17365,2026-01-11,10:47:55,INFO,WebServer,User u3454 login successful,E101,User {user} login successful
17366,2026-01-11,10:19:56,INFO,PaymentGateway,Page view: /home by u1411,E103,Page view: {page} by {user}
17367,2026-01-11,10:16:36,INFO,WebServer,User u2506 login successful,E101,User {user} login successful
17368,2026-01-11,10:51:07,ERROR,AuthService,Connection refused to AuthService at 10.0.0.88,E501,Connection refused to {service} at {ip}
17369,2026-01-11,10:45:48,INFO,WebServer,Health check passed: WebServer,E102,Health check passed: {service}
17370,2026-01-11,10:04:03,INFO,WebServer,Health check passed: WebServer,E102,Health check passed: {service}
17371,2026-01-11,10:56:48,INFO,WebServer,User u4134 login successful,E101,User {user} login successful
17372,2026-01-11,10:20:08,INFO,OrderProcessor,Transaction tx836837 completed in 1560ms,E104,Transaction {tx} completed in {time}ms
17373,2026-01-11,10:45:45,INFO,WebServer,Health check passed: WebServer,E102,Health check passed: {service}
17374,2026-01-11,10:16:09,INFO,WebServer,Health check passed: WebServer,E102,Health check passed: {service}
17375,2026-01-11,10:57:28,WARN,WebServer,High latency (475ms) detected on WebServer,E201,High latency ({time}ms) detected on {service}
17376,2026-01-11,10:44:17,INFO,WebServer,Page view: /home by u4836,E103,Page view: {page} by {user}
17377,2026-01-11,10:22:27,INFO,WebServer,Transaction tx325980 completed in 546ms,E104,Transaction {tx} completed in {time}ms
17378,2026-01-11,10:57:01,INFO,OrderProcessor,User u2413 login successful,E101,User {user} login successful
17379,2026-01-11,10:59:23,INFO,OrderProcessor,Page view: /home by u4467,E103,Page view: {page} by {user}
17380,2026-01-11,10:22:19,INFO,AuthService,Transaction tx323274 completed in 1036ms,E104,Transaction {tx} completed in {time}ms
17381,2026-01-11,10:18:38,INFO,WebServer,Health check passed: WebServer,E102,Health check passed: {service}
17382,2026-01-11,10:30:17,INFO,WebServer,Health check passed: WebServer,E102,Health check passed: {service}
17383,2026-01-11,10:35:11,INFO,AuthService,User u2920 login successful,E101,User {user} login successful
17384,2026-01-11,10:11:37,INFO,AuthService,Health check passed: AuthService,E102,Health check passed: {service}
17385,2026-01-11,10:04:00,INFO,WebServer,Health check passed: WebServer,E102,Health check passed: {service}
17386,2026-01-11,10:33:08,INFO,PaymentGateway,User u4750 login successful,E101,User {user} login successful
17387,2026-01-11,10:33:40,INFO,AuthService,Health check passed: AuthService,E102,Health check passed: {service}
17388,2026-01-11,10:55:12,WARN,WebServer,Disk usage > 85% on node node-4,E202,Disk usage > 85% on node {node}
17389,2026-01-11,10:39:14,CRITICAL,WebServer,KERNEL PANIC: Node node-5 crashed,E601,KERNEL PANIC: Node {node} crashed
17390,2026-01-11,10:05:21,INFO,WebServer,Health check passed: WebServer,E102,Health check passed: {service}
17391,2026-01-11,10:48:14,WARN,WebServer,High latency (913ms) detected on WebServer,E201,High latency ({time}ms) detected on {service}
17392,2026-01-11,10:02:41,INFO,AuthService,Health check passed: AuthService,E102,Health check passed: {service}
17393,2026-01-11,10:44:43,INFO,WebServer,Transaction tx361806 completed in 492ms,E104,Transaction {tx} completed in {time}ms
17394,2026-01-11,10:25:24,INFO,OrderProcessor,Page view: /home by u3556,E103,Page view: {page} by {user}
17395,2026-01-11,10:38:03,INFO,WebServer,User u4598 login successful,E101,User {user} login successful
17396,2026-01-11,10:00:57,INFO,WebServer,Transaction tx128563 completed in 1805ms,E104,Transaction {tx} completed in {time}ms
17397,2026-01-11,10:12:49,ERROR,WebServer,Payment declined: Gateway unavailable,E503,Payment declined: Gateway unavailable
17398,2026-01-11,10:50:49,INFO,WebServer,Page view: /home by u3697,E103,Page view: {page} by {user}
17399,2026-01-11,10:56:22,INFO,AuthService,User u1206 login successful,E101,User {user} login successful
17400,2026-01-11,10:25:05,INFO,WebServer,User u1338 login successful,E101,User {user} login successful
17401,2026-01-11,10:18:29,WARN,AuthService,Unauthorized access attempt from 192.168.1.5,E401,Unauthorized access attempt from {ip}
17402,2026-01-11,10:26:35,INFO,WebServer,User u4649 login successful,E101,User {user} login successful
17403,2026-01-11,10:26:13,INFO,PaymentGateway,Health check passed: PaymentGateway,E102,Health check passed: {service}
17404,2026-01-11,10:25:33,INFO,AuthService,Health check passed: AuthService,E102,Health check passed: {service}
17405,2026-01-11,10:20:32,INFO,InventoryDB,Health check passed: InventoryDB,E102,Health check passed: {service}
17406,2026-01-11,10:41:39,INFO,AuthService,User u2856 login successful,E101,User {user} login successful
17407,2026-01-11,10:42:29,INFO,WebServer,Health check passed: WebServer,E102,Health check passed: {service}
17408,2026-01-11,10:49:45,INFO,WebServer,Health check passed: WebServer,E102,Health check passed: {service}
17409,2026-01-11,10:30:45,INFO,AuthService,User u1762 login successful,E101,User {user} login successful
17410,2026-01-11,10:42:05,INFO,WebServer,Health check passed: WebServer,E102,Health check passed: {service}
17411,2026-01-11,10:16:41,INFO,OrderProcessor,Transaction tx532003 completed in 1885ms,E104,Transaction {tx} completed in {time}ms
17412,2026-01-11,10:04:58,INFO,PaymentGateway,Health check passed: PaymentGateway,E102,Health check passed: {service}
17413,2026-01-11,10:45:47,INFO,PaymentGateway,Page view: /home by u3309,E103,Page view: {page} by {user}
17414,2026-01-11,10:54:05,WARN,WebServer,Disk usage > 85% on node node-5,E202,Disk usage > 85% on node {node}
17415,2026-01-11,10:41:18,INFO,OrderProcessor,Page view: /home by u4013,E103,Page view: {page} by {user}
17416,2026-01-11,10:24:30,INFO,WebServer,Page view: /home by u1613,E103,Page view: {page} by {user}
17417,2026-01-11,10:23:23,INFO,WebServer,Page view: /home by u1588,E103,Page view: {page} by {user}
17418,2026-01-11,10:53:01,ERROR,PaymentGateway,Payment declined: Gateway unavailable,E503,Payment declined: Gateway unavailable
17419,2026-01-11,10:43:47,INFO,WebServer,Transaction tx573467 completed in 1045ms,E104,Transaction {tx} completed in {time}ms
17420,2026-01-11,10:22:28,ERROR,WebServer,Payment declined: Gateway unavailable,E503,Payment declined: Gateway unavailable
17421,2026-01-11,10:31:31,INFO,AuthService,Health check passed: AuthService,E102,Health check passed: {service}
17422,2026-01-11,10:37:43,INFO,PaymentGateway,User u4976 login successful,E101,User {user} login successful
17423,2026-01-11,10:49:23,INFO,InventoryDB,User u2967 login successful,E101,User {user} login successful
17424,2026-01-11,10:03:56,CRITICAL,PaymentGateway,KERNEL PANIC: Node node-4 crashed,E601,KERNEL PANIC: Node {node} crashed
17425,2026-01-11,10:36:55,INFO,PaymentGateway,User u4241 login successful,E101,User {user} login successful
17426,2026-01-11,10:22:55,INFO,WebServer,Page view: /home by u3046,E103,Page view: {page} by {user}
17427,2026-01-11,10:06:38,INFO,OrderProcessor,Page view: /home by u2575,E103,Page view: {page} by {user}
17428,2026-01-11,10:40:17,INFO,WebServer,Transaction tx399338 completed in 1295ms,E104,Transaction {tx} completed in {time}ms
17429,2026-01-11,10:45:25,INFO,AuthService,User u1056 login successful,E101,User {user} login successful
17430,2026-01-11,10:10:04,WARN,OrderProcessor,Unauthorized access attempt from 10.0.0.45,E401,Unauthorized access attempt from {ip}
17431,2026-01-11,10:18:59,INFO,WebServer,Health check passed: WebServer,E102,Health check passed: {service}
17432,2026-01-11,10:14:17,INFO,AuthService,User u4711 login successful,E101,User {user} login successful
17433,2026-01-11,10:52:53,INFO,WebServer,Page view: /home by u3619,E103,Page view: {page} by {user}
17434,2026-01-11,10:55:33,INFO,WebServer,Transaction tx294721 completed in 1243ms,E104,Transaction {tx} completed in {time}ms
17435,2026-01-11,10:52:39,INFO,WebServer,Page view: /home by u3263,E103,Page view: {page} by {user}
17436,2026-01-11,10:00:14,WARN,OrderProcessor,Unauthorized access attempt from 10.0.0.99,E401,Unauthorized access attempt from {ip}
17437,2026-01-11,10:08:19,INFO,WebServer,User u3111 login successful,E101,User {user} login successful
17438,2026-01-11,10:26:02,INFO,WebServer,Page view: /home by u4008,E103,Page view: {page} by {user}
17439,2026-01-11,10:40:20,INFO,AuthService,Transaction tx850591 completed in 117ms,E104,Transaction {tx} completed in {time}ms
17440,2026-01-11,10:42:56,WARN,WebServer,Disk usage > 85% on node node-4,E202,Disk usage > 85% on node {node}
17441,2026-01-11,10:08:55,INFO,WebServer,User u1041 login successful,E101,User {user} login successful
17442,2026-01-11,10:20:36,INFO,WebServer,User u4222 login successful,E101,User {user} login successful
17443,2026-01-11,10:06:51,INFO,WebServer,Health check passed: WebServer,E102,Health check passed: {service}
17444,2026-01-11,10:02:00,INFO,WebServer,Page view: /home by u4745,E103,Page view: {page} by {user}
17445,2026-01-11,10:56:02,INFO,WebServer,User u3781 login successful,E101,User {user} login successful
17446,2026-01-11,10:22:19,INFO,OrderProcessor,Health check passed: OrderProcessor,E102,Health check passed: {service}
17447,2026-01-11,10:00:19,INFO,WebServer,Page view: /home by u3122,E103,Page view: {page} by {user}
17448,2026-01-11,10:04:05,INFO,AuthService,Transaction tx586361 completed in 559ms,E104,Transaction {tx} completed in {time}ms
17449,2026-01-11,10:46:32,INFO,WebServer,Health check passed: WebServer,E102,Health check passed: {service}
17450,2026-01-11,10:33:44,INFO,WebServer,User u4361 login successful,E101,User {user} login successful
17451,2026-01-11,10:02:17,INFO,AuthService,Page view: /home by u2236,E103,Page view: {page} by {user}
17452,2026-01-11,10:49:32,INFO,OrderProcessor,User u2669 login successful,E101,User {user} login successful
17453,2026-01-11,10:36:47,INFO,OrderProcessor,Transaction tx153875 completed in 400ms,E104,Transaction {tx} completed in {time}ms
17454,2026-01-11,10:45:39,INFO,AuthService,User u1044 login successful,E101,User {user} login successful
17455,2026-01-11,10:50:24,INFO,AuthService,Page view: /home by u1388,E103,Page view: {page} by {user}
17456,2026-01-11,10:57:27,INFO,WebServer,Health check passed: WebServer,E102,Health check passed: {service}
17457,2026-01-11,10:22:50,WARN,AuthService,Unauthorized access attempt from 10.0.0.45,E401,Unauthorized access attempt from {ip}
17458,2026-01-11,10:47:39,INFO,InventoryDB,User u1574 login successful,E101,User {user} login successful
17459,2026-01-11,10:51:48,INFO,WebServer,Page view: /home by u4510,E103,Page view: {page} by {user}
17460,2026-01-11,10:48:34,INFO,WebServer,Page view: /home by u3776,E103,Page view: {page} by {user}
17461,2026-01-11,10:48:33,ERROR,WebServer,Payment declined: Gateway unavailable,E503,Payment declined: Gateway unavailable
17462,2026-01-11,10:45:58,INFO,AuthService,Transaction tx714318 completed in 173ms,E104,Transaction {tx} completed in {time}ms
17463,2026-01-11,10:52:05,INFO,AuthService,Transaction tx551126 completed in 433ms,E104,Transaction {tx} completed in {time}ms
17464,2026-01-11,10:16:36,INFO,WebServer,Transaction tx427554 completed in 1214ms,E104,Transaction {tx} completed in {time}ms
17465,2026-01-11,10:03:39,INFO,WebServer,User u1971 login successful,E101,User {user} login successful
17466,2026-01-11,10:32:05,INFO,AuthService,Health check passed: AuthService,E102,Health check passed: {service}
17467,2026-01-11,10:04:04,INFO,AuthService,Page view: /home by u4742,E103,Page view: {page} by {user}
17468,2026-01-11,10:03:00,INFO,AuthService,Page view: /home by u4080,E103,Page view: {page} by {user}
17469,2026-01-11,10:50:01,INFO,OrderProcessor,Page view: /home by u2465,E103,Page view: {page} by {user}
17470,2026-01-11,10:47:03,INFO,WebServer,Page view: /home by u4267,E103,Page view: {page} by {user}
17471,2026-01-11,10:12:58,INFO,WebServer,User u1158 login successful,E101,User {user} login successful
17472,2026-01-11,10:38:54,INFO,WebServer,Page view: /home by u4791,E103,Page view: {page} by {user}
17473,2026-01-11,10:23:38,INFO,WebServer,Health check passed: WebServer,E102,Health check passed: {service}
17474,2026-01-11,10:40:58,INFO,WebServer,Health check passed: WebServer,E102,Health check passed: {service}
17475,2026-01-11,10:34:27,INFO,AuthService,User u4613 login successful,E101,User {user} login successful
17476,2026-01-11,10:32:51,INFO,WebServer,Transaction tx308968 completed in 603ms,E104,Transaction {tx} completed in {time}ms
17477,2026-01-11,10:25:47,INFO,WebServer,Health check passed: WebServer,E102,Health check passed: {service}
17478,2026-01-11,10:06:14,INFO,OrderProcessor,Health check passed: OrderProcessor,E102,Health check passed: {service}
17479,2026-01-11,10:06:25,INFO,AuthService,Health check passed: AuthService,E102,Health check passed: {service}
17480,2026-01-11,10:19:41,INFO,WebServer,User u1949 login successful,E101,User {user} login successful
17481,2026-01-11,10:15:01,INFO,WebServer,Transaction tx713985 completed in 795ms,E104,Transaction {tx} completed in {time}ms
17482,2026-01-11,10:30:19,INFO,AuthService,Page view: /home by u1470,E103,Page view: {page} by {user}
17483,2026-01-11,10:28:27,INFO,WebServer,Health check passed: WebServer,E102,Health check passed: {service}
17484,2026-01-11,10:22:50,WARN,WebServer,Unauthorized access attempt from 10.0.0.45,E401,Unauthorized access attempt from {ip}
17485,2026-01-11,10:58:46,INFO,OrderProcessor,Transaction tx888974 completed in 1923ms,E104,Transaction {tx} completed in {time}ms
17486,2026-01-11,10:55:35,INFO,WebServer,Health check passed: WebServer,E102,Health check passed: {service}
17487,2026-01-11,10:37:48,INFO,OrderProcessor,Page view: /home by u4162,E103,Page view: {page} by {user}
17488,2026-01-11,10:45:33,WARN,AuthService,Unauthorized access attempt from 10.0.0.88,E401,Unauthorized access attempt from {ip}
17489,2026-01-11,10:49:08,INFO,WebServer,Health check passed: WebServer,E102,Health check passed: {service}
17490,2026-01-11,10:13:58,INFO,OrderProcessor,Page view: /home by u3871,E103,Page view: {page} by {user}
17491,2026-01-11,10:18:09,INFO,AuthService,Page view: /home by u2617,E103,Page view: {page} by {user}
17492,2026-01-11,10:00:59,INFO,WebServer,Page view: /home by u3332,E103,Page view: {page} by {user}
17493,2026-01-11,10:11:30,INFO,PaymentGateway,User u3534 login successful,E101,User {user} login successful
17494,2026-01-11,10:57:35,INFO,WebServer,Health check passed: WebServer,E102,Health check passed: {service}
17495,2026-01-11,10:21:50,WARN,PaymentGateway,Unauthorized access attempt from 10.0.0.45,E401,Unauthorized access attempt from {ip}
17496,2026-01-11,10:09:08,INFO,OrderProcessor,User u2711 login successful,E101,User {user} login successful
17497,2026-01-11,10:13:40,INFO,WebServer,Page view: /home by u4468,E103,Page view: {page} by {user}
17498,2026-01-11,10:34:04,INFO,InventoryDB,User u2687 login successful,E101,User {user} login successful
17499,2026-01-11,10:35:13,INFO,WebServer,User u4257 login successful,E101,User {user} login successful
17500,2026-01-11,10:28:02,INFO,OrderProcessor,Health check passed: OrderProcessor,E102,Health check passed: {service}
17501,2026-01-11,10:07:30,INFO,InventoryDB,Health check passed: InventoryDB,E102,Health check passed: {service}
17502,2026-01-11,10:16:51,INFO,WebServer,Page view: /home by u3375,E103,Page view: {page} by {user}
17503,2026-01-11,10:24:46,INFO,AuthService,User u2928 login successful,E101,User {user} login successful
17504,2026-01-11,10:28:20,INFO,WebServer,Transaction tx721483 completed in 518ms,E104,Transaction {tx} completed in {time}ms
17505,2026-01-11,10:21:06,WARN,OrderProcessor,High latency (1953ms) detected on OrderProcessor,E201,High latency ({time}ms) detected on {service}
17506,2026-01-11,10:13:48,INFO,PaymentGateway,Transaction tx844262 completed in 537ms,E104,Transaction {tx} completed in {time}ms
17507,2026-01-11,10:18:38,INFO,OrderProcessor,Page view: /home by u4707,E103,Page view: {page} by {user}
17508,2026-01-11,10:09:25,INFO,WebServer,Page view: /home by u1288,E103,Page view: {page} by {user}
17509,2026-01-11,10:28:38,INFO,AuthService,Health check passed: AuthService,E102,Health check passed: {service}
17510,2026-01-11,10:44:32,INFO,OrderProcessor,Transaction tx305565 completed in 709ms,E104,Transaction {tx} completed in {time}ms
17511,2026-01-11,10:07:12,INFO,WebServer,Page view: /home by u1893,E103,Page view: {page} by {user}
17512,2026-01-11,10:56:38,INFO,PaymentGateway,Page view: /home by u1316,E103,Page view: {page} by {user}
17513,2026-01-11,10:47:05,INFO,AuthService,Transaction tx708957 completed in 410ms,E104,Transaction {tx} completed in {time}ms
17514,2026-01-11,10:42:08,INFO,WebServer,Transaction tx761999 completed in 1800ms,E104,Transaction {tx} completed in {time}ms
17515,2026-01-11,10:09:33,INFO,AuthService,Transaction tx172227 completed in 1566ms,E104,Transaction {tx} completed in {time}ms
17516,2026-01-11,10:05:08,INFO,WebServer,Transaction tx181261 completed in 575ms,E104,Transaction {tx} completed in {time}ms
17517,2026-01-11,10:06:08,INFO,OrderProcessor,Transaction tx806521 completed in 178ms,E104,Transaction {tx} completed in {time}ms
17518,2026-01-11,10:13:53,INFO,AuthService,User u3384 login successful,E101,User {user} login successful
17519,2026-01-11,10:42:54,INFO,WebServer,User u3761 login successful,E101,User {user} login successful
17520,2026-01-11,10:32:20,INFO,WebServer,User u1836 login successful,E101,User {user} login successful
17521,2026-01-11,10:27:57,INFO,WebServer,Transaction tx566318 completed in 671ms,E104,Transaction {tx} completed in {time}ms
17522,2026-01-11,10:55:59,INFO,WebServer,Transaction tx420204 completed in 599ms,E104,Transaction {tx} completed in {time}ms
17523,2026-01-11,10:55:04,INFO,WebServer,Health check passed: WebServer,E102,Health check passed: {service}
17524,2026-01-11,10:37:39,INFO,WebServer,Health check passed: WebServer,E102,Health check passed: {service}
17525,2026-01-11,10:08:20,INFO,WebServer,Transaction tx842145 completed in 171ms,E104,Transaction {tx} completed in {time}ms
17526,2026-01-11,10:47:54,INFO,OrderProcessor,Health check passed: OrderProcessor,E102,Health check passed: {service}
17527,2026-01-11,10:58:13,INFO,InventoryDB,Page view: /home by u1914,E103,Page view: {page} by {user}
17528,2026-01-11,10:26:42,INFO,InventoryDB,User u2556 login successful,E101,User {user} login successful
17529,2026-01-11,10:48:04,INFO,PaymentGateway,User u2637 login successful,E101,User {user} login successful
17530,2026-01-11,10:42:37,WARN,WebServer,Unauthorized access attempt from 10.0.0.10,E401,Unauthorized access attempt from {ip}
17531,2026-01-11,10:50:57,INFO,WebServer,Transaction tx321116 completed in 1654ms,E104,Transaction {tx} completed in {time}ms
17532,2026-01-11,10:25:18,INFO,WebServer,Page view: /home by u4070,E103,Page view: {page} by {user}
17533,2026-01-11,10:37:40,INFO,WebServer,User u3759 login successful,E101,User {user} login successful
17534,2026-01-11,10:48:22,WARN,OrderProcessor,High latency (1034ms) detected on OrderProcessor,E201,High latency ({time}ms) detected on {service}
17535,2026-01-11,10:07:42,INFO,WebServer,Health check passed: WebServer,E102,Health check passed: {service}
17536,2026-01-11,10:39:27,INFO,PaymentGateway,Transaction tx263145 completed in 1680ms,E104,Transaction {tx} completed in {time}ms
17537,2026-01-11,10:54:40,INFO,OrderProcessor,Transaction tx138374 completed in 718ms,E104,Transaction {tx} completed in {time}ms
17538,2026-01-11,10:45:16,INFO,AuthService,Health check passed: AuthService,E102,Health check passed: {service}
17539,2026-01-11,10:58:16,INFO,WebServer,User u3876 login successful,E101,User {user} login successful
17540,2026-01-11,10:09:58,INFO,WebServer,User u4417 login successful,E101,User {user} login successful
17541,2026-01-11,10:31:25,INFO,WebServer,Health check passed: WebServer,E102,Health check passed: {service}
17542,2026-01-11,10:36:43,INFO,WebServer,Health check passed: WebServer,E102,Health check passed: {service}
17543,2026-01-11,10:58:32,INFO,AuthService,Page view: /home by u2320,E103,Page view: {page} by {user}
17544,2026-01-11,10:31:04,INFO,AuthService,User u2781 login successful,E101,User {user} login successful
17545,2026-01-11,10:00:23,INFO,WebServer,User u3010 login successful,E101,User {user} login successful
17546,2026-01-11,10:35:41,INFO,AuthService,Health check passed: AuthService,E102,Health check passed: {service}
17547,2026-01-11,10:24:15,INFO,WebServer,User u2485 login successful,E101,User {user} login successful
17548,2026-01-11,10:12:45,INFO,PaymentGateway,Page view: /home by u2747,E103,Page view: {page} by {user}
17549,2026-01-11,10:36:06,INFO,OrderProcessor,User u3699 login successful,E101,User {user} login successful
17550,2026-01-11,10:42:44,INFO,AuthService,Page view: /home by u4321,E103,Page view: {page} by {user}
17551,2026-01-11,10:17:28,INFO,AuthService,Transaction tx270244 completed in 1859ms,E104,Transaction {tx} completed in {time}ms
17552,2026-01-11,10:10:28,INFO,AuthService,Page view: /home by u4403,E103,Page view: {page} by {user}
17553,2026-01-11,10:22:11,INFO,WebServer,Transaction tx527051 completed in 806ms,E104,Transaction {tx} completed in {time}ms
17554,2026-01-11,10:51:39,INFO,WebServer,Health check passed: WebServer,E102,Health check passed: {service}
17555,2026-01-11,10:43:05,INFO,WebServer,Transaction tx261698 completed in 836ms,E104,Transaction {tx} completed in {time}ms
17556,2026-01-11,10:36:17,INFO,WebServer,Health check passed: WebServer,E102,Health check passed: {service}
17557,2026-01-11,10:35:25,INFO,WebServer,Health check passed: WebServer,E102,Health check passed: {service}
17558,2026-01-11,10:56:44,INFO,InventoryDB,User u2487 login successful,E101,User {user} login successful
17559,2026-01-11,10:48:27,INFO,WebServer,Page view: /home by u4496,E103,Page view: {page} by {user}
17560,2026-01-11,10:11:30,INFO,WebServer,Transaction tx817631 completed in 1349ms,E104,Transaction {tx} completed in {time}ms
17561,2026-01-11,10:00:29,INFO,WebServer,User u4222 login successful,E101,User {user} login successful
17562,2026-01-11,10:26:43,INFO,WebServer,Page view: /home by u3753,E103,Page view: {page} by {user}
17563,2026-01-11,10:48:28,INFO,WebServer,Page view: /home by u4390,E103,Page view: {page} by {user}
17564,2026-01-11,10:20:44,INFO,PaymentGateway,Transaction tx783564 completed in 1237ms,E104,Transaction {tx} completed in {time}ms
17565,2026-01-11,10:39:43,INFO,OrderProcessor,User u1166 login successful,E101,User {user} login successful
17566,2026-01-11,10:37:33,INFO,WebServer,Page view: /home by u2301,E103,Page view: {page} by {user}
17567,2026-01-11,10:57:33,INFO,WebServer,User u4419 login successful,E101,User {user} login successful
17568,2026-01-11,10:57:03,INFO,AuthService,Health check passed: AuthService,E102,Health check passed: {service}
17569,2026-01-11,10:01:02,INFO,AuthService,User u3459 login successful,E101,User {user} login successful
17570,2026-01-11,10:12:05,INFO,WebServer,User u3598 login successful,E101,User {user} login successful
17571,2026-01-11,10:36:40,INFO,AuthService,Transaction tx675597 completed in 602ms,E104,Transaction {tx} completed in {time}ms
17572,2026-01-11,10:58:28,INFO,AuthService,User u2492 login successful,E101,User {user} login successful
17573,2026-01-11,10:58:53,INFO,PaymentGateway,Health check passed: PaymentGateway,E102,Health check passed: {service}
17574,2026-01-11,10:23:57,INFO,WebServer,Transaction tx567832 completed in 1470ms,E104,Transaction {tx} completed in {time}ms
17575,2026-01-11,10:44:18,INFO,WebServer,Health check passed: WebServer,E102,Health check passed: {service}
17576,2026-01-11,10:48:47,INFO,AuthService,User u2005 login successful,E101,User {user} login successful
17577,2026-01-11,10:51:58,INFO,AuthService,Transaction tx452824 completed in 1536ms,E104,Transaction {tx} completed in {time}ms
17578,2026-01-11,10:32:59,INFO,WebServer,Page view: /home by u1890,E103,Page view: {page} by {user}
17579,2026-01-11,10:20:05,INFO,WebServer,Transaction tx928580 completed in 231ms,E104,Transaction {tx} completed in {time}ms
17580,2026-01-11,10:16:09,INFO,PaymentGateway,Transaction tx286244 completed in 166ms,E104,Transaction {tx} completed in {time}ms
17581,2026-01-11,10:48:58,INFO,OrderProcessor,User u3572 login successful,E101,User {user} login successful
17582,2026-01-11,10:15:09,INFO,AuthService,Health check passed: AuthService,E102,Health check passed: {service}
17583,2026-01-11,10:34:21,WARN,WebServer,High latency (1752ms) detected on WebServer,E201,High latency ({time}ms) detected on {service}
17584,2026-01-11,10:55:44,INFO,AuthService,User u4856 login successful,E101,User {user} login successful
17585,2026-01-11,10:29:19,INFO,PaymentGateway,Transaction tx708611 completed in 167ms,E104,Transaction {tx} completed in {time}ms
17586,2026-01-11,10:02:13,INFO,OrderProcessor,Transaction tx999829 completed in 1101ms,E104,Transaction {tx} completed in {time}ms
17587,2026-01-11,10:56:18,INFO,WebServer,User u3604 login successful,E101,User {user} login successful
17588,2026-01-11,10:05:45,INFO,WebServer,Transaction tx495113 completed in 750ms,E104,Transaction {tx} completed in {time}ms
17589,2026-01-11,10:55:40,ERROR,WebServer,Connection refused to WebServer at 10.0.0.88,E501,Connection refused to {service} at {ip}
17590,2026-01-11,10:20:49,WARN,WebServer,High latency (139ms) detected on WebServer,E201,High latency ({time}ms) detected on {service}
17591,2026-01-11,10:54:55,INFO,WebServer,Page view: /home by u3413,E103,Page view: {page} by {user}
17592,2026-01-11,10:38:50,INFO,OrderProcessor,Health check passed: OrderProcessor,E102,Health check passed: {service}
17593,2026-01-11,10:28:44,INFO,WebServer,Transaction tx613002 completed in 1686ms,E104,Transaction {tx} completed in {time}ms
17594,2026-01-11,10:09:59,INFO,WebServer,Page view: /home by u2615,E103,Page view: {page} by {user}
17595,2026-01-11,10:09:23,INFO,WebServer,User u1457 login successful,E101,User {user} login successful
17596,2026-01-11,10:48:06,INFO,OrderProcessor,Page view: /home by u4942,E103,Page view: {page} by {user}
17597,2026-01-11,10:39:49,INFO,WebServer,Health check passed: WebServer,E102,Health check passed: {service}
17598,2026-01-11,10:44:03,INFO,InventoryDB,Transaction tx646042 completed in 1952ms,E104,Transaction {tx} completed in {time}ms
17599,2026-01-11,10:34:32,INFO,WebServer,User u3301 login successful,E101,User {user} login successful
17600,2026-01-11,10:42:20,INFO,WebServer,Health check passed: WebServer,E102,Health check passed: {service}
17601,2026-01-11,10:19:46,INFO,WebServer,Health check passed: WebServer,E102,Health check passed: {service}
17602,2026-01-11,10:15:01,INFO,AuthService,Health check passed: AuthService,E102,Health check passed: {service}
17603,2026-01-11,10:23:55,INFO,WebServer,Transaction tx707071 completed in 1066ms,E104,Transaction {tx} completed in {time}ms
17604,2026-01-11,10:52:47,INFO,WebServer,User u2570 login successful,E101,User {user} login successful
17605,2026-01-11,10:47:14,WARN,WebServer,Unauthorized access attempt from 10.0.0.45,E401,Unauthorized access attempt from {ip}
17606,2026-01-11,10:08:25,WARN,WebServer,High latency (1808ms) detected on WebServer,E201,High latency ({time}ms) detected on {service}
17607,2026-01-11,10:19:32,INFO,WebServer,Transaction tx490947 completed in 1769ms,E104,Transaction {tx} completed in {time}ms
17608,2026-01-11,10:31:49,INFO,OrderProcessor,Page view: /home by u4856,E103,Page view: {page} by {user}
17609,2026-01-11,10:17:49,INFO,WebServer,Page view: /home by u4297,E103,Page view: {page} by {user}
17610,2026-01-11,10:28:50,INFO,WebServer,Health check passed: WebServer,E102,Health check passed: {service}
17611,2026-01-11,10:20:53,INFO,WebServer,Page view: /home by u1759,E103,Page view: {page} by {user}
17612,2026-01-11,10:07:29,INFO,PaymentGateway,Health check passed: PaymentGateway,E102,Health check passed: {service}
17613,2026-01-11,10:35:54,WARN,OrderProcessor,Disk usage > 85% on node node-5,E202,Disk usage > 85% on node {node}
17614,2026-01-11,10:46:22,INFO,OrderProcessor,Health check passed: OrderProcessor,E102,Health check passed: {service}
17615,2026-01-11,10:52:32,INFO,WebServer,Health check passed: WebServer,E102,Health check passed: {service}
17616,2026-01-11,10:03:08,INFO,AuthService,User u2383 login successful,E101,User {user} login successful
17617,2026-01-11,10:49:27,INFO,WebServer,User u1758 login successful,E101,User {user} login successful
17618,2026-01-11,10:04:24,WARN,WebServer,Disk usage > 85% on node node-5,E202,Disk usage > 85% on node {node}
17619,2026-01-11,10:25:11,INFO,WebServer,Transaction tx471561 completed in 975ms,E104,Transaction {tx} completed in {time}ms
17620,2026-01-11,10:22:27,INFO,WebServer,User u4518 login successful,E101,User {user} login successful
17621,2026-01-11,10:42:42,INFO,AuthService,Page view: /home by u1739,E103,Page view: {page} by {user}
17622,2026-01-11,10:06:32,INFO,OrderProcessor,Health check passed: OrderProcessor,E102,Health check passed: {service}
17623,2026-01-11,10:33:44,INFO,PaymentGateway,User u2299 login successful,E101,User {user} login successful
17624,2026-01-11,10:13:04,INFO,AuthService,Health check passed: AuthService,E102,Health check passed: {service}
17625,2026-01-11,10:09:52,INFO,OrderProcessor,Transaction tx762892 completed in 1389ms,E104,Transaction {tx} completed in {time}ms
17626,2026-01-11,10:19:14,INFO,WebServer,User u4508 login successful,E101,User {user} login successful
17627,2026-01-11,10:55:29,INFO,AuthService,Page view: /home by u2847,E103,Page view: {page} by {user}
17628,2026-01-11,10:36:00,INFO,WebServer,Page view: /home by u4001,E103,Page view: {page} by {user}
17629,2026-01-11,10:33:51,INFO,PaymentGateway,Health check passed: PaymentGateway,E102,Health check passed: {service}
17630,2026-01-11,10:53:14,INFO,PaymentGateway,User u1614 login successful,E101,User {user} login successful
17631,2026-01-11,10:28:08,INFO,WebServer,Transaction tx391229 completed in 1104ms,E104,Transaction {tx} completed in {time}ms
17632,2026-01-11,10:25:04,INFO,WebServer,Page view: /home by u2781,E103,Page view: {page} by {user}
17633,2026-01-11,10:11:09,INFO,AuthService,Transaction tx351339 completed in 1801ms,E104,Transaction {tx} completed in {time}ms
17634,2026-01-11,10:01:45,INFO,PaymentGateway,Page view: /home by u3890,E103,Page view: {page} by {user}
17635,2026-01-11,10:06:17,INFO,WebServer,User u4478 login successful,E101,User {user} login successful
17636,2026-01-11,10:59:42,INFO,WebServer,Transaction tx972440 completed in 1155ms,E104,Transaction {tx} completed in {time}ms
17637,2026-01-11,10:42:20,INFO,WebServer,Page view: /home by u1683,E103,Page view: {page} by {user}
17638,2026-01-11,10:28:55,INFO,WebServer,Health check passed: WebServer,E102,Health check passed: {service}
17639,2026-01-11,10:08:51,INFO,PaymentGateway,Health check passed: PaymentGateway,E102,Health check passed: {service}
17640,2026-01-11,10:04:31,INFO,AuthService,Transaction tx477024 completed in 222ms,E104,Transaction {tx} completed in {time}ms
17641,2026-01-11,10:54:35,INFO,WebServer,Health check passed: WebServer,E102,Health check passed: {service}
17642,2026-01-11,10:12:06,INFO,PaymentGateway,User u4862 login successful,E101,User {user} login successful
17643,2026-01-11,10:39:00,INFO,WebServer,Health check passed: WebServer,E102,Health check passed: {service}
17644,2026-01-11,10:27:43,WARN,WebServer,Disk usage > 85% on node node-4,E202,Disk usage > 85% on node {node}
17645,2026-01-11,10:34:45,WARN,WebServer,Disk usage > 85% on node node-1,E202,Disk usage > 85% on node {node}
17646,2026-01-11,10:43:32,INFO,AuthService,Health check passed: AuthService,E102,Health check passed: {service}
17647,2026-01-11,10:01:29,INFO,OrderProcessor,Transaction tx414285 completed in 186ms,E104,Transaction {tx} completed in {time}ms
17648,2026-01-11,10:12:38,INFO,WebServer,Transaction tx101747 completed in 1710ms,E104,Transaction {tx} completed in {time}ms
17649,2026-01-11,10:02:59,INFO,PaymentGateway,User u3793 login successful,E101,User {user} login successful
17650,2026-01-11,10:27:51,INFO,OrderProcessor,User u4316 login successful,E101,User {user} login successful
17651,2026-01-11,10:23:49,INFO,WebServer,Transaction tx863152 completed in 1850ms,E104,Transaction {tx} completed in {time}ms
17652,2026-01-11,10:29:39,INFO,WebServer,Page view: /home by u1776,E103,Page view: {page} by {user}
17653,2026-01-11,10:11:11,INFO,WebServer,User u3488 login successful,E101,User {user} login successful
17654,2026-01-11,10:01:22,INFO,AuthService,Transaction tx456684 completed in 1497ms,E104,Transaction {tx} completed in {time}ms
17655,2026-01-11,10:02:00,INFO,AuthService,Page view: /home by u1750,E103,Page view: {page} by {user}
17656,2026-01-11,10:20:03,INFO,WebServer,User u2435 login successful,E101,User {user} login successful
17657,2026-01-11,10:33:10,INFO,OrderProcessor,Page view: /home by u4130,E103,Page view: {page} by {user}
17658,2026-01-11,10:55:34,INFO,WebServer,Transaction tx781274 completed in 1588ms,E104,Transaction {tx} completed in {time}ms
17659,2026-01-11,10:34:26,WARN,OrderProcessor,Unauthorized access attempt from 10.0.0.45,E401,Unauthorized access attempt from {ip}
17660,2026-01-11,10:54:57,INFO,WebServer,Transaction tx116911 completed in 1333ms,E104,Transaction {tx} completed in {time}ms
17661,2026-01-11,10:56:38,INFO,AuthService,Page view: /home by u1169,E103,Page view: {page} by {user}
17662,2026-01-11,10:37:05,INFO,WebServer,Health check passed: WebServer,E102,Health check passed: {service}
17663,2026-01-11,10:55:41,INFO,AuthService,Page view: /home by u2553,E103,Page view: {page} by {user}
17664,2026-01-11,10:54:50,INFO,PaymentGateway,Transaction tx193924 completed in 30ms,E104,Transaction {tx} completed in {time}ms
17665,2026-01-11,10:37:22,INFO,WebServer,User u3383 login successful,E101,User {user} login successful
17666,2026-01-11,10:51:07,INFO,WebServer,Page view: /home by u1663,E103,Page view: {page} by {user}
17667,2026-01-11,10:03:06,INFO,AuthService,Transaction tx694795 completed in 675ms,E104,Transaction {tx} completed in {time}ms
17668,2026-01-11,10:23:55,INFO,WebServer,Transaction tx934147 completed in 1421ms,E104,Transaction {tx} completed in {time}ms
17669,2026-01-11,10:17:25,INFO,AuthService,Health check passed: AuthService,E102,Health check passed: {service}
17670,2026-01-11,10:45:40,INFO,WebServer,Transaction tx359718 completed in 1776ms,E104,Transaction {tx} completed in {time}ms
17671,2026-01-11,10:42:14,INFO,OrderProcessor,Transaction tx654585 completed in 83ms,E104,Transaction {tx} completed in {time}ms
17672,2026-01-11,10:52:06,INFO,WebServer,Health check passed: WebServer,E102,Health check passed: {service}
17673,2026-01-11,10:55:45,INFO,WebServer,Health check passed: WebServer,E102,Health check passed: {service}
17674,2026-01-11,10:48:07,INFO,OrderProcessor,Page view: /home by u3117,E103,Page view: {page} by {user}
17675,2026-01-11,10:57:23,INFO,WebServer,Health check passed: WebServer,E102,Health check passed: {service}
17676,2026-01-11,10:47:36,ERROR,OrderProcessor,Payment declined: Gateway unavailable,E503,Payment declined: Gateway unavailable
17677,2026-01-11,10:35:41,INFO,WebServer,User u2704 login successful,E101,User {user} login successful
17678,2026-01-11,10:23:05,INFO,PaymentGateway,Health check passed: PaymentGateway,E102,Health check passed: {service}
17679,2026-01-11,10:24:50,INFO,WebServer,Health check passed: WebServer,E102,Health check passed: {service}
17680,2026-01-11,10:46:17,INFO,AuthService,Page view: /home by u1944,E103,Page view: {page} by {user}
17681,2026-01-11,10:43:17,INFO,WebServer,User u1810 login successful,E101,User {user} login successful
17682,2026-01-11,10:50:02,INFO,PaymentGateway,User u4024 login successful,E101,User {user} login successful
17683,2026-01-11,10:27:30,INFO,WebServer,User u4779 login successful,E101,User {user} login successful
17684,2026-01-11,10:17:22,WARN,AuthService,Unauthorized access attempt from 10.0.0.12,E401,Unauthorized access attempt from {ip}
17685,2026-01-11,10:50:11,INFO,OrderProcessor,Transaction tx445665 completed in 1172ms,E104,Transaction {tx} completed in {time}ms
17686,2026-01-11,10:18:19,INFO,WebServer,User u4892 login successful,E101,User {user} login successful
17687,2026-01-11,10:55:33,INFO,PaymentGateway,Page view: /home by u1445,E103,Page view: {page} by {user}
17688,2026-01-11,10:00:06,INFO,OrderProcessor,Health check passed: OrderProcessor,E102,Health check passed: {service}
17689,2026-01-11,10:37:56,WARN,PaymentGateway,High latency (593ms) detected on PaymentGateway,E201,High latency ({time}ms) detected on {service}
17690,2026-01-11,10:04:03,INFO,AuthService,Health check passed: AuthService,E102,Health check passed: {service}
17691,2026-01-11,10:33:05,WARN,OrderProcessor,Unauthorized access attempt from 10.0.0.45,E401,Unauthorized access attempt from {ip}
17692,2026-01-11,10:34:58,INFO,AuthService,Page view: /home by u1323,E103,Page view: {page} by {user}
17693,2026-01-11,10:13:07,INFO,AuthService,Transaction tx306684 completed in 712ms,E104,Transaction {tx} completed in {time}ms
17694,2026-01-11,10:12:57,INFO,AuthService,Transaction tx250921 completed in 1866ms,E104,Transaction {tx} completed in {time}ms
17695,2026-01-11,10:49:44,INFO,WebServer,Page view: /home by u2609,E103,Page view: {page} by {user}
17696,2026-01-11,10:14:58,ERROR,AuthService,Payment declined: Gateway unavailable,E503,Payment declined: Gateway unavailable
17697,2026-01-11,10:08:16,INFO,WebServer,User u2872 login successful,E101,User {user} login successful
17698,2026-01-11,10:35:19,INFO,WebServer,Health check passed: WebServer,E102,Health check passed: {service}
17699,2026-01-11,10:24:59,INFO,WebServer,Page view: /home by u2828,E103,Page view: {page} by {user}
17700,2026-01-11,10:01:21,INFO,WebServer,Health check passed: WebServer,E102,Health check passed: {service}
17701,2026-01-11,10:57:14,INFO,AuthService,Health check passed: AuthService,E102,Health check passed: {service}
17702,2026-01-11,10:33:07,INFO,WebServer,Transaction tx751474 completed in 1757ms,E104,Transaction {tx} completed in {time}ms
17703,2026-01-11,10:10:18,ERROR,WebServer,Timeout waiting for lock on InventoryDB,E502,Timeout waiting for lock on {db}
17704,2026-01-11,10:44:29,INFO,WebServer,Transaction tx653031 completed in 1202ms,E104,Transaction {tx} completed in {time}ms
17705,2026-01-11,10:34:38,WARN,WebServer,Unauthorized access attempt from 10.0.0.12,E401,Unauthorized access attempt from {ip}
17706,2026-01-11,10:20:18,WARN,WebServer,Unauthorized access attempt from 10.0.0.10,E401,Unauthorized access attempt from {ip}
17707,2026-01-11,10:56:54,INFO,AuthService,Page view: /home by u1352,E103,Page view: {page} by {user}
17708,2026-01-11,10:16:33,INFO,WebServer,Transaction tx376074 completed in 1756ms,E104,Transaction {tx} completed in {time}ms
17709,2026-01-11,10:38:49,INFO,WebServer,Page view: /home by u3840,E103,Page view: {page} by {user}
17710,2026-01-11,10:03:12,WARN,WebServer,Disk usage > 85% on node node-2,E202,Disk usage > 85% on node {node}
17711,2026-01-11,10:14:55,INFO,PaymentGateway,Page view: /home by u4527,E103,Page view: {page} by {user}
17712,2026-01-11,10:53:01,INFO,WebServer,Page view: /home by u1882,E103,Page view: {page} by {user}
17713,2026-01-11,10:38:51,WARN,WebServer,High latency (1496ms) detected on WebServer,E201,High latency ({time}ms) detected on {service}
17714,2026-01-11,10:07:26,INFO,WebServer,User u1654 login successful,E101,User {user} login successful
17715,2026-01-11,10:45:53,INFO,WebServer,Health check passed: WebServer,E102,Health check passed: {service}
17716,2026-01-11,10:50:20,INFO,WebServer,User u2975 login successful,E101,User {user} login successful
17717,2026-01-11,10:14:55,INFO,InventoryDB,User u3628 login successful,E101,User {user} login successful
17718,2026-01-11,10:40:48,INFO,WebServer,Health check passed: WebServer,E102,Health check passed: {service}
17719,2026-01-11,10:49:52,WARN,OrderProcessor,Disk usage > 85% on node node-2,E202,Disk usage > 85% on node {node}
17720,2026-01-11,10:28:44,INFO,PaymentGateway,Transaction tx331087 completed in 297ms,E104,Transaction {tx} completed in {time}ms
17721,2026-01-11,10:49:15,INFO,OrderProcessor,User u1673 login successful,E101,User {user} login successful
17722,2026-01-11,10:07:48,INFO,OrderProcessor,Transaction tx790526 completed in 918ms,E104,Transaction {tx} completed in {time}ms
17723,2026-01-11,10:35:37,INFO,WebServer,User u2950 login successful,E101,User {user} login successful
17724,2026-01-11,10:37:25,INFO,WebServer,Health check passed: WebServer,E102,Health check passed: {service}
17725,2026-01-11,10:47:27,INFO,AuthService,Page view: /home by u1407,E103,Page view: {page} by {user}
17726,2026-01-11,10:32:00,INFO,PaymentGateway,User u2505 login successful,E101,User {user} login successful
17727,2026-01-11,10:51:23,INFO,AuthService,Health check passed: AuthService,E102,Health check passed: {service}
17728,2026-01-11,10:44:04,INFO,PaymentGateway,Transaction tx261331 completed in 1123ms,E104,Transaction {tx} completed in {time}ms
17729,2026-01-11,10:59:27,INFO,WebServer,Page view: /home by u2748,E103,Page view: {page} by {user}
17730,2026-01-11,10:32:17,INFO,WebServer,User u2208 login successful,E101,User {user} login successful
17731,2026-01-11,10:27:51,INFO,WebServer,Transaction tx192456 completed in 642ms,E104,Transaction {tx} completed in {time}ms
17732,2026-01-11,10:16:27,WARN,WebServer,Disk usage > 85% on node node-3,E202,Disk usage > 85% on node {node}
17733,2026-01-11,10:08:38,INFO,WebServer,Health check passed: WebServer,E102,Health check passed: {service}
17734,2026-01-11,10:10:37,INFO,WebServer,Transaction tx543846 completed in 1629ms,E104,Transaction {tx} completed in {time}ms
17735,2026-01-11,10:29:22,WARN,WebServer,Unauthorized access attempt from 10.0.0.12,E401,Unauthorized access attempt from {ip}
17736,2026-01-11,10:10:59,INFO,WebServer,Health check passed: WebServer,E102,Health check passed: {service}
17737,2026-01-11,10:16:28,INFO,OrderProcessor,Health check passed: OrderProcessor,E102,Health check passed: {service}
17738,2026-01-11,10:21:44,INFO,InventoryDB,User u2974 login successful,E101,User {user} login successful
17739,2026-01-11,10:53:24,INFO,WebServer,Page view: /home by u1561,E103,Page view: {page} by {user}
17740,2026-01-11,10:47:43,INFO,AuthService,Transaction tx644519 completed in 482ms,E104,Transaction {tx} completed in {time}ms
17741,2026-01-11,10:26:09,INFO,WebServer,User u3507 login successful,E101,User {user} login successful
17742,2026-01-11,10:02:43,INFO,WebServer,Page view: /home by u1725,E103,Page view: {page} by {user}
17743,2026-01-11,10:11:14,INFO,AuthService,User u1260 login successful,E101,User {user} login successful
17744,2026-01-11,10:54:04,INFO,WebServer,User u4297 login successful,E101,User {user} login successful
17745,2026-01-11,10:03:14,INFO,AuthService,Page view: /home by u1057,E103,Page view: {page} by {user}
17746,2026-01-11,10:58:17,INFO,OrderProcessor,Transaction tx716739 completed in 1257ms,E104,Transaction {tx} completed in {time}ms
17747,2026-01-11,10:01:53,INFO,WebServer,Health check passed: WebServer,E102,Health check passed: {service}
17748,2026-01-11,10:21:56,INFO,WebServer,Health check passed: WebServer,E102,Health check passed: {service}
17749,2026-01-11,10:16:48,INFO,WebServer,Page view: /home by u4567,E103,Page view: {page} by {user}
17750,2026-01-11,10:33:14,INFO,InventoryDB,Page view: /home by u3995,E103,Page view: {page} by {user}
17751,2026-01-11,10:21:02,INFO,WebServer,Transaction tx167507 completed in 1055ms,E104,Transaction {tx} completed in {time}ms
17752,2026-01-11,10:28:40,INFO,WebServer,Health check passed: WebServer,E102,Health check passed: {service}
17753,2026-01-11,10:01:13,WARN,WebServer,Disk usage > 85% on node node-3,E202,Disk usage > 85% on node {node}
17754,2026-01-11,10:47:15,INFO,AuthService,Health check passed: AuthService,E102,Health check passed: {service}
17755,2026-01-11,10:10:50,INFO,AuthService,Page view: /home by u4515,E103,Page view: {page} by {user}
17756,2026-01-11,10:08:39,INFO,PaymentGateway,Health check passed: PaymentGateway,E102,Health check passed: {service}
17757,2026-01-11,10:46:19,INFO,AuthService,User u4349 login successful,E101,User {user} login successful
17758,2026-01-11,10:44:30,INFO,OrderProcessor,Page view: /home by u4234,E103,Page view: {page} by {user}
17759,2026-01-11,10:36:04,INFO,OrderProcessor,Page view: /home by u3023,E103,Page view: {page} by {user}
17760,2026-01-11,10:47:20,INFO,WebServer,User u2196 login successful,E101,User {user} login successful
17761,2026-01-11,10:36:51,WARN,WebServer,Disk usage > 85% on node node-5,E202,Disk usage > 85% on node {node}
17762,2026-01-11,10:09:01,INFO,WebServer,Health check passed: WebServer,E102,Health check passed: {service}
17763,2026-01-11,10:10:58,INFO,InventoryDB,Transaction tx755220 completed in 1625ms,E104,Transaction {tx} completed in {time}ms
17764,2026-01-11,10:36:13,INFO,WebServer,User u4816 login successful,E101,User {user} login successful
17765,2026-01-11,10:03:06,INFO,WebServer,Health check passed: WebServer,E102,Health check passed: {service}
17766,2026-01-11,10:57:50,INFO,AuthService,Transaction tx916895 completed in 175ms,E104,Transaction {tx} completed in {time}ms
17767,2026-01-11,10:33:09,INFO,AuthService,Page view: /home by u4788,E103,Page view: {page} by {user}
17768,2026-01-11,10:36:19,INFO,WebServer,User u4043 login successful,E101,User {user} login successful
17769,2026-01-11,10:05:06,INFO,WebServer,Transaction tx334031 completed in 493ms,E104,Transaction {tx} completed in {time}ms
17770,2026-01-11,10:36:58,INFO,AuthService,User u4036 login successful,E101,User {user} login successful
17771,2026-01-11,10:14:09,INFO,WebServer,Page view: /home by u1189,E103,Page view: {page} by {user}
17772,2026-01-11,10:55:29,INFO,WebServer,Health check passed: WebServer,E102,Health check passed: {service}
17773,2026-01-11,10:30:41,WARN,PaymentGateway,High latency (804ms) detected on PaymentGateway,E201,High latency ({time}ms) detected on {service}
17774,2026-01-11,10:32:38,INFO,WebServer,Transaction tx615633 completed in 1021ms,E104,Transaction {tx} completed in {time}ms
17775,2026-01-11,10:36:50,INFO,InventoryDB,Page view: /home by u1128,E103,Page view: {page} by {user}
17776,2026-01-11,10:34:57,INFO,InventoryDB,Page view: /home by u4245,E103,Page view: {page} by {user}
17777,2026-01-11,10:45:17,INFO,WebServer,Page view: /home by u3972,E103,Page view: {page} by {user}
17778,2026-01-11,10:30:29,INFO,AuthService,Transaction tx599888 completed in 746ms,E104,Transaction {tx} completed in {time}ms
17779,2026-01-11,10:27:59,INFO,AuthService,Transaction tx150327 completed in 111ms,E104,Transaction {tx} completed in {time}ms
17780,2026-01-11,10:13:23,INFO,WebServer,User u3194 login successful,E101,User {user} login successful
17781,2026-01-11,10:47:23,WARN,WebServer,Disk usage > 85% on node node-3,E202,Disk usage > 85% on node {node}
17782,2026-01-11,10:15:35,WARN,InventoryDB,Unauthorized access attempt from 10.0.0.45,E401,Unauthorized access attempt from {ip}
17783,2026-01-11,10:18:02,CRITICAL,WebServer,DATA CORRUPTION detected in sector 414,E602,DATA CORRUPTION detected in sector {sector}
17784,2026-01-11,10:34:01,WARN,WebServer,Unauthorized access attempt from 10.0.0.45,E401,Unauthorized access attempt from {ip}
17785,2026-01-11,10:37:58,INFO,WebServer,Page view: /home by u3142,E103,Page view: {page} by {user}
17786,2026-01-11,10:41:32,INFO,WebServer,Page view: /home by u2301,E103,Page view: {page} by {user}
17787,2026-01-11,10:28:48,INFO,WebServer,Page view: /home by u2908,E103,Page view: {page} by {user}
17788,2026-01-11,10:09:22,INFO,InventoryDB,Health check passed: InventoryDB,E102,Health check passed: {service}
17789,2026-01-11,10:19:53,INFO,WebServer,Page view: /home by u3105,E103,Page view: {page} by {user}
17790,2026-01-11,10:06:39,INFO,PaymentGateway,Health check passed: PaymentGateway,E102,Health check passed: {service}
17791,2026-01-11,10:13:21,INFO,WebServer,User u1874 login successful,E101,User {user} login successful
17792,2026-01-11,10:22:19,INFO,WebServer,Page view: /home by u1984,E103,Page view: {page} by {user}
17793,2026-01-11,10:50:34,INFO,OrderProcessor,Page view: /home by u2788,E103,Page view: {page} by {user}
17794,2026-01-11,10:41:48,INFO,OrderProcessor,Transaction tx768335 completed in 345ms,E104,Transaction {tx} completed in {time}ms
17795,2026-01-11,10:50:48,INFO,InventoryDB,User u4053 login successful,E101,User {user} login successful
17796,2026-01-11,10:21:51,INFO,OrderProcessor,Health check passed: OrderProcessor,E102,Health check passed: {service}
17797,2026-01-11,10:44:03,INFO,WebServer,User u4320 login successful,E101,User {user} login successful
17798,2026-01-11,10:16:03,INFO,WebServer,Transaction tx252004 completed in 1910ms,E104,Transaction {tx} completed in {time}ms
17799,2026-01-11,10:00:33,INFO,WebServer,User u1856 login successful,E101,User {user} login successful
17800,2026-01-11,10:26:21,INFO,WebServer,User u1797 login successful,E101,User {user} login successful
17801,2026-01-11,10:20:43,INFO,WebServer,Page view: /home by u1312,E103,Page view: {page} by {user}
17802,2026-01-11,10:03:31,INFO,WebServer,User u1988 login successful,E101,User {user} login successful
17803,2026-01-11,10:52:08,INFO,WebServer,User u3570 login successful,E101,User {user} login successful
17804,2026-01-11,10:59:15,INFO,OrderProcessor,Transaction tx726901 completed in 1701ms,E104,Transaction {tx} completed in {time}ms
17805,2026-01-11,10:07:35,INFO,WebServer,Transaction tx387210 completed in 1203ms,E104,Transaction {tx} completed in {time}ms
17806,2026-01-11,10:31:01,INFO,WebServer,Health check passed: WebServer,E102,Health check passed: {service}
17807,2026-01-11,10:25:29,WARN,OrderProcessor,High latency (797ms) detected on OrderProcessor,E201,High latency ({time}ms) detected on {service}
17808,2026-01-11,10:52:45,INFO,WebServer,Health check passed: WebServer,E102,Health check passed: {service}
17809,2026-01-11,10:36:53,INFO,WebServer,User u3584 login successful,E101,User {user} login successful
17810,2026-01-11,10:48:54,INFO,AuthService,Health check passed: AuthService,E102,Health check passed: {service}
17811,2026-01-11,10:06:16,INFO,AuthService,Transaction tx933774 completed in 1056ms,E104,Transaction {tx} completed in {time}ms
17812,2026-01-11,10:20:06,INFO,OrderProcessor,Transaction tx440680 completed in 445ms,E104,Transaction {tx} completed in {time}ms
17813,2026-01-11,10:08:45,INFO,WebServer,Health check passed: WebServer,E102,Health check passed: {service}
17814,2026-01-11,10:45:24,INFO,OrderProcessor,Transaction tx256125 completed in 1720ms,E104,Transaction {tx} completed in {time}ms
17815,2026-01-11,10:21:03,INFO,WebServer,Transaction tx825963 completed in 345ms,E104,Transaction {tx} completed in {time}ms
17816,2026-01-11,10:04:49,INFO,WebServer,User u1253 login successful,E101,User {user} login successful
17817,2026-01-11,10:10:53,INFO,PaymentGateway,Page view: /home by u3950,E103,Page view: {page} by {user}
17818,2026-01-11,10:58:38,INFO,WebServer,Health check passed: WebServer,E102,Health check passed: {service}
17819,2026-01-11,10:08:05,INFO,WebServer,Health check passed: WebServer,E102,Health check passed: {service}
17820,2026-01-11,10:29:52,INFO,WebServer,Transaction tx219054 completed in 1204ms,E104,Transaction {tx} completed in {time}ms
17821,2026-01-11,10:08:38,INFO,WebServer,Health check passed: WebServer,E102,Health check passed: {service}
17822,2026-01-11,10:49:47,INFO,OrderProcessor,User u2743 login successful,E101,User {user} login successful
17823,2026-01-11,10:35:39,INFO,InventoryDB,User u4915 login successful,E101,User {user} login successful
17824,2026-01-11,10:25:49,WARN,WebServer,Unauthorized access attempt from 10.0.0.45,E401,Unauthorized access attempt from {ip}
17825,2026-01-11,10:02:54,INFO,WebServer,User u2816 login successful,E101,User {user} login successful
17826,2026-01-11,10:29:04,INFO,WebServer,User u4608 login successful,E101,User {user} login successful
17827,2026-01-11,10:23:46,INFO,OrderProcessor,Transaction tx565647 completed in 1302ms,E104,Transaction {tx} completed in {time}ms
17828,2026-01-11,10:38:54,INFO,WebServer,Health check passed: WebServer,E102,Health check passed: {service}
17829,2026-01-11,10:19:42,INFO,OrderProcessor,Transaction tx830136 completed in 728ms,E104,Transaction {tx} completed in {time}ms
17830,2026-01-11,10:07:33,INFO,PaymentGateway,Page view: /home by u2796,E103,Page view: {page} by {user}
17831,2026-01-11,10:20:56,INFO,WebServer,Transaction tx280234 completed in 251ms,E104,Transaction {tx} completed in {time}ms
17832,2026-01-11,10:28:54,INFO,AuthService,Page view: /home by u4581,E103,Page view: {page} by {user}
17833,2026-01-11,10:47:22,INFO,WebServer,Page view: /home by u4084,E103,Page view: {page} by {user}
17834,2026-01-11,10:37:16,INFO,WebServer,Transaction tx834804 completed in 622ms,E104,Transaction {tx} completed in {time}ms
17835,2026-01-11,10:09:51,INFO,OrderProcessor,Health check passed: OrderProcessor,E102,Health check passed: {service}
17836,2026-01-11,10:46:08,INFO,WebServer,User u1646 login successful,E101,User {user} login successful
17837,2026-01-11,10:14:10,INFO,OrderProcessor,User u1286 login successful,E101,User {user} login successful
17838,2026-01-11,10:12:27,INFO,WebServer,Health check passed: WebServer,E102,Health check passed: {service}
17839,2026-01-11,10:17:39,INFO,PaymentGateway,Health check passed: PaymentGateway,E102,Health check passed: {service}
17840,2026-01-11,10:06:06,WARN,WebServer,Disk usage > 85% on node node-1,E202,Disk usage > 85% on node {node}
17841,2026-01-11,10:19:39,INFO,WebServer,Health check passed: WebServer,E102,Health check passed: {service}
17842,2026-01-11,10:01:05,INFO,OrderProcessor,Health check passed: OrderProcessor,E102,Health check passed: {service}
17843,2026-01-11,10:28:40,INFO,WebServer,Page view: /home by u2241,E103,Page view: {page} by {user}
17844,2026-01-11,10:52:36,ERROR,OrderProcessor,Payment declined: Gateway unavailable,E503,Payment declined: Gateway unavailable
17845,2026-01-11,10:14:53,INFO,WebServer,Transaction tx350941 completed in 709ms,E104,Transaction {tx} completed in {time}ms
17846,2026-01-11,10:27:12,WARN,OrderProcessor,High latency (1190ms) detected on OrderProcessor,E201,High latency ({time}ms) detected on {service}
17847,2026-01-11,10:41:47,INFO,WebServer,Health check passed: WebServer,E102,Health check passed: {service}
17848,2026-01-11,10:35:55,INFO,PaymentGateway,User u3309 login successful,E101,User {user} login successful
17849,2026-01-11,10:45:58,WARN,WebServer,Unauthorized access attempt from 10.0.0.88,E401,Unauthorized access attempt from {ip}
17850,2026-01-11,10:49:36,INFO,AuthService,Health check passed: AuthService,E102,Health check passed: {service}
17851,2026-01-11,10:59:22,INFO,WebServer,Page view: /home by u2634,E103,Page view: {page} by {user}
17852,2026-01-11,10:03:58,WARN,WebServer,Disk usage > 85% on node node-2,E202,Disk usage > 85% on node {node}
17853,2026-01-11,10:25:35,ERROR,WebServer,Timeout waiting for lock on InventoryDB,E502,Timeout waiting for lock on {db}
17854,2026-01-11,10:03:57,INFO,WebServer,Transaction tx513330 completed in 1520ms,E104,Transaction {tx} completed in {time}ms
17855,2026-01-11,10:23:39,INFO,WebServer,User u1954 login successful,E101,User {user} login successful
17856,2026-01-11,10:03:02,INFO,WebServer,Transaction tx163299 completed in 1736ms,E104,Transaction {tx} completed in {time}ms
17857,2026-01-11,10:06:53,INFO,WebServer,Page view: /home by u3656,E103,Page view: {page} by {user}
17858,2026-01-11,10:17:21,INFO,OrderProcessor,Page view: /home by u2162,E103,Page view: {page} by {user}
17859,2026-01-11,10:14:56,INFO,AuthService,Transaction tx384581 completed in 1716ms,E104,Transaction {tx} completed in {time}ms
17860,2026-01-11,10:41:10,INFO,AuthService,User u2201 login successful,E101,User {user} login successful
17861,2026-01-11,10:39:52,INFO,PaymentGateway,Health check passed: PaymentGateway,E102,Health check passed: {service}
17862,2026-01-11,10:13:21,INFO,AuthService,Page view: /home by u1550,E103,Page view: {page} by {user}
17863,2026-01-11,10:35:12,INFO,WebServer,Page view: /home by u2118,E103,Page view: {page} by {user}
17864,2026-01-11,10:23:15,INFO,AuthService,User u1375 login successful,E101,User {user} login successful
17865,2026-01-11,10:36:27,INFO,OrderProcessor,Page view: /home by u2639,E103,Page view: {page} by {user}
17866,2026-01-11,10:56:59,WARN,PaymentGateway,Disk usage > 85% on node node-4,E202,Disk usage > 85% on node {node}
17867,2026-01-11,10:04:15,INFO,WebServer,Health check passed: WebServer,E102,Health check passed: {service}
17868,2026-01-11,10:14:56,INFO,AuthService,Page view: /home by u3373,E103,Page view: {page} by {user}
17869,2026-01-11,10:15:47,INFO,WebServer,Page view: /home by u1116,E103,Page view: {page} by {user}
17870,2026-01-11,10:19:15,INFO,OrderProcessor,Page view: /home by u3275,E103,Page view: {page} by {user}
17871,2026-01-11,10:45:08,INFO,WebServer,Transaction tx931045 completed in 1654ms,E104,Transaction {tx} completed in {time}ms
17872,2026-01-11,10:00:33,INFO,WebServer,User u4938 login successful,E101,User {user} login successful
17873,2026-01-11,10:00:45,INFO,WebServer,Page view: /home by u2664,E103,Page view: {page} by {user}
17874,2026-01-11,10:20:28,INFO,PaymentGateway,Page view: /home by u1028,E103,Page view: {page} by {user}
17875,2026-01-11,10:34:18,INFO,WebServer,Transaction tx179819 completed in 453ms,E104,Transaction {tx} completed in {time}ms
17876,2026-01-11,10:01:14,INFO,WebServer,Page view: /home by u1739,E103,Page view: {page} by {user}
17877,2026-01-11,10:22:48,INFO,AuthService,Health check passed: AuthService,E102,Health check passed: {service}
17878,2026-01-11,10:00:08,INFO,WebServer,Page view: /home by u3359,E103,Page view: {page} by {user}
17879,2026-01-11,10:05:10,INFO,WebServer,User u2169 login successful,E101,User {user} login successful
17880,2026-01-11,10:12:37,WARN,WebServer,High latency (1328ms) detected on WebServer,E201,High latency ({time}ms) detected on {service}
17881,2026-01-11,10:18:40,INFO,WebServer,Transaction tx101740 completed in 1037ms,E104,Transaction {tx} completed in {time}ms
17882,2026-01-11,10:03:31,INFO,WebServer,Transaction tx644857 completed in 1562ms,E104,Transaction {tx} completed in {time}ms
17883,2026-01-11,10:45:51,INFO,OrderProcessor,Health check passed: OrderProcessor,E102,Health check passed: {service}
17884,2026-01-11,10:48:32,INFO,WebServer,Transaction tx381524 completed in 362ms,E104,Transaction {tx} completed in {time}ms
17885,2026-01-11,10:48:13,INFO,PaymentGateway,Transaction tx400527 completed in 22ms,E104,Transaction {tx} completed in {time}ms
17886,2026-01-11,10:25:22,INFO,WebServer,Health check passed: WebServer,E102,Health check passed: {service}
17887,2026-01-11,10:25:36,INFO,WebServer,Transaction tx221158 completed in 1736ms,E104,Transaction {tx} completed in {time}ms
17888,2026-01-11,10:32:04,INFO,OrderProcessor,User u2903 login successful,E101,User {user} login successful
17889,2026-01-11,10:36:55,INFO,OrderProcessor,Page view: /home by u3287,E103,Page view: {page} by {user}
17890,2026-01-11,10:08:11,INFO,OrderProcessor,User u2688 login successful,E101,User {user} login successful
17891,2026-01-11,10:51:04,INFO,OrderProcessor,User u3331 login successful,E101,User {user} login successful
17892,2026-01-11,10:15:53,INFO,WebServer,Health check passed: WebServer,E102,Health check passed: {service}
17893,2026-01-11,10:58:57,INFO,OrderProcessor,Transaction tx188098 completed in 1359ms,E104,Transaction {tx} completed in {time}ms
17894,2026-01-11,10:58:40,INFO,AuthService,Page view: /home by u4236,E103,Page view: {page} by {user}
17895,2026-01-11,10:04:15,INFO,PaymentGateway,Page view: /home by u2646,E103,Page view: {page} by {user}
17896,2026-01-11,10:06:48,INFO,OrderProcessor,Page view: /home by u4102,E103,Page view: {page} by {user}
17897,2026-01-11,10:42:59,INFO,WebServer,Transaction tx702689 completed in 1271ms,E104,Transaction {tx} completed in {time}ms
17898,2026-01-11,10:09:57,INFO,AuthService,User u2709 login successful,E101,User {user} login successful
17899,2026-01-11,10:13:35,INFO,AuthService,Transaction tx548810 completed in 523ms,E104,Transaction {tx} completed in {time}ms
17900,2026-01-11,10:22:44,INFO,WebServer,Transaction tx842153 completed in 1066ms,E104,Transaction {tx} completed in {time}ms
17901,2026-01-11,10:45:05,INFO,WebServer,User u2238 login successful,E101,User {user} login successful
17902,2026-01-11,10:39:59,WARN,WebServer,High latency (1621ms) detected on WebServer,E201,High latency ({time}ms) detected on {service}
17903,2026-01-11,10:15:28,INFO,AuthService,User u1608 login successful,E101,User {user} login successful
17904,2026-01-11,10:11:29,INFO,PaymentGateway,Page view: /home by u2884,E103,Page view: {page} by {user}
17905,2026-01-11,10:06:51,INFO,WebServer,User u4763 login successful,E101,User {user} login successful
17906,2026-01-11,10:36:05,INFO,WebServer,Page view: /home by u3559,E103,Page view: {page} by {user}
17907,2026-01-11,10:24:18,INFO,PaymentGateway,Transaction tx990454 completed in 1446ms,E104,Transaction {tx} completed in {time}ms
17908,2026-01-11,10:24:11,INFO,OrderProcessor,Health check passed: OrderProcessor,E102,Health check passed: {service}
17909,2026-01-11,10:20:52,INFO,WebServer,Health check passed: WebServer,E102,Health check passed: {service}
17910,2026-01-11,10:53:59,INFO,OrderProcessor,User u1429 login successful,E101,User {user} login successful
17911,2026-01-11,10:00:38,INFO,WebServer,User u4342 login successful,E101,User {user} login successful
17912,2026-01-11,10:23:40,INFO,AuthService,Transaction tx516677 completed in 1356ms,E104,Transaction {tx} completed in {time}ms
17913,2026-01-11,10:24:12,INFO,OrderProcessor,Health check passed: OrderProcessor,E102,Health check passed: {service}
17914,2026-01-11,10:58:57,INFO,OrderProcessor,Page view: /home by u4428,E103,Page view: {page} by {user}
17915,2026-01-11,10:02:33,INFO,WebServer,Transaction tx570246 completed in 1842ms,E104,Transaction {tx} completed in {time}ms
17916,2026-01-11,10:42:09,INFO,WebServer,Transaction tx945464 completed in 726ms,E104,Transaction {tx} completed in {time}ms
17917,2026-01-11,10:48:02,INFO,WebServer,Transaction tx773913 completed in 600ms,E104,Transaction {tx} completed in {time}ms
17918,2026-01-11,10:46:22,INFO,AuthService,User u3991 login successful,E101,User {user} login successful
17919,2026-01-11,10:31:41,INFO,WebServer,User u3023 login successful,E101,User {user} login successful
17920,2026-01-11,10:27:11,INFO,WebServer,Health check passed: WebServer,E102,Health check passed: {service}
17921,2026-01-11,10:40:58,INFO,WebServer,Transaction tx839579 completed in 1020ms,E104,Transaction {tx} completed in {time}ms
17922,2026-01-11,10:37:55,INFO,WebServer,Health check passed: WebServer,E102,Health check passed: {service}
17923,2026-01-11,10:43:07,INFO,WebServer,Transaction tx294028 completed in 653ms,E104,Transaction {tx} completed in {time}ms
17924,2026-01-11,10:24:12,INFO,OrderProcessor,User u1253 login successful,E101,User {user} login successful
17925,2026-01-11,10:45:49,INFO,PaymentGateway,User u4153 login successful,E101,User {user} login successful
17926,2026-01-11,10:02:47,INFO,AuthService,Page view: /home by u3284,E103,Page view: {page} by {user}
17927,2026-01-11,10:35:31,INFO,WebServer,User u1780 login successful,E101,User {user} login successful
17928,2026-01-11,10:46:55,INFO,WebServer,User u4944 login successful,E101,User {user} login successful
17929,2026-01-11,10:23:17,INFO,OrderProcessor,Transaction tx338821 completed in 823ms,E104,Transaction {tx} completed in {time}ms
17930,2026-01-11,10:25:08,INFO,WebServer,Transaction tx820231 completed in 1391ms,E104,Transaction {tx} completed in {time}ms
17931,2026-01-11,10:16:38,WARN,WebServer,Unauthorized access attempt from 10.0.0.45,E401,Unauthorized access attempt from {ip}
17932,2026-01-11,10:38:46,INFO,WebServer,Page view: /home by u3802,E103,Page view: {page} by {user}
17933,2026-01-11,10:49:43,INFO,PaymentGateway,Transaction tx772212 completed in 1228ms,E104,Transaction {tx} completed in {time}ms
17934,2026-01-11,10:43:53,INFO,WebServer,Health check passed: WebServer,E102,Health check passed: {service}
17935,2026-01-11,10:40:11,INFO,WebServer,Health check passed: WebServer,E102,Health check passed: {service}
17936,2026-01-11,10:47:05,INFO,OrderProcessor,Health check passed: OrderProcessor,E102,Health check passed: {service}
17937,2026-01-11,10:43:01,INFO,OrderProcessor,Page view: /home by u1859,E103,Page view: {page} by {user}
17938,2026-01-11,10:33:17,INFO,WebServer,User u3757 login successful,E101,User {user} login successful
17939,2026-01-11,10:58:28,INFO,WebServer,Health check passed: WebServer,E102,Health check passed: {service}
17940,2026-01-11,10:22:44,WARN,WebServer,Disk usage > 85% on node node-3,E202,Disk usage > 85% on node {node}
17941,2026-01-11,10:26:24,INFO,WebServer,Transaction tx797933 completed in 278ms,E104,Transaction {tx} completed in {time}ms
17942,2026-01-11,10:27:15,INFO,WebServer,Page view: /home by u2617,E103,Page view: {page} by {user}
17943,2026-01-11,10:01:58,INFO,WebServer,User u4757 login successful,E101,User {user} login successful
17944,2026-01-11,10:53:24,INFO,WebServer,Transaction tx896986 completed in 607ms,E104,Transaction {tx} completed in {time}ms
17945,2026-01-11,10:43:46,INFO,PaymentGateway,User u2493 login successful,E101,User {user} login successful
17946,2026-01-11,10:55:59,INFO,PaymentGateway,Page view: /home by u4844,E103,Page view: {page} by {user}
17947,2026-01-11,10:16:04,INFO,InventoryDB,Transaction tx596892 completed in 476ms,E104,Transaction {tx} completed in {time}ms
17948,2026-01-11,10:01:54,WARN,AuthService,Disk usage > 85% on node node-2,E202,Disk usage > 85% on node {node}
17949,2026-01-11,10:05:42,INFO,OrderProcessor,Transaction tx778682 completed in 1703ms,E104,Transaction {tx} completed in {time}ms
17950,2026-01-11,10:23:26,INFO,AuthService,Health check passed: AuthService,E102,Health check passed: {service}
17951,2026-01-11,10:06:25,INFO,WebServer,Page view: /home by u1559,E103,Page view: {page} by {user}
17952,2026-01-11,10:37:48,WARN,WebServer,Disk usage > 85% on node node-5,E202,Disk usage > 85% on node {node}
17953,2026-01-11,10:10:54,INFO,PaymentGateway,Page view: /home by u3956,E103,Page view: {page} by {user}
17954,2026-01-11,10:54:26,INFO,AuthService,Page view: /home by u4041,E103,Page view: {page} by {user}
17955,2026-01-11,10:07:33,INFO,OrderProcessor,Page view: /home by u3240,E103,Page view: {page} by {user}
17956,2026-01-11,10:09:00,INFO,PaymentGateway,Health check passed: PaymentGateway,E102,Health check passed: {service}
17957,2026-01-11,10:30:51,INFO,AuthService,Page view: /home by u1605,E103,Page view: {page} by {user}
17958,2026-01-11,10:48:10,INFO,OrderProcessor,User u1173 login successful,E101,User {user} login successful
17959,2026-01-11,10:16:59,INFO,AuthService,Page view: /home by u4945,E103,Page view: {page} by {user}
17960,2026-01-11,10:35:22,INFO,WebServer,User u2900 login successful,E101,User {user} login successful
17961,2026-01-11,10:28:52,INFO,WebServer,Transaction tx888129 completed in 100ms,E104,Transaction {tx} completed in {time}ms
17962,2026-01-11,10:29:22,INFO,WebServer,Page view: /home by u3905,E103,Page view: {page} by {user}
17963,2026-01-11,10:00:56,INFO,InventoryDB,Health check passed: InventoryDB,E102,Health check passed: {service}
17964,2026-01-11,10:37:49,INFO,OrderProcessor,Page view: /home by u4728,E103,Page view: {page} by {user}
17965,2026-01-11,10:48:33,INFO,WebServer,User u4755 login successful,E101,User {user} login successful
17966,2026-01-11,10:42:54,WARN,AuthService,Disk usage > 85% on node node-1,E202,Disk usage > 85% on node {node}
17967,2026-01-11,10:15:21,INFO,WebServer,User u2176 login successful,E101,User {user} login successful
17968,2026-01-11,10:13:46,INFO,AuthService,Transaction tx784202 completed in 92ms,E104,Transaction {tx} completed in {time}ms
17969,2026-01-11,10:09:50,INFO,PaymentGateway,Page view: /home by u3850,E103,Page view: {page} by {user}
17970,2026-01-11,10:41:00,INFO,WebServer,Page view: /home by u1840,E103,Page view: {page} by {user}
17971,2026-01-11,10:02:37,INFO,PaymentGateway,User u4767 login successful,E101,User {user} login successful
17972,2026-01-11,10:43:14,WARN,WebServer,High latency (1084ms) detected on WebServer,E201,High latency ({time}ms) detected on {service}
17973,2026-01-11,10:23:27,INFO,WebServer,User u4208 login successful,E101,User {user} login successful
17974,2026-01-11,10:29:09,INFO,WebServer,Health check passed: WebServer,E102,Health check passed: {service}
17975,2026-01-11,10:59:56,INFO,OrderProcessor,Transaction tx451120 completed in 562ms,E104,Transaction {tx} completed in {time}ms
17976,2026-01-11,10:27:41,INFO,AuthService,Transaction tx554072 completed in 1017ms,E104,Transaction {tx} completed in {time}ms
17977,2026-01-11,10:15:39,INFO,WebServer,Page view: /home by u1612,E103,Page view: {page} by {user}
17978,2026-01-11,10:25:13,INFO,WebServer,Health check passed: WebServer,E102,Health check passed: {service}
17979,2026-01-11,10:55:40,INFO,WebServer,Transaction tx463424 completed in 875ms,E104,Transaction {tx} completed in {time}ms
17980,2026-01-11,10:05:27,INFO,OrderProcessor,Page view: /home by u2718,E103,Page view: {page} by {user}
17981,2026-01-11,10:57:28,INFO,WebServer,Transaction tx939514 completed in 1405ms,E104,Transaction {tx} completed in {time}ms
17982,2026-01-11,10:44:51,WARN,WebServer,High latency (663ms) detected on WebServer,E201,High latency ({time}ms) detected on {service}
17983,2026-01-11,10:36:12,INFO,OrderProcessor,Transaction tx615967 completed in 1505ms,E104,Transaction {tx} completed in {time}ms
17984,2026-01-11,10:17:13,INFO,WebServer,Transaction tx676044 completed in 860ms,E104,Transaction {tx} completed in {time}ms
17985,2026-01-11,10:47:12,INFO,AuthService,User u3510 login successful,E101,User {user} login successful
17986,2026-01-11,10:04:47,INFO,WebServer,User u2512 login successful,E101,User {user} login successful
17987,2026-01-11,10:12:46,INFO,WebServer,Page view: /home by u1427,E103,Page view: {page} by {user}
17988,2026-01-11,10:59:56,INFO,WebServer,User u2979 login successful,E101,User {user} login successful
17989,2026-01-11,10:16:14,INFO,WebServer,Health check passed: WebServer,E102,Health check passed: {service}
17990,2026-01-11,10:29:55,INFO,PaymentGateway,Page view: /home by u2079,E103,Page view: {page} by {user}
17991,2026-01-11,10:00:18,INFO,WebServer,Transaction tx663910 completed in 654ms,E104,Transaction {tx} completed in {time}ms
17992,2026-01-11,10:19:00,INFO,WebServer,Transaction tx799301 completed in 1129ms,E104,Transaction {tx} completed in {time}ms
17993,2026-01-11,10:18:05,INFO,OrderProcessor,Transaction tx643466 completed in 208ms,E104,Transaction {tx} completed in {time}ms
17994,2026-01-11,10:19:21,INFO,WebServer,Page view: /home by u2779,E103,Page view: {page} by {user}
17995,2026-01-11,10:59:11,WARN,AuthService,Unauthorized access attempt from 10.0.0.12,E401,Unauthorized access attempt from {ip}
17996,2026-01-11,10:07:06,INFO,PaymentGateway,User u3276 login successful,E101,User {user} login successful
17997,2026-01-11,10:45:38,INFO,PaymentGateway,Transaction tx274292 completed in 1360ms,E104,Transaction {tx} completed in {time}ms
17998,2026-01-11,10:19:54,INFO,AuthService,User u1377 login successful,E101,User {user} login successful
17999,2026-01-11,10:46:33,INFO,WebServer,Transaction tx383117 completed in 560ms,E104,Transaction {tx} completed in {time}ms
18000,2026-01-11,10:36:39,INFO,OrderProcessor,Transaction tx461562 completed in 972ms,E104,Transaction {tx} completed in {time}ms
18001,2026-01-11,10:22:10,INFO,WebServer,Transaction tx486228 completed in 610ms,E104,Transaction {tx} completed in {time}ms
18002,2026-01-11,10:11:03,INFO,WebServer,User u1619 login successful,E101,User {user} login successful
18003,2026-01-11,10:10:11,INFO,WebServer,User u3592 login successful,E101,User {user} login successful
18004,2026-01-11,10:54:17,INFO,WebServer,Page view: /home by u2501,E103,Page view: {page} by {user}
18005,2026-01-11,10:30:11,INFO,WebServer,Page view: /home by u1579,E103,Page view: {page} by {user}
18006,2026-01-11,10:21:34,INFO,WebServer,User u1839 login successful,E101,User {user} login successful
18007,2026-01-11,10:57:29,INFO,AuthService,Health check passed: AuthService,E102,Health check passed: {service}
18008,2026-01-11,10:21:46,INFO,WebServer,Health check passed: WebServer,E102,Health check passed: {service}
18009,2026-01-11,10:09:46,INFO,InventoryDB,Page view: /home by u4909,E103,Page view: {page} by {user}
18010,2026-01-11,10:01:56,WARN,WebServer,High latency (1805ms) detected on WebServer,E201,High latency ({time}ms) detected on {service}
18011,2026-01-11,10:38:31,INFO,OrderProcessor,Transaction tx467950 completed in 1402ms,E104,Transaction {tx} completed in {time}ms
18012,2026-01-11,10:50:16,INFO,InventoryDB,Transaction tx694665 completed in 1953ms,E104,Transaction {tx} completed in {time}ms
18013,2026-01-11,10:53:25,INFO,WebServer,Page view: /home by u4103,E103,Page view: {page} by {user}
18014,2026-01-11,10:26:07,INFO,WebServer,User u1279 login successful,E101,User {user} login successful
18015,2026-01-11,10:12:50,INFO,PaymentGateway,Health check passed: PaymentGateway,E102,Health check passed: {service}
18016,2026-01-11,10:50:11,INFO,WebServer,Health check passed: WebServer,E102,Health check passed: {service}
18017,2026-01-11,10:34:55,INFO,PaymentGateway,User u1847 login successful,E101,User {user} login successful
18018,2026-01-11,10:27:49,INFO,OrderProcessor,User u3221 login successful,E101,User {user} login successful
18019,2026-01-11,10:53:15,INFO,WebServer,Health check passed: WebServer,E102,Health check passed: {service}
18020,2026-01-11,10:15:39,INFO,WebServer,Health check passed: WebServer,E102,Health check passed: {service}
18021,2026-01-11,10:57:39,INFO,AuthService,Transaction tx285149 completed in 1771ms,E104,Transaction {tx} completed in {time}ms
18022,2026-01-11,10:47:51,INFO,WebServer,Page view: /home by u1799,E103,Page view: {page} by {user}
18023,2026-01-11,10:42:09,INFO,WebServer,Page view: /home by u1154,E103,Page view: {page} by {user}
18024,2026-01-11,10:57:32,INFO,WebServer,Transaction tx853789 completed in 1759ms,E104,Transaction {tx} completed in {time}ms
18025,2026-01-11,10:09:43,INFO,WebServer,Page view: /home by u4313,E103,Page view: {page} by {user}
18026,2026-01-11,10:39:54,INFO,WebServer,Health check passed: WebServer,E102,Health check passed: {service}
18027,2026-01-11,10:16:42,INFO,WebServer,Health check passed: WebServer,E102,Health check passed: {service}
18028,2026-01-11,10:58:33,INFO,OrderProcessor,User u2096 login successful,E101,User {user} login successful
18029,2026-01-11,10:16:07,INFO,WebServer,Page view: /home by u2861,E103,Page view: {page} by {user}
18030,2026-01-11,10:13:31,INFO,WebServer,Page view: /home by u1856,E103,Page view: {page} by {user}
18031,2026-01-11,10:13:34,INFO,AuthService,Health check passed: AuthService,E102,Health check passed: {service}
18032,2026-01-11,10:15:36,INFO,OrderProcessor,Page view: /home by u1687,E103,Page view: {page} by {user}
18033,2026-01-11,10:09:34,INFO,OrderProcessor,Page view: /home by u4555,E103,Page view: {page} by {user}
18034,2026-01-11,10:31:32,INFO,AuthService,User u1950 login successful,E101,User {user} login successful
18035,2026-01-11,10:02:04,INFO,PaymentGateway,Page view: /home by u3497,E103,Page view: {page} by {user}
18036,2026-01-11,10:47:11,INFO,WebServer,Page view: /home by u3546,E103,Page view: {page} by {user}
18037,2026-01-11,10:00:21,INFO,AuthService,Transaction tx123927 completed in 768ms,E104,Transaction {tx} completed in {time}ms
18038,2026-01-11,10:26:50,INFO,WebServer,Health check passed: WebServer,E102,Health check passed: {service}
18039,2026-01-11,10:55:12,INFO,WebServer,User u3766 login successful,E101,User {user} login successful
18040,2026-01-11,10:17:21,INFO,WebServer,User u4828 login successful,E101,User {user} login successful
18041,2026-01-11,10:16:31,INFO,WebServer,Transaction tx893324 completed in 1398ms,E104,Transaction {tx} completed in {time}ms
18042,2026-01-11,10:14:41,INFO,WebServer,Transaction tx315505 completed in 1749ms,E104,Transaction {tx} completed in {time}ms
18043,2026-01-11,10:30:18,INFO,AuthService,Transaction tx542617 completed in 127ms,E104,Transaction {tx} completed in {time}ms
18044,2026-01-11,10:27:34,INFO,WebServer,Transaction tx424801 completed in 869ms,E104,Transaction {tx} completed in {time}ms
18045,2026-01-11,10:16:47,INFO,AuthService,Page view: /home by u1150,E103,Page view: {page} by {user}
18046,2026-01-11,10:58:25,INFO,WebServer,User u4386 login successful,E101,User {user} login successful
18047,2026-01-11,10:44:10,INFO,WebServer,Health check passed: WebServer,E102,Health check passed: {service}
18048,2026-01-11,10:46:00,INFO,WebServer,Transaction tx956836 completed in 1307ms,E104,Transaction {tx} completed in {time}ms
18049,2026-01-11,10:12:27,INFO,PaymentGateway,Page view: /home by u2676,E103,Page view: {page} by {user}
18050,2026-01-11,10:28:19,INFO,OrderProcessor,User u4257 login successful,E101,User {user} login successful
18051,2026-01-11,10:33:12,INFO,OrderProcessor,Page view: /home by u1476,E103,Page view: {page} by {user}
18052,2026-01-11,10:24:15,INFO,InventoryDB,Transaction tx879980 completed in 1643ms,E104,Transaction {tx} completed in {time}ms
18053,2026-01-11,10:45:21,INFO,WebServer,Page view: /home by u1041,E103,Page view: {page} by {user}
18054,2026-01-11,10:14:53,INFO,WebServer,Health check passed: WebServer,E102,Health check passed: {service}
18055,2026-01-11,10:55:23,INFO,WebServer,Page view: /home by u3996,E103,Page view: {page} by {user}
18056,2026-01-11,10:33:57,INFO,WebServer,Transaction tx913402 completed in 1977ms,E104,Transaction {tx} completed in {time}ms
18057,2026-01-11,10:54:18,INFO,WebServer,User u2855 login successful,E101,User {user} login successful
18058,2026-01-11,10:47:26,ERROR,WebServer,Timeout waiting for lock on InventoryDB,E502,Timeout waiting for lock on {db}
18059,2026-01-11,10:13:26,INFO,OrderProcessor,Transaction tx924801 completed in 1313ms,E104,Transaction {tx} completed in {time}ms
18060,2026-01-11,10:04:09,INFO,WebServer,Page view: /home by u2362,E103,Page view: {page} by {user}
18061,2026-01-11,10:47:00,INFO,PaymentGateway,Health check passed: PaymentGateway,E102,Health check passed: {service}
18062,2026-01-11,10:07:46,INFO,WebServer,Health check passed: WebServer,E102,Health check passed: {service}
18063,2026-01-11,10:02:07,INFO,WebServer,Transaction tx263594 completed in 540ms,E104,Transaction {tx} completed in {time}ms
18064,2026-01-11,10:41:42,INFO,WebServer,Page view: /home by u3419,E103,Page view: {page} by {user}
18065,2026-01-11,10:02:33,INFO,WebServer,Page view: /home by u3298,E103,Page view: {page} by {user}
18066,2026-01-11,10:30:46,INFO,OrderProcessor,User u3734 login successful,E101,User {user} login successful
18067,2026-01-11,10:24:39,INFO,OrderProcessor,User u1812 login successful,E101,User {user} login successful
18068,2026-01-11,10:31:58,INFO,WebServer,User u1740 login successful,E101,User {user} login successful
18069,2026-01-11,10:21:58,INFO,WebServer,User u2342 login successful,E101,User {user} login successful
18070,2026-01-11,10:00:55,INFO,WebServer,Health check passed: WebServer,E102,Health check passed: {service}
18071,2026-01-11,10:37:12,INFO,PaymentGateway,Page view: /home by u1346,E103,Page view: {page} by {user}
18072,2026-01-11,10:50:40,INFO,InventoryDB,User u2560 login successful,E101,User {user} login successful
18073,2026-01-11,10:25:51,INFO,WebServer,Transaction tx555132 completed in 1259ms,E104,Transaction {tx} completed in {time}ms
18074,2026-01-11,10:36:47,INFO,WebServer,Transaction tx347241 completed in 1714ms,E104,Transaction {tx} completed in {time}ms
18075,2026-01-11,10:22:20,INFO,WebServer,Transaction tx984034 completed in 1068ms,E104,Transaction {tx} completed in {time}ms
18076,2026-01-11,10:52:57,INFO,WebServer,Health check passed: WebServer,E102,Health check passed: {service}
18077,2026-01-11,10:25:42,INFO,PaymentGateway,Transaction tx370561 completed in 1702ms,E104,Transaction {tx} completed in {time}ms
18078,2026-01-11,10:19:35,INFO,WebServer,User u1940 login successful,E101,User {user} login successful
18079,2026-01-11,10:20:37,INFO,WebServer,Page view: /home by u4022,E103,Page view: {page} by {user}
18080,2026-01-11,10:50:52,INFO,WebServer,User u4005 login successful,E101,User {user} login successful
18081,2026-01-11,10:41:20,INFO,WebServer,Transaction tx217523 completed in 590ms,E104,Transaction {tx} completed in {time}ms
18082,2026-01-11,10:50:11,INFO,WebServer,Transaction tx590743 completed in 1798ms,E104,Transaction {tx} completed in {time}ms
18083,2026-01-11,11:37:39,INFO,WebServer,Health check passed: WebServer,E102,Health check passed: {service}
18084,2026-01-11,11:39:29,INFO,AuthService,Transaction tx322842 completed in 554ms,E104,Transaction {tx} completed in {time}ms
18085,2026-01-11,11:40:39,INFO,AuthService,Transaction tx576642 completed in 1841ms,E104,Transaction {tx} completed in {time}ms
18086,2026-01-11,11:28:45,INFO,WebServer,Page view: /home by u2830,E103,Page view: {page} by {user}
18087,2026-01-11,11:55:00,INFO,OrderProcessor,User u1355 login successful,E101,User {user} login successful
18088,2026-01-11,11:49:19,INFO,WebServer,User u1726 login successful,E101,User {user} login successful
18089,2026-01-11,11:38:59,INFO,AuthService,Health check passed: AuthService,E102,Health check passed: {service}
18090,2026-01-11,11:49:53,INFO,AuthService,Health check passed: AuthService,E102,Health check passed: {service}
18091,2026-01-11,11:28:58,INFO,AuthService,Page view: /home by u2629,E103,Page view: {page} by {user}
18092,2026-01-11,11:34:46,INFO,WebServer,Transaction tx964497 completed in 1444ms,E104,Transaction {tx} completed in {time}ms
18093,2026-01-11,11:50:28,INFO,OrderProcessor,Transaction tx606323 completed in 1386ms,E104,Transaction {tx} completed in {time}ms
18094,2026-01-11,11:24:59,INFO,InventoryDB,Transaction tx436057 completed in 1283ms,E104,Transaction {tx} completed in {time}ms
18095,2026-01-11,11:56:10,INFO,OrderProcessor,User u4329 login successful,E101,User {user} login successful
18096,2026-01-11,11:55:52,INFO,OrderProcessor,Health check passed: OrderProcessor,E102,Health check passed: {service}
18097,2026-01-11,11:08:25,INFO,WebServer,Transaction tx962926 completed in 1304ms,E104,Transaction {tx} completed in {time}ms
18098,2026-01-11,11:14:32,INFO,OrderProcessor,Health check passed: OrderProcessor,E102,Health check passed: {service}
18099,2026-01-11,11:06:45,INFO,OrderProcessor,Health check passed: OrderProcessor,E102,Health check passed: {service}
18100,2026-01-11,11:42:57,INFO,WebServer,Transaction tx172797 completed in 354ms,E104,Transaction {tx} completed in {time}ms
18101,2026-01-11,11:53:52,INFO,WebServer,Health check passed: WebServer,E102,Health check passed: {service}
18102,2026-01-11,11:25:05,INFO,WebServer,Transaction tx107406 completed in 1051ms,E104,Transaction {tx} completed in {time}ms
18103,2026-01-11,11:46:20,INFO,WebServer,User u4414 login successful,E101,User {user} login successful
18104,2026-01-11,11:19:28,INFO,PaymentGateway,Transaction tx887202 completed in 1504ms,E104,Transaction {tx} completed in {time}ms
18105,2026-01-11,11:01:56,INFO,WebServer,Page view: /home by u4824,E103,Page view: {page} by {user}
18106,2026-01-11,11:24:09,INFO,AuthService,Health check passed: AuthService,E102,Health check passed: {service}
18107,2026-01-11,11:21:41,INFO,AuthService,Health check passed: AuthService,E102,Health check passed: {service}
18108,2026-01-11,11:33:12,INFO,AuthService,Health check passed: AuthService,E102,Health check passed: {service}
18109,2026-01-11,11:31:40,INFO,PaymentGateway,Page view: /home by u2854,E103,Page view: {page} by {user}
18110,2026-01-11,11:29:19,INFO,OrderProcessor,Page view: /home by u2589,E103,Page view: {page} by {user}
18111,2026-01-11,11:27:00,INFO,AuthService,Page view: /home by u4696,E103,Page view: {page} by {user}
18112,2026-01-11,11:41:15,INFO,WebServer,User u2130 login successful,E101,User {user} login successful
18113,2026-01-11,11:50:18,INFO,WebServer,Health check passed: WebServer,E102,Health check passed: {service}
18114,2026-01-11,11:38:43,INFO,WebServer,Page view: /home by u4287,E103,Page view: {page} by {user}
18115,2026-01-11,11:04:39,INFO,OrderProcessor,Transaction tx244613 completed in 1565ms,E104,Transaction {tx} completed in {time}ms
18116,2026-01-11,11:46:48,INFO,OrderProcessor,Health check passed: OrderProcessor,E102,Health check passed: {service}
18117,2026-01-11,11:04:16,INFO,WebServer,Health check passed: WebServer,E102,Health check passed: {service}
18118,2026-01-11,11:45:52,INFO,WebServer,User u1783 login successful,E101,User {user} login successful
18119,2026-01-11,11:39:39,INFO,WebServer,Page view: /home by u3262,E103,Page view: {page} by {user}
18120,2026-01-11,11:43:49,INFO,InventoryDB,User u2192 login successful,E101,User {user} login successful
18121,2026-01-11,11:55:24,INFO,AuthService,Health check passed: AuthService,E102,Health check passed: {service}
18122,2026-01-11,11:40:38,INFO,AuthService,User u2475 login successful,E101,User {user} login successful
18123,2026-01-11,11:14:23,INFO,AuthService,Health check passed: AuthService,E102,Health check passed: {service}
18124,2026-01-11,11:47:33,INFO,AuthService,Transaction tx610840 completed in 1864ms,E104,Transaction {tx} completed in {time}ms
18125,2026-01-11,11:01:42,INFO,WebServer,User u1739 login successful,E101,User {user} login successful
18126,2026-01-11,11:13:44,INFO,OrderProcessor,User u3001 login successful,E101,User {user} login successful
18127,2026-01-11,11:49:07,INFO,OrderProcessor,Transaction tx154391 completed in 1307ms,E104,Transaction {tx} completed in {time}ms
18128,2026-01-11,11:07:26,INFO,InventoryDB,Page view: /home by u2225,E103,Page view: {page} by {user}
18129,2026-01-11,11:30:10,INFO,WebServer,Health check passed: WebServer,E102,Health check passed: {service}
18130,2026-01-11,11:50:47,INFO,AuthService,Transaction tx763401 completed in 1172ms,E104,Transaction {tx} completed in {time}ms
18131,2026-01-11,11:50:12,INFO,OrderProcessor,Transaction tx452058 completed in 1540ms,E104,Transaction {tx} completed in {time}ms
18132,2026-01-11,11:48:06,INFO,PaymentGateway,Transaction tx719774 completed in 1201ms,E104,Transaction {tx} completed in {time}ms
18133,2026-01-11,11:15:16,INFO,InventoryDB,Transaction tx369401 completed in 1232ms,E104,Transaction {tx} completed in {time}ms
18134,2026-01-11,11:30:38,INFO,WebServer,Transaction tx762638 completed in 843ms,E104,Transaction {tx} completed in {time}ms
18135,2026-01-11,11:31:10,INFO,OrderProcessor,Page view: /home by u4787,E103,Page view: {page} by {user}
18136,2026-01-11,11:52:44,ERROR,InventoryDB,Connection refused to InventoryDB at 10.0.0.12,E501,Connection refused to {service} at {ip}
18137,2026-01-11,11:31:57,INFO,WebServer,User u2915 login successful,E101,User {user} login successful
18138,2026-01-11,11:39:03,INFO,AuthService,User u1194 login successful,E101,User {user} login successful
18139,2026-01-11,11:51:08,INFO,WebServer,Transaction tx266513 completed in 235ms,E104,Transaction {tx} completed in {time}ms
18140,2026-01-11,11:43:48,INFO,AuthService,Transaction tx462393 completed in 991ms,E104,Transaction {tx} completed in {time}ms
18141,2026-01-11,11:38:15,INFO,OrderProcessor,Health check passed: OrderProcessor,E102,Health check passed: {service}
18142,2026-01-11,11:43:50,WARN,OrderProcessor,Unauthorized access attempt from 10.0.0.88,E401,Unauthorized access attempt from {ip}
18143,2026-01-11,11:46:42,INFO,WebServer,User u4261 login successful,E101,User {user} login successful
18144,2026-01-11,11:41:35,INFO,OrderProcessor,Page view: /home by u4730,E103,Page view: {page} by {user}
18145,2026-01-11,11:33:44,INFO,AuthService,Health check passed: AuthService,E102,Health check passed: {service}
18146,2026-01-11,11:33:14,INFO,OrderProcessor,Page view: /home by u4757,E103,Page view: {page} by {user}
18147,2026-01-11,11:50:37,INFO,PaymentGateway,User u3985 login successful,E101,User {user} login successful
18148,2026-01-11,11:39:53,INFO,WebServer,Transaction tx781279 completed in 1855ms,E104,Transaction {tx} completed in {time}ms
18149,2026-01-11,11:32:05,INFO,PaymentGateway,User u4938 login successful,E101,User {user} login successful
18150,2026-01-11,11:44:16,INFO,WebServer,Health check passed: WebServer,E102,Health check passed: {service}
18151,2026-01-11,11:18:18,INFO,PaymentGateway,User u3459 login successful,E101,User {user} login successful
18152,2026-01-11,11:21:53,INFO,AuthService,User u4618 login successful,E101,User {user} login successful
18153,2026-01-11,11:19:16,WARN,WebServer,Disk usage > 85% on node node-4,E202,Disk usage > 85% on node {node}
18154,2026-01-11,11:16:30,INFO,WebServer,Transaction tx512312 completed in 468ms,E104,Transaction {tx} completed in {time}ms
18155,2026-01-11,11:30:27,WARN,WebServer,Unauthorized access attempt from 10.0.0.45,E401,Unauthorized access attempt from {ip}
18156,2026-01-11,11:36:01,INFO,OrderProcessor,User u1882 login successful,E101,User {user} login successful
18157,2026-01-11,11:01:15,INFO,AuthService,Page view: /home by u1672,E103,Page view: {page} by {user}
18158,2026-01-11,11:24:50,INFO,WebServer,Health check passed: WebServer,E102,Health check passed: {service}
18159,2026-01-11,11:10:45,INFO,PaymentGateway,Page view: /home by u2762,E103,Page view: {page} by {user}
18160,2026-01-11,11:26:05,INFO,InventoryDB,User u4983 login successful,E101,User {user} login successful
18161,2026-01-11,11:06:46,INFO,AuthService,User u3621 login successful,E101,User {user} login successful
18162,2026-01-11,11:46:27,INFO,PaymentGateway,Transaction tx899904 completed in 1174ms,E104,Transaction {tx} completed in {time}ms
18163,2026-01-11,11:04:20,INFO,WebServer,Transaction tx994569 completed in 1715ms,E104,Transaction {tx} completed in {time}ms
18164,2026-01-11,11:24:52,INFO,OrderProcessor,Transaction tx268730 completed in 256ms,E104,Transaction {tx} completed in {time}ms
18165,2026-01-11,11:42:25,INFO,WebServer,Transaction tx563787 completed in 1051ms,E104,Transaction {tx} completed in {time}ms
18166,2026-01-11,11:03:30,INFO,WebServer,Transaction tx423272 completed in 264ms,E104,Transaction {tx} completed in {time}ms
18167,2026-01-11,11:01:05,INFO,WebServer,User u4447 login successful,E101,User {user} login successful
18168,2026-01-11,11:54:23,INFO,WebServer,Page view: /home by u3275,E103,Page view: {page} by {user}
18169,2026-01-11,11:55:20,INFO,AuthService,User u1597 login successful,E101,User {user} login successful
18170,2026-01-11,11:03:34,INFO,WebServer,Transaction tx118439 completed in 1873ms,E104,Transaction {tx} completed in {time}ms
18171,2026-01-11,11:41:43,INFO,WebServer,User u2247 login successful,E101,User {user} login successful
18172,2026-01-11,11:02:13,INFO,AuthService,User u4495 login successful,E101,User {user} login successful
18173,2026-01-11,11:21:03,INFO,WebServer,Health check passed: WebServer,E102,Health check passed: {service}
18174,2026-01-11,11:58:10,INFO,WebServer,Transaction tx613073 completed in 34ms,E104,Transaction {tx} completed in {time}ms
18175,2026-01-11,11:45:07,INFO,InventoryDB,Health check passed: InventoryDB,E102,Health check passed: {service}
18176,2026-01-11,11:08:24,INFO,WebServer,Transaction tx532731 completed in 441ms,E104,Transaction {tx} completed in {time}ms
18177,2026-01-11,11:25:59,INFO,InventoryDB,Transaction tx390798 completed in 1912ms,E104,Transaction {tx} completed in {time}ms
18178,2026-01-11,11:32:52,INFO,WebServer,Page view: /home by u1071,E103,Page view: {page} by {user}
18179,2026-01-11,11:52:43,INFO,OrderProcessor,Page view: /home by u4051,E103,Page view: {page} by {user}
18180,2026-01-11,11:47:36,INFO,WebServer,Page view: /home by u1236,E103,Page view: {page} by {user}
18181,2026-01-11,11:33:09,INFO,WebServer,Health check passed: WebServer,E102,Health check passed: {service}
18182,2026-01-11,11:25:51,WARN,WebServer,Disk usage > 85% on node node-5,E202,Disk usage > 85% on node {node}
18183,2026-01-11,11:19:56,INFO,OrderProcessor,Transaction tx261899 completed in 330ms,E104,Transaction {tx} completed in {time}ms
18184,2026-01-11,11:30:59,INFO,InventoryDB,Transaction tx651578 completed in 1285ms,E104,Transaction {tx} completed in {time}ms
18185,2026-01-11,11:50:01,INFO,PaymentGateway,Page view: /home by u3380,E103,Page view: {page} by {user}
18186,2026-01-11,11:48:13,INFO,WebServer,Transaction tx618254 completed in 1182ms,E104,Transaction {tx} completed in {time}ms
18187,2026-01-11,11:51:09,INFO,WebServer,Transaction tx135703 completed in 1947ms,E104,Transaction {tx} completed in {time}ms
18188,2026-01-11,11:24:08,INFO,WebServer,Health check passed: WebServer,E102,Health check passed: {service}
18189,2026-01-11,11:36:42,INFO,WebServer,Health check passed: WebServer,E102,Health check passed: {service}
18190,2026-01-11,11:55:52,INFO,WebServer,User u2972 login successful,E101,User {user} login successful
18191,2026-01-11,11:16:14,INFO,WebServer,Page view: /home by u4583,E103,Page view: {page} by {user}
18192,2026-01-11,11:05:30,INFO,AuthService,Health check passed: AuthService,E102,Health check passed: {service}
18193,2026-01-11,11:47:24,INFO,WebServer,Transaction tx977569 completed in 1892ms,E104,Transaction {tx} completed in {time}ms
18194,2026-01-11,11:14:19,INFO,OrderProcessor,Page view: /home by u3431,E103,Page view: {page} by {user}
18195,2026-01-11,11:45:03,INFO,InventoryDB,User u2992 login successful,E101,User {user} login successful
18196,2026-01-11,11:48:41,WARN,WebServer,Unauthorized access attempt from 10.0.0.45,E401,Unauthorized access attempt from {ip}
18197,2026-01-11,11:19:02,WARN,AuthService,Disk usage > 85% on node node-2,E202,Disk usage > 85% on node {node}
18198,2026-01-11,11:34:41,INFO,WebServer,User u3075 login successful,E101,User {user} login successful
18199,2026-01-11,11:15:02,INFO,WebServer,Page view: /home by u1800,E103,Page view: {page} by {user}
18200,2026-01-11,11:16:03,INFO,AuthService,Health check passed: AuthService,E102,Health check passed: {service}
18201,2026-01-11,11:47:26,INFO,WebServer,User u2448 login successful,E101,User {user} login successful
18202,2026-01-11,11:15:48,INFO,WebServer,Transaction tx633673 completed in 829ms,E104,Transaction {tx} completed in {time}ms
18203,2026-01-11,11:18:55,INFO,WebServer,Transaction tx361178 completed in 836ms,E104,Transaction {tx} completed in {time}ms
18204,2026-01-11,11:25:09,WARN,OrderProcessor,Unauthorized access attempt from 10.0.0.12,E401,Unauthorized access attempt from {ip}
18205,2026-01-11,11:41:40,INFO,WebServer,Health check passed: WebServer,E102,Health check passed: {service}
18206,2026-01-11,11:55:30,INFO,WebServer,Page view: /home by u2225,E103,Page view: {page} by {user}
18207,2026-01-11,11:07:08,INFO,AuthService,Page view: /home by u2505,E103,Page view: {page} by {user}
18208,2026-01-11,11:35:20,INFO,OrderProcessor,User u4832 login successful,E101,User {user} login successful
18209,2026-01-11,11:09:11,INFO,PaymentGateway,User u4475 login successful,E101,User {user} login successful
18210,2026-01-11,11:59:21,INFO,AuthService,Health check passed: AuthService,E102,Health check passed: {service}
18211,2026-01-11,11:50:26,INFO,AuthService,Health check passed: AuthService,E102,Health check passed: {service}
18212,2026-01-11,11:18:32,INFO,AuthService,Health check passed: AuthService,E102,Health check passed: {service}
18213,2026-01-11,11:14:26,INFO,AuthService,Transaction tx759171 completed in 1890ms,E104,Transaction {tx} completed in {time}ms
18214,2026-01-11,11:22:04,INFO,WebServer,Page view: /home by u2203,E103,Page view: {page} by {user}
18215,2026-01-11,11:19:13,INFO,AuthService,Page view: /home by u3574,E103,Page view: {page} by {user}
18216,2026-01-11,11:05:33,INFO,WebServer,Page view: /home by u3278,E103,Page view: {page} by {user}
18217,2026-01-11,11:29:02,INFO,AuthService,Transaction tx939787 completed in 1601ms,E104,Transaction {tx} completed in {time}ms
18218,2026-01-11,11:19:01,INFO,AuthService,Transaction tx101639 completed in 597ms,E104,Transaction {tx} completed in {time}ms
18219,2026-01-11,11:36:31,INFO,WebServer,Health check passed: WebServer,E102,Health check passed: {service}
18220,2026-01-11,11:39:37,INFO,WebServer,Transaction tx841924 completed in 965ms,E104,Transaction {tx} completed in {time}ms
18221,2026-01-11,11:18:41,INFO,WebServer,Transaction tx997395 completed in 1578ms,E104,Transaction {tx} completed in {time}ms
18222,2026-01-11,11:34:06,INFO,WebServer,User u2262 login successful,E101,User {user} login successful
18223,2026-01-11,11:00:15,INFO,WebServer,User u3537 login successful,E101,User {user} login successful
18224,2026-01-11,11:01:04,INFO,WebServer,Transaction tx212853 completed in 111ms,E104,Transaction {tx} completed in {time}ms
18225,2026-01-11,11:45:15,INFO,WebServer,Transaction tx780552 completed in 790ms,E104,Transaction {tx} completed in {time}ms
18226,2026-01-11,11:04:55,INFO,OrderProcessor,Health check passed: OrderProcessor,E102,Health check passed: {service}
18227,2026-01-11,11:41:57,INFO,OrderProcessor,User u4128 login successful,E101,User {user} login successful
18228,2026-01-11,11:52:05,INFO,AuthService,Page view: /home by u1803,E103,Page view: {page} by {user}
18229,2026-01-11,11:50:49,INFO,OrderProcessor,Health check passed: OrderProcessor,E102,Health check passed: {service}
18230,2026-01-11,11:45:51,INFO,OrderProcessor,User u4085 login successful,E101,User {user} login successful
18231,2026-01-11,11:44:12,INFO,WebServer,Page view: /home by u3807,E103,Page view: {page} by {user}
18232,2026-01-11,11:39:52,INFO,InventoryDB,Transaction tx563746 completed in 1107ms,E104,Transaction {tx} completed in {time}ms
18233,2026-01-11,11:03:37,INFO,OrderProcessor,Health check passed: OrderProcessor,E102,Health check passed: {service}
18234,2026-01-11,11:01:31,INFO,WebServer,Transaction tx428669 completed in 1637ms,E104,Transaction {tx} completed in {time}ms
18235,2026-01-11,11:30:23,INFO,PaymentGateway,Page view: /home by u2815,E103,Page view: {page} by {user}
18236,2026-01-11,11:16:52,INFO,OrderProcessor,Health check passed: OrderProcessor,E102,Health check passed: {service}
18237,2026-01-11,11:02:08,INFO,OrderProcessor,User u3043 login successful,E101,User {user} login successful
18238,2026-01-11,11:12:21,INFO,WebServer,Page view: /home by u3602,E103,Page view: {page} by {user}
18239,2026-01-11,11:11:42,INFO,WebServer,User u2334 login successful,E101,User {user} login successful
18240,2026-01-11,11:08:58,INFO,AuthService,Transaction tx630221 completed in 1327ms,E104,Transaction {tx} completed in {time}ms
18241,2026-01-11,11:07:25,INFO,AuthService,User u4670 login successful,E101,User {user} login successful
18242,2026-01-11,11:57:29,INFO,PaymentGateway,Page view: /home by u1772,E103,Page view: {page} by {user}
18243,2026-01-11,11:08:50,INFO,WebServer,User u2079 login successful,E101,User {user} login successful
18244,2026-01-11,11:05:54,INFO,AuthService,Transaction tx524452 completed in 1836ms,E104,Transaction {tx} completed in {time}ms
18245,2026-01-11,11:57:01,INFO,WebServer,User u2118 login successful,E101,User {user} login successful
18246,2026-01-11,11:40:01,INFO,OrderProcessor,User u2874 login successful,E101,User {user} login successful
18247,2026-01-11,11:45:56,INFO,WebServer,Transaction tx213508 completed in 1999ms,E104,Transaction {tx} completed in {time}ms
18248,2026-01-11,11:19:25,INFO,WebServer,Page view: /home by u3956,E103,Page view: {page} by {user}
18249,2026-01-11,11:01:26,INFO,WebServer,Health check passed: WebServer,E102,Health check passed: {service}
18250,2026-01-11,11:25:41,INFO,WebServer,Health check passed: WebServer,E102,Health check passed: {service}
18251,2026-01-11,11:01:38,INFO,InventoryDB,Health check passed: InventoryDB,E102,Health check passed: {service}
18252,2026-01-11,11:22:27,INFO,OrderProcessor,Health check passed: OrderProcessor,E102,Health check passed: {service}
18253,2026-01-11,11:46:18,INFO,InventoryDB,User u2757 login successful,E101,User {user} login successful
18254,2026-01-11,11:06:32,INFO,AuthService,User u2649 login successful,E101,User {user} login successful
18255,2026-01-11,11:44:47,ERROR,WebServer,Connection refused to WebServer at 10.0.0.99,E501,Connection refused to {service} at {ip}
18256,2026-01-11,11:25:52,INFO,WebServer,Health check passed: WebServer,E102,Health check passed: {service}
18257,2026-01-11,11:21:49,INFO,WebServer,User u1539 login successful,E101,User {user} login successful
18258,2026-01-11,11:47:21,INFO,WebServer,Health check passed: WebServer,E102,Health check passed: {service}
18259,2026-01-11,11:33:20,INFO,WebServer,Health check passed: WebServer,E102,Health check passed: {service}
18260,2026-01-11,11:39:02,WARN,AuthService,Disk usage > 85% on node node-1,E202,Disk usage > 85% on node {node}
18261,2026-01-11,11:24:02,INFO,WebServer,Page view: /home by u3920,E103,Page view: {page} by {user}
18262,2026-01-11,11:44:19,INFO,AuthService,Health check passed: AuthService,E102,Health check passed: {service}
18263,2026-01-11,11:57:33,INFO,WebServer,User u1176 login successful,E101,User {user} login successful
18264,2026-01-11,11:15:02,INFO,WebServer,Health check passed: WebServer,E102,Health check passed: {service}
18265,2026-01-11,11:57:37,INFO,WebServer,Page view: /home by u1931,E103,Page view: {page} by {user}
18266,2026-01-11,11:54:13,INFO,WebServer,Transaction tx600152 completed in 1673ms,E104,Transaction {tx} completed in {time}ms
18267,2026-01-11,11:15:21,INFO,WebServer,Page view: /home by u2102,E103,Page view: {page} by {user}
18268,2026-01-11,11:33:55,INFO,AuthService,User u3812 login successful,E101,User {user} login successful
18269,2026-01-11,11:35:48,INFO,WebServer,User u1242 login successful,E101,User {user} login successful
18270,2026-01-11,11:39:18,INFO,OrderProcessor,Transaction tx211848 completed in 1792ms,E104,Transaction {tx} completed in {time}ms
18271,2026-01-11,11:58:26,INFO,WebServer,User u1256 login successful,E101,User {user} login successful
18272,2026-01-11,11:43:25,INFO,WebServer,Transaction tx442856 completed in 676ms,E104,Transaction {tx} completed in {time}ms
18273,2026-01-11,11:17:05,INFO,WebServer,User u2656 login successful,E101,User {user} login successful
18274,2026-01-11,11:42:09,INFO,WebServer,Transaction tx624816 completed in 169ms,E104,Transaction {tx} completed in {time}ms
18275,2026-01-11,11:05:17,INFO,PaymentGateway,Health check passed: PaymentGateway,E102,Health check passed: {service}
18276,2026-01-11,11:14:33,INFO,WebServer,Health check passed: WebServer,E102,Health check passed: {service}
18277,2026-01-11,11:24:14,INFO,AuthService,Page view: /home by u4924,E103,Page view: {page} by {user}
18278,2026-01-11,11:47:32,INFO,WebServer,Transaction tx975830 completed in 573ms,E104,Transaction {tx} completed in {time}ms
18279,2026-01-11,11:04:19,INFO,WebServer,Transaction tx711221 completed in 348ms,E104,Transaction {tx} completed in {time}ms
18280,2026-01-11,11:22:09,INFO,AuthService,User u4611 login successful,E101,User {user} login successful
18281,2026-01-11,11:19:30,INFO,InventoryDB,Transaction tx199785 completed in 613ms,E104,Transaction {tx} completed in {time}ms
18282,2026-01-11,11:06:22,INFO,AuthService,Transaction tx705438 completed in 1306ms,E104,Transaction {tx} completed in {time}ms
18283,2026-01-11,11:19:22,INFO,WebServer,Health check passed: WebServer,E102,Health check passed: {service}
18284,2026-01-11,11:46:39,INFO,WebServer,User u4445 login successful,E101,User {user} login successful
18285,2026-01-11,11:59:37,INFO,WebServer,User u1527 login successful,E101,User {user} login successful
18286,2026-01-11,11:32:04,INFO,AuthService,Transaction tx146903 completed in 1771ms,E104,Transaction {tx} completed in {time}ms
18287,2026-01-11,11:02:19,WARN,PaymentGateway,Disk usage > 85% on node node-4,E202,Disk usage > 85% on node {node}
18288,2026-01-11,11:30:37,INFO,PaymentGateway,Transaction tx387627 completed in 1898ms,E104,Transaction {tx} completed in {time}ms
18289,2026-01-11,11:17:20,INFO,InventoryDB,Transaction tx268835 completed in 1226ms,E104,Transaction {tx} completed in {time}ms
18290,2026-01-11,11:16:36,INFO,PaymentGateway,Transaction tx158606 completed in 1702ms,E104,Transaction {tx} completed in {time}ms
18291,2026-01-11,11:27:00,INFO,WebServer,Health check passed: WebServer,E102,Health check passed: {service}
18292,2026-01-11,11:59:41,INFO,AuthService,User u3834 login successful,E101,User {user} login successful
18293,2026-01-11,11:34:35,WARN,WebServer,Unauthorized access attempt from 10.0.0.45,E401,Unauthorized access attempt from {ip}
18294,2026-01-11,11:54:40,INFO,OrderProcessor,Transaction tx396897 completed in 1914ms,E104,Transaction {tx} completed in {time}ms
18295,2026-01-11,11:22:32,INFO,WebServer,Transaction tx666018 completed in 1566ms,E104,Transaction {tx} completed in {time}ms
18296,2026-01-11,11:19:29,INFO,WebServer,Health check passed: WebServer,E102,Health check passed: {service}
18297,2026-01-11,11:26:19,INFO,WebServer,Health check passed: WebServer,E102,Health check passed: {service}
18298,2026-01-11,11:52:35,INFO,AuthService,User u2880 login successful,E101,User {user} login successful
18299,2026-01-11,11:26:45,ERROR,InventoryDB,Connection refused to InventoryDB at 10.0.0.88,E501,Connection refused to {service} at {ip}
18300,2026-01-11,11:23:31,INFO,AuthService,User u2689 login successful,E101,User {user} login successful
18301,2026-01-11,11:45:15,INFO,WebServer,Page view: /home by u2194,E103,Page view: {page} by {user}
18302,2026-01-11,11:38:06,INFO,WebServer,User u3386 login successful,E101,User {user} login successful
18303,2026-01-11,11:42:57,INFO,OrderProcessor,Transaction tx589532 completed in 453ms,E104,Transaction {tx} completed in {time}ms
18304,2026-01-11,11:23:53,INFO,PaymentGateway,Page view: /home by u3181,E103,Page view: {page} by {user}
18305,2026-01-11,11:08:46,INFO,AuthService,Transaction tx154656 completed in 1881ms,E104,Transaction {tx} completed in {time}ms
18306,2026-01-11,11:51:43,INFO,WebServer,Transaction tx763981 completed in 1698ms,E104,Transaction {tx} completed in {time}ms
18307,2026-01-11,11:25:54,INFO,AuthService,Page view: /home by u1519,E103,Page view: {page} by {user}
18308,2026-01-11,11:59:22,INFO,WebServer,User u4974 login successful,E101,User {user} login successful
18309,2026-01-11,11:53:19,INFO,WebServer,User u4849 login successful,E101,User {user} login successful
18310,2026-01-11,11:12:34,INFO,AuthService,User u2954 login successful,E101,User {user} login successful
18311,2026-01-11,11:01:31,INFO,WebServer,Transaction tx290580 completed in 512ms,E104,Transaction {tx} completed in {time}ms
18312,2026-01-11,11:23:49,WARN,WebServer,Disk usage > 85% on node node-4,E202,Disk usage > 85% on node {node}
18313,2026-01-11,11:30:13,INFO,InventoryDB,Transaction tx106252 completed in 720ms,E104,Transaction {tx} completed in {time}ms
18314,2026-01-11,11:24:01,INFO,PaymentGateway,Health check passed: PaymentGateway,E102,Health check passed: {service}
18315,2026-01-11,11:54:12,INFO,WebServer,Health check passed: WebServer,E102,Health check passed: {service}
18316,2026-01-11,11:15:05,INFO,WebServer,Transaction tx925166 completed in 1069ms,E104,Transaction {tx} completed in {time}ms
18317,2026-01-11,11:34:13,ERROR,PaymentGateway,Payment declined: Gateway unavailable,E503,Payment declined: Gateway unavailable
18318,2026-01-11,11:13:37,INFO,WebServer,Transaction tx358890 completed in 223ms,E104,Transaction {tx} completed in {time}ms
18319,2026-01-11,11:00:09,INFO,WebServer,Page view: /home by u1957,E103,Page view: {page} by {user}
18320,2026-01-11,11:49:43,INFO,WebServer,Transaction tx623746 completed in 275ms,E104,Transaction {tx} completed in {time}ms
18321,2026-01-11,11:30:20,INFO,OrderProcessor,Transaction tx794630 completed in 122ms,E104,Transaction {tx} completed in {time}ms
18322,2026-01-11,11:45:05,INFO,AuthService,Transaction tx765008 completed in 1609ms,E104,Transaction {tx} completed in {time}ms
18323,2026-01-11,11:02:36,INFO,AuthService,Health check passed: AuthService,E102,Health check passed: {service}
18324,2026-01-11,11:39:49,INFO,AuthService,Transaction tx264372 completed in 1695ms,E104,Transaction {tx} completed in {time}ms
18325,2026-01-11,11:04:00,INFO,WebServer,Page view: /home by u3340,E103,Page view: {page} by {user}
18326,2026-01-11,11:17:20,INFO,WebServer,Page view: /home by u1758,E103,Page view: {page} by {user}
18327,2026-01-11,11:24:44,INFO,AuthService,Transaction tx556133 completed in 803ms,E104,Transaction {tx} completed in {time}ms
18328,2026-01-11,11:22:22,INFO,WebServer,Transaction tx221044 completed in 1771ms,E104,Transaction {tx} completed in {time}ms
18329,2026-01-11,11:12:32,INFO,PaymentGateway,Page view: /home by u1156,E103,Page view: {page} by {user}
18330,2026-01-11,11:30:10,INFO,WebServer,Transaction tx737806 completed in 1292ms,E104,Transaction {tx} completed in {time}ms
18331,2026-01-11,11:37:36,INFO,InventoryDB,Transaction tx168282 completed in 84ms,E104,Transaction {tx} completed in {time}ms
18332,2026-01-11,11:30:04,INFO,WebServer,Transaction tx307006 completed in 1934ms,E104,Transaction {tx} completed in {time}ms
18333,2026-01-11,11:33:09,INFO,OrderProcessor,Health check passed: OrderProcessor,E102,Health check passed: {service}
18334,2026-01-11,11:52:59,INFO,WebServer,User u4959 login successful,E101,User {user} login successful
18335,2026-01-11,11:14:15,WARN,OrderProcessor,Unauthorized access attempt from 10.0.0.45,E401,Unauthorized access attempt from {ip}
18336,2026-01-11,11:44:09,INFO,WebServer,Health check passed: WebServer,E102,Health check passed: {service}
18337,2026-01-11,11:20:50,INFO,AuthService,Health check passed: AuthService,E102,Health check passed: {service}
18338,2026-01-11,11:46:10,INFO,WebServer,User u4704 login successful,E101,User {user} login successful
18339,2026-01-11,11:58:05,INFO,WebServer,Health check passed: WebServer,E102,Health check passed: {service}
18340,2026-01-11,11:45:33,INFO,OrderProcessor,Transaction tx102809 completed in 1053ms,E104,Transaction {tx} completed in {time}ms
18341,2026-01-11,11:43:07,INFO,AuthService,Health check passed: AuthService,E102,Health check passed: {service}
18342,2026-01-11,11:33:57,INFO,OrderProcessor,Health check passed: OrderProcessor,E102,Health check passed: {service}
18343,2026-01-11,11:44:22,WARN,WebServer,Unauthorized access attempt from 10.0.0.45,E401,Unauthorized access attempt from {ip}
18344,2026-01-11,11:42:50,INFO,AuthService,Page view: /home by u2312,E103,Page view: {page} by {user}
18345,2026-01-11,11:51:57,INFO,AuthService,Transaction tx848989 completed in 1006ms,E104,Transaction {tx} completed in {time}ms
18346,2026-01-11,11:25:33,INFO,WebServer,User u2739 login successful,E101,User {user} login successful
18347,2026-01-11,11:44:57,INFO,AuthService,Transaction tx152463 completed in 1490ms,E104,Transaction {tx} completed in {time}ms
18348,2026-01-11,11:32:21,INFO,OrderProcessor,User u1382 login successful,E101,User {user} login successful
18349,2026-01-11,11:02:19,INFO,InventoryDB,Transaction tx929816 completed in 1576ms,E104,Transaction {tx} completed in {time}ms
18350,2026-01-11,11:28:04,INFO,WebServer,Health check passed: WebServer,E102,Health check passed: {service}
18351,2026-01-11,11:28:12,INFO,AuthService,Page view: /home by u1164,E103,Page view: {page} by {user}
18352,2026-01-11,11:36:45,INFO,PaymentGateway,Transaction tx524576 completed in 614ms,E104,Transaction {tx} completed in {time}ms
18353,2026-01-11,11:44:21,INFO,OrderProcessor,Health check passed: OrderProcessor,E102,Health check passed: {service}
18354,2026-01-11,11:54:15,INFO,WebServer,Health check passed: WebServer,E102,Health check passed: {service}
18355,2026-01-11,11:59:56,INFO,PaymentGateway,User u1833 login successful,E101,User {user} login successful
18356,2026-01-11,11:02:30,INFO,OrderProcessor,Health check passed: OrderProcessor,E102,Health check passed: {service}
18357,2026-01-11,11:48:32,INFO,WebServer,Transaction tx119275 completed in 1631ms,E104,Transaction {tx} completed in {time}ms
18358,2026-01-11,11:02:50,INFO,WebServer,User u3816 login successful,E101,User {user} login successful
18359,2026-01-11,11:32:18,INFO,WebServer,User u4078 login successful,E101,User {user} login successful
18360,2026-01-11,11:42:00,INFO,AuthService,User u3305 login successful,E101,User {user} login successful
18361,2026-01-11,11:54:37,INFO,PaymentGateway,Health check passed: PaymentGateway,E102,Health check passed: {service}
18362,2026-01-11,11:12:11,INFO,OrderProcessor,Page view: /home by u4941,E103,Page view: {page} by {user}
18363,2026-01-11,11:08:45,INFO,AuthService,Health check passed: AuthService,E102,Health check passed: {service}
18364,2026-01-11,11:24:35,INFO,AuthService,User u1530 login successful,E101,User {user} login successful
18365,2026-01-11,11:30:55,INFO,WebServer,Health check passed: WebServer,E102,Health check passed: {service}
18366,2026-01-11,11:25:41,INFO,AuthService,Transaction tx975370 completed in 1848ms,E104,Transaction {tx} completed in {time}ms
18367,2026-01-11,11:24:27,INFO,PaymentGateway,User u2487 login successful,E101,User {user} login successful
18368,2026-01-11,11:35:13,INFO,AuthService,Transaction tx484835 completed in 701ms,E104,Transaction {tx} completed in {time}ms
18369,2026-01-11,11:01:56,INFO,PaymentGateway,User u1704 login successful,E101,User {user} login successful
18370,2026-01-11,11:14:51,INFO,PaymentGateway,User u1570 login successful,E101,User {user} login successful
18371,2026-01-11,11:15:32,INFO,PaymentGateway,Transaction tx501240 completed in 681ms,E104,Transaction {tx} completed in {time}ms
18372,2026-01-11,11:48:12,INFO,WebServer,Page view: /home by u1578,E103,Page view: {page} by {user}
18373,2026-01-11,11:29:55,INFO,AuthService,User u2575 login successful,E101,User {user} login successful
18374,2026-01-11,11:05:07,ERROR,PaymentGateway,Connection refused to PaymentGateway at 10.0.0.99,E501,Connection refused to {service} at {ip}
18375,2026-01-11,11:44:54,INFO,PaymentGateway,User u4246 login successful,E101,User {user} login successful
18376,2026-01-11,11:46:06,INFO,OrderProcessor,User u2040 login successful,E101,User {user} login successful
18377,2026-01-11,11:48:08,INFO,OrderProcessor,User u1496 login successful,E101,User {user} login successful
18378,2026-01-11,11:38:06,WARN,PaymentGateway,Unauthorized access attempt from 10.0.0.45,E401,Unauthorized access attempt from {ip}
18379,2026-01-11,11:28:24,INFO,WebServer,Health check passed: WebServer,E102,Health check passed: {service}
18380,2026-01-11,11:36:18,INFO,AuthService,Page view: /home by u3273,E103,Page view: {page} by {user}
18381,2026-01-11,11:17:17,INFO,PaymentGateway,Transaction tx644920 completed in 1950ms,E104,Transaction {tx} completed in {time}ms
18382,2026-01-11,11:25:32,INFO,InventoryDB,Page view: /home by u4843,E103,Page view: {page} by {user}
18383,2026-01-11,11:58:50,INFO,AuthService,Health check passed: AuthService,E102,Health check passed: {service}
18384,2026-01-11,11:25:48,INFO,PaymentGateway,Page view: /home by u3112,E103,Page view: {page} by {user}
18385,2026-01-11,11:11:46,INFO,WebServer,User u2863 login successful,E101,User {user} login successful
18386,2026-01-11,11:04:14,INFO,PaymentGateway,Health check passed: PaymentGateway,E102,Health check passed: {service}
18387,2026-01-11,11:37:21,INFO,PaymentGateway,User u1868 login successful,E101,User {user} login successful
18388,2026-01-11,11:37:14,INFO,InventoryDB,User u3281 login successful,E101,User {user} login successful
18389,2026-01-11,11:09:21,INFO,WebServer,Health check passed: WebServer,E102,Health check passed: {service}
18390,2026-01-11,11:14:28,WARN,OrderProcessor,High latency (308ms) detected on OrderProcessor,E201,High latency ({time}ms) detected on {service}
18391,2026-01-11,11:29:33,INFO,PaymentGateway,Health check passed: PaymentGateway,E102,Health check passed: {service}
18392,2026-01-11,11:50:40,INFO,WebServer,Page view: /home by u2304,E103,Page view: {page} by {user}
18393,2026-01-11,11:53:57,INFO,InventoryDB,Page view: /home by u4092,E103,Page view: {page} by {user}
18394,2026-01-11,11:38:36,INFO,WebServer,Health check passed: WebServer,E102,Health check passed: {service}
18395,2026-01-11,11:50:02,INFO,AuthService,Page view: /home by u1160,E103,Page view: {page} by {user}
18396,2026-01-11,11:42:57,INFO,WebServer,Health check passed: WebServer,E102,Health check passed: {service}
18397,2026-01-11,11:35:26,WARN,AuthService,Unauthorized access attempt from 10.0.0.45,E401,Unauthorized access attempt from {ip}
18398,2026-01-11,11:27:29,INFO,WebServer,Health check passed: WebServer,E102,Health check passed: {service}
18399,2026-01-11,11:52:53,CRITICAL,WebServer,KERNEL PANIC: Node node-2 crashed,E601,KERNEL PANIC: Node {node} crashed
18400,2026-01-11,11:37:11,INFO,WebServer,User u4273 login successful,E101,User {user} login successful
18401,2026-01-11,11:41:24,INFO,AuthService,Health check passed: AuthService,E102,Health check passed: {service}
18402,2026-01-11,11:44:15,INFO,OrderProcessor,Transaction tx893446 completed in 579ms,E104,Transaction {tx} completed in {time}ms
18403,2026-01-11,11:46:39,INFO,AuthService,User u2945 login successful,E101,User {user} login successful
18404,2026-01-11,11:22:27,INFO,WebServer,User u4225 login successful,E101,User {user} login successful
18405,2026-01-11,11:42:35,INFO,WebServer,Health check passed: WebServer,E102,Health check passed: {service}
18406,2026-01-11,11:32:15,ERROR,AuthService,Connection refused to AuthService at 10.0.0.45,E501,Connection refused to {service} at {ip}
18407,2026-01-11,11:25:12,INFO,WebServer,User u1860 login successful,E101,User {user} login successful
18408,2026-01-11,11:34:17,INFO,InventoryDB,User u3320 login successful,E101,User {user} login successful
18409,2026-01-11,11:24:12,INFO,InventoryDB,User u2850 login successful,E101,User {user} login successful
18410,2026-01-11,11:24:26,INFO,AuthService,Page view: /home by u1495,E103,Page view: {page} by {user}
18411,2026-01-11,11:55:24,INFO,WebServer,User u3827 login successful,E101,User {user} login successful
18412,2026-01-11,11:47:25,INFO,OrderProcessor,Page view: /home by u1879,E103,Page view: {page} by {user}
18413,2026-01-11,11:36:11,INFO,WebServer,Transaction tx263419 completed in 1275ms,E104,Transaction {tx} completed in {time}ms
18414,2026-01-11,11:00:33,WARN,WebServer,Disk usage > 85% on node node-2,E202,Disk usage > 85% on node {node}
18415,2026-01-11,11:26:25,INFO,AuthService,Transaction tx929036 completed in 1049ms,E104,Transaction {tx} completed in {time}ms
18416,2026-01-11,11:01:58,INFO,PaymentGateway,User u2110 login successful,E101,User {user} login successful
18417,2026-01-11,11:32:15,INFO,WebServer,Transaction tx804827 completed in 1735ms,E104,Transaction {tx} completed in {time}ms
18418,2026-01-11,11:30:45,INFO,AuthService,Page view: /home by u4884,E103,Page view: {page} by {user}
18419,2026-01-11,11:12:31,INFO,PaymentGateway,Page view: /home by u1847,E103,Page view: {page} by {user}
18420,2026-01-11,11:23:26,INFO,AuthService,Page view: /home by u3515,E103,Page view: {page} by {user}
18421,2026-01-11,11:10:16,INFO,AuthService,Health check passed: AuthService,E102,Health check passed: {service}
18422,2026-01-11,11:20:52,INFO,PaymentGateway,Page view: /home by u4268,E103,Page view: {page} by {user}
18423,2026-01-11,11:57:37,INFO,OrderProcessor,Page view: /home by u2989,E103,Page view: {page} by {user}
18424,2026-01-11,11:18:29,INFO,OrderProcessor,Page view: /home by u3569,E103,Page view: {page} by {user}
18425,2026-01-11,11:56:50,INFO,WebServer,Health check passed: WebServer,E102,Health check passed: {service}
18426,2026-01-11,11:40:45,INFO,WebServer,Health check passed: WebServer,E102,Health check passed: {service}
18427,2026-01-11,11:29:39,INFO,WebServer,Health check passed: WebServer,E102,Health check passed: {service}
18428,2026-01-11,11:38:54,INFO,AuthService,Page view: /home by u2949,E103,Page view: {page} by {user}
18429,2026-01-11,11:00:51,INFO,WebServer,User u2477 login successful,E101,User {user} login successful
18430,2026-01-11,11:18:35,INFO,WebServer,Health check passed: WebServer,E102,Health check passed: {service}
18431,2026-01-11,11:11:27,INFO,WebServer,Page view: /home by u3034,E103,Page view: {page} by {user}
18432,2026-01-11,11:58:07,INFO,AuthService,Page view: /home by u3334,E103,Page view: {page} by {user}
18433,2026-01-11,11:23:35,INFO,AuthService,Transaction tx287925 completed in 153ms,E104,Transaction {tx} completed in {time}ms
18434,2026-01-11,11:57:15,INFO,WebServer,Page view: /home by u3323,E103,Page view: {page} by {user}
18435,2026-01-11,11:28:43,WARN,WebServer,High latency (973ms) detected on WebServer,E201,High latency ({time}ms) detected on {service}
18436,2026-01-11,11:48:32,INFO,WebServer,Page view: /home by u3611,E103,Page view: {page} by {user}
18437,2026-01-11,11:48:28,INFO,WebServer,Page view: /home by u2868,E103,Page view: {page} by {user}
18438,2026-01-11,11:49:12,INFO,AuthService,Page view: /home by u3008,E103,Page view: {page} by {user}
18439,2026-01-11,11:05:44,INFO,OrderProcessor,Transaction tx562513 completed in 1134ms,E104,Transaction {tx} completed in {time}ms
18440,2026-01-11,11:28:14,INFO,AuthService,Transaction tx290319 completed in 1719ms,E104,Transaction {tx} completed in {time}ms
18441,2026-01-11,11:56:12,INFO,WebServer,Transaction tx760335 completed in 66ms,E104,Transaction {tx} completed in {time}ms
18442,2026-01-11,11:43:44,INFO,WebServer,User u3950 login successful,E101,User {user} login successful
18443,2026-01-11,11:44:13,INFO,WebServer,Page view: /home by u3122,E103,Page view: {page} by {user}
18444,2026-01-11,11:29:07,INFO,WebServer,Page view: /home by u1597,E103,Page view: {page} by {user}
18445,2026-01-11,11:18:12,INFO,WebServer,Health check passed: WebServer,E102,Health check passed: {service}
18446,2026-01-11,11:03:59,WARN,AuthService,Unauthorized access attempt from 10.0.0.45,E401,Unauthorized access attempt from {ip}
18447,2026-01-11,11:09:59,INFO,WebServer,Page view: /home by u4721,E103,Page view: {page} by {user}
18448,2026-01-11,11:24:13,INFO,WebServer,Health check passed: WebServer,E102,Health check passed: {service}
18449,2026-01-11,11:37:28,INFO,WebServer,Transaction tx271070 completed in 1635ms,E104,Transaction {tx} completed in {time}ms
18450,2026-01-11,11:28:28,INFO,WebServer,Transaction tx302277 completed in 390ms,E104,Transaction {tx} completed in {time}ms
18451,2026-01-11,11:21:16,INFO,AuthService,Health check passed: AuthService,E102,Health check passed: {service}
18452,2026-01-11,11:40:02,INFO,OrderProcessor,Health check passed: OrderProcessor,E102,Health check passed: {service}
18453,2026-01-11,11:16:08,WARN,OrderProcessor,High latency (442ms) detected on OrderProcessor,E201,High latency ({time}ms) detected on {service}
18454,2026-01-11,11:28:45,INFO,AuthService,Page view: /home by u3185,E103,Page view: {page} by {user}
18455,2026-01-11,11:47:05,INFO,WebServer,Health check passed: WebServer,E102,Health check passed: {service}
18456,2026-01-11,11:44:41,INFO,InventoryDB,Transaction tx944459 completed in 271ms,E104,Transaction {tx} completed in {time}ms
18457,2026-01-11,11:52:51,INFO,PaymentGateway,Transaction tx343074 completed in 1624ms,E104,Transaction {tx} completed in {time}ms
18458,2026-01-11,11:44:42,INFO,WebServer,User u1097 login successful,E101,User {user} login successful
18459,2026-01-11,11:21:41,INFO,WebServer,User u4829 login successful,E101,User {user} login successful
18460,2026-01-11,11:15:08,INFO,PaymentGateway,Health check passed: PaymentGateway,E102,Health check passed: {service}
18461,2026-01-11,11:48:38,WARN,OrderProcessor,Disk usage > 85% on node node-1,E202,Disk usage > 85% on node {node}
18462,2026-01-11,11:16:39,INFO,WebServer,User u4126 login successful,E101,User {user} login successful
18463,2026-01-11,11:35:01,INFO,WebServer,Page view: /home by u4268,E103,Page view: {page} by {user}
18464,2026-01-11,11:48:47,INFO,PaymentGateway,Page view: /home by u4980,E103,Page view: {page} by {user}
18465,2026-01-11,11:23:59,INFO,InventoryDB,Health check passed: InventoryDB,E102,Health check passed: {service}
18466,2026-01-11,11:10:35,INFO,WebServer,Page view: /home by u2796,E103,Page view: {page} by {user}
18467,2026-01-11,11:57:32,INFO,AuthService,User u2275 login successful,E101,User {user} login successful
18468,2026-01-11,11:11:56,INFO,AuthService,Health check passed: AuthService,E102,Health check passed: {service}
18469,2026-01-11,11:38:11,INFO,WebServer,Health check passed: WebServer,E102,Health check passed: {service}
18470,2026-01-11,11:59:32,INFO,PaymentGateway,Transaction tx874614 completed in 1403ms,E104,Transaction {tx} completed in {time}ms
18471,2026-01-11,11:57:17,WARN,WebServer,High latency (247ms) detected on WebServer,E201,High latency ({time}ms) detected on {service}
18472,2026-01-11,11:55:17,INFO,WebServer,User u1001 login successful,E101,User {user} login successful
18473,2026-01-11,11:06:49,INFO,OrderProcessor,User u4257 login successful,E101,User {user} login successful
18474,2026-01-11,11:27:58,INFO,AuthService,Page view: /home by u1355,E103,Page view: {page} by {user}
18475,2026-01-11,11:32:29,INFO,AuthService,Transaction tx793545 completed in 1875ms,E104,Transaction {tx} completed in {time}ms
18476,2026-01-11,11:38:28,INFO,WebServer,User u4035 login successful,E101,User {user} login successful
18477,2026-01-11,11:00:38,INFO,WebServer,Health check passed: WebServer,E102,Health check passed: {service}
18478,2026-01-11,11:44:56,INFO,OrderProcessor,User u4047 login successful,E101,User {user} login successful
18479,2026-01-11,11:43:55,INFO,OrderProcessor,User u4312 login successful,E101,User {user} login successful
18480,2026-01-11,11:43:09,INFO,PaymentGateway,Transaction tx951072 completed in 737ms,E104,Transaction {tx} completed in {time}ms
18481,2026-01-11,11:19:58,INFO,WebServer,Transaction tx935302 completed in 1885ms,E104,Transaction {tx} completed in {time}ms
18482,2026-01-11,11:42:16,INFO,WebServer,User u3205 login successful,E101,User {user} login successful
18483,2026-01-11,11:26:12,INFO,WebServer,Health check passed: WebServer,E102,Health check passed: {service}
18484,2026-01-11,11:10:44,INFO,AuthService,Page view: /home by u1218,E103,Page view: {page} by {user}
18485,2026-01-11,11:19:35,INFO,WebServer,Page view: /home by u3829,E103,Page view: {page} by {user}
18486,2026-01-11,11:38:45,INFO,WebServer,User u4072 login successful,E101,User {user} login successful
18487,2026-01-11,11:16:10,INFO,AuthService,Page view: /home by u1023,E103,Page view: {page} by {user}
18488,2026-01-11,11:02:04,INFO,AuthService,Health check passed: AuthService,E102,Health check passed: {service}
18489,2026-01-11,11:03:28,INFO,AuthService,Page view: /home by u3760,E103,Page view: {page} by {user}
18490,2026-01-11,11:14:13,INFO,AuthService,Page view: /home by u4019,E103,Page view: {page} by {user}
18491,2026-01-11,11:49:20,INFO,WebServer,User u4236 login successful,E101,User {user} login successful
18492,2026-01-11,11:27:42,INFO,WebServer,User u4959 login successful,E101,User {user} login successful
18493,2026-01-11,11:50:20,INFO,AuthService,Health check passed: AuthService,E102,Health check passed: {service}
18494,2026-01-11,11:51:16,INFO,WebServer,Health check passed: WebServer,E102,Health check passed: {service}
18495,2026-01-11,11:00:35,INFO,OrderProcessor,Page view: /home by u4522,E103,Page view: {page} by {user}
18496,2026-01-11,11:02:20,INFO,WebServer,Page view: /home by u4861,E103,Page view: {page} by {user}
18497,2026-01-11,11:00:18,INFO,AuthService,Page view: /home by u2126,E103,Page view: {page} by {user}
18498,2026-01-11,11:34:57,INFO,WebServer,User u1059 login successful,E101,User {user} login successful
18499,2026-01-11,11:13:04,INFO,WebServer,User u4165 login successful,E101,User {user} login successful
18500,2026-01-11,11:46:22,INFO,WebServer,Page view: /home by u2240,E103,Page view: {page} by {user}
18501,2026-01-11,11:04:31,INFO,WebServer,Transaction tx677387 completed in 946ms,E104,Transaction {tx} completed in {time}ms
18502,2026-01-11,11:37:37,INFO,AuthService,Page view: /home by u3778,E103,Page view: {page} by {user}
18503,2026-01-11,11:30:55,INFO,AuthService,User u4012 login successful,E101,User {user} login successful
18504,2026-01-11,11:05:34,INFO,WebServer,Page view: /home by u1973,E103,Page view: {page} by {user}
18505,2026-01-11,11:49:05,WARN,AuthService,Unauthorized access attempt from 10.0.0.45,E401,Unauthorized access attempt from {ip}
18506,2026-01-11,11:05:07,INFO,PaymentGateway,Page view: /home by u3336,E103,Page view: {page} by {user}
18507,2026-01-11,11:56:19,INFO,PaymentGateway,Transaction tx907993 completed in 1692ms,E104,Transaction {tx} completed in {time}ms
18508,2026-01-11,11:05:35,INFO,WebServer,Health check passed: WebServer,E102,Health check passed: {service}
18509,2026-01-11,11:17:17,INFO,InventoryDB,User u1359 login successful,E101,User {user} login successful
18510,2026-01-11,11:37:52,INFO,WebServer,User u4952 login successful,E101,User {user} login successful
18511,2026-01-11,11:50:26,INFO,WebServer,Health check passed: WebServer,E102,Health check passed: {service}
18512,2026-01-11,11:40:33,INFO,OrderProcessor,Page view: /home by u1674,E103,Page view: {page} by {user}
18513,2026-01-11,11:19:26,INFO,WebServer,Health check passed: WebServer,E102,Health check passed: {service}
18514,2026-01-11,11:05:02,INFO,WebServer,User u2921 login successful,E101,User {user} login successful
18515,2026-01-11,11:50:06,INFO,WebServer,Transaction tx705486 completed in 604ms,E104,Transaction {tx} completed in {time}ms
18516,2026-01-11,11:07:22,WARN,AuthService,Disk usage > 85% on node node-5,E202,Disk usage > 85% on node {node}
18517,2026-01-11,11:53:49,INFO,InventoryDB,Page view: /home by u2252,E103,Page view: {page} by {user}
18518,2026-01-11,11:54:52,INFO,WebServer,Transaction tx512631 completed in 1794ms,E104,Transaction {tx} completed in {time}ms
18519,2026-01-11,11:08:56,INFO,WebServer,Transaction tx749979 completed in 1390ms,E104,Transaction {tx} completed in {time}ms
18520,2026-01-11,11:11:55,INFO,InventoryDB,User u1984 login successful,E101,User {user} login successful
18521,2026-01-11,11:39:03,INFO,AuthService,Transaction tx738968 completed in 702ms,E104,Transaction {tx} completed in {time}ms
18522,2026-01-11,11:10:22,INFO,WebServer,User u4432 login successful,E101,User {user} login successful
18523,2026-01-11,11:54:35,INFO,WebServer,Transaction tx516769 completed in 114ms,E104,Transaction {tx} completed in {time}ms
18524,2026-01-11,11:24:35,INFO,WebServer,Page view: /home by u1956,E103,Page view: {page} by {user}
18525,2026-01-11,11:26:16,INFO,WebServer,Transaction tx732855 completed in 510ms,E104,Transaction {tx} completed in {time}ms
18526,2026-01-11,11:39:10,INFO,WebServer,Health check passed: WebServer,E102,Health check passed: {service}
18527,2026-01-11,11:13:43,INFO,WebServer,User u3712 login successful,E101,User {user} login successful
18528,2026-01-11,11:46:30,INFO,PaymentGateway,Health check passed: PaymentGateway,E102,Health check passed: {service}
18529,2026-01-11,11:58:12,INFO,OrderProcessor,Page view: /home by u2827,E103,Page view: {page} by {user}
18530,2026-01-11,11:25:39,INFO,WebServer,Transaction tx506103 completed in 1334ms,E104,Transaction {tx} completed in {time}ms
18531,2026-01-11,11:24:36,INFO,AuthService,Health check passed: AuthService,E102,Health check passed: {service}
18532,2026-01-11,11:58:53,INFO,AuthService,Transaction tx816855 completed in 154ms,E104,Transaction {tx} completed in {time}ms
18533,2026-01-11,11:26:27,INFO,AuthService,Page view: /home by u4196,E103,Page view: {page} by {user}
18534,2026-01-11,11:05:46,INFO,WebServer,Health check passed: WebServer,E102,Health check passed: {service}
18535,2026-01-11,11:06:59,INFO,InventoryDB,Health check passed: InventoryDB,E102,Health check passed: {service}
18536,2026-01-11,11:48:31,INFO,PaymentGateway,User u3593 login successful,E101,User {user} login successful
18537,2026-01-11,11:51:51,INFO,InventoryDB,Page view: /home by u4422,E103,Page view: {page} by {user}
18538,2026-01-11,11:52:13,INFO,WebServer,Health check passed: WebServer,E102,Health check passed: {service}
18539,2026-01-11,11:56:35,INFO,AuthService,Health check passed: AuthService,E102,Health check passed: {service}
18540,2026-01-11,11:49:39,INFO,PaymentGateway,Health check passed: PaymentGateway,E102,Health check passed: {service}
18541,2026-01-11,11:01:38,INFO,WebServer,Transaction tx372843 completed in 1655ms,E104,Transaction {tx} completed in {time}ms
18542,2026-01-11,11:03:52,INFO,WebServer,Transaction tx763096 completed in 1266ms,E104,Transaction {tx} completed in {time}ms
18543,2026-01-11,11:58:32,INFO,AuthService,Transaction tx478082 completed in 1808ms,E104,Transaction {tx} completed in {time}ms
18544,2026-01-11,11:33:58,INFO,WebServer,User u1008 login successful,E101,User {user} login successful
18545,2026-01-11,11:01:33,INFO,WebServer,User u4269 login successful,E101,User {user} login successful
18546,2026-01-11,11:51:53,INFO,OrderProcessor,User u2213 login successful,E101,User {user} login successful
18547,2026-01-11,11:02:58,INFO,OrderProcessor,Page view: /home by u1956,E103,Page view: {page} by {user}
18548,2026-01-11,11:29:03,INFO,OrderProcessor,Page view: /home by u1744,E103,Page view: {page} by {user}
18549,2026-01-11,11:19:16,INFO,WebServer,Page view: /home by u4970,E103,Page view: {page} by {user}
18550,2026-01-11,11:55:36,INFO,PaymentGateway,Health check passed: PaymentGateway,E102,Health check passed: {service}
18551,2026-01-11,11:19:35,INFO,PaymentGateway,User u4844 login successful,E101,User {user} login successful
18552,2026-01-11,11:43:16,INFO,AuthService,Transaction tx228776 completed in 1367ms,E104,Transaction {tx} completed in {time}ms
18553,2026-01-11,11:06:01,INFO,InventoryDB,Page view: /home by u3203,E103,Page view: {page} by {user}
18554,2026-01-11,11:10:08,INFO,WebServer,Transaction tx581279 completed in 253ms,E104,Transaction {tx} completed in {time}ms
18555,2026-01-11,11:27:07,INFO,WebServer,User u2927 login successful,E101,User {user} login successful
18556,2026-01-11,11:37:54,INFO,AuthService,Transaction tx917981 completed in 300ms,E104,Transaction {tx} completed in {time}ms
18557,2026-01-11,11:52:48,INFO,WebServer,Page view: /home by u2188,E103,Page view: {page} by {user}
18558,2026-01-11,11:31:10,INFO,WebServer,User u3803 login successful,E101,User {user} login successful
18559,2026-01-11,11:41:40,INFO,OrderProcessor,Health check passed: OrderProcessor,E102,Health check passed: {service}
18560,2026-01-11,11:06:51,INFO,WebServer,Page view: /home by u3178,E103,Page view: {page} by {user}
18561,2026-01-11,11:10:13,INFO,WebServer,Health check passed: WebServer,E102,Health check passed: {service}
18562,2026-01-11,11:29:26,WARN,AuthService,Disk usage > 85% on node node-5,E202,Disk usage > 85% on node {node}
18563,2026-01-11,11:58:18,INFO,WebServer,Transaction tx715922 completed in 562ms,E104,Transaction {tx} completed in {time}ms
18564,2026-01-11,11:42:09,INFO,WebServer,Transaction tx377390 completed in 1850ms,E104,Transaction {tx} completed in {time}ms
18565,2026-01-11,11:38:57,INFO,WebServer,Health check passed: WebServer,E102,Health check passed: {service}
18566,2026-01-11,11:25:56,INFO,WebServer,User u4282 login successful,E101,User {user} login successful
18567,2026-01-11,11:27:37,INFO,PaymentGateway,Page view: /home by u4011,E103,Page view: {page} by {user}
18568,2026-01-11,11:02:26,INFO,PaymentGateway,Health check passed: PaymentGateway,E102,Health check passed: {service}
18569,2026-01-11,11:02:23,INFO,OrderProcessor,User u1362 login successful,E101,User {user} login successful
18570,2026-01-11,11:15:01,INFO,OrderProcessor,User u3672 login successful,E101,User {user} login successful
18571,2026-01-11,11:13:00,INFO,WebServer,Health check passed: WebServer,E102,Health check passed: {service}
18572,2026-01-11,11:29:31,INFO,WebServer,Page view: /home by u1914,E103,Page view: {page} by {user}
18573,2026-01-11,11:02:16,WARN,OrderProcessor,High latency (1578ms) detected on OrderProcessor,E201,High latency ({time}ms) detected on {service}
18574,2026-01-11,11:39:01,INFO,AuthService,Health check passed: AuthService,E102,Health check passed: {service}
18575,2026-01-11,11:17:14,INFO,OrderProcessor,Health check passed: OrderProcessor,E102,Health check passed: {service}
18576,2026-01-11,11:58:32,INFO,WebServer,User u3094 login successful,E101,User {user} login successful
18577,2026-01-11,11:35:13,INFO,AuthService,Page view: /home by u3527,E103,Page view: {page} by {user}
18578,2026-01-11,11:55:59,INFO,OrderProcessor,Health check passed: OrderProcessor,E102,Health check passed: {service}
18579,2026-01-11,11:20:33,INFO,PaymentGateway,Health check passed: PaymentGateway,E102,Health check passed: {service}
18580,2026-01-11,11:43:26,INFO,WebServer,Transaction tx955377 completed in 71ms,E104,Transaction {tx} completed in {time}ms
18581,2026-01-11,11:07:51,INFO,InventoryDB,User u2390 login successful,E101,User {user} login successful
18582,2026-01-11,11:32:53,INFO,OrderProcessor,Health check passed: OrderProcessor,E102,Health check passed: {service}
18583,2026-01-11,11:50:13,INFO,AuthService,User u4643 login successful,E101,User {user} login successful
18584,2026-01-11,11:09:00,INFO,WebServer,User u4910 login successful,E101,User {user} login successful
18585,2026-01-11,11:28:24,INFO,AuthService,Transaction tx711706 completed in 1178ms,E104,Transaction {tx} completed in {time}ms
18586,2026-01-11,11:36:11,INFO,AuthService,Health check passed: AuthService,E102,Health check passed: {service}
18587,2026-01-11,11:31:09,INFO,WebServer,Transaction tx863022 completed in 682ms,E104,Transaction {tx} completed in {time}ms
18588,2026-01-11,11:23:56,INFO,OrderProcessor,User u2151 login successful,E101,User {user} login successful
18589,2026-01-11,11:26:28,INFO,WebServer,User u1882 login successful,E101,User {user} login successful
18590,2026-01-11,11:48:59,INFO,OrderProcessor,User u2425 login successful,E101,User {user} login successful
18591,2026-01-11,11:56:23,INFO,AuthService,Health check passed: AuthService,E102,Health check passed: {service}
18592,2026-01-11,11:28:22,INFO,WebServer,User u4510 login successful,E101,User {user} login successful
18593,2026-01-11,11:00:00,INFO,InventoryDB,User u3361 login successful,E101,User {user} login successful
18594,2026-01-11,11:17:29,INFO,AuthService,Health check passed: AuthService,E102,Health check passed: {service}
18595,2026-01-11,11:54:18,INFO,WebServer,Page view: /home by u4153,E103,Page view: {page} by {user}
18596,2026-01-11,11:25:45,INFO,WebServer,Page view: /home by u3911,E103,Page view: {page} by {user}
18597,2026-01-11,11:25:57,INFO,WebServer,Transaction tx890773 completed in 1813ms,E104,Transaction {tx} completed in {time}ms
18598,2026-01-11,11:25:11,INFO,WebServer,Health check passed: WebServer,E102,Health check passed: {service}
18599,2026-01-11,11:55:30,INFO,WebServer,User u4812 login successful,E101,User {user} login successful
18600,2026-01-11,11:13:06,INFO,InventoryDB,Transaction tx993374 completed in 713ms,E104,Transaction {tx} completed in {time}ms
18601,2026-01-11,11:48:21,INFO,PaymentGateway,Page view: /home by u4964,E103,Page view: {page} by {user}
18602,2026-01-11,11:12:20,INFO,WebServer,User u4636 login successful,E101,User {user} login successful
18603,2026-01-11,11:03:30,INFO,AuthService,Transaction tx684204 completed in 1910ms,E104,Transaction {tx} completed in {time}ms
18604,2026-01-11,11:47:08,INFO,WebServer,User u3284 login successful,E101,User {user} login successful
18605,2026-01-11,11:01:02,INFO,AuthService,User u3358 login successful,E101,User {user} login successful
18606,2026-01-11,11:45:36,INFO,InventoryDB,Page view: /home by u4529,E103,Page view: {page} by {user}
18607,2026-01-11,11:42:08,INFO,PaymentGateway,User u2895 login successful,E101,User {user} login successful
18608,2026-01-11,11:40:37,INFO,WebServer,Page view: /home by u1821,E103,Page view: {page} by {user}
18609,2026-01-11,11:10:04,INFO,PaymentGateway,Transaction tx927964 completed in 1005ms,E104,Transaction {tx} completed in {time}ms
18610,2026-01-11,11:31:09,INFO,AuthService,User u4080 login successful,E101,User {user} login successful
18611,2026-01-11,11:44:45,INFO,OrderProcessor,Health check passed: OrderProcessor,E102,Health check passed: {service}
18612,2026-01-11,11:04:02,WARN,WebServer,Disk usage > 85% on node node-4,E202,Disk usage > 85% on node {node}
18613,2026-01-11,11:07:40,INFO,OrderProcessor,Transaction tx275717 completed in 1369ms,E104,Transaction {tx} completed in {time}ms
18614,2026-01-11,11:05:57,WARN,OrderProcessor,Unauthorized access attempt from 10.0.0.88,E401,Unauthorized access attempt from {ip}
18615,2026-01-11,11:45:54,INFO,AuthService,Page view: /home by u4317,E103,Page view: {page} by {user}
18616,2026-01-11,11:59:17,INFO,AuthService,Transaction tx813694 completed in 1748ms,E104,Transaction {tx} completed in {time}ms
18617,2026-01-11,11:29:33,INFO,WebServer,Transaction tx188009 completed in 446ms,E104,Transaction {tx} completed in {time}ms
18618,2026-01-11,11:18:38,INFO,WebServer,Page view: /home by u4603,E103,Page view: {page} by {user}
18619,2026-01-11,11:20:58,ERROR,OrderProcessor,Payment declined: Gateway unavailable,E503,Payment declined: Gateway unavailable
18620,2026-01-11,11:31:57,INFO,WebServer,Health check passed: WebServer,E102,Health check passed: {service}
18621,2026-01-11,11:26:37,INFO,WebServer,Health check passed: WebServer,E102,Health check passed: {service}
18622,2026-01-11,11:22:44,INFO,AuthService,Page view: /home by u3452,E103,Page view: {page} by {user}
18623,2026-01-11,11:19:27,INFO,AuthService,User u1475 login successful,E101,User {user} login successful
18624,2026-01-11,11:43:41,INFO,WebServer,Health check passed: WebServer,E102,Health check passed: {service}
18625,2026-01-11,11:49:44,INFO,OrderProcessor,User u4900 login successful,E101,User {user} login successful
18626,2026-01-11,11:09:33,INFO,WebServer,User u2569 login successful,E101,User {user} login successful
18627,2026-01-11,11:46:27,INFO,OrderProcessor,User u1507 login successful,E101,User {user} login successful
18628,2026-01-11,11:08:22,INFO,WebServer,Transaction tx780088 completed in 1457ms,E104,Transaction {tx} completed in {time}ms
18629,2026-01-11,11:32:43,INFO,WebServer,Page view: /home by u1454,E103,Page view: {page} by {user}
18630,2026-01-11,11:02:43,INFO,OrderProcessor,Transaction tx613423 completed in 1617ms,E104,Transaction {tx} completed in {time}ms
18631,2026-01-11,11:42:28,INFO,WebServer,User u2563 login successful,E101,User {user} login successful
18632,2026-01-11,11:04:26,WARN,WebServer,High latency (28ms) detected on WebServer,E201,High latency ({time}ms) detected on {service}
18633,2026-01-11,11:57:46,INFO,WebServer,User u2526 login successful,E101,User {user} login successful
18634,2026-01-11,11:29:18,INFO,PaymentGateway,Transaction tx284005 completed in 1946ms,E104,Transaction {tx} completed in {time}ms
18635,2026-01-11,11:18:18,INFO,OrderProcessor,Transaction tx820099 completed in 197ms,E104,Transaction {tx} completed in {time}ms
18636,2026-01-11,11:15:40,INFO,OrderProcessor,User u2681 login successful,E101,User {user} login successful
18637,2026-01-11,11:42:44,INFO,WebServer,Transaction tx359863 completed in 1276ms,E104,Transaction {tx} completed in {time}ms
18638,2026-01-11,11:30:45,ERROR,InventoryDB,Connection refused to InventoryDB at 192.168.1.5,E501,Connection refused to {service} at {ip}
18639,2026-01-11,11:54:39,WARN,AuthService,Unauthorized access attempt from 192.168.1.5,E401,Unauthorized access attempt from {ip}
18640,2026-01-11,11:48:57,INFO,AuthService,Transaction tx739692 completed in 1057ms,E104,Transaction {tx} completed in {time}ms
18641,2026-01-11,11:44:38,INFO,PaymentGateway,Page view: /home by u3117,E103,Page view: {page} by {user}
18642,2026-01-11,11:40:12,WARN,WebServer,Disk usage > 85% on node node-2,E202,Disk usage > 85% on node {node}
18643,2026-01-11,11:34:10,INFO,WebServer,Transaction tx694359 completed in 295ms,E104,Transaction {tx} completed in {time}ms
18644,2026-01-11,11:06:19,INFO,WebServer,Transaction tx189164 completed in 1321ms,E104,Transaction {tx} completed in {time}ms
18645,2026-01-11,11:52:39,INFO,WebServer,Page view: /home by u1257,E103,Page view: {page} by {user}
18646,2026-01-11,11:29:47,ERROR,OrderProcessor,Payment declined: Gateway unavailable,E503,Payment declined: Gateway unavailable
18647,2026-01-11,11:26:01,INFO,WebServer,Health check passed: WebServer,E102,Health check passed: {service}
18648,2026-01-11,11:43:40,INFO,WebServer,Transaction tx333263 completed in 1538ms,E104,Transaction {tx} completed in {time}ms
18649,2026-01-11,11:59:36,INFO,WebServer,User u4333 login successful,E101,User {user} login successful
18650,2026-01-11,11:39:01,INFO,WebServer,User u3257 login successful,E101,User {user} login successful
18651,2026-01-11,11:03:53,INFO,WebServer,Page view: /home by u1077,E103,Page view: {page} by {user}
18652,2026-01-11,11:40:53,WARN,OrderProcessor,High latency (719ms) detected on OrderProcessor,E201,High latency ({time}ms) detected on {service}
18653,2026-01-11,11:55:53,INFO,WebServer,Health check passed: WebServer,E102,Health check passed: {service}
18654,2026-01-11,11:19:22,INFO,OrderProcessor,Health check passed: OrderProcessor,E102,Health check passed: {service}
18655,2026-01-11,11:28:16,INFO,WebServer,Health check passed: WebServer,E102,Health check passed: {service}
18656,2026-01-11,11:46:20,WARN,OrderProcessor,Disk usage > 85% on node node-4,E202,Disk usage > 85% on node {node}
18657,2026-01-11,11:39:17,INFO,PaymentGateway,Page view: /home by u4382,E103,Page view: {page} by {user}
18658,2026-01-11,11:02:30,INFO,WebServer,Transaction tx567179 completed in 1835ms,E104,Transaction {tx} completed in {time}ms
18659,2026-01-11,11:47:19,INFO,WebServer,User u1677 login successful,E101,User {user} login successful
18660,2026-01-11,11:07:09,INFO,PaymentGateway,User u2917 login successful,E101,User {user} login successful
18661,2026-01-11,11:37:43,INFO,InventoryDB,Page view: /home by u1292,E103,Page view: {page} by {user}
18662,2026-01-11,11:34:00,INFO,WebServer,Health check passed: WebServer,E102,Health check passed: {service}
18663,2026-01-11,11:57:08,INFO,WebServer,User u2956 login successful,E101,User {user} login successful
18664,2026-01-11,11:41:12,INFO,WebServer,Page view: /home by u4063,E103,Page view: {page} by {user}
18665,2026-01-11,11:31:32,INFO,WebServer,Health check passed: WebServer,E102,Health check passed: {service}
18666,2026-01-11,11:46:47,INFO,AuthService,Health check passed: AuthService,E102,Health check passed: {service}
18667,2026-01-11,11:02:01,INFO,WebServer,User u2850 login successful,E101,User {user} login successful
18668,2026-01-11,11:10:19,INFO,PaymentGateway,Transaction tx334463 completed in 245ms,E104,Transaction {tx} completed in {time}ms
18669,2026-01-11,11:57:27,INFO,WebServer,Transaction tx857238 completed in 1947ms,E104,Transaction {tx} completed in {time}ms
18670,2026-01-11,11:00:44,INFO,WebServer,Transaction tx172643 completed in 1279ms,E104,Transaction {tx} completed in {time}ms
18671,2026-01-11,11:00:39,INFO,PaymentGateway,Page view: /home by u1424,E103,Page view: {page} by {user}
18672,2026-01-11,11:13:20,INFO,PaymentGateway,Transaction tx156514 completed in 845ms,E104,Transaction {tx} completed in {time}ms
18673,2026-01-11,11:15:11,INFO,AuthService,User u1768 login successful,E101,User {user} login successful
18674,2026-01-11,11:02:17,INFO,OrderProcessor,Page view: /home by u1167,E103,Page view: {page} by {user}
18675,2026-01-11,11:38:04,WARN,WebServer,High latency (1747ms) detected on WebServer,E201,High latency ({time}ms) detected on {service}
18676,2026-01-11,11:13:00,INFO,WebServer,Health check passed: WebServer,E102,Health check passed: {service}
18677,2026-01-11,11:41:06,INFO,PaymentGateway,Health check passed: PaymentGateway,E102,Health check passed: {service}
18678,2026-01-11,11:32:49,INFO,WebServer,Transaction tx798352 completed in 829ms,E104,Transaction {tx} completed in {time}ms
18679,2026-01-11,11:52:35,INFO,AuthService,Health check passed: AuthService,E102,Health check passed: {service}
18680,2026-01-11,11:32:25,INFO,AuthService,Page view: /home by u4679,E103,Page view: {page} by {user}
18681,2026-01-11,11:31:07,INFO,AuthService,User u3440 login successful,E101,User {user} login successful
18682,2026-01-11,11:21:31,INFO,WebServer,Transaction tx392719 completed in 1333ms,E104,Transaction {tx} completed in {time}ms
18683,2026-01-11,11:47:39,INFO,WebServer,Page view: /home by u1356,E103,Page view: {page} by {user}
18684,2026-01-11,11:48:43,INFO,OrderProcessor,Transaction tx206962 completed in 1598ms,E104,Transaction {tx} completed in {time}ms
18685,2026-01-11,11:06:36,INFO,WebServer,Transaction tx806468 completed in 929ms,E104,Transaction {tx} completed in {time}ms
18686,2026-01-11,11:13:45,INFO,WebServer,Transaction tx295642 completed in 1437ms,E104,Transaction {tx} completed in {time}ms
18687,2026-01-11,11:22:29,INFO,WebServer,Health check passed: WebServer,E102,Health check passed: {service}
18688,2026-01-11,11:47:20,INFO,AuthService,Health check passed: AuthService,E102,Health check passed: {service}
18689,2026-01-11,11:07:20,ERROR,WebServer,Connection refused to WebServer at 10.0.0.45,E501,Connection refused to {service} at {ip}
18690,2026-01-11,11:39:33,INFO,OrderProcessor,Page view: /home by u1573,E103,Page view: {page} by {user}
18691,2026-01-11,11:55:01,INFO,WebServer,Transaction tx427303 completed in 1440ms,E104,Transaction {tx} completed in {time}ms
18692,2026-01-11,11:34:50,INFO,WebServer,Page view: /home by u4572,E103,Page view: {page} by {user}
18693,2026-01-11,11:40:03,INFO,WebServer,Transaction tx919047 completed in 666ms,E104,Transaction {tx} completed in {time}ms
18694,2026-01-11,11:35:40,INFO,WebServer,User u2155 login successful,E101,User {user} login successful
18695,2026-01-11,11:58:03,INFO,PaymentGateway,Health check passed: PaymentGateway,E102,Health check passed: {service}
18696,2026-01-11,11:48:58,INFO,WebServer,Health check passed: WebServer,E102,Health check passed: {service}
18697,2026-01-11,11:42:24,INFO,WebServer,Page view: /home by u1572,E103,Page view: {page} by {user}
18698,2026-01-11,11:15:56,WARN,AuthService,Unauthorized access attempt from 10.0.0.10,E401,Unauthorized access attempt from {ip}
18699,2026-01-11,11:55:29,INFO,WebServer,Transaction tx260052 completed in 1180ms,E104,Transaction {tx} completed in {time}ms
18700,2026-01-11,11:30:27,INFO,AuthService,User u4131 login successful,E101,User {user} login successful
18701,2026-01-11,11:00:02,INFO,WebServer,User u3421 login successful,E101,User {user} login successful
18702,2026-01-11,11:39:49,INFO,WebServer,Transaction tx357275 completed in 1939ms,E104,Transaction {tx} completed in {time}ms
18703,2026-01-11,11:22:28,INFO,InventoryDB,Transaction tx823016 completed in 334ms,E104,Transaction {tx} completed in {time}ms
18704,2026-01-11,11:12:58,INFO,AuthService,Page view: /home by u4403,E103,Page view: {page} by {user}
18705,2026-01-11,11:24:42,INFO,WebServer,User u4204 login successful,E101,User {user} login successful
18706,2026-01-11,11:15:58,WARN,WebServer,High latency (1502ms) detected on WebServer,E201,High latency ({time}ms) detected on {service}
18707,2026-01-11,11:50:33,INFO,InventoryDB,Page view: /home by u4567,E103,Page view: {page} by {user}
18708,2026-01-11,11:52:36,INFO,WebServer,Transaction tx916228 completed in 717ms,E104,Transaction {tx} completed in {time}ms
18709,2026-01-11,11:05:48,INFO,WebServer,Transaction tx146590 completed in 1843ms,E104,Transaction {tx} completed in {time}ms
18710,2026-01-11,11:46:25,INFO,AuthService,User u1666 login successful,E101,User {user} login successful
18711,2026-01-11,11:57:08,INFO,WebServer,Health check passed: WebServer,E102,Health check passed: {service}
18712,2026-01-11,11:47:35,INFO,InventoryDB,User u3099 login successful,E101,User {user} login successful
18713,2026-01-11,11:45:51,WARN,AuthService,Unauthorized access attempt from 10.0.0.10,E401,Unauthorized access attempt from {ip}
18714,2026-01-11,11:27:06,INFO,WebServer,Health check passed: WebServer,E102,Health check passed: {service}
18715,2026-01-11,11:28:23,INFO,OrderProcessor,Page view: /home by u4721,E103,Page view: {page} by {user}
18716,2026-01-11,11:00:46,INFO,AuthService,Health check passed: AuthService,E102,Health check passed: {service}
18717,2026-01-11,11:37:38,INFO,AuthService,Page view: /home by u2994,E103,Page view: {page} by {user}
18718,2026-01-11,11:18:48,INFO,WebServer,User u4590 login successful,E101,User {user} login successful
18719,2026-01-11,11:26:00,INFO,OrderProcessor,Page view: /home by u4662,E103,Page view: {page} by {user}
18720,2026-01-11,11:35:03,INFO,WebServer,Health check passed: WebServer,E102,Health check passed: {service}
18721,2026-01-11,11:54:28,INFO,OrderProcessor,Page view: /home by u2457,E103,Page view: {page} by {user}
18722,2026-01-11,11:35:57,INFO,PaymentGateway,Health check passed: PaymentGateway,E102,Health check passed: {service}
18723,2026-01-11,11:36:42,INFO,WebServer,Page view: /home by u2036,E103,Page view: {page} by {user}
18724,2026-01-11,11:24:09,INFO,OrderProcessor,Transaction tx648101 completed in 1553ms,E104,Transaction {tx} completed in {time}ms
18725,2026-01-11,11:18:08,WARN,WebServer,Unauthorized access attempt from 10.0.0.45,E401,Unauthorized access attempt from {ip}
18726,2026-01-11,11:49:08,INFO,WebServer,User u2992 login successful,E101,User {user} login successful
18727,2026-01-11,11:55:51,INFO,AuthService,Transaction tx461984 completed in 1408ms,E104,Transaction {tx} completed in {time}ms
18728,2026-01-11,11:23:57,INFO,WebServer,Transaction tx234555 completed in 1053ms,E104,Transaction {tx} completed in {time}ms
18729,2026-01-11,11:09:18,INFO,OrderProcessor,Health check passed: OrderProcessor,E102,Health check passed: {service}
18730,2026-01-11,11:18:27,INFO,WebServer,Transaction tx900339 completed in 506ms,E104,Transaction {tx} completed in {time}ms
18731,2026-01-11,11:42:30,INFO,WebServer,User u4534 login successful,E101,User {user} login successful
18732,2026-01-11,11:38:18,INFO,WebServer,User u2743 login successful,E101,User {user} login successful
18733,2026-01-11,11:36:04,INFO,WebServer,Health check passed: WebServer,E102,Health check passed: {service}
18734,2026-01-11,11:08:43,INFO,OrderProcessor,Transaction tx173600 completed in 414ms,E104,Transaction {tx} completed in {time}ms
18735,2026-01-11,11:22:30,WARN,AuthService,Disk usage > 85% on node node-5,E202,Disk usage > 85% on node {node}
18736,2026-01-11,11:49:39,INFO,PaymentGateway,User u2158 login successful,E101,User {user} login successful
18737,2026-01-11,11:08:40,INFO,AuthService,User u4108 login successful,E101,User {user} login successful
18738,2026-01-11,11:09:59,INFO,WebServer,Transaction tx356927 completed in 961ms,E104,Transaction {tx} completed in {time}ms
18739,2026-01-11,11:27:29,INFO,WebServer,User u2839 login successful,E101,User {user} login successful
18740,2026-01-11,11:07:37,INFO,WebServer,Transaction tx577723 completed in 621ms,E104,Transaction {tx} completed in {time}ms
18741,2026-01-11,11:58:54,WARN,AuthService,High latency (1051ms) detected on AuthService,E201,High latency ({time}ms) detected on {service}
18742,2026-01-11,11:53:20,INFO,WebServer,Health check passed: WebServer,E102,Health check passed: {service}
18743,2026-01-11,11:24:06,INFO,AuthService,User u2270 login successful,E101,User {user} login successful
18744,2026-01-11,11:46:00,WARN,WebServer,Disk usage > 85% on node node-5,E202,Disk usage > 85% on node {node}
18745,2026-01-11,11:41:23,INFO,AuthService,Transaction tx714223 completed in 1802ms,E104,Transaction {tx} completed in {time}ms
18746,2026-01-11,11:47:02,INFO,WebServer,Health check passed: WebServer,E102,Health check passed: {service}
18747,2026-01-11,11:33:35,INFO,WebServer,Health check passed: WebServer,E102,Health check passed: {service}
18748,2026-01-11,11:41:17,INFO,WebServer,User u1324 login successful,E101,User {user} login successful
18749,2026-01-11,11:38:50,INFO,PaymentGateway,Page view: /home by u3164,E103,Page view: {page} by {user}
18750,2026-01-11,11:58:15,INFO,OrderProcessor,Page view: /home by u1156,E103,Page view: {page} by {user}
18751,2026-01-11,11:19:05,INFO,PaymentGateway,Health check passed: PaymentGateway,E102,Health check passed: {service}
18752,2026-01-11,11:04:57,INFO,PaymentGateway,Page view: /home by u2381,E103,Page view: {page} by {user}
18753,2026-01-11,11:12:01,INFO,PaymentGateway,User u1635 login successful,E101,User {user} login successful
18754,2026-01-11,11:03:48,INFO,OrderProcessor,Page view: /home by u4307,E103,Page view: {page} by {user}
18755,2026-01-11,11:44:54,INFO,AuthService,Transaction tx870994 completed in 837ms,E104,Transaction {tx} completed in {time}ms
18756,2026-01-11,11:27:28,INFO,OrderProcessor,User u4322 login successful,E101,User {user} login successful
18757,2026-01-11,11:08:28,WARN,OrderProcessor,High latency (736ms) detected on OrderProcessor,E201,High latency ({time}ms) detected on {service}
18758,2026-01-11,11:40:40,INFO,AuthService,Transaction tx592234 completed in 1470ms,E104,Transaction {tx} completed in {time}ms
18759,2026-01-11,11:58:19,INFO,OrderProcessor,Page view: /home by u4296,E103,Page view: {page} by {user}
18760,2026-01-11,11:02:32,INFO,WebServer,Health check passed: WebServer,E102,Health check passed: {service}
18761,2026-01-11,11:15:06,INFO,WebServer,Health check passed: WebServer,E102,Health check passed: {service}
18762,2026-01-11,11:55:54,INFO,WebServer,User u2666 login successful,E101,User {user} login successful
18763,2026-01-11,11:57:27,INFO,AuthService,Page view: /home by u3229,E103,Page view: {page} by {user}
18764,2026-01-11,11:48:54,INFO,OrderProcessor,Transaction tx452486 completed in 1630ms,E104,Transaction {tx} completed in {time}ms
18765,2026-01-11,11:40:16,INFO,OrderProcessor,Health check passed: OrderProcessor,E102,Health check passed: {service}
18766,2026-01-11,11:04:02,INFO,WebServer,Transaction tx303355 completed in 416ms,E104,Transaction {tx} completed in {time}ms
18767,2026-01-11,11:58:54,WARN,WebServer,Disk usage > 85% on node node-1,E202,Disk usage > 85% on node {node}
18768,2026-01-11,11:19:04,INFO,WebServer,Transaction tx396438 completed in 282ms,E104,Transaction {tx} completed in {time}ms
18769,2026-01-11,11:22:09,INFO,OrderProcessor,Page view: /home by u3448,E103,Page view: {page} by {user}
18770,2026-01-11,11:31:45,INFO,WebServer,Health check passed: WebServer,E102,Health check passed: {service}
18771,2026-01-11,11:00:07,INFO,WebServer,Page view: /home by u4491,E103,Page view: {page} by {user}
18772,2026-01-11,11:52:51,INFO,WebServer,Transaction tx352085 completed in 932ms,E104,Transaction {tx} completed in {time}ms
18773,2026-01-11,11:18:32,INFO,AuthService,Health check passed: AuthService,E102,Health check passed: {service}
18774,2026-01-11,11:44:20,INFO,WebServer,Transaction tx981734 completed in 1828ms,E104,Transaction {tx} completed in {time}ms
18775,2026-01-11,11:34:42,INFO,InventoryDB,Health check passed: InventoryDB,E102,Health check passed: {service}
18776,2026-01-11,11:32:16,INFO,InventoryDB,Transaction tx779632 completed in 1034ms,E104,Transaction {tx} completed in {time}ms
18777,2026-01-11,11:29:51,INFO,WebServer,Transaction tx920411 completed in 247ms,E104,Transaction {tx} completed in {time}ms
18778,2026-01-11,11:45:27,INFO,OrderProcessor,Transaction tx525920 completed in 595ms,E104,Transaction {tx} completed in {time}ms
18779,2026-01-11,11:59:25,INFO,WebServer,Page view: /home by u4742,E103,Page view: {page} by {user}
18780,2026-01-11,11:57:14,INFO,OrderProcessor,Transaction tx510126 completed in 935ms,E104,Transaction {tx} completed in {time}ms
18781,2026-01-11,11:30:53,INFO,WebServer,User u3868 login successful,E101,User {user} login successful
18782,2026-01-11,11:57:51,INFO,PaymentGateway,User u3858 login successful,E101,User {user} login successful
18783,2026-01-11,11:37:59,INFO,PaymentGateway,User u1841 login successful,E101,User {user} login successful
18784,2026-01-11,11:10:41,INFO,WebServer,User u2454 login successful,E101,User {user} login successful
18785,2026-01-11,11:44:12,INFO,PaymentGateway,Page view: /home by u1002,E103,Page view: {page} by {user}
18786,2026-01-11,11:56:22,INFO,OrderProcessor,Page view: /home by u2762,E103,Page view: {page} by {user}
18787,2026-01-11,11:47:48,INFO,WebServer,Health check passed: WebServer,E102,Health check passed: {service}
18788,2026-01-11,11:28:13,INFO,InventoryDB,Transaction tx357967 completed in 1746ms,E104,Transaction {tx} completed in {time}ms
18789,2026-01-11,11:51:54,CRITICAL,WebServer,KERNEL PANIC: Node node-3 crashed,E601,KERNEL PANIC: Node {node} crashed
18790,2026-01-11,11:02:36,INFO,InventoryDB,Transaction tx129829 completed in 1727ms,E104,Transaction {tx} completed in {time}ms
18791,2026-01-11,11:16:24,INFO,WebServer,Page view: /home by u2207,E103,Page view: {page} by {user}
18792,2026-01-11,11:35:48,INFO,WebServer,Health check passed: WebServer,E102,Health check passed: {service}
18793,2026-01-11,11:56:01,INFO,AuthService,User u2974 login successful,E101,User {user} login successful
18794,2026-01-11,11:40:06,INFO,WebServer,User u2877 login successful,E101,User {user} login successful
18795,2026-01-11,11:45:57,INFO,WebServer,User u4836 login successful,E101,User {user} login successful
18796,2026-01-11,11:17:08,INFO,OrderProcessor,Transaction tx399442 completed in 1902ms,E104,Transaction {tx} completed in {time}ms
18797,2026-01-11,11:01:08,INFO,InventoryDB,Transaction tx963876 completed in 611ms,E104,Transaction {tx} completed in {time}ms
18798,2026-01-11,11:47:05,INFO,WebServer,Transaction tx432558 completed in 1737ms,E104,Transaction {tx} completed in {time}ms
18799,2026-01-11,11:30:12,INFO,AuthService,Transaction tx741955 completed in 800ms,E104,Transaction {tx} completed in {time}ms
18800,2026-01-11,11:31:20,INFO,PaymentGateway,Transaction tx375576 completed in 1336ms,E104,Transaction {tx} completed in {time}ms
18801,2026-01-11,11:26:38,INFO,WebServer,Transaction tx420140 completed in 254ms,E104,Transaction {tx} completed in {time}ms
18802,2026-01-11,11:04:38,INFO,WebServer,User u1025 login successful,E101,User {user} login successful
18803,2026-01-11,11:12:15,INFO,WebServer,User u2240 login successful,E101,User {user} login successful
18804,2026-01-11,11:59:57,INFO,WebServer,Transaction tx960124 completed in 1228ms,E104,Transaction {tx} completed in {time}ms
18805,2026-01-11,11:46:01,INFO,WebServer,Page view: /home by u2726,E103,Page view: {page} by {user}
18806,2026-01-11,11:06:42,INFO,WebServer,Transaction tx754120 completed in 166ms,E104,Transaction {tx} completed in {time}ms
18807,2026-01-11,11:36:02,INFO,WebServer,Page view: /home by u4546,E103,Page view: {page} by {user}
18808,2026-01-11,11:48:04,INFO,AuthService,User u4749 login successful,E101,User {user} login successful
18809,2026-01-11,11:59:29,INFO,WebServer,Health check passed: WebServer,E102,Health check passed: {service}
18810,2026-01-11,11:59:28,INFO,WebServer,Transaction tx289288 completed in 85ms,E104,Transaction {tx} completed in {time}ms
18811,2026-01-11,11:24:32,INFO,WebServer,Page view: /home by u4856,E103,Page view: {page} by {user}
18812,2026-01-11,11:45:53,INFO,WebServer,Health check passed: WebServer,E102,Health check passed: {service}
18813,2026-01-11,11:05:42,INFO,WebServer,Health check passed: WebServer,E102,Health check passed: {service}
18814,2026-01-11,11:30:32,INFO,WebServer,Page view: /home by u3981,E103,Page view: {page} by {user}
18815,2026-01-11,11:12:13,INFO,WebServer,Health check passed: WebServer,E102,Health check passed: {service}
18816,2026-01-11,11:51:48,ERROR,WebServer,Timeout waiting for lock on InventoryDB,E502,Timeout waiting for lock on {db}
18817,2026-01-11,11:08:00,INFO,AuthService,Health check passed: AuthService,E102,Health check passed: {service}
18818,2026-01-11,11:31:11,INFO,AuthService,Transaction tx275085 completed in 1502ms,E104,Transaction {tx} completed in {time}ms
18819,2026-01-11,11:26:57,INFO,AuthService,Transaction tx671035 completed in 1788ms,E104,Transaction {tx} completed in {time}ms
18820,2026-01-11,11:26:10,INFO,WebServer,User u1503 login successful,E101,User {user} login successful
18821,2026-01-11,11:27:06,INFO,PaymentGateway,Health check passed: PaymentGateway,E102,Health check passed: {service}
18822,2026-01-11,11:22:36,WARN,InventoryDB,Unauthorized access attempt from 10.0.0.45,E401,Unauthorized access attempt from {ip}
18823,2026-01-11,11:08:35,INFO,WebServer,User u4406 login successful,E101,User {user} login successful
18824,2026-01-11,11:43:55,INFO,AuthService,Transaction tx553891 completed in 444ms,E104,Transaction {tx} completed in {time}ms
18825,2026-01-11,11:05:00,INFO,WebServer,Page view: /home by u2242,E103,Page view: {page} by {user}
18826,2026-01-11,11:22:46,INFO,WebServer,User u4071 login successful,E101,User {user} login successful
18827,2026-01-11,11:28:46,INFO,AuthService,Health check passed: AuthService,E102,Health check passed: {service}
18828,2026-01-11,11:46:28,INFO,WebServer,User u4508 login successful,E101,User {user} login successful
18829,2026-01-11,11:47:41,INFO,OrderProcessor,Page view: /home by u4396,E103,Page view: {page} by {user}
18830,2026-01-11,11:43:31,INFO,WebServer,User u3734 login successful,E101,User {user} login successful
18831,2026-01-11,11:07:58,INFO,WebServer,Page view: /home by u2842,E103,Page view: {page} by {user}
18832,2026-01-11,11:39:03,INFO,WebServer,Health check passed: WebServer,E102,Health check passed: {service}
18833,2026-01-11,11:21:18,INFO,WebServer,Page view: /home by u3643,E103,Page view: {page} by {user}
18834,2026-01-11,11:11:07,INFO,WebServer,Transaction tx686321 completed in 1921ms,E104,Transaction {tx} completed in {time}ms
18835,2026-01-11,11:44:11,INFO,WebServer,Transaction tx662158 completed in 1016ms,E104,Transaction {tx} completed in {time}ms
18836,2026-01-11,11:38:33,INFO,PaymentGateway,Transaction tx207549 completed in 1723ms,E104,Transaction {tx} completed in {time}ms
18837,2026-01-11,11:48:34,INFO,OrderProcessor,Health check passed: OrderProcessor,E102,Health check passed: {service}
18838,2026-01-11,11:46:44,INFO,WebServer,User u4594 login successful,E101,User {user} login successful
18839,2026-01-11,11:05:28,INFO,WebServer,Transaction tx598933 completed in 1794ms,E104,Transaction {tx} completed in {time}ms
18840,2026-01-11,11:50:31,INFO,PaymentGateway,Health check passed: PaymentGateway,E102,Health check passed: {service}
18841,2026-01-11,11:55:00,INFO,WebServer,User u2928 login successful,E101,User {user} login successful
18842,2026-01-11,11:26:51,WARN,WebServer,High latency (889ms) detected on WebServer,E201,High latency ({time}ms) detected on {service}
18843,2026-01-11,11:00:26,INFO,WebServer,Transaction tx397937 completed in 1528ms,E104,Transaction {tx} completed in {time}ms
18844,2026-01-11,11:51:56,INFO,WebServer,Transaction tx276205 completed in 339ms,E104,Transaction {tx} completed in {time}ms
18845,2026-01-11,11:54:18,INFO,WebServer,User u1517 login successful,E101,User {user} login successful
18846,2026-01-11,11:11:45,INFO,OrderProcessor,User u2297 login successful,E101,User {user} login successful
18847,2026-01-11,11:14:28,INFO,WebServer,Page view: /home by u4305,E103,Page view: {page} by {user}
18848,2026-01-11,11:37:21,INFO,WebServer,Page view: /home by u1410,E103,Page view: {page} by {user}
18849,2026-01-11,11:21:38,INFO,WebServer,Transaction tx354675 completed in 1067ms,E104,Transaction {tx} completed in {time}ms
18850,2026-01-11,11:30:18,INFO,AuthService,Transaction tx986926 completed in 1389ms,E104,Transaction {tx} completed in {time}ms
18851,2026-01-11,11:49:28,INFO,PaymentGateway,Health check passed: PaymentGateway,E102,Health check passed: {service}
18852,2026-01-11,11:45:38,INFO,OrderProcessor,Transaction tx887490 completed in 53ms,E104,Transaction {tx} completed in {time}ms
18853,2026-01-11,11:42:01,INFO,WebServer,Page view: /home by u2300,E103,Page view: {page} by {user}
18854,2026-01-11,11:38:18,INFO,WebServer,Page view: /home by u3705,E103,Page view: {page} by {user}
18855,2026-01-11,11:32:23,INFO,WebServer,Page view: /home by u3178,E103,Page view: {page} by {user}
18856,2026-01-11,11:55:43,INFO,WebServer,Health check passed: WebServer,E102,Health check passed: {service}
18857,2026-01-11,11:28:00,INFO,WebServer,User u3329 login successful,E101,User {user} login successful
18858,2026-01-11,11:00:01,INFO,PaymentGateway,User u3504 login successful,E101,User {user} login successful
18859,2026-01-11,11:56:19,INFO,WebServer,Health check passed: WebServer,E102,Health check passed: {service}
18860,2026-01-11,11:20:07,INFO,OrderProcessor,Health check passed: OrderProcessor,E102,Health check passed: {service}
18861,2026-01-11,11:17:00,INFO,AuthService,Health check passed: AuthService,E102,Health check passed: {service}
18862,2026-01-11,11:07:12,INFO,PaymentGateway,Transaction tx725625 completed in 1803ms,E104,Transaction {tx} completed in {time}ms
18863,2026-01-11,11:10:43,INFO,WebServer,Health check passed: WebServer,E102,Health check passed: {service}
18864,2026-01-11,11:56:22,INFO,OrderProcessor,Health check passed: OrderProcessor,E102,Health check passed: {service}
18865,2026-01-11,11:30:09,INFO,WebServer,User u3888 login successful,E101,User {user} login successful
18866,2026-01-11,11:11:22,INFO,OrderProcessor,User u2785 login successful,E101,User {user} login successful
18867,2026-01-11,11:37:04,INFO,OrderProcessor,Page view: /home by u2438,E103,Page view: {page} by {user}
18868,2026-01-11,11:10:00,INFO,WebServer,User u4971 login successful,E101,User {user} login successful
18869,2026-01-11,11:46:05,INFO,WebServer,Transaction tx856974 completed in 152ms,E104,Transaction {tx} completed in {time}ms
18870,2026-01-11,11:27:04,INFO,WebServer,User u2945 login successful,E101,User {user} login successful
18871,2026-01-11,11:41:02,INFO,WebServer,Page view: /home by u1671,E103,Page view: {page} by {user}
18872,2026-01-11,11:29:43,INFO,AuthService,Transaction tx339019 completed in 1699ms,E104,Transaction {tx} completed in {time}ms
18873,2026-01-11,11:00:55,INFO,WebServer,User u1629 login successful,E101,User {user} login successful
18874,2026-01-11,11:31:10,INFO,PaymentGateway,Health check passed: PaymentGateway,E102,Health check passed: {service}
18875,2026-01-11,11:40:48,INFO,WebServer,Health check passed: WebServer,E102,Health check passed: {service}
18876,2026-01-11,11:36:52,INFO,OrderProcessor,User u1876 login successful,E101,User {user} login successful
18877,2026-01-11,11:50:50,INFO,WebServer,Page view: /home by u1782,E103,Page view: {page} by {user}
18878,2026-01-11,11:07:36,INFO,WebServer,Page view: /home by u1225,E103,Page view: {page} by {user}
18879,2026-01-11,11:09:38,INFO,PaymentGateway,Page view: /home by u3967,E103,Page view: {page} by {user}
18880,2026-01-11,11:49:08,INFO,OrderProcessor,Page view: /home by u2107,E103,Page view: {page} by {user}
18881,2026-01-11,11:37:43,WARN,WebServer,High latency (1380ms) detected on WebServer,E201,High latency ({time}ms) detected on {service}
18882,2026-01-11,11:50:24,INFO,WebServer,Health check passed: WebServer,E102,Health check passed: {service}
18883,2026-01-11,11:02:25,INFO,WebServer,Transaction tx139067 completed in 1088ms,E104,Transaction {tx} completed in {time}ms
18884,2026-01-11,11:42:21,INFO,WebServer,User u4358 login successful,E101,User {user} login successful
18885,2026-01-11,11:52:54,INFO,PaymentGateway,Page view: /home by u2486,E103,Page view: {page} by {user}
18886,2026-01-11,11:40:38,INFO,AuthService,Page view: /home by u4681,E103,Page view: {page} by {user}
18887,2026-01-11,11:47:29,INFO,AuthService,Transaction tx954622 completed in 747ms,E104,Transaction {tx} completed in {time}ms
18888,2026-01-11,11:22:17,INFO,WebServer,Transaction tx557335 completed in 72ms,E104,Transaction {tx} completed in {time}ms
18889,2026-01-11,11:14:34,WARN,InventoryDB,Disk usage > 85% on node node-3,E202,Disk usage > 85% on node {node}
18890,2026-01-11,11:17:15,INFO,OrderProcessor,User u1889 login successful,E101,User {user} login successful
18891,2026-01-11,11:08:49,INFO,WebServer,Transaction tx748442 completed in 924ms,E104,Transaction {tx} completed in {time}ms
18892,2026-01-11,11:49:02,INFO,WebServer,Health check passed: WebServer,E102,Health check passed: {service}
18893,2026-01-11,11:24:33,ERROR,OrderProcessor,Connection refused to OrderProcessor at 10.0.0.45,E501,Connection refused to {service} at {ip}
18894,2026-01-11,11:02:03,INFO,WebServer,User u2758 login successful,E101,User {user} login successful
18895,2026-01-11,11:11:04,INFO,WebServer,Transaction tx181509 completed in 1226ms,E104,Transaction {tx} completed in {time}ms
18896,2026-01-11,11:14:28,INFO,AuthService,Page view: /home by u4637,E103,Page view: {page} by {user}
18897,2026-01-11,11:50:48,INFO,WebServer,Page view: /home by u3862,E103,Page view: {page} by {user}
18898,2026-01-11,11:25:50,INFO,WebServer,Transaction tx427219 completed in 656ms,E104,Transaction {tx} completed in {time}ms
18899,2026-01-11,11:08:48,INFO,WebServer,Page view: /home by u4237,E103,Page view: {page} by {user}
18900,2026-01-11,11:18:00,INFO,WebServer,Page view: /home by u4029,E103,Page view: {page} by {user}
18901,2026-01-11,11:26:04,INFO,AuthService,Transaction tx523336 completed in 1585ms,E104,Transaction {tx} completed in {time}ms
18902,2026-01-11,11:59:00,INFO,WebServer,Health check passed: WebServer,E102,Health check passed: {service}
18903,2026-01-11,11:16:41,INFO,AuthService,Page view: /home by u2987,E103,Page view: {page} by {user}
18904,2026-01-11,11:45:40,INFO,WebServer,Health check passed: WebServer,E102,Health check passed: {service}
18905,2026-01-11,11:44:01,INFO,WebServer,Health check passed: WebServer,E102,Health check passed: {service}
18906,2026-01-11,11:22:08,INFO,WebServer,Transaction tx216462 completed in 1742ms,E104,Transaction {tx} completed in {time}ms
18907,2026-01-11,11:10:57,INFO,AuthService,Health check passed: AuthService,E102,Health check passed: {service}
18908,2026-01-11,11:01:40,INFO,OrderProcessor,Page view: /home by u4752,E103,Page view: {page} by {user}
18909,2026-01-11,11:43:22,INFO,InventoryDB,User u1699 login successful,E101,User {user} login successful
18910,2026-01-11,11:08:20,WARN,OrderProcessor,Unauthorized access attempt from 10.0.0.45,E401,Unauthorized access attempt from {ip}
18911,2026-01-11,11:18:21,INFO,PaymentGateway,Health check passed: PaymentGateway,E102,Health check passed: {service}
18912,2026-01-11,11:23:15,INFO,WebServer,Transaction tx486843 completed in 1096ms,E104,Transaction {tx} completed in {time}ms
18913,2026-01-11,11:11:01,INFO,WebServer,Health check passed: WebServer,E102,Health check passed: {service}
18914,2026-01-11,11:36:57,INFO,WebServer,Health check passed: WebServer,E102,Health check passed: {service}
18915,2026-01-11,11:06:08,INFO,PaymentGateway,Page view: /home by u2546,E103,Page view: {page} by {user}
18916,2026-01-11,11:45:57,WARN,PaymentGateway,High latency (73ms) detected on PaymentGateway,E201,High latency ({time}ms) detected on {service}
18917,2026-01-11,11:26:35,INFO,WebServer,Page view: /home by u1397,E103,Page view: {page} by {user}
18918,2026-01-11,11:41:47,INFO,WebServer,Transaction tx651847 completed in 531ms,E104,Transaction {tx} completed in {time}ms
18919,2026-01-11,11:04:43,INFO,WebServer,Transaction tx582429 completed in 537ms,E104,Transaction {tx} completed in {time}ms
18920,2026-01-11,11:52:28,INFO,WebServer,User u2262 login successful,E101,User {user} login successful
18921,2026-01-11,11:56:05,INFO,OrderProcessor,Transaction tx146470 completed in 138ms,E104,Transaction {tx} completed in {time}ms
18922,2026-01-11,11:03:57,INFO,WebServer,User u3627 login successful,E101,User {user} login successful
18923,2026-01-11,11:16:12,INFO,AuthService,Health check passed: AuthService,E102,Health check passed: {service}
18924,2026-01-11,11:22:43,INFO,WebServer,Transaction tx714490 completed in 1532ms,E104,Transaction {tx} completed in {time}ms
18925,2026-01-11,11:00:48,INFO,WebServer,Transaction tx589853 completed in 1550ms,E104,Transaction {tx} completed in {time}ms
18926,2026-01-11,11:43:55,INFO,AuthService,Health check passed: AuthService,E102,Health check passed: {service}
18927,2026-01-11,11:39:43,INFO,WebServer,Health check passed: WebServer,E102,Health check passed: {service}
18928,2026-01-11,11:31:01,WARN,WebServer,Disk usage > 85% on node node-2,E202,Disk usage > 85% on node {node}
18929,2026-01-11,11:08:32,INFO,OrderProcessor,Transaction tx404709 completed in 794ms,E104,Transaction {tx} completed in {time}ms
18930,2026-01-11,11:58:27,INFO,WebServer,Page view: /home by u2731,E103,Page view: {page} by {user}
18931,2026-01-11,11:00:20,INFO,AuthService,Transaction tx514864 completed in 855ms,E104,Transaction {tx} completed in {time}ms
18932,2026-01-11,11:14:01,INFO,WebServer,Health check passed: WebServer,E102,Health check passed: {service}
18933,2026-01-11,11:00:04,INFO,OrderProcessor,Transaction tx615766 completed in 1812ms,E104,Transaction {tx} completed in {time}ms
18934,2026-01-11,11:30:35,INFO,WebServer,Transaction tx811926 completed in 2000ms,E104,Transaction {tx} completed in {time}ms
18935,2026-01-11,11:00:36,INFO,WebServer,Page view: /home by u4079,E103,Page view: {page} by {user}
18936,2026-01-11,11:54:13,INFO,WebServer,Health check passed: WebServer,E102,Health check passed: {service}
18937,2026-01-11,11:39:45,INFO,WebServer,Health check passed: WebServer,E102,Health check passed: {service}
18938,2026-01-11,11:55:39,INFO,WebServer,Page view: /home by u4471,E103,Page view: {page} by {user}
18939,2026-01-11,11:37:58,INFO,AuthService,Transaction tx925306 completed in 188ms,E104,Transaction {tx} completed in {time}ms
18940,2026-01-11,11:42:56,INFO,WebServer,User u1352 login successful,E101,User {user} login successful
18941,2026-01-11,11:20:09,INFO,AuthService,Transaction tx479300 completed in 496ms,E104,Transaction {tx} completed in {time}ms
18942,2026-01-11,11:10:31,INFO,WebServer,Page view: /home by u3410,E103,Page view: {page} by {user}
18943,2026-01-11,11:42:47,INFO,AuthService,User u1375 login successful,E101,User {user} login successful
18944,2026-01-11,11:18:36,INFO,OrderProcessor,Page view: /home by u4550,E103,Page view: {page} by {user}
18945,2026-01-11,11:03:06,INFO,WebServer,Health check passed: WebServer,E102,Health check passed: {service}
18946,2026-01-11,11:00:53,INFO,OrderProcessor,User u3805 login successful,E101,User {user} login successful
18947,2026-01-11,11:16:24,INFO,WebServer,Page view: /home by u2753,E103,Page view: {page} by {user}
18948,2026-01-11,11:55:20,INFO,WebServer,User u3816 login successful,E101,User {user} login successful
18949,2026-01-11,11:04:49,INFO,AuthService,Page view: /home by u3888,E103,Page view: {page} by {user}
18950,2026-01-11,11:10:08,INFO,AuthService,Page view: /home by u2185,E103,Page view: {page} by {user}
18951,2026-01-11,11:50:55,INFO,WebServer,Transaction tx599714 completed in 850ms,E104,Transaction {tx} completed in {time}ms
18952,2026-01-11,11:50:03,INFO,AuthService,Transaction tx444961 completed in 871ms,E104,Transaction {tx} completed in {time}ms
18953,2026-01-11,11:35:58,INFO,WebServer,Transaction tx760313 completed in 1926ms,E104,Transaction {tx} completed in {time}ms
18954,2026-01-11,11:26:06,INFO,AuthService,Transaction tx200755 completed in 623ms,E104,Transaction {tx} completed in {time}ms
18955,2026-01-11,11:17:27,INFO,WebServer,Transaction tx168557 completed in 1218ms,E104,Transaction {tx} completed in {time}ms
18956,2026-01-11,11:43:44,INFO,WebServer,Health check passed: WebServer,E102,Health check passed: {service}
18957,2026-01-11,11:41:16,INFO,AuthService,Transaction tx322201 completed in 1991ms,E104,Transaction {tx} completed in {time}ms
18958,2026-01-11,11:05:25,WARN,AuthService,High latency (1402ms) detected on AuthService,E201,High latency ({time}ms) detected on {service}
18959,2026-01-11,11:14:30,INFO,WebServer,Page view: /home by u1123,E103,Page view: {page} by {user}
18960,2026-01-11,11:27:52,INFO,WebServer,Health check passed: WebServer,E102,Health check passed: {service}
18961,2026-01-11,11:01:46,INFO,PaymentGateway,User u3400 login successful,E101,User {user} login successful
18962,2026-01-11,11:43:47,INFO,WebServer,Health check passed: WebServer,E102,Health check passed: {service}
18963,2026-01-11,11:29:01,INFO,AuthService,Transaction tx644596 completed in 698ms,E104,Transaction {tx} completed in {time}ms
18964,2026-01-11,11:17:06,INFO,WebServer,Transaction tx505881 completed in 778ms,E104,Transaction {tx} completed in {time}ms
18965,2026-01-11,11:44:13,INFO,PaymentGateway,User u2296 login successful,E101,User {user} login successful
18966,2026-01-11,11:21:43,INFO,PaymentGateway,Page view: /home by u1565,E103,Page view: {page} by {user}
18967,2026-01-11,11:54:21,INFO,OrderProcessor,Health check passed: OrderProcessor,E102,Health check passed: {service}
18968,2026-01-11,11:37:05,INFO,PaymentGateway,User u2288 login successful,E101,User {user} login successful
18969,2026-01-11,11:21:07,INFO,WebServer,Health check passed: WebServer,E102,Health check passed: {service}
18970,2026-01-11,11:21:28,INFO,AuthService,User u2279 login successful,E101,User {user} login successful
18971,2026-01-11,11:13:17,INFO,AuthService,Page view: /home by u1269,E103,Page view: {page} by {user}
18972,2026-01-11,11:09:50,INFO,WebServer,User u2189 login successful,E101,User {user} login successful
18973,2026-01-11,11:41:49,INFO,InventoryDB,User u3989 login successful,E101,User {user} login successful
18974,2026-01-11,11:48:42,INFO,WebServer,Health check passed: WebServer,E102,Health check passed: {service}
18975,2026-01-11,11:22:24,INFO,AuthService,Transaction tx126327 completed in 1220ms,E104,Transaction {tx} completed in {time}ms
18976,2026-01-11,11:54:11,INFO,AuthService,Health check passed: AuthService,E102,Health check passed: {service}
18977,2026-01-11,11:48:47,INFO,PaymentGateway,Health check passed: PaymentGateway,E102,Health check passed: {service}
18978,2026-01-11,11:52:17,INFO,WebServer,User u4438 login successful,E101,User {user} login successful
18979,2026-01-11,11:32:29,INFO,WebServer,User u2338 login successful,E101,User {user} login successful
18980,2026-01-11,11:02:30,INFO,WebServer,Page view: /home by u2747,E103,Page view: {page} by {user}
18981,2026-01-11,11:00:12,INFO,WebServer,Transaction tx348944 completed in 615ms,E104,Transaction {tx} completed in {time}ms
18982,2026-01-11,11:05:02,INFO,InventoryDB,User u2489 login successful,E101,User {user} login successful
18983,2026-01-11,11:10:18,INFO,WebServer,Page view: /home by u4887,E103,Page view: {page} by {user}
18984,2026-01-11,11:05:17,INFO,WebServer,Page view: /home by u4218,E103,Page view: {page} by {user}
18985,2026-01-11,11:22:34,INFO,PaymentGateway,Page view: /home by u3588,E103,Page view: {page} by {user}
18986,2026-01-11,11:30:13,INFO,AuthService,Transaction tx536795 completed in 371ms,E104,Transaction {tx} completed in {time}ms
18987,2026-01-11,11:37:51,INFO,InventoryDB,Page view: /home by u1051,E103,Page view: {page} by {user}
18988,2026-01-11,11:24:58,INFO,WebServer,User u2577 login successful,E101,User {user} login successful
18989,2026-01-11,11:37:15,INFO,OrderProcessor,Health check passed: OrderProcessor,E102,Health check passed: {service}
18990,2026-01-11,11:25:10,INFO,AuthService,User u4228 login successful,E101,User {user} login successful
18991,2026-01-11,11:52:48,INFO,WebServer,User u4989 login successful,E101,User {user} login successful
18992,2026-01-11,11:19:25,INFO,WebServer,User u1512 login successful,E101,User {user} login successful
18993,2026-01-11,11:22:23,INFO,AuthService,Transaction tx519805 completed in 384ms,E104,Transaction {tx} completed in {time}ms
18994,2026-01-11,11:20:41,INFO,AuthService,Transaction tx370671 completed in 1738ms,E104,Transaction {tx} completed in {time}ms
18995,2026-01-11,11:15:28,INFO,AuthService,Page view: /home by u2631,E103,Page view: {page} by {user}
18996,2026-01-11,11:11:57,INFO,OrderProcessor,User u1311 login successful,E101,User {user} login successful
18997,2026-01-11,11:06:03,INFO,WebServer,Page view: /home by u2584,E103,Page view: {page} by {user}
18998,2026-01-11,11:11:59,INFO,AuthService,User u2611 login successful,E101,User {user} login successful
18999,2026-01-11,11:00:23,INFO,WebServer,Page view: /home by u4409,E103,Page view: {page} by {user}
19000,2026-01-11,11:26:22,INFO,OrderProcessor,Page view: /home by u4644,E103,Page view: {page} by {user}
19001,2026-01-11,11:05:48,INFO,WebServer,Page view: /home by u1133,E103,Page view: {page} by {user}
19002,2026-01-11,11:15:51,INFO,OrderProcessor,Health check passed: OrderProcessor,E102,Health check passed: {service}
19003,2026-01-11,11:50:34,INFO,WebServer,Health check passed: WebServer,E102,Health check passed: {service}
19004,2026-01-11,11:30:19,INFO,WebServer,Page view: /home by u4644,E103,Page view: {page} by {user}
19005,2026-01-11,11:20:12,INFO,OrderProcessor,Transaction tx479798 completed in 147ms,E104,Transaction {tx} completed in {time}ms
19006,2026-01-11,11:16:52,INFO,WebServer,User u3013 login successful,E101,User {user} login successful
19007,2026-01-11,11:14:02,INFO,OrderProcessor,Page view: /home by u1771,E103,Page view: {page} by {user}
19008,2026-01-11,11:46:59,INFO,AuthService,User u4022 login successful,E101,User {user} login successful
19009,2026-01-11,11:07:34,INFO,WebServer,Page view: /home by u2263,E103,Page view: {page} by {user}
19010,2026-01-11,11:32:35,INFO,AuthService,Page view: /home by u3026,E103,Page view: {page} by {user}
19011,2026-01-11,11:54:07,INFO,AuthService,Page view: /home by u4459,E103,Page view: {page} by {user}
19012,2026-01-11,11:27:39,INFO,AuthService,Health check passed: AuthService,E102,Health check passed: {service}
19013,2026-01-11,11:48:41,WARN,InventoryDB,Disk usage > 85% on node node-1,E202,Disk usage > 85% on node {node}
19014,2026-01-11,11:57:34,INFO,WebServer,Health check passed: WebServer,E102,Health check passed: {service}
19015,2026-01-11,11:30:06,INFO,WebServer,Transaction tx552259 completed in 1692ms,E104,Transaction {tx} completed in {time}ms
19016,2026-01-11,11:13:40,INFO,WebServer,Transaction tx626925 completed in 996ms,E104,Transaction {tx} completed in {time}ms
19017,2026-01-11,11:29:18,INFO,WebServer,Page view: /home by u1004,E103,Page view: {page} by {user}
19018,2026-01-11,11:12:24,INFO,OrderProcessor,User u1690 login successful,E101,User {user} login successful
19019,2026-01-11,11:40:37,INFO,InventoryDB,User u2755 login successful,E101,User {user} login successful
19020,2026-01-11,11:48:31,WARN,WebServer,Disk usage > 85% on node node-5,E202,Disk usage > 85% on node {node}
19021,2026-01-11,11:23:56,INFO,OrderProcessor,Transaction tx115349 completed in 1188ms,E104,Transaction {tx} completed in {time}ms
19022,2026-01-11,11:41:03,INFO,AuthService,Page view: /home by u2803,E103,Page view: {page} by {user}
19023,2026-01-11,11:57:21,INFO,OrderProcessor,User u4896 login successful,E101,User {user} login successful
19024,2026-01-11,11:49:53,INFO,PaymentGateway,Transaction tx486779 completed in 1168ms,E104,Transaction {tx} completed in {time}ms
19025,2026-01-11,11:47:15,INFO,AuthService,Page view: /home by u2467,E103,Page view: {page} by {user}
19026,2026-01-11,11:16:58,INFO,AuthService,Transaction tx209721 completed in 1687ms,E104,Transaction {tx} completed in {time}ms
19027,2026-01-11,11:49:34,INFO,PaymentGateway,Page view: /home by u3489,E103,Page view: {page} by {user}
19028,2026-01-11,11:48:10,INFO,WebServer,User u4920 login successful,E101,User {user} login successful
19029,2026-01-11,11:02:55,INFO,OrderProcessor,Transaction tx178602 completed in 1332ms,E104,Transaction {tx} completed in {time}ms
19030,2026-01-11,11:32:07,INFO,PaymentGateway,Health check passed: PaymentGateway,E102,Health check passed: {service}
19031,2026-01-11,11:50:28,INFO,OrderProcessor,Page view: /home by u1988,E103,Page view: {page} by {user}
19032,2026-01-11,11:08:05,INFO,OrderProcessor,User u1449 login successful,E101,User {user} login successful
19033,2026-01-11,11:17:35,INFO,WebServer,Transaction tx333024 completed in 120ms,E104,Transaction {tx} completed in {time}ms
19034,2026-01-11,11:39:37,WARN,WebServer,High latency (675ms) detected on WebServer,E201,High latency ({time}ms) detected on {service}
19035,2026-01-11,11:11:16,WARN,OrderProcessor,High latency (1648ms) detected on OrderProcessor,E201,High latency ({time}ms) detected on {service}
19036,2026-01-11,11:21:32,INFO,WebServer,Transaction tx196456 completed in 1219ms,E104,Transaction {tx} completed in {time}ms
19037,2026-01-11,11:32:31,INFO,AuthService,Page view: /home by u3154,E103,Page view: {page} by {user}
19038,2026-01-11,11:05:42,WARN,AuthService,Disk usage > 85% on node node-3,E202,Disk usage > 85% on node {node}
19039,2026-01-11,11:12:45,INFO,WebServer,Health check passed: WebServer,E102,Health check passed: {service}
19040,2026-01-11,11:31:00,INFO,InventoryDB,Page view: /home by u4253,E103,Page view: {page} by {user}
19041,2026-01-11,11:54:39,CRITICAL,WebServer,DATA CORRUPTION detected in sector 729,E602,DATA CORRUPTION detected in sector {sector}
19042,2026-01-11,11:57:30,INFO,WebServer,Health check passed: WebServer,E102,Health check passed: {service}
19043,2026-01-11,11:46:02,INFO,WebServer,User u2243 login successful,E101,User {user} login successful
19044,2026-01-11,11:12:58,INFO,WebServer,User u3020 login successful,E101,User {user} login successful
19045,2026-01-11,11:22:50,INFO,InventoryDB,User u3829 login successful,E101,User {user} login successful
19046,2026-01-11,11:10:04,INFO,PaymentGateway,Transaction tx463442 completed in 237ms,E104,Transaction {tx} completed in {time}ms
19047,2026-01-11,11:13:37,INFO,WebServer,User u4727 login successful,E101,User {user} login successful
19048,2026-01-11,11:51:24,INFO,WebServer,Page view: /home by u1376,E103,Page view: {page} by {user}
19049,2026-01-11,11:49:40,INFO,WebServer,User u3695 login successful,E101,User {user} login successful
19050,2026-01-11,11:14:20,INFO,WebServer,User u3243 login successful,E101,User {user} login successful
19051,2026-01-11,11:05:23,INFO,OrderProcessor,User u2108 login successful,E101,User {user} login successful
19052,2026-01-11,11:57:49,WARN,WebServer,High latency (507ms) detected on WebServer,E201,High latency ({time}ms) detected on {service}
19053,2026-01-11,11:27:57,INFO,WebServer,Transaction tx234886 completed in 1132ms,E104,Transaction {tx} completed in {time}ms
19054,2026-01-11,11:49:28,INFO,AuthService,Transaction tx795446 completed in 675ms,E104,Transaction {tx} completed in {time}ms
19055,2026-01-11,11:53:17,INFO,WebServer,Transaction tx885822 completed in 1083ms,E104,Transaction {tx} completed in {time}ms
19056,2026-01-11,11:26:51,INFO,WebServer,Health check passed: WebServer,E102,Health check passed: {service}
19057,2026-01-11,11:50:21,INFO,PaymentGateway,Health check passed: PaymentGateway,E102,Health check passed: {service}
19058,2026-01-11,11:24:14,INFO,WebServer,Transaction tx237618 completed in 1164ms,E104,Transaction {tx} completed in {time}ms
19059,2026-01-11,11:37:52,INFO,WebServer,Page view: /home by u2649,E103,Page view: {page} by {user}
19060,2026-01-11,11:42:03,WARN,WebServer,Disk usage > 85% on node node-3,E202,Disk usage > 85% on node {node}
19061,2026-01-11,11:37:20,INFO,WebServer,Page view: /home by u4635,E103,Page view: {page} by {user}
19062,2026-01-11,11:24:09,INFO,WebServer,User u4199 login successful,E101,User {user} login successful
19063,2026-01-11,11:31:05,INFO,OrderProcessor,Health check passed: OrderProcessor,E102,Health check passed: {service}
19064,2026-01-11,11:30:28,INFO,InventoryDB,Page view: /home by u3290,E103,Page view: {page} by {user}
19065,2026-01-11,11:03:10,INFO,WebServer,Transaction tx816803 completed in 1856ms,E104,Transaction {tx} completed in {time}ms
19066,2026-01-11,11:25:51,INFO,InventoryDB,Transaction tx437075 completed in 104ms,E104,Transaction {tx} completed in {time}ms
19067,2026-01-11,11:22:23,WARN,WebServer,Unauthorized access attempt from 10.0.0.12,E401,Unauthorized access attempt from {ip}
19068,2026-01-11,11:48:57,INFO,InventoryDB,Transaction tx333903 completed in 792ms,E104,Transaction {tx} completed in {time}ms
19069,2026-01-11,11:02:13,INFO,InventoryDB,User u3066 login successful,E101,User {user} login successful
19070,2026-01-11,11:45:28,INFO,WebServer,Health check passed: WebServer,E102,Health check passed: {service}
19071,2026-01-11,11:00:03,INFO,PaymentGateway,User u1704 login successful,E101,User {user} login successful
19072,2026-01-11,11:40:46,INFO,PaymentGateway,Transaction tx775119 completed in 652ms,E104,Transaction {tx} completed in {time}ms
19073,2026-01-11,11:26:21,INFO,OrderProcessor,User u3548 login successful,E101,User {user} login successful
19074,2026-01-11,11:19:01,INFO,WebServer,User u4250 login successful,E101,User {user} login successful
19075,2026-01-11,11:38:45,INFO,AuthService,Page view: /home by u1607,E103,Page view: {page} by {user}
19076,2026-01-11,11:59:46,INFO,WebServer,Transaction tx796868 completed in 986ms,E104,Transaction {tx} completed in {time}ms
19077,2026-01-11,11:09:30,INFO,WebServer,Transaction tx543793 completed in 221ms,E104,Transaction {tx} completed in {time}ms
19078,2026-01-11,11:34:07,INFO,AuthService,Health check passed: AuthService,E102,Health check passed: {service}
19079,2026-01-11,11:34:44,INFO,OrderProcessor,Page view: /home by u3443,E103,Page view: {page} by {user}
19080,2026-01-11,11:23:27,INFO,WebServer,Page view: /home by u1415,E103,Page view: {page} by {user}
19081,2026-01-11,11:51:26,INFO,WebServer,Page view: /home by u2987,E103,Page view: {page} by {user}
19082,2026-01-11,11:17:07,INFO,WebServer,User u1019 login successful,E101,User {user} login successful
19083,2026-01-11,11:05:09,INFO,WebServer,Health check passed: WebServer,E102,Health check passed: {service}
19084,2026-01-11,11:29:48,INFO,OrderProcessor,Transaction tx133848 completed in 372ms,E104,Transaction {tx} completed in {time}ms
19085,2026-01-11,11:11:44,WARN,WebServer,Disk usage > 85% on node node-1,E202,Disk usage > 85% on node {node}
19086,2026-01-11,11:50:42,INFO,WebServer,Health check passed: WebServer,E102,Health check passed: {service}
19087,2026-01-11,11:47:36,INFO,WebServer,Page view: /home by u2803,E103,Page view: {page} by {user}
19088,2026-01-11,11:47:05,INFO,AuthService,Health check passed: AuthService,E102,Health check passed: {service}
19089,2026-01-11,11:08:43,INFO,WebServer,Transaction tx407986 completed in 1397ms,E104,Transaction {tx} completed in {time}ms
19090,2026-01-11,11:35:50,INFO,WebServer,User u4487 login successful,E101,User {user} login successful
19091,2026-01-11,11:49:33,INFO,WebServer,User u2409 login successful,E101,User {user} login successful
19092,2026-01-11,11:02:22,INFO,WebServer,Page view: /home by u4550,E103,Page view: {page} by {user}
19093,2026-01-11,11:14:24,INFO,OrderProcessor,User u4376 login successful,E101,User {user} login successful
19094,2026-01-11,11:46:19,INFO,AuthService,Transaction tx232613 completed in 420ms,E104,Transaction {tx} completed in {time}ms
19095,2026-01-11,11:59:19,WARN,OrderProcessor,Disk usage > 85% on node node-3,E202,Disk usage > 85% on node {node}
19096,2026-01-11,11:44:43,INFO,AuthService,User u4712 login successful,E101,User {user} login successful
19097,2026-01-11,11:08:11,INFO,OrderProcessor,User u2691 login successful,E101,User {user} login successful
19098,2026-01-11,11:18:52,INFO,AuthService,Page view: /home by u3122,E103,Page view: {page} by {user}
19099,2026-01-11,11:38:09,INFO,AuthService,Transaction tx335128 completed in 78ms,E104,Transaction {tx} completed in {time}ms
19100,2026-01-11,11:52:08,INFO,OrderProcessor,Transaction tx113129 completed in 1410ms,E104,Transaction {tx} completed in {time}ms
19101,2026-01-11,11:08:09,INFO,WebServer,User u4157 login successful,E101,User {user} login successful
19102,2026-01-11,11:39:43,INFO,WebServer,User u2603 login successful,E101,User {user} login successful
19103,2026-01-11,11:54:48,INFO,WebServer,Page view: /home by u4483,E103,Page view: {page} by {user}
19104,2026-01-11,11:07:46,INFO,PaymentGateway,Health check passed: PaymentGateway,E102,Health check passed: {service}
19105,2026-01-11,11:23:56,INFO,WebServer,User u3179 login successful,E101,User {user} login successful
19106,2026-01-11,11:38:08,INFO,AuthService,Page view: /home by u4483,E103,Page view: {page} by {user}
19107,2026-01-11,11:41:10,INFO,WebServer,User u3733 login successful,E101,User {user} login successful
19108,2026-01-11,11:03:43,INFO,PaymentGateway,User u4730 login successful,E101,User {user} login successful
19109,2026-01-11,11:01:51,INFO,AuthService,Health check passed: AuthService,E102,Health check passed: {service}
19110,2026-01-11,11:26:49,INFO,AuthService,Health check passed: AuthService,E102,Health check passed: {service}
19111,2026-01-11,11:31:22,INFO,WebServer,Health check passed: WebServer,E102,Health check passed: {service}
19112,2026-01-11,11:38:08,INFO,PaymentGateway,Health check passed: PaymentGateway,E102,Health check passed: {service}
19113,2026-01-11,11:57:53,INFO,AuthService,Transaction tx960733 completed in 1008ms,E104,Transaction {tx} completed in {time}ms
19114,2026-01-11,11:06:59,INFO,WebServer,Health check passed: WebServer,E102,Health check passed: {service}
19115,2026-01-11,11:26:27,INFO,AuthService,Page view: /home by u1830,E103,Page view: {page} by {user}
19116,2026-01-11,11:46:40,INFO,WebServer,User u4988 login successful,E101,User {user} login successful
19117,2026-01-11,11:49:52,INFO,AuthService,Page view: /home by u2619,E103,Page view: {page} by {user}
19118,2026-01-11,11:51:08,INFO,OrderProcessor,Page view: /home by u3473,E103,Page view: {page} by {user}
19119,2026-01-11,11:11:10,INFO,WebServer,User u2255 login successful,E101,User {user} login successful
19120,2026-01-11,11:52:59,INFO,WebServer,Transaction tx421034 completed in 453ms,E104,Transaction {tx} completed in {time}ms
19121,2026-01-11,11:25:11,INFO,PaymentGateway,User u1281 login successful,E101,User {user} login successful
19122,2026-01-11,11:41:05,INFO,OrderProcessor,Page view: /home by u3440,E103,Page view: {page} by {user}
19123,2026-01-11,11:40:00,INFO,WebServer,Page view: /home by u4674,E103,Page view: {page} by {user}
19124,2026-01-11,11:29:33,INFO,AuthService,Health check passed: AuthService,E102,Health check passed: {service}
19125,2026-01-11,11:32:31,INFO,PaymentGateway,Health check passed: PaymentGateway,E102,Health check passed: {service}
19126,2026-01-11,11:00:36,ERROR,WebServer,Payment declined: Gateway unavailable,E503,Payment declined: Gateway unavailable
19127,2026-01-11,11:46:25,INFO,WebServer,Health check passed: WebServer,E102,Health check passed: {service}
19128,2026-01-11,11:47:02,INFO,OrderProcessor,Health check passed: OrderProcessor,E102,Health check passed: {service}
19129,2026-01-11,11:41:18,INFO,WebServer,Transaction tx943218 completed in 289ms,E104,Transaction {tx} completed in {time}ms
19130,2026-01-11,11:17:23,INFO,AuthService,Health check passed: AuthService,E102,Health check passed: {service}
19131,2026-01-11,11:52:39,INFO,OrderProcessor,User u3566 login successful,E101,User {user} login successful
19132,2026-01-11,11:20:05,INFO,WebServer,Health check passed: WebServer,E102,Health check passed: {service}
19133,2026-01-11,11:59:12,INFO,AuthService,Health check passed: AuthService,E102,Health check passed: {service}
19134,2026-01-11,11:43:46,INFO,OrderProcessor,Transaction tx944079 completed in 719ms,E104,Transaction {tx} completed in {time}ms
19135,2026-01-11,11:42:13,INFO,WebServer,Page view: /home by u2565,E103,Page view: {page} by {user}
19136,2026-01-11,11:23:39,INFO,WebServer,Page view: /home by u4557,E103,Page view: {page} by {user}
19137,2026-01-11,11:38:48,INFO,WebServer,User u2326 login successful,E101,User {user} login successful
19138,2026-01-11,11:20:35,WARN,WebServer,Disk usage > 85% on node node-5,E202,Disk usage > 85% on node {node}
19139,2026-01-11,11:04:40,INFO,WebServer,Health check passed: WebServer,E102,Health check passed: {service}
19140,2026-01-11,11:17:36,WARN,WebServer,High latency (1002ms) detected on WebServer,E201,High latency ({time}ms) detected on {service}
19141,2026-01-11,11:41:35,INFO,WebServer,Page view: /home by u4077,E103,Page view: {page} by {user}
19142,2026-01-11,11:18:59,INFO,WebServer,User u1821 login successful,E101,User {user} login successful
19143,2026-01-11,11:53:42,INFO,WebServer,User u1717 login successful,E101,User {user} login successful
19144,2026-01-11,11:22:59,INFO,WebServer,Transaction tx499404 completed in 1865ms,E104,Transaction {tx} completed in {time}ms
19145,2026-01-11,11:10:58,INFO,OrderProcessor,Transaction tx955177 completed in 765ms,E104,Transaction {tx} completed in {time}ms
19146,2026-01-11,11:49:12,INFO,WebServer,Health check passed: WebServer,E102,Health check passed: {service}
19147,2026-01-11,11:49:33,INFO,AuthService,Health check passed: AuthService,E102,Health check passed: {service}
19148,2026-01-11,11:37:43,INFO,OrderProcessor,User u1961 login successful,E101,User {user} login successful
19149,2026-01-11,11:22:59,INFO,OrderProcessor,Transaction tx754448 completed in 161ms,E104,Transaction {tx} completed in {time}ms
19150,2026-01-11,11:48:09,INFO,AuthService,User u4355 login successful,E101,User {user} login successful
19151,2026-01-11,11:23:03,INFO,WebServer,User u4999 login successful,E101,User {user} login successful
19152,2026-01-11,11:28:48,INFO,WebServer,User u4741 login successful,E101,User {user} login successful
19153,2026-01-11,11:11:34,INFO,WebServer,Health check passed: WebServer,E102,Health check passed: {service}
19154,2026-01-11,11:31:00,INFO,WebServer,User u3957 login successful,E101,User {user} login successful
19155,2026-01-11,11:40:05,INFO,AuthService,Health check passed: AuthService,E102,Health check passed: {service}
19156,2026-01-11,11:41:48,INFO,InventoryDB,Page view: /home by u2723,E103,Page view: {page} by {user}
19157,2026-01-11,11:24:00,INFO,PaymentGateway,User u4140 login successful,E101,User {user} login successful
19158,2026-01-11,11:07:33,INFO,WebServer,Transaction tx607385 completed in 1250ms,E104,Transaction {tx} completed in {time}ms
19159,2026-01-11,11:11:44,INFO,WebServer,User u1518 login successful,E101,User {user} login successful
19160,2026-01-11,11:30:32,INFO,AuthService,User u3838 login successful,E101,User {user} login successful
19161,2026-01-11,11:06:01,INFO,PaymentGateway,Transaction tx571988 completed in 488ms,E104,Transaction {tx} completed in {time}ms
19162,2026-01-11,11:29:42,INFO,PaymentGateway,Transaction tx666884 completed in 363ms,E104,Transaction {tx} completed in {time}ms
19163,2026-01-11,11:44:44,INFO,WebServer,User u3649 login successful,E101,User {user} login successful
19164,2026-01-11,11:05:45,INFO,OrderProcessor,Transaction tx575276 completed in 1306ms,E104,Transaction {tx} completed in {time}ms
19165,2026-01-11,11:51:36,INFO,WebServer,Page view: /home by u2641,E103,Page view: {page} by {user}
19166,2026-01-11,11:30:54,INFO,WebServer,Page view: /home by u2084,E103,Page view: {page} by {user}
19167,2026-01-11,11:54:14,INFO,WebServer,Health check passed: WebServer,E102,Health check passed: {service}
19168,2026-01-11,11:04:26,INFO,PaymentGateway,User u4260 login successful,E101,User {user} login successful
19169,2026-01-11,11:00:54,INFO,OrderProcessor,Health check passed: OrderProcessor,E102,Health check passed: {service}
19170,2026-01-11,11:15:35,INFO,WebServer,Page view: /home by u3346,E103,Page view: {page} by {user}
19171,2026-01-11,11:27:56,INFO,WebServer,Page view: /home by u4886,E103,Page view: {page} by {user}
19172,2026-01-11,11:31:37,INFO,AuthService,Health check passed: AuthService,E102,Health check passed: {service}
19173,2026-01-11,11:35:51,INFO,WebServer,User u1985 login successful,E101,User {user} login successful
19174,2026-01-11,11:45:17,INFO,AuthService,Health check passed: AuthService,E102,Health check passed: {service}
19175,2026-01-11,11:34:08,INFO,OrderProcessor,Page view: /home by u1348,E103,Page view: {page} by {user}
19176,2026-01-11,11:10:10,INFO,WebServer,Health check passed: WebServer,E102,Health check passed: {service}
19177,2026-01-11,11:19:29,WARN,OrderProcessor,Disk usage > 85% on node node-2,E202,Disk usage > 85% on node {node}
19178,2026-01-11,11:05:45,INFO,OrderProcessor,Health check passed: OrderProcessor,E102,Health check passed: {service}
19179,2026-01-11,11:49:27,INFO,WebServer,User u2583 login successful,E101,User {user} login successful
19180,2026-01-11,11:12:20,INFO,WebServer,Page view: /home by u1985,E103,Page view: {page} by {user}
19181,2026-01-11,11:09:57,INFO,WebServer,Transaction tx874512 completed in 1305ms,E104,Transaction {tx} completed in {time}ms
19182,2026-01-11,11:57:01,INFO,PaymentGateway,Page view: /home by u4691,E103,Page view: {page} by {user}
19183,2026-01-11,11:19:16,WARN,PaymentGateway,Disk usage > 85% on node node-3,E202,Disk usage > 85% on node {node}
19184,2026-01-11,11:23:25,INFO,AuthService,User u1301 login successful,E101,User {user} login successful
19185,2026-01-11,11:00:53,INFO,WebServer,Transaction tx538284 completed in 915ms,E104,Transaction {tx} completed in {time}ms
19186,2026-01-11,11:25:51,INFO,WebServer,Page view: /home by u2387,E103,Page view: {page} by {user}
19187,2026-01-11,11:52:00,INFO,WebServer,Page view: /home by u2533,E103,Page view: {page} by {user}
19188,2026-01-11,11:28:59,INFO,WebServer,Transaction tx356438 completed in 1710ms,E104,Transaction {tx} completed in {time}ms
19189,2026-01-11,11:02:10,INFO,WebServer,Transaction tx778825 completed in 80ms,E104,Transaction {tx} completed in {time}ms
19190,2026-01-11,11:28:03,INFO,WebServer,Transaction tx344082 completed in 149ms,E104,Transaction {tx} completed in {time}ms
19191,2026-01-11,11:05:02,INFO,WebServer,Transaction tx935674 completed in 1967ms,E104,Transaction {tx} completed in {time}ms
19192,2026-01-11,11:00:29,INFO,OrderProcessor,Health check passed: OrderProcessor,E102,Health check passed: {service}
19193,2026-01-11,11:39:17,INFO,OrderProcessor,Health check passed: OrderProcessor,E102,Health check passed: {service}
19194,2026-01-11,11:34:04,INFO,WebServer,Page view: /home by u2451,E103,Page view: {page} by {user}
19195,2026-01-11,11:47:50,INFO,WebServer,Transaction tx926474 completed in 1269ms,E104,Transaction {tx} completed in {time}ms
19196,2026-01-11,11:57:16,INFO,OrderProcessor,Transaction tx553186 completed in 235ms,E104,Transaction {tx} completed in {time}ms
19197,2026-01-11,11:47:54,INFO,WebServer,Health check passed: WebServer,E102,Health check passed: {service}
19198,2026-01-11,11:56:33,INFO,WebServer,Health check passed: WebServer,E102,Health check passed: {service}
19199,2026-01-11,11:37:10,INFO,WebServer,User u3499 login successful,E101,User {user} login successful
19200,2026-01-11,11:05:49,INFO,PaymentGateway,User u3422 login successful,E101,User {user} login successful
19201,2026-01-11,11:07:43,INFO,WebServer,User u4215 login successful,E101,User {user} login successful
19202,2026-01-11,11:13:52,WARN,OrderProcessor,High latency (601ms) detected on OrderProcessor,E201,High latency ({time}ms) detected on {service}
19203,2026-01-11,11:35:04,INFO,WebServer,Page view: /home by u4641,E103,Page view: {page} by {user}
19204,2026-01-11,11:03:56,INFO,WebServer,Transaction tx975428 completed in 1206ms,E104,Transaction {tx} completed in {time}ms
19205,2026-01-11,11:36:35,INFO,OrderProcessor,Transaction tx167606 completed in 163ms,E104,Transaction {tx} completed in {time}ms
19206,2026-01-11,11:04:42,INFO,AuthService,Transaction tx440976 completed in 825ms,E104,Transaction {tx} completed in {time}ms
19207,2026-01-11,11:31:50,INFO,WebServer,Health check passed: WebServer,E102,Health check passed: {service}
19208,2026-01-11,11:37:06,INFO,WebServer,User u4795 login successful,E101,User {user} login successful
19209,2026-01-11,11:08:23,WARN,InventoryDB,Disk usage > 85% on node node-2,E202,Disk usage > 85% on node {node}
19210,2026-01-11,11:58:50,INFO,InventoryDB,User u3751 login successful,E101,User {user} login successful
19211,2026-01-11,11:20:53,INFO,WebServer,Page view: /home by u3458,E103,Page view: {page} by {user}
19212,2026-01-11,11:25:24,INFO,WebServer,Page view: /home by u4668,E103,Page view: {page} by {user}
19213,2026-01-11,11:13:52,INFO,WebServer,Health check passed: WebServer,E102,Health check passed: {service}
19214,2026-01-11,11:44:33,INFO,OrderProcessor,Health check passed: OrderProcessor,E102,Health check passed: {service}
19215,2026-01-11,11:58:41,INFO,OrderProcessor,Health check passed: OrderProcessor,E102,Health check passed: {service}
19216,2026-01-11,11:23:00,INFO,PaymentGateway,Transaction tx994884 completed in 1533ms,E104,Transaction {tx} completed in {time}ms
19217,2026-01-11,11:11:44,INFO,WebServer,Health check passed: WebServer,E102,Health check passed: {service}
19218,2026-01-11,11:32:47,INFO,WebServer,User u3516 login successful,E101,User {user} login successful
19219,2026-01-11,11:04:28,INFO,AuthService,User u3846 login successful,E101,User {user} login successful
19220,2026-01-11,11:13:57,INFO,AuthService,User u2114 login successful,E101,User {user} login successful
19221,2026-01-11,11:40:16,INFO,WebServer,Page view: /home by u1663,E103,Page view: {page} by {user}
19222,2026-01-11,11:04:18,INFO,AuthService,Page view: /home by u1282,E103,Page view: {page} by {user}
19223,2026-01-11,11:43:43,INFO,WebServer,Page view: /home by u1206,E103,Page view: {page} by {user}
19224,2026-01-11,11:00:24,INFO,AuthService,Health check passed: AuthService,E102,Health check passed: {service}
19225,2026-01-11,11:25:56,INFO,OrderProcessor,Health check passed: OrderProcessor,E102,Health check passed: {service}
19226,2026-01-11,11:21:51,INFO,WebServer,Transaction tx604455 completed in 1653ms,E104,Transaction {tx} completed in {time}ms
19227,2026-01-11,11:52:56,INFO,WebServer,Page view: /home by u1824,E103,Page view: {page} by {user}
19228,2026-01-11,11:04:24,WARN,WebServer,Unauthorized access attempt from 10.0.0.45,E401,Unauthorized access attempt from {ip}
19229,2026-01-11,11:57:49,INFO,WebServer,Health check passed: WebServer,E102,Health check passed: {service}
19230,2026-01-11,11:04:46,INFO,WebServer,Transaction tx604558 completed in 1842ms,E104,Transaction {tx} completed in {time}ms
19231,2026-01-11,11:50:25,INFO,WebServer,Health check passed: WebServer,E102,Health check passed: {service}
19232,2026-01-11,11:40:30,INFO,PaymentGateway,Health check passed: PaymentGateway,E102,Health check passed: {service}
19233,2026-01-11,11:45:36,INFO,WebServer,Transaction tx397614 completed in 267ms,E104,Transaction {tx} completed in {time}ms
19234,2026-01-11,11:05:37,INFO,WebServer,Page view: /home by u4611,E103,Page view: {page} by {user}
19235,2026-01-11,11:38:05,INFO,WebServer,Page view: /home by u2079,E103,Page view: {page} by {user}
19236,2026-01-11,11:54:25,INFO,WebServer,User u1485 login successful,E101,User {user} login successful
19237,2026-01-11,11:05:57,INFO,AuthService,Transaction tx694075 completed in 955ms,E104,Transaction {tx} completed in {time}ms
19238,2026-01-11,11:27:06,INFO,WebServer,Health check passed: WebServer,E102,Health check passed: {service}
19239,2026-01-11,11:43:24,INFO,WebServer,User u2972 login successful,E101,User {user} login successful
19240,2026-01-11,11:24:49,INFO,AuthService,Health check passed: AuthService,E102,Health check passed: {service}
19241,2026-01-11,11:49:12,INFO,InventoryDB,Health check passed: InventoryDB,E102,Health check passed: {service}
19242,2026-01-11,11:32:28,INFO,WebServer,Transaction tx301141 completed in 1015ms,E104,Transaction {tx} completed in {time}ms
19243,2026-01-11,11:50:16,INFO,WebServer,Transaction tx159913 completed in 1528ms,E104,Transaction {tx} completed in {time}ms
19244,2026-01-11,11:33:53,INFO,InventoryDB,Health check passed: InventoryDB,E102,Health check passed: {service}
19245,2026-01-11,11:37:20,INFO,OrderProcessor,Health check passed: OrderProcessor,E102,Health check passed: {service}
19246,2026-01-11,11:50:30,INFO,AuthService,User u4931 login successful,E101,User {user} login successful
19247,2026-01-11,11:00:58,INFO,WebServer,User u4420 login successful,E101,User {user} login successful
19248,2026-01-11,11:08:08,INFO,AuthService,User u2548 login successful,E101,User {user} login successful
19249,2026-01-11,11:48:28,WARN,AuthService,Unauthorized access attempt from 10.0.0.88,E401,Unauthorized access attempt from {ip}
19250,2026-01-11,11:37:12,INFO,WebServer,Page view: /home by u3154,E103,Page view: {page} by {user}
19251,2026-01-11,11:20:03,INFO,OrderProcessor,Health check passed: OrderProcessor,E102,Health check passed: {service}
19252,2026-01-11,11:35:31,INFO,WebServer,Health check passed: WebServer,E102,Health check passed: {service}
19253,2026-01-11,11:09:16,INFO,WebServer,User u1082 login successful,E101,User {user} login successful
19254,2026-01-11,11:03:32,INFO,WebServer,User u4756 login successful,E101,User {user} login successful
19255,2026-01-11,11:11:01,INFO,PaymentGateway,Transaction tx332423 completed in 1409ms,E104,Transaction {tx} completed in {time}ms
19256,2026-01-11,11:34:50,INFO,AuthService,Page view: /home by u4702,E103,Page view: {page} by {user}
19257,2026-01-11,11:03:46,INFO,WebServer,Transaction tx358980 completed in 1538ms,E104,Transaction {tx} completed in {time}ms
19258,2026-01-11,11:45:38,INFO,OrderProcessor,Transaction tx296889 completed in 1967ms,E104,Transaction {tx} completed in {time}ms
19259,2026-01-11,11:12:40,INFO,WebServer,Transaction tx788900 completed in 749ms,E104,Transaction {tx} completed in {time}ms
19260,2026-01-11,11:43:02,INFO,OrderProcessor,Health check passed: OrderProcessor,E102,Health check passed: {service}
19261,2026-01-11,11:18:06,INFO,OrderProcessor,User u1406 login successful,E101,User {user} login successful
19262,2026-01-11,11:13:53,INFO,PaymentGateway,User u1086 login successful,E101,User {user} login successful
19263,2026-01-11,11:55:05,INFO,WebServer,Page view: /home by u1295,E103,Page view: {page} by {user}
19264,2026-01-11,11:27:15,INFO,InventoryDB,Page view: /home by u2949,E103,Page view: {page} by {user}
19265,2026-01-11,11:59:30,INFO,PaymentGateway,Health check passed: PaymentGateway,E102,Health check passed: {service}
19266,2026-01-11,11:32:18,INFO,WebServer,Health check passed: WebServer,E102,Health check passed: {service}
19267,2026-01-11,11:42:12,INFO,OrderProcessor,Health check passed: OrderProcessor,E102,Health check passed: {service}
19268,2026-01-11,11:40:25,INFO,AuthService,Page view: /home by u2854,E103,Page view: {page} by {user}
19269,2026-01-11,11:46:06,INFO,PaymentGateway,Health check passed: PaymentGateway,E102,Health check passed: {service}
19270,2026-01-11,11:41:28,INFO,PaymentGateway,User u4993 login successful,E101,User {user} login successful
19271,2026-01-11,11:10:21,WARN,WebServer,Unauthorized access attempt from 10.0.0.99,E401,Unauthorized access attempt from {ip}
19272,2026-01-11,11:16:39,INFO,WebServer,Page view: /home by u1553,E103,Page view: {page} by {user}
19273,2026-01-11,12:16:22,INFO,AuthService,Health check passed: AuthService,E102,Health check passed: {service}
19274,2026-01-11,12:22:28,INFO,OrderProcessor,Health check passed: OrderProcessor,E102,Health check passed: {service}
19275,2026-01-11,12:26:03,WARN,WebServer,Unauthorized access attempt from 10.0.0.10,E401,Unauthorized access attempt from {ip}
19276,2026-01-11,12:40:56,INFO,AuthService,Health check passed: AuthService,E102,Health check passed: {service}
19277,2026-01-11,12:15:21,INFO,WebServer,Health check passed: WebServer,E102,Health check passed: {service}
19278,2026-01-11,12:46:23,INFO,WebServer,Health check passed: WebServer,E102,Health check passed: {service}
19279,2026-01-11,12:15:24,INFO,AuthService,Health check passed: AuthService,E102,Health check passed: {service}
19280,2026-01-11,12:36:05,INFO,PaymentGateway,Health check passed: PaymentGateway,E102,Health check passed: {service}
19281,2026-01-11,12:16:02,INFO,WebServer,User u4929 login successful,E101,User {user} login successful
19282,2026-01-11,12:50:54,INFO,OrderProcessor,Health check passed: OrderProcessor,E102,Health check passed: {service}
19283,2026-01-11,12:29:24,INFO,WebServer,Page view: /home by u4694,E103,Page view: {page} by {user}
19284,2026-01-11,12:27:56,INFO,WebServer,Transaction tx166549 completed in 1824ms,E104,Transaction {tx} completed in {time}ms
19285,2026-01-11,12:53:31,INFO,AuthService,Page view: /home by u2572,E103,Page view: {page} by {user}
19286,2026-01-11,12:04:26,INFO,WebServer,Page view: /home by u1327,E103,Page view: {page} by {user}
19287,2026-01-11,12:19:46,INFO,OrderProcessor,Transaction tx566400 completed in 1738ms,E104,Transaction {tx} completed in {time}ms
19288,2026-01-11,12:32:39,WARN,WebServer,Disk usage > 85% on node node-3,E202,Disk usage > 85% on node {node}
19289,2026-01-11,12:41:10,INFO,AuthService,Page view: /home by u3828,E103,Page view: {page} by {user}
19290,2026-01-11,12:14:12,INFO,PaymentGateway,Page view: /home by u2141,E103,Page view: {page} by {user}
19291,2026-01-11,12:06:26,INFO,PaymentGateway,Page view: /home by u4621,E103,Page view: {page} by {user}
19292,2026-01-11,12:55:54,INFO,WebServer,User u1037 login successful,E101,User {user} login successful
19293,2026-01-11,12:51:48,INFO,WebServer,User u4088 login successful,E101,User {user} login successful
19294,2026-01-11,12:34:49,INFO,AuthService,Health check passed: AuthService,E102,Health check passed: {service}
19295,2026-01-11,12:49:16,INFO,WebServer,Page view: /home by u2290,E103,Page view: {page} by {user}
19296,2026-01-11,12:30:12,INFO,WebServer,Page view: /home by u3404,E103,Page view: {page} by {user}
19297,2026-01-11,12:40:45,INFO,WebServer,Page view: /home by u4759,E103,Page view: {page} by {user}
19298,2026-01-11,12:15:35,INFO,AuthService,Page view: /home by u2485,E103,Page view: {page} by {user}
19299,2026-01-11,12:44:04,INFO,AuthService,Health check passed: AuthService,E102,Health check passed: {service}
19300,2026-01-11,12:28:55,WARN,AuthService,Unauthorized access attempt from 192.168.1.5,E401,Unauthorized access attempt from {ip}
19301,2026-01-11,12:18:08,INFO,WebServer,Transaction tx391971 completed in 1237ms,E104,Transaction {tx} completed in {time}ms
19302,2026-01-11,12:20:01,INFO,WebServer,Health check passed: WebServer,E102,Health check passed: {service}
19303,2026-01-11,12:49:17,INFO,OrderProcessor,Page view: /home by u1891,E103,Page view: {page} by {user}
19304,2026-01-11,12:48:09,INFO,AuthService,User u2411 login successful,E101,User {user} login successful
19305,2026-01-11,12:10:41,INFO,WebServer,Transaction tx638761 completed in 1422ms,E104,Transaction {tx} completed in {time}ms
19306,2026-01-11,12:38:58,INFO,WebServer,Page view: /home by u1174,E103,Page view: {page} by {user}
19307,2026-01-11,12:56:25,INFO,PaymentGateway,User u3666 login successful,E101,User {user} login successful
19308,2026-01-11,12:27:58,WARN,WebServer,High latency (502ms) detected on WebServer,E201,High latency ({time}ms) detected on {service}
19309,2026-01-11,12:26:05,INFO,PaymentGateway,User u1210 login successful,E101,User {user} login successful
19310,2026-01-11,12:44:50,INFO,WebServer,User u2255 login successful,E101,User {user} login successful
19311,2026-01-11,12:25:06,INFO,OrderProcessor,Page view: /home by u2518,E103,Page view: {page} by {user}
19312,2026-01-11,12:16:55,CRITICAL,OrderProcessor,DATA CORRUPTION detected in sector 602,E602,DATA CORRUPTION detected in sector {sector}
19313,2026-01-11,12:11:50,INFO,WebServer,Page view: /home by u4093,E103,Page view: {page} by {user}
19314,2026-01-11,12:25:34,INFO,WebServer,Transaction tx186343 completed in 854ms,E104,Transaction {tx} completed in {time}ms
19315,2026-01-11,12:23:21,INFO,AuthService,Health check passed: AuthService,E102,Health check passed: {service}
19316,2026-01-11,12:46:19,INFO,OrderProcessor,Health check passed: OrderProcessor,E102,Health check passed: {service}
19317,2026-01-11,12:31:48,INFO,AuthService,User u1536 login successful,E101,User {user} login successful
19318,2026-01-11,12:51:32,INFO,WebServer,User u1461 login successful,E101,User {user} login successful
19319,2026-01-11,12:56:53,INFO,WebServer,User u4489 login successful,E101,User {user} login successful
19320,2026-01-11,12:10:54,INFO,WebServer,Page view: /home by u1661,E103,Page view: {page} by {user}
19321,2026-01-11,12:32:05,INFO,WebServer,Page view: /home by u2348,E103,Page view: {page} by {user}
19322,2026-01-11,12:30:31,INFO,WebServer,User u3072 login successful,E101,User {user} login successful
19323,2026-01-11,12:01:04,INFO,OrderProcessor,Page view: /home by u3819,E103,Page view: {page} by {user}
19324,2026-01-11,12:37:29,INFO,InventoryDB,Transaction tx584928 completed in 1679ms,E104,Transaction {tx} completed in {time}ms
19325,2026-01-11,12:31:52,INFO,WebServer,User u1173 login successful,E101,User {user} login successful
19326,2026-01-11,12:53:21,INFO,PaymentGateway,Transaction tx527410 completed in 792ms,E104,Transaction {tx} completed in {time}ms
19327,2026-01-11,12:10:22,INFO,InventoryDB,Health check passed: InventoryDB,E102,Health check passed: {service}
19328,2026-01-11,12:53:58,INFO,OrderProcessor,Transaction tx303458 completed in 1203ms,E104,Transaction {tx} completed in {time}ms
19329,2026-01-11,12:40:35,INFO,AuthService,User u2865 login successful,E101,User {user} login successful
19330,2026-01-11,12:25:58,INFO,WebServer,Health check passed: WebServer,E102,Health check passed: {service}
19331,2026-01-11,12:33:58,INFO,PaymentGateway,Transaction tx925054 completed in 564ms,E104,Transaction {tx} completed in {time}ms
19332,2026-01-11,12:41:48,INFO,PaymentGateway,User u1572 login successful,E101,User {user} login successful
19333,2026-01-11,12:37:09,INFO,InventoryDB,User u4139 login successful,E101,User {user} login successful
19334,2026-01-11,12:11:06,INFO,PaymentGateway,Health check passed: PaymentGateway,E102,Health check passed: {service}
19335,2026-01-11,12:22:52,INFO,WebServer,Page view: /home by u2317,E103,Page view: {page} by {user}
19336,2026-01-11,12:53:48,INFO,WebServer,Page view: /home by u2213,E103,Page view: {page} by {user}
19337,2026-01-11,12:06:45,INFO,OrderProcessor,Health check passed: OrderProcessor,E102,Health check passed: {service}
19338,2026-01-11,12:12:49,WARN,OrderProcessor,Disk usage > 85% on node node-2,E202,Disk usage > 85% on node {node}
19339,2026-01-11,12:09:26,INFO,OrderProcessor,Health check passed: OrderProcessor,E102,Health check passed: {service}
19340,2026-01-11,12:38:27,INFO,PaymentGateway,Transaction tx291271 completed in 337ms,E104,Transaction {tx} completed in {time}ms
19341,2026-01-11,12:51:32,INFO,WebServer,User u2288 login successful,E101,User {user} login successful
19342,2026-01-11,12:13:45,INFO,WebServer,Health check passed: WebServer,E102,Health check passed: {service}
19343,2026-01-11,12:13:48,INFO,AuthService,User u1680 login successful,E101,User {user} login successful
19344,2026-01-11,12:02:13,INFO,PaymentGateway,Transaction tx774463 completed in 1161ms,E104,Transaction {tx} completed in {time}ms
19345,2026-01-11,12:40:36,INFO,WebServer,User u4778 login successful,E101,User {user} login successful
19346,2026-01-11,12:27:47,INFO,WebServer,User u3252 login successful,E101,User {user} login successful
19347,2026-01-11,12:27:46,INFO,PaymentGateway,Transaction tx908952 completed in 1944ms,E104,Transaction {tx} completed in {time}ms
19348,2026-01-11,12:15:11,INFO,OrderProcessor,User u4824 login successful,E101,User {user} login successful
19349,2026-01-11,12:30:16,INFO,AuthService,Page view: /home by u2645,E103,Page view: {page} by {user}
19350,2026-01-11,12:27:52,INFO,WebServer,User u2620 login successful,E101,User {user} login successful
19351,2026-01-11,12:08:22,INFO,WebServer,Page view: /home by u2743,E103,Page view: {page} by {user}
19352,2026-01-11,12:05:54,INFO,WebServer,Page view: /home by u4998,E103,Page view: {page} by {user}
19353,2026-01-11,12:37:59,INFO,WebServer,User u2057 login successful,E101,User {user} login successful
19354,2026-01-11,12:42:15,INFO,WebServer,Health check passed: WebServer,E102,Health check passed: {service}
19355,2026-01-11,12:34:52,INFO,AuthService,Page view: /home by u3228,E103,Page view: {page} by {user}
19356,2026-01-11,12:03:43,INFO,WebServer,Transaction tx877871 completed in 656ms,E104,Transaction {tx} completed in {time}ms
19357,2026-01-11,12:45:41,INFO,AuthService,Page view: /home by u3853,E103,Page view: {page} by {user}
19358,2026-01-11,12:34:48,INFO,InventoryDB,Health check passed: InventoryDB,E102,Health check passed: {service}
19359,2026-01-11,12:11:31,INFO,OrderProcessor,Transaction tx992308 completed in 911ms,E104,Transaction {tx} completed in {time}ms
19360,2026-01-11,12:28:23,INFO,WebServer,User u1137 login successful,E101,User {user} login successful
19361,2026-01-11,12:07:15,INFO,WebServer,Transaction tx879920 completed in 1918ms,E104,Transaction {tx} completed in {time}ms
19362,2026-01-11,12:19:23,INFO,WebServer,Page view: /home by u1797,E103,Page view: {page} by {user}
19363,2026-01-11,12:05:02,INFO,WebServer,Page view: /home by u4185,E103,Page view: {page} by {user}
19364,2026-01-11,12:22:33,INFO,WebServer,Page view: /home by u1434,E103,Page view: {page} by {user}
19365,2026-01-11,12:43:05,INFO,WebServer,Page view: /home by u2319,E103,Page view: {page} by {user}
19366,2026-01-11,12:28:09,INFO,PaymentGateway,Transaction tx319543 completed in 248ms,E104,Transaction {tx} completed in {time}ms
19367,2026-01-11,12:57:53,WARN,PaymentGateway,Unauthorized access attempt from 10.0.0.45,E401,Unauthorized access attempt from {ip}
19368,2026-01-11,12:38:12,INFO,OrderProcessor,Health check passed: OrderProcessor,E102,Health check passed: {service}
19369,2026-01-11,12:43:12,INFO,AuthService,User u4141 login successful,E101,User {user} login successful
19370,2026-01-11,12:24:44,INFO,WebServer,Transaction tx558891 completed in 1441ms,E104,Transaction {tx} completed in {time}ms
19371,2026-01-11,12:38:09,INFO,PaymentGateway,Health check passed: PaymentGateway,E102,Health check passed: {service}
19372,2026-01-11,12:04:38,INFO,OrderProcessor,User u4852 login successful,E101,User {user} login successful
19373,2026-01-11,12:17:58,INFO,AuthService,User u1999 login successful,E101,User {user} login successful
19374,2026-01-11,12:46:43,INFO,WebServer,Transaction tx273802 completed in 163ms,E104,Transaction {tx} completed in {time}ms
19375,2026-01-11,12:56:51,INFO,AuthService,Transaction tx657972 completed in 1281ms,E104,Transaction {tx} completed in {time}ms
19376,2026-01-11,12:19:34,INFO,InventoryDB,Health check passed: InventoryDB,E102,Health check passed: {service}
19377,2026-01-11,12:24:14,INFO,PaymentGateway,Health check passed: PaymentGateway,E102,Health check passed: {service}
19378,2026-01-11,12:00:56,INFO,AuthService,Page view: /home by u4857,E103,Page view: {page} by {user}
19379,2026-01-11,12:10:54,INFO,WebServer,User u4045 login successful,E101,User {user} login successful
19380,2026-01-11,12:48:53,WARN,AuthService,High latency (1706ms) detected on AuthService,E201,High latency ({time}ms) detected on {service}
19381,2026-01-11,12:15:02,INFO,WebServer,Transaction tx162156 completed in 724ms,E104,Transaction {tx} completed in {time}ms
19382,2026-01-11,12:15:53,INFO,InventoryDB,Health check passed: InventoryDB,E102,Health check passed: {service}
19383,2026-01-11,12:38:51,INFO,WebServer,User u1204 login successful,E101,User {user} login successful
19384,2026-01-11,12:16:47,INFO,AuthService,User u4634 login successful,E101,User {user} login successful
19385,2026-01-11,12:27:44,INFO,AuthService,Transaction tx950568 completed in 1291ms,E104,Transaction {tx} completed in {time}ms
19386,2026-01-11,12:23:04,INFO,WebServer,Health check passed: WebServer,E102,Health check passed: {service}
19387,2026-01-11,12:33:32,INFO,AuthService,Health check passed: AuthService,E102,Health check passed: {service}
19388,2026-01-11,12:11:12,INFO,WebServer,Transaction tx995627 completed in 1556ms,E104,Transaction {tx} completed in {time}ms
19389,2026-01-11,12:10:30,INFO,InventoryDB,Transaction tx423542 completed in 55ms,E104,Transaction {tx} completed in {time}ms
19390,2026-01-11,12:46:07,INFO,OrderProcessor,User u4184 login successful,E101,User {user} login successful
19391,2026-01-11,12:12:10,INFO,OrderProcessor,Transaction tx113265 completed in 624ms,E104,Transaction {tx} completed in {time}ms
19392,2026-01-11,12:54:02,INFO,WebServer,User u2952 login successful,E101,User {user} login successful
19393,2026-01-11,12:18:41,INFO,WebServer,User u1811 login successful,E101,User {user} login successful
19394,2026-01-11,12:24:16,INFO,AuthService,Transaction tx792061 completed in 1732ms,E104,Transaction {tx} completed in {time}ms
19395,2026-01-11,12:07:18,INFO,OrderProcessor,Health check passed: OrderProcessor,E102,Health check passed: {service}
19396,2026-01-11,12:06:21,INFO,InventoryDB,Health check passed: InventoryDB,E102,Health check passed: {service}
19397,2026-01-11,12:22:28,INFO,WebServer,Page view: /home by u4323,E103,Page view: {page} by {user}
19398,2026-01-11,12:07:53,INFO,OrderProcessor,Health check passed: OrderProcessor,E102,Health check passed: {service}
19399,2026-01-11,12:40:31,INFO,AuthService,Health check passed: AuthService,E102,Health check passed: {service}
19400,2026-01-11,12:12:25,INFO,PaymentGateway,User u3806 login successful,E101,User {user} login successful
19401,2026-01-11,12:12:00,INFO,PaymentGateway,Page view: /home by u3271,E103,Page view: {page} by {user}
19402,2026-01-11,12:05:51,INFO,OrderProcessor,Health check passed: OrderProcessor,E102,Health check passed: {service}
19403,2026-01-11,12:56:54,INFO,WebServer,Transaction tx205641 completed in 38ms,E104,Transaction {tx} completed in {time}ms
19404,2026-01-11,12:43:07,INFO,PaymentGateway,Transaction tx608545 completed in 63ms,E104,Transaction {tx} completed in {time}ms
19405,2026-01-11,12:46:30,INFO,AuthService,Health check passed: AuthService,E102,Health check passed: {service}
19406,2026-01-11,12:52:36,INFO,AuthService,Page view: /home by u2473,E103,Page view: {page} by {user}
19407,2026-01-11,12:30:38,INFO,WebServer,User u3890 login successful,E101,User {user} login successful
19408,2026-01-11,12:44:37,INFO,WebServer,Health check passed: WebServer,E102,Health check passed: {service}
19409,2026-01-11,12:46:55,INFO,PaymentGateway,Page view: /home by u3111,E103,Page view: {page} by {user}
19410,2026-01-11,12:06:14,INFO,WebServer,Page view: /home by u2709,E103,Page view: {page} by {user}
19411,2026-01-11,12:42:35,INFO,WebServer,Transaction tx150496 completed in 1430ms,E104,Transaction {tx} completed in {time}ms
19412,2026-01-11,12:27:05,INFO,AuthService,User u1476 login successful,E101,User {user} login successful
19413,2026-01-11,12:25:27,INFO,AuthService,User u2277 login successful,E101,User {user} login successful
19414,2026-01-11,12:52:50,INFO,PaymentGateway,User u4753 login successful,E101,User {user} login successful
19415,2026-01-11,12:19:39,INFO,AuthService,Page view: /home by u3261,E103,Page view: {page} by {user}
19416,2026-01-11,12:35:04,INFO,WebServer,Health check passed: WebServer,E102,Health check passed: {service}
19417,2026-01-11,12:19:48,WARN,WebServer,Disk usage > 85% on node node-4,E202,Disk usage > 85% on node {node}
19418,2026-01-11,12:00:05,INFO,OrderProcessor,Transaction tx835028 completed in 1374ms,E104,Transaction {tx} completed in {time}ms
19419,2026-01-11,12:12:01,INFO,WebServer,User u3065 login successful,E101,User {user} login successful
19420,2026-01-11,12:45:13,INFO,AuthService,Transaction tx802777 completed in 1823ms,E104,Transaction {tx} completed in {time}ms
19421,2026-01-11,12:45:06,INFO,PaymentGateway,Transaction tx143406 completed in 253ms,E104,Transaction {tx} completed in {time}ms
19422,2026-01-11,12:28:47,INFO,WebServer,Health check passed: WebServer,E102,Health check passed: {service}
19423,2026-01-11,12:44:37,INFO,WebServer,Health check passed: WebServer,E102,Health check passed: {service}
19424,2026-01-11,12:57:51,INFO,AuthService,User u3743 login successful,E101,User {user} login successful
19425,2026-01-11,12:25:01,INFO,AuthService,Page view: /home by u3014,E103,Page view: {page} by {user}
19426,2026-01-11,12:13:28,INFO,AuthService,Transaction tx353037 completed in 72ms,E104,Transaction {tx} completed in {time}ms
19427,2026-01-11,12:50:31,INFO,WebServer,Page view: /home by u2753,E103,Page view: {page} by {user}
19428,2026-01-11,12:19:09,CRITICAL,WebServer,KERNEL PANIC: Node node-4 crashed,E601,KERNEL PANIC: Node {node} crashed
19429,2026-01-11,12:51:52,INFO,WebServer,Page view: /home by u4431,E103,Page view: {page} by {user}
19430,2026-01-11,12:04:56,INFO,WebServer,User u1061 login successful,E101,User {user} login successful
19431,2026-01-11,12:16:49,INFO,WebServer,User u3560 login successful,E101,User {user} login successful
19432,2026-01-11,12:08:04,INFO,WebServer,Health check passed: WebServer,E102,Health check passed: {service}
19433,2026-01-11,12:34:09,INFO,PaymentGateway,Transaction tx925177 completed in 1568ms,E104,Transaction {tx} completed in {time}ms
19434,2026-01-11,12:11:53,INFO,AuthService,Health check passed: AuthService,E102,Health check passed: {service}
19435,2026-01-11,12:28:28,INFO,PaymentGateway,Transaction tx455691 completed in 630ms,E104,Transaction {tx} completed in {time}ms
19436,2026-01-11,12:51:05,INFO,OrderProcessor,Transaction tx803326 completed in 1456ms,E104,Transaction {tx} completed in {time}ms
19437,2026-01-11,12:45:39,INFO,WebServer,Health check passed: WebServer,E102,Health check passed: {service}
19438,2026-01-11,12:12:43,INFO,OrderProcessor,Transaction tx577506 completed in 1110ms,E104,Transaction {tx} completed in {time}ms
19439,2026-01-11,12:42:37,INFO,OrderProcessor,Page view: /home by u2649,E103,Page view: {page} by {user}
19440,2026-01-11,12:39:12,INFO,WebServer,Page view: /home by u4136,E103,Page view: {page} by {user}
19441,2026-01-11,12:27:12,INFO,AuthService,Health check passed: AuthService,E102,Health check passed: {service}
19442,2026-01-11,12:54:53,INFO,WebServer,Health check passed: WebServer,E102,Health check passed: {service}
19443,2026-01-11,12:35:16,INFO,AuthService,User u4301 login successful,E101,User {user} login successful
19444,2026-01-11,12:36:25,INFO,PaymentGateway,Page view: /home by u2588,E103,Page view: {page} by {user}
19445,2026-01-11,12:19:48,INFO,WebServer,Page view: /home by u4605,E103,Page view: {page} by {user}
19446,2026-01-11,12:27:41,INFO,PaymentGateway,Health check passed: PaymentGateway,E102,Health check passed: {service}
19447,2026-01-11,12:40:38,INFO,WebServer,User u1865 login successful,E101,User {user} login successful
19448,2026-01-11,12:28:01,INFO,AuthService,Page view: /home by u1857,E103,Page view: {page} by {user}
19449,2026-01-11,12:14:38,INFO,WebServer,Page view: /home by u4994,E103,Page view: {page} by {user}
19450,2026-01-11,12:28:18,INFO,WebServer,Transaction tx969095 completed in 1800ms,E104,Transaction {tx} completed in {time}ms
19451,2026-01-11,12:31:55,INFO,OrderProcessor,Page view: /home by u2397,E103,Page view: {page} by {user}
19452,2026-01-11,12:54:25,INFO,WebServer,Transaction tx514082 completed in 1487ms,E104,Transaction {tx} completed in {time}ms
19453,2026-01-11,12:47:02,INFO,WebServer,Health check passed: WebServer,E102,Health check passed: {service}
19454,2026-01-11,12:25:11,INFO,OrderProcessor,Transaction tx325533 completed in 1163ms,E104,Transaction {tx} completed in {time}ms
19455,2026-01-11,12:05:10,INFO,PaymentGateway,User u1559 login successful,E101,User {user} login successful
19456,2026-01-11,12:02:41,INFO,WebServer,Health check passed: WebServer,E102,Health check passed: {service}
19457,2026-01-11,12:11:47,INFO,WebServer,Transaction tx823272 completed in 780ms,E104,Transaction {tx} completed in {time}ms
19458,2026-01-11,12:53:08,INFO,AuthService,User u1223 login successful,E101,User {user} login successful
19459,2026-01-11,12:05:06,INFO,WebServer,Page view: /home by u2955,E103,Page view: {page} by {user}
19460,2026-01-11,12:46:25,INFO,AuthService,Transaction tx910340 completed in 1430ms,E104,Transaction {tx} completed in {time}ms
19461,2026-01-11,12:07:29,WARN,WebServer,Unauthorized access attempt from 10.0.0.45,E401,Unauthorized access attempt from {ip}
19462,2026-01-11,12:08:38,INFO,WebServer,Page view: /home by u1360,E103,Page view: {page} by {user}
19463,2026-01-11,12:05:07,INFO,WebServer,Page view: /home by u3818,E103,Page view: {page} by {user}
19464,2026-01-11,12:33:25,INFO,AuthService,Transaction tx783605 completed in 1074ms,E104,Transaction {tx} completed in {time}ms
19465,2026-01-11,12:18:12,INFO,OrderProcessor,Page view: /home by u4163,E103,Page view: {page} by {user}
19466,2026-01-11,12:40:31,INFO,WebServer,Transaction tx139389 completed in 106ms,E104,Transaction {tx} completed in {time}ms
19467,2026-01-11,12:06:25,INFO,WebServer,User u4609 login successful,E101,User {user} login successful
19468,2026-01-11,12:06:45,INFO,WebServer,User u2150 login successful,E101,User {user} login successful
19469,2026-01-11,12:12:29,INFO,InventoryDB,Page view: /home by u2314,E103,Page view: {page} by {user}
19470,2026-01-11,12:17:09,INFO,WebServer,Transaction tx973860 completed in 1714ms,E104,Transaction {tx} completed in {time}ms
19471,2026-01-11,12:16:55,INFO,WebServer,Health check passed: WebServer,E102,Health check passed: {service}
19472,2026-01-11,12:51:14,INFO,AuthService,User u4446 login successful,E101,User {user} login successful
19473,2026-01-11,12:13:22,INFO,AuthService,Page view: /home by u1269,E103,Page view: {page} by {user}
19474,2026-01-11,12:10:48,INFO,AuthService,User u3870 login successful,E101,User {user} login successful
19475,2026-01-11,12:28:34,INFO,WebServer,Transaction tx469139 completed in 473ms,E104,Transaction {tx} completed in {time}ms
19476,2026-01-11,12:00:10,INFO,WebServer,Transaction tx697263 completed in 601ms,E104,Transaction {tx} completed in {time}ms
19477,2026-01-11,12:17:00,INFO,WebServer,Page view: /home by u2826,E103,Page view: {page} by {user}
19478,2026-01-11,12:55:04,INFO,WebServer,Health check passed: WebServer,E102,Health check passed: {service}
19479,2026-01-11,12:11:49,INFO,WebServer,Health check passed: WebServer,E102,Health check passed: {service}
19480,2026-01-11,12:31:52,INFO,PaymentGateway,Transaction tx701724 completed in 287ms,E104,Transaction {tx} completed in {time}ms
19481,2026-01-11,12:13:12,WARN,AuthService,Disk usage > 85% on node node-4,E202,Disk usage > 85% on node {node}
19482,2026-01-11,12:05:04,INFO,WebServer,User u3192 login successful,E101,User {user} login successful
19483,2026-01-11,12:06:58,INFO,WebServer,Page view: /home by u2545,E103,Page view: {page} by {user}
19484,2026-01-11,12:06:20,INFO,OrderProcessor,Page view: /home by u3487,E103,Page view: {page} by {user}
19485,2026-01-11,12:33:07,WARN,OrderProcessor,Disk usage > 85% on node node-4,E202,Disk usage > 85% on node {node}
19486,2026-01-11,12:22:34,INFO,WebServer,Page view: /home by u2808,E103,Page view: {page} by {user}
19487,2026-01-11,12:04:22,INFO,WebServer,Transaction tx542090 completed in 1096ms,E104,Transaction {tx} completed in {time}ms
19488,2026-01-11,12:07:47,INFO,WebServer,User u2581 login successful,E101,User {user} login successful
19489,2026-01-11,12:09:04,INFO,AuthService,User u3139 login successful,E101,User {user} login successful
19490,2026-01-11,12:10:22,INFO,PaymentGateway,Health check passed: PaymentGateway,E102,Health check passed: {service}
19491,2026-01-11,12:08:13,INFO,WebServer,Health check passed: WebServer,E102,Health check passed: {service}
19492,2026-01-11,12:13:10,INFO,PaymentGateway,Transaction tx988272 completed in 269ms,E104,Transaction {tx} completed in {time}ms
19493,2026-01-11,12:54:42,INFO,WebServer,User u3351 login successful,E101,User {user} login successful
19494,2026-01-11,12:21:55,INFO,OrderProcessor,Health check passed: OrderProcessor,E102,Health check passed: {service}
19495,2026-01-11,12:17:27,INFO,WebServer,Page view: /home by u1895,E103,Page view: {page} by {user}
19496,2026-01-11,12:33:51,INFO,AuthService,Health check passed: AuthService,E102,Health check passed: {service}
19497,2026-01-11,12:19:20,INFO,WebServer,Health check passed: WebServer,E102,Health check passed: {service}
19498,2026-01-11,12:20:49,INFO,WebServer,User u3079 login successful,E101,User {user} login successful
19499,2026-01-11,12:01:28,INFO,WebServer,Health check passed: WebServer,E102,Health check passed: {service}
19500,2026-01-11,12:09:14,INFO,WebServer,Page view: /home by u3843,E103,Page view: {page} by {user}
19501,2026-01-11,12:01:43,INFO,AuthService,Health check passed: AuthService,E102,Health check passed: {service}
19502,2026-01-11,12:41:07,INFO,AuthService,Page view: /home by u1865,E103,Page view: {page} by {user}
19503,2026-01-11,12:39:37,INFO,WebServer,User u2419 login successful,E101,User {user} login successful
19504,2026-01-11,12:56:08,INFO,WebServer,Transaction tx374712 completed in 235ms,E104,Transaction {tx} completed in {time}ms
19505,2026-01-11,12:08:18,INFO,OrderProcessor,User u3957 login successful,E101,User {user} login successful
19506,2026-01-11,12:53:22,INFO,WebServer,User u3827 login successful,E101,User {user} login successful
19507,2026-01-11,12:01:01,INFO,PaymentGateway,Health check passed: PaymentGateway,E102,Health check passed: {service}
19508,2026-01-11,12:11:21,INFO,AuthService,Page view: /home by u2869,E103,Page view: {page} by {user}
19509,2026-01-11,12:03:21,INFO,WebServer,Page view: /home by u3669,E103,Page view: {page} by {user}
19510,2026-01-11,12:39:38,INFO,AuthService,Health check passed: AuthService,E102,Health check passed: {service}
19511,2026-01-11,12:39:30,INFO,OrderProcessor,Transaction tx657256 completed in 1721ms,E104,Transaction {tx} completed in {time}ms
19512,2026-01-11,12:56:31,INFO,WebServer,Health check passed: WebServer,E102,Health check passed: {service}
19513,2026-01-11,12:37:43,INFO,WebServer,Page view: /home by u3682,E103,Page view: {page} by {user}
19514,2026-01-11,12:07:48,INFO,WebServer,User u3391 login successful,E101,User {user} login successful
19515,2026-01-11,12:12:09,INFO,WebServer,User u4610 login successful,E101,User {user} login successful
19516,2026-01-11,12:10:18,WARN,WebServer,Unauthorized access attempt from 10.0.0.45,E401,Unauthorized access attempt from {ip}
19517,2026-01-11,12:42:50,INFO,WebServer,User u1941 login successful,E101,User {user} login successful
19518,2026-01-11,12:03:25,INFO,PaymentGateway,Transaction tx351367 completed in 228ms,E104,Transaction {tx} completed in {time}ms
19519,2026-01-11,12:34:30,INFO,PaymentGateway,Page view: /home by u1733,E103,Page view: {page} by {user}
19520,2026-01-11,12:55:36,INFO,WebServer,Page view: /home by u2575,E103,Page view: {page} by {user}
19521,2026-01-11,12:50:39,INFO,WebServer,Page view: /home by u4816,E103,Page view: {page} by {user}
19522,2026-01-11,12:45:08,INFO,OrderProcessor,User u4890 login successful,E101,User {user} login successful
19523,2026-01-11,12:07:17,INFO,WebServer,Transaction tx136658 completed in 224ms,E104,Transaction {tx} completed in {time}ms
19524,2026-01-11,12:17:03,INFO,AuthService,Transaction tx378228 completed in 1932ms,E104,Transaction {tx} completed in {time}ms
19525,2026-01-11,12:54:23,INFO,AuthService,Transaction tx466700 completed in 476ms,E104,Transaction {tx} completed in {time}ms
19526,2026-01-11,12:04:35,INFO,AuthService,Health check passed: AuthService,E102,Health check passed: {service}
19527,2026-01-11,12:52:17,INFO,WebServer,Health check passed: WebServer,E102,Health check passed: {service}
19528,2026-01-11,12:04:13,INFO,AuthService,User u1832 login successful,E101,User {user} login successful
19529,2026-01-11,12:03:48,INFO,WebServer,Page view: /home by u1654,E103,Page view: {page} by {user}
19530,2026-01-11,12:23:06,INFO,WebServer,User u1560 login successful,E101,User {user} login successful
19531,2026-01-11,12:02:02,INFO,OrderProcessor,Health check passed: OrderProcessor,E102,Health check passed: {service}
19532,2026-01-11,12:44:54,INFO,WebServer,User u2530 login successful,E101,User {user} login successful
19533,2026-01-11,12:44:30,INFO,AuthService,Page view: /home by u3156,E103,Page view: {page} by {user}
19534,2026-01-11,12:50:44,INFO,PaymentGateway,User u2451 login successful,E101,User {user} login successful
19535,2026-01-11,12:17:40,WARN,InventoryDB,High latency (1308ms) detected on InventoryDB,E201,High latency ({time}ms) detected on {service}
19536,2026-01-11,12:19:07,INFO,PaymentGateway,User u3102 login successful,E101,User {user} login successful
19537,2026-01-11,12:01:14,INFO,InventoryDB,Transaction tx812045 completed in 1707ms,E104,Transaction {tx} completed in {time}ms
19538,2026-01-11,12:48:50,INFO,InventoryDB,Page view: /home by u3009,E103,Page view: {page} by {user}
19539,2026-01-11,12:57:44,INFO,OrderProcessor,Page view: /home by u4802,E103,Page view: {page} by {user}
19540,2026-01-11,12:31:09,INFO,InventoryDB,Health check passed: InventoryDB,E102,Health check passed: {service}
19541,2026-01-11,12:50:38,INFO,WebServer,User u3681 login successful,E101,User {user} login successful
19542,2026-01-11,12:34:36,INFO,WebServer,User u3752 login successful,E101,User {user} login successful
19543,2026-01-11,12:03:07,INFO,WebServer,User u4183 login successful,E101,User {user} login successful
19544,2026-01-11,12:34:50,WARN,AuthService,Unauthorized access attempt from 10.0.0.45,E401,Unauthorized access attempt from {ip}
19545,2026-01-11,12:14:13,INFO,AuthService,Page view: /home by u3125,E103,Page view: {page} by {user}
19546,2026-01-11,12:02:03,WARN,OrderProcessor,High latency (1856ms) detected on OrderProcessor,E201,High latency ({time}ms) detected on {service}
19547,2026-01-11,12:14:13,INFO,AuthService,Page view: /home by u1662,E103,Page view: {page} by {user}
19548,2026-01-11,12:08:30,INFO,OrderProcessor,Page view: /home by u4674,E103,Page view: {page} by {user}
19549,2026-01-11,12:18:20,INFO,WebServer,Transaction tx284024 completed in 1596ms,E104,Transaction {tx} completed in {time}ms
19550,2026-01-11,12:22:38,INFO,WebServer,Health check passed: WebServer,E102,Health check passed: {service}
19551,2026-01-11,12:54:02,INFO,AuthService,Health check passed: AuthService,E102,Health check passed: {service}
19552,2026-01-11,12:34:35,INFO,AuthService,Transaction tx282104 completed in 95ms,E104,Transaction {tx} completed in {time}ms
19553,2026-01-11,12:46:03,INFO,OrderProcessor,Page view: /home by u3144,E103,Page view: {page} by {user}
19554,2026-01-11,12:24:42,INFO,WebServer,User u3806 login successful,E101,User {user} login successful
19555,2026-01-11,12:05:03,INFO,WebServer,Page view: /home by u3578,E103,Page view: {page} by {user}
19556,2026-01-11,12:48:27,INFO,WebServer,Transaction tx505342 completed in 1121ms,E104,Transaction {tx} completed in {time}ms
19557,2026-01-11,12:19:44,WARN,WebServer,Unauthorized access attempt from 192.168.1.5,E401,Unauthorized access attempt from {ip}
19558,2026-01-11,12:52:19,INFO,WebServer,Transaction tx363139 completed in 1028ms,E104,Transaction {tx} completed in {time}ms
19559,2026-01-11,12:31:50,INFO,AuthService,Health check passed: AuthService,E102,Health check passed: {service}
19560,2026-01-11,12:27:42,INFO,OrderProcessor,Health check passed: OrderProcessor,E102,Health check passed: {service}
19561,2026-01-11,12:44:54,INFO,InventoryDB,Transaction tx171705 completed in 1150ms,E104,Transaction {tx} completed in {time}ms
19562,2026-01-11,12:28:26,INFO,OrderProcessor,User u1638 login successful,E101,User {user} login successful
19563,2026-01-11,12:32:41,INFO,AuthService,Health check passed: AuthService,E102,Health check passed: {service}
19564,2026-01-11,12:46:26,WARN,AuthService,Disk usage > 85% on node node-2,E202,Disk usage > 85% on node {node}
19565,2026-01-11,12:15:47,INFO,WebServer,Transaction tx435590 completed in 691ms,E104,Transaction {tx} completed in {time}ms
19566,2026-01-11,12:48:30,INFO,AuthService,Transaction tx838211 completed in 296ms,E104,Transaction {tx} completed in {time}ms
19567,2026-01-11,12:46:31,WARN,WebServer,Unauthorized access attempt from 10.0.0.12,E401,Unauthorized access attempt from {ip}
19568,2026-01-11,12:14:07,INFO,PaymentGateway,Health check passed: PaymentGateway,E102,Health check passed: {service}
19569,2026-01-11,12:57:04,INFO,WebServer,Page view: /home by u2054,E103,Page view: {page} by {user}
19570,2026-01-11,12:39:27,INFO,WebServer,Page view: /home by u3519,E103,Page view: {page} by {user}
19571,2026-01-11,12:07:12,INFO,InventoryDB,Transaction tx502031 completed in 1199ms,E104,Transaction {tx} completed in {time}ms
19572,2026-01-11,12:09:07,INFO,WebServer,Transaction tx484663 completed in 795ms,E104,Transaction {tx} completed in {time}ms
19573,2026-01-11,12:00:42,WARN,PaymentGateway,Disk usage > 85% on node node-5,E202,Disk usage > 85% on node {node}
19574,2026-01-11,12:13:23,INFO,PaymentGateway,User u3279 login successful,E101,User {user} login successful
19575,2026-01-11,12:03:13,INFO,AuthService,User u1960 login successful,E101,User {user} login successful
19576,2026-01-11,12:00:43,INFO,WebServer,Transaction tx715464 completed in 267ms,E104,Transaction {tx} completed in {time}ms
19577,2026-01-11,12:53:16,INFO,WebServer,User u2673 login successful,E101,User {user} login successful
19578,2026-01-11,12:14:03,INFO,WebServer,User u3239 login successful,E101,User {user} login successful
19579,2026-01-11,12:07:21,INFO,OrderProcessor,Health check passed: OrderProcessor,E102,Health check passed: {service}
19580,2026-01-11,12:53:47,INFO,WebServer,Health check passed: WebServer,E102,Health check passed: {service}
19581,2026-01-11,12:22:04,WARN,AuthService,Disk usage > 85% on node node-2,E202,Disk usage > 85% on node {node}
19582,2026-01-11,12:57:53,WARN,WebServer,Disk usage > 85% on node node-4,E202,Disk usage > 85% on node {node}
19583,2026-01-11,12:49:20,INFO,AuthService,User u3049 login successful,E101,User {user} login successful
19584,2026-01-11,12:23:04,WARN,PaymentGateway,High latency (1827ms) detected on PaymentGateway,E201,High latency ({time}ms) detected on {service}
19585,2026-01-11,12:18:36,INFO,AuthService,Transaction tx998264 completed in 313ms,E104,Transaction {tx} completed in {time}ms
19586,2026-01-11,12:48:45,WARN,InventoryDB,High latency (800ms) detected on InventoryDB,E201,High latency ({time}ms) detected on {service}
19587,2026-01-11,12:39:31,INFO,WebServer,Page view: /home by u2990,E103,Page view: {page} by {user}
19588,2026-01-11,12:40:58,INFO,WebServer,User u1772 login successful,E101,User {user} login successful
19589,2026-01-11,12:44:40,INFO,AuthService,Transaction tx432979 completed in 942ms,E104,Transaction {tx} completed in {time}ms
19590,2026-01-11,12:48:28,INFO,PaymentGateway,Health check passed: PaymentGateway,E102,Health check passed: {service}
19591,2026-01-11,12:51:58,INFO,WebServer,Page view: /home by u2088,E103,Page view: {page} by {user}
19592,2026-01-11,12:39:45,INFO,WebServer,Page view: /home by u1414,E103,Page view: {page} by {user}
19593,2026-01-11,12:58:01,INFO,WebServer,Transaction tx557562 completed in 844ms,E104,Transaction {tx} completed in {time}ms
19594,2026-01-11,12:02:47,INFO,AuthService,Page view: /home by u4266,E103,Page view: {page} by {user}
19595,2026-01-11,12:28:30,INFO,WebServer,User u3929 login successful,E101,User {user} login successful
19596,2026-01-11,12:23:01,INFO,WebServer,User u3057 login successful,E101,User {user} login successful
19597,2026-01-11,12:30:23,INFO,AuthService,Page view: /home by u3215,E103,Page view: {page} by {user}
19598,2026-01-11,12:43:20,INFO,WebServer,Page view: /home by u1358,E103,Page view: {page} by {user}
19599,2026-01-11,12:12:35,INFO,AuthService,Transaction tx105550 completed in 1898ms,E104,Transaction {tx} completed in {time}ms
19600,2026-01-11,12:18:40,INFO,PaymentGateway,Health check passed: PaymentGateway,E102,Health check passed: {service}
19601,2026-01-11,12:00:27,WARN,OrderProcessor,Disk usage > 85% on node node-2,E202,Disk usage > 85% on node {node}
19602,2026-01-11,12:40:16,INFO,WebServer,Transaction tx631176 completed in 476ms,E104,Transaction {tx} completed in {time}ms
19603,2026-01-11,12:13:39,INFO,WebServer,Health check passed: WebServer,E102,Health check passed: {service}
19604,2026-01-11,12:19:14,INFO,WebServer,Transaction tx799489 completed in 804ms,E104,Transaction {tx} completed in {time}ms
19605,2026-01-11,12:50:42,INFO,WebServer,Page view: /home by u4261,E103,Page view: {page} by {user}
19606,2026-01-11,12:19:29,INFO,WebServer,User u4711 login successful,E101,User {user} login successful
19607,2026-01-11,12:22:41,INFO,PaymentGateway,Health check passed: PaymentGateway,E102,Health check passed: {service}
19608,2026-01-11,12:23:10,INFO,WebServer,Health check passed: WebServer,E102,Health check passed: {service}
19609,2026-01-11,12:06:49,INFO,PaymentGateway,Transaction tx404351 completed in 750ms,E104,Transaction {tx} completed in {time}ms
19610,2026-01-11,12:33:26,INFO,WebServer,Page view: /home by u1618,E103,Page view: {page} by {user}
19611,2026-01-11,12:11:15,INFO,AuthService,User u3443 login successful,E101,User {user} login successful
19612,2026-01-11,12:59:06,INFO,WebServer,Health check passed: WebServer,E102,Health check passed: {service}
19613,2026-01-11,12:16:20,INFO,WebServer,Page view: /home by u3161,E103,Page view: {page} by {user}
19614,2026-01-11,12:52:46,WARN,WebServer,High latency (545ms) detected on WebServer,E201,High latency ({time}ms) detected on {service}
19615,2026-01-11,12:32:01,INFO,WebServer,Transaction tx603191 completed in 1696ms,E104,Transaction {tx} completed in {time}ms
19616,2026-01-11,12:50:13,INFO,WebServer,Transaction tx728681 completed in 1449ms,E104,Transaction {tx} completed in {time}ms
19617,2026-01-11,12:33:17,INFO,WebServer,Transaction tx866793 completed in 1759ms,E104,Transaction {tx} completed in {time}ms
19618,2026-01-11,12:34:04,INFO,OrderProcessor,Health check passed: OrderProcessor,E102,Health check passed: {service}
19619,2026-01-11,12:39:28,INFO,PaymentGateway,Page view: /home by u4660,E103,Page view: {page} by {user}
19620,2026-01-11,12:26:52,INFO,WebServer,Health check passed: WebServer,E102,Health check passed: {service}
19621,2026-01-11,12:28:19,INFO,AuthService,Transaction tx225648 completed in 72ms,E104,Transaction {tx} completed in {time}ms
19622,2026-01-11,12:01:36,INFO,InventoryDB,Page view: /home by u2175,E103,Page view: {page} by {user}
19623,2026-01-11,12:54:03,INFO,WebServer,Health check passed: WebServer,E102,Health check passed: {service}
19624,2026-01-11,12:14:29,INFO,WebServer,Health check passed: WebServer,E102,Health check passed: {service}
19625,2026-01-11,12:14:33,INFO,OrderProcessor,Transaction tx598623 completed in 681ms,E104,Transaction {tx} completed in {time}ms
19626,2026-01-11,12:02:51,INFO,WebServer,Transaction tx617249 completed in 72ms,E104,Transaction {tx} completed in {time}ms
19627,2026-01-11,12:57:38,INFO,WebServer,Transaction tx634646 completed in 1828ms,E104,Transaction {tx} completed in {time}ms
19628,2026-01-11,12:05:08,INFO,PaymentGateway,Health check passed: PaymentGateway,E102,Health check passed: {service}
19629,2026-01-11,12:08:37,INFO,PaymentGateway,Health check passed: PaymentGateway,E102,Health check passed: {service}
19630,2026-01-11,12:38:30,INFO,PaymentGateway,Transaction tx315554 completed in 126ms,E104,Transaction {tx} completed in {time}ms
19631,2026-01-11,12:37:41,INFO,AuthService,Transaction tx111800 completed in 1044ms,E104,Transaction {tx} completed in {time}ms
19632,2026-01-11,12:47:08,INFO,WebServer,Health check passed: WebServer,E102,Health check passed: {service}
19633,2026-01-11,12:54:15,INFO,InventoryDB,Health check passed: InventoryDB,E102,Health check passed: {service}
19634,2026-01-11,12:57:00,INFO,InventoryDB,Health check passed: InventoryDB,E102,Health check passed: {service}
19635,2026-01-11,12:54:36,INFO,PaymentGateway,Health check passed: PaymentGateway,E102,Health check passed: {service}
19636,2026-01-11,12:31:43,WARN,OrderProcessor,Disk usage > 85% on node node-4,E202,Disk usage > 85% on node {node}
19637,2026-01-11,12:45:40,INFO,WebServer,Page view: /home by u2049,E103,Page view: {page} by {user}
19638,2026-01-11,12:12:11,INFO,WebServer,User u4592 login successful,E101,User {user} login successful
19639,2026-01-11,12:20:11,INFO,WebServer,User u3480 login successful,E101,User {user} login successful
19640,2026-01-11,12:33:18,INFO,WebServer,Transaction tx855804 completed in 881ms,E104,Transaction {tx} completed in {time}ms
19641,2026-01-11,12:33:11,INFO,WebServer,Health check passed: WebServer,E102,Health check passed: {service}
19642,2026-01-11,12:46:15,INFO,AuthService,Page view: /home by u1248,E103,Page view: {page} by {user}
19643,2026-01-11,12:56:47,INFO,OrderProcessor,Transaction tx241248 completed in 92ms,E104,Transaction {tx} completed in {time}ms
19644,2026-01-11,12:49:01,INFO,AuthService,User u2164 login successful,E101,User {user} login successful
19645,2026-01-11,12:50:59,INFO,WebServer,User u2678 login successful,E101,User {user} login successful
19646,2026-01-11,12:42:41,INFO,WebServer,Page view: /home by u1532,E103,Page view: {page} by {user}
19647,2026-01-11,12:13:19,INFO,WebServer,Transaction tx510600 completed in 56ms,E104,Transaction {tx} completed in {time}ms
19648,2026-01-11,12:46:24,WARN,WebServer,Unauthorized access attempt from 10.0.0.45,E401,Unauthorized access attempt from {ip}
19649,2026-01-11,12:46:15,INFO,AuthService,Page view: /home by u3543,E103,Page view: {page} by {user}
19650,2026-01-11,12:25:03,INFO,WebServer,Transaction tx543909 completed in 325ms,E104,Transaction {tx} completed in {time}ms
19651,2026-01-11,12:11:22,INFO,AuthService,Page view: /home by u1537,E103,Page view: {page} by {user}
19652,2026-01-11,12:53:24,INFO,AuthService,User u4405 login successful,E101,User {user} login successful
19653,2026-01-11,12:20:32,INFO,OrderProcessor,Page view: /home by u4238,E103,Page view: {page} by {user}
19654,2026-01-11,12:07:11,INFO,OrderProcessor,Transaction tx876988 completed in 538ms,E104,Transaction {tx} completed in {time}ms
19655,2026-01-11,12:50:43,INFO,WebServer,Page view: /home by u3730,E103,Page view: {page} by {user}
19656,2026-01-11,12:58:59,INFO,WebServer,Transaction tx892238 completed in 293ms,E104,Transaction {tx} completed in {time}ms
19657,2026-01-11,12:46:57,INFO,WebServer,Page view: /home by u1996,E103,Page view: {page} by {user}
19658,2026-01-11,12:29:30,INFO,OrderProcessor,Page view: /home by u2496,E103,Page view: {page} by {user}
19659,2026-01-11,12:39:57,INFO,WebServer,Health check passed: WebServer,E102,Health check passed: {service}
19660,2026-01-11,12:34:57,INFO,WebServer,Health check passed: WebServer,E102,Health check passed: {service}
19661,2026-01-11,12:09:52,INFO,WebServer,Health check passed: WebServer,E102,Health check passed: {service}
19662,2026-01-11,12:50:31,INFO,WebServer,User u1561 login successful,E101,User {user} login successful
19663,2026-01-11,12:01:07,INFO,AuthService,Page view: /home by u2953,E103,Page view: {page} by {user}
19664,2026-01-11,12:03:20,INFO,InventoryDB,Health check passed: InventoryDB,E102,Health check passed: {service}
19665,2026-01-11,12:14:09,INFO,InventoryDB,Page view: /home by u2791,E103,Page view: {page} by {user}
19666,2026-01-11,12:20:37,INFO,WebServer,Transaction tx646119 completed in 690ms,E104,Transaction {tx} completed in {time}ms
19667,2026-01-11,12:48:24,INFO,PaymentGateway,Page view: /home by u2136,E103,Page view: {page} by {user}
19668,2026-01-11,12:00:06,INFO,PaymentGateway,Page view: /home by u2423,E103,Page view: {page} by {user}
19669,2026-01-11,12:56:20,INFO,WebServer,Transaction tx537068 completed in 1893ms,E104,Transaction {tx} completed in {time}ms
19670,2026-01-11,12:30:15,WARN,WebServer,High latency (1289ms) detected on WebServer,E201,High latency ({time}ms) detected on {service}
19671,2026-01-11,12:55:08,INFO,OrderProcessor,Page view: /home by u3286,E103,Page view: {page} by {user}
19672,2026-01-11,12:16:55,INFO,AuthService,User u4013 login successful,E101,User {user} login successful
19673,2026-01-11,12:53:18,INFO,OrderProcessor,Transaction tx570238 completed in 1481ms,E104,Transaction {tx} completed in {time}ms
19674,2026-01-11,12:10:06,INFO,AuthService,User u1976 login successful,E101,User {user} login successful
19675,2026-01-11,12:37:24,WARN,WebServer,Unauthorized access attempt from 10.0.0.45,E401,Unauthorized access attempt from {ip}
19676,2026-01-11,12:01:41,WARN,WebServer,High latency (1874ms) detected on WebServer,E201,High latency ({time}ms) detected on {service}
19677,2026-01-11,12:08:24,INFO,WebServer,Page view: /home by u2468,E103,Page view: {page} by {user}
19678,2026-01-11,12:45:32,INFO,AuthService,User u3518 login successful,E101,User {user} login successful
19679,2026-01-11,12:50:52,INFO,AuthService,Health check passed: AuthService,E102,Health check passed: {service}
19680,2026-01-11,12:41:32,INFO,WebServer,Transaction tx252086 completed in 1915ms,E104,Transaction {tx} completed in {time}ms
19681,2026-01-11,12:10:34,INFO,WebServer,Page view: /home by u4203,E103,Page view: {page} by {user}
19682,2026-01-11,12:51:17,INFO,WebServer,User u3554 login successful,E101,User {user} login successful
19683,2026-01-11,12:18:17,INFO,WebServer,Health check passed: WebServer,E102,Health check passed: {service}
19684,2026-01-11,12:03:28,INFO,InventoryDB,Page view: /home by u1018,E103,Page view: {page} by {user}
19685,2026-01-11,12:39:03,INFO,WebServer,Page view: /home by u1908,E103,Page view: {page} by {user}
19686,2026-01-11,12:32:01,INFO,OrderProcessor,Page view: /home by u3561,E103,Page view: {page} by {user}
19687,2026-01-11,12:23:37,INFO,AuthService,Health check passed: AuthService,E102,Health check passed: {service}
19688,2026-01-11,12:08:54,INFO,OrderProcessor,User u3061 login successful,E101,User {user} login successful
19689,2026-01-11,12:36:00,INFO,WebServer,User u3081 login successful,E101,User {user} login successful
19690,2026-01-11,12:20:11,INFO,AuthService,Page view: /home by u3689,E103,Page view: {page} by {user}
19691,2026-01-11,12:26:45,INFO,WebServer,Page view: /home by u4560,E103,Page view: {page} by {user}
19692,2026-01-11,12:33:31,INFO,PaymentGateway,Page view: /home by u4127,E103,Page view: {page} by {user}
19693,2026-01-11,12:22:22,INFO,WebServer,User u3082 login successful,E101,User {user} login successful
19694,2026-01-11,12:00:31,INFO,WebServer,User u3578 login successful,E101,User {user} login successful
19695,2026-01-11,12:33:23,INFO,WebServer,Page view: /home by u3074,E103,Page view: {page} by {user}
19696,2026-01-11,12:37:48,INFO,WebServer,Page view: /home by u1244,E103,Page view: {page} by {user}
19697,2026-01-11,12:26:20,INFO,WebServer,User u2192 login successful,E101,User {user} login successful
19698,2026-01-11,12:06:15,INFO,WebServer,Page view: /home by u2691,E103,Page view: {page} by {user}
19699,2026-01-11,12:53:36,INFO,WebServer,Transaction tx842026 completed in 1895ms,E104,Transaction {tx} completed in {time}ms
19700,2026-01-11,12:02:12,WARN,OrderProcessor,Disk usage > 85% on node node-1,E202,Disk usage > 85% on node {node}
19701,2026-01-11,12:07:53,INFO,WebServer,Transaction tx668191 completed in 205ms,E104,Transaction {tx} completed in {time}ms
19702,2026-01-11,12:53:18,INFO,OrderProcessor,User u4351 login successful,E101,User {user} login successful
19703,2026-01-11,12:12:02,INFO,AuthService,User u4361 login successful,E101,User {user} login successful
19704,2026-01-11,12:28:09,INFO,WebServer,Page view: /home by u1174,E103,Page view: {page} by {user}
19705,2026-01-11,12:43:27,INFO,WebServer,Page view: /home by u3843,E103,Page view: {page} by {user}
19706,2026-01-11,12:49:30,INFO,WebServer,User u3644 login successful,E101,User {user} login successful
19707,2026-01-11,12:12:52,INFO,WebServer,Health check passed: WebServer,E102,Health check passed: {service}
19708,2026-01-11,12:39:45,INFO,WebServer,User u3594 login successful,E101,User {user} login successful
19709,2026-01-11,12:10:45,INFO,WebServer,Transaction tx882988 completed in 1939ms,E104,Transaction {tx} completed in {time}ms
19710,2026-01-11,12:31:07,INFO,WebServer,User u3006 login successful,E101,User {user} login successful
19711,2026-01-11,12:45:02,INFO,WebServer,Transaction tx166393 completed in 1002ms,E104,Transaction {tx} completed in {time}ms
19712,2026-01-11,12:42:48,INFO,WebServer,User u4705 login successful,E101,User {user} login successful
19713,2026-01-11,12:10:07,INFO,WebServer,Health check passed: WebServer,E102,Health check passed: {service}
19714,2026-01-11,12:27:30,INFO,PaymentGateway,Health check passed: PaymentGateway,E102,Health check passed: {service}
19715,2026-01-11,12:34:43,INFO,AuthService,User u1355 login successful,E101,User {user} login successful
19716,2026-01-11,12:18:11,INFO,WebServer,User u4420 login successful,E101,User {user} login successful
19717,2026-01-11,12:24:23,INFO,AuthService,User u3005 login successful,E101,User {user} login successful
19718,2026-01-11,12:13:20,INFO,WebServer,Transaction tx360690 completed in 97ms,E104,Transaction {tx} completed in {time}ms
19719,2026-01-11,12:06:31,INFO,WebServer,Page view: /home by u3091,E103,Page view: {page} by {user}
19720,2026-01-11,12:20:13,WARN,WebServer,High latency (842ms) detected on WebServer,E201,High latency ({time}ms) detected on {service}
19721,2026-01-11,12:28:31,INFO,WebServer,Transaction tx421464 completed in 1977ms,E104,Transaction {tx} completed in {time}ms
19722,2026-01-11,12:42:38,INFO,WebServer,User u3397 login successful,E101,User {user} login successful
19723,2026-01-11,12:45:03,INFO,AuthService,Health check passed: AuthService,E102,Health check passed: {service}
19724,2026-01-11,12:00:55,INFO,WebServer,Health check passed: WebServer,E102,Health check passed: {service}
19725,2026-01-11,12:58:33,INFO,OrderProcessor,Transaction tx302467 completed in 1397ms,E104,Transaction {tx} completed in {time}ms
19726,2026-01-11,12:48:07,INFO,PaymentGateway,User u1017 login successful,E101,User {user} login successful
19727,2026-01-11,12:34:24,INFO,WebServer,Health check passed: WebServer,E102,Health check passed: {service}
19728,2026-01-11,12:38:31,INFO,PaymentGateway,User u2802 login successful,E101,User {user} login successful
19729,2026-01-11,12:04:45,INFO,AuthService,Transaction tx437409 completed in 240ms,E104,Transaction {tx} completed in {time}ms
19730,2026-01-11,12:37:52,INFO,OrderProcessor,User u2822 login successful,E101,User {user} login successful
19731,2026-01-11,12:51:39,INFO,WebServer,Page view: /home by u3378,E103,Page view: {page} by {user}
19732,2026-01-11,12:23:29,INFO,AuthService,Page view: /home by u3873,E103,Page view: {page} by {user}
19733,2026-01-11,12:03:19,INFO,WebServer,Page view: /home by u3918,E103,Page view: {page} by {user}
19734,2026-01-11,12:02:49,INFO,OrderProcessor,Health check passed: OrderProcessor,E102,Health check passed: {service}
19735,2026-01-11,12:07:47,INFO,WebServer,User u3985 login successful,E101,User {user} login successful
19736,2026-01-11,12:08:57,INFO,WebServer,Transaction tx662156 completed in 912ms,E104,Transaction {tx} completed in {time}ms
19737,2026-01-11,12:59:14,INFO,WebServer,Page view: /home by u2527,E103,Page view: {page} by {user}
19738,2026-01-11,12:18:27,INFO,PaymentGateway,Health check passed: PaymentGateway,E102,Health check passed: {service}
19739,2026-01-11,12:27:58,INFO,WebServer,User u3024 login successful,E101,User {user} login successful
19740,2026-01-11,12:36:15,INFO,AuthService,Health check passed: AuthService,E102,Health check passed: {service}
19741,2026-01-11,12:46:32,INFO,WebServer,User u1512 login successful,E101,User {user} login successful
19742,2026-01-11,12:23:10,INFO,WebServer,User u1122 login successful,E101,User {user} login successful
19743,2026-01-11,12:03:54,INFO,WebServer,User u4653 login successful,E101,User {user} login successful
19744,2026-01-11,12:43:34,INFO,WebServer,Transaction tx254608 completed in 184ms,E104,Transaction {tx} completed in {time}ms
19745,2026-01-11,12:17:19,INFO,AuthService,Page view: /home by u4733,E103,Page view: {page} by {user}
19746,2026-01-11,12:45:15,WARN,WebServer,High latency (732ms) detected on WebServer,E201,High latency ({time}ms) detected on {service}
19747,2026-01-11,12:51:57,INFO,PaymentGateway,Health check passed: PaymentGateway,E102,Health check passed: {service}
19748,2026-01-11,12:40:02,INFO,WebServer,User u3022 login successful,E101,User {user} login successful
19749,2026-01-11,12:17:46,INFO,WebServer,Transaction tx766457 completed in 789ms,E104,Transaction {tx} completed in {time}ms
19750,2026-01-11,12:00:14,INFO,OrderProcessor,Transaction tx735679 completed in 1400ms,E104,Transaction {tx} completed in {time}ms
19751,2026-01-11,12:01:53,INFO,WebServer,Transaction tx492463 completed in 231ms,E104,Transaction {tx} completed in {time}ms
19752,2026-01-11,12:59:12,INFO,AuthService,Health check passed: AuthService,E102,Health check passed: {service}
19753,2026-01-11,12:19:08,INFO,OrderProcessor,Transaction tx495007 completed in 281ms,E104,Transaction {tx} completed in {time}ms
19754,2026-01-11,12:44:58,INFO,AuthService,Transaction tx105774 completed in 1207ms,E104,Transaction {tx} completed in {time}ms
19755,2026-01-11,12:22:39,INFO,OrderProcessor,Health check passed: OrderProcessor,E102,Health check passed: {service}
19756,2026-01-11,12:50:10,INFO,WebServer,Health check passed: WebServer,E102,Health check passed: {service}
19757,2026-01-11,12:16:49,INFO,OrderProcessor,Transaction tx675625 completed in 21ms,E104,Transaction {tx} completed in {time}ms
19758,2026-01-11,12:34:19,INFO,InventoryDB,Health check passed: InventoryDB,E102,Health check passed: {service}
19759,2026-01-11,12:15:17,INFO,WebServer,Health check passed: WebServer,E102,Health check passed: {service}
19760,2026-01-11,12:54:52,INFO,OrderProcessor,Transaction tx904522 completed in 1749ms,E104,Transaction {tx} completed in {time}ms
19761,2026-01-11,12:46:45,INFO,WebServer,Health check passed: WebServer,E102,Health check passed: {service}
19762,2026-01-11,12:55:40,INFO,WebServer,Transaction tx488190 completed in 1756ms,E104,Transaction {tx} completed in {time}ms
19763,2026-01-11,12:03:47,INFO,WebServer,User u4700 login successful,E101,User {user} login successful
19764,2026-01-11,12:17:40,INFO,WebServer,User u4310 login successful,E101,User {user} login successful
19765,2026-01-11,12:37:20,INFO,AuthService,Health check passed: AuthService,E102,Health check passed: {service}
19766,2026-01-11,12:47:32,INFO,WebServer,Transaction tx384958 completed in 389ms,E104,Transaction {tx} completed in {time}ms
19767,2026-01-11,12:17:39,INFO,AuthService,Health check passed: AuthService,E102,Health check passed: {service}
19768,2026-01-11,12:27:30,INFO,WebServer,Transaction tx458921 completed in 382ms,E104,Transaction {tx} completed in {time}ms
19769,2026-01-11,12:47:17,INFO,AuthService,Transaction tx109603 completed in 1328ms,E104,Transaction {tx} completed in {time}ms
19770,2026-01-11,12:08:57,INFO,WebServer,Transaction tx592833 completed in 1831ms,E104,Transaction {tx} completed in {time}ms
19771,2026-01-11,12:06:43,INFO,OrderProcessor,Transaction tx657032 completed in 1064ms,E104,Transaction {tx} completed in {time}ms
19772,2026-01-11,12:48:52,INFO,AuthService,Transaction tx786200 completed in 1095ms,E104,Transaction {tx} completed in {time}ms
19773,2026-01-11,12:52:13,INFO,PaymentGateway,Health check passed: PaymentGateway,E102,Health check passed: {service}
19774,2026-01-11,12:32:02,INFO,OrderProcessor,Health check passed: OrderProcessor,E102,Health check passed: {service}
19775,2026-01-11,12:55:53,INFO,InventoryDB,Transaction tx488393 completed in 1985ms,E104,Transaction {tx} completed in {time}ms
19776,2026-01-11,12:58:21,INFO,WebServer,Health check passed: WebServer,E102,Health check passed: {service}
19777,2026-01-11,12:14:54,WARN,OrderProcessor,Unauthorized access attempt from 10.0.0.45,E401,Unauthorized access attempt from {ip}
19778,2026-01-11,12:49:42,INFO,WebServer,Health check passed: WebServer,E102,Health check passed: {service}
19779,2026-01-11,12:39:10,INFO,AuthService,Health check passed: AuthService,E102,Health check passed: {service}
19780,2026-01-11,12:31:47,INFO,WebServer,Health check passed: WebServer,E102,Health check passed: {service}
19781,2026-01-11,12:29:54,INFO,InventoryDB,User u4620 login successful,E101,User {user} login successful
19782,2026-01-11,12:10:29,INFO,PaymentGateway,Transaction tx458540 completed in 1740ms,E104,Transaction {tx} completed in {time}ms
19783,2026-01-11,12:53:26,INFO,OrderProcessor,Page view: /home by u3952,E103,Page view: {page} by {user}
19784,2026-01-11,12:11:40,INFO,WebServer,Health check passed: WebServer,E102,Health check passed: {service}
19785,2026-01-11,12:53:50,INFO,OrderProcessor,Health check passed: OrderProcessor,E102,Health check passed: {service}
19786,2026-01-11,12:42:41,WARN,PaymentGateway,Unauthorized access attempt from 192.168.1.5,E401,Unauthorized access attempt from {ip}
19787,2026-01-11,12:44:31,INFO,OrderProcessor,User u2741 login successful,E101,User {user} login successful
19788,2026-01-11,12:08:28,INFO,WebServer,Transaction tx344169 completed in 354ms,E104,Transaction {tx} completed in {time}ms
19789,2026-01-11,12:35:12,INFO,WebServer,Health check passed: WebServer,E102,Health check passed: {service}
19790,2026-01-11,12:33:07,INFO,AuthService,User u3984 login successful,E101,User {user} login successful
19791,2026-01-11,12:25:45,INFO,PaymentGateway,Page view: /home by u2383,E103,Page view: {page} by {user}
19792,2026-01-11,12:15:06,INFO,WebServer,Page view: /home by u1676,E103,Page view: {page} by {user}
19793,2026-01-11,12:40:05,INFO,AuthService,Page view: /home by u4189,E103,Page view: {page} by {user}
19794,2026-01-11,12:10:14,INFO,PaymentGateway,User u4797 login successful,E101,User {user} login successful
19795,2026-01-11,12:16:38,WARN,WebServer,High latency (397ms) detected on WebServer,E201,High latency ({time}ms) detected on {service}
19796,2026-01-11,12:28:47,INFO,PaymentGateway,Transaction tx789020 completed in 1404ms,E104,Transaction {tx} completed in {time}ms
19797,2026-01-11,12:34:04,WARN,AuthService,High latency (263ms) detected on AuthService,E201,High latency ({time}ms) detected on {service}
19798,2026-01-11,12:58:07,INFO,WebServer,User u4878 login successful,E101,User {user} login successful
19799,2026-01-11,12:09:21,INFO,OrderProcessor,Page view: /home by u4202,E103,Page view: {page} by {user}
19800,2026-01-11,12:29:48,INFO,WebServer,Transaction tx172735 completed in 535ms,E104,Transaction {tx} completed in {time}ms
19801,2026-01-11,12:50:56,INFO,InventoryDB,Health check passed: InventoryDB,E102,Health check passed: {service}
19802,2026-01-11,12:02:53,INFO,PaymentGateway,Page view: /home by u1469,E103,Page view: {page} by {user}
19803,2026-01-11,12:31:20,INFO,WebServer,Health check passed: WebServer,E102,Health check passed: {service}
19804,2026-01-11,12:25:47,INFO,WebServer,Transaction tx307558 completed in 516ms,E104,Transaction {tx} completed in {time}ms
19805,2026-01-11,12:15:45,INFO,OrderProcessor,Transaction tx909509 completed in 83ms,E104,Transaction {tx} completed in {time}ms
19806,2026-01-11,12:07:20,INFO,WebServer,User u3755 login successful,E101,User {user} login successful
19807,2026-01-11,12:01:54,INFO,WebServer,User u1807 login successful,E101,User {user} login successful
19808,2026-01-11,12:37:10,INFO,WebServer,Page view: /home by u1645,E103,Page view: {page} by {user}
19809,2026-01-11,12:44:26,INFO,WebServer,Page view: /home by u3550,E103,Page view: {page} by {user}
19810,2026-01-11,12:07:46,INFO,WebServer,Page view: /home by u4652,E103,Page view: {page} by {user}
19811,2026-01-11,12:20:39,INFO,WebServer,Health check passed: WebServer,E102,Health check passed: {service}
19812,2026-01-11,12:37:59,INFO,AuthService,Page view: /home by u3489,E103,Page view: {page} by {user}
19813,2026-01-11,12:07:11,INFO,WebServer,Transaction tx224120 completed in 748ms,E104,Transaction {tx} completed in {time}ms
19814,2026-01-11,12:15:10,INFO,WebServer,Page view: /home by u3723,E103,Page view: {page} by {user}
19815,2026-01-11,12:47:00,INFO,WebServer,Health check passed: WebServer,E102,Health check passed: {service}
19816,2026-01-11,12:29:16,INFO,WebServer,User u1858 login successful,E101,User {user} login successful
19817,2026-01-11,12:01:17,INFO,OrderProcessor,Transaction tx856709 completed in 1737ms,E104,Transaction {tx} completed in {time}ms
19818,2026-01-11,12:24:08,INFO,AuthService,Transaction tx454318 completed in 987ms,E104,Transaction {tx} completed in {time}ms
19819,2026-01-11,12:53:35,INFO,WebServer,Page view: /home by u1316,E103,Page view: {page} by {user}
19820,2026-01-11,12:58:37,INFO,WebServer,Health check passed: WebServer,E102,Health check passed: {service}
19821,2026-01-11,12:17:22,INFO,WebServer,Transaction tx788981 completed in 1050ms,E104,Transaction {tx} completed in {time}ms
19822,2026-01-11,12:26:14,INFO,WebServer,User u4587 login successful,E101,User {user} login successful
19823,2026-01-11,12:32:22,INFO,PaymentGateway,User u1648 login successful,E101,User {user} login successful
19824,2026-01-11,12:47:00,INFO,WebServer,Transaction tx457209 completed in 1054ms,E104,Transaction {tx} completed in {time}ms
19825,2026-01-11,12:33:00,INFO,WebServer,Page view: /home by u2636,E103,Page view: {page} by {user}
19826,2026-01-11,12:54:33,INFO,PaymentGateway,User u1852 login successful,E101,User {user} login successful
19827,2026-01-11,12:43:01,INFO,OrderProcessor,User u4078 login successful,E101,User {user} login successful
19828,2026-01-11,12:45:31,INFO,WebServer,Page view: /home by u4352,E103,Page view: {page} by {user}
19829,2026-01-11,12:40:06,INFO,WebServer,User u1468 login successful,E101,User {user} login successful
19830,2026-01-11,12:03:55,INFO,WebServer,Health check passed: WebServer,E102,Health check passed: {service}
19831,2026-01-11,12:10:43,INFO,InventoryDB,User u3278 login successful,E101,User {user} login successful
19832,2026-01-11,12:34:15,INFO,OrderProcessor,Page view: /home by u3399,E103,Page view: {page} by {user}
19833,2026-01-11,12:21:06,INFO,OrderProcessor,Health check passed: OrderProcessor,E102,Health check passed: {service}
19834,2026-01-11,12:37:19,INFO,WebServer,Transaction tx729264 completed in 201ms,E104,Transaction {tx} completed in {time}ms
19835,2026-01-11,12:19:59,INFO,AuthService,User u3473 login successful,E101,User {user} login successful
19836,2026-01-11,12:56:21,WARN,PaymentGateway,Disk usage > 85% on node node-3,E202,Disk usage > 85% on node {node}
19837,2026-01-11,12:23:32,INFO,WebServer,Page view: /home by u1995,E103,Page view: {page} by {user}
19838,2026-01-11,12:56:10,INFO,AuthService,User u3022 login successful,E101,User {user} login successful
19839,2026-01-11,12:06:21,INFO,AuthService,Page view: /home by u4042,E103,Page view: {page} by {user}
19840,2026-01-11,12:41:17,INFO,WebServer,Health check passed: WebServer,E102,Health check passed: {service}
19841,2026-01-11,12:58:12,INFO,OrderProcessor,Health check passed: OrderProcessor,E102,Health check passed: {service}
19842,2026-01-11,12:22:32,INFO,PaymentGateway,Health check passed: PaymentGateway,E102,Health check passed: {service}
19843,2026-01-11,12:11:50,INFO,WebServer,Page view: /home by u4822,E103,Page view: {page} by {user}
19844,2026-01-11,12:22:36,INFO,WebServer,Page view: /home by u2996,E103,Page view: {page} by {user}
19845,2026-01-11,12:51:44,INFO,WebServer,Transaction tx154259 completed in 1662ms,E104,Transaction {tx} completed in {time}ms
19846,2026-01-11,12:41:31,INFO,WebServer,Page view: /home by u1559,E103,Page view: {page} by {user}
19847,2026-01-11,12:04:34,WARN,WebServer,Unauthorized access attempt from 10.0.0.10,E401,Unauthorized access attempt from {ip}
19848,2026-01-11,12:50:26,INFO,WebServer,Health check passed: WebServer,E102,Health check passed: {service}
19849,2026-01-11,12:12:33,INFO,WebServer,Page view: /home by u1550,E103,Page view: {page} by {user}
19850,2026-01-11,12:41:24,INFO,AuthService,User u2516 login successful,E101,User {user} login successful
19851,2026-01-11,12:49:39,INFO,WebServer,Transaction tx600202 completed in 1943ms,E104,Transaction {tx} completed in {time}ms
19852,2026-01-11,12:18:24,INFO,PaymentGateway,Page view: /home by u3583,E103,Page view: {page} by {user}
19853,2026-01-11,12:25:43,INFO,WebServer,Page view: /home by u2554,E103,Page view: {page} by {user}
19854,2026-01-11,12:16:15,INFO,WebServer,Transaction tx287386 completed in 529ms,E104,Transaction {tx} completed in {time}ms
19855,2026-01-11,12:48:41,INFO,OrderProcessor,Health check passed: OrderProcessor,E102,Health check passed: {service}
19856,2026-01-11,12:50:54,INFO,WebServer,User u1932 login successful,E101,User {user} login successful
19857,2026-01-11,12:37:13,INFO,WebServer,Transaction tx958576 completed in 1937ms,E104,Transaction {tx} completed in {time}ms
19858,2026-01-11,12:49:15,INFO,WebServer,Health check passed: WebServer,E102,Health check passed: {service}
19859,2026-01-11,12:48:48,INFO,WebServer,Health check passed: WebServer,E102,Health check passed: {service}
19860,2026-01-11,12:04:48,INFO,WebServer,Health check passed: WebServer,E102,Health check passed: {service}
19861,2026-01-11,12:57:23,INFO,OrderProcessor,Page view: /home by u4442,E103,Page view: {page} by {user}
19862,2026-01-11,12:07:42,INFO,WebServer,Page view: /home by u3717,E103,Page view: {page} by {user}
19863,2026-01-11,12:37:15,INFO,InventoryDB,User u1233 login successful,E101,User {user} login successful
19864,2026-01-11,12:03:29,INFO,OrderProcessor,Health check passed: OrderProcessor,E102,Health check passed: {service}
19865,2026-01-11,12:56:01,INFO,AuthService,Health check passed: AuthService,E102,Health check passed: {service}
19866,2026-01-11,12:32:20,INFO,WebServer,Page view: /home by u2970,E103,Page view: {page} by {user}
19867,2026-01-11,12:28:45,INFO,WebServer,Health check passed: WebServer,E102,Health check passed: {service}
19868,2026-01-11,12:00:15,INFO,OrderProcessor,User u2702 login successful,E101,User {user} login successful
19869,2026-01-11,12:35:39,INFO,OrderProcessor,Page view: /home by u4901,E103,Page view: {page} by {user}
19870,2026-01-11,12:29:14,INFO,WebServer,Health check passed: WebServer,E102,Health check passed: {service}
19871,2026-01-11,12:46:40,INFO,OrderProcessor,Health check passed: OrderProcessor,E102,Health check passed: {service}
19872,2026-01-11,12:29:53,INFO,WebServer,User u1289 login successful,E101,User {user} login successful
19873,2026-01-11,12:23:33,INFO,PaymentGateway,Health check passed: PaymentGateway,E102,Health check passed: {service}
19874,2026-01-11,12:45:03,INFO,WebServer,User u2621 login successful,E101,User {user} login successful
19875,2026-01-11,12:28:00,INFO,PaymentGateway,Transaction tx270131 completed in 1005ms,E104,Transaction {tx} completed in {time}ms
19876,2026-01-11,12:02:57,INFO,PaymentGateway,Health check passed: PaymentGateway,E102,Health check passed: {service}
19877,2026-01-11,12:33:02,INFO,WebServer,Page view: /home by u3705,E103,Page view: {page} by {user}
19878,2026-01-11,12:41:26,INFO,InventoryDB,Transaction tx127827 completed in 282ms,E104,Transaction {tx} completed in {time}ms
19879,2026-01-11,12:35:14,INFO,AuthService,Transaction tx430468 completed in 1273ms,E104,Transaction {tx} completed in {time}ms
19880,2026-01-11,12:20:48,INFO,WebServer,User u3209 login successful,E101,User {user} login successful
19881,2026-01-11,12:31:11,INFO,OrderProcessor,Health check passed: OrderProcessor,E102,Health check passed: {service}
19882,2026-01-11,12:08:57,INFO,PaymentGateway,Page view: /home by u4331,E103,Page view: {page} by {user}
19883,2026-01-11,12:36:22,INFO,OrderProcessor,User u4764 login successful,E101,User {user} login successful
19884,2026-01-11,12:45:47,INFO,WebServer,User u1362 login successful,E101,User {user} login successful
19885,2026-01-11,12:44:07,INFO,InventoryDB,User u1647 login successful,E101,User {user} login successful
19886,2026-01-11,12:36:30,ERROR,PaymentGateway,Payment declined: Gateway unavailable,E503,Payment declined: Gateway unavailable
19887,2026-01-11,12:04:18,INFO,AuthService,Transaction tx146387 completed in 838ms,E104,Transaction {tx} completed in {time}ms
19888,2026-01-11,12:38:44,INFO,WebServer,User u1780 login successful,E101,User {user} login successful
19889,2026-01-11,12:51:52,INFO,PaymentGateway,Page view: /home by u3757,E103,Page view: {page} by {user}
19890,2026-01-11,12:21:07,INFO,WebServer,User u3075 login successful,E101,User {user} login successful
19891,2026-01-11,12:01:59,INFO,AuthService,Transaction tx237624 completed in 1866ms,E104,Transaction {tx} completed in {time}ms
19892,2026-01-11,12:41:18,INFO,AuthService,Transaction tx393712 completed in 953ms,E104,Transaction {tx} completed in {time}ms
19893,2026-01-11,12:56:42,INFO,InventoryDB,Page view: /home by u4494,E103,Page view: {page} by {user}
19894,2026-01-11,12:09:57,INFO,AuthService,Transaction tx119526 completed in 1460ms,E104,Transaction {tx} completed in {time}ms
19895,2026-01-11,12:56:02,INFO,OrderProcessor,User u2184 login successful,E101,User {user} login successful
19896,2026-01-11,12:21:08,INFO,WebServer,Page view: /home by u3046,E103,Page view: {page} by {user}
19897,2026-01-11,12:29:45,INFO,OrderProcessor,Transaction tx798227 completed in 1717ms,E104,Transaction {tx} completed in {time}ms
19898,2026-01-11,12:54:27,INFO,PaymentGateway,Page view: /home by u3242,E103,Page view: {page} by {user}
19899,2026-01-11,12:11:41,INFO,WebServer,Transaction tx994553 completed in 1863ms,E104,Transaction {tx} completed in {time}ms
19900,2026-01-11,12:02:11,INFO,OrderProcessor,Page view: /home by u3344,E103,Page view: {page} by {user}
19901,2026-01-11,12:44:46,INFO,WebServer,User u3858 login successful,E101,User {user} login successful
19902,2026-01-11,12:22:35,ERROR,WebServer,Payment declined: Gateway unavailable,E503,Payment declined: Gateway unavailable
19903,2026-01-11,12:06:16,INFO,OrderProcessor,Transaction tx497970 completed in 481ms,E104,Transaction {tx} completed in {time}ms
19904,2026-01-11,12:48:32,INFO,WebServer,User u3206 login successful,E101,User {user} login successful
19905,2026-01-11,12:32:19,INFO,OrderProcessor,Health check passed: OrderProcessor,E102,Health check passed: {service}
19906,2026-01-11,12:59:37,INFO,OrderProcessor,Health check passed: OrderProcessor,E102,Health check passed: {service}
19907,2026-01-11,12:00:57,INFO,WebServer,User u3156 login successful,E101,User {user} login successful
19908,2026-01-11,12:58:17,INFO,PaymentGateway,User u4140 login successful,E101,User {user} login successful
19909,2026-01-11,12:45:59,INFO,WebServer,Transaction tx624071 completed in 1317ms,E104,Transaction {tx} completed in {time}ms
19910,2026-01-11,12:42:16,WARN,PaymentGateway,Unauthorized access attempt from 10.0.0.45,E401,Unauthorized access attempt from {ip}
19911,2026-01-11,12:43:36,INFO,WebServer,User u2224 login successful,E101,User {user} login successful
19912,2026-01-11,12:47:48,INFO,WebServer,User u1563 login successful,E101,User {user} login successful
19913,2026-01-11,12:39:03,INFO,WebServer,Transaction tx794677 completed in 1606ms,E104,Transaction {tx} completed in {time}ms
19914,2026-01-11,12:35:23,INFO,InventoryDB,User u1332 login successful,E101,User {user} login successful
19915,2026-01-11,12:38:51,WARN,OrderProcessor,Unauthorized access attempt from 10.0.0.45,E401,Unauthorized access attempt from {ip}
19916,2026-01-11,12:16:40,INFO,OrderProcessor,Page view: /home by u1377,E103,Page view: {page} by {user}
19917,2026-01-11,12:56:06,INFO,OrderProcessor,Transaction tx437858 completed in 1159ms,E104,Transaction {tx} completed in {time}ms
19918,2026-01-11,12:52:08,INFO,PaymentGateway,Transaction tx284060 completed in 226ms,E104,Transaction {tx} completed in {time}ms
19919,2026-01-11,12:29:57,INFO,InventoryDB,Transaction tx902005 completed in 1599ms,E104,Transaction {tx} completed in {time}ms
19920,2026-01-11,12:09:42,INFO,OrderProcessor,User u1507 login successful,E101,User {user} login successful
19921,2026-01-11,12:18:02,INFO,PaymentGateway,Page view: /home by u3118,E103,Page view: {page} by {user}
19922,2026-01-11,12:31:48,INFO,WebServer,Transaction tx638131 completed in 921ms,E104,Transaction {tx} completed in {time}ms
19923,2026-01-11,12:56:08,INFO,WebServer,Transaction tx120640 completed in 415ms,E104,Transaction {tx} completed in {time}ms
19924,2026-01-11,12:59:16,INFO,WebServer,Page view: /home by u1341,E103,Page view: {page} by {user}
19925,2026-01-11,12:03:14,INFO,OrderProcessor,Health check passed: OrderProcessor,E102,Health check passed: {service}
19926,2026-01-11,12:37:03,INFO,WebServer,Transaction tx719612 completed in 1589ms,E104,Transaction {tx} completed in {time}ms
19927,2026-01-11,12:49:47,INFO,WebServer,Transaction tx595799 completed in 193ms,E104,Transaction {tx} completed in {time}ms
19928,2026-01-11,12:20:05,INFO,AuthService,Page view: /home by u3130,E103,Page view: {page} by {user}
19929,2026-01-11,12:08:22,INFO,WebServer,User u1067 login successful,E101,User {user} login successful
19930,2026-01-11,12:48:20,INFO,WebServer,Page view: /home by u1683,E103,Page view: {page} by {user}
19931,2026-01-11,12:08:55,INFO,AuthService,User u4927 login successful,E101,User {user} login successful
19932,2026-01-11,12:13:04,WARN,WebServer,Disk usage > 85% on node node-5,E202,Disk usage > 85% on node {node}
19933,2026-01-11,12:16:54,INFO,WebServer,Transaction tx213409 completed in 470ms,E104,Transaction {tx} completed in {time}ms
19934,2026-01-11,12:25:47,INFO,WebServer,Health check passed: WebServer,E102,Health check passed: {service}
19935,2026-01-11,12:08:12,INFO,AuthService,Page view: /home by u4731,E103,Page view: {page} by {user}
19936,2026-01-11,12:14:30,INFO,WebServer,Health check passed: WebServer,E102,Health check passed: {service}
19937,2026-01-11,12:30:47,INFO,InventoryDB,User u2705 login successful,E101,User {user} login successful
19938,2026-01-11,12:53:11,INFO,WebServer,Health check passed: WebServer,E102,Health check passed: {service}
19939,2026-01-11,12:18:04,WARN,WebServer,Unauthorized access attempt from 10.0.0.45,E401,Unauthorized access attempt from {ip}
19940,2026-01-11,12:17:28,INFO,WebServer,Transaction tx187993 completed in 179ms,E104,Transaction {tx} completed in {time}ms
19941,2026-01-11,12:41:22,INFO,WebServer,Page view: /home by u3689,E103,Page view: {page} by {user}
19942,2026-01-11,12:28:17,INFO,WebServer,Health check passed: WebServer,E102,Health check passed: {service}
19943,2026-01-11,12:33:48,INFO,WebServer,Page view: /home by u3353,E103,Page view: {page} by {user}
19944,2026-01-11,12:42:34,INFO,OrderProcessor,User u4039 login successful,E101,User {user} login successful
19945,2026-01-11,12:09:38,INFO,InventoryDB,Page view: /home by u1842,E103,Page view: {page} by {user}
19946,2026-01-11,12:25:51,INFO,WebServer,Page view: /home by u4048,E103,Page view: {page} by {user}
19947,2026-01-11,12:50:33,INFO,OrderProcessor,Page view: /home by u3684,E103,Page view: {page} by {user}
19948,2026-01-11,12:50:08,INFO,WebServer,Health check passed: WebServer,E102,Health check passed: {service}
19949,2026-01-11,12:30:09,INFO,InventoryDB,User u2675 login successful,E101,User {user} login successful
19950,2026-01-11,12:57:34,INFO,WebServer,Page view: /home by u2317,E103,Page view: {page} by {user}
19951,2026-01-11,12:51:00,INFO,WebServer,Transaction tx956775 completed in 87ms,E104,Transaction {tx} completed in {time}ms
19952,2026-01-11,12:09:16,INFO,OrderProcessor,Page view: /home by u4104,E103,Page view: {page} by {user}
19953,2026-01-11,12:15:37,INFO,AuthService,Transaction tx384191 completed in 1293ms,E104,Transaction {tx} completed in {time}ms
19954,2026-01-11,12:25:58,WARN,WebServer,Unauthorized access attempt from 10.0.0.45,E401,Unauthorized access attempt from {ip}
19955,2026-01-11,12:29:25,INFO,OrderProcessor,Transaction tx284005 completed in 460ms,E104,Transaction {tx} completed in {time}ms
19956,2026-01-11,12:50:01,INFO,AuthService,Page view: /home by u2224,E103,Page view: {page} by {user}
19957,2026-01-11,12:10:09,INFO,OrderProcessor,User u1661 login successful,E101,User {user} login successful
19958,2026-01-11,12:17:55,INFO,WebServer,Page view: /home by u3419,E103,Page view: {page} by {user}
19959,2026-01-11,12:00:15,WARN,InventoryDB,Unauthorized access attempt from 10.0.0.45,E401,Unauthorized access attempt from {ip}
19960,2026-01-11,12:44:01,INFO,WebServer,Health check passed: WebServer,E102,Health check passed: {service}
19961,2026-01-11,12:51:48,INFO,AuthService,User u1397 login successful,E101,User {user} login successful
19962,2026-01-11,12:05:23,INFO,OrderProcessor,Page view: /home by u2993,E103,Page view: {page} by {user}
19963,2026-01-11,12:04:23,INFO,WebServer,Transaction tx633494 completed in 1548ms,E104,Transaction {tx} completed in {time}ms
19964,2026-01-11,12:19:52,INFO,AuthService,Health check passed: AuthService,E102,Health check passed: {service}
19965,2026-01-11,12:07:56,INFO,OrderProcessor,Page view: /home by u4595,E103,Page view: {page} by {user}
19966,2026-01-11,12:24:51,INFO,OrderProcessor,Health check passed: OrderProcessor,E102,Health check passed: {service}
19967,2026-01-11,12:31:31,INFO,OrderProcessor,Health check passed: OrderProcessor,E102,Health check passed: {service}
19968,2026-01-11,12:48:43,INFO,AuthService,Health check passed: AuthService,E102,Health check passed: {service}
19969,2026-01-11,12:10:39,INFO,OrderProcessor,User u1886 login successful,E101,User {user} login successful
19970,2026-01-11,12:26:39,INFO,WebServer,User u1553 login successful,E101,User {user} login successful
19971,2026-01-11,12:58:47,INFO,WebServer,User u1061 login successful,E101,User {user} login successful
19972,2026-01-11,12:19:39,INFO,OrderProcessor,User u1713 login successful,E101,User {user} login successful
19973,2026-01-11,12:17:13,INFO,OrderProcessor,User u3949 login successful,E101,User {user} login successful
19974,2026-01-11,12:43:17,INFO,WebServer,Page view: /home by u1347,E103,Page view: {page} by {user}
19975,2026-01-11,12:33:44,INFO,AuthService,Health check passed: AuthService,E102,Health check passed: {service}
19976,2026-01-11,12:12:08,INFO,WebServer,Health check passed: WebServer,E102,Health check passed: {service}
19977,2026-01-11,12:50:57,ERROR,PaymentGateway,Payment declined: Gateway unavailable,E503,Payment declined: Gateway unavailable
19978,2026-01-11,12:17:11,INFO,WebServer,Transaction tx555513 completed in 624ms,E104,Transaction {tx} completed in {time}ms
19979,2026-01-11,12:29:45,INFO,PaymentGateway,Page view: /home by u4873,E103,Page view: {page} by {user}
19980,2026-01-11,12:55:10,INFO,WebServer,Transaction tx558897 completed in 1396ms,E104,Transaction {tx} completed in {time}ms
19981,2026-01-11,12:30:40,INFO,OrderProcessor,Page view: /home by u4172,E103,Page view: {page} by {user}
19982,2026-01-11,12:42:08,INFO,WebServer,Page view: /home by u2429,E103,Page view: {page} by {user}
19983,2026-01-11,12:33:24,INFO,PaymentGateway,Transaction tx130289 completed in 442ms,E104,Transaction {tx} completed in {time}ms
19984,2026-01-11,12:30:39,INFO,AuthService,Transaction tx805968 completed in 1682ms,E104,Transaction {tx} completed in {time}ms
19985,2026-01-11,12:28:54,INFO,PaymentGateway,Health check passed: PaymentGateway,E102,Health check passed: {service}
19986,2026-01-11,12:42:01,INFO,WebServer,Health check passed: WebServer,E102,Health check passed: {service}
19987,2026-01-11,12:55:38,INFO,OrderProcessor,Page view: /home by u3312,E103,Page view: {page} by {user}
19988,2026-01-11,12:02:43,INFO,AuthService,Page view: /home by u4483,E103,Page view: {page} by {user}
19989,2026-01-11,12:25:55,INFO,WebServer,Health check passed: WebServer,E102,Health check passed: {service}
19990,2026-01-11,12:30:17,INFO,AuthService,Page view: /home by u1525,E103,Page view: {page} by {user}
19991,2026-01-11,12:58:40,INFO,WebServer,User u1878 login successful,E101,User {user} login successful
19992,2026-01-11,12:07:03,INFO,AuthService,Page view: /home by u4324,E103,Page view: {page} by {user}
19993,2026-01-11,12:46:07,INFO,WebServer,Transaction tx564784 completed in 826ms,E104,Transaction {tx} completed in {time}ms
19994,2026-01-11,12:41:04,INFO,AuthService,Health check passed: AuthService,E102,Health check passed: {service}
19995,2026-01-11,12:54:33,INFO,WebServer,Page view: /home by u1490,E103,Page view: {page} by {user}
19996,2026-01-11,12:23:49,INFO,WebServer,User u1707 login successful,E101,User {user} login successful
19997,2026-01-11,12:16:14,INFO,AuthService,Page view: /home by u2174,E103,Page view: {page} by {user}
19998,2026-01-11,12:44:41,WARN,PaymentGateway,High latency (1271ms) detected on PaymentGateway,E201,High latency ({time}ms) detected on {service}
19999,2026-01-11,12:36:07,INFO,WebServer,Page view: /home by u2915,E103,Page view: {page} by {user}
20000,2026-01-11,12:33:45,INFO,WebServer,Health check passed: WebServer,E102,Health check passed: {service}
20001,2026-01-11,12:01:05,INFO,OrderProcessor,Page view: /home by u4005,E103,Page view: {page} by {user}
20002,2026-01-11,12:35:37,INFO,WebServer,Page view: /home by u4881,E103,Page view: {page} by {user}
20003,2026-01-11,12:07:08,INFO,WebServer,Page view: /home by u2437,E103,Page view: {page} by {user}
20004,2026-01-11,12:06:24,ERROR,OrderProcessor,Payment declined: Gateway unavailable,E503,Payment declined: Gateway unavailable
20005,2026-01-11,12:52:12,INFO,WebServer,Transaction tx174969 completed in 601ms,E104,Transaction {tx} completed in {time}ms
20006,2026-01-11,12:36:04,INFO,OrderProcessor,Page view: /home by u3290,E103,Page view: {page} by {user}
20007,2026-01-11,12:45:53,INFO,WebServer,User u2563 login successful,E101,User {user} login successful
20008,2026-01-11,12:51:43,INFO,OrderProcessor,Health check passed: OrderProcessor,E102,Health check passed: {service}
20009,2026-01-11,12:17:14,INFO,WebServer,Page view: /home by u1957,E103,Page view: {page} by {user}
20010,2026-01-11,12:39:38,WARN,WebServer,High latency (1478ms) detected on WebServer,E201,High latency ({time}ms) detected on {service}
20011,2026-01-11,12:31:47,INFO,AuthService,Page view: /home by u2589,E103,Page view: {page} by {user}
20012,2026-01-11,12:03:07,INFO,WebServer,User u2030 login successful,E101,User {user} login successful
20013,2026-01-11,12:56:38,INFO,AuthService,User u1955 login successful,E101,User {user} login successful
20014,2026-01-11,12:23:42,INFO,WebServer,Page view: /home by u1471,E103,Page view: {page} by {user}
20015,2026-01-11,12:08:36,INFO,WebServer,User u4400 login successful,E101,User {user} login successful
20016,2026-01-11,12:51:02,ERROR,WebServer,Connection refused to WebServer at 10.0.0.45,E501,Connection refused to {service} at {ip}
20017,2026-01-11,12:05:06,INFO,AuthService,User u4623 login successful,E101,User {user} login successful
20018,2026-01-11,12:10:37,INFO,AuthService,Health check passed: AuthService,E102,Health check passed: {service}
20019,2026-01-11,12:14:34,INFO,PaymentGateway,Page view: /home by u4740,E103,Page view: {page} by {user}
20020,2026-01-11,12:22:00,WARN,WebServer,Unauthorized access attempt from 10.0.0.45,E401,Unauthorized access attempt from {ip}
20021,2026-01-11,12:56:39,INFO,PaymentGateway,Page view: /home by u4144,E103,Page view: {page} by {user}
20022,2026-01-11,12:04:42,INFO,WebServer,Page view: /home by u3766,E103,Page view: {page} by {user}
20023,2026-01-11,12:27:55,INFO,AuthService,Page view: /home by u1705,E103,Page view: {page} by {user}
20024,2026-01-11,12:49:10,INFO,InventoryDB,Health check passed: InventoryDB,E102,Health check passed: {service}
20025,2026-01-11,12:44:52,INFO,WebServer,Page view: /home by u1365,E103,Page view: {page} by {user}
20026,2026-01-11,12:25:07,INFO,PaymentGateway,Health check passed: PaymentGateway,E102,Health check passed: {service}
20027,2026-01-11,12:24:50,INFO,OrderProcessor,Page view: /home by u1821,E103,Page view: {page} by {user}
20028,2026-01-11,12:10:13,INFO,WebServer,Transaction tx633953 completed in 1185ms,E104,Transaction {tx} completed in {time}ms
20029,2026-01-11,12:00:19,INFO,AuthService,Health check passed: AuthService,E102,Health check passed: {service}
20030,2026-01-11,12:39:56,INFO,AuthService,Transaction tx497383 completed in 690ms,E104,Transaction {tx} completed in {time}ms
20031,2026-01-11,12:31:03,INFO,OrderProcessor,User u2799 login successful,E101,User {user} login successful
20032,2026-01-11,12:11:16,INFO,WebServer,Transaction tx247197 completed in 619ms,E104,Transaction {tx} completed in {time}ms
20033,2026-01-11,12:58:08,INFO,WebServer,Page view: /home by u2889,E103,Page view: {page} by {user}
20034,2026-01-11,12:44:52,INFO,WebServer,Page view: /home by u1418,E103,Page view: {page} by {user}
20035,2026-01-11,12:46:28,INFO,WebServer,Page view: /home by u4715,E103,Page view: {page} by {user}
20036,2026-01-11,12:00:21,INFO,OrderProcessor,Transaction tx276422 completed in 267ms,E104,Transaction {tx} completed in {time}ms
20037,2026-01-11,12:37:29,INFO,WebServer,Health check passed: WebServer,E102,Health check passed: {service}
20038,2026-01-11,12:36:03,INFO,WebServer,Health check passed: WebServer,E102,Health check passed: {service}
20039,2026-01-11,12:56:41,CRITICAL,OrderProcessor,DATA CORRUPTION detected in sector 418,E602,DATA CORRUPTION detected in sector {sector}
20040,2026-01-11,12:30:09,INFO,OrderProcessor,User u2920 login successful,E101,User {user} login successful
20041,2026-01-11,12:06:24,INFO,WebServer,Page view: /home by u1061,E103,Page view: {page} by {user}
20042,2026-01-11,12:42:00,INFO,AuthService,Page view: /home by u3236,E103,Page view: {page} by {user}
20043,2026-01-11,12:01:49,INFO,WebServer,Page view: /home by u2015,E103,Page view: {page} by {user}
20044,2026-01-11,12:58:11,INFO,PaymentGateway,User u2080 login successful,E101,User {user} login successful
20045,2026-01-11,12:40:22,INFO,OrderProcessor,Transaction tx230717 completed in 1478ms,E104,Transaction {tx} completed in {time}ms
20046,2026-01-11,12:56:01,INFO,OrderProcessor,Page view: /home by u4045,E103,Page view: {page} by {user}
20047,2026-01-11,12:13:18,INFO,AuthService,Health check passed: AuthService,E102,Health check passed: {service}
20048,2026-01-11,12:52:49,INFO,OrderProcessor,Page view: /home by u1133,E103,Page view: {page} by {user}
20049,2026-01-11,12:58:20,INFO,WebServer,Transaction tx335456 completed in 496ms,E104,Transaction {tx} completed in {time}ms
20050,2026-01-11,12:56:47,INFO,WebServer,User u4336 login successful,E101,User {user} login successful
20051,2026-01-11,12:06:36,INFO,WebServer,Health check passed: WebServer,E102,Health check passed: {service}
20052,2026-01-11,12:14:30,INFO,AuthService,Transaction tx447383 completed in 1790ms,E104,Transaction {tx} completed in {time}ms
20053,2026-01-11,12:32:46,INFO,PaymentGateway,Page view: /home by u4772,E103,Page view: {page} by {user}
20054,2026-01-11,12:44:16,INFO,PaymentGateway,User u3832 login successful,E101,User {user} login successful
20055,2026-01-11,12:33:52,INFO,WebServer,Page view: /home by u3198,E103,Page view: {page} by {user}
20056,2026-01-11,12:33:30,INFO,PaymentGateway,Transaction tx665783 completed in 324ms,E104,Transaction {tx} completed in {time}ms
20057,2026-01-11,12:06:28,INFO,WebServer,Health check passed: WebServer,E102,Health check passed: {service}
20058,2026-01-11,12:26:28,INFO,AuthService,Health check passed: AuthService,E102,Health check passed: {service}
20059,2026-01-11,12:04:54,INFO,OrderProcessor,Page view: /home by u1060,E103,Page view: {page} by {user}
20060,2026-01-11,12:47:41,INFO,WebServer,Page view: /home by u1665,E103,Page view: {page} by {user}
20061,2026-01-11,12:24:14,INFO,OrderProcessor,Transaction tx109083 completed in 858ms,E104,Transaction {tx} completed in {time}ms
20062,2026-01-11,12:47:22,ERROR,AuthService,Connection refused to AuthService at 10.0.0.88,E501,Connection refused to {service} at {ip}
20063,2026-01-11,12:06:59,ERROR,AuthService,Timeout waiting for lock on InventoryDB,E502,Timeout waiting for lock on {db}
20064,2026-01-11,12:40:05,INFO,PaymentGateway,Transaction tx977971 completed in 1602ms,E104,Transaction {tx} completed in {time}ms
20065,2026-01-11,12:57:37,INFO,AuthService,Health check passed: AuthService,E102,Health check passed: {service}
20066,2026-01-11,12:45:53,INFO,AuthService,Page view: /home by u3313,E103,Page view: {page} by {user}
20067,2026-01-11,12:08:35,INFO,WebServer,User u3479 login successful,E101,User {user} login successful
20068,2026-01-11,12:08:55,INFO,OrderProcessor,Page view: /home by u4236,E103,Page view: {page} by {user}
20069,2026-01-11,12:32:40,INFO,WebServer,Health check passed: WebServer,E102,Health check passed: {service}
20070,2026-01-11,12:24:22,INFO,WebServer,Health check passed: WebServer,E102,Health check passed: {service}
20071,2026-01-11,12:40:10,INFO,AuthService,Transaction tx623737 completed in 1907ms,E104,Transaction {tx} completed in {time}ms
20072,2026-01-11,12:18:35,INFO,AuthService,Page view: /home by u2562,E103,Page view: {page} by {user}
20073,2026-01-11,12:45:37,INFO,WebServer,Transaction tx199229 completed in 244ms,E104,Transaction {tx} completed in {time}ms
20074,2026-01-11,12:41:18,INFO,PaymentGateway,Transaction tx818854 completed in 1190ms,E104,Transaction {tx} completed in {time}ms
20075,2026-01-11,12:03:19,INFO,AuthService,Transaction tx659434 completed in 704ms,E104,Transaction {tx} completed in {time}ms
20076,2026-01-11,12:43:48,INFO,PaymentGateway,Health check passed: PaymentGateway,E102,Health check passed: {service}
20077,2026-01-11,12:33:08,INFO,WebServer,Page view: /home by u4824,E103,Page view: {page} by {user}
20078,2026-01-11,12:06:46,INFO,PaymentGateway,Transaction tx203797 completed in 924ms,E104,Transaction {tx} completed in {time}ms
20079,2026-01-11,12:32:12,INFO,AuthService,User u2574 login successful,E101,User {user} login successful
20080,2026-01-11,12:13:54,INFO,WebServer,User u4368 login successful,E101,User {user} login successful
20081,2026-01-11,12:43:05,INFO,WebServer,Transaction tx127177 completed in 1996ms,E104,Transaction {tx} completed in {time}ms
20082,2026-01-11,12:58:57,INFO,WebServer,User u4226 login successful,E101,User {user} login successful
20083,2026-01-11,12:25:36,INFO,WebServer,User u3854 login successful,E101,User {user} login successful
20084,2026-01-11,12:43:17,INFO,WebServer,Health check passed: WebServer,E102,Health check passed: {service}
20085,2026-01-11,12:53:32,INFO,AuthService,Health check passed: AuthService,E102,Health check passed: {service}
20086,2026-01-11,12:39:30,INFO,WebServer,Page view: /home by u3619,E103,Page view: {page} by {user}
20087,2026-01-11,12:59:18,INFO,WebServer,Page view: /home by u3214,E103,Page view: {page} by {user}
20088,2026-01-11,12:50:42,INFO,PaymentGateway,Page view: /home by u2895,E103,Page view: {page} by {user}
20089,2026-01-11,12:28:28,INFO,WebServer,Page view: /home by u1438,E103,Page view: {page} by {user}
20090,2026-01-11,12:48:41,INFO,WebServer,Health check passed: WebServer,E102,Health check passed: {service}
20091,2026-01-11,12:43:39,INFO,OrderProcessor,User u2552 login successful,E101,User {user} login successful
20092,2026-01-11,12:43:47,INFO,WebServer,User u1239 login successful,E101,User {user} login successful
20093,2026-01-11,12:28:10,INFO,AuthService,Health check passed: AuthService,E102,Health check passed: {service}
20094,2026-01-11,12:28:40,INFO,WebServer,User u2909 login successful,E101,User {user} login successful
20095,2026-01-11,12:00:25,INFO,PaymentGateway,User u1171 login successful,E101,User {user} login successful
20096,2026-01-11,12:36:14,INFO,OrderProcessor,User u1468 login successful,E101,User {user} login successful
20097,2026-01-11,12:15:32,INFO,AuthService,Transaction tx614978 completed in 730ms,E104,Transaction {tx} completed in {time}ms
20098,2026-01-11,12:44:28,INFO,OrderProcessor,Page view: /home by u2088,E103,Page view: {page} by {user}
20099,2026-01-11,12:56:52,INFO,WebServer,Page view: /home by u3617,E103,Page view: {page} by {user}
20100,2026-01-11,12:37:23,INFO,AuthService,User u2549 login successful,E101,User {user} login successful
20101,2026-01-11,12:41:14,WARN,OrderProcessor,High latency (413ms) detected on OrderProcessor,E201,High latency ({time}ms) detected on {service}
20102,2026-01-11,12:58:47,INFO,WebServer,User u3494 login successful,E101,User {user} login successful
20103,2026-01-11,12:33:11,INFO,OrderProcessor,Transaction tx287460 completed in 733ms,E104,Transaction {tx} completed in {time}ms
20104,2026-01-11,12:57:19,INFO,WebServer,Health check passed: WebServer,E102,Health check passed: {service}
20105,2026-01-11,12:11:53,INFO,PaymentGateway,Transaction tx120616 completed in 151ms,E104,Transaction {tx} completed in {time}ms
20106,2026-01-11,13:45:41,INFO,AuthService,Page view: /home by u2187,E103,Page view: {page} by {user}
20107,2026-01-11,13:00:43,INFO,WebServer,User u3782 login successful,E101,User {user} login successful
20108,2026-01-11,13:15:10,INFO,AuthService,Health check passed: AuthService,E102,Health check passed: {service}
20109,2026-01-11,13:02:57,INFO,OrderProcessor,User u1215 login successful,E101,User {user} login successful
20110,2026-01-11,13:30:30,INFO,WebServer,User u4820 login successful,E101,User {user} login successful
20111,2026-01-11,13:48:00,INFO,AuthService,Health check passed: AuthService,E102,Health check passed: {service}
20112,2026-01-11,13:24:58,INFO,AuthService,User u1709 login successful,E101,User {user} login successful
20113,2026-01-11,13:32:34,INFO,OrderProcessor,User u1627 login successful,E101,User {user} login successful
20114,2026-01-11,13:00:29,INFO,WebServer,Transaction tx766595 completed in 1882ms,E104,Transaction {tx} completed in {time}ms
20115,2026-01-11,13:54:51,INFO,WebServer,Health check passed: WebServer,E102,Health check passed: {service}
20116,2026-01-11,13:13:51,INFO,PaymentGateway,Transaction tx626060 completed in 238ms,E104,Transaction {tx} completed in {time}ms
20117,2026-01-11,13:50:43,INFO,AuthService,Transaction tx145415 completed in 234ms,E104,Transaction {tx} completed in {time}ms
20118,2026-01-11,13:42:13,INFO,PaymentGateway,Page view: /home by u2183,E103,Page view: {page} by {user}
20119,2026-01-11,13:24:17,INFO,WebServer,Transaction tx269931 completed in 196ms,E104,Transaction {tx} completed in {time}ms
20120,2026-01-11,13:06:09,INFO,PaymentGateway,User u1036 login successful,E101,User {user} login successful
20121,2026-01-11,13:08:05,INFO,WebServer,Transaction tx313572 completed in 1254ms,E104,Transaction {tx} completed in {time}ms
20122,2026-01-11,13:36:24,INFO,WebServer,Health check passed: WebServer,E102,Health check passed: {service}
20123,2026-01-11,13:15:39,WARN,WebServer,High latency (429ms) detected on WebServer,E201,High latency ({time}ms) detected on {service}
20124,2026-01-11,13:47:16,INFO,WebServer,Health check passed: WebServer,E102,Health check passed: {service}
20125,2026-01-11,13:00:04,INFO,InventoryDB,Page view: /home by u3029,E103,Page view: {page} by {user}
20126,2026-01-11,13:37:19,INFO,WebServer,User u2544 login successful,E101,User {user} login successful
20127,2026-01-11,13:12:15,INFO,PaymentGateway,User u4522 login successful,E101,User {user} login successful
20128,2026-01-11,13:10:52,INFO,PaymentGateway,Health check passed: PaymentGateway,E102,Health check passed: {service}
20129,2026-01-11,13:45:08,INFO,WebServer,Transaction tx788563 completed in 910ms,E104,Transaction {tx} completed in {time}ms
20130,2026-01-11,13:56:03,INFO,WebServer,Page view: /home by u3527,E103,Page view: {page} by {user}
20131,2026-01-11,13:45:25,INFO,WebServer,Transaction tx503976 completed in 605ms,E104,Transaction {tx} completed in {time}ms
20132,2026-01-11,13:09:51,INFO,AuthService,User u2427 login successful,E101,User {user} login successful
20133,2026-01-11,13:07:18,INFO,WebServer,User u1699 login successful,E101,User {user} login successful
20134,2026-01-11,13:01:26,INFO,WebServer,Health check passed: WebServer,E102,Health check passed: {service}
20135,2026-01-11,13:01:23,INFO,AuthService,User u2766 login successful,E101,User {user} login successful
20136,2026-01-11,13:24:10,INFO,OrderProcessor,Page view: /home by u1166,E103,Page view: {page} by {user}
20137,2026-01-11,13:18:32,INFO,OrderProcessor,Health check passed: OrderProcessor,E102,Health check passed: {service}
20138,2026-01-11,13:43:25,INFO,WebServer,Transaction tx507549 completed in 66ms,E104,Transaction {tx} completed in {time}ms
20139,2026-01-11,13:57:18,INFO,OrderProcessor,User u1214 login successful,E101,User {user} login successful
20140,2026-01-11,13:49:51,INFO,AuthService,Page view: /home by u1008,E103,Page view: {page} by {user}
20141,2026-01-11,13:21:46,INFO,WebServer,Health check passed: WebServer,E102,Health check passed: {service}
20142,2026-01-11,13:25:48,INFO,AuthService,Health check passed: AuthService,E102,Health check passed: {service}
20143,2026-01-11,13:51:10,ERROR,WebServer,Connection refused to WebServer at 10.0.0.45,E501,Connection refused to {service} at {ip}
20144,2026-01-11,13:08:11,INFO,WebServer,Transaction tx859809 completed in 1377ms,E104,Transaction {tx} completed in {time}ms
20145,2026-01-11,13:41:03,INFO,AuthService,Transaction tx888671 completed in 988ms,E104,Transaction {tx} completed in {time}ms
20146,2026-01-11,13:40:21,INFO,AuthService,Health check passed: AuthService,E102,Health check passed: {service}
20147,2026-01-11,13:32:33,INFO,WebServer,User u3725 login successful,E101,User {user} login successful
20148,2026-01-11,13:22:02,INFO,InventoryDB,Health check passed: InventoryDB,E102,Health check passed: {service}
20149,2026-01-11,13:49:39,INFO,AuthService,Transaction tx861194 completed in 1738ms,E104,Transaction {tx} completed in {time}ms
20150,2026-01-11,13:14:28,WARN,AuthService,High latency (835ms) detected on AuthService,E201,High latency ({time}ms) detected on {service}
20151,2026-01-11,13:07:29,INFO,WebServer,Transaction tx109112 completed in 951ms,E104,Transaction {tx} completed in {time}ms
20152,2026-01-11,13:51:22,INFO,WebServer,User u4724 login successful,E101,User {user} login successful
20153,2026-01-11,13:15:27,INFO,OrderProcessor,Transaction tx270093 completed in 466ms,E104,Transaction {tx} completed in {time}ms
20154,2026-01-11,13:08:23,ERROR,WebServer,Payment declined: Gateway unavailable,E503,Payment declined: Gateway unavailable
20155,2026-01-11,13:39:17,INFO,AuthService,Health check passed: AuthService,E102,Health check passed: {service}
20156,2026-01-11,13:17:13,INFO,WebServer,Page view: /home by u1551,E103,Page view: {page} by {user}
20157,2026-01-11,13:55:40,INFO,InventoryDB,Health check passed: InventoryDB,E102,Health check passed: {service}
20158,2026-01-11,13:52:03,INFO,AuthService,Transaction tx609365 completed in 1955ms,E104,Transaction {tx} completed in {time}ms
20159,2026-01-11,13:44:48,WARN,WebServer,High latency (1816ms) detected on WebServer,E201,High latency ({time}ms) detected on {service}
20160,2026-01-11,13:18:19,INFO,OrderProcessor,Transaction tx117787 completed in 1685ms,E104,Transaction {tx} completed in {time}ms
20161,2026-01-11,13:59:20,INFO,WebServer,Transaction tx806132 completed in 1260ms,E104,Transaction {tx} completed in {time}ms
20162,2026-01-11,13:01:16,INFO,PaymentGateway,User u4859 login successful,E101,User {user} login successful
20163,2026-01-11,13:18:11,INFO,OrderProcessor,User u1542 login successful,E101,User {user} login successful
20164,2026-01-11,13:13:25,INFO,WebServer,Health check passed: WebServer,E102,Health check passed: {service}
20165,2026-01-11,13:43:13,INFO,WebServer,User u2648 login successful,E101,User {user} login successful
20166,2026-01-11,13:52:58,INFO,WebServer,Health check passed: WebServer,E102,Health check passed: {service}
20167,2026-01-11,13:20:03,INFO,WebServer,User u2840 login successful,E101,User {user} login successful
20168,2026-01-11,13:26:30,INFO,WebServer,Health check passed: WebServer,E102,Health check passed: {service}
20169,2026-01-11,13:00:52,INFO,AuthService,Transaction tx160243 completed in 1378ms,E104,Transaction {tx} completed in {time}ms
20170,2026-01-11,13:34:50,INFO,WebServer,Transaction tx544994 completed in 1770ms,E104,Transaction {tx} completed in {time}ms
20171,2026-01-11,13:01:52,INFO,PaymentGateway,Health check passed: PaymentGateway,E102,Health check passed: {service}
20172,2026-01-11,13:52:35,INFO,AuthService,Page view: /home by u3839,E103,Page view: {page} by {user}
20173,2026-01-11,13:52:25,INFO,AuthService,Page view: /home by u1811,E103,Page view: {page} by {user}
20174,2026-01-11,13:09:19,INFO,WebServer,Page view: /home by u1181,E103,Page view: {page} by {user}
20175,2026-01-11,13:16:27,INFO,OrderProcessor,Transaction tx501304 completed in 310ms,E104,Transaction {tx} completed in {time}ms
20176,2026-01-11,13:31:14,INFO,WebServer,Transaction tx771598 completed in 1229ms,E104,Transaction {tx} completed in {time}ms
20177,2026-01-11,13:15:56,INFO,OrderProcessor,Health check passed: OrderProcessor,E102,Health check passed: {service}
20178,2026-01-11,13:38:13,INFO,AuthService,Transaction tx305601 completed in 920ms,E104,Transaction {tx} completed in {time}ms
20179,2026-01-11,13:42:21,INFO,WebServer,Transaction tx555899 completed in 1374ms,E104,Transaction {tx} completed in {time}ms
20180,2026-01-11,13:19:47,INFO,WebServer,Health check passed: WebServer,E102,Health check passed: {service}
20181,2026-01-11,13:09:50,INFO,OrderProcessor,Health check passed: OrderProcessor,E102,Health check passed: {service}
20182,2026-01-11,13:16:35,INFO,WebServer,User u1483 login successful,E101,User {user} login successful
20183,2026-01-11,13:04:26,INFO,AuthService,Transaction tx571081 completed in 1218ms,E104,Transaction {tx} completed in {time}ms
20184,2026-01-11,13:44:21,INFO,PaymentGateway,Page view: /home by u1779,E103,Page view: {page} by {user}
20185,2026-01-11,13:36:55,INFO,OrderProcessor,Transaction tx578953 completed in 1989ms,E104,Transaction {tx} completed in {time}ms
20186,2026-01-11,13:29:53,INFO,AuthService,User u4492 login successful,E101,User {user} login successful
20187,2026-01-11,13:29:47,INFO,PaymentGateway,Transaction tx647005 completed in 548ms,E104,Transaction {tx} completed in {time}ms
20188,2026-01-11,13:50:57,INFO,InventoryDB,Page view: /home by u2774,E103,Page view: {page} by {user}
20189,2026-01-11,13:11:55,INFO,OrderProcessor,Health check passed: OrderProcessor,E102,Health check passed: {service}
20190,2026-01-11,13:28:58,INFO,AuthService,Transaction tx949239 completed in 1729ms,E104,Transaction {tx} completed in {time}ms
20191,2026-01-11,13:49:45,INFO,WebServer,User u4202 login successful,E101,User {user} login successful
20192,2026-01-11,13:18:08,INFO,WebServer,User u1666 login successful,E101,User {user} login successful
20193,2026-01-11,13:19:38,INFO,WebServer,Transaction tx339143 completed in 1301ms,E104,Transaction {tx} completed in {time}ms
20194,2026-01-11,13:55:40,INFO,OrderProcessor,Health check passed: OrderProcessor,E102,Health check passed: {service}
20195,2026-01-11,13:12:57,INFO,InventoryDB,Page view: /home by u4836,E103,Page view: {page} by {user}
20196,2026-01-11,13:35:33,INFO,OrderProcessor,Page view: /home by u4413,E103,Page view: {page} by {user}
20197,2026-01-11,13:23:23,INFO,WebServer,User u3817 login successful,E101,User {user} login successful
20198,2026-01-11,13:58:46,INFO,OrderProcessor,Health check passed: OrderProcessor,E102,Health check passed: {service}
20199,2026-01-11,13:24:49,INFO,PaymentGateway,Page view: /home by u4634,E103,Page view: {page} by {user}
20200,2026-01-11,13:35:45,INFO,AuthService,Health check passed: AuthService,E102,Health check passed: {service}
20201,2026-01-11,13:27:38,INFO,InventoryDB,Transaction tx132018 completed in 1958ms,E104,Transaction {tx} completed in {time}ms
20202,2026-01-11,13:26:51,INFO,WebServer,Page view: /home by u3864,E103,Page view: {page} by {user}
20203,2026-01-11,13:50:40,INFO,WebServer,Page view: /home by u2221,E103,Page view: {page} by {user}
20204,2026-01-11,13:22:39,WARN,WebServer,Disk usage > 85% on node node-4,E202,Disk usage > 85% on node {node}
20205,2026-01-11,13:05:38,INFO,WebServer,Transaction tx766646 completed in 190ms,E104,Transaction {tx} completed in {time}ms
20206,2026-01-11,13:53:43,INFO,WebServer,User u2870 login successful,E101,User {user} login successful
20207,2026-01-11,13:15:58,INFO,AuthService,User u3810 login successful,E101,User {user} login successful
20208,2026-01-11,13:34:54,INFO,WebServer,Health check passed: WebServer,E102,Health check passed: {service}
20209,2026-01-11,13:28:25,INFO,AuthService,Transaction tx576663 completed in 1164ms,E104,Transaction {tx} completed in {time}ms
20210,2026-01-11,13:59:38,INFO,WebServer,Page view: /home by u1033,E103,Page view: {page} by {user}
20211,2026-01-11,13:52:43,INFO,AuthService,Page view: /home by u3442,E103,Page view: {page} by {user}
20212,2026-01-11,13:44:57,INFO,AuthService,Page view: /home by u1028,E103,Page view: {page} by {user}
20213,2026-01-11,13:29:15,INFO,OrderProcessor,Page view: /home by u4200,E103,Page view: {page} by {user}
20214,2026-01-11,13:17:47,INFO,WebServer,User u2725 login successful,E101,User {user} login successful
20215,2026-01-11,13:46:55,INFO,AuthService,Transaction tx392939 completed in 984ms,E104,Transaction {tx} completed in {time}ms
20216,2026-01-11,13:39:07,INFO,PaymentGateway,User u2065 login successful,E101,User {user} login successful
20217,2026-01-11,13:21:54,INFO,AuthService,Health check passed: AuthService,E102,Health check passed: {service}
20218,2026-01-11,13:17:00,INFO,WebServer,Health check passed: WebServer,E102,Health check passed: {service}
20219,2026-01-11,13:25:09,INFO,WebServer,Health check passed: WebServer,E102,Health check passed: {service}
20220,2026-01-11,13:30:00,INFO,OrderProcessor,Transaction tx284746 completed in 1232ms,E104,Transaction {tx} completed in {time}ms
20221,2026-01-11,13:59:12,INFO,WebServer,Health check passed: WebServer,E102,Health check passed: {service}
20222,2026-01-11,13:08:20,INFO,WebServer,Health check passed: WebServer,E102,Health check passed: {service}
20223,2026-01-11,13:47:55,INFO,PaymentGateway,Page view: /home by u4668,E103,Page view: {page} by {user}
20224,2026-01-11,13:17:23,INFO,AuthService,User u3172 login successful,E101,User {user} login successful
20225,2026-01-11,13:28:21,WARN,PaymentGateway,High latency (859ms) detected on PaymentGateway,E201,High latency ({time}ms) detected on {service}
20226,2026-01-11,13:11:24,INFO,PaymentGateway,Page view: /home by u2448,E103,Page view: {page} by {user}
20227,2026-01-11,13:37:38,INFO,AuthService,Page view: /home by u2569,E103,Page view: {page} by {user}
20228,2026-01-11,13:02:21,WARN,PaymentGateway,High latency (777ms) detected on PaymentGateway,E201,High latency ({time}ms) detected on {service}
20229,2026-01-11,13:54:29,INFO,OrderProcessor,Page view: /home by u2354,E103,Page view: {page} by {user}
20230,2026-01-11,13:52:19,WARN,WebServer,Unauthorized access attempt from 10.0.0.45,E401,Unauthorized access attempt from {ip}
20231,2026-01-11,13:16:05,INFO,PaymentGateway,Health check passed: PaymentGateway,E102,Health check passed: {service}
20232,2026-01-11,13:24:44,INFO,OrderProcessor,Page view: /home by u1570,E103,Page view: {page} by {user}
20233,2026-01-11,13:20:40,INFO,WebServer,Transaction tx249079 completed in 1452ms,E104,Transaction {tx} completed in {time}ms
20234,2026-01-11,13:19:53,INFO,AuthService,Health check passed: AuthService,E102,Health check passed: {service}
20235,2026-01-11,13:29:12,INFO,AuthService,User u3312 login successful,E101,User {user} login successful
20236,2026-01-11,13:27:27,INFO,PaymentGateway,Page view: /home by u3199,E103,Page view: {page} by {user}
20237,2026-01-11,13:32:57,INFO,PaymentGateway,Page view: /home by u1276,E103,Page view: {page} by {user}
20238,2026-01-11,13:05:24,INFO,AuthService,Transaction tx450297 completed in 1523ms,E104,Transaction {tx} completed in {time}ms
20239,2026-01-11,13:18:00,INFO,WebServer,Page view: /home by u4098,E103,Page view: {page} by {user}
20240,2026-01-11,13:59:18,INFO,WebServer,Page view: /home by u1979,E103,Page view: {page} by {user}
20241,2026-01-11,13:34:29,ERROR,AuthService,Payment declined: Gateway unavailable,E503,Payment declined: Gateway unavailable
20242,2026-01-11,13:14:20,INFO,WebServer,User u3270 login successful,E101,User {user} login successful
20243,2026-01-11,13:11:16,INFO,PaymentGateway,Page view: /home by u3969,E103,Page view: {page} by {user}
20244,2026-01-11,13:47:37,INFO,WebServer,User u4446 login successful,E101,User {user} login successful
20245,2026-01-11,13:42:47,INFO,AuthService,Page view: /home by u3506,E103,Page view: {page} by {user}
20246,2026-01-11,13:12:47,INFO,WebServer,Page view: /home by u1967,E103,Page view: {page} by {user}
20247,2026-01-11,13:04:25,INFO,OrderProcessor,User u3933 login successful,E101,User {user} login successful
20248,2026-01-11,13:06:50,INFO,WebServer,Transaction tx590818 completed in 61ms,E104,Transaction {tx} completed in {time}ms
20249,2026-01-11,13:51:47,ERROR,WebServer,Connection refused to WebServer at 10.0.0.88,E501,Connection refused to {service} at {ip}
20250,2026-01-11,13:33:24,INFO,WebServer,User u2637 login successful,E101,User {user} login successful
20251,2026-01-11,13:23:32,INFO,WebServer,User u1408 login successful,E101,User {user} login successful
20252,2026-01-11,13:43:36,INFO,WebServer,Health check passed: WebServer,E102,Health check passed: {service}
20253,2026-01-11,13:50:00,WARN,PaymentGateway,Disk usage > 85% on node node-2,E202,Disk usage > 85% on node {node}
20254,2026-01-11,13:59:13,WARN,AuthService,High latency (1815ms) detected on AuthService,E201,High latency ({time}ms) detected on {service}
20255,2026-01-11,13:04:38,INFO,PaymentGateway,Health check passed: PaymentGateway,E102,Health check passed: {service}
20256,2026-01-11,13:18:51,INFO,OrderProcessor,User u4600 login successful,E101,User {user} login successful
20257,2026-01-11,13:08:00,ERROR,OrderProcessor,Payment declined: Gateway unavailable,E503,Payment declined: Gateway unavailable
20258,2026-01-11,13:53:42,INFO,AuthService,User u4403 login successful,E101,User {user} login successful
20259,2026-01-11,13:35:41,INFO,WebServer,Transaction tx141639 completed in 422ms,E104,Transaction {tx} completed in {time}ms
20260,2026-01-11,13:34:24,INFO,OrderProcessor,User u1345 login successful,E101,User {user} login successful
20261,2026-01-11,13:41:01,INFO,AuthService,Health check passed: AuthService,E102,Health check passed: {service}
20262,2026-01-11,13:05:11,INFO,WebServer,Transaction tx621484 completed in 310ms,E104,Transaction {tx} completed in {time}ms
20263,2026-01-11,13:40:54,INFO,WebServer,Transaction tx942204 completed in 889ms,E104,Transaction {tx} completed in {time}ms
20264,2026-01-11,13:31:56,INFO,OrderProcessor,Transaction tx865027 completed in 875ms,E104,Transaction {tx} completed in {time}ms
20265,2026-01-11,13:05:33,INFO,AuthService,Transaction tx811799 completed in 233ms,E104,Transaction {tx} completed in {time}ms
20266,2026-01-11,13:20:01,INFO,WebServer,Health check passed: WebServer,E102,Health check passed: {service}
20267,2026-01-11,13:50:52,INFO,AuthService,Page view: /home by u4589,E103,Page view: {page} by {user}
20268,2026-01-11,13:24:48,INFO,InventoryDB,User u2840 login successful,E101,User {user} login successful
20269,2026-01-11,13:50:01,INFO,AuthService,Transaction tx515183 completed in 901ms,E104,Transaction {tx} completed in {time}ms
20270,2026-01-11,13:50:12,INFO,WebServer,User u1073 login successful,E101,User {user} login successful
20271,2026-01-11,13:43:44,INFO,WebServer,Health check passed: WebServer,E102,Health check passed: {service}
20272,2026-01-11,13:10:17,WARN,WebServer,Disk usage > 85% on node node-2,E202,Disk usage > 85% on node {node}
20273,2026-01-11,13:43:27,INFO,WebServer,User u2749 login successful,E101,User {user} login successful
20274,2026-01-11,13:13:57,INFO,WebServer,User u4657 login successful,E101,User {user} login successful
20275,2026-01-11,13:50:54,WARN,WebServer,Disk usage > 85% on node node-3,E202,Disk usage > 85% on node {node}
20276,2026-01-11,13:14:43,INFO,AuthService,Page view: /home by u2965,E103,Page view: {page} by {user}
20277,2026-01-11,13:14:02,INFO,PaymentGateway,User u4365 login successful,E101,User {user} login successful
20278,2026-01-11,13:22:50,INFO,OrderProcessor,Page view: /home by u1290,E103,Page view: {page} by {user}
20279,2026-01-11,13:18:33,INFO,AuthService,Transaction tx850230 completed in 974ms,E104,Transaction {tx} completed in {time}ms
20280,2026-01-11,13:57:55,INFO,OrderProcessor,Health check passed: OrderProcessor,E102,Health check passed: {service}
20281,2026-01-11,13:50:08,WARN,AuthService,Disk usage > 85% on node node-2,E202,Disk usage > 85% on node {node}
20282,2026-01-11,13:55:22,INFO,WebServer,Transaction tx609498 completed in 1172ms,E104,Transaction {tx} completed in {time}ms
20283,2026-01-11,13:30:34,INFO,InventoryDB,Page view: /home by u3464,E103,Page view: {page} by {user}
20284,2026-01-11,13:30:11,INFO,WebServer,Page view: /home by u1186,E103,Page view: {page} by {user}
20285,2026-01-11,13:14:41,INFO,WebServer,Page view: /home by u2017,E103,Page view: {page} by {user}
20286,2026-01-11,13:41:17,INFO,WebServer,User u4320 login successful,E101,User {user} login successful
20287,2026-01-11,13:59:29,INFO,WebServer,Health check passed: WebServer,E102,Health check passed: {service}
20288,2026-01-11,13:04:15,INFO,WebServer,Health check passed: WebServer,E102,Health check passed: {service}
20289,2026-01-11,13:25:27,INFO,PaymentGateway,Health check passed: PaymentGateway,E102,Health check passed: {service}
20290,2026-01-11,13:25:23,INFO,WebServer,Transaction tx251810 completed in 914ms,E104,Transaction {tx} completed in {time}ms
20291,2026-01-11,13:17:12,INFO,AuthService,User u2829 login successful,E101,User {user} login successful
20292,2026-01-11,13:00:55,INFO,PaymentGateway,Page view: /home by u3202,E103,Page view: {page} by {user}
20293,2026-01-11,13:07:22,INFO,AuthService,Transaction tx686186 completed in 1501ms,E104,Transaction {tx} completed in {time}ms
20294,2026-01-11,13:35:45,INFO,InventoryDB,Page view: /home by u3882,E103,Page view: {page} by {user}
20295,2026-01-11,13:18:42,INFO,WebServer,Page view: /home by u4046,E103,Page view: {page} by {user}
20296,2026-01-11,13:39:40,INFO,WebServer,Transaction tx792090 completed in 1855ms,E104,Transaction {tx} completed in {time}ms
20297,2026-01-11,13:30:45,INFO,AuthService,Transaction tx115858 completed in 1565ms,E104,Transaction {tx} completed in {time}ms
20298,2026-01-11,13:55:20,INFO,WebServer,User u3462 login successful,E101,User {user} login successful
20299,2026-01-11,13:14:44,ERROR,AuthService,Payment declined: Gateway unavailable,E503,Payment declined: Gateway unavailable
20300,2026-01-11,13:23:07,INFO,WebServer,User u1817 login successful,E101,User {user} login successful
20301,2026-01-11,13:00:02,INFO,WebServer,Transaction tx713880 completed in 792ms,E104,Transaction {tx} completed in {time}ms
20302,2026-01-11,13:23:03,INFO,OrderProcessor,User u3654 login successful,E101,User {user} login successful
20303,2026-01-11,13:46:23,INFO,WebServer,Page view: /home by u2539,E103,Page view: {page} by {user}
20304,2026-01-11,13:00:21,INFO,WebServer,Health check passed: WebServer,E102,Health check passed: {service}
20305,2026-01-11,13:05:11,INFO,PaymentGateway,User u2339 login successful,E101,User {user} login successful
20306,2026-01-11,13:56:22,INFO,AuthService,Page view: /home by u2246,E103,Page view: {page} by {user}
20307,2026-01-11,13:38:58,CRITICAL,PaymentGateway,DATA CORRUPTION detected in sector 214,E602,DATA CORRUPTION detected in sector {sector}
20308,2026-01-11,13:42:05,WARN,WebServer,High latency (250ms) detected on WebServer,E201,High latency ({time}ms) detected on {service}
20309,2026-01-11,13:58:27,INFO,OrderProcessor,User u1424 login successful,E101,User {user} login successful
20310,2026-01-11,13:57:15,INFO,WebServer,Health check passed: WebServer,E102,Health check passed: {service}
20311,2026-01-11,13:04:10,INFO,WebServer,Transaction tx677315 completed in 794ms,E104,Transaction {tx} completed in {time}ms
20312,2026-01-11,13:28:59,INFO,WebServer,User u3601 login successful,E101,User {user} login successful
20313,2026-01-11,13:35:18,INFO,WebServer,Health check passed: WebServer,E102,Health check passed: {service}
20314,2026-01-11,13:02:31,INFO,WebServer,Page view: /home by u3482,E103,Page view: {page} by {user}
20315,2026-01-11,13:12:30,INFO,WebServer,Transaction tx494974 completed in 574ms,E104,Transaction {tx} completed in {time}ms
20316,2026-01-11,13:22:55,INFO,AuthService,Page view: /home by u1730,E103,Page view: {page} by {user}
20317,2026-01-11,13:45:55,INFO,WebServer,Page view: /home by u1916,E103,Page view: {page} by {user}
20318,2026-01-11,13:45:29,INFO,WebServer,Health check passed: WebServer,E102,Health check passed: {service}
20319,2026-01-11,13:08:07,INFO,WebServer,Transaction tx607946 completed in 505ms,E104,Transaction {tx} completed in {time}ms
20320,2026-01-11,13:15:27,INFO,WebServer,Page view: /home by u2345,E103,Page view: {page} by {user}
20321,2026-01-11,13:06:02,INFO,WebServer,User u1668 login successful,E101,User {user} login successful
20322,2026-01-11,13:02:36,INFO,OrderProcessor,Transaction tx910897 completed in 1744ms,E104,Transaction {tx} completed in {time}ms
20323,2026-01-11,13:59:30,INFO,WebServer,Transaction tx877966 completed in 332ms,E104,Transaction {tx} completed in {time}ms
20324,2026-01-11,13:39:19,INFO,WebServer,Transaction tx987034 completed in 1201ms,E104,Transaction {tx} completed in {time}ms
20325,2026-01-11,13:19:35,INFO,WebServer,Page view: /home by u2222,E103,Page view: {page} by {user}
20326,2026-01-11,13:09:17,INFO,AuthService,User u3050 login successful,E101,User {user} login successful
20327,2026-01-11,13:35:26,INFO,WebServer,Transaction tx950999 completed in 399ms,E104,Transaction {tx} completed in {time}ms
20328,2026-01-11,13:34:05,INFO,WebServer,Health check passed: WebServer,E102,Health check passed: {service}
20329,2026-01-11,13:47:52,WARN,AuthService,Disk usage > 85% on node node-5,E202,Disk usage > 85% on node {node}
20330,2026-01-11,13:05:52,INFO,WebServer,Health check passed: WebServer,E102,Health check passed: {service}
20331,2026-01-11,13:47:47,INFO,AuthService,User u3050 login successful,E101,User {user} login successful
20332,2026-01-11,13:43:45,INFO,WebServer,Page view: /home by u1271,E103,Page view: {page} by {user}
20333,2026-01-11,13:59:13,INFO,WebServer,User u4642 login successful,E101,User {user} login successful
20334,2026-01-11,13:18:03,WARN,WebServer,Unauthorized access attempt from 10.0.0.45,E401,Unauthorized access attempt from {ip}
20335,2026-01-11,13:47:46,INFO,WebServer,User u3339 login successful,E101,User {user} login successful
20336,2026-01-11,13:47:48,ERROR,PaymentGateway,Connection refused to PaymentGateway at 10.0.0.45,E501,Connection refused to {service} at {ip}
20337,2026-01-11,13:08:30,INFO,AuthService,User u1189 login successful,E101,User {user} login successful
20338,2026-01-11,13:30:26,INFO,OrderProcessor,Health check passed: OrderProcessor,E102,Health check passed: {service}
20339,2026-01-11,13:41:37,INFO,WebServer,Health check passed: WebServer,E102,Health check passed: {service}
20340,2026-01-11,13:40:45,INFO,WebServer,User u2201 login successful,E101,User {user} login successful
20341,2026-01-11,13:47:43,INFO,PaymentGateway,Page view: /home by u2428,E103,Page view: {page} by {user}
20342,2026-01-11,13:41:38,INFO,WebServer,Page view: /home by u1921,E103,Page view: {page} by {user}
20343,2026-01-11,13:23:29,INFO,AuthService,User u3613 login successful,E101,User {user} login successful
20344,2026-01-11,13:00:01,INFO,WebServer,User u4930 login successful,E101,User {user} login successful
20345,2026-01-11,13:34:49,INFO,AuthService,User u1526 login successful,E101,User {user} login successful
20346,2026-01-11,13:13:52,INFO,WebServer,Transaction tx704609 completed in 666ms,E104,Transaction {tx} completed in {time}ms
20347,2026-01-11,13:54:13,INFO,OrderProcessor,Page view: /home by u4707,E103,Page view: {page} by {user}
20348,2026-01-11,13:03:52,INFO,AuthService,Transaction tx999547 completed in 934ms,E104,Transaction {tx} completed in {time}ms
20349,2026-01-11,13:08:16,INFO,InventoryDB,User u4033 login successful,E101,User {user} login successful
20350,2026-01-11,13:09:36,INFO,PaymentGateway,Health check passed: PaymentGateway,E102,Health check passed: {service}
20351,2026-01-11,13:57:38,INFO,InventoryDB,Page view: /home by u1040,E103,Page view: {page} by {user}
20352,2026-01-11,13:21:18,INFO,PaymentGateway,Page view: /home by u1234,E103,Page view: {page} by {user}
20353,2026-01-11,13:18:10,INFO,WebServer,Page view: /home by u3374,E103,Page view: {page} by {user}
20354,2026-01-11,13:47:52,INFO,AuthService,Transaction tx875327 completed in 1900ms,E104,Transaction {tx} completed in {time}ms
20355,2026-01-11,13:14:06,INFO,AuthService,Transaction tx799995 completed in 1694ms,E104,Transaction {tx} completed in {time}ms
20356,2026-01-11,13:24:37,INFO,WebServer,User u1305 login successful,E101,User {user} login successful
20357,2026-01-11,13:37:07,INFO,AuthService,User u3550 login successful,E101,User {user} login successful
20358,2026-01-11,13:18:06,INFO,WebServer,Health check passed: WebServer,E102,Health check passed: {service}
20359,2026-01-11,13:14:45,INFO,AuthService,Transaction tx783338 completed in 294ms,E104,Transaction {tx} completed in {time}ms
20360,2026-01-11,13:04:51,INFO,WebServer,Health check passed: WebServer,E102,Health check passed: {service}
20361,2026-01-11,13:39:20,INFO,WebServer,User u4359 login successful,E101,User {user} login successful
20362,2026-01-11,13:02:04,WARN,OrderProcessor,High latency (1285ms) detected on OrderProcessor,E201,High latency ({time}ms) detected on {service}
20363,2026-01-11,13:37:11,INFO,WebServer,Health check passed: WebServer,E102,Health check passed: {service}
20364,2026-01-11,13:34:37,INFO,WebServer,Page view: /home by u3544,E103,Page view: {page} by {user}
20365,2026-01-11,13:29:30,INFO,AuthService,Page view: /home by u3460,E103,Page view: {page} by {user}
20366,2026-01-11,13:29:34,INFO,WebServer,Health check passed: WebServer,E102,Health check passed: {service}
20367,2026-01-11,13:58:41,INFO,WebServer,Transaction tx730399 completed in 1615ms,E104,Transaction {tx} completed in {time}ms
20368,2026-01-11,13:03:29,INFO,OrderProcessor,Transaction tx606372 completed in 1514ms,E104,Transaction {tx} completed in {time}ms
20369,2026-01-11,13:05:16,INFO,AuthService,Page view: /home by u2676,E103,Page view: {page} by {user}
20370,2026-01-11,13:21:19,INFO,InventoryDB,Health check passed: InventoryDB,E102,Health check passed: {service}
20371,2026-01-11,13:27:25,INFO,OrderProcessor,Health check passed: OrderProcessor,E102,Health check passed: {service}
20372,2026-01-11,13:37:02,INFO,WebServer,Page view: /home by u3308,E103,Page view: {page} by {user}
20373,2026-01-11,13:06:52,INFO,WebServer,User u2197 login successful,E101,User {user} login successful
20374,2026-01-11,13:12:38,INFO,AuthService,Health check passed: AuthService,E102,Health check passed: {service}
20375,2026-01-11,13:53:09,INFO,PaymentGateway,Health check passed: PaymentGateway,E102,Health check passed: {service}
20376,2026-01-11,13:42:04,INFO,InventoryDB,Health check passed: InventoryDB,E102,Health check passed: {service}
20377,2026-01-11,13:13:40,INFO,WebServer,Health check passed: WebServer,E102,Health check passed: {service}
20378,2026-01-11,13:00:16,INFO,WebServer,Health check passed: WebServer,E102,Health check passed: {service}
20379,2026-01-11,13:02:28,WARN,WebServer,Disk usage > 85% on node node-3,E202,Disk usage > 85% on node {node}
20380,2026-01-11,13:34:20,INFO,OrderProcessor,Page view: /home by u4698,E103,Page view: {page} by {user}
20381,2026-01-11,13:55:07,INFO,AuthService,User u2373 login successful,E101,User {user} login successful
20382,2026-01-11,13:21:26,INFO,WebServer,User u2720 login successful,E101,User {user} login successful
20383,2026-01-11,13:22:41,INFO,AuthService,User u1538 login successful,E101,User {user} login successful
20384,2026-01-11,13:57:10,INFO,WebServer,Transaction tx463786 completed in 986ms,E104,Transaction {tx} completed in {time}ms
20385,2026-01-11,13:45:36,INFO,AuthService,User u3587 login successful,E101,User {user} login successful
20386,2026-01-11,13:10:55,INFO,WebServer,User u2445 login successful,E101,User {user} login successful
20387,2026-01-11,13:36:16,INFO,WebServer,Page view: /home by u3592,E103,Page view: {page} by {user}
20388,2026-01-11,13:36:16,INFO,WebServer,User u2328 login successful,E101,User {user} login successful
20389,2026-01-11,13:40:48,INFO,OrderProcessor,User u2995 login successful,E101,User {user} login successful
20390,2026-01-11,13:03:52,INFO,WebServer,Health check passed: WebServer,E102,Health check passed: {service}
20391,2026-01-11,13:07:41,INFO,WebServer,User u1894 login successful,E101,User {user} login successful
20392,2026-01-11,13:18:05,INFO,WebServer,Page view: /home by u1184,E103,Page view: {page} by {user}
20393,2026-01-11,13:47:45,INFO,AuthService,Transaction tx866791 completed in 1018ms,E104,Transaction {tx} completed in {time}ms
20394,2026-01-11,13:02:08,INFO,AuthService,Transaction tx871034 completed in 297ms,E104,Transaction {tx} completed in {time}ms
20395,2026-01-11,13:06:41,INFO,WebServer,Health check passed: WebServer,E102,Health check passed: {service}
20396,2026-01-11,13:41:15,INFO,AuthService,Health check passed: AuthService,E102,Health check passed: {service}
20397,2026-01-11,13:41:50,INFO,PaymentGateway,User u1106 login successful,E101,User {user} login successful
20398,2026-01-11,13:30:40,INFO,WebServer,Page view: /home by u1220,E103,Page view: {page} by {user}
20399,2026-01-11,13:45:31,INFO,WebServer,Transaction tx628347 completed in 1259ms,E104,Transaction {tx} completed in {time}ms
20400,2026-01-11,13:56:59,INFO,WebServer,Health check passed: WebServer,E102,Health check passed: {service}
20401,2026-01-11,13:51:27,INFO,WebServer,Transaction tx675289 completed in 1227ms,E104,Transaction {tx} completed in {time}ms
20402,2026-01-11,13:17:57,INFO,OrderProcessor,User u3677 login successful,E101,User {user} login successful
20403,2026-01-11,13:40:20,WARN,OrderProcessor,Disk usage > 85% on node node-3,E202,Disk usage > 85% on node {node}
20404,2026-01-11,13:51:20,INFO,OrderProcessor,Health check passed: OrderProcessor,E102,Health check passed: {service}
20405,2026-01-11,13:43:56,ERROR,OrderProcessor,Timeout waiting for lock on InventoryDB,E502,Timeout waiting for lock on {db}
20406,2026-01-11,13:54:44,INFO,InventoryDB,User u2181 login successful,E101,User {user} login successful
20407,2026-01-11,13:06:07,WARN,AuthService,Unauthorized access attempt from 10.0.0.45,E401,Unauthorized access attempt from {ip}
20408,2026-01-11,13:29:52,INFO,OrderProcessor,User u1552 login successful,E101,User {user} login successful
20409,2026-01-11,13:18:44,INFO,InventoryDB,User u4727 login successful,E101,User {user} login successful
20410,2026-01-11,13:20:56,WARN,WebServer,Disk usage > 85% on node node-5,E202,Disk usage > 85% on node {node}
20411,2026-01-11,13:57:23,INFO,PaymentGateway,User u2543 login successful,E101,User {user} login successful
20412,2026-01-11,13:12:45,INFO,WebServer,User u4882 login successful,E101,User {user} login successful
20413,2026-01-11,13:59:39,INFO,OrderProcessor,User u4362 login successful,E101,User {user} login successful
20414,2026-01-11,13:17:39,INFO,WebServer,Page view: /home by u1986,E103,Page view: {page} by {user}
20415,2026-01-11,13:55:26,INFO,WebServer,Health check passed: WebServer,E102,Health check passed: {service}
20416,2026-01-11,13:40:16,INFO,WebServer,Page view: /home by u1941,E103,Page view: {page} by {user}
20417,2026-01-11,13:25:23,INFO,WebServer,Health check passed: WebServer,E102,Health check passed: {service}
20418,2026-01-11,13:06:22,INFO,WebServer,Page view: /home by u1292,E103,Page view: {page} by {user}
20419,2026-01-11,13:25:56,INFO,WebServer,Transaction tx584958 completed in 449ms,E104,Transaction {tx} completed in {time}ms
20420,2026-01-11,13:24:13,INFO,OrderProcessor,Transaction tx403749 completed in 1815ms,E104,Transaction {tx} completed in {time}ms
20421,2026-01-11,13:58:51,INFO,PaymentGateway,User u1004 login successful,E101,User {user} login successful
20422,2026-01-11,13:51:58,INFO,WebServer,Transaction tx483046 completed in 339ms,E104,Transaction {tx} completed in {time}ms
20423,2026-01-11,13:27:15,INFO,WebServer,User u2846 login successful,E101,User {user} login successful
20424,2026-01-11,13:15:49,INFO,WebServer,Page view: /home by u1030,E103,Page view: {page} by {user}
20425,2026-01-11,13:03:29,INFO,WebServer,Page view: /home by u2470,E103,Page view: {page} by {user}
20426,2026-01-11,13:26:58,INFO,WebServer,Health check passed: WebServer,E102,Health check passed: {service}
20427,2026-01-11,13:54:39,INFO,WebServer,Page view: /home by u3995,E103,Page view: {page} by {user}
20428,2026-01-11,13:19:54,INFO,WebServer,Health check passed: WebServer,E102,Health check passed: {service}
20429,2026-01-11,13:32:44,INFO,WebServer,Page view: /home by u4746,E103,Page view: {page} by {user}
20430,2026-01-11,13:09:24,INFO,WebServer,User u1121 login successful,E101,User {user} login successful
20431,2026-01-11,13:39:34,INFO,AuthService,Transaction tx160035 completed in 769ms,E104,Transaction {tx} completed in {time}ms
20432,2026-01-11,13:35:46,INFO,AuthService,Page view: /home by u2993,E103,Page view: {page} by {user}
20433,2026-01-11,13:50:05,INFO,AuthService,Health check passed: AuthService,E102,Health check passed: {service}
20434,2026-01-11,13:20:49,INFO,AuthService,Page view: /home by u3209,E103,Page view: {page} by {user}
20435,2026-01-11,13:19:41,INFO,WebServer,Page view: /home by u4939,E103,Page view: {page} by {user}
20436,2026-01-11,13:40:19,INFO,AuthService,Transaction tx575062 completed in 1165ms,E104,Transaction {tx} completed in {time}ms
20437,2026-01-11,13:25:13,INFO,AuthService,Transaction tx901114 completed in 1721ms,E104,Transaction {tx} completed in {time}ms
20438,2026-01-11,13:27:53,INFO,OrderProcessor,User u4471 login successful,E101,User {user} login successful
20439,2026-01-11,13:09:26,INFO,AuthService,Health check passed: AuthService,E102,Health check passed: {service}
20440,2026-01-11,13:10:45,INFO,WebServer,Health check passed: WebServer,E102,Health check passed: {service}
20441,2026-01-11,13:04:58,INFO,WebServer,Health check passed: WebServer,E102,Health check passed: {service}
20442,2026-01-11,13:52:00,INFO,WebServer,User u4988 login successful,E101,User {user} login successful
20443,2026-01-11,13:48:25,INFO,OrderProcessor,Health check passed: OrderProcessor,E102,Health check passed: {service}
20444,2026-01-11,13:29:38,INFO,AuthService,User u1275 login successful,E101,User {user} login successful
20445,2026-01-11,13:28:14,INFO,PaymentGateway,Transaction tx108137 completed in 322ms,E104,Transaction {tx} completed in {time}ms
20446,2026-01-11,13:46:43,WARN,OrderProcessor,Disk usage > 85% on node node-5,E202,Disk usage > 85% on node {node}
20447,2026-01-11,13:17:26,INFO,WebServer,Health check passed: WebServer,E102,Health check passed: {service}
20448,2026-01-11,13:00:32,INFO,WebServer,Health check passed: WebServer,E102,Health check passed: {service}
20449,2026-01-11,13:33:30,INFO,WebServer,Page view: /home by u2838,E103,Page view: {page} by {user}
20450,2026-01-11,13:12:06,INFO,OrderProcessor,User u1075 login successful,E101,User {user} login successful
20451,2026-01-11,13:01:18,INFO,WebServer,Health check passed: WebServer,E102,Health check passed: {service}
20452,2026-01-11,13:38:47,INFO,WebServer,Page view: /home by u4006,E103,Page view: {page} by {user}
20453,2026-01-11,13:00:51,WARN,OrderProcessor,Disk usage > 85% on node node-3,E202,Disk usage > 85% on node {node}
20454,2026-01-11,13:51:26,WARN,WebServer,Unauthorized access attempt from 10.0.0.45,E401,Unauthorized access attempt from {ip}
20455,2026-01-11,13:19:41,INFO,WebServer,Page view: /home by u2180,E103,Page view: {page} by {user}
20456,2026-01-11,13:34:51,INFO,WebServer,Page view: /home by u4025,E103,Page view: {page} by {user}
20457,2026-01-11,13:39:22,INFO,PaymentGateway,Page view: /home by u3888,E103,Page view: {page} by {user}
20458,2026-01-11,13:41:03,INFO,WebServer,Health check passed: WebServer,E102,Health check passed: {service}
20459,2026-01-11,13:45:28,INFO,WebServer,Transaction tx928411 completed in 684ms,E104,Transaction {tx} completed in {time}ms
20460,2026-01-11,13:15:47,INFO,WebServer,Transaction tx933593 completed in 432ms,E104,Transaction {tx} completed in {time}ms
20461,2026-01-11,13:50:28,INFO,WebServer,Health check passed: WebServer,E102,Health check passed: {service}
20462,2026-01-11,13:05:52,INFO,WebServer,Transaction tx550142 completed in 1475ms,E104,Transaction {tx} completed in {time}ms
20463,2026-01-11,13:58:54,INFO,WebServer,User u1547 login successful,E101,User {user} login successful
20464,2026-01-11,13:44:32,INFO,OrderProcessor,Health check passed: OrderProcessor,E102,Health check passed: {service}
20465,2026-01-11,13:46:54,INFO,AuthService,Page view: /home by u2618,E103,Page view: {page} by {user}
20466,2026-01-11,13:52:37,INFO,AuthService,User u3638 login successful,E101,User {user} login successful
20467,2026-01-11,13:27:02,INFO,PaymentGateway,Health check passed: PaymentGateway,E102,Health check passed: {service}
20468,2026-01-11,13:24:10,INFO,WebServer,Transaction tx476873 completed in 1721ms,E104,Transaction {tx} completed in {time}ms
20469,2026-01-11,13:46:36,INFO,WebServer,Health check passed: WebServer,E102,Health check passed: {service}
20470,2026-01-11,13:32:30,INFO,WebServer,Health check passed: WebServer,E102,Health check passed: {service}
20471,2026-01-11,13:19:45,INFO,WebServer,Health check passed: WebServer,E102,Health check passed: {service}
20472,2026-01-11,13:27:42,INFO,PaymentGateway,User u1430 login successful,E101,User {user} login successful
20473,2026-01-11,13:31:38,INFO,WebServer,User u3407 login successful,E101,User {user} login successful
20474,2026-01-11,13:27:16,INFO,WebServer,Page view: /home by u3356,E103,Page view: {page} by {user}
20475,2026-01-11,13:05:52,INFO,AuthService,User u1368 login successful,E101,User {user} login successful
20476,2026-01-11,13:15:23,INFO,AuthService,Page view: /home by u2996,E103,Page view: {page} by {user}
20477,2026-01-11,13:29:18,INFO,OrderProcessor,User u4447 login successful,E101,User {user} login successful
20478,2026-01-11,13:59:40,WARN,OrderProcessor,Disk usage > 85% on node node-1,E202,Disk usage > 85% on node {node}
20479,2026-01-11,13:02:17,INFO,WebServer,Page view: /home by u4527,E103,Page view: {page} by {user}
20480,2026-01-11,13:16:04,INFO,WebServer,Transaction tx241373 completed in 353ms,E104,Transaction {tx} completed in {time}ms
20481,2026-01-11,13:36:02,INFO,WebServer,Health check passed: WebServer,E102,Health check passed: {service}
20482,2026-01-11,13:59:12,INFO,WebServer,Health check passed: WebServer,E102,Health check passed: {service}
20483,2026-01-11,13:59:03,INFO,WebServer,User u1834 login successful,E101,User {user} login successful
20484,2026-01-11,13:50:02,INFO,OrderProcessor,User u2622 login successful,E101,User {user} login successful
20485,2026-01-11,13:36:49,INFO,WebServer,Page view: /home by u4971,E103,Page view: {page} by {user}
20486,2026-01-11,13:53:43,INFO,OrderProcessor,Page view: /home by u1238,E103,Page view: {page} by {user}
20487,2026-01-11,13:27:57,INFO,WebServer,User u4508 login successful,E101,User {user} login successful
20488,2026-01-11,13:27:57,INFO,WebServer,Health check passed: WebServer,E102,Health check passed: {service}
20489,2026-01-11,13:38:32,INFO,OrderProcessor,Health check passed: OrderProcessor,E102,Health check passed: {service}
20490,2026-01-11,13:58:49,INFO,AuthService,Transaction tx598744 completed in 938ms,E104,Transaction {tx} completed in {time}ms
20491,2026-01-11,13:40:38,INFO,WebServer,User u3794 login successful,E101,User {user} login successful
20492,2026-01-11,13:10:54,INFO,WebServer,Page view: /home by u4716,E103,Page view: {page} by {user}
20493,2026-01-11,13:02:20,INFO,WebServer,Transaction tx784111 completed in 989ms,E104,Transaction {tx} completed in {time}ms
20494,2026-01-11,13:48:55,INFO,PaymentGateway,Page view: /home by u4232,E103,Page view: {page} by {user}
20495,2026-01-11,13:02:00,INFO,WebServer,User u4728 login successful,E101,User {user} login successful
20496,2026-01-11,13:58:08,INFO,WebServer,User u2943 login successful,E101,User {user} login successful
20497,2026-01-11,13:12:46,INFO,AuthService,Health check passed: AuthService,E102,Health check passed: {service}
20498,2026-01-11,13:31:26,INFO,WebServer,Transaction tx533847 completed in 974ms,E104,Transaction {tx} completed in {time}ms
20499,2026-01-11,13:21:29,INFO,WebServer,Health check passed: WebServer,E102,Health check passed: {service}
20500,2026-01-11,13:00:15,INFO,WebServer,User u2276 login successful,E101,User {user} login successful
20501,2026-01-11,13:44:39,INFO,PaymentGateway,Transaction tx165390 completed in 1631ms,E104,Transaction {tx} completed in {time}ms
20502,2026-01-11,13:37:31,INFO,WebServer,Page view: /home by u1498,E103,Page view: {page} by {user}
20503,2026-01-11,13:15:31,INFO,AuthService,User u4875 login successful,E101,User {user} login successful
20504,2026-01-11,13:41:45,INFO,InventoryDB,User u3471 login successful,E101,User {user} login successful
20505,2026-01-11,13:44:15,INFO,OrderProcessor,Transaction tx209104 completed in 1057ms,E104,Transaction {tx} completed in {time}ms
20506,2026-01-11,13:06:13,INFO,PaymentGateway,Page view: /home by u3505,E103,Page view: {page} by {user}
20507,2026-01-11,13:37:31,INFO,AuthService,Transaction tx791467 completed in 195ms,E104,Transaction {tx} completed in {time}ms
20508,2026-01-11,13:58:10,INFO,AuthService,Transaction tx845573 completed in 1678ms,E104,Transaction {tx} completed in {time}ms
20509,2026-01-11,13:25:28,INFO,OrderProcessor,Page view: /home by u1953,E103,Page view: {page} by {user}
20510,2026-01-11,13:57:07,INFO,OrderProcessor,Transaction tx411865 completed in 1188ms,E104,Transaction {tx} completed in {time}ms
20511,2026-01-11,13:14:52,INFO,InventoryDB,User u4338 login successful,E101,User {user} login successful
20512,2026-01-11,13:57:00,INFO,WebServer,Health check passed: WebServer,E102,Health check passed: {service}
20513,2026-01-11,13:19:17,INFO,OrderProcessor,User u2632 login successful,E101,User {user} login successful
20514,2026-01-11,13:34:45,INFO,AuthService,Page view: /home by u1903,E103,Page view: {page} by {user}
20515,2026-01-11,13:35:14,INFO,AuthService,Transaction tx496720 completed in 1452ms,E104,Transaction {tx} completed in {time}ms
20516,2026-01-11,13:49:57,INFO,AuthService,User u2399 login successful,E101,User {user} login successful
20517,2026-01-11,13:17:44,INFO,WebServer,Page view: /home by u4862,E103,Page view: {page} by {user}
20518,2026-01-11,13:02:03,INFO,WebServer,Page view: /home by u2489,E103,Page view: {page} by {user}
20519,2026-01-11,13:58:12,INFO,PaymentGateway,User u3326 login successful,E101,User {user} login successful
20520,2026-01-11,13:48:52,INFO,AuthService,Health check passed: AuthService,E102,Health check passed: {service}
20521,2026-01-11,13:51:16,INFO,OrderProcessor,Page view: /home by u4771,E103,Page view: {page} by {user}
20522,2026-01-11,13:21:34,INFO,OrderProcessor,Health check passed: OrderProcessor,E102,Health check passed: {service}
20523,2026-01-11,13:40:04,INFO,WebServer,Transaction tx481654 completed in 372ms,E104,Transaction {tx} completed in {time}ms
20524,2026-01-11,13:59:15,INFO,PaymentGateway,Page view: /home by u3053,E103,Page view: {page} by {user}
20525,2026-01-11,13:47:25,INFO,WebServer,Page view: /home by u2830,E103,Page view: {page} by {user}
20526,2026-01-11,13:19:27,INFO,WebServer,Transaction tx356878 completed in 1621ms,E104,Transaction {tx} completed in {time}ms
20527,2026-01-11,13:13:52,INFO,WebServer,User u3495 login successful,E101,User {user} login successful
20528,2026-01-11,13:38:49,INFO,WebServer,Transaction tx849009 completed in 1290ms,E104,Transaction {tx} completed in {time}ms
20529,2026-01-11,13:08:44,INFO,WebServer,Health check passed: WebServer,E102,Health check passed: {service}
20530,2026-01-11,13:41:19,INFO,InventoryDB,Page view: /home by u4773,E103,Page view: {page} by {user}
20531,2026-01-11,13:30:41,WARN,WebServer,High latency (240ms) detected on WebServer,E201,High latency ({time}ms) detected on {service}
20532,2026-01-11,13:04:10,INFO,AuthService,Transaction tx661933 completed in 382ms,E104,Transaction {tx} completed in {time}ms
20533,2026-01-11,13:53:08,INFO,WebServer,User u1991 login successful,E101,User {user} login successful
20534,2026-01-11,13:26:09,INFO,WebServer,Health check passed: WebServer,E102,Health check passed: {service}
20535,2026-01-11,13:54:19,INFO,OrderProcessor,Transaction tx320413 completed in 333ms,E104,Transaction {tx} completed in {time}ms
20536,2026-01-11,13:22:18,INFO,AuthService,User u3274 login successful,E101,User {user} login successful
20537,2026-01-11,13:53:45,INFO,PaymentGateway,Health check passed: PaymentGateway,E102,Health check passed: {service}
20538,2026-01-11,13:56:25,INFO,InventoryDB,Transaction tx233343 completed in 1437ms,E104,Transaction {tx} completed in {time}ms
20539,2026-01-11,13:12:25,INFO,InventoryDB,Page view: /home by u3252,E103,Page view: {page} by {user}
20540,2026-01-11,13:07:11,INFO,WebServer,Transaction tx168553 completed in 1096ms,E104,Transaction {tx} completed in {time}ms
20541,2026-01-11,13:09:31,INFO,OrderProcessor,User u1925 login successful,E101,User {user} login successful
20542,2026-01-11,13:32:22,INFO,PaymentGateway,User u2480 login successful,E101,User {user} login successful
20543,2026-01-11,13:12:48,INFO,OrderProcessor,User u2212 login successful,E101,User {user} login successful
20544,2026-01-11,13:21:10,INFO,WebServer,Page view: /home by u2788,E103,Page view: {page} by {user}
20545,2026-01-11,13:13:36,INFO,InventoryDB,Page view: /home by u1361,E103,Page view: {page} by {user}
20546,2026-01-11,13:06:41,ERROR,WebServer,Payment declined: Gateway unavailable,E503,Payment declined: Gateway unavailable
20547,2026-01-11,13:00:21,INFO,WebServer,Health check passed: WebServer,E102,Health check passed: {service}
20548,2026-01-11,13:16:10,INFO,WebServer,User u4384 login successful,E101,User {user} login successful
20549,2026-01-11,13:29:10,INFO,WebServer,Transaction tx120359 completed in 1517ms,E104,Transaction {tx} completed in {time}ms
20550,2026-01-11,13:25:17,INFO,WebServer,User u2729 login successful,E101,User {user} login successful
20551,2026-01-11,13:40:29,INFO,AuthService,Transaction tx238790 completed in 249ms,E104,Transaction {tx} completed in {time}ms
20552,2026-01-11,13:53:16,INFO,WebServer,Transaction tx232908 completed in 282ms,E104,Transaction {tx} completed in {time}ms
20553,2026-01-11,13:18:19,INFO,AuthService,User u1339 login successful,E101,User {user} login successful
20554,2026-01-11,13:50:52,INFO,WebServer,Health check passed: WebServer,E102,Health check passed: {service}
20555,2026-01-11,13:40:16,INFO,WebServer,Transaction tx305752 completed in 1232ms,E104,Transaction {tx} completed in {time}ms
20556,2026-01-11,13:34:23,INFO,WebServer,Health check passed: WebServer,E102,Health check passed: {service}
20557,2026-01-11,13:22:09,ERROR,PaymentGateway,Timeout waiting for lock on InventoryDB,E502,Timeout waiting for lock on {db}
20558,2026-01-11,13:01:30,INFO,WebServer,Transaction tx972727 completed in 759ms,E104,Transaction {tx} completed in {time}ms
20559,2026-01-11,13:33:58,INFO,AuthService,Page view: /home by u1499,E103,Page view: {page} by {user}
20560,2026-01-11,13:57:28,INFO,WebServer,Health check passed: WebServer,E102,Health check passed: {service}
20561,2026-01-11,13:10:29,INFO,PaymentGateway,Transaction tx963996 completed in 1183ms,E104,Transaction {tx} completed in {time}ms
20562,2026-01-11,13:54:55,INFO,OrderProcessor,Health check passed: OrderProcessor,E102,Health check passed: {service}
20563,2026-01-11,13:17:13,INFO,WebServer,Page view: /home by u4417,E103,Page view: {page} by {user}
20564,2026-01-11,13:24:26,INFO,OrderProcessor,Page view: /home by u2961,E103,Page view: {page} by {user}
20565,2026-01-11,13:48:18,INFO,OrderProcessor,Page view: /home by u2478,E103,Page view: {page} by {user}
20566,2026-01-11,13:48:22,INFO,WebServer,Health check passed: WebServer,E102,Health check passed: {service}
20567,2026-01-11,13:40:57,INFO,OrderProcessor,Health check passed: OrderProcessor,E102,Health check passed: {service}
20568,2026-01-11,13:48:34,INFO,WebServer,Transaction tx818887 completed in 627ms,E104,Transaction {tx} completed in {time}ms
20569,2026-01-11,13:04:35,INFO,WebServer,Health check passed: WebServer,E102,Health check passed: {service}
20570,2026-01-11,13:39:39,INFO,OrderProcessor,User u2053 login successful,E101,User {user} login successful
20571,2026-01-11,13:06:51,INFO,WebServer,User u4763 login successful,E101,User {user} login successful
20572,2026-01-11,13:15:26,INFO,WebServer,Health check passed: WebServer,E102,Health check passed: {service}
20573,2026-01-11,13:41:52,INFO,AuthService,User u2077 login successful,E101,User {user} login successful
20574,2026-01-11,13:44:22,INFO,WebServer,User u1500 login successful,E101,User {user} login successful
20575,2026-01-11,13:45:30,INFO,PaymentGateway,Page view: /home by u1920,E103,Page view: {page} by {user}
20576,2026-01-11,13:09:18,INFO,InventoryDB,Page view: /home by u2346,E103,Page view: {page} by {user}
20577,2026-01-11,13:06:45,INFO,AuthService,User u1739 login successful,E101,User {user} login successful
20578,2026-01-11,13:09:24,INFO,WebServer,Transaction tx868376 completed in 1945ms,E104,Transaction {tx} completed in {time}ms
20579,2026-01-11,13:03:23,INFO,WebServer,User u4613 login successful,E101,User {user} login successful
20580,2026-01-11,13:17:30,INFO,AuthService,User u4227 login successful,E101,User {user} login successful
20581,2026-01-11,13:08:59,INFO,PaymentGateway,User u3180 login successful,E101,User {user} login successful
20582,2026-01-11,13:54:00,INFO,AuthService,Health check passed: AuthService,E102,Health check passed: {service}
20583,2026-01-11,13:56:06,INFO,AuthService,User u1227 login successful,E101,User {user} login successful
20584,2026-01-11,13:16:34,INFO,AuthService,Page view: /home by u3663,E103,Page view: {page} by {user}
20585,2026-01-11,13:06:27,INFO,WebServer,Health check passed: WebServer,E102,Health check passed: {service}
20586,2026-01-11,13:38:25,INFO,PaymentGateway,Health check passed: PaymentGateway,E102,Health check passed: {service}
20587,2026-01-11,13:26:55,INFO,AuthService,Page view: /home by u4196,E103,Page view: {page} by {user}
20588,2026-01-11,13:05:41,INFO,AuthService,Health check passed: AuthService,E102,Health check passed: {service}
20589,2026-01-11,13:17:02,INFO,InventoryDB,Page view: /home by u2971,E103,Page view: {page} by {user}
20590,2026-01-11,13:05:51,INFO,WebServer,Transaction tx615970 completed in 1958ms,E104,Transaction {tx} completed in {time}ms
20591,2026-01-11,13:34:03,INFO,WebServer,Transaction tx367729 completed in 710ms,E104,Transaction {tx} completed in {time}ms
20592,2026-01-11,13:25:09,WARN,AuthService,Unauthorized access attempt from 10.0.0.12,E401,Unauthorized access attempt from {ip}
20593,2026-01-11,13:28:31,INFO,AuthService,Transaction tx729862 completed in 1741ms,E104,Transaction {tx} completed in {time}ms
20594,2026-01-11,13:44:52,INFO,WebServer,User u3795 login successful,E101,User {user} login successful
20595,2026-01-11,13:41:40,INFO,WebServer,Health check passed: WebServer,E102,Health check passed: {service}
20596,2026-01-11,13:04:10,INFO,OrderProcessor,User u1774 login successful,E101,User {user} login successful
20597,2026-01-11,13:14:06,INFO,WebServer,Health check passed: WebServer,E102,Health check passed: {service}
20598,2026-01-11,13:18:41,INFO,PaymentGateway,Page view: /home by u2140,E103,Page view: {page} by {user}
20599,2026-01-11,13:14:11,INFO,WebServer,Health check passed: WebServer,E102,Health check passed: {service}
20600,2026-01-11,13:27:00,INFO,WebServer,Page view: /home by u4926,E103,Page view: {page} by {user}
20601,2026-01-11,13:07:16,INFO,WebServer,Transaction tx735215 completed in 411ms,E104,Transaction {tx} completed in {time}ms
20602,2026-01-11,13:48:07,INFO,PaymentGateway,User u3908 login successful,E101,User {user} login successful
20603,2026-01-11,13:14:54,INFO,WebServer,Transaction tx669568 completed in 1662ms,E104,Transaction {tx} completed in {time}ms
20604,2026-01-11,13:33:35,INFO,OrderProcessor,Health check passed: OrderProcessor,E102,Health check passed: {service}
20605,2026-01-11,13:27:35,INFO,AuthService,Transaction tx713571 completed in 1217ms,E104,Transaction {tx} completed in {time}ms
20606,2026-01-11,13:35:37,INFO,WebServer,Page view: /home by u1842,E103,Page view: {page} by {user}
20607,2026-01-11,13:31:09,WARN,WebServer,Disk usage > 85% on node node-1,E202,Disk usage > 85% on node {node}
20608,2026-01-11,13:41:18,INFO,WebServer,Health check passed: WebServer,E102,Health check passed: {service}
20609,2026-01-11,13:04:28,INFO,WebServer,Transaction tx794475 completed in 1158ms,E104,Transaction {tx} completed in {time}ms
20610,2026-01-11,13:23:01,INFO,WebServer,Page view: /home by u4284,E103,Page view: {page} by {user}
20611,2026-01-11,13:20:58,INFO,WebServer,Page view: /home by u1222,E103,Page view: {page} by {user}
20612,2026-01-11,13:19:37,INFO,WebServer,Page view: /home by u3864,E103,Page view: {page} by {user}
20613,2026-01-11,13:57:45,INFO,OrderProcessor,Page view: /home by u4191,E103,Page view: {page} by {user}
20614,2026-01-11,13:54:03,INFO,WebServer,User u1607 login successful,E101,User {user} login successful
20615,2026-01-11,13:19:43,INFO,OrderProcessor,Transaction tx779218 completed in 481ms,E104,Transaction {tx} completed in {time}ms
20616,2026-01-11,13:03:24,INFO,WebServer,Page view: /home by u1121,E103,Page view: {page} by {user}
20617,2026-01-11,13:45:38,INFO,InventoryDB,Health check passed: InventoryDB,E102,Health check passed: {service}
20618,2026-01-11,13:10:48,INFO,PaymentGateway,Transaction tx238192 completed in 503ms,E104,Transaction {tx} completed in {time}ms
20619,2026-01-11,13:51:02,INFO,WebServer,Page view: /home by u1537,E103,Page view: {page} by {user}
20620,2026-01-11,13:34:02,INFO,WebServer,Transaction tx524213 completed in 25ms,E104,Transaction {tx} completed in {time}ms
20621,2026-01-11,13:56:55,INFO,WebServer,Transaction tx948585 completed in 362ms,E104,Transaction {tx} completed in {time}ms
20622,2026-01-11,13:25:34,INFO,AuthService,Health check passed: AuthService,E102,Health check passed: {service}
20623,2026-01-11,13:36:40,INFO,WebServer,Transaction tx525238 completed in 448ms,E104,Transaction {tx} completed in {time}ms
20624,2026-01-11,13:32:58,INFO,WebServer,User u4206 login successful,E101,User {user} login successful
20625,2026-01-11,13:31:08,INFO,WebServer,Page view: /home by u2016,E103,Page view: {page} by {user}
20626,2026-01-11,13:00:27,INFO,InventoryDB,User u1394 login successful,E101,User {user} login successful
20627,2026-01-11,13:04:42,INFO,InventoryDB,Page view: /home by u4631,E103,Page view: {page} by {user}
20628,2026-01-11,13:01:08,INFO,WebServer,Transaction tx992702 completed in 331ms,E104,Transaction {tx} completed in {time}ms
20629,2026-01-11,13:21:01,INFO,WebServer,Health check passed: WebServer,E102,Health check passed: {service}
20630,2026-01-11,13:27:46,INFO,WebServer,User u1566 login successful,E101,User {user} login successful
20631,2026-01-11,13:33:37,INFO,WebServer,Page view: /home by u3933,E103,Page view: {page} by {user}
20632,2026-01-11,13:49:07,INFO,WebServer,User u1361 login successful,E101,User {user} login successful
20633,2026-01-11,13:37:15,INFO,OrderProcessor,Transaction tx656956 completed in 113ms,E104,Transaction {tx} completed in {time}ms
20634,2026-01-11,13:37:38,INFO,WebServer,Transaction tx873270 completed in 689ms,E104,Transaction {tx} completed in {time}ms
20635,2026-01-11,13:53:06,INFO,WebServer,Transaction tx557819 completed in 1556ms,E104,Transaction {tx} completed in {time}ms
20636,2026-01-11,13:56:33,INFO,InventoryDB,Health check passed: InventoryDB,E102,Health check passed: {service}
20637,2026-01-11,13:22:13,INFO,WebServer,Health check passed: WebServer,E102,Health check passed: {service}
20638,2026-01-11,13:18:46,INFO,WebServer,Transaction tx196649 completed in 937ms,E104,Transaction {tx} completed in {time}ms
20639,2026-01-11,13:42:45,INFO,WebServer,User u1963 login successful,E101,User {user} login successful
20640,2026-01-11,13:40:10,INFO,PaymentGateway,Health check passed: PaymentGateway,E102,Health check passed: {service}
20641,2026-01-11,13:41:10,INFO,WebServer,Page view: /home by u4571,E103,Page view: {page} by {user}
20642,2026-01-11,13:30:12,INFO,WebServer,User u3000 login successful,E101,User {user} login successful
20643,2026-01-11,13:34:35,INFO,WebServer,Page view: /home by u3289,E103,Page view: {page} by {user}
20644,2026-01-11,13:18:44,INFO,AuthService,Page view: /home by u1978,E103,Page view: {page} by {user}
20645,2026-01-11,13:57:08,INFO,PaymentGateway,User u3267 login successful,E101,User {user} login successful
20646,2026-01-11,13:45:56,INFO,WebServer,Page view: /home by u2889,E103,Page view: {page} by {user}
20647,2026-01-11,13:18:32,INFO,WebServer,Page view: /home by u3133,E103,Page view: {page} by {user}
20648,2026-01-11,13:56:28,INFO,InventoryDB,User u2255 login successful,E101,User {user} login successful
20649,2026-01-11,13:25:15,WARN,WebServer,Disk usage > 85% on node node-3,E202,Disk usage > 85% on node {node}
20650,2026-01-11,13:18:44,INFO,WebServer,Page view: /home by u2935,E103,Page view: {page} by {user}
20651,2026-01-11,13:59:26,INFO,AuthService,Transaction tx675333 completed in 1607ms,E104,Transaction {tx} completed in {time}ms
20652,2026-01-11,13:18:14,INFO,WebServer,Health check passed: WebServer,E102,Health check passed: {service}
20653,2026-01-11,13:05:07,INFO,WebServer,Transaction tx660212 completed in 614ms,E104,Transaction {tx} completed in {time}ms
20654,2026-01-11,13:03:17,INFO,WebServer,User u3378 login successful,E101,User {user} login successful
20655,2026-01-11,13:30:54,INFO,WebServer,Health check passed: WebServer,E102,Health check passed: {service}
20656,2026-01-11,13:15:49,INFO,WebServer,Health check passed: WebServer,E102,Health check passed: {service}
20657,2026-01-11,13:30:18,WARN,AuthService,Disk usage > 85% on node node-3,E202,Disk usage > 85% on node {node}
20658,2026-01-11,13:03:13,INFO,OrderProcessor,Health check passed: OrderProcessor,E102,Health check passed: {service}
20659,2026-01-11,13:06:02,INFO,WebServer,Page view: /home by u1807,E103,Page view: {page} by {user}
20660,2026-01-11,13:39:56,INFO,WebServer,Health check passed: WebServer,E102,Health check passed: {service}
20661,2026-01-11,13:38:04,INFO,WebServer,Page view: /home by u1296,E103,Page view: {page} by {user}
20662,2026-01-11,13:49:24,INFO,WebServer,Health check passed: WebServer,E102,Health check passed: {service}
20663,2026-01-11,13:52:14,INFO,AuthService,Health check passed: AuthService,E102,Health check passed: {service}
20664,2026-01-11,13:40:03,INFO,WebServer,Transaction tx954563 completed in 357ms,E104,Transaction {tx} completed in {time}ms
20665,2026-01-11,13:40:32,WARN,AuthService,High latency (898ms) detected on AuthService,E201,High latency ({time}ms) detected on {service}
20666,2026-01-11,13:41:43,INFO,WebServer,Page view: /home by u1470,E103,Page view: {page} by {user}
20667,2026-01-11,13:50:27,WARN,WebServer,Disk usage > 85% on node node-3,E202,Disk usage > 85% on node {node}
20668,2026-01-11,13:04:38,INFO,WebServer,Page view: /home by u4112,E103,Page view: {page} by {user}
20669,2026-01-11,13:41:00,INFO,WebServer,Health check passed: WebServer,E102,Health check passed: {service}
20670,2026-01-11,13:05:51,INFO,AuthService,Page view: /home by u3811,E103,Page view: {page} by {user}
20671,2026-01-11,13:24:00,INFO,PaymentGateway,Page view: /home by u1169,E103,Page view: {page} by {user}
20672,2026-01-11,13:48:27,INFO,OrderProcessor,Transaction tx884043 completed in 260ms,E104,Transaction {tx} completed in {time}ms
20673,2026-01-11,13:21:02,INFO,InventoryDB,Transaction tx689458 completed in 792ms,E104,Transaction {tx} completed in {time}ms
20674,2026-01-11,13:51:14,INFO,InventoryDB,Page view: /home by u4848,E103,Page view: {page} by {user}
20675,2026-01-11,13:00:16,INFO,AuthService,Transaction tx612751 completed in 1051ms,E104,Transaction {tx} completed in {time}ms
20676,2026-01-11,13:46:54,INFO,PaymentGateway,Health check passed: PaymentGateway,E102,Health check passed: {service}
20677,2026-01-11,13:26:29,INFO,InventoryDB,User u1202 login successful,E101,User {user} login successful
20678,2026-01-11,13:35:28,INFO,WebServer,Page view: /home by u2004,E103,Page view: {page} by {user}
20679,2026-01-11,13:39:02,INFO,PaymentGateway,Transaction tx240842 completed in 1110ms,E104,Transaction {tx} completed in {time}ms
20680,2026-01-11,13:09:31,INFO,WebServer,Page view: /home by u2431,E103,Page view: {page} by {user}
20681,2026-01-11,13:23:49,INFO,PaymentGateway,User u2136 login successful,E101,User {user} login successful
20682,2026-01-11,13:09:03,INFO,AuthService,Transaction tx776090 completed in 1115ms,E104,Transaction {tx} completed in {time}ms
20683,2026-01-11,13:22:42,INFO,WebServer,Transaction tx941161 completed in 1492ms,E104,Transaction {tx} completed in {time}ms
20684,2026-01-11,13:55:53,ERROR,PaymentGateway,Connection refused to PaymentGateway at 10.0.0.12,E501,Connection refused to {service} at {ip}
20685,2026-01-11,13:19:09,INFO,WebServer,Page view: /home by u4061,E103,Page view: {page} by {user}
20686,2026-01-11,13:12:48,INFO,WebServer,Health check passed: WebServer,E102,Health check passed: {service}
20687,2026-01-11,13:36:58,INFO,OrderProcessor,Page view: /home by u1639,E103,Page view: {page} by {user}
20688,2026-01-11,13:13:50,INFO,AuthService,Transaction tx687450 completed in 1692ms,E104,Transaction {tx} completed in {time}ms
20689,2026-01-11,13:12:12,INFO,WebServer,Health check passed: WebServer,E102,Health check passed: {service}
20690,2026-01-11,13:49:34,INFO,OrderProcessor,Page view: /home by u2189,E103,Page view: {page} by {user}
20691,2026-01-11,13:34:06,INFO,AuthService,Transaction tx704385 completed in 1390ms,E104,Transaction {tx} completed in {time}ms
20692,2026-01-11,13:33:08,INFO,OrderProcessor,Transaction tx302491 completed in 244ms,E104,Transaction {tx} completed in {time}ms
20693,2026-01-11,13:16:38,INFO,AuthService,Health check passed: AuthService,E102,Health check passed: {service}
20694,2026-01-11,13:23:47,INFO,WebServer,User u2526 login successful,E101,User {user} login successful
20695,2026-01-11,13:01:47,INFO,WebServer,Page view: /home by u2604,E103,Page view: {page} by {user}
20696,2026-01-11,13:05:59,INFO,AuthService,Page view: /home by u2426,E103,Page view: {page} by {user}
20697,2026-01-11,13:24:15,INFO,PaymentGateway,Transaction tx853847 completed in 36ms,E104,Transaction {tx} completed in {time}ms
20698,2026-01-11,13:46:40,INFO,OrderProcessor,Transaction tx612447 completed in 27ms,E104,Transaction {tx} completed in {time}ms
20699,2026-01-11,13:23:14,INFO,OrderProcessor,Transaction tx190957 completed in 919ms,E104,Transaction {tx} completed in {time}ms
20700,2026-01-11,13:25:51,INFO,WebServer,Health check passed: WebServer,E102,Health check passed: {service}
20701,2026-01-11,13:30:53,INFO,AuthService,Transaction tx507074 completed in 614ms,E104,Transaction {tx} completed in {time}ms
20702,2026-01-11,13:06:36,INFO,WebServer,User u1879 login successful,E101,User {user} login successful
20703,2026-01-11,13:36:01,INFO,WebServer,Health check passed: WebServer,E102,Health check passed: {service}
20704,2026-01-11,13:54:47,INFO,WebServer,Transaction tx951179 completed in 182ms,E104,Transaction {tx} completed in {time}ms
20705,2026-01-11,13:04:16,INFO,OrderProcessor,Page view: /home by u4127,E103,Page view: {page} by {user}
20706,2026-01-11,13:25:55,INFO,OrderProcessor,Health check passed: OrderProcessor,E102,Health check passed: {service}
20707,2026-01-11,13:34:49,INFO,WebServer,Health check passed: WebServer,E102,Health check passed: {service}
20708,2026-01-11,13:36:10,INFO,WebServer,Transaction tx739332 completed in 622ms,E104,Transaction {tx} completed in {time}ms
20709,2026-01-11,13:28:11,WARN,WebServer,Disk usage > 85% on node node-3,E202,Disk usage > 85% on node {node}
20710,2026-01-11,13:23:44,WARN,WebServer,Unauthorized access attempt from 192.168.1.5,E401,Unauthorized access attempt from {ip}
20711,2026-01-11,13:42:35,WARN,PaymentGateway,Unauthorized access attempt from 10.0.0.45,E401,Unauthorized access attempt from {ip}
20712,2026-01-11,13:46:57,INFO,OrderProcessor,User u3128 login successful,E101,User {user} login successful
20713,2026-01-11,13:15:03,INFO,OrderProcessor,Health check passed: OrderProcessor,E102,Health check passed: {service}
20714,2026-01-11,13:16:14,INFO,AuthService,Transaction tx404933 completed in 1495ms,E104,Transaction {tx} completed in {time}ms
20715,2026-01-11,13:42:38,INFO,OrderProcessor,Transaction tx614155 completed in 671ms,E104,Transaction {tx} completed in {time}ms
20716,2026-01-11,13:58:31,INFO,WebServer,Page view: /home by u4499,E103,Page view: {page} by {user}
20717,2026-01-11,13:01:04,INFO,WebServer,Health check passed: WebServer,E102,Health check passed: {service}
20718,2026-01-11,13:41:47,INFO,WebServer,Health check passed: WebServer,E102,Health check passed: {service}
20719,2026-01-11,13:45:18,INFO,PaymentGateway,Transaction tx461316 completed in 85ms,E104,Transaction {tx} completed in {time}ms
20720,2026-01-11,13:16:04,INFO,WebServer,Health check passed: WebServer,E102,Health check passed: {service}
20721,2026-01-11,13:01:52,INFO,PaymentGateway,Page view: /home by u2971,E103,Page view: {page} by {user}
20722,2026-01-11,13:37:19,INFO,PaymentGateway,Health check passed: PaymentGateway,E102,Health check passed: {service}
20723,2026-01-11,13:37:49,INFO,WebServer,User u4210 login successful,E101,User {user} login successful
20724,2026-01-11,13:10:16,INFO,WebServer,Health check passed: WebServer,E102,Health check passed: {service}
20725,2026-01-11,13:27:10,INFO,WebServer,Transaction tx596757 completed in 1758ms,E104,Transaction {tx} completed in {time}ms
20726,2026-01-11,13:45:21,INFO,OrderProcessor,Health check passed: OrderProcessor,E102,Health check passed: {service}
20727,2026-01-11,13:19:54,INFO,WebServer,Health check passed: WebServer,E102,Health check passed: {service}
20728,2026-01-11,13:57:28,INFO,WebServer,Page view: /home by u3719,E103,Page view: {page} by {user}
20729,2026-01-11,13:19:55,INFO,AuthService,Health check passed: AuthService,E102,Health check passed: {service}
20730,2026-01-11,13:45:57,INFO,PaymentGateway,Page view: /home by u2248,E103,Page view: {page} by {user}
20731,2026-01-11,13:33:55,INFO,WebServer,Page view: /home by u3312,E103,Page view: {page} by {user}
20732,2026-01-11,13:17:32,INFO,AuthService,User u2392 login successful,E101,User {user} login successful
20733,2026-01-11,13:07:10,INFO,WebServer,Health check passed: WebServer,E102,Health check passed: {service}
20734,2026-01-11,13:11:48,INFO,AuthService,Page view: /home by u1704,E103,Page view: {page} by {user}
20735,2026-01-11,13:12:13,INFO,OrderProcessor,User u1902 login successful,E101,User {user} login successful
20736,2026-01-11,13:10:02,INFO,PaymentGateway,Health check passed: PaymentGateway,E102,Health check passed: {service}
20737,2026-01-11,13:05:18,INFO,OrderProcessor,User u2775 login successful,E101,User {user} login successful
20738,2026-01-11,13:56:31,INFO,AuthService,Page view: /home by u1290,E103,Page view: {page} by {user}
20739,2026-01-11,13:00:49,INFO,PaymentGateway,Transaction tx540869 completed in 1819ms,E104,Transaction {tx} completed in {time}ms
20740,2026-01-11,13:48:49,INFO,WebServer,Transaction tx548494 completed in 992ms,E104,Transaction {tx} completed in {time}ms
20741,2026-01-11,13:30:55,INFO,WebServer,Health check passed: WebServer,E102,Health check passed: {service}
20742,2026-01-11,13:45:37,INFO,AuthService,Health check passed: AuthService,E102,Health check passed: {service}
20743,2026-01-11,13:43:00,INFO,PaymentGateway,User u2390 login successful,E101,User {user} login successful
20744,2026-01-11,13:18:13,INFO,AuthService,Transaction tx555629 completed in 1102ms,E104,Transaction {tx} completed in {time}ms
20745,2026-01-11,13:43:36,INFO,InventoryDB,Health check passed: InventoryDB,E102,Health check passed: {service}
20746,2026-01-11,13:24:16,INFO,OrderProcessor,Health check passed: OrderProcessor,E102,Health check passed: {service}
20747,2026-01-11,13:41:39,INFO,AuthService,Transaction tx962430 completed in 863ms,E104,Transaction {tx} completed in {time}ms
20748,2026-01-11,13:48:48,INFO,WebServer,Transaction tx880461 completed in 256ms,E104,Transaction {tx} completed in {time}ms
20749,2026-01-11,13:54:52,WARN,WebServer,Disk usage > 85% on node node-2,E202,Disk usage > 85% on node {node}
20750,2026-01-11,13:18:45,INFO,OrderProcessor,User u2127 login successful,E101,User {user} login successful
20751,2026-01-11,13:26:53,INFO,AuthService,Page view: /home by u4107,E103,Page view: {page} by {user}
20752,2026-01-11,13:39:03,INFO,OrderProcessor,User u4762 login successful,E101,User {user} login successful
20753,2026-01-11,13:40:22,INFO,AuthService,Transaction tx790887 completed in 1484ms,E104,Transaction {tx} completed in {time}ms
20754,2026-01-11,13:35:26,INFO,AuthService,Transaction tx643895 completed in 850ms,E104,Transaction {tx} completed in {time}ms
20755,2026-01-11,13:46:37,INFO,InventoryDB,Health check passed: InventoryDB,E102,Health check passed: {service}
20756,2026-01-11,13:26:31,INFO,WebServer,Page view: /home by u2561,E103,Page view: {page} by {user}
20757,2026-01-11,13:43:42,INFO,WebServer,Transaction tx329634 completed in 719ms,E104,Transaction {tx} completed in {time}ms
20758,2026-01-11,13:00:19,INFO,AuthService,Transaction tx161277 completed in 1729ms,E104,Transaction {tx} completed in {time}ms
20759,2026-01-11,13:55:07,INFO,WebServer,Page view: /home by u1370,E103,Page view: {page} by {user}
20760,2026-01-11,13:52:14,INFO,WebServer,Page view: /home by u3691,E103,Page view: {page} by {user}
20761,2026-01-11,13:14:26,INFO,AuthService,Page view: /home by u3831,E103,Page view: {page} by {user}
20762,2026-01-11,13:26:38,INFO,AuthService,Page view: /home by u4494,E103,Page view: {page} by {user}
20763,2026-01-11,13:14:06,INFO,PaymentGateway,Health check passed: PaymentGateway,E102,Health check passed: {service}
20764,2026-01-11,13:02:18,INFO,PaymentGateway,User u3780 login successful,E101,User {user} login successful
20765,2026-01-11,13:18:18,INFO,WebServer,Page view: /home by u4902,E103,Page view: {page} by {user}
20766,2026-01-11,13:04:56,INFO,WebServer,Health check passed: WebServer,E102,Health check passed: {service}
20767,2026-01-11,13:57:20,INFO,WebServer,Page view: /home by u4394,E103,Page view: {page} by {user}
20768,2026-01-11,13:53:51,INFO,AuthService,Health check passed: AuthService,E102,Health check passed: {service}
20769,2026-01-11,13:17:21,INFO,WebServer,User u4936 login successful,E101,User {user} login successful
20770,2026-01-11,13:48:51,INFO,InventoryDB,User u3046 login successful,E101,User {user} login successful
20771,2026-01-11,13:05:12,INFO,WebServer,User u3874 login successful,E101,User {user} login successful
20772,2026-01-11,13:19:54,INFO,AuthService,User u2982 login successful,E101,User {user} login successful
20773,2026-01-11,13:48:57,INFO,AuthService,Transaction tx801476 completed in 1623ms,E104,Transaction {tx} completed in {time}ms
20774,2026-01-11,13:31:44,INFO,AuthService,Page view: /home by u3603,E103,Page view: {page} by {user}
20775,2026-01-11,13:04:01,INFO,WebServer,Page view: /home by u3239,E103,Page view: {page} by {user}
20776,2026-01-11,13:13:41,INFO,WebServer,Transaction tx242142 completed in 589ms,E104,Transaction {tx} completed in {time}ms
20777,2026-01-11,13:48:48,INFO,PaymentGateway,Health check passed: PaymentGateway,E102,Health check passed: {service}
20778,2026-01-11,13:20:47,INFO,WebServer,Transaction tx435980 completed in 1961ms,E104,Transaction {tx} completed in {time}ms
20779,2026-01-11,13:10:58,INFO,PaymentGateway,User u3986 login successful,E101,User {user} login successful
20780,2026-01-11,13:56:12,INFO,AuthService,Page view: /home by u3490,E103,Page view: {page} by {user}
20781,2026-01-11,13:04:38,INFO,OrderProcessor,Health check passed: OrderProcessor,E102,Health check passed: {service}
20782,2026-01-11,13:16:58,INFO,WebServer,User u2894 login successful,E101,User {user} login successful
20783,2026-01-11,13:48:15,INFO,OrderProcessor,Page view: /home by u1877,E103,Page view: {page} by {user}
20784,2026-01-11,13:05:43,INFO,WebServer,Health check passed: WebServer,E102,Health check passed: {service}
20785,2026-01-11,13:19:03,INFO,AuthService,Page view: /home by u3786,E103,Page view: {page} by {user}
20786,2026-01-11,13:17:02,INFO,WebServer,Page view: /home by u4221,E103,Page view: {page} by {user}
20787,2026-01-11,13:46:20,INFO,WebServer,User u3487 login successful,E101,User {user} login successful
20788,2026-01-11,13:46:51,INFO,WebServer,Health check passed: WebServer,E102,Health check passed: {service}
20789,2026-01-11,13:29:41,INFO,OrderProcessor,Health check passed: OrderProcessor,E102,Health check passed: {service}
20790,2026-01-11,13:28:59,INFO,WebServer,User u2820 login successful,E101,User {user} login successful
20791,2026-01-11,13:33:48,INFO,PaymentGateway,Transaction tx839345 completed in 535ms,E104,Transaction {tx} completed in {time}ms
20792,2026-01-11,13:06:40,INFO,WebServer,Page view: /home by u1411,E103,Page view: {page} by {user}
20793,2026-01-11,13:44:44,INFO,WebServer,Transaction tx434366 completed in 260ms,E104,Transaction {tx} completed in {time}ms
20794,2026-01-11,13:31:34,INFO,WebServer,Health check passed: WebServer,E102,Health check passed: {service}
20795,2026-01-11,13:37:05,INFO,WebServer,User u1785 login successful,E101,User {user} login successful
20796,2026-01-11,13:10:20,INFO,AuthService,Page view: /home by u3077,E103,Page view: {page} by {user}
20797,2026-01-11,13:28:14,INFO,WebServer,User u4439 login successful,E101,User {user} login successful
20798,2026-01-11,13:47:32,WARN,WebServer,High latency (1165ms) detected on WebServer,E201,High latency ({time}ms) detected on {service}
20799,2026-01-11,13:30:43,INFO,InventoryDB,Transaction tx924573 completed in 827ms,E104,Transaction {tx} completed in {time}ms
20800,2026-01-11,13:18:15,INFO,AuthService,User u2698 login successful,E101,User {user} login successful
20801,2026-01-11,13:58:38,INFO,AuthService,Health check passed: AuthService,E102,Health check passed: {service}
20802,2026-01-11,13:41:28,INFO,AuthService,Transaction tx446432 completed in 1174ms,E104,Transaction {tx} completed in {time}ms
20803,2026-01-11,13:30:29,INFO,PaymentGateway,Health check passed: PaymentGateway,E102,Health check passed: {service}
20804,2026-01-11,13:18:07,WARN,AuthService,Unauthorized access attempt from 10.0.0.45,E401,Unauthorized access attempt from {ip}
20805,2026-01-11,13:29:28,INFO,OrderProcessor,Page view: /home by u3167,E103,Page view: {page} by {user}
20806,2026-01-11,13:18:35,INFO,WebServer,Transaction tx303259 completed in 646ms,E104,Transaction {tx} completed in {time}ms
20807,2026-01-11,13:22:01,INFO,PaymentGateway,Transaction tx307592 completed in 1189ms,E104,Transaction {tx} completed in {time}ms
20808,2026-01-11,13:22:44,INFO,PaymentGateway,Health check passed: PaymentGateway,E102,Health check passed: {service}
20809,2026-01-11,13:17:04,INFO,WebServer,User u3331 login successful,E101,User {user} login successful
20810,2026-01-11,13:25:42,INFO,AuthService,Transaction tx860129 completed in 426ms,E104,Transaction {tx} completed in {time}ms
20811,2026-01-11,13:20:11,INFO,WebServer,Transaction tx676444 completed in 628ms,E104,Transaction {tx} completed in {time}ms
20812,2026-01-11,13:43:59,INFO,OrderProcessor,Page view: /home by u4173,E103,Page view: {page} by {user}
20813,2026-01-11,13:59:29,INFO,AuthService,Health check passed: AuthService,E102,Health check passed: {service}
20814,2026-01-11,13:13:52,INFO,WebServer,Health check passed: WebServer,E102,Health check passed: {service}
20815,2026-01-11,13:57:06,INFO,OrderProcessor,Health check passed: OrderProcessor,E102,Health check passed: {service}
20816,2026-01-11,13:00:11,INFO,WebServer,User u4577 login successful,E101,User {user} login successful
20817,2026-01-11,13:50:29,INFO,OrderProcessor,Transaction tx912764 completed in 486ms,E104,Transaction {tx} completed in {time}ms
20818,2026-01-11,13:02:44,INFO,OrderProcessor,User u2969 login successful,E101,User {user} login successful
20819,2026-01-11,13:11:59,INFO,WebServer,Page view: /home by u3058,E103,Page view: {page} by {user}
20820,2026-01-11,13:16:41,INFO,WebServer,Health check passed: WebServer,E102,Health check passed: {service}
20821,2026-01-11,13:37:30,INFO,OrderProcessor,Page view: /home by u4031,E103,Page view: {page} by {user}
20822,2026-01-11,13:14:30,INFO,InventoryDB,Health check passed: InventoryDB,E102,Health check passed: {service}
20823,2026-01-11,13:27:01,INFO,AuthService,User u1104 login successful,E101,User {user} login successful
20824,2026-01-11,13:01:38,INFO,WebServer,Health check passed: WebServer,E102,Health check passed: {service}
20825,2026-01-11,13:38:39,INFO,OrderProcessor,Transaction tx486685 completed in 1638ms,E104,Transaction {tx} completed in {time}ms
20826,2026-01-11,13:08:44,WARN,WebServer,Unauthorized access attempt from 10.0.0.45,E401,Unauthorized access attempt from {ip}
20827,2026-01-11,13:38:33,INFO,WebServer,User u1297 login successful,E101,User {user} login successful
20828,2026-01-11,13:21:16,INFO,WebServer,User u1962 login successful,E101,User {user} login successful
20829,2026-01-11,13:49:17,INFO,WebServer,Transaction tx504594 completed in 1583ms,E104,Transaction {tx} completed in {time}ms
20830,2026-01-11,13:31:51,INFO,WebServer,Page view: /home by u3786,E103,Page view: {page} by {user}
20831,2026-01-11,13:15:11,INFO,PaymentGateway,User u2712 login successful,E101,User {user} login successful
20832,2026-01-11,13:04:06,INFO,AuthService,User u3602 login successful,E101,User {user} login successful
20833,2026-01-11,13:54:34,INFO,OrderProcessor,User u3997 login successful,E101,User {user} login successful
20834,2026-01-11,13:43:15,INFO,WebServer,Health check passed: WebServer,E102,Health check passed: {service}
20835,2026-01-11,13:06:33,INFO,WebServer,Transaction tx345564 completed in 1002ms,E104,Transaction {tx} completed in {time}ms
20836,2026-01-11,13:52:11,INFO,WebServer,Health check passed: WebServer,E102,Health check passed: {service}
20837,2026-01-11,13:35:52,INFO,WebServer,Health check passed: WebServer,E102,Health check passed: {service}
20838,2026-01-11,13:17:36,INFO,AuthService,Health check passed: AuthService,E102,Health check passed: {service}
20839,2026-01-11,13:34:34,INFO,WebServer,Transaction tx907796 completed in 114ms,E104,Transaction {tx} completed in {time}ms
20840,2026-01-11,13:47:34,INFO,WebServer,Health check passed: WebServer,E102,Health check passed: {service}
20841,2026-01-11,13:57:06,INFO,AuthService,User u1401 login successful,E101,User {user} login successful
20842,2026-01-11,13:27:04,INFO,AuthService,Health check passed: AuthService,E102,Health check passed: {service}
20843,2026-01-11,13:58:12,INFO,AuthService,Page view: /home by u4512,E103,Page view: {page} by {user}
20844,2026-01-11,13:44:01,INFO,WebServer,Page view: /home by u1785,E103,Page view: {page} by {user}
20845,2026-01-11,13:38:23,INFO,OrderProcessor,User u1807 login successful,E101,User {user} login successful
20846,2026-01-11,13:12:04,INFO,AuthService,Transaction tx246346 completed in 895ms,E104,Transaction {tx} completed in {time}ms
20847,2026-01-11,13:38:26,INFO,AuthService,Health check passed: AuthService,E102,Health check passed: {service}
20848,2026-01-11,13:14:51,INFO,WebServer,Transaction tx405529 completed in 1523ms,E104,Transaction {tx} completed in {time}ms
20849,2026-01-11,13:50:16,INFO,WebServer,Health check passed: WebServer,E102,Health check passed: {service}
20850,2026-01-11,13:00:10,INFO,PaymentGateway,Transaction tx482882 completed in 107ms,E104,Transaction {tx} completed in {time}ms
20851,2026-01-11,13:55:27,INFO,WebServer,User u3726 login successful,E101,User {user} login successful
20852,2026-01-11,13:19:19,INFO,OrderProcessor,Page view: /home by u3651,E103,Page view: {page} by {user}
20853,2026-01-11,13:49:34,INFO,WebServer,Health check passed: WebServer,E102,Health check passed: {service}
20854,2026-01-11,13:50:19,INFO,WebServer,Page view: /home by u2804,E103,Page view: {page} by {user}
20855,2026-01-11,13:58:02,INFO,OrderProcessor,User u2996 login successful,E101,User {user} login successful
20856,2026-01-11,13:11:38,WARN,WebServer,High latency (527ms) detected on WebServer,E201,High latency ({time}ms) detected on {service}
20857,2026-01-11,13:37:25,INFO,WebServer,User u1415 login successful,E101,User {user} login successful
20858,2026-01-11,13:15:45,INFO,WebServer,Page view: /home by u3237,E103,Page view: {page} by {user}
20859,2026-01-11,13:31:31,INFO,AuthService,User u1287 login successful,E101,User {user} login successful
20860,2026-01-11,13:07:03,WARN,WebServer,High latency (1113ms) detected on WebServer,E201,High latency ({time}ms) detected on {service}
20861,2026-01-11,13:09:25,INFO,AuthService,User u1591 login successful,E101,User {user} login successful
20862,2026-01-11,13:15:58,INFO,WebServer,User u1568 login successful,E101,User {user} login successful
20863,2026-01-11,13:41:00,CRITICAL,WebServer,DATA CORRUPTION detected in sector 475,E602,DATA CORRUPTION detected in sector {sector}
20864,2026-01-11,13:48:39,INFO,WebServer,Transaction tx191248 completed in 1693ms,E104,Transaction {tx} completed in {time}ms
20865,2026-01-11,13:11:37,INFO,PaymentGateway,Health check passed: PaymentGateway,E102,Health check passed: {service}
20866,2026-01-11,13:23:38,INFO,WebServer,User u1411 login successful,E101,User {user} login successful
20867,2026-01-11,13:37:00,INFO,WebServer,Health check passed: WebServer,E102,Health check passed: {service}
20868,2026-01-11,13:15:18,INFO,WebServer,User u3337 login successful,E101,User {user} login successful
20869,2026-01-11,13:52:04,INFO,PaymentGateway,Health check passed: PaymentGateway,E102,Health check passed: {service}
20870,2026-01-11,13:50:07,INFO,WebServer,Transaction tx840240 completed in 477ms,E104,Transaction {tx} completed in {time}ms
20871,2026-01-11,13:58:11,INFO,WebServer,Page view: /home by u4852,E103,Page view: {page} by {user}
20872,2026-01-11,13:04:43,INFO,AuthService,Transaction tx974235 completed in 1449ms,E104,Transaction {tx} completed in {time}ms
20873,2026-01-11,13:26:11,INFO,OrderProcessor,User u4410 login successful,E101,User {user} login successful
20874,2026-01-11,13:24:07,INFO,AuthService,Page view: /home by u3494,E103,Page view: {page} by {user}
20875,2026-01-11,13:46:06,INFO,WebServer,Transaction tx306961 completed in 1624ms,E104,Transaction {tx} completed in {time}ms
20876,2026-01-11,13:23:52,WARN,WebServer,High latency (1360ms) detected on WebServer,E201,High latency ({time}ms) detected on {service}
20877,2026-01-11,13:26:35,INFO,WebServer,User u2957 login successful,E101,User {user} login successful
20878,2026-01-11,13:08:44,INFO,AuthService,User u2009 login successful,E101,User {user} login successful
20879,2026-01-11,13:44:16,INFO,PaymentGateway,User u1331 login successful,E101,User {user} login successful
20880,2026-01-11,13:43:51,INFO,OrderProcessor,User u2962 login successful,E101,User {user} login successful
20881,2026-01-11,13:57:05,WARN,WebServer,Disk usage > 85% on node node-5,E202,Disk usage > 85% on node {node}
20882,2026-01-11,13:16:20,INFO,WebServer,Health check passed: WebServer,E102,Health check passed: {service}
20883,2026-01-11,13:01:58,INFO,AuthService,Page view: /home by u4349,E103,Page view: {page} by {user}
20884,2026-01-11,13:27:54,INFO,AuthService,User u1120 login successful,E101,User {user} login successful
20885,2026-01-11,13:08:58,INFO,OrderProcessor,Transaction tx996805 completed in 777ms,E104,Transaction {tx} completed in {time}ms
20886,2026-01-11,13:27:39,INFO,AuthService,Transaction tx759599 completed in 1736ms,E104,Transaction {tx} completed in {time}ms
20887,2026-01-11,13:55:45,INFO,InventoryDB,Page view: /home by u2897,E103,Page view: {page} by {user}
20888,2026-01-11,13:40:00,INFO,AuthService,Page view: /home by u4483,E103,Page view: {page} by {user}
20889,2026-01-11,13:33:11,INFO,WebServer,Page view: /home by u1887,E103,Page view: {page} by {user}
20890,2026-01-11,13:55:26,INFO,WebServer,Transaction tx758934 completed in 725ms,E104,Transaction {tx} completed in {time}ms
20891,2026-01-11,13:29:06,INFO,PaymentGateway,Health check passed: PaymentGateway,E102,Health check passed: {service}
20892,2026-01-11,13:50:11,INFO,OrderProcessor,Page view: /home by u4119,E103,Page view: {page} by {user}
20893,2026-01-11,13:21:51,INFO,WebServer,Health check passed: WebServer,E102,Health check passed: {service}
20894,2026-01-11,13:31:55,INFO,AuthService,Transaction tx755655 completed in 1408ms,E104,Transaction {tx} completed in {time}ms
20895,2026-01-11,13:11:24,INFO,WebServer,User u2280 login successful,E101,User {user} login successful
20896,2026-01-11,13:57:40,WARN,AuthService,High latency (724ms) detected on AuthService,E201,High latency ({time}ms) detected on {service}
20897,2026-01-11,13:34:07,INFO,PaymentGateway,User u1119 login successful,E101,User {user} login successful
20898,2026-01-11,13:58:07,INFO,WebServer,Health check passed: WebServer,E102,Health check passed: {service}
20899,2026-01-11,13:32:54,INFO,AuthService,Health check passed: AuthService,E102,Health check passed: {service}
20900,2026-01-11,13:30:24,INFO,AuthService,Health check passed: AuthService,E102,Health check passed: {service}
20901,2026-01-11,13:17:16,INFO,InventoryDB,User u2040 login successful,E101,User {user} login successful
20902,2026-01-11,13:24:37,INFO,AuthService,Health check passed: AuthService,E102,Health check passed: {service}
20903,2026-01-11,13:39:56,INFO,WebServer,Page view: /home by u2335,E103,Page view: {page} by {user}
20904,2026-01-11,13:13:22,INFO,InventoryDB,Health check passed: InventoryDB,E102,Health check passed: {service}
20905,2026-01-11,13:14:50,INFO,AuthService,User u4945 login successful,E101,User {user} login successful
20906,2026-01-11,13:18:57,INFO,WebServer,User u2815 login successful,E101,User {user} login successful
20907,2026-01-11,13:01:39,INFO,WebServer,Health check passed: WebServer,E102,Health check passed: {service}
20908,2026-01-11,13:56:29,INFO,PaymentGateway,User u4879 login successful,E101,User {user} login successful
20909,2026-01-11,13:51:45,INFO,OrderProcessor,Transaction tx836325 completed in 1468ms,E104,Transaction {tx} completed in {time}ms
20910,2026-01-11,13:29:27,INFO,InventoryDB,User u3868 login successful,E101,User {user} login successful
20911,2026-01-11,13:08:24,INFO,PaymentGateway,Health check passed: PaymentGateway,E102,Health check passed: {service}
20912,2026-01-11,13:18:17,INFO,AuthService,Health check passed: AuthService,E102,Health check passed: {service}
20913,2026-01-11,13:15:52,INFO,OrderProcessor,Health check passed: OrderProcessor,E102,Health check passed: {service}
20914,2026-01-11,13:58:26,INFO,OrderProcessor,User u2118 login successful,E101,User {user} login successful
20915,2026-01-11,13:21:59,INFO,WebServer,Transaction tx402694 completed in 1273ms,E104,Transaction {tx} completed in {time}ms
20916,2026-01-11,13:39:22,CRITICAL,AuthService,KERNEL PANIC: Node node-1 crashed,E601,KERNEL PANIC: Node {node} crashed
20917,2026-01-11,13:21:22,INFO,AuthService,User u1054 login successful,E101,User {user} login successful
20918,2026-01-11,13:43:34,INFO,WebServer,Page view: /home by u3166,E103,Page view: {page} by {user}
20919,2026-01-11,13:17:52,ERROR,AuthService,Payment declined: Gateway unavailable,E503,Payment declined: Gateway unavailable
20920,2026-01-11,13:35:35,INFO,WebServer,Page view: /home by u1892,E103,Page view: {page} by {user}
20921,2026-01-11,13:45:40,INFO,WebServer,Health check passed: WebServer,E102,Health check passed: {service}
20922,2026-01-11,13:31:26,INFO,WebServer,User u4439 login successful,E101,User {user} login successful
20923,2026-01-11,13:42:41,INFO,WebServer,User u2005 login successful,E101,User {user} login successful
20924,2026-01-11,13:42:29,INFO,AuthService,User u2702 login successful,E101,User {user} login successful
20925,2026-01-11,13:54:39,INFO,AuthService,Health check passed: AuthService,E102,Health check passed: {service}
20926,2026-01-11,13:24:58,INFO,WebServer,Health check passed: WebServer,E102,Health check passed: {service}
20927,2026-01-11,13:01:03,INFO,PaymentGateway,User u3126 login successful,E101,User {user} login successful
20928,2026-01-11,13:37:44,INFO,WebServer,User u3132 login successful,E101,User {user} login successful
20929,2026-01-11,13:06:55,INFO,PaymentGateway,Health check passed: PaymentGateway,E102,Health check passed: {service}
20930,2026-01-11,13:20:51,INFO,OrderProcessor,User u1110 login successful,E101,User {user} login successful
20931,2026-01-11,13:45:54,INFO,PaymentGateway,Page view: /home by u2918,E103,Page view: {page} by {user}
20932,2026-01-11,13:04:45,INFO,InventoryDB,Page view: /home by u2722,E103,Page view: {page} by {user}
20933,2026-01-11,13:06:48,INFO,OrderProcessor,Transaction tx142116 completed in 1380ms,E104,Transaction {tx} completed in {time}ms
20934,2026-01-11,13:59:07,INFO,OrderProcessor,Health check passed: OrderProcessor,E102,Health check passed: {service}
20935,2026-01-11,13:38:38,INFO,WebServer,Transaction tx583719 completed in 1829ms,E104,Transaction {tx} completed in {time}ms
20936,2026-01-11,13:37:06,INFO,WebServer,Transaction tx178405 completed in 1191ms,E104,Transaction {tx} completed in {time}ms
20937,2026-01-11,13:14:12,INFO,PaymentGateway,Health check passed: PaymentGateway,E102,Health check passed: {service}
20938,2026-01-11,13:22:20,INFO,WebServer,Page view: /home by u1551,E103,Page view: {page} by {user}
20939,2026-01-11,13:47:21,INFO,WebServer,Health check passed: WebServer,E102,Health check passed: {service}
20940,2026-01-11,13:25:49,INFO,WebServer,Health check passed: WebServer,E102,Health check passed: {service}
20941,2026-01-11,13:11:56,INFO,WebServer,Transaction tx521349 completed in 565ms,E104,Transaction {tx} completed in {time}ms
20942,2026-01-11,13:59:13,INFO,WebServer,Health check passed: WebServer,E102,Health check passed: {service}
20943,2026-01-11,13:27:28,INFO,InventoryDB,Health check passed: InventoryDB,E102,Health check passed: {service}
20944,2026-01-11,13:57:45,INFO,WebServer,Transaction tx769715 completed in 1211ms,E104,Transaction {tx} completed in {time}ms
20945,2026-01-11,13:08:45,INFO,OrderProcessor,User u1239 login successful,E101,User {user} login successful
20946,2026-01-11,13:33:03,INFO,InventoryDB,Page view: /home by u2501,E103,Page view: {page} by {user}
20947,2026-01-11,13:56:54,CRITICAL,WebServer,DATA CORRUPTION detected in sector 611,E602,DATA CORRUPTION detected in sector {sector}
20948,2026-01-11,13:04:29,INFO,OrderProcessor,Health check passed: OrderProcessor,E102,Health check passed: {service}
20949,2026-01-11,13:01:24,INFO,InventoryDB,Page view: /home by u1830,E103,Page view: {page} by {user}
20950,2026-01-11,13:00:18,INFO,PaymentGateway,Transaction tx150815 completed in 360ms,E104,Transaction {tx} completed in {time}ms
20951,2026-01-11,13:39:32,INFO,WebServer,Page view: /home by u1794,E103,Page view: {page} by {user}
20952,2026-01-11,13:24:03,INFO,OrderProcessor,Health check passed: OrderProcessor,E102,Health check passed: {service}
20953,2026-01-11,13:50:33,INFO,AuthService,Health check passed: AuthService,E102,Health check passed: {service}
20954,2026-01-11,13:21:40,INFO,WebServer,User u4960 login successful,E101,User {user} login successful
20955,2026-01-11,13:15:38,INFO,OrderProcessor,Page view: /home by u2425,E103,Page view: {page} by {user}
20956,2026-01-11,13:38:58,INFO,WebServer,Transaction tx821514 completed in 1385ms,E104,Transaction {tx} completed in {time}ms
20957,2026-01-11,13:05:55,INFO,WebServer,Page view: /home by u3566,E103,Page view: {page} by {user}
20958,2026-01-11,13:38:43,INFO,OrderProcessor,User u1125 login successful,E101,User {user} login successful
20959,2026-01-11,13:46:44,INFO,WebServer,User u2268 login successful,E101,User {user} login successful
20960,2026-01-11,13:38:53,INFO,WebServer,Transaction tx961359 completed in 170ms,E104,Transaction {tx} completed in {time}ms
20961,2026-01-11,13:18:35,INFO,WebServer,Health check passed: WebServer,E102,Health check passed: {service}
20962,2026-01-11,13:43:28,INFO,AuthService,Page view: /home by u4275,E103,Page view: {page} by {user}
20963,2026-01-11,13:30:12,INFO,OrderProcessor,User u1089 login successful,E101,User {user} login successful
20964,2026-01-11,13:27:03,INFO,WebServer,Transaction tx743916 completed in 403ms,E104,Transaction {tx} completed in {time}ms
20965,2026-01-11,13:48:47,INFO,WebServer,User u3580 login successful,E101,User {user} login successful
20966,2026-01-11,13:22:36,INFO,WebServer,Page view: /home by u2700,E103,Page view: {page} by {user}
20967,2026-01-11,13:14:36,INFO,WebServer,Health check passed: WebServer,E102,Health check passed: {service}
20968,2026-01-11,13:36:41,ERROR,WebServer,Timeout waiting for lock on InventoryDB,E502,Timeout waiting for lock on {db}
20969,2026-01-11,13:24:52,INFO,WebServer,User u4294 login successful,E101,User {user} login successful
20970,2026-01-11,13:12:39,INFO,PaymentGateway,Transaction tx180316 completed in 444ms,E104,Transaction {tx} completed in {time}ms
20971,2026-01-11,13:05:19,INFO,PaymentGateway,Health check passed: PaymentGateway,E102,Health check passed: {service}
20972,2026-01-11,13:19:51,INFO,OrderProcessor,Health check passed: OrderProcessor,E102,Health check passed: {service}
20973,2026-01-11,13:45:28,INFO,WebServer,Page view: /home by u2219,E103,Page view: {page} by {user}
20974,2026-01-11,13:50:25,INFO,AuthService,Transaction tx402570 completed in 1986ms,E104,Transaction {tx} completed in {time}ms
20975,2026-01-11,13:14:21,INFO,AuthService,Page view: /home by u4132,E103,Page view: {page} by {user}
20976,2026-01-11,13:09:19,INFO,AuthService,Page view: /home by u2094,E103,Page view: {page} by {user}
20977,2026-01-11,13:58:31,INFO,WebServer,Page view: /home by u4717,E103,Page view: {page} by {user}
20978,2026-01-11,13:59:42,INFO,WebServer,Page view: /home by u1482,E103,Page view: {page} by {user}
20979,2026-01-11,13:51:45,INFO,WebServer,Transaction tx950277 completed in 1137ms,E104,Transaction {tx} completed in {time}ms
20980,2026-01-11,13:58:59,INFO,InventoryDB,Transaction tx486466 completed in 1909ms,E104,Transaction {tx} completed in {time}ms
20981,2026-01-11,13:36:20,INFO,OrderProcessor,Page view: /home by u2589,E103,Page view: {page} by {user}
20982,2026-01-11,13:14:59,WARN,InventoryDB,Disk usage > 85% on node node-3,E202,Disk usage > 85% on node {node}
20983,2026-01-11,13:29:59,INFO,WebServer,Health check passed: WebServer,E102,Health check passed: {service}
20984,2026-01-11,13:21:38,INFO,AuthService,Page view: /home by u2053,E103,Page view: {page} by {user}
20985,2026-01-11,13:57:46,INFO,WebServer,Transaction tx940446 completed in 1114ms,E104,Transaction {tx} completed in {time}ms
20986,2026-01-11,13:59:52,INFO,OrderProcessor,Health check passed: OrderProcessor,E102,Health check passed: {service}
20987,2026-01-11,13:12:03,INFO,WebServer,Health check passed: WebServer,E102,Health check passed: {service}
20988,2026-01-11,13:35:28,INFO,OrderProcessor,Transaction tx226410 completed in 292ms,E104,Transaction {tx} completed in {time}ms
20989,2026-01-11,13:54:21,ERROR,WebServer,Timeout waiting for lock on InventoryDB,E502,Timeout waiting for lock on {db}
20990,2026-01-11,13:26:37,INFO,WebServer,Page view: /home by u2843,E103,Page view: {page} by {user}
20991,2026-01-11,13:48:56,INFO,WebServer,Transaction tx301722 completed in 1012ms,E104,Transaction {tx} completed in {time}ms
20992,2026-01-11,13:26:47,INFO,WebServer,User u3298 login successful,E101,User {user} login successful
20993,2026-01-11,13:07:30,INFO,AuthService,Health check passed: AuthService,E102,Health check passed: {service}
20994,2026-01-11,13:34:22,INFO,PaymentGateway,Health check passed: PaymentGateway,E102,Health check passed: {service}
20995,2026-01-11,13:33:02,INFO,WebServer,Transaction tx186536 completed in 1522ms,E104,Transaction {tx} completed in {time}ms
20996,2026-01-11,13:22:14,ERROR,OrderProcessor,Payment declined: Gateway unavailable,E503,Payment declined: Gateway unavailable
20997,2026-01-11,13:01:15,WARN,AuthService,High latency (1101ms) detected on AuthService,E201,High latency ({time}ms) detected on {service}
20998,2026-01-11,13:12:10,INFO,WebServer,Page view: /home by u4192,E103,Page view: {page} by {user}
20999,2026-01-11,13:05:57,INFO,PaymentGateway,User u1337 login successful,E101,User {user} login successful
21000,2026-01-11,13:59:30,INFO,WebServer,Page view: /home by u1310,E103,Page view: {page} by {user}
21001,2026-01-11,13:00:15,INFO,WebServer,Health check passed: WebServer,E102,Health check passed: {service}
21002,2026-01-11,13:24:21,WARN,WebServer,Disk usage > 85% on node node-3,E202,Disk usage > 85% on node {node}
21003,2026-01-11,13:16:15,INFO,WebServer,User u4580 login successful,E101,User {user} login successful
21004,2026-01-11,13:22:53,INFO,WebServer,Page view: /home by u3897,E103,Page view: {page} by {user}
21005,2026-01-11,13:50:23,INFO,PaymentGateway,User u1177 login successful,E101,User {user} login successful
21006,2026-01-11,13:51:48,INFO,WebServer,Health check passed: WebServer,E102,Health check passed: {service}
21007,2026-01-11,13:13:14,INFO,WebServer,User u3152 login successful,E101,User {user} login successful
21008,2026-01-11,13:05:20,INFO,OrderProcessor,Health check passed: OrderProcessor,E102,Health check passed: {service}
21009,2026-01-11,13:26:30,INFO,WebServer,User u1804 login successful,E101,User {user} login successful
21010,2026-01-11,13:44:32,INFO,PaymentGateway,Page view: /home by u4702,E103,Page view: {page} by {user}
21011,2026-01-11,13:29:08,INFO,WebServer,User u4745 login successful,E101,User {user} login successful
21012,2026-01-11,13:14:32,INFO,WebServer,Health check passed: WebServer,E102,Health check passed: {service}
21013,2026-01-11,13:14:55,INFO,WebServer,Transaction tx369406 completed in 512ms,E104,Transaction {tx} completed in {time}ms
21014,2026-01-11,13:21:22,INFO,WebServer,User u2724 login successful,E101,User {user} login successful
21015,2026-01-11,13:25:57,INFO,WebServer,User u3983 login successful,E101,User {user} login successful
21016,2026-01-11,13:25:45,INFO,WebServer,Health check passed: WebServer,E102,Health check passed: {service}
21017,2026-01-11,13:55:24,INFO,WebServer,Page view: /home by u3584,E103,Page view: {page} by {user}
21018,2026-01-11,13:31:18,INFO,AuthService,User u2721 login successful,E101,User {user} login successful
21019,2026-01-11,13:44:17,INFO,WebServer,Page view: /home by u3888,E103,Page view: {page} by {user}
21020,2026-01-11,13:09:39,INFO,WebServer,Health check passed: WebServer,E102,Health check passed: {service}
21021,2026-01-11,13:24:20,INFO,WebServer,Transaction tx117968 completed in 135ms,E104,Transaction {tx} completed in {time}ms
21022,2026-01-11,13:40:22,INFO,WebServer,Health check passed: WebServer,E102,Health check passed: {service}
21023,2026-01-11,13:50:59,INFO,AuthService,Health check passed: AuthService,E102,Health check passed: {service}
21024,2026-01-11,13:33:47,INFO,WebServer,Health check passed: WebServer,E102,Health check passed: {service}
21025,2026-01-11,13:31:30,INFO,AuthService,User u4349 login successful,E101,User {user} login successful
21026,2026-01-11,13:10:45,INFO,WebServer,Health check passed: WebServer,E102,Health check passed: {service}
21027,2026-01-11,13:42:09,INFO,WebServer,Page view: /home by u3134,E103,Page view: {page} by {user}
21028,2026-01-11,13:40:44,INFO,InventoryDB,Page view: /home by u2725,E103,Page view: {page} by {user}
21029,2026-01-11,13:14:52,WARN,WebServer,Unauthorized access attempt from 10.0.0.45,E401,Unauthorized access attempt from {ip}
21030,2026-01-11,13:56:41,INFO,AuthService,Health check passed: AuthService,E102,Health check passed: {service}
21031,2026-01-11,13:47:16,INFO,WebServer,Health check passed: WebServer,E102,Health check passed: {service}
21032,2026-01-11,13:07:21,INFO,AuthService,Transaction tx689069 completed in 1122ms,E104,Transaction {tx} completed in {time}ms
21033,2026-01-11,13:15:04,INFO,InventoryDB,Page view: /home by u3032,E103,Page view: {page} by {user}
21034,2026-01-11,13:39:51,INFO,WebServer,Page view: /home by u4816,E103,Page view: {page} by {user}
21035,2026-01-11,13:15:49,INFO,PaymentGateway,Health check passed: PaymentGateway,E102,Health check passed: {service}
21036,2026-01-11,13:31:47,INFO,WebServer,Page view: /home by u2808,E103,Page view: {page} by {user}
21037,2026-01-11,13:17:34,INFO,WebServer,Page view: /home by u4433,E103,Page view: {page} by {user}
21038,2026-01-11,13:49:22,INFO,WebServer,Page view: /home by u1020,E103,Page view: {page} by {user}
21039,2026-01-11,13:10:51,INFO,OrderProcessor,Health check passed: OrderProcessor,E102,Health check passed: {service}
21040,2026-01-11,13:12:52,INFO,OrderProcessor,Page view: /home by u4457,E103,Page view: {page} by {user}
21041,2026-01-11,13:21:10,INFO,InventoryDB,Transaction tx806726 completed in 1329ms,E104,Transaction {tx} completed in {time}ms
21042,2026-01-11,13:27:31,INFO,OrderProcessor,Transaction tx244242 completed in 280ms,E104,Transaction {tx} completed in {time}ms
21043,2026-01-11,13:55:06,INFO,WebServer,User u1421 login successful,E101,User {user} login successful
21044,2026-01-11,13:20:33,INFO,AuthService,Health check passed: AuthService,E102,Health check passed: {service}
21045,2026-01-11,13:09:35,INFO,WebServer,Health check passed: WebServer,E102,Health check passed: {service}
21046,2026-01-11,13:32:59,WARN,AuthService,Unauthorized access attempt from 10.0.0.45,E401,Unauthorized access attempt from {ip}
21047,2026-01-11,13:42:16,INFO,WebServer,Health check passed: WebServer,E102,Health check passed: {service}
21048,2026-01-11,13:01:30,INFO,WebServer,Page view: /home by u2198,E103,Page view: {page} by {user}
21049,2026-01-11,13:23:51,INFO,WebServer,Health check passed: WebServer,E102,Health check passed: {service}
21050,2026-01-11,13:38:18,INFO,AuthService,Health check passed: AuthService,E102,Health check passed: {service}
21051,2026-01-11,13:11:31,INFO,WebServer,Transaction tx793986 completed in 768ms,E104,Transaction {tx} completed in {time}ms
21052,2026-01-11,13:02:24,INFO,InventoryDB,Transaction tx794247 completed in 1690ms,E104,Transaction {tx} completed in {time}ms
21053,2026-01-11,13:54:10,INFO,PaymentGateway,Health check passed: PaymentGateway,E102,Health check passed: {service}
21054,2026-01-11,13:44:01,INFO,WebServer,Transaction tx896392 completed in 409ms,E104,Transaction {tx} completed in {time}ms
21055,2026-01-11,13:36:17,INFO,InventoryDB,Health check passed: InventoryDB,E102,Health check passed: {service}
21056,2026-01-11,13:56:29,INFO,OrderProcessor,User u2527 login successful,E101,User {user} login successful
21057,2026-01-11,13:27:31,INFO,WebServer,User u1728 login successful,E101,User {user} login successful
21058,2026-01-11,13:02:26,INFO,WebServer,Page view: /home by u3149,E103,Page view: {page} by {user}
21059,2026-01-11,13:08:27,INFO,AuthService,Page view: /home by u4338,E103,Page view: {page} by {user}
21060,2026-01-11,13:51:55,INFO,WebServer,Transaction tx470157 completed in 358ms,E104,Transaction {tx} completed in {time}ms
21061,2026-01-11,13:31:10,INFO,WebServer,Health check passed: WebServer,E102,Health check passed: {service}
21062,2026-01-11,13:43:06,INFO,WebServer,Page view: /home by u2178,E103,Page view: {page} by {user}
21063,2026-01-11,13:02:10,INFO,OrderProcessor,Health check passed: OrderProcessor,E102,Health check passed: {service}
21064,2026-01-11,13:04:07,WARN,WebServer,Unauthorized access attempt from 10.0.0.12,E401,Unauthorized access attempt from {ip}
21065,2026-01-11,13:22:46,INFO,WebServer,Transaction tx270829 completed in 1222ms,E104,Transaction {tx} completed in {time}ms
21066,2026-01-11,13:12:26,INFO,PaymentGateway,Page view: /home by u1123,E103,Page view: {page} by {user}
21067,2026-01-11,13:45:48,INFO,AuthService,User u3559 login successful,E101,User {user} login successful
21068,2026-01-11,13:46:49,INFO,WebServer,Page view: /home by u2281,E103,Page view: {page} by {user}
21069,2026-01-11,13:57:21,INFO,WebServer,Health check passed: WebServer,E102,Health check passed: {service}
21070,2026-01-11,13:01:16,INFO,OrderProcessor,Page view: /home by u1812,E103,Page view: {page} by {user}
21071,2026-01-11,13:28:20,INFO,WebServer,Transaction tx676760 completed in 1376ms,E104,Transaction {tx} completed in {time}ms
21072,2026-01-11,13:49:39,INFO,WebServer,Health check passed: WebServer,E102,Health check passed: {service}
21073,2026-01-11,13:01:07,INFO,PaymentGateway,User u1648 login successful,E101,User {user} login successful
21074,2026-01-11,13:50:47,INFO,AuthService,Transaction tx693330 completed in 133ms,E104,Transaction {tx} completed in {time}ms
21075,2026-01-11,13:37:23,INFO,WebServer,User u3213 login successful,E101,User {user} login successful
21076,2026-01-11,13:07:01,INFO,WebServer,Transaction tx872108 completed in 1146ms,E104,Transaction {tx} completed in {time}ms
21077,2026-01-11,13:49:45,INFO,AuthService,Health check passed: AuthService,E102,Health check passed: {service}
21078,2026-01-11,13:34:05,INFO,OrderProcessor,Health check passed: OrderProcessor,E102,Health check passed: {service}
21079,2026-01-11,13:05:40,INFO,WebServer,Health check passed: WebServer,E102,Health check passed: {service}
21080,2026-01-11,13:46:09,INFO,OrderProcessor,User u2827 login successful,E101,User {user} login successful
21081,2026-01-11,13:55:34,INFO,OrderProcessor,Page view: /home by u1051,E103,Page view: {page} by {user}
21082,2026-01-11,13:41:12,INFO,WebServer,User u2141 login successful,E101,User {user} login successful
21083,2026-01-11,13:32:05,INFO,AuthService,Transaction tx967110 completed in 1722ms,E104,Transaction {tx} completed in {time}ms
21084,2026-01-11,13:46:26,WARN,WebServer,Unauthorized access attempt from 10.0.0.45,E401,Unauthorized access attempt from {ip}
21085,2026-01-11,13:43:23,INFO,OrderProcessor,User u3077 login successful,E101,User {user} login successful
21086,2026-01-11,13:24:14,INFO,PaymentGateway,Page view: /home by u2878,E103,Page view: {page} by {user}
21087,2026-01-11,13:26:09,INFO,OrderProcessor,Page view: /home by u4848,E103,Page view: {page} by {user}
21088,2026-01-11,13:49:24,INFO,WebServer,Page view: /home by u2510,E103,Page view: {page} by {user}
21089,2026-01-11,13:19:28,WARN,AuthService,Unauthorized access attempt from 10.0.0.99,E401,Unauthorized access attempt from {ip}
21090,2026-01-11,13:37:33,INFO,PaymentGateway,Transaction tx996681 completed in 1154ms,E104,Transaction {tx} completed in {time}ms
21091,2026-01-11,13:55:20,INFO,AuthService,Page view: /home by u1799,E103,Page view: {page} by {user}
21092,2026-01-11,13:34:14,INFO,WebServer,Health check passed: WebServer,E102,Health check passed: {service}
21093,2026-01-11,13:21:09,INFO,WebServer,Page view: /home by u4556,E103,Page view: {page} by {user}
21094,2026-01-11,13:34:40,INFO,WebServer,Health check passed: WebServer,E102,Health check passed: {service}
21095,2026-01-11,13:40:35,INFO,AuthService,Page view: /home by u1078,E103,Page view: {page} by {user}
21096,2026-01-11,13:06:52,INFO,WebServer,User u3536 login successful,E101,User {user} login successful
21097,2026-01-11,13:18:00,INFO,WebServer,Page view: /home by u2534,E103,Page view: {page} by {user}
21098,2026-01-11,13:25:59,INFO,WebServer,Page view: /home by u3936,E103,Page view: {page} by {user}
21099,2026-01-11,13:48:03,INFO,AuthService,User u2167 login successful,E101,User {user} login successful
21100,2026-01-11,13:08:51,INFO,WebServer,Health check passed: WebServer,E102,Health check passed: {service}
21101,2026-01-11,13:26:41,INFO,OrderProcessor,Health check passed: OrderProcessor,E102,Health check passed: {service}
21102,2026-01-11,13:39:49,INFO,WebServer,Health check passed: WebServer,E102,Health check passed: {service}
21103,2026-01-11,13:09:43,INFO,PaymentGateway,Page view: /home by u3630,E103,Page view: {page} by {user}
21104,2026-01-11,13:28:04,INFO,InventoryDB,Page view: /home by u4363,E103,Page view: {page} by {user}
21105,2026-01-11,13:25:32,WARN,PaymentGateway,High latency (1372ms) detected on PaymentGateway,E201,High latency ({time}ms) detected on {service}
21106,2026-01-11,13:06:01,INFO,AuthService,User u4212 login successful,E101,User {user} login successful
21107,2026-01-11,13:04:11,INFO,InventoryDB,Health check passed: InventoryDB,E102,Health check passed: {service}
21108,2026-01-11,13:32:33,INFO,WebServer,Transaction tx408722 completed in 1998ms,E104,Transaction {tx} completed in {time}ms
21109,2026-01-11,13:29:28,INFO,InventoryDB,User u2055 login successful,E101,User {user} login successful
21110,2026-01-11,13:40:45,INFO,WebServer,Health check passed: WebServer,E102,Health check passed: {service}
21111,2026-01-11,13:07:35,INFO,WebServer,User u4884 login successful,E101,User {user} login successful
21112,2026-01-11,13:04:57,WARN,WebServer,High latency (1387ms) detected on WebServer,E201,High latency ({time}ms) detected on {service}
21113,2026-01-11,13:51:30,INFO,WebServer,User u2296 login successful,E101,User {user} login successful
21114,2026-01-11,13:59:21,INFO,OrderProcessor,User u1970 login successful,E101,User {user} login successful
21115,2026-01-11,13:53:28,INFO,AuthService,User u3257 login successful,E101,User {user} login successful
21116,2026-01-11,13:06:59,INFO,AuthService,User u3194 login successful,E101,User {user} login successful
21117,2026-01-11,13:01:10,INFO,OrderProcessor,Page view: /home by u3498,E103,Page view: {page} by {user}
21118,2026-01-11,13:30:27,INFO,OrderProcessor,Transaction tx357733 completed in 1810ms,E104,Transaction {tx} completed in {time}ms
21119,2026-01-11,13:58:33,INFO,WebServer,Transaction tx817615 completed in 378ms,E104,Transaction {tx} completed in {time}ms
21120,2026-01-11,13:25:07,WARN,WebServer,High latency (1688ms) detected on WebServer,E201,High latency ({time}ms) detected on {service}
21121,2026-01-11,13:05:24,INFO,WebServer,Page view: /home by u3227,E103,Page view: {page} by {user}
21122,2026-01-11,13:30:19,INFO,WebServer,User u3103 login successful,E101,User {user} login successful
21123,2026-01-11,13:26:42,INFO,WebServer,Health check passed: WebServer,E102,Health check passed: {service}
21124,2026-01-11,13:52:56,INFO,WebServer,Transaction tx880924 completed in 1365ms,E104,Transaction {tx} completed in {time}ms
21125,2026-01-11,13:06:13,INFO,InventoryDB,User u1962 login successful,E101,User {user} login successful
21126,2026-01-11,13:51:27,INFO,WebServer,Health check passed: WebServer,E102,Health check passed: {service}
21127,2026-01-11,13:19:14,INFO,WebServer,Transaction tx143332 completed in 475ms,E104,Transaction {tx} completed in {time}ms
21128,2026-01-11,13:44:30,INFO,AuthService,Transaction tx969567 completed in 1038ms,E104,Transaction {tx} completed in {time}ms
21129,2026-01-11,13:16:59,INFO,WebServer,Page view: /home by u1964,E103,Page view: {page} by {user}
21130,2026-01-11,13:32:40,INFO,OrderProcessor,Transaction tx457489 completed in 923ms,E104,Transaction {tx} completed in {time}ms
21131,2026-01-11,13:12:18,INFO,WebServer,Page view: /home by u3318,E103,Page view: {page} by {user}
21132,2026-01-11,13:16:23,INFO,OrderProcessor,Transaction tx668295 completed in 884ms,E104,Transaction {tx} completed in {time}ms
21133,2026-01-11,13:37:21,INFO,WebServer,Transaction tx388348 completed in 532ms,E104,Transaction {tx} completed in {time}ms
21134,2026-01-11,13:02:09,INFO,WebServer,Page view: /home by u1344,E103,Page view: {page} by {user}
21135,2026-01-11,13:16:14,INFO,WebServer,Page view: /home by u2089,E103,Page view: {page} by {user}
21136,2026-01-11,13:52:42,INFO,OrderProcessor,Page view: /home by u2154,E103,Page view: {page} by {user}
21137,2026-01-11,13:09:11,WARN,WebServer,Unauthorized access attempt from 10.0.0.12,E401,Unauthorized access attempt from {ip}
21138,2026-01-11,13:30:24,INFO,WebServer,Transaction tx636663 completed in 279ms,E104,Transaction {tx} completed in {time}ms
21139,2026-01-11,13:13:10,INFO,WebServer,Page view: /home by u3412,E103,Page view: {page} by {user}
21140,2026-01-11,13:31:39,INFO,WebServer,Health check passed: WebServer,E102,Health check passed: {service}
21141,2026-01-11,13:41:09,WARN,WebServer,Disk usage > 85% on node node-4,E202,Disk usage > 85% on node {node}
21142,2026-01-11,13:37:55,INFO,WebServer,Page view: /home by u1231,E103,Page view: {page} by {user}
21143,2026-01-11,13:25:33,INFO,WebServer,Page view: /home by u1546,E103,Page view: {page} by {user}
21144,2026-01-11,13:40:30,INFO,WebServer,Page view: /home by u2267,E103,Page view: {page} by {user}
21145,2026-01-11,13:33:20,INFO,WebServer,User u1099 login successful,E101,User {user} login successful
21146,2026-01-11,13:37:52,INFO,OrderProcessor,Page view: /home by u1783,E103,Page view: {page} by {user}
21147,2026-01-11,13:13:16,INFO,PaymentGateway,Page view: /home by u4440,E103,Page view: {page} by {user}
21148,2026-01-11,13:24:15,INFO,OrderProcessor,Page view: /home by u2627,E103,Page view: {page} by {user}
21149,2026-01-11,13:43:51,INFO,OrderProcessor,Page view: /home by u1319,E103,Page view: {page} by {user}
21150,2026-01-11,13:07:14,INFO,WebServer,Transaction tx645551 completed in 1170ms,E104,Transaction {tx} completed in {time}ms
21151,2026-01-11,13:45:54,INFO,WebServer,Health check passed: WebServer,E102,Health check passed: {service}
21152,2026-01-11,13:18:45,INFO,WebServer,Page view: /home by u2260,E103,Page view: {page} by {user}
21153,2026-01-11,13:27:22,INFO,AuthService,Page view: /home by u2981,E103,Page view: {page} by {user}
21154,2026-01-11,13:49:13,INFO,OrderProcessor,Page view: /home by u4855,E103,Page view: {page} by {user}
21155,2026-01-11,13:01:57,INFO,AuthService,Health check passed: AuthService,E102,Health check passed: {service}
21156,2026-01-11,13:46:16,INFO,WebServer,Health check passed: WebServer,E102,Health check passed: {service}
21157,2026-01-11,13:01:02,INFO,InventoryDB,Page view: /home by u2361,E103,Page view: {page} by {user}
21158,2026-01-11,13:22:54,INFO,InventoryDB,Transaction tx657490 completed in 189ms,E104,Transaction {tx} completed in {time}ms
21159,2026-01-11,13:15:54,INFO,OrderProcessor,Health check passed: OrderProcessor,E102,Health check passed: {service}
21160,2026-01-11,13:19:13,INFO,WebServer,Health check passed: WebServer,E102,Health check passed: {service}
21161,2026-01-11,13:01:57,INFO,WebServer,User u3616 login successful,E101,User {user} login successful
21162,2026-01-11,13:46:16,INFO,WebServer,User u4786 login successful,E101,User {user} login successful
21163,2026-01-11,13:02:30,INFO,InventoryDB,Page view: /home by u1373,E103,Page view: {page} by {user}
21164,2026-01-11,13:50:35,INFO,OrderProcessor,Transaction tx656212 completed in 651ms,E104,Transaction {tx} completed in {time}ms
21165,2026-01-11,13:12:48,INFO,AuthService,Transaction tx471248 completed in 624ms,E104,Transaction {tx} completed in {time}ms
21166,2026-01-11,13:07:34,INFO,WebServer,Page view: /home by u2549,E103,Page view: {page} by {user}
21167,2026-01-11,13:20:11,INFO,AuthService,Health check passed: AuthService,E102,Health check passed: {service}
21168,2026-01-11,13:49:09,WARN,AuthService,Disk usage > 85% on node node-2,E202,Disk usage > 85% on node {node}
21169,2026-01-11,13:29:09,INFO,OrderProcessor,Page view: /home by u2323,E103,Page view: {page} by {user}
21170,2026-01-11,13:56:52,INFO,AuthService,Health check passed: AuthService,E102,Health check passed: {service}
21171,2026-01-11,13:52:28,INFO,WebServer,Transaction tx719070 completed in 130ms,E104,Transaction {tx} completed in {time}ms
21172,2026-01-11,13:49:57,INFO,WebServer,Transaction tx605414 completed in 335ms,E104,Transaction {tx} completed in {time}ms
21173,2026-01-11,13:10:25,INFO,InventoryDB,Page view: /home by u1152,E103,Page view: {page} by {user}
21174,2026-01-11,13:45:38,INFO,OrderProcessor,Page view: /home by u4841,E103,Page view: {page} by {user}
21175,2026-01-11,13:09:17,INFO,OrderProcessor,Page view: /home by u3806,E103,Page view: {page} by {user}
21176,2026-01-11,13:58:55,INFO,WebServer,Health check passed: WebServer,E102,Health check passed: {service}
21177,2026-01-11,14:50:46,INFO,WebServer,Health check passed: WebServer,E102,Health check passed: {service}
21178,2026-01-11,14:23:10,INFO,WebServer,Transaction tx443903 completed in 1654ms,E104,Transaction {tx} completed in {time}ms
21179,2026-01-11,14:44:16,INFO,WebServer,Page view: /home by u3955,E103,Page view: {page} by {user}
21180,2026-01-11,14:06:02,INFO,AuthService,Health check passed: AuthService,E102,Health check passed: {service}
21181,2026-01-11,14:06:22,INFO,AuthService,Transaction tx707696 completed in 1184ms,E104,Transaction {tx} completed in {time}ms
21182,2026-01-11,14:47:02,ERROR,WebServer,Payment declined: Gateway unavailable,E503,Payment declined: Gateway unavailable
21183,2026-01-11,14:34:02,INFO,OrderProcessor,Transaction tx850037 completed in 1967ms,E104,Transaction {tx} completed in {time}ms
21184,2026-01-11,14:56:19,WARN,WebServer,High latency (367ms) detected on WebServer,E201,High latency ({time}ms) detected on {service}
21185,2026-01-11,14:23:49,INFO,AuthService,Health check passed: AuthService,E102,Health check passed: {service}
21186,2026-01-11,14:07:35,INFO,WebServer,Transaction tx308127 completed in 1725ms,E104,Transaction {tx} completed in {time}ms
21187,2026-01-11,14:10:26,INFO,AuthService,User u4265 login successful,E101,User {user} login successful
21188,2026-01-11,14:04:09,INFO,WebServer,Health check passed: WebServer,E102,Health check passed: {service}
21189,2026-01-11,14:58:58,INFO,WebServer,Page view: /home by u1390,E103,Page view: {page} by {user}
21190,2026-01-11,14:06:27,INFO,PaymentGateway,User u1040 login successful,E101,User {user} login successful
21191,2026-01-11,14:48:37,INFO,WebServer,User u4162 login successful,E101,User {user} login successful
21192,2026-01-11,14:22:12,INFO,WebServer,Health check passed: WebServer,E102,Health check passed: {service}
21193,2026-01-11,14:46:52,INFO,WebServer,User u2724 login successful,E101,User {user} login successful
21194,2026-01-11,14:19:55,INFO,WebServer,Page view: /home by u3270,E103,Page view: {page} by {user}
21195,2026-01-11,14:07:04,CRITICAL,OrderProcessor,KERNEL PANIC: Node node-1 crashed,E601,KERNEL PANIC: Node {node} crashed
21196,2026-01-11,14:55:54,INFO,AuthService,Page view: /home by u4141,E103,Page view: {page} by {user}
21197,2026-01-11,14:51:14,INFO,WebServer,Transaction tx744098 completed in 107ms,E104,Transaction {tx} completed in {time}ms
21198,2026-01-11,14:12:13,INFO,AuthService,Transaction tx221443 completed in 305ms,E104,Transaction {tx} completed in {time}ms
21199,2026-01-11,14:32:28,INFO,WebServer,Page view: /home by u1461,E103,Page view: {page} by {user}
21200,2026-01-11,14:52:56,INFO,WebServer,Page view: /home by u1785,E103,Page view: {page} by {user}
21201,2026-01-11,14:38:05,INFO,PaymentGateway,Health check passed: PaymentGateway,E102,Health check passed: {service}
21202,2026-01-11,14:27:12,INFO,WebServer,Health check passed: WebServer,E102,Health check passed: {service}
21203,2026-01-11,14:57:44,INFO,WebServer,Page view: /home by u3686,E103,Page view: {page} by {user}
21204,2026-01-11,14:44:53,INFO,WebServer,User u4829 login successful,E101,User {user} login successful
21205,2026-01-11,14:18:25,INFO,AuthService,Transaction tx463249 completed in 321ms,E104,Transaction {tx} completed in {time}ms
21206,2026-01-11,14:26:16,INFO,WebServer,Health check passed: WebServer,E102,Health check passed: {service}
21207,2026-01-11,14:41:08,INFO,WebServer,Health check passed: WebServer,E102,Health check passed: {service}
21208,2026-01-11,14:50:35,INFO,InventoryDB,Transaction tx181036 completed in 1666ms,E104,Transaction {tx} completed in {time}ms
21209,2026-01-11,14:47:20,ERROR,WebServer,Connection refused to WebServer at 10.0.0.45,E501,Connection refused to {service} at {ip}
21210,2026-01-11,14:11:17,INFO,PaymentGateway,Page view: /home by u3082,E103,Page view: {page} by {user}
21211,2026-01-11,14:13:42,INFO,WebServer,Health check passed: WebServer,E102,Health check passed: {service}
21212,2026-01-11,14:26:13,INFO,AuthService,Transaction tx448231 completed in 1063ms,E104,Transaction {tx} completed in {time}ms
21213,2026-01-11,14:02:57,INFO,WebServer,Page view: /home by u2222,E103,Page view: {page} by {user}
21214,2026-01-11,14:03:25,INFO,AuthService,Transaction tx819424 completed in 1869ms,E104,Transaction {tx} completed in {time}ms
21215,2026-01-11,14:15:27,INFO,PaymentGateway,Transaction tx281957 completed in 1510ms,E104,Transaction {tx} completed in {time}ms
21216,2026-01-11,14:40:16,INFO,WebServer,User u1342 login successful,E101,User {user} login successful
21217,2026-01-11,14:00:19,INFO,WebServer,Transaction tx418174 completed in 1266ms,E104,Transaction {tx} completed in {time}ms
21218,2026-01-11,14:35:14,INFO,AuthService,Transaction tx666855 completed in 1064ms,E104,Transaction {tx} completed in {time}ms
21219,2026-01-11,14:00:07,INFO,WebServer,User u3793 login successful,E101,User {user} login successful
21220,2026-01-11,14:45:26,INFO,WebServer,Transaction tx789500 completed in 646ms,E104,Transaction {tx} completed in {time}ms
21221,2026-01-11,14:32:33,INFO,AuthService,User u3024 login successful,E101,User {user} login successful
21222,2026-01-11,14:15:36,INFO,WebServer,User u1433 login successful,E101,User {user} login successful
21223,2026-01-11,14:35:39,INFO,WebServer,Transaction tx501066 completed in 921ms,E104,Transaction {tx} completed in {time}ms
21224,2026-01-11,14:57:37,INFO,WebServer,Transaction tx146833 completed in 1642ms,E104,Transaction {tx} completed in {time}ms
21225,2026-01-11,14:31:44,INFO,WebServer,Page view: /home by u3420,E103,Page view: {page} by {user}
21226,2026-01-11,14:13:07,INFO,InventoryDB,User u2878 login successful,E101,User {user} login successful
21227,2026-01-11,14:28:44,WARN,WebServer,Unauthorized access attempt from 192.168.1.5,E401,Unauthorized access attempt from {ip}
21228,2026-01-11,14:49:35,INFO,InventoryDB,Page view: /home by u2386,E103,Page view: {page} by {user}
21229,2026-01-11,14:16:07,INFO,AuthService,User u4573 login successful,E101,User {user} login successful
21230,2026-01-11,14:40:39,INFO,PaymentGateway,Page view: /home by u4989,E103,Page view: {page} by {user}
21231,2026-01-11,14:04:26,INFO,WebServer,Transaction tx506554 completed in 1584ms,E104,Transaction {tx} completed in {time}ms
21232,2026-01-11,14:16:08,ERROR,OrderProcessor,Connection refused to OrderProcessor at 10.0.0.45,E501,Connection refused to {service} at {ip}
21233,2026-01-11,14:02:56,INFO,WebServer,Page view: /home by u1779,E103,Page view: {page} by {user}
21234,2026-01-11,14:42:28,INFO,WebServer,User u1513 login successful,E101,User {user} login successful
21235,2026-01-11,14:46:59,INFO,WebServer,Transaction tx744877 completed in 1353ms,E104,Transaction {tx} completed in {time}ms
21236,2026-01-11,14:03:37,INFO,AuthService,Page view: /home by u1764,E103,Page view: {page} by {user}
21237,2026-01-11,14:32:23,INFO,OrderProcessor,User u3914 login successful,E101,User {user} login successful
21238,2026-01-11,14:17:37,INFO,WebServer,Transaction tx724834 completed in 1161ms,E104,Transaction {tx} completed in {time}ms
21239,2026-01-11,14:20:00,INFO,PaymentGateway,Transaction tx716496 completed in 644ms,E104,Transaction {tx} completed in {time}ms
21240,2026-01-11,14:17:21,INFO,WebServer,Health check passed: WebServer,E102,Health check passed: {service}
21241,2026-01-11,14:52:57,INFO,OrderProcessor,Health check passed: OrderProcessor,E102,Health check passed: {service}
21242,2026-01-11,14:28:22,INFO,OrderProcessor,Page view: /home by u3419,E103,Page view: {page} by {user}
21243,2026-01-11,14:19:59,INFO,AuthService,User u1138 login successful,E101,User {user} login successful
21244,2026-01-11,14:18:40,INFO,WebServer,Transaction tx236993 completed in 1284ms,E104,Transaction {tx} completed in {time}ms
21245,2026-01-11,14:45:01,INFO,WebServer,Health check passed: WebServer,E102,Health check passed: {service}
21246,2026-01-11,14:55:55,INFO,PaymentGateway,Page view: /home by u3367,E103,Page view: {page} by {user}
21247,2026-01-11,14:32:52,INFO,InventoryDB,User u2766 login successful,E101,User {user} login successful
21248,2026-01-11,14:32:15,INFO,OrderProcessor,Page view: /home by u4691,E103,Page view: {page} by {user}
21249,2026-01-11,14:41:45,INFO,WebServer,Health check passed: WebServer,E102,Health check passed: {service}
21250,2026-01-11,14:45:35,INFO,AuthService,Page view: /home by u4275,E103,Page view: {page} by {user}
21251,2026-01-11,14:31:57,INFO,PaymentGateway,Transaction tx872151 completed in 1766ms,E104,Transaction {tx} completed in {time}ms
21252,2026-01-11,14:04:46,INFO,WebServer,Health check passed: WebServer,E102,Health check passed: {service}
21253,2026-01-11,14:58:52,INFO,WebServer,Health check passed: WebServer,E102,Health check passed: {service}
21254,2026-01-11,14:01:43,INFO,PaymentGateway,Transaction tx129374 completed in 1679ms,E104,Transaction {tx} completed in {time}ms
21255,2026-01-11,14:40:11,INFO,WebServer,Health check passed: WebServer,E102,Health check passed: {service}
21256,2026-01-11,14:34:16,INFO,OrderProcessor,Page view: /home by u2305,E103,Page view: {page} by {user}
21257,2026-01-11,14:46:03,INFO,AuthService,Health check passed: AuthService,E102,Health check passed: {service}
21258,2026-01-11,14:38:33,INFO,PaymentGateway,Transaction tx689728 completed in 516ms,E104,Transaction {tx} completed in {time}ms
21259,2026-01-11,14:19:27,INFO,OrderProcessor,Transaction tx518632 completed in 1449ms,E104,Transaction {tx} completed in {time}ms
21260,2026-01-11,14:44:54,INFO,PaymentGateway,Health check passed: PaymentGateway,E102,Health check passed: {service}
21261,2026-01-11,14:29:43,INFO,WebServer,Transaction tx513647 completed in 1102ms,E104,Transaction {tx} completed in {time}ms
21262,2026-01-11,14:13:59,INFO,AuthService,Transaction tx713835 completed in 502ms,E104,Transaction {tx} completed in {time}ms
21263,2026-01-11,14:14:49,INFO,PaymentGateway,User u1879 login successful,E101,User {user} login successful
21264,2026-01-11,14:50:09,INFO,WebServer,Health check passed: WebServer,E102,Health check passed: {service}
21265,2026-01-11,14:56:17,INFO,OrderProcessor,Page view: /home by u3872,E103,Page view: {page} by {user}
21266,2026-01-11,14:21:50,INFO,WebServer,Page view: /home by u3683,E103,Page view: {page} by {user}
21267,2026-01-11,14:28:13,WARN,WebServer,Unauthorized access attempt from 10.0.0.45,E401,Unauthorized access attempt from {ip}
21268,2026-01-11,14:40:45,INFO,WebServer,Page view: /home by u4599,E103,Page view: {page} by {user}
21269,2026-01-11,14:30:16,INFO,WebServer,Health check passed: WebServer,E102,Health check passed: {service}
21270,2026-01-11,14:02:14,WARN,WebServer,Unauthorized access attempt from 10.0.0.10,E401,Unauthorized access attempt from {ip}
21271,2026-01-11,14:28:25,INFO,AuthService,User u1776 login successful,E101,User {user} login successful
21272,2026-01-11,14:46:23,INFO,PaymentGateway,Transaction tx389707 completed in 1879ms,E104,Transaction {tx} completed in {time}ms
21273,2026-01-11,14:45:20,INFO,WebServer,User u1031 login successful,E101,User {user} login successful
21274,2026-01-11,14:07:00,INFO,AuthService,Transaction tx750681 completed in 699ms,E104,Transaction {tx} completed in {time}ms
21275,2026-01-11,14:08:43,INFO,WebServer,Health check passed: WebServer,E102,Health check passed: {service}
21276,2026-01-11,14:00:34,INFO,PaymentGateway,User u1747 login successful,E101,User {user} login successful
21277,2026-01-11,14:25:50,INFO,WebServer,Page view: /home by u4040,E103,Page view: {page} by {user}
21278,2026-01-11,14:55:39,INFO,WebServer,Health check passed: WebServer,E102,Health check passed: {service}
21279,2026-01-11,14:15:44,INFO,PaymentGateway,Transaction tx780544 completed in 400ms,E104,Transaction {tx} completed in {time}ms
21280,2026-01-11,14:09:21,INFO,OrderProcessor,Health check passed: OrderProcessor,E102,Health check passed: {service}
21281,2026-01-11,14:04:22,INFO,WebServer,Transaction tx107271 completed in 157ms,E104,Transaction {tx} completed in {time}ms
21282,2026-01-11,14:02:39,INFO,WebServer,Transaction tx556907 completed in 297ms,E104,Transaction {tx} completed in {time}ms
21283,2026-01-11,14:16:34,INFO,AuthService,User u2830 login successful,E101,User {user} login successful
21284,2026-01-11,14:44:09,INFO,WebServer,User u3174 login successful,E101,User {user} login successful
21285,2026-01-11,14:19:24,WARN,OrderProcessor,Unauthorized access attempt from 10.0.0.45,E401,Unauthorized access attempt from {ip}
21286,2026-01-11,14:43:55,INFO,WebServer,Health check passed: WebServer,E102,Health check passed: {service}
21287,2026-01-11,14:51:02,INFO,WebServer,Page view: /home by u2188,E103,Page view: {page} by {user}
21288,2026-01-11,14:03:35,INFO,WebServer,User u1368 login successful,E101,User {user} login successful
21289,2026-01-11,14:10:49,INFO,WebServer,Transaction tx713915 completed in 254ms,E104,Transaction {tx} completed in {time}ms
21290,2026-01-11,14:42:25,INFO,InventoryDB,Transaction tx378911 completed in 997ms,E104,Transaction {tx} completed in {time}ms
21291,2026-01-11,14:05:51,INFO,WebServer,Health check passed: WebServer,E102,Health check passed: {service}
21292,2026-01-11,14:11:41,INFO,AuthService,Health check passed: AuthService,E102,Health check passed: {service}
21293,2026-01-11,14:47:14,INFO,WebServer,Transaction tx651464 completed in 835ms,E104,Transaction {tx} completed in {time}ms
21294,2026-01-11,14:17:15,WARN,WebServer,Unauthorized access attempt from 10.0.0.45,E401,Unauthorized access attempt from {ip}
21295,2026-01-11,14:00:25,INFO,WebServer,Transaction tx554136 completed in 1354ms,E104,Transaction {tx} completed in {time}ms
21296,2026-01-11,14:59:14,INFO,WebServer,Health check passed: WebServer,E102,Health check passed: {service}
21297,2026-01-11,14:02:39,INFO,WebServer,Transaction tx253947 completed in 1258ms,E104,Transaction {tx} completed in {time}ms
21298,2026-01-11,14:16:44,INFO,InventoryDB,Health check passed: InventoryDB,E102,Health check passed: {service}
21299,2026-01-11,14:44:32,INFO,InventoryDB,Transaction tx213749 completed in 971ms,E104,Transaction {tx} completed in {time}ms
21300,2026-01-11,14:04:08,INFO,WebServer,Health check passed: WebServer,E102,Health check passed: {service}
21301,2026-01-11,14:17:19,INFO,OrderProcessor,Transaction tx792634 completed in 1987ms,E104,Transaction {tx} completed in {time}ms
21302,2026-01-11,14:25:22,INFO,InventoryDB,User u3442 login successful,E101,User {user} login successful
21303,2026-01-11,14:15:04,INFO,WebServer,Health check passed: WebServer,E102,Health check passed: {service}
21304,2026-01-11,14:24:33,INFO,WebServer,User u4948 login successful,E101,User {user} login successful
21305,2026-01-11,14:59:13,INFO,WebServer,Page view: /home by u4916,E103,Page view: {page} by {user}
21306,2026-01-11,14:18:10,INFO,OrderProcessor,Health check passed: OrderProcessor,E102,Health check passed: {service}
21307,2026-01-11,14:36:16,INFO,WebServer,Transaction tx353104 completed in 375ms,E104,Transaction {tx} completed in {time}ms
21308,2026-01-11,14:41:08,WARN,AuthService,High latency (109ms) detected on AuthService,E201,High latency ({time}ms) detected on {service}
21309,2026-01-11,14:07:23,INFO,WebServer,Health check passed: WebServer,E102,Health check passed: {service}
21310,2026-01-11,14:49:14,INFO,AuthService,Page view: /home by u4186,E103,Page view: {page} by {user}
21311,2026-01-11,14:52:04,INFO,WebServer,Health check passed: WebServer,E102,Health check passed: {service}
21312,2026-01-11,14:41:59,INFO,WebServer,Transaction tx828071 completed in 1237ms,E104,Transaction {tx} completed in {time}ms
21313,2026-01-11,14:39:48,INFO,AuthService,Transaction tx598604 completed in 1749ms,E104,Transaction {tx} completed in {time}ms
21314,2026-01-11,14:30:15,INFO,WebServer,Page view: /home by u2858,E103,Page view: {page} by {user}
21315,2026-01-11,14:44:11,INFO,PaymentGateway,Transaction tx543016 completed in 982ms,E104,Transaction {tx} completed in {time}ms
21316,2026-01-11,14:36:35,INFO,InventoryDB,Health check passed: InventoryDB,E102,Health check passed: {service}
21317,2026-01-11,14:42:39,INFO,InventoryDB,User u1219 login successful,E101,User {user} login successful
21318,2026-01-11,14:09:59,INFO,OrderProcessor,Transaction tx194194 completed in 1809ms,E104,Transaction {tx} completed in {time}ms
21319,2026-01-11,14:12:08,INFO,WebServer,Transaction tx455544 completed in 34ms,E104,Transaction {tx} completed in {time}ms
21320,2026-01-11,14:21:20,INFO,AuthService,Transaction tx251779 completed in 1497ms,E104,Transaction {tx} completed in {time}ms
21321,2026-01-11,14:10:10,INFO,WebServer,Health check passed: WebServer,E102,Health check passed: {service}
21322,2026-01-11,14:51:04,INFO,AuthService,Page view: /home by u4131,E103,Page view: {page} by {user}
21323,2026-01-11,14:21:36,INFO,WebServer,User u2621 login successful,E101,User {user} login successful
21324,2026-01-11,14:02:19,INFO,PaymentGateway,Transaction tx724629 completed in 461ms,E104,Transaction {tx} completed in {time}ms
21325,2026-01-11,14:37:06,INFO,AuthService,User u1294 login successful,E101,User {user} login successful
21326,2026-01-11,14:45:37,INFO,OrderProcessor,Health check passed: OrderProcessor,E102,Health check passed: {service}
21327,2026-01-11,14:50:37,INFO,OrderProcessor,User u4030 login successful,E101,User {user} login successful
21328,2026-01-11,14:00:46,INFO,WebServer,Page view: /home by u2419,E103,Page view: {page} by {user}
21329,2026-01-11,14:47:40,WARN,WebServer,Unauthorized access attempt from 10.0.0.45,E401,Unauthorized access attempt from {ip}
21330,2026-01-11,14:22:05,INFO,OrderProcessor,Health check passed: OrderProcessor,E102,Health check passed: {service}
21331,2026-01-11,14:25:14,INFO,AuthService,Health check passed: AuthService,E102,Health check passed: {service}
21332,2026-01-11,14:39:15,INFO,InventoryDB,Page view: /home by u3336,E103,Page view: {page} by {user}
21333,2026-01-11,14:03:18,INFO,PaymentGateway,Page view: /home by u1779,E103,Page view: {page} by {user}
21334,2026-01-11,14:03:19,INFO,OrderProcessor,Transaction tx575559 completed in 408ms,E104,Transaction {tx} completed in {time}ms
21335,2026-01-11,14:37:15,INFO,AuthService,User u2824 login successful,E101,User {user} login successful
21336,2026-01-11,14:50:12,INFO,WebServer,User u1573 login successful,E101,User {user} login successful
21337,2026-01-11,14:40:21,WARN,AuthService,High latency (483ms) detected on AuthService,E201,High latency ({time}ms) detected on {service}
21338,2026-01-11,14:18:05,INFO,WebServer,Health check passed: WebServer,E102,Health check passed: {service}
21339,2026-01-11,14:31:16,INFO,WebServer,User u1256 login successful,E101,User {user} login successful
21340,2026-01-11,14:30:25,WARN,OrderProcessor,High latency (182ms) detected on OrderProcessor,E201,High latency ({time}ms) detected on {service}
21341,2026-01-11,14:01:02,INFO,WebServer,User u4346 login successful,E101,User {user} login successful
21342,2026-01-11,14:55:43,INFO,WebServer,User u2312 login successful,E101,User {user} login successful
21343,2026-01-11,14:49:23,INFO,WebServer,Page view: /home by u3699,E103,Page view: {page} by {user}
21344,2026-01-11,14:03:10,INFO,OrderProcessor,Page view: /home by u3962,E103,Page view: {page} by {user}
21345,2026-01-11,14:56:35,INFO,WebServer,Transaction tx608397 completed in 1985ms,E104,Transaction {tx} completed in {time}ms
21346,2026-01-11,14:52:22,INFO,PaymentGateway,Health check passed: PaymentGateway,E102,Health check passed: {service}
21347,2026-01-11,14:10:09,INFO,WebServer,Health check passed: WebServer,E102,Health check passed: {service}
21348,2026-01-11,14:10:15,INFO,InventoryDB,Transaction tx595520 completed in 70ms,E104,Transaction {tx} completed in {time}ms
21349,2026-01-11,14:09:38,INFO,WebServer,Health check passed: WebServer,E102,Health check passed: {service}
21350,2026-01-11,14:29:27,INFO,PaymentGateway,Transaction tx780476 completed in 712ms,E104,Transaction {tx} completed in {time}ms
21351,2026-01-11,14:32:03,INFO,AuthService,Transaction tx927284 completed in 74ms,E104,Transaction {tx} completed in {time}ms
21352,2026-01-11,14:10:54,WARN,WebServer,Unauthorized access attempt from 10.0.0.45,E401,Unauthorized access attempt from {ip}
21353,2026-01-11,14:53:43,INFO,AuthService,Page view: /home by u3596,E103,Page view: {page} by {user}
21354,2026-01-11,14:38:52,INFO,PaymentGateway,Page view: /home by u2192,E103,Page view: {page} by {user}
21355,2026-01-11,14:31:29,ERROR,WebServer,Timeout waiting for lock on InventoryDB,E502,Timeout waiting for lock on {db}
21356,2026-01-11,14:48:07,WARN,InventoryDB,High latency (461ms) detected on InventoryDB,E201,High latency ({time}ms) detected on {service}
21357,2026-01-11,14:02:37,INFO,AuthService,User u1918 login successful,E101,User {user} login successful
21358,2026-01-11,14:58:46,INFO,OrderProcessor,Health check passed: OrderProcessor,E102,Health check passed: {service}
21359,2026-01-11,14:35:30,INFO,AuthService,Health check passed: AuthService,E102,Health check passed: {service}
21360,2026-01-11,14:03:06,INFO,WebServer,Page view: /home by u4436,E103,Page view: {page} by {user}
21361,2026-01-11,14:43:10,INFO,OrderProcessor,Page view: /home by u4299,E103,Page view: {page} by {user}
21362,2026-01-11,14:23:39,INFO,WebServer,Health check passed: WebServer,E102,Health check passed: {service}
21363,2026-01-11,14:18:59,INFO,WebServer,Health check passed: WebServer,E102,Health check passed: {service}
21364,2026-01-11,14:15:41,INFO,WebServer,User u1965 login successful,E101,User {user} login successful
21365,2026-01-11,14:38:21,INFO,WebServer,Transaction tx644992 completed in 1694ms,E104,Transaction {tx} completed in {time}ms
21366,2026-01-11,14:42:37,INFO,WebServer,Page view: /home by u2084,E103,Page view: {page} by {user}
21367,2026-01-11,14:25:50,INFO,WebServer,Health check passed: WebServer,E102,Health check passed: {service}
21368,2026-01-11,14:31:07,INFO,InventoryDB,Health check passed: InventoryDB,E102,Health check passed: {service}
21369,2026-01-11,14:50:09,INFO,PaymentGateway,User u4217 login successful,E101,User {user} login successful
21370,2026-01-11,14:54:30,INFO,PaymentGateway,Health check passed: PaymentGateway,E102,Health check passed: {service}
21371,2026-01-11,14:04:43,INFO,WebServer,User u1553 login successful,E101,User {user} login successful
21372,2026-01-11,14:11:18,INFO,OrderProcessor,User u1988 login successful,E101,User {user} login successful
21373,2026-01-11,14:08:42,INFO,AuthService,Health check passed: AuthService,E102,Health check passed: {service}
21374,2026-01-11,14:50:40,INFO,WebServer,User u4629 login successful,E101,User {user} login successful
21375,2026-01-11,14:42:20,INFO,WebServer,Transaction tx882534 completed in 1496ms,E104,Transaction {tx} completed in {time}ms
21376,2026-01-11,14:04:39,INFO,WebServer,Transaction tx357711 completed in 600ms,E104,Transaction {tx} completed in {time}ms
21377,2026-01-11,14:10:21,INFO,WebServer,Page view: /home by u2177,E103,Page view: {page} by {user}
21378,2026-01-11,14:20:40,INFO,WebServer,Transaction tx407995 completed in 991ms,E104,Transaction {tx} completed in {time}ms
21379,2026-01-11,14:16:37,INFO,WebServer,Transaction tx325172 completed in 927ms,E104,Transaction {tx} completed in {time}ms
21380,2026-01-11,14:04:20,INFO,InventoryDB,User u2136 login successful,E101,User {user} login successful
21381,2026-01-11,14:49:37,INFO,AuthService,Health check passed: AuthService,E102,Health check passed: {service}
21382,2026-01-11,14:29:27,INFO,OrderProcessor,Health check passed: OrderProcessor,E102,Health check passed: {service}
21383,2026-01-11,14:36:34,WARN,WebServer,Unauthorized access attempt from 10.0.0.12,E401,Unauthorized access attempt from {ip}
21384,2026-01-11,14:36:26,INFO,WebServer,Page view: /home by u3608,E103,Page view: {page} by {user}
21385,2026-01-11,14:50:46,INFO,WebServer,Transaction tx965601 completed in 1941ms,E104,Transaction {tx} completed in {time}ms
21386,2026-01-11,14:00:20,INFO,WebServer,Page view: /home by u2306,E103,Page view: {page} by {user}
21387,2026-01-11,14:33:13,INFO,OrderProcessor,User u1823 login successful,E101,User {user} login successful
21388,2026-01-11,14:37:11,INFO,InventoryDB,Health check passed: InventoryDB,E102,Health check passed: {service}
21389,2026-01-11,14:50:24,INFO,WebServer,Health check passed: WebServer,E102,Health check passed: {service}
21390,2026-01-11,14:24:13,INFO,WebServer,User u4888 login successful,E101,User {user} login successful
21391,2026-01-11,14:39:11,INFO,WebServer,Page view: /home by u1779,E103,Page view: {page} by {user}
21392,2026-01-11,14:34:46,INFO,WebServer,Page view: /home by u3871,E103,Page view: {page} by {user}
21393,2026-01-11,14:13:40,INFO,WebServer,User u4521 login successful,E101,User {user} login successful
21394,2026-01-11,14:38:13,INFO,WebServer,Health check passed: WebServer,E102,Health check passed: {service}
21395,2026-01-11,14:05:05,INFO,InventoryDB,User u3839 login successful,E101,User {user} login successful
21396,2026-01-11,14:02:42,INFO,AuthService,Page view: /home by u3890,E103,Page view: {page} by {user}
21397,2026-01-11,14:22:38,INFO,WebServer,Health check passed: WebServer,E102,Health check passed: {service}
21398,2026-01-11,14:27:29,WARN,WebServer,Disk usage > 85% on node node-4,E202,Disk usage > 85% on node {node}
21399,2026-01-11,14:17:57,INFO,WebServer,User u1709 login successful,E101,User {user} login successful
21400,2026-01-11,14:55:13,INFO,AuthService,User u3169 login successful,E101,User {user} login successful
21401,2026-01-11,14:24:55,INFO,OrderProcessor,Page view: /home by u4521,E103,Page view: {page} by {user}
21402,2026-01-11,14:06:45,INFO,OrderProcessor,Page view: /home by u1971,E103,Page view: {page} by {user}
21403,2026-01-11,14:52:52,INFO,AuthService,Page view: /home by u4326,E103,Page view: {page} by {user}
21404,2026-01-11,14:44:21,INFO,WebServer,Transaction tx211809 completed in 1080ms,E104,Transaction {tx} completed in {time}ms
21405,2026-01-11,14:00:50,WARN,WebServer,Unauthorized access attempt from 10.0.0.45,E401,Unauthorized access attempt from {ip}
21406,2026-01-11,14:08:55,INFO,WebServer,Transaction tx925482 completed in 1028ms,E104,Transaction {tx} completed in {time}ms
21407,2026-01-11,14:52:27,WARN,PaymentGateway,High latency (1034ms) detected on PaymentGateway,E201,High latency ({time}ms) detected on {service}
21408,2026-01-11,14:21:19,INFO,WebServer,Page view: /home by u2446,E103,Page view: {page} by {user}
21409,2026-01-11,14:20:20,INFO,WebServer,User u4533 login successful,E101,User {user} login successful
21410,2026-01-11,14:22:16,INFO,AuthService,Health check passed: AuthService,E102,Health check passed: {service}
21411,2026-01-11,14:13:18,INFO,WebServer,User u3695 login successful,E101,User {user} login successful
21412,2026-01-11,14:32:59,INFO,AuthService,Page view: /home by u1918,E103,Page view: {page} by {user}
21413,2026-01-11,14:46:44,INFO,AuthService,Health check passed: AuthService,E102,Health check passed: {service}
21414,2026-01-11,14:18:24,INFO,AuthService,Transaction tx652293 completed in 605ms,E104,Transaction {tx} completed in {time}ms
21415,2026-01-11,14:19:14,INFO,WebServer,Transaction tx283002 completed in 1624ms,E104,Transaction {tx} completed in {time}ms
21416,2026-01-11,14:08:04,INFO,AuthService,Health check passed: AuthService,E102,Health check passed: {service}
21417,2026-01-11,14:33:36,INFO,WebServer,Health check passed: WebServer,E102,Health check passed: {service}
21418,2026-01-11,14:04:47,INFO,WebServer,Page view: /home by u4278,E103,Page view: {page} by {user}
21419,2026-01-11,14:51:31,INFO,InventoryDB,Transaction tx430692 completed in 1442ms,E104,Transaction {tx} completed in {time}ms
21420,2026-01-11,14:19:22,INFO,WebServer,Transaction tx105035 completed in 1309ms,E104,Transaction {tx} completed in {time}ms
21421,2026-01-11,14:25:55,INFO,PaymentGateway,Page view: /home by u4250,E103,Page view: {page} by {user}
21422,2026-01-11,14:51:23,INFO,PaymentGateway,Transaction tx493561 completed in 1196ms,E104,Transaction {tx} completed in {time}ms
21423,2026-01-11,14:29:49,WARN,WebServer,Disk usage > 85% on node node-3,E202,Disk usage > 85% on node {node}
21424,2026-01-11,14:45:19,INFO,WebServer,User u1481 login successful,E101,User {user} login successful
21425,2026-01-11,14:56:48,INFO,WebServer,Transaction tx956271 completed in 1500ms,E104,Transaction {tx} completed in {time}ms
21426,2026-01-11,14:24:20,WARN,WebServer,High latency (989ms) detected on WebServer,E201,High latency ({time}ms) detected on {service}
21427,2026-01-11,14:00:57,INFO,OrderProcessor,Transaction tx609629 completed in 535ms,E104,Transaction {tx} completed in {time}ms
21428,2026-01-11,14:50:56,INFO,WebServer,Health check passed: WebServer,E102,Health check passed: {service}
21429,2026-01-11,14:25:28,INFO,PaymentGateway,User u1626 login successful,E101,User {user} login successful
21430,2026-01-11,14:29:56,INFO,PaymentGateway,Page view: /home by u1897,E103,Page view: {page} by {user}
21431,2026-01-11,14:12:36,INFO,PaymentGateway,Page view: /home by u2819,E103,Page view: {page} by {user}
21432,2026-01-11,14:03:33,INFO,WebServer,Transaction tx568630 completed in 859ms,E104,Transaction {tx} completed in {time}ms
21433,2026-01-11,14:35:53,INFO,WebServer,Transaction tx477046 completed in 1295ms,E104,Transaction {tx} completed in {time}ms
21434,2026-01-11,14:35:39,INFO,WebServer,Page view: /home by u4203,E103,Page view: {page} by {user}
21435,2026-01-11,14:44:18,INFO,WebServer,Transaction tx310909 completed in 1049ms,E104,Transaction {tx} completed in {time}ms
21436,2026-01-11,14:07:37,ERROR,WebServer,Timeout waiting for lock on InventoryDB,E502,Timeout waiting for lock on {db}
21437,2026-01-11,14:46:58,INFO,WebServer,Page view: /home by u2180,E103,Page view: {page} by {user}
21438,2026-01-11,14:55:30,INFO,OrderProcessor,Page view: /home by u1365,E103,Page view: {page} by {user}
21439,2026-01-11,14:42:15,INFO,WebServer,User u1684 login successful,E101,User {user} login successful
21440,2026-01-11,14:47:45,INFO,WebServer,Transaction tx695816 completed in 1141ms,E104,Transaction {tx} completed in {time}ms
21441,2026-01-11,14:38:45,INFO,AuthService,Health check passed: AuthService,E102,Health check passed: {service}
21442,2026-01-11,14:51:56,INFO,AuthService,Page view: /home by u2207,E103,Page view: {page} by {user}
21443,2026-01-11,14:48:24,INFO,WebServer,Transaction tx506963 completed in 1257ms,E104,Transaction {tx} completed in {time}ms
21444,2026-01-11,14:46:42,INFO,InventoryDB,User u2743 login successful,E101,User {user} login successful
21445,2026-01-11,14:21:40,INFO,AuthService,User u1098 login successful,E101,User {user} login successful
21446,2026-01-11,14:28:44,INFO,WebServer,Page view: /home by u3214,E103,Page view: {page} by {user}
21447,2026-01-11,14:33:04,INFO,WebServer,User u4260 login successful,E101,User {user} login successful
21448,2026-01-11,14:42:31,INFO,WebServer,Page view: /home by u4273,E103,Page view: {page} by {user}
21449,2026-01-11,14:04:11,WARN,InventoryDB,High latency (900ms) detected on InventoryDB,E201,High latency ({time}ms) detected on {service}
21450,2026-01-11,14:22:58,INFO,AuthService,Health check passed: AuthService,E102,Health check passed: {service}
21451,2026-01-11,14:31:09,INFO,WebServer,Transaction tx527034 completed in 823ms,E104,Transaction {tx} completed in {time}ms
21452,2026-01-11,14:32:16,INFO,WebServer,Transaction tx406186 completed in 162ms,E104,Transaction {tx} completed in {time}ms
21453,2026-01-11,14:43:14,INFO,OrderProcessor,Transaction tx638890 completed in 966ms,E104,Transaction {tx} completed in {time}ms
21454,2026-01-11,14:32:47,INFO,AuthService,Transaction tx224768 completed in 63ms,E104,Transaction {tx} completed in {time}ms
21455,2026-01-11,14:37:41,INFO,OrderProcessor,Transaction tx147255 completed in 653ms,E104,Transaction {tx} completed in {time}ms
21456,2026-01-11,14:49:35,INFO,AuthService,Page view: /home by u1408,E103,Page view: {page} by {user}
21457,2026-01-11,14:48:44,INFO,WebServer,Health check passed: WebServer,E102,Health check passed: {service}
21458,2026-01-11,14:56:11,INFO,AuthService,Transaction tx303529 completed in 1965ms,E104,Transaction {tx} completed in {time}ms
21459,2026-01-11,14:35:06,INFO,AuthService,Transaction tx653823 completed in 1846ms,E104,Transaction {tx} completed in {time}ms
21460,2026-01-11,14:20:30,INFO,AuthService,Health check passed: AuthService,E102,Health check passed: {service}
21461,2026-01-11,14:23:36,INFO,AuthService,Health check passed: AuthService,E102,Health check passed: {service}
21462,2026-01-11,14:50:18,WARN,WebServer,Unauthorized access attempt from 10.0.0.12,E401,Unauthorized access attempt from {ip}
21463,2026-01-11,14:14:28,INFO,AuthService,Health check passed: AuthService,E102,Health check passed: {service}
21464,2026-01-11,14:42:38,INFO,PaymentGateway,Page view: /home by u4241,E103,Page view: {page} by {user}
21465,2026-01-11,14:26:58,INFO,AuthService,Health check passed: AuthService,E102,Health check passed: {service}
21466,2026-01-11,14:40:09,INFO,WebServer,Transaction tx312491 completed in 1902ms,E104,Transaction {tx} completed in {time}ms
21467,2026-01-11,14:29:57,INFO,AuthService,Page view: /home by u1540,E103,Page view: {page} by {user}
21468,2026-01-11,14:37:21,INFO,AuthService,Transaction tx480504 completed in 1166ms,E104,Transaction {tx} completed in {time}ms
21469,2026-01-11,14:39:21,INFO,WebServer,Health check passed: WebServer,E102,Health check passed: {service}
21470,2026-01-11,14:56:53,INFO,OrderProcessor,User u2777 login successful,E101,User {user} login successful
21471,2026-01-11,14:54:40,INFO,AuthService,Health check passed: AuthService,E102,Health check passed: {service}
21472,2026-01-11,14:52:29,INFO,OrderProcessor,User u2943 login successful,E101,User {user} login successful
21473,2026-01-11,14:45:33,INFO,WebServer,User u3863 login successful,E101,User {user} login successful
21474,2026-01-11,14:07:18,INFO,OrderProcessor,Health check passed: OrderProcessor,E102,Health check passed: {service}
21475,2026-01-11,14:50:40,INFO,WebServer,Page view: /home by u3637,E103,Page view: {page} by {user}
21476,2026-01-11,14:08:49,INFO,OrderProcessor,User u2773 login successful,E101,User {user} login successful
21477,2026-01-11,14:48:00,INFO,WebServer,User u2332 login successful,E101,User {user} login successful
21478,2026-01-11,14:38:22,INFO,PaymentGateway,Health check passed: PaymentGateway,E102,Health check passed: {service}
21479,2026-01-11,14:05:20,INFO,AuthService,Transaction tx428673 completed in 1434ms,E104,Transaction {tx} completed in {time}ms
21480,2026-01-11,14:34:42,INFO,WebServer,Health check passed: WebServer,E102,Health check passed: {service}
21481,2026-01-11,14:06:34,INFO,WebServer,Health check passed: WebServer,E102,Health check passed: {service}
21482,2026-01-11,14:04:03,INFO,WebServer,User u4143 login successful,E101,User {user} login successful
21483,2026-01-11,14:20:44,INFO,AuthService,User u3262 login successful,E101,User {user} login successful
21484,2026-01-11,14:10:10,INFO,WebServer,Page view: /home by u4937,E103,Page view: {page} by {user}
21485,2026-01-11,14:45:28,INFO,WebServer,Page view: /home by u1498,E103,Page view: {page} by {user}
21486,2026-01-11,14:39:40,CRITICAL,AuthService,KERNEL PANIC: Node node-5 crashed,E601,KERNEL PANIC: Node {node} crashed
21487,2026-01-11,14:22:51,INFO,OrderProcessor,Health check passed: OrderProcessor,E102,Health check passed: {service}
21488,2026-01-11,14:19:46,INFO,WebServer,User u2013 login successful,E101,User {user} login successful
21489,2026-01-11,14:10:03,WARN,WebServer,High latency (1530ms) detected on WebServer,E201,High latency ({time}ms) detected on {service}
21490,2026-01-11,14:33:34,INFO,WebServer,User u3830 login successful,E101,User {user} login successful
21491,2026-01-11,14:31:51,INFO,WebServer,Health check passed: WebServer,E102,Health check passed: {service}
21492,2026-01-11,14:55:06,INFO,WebServer,User u4060 login successful,E101,User {user} login successful
21493,2026-01-11,14:25:33,INFO,OrderProcessor,Health check passed: OrderProcessor,E102,Health check passed: {service}
21494,2026-01-11,14:42:59,INFO,WebServer,Transaction tx635313 completed in 1017ms,E104,Transaction {tx} completed in {time}ms
21495,2026-01-11,14:49:06,INFO,WebServer,Page view: /home by u1528,E103,Page view: {page} by {user}
21496,2026-01-11,14:12:12,INFO,AuthService,User u2875 login successful,E101,User {user} login successful
21497,2026-01-11,14:46:21,INFO,OrderProcessor,Page view: /home by u2025,E103,Page view: {page} by {user}
21498,2026-01-11,14:34:48,INFO,OrderProcessor,Transaction tx619873 completed in 1212ms,E104,Transaction {tx} completed in {time}ms
21499,2026-01-11,14:50:44,INFO,WebServer,Health check passed: WebServer,E102,Health check passed: {service}
21500,2026-01-11,14:03:54,INFO,PaymentGateway,Page view: /home by u4120,E103,Page view: {page} by {user}
21501,2026-01-11,14:47:27,INFO,AuthService,Health check passed: AuthService,E102,Health check passed: {service}
21502,2026-01-11,14:08:41,INFO,PaymentGateway,Transaction tx978668 completed in 806ms,E104,Transaction {tx} completed in {time}ms
21503,2026-01-11,14:55:14,INFO,OrderProcessor,Health check passed: OrderProcessor,E102,Health check passed: {service}
21504,2026-01-11,14:50:43,INFO,WebServer,Page view: /home by u1042,E103,Page view: {page} by {user}
21505,2026-01-11,14:04:25,INFO,WebServer,Page view: /home by u2864,E103,Page view: {page} by {user}
21506,2026-01-11,14:17:03,INFO,OrderProcessor,Page view: /home by u3015,E103,Page view: {page} by {user}
21507,2026-01-11,14:06:25,INFO,PaymentGateway,Page view: /home by u4481,E103,Page view: {page} by {user}
21508,2026-01-11,14:07:46,INFO,WebServer,User u4493 login successful,E101,User {user} login successful
21509,2026-01-11,14:37:44,INFO,AuthService,Transaction tx372540 completed in 270ms,E104,Transaction {tx} completed in {time}ms
21510,2026-01-11,14:18:20,CRITICAL,WebServer,KERNEL PANIC: Node node-4 crashed,E601,KERNEL PANIC: Node {node} crashed
21511,2026-01-11,14:44:19,INFO,OrderProcessor,Health check passed: OrderProcessor,E102,Health check passed: {service}
21512,2026-01-11,14:49:28,INFO,OrderProcessor,Health check passed: OrderProcessor,E102,Health check passed: {service}
21513,2026-01-11,14:04:45,INFO,WebServer,Health check passed: WebServer,E102,Health check passed: {service}
21514,2026-01-11,14:29:15,INFO,OrderProcessor,User u4562 login successful,E101,User {user} login successful
21515,2026-01-11,14:46:21,WARN,WebServer,High latency (1435ms) detected on WebServer,E201,High latency ({time}ms) detected on {service}
21516,2026-01-11,14:50:11,INFO,WebServer,User u2078 login successful,E101,User {user} login successful
21517,2026-01-11,14:07:32,INFO,WebServer,Page view: /home by u4015,E103,Page view: {page} by {user}
21518,2026-01-11,14:29:11,WARN,WebServer,Disk usage > 85% on node node-2,E202,Disk usage > 85% on node {node}
21519,2026-01-11,14:15:46,INFO,WebServer,Health check passed: WebServer,E102,Health check passed: {service}
21520,2026-01-11,14:19:52,INFO,InventoryDB,Transaction tx298850 completed in 1871ms,E104,Transaction {tx} completed in {time}ms
21521,2026-01-11,14:52:49,INFO,WebServer,User u4375 login successful,E101,User {user} login successful
21522,2026-01-11,14:24:37,INFO,WebServer,Transaction tx441025 completed in 1050ms,E104,Transaction {tx} completed in {time}ms
21523,2026-01-11,14:59:17,INFO,AuthService,User u2328 login successful,E101,User {user} login successful
21524,2026-01-11,14:01:21,INFO,WebServer,Transaction tx903068 completed in 1587ms,E104,Transaction {tx} completed in {time}ms
21525,2026-01-11,14:37:37,INFO,WebServer,User u1867 login successful,E101,User {user} login successful
21526,2026-01-11,14:47:37,INFO,AuthService,Transaction tx518104 completed in 1001ms,E104,Transaction {tx} completed in {time}ms
21527,2026-01-11,14:31:28,INFO,WebServer,Page view: /home by u1595,E103,Page view: {page} by {user}
21528,2026-01-11,14:48:22,INFO,PaymentGateway,Transaction tx307056 completed in 937ms,E104,Transaction {tx} completed in {time}ms
21529,2026-01-11,14:12:04,INFO,WebServer,User u4194 login successful,E101,User {user} login successful
21530,2026-01-11,14:12:27,INFO,InventoryDB,Transaction tx134032 completed in 908ms,E104,Transaction {tx} completed in {time}ms
21531,2026-01-11,14:16:08,INFO,WebServer,Health check passed: WebServer,E102,Health check passed: {service}
21532,2026-01-11,14:48:21,INFO,WebServer,Health check passed: WebServer,E102,Health check passed: {service}
21533,2026-01-11,14:33:10,INFO,WebServer,Transaction tx566526 completed in 42ms,E104,Transaction {tx} completed in {time}ms
21534,2026-01-11,14:08:00,INFO,WebServer,Transaction tx729344 completed in 440ms,E104,Transaction {tx} completed in {time}ms
21535,2026-01-11,14:31:05,INFO,WebServer,Page view: /home by u1622,E103,Page view: {page} by {user}
21536,2026-01-11,14:21:21,INFO,OrderProcessor,Page view: /home by u4662,E103,Page view: {page} by {user}
21537,2026-01-11,14:47:45,INFO,OrderProcessor,Health check passed: OrderProcessor,E102,Health check passed: {service}
21538,2026-01-11,14:39:45,INFO,WebServer,User u4779 login successful,E101,User {user} login successful
21539,2026-01-11,14:38:10,INFO,OrderProcessor,Page view: /home by u2077,E103,Page view: {page} by {user}
21540,2026-01-11,14:18:29,INFO,OrderProcessor,Page view: /home by u3438,E103,Page view: {page} by {user}
21541,2026-01-11,14:50:08,INFO,AuthService,Page view: /home by u2076,E103,Page view: {page} by {user}
21542,2026-01-11,14:34:10,INFO,OrderProcessor,Transaction tx309037 completed in 706ms,E104,Transaction {tx} completed in {time}ms
21543,2026-01-11,14:11:38,WARN,AuthService,Unauthorized access attempt from 10.0.0.12,E401,Unauthorized access attempt from {ip}
21544,2026-01-11,14:14:32,INFO,WebServer,Page view: /home by u2962,E103,Page view: {page} by {user}
21545,2026-01-11,14:38:19,INFO,InventoryDB,User u1607 login successful,E101,User {user} login successful
21546,2026-01-11,14:37:51,INFO,AuthService,Page view: /home by u2310,E103,Page view: {page} by {user}
21547,2026-01-11,14:44:45,INFO,AuthService,Transaction tx291248 completed in 1327ms,E104,Transaction {tx} completed in {time}ms
21548,2026-01-11,14:05:41,INFO,OrderProcessor,Page view: /home by u3371,E103,Page view: {page} by {user}
21549,2026-01-11,14:40:21,INFO,OrderProcessor,Page view: /home by u3514,E103,Page view: {page} by {user}
21550,2026-01-11,14:36:20,INFO,WebServer,User u4066 login successful,E101,User {user} login successful
21551,2026-01-11,14:50:14,INFO,WebServer,Transaction tx544985 completed in 720ms,E104,Transaction {tx} completed in {time}ms
21552,2026-01-11,14:42:10,INFO,WebServer,User u4998 login successful,E101,User {user} login successful
21553,2026-01-11,14:13:30,INFO,WebServer,Transaction tx432820 completed in 1056ms,E104,Transaction {tx} completed in {time}ms
21554,2026-01-11,14:02:46,INFO,WebServer,User u3522 login successful,E101,User {user} login successful
21555,2026-01-11,14:36:00,INFO,AuthService,User u2689 login successful,E101,User {user} login successful
21556,2026-01-11,14:57:37,INFO,WebServer,Page view: /home by u2223,E103,Page view: {page} by {user}
21557,2026-01-11,14:15:42,INFO,OrderProcessor,Transaction tx316700 completed in 1406ms,E104,Transaction {tx} completed in {time}ms
21558,2026-01-11,14:00:35,INFO,OrderProcessor,User u3867 login successful,E101,User {user} login successful
21559,2026-01-11,14:27:44,INFO,OrderProcessor,Health check passed: OrderProcessor,E102,Health check passed: {service}
21560,2026-01-11,14:22:01,CRITICAL,WebServer,KERNEL PANIC: Node node-4 crashed,E601,KERNEL PANIC: Node {node} crashed
21561,2026-01-11,14:52:52,INFO,WebServer,Transaction tx372519 completed in 311ms,E104,Transaction {tx} completed in {time}ms
21562,2026-01-11,14:23:13,INFO,InventoryDB,Page view: /home by u1963,E103,Page view: {page} by {user}
21563,2026-01-11,14:39:50,INFO,WebServer,Page view: /home by u4314,E103,Page view: {page} by {user}
21564,2026-01-11,14:21:24,INFO,WebServer,Transaction tx607878 completed in 1688ms,E104,Transaction {tx} completed in {time}ms
21565,2026-01-11,14:28:53,INFO,WebServer,Page view: /home by u3225,E103,Page view: {page} by {user}
21566,2026-01-11,14:35:10,WARN,AuthService,Disk usage > 85% on node node-2,E202,Disk usage > 85% on node {node}
21567,2026-01-11,14:38:09,INFO,WebServer,Health check passed: WebServer,E102,Health check passed: {service}
21568,2026-01-11,14:37:14,INFO,AuthService,Transaction tx719648 completed in 988ms,E104,Transaction {tx} completed in {time}ms
21569,2026-01-11,14:11:16,INFO,WebServer,Transaction tx692051 completed in 829ms,E104,Transaction {tx} completed in {time}ms
21570,2026-01-11,14:38:39,INFO,WebServer,Page view: /home by u4961,E103,Page view: {page} by {user}
21571,2026-01-11,14:38:45,INFO,WebServer,User u1157 login successful,E101,User {user} login successful
21572,2026-01-11,14:35:40,INFO,WebServer,Health check passed: WebServer,E102,Health check passed: {service}
21573,2026-01-11,14:26:55,INFO,WebServer,Transaction tx465501 completed in 1893ms,E104,Transaction {tx} completed in {time}ms
21574,2026-01-11,14:53:56,INFO,WebServer,Transaction tx975192 completed in 1421ms,E104,Transaction {tx} completed in {time}ms
21575,2026-01-11,14:36:55,INFO,WebServer,Page view: /home by u2852,E103,Page view: {page} by {user}
21576,2026-01-11,14:26:26,INFO,AuthService,Health check passed: AuthService,E102,Health check passed: {service}
21577,2026-01-11,14:54:52,INFO,OrderProcessor,User u4943 login successful,E101,User {user} login successful
21578,2026-01-11,14:54:30,INFO,WebServer,Transaction tx229294 completed in 992ms,E104,Transaction {tx} completed in {time}ms
21579,2026-01-11,14:10:43,INFO,OrderProcessor,Transaction tx979807 completed in 1093ms,E104,Transaction {tx} completed in {time}ms
21580,2026-01-11,14:30:34,INFO,WebServer,Transaction tx366262 completed in 1101ms,E104,Transaction {tx} completed in {time}ms
21581,2026-01-11,14:35:07,INFO,WebServer,Page view: /home by u1161,E103,Page view: {page} by {user}
21582,2026-01-11,14:44:49,INFO,PaymentGateway,User u2110 login successful,E101,User {user} login successful
21583,2026-01-11,14:18:33,INFO,AuthService,Page view: /home by u3089,E103,Page view: {page} by {user}
21584,2026-01-11,14:57:59,INFO,WebServer,Transaction tx929494 completed in 581ms,E104,Transaction {tx} completed in {time}ms
21585,2026-01-11,14:19:11,INFO,WebServer,User u1212 login successful,E101,User {user} login successful
21586,2026-01-11,14:46:10,INFO,AuthService,Health check passed: AuthService,E102,Health check passed: {service}
21587,2026-01-11,14:39:20,INFO,OrderProcessor,Health check passed: OrderProcessor,E102,Health check passed: {service}
21588,2026-01-11,14:53:07,INFO,WebServer,User u2342 login successful,E101,User {user} login successful
21589,2026-01-11,14:21:29,INFO,WebServer,Page view: /home by u1615,E103,Page view: {page} by {user}
21590,2026-01-11,14:09:57,INFO,PaymentGateway,Page view: /home by u4535,E103,Page view: {page} by {user}
21591,2026-01-11,14:11:31,WARN,AuthService,Unauthorized access attempt from 10.0.0.45,E401,Unauthorized access attempt from {ip}
21592,2026-01-11,14:48:21,INFO,OrderProcessor,User u3675 login successful,E101,User {user} login successful
21593,2026-01-11,14:59:58,INFO,AuthService,User u1205 login successful,E101,User {user} login successful
21594,2026-01-11,14:03:34,INFO,AuthService,User u4338 login successful,E101,User {user} login successful
21595,2026-01-11,14:22:08,INFO,WebServer,User u3361 login successful,E101,User {user} login successful
21596,2026-01-11,14:25:14,INFO,AuthService,Page view: /home by u4744,E103,Page view: {page} by {user}
21597,2026-01-11,14:25:24,CRITICAL,WebServer,KERNEL PANIC: Node node-3 crashed,E601,KERNEL PANIC: Node {node} crashed
21598,2026-01-11,14:12:56,INFO,WebServer,User u3676 login successful,E101,User {user} login successful
21599,2026-01-11,14:34:25,INFO,WebServer,Transaction tx450014 completed in 159ms,E104,Transaction {tx} completed in {time}ms
21600,2026-01-11,14:02:38,INFO,AuthService,User u3347 login successful,E101,User {user} login successful
21601,2026-01-11,14:30:53,INFO,WebServer,Transaction tx524971 completed in 709ms,E104,Transaction {tx} completed in {time}ms
21602,2026-01-11,14:17:23,INFO,AuthService,User u2488 login successful,E101,User {user} login successful
21603,2026-01-11,14:23:38,INFO,InventoryDB,Transaction tx597834 completed in 1929ms,E104,Transaction {tx} completed in {time}ms
21604,2026-01-11,14:59:19,WARN,AuthService,Disk usage > 85% on node node-2,E202,Disk usage > 85% on node {node}
21605,2026-01-11,14:01:53,INFO,WebServer,Transaction tx563789 completed in 106ms,E104,Transaction {tx} completed in {time}ms
21606,2026-01-11,14:18:49,INFO,AuthService,Transaction tx352971 completed in 135ms,E104,Transaction {tx} completed in {time}ms
21607,2026-01-11,14:48:03,INFO,WebServer,Page view: /home by u2061,E103,Page view: {page} by {user}
21608,2026-01-11,14:25:41,INFO,AuthService,Page view: /home by u3372,E103,Page view: {page} by {user}
21609,2026-01-11,14:51:48,INFO,WebServer,Page view: /home by u3341,E103,Page view: {page} by {user}
21610,2026-01-11,14:41:22,INFO,AuthService,User u1289 login successful,E101,User {user} login successful
21611,2026-01-11,14:25:33,INFO,AuthService,Health check passed: AuthService,E102,Health check passed: {service}
21612,2026-01-11,14:43:11,INFO,AuthService,User u4535 login successful,E101,User {user} login successful
21613,2026-01-11,14:46:54,INFO,AuthService,Page view: /home by u2808,E103,Page view: {page} by {user}
21614,2026-01-11,14:02:49,INFO,WebServer,User u3598 login successful,E101,User {user} login successful
21615,2026-01-11,14:29:33,INFO,WebServer,Health check passed: WebServer,E102,Health check passed: {service}
21616,2026-01-11,14:03:50,WARN,InventoryDB,High latency (1463ms) detected on InventoryDB,E201,High latency ({time}ms) detected on {service}
21617,2026-01-11,14:32:03,INFO,OrderProcessor,Transaction tx579977 completed in 1682ms,E104,Transaction {tx} completed in {time}ms
21618,2026-01-11,14:46:46,INFO,InventoryDB,Transaction tx917990 completed in 837ms,E104,Transaction {tx} completed in {time}ms
21619,2026-01-11,14:13:20,INFO,WebServer,User u1125 login successful,E101,User {user} login successful
21620,2026-01-11,14:19:38,INFO,PaymentGateway,Page view: /home by u2763,E103,Page view: {page} by {user}
21621,2026-01-11,14:04:31,INFO,OrderProcessor,Page view: /home by u2430,E103,Page view: {page} by {user}
21622,2026-01-11,14:19:23,INFO,WebServer,User u4057 login successful,E101,User {user} login successful
21623,2026-01-11,14:50:48,INFO,WebServer,Health check passed: WebServer,E102,Health check passed: {service}
21624,2026-01-11,14:28:39,INFO,AuthService,Transaction tx548611 completed in 857ms,E104,Transaction {tx} completed in {time}ms
21625,2026-01-11,14:31:47,INFO,OrderProcessor,User u4109 login successful,E101,User {user} login successful
21626,2026-01-11,14:09:16,INFO,WebServer,Page view: /home by u2305,E103,Page view: {page} by {user}
21627,2026-01-11,14:40:41,INFO,WebServer,User u4744 login successful,E101,User {user} login successful
21628,2026-01-11,14:53:27,INFO,OrderProcessor,Page view: /home by u1000,E103,Page view: {page} by {user}
21629,2026-01-11,14:44:45,INFO,WebServer,User u1516 login successful,E101,User {user} login successful
21630,2026-01-11,14:29:50,ERROR,WebServer,Connection refused to WebServer at 10.0.0.12,E501,Connection refused to {service} at {ip}
21631,2026-01-11,14:25:54,INFO,PaymentGateway,User u2727 login successful,E101,User {user} login successful
21632,2026-01-11,14:36:04,INFO,WebServer,User u3991 login successful,E101,User {user} login successful
21633,2026-01-11,14:05:50,INFO,InventoryDB,Page view: /home by u2112,E103,Page view: {page} by {user}
21634,2026-01-11,14:20:50,INFO,AuthService,Page view: /home by u2289,E103,Page view: {page} by {user}
21635,2026-01-11,14:06:13,INFO,WebServer,Transaction tx847392 completed in 1811ms,E104,Transaction {tx} completed in {time}ms
21636,2026-01-11,14:39:38,INFO,InventoryDB,User u4278 login successful,E101,User {user} login successful
21637,2026-01-11,14:24:29,INFO,AuthService,Page view: /home by u2327,E103,Page view: {page} by {user}
21638,2026-01-11,14:03:20,INFO,WebServer,Health check passed: WebServer,E102,Health check passed: {service}
21639,2026-01-11,14:41:32,INFO,WebServer,Health check passed: WebServer,E102,Health check passed: {service}
21640,2026-01-11,14:13:04,ERROR,WebServer,Timeout waiting for lock on InventoryDB,E502,Timeout waiting for lock on {db}
21641,2026-01-11,14:30:46,INFO,OrderProcessor,User u2904 login successful,E101,User {user} login successful
21642,2026-01-11,14:05:17,INFO,WebServer,Transaction tx724597 completed in 1181ms,E104,Transaction {tx} completed in {time}ms
21643,2026-01-11,14:16:40,INFO,WebServer,User u1564 login successful,E101,User {user} login successful
21644,2026-01-11,14:44:15,INFO,OrderProcessor,Page view: /home by u2415,E103,Page view: {page} by {user}
21645,2026-01-11,14:33:02,INFO,WebServer,Page view: /home by u4468,E103,Page view: {page} by {user}
21646,2026-01-11,14:28:05,INFO,WebServer,Health check passed: WebServer,E102,Health check passed: {service}
21647,2026-01-11,14:21:20,INFO,AuthService,Page view: /home by u4505,E103,Page view: {page} by {user}
21648,2026-01-11,14:21:13,INFO,WebServer,Transaction tx142901 completed in 1084ms,E104,Transaction {tx} completed in {time}ms
21649,2026-01-11,14:58:08,INFO,WebServer,Transaction tx334493 completed in 893ms,E104,Transaction {tx} completed in {time}ms
21650,2026-01-11,14:55:55,INFO,PaymentGateway,User u3934 login successful,E101,User {user} login successful
21651,2026-01-11,14:05:33,INFO,WebServer,Page view: /home by u2993,E103,Page view: {page} by {user}
21652,2026-01-11,14:54:36,WARN,WebServer,Disk usage > 85% on node node-1,E202,Disk usage > 85% on node {node}
21653,2026-01-11,14:37:55,INFO,InventoryDB,Transaction tx284880 completed in 1350ms,E104,Transaction {tx} completed in {time}ms
21654,2026-01-11,14:33:12,INFO,InventoryDB,Page view: /home by u2439,E103,Page view: {page} by {user}
21655,2026-01-11,14:02:34,INFO,WebServer,Page view: /home by u4765,E103,Page view: {page} by {user}
21656,2026-01-11,14:02:50,INFO,WebServer,Page view: /home by u3038,E103,Page view: {page} by {user}
21657,2026-01-11,14:20:05,INFO,WebServer,Page view: /home by u3393,E103,Page view: {page} by {user}
21658,2026-01-11,14:11:38,INFO,AuthService,Transaction tx849129 completed in 1163ms,E104,Transaction {tx} completed in {time}ms
21659,2026-01-11,14:35:28,INFO,WebServer,Page view: /home by u1479,E103,Page view: {page} by {user}
21660,2026-01-11,14:49:36,WARN,OrderProcessor,Unauthorized access attempt from 10.0.0.12,E401,Unauthorized access attempt from {ip}
21661,2026-01-11,14:09:47,INFO,WebServer,Health check passed: WebServer,E102,Health check passed: {service}
21662,2026-01-11,14:50:13,INFO,AuthService,User u4711 login successful,E101,User {user} login successful
21663,2026-01-11,14:13:22,INFO,WebServer,Transaction tx684397 completed in 1787ms,E104,Transaction {tx} completed in {time}ms
21664,2026-01-11,14:04:03,INFO,PaymentGateway,Transaction tx310766 completed in 1994ms,E104,Transaction {tx} completed in {time}ms
21665,2026-01-11,14:33:17,INFO,OrderProcessor,Page view: /home by u1551,E103,Page view: {page} by {user}
21666,2026-01-11,14:51:31,INFO,WebServer,Transaction tx309535 completed in 1253ms,E104,Transaction {tx} completed in {time}ms
21667,2026-01-11,14:18:45,INFO,WebServer,Health check passed: WebServer,E102,Health check passed: {service}
21668,2026-01-11,14:53:07,INFO,OrderProcessor,Page view: /home by u3189,E103,Page view: {page} by {user}
21669,2026-01-11,14:08:07,WARN,WebServer,Unauthorized access attempt from 10.0.0.45,E401,Unauthorized access attempt from {ip}
21670,2026-01-11,14:45:49,INFO,AuthService,Page view: /home by u4255,E103,Page view: {page} by {user}
21671,2026-01-11,14:47:19,WARN,WebServer,Unauthorized access attempt from 10.0.0.45,E401,Unauthorized access attempt from {ip}
21672,2026-01-11,14:45:01,INFO,OrderProcessor,User u4390 login successful,E101,User {user} login successful
21673,2026-01-11,14:31:21,INFO,WebServer,Health check passed: WebServer,E102,Health check passed: {service}
21674,2026-01-11,14:51:38,INFO,WebServer,Health check passed: WebServer,E102,Health check passed: {service}
21675,2026-01-11,14:02:41,INFO,WebServer,Page view: /home by u3127,E103,Page view: {page} by {user}
21676,2026-01-11,14:47:03,INFO,WebServer,Page view: /home by u1357,E103,Page view: {page} by {user}
21677,2026-01-11,14:05:16,INFO,WebServer,Health check passed: WebServer,E102,Health check passed: {service}
21678,2026-01-11,14:27:45,INFO,WebServer,Transaction tx217659 completed in 1679ms,E104,Transaction {tx} completed in {time}ms
21679,2026-01-11,14:50:05,INFO,WebServer,User u4172 login successful,E101,User {user} login successful
21680,2026-01-11,14:12:58,INFO,WebServer,Page view: /home by u2762,E103,Page view: {page} by {user}
21681,2026-01-11,14:11:20,INFO,WebServer,Page view: /home by u1008,E103,Page view: {page} by {user}
21682,2026-01-11,14:50:12,INFO,PaymentGateway,Page view: /home by u3378,E103,Page view: {page} by {user}
21683,2026-01-11,14:50:34,INFO,AuthService,Health check passed: AuthService,E102,Health check passed: {service}
21684,2026-01-11,14:42:10,INFO,WebServer,Health check passed: WebServer,E102,Health check passed: {service}
21685,2026-01-11,14:41:34,ERROR,WebServer,Payment declined: Gateway unavailable,E503,Payment declined: Gateway unavailable
21686,2026-01-11,14:27:57,INFO,WebServer,User u1647 login successful,E101,User {user} login successful
21687,2026-01-11,14:31:52,INFO,WebServer,Page view: /home by u2287,E103,Page view: {page} by {user}
21688,2026-01-11,14:28:56,INFO,OrderProcessor,Transaction tx587119 completed in 1840ms,E104,Transaction {tx} completed in {time}ms
21689,2026-01-11,14:14:43,INFO,WebServer,Health check passed: WebServer,E102,Health check passed: {service}
21690,2026-01-11,14:53:59,INFO,AuthService,Page view: /home by u4075,E103,Page view: {page} by {user}
21691,2026-01-11,14:18:05,INFO,PaymentGateway,Page view: /home by u3244,E103,Page view: {page} by {user}
21692,2026-01-11,14:29:50,INFO,WebServer,Page view: /home by u4508,E103,Page view: {page} by {user}
21693,2026-01-11,14:19:23,INFO,WebServer,Health check passed: WebServer,E102,Health check passed: {service}
21694,2026-01-11,14:37:39,INFO,AuthService,Page view: /home by u2369,E103,Page view: {page} by {user}
21695,2026-01-11,14:12:34,INFO,PaymentGateway,Health check passed: PaymentGateway,E102,Health check passed: {service}
21696,2026-01-11,14:32:54,INFO,WebServer,Health check passed: WebServer,E102,Health check passed: {service}
21697,2026-01-11,14:05:03,INFO,WebServer,Health check passed: WebServer,E102,Health check passed: {service}
21698,2026-01-11,14:55:37,INFO,WebServer,Page view: /home by u3239,E103,Page view: {page} by {user}
21699,2026-01-11,14:52:07,INFO,WebServer,Page view: /home by u4800,E103,Page view: {page} by {user}
21700,2026-01-11,14:38:51,INFO,WebServer,Transaction tx901932 completed in 1236ms,E104,Transaction {tx} completed in {time}ms
21701,2026-01-11,14:55:42,INFO,AuthService,User u4925 login successful,E101,User {user} login successful
21702,2026-01-11,14:18:52,INFO,WebServer,User u4960 login successful,E101,User {user} login successful
21703,2026-01-11,14:11:56,INFO,OrderProcessor,Health check passed: OrderProcessor,E102,Health check passed: {service}
21704,2026-01-11,14:34:34,INFO,WebServer,User u3016 login successful,E101,User {user} login successful
21705,2026-01-11,14:12:05,INFO,WebServer,Page view: /home by u2748,E103,Page view: {page} by {user}
21706,2026-01-11,14:48:06,INFO,AuthService,User u2943 login successful,E101,User {user} login successful
21707,2026-01-11,14:13:38,INFO,OrderProcessor,User u1207 login successful,E101,User {user} login successful
21708,2026-01-11,14:33:10,INFO,WebServer,Health check passed: WebServer,E102,Health check passed: {service}
21709,2026-01-11,14:37:16,INFO,OrderProcessor,User u2290 login successful,E101,User {user} login successful
21710,2026-01-11,14:23:58,INFO,AuthService,Page view: /home by u4666,E103,Page view: {page} by {user}
21711,2026-01-11,14:43:05,INFO,AuthService,Health check passed: AuthService,E102,Health check passed: {service}
21712,2026-01-11,14:20:52,INFO,OrderProcessor,Transaction tx408083 completed in 1792ms,E104,Transaction {tx} completed in {time}ms
21713,2026-01-11,14:24:54,WARN,WebServer,High latency (236ms) detected on WebServer,E201,High latency ({time}ms) detected on {service}
21714,2026-01-11,14:20:31,INFO,AuthService,Page view: /home by u4739,E103,Page view: {page} by {user}
21715,2026-01-11,14:53:17,INFO,WebServer,Transaction tx871457 completed in 1980ms,E104,Transaction {tx} completed in {time}ms
21716,2026-01-11,14:38:49,INFO,PaymentGateway,Health check passed: PaymentGateway,E102,Health check passed: {service}
21717,2026-01-11,14:29:31,INFO,OrderProcessor,Health check passed: OrderProcessor,E102,Health check passed: {service}
21718,2026-01-11,14:11:32,INFO,WebServer,Transaction tx332583 completed in 1135ms,E104,Transaction {tx} completed in {time}ms
21719,2026-01-11,14:38:41,INFO,WebServer,Transaction tx832841 completed in 724ms,E104,Transaction {tx} completed in {time}ms
21720,2026-01-11,14:34:24,INFO,WebServer,Health check passed: WebServer,E102,Health check passed: {service}
21721,2026-01-11,14:54:26,INFO,WebServer,Transaction tx715347 completed in 654ms,E104,Transaction {tx} completed in {time}ms
21722,2026-01-11,14:33:55,INFO,OrderProcessor,Page view: /home by u2152,E103,Page view: {page} by {user}
21723,2026-01-11,14:00:36,INFO,PaymentGateway,Health check passed: PaymentGateway,E102,Health check passed: {service}
21724,2026-01-11,14:03:45,INFO,AuthService,Page view: /home by u1328,E103,Page view: {page} by {user}
21725,2026-01-11,14:08:46,INFO,WebServer,User u3070 login successful,E101,User {user} login successful
21726,2026-01-11,14:22:02,INFO,WebServer,Health check passed: WebServer,E102,Health check passed: {service}
21727,2026-01-11,14:38:55,INFO,PaymentGateway,User u3924 login successful,E101,User {user} login successful
21728,2026-01-11,14:55:32,INFO,AuthService,Health check passed: AuthService,E102,Health check passed: {service}
21729,2026-01-11,14:24:59,INFO,OrderProcessor,Transaction tx591004 completed in 1756ms,E104,Transaction {tx} completed in {time}ms
21730,2026-01-11,14:18:09,INFO,WebServer,Health check passed: WebServer,E102,Health check passed: {service}
21731,2026-01-11,14:13:22,INFO,WebServer,Health check passed: WebServer,E102,Health check passed: {service}
21732,2026-01-11,14:13:35,INFO,OrderProcessor,Page view: /home by u4527,E103,Page view: {page} by {user}
21733,2026-01-11,14:58:37,INFO,WebServer,Health check passed: WebServer,E102,Health check passed: {service}
21734,2026-01-11,14:06:59,INFO,OrderProcessor,Page view: /home by u4480,E103,Page view: {page} by {user}
21735,2026-01-11,14:33:47,CRITICAL,InventoryDB,KERNEL PANIC: Node node-1 crashed,E601,KERNEL PANIC: Node {node} crashed
21736,2026-01-11,14:52:09,INFO,AuthService,User u4058 login successful,E101,User {user} login successful
21737,2026-01-11,14:47:27,WARN,OrderProcessor,Disk usage > 85% on node node-3,E202,Disk usage > 85% on node {node}
21738,2026-01-11,14:20:33,INFO,WebServer,Transaction tx385621 completed in 1421ms,E104,Transaction {tx} completed in {time}ms
21739,2026-01-11,14:47:29,INFO,OrderProcessor,Page view: /home by u3586,E103,Page view: {page} by {user}
21740,2026-01-11,14:27:41,INFO,AuthService,User u1883 login successful,E101,User {user} login successful
21741,2026-01-11,14:25:58,WARN,InventoryDB,High latency (626ms) detected on InventoryDB,E201,High latency ({time}ms) detected on {service}
21742,2026-01-11,14:51:53,WARN,WebServer,High latency (168ms) detected on WebServer,E201,High latency ({time}ms) detected on {service}
21743,2026-01-11,14:41:36,INFO,WebServer,User u1803 login successful,E101,User {user} login successful
21744,2026-01-11,14:32:54,INFO,WebServer,User u2470 login successful,E101,User {user} login successful
21745,2026-01-11,14:12:40,INFO,WebServer,Page view: /home by u4432,E103,Page view: {page} by {user}
21746,2026-01-11,14:57:53,INFO,WebServer,Transaction tx236381 completed in 1907ms,E104,Transaction {tx} completed in {time}ms
21747,2026-01-11,14:07:40,INFO,PaymentGateway,Transaction tx112360 completed in 1890ms,E104,Transaction {tx} completed in {time}ms
21748,2026-01-11,14:52:45,INFO,OrderProcessor,User u3027 login successful,E101,User {user} login successful
21749,2026-01-11,14:56:32,INFO,InventoryDB,User u2354 login successful,E101,User {user} login successful
21750,2026-01-11,14:03:45,INFO,WebServer,Health check passed: WebServer,E102,Health check passed: {service}
21751,2026-01-11,14:25:58,INFO,PaymentGateway,Transaction tx522023 completed in 508ms,E104,Transaction {tx} completed in {time}ms
21752,2026-01-11,14:47:17,INFO,AuthService,User u1975 login successful,E101,User {user} login successful
21753,2026-01-11,14:39:59,INFO,AuthService,Transaction tx809782 completed in 84ms,E104,Transaction {tx} completed in {time}ms
21754,2026-01-11,14:43:08,INFO,AuthService,Health check passed: AuthService,E102,Health check passed: {service}
21755,2026-01-11,14:28:47,INFO,WebServer,User u2727 login successful,E101,User {user} login successful
21756,2026-01-11,14:42:50,INFO,WebServer,User u2626 login successful,E101,User {user} login successful
21757,2026-01-11,14:36:37,INFO,OrderProcessor,Transaction tx156214 completed in 1057ms,E104,Transaction {tx} completed in {time}ms
21758,2026-01-11,14:12:23,INFO,AuthService,Transaction tx747826 completed in 257ms,E104,Transaction {tx} completed in {time}ms
21759,2026-01-11,14:30:50,INFO,PaymentGateway,Transaction tx486683 completed in 156ms,E104,Transaction {tx} completed in {time}ms
21760,2026-01-11,14:27:36,WARN,OrderProcessor,High latency (1313ms) detected on OrderProcessor,E201,High latency ({time}ms) detected on {service}
21761,2026-01-11,14:04:20,INFO,WebServer,Page view: /home by u3118,E103,Page view: {page} by {user}
21762,2026-01-11,14:30:18,INFO,WebServer,Health check passed: WebServer,E102,Health check passed: {service}
21763,2026-01-11,14:08:23,INFO,WebServer,User u3861 login successful,E101,User {user} login successful
21764,2026-01-11,14:19:07,ERROR,WebServer,Payment declined: Gateway unavailable,E503,Payment declined: Gateway unavailable
21765,2026-01-11,14:48:35,INFO,WebServer,Transaction tx355114 completed in 998ms,E104,Transaction {tx} completed in {time}ms
21766,2026-01-11,14:27:38,INFO,PaymentGateway,Page view: /home by u4071,E103,Page view: {page} by {user}
21767,2026-01-11,14:46:36,INFO,WebServer,Page view: /home by u3267,E103,Page view: {page} by {user}
21768,2026-01-11,14:57:51,ERROR,InventoryDB,Timeout waiting for lock on InventoryDB,E502,Timeout waiting for lock on {db}
21769,2026-01-11,14:18:25,INFO,WebServer,Page view: /home by u1218,E103,Page view: {page} by {user}
21770,2026-01-11,14:16:34,INFO,WebServer,User u3161 login successful,E101,User {user} login successful
21771,2026-01-11,14:27:47,INFO,WebServer,User u2343 login successful,E101,User {user} login successful
21772,2026-01-11,14:05:51,INFO,WebServer,Health check passed: WebServer,E102,Health check passed: {service}
21773,2026-01-11,14:22:24,INFO,WebServer,Transaction tx813931 completed in 749ms,E104,Transaction {tx} completed in {time}ms
21774,2026-01-11,14:43:54,INFO,WebServer,Health check passed: WebServer,E102,Health check passed: {service}
21775,2026-01-11,14:10:20,INFO,PaymentGateway,Health check passed: PaymentGateway,E102,Health check passed: {service}
21776,2026-01-11,14:42:23,INFO,AuthService,User u1215 login successful,E101,User {user} login successful
21777,2026-01-11,14:11:54,WARN,AuthService,High latency (1920ms) detected on AuthService,E201,High latency ({time}ms) detected on {service}
21778,2026-01-11,14:50:55,INFO,PaymentGateway,Health check passed: PaymentGateway,E102,Health check passed: {service}
21779,2026-01-11,14:52:39,INFO,AuthService,User u1431 login successful,E101,User {user} login successful
21780,2026-01-11,14:07:52,INFO,PaymentGateway,Health check passed: PaymentGateway,E102,Health check passed: {service}
21781,2026-01-11,14:04:50,INFO,WebServer,Health check passed: WebServer,E102,Health check passed: {service}
21782,2026-01-11,14:12:44,INFO,WebServer,Health check passed: WebServer,E102,Health check passed: {service}
21783,2026-01-11,14:50:00,INFO,WebServer,User u2147 login successful,E101,User {user} login successful
21784,2026-01-11,14:19:07,INFO,WebServer,Health check passed: WebServer,E102,Health check passed: {service}
21785,2026-01-11,14:33:44,INFO,AuthService,Health check passed: AuthService,E102,Health check passed: {service}
21786,2026-01-11,14:55:37,INFO,WebServer,Page view: /home by u2393,E103,Page view: {page} by {user}
21787,2026-01-11,14:41:42,INFO,WebServer,User u3966 login successful,E101,User {user} login successful
21788,2026-01-11,14:47:48,INFO,PaymentGateway,Transaction tx244167 completed in 631ms,E104,Transaction {tx} completed in {time}ms
21789,2026-01-11,14:23:26,INFO,OrderProcessor,User u2864 login successful,E101,User {user} login successful
21790,2026-01-11,14:52:46,INFO,AuthService,Page view: /home by u2337,E103,Page view: {page} by {user}
21791,2026-01-11,14:37:54,INFO,WebServer,User u3000 login successful,E101,User {user} login successful
21792,2026-01-11,14:32:35,INFO,WebServer,Health check passed: WebServer,E102,Health check passed: {service}
21793,2026-01-11,14:16:52,INFO,AuthService,User u2708 login successful,E101,User {user} login successful
21794,2026-01-11,14:15:15,INFO,WebServer,Transaction tx388048 completed in 1949ms,E104,Transaction {tx} completed in {time}ms
21795,2026-01-11,14:47:45,INFO,WebServer,User u4319 login successful,E101,User {user} login successful
21796,2026-01-11,14:52:24,INFO,WebServer,Health check passed: WebServer,E102,Health check passed: {service}
21797,2026-01-11,14:19:09,INFO,AuthService,Page view: /home by u4635,E103,Page view: {page} by {user}
21798,2026-01-11,14:57:40,INFO,WebServer,Health check passed: WebServer,E102,Health check passed: {service}
21799,2026-01-11,14:11:23,INFO,WebServer,Transaction tx207603 completed in 1457ms,E104,Transaction {tx} completed in {time}ms
21800,2026-01-11,14:09:03,INFO,WebServer,User u3003 login successful,E101,User {user} login successful
21801,2026-01-11,14:12:22,WARN,WebServer,Unauthorized access attempt from 10.0.0.10,E401,Unauthorized access attempt from {ip}
21802,2026-01-11,14:41:05,INFO,PaymentGateway,User u1375 login successful,E101,User {user} login successful
21803,2026-01-11,14:43:33,INFO,WebServer,Page view: /home by u4658,E103,Page view: {page} by {user}
21804,2026-01-11,14:41:31,INFO,WebServer,Transaction tx308912 completed in 1759ms,E104,Transaction {tx} completed in {time}ms
21805,2026-01-11,14:15:43,INFO,PaymentGateway,User u3679 login successful,E101,User {user} login successful
21806,2026-01-11,14:51:19,INFO,WebServer,Page view: /home by u2945,E103,Page view: {page} by {user}
21807,2026-01-11,14:15:05,INFO,OrderProcessor,Transaction tx881369 completed in 1912ms,E104,Transaction {tx} completed in {time}ms
21808,2026-01-11,14:59:46,INFO,WebServer,Page view: /home by u4758,E103,Page view: {page} by {user}
21809,2026-01-11,14:36:55,INFO,WebServer,Page view: /home by u2834,E103,Page view: {page} by {user}
21810,2026-01-11,14:25:56,INFO,PaymentGateway,Transaction tx447264 completed in 208ms,E104,Transaction {tx} completed in {time}ms
21811,2026-01-11,14:51:54,INFO,WebServer,Health check passed: WebServer,E102,Health check passed: {service}
21812,2026-01-11,14:10:13,INFO,WebServer,Health check passed: WebServer,E102,Health check passed: {service}
21813,2026-01-11,14:43:37,INFO,AuthService,Page view: /home by u4637,E103,Page view: {page} by {user}
21814,2026-01-11,14:17:14,INFO,PaymentGateway,Page view: /home by u2256,E103,Page view: {page} by {user}
21815,2026-01-11,14:31:51,INFO,WebServer,Health check passed: WebServer,E102,Health check passed: {service}
21816,2026-01-11,14:03:13,INFO,WebServer,Page view: /home by u2869,E103,Page view: {page} by {user}
21817,2026-01-11,14:17:30,INFO,WebServer,User u2173 login successful,E101,User {user} login successful
21818,2026-01-11,14:35:47,INFO,WebServer,Transaction tx391650 completed in 113ms,E104,Transaction {tx} completed in {time}ms
21819,2026-01-11,14:04:53,INFO,WebServer,User u3288 login successful,E101,User {user} login successful
21820,2026-01-11,14:23:06,INFO,OrderProcessor,Transaction tx213560 completed in 1003ms,E104,Transaction {tx} completed in {time}ms
21821,2026-01-11,14:06:14,INFO,OrderProcessor,Health check passed: OrderProcessor,E102,Health check passed: {service}
21822,2026-01-11,14:22:02,ERROR,WebServer,Timeout waiting for lock on InventoryDB,E502,Timeout waiting for lock on {db}
21823,2026-01-11,14:33:27,ERROR,AuthService,Timeout waiting for lock on InventoryDB,E502,Timeout waiting for lock on {db}
21824,2026-01-11,14:44:48,INFO,WebServer,Transaction tx298720 completed in 1786ms,E104,Transaction {tx} completed in {time}ms
21825,2026-01-11,14:21:36,WARN,AuthService,Disk usage > 85% on node node-4,E202,Disk usage > 85% on node {node}
21826,2026-01-11,14:52:01,INFO,WebServer,User u2279 login successful,E101,User {user} login successful
21827,2026-01-11,14:49:29,INFO,OrderProcessor,Page view: /home by u2124,E103,Page view: {page} by {user}
21828,2026-01-11,14:38:54,INFO,PaymentGateway,Health check passed: PaymentGateway,E102,Health check passed: {service}
21829,2026-01-11,14:25:47,INFO,PaymentGateway,Page view: /home by u1599,E103,Page view: {page} by {user}
21830,2026-01-11,14:14:41,INFO,WebServer,User u1059 login successful,E101,User {user} login successful
21831,2026-01-11,14:41:17,INFO,WebServer,Health check passed: WebServer,E102,Health check passed: {service}
21832,2026-01-11,14:53:58,INFO,WebServer,User u3282 login successful,E101,User {user} login successful
21833,2026-01-11,14:00:39,INFO,OrderProcessor,Health check passed: OrderProcessor,E102,Health check passed: {service}
21834,2026-01-11,14:33:00,INFO,WebServer,Health check passed: WebServer,E102,Health check passed: {service}
21835,2026-01-11,14:21:03,WARN,PaymentGateway,Unauthorized access attempt from 10.0.0.10,E401,Unauthorized access attempt from {ip}
21836,2026-01-11,14:49:42,INFO,AuthService,User u3168 login successful,E101,User {user} login successful
21837,2026-01-11,14:39:49,INFO,WebServer,Page view: /home by u3004,E103,Page view: {page} by {user}
21838,2026-01-11,14:02:13,INFO,OrderProcessor,Health check passed: OrderProcessor,E102,Health check passed: {service}
21839,2026-01-11,14:53:18,INFO,WebServer,Health check passed: WebServer,E102,Health check passed: {service}
21840,2026-01-11,14:53:16,INFO,WebServer,Page view: /home by u1486,E103,Page view: {page} by {user}
21841,2026-01-11,14:12:16,INFO,AuthService,Transaction tx514784 completed in 1576ms,E104,Transaction {tx} completed in {time}ms
21842,2026-01-11,14:11:16,INFO,InventoryDB,Page view: /home by u1293,E103,Page view: {page} by {user}
21843,2026-01-11,14:10:42,INFO,WebServer,Health check passed: WebServer,E102,Health check passed: {service}
21844,2026-01-11,14:14:46,INFO,AuthService,Transaction tx794290 completed in 215ms,E104,Transaction {tx} completed in {time}ms
21845,2026-01-11,14:01:01,INFO,OrderProcessor,Health check passed: OrderProcessor,E102,Health check passed: {service}
21846,2026-01-11,14:35:13,INFO,WebServer,Transaction tx501268 completed in 95ms,E104,Transaction {tx} completed in {time}ms
21847,2026-01-11,14:20:17,INFO,OrderProcessor,Transaction tx887541 completed in 602ms,E104,Transaction {tx} completed in {time}ms
21848,2026-01-11,14:27:43,INFO,AuthService,User u2463 login successful,E101,User {user} login successful
21849,2026-01-11,14:42:22,INFO,AuthService,Page view: /home by u2230,E103,Page view: {page} by {user}
21850,2026-01-11,14:57:41,INFO,InventoryDB,Health check passed: InventoryDB,E102,Health check passed: {service}
21851,2026-01-11,14:47:42,INFO,OrderProcessor,Health check passed: OrderProcessor,E102,Health check passed: {service}
21852,2026-01-11,14:29:12,INFO,WebServer,Health check passed: WebServer,E102,Health check passed: {service}
21853,2026-01-11,14:48:54,INFO,AuthService,Transaction tx746901 completed in 794ms,E104,Transaction {tx} completed in {time}ms
21854,2026-01-11,14:30:40,INFO,InventoryDB,User u3310 login successful,E101,User {user} login successful
21855,2026-01-11,14:03:44,INFO,AuthService,Page view: /home by u2224,E103,Page view: {page} by {user}
21856,2026-01-11,14:50:47,INFO,AuthService,User u2182 login successful,E101,User {user} login successful
21857,2026-01-11,14:03:27,INFO,WebServer,User u1545 login successful,E101,User {user} login successful
21858,2026-01-11,14:06:25,INFO,WebServer,Transaction tx298033 completed in 1174ms,E104,Transaction {tx} completed in {time}ms
21859,2026-01-11,14:34:48,INFO,WebServer,Transaction tx590644 completed in 1386ms,E104,Transaction {tx} completed in {time}ms
21860,2026-01-11,14:53:08,INFO,WebServer,Page view: /home by u1740,E103,Page view: {page} by {user}
21861,2026-01-11,14:01:41,INFO,WebServer,Page view: /home by u2281,E103,Page view: {page} by {user}
21862,2026-01-11,14:42:05,INFO,OrderProcessor,Page view: /home by u1014,E103,Page view: {page} by {user}
21863,2026-01-11,14:42:56,INFO,WebServer,Health check passed: WebServer,E102,Health check passed: {service}
21864,2026-01-11,14:40:16,ERROR,OrderProcessor,Connection refused to OrderProcessor at 10.0.0.45,E501,Connection refused to {service} at {ip}
21865,2026-01-11,14:30:12,INFO,WebServer,Page view: /home by u2828,E103,Page view: {page} by {user}
21866,2026-01-11,14:27:10,INFO,AuthService,Transaction tx411193 completed in 652ms,E104,Transaction {tx} completed in {time}ms
21867,2026-01-11,14:03:15,CRITICAL,PaymentGateway,DATA CORRUPTION detected in sector 950,E602,DATA CORRUPTION detected in sector {sector}
21868,2026-01-11,14:00:32,INFO,AuthService,Health check passed: AuthService,E102,Health check passed: {service}
21869,2026-01-11,14:08:58,INFO,WebServer,Health check passed: WebServer,E102,Health check passed: {service}
21870,2026-01-11,14:43:43,INFO,WebServer,User u3063 login successful,E101,User {user} login successful
21871,2026-01-11,14:12:55,INFO,WebServer,Health check passed: WebServer,E102,Health check passed: {service}
21872,2026-01-11,14:47:41,INFO,AuthService,Page view: /home by u1208,E103,Page view: {page} by {user}
21873,2026-01-11,14:53:15,INFO,WebServer,User u2101 login successful,E101,User {user} login successful
21874,2026-01-11,14:49:28,INFO,OrderProcessor,User u2822 login successful,E101,User {user} login successful
21875,2026-01-11,14:41:38,INFO,WebServer,User u4823 login successful,E101,User {user} login successful
21876,2026-01-11,14:49:59,WARN,WebServer,High latency (242ms) detected on WebServer,E201,High latency ({time}ms) detected on {service}
21877,2026-01-11,14:53:30,INFO,WebServer,Transaction tx754466 completed in 1114ms,E104,Transaction {tx} completed in {time}ms
21878,2026-01-11,14:58:04,CRITICAL,WebServer,DATA CORRUPTION detected in sector 755,E602,DATA CORRUPTION detected in sector {sector}
21879,2026-01-11,14:43:29,INFO,WebServer,Page view: /home by u1392,E103,Page view: {page} by {user}
21880,2026-01-11,14:04:41,INFO,InventoryDB,Transaction tx989354 completed in 869ms,E104,Transaction {tx} completed in {time}ms
21881,2026-01-11,14:40:37,INFO,PaymentGateway,Page view: /home by u1195,E103,Page view: {page} by {user}
21882,2026-01-11,14:57:43,INFO,InventoryDB,Health check passed: InventoryDB,E102,Health check passed: {service}
21883,2026-01-11,14:50:18,ERROR,OrderProcessor,Payment declined: Gateway unavailable,E503,Payment declined: Gateway unavailable
21884,2026-01-11,14:27:47,INFO,AuthService,Transaction tx680060 completed in 305ms,E104,Transaction {tx} completed in {time}ms
21885,2026-01-11,14:32:57,INFO,WebServer,User u3155 login successful,E101,User {user} login successful
21886,2026-01-11,14:39:34,INFO,AuthService,Transaction tx758863 completed in 731ms,E104,Transaction {tx} completed in {time}ms
21887,2026-01-11,14:07:19,INFO,WebServer,Health check passed: WebServer,E102,Health check passed: {service}
21888,2026-01-11,14:14:19,INFO,OrderProcessor,User u3068 login successful,E101,User {user} login successful
21889,2026-01-11,14:33:46,INFO,AuthService,Page view: /home by u1209,E103,Page view: {page} by {user}
21890,2026-01-11,14:54:57,INFO,WebServer,User u1479 login successful,E101,User {user} login successful
21891,2026-01-11,14:52:33,INFO,WebServer,Transaction tx221800 completed in 832ms,E104,Transaction {tx} completed in {time}ms
21892,2026-01-11,14:55:07,WARN,WebServer,High latency (1198ms) detected on WebServer,E201,High latency ({time}ms) detected on {service}
21893,2026-01-11,14:41:32,INFO,WebServer,User u1822 login successful,E101,User {user} login successful
21894,2026-01-11,14:08:40,INFO,AuthService,Page view: /home by u1423,E103,Page view: {page} by {user}
21895,2026-01-11,14:13:20,INFO,OrderProcessor,Page view: /home by u1260,E103,Page view: {page} by {user}
21896,2026-01-11,14:39:59,WARN,AuthService,Disk usage > 85% on node node-1,E202,Disk usage > 85% on node {node}
21897,2026-01-11,14:26:06,INFO,WebServer,Health check passed: WebServer,E102,Health check passed: {service}
21898,2026-01-11,14:45:26,INFO,WebServer,Health check passed: WebServer,E102,Health check passed: {service}
21899,2026-01-11,14:17:16,INFO,AuthService,Transaction tx204716 completed in 1290ms,E104,Transaction {tx} completed in {time}ms
21900,2026-01-11,14:35:29,WARN,WebServer,Disk usage > 85% on node node-3,E202,Disk usage > 85% on node {node}
21901,2026-01-11,14:50:24,WARN,WebServer,Disk usage > 85% on node node-1,E202,Disk usage > 85% on node {node}
21902,2026-01-11,14:22:18,INFO,InventoryDB,Transaction tx706725 completed in 1560ms,E104,Transaction {tx} completed in {time}ms
21903,2026-01-11,14:56:08,INFO,WebServer,Page view: /home by u3117,E103,Page view: {page} by {user}
21904,2026-01-11,14:44:02,INFO,AuthService,Transaction tx484443 completed in 953ms,E104,Transaction {tx} completed in {time}ms
21905,2026-01-11,14:49:19,INFO,WebServer,User u3487 login successful,E101,User {user} login successful
21906,2026-01-11,14:59:02,INFO,AuthService,Health check passed: AuthService,E102,Health check passed: {service}
21907,2026-01-11,14:09:23,WARN,WebServer,High latency (529ms) detected on WebServer,E201,High latency ({time}ms) detected on {service}
21908,2026-01-11,14:31:51,INFO,PaymentGateway,User u1149 login successful,E101,User {user} login successful
21909,2026-01-11,14:37:40,INFO,WebServer,Page view: /home by u3994,E103,Page view: {page} by {user}
21910,2026-01-11,14:45:11,INFO,WebServer,Page view: /home by u4892,E103,Page view: {page} by {user}
21911,2026-01-11,14:19:50,INFO,OrderProcessor,Health check passed: OrderProcessor,E102,Health check passed: {service}
21912,2026-01-11,14:22:36,INFO,WebServer,Transaction tx348681 completed in 1075ms,E104,Transaction {tx} completed in {time}ms
21913,2026-01-11,14:21:00,INFO,OrderProcessor,Health check passed: OrderProcessor,E102,Health check passed: {service}
21914,2026-01-11,14:00:02,INFO,WebServer,Transaction tx275414 completed in 418ms,E104,Transaction {tx} completed in {time}ms
21915,2026-01-11,14:32:05,INFO,WebServer,Health check passed: WebServer,E102,Health check passed: {service}
21916,2026-01-11,14:48:14,INFO,AuthService,User u2416 login successful,E101,User {user} login successful
21917,2026-01-11,14:27:48,INFO,OrderProcessor,Transaction tx746652 completed in 1571ms,E104,Transaction {tx} completed in {time}ms
21918,2026-01-11,14:48:29,INFO,AuthService,User u3791 login successful,E101,User {user} login successful
21919,2026-01-11,14:35:40,INFO,OrderProcessor,Transaction tx395517 completed in 698ms,E104,Transaction {tx} completed in {time}ms
21920,2026-01-11,14:59:40,INFO,OrderProcessor,Page view: /home by u2154,E103,Page view: {page} by {user}
21921,2026-01-11,14:00:29,INFO,WebServer,Page view: /home by u1574,E103,Page view: {page} by {user}
21922,2026-01-11,14:17:00,INFO,WebServer,Transaction tx604031 completed in 635ms,E104,Transaction {tx} completed in {time}ms
21923,2026-01-11,14:39:28,INFO,PaymentGateway,Transaction tx603763 completed in 512ms,E104,Transaction {tx} completed in {time}ms
21924,2026-01-11,14:19:06,INFO,WebServer,User u2169 login successful,E101,User {user} login successful
21925,2026-01-11,14:45:19,INFO,WebServer,Page view: /home by u2197,E103,Page view: {page} by {user}
21926,2026-01-11,14:32:38,INFO,AuthService,User u2571 login successful,E101,User {user} login successful
21927,2026-01-11,14:45:55,INFO,AuthService,Page view: /home by u2034,E103,Page view: {page} by {user}
21928,2026-01-11,14:01:39,WARN,WebServer,Disk usage > 85% on node node-4,E202,Disk usage > 85% on node {node}
21929,2026-01-11,14:16:36,INFO,WebServer,Transaction tx288311 completed in 1427ms,E104,Transaction {tx} completed in {time}ms
21930,2026-01-11,14:03:21,INFO,WebServer,Page view: /home by u1497,E103,Page view: {page} by {user}
21931,2026-01-11,14:24:32,INFO,WebServer,Transaction tx120383 completed in 1087ms,E104,Transaction {tx} completed in {time}ms
21932,2026-01-11,14:58:09,INFO,WebServer,User u2628 login successful,E101,User {user} login successful
21933,2026-01-11,14:49:34,INFO,AuthService,User u4376 login successful,E101,User {user} login successful
21934,2026-01-11,14:31:19,INFO,WebServer,User u4789 login successful,E101,User {user} login successful
21935,2026-01-11,14:45:10,INFO,InventoryDB,Page view: /home by u4942,E103,Page view: {page} by {user}
21936,2026-01-11,14:28:07,INFO,OrderProcessor,User u3878 login successful,E101,User {user} login successful
21937,2026-01-11,14:30:06,INFO,OrderProcessor,Transaction tx190771 completed in 175ms,E104,Transaction {tx} completed in {time}ms
21938,2026-01-11,14:08:45,INFO,OrderProcessor,Transaction tx175317 completed in 860ms,E104,Transaction {tx} completed in {time}ms
21939,2026-01-11,14:41:27,INFO,AuthService,Page view: /home by u3176,E103,Page view: {page} by {user}
21940,2026-01-11,14:01:27,INFO,WebServer,Health check passed: WebServer,E102,Health check passed: {service}
21941,2026-01-11,14:45:34,INFO,AuthService,Page view: /home by u4007,E103,Page view: {page} by {user}
21942,2026-01-11,14:16:47,INFO,AuthService,Transaction tx782818 completed in 707ms,E104,Transaction {tx} completed in {time}ms
21943,2026-01-11,14:39:34,INFO,WebServer,Health check passed: WebServer,E102,Health check passed: {service}
21944,2026-01-11,14:51:05,INFO,WebServer,User u2826 login successful,E101,User {user} login successful
21945,2026-01-11,14:43:46,INFO,WebServer,User u1973 login successful,E101,User {user} login successful
21946,2026-01-11,14:01:36,INFO,WebServer,Page view: /home by u1941,E103,Page view: {page} by {user}
21947,2026-01-11,14:47:44,INFO,WebServer,Health check passed: WebServer,E102,Health check passed: {service}
21948,2026-01-11,14:42:02,INFO,PaymentGateway,Transaction tx911065 completed in 1035ms,E104,Transaction {tx} completed in {time}ms
21949,2026-01-11,14:54:44,INFO,AuthService,Health check passed: AuthService,E102,Health check passed: {service}
21950,2026-01-11,14:42:59,INFO,WebServer,Page view: /home by u1344,E103,Page view: {page} by {user}
21951,2026-01-11,14:00:39,INFO,InventoryDB,Transaction tx170300 completed in 1597ms,E104,Transaction {tx} completed in {time}ms
21952,2026-01-11,14:55:39,INFO,AuthService,Health check passed: AuthService,E102,Health check passed: {service}
21953,2026-01-11,14:13:37,INFO,AuthService,Transaction tx448932 completed in 359ms,E104,Transaction {tx} completed in {time}ms
21954,2026-01-11,14:57:11,INFO,AuthService,User u4042 login successful,E101,User {user} login successful
21955,2026-01-11,14:02:28,INFO,WebServer,Health check passed: WebServer,E102,Health check passed: {service}
21956,2026-01-11,14:25:59,INFO,OrderProcessor,Transaction tx488126 completed in 735ms,E104,Transaction {tx} completed in {time}ms
21957,2026-01-11,14:10:14,ERROR,WebServer,Payment declined: Gateway unavailable,E503,Payment declined: Gateway unavailable
21958,2026-01-11,14:31:22,INFO,PaymentGateway,Health check passed: PaymentGateway,E102,Health check passed: {service}
21959,2026-01-11,14:35:55,INFO,AuthService,User u4324 login successful,E101,User {user} login successful
21960,2026-01-11,14:53:13,INFO,WebServer,Transaction tx403635 completed in 1658ms,E104,Transaction {tx} completed in {time}ms
21961,2026-01-11,14:13:54,INFO,PaymentGateway,Health check passed: PaymentGateway,E102,Health check passed: {service}
21962,2026-01-11,14:51:56,INFO,PaymentGateway,Health check passed: PaymentGateway,E102,Health check passed: {service}
21963,2026-01-11,14:07:35,CRITICAL,AuthService,DATA CORRUPTION detected in sector 677,E602,DATA CORRUPTION detected in sector {sector}
21964,2026-01-11,14:07:58,INFO,InventoryDB,Page view: /home by u1756,E103,Page view: {page} by {user}
21965,2026-01-11,14:54:17,WARN,AuthService,High latency (81ms) detected on AuthService,E201,High latency ({time}ms) detected on {service}
21966,2026-01-11,14:48:18,INFO,AuthService,Health check passed: AuthService,E102,Health check passed: {service}
21967,2026-01-11,14:05:49,INFO,WebServer,Page view: /home by u4555,E103,Page view: {page} by {user}
21968,2026-01-11,14:26:43,WARN,WebServer,Disk usage > 85% on node node-3,E202,Disk usage > 85% on node {node}
21969,2026-01-11,14:03:39,INFO,WebServer,User u2215 login successful,E101,User {user} login successful
21970,2026-01-11,14:35:51,INFO,PaymentGateway,Page view: /home by u2486,E103,Page view: {page} by {user}
21971,2026-01-11,14:17:08,INFO,WebServer,Health check passed: WebServer,E102,Health check passed: {service}
21972,2026-01-11,14:47:17,WARN,OrderProcessor,High latency (704ms) detected on OrderProcessor,E201,High latency ({time}ms) detected on {service}
21973,2026-01-11,14:32:30,INFO,WebServer,Health check passed: WebServer,E102,Health check passed: {service}
21974,2026-01-11,14:15:06,INFO,WebServer,User u1114 login successful,E101,User {user} login successful
21975,2026-01-11,14:55:58,INFO,PaymentGateway,Transaction tx819686 completed in 567ms,E104,Transaction {tx} completed in {time}ms
21976,2026-01-11,14:19:59,INFO,WebServer,Health check passed: WebServer,E102,Health check passed: {service}
21977,2026-01-11,14:02:10,INFO,WebServer,Page view: /home by u1814,E103,Page view: {page} by {user}
21978,2026-01-11,14:33:29,INFO,WebServer,Page view: /home by u3404,E103,Page view: {page} by {user}
21979,2026-01-11,14:08:18,INFO,InventoryDB,Page view: /home by u4298,E103,Page view: {page} by {user}
21980,2026-01-11,14:12:43,WARN,WebServer,High latency (279ms) detected on WebServer,E201,High latency ({time}ms) detected on {service}
21981,2026-01-11,14:58:04,INFO,InventoryDB,User u1387 login successful,E101,User {user} login successful
21982,2026-01-11,14:32:32,INFO,AuthService,Transaction tx373219 completed in 455ms,E104,Transaction {tx} completed in {time}ms
21983,2026-01-11,14:42:25,INFO,AuthService,Health check passed: AuthService,E102,Health check passed: {service}
21984,2026-01-11,14:18:46,ERROR,PaymentGateway,Connection refused to PaymentGateway at 10.0.0.99,E501,Connection refused to {service} at {ip}
21985,2026-01-11,14:15:35,CRITICAL,WebServer,KERNEL PANIC: Node node-4 crashed,E601,KERNEL PANIC: Node {node} crashed
21986,2026-01-11,14:46:18,INFO,WebServer,Transaction tx259472 completed in 883ms,E104,Transaction {tx} completed in {time}ms
21987,2026-01-11,14:49:22,INFO,AuthService,Transaction tx276268 completed in 585ms,E104,Transaction {tx} completed in {time}ms
21988,2026-01-11,14:10:12,INFO,InventoryDB,Transaction tx439873 completed in 1518ms,E104,Transaction {tx} completed in {time}ms
21989,2026-01-11,14:00:42,INFO,OrderProcessor,Transaction tx796843 completed in 65ms,E104,Transaction {tx} completed in {time}ms
21990,2026-01-11,14:17:38,INFO,AuthService,Transaction tx966063 completed in 1003ms,E104,Transaction {tx} completed in {time}ms
21991,2026-01-11,14:50:57,INFO,AuthService,User u2094 login successful,E101,User {user} login successful
21992,2026-01-11,14:12:09,INFO,WebServer,Transaction tx525799 completed in 1160ms,E104,Transaction {tx} completed in {time}ms
21993,2026-01-11,14:15:20,INFO,WebServer,Health check passed: WebServer,E102,Health check passed: {service}
21994,2026-01-11,14:18:06,INFO,PaymentGateway,Health check passed: PaymentGateway,E102,Health check passed: {service}
21995,2026-01-11,14:09:41,INFO,AuthService,Health check passed: AuthService,E102,Health check passed: {service}
21996,2026-01-11,14:23:48,INFO,WebServer,User u2350 login successful,E101,User {user} login successful
21997,2026-01-11,14:03:54,WARN,AuthService,High latency (1372ms) detected on AuthService,E201,High latency ({time}ms) detected on {service}
21998,2026-01-11,14:36:15,INFO,PaymentGateway,Transaction tx204495 completed in 592ms,E104,Transaction {tx} completed in {time}ms
21999,2026-01-11,14:00:40,INFO,WebServer,Transaction tx749294 completed in 626ms,E104,Transaction {tx} completed in {time}ms
22000,2026-01-11,14:07:41,INFO,WebServer,Page view: /home by u2547,E103,Page view: {page} by {user}
22001,2026-01-11,14:28:47,INFO,AuthService,Health check passed: AuthService,E102,Health check passed: {service}
22002,2026-01-11,14:18:11,INFO,WebServer,Page view: /home by u3277,E103,Page view: {page} by {user}
22003,2026-01-11,14:15:33,INFO,AuthService,Page view: /home by u4734,E103,Page view: {page} by {user}
22004,2026-01-11,14:52:58,INFO,PaymentGateway,Health check passed: PaymentGateway,E102,Health check passed: {service}
22005,2026-01-11,14:53:56,INFO,OrderProcessor,Page view: /home by u4361,E103,Page view: {page} by {user}
22006,2026-01-11,14:29:24,INFO,OrderProcessor,Transaction tx550649 completed in 1126ms,E104,Transaction {tx} completed in {time}ms
22007,2026-01-11,14:40:59,INFO,WebServer,Health check passed: WebServer,E102,Health check passed: {service}
22008,2026-01-11,14:56:37,INFO,PaymentGateway,User u4881 login successful,E101,User {user} login successful
22009,2026-01-11,14:57:25,INFO,WebServer,Health check passed: WebServer,E102,Health check passed: {service}
22010,2026-01-11,14:26:19,INFO,WebServer,Page view: /home by u2602,E103,Page view: {page} by {user}
22011,2026-01-11,14:11:00,INFO,WebServer,Health check passed: WebServer,E102,Health check passed: {service}
22012,2026-01-11,14:17:02,INFO,WebServer,User u4220 login successful,E101,User {user} login successful
22013,2026-01-11,14:37:47,WARN,PaymentGateway,Disk usage > 85% on node node-3,E202,Disk usage > 85% on node {node}
22014,2026-01-11,14:42:19,INFO,WebServer,Page view: /home by u2333,E103,Page view: {page} by {user}
22015,2026-01-11,14:25:45,INFO,OrderProcessor,User u3882 login successful,E101,User {user} login successful
22016,2026-01-11,14:48:55,WARN,WebServer,High latency (1932ms) detected on WebServer,E201,High latency ({time}ms) detected on {service}
22017,2026-01-11,14:34:29,INFO,OrderProcessor,Health check passed: OrderProcessor,E102,Health check passed: {service}
22018,2026-01-11,14:28:59,INFO,PaymentGateway,Transaction tx173211 completed in 800ms,E104,Transaction {tx} completed in {time}ms
22019,2026-01-11,14:25:44,WARN,WebServer,High latency (1051ms) detected on WebServer,E201,High latency ({time}ms) detected on {service}
22020,2026-01-11,14:09:29,INFO,PaymentGateway,Page view: /home by u1557,E103,Page view: {page} by {user}
22021,2026-01-11,14:39:42,INFO,WebServer,Health check passed: WebServer,E102,Health check passed: {service}
22022,2026-01-11,14:55:40,INFO,WebServer,User u3010 login successful,E101,User {user} login successful
22023,2026-01-11,14:07:05,INFO,AuthService,User u1179 login successful,E101,User {user} login successful
22024,2026-01-11,14:25:35,INFO,AuthService,Page view: /home by u4438,E103,Page view: {page} by {user}
22025,2026-01-11,14:09:49,INFO,AuthService,Health check passed: AuthService,E102,Health check passed: {service}
22026,2026-01-11,14:53:35,INFO,AuthService,User u2270 login successful,E101,User {user} login successful
22027,2026-01-11,14:42:42,INFO,OrderProcessor,Transaction tx296732 completed in 212ms,E104,Transaction {tx} completed in {time}ms
22028,2026-01-11,14:45:07,INFO,PaymentGateway,Transaction tx374183 completed in 904ms,E104,Transaction {tx} completed in {time}ms
22029,2026-01-11,14:36:25,WARN,AuthService,Disk usage > 85% on node node-4,E202,Disk usage > 85% on node {node}
22030,2026-01-11,14:37:29,INFO,WebServer,Page view: /home by u1540,E103,Page view: {page} by {user}
22031,2026-01-11,14:47:49,INFO,PaymentGateway,User u4679 login successful,E101,User {user} login successful
22032,2026-01-11,14:58:04,INFO,WebServer,Health check passed: WebServer,E102,Health check passed: {service}
22033,2026-01-11,14:10:27,INFO,AuthService,Transaction tx776710 completed in 157ms,E104,Transaction {tx} completed in {time}ms
22034,2026-01-11,14:31:18,INFO,WebServer,Page view: /home by u4802,E103,Page view: {page} by {user}
22035,2026-01-11,14:13:18,INFO,PaymentGateway,Page view: /home by u4809,E103,Page view: {page} by {user}
22036,2026-01-11,14:48:44,INFO,WebServer,Page view: /home by u4692,E103,Page view: {page} by {user}
22037,2026-01-11,14:43:55,INFO,AuthService,Health check passed: AuthService,E102,Health check passed: {service}
22038,2026-01-11,14:27:00,INFO,OrderProcessor,Health check passed: OrderProcessor,E102,Health check passed: {service}
22039,2026-01-11,14:12:17,INFO,AuthService,User u3936 login successful,E101,User {user} login successful
22040,2026-01-11,14:42:36,INFO,WebServer,Transaction tx739650 completed in 762ms,E104,Transaction {tx} completed in {time}ms
22041,2026-01-11,14:14:58,INFO,AuthService,Transaction tx230193 completed in 654ms,E104,Transaction {tx} completed in {time}ms
22042,2026-01-11,14:41:18,WARN,WebServer,High latency (870ms) detected on WebServer,E201,High latency ({time}ms) detected on {service}
22043,2026-01-11,14:25:47,INFO,OrderProcessor,User u1502 login successful,E101,User {user} login successful
22044,2026-01-11,14:51:58,INFO,InventoryDB,Page view: /home by u4318,E103,Page view: {page} by {user}
22045,2026-01-11,14:32:36,INFO,WebServer,Page view: /home by u4718,E103,Page view: {page} by {user}
22046,2026-01-11,14:48:57,INFO,WebServer,Transaction tx786095 completed in 1602ms,E104,Transaction {tx} completed in {time}ms
22047,2026-01-11,14:33:45,INFO,WebServer,Health check passed: WebServer,E102,Health check passed: {service}
22048,2026-01-11,14:26:15,INFO,PaymentGateway,Page view: /home by u1130,E103,Page view: {page} by {user}
22049,2026-01-11,14:59:17,INFO,WebServer,Transaction tx871501 completed in 904ms,E104,Transaction {tx} completed in {time}ms
22050,2026-01-11,14:49:44,INFO,WebServer,User u1334 login successful,E101,User {user} login successful
22051,2026-01-11,14:12:36,INFO,PaymentGateway,Health check passed: PaymentGateway,E102,Health check passed: {service}
22052,2026-01-11,14:15:32,CRITICAL,OrderProcessor,DATA CORRUPTION detected in sector 291,E602,DATA CORRUPTION detected in sector {sector}
22053,2026-01-11,14:46:16,INFO,AuthService,Page view: /home by u4995,E103,Page view: {page} by {user}
22054,2026-01-11,14:50:43,INFO,WebServer,Transaction tx890723 completed in 1290ms,E104,Transaction {tx} completed in {time}ms
22055,2026-01-11,14:02:33,INFO,AuthService,Page view: /home by u3001,E103,Page view: {page} by {user}
22056,2026-01-11,14:19:54,INFO,InventoryDB,User u4194 login successful,E101,User {user} login successful
22057,2026-01-11,14:12:29,INFO,WebServer,Page view: /home by u1608,E103,Page view: {page} by {user}
22058,2026-01-11,14:25:05,INFO,AuthService,User u2845 login successful,E101,User {user} login successful
22059,2026-01-11,14:41:06,INFO,OrderProcessor,Health check passed: OrderProcessor,E102,Health check passed: {service}
22060,2026-01-11,14:26:24,INFO,WebServer,User u3922 login successful,E101,User {user} login successful
22061,2026-01-11,14:41:56,INFO,OrderProcessor,Page view: /home by u4519,E103,Page view: {page} by {user}
22062,2026-01-11,14:15:03,INFO,PaymentGateway,User u4717 login successful,E101,User {user} login successful
22063,2026-01-11,14:50:38,INFO,OrderProcessor,Transaction tx715184 completed in 826ms,E104,Transaction {tx} completed in {time}ms
22064,2026-01-11,14:36:28,INFO,WebServer,Page view: /home by u1864,E103,Page view: {page} by {user}
22065,2026-01-11,14:34:33,INFO,AuthService,Health check passed: AuthService,E102,Health check passed: {service}
22066,2026-01-11,14:38:44,INFO,WebServer,Health check passed: WebServer,E102,Health check passed: {service}
22067,2026-01-11,14:59:28,INFO,WebServer,Page view: /home by u2787,E103,Page view: {page} by {user}
22068,2026-01-11,14:06:00,WARN,WebServer,Disk usage > 85% on node node-4,E202,Disk usage > 85% on node {node}
22069,2026-01-11,14:36:51,INFO,WebServer,Transaction tx890327 completed in 1985ms,E104,Transaction {tx} completed in {time}ms
22070,2026-01-11,14:40:21,INFO,OrderProcessor,Page view: /home by u3748,E103,Page view: {page} by {user}
22071,2026-01-11,14:47:30,INFO,PaymentGateway,User u2984 login successful,E101,User {user} login successful
22072,2026-01-11,14:44:42,INFO,WebServer,Transaction tx936958 completed in 1945ms,E104,Transaction {tx} completed in {time}ms
22073,2026-01-11,14:17:34,INFO,OrderProcessor,Transaction tx553632 completed in 789ms,E104,Transaction {tx} completed in {time}ms
22074,2026-01-11,14:22:24,INFO,PaymentGateway,Page view: /home by u1698,E103,Page view: {page} by {user}
22075,2026-01-11,14:19:33,WARN,WebServer,Unauthorized access attempt from 10.0.0.45,E401,Unauthorized access attempt from {ip}
22076,2026-01-11,14:19:06,INFO,OrderProcessor,Transaction tx894421 completed in 1823ms,E104,Transaction {tx} completed in {time}ms
22077,2026-01-11,14:13:12,INFO,OrderProcessor,Page view: /home by u1142,E103,Page view: {page} by {user}
22078,2026-01-11,14:19:38,INFO,WebServer,User u3318 login successful,E101,User {user} login successful
22079,2026-01-11,14:20:50,INFO,OrderProcessor,Page view: /home by u3038,E103,Page view: {page} by {user}
22080,2026-01-11,14:21:40,INFO,AuthService,User u2993 login successful,E101,User {user} login successful
22081,2026-01-11,14:35:25,INFO,WebServer,User u3960 login successful,E101,User {user} login successful
22082,2026-01-11,14:38:36,INFO,PaymentGateway,User u1096 login successful,E101,User {user} login successful
22083,2026-01-11,14:38:37,INFO,OrderProcessor,Page view: /home by u2145,E103,Page view: {page} by {user}
22084,2026-01-11,14:14:05,INFO,PaymentGateway,Transaction tx803803 completed in 1658ms,E104,Transaction {tx} completed in {time}ms
22085,2026-01-11,14:42:32,INFO,AuthService,Health check passed: AuthService,E102,Health check passed: {service}
22086,2026-01-11,14:04:31,INFO,OrderProcessor,User u4990 login successful,E101,User {user} login successful
22087,2026-01-11,14:02:25,INFO,WebServer,Transaction tx726072 completed in 444ms,E104,Transaction {tx} completed in {time}ms
22088,2026-01-11,14:49:54,INFO,WebServer,Transaction tx490634 completed in 1362ms,E104,Transaction {tx} completed in {time}ms
22089,2026-01-11,14:59:46,INFO,AuthService,User u2618 login successful,E101,User {user} login successful
22090,2026-01-11,14:00:12,INFO,WebServer,Page view: /home by u4841,E103,Page view: {page} by {user}
22091,2026-01-11,14:19:24,INFO,WebServer,Transaction tx295754 completed in 706ms,E104,Transaction {tx} completed in {time}ms
22092,2026-01-11,14:32:10,INFO,OrderProcessor,Health check passed: OrderProcessor,E102,Health check passed: {service}
22093,2026-01-11,14:50:04,INFO,WebServer,Health check passed: WebServer,E102,Health check passed: {service}
22094,2026-01-11,14:46:05,WARN,WebServer,Unauthorized access attempt from 10.0.0.45,E401,Unauthorized access attempt from {ip}
22095,2026-01-11,14:42:12,INFO,AuthService,Page view: /home by u1685,E103,Page view: {page} by {user}
22096,2026-01-11,14:52:20,INFO,PaymentGateway,User u4037 login successful,E101,User {user} login successful
22097,2026-01-11,14:05:36,INFO,WebServer,User u4571 login successful,E101,User {user} login successful
22098,2026-01-11,14:47:17,INFO,WebServer,User u4497 login successful,E101,User {user} login successful
22099,2026-01-11,14:43:44,INFO,AuthService,User u2998 login successful,E101,User {user} login successful
22100,2026-01-11,14:45:52,INFO,WebServer,User u3565 login successful,E101,User {user} login successful
22101,2026-01-11,14:32:24,INFO,OrderProcessor,Transaction tx642116 completed in 1565ms,E104,Transaction {tx} completed in {time}ms
22102,2026-01-11,14:31:32,INFO,WebServer,User u2294 login successful,E101,User {user} login successful
22103,2026-01-11,14:58:54,INFO,OrderProcessor,User u4455 login successful,E101,User {user} login successful
22104,2026-01-11,14:04:31,CRITICAL,InventoryDB,KERNEL PANIC: Node node-1 crashed,E601,KERNEL PANIC: Node {node} crashed
22105,2026-01-11,14:31:24,INFO,OrderProcessor,Transaction tx521100 completed in 1541ms,E104,Transaction {tx} completed in {time}ms
22106,2026-01-11,14:41:09,INFO,PaymentGateway,Health check passed: PaymentGateway,E102,Health check passed: {service}
22107,2026-01-11,14:55:28,WARN,WebServer,Unauthorized access attempt from 10.0.0.45,E401,Unauthorized access attempt from {ip}
22108,2026-01-11,14:51:31,INFO,WebServer,Page view: /home by u2842,E103,Page view: {page} by {user}
22109,2026-01-11,14:32:04,INFO,PaymentGateway,Page view: /home by u2410,E103,Page view: {page} by {user}
22110,2026-01-11,14:08:09,INFO,OrderProcessor,User u1110 login successful,E101,User {user} login successful
22111,2026-01-11,14:53:36,INFO,WebServer,Transaction tx704195 completed in 1008ms,E104,Transaction {tx} completed in {time}ms
22112,2026-01-11,14:33:34,INFO,WebServer,Page view: /home by u2346,E103,Page view: {page} by {user}
22113,2026-01-11,14:54:24,INFO,WebServer,Transaction tx904194 completed in 1792ms,E104,Transaction {tx} completed in {time}ms
22114,2026-01-11,14:04:44,INFO,AuthService,User u1584 login successful,E101,User {user} login successful
22115,2026-01-11,14:40:09,INFO,WebServer,Page view: /home by u2502,E103,Page view: {page} by {user}
22116,2026-01-11,14:58:39,INFO,WebServer,Transaction tx921688 completed in 1206ms,E104,Transaction {tx} completed in {time}ms
22117,2026-01-11,14:19:02,INFO,WebServer,Page view: /home by u4761,E103,Page view: {page} by {user}
22118,2026-01-11,14:53:00,INFO,WebServer,Transaction tx991662 completed in 724ms,E104,Transaction {tx} completed in {time}ms
22119,2026-01-11,14:48:23,INFO,WebServer,Transaction tx879468 completed in 210ms,E104,Transaction {tx} completed in {time}ms
22120,2026-01-11,14:30:15,INFO,PaymentGateway,Transaction tx136344 completed in 1166ms,E104,Transaction {tx} completed in {time}ms
22121,2026-01-11,14:56:33,WARN,OrderProcessor,Disk usage > 85% on node node-4,E202,Disk usage > 85% on node {node}
22122,2026-01-11,14:06:53,INFO,AuthService,Page view: /home by u4443,E103,Page view: {page} by {user}
22123,2026-01-11,14:55:26,INFO,WebServer,Page view: /home by u2867,E103,Page view: {page} by {user}
22124,2026-01-11,14:57:00,INFO,WebServer,User u1642 login successful,E101,User {user} login successful
22125,2026-01-11,14:38:32,INFO,OrderProcessor,Health check passed: OrderProcessor,E102,Health check passed: {service}
22126,2026-01-11,14:29:42,INFO,WebServer,Page view: /home by u2041,E103,Page view: {page} by {user}
22127,2026-01-11,14:25:55,WARN,WebServer,Unauthorized access attempt from 10.0.0.45,E401,Unauthorized access attempt from {ip}
22128,2026-01-11,14:24:50,INFO,WebServer,User u3580 login successful,E101,User {user} login successful
22129,2026-01-11,14:59:18,INFO,OrderProcessor,Transaction tx519885 completed in 1086ms,E104,Transaction {tx} completed in {time}ms
22130,2026-01-11,14:53:28,INFO,AuthService,User u1387 login successful,E101,User {user} login successful
22131,2026-01-11,14:55:54,INFO,WebServer,User u3585 login successful,E101,User {user} login successful
22132,2026-01-11,14:03:46,INFO,AuthService,Transaction tx330740 completed in 1948ms,E104,Transaction {tx} completed in {time}ms
22133,2026-01-11,14:55:26,WARN,AuthService,Unauthorized access attempt from 10.0.0.45,E401,Unauthorized access attempt from {ip}
22134,2026-01-11,14:10:02,INFO,WebServer,Health check passed: WebServer,E102,Health check passed: {service}
22135,2026-01-11,14:42:55,INFO,WebServer,Health check passed: WebServer,E102,Health check passed: {service}
22136,2026-01-11,14:18:22,INFO,WebServer,Transaction tx969300 completed in 1808ms,E104,Transaction {tx} completed in {time}ms
22137,2026-01-11,14:49:37,INFO,PaymentGateway,Transaction tx727554 completed in 1923ms,E104,Transaction {tx} completed in {time}ms
22138,2026-01-11,14:04:08,INFO,WebServer,Page view: /home by u4742,E103,Page view: {page} by {user}
22139,2026-01-11,14:32:45,ERROR,OrderProcessor,Payment declined: Gateway unavailable,E503,Payment declined: Gateway unavailable
22140,2026-01-11,14:48:14,INFO,WebServer,Health check passed: WebServer,E102,Health check passed: {service}
22141,2026-01-11,14:38:16,INFO,AuthService,Transaction tx449233 completed in 746ms,E104,Transaction {tx} completed in {time}ms
22142,2026-01-11,14:18:27,INFO,WebServer,Page view: /home by u4695,E103,Page view: {page} by {user}
22143,2026-01-11,14:43:56,INFO,OrderProcessor,User u1841 login successful,E101,User {user} login successful
22144,2026-01-11,14:14:07,INFO,WebServer,Transaction tx696281 completed in 1138ms,E104,Transaction {tx} completed in {time}ms
22145,2026-01-11,14:44:24,INFO,WebServer,Health check passed: WebServer,E102,Health check passed: {service}
22146,2026-01-11,14:16:37,INFO,WebServer,Page view: /home by u3797,E103,Page view: {page} by {user}
22147,2026-01-11,14:21:23,CRITICAL,AuthService,KERNEL PANIC: Node node-5 crashed,E601,KERNEL PANIC: Node {node} crashed
22148,2026-01-11,14:24:35,INFO,WebServer,Page view: /home by u1490,E103,Page view: {page} by {user}
22149,2026-01-11,14:26:42,INFO,WebServer,User u1149 login successful,E101,User {user} login successful
22150,2026-01-11,14:59:06,INFO,WebServer,Transaction tx259370 completed in 1459ms,E104,Transaction {tx} completed in {time}ms
22151,2026-01-11,14:19:14,INFO,WebServer,Transaction tx708980 completed in 1640ms,E104,Transaction {tx} completed in {time}ms
22152,2026-01-11,14:11:05,WARN,AuthService,Unauthorized access attempt from 10.0.0.88,E401,Unauthorized access attempt from {ip}
22153,2026-01-11,14:45:11,INFO,WebServer,Health check passed: WebServer,E102,Health check passed: {service}
22154,2026-01-11,14:09:44,INFO,WebServer,User u4964 login successful,E101,User {user} login successful
22155,2026-01-11,14:42:03,INFO,WebServer,Page view: /home by u3632,E103,Page view: {page} by {user}
22156,2026-01-11,14:45:41,ERROR,WebServer,Connection refused to WebServer at 10.0.0.45,E501,Connection refused to {service} at {ip}
22157,2026-01-11,14:27:56,WARN,WebServer,High latency (513ms) detected on WebServer,E201,High latency ({time}ms) detected on {service}
22158,2026-01-11,14:35:06,INFO,WebServer,User u3756 login successful,E101,User {user} login successful
22159,2026-01-11,14:56:15,INFO,PaymentGateway,User u4145 login successful,E101,User {user} login successful
22160,2026-01-11,14:24:21,INFO,PaymentGateway,Transaction tx181609 completed in 251ms,E104,Transaction {tx} completed in {time}ms
22161,2026-01-11,14:25:56,INFO,WebServer,Page view: /home by u2016,E103,Page view: {page} by {user}
22162,2026-01-11,14:30:55,INFO,OrderProcessor,Health check passed: OrderProcessor,E102,Health check passed: {service}
22163,2026-01-11,14:19:22,INFO,OrderProcessor,Page view: /home by u4517,E103,Page view: {page} by {user}
22164,2026-01-11,14:26:23,INFO,OrderProcessor,Page view: /home by u2761,E103,Page view: {page} by {user}
22165,2026-01-11,14:41:37,INFO,PaymentGateway,Health check passed: PaymentGateway,E102,Health check passed: {service}
22166,2026-01-11,14:45:42,INFO,InventoryDB,User u2422 login successful,E101,User {user} login successful
22167,2026-01-11,14:53:33,INFO,WebServer,Transaction tx728618 completed in 815ms,E104,Transaction {tx} completed in {time}ms
22168,2026-01-11,14:31:56,INFO,WebServer,User u2698 login successful,E101,User {user} login successful
22169,2026-01-11,14:00:16,INFO,OrderProcessor,Health check passed: OrderProcessor,E102,Health check passed: {service}
22170,2026-01-11,14:01:56,WARN,WebServer,Unauthorized access attempt from 10.0.0.45,E401,Unauthorized access attempt from {ip}
22171,2026-01-11,14:57:40,INFO,AuthService,User u4755 login successful,E101,User {user} login successful
22172,2026-01-11,14:34:34,INFO,OrderProcessor,Health check passed: OrderProcessor,E102,Health check passed: {service}
22173,2026-01-11,14:18:22,INFO,AuthService,Page view: /home by u3796,E103,Page view: {page} by {user}
22174,2026-01-11,14:34:02,INFO,WebServer,Page view: /home by u3082,E103,Page view: {page} by {user}
22175,2026-01-11,14:13:09,INFO,OrderProcessor,Transaction tx589191 completed in 942ms,E104,Transaction {tx} completed in {time}ms
22176,2026-01-11,14:41:46,INFO,WebServer,Page view: /home by u3542,E103,Page view: {page} by {user}
22177,2026-01-11,14:13:00,INFO,AuthService,User u3309 login successful,E101,User {user} login successful
22178,2026-01-11,14:11:54,INFO,InventoryDB,Transaction tx510877 completed in 992ms,E104,Transaction {tx} completed in {time}ms
22179,2026-01-11,14:07:48,INFO,OrderProcessor,Page view: /home by u1361,E103,Page view: {page} by {user}
22180,2026-01-11,14:09:17,INFO,AuthService,User u3602 login successful,E101,User {user} login successful
22181,2026-01-11,14:59:35,INFO,InventoryDB,Health check passed: InventoryDB,E102,Health check passed: {service}
22182,2026-01-11,14:23:03,INFO,WebServer,Health check passed: WebServer,E102,Health check passed: {service}
22183,2026-01-11,14:43:16,INFO,WebServer,Health check passed: WebServer,E102,Health check passed: {service}
22184,2026-01-11,14:57:03,INFO,OrderProcessor,Health check passed: OrderProcessor,E102,Health check passed: {service}
22185,2026-01-11,14:47:56,INFO,WebServer,Health check passed: WebServer,E102,Health check passed: {service}
22186,2026-01-11,14:14:35,INFO,AuthService,Page view: /home by u4855,E103,Page view: {page} by {user}
22187,2026-01-11,14:26:33,INFO,WebServer,Transaction tx191735 completed in 1935ms,E104,Transaction {tx} completed in {time}ms
22188,2026-01-11,14:52:29,INFO,AuthService,User u1924 login successful,E101,User {user} login successful
22189,2026-01-11,14:20:03,INFO,AuthService,Page view: /home by u4563,E103,Page view: {page} by {user}
22190,2026-01-11,14:19:30,INFO,AuthService,Transaction tx207721 completed in 1112ms,E104,Transaction {tx} completed in {time}ms
22191,2026-01-11,14:43:29,INFO,AuthService,Page view: /home by u1629,E103,Page view: {page} by {user}
22192,2026-01-11,14:33:44,INFO,WebServer,Transaction tx512841 completed in 205ms,E104,Transaction {tx} completed in {time}ms
22193,2026-01-11,14:22:22,INFO,WebServer,Transaction tx745859 completed in 187ms,E104,Transaction {tx} completed in {time}ms
22194,2026-01-11,14:17:26,INFO,OrderProcessor,Transaction tx923749 completed in 921ms,E104,Transaction {tx} completed in {time}ms
22195,2026-01-11,14:23:34,INFO,WebServer,Transaction tx332235 completed in 353ms,E104,Transaction {tx} completed in {time}ms
22196,2026-01-11,14:23:28,INFO,WebServer,Health check passed: WebServer,E102,Health check passed: {service}
22197,2026-01-11,14:03:05,INFO,AuthService,Health check passed: AuthService,E102,Health check passed: {service}
22198,2026-01-11,14:05:19,INFO,AuthService,User u3364 login successful,E101,User {user} login successful
22199,2026-01-11,14:43:40,INFO,InventoryDB,Transaction tx826147 completed in 1182ms,E104,Transaction {tx} completed in {time}ms
22200,2026-01-11,14:35:41,INFO,WebServer,Transaction tx249647 completed in 1173ms,E104,Transaction {tx} completed in {time}ms
22201,2026-01-11,14:28:34,INFO,WebServer,Health check passed: WebServer,E102,Health check passed: {service}
22202,2026-01-11,14:56:20,INFO,WebServer,Transaction tx816921 completed in 1208ms,E104,Transaction {tx} completed in {time}ms
22203,2026-01-11,14:20:06,INFO,AuthService,Transaction tx263942 completed in 1205ms,E104,Transaction {tx} completed in {time}ms
22204,2026-01-11,14:40:51,INFO,AuthService,Transaction tx516435 completed in 404ms,E104,Transaction {tx} completed in {time}ms
22205,2026-01-11,14:40:55,INFO,PaymentGateway,Transaction tx485883 completed in 185ms,E104,Transaction {tx} completed in {time}ms
22206,2026-01-11,14:52:34,INFO,WebServer,Health check passed: WebServer,E102,Health check passed: {service}
22207,2026-01-11,14:59:47,INFO,WebServer,User u4360 login successful,E101,User {user} login successful
22208,2026-01-11,14:26:05,INFO,OrderProcessor,Page view: /home by u1134,E103,Page view: {page} by {user}
22209,2026-01-11,14:35:45,INFO,WebServer,Transaction tx229690 completed in 672ms,E104,Transaction {tx} completed in {time}ms
22210,2026-01-11,14:36:30,INFO,AuthService,Page view: /home by u1295,E103,Page view: {page} by {user}
22211,2026-01-11,14:40:55,INFO,OrderProcessor,User u1862 login successful,E101,User {user} login successful
22212,2026-01-11,14:49:55,INFO,WebServer,Health check passed: WebServer,E102,Health check passed: {service}
22213,2026-01-11,14:00:29,INFO,WebServer,Transaction tx324250 completed in 1450ms,E104,Transaction {tx} completed in {time}ms
22214,2026-01-11,14:33:50,INFO,AuthService,Health check passed: AuthService,E102,Health check passed: {service}
22215,2026-01-11,14:55:30,ERROR,WebServer,Payment declined: Gateway unavailable,E503,Payment declined: Gateway unavailable
22216,2026-01-11,14:16:38,INFO,OrderProcessor,Page view: /home by u1032,E103,Page view: {page} by {user}
22217,2026-01-11,14:29:31,INFO,OrderProcessor,Transaction tx467564 completed in 995ms,E104,Transaction {tx} completed in {time}ms
22218,2026-01-11,14:12:32,WARN,WebServer,Disk usage > 85% on node node-4,E202,Disk usage > 85% on node {node}
22219,2026-01-11,14:41:39,INFO,WebServer,Health check passed: WebServer,E102,Health check passed: {service}
22220,2026-01-11,14:11:08,INFO,WebServer,Page view: /home by u4021,E103,Page view: {page} by {user}
22221,2026-01-11,14:04:14,INFO,WebServer,Health check passed: WebServer,E102,Health check passed: {service}
22222,2026-01-11,14:56:22,INFO,AuthService,Transaction tx553672 completed in 1168ms,E104,Transaction {tx} completed in {time}ms
22223,2026-01-11,14:24:56,INFO,PaymentGateway,Health check passed: PaymentGateway,E102,Health check passed: {service}
22224,2026-01-11,14:24:05,INFO,OrderProcessor,User u1310 login successful,E101,User {user} login successful
22225,2026-01-11,14:23:52,INFO,WebServer,Page view: /home by u4739,E103,Page view: {page} by {user}
22226,2026-01-11,14:27:08,INFO,WebServer,User u1465 login successful,E101,User {user} login successful
22227,2026-01-11,14:27:10,INFO,AuthService,Page view: /home by u4062,E103,Page view: {page} by {user}
22228,2026-01-11,14:12:23,INFO,PaymentGateway,Page view: /home by u4998,E103,Page view: {page} by {user}
22229,2026-01-11,14:45:54,INFO,OrderProcessor,Transaction tx795022 completed in 689ms,E104,Transaction {tx} completed in {time}ms
22230,2026-01-11,14:04:25,INFO,WebServer,Health check passed: WebServer,E102,Health check passed: {service}
22231,2026-01-11,14:36:05,INFO,WebServer,User u1745 login successful,E101,User {user} login successful
22232,2026-01-11,14:23:43,INFO,OrderProcessor,User u3151 login successful,E101,User {user} login successful
22233,2026-01-11,14:02:02,WARN,OrderProcessor,Disk usage > 85% on node node-2,E202,Disk usage > 85% on node {node}
22234,2026-01-11,14:24:17,INFO,WebServer,User u1283 login successful,E101,User {user} login successful
22235,2026-01-11,14:32:15,INFO,WebServer,Page view: /home by u3391,E103,Page view: {page} by {user}
22236,2026-01-11,14:33:24,INFO,InventoryDB,Transaction tx981903 completed in 798ms,E104,Transaction {tx} completed in {time}ms
22237,2026-01-11,14:49:18,INFO,AuthService,Transaction tx421790 completed in 1522ms,E104,Transaction {tx} completed in {time}ms
22238,2026-01-11,14:14:32,WARN,WebServer,Unauthorized access attempt from 10.0.0.45,E401,Unauthorized access attempt from {ip}
22239,2026-01-11,14:05:03,INFO,AuthService,Page view: /home by u2455,E103,Page view: {page} by {user}
22240,2026-01-11,14:29:21,INFO,WebServer,Transaction tx429485 completed in 641ms,E104,Transaction {tx} completed in {time}ms
22241,2026-01-11,14:38:38,INFO,PaymentGateway,Transaction tx697636 completed in 448ms,E104,Transaction {tx} completed in {time}ms
22242,2026-01-11,14:47:07,INFO,WebServer,Health check passed: WebServer,E102,Health check passed: {service}
22243,2026-01-11,14:09:17,INFO,OrderProcessor,Page view: /home by u3303,E103,Page view: {page} by {user}
22244,2026-01-11,14:11:33,INFO,WebServer,Page view: /home by u3276,E103,Page view: {page} by {user}
22245,2026-01-11,14:24:53,INFO,WebServer,Page view: /home by u3622,E103,Page view: {page} by {user}
22246,2026-01-11,14:05:36,INFO,OrderProcessor,Transaction tx653819 completed in 673ms,E104,Transaction {tx} completed in {time}ms
22247,2026-01-11,14:03:35,INFO,OrderProcessor,Transaction tx701732 completed in 897ms,E104,Transaction {tx} completed in {time}ms
22248,2026-01-11,15:36:16,INFO,InventoryDB,Health check passed: InventoryDB,E102,Health check passed: {service}
22249,2026-01-11,15:05:14,INFO,WebServer,Health check passed: WebServer,E102,Health check passed: {service}
22250,2026-01-11,15:16:12,INFO,WebServer,Transaction tx783384 completed in 391ms,E104,Transaction {tx} completed in {time}ms
22251,2026-01-11,15:52:17,INFO,WebServer,Health check passed: WebServer,E102,Health check passed: {service}
22252,2026-01-11,15:24:32,INFO,AuthService,User u1245 login successful,E101,User {user} login successful
22253,2026-01-11,15:31:57,INFO,WebServer,Transaction tx406017 completed in 869ms,E104,Transaction {tx} completed in {time}ms
22254,2026-01-11,15:03:44,WARN,WebServer,Disk usage > 85% on node node-4,E202,Disk usage > 85% on node {node}
22255,2026-01-11,15:30:07,INFO,WebServer,Transaction tx770237 completed in 1984ms,E104,Transaction {tx} completed in {time}ms
22256,2026-01-11,15:10:07,INFO,WebServer,User u3025 login successful,E101,User {user} login successful
22257,2026-01-11,15:51:42,INFO,OrderProcessor,Transaction tx897508 completed in 486ms,E104,Transaction {tx} completed in {time}ms
22258,2026-01-11,15:00:08,INFO,WebServer,Transaction tx512766 completed in 887ms,E104,Transaction {tx} completed in {time}ms
22259,2026-01-11,15:19:31,INFO,AuthService,Page view: /home by u2465,E103,Page view: {page} by {user}
22260,2026-01-11,15:00:11,INFO,AuthService,User u1446 login successful,E101,User {user} login successful
22261,2026-01-11,15:30:55,INFO,OrderProcessor,Health check passed: OrderProcessor,E102,Health check passed: {service}
22262,2026-01-11,15:03:21,INFO,WebServer,Transaction tx495601 completed in 581ms,E104,Transaction {tx} completed in {time}ms
22263,2026-01-11,15:59:36,ERROR,WebServer,Connection refused to WebServer at 10.0.0.45,E501,Connection refused to {service} at {ip}
22264,2026-01-11,15:56:43,INFO,AuthService,Page view: /home by u4298,E103,Page view: {page} by {user}
22265,2026-01-11,15:57:16,INFO,AuthService,Health check passed: AuthService,E102,Health check passed: {service}
22266,2026-01-11,15:37:21,INFO,WebServer,User u4974 login successful,E101,User {user} login successful
22267,2026-01-11,15:44:46,INFO,WebServer,User u2564 login successful,E101,User {user} login successful
22268,2026-01-11,15:32:16,INFO,AuthService,User u3831 login successful,E101,User {user} login successful
22269,2026-01-11,15:48:14,INFO,PaymentGateway,User u2450 login successful,E101,User {user} login successful
22270,2026-01-11,15:36:48,INFO,AuthService,Health check passed: AuthService,E102,Health check passed: {service}
22271,2026-01-11,15:51:55,INFO,InventoryDB,Page view: /home by u3624,E103,Page view: {page} by {user}
22272,2026-01-11,15:09:34,INFO,WebServer,User u4706 login successful,E101,User {user} login successful
22273,2026-01-11,15:23:28,INFO,OrderProcessor,Page view: /home by u2803,E103,Page view: {page} by {user}
22274,2026-01-11,15:38:07,INFO,WebServer,Page view: /home by u3967,E103,Page view: {page} by {user}
22275,2026-01-11,15:28:23,INFO,WebServer,Transaction tx833932 completed in 1113ms,E104,Transaction {tx} completed in {time}ms
22276,2026-01-11,15:23:46,INFO,WebServer,Health check passed: WebServer,E102,Health check passed: {service}
22277,2026-01-11,15:36:59,INFO,AuthService,Page view: /home by u2561,E103,Page view: {page} by {user}
22278,2026-01-11,15:41:46,INFO,PaymentGateway,Transaction tx645717 completed in 1566ms,E104,Transaction {tx} completed in {time}ms
22279,2026-01-11,15:00:08,INFO,WebServer,Page view: /home by u2138,E103,Page view: {page} by {user}
22280,2026-01-11,15:13:20,WARN,OrderProcessor,Unauthorized access attempt from 10.0.0.45,E401,Unauthorized access attempt from {ip}
22281,2026-01-11,15:26:32,INFO,WebServer,Transaction tx705530 completed in 1846ms,E104,Transaction {tx} completed in {time}ms
22282,2026-01-11,15:12:35,INFO,PaymentGateway,Transaction tx433046 completed in 1485ms,E104,Transaction {tx} completed in {time}ms
22283,2026-01-11,15:39:27,INFO,AuthService,Transaction tx260708 completed in 1717ms,E104,Transaction {tx} completed in {time}ms
22284,2026-01-11,15:34:33,INFO,WebServer,User u2381 login successful,E101,User {user} login successful
22285,2026-01-11,15:10:25,INFO,AuthService,Transaction tx147164 completed in 474ms,E104,Transaction {tx} completed in {time}ms
22286,2026-01-11,15:47:33,INFO,OrderProcessor,Page view: /home by u2334,E103,Page view: {page} by {user}
22287,2026-01-11,15:26:37,INFO,WebServer,Page view: /home by u1699,E103,Page view: {page} by {user}
22288,2026-01-11,15:26:58,INFO,AuthService,Transaction tx297603 completed in 63ms,E104,Transaction {tx} completed in {time}ms
22289,2026-01-11,15:43:28,INFO,OrderProcessor,Health check passed: OrderProcessor,E102,Health check passed: {service}
22290,2026-01-11,15:32:55,INFO,WebServer,User u1757 login successful,E101,User {user} login successful
22291,2026-01-11,15:39:18,INFO,AuthService,Health check passed: AuthService,E102,Health check passed: {service}
22292,2026-01-11,15:21:23,INFO,WebServer,Page view: /home by u3534,E103,Page view: {page} by {user}
22293,2026-01-11,15:44:29,INFO,OrderProcessor,Health check passed: OrderProcessor,E102,Health check passed: {service}
22294,2026-01-11,15:23:49,INFO,OrderProcessor,Health check passed: OrderProcessor,E102,Health check passed: {service}
22295,2026-01-11,15:59:45,INFO,AuthService,Health check passed: AuthService,E102,Health check passed: {service}
22296,2026-01-11,15:31:21,INFO,WebServer,Page view: /home by u3795,E103,Page view: {page} by {user}
22297,2026-01-11,15:58:19,INFO,WebServer,Page view: /home by u3661,E103,Page view: {page} by {user}
22298,2026-01-11,15:07:07,INFO,WebServer,Transaction tx653196 completed in 537ms,E104,Transaction {tx} completed in {time}ms
22299,2026-01-11,15:18:54,INFO,OrderProcessor,User u3876 login successful,E101,User {user} login successful
22300,2026-01-11,15:30:53,INFO,WebServer,User u4648 login successful,E101,User {user} login successful
22301,2026-01-11,15:31:06,INFO,WebServer,Transaction tx494046 completed in 922ms,E104,Transaction {tx} completed in {time}ms
22302,2026-01-11,15:53:16,INFO,WebServer,User u3702 login successful,E101,User {user} login successful
22303,2026-01-11,15:20:19,INFO,PaymentGateway,Transaction tx935678 completed in 1119ms,E104,Transaction {tx} completed in {time}ms
22304,2026-01-11,15:54:57,INFO,WebServer,Transaction tx723238 completed in 962ms,E104,Transaction {tx} completed in {time}ms
22305,2026-01-11,15:34:02,INFO,WebServer,Transaction tx681961 completed in 1650ms,E104,Transaction {tx} completed in {time}ms
22306,2026-01-11,15:33:49,INFO,AuthService,Page view: /home by u4178,E103,Page view: {page} by {user}
22307,2026-01-11,15:15:34,INFO,WebServer,Page view: /home by u2936,E103,Page view: {page} by {user}
22308,2026-01-11,15:32:59,INFO,WebServer,Health check passed: WebServer,E102,Health check passed: {service}
22309,2026-01-11,15:18:45,INFO,WebServer,User u4285 login successful,E101,User {user} login successful
22310,2026-01-11,15:10:25,INFO,OrderProcessor,Health check passed: OrderProcessor,E102,Health check passed: {service}
22311,2026-01-11,15:52:02,INFO,WebServer,Page view: /home by u1404,E103,Page view: {page} by {user}
22312,2026-01-11,15:55:24,INFO,WebServer,Transaction tx584737 completed in 1202ms,E104,Transaction {tx} completed in {time}ms
22313,2026-01-11,15:04:51,INFO,OrderProcessor,Health check passed: OrderProcessor,E102,Health check passed: {service}
22314,2026-01-11,15:02:53,INFO,PaymentGateway,Transaction tx680406 completed in 107ms,E104,Transaction {tx} completed in {time}ms
22315,2026-01-11,15:29:11,INFO,WebServer,Transaction tx460654 completed in 327ms,E104,Transaction {tx} completed in {time}ms
22316,2026-01-11,15:18:53,INFO,WebServer,Page view: /home by u1661,E103,Page view: {page} by {user}
22317,2026-01-11,15:38:50,INFO,AuthService,User u1289 login successful,E101,User {user} login successful
22318,2026-01-11,15:49:42,INFO,AuthService,Page view: /home by u3408,E103,Page view: {page} by {user}
22319,2026-01-11,15:50:51,INFO,WebServer,Page view: /home by u3978,E103,Page view: {page} by {user}
22320,2026-01-11,15:28:18,INFO,InventoryDB,Transaction tx368222 completed in 945ms,E104,Transaction {tx} completed in {time}ms
22321,2026-01-11,15:34:41,INFO,PaymentGateway,Page view: /home by u3861,E103,Page view: {page} by {user}
22322,2026-01-11,15:53:56,INFO,WebServer,User u2824 login successful,E101,User {user} login successful
22323,2026-01-11,15:58:22,INFO,AuthService,Health check passed: AuthService,E102,Health check passed: {service}
22324,2026-01-11,15:23:37,INFO,AuthService,Health check passed: AuthService,E102,Health check passed: {service}
22325,2026-01-11,15:35:49,INFO,AuthService,Page view: /home by u3746,E103,Page view: {page} by {user}
22326,2026-01-11,15:30:58,INFO,WebServer,User u1479 login successful,E101,User {user} login successful
22327,2026-01-11,15:54:15,INFO,WebServer,Transaction tx588694 completed in 1025ms,E104,Transaction {tx} completed in {time}ms
22328,2026-01-11,15:25:06,INFO,WebServer,User u3610 login successful,E101,User {user} login successful
22329,2026-01-11,15:04:12,CRITICAL,WebServer,DATA CORRUPTION detected in sector 355,E602,DATA CORRUPTION detected in sector {sector}
22330,2026-01-11,15:15:47,INFO,PaymentGateway,User u4545 login successful,E101,User {user} login successful
22331,2026-01-11,15:21:21,INFO,WebServer,Page view: /home by u3366,E103,Page view: {page} by {user}
22332,2026-01-11,15:35:56,WARN,WebServer,High latency (939ms) detected on WebServer,E201,High latency ({time}ms) detected on {service}
22333,2026-01-11,15:34:37,INFO,WebServer,Health check passed: WebServer,E102,Health check passed: {service}
22334,2026-01-11,15:46:53,INFO,AuthService,Page view: /home by u4327,E103,Page view: {page} by {user}
22335,2026-01-11,15:45:41,INFO,AuthService,Transaction tx994288 completed in 316ms,E104,Transaction {tx} completed in {time}ms
22336,2026-01-11,15:08:47,INFO,WebServer,Transaction tx848144 completed in 1440ms,E104,Transaction {tx} completed in {time}ms
22337,2026-01-11,15:59:49,INFO,WebServer,Transaction tx935241 completed in 731ms,E104,Transaction {tx} completed in {time}ms
22338,2026-01-11,15:31:40,INFO,WebServer,Health check passed: WebServer,E102,Health check passed: {service}
22339,2026-01-11,15:07:41,INFO,PaymentGateway,Transaction tx844211 completed in 1556ms,E104,Transaction {tx} completed in {time}ms
22340,2026-01-11,15:32:07,INFO,AuthService,Page view: /home by u1425,E103,Page view: {page} by {user}
22341,2026-01-11,15:54:15,INFO,AuthService,Page view: /home by u4979,E103,Page view: {page} by {user}
22342,2026-01-11,15:42:55,INFO,PaymentGateway,Page view: /home by u1436,E103,Page view: {page} by {user}
22343,2026-01-11,15:08:08,INFO,AuthService,Transaction tx877282 completed in 443ms,E104,Transaction {tx} completed in {time}ms
22344,2026-01-11,15:23:35,INFO,WebServer,Transaction tx513328 completed in 658ms,E104,Transaction {tx} completed in {time}ms
22345,2026-01-11,15:13:14,INFO,OrderProcessor,User u1773 login successful,E101,User {user} login successful
22346,2026-01-11,15:09:13,INFO,OrderProcessor,Transaction tx714481 completed in 230ms,E104,Transaction {tx} completed in {time}ms
22347,2026-01-11,15:18:35,INFO,AuthService,User u3908 login successful,E101,User {user} login successful
22348,2026-01-11,15:52:07,INFO,OrderProcessor,User u2506 login successful,E101,User {user} login successful
22349,2026-01-11,15:11:37,WARN,PaymentGateway,Disk usage > 85% on node node-5,E202,Disk usage > 85% on node {node}
22350,2026-01-11,15:26:25,INFO,OrderProcessor,Page view: /home by u4336,E103,Page view: {page} by {user}
22351,2026-01-11,15:24:30,INFO,WebServer,Transaction tx732332 completed in 248ms,E104,Transaction {tx} completed in {time}ms
22352,2026-01-11,15:40:44,INFO,WebServer,Transaction tx636462 completed in 22ms,E104,Transaction {tx} completed in {time}ms
22353,2026-01-11,15:08:37,INFO,WebServer,Transaction tx246312 completed in 1366ms,E104,Transaction {tx} completed in {time}ms
22354,2026-01-11,15:42:44,INFO,WebServer,Health check passed: WebServer,E102,Health check passed: {service}
22355,2026-01-11,15:10:45,INFO,AuthService,Transaction tx428967 completed in 1843ms,E104,Transaction {tx} completed in {time}ms
22356,2026-01-11,15:16:16,INFO,AuthService,User u3287 login successful,E101,User {user} login successful
22357,2026-01-11,15:26:23,INFO,WebServer,User u1804 login successful,E101,User {user} login successful
22358,2026-01-11,15:32:06,INFO,WebServer,Health check passed: WebServer,E102,Health check passed: {service}
22359,2026-01-11,15:51:12,INFO,WebServer,User u3944 login successful,E101,User {user} login successful
22360,2026-01-11,15:55:17,INFO,WebServer,Page view: /home by u1246,E103,Page view: {page} by {user}
22361,2026-01-11,15:40:15,INFO,WebServer,User u3575 login successful,E101,User {user} login successful
22362,2026-01-11,15:28:29,INFO,PaymentGateway,Health check passed: PaymentGateway,E102,Health check passed: {service}
22363,2026-01-11,15:40:02,INFO,OrderProcessor,Health check passed: OrderProcessor,E102,Health check passed: {service}
22364,2026-01-11,15:41:58,INFO,AuthService,Transaction tx597824 completed in 1060ms,E104,Transaction {tx} completed in {time}ms
22365,2026-01-11,15:00:31,INFO,AuthService,Transaction tx740710 completed in 1413ms,E104,Transaction {tx} completed in {time}ms
22366,2026-01-11,15:35:55,INFO,WebServer,Health check passed: WebServer,E102,Health check passed: {service}
22367,2026-01-11,15:40:01,ERROR,PaymentGateway,Payment declined: Gateway unavailable,E503,Payment declined: Gateway unavailable
22368,2026-01-11,15:20:45,INFO,OrderProcessor,User u4989 login successful,E101,User {user} login successful
22369,2026-01-11,15:18:42,INFO,OrderProcessor,Health check passed: OrderProcessor,E102,Health check passed: {service}
22370,2026-01-11,15:10:03,INFO,WebServer,User u1079 login successful,E101,User {user} login successful
22371,2026-01-11,15:08:51,INFO,WebServer,Health check passed: WebServer,E102,Health check passed: {service}
22372,2026-01-11,15:07:37,INFO,WebServer,User u1257 login successful,E101,User {user} login successful
22373,2026-01-11,15:24:44,INFO,WebServer,User u1529 login successful,E101,User {user} login successful
22374,2026-01-11,15:42:13,INFO,AuthService,User u3073 login successful,E101,User {user} login successful
22375,2026-01-11,15:21:39,INFO,WebServer,Transaction tx188544 completed in 866ms,E104,Transaction {tx} completed in {time}ms
22376,2026-01-11,15:38:35,INFO,WebServer,Transaction tx533001 completed in 354ms,E104,Transaction {tx} completed in {time}ms
22377,2026-01-11,15:00:44,INFO,WebServer,User u3463 login successful,E101,User {user} login successful
22378,2026-01-11,15:34:19,INFO,OrderProcessor,Page view: /home by u1766,E103,Page view: {page} by {user}
22379,2026-01-11,15:55:40,INFO,OrderProcessor,Transaction tx819976 completed in 781ms,E104,Transaction {tx} completed in {time}ms
22380,2026-01-11,15:45:21,INFO,PaymentGateway,Page view: /home by u2226,E103,Page view: {page} by {user}
22381,2026-01-11,15:28:18,INFO,OrderProcessor,Page view: /home by u3166,E103,Page view: {page} by {user}
22382,2026-01-11,15:25:18,INFO,WebServer,Transaction tx858212 completed in 1640ms,E104,Transaction {tx} completed in {time}ms
22383,2026-01-11,15:48:45,INFO,PaymentGateway,User u3723 login successful,E101,User {user} login successful
22384,2026-01-11,15:37:42,INFO,WebServer,Health check passed: WebServer,E102,Health check passed: {service}
22385,2026-01-11,15:13:48,INFO,AuthService,Health check passed: AuthService,E102,Health check passed: {service}
22386,2026-01-11,15:15:41,INFO,AuthService,Health check passed: AuthService,E102,Health check passed: {service}
22387,2026-01-11,15:21:11,INFO,WebServer,Health check passed: WebServer,E102,Health check passed: {service}
22388,2026-01-11,15:22:32,WARN,WebServer,Disk usage > 85% on node node-3,E202,Disk usage > 85% on node {node}
22389,2026-01-11,15:42:48,INFO,WebServer,Page view: /home by u4952,E103,Page view: {page} by {user}
22390,2026-01-11,15:07:48,INFO,WebServer,Health check passed: WebServer,E102,Health check passed: {service}
22391,2026-01-11,15:30:06,INFO,WebServer,Transaction tx858354 completed in 1178ms,E104,Transaction {tx} completed in {time}ms
22392,2026-01-11,15:50:25,INFO,WebServer,Page view: /home by u1097,E103,Page view: {page} by {user}
22393,2026-01-11,15:24:01,INFO,WebServer,Transaction tx555291 completed in 871ms,E104,Transaction {tx} completed in {time}ms
22394,2026-01-11,15:13:07,INFO,WebServer,Page view: /home by u2836,E103,Page view: {page} by {user}
22395,2026-01-11,15:57:05,INFO,WebServer,Transaction tx541367 completed in 1474ms,E104,Transaction {tx} completed in {time}ms
22396,2026-01-11,15:13:08,INFO,AuthService,User u3562 login successful,E101,User {user} login successful
22397,2026-01-11,15:43:10,INFO,OrderProcessor,Page view: /home by u4481,E103,Page view: {page} by {user}
22398,2026-01-11,15:41:47,INFO,AuthService,Transaction tx381407 completed in 922ms,E104,Transaction {tx} completed in {time}ms
22399,2026-01-11,15:05:52,INFO,PaymentGateway,Page view: /home by u1215,E103,Page view: {page} by {user}
22400,2026-01-11,15:13:15,INFO,WebServer,User u3511 login successful,E101,User {user} login successful
22401,2026-01-11,15:54:41,WARN,InventoryDB,Disk usage > 85% on node node-5,E202,Disk usage > 85% on node {node}
22402,2026-01-11,15:12:42,WARN,WebServer,High latency (610ms) detected on WebServer,E201,High latency ({time}ms) detected on {service}
22403,2026-01-11,15:08:46,INFO,OrderProcessor,Page view: /home by u2662,E103,Page view: {page} by {user}
22404,2026-01-11,15:54:26,INFO,AuthService,User u2553 login successful,E101,User {user} login successful
22405,2026-01-11,15:19:47,WARN,PaymentGateway,Unauthorized access attempt from 10.0.0.99,E401,Unauthorized access attempt from {ip}
22406,2026-01-11,15:38:22,INFO,PaymentGateway,Transaction tx902174 completed in 445ms,E104,Transaction {tx} completed in {time}ms
22407,2026-01-11,15:21:45,INFO,WebServer,User u3713 login successful,E101,User {user} login successful
22408,2026-01-11,15:45:40,WARN,WebServer,Unauthorized access attempt from 10.0.0.45,E401,Unauthorized access attempt from {ip}
22409,2026-01-11,15:53:02,INFO,AuthService,Health check passed: AuthService,E102,Health check passed: {service}
22410,2026-01-11,15:26:15,CRITICAL,InventoryDB,KERNEL PANIC: Node node-4 crashed,E601,KERNEL PANIC: Node {node} crashed
22411,2026-01-11,15:02:01,INFO,OrderProcessor,Health check passed: OrderProcessor,E102,Health check passed: {service}
22412,2026-01-11,15:15:08,INFO,OrderProcessor,User u3252 login successful,E101,User {user} login successful
22413,2026-01-11,15:07:49,INFO,WebServer,User u4552 login successful,E101,User {user} login successful
22414,2026-01-11,15:56:30,INFO,AuthService,Health check passed: AuthService,E102,Health check passed: {service}
22415,2026-01-11,15:45:36,INFO,AuthService,Page view: /home by u1791,E103,Page view: {page} by {user}
22416,2026-01-11,15:14:55,INFO,AuthService,Transaction tx789921 completed in 554ms,E104,Transaction {tx} completed in {time}ms
22417,2026-01-11,15:38:36,INFO,WebServer,Transaction tx814385 completed in 1046ms,E104,Transaction {tx} completed in {time}ms
22418,2026-01-11,15:34:47,INFO,WebServer,Page view: /home by u4345,E103,Page view: {page} by {user}
22419,2026-01-11,15:59:56,WARN,PaymentGateway,Unauthorized access attempt from 10.0.0.12,E401,Unauthorized access attempt from {ip}
22420,2026-01-11,15:00:30,INFO,WebServer,User u1611 login successful,E101,User {user} login successful
22421,2026-01-11,15:18:49,INFO,AuthService,Health check passed: AuthService,E102,Health check passed: {service}
22422,2026-01-11,15:36:57,INFO,WebServer,Transaction tx103719 completed in 1252ms,E104,Transaction {tx} completed in {time}ms
22423,2026-01-11,15:41:34,INFO,OrderProcessor,Transaction tx848438 completed in 464ms,E104,Transaction {tx} completed in {time}ms
22424,2026-01-11,15:12:12,INFO,OrderProcessor,Health check passed: OrderProcessor,E102,Health check passed: {service}
22425,2026-01-11,15:27:18,INFO,InventoryDB,Health check passed: InventoryDB,E102,Health check passed: {service}
22426,2026-01-11,15:12:38,INFO,WebServer,Page view: /home by u2722,E103,Page view: {page} by {user}
22427,2026-01-11,15:53:49,INFO,WebServer,Page view: /home by u2654,E103,Page view: {page} by {user}
22428,2026-01-11,15:33:02,INFO,PaymentGateway,Page view: /home by u1086,E103,Page view: {page} by {user}
22429,2026-01-11,15:55:40,INFO,AuthService,Page view: /home by u1504,E103,Page view: {page} by {user}
22430,2026-01-11,15:58:34,INFO,WebServer,Transaction tx256055 completed in 1139ms,E104,Transaction {tx} completed in {time}ms
22431,2026-01-11,15:31:12,INFO,WebServer,Transaction tx515805 completed in 1918ms,E104,Transaction {tx} completed in {time}ms
22432,2026-01-11,15:10:56,WARN,WebServer,Disk usage > 85% on node node-3,E202,Disk usage > 85% on node {node}
22433,2026-01-11,15:46:38,INFO,WebServer,Health check passed: WebServer,E102,Health check passed: {service}
22434,2026-01-11,15:54:27,INFO,WebServer,Page view: /home by u1393,E103,Page view: {page} by {user}
22435,2026-01-11,15:22:35,INFO,WebServer,Page view: /home by u3338,E103,Page view: {page} by {user}
22436,2026-01-11,15:50:51,INFO,WebServer,Health check passed: WebServer,E102,Health check passed: {service}
22437,2026-01-11,15:50:08,INFO,PaymentGateway,Transaction tx700321 completed in 1447ms,E104,Transaction {tx} completed in {time}ms
22438,2026-01-11,15:49:10,INFO,WebServer,Health check passed: WebServer,E102,Health check passed: {service}
22439,2026-01-11,15:26:47,INFO,WebServer,Transaction tx857552 completed in 1892ms,E104,Transaction {tx} completed in {time}ms
22440,2026-01-11,15:02:41,WARN,AuthService,High latency (1289ms) detected on AuthService,E201,High latency ({time}ms) detected on {service}
22441,2026-01-11,15:17:44,INFO,PaymentGateway,Health check passed: PaymentGateway,E102,Health check passed: {service}
22442,2026-01-11,15:41:47,INFO,WebServer,Page view: /home by u2461,E103,Page view: {page} by {user}
22443,2026-01-11,15:00:17,INFO,OrderProcessor,Health check passed: OrderProcessor,E102,Health check passed: {service}
22444,2026-01-11,15:44:47,INFO,InventoryDB,Health check passed: InventoryDB,E102,Health check passed: {service}
22445,2026-01-11,15:04:17,INFO,OrderProcessor,Page view: /home by u1488,E103,Page view: {page} by {user}
22446,2026-01-11,15:55:54,INFO,WebServer,User u4726 login successful,E101,User {user} login successful
22447,2026-01-11,15:39:18,INFO,WebServer,Health check passed: WebServer,E102,Health check passed: {service}
22448,2026-01-11,15:06:07,INFO,PaymentGateway,Transaction tx820803 completed in 1297ms,E104,Transaction {tx} completed in {time}ms
22449,2026-01-11,15:23:23,INFO,OrderProcessor,Transaction tx364308 completed in 558ms,E104,Transaction {tx} completed in {time}ms
22450,2026-01-11,15:32:17,INFO,WebServer,Page view: /home by u1945,E103,Page view: {page} by {user}
22451,2026-01-11,15:25:36,INFO,OrderProcessor,Transaction tx139897 completed in 1327ms,E104,Transaction {tx} completed in {time}ms
22452,2026-01-11,15:29:44,INFO,WebServer,Health check passed: WebServer,E102,Health check passed: {service}
22453,2026-01-11,15:33:33,INFO,AuthService,Page view: /home by u1487,E103,Page view: {page} by {user}
22454,2026-01-11,15:39:06,INFO,AuthService,Health check passed: AuthService,E102,Health check passed: {service}
22455,2026-01-11,15:25:30,INFO,WebServer,Health check passed: WebServer,E102,Health check passed: {service}
22456,2026-01-11,15:31:14,INFO,AuthService,Page view: /home by u2105,E103,Page view: {page} by {user}
22457,2026-01-11,15:22:42,INFO,AuthService,Health check passed: AuthService,E102,Health check passed: {service}
22458,2026-01-11,15:12:51,INFO,InventoryDB,Health check passed: InventoryDB,E102,Health check passed: {service}
22459,2026-01-11,15:36:07,INFO,AuthService,Transaction tx935594 completed in 54ms,E104,Transaction {tx} completed in {time}ms
22460,2026-01-11,15:49:33,INFO,AuthService,Transaction tx457509 completed in 1531ms,E104,Transaction {tx} completed in {time}ms
22461,2026-01-11,15:27:04,INFO,AuthService,Page view: /home by u4071,E103,Page view: {page} by {user}
22462,2026-01-11,15:09:39,WARN,WebServer,Unauthorized access attempt from 192.168.1.5,E401,Unauthorized access attempt from {ip}
22463,2026-01-11,15:24:49,WARN,AuthService,Unauthorized access attempt from 10.0.0.99,E401,Unauthorized access attempt from {ip}
22464,2026-01-11,15:21:26,INFO,OrderProcessor,Page view: /home by u1471,E103,Page view: {page} by {user}
22465,2026-01-11,15:47:07,INFO,AuthService,Health check passed: AuthService,E102,Health check passed: {service}
22466,2026-01-11,15:02:19,WARN,AuthService,High latency (1083ms) detected on AuthService,E201,High latency ({time}ms) detected on {service}
22467,2026-01-11,15:26:49,INFO,WebServer,Health check passed: WebServer,E102,Health check passed: {service}
22468,2026-01-11,15:14:34,INFO,WebServer,Health check passed: WebServer,E102,Health check passed: {service}
22469,2026-01-11,15:46:45,INFO,OrderProcessor,Page view: /home by u1221,E103,Page view: {page} by {user}
22470,2026-01-11,15:09:39,INFO,WebServer,User u1786 login successful,E101,User {user} login successful
22471,2026-01-11,15:39:13,INFO,WebServer,Page view: /home by u4477,E103,Page view: {page} by {user}
22472,2026-01-11,15:28:06,INFO,AuthService,User u4350 login successful,E101,User {user} login successful
22473,2026-01-11,15:39:25,INFO,AuthService,Health check passed: AuthService,E102,Health check passed: {service}
22474,2026-01-11,15:00:44,INFO,WebServer,Health check passed: WebServer,E102,Health check passed: {service}
22475,2026-01-11,15:11:22,INFO,AuthService,User u4068 login successful,E101,User {user} login successful
22476,2026-01-11,15:52:59,INFO,PaymentGateway,Health check passed: PaymentGateway,E102,Health check passed: {service}
22477,2026-01-11,15:05:58,INFO,InventoryDB,Page view: /home by u4643,E103,Page view: {page} by {user}
22478,2026-01-11,15:56:39,INFO,InventoryDB,Page view: /home by u4480,E103,Page view: {page} by {user}
22479,2026-01-11,15:51:55,INFO,OrderProcessor,User u3318 login successful,E101,User {user} login successful
22480,2026-01-11,15:59:32,ERROR,WebServer,Timeout waiting for lock on InventoryDB,E502,Timeout waiting for lock on {db}
22481,2026-01-11,15:41:05,INFO,AuthService,User u1414 login successful,E101,User {user} login successful
22482,2026-01-11,15:35:02,INFO,OrderProcessor,Page view: /home by u2351,E103,Page view: {page} by {user}
22483,2026-01-11,15:50:59,INFO,WebServer,Page view: /home by u2658,E103,Page view: {page} by {user}
22484,2026-01-11,15:12:35,INFO,WebServer,User u4845 login successful,E101,User {user} login successful
22485,2026-01-11,15:57:42,INFO,WebServer,Page view: /home by u4828,E103,Page view: {page} by {user}
22486,2026-01-11,15:14:44,INFO,AuthService,Transaction tx967999 completed in 374ms,E104,Transaction {tx} completed in {time}ms
22487,2026-01-11,15:42:40,INFO,WebServer,User u1538 login successful,E101,User {user} login successful
22488,2026-01-11,15:07:36,INFO,WebServer,Transaction tx934014 completed in 536ms,E104,Transaction {tx} completed in {time}ms
22489,2026-01-11,15:38:22,INFO,WebServer,Transaction tx175005 completed in 1814ms,E104,Transaction {tx} completed in {time}ms
22490,2026-01-11,15:00:58,INFO,WebServer,Page view: /home by u3779,E103,Page view: {page} by {user}
22491,2026-01-11,15:26:02,INFO,PaymentGateway,Transaction tx306957 completed in 1085ms,E104,Transaction {tx} completed in {time}ms
22492,2026-01-11,15:41:20,CRITICAL,PaymentGateway,DATA CORRUPTION detected in sector 278,E602,DATA CORRUPTION detected in sector {sector}
22493,2026-01-11,15:44:36,INFO,AuthService,User u1131 login successful,E101,User {user} login successful
22494,2026-01-11,15:03:14,INFO,AuthService,Page view: /home by u1125,E103,Page view: {page} by {user}
22495,2026-01-11,15:14:15,INFO,AuthService,Page view: /home by u1192,E103,Page view: {page} by {user}
22496,2026-01-11,15:00:24,INFO,WebServer,Health check passed: WebServer,E102,Health check passed: {service}
22497,2026-01-11,15:22:12,INFO,OrderProcessor,Health check passed: OrderProcessor,E102,Health check passed: {service}
22498,2026-01-11,15:10:58,INFO,WebServer,User u1319 login successful,E101,User {user} login successful
22499,2026-01-11,15:20:32,INFO,OrderProcessor,User u4556 login successful,E101,User {user} login successful
22500,2026-01-11,15:14:30,INFO,AuthService,User u2176 login successful,E101,User {user} login successful
22501,2026-01-11,15:55:29,INFO,OrderProcessor,Transaction tx266980 completed in 786ms,E104,Transaction {tx} completed in {time}ms
22502,2026-01-11,15:36:44,INFO,AuthService,Page view: /home by u4168,E103,Page view: {page} by {user}
22503,2026-01-11,15:10:18,INFO,InventoryDB,Transaction tx118909 completed in 274ms,E104,Transaction {tx} completed in {time}ms
22504,2026-01-11,15:00:30,INFO,InventoryDB,Transaction tx438213 completed in 1830ms,E104,Transaction {tx} completed in {time}ms
22505,2026-01-11,15:54:13,INFO,WebServer,Health check passed: WebServer,E102,Health check passed: {service}
22506,2026-01-11,15:36:19,INFO,PaymentGateway,Health check passed: PaymentGateway,E102,Health check passed: {service}
22507,2026-01-11,15:51:39,INFO,PaymentGateway,Page view: /home by u2829,E103,Page view: {page} by {user}
22508,2026-01-11,15:05:12,INFO,OrderProcessor,Transaction tx376000 completed in 103ms,E104,Transaction {tx} completed in {time}ms
22509,2026-01-11,15:09:54,CRITICAL,AuthService,KERNEL PANIC: Node node-5 crashed,E601,KERNEL PANIC: Node {node} crashed
22510,2026-01-11,15:18:55,INFO,WebServer,Transaction tx447300 completed in 1321ms,E104,Transaction {tx} completed in {time}ms
22511,2026-01-11,15:53:51,INFO,PaymentGateway,User u3828 login successful,E101,User {user} login successful
22512,2026-01-11,15:54:37,INFO,PaymentGateway,Page view: /home by u1990,E103,Page view: {page} by {user}
22513,2026-01-11,15:02:11,INFO,OrderProcessor,Transaction tx765463 completed in 482ms,E104,Transaction {tx} completed in {time}ms
22514,2026-01-11,15:48:18,INFO,WebServer,User u3127 login successful,E101,User {user} login successful
22515,2026-01-11,15:42:04,INFO,OrderProcessor,User u2666 login successful,E101,User {user} login successful
22516,2026-01-11,15:24:06,INFO,OrderProcessor,Health check passed: OrderProcessor,E102,Health check passed: {service}
22517,2026-01-11,15:27:33,WARN,WebServer,Disk usage > 85% on node node-2,E202,Disk usage > 85% on node {node}
22518,2026-01-11,15:26:52,INFO,WebServer,User u2693 login successful,E101,User {user} login successful
22519,2026-01-11,15:16:55,INFO,OrderProcessor,User u2761 login successful,E101,User {user} login successful
22520,2026-01-11,15:13:53,INFO,WebServer,Page view: /home by u1139,E103,Page view: {page} by {user}
22521,2026-01-11,15:34:56,INFO,WebServer,Health check passed: WebServer,E102,Health check passed: {service}
22522,2026-01-11,15:36:33,INFO,WebServer,Page view: /home by u3554,E103,Page view: {page} by {user}
22523,2026-01-11,15:04:38,INFO,AuthService,Health check passed: AuthService,E102,Health check passed: {service}
22524,2026-01-11,15:07:10,INFO,PaymentGateway,User u1174 login successful,E101,User {user} login successful
22525,2026-01-11,15:08:39,INFO,AuthService,Page view: /home by u1226,E103,Page view: {page} by {user}
22526,2026-01-11,15:33:49,INFO,WebServer,Health check passed: WebServer,E102,Health check passed: {service}
22527,2026-01-11,15:58:07,INFO,PaymentGateway,Page view: /home by u4906,E103,Page view: {page} by {user}
22528,2026-01-11,15:53:36,INFO,OrderProcessor,Transaction tx893024 completed in 847ms,E104,Transaction {tx} completed in {time}ms
22529,2026-01-11,15:54:27,INFO,WebServer,Health check passed: WebServer,E102,Health check passed: {service}
22530,2026-01-11,15:46:32,INFO,WebServer,Transaction tx143381 completed in 504ms,E104,Transaction {tx} completed in {time}ms
22531,2026-01-11,15:53:50,INFO,WebServer,Transaction tx308734 completed in 177ms,E104,Transaction {tx} completed in {time}ms
22532,2026-01-11,15:21:37,INFO,WebServer,Transaction tx421451 completed in 251ms,E104,Transaction {tx} completed in {time}ms
22533,2026-01-11,15:30:33,INFO,WebServer,Page view: /home by u2552,E103,Page view: {page} by {user}
22534,2026-01-11,15:27:45,WARN,WebServer,Disk usage > 85% on node node-4,E202,Disk usage > 85% on node {node}
22535,2026-01-11,15:35:55,INFO,WebServer,Transaction tx416856 completed in 1868ms,E104,Transaction {tx} completed in {time}ms
22536,2026-01-11,15:10:20,INFO,WebServer,Page view: /home by u1517,E103,Page view: {page} by {user}
22537,2026-01-11,15:31:30,INFO,WebServer,Page view: /home by u3455,E103,Page view: {page} by {user}
22538,2026-01-11,15:48:03,INFO,WebServer,User u1490 login successful,E101,User {user} login successful
22539,2026-01-11,15:50:33,INFO,PaymentGateway,Page view: /home by u2493,E103,Page view: {page} by {user}
22540,2026-01-11,15:50:10,INFO,AuthService,Page view: /home by u3455,E103,Page view: {page} by {user}
22541,2026-01-11,15:41:38,INFO,WebServer,User u4917 login successful,E101,User {user} login successful
22542,2026-01-11,15:50:52,INFO,AuthService,Transaction tx699477 completed in 717ms,E104,Transaction {tx} completed in {time}ms
22543,2026-01-11,15:36:42,INFO,WebServer,Health check passed: WebServer,E102,Health check passed: {service}
22544,2026-01-11,15:21:57,INFO,PaymentGateway,Page view: /home by u1464,E103,Page view: {page} by {user}
22545,2026-01-11,15:55:41,INFO,WebServer,User u3220 login successful,E101,User {user} login successful
22546,2026-01-11,15:20:52,INFO,WebServer,User u3232 login successful,E101,User {user} login successful
22547,2026-01-11,15:06:32,INFO,AuthService,Page view: /home by u1657,E103,Page view: {page} by {user}
22548,2026-01-11,15:46:48,INFO,WebServer,User u3333 login successful,E101,User {user} login successful
22549,2026-01-11,15:43:28,INFO,WebServer,Page view: /home by u4790,E103,Page view: {page} by {user}
22550,2026-01-11,15:20:01,INFO,WebServer,Page view: /home by u3079,E103,Page view: {page} by {user}
22551,2026-01-11,15:14:28,INFO,InventoryDB,User u2120 login successful,E101,User {user} login successful
22552,2026-01-11,15:47:56,INFO,WebServer,Page view: /home by u3547,E103,Page view: {page} by {user}
22553,2026-01-11,15:20:03,INFO,PaymentGateway,Page view: /home by u1532,E103,Page view: {page} by {user}
22554,2026-01-11,15:50:22,INFO,AuthService,Health check passed: AuthService,E102,Health check passed: {service}
22555,2026-01-11,15:39:07,INFO,OrderProcessor,Transaction tx961000 completed in 755ms,E104,Transaction {tx} completed in {time}ms
22556,2026-01-11,15:30:31,INFO,WebServer,Page view: /home by u3304,E103,Page view: {page} by {user}
22557,2026-01-11,15:41:30,INFO,WebServer,Transaction tx501178 completed in 1243ms,E104,Transaction {tx} completed in {time}ms
22558,2026-01-11,15:06:48,INFO,InventoryDB,User u1298 login successful,E101,User {user} login successful
22559,2026-01-11,15:08:01,INFO,WebServer,Transaction tx346078 completed in 760ms,E104,Transaction {tx} completed in {time}ms
22560,2026-01-11,15:42:29,INFO,WebServer,User u3818 login successful,E101,User {user} login successful
22561,2026-01-11,15:59:29,INFO,AuthService,Transaction tx363950 completed in 973ms,E104,Transaction {tx} completed in {time}ms
22562,2026-01-11,15:28:05,INFO,InventoryDB,Health check passed: InventoryDB,E102,Health check passed: {service}
22563,2026-01-11,15:42:26,INFO,AuthService,Transaction tx551169 completed in 1733ms,E104,Transaction {tx} completed in {time}ms
22564,2026-01-11,15:48:31,INFO,WebServer,User u2963 login successful,E101,User {user} login successful
22565,2026-01-11,15:46:38,INFO,PaymentGateway,Page view: /home by u1036,E103,Page view: {page} by {user}
22566,2026-01-11,15:14:28,INFO,WebServer,Transaction tx235828 completed in 859ms,E104,Transaction {tx} completed in {time}ms
22567,2026-01-11,15:26:12,INFO,WebServer,User u3452 login successful,E101,User {user} login successful
22568,2026-01-11,15:53:50,INFO,WebServer,Health check passed: WebServer,E102,Health check passed: {service}
22569,2026-01-11,15:17:05,INFO,OrderProcessor,Page view: /home by u4042,E103,Page view: {page} by {user}
22570,2026-01-11,15:29:19,INFO,WebServer,Transaction tx332664 completed in 722ms,E104,Transaction {tx} completed in {time}ms
22571,2026-01-11,15:06:18,WARN,AuthService,Disk usage > 85% on node node-2,E202,Disk usage > 85% on node {node}
22572,2026-01-11,15:55:58,INFO,OrderProcessor,Health check passed: OrderProcessor,E102,Health check passed: {service}
22573,2026-01-11,15:04:16,INFO,OrderProcessor,User u4389 login successful,E101,User {user} login successful
22574,2026-01-11,15:19:19,INFO,WebServer,Page view: /home by u4565,E103,Page view: {page} by {user}
22575,2026-01-11,15:39:03,INFO,AuthService,Health check passed: AuthService,E102,Health check passed: {service}
22576,2026-01-11,15:43:09,WARN,InventoryDB,Unauthorized access attempt from 10.0.0.45,E401,Unauthorized access attempt from {ip}
22577,2026-01-11,15:29:27,INFO,OrderProcessor,Health check passed: OrderProcessor,E102,Health check passed: {service}
22578,2026-01-11,15:24:26,INFO,WebServer,Page view: /home by u4692,E103,Page view: {page} by {user}
22579,2026-01-11,15:42:23,INFO,WebServer,Transaction tx294575 completed in 353ms,E104,Transaction {tx} completed in {time}ms
22580,2026-01-11,15:45:53,INFO,WebServer,User u1176 login successful,E101,User {user} login successful
22581,2026-01-11,15:13:20,INFO,OrderProcessor,Page view: /home by u3721,E103,Page view: {page} by {user}
22582,2026-01-11,15:48:54,WARN,PaymentGateway,Unauthorized access attempt from 10.0.0.45,E401,Unauthorized access attempt from {ip}
22583,2026-01-11,15:58:21,INFO,AuthService,Transaction tx677735 completed in 1136ms,E104,Transaction {tx} completed in {time}ms
22584,2026-01-11,15:43:32,INFO,AuthService,Page view: /home by u3756,E103,Page view: {page} by {user}
22585,2026-01-11,15:18:35,INFO,PaymentGateway,Page view: /home by u3748,E103,Page view: {page} by {user}
22586,2026-01-11,15:00:59,ERROR,WebServer,Timeout waiting for lock on InventoryDB,E502,Timeout waiting for lock on {db}
22587,2026-01-11,15:03:04,INFO,WebServer,Page view: /home by u2140,E103,Page view: {page} by {user}
22588,2026-01-11,15:10:20,INFO,PaymentGateway,Health check passed: PaymentGateway,E102,Health check passed: {service}
22589,2026-01-11,15:52:13,INFO,WebServer,Transaction tx486113 completed in 1440ms,E104,Transaction {tx} completed in {time}ms
22590,2026-01-11,15:50:40,INFO,WebServer,User u2758 login successful,E101,User {user} login successful
22591,2026-01-11,15:34:04,INFO,OrderProcessor,Transaction tx940582 completed in 1958ms,E104,Transaction {tx} completed in {time}ms
22592,2026-01-11,15:04:38,INFO,PaymentGateway,User u4421 login successful,E101,User {user} login successful
22593,2026-01-11,15:49:44,INFO,OrderProcessor,Page view: /home by u2705,E103,Page view: {page} by {user}
22594,2026-01-11,15:15:04,INFO,OrderProcessor,Health check passed: OrderProcessor,E102,Health check passed: {service}
22595,2026-01-11,15:42:33,INFO,WebServer,Health check passed: WebServer,E102,Health check passed: {service}
22596,2026-01-11,15:45:21,INFO,AuthService,User u1959 login successful,E101,User {user} login successful
22597,2026-01-11,15:49:11,INFO,WebServer,Transaction tx678379 completed in 887ms,E104,Transaction {tx} completed in {time}ms
22598,2026-01-11,15:32:53,INFO,WebServer,Health check passed: WebServer,E102,Health check passed: {service}
22599,2026-01-11,15:10:01,INFO,WebServer,Transaction tx781274 completed in 1886ms,E104,Transaction {tx} completed in {time}ms
22600,2026-01-11,15:53:02,INFO,WebServer,Transaction tx492792 completed in 828ms,E104,Transaction {tx} completed in {time}ms
22601,2026-01-11,15:53:18,INFO,OrderProcessor,Transaction tx819217 completed in 1261ms,E104,Transaction {tx} completed in {time}ms
22602,2026-01-11,15:38:54,INFO,WebServer,Health check passed: WebServer,E102,Health check passed: {service}
22603,2026-01-11,15:49:13,WARN,AuthService,High latency (1149ms) detected on AuthService,E201,High latency ({time}ms) detected on {service}
22604,2026-01-11,15:11:21,INFO,AuthService,Transaction tx625985 completed in 1748ms,E104,Transaction {tx} completed in {time}ms
22605,2026-01-11,15:12:55,WARN,OrderProcessor,High latency (1106ms) detected on OrderProcessor,E201,High latency ({time}ms) detected on {service}
22606,2026-01-11,15:39:23,INFO,WebServer,User u4317 login successful,E101,User {user} login successful
22607,2026-01-11,15:03:36,INFO,OrderProcessor,Transaction tx703299 completed in 664ms,E104,Transaction {tx} completed in {time}ms
22608,2026-01-11,15:15:53,INFO,WebServer,Page view: /home by u2199,E103,Page view: {page} by {user}
22609,2026-01-11,15:33:47,INFO,WebServer,User u4542 login successful,E101,User {user} login successful
22610,2026-01-11,15:10:24,INFO,WebServer,Health check passed: WebServer,E102,Health check passed: {service}
22611,2026-01-11,15:17:39,INFO,WebServer,Transaction tx322379 completed in 1780ms,E104,Transaction {tx} completed in {time}ms
22612,2026-01-11,15:34:45,INFO,PaymentGateway,Health check passed: PaymentGateway,E102,Health check passed: {service}
22613,2026-01-11,15:24:50,INFO,PaymentGateway,Health check passed: PaymentGateway,E102,Health check passed: {service}
22614,2026-01-11,15:09:27,INFO,WebServer,Page view: /home by u4640,E103,Page view: {page} by {user}
22615,2026-01-11,15:39:44,INFO,AuthService,Transaction tx999146 completed in 1775ms,E104,Transaction {tx} completed in {time}ms
22616,2026-01-11,15:35:36,INFO,PaymentGateway,Health check passed: PaymentGateway,E102,Health check passed: {service}
22617,2026-01-11,15:14:56,INFO,WebServer,Health check passed: WebServer,E102,Health check passed: {service}
22618,2026-01-11,15:54:43,INFO,AuthService,Page view: /home by u3118,E103,Page view: {page} by {user}
22619,2026-01-11,15:00:44,INFO,WebServer,Page view: /home by u1545,E103,Page view: {page} by {user}
22620,2026-01-11,15:04:28,INFO,AuthService,Health check passed: AuthService,E102,Health check passed: {service}
22621,2026-01-11,15:32:22,INFO,WebServer,Health check passed: WebServer,E102,Health check passed: {service}
22622,2026-01-11,15:29:24,INFO,InventoryDB,Transaction tx322643 completed in 1093ms,E104,Transaction {tx} completed in {time}ms
22623,2026-01-11,15:24:37,WARN,WebServer,Disk usage > 85% on node node-5,E202,Disk usage > 85% on node {node}
22624,2026-01-11,15:13:58,INFO,AuthService,User u2105 login successful,E101,User {user} login successful
22625,2026-01-11,15:19:04,INFO,WebServer,Health check passed: WebServer,E102,Health check passed: {service}
22626,2026-01-11,15:35:57,WARN,AuthService,High latency (1934ms) detected on AuthService,E201,High latency ({time}ms) detected on {service}
22627,2026-01-11,15:04:00,INFO,OrderProcessor,User u1407 login successful,E101,User {user} login successful
22628,2026-01-11,15:39:14,INFO,OrderProcessor,Page view: /home by u2612,E103,Page view: {page} by {user}
22629,2026-01-11,15:35:09,INFO,InventoryDB,User u3103 login successful,E101,User {user} login successful
22630,2026-01-11,15:23:27,ERROR,WebServer,Timeout waiting for lock on InventoryDB,E502,Timeout waiting for lock on {db}
22631,2026-01-11,15:03:10,INFO,WebServer,User u4773 login successful,E101,User {user} login successful
22632,2026-01-11,15:47:23,INFO,AuthService,Health check passed: AuthService,E102,Health check passed: {service}
22633,2026-01-11,15:42:40,INFO,AuthService,Page view: /home by u2675,E103,Page view: {page} by {user}
22634,2026-01-11,15:46:14,INFO,WebServer,Transaction tx306673 completed in 886ms,E104,Transaction {tx} completed in {time}ms
22635,2026-01-11,15:00:54,INFO,InventoryDB,Transaction tx370821 completed in 917ms,E104,Transaction {tx} completed in {time}ms
22636,2026-01-11,15:38:00,INFO,WebServer,User u1453 login successful,E101,User {user} login successful
22637,2026-01-11,15:31:43,INFO,AuthService,Page view: /home by u2346,E103,Page view: {page} by {user}
22638,2026-01-11,15:13:28,INFO,WebServer,Transaction tx657490 completed in 696ms,E104,Transaction {tx} completed in {time}ms
22639,2026-01-11,15:36:44,INFO,WebServer,User u1557 login successful,E101,User {user} login successful
22640,2026-01-11,15:05:39,INFO,WebServer,Health check passed: WebServer,E102,Health check passed: {service}
22641,2026-01-11,15:24:51,INFO,WebServer,Transaction tx204696 completed in 569ms,E104,Transaction {tx} completed in {time}ms
22642,2026-01-11,15:18:00,INFO,AuthService,User u3607 login successful,E101,User {user} login successful
22643,2026-01-11,15:25:48,INFO,OrderProcessor,Health check passed: OrderProcessor,E102,Health check passed: {service}
22644,2026-01-11,15:00:59,INFO,PaymentGateway,Transaction tx374800 completed in 88ms,E104,Transaction {tx} completed in {time}ms
22645,2026-01-11,15:17:19,INFO,WebServer,Health check passed: WebServer,E102,Health check passed: {service}
22646,2026-01-11,15:35:09,INFO,AuthService,User u1480 login successful,E101,User {user} login successful
22647,2026-01-11,15:37:50,INFO,AuthService,Health check passed: AuthService,E102,Health check passed: {service}
22648,2026-01-11,15:18:32,INFO,WebServer,Health check passed: WebServer,E102,Health check passed: {service}
22649,2026-01-11,15:34:51,INFO,WebServer,User u2003 login successful,E101,User {user} login successful
22650,2026-01-11,15:24:47,INFO,OrderProcessor,Page view: /home by u3735,E103,Page view: {page} by {user}
22651,2026-01-11,15:02:20,INFO,WebServer,User u3356 login successful,E101,User {user} login successful
22652,2026-01-11,15:49:33,INFO,WebServer,Health check passed: WebServer,E102,Health check passed: {service}
22653,2026-01-11,15:15:47,INFO,WebServer,Health check passed: WebServer,E102,Health check passed: {service}
22654,2026-01-11,15:50:46,INFO,WebServer,Page view: /home by u4557,E103,Page view: {page} by {user}
22655,2026-01-11,15:04:06,INFO,WebServer,Health check passed: WebServer,E102,Health check passed: {service}
22656,2026-01-11,15:52:55,INFO,OrderProcessor,User u3825 login successful,E101,User {user} login successful
22657,2026-01-11,15:34:10,INFO,WebServer,Transaction tx648240 completed in 1856ms,E104,Transaction {tx} completed in {time}ms
22658,2026-01-11,15:04:56,INFO,WebServer,Page view: /home by u2943,E103,Page view: {page} by {user}
22659,2026-01-11,15:55:25,WARN,WebServer,High latency (567ms) detected on WebServer,E201,High latency ({time}ms) detected on {service}
22660,2026-01-11,15:20:07,INFO,InventoryDB,Page view: /home by u1285,E103,Page view: {page} by {user}
22661,2026-01-11,15:34:13,INFO,InventoryDB,User u3686 login successful,E101,User {user} login successful
22662,2026-01-11,15:47:20,INFO,WebServer,User u2299 login successful,E101,User {user} login successful
22663,2026-01-11,15:17:56,INFO,WebServer,Transaction tx524956 completed in 1122ms,E104,Transaction {tx} completed in {time}ms
22664,2026-01-11,15:02:29,INFO,WebServer,Health check passed: WebServer,E102,Health check passed: {service}
22665,2026-01-11,15:08:14,INFO,WebServer,Health check passed: WebServer,E102,Health check passed: {service}
22666,2026-01-11,15:02:33,INFO,WebServer,Page view: /home by u2967,E103,Page view: {page} by {user}
22667,2026-01-11,15:04:36,INFO,WebServer,User u2049 login successful,E101,User {user} login successful
22668,2026-01-11,15:54:35,INFO,PaymentGateway,Health check passed: PaymentGateway,E102,Health check passed: {service}
22669,2026-01-11,15:57:56,INFO,WebServer,User u4280 login successful,E101,User {user} login successful
22670,2026-01-11,15:57:17,INFO,AuthService,User u2859 login successful,E101,User {user} login successful
22671,2026-01-11,15:47:17,INFO,PaymentGateway,Page view: /home by u1556,E103,Page view: {page} by {user}
22672,2026-01-11,15:22:47,CRITICAL,AuthService,DATA CORRUPTION detected in sector 401,E602,DATA CORRUPTION detected in sector {sector}
22673,2026-01-11,15:20:21,INFO,WebServer,Transaction tx761346 completed in 250ms,E104,Transaction {tx} completed in {time}ms
22674,2026-01-11,15:13:13,INFO,WebServer,Transaction tx673556 completed in 1927ms,E104,Transaction {tx} completed in {time}ms
22675,2026-01-11,15:10:28,WARN,WebServer,Disk usage > 85% on node node-3,E202,Disk usage > 85% on node {node}
22676,2026-01-11,15:50:19,INFO,WebServer,Transaction tx925394 completed in 1029ms,E104,Transaction {tx} completed in {time}ms
22677,2026-01-11,15:13:44,INFO,AuthService,Health check passed: AuthService,E102,Health check passed: {service}
22678,2026-01-11,15:22:36,INFO,PaymentGateway,Page view: /home by u4518,E103,Page view: {page} by {user}
22679,2026-01-11,15:53:53,INFO,WebServer,Transaction tx654320 completed in 308ms,E104,Transaction {tx} completed in {time}ms
22680,2026-01-11,15:17:26,WARN,PaymentGateway,High latency (626ms) detected on PaymentGateway,E201,High latency ({time}ms) detected on {service}
22681,2026-01-11,15:26:00,INFO,AuthService,Page view: /home by u2278,E103,Page view: {page} by {user}
22682,2026-01-11,15:36:36,INFO,PaymentGateway,Health check passed: PaymentGateway,E102,Health check passed: {service}
22683,2026-01-11,15:30:02,INFO,InventoryDB,Health check passed: InventoryDB,E102,Health check passed: {service}
22684,2026-01-11,15:39:23,INFO,WebServer,Page view: /home by u4309,E103,Page view: {page} by {user}
22685,2026-01-11,15:53:12,INFO,WebServer,User u2377 login successful,E101,User {user} login successful
22686,2026-01-11,15:02:08,INFO,PaymentGateway,Health check passed: PaymentGateway,E102,Health check passed: {service}
22687,2026-01-11,15:44:35,INFO,OrderProcessor,Transaction tx967571 completed in 1503ms,E104,Transaction {tx} completed in {time}ms
22688,2026-01-11,15:45:35,INFO,WebServer,User u1621 login successful,E101,User {user} login successful
22689,2026-01-11,15:54:54,INFO,OrderProcessor,Transaction tx914414 completed in 75ms,E104,Transaction {tx} completed in {time}ms
22690,2026-01-11,15:33:13,INFO,AuthService,Health check passed: AuthService,E102,Health check passed: {service}
22691,2026-01-11,15:51:21,INFO,InventoryDB,Page view: /home by u2554,E103,Page view: {page} by {user}
22692,2026-01-11,15:46:19,INFO,WebServer,Health check passed: WebServer,E102,Health check passed: {service}
22693,2026-01-11,15:30:03,INFO,AuthService,Transaction tx359377 completed in 1604ms,E104,Transaction {tx} completed in {time}ms
22694,2026-01-11,15:45:56,INFO,WebServer,Health check passed: WebServer,E102,Health check passed: {service}
22695,2026-01-11,15:00:37,INFO,OrderProcessor,Health check passed: OrderProcessor,E102,Health check passed: {service}
22696,2026-01-11,15:03:40,INFO,AuthService,User u3962 login successful,E101,User {user} login successful
22697,2026-01-11,15:35:57,INFO,AuthService,Page view: /home by u3606,E103,Page view: {page} by {user}
22698,2026-01-11,15:17:06,INFO,AuthService,Health check passed: AuthService,E102,Health check passed: {service}
22699,2026-01-11,15:36:15,INFO,OrderProcessor,Page view: /home by u1795,E103,Page view: {page} by {user}
22700,2026-01-11,15:19:04,INFO,WebServer,Page view: /home by u4617,E103,Page view: {page} by {user}
22701,2026-01-11,15:53:29,INFO,OrderProcessor,Transaction tx679824 completed in 557ms,E104,Transaction {tx} completed in {time}ms
22702,2026-01-11,15:10:40,INFO,WebServer,Transaction tx309737 completed in 1793ms,E104,Transaction {tx} completed in {time}ms
22703,2026-01-11,15:30:34,INFO,WebServer,Transaction tx221794 completed in 198ms,E104,Transaction {tx} completed in {time}ms
22704,2026-01-11,15:22:06,INFO,AuthService,Page view: /home by u3549,E103,Page view: {page} by {user}
22705,2026-01-11,15:18:17,INFO,InventoryDB,Health check passed: InventoryDB,E102,Health check passed: {service}
22706,2026-01-11,15:04:30,INFO,AuthService,User u1723 login successful,E101,User {user} login successful
22707,2026-01-11,15:53:17,INFO,AuthService,Page view: /home by u4887,E103,Page view: {page} by {user}
22708,2026-01-11,15:18:07,INFO,AuthService,User u4670 login successful,E101,User {user} login successful
22709,2026-01-11,15:09:36,INFO,OrderProcessor,Transaction tx346074 completed in 1876ms,E104,Transaction {tx} completed in {time}ms
22710,2026-01-11,15:29:28,INFO,WebServer,Health check passed: WebServer,E102,Health check passed: {service}
22711,2026-01-11,15:13:09,INFO,WebServer,Transaction tx400793 completed in 1128ms,E104,Transaction {tx} completed in {time}ms
22712,2026-01-11,15:27:14,INFO,OrderProcessor,Health check passed: OrderProcessor,E102,Health check passed: {service}
22713,2026-01-11,15:56:28,INFO,WebServer,Health check passed: WebServer,E102,Health check passed: {service}
22714,2026-01-11,15:43:29,INFO,OrderProcessor,User u3151 login successful,E101,User {user} login successful
22715,2026-01-11,15:00:32,INFO,AuthService,Page view: /home by u1313,E103,Page view: {page} by {user}
22716,2026-01-11,15:35:05,INFO,WebServer,User u3904 login successful,E101,User {user} login successful
22717,2026-01-11,15:26:52,INFO,WebServer,Page view: /home by u1537,E103,Page view: {page} by {user}
22718,2026-01-11,15:55:12,INFO,WebServer,Transaction tx825701 completed in 926ms,E104,Transaction {tx} completed in {time}ms
22719,2026-01-11,15:24:36,INFO,AuthService,Page view: /home by u1180,E103,Page view: {page} by {user}
22720,2026-01-11,15:07:17,INFO,AuthService,Page view: /home by u2732,E103,Page view: {page} by {user}
22721,2026-01-11,15:49:39,INFO,OrderProcessor,Health check passed: OrderProcessor,E102,Health check passed: {service}
22722,2026-01-11,15:13:54,INFO,WebServer,Transaction tx894239 completed in 487ms,E104,Transaction {tx} completed in {time}ms
22723,2026-01-11,15:13:34,INFO,WebServer,Transaction tx232276 completed in 1842ms,E104,Transaction {tx} completed in {time}ms
22724,2026-01-11,15:18:33,INFO,WebServer,Page view: /home by u3257,E103,Page view: {page} by {user}
22725,2026-01-11,15:09:09,INFO,OrderProcessor,Health check passed: OrderProcessor,E102,Health check passed: {service}
22726,2026-01-11,15:51:55,INFO,OrderProcessor,Page view: /home by u2816,E103,Page view: {page} by {user}
22727,2026-01-11,15:46:31,INFO,WebServer,User u2402 login successful,E101,User {user} login successful
22728,2026-01-11,15:51:05,INFO,WebServer,User u4213 login successful,E101,User {user} login successful
22729,2026-01-11,15:24:34,WARN,InventoryDB,High latency (531ms) detected on InventoryDB,E201,High latency ({time}ms) detected on {service}
22730,2026-01-11,15:39:05,INFO,PaymentGateway,User u3975 login successful,E101,User {user} login successful
22731,2026-01-11,15:46:47,INFO,WebServer,Transaction tx795812 completed in 201ms,E104,Transaction {tx} completed in {time}ms
22732,2026-01-11,15:05:58,INFO,PaymentGateway,Transaction tx771312 completed in 1155ms,E104,Transaction {tx} completed in {time}ms
22733,2026-01-11,15:10:53,INFO,WebServer,Health check passed: WebServer,E102,Health check passed: {service}
22734,2026-01-11,15:16:22,INFO,WebServer,User u4087 login successful,E101,User {user} login successful
22735,2026-01-11,15:00:36,INFO,AuthService,Health check passed: AuthService,E102,Health check passed: {service}
22736,2026-01-11,15:07:05,INFO,OrderProcessor,Transaction tx542543 completed in 1370ms,E104,Transaction {tx} completed in {time}ms
22737,2026-01-11,15:06:03,INFO,WebServer,User u1956 login successful,E101,User {user} login successful
22738,2026-01-11,15:20:27,INFO,WebServer,Health check passed: WebServer,E102,Health check passed: {service}
22739,2026-01-11,15:10:15,INFO,WebServer,Transaction tx109776 completed in 1295ms,E104,Transaction {tx} completed in {time}ms
22740,2026-01-11,15:35:09,INFO,WebServer,Transaction tx839491 completed in 79ms,E104,Transaction {tx} completed in {time}ms
22741,2026-01-11,15:44:04,INFO,WebServer,User u1882 login successful,E101,User {user} login successful
22742,2026-01-11,15:09:29,INFO,WebServer,Transaction tx935817 completed in 1206ms,E104,Transaction {tx} completed in {time}ms
22743,2026-01-11,15:14:05,INFO,PaymentGateway,Page view: /home by u1302,E103,Page view: {page} by {user}
22744,2026-01-11,15:13:37,WARN,WebServer,High latency (1684ms) detected on WebServer,E201,High latency ({time}ms) detected on {service}
22745,2026-01-11,15:12:54,WARN,OrderProcessor,Disk usage > 85% on node node-5,E202,Disk usage > 85% on node {node}
22746,2026-01-11,15:43:05,INFO,PaymentGateway,Health check passed: PaymentGateway,E102,Health check passed: {service}
22747,2026-01-11,15:22:57,WARN,WebServer,Disk usage > 85% on node node-4,E202,Disk usage > 85% on node {node}
22748,2026-01-11,15:32:18,INFO,AuthService,Transaction tx861430 completed in 247ms,E104,Transaction {tx} completed in {time}ms
22749,2026-01-11,15:56:53,INFO,OrderProcessor,Transaction tx417370 completed in 1772ms,E104,Transaction {tx} completed in {time}ms
22750,2026-01-11,15:03:16,INFO,WebServer,Page view: /home by u1907,E103,Page view: {page} by {user}
22751,2026-01-11,15:25:08,WARN,WebServer,High latency (1149ms) detected on WebServer,E201,High latency ({time}ms) detected on {service}
22752,2026-01-11,15:50:09,INFO,WebServer,Transaction tx390191 completed in 1118ms,E104,Transaction {tx} completed in {time}ms
22753,2026-01-11,15:42:30,INFO,OrderProcessor,User u1262 login successful,E101,User {user} login successful
22754,2026-01-11,15:26:48,INFO,WebServer,Transaction tx641765 completed in 769ms,E104,Transaction {tx} completed in {time}ms
22755,2026-01-11,15:39:14,INFO,WebServer,Health check passed: WebServer,E102,Health check passed: {service}
22756,2026-01-11,15:09:30,INFO,OrderProcessor,Health check passed: OrderProcessor,E102,Health check passed: {service}
22757,2026-01-11,15:59:52,INFO,WebServer,User u1792 login successful,E101,User {user} login successful
22758,2026-01-11,15:39:46,INFO,AuthService,Health check passed: AuthService,E102,Health check passed: {service}
22759,2026-01-11,15:54:08,INFO,OrderProcessor,User u3569 login successful,E101,User {user} login successful
22760,2026-01-11,15:28:51,INFO,WebServer,User u1106 login successful,E101,User {user} login successful
22761,2026-01-11,15:17:00,INFO,WebServer,Health check passed: WebServer,E102,Health check passed: {service}
22762,2026-01-11,15:03:59,INFO,WebServer,User u4742 login successful,E101,User {user} login successful
22763,2026-01-11,15:29:29,WARN,OrderProcessor,Unauthorized access attempt from 10.0.0.45,E401,Unauthorized access attempt from {ip}
22764,2026-01-11,15:52:55,INFO,WebServer,Transaction tx839540 completed in 1386ms,E104,Transaction {tx} completed in {time}ms
22765,2026-01-11,15:32:10,INFO,WebServer,Page view: /home by u1393,E103,Page view: {page} by {user}
22766,2026-01-11,15:40:06,INFO,OrderProcessor,Page view: /home by u2261,E103,Page view: {page} by {user}
22767,2026-01-11,15:19:28,INFO,WebServer,Page view: /home by u4140,E103,Page view: {page} by {user}
22768,2026-01-11,15:45:56,INFO,WebServer,Transaction tx955792 completed in 1591ms,E104,Transaction {tx} completed in {time}ms
22769,2026-01-11,15:10:23,INFO,WebServer,Transaction tx210105 completed in 533ms,E104,Transaction {tx} completed in {time}ms
22770,2026-01-11,15:33:52,INFO,PaymentGateway,Transaction tx552305 completed in 1945ms,E104,Transaction {tx} completed in {time}ms
22771,2026-01-11,15:37:44,INFO,OrderProcessor,Health check passed: OrderProcessor,E102,Health check passed: {service}
22772,2026-01-11,15:23:43,INFO,PaymentGateway,Transaction tx387788 completed in 1333ms,E104,Transaction {tx} completed in {time}ms
22773,2026-01-11,15:55:55,INFO,WebServer,Transaction tx875695 completed in 1891ms,E104,Transaction {tx} completed in {time}ms
22774,2026-01-11,15:35:59,INFO,InventoryDB,Transaction tx574294 completed in 1744ms,E104,Transaction {tx} completed in {time}ms
22775,2026-01-11,15:46:44,INFO,OrderProcessor,User u4098 login successful,E101,User {user} login successful
22776,2026-01-11,15:28:59,WARN,WebServer,Unauthorized access attempt from 10.0.0.12,E401,Unauthorized access attempt from {ip}
22777,2026-01-11,15:30:07,CRITICAL,OrderProcessor,DATA CORRUPTION detected in sector 837,E602,DATA CORRUPTION detected in sector {sector}
22778,2026-01-11,15:31:01,INFO,AuthService,Transaction tx344804 completed in 360ms,E104,Transaction {tx} completed in {time}ms
22779,2026-01-11,15:24:48,INFO,WebServer,Health check passed: WebServer,E102,Health check passed: {service}
22780,2026-01-11,15:40:10,INFO,WebServer,User u2671 login successful,E101,User {user} login successful
22781,2026-01-11,15:11:03,INFO,AuthService,Transaction tx338634 completed in 1783ms,E104,Transaction {tx} completed in {time}ms
22782,2026-01-11,15:30:45,INFO,WebServer,Transaction tx440846 completed in 918ms,E104,Transaction {tx} completed in {time}ms
22783,2026-01-11,15:55:49,INFO,WebServer,Health check passed: WebServer,E102,Health check passed: {service}
22784,2026-01-11,15:17:40,INFO,AuthService,Health check passed: AuthService,E102,Health check passed: {service}
22785,2026-01-11,15:51:28,INFO,AuthService,User u4762 login successful,E101,User {user} login successful
22786,2026-01-11,15:49:37,INFO,PaymentGateway,Transaction tx255733 completed in 627ms,E104,Transaction {tx} completed in {time}ms
22787,2026-01-11,15:16:48,INFO,WebServer,User u1205 login successful,E101,User {user} login successful
22788,2026-01-11,15:39:44,WARN,OrderProcessor,High latency (436ms) detected on OrderProcessor,E201,High latency ({time}ms) detected on {service}
22789,2026-01-11,15:37:24,INFO,OrderProcessor,Transaction tx440409 completed in 1051ms,E104,Transaction {tx} completed in {time}ms
22790,2026-01-11,15:31:59,INFO,WebServer,User u2486 login successful,E101,User {user} login successful
22791,2026-01-11,15:50:35,INFO,WebServer,User u4197 login successful,E101,User {user} login successful
22792,2026-01-11,15:36:24,INFO,WebServer,Transaction tx737690 completed in 1813ms,E104,Transaction {tx} completed in {time}ms
22793,2026-01-11,15:13:11,INFO,PaymentGateway,Transaction tx380972 completed in 1162ms,E104,Transaction {tx} completed in {time}ms
22794,2026-01-11,15:10:50,INFO,AuthService,User u3526 login successful,E101,User {user} login successful
22795,2026-01-11,15:50:00,INFO,AuthService,Transaction tx724705 completed in 1537ms,E104,Transaction {tx} completed in {time}ms
22796,2026-01-11,15:14:46,WARN,WebServer,Unauthorized access attempt from 10.0.0.10,E401,Unauthorized access attempt from {ip}
22797,2026-01-11,15:14:20,INFO,OrderProcessor,Page view: /home by u2668,E103,Page view: {page} by {user}
22798,2026-01-11,15:23:29,INFO,OrderProcessor,Transaction tx929418 completed in 1824ms,E104,Transaction {tx} completed in {time}ms
22799,2026-01-11,15:03:51,CRITICAL,WebServer,KERNEL PANIC: Node node-1 crashed,E601,KERNEL PANIC: Node {node} crashed
22800,2026-01-11,15:26:33,INFO,WebServer,Health check passed: WebServer,E102,Health check passed: {service}
22801,2026-01-11,15:45:12,INFO,AuthService,Transaction tx683029 completed in 1527ms,E104,Transaction {tx} completed in {time}ms
22802,2026-01-11,15:50:08,INFO,WebServer,Health check passed: WebServer,E102,Health check passed: {service}
22803,2026-01-11,15:28:36,INFO,WebServer,Page view: /home by u4942,E103,Page view: {page} by {user}
22804,2026-01-11,15:43:01,INFO,AuthService,Health check passed: AuthService,E102,Health check passed: {service}
22805,2026-01-11,15:29:37,INFO,InventoryDB,Transaction tx287338 completed in 1321ms,E104,Transaction {tx} completed in {time}ms
22806,2026-01-11,15:00:05,INFO,WebServer,Health check passed: WebServer,E102,Health check passed: {service}
22807,2026-01-11,15:03:35,INFO,OrderProcessor,Transaction tx207362 completed in 1686ms,E104,Transaction {tx} completed in {time}ms
22808,2026-01-11,15:04:21,INFO,WebServer,Page view: /home by u2321,E103,Page view: {page} by {user}
22809,2026-01-11,15:56:46,INFO,AuthService,Health check passed: AuthService,E102,Health check passed: {service}
22810,2026-01-11,15:03:48,INFO,WebServer,Page view: /home by u1900,E103,Page view: {page} by {user}
22811,2026-01-11,15:39:18,INFO,AuthService,User u4074 login successful,E101,User {user} login successful
22812,2026-01-11,15:41:51,INFO,WebServer,Transaction tx501570 completed in 788ms,E104,Transaction {tx} completed in {time}ms
22813,2026-01-11,15:26:51,INFO,InventoryDB,Transaction tx258943 completed in 1178ms,E104,Transaction {tx} completed in {time}ms
22814,2026-01-11,15:43:35,INFO,InventoryDB,User u2977 login successful,E101,User {user} login successful
22815,2026-01-11,15:18:43,INFO,WebServer,Page view: /home by u1712,E103,Page view: {page} by {user}
22816,2026-01-11,15:52:15,INFO,WebServer,Page view: /home by u2224,E103,Page view: {page} by {user}
22817,2026-01-11,15:08:20,INFO,OrderProcessor,User u1338 login successful,E101,User {user} login successful
22818,2026-01-11,15:21:41,WARN,WebServer,High latency (1610ms) detected on WebServer,E201,High latency ({time}ms) detected on {service}
22819,2026-01-11,15:32:21,INFO,OrderProcessor,Transaction tx427899 completed in 247ms,E104,Transaction {tx} completed in {time}ms
22820,2026-01-11,15:19:53,INFO,OrderProcessor,User u1169 login successful,E101,User {user} login successful
22821,2026-01-11,15:47:55,INFO,WebServer,User u1260 login successful,E101,User {user} login successful
22822,2026-01-11,15:21:33,INFO,WebServer,Health check passed: WebServer,E102,Health check passed: {service}
22823,2026-01-11,15:53:21,INFO,PaymentGateway,Transaction tx454695 completed in 1243ms,E104,Transaction {tx} completed in {time}ms
22824,2026-01-11,15:44:00,WARN,InventoryDB,High latency (502ms) detected on InventoryDB,E201,High latency ({time}ms) detected on {service}
22825,2026-01-11,15:39:49,INFO,WebServer,User u4175 login successful,E101,User {user} login successful
22826,2026-01-11,15:11:25,INFO,WebServer,Health check passed: WebServer,E102,Health check passed: {service}
22827,2026-01-11,15:46:59,INFO,AuthService,Page view: /home by u1782,E103,Page view: {page} by {user}
22828,2026-01-11,15:04:53,INFO,WebServer,Page view: /home by u3704,E103,Page view: {page} by {user}
22829,2026-01-11,15:52:17,INFO,WebServer,Page view: /home by u3321,E103,Page view: {page} by {user}
22830,2026-01-11,15:01:43,INFO,AuthService,Transaction tx217182 completed in 369ms,E104,Transaction {tx} completed in {time}ms
22831,2026-01-11,15:58:20,INFO,OrderProcessor,User u2038 login successful,E101,User {user} login successful
22832,2026-01-11,15:49:41,INFO,AuthService,Page view: /home by u3713,E103,Page view: {page} by {user}
22833,2026-01-11,15:00:51,INFO,OrderProcessor,User u1795 login successful,E101,User {user} login successful
22834,2026-01-11,15:24:24,INFO,WebServer,Transaction tx843877 completed in 1920ms,E104,Transaction {tx} completed in {time}ms
22835,2026-01-11,15:23:28,INFO,OrderProcessor,User u3131 login successful,E101,User {user} login successful
22836,2026-01-11,15:22:20,INFO,OrderProcessor,Page view: /home by u3098,E103,Page view: {page} by {user}
22837,2026-01-11,15:17:49,INFO,WebServer,Transaction tx637114 completed in 839ms,E104,Transaction {tx} completed in {time}ms
22838,2026-01-11,15:07:21,INFO,WebServer,Transaction tx341522 completed in 1645ms,E104,Transaction {tx} completed in {time}ms
22839,2026-01-11,15:19:36,INFO,PaymentGateway,Health check passed: PaymentGateway,E102,Health check passed: {service}
22840,2026-01-11,15:01:12,INFO,AuthService,Transaction tx787885 completed in 1449ms,E104,Transaction {tx} completed in {time}ms
22841,2026-01-11,15:07:13,INFO,AuthService,Page view: /home by u3002,E103,Page view: {page} by {user}
22842,2026-01-11,15:24:01,INFO,InventoryDB,Page view: /home by u4759,E103,Page view: {page} by {user}
22843,2026-01-11,15:44:05,WARN,WebServer,High latency (983ms) detected on WebServer,E201,High latency ({time}ms) detected on {service}
22844,2026-01-11,15:47:06,INFO,WebServer,Transaction tx472904 completed in 1444ms,E104,Transaction {tx} completed in {time}ms
22845,2026-01-11,15:28:20,INFO,AuthService,Transaction tx459580 completed in 1905ms,E104,Transaction {tx} completed in {time}ms
22846,2026-01-11,15:36:06,INFO,WebServer,Transaction tx616841 completed in 925ms,E104,Transaction {tx} completed in {time}ms
22847,2026-01-11,15:02:06,INFO,WebServer,User u3821 login successful,E101,User {user} login successful
22848,2026-01-11,15:06:36,INFO,OrderProcessor,Transaction tx988881 completed in 546ms,E104,Transaction {tx} completed in {time}ms
22849,2026-01-11,15:05:31,INFO,InventoryDB,Transaction tx852182 completed in 1780ms,E104,Transaction {tx} completed in {time}ms
22850,2026-01-11,15:01:53,INFO,WebServer,Page view: /home by u1467,E103,Page view: {page} by {user}
22851,2026-01-11,15:09:40,INFO,WebServer,Page view: /home by u4314,E103,Page view: {page} by {user}
22852,2026-01-11,15:49:40,INFO,WebServer,User u1654 login successful,E101,User {user} login successful
22853,2026-01-11,15:23:21,WARN,AuthService,Disk usage > 85% on node node-5,E202,Disk usage > 85% on node {node}
22854,2026-01-11,15:00:01,INFO,PaymentGateway,Transaction tx106446 completed in 1207ms,E104,Transaction {tx} completed in {time}ms
22855,2026-01-11,15:41:26,INFO,WebServer,Page view: /home by u4366,E103,Page view: {page} by {user}
22856,2026-01-11,15:29:03,INFO,AuthService,Page view: /home by u3919,E103,Page view: {page} by {user}
22857,2026-01-11,15:48:06,INFO,OrderProcessor,Health check passed: OrderProcessor,E102,Health check passed: {service}
22858,2026-01-11,15:34:16,INFO,OrderProcessor,User u3604 login successful,E101,User {user} login successful
22859,2026-01-11,15:07:54,INFO,AuthService,User u3653 login successful,E101,User {user} login successful
22860,2026-01-11,15:37:14,INFO,WebServer,Health check passed: WebServer,E102,Health check passed: {service}
22861,2026-01-11,15:36:55,INFO,WebServer,Health check passed: WebServer,E102,Health check passed: {service}
22862,2026-01-11,15:58:54,INFO,OrderProcessor,Page view: /home by u1971,E103,Page view: {page} by {user}
22863,2026-01-11,15:54:50,INFO,WebServer,Health check passed: WebServer,E102,Health check passed: {service}
22864,2026-01-11,15:42:27,WARN,WebServer,High latency (1460ms) detected on WebServer,E201,High latency ({time}ms) detected on {service}
22865,2026-01-11,15:53:17,INFO,AuthService,Health check passed: AuthService,E102,Health check passed: {service}
22866,2026-01-11,15:20:36,INFO,AuthService,Page view: /home by u3577,E103,Page view: {page} by {user}
22867,2026-01-11,15:59:30,INFO,WebServer,Page view: /home by u4168,E103,Page view: {page} by {user}
22868,2026-01-11,15:44:19,INFO,WebServer,Health check passed: WebServer,E102,Health check passed: {service}
22869,2026-01-11,15:06:24,INFO,PaymentGateway,Health check passed: PaymentGateway,E102,Health check passed: {service}
22870,2026-01-11,15:52:11,INFO,OrderProcessor,Health check passed: OrderProcessor,E102,Health check passed: {service}
22871,2026-01-11,15:35:42,INFO,OrderProcessor,Transaction tx251122 completed in 1855ms,E104,Transaction {tx} completed in {time}ms
22872,2026-01-11,15:48:13,INFO,WebServer,Health check passed: WebServer,E102,Health check passed: {service}
22873,2026-01-11,15:44:34,INFO,WebServer,Health check passed: WebServer,E102,Health check passed: {service}
22874,2026-01-11,15:41:10,INFO,InventoryDB,Transaction tx522763 completed in 1614ms,E104,Transaction {tx} completed in {time}ms
22875,2026-01-11,15:32:58,INFO,WebServer,User u3838 login successful,E101,User {user} login successful
22876,2026-01-11,15:13:14,INFO,InventoryDB,Transaction tx795636 completed in 1255ms,E104,Transaction {tx} completed in {time}ms
22877,2026-01-11,15:16:32,INFO,WebServer,Page view: /home by u2461,E103,Page view: {page} by {user}
22878,2026-01-11,15:59:53,INFO,PaymentGateway,Transaction tx206854 completed in 197ms,E104,Transaction {tx} completed in {time}ms
22879,2026-01-11,15:37:23,ERROR,WebServer,Connection refused to WebServer at 192.168.1.5,E501,Connection refused to {service} at {ip}
22880,2026-01-11,15:20:34,INFO,OrderProcessor,Health check passed: OrderProcessor,E102,Health check passed: {service}
22881,2026-01-11,15:00:50,INFO,AuthService,User u2444 login successful,E101,User {user} login successful
22882,2026-01-11,15:21:22,INFO,AuthService,Health check passed: AuthService,E102,Health check passed: {service}
22883,2026-01-11,15:40:06,WARN,OrderProcessor,High latency (1986ms) detected on OrderProcessor,E201,High latency ({time}ms) detected on {service}
22884,2026-01-11,15:51:32,INFO,WebServer,User u4942 login successful,E101,User {user} login successful
22885,2026-01-11,15:27:54,INFO,WebServer,User u1529 login successful,E101,User {user} login successful
22886,2026-01-11,15:27:07,INFO,AuthService,Page view: /home by u2341,E103,Page view: {page} by {user}
22887,2026-01-11,15:00:54,INFO,WebServer,Page view: /home by u1129,E103,Page view: {page} by {user}
22888,2026-01-11,15:36:05,INFO,PaymentGateway,Health check passed: PaymentGateway,E102,Health check passed: {service}
22889,2026-01-11,15:12:22,INFO,WebServer,Transaction tx600365 completed in 1772ms,E104,Transaction {tx} completed in {time}ms
22890,2026-01-11,15:29:40,INFO,PaymentGateway,Health check passed: PaymentGateway,E102,Health check passed: {service}
22891,2026-01-11,15:11:53,INFO,AuthService,Health check passed: AuthService,E102,Health check passed: {service}
22892,2026-01-11,15:26:37,INFO,WebServer,Health check passed: WebServer,E102,Health check passed: {service}
22893,2026-01-11,15:28:38,INFO,WebServer,User u1023 login successful,E101,User {user} login successful
22894,2026-01-11,15:24:14,INFO,WebServer,Transaction tx148982 completed in 1610ms,E104,Transaction {tx} completed in {time}ms
22895,2026-01-11,15:48:11,INFO,WebServer,Health check passed: WebServer,E102,Health check passed: {service}
22896,2026-01-11,15:06:57,INFO,AuthService,Transaction tx996318 completed in 1711ms,E104,Transaction {tx} completed in {time}ms
22897,2026-01-11,15:09:43,INFO,WebServer,Health check passed: WebServer,E102,Health check passed: {service}
22898,2026-01-11,15:40:47,INFO,OrderProcessor,User u1564 login successful,E101,User {user} login successful
22899,2026-01-11,15:15:55,WARN,PaymentGateway,Disk usage > 85% on node node-2,E202,Disk usage > 85% on node {node}
22900,2026-01-11,15:49:32,WARN,PaymentGateway,Unauthorized access attempt from 10.0.0.45,E401,Unauthorized access attempt from {ip}
22901,2026-01-11,15:07:49,CRITICAL,WebServer,KERNEL PANIC: Node node-3 crashed,E601,KERNEL PANIC: Node {node} crashed
22902,2026-01-11,15:19:42,INFO,WebServer,Page view: /home by u2881,E103,Page view: {page} by {user}
22903,2026-01-11,15:35:01,INFO,WebServer,Transaction tx161263 completed in 883ms,E104,Transaction {tx} completed in {time}ms
22904,2026-01-11,15:04:23,INFO,WebServer,Health check passed: WebServer,E102,Health check passed: {service}
22905,2026-01-11,15:52:22,INFO,AuthService,User u1373 login successful,E101,User {user} login successful
22906,2026-01-11,15:02:59,INFO,AuthService,User u4219 login successful,E101,User {user} login successful
22907,2026-01-11,15:31:28,INFO,InventoryDB,User u3190 login successful,E101,User {user} login successful
22908,2026-01-11,15:58:37,INFO,PaymentGateway,User u4343 login successful,E101,User {user} login successful
22909,2026-01-11,15:41:46,INFO,PaymentGateway,Transaction tx919030 completed in 893ms,E104,Transaction {tx} completed in {time}ms
22910,2026-01-11,15:33:56,INFO,WebServer,User u1010 login successful,E101,User {user} login successful
22911,2026-01-11,15:54:42,INFO,AuthService,User u1330 login successful,E101,User {user} login successful
22912,2026-01-11,15:42:56,INFO,WebServer,Page view: /home by u4974,E103,Page view: {page} by {user}
22913,2026-01-11,15:41:24,INFO,PaymentGateway,Health check passed: PaymentGateway,E102,Health check passed: {service}
22914,2026-01-11,15:24:59,INFO,InventoryDB,Health check passed: InventoryDB,E102,Health check passed: {service}
22915,2026-01-11,15:30:58,INFO,WebServer,Transaction tx788360 completed in 1567ms,E104,Transaction {tx} completed in {time}ms
22916,2026-01-11,15:27:59,INFO,WebServer,Transaction tx493599 completed in 1181ms,E104,Transaction {tx} completed in {time}ms
22917,2026-01-11,15:32:09,INFO,AuthService,Transaction tx776228 completed in 514ms,E104,Transaction {tx} completed in {time}ms
22918,2026-01-11,15:45:58,INFO,WebServer,Transaction tx781903 completed in 632ms,E104,Transaction {tx} completed in {time}ms
22919,2026-01-11,15:31:58,INFO,WebServer,Transaction tx897844 completed in 1805ms,E104,Transaction {tx} completed in {time}ms
22920,2026-01-11,15:25:39,INFO,OrderProcessor,User u2365 login successful,E101,User {user} login successful
22921,2026-01-11,15:55:41,INFO,PaymentGateway,Health check passed: PaymentGateway,E102,Health check passed: {service}
22922,2026-01-11,15:08:05,INFO,PaymentGateway,Page view: /home by u3386,E103,Page view: {page} by {user}
22923,2026-01-11,15:10:40,INFO,OrderProcessor,Page view: /home by u4632,E103,Page view: {page} by {user}
22924,2026-01-11,15:36:49,INFO,AuthService,Health check passed: AuthService,E102,Health check passed: {service}
22925,2026-01-11,15:47:54,INFO,OrderProcessor,Page view: /home by u1511,E103,Page view: {page} by {user}
22926,2026-01-11,15:15:23,INFO,AuthService,Page view: /home by u1121,E103,Page view: {page} by {user}
22927,2026-01-11,15:16:00,INFO,AuthService,Transaction tx912948 completed in 1369ms,E104,Transaction {tx} completed in {time}ms
22928,2026-01-11,15:47:26,INFO,WebServer,Page view: /home by u3446,E103,Page view: {page} by {user}
22929,2026-01-11,15:27:32,INFO,WebServer,Transaction tx478352 completed in 555ms,E104,Transaction {tx} completed in {time}ms
22930,2026-01-11,15:49:47,INFO,OrderProcessor,Page view: /home by u2964,E103,Page view: {page} by {user}
22931,2026-01-11,15:09:51,INFO,OrderProcessor,Health check passed: OrderProcessor,E102,Health check passed: {service}
22932,2026-01-11,15:43:44,INFO,InventoryDB,Health check passed: InventoryDB,E102,Health check passed: {service}
22933,2026-01-11,15:41:15,INFO,PaymentGateway,Transaction tx962075 completed in 1847ms,E104,Transaction {tx} completed in {time}ms
22934,2026-01-11,15:58:40,WARN,WebServer,Unauthorized access attempt from 10.0.0.45,E401,Unauthorized access attempt from {ip}
22935,2026-01-11,15:45:53,INFO,WebServer,Page view: /home by u2221,E103,Page view: {page} by {user}
22936,2026-01-11,15:59:29,INFO,OrderProcessor,Page view: /home by u3151,E103,Page view: {page} by {user}
22937,2026-01-11,15:52:31,INFO,WebServer,Transaction tx799496 completed in 1757ms,E104,Transaction {tx} completed in {time}ms
22938,2026-01-11,15:16:58,INFO,OrderProcessor,User u4080 login successful,E101,User {user} login successful
22939,2026-01-11,15:53:43,INFO,AuthService,Page view: /home by u1767,E103,Page view: {page} by {user}
22940,2026-01-11,15:29:49,INFO,WebServer,Transaction tx874824 completed in 1492ms,E104,Transaction {tx} completed in {time}ms
22941,2026-01-11,15:42:48,INFO,InventoryDB,User u3038 login successful,E101,User {user} login successful
22942,2026-01-11,15:50:50,INFO,AuthService,Page view: /home by u4368,E103,Page view: {page} by {user}
22943,2026-01-11,15:52:08,INFO,AuthService,Page view: /home by u3802,E103,Page view: {page} by {user}
22944,2026-01-11,15:24:44,INFO,WebServer,Health check passed: WebServer,E102,Health check passed: {service}
22945,2026-01-11,15:45:34,INFO,WebServer,Transaction tx868489 completed in 1290ms,E104,Transaction {tx} completed in {time}ms
22946,2026-01-11,15:26:19,INFO,WebServer,User u1045 login successful,E101,User {user} login successful
22947,2026-01-11,15:48:29,INFO,WebServer,User u4078 login successful,E101,User {user} login successful
22948,2026-01-11,15:27:08,INFO,WebServer,Transaction tx288475 completed in 988ms,E104,Transaction {tx} completed in {time}ms
22949,2026-01-11,15:37:07,INFO,WebServer,Transaction tx976825 completed in 690ms,E104,Transaction {tx} completed in {time}ms
22950,2026-01-11,15:09:01,INFO,OrderProcessor,Health check passed: OrderProcessor,E102,Health check passed: {service}
22951,2026-01-11,15:11:46,INFO,OrderProcessor,Page view: /home by u1398,E103,Page view: {page} by {user}
22952,2026-01-11,15:43:56,INFO,WebServer,Health check passed: WebServer,E102,Health check passed: {service}
22953,2026-01-11,15:06:11,INFO,OrderProcessor,User u1614 login successful,E101,User {user} login successful
22954,2026-01-11,15:47:46,INFO,PaymentGateway,Page view: /home by u1154,E103,Page view: {page} by {user}
22955,2026-01-11,15:22:41,INFO,WebServer,Transaction tx705306 completed in 1525ms,E104,Transaction {tx} completed in {time}ms
22956,2026-01-11,15:10:48,INFO,OrderProcessor,Health check passed: OrderProcessor,E102,Health check passed: {service}
22957,2026-01-11,15:24:14,INFO,WebServer,User u4465 login successful,E101,User {user} login successful
22958,2026-01-11,15:38:38,INFO,WebServer,Page view: /home by u4586,E103,Page view: {page} by {user}
22959,2026-01-11,15:26:30,INFO,WebServer,User u4880 login successful,E101,User {user} login successful
22960,2026-01-11,15:07:17,INFO,WebServer,Health check passed: WebServer,E102,Health check passed: {service}
22961,2026-01-11,15:17:32,INFO,PaymentGateway,Transaction tx551009 completed in 1306ms,E104,Transaction {tx} completed in {time}ms
22962,2026-01-11,15:21:35,INFO,PaymentGateway,Page view: /home by u4323,E103,Page view: {page} by {user}
22963,2026-01-11,15:11:57,INFO,WebServer,Page view: /home by u3685,E103,Page view: {page} by {user}
22964,2026-01-11,15:24:55,INFO,AuthService,User u3690 login successful,E101,User {user} login successful
22965,2026-01-11,15:24:17,INFO,PaymentGateway,User u3711 login successful,E101,User {user} login successful
22966,2026-01-11,15:35:30,INFO,WebServer,Page view: /home by u3526,E103,Page view: {page} by {user}
22967,2026-01-11,15:07:28,INFO,WebServer,Page view: /home by u1869,E103,Page view: {page} by {user}
22968,2026-01-11,15:32:17,INFO,OrderProcessor,Page view: /home by u3057,E103,Page view: {page} by {user}
22969,2026-01-11,15:28:05,INFO,AuthService,Page view: /home by u4519,E103,Page view: {page} by {user}
22970,2026-01-11,15:26:41,INFO,AuthService,Transaction tx706067 completed in 1723ms,E104,Transaction {tx} completed in {time}ms
22971,2026-01-11,15:55:11,INFO,AuthService,Transaction tx399643 completed in 1795ms,E104,Transaction {tx} completed in {time}ms
22972,2026-01-11,15:11:41,INFO,WebServer,User u1208 login successful,E101,User {user} login successful
22973,2026-01-11,15:18:37,INFO,OrderProcessor,Health check passed: OrderProcessor,E102,Health check passed: {service}
22974,2026-01-11,15:02:41,INFO,AuthService,User u4971 login successful,E101,User {user} login successful
22975,2026-01-11,15:02:58,INFO,OrderProcessor,Health check passed: OrderProcessor,E102,Health check passed: {service}
22976,2026-01-11,15:52:55,INFO,WebServer,User u4255 login successful,E101,User {user} login successful
22977,2026-01-11,15:53:29,INFO,AuthService,Health check passed: AuthService,E102,Health check passed: {service}
22978,2026-01-11,15:05:48,INFO,WebServer,Page view: /home by u3737,E103,Page view: {page} by {user}
22979,2026-01-11,15:13:34,INFO,OrderProcessor,Page view: /home by u4092,E103,Page view: {page} by {user}
22980,2026-01-11,15:27:11,INFO,PaymentGateway,Page view: /home by u2485,E103,Page view: {page} by {user}
22981,2026-01-11,15:21:16,INFO,PaymentGateway,Transaction tx549723 completed in 1548ms,E104,Transaction {tx} completed in {time}ms
22982,2026-01-11,15:58:44,INFO,AuthService,User u4578 login successful,E101,User {user} login successful
22983,2026-01-11,15:45:22,WARN,AuthService,Disk usage > 85% on node node-1,E202,Disk usage > 85% on node {node}
22984,2026-01-11,15:44:48,INFO,WebServer,Page view: /home by u4265,E103,Page view: {page} by {user}
22985,2026-01-11,15:07:19,INFO,WebServer,Transaction tx143999 completed in 651ms,E104,Transaction {tx} completed in {time}ms
22986,2026-01-11,15:17:42,INFO,WebServer,User u2019 login successful,E101,User {user} login successful
22987,2026-01-11,15:21:33,INFO,WebServer,Page view: /home by u1312,E103,Page view: {page} by {user}
22988,2026-01-11,15:26:58,INFO,WebServer,Health check passed: WebServer,E102,Health check passed: {service}
22989,2026-01-11,15:46:55,INFO,AuthService,Transaction tx816453 completed in 1794ms,E104,Transaction {tx} completed in {time}ms
22990,2026-01-11,15:26:16,INFO,InventoryDB,Health check passed: InventoryDB,E102,Health check passed: {service}
22991,2026-01-11,15:43:34,INFO,WebServer,Transaction tx571462 completed in 878ms,E104,Transaction {tx} completed in {time}ms
22992,2026-01-11,15:13:58,INFO,WebServer,Health check passed: WebServer,E102,Health check passed: {service}
22993,2026-01-11,15:37:09,INFO,WebServer,Page view: /home by u4589,E103,Page view: {page} by {user}
22994,2026-01-11,15:41:40,INFO,WebServer,Health check passed: WebServer,E102,Health check passed: {service}
22995,2026-01-11,15:50:03,INFO,WebServer,Health check passed: WebServer,E102,Health check passed: {service}
22996,2026-01-11,15:54:18,INFO,WebServer,User u1892 login successful,E101,User {user} login successful
22997,2026-01-11,15:09:04,INFO,PaymentGateway,Transaction tx221549 completed in 1545ms,E104,Transaction {tx} completed in {time}ms
22998,2026-01-11,15:44:14,WARN,WebServer,Unauthorized access attempt from 10.0.0.45,E401,Unauthorized access attempt from {ip}
22999,2026-01-11,15:02:13,INFO,WebServer,Page view: /home by u2702,E103,Page view: {page} by {user}
23000,2026-01-11,15:32:14,INFO,WebServer,Health check passed: WebServer,E102,Health check passed: {service}
23001,2026-01-11,15:05:40,INFO,AuthService,User u1459 login successful,E101,User {user} login successful
23002,2026-01-11,15:15:12,INFO,AuthService,User u2325 login successful,E101,User {user} login successful
23003,2026-01-11,15:17:37,INFO,WebServer,Page view: /home by u1416,E103,Page view: {page} by {user}
23004,2026-01-11,15:55:15,INFO,AuthService,Transaction tx141987 completed in 1290ms,E104,Transaction {tx} completed in {time}ms
23005,2026-01-11,15:08:15,WARN,AuthService,High latency (1317ms) detected on AuthService,E201,High latency ({time}ms) detected on {service}
23006,2026-01-11,15:33:02,INFO,OrderProcessor,Transaction tx188621 completed in 1715ms,E104,Transaction {tx} completed in {time}ms
23007,2026-01-11,15:40:43,INFO,OrderProcessor,Health check passed: OrderProcessor,E102,Health check passed: {service}
23008,2026-01-11,15:10:24,INFO,OrderProcessor,User u4083 login successful,E101,User {user} login successful
23009,2026-01-11,15:04:43,INFO,AuthService,User u2224 login successful,E101,User {user} login successful
23010,2026-01-11,15:02:48,INFO,WebServer,User u4266 login successful,E101,User {user} login successful
23011,2026-01-11,15:39:28,INFO,OrderProcessor,Page view: /home by u3569,E103,Page view: {page} by {user}
23012,2026-01-11,15:12:42,INFO,WebServer,Health check passed: WebServer,E102,Health check passed: {service}
23013,2026-01-11,15:04:16,INFO,WebServer,User u1158 login successful,E101,User {user} login successful
23014,2026-01-11,15:44:03,INFO,AuthService,Health check passed: AuthService,E102,Health check passed: {service}
23015,2026-01-11,15:55:21,INFO,AuthService,Health check passed: AuthService,E102,Health check passed: {service}
23016,2026-01-11,15:03:41,INFO,WebServer,Transaction tx828465 completed in 851ms,E104,Transaction {tx} completed in {time}ms
23017,2026-01-11,15:51:05,INFO,WebServer,Transaction tx671721 completed in 819ms,E104,Transaction {tx} completed in {time}ms
23018,2026-01-11,15:01:35,INFO,OrderProcessor,Transaction tx604499 completed in 1079ms,E104,Transaction {tx} completed in {time}ms
23019,2026-01-11,15:03:10,INFO,OrderProcessor,Health check passed: OrderProcessor,E102,Health check passed: {service}
23020,2026-01-11,15:22:09,INFO,OrderProcessor,Transaction tx872160 completed in 88ms,E104,Transaction {tx} completed in {time}ms
23021,2026-01-11,15:26:16,INFO,InventoryDB,Page view: /home by u2400,E103,Page view: {page} by {user}
23022,2026-01-11,15:50:35,INFO,WebServer,Health check passed: WebServer,E102,Health check passed: {service}
23023,2026-01-11,15:42:50,INFO,WebServer,Transaction tx390632 completed in 39ms,E104,Transaction {tx} completed in {time}ms
23024,2026-01-11,15:32:27,INFO,WebServer,User u3683 login successful,E101,User {user} login successful
23025,2026-01-11,15:26:13,INFO,OrderProcessor,Page view: /home by u3432,E103,Page view: {page} by {user}
23026,2026-01-11,15:49:03,INFO,OrderProcessor,Transaction tx960228 completed in 1279ms,E104,Transaction {tx} completed in {time}ms
23027,2026-01-11,15:46:13,INFO,AuthService,Health check passed: AuthService,E102,Health check passed: {service}
23028,2026-01-11,15:09:15,INFO,OrderProcessor,Health check passed: OrderProcessor,E102,Health check passed: {service}
23029,2026-01-11,15:06:59,INFO,AuthService,Health check passed: AuthService,E102,Health check passed: {service}
23030,2026-01-11,15:53:53,INFO,WebServer,Health check passed: WebServer,E102,Health check passed: {service}
23031,2026-01-11,15:22:00,INFO,OrderProcessor,Health check passed: OrderProcessor,E102,Health check passed: {service}
23032,2026-01-11,15:47:29,WARN,InventoryDB,High latency (55ms) detected on InventoryDB,E201,High latency ({time}ms) detected on {service}
23033,2026-01-11,15:39:22,INFO,OrderProcessor,Page view: /home by u4892,E103,Page view: {page} by {user}
23034,2026-01-11,15:47:48,INFO,AuthService,User u1539 login successful,E101,User {user} login successful
23035,2026-01-11,15:36:29,INFO,AuthService,Health check passed: AuthService,E102,Health check passed: {service}
23036,2026-01-11,15:38:43,INFO,WebServer,Health check passed: WebServer,E102,Health check passed: {service}
23037,2026-01-11,15:01:29,INFO,WebServer,User u3487 login successful,E101,User {user} login successful
23038,2026-01-11,15:44:57,INFO,WebServer,User u4240 login successful,E101,User {user} login successful
23039,2026-01-11,15:54:31,INFO,AuthService,Transaction tx280705 completed in 593ms,E104,Transaction {tx} completed in {time}ms
23040,2026-01-11,15:56:40,INFO,WebServer,Health check passed: WebServer,E102,Health check passed: {service}
23041,2026-01-11,15:24:17,INFO,WebServer,Page view: /home by u4860,E103,Page view: {page} by {user}
23042,2026-01-11,15:33:34,INFO,OrderProcessor,User u4982 login successful,E101,User {user} login successful
23043,2026-01-11,15:39:04,INFO,WebServer,User u1293 login successful,E101,User {user} login successful
23044,2026-01-11,15:39:32,INFO,InventoryDB,User u3792 login successful,E101,User {user} login successful
23045,2026-01-11,15:54:01,ERROR,PaymentGateway,Payment declined: Gateway unavailable,E503,Payment declined: Gateway unavailable
23046,2026-01-11,15:56:33,INFO,WebServer,Health check passed: WebServer,E102,Health check passed: {service}
23047,2026-01-11,15:00:17,INFO,AuthService,User u1129 login successful,E101,User {user} login successful
23048,2026-01-11,15:40:36,INFO,WebServer,User u1865 login successful,E101,User {user} login successful
23049,2026-01-11,15:54:48,INFO,WebServer,Transaction tx725309 completed in 573ms,E104,Transaction {tx} completed in {time}ms
23050,2026-01-11,15:11:37,INFO,PaymentGateway,Health check passed: PaymentGateway,E102,Health check passed: {service}
23051,2026-01-11,15:46:27,INFO,OrderProcessor,User u4791 login successful,E101,User {user} login successful
23052,2026-01-11,15:10:31,INFO,WebServer,Health check passed: WebServer,E102,Health check passed: {service}
23053,2026-01-11,15:59:03,INFO,WebServer,Health check passed: WebServer,E102,Health check passed: {service}
23054,2026-01-11,15:59:32,INFO,AuthService,Transaction tx621672 completed in 739ms,E104,Transaction {tx} completed in {time}ms
23055,2026-01-11,15:22:41,INFO,InventoryDB,Transaction tx807327 completed in 1818ms,E104,Transaction {tx} completed in {time}ms
23056,2026-01-11,15:07:48,INFO,WebServer,Transaction tx539888 completed in 1024ms,E104,Transaction {tx} completed in {time}ms
23057,2026-01-11,15:48:07,INFO,AuthService,User u3946 login successful,E101,User {user} login successful
23058,2026-01-11,15:36:33,INFO,InventoryDB,Health check passed: InventoryDB,E102,Health check passed: {service}
23059,2026-01-11,15:51:48,INFO,PaymentGateway,User u1460 login successful,E101,User {user} login successful
23060,2026-01-11,15:14:29,INFO,WebServer,Health check passed: WebServer,E102,Health check passed: {service}
23061,2026-01-11,15:48:08,WARN,OrderProcessor,Disk usage > 85% on node node-5,E202,Disk usage > 85% on node {node}
23062,2026-01-11,15:58:33,WARN,PaymentGateway,High latency (176ms) detected on PaymentGateway,E201,High latency ({time}ms) detected on {service}
23063,2026-01-11,15:56:51,INFO,WebServer,Page view: /home by u2631,E103,Page view: {page} by {user}
23064,2026-01-11,15:18:52,WARN,WebServer,Unauthorized access attempt from 192.168.1.5,E401,Unauthorized access attempt from {ip}
23065,2026-01-11,15:00:11,INFO,AuthService,Transaction tx927011 completed in 1589ms,E104,Transaction {tx} completed in {time}ms
23066,2026-01-11,15:22:05,INFO,OrderProcessor,Health check passed: OrderProcessor,E102,Health check passed: {service}
23067,2026-01-11,15:02:18,INFO,PaymentGateway,Health check passed: PaymentGateway,E102,Health check passed: {service}
23068,2026-01-11,15:19:12,INFO,WebServer,Transaction tx957820 completed in 768ms,E104,Transaction {tx} completed in {time}ms
23069,2026-01-11,15:18:21,INFO,AuthService,Transaction tx378885 completed in 1140ms,E104,Transaction {tx} completed in {time}ms
23070,2026-01-11,15:55:25,INFO,AuthService,Health check passed: AuthService,E102,Health check passed: {service}
23071,2026-01-11,15:40:59,WARN,WebServer,Unauthorized access attempt from 10.0.0.88,E401,Unauthorized access attempt from {ip}
23072,2026-01-11,15:44:03,WARN,WebServer,Unauthorized access attempt from 10.0.0.45,E401,Unauthorized access attempt from {ip}
23073,2026-01-11,15:25:43,INFO,InventoryDB,Health check passed: InventoryDB,E102,Health check passed: {service}
23074,2026-01-11,15:57:11,INFO,OrderProcessor,Transaction tx300972 completed in 1512ms,E104,Transaction {tx} completed in {time}ms
23075,2026-01-11,15:02:09,INFO,AuthService,Page view: /home by u2120,E103,Page view: {page} by {user}
23076,2026-01-11,15:20:16,INFO,WebServer,Transaction tx282215 completed in 1764ms,E104,Transaction {tx} completed in {time}ms
23077,2026-01-11,15:12:36,INFO,WebServer,Transaction tx898494 completed in 1067ms,E104,Transaction {tx} completed in {time}ms
23078,2026-01-11,15:48:09,INFO,AuthService,Transaction tx872063 completed in 55ms,E104,Transaction {tx} completed in {time}ms
23079,2026-01-11,15:13:49,WARN,AuthService,Unauthorized access attempt from 10.0.0.88,E401,Unauthorized access attempt from {ip}
23080,2026-01-11,15:53:41,INFO,PaymentGateway,Transaction tx717083 completed in 1487ms,E104,Transaction {tx} completed in {time}ms
23081,2026-01-11,15:04:04,INFO,OrderProcessor,Transaction tx964915 completed in 250ms,E104,Transaction {tx} completed in {time}ms
23082,2026-01-11,15:33:53,INFO,PaymentGateway,Transaction tx703847 completed in 531ms,E104,Transaction {tx} completed in {time}ms
23083,2026-01-11,15:58:16,INFO,WebServer,Health check passed: WebServer,E102,Health check passed: {service}
23084,2026-01-11,15:44:01,INFO,OrderProcessor,Page view: /home by u4124,E103,Page view: {page} by {user}
23085,2026-01-11,15:57:27,INFO,OrderProcessor,Health check passed: OrderProcessor,E102,Health check passed: {service}
23086,2026-01-11,15:21:07,INFO,AuthService,Health check passed: AuthService,E102,Health check passed: {service}
23087,2026-01-11,15:53:18,INFO,AuthService,Page view: /home by u1190,E103,Page view: {page} by {user}
23088,2026-01-11,15:49:56,INFO,InventoryDB,Health check passed: InventoryDB,E102,Health check passed: {service}
23089,2026-01-11,15:45:53,WARN,WebServer,High latency (171ms) detected on WebServer,E201,High latency ({time}ms) detected on {service}
23090,2026-01-11,15:49:42,INFO,WebServer,Page view: /home by u1915,E103,Page view: {page} by {user}
23091,2026-01-11,15:29:20,INFO,AuthService,Page view: /home by u2188,E103,Page view: {page} by {user}
23092,2026-01-11,15:45:39,INFO,OrderProcessor,User u4392 login successful,E101,User {user} login successful
23093,2026-01-11,15:17:41,INFO,AuthService,User u1727 login successful,E101,User {user} login successful
23094,2026-01-11,15:26:51,INFO,WebServer,Health check passed: WebServer,E102,Health check passed: {service}
23095,2026-01-11,15:13:03,INFO,AuthService,Page view: /home by u4748,E103,Page view: {page} by {user}
23096,2026-01-11,15:15:54,INFO,PaymentGateway,Health check passed: PaymentGateway,E102,Health check passed: {service}
23097,2026-01-11,15:17:29,INFO,PaymentGateway,Page view: /home by u4367,E103,Page view: {page} by {user}
23098,2026-01-11,15:50:51,INFO,WebServer,Transaction tx159847 completed in 688ms,E104,Transaction {tx} completed in {time}ms
23099,2026-01-11,15:15:51,INFO,OrderProcessor,Health check passed: OrderProcessor,E102,Health check passed: {service}
23100,2026-01-11,15:59:12,INFO,WebServer,Page view: /home by u1973,E103,Page view: {page} by {user}
23101,2026-01-11,15:10:35,INFO,WebServer,Health check passed: WebServer,E102,Health check passed: {service}
23102,2026-01-11,15:21:02,INFO,PaymentGateway,Page view: /home by u3587,E103,Page view: {page} by {user}
23103,2026-01-11,15:01:31,INFO,WebServer,User u3567 login successful,E101,User {user} login successful
23104,2026-01-11,15:04:52,INFO,AuthService,Page view: /home by u3529,E103,Page view: {page} by {user}
23105,2026-01-11,15:44:39,INFO,WebServer,Page view: /home by u3917,E103,Page view: {page} by {user}
23106,2026-01-11,15:31:02,INFO,WebServer,User u3194 login successful,E101,User {user} login successful
23107,2026-01-11,15:41:17,WARN,WebServer,Unauthorized access attempt from 10.0.0.45,E401,Unauthorized access attempt from {ip}
23108,2026-01-11,15:56:39,INFO,InventoryDB,Health check passed: InventoryDB,E102,Health check passed: {service}
23109,2026-01-11,15:46:58,INFO,AuthService,User u2354 login successful,E101,User {user} login successful
23110,2026-01-11,15:24:14,INFO,OrderProcessor,Health check passed: OrderProcessor,E102,Health check passed: {service}
23111,2026-01-11,15:18:35,INFO,OrderProcessor,Health check passed: OrderProcessor,E102,Health check passed: {service}
23112,2026-01-11,15:46:49,INFO,PaymentGateway,User u4560 login successful,E101,User {user} login successful
23113,2026-01-11,15:23:22,INFO,WebServer,Transaction tx551376 completed in 356ms,E104,Transaction {tx} completed in {time}ms
23114,2026-01-11,15:23:20,INFO,PaymentGateway,Page view: /home by u2434,E103,Page view: {page} by {user}
23115,2026-01-11,15:43:27,INFO,WebServer,User u1616 login successful,E101,User {user} login successful
23116,2026-01-11,15:19:54,INFO,WebServer,Page view: /home by u4539,E103,Page view: {page} by {user}
23117,2026-01-11,15:25:00,INFO,AuthService,Transaction tx523778 completed in 950ms,E104,Transaction {tx} completed in {time}ms
23118,2026-01-11,15:24:31,INFO,PaymentGateway,User u2924 login successful,E101,User {user} login successful
23119,2026-01-11,15:19:41,INFO,WebServer,Page view: /home by u1527,E103,Page view: {page} by {user}
23120,2026-01-11,15:51:30,INFO,AuthService,Page view: /home by u3780,E103,Page view: {page} by {user}
23121,2026-01-11,15:32:54,INFO,OrderProcessor,Transaction tx540803 completed in 1906ms,E104,Transaction {tx} completed in {time}ms
23122,2026-01-11,15:26:44,INFO,OrderProcessor,User u2745 login successful,E101,User {user} login successful
23123,2026-01-11,15:35:10,INFO,OrderProcessor,Health check passed: OrderProcessor,E102,Health check passed: {service}
23124,2026-01-11,15:51:05,INFO,OrderProcessor,Health check passed: OrderProcessor,E102,Health check passed: {service}
23125,2026-01-11,15:10:43,WARN,WebServer,Unauthorized access attempt from 10.0.0.45,E401,Unauthorized access attempt from {ip}
23126,2026-01-11,15:39:11,INFO,AuthService,Health check passed: AuthService,E102,Health check passed: {service}
23127,2026-01-11,15:29:32,INFO,WebServer,Transaction tx896866 completed in 1712ms,E104,Transaction {tx} completed in {time}ms
23128,2026-01-11,15:46:27,INFO,AuthService,Health check passed: AuthService,E102,Health check passed: {service}
23129,2026-01-11,15:10:22,INFO,OrderProcessor,Transaction tx580407 completed in 595ms,E104,Transaction {tx} completed in {time}ms
23130,2026-01-11,15:18:23,INFO,AuthService,User u4160 login successful,E101,User {user} login successful
23131,2026-01-11,15:35:01,INFO,WebServer,Health check passed: WebServer,E102,Health check passed: {service}
23132,2026-01-11,15:30:13,INFO,WebServer,Transaction tx244317 completed in 1985ms,E104,Transaction {tx} completed in {time}ms
23133,2026-01-11,15:28:24,INFO,WebServer,User u4987 login successful,E101,User {user} login successful
23134,2026-01-11,15:13:29,INFO,OrderProcessor,Transaction tx137634 completed in 1632ms,E104,Transaction {tx} completed in {time}ms
23135,2026-01-11,15:18:37,INFO,WebServer,Transaction tx840626 completed in 1306ms,E104,Transaction {tx} completed in {time}ms
23136,2026-01-11,15:54:02,INFO,PaymentGateway,User u3555 login successful,E101,User {user} login successful
23137,2026-01-11,15:16:48,INFO,WebServer,Transaction tx640896 completed in 490ms,E104,Transaction {tx} completed in {time}ms
23138,2026-01-11,15:38:49,INFO,WebServer,Health check passed: WebServer,E102,Health check passed: {service}
23139,2026-01-11,15:15:54,INFO,WebServer,Transaction tx725084 completed in 1259ms,E104,Transaction {tx} completed in {time}ms
23140,2026-01-11,15:47:18,INFO,WebServer,User u2551 login successful,E101,User {user} login successful
23141,2026-01-11,15:22:43,INFO,AuthService,Health check passed: AuthService,E102,Health check passed: {service}
23142,2026-01-11,15:33:01,INFO,WebServer,Health check passed: WebServer,E102,Health check passed: {service}
23143,2026-01-11,15:39:29,INFO,AuthService,Page view: /home by u1190,E103,Page view: {page} by {user}
23144,2026-01-11,15:38:22,INFO,AuthService,User u4962 login successful,E101,User {user} login successful
23145,2026-01-11,15:25:42,WARN,WebServer,Disk usage > 85% on node node-5,E202,Disk usage > 85% on node {node}
23146,2026-01-11,15:55:03,INFO,WebServer,Page view: /home by u1733,E103,Page view: {page} by {user}
23147,2026-01-11,15:30:04,INFO,AuthService,Page view: /home by u1939,E103,Page view: {page} by {user}
23148,2026-01-11,15:34:14,INFO,PaymentGateway,Health check passed: PaymentGateway,E102,Health check passed: {service}
23149,2026-01-11,15:36:45,INFO,WebServer,Transaction tx890352 completed in 1062ms,E104,Transaction {tx} completed in {time}ms
23150,2026-01-11,15:41:50,INFO,PaymentGateway,Health check passed: PaymentGateway,E102,Health check passed: {service}
23151,2026-01-11,15:49:04,INFO,AuthService,Transaction tx223402 completed in 257ms,E104,Transaction {tx} completed in {time}ms
23152,2026-01-11,15:58:26,INFO,WebServer,Transaction tx756652 completed in 151ms,E104,Transaction {tx} completed in {time}ms
23153,2026-01-11,15:29:42,INFO,AuthService,User u4939 login successful,E101,User {user} login successful
23154,2026-01-11,15:57:16,INFO,PaymentGateway,Page view: /home by u4051,E103,Page view: {page} by {user}
23155,2026-01-11,15:57:21,INFO,WebServer,Page view: /home by u4679,E103,Page view: {page} by {user}
23156,2026-01-11,15:02:04,INFO,WebServer,Page view: /home by u1411,E103,Page view: {page} by {user}
23157,2026-01-11,15:48:01,WARN,OrderProcessor,Unauthorized access attempt from 10.0.0.10,E401,Unauthorized access attempt from {ip}
23158,2026-01-11,15:24:58,INFO,AuthService,Transaction tx112436 completed in 1085ms,E104,Transaction {tx} completed in {time}ms
23159,2026-01-11,15:13:39,INFO,WebServer,User u3374 login successful,E101,User {user} login successful
23160,2026-01-11,15:52:12,WARN,AuthService,Unauthorized access attempt from 10.0.0.45,E401,Unauthorized access attempt from {ip}
23161,2026-01-11,15:54:33,INFO,WebServer,Health check passed: WebServer,E102,Health check passed: {service}
23162,2026-01-11,15:32:43,INFO,OrderProcessor,Page view: /home by u2269,E103,Page view: {page} by {user}
23163,2026-01-11,15:59:08,INFO,AuthService,Health check passed: AuthService,E102,Health check passed: {service}
23164,2026-01-11,15:33:19,INFO,OrderProcessor,Health check passed: OrderProcessor,E102,Health check passed: {service}
23165,2026-01-11,15:58:16,INFO,AuthService,Health check passed: AuthService,E102,Health check passed: {service}
23166,2026-01-11,15:01:39,WARN,WebServer,Unauthorized access attempt from 10.0.0.45,E401,Unauthorized access attempt from {ip}
23167,2026-01-11,15:28:56,INFO,AuthService,Transaction tx973889 completed in 1073ms,E104,Transaction {tx} completed in {time}ms
23168,2026-01-11,15:23:29,INFO,OrderProcessor,Transaction tx842835 completed in 267ms,E104,Transaction {tx} completed in {time}ms
23169,2026-01-11,15:36:25,WARN,OrderProcessor,Unauthorized access attempt from 10.0.0.12,E401,Unauthorized access attempt from {ip}
23170,2026-01-11,15:58:58,INFO,WebServer,Transaction tx337142 completed in 927ms,E104,Transaction {tx} completed in {time}ms
23171,2026-01-11,15:27:26,INFO,WebServer,Page view: /home by u2312,E103,Page view: {page} by {user}
23172,2026-01-11,15:18:33,INFO,OrderProcessor,User u3165 login successful,E101,User {user} login successful
23173,2026-01-11,15:28:42,INFO,WebServer,Transaction tx131007 completed in 943ms,E104,Transaction {tx} completed in {time}ms
23174,2026-01-11,15:00:35,INFO,AuthService,Health check passed: AuthService,E102,Health check passed: {service}
23175,2026-01-11,15:00:15,INFO,OrderProcessor,Health check passed: OrderProcessor,E102,Health check passed: {service}
23176,2026-01-11,15:55:46,INFO,WebServer,Transaction tx468242 completed in 931ms,E104,Transaction {tx} completed in {time}ms
23177,2026-01-11,15:31:45,INFO,PaymentGateway,Transaction tx880397 completed in 1301ms,E104,Transaction {tx} completed in {time}ms
23178,2026-01-11,15:27:23,INFO,PaymentGateway,Page view: /home by u3715,E103,Page view: {page} by {user}
23179,2026-01-11,15:46:46,INFO,OrderProcessor,Page view: /home by u2284,E103,Page view: {page} by {user}
23180,2026-01-11,15:20:16,INFO,OrderProcessor,Health check passed: OrderProcessor,E102,Health check passed: {service}
23181,2026-01-11,15:34:16,INFO,WebServer,Transaction tx768638 completed in 885ms,E104,Transaction {tx} completed in {time}ms
23182,2026-01-11,15:20:54,INFO,OrderProcessor,Page view: /home by u2308,E103,Page view: {page} by {user}
23183,2026-01-11,15:35:48,INFO,AuthService,Page view: /home by u3123,E103,Page view: {page} by {user}
23184,2026-01-11,15:27:18,WARN,PaymentGateway,Disk usage > 85% on node node-2,E202,Disk usage > 85% on node {node}
23185,2026-01-11,15:21:50,INFO,WebServer,Health check passed: WebServer,E102,Health check passed: {service}
23186,2026-01-11,15:17:14,INFO,InventoryDB,Health check passed: InventoryDB,E102,Health check passed: {service}
23187,2026-01-11,15:02:41,INFO,WebServer,Health check passed: WebServer,E102,Health check passed: {service}
23188,2026-01-11,15:38:16,INFO,AuthService,User u1917 login successful,E101,User {user} login successful
23189,2026-01-11,15:55:50,INFO,WebServer,Health check passed: WebServer,E102,Health check passed: {service}
23190,2026-01-11,15:27:22,INFO,PaymentGateway,User u1082 login successful,E101,User {user} login successful
23191,2026-01-11,15:13:07,INFO,WebServer,Health check passed: WebServer,E102,Health check passed: {service}
23192,2026-01-11,15:33:57,WARN,WebServer,High latency (587ms) detected on WebServer,E201,High latency ({time}ms) detected on {service}
23193,2026-01-11,15:54:37,INFO,OrderProcessor,Health check passed: OrderProcessor,E102,Health check passed: {service}
23194,2026-01-11,15:15:40,INFO,AuthService,User u1482 login successful,E101,User {user} login successful
23195,2026-01-11,15:09:01,INFO,AuthService,Page view: /home by u3361,E103,Page view: {page} by {user}
23196,2026-01-11,15:58:50,INFO,AuthService,Transaction tx970200 completed in 1517ms,E104,Transaction {tx} completed in {time}ms
23197,2026-01-11,15:50:26,INFO,WebServer,Transaction tx655732 completed in 1422ms,E104,Transaction {tx} completed in {time}ms
23198,2026-01-11,15:06:06,INFO,WebServer,User u4709 login successful,E101,User {user} login successful
23199,2026-01-11,15:43:14,INFO,WebServer,Page view: /home by u3243,E103,Page view: {page} by {user}
23200,2026-01-11,15:52:54,INFO,WebServer,Page view: /home by u2374,E103,Page view: {page} by {user}
23201,2026-01-11,15:07:23,INFO,AuthService,User u2823 login successful,E101,User {user} login successful
23202,2026-01-11,15:43:12,INFO,WebServer,Transaction tx417665 completed in 728ms,E104,Transaction {tx} completed in {time}ms
23203,2026-01-11,15:38:06,INFO,PaymentGateway,Health check passed: PaymentGateway,E102,Health check passed: {service}
23204,2026-01-11,15:57:19,INFO,WebServer,Page view: /home by u2223,E103,Page view: {page} by {user}
23205,2026-01-11,15:29:07,INFO,WebServer,Page view: /home by u2061,E103,Page view: {page} by {user}
23206,2026-01-11,15:46:06,INFO,PaymentGateway,User u4829 login successful,E101,User {user} login successful
23207,2026-01-11,15:27:12,INFO,WebServer,User u4749 login successful,E101,User {user} login successful
23208,2026-01-11,15:42:32,INFO,PaymentGateway,Health check passed: PaymentGateway,E102,Health check passed: {service}
23209,2026-01-11,15:12:53,WARN,WebServer,High latency (487ms) detected on WebServer,E201,High latency ({time}ms) detected on {service}
23210,2026-01-11,15:24:36,INFO,InventoryDB,Transaction tx854584 completed in 1820ms,E104,Transaction {tx} completed in {time}ms
23211,2026-01-11,15:17:29,INFO,WebServer,Transaction tx652064 completed in 332ms,E104,Transaction {tx} completed in {time}ms
23212,2026-01-11,15:42:56,INFO,PaymentGateway,Transaction tx191133 completed in 745ms,E104,Transaction {tx} completed in {time}ms
23213,2026-01-11,15:46:01,INFO,WebServer,Page view: /home by u2961,E103,Page view: {page} by {user}
23214,2026-01-11,15:08:24,INFO,OrderProcessor,Transaction tx869284 completed in 400ms,E104,Transaction {tx} completed in {time}ms
23215,2026-01-11,15:56:37,INFO,PaymentGateway,Page view: /home by u4386,E103,Page view: {page} by {user}
23216,2026-01-11,15:21:39,INFO,AuthService,Transaction tx504970 completed in 1569ms,E104,Transaction {tx} completed in {time}ms
23217,2026-01-11,15:26:34,INFO,WebServer,User u4043 login successful,E101,User {user} login successful
23218,2026-01-11,15:24:11,INFO,OrderProcessor,Health check passed: OrderProcessor,E102,Health check passed: {service}
23219,2026-01-11,15:16:17,INFO,AuthService,User u1250 login successful,E101,User {user} login successful
23220,2026-01-11,15:56:13,INFO,AuthService,User u4903 login successful,E101,User {user} login successful
23221,2026-01-11,15:27:56,INFO,AuthService,Transaction tx993917 completed in 1034ms,E104,Transaction {tx} completed in {time}ms
23222,2026-01-11,15:18:54,INFO,WebServer,User u3429 login successful,E101,User {user} login successful
23223,2026-01-11,15:22:35,INFO,WebServer,Transaction tx335720 completed in 383ms,E104,Transaction {tx} completed in {time}ms
23224,2026-01-11,15:55:31,INFO,OrderProcessor,Health check passed: OrderProcessor,E102,Health check passed: {service}
23225,2026-01-11,15:21:53,WARN,PaymentGateway,Unauthorized access attempt from 10.0.0.45,E401,Unauthorized access attempt from {ip}
23226,2026-01-11,15:45:32,INFO,AuthService,User u3518 login successful,E101,User {user} login successful
23227,2026-01-11,15:52:01,INFO,PaymentGateway,User u3315 login successful,E101,User {user} login successful
23228,2026-01-11,15:01:45,INFO,WebServer,Page view: /home by u4308,E103,Page view: {page} by {user}
23229,2026-01-11,15:50:43,INFO,WebServer,User u1108 login successful,E101,User {user} login successful
23230,2026-01-11,15:39:06,INFO,InventoryDB,Health check passed: InventoryDB,E102,Health check passed: {service}
23231,2026-01-11,15:54:11,INFO,OrderProcessor,Page view: /home by u3483,E103,Page view: {page} by {user}
23232,2026-01-11,15:37:54,INFO,WebServer,Page view: /home by u1291,E103,Page view: {page} by {user}
23233,2026-01-11,15:37:56,INFO,AuthService,Health check passed: AuthService,E102,Health check passed: {service}
23234,2026-01-11,15:58:15,INFO,AuthService,Health check passed: AuthService,E102,Health check passed: {service}
23235,2026-01-11,15:01:12,INFO,WebServer,Health check passed: WebServer,E102,Health check passed: {service}
23236,2026-01-11,15:35:31,INFO,PaymentGateway,Transaction tx680802 completed in 599ms,E104,Transaction {tx} completed in {time}ms
23237,2026-01-11,15:04:40,INFO,WebServer,Page view: /home by u1985,E103,Page view: {page} by {user}
23238,2026-01-11,15:13:30,INFO,AuthService,User u3374 login successful,E101,User {user} login successful
23239,2026-01-11,15:00:12,WARN,PaymentGateway,High latency (1621ms) detected on PaymentGateway,E201,High latency ({time}ms) detected on {service}
23240,2026-01-11,15:49:33,INFO,WebServer,Page view: /home by u4232,E103,Page view: {page} by {user}
23241,2026-01-11,15:00:41,INFO,PaymentGateway,Page view: /home by u2876,E103,Page view: {page} by {user}
23242,2026-01-11,15:07:36,INFO,WebServer,User u2335 login successful,E101,User {user} login successful
23243,2026-01-11,15:23:26,WARN,AuthService,High latency (869ms) detected on AuthService,E201,High latency ({time}ms) detected on {service}
23244,2026-01-11,15:31:39,INFO,InventoryDB,Page view: /home by u2848,E103,Page view: {page} by {user}
23245,2026-01-11,15:04:39,INFO,AuthService,User u2075 login successful,E101,User {user} login successful
23246,2026-01-11,15:47:44,INFO,WebServer,Health check passed: WebServer,E102,Health check passed: {service}
23247,2026-01-11,15:02:57,INFO,InventoryDB,User u2844 login successful,E101,User {user} login successful
23248,2026-01-11,15:22:34,INFO,OrderProcessor,User u1524 login successful,E101,User {user} login successful
23249,2026-01-11,15:53:22,INFO,AuthService,Health check passed: AuthService,E102,Health check passed: {service}
23250,2026-01-11,15:16:04,INFO,AuthService,Health check passed: AuthService,E102,Health check passed: {service}
23251,2026-01-11,15:35:43,INFO,AuthService,User u2962 login successful,E101,User {user} login successful
23252,2026-01-11,15:44:50,INFO,WebServer,User u1260 login successful,E101,User {user} login successful
23253,2026-01-11,15:41:41,INFO,AuthService,User u2656 login successful,E101,User {user} login successful
23254,2026-01-11,15:06:14,INFO,AuthService,Transaction tx523093 completed in 828ms,E104,Transaction {tx} completed in {time}ms
23255,2026-01-11,15:39:31,INFO,WebServer,Health check passed: WebServer,E102,Health check passed: {service}
23256,2026-01-11,15:40:36,INFO,WebServer,User u4500 login successful,E101,User {user} login successful
23257,2026-01-11,15:26:46,INFO,WebServer,Page view: /home by u2483,E103,Page view: {page} by {user}
23258,2026-01-11,15:07:41,INFO,OrderProcessor,User u4021 login successful,E101,User {user} login successful
23259,2026-01-11,15:30:50,INFO,OrderProcessor,Transaction tx547365 completed in 116ms,E104,Transaction {tx} completed in {time}ms
23260,2026-01-11,15:38:27,INFO,WebServer,Health check passed: WebServer,E102,Health check passed: {service}
23261,2026-01-11,15:49:06,INFO,WebServer,User u2857 login successful,E101,User {user} login successful
23262,2026-01-11,15:34:21,INFO,OrderProcessor,Page view: /home by u3907,E103,Page view: {page} by {user}
23263,2026-01-11,15:55:21,INFO,WebServer,Transaction tx111164 completed in 1873ms,E104,Transaction {tx} completed in {time}ms
23264,2026-01-11,15:00:36,INFO,PaymentGateway,Transaction tx118998 completed in 199ms,E104,Transaction {tx} completed in {time}ms
23265,2026-01-11,15:32:38,INFO,WebServer,Transaction tx477348 completed in 1973ms,E104,Transaction {tx} completed in {time}ms
23266,2026-01-11,15:50:46,INFO,PaymentGateway,User u4915 login successful,E101,User {user} login successful
23267,2026-01-11,15:41:32,INFO,WebServer,Page view: /home by u3755,E103,Page view: {page} by {user}
23268,2026-01-11,15:23:14,INFO,WebServer,Page view: /home by u2648,E103,Page view: {page} by {user}
23269,2026-01-11,15:36:52,INFO,WebServer,Health check passed: WebServer,E102,Health check passed: {service}
23270,2026-01-11,15:10:43,WARN,WebServer,Unauthorized access attempt from 10.0.0.45,E401,Unauthorized access attempt from {ip}
23271,2026-01-11,15:45:18,WARN,AuthService,Unauthorized access attempt from 10.0.0.45,E401,Unauthorized access attempt from {ip}
23272,2026-01-11,15:20:07,INFO,WebServer,Transaction tx426463 completed in 976ms,E104,Transaction {tx} completed in {time}ms
23273,2026-01-11,15:13:26,INFO,WebServer,Page view: /home by u2929,E103,Page view: {page} by {user}
23274,2026-01-11,15:24:28,INFO,WebServer,Transaction tx142306 completed in 1610ms,E104,Transaction {tx} completed in {time}ms
23275,2026-01-11,15:30:32,INFO,WebServer,Transaction tx976982 completed in 1869ms,E104,Transaction {tx} completed in {time}ms
23276,2026-01-11,15:51:55,INFO,PaymentGateway,Health check passed: PaymentGateway,E102,Health check passed: {service}
23277,2026-01-11,15:16:48,INFO,WebServer,Page view: /home by u4258,E103,Page view: {page} by {user}
23278,2026-01-11,15:52:30,INFO,WebServer,User u3087 login successful,E101,User {user} login successful
23279,2026-01-11,15:12:29,INFO,WebServer,User u4262 login successful,E101,User {user} login successful
23280,2026-01-11,15:47:18,INFO,OrderProcessor,Health check passed: OrderProcessor,E102,Health check passed: {service}
23281,2026-01-11,15:13:15,INFO,AuthService,User u3519 login successful,E101,User {user} login successful
23282,2026-01-11,15:51:19,INFO,WebServer,Page view: /home by u4045,E103,Page view: {page} by {user}
23283,2026-01-11,15:34:47,WARN,AuthService,Disk usage > 85% on node node-2,E202,Disk usage > 85% on node {node}
23284,2026-01-11,15:37:10,INFO,WebServer,Health check passed: WebServer,E102,Health check passed: {service}
23285,2026-01-11,15:39:35,INFO,WebServer,User u2317 login successful,E101,User {user} login successful
23286,2026-01-11,15:46:57,INFO,OrderProcessor,User u4296 login successful,E101,User {user} login successful
23287,2026-01-11,15:16:07,INFO,AuthService,Transaction tx295848 completed in 200ms,E104,Transaction {tx} completed in {time}ms
23288,2026-01-11,15:52:47,INFO,WebServer,Page view: /home by u1443,E103,Page view: {page} by {user}
23289,2026-01-11,15:35:49,INFO,WebServer,Health check passed: WebServer,E102,Health check passed: {service}
23290,2026-01-11,15:41:03,INFO,WebServer,User u1337 login successful,E101,User {user} login successful
23291,2026-01-11,15:05:20,INFO,PaymentGateway,Transaction tx836674 completed in 682ms,E104,Transaction {tx} completed in {time}ms
23292,2026-01-11,15:14:07,INFO,InventoryDB,Page view: /home by u3249,E103,Page view: {page} by {user}
23293,2026-01-11,15:00:49,INFO,OrderProcessor,Transaction tx876596 completed in 989ms,E104,Transaction {tx} completed in {time}ms
23294,2026-01-11,15:44:38,INFO,AuthService,Health check passed: AuthService,E102,Health check passed: {service}
23295,2026-01-11,15:13:15,INFO,WebServer,Transaction tx596183 completed in 1733ms,E104,Transaction {tx} completed in {time}ms
23296,2026-01-11,15:53:31,INFO,OrderProcessor,User u2637 login successful,E101,User {user} login successful
23297,2026-01-11,15:07:55,INFO,OrderProcessor,User u2391 login successful,E101,User {user} login successful
23298,2026-01-11,15:14:45,INFO,WebServer,Transaction tx904989 completed in 1866ms,E104,Transaction {tx} completed in {time}ms
23299,2026-01-11,15:58:07,ERROR,WebServer,Connection refused to WebServer at 10.0.0.45,E501,Connection refused to {service} at {ip}
23300,2026-01-11,15:44:38,INFO,WebServer,Health check passed: WebServer,E102,Health check passed: {service}
23301,2026-01-11,15:08:51,INFO,WebServer,Page view: /home by u3188,E103,Page view: {page} by {user}
23302,2026-01-11,15:50:08,INFO,OrderProcessor,Page view: /home by u3328,E103,Page view: {page} by {user}
23303,2026-01-11,15:12:54,INFO,WebServer,Health check passed: WebServer,E102,Health check passed: {service}
23304,2026-01-11,15:36:03,INFO,OrderProcessor,User u1526 login successful,E101,User {user} login successful
23305,2026-01-11,15:43:36,INFO,WebServer,Health check passed: WebServer,E102,Health check passed: {service}
23306,2026-01-11,15:38:33,INFO,WebServer,Health check passed: WebServer,E102,Health check passed: {service}
23307,2026-01-11,15:42:51,WARN,WebServer,High latency (792ms) detected on WebServer,E201,High latency ({time}ms) detected on {service}
23308,2026-01-11,15:11:55,INFO,AuthService,Health check passed: AuthService,E102,Health check passed: {service}
23309,2026-01-11,15:24:39,INFO,WebServer,Health check passed: WebServer,E102,Health check passed: {service}
23310,2026-01-11,15:21:48,INFO,WebServer,Page view: /home by u4807,E103,Page view: {page} by {user}
23311,2026-01-11,15:42:38,INFO,PaymentGateway,User u2499 login successful,E101,User {user} login successful
23312,2026-01-11,15:25:13,INFO,AuthService,User u4101 login successful,E101,User {user} login successful
23313,2026-01-11,15:39:45,INFO,OrderProcessor,User u3585 login successful,E101,User {user} login successful
23314,2026-01-11,15:38:37,INFO,AuthService,Transaction tx878608 completed in 1656ms,E104,Transaction {tx} completed in {time}ms
23315,2026-01-11,15:37:30,INFO,WebServer,Page view: /home by u2795,E103,Page view: {page} by {user}
23316,2026-01-11,15:25:27,INFO,InventoryDB,Health check passed: InventoryDB,E102,Health check passed: {service}
23317,2026-01-11,15:01:23,INFO,WebServer,Page view: /home by u4630,E103,Page view: {page} by {user}
23318,2026-01-11,15:08:06,INFO,WebServer,Page view: /home by u4174,E103,Page view: {page} by {user}
23319,2026-01-11,16:05:33,INFO,AuthService,Page view: /home by u2985,E103,Page view: {page} by {user}
23320,2026-01-11,16:11:01,INFO,PaymentGateway,Health check passed: PaymentGateway,E102,Health check passed: {service}
23321,2026-01-11,16:50:05,WARN,WebServer,High latency (1181ms) detected on WebServer,E201,High latency ({time}ms) detected on {service}
23322,2026-01-11,16:58:08,INFO,OrderProcessor,Health check passed: OrderProcessor,E102,Health check passed: {service}
23323,2026-01-11,16:20:14,WARN,WebServer,High latency (766ms) detected on WebServer,E201,High latency ({time}ms) detected on {service}
23324,2026-01-11,16:53:33,INFO,WebServer,Transaction tx724911 completed in 181ms,E104,Transaction {tx} completed in {time}ms
23325,2026-01-11,16:54:53,INFO,PaymentGateway,Transaction tx559095 completed in 1679ms,E104,Transaction {tx} completed in {time}ms
23326,2026-01-11,16:35:42,INFO,WebServer,Transaction tx334769 completed in 1087ms,E104,Transaction {tx} completed in {time}ms
23327,2026-01-11,16:40:27,INFO,WebServer,Page view: /home by u1807,E103,Page view: {page} by {user}
23328,2026-01-11,16:19:15,INFO,WebServer,Health check passed: WebServer,E102,Health check passed: {service}
23329,2026-01-11,16:49:23,INFO,WebServer,Health check passed: WebServer,E102,Health check passed: {service}
23330,2026-01-11,16:10:40,INFO,OrderProcessor,Transaction tx809460 completed in 100ms,E104,Transaction {tx} completed in {time}ms
23331,2026-01-11,16:15:02,INFO,AuthService,Transaction tx199854 completed in 448ms,E104,Transaction {tx} completed in {time}ms
23332,2026-01-11,16:03:28,INFO,OrderProcessor,Page view: /home by u2083,E103,Page view: {page} by {user}
23333,2026-01-11,16:59:06,INFO,WebServer,Health check passed: WebServer,E102,Health check passed: {service}
23334,2026-01-11,16:28:56,INFO,WebServer,Transaction tx546403 completed in 530ms,E104,Transaction {tx} completed in {time}ms
23335,2026-01-11,16:59:17,INFO,InventoryDB,Page view: /home by u1387,E103,Page view: {page} by {user}
23336,2026-01-11,16:59:36,INFO,OrderProcessor,Health check passed: OrderProcessor,E102,Health check passed: {service}
23337,2026-01-11,16:47:21,INFO,AuthService,Health check passed: AuthService,E102,Health check passed: {service}
23338,2026-01-11,16:48:18,INFO,WebServer,Transaction tx957672 completed in 1640ms,E104,Transaction {tx} completed in {time}ms
23339,2026-01-11,16:36:54,INFO,WebServer,User u3278 login successful,E101,User {user} login successful
23340,2026-01-11,16:31:33,INFO,WebServer,Transaction tx127465 completed in 1154ms,E104,Transaction {tx} completed in {time}ms
23341,2026-01-11,16:12:45,INFO,WebServer,Transaction tx343650 completed in 1112ms,E104,Transaction {tx} completed in {time}ms
23342,2026-01-11,16:06:47,INFO,OrderProcessor,Health check passed: OrderProcessor,E102,Health check passed: {service}
23343,2026-01-11,16:59:24,INFO,OrderProcessor,Page view: /home by u4512,E103,Page view: {page} by {user}
23344,2026-01-11,16:12:53,INFO,InventoryDB,Page view: /home by u2615,E103,Page view: {page} by {user}
23345,2026-01-11,16:58:17,INFO,WebServer,User u4362 login successful,E101,User {user} login successful
23346,2026-01-11,16:21:34,INFO,InventoryDB,Transaction tx743154 completed in 195ms,E104,Transaction {tx} completed in {time}ms
23347,2026-01-11,16:52:42,INFO,OrderProcessor,Transaction tx457768 completed in 756ms,E104,Transaction {tx} completed in {time}ms
23348,2026-01-11,16:29:43,WARN,WebServer,High latency (1936ms) detected on WebServer,E201,High latency ({time}ms) detected on {service}
23349,2026-01-11,16:31:04,INFO,OrderProcessor,Page view: /home by u3618,E103,Page view: {page} by {user}
23350,2026-01-11,16:53:35,INFO,WebServer,User u2838 login successful,E101,User {user} login successful
23351,2026-01-11,16:39:41,INFO,WebServer,Transaction tx411782 completed in 1871ms,E104,Transaction {tx} completed in {time}ms
23352,2026-01-11,16:53:35,INFO,WebServer,Transaction tx349111 completed in 1639ms,E104,Transaction {tx} completed in {time}ms
23353,2026-01-11,16:59:30,INFO,AuthService,Transaction tx310978 completed in 1803ms,E104,Transaction {tx} completed in {time}ms
23354,2026-01-11,16:45:56,INFO,WebServer,Health check passed: WebServer,E102,Health check passed: {service}
23355,2026-01-11,16:54:58,INFO,InventoryDB,Page view: /home by u4993,E103,Page view: {page} by {user}
23356,2026-01-11,16:33:51,INFO,OrderProcessor,Page view: /home by u2307,E103,Page view: {page} by {user}
23357,2026-01-11,16:08:07,INFO,WebServer,Health check passed: WebServer,E102,Health check passed: {service}
23358,2026-01-11,16:31:30,INFO,AuthService,Page view: /home by u3090,E103,Page view: {page} by {user}
23359,2026-01-11,16:28:02,INFO,PaymentGateway,Transaction tx632271 completed in 1859ms,E104,Transaction {tx} completed in {time}ms
23360,2026-01-11,16:14:53,INFO,WebServer,User u4455 login successful,E101,User {user} login successful
23361,2026-01-11,16:11:07,INFO,PaymentGateway,Transaction tx582823 completed in 1197ms,E104,Transaction {tx} completed in {time}ms
23362,2026-01-11,16:36:06,INFO,WebServer,Health check passed: WebServer,E102,Health check passed: {service}
23363,2026-01-11,16:59:27,INFO,WebServer,Health check passed: WebServer,E102,Health check passed: {service}
23364,2026-01-11,16:36:29,INFO,WebServer,User u1280 login successful,E101,User {user} login successful
23365,2026-01-11,16:14:34,INFO,OrderProcessor,Health check passed: OrderProcessor,E102,Health check passed: {service}
23366,2026-01-11,16:29:01,INFO,WebServer,Page view: /home by u4827,E103,Page view: {page} by {user}
23367,2026-01-11,16:14:19,INFO,WebServer,Page view: /home by u1916,E103,Page view: {page} by {user}
23368,2026-01-11,16:42:54,INFO,PaymentGateway,Page view: /home by u2344,E103,Page view: {page} by {user}
23369,2026-01-11,16:21:40,INFO,AuthService,Page view: /home by u2469,E103,Page view: {page} by {user}
23370,2026-01-11,16:24:58,INFO,WebServer,Health check passed: WebServer,E102,Health check passed: {service}
23371,2026-01-11,16:14:08,INFO,PaymentGateway,Transaction tx618121 completed in 928ms,E104,Transaction {tx} completed in {time}ms
23372,2026-01-11,16:06:58,INFO,WebServer,Page view: /home by u4922,E103,Page view: {page} by {user}
23373,2026-01-11,16:27:54,INFO,WebServer,Transaction tx645389 completed in 242ms,E104,Transaction {tx} completed in {time}ms
23374,2026-01-11,16:36:44,INFO,AuthService,Health check passed: AuthService,E102,Health check passed: {service}
23375,2026-01-11,16:04:38,INFO,WebServer,Health check passed: WebServer,E102,Health check passed: {service}
23376,2026-01-11,16:02:56,INFO,AuthService,Transaction tx646445 completed in 839ms,E104,Transaction {tx} completed in {time}ms
23377,2026-01-11,16:43:51,INFO,WebServer,User u4598 login successful,E101,User {user} login successful
23378,2026-01-11,16:31:23,INFO,AuthService,Transaction tx169478 completed in 780ms,E104,Transaction {tx} completed in {time}ms
23379,2026-01-11,16:20:32,INFO,OrderProcessor,User u2335 login successful,E101,User {user} login successful
23380,2026-01-11,16:47:45,INFO,WebServer,Transaction tx880887 completed in 1352ms,E104,Transaction {tx} completed in {time}ms
23381,2026-01-11,16:48:35,INFO,OrderProcessor,Page view: /home by u2857,E103,Page view: {page} by {user}
23382,2026-01-11,16:29:20,ERROR,PaymentGateway,Timeout waiting for lock on InventoryDB,E502,Timeout waiting for lock on {db}
23383,2026-01-11,16:05:39,INFO,OrderProcessor,User u2351 login successful,E101,User {user} login successful
23384,2026-01-11,16:25:20,INFO,WebServer,Health check passed: WebServer,E102,Health check passed: {service}
23385,2026-01-11,16:35:46,INFO,AuthService,Health check passed: AuthService,E102,Health check passed: {service}
23386,2026-01-11,16:22:27,INFO,PaymentGateway,User u3819 login successful,E101,User {user} login successful
23387,2026-01-11,16:30:07,INFO,WebServer,User u1066 login successful,E101,User {user} login successful
23388,2026-01-11,16:33:42,INFO,WebServer,Transaction tx518473 completed in 1592ms,E104,Transaction {tx} completed in {time}ms
23389,2026-01-11,16:21:48,INFO,WebServer,Health check passed: WebServer,E102,Health check passed: {service}
23390,2026-01-11,16:22:52,WARN,OrderProcessor,Disk usage > 85% on node node-5,E202,Disk usage > 85% on node {node}
23391,2026-01-11,16:10:41,INFO,WebServer,Page view: /home by u2113,E103,Page view: {page} by {user}
23392,2026-01-11,16:38:51,INFO,WebServer,Transaction tx984177 completed in 532ms,E104,Transaction {tx} completed in {time}ms
23393,2026-01-11,16:48:05,INFO,WebServer,Page view: /home by u4183,E103,Page view: {page} by {user}
23394,2026-01-11,16:16:13,ERROR,WebServer,Timeout waiting for lock on InventoryDB,E502,Timeout waiting for lock on {db}
23395,2026-01-11,16:12:18,INFO,WebServer,Health check passed: WebServer,E102,Health check passed: {service}
23396,2026-01-11,16:26:28,INFO,WebServer,Page view: /home by u3408,E103,Page view: {page} by {user}
23397,2026-01-11,16:28:18,WARN,OrderProcessor,High latency (422ms) detected on OrderProcessor,E201,High latency ({time}ms) detected on {service}
23398,2026-01-11,16:20:02,INFO,WebServer,Health check passed: WebServer,E102,Health check passed: {service}
23399,2026-01-11,16:08:32,INFO,WebServer,User u2335 login successful,E101,User {user} login successful
23400,2026-01-11,16:08:38,INFO,PaymentGateway,Transaction tx270715 completed in 49ms,E104,Transaction {tx} completed in {time}ms
23401,2026-01-11,16:40:27,INFO,PaymentGateway,Transaction tx152485 completed in 221ms,E104,Transaction {tx} completed in {time}ms
23402,2026-01-11,16:45:27,INFO,WebServer,User u4295 login successful,E101,User {user} login successful
23403,2026-01-11,16:29:36,INFO,AuthService,Page view: /home by u1443,E103,Page view: {page} by {user}
23404,2026-01-11,16:27:55,INFO,WebServer,Transaction tx934383 completed in 1888ms,E104,Transaction {tx} completed in {time}ms
23405,2026-01-11,16:55:30,INFO,InventoryDB,Transaction tx721246 completed in 75ms,E104,Transaction {tx} completed in {time}ms
23406,2026-01-11,16:33:51,INFO,AuthService,Health check passed: AuthService,E102,Health check passed: {service}
23407,2026-01-11,16:24:22,INFO,WebServer,User u1852 login successful,E101,User {user} login successful
23408,2026-01-11,16:31:23,INFO,OrderProcessor,Health check passed: OrderProcessor,E102,Health check passed: {service}
23409,2026-01-11,16:56:30,INFO,OrderProcessor,Transaction tx887782 completed in 1229ms,E104,Transaction {tx} completed in {time}ms
23410,2026-01-11,16:25:41,INFO,PaymentGateway,User u2519 login successful,E101,User {user} login successful
23411,2026-01-11,16:39:32,INFO,PaymentGateway,User u4698 login successful,E101,User {user} login successful
23412,2026-01-11,16:27:12,INFO,WebServer,Transaction tx283750 completed in 1487ms,E104,Transaction {tx} completed in {time}ms
23413,2026-01-11,16:14:03,INFO,WebServer,Health check passed: WebServer,E102,Health check passed: {service}
23414,2026-01-11,16:34:31,INFO,WebServer,Page view: /home by u1699,E103,Page view: {page} by {user}
23415,2026-01-11,16:41:20,INFO,PaymentGateway,User u4884 login successful,E101,User {user} login successful
23416,2026-01-11,16:35:21,INFO,WebServer,Page view: /home by u3874,E103,Page view: {page} by {user}
23417,2026-01-11,16:20:13,WARN,WebServer,Disk usage > 85% on node node-3,E202,Disk usage > 85% on node {node}
23418,2026-01-11,16:38:41,CRITICAL,AuthService,KERNEL PANIC: Node node-1 crashed,E601,KERNEL PANIC: Node {node} crashed
23419,2026-01-11,16:27:26,INFO,AuthService,Transaction tx764081 completed in 697ms,E104,Transaction {tx} completed in {time}ms
23420,2026-01-11,16:28:59,INFO,OrderProcessor,User u2054 login successful,E101,User {user} login successful
23421,2026-01-11,16:13:44,INFO,PaymentGateway,User u1225 login successful,E101,User {user} login successful
23422,2026-01-11,16:31:26,INFO,OrderProcessor,Transaction tx406228 completed in 1417ms,E104,Transaction {tx} completed in {time}ms
23423,2026-01-11,16:38:16,INFO,WebServer,Transaction tx346935 completed in 1889ms,E104,Transaction {tx} completed in {time}ms
23424,2026-01-11,16:03:07,INFO,WebServer,Page view: /home by u3312,E103,Page view: {page} by {user}
23425,2026-01-11,16:24:57,INFO,WebServer,Page view: /home by u2512,E103,Page view: {page} by {user}
23426,2026-01-11,16:15:40,INFO,WebServer,Page view: /home by u3654,E103,Page view: {page} by {user}
23427,2026-01-11,16:17:52,INFO,OrderProcessor,Page view: /home by u4129,E103,Page view: {page} by {user}
23428,2026-01-11,16:11:45,INFO,AuthService,Transaction tx886661 completed in 1171ms,E104,Transaction {tx} completed in {time}ms
23429,2026-01-11,16:55:50,INFO,WebServer,Page view: /home by u3097,E103,Page view: {page} by {user}
23430,2026-01-11,16:39:07,INFO,WebServer,Page view: /home by u2557,E103,Page view: {page} by {user}
23431,2026-01-11,16:08:46,INFO,PaymentGateway,Health check passed: PaymentGateway,E102,Health check passed: {service}
23432,2026-01-11,16:00:51,INFO,AuthService,User u4924 login successful,E101,User {user} login successful
23433,2026-01-11,16:42:04,INFO,WebServer,User u1657 login successful,E101,User {user} login successful
23434,2026-01-11,16:05:20,INFO,AuthService,Page view: /home by u4247,E103,Page view: {page} by {user}
23435,2026-01-11,16:19:44,INFO,AuthService,Health check passed: AuthService,E102,Health check passed: {service}
23436,2026-01-11,16:05:18,INFO,OrderProcessor,Transaction tx658282 completed in 1978ms,E104,Transaction {tx} completed in {time}ms
23437,2026-01-11,16:21:44,ERROR,AuthService,Timeout waiting for lock on InventoryDB,E502,Timeout waiting for lock on {db}
23438,2026-01-11,16:03:54,INFO,AuthService,Health check passed: AuthService,E102,Health check passed: {service}
23439,2026-01-11,16:33:39,INFO,AuthService,Health check passed: AuthService,E102,Health check passed: {service}
23440,2026-01-11,16:42:42,INFO,InventoryDB,Transaction tx735849 completed in 1914ms,E104,Transaction {tx} completed in {time}ms
23441,2026-01-11,16:57:31,INFO,AuthService,Health check passed: AuthService,E102,Health check passed: {service}
23442,2026-01-11,16:19:02,INFO,InventoryDB,Page view: /home by u3033,E103,Page view: {page} by {user}
23443,2026-01-11,16:56:12,INFO,WebServer,User u4182 login successful,E101,User {user} login successful
23444,2026-01-11,16:08:55,WARN,WebServer,Unauthorized access attempt from 10.0.0.12,E401,Unauthorized access attempt from {ip}
23445,2026-01-11,16:33:46,INFO,OrderProcessor,Transaction tx981563 completed in 755ms,E104,Transaction {tx} completed in {time}ms
23446,2026-01-11,16:03:21,WARN,WebServer,High latency (201ms) detected on WebServer,E201,High latency ({time}ms) detected on {service}
23447,2026-01-11,16:51:33,INFO,OrderProcessor,Transaction tx520589 completed in 891ms,E104,Transaction {tx} completed in {time}ms
23448,2026-01-11,16:35:29,INFO,OrderProcessor,Transaction tx948882 completed in 116ms,E104,Transaction {tx} completed in {time}ms
23449,2026-01-11,16:32:17,INFO,AuthService,User u1346 login successful,E101,User {user} login successful
23450,2026-01-11,16:55:46,INFO,OrderProcessor,Transaction tx209365 completed in 288ms,E104,Transaction {tx} completed in {time}ms
23451,2026-01-11,16:51:10,INFO,WebServer,Health check passed: WebServer,E102,Health check passed: {service}
23452,2026-01-11,16:12:33,INFO,WebServer,Transaction tx734785 completed in 1893ms,E104,Transaction {tx} completed in {time}ms
23453,2026-01-11,16:12:25,INFO,WebServer,Health check passed: WebServer,E102,Health check passed: {service}
23454,2026-01-11,16:08:26,INFO,AuthService,User u3328 login successful,E101,User {user} login successful
23455,2026-01-11,16:14:40,INFO,WebServer,User u3631 login successful,E101,User {user} login successful
23456,2026-01-11,16:46:43,INFO,WebServer,Health check passed: WebServer,E102,Health check passed: {service}
23457,2026-01-11,16:31:21,INFO,WebServer,User u2500 login successful,E101,User {user} login successful
23458,2026-01-11,16:09:36,INFO,WebServer,Transaction tx424830 completed in 851ms,E104,Transaction {tx} completed in {time}ms
23459,2026-01-11,16:09:32,INFO,WebServer,Page view: /home by u1377,E103,Page view: {page} by {user}
23460,2026-01-11,16:02:56,INFO,AuthService,Page view: /home by u2999,E103,Page view: {page} by {user}
23461,2026-01-11,16:07:48,INFO,WebServer,Page view: /home by u3071,E103,Page view: {page} by {user}
23462,2026-01-11,16:46:57,INFO,AuthService,Health check passed: AuthService,E102,Health check passed: {service}
23463,2026-01-11,16:40:32,INFO,InventoryDB,Page view: /home by u4922,E103,Page view: {page} by {user}
23464,2026-01-11,16:36:01,INFO,AuthService,Transaction tx261149 completed in 126ms,E104,Transaction {tx} completed in {time}ms
23465,2026-01-11,16:42:25,INFO,WebServer,User u1994 login successful,E101,User {user} login successful
23466,2026-01-11,16:29:31,INFO,AuthService,Page view: /home by u2028,E103,Page view: {page} by {user}
23467,2026-01-11,16:10:59,INFO,PaymentGateway,Health check passed: PaymentGateway,E102,Health check passed: {service}
23468,2026-01-11,16:05:32,INFO,WebServer,Page view: /home by u3145,E103,Page view: {page} by {user}
23469,2026-01-11,16:45:22,INFO,WebServer,Health check passed: WebServer,E102,Health check passed: {service}
23470,2026-01-11,16:57:07,INFO,AuthService,Page view: /home by u3321,E103,Page view: {page} by {user}
23471,2026-01-11,16:26:21,INFO,WebServer,Health check passed: WebServer,E102,Health check passed: {service}
23472,2026-01-11,16:57:14,INFO,AuthService,Transaction tx673345 completed in 31ms,E104,Transaction {tx} completed in {time}ms
23473,2026-01-11,16:54:10,INFO,WebServer,User u2942 login successful,E101,User {user} login successful
23474,2026-01-11,16:43:42,INFO,WebServer,Page view: /home by u1080,E103,Page view: {page} by {user}
23475,2026-01-11,16:59:15,INFO,AuthService,Page view: /home by u2742,E103,Page view: {page} by {user}
23476,2026-01-11,16:07:24,INFO,WebServer,Page view: /home by u2755,E103,Page view: {page} by {user}
23477,2026-01-11,16:55:41,WARN,WebServer,Unauthorized access attempt from 10.0.0.12,E401,Unauthorized access attempt from {ip}
23478,2026-01-11,16:25:08,INFO,WebServer,Transaction tx942341 completed in 1411ms,E104,Transaction {tx} completed in {time}ms
23479,2026-01-11,16:06:52,INFO,OrderProcessor,Page view: /home by u1128,E103,Page view: {page} by {user}
23480,2026-01-11,16:41:05,INFO,WebServer,Page view: /home by u1745,E103,Page view: {page} by {user}
23481,2026-01-11,16:59:51,INFO,WebServer,Page view: /home by u3867,E103,Page view: {page} by {user}
23482,2026-01-11,16:47:44,INFO,AuthService,Health check passed: AuthService,E102,Health check passed: {service}
23483,2026-01-11,16:25:22,INFO,WebServer,User u3840 login successful,E101,User {user} login successful
23484,2026-01-11,16:44:06,INFO,WebServer,Page view: /home by u2116,E103,Page view: {page} by {user}
23485,2026-01-11,16:15:39,INFO,WebServer,Health check passed: WebServer,E102,Health check passed: {service}
23486,2026-01-11,16:04:22,INFO,OrderProcessor,Transaction tx127300 completed in 1767ms,E104,Transaction {tx} completed in {time}ms
23487,2026-01-11,16:22:34,WARN,InventoryDB,Disk usage > 85% on node node-3,E202,Disk usage > 85% on node {node}
23488,2026-01-11,16:17:15,INFO,WebServer,Health check passed: WebServer,E102,Health check passed: {service}
23489,2026-01-11,16:53:49,INFO,WebServer,Health check passed: WebServer,E102,Health check passed: {service}
23490,2026-01-11,16:17:20,WARN,OrderProcessor,Unauthorized access attempt from 10.0.0.12,E401,Unauthorized access attempt from {ip}
23491,2026-01-11,16:28:06,INFO,AuthService,Page view: /home by u4292,E103,Page view: {page} by {user}
23492,2026-01-11,16:45:19,INFO,WebServer,Transaction tx120115 completed in 1419ms,E104,Transaction {tx} completed in {time}ms
23493,2026-01-11,16:24:56,INFO,WebServer,Transaction tx488727 completed in 1393ms,E104,Transaction {tx} completed in {time}ms
23494,2026-01-11,16:00:07,INFO,WebServer,Health check passed: WebServer,E102,Health check passed: {service}
23495,2026-01-11,16:37:26,INFO,InventoryDB,User u2002 login successful,E101,User {user} login successful
23496,2026-01-11,16:16:27,INFO,PaymentGateway,Health check passed: PaymentGateway,E102,Health check passed: {service}
23497,2026-01-11,16:25:20,INFO,WebServer,Transaction tx629974 completed in 174ms,E104,Transaction {tx} completed in {time}ms
23498,2026-01-11,16:42:15,INFO,WebServer,User u2008 login successful,E101,User {user} login successful
23499,2026-01-11,16:52:28,INFO,WebServer,Transaction tx645604 completed in 135ms,E104,Transaction {tx} completed in {time}ms
23500,2026-01-11,16:21:56,INFO,PaymentGateway,Page view: /home by u4836,E103,Page view: {page} by {user}
23501,2026-01-11,16:37:00,INFO,WebServer,Page view: /home by u2152,E103,Page view: {page} by {user}
23502,2026-01-11,16:31:56,INFO,AuthService,Page view: /home by u3441,E103,Page view: {page} by {user}
23503,2026-01-11,16:06:24,INFO,WebServer,Page view: /home by u4724,E103,Page view: {page} by {user}
23504,2026-01-11,16:17:18,INFO,WebServer,Page view: /home by u4907,E103,Page view: {page} by {user}
23505,2026-01-11,16:04:58,INFO,AuthService,User u1365 login successful,E101,User {user} login successful
23506,2026-01-11,16:46:55,INFO,WebServer,Transaction tx508294 completed in 629ms,E104,Transaction {tx} completed in {time}ms
23507,2026-01-11,16:31:23,INFO,WebServer,Page view: /home by u4709,E103,Page view: {page} by {user}
23508,2026-01-11,16:02:10,INFO,WebServer,Health check passed: WebServer,E102,Health check passed: {service}
23509,2026-01-11,16:24:08,INFO,AuthService,Transaction tx945713 completed in 1438ms,E104,Transaction {tx} completed in {time}ms
23510,2026-01-11,16:27:32,INFO,WebServer,Transaction tx623228 completed in 553ms,E104,Transaction {tx} completed in {time}ms
23511,2026-01-11,16:48:42,INFO,AuthService,Page view: /home by u3493,E103,Page view: {page} by {user}
23512,2026-01-11,16:11:28,INFO,WebServer,User u3836 login successful,E101,User {user} login successful
23513,2026-01-11,16:02:23,INFO,PaymentGateway,Transaction tx825140 completed in 641ms,E104,Transaction {tx} completed in {time}ms
23514,2026-01-11,16:36:28,ERROR,WebServer,Connection refused to WebServer at 10.0.0.45,E501,Connection refused to {service} at {ip}
23515,2026-01-11,16:36:08,INFO,InventoryDB,Transaction tx362403 completed in 1682ms,E104,Transaction {tx} completed in {time}ms
23516,2026-01-11,16:46:23,INFO,InventoryDB,Health check passed: InventoryDB,E102,Health check passed: {service}
23517,2026-01-11,16:26:19,INFO,WebServer,Page view: /home by u1202,E103,Page view: {page} by {user}
23518,2026-01-11,16:32:44,ERROR,PaymentGateway,Connection refused to PaymentGateway at 10.0.0.88,E501,Connection refused to {service} at {ip}
23519,2026-01-11,16:21:26,INFO,AuthService,Page view: /home by u4695,E103,Page view: {page} by {user}
23520,2026-01-11,16:35:33,INFO,AuthService,Transaction tx574630 completed in 1676ms,E104,Transaction {tx} completed in {time}ms
23521,2026-01-11,16:11:47,INFO,WebServer,User u1507 login successful,E101,User {user} login successful
23522,2026-01-11,16:33:45,INFO,AuthService,Health check passed: AuthService,E102,Health check passed: {service}
23523,2026-01-11,16:35:37,INFO,WebServer,User u2138 login successful,E101,User {user} login successful
23524,2026-01-11,16:34:31,INFO,AuthService,Page view: /home by u1400,E103,Page view: {page} by {user}
23525,2026-01-11,16:15:49,INFO,WebServer,Transaction tx509764 completed in 420ms,E104,Transaction {tx} completed in {time}ms
23526,2026-01-11,16:50:50,INFO,AuthService,Health check passed: AuthService,E102,Health check passed: {service}
23527,2026-01-11,16:21:17,WARN,AuthService,High latency (1453ms) detected on AuthService,E201,High latency ({time}ms) detected on {service}
23528,2026-01-11,16:58:01,INFO,WebServer,Health check passed: WebServer,E102,Health check passed: {service}
23529,2026-01-11,16:37:39,INFO,WebServer,User u2811 login successful,E101,User {user} login successful
23530,2026-01-11,16:36:16,INFO,WebServer,Health check passed: WebServer,E102,Health check passed: {service}
23531,2026-01-11,16:30:10,INFO,WebServer,User u1664 login successful,E101,User {user} login successful
23532,2026-01-11,16:39:09,INFO,OrderProcessor,Transaction tx503335 completed in 126ms,E104,Transaction {tx} completed in {time}ms
23533,2026-01-11,16:35:21,INFO,WebServer,Page view: /home by u1258,E103,Page view: {page} by {user}
23534,2026-01-11,16:32:21,INFO,PaymentGateway,Transaction tx577003 completed in 1075ms,E104,Transaction {tx} completed in {time}ms
23535,2026-01-11,16:01:49,CRITICAL,OrderProcessor,DATA CORRUPTION detected in sector 611,E602,DATA CORRUPTION detected in sector {sector}
23536,2026-01-11,16:13:34,INFO,OrderProcessor,User u4417 login successful,E101,User {user} login successful
23537,2026-01-11,16:23:03,INFO,WebServer,Page view: /home by u1189,E103,Page view: {page} by {user}
23538,2026-01-11,16:48:13,INFO,AuthService,User u1967 login successful,E101,User {user} login successful
23539,2026-01-11,16:29:27,INFO,AuthService,Transaction tx551923 completed in 1215ms,E104,Transaction {tx} completed in {time}ms
23540,2026-01-11,16:17:24,INFO,OrderProcessor,Transaction tx108233 completed in 402ms,E104,Transaction {tx} completed in {time}ms
23541,2026-01-11,16:39:57,INFO,WebServer,Health check passed: WebServer,E102,Health check passed: {service}
23542,2026-01-11,16:21:24,INFO,PaymentGateway,Health check passed: PaymentGateway,E102,Health check passed: {service}
23543,2026-01-11,16:29:35,INFO,AuthService,Health check passed: AuthService,E102,Health check passed: {service}
23544,2026-01-11,16:03:58,INFO,WebServer,Transaction tx572665 completed in 693ms,E104,Transaction {tx} completed in {time}ms
23545,2026-01-11,16:28:28,INFO,OrderProcessor,Transaction tx798689 completed in 1650ms,E104,Transaction {tx} completed in {time}ms
23546,2026-01-11,16:11:34,INFO,WebServer,Health check passed: WebServer,E102,Health check passed: {service}
23547,2026-01-11,16:41:56,WARN,WebServer,Unauthorized access attempt from 10.0.0.45,E401,Unauthorized access attempt from {ip}
23548,2026-01-11,16:55:34,INFO,PaymentGateway,Page view: /home by u2772,E103,Page view: {page} by {user}
23549,2026-01-11,16:44:21,INFO,AuthService,User u2282 login successful,E101,User {user} login successful
23550,2026-01-11,16:19:48,INFO,PaymentGateway,User u2131 login successful,E101,User {user} login successful
23551,2026-01-11,16:40:15,INFO,OrderProcessor,Page view: /home by u2281,E103,Page view: {page} by {user}
23552,2026-01-11,16:01:54,INFO,AuthService,Health check passed: AuthService,E102,Health check passed: {service}
23553,2026-01-11,16:43:36,INFO,PaymentGateway,Page view: /home by u4163,E103,Page view: {page} by {user}
23554,2026-01-11,16:55:32,INFO,PaymentGateway,Transaction tx787727 completed in 208ms,E104,Transaction {tx} completed in {time}ms
23555,2026-01-11,16:19:38,INFO,WebServer,Page view: /home by u3317,E103,Page view: {page} by {user}
23556,2026-01-11,16:02:54,INFO,AuthService,User u1185 login successful,E101,User {user} login successful
23557,2026-01-11,16:58:07,INFO,WebServer,Health check passed: WebServer,E102,Health check passed: {service}
23558,2026-01-11,16:17:50,INFO,WebServer,Health check passed: WebServer,E102,Health check passed: {service}
23559,2026-01-11,16:20:42,WARN,WebServer,Unauthorized access attempt from 10.0.0.45,E401,Unauthorized access attempt from {ip}
23560,2026-01-11,16:47:36,INFO,AuthService,Health check passed: AuthService,E102,Health check passed: {service}
23561,2026-01-11,16:54:38,INFO,WebServer,Page view: /home by u1989,E103,Page view: {page} by {user}
23562,2026-01-11,16:40:15,INFO,InventoryDB,User u3388 login successful,E101,User {user} login successful
23563,2026-01-11,16:06:31,INFO,InventoryDB,Page view: /home by u4991,E103,Page view: {page} by {user}
23564,2026-01-11,16:49:26,INFO,OrderProcessor,Page view: /home by u4141,E103,Page view: {page} by {user}
23565,2026-01-11,16:02:45,INFO,WebServer,User u3070 login successful,E101,User {user} login successful
23566,2026-01-11,16:38:58,INFO,WebServer,Page view: /home by u4058,E103,Page view: {page} by {user}
23567,2026-01-11,16:56:46,INFO,PaymentGateway,User u2245 login successful,E101,User {user} login successful
23568,2026-01-11,16:43:20,WARN,AuthService,High latency (593ms) detected on AuthService,E201,High latency ({time}ms) detected on {service}
23569,2026-01-11,16:49:11,INFO,WebServer,User u3899 login successful,E101,User {user} login successful
23570,2026-01-11,16:49:44,INFO,WebServer,Health check passed: WebServer,E102,Health check passed: {service}
23571,2026-01-11,16:26:21,INFO,OrderProcessor,Page view: /home by u1898,E103,Page view: {page} by {user}
23572,2026-01-11,16:31:51,INFO,WebServer,Transaction tx143529 completed in 405ms,E104,Transaction {tx} completed in {time}ms
23573,2026-01-11,16:13:53,INFO,OrderProcessor,Transaction tx123371 completed in 1382ms,E104,Transaction {tx} completed in {time}ms
23574,2026-01-11,16:09:51,INFO,AuthService,Page view: /home by u4328,E103,Page view: {page} by {user}
23575,2026-01-11,16:45:02,INFO,WebServer,Health check passed: WebServer,E102,Health check passed: {service}
23576,2026-01-11,16:07:04,INFO,OrderProcessor,User u1310 login successful,E101,User {user} login successful
23577,2026-01-11,16:22:58,INFO,OrderProcessor,Transaction tx102368 completed in 859ms,E104,Transaction {tx} completed in {time}ms
23578,2026-01-11,16:03:00,INFO,AuthService,Transaction tx709779 completed in 83ms,E104,Transaction {tx} completed in {time}ms
23579,2026-01-11,16:52:43,INFO,AuthService,Page view: /home by u4909,E103,Page view: {page} by {user}
23580,2026-01-11,16:49:29,INFO,OrderProcessor,Health check passed: OrderProcessor,E102,Health check passed: {service}
23581,2026-01-11,16:56:43,INFO,AuthService,Health check passed: AuthService,E102,Health check passed: {service}
23582,2026-01-11,16:57:58,INFO,WebServer,User u1028 login successful,E101,User {user} login successful
23583,2026-01-11,16:44:10,INFO,WebServer,Page view: /home by u4521,E103,Page view: {page} by {user}
23584,2026-01-11,16:49:17,INFO,PaymentGateway,Transaction tx862766 completed in 148ms,E104,Transaction {tx} completed in {time}ms
23585,2026-01-11,16:01:36,INFO,WebServer,Transaction tx427644 completed in 787ms,E104,Transaction {tx} completed in {time}ms
23586,2026-01-11,16:06:16,INFO,AuthService,Page view: /home by u3214,E103,Page view: {page} by {user}
23587,2026-01-11,16:36:57,INFO,WebServer,Health check passed: WebServer,E102,Health check passed: {service}
23588,2026-01-11,16:47:20,WARN,OrderProcessor,High latency (839ms) detected on OrderProcessor,E201,High latency ({time}ms) detected on {service}
23589,2026-01-11,16:21:24,INFO,WebServer,Transaction tx674749 completed in 506ms,E104,Transaction {tx} completed in {time}ms
23590,2026-01-11,16:50:49,INFO,WebServer,Transaction tx332462 completed in 1294ms,E104,Transaction {tx} completed in {time}ms
23591,2026-01-11,16:15:47,INFO,WebServer,Health check passed: WebServer,E102,Health check passed: {service}
23592,2026-01-11,16:05:06,INFO,OrderProcessor,Transaction tx744018 completed in 760ms,E104,Transaction {tx} completed in {time}ms
23593,2026-01-11,16:14:55,INFO,AuthService,Page view: /home by u1109,E103,Page view: {page} by {user}
23594,2026-01-11,16:14:42,INFO,WebServer,User u3200 login successful,E101,User {user} login successful
23595,2026-01-11,16:14:27,INFO,WebServer,Page view: /home by u3044,E103,Page view: {page} by {user}
23596,2026-01-11,16:34:51,INFO,AuthService,Health check passed: AuthService,E102,Health check passed: {service}
23597,2026-01-11,16:47:02,INFO,OrderProcessor,Transaction tx408772 completed in 77ms,E104,Transaction {tx} completed in {time}ms
23598,2026-01-11,16:15:31,INFO,OrderProcessor,Transaction tx305717 completed in 105ms,E104,Transaction {tx} completed in {time}ms
23599,2026-01-11,16:06:02,INFO,AuthService,User u2134 login successful,E101,User {user} login successful
23600,2026-01-11,16:29:17,INFO,OrderProcessor,Page view: /home by u2109,E103,Page view: {page} by {user}
23601,2026-01-11,16:18:03,INFO,OrderProcessor,Transaction tx520808 completed in 1679ms,E104,Transaction {tx} completed in {time}ms
23602,2026-01-11,16:20:46,INFO,OrderProcessor,Page view: /home by u4572,E103,Page view: {page} by {user}
23603,2026-01-11,16:09:14,INFO,WebServer,Page view: /home by u2724,E103,Page view: {page} by {user}
23604,2026-01-11,16:49:34,INFO,WebServer,Transaction tx779482 completed in 1008ms,E104,Transaction {tx} completed in {time}ms
23605,2026-01-11,16:24:08,WARN,AuthService,Disk usage > 85% on node node-4,E202,Disk usage > 85% on node {node}
23606,2026-01-11,16:36:08,WARN,OrderProcessor,Unauthorized access attempt from 192.168.1.5,E401,Unauthorized access attempt from {ip}
23607,2026-01-11,16:30:54,INFO,WebServer,Transaction tx727621 completed in 394ms,E104,Transaction {tx} completed in {time}ms
23608,2026-01-11,16:57:49,INFO,WebServer,Health check passed: WebServer,E102,Health check passed: {service}
23609,2026-01-11,16:09:14,CRITICAL,AuthService,DATA CORRUPTION detected in sector 774,E602,DATA CORRUPTION detected in sector {sector}
23610,2026-01-11,16:31:24,INFO,WebServer,Transaction tx624133 completed in 1668ms,E104,Transaction {tx} completed in {time}ms
23611,2026-01-11,16:34:32,INFO,PaymentGateway,User u3036 login successful,E101,User {user} login successful
23612,2026-01-11,16:30:40,INFO,WebServer,Transaction tx241588 completed in 1920ms,E104,Transaction {tx} completed in {time}ms
23613,2026-01-11,16:58:48,INFO,WebServer,Page view: /home by u1910,E103,Page view: {page} by {user}
23614,2026-01-11,16:34:43,INFO,AuthService,Health check passed: AuthService,E102,Health check passed: {service}
23615,2026-01-11,16:43:49,INFO,WebServer,Transaction tx668065 completed in 1565ms,E104,Transaction {tx} completed in {time}ms
23616,2026-01-11,16:42:41,INFO,AuthService,Transaction tx100093 completed in 664ms,E104,Transaction {tx} completed in {time}ms
23617,2026-01-11,16:17:03,INFO,WebServer,User u2393 login successful,E101,User {user} login successful
23618,2026-01-11,16:16:02,INFO,OrderProcessor,Page view: /home by u1493,E103,Page view: {page} by {user}
23619,2026-01-11,16:34:08,INFO,WebServer,Transaction tx675282 completed in 259ms,E104,Transaction {tx} completed in {time}ms
23620,2026-01-11,16:48:17,INFO,InventoryDB,Transaction tx586193 completed in 50ms,E104,Transaction {tx} completed in {time}ms
23621,2026-01-11,16:08:42,INFO,AuthService,User u3693 login successful,E101,User {user} login successful
23622,2026-01-11,16:31:32,INFO,InventoryDB,Transaction tx584911 completed in 1744ms,E104,Transaction {tx} completed in {time}ms
23623,2026-01-11,16:40:13,INFO,WebServer,Page view: /home by u3875,E103,Page view: {page} by {user}
23624,2026-01-11,16:55:52,INFO,WebServer,Page view: /home by u2719,E103,Page view: {page} by {user}
23625,2026-01-11,16:20:44,INFO,WebServer,Transaction tx160824 completed in 970ms,E104,Transaction {tx} completed in {time}ms
23626,2026-01-11,16:11:02,INFO,WebServer,Transaction tx962797 completed in 1406ms,E104,Transaction {tx} completed in {time}ms
23627,2026-01-11,16:15:56,INFO,WebServer,Health check passed: WebServer,E102,Health check passed: {service}
23628,2026-01-11,16:42:02,WARN,WebServer,High latency (1454ms) detected on WebServer,E201,High latency ({time}ms) detected on {service}
23629,2026-01-11,16:44:47,INFO,WebServer,Page view: /home by u1662,E103,Page view: {page} by {user}
23630,2026-01-11,16:07:31,INFO,PaymentGateway,Transaction tx585698 completed in 1198ms,E104,Transaction {tx} completed in {time}ms
23631,2026-01-11,16:45:02,INFO,WebServer,Page view: /home by u4977,E103,Page view: {page} by {user}
23632,2026-01-11,16:39:53,INFO,AuthService,User u1072 login successful,E101,User {user} login successful
23633,2026-01-11,16:19:11,INFO,WebServer,User u2609 login successful,E101,User {user} login successful
23634,2026-01-11,16:56:07,INFO,AuthService,User u1981 login successful,E101,User {user} login successful
23635,2026-01-11,16:22:03,INFO,PaymentGateway,Health check passed: PaymentGateway,E102,Health check passed: {service}
23636,2026-01-11,16:38:24,INFO,AuthService,User u2165 login successful,E101,User {user} login successful
23637,2026-01-11,16:25:03,INFO,WebServer,Page view: /home by u1208,E103,Page view: {page} by {user}
23638,2026-01-11,16:56:35,INFO,PaymentGateway,Health check passed: PaymentGateway,E102,Health check passed: {service}
23639,2026-01-11,16:25:44,INFO,WebServer,Health check passed: WebServer,E102,Health check passed: {service}
23640,2026-01-11,16:33:09,INFO,AuthService,Page view: /home by u2450,E103,Page view: {page} by {user}
23641,2026-01-11,16:58:36,WARN,WebServer,High latency (247ms) detected on WebServer,E201,High latency ({time}ms) detected on {service}
23642,2026-01-11,16:33:44,ERROR,AuthService,Timeout waiting for lock on InventoryDB,E502,Timeout waiting for lock on {db}
23643,2026-01-11,16:03:48,INFO,WebServer,Transaction tx236374 completed in 335ms,E104,Transaction {tx} completed in {time}ms
23644,2026-01-11,16:23:52,INFO,AuthService,User u4940 login successful,E101,User {user} login successful
23645,2026-01-11,16:08:54,INFO,WebServer,Transaction tx352542 completed in 1069ms,E104,Transaction {tx} completed in {time}ms
23646,2026-01-11,16:09:28,INFO,AuthService,User u1712 login successful,E101,User {user} login successful
23647,2026-01-11,16:56:28,INFO,AuthService,Transaction tx513220 completed in 1004ms,E104,Transaction {tx} completed in {time}ms
23648,2026-01-11,16:44:34,INFO,WebServer,User u3182 login successful,E101,User {user} login successful
23649,2026-01-11,16:57:33,INFO,WebServer,Health check passed: WebServer,E102,Health check passed: {service}
23650,2026-01-11,16:06:54,INFO,PaymentGateway,Health check passed: PaymentGateway,E102,Health check passed: {service}
23651,2026-01-11,16:36:16,INFO,AuthService,Transaction tx805995 completed in 1065ms,E104,Transaction {tx} completed in {time}ms
23652,2026-01-11,16:18:16,INFO,WebServer,Health check passed: WebServer,E102,Health check passed: {service}
23653,2026-01-11,16:28:38,INFO,WebServer,Page view: /home by u3224,E103,Page view: {page} by {user}
23654,2026-01-11,16:10:06,INFO,WebServer,Transaction tx654299 completed in 1106ms,E104,Transaction {tx} completed in {time}ms
23655,2026-01-11,16:56:43,INFO,AuthService,Page view: /home by u4483,E103,Page view: {page} by {user}
23656,2026-01-11,16:43:43,INFO,WebServer,Health check passed: WebServer,E102,Health check passed: {service}
23657,2026-01-11,16:45:08,INFO,AuthService,User u1006 login successful,E101,User {user} login successful
23658,2026-01-11,16:01:43,INFO,WebServer,Page view: /home by u4683,E103,Page view: {page} by {user}
23659,2026-01-11,16:58:30,INFO,AuthService,Page view: /home by u2366,E103,Page view: {page} by {user}
23660,2026-01-11,16:21:24,WARN,AuthService,Unauthorized access attempt from 10.0.0.10,E401,Unauthorized access attempt from {ip}
23661,2026-01-11,16:46:56,INFO,WebServer,User u2975 login successful,E101,User {user} login successful
23662,2026-01-11,16:34:50,INFO,WebServer,Transaction tx408256 completed in 602ms,E104,Transaction {tx} completed in {time}ms
23663,2026-01-11,16:31:56,INFO,AuthService,Page view: /home by u2117,E103,Page view: {page} by {user}
23664,2026-01-11,16:19:44,INFO,OrderProcessor,Page view: /home by u1042,E103,Page view: {page} by {user}
23665,2026-01-11,16:04:24,INFO,OrderProcessor,Page view: /home by u2127,E103,Page view: {page} by {user}
23666,2026-01-11,16:59:16,INFO,WebServer,User u2673 login successful,E101,User {user} login successful
23667,2026-01-11,16:31:15,INFO,WebServer,User u3190 login successful,E101,User {user} login successful
23668,2026-01-11,16:48:15,INFO,WebServer,User u4206 login successful,E101,User {user} login successful
23669,2026-01-11,16:02:21,INFO,OrderProcessor,Health check passed: OrderProcessor,E102,Health check passed: {service}
23670,2026-01-11,16:16:47,INFO,WebServer,Transaction tx226524 completed in 1587ms,E104,Transaction {tx} completed in {time}ms
23671,2026-01-11,16:58:43,INFO,AuthService,Health check passed: AuthService,E102,Health check passed: {service}
23672,2026-01-11,16:42:23,INFO,WebServer,Health check passed: WebServer,E102,Health check passed: {service}
23673,2026-01-11,16:46:44,INFO,WebServer,Health check passed: WebServer,E102,Health check passed: {service}
23674,2026-01-11,16:51:02,INFO,AuthService,Page view: /home by u3553,E103,Page view: {page} by {user}
23675,2026-01-11,16:53:53,WARN,WebServer,Disk usage > 85% on node node-3,E202,Disk usage > 85% on node {node}
23676,2026-01-11,16:56:26,INFO,WebServer,User u2699 login successful,E101,User {user} login successful
23677,2026-01-11,16:05:08,INFO,PaymentGateway,Page view: /home by u1889,E103,Page view: {page} by {user}
23678,2026-01-11,16:15:08,INFO,WebServer,User u1110 login successful,E101,User {user} login successful
23679,2026-01-11,16:12:38,INFO,WebServer,Page view: /home by u1474,E103,Page view: {page} by {user}
23680,2026-01-11,16:47:54,INFO,WebServer,Health check passed: WebServer,E102,Health check passed: {service}
23681,2026-01-11,16:49:45,INFO,AuthService,User u1225 login successful,E101,User {user} login successful
23682,2026-01-11,16:21:32,INFO,AuthService,Transaction tx650413 completed in 1179ms,E104,Transaction {tx} completed in {time}ms
23683,2026-01-11,16:21:02,INFO,AuthService,Page view: /home by u1241,E103,Page view: {page} by {user}
23684,2026-01-11,16:03:17,INFO,PaymentGateway,User u4644 login successful,E101,User {user} login successful
23685,2026-01-11,16:48:32,INFO,AuthService,Health check passed: AuthService,E102,Health check passed: {service}
23686,2026-01-11,16:59:49,INFO,WebServer,Health check passed: WebServer,E102,Health check passed: {service}
23687,2026-01-11,16:22:36,INFO,PaymentGateway,Health check passed: PaymentGateway,E102,Health check passed: {service}
23688,2026-01-11,16:41:41,INFO,WebServer,User u3671 login successful,E101,User {user} login successful
23689,2026-01-11,16:21:18,INFO,OrderProcessor,Page view: /home by u1387,E103,Page view: {page} by {user}
23690,2026-01-11,16:05:00,INFO,WebServer,Health check passed: WebServer,E102,Health check passed: {service}
23691,2026-01-11,16:44:28,INFO,WebServer,Health check passed: WebServer,E102,Health check passed: {service}
23692,2026-01-11,16:07:35,INFO,WebServer,Health check passed: WebServer,E102,Health check passed: {service}
23693,2026-01-11,16:11:43,INFO,WebServer,Transaction tx746779 completed in 1750ms,E104,Transaction {tx} completed in {time}ms
23694,2026-01-11,16:51:19,WARN,WebServer,Unauthorized access attempt from 10.0.0.45,E401,Unauthorized access attempt from {ip}
23695,2026-01-11,16:25:11,INFO,WebServer,Page view: /home by u3623,E103,Page view: {page} by {user}
23696,2026-01-11,16:59:55,INFO,WebServer,Page view: /home by u3451,E103,Page view: {page} by {user}
23697,2026-01-11,16:47:30,INFO,InventoryDB,Transaction tx875524 completed in 392ms,E104,Transaction {tx} completed in {time}ms
23698,2026-01-11,16:03:01,INFO,AuthService,Page view: /home by u4411,E103,Page view: {page} by {user}
23699,2026-01-11,16:29:49,WARN,OrderProcessor,Disk usage > 85% on node node-5,E202,Disk usage > 85% on node {node}
23700,2026-01-11,16:26:29,INFO,WebServer,User u3098 login successful,E101,User {user} login successful
23701,2026-01-11,16:34:44,INFO,WebServer,Page view: /home by u1408,E103,Page view: {page} by {user}
23702,2026-01-11,16:09:53,INFO,WebServer,Page view: /home by u1769,E103,Page view: {page} by {user}
23703,2026-01-11,16:15:22,INFO,WebServer,Page view: /home by u4322,E103,Page view: {page} by {user}
23704,2026-01-11,16:16:01,INFO,AuthService,Health check passed: AuthService,E102,Health check passed: {service}
23705,2026-01-11,16:04:19,INFO,WebServer,Page view: /home by u2116,E103,Page view: {page} by {user}
23706,2026-01-11,16:14:45,WARN,AuthService,Unauthorized access attempt from 10.0.0.12,E401,Unauthorized access attempt from {ip}
23707,2026-01-11,16:49:40,INFO,PaymentGateway,Page view: /home by u3719,E103,Page view: {page} by {user}
23708,2026-01-11,16:14:11,INFO,OrderProcessor,User u1789 login successful,E101,User {user} login successful
23709,2026-01-11,16:51:51,INFO,PaymentGateway,User u2621 login successful,E101,User {user} login successful
23710,2026-01-11,16:18:30,INFO,AuthService,Page view: /home by u2013,E103,Page view: {page} by {user}
23711,2026-01-11,16:20:42,WARN,OrderProcessor,Disk usage > 85% on node node-1,E202,Disk usage > 85% on node {node}
23712,2026-01-11,16:51:51,INFO,InventoryDB,Page view: /home by u3978,E103,Page view: {page} by {user}
23713,2026-01-11,16:19:40,INFO,WebServer,Health check passed: WebServer,E102,Health check passed: {service}
23714,2026-01-11,16:57:56,INFO,WebServer,Health check passed: WebServer,E102,Health check passed: {service}
23715,2026-01-11,16:27:48,INFO,WebServer,Page view: /home by u4377,E103,Page view: {page} by {user}
23716,2026-01-11,16:28:32,INFO,WebServer,Page view: /home by u2906,E103,Page view: {page} by {user}
23717,2026-01-11,16:35:30,WARN,WebServer,High latency (947ms) detected on WebServer,E201,High latency ({time}ms) detected on {service}
23718,2026-01-11,16:22:22,INFO,WebServer,Health check passed: WebServer,E102,Health check passed: {service}
23719,2026-01-11,16:08:22,INFO,OrderProcessor,User u3553 login successful,E101,User {user} login successful
23720,2026-01-11,16:36:55,INFO,WebServer,User u1877 login successful,E101,User {user} login successful
23721,2026-01-11,16:17:30,INFO,WebServer,User u2144 login successful,E101,User {user} login successful
23722,2026-01-11,16:11:37,INFO,WebServer,Health check passed: WebServer,E102,Health check passed: {service}
23723,2026-01-11,16:20:56,INFO,AuthService,Page view: /home by u1272,E103,Page view: {page} by {user}
23724,2026-01-11,16:28:02,INFO,WebServer,Health check passed: WebServer,E102,Health check passed: {service}
23725,2026-01-11,16:30:55,INFO,OrderProcessor,Page view: /home by u3682,E103,Page view: {page} by {user}
23726,2026-01-11,16:08:40,INFO,AuthService,Health check passed: AuthService,E102,Health check passed: {service}
23727,2026-01-11,16:56:41,INFO,AuthService,Page view: /home by u4316,E103,Page view: {page} by {user}
23728,2026-01-11,16:51:47,INFO,WebServer,Transaction tx649895 completed in 619ms,E104,Transaction {tx} completed in {time}ms
23729,2026-01-11,16:43:59,INFO,WebServer,Health check passed: WebServer,E102,Health check passed: {service}
23730,2026-01-11,16:54:53,INFO,WebServer,Health check passed: WebServer,E102,Health check passed: {service}
23731,2026-01-11,16:53:39,WARN,PaymentGateway,High latency (429ms) detected on PaymentGateway,E201,High latency ({time}ms) detected on {service}
23732,2026-01-11,16:41:49,INFO,WebServer,Page view: /home by u1208,E103,Page view: {page} by {user}
23733,2026-01-11,16:58:40,INFO,WebServer,User u2748 login successful,E101,User {user} login successful
23734,2026-01-11,16:21:09,INFO,InventoryDB,Health check passed: InventoryDB,E102,Health check passed: {service}
23735,2026-01-11,16:03:49,INFO,WebServer,Transaction tx745404 completed in 1202ms,E104,Transaction {tx} completed in {time}ms
23736,2026-01-11,16:50:00,WARN,AuthService,Disk usage > 85% on node node-4,E202,Disk usage > 85% on node {node}
23737,2026-01-11,16:04:49,INFO,InventoryDB,Page view: /home by u3300,E103,Page view: {page} by {user}
23738,2026-01-11,16:21:27,INFO,AuthService,Page view: /home by u4275,E103,Page view: {page} by {user}
23739,2026-01-11,16:20:43,INFO,InventoryDB,Transaction tx973034 completed in 532ms,E104,Transaction {tx} completed in {time}ms
23740,2026-01-11,16:19:04,INFO,WebServer,User u3132 login successful,E101,User {user} login successful
23741,2026-01-11,16:14:53,INFO,WebServer,User u4067 login successful,E101,User {user} login successful
23742,2026-01-11,16:52:55,INFO,WebServer,Transaction tx101068 completed in 960ms,E104,Transaction {tx} completed in {time}ms
23743,2026-01-11,16:00:14,INFO,OrderProcessor,User u3630 login successful,E101,User {user} login successful
23744,2026-01-11,16:52:34,INFO,WebServer,Health check passed: WebServer,E102,Health check passed: {service}
23745,2026-01-11,16:53:21,INFO,AuthService,Page view: /home by u3592,E103,Page view: {page} by {user}
23746,2026-01-11,16:54:29,INFO,WebServer,Transaction tx155428 completed in 1868ms,E104,Transaction {tx} completed in {time}ms
23747,2026-01-11,16:57:23,INFO,WebServer,Page view: /home by u4745,E103,Page view: {page} by {user}
23748,2026-01-11,16:12:55,INFO,WebServer,Page view: /home by u3546,E103,Page view: {page} by {user}
23749,2026-01-11,16:00:08,INFO,WebServer,Page view: /home by u2373,E103,Page view: {page} by {user}
23750,2026-01-11,16:24:31,INFO,AuthService,Health check passed: AuthService,E102,Health check passed: {service}
23751,2026-01-11,16:37:50,WARN,PaymentGateway,Disk usage > 85% on node node-5,E202,Disk usage > 85% on node {node}
23752,2026-01-11,16:13:27,INFO,WebServer,Page view: /home by u2726,E103,Page view: {page} by {user}
23753,2026-01-11,16:02:33,INFO,WebServer,Health check passed: WebServer,E102,Health check passed: {service}
23754,2026-01-11,16:59:45,INFO,PaymentGateway,Transaction tx341054 completed in 1396ms,E104,Transaction {tx} completed in {time}ms
23755,2026-01-11,16:53:38,INFO,AuthService,Transaction tx306373 completed in 1683ms,E104,Transaction {tx} completed in {time}ms
23756,2026-01-11,16:57:08,INFO,WebServer,Health check passed: WebServer,E102,Health check passed: {service}
23757,2026-01-11,16:01:20,INFO,PaymentGateway,Health check passed: PaymentGateway,E102,Health check passed: {service}
23758,2026-01-11,16:41:58,INFO,WebServer,Page view: /home by u1561,E103,Page view: {page} by {user}
23759,2026-01-11,16:28:37,INFO,WebServer,User u3900 login successful,E101,User {user} login successful
23760,2026-01-11,16:06:50,INFO,WebServer,Transaction tx188789 completed in 1100ms,E104,Transaction {tx} completed in {time}ms
23761,2026-01-11,16:38:30,INFO,WebServer,Health check passed: WebServer,E102,Health check passed: {service}
23762,2026-01-11,16:12:55,INFO,WebServer,Page view: /home by u3801,E103,Page view: {page} by {user}
23763,2026-01-11,16:03:01,INFO,AuthService,User u2476 login successful,E101,User {user} login successful
23764,2026-01-11,16:06:06,WARN,WebServer,Unauthorized access attempt from 10.0.0.12,E401,Unauthorized access attempt from {ip}
23765,2026-01-11,16:09:24,INFO,WebServer,Health check passed: WebServer,E102,Health check passed: {service}
23766,2026-01-11,16:30:45,INFO,WebServer,Page view: /home by u4037,E103,Page view: {page} by {user}
23767,2026-01-11,16:38:50,INFO,OrderProcessor,Health check passed: OrderProcessor,E102,Health check passed: {service}
23768,2026-01-11,16:25:32,INFO,WebServer,Page view: /home by u4311,E103,Page view: {page} by {user}
23769,2026-01-11,16:24:39,INFO,WebServer,Page view: /home by u3093,E103,Page view: {page} by {user}
23770,2026-01-11,16:57:05,INFO,InventoryDB,User u2511 login successful,E101,User {user} login successful
23771,2026-01-11,16:51:12,INFO,WebServer,Page view: /home by u2499,E103,Page view: {page} by {user}
23772,2026-01-11,16:38:43,INFO,PaymentGateway,Transaction tx672453 completed in 971ms,E104,Transaction {tx} completed in {time}ms
23773,2026-01-11,16:43:14,INFO,WebServer,Health check passed: WebServer,E102,Health check passed: {service}
23774,2026-01-11,16:21:21,WARN,PaymentGateway,High latency (434ms) detected on PaymentGateway,E201,High latency ({time}ms) detected on {service}
23775,2026-01-11,16:18:46,INFO,WebServer,Health check passed: WebServer,E102,Health check passed: {service}
23776,2026-01-11,16:51:16,INFO,OrderProcessor,User u1094 login successful,E101,User {user} login successful
23777,2026-01-11,16:18:52,INFO,PaymentGateway,Page view: /home by u2836,E103,Page view: {page} by {user}
23778,2026-01-11,16:04:12,INFO,AuthService,User u4703 login successful,E101,User {user} login successful
23779,2026-01-11,16:54:27,INFO,AuthService,Page view: /home by u1315,E103,Page view: {page} by {user}
23780,2026-01-11,16:10:15,INFO,PaymentGateway,Page view: /home by u3111,E103,Page view: {page} by {user}
23781,2026-01-11,16:31:49,INFO,WebServer,Page view: /home by u3703,E103,Page view: {page} by {user}
23782,2026-01-11,16:17:16,INFO,WebServer,Page view: /home by u3205,E103,Page view: {page} by {user}
23783,2026-01-11,16:51:20,INFO,PaymentGateway,Page view: /home by u3804,E103,Page view: {page} by {user}
23784,2026-01-11,16:39:45,INFO,AuthService,User u3484 login successful,E101,User {user} login successful
23785,2026-01-11,16:22:48,INFO,WebServer,Health check passed: WebServer,E102,Health check passed: {service}
23786,2026-01-11,16:27:04,INFO,InventoryDB,Health check passed: InventoryDB,E102,Health check passed: {service}
23787,2026-01-11,16:42:17,INFO,WebServer,Transaction tx758723 completed in 1202ms,E104,Transaction {tx} completed in {time}ms
23788,2026-01-11,16:14:47,INFO,PaymentGateway,Page view: /home by u1771,E103,Page view: {page} by {user}
23789,2026-01-11,16:13:34,INFO,AuthService,Page view: /home by u2874,E103,Page view: {page} by {user}
23790,2026-01-11,16:35:29,INFO,WebServer,Health check passed: WebServer,E102,Health check passed: {service}
23791,2026-01-11,16:16:00,INFO,WebServer,Health check passed: WebServer,E102,Health check passed: {service}
23792,2026-01-11,16:40:18,WARN,WebServer,Disk usage > 85% on node node-3,E202,Disk usage > 85% on node {node}
23793,2026-01-11,16:59:16,INFO,AuthService,Health check passed: AuthService,E102,Health check passed: {service}
23794,2026-01-11,16:53:36,INFO,PaymentGateway,Page view: /home by u3509,E103,Page view: {page} by {user}
23795,2026-01-11,16:49:29,INFO,AuthService,Health check passed: AuthService,E102,Health check passed: {service}
23796,2026-01-11,16:48:19,INFO,WebServer,User u1561 login successful,E101,User {user} login successful
23797,2026-01-11,16:28:51,INFO,WebServer,Page view: /home by u2017,E103,Page view: {page} by {user}
23798,2026-01-11,16:37:38,INFO,WebServer,User u3084 login successful,E101,User {user} login successful
23799,2026-01-11,16:41:30,CRITICAL,WebServer,DATA CORRUPTION detected in sector 342,E602,DATA CORRUPTION detected in sector {sector}
23800,2026-01-11,16:29:38,INFO,WebServer,Page view: /home by u2761,E103,Page view: {page} by {user}
23801,2026-01-11,16:23:42,INFO,OrderProcessor,Health check passed: OrderProcessor,E102,Health check passed: {service}
23802,2026-01-11,16:53:11,INFO,WebServer,User u2549 login successful,E101,User {user} login successful
23803,2026-01-11,16:22:50,INFO,WebServer,User u1372 login successful,E101,User {user} login successful
23804,2026-01-11,16:09:43,INFO,AuthService,User u2391 login successful,E101,User {user} login successful
23805,2026-01-11,16:43:47,INFO,WebServer,Page view: /home by u1369,E103,Page view: {page} by {user}
23806,2026-01-11,16:50:44,INFO,OrderProcessor,Page view: /home by u4783,E103,Page view: {page} by {user}
23807,2026-01-11,16:08:00,INFO,WebServer,Page view: /home by u3251,E103,Page view: {page} by {user}
23808,2026-01-11,16:35:11,INFO,WebServer,Health check passed: WebServer,E102,Health check passed: {service}
23809,2026-01-11,16:37:48,INFO,WebServer,Transaction tx894752 completed in 1818ms,E104,Transaction {tx} completed in {time}ms
23810,2026-01-11,16:52:44,INFO,PaymentGateway,Page view: /home by u4588,E103,Page view: {page} by {user}
23811,2026-01-11,16:32:08,INFO,WebServer,Page view: /home by u2950,E103,Page view: {page} by {user}
23812,2026-01-11,16:38:58,INFO,WebServer,User u4512 login successful,E101,User {user} login successful
23813,2026-01-11,16:18:23,INFO,OrderProcessor,Transaction tx841885 completed in 725ms,E104,Transaction {tx} completed in {time}ms
23814,2026-01-11,16:40:33,INFO,AuthService,Health check passed: AuthService,E102,Health check passed: {service}
23815,2026-01-11,16:35:42,INFO,AuthService,Transaction tx852575 completed in 1857ms,E104,Transaction {tx} completed in {time}ms
23816,2026-01-11,16:05:12,INFO,OrderProcessor,Transaction tx651105 completed in 1100ms,E104,Transaction {tx} completed in {time}ms
23817,2026-01-11,16:24:59,INFO,WebServer,User u1293 login successful,E101,User {user} login successful
23818,2026-01-11,16:24:01,INFO,WebServer,User u1260 login successful,E101,User {user} login successful
23819,2026-01-11,16:10:54,WARN,PaymentGateway,Disk usage > 85% on node node-5,E202,Disk usage > 85% on node {node}
23820,2026-01-11,16:14:49,INFO,WebServer,Page view: /home by u3399,E103,Page view: {page} by {user}
23821,2026-01-11,16:29:23,INFO,WebServer,User u2541 login successful,E101,User {user} login successful
23822,2026-01-11,16:54:51,INFO,OrderProcessor,Health check passed: OrderProcessor,E102,Health check passed: {service}
23823,2026-01-11,16:17:36,INFO,OrderProcessor,Health check passed: OrderProcessor,E102,Health check passed: {service}
23824,2026-01-11,16:14:30,INFO,WebServer,Page view: /home by u1194,E103,Page view: {page} by {user}
23825,2026-01-11,16:22:40,INFO,WebServer,User u1609 login successful,E101,User {user} login successful
23826,2026-01-11,16:39:38,INFO,AuthService,Page view: /home by u3852,E103,Page view: {page} by {user}
23827,2026-01-11,16:00:33,WARN,WebServer,Unauthorized access attempt from 10.0.0.99,E401,Unauthorized access attempt from {ip}
23828,2026-01-11,16:44:16,INFO,OrderProcessor,User u3048 login successful,E101,User {user} login successful
23829,2026-01-11,16:05:52,INFO,WebServer,Transaction tx672461 completed in 1246ms,E104,Transaction {tx} completed in {time}ms
23830,2026-01-11,16:29:52,INFO,AuthService,User u1299 login successful,E101,User {user} login successful
23831,2026-01-11,16:56:03,INFO,AuthService,Health check passed: AuthService,E102,Health check passed: {service}
23832,2026-01-11,16:16:50,INFO,OrderProcessor,Page view: /home by u4578,E103,Page view: {page} by {user}
23833,2026-01-11,16:08:05,INFO,WebServer,Health check passed: WebServer,E102,Health check passed: {service}
23834,2026-01-11,16:34:35,INFO,WebServer,Health check passed: WebServer,E102,Health check passed: {service}
23835,2026-01-11,16:25:48,INFO,WebServer,User u4574 login successful,E101,User {user} login successful
23836,2026-01-11,16:52:38,INFO,OrderProcessor,User u4828 login successful,E101,User {user} login successful
23837,2026-01-11,16:22:49,WARN,WebServer,High latency (1462ms) detected on WebServer,E201,High latency ({time}ms) detected on {service}
23838,2026-01-11,16:28:52,INFO,OrderProcessor,Transaction tx208273 completed in 782ms,E104,Transaction {tx} completed in {time}ms
23839,2026-01-11,16:08:36,INFO,WebServer,Health check passed: WebServer,E102,Health check passed: {service}
23840,2026-01-11,16:01:46,WARN,WebServer,High latency (421ms) detected on WebServer,E201,High latency ({time}ms) detected on {service}
23841,2026-01-11,16:50:59,INFO,WebServer,Health check passed: WebServer,E102,Health check passed: {service}
23842,2026-01-11,16:18:50,WARN,WebServer,Unauthorized access attempt from 10.0.0.45,E401,Unauthorized access attempt from {ip}
23843,2026-01-11,16:56:47,INFO,WebServer,Health check passed: WebServer,E102,Health check passed: {service}
23844,2026-01-11,16:44:09,INFO,AuthService,Health check passed: AuthService,E102,Health check passed: {service}
23845,2026-01-11,16:18:14,INFO,WebServer,Health check passed: WebServer,E102,Health check passed: {service}
23846,2026-01-11,16:48:31,INFO,OrderProcessor,Health check passed: OrderProcessor,E102,Health check passed: {service}
23847,2026-01-11,16:47:27,INFO,WebServer,Transaction tx960636 completed in 155ms,E104,Transaction {tx} completed in {time}ms
23848,2026-01-11,16:14:32,INFO,AuthService,Health check passed: AuthService,E102,Health check passed: {service}
23849,2026-01-11,16:42:09,INFO,WebServer,Transaction tx734750 completed in 167ms,E104,Transaction {tx} completed in {time}ms
23850,2026-01-11,16:45:04,INFO,OrderProcessor,User u2299 login successful,E101,User {user} login successful
23851,2026-01-11,16:01:29,INFO,AuthService,Transaction tx681114 completed in 1733ms,E104,Transaction {tx} completed in {time}ms
23852,2026-01-11,16:20:10,INFO,WebServer,Transaction tx836297 completed in 1245ms,E104,Transaction {tx} completed in {time}ms
23853,2026-01-11,16:22:27,INFO,WebServer,Health check passed: WebServer,E102,Health check passed: {service}
23854,2026-01-11,16:20:30,WARN,WebServer,High latency (107ms) detected on WebServer,E201,High latency ({time}ms) detected on {service}
23855,2026-01-11,16:54:50,INFO,WebServer,Page view: /home by u1867,E103,Page view: {page} by {user}
23856,2026-01-11,16:39:53,INFO,AuthService,Health check passed: AuthService,E102,Health check passed: {service}
23857,2026-01-11,16:57:20,INFO,AuthService,Page view: /home by u1268,E103,Page view: {page} by {user}
23858,2026-01-11,16:47:18,ERROR,WebServer,Connection refused to WebServer at 10.0.0.45,E501,Connection refused to {service} at {ip}
23859,2026-01-11,16:47:36,INFO,WebServer,Page view: /home by u4804,E103,Page view: {page} by {user}
23860,2026-01-11,16:01:42,INFO,OrderProcessor,Transaction tx750985 completed in 1037ms,E104,Transaction {tx} completed in {time}ms
23861,2026-01-11,16:46:48,INFO,InventoryDB,Page view: /home by u1107,E103,Page view: {page} by {user}
23862,2026-01-11,16:03:55,INFO,OrderProcessor,Page view: /home by u2248,E103,Page view: {page} by {user}
23863,2026-01-11,16:32:54,INFO,InventoryDB,User u3479 login successful,E101,User {user} login successful
23864,2026-01-11,16:52:21,INFO,OrderProcessor,User u4355 login successful,E101,User {user} login successful
23865,2026-01-11,16:58:28,INFO,WebServer,Transaction tx815872 completed in 163ms,E104,Transaction {tx} completed in {time}ms
23866,2026-01-11,16:35:38,INFO,OrderProcessor,Page view: /home by u1984,E103,Page view: {page} by {user}
23867,2026-01-11,16:23:08,INFO,OrderProcessor,Page view: /home by u3867,E103,Page view: {page} by {user}
23868,2026-01-11,16:10:06,INFO,WebServer,Transaction tx400186 completed in 959ms,E104,Transaction {tx} completed in {time}ms
23869,2026-01-11,16:03:38,INFO,PaymentGateway,Transaction tx508942 completed in 862ms,E104,Transaction {tx} completed in {time}ms
23870,2026-01-11,16:28:54,INFO,WebServer,Page view: /home by u3285,E103,Page view: {page} by {user}
23871,2026-01-11,16:32:11,ERROR,WebServer,Timeout waiting for lock on InventoryDB,E502,Timeout waiting for lock on {db}
23872,2026-01-11,16:17:53,INFO,PaymentGateway,Page view: /home by u4389,E103,Page view: {page} by {user}
23873,2026-01-11,16:13:33,INFO,AuthService,User u2022 login successful,E101,User {user} login successful
23874,2026-01-11,16:36:21,INFO,OrderProcessor,Health check passed: OrderProcessor,E102,Health check passed: {service}
23875,2026-01-11,16:40:27,INFO,WebServer,Health check passed: WebServer,E102,Health check passed: {service}
23876,2026-01-11,16:59:28,INFO,OrderProcessor,Page view: /home by u1551,E103,Page view: {page} by {user}
23877,2026-01-11,16:41:43,INFO,AuthService,Transaction tx381612 completed in 765ms,E104,Transaction {tx} completed in {time}ms
23878,2026-01-11,16:29:24,INFO,WebServer,Page view: /home by u2355,E103,Page view: {page} by {user}
23879,2026-01-11,16:42:04,INFO,PaymentGateway,Page view: /home by u1922,E103,Page view: {page} by {user}
23880,2026-01-11,16:38:10,ERROR,AuthService,Payment declined: Gateway unavailable,E503,Payment declined: Gateway unavailable
23881,2026-01-11,16:51:59,INFO,WebServer,Health check passed: WebServer,E102,Health check passed: {service}
23882,2026-01-11,16:06:05,INFO,AuthService,Transaction tx435188 completed in 1998ms,E104,Transaction {tx} completed in {time}ms
23883,2026-01-11,16:15:06,INFO,InventoryDB,Health check passed: InventoryDB,E102,Health check passed: {service}
23884,2026-01-11,16:47:11,INFO,AuthService,Health check passed: AuthService,E102,Health check passed: {service}
23885,2026-01-11,16:33:15,INFO,WebServer,User u4062 login successful,E101,User {user} login successful
23886,2026-01-11,16:45:45,INFO,AuthService,Page view: /home by u1670,E103,Page view: {page} by {user}
23887,2026-01-11,16:09:17,WARN,OrderProcessor,Disk usage > 85% on node node-3,E202,Disk usage > 85% on node {node}
23888,2026-01-11,16:12:04,ERROR,WebServer,Payment declined: Gateway unavailable,E503,Payment declined: Gateway unavailable
23889,2026-01-11,16:10:07,WARN,AuthService,Unauthorized access attempt from 10.0.0.10,E401,Unauthorized access attempt from {ip}
23890,2026-01-11,16:39:15,INFO,WebServer,Transaction tx390571 completed in 120ms,E104,Transaction {tx} completed in {time}ms
23891,2026-01-11,16:42:38,WARN,AuthService,Unauthorized access attempt from 10.0.0.12,E401,Unauthorized access attempt from {ip}
23892,2026-01-11,16:47:17,INFO,WebServer,User u4692 login successful,E101,User {user} login successful
23893,2026-01-11,16:33:15,INFO,WebServer,Transaction tx801900 completed in 935ms,E104,Transaction {tx} completed in {time}ms
23894,2026-01-11,16:09:52,INFO,WebServer,Page view: /home by u2633,E103,Page view: {page} by {user}
23895,2026-01-11,16:39:34,INFO,AuthService,Page view: /home by u4836,E103,Page view: {page} by {user}
23896,2026-01-11,16:18:07,INFO,PaymentGateway,Page view: /home by u2875,E103,Page view: {page} by {user}
23897,2026-01-11,16:00:30,INFO,PaymentGateway,User u2489 login successful,E101,User {user} login successful
23898,2026-01-11,16:31:13,INFO,WebServer,User u4897 login successful,E101,User {user} login successful
23899,2026-01-11,16:21:30,INFO,AuthService,User u2032 login successful,E101,User {user} login successful
23900,2026-01-11,16:04:40,INFO,OrderProcessor,User u5000 login successful,E101,User {user} login successful
23901,2026-01-11,16:21:45,INFO,OrderProcessor,Page view: /home by u2116,E103,Page view: {page} by {user}
23902,2026-01-11,16:33:25,INFO,InventoryDB,Transaction tx724309 completed in 1792ms,E104,Transaction {tx} completed in {time}ms
23903,2026-01-11,16:40:11,WARN,OrderProcessor,Unauthorized access attempt from 10.0.0.12,E401,Unauthorized access attempt from {ip}
23904,2026-01-11,16:50:21,INFO,WebServer,User u2578 login successful,E101,User {user} login successful
23905,2026-01-11,16:31:43,INFO,WebServer,Transaction tx744343 completed in 942ms,E104,Transaction {tx} completed in {time}ms
23906,2026-01-11,16:03:11,INFO,PaymentGateway,Page view: /home by u3849,E103,Page view: {page} by {user}
23907,2026-01-11,16:41:31,INFO,WebServer,Page view: /home by u2488,E103,Page view: {page} by {user}
23908,2026-01-11,16:26:11,INFO,PaymentGateway,User u2699 login successful,E101,User {user} login successful
23909,2026-01-11,16:33:41,INFO,WebServer,User u4268 login successful,E101,User {user} login successful
23910,2026-01-11,16:16:27,INFO,AuthService,Health check passed: AuthService,E102,Health check passed: {service}
23911,2026-01-11,16:28:58,WARN,WebServer,High latency (1512ms) detected on WebServer,E201,High latency ({time}ms) detected on {service}
23912,2026-01-11,16:24:35,INFO,WebServer,Page view: /home by u4600,E103,Page view: {page} by {user}
23913,2026-01-11,16:38:23,INFO,PaymentGateway,Page view: /home by u1746,E103,Page view: {page} by {user}
23914,2026-01-11,16:20:52,WARN,WebServer,Unauthorized access attempt from 10.0.0.45,E401,Unauthorized access attempt from {ip}
23915,2026-01-11,16:44:21,INFO,PaymentGateway,User u3369 login successful,E101,User {user} login successful
23916,2026-01-11,16:55:38,INFO,WebServer,Transaction tx476714 completed in 1128ms,E104,Transaction {tx} completed in {time}ms
23917,2026-01-11,16:47:20,INFO,InventoryDB,User u3886 login successful,E101,User {user} login successful
23918,2026-01-11,16:34:49,WARN,WebServer,High latency (1760ms) detected on WebServer,E201,High latency ({time}ms) detected on {service}
23919,2026-01-11,16:19:55,INFO,OrderProcessor,User u2946 login successful,E101,User {user} login successful
23920,2026-01-11,16:06:11,WARN,OrderProcessor,High latency (1424ms) detected on OrderProcessor,E201,High latency ({time}ms) detected on {service}
23921,2026-01-11,16:54:41,INFO,AuthService,Page view: /home by u2921,E103,Page view: {page} by {user}
23922,2026-01-11,16:16:45,INFO,WebServer,Transaction tx541280 completed in 1220ms,E104,Transaction {tx} completed in {time}ms
23923,2026-01-11,16:36:18,INFO,AuthService,Transaction tx632377 completed in 1983ms,E104,Transaction {tx} completed in {time}ms
23924,2026-01-11,16:47:09,INFO,WebServer,Health check passed: WebServer,E102,Health check passed: {service}
23925,2026-01-11,16:13:14,INFO,OrderProcessor,Health check passed: OrderProcessor,E102,Health check passed: {service}
23926,2026-01-11,16:07:24,INFO,AuthService,Transaction tx557356 completed in 1250ms,E104,Transaction {tx} completed in {time}ms
23927,2026-01-11,16:25:24,INFO,AuthService,User u2936 login successful,E101,User {user} login successful
23928,2026-01-11,16:39:47,INFO,AuthService,Health check passed: AuthService,E102,Health check passed: {service}
23929,2026-01-11,16:11:50,INFO,WebServer,Transaction tx292942 completed in 628ms,E104,Transaction {tx} completed in {time}ms
23930,2026-01-11,16:19:30,INFO,WebServer,Page view: /home by u4279,E103,Page view: {page} by {user}
23931,2026-01-11,16:49:19,INFO,WebServer,Health check passed: WebServer,E102,Health check passed: {service}
23932,2026-01-11,16:06:49,INFO,PaymentGateway,Health check passed: PaymentGateway,E102,Health check passed: {service}
23933,2026-01-11,16:31:40,INFO,OrderProcessor,User u2618 login successful,E101,User {user} login successful
23934,2026-01-11,16:13:00,INFO,OrderProcessor,User u3808 login successful,E101,User {user} login successful
23935,2026-01-11,16:17:57,INFO,AuthService,Page view: /home by u3415,E103,Page view: {page} by {user}
23936,2026-01-11,16:04:08,INFO,WebServer,User u3142 login successful,E101,User {user} login successful
23937,2026-01-11,16:16:47,INFO,OrderProcessor,Page view: /home by u2479,E103,Page view: {page} by {user}
23938,2026-01-11,16:56:26,INFO,AuthService,User u3496 login successful,E101,User {user} login successful
23939,2026-01-11,16:47:44,INFO,AuthService,Health check passed: AuthService,E102,Health check passed: {service}
23940,2026-01-11,16:19:59,INFO,AuthService,Transaction tx514020 completed in 262ms,E104,Transaction {tx} completed in {time}ms
23941,2026-01-11,16:34:46,INFO,OrderProcessor,User u3386 login successful,E101,User {user} login successful
23942,2026-01-11,16:04:33,INFO,AuthService,Page view: /home by u2043,E103,Page view: {page} by {user}
23943,2026-01-11,16:00:07,INFO,PaymentGateway,Transaction tx947293 completed in 729ms,E104,Transaction {tx} completed in {time}ms
23944,2026-01-11,16:03:38,INFO,AuthService,User u4779 login successful,E101,User {user} login successful
23945,2026-01-11,16:57:52,INFO,WebServer,Page view: /home by u1223,E103,Page view: {page} by {user}
23946,2026-01-11,16:51:18,INFO,AuthService,Health check passed: AuthService,E102,Health check passed: {service}
23947,2026-01-11,16:05:46,INFO,WebServer,Health check passed: WebServer,E102,Health check passed: {service}
23948,2026-01-11,16:29:20,INFO,WebServer,User u4267 login successful,E101,User {user} login successful
23949,2026-01-11,16:09:20,INFO,AuthService,Health check passed: AuthService,E102,Health check passed: {service}
23950,2026-01-11,16:04:33,INFO,WebServer,User u3633 login successful,E101,User {user} login successful
23951,2026-01-11,16:34:43,INFO,WebServer,Transaction tx618180 completed in 344ms,E104,Transaction {tx} completed in {time}ms
23952,2026-01-11,16:45:58,INFO,WebServer,Transaction tx382054 completed in 257ms,E104,Transaction {tx} completed in {time}ms
23953,2026-01-11,16:39:56,INFO,PaymentGateway,Health check passed: PaymentGateway,E102,Health check passed: {service}
23954,2026-01-11,16:15:47,INFO,WebServer,User u4967 login successful,E101,User {user} login successful
23955,2026-01-11,16:51:19,WARN,AuthService,Unauthorized access attempt from 10.0.0.45,E401,Unauthorized access attempt from {ip}
23956,2026-01-11,16:31:56,INFO,WebServer,Page view: /home by u3368,E103,Page view: {page} by {user}
23957,2026-01-11,16:42:14,INFO,WebServer,Page view: /home by u3245,E103,Page view: {page} by {user}
23958,2026-01-11,16:03:35,INFO,OrderProcessor,User u1121 login successful,E101,User {user} login successful
23959,2026-01-11,16:25:10,INFO,PaymentGateway,User u3663 login successful,E101,User {user} login successful
23960,2026-01-11,16:30:14,INFO,AuthService,User u3955 login successful,E101,User {user} login successful
23961,2026-01-11,16:18:24,INFO,PaymentGateway,Page view: /home by u2426,E103,Page view: {page} by {user}
23962,2026-01-11,16:48:59,INFO,WebServer,Page view: /home by u1905,E103,Page view: {page} by {user}
23963,2026-01-11,16:12:50,INFO,WebServer,Page view: /home by u4758,E103,Page view: {page} by {user}
23964,2026-01-11,16:07:50,INFO,AuthService,User u1735 login successful,E101,User {user} login successful
23965,2026-01-11,16:07:05,INFO,AuthService,Transaction tx627374 completed in 1626ms,E104,Transaction {tx} completed in {time}ms
23966,2026-01-11,16:17:27,INFO,WebServer,Health check passed: WebServer,E102,Health check passed: {service}
23967,2026-01-11,16:02:09,INFO,OrderProcessor,Transaction tx930251 completed in 1664ms,E104,Transaction {tx} completed in {time}ms
23968,2026-01-11,16:30:19,INFO,AuthService,Health check passed: AuthService,E102,Health check passed: {service}
23969,2026-01-11,16:33:54,INFO,PaymentGateway,User u4592 login successful,E101,User {user} login successful
23970,2026-01-11,16:02:45,INFO,InventoryDB,Page view: /home by u1329,E103,Page view: {page} by {user}
23971,2026-01-11,16:43:21,INFO,AuthService,Page view: /home by u1835,E103,Page view: {page} by {user}
23972,2026-01-11,16:01:36,INFO,AuthService,Transaction tx816002 completed in 389ms,E104,Transaction {tx} completed in {time}ms
23973,2026-01-11,16:48:04,INFO,WebServer,User u1870 login successful,E101,User {user} login successful
23974,2026-01-11,16:17:07,INFO,WebServer,Page view: /home by u1828,E103,Page view: {page} by {user}
23975,2026-01-11,16:46:10,INFO,OrderProcessor,Transaction tx781309 completed in 1233ms,E104,Transaction {tx} completed in {time}ms
23976,2026-01-11,16:19:49,INFO,AuthService,User u4195 login successful,E101,User {user} login successful
23977,2026-01-11,16:23:10,INFO,WebServer,Health check passed: WebServer,E102,Health check passed: {service}
23978,2026-01-11,16:53:10,INFO,AuthService,Transaction tx448874 completed in 1246ms,E104,Transaction {tx} completed in {time}ms
23979,2026-01-11,16:14:01,INFO,WebServer,Transaction tx667993 completed in 1996ms,E104,Transaction {tx} completed in {time}ms
23980,2026-01-11,16:52:24,INFO,AuthService,User u4575 login successful,E101,User {user} login successful
23981,2026-01-11,16:45:59,INFO,AuthService,User u4166 login successful,E101,User {user} login successful
23982,2026-01-11,16:47:01,INFO,WebServer,User u3083 login successful,E101,User {user} login successful
23983,2026-01-11,16:41:36,INFO,WebServer,User u4943 login successful,E101,User {user} login successful
23984,2026-01-11,16:44:32,INFO,AuthService,User u2194 login successful,E101,User {user} login successful
23985,2026-01-11,16:26:45,INFO,AuthService,User u2103 login successful,E101,User {user} login successful
23986,2026-01-11,16:18:08,INFO,PaymentGateway,Health check passed: PaymentGateway,E102,Health check passed: {service}
23987,2026-01-11,16:49:58,WARN,OrderProcessor,Disk usage > 85% on node node-4,E202,Disk usage > 85% on node {node}
23988,2026-01-11,16:31:10,INFO,PaymentGateway,User u4316 login successful,E101,User {user} login successful
23989,2026-01-11,16:18:19,INFO,WebServer,User u4039 login successful,E101,User {user} login successful
23990,2026-01-11,16:24:24,INFO,OrderProcessor,Health check passed: OrderProcessor,E102,Health check passed: {service}
23991,2026-01-11,16:29:41,INFO,OrderProcessor,Transaction tx553233 completed in 1723ms,E104,Transaction {tx} completed in {time}ms
23992,2026-01-11,16:33:15,INFO,PaymentGateway,User u2960 login successful,E101,User {user} login successful
23993,2026-01-11,16:45:26,INFO,AuthService,Transaction tx117545 completed in 1144ms,E104,Transaction {tx} completed in {time}ms
23994,2026-01-11,16:58:20,INFO,AuthService,Page view: /home by u3523,E103,Page view: {page} by {user}
23995,2026-01-11,16:44:27,INFO,OrderProcessor,Health check passed: OrderProcessor,E102,Health check passed: {service}
23996,2026-01-11,16:14:33,INFO,WebServer,Health check passed: WebServer,E102,Health check passed: {service}
23997,2026-01-11,16:15:06,INFO,WebServer,User u1663 login successful,E101,User {user} login successful
23998,2026-01-11,16:38:32,INFO,WebServer,Health check passed: WebServer,E102,Health check passed: {service}
23999,2026-01-11,16:37:16,INFO,PaymentGateway,User u3241 login successful,E101,User {user} login successful
24000,2026-01-11,16:19:54,INFO,OrderProcessor,Transaction tx472399 completed in 1916ms,E104,Transaction {tx} completed in {time}ms
24001,2026-01-11,16:02:16,INFO,OrderProcessor,Transaction tx336714 completed in 1361ms,E104,Transaction {tx} completed in {time}ms
24002,2026-01-11,16:36:17,INFO,AuthService,Page view: /home by u4416,E103,Page view: {page} by {user}
24003,2026-01-11,16:14:06,INFO,AuthService,Health check passed: AuthService,E102,Health check passed: {service}
24004,2026-01-11,16:20:59,INFO,WebServer,Page view: /home by u1237,E103,Page view: {page} by {user}
24005,2026-01-11,16:50:56,INFO,WebServer,Transaction tx394496 completed in 1409ms,E104,Transaction {tx} completed in {time}ms
24006,2026-01-11,16:43:24,INFO,WebServer,User u3884 login successful,E101,User {user} login successful
24007,2026-01-11,16:45:38,INFO,WebServer,Health check passed: WebServer,E102,Health check passed: {service}
24008,2026-01-11,16:10:50,INFO,AuthService,User u3830 login successful,E101,User {user} login successful
24009,2026-01-11,16:52:07,INFO,WebServer,Health check passed: WebServer,E102,Health check passed: {service}
24010,2026-01-11,16:19:12,INFO,WebServer,User u1834 login successful,E101,User {user} login successful
24011,2026-01-11,16:51:53,WARN,AuthService,Unauthorized access attempt from 10.0.0.10,E401,Unauthorized access attempt from {ip}
24012,2026-01-11,16:29:17,INFO,WebServer,User u4807 login successful,E101,User {user} login successful
24013,2026-01-11,16:41:26,INFO,WebServer,Health check passed: WebServer,E102,Health check passed: {service}
24014,2026-01-11,16:55:47,INFO,WebServer,Transaction tx607923 completed in 1470ms,E104,Transaction {tx} completed in {time}ms
24015,2026-01-11,16:09:20,INFO,WebServer,Health check passed: WebServer,E102,Health check passed: {service}
24016,2026-01-11,16:19:54,INFO,WebServer,User u3726 login successful,E101,User {user} login successful
24017,2026-01-11,16:02:22,INFO,InventoryDB,Health check passed: InventoryDB,E102,Health check passed: {service}
24018,2026-01-11,16:00:55,INFO,WebServer,Transaction tx387488 completed in 1629ms,E104,Transaction {tx} completed in {time}ms
24019,2026-01-11,16:06:59,INFO,OrderProcessor,Health check passed: OrderProcessor,E102,Health check passed: {service}
24020,2026-01-11,16:59:31,INFO,WebServer,Health check passed: WebServer,E102,Health check passed: {service}
24021,2026-01-11,16:39:49,INFO,WebServer,Health check passed: WebServer,E102,Health check passed: {service}
24022,2026-01-11,16:12:16,INFO,PaymentGateway,Page view: /home by u3217,E103,Page view: {page} by {user}
24023,2026-01-11,16:51:11,INFO,WebServer,Page view: /home by u3885,E103,Page view: {page} by {user}
24024,2026-01-11,16:16:09,INFO,PaymentGateway,Health check passed: PaymentGateway,E102,Health check passed: {service}
24025,2026-01-11,16:44:24,INFO,WebServer,User u4193 login successful,E101,User {user} login successful
24026,2026-01-11,16:55:03,INFO,AuthService,Health check passed: AuthService,E102,Health check passed: {service}
24027,2026-01-11,16:24:24,INFO,WebServer,User u4932 login successful,E101,User {user} login successful
24028,2026-01-11,16:13:40,INFO,WebServer,Health check passed: WebServer,E102,Health check passed: {service}
24029,2026-01-11,16:42:16,INFO,WebServer,User u1805 login successful,E101,User {user} login successful
24030,2026-01-11,16:43:36,INFO,PaymentGateway,Page view: /home by u3736,E103,Page view: {page} by {user}
24031,2026-01-11,16:24:06,INFO,WebServer,Page view: /home by u2462,E103,Page view: {page} by {user}
24032,2026-01-11,16:04:55,INFO,WebServer,Transaction tx703552 completed in 1152ms,E104,Transaction {tx} completed in {time}ms
24033,2026-01-11,16:09:36,INFO,AuthService,User u1266 login successful,E101,User {user} login successful
24034,2026-01-11,16:33:56,INFO,WebServer,User u4436 login successful,E101,User {user} login successful
24035,2026-01-11,16:50:01,INFO,WebServer,User u4832 login successful,E101,User {user} login successful
24036,2026-01-11,16:47:25,INFO,AuthService,User u2760 login successful,E101,User {user} login successful
24037,2026-01-11,16:47:10,INFO,AuthService,Health check passed: AuthService,E102,Health check passed: {service}
24038,2026-01-11,16:23:34,INFO,WebServer,Health check passed: WebServer,E102,Health check passed: {service}
24039,2026-01-11,16:45:14,INFO,PaymentGateway,Page view: /home by u1866,E103,Page view: {page} by {user}
24040,2026-01-11,16:59:33,INFO,InventoryDB,Page view: /home by u4651,E103,Page view: {page} by {user}
24041,2026-01-11,16:33:00,INFO,WebServer,Page view: /home by u4017,E103,Page view: {page} by {user}
24042,2026-01-11,16:23:58,ERROR,WebServer,Payment declined: Gateway unavailable,E503,Payment declined: Gateway unavailable
24043,2026-01-11,16:18:24,INFO,WebServer,User u2387 login successful,E101,User {user} login successful
24044,2026-01-11,16:11:53,INFO,AuthService,User u4209 login successful,E101,User {user} login successful
24045,2026-01-11,16:25:02,INFO,WebServer,Transaction tx787549 completed in 1285ms,E104,Transaction {tx} completed in {time}ms
24046,2026-01-11,16:29:28,INFO,WebServer,Page view: /home by u4128,E103,Page view: {page} by {user}
24047,2026-01-11,16:13:06,INFO,WebServer,Transaction tx149560 completed in 1349ms,E104,Transaction {tx} completed in {time}ms
24048,2026-01-11,16:26:53,INFO,WebServer,Page view: /home by u1437,E103,Page view: {page} by {user}
24049,2026-01-11,16:27:13,WARN,PaymentGateway,Disk usage > 85% on node node-3,E202,Disk usage > 85% on node {node}
24050,2026-01-11,16:03:13,INFO,WebServer,Transaction tx689077 completed in 227ms,E104,Transaction {tx} completed in {time}ms
24051,2026-01-11,16:23:47,INFO,AuthService,Health check passed: AuthService,E102,Health check passed: {service}
24052,2026-01-11,16:36:10,INFO,PaymentGateway,Page view: /home by u2938,E103,Page view: {page} by {user}
24053,2026-01-11,16:44:06,INFO,WebServer,Health check passed: WebServer,E102,Health check passed: {service}
24054,2026-01-11,16:51:14,WARN,AuthService,Disk usage > 85% on node node-2,E202,Disk usage > 85% on node {node}
24055,2026-01-11,16:19:16,INFO,WebServer,User u2224 login successful,E101,User {user} login successful
24056,2026-01-11,16:04:49,INFO,PaymentGateway,User u3240 login successful,E101,User {user} login successful
24057,2026-01-11,16:47:32,ERROR,WebServer,Timeout waiting for lock on InventoryDB,E502,Timeout waiting for lock on {db}
24058,2026-01-11,16:46:54,INFO,WebServer,Transaction tx416047 completed in 1736ms,E104,Transaction {tx} completed in {time}ms
24059,2026-01-11,16:19:34,INFO,WebServer,Health check passed: WebServer,E102,Health check passed: {service}
24060,2026-01-11,16:56:22,INFO,WebServer,Transaction tx207226 completed in 108ms,E104,Transaction {tx} completed in {time}ms
24061,2026-01-11,16:33:33,INFO,WebServer,Page view: /home by u1827,E103,Page view: {page} by {user}
24062,2026-01-11,16:33:46,INFO,WebServer,Health check passed: WebServer,E102,Health check passed: {service}
24063,2026-01-11,16:40:15,INFO,WebServer,Health check passed: WebServer,E102,Health check passed: {service}
24064,2026-01-11,16:21:56,INFO,WebServer,Health check passed: WebServer,E102,Health check passed: {service}
24065,2026-01-11,16:17:07,INFO,WebServer,Health check passed: WebServer,E102,Health check passed: {service}
24066,2026-01-11,16:19:52,INFO,OrderProcessor,User u4705 login successful,E101,User {user} login successful
24067,2026-01-11,16:02:23,INFO,AuthService,Transaction tx622582 completed in 104ms,E104,Transaction {tx} completed in {time}ms
24068,2026-01-11,16:56:58,INFO,OrderProcessor,Transaction tx212424 completed in 1533ms,E104,Transaction {tx} completed in {time}ms
24069,2026-01-11,16:42:45,ERROR,PaymentGateway,Connection refused to PaymentGateway at 10.0.0.45,E501,Connection refused to {service} at {ip}
24070,2026-01-11,16:57:15,INFO,PaymentGateway,Transaction tx459932 completed in 1273ms,E104,Transaction {tx} completed in {time}ms
24071,2026-01-11,16:15:50,INFO,AuthService,Page view: /home by u3446,E103,Page view: {page} by {user}
24072,2026-01-11,16:29:40,INFO,WebServer,Page view: /home by u1454,E103,Page view: {page} by {user}
24073,2026-01-11,16:01:42,INFO,WebServer,User u1935 login successful,E101,User {user} login successful
24074,2026-01-11,16:10:41,INFO,OrderProcessor,Health check passed: OrderProcessor,E102,Health check passed: {service}
24075,2026-01-11,16:37:57,INFO,InventoryDB,User u4129 login successful,E101,User {user} login successful
24076,2026-01-11,16:57:46,INFO,AuthService,Health check passed: AuthService,E102,Health check passed: {service}
24077,2026-01-11,16:36:27,INFO,WebServer,User u3672 login successful,E101,User {user} login successful
24078,2026-01-11,16:50:40,INFO,WebServer,Health check passed: WebServer,E102,Health check passed: {service}
24079,2026-01-11,16:28:31,INFO,OrderProcessor,Page view: /home by u2135,E103,Page view: {page} by {user}
24080,2026-01-11,16:23:26,INFO,AuthService,Page view: /home by u3388,E103,Page view: {page} by {user}
24081,2026-01-11,16:46:32,WARN,AuthService,High latency (1006ms) detected on AuthService,E201,High latency ({time}ms) detected on {service}
24082,2026-01-11,16:43:00,INFO,InventoryDB,Health check passed: InventoryDB,E102,Health check passed: {service}
24083,2026-01-11,16:40:54,INFO,OrderProcessor,Transaction tx602035 completed in 413ms,E104,Transaction {tx} completed in {time}ms
24084,2026-01-11,16:03:08,INFO,AuthService,User u4587 login successful,E101,User {user} login successful
24085,2026-01-11,16:20:14,INFO,WebServer,Transaction tx894732 completed in 278ms,E104,Transaction {tx} completed in {time}ms
24086,2026-01-11,16:41:18,INFO,WebServer,Health check passed: WebServer,E102,Health check passed: {service}
24087,2026-01-11,16:43:55,INFO,WebServer,User u2248 login successful,E101,User {user} login successful
24088,2026-01-11,16:26:06,INFO,AuthService,User u2124 login successful,E101,User {user} login successful
24089,2026-01-11,16:02:44,INFO,OrderProcessor,User u4902 login successful,E101,User {user} login successful
24090,2026-01-11,16:19:49,INFO,WebServer,Transaction tx739930 completed in 1467ms,E104,Transaction {tx} completed in {time}ms
24091,2026-01-11,16:41:41,INFO,WebServer,User u3633 login successful,E101,User {user} login successful
24092,2026-01-11,16:45:19,INFO,AuthService,Page view: /home by u2252,E103,Page view: {page} by {user}
24093,2026-01-11,16:40:02,ERROR,AuthService,Payment declined: Gateway unavailable,E503,Payment declined: Gateway unavailable
24094,2026-01-11,16:27:09,INFO,PaymentGateway,Transaction tx730099 completed in 1001ms,E104,Transaction {tx} completed in {time}ms
24095,2026-01-11,16:39:26,INFO,WebServer,Page view: /home by u1322,E103,Page view: {page} by {user}
24096,2026-01-11,16:58:01,INFO,WebServer,User u4349 login successful,E101,User {user} login successful
24097,2026-01-11,16:13:25,INFO,WebServer,Transaction tx148267 completed in 1685ms,E104,Transaction {tx} completed in {time}ms
24098,2026-01-11,16:54:57,INFO,WebServer,Transaction tx443781 completed in 1640ms,E104,Transaction {tx} completed in {time}ms
24099,2026-01-11,16:45:56,INFO,OrderProcessor,Page view: /home by u3572,E103,Page view: {page} by {user}
24100,2026-01-11,16:55:03,INFO,InventoryDB,Page view: /home by u1972,E103,Page view: {page} by {user}
24101,2026-01-11,16:22:54,INFO,PaymentGateway,Health check passed: PaymentGateway,E102,Health check passed: {service}
24102,2026-01-11,16:49:36,INFO,WebServer,Health check passed: WebServer,E102,Health check passed: {service}
24103,2026-01-11,16:55:29,INFO,WebServer,Page view: /home by u2606,E103,Page view: {page} by {user}
24104,2026-01-11,16:03:20,INFO,AuthService,Page view: /home by u3937,E103,Page view: {page} by {user}
24105,2026-01-11,16:14:53,INFO,WebServer,Page view: /home by u1402,E103,Page view: {page} by {user}
24106,2026-01-11,16:47:10,INFO,OrderProcessor,Health check passed: OrderProcessor,E102,Health check passed: {service}
24107,2026-01-11,16:14:28,INFO,WebServer,Health check passed: WebServer,E102,Health check passed: {service}
24108,2026-01-11,16:07:46,INFO,WebServer,Health check passed: WebServer,E102,Health check passed: {service}
24109,2026-01-11,16:56:13,INFO,WebServer,Page view: /home by u3966,E103,Page view: {page} by {user}
24110,2026-01-11,16:19:49,INFO,AuthService,Transaction tx957961 completed in 1254ms,E104,Transaction {tx} completed in {time}ms
24111,2026-01-11,16:16:34,INFO,AuthService,Health check passed: AuthService,E102,Health check passed: {service}
24112,2026-01-11,16:28:46,INFO,AuthService,Page view: /home by u1830,E103,Page view: {page} by {user}
24113,2026-01-11,16:23:10,INFO,WebServer,Transaction tx679890 completed in 1120ms,E104,Transaction {tx} completed in {time}ms
24114,2026-01-11,16:11:38,INFO,AuthService,Health check passed: AuthService,E102,Health check passed: {service}
24115,2026-01-11,16:04:18,INFO,OrderProcessor,Transaction tx283777 completed in 427ms,E104,Transaction {tx} completed in {time}ms
24116,2026-01-11,16:20:11,INFO,PaymentGateway,User u4121 login successful,E101,User {user} login successful
24117,2026-01-11,16:13:05,INFO,AuthService,Page view: /home by u1200,E103,Page view: {page} by {user}
24118,2026-01-11,16:51:47,INFO,WebServer,Page view: /home by u1699,E103,Page view: {page} by {user}
24119,2026-01-11,16:38:30,INFO,OrderProcessor,Page view: /home by u1206,E103,Page view: {page} by {user}
24120,2026-01-11,16:19:45,INFO,AuthService,User u3594 login successful,E101,User {user} login successful
24121,2026-01-11,16:48:43,INFO,InventoryDB,User u2317 login successful,E101,User {user} login successful
24122,2026-01-11,16:09:52,INFO,WebServer,Transaction tx635103 completed in 264ms,E104,Transaction {tx} completed in {time}ms
24123,2026-01-11,16:14:41,INFO,WebServer,Transaction tx334468 completed in 1222ms,E104,Transaction {tx} completed in {time}ms
24124,2026-01-11,16:53:30,CRITICAL,WebServer,KERNEL PANIC: Node node-2 crashed,E601,KERNEL PANIC: Node {node} crashed
24125,2026-01-11,16:45:05,INFO,InventoryDB,Transaction tx791474 completed in 1007ms,E104,Transaction {tx} completed in {time}ms
24126,2026-01-11,16:26:10,INFO,WebServer,Transaction tx252944 completed in 1516ms,E104,Transaction {tx} completed in {time}ms
24127,2026-01-11,16:55:15,INFO,AuthService,User u3362 login successful,E101,User {user} login successful
24128,2026-01-11,16:20:28,INFO,OrderProcessor,Page view: /home by u1904,E103,Page view: {page} by {user}
24129,2026-01-11,16:21:04,WARN,AuthService,High latency (854ms) detected on AuthService,E201,High latency ({time}ms) detected on {service}
24130,2026-01-11,16:00:07,INFO,PaymentGateway,Transaction tx454033 completed in 341ms,E104,Transaction {tx} completed in {time}ms
24131,2026-01-11,16:25:57,INFO,OrderProcessor,Transaction tx663099 completed in 285ms,E104,Transaction {tx} completed in {time}ms
24132,2026-01-11,16:37:54,INFO,AuthService,User u3982 login successful,E101,User {user} login successful
24133,2026-01-11,16:20:25,INFO,OrderProcessor,Page view: /home by u4213,E103,Page view: {page} by {user}
24134,2026-01-11,16:36:08,INFO,PaymentGateway,Transaction tx827367 completed in 1430ms,E104,Transaction {tx} completed in {time}ms
24135,2026-01-11,16:53:31,INFO,PaymentGateway,User u3867 login successful,E101,User {user} login successful
24136,2026-01-11,16:19:12,INFO,WebServer,Page view: /home by u3046,E103,Page view: {page} by {user}
24137,2026-01-11,16:43:43,INFO,WebServer,Health check passed: WebServer,E102,Health check passed: {service}
24138,2026-01-11,16:31:00,INFO,WebServer,User u3596 login successful,E101,User {user} login successful
24139,2026-01-11,16:09:54,INFO,AuthService,Page view: /home by u4248,E103,Page view: {page} by {user}
24140,2026-01-11,16:21:24,INFO,PaymentGateway,Health check passed: PaymentGateway,E102,Health check passed: {service}
24141,2026-01-11,16:04:37,INFO,WebServer,Transaction tx387069 completed in 1174ms,E104,Transaction {tx} completed in {time}ms
24142,2026-01-11,16:34:26,INFO,WebServer,Transaction tx426177 completed in 432ms,E104,Transaction {tx} completed in {time}ms
24143,2026-01-11,16:33:20,INFO,WebServer,Transaction tx510101 completed in 637ms,E104,Transaction {tx} completed in {time}ms
24144,2026-01-11,16:41:06,WARN,InventoryDB,Unauthorized access attempt from 10.0.0.12,E401,Unauthorized access attempt from {ip}
24145,2026-01-11,16:16:46,INFO,AuthService,Page view: /home by u3532,E103,Page view: {page} by {user}
24146,2026-01-11,16:14:27,INFO,OrderProcessor,User u2556 login successful,E101,User {user} login successful
24147,2026-01-11,16:02:11,INFO,AuthService,User u1857 login successful,E101,User {user} login successful
24148,2026-01-11,16:42:27,INFO,WebServer,Health check passed: WebServer,E102,Health check passed: {service}
24149,2026-01-11,16:58:39,INFO,WebServer,Page view: /home by u2648,E103,Page view: {page} by {user}
24150,2026-01-11,16:28:16,INFO,WebServer,Transaction tx233251 completed in 460ms,E104,Transaction {tx} completed in {time}ms
24151,2026-01-11,16:29:24,INFO,WebServer,Health check passed: WebServer,E102,Health check passed: {service}
24152,2026-01-11,16:17:19,INFO,InventoryDB,Transaction tx470086 completed in 567ms,E104,Transaction {tx} completed in {time}ms
24153,2026-01-11,16:01:22,INFO,AuthService,Page view: /home by u3475,E103,Page view: {page} by {user}
24154,2026-01-11,16:38:27,INFO,OrderProcessor,Health check passed: OrderProcessor,E102,Health check passed: {service}
24155,2026-01-11,16:52:40,INFO,OrderProcessor,Transaction tx407303 completed in 1655ms,E104,Transaction {tx} completed in {time}ms
24156,2026-01-11,16:40:19,INFO,OrderProcessor,Health check passed: OrderProcessor,E102,Health check passed: {service}
24157,2026-01-11,16:26:49,INFO,PaymentGateway,Page view: /home by u2143,E103,Page view: {page} by {user}
24158,2026-01-11,16:39:34,INFO,AuthService,Page view: /home by u2385,E103,Page view: {page} by {user}
24159,2026-01-11,16:52:23,INFO,WebServer,Transaction tx204851 completed in 455ms,E104,Transaction {tx} completed in {time}ms
24160,2026-01-11,16:33:52,INFO,WebServer,Page view: /home by u4011,E103,Page view: {page} by {user}
24161,2026-01-11,16:16:20,INFO,WebServer,User u3716 login successful,E101,User {user} login successful
24162,2026-01-11,16:59:24,INFO,AuthService,Transaction tx482780 completed in 819ms,E104,Transaction {tx} completed in {time}ms
24163,2026-01-11,16:45:17,INFO,WebServer,Health check passed: WebServer,E102,Health check passed: {service}
24164,2026-01-11,16:51:21,INFO,AuthService,Page view: /home by u1825,E103,Page view: {page} by {user}
24165,2026-01-11,16:27:22,INFO,AuthService,Page view: /home by u3213,E103,Page view: {page} by {user}
24166,2026-01-11,16:24:40,INFO,OrderProcessor,User u1213 login successful,E101,User {user} login successful
24167,2026-01-11,16:13:21,INFO,AuthService,Transaction tx598456 completed in 282ms,E104,Transaction {tx} completed in {time}ms
24168,2026-01-11,16:32:02,INFO,WebServer,Health check passed: WebServer,E102,Health check passed: {service}
24169,2026-01-11,16:31:52,INFO,WebServer,Transaction tx685876 completed in 1435ms,E104,Transaction {tx} completed in {time}ms
24170,2026-01-11,16:20:37,INFO,WebServer,Page view: /home by u1523,E103,Page view: {page} by {user}
24171,2026-01-11,16:52:32,INFO,WebServer,User u2617 login successful,E101,User {user} login successful
24172,2026-01-11,16:39:40,INFO,PaymentGateway,Transaction tx152421 completed in 1725ms,E104,Transaction {tx} completed in {time}ms
24173,2026-01-11,16:30:00,INFO,WebServer,Page view: /home by u1770,E103,Page view: {page} by {user}
24174,2026-01-11,16:43:53,INFO,OrderProcessor,Page view: /home by u2143,E103,Page view: {page} by {user}
24175,2026-01-11,16:30:38,INFO,WebServer,User u4394 login successful,E101,User {user} login successful
24176,2026-01-11,16:29:24,INFO,AuthService,Page view: /home by u1749,E103,Page view: {page} by {user}
24177,2026-01-11,16:43:22,INFO,AuthService,Transaction tx533723 completed in 251ms,E104,Transaction {tx} completed in {time}ms
24178,2026-01-11,16:04:59,INFO,WebServer,Transaction tx449829 completed in 756ms,E104,Transaction {tx} completed in {time}ms
24179,2026-01-11,16:38:37,WARN,WebServer,High latency (367ms) detected on WebServer,E201,High latency ({time}ms) detected on {service}
24180,2026-01-11,16:57:45,INFO,WebServer,Transaction tx144377 completed in 1336ms,E104,Transaction {tx} completed in {time}ms
24181,2026-01-11,16:37:34,INFO,WebServer,User u4421 login successful,E101,User {user} login successful
24182,2026-01-11,16:50:57,INFO,AuthService,Transaction tx984740 completed in 893ms,E104,Transaction {tx} completed in {time}ms
24183,2026-01-11,16:49:48,INFO,PaymentGateway,User u4725 login successful,E101,User {user} login successful
24184,2026-01-11,16:02:04,INFO,WebServer,Page view: /home by u2203,E103,Page view: {page} by {user}
24185,2026-01-11,16:33:56,WARN,WebServer,High latency (829ms) detected on WebServer,E201,High latency ({time}ms) detected on {service}
24186,2026-01-11,16:12:23,INFO,WebServer,User u4083 login successful,E101,User {user} login successful
24187,2026-01-11,16:39:20,INFO,AuthService,User u4183 login successful,E101,User {user} login successful
24188,2026-01-11,16:36:24,INFO,PaymentGateway,Transaction tx319161 completed in 200ms,E104,Transaction {tx} completed in {time}ms
24189,2026-01-11,16:04:31,INFO,OrderProcessor,Transaction tx301376 completed in 1795ms,E104,Transaction {tx} completed in {time}ms
24190,2026-01-11,16:22:28,INFO,PaymentGateway,Health check passed: PaymentGateway,E102,Health check passed: {service}
24191,2026-01-11,16:12:23,INFO,AuthService,Transaction tx586117 completed in 22ms,E104,Transaction {tx} completed in {time}ms
24192,2026-01-11,16:44:07,INFO,PaymentGateway,Health check passed: PaymentGateway,E102,Health check passed: {service}
24193,2026-01-11,16:04:13,INFO,AuthService,Transaction tx293223 completed in 1458ms,E104,Transaction {tx} completed in {time}ms
24194,2026-01-11,16:23:41,WARN,WebServer,Unauthorized access attempt from 10.0.0.12,E401,Unauthorized access attempt from {ip}
24195,2026-01-11,16:12:06,INFO,WebServer,Transaction tx641649 completed in 739ms,E104,Transaction {tx} completed in {time}ms
24196,2026-01-11,16:23:11,INFO,WebServer,Page view: /home by u2552,E103,Page view: {page} by {user}
24197,2026-01-11,16:27:15,INFO,PaymentGateway,Transaction tx971525 completed in 908ms,E104,Transaction {tx} completed in {time}ms
24198,2026-01-11,16:39:17,INFO,WebServer,Health check passed: WebServer,E102,Health check passed: {service}
24199,2026-01-11,16:29:45,INFO,WebServer,Page view: /home by u1309,E103,Page view: {page} by {user}
24200,2026-01-11,16:33:01,INFO,InventoryDB,User u1916 login successful,E101,User {user} login successful
24201,2026-01-11,16:18:14,INFO,WebServer,Health check passed: WebServer,E102,Health check passed: {service}
24202,2026-01-11,16:19:35,INFO,PaymentGateway,Health check passed: PaymentGateway,E102,Health check passed: {service}
24203,2026-01-11,16:03:55,INFO,WebServer,Health check passed: WebServer,E102,Health check passed: {service}
24204,2026-01-11,16:22:10,INFO,PaymentGateway,Health check passed: PaymentGateway,E102,Health check passed: {service}
24205,2026-01-11,16:31:48,INFO,PaymentGateway,User u4627 login successful,E101,User {user} login successful
24206,2026-01-11,16:28:21,INFO,WebServer,Health check passed: WebServer,E102,Health check passed: {service}
24207,2026-01-11,16:03:17,INFO,WebServer,Transaction tx139212 completed in 916ms,E104,Transaction {tx} completed in {time}ms
24208,2026-01-11,16:35:42,INFO,WebServer,Transaction tx785933 completed in 1552ms,E104,Transaction {tx} completed in {time}ms
24209,2026-01-11,16:31:22,INFO,WebServer,Page view: /home by u1751,E103,Page view: {page} by {user}
24210,2026-01-11,16:30:09,INFO,OrderProcessor,Transaction tx267068 completed in 957ms,E104,Transaction {tx} completed in {time}ms
24211,2026-01-11,16:02:57,INFO,PaymentGateway,User u1080 login successful,E101,User {user} login successful
24212,2026-01-11,16:24:36,INFO,AuthService,Transaction tx130501 completed in 1802ms,E104,Transaction {tx} completed in {time}ms
24213,2026-01-11,16:01:52,INFO,WebServer,User u1592 login successful,E101,User {user} login successful
24214,2026-01-11,16:35:12,INFO,WebServer,Page view: /home by u2502,E103,Page view: {page} by {user}
24215,2026-01-11,16:18:53,INFO,AuthService,Health check passed: AuthService,E102,Health check passed: {service}
24216,2026-01-11,16:50:44,INFO,AuthService,Transaction tx748778 completed in 149ms,E104,Transaction {tx} completed in {time}ms
24217,2026-01-11,16:28:04,INFO,OrderProcessor,Transaction tx813989 completed in 673ms,E104,Transaction {tx} completed in {time}ms
24218,2026-01-11,16:48:27,INFO,AuthService,Transaction tx200994 completed in 1420ms,E104,Transaction {tx} completed in {time}ms
24219,2026-01-11,16:35:36,INFO,WebServer,Page view: /home by u3640,E103,Page view: {page} by {user}
24220,2026-01-11,16:32:14,INFO,WebServer,User u4117 login successful,E101,User {user} login successful
24221,2026-01-11,16:42:05,INFO,OrderProcessor,Health check passed: OrderProcessor,E102,Health check passed: {service}
24222,2026-01-11,16:18:24,INFO,WebServer,Health check passed: WebServer,E102,Health check passed: {service}
24223,2026-01-11,16:26:37,INFO,AuthService,Health check passed: AuthService,E102,Health check passed: {service}
24224,2026-01-11,16:57:18,INFO,AuthService,User u2758 login successful,E101,User {user} login successful
24225,2026-01-11,16:48:35,INFO,PaymentGateway,User u2964 login successful,E101,User {user} login successful
24226,2026-01-11,16:17:46,INFO,AuthService,Transaction tx818859 completed in 1487ms,E104,Transaction {tx} completed in {time}ms
24227,2026-01-11,16:20:22,INFO,OrderProcessor,Page view: /home by u4144,E103,Page view: {page} by {user}
24228,2026-01-11,16:02:22,INFO,WebServer,Page view: /home by u1118,E103,Page view: {page} by {user}
24229,2026-01-11,16:38:07,INFO,AuthService,Health check passed: AuthService,E102,Health check passed: {service}
24230,2026-01-11,16:20:10,INFO,WebServer,Transaction tx658920 completed in 360ms,E104,Transaction {tx} completed in {time}ms
24231,2026-01-11,16:54:49,INFO,AuthService,Health check passed: AuthService,E102,Health check passed: {service}
24232,2026-01-11,16:57:25,INFO,WebServer,User u2539 login successful,E101,User {user} login successful
24233,2026-01-11,16:28:18,INFO,PaymentGateway,Page view: /home by u3820,E103,Page view: {page} by {user}
24234,2026-01-11,16:51:05,INFO,WebServer,Transaction tx418230 completed in 94ms,E104,Transaction {tx} completed in {time}ms
24235,2026-01-11,16:57:04,INFO,OrderProcessor,Health check passed: OrderProcessor,E102,Health check passed: {service}
24236,2026-01-11,16:57:31,INFO,WebServer,Page view: /home by u1163,E103,Page view: {page} by {user}
24237,2026-01-11,16:03:21,ERROR,WebServer,Payment declined: Gateway unavailable,E503,Payment declined: Gateway unavailable
24238,2026-01-11,16:08:52,INFO,AuthService,User u3973 login successful,E101,User {user} login successful
24239,2026-01-11,16:27:50,INFO,OrderProcessor,Transaction tx960538 completed in 1117ms,E104,Transaction {tx} completed in {time}ms
24240,2026-01-11,16:23:46,INFO,PaymentGateway,Page view: /home by u1340,E103,Page view: {page} by {user}
24241,2026-01-11,16:07:10,INFO,WebServer,Page view: /home by u2085,E103,Page view: {page} by {user}
24242,2026-01-11,16:58:08,INFO,WebServer,Page view: /home by u1800,E103,Page view: {page} by {user}
24243,2026-01-11,16:58:58,INFO,InventoryDB,Transaction tx203369 completed in 609ms,E104,Transaction {tx} completed in {time}ms
24244,2026-01-11,16:55:28,INFO,OrderProcessor,Health check passed: OrderProcessor,E102,Health check passed: {service}
24245,2026-01-11,16:13:26,INFO,WebServer,User u4490 login successful,E101,User {user} login successful
24246,2026-01-11,16:35:53,WARN,WebServer,High latency (692ms) detected on WebServer,E201,High latency ({time}ms) detected on {service}
24247,2026-01-11,16:32:37,WARN,WebServer,Unauthorized access attempt from 10.0.0.12,E401,Unauthorized access attempt from {ip}
24248,2026-01-11,16:48:48,INFO,AuthService,Transaction tx692990 completed in 1764ms,E104,Transaction {tx} completed in {time}ms
24249,2026-01-11,16:09:16,INFO,OrderProcessor,Health check passed: OrderProcessor,E102,Health check passed: {service}
24250,2026-01-11,16:54:49,INFO,WebServer,Transaction tx603847 completed in 1405ms,E104,Transaction {tx} completed in {time}ms
24251,2026-01-11,16:52:08,INFO,WebServer,Health check passed: WebServer,E102,Health check passed: {service}
24252,2026-01-11,16:54:19,INFO,WebServer,Page view: /home by u2171,E103,Page view: {page} by {user}
24253,2026-01-11,16:19:31,INFO,WebServer,Health check passed: WebServer,E102,Health check passed: {service}
24254,2026-01-11,16:44:49,INFO,AuthService,Page view: /home by u4312,E103,Page view: {page} by {user}
24255,2026-01-11,16:12:10,INFO,InventoryDB,Transaction tx606600 completed in 397ms,E104,Transaction {tx} completed in {time}ms
24256,2026-01-11,16:34:22,INFO,AuthService,Health check passed: AuthService,E102,Health check passed: {service}
24257,2026-01-11,16:23:20,INFO,WebServer,User u3680 login successful,E101,User {user} login successful
24258,2026-01-11,16:40:09,WARN,OrderProcessor,Disk usage > 85% on node node-3,E202,Disk usage > 85% on node {node}
24259,2026-01-11,16:55:25,INFO,OrderProcessor,Transaction tx997065 completed in 1842ms,E104,Transaction {tx} completed in {time}ms
24260,2026-01-11,16:00:27,INFO,OrderProcessor,Health check passed: OrderProcessor,E102,Health check passed: {service}
24261,2026-01-11,16:04:37,WARN,WebServer,Disk usage > 85% on node node-3,E202,Disk usage > 85% on node {node}
24262,2026-01-11,16:24:09,INFO,AuthService,User u4106 login successful,E101,User {user} login successful
24263,2026-01-11,16:49:47,INFO,PaymentGateway,Health check passed: PaymentGateway,E102,Health check passed: {service}
24264,2026-01-11,16:23:54,INFO,WebServer,Health check passed: WebServer,E102,Health check passed: {service}
24265,2026-01-11,16:33:21,INFO,WebServer,Health check passed: WebServer,E102,Health check passed: {service}
24266,2026-01-11,16:57:43,INFO,AuthService,Health check passed: AuthService,E102,Health check passed: {service}
24267,2026-01-11,16:17:35,WARN,WebServer,Disk usage > 85% on node node-3,E202,Disk usage > 85% on node {node}
24268,2026-01-11,16:48:41,INFO,OrderProcessor,Health check passed: OrderProcessor,E102,Health check passed: {service}
24269,2026-01-11,16:38:49,INFO,OrderProcessor,Health check passed: OrderProcessor,E102,Health check passed: {service}
24270,2026-01-11,16:42:37,INFO,OrderProcessor,Transaction tx354950 completed in 1325ms,E104,Transaction {tx} completed in {time}ms
24271,2026-01-11,16:09:46,INFO,WebServer,Health check passed: WebServer,E102,Health check passed: {service}
24272,2026-01-11,16:22:04,INFO,WebServer,Page view: /home by u4526,E103,Page view: {page} by {user}
24273,2026-01-11,16:19:08,INFO,AuthService,Transaction tx770802 completed in 398ms,E104,Transaction {tx} completed in {time}ms
24274,2026-01-11,16:11:12,INFO,WebServer,Health check passed: WebServer,E102,Health check passed: {service}
24275,2026-01-11,16:12:05,INFO,PaymentGateway,Page view: /home by u1733,E103,Page view: {page} by {user}
24276,2026-01-11,16:06:02,INFO,PaymentGateway,Transaction tx979909 completed in 919ms,E104,Transaction {tx} completed in {time}ms
24277,2026-01-11,16:02:13,INFO,OrderProcessor,Page view: /home by u2663,E103,Page view: {page} by {user}
24278,2026-01-11,16:39:56,WARN,AuthService,Unauthorized access attempt from 10.0.0.12,E401,Unauthorized access attempt from {ip}
24279,2026-01-11,16:21:59,INFO,WebServer,User u4174 login successful,E101,User {user} login successful
24280,2026-01-11,16:55:26,INFO,WebServer,Page view: /home by u3863,E103,Page view: {page} by {user}
24281,2026-01-11,16:14:42,INFO,WebServer,User u3788 login successful,E101,User {user} login successful
24282,2026-01-11,16:17:04,INFO,WebServer,Health check passed: WebServer,E102,Health check passed: {service}
24283,2026-01-11,16:53:04,INFO,WebServer,Transaction tx447044 completed in 521ms,E104,Transaction {tx} completed in {time}ms
24284,2026-01-11,16:56:40,INFO,WebServer,Page view: /home by u2098,E103,Page view: {page} by {user}
24285,2026-01-11,16:14:27,INFO,AuthService,Health check passed: AuthService,E102,Health check passed: {service}
24286,2026-01-11,16:21:23,INFO,WebServer,Health check passed: WebServer,E102,Health check passed: {service}
24287,2026-01-11,16:56:39,INFO,WebServer,Transaction tx287392 completed in 905ms,E104,Transaction {tx} completed in {time}ms
24288,2026-01-11,16:04:50,INFO,WebServer,Page view: /home by u1464,E103,Page view: {page} by {user}
24289,2026-01-11,16:25:23,INFO,WebServer,Page view: /home by u4205,E103,Page view: {page} by {user}
24290,2026-01-11,16:39:06,INFO,OrderProcessor,Transaction tx330874 completed in 568ms,E104,Transaction {tx} completed in {time}ms
24291,2026-01-11,16:23:24,INFO,WebServer,Page view: /home by u2246,E103,Page view: {page} by {user}
24292,2026-01-11,16:23:36,INFO,AuthService,Health check passed: AuthService,E102,Health check passed: {service}
24293,2026-01-11,16:09:26,INFO,WebServer,Page view: /home by u1604,E103,Page view: {page} by {user}
24294,2026-01-11,16:26:44,ERROR,AuthService,Timeout waiting for lock on InventoryDB,E502,Timeout waiting for lock on {db}
24295,2026-01-11,16:24:47,INFO,OrderProcessor,Page view: /home by u1346,E103,Page view: {page} by {user}
24296,2026-01-11,16:08:23,INFO,WebServer,Transaction tx718304 completed in 1484ms,E104,Transaction {tx} completed in {time}ms
24297,2026-01-11,16:04:38,INFO,OrderProcessor,Health check passed: OrderProcessor,E102,Health check passed: {service}
24298,2026-01-11,16:30:36,INFO,WebServer,Page view: /home by u1493,E103,Page view: {page} by {user}
24299,2026-01-11,16:46:51,INFO,PaymentGateway,Health check passed: PaymentGateway,E102,Health check passed: {service}
24300,2026-01-11,16:06:26,INFO,WebServer,Health check passed: WebServer,E102,Health check passed: {service}
24301,2026-01-11,16:06:40,INFO,AuthService,Transaction tx514290 completed in 191ms,E104,Transaction {tx} completed in {time}ms
24302,2026-01-11,16:36:38,INFO,AuthService,User u2342 login successful,E101,User {user} login successful
24303,2026-01-11,16:50:27,WARN,WebServer,Disk usage > 85% on node node-5,E202,Disk usage > 85% on node {node}
24304,2026-01-11,16:27:57,WARN,OrderProcessor,Disk usage > 85% on node node-4,E202,Disk usage > 85% on node {node}
24305,2026-01-11,16:05:47,INFO,AuthService,User u4283 login successful,E101,User {user} login successful
24306,2026-01-11,16:06:30,INFO,WebServer,Health check passed: WebServer,E102,Health check passed: {service}
24307,2026-01-11,16:58:45,INFO,WebServer,Transaction tx659295 completed in 180ms,E104,Transaction {tx} completed in {time}ms
24308,2026-01-11,16:56:29,INFO,AuthService,Page view: /home by u3997,E103,Page view: {page} by {user}
24309,2026-01-11,16:09:03,INFO,OrderProcessor,Transaction tx676263 completed in 420ms,E104,Transaction {tx} completed in {time}ms
24310,2026-01-11,16:57:39,INFO,PaymentGateway,Page view: /home by u4557,E103,Page view: {page} by {user}
24311,2026-01-11,16:06:41,INFO,WebServer,User u4269 login successful,E101,User {user} login successful
24312,2026-01-11,16:29:41,WARN,OrderProcessor,Unauthorized access attempt from 10.0.0.12,E401,Unauthorized access attempt from {ip}
24313,2026-01-11,16:53:01,WARN,WebServer,High latency (1021ms) detected on WebServer,E201,High latency ({time}ms) detected on {service}
24314,2026-01-11,16:45:18,INFO,WebServer,Page view: /home by u3006,E103,Page view: {page} by {user}
24315,2026-01-11,16:33:43,INFO,OrderProcessor,Transaction tx892543 completed in 332ms,E104,Transaction {tx} completed in {time}ms
24316,2026-01-11,16:23:49,WARN,AuthService,High latency (1273ms) detected on AuthService,E201,High latency ({time}ms) detected on {service}
24317,2026-01-11,16:01:11,INFO,OrderProcessor,User u2094 login successful,E101,User {user} login successful
24318,2026-01-11,16:45:06,INFO,PaymentGateway,Page view: /home by u3138,E103,Page view: {page} by {user}
24319,2026-01-11,16:42:39,WARN,WebServer,High latency (413ms) detected on WebServer,E201,High latency ({time}ms) detected on {service}
24320,2026-01-11,16:32:48,INFO,WebServer,Page view: /home by u4633,E103,Page view: {page} by {user}
24321,2026-01-11,16:09:07,WARN,AuthService,Unauthorized access attempt from 10.0.0.45,E401,Unauthorized access attempt from {ip}
24322,2026-01-11,16:18:19,INFO,WebServer,Health check passed: WebServer,E102,Health check passed: {service}
24323,2026-01-11,16:10:49,INFO,AuthService,Page view: /home by u4560,E103,Page view: {page} by {user}
24324,2026-01-11,16:03:16,INFO,WebServer,Transaction tx779656 completed in 364ms,E104,Transaction {tx} completed in {time}ms
24325,2026-01-11,16:29:41,INFO,WebServer,Transaction tx720570 completed in 143ms,E104,Transaction {tx} completed in {time}ms
24326,2026-01-11,16:17:27,INFO,WebServer,User u2008 login successful,E101,User {user} login successful
24327,2026-01-11,16:05:16,INFO,WebServer,Transaction tx353078 completed in 1155ms,E104,Transaction {tx} completed in {time}ms
24328,2026-01-11,16:02:53,INFO,InventoryDB,Transaction tx355800 completed in 1159ms,E104,Transaction {tx} completed in {time}ms
24329,2026-01-11,16:48:20,INFO,OrderProcessor,Page view: /home by u2822,E103,Page view: {page} by {user}
24330,2026-01-11,16:39:53,INFO,InventoryDB,Health check passed: InventoryDB,E102,Health check passed: {service}
24331,2026-01-11,16:22:25,INFO,WebServer,Health check passed: WebServer,E102,Health check passed: {service}
24332,2026-01-11,16:14:30,INFO,OrderProcessor,Health check passed: OrderProcessor,E102,Health check passed: {service}
24333,2026-01-11,16:10:53,INFO,WebServer,Transaction tx273928 completed in 1967ms,E104,Transaction {tx} completed in {time}ms
24334,2026-01-11,16:47:13,INFO,PaymentGateway,User u4041 login successful,E101,User {user} login successful
24335,2026-01-11,16:45:55,INFO,InventoryDB,User u4347 login successful,E101,User {user} login successful
24336,2026-01-11,16:33:23,INFO,PaymentGateway,Page view: /home by u1326,E103,Page view: {page} by {user}
24337,2026-01-11,16:47:54,INFO,AuthService,User u3895 login successful,E101,User {user} login successful
24338,2026-01-11,16:06:53,INFO,WebServer,Page view: /home by u4595,E103,Page view: {page} by {user}
24339,2026-01-11,16:23:15,INFO,WebServer,Page view: /home by u1051,E103,Page view: {page} by {user}
24340,2026-01-11,16:45:36,ERROR,WebServer,Connection refused to WebServer at 10.0.0.45,E501,Connection refused to {service} at {ip}
24341,2026-01-11,16:26:52,INFO,WebServer,Page view: /home by u1235,E103,Page view: {page} by {user}
24342,2026-01-11,16:35:58,INFO,OrderProcessor,Page view: /home by u1909,E103,Page view: {page} by {user}
24343,2026-01-11,16:45:38,INFO,WebServer,Health check passed: WebServer,E102,Health check passed: {service}
24344,2026-01-11,16:09:31,INFO,InventoryDB,User u1607 login successful,E101,User {user} login successful
24345,2026-01-11,16:37:07,INFO,AuthService,User u2742 login successful,E101,User {user} login successful
24346,2026-01-11,16:57:13,INFO,WebServer,User u3181 login successful,E101,User {user} login successful
24347,2026-01-11,16:33:09,INFO,OrderProcessor,Health check passed: OrderProcessor,E102,Health check passed: {service}
24348,2026-01-11,16:01:19,INFO,OrderProcessor,Transaction tx155313 completed in 1578ms,E104,Transaction {tx} completed in {time}ms
24349,2026-01-11,16:47:01,INFO,WebServer,Health check passed: WebServer,E102,Health check passed: {service}
24350,2026-01-11,16:41:02,INFO,AuthService,Health check passed: AuthService,E102,Health check passed: {service}
24351,2026-01-11,16:22:57,INFO,WebServer,Transaction tx361779 completed in 1996ms,E104,Transaction {tx} completed in {time}ms
24352,2026-01-11,16:50:48,INFO,WebServer,User u2795 login successful,E101,User {user} login successful
24353,2026-01-11,16:38:05,INFO,WebServer,User u4099 login successful,E101,User {user} login successful
24354,2026-01-11,16:15:38,INFO,PaymentGateway,Health check passed: PaymentGateway,E102,Health check passed: {service}
24355,2026-01-11,16:42:18,INFO,InventoryDB,Health check passed: InventoryDB,E102,Health check passed: {service}
24356,2026-01-11,16:40:33,INFO,WebServer,Page view: /home by u1798,E103,Page view: {page} by {user}
24357,2026-01-11,16:35:46,INFO,WebServer,Page view: /home by u2676,E103,Page view: {page} by {user}
24358,2026-01-11,16:29:01,INFO,AuthService,Health check passed: AuthService,E102,Health check passed: {service}
24359,2026-01-11,16:39:35,INFO,AuthService,Health check passed: AuthService,E102,Health check passed: {service}
24360,2026-01-11,16:57:44,INFO,AuthService,Transaction tx623660 completed in 698ms,E104,Transaction {tx} completed in {time}ms
24361,2026-01-11,16:07:31,INFO,OrderProcessor,User u1314 login successful,E101,User {user} login successful
24362,2026-01-11,16:11:52,INFO,InventoryDB,User u3683 login successful,E101,User {user} login successful
24363,2026-01-11,16:51:35,INFO,WebServer,Page view: /home by u4657,E103,Page view: {page} by {user}
24364,2026-01-11,16:16:03,INFO,AuthService,User u4014 login successful,E101,User {user} login successful
24365,2026-01-11,16:10:26,INFO,WebServer,Transaction tx392247 completed in 1472ms,E104,Transaction {tx} completed in {time}ms
24366,2026-01-11,16:01:48,INFO,WebServer,Transaction tx673707 completed in 163ms,E104,Transaction {tx} completed in {time}ms
24367,2026-01-11,16:57:28,INFO,PaymentGateway,User u4097 login successful,E101,User {user} login successful
24368,2026-01-11,16:45:15,INFO,OrderProcessor,Page view: /home by u1332,E103,Page view: {page} by {user}
24369,2026-01-11,16:39:16,INFO,AuthService,Health check passed: AuthService,E102,Health check passed: {service}
24370,2026-01-11,16:44:51,CRITICAL,WebServer,KERNEL PANIC: Node node-3 crashed,E601,KERNEL PANIC: Node {node} crashed
24371,2026-01-11,16:08:00,INFO,WebServer,Transaction tx189078 completed in 142ms,E104,Transaction {tx} completed in {time}ms
24372,2026-01-11,16:14:00,INFO,WebServer,Page view: /home by u1428,E103,Page view: {page} by {user}
24373,2026-01-11,16:07:33,INFO,WebServer,User u2015 login successful,E101,User {user} login successful
24374,2026-01-11,16:16:56,INFO,AuthService,Page view: /home by u4326,E103,Page view: {page} by {user}
24375,2026-01-11,16:28:19,INFO,OrderProcessor,Page view: /home by u3996,E103,Page view: {page} by {user}
24376,2026-01-11,16:53:25,WARN,PaymentGateway,Unauthorized access attempt from 10.0.0.45,E401,Unauthorized access attempt from {ip}
24377,2026-01-11,16:37:54,INFO,WebServer,User u4453 login successful,E101,User {user} login successful
24378,2026-01-11,16:11:38,ERROR,WebServer,Connection refused to WebServer at 10.0.0.10,E501,Connection refused to {service} at {ip}
24379,2026-01-11,16:22:21,INFO,OrderProcessor,Health check passed: OrderProcessor,E102,Health check passed: {service}
24380,2026-01-11,16:45:15,INFO,WebServer,Transaction tx473542 completed in 325ms,E104,Transaction {tx} completed in {time}ms
24381,2026-01-11,16:53:00,INFO,PaymentGateway,Transaction tx507265 completed in 1280ms,E104,Transaction {tx} completed in {time}ms
24382,2026-01-11,16:35:35,INFO,AuthService,Health check passed: AuthService,E102,Health check passed: {service}
24383,2026-01-11,16:56:30,WARN,PaymentGateway,Disk usage > 85% on node node-5,E202,Disk usage > 85% on node {node}
24384,2026-01-11,16:31:23,INFO,WebServer,Health check passed: WebServer,E102,Health check passed: {service}
24385,2026-01-11,16:59:07,WARN,WebServer,Disk usage > 85% on node node-4,E202,Disk usage > 85% on node {node}
24386,2026-01-11,16:52:59,INFO,OrderProcessor,Health check passed: OrderProcessor,E102,Health check passed: {service}
24387,2026-01-11,16:33:38,INFO,AuthService,Page view: /home by u1559,E103,Page view: {page} by {user}
24388,2026-01-11,16:48:02,INFO,WebServer,User u3187 login successful,E101,User {user} login successful
24389,2026-01-11,16:51:53,INFO,InventoryDB,User u3787 login successful,E101,User {user} login successful
24390,2026-01-11,17:41:39,INFO,OrderProcessor,Transaction tx807610 completed in 78ms,E104,Transaction {tx} completed in {time}ms
24391,2026-01-11,17:21:48,INFO,WebServer,Health check passed: WebServer,E102,Health check passed: {service}
24392,2026-01-11,17:16:18,INFO,WebServer,Page view: /home by u1603,E103,Page view: {page} by {user}
24393,2026-01-11,17:24:22,INFO,PaymentGateway,Health check passed: PaymentGateway,E102,Health check passed: {service}
24394,2026-01-11,17:32:14,INFO,WebServer,Transaction tx400478 completed in 1375ms,E104,Transaction {tx} completed in {time}ms
24395,2026-01-11,17:59:39,INFO,WebServer,User u2407 login successful,E101,User {user} login successful
24396,2026-01-11,17:13:57,INFO,InventoryDB,Page view: /home by u3378,E103,Page view: {page} by {user}
24397,2026-01-11,17:53:20,INFO,WebServer,Page view: /home by u1121,E103,Page view: {page} by {user}
24398,2026-01-11,17:50:18,INFO,AuthService,User u4310 login successful,E101,User {user} login successful
24399,2026-01-11,17:21:32,INFO,WebServer,Page view: /home by u3504,E103,Page view: {page} by {user}
24400,2026-01-11,17:53:39,INFO,AuthService,Health check passed: AuthService,E102,Health check passed: {service}
24401,2026-01-11,17:20:15,INFO,WebServer,Health check passed: WebServer,E102,Health check passed: {service}
24402,2026-01-11,17:24:38,INFO,WebServer,Page view: /home by u1892,E103,Page view: {page} by {user}
24403,2026-01-11,17:59:37,INFO,WebServer,Transaction tx182211 completed in 1424ms,E104,Transaction {tx} completed in {time}ms
24404,2026-01-11,17:44:45,INFO,PaymentGateway,User u2848 login successful,E101,User {user} login successful
24405,2026-01-11,17:25:06,INFO,InventoryDB,Health check passed: InventoryDB,E102,Health check passed: {service}
24406,2026-01-11,17:28:05,INFO,AuthService,Health check passed: AuthService,E102,Health check passed: {service}
24407,2026-01-11,17:21:31,INFO,WebServer,Health check passed: WebServer,E102,Health check passed: {service}
24408,2026-01-11,17:14:52,INFO,WebServer,Page view: /home by u4137,E103,Page view: {page} by {user}
24409,2026-01-11,17:55:03,INFO,WebServer,Page view: /home by u2874,E103,Page view: {page} by {user}
24410,2026-01-11,17:03:58,INFO,OrderProcessor,Page view: /home by u1816,E103,Page view: {page} by {user}
24411,2026-01-11,17:53:46,INFO,WebServer,Health check passed: WebServer,E102,Health check passed: {service}
24412,2026-01-11,17:20:38,WARN,OrderProcessor,Disk usage > 85% on node node-3,E202,Disk usage > 85% on node {node}
24413,2026-01-11,17:01:44,INFO,OrderProcessor,User u2912 login successful,E101,User {user} login successful
24414,2026-01-11,17:21:31,INFO,WebServer,Transaction tx548020 completed in 106ms,E104,Transaction {tx} completed in {time}ms
24415,2026-01-11,17:40:49,INFO,AuthService,User u2133 login successful,E101,User {user} login successful
24416,2026-01-11,17:32:24,WARN,WebServer,High latency (653ms) detected on WebServer,E201,High latency ({time}ms) detected on {service}
24417,2026-01-11,17:04:22,INFO,WebServer,Page view: /home by u3629,E103,Page view: {page} by {user}
24418,2026-01-11,17:14:52,INFO,WebServer,Health check passed: WebServer,E102,Health check passed: {service}
24419,2026-01-11,17:25:17,INFO,AuthService,Page view: /home by u4758,E103,Page view: {page} by {user}
24420,2026-01-11,17:24:14,INFO,WebServer,Health check passed: WebServer,E102,Health check passed: {service}
24421,2026-01-11,17:20:38,INFO,AuthService,Health check passed: AuthService,E102,Health check passed: {service}
24422,2026-01-11,17:56:14,INFO,WebServer,Page view: /home by u2718,E103,Page view: {page} by {user}
24423,2026-01-11,17:14:05,INFO,PaymentGateway,Page view: /home by u4530,E103,Page view: {page} by {user}
24424,2026-01-11,17:31:04,INFO,WebServer,Page view: /home by u3357,E103,Page view: {page} by {user}
24425,2026-01-11,17:42:30,INFO,OrderProcessor,Page view: /home by u3715,E103,Page view: {page} by {user}
24426,2026-01-11,17:54:02,INFO,PaymentGateway,Transaction tx832241 completed in 1528ms,E104,Transaction {tx} completed in {time}ms
24427,2026-01-11,17:12:00,INFO,AuthService,Health check passed: AuthService,E102,Health check passed: {service}
24428,2026-01-11,17:48:31,INFO,WebServer,User u1460 login successful,E101,User {user} login successful
24429,2026-01-11,17:00:39,INFO,AuthService,Health check passed: AuthService,E102,Health check passed: {service}
24430,2026-01-11,17:46:48,INFO,OrderProcessor,Health check passed: OrderProcessor,E102,Health check passed: {service}
24431,2026-01-11,17:50:20,INFO,AuthService,User u3388 login successful,E101,User {user} login successful
24432,2026-01-11,17:50:36,INFO,WebServer,User u3011 login successful,E101,User {user} login successful
24433,2026-01-11,17:18:26,INFO,PaymentGateway,User u4547 login successful,E101,User {user} login successful
24434,2026-01-11,17:11:27,INFO,PaymentGateway,User u2881 login successful,E101,User {user} login successful
24435,2026-01-11,17:37:05,INFO,WebServer,User u4266 login successful,E101,User {user} login successful
24436,2026-01-11,17:53:06,INFO,OrderProcessor,User u3192 login successful,E101,User {user} login successful
24437,2026-01-11,17:09:34,INFO,OrderProcessor,Page view: /home by u1088,E103,Page view: {page} by {user}
24438,2026-01-11,17:59:27,INFO,WebServer,Health check passed: WebServer,E102,Health check passed: {service}
24439,2026-01-11,17:14:18,INFO,WebServer,Page view: /home by u2583,E103,Page view: {page} by {user}
24440,2026-01-11,17:38:26,INFO,AuthService,Transaction tx964430 completed in 258ms,E104,Transaction {tx} completed in {time}ms
24441,2026-01-11,17:43:26,INFO,WebServer,Health check passed: WebServer,E102,Health check passed: {service}
24442,2026-01-11,17:09:31,ERROR,AuthService,Payment declined: Gateway unavailable,E503,Payment declined: Gateway unavailable
24443,2026-01-11,17:50:30,INFO,PaymentGateway,User u4134 login successful,E101,User {user} login successful
24444,2026-01-11,17:05:43,INFO,InventoryDB,Transaction tx344556 completed in 1961ms,E104,Transaction {tx} completed in {time}ms
24445,2026-01-11,17:59:35,INFO,WebServer,Transaction tx491928 completed in 512ms,E104,Transaction {tx} completed in {time}ms
24446,2026-01-11,17:02:33,INFO,WebServer,Transaction tx450512 completed in 700ms,E104,Transaction {tx} completed in {time}ms
24447,2026-01-11,17:19:04,INFO,AuthService,Health check passed: AuthService,E102,Health check passed: {service}
24448,2026-01-11,17:00:09,INFO,WebServer,Page view: /home by u3647,E103,Page view: {page} by {user}
24449,2026-01-11,17:15:45,INFO,WebServer,Page view: /home by u1976,E103,Page view: {page} by {user}
24450,2026-01-11,17:19:57,INFO,WebServer,Transaction tx615980 completed in 1459ms,E104,Transaction {tx} completed in {time}ms
24451,2026-01-11,17:48:51,INFO,WebServer,Health check passed: WebServer,E102,Health check passed: {service}
24452,2026-01-11,17:05:18,INFO,WebServer,User u2339 login successful,E101,User {user} login successful
24453,2026-01-11,17:03:34,INFO,OrderProcessor,Health check passed: OrderProcessor,E102,Health check passed: {service}
24454,2026-01-11,17:30:09,INFO,PaymentGateway,Health check passed: PaymentGateway,E102,Health check passed: {service}
24455,2026-01-11,17:08:51,INFO,WebServer,User u2655 login successful,E101,User {user} login successful
24456,2026-01-11,17:00:32,INFO,OrderProcessor,Health check passed: OrderProcessor,E102,Health check passed: {service}
24457,2026-01-11,17:42:24,INFO,WebServer,User u3470 login successful,E101,User {user} login successful
24458,2026-01-11,17:27:05,WARN,OrderProcessor,Unauthorized access attempt from 10.0.0.45,E401,Unauthorized access attempt from {ip}
24459,2026-01-11,17:46:28,INFO,OrderProcessor,Page view: /home by u4664,E103,Page view: {page} by {user}
24460,2026-01-11,17:26:48,INFO,WebServer,User u3532 login successful,E101,User {user} login successful
24461,2026-01-11,17:43:37,INFO,WebServer,Health check passed: WebServer,E102,Health check passed: {service}
24462,2026-01-11,17:45:59,INFO,PaymentGateway,User u3391 login successful,E101,User {user} login successful
24463,2026-01-11,17:27:55,INFO,WebServer,Transaction tx345641 completed in 1238ms,E104,Transaction {tx} completed in {time}ms
24464,2026-01-11,17:10:29,INFO,WebServer,Health check passed: WebServer,E102,Health check passed: {service}
24465,2026-01-11,17:56:18,INFO,PaymentGateway,User u2145 login successful,E101,User {user} login successful
24466,2026-01-11,17:19:51,INFO,WebServer,Transaction tx880217 completed in 680ms,E104,Transaction {tx} completed in {time}ms
24467,2026-01-11,17:15:34,INFO,WebServer,Transaction tx576840 completed in 201ms,E104,Transaction {tx} completed in {time}ms
24468,2026-01-11,17:43:16,INFO,WebServer,Page view: /home by u4859,E103,Page view: {page} by {user}
24469,2026-01-11,17:27:30,INFO,WebServer,User u3292 login successful,E101,User {user} login successful
24470,2026-01-11,17:00:11,INFO,PaymentGateway,Transaction tx759638 completed in 68ms,E104,Transaction {tx} completed in {time}ms
24471,2026-01-11,17:11:40,INFO,AuthService,User u1946 login successful,E101,User {user} login successful
24472,2026-01-11,17:09:52,INFO,AuthService,Transaction tx696311 completed in 962ms,E104,Transaction {tx} completed in {time}ms
24473,2026-01-11,17:48:49,INFO,OrderProcessor,Page view: /home by u3543,E103,Page view: {page} by {user}
24474,2026-01-11,17:57:21,INFO,WebServer,Transaction tx766724 completed in 507ms,E104,Transaction {tx} completed in {time}ms
24475,2026-01-11,17:46:03,INFO,OrderProcessor,Transaction tx408221 completed in 1834ms,E104,Transaction {tx} completed in {time}ms
24476,2026-01-11,17:25:08,INFO,AuthService,Health check passed: AuthService,E102,Health check passed: {service}
24477,2026-01-11,17:18:38,INFO,PaymentGateway,User u4807 login successful,E101,User {user} login successful
24478,2026-01-11,17:11:34,INFO,WebServer,User u3311 login successful,E101,User {user} login successful
24479,2026-01-11,17:02:56,INFO,AuthService,Page view: /home by u2904,E103,Page view: {page} by {user}
24480,2026-01-11,17:31:45,INFO,WebServer,Health check passed: WebServer,E102,Health check passed: {service}
24481,2026-01-11,17:12:25,INFO,WebServer,Transaction tx811190 completed in 1805ms,E104,Transaction {tx} completed in {time}ms
24482,2026-01-11,17:15:53,INFO,WebServer,Health check passed: WebServer,E102,Health check passed: {service}
24483,2026-01-11,17:16:56,INFO,AuthService,User u1171 login successful,E101,User {user} login successful
24484,2026-01-11,17:04:25,INFO,WebServer,User u3471 login successful,E101,User {user} login successful
24485,2026-01-11,17:20:52,WARN,WebServer,High latency (70ms) detected on WebServer,E201,High latency ({time}ms) detected on {service}
24486,2026-01-11,17:47:14,INFO,WebServer,Health check passed: WebServer,E102,Health check passed: {service}
24487,2026-01-11,17:22:59,INFO,AuthService,User u2174 login successful,E101,User {user} login successful
24488,2026-01-11,17:04:15,ERROR,PaymentGateway,Timeout waiting for lock on InventoryDB,E502,Timeout waiting for lock on {db}
24489,2026-01-11,17:42:57,INFO,AuthService,Page view: /home by u1568,E103,Page view: {page} by {user}
24490,2026-01-11,17:33:11,INFO,AuthService,Transaction tx873826 completed in 1991ms,E104,Transaction {tx} completed in {time}ms
24491,2026-01-11,17:25:58,INFO,AuthService,Health check passed: AuthService,E102,Health check passed: {service}
24492,2026-01-11,17:08:23,INFO,WebServer,Transaction tx341610 completed in 1497ms,E104,Transaction {tx} completed in {time}ms
24493,2026-01-11,17:31:46,INFO,OrderProcessor,Transaction tx601097 completed in 294ms,E104,Transaction {tx} completed in {time}ms
24494,2026-01-11,17:23:06,INFO,WebServer,Health check passed: WebServer,E102,Health check passed: {service}
24495,2026-01-11,17:30:05,INFO,PaymentGateway,Transaction tx205144 completed in 834ms,E104,Transaction {tx} completed in {time}ms
24496,2026-01-11,17:38:30,INFO,WebServer,User u4443 login successful,E101,User {user} login successful
24497,2026-01-11,17:23:10,INFO,PaymentGateway,Transaction tx273586 completed in 1631ms,E104,Transaction {tx} completed in {time}ms
24498,2026-01-11,17:53:28,INFO,InventoryDB,User u2494 login successful,E101,User {user} login successful
24499,2026-01-11,17:43:01,INFO,WebServer,Page view: /home by u4935,E103,Page view: {page} by {user}
24500,2026-01-11,17:51:56,INFO,WebServer,Transaction tx887181 completed in 1689ms,E104,Transaction {tx} completed in {time}ms
24501,2026-01-11,17:40:42,INFO,WebServer,Health check passed: WebServer,E102,Health check passed: {service}
24502,2026-01-11,17:20:14,INFO,WebServer,User u1286 login successful,E101,User {user} login successful
24503,2026-01-11,17:10:00,INFO,WebServer,Page view: /home by u3178,E103,Page view: {page} by {user}
24504,2026-01-11,17:57:30,INFO,WebServer,User u2523 login successful,E101,User {user} login successful
24505,2026-01-11,17:23:01,INFO,WebServer,Health check passed: WebServer,E102,Health check passed: {service}
24506,2026-01-11,17:59:45,INFO,AuthService,Transaction tx890275 completed in 1638ms,E104,Transaction {tx} completed in {time}ms
24507,2026-01-11,17:55:40,INFO,OrderProcessor,Page view: /home by u4503,E103,Page view: {page} by {user}
24508,2026-01-11,17:43:46,INFO,WebServer,Health check passed: WebServer,E102,Health check passed: {service}
24509,2026-01-11,17:36:35,WARN,WebServer,Disk usage > 85% on node node-5,E202,Disk usage > 85% on node {node}
24510,2026-01-11,17:11:18,INFO,PaymentGateway,Transaction tx501410 completed in 1570ms,E104,Transaction {tx} completed in {time}ms
24511,2026-01-11,17:56:33,INFO,PaymentGateway,Page view: /home by u2254,E103,Page view: {page} by {user}
24512,2026-01-11,17:04:17,INFO,WebServer,Page view: /home by u3184,E103,Page view: {page} by {user}
24513,2026-01-11,17:28:51,INFO,InventoryDB,Page view: /home by u3882,E103,Page view: {page} by {user}
24514,2026-01-11,17:33:44,INFO,AuthService,User u2946 login successful,E101,User {user} login successful
24515,2026-01-11,17:22:19,INFO,WebServer,Page view: /home by u1835,E103,Page view: {page} by {user}
24516,2026-01-11,17:03:30,INFO,WebServer,Health check passed: WebServer,E102,Health check passed: {service}
24517,2026-01-11,17:38:51,INFO,WebServer,Transaction tx781963 completed in 1295ms,E104,Transaction {tx} completed in {time}ms
24518,2026-01-11,17:20:47,INFO,OrderProcessor,User u4307 login successful,E101,User {user} login successful
24519,2026-01-11,17:07:17,INFO,WebServer,User u1397 login successful,E101,User {user} login successful
24520,2026-01-11,17:08:06,INFO,WebServer,Health check passed: WebServer,E102,Health check passed: {service}
24521,2026-01-11,17:04:00,INFO,InventoryDB,Transaction tx662688 completed in 1940ms,E104,Transaction {tx} completed in {time}ms
24522,2026-01-11,17:00:46,INFO,WebServer,Health check passed: WebServer,E102,Health check passed: {service}
24523,2026-01-11,17:41:48,WARN,OrderProcessor,High latency (956ms) detected on OrderProcessor,E201,High latency ({time}ms) detected on {service}
24524,2026-01-11,17:56:53,INFO,WebServer,User u3597 login successful,E101,User {user} login successful
24525,2026-01-11,17:45:11,INFO,InventoryDB,Health check passed: InventoryDB,E102,Health check passed: {service}
24526,2026-01-11,17:37:10,INFO,WebServer,Page view: /home by u4954,E103,Page view: {page} by {user}
24527,2026-01-11,17:04:26,INFO,WebServer,Page view: /home by u4447,E103,Page view: {page} by {user}
24528,2026-01-11,17:00:12,INFO,AuthService,Transaction tx981764 completed in 613ms,E104,Transaction {tx} completed in {time}ms
24529,2026-01-11,17:25:53,INFO,WebServer,Transaction tx721287 completed in 856ms,E104,Transaction {tx} completed in {time}ms
24530,2026-01-11,17:29:29,INFO,WebServer,User u3410 login successful,E101,User {user} login successful
24531,2026-01-11,17:38:29,WARN,AuthService,Unauthorized access attempt from 10.0.0.88,E401,Unauthorized access attempt from {ip}
24532,2026-01-11,17:21:07,INFO,WebServer,User u2233 login successful,E101,User {user} login successful
24533,2026-01-11,17:46:11,INFO,WebServer,Health check passed: WebServer,E102,Health check passed: {service}
24534,2026-01-11,17:21:55,WARN,OrderProcessor,Disk usage > 85% on node node-3,E202,Disk usage > 85% on node {node}
24535,2026-01-11,17:35:32,INFO,WebServer,Health check passed: WebServer,E102,Health check passed: {service}
24536,2026-01-11,17:34:31,INFO,OrderProcessor,Page view: /home by u3572,E103,Page view: {page} by {user}
24537,2026-01-11,17:03:28,INFO,PaymentGateway,User u4902 login successful,E101,User {user} login successful
24538,2026-01-11,17:22:35,INFO,WebServer,Health check passed: WebServer,E102,Health check passed: {service}
24539,2026-01-11,17:27:12,INFO,WebServer,Health check passed: WebServer,E102,Health check passed: {service}
24540,2026-01-11,17:37:03,INFO,AuthService,Page view: /home by u1966,E103,Page view: {page} by {user}
24541,2026-01-11,17:24:16,INFO,WebServer,Transaction tx410575 completed in 1775ms,E104,Transaction {tx} completed in {time}ms
24542,2026-01-11,17:23:11,INFO,WebServer,Transaction tx620632 completed in 717ms,E104,Transaction {tx} completed in {time}ms
24543,2026-01-11,17:37:22,INFO,AuthService,Transaction tx369321 completed in 1415ms,E104,Transaction {tx} completed in {time}ms
24544,2026-01-11,17:09:58,INFO,WebServer,User u4124 login successful,E101,User {user} login successful
24545,2026-01-11,17:11:46,INFO,WebServer,Page view: /home by u4139,E103,Page view: {page} by {user}
24546,2026-01-11,17:56:13,INFO,WebServer,User u2782 login successful,E101,User {user} login successful
24547,2026-01-11,17:54:42,WARN,AuthService,High latency (1050ms) detected on AuthService,E201,High latency ({time}ms) detected on {service}
24548,2026-01-11,17:47:51,INFO,WebServer,Transaction tx339513 completed in 1007ms,E104,Transaction {tx} completed in {time}ms
24549,2026-01-11,17:33:08,INFO,AuthService,Health check passed: AuthService,E102,Health check passed: {service}
24550,2026-01-11,17:21:54,INFO,OrderProcessor,Page view: /home by u4050,E103,Page view: {page} by {user}
24551,2026-01-11,17:10:51,INFO,AuthService,User u4370 login successful,E101,User {user} login successful
24552,2026-01-11,17:39:03,INFO,AuthService,Health check passed: AuthService,E102,Health check passed: {service}
24553,2026-01-11,17:23:44,INFO,PaymentGateway,Page view: /home by u2066,E103,Page view: {page} by {user}
24554,2026-01-11,17:33:17,INFO,WebServer,User u3506 login successful,E101,User {user} login successful
24555,2026-01-11,17:13:17,INFO,OrderProcessor,Page view: /home by u2927,E103,Page view: {page} by {user}
24556,2026-01-11,17:28:15,INFO,OrderProcessor,Health check passed: OrderProcessor,E102,Health check passed: {service}
24557,2026-01-11,17:34:55,ERROR,OrderProcessor,Payment declined: Gateway unavailable,E503,Payment declined: Gateway unavailable
24558,2026-01-11,17:12:54,WARN,WebServer,Unauthorized access attempt from 10.0.0.45,E401,Unauthorized access attempt from {ip}
24559,2026-01-11,17:18:36,INFO,WebServer,Page view: /home by u4692,E103,Page view: {page} by {user}
24560,2026-01-11,17:14:17,INFO,WebServer,Page view: /home by u4318,E103,Page view: {page} by {user}
24561,2026-01-11,17:44:12,INFO,OrderProcessor,Health check passed: OrderProcessor,E102,Health check passed: {service}
24562,2026-01-11,17:48:14,INFO,OrderProcessor,Page view: /home by u2563,E103,Page view: {page} by {user}
24563,2026-01-11,17:36:18,INFO,OrderProcessor,Page view: /home by u3518,E103,Page view: {page} by {user}
24564,2026-01-11,17:39:27,INFO,WebServer,Transaction tx797256 completed in 182ms,E104,Transaction {tx} completed in {time}ms
24565,2026-01-11,17:20:12,WARN,WebServer,Disk usage > 85% on node node-1,E202,Disk usage > 85% on node {node}
24566,2026-01-11,17:51:27,INFO,AuthService,Health check passed: AuthService,E102,Health check passed: {service}
24567,2026-01-11,17:05:00,INFO,WebServer,User u2836 login successful,E101,User {user} login successful
24568,2026-01-11,17:26:24,INFO,OrderProcessor,User u3898 login successful,E101,User {user} login successful
24569,2026-01-11,17:51:56,INFO,InventoryDB,Transaction tx661628 completed in 1297ms,E104,Transaction {tx} completed in {time}ms
24570,2026-01-11,17:09:41,INFO,OrderProcessor,Page view: /home by u2592,E103,Page view: {page} by {user}
24571,2026-01-11,17:34:43,INFO,WebServer,Page view: /home by u4680,E103,Page view: {page} by {user}
24572,2026-01-11,17:51:26,INFO,InventoryDB,Transaction tx652580 completed in 1809ms,E104,Transaction {tx} completed in {time}ms
24573,2026-01-11,17:13:09,INFO,WebServer,User u2309 login successful,E101,User {user} login successful
24574,2026-01-11,17:43:54,INFO,AuthService,Transaction tx419298 completed in 1576ms,E104,Transaction {tx} completed in {time}ms
24575,2026-01-11,17:27:12,INFO,WebServer,User u3717 login successful,E101,User {user} login successful
24576,2026-01-11,17:23:50,INFO,AuthService,Transaction tx792487 completed in 1977ms,E104,Transaction {tx} completed in {time}ms
24577,2026-01-11,17:38:15,INFO,PaymentGateway,Health check passed: PaymentGateway,E102,Health check passed: {service}
24578,2026-01-11,17:21:12,INFO,OrderProcessor,Page view: /home by u2322,E103,Page view: {page} by {user}
24579,2026-01-11,17:12:16,INFO,WebServer,Health check passed: WebServer,E102,Health check passed: {service}
24580,2026-01-11,17:43:20,INFO,WebServer,Page view: /home by u3929,E103,Page view: {page} by {user}
24581,2026-01-11,17:04:05,INFO,WebServer,Page view: /home by u3603,E103,Page view: {page} by {user}
24582,2026-01-11,17:15:04,INFO,WebServer,User u1094 login successful,E101,User {user} login successful
24583,2026-01-11,17:59:49,INFO,WebServer,User u1693 login successful,E101,User {user} login successful
24584,2026-01-11,17:42:18,INFO,WebServer,Page view: /home by u3423,E103,Page view: {page} by {user}
24585,2026-01-11,17:18:45,INFO,WebServer,Transaction tx830329 completed in 1206ms,E104,Transaction {tx} completed in {time}ms
24586,2026-01-11,17:07:58,INFO,WebServer,Page view: /home by u3703,E103,Page view: {page} by {user}
24587,2026-01-11,17:35:01,INFO,WebServer,Transaction tx610634 completed in 90ms,E104,Transaction {tx} completed in {time}ms
24588,2026-01-11,17:29:08,INFO,AuthService,Page view: /home by u3774,E103,Page view: {page} by {user}
24589,2026-01-11,17:45:27,INFO,WebServer,Page view: /home by u3716,E103,Page view: {page} by {user}
24590,2026-01-11,17:51:32,INFO,WebServer,User u3461 login successful,E101,User {user} login successful
24591,2026-01-11,17:51:27,INFO,PaymentGateway,Transaction tx699583 completed in 1650ms,E104,Transaction {tx} completed in {time}ms
24592,2026-01-11,17:26:23,INFO,WebServer,Transaction tx617293 completed in 744ms,E104,Transaction {tx} completed in {time}ms
24593,2026-01-11,17:22:37,INFO,AuthService,Health check passed: AuthService,E102,Health check passed: {service}
24594,2026-01-11,17:45:09,INFO,PaymentGateway,User u1815 login successful,E101,User {user} login successful
24595,2026-01-11,17:49:35,INFO,InventoryDB,User u2596 login successful,E101,User {user} login successful
24596,2026-01-11,17:23:03,INFO,WebServer,Health check passed: WebServer,E102,Health check passed: {service}
24597,2026-01-11,17:31:23,INFO,OrderProcessor,Transaction tx706156 completed in 1616ms,E104,Transaction {tx} completed in {time}ms
24598,2026-01-11,17:45:18,ERROR,WebServer,Connection refused to WebServer at 10.0.0.45,E501,Connection refused to {service} at {ip}
24599,2026-01-11,17:17:46,INFO,AuthService,Transaction tx890078 completed in 1822ms,E104,Transaction {tx} completed in {time}ms
24600,2026-01-11,17:54:26,INFO,WebServer,Health check passed: WebServer,E102,Health check passed: {service}
24601,2026-01-11,17:10:29,INFO,AuthService,User u4933 login successful,E101,User {user} login successful
24602,2026-01-11,17:47:22,INFO,AuthService,Health check passed: AuthService,E102,Health check passed: {service}
24603,2026-01-11,17:33:27,INFO,PaymentGateway,Page view: /home by u3455,E103,Page view: {page} by {user}
24604,2026-01-11,17:03:17,INFO,WebServer,Transaction tx132904 completed in 42ms,E104,Transaction {tx} completed in {time}ms
24605,2026-01-11,17:51:53,INFO,WebServer,Page view: /home by u3228,E103,Page view: {page} by {user}
24606,2026-01-11,17:35:35,INFO,WebServer,User u1538 login successful,E101,User {user} login successful
24607,2026-01-11,17:09:20,WARN,WebServer,High latency (832ms) detected on WebServer,E201,High latency ({time}ms) detected on {service}
24608,2026-01-11,17:39:14,INFO,OrderProcessor,Health check passed: OrderProcessor,E102,Health check passed: {service}
24609,2026-01-11,17:03:41,INFO,OrderProcessor,Health check passed: OrderProcessor,E102,Health check passed: {service}
24610,2026-01-11,17:07:12,INFO,WebServer,Page view: /home by u4974,E103,Page view: {page} by {user}
24611,2026-01-11,17:21:10,INFO,AuthService,Health check passed: AuthService,E102,Health check passed: {service}
24612,2026-01-11,17:35:57,WARN,OrderProcessor,Disk usage > 85% on node node-4,E202,Disk usage > 85% on node {node}
24613,2026-01-11,17:11:35,INFO,WebServer,Page view: /home by u3584,E103,Page view: {page} by {user}
24614,2026-01-11,17:12:45,INFO,WebServer,Page view: /home by u4245,E103,Page view: {page} by {user}
24615,2026-01-11,17:31:24,INFO,PaymentGateway,Health check passed: PaymentGateway,E102,Health check passed: {service}
24616,2026-01-11,17:28:31,INFO,WebServer,User u4624 login successful,E101,User {user} login successful
24617,2026-01-11,17:15:08,INFO,AuthService,Health check passed: AuthService,E102,Health check passed: {service}
24618,2026-01-11,17:24:06,INFO,WebServer,Transaction tx974332 completed in 988ms,E104,Transaction {tx} completed in {time}ms
24619,2026-01-11,17:55:59,INFO,WebServer,Transaction tx730042 completed in 1522ms,E104,Transaction {tx} completed in {time}ms
24620,2026-01-11,17:31:41,INFO,PaymentGateway,Page view: /home by u3527,E103,Page view: {page} by {user}
24621,2026-01-11,17:48:15,INFO,PaymentGateway,Page view: /home by u3874,E103,Page view: {page} by {user}
24622,2026-01-11,17:48:14,INFO,AuthService,Transaction tx456669 completed in 477ms,E104,Transaction {tx} completed in {time}ms
24623,2026-01-11,17:33:32,INFO,WebServer,Transaction tx443229 completed in 1714ms,E104,Transaction {tx} completed in {time}ms
24624,2026-01-11,17:33:26,INFO,WebServer,Health check passed: WebServer,E102,Health check passed: {service}
24625,2026-01-11,17:59:52,INFO,PaymentGateway,User u4749 login successful,E101,User {user} login successful
24626,2026-01-11,17:43:08,INFO,OrderProcessor,User u2177 login successful,E101,User {user} login successful
24627,2026-01-11,17:52:07,INFO,AuthService,Page view: /home by u3517,E103,Page view: {page} by {user}
24628,2026-01-11,17:01:08,INFO,WebServer,Health check passed: WebServer,E102,Health check passed: {service}
24629,2026-01-11,17:10:15,INFO,WebServer,Transaction tx838038 completed in 1080ms,E104,Transaction {tx} completed in {time}ms
24630,2026-01-11,17:49:45,INFO,WebServer,Page view: /home by u1551,E103,Page view: {page} by {user}
24631,2026-01-11,17:10:31,INFO,AuthService,Health check passed: AuthService,E102,Health check passed: {service}
24632,2026-01-11,17:34:22,INFO,WebServer,Health check passed: WebServer,E102,Health check passed: {service}
24633,2026-01-11,17:15:42,INFO,OrderProcessor,User u4437 login successful,E101,User {user} login successful
24634,2026-01-11,17:14:30,INFO,AuthService,Page view: /home by u4675,E103,Page view: {page} by {user}
24635,2026-01-11,17:43:36,INFO,WebServer,Health check passed: WebServer,E102,Health check passed: {service}
24636,2026-01-11,17:57:10,INFO,WebServer,Page view: /home by u2843,E103,Page view: {page} by {user}
24637,2026-01-11,17:35:05,WARN,WebServer,Disk usage > 85% on node node-2,E202,Disk usage > 85% on node {node}
24638,2026-01-11,17:40:02,INFO,AuthService,Health check passed: AuthService,E102,Health check passed: {service}
24639,2026-01-11,17:10:52,INFO,OrderProcessor,User u3569 login successful,E101,User {user} login successful
24640,2026-01-11,17:05:36,INFO,WebServer,User u4620 login successful,E101,User {user} login successful
24641,2026-01-11,17:51:19,INFO,OrderProcessor,Transaction tx702064 completed in 899ms,E104,Transaction {tx} completed in {time}ms
24642,2026-01-11,17:43:47,INFO,AuthService,Health check passed: AuthService,E102,Health check passed: {service}
24643,2026-01-11,17:21:30,INFO,WebServer,Transaction tx712629 completed in 1451ms,E104,Transaction {tx} completed in {time}ms
24644,2026-01-11,17:52:02,INFO,WebServer,Page view: /home by u3861,E103,Page view: {page} by {user}
24645,2026-01-11,17:30:32,INFO,AuthService,Transaction tx334037 completed in 1371ms,E104,Transaction {tx} completed in {time}ms
24646,2026-01-11,17:44:34,INFO,InventoryDB,Health check passed: InventoryDB,E102,Health check passed: {service}
24647,2026-01-11,17:49:23,INFO,WebServer,User u4435 login successful,E101,User {user} login successful
24648,2026-01-11,17:03:29,INFO,WebServer,Transaction tx123220 completed in 1458ms,E104,Transaction {tx} completed in {time}ms
24649,2026-01-11,17:37:48,INFO,OrderProcessor,User u3693 login successful,E101,User {user} login successful
24650,2026-01-11,17:00:29,INFO,WebServer,Page view: /home by u3455,E103,Page view: {page} by {user}
24651,2026-01-11,17:38:20,INFO,WebServer,Health check passed: WebServer,E102,Health check passed: {service}
24652,2026-01-11,17:25:43,INFO,AuthService,User u3901 login successful,E101,User {user} login successful
24653,2026-01-11,17:04:52,INFO,AuthService,Page view: /home by u3998,E103,Page view: {page} by {user}
24654,2026-01-11,17:54:36,INFO,WebServer,Health check passed: WebServer,E102,Health check passed: {service}
24655,2026-01-11,17:44:36,INFO,WebServer,User u3910 login successful,E101,User {user} login successful
24656,2026-01-11,17:51:05,INFO,AuthService,Health check passed: AuthService,E102,Health check passed: {service}
24657,2026-01-11,17:17:48,INFO,WebServer,Page view: /home by u3673,E103,Page view: {page} by {user}
24658,2026-01-11,17:29:57,INFO,InventoryDB,User u3392 login successful,E101,User {user} login successful
24659,2026-01-11,17:10:31,INFO,WebServer,User u3592 login successful,E101,User {user} login successful
24660,2026-01-11,17:46:04,INFO,PaymentGateway,Health check passed: PaymentGateway,E102,Health check passed: {service}
24661,2026-01-11,17:27:10,INFO,WebServer,User u4940 login successful,E101,User {user} login successful
24662,2026-01-11,17:39:42,WARN,PaymentGateway,High latency (1597ms) detected on PaymentGateway,E201,High latency ({time}ms) detected on {service}
24663,2026-01-11,17:38:11,INFO,WebServer,Transaction tx739356 completed in 1169ms,E104,Transaction {tx} completed in {time}ms
24664,2026-01-11,17:08:13,INFO,WebServer,Health check passed: WebServer,E102,Health check passed: {service}
24665,2026-01-11,17:20:01,INFO,OrderProcessor,Page view: /home by u4927,E103,Page view: {page} by {user}
24666,2026-01-11,17:54:56,INFO,WebServer,Page view: /home by u4232,E103,Page view: {page} by {user}
24667,2026-01-11,17:20:56,WARN,WebServer,Disk usage > 85% on node node-1,E202,Disk usage > 85% on node {node}
24668,2026-01-11,17:50:37,INFO,WebServer,Page view: /home by u2589,E103,Page view: {page} by {user}
24669,2026-01-11,17:04:11,INFO,PaymentGateway,Health check passed: PaymentGateway,E102,Health check passed: {service}
24670,2026-01-11,17:18:43,INFO,OrderProcessor,Transaction tx471665 completed in 1992ms,E104,Transaction {tx} completed in {time}ms
24671,2026-01-11,17:57:49,INFO,OrderProcessor,Transaction tx772422 completed in 1266ms,E104,Transaction {tx} completed in {time}ms
24672,2026-01-11,17:27:19,INFO,WebServer,User u1613 login successful,E101,User {user} login successful
24673,2026-01-11,17:10:57,INFO,WebServer,Transaction tx966350 completed in 1974ms,E104,Transaction {tx} completed in {time}ms
24674,2026-01-11,17:45:25,INFO,WebServer,Transaction tx177746 completed in 1445ms,E104,Transaction {tx} completed in {time}ms
24675,2026-01-11,17:04:28,INFO,InventoryDB,Transaction tx278964 completed in 1025ms,E104,Transaction {tx} completed in {time}ms
24676,2026-01-11,17:51:46,INFO,WebServer,Transaction tx956271 completed in 1806ms,E104,Transaction {tx} completed in {time}ms
24677,2026-01-11,17:34:04,INFO,AuthService,Transaction tx433686 completed in 1167ms,E104,Transaction {tx} completed in {time}ms
24678,2026-01-11,17:34:54,INFO,PaymentGateway,Page view: /home by u2108,E103,Page view: {page} by {user}
24679,2026-01-11,17:21:40,INFO,WebServer,Health check passed: WebServer,E102,Health check passed: {service}
24680,2026-01-11,17:25:47,INFO,AuthService,Transaction tx301905 completed in 511ms,E104,Transaction {tx} completed in {time}ms
24681,2026-01-11,17:42:55,INFO,AuthService,Health check passed: AuthService,E102,Health check passed: {service}
24682,2026-01-11,17:35:16,INFO,WebServer,User u1100 login successful,E101,User {user} login successful
24683,2026-01-11,17:38:33,INFO,WebServer,User u1550 login successful,E101,User {user} login successful
24684,2026-01-11,17:33:08,INFO,WebServer,Page view: /home by u3716,E103,Page view: {page} by {user}
24685,2026-01-11,17:27:47,INFO,WebServer,User u2169 login successful,E101,User {user} login successful
24686,2026-01-11,17:57:49,INFO,WebServer,Page view: /home by u2758,E103,Page view: {page} by {user}
24687,2026-01-11,17:11:09,INFO,AuthService,Health check passed: AuthService,E102,Health check passed: {service}
24688,2026-01-11,17:09:20,INFO,AuthService,Health check passed: AuthService,E102,Health check passed: {service}
24689,2026-01-11,17:29:36,INFO,WebServer,Transaction tx414137 completed in 345ms,E104,Transaction {tx} completed in {time}ms
24690,2026-01-11,17:45:05,INFO,WebServer,Transaction tx610481 completed in 213ms,E104,Transaction {tx} completed in {time}ms
24691,2026-01-11,17:01:15,INFO,WebServer,Transaction tx898209 completed in 417ms,E104,Transaction {tx} completed in {time}ms
24692,2026-01-11,17:15:34,INFO,WebServer,Transaction tx270209 completed in 1218ms,E104,Transaction {tx} completed in {time}ms
24693,2026-01-11,17:28:49,INFO,WebServer,Health check passed: WebServer,E102,Health check passed: {service}
24694,2026-01-11,17:27:51,ERROR,WebServer,Payment declined: Gateway unavailable,E503,Payment declined: Gateway unavailable
24695,2026-01-11,17:26:10,INFO,PaymentGateway,User u4980 login successful,E101,User {user} login successful
24696,2026-01-11,17:26:56,INFO,AuthService,Page view: /home by u3141,E103,Page view: {page} by {user}
24697,2026-01-11,17:52:34,INFO,WebServer,Transaction tx434906 completed in 1773ms,E104,Transaction {tx} completed in {time}ms
24698,2026-01-11,17:53:53,INFO,AuthService,User u4135 login successful,E101,User {user} login successful
24699,2026-01-11,17:50:52,INFO,InventoryDB,Transaction tx627167 completed in 236ms,E104,Transaction {tx} completed in {time}ms
24700,2026-01-11,17:11:39,INFO,WebServer,User u2420 login successful,E101,User {user} login successful
24701,2026-01-11,17:50:36,INFO,OrderProcessor,Page view: /home by u3176,E103,Page view: {page} by {user}
24702,2026-01-11,17:10:18,INFO,OrderProcessor,Page view: /home by u2496,E103,Page view: {page} by {user}
24703,2026-01-11,17:40:13,INFO,WebServer,Page view: /home by u4424,E103,Page view: {page} by {user}
24704,2026-01-11,17:20:15,INFO,OrderProcessor,Transaction tx189550 completed in 1874ms,E104,Transaction {tx} completed in {time}ms
24705,2026-01-11,17:00:29,INFO,WebServer,User u2779 login successful,E101,User {user} login successful
24706,2026-01-11,17:22:27,INFO,PaymentGateway,Health check passed: PaymentGateway,E102,Health check passed: {service}
24707,2026-01-11,17:58:00,INFO,PaymentGateway,Transaction tx885159 completed in 488ms,E104,Transaction {tx} completed in {time}ms
24708,2026-01-11,17:06:55,INFO,PaymentGateway,User u1598 login successful,E101,User {user} login successful
24709,2026-01-11,17:52:40,INFO,WebServer,Transaction tx682322 completed in 78ms,E104,Transaction {tx} completed in {time}ms
24710,2026-01-11,17:14:22,INFO,OrderProcessor,Transaction tx617107 completed in 828ms,E104,Transaction {tx} completed in {time}ms
24711,2026-01-11,17:00:41,INFO,AuthService,User u2384 login successful,E101,User {user} login successful
24712,2026-01-11,17:36:47,INFO,WebServer,Health check passed: WebServer,E102,Health check passed: {service}
24713,2026-01-11,17:26:18,INFO,WebServer,Health check passed: WebServer,E102,Health check passed: {service}
24714,2026-01-11,17:55:47,INFO,AuthService,Transaction tx523234 completed in 444ms,E104,Transaction {tx} completed in {time}ms
24715,2026-01-11,17:13:27,WARN,AuthService,Unauthorized access attempt from 10.0.0.12,E401,Unauthorized access attempt from {ip}
24716,2026-01-11,17:33:40,INFO,AuthService,User u2484 login successful,E101,User {user} login successful
24717,2026-01-11,17:21:42,INFO,WebServer,Page view: /home by u3279,E103,Page view: {page} by {user}
24718,2026-01-11,17:58:31,WARN,WebServer,Disk usage > 85% on node node-5,E202,Disk usage > 85% on node {node}
24719,2026-01-11,17:42:44,INFO,WebServer,User u3206 login successful,E101,User {user} login successful
24720,2026-01-11,17:38:29,INFO,WebServer,Transaction tx290916 completed in 429ms,E104,Transaction {tx} completed in {time}ms
24721,2026-01-11,17:13:27,INFO,OrderProcessor,Health check passed: OrderProcessor,E102,Health check passed: {service}
24722,2026-01-11,17:40:27,INFO,OrderProcessor,User u1788 login successful,E101,User {user} login successful
24723,2026-01-11,17:47:58,INFO,OrderProcessor,Health check passed: OrderProcessor,E102,Health check passed: {service}
24724,2026-01-11,17:25:14,INFO,WebServer,Page view: /home by u1632,E103,Page view: {page} by {user}
24725,2026-01-11,17:48:11,INFO,OrderProcessor,Page view: /home by u1839,E103,Page view: {page} by {user}
24726,2026-01-11,17:30:44,INFO,WebServer,User u3075 login successful,E101,User {user} login successful
24727,2026-01-11,17:00:05,WARN,InventoryDB,Unauthorized access attempt from 10.0.0.45,E401,Unauthorized access attempt from {ip}
24728,2026-01-11,17:51:15,INFO,WebServer,Health check passed: WebServer,E102,Health check passed: {service}
24729,2026-01-11,17:36:13,INFO,WebServer,User u4682 login successful,E101,User {user} login successful
24730,2026-01-11,17:35:10,INFO,WebServer,Transaction tx655036 completed in 234ms,E104,Transaction {tx} completed in {time}ms
24731,2026-01-11,17:31:47,INFO,AuthService,Page view: /home by u1769,E103,Page view: {page} by {user}
24732,2026-01-11,17:05:27,INFO,WebServer,User u3904 login successful,E101,User {user} login successful
24733,2026-01-11,17:11:37,INFO,AuthService,Page view: /home by u4031,E103,Page view: {page} by {user}
24734,2026-01-11,17:52:43,INFO,WebServer,User u3079 login successful,E101,User {user} login successful
24735,2026-01-11,17:32:50,INFO,WebServer,User u3992 login successful,E101,User {user} login successful
24736,2026-01-11,17:43:15,INFO,InventoryDB,User u2338 login successful,E101,User {user} login successful
24737,2026-01-11,17:29:10,INFO,WebServer,User u1647 login successful,E101,User {user} login successful
24738,2026-01-11,17:45:16,INFO,WebServer,Health check passed: WebServer,E102,Health check passed: {service}
24739,2026-01-11,17:46:31,INFO,PaymentGateway,Health check passed: PaymentGateway,E102,Health check passed: {service}
24740,2026-01-11,17:35:49,INFO,PaymentGateway,User u3395 login successful,E101,User {user} login successful
24741,2026-01-11,17:40:39,INFO,OrderProcessor,Transaction tx896952 completed in 187ms,E104,Transaction {tx} completed in {time}ms
24742,2026-01-11,17:57:47,INFO,WebServer,Transaction tx679893 completed in 318ms,E104,Transaction {tx} completed in {time}ms
24743,2026-01-11,17:52:33,INFO,WebServer,Transaction tx690172 completed in 98ms,E104,Transaction {tx} completed in {time}ms
24744,2026-01-11,17:27:32,INFO,OrderProcessor,User u2469 login successful,E101,User {user} login successful
24745,2026-01-11,17:46:56,INFO,PaymentGateway,Transaction tx873039 completed in 243ms,E104,Transaction {tx} completed in {time}ms
24746,2026-01-11,17:49:36,INFO,InventoryDB,User u4819 login successful,E101,User {user} login successful
24747,2026-01-11,17:45:25,INFO,AuthService,Health check passed: AuthService,E102,Health check passed: {service}
24748,2026-01-11,17:39:48,INFO,WebServer,Page view: /home by u3093,E103,Page view: {page} by {user}
24749,2026-01-11,17:49:19,INFO,WebServer,User u2007 login successful,E101,User {user} login successful
24750,2026-01-11,17:46:09,INFO,WebServer,User u1492 login successful,E101,User {user} login successful
24751,2026-01-11,17:58:20,INFO,PaymentGateway,Health check passed: PaymentGateway,E102,Health check passed: {service}
24752,2026-01-11,17:22:09,INFO,PaymentGateway,Transaction tx390996 completed in 848ms,E104,Transaction {tx} completed in {time}ms
24753,2026-01-11,17:17:02,INFO,AuthService,Health check passed: AuthService,E102,Health check passed: {service}
24754,2026-01-11,17:16:16,INFO,PaymentGateway,Transaction tx261022 completed in 1035ms,E104,Transaction {tx} completed in {time}ms
24755,2026-01-11,17:02:50,WARN,OrderProcessor,High latency (214ms) detected on OrderProcessor,E201,High latency ({time}ms) detected on {service}
24756,2026-01-11,17:35:15,INFO,WebServer,User u2780 login successful,E101,User {user} login successful
24757,2026-01-11,17:33:44,INFO,OrderProcessor,Transaction tx494504 completed in 173ms,E104,Transaction {tx} completed in {time}ms
24758,2026-01-11,17:22:23,INFO,WebServer,Health check passed: WebServer,E102,Health check passed: {service}
24759,2026-01-11,17:59:41,INFO,OrderProcessor,User u3591 login successful,E101,User {user} login successful
24760,2026-01-11,17:34:17,INFO,WebServer,Transaction tx403011 completed in 468ms,E104,Transaction {tx} completed in {time}ms
24761,2026-01-11,17:38:28,INFO,PaymentGateway,Page view: /home by u1992,E103,Page view: {page} by {user}
24762,2026-01-11,17:45:33,INFO,OrderProcessor,Health check passed: OrderProcessor,E102,Health check passed: {service}
24763,2026-01-11,17:28:00,INFO,OrderProcessor,User u2259 login successful,E101,User {user} login successful
24764,2026-01-11,17:13:26,INFO,PaymentGateway,User u2293 login successful,E101,User {user} login successful
24765,2026-01-11,17:57:53,INFO,AuthService,Page view: /home by u2246,E103,Page view: {page} by {user}
24766,2026-01-11,17:18:09,INFO,WebServer,Health check passed: WebServer,E102,Health check passed: {service}
24767,2026-01-11,17:21:02,INFO,WebServer,Health check passed: WebServer,E102,Health check passed: {service}
24768,2026-01-11,17:02:51,INFO,PaymentGateway,Health check passed: PaymentGateway,E102,Health check passed: {service}
24769,2026-01-11,17:59:25,INFO,OrderProcessor,Health check passed: OrderProcessor,E102,Health check passed: {service}
24770,2026-01-11,17:04:25,INFO,PaymentGateway,Health check passed: PaymentGateway,E102,Health check passed: {service}
24771,2026-01-11,17:11:51,INFO,WebServer,Transaction tx564521 completed in 367ms,E104,Transaction {tx} completed in {time}ms
24772,2026-01-11,17:29:52,INFO,WebServer,User u3555 login successful,E101,User {user} login successful
24773,2026-01-11,17:48:40,INFO,PaymentGateway,Transaction tx279489 completed in 1430ms,E104,Transaction {tx} completed in {time}ms
24774,2026-01-11,17:13:16,INFO,AuthService,Health check passed: AuthService,E102,Health check passed: {service}
24775,2026-01-11,17:49:33,ERROR,WebServer,Timeout waiting for lock on InventoryDB,E502,Timeout waiting for lock on {db}
24776,2026-01-11,17:37:51,INFO,WebServer,Page view: /home by u3515,E103,Page view: {page} by {user}
24777,2026-01-11,17:36:11,INFO,WebServer,Transaction tx978339 completed in 185ms,E104,Transaction {tx} completed in {time}ms
24778,2026-01-11,17:45:39,INFO,WebServer,Health check passed: WebServer,E102,Health check passed: {service}
24779,2026-01-11,17:57:56,INFO,AuthService,Health check passed: AuthService,E102,Health check passed: {service}
24780,2026-01-11,17:09:43,INFO,WebServer,Transaction tx651278 completed in 530ms,E104,Transaction {tx} completed in {time}ms
24781,2026-01-11,17:22:15,INFO,WebServer,User u2997 login successful,E101,User {user} login successful
24782,2026-01-11,17:58:17,INFO,AuthService,Transaction tx609694 completed in 1497ms,E104,Transaction {tx} completed in {time}ms
24783,2026-01-11,17:54:25,INFO,WebServer,Health check passed: WebServer,E102,Health check passed: {service}
24784,2026-01-11,17:58:18,INFO,AuthService,Transaction tx960583 completed in 1092ms,E104,Transaction {tx} completed in {time}ms
24785,2026-01-11,17:24:12,INFO,WebServer,Health check passed: WebServer,E102,Health check passed: {service}
24786,2026-01-11,17:28:52,INFO,WebServer,Page view: /home by u4665,E103,Page view: {page} by {user}
24787,2026-01-11,17:25:21,INFO,WebServer,Health check passed: WebServer,E102,Health check passed: {service}
24788,2026-01-11,17:07:32,INFO,AuthService,User u3177 login successful,E101,User {user} login successful
24789,2026-01-11,17:48:09,INFO,WebServer,Health check passed: WebServer,E102,Health check passed: {service}
24790,2026-01-11,17:46:21,INFO,OrderProcessor,Health check passed: OrderProcessor,E102,Health check passed: {service}
24791,2026-01-11,17:03:55,INFO,OrderProcessor,Health check passed: OrderProcessor,E102,Health check passed: {service}
24792,2026-01-11,17:35:46,INFO,AuthService,User u1195 login successful,E101,User {user} login successful
24793,2026-01-11,17:36:14,INFO,WebServer,Health check passed: WebServer,E102,Health check passed: {service}
24794,2026-01-11,17:56:44,INFO,AuthService,Transaction tx308348 completed in 1757ms,E104,Transaction {tx} completed in {time}ms
24795,2026-01-11,17:27:40,INFO,WebServer,Health check passed: WebServer,E102,Health check passed: {service}
24796,2026-01-11,17:56:00,INFO,WebServer,Health check passed: WebServer,E102,Health check passed: {service}
24797,2026-01-11,17:29:10,INFO,OrderProcessor,Health check passed: OrderProcessor,E102,Health check passed: {service}
24798,2026-01-11,17:23:31,INFO,WebServer,Transaction tx241434 completed in 1413ms,E104,Transaction {tx} completed in {time}ms
24799,2026-01-11,17:43:59,INFO,WebServer,Health check passed: WebServer,E102,Health check passed: {service}
24800,2026-01-11,17:40:05,INFO,PaymentGateway,Health check passed: PaymentGateway,E102,Health check passed: {service}
24801,2026-01-11,17:02:06,INFO,WebServer,Transaction tx789914 completed in 355ms,E104,Transaction {tx} completed in {time}ms
24802,2026-01-11,17:20:11,ERROR,WebServer,Payment declined: Gateway unavailable,E503,Payment declined: Gateway unavailable
24803,2026-01-11,17:49:27,INFO,WebServer,Transaction tx973888 completed in 136ms,E104,Transaction {tx} completed in {time}ms
24804,2026-01-11,17:06:18,INFO,WebServer,User u3972 login successful,E101,User {user} login successful
24805,2026-01-11,17:38:16,INFO,AuthService,Page view: /home by u2916,E103,Page view: {page} by {user}
24806,2026-01-11,17:24:03,INFO,PaymentGateway,Page view: /home by u3547,E103,Page view: {page} by {user}
24807,2026-01-11,17:23:25,INFO,AuthService,Transaction tx869073 completed in 798ms,E104,Transaction {tx} completed in {time}ms
24808,2026-01-11,17:01:23,INFO,OrderProcessor,User u4670 login successful,E101,User {user} login successful
24809,2026-01-11,17:28:01,WARN,WebServer,High latency (61ms) detected on WebServer,E201,High latency ({time}ms) detected on {service}
24810,2026-01-11,17:15:54,INFO,WebServer,Health check passed: WebServer,E102,Health check passed: {service}
24811,2026-01-11,17:18:58,INFO,PaymentGateway,Health check passed: PaymentGateway,E102,Health check passed: {service}
24812,2026-01-11,17:43:13,INFO,OrderProcessor,Transaction tx492064 completed in 1304ms,E104,Transaction {tx} completed in {time}ms
24813,2026-01-11,17:38:53,INFO,WebServer,Page view: /home by u3236,E103,Page view: {page} by {user}
24814,2026-01-11,17:06:28,INFO,AuthService,Page view: /home by u3417,E103,Page view: {page} by {user}
24815,2026-01-11,17:21:35,INFO,OrderProcessor,Page view: /home by u4351,E103,Page view: {page} by {user}
24816,2026-01-11,17:47:53,INFO,WebServer,Health check passed: WebServer,E102,Health check passed: {service}
24817,2026-01-11,17:12:08,INFO,AuthService,User u1081 login successful,E101,User {user} login successful
24818,2026-01-11,17:33:03,INFO,WebServer,Health check passed: WebServer,E102,Health check passed: {service}
24819,2026-01-11,17:45:55,WARN,AuthService,Unauthorized access attempt from 10.0.0.88,E401,Unauthorized access attempt from {ip}
24820,2026-01-11,17:16:42,INFO,WebServer,Transaction tx610397 completed in 1103ms,E104,Transaction {tx} completed in {time}ms
24821,2026-01-11,17:58:34,INFO,OrderProcessor,Transaction tx168779 completed in 1673ms,E104,Transaction {tx} completed in {time}ms
24822,2026-01-11,17:53:04,INFO,WebServer,Health check passed: WebServer,E102,Health check passed: {service}
24823,2026-01-11,17:32:46,INFO,WebServer,Transaction tx373202 completed in 924ms,E104,Transaction {tx} completed in {time}ms
24824,2026-01-11,17:44:47,INFO,AuthService,Health check passed: AuthService,E102,Health check passed: {service}
24825,2026-01-11,17:13:00,INFO,AuthService,Page view: /home by u2953,E103,Page view: {page} by {user}
24826,2026-01-11,17:21:40,INFO,WebServer,Page view: /home by u3409,E103,Page view: {page} by {user}
24827,2026-01-11,17:36:54,INFO,WebServer,User u2331 login successful,E101,User {user} login successful
24828,2026-01-11,17:13:13,INFO,AuthService,Page view: /home by u2287,E103,Page view: {page} by {user}
24829,2026-01-11,17:50:23,INFO,WebServer,User u3946 login successful,E101,User {user} login successful
24830,2026-01-11,17:52:48,INFO,WebServer,Page view: /home by u2299,E103,Page view: {page} by {user}
24831,2026-01-11,17:27:23,INFO,InventoryDB,Page view: /home by u2072,E103,Page view: {page} by {user}
24832,2026-01-11,17:06:35,WARN,WebServer,Unauthorized access attempt from 10.0.0.88,E401,Unauthorized access attempt from {ip}
24833,2026-01-11,17:45:37,INFO,AuthService,Health check passed: AuthService,E102,Health check passed: {service}
24834,2026-01-11,17:10:03,INFO,WebServer,User u4809 login successful,E101,User {user} login successful
24835,2026-01-11,17:08:54,INFO,AuthService,Transaction tx797130 completed in 1933ms,E104,Transaction {tx} completed in {time}ms
24836,2026-01-11,17:07:30,INFO,WebServer,Health check passed: WebServer,E102,Health check passed: {service}
24837,2026-01-11,17:02:20,INFO,AuthService,Transaction tx562554 completed in 1947ms,E104,Transaction {tx} completed in {time}ms
24838,2026-01-11,17:39:21,INFO,WebServer,Page view: /home by u1782,E103,Page view: {page} by {user}
24839,2026-01-11,17:08:00,INFO,OrderProcessor,Page view: /home by u4502,E103,Page view: {page} by {user}
24840,2026-01-11,17:12:39,INFO,OrderProcessor,Transaction tx714404 completed in 1249ms,E104,Transaction {tx} completed in {time}ms
24841,2026-01-11,17:28:35,INFO,PaymentGateway,User u1047 login successful,E101,User {user} login successful
24842,2026-01-11,17:27:15,INFO,OrderProcessor,Health check passed: OrderProcessor,E102,Health check passed: {service}
24843,2026-01-11,17:43:07,WARN,PaymentGateway,Unauthorized access attempt from 10.0.0.12,E401,Unauthorized access attempt from {ip}
24844,2026-01-11,17:38:18,INFO,WebServer,User u1651 login successful,E101,User {user} login successful
24845,2026-01-11,17:46:34,INFO,WebServer,Health check passed: WebServer,E102,Health check passed: {service}
24846,2026-01-11,17:54:00,INFO,WebServer,Page view: /home by u2527,E103,Page view: {page} by {user}
24847,2026-01-11,17:34:26,INFO,WebServer,Health check passed: WebServer,E102,Health check passed: {service}
24848,2026-01-11,17:51:09,INFO,WebServer,Health check passed: WebServer,E102,Health check passed: {service}
24849,2026-01-11,17:31:04,WARN,WebServer,High latency (1892ms) detected on WebServer,E201,High latency ({time}ms) detected on {service}
24850,2026-01-11,17:05:38,INFO,WebServer,User u1522 login successful,E101,User {user} login successful
24851,2026-01-11,17:13:57,INFO,WebServer,User u1537 login successful,E101,User {user} login successful
24852,2026-01-11,17:17:23,INFO,WebServer,Page view: /home by u1752,E103,Page view: {page} by {user}
24853,2026-01-11,17:40:47,INFO,AuthService,Transaction tx345705 completed in 70ms,E104,Transaction {tx} completed in {time}ms
24854,2026-01-11,17:15:58,INFO,WebServer,Transaction tx128693 completed in 348ms,E104,Transaction {tx} completed in {time}ms
24855,2026-01-11,17:22:07,INFO,AuthService,Health check passed: AuthService,E102,Health check passed: {service}
24856,2026-01-11,17:22:05,WARN,WebServer,High latency (751ms) detected on WebServer,E201,High latency ({time}ms) detected on {service}
24857,2026-01-11,17:02:39,INFO,AuthService,Transaction tx912690 completed in 1523ms,E104,Transaction {tx} completed in {time}ms
24858,2026-01-11,17:01:06,INFO,WebServer,Page view: /home by u1501,E103,Page view: {page} by {user}
24859,2026-01-11,17:35:01,INFO,AuthService,Health check passed: AuthService,E102,Health check passed: {service}
24860,2026-01-11,17:44:31,INFO,WebServer,Transaction tx382589 completed in 554ms,E104,Transaction {tx} completed in {time}ms
24861,2026-01-11,17:09:16,INFO,OrderProcessor,Transaction tx574354 completed in 919ms,E104,Transaction {tx} completed in {time}ms
24862,2026-01-11,17:23:08,INFO,InventoryDB,User u1176 login successful,E101,User {user} login successful
24863,2026-01-11,17:02:23,INFO,WebServer,User u1340 login successful,E101,User {user} login successful
24864,2026-01-11,17:55:11,INFO,WebServer,Transaction tx708929 completed in 248ms,E104,Transaction {tx} completed in {time}ms
24865,2026-01-11,17:43:22,INFO,OrderProcessor,Transaction tx889463 completed in 1197ms,E104,Transaction {tx} completed in {time}ms
24866,2026-01-11,17:04:15,INFO,WebServer,Health check passed: WebServer,E102,Health check passed: {service}
24867,2026-01-11,17:32:55,INFO,WebServer,Page view: /home by u1015,E103,Page view: {page} by {user}
24868,2026-01-11,17:14:43,INFO,OrderProcessor,Health check passed: OrderProcessor,E102,Health check passed: {service}
24869,2026-01-11,17:53:27,INFO,WebServer,Transaction tx455721 completed in 1884ms,E104,Transaction {tx} completed in {time}ms
24870,2026-01-11,17:41:56,INFO,AuthService,Health check passed: AuthService,E102,Health check passed: {service}
24871,2026-01-11,17:27:14,INFO,WebServer,User u2012 login successful,E101,User {user} login successful
24872,2026-01-11,17:15:12,INFO,AuthService,Health check passed: AuthService,E102,Health check passed: {service}
24873,2026-01-11,17:44:10,INFO,AuthService,Page view: /home by u1047,E103,Page view: {page} by {user}
24874,2026-01-11,17:37:46,INFO,WebServer,Transaction tx222919 completed in 1960ms,E104,Transaction {tx} completed in {time}ms
24875,2026-01-11,17:14:42,INFO,PaymentGateway,Page view: /home by u4656,E103,Page view: {page} by {user}
24876,2026-01-11,17:57:39,CRITICAL,WebServer,DATA CORRUPTION detected in sector 528,E602,DATA CORRUPTION detected in sector {sector}
24877,2026-01-11,17:21:00,INFO,AuthService,Health check passed: AuthService,E102,Health check passed: {service}
24878,2026-01-11,17:42:48,INFO,OrderProcessor,User u4549 login successful,E101,User {user} login successful
24879,2026-01-11,17:12:27,INFO,AuthService,Transaction tx907716 completed in 1545ms,E104,Transaction {tx} completed in {time}ms
24880,2026-01-11,17:55:52,INFO,WebServer,Health check passed: WebServer,E102,Health check passed: {service}
24881,2026-01-11,17:21:48,INFO,AuthService,Transaction tx641580 completed in 687ms,E104,Transaction {tx} completed in {time}ms
24882,2026-01-11,17:23:26,INFO,AuthService,Transaction tx640901 completed in 364ms,E104,Transaction {tx} completed in {time}ms
24883,2026-01-11,17:02:23,INFO,AuthService,Health check passed: AuthService,E102,Health check passed: {service}
24884,2026-01-11,17:35:30,INFO,InventoryDB,Health check passed: InventoryDB,E102,Health check passed: {service}
24885,2026-01-11,17:52:04,INFO,PaymentGateway,Page view: /home by u1081,E103,Page view: {page} by {user}
24886,2026-01-11,17:33:46,INFO,WebServer,Transaction tx290133 completed in 1581ms,E104,Transaction {tx} completed in {time}ms
24887,2026-01-11,17:39:14,INFO,WebServer,Page view: /home by u3067,E103,Page view: {page} by {user}
24888,2026-01-11,17:07:39,INFO,PaymentGateway,Transaction tx858806 completed in 1371ms,E104,Transaction {tx} completed in {time}ms
24889,2026-01-11,17:57:46,INFO,OrderProcessor,Page view: /home by u2241,E103,Page view: {page} by {user}
24890,2026-01-11,17:18:50,INFO,OrderProcessor,Health check passed: OrderProcessor,E102,Health check passed: {service}
24891,2026-01-11,17:42:34,INFO,PaymentGateway,User u1216 login successful,E101,User {user} login successful
24892,2026-01-11,17:21:07,INFO,WebServer,Health check passed: WebServer,E102,Health check passed: {service}
24893,2026-01-11,17:00:04,INFO,AuthService,Page view: /home by u3954,E103,Page view: {page} by {user}
24894,2026-01-11,17:07:33,INFO,WebServer,Page view: /home by u2441,E103,Page view: {page} by {user}
24895,2026-01-11,17:40:35,INFO,AuthService,Transaction tx989036 completed in 1406ms,E104,Transaction {tx} completed in {time}ms
24896,2026-01-11,17:34:19,INFO,InventoryDB,Page view: /home by u4356,E103,Page view: {page} by {user}
24897,2026-01-11,17:54:04,INFO,WebServer,Health check passed: WebServer,E102,Health check passed: {service}
24898,2026-01-11,17:32:58,INFO,WebServer,User u2785 login successful,E101,User {user} login successful
24899,2026-01-11,17:17:21,INFO,OrderProcessor,Page view: /home by u1211,E103,Page view: {page} by {user}
24900,2026-01-11,17:10:51,INFO,WebServer,Transaction tx894463 completed in 945ms,E104,Transaction {tx} completed in {time}ms
24901,2026-01-11,17:22:01,WARN,PaymentGateway,Unauthorized access attempt from 10.0.0.45,E401,Unauthorized access attempt from {ip}
24902,2026-01-11,17:11:27,INFO,PaymentGateway,User u1190 login successful,E101,User {user} login successful
24903,2026-01-11,17:21:31,INFO,AuthService,Transaction tx450665 completed in 94ms,E104,Transaction {tx} completed in {time}ms
24904,2026-01-11,17:19:30,INFO,WebServer,User u3547 login successful,E101,User {user} login successful
24905,2026-01-11,17:47:46,INFO,AuthService,Health check passed: AuthService,E102,Health check passed: {service}
24906,2026-01-11,17:13:04,WARN,PaymentGateway,Unauthorized access attempt from 10.0.0.45,E401,Unauthorized access attempt from {ip}
24907,2026-01-11,17:47:37,INFO,OrderProcessor,Page view: /home by u4168,E103,Page view: {page} by {user}
24908,2026-01-11,17:24:33,INFO,WebServer,Transaction tx998640 completed in 1394ms,E104,Transaction {tx} completed in {time}ms
24909,2026-01-11,17:39:11,INFO,PaymentGateway,Transaction tx976330 completed in 695ms,E104,Transaction {tx} completed in {time}ms
24910,2026-01-11,17:42:11,INFO,WebServer,User u4108 login successful,E101,User {user} login successful
24911,2026-01-11,17:11:35,INFO,WebServer,User u3410 login successful,E101,User {user} login successful
24912,2026-01-11,17:33:43,WARN,WebServer,Unauthorized access attempt from 10.0.0.45,E401,Unauthorized access attempt from {ip}
24913,2026-01-11,17:26:48,INFO,WebServer,Transaction tx176264 completed in 1050ms,E104,Transaction {tx} completed in {time}ms
24914,2026-01-11,17:25:19,INFO,OrderProcessor,User u3930 login successful,E101,User {user} login successful
24915,2026-01-11,17:20:12,INFO,WebServer,Health check passed: WebServer,E102,Health check passed: {service}
24916,2026-01-11,17:02:51,INFO,AuthService,Health check passed: AuthService,E102,Health check passed: {service}
24917,2026-01-11,17:58:22,INFO,AuthService,Health check passed: AuthService,E102,Health check passed: {service}
24918,2026-01-11,17:51:17,INFO,WebServer,Page view: /home by u1857,E103,Page view: {page} by {user}
24919,2026-01-11,17:01:15,INFO,OrderProcessor,Page view: /home by u1735,E103,Page view: {page} by {user}
24920,2026-01-11,17:32:34,INFO,InventoryDB,User u2552 login successful,E101,User {user} login successful
24921,2026-01-11,17:33:12,INFO,OrderProcessor,Transaction tx680508 completed in 596ms,E104,Transaction {tx} completed in {time}ms
24922,2026-01-11,17:16:06,INFO,AuthService,Health check passed: AuthService,E102,Health check passed: {service}
24923,2026-01-11,17:33:29,INFO,InventoryDB,Transaction tx180954 completed in 1232ms,E104,Transaction {tx} completed in {time}ms
24924,2026-01-11,17:37:43,INFO,AuthService,Page view: /home by u4496,E103,Page view: {page} by {user}
24925,2026-01-11,17:20:04,INFO,InventoryDB,Page view: /home by u5000,E103,Page view: {page} by {user}
24926,2026-01-11,17:49:04,INFO,AuthService,Page view: /home by u1551,E103,Page view: {page} by {user}
24927,2026-01-11,17:28:12,INFO,AuthService,Page view: /home by u4049,E103,Page view: {page} by {user}
24928,2026-01-11,17:30:11,INFO,WebServer,Transaction tx895353 completed in 411ms,E104,Transaction {tx} completed in {time}ms
24929,2026-01-11,17:53:15,INFO,WebServer,Health check passed: WebServer,E102,Health check passed: {service}
24930,2026-01-11,17:04:13,INFO,WebServer,Transaction tx665102 completed in 665ms,E104,Transaction {tx} completed in {time}ms
24931,2026-01-11,17:19:55,INFO,OrderProcessor,Page view: /home by u2396,E103,Page view: {page} by {user}
24932,2026-01-11,17:56:19,WARN,OrderProcessor,Disk usage > 85% on node node-4,E202,Disk usage > 85% on node {node}
24933,2026-01-11,17:07:59,INFO,OrderProcessor,Health check passed: OrderProcessor,E102,Health check passed: {service}
24934,2026-01-11,17:09:57,INFO,WebServer,Health check passed: WebServer,E102,Health check passed: {service}
24935,2026-01-11,17:03:36,INFO,AuthService,Page view: /home by u2709,E103,Page view: {page} by {user}
24936,2026-01-11,17:37:54,INFO,WebServer,Transaction tx408511 completed in 1154ms,E104,Transaction {tx} completed in {time}ms
24937,2026-01-11,17:30:05,INFO,WebServer,Page view: /home by u3997,E103,Page view: {page} by {user}
24938,2026-01-11,17:30:06,ERROR,WebServer,Timeout waiting for lock on InventoryDB,E502,Timeout waiting for lock on {db}
24939,2026-01-11,17:23:19,CRITICAL,WebServer,DATA CORRUPTION detected in sector 207,E602,DATA CORRUPTION detected in sector {sector}
24940,2026-01-11,17:05:39,INFO,OrderProcessor,Transaction tx977536 completed in 1152ms,E104,Transaction {tx} completed in {time}ms
24941,2026-01-11,17:30:46,INFO,AuthService,User u1450 login successful,E101,User {user} login successful
24942,2026-01-11,17:18:38,INFO,OrderProcessor,User u1826 login successful,E101,User {user} login successful
24943,2026-01-11,17:47:57,INFO,WebServer,Transaction tx221813 completed in 574ms,E104,Transaction {tx} completed in {time}ms
24944,2026-01-11,17:45:43,INFO,WebServer,Transaction tx982605 completed in 670ms,E104,Transaction {tx} completed in {time}ms
24945,2026-01-11,17:22:57,INFO,WebServer,Page view: /home by u2046,E103,Page view: {page} by {user}
24946,2026-01-11,17:27:38,INFO,WebServer,Page view: /home by u1068,E103,Page view: {page} by {user}
24947,2026-01-11,17:09:25,ERROR,WebServer,Connection refused to WebServer at 10.0.0.45,E501,Connection refused to {service} at {ip}
24948,2026-01-11,17:33:30,INFO,WebServer,Health check passed: WebServer,E102,Health check passed: {service}
24949,2026-01-11,17:05:53,INFO,OrderProcessor,Health check passed: OrderProcessor,E102,Health check passed: {service}
24950,2026-01-11,17:48:07,INFO,WebServer,Transaction tx757285 completed in 260ms,E104,Transaction {tx} completed in {time}ms
24951,2026-01-11,17:17:46,INFO,WebServer,Page view: /home by u4554,E103,Page view: {page} by {user}
24952,2026-01-11,17:09:52,CRITICAL,AuthService,KERNEL PANIC: Node node-2 crashed,E601,KERNEL PANIC: Node {node} crashed
24953,2026-01-11,17:09:01,INFO,WebServer,Page view: /home by u1676,E103,Page view: {page} by {user}
24954,2026-01-11,17:59:14,INFO,OrderProcessor,Page view: /home by u4946,E103,Page view: {page} by {user}
24955,2026-01-11,17:05:46,INFO,WebServer,Page view: /home by u4391,E103,Page view: {page} by {user}
24956,2026-01-11,17:55:25,INFO,WebServer,Transaction tx352583 completed in 647ms,E104,Transaction {tx} completed in {time}ms
24957,2026-01-11,17:58:10,INFO,AuthService,Page view: /home by u3684,E103,Page view: {page} by {user}
24958,2026-01-11,17:56:11,INFO,WebServer,User u4754 login successful,E101,User {user} login successful
24959,2026-01-11,17:58:26,ERROR,WebServer,Timeout waiting for lock on InventoryDB,E502,Timeout waiting for lock on {db}
24960,2026-01-11,17:11:47,INFO,WebServer,Health check passed: WebServer,E102,Health check passed: {service}
24961,2026-01-11,17:55:08,INFO,WebServer,Transaction tx142679 completed in 781ms,E104,Transaction {tx} completed in {time}ms
24962,2026-01-11,17:59:22,INFO,WebServer,Health check passed: WebServer,E102,Health check passed: {service}
24963,2026-01-11,17:59:39,WARN,AuthService,Disk usage > 85% on node node-3,E202,Disk usage > 85% on node {node}
24964,2026-01-11,17:29:58,INFO,WebServer,Health check passed: WebServer,E102,Health check passed: {service}
24965,2026-01-11,17:30:17,WARN,AuthService,High latency (1598ms) detected on AuthService,E201,High latency ({time}ms) detected on {service}
24966,2026-01-11,17:14:48,INFO,WebServer,Health check passed: WebServer,E102,Health check passed: {service}
24967,2026-01-11,17:53:30,WARN,AuthService,Unauthorized access attempt from 192.168.1.5,E401,Unauthorized access attempt from {ip}
24968,2026-01-11,17:24:21,INFO,WebServer,Transaction tx376380 completed in 1965ms,E104,Transaction {tx} completed in {time}ms
24969,2026-01-11,17:23:31,INFO,WebServer,Health check passed: WebServer,E102,Health check passed: {service}
24970,2026-01-11,17:31:53,INFO,WebServer,Transaction tx244975 completed in 241ms,E104,Transaction {tx} completed in {time}ms
24971,2026-01-11,17:18:49,INFO,WebServer,Health check passed: WebServer,E102,Health check passed: {service}
24972,2026-01-11,17:15:26,INFO,OrderProcessor,User u1000 login successful,E101,User {user} login successful
24973,2026-01-11,17:04:07,INFO,PaymentGateway,Page view: /home by u2631,E103,Page view: {page} by {user}
24974,2026-01-11,17:39:13,INFO,AuthService,Health check passed: AuthService,E102,Health check passed: {service}
24975,2026-01-11,17:53:08,INFO,AuthService,Transaction tx950629 completed in 1789ms,E104,Transaction {tx} completed in {time}ms
24976,2026-01-11,17:59:30,ERROR,AuthService,Payment declined: Gateway unavailable,E503,Payment declined: Gateway unavailable
24977,2026-01-11,17:22:24,WARN,PaymentGateway,Unauthorized access attempt from 10.0.0.45,E401,Unauthorized access attempt from {ip}
24978,2026-01-11,17:02:53,INFO,AuthService,User u4776 login successful,E101,User {user} login successful
24979,2026-01-11,17:48:59,INFO,AuthService,User u2639 login successful,E101,User {user} login successful
24980,2026-01-11,17:53:23,INFO,WebServer,User u4851 login successful,E101,User {user} login successful
24981,2026-01-11,17:39:27,INFO,OrderProcessor,Health check passed: OrderProcessor,E102,Health check passed: {service}
24982,2026-01-11,17:20:27,INFO,OrderProcessor,User u4715 login successful,E101,User {user} login successful
24983,2026-01-11,17:29:32,INFO,OrderProcessor,Transaction tx604400 completed in 1663ms,E104,Transaction {tx} completed in {time}ms
24984,2026-01-11,17:09:45,INFO,WebServer,Page view: /home by u1649,E103,Page view: {page} by {user}
24985,2026-01-11,18:13:32,INFO,PaymentGateway,User u4684 login successful,E101,User {user} login successful
24986,2026-01-11,18:09:24,INFO,PaymentGateway,Health check passed: PaymentGateway,E102,Health check passed: {service}
24987,2026-01-11,18:58:04,INFO,WebServer,Page view: /home by u3294,E103,Page view: {page} by {user}
24988,2026-01-11,18:29:47,INFO,WebServer,Page view: /home by u4463,E103,Page view: {page} by {user}
24989,2026-01-11,18:34:29,INFO,AuthService,Page view: /home by u4920,E103,Page view: {page} by {user}
24990,2026-01-11,18:56:31,INFO,WebServer,Transaction tx551770 completed in 1799ms,E104,Transaction {tx} completed in {time}ms
24991,2026-01-11,18:42:11,INFO,WebServer,User u4154 login successful,E101,User {user} login successful
24992,2026-01-11,18:07:52,WARN,WebServer,Unauthorized access attempt from 10.0.0.45,E401,Unauthorized access attempt from {ip}
24993,2026-01-11,18:17:31,INFO,OrderProcessor,Health check passed: OrderProcessor,E102,Health check passed: {service}
24994,2026-01-11,18:23:12,INFO,WebServer,User u2287 login successful,E101,User {user} login successful
24995,2026-01-11,18:32:15,INFO,OrderProcessor,Health check passed: OrderProcessor,E102,Health check passed: {service}
24996,2026-01-11,18:30:31,INFO,WebServer,Health check passed: WebServer,E102,Health check passed: {service}
24997,2026-01-11,18:28:37,INFO,WebServer,Health check passed: WebServer,E102,Health check passed: {service}
24998,2026-01-11,18:15:23,INFO,WebServer,Health check passed: WebServer,E102,Health check passed: {service}
24999,2026-01-11,18:00:00,INFO,WebServer,Health check passed: WebServer,E102,Health check passed: {service}
25000,2026-01-11,18:23:43,INFO,OrderProcessor,Health check passed: OrderProcessor,E102,Health check passed: {service}
25001,2026-01-11,18:16:05,INFO,WebServer,Health check passed: WebServer,E102,Health check passed: {service}
25002,2026-01-11,18:51:53,INFO,AuthService,Health check passed: AuthService,E102,Health check passed: {service}
25003,2026-01-11,18:29:53,INFO,WebServer,User u1350 login successful,E101,User {user} login successful
25004,2026-01-11,18:23:17,WARN,WebServer,Disk usage > 85% on node node-4,E202,Disk usage > 85% on node {node}
25005,2026-01-11,18:54:38,INFO,AuthService,User u3112 login successful,E101,User {user} login successful
25006,2026-01-11,18:29:26,INFO,WebServer,Transaction tx914217 completed in 300ms,E104,Transaction {tx} completed in {time}ms
25007,2026-01-11,18:11:11,INFO,WebServer,Page view: /home by u4283,E103,Page view: {page} by {user}
25008,2026-01-11,18:42:49,INFO,WebServer,User u3529 login successful,E101,User {user} login successful
25009,2026-01-11,18:52:41,INFO,AuthService,Health check passed: AuthService,E102,Health check passed: {service}
25010,2026-01-11,18:50:50,INFO,WebServer,Health check passed: WebServer,E102,Health check passed: {service}
25011,2026-01-11,18:05:37,INFO,WebServer,User u3062 login successful,E101,User {user} login successful
25012,2026-01-11,18:20:24,INFO,AuthService,User u1106 login successful,E101,User {user} login successful
25013,2026-01-11,18:52:11,INFO,AuthService,Transaction tx279795 completed in 687ms,E104,Transaction {tx} completed in {time}ms
25014,2026-01-11,18:29:09,CRITICAL,PaymentGateway,KERNEL PANIC: Node node-5 crashed,E601,KERNEL PANIC: Node {node} crashed
25015,2026-01-11,18:29:24,INFO,WebServer,User u4804 login successful,E101,User {user} login successful
25016,2026-01-11,18:37:25,WARN,WebServer,High latency (1848ms) detected on WebServer,E201,High latency ({time}ms) detected on {service}
25017,2026-01-11,18:50:31,WARN,AuthService,Disk usage > 85% on node node-2,E202,Disk usage > 85% on node {node}
25018,2026-01-11,18:47:16,INFO,OrderProcessor,Health check passed: OrderProcessor,E102,Health check passed: {service}
25019,2026-01-11,18:45:21,INFO,WebServer,Page view: /home by u1127,E103,Page view: {page} by {user}
25020,2026-01-11,18:34:06,INFO,AuthService,User u3281 login successful,E101,User {user} login successful
25021,2026-01-11,18:24:10,INFO,WebServer,User u2146 login successful,E101,User {user} login successful
25022,2026-01-11,18:00:29,INFO,WebServer,Transaction tx349227 completed in 1704ms,E104,Transaction {tx} completed in {time}ms
25023,2026-01-11,18:26:07,INFO,WebServer,Health check passed: WebServer,E102,Health check passed: {service}
25024,2026-01-11,18:48:25,WARN,WebServer,Unauthorized access attempt from 10.0.0.45,E401,Unauthorized access attempt from {ip}
25025,2026-01-11,18:20:49,INFO,AuthService,Page view: /home by u2157,E103,Page view: {page} by {user}
25026,2026-01-11,18:54:31,INFO,OrderProcessor,Page view: /home by u4822,E103,Page view: {page} by {user}
25027,2026-01-11,18:58:01,INFO,WebServer,Page view: /home by u2756,E103,Page view: {page} by {user}
25028,2026-01-11,18:54:17,INFO,WebServer,Page view: /home by u3956,E103,Page view: {page} by {user}
25029,2026-01-11,18:35:54,INFO,AuthService,Transaction tx803374 completed in 1340ms,E104,Transaction {tx} completed in {time}ms
25030,2026-01-11,18:06:31,INFO,WebServer,User u4727 login successful,E101,User {user} login successful
25031,2026-01-11,18:16:05,INFO,WebServer,Page view: /home by u2836,E103,Page view: {page} by {user}
25032,2026-01-11,18:13:35,INFO,WebServer,Health check passed: WebServer,E102,Health check passed: {service}
25033,2026-01-11,18:20:00,INFO,WebServer,Transaction tx150888 completed in 1841ms,E104,Transaction {tx} completed in {time}ms
25034,2026-01-11,18:45:40,INFO,InventoryDB,Transaction tx591491 completed in 596ms,E104,Transaction {tx} completed in {time}ms
25035,2026-01-11,18:12:08,INFO,AuthService,Health check passed: AuthService,E102,Health check passed: {service}
25036,2026-01-11,18:25:23,INFO,WebServer,Health check passed: WebServer,E102,Health check passed: {service}
25037,2026-01-11,18:23:20,INFO,WebServer,Transaction tx829911 completed in 425ms,E104,Transaction {tx} completed in {time}ms
25038,2026-01-11,18:10:31,INFO,WebServer,User u4566 login successful,E101,User {user} login successful
25039,2026-01-11,18:03:11,INFO,PaymentGateway,Health check passed: PaymentGateway,E102,Health check passed: {service}
25040,2026-01-11,18:34:09,INFO,AuthService,Health check passed: AuthService,E102,Health check passed: {service}
25041,2026-01-11,18:08:57,INFO,WebServer,Health check passed: WebServer,E102,Health check passed: {service}
25042,2026-01-11,18:31:37,INFO,OrderProcessor,Transaction tx682020 completed in 831ms,E104,Transaction {tx} completed in {time}ms
25043,2026-01-11,18:08:37,INFO,WebServer,Transaction tx460376 completed in 729ms,E104,Transaction {tx} completed in {time}ms
25044,2026-01-11,18:54:01,INFO,WebServer,Transaction tx606012 completed in 1358ms,E104,Transaction {tx} completed in {time}ms
25045,2026-01-11,18:26:09,INFO,WebServer,Transaction tx551519 completed in 701ms,E104,Transaction {tx} completed in {time}ms
25046,2026-01-11,18:33:49,INFO,AuthService,Page view: /home by u1977,E103,Page view: {page} by {user}
25047,2026-01-11,18:28:59,INFO,WebServer,Health check passed: WebServer,E102,Health check passed: {service}
25048,2026-01-11,18:17:27,INFO,AuthService,Page view: /home by u1290,E103,Page view: {page} by {user}
25049,2026-01-11,18:11:38,INFO,WebServer,User u2332 login successful,E101,User {user} login successful
25050,2026-01-11,18:31:47,INFO,WebServer,Transaction tx133873 completed in 1134ms,E104,Transaction {tx} completed in {time}ms
25051,2026-01-11,18:52:29,INFO,WebServer,User u4220 login successful,E101,User {user} login successful
25052,2026-01-11,18:58:43,INFO,PaymentGateway,Page view: /home by u1107,E103,Page view: {page} by {user}
25053,2026-01-11,18:12:25,INFO,WebServer,Health check passed: WebServer,E102,Health check passed: {service}
25054,2026-01-11,18:50:21,INFO,AuthService,Transaction tx973026 completed in 1879ms,E104,Transaction {tx} completed in {time}ms
25055,2026-01-11,18:53:54,INFO,WebServer,User u4582 login successful,E101,User {user} login successful
25056,2026-01-11,18:42:15,INFO,AuthService,Transaction tx224766 completed in 1211ms,E104,Transaction {tx} completed in {time}ms
25057,2026-01-11,18:55:44,INFO,WebServer,User u3360 login successful,E101,User {user} login successful
25058,2026-01-11,18:40:09,INFO,WebServer,Health check passed: WebServer,E102,Health check passed: {service}
25059,2026-01-11,18:02:41,INFO,PaymentGateway,Health check passed: PaymentGateway,E102,Health check passed: {service}
25060,2026-01-11,18:39:52,INFO,AuthService,Transaction tx595129 completed in 699ms,E104,Transaction {tx} completed in {time}ms
25061,2026-01-11,18:17:56,INFO,WebServer,User u3007 login successful,E101,User {user} login successful
25062,2026-01-11,18:26:35,INFO,WebServer,Transaction tx802548 completed in 823ms,E104,Transaction {tx} completed in {time}ms
25063,2026-01-11,18:55:48,INFO,OrderProcessor,Health check passed: OrderProcessor,E102,Health check passed: {service}
25064,2026-01-11,18:32:19,INFO,AuthService,Page view: /home by u1527,E103,Page view: {page} by {user}
25065,2026-01-11,18:04:45,INFO,WebServer,Page view: /home by u4636,E103,Page view: {page} by {user}
25066,2026-01-11,18:25:17,INFO,OrderProcessor,Health check passed: OrderProcessor,E102,Health check passed: {service}
25067,2026-01-11,18:40:54,WARN,WebServer,Unauthorized access attempt from 10.0.0.45,E401,Unauthorized access attempt from {ip}
25068,2026-01-11,18:49:08,INFO,AuthService,Page view: /home by u1264,E103,Page view: {page} by {user}
25069,2026-01-11,18:32:34,WARN,AuthService,Unauthorized access attempt from 10.0.0.12,E401,Unauthorized access attempt from {ip}
25070,2026-01-11,18:28:08,INFO,WebServer,Transaction tx204555 completed in 1169ms,E104,Transaction {tx} completed in {time}ms
25071,2026-01-11,18:34:06,INFO,OrderProcessor,User u2040 login successful,E101,User {user} login successful
25072,2026-01-11,18:48:33,INFO,WebServer,Health check passed: WebServer,E102,Health check passed: {service}
25073,2026-01-11,18:35:09,INFO,OrderProcessor,Health check passed: OrderProcessor,E102,Health check passed: {service}
25074,2026-01-11,18:41:58,INFO,WebServer,Transaction tx786901 completed in 1215ms,E104,Transaction {tx} completed in {time}ms
25075,2026-01-11,18:45:19,INFO,WebServer,Transaction tx208873 completed in 1232ms,E104,Transaction {tx} completed in {time}ms
25076,2026-01-11,18:41:21,INFO,AuthService,Page view: /home by u2512,E103,Page view: {page} by {user}
25077,2026-01-11,18:24:21,INFO,WebServer,Health check passed: WebServer,E102,Health check passed: {service}
25078,2026-01-11,18:27:14,INFO,AuthService,User u2214 login successful,E101,User {user} login successful
25079,2026-01-11,18:15:15,INFO,WebServer,Transaction tx194568 completed in 1634ms,E104,Transaction {tx} completed in {time}ms
25080,2026-01-11,18:10:22,INFO,AuthService,Health check passed: AuthService,E102,Health check passed: {service}
25081,2026-01-11,18:37:26,INFO,WebServer,Page view: /home by u1764,E103,Page view: {page} by {user}
25082,2026-01-11,18:35:58,INFO,WebServer,User u2291 login successful,E101,User {user} login successful
25083,2026-01-11,18:21:16,INFO,WebServer,Page view: /home by u2012,E103,Page view: {page} by {user}
25084,2026-01-11,18:01:17,INFO,WebServer,Health check passed: WebServer,E102,Health check passed: {service}
25085,2026-01-11,18:27:31,INFO,WebServer,Transaction tx422452 completed in 1734ms,E104,Transaction {tx} completed in {time}ms
25086,2026-01-11,18:42:58,INFO,PaymentGateway,User u4312 login successful,E101,User {user} login successful
25087,2026-01-11,18:47:13,INFO,AuthService,Transaction tx559800 completed in 1646ms,E104,Transaction {tx} completed in {time}ms
25088,2026-01-11,18:53:12,INFO,InventoryDB,Health check passed: InventoryDB,E102,Health check passed: {service}
25089,2026-01-11,18:24:45,INFO,InventoryDB,User u3310 login successful,E101,User {user} login successful
25090,2026-01-11,18:08:49,INFO,WebServer,Health check passed: WebServer,E102,Health check passed: {service}
25091,2026-01-11,18:02:09,INFO,WebServer,User u1307 login successful,E101,User {user} login successful
25092,2026-01-11,18:58:31,INFO,WebServer,Page view: /home by u1297,E103,Page view: {page} by {user}
25093,2026-01-11,18:59:29,INFO,OrderProcessor,Transaction tx565930 completed in 1324ms,E104,Transaction {tx} completed in {time}ms
25094,2026-01-11,18:57:55,WARN,AuthService,Unauthorized access attempt from 10.0.0.45,E401,Unauthorized access attempt from {ip}
25095,2026-01-11,18:17:56,INFO,OrderProcessor,User u4689 login successful,E101,User {user} login successful
25096,2026-01-11,18:31:54,INFO,WebServer,Page view: /home by u3583,E103,Page view: {page} by {user}
25097,2026-01-11,18:26:41,INFO,WebServer,Page view: /home by u3825,E103,Page view: {page} by {user}
25098,2026-01-11,18:19:22,INFO,WebServer,Page view: /home by u4868,E103,Page view: {page} by {user}
25099,2026-01-11,18:10:31,INFO,AuthService,Page view: /home by u1865,E103,Page view: {page} by {user}
25100,2026-01-11,18:10:25,INFO,WebServer,Health check passed: WebServer,E102,Health check passed: {service}
25101,2026-01-11,18:22:10,INFO,AuthService,User u1688 login successful,E101,User {user} login successful
25102,2026-01-11,18:47:25,INFO,OrderProcessor,Transaction tx137478 completed in 1952ms,E104,Transaction {tx} completed in {time}ms
25103,2026-01-11,18:49:55,INFO,WebServer,Health check passed: WebServer,E102,Health check passed: {service}
25104,2026-01-11,18:42:16,INFO,WebServer,Transaction tx782774 completed in 1038ms,E104,Transaction {tx} completed in {time}ms
25105,2026-01-11,18:55:18,INFO,AuthService,Transaction tx917601 completed in 682ms,E104,Transaction {tx} completed in {time}ms
25106,2026-01-11,18:53:27,INFO,AuthService,Page view: /home by u1937,E103,Page view: {page} by {user}
25107,2026-01-11,18:21:13,INFO,WebServer,Health check passed: WebServer,E102,Health check passed: {service}
25108,2026-01-11,18:30:37,INFO,WebServer,User u1061 login successful,E101,User {user} login successful
25109,2026-01-11,18:13:55,WARN,WebServer,High latency (658ms) detected on WebServer,E201,High latency ({time}ms) detected on {service}
25110,2026-01-11,18:14:29,INFO,WebServer,User u3802 login successful,E101,User {user} login successful
25111,2026-01-11,18:02:25,INFO,WebServer,Transaction tx958634 completed in 1266ms,E104,Transaction {tx} completed in {time}ms
25112,2026-01-11,18:19:05,INFO,WebServer,User u3497 login successful,E101,User {user} login successful
25113,2026-01-11,18:41:08,WARN,PaymentGateway,Disk usage > 85% on node node-3,E202,Disk usage > 85% on node {node}
25114,2026-01-11,18:33:16,INFO,WebServer,User u4000 login successful,E101,User {user} login successful
25115,2026-01-11,18:58:22,INFO,WebServer,Page view: /home by u3303,E103,Page view: {page} by {user}
25116,2026-01-11,18:24:45,INFO,OrderProcessor,Health check passed: OrderProcessor,E102,Health check passed: {service}
25117,2026-01-11,18:16:14,INFO,WebServer,Health check passed: WebServer,E102,Health check passed: {service}
25118,2026-01-11,18:13:35,INFO,PaymentGateway,User u2171 login successful,E101,User {user} login successful
25119,2026-01-11,18:37:59,INFO,AuthService,User u2796 login successful,E101,User {user} login successful
25120,2026-01-11,18:49:42,INFO,WebServer,User u3519 login successful,E101,User {user} login successful
25121,2026-01-11,18:36:27,WARN,OrderProcessor,Disk usage > 85% on node node-2,E202,Disk usage > 85% on node {node}
25122,2026-01-11,18:12:43,INFO,WebServer,Transaction tx652275 completed in 1285ms,E104,Transaction {tx} completed in {time}ms
25123,2026-01-11,18:35:28,INFO,WebServer,Health check passed: WebServer,E102,Health check passed: {service}
25124,2026-01-11,18:45:54,INFO,WebServer,Page view: /home by u1912,E103,Page view: {page} by {user}
25125,2026-01-11,18:41:36,INFO,OrderProcessor,Transaction tx727537 completed in 1065ms,E104,Transaction {tx} completed in {time}ms
25126,2026-01-11,18:19:28,INFO,PaymentGateway,Page view: /home by u1877,E103,Page view: {page} by {user}
25127,2026-01-11,18:25:55,INFO,WebServer,Page view: /home by u2842,E103,Page view: {page} by {user}
25128,2026-01-11,18:23:42,INFO,AuthService,Transaction tx550297 completed in 221ms,E104,Transaction {tx} completed in {time}ms
25129,2026-01-11,18:53:28,INFO,WebServer,User u2454 login successful,E101,User {user} login successful
25130,2026-01-11,18:23:27,INFO,AuthService,Health check passed: AuthService,E102,Health check passed: {service}
25131,2026-01-11,18:13:00,INFO,WebServer,Health check passed: WebServer,E102,Health check passed: {service}
25132,2026-01-11,18:53:06,INFO,OrderProcessor,User u1063 login successful,E101,User {user} login successful
25133,2026-01-11,18:40:03,INFO,InventoryDB,Transaction tx162259 completed in 656ms,E104,Transaction {tx} completed in {time}ms
25134,2026-01-11,18:49:33,INFO,WebServer,User u1116 login successful,E101,User {user} login successful
25135,2026-01-11,18:34:36,INFO,AuthService,Page view: /home by u3215,E103,Page view: {page} by {user}
25136,2026-01-11,18:28:03,WARN,AuthService,Unauthorized access attempt from 10.0.0.45,E401,Unauthorized access attempt from {ip}
25137,2026-01-11,18:23:27,INFO,WebServer,Transaction tx453225 completed in 868ms,E104,Transaction {tx} completed in {time}ms
25138,2026-01-11,18:20:58,INFO,WebServer,Transaction tx170461 completed in 38ms,E104,Transaction {tx} completed in {time}ms
25139,2026-01-11,18:20:46,INFO,WebServer,Page view: /home by u1698,E103,Page view: {page} by {user}
25140,2026-01-11,18:58:07,INFO,WebServer,Page view: /home by u4660,E103,Page view: {page} by {user}
25141,2026-01-11,18:19:25,INFO,WebServer,Page view: /home by u3964,E103,Page view: {page} by {user}
25142,2026-01-11,18:18:11,WARN,WebServer,Unauthorized access attempt from 10.0.0.45,E401,Unauthorized access attempt from {ip}
25143,2026-01-11,18:22:26,INFO,AuthService,Transaction tx813362 completed in 904ms,E104,Transaction {tx} completed in {time}ms
25144,2026-01-11,18:32:06,INFO,PaymentGateway,Page view: /home by u4441,E103,Page view: {page} by {user}
25145,2026-01-11,18:07:40,INFO,WebServer,Health check passed: WebServer,E102,Health check passed: {service}
25146,2026-01-11,18:18:58,INFO,AuthService,Transaction tx771509 completed in 1738ms,E104,Transaction {tx} completed in {time}ms
25147,2026-01-11,18:54:33,INFO,WebServer,Transaction tx345866 completed in 1517ms,E104,Transaction {tx} completed in {time}ms
25148,2026-01-11,18:12:19,INFO,WebServer,User u4149 login successful,E101,User {user} login successful
25149,2026-01-11,18:59:45,INFO,WebServer,Page view: /home by u4175,E103,Page view: {page} by {user}
25150,2026-01-11,18:09:11,WARN,WebServer,Unauthorized access attempt from 10.0.0.45,E401,Unauthorized access attempt from {ip}
25151,2026-01-11,18:09:48,INFO,OrderProcessor,Page view: /home by u1466,E103,Page view: {page} by {user}
25152,2026-01-11,18:05:32,INFO,OrderProcessor,Page view: /home by u4860,E103,Page view: {page} by {user}
25153,2026-01-11,18:04:33,INFO,PaymentGateway,Health check passed: PaymentGateway,E102,Health check passed: {service}
25154,2026-01-11,18:50:05,INFO,WebServer,Page view: /home by u1303,E103,Page view: {page} by {user}
25155,2026-01-11,18:30:51,INFO,PaymentGateway,Page view: /home by u4909,E103,Page view: {page} by {user}
25156,2026-01-11,18:22:10,INFO,OrderProcessor,Page view: /home by u3288,E103,Page view: {page} by {user}
25157,2026-01-11,18:00:47,INFO,WebServer,Health check passed: WebServer,E102,Health check passed: {service}
25158,2026-01-11,18:03:16,INFO,OrderProcessor,User u4961 login successful,E101,User {user} login successful
25159,2026-01-11,18:34:31,INFO,WebServer,User u3092 login successful,E101,User {user} login successful
25160,2026-01-11,18:46:29,INFO,WebServer,Page view: /home by u4392,E103,Page view: {page} by {user}
25161,2026-01-11,18:06:41,INFO,PaymentGateway,Transaction tx271034 completed in 1048ms,E104,Transaction {tx} completed in {time}ms
25162,2026-01-11,18:20:10,INFO,WebServer,Health check passed: WebServer,E102,Health check passed: {service}
25163,2026-01-11,18:39:08,INFO,WebServer,Page view: /home by u3856,E103,Page view: {page} by {user}
25164,2026-01-11,18:26:11,INFO,AuthService,Health check passed: AuthService,E102,Health check passed: {service}
25165,2026-01-11,18:30:20,INFO,AuthService,Health check passed: AuthService,E102,Health check passed: {service}
25166,2026-01-11,18:05:14,INFO,WebServer,Transaction tx411332 completed in 1069ms,E104,Transaction {tx} completed in {time}ms
25167,2026-01-11,18:53:51,INFO,WebServer,Health check passed: WebServer,E102,Health check passed: {service}
25168,2026-01-11,18:51:10,INFO,AuthService,Page view: /home by u3304,E103,Page view: {page} by {user}
25169,2026-01-11,18:45:42,INFO,OrderProcessor,Page view: /home by u5000,E103,Page view: {page} by {user}
25170,2026-01-11,18:07:06,INFO,WebServer,User u1676 login successful,E101,User {user} login successful
25171,2026-01-11,18:28:29,INFO,InventoryDB,User u1204 login successful,E101,User {user} login successful
25172,2026-01-11,18:09:57,INFO,AuthService,Health check passed: AuthService,E102,Health check passed: {service}
25173,2026-01-11,18:07:23,INFO,AuthService,Health check passed: AuthService,E102,Health check passed: {service}
25174,2026-01-11,18:07:54,INFO,WebServer,User u3051 login successful,E101,User {user} login successful
25175,2026-01-11,18:12:48,ERROR,WebServer,Timeout waiting for lock on InventoryDB,E502,Timeout waiting for lock on {db}
25176,2026-01-11,18:25:54,INFO,WebServer,User u2496 login successful,E101,User {user} login successful
25177,2026-01-11,18:56:12,INFO,WebServer,Health check passed: WebServer,E102,Health check passed: {service}
25178,2026-01-11,18:34:57,INFO,WebServer,Health check passed: WebServer,E102,Health check passed: {service}
25179,2026-01-11,18:28:10,INFO,WebServer,User u4484 login successful,E101,User {user} login successful
25180,2026-01-11,18:53:46,INFO,WebServer,Health check passed: WebServer,E102,Health check passed: {service}
25181,2026-01-11,18:44:47,INFO,WebServer,Health check passed: WebServer,E102,Health check passed: {service}
25182,2026-01-11,18:24:53,INFO,WebServer,Health check passed: WebServer,E102,Health check passed: {service}
25183,2026-01-11,18:18:17,INFO,OrderProcessor,Page view: /home by u2394,E103,Page view: {page} by {user}
25184,2026-01-11,18:32:02,INFO,WebServer,Health check passed: WebServer,E102,Health check passed: {service}
25185,2026-01-11,18:01:26,INFO,AuthService,Transaction tx857103 completed in 623ms,E104,Transaction {tx} completed in {time}ms
25186,2026-01-11,18:01:58,INFO,WebServer,Health check passed: WebServer,E102,Health check passed: {service}
25187,2026-01-11,18:39:13,INFO,OrderProcessor,Page view: /home by u2054,E103,Page view: {page} by {user}
25188,2026-01-11,18:15:42,INFO,WebServer,User u4635 login successful,E101,User {user} login successful
25189,2026-01-11,18:48:16,INFO,WebServer,User u1730 login successful,E101,User {user} login successful
25190,2026-01-11,18:04:40,INFO,WebServer,User u2554 login successful,E101,User {user} login successful
25191,2026-01-11,18:16:12,INFO,InventoryDB,Page view: /home by u4636,E103,Page view: {page} by {user}
25192,2026-01-11,18:01:22,INFO,AuthService,Transaction tx437372 completed in 90ms,E104,Transaction {tx} completed in {time}ms
25193,2026-01-11,18:49:23,INFO,WebServer,User u4185 login successful,E101,User {user} login successful
25194,2026-01-11,18:50:00,INFO,WebServer,User u1082 login successful,E101,User {user} login successful
25195,2026-01-11,18:34:22,INFO,InventoryDB,Transaction tx472552 completed in 1413ms,E104,Transaction {tx} completed in {time}ms
25196,2026-01-11,18:27:48,INFO,WebServer,Health check passed: WebServer,E102,Health check passed: {service}
25197,2026-01-11,18:05:49,INFO,PaymentGateway,Transaction tx319718 completed in 1244ms,E104,Transaction {tx} completed in {time}ms
25198,2026-01-11,18:12:23,INFO,WebServer,Page view: /home by u4927,E103,Page view: {page} by {user}
25199,2026-01-11,18:31:24,INFO,AuthService,Transaction tx907049 completed in 1287ms,E104,Transaction {tx} completed in {time}ms
25200,2026-01-11,18:29:27,INFO,WebServer,Transaction tx158733 completed in 827ms,E104,Transaction {tx} completed in {time}ms
25201,2026-01-11,18:28:27,INFO,AuthService,User u2090 login successful,E101,User {user} login successful
25202,2026-01-11,18:48:57,INFO,WebServer,Transaction tx329680 completed in 1744ms,E104,Transaction {tx} completed in {time}ms
25203,2026-01-11,18:26:39,INFO,InventoryDB,Transaction tx467921 completed in 1853ms,E104,Transaction {tx} completed in {time}ms
25204,2026-01-11,18:24:38,INFO,PaymentGateway,Health check passed: PaymentGateway,E102,Health check passed: {service}
25205,2026-01-11,18:29:07,INFO,AuthService,Transaction tx884012 completed in 1117ms,E104,Transaction {tx} completed in {time}ms
25206,2026-01-11,18:44:55,WARN,WebServer,Disk usage > 85% on node node-2,E202,Disk usage > 85% on node {node}
25207,2026-01-11,18:43:05,INFO,WebServer,Health check passed: WebServer,E102,Health check passed: {service}
25208,2026-01-11,18:09:07,INFO,InventoryDB,Page view: /home by u1240,E103,Page view: {page} by {user}
25209,2026-01-11,18:40:05,INFO,OrderProcessor,User u4713 login successful,E101,User {user} login successful
25210,2026-01-11,18:57:52,WARN,PaymentGateway,Unauthorized access attempt from 10.0.0.88,E401,Unauthorized access attempt from {ip}
25211,2026-01-11,18:05:35,INFO,WebServer,Transaction tx322529 completed in 1411ms,E104,Transaction {tx} completed in {time}ms
25212,2026-01-11,18:41:34,INFO,WebServer,User u1987 login successful,E101,User {user} login successful
25213,2026-01-11,18:38:23,INFO,WebServer,Health check passed: WebServer,E102,Health check passed: {service}
25214,2026-01-11,18:04:01,INFO,OrderProcessor,Health check passed: OrderProcessor,E102,Health check passed: {service}
25215,2026-01-11,18:22:33,INFO,WebServer,User u3988 login successful,E101,User {user} login successful
25216,2026-01-11,18:41:13,INFO,WebServer,User u3955 login successful,E101,User {user} login successful
25217,2026-01-11,18:30:34,INFO,WebServer,Transaction tx284998 completed in 1515ms,E104,Transaction {tx} completed in {time}ms
25218,2026-01-11,18:31:08,INFO,WebServer,Health check passed: WebServer,E102,Health check passed: {service}
25219,2026-01-11,18:44:02,INFO,WebServer,User u1328 login successful,E101,User {user} login successful
25220,2026-01-11,18:11:08,INFO,InventoryDB,Transaction tx648310 completed in 1119ms,E104,Transaction {tx} completed in {time}ms
25221,2026-01-11,18:15:17,INFO,WebServer,Health check passed: WebServer,E102,Health check passed: {service}
25222,2026-01-11,18:38:28,INFO,WebServer,Health check passed: WebServer,E102,Health check passed: {service}
25223,2026-01-11,18:21:26,WARN,OrderProcessor,High latency (234ms) detected on OrderProcessor,E201,High latency ({time}ms) detected on {service}
25224,2026-01-11,18:57:05,INFO,InventoryDB,Transaction tx689845 completed in 1178ms,E104,Transaction {tx} completed in {time}ms
25225,2026-01-11,18:39:31,INFO,WebServer,Transaction tx766371 completed in 490ms,E104,Transaction {tx} completed in {time}ms
25226,2026-01-11,18:32:01,INFO,OrderProcessor,Health check passed: OrderProcessor,E102,Health check passed: {service}
25227,2026-01-11,18:08:16,INFO,AuthService,Page view: /home by u1555,E103,Page view: {page} by {user}
25228,2026-01-11,18:55:39,INFO,WebServer,Page view: /home by u4025,E103,Page view: {page} by {user}
25229,2026-01-11,18:19:13,INFO,OrderProcessor,Page view: /home by u4529,E103,Page view: {page} by {user}
25230,2026-01-11,18:26:15,INFO,WebServer,Page view: /home by u1048,E103,Page view: {page} by {user}
25231,2026-01-11,18:10:19,INFO,AuthService,User u3868 login successful,E101,User {user} login successful
25232,2026-01-11,18:03:17,INFO,AuthService,Page view: /home by u2789,E103,Page view: {page} by {user}
25233,2026-01-11,18:37:19,INFO,OrderProcessor,Transaction tx921375 completed in 618ms,E104,Transaction {tx} completed in {time}ms
25234,2026-01-11,18:13:26,WARN,AuthService,High latency (315ms) detected on AuthService,E201,High latency ({time}ms) detected on {service}
25235,2026-01-11,18:13:27,INFO,InventoryDB,User u1075 login successful,E101,User {user} login successful
25236,2026-01-11,18:40:24,INFO,AuthService,Transaction tx160560 completed in 460ms,E104,Transaction {tx} completed in {time}ms
25237,2026-01-11,18:34:36,INFO,OrderProcessor,User u1245 login successful,E101,User {user} login successful
25238,2026-01-11,18:09:49,INFO,WebServer,User u1501 login successful,E101,User {user} login successful
25239,2026-01-11,18:14:59,INFO,PaymentGateway,Transaction tx173597 completed in 532ms,E104,Transaction {tx} completed in {time}ms
25240,2026-01-11,18:56:21,INFO,PaymentGateway,Transaction tx903505 completed in 387ms,E104,Transaction {tx} completed in {time}ms
25241,2026-01-11,18:54:23,INFO,WebServer,User u4837 login successful,E101,User {user} login successful
25242,2026-01-11,18:46:51,INFO,WebServer,Page view: /home by u3382,E103,Page view: {page} by {user}
25243,2026-01-11,18:57:13,INFO,InventoryDB,User u4874 login successful,E101,User {user} login successful
25244,2026-01-11,18:34:23,INFO,WebServer,User u2530 login successful,E101,User {user} login successful
25245,2026-01-11,18:31:03,WARN,AuthService,High latency (1010ms) detected on AuthService,E201,High latency ({time}ms) detected on {service}
25246,2026-01-11,18:35:52,INFO,WebServer,Page view: /home by u4008,E103,Page view: {page} by {user}
25247,2026-01-11,18:22:11,WARN,AuthService,High latency (844ms) detected on AuthService,E201,High latency ({time}ms) detected on {service}
25248,2026-01-11,18:48:17,INFO,WebServer,Health check passed: WebServer,E102,Health check passed: {service}
25249,2026-01-11,18:09:38,INFO,InventoryDB,Transaction tx801847 completed in 870ms,E104,Transaction {tx} completed in {time}ms
25250,2026-01-11,18:43:03,INFO,AuthService,Transaction tx453756 completed in 1488ms,E104,Transaction {tx} completed in {time}ms
25251,2026-01-11,18:24:22,WARN,WebServer,Unauthorized access attempt from 10.0.0.45,E401,Unauthorized access attempt from {ip}
25252,2026-01-11,18:11:12,INFO,WebServer,Page view: /home by u1680,E103,Page view: {page} by {user}
25253,2026-01-11,18:18:59,INFO,OrderProcessor,Transaction tx425846 completed in 58ms,E104,Transaction {tx} completed in {time}ms
25254,2026-01-11,18:05:28,INFO,WebServer,Page view: /home by u2576,E103,Page view: {page} by {user}
25255,2026-01-11,18:45:48,INFO,WebServer,Health check passed: WebServer,E102,Health check passed: {service}
25256,2026-01-11,18:50:18,INFO,OrderProcessor,User u1177 login successful,E101,User {user} login successful
25257,2026-01-11,18:59:32,INFO,PaymentGateway,Page view: /home by u1734,E103,Page view: {page} by {user}
25258,2026-01-11,18:08:58,INFO,InventoryDB,Health check passed: InventoryDB,E102,Health check passed: {service}
25259,2026-01-11,18:59:57,INFO,WebServer,Transaction tx541342 completed in 725ms,E104,Transaction {tx} completed in {time}ms
25260,2026-01-11,18:45:25,INFO,WebServer,Page view: /home by u4518,E103,Page view: {page} by {user}
25261,2026-01-11,18:57:28,INFO,OrderProcessor,User u3559 login successful,E101,User {user} login successful
25262,2026-01-11,18:19:49,INFO,WebServer,Page view: /home by u1014,E103,Page view: {page} by {user}
25263,2026-01-11,18:11:12,INFO,WebServer,User u3989 login successful,E101,User {user} login successful
25264,2026-01-11,18:52:31,INFO,WebServer,User u2213 login successful,E101,User {user} login successful
25265,2026-01-11,18:23:17,INFO,PaymentGateway,Page view: /home by u3060,E103,Page view: {page} by {user}
25266,2026-01-11,18:59:27,INFO,AuthService,User u4829 login successful,E101,User {user} login successful
25267,2026-01-11,18:36:39,WARN,WebServer,High latency (1371ms) detected on WebServer,E201,High latency ({time}ms) detected on {service}
25268,2026-01-11,18:38:52,INFO,WebServer,User u4965 login successful,E101,User {user} login successful
25269,2026-01-11,18:40:08,INFO,AuthService,User u1739 login successful,E101,User {user} login successful
25270,2026-01-11,18:29:00,INFO,WebServer,Page view: /home by u1748,E103,Page view: {page} by {user}
25271,2026-01-11,18:12:13,INFO,PaymentGateway,Transaction tx720366 completed in 1511ms,E104,Transaction {tx} completed in {time}ms
25272,2026-01-11,18:17:15,INFO,WebServer,Transaction tx635269 completed in 196ms,E104,Transaction {tx} completed in {time}ms
25273,2026-01-11,18:25:35,WARN,AuthService,Unauthorized access attempt from 10.0.0.88,E401,Unauthorized access attempt from {ip}
25274,2026-01-11,18:47:16,INFO,WebServer,User u1205 login successful,E101,User {user} login successful
25275,2026-01-11,18:26:58,INFO,WebServer,Transaction tx110719 completed in 1278ms,E104,Transaction {tx} completed in {time}ms
25276,2026-01-11,18:13:03,INFO,AuthService,Page view: /home by u2616,E103,Page view: {page} by {user}
25277,2026-01-11,18:19:23,INFO,WebServer,Page view: /home by u1127,E103,Page view: {page} by {user}
25278,2026-01-11,18:51:57,ERROR,WebServer,Payment declined: Gateway unavailable,E503,Payment declined: Gateway unavailable
25279,2026-01-11,18:54:30,INFO,WebServer,Page view: /home by u4513,E103,Page view: {page} by {user}
25280,2026-01-11,18:33:12,INFO,OrderProcessor,Page view: /home by u3692,E103,Page view: {page} by {user}
25281,2026-01-11,18:03:41,INFO,WebServer,Transaction tx693742 completed in 1149ms,E104,Transaction {tx} completed in {time}ms
25282,2026-01-11,18:32:15,INFO,WebServer,Page view: /home by u1675,E103,Page view: {page} by {user}
25283,2026-01-11,18:41:18,INFO,InventoryDB,Health check passed: InventoryDB,E102,Health check passed: {service}
25284,2026-01-11,18:13:11,INFO,AuthService,Health check passed: AuthService,E102,Health check passed: {service}
25285,2026-01-11,18:04:55,INFO,WebServer,User u2376 login successful,E101,User {user} login successful
25286,2026-01-11,18:40:58,INFO,PaymentGateway,User u3139 login successful,E101,User {user} login successful
25287,2026-01-11,18:47:40,INFO,AuthService,Transaction tx479696 completed in 1644ms,E104,Transaction {tx} completed in {time}ms
25288,2026-01-11,18:22:06,INFO,WebServer,Transaction tx449409 completed in 1593ms,E104,Transaction {tx} completed in {time}ms
25289,2026-01-11,18:45:33,INFO,WebServer,Transaction tx306349 completed in 891ms,E104,Transaction {tx} completed in {time}ms
25290,2026-01-11,18:08:12,INFO,PaymentGateway,Health check passed: PaymentGateway,E102,Health check passed: {service}
25291,2026-01-11,18:48:29,INFO,InventoryDB,Health check passed: InventoryDB,E102,Health check passed: {service}
25292,2026-01-11,18:10:39,INFO,WebServer,Page view: /home by u4017,E103,Page view: {page} by {user}
25293,2026-01-11,18:14:28,INFO,WebServer,Page view: /home by u3886,E103,Page view: {page} by {user}
25294,2026-01-11,18:01:25,INFO,WebServer,User u1660 login successful,E101,User {user} login successful
25295,2026-01-11,18:00:57,INFO,InventoryDB,Transaction tx361576 completed in 1807ms,E104,Transaction {tx} completed in {time}ms
25296,2026-01-11,18:17:27,INFO,OrderProcessor,User u2124 login successful,E101,User {user} login successful
25297,2026-01-11,18:32:33,INFO,WebServer,Transaction tx286889 completed in 990ms,E104,Transaction {tx} completed in {time}ms
25298,2026-01-11,18:14:21,INFO,OrderProcessor,Health check passed: OrderProcessor,E102,Health check passed: {service}
25299,2026-01-11,18:58:45,INFO,WebServer,Page view: /home by u3181,E103,Page view: {page} by {user}
25300,2026-01-11,18:59:37,INFO,WebServer,Transaction tx705604 completed in 1435ms,E104,Transaction {tx} completed in {time}ms
25301,2026-01-11,18:33:39,INFO,OrderProcessor,User u4233 login successful,E101,User {user} login successful
25302,2026-01-11,18:46:27,INFO,WebServer,Page view: /home by u4837,E103,Page view: {page} by {user}
25303,2026-01-11,18:08:55,INFO,WebServer,Page view: /home by u4839,E103,Page view: {page} by {user}
25304,2026-01-11,18:50:00,INFO,WebServer,User u4720 login successful,E101,User {user} login successful
25305,2026-01-11,18:38:13,WARN,AuthService,Disk usage > 85% on node node-2,E202,Disk usage > 85% on node {node}
25306,2026-01-11,18:04:20,INFO,AuthService,Transaction tx436150 completed in 1156ms,E104,Transaction {tx} completed in {time}ms
25307,2026-01-11,18:16:16,INFO,OrderProcessor,User u2954 login successful,E101,User {user} login successful
25308,2026-01-11,18:01:09,INFO,WebServer,User u3634 login successful,E101,User {user} login successful
25309,2026-01-11,18:02:03,INFO,WebServer,Health check passed: WebServer,E102,Health check passed: {service}
25310,2026-01-11,18:35:46,INFO,AuthService,Health check passed: AuthService,E102,Health check passed: {service}
25311,2026-01-11,18:58:09,INFO,PaymentGateway,Page view: /home by u2983,E103,Page view: {page} by {user}
25312,2026-01-11,18:36:22,INFO,WebServer,Health check passed: WebServer,E102,Health check passed: {service}
25313,2026-01-11,18:16:02,INFO,WebServer,Page view: /home by u4493,E103,Page view: {page} by {user}
25314,2026-01-11,18:28:44,INFO,WebServer,User u1736 login successful,E101,User {user} login successful
25315,2026-01-11,18:32:20,INFO,AuthService,Transaction tx418076 completed in 1800ms,E104,Transaction {tx} completed in {time}ms
25316,2026-01-11,18:27:39,INFO,OrderProcessor,Page view: /home by u1498,E103,Page view: {page} by {user}
25317,2026-01-11,18:09:24,INFO,WebServer,Page view: /home by u2459,E103,Page view: {page} by {user}
25318,2026-01-11,18:15:35,INFO,InventoryDB,User u2633 login successful,E101,User {user} login successful
25319,2026-01-11,18:36:43,INFO,WebServer,Transaction tx529621 completed in 739ms,E104,Transaction {tx} completed in {time}ms
25320,2026-01-11,18:20:25,INFO,AuthService,Page view: /home by u2894,E103,Page view: {page} by {user}
25321,2026-01-11,18:36:51,WARN,WebServer,Disk usage > 85% on node node-3,E202,Disk usage > 85% on node {node}
25322,2026-01-11,18:04:47,INFO,WebServer,Transaction tx949010 completed in 1779ms,E104,Transaction {tx} completed in {time}ms
25323,2026-01-11,18:30:10,INFO,OrderProcessor,Page view: /home by u3292,E103,Page view: {page} by {user}
25324,2026-01-11,18:40:07,INFO,WebServer,Page view: /home by u3369,E103,Page view: {page} by {user}
25325,2026-01-11,18:26:22,INFO,PaymentGateway,Transaction tx337807 completed in 1093ms,E104,Transaction {tx} completed in {time}ms
25326,2026-01-11,18:56:43,INFO,AuthService,Transaction tx386025 completed in 388ms,E104,Transaction {tx} completed in {time}ms
25327,2026-01-11,18:18:10,INFO,WebServer,Health check passed: WebServer,E102,Health check passed: {service}
25328,2026-01-11,18:17:52,WARN,WebServer,Unauthorized access attempt from 10.0.0.45,E401,Unauthorized access attempt from {ip}
25329,2026-01-11,18:07:18,INFO,WebServer,Health check passed: WebServer,E102,Health check passed: {service}
25330,2026-01-11,18:44:49,INFO,PaymentGateway,Page view: /home by u4340,E103,Page view: {page} by {user}
25331,2026-01-11,18:55:07,INFO,WebServer,Transaction tx906765 completed in 1257ms,E104,Transaction {tx} completed in {time}ms
25332,2026-01-11,18:54:52,INFO,AuthService,Page view: /home by u2974,E103,Page view: {page} by {user}
25333,2026-01-11,18:41:13,INFO,WebServer,Page view: /home by u1381,E103,Page view: {page} by {user}
25334,2026-01-11,18:14:30,INFO,WebServer,Health check passed: WebServer,E102,Health check passed: {service}
25335,2026-01-11,18:01:56,INFO,WebServer,Health check passed: WebServer,E102,Health check passed: {service}
25336,2026-01-11,18:39:41,INFO,WebServer,User u4506 login successful,E101,User {user} login successful
25337,2026-01-11,18:13:20,INFO,InventoryDB,User u1735 login successful,E101,User {user} login successful
25338,2026-01-11,18:23:20,INFO,WebServer,Transaction tx201644 completed in 514ms,E104,Transaction {tx} completed in {time}ms
25339,2026-01-11,18:17:55,INFO,AuthService,Page view: /home by u1029,E103,Page view: {page} by {user}
25340,2026-01-11,18:16:41,INFO,InventoryDB,Transaction tx435466 completed in 1843ms,E104,Transaction {tx} completed in {time}ms
25341,2026-01-11,18:21:55,CRITICAL,WebServer,KERNEL PANIC: Node node-5 crashed,E601,KERNEL PANIC: Node {node} crashed
25342,2026-01-11,18:26:59,INFO,AuthService,Transaction tx861293 completed in 398ms,E104,Transaction {tx} completed in {time}ms
25343,2026-01-11,18:13:56,WARN,WebServer,Unauthorized access attempt from 10.0.0.45,E401,Unauthorized access attempt from {ip}
25344,2026-01-11,18:29:52,INFO,WebServer,Health check passed: WebServer,E102,Health check passed: {service}
25345,2026-01-11,18:10:36,INFO,AuthService,Transaction tx577052 completed in 1272ms,E104,Transaction {tx} completed in {time}ms
25346,2026-01-11,18:30:11,INFO,WebServer,User u1075 login successful,E101,User {user} login successful
25347,2026-01-11,18:46:54,INFO,WebServer,User u2428 login successful,E101,User {user} login successful
25348,2026-01-11,18:02:56,INFO,AuthService,Page view: /home by u3891,E103,Page view: {page} by {user}
25349,2026-01-11,18:28:15,INFO,WebServer,Transaction tx659876 completed in 1794ms,E104,Transaction {tx} completed in {time}ms
25350,2026-01-11,18:57:35,INFO,InventoryDB,User u2762 login successful,E101,User {user} login successful
25351,2026-01-11,18:07:34,INFO,WebServer,Page view: /home by u4474,E103,Page view: {page} by {user}
25352,2026-01-11,18:55:51,INFO,WebServer,User u2657 login successful,E101,User {user} login successful
25353,2026-01-11,18:50:26,INFO,PaymentGateway,Page view: /home by u2524,E103,Page view: {page} by {user}
25354,2026-01-11,18:53:47,INFO,AuthService,Transaction tx296296 completed in 145ms,E104,Transaction {tx} completed in {time}ms
25355,2026-01-11,18:05:23,INFO,OrderProcessor,Page view: /home by u1249,E103,Page view: {page} by {user}
25356,2026-01-11,18:54:39,INFO,WebServer,Page view: /home by u2586,E103,Page view: {page} by {user}
25357,2026-01-11,18:26:29,INFO,OrderProcessor,Page view: /home by u4638,E103,Page view: {page} by {user}
25358,2026-01-11,18:11:39,INFO,AuthService,Transaction tx938074 completed in 1022ms,E104,Transaction {tx} completed in {time}ms
25359,2026-01-11,18:54:39,INFO,WebServer,Page view: /home by u2148,E103,Page view: {page} by {user}
25360,2026-01-11,18:45:45,INFO,AuthService,Health check passed: AuthService,E102,Health check passed: {service}
25361,2026-01-11,18:11:59,INFO,AuthService,User u1098 login successful,E101,User {user} login successful
25362,2026-01-11,18:24:11,INFO,OrderProcessor,Health check passed: OrderProcessor,E102,Health check passed: {service}
25363,2026-01-11,18:13:32,INFO,AuthService,User u1167 login successful,E101,User {user} login successful
25364,2026-01-11,18:25:13,INFO,WebServer,Health check passed: WebServer,E102,Health check passed: {service}
25365,2026-01-11,18:42:27,INFO,OrderProcessor,Page view: /home by u2159,E103,Page view: {page} by {user}
25366,2026-01-11,18:41:47,INFO,WebServer,Health check passed: WebServer,E102,Health check passed: {service}
25367,2026-01-11,18:16:20,INFO,AuthService,User u4886 login successful,E101,User {user} login successful
25368,2026-01-11,18:29:07,INFO,AuthService,Health check passed: AuthService,E102,Health check passed: {service}
25369,2026-01-11,18:04:02,INFO,PaymentGateway,Transaction tx191318 completed in 270ms,E104,Transaction {tx} completed in {time}ms
25370,2026-01-11,18:34:44,INFO,OrderProcessor,User u3790 login successful,E101,User {user} login successful
25371,2026-01-11,18:18:11,WARN,AuthService,Unauthorized access attempt from 10.0.0.99,E401,Unauthorized access attempt from {ip}
25372,2026-01-11,18:58:08,INFO,WebServer,Transaction tx129076 completed in 1516ms,E104,Transaction {tx} completed in {time}ms
25373,2026-01-11,18:43:55,INFO,WebServer,Health check passed: WebServer,E102,Health check passed: {service}
25374,2026-01-11,18:59:36,INFO,WebServer,Transaction tx206455 completed in 1721ms,E104,Transaction {tx} completed in {time}ms
25375,2026-01-11,18:15:24,INFO,PaymentGateway,User u3401 login successful,E101,User {user} login successful
25376,2026-01-11,18:00:26,INFO,AuthService,User u4511 login successful,E101,User {user} login successful
25377,2026-01-11,18:31:12,ERROR,OrderProcessor,Payment declined: Gateway unavailable,E503,Payment declined: Gateway unavailable
25378,2026-01-11,18:16:56,WARN,WebServer,High latency (688ms) detected on WebServer,E201,High latency ({time}ms) detected on {service}
25379,2026-01-11,18:11:30,INFO,WebServer,Page view: /home by u3672,E103,Page view: {page} by {user}
25380,2026-01-11,18:02:31,INFO,WebServer,User u3071 login successful,E101,User {user} login successful
25381,2026-01-11,18:52:47,INFO,AuthService,Health check passed: AuthService,E102,Health check passed: {service}
25382,2026-01-11,18:14:46,INFO,PaymentGateway,Transaction tx244814 completed in 1330ms,E104,Transaction {tx} completed in {time}ms
25383,2026-01-11,18:46:51,INFO,OrderProcessor,User u3797 login successful,E101,User {user} login successful
25384,2026-01-11,18:09:14,INFO,AuthService,User u2953 login successful,E101,User {user} login successful
25385,2026-01-11,18:37:32,INFO,WebServer,User u3392 login successful,E101,User {user} login successful
25386,2026-01-11,18:14:19,INFO,AuthService,Transaction tx304728 completed in 231ms,E104,Transaction {tx} completed in {time}ms
25387,2026-01-11,18:03:19,INFO,WebServer,Health check passed: WebServer,E102,Health check passed: {service}
25388,2026-01-11,18:27:30,INFO,WebServer,User u1788 login successful,E101,User {user} login successful
25389,2026-01-11,18:20:58,INFO,AuthService,Page view: /home by u3813,E103,Page view: {page} by {user}
25390,2026-01-11,18:51:11,INFO,AuthService,Health check passed: AuthService,E102,Health check passed: {service}
25391,2026-01-11,18:29:46,INFO,WebServer,Health check passed: WebServer,E102,Health check passed: {service}
25392,2026-01-11,18:44:32,INFO,WebServer,Page view: /home by u4848,E103,Page view: {page} by {user}
25393,2026-01-11,18:35:20,INFO,AuthService,User u4171 login successful,E101,User {user} login successful
25394,2026-01-11,18:37:45,INFO,WebServer,User u4740 login successful,E101,User {user} login successful
25395,2026-01-11,18:00:39,INFO,WebServer,User u4710 login successful,E101,User {user} login successful
25396,2026-01-11,18:25:07,INFO,OrderProcessor,Health check passed: OrderProcessor,E102,Health check passed: {service}
25397,2026-01-11,18:34:16,INFO,PaymentGateway,Transaction tx278794 completed in 291ms,E104,Transaction {tx} completed in {time}ms
25398,2026-01-11,18:06:27,INFO,AuthService,Transaction tx166472 completed in 1719ms,E104,Transaction {tx} completed in {time}ms
25399,2026-01-11,18:39:50,INFO,WebServer,Health check passed: WebServer,E102,Health check passed: {service}
25400,2026-01-11,18:35:11,INFO,PaymentGateway,Transaction tx960951 completed in 848ms,E104,Transaction {tx} completed in {time}ms
25401,2026-01-11,18:17:34,INFO,AuthService,Health check passed: AuthService,E102,Health check passed: {service}
25402,2026-01-11,18:54:38,INFO,WebServer,Page view: /home by u1454,E103,Page view: {page} by {user}
25403,2026-01-11,18:25:13,INFO,WebServer,Transaction tx871248 completed in 1587ms,E104,Transaction {tx} completed in {time}ms
25404,2026-01-11,18:25:22,INFO,PaymentGateway,Page view: /home by u4843,E103,Page view: {page} by {user}
25405,2026-01-11,18:08:01,INFO,WebServer,User u2284 login successful,E101,User {user} login successful
25406,2026-01-11,18:40:30,INFO,InventoryDB,Transaction tx980165 completed in 1285ms,E104,Transaction {tx} completed in {time}ms
25407,2026-01-11,18:11:51,INFO,WebServer,User u4379 login successful,E101,User {user} login successful
25408,2026-01-11,18:27:24,INFO,OrderProcessor,Health check passed: OrderProcessor,E102,Health check passed: {service}
25409,2026-01-11,18:36:34,INFO,WebServer,Health check passed: WebServer,E102,Health check passed: {service}
25410,2026-01-11,18:15:52,INFO,PaymentGateway,Page view: /home by u3881,E103,Page view: {page} by {user}
25411,2026-01-11,18:15:14,WARN,AuthService,Disk usage > 85% on node node-2,E202,Disk usage > 85% on node {node}
25412,2026-01-11,18:06:00,INFO,AuthService,Health check passed: AuthService,E102,Health check passed: {service}
25413,2026-01-11,18:06:54,WARN,OrderProcessor,High latency (319ms) detected on OrderProcessor,E201,High latency ({time}ms) detected on {service}
25414,2026-01-11,18:09:48,INFO,OrderProcessor,Health check passed: OrderProcessor,E102,Health check passed: {service}
25415,2026-01-11,18:43:34,INFO,WebServer,Page view: /home by u1706,E103,Page view: {page} by {user}
25416,2026-01-11,18:45:27,INFO,AuthService,User u2141 login successful,E101,User {user} login successful
25417,2026-01-11,18:02:27,INFO,WebServer,User u3246 login successful,E101,User {user} login successful
25418,2026-01-11,18:40:19,INFO,WebServer,Page view: /home by u4177,E103,Page view: {page} by {user}
25419,2026-01-11,18:09:18,INFO,AuthService,User u3741 login successful,E101,User {user} login successful
25420,2026-01-11,18:05:15,INFO,WebServer,Transaction tx325488 completed in 569ms,E104,Transaction {tx} completed in {time}ms
25421,2026-01-11,18:27:46,ERROR,AuthService,Timeout waiting for lock on InventoryDB,E502,Timeout waiting for lock on {db}
25422,2026-01-11,18:54:19,INFO,OrderProcessor,Page view: /home by u4980,E103,Page view: {page} by {user}
25423,2026-01-11,18:44:41,WARN,OrderProcessor,Unauthorized access attempt from 192.168.1.5,E401,Unauthorized access attempt from {ip}
25424,2026-01-11,18:54:38,INFO,PaymentGateway,Page view: /home by u3203,E103,Page view: {page} by {user}
25425,2026-01-11,18:34:43,INFO,WebServer,Transaction tx656566 completed in 918ms,E104,Transaction {tx} completed in {time}ms
25426,2026-01-11,18:38:42,INFO,WebServer,Health check passed: WebServer,E102,Health check passed: {service}
25427,2026-01-11,18:15:06,INFO,OrderProcessor,Health check passed: OrderProcessor,E102,Health check passed: {service}
25428,2026-01-11,18:16:29,INFO,PaymentGateway,Health check passed: PaymentGateway,E102,Health check passed: {service}
25429,2026-01-11,18:33:04,INFO,AuthService,Transaction tx886127 completed in 727ms,E104,Transaction {tx} completed in {time}ms
25430,2026-01-11,18:44:23,INFO,InventoryDB,Transaction tx193597 completed in 145ms,E104,Transaction {tx} completed in {time}ms
25431,2026-01-11,18:27:10,INFO,WebServer,Transaction tx847109 completed in 1594ms,E104,Transaction {tx} completed in {time}ms
25432,2026-01-11,18:54:54,ERROR,WebServer,Timeout waiting for lock on InventoryDB,E502,Timeout waiting for lock on {db}
25433,2026-01-11,18:27:03,INFO,OrderProcessor,Health check passed: OrderProcessor,E102,Health check passed: {service}
25434,2026-01-11,18:07:26,INFO,AuthService,Health check passed: AuthService,E102,Health check passed: {service}
25435,2026-01-11,18:29:33,INFO,WebServer,User u2713 login successful,E101,User {user} login successful
25436,2026-01-11,18:29:15,INFO,PaymentGateway,Health check passed: PaymentGateway,E102,Health check passed: {service}
25437,2026-01-11,18:50:14,INFO,OrderProcessor,Health check passed: OrderProcessor,E102,Health check passed: {service}
25438,2026-01-11,18:03:25,INFO,AuthService,User u3824 login successful,E101,User {user} login successful
25439,2026-01-11,18:25:09,INFO,OrderProcessor,Health check passed: OrderProcessor,E102,Health check passed: {service}
25440,2026-01-11,18:32:36,INFO,WebServer,User u1290 login successful,E101,User {user} login successful
25441,2026-01-11,18:24:27,INFO,WebServer,Health check passed: WebServer,E102,Health check passed: {service}
25442,2026-01-11,18:04:19,INFO,WebServer,Page view: /home by u4345,E103,Page view: {page} by {user}
25443,2026-01-11,18:47:04,INFO,OrderProcessor,Transaction tx801592 completed in 251ms,E104,Transaction {tx} completed in {time}ms
25444,2026-01-11,18:40:34,INFO,AuthService,Health check passed: AuthService,E102,Health check passed: {service}
25445,2026-01-11,18:57:43,INFO,WebServer,Transaction tx702213 completed in 773ms,E104,Transaction {tx} completed in {time}ms
25446,2026-01-11,18:38:48,INFO,PaymentGateway,User u4191 login successful,E101,User {user} login successful
25447,2026-01-11,18:47:29,INFO,WebServer,Health check passed: WebServer,E102,Health check passed: {service}
25448,2026-01-11,18:13:23,INFO,AuthService,Page view: /home by u3710,E103,Page view: {page} by {user}
25449,2026-01-11,18:57:43,INFO,WebServer,User u1322 login successful,E101,User {user} login successful
25450,2026-01-11,18:14:33,INFO,WebServer,Page view: /home by u1426,E103,Page view: {page} by {user}
25451,2026-01-11,18:33:07,INFO,WebServer,Page view: /home by u3973,E103,Page view: {page} by {user}
25452,2026-01-11,18:05:28,INFO,WebServer,Page view: /home by u4918,E103,Page view: {page} by {user}
25453,2026-01-11,18:13:12,INFO,WebServer,Transaction tx942927 completed in 810ms,E104,Transaction {tx} completed in {time}ms
25454,2026-01-11,18:38:48,INFO,AuthService,Page view: /home by u2540,E103,Page view: {page} by {user}
25455,2026-01-11,18:15:12,INFO,AuthService,Transaction tx706293 completed in 917ms,E104,Transaction {tx} completed in {time}ms
25456,2026-01-11,18:09:20,INFO,InventoryDB,Transaction tx315895 completed in 1678ms,E104,Transaction {tx} completed in {time}ms
25457,2026-01-11,18:58:37,INFO,WebServer,Page view: /home by u4089,E103,Page view: {page} by {user}
25458,2026-01-11,18:35:52,WARN,OrderProcessor,Unauthorized access attempt from 10.0.0.45,E401,Unauthorized access attempt from {ip}
25459,2026-01-11,18:24:00,INFO,AuthService,Page view: /home by u4768,E103,Page view: {page} by {user}
25460,2026-01-11,18:41:27,INFO,AuthService,Health check passed: AuthService,E102,Health check passed: {service}
25461,2026-01-11,18:14:50,INFO,PaymentGateway,Transaction tx708859 completed in 258ms,E104,Transaction {tx} completed in {time}ms
25462,2026-01-11,18:39:41,INFO,AuthService,Transaction tx251968 completed in 1285ms,E104,Transaction {tx} completed in {time}ms
25463,2026-01-11,18:06:27,INFO,WebServer,Health check passed: WebServer,E102,Health check passed: {service}
25464,2026-01-11,18:49:42,CRITICAL,PaymentGateway,KERNEL PANIC: Node node-3 crashed,E601,KERNEL PANIC: Node {node} crashed
25465,2026-01-11,18:19:19,INFO,WebServer,Transaction tx609866 completed in 1015ms,E104,Transaction {tx} completed in {time}ms
25466,2026-01-11,18:15:13,INFO,WebServer,User u2591 login successful,E101,User {user} login successful
25467,2026-01-11,18:04:42,INFO,WebServer,User u3669 login successful,E101,User {user} login successful
25468,2026-01-11,18:21:41,INFO,AuthService,Page view: /home by u1690,E103,Page view: {page} by {user}
25469,2026-01-11,18:26:34,INFO,WebServer,Health check passed: WebServer,E102,Health check passed: {service}
25470,2026-01-11,18:40:43,INFO,WebServer,Page view: /home by u1869,E103,Page view: {page} by {user}
25471,2026-01-11,18:23:21,INFO,OrderProcessor,User u2431 login successful,E101,User {user} login successful
25472,2026-01-11,18:20:14,INFO,WebServer,Page view: /home by u2382,E103,Page view: {page} by {user}
25473,2026-01-11,18:05:53,WARN,WebServer,Disk usage > 85% on node node-2,E202,Disk usage > 85% on node {node}
25474,2026-01-11,18:41:16,INFO,WebServer,User u4156 login successful,E101,User {user} login successful
25475,2026-01-11,18:50:25,INFO,WebServer,User u3809 login successful,E101,User {user} login successful
25476,2026-01-11,18:53:21,INFO,AuthService,User u1546 login successful,E101,User {user} login successful
25477,2026-01-11,18:07:28,INFO,WebServer,Transaction tx585545 completed in 1031ms,E104,Transaction {tx} completed in {time}ms
25478,2026-01-11,18:51:57,INFO,WebServer,Health check passed: WebServer,E102,Health check passed: {service}
25479,2026-01-11,18:12:48,INFO,AuthService,Transaction tx802428 completed in 349ms,E104,Transaction {tx} completed in {time}ms
25480,2026-01-11,18:47:09,INFO,WebServer,User u1509 login successful,E101,User {user} login successful
25481,2026-01-11,18:46:45,INFO,AuthService,Page view: /home by u3943,E103,Page view: {page} by {user}
25482,2026-01-11,18:16:40,INFO,AuthService,Transaction tx691317 completed in 936ms,E104,Transaction {tx} completed in {time}ms
25483,2026-01-11,18:55:33,WARN,OrderProcessor,Unauthorized access attempt from 10.0.0.10,E401,Unauthorized access attempt from {ip}
25484,2026-01-11,18:10:28,INFO,WebServer,User u2467 login successful,E101,User {user} login successful
25485,2026-01-11,18:52:13,INFO,WebServer,User u1148 login successful,E101,User {user} login successful
25486,2026-01-11,18:01:51,INFO,AuthService,Page view: /home by u1367,E103,Page view: {page} by {user}
25487,2026-01-11,18:25:36,INFO,WebServer,User u2331 login successful,E101,User {user} login successful
25488,2026-01-11,18:53:54,WARN,WebServer,Disk usage > 85% on node node-5,E202,Disk usage > 85% on node {node}
25489,2026-01-11,18:07:43,INFO,WebServer,Transaction tx949783 completed in 1528ms,E104,Transaction {tx} completed in {time}ms
25490,2026-01-11,18:19:52,INFO,AuthService,User u2613 login successful,E101,User {user} login successful
25491,2026-01-11,18:56:26,INFO,OrderProcessor,Page view: /home by u3687,E103,Page view: {page} by {user}
25492,2026-01-11,18:20:37,INFO,OrderProcessor,Page view: /home by u3035,E103,Page view: {page} by {user}
25493,2026-01-11,18:54:59,INFO,AuthService,Health check passed: AuthService,E102,Health check passed: {service}
25494,2026-01-11,18:30:24,INFO,WebServer,User u3271 login successful,E101,User {user} login successful
25495,2026-01-11,18:00:56,INFO,PaymentGateway,User u2075 login successful,E101,User {user} login successful
25496,2026-01-11,18:28:41,INFO,WebServer,User u3998 login successful,E101,User {user} login successful
25497,2026-01-11,18:24:47,WARN,AuthService,Unauthorized access attempt from 10.0.0.45,E401,Unauthorized access attempt from {ip}
25498,2026-01-11,18:28:46,WARN,InventoryDB,Disk usage > 85% on node node-3,E202,Disk usage > 85% on node {node}
25499,2026-01-11,18:37:10,INFO,WebServer,Page view: /home by u4545,E103,Page view: {page} by {user}
25500,2026-01-11,18:23:19,INFO,WebServer,User u3219 login successful,E101,User {user} login successful
25501,2026-01-11,18:40:41,INFO,OrderProcessor,Page view: /home by u4391,E103,Page view: {page} by {user}
25502,2026-01-11,18:36:18,INFO,PaymentGateway,Transaction tx675091 completed in 1549ms,E104,Transaction {tx} completed in {time}ms
25503,2026-01-11,18:22:10,INFO,WebServer,Page view: /home by u4457,E103,Page view: {page} by {user}
25504,2026-01-11,18:35:16,INFO,WebServer,Transaction tx467198 completed in 1377ms,E104,Transaction {tx} completed in {time}ms
25505,2026-01-11,18:36:29,INFO,OrderProcessor,User u3871 login successful,E101,User {user} login successful
25506,2026-01-11,18:18:35,INFO,WebServer,User u3288 login successful,E101,User {user} login successful
25507,2026-01-11,18:25:16,INFO,AuthService,Page view: /home by u4836,E103,Page view: {page} by {user}
25508,2026-01-11,18:49:44,INFO,AuthService,Transaction tx328902 completed in 159ms,E104,Transaction {tx} completed in {time}ms
25509,2026-01-11,18:54:01,INFO,PaymentGateway,Transaction tx866581 completed in 65ms,E104,Transaction {tx} completed in {time}ms
25510,2026-01-11,18:20:34,INFO,AuthService,User u4224 login successful,E101,User {user} login successful
25511,2026-01-11,18:36:41,INFO,WebServer,Page view: /home by u2541,E103,Page view: {page} by {user}
25512,2026-01-11,18:58:44,INFO,WebServer,Health check passed: WebServer,E102,Health check passed: {service}
25513,2026-01-11,18:53:04,INFO,OrderProcessor,Health check passed: OrderProcessor,E102,Health check passed: {service}
25514,2026-01-11,18:53:01,INFO,WebServer,Page view: /home by u3735,E103,Page view: {page} by {user}
25515,2026-01-11,18:44:21,INFO,WebServer,Transaction tx833543 completed in 50ms,E104,Transaction {tx} completed in {time}ms
25516,2026-01-11,18:58:24,INFO,AuthService,Page view: /home by u2394,E103,Page view: {page} by {user}
25517,2026-01-11,18:27:41,INFO,WebServer,Transaction tx279771 completed in 311ms,E104,Transaction {tx} completed in {time}ms
25518,2026-01-11,18:10:41,INFO,PaymentGateway,User u3523 login successful,E101,User {user} login successful
25519,2026-01-11,18:37:50,INFO,OrderProcessor,Health check passed: OrderProcessor,E102,Health check passed: {service}
25520,2026-01-11,18:12:18,INFO,InventoryDB,Transaction tx476708 completed in 1067ms,E104,Transaction {tx} completed in {time}ms
25521,2026-01-11,18:30:26,INFO,WebServer,Page view: /home by u1014,E103,Page view: {page} by {user}
25522,2026-01-11,18:34:19,INFO,WebServer,Transaction tx198394 completed in 1014ms,E104,Transaction {tx} completed in {time}ms
25523,2026-01-11,18:44:59,INFO,AuthService,Health check passed: AuthService,E102,Health check passed: {service}
25524,2026-01-11,18:08:31,WARN,WebServer,Unauthorized access attempt from 10.0.0.45,E401,Unauthorized access attempt from {ip}
25525,2026-01-11,18:25:13,INFO,AuthService,Page view: /home by u2092,E103,Page view: {page} by {user}
25526,2026-01-11,18:30:12,INFO,WebServer,User u4424 login successful,E101,User {user} login successful
25527,2026-01-11,18:38:28,INFO,OrderProcessor,Transaction tx528072 completed in 211ms,E104,Transaction {tx} completed in {time}ms
25528,2026-01-11,18:44:15,INFO,WebServer,Transaction tx653452 completed in 352ms,E104,Transaction {tx} completed in {time}ms
25529,2026-01-11,18:48:22,INFO,OrderProcessor,Page view: /home by u2936,E103,Page view: {page} by {user}
25530,2026-01-11,18:51:56,INFO,OrderProcessor,Health check passed: OrderProcessor,E102,Health check passed: {service}
25531,2026-01-11,18:38:34,INFO,AuthService,User u4975 login successful,E101,User {user} login successful
25532,2026-01-11,18:21:07,INFO,OrderProcessor,Transaction tx782417 completed in 1578ms,E104,Transaction {tx} completed in {time}ms
25533,2026-01-11,18:20:11,INFO,AuthService,User u4788 login successful,E101,User {user} login successful
25534,2026-01-11,18:51:57,INFO,OrderProcessor,User u1099 login successful,E101,User {user} login successful
25535,2026-01-11,18:48:20,INFO,WebServer,Page view: /home by u2469,E103,Page view: {page} by {user}
25536,2026-01-11,18:36:41,INFO,WebServer,Health check passed: WebServer,E102,Health check passed: {service}
25537,2026-01-11,18:15:34,INFO,InventoryDB,User u2533 login successful,E101,User {user} login successful
25538,2026-01-11,18:30:43,INFO,InventoryDB,Health check passed: InventoryDB,E102,Health check passed: {service}
25539,2026-01-11,18:35:10,INFO,WebServer,User u4906 login successful,E101,User {user} login successful
25540,2026-01-11,18:28:43,INFO,WebServer,Health check passed: WebServer,E102,Health check passed: {service}
25541,2026-01-11,18:09:26,INFO,InventoryDB,Page view: /home by u1835,E103,Page view: {page} by {user}
25542,2026-01-11,18:13:09,INFO,PaymentGateway,User u4653 login successful,E101,User {user} login successful
25543,2026-01-11,18:34:42,INFO,AuthService,Health check passed: AuthService,E102,Health check passed: {service}
25544,2026-01-11,18:10:26,INFO,WebServer,Page view: /home by u3805,E103,Page view: {page} by {user}
25545,2026-01-11,18:30:45,INFO,WebServer,Health check passed: WebServer,E102,Health check passed: {service}
25546,2026-01-11,18:19:55,WARN,PaymentGateway,Unauthorized access attempt from 10.0.0.45,E401,Unauthorized access attempt from {ip}
25547,2026-01-11,18:53:30,INFO,WebServer,Health check passed: WebServer,E102,Health check passed: {service}
25548,2026-01-11,18:39:23,INFO,AuthService,Health check passed: AuthService,E102,Health check passed: {service}
25549,2026-01-11,18:45:53,INFO,WebServer,Health check passed: WebServer,E102,Health check passed: {service}
25550,2026-01-11,18:59:30,INFO,WebServer,Health check passed: WebServer,E102,Health check passed: {service}
25551,2026-01-11,18:27:35,INFO,WebServer,Page view: /home by u2448,E103,Page view: {page} by {user}
25552,2026-01-11,18:51:15,INFO,AuthService,Page view: /home by u3264,E103,Page view: {page} by {user}
25553,2026-01-11,18:23:11,INFO,AuthService,Health check passed: AuthService,E102,Health check passed: {service}
25554,2026-01-11,18:39:04,INFO,AuthService,Page view: /home by u4775,E103,Page view: {page} by {user}
25555,2026-01-11,18:03:19,INFO,WebServer,Transaction tx987855 completed in 1598ms,E104,Transaction {tx} completed in {time}ms
25556,2026-01-11,18:38:10,INFO,WebServer,User u2533 login successful,E101,User {user} login successful
25557,2026-01-11,18:52:32,INFO,AuthService,Page view: /home by u2970,E103,Page view: {page} by {user}
25558,2026-01-11,18:17:16,INFO,WebServer,User u2046 login successful,E101,User {user} login successful
25559,2026-01-11,18:42:17,INFO,WebServer,Page view: /home by u4802,E103,Page view: {page} by {user}
25560,2026-01-11,18:21:09,INFO,OrderProcessor,User u2190 login successful,E101,User {user} login successful
25561,2026-01-11,18:56:38,INFO,WebServer,Transaction tx668442 completed in 369ms,E104,Transaction {tx} completed in {time}ms
25562,2026-01-11,18:45:01,INFO,PaymentGateway,Health check passed: PaymentGateway,E102,Health check passed: {service}
25563,2026-01-11,18:12:19,INFO,WebServer,User u4655 login successful,E101,User {user} login successful
25564,2026-01-11,18:36:41,INFO,WebServer,Page view: /home by u1576,E103,Page view: {page} by {user}
25565,2026-01-11,18:22:36,WARN,OrderProcessor,Disk usage > 85% on node node-3,E202,Disk usage > 85% on node {node}
25566,2026-01-11,18:19:48,INFO,PaymentGateway,Health check passed: PaymentGateway,E102,Health check passed: {service}
25567,2026-01-11,18:29:38,ERROR,PaymentGateway,Timeout waiting for lock on InventoryDB,E502,Timeout waiting for lock on {db}
25568,2026-01-11,18:47:07,INFO,WebServer,User u4826 login successful,E101,User {user} login successful
25569,2026-01-11,18:16:47,INFO,InventoryDB,User u1395 login successful,E101,User {user} login successful
25570,2026-01-11,18:38:48,INFO,OrderProcessor,Page view: /home by u3166,E103,Page view: {page} by {user}
25571,2026-01-11,18:50:19,WARN,WebServer,Disk usage > 85% on node node-3,E202,Disk usage > 85% on node {node}
25572,2026-01-11,18:49:25,INFO,WebServer,User u4085 login successful,E101,User {user} login successful
25573,2026-01-11,18:37:52,INFO,PaymentGateway,Transaction tx170229 completed in 1066ms,E104,Transaction {tx} completed in {time}ms
25574,2026-01-11,18:38:07,INFO,AuthService,Health check passed: AuthService,E102,Health check passed: {service}
25575,2026-01-11,18:03:50,WARN,OrderProcessor,Unauthorized access attempt from 10.0.0.45,E401,Unauthorized access attempt from {ip}
25576,2026-01-11,18:52:41,INFO,WebServer,User u3262 login successful,E101,User {user} login successful
25577,2026-01-11,18:41:55,ERROR,WebServer,Connection refused to WebServer at 10.0.0.45,E501,Connection refused to {service} at {ip}
25578,2026-01-11,18:53:17,INFO,WebServer,Transaction tx753870 completed in 1961ms,E104,Transaction {tx} completed in {time}ms
25579,2026-01-11,18:03:13,INFO,WebServer,Transaction tx878979 completed in 1847ms,E104,Transaction {tx} completed in {time}ms
25580,2026-01-11,19:07:05,INFO,WebServer,Health check passed: WebServer,E102,Health check passed: {service}
25581,2026-01-11,19:47:44,INFO,AuthService,User u4822 login successful,E101,User {user} login successful
25582,2026-01-11,19:31:44,WARN,AuthService,High latency (364ms) detected on AuthService,E201,High latency ({time}ms) detected on {service}
25583,2026-01-11,19:59:21,INFO,WebServer,Health check passed: WebServer,E102,Health check passed: {service}
25584,2026-01-11,19:43:59,INFO,AuthService,User u1390 login successful,E101,User {user} login successful
25585,2026-01-11,19:33:20,INFO,PaymentGateway,Health check passed: PaymentGateway,E102,Health check passed: {service}
25586,2026-01-11,19:16:37,INFO,AuthService,User u1480 login successful,E101,User {user} login successful
25587,2026-01-11,19:35:48,WARN,PaymentGateway,Disk usage > 85% on node node-5,E202,Disk usage > 85% on node {node}
25588,2026-01-11,19:13:57,INFO,WebServer,Page view: /home by u2765,E103,Page view: {page} by {user}
25589,2026-01-11,19:49:52,INFO,OrderProcessor,User u1432 login successful,E101,User {user} login successful
25590,2026-01-11,19:43:18,ERROR,WebServer,Connection refused to WebServer at 10.0.0.45,E501,Connection refused to {service} at {ip}
25591,2026-01-11,19:53:37,INFO,WebServer,Transaction tx444935 completed in 689ms,E104,Transaction {tx} completed in {time}ms
25592,2026-01-11,19:29:31,INFO,WebServer,User u4358 login successful,E101,User {user} login successful
25593,2026-01-11,19:29:08,INFO,WebServer,Page view: /home by u4529,E103,Page view: {page} by {user}
25594,2026-01-11,19:43:24,WARN,WebServer,Unauthorized access attempt from 10.0.0.45,E401,Unauthorized access attempt from {ip}
25595,2026-01-11,19:10:36,INFO,WebServer,User u2057 login successful,E101,User {user} login successful
25596,2026-01-11,19:31:19,INFO,AuthService,Transaction tx244680 completed in 202ms,E104,Transaction {tx} completed in {time}ms
25597,2026-01-11,19:44:00,INFO,OrderProcessor,User u1104 login successful,E101,User {user} login successful
25598,2026-01-11,19:41:58,INFO,WebServer,User u2526 login successful,E101,User {user} login successful
25599,2026-01-11,19:33:39,INFO,InventoryDB,Transaction tx434440 completed in 732ms,E104,Transaction {tx} completed in {time}ms
25600,2026-01-11,19:36:57,INFO,PaymentGateway,Health check passed: PaymentGateway,E102,Health check passed: {service}
25601,2026-01-11,19:30:32,INFO,WebServer,Transaction tx225936 completed in 1088ms,E104,Transaction {tx} completed in {time}ms
25602,2026-01-11,19:25:59,WARN,WebServer,Disk usage > 85% on node node-4,E202,Disk usage > 85% on node {node}
25603,2026-01-11,19:48:58,INFO,WebServer,Transaction tx205536 completed in 1698ms,E104,Transaction {tx} completed in {time}ms
25604,2026-01-11,19:53:32,INFO,InventoryDB,Page view: /home by u2734,E103,Page view: {page} by {user}
25605,2026-01-11,19:23:02,INFO,AuthService,User u3977 login successful,E101,User {user} login successful
25606,2026-01-11,19:42:21,INFO,WebServer,User u2284 login successful,E101,User {user} login successful
25607,2026-01-11,19:07:06,INFO,WebServer,Page view: /home by u1390,E103,Page view: {page} by {user}
25608,2026-01-11,19:59:15,INFO,WebServer,Health check passed: WebServer,E102,Health check passed: {service}
25609,2026-01-11,19:10:33,INFO,InventoryDB,Page view: /home by u4334,E103,Page view: {page} by {user}
25610,2026-01-11,19:37:44,INFO,AuthService,Page view: /home by u1949,E103,Page view: {page} by {user}
25611,2026-01-11,19:19:43,INFO,OrderProcessor,Transaction tx429544 completed in 165ms,E104,Transaction {tx} completed in {time}ms
25612,2026-01-11,19:15:10,INFO,AuthService,Transaction tx711994 completed in 1950ms,E104,Transaction {tx} completed in {time}ms
25613,2026-01-11,19:28:49,WARN,AuthService,High latency (718ms) detected on AuthService,E201,High latency ({time}ms) detected on {service}
25614,2026-01-11,19:10:13,ERROR,PaymentGateway,Timeout waiting for lock on InventoryDB,E502,Timeout waiting for lock on {db}
25615,2026-01-11,19:06:55,INFO,AuthService,Health check passed: AuthService,E102,Health check passed: {service}
25616,2026-01-11,19:56:14,INFO,OrderProcessor,User u2983 login successful,E101,User {user} login successful
25617,2026-01-11,19:23:25,INFO,WebServer,Health check passed: WebServer,E102,Health check passed: {service}
25618,2026-01-11,19:42:30,INFO,PaymentGateway,Health check passed: PaymentGateway,E102,Health check passed: {service}
25619,2026-01-11,19:35:32,INFO,AuthService,Health check passed: AuthService,E102,Health check passed: {service}
25620,2026-01-11,19:45:55,INFO,AuthService,Health check passed: AuthService,E102,Health check passed: {service}
25621,2026-01-11,19:17:26,WARN,PaymentGateway,Unauthorized access attempt from 10.0.0.45,E401,Unauthorized access attempt from {ip}
25622,2026-01-11,19:16:16,INFO,OrderProcessor,User u4026 login successful,E101,User {user} login successful
25623,2026-01-11,19:31:07,INFO,PaymentGateway,Page view: /home by u2231,E103,Page view: {page} by {user}
25624,2026-01-11,19:22:25,INFO,WebServer,Page view: /home by u2451,E103,Page view: {page} by {user}
25625,2026-01-11,19:40:57,INFO,WebServer,User u4259 login successful,E101,User {user} login successful
25626,2026-01-11,19:11:43,INFO,WebServer,Health check passed: WebServer,E102,Health check passed: {service}
25627,2026-01-11,19:12:48,INFO,AuthService,User u3762 login successful,E101,User {user} login successful
25628,2026-01-11,19:20:04,INFO,AuthService,Page view: /home by u2478,E103,Page view: {page} by {user}
25629,2026-01-11,19:00:14,INFO,WebServer,Page view: /home by u4239,E103,Page view: {page} by {user}
25630,2026-01-11,19:00:41,INFO,WebServer,Transaction tx840441 completed in 1916ms,E104,Transaction {tx} completed in {time}ms
25631,2026-01-11,19:53:26,WARN,WebServer,Unauthorized access attempt from 10.0.0.12,E401,Unauthorized access attempt from {ip}
25632,2026-01-11,19:54:44,INFO,OrderProcessor,User u1171 login successful,E101,User {user} login successful
25633,2026-01-11,19:41:18,INFO,WebServer,Page view: /home by u3311,E103,Page view: {page} by {user}
25634,2026-01-11,19:07:40,INFO,WebServer,User u4329 login successful,E101,User {user} login successful
25635,2026-01-11,19:03:25,INFO,AuthService,Transaction tx173977 completed in 1680ms,E104,Transaction {tx} completed in {time}ms
25636,2026-01-11,19:26:44,INFO,WebServer,Transaction tx653979 completed in 1454ms,E104,Transaction {tx} completed in {time}ms
25637,2026-01-11,19:08:23,INFO,OrderProcessor,User u3571 login successful,E101,User {user} login successful
25638,2026-01-11,19:39:55,INFO,WebServer,Transaction tx222191 completed in 101ms,E104,Transaction {tx} completed in {time}ms
25639,2026-01-11,19:22:29,INFO,WebServer,Transaction tx260565 completed in 1998ms,E104,Transaction {tx} completed in {time}ms
25640,2026-01-11,19:12:22,INFO,PaymentGateway,Health check passed: PaymentGateway,E102,Health check passed: {service}
25641,2026-01-11,19:57:40,INFO,OrderProcessor,User u1936 login successful,E101,User {user} login successful
25642,2026-01-11,19:30:42,INFO,InventoryDB,Page view: /home by u3942,E103,Page view: {page} by {user}
25643,2026-01-11,19:12:37,INFO,AuthService,Page view: /home by u4369,E103,Page view: {page} by {user}
25644,2026-01-11,19:02:32,WARN,WebServer,Unauthorized access attempt from 10.0.0.45,E401,Unauthorized access attempt from {ip}
25645,2026-01-11,19:52:23,INFO,OrderProcessor,Page view: /home by u3588,E103,Page view: {page} by {user}
25646,2026-01-11,19:33:45,INFO,AuthService,Transaction tx827990 completed in 1017ms,E104,Transaction {tx} completed in {time}ms
25647,2026-01-11,19:44:33,INFO,AuthService,Health check passed: AuthService,E102,Health check passed: {service}
25648,2026-01-11,19:32:49,INFO,WebServer,Health check passed: WebServer,E102,Health check passed: {service}
25649,2026-01-11,19:41:46,INFO,PaymentGateway,Page view: /home by u2120,E103,Page view: {page} by {user}
25650,2026-01-11,19:52:25,INFO,PaymentGateway,Transaction tx854496 completed in 653ms,E104,Transaction {tx} completed in {time}ms
25651,2026-01-11,19:33:53,INFO,AuthService,User u2260 login successful,E101,User {user} login successful
25652,2026-01-11,19:19:45,INFO,InventoryDB,Transaction tx627803 completed in 1204ms,E104,Transaction {tx} completed in {time}ms
25653,2026-01-11,19:16:54,INFO,OrderProcessor,User u4061 login successful,E101,User {user} login successful
25654,2026-01-11,19:00:02,INFO,WebServer,Health check passed: WebServer,E102,Health check passed: {service}
25655,2026-01-11,19:49:05,INFO,AuthService,Transaction tx289576 completed in 515ms,E104,Transaction {tx} completed in {time}ms
25656,2026-01-11,19:06:12,INFO,WebServer,Page view: /home by u4647,E103,Page view: {page} by {user}
25657,2026-01-11,19:08:24,INFO,WebServer,User u4291 login successful,E101,User {user} login successful
25658,2026-01-11,19:03:54,INFO,WebServer,Health check passed: WebServer,E102,Health check passed: {service}
25659,2026-01-11,19:33:28,INFO,PaymentGateway,Health check passed: PaymentGateway,E102,Health check passed: {service}
25660,2026-01-11,19:14:24,INFO,WebServer,Transaction tx503667 completed in 1602ms,E104,Transaction {tx} completed in {time}ms
25661,2026-01-11,19:59:00,INFO,WebServer,Transaction tx456866 completed in 1772ms,E104,Transaction {tx} completed in {time}ms
25662,2026-01-11,19:12:56,WARN,WebServer,High latency (531ms) detected on WebServer,E201,High latency ({time}ms) detected on {service}
25663,2026-01-11,19:02:33,INFO,OrderProcessor,Page view: /home by u3112,E103,Page view: {page} by {user}
25664,2026-01-11,19:02:31,INFO,PaymentGateway,Transaction tx618025 completed in 1774ms,E104,Transaction {tx} completed in {time}ms
25665,2026-01-11,19:06:58,INFO,WebServer,Page view: /home by u1393,E103,Page view: {page} by {user}
25666,2026-01-11,19:00:16,INFO,WebServer,Health check passed: WebServer,E102,Health check passed: {service}
25667,2026-01-11,19:13:27,INFO,AuthService,Page view: /home by u2299,E103,Page view: {page} by {user}
25668,2026-01-11,19:39:32,INFO,WebServer,Page view: /home by u2004,E103,Page view: {page} by {user}
25669,2026-01-11,19:02:06,INFO,WebServer,Transaction tx376732 completed in 1721ms,E104,Transaction {tx} completed in {time}ms
25670,2026-01-11,19:41:17,INFO,OrderProcessor,User u2983 login successful,E101,User {user} login successful
25671,2026-01-11,19:08:29,INFO,PaymentGateway,User u1792 login successful,E101,User {user} login successful
25672,2026-01-11,19:19:18,INFO,OrderProcessor,Health check passed: OrderProcessor,E102,Health check passed: {service}
25673,2026-01-11,19:18:27,INFO,WebServer,Health check passed: WebServer,E102,Health check passed: {service}
25674,2026-01-11,19:06:51,INFO,WebServer,Health check passed: WebServer,E102,Health check passed: {service}
25675,2026-01-11,19:15:58,WARN,WebServer,Unauthorized access attempt from 10.0.0.12,E401,Unauthorized access attempt from {ip}
25676,2026-01-11,19:22:11,INFO,WebServer,User u2503 login successful,E101,User {user} login successful
25677,2026-01-11,19:11:33,INFO,WebServer,Health check passed: WebServer,E102,Health check passed: {service}
25678,2026-01-11,19:03:30,INFO,AuthService,User u4922 login successful,E101,User {user} login successful
25679,2026-01-11,19:22:34,INFO,OrderProcessor,User u2145 login successful,E101,User {user} login successful
25680,2026-01-11,19:42:03,INFO,OrderProcessor,Transaction tx384487 completed in 280ms,E104,Transaction {tx} completed in {time}ms
25681,2026-01-11,19:03:50,INFO,OrderProcessor,User u4220 login successful,E101,User {user} login successful
25682,2026-01-11,19:01:41,INFO,WebServer,Health check passed: WebServer,E102,Health check passed: {service}
25683,2026-01-11,19:07:00,INFO,WebServer,Page view: /home by u1845,E103,Page view: {page} by {user}
25684,2026-01-11,19:23:02,INFO,OrderProcessor,User u3693 login successful,E101,User {user} login successful
25685,2026-01-11,19:14:00,INFO,WebServer,Page view: /home by u3811,E103,Page view: {page} by {user}
25686,2026-01-11,19:41:30,INFO,WebServer,Transaction tx365250 completed in 1313ms,E104,Transaction {tx} completed in {time}ms
25687,2026-01-11,19:58:26,INFO,AuthService,Health check passed: AuthService,E102,Health check passed: {service}
25688,2026-01-11,19:19:15,INFO,OrderProcessor,Health check passed: OrderProcessor,E102,Health check passed: {service}
25689,2026-01-11,19:40:15,INFO,OrderProcessor,User u3466 login successful,E101,User {user} login successful
25690,2026-01-11,19:51:52,INFO,PaymentGateway,User u1328 login successful,E101,User {user} login successful
25691,2026-01-11,19:43:25,INFO,WebServer,Page view: /home by u4573,E103,Page view: {page} by {user}
25692,2026-01-11,19:03:55,INFO,WebServer,Health check passed: WebServer,E102,Health check passed: {service}
25693,2026-01-11,19:49:20,INFO,WebServer,Transaction tx619832 completed in 1895ms,E104,Transaction {tx} completed in {time}ms
25694,2026-01-11,19:32:21,INFO,OrderProcessor,Health check passed: OrderProcessor,E102,Health check passed: {service}
25695,2026-01-11,19:46:47,INFO,WebServer,User u4172 login successful,E101,User {user} login successful
25696,2026-01-11,19:57:30,INFO,AuthService,Transaction tx927284 completed in 1351ms,E104,Transaction {tx} completed in {time}ms
25697,2026-01-11,19:16:29,INFO,OrderProcessor,Transaction tx805381 completed in 281ms,E104,Transaction {tx} completed in {time}ms
25698,2026-01-11,19:13:38,INFO,WebServer,Page view: /home by u2712,E103,Page view: {page} by {user}
25699,2026-01-11,19:54:28,INFO,InventoryDB,Page view: /home by u2152,E103,Page view: {page} by {user}
25700,2026-01-11,19:31:18,INFO,WebServer,User u3337 login successful,E101,User {user} login successful
25701,2026-01-11,19:59:02,INFO,WebServer,Page view: /home by u3864,E103,Page view: {page} by {user}
25702,2026-01-11,19:46:21,INFO,WebServer,Transaction tx582374 completed in 694ms,E104,Transaction {tx} completed in {time}ms
25703,2026-01-11,19:10:49,INFO,WebServer,Transaction tx683648 completed in 963ms,E104,Transaction {tx} completed in {time}ms
25704,2026-01-11,19:10:06,INFO,InventoryDB,Transaction tx947661 completed in 235ms,E104,Transaction {tx} completed in {time}ms
25705,2026-01-11,19:54:33,INFO,AuthService,User u4632 login successful,E101,User {user} login successful
25706,2026-01-11,19:54:21,INFO,OrderProcessor,User u1574 login successful,E101,User {user} login successful
25707,2026-01-11,19:06:27,INFO,WebServer,Page view: /home by u1633,E103,Page view: {page} by {user}
25708,2026-01-11,19:03:03,INFO,WebServer,User u3368 login successful,E101,User {user} login successful
25709,2026-01-11,19:54:09,CRITICAL,WebServer,DATA CORRUPTION detected in sector 857,E602,DATA CORRUPTION detected in sector {sector}
25710,2026-01-11,19:31:09,INFO,AuthService,Page view: /home by u2718,E103,Page view: {page} by {user}
25711,2026-01-11,19:54:35,INFO,AuthService,User u2047 login successful,E101,User {user} login successful
25712,2026-01-11,19:47:51,INFO,PaymentGateway,Page view: /home by u3777,E103,Page view: {page} by {user}
25713,2026-01-11,19:06:56,INFO,WebServer,User u3403 login successful,E101,User {user} login successful
25714,2026-01-11,19:50:20,ERROR,InventoryDB,Timeout waiting for lock on InventoryDB,E502,Timeout waiting for lock on {db}
25715,2026-01-11,19:41:34,INFO,WebServer,User u4295 login successful,E101,User {user} login successful
25716,2026-01-11,19:36:27,INFO,WebServer,Health check passed: WebServer,E102,Health check passed: {service}
25717,2026-01-11,19:50:39,INFO,WebServer,Health check passed: WebServer,E102,Health check passed: {service}
25718,2026-01-11,19:21:13,INFO,PaymentGateway,Transaction tx457962 completed in 1378ms,E104,Transaction {tx} completed in {time}ms
25719,2026-01-11,19:30:26,INFO,InventoryDB,User u2532 login successful,E101,User {user} login successful
25720,2026-01-11,19:14:03,INFO,WebServer,Health check passed: WebServer,E102,Health check passed: {service}
25721,2026-01-11,19:56:35,INFO,AuthService,Page view: /home by u4870,E103,Page view: {page} by {user}
25722,2026-01-11,19:19:12,INFO,AuthService,Transaction tx421046 completed in 325ms,E104,Transaction {tx} completed in {time}ms
25723,2026-01-11,19:23:22,INFO,WebServer,Transaction tx518816 completed in 1978ms,E104,Transaction {tx} completed in {time}ms
25724,2026-01-11,19:28:23,INFO,AuthService,Page view: /home by u2074,E103,Page view: {page} by {user}
25725,2026-01-11,19:17:32,INFO,AuthService,Health check passed: AuthService,E102,Health check passed: {service}
25726,2026-01-11,19:31:58,INFO,WebServer,Health check passed: WebServer,E102,Health check passed: {service}
25727,2026-01-11,19:17:50,INFO,WebServer,User u1796 login successful,E101,User {user} login successful
25728,2026-01-11,19:05:26,INFO,WebServer,Transaction tx898317 completed in 425ms,E104,Transaction {tx} completed in {time}ms
25729,2026-01-11,19:37:35,INFO,PaymentGateway,Transaction tx142794 completed in 1386ms,E104,Transaction {tx} completed in {time}ms
25730,2026-01-11,19:16:45,INFO,AuthService,Health check passed: AuthService,E102,Health check passed: {service}
25731,2026-01-11,19:43:23,INFO,OrderProcessor,Page view: /home by u4765,E103,Page view: {page} by {user}
25732,2026-01-11,19:57:24,INFO,WebServer,Health check passed: WebServer,E102,Health check passed: {service}
25733,2026-01-11,19:59:47,INFO,OrderProcessor,User u4989 login successful,E101,User {user} login successful
25734,2026-01-11,19:51:29,INFO,OrderProcessor,Transaction tx160220 completed in 894ms,E104,Transaction {tx} completed in {time}ms
25735,2026-01-11,19:12:33,INFO,PaymentGateway,User u4149 login successful,E101,User {user} login successful
25736,2026-01-11,19:34:07,INFO,WebServer,Page view: /home by u1098,E103,Page view: {page} by {user}
25737,2026-01-11,19:29:01,INFO,WebServer,Page view: /home by u3821,E103,Page view: {page} by {user}
25738,2026-01-11,19:21:01,INFO,OrderProcessor,Page view: /home by u2291,E103,Page view: {page} by {user}
25739,2026-01-11,19:46:53,INFO,PaymentGateway,Health check passed: PaymentGateway,E102,Health check passed: {service}
25740,2026-01-11,19:37:38,INFO,OrderProcessor,Page view: /home by u3411,E103,Page view: {page} by {user}
25741,2026-01-11,19:28:54,INFO,PaymentGateway,User u4734 login successful,E101,User {user} login successful
25742,2026-01-11,19:59:59,INFO,AuthService,Page view: /home by u4549,E103,Page view: {page} by {user}
25743,2026-01-11,19:26:46,INFO,WebServer,User u3042 login successful,E101,User {user} login successful
25744,2026-01-11,19:22:59,CRITICAL,WebServer,KERNEL PANIC: Node node-3 crashed,E601,KERNEL PANIC: Node {node} crashed
25745,2026-01-11,19:18:02,INFO,WebServer,Page view: /home by u2403,E103,Page view: {page} by {user}
25746,2026-01-11,19:19:22,WARN,WebServer,Unauthorized access attempt from 10.0.0.12,E401,Unauthorized access attempt from {ip}
25747,2026-01-11,19:08:58,INFO,WebServer,User u2432 login successful,E101,User {user} login successful
25748,2026-01-11,19:03:29,INFO,WebServer,Health check passed: WebServer,E102,Health check passed: {service}
25749,2026-01-11,19:44:49,INFO,WebServer,Health check passed: WebServer,E102,Health check passed: {service}
25750,2026-01-11,19:56:11,INFO,AuthService,Transaction tx313320 completed in 1651ms,E104,Transaction {tx} completed in {time}ms
25751,2026-01-11,19:26:38,INFO,AuthService,Health check passed: AuthService,E102,Health check passed: {service}
25752,2026-01-11,19:37:05,ERROR,OrderProcessor,Timeout waiting for lock on InventoryDB,E502,Timeout waiting for lock on {db}
25753,2026-01-11,19:30:01,INFO,WebServer,Page view: /home by u4153,E103,Page view: {page} by {user}
25754,2026-01-11,19:39:25,INFO,WebServer,Health check passed: WebServer,E102,Health check passed: {service}
25755,2026-01-11,19:37:06,INFO,OrderProcessor,User u4997 login successful,E101,User {user} login successful
25756,2026-01-11,19:21:47,INFO,OrderProcessor,Transaction tx625013 completed in 779ms,E104,Transaction {tx} completed in {time}ms
25757,2026-01-11,19:51:23,INFO,PaymentGateway,Health check passed: PaymentGateway,E102,Health check passed: {service}
25758,2026-01-11,19:13:51,INFO,WebServer,Page view: /home by u1954,E103,Page view: {page} by {user}
25759,2026-01-11,19:22:47,CRITICAL,WebServer,DATA CORRUPTION detected in sector 982,E602,DATA CORRUPTION detected in sector {sector}
25760,2026-01-11,19:42:41,INFO,PaymentGateway,User u4024 login successful,E101,User {user} login successful
25761,2026-01-11,19:02:29,INFO,OrderProcessor,User u4447 login successful,E101,User {user} login successful
25762,2026-01-11,19:46:37,INFO,WebServer,Transaction tx649981 completed in 781ms,E104,Transaction {tx} completed in {time}ms
25763,2026-01-11,19:34:00,INFO,WebServer,Health check passed: WebServer,E102,Health check passed: {service}
25764,2026-01-11,19:53:38,INFO,InventoryDB,User u4742 login successful,E101,User {user} login successful
25765,2026-01-11,19:54:53,WARN,WebServer,Unauthorized access attempt from 10.0.0.12,E401,Unauthorized access attempt from {ip}
25766,2026-01-11,19:11:43,INFO,OrderProcessor,Transaction tx409004 completed in 585ms,E104,Transaction {tx} completed in {time}ms
25767,2026-01-11,19:30:04,INFO,PaymentGateway,Page view: /home by u3988,E103,Page view: {page} by {user}
25768,2026-01-11,19:38:42,INFO,OrderProcessor,Page view: /home by u3029,E103,Page view: {page} by {user}
25769,2026-01-11,19:30:35,INFO,AuthService,Transaction tx729117 completed in 483ms,E104,Transaction {tx} completed in {time}ms
25770,2026-01-11,19:47:36,INFO,WebServer,Health check passed: WebServer,E102,Health check passed: {service}
25771,2026-01-11,19:55:54,INFO,WebServer,Page view: /home by u4031,E103,Page view: {page} by {user}
25772,2026-01-11,19:47:31,INFO,WebServer,Health check passed: WebServer,E102,Health check passed: {service}
25773,2026-01-11,19:13:17,INFO,InventoryDB,User u3085 login successful,E101,User {user} login successful
25774,2026-01-11,19:19:55,INFO,WebServer,Health check passed: WebServer,E102,Health check passed: {service}
25775,2026-01-11,19:17:17,INFO,WebServer,Health check passed: WebServer,E102,Health check passed: {service}
25776,2026-01-11,19:08:26,INFO,AuthService,User u3370 login successful,E101,User {user} login successful
25777,2026-01-11,19:38:40,INFO,WebServer,Page view: /home by u1584,E103,Page view: {page} by {user}
25778,2026-01-11,19:07:20,ERROR,WebServer,Timeout waiting for lock on InventoryDB,E502,Timeout waiting for lock on {db}
25779,2026-01-11,19:37:03,INFO,WebServer,Health check passed: WebServer,E102,Health check passed: {service}
25780,2026-01-11,19:46:47,INFO,WebServer,Transaction tx695191 completed in 832ms,E104,Transaction {tx} completed in {time}ms
25781,2026-01-11,19:45:39,INFO,WebServer,Page view: /home by u3362,E103,Page view: {page} by {user}
25782,2026-01-11,19:14:19,INFO,WebServer,User u2938 login successful,E101,User {user} login successful
25783,2026-01-11,19:18:39,INFO,OrderProcessor,Transaction tx450432 completed in 713ms,E104,Transaction {tx} completed in {time}ms
25784,2026-01-11,19:29:50,INFO,PaymentGateway,Page view: /home by u4938,E103,Page view: {page} by {user}
25785,2026-01-11,19:43:08,INFO,WebServer,User u3027 login successful,E101,User {user} login successful
25786,2026-01-11,19:36:48,INFO,OrderProcessor,User u3970 login successful,E101,User {user} login successful
25787,2026-01-11,19:50:34,INFO,OrderProcessor,Transaction tx511635 completed in 451ms,E104,Transaction {tx} completed in {time}ms
25788,2026-01-11,19:49:21,INFO,PaymentGateway,Health check passed: PaymentGateway,E102,Health check passed: {service}
25789,2026-01-11,19:15:42,WARN,WebServer,Disk usage > 85% on node node-5,E202,Disk usage > 85% on node {node}
25790,2026-01-11,19:38:20,INFO,WebServer,Health check passed: WebServer,E102,Health check passed: {service}
25791,2026-01-11,19:03:03,INFO,AuthService,Transaction tx494309 completed in 110ms,E104,Transaction {tx} completed in {time}ms
25792,2026-01-11,19:46:42,INFO,AuthService,User u2504 login successful,E101,User {user} login successful
25793,2026-01-11,19:28:15,INFO,PaymentGateway,Transaction tx434199 completed in 524ms,E104,Transaction {tx} completed in {time}ms
25794,2026-01-11,19:07:24,INFO,OrderProcessor,Transaction tx579159 completed in 276ms,E104,Transaction {tx} completed in {time}ms
25795,2026-01-11,19:55:45,INFO,AuthService,Transaction tx699324 completed in 539ms,E104,Transaction {tx} completed in {time}ms
25796,2026-01-11,19:46:58,WARN,WebServer,Disk usage > 85% on node node-3,E202,Disk usage > 85% on node {node}
25797,2026-01-11,19:27:13,INFO,WebServer,Transaction tx393458 completed in 555ms,E104,Transaction {tx} completed in {time}ms
25798,2026-01-11,19:31:47,INFO,PaymentGateway,User u1941 login successful,E101,User {user} login successful
25799,2026-01-11,19:47:01,INFO,AuthService,Page view: /home by u3031,E103,Page view: {page} by {user}
25800,2026-01-11,19:55:04,INFO,PaymentGateway,Transaction tx554781 completed in 527ms,E104,Transaction {tx} completed in {time}ms
25801,2026-01-11,19:29:16,INFO,WebServer,Health check passed: WebServer,E102,Health check passed: {service}
25802,2026-01-11,19:14:19,INFO,WebServer,Page view: /home by u2706,E103,Page view: {page} by {user}
25803,2026-01-11,19:08:16,WARN,WebServer,Disk usage > 85% on node node-3,E202,Disk usage > 85% on node {node}
25804,2026-01-11,19:49:13,INFO,OrderProcessor,Page view: /home by u2230,E103,Page view: {page} by {user}
25805,2026-01-11,19:07:28,INFO,AuthService,Transaction tx394797 completed in 189ms,E104,Transaction {tx} completed in {time}ms
25806,2026-01-11,19:51:03,INFO,WebServer,Transaction tx510930 completed in 795ms,E104,Transaction {tx} completed in {time}ms
25807,2026-01-11,19:38:06,INFO,WebServer,Transaction tx968405 completed in 1530ms,E104,Transaction {tx} completed in {time}ms
25808,2026-01-11,19:26:23,INFO,WebServer,Transaction tx949663 completed in 1105ms,E104,Transaction {tx} completed in {time}ms
25809,2026-01-11,19:59:28,INFO,WebServer,Transaction tx982374 completed in 1634ms,E104,Transaction {tx} completed in {time}ms
25810,2026-01-11,19:11:35,INFO,WebServer,Health check passed: WebServer,E102,Health check passed: {service}
25811,2026-01-11,19:22:42,INFO,InventoryDB,Transaction tx710695 completed in 962ms,E104,Transaction {tx} completed in {time}ms
25812,2026-01-11,19:07:23,INFO,AuthService,Page view: /home by u3275,E103,Page view: {page} by {user}
25813,2026-01-11,19:35:28,INFO,WebServer,Page view: /home by u3882,E103,Page view: {page} by {user}
25814,2026-01-11,19:41:37,INFO,WebServer,Transaction tx395497 completed in 55ms,E104,Transaction {tx} completed in {time}ms
25815,2026-01-11,19:40:45,INFO,OrderProcessor,User u3760 login successful,E101,User {user} login successful
25816,2026-01-11,19:32:02,INFO,OrderProcessor,Health check passed: OrderProcessor,E102,Health check passed: {service}
25817,2026-01-11,19:39:02,INFO,WebServer,User u1540 login successful,E101,User {user} login successful
25818,2026-01-11,19:48:23,INFO,AuthService,Transaction tx971744 completed in 1427ms,E104,Transaction {tx} completed in {time}ms
25819,2026-01-11,19:21:56,INFO,PaymentGateway,Transaction tx843458 completed in 1575ms,E104,Transaction {tx} completed in {time}ms
25820,2026-01-11,19:59:55,INFO,WebServer,Page view: /home by u3818,E103,Page view: {page} by {user}
25821,2026-01-11,19:12:41,INFO,WebServer,Page view: /home by u3748,E103,Page view: {page} by {user}
25822,2026-01-11,19:38:49,INFO,WebServer,Page view: /home by u4653,E103,Page view: {page} by {user}
25823,2026-01-11,19:23:48,INFO,AuthService,Page view: /home by u3822,E103,Page view: {page} by {user}
25824,2026-01-11,19:04:53,INFO,WebServer,Health check passed: WebServer,E102,Health check passed: {service}
25825,2026-01-11,19:14:46,INFO,WebServer,Page view: /home by u3875,E103,Page view: {page} by {user}
25826,2026-01-11,19:28:10,INFO,OrderProcessor,Page view: /home by u4663,E103,Page view: {page} by {user}
25827,2026-01-11,19:42:49,INFO,InventoryDB,Transaction tx298348 completed in 1091ms,E104,Transaction {tx} completed in {time}ms
25828,2026-01-11,19:24:50,INFO,WebServer,Page view: /home by u4994,E103,Page view: {page} by {user}
25829,2026-01-11,19:51:15,INFO,AuthService,Page view: /home by u3519,E103,Page view: {page} by {user}
25830,2026-01-11,19:47:28,WARN,PaymentGateway,Unauthorized access attempt from 10.0.0.10,E401,Unauthorized access attempt from {ip}
25831,2026-01-11,19:46:07,INFO,WebServer,Health check passed: WebServer,E102,Health check passed: {service}
25832,2026-01-11,19:35:26,INFO,OrderProcessor,Transaction tx562840 completed in 1028ms,E104,Transaction {tx} completed in {time}ms
25833,2026-01-11,19:04:59,INFO,WebServer,Transaction tx967603 completed in 1567ms,E104,Transaction {tx} completed in {time}ms
25834,2026-01-11,19:55:49,INFO,WebServer,Transaction tx961194 completed in 1222ms,E104,Transaction {tx} completed in {time}ms
25835,2026-01-11,19:54:06,INFO,AuthService,User u4452 login successful,E101,User {user} login successful
25836,2026-01-11,19:09:50,INFO,OrderProcessor,Health check passed: OrderProcessor,E102,Health check passed: {service}
25837,2026-01-11,19:23:03,INFO,OrderProcessor,Health check passed: OrderProcessor,E102,Health check passed: {service}
25838,2026-01-11,19:58:41,INFO,WebServer,Transaction tx697150 completed in 457ms,E104,Transaction {tx} completed in {time}ms
25839,2026-01-11,19:05:27,INFO,InventoryDB,Page view: /home by u4503,E103,Page view: {page} by {user}
25840,2026-01-11,19:57:37,INFO,WebServer,User u1884 login successful,E101,User {user} login successful
25841,2026-01-11,19:28:45,INFO,WebServer,Page view: /home by u3212,E103,Page view: {page} by {user}
25842,2026-01-11,19:54:49,INFO,WebServer,User u1188 login successful,E101,User {user} login successful
25843,2026-01-11,19:42:59,INFO,AuthService,User u1483 login successful,E101,User {user} login successful
25844,2026-01-11,19:13:22,INFO,WebServer,Health check passed: WebServer,E102,Health check passed: {service}
25845,2026-01-11,19:09:53,INFO,AuthService,Health check passed: AuthService,E102,Health check passed: {service}
25846,2026-01-11,19:50:06,INFO,WebServer,Transaction tx700289 completed in 1417ms,E104,Transaction {tx} completed in {time}ms
25847,2026-01-11,19:00:12,INFO,WebServer,User u2934 login successful,E101,User {user} login successful
25848,2026-01-11,19:03:17,INFO,WebServer,User u3733 login successful,E101,User {user} login successful
25849,2026-01-11,19:13:52,INFO,OrderProcessor,Page view: /home by u2586,E103,Page view: {page} by {user}
25850,2026-01-11,19:00:07,INFO,WebServer,Transaction tx344327 completed in 481ms,E104,Transaction {tx} completed in {time}ms
25851,2026-01-11,19:15:56,INFO,WebServer,User u3693 login successful,E101,User {user} login successful
25852,2026-01-11,19:19:11,INFO,WebServer,Transaction tx945509 completed in 892ms,E104,Transaction {tx} completed in {time}ms
25853,2026-01-11,19:35:37,INFO,WebServer,Health check passed: WebServer,E102,Health check passed: {service}
25854,2026-01-11,19:30:26,INFO,WebServer,Health check passed: WebServer,E102,Health check passed: {service}
25855,2026-01-11,19:19:22,INFO,InventoryDB,Health check passed: InventoryDB,E102,Health check passed: {service}
25856,2026-01-11,19:16:05,INFO,WebServer,Health check passed: WebServer,E102,Health check passed: {service}
25857,2026-01-11,19:05:54,INFO,InventoryDB,Health check passed: InventoryDB,E102,Health check passed: {service}
25858,2026-01-11,19:57:55,INFO,AuthService,Health check passed: AuthService,E102,Health check passed: {service}
25859,2026-01-11,19:06:14,INFO,WebServer,Transaction tx824444 completed in 1973ms,E104,Transaction {tx} completed in {time}ms
25860,2026-01-11,19:05:24,INFO,WebServer,Health check passed: WebServer,E102,Health check passed: {service}
25861,2026-01-11,19:38:56,INFO,OrderProcessor,Transaction tx751856 completed in 321ms,E104,Transaction {tx} completed in {time}ms
25862,2026-01-11,19:39:46,INFO,WebServer,Page view: /home by u4908,E103,Page view: {page} by {user}
25863,2026-01-11,19:49:13,INFO,AuthService,User u2316 login successful,E101,User {user} login successful
25864,2026-01-11,19:36:01,INFO,AuthService,Health check passed: AuthService,E102,Health check passed: {service}
25865,2026-01-11,19:51:01,INFO,PaymentGateway,Health check passed: PaymentGateway,E102,Health check passed: {service}
25866,2026-01-11,19:16:37,INFO,WebServer,Page view: /home by u3165,E103,Page view: {page} by {user}
25867,2026-01-11,19:25:37,INFO,OrderProcessor,Page view: /home by u1570,E103,Page view: {page} by {user}
25868,2026-01-11,19:13:21,INFO,OrderProcessor,Health check passed: OrderProcessor,E102,Health check passed: {service}
25869,2026-01-11,19:53:33,WARN,WebServer,Disk usage > 85% on node node-3,E202,Disk usage > 85% on node {node}
25870,2026-01-11,19:17:50,INFO,PaymentGateway,Transaction tx968255 completed in 600ms,E104,Transaction {tx} completed in {time}ms
25871,2026-01-11,19:12:45,INFO,AuthService,Page view: /home by u1343,E103,Page view: {page} by {user}
25872,2026-01-11,19:54:51,INFO,WebServer,User u3650 login successful,E101,User {user} login successful
25873,2026-01-11,19:35:05,INFO,InventoryDB,User u1549 login successful,E101,User {user} login successful
25874,2026-01-11,19:51:31,INFO,PaymentGateway,User u2113 login successful,E101,User {user} login successful
25875,2026-01-11,19:56:25,INFO,WebServer,User u3612 login successful,E101,User {user} login successful
25876,2026-01-11,19:38:22,INFO,WebServer,Transaction tx471675 completed in 462ms,E104,Transaction {tx} completed in {time}ms
25877,2026-01-11,19:18:20,INFO,AuthService,User u2988 login successful,E101,User {user} login successful
25878,2026-01-11,19:24:37,INFO,WebServer,User u1123 login successful,E101,User {user} login successful
25879,2026-01-11,19:50:15,INFO,AuthService,Health check passed: AuthService,E102,Health check passed: {service}
25880,2026-01-11,19:19:08,INFO,PaymentGateway,Transaction tx965051 completed in 1255ms,E104,Transaction {tx} completed in {time}ms
25881,2026-01-11,19:23:32,INFO,AuthService,User u1498 login successful,E101,User {user} login successful
25882,2026-01-11,19:10:51,INFO,InventoryDB,User u1266 login successful,E101,User {user} login successful
25883,2026-01-11,19:44:44,INFO,AuthService,User u4393 login successful,E101,User {user} login successful
25884,2026-01-11,19:16:56,INFO,WebServer,User u3114 login successful,E101,User {user} login successful
25885,2026-01-11,19:42:52,INFO,WebServer,User u3185 login successful,E101,User {user} login successful
25886,2026-01-11,19:37:32,INFO,AuthService,Health check passed: AuthService,E102,Health check passed: {service}
25887,2026-01-11,19:49:22,INFO,PaymentGateway,Page view: /home by u3339,E103,Page view: {page} by {user}
25888,2026-01-11,19:25:42,INFO,OrderProcessor,User u4623 login successful,E101,User {user} login successful
25889,2026-01-11,19:37:37,INFO,AuthService,Transaction tx146019 completed in 560ms,E104,Transaction {tx} completed in {time}ms
25890,2026-01-11,19:55:05,INFO,OrderProcessor,Page view: /home by u4458,E103,Page view: {page} by {user}
25891,2026-01-11,19:50:02,INFO,PaymentGateway,Transaction tx898936 completed in 766ms,E104,Transaction {tx} completed in {time}ms
25892,2026-01-11,19:33:59,INFO,PaymentGateway,Page view: /home by u3404,E103,Page view: {page} by {user}
25893,2026-01-11,19:55:30,INFO,AuthService,Transaction tx690836 completed in 708ms,E104,Transaction {tx} completed in {time}ms
25894,2026-01-11,19:49:20,INFO,WebServer,User u1150 login successful,E101,User {user} login successful
25895,2026-01-11,19:00:39,INFO,AuthService,Page view: /home by u1372,E103,Page view: {page} by {user}
25896,2026-01-11,19:04:10,INFO,PaymentGateway,Health check passed: PaymentGateway,E102,Health check passed: {service}
25897,2026-01-11,19:32:08,INFO,WebServer,Page view: /home by u1248,E103,Page view: {page} by {user}
25898,2026-01-11,19:53:23,INFO,WebServer,Health check passed: WebServer,E102,Health check passed: {service}
25899,2026-01-11,19:35:11,INFO,WebServer,User u1323 login successful,E101,User {user} login successful
25900,2026-01-11,19:43:12,WARN,WebServer,Unauthorized access attempt from 10.0.0.45,E401,Unauthorized access attempt from {ip}
25901,2026-01-11,19:22:18,INFO,AuthService,User u2204 login successful,E101,User {user} login successful
25902,2026-01-11,19:24:00,INFO,WebServer,Transaction tx986944 completed in 1505ms,E104,Transaction {tx} completed in {time}ms
25903,2026-01-11,19:17:17,INFO,InventoryDB,Transaction tx347485 completed in 293ms,E104,Transaction {tx} completed in {time}ms
25904,2026-01-11,19:40:30,INFO,PaymentGateway,Transaction tx446372 completed in 1950ms,E104,Transaction {tx} completed in {time}ms
25905,2026-01-11,19:43:01,INFO,WebServer,Transaction tx203813 completed in 539ms,E104,Transaction {tx} completed in {time}ms
25906,2026-01-11,19:26:12,INFO,OrderProcessor,Page view: /home by u3597,E103,Page view: {page} by {user}
25907,2026-01-11,19:00:25,INFO,PaymentGateway,Health check passed: PaymentGateway,E102,Health check passed: {service}
25908,2026-01-11,19:11:27,INFO,PaymentGateway,User u4222 login successful,E101,User {user} login successful
25909,2026-01-11,19:07:11,WARN,WebServer,High latency (1837ms) detected on WebServer,E201,High latency ({time}ms) detected on {service}
25910,2026-01-11,19:31:49,INFO,InventoryDB,Page view: /home by u3024,E103,Page view: {page} by {user}
25911,2026-01-11,19:14:38,INFO,WebServer,User u4450 login successful,E101,User {user} login successful
25912,2026-01-11,19:31:29,INFO,WebServer,Page view: /home by u4784,E103,Page view: {page} by {user}
25913,2026-01-11,19:42:16,INFO,AuthService,Page view: /home by u1630,E103,Page view: {page} by {user}
25914,2026-01-11,19:36:16,INFO,AuthService,Health check passed: AuthService,E102,Health check passed: {service}
25915,2026-01-11,19:37:16,WARN,PaymentGateway,High latency (84ms) detected on PaymentGateway,E201,High latency ({time}ms) detected on {service}
25916,2026-01-11,19:30:19,INFO,WebServer,User u3520 login successful,E101,User {user} login successful
25917,2026-01-11,19:47:36,INFO,OrderProcessor,User u1552 login successful,E101,User {user} login successful
25918,2026-01-11,19:39:26,INFO,OrderProcessor,Transaction tx697525 completed in 1746ms,E104,Transaction {tx} completed in {time}ms
25919,2026-01-11,19:32:53,INFO,WebServer,Health check passed: WebServer,E102,Health check passed: {service}
25920,2026-01-11,19:14:16,INFO,PaymentGateway,Health check passed: PaymentGateway,E102,Health check passed: {service}
25921,2026-01-11,19:38:20,INFO,AuthService,Transaction tx285243 completed in 1317ms,E104,Transaction {tx} completed in {time}ms
25922,2026-01-11,19:24:04,INFO,WebServer,User u1844 login successful,E101,User {user} login successful
25923,2026-01-11,19:17:28,INFO,WebServer,User u4781 login successful,E101,User {user} login successful
25924,2026-01-11,19:00:41,INFO,PaymentGateway,Page view: /home by u4190,E103,Page view: {page} by {user}
25925,2026-01-11,19:43:57,INFO,AuthService,Health check passed: AuthService,E102,Health check passed: {service}
25926,2026-01-11,19:58:04,ERROR,AuthService,Timeout waiting for lock on InventoryDB,E502,Timeout waiting for lock on {db}
25927,2026-01-11,19:40:23,INFO,OrderProcessor,User u2861 login successful,E101,User {user} login successful
25928,2026-01-11,19:33:22,INFO,PaymentGateway,User u1697 login successful,E101,User {user} login successful
25929,2026-01-11,19:18:30,INFO,AuthService,User u4475 login successful,E101,User {user} login successful
25930,2026-01-11,19:49:01,INFO,WebServer,User u4352 login successful,E101,User {user} login successful
25931,2026-01-11,19:14:01,INFO,AuthService,Page view: /home by u2338,E103,Page view: {page} by {user}
25932,2026-01-11,19:16:27,INFO,WebServer,Health check passed: WebServer,E102,Health check passed: {service}
25933,2026-01-11,19:11:59,INFO,AuthService,Health check passed: AuthService,E102,Health check passed: {service}
25934,2026-01-11,19:51:26,WARN,OrderProcessor,Disk usage > 85% on node node-5,E202,Disk usage > 85% on node {node}
25935,2026-01-11,19:32:23,INFO,AuthService,Transaction tx580891 completed in 826ms,E104,Transaction {tx} completed in {time}ms
25936,2026-01-11,19:43:15,INFO,PaymentGateway,Page view: /home by u4336,E103,Page view: {page} by {user}
25937,2026-01-11,19:40:14,INFO,AuthService,Transaction tx752323 completed in 1947ms,E104,Transaction {tx} completed in {time}ms
25938,2026-01-11,19:43:07,WARN,WebServer,Disk usage > 85% on node node-3,E202,Disk usage > 85% on node {node}
25939,2026-01-11,19:56:58,INFO,WebServer,Page view: /home by u1084,E103,Page view: {page} by {user}
25940,2026-01-11,19:34:30,INFO,OrderProcessor,Health check passed: OrderProcessor,E102,Health check passed: {service}
25941,2026-01-11,19:03:24,INFO,WebServer,User u2742 login successful,E101,User {user} login successful
25942,2026-01-11,19:17:07,INFO,PaymentGateway,Health check passed: PaymentGateway,E102,Health check passed: {service}
25943,2026-01-11,19:59:29,INFO,AuthService,Page view: /home by u4425,E103,Page view: {page} by {user}
25944,2026-01-11,19:01:07,INFO,AuthService,Health check passed: AuthService,E102,Health check passed: {service}
25945,2026-01-11,19:55:30,INFO,OrderProcessor,Health check passed: OrderProcessor,E102,Health check passed: {service}
25946,2026-01-11,19:33:44,INFO,WebServer,Transaction tx717642 completed in 571ms,E104,Transaction {tx} completed in {time}ms
25947,2026-01-11,19:54:43,INFO,WebServer,Transaction tx752766 completed in 255ms,E104,Transaction {tx} completed in {time}ms
25948,2026-01-11,19:13:17,INFO,WebServer,Health check passed: WebServer,E102,Health check passed: {service}
25949,2026-01-11,19:19:01,INFO,AuthService,User u2976 login successful,E101,User {user} login successful
25950,2026-01-11,19:23:09,INFO,WebServer,Health check passed: WebServer,E102,Health check passed: {service}
25951,2026-01-11,19:55:55,INFO,PaymentGateway,User u2468 login successful,E101,User {user} login successful
25952,2026-01-11,19:24:57,INFO,WebServer,User u1227 login successful,E101,User {user} login successful
25953,2026-01-11,19:16:27,INFO,PaymentGateway,User u2179 login successful,E101,User {user} login successful
25954,2026-01-11,19:54:55,INFO,WebServer,Health check passed: WebServer,E102,Health check passed: {service}
25955,2026-01-11,19:25:52,INFO,AuthService,User u3784 login successful,E101,User {user} login successful
25956,2026-01-11,19:13:41,INFO,AuthService,Page view: /home by u2687,E103,Page view: {page} by {user}
25957,2026-01-11,19:05:30,INFO,OrderProcessor,User u1995 login successful,E101,User {user} login successful
25958,2026-01-11,19:11:03,INFO,AuthService,User u3465 login successful,E101,User {user} login successful
25959,2026-01-11,19:01:35,INFO,AuthService,Health check passed: AuthService,E102,Health check passed: {service}
25960,2026-01-11,19:53:54,INFO,InventoryDB,Transaction tx388343 completed in 1883ms,E104,Transaction {tx} completed in {time}ms
25961,2026-01-11,19:01:52,INFO,OrderProcessor,Health check passed: OrderProcessor,E102,Health check passed: {service}
25962,2026-01-11,19:56:57,INFO,WebServer,User u2376 login successful,E101,User {user} login successful
25963,2026-01-11,19:50:25,INFO,OrderProcessor,Transaction tx286909 completed in 1029ms,E104,Transaction {tx} completed in {time}ms
25964,2026-01-11,19:42:59,INFO,OrderProcessor,Health check passed: OrderProcessor,E102,Health check passed: {service}
25965,2026-01-11,19:35:01,WARN,WebServer,High latency (892ms) detected on WebServer,E201,High latency ({time}ms) detected on {service}
25966,2026-01-11,19:38:19,INFO,InventoryDB,Health check passed: InventoryDB,E102,Health check passed: {service}
25967,2026-01-11,19:32:38,INFO,WebServer,Page view: /home by u2451,E103,Page view: {page} by {user}
25968,2026-01-11,19:49:33,INFO,AuthService,Health check passed: AuthService,E102,Health check passed: {service}
25969,2026-01-11,19:08:07,INFO,WebServer,Transaction tx297981 completed in 980ms,E104,Transaction {tx} completed in {time}ms
25970,2026-01-11,19:11:12,INFO,OrderProcessor,Page view: /home by u3785,E103,Page view: {page} by {user}
25971,2026-01-11,19:45:06,INFO,WebServer,Transaction tx186475 completed in 1347ms,E104,Transaction {tx} completed in {time}ms
25972,2026-01-11,19:16:15,INFO,WebServer,Transaction tx346129 completed in 742ms,E104,Transaction {tx} completed in {time}ms
25973,2026-01-11,19:42:17,INFO,InventoryDB,Transaction tx589499 completed in 1835ms,E104,Transaction {tx} completed in {time}ms
25974,2026-01-11,19:27:33,INFO,WebServer,Health check passed: WebServer,E102,Health check passed: {service}
25975,2026-01-11,19:24:40,INFO,WebServer,User u1202 login successful,E101,User {user} login successful
25976,2026-01-11,19:46:26,INFO,WebServer,Transaction tx887311 completed in 601ms,E104,Transaction {tx} completed in {time}ms
25977,2026-01-11,19:40:00,INFO,AuthService,User u2716 login successful,E101,User {user} login successful
25978,2026-01-11,19:30:32,INFO,OrderProcessor,Transaction tx782989 completed in 441ms,E104,Transaction {tx} completed in {time}ms
25979,2026-01-11,19:28:45,INFO,AuthService,Page view: /home by u2807,E103,Page view: {page} by {user}
25980,2026-01-11,19:58:21,INFO,WebServer,Health check passed: WebServer,E102,Health check passed: {service}
25981,2026-01-11,19:46:51,INFO,InventoryDB,Page view: /home by u4309,E103,Page view: {page} by {user}
25982,2026-01-11,19:47:48,INFO,InventoryDB,Health check passed: InventoryDB,E102,Health check passed: {service}
25983,2026-01-11,19:06:53,WARN,WebServer,Disk usage > 85% on node node-1,E202,Disk usage > 85% on node {node}
25984,2026-01-11,19:22:28,INFO,AuthService,User u3655 login successful,E101,User {user} login successful
25985,2026-01-11,19:25:24,INFO,WebServer,Transaction tx101843 completed in 358ms,E104,Transaction {tx} completed in {time}ms
25986,2026-01-11,19:36:46,INFO,WebServer,Health check passed: WebServer,E102,Health check passed: {service}
25987,2026-01-11,19:05:14,INFO,WebServer,User u1004 login successful,E101,User {user} login successful
25988,2026-01-11,19:46:36,INFO,OrderProcessor,Transaction tx994075 completed in 593ms,E104,Transaction {tx} completed in {time}ms
25989,2026-01-11,19:26:37,INFO,WebServer,Transaction tx681654 completed in 602ms,E104,Transaction {tx} completed in {time}ms
25990,2026-01-11,19:29:35,INFO,WebServer,Health check passed: WebServer,E102,Health check passed: {service}
25991,2026-01-11,19:11:19,INFO,WebServer,Transaction tx742249 completed in 1593ms,E104,Transaction {tx} completed in {time}ms
25992,2026-01-11,19:17:59,INFO,AuthService,User u4389 login successful,E101,User {user} login successful
25993,2026-01-11,19:58:55,INFO,OrderProcessor,User u3737 login successful,E101,User {user} login successful
25994,2026-01-11,19:39:42,INFO,WebServer,Health check passed: WebServer,E102,Health check passed: {service}
25995,2026-01-11,19:25:10,INFO,WebServer,Transaction tx900752 completed in 204ms,E104,Transaction {tx} completed in {time}ms
25996,2026-01-11,19:19:40,INFO,WebServer,Page view: /home by u1292,E103,Page view: {page} by {user}
25997,2026-01-11,19:41:53,INFO,AuthService,Transaction tx398861 completed in 423ms,E104,Transaction {tx} completed in {time}ms
25998,2026-01-11,19:53:24,INFO,OrderProcessor,Page view: /home by u3792,E103,Page view: {page} by {user}
25999,2026-01-11,19:30:55,INFO,AuthService,Transaction tx580363 completed in 1846ms,E104,Transaction {tx} completed in {time}ms
26000,2026-01-11,19:08:02,INFO,AuthService,Page view: /home by u1797,E103,Page view: {page} by {user}
26001,2026-01-11,19:27:28,INFO,WebServer,User u3734 login successful,E101,User {user} login successful
26002,2026-01-11,19:37:34,WARN,PaymentGateway,Unauthorized access attempt from 10.0.0.45,E401,Unauthorized access attempt from {ip}
26003,2026-01-11,19:33:26,INFO,AuthService,Health check passed: AuthService,E102,Health check passed: {service}
26004,2026-01-11,19:10:17,INFO,OrderProcessor,Page view: /home by u2306,E103,Page view: {page} by {user}
26005,2026-01-11,19:31:21,INFO,PaymentGateway,Health check passed: PaymentGateway,E102,Health check passed: {service}
26006,2026-01-11,19:57:42,INFO,AuthService,Transaction tx966867 completed in 334ms,E104,Transaction {tx} completed in {time}ms
26007,2026-01-11,19:36:28,INFO,PaymentGateway,Page view: /home by u1039,E103,Page view: {page} by {user}
26008,2026-01-11,19:48:00,INFO,AuthService,Transaction tx782895 completed in 179ms,E104,Transaction {tx} completed in {time}ms
26009,2026-01-11,19:15:14,INFO,OrderProcessor,User u1526 login successful,E101,User {user} login successful
26010,2026-01-11,19:08:57,INFO,WebServer,User u4914 login successful,E101,User {user} login successful
26011,2026-01-11,19:59:58,INFO,WebServer,Page view: /home by u1557,E103,Page view: {page} by {user}
26012,2026-01-11,19:15:47,INFO,OrderProcessor,Health check passed: OrderProcessor,E102,Health check passed: {service}
26013,2026-01-11,19:14:28,INFO,WebServer,Transaction tx128408 completed in 865ms,E104,Transaction {tx} completed in {time}ms
26014,2026-01-11,19:47:55,INFO,OrderProcessor,User u1813 login successful,E101,User {user} login successful
26015,2026-01-11,19:13:18,INFO,WebServer,Page view: /home by u1268,E103,Page view: {page} by {user}
26016,2026-01-11,19:01:34,INFO,WebServer,Page view: /home by u4073,E103,Page view: {page} by {user}
26017,2026-01-11,19:30:52,INFO,OrderProcessor,Transaction tx316158 completed in 1393ms,E104,Transaction {tx} completed in {time}ms
26018,2026-01-11,19:51:35,INFO,WebServer,User u4484 login successful,E101,User {user} login successful
26019,2026-01-11,19:00:06,INFO,OrderProcessor,User u3867 login successful,E101,User {user} login successful
26020,2026-01-11,19:21:14,INFO,WebServer,Transaction tx208814 completed in 785ms,E104,Transaction {tx} completed in {time}ms
26021,2026-01-11,19:30:12,INFO,PaymentGateway,Page view: /home by u3439,E103,Page view: {page} by {user}
26022,2026-01-11,19:19:20,INFO,AuthService,Transaction tx286716 completed in 1390ms,E104,Transaction {tx} completed in {time}ms
26023,2026-01-11,19:32:10,INFO,OrderProcessor,Page view: /home by u2512,E103,Page view: {page} by {user}
26024,2026-01-11,19:27:26,INFO,WebServer,User u3242 login successful,E101,User {user} login successful
26025,2026-01-11,19:56:44,INFO,InventoryDB,User u2775 login successful,E101,User {user} login successful
26026,2026-01-11,19:36:17,INFO,OrderProcessor,Health check passed: OrderProcessor,E102,Health check passed: {service}
26027,2026-01-11,19:55:51,INFO,OrderProcessor,Health check passed: OrderProcessor,E102,Health check passed: {service}
26028,2026-01-11,19:28:17,INFO,WebServer,User u2558 login successful,E101,User {user} login successful
26029,2026-01-11,19:43:30,INFO,WebServer,Transaction tx705243 completed in 1958ms,E104,Transaction {tx} completed in {time}ms
26030,2026-01-11,19:53:23,INFO,AuthService,Page view: /home by u3716,E103,Page view: {page} by {user}
26031,2026-01-11,19:21:20,INFO,WebServer,User u2839 login successful,E101,User {user} login successful
26032,2026-01-11,19:57:35,INFO,PaymentGateway,Transaction tx728387 completed in 497ms,E104,Transaction {tx} completed in {time}ms
26033,2026-01-11,19:51:14,ERROR,AuthService,Connection refused to AuthService at 10.0.0.12,E501,Connection refused to {service} at {ip}
26034,2026-01-11,19:50:20,INFO,WebServer,Health check passed: WebServer,E102,Health check passed: {service}
26035,2026-01-11,19:14:02,INFO,WebServer,Page view: /home by u4698,E103,Page view: {page} by {user}
26036,2026-01-11,19:06:18,ERROR,WebServer,Payment declined: Gateway unavailable,E503,Payment declined: Gateway unavailable
26037,2026-01-11,19:13:31,INFO,AuthService,Transaction tx243216 completed in 977ms,E104,Transaction {tx} completed in {time}ms
26038,2026-01-11,19:21:29,INFO,InventoryDB,User u3054 login successful,E101,User {user} login successful
26039,2026-01-11,19:50:46,INFO,AuthService,User u2379 login successful,E101,User {user} login successful
26040,2026-01-11,19:31:49,INFO,WebServer,Health check passed: WebServer,E102,Health check passed: {service}
26041,2026-01-11,19:21:14,INFO,PaymentGateway,User u3121 login successful,E101,User {user} login successful
26042,2026-01-11,19:39:08,INFO,WebServer,User u4398 login successful,E101,User {user} login successful
26043,2026-01-11,19:17:49,INFO,WebServer,Page view: /home by u3000,E103,Page view: {page} by {user}
26044,2026-01-11,19:29:27,INFO,PaymentGateway,Page view: /home by u2161,E103,Page view: {page} by {user}
26045,2026-01-11,19:02:10,INFO,OrderProcessor,Health check passed: OrderProcessor,E102,Health check passed: {service}
26046,2026-01-11,19:08:49,INFO,PaymentGateway,User u1504 login successful,E101,User {user} login successful
26047,2026-01-11,19:18:27,INFO,WebServer,User u2443 login successful,E101,User {user} login successful
26048,2026-01-11,19:41:17,INFO,WebServer,User u1092 login successful,E101,User {user} login successful
26049,2026-01-11,19:41:03,INFO,AuthService,Transaction tx768138 completed in 59ms,E104,Transaction {tx} completed in {time}ms
26050,2026-01-11,19:37:10,INFO,OrderProcessor,Page view: /home by u4848,E103,Page view: {page} by {user}
26051,2026-01-11,19:35:51,INFO,WebServer,Health check passed: WebServer,E102,Health check passed: {service}
26052,2026-01-11,19:54:51,WARN,WebServer,Disk usage > 85% on node node-3,E202,Disk usage > 85% on node {node}
26053,2026-01-11,19:58:12,INFO,WebServer,Health check passed: WebServer,E102,Health check passed: {service}
26054,2026-01-11,19:24:14,INFO,PaymentGateway,Page view: /home by u2092,E103,Page view: {page} by {user}
26055,2026-01-11,19:14:44,INFO,OrderProcessor,Transaction tx592919 completed in 527ms,E104,Transaction {tx} completed in {time}ms
26056,2026-01-11,19:11:33,INFO,PaymentGateway,Health check passed: PaymentGateway,E102,Health check passed: {service}
26057,2026-01-11,19:57:18,INFO,WebServer,User u2178 login successful,E101,User {user} login successful
26058,2026-01-11,19:43:41,INFO,WebServer,Transaction tx348358 completed in 173ms,E104,Transaction {tx} completed in {time}ms
26059,2026-01-11,19:08:33,INFO,WebServer,Page view: /home by u4104,E103,Page view: {page} by {user}
26060,2026-01-11,19:28:48,INFO,WebServer,Transaction tx931592 completed in 1824ms,E104,Transaction {tx} completed in {time}ms
26061,2026-01-11,19:51:49,WARN,WebServer,High latency (223ms) detected on WebServer,E201,High latency ({time}ms) detected on {service}
26062,2026-01-11,19:35:12,INFO,WebServer,Health check passed: WebServer,E102,Health check passed: {service}
26063,2026-01-11,19:24:46,INFO,WebServer,User u3383 login successful,E101,User {user} login successful
26064,2026-01-11,19:54:51,INFO,OrderProcessor,Transaction tx473370 completed in 1511ms,E104,Transaction {tx} completed in {time}ms
26065,2026-01-11,19:04:22,INFO,AuthService,Page view: /home by u2338,E103,Page view: {page} by {user}
26066,2026-01-11,19:49:45,INFO,AuthService,Transaction tx638688 completed in 1813ms,E104,Transaction {tx} completed in {time}ms
26067,2026-01-11,19:07:28,INFO,PaymentGateway,Page view: /home by u4005,E103,Page view: {page} by {user}
26068,2026-01-11,19:51:59,INFO,WebServer,Transaction tx964068 completed in 87ms,E104,Transaction {tx} completed in {time}ms
26069,2026-01-11,19:37:57,INFO,WebServer,Health check passed: WebServer,E102,Health check passed: {service}
26070,2026-01-11,19:01:23,INFO,WebServer,Transaction tx587037 completed in 741ms,E104,Transaction {tx} completed in {time}ms
26071,2026-01-11,19:58:00,INFO,WebServer,Page view: /home by u2535,E103,Page view: {page} by {user}
26072,2026-01-11,19:42:41,INFO,WebServer,Transaction tx379585 completed in 1300ms,E104,Transaction {tx} completed in {time}ms
26073,2026-01-11,19:16:10,WARN,AuthService,High latency (1226ms) detected on AuthService,E201,High latency ({time}ms) detected on {service}
26074,2026-01-11,19:13:28,INFO,WebServer,Health check passed: WebServer,E102,Health check passed: {service}
26075,2026-01-11,19:54:06,ERROR,InventoryDB,Payment declined: Gateway unavailable,E503,Payment declined: Gateway unavailable
26076,2026-01-11,19:39:02,INFO,WebServer,Health check passed: WebServer,E102,Health check passed: {service}
26077,2026-01-11,19:36:39,INFO,InventoryDB,User u2763 login successful,E101,User {user} login successful
26078,2026-01-11,19:53:58,WARN,PaymentGateway,Disk usage > 85% on node node-2,E202,Disk usage > 85% on node {node}
26079,2026-01-11,19:16:53,INFO,OrderProcessor,Transaction tx924679 completed in 479ms,E104,Transaction {tx} completed in {time}ms
26080,2026-01-11,19:10:19,INFO,WebServer,User u1876 login successful,E101,User {user} login successful
26081,2026-01-11,19:29:47,INFO,PaymentGateway,Health check passed: PaymentGateway,E102,Health check passed: {service}
26082,2026-01-11,19:59:40,INFO,WebServer,Transaction tx372935 completed in 1390ms,E104,Transaction {tx} completed in {time}ms
26083,2026-01-11,19:06:05,INFO,WebServer,Health check passed: WebServer,E102,Health check passed: {service}
26084,2026-01-11,19:25:18,INFO,WebServer,User u2384 login successful,E101,User {user} login successful
26085,2026-01-11,19:52:37,INFO,WebServer,Page view: /home by u4486,E103,Page view: {page} by {user}
26086,2026-01-11,19:13:20,WARN,OrderProcessor,Disk usage > 85% on node node-2,E202,Disk usage > 85% on node {node}
26087,2026-01-11,19:11:19,INFO,OrderProcessor,Page view: /home by u1925,E103,Page view: {page} by {user}
26088,2026-01-11,19:16:22,INFO,AuthService,Transaction tx325190 completed in 1259ms,E104,Transaction {tx} completed in {time}ms
26089,2026-01-11,19:12:26,INFO,AuthService,Page view: /home by u3773,E103,Page view: {page} by {user}
26090,2026-01-11,19:47:22,INFO,WebServer,Health check passed: WebServer,E102,Health check passed: {service}
26091,2026-01-11,19:35:04,INFO,WebServer,Health check passed: WebServer,E102,Health check passed: {service}
26092,2026-01-11,19:18:24,INFO,WebServer,User u1737 login successful,E101,User {user} login successful
26093,2026-01-11,19:55:50,INFO,WebServer,Page view: /home by u4825,E103,Page view: {page} by {user}
26094,2026-01-11,19:33:41,INFO,PaymentGateway,Transaction tx199060 completed in 1131ms,E104,Transaction {tx} completed in {time}ms
26095,2026-01-11,19:39:44,INFO,PaymentGateway,Page view: /home by u3717,E103,Page view: {page} by {user}
26096,2026-01-11,19:34:34,INFO,AuthService,Health check passed: AuthService,E102,Health check passed: {service}
26097,2026-01-11,19:49:35,INFO,AuthService,User u3208 login successful,E101,User {user} login successful
26098,2026-01-11,19:34:15,INFO,WebServer,Transaction tx229327 completed in 460ms,E104,Transaction {tx} completed in {time}ms
26099,2026-01-11,19:11:29,INFO,AuthService,User u2956 login successful,E101,User {user} login successful
26100,2026-01-11,19:22:06,INFO,WebServer,User u4378 login successful,E101,User {user} login successful
26101,2026-01-11,19:11:52,INFO,OrderProcessor,User u4549 login successful,E101,User {user} login successful
26102,2026-01-11,19:19:50,INFO,OrderProcessor,User u2814 login successful,E101,User {user} login successful
26103,2026-01-11,19:57:04,INFO,AuthService,Page view: /home by u3561,E103,Page view: {page} by {user}
26104,2026-01-11,19:32:13,INFO,WebServer,User u4349 login successful,E101,User {user} login successful
26105,2026-01-11,19:37:28,INFO,WebServer,User u4445 login successful,E101,User {user} login successful
26106,2026-01-11,19:22:13,INFO,WebServer,User u1428 login successful,E101,User {user} login successful
26107,2026-01-11,19:32:19,INFO,WebServer,Page view: /home by u4071,E103,Page view: {page} by {user}
26108,2026-01-11,19:04:31,ERROR,AuthService,Payment declined: Gateway unavailable,E503,Payment declined: Gateway unavailable
26109,2026-01-11,19:40:00,INFO,WebServer,Transaction tx970163 completed in 1355ms,E104,Transaction {tx} completed in {time}ms
26110,2026-01-11,19:12:13,INFO,AuthService,Page view: /home by u4268,E103,Page view: {page} by {user}
26111,2026-01-11,19:46:16,INFO,AuthService,Page view: /home by u4972,E103,Page view: {page} by {user}
26112,2026-01-11,19:22:28,INFO,WebServer,Health check passed: WebServer,E102,Health check passed: {service}
26113,2026-01-11,19:12:08,WARN,WebServer,High latency (1989ms) detected on WebServer,E201,High latency ({time}ms) detected on {service}
26114,2026-01-11,19:52:35,INFO,OrderProcessor,Page view: /home by u3484,E103,Page view: {page} by {user}
26115,2026-01-11,19:37:59,ERROR,WebServer,Connection refused to WebServer at 10.0.0.45,E501,Connection refused to {service} at {ip}
26116,2026-01-11,19:58:27,INFO,OrderProcessor,Page view: /home by u4285,E103,Page view: {page} by {user}
26117,2026-01-11,19:20:31,INFO,PaymentGateway,Transaction tx256911 completed in 844ms,E104,Transaction {tx} completed in {time}ms
26118,2026-01-11,19:40:58,INFO,AuthService,Page view: /home by u4069,E103,Page view: {page} by {user}
26119,2026-01-11,19:23:19,INFO,WebServer,Transaction tx801298 completed in 190ms,E104,Transaction {tx} completed in {time}ms
26120,2026-01-11,19:47:43,WARN,OrderProcessor,Unauthorized access attempt from 10.0.0.45,E401,Unauthorized access attempt from {ip}
26121,2026-01-11,19:02:14,INFO,OrderProcessor,Page view: /home by u2549,E103,Page view: {page} by {user}
26122,2026-01-11,19:12:11,ERROR,PaymentGateway,Payment declined: Gateway unavailable,E503,Payment declined: Gateway unavailable
26123,2026-01-11,19:48:49,INFO,AuthService,Page view: /home by u1037,E103,Page view: {page} by {user}
26124,2026-01-11,19:02:02,INFO,WebServer,User u2384 login successful,E101,User {user} login successful
26125,2026-01-11,19:24:26,WARN,WebServer,Disk usage > 85% on node node-2,E202,Disk usage > 85% on node {node}
26126,2026-01-11,19:20:40,INFO,WebServer,Transaction tx461450 completed in 1239ms,E104,Transaction {tx} completed in {time}ms
26127,2026-01-11,19:32:10,INFO,WebServer,Transaction tx469729 completed in 1481ms,E104,Transaction {tx} completed in {time}ms
26128,2026-01-11,19:00:20,WARN,OrderProcessor,Unauthorized access attempt from 10.0.0.45,E401,Unauthorized access attempt from {ip}
26129,2026-01-11,19:09:30,INFO,WebServer,User u1907 login successful,E101,User {user} login successful
26130,2026-01-11,19:21:14,INFO,WebServer,Health check passed: WebServer,E102,Health check passed: {service}
26131,2026-01-11,19:33:15,INFO,WebServer,Health check passed: WebServer,E102,Health check passed: {service}
26132,2026-01-11,19:52:36,INFO,WebServer,Page view: /home by u2100,E103,Page view: {page} by {user}
26133,2026-01-11,19:15:18,INFO,AuthService,Page view: /home by u4507,E103,Page view: {page} by {user}
26134,2026-01-11,19:52:17,INFO,PaymentGateway,User u2141 login successful,E101,User {user} login successful
26135,2026-01-11,19:32:01,INFO,OrderProcessor,Transaction tx189518 completed in 1746ms,E104,Transaction {tx} completed in {time}ms
26136,2026-01-11,19:39:13,INFO,AuthService,Page view: /home by u1252,E103,Page view: {page} by {user}
26137,2026-01-11,19:26:13,INFO,PaymentGateway,Page view: /home by u1626,E103,Page view: {page} by {user}
26138,2026-01-11,19:46:59,INFO,WebServer,Health check passed: WebServer,E102,Health check passed: {service}
26139,2026-01-11,19:17:57,INFO,AuthService,Page view: /home by u2898,E103,Page view: {page} by {user}
26140,2026-01-11,19:14:13,WARN,WebServer,Unauthorized access attempt from 10.0.0.88,E401,Unauthorized access attempt from {ip}
26141,2026-01-11,19:13:47,INFO,AuthService,User u2477 login successful,E101,User {user} login successful
26142,2026-01-11,19:24:13,WARN,OrderProcessor,High latency (1822ms) detected on OrderProcessor,E201,High latency ({time}ms) detected on {service}
26143,2026-01-11,19:51:36,INFO,InventoryDB,User u4094 login successful,E101,User {user} login successful
26144,2026-01-11,19:49:48,INFO,OrderProcessor,Transaction tx726407 completed in 1314ms,E104,Transaction {tx} completed in {time}ms
26145,2026-01-11,19:40:36,INFO,AuthService,User u3500 login successful,E101,User {user} login successful
26146,2026-01-11,19:27:34,INFO,WebServer,Page view: /home by u1716,E103,Page view: {page} by {user}
26147,2026-01-11,19:45:07,INFO,WebServer,Health check passed: WebServer,E102,Health check passed: {service}
26148,2026-01-11,19:05:06,INFO,AuthService,User u2633 login successful,E101,User {user} login successful
26149,2026-01-11,19:09:09,INFO,AuthService,Health check passed: AuthService,E102,Health check passed: {service}
26150,2026-01-11,19:38:21,INFO,OrderProcessor,User u4585 login successful,E101,User {user} login successful
26151,2026-01-11,19:26:33,INFO,WebServer,Page view: /home by u4250,E103,Page view: {page} by {user}
26152,2026-01-11,19:31:18,INFO,AuthService,User u4446 login successful,E101,User {user} login successful
26153,2026-01-11,19:22:15,INFO,AuthService,Transaction tx313517 completed in 340ms,E104,Transaction {tx} completed in {time}ms
26154,2026-01-11,19:00:55,INFO,WebServer,Transaction tx138312 completed in 1260ms,E104,Transaction {tx} completed in {time}ms
26155,2026-01-11,19:00:43,INFO,InventoryDB,User u4777 login successful,E101,User {user} login successful
26156,2026-01-11,19:15:18,INFO,OrderProcessor,Transaction tx546914 completed in 1502ms,E104,Transaction {tx} completed in {time}ms
26157,2026-01-11,19:54:04,INFO,OrderProcessor,Health check passed: OrderProcessor,E102,Health check passed: {service}
26158,2026-01-11,19:59:24,INFO,WebServer,Page view: /home by u1740,E103,Page view: {page} by {user}
26159,2026-01-11,19:25:58,INFO,WebServer,Page view: /home by u3987,E103,Page view: {page} by {user}
26160,2026-01-11,19:57:47,INFO,WebServer,Health check passed: WebServer,E102,Health check passed: {service}
26161,2026-01-11,19:38:13,INFO,AuthService,Health check passed: AuthService,E102,Health check passed: {service}
26162,2026-01-11,19:23:15,INFO,WebServer,User u1573 login successful,E101,User {user} login successful
26163,2026-01-11,19:15:23,WARN,WebServer,High latency (1854ms) detected on WebServer,E201,High latency ({time}ms) detected on {service}
26164,2026-01-11,19:11:55,INFO,WebServer,Page view: /home by u3151,E103,Page view: {page} by {user}
26165,2026-01-11,19:19:26,INFO,AuthService,Health check passed: AuthService,E102,Health check passed: {service}
26166,2026-01-11,19:30:21,INFO,InventoryDB,Page view: /home by u2569,E103,Page view: {page} by {user}
26167,2026-01-11,19:15:33,INFO,WebServer,Page view: /home by u4910,E103,Page view: {page} by {user}
26168,2026-01-11,19:45:22,INFO,WebServer,User u1906 login successful,E101,User {user} login successful
26169,2026-01-11,19:51:06,INFO,WebServer,Page view: /home by u1963,E103,Page view: {page} by {user}
26170,2026-01-11,19:15:00,INFO,WebServer,Health check passed: WebServer,E102,Health check passed: {service}
26171,2026-01-11,19:28:48,INFO,WebServer,Page view: /home by u2567,E103,Page view: {page} by {user}
26172,2026-01-11,19:06:59,INFO,OrderProcessor,Health check passed: OrderProcessor,E102,Health check passed: {service}
26173,2026-01-11,19:14:45,INFO,WebServer,User u2908 login successful,E101,User {user} login successful
26174,2026-01-11,19:48:16,INFO,AuthService,User u3698 login successful,E101,User {user} login successful
26175,2026-01-11,20:10:52,INFO,WebServer,User u3413 login successful,E101,User {user} login successful
26176,2026-01-11,20:33:59,INFO,OrderProcessor,Transaction tx501720 completed in 813ms,E104,Transaction {tx} completed in {time}ms
26177,2026-01-11,20:05:55,INFO,WebServer,Health check passed: WebServer,E102,Health check passed: {service}
26178,2026-01-11,20:24:09,INFO,PaymentGateway,Health check passed: PaymentGateway,E102,Health check passed: {service}
26179,2026-01-11,20:43:01,INFO,AuthService,User u4648 login successful,E101,User {user} login successful
26180,2026-01-11,20:43:24,INFO,WebServer,User u1653 login successful,E101,User {user} login successful
26181,2026-01-11,20:35:22,INFO,WebServer,Page view: /home by u1893,E103,Page view: {page} by {user}
26182,2026-01-11,20:11:30,INFO,WebServer,Health check passed: WebServer,E102,Health check passed: {service}
26183,2026-01-11,20:49:17,INFO,WebServer,Health check passed: WebServer,E102,Health check passed: {service}
26184,2026-01-11,20:23:31,INFO,WebServer,Transaction tx357084 completed in 20ms,E104,Transaction {tx} completed in {time}ms
26185,2026-01-11,20:54:10,INFO,OrderProcessor,Transaction tx532824 completed in 1027ms,E104,Transaction {tx} completed in {time}ms
26186,2026-01-11,20:04:28,INFO,WebServer,User u3748 login successful,E101,User {user} login successful
26187,2026-01-11,20:33:39,INFO,OrderProcessor,Page view: /home by u2023,E103,Page view: {page} by {user}
26188,2026-01-11,20:14:46,INFO,WebServer,Page view: /home by u4325,E103,Page view: {page} by {user}
26189,2026-01-11,20:23:02,INFO,WebServer,Page view: /home by u4014,E103,Page view: {page} by {user}
26190,2026-01-11,20:39:52,INFO,OrderProcessor,Transaction tx732512 completed in 586ms,E104,Transaction {tx} completed in {time}ms
26191,2026-01-11,20:15:53,INFO,WebServer,User u3266 login successful,E101,User {user} login successful
26192,2026-01-11,20:55:09,INFO,InventoryDB,Transaction tx827757 completed in 1381ms,E104,Transaction {tx} completed in {time}ms
26193,2026-01-11,20:54:57,INFO,WebServer,Health check passed: WebServer,E102,Health check passed: {service}
26194,2026-01-11,20:15:50,INFO,AuthService,Transaction tx665385 completed in 1081ms,E104,Transaction {tx} completed in {time}ms
26195,2026-01-11,20:14:32,INFO,AuthService,Page view: /home by u2336,E103,Page view: {page} by {user}
26196,2026-01-11,20:14:14,INFO,WebServer,Transaction tx704265 completed in 1296ms,E104,Transaction {tx} completed in {time}ms
26197,2026-01-11,20:34:18,INFO,WebServer,User u2098 login successful,E101,User {user} login successful
26198,2026-01-11,20:43:45,INFO,WebServer,User u1055 login successful,E101,User {user} login successful
26199,2026-01-11,20:52:28,INFO,WebServer,Page view: /home by u4765,E103,Page view: {page} by {user}
26200,2026-01-11,20:13:14,INFO,OrderProcessor,Health check passed: OrderProcessor,E102,Health check passed: {service}
26201,2026-01-11,20:37:04,INFO,WebServer,Page view: /home by u3543,E103,Page view: {page} by {user}
26202,2026-01-11,20:40:48,INFO,InventoryDB,Transaction tx489486 completed in 1747ms,E104,Transaction {tx} completed in {time}ms
26203,2026-01-11,20:04:44,INFO,WebServer,Page view: /home by u4343,E103,Page view: {page} by {user}
26204,2026-01-11,20:38:46,INFO,AuthService,Transaction tx776209 completed in 164ms,E104,Transaction {tx} completed in {time}ms
26205,2026-01-11,20:01:15,INFO,OrderProcessor,Health check passed: OrderProcessor,E102,Health check passed: {service}
26206,2026-01-11,20:49:09,INFO,WebServer,User u3578 login successful,E101,User {user} login successful
26207,2026-01-11,20:58:09,INFO,PaymentGateway,Transaction tx198929 completed in 365ms,E104,Transaction {tx} completed in {time}ms
26208,2026-01-11,20:21:47,INFO,WebServer,User u3673 login successful,E101,User {user} login successful
26209,2026-01-11,20:20:33,INFO,AuthService,Page view: /home by u3321,E103,Page view: {page} by {user}
26210,2026-01-11,20:18:59,INFO,WebServer,Transaction tx426745 completed in 1327ms,E104,Transaction {tx} completed in {time}ms
26211,2026-01-11,20:36:57,INFO,WebServer,Health check passed: WebServer,E102,Health check passed: {service}
26212,2026-01-11,20:52:29,INFO,AuthService,Page view: /home by u3038,E103,Page view: {page} by {user}
26213,2026-01-11,20:15:43,INFO,WebServer,Health check passed: WebServer,E102,Health check passed: {service}
26214,2026-01-11,20:54:21,INFO,WebServer,Health check passed: WebServer,E102,Health check passed: {service}
26215,2026-01-11,20:22:16,INFO,WebServer,Health check passed: WebServer,E102,Health check passed: {service}
26216,2026-01-11,20:57:22,INFO,WebServer,Page view: /home by u3017,E103,Page view: {page} by {user}
26217,2026-01-11,20:59:22,INFO,PaymentGateway,Page view: /home by u2456,E103,Page view: {page} by {user}
26218,2026-01-11,20:04:09,INFO,WebServer,Health check passed: WebServer,E102,Health check passed: {service}
26219,2026-01-11,20:39:49,INFO,PaymentGateway,Health check passed: PaymentGateway,E102,Health check passed: {service}
26220,2026-01-11,20:48:05,INFO,WebServer,User u2465 login successful,E101,User {user} login successful
26221,2026-01-11,20:48:35,INFO,AuthService,Page view: /home by u3815,E103,Page view: {page} by {user}
26222,2026-01-11,20:11:22,INFO,OrderProcessor,User u3466 login successful,E101,User {user} login successful
26223,2026-01-11,20:41:12,INFO,PaymentGateway,Page view: /home by u1477,E103,Page view: {page} by {user}
26224,2026-01-11,20:37:29,INFO,AuthService,Health check passed: AuthService,E102,Health check passed: {service}
26225,2026-01-11,20:52:55,INFO,OrderProcessor,User u1832 login successful,E101,User {user} login successful
26226,2026-01-11,20:05:58,INFO,PaymentGateway,Page view: /home by u1115,E103,Page view: {page} by {user}
26227,2026-01-11,20:33:33,INFO,WebServer,Transaction tx982746 completed in 1788ms,E104,Transaction {tx} completed in {time}ms
26228,2026-01-11,20:33:11,INFO,AuthService,Health check passed: AuthService,E102,Health check passed: {service}
26229,2026-01-11,20:14:17,WARN,PaymentGateway,High latency (274ms) detected on PaymentGateway,E201,High latency ({time}ms) detected on {service}
26230,2026-01-11,20:28:11,INFO,InventoryDB,Page view: /home by u4235,E103,Page view: {page} by {user}
26231,2026-01-11,20:26:28,INFO,OrderProcessor,Page view: /home by u2906,E103,Page view: {page} by {user}
26232,2026-01-11,20:16:37,INFO,AuthService,Transaction tx492214 completed in 657ms,E104,Transaction {tx} completed in {time}ms
26233,2026-01-11,20:45:27,INFO,WebServer,Transaction tx553070 completed in 536ms,E104,Transaction {tx} completed in {time}ms
26234,2026-01-11,20:28:21,INFO,WebServer,Transaction tx900437 completed in 492ms,E104,Transaction {tx} completed in {time}ms
26235,2026-01-11,20:08:05,INFO,WebServer,Health check passed: WebServer,E102,Health check passed: {service}
26236,2026-01-11,20:41:09,INFO,WebServer,Page view: /home by u1135,E103,Page view: {page} by {user}
26237,2026-01-11,20:19:29,INFO,PaymentGateway,Page view: /home by u1096,E103,Page view: {page} by {user}
26238,2026-01-11,20:21:25,INFO,OrderProcessor,Transaction tx688874 completed in 1648ms,E104,Transaction {tx} completed in {time}ms
26239,2026-01-11,20:27:28,INFO,WebServer,Health check passed: WebServer,E102,Health check passed: {service}
26240,2026-01-11,20:52:09,INFO,AuthService,Health check passed: AuthService,E102,Health check passed: {service}
26241,2026-01-11,20:54:03,INFO,WebServer,User u1488 login successful,E101,User {user} login successful
26242,2026-01-11,20:11:14,INFO,AuthService,Page view: /home by u3460,E103,Page view: {page} by {user}
26243,2026-01-11,20:49:23,INFO,PaymentGateway,Health check passed: PaymentGateway,E102,Health check passed: {service}
26244,2026-01-11,20:34:24,INFO,PaymentGateway,User u4026 login successful,E101,User {user} login successful
26245,2026-01-11,20:15:34,INFO,WebServer,Page view: /home by u3101,E103,Page view: {page} by {user}
26246,2026-01-11,20:53:52,INFO,AuthService,Health check passed: AuthService,E102,Health check passed: {service}
26247,2026-01-11,20:43:49,INFO,WebServer,Page view: /home by u3202,E103,Page view: {page} by {user}
26248,2026-01-11,20:18:54,WARN,InventoryDB,High latency (1470ms) detected on InventoryDB,E201,High latency ({time}ms) detected on {service}
26249,2026-01-11,20:50:34,INFO,WebServer,Transaction tx166429 completed in 323ms,E104,Transaction {tx} completed in {time}ms
26250,2026-01-11,20:51:13,INFO,AuthService,Page view: /home by u4311,E103,Page view: {page} by {user}
26251,2026-01-11,20:20:01,INFO,AuthService,Health check passed: AuthService,E102,Health check passed: {service}
26252,2026-01-11,20:01:08,INFO,PaymentGateway,Page view: /home by u3926,E103,Page view: {page} by {user}
26253,2026-01-11,20:34:59,INFO,WebServer,Page view: /home by u1628,E103,Page view: {page} by {user}
26254,2026-01-11,20:30:43,INFO,WebServer,User u4142 login successful,E101,User {user} login successful
26255,2026-01-11,20:24:07,INFO,PaymentGateway,Transaction tx708718 completed in 1198ms,E104,Transaction {tx} completed in {time}ms
26256,2026-01-11,20:44:06,INFO,WebServer,Transaction tx107813 completed in 1986ms,E104,Transaction {tx} completed in {time}ms
26257,2026-01-11,20:21:37,INFO,WebServer,Health check passed: WebServer,E102,Health check passed: {service}
26258,2026-01-11,20:52:56,INFO,WebServer,Health check passed: WebServer,E102,Health check passed: {service}
26259,2026-01-11,20:33:31,WARN,OrderProcessor,High latency (883ms) detected on OrderProcessor,E201,High latency ({time}ms) detected on {service}
26260,2026-01-11,20:25:17,INFO,WebServer,Transaction tx762125 completed in 462ms,E104,Transaction {tx} completed in {time}ms
26261,2026-01-11,20:55:33,INFO,WebServer,Page view: /home by u4918,E103,Page view: {page} by {user}
26262,2026-01-11,20:56:21,INFO,OrderProcessor,Page view: /home by u1226,E103,Page view: {page} by {user}
26263,2026-01-11,20:44:21,INFO,PaymentGateway,User u4069 login successful,E101,User {user} login successful
26264,2026-01-11,20:48:44,INFO,WebServer,Health check passed: WebServer,E102,Health check passed: {service}
26265,2026-01-11,20:16:27,INFO,AuthService,Health check passed: AuthService,E102,Health check passed: {service}
26266,2026-01-11,20:46:57,INFO,WebServer,Health check passed: WebServer,E102,Health check passed: {service}
26267,2026-01-11,20:53:24,INFO,AuthService,Page view: /home by u2802,E103,Page view: {page} by {user}
26268,2026-01-11,20:12:22,INFO,WebServer,Health check passed: WebServer,E102,Health check passed: {service}
26269,2026-01-11,20:28:17,INFO,WebServer,Transaction tx709004 completed in 1136ms,E104,Transaction {tx} completed in {time}ms
26270,2026-01-11,20:23:29,INFO,WebServer,Health check passed: WebServer,E102,Health check passed: {service}
26271,2026-01-11,20:17:03,INFO,AuthService,Transaction tx249474 completed in 1290ms,E104,Transaction {tx} completed in {time}ms
26272,2026-01-11,20:12:59,INFO,WebServer,User u1858 login successful,E101,User {user} login successful
26273,2026-01-11,20:31:44,INFO,AuthService,Page view: /home by u2205,E103,Page view: {page} by {user}
26274,2026-01-11,20:44:57,INFO,AuthService,User u1805 login successful,E101,User {user} login successful
26275,2026-01-11,20:51:44,INFO,WebServer,Page view: /home by u2599,E103,Page view: {page} by {user}
26276,2026-01-11,20:05:01,INFO,InventoryDB,Page view: /home by u3137,E103,Page view: {page} by {user}
26277,2026-01-11,20:12:27,INFO,WebServer,User u1536 login successful,E101,User {user} login successful
26278,2026-01-11,20:17:38,INFO,PaymentGateway,User u4135 login successful,E101,User {user} login successful
26279,2026-01-11,20:04:42,INFO,WebServer,Page view: /home by u3915,E103,Page view: {page} by {user}
26280,2026-01-11,20:32:03,INFO,AuthService,Page view: /home by u4479,E103,Page view: {page} by {user}
26281,2026-01-11,20:03:57,INFO,WebServer,Page view: /home by u3998,E103,Page view: {page} by {user}
26282,2026-01-11,20:33:47,INFO,WebServer,Health check passed: WebServer,E102,Health check passed: {service}
26283,2026-01-11,20:36:53,INFO,WebServer,Health check passed: WebServer,E102,Health check passed: {service}
26284,2026-01-11,20:25:43,INFO,PaymentGateway,Page view: /home by u4360,E103,Page view: {page} by {user}
26285,2026-01-11,20:11:58,INFO,WebServer,User u4358 login successful,E101,User {user} login successful
26286,2026-01-11,20:16:31,INFO,PaymentGateway,Health check passed: PaymentGateway,E102,Health check passed: {service}
26287,2026-01-11,20:45:04,INFO,InventoryDB,User u1969 login successful,E101,User {user} login successful
26288,2026-01-11,20:02:04,INFO,WebServer,Health check passed: WebServer,E102,Health check passed: {service}
26289,2026-01-11,20:47:00,INFO,WebServer,Health check passed: WebServer,E102,Health check passed: {service}
26290,2026-01-11,20:26:54,INFO,PaymentGateway,Health check passed: PaymentGateway,E102,Health check passed: {service}
26291,2026-01-11,20:11:20,INFO,WebServer,User u1943 login successful,E101,User {user} login successful
26292,2026-01-11,20:48:32,INFO,AuthService,Health check passed: AuthService,E102,Health check passed: {service}
26293,2026-01-11,20:30:04,INFO,WebServer,Transaction tx557563 completed in 115ms,E104,Transaction {tx} completed in {time}ms
26294,2026-01-11,20:39:13,INFO,WebServer,Page view: /home by u3651,E103,Page view: {page} by {user}
26295,2026-01-11,20:00:56,INFO,WebServer,User u3992 login successful,E101,User {user} login successful
26296,2026-01-11,20:18:44,INFO,InventoryDB,Page view: /home by u1471,E103,Page view: {page} by {user}
26297,2026-01-11,20:38:30,INFO,PaymentGateway,Page view: /home by u2458,E103,Page view: {page} by {user}
26298,2026-01-11,20:35:14,INFO,WebServer,Health check passed: WebServer,E102,Health check passed: {service}
26299,2026-01-11,20:12:11,WARN,WebServer,High latency (1403ms) detected on WebServer,E201,High latency ({time}ms) detected on {service}
26300,2026-01-11,20:32:50,INFO,WebServer,Transaction tx609692 completed in 1750ms,E104,Transaction {tx} completed in {time}ms
26301,2026-01-11,20:48:07,INFO,WebServer,Transaction tx918019 completed in 1791ms,E104,Transaction {tx} completed in {time}ms
26302,2026-01-11,20:01:08,INFO,WebServer,Health check passed: WebServer,E102,Health check passed: {service}
26303,2026-01-11,20:36:17,INFO,AuthService,Health check passed: AuthService,E102,Health check passed: {service}
26304,2026-01-11,20:07:50,INFO,WebServer,Page view: /home by u4291,E103,Page view: {page} by {user}
26305,2026-01-11,20:23:34,INFO,AuthService,Transaction tx375821 completed in 699ms,E104,Transaction {tx} completed in {time}ms
26306,2026-01-11,20:26:51,INFO,InventoryDB,Page view: /home by u3925,E103,Page view: {page} by {user}
26307,2026-01-11,20:49:39,INFO,PaymentGateway,User u1263 login successful,E101,User {user} login successful
26308,2026-01-11,20:39:18,INFO,WebServer,Page view: /home by u3379,E103,Page view: {page} by {user}
26309,2026-01-11,20:25:01,INFO,OrderProcessor,Health check passed: OrderProcessor,E102,Health check passed: {service}
26310,2026-01-11,20:46:03,INFO,AuthService,Health check passed: AuthService,E102,Health check passed: {service}
26311,2026-01-11,20:27:48,INFO,AuthService,Health check passed: AuthService,E102,Health check passed: {service}
26312,2026-01-11,20:43:22,INFO,WebServer,Page view: /home by u3372,E103,Page view: {page} by {user}
26313,2026-01-11,20:41:22,INFO,WebServer,User u2305 login successful,E101,User {user} login successful
26314,2026-01-11,20:31:44,INFO,WebServer,User u3160 login successful,E101,User {user} login successful
26315,2026-01-11,20:13:07,INFO,InventoryDB,User u2092 login successful,E101,User {user} login successful
26316,2026-01-11,20:03:45,INFO,WebServer,Page view: /home by u2684,E103,Page view: {page} by {user}
26317,2026-01-11,20:04:31,INFO,AuthService,Health check passed: AuthService,E102,Health check passed: {service}
26318,2026-01-11,20:55:20,INFO,AuthService,Transaction tx400258 completed in 175ms,E104,Transaction {tx} completed in {time}ms
26319,2026-01-11,20:53:29,INFO,AuthService,Health check passed: AuthService,E102,Health check passed: {service}
26320,2026-01-11,20:22:23,INFO,OrderProcessor,Health check passed: OrderProcessor,E102,Health check passed: {service}
26321,2026-01-11,20:25:19,INFO,WebServer,Page view: /home by u3443,E103,Page view: {page} by {user}
26322,2026-01-11,20:35:06,INFO,AuthService,Health check passed: AuthService,E102,Health check passed: {service}
26323,2026-01-11,20:11:00,INFO,OrderProcessor,Page view: /home by u4472,E103,Page view: {page} by {user}
26324,2026-01-11,20:44:43,INFO,AuthService,Health check passed: AuthService,E102,Health check passed: {service}
26325,2026-01-11,20:27:36,INFO,AuthService,Health check passed: AuthService,E102,Health check passed: {service}
26326,2026-01-11,20:35:57,WARN,AuthService,Unauthorized access attempt from 10.0.0.45,E401,Unauthorized access attempt from {ip}
26327,2026-01-11,20:45:46,INFO,AuthService,User u1501 login successful,E101,User {user} login successful
26328,2026-01-11,20:54:11,INFO,WebServer,Page view: /home by u1794,E103,Page view: {page} by {user}
26329,2026-01-11,20:47:47,INFO,WebServer,Transaction tx501440 completed in 693ms,E104,Transaction {tx} completed in {time}ms
26330,2026-01-11,20:48:33,INFO,WebServer,Page view: /home by u1081,E103,Page view: {page} by {user}
26331,2026-01-11,20:53:13,INFO,PaymentGateway,Page view: /home by u4051,E103,Page view: {page} by {user}
26332,2026-01-11,20:42:37,WARN,AuthService,High latency (1566ms) detected on AuthService,E201,High latency ({time}ms) detected on {service}
26333,2026-01-11,20:03:26,INFO,WebServer,User u4795 login successful,E101,User {user} login successful
26334,2026-01-11,20:37:13,INFO,WebServer,Health check passed: WebServer,E102,Health check passed: {service}
26335,2026-01-11,20:04:54,INFO,InventoryDB,User u4827 login successful,E101,User {user} login successful
26336,2026-01-11,20:08:33,WARN,OrderProcessor,High latency (124ms) detected on OrderProcessor,E201,High latency ({time}ms) detected on {service}
26337,2026-01-11,20:36:16,WARN,OrderProcessor,High latency (1831ms) detected on OrderProcessor,E201,High latency ({time}ms) detected on {service}
26338,2026-01-11,20:39:55,INFO,WebServer,User u1979 login successful,E101,User {user} login successful
26339,2026-01-11,20:32:55,INFO,WebServer,User u2588 login successful,E101,User {user} login successful
26340,2026-01-11,20:14:14,INFO,AuthService,Health check passed: AuthService,E102,Health check passed: {service}
26341,2026-01-11,20:54:32,INFO,AuthService,Health check passed: AuthService,E102,Health check passed: {service}
26342,2026-01-11,20:45:42,CRITICAL,WebServer,DATA CORRUPTION detected in sector 493,E602,DATA CORRUPTION detected in sector {sector}
26343,2026-01-11,20:58:42,INFO,WebServer,Transaction tx437894 completed in 864ms,E104,Transaction {tx} completed in {time}ms
26344,2026-01-11,20:04:46,INFO,WebServer,Health check passed: WebServer,E102,Health check passed: {service}
26345,2026-01-11,20:23:51,INFO,OrderProcessor,Transaction tx304141 completed in 1896ms,E104,Transaction {tx} completed in {time}ms
26346,2026-01-11,20:00:42,INFO,WebServer,User u1428 login successful,E101,User {user} login successful
26347,2026-01-11,20:24:54,INFO,WebServer,User u3365 login successful,E101,User {user} login successful
26348,2026-01-11,20:10:04,INFO,WebServer,Health check passed: WebServer,E102,Health check passed: {service}
26349,2026-01-11,20:03:49,INFO,OrderProcessor,Health check passed: OrderProcessor,E102,Health check passed: {service}
26350,2026-01-11,20:24:18,INFO,OrderProcessor,User u4228 login successful,E101,User {user} login successful
26351,2026-01-11,20:58:21,INFO,OrderProcessor,Transaction tx279052 completed in 395ms,E104,Transaction {tx} completed in {time}ms
26352,2026-01-11,20:50:09,INFO,WebServer,Health check passed: WebServer,E102,Health check passed: {service}
26353,2026-01-11,20:22:07,INFO,WebServer,Transaction tx398373 completed in 1953ms,E104,Transaction {tx} completed in {time}ms
26354,2026-01-11,20:36:06,INFO,WebServer,User u4167 login successful,E101,User {user} login successful
26355,2026-01-11,20:29:18,INFO,WebServer,Transaction tx509813 completed in 1683ms,E104,Transaction {tx} completed in {time}ms
26356,2026-01-11,20:59:38,INFO,WebServer,Transaction tx580364 completed in 1642ms,E104,Transaction {tx} completed in {time}ms
26357,2026-01-11,20:47:24,INFO,WebServer,Page view: /home by u3325,E103,Page view: {page} by {user}
26358,2026-01-11,20:32:48,INFO,OrderProcessor,Health check passed: OrderProcessor,E102,Health check passed: {service}
26359,2026-01-11,20:22:36,INFO,WebServer,Transaction tx794288 completed in 240ms,E104,Transaction {tx} completed in {time}ms
26360,2026-01-11,20:26:32,INFO,WebServer,Page view: /home by u1119,E103,Page view: {page} by {user}
26361,2026-01-11,20:38:20,INFO,WebServer,Page view: /home by u1040,E103,Page view: {page} by {user}
26362,2026-01-11,20:16:23,INFO,WebServer,Transaction tx969137 completed in 208ms,E104,Transaction {tx} completed in {time}ms
26363,2026-01-11,20:00:56,INFO,WebServer,Health check passed: WebServer,E102,Health check passed: {service}
26364,2026-01-11,20:19:35,INFO,InventoryDB,User u2299 login successful,E101,User {user} login successful
26365,2026-01-11,20:39:53,INFO,OrderProcessor,Page view: /home by u4082,E103,Page view: {page} by {user}
26366,2026-01-11,20:37:05,INFO,PaymentGateway,Health check passed: PaymentGateway,E102,Health check passed: {service}
26367,2026-01-11,20:29:06,INFO,OrderProcessor,User u1518 login successful,E101,User {user} login successful
26368,2026-01-11,20:33:42,INFO,WebServer,Page view: /home by u3961,E103,Page view: {page} by {user}
26369,2026-01-11,20:58:07,INFO,WebServer,Health check passed: WebServer,E102,Health check passed: {service}
26370,2026-01-11,20:44:38,INFO,WebServer,User u3731 login successful,E101,User {user} login successful
26371,2026-01-11,20:16:38,WARN,AuthService,Unauthorized access attempt from 10.0.0.12,E401,Unauthorized access attempt from {ip}
26372,2026-01-11,20:53:04,INFO,WebServer,User u4969 login successful,E101,User {user} login successful
26373,2026-01-11,20:36:24,INFO,OrderProcessor,Transaction tx584990 completed in 1042ms,E104,Transaction {tx} completed in {time}ms
26374,2026-01-11,20:05:17,INFO,PaymentGateway,User u3122 login successful,E101,User {user} login successful
26375,2026-01-11,20:13:30,INFO,WebServer,Page view: /home by u4089,E103,Page view: {page} by {user}
26376,2026-01-11,20:14:00,INFO,AuthService,User u4296 login successful,E101,User {user} login successful
26377,2026-01-11,20:14:22,INFO,WebServer,User u3344 login successful,E101,User {user} login successful
26378,2026-01-11,20:55:28,INFO,OrderProcessor,Page view: /home by u4875,E103,Page view: {page} by {user}
26379,2026-01-11,20:41:01,INFO,AuthService,Page view: /home by u1131,E103,Page view: {page} by {user}
26380,2026-01-11,20:20:57,INFO,InventoryDB,Page view: /home by u3321,E103,Page view: {page} by {user}
26381,2026-01-11,20:54:30,INFO,WebServer,User u1006 login successful,E101,User {user} login successful
26382,2026-01-11,20:43:19,INFO,InventoryDB,Health check passed: InventoryDB,E102,Health check passed: {service}
26383,2026-01-11,20:13:22,INFO,WebServer,Transaction tx868098 completed in 50ms,E104,Transaction {tx} completed in {time}ms
26384,2026-01-11,20:17:44,INFO,AuthService,Transaction tx836731 completed in 1238ms,E104,Transaction {tx} completed in {time}ms
26385,2026-01-11,20:18:35,INFO,WebServer,Transaction tx552867 completed in 989ms,E104,Transaction {tx} completed in {time}ms
26386,2026-01-11,20:50:13,INFO,WebServer,Health check passed: WebServer,E102,Health check passed: {service}
26387,2026-01-11,20:29:31,INFO,OrderProcessor,Health check passed: OrderProcessor,E102,Health check passed: {service}
26388,2026-01-11,20:17:36,INFO,WebServer,Health check passed: WebServer,E102,Health check passed: {service}
26389,2026-01-11,20:35:57,INFO,OrderProcessor,Transaction tx518026 completed in 601ms,E104,Transaction {tx} completed in {time}ms
26390,2026-01-11,20:34:19,INFO,AuthService,Health check passed: AuthService,E102,Health check passed: {service}
26391,2026-01-11,20:31:18,INFO,WebServer,Page view: /home by u4840,E103,Page view: {page} by {user}
26392,2026-01-11,20:49:25,INFO,WebServer,User u1359 login successful,E101,User {user} login successful
26393,2026-01-11,20:46:01,INFO,WebServer,Page view: /home by u1519,E103,Page view: {page} by {user}
26394,2026-01-11,20:50:13,INFO,InventoryDB,Health check passed: InventoryDB,E102,Health check passed: {service}
26395,2026-01-11,20:48:59,INFO,WebServer,User u4826 login successful,E101,User {user} login successful
26396,2026-01-11,20:02:35,INFO,AuthService,Health check passed: AuthService,E102,Health check passed: {service}
26397,2026-01-11,20:13:00,INFO,InventoryDB,Health check passed: InventoryDB,E102,Health check passed: {service}
26398,2026-01-11,20:46:01,INFO,WebServer,Health check passed: WebServer,E102,Health check passed: {service}
26399,2026-01-11,20:28:15,INFO,AuthService,Health check passed: AuthService,E102,Health check passed: {service}
26400,2026-01-11,20:42:31,INFO,WebServer,Transaction tx893571 completed in 1560ms,E104,Transaction {tx} completed in {time}ms
26401,2026-01-11,20:59:59,INFO,PaymentGateway,Health check passed: PaymentGateway,E102,Health check passed: {service}
26402,2026-01-11,20:55:48,INFO,WebServer,User u2787 login successful,E101,User {user} login successful
26403,2026-01-11,20:35:10,INFO,PaymentGateway,Transaction tx699798 completed in 395ms,E104,Transaction {tx} completed in {time}ms
26404,2026-01-11,20:40:52,INFO,WebServer,Page view: /home by u1540,E103,Page view: {page} by {user}
26405,2026-01-11,20:35:29,INFO,OrderProcessor,Transaction tx777372 completed in 1034ms,E104,Transaction {tx} completed in {time}ms
26406,2026-01-11,20:33:33,INFO,InventoryDB,Page view: /home by u4264,E103,Page view: {page} by {user}
26407,2026-01-11,20:49:37,INFO,AuthService,Page view: /home by u3729,E103,Page view: {page} by {user}
26408,2026-01-11,20:37:08,INFO,PaymentGateway,Page view: /home by u3793,E103,Page view: {page} by {user}
26409,2026-01-11,20:47:55,INFO,WebServer,Transaction tx506678 completed in 617ms,E104,Transaction {tx} completed in {time}ms
26410,2026-01-11,20:38:40,INFO,OrderProcessor,Page view: /home by u2906,E103,Page view: {page} by {user}
26411,2026-01-11,20:47:17,INFO,AuthService,Health check passed: AuthService,E102,Health check passed: {service}
26412,2026-01-11,20:52:43,INFO,PaymentGateway,User u3874 login successful,E101,User {user} login successful
26413,2026-01-11,20:09:19,INFO,WebServer,Health check passed: WebServer,E102,Health check passed: {service}
26414,2026-01-11,20:12:35,INFO,WebServer,Transaction tx198023 completed in 1652ms,E104,Transaction {tx} completed in {time}ms
26415,2026-01-11,20:41:42,INFO,WebServer,Page view: /home by u4963,E103,Page view: {page} by {user}
26416,2026-01-11,20:22:24,INFO,OrderProcessor,Health check passed: OrderProcessor,E102,Health check passed: {service}
26417,2026-01-11,20:52:20,INFO,WebServer,Transaction tx199057 completed in 1893ms,E104,Transaction {tx} completed in {time}ms
26418,2026-01-11,20:22:07,INFO,OrderProcessor,Page view: /home by u3249,E103,Page view: {page} by {user}
26419,2026-01-11,20:01:15,WARN,AuthService,High latency (299ms) detected on AuthService,E201,High latency ({time}ms) detected on {service}
26420,2026-01-11,20:41:03,INFO,AuthService,Health check passed: AuthService,E102,Health check passed: {service}
26421,2026-01-11,20:28:10,INFO,AuthService,Page view: /home by u4483,E103,Page view: {page} by {user}
26422,2026-01-11,20:53:56,INFO,WebServer,Page view: /home by u4553,E103,Page view: {page} by {user}
26423,2026-01-11,20:18:36,INFO,WebServer,Transaction tx840756 completed in 1120ms,E104,Transaction {tx} completed in {time}ms
26424,2026-01-11,20:43:32,INFO,WebServer,User u4651 login successful,E101,User {user} login successful
26425,2026-01-11,20:32:20,INFO,AuthService,User u4683 login successful,E101,User {user} login successful
26426,2026-01-11,20:12:50,INFO,OrderProcessor,Health check passed: OrderProcessor,E102,Health check passed: {service}
26427,2026-01-11,20:03:06,INFO,AuthService,Health check passed: AuthService,E102,Health check passed: {service}
26428,2026-01-11,20:38:25,INFO,AuthService,Health check passed: AuthService,E102,Health check passed: {service}
26429,2026-01-11,20:30:16,INFO,AuthService,Transaction tx748907 completed in 755ms,E104,Transaction {tx} completed in {time}ms
26430,2026-01-11,20:58:27,INFO,WebServer,Page view: /home by u3334,E103,Page view: {page} by {user}
26431,2026-01-11,20:57:55,INFO,WebServer,Transaction tx759706 completed in 1815ms,E104,Transaction {tx} completed in {time}ms
26432,2026-01-11,20:00:35,INFO,InventoryDB,Page view: /home by u1902,E103,Page view: {page} by {user}
26433,2026-01-11,20:45:11,INFO,WebServer,Page view: /home by u3196,E103,Page view: {page} by {user}
26434,2026-01-11,20:48:56,INFO,OrderProcessor,User u1877 login successful,E101,User {user} login successful
26435,2026-01-11,20:17:40,INFO,WebServer,User u1010 login successful,E101,User {user} login successful
26436,2026-01-11,20:02:24,INFO,WebServer,Health check passed: WebServer,E102,Health check passed: {service}
26437,2026-01-11,20:22:08,INFO,OrderProcessor,Health check passed: OrderProcessor,E102,Health check passed: {service}
26438,2026-01-11,20:19:44,INFO,OrderProcessor,Health check passed: OrderProcessor,E102,Health check passed: {service}
26439,2026-01-11,20:07:36,INFO,AuthService,User u1266 login successful,E101,User {user} login successful
26440,2026-01-11,20:23:17,INFO,AuthService,Health check passed: AuthService,E102,Health check passed: {service}
26441,2026-01-11,20:21:20,INFO,OrderProcessor,Health check passed: OrderProcessor,E102,Health check passed: {service}
26442,2026-01-11,20:03:24,INFO,AuthService,Health check passed: AuthService,E102,Health check passed: {service}
26443,2026-01-11,20:28:25,INFO,OrderProcessor,Health check passed: OrderProcessor,E102,Health check passed: {service}
26444,2026-01-11,20:51:52,INFO,AuthService,Health check passed: AuthService,E102,Health check passed: {service}
26445,2026-01-11,20:44:12,INFO,WebServer,Page view: /home by u4282,E103,Page view: {page} by {user}
26446,2026-01-11,20:06:51,INFO,PaymentGateway,Page view: /home by u1102,E103,Page view: {page} by {user}
26447,2026-01-11,20:34:56,INFO,WebServer,Health check passed: WebServer,E102,Health check passed: {service}
26448,2026-01-11,20:55:56,INFO,WebServer,User u3900 login successful,E101,User {user} login successful
26449,2026-01-11,20:13:36,INFO,WebServer,Page view: /home by u4713,E103,Page view: {page} by {user}
26450,2026-01-11,20:23:03,INFO,InventoryDB,Transaction tx702088 completed in 336ms,E104,Transaction {tx} completed in {time}ms
26451,2026-01-11,20:03:31,INFO,PaymentGateway,Transaction tx534871 completed in 803ms,E104,Transaction {tx} completed in {time}ms
26452,2026-01-11,20:53:47,INFO,WebServer,Page view: /home by u1383,E103,Page view: {page} by {user}
26453,2026-01-11,20:10:04,INFO,AuthService,Health check passed: AuthService,E102,Health check passed: {service}
26454,2026-01-11,20:39:13,INFO,AuthService,Health check passed: AuthService,E102,Health check passed: {service}
26455,2026-01-11,20:22:22,WARN,AuthService,Disk usage > 85% on node node-5,E202,Disk usage > 85% on node {node}
26456,2026-01-11,20:32:03,INFO,WebServer,Transaction tx671923 completed in 807ms,E104,Transaction {tx} completed in {time}ms
26457,2026-01-11,20:17:36,INFO,WebServer,Health check passed: WebServer,E102,Health check passed: {service}
26458,2026-01-11,20:51:28,INFO,AuthService,Health check passed: AuthService,E102,Health check passed: {service}
26459,2026-01-11,20:42:50,WARN,InventoryDB,High latency (95ms) detected on InventoryDB,E201,High latency ({time}ms) detected on {service}
26460,2026-01-11,20:34:00,INFO,WebServer,User u3835 login successful,E101,User {user} login successful
26461,2026-01-11,20:57:00,INFO,AuthService,Health check passed: AuthService,E102,Health check passed: {service}
26462,2026-01-11,20:09:13,ERROR,WebServer,Connection refused to WebServer at 10.0.0.12,E501,Connection refused to {service} at {ip}
26463,2026-01-11,20:13:41,INFO,WebServer,Page view: /home by u2600,E103,Page view: {page} by {user}
26464,2026-01-11,20:58:05,INFO,AuthService,Transaction tx536489 completed in 336ms,E104,Transaction {tx} completed in {time}ms
26465,2026-01-11,20:09:13,WARN,OrderProcessor,High latency (1812ms) detected on OrderProcessor,E201,High latency ({time}ms) detected on {service}
26466,2026-01-11,20:46:18,INFO,WebServer,Page view: /home by u4135,E103,Page view: {page} by {user}
26467,2026-01-11,20:50:42,INFO,WebServer,Transaction tx806634 completed in 949ms,E104,Transaction {tx} completed in {time}ms
26468,2026-01-11,20:59:44,INFO,AuthService,Health check passed: AuthService,E102,Health check passed: {service}
26469,2026-01-11,20:26:12,INFO,WebServer,Health check passed: WebServer,E102,Health check passed: {service}
26470,2026-01-11,20:38:39,INFO,PaymentGateway,User u3889 login successful,E101,User {user} login successful
26471,2026-01-11,20:45:48,INFO,WebServer,Page view: /home by u3028,E103,Page view: {page} by {user}
26472,2026-01-11,20:08:09,INFO,WebServer,User u1523 login successful,E101,User {user} login successful
26473,2026-01-11,20:14:10,INFO,WebServer,User u1560 login successful,E101,User {user} login successful
26474,2026-01-11,20:28:24,INFO,WebServer,Page view: /home by u2372,E103,Page view: {page} by {user}
26475,2026-01-11,20:50:27,INFO,AuthService,Transaction tx913268 completed in 295ms,E104,Transaction {tx} completed in {time}ms
26476,2026-01-11,20:47:56,INFO,OrderProcessor,Transaction tx297028 completed in 1014ms,E104,Transaction {tx} completed in {time}ms
26477,2026-01-11,20:59:25,INFO,WebServer,User u3113 login successful,E101,User {user} login successful
26478,2026-01-11,20:43:55,INFO,WebServer,Page view: /home by u1165,E103,Page view: {page} by {user}
26479,2026-01-11,20:34:30,WARN,WebServer,Unauthorized access attempt from 10.0.0.45,E401,Unauthorized access attempt from {ip}
26480,2026-01-11,20:56:29,INFO,WebServer,Health check passed: WebServer,E102,Health check passed: {service}
26481,2026-01-11,20:36:17,WARN,OrderProcessor,High latency (1691ms) detected on OrderProcessor,E201,High latency ({time}ms) detected on {service}
26482,2026-01-11,20:33:08,INFO,WebServer,Page view: /home by u4185,E103,Page view: {page} by {user}
26483,2026-01-11,20:05:33,INFO,WebServer,Page view: /home by u1172,E103,Page view: {page} by {user}
26484,2026-01-11,20:13:30,INFO,WebServer,User u2210 login successful,E101,User {user} login successful
26485,2026-01-11,20:32:11,INFO,WebServer,User u4948 login successful,E101,User {user} login successful
26486,2026-01-11,20:17:18,INFO,OrderProcessor,User u1555 login successful,E101,User {user} login successful
26487,2026-01-11,20:12:19,WARN,OrderProcessor,High latency (339ms) detected on OrderProcessor,E201,High latency ({time}ms) detected on {service}
26488,2026-01-11,20:55:45,INFO,WebServer,Health check passed: WebServer,E102,Health check passed: {service}
26489,2026-01-11,20:19:34,INFO,PaymentGateway,Health check passed: PaymentGateway,E102,Health check passed: {service}
26490,2026-01-11,20:31:13,INFO,WebServer,User u4513 login successful,E101,User {user} login successful
26491,2026-01-11,20:27:04,INFO,AuthService,Transaction tx964267 completed in 336ms,E104,Transaction {tx} completed in {time}ms
26492,2026-01-11,20:15:39,INFO,WebServer,Page view: /home by u4216,E103,Page view: {page} by {user}
26493,2026-01-11,20:49:57,INFO,AuthService,Health check passed: AuthService,E102,Health check passed: {service}
26494,2026-01-11,20:08:05,INFO,OrderProcessor,User u4103 login successful,E101,User {user} login successful
26495,2026-01-11,20:17:11,INFO,OrderProcessor,User u3885 login successful,E101,User {user} login successful
26496,2026-01-11,20:05:19,INFO,WebServer,Health check passed: WebServer,E102,Health check passed: {service}
26497,2026-01-11,20:44:27,INFO,WebServer,Health check passed: WebServer,E102,Health check passed: {service}
26498,2026-01-11,20:48:36,INFO,OrderProcessor,User u2157 login successful,E101,User {user} login successful
26499,2026-01-11,20:42:46,INFO,AuthService,Health check passed: AuthService,E102,Health check passed: {service}
26500,2026-01-11,20:09:17,INFO,OrderProcessor,User u3501 login successful,E101,User {user} login successful
26501,2026-01-11,20:56:36,INFO,WebServer,Page view: /home by u3707,E103,Page view: {page} by {user}
26502,2026-01-11,20:16:00,INFO,WebServer,Page view: /home by u3144,E103,Page view: {page} by {user}
26503,2026-01-11,20:30:02,INFO,WebServer,User u3830 login successful,E101,User {user} login successful
26504,2026-01-11,20:48:32,INFO,WebServer,Page view: /home by u1220,E103,Page view: {page} by {user}
26505,2026-01-11,20:44:01,INFO,WebServer,User u3145 login successful,E101,User {user} login successful
26506,2026-01-11,20:45:31,INFO,WebServer,Health check passed: WebServer,E102,Health check passed: {service}
26507,2026-01-11,20:22:54,INFO,WebServer,Health check passed: WebServer,E102,Health check passed: {service}
26508,2026-01-11,20:42:05,INFO,WebServer,User u3136 login successful,E101,User {user} login successful
26509,2026-01-11,20:00:59,INFO,WebServer,User u4902 login successful,E101,User {user} login successful
26510,2026-01-11,20:27:09,INFO,WebServer,User u3765 login successful,E101,User {user} login successful
26511,2026-01-11,20:53:55,INFO,AuthService,User u3149 login successful,E101,User {user} login successful
26512,2026-01-11,20:03:28,INFO,WebServer,Page view: /home by u4484,E103,Page view: {page} by {user}
26513,2026-01-11,20:08:51,INFO,WebServer,User u3500 login successful,E101,User {user} login successful
26514,2026-01-11,20:10:57,INFO,AuthService,Transaction tx142283 completed in 587ms,E104,Transaction {tx} completed in {time}ms
26515,2026-01-11,20:40:23,INFO,AuthService,Health check passed: AuthService,E102,Health check passed: {service}
26516,2026-01-11,20:15:25,INFO,AuthService,Health check passed: AuthService,E102,Health check passed: {service}
26517,2026-01-11,20:38:06,INFO,WebServer,Transaction tx799692 completed in 637ms,E104,Transaction {tx} completed in {time}ms
26518,2026-01-11,20:22:23,INFO,AuthService,Transaction tx403265 completed in 1880ms,E104,Transaction {tx} completed in {time}ms
26519,2026-01-11,20:16:13,INFO,WebServer,Health check passed: WebServer,E102,Health check passed: {service}
26520,2026-01-11,20:20:07,INFO,OrderProcessor,User u3723 login successful,E101,User {user} login successful
26521,2026-01-11,20:39:36,INFO,WebServer,User u4877 login successful,E101,User {user} login successful
26522,2026-01-11,20:42:28,ERROR,WebServer,Connection refused to WebServer at 10.0.0.45,E501,Connection refused to {service} at {ip}
26523,2026-01-11,20:46:41,INFO,AuthService,User u4366 login successful,E101,User {user} login successful
26524,2026-01-11,20:22:21,INFO,WebServer,Health check passed: WebServer,E102,Health check passed: {service}
26525,2026-01-11,20:47:52,INFO,WebServer,Page view: /home by u1372,E103,Page view: {page} by {user}
26526,2026-01-11,20:39:20,WARN,WebServer,Disk usage > 85% on node node-3,E202,Disk usage > 85% on node {node}
26527,2026-01-11,20:06:41,INFO,PaymentGateway,Transaction tx710650 completed in 1338ms,E104,Transaction {tx} completed in {time}ms
26528,2026-01-11,20:39:40,INFO,PaymentGateway,Health check passed: PaymentGateway,E102,Health check passed: {service}
26529,2026-01-11,20:36:11,INFO,WebServer,Transaction tx177802 completed in 115ms,E104,Transaction {tx} completed in {time}ms
26530,2026-01-11,20:04:52,INFO,OrderProcessor,Health check passed: OrderProcessor,E102,Health check passed: {service}
26531,2026-01-11,20:08:22,INFO,WebServer,Page view: /home by u4191,E103,Page view: {page} by {user}
26532,2026-01-11,20:33:24,INFO,OrderProcessor,User u3657 login successful,E101,User {user} login successful
26533,2026-01-11,20:44:17,ERROR,PaymentGateway,Timeout waiting for lock on InventoryDB,E502,Timeout waiting for lock on {db}
26534,2026-01-11,20:11:15,WARN,WebServer,Disk usage > 85% on node node-2,E202,Disk usage > 85% on node {node}
26535,2026-01-11,20:15:28,INFO,WebServer,Page view: /home by u1373,E103,Page view: {page} by {user}
26536,2026-01-11,20:37:10,INFO,PaymentGateway,Page view: /home by u2084,E103,Page view: {page} by {user}
26537,2026-01-11,20:27:35,INFO,AuthService,Page view: /home by u3201,E103,Page view: {page} by {user}
26538,2026-01-11,20:26:08,INFO,WebServer,Transaction tx612483 completed in 1347ms,E104,Transaction {tx} completed in {time}ms
26539,2026-01-11,20:00:46,INFO,InventoryDB,Page view: /home by u4215,E103,Page view: {page} by {user}
26540,2026-01-11,20:36:45,INFO,WebServer,User u4329 login successful,E101,User {user} login successful
26541,2026-01-11,20:26:09,INFO,AuthService,Page view: /home by u2756,E103,Page view: {page} by {user}
26542,2026-01-11,20:35:01,WARN,WebServer,High latency (429ms) detected on WebServer,E201,High latency ({time}ms) detected on {service}
26543,2026-01-11,20:14:54,INFO,WebServer,Health check passed: WebServer,E102,Health check passed: {service}
26544,2026-01-11,20:15:01,INFO,OrderProcessor,Page view: /home by u1443,E103,Page view: {page} by {user}
26545,2026-01-11,20:33:39,INFO,AuthService,User u4689 login successful,E101,User {user} login successful
26546,2026-01-11,20:26:03,INFO,WebServer,User u3619 login successful,E101,User {user} login successful
26547,2026-01-11,20:15:35,INFO,WebServer,Page view: /home by u2669,E103,Page view: {page} by {user}
26548,2026-01-11,20:46:03,INFO,WebServer,Health check passed: WebServer,E102,Health check passed: {service}
26549,2026-01-11,20:19:09,INFO,WebServer,Health check passed: WebServer,E102,Health check passed: {service}
26550,2026-01-11,20:07:13,INFO,AuthService,Health check passed: AuthService,E102,Health check passed: {service}
26551,2026-01-11,20:27:42,INFO,OrderProcessor,Page view: /home by u4082,E103,Page view: {page} by {user}
26552,2026-01-11,20:54:31,INFO,WebServer,Health check passed: WebServer,E102,Health check passed: {service}
26553,2026-01-11,20:41:31,INFO,WebServer,User u3269 login successful,E101,User {user} login successful
26554,2026-01-11,20:09:45,INFO,WebServer,Transaction tx532043 completed in 1692ms,E104,Transaction {tx} completed in {time}ms
26555,2026-01-11,20:02:43,INFO,WebServer,User u1535 login successful,E101,User {user} login successful
26556,2026-01-11,20:50:56,INFO,WebServer,Page view: /home by u1387,E103,Page view: {page} by {user}
26557,2026-01-11,20:48:01,INFO,OrderProcessor,Transaction tx114798 completed in 897ms,E104,Transaction {tx} completed in {time}ms
26558,2026-01-11,20:55:10,INFO,WebServer,Transaction tx955950 completed in 1642ms,E104,Transaction {tx} completed in {time}ms
26559,2026-01-11,20:48:50,INFO,WebServer,User u2336 login successful,E101,User {user} login successful
26560,2026-01-11,20:22:36,INFO,WebServer,Health check passed: WebServer,E102,Health check passed: {service}
26561,2026-01-11,20:48:22,INFO,AuthService,Page view: /home by u4702,E103,Page view: {page} by {user}
26562,2026-01-11,20:36:09,INFO,AuthService,Transaction tx916485 completed in 1973ms,E104,Transaction {tx} completed in {time}ms
26563,2026-01-11,20:06:57,INFO,AuthService,Page view: /home by u2291,E103,Page view: {page} by {user}
26564,2026-01-11,20:32:46,INFO,AuthService,Page view: /home by u1142,E103,Page view: {page} by {user}
26565,2026-01-11,20:08:12,INFO,WebServer,User u2256 login successful,E101,User {user} login successful
26566,2026-01-11,20:28:16,INFO,AuthService,Health check passed: AuthService,E102,Health check passed: {service}
26567,2026-01-11,20:25:58,INFO,InventoryDB,Page view: /home by u3651,E103,Page view: {page} by {user}
26568,2026-01-11,20:05:27,INFO,PaymentGateway,Health check passed: PaymentGateway,E102,Health check passed: {service}
26569,2026-01-11,20:23:25,INFO,OrderProcessor,Health check passed: OrderProcessor,E102,Health check passed: {service}
26570,2026-01-11,20:59:51,INFO,AuthService,Transaction tx198017 completed in 1103ms,E104,Transaction {tx} completed in {time}ms
26571,2026-01-11,20:32:02,INFO,AuthService,User u4421 login successful,E101,User {user} login successful
26572,2026-01-11,20:20:00,INFO,WebServer,Health check passed: WebServer,E102,Health check passed: {service}
26573,2026-01-11,20:06:33,INFO,OrderProcessor,User u4084 login successful,E101,User {user} login successful
26574,2026-01-11,20:43:52,INFO,WebServer,Health check passed: WebServer,E102,Health check passed: {service}
26575,2026-01-11,20:26:57,INFO,WebServer,User u4951 login successful,E101,User {user} login successful
26576,2026-01-11,20:15:49,INFO,WebServer,Transaction tx349056 completed in 878ms,E104,Transaction {tx} completed in {time}ms
26577,2026-01-11,20:59:07,INFO,OrderProcessor,User u2318 login successful,E101,User {user} login successful
26578,2026-01-11,20:43:38,INFO,WebServer,User u4305 login successful,E101,User {user} login successful
26579,2026-01-11,20:19:12,INFO,AuthService,User u4194 login successful,E101,User {user} login successful
26580,2026-01-11,20:04:05,INFO,AuthService,User u2943 login successful,E101,User {user} login successful
26581,2026-01-11,20:53:31,INFO,PaymentGateway,Health check passed: PaymentGateway,E102,Health check passed: {service}
26582,2026-01-11,20:28:20,INFO,AuthService,User u3843 login successful,E101,User {user} login successful
26583,2026-01-11,20:54:06,INFO,WebServer,Health check passed: WebServer,E102,Health check passed: {service}
26584,2026-01-11,20:35:21,INFO,WebServer,Page view: /home by u2445,E103,Page view: {page} by {user}
26585,2026-01-11,20:06:28,WARN,AuthService,Disk usage > 85% on node node-4,E202,Disk usage > 85% on node {node}
26586,2026-01-11,20:19:03,INFO,WebServer,Transaction tx915020 completed in 1762ms,E104,Transaction {tx} completed in {time}ms
26587,2026-01-11,20:31:24,INFO,InventoryDB,Transaction tx793920 completed in 89ms,E104,Transaction {tx} completed in {time}ms
26588,2026-01-11,20:25:35,INFO,WebServer,User u1485 login successful,E101,User {user} login successful
26589,2026-01-11,20:39:50,INFO,AuthService,Page view: /home by u1301,E103,Page view: {page} by {user}
26590,2026-01-11,20:46:37,WARN,AuthService,Unauthorized access attempt from 10.0.0.88,E401,Unauthorized access attempt from {ip}
26591,2026-01-11,20:18:23,INFO,AuthService,User u4742 login successful,E101,User {user} login successful
26592,2026-01-11,20:02:03,INFO,WebServer,Health check passed: WebServer,E102,Health check passed: {service}
26593,2026-01-11,20:05:06,INFO,OrderProcessor,Health check passed: OrderProcessor,E102,Health check passed: {service}
26594,2026-01-11,20:29:17,INFO,AuthService,User u3946 login successful,E101,User {user} login successful
26595,2026-01-11,20:54:32,WARN,AuthService,Disk usage > 85% on node node-4,E202,Disk usage > 85% on node {node}
26596,2026-01-11,20:20:07,INFO,OrderProcessor,Transaction tx724724 completed in 673ms,E104,Transaction {tx} completed in {time}ms
26597,2026-01-11,20:26:31,INFO,WebServer,Transaction tx894650 completed in 1698ms,E104,Transaction {tx} completed in {time}ms
26598,2026-01-11,20:29:25,INFO,AuthService,Transaction tx983778 completed in 1504ms,E104,Transaction {tx} completed in {time}ms
26599,2026-01-11,20:27:50,INFO,WebServer,Page view: /home by u3299,E103,Page view: {page} by {user}
26600,2026-01-11,20:55:48,INFO,WebServer,Page view: /home by u4296,E103,Page view: {page} by {user}
26601,2026-01-11,20:03:35,INFO,OrderProcessor,Health check passed: OrderProcessor,E102,Health check passed: {service}
26602,2026-01-11,20:24:35,INFO,WebServer,Health check passed: WebServer,E102,Health check passed: {service}
26603,2026-01-11,20:43:35,INFO,WebServer,Page view: /home by u4264,E103,Page view: {page} by {user}
26604,2026-01-11,20:52:48,INFO,InventoryDB,Transaction tx589938 completed in 985ms,E104,Transaction {tx} completed in {time}ms
26605,2026-01-11,20:38:29,INFO,OrderProcessor,Page view: /home by u2434,E103,Page view: {page} by {user}
26606,2026-01-11,20:20:00,INFO,WebServer,Health check passed: WebServer,E102,Health check passed: {service}
26607,2026-01-11,20:33:08,INFO,WebServer,Transaction tx654143 completed in 192ms,E104,Transaction {tx} completed in {time}ms
26608,2026-01-11,20:09:26,INFO,WebServer,Transaction tx811306 completed in 165ms,E104,Transaction {tx} completed in {time}ms
26609,2026-01-11,20:14:11,INFO,WebServer,User u2825 login successful,E101,User {user} login successful
26610,2026-01-11,20:46:58,INFO,WebServer,Page view: /home by u4707,E103,Page view: {page} by {user}
26611,2026-01-11,20:07:14,WARN,WebServer,Disk usage > 85% on node node-1,E202,Disk usage > 85% on node {node}
26612,2026-01-11,20:08:31,INFO,OrderProcessor,Health check passed: OrderProcessor,E102,Health check passed: {service}
26613,2026-01-11,20:42:44,INFO,WebServer,Page view: /home by u3840,E103,Page view: {page} by {user}
26614,2026-01-11,20:36:23,WARN,WebServer,Unauthorized access attempt from 10.0.0.99,E401,Unauthorized access attempt from {ip}
26615,2026-01-11,20:33:24,INFO,WebServer,User u4493 login successful,E101,User {user} login successful
26616,2026-01-11,20:49:30,INFO,PaymentGateway,Page view: /home by u3499,E103,Page view: {page} by {user}
26617,2026-01-11,20:25:02,INFO,WebServer,Transaction tx570232 completed in 1277ms,E104,Transaction {tx} completed in {time}ms
26618,2026-01-11,20:44:25,INFO,AuthService,User u2924 login successful,E101,User {user} login successful
26619,2026-01-11,20:21:35,INFO,OrderProcessor,Page view: /home by u1043,E103,Page view: {page} by {user}
26620,2026-01-11,20:31:39,INFO,WebServer,Transaction tx316764 completed in 1198ms,E104,Transaction {tx} completed in {time}ms
26621,2026-01-11,20:28:14,INFO,WebServer,Health check passed: WebServer,E102,Health check passed: {service}
26622,2026-01-11,20:13:37,ERROR,AuthService,Connection refused to AuthService at 10.0.0.12,E501,Connection refused to {service} at {ip}
26623,2026-01-11,20:40:08,INFO,PaymentGateway,Transaction tx182697 completed in 1908ms,E104,Transaction {tx} completed in {time}ms
26624,2026-01-11,20:52:42,INFO,WebServer,Health check passed: WebServer,E102,Health check passed: {service}
26625,2026-01-11,20:16:06,INFO,WebServer,Transaction tx195895 completed in 489ms,E104,Transaction {tx} completed in {time}ms
26626,2026-01-11,20:39:39,INFO,WebServer,Health check passed: WebServer,E102,Health check passed: {service}
26627,2026-01-11,20:15:31,INFO,AuthService,Transaction tx189636 completed in 1210ms,E104,Transaction {tx} completed in {time}ms
26628,2026-01-11,20:13:15,ERROR,WebServer,Payment declined: Gateway unavailable,E503,Payment declined: Gateway unavailable
26629,2026-01-11,20:16:08,INFO,WebServer,Health check passed: WebServer,E102,Health check passed: {service}
26630,2026-01-11,20:22:18,INFO,PaymentGateway,User u2961 login successful,E101,User {user} login successful
26631,2026-01-11,20:23:22,ERROR,PaymentGateway,Connection refused to PaymentGateway at 10.0.0.45,E501,Connection refused to {service} at {ip}
26632,2026-01-11,20:06:12,INFO,WebServer,Transaction tx521982 completed in 1952ms,E104,Transaction {tx} completed in {time}ms
26633,2026-01-11,20:26:55,INFO,WebServer,User u2394 login successful,E101,User {user} login successful
26634,2026-01-11,20:38:52,INFO,WebServer,Transaction tx428278 completed in 1465ms,E104,Transaction {tx} completed in {time}ms
26635,2026-01-11,20:35:36,INFO,WebServer,Transaction tx800635 completed in 1114ms,E104,Transaction {tx} completed in {time}ms
26636,2026-01-11,20:35:19,INFO,WebServer,User u1610 login successful,E101,User {user} login successful
26637,2026-01-11,20:21:04,INFO,WebServer,Transaction tx552631 completed in 252ms,E104,Transaction {tx} completed in {time}ms
26638,2026-01-11,20:58:20,INFO,WebServer,User u4560 login successful,E101,User {user} login successful
26639,2026-01-11,20:31:10,INFO,OrderProcessor,Transaction tx404288 completed in 815ms,E104,Transaction {tx} completed in {time}ms
26640,2026-01-11,20:49:06,INFO,WebServer,Transaction tx612850 completed in 823ms,E104,Transaction {tx} completed in {time}ms
26641,2026-01-11,20:40:06,INFO,WebServer,Health check passed: WebServer,E102,Health check passed: {service}
26642,2026-01-11,20:20:35,WARN,WebServer,Unauthorized access attempt from 10.0.0.12,E401,Unauthorized access attempt from {ip}
26643,2026-01-11,20:04:18,WARN,WebServer,Disk usage > 85% on node node-4,E202,Disk usage > 85% on node {node}
26644,2026-01-11,20:12:14,INFO,WebServer,Health check passed: WebServer,E102,Health check passed: {service}
26645,2026-01-11,20:40:32,INFO,WebServer,Page view: /home by u1056,E103,Page view: {page} by {user}
26646,2026-01-11,20:24:51,INFO,OrderProcessor,Health check passed: OrderProcessor,E102,Health check passed: {service}
26647,2026-01-11,20:20:09,INFO,AuthService,Health check passed: AuthService,E102,Health check passed: {service}
26648,2026-01-11,20:51:55,INFO,WebServer,Transaction tx682812 completed in 833ms,E104,Transaction {tx} completed in {time}ms
26649,2026-01-11,20:33:49,INFO,WebServer,Transaction tx945250 completed in 34ms,E104,Transaction {tx} completed in {time}ms
26650,2026-01-11,20:07:37,INFO,OrderProcessor,User u2876 login successful,E101,User {user} login successful
26651,2026-01-11,20:50:46,INFO,WebServer,Page view: /home by u4036,E103,Page view: {page} by {user}
26652,2026-01-11,20:29:03,INFO,WebServer,Health check passed: WebServer,E102,Health check passed: {service}
26653,2026-01-11,20:45:54,INFO,OrderProcessor,Page view: /home by u4383,E103,Page view: {page} by {user}
26654,2026-01-11,20:03:43,WARN,WebServer,Unauthorized access attempt from 10.0.0.45,E401,Unauthorized access attempt from {ip}
26655,2026-01-11,20:21:51,INFO,AuthService,Page view: /home by u1793,E103,Page view: {page} by {user}
26656,2026-01-11,20:38:08,INFO,PaymentGateway,Transaction tx912974 completed in 1037ms,E104,Transaction {tx} completed in {time}ms
26657,2026-01-11,20:46:38,INFO,WebServer,Page view: /home by u1987,E103,Page view: {page} by {user}
26658,2026-01-11,20:34:00,INFO,AuthService,Page view: /home by u1881,E103,Page view: {page} by {user}
26659,2026-01-11,20:20:31,INFO,WebServer,User u2177 login successful,E101,User {user} login successful
26660,2026-01-11,20:35:01,INFO,WebServer,Transaction tx601335 completed in 1370ms,E104,Transaction {tx} completed in {time}ms
26661,2026-01-11,20:37:57,INFO,WebServer,Health check passed: WebServer,E102,Health check passed: {service}
26662,2026-01-11,20:03:31,INFO,AuthService,User u2962 login successful,E101,User {user} login successful
26663,2026-01-11,20:24:38,INFO,WebServer,Health check passed: WebServer,E102,Health check passed: {service}
26664,2026-01-11,20:01:13,INFO,WebServer,Health check passed: WebServer,E102,Health check passed: {service}
26665,2026-01-11,20:14:24,INFO,WebServer,User u1585 login successful,E101,User {user} login successful
26666,2026-01-11,20:40:22,INFO,AuthService,Health check passed: AuthService,E102,Health check passed: {service}
26667,2026-01-11,20:47:19,INFO,WebServer,Page view: /home by u4967,E103,Page view: {page} by {user}
26668,2026-01-11,20:35:15,INFO,AuthService,Health check passed: AuthService,E102,Health check passed: {service}
26669,2026-01-11,20:03:54,INFO,InventoryDB,Transaction tx152020 completed in 1626ms,E104,Transaction {tx} completed in {time}ms
26670,2026-01-11,20:52:48,INFO,AuthService,Health check passed: AuthService,E102,Health check passed: {service}
26671,2026-01-11,20:59:43,INFO,PaymentGateway,Page view: /home by u4440,E103,Page view: {page} by {user}
26672,2026-01-11,20:32:37,INFO,InventoryDB,User u4370 login successful,E101,User {user} login successful
26673,2026-01-11,20:42:44,INFO,WebServer,Page view: /home by u2622,E103,Page view: {page} by {user}
26674,2026-01-11,20:11:35,WARN,OrderProcessor,Unauthorized access attempt from 10.0.0.45,E401,Unauthorized access attempt from {ip}
26675,2026-01-11,20:08:16,INFO,WebServer,Health check passed: WebServer,E102,Health check passed: {service}
26676,2026-01-11,20:33:09,INFO,AuthService,Health check passed: AuthService,E102,Health check passed: {service}
26677,2026-01-11,20:21:30,INFO,AuthService,Transaction tx336293 completed in 1964ms,E104,Transaction {tx} completed in {time}ms
26678,2026-01-11,20:35:17,INFO,OrderProcessor,User u3807 login successful,E101,User {user} login successful
26679,2026-01-11,20:38:50,INFO,PaymentGateway,Health check passed: PaymentGateway,E102,Health check passed: {service}
26680,2026-01-11,20:33:52,INFO,WebServer,Page view: /home by u2617,E103,Page view: {page} by {user}
26681,2026-01-11,20:29:04,INFO,WebServer,Health check passed: WebServer,E102,Health check passed: {service}
26682,2026-01-11,20:57:55,INFO,OrderProcessor,Page view: /home by u4965,E103,Page view: {page} by {user}
26683,2026-01-11,20:12:30,INFO,WebServer,Health check passed: WebServer,E102,Health check passed: {service}
26684,2026-01-11,20:50:44,CRITICAL,WebServer,DATA CORRUPTION detected in sector 533,E602,DATA CORRUPTION detected in sector {sector}
26685,2026-01-11,20:23:05,INFO,AuthService,Transaction tx583817 completed in 156ms,E104,Transaction {tx} completed in {time}ms
26686,2026-01-11,20:14:00,INFO,AuthService,Health check passed: AuthService,E102,Health check passed: {service}
26687,2026-01-11,20:18:24,INFO,WebServer,Transaction tx912624 completed in 579ms,E104,Transaction {tx} completed in {time}ms
26688,2026-01-11,20:17:09,INFO,OrderProcessor,Health check passed: OrderProcessor,E102,Health check passed: {service}
26689,2026-01-11,20:56:37,INFO,AuthService,User u1215 login successful,E101,User {user} login successful
26690,2026-01-11,20:17:01,INFO,AuthService,User u4086 login successful,E101,User {user} login successful
26691,2026-01-11,20:21:19,INFO,WebServer,Page view: /home by u3517,E103,Page view: {page} by {user}
26692,2026-01-11,20:45:04,INFO,WebServer,Health check passed: WebServer,E102,Health check passed: {service}
26693,2026-01-11,20:14:38,INFO,OrderProcessor,Transaction tx832831 completed in 22ms,E104,Transaction {tx} completed in {time}ms
26694,2026-01-11,20:49:15,INFO,WebServer,Health check passed: WebServer,E102,Health check passed: {service}
26695,2026-01-11,20:45:35,INFO,WebServer,Transaction tx945443 completed in 967ms,E104,Transaction {tx} completed in {time}ms
26696,2026-01-11,20:26:24,INFO,PaymentGateway,Health check passed: PaymentGateway,E102,Health check passed: {service}
26697,2026-01-11,20:42:45,INFO,WebServer,Transaction tx579764 completed in 543ms,E104,Transaction {tx} completed in {time}ms
26698,2026-01-11,20:49:22,INFO,WebServer,Transaction tx635557 completed in 614ms,E104,Transaction {tx} completed in {time}ms
26699,2026-01-11,20:43:59,INFO,WebServer,Transaction tx680722 completed in 554ms,E104,Transaction {tx} completed in {time}ms
26700,2026-01-11,20:45:49,INFO,PaymentGateway,Health check passed: PaymentGateway,E102,Health check passed: {service}
26701,2026-01-11,20:24:14,INFO,PaymentGateway,User u1661 login successful,E101,User {user} login successful
26702,2026-01-11,20:14:29,INFO,WebServer,Transaction tx959136 completed in 958ms,E104,Transaction {tx} completed in {time}ms
26703,2026-01-11,20:38:04,INFO,WebServer,Page view: /home by u1625,E103,Page view: {page} by {user}
26704,2026-01-11,20:34:22,WARN,WebServer,Unauthorized access attempt from 10.0.0.12,E401,Unauthorized access attempt from {ip}
26705,2026-01-11,20:31:06,INFO,WebServer,Transaction tx203686 completed in 935ms,E104,Transaction {tx} completed in {time}ms
26706,2026-01-11,20:36:22,INFO,PaymentGateway,Page view: /home by u4835,E103,Page view: {page} by {user}
26707,2026-01-11,20:03:08,INFO,AuthService,Transaction tx844074 completed in 1431ms,E104,Transaction {tx} completed in {time}ms
26708,2026-01-11,20:40:20,INFO,WebServer,Transaction tx217033 completed in 1047ms,E104,Transaction {tx} completed in {time}ms
26709,2026-01-11,20:17:59,WARN,PaymentGateway,Disk usage > 85% on node node-5,E202,Disk usage > 85% on node {node}
26710,2026-01-11,20:34:23,WARN,WebServer,High latency (1952ms) detected on WebServer,E201,High latency ({time}ms) detected on {service}
26711,2026-01-11,20:18:27,INFO,OrderProcessor,Page view: /home by u3865,E103,Page view: {page} by {user}
26712,2026-01-11,20:47:41,INFO,OrderProcessor,Transaction tx614549 completed in 142ms,E104,Transaction {tx} completed in {time}ms
26713,2026-01-11,20:41:46,INFO,WebServer,Transaction tx217437 completed in 200ms,E104,Transaction {tx} completed in {time}ms
26714,2026-01-11,20:27:02,INFO,PaymentGateway,User u3788 login successful,E101,User {user} login successful
26715,2026-01-11,20:16:15,INFO,AuthService,Page view: /home by u3412,E103,Page view: {page} by {user}
26716,2026-01-11,20:12:14,INFO,WebServer,User u1941 login successful,E101,User {user} login successful
26717,2026-01-11,20:08:40,INFO,WebServer,Page view: /home by u3413,E103,Page view: {page} by {user}
26718,2026-01-11,20:57:32,INFO,OrderProcessor,User u1678 login successful,E101,User {user} login successful
26719,2026-01-11,20:15:23,INFO,OrderProcessor,Transaction tx622236 completed in 1892ms,E104,Transaction {tx} completed in {time}ms
26720,2026-01-11,20:50:42,INFO,WebServer,Health check passed: WebServer,E102,Health check passed: {service}
26721,2026-01-11,20:54:03,INFO,OrderProcessor,Health check passed: OrderProcessor,E102,Health check passed: {service}
26722,2026-01-11,20:45:19,WARN,WebServer,High latency (410ms) detected on WebServer,E201,High latency ({time}ms) detected on {service}
26723,2026-01-11,20:26:27,INFO,OrderProcessor,User u2262 login successful,E101,User {user} login successful
26724,2026-01-11,20:54:22,INFO,OrderProcessor,Health check passed: OrderProcessor,E102,Health check passed: {service}
26725,2026-01-11,20:28:25,INFO,AuthService,Transaction tx622076 completed in 190ms,E104,Transaction {tx} completed in {time}ms
26726,2026-01-11,20:25:45,INFO,OrderProcessor,Page view: /home by u4844,E103,Page view: {page} by {user}
26727,2026-01-11,20:57:17,INFO,InventoryDB,Health check passed: InventoryDB,E102,Health check passed: {service}
26728,2026-01-11,20:59:54,INFO,OrderProcessor,User u3526 login successful,E101,User {user} login successful
26729,2026-01-11,20:55:32,INFO,WebServer,Page view: /home by u4616,E103,Page view: {page} by {user}
26730,2026-01-11,20:41:45,INFO,WebServer,Page view: /home by u1765,E103,Page view: {page} by {user}
26731,2026-01-11,20:34:40,INFO,WebServer,Health check passed: WebServer,E102,Health check passed: {service}
26732,2026-01-11,20:29:03,INFO,WebServer,Health check passed: WebServer,E102,Health check passed: {service}
26733,2026-01-11,20:44:30,INFO,WebServer,Health check passed: WebServer,E102,Health check passed: {service}
26734,2026-01-11,20:24:07,INFO,AuthService,Health check passed: AuthService,E102,Health check passed: {service}
26735,2026-01-11,20:35:25,INFO,OrderProcessor,User u2681 login successful,E101,User {user} login successful
26736,2026-01-11,20:57:13,INFO,WebServer,User u2121 login successful,E101,User {user} login successful
26737,2026-01-11,20:12:57,INFO,AuthService,Transaction tx590477 completed in 1401ms,E104,Transaction {tx} completed in {time}ms
26738,2026-01-11,20:57:16,INFO,PaymentGateway,User u4783 login successful,E101,User {user} login successful
26739,2026-01-11,20:14:32,INFO,PaymentGateway,User u1423 login successful,E101,User {user} login successful
26740,2026-01-11,20:18:17,INFO,WebServer,Health check passed: WebServer,E102,Health check passed: {service}
26741,2026-01-11,20:15:50,INFO,WebServer,User u1119 login successful,E101,User {user} login successful
26742,2026-01-11,20:37:15,INFO,WebServer,Page view: /home by u2690,E103,Page view: {page} by {user}
26743,2026-01-11,20:51:30,INFO,OrderProcessor,Health check passed: OrderProcessor,E102,Health check passed: {service}
26744,2026-01-11,20:20:49,INFO,WebServer,Page view: /home by u3591,E103,Page view: {page} by {user}
26745,2026-01-11,20:53:00,INFO,WebServer,User u4323 login successful,E101,User {user} login successful
26746,2026-01-11,20:47:00,INFO,WebServer,Page view: /home by u4579,E103,Page view: {page} by {user}
26747,2026-01-11,20:03:04,INFO,WebServer,Health check passed: WebServer,E102,Health check passed: {service}
26748,2026-01-11,20:54:35,INFO,WebServer,User u1275 login successful,E101,User {user} login successful
26749,2026-01-11,20:24:40,INFO,AuthService,Health check passed: AuthService,E102,Health check passed: {service}
26750,2026-01-11,20:11:50,INFO,WebServer,User u2319 login successful,E101,User {user} login successful
26751,2026-01-11,20:37:23,INFO,PaymentGateway,User u1339 login successful,E101,User {user} login successful
26752,2026-01-11,20:00:40,INFO,WebServer,Transaction tx290683 completed in 1681ms,E104,Transaction {tx} completed in {time}ms
26753,2026-01-11,20:31:16,INFO,WebServer,User u2647 login successful,E101,User {user} login successful
26754,2026-01-11,20:11:40,WARN,PaymentGateway,High latency (1512ms) detected on PaymentGateway,E201,High latency ({time}ms) detected on {service}
26755,2026-01-11,20:33:59,INFO,WebServer,User u3605 login successful,E101,User {user} login successful
26756,2026-01-11,20:20:30,INFO,WebServer,Transaction tx472067 completed in 1679ms,E104,Transaction {tx} completed in {time}ms
26757,2026-01-11,20:03:44,INFO,InventoryDB,Transaction tx290407 completed in 1220ms,E104,Transaction {tx} completed in {time}ms
26758,2026-01-11,20:23:51,WARN,WebServer,High latency (1239ms) detected on WebServer,E201,High latency ({time}ms) detected on {service}
26759,2026-01-11,20:31:37,INFO,WebServer,Transaction tx419007 completed in 93ms,E104,Transaction {tx} completed in {time}ms
26760,2026-01-11,20:03:33,INFO,AuthService,Transaction tx676642 completed in 1219ms,E104,Transaction {tx} completed in {time}ms
26761,2026-01-11,20:18:23,INFO,AuthService,User u2466 login successful,E101,User {user} login successful
26762,2026-01-11,20:27:54,INFO,AuthService,Health check passed: AuthService,E102,Health check passed: {service}
26763,2026-01-11,20:31:54,INFO,InventoryDB,Page view: /home by u1553,E103,Page view: {page} by {user}
26764,2026-01-11,20:33:06,INFO,InventoryDB,Transaction tx559542 completed in 876ms,E104,Transaction {tx} completed in {time}ms
26765,2026-01-11,20:12:32,INFO,PaymentGateway,Health check passed: PaymentGateway,E102,Health check passed: {service}
26766,2026-01-11,20:58:48,INFO,WebServer,User u1464 login successful,E101,User {user} login successful
26767,2026-01-11,20:18:51,INFO,WebServer,Transaction tx355511 completed in 982ms,E104,Transaction {tx} completed in {time}ms
26768,2026-01-11,20:33:42,INFO,WebServer,Transaction tx125274 completed in 1623ms,E104,Transaction {tx} completed in {time}ms
26769,2026-01-11,20:50:34,INFO,AuthService,User u1963 login successful,E101,User {user} login successful
26770,2026-01-11,21:10:42,INFO,WebServer,User u3877 login successful,E101,User {user} login successful
26771,2026-01-11,21:08:30,INFO,AuthService,Page view: /home by u4220,E103,Page view: {page} by {user}
26772,2026-01-11,21:12:18,INFO,PaymentGateway,Transaction tx301691 completed in 534ms,E104,Transaction {tx} completed in {time}ms
26773,2026-01-11,21:02:12,INFO,WebServer,Page view: /home by u4311,E103,Page view: {page} by {user}
26774,2026-01-11,21:21:08,INFO,AuthService,Health check passed: AuthService,E102,Health check passed: {service}
26775,2026-01-11,21:30:09,INFO,WebServer,Page view: /home by u4279,E103,Page view: {page} by {user}
26776,2026-01-11,21:26:53,INFO,OrderProcessor,User u3881 login successful,E101,User {user} login successful
26777,2026-01-11,21:05:08,INFO,WebServer,User u3003 login successful,E101,User {user} login successful
26778,2026-01-11,21:00:27,INFO,InventoryDB,Transaction tx804716 completed in 1413ms,E104,Transaction {tx} completed in {time}ms
26779,2026-01-11,21:00:39,WARN,OrderProcessor,Disk usage > 85% on node node-3,E202,Disk usage > 85% on node {node}
26780,2026-01-11,21:33:45,INFO,OrderProcessor,Health check passed: OrderProcessor,E102,Health check passed: {service}
26781,2026-01-11,21:21:00,INFO,WebServer,Health check passed: WebServer,E102,Health check passed: {service}
26782,2026-01-11,21:51:55,WARN,AuthService,High latency (1797ms) detected on AuthService,E201,High latency ({time}ms) detected on {service}
26783,2026-01-11,21:46:07,INFO,WebServer,Page view: /home by u4602,E103,Page view: {page} by {user}
26784,2026-01-11,21:43:47,INFO,WebServer,Page view: /home by u1054,E103,Page view: {page} by {user}
26785,2026-01-11,21:35:11,INFO,WebServer,User u1198 login successful,E101,User {user} login successful
26786,2026-01-11,21:23:13,INFO,WebServer,Health check passed: WebServer,E102,Health check passed: {service}
26787,2026-01-11,21:17:42,INFO,OrderProcessor,Page view: /home by u3219,E103,Page view: {page} by {user}
26788,2026-01-11,21:23:25,INFO,WebServer,Transaction tx482242 completed in 75ms,E104,Transaction {tx} completed in {time}ms
26789,2026-01-11,21:07:22,INFO,WebServer,Transaction tx235346 completed in 1098ms,E104,Transaction {tx} completed in {time}ms
26790,2026-01-11,21:16:35,INFO,WebServer,User u4359 login successful,E101,User {user} login successful
26791,2026-01-11,21:37:58,INFO,WebServer,Health check passed: WebServer,E102,Health check passed: {service}
26792,2026-01-11,21:51:40,INFO,AuthService,Page view: /home by u1344,E103,Page view: {page} by {user}
26793,2026-01-11,21:12:33,INFO,WebServer,Page view: /home by u1766,E103,Page view: {page} by {user}
26794,2026-01-11,21:34:05,ERROR,PaymentGateway,Connection refused to PaymentGateway at 10.0.0.88,E501,Connection refused to {service} at {ip}
26795,2026-01-11,21:50:40,INFO,WebServer,Health check passed: WebServer,E102,Health check passed: {service}
26796,2026-01-11,21:57:12,WARN,AuthService,High latency (310ms) detected on AuthService,E201,High latency ({time}ms) detected on {service}
26797,2026-01-11,21:39:45,INFO,PaymentGateway,Health check passed: PaymentGateway,E102,Health check passed: {service}
26798,2026-01-11,21:39:40,INFO,WebServer,User u3998 login successful,E101,User {user} login successful
26799,2026-01-11,21:15:13,INFO,WebServer,Transaction tx583514 completed in 471ms,E104,Transaction {tx} completed in {time}ms
26800,2026-01-11,21:06:55,INFO,AuthService,User u1938 login successful,E101,User {user} login successful
26801,2026-01-11,21:14:34,WARN,WebServer,High latency (1912ms) detected on WebServer,E201,High latency ({time}ms) detected on {service}
26802,2026-01-11,21:17:48,INFO,WebServer,Health check passed: WebServer,E102,Health check passed: {service}
26803,2026-01-11,21:28:10,INFO,OrderProcessor,Health check passed: OrderProcessor,E102,Health check passed: {service}
26804,2026-01-11,21:31:39,INFO,WebServer,Transaction tx790380 completed in 1344ms,E104,Transaction {tx} completed in {time}ms
26805,2026-01-11,21:24:44,INFO,WebServer,Page view: /home by u2817,E103,Page view: {page} by {user}
26806,2026-01-11,21:04:25,INFO,WebServer,User u3256 login successful,E101,User {user} login successful
26807,2026-01-11,21:52:23,INFO,WebServer,Health check passed: WebServer,E102,Health check passed: {service}
26808,2026-01-11,21:49:04,INFO,OrderProcessor,Page view: /home by u4964,E103,Page view: {page} by {user}
26809,2026-01-11,21:33:23,INFO,WebServer,Page view: /home by u1304,E103,Page view: {page} by {user}
26810,2026-01-11,21:42:05,INFO,WebServer,Page view: /home by u2592,E103,Page view: {page} by {user}
26811,2026-01-11,21:11:28,INFO,WebServer,Transaction tx210458 completed in 513ms,E104,Transaction {tx} completed in {time}ms
26812,2026-01-11,21:26:48,INFO,AuthService,User u3576 login successful,E101,User {user} login successful
26813,2026-01-11,21:26:50,INFO,WebServer,Health check passed: WebServer,E102,Health check passed: {service}
26814,2026-01-11,21:02:47,WARN,WebServer,High latency (146ms) detected on WebServer,E201,High latency ({time}ms) detected on {service}
26815,2026-01-11,21:27:17,INFO,OrderProcessor,User u4282 login successful,E101,User {user} login successful
26816,2026-01-11,21:15:02,INFO,AuthService,User u1853 login successful,E101,User {user} login successful
26817,2026-01-11,21:13:36,INFO,AuthService,User u4373 login successful,E101,User {user} login successful
26818,2026-01-11,21:58:30,WARN,AuthService,High latency (84ms) detected on AuthService,E201,High latency ({time}ms) detected on {service}
26819,2026-01-11,21:26:17,INFO,WebServer,Health check passed: WebServer,E102,Health check passed: {service}
26820,2026-01-11,21:36:01,INFO,WebServer,Health check passed: WebServer,E102,Health check passed: {service}
26821,2026-01-11,21:51:40,INFO,WebServer,Transaction tx715010 completed in 1654ms,E104,Transaction {tx} completed in {time}ms
26822,2026-01-11,21:50:04,INFO,InventoryDB,Health check passed: InventoryDB,E102,Health check passed: {service}
26823,2026-01-11,21:35:38,INFO,WebServer,Transaction tx318234 completed in 708ms,E104,Transaction {tx} completed in {time}ms
26824,2026-01-11,21:29:16,INFO,WebServer,User u3859 login successful,E101,User {user} login successful
26825,2026-01-11,21:14:22,INFO,WebServer,Transaction tx724598 completed in 1547ms,E104,Transaction {tx} completed in {time}ms
26826,2026-01-11,21:06:59,INFO,WebServer,User u2819 login successful,E101,User {user} login successful
26827,2026-01-11,21:52:26,INFO,WebServer,Transaction tx876427 completed in 570ms,E104,Transaction {tx} completed in {time}ms
26828,2026-01-11,21:25:59,INFO,OrderProcessor,Transaction tx513135 completed in 1811ms,E104,Transaction {tx} completed in {time}ms
26829,2026-01-11,21:15:03,INFO,AuthService,Transaction tx199438 completed in 401ms,E104,Transaction {tx} completed in {time}ms
26830,2026-01-11,21:39:13,ERROR,WebServer,Payment declined: Gateway unavailable,E503,Payment declined: Gateway unavailable
26831,2026-01-11,21:41:02,INFO,InventoryDB,Health check passed: InventoryDB,E102,Health check passed: {service}
26832,2026-01-11,21:35:25,INFO,WebServer,User u3353 login successful,E101,User {user} login successful
26833,2026-01-11,21:07:45,INFO,WebServer,Page view: /home by u1146,E103,Page view: {page} by {user}
26834,2026-01-11,21:59:33,INFO,PaymentGateway,Page view: /home by u1799,E103,Page view: {page} by {user}
26835,2026-01-11,21:09:01,INFO,WebServer,Transaction tx379448 completed in 1631ms,E104,Transaction {tx} completed in {time}ms
26836,2026-01-11,21:57:33,WARN,WebServer,Disk usage > 85% on node node-3,E202,Disk usage > 85% on node {node}
26837,2026-01-11,21:54:22,INFO,AuthService,User u4282 login successful,E101,User {user} login successful
26838,2026-01-11,21:51:33,INFO,OrderProcessor,Health check passed: OrderProcessor,E102,Health check passed: {service}
26839,2026-01-11,21:57:30,INFO,InventoryDB,Health check passed: InventoryDB,E102,Health check passed: {service}
26840,2026-01-11,21:42:58,INFO,WebServer,Transaction tx948211 completed in 1501ms,E104,Transaction {tx} completed in {time}ms
26841,2026-01-11,21:59:33,INFO,WebServer,Transaction tx168141 completed in 1479ms,E104,Transaction {tx} completed in {time}ms
26842,2026-01-11,21:23:34,INFO,WebServer,Page view: /home by u4340,E103,Page view: {page} by {user}
26843,2026-01-11,21:25:42,INFO,OrderProcessor,Transaction tx442257 completed in 657ms,E104,Transaction {tx} completed in {time}ms
26844,2026-01-11,21:09:31,INFO,WebServer,Health check passed: WebServer,E102,Health check passed: {service}
26845,2026-01-11,21:58:23,INFO,WebServer,User u1336 login successful,E101,User {user} login successful
26846,2026-01-11,21:44:34,INFO,WebServer,Page view: /home by u2730,E103,Page view: {page} by {user}
26847,2026-01-11,21:05:15,INFO,OrderProcessor,Health check passed: OrderProcessor,E102,Health check passed: {service}
26848,2026-01-11,21:26:20,INFO,WebServer,Health check passed: WebServer,E102,Health check passed: {service}
26849,2026-01-11,21:44:22,INFO,WebServer,User u1097 login successful,E101,User {user} login successful
26850,2026-01-11,21:19:19,INFO,AuthService,Health check passed: AuthService,E102,Health check passed: {service}
26851,2026-01-11,21:02:12,INFO,WebServer,User u1764 login successful,E101,User {user} login successful
26852,2026-01-11,21:11:36,INFO,PaymentGateway,Page view: /home by u1598,E103,Page view: {page} by {user}
26853,2026-01-11,21:04:54,INFO,WebServer,Health check passed: WebServer,E102,Health check passed: {service}
26854,2026-01-11,21:54:48,INFO,WebServer,Transaction tx677867 completed in 99ms,E104,Transaction {tx} completed in {time}ms
26855,2026-01-11,21:54:02,INFO,WebServer,User u1242 login successful,E101,User {user} login successful
26856,2026-01-11,21:47:32,INFO,OrderProcessor,Health check passed: OrderProcessor,E102,Health check passed: {service}
26857,2026-01-11,21:43:43,INFO,PaymentGateway,Transaction tx207995 completed in 266ms,E104,Transaction {tx} completed in {time}ms
26858,2026-01-11,21:01:09,INFO,OrderProcessor,Page view: /home by u1735,E103,Page view: {page} by {user}
26859,2026-01-11,21:35:19,INFO,OrderProcessor,Health check passed: OrderProcessor,E102,Health check passed: {service}
26860,2026-01-11,21:42:15,INFO,AuthService,Health check passed: AuthService,E102,Health check passed: {service}
26861,2026-01-11,21:11:34,INFO,OrderProcessor,Health check passed: OrderProcessor,E102,Health check passed: {service}
26862,2026-01-11,21:48:37,INFO,WebServer,Health check passed: WebServer,E102,Health check passed: {service}
26863,2026-01-11,21:10:51,INFO,AuthService,Transaction tx700158 completed in 1488ms,E104,Transaction {tx} completed in {time}ms
26864,2026-01-11,21:39:50,INFO,OrderProcessor,Health check passed: OrderProcessor,E102,Health check passed: {service}
26865,2026-01-11,21:44:32,INFO,OrderProcessor,User u3516 login successful,E101,User {user} login successful
26866,2026-01-11,21:34:21,INFO,PaymentGateway,Health check passed: PaymentGateway,E102,Health check passed: {service}
26867,2026-01-11,21:53:44,INFO,PaymentGateway,Transaction tx956217 completed in 1551ms,E104,Transaction {tx} completed in {time}ms
26868,2026-01-11,21:29:03,INFO,AuthService,Page view: /home by u2887,E103,Page view: {page} by {user}
26869,2026-01-11,21:45:30,INFO,WebServer,User u1317 login successful,E101,User {user} login successful
26870,2026-01-11,21:53:43,INFO,InventoryDB,Health check passed: InventoryDB,E102,Health check passed: {service}
26871,2026-01-11,21:35:00,INFO,WebServer,User u4588 login successful,E101,User {user} login successful
26872,2026-01-11,21:12:31,INFO,AuthService,User u3191 login successful,E101,User {user} login successful
26873,2026-01-11,21:06:24,INFO,InventoryDB,Health check passed: InventoryDB,E102,Health check passed: {service}
26874,2026-01-11,21:41:11,INFO,PaymentGateway,Transaction tx406702 completed in 479ms,E104,Transaction {tx} completed in {time}ms
26875,2026-01-11,21:23:49,INFO,AuthService,Transaction tx991453 completed in 1568ms,E104,Transaction {tx} completed in {time}ms
26876,2026-01-11,21:45:09,INFO,OrderProcessor,User u2782 login successful,E101,User {user} login successful
26877,2026-01-11,21:45:02,INFO,WebServer,Page view: /home by u4979,E103,Page view: {page} by {user}
26878,2026-01-11,21:23:34,INFO,WebServer,User u1442 login successful,E101,User {user} login successful
26879,2026-01-11,21:25:11,INFO,AuthService,User u1223 login successful,E101,User {user} login successful
26880,2026-01-11,21:33:54,INFO,AuthService,User u2118 login successful,E101,User {user} login successful
26881,2026-01-11,21:50:39,ERROR,WebServer,Timeout waiting for lock on InventoryDB,E502,Timeout waiting for lock on {db}
26882,2026-01-11,21:30:21,INFO,WebServer,User u2450 login successful,E101,User {user} login successful
26883,2026-01-11,21:09:40,INFO,OrderProcessor,User u4698 login successful,E101,User {user} login successful
26884,2026-01-11,21:05:58,INFO,WebServer,Health check passed: WebServer,E102,Health check passed: {service}
26885,2026-01-11,21:31:01,WARN,PaymentGateway,Unauthorized access attempt from 10.0.0.12,E401,Unauthorized access attempt from {ip}
26886,2026-01-11,21:15:08,INFO,PaymentGateway,Health check passed: PaymentGateway,E102,Health check passed: {service}
26887,2026-01-11,21:52:56,INFO,OrderProcessor,User u3909 login successful,E101,User {user} login successful
26888,2026-01-11,21:37:19,INFO,OrderProcessor,Health check passed: OrderProcessor,E102,Health check passed: {service}
26889,2026-01-11,21:06:19,INFO,WebServer,Health check passed: WebServer,E102,Health check passed: {service}
26890,2026-01-11,21:45:35,INFO,WebServer,User u1580 login successful,E101,User {user} login successful
26891,2026-01-11,21:11:14,INFO,OrderProcessor,Health check passed: OrderProcessor,E102,Health check passed: {service}
26892,2026-01-11,21:30:18,INFO,WebServer,User u3779 login successful,E101,User {user} login successful
26893,2026-01-11,21:41:13,WARN,WebServer,Disk usage > 85% on node node-3,E202,Disk usage > 85% on node {node}
26894,2026-01-11,21:46:28,INFO,PaymentGateway,Page view: /home by u4390,E103,Page view: {page} by {user}
26895,2026-01-11,21:48:40,INFO,WebServer,Transaction tx822196 completed in 151ms,E104,Transaction {tx} completed in {time}ms
26896,2026-01-11,21:14:48,INFO,WebServer,Health check passed: WebServer,E102,Health check passed: {service}
26897,2026-01-11,21:32:09,INFO,PaymentGateway,Page view: /home by u2956,E103,Page view: {page} by {user}
26898,2026-01-11,21:53:54,INFO,WebServer,Transaction tx381222 completed in 825ms,E104,Transaction {tx} completed in {time}ms
26899,2026-01-11,21:40:20,WARN,PaymentGateway,High latency (474ms) detected on PaymentGateway,E201,High latency ({time}ms) detected on {service}
26900,2026-01-11,21:41:46,INFO,WebServer,User u4636 login successful,E101,User {user} login successful
26901,2026-01-11,21:30:30,INFO,WebServer,User u2996 login successful,E101,User {user} login successful
26902,2026-01-11,21:06:27,INFO,AuthService,Health check passed: AuthService,E102,Health check passed: {service}
26903,2026-01-11,21:44:13,INFO,AuthService,User u1309 login successful,E101,User {user} login successful
26904,2026-01-11,21:50:39,INFO,OrderProcessor,Page view: /home by u2943,E103,Page view: {page} by {user}
26905,2026-01-11,21:59:48,INFO,AuthService,Page view: /home by u1736,E103,Page view: {page} by {user}
26906,2026-01-11,21:50:40,INFO,WebServer,Health check passed: WebServer,E102,Health check passed: {service}
26907,2026-01-11,21:27:41,INFO,WebServer,Page view: /home by u2759,E103,Page view: {page} by {user}
26908,2026-01-11,21:09:13,INFO,WebServer,User u1441 login successful,E101,User {user} login successful
26909,2026-01-11,21:02:17,INFO,OrderProcessor,Transaction tx905620 completed in 101ms,E104,Transaction {tx} completed in {time}ms
26910,2026-01-11,21:08:53,INFO,AuthService,Transaction tx971232 completed in 1199ms,E104,Transaction {tx} completed in {time}ms
26911,2026-01-11,21:09:29,INFO,AuthService,Transaction tx318372 completed in 1125ms,E104,Transaction {tx} completed in {time}ms
26912,2026-01-11,21:55:50,WARN,WebServer,Disk usage > 85% on node node-2,E202,Disk usage > 85% on node {node}
26913,2026-01-11,21:30:42,WARN,OrderProcessor,Disk usage > 85% on node node-4,E202,Disk usage > 85% on node {node}
26914,2026-01-11,21:13:58,INFO,OrderProcessor,Page view: /home by u4180,E103,Page view: {page} by {user}
26915,2026-01-11,21:35:16,INFO,OrderProcessor,Transaction tx804516 completed in 1284ms,E104,Transaction {tx} completed in {time}ms
26916,2026-01-11,21:58:57,INFO,WebServer,Page view: /home by u1144,E103,Page view: {page} by {user}
26917,2026-01-11,21:18:35,INFO,AuthService,Transaction tx233092 completed in 960ms,E104,Transaction {tx} completed in {time}ms
26918,2026-01-11,21:56:44,INFO,WebServer,Health check passed: WebServer,E102,Health check passed: {service}
26919,2026-01-11,21:13:28,INFO,AuthService,User u1630 login successful,E101,User {user} login successful
26920,2026-01-11,21:59:08,INFO,OrderProcessor,Transaction tx712001 completed in 291ms,E104,Transaction {tx} completed in {time}ms
26921,2026-01-11,21:03:04,INFO,WebServer,Page view: /home by u2693,E103,Page view: {page} by {user}
26922,2026-01-11,21:35:45,INFO,WebServer,Transaction tx737047 completed in 627ms,E104,Transaction {tx} completed in {time}ms
26923,2026-01-11,21:28:57,CRITICAL,AuthService,DATA CORRUPTION detected in sector 392,E602,DATA CORRUPTION detected in sector {sector}
26924,2026-01-11,21:25:28,INFO,InventoryDB,Page view: /home by u3430,E103,Page view: {page} by {user}
26925,2026-01-11,21:54:17,INFO,InventoryDB,User u1224 login successful,E101,User {user} login successful
26926,2026-01-11,21:36:50,INFO,WebServer,Transaction tx211858 completed in 1164ms,E104,Transaction {tx} completed in {time}ms
26927,2026-01-11,21:18:01,INFO,WebServer,User u1386 login successful,E101,User {user} login successful
26928,2026-01-11,21:36:07,INFO,OrderProcessor,Health check passed: OrderProcessor,E102,Health check passed: {service}
26929,2026-01-11,21:58:34,WARN,PaymentGateway,High latency (1940ms) detected on PaymentGateway,E201,High latency ({time}ms) detected on {service}
26930,2026-01-11,21:56:21,INFO,PaymentGateway,Page view: /home by u2746,E103,Page view: {page} by {user}
26931,2026-01-11,21:51:55,INFO,WebServer,User u3019 login successful,E101,User {user} login successful
26932,2026-01-11,21:05:41,INFO,AuthService,Health check passed: AuthService,E102,Health check passed: {service}
26933,2026-01-11,21:02:57,INFO,WebServer,Health check passed: WebServer,E102,Health check passed: {service}
26934,2026-01-11,21:50:26,INFO,OrderProcessor,Page view: /home by u4121,E103,Page view: {page} by {user}
26935,2026-01-11,21:20:34,INFO,OrderProcessor,Page view: /home by u1500,E103,Page view: {page} by {user}
26936,2026-01-11,21:09:52,INFO,WebServer,Transaction tx572617 completed in 886ms,E104,Transaction {tx} completed in {time}ms
26937,2026-01-11,21:21:26,WARN,WebServer,Disk usage > 85% on node node-3,E202,Disk usage > 85% on node {node}
26938,2026-01-11,21:47:39,INFO,WebServer,Page view: /home by u2456,E103,Page view: {page} by {user}
26939,2026-01-11,21:41:10,INFO,WebServer,User u3023 login successful,E101,User {user} login successful
26940,2026-01-11,21:17:32,INFO,WebServer,User u4471 login successful,E101,User {user} login successful
26941,2026-01-11,21:43:17,INFO,WebServer,Transaction tx124837 completed in 1295ms,E104,Transaction {tx} completed in {time}ms
26942,2026-01-11,21:57:18,INFO,WebServer,Transaction tx956356 completed in 284ms,E104,Transaction {tx} completed in {time}ms
26943,2026-01-11,21:17:37,INFO,WebServer,Page view: /home by u2911,E103,Page view: {page} by {user}
26944,2026-01-11,21:32:57,INFO,PaymentGateway,Health check passed: PaymentGateway,E102,Health check passed: {service}
26945,2026-01-11,21:54:56,INFO,AuthService,Health check passed: AuthService,E102,Health check passed: {service}
26946,2026-01-11,21:45:23,INFO,OrderProcessor,Health check passed: OrderProcessor,E102,Health check passed: {service}
26947,2026-01-11,21:55:46,INFO,InventoryDB,User u2238 login successful,E101,User {user} login successful
26948,2026-01-11,21:21:43,INFO,WebServer,Transaction tx594431 completed in 1700ms,E104,Transaction {tx} completed in {time}ms
26949,2026-01-11,21:08:09,WARN,OrderProcessor,High latency (983ms) detected on OrderProcessor,E201,High latency ({time}ms) detected on {service}
26950,2026-01-11,21:26:49,INFO,AuthService,Page view: /home by u3649,E103,Page view: {page} by {user}
26951,2026-01-11,21:34:22,INFO,AuthService,Transaction tx783312 completed in 1980ms,E104,Transaction {tx} completed in {time}ms
26952,2026-01-11,21:51:59,INFO,WebServer,Transaction tx566165 completed in 845ms,E104,Transaction {tx} completed in {time}ms
26953,2026-01-11,21:46:10,INFO,WebServer,User u1202 login successful,E101,User {user} login successful
26954,2026-01-11,21:27:32,INFO,WebServer,Health check passed: WebServer,E102,Health check passed: {service}
26955,2026-01-11,21:35:05,INFO,PaymentGateway,Page view: /home by u3453,E103,Page view: {page} by {user}
26956,2026-01-11,21:22:35,INFO,WebServer,Transaction tx524511 completed in 458ms,E104,Transaction {tx} completed in {time}ms
26957,2026-01-11,21:01:41,INFO,OrderProcessor,Transaction tx198822 completed in 661ms,E104,Transaction {tx} completed in {time}ms
26958,2026-01-11,21:14:55,INFO,InventoryDB,Transaction tx503514 completed in 871ms,E104,Transaction {tx} completed in {time}ms
26959,2026-01-11,21:14:09,WARN,OrderProcessor,Unauthorized access attempt from 10.0.0.45,E401,Unauthorized access attempt from {ip}
26960,2026-01-11,21:14:39,ERROR,WebServer,Timeout waiting for lock on InventoryDB,E502,Timeout waiting for lock on {db}
26961,2026-01-11,21:30:28,INFO,InventoryDB,Health check passed: InventoryDB,E102,Health check passed: {service}
26962,2026-01-11,21:32:37,INFO,InventoryDB,Page view: /home by u3326,E103,Page view: {page} by {user}
26963,2026-01-11,21:09:06,INFO,OrderProcessor,Page view: /home by u3986,E103,Page view: {page} by {user}
26964,2026-01-11,21:02:19,INFO,AuthService,Page view: /home by u4497,E103,Page view: {page} by {user}
26965,2026-01-11,21:49:50,INFO,WebServer,Health check passed: WebServer,E102,Health check passed: {service}
26966,2026-01-11,21:08:15,INFO,AuthService,Health check passed: AuthService,E102,Health check passed: {service}
26967,2026-01-11,21:57:18,INFO,PaymentGateway,Page view: /home by u4157,E103,Page view: {page} by {user}
26968,2026-01-11,21:46:04,INFO,PaymentGateway,Transaction tx565006 completed in 1527ms,E104,Transaction {tx} completed in {time}ms
26969,2026-01-11,21:38:10,INFO,WebServer,Health check passed: WebServer,E102,Health check passed: {service}
26970,2026-01-11,21:09:47,INFO,WebServer,Transaction tx736266 completed in 1498ms,E104,Transaction {tx} completed in {time}ms
26971,2026-01-11,21:38:38,INFO,AuthService,Page view: /home by u4894,E103,Page view: {page} by {user}
26972,2026-01-11,21:10:55,INFO,WebServer,Page view: /home by u1284,E103,Page view: {page} by {user}
26973,2026-01-11,21:26:24,INFO,AuthService,User u3729 login successful,E101,User {user} login successful
26974,2026-01-11,21:23:29,INFO,WebServer,Health check passed: WebServer,E102,Health check passed: {service}
26975,2026-01-11,21:16:46,INFO,OrderProcessor,Transaction tx479755 completed in 429ms,E104,Transaction {tx} completed in {time}ms
26976,2026-01-11,21:47:05,INFO,WebServer,User u3229 login successful,E101,User {user} login successful
26977,2026-01-11,21:26:25,INFO,AuthService,Transaction tx154506 completed in 252ms,E104,Transaction {tx} completed in {time}ms
26978,2026-01-11,21:48:24,INFO,WebServer,Health check passed: WebServer,E102,Health check passed: {service}
26979,2026-01-11,21:29:39,INFO,AuthService,Health check passed: AuthService,E102,Health check passed: {service}
26980,2026-01-11,21:23:38,INFO,AuthService,Health check passed: AuthService,E102,Health check passed: {service}
26981,2026-01-11,21:51:40,INFO,OrderProcessor,Transaction tx928106 completed in 781ms,E104,Transaction {tx} completed in {time}ms
26982,2026-01-11,21:08:04,INFO,PaymentGateway,Page view: /home by u2624,E103,Page view: {page} by {user}
26983,2026-01-11,21:03:01,INFO,WebServer,Page view: /home by u1696,E103,Page view: {page} by {user}
26984,2026-01-11,21:40:14,WARN,AuthService,Unauthorized access attempt from 10.0.0.12,E401,Unauthorized access attempt from {ip}
26985,2026-01-11,21:55:37,INFO,AuthService,Health check passed: AuthService,E102,Health check passed: {service}
26986,2026-01-11,21:51:22,INFO,WebServer,Transaction tx636896 completed in 840ms,E104,Transaction {tx} completed in {time}ms
26987,2026-01-11,21:15:52,INFO,OrderProcessor,Transaction tx970495 completed in 685ms,E104,Transaction {tx} completed in {time}ms
26988,2026-01-11,21:21:21,WARN,WebServer,Disk usage > 85% on node node-2,E202,Disk usage > 85% on node {node}
26989,2026-01-11,21:04:50,INFO,PaymentGateway,User u1145 login successful,E101,User {user} login successful
26990,2026-01-11,21:50:30,INFO,AuthService,Health check passed: AuthService,E102,Health check passed: {service}
26991,2026-01-11,21:44:23,INFO,WebServer,Health check passed: WebServer,E102,Health check passed: {service}
26992,2026-01-11,21:00:44,INFO,WebServer,User u4106 login successful,E101,User {user} login successful
26993,2026-01-11,21:34:30,INFO,WebServer,Health check passed: WebServer,E102,Health check passed: {service}
26994,2026-01-11,21:06:00,INFO,WebServer,User u1953 login successful,E101,User {user} login successful
26995,2026-01-11,21:35:59,INFO,WebServer,Health check passed: WebServer,E102,Health check passed: {service}
26996,2026-01-11,21:38:47,INFO,WebServer,User u3264 login successful,E101,User {user} login successful
26997,2026-01-11,21:27:06,INFO,WebServer,Transaction tx202512 completed in 1979ms,E104,Transaction {tx} completed in {time}ms
26998,2026-01-11,21:37:59,INFO,OrderProcessor,Page view: /home by u4851,E103,Page view: {page} by {user}
26999,2026-01-11,21:35:43,INFO,WebServer,Page view: /home by u3012,E103,Page view: {page} by {user}
27000,2026-01-11,21:26:30,INFO,PaymentGateway,User u4888 login successful,E101,User {user} login successful
27001,2026-01-11,21:27:36,INFO,AuthService,Transaction tx678459 completed in 1275ms,E104,Transaction {tx} completed in {time}ms
27002,2026-01-11,21:58:48,INFO,PaymentGateway,Transaction tx689272 completed in 347ms,E104,Transaction {tx} completed in {time}ms
27003,2026-01-11,21:31:40,INFO,InventoryDB,Health check passed: InventoryDB,E102,Health check passed: {service}
27004,2026-01-11,21:22:38,CRITICAL,AuthService,DATA CORRUPTION detected in sector 262,E602,DATA CORRUPTION detected in sector {sector}
27005,2026-01-11,21:24:03,INFO,WebServer,Page view: /home by u4242,E103,Page view: {page} by {user}
27006,2026-01-11,21:09:16,WARN,WebServer,Disk usage > 85% on node node-2,E202,Disk usage > 85% on node {node}
27007,2026-01-11,21:06:18,INFO,OrderProcessor,Health check passed: OrderProcessor,E102,Health check passed: {service}
27008,2026-01-11,21:27:54,INFO,WebServer,User u3743 login successful,E101,User {user} login successful
27009,2026-01-11,21:37:38,INFO,InventoryDB,Page view: /home by u4832,E103,Page view: {page} by {user}
27010,2026-01-11,21:16:17,INFO,AuthService,User u3588 login successful,E101,User {user} login successful
27011,2026-01-11,21:00:42,INFO,WebServer,Page view: /home by u4424,E103,Page view: {page} by {user}
27012,2026-01-11,21:30:54,INFO,AuthService,Health check passed: AuthService,E102,Health check passed: {service}
27013,2026-01-11,21:23:32,INFO,WebServer,Transaction tx621312 completed in 1323ms,E104,Transaction {tx} completed in {time}ms
27014,2026-01-11,21:01:01,INFO,WebServer,User u3419 login successful,E101,User {user} login successful
27015,2026-01-11,21:57:43,INFO,WebServer,Page view: /home by u3533,E103,Page view: {page} by {user}
27016,2026-01-11,21:05:36,INFO,WebServer,Page view: /home by u1732,E103,Page view: {page} by {user}
27017,2026-01-11,21:04:32,INFO,PaymentGateway,Transaction tx456911 completed in 1666ms,E104,Transaction {tx} completed in {time}ms
27018,2026-01-11,21:40:34,INFO,OrderProcessor,Transaction tx848870 completed in 921ms,E104,Transaction {tx} completed in {time}ms
27019,2026-01-11,21:10:17,INFO,WebServer,Page view: /home by u3532,E103,Page view: {page} by {user}
27020,2026-01-11,21:03:42,WARN,InventoryDB,Unauthorized access attempt from 10.0.0.12,E401,Unauthorized access attempt from {ip}
27021,2026-01-11,21:11:48,CRITICAL,OrderProcessor,KERNEL PANIC: Node node-5 crashed,E601,KERNEL PANIC: Node {node} crashed
27022,2026-01-11,21:22:31,INFO,WebServer,Transaction tx479324 completed in 662ms,E104,Transaction {tx} completed in {time}ms
27023,2026-01-11,21:57:02,INFO,OrderProcessor,Transaction tx677867 completed in 387ms,E104,Transaction {tx} completed in {time}ms
27024,2026-01-11,21:10:51,INFO,OrderProcessor,Transaction tx525999 completed in 510ms,E104,Transaction {tx} completed in {time}ms
27025,2026-01-11,21:40:36,INFO,WebServer,Page view: /home by u2954,E103,Page view: {page} by {user}
27026,2026-01-11,21:09:29,INFO,PaymentGateway,Health check passed: PaymentGateway,E102,Health check passed: {service}
27027,2026-01-11,21:35:53,WARN,WebServer,High latency (1095ms) detected on WebServer,E201,High latency ({time}ms) detected on {service}
27028,2026-01-11,21:19:51,INFO,WebServer,Health check passed: WebServer,E102,Health check passed: {service}
27029,2026-01-11,21:45:17,WARN,WebServer,Unauthorized access attempt from 10.0.0.45,E401,Unauthorized access attempt from {ip}
27030,2026-01-11,21:15:08,INFO,PaymentGateway,Health check passed: PaymentGateway,E102,Health check passed: {service}
27031,2026-01-11,21:30:39,INFO,AuthService,User u3005 login successful,E101,User {user} login successful
27032,2026-01-11,21:14:51,INFO,PaymentGateway,User u3110 login successful,E101,User {user} login successful
27033,2026-01-11,21:06:29,INFO,AuthService,User u3546 login successful,E101,User {user} login successful
27034,2026-01-11,21:13:26,INFO,WebServer,Transaction tx689846 completed in 627ms,E104,Transaction {tx} completed in {time}ms
27035,2026-01-11,21:42:26,WARN,OrderProcessor,Disk usage > 85% on node node-3,E202,Disk usage > 85% on node {node}
27036,2026-01-11,21:39:18,INFO,OrderProcessor,Page view: /home by u4923,E103,Page view: {page} by {user}
27037,2026-01-11,21:06:38,INFO,AuthService,Transaction tx304444 completed in 1263ms,E104,Transaction {tx} completed in {time}ms
27038,2026-01-11,21:07:50,INFO,AuthService,Health check passed: AuthService,E102,Health check passed: {service}
27039,2026-01-11,21:17:41,INFO,WebServer,Transaction tx253049 completed in 125ms,E104,Transaction {tx} completed in {time}ms
27040,2026-01-11,21:31:50,INFO,AuthService,User u4477 login successful,E101,User {user} login successful
27041,2026-01-11,21:07:28,INFO,WebServer,Page view: /home by u4864,E103,Page view: {page} by {user}
27042,2026-01-11,21:33:59,INFO,WebServer,Page view: /home by u3475,E103,Page view: {page} by {user}
27043,2026-01-11,21:35:58,INFO,WebServer,User u4240 login successful,E101,User {user} login successful
27044,2026-01-11,21:16:22,INFO,WebServer,Transaction tx594200 completed in 318ms,E104,Transaction {tx} completed in {time}ms
27045,2026-01-11,21:19:06,INFO,WebServer,Page view: /home by u2969,E103,Page view: {page} by {user}
27046,2026-01-11,21:11:14,INFO,WebServer,User u1088 login successful,E101,User {user} login successful
27047,2026-01-11,21:30:57,INFO,WebServer,Health check passed: WebServer,E102,Health check passed: {service}
27048,2026-01-11,21:14:01,INFO,WebServer,Transaction tx598579 completed in 1281ms,E104,Transaction {tx} completed in {time}ms
27049,2026-01-11,21:40:33,INFO,WebServer,Transaction tx220387 completed in 998ms,E104,Transaction {tx} completed in {time}ms
27050,2026-01-11,21:53:51,INFO,WebServer,Transaction tx658222 completed in 1323ms,E104,Transaction {tx} completed in {time}ms
27051,2026-01-11,21:56:01,INFO,AuthService,Transaction tx989683 completed in 1454ms,E104,Transaction {tx} completed in {time}ms
27052,2026-01-11,21:47:32,INFO,AuthService,User u1027 login successful,E101,User {user} login successful
27053,2026-01-11,21:02:48,INFO,WebServer,User u2497 login successful,E101,User {user} login successful
27054,2026-01-11,21:29:49,INFO,PaymentGateway,Transaction tx841077 completed in 280ms,E104,Transaction {tx} completed in {time}ms
27055,2026-01-11,21:30:36,ERROR,WebServer,Timeout waiting for lock on InventoryDB,E502,Timeout waiting for lock on {db}
27056,2026-01-11,21:08:30,WARN,OrderProcessor,Unauthorized access attempt from 10.0.0.99,E401,Unauthorized access attempt from {ip}
27057,2026-01-11,21:59:43,INFO,AuthService,Transaction tx858871 completed in 806ms,E104,Transaction {tx} completed in {time}ms
27058,2026-01-11,21:06:31,INFO,WebServer,Transaction tx357532 completed in 62ms,E104,Transaction {tx} completed in {time}ms
27059,2026-01-11,21:46:28,INFO,InventoryDB,User u4836 login successful,E101,User {user} login successful
27060,2026-01-11,21:35:16,INFO,WebServer,Transaction tx351074 completed in 1646ms,E104,Transaction {tx} completed in {time}ms
27061,2026-01-11,21:43:00,INFO,WebServer,Transaction tx186055 completed in 737ms,E104,Transaction {tx} completed in {time}ms
27062,2026-01-11,21:28:31,INFO,AuthService,Health check passed: AuthService,E102,Health check passed: {service}
27063,2026-01-11,21:58:36,INFO,WebServer,User u2168 login successful,E101,User {user} login successful
27064,2026-01-11,21:59:03,INFO,AuthService,User u1985 login successful,E101,User {user} login successful
27065,2026-01-11,21:21:38,INFO,WebServer,Health check passed: WebServer,E102,Health check passed: {service}
27066,2026-01-11,21:49:42,INFO,WebServer,Transaction tx865071 completed in 645ms,E104,Transaction {tx} completed in {time}ms
27067,2026-01-11,21:29:32,INFO,AuthService,Health check passed: AuthService,E102,Health check passed: {service}
27068,2026-01-11,21:16:45,INFO,WebServer,Page view: /home by u4696,E103,Page view: {page} by {user}
27069,2026-01-11,21:05:13,INFO,WebServer,User u2586 login successful,E101,User {user} login successful
27070,2026-01-11,21:37:07,INFO,OrderProcessor,Health check passed: OrderProcessor,E102,Health check passed: {service}
27071,2026-01-11,21:38:47,INFO,WebServer,User u3877 login successful,E101,User {user} login successful
27072,2026-01-11,21:36:43,INFO,WebServer,Page view: /home by u1262,E103,Page view: {page} by {user}
27073,2026-01-11,21:23:20,INFO,PaymentGateway,Transaction tx379985 completed in 1068ms,E104,Transaction {tx} completed in {time}ms
27074,2026-01-11,21:57:13,INFO,WebServer,User u4045 login successful,E101,User {user} login successful
27075,2026-01-11,21:29:17,WARN,AuthService,Disk usage > 85% on node node-4,E202,Disk usage > 85% on node {node}
27076,2026-01-11,21:53:57,INFO,AuthService,Transaction tx345657 completed in 301ms,E104,Transaction {tx} completed in {time}ms
27077,2026-01-11,21:02:59,INFO,AuthService,Transaction tx171974 completed in 1842ms,E104,Transaction {tx} completed in {time}ms
27078,2026-01-11,21:26:49,INFO,WebServer,User u1780 login successful,E101,User {user} login successful
27079,2026-01-11,21:19:55,INFO,InventoryDB,Health check passed: InventoryDB,E102,Health check passed: {service}
27080,2026-01-11,21:05:15,INFO,InventoryDB,Transaction tx926546 completed in 1761ms,E104,Transaction {tx} completed in {time}ms
27081,2026-01-11,21:25:51,INFO,WebServer,Health check passed: WebServer,E102,Health check passed: {service}
27082,2026-01-11,21:20:07,INFO,OrderProcessor,Transaction tx306744 completed in 147ms,E104,Transaction {tx} completed in {time}ms
27083,2026-01-11,21:36:00,INFO,WebServer,Transaction tx715226 completed in 398ms,E104,Transaction {tx} completed in {time}ms
27084,2026-01-11,21:37:46,INFO,WebServer,User u3670 login successful,E101,User {user} login successful
27085,2026-01-11,21:44:02,INFO,WebServer,Health check passed: WebServer,E102,Health check passed: {service}
27086,2026-01-11,21:03:22,INFO,WebServer,User u4133 login successful,E101,User {user} login successful
27087,2026-01-11,21:45:24,INFO,WebServer,Transaction tx911234 completed in 918ms,E104,Transaction {tx} completed in {time}ms
27088,2026-01-11,21:26:14,INFO,PaymentGateway,Transaction tx221442 completed in 1182ms,E104,Transaction {tx} completed in {time}ms
27089,2026-01-11,21:19:44,INFO,PaymentGateway,Health check passed: PaymentGateway,E102,Health check passed: {service}
27090,2026-01-11,21:44:20,INFO,AuthService,Health check passed: AuthService,E102,Health check passed: {service}
27091,2026-01-11,21:41:27,INFO,PaymentGateway,Page view: /home by u1158,E103,Page view: {page} by {user}
27092,2026-01-11,21:30:59,INFO,WebServer,Page view: /home by u1314,E103,Page view: {page} by {user}
27093,2026-01-11,21:00:43,INFO,InventoryDB,Page view: /home by u1521,E103,Page view: {page} by {user}
27094,2026-01-11,21:08:06,INFO,WebServer,User u1153 login successful,E101,User {user} login successful
27095,2026-01-11,21:15:30,INFO,WebServer,User u2713 login successful,E101,User {user} login successful
27096,2026-01-11,21:35:41,INFO,AuthService,User u1490 login successful,E101,User {user} login successful
27097,2026-01-11,21:43:31,INFO,WebServer,Page view: /home by u4994,E103,Page view: {page} by {user}
27098,2026-01-11,21:30:24,INFO,AuthService,Transaction tx133908 completed in 303ms,E104,Transaction {tx} completed in {time}ms
27099,2026-01-11,21:40:05,INFO,WebServer,Page view: /home by u3577,E103,Page view: {page} by {user}
27100,2026-01-11,21:55:16,INFO,PaymentGateway,User u4433 login successful,E101,User {user} login successful
27101,2026-01-11,21:52:35,INFO,WebServer,User u1969 login successful,E101,User {user} login successful
27102,2026-01-11,21:32:13,INFO,WebServer,Transaction tx721228 completed in 1672ms,E104,Transaction {tx} completed in {time}ms
27103,2026-01-11,21:25:23,INFO,AuthService,Health check passed: AuthService,E102,Health check passed: {service}
27104,2026-01-11,21:24:22,INFO,WebServer,Transaction tx977282 completed in 589ms,E104,Transaction {tx} completed in {time}ms
27105,2026-01-11,21:26:01,INFO,WebServer,User u4234 login successful,E101,User {user} login successful
27106,2026-01-11,21:57:49,INFO,AuthService,Transaction tx313452 completed in 1831ms,E104,Transaction {tx} completed in {time}ms
27107,2026-01-11,21:53:21,INFO,WebServer,User u3469 login successful,E101,User {user} login successful
27108,2026-01-11,21:01:40,INFO,WebServer,Health check passed: WebServer,E102,Health check passed: {service}
27109,2026-01-11,21:49:27,INFO,WebServer,Health check passed: WebServer,E102,Health check passed: {service}
27110,2026-01-11,21:31:31,INFO,WebServer,User u2268 login successful,E101,User {user} login successful
27111,2026-01-11,21:22:08,INFO,PaymentGateway,Health check passed: PaymentGateway,E102,Health check passed: {service}
27112,2026-01-11,21:55:07,WARN,WebServer,High latency (1667ms) detected on WebServer,E201,High latency ({time}ms) detected on {service}
27113,2026-01-11,21:39:50,INFO,OrderProcessor,Transaction tx111382 completed in 67ms,E104,Transaction {tx} completed in {time}ms
27114,2026-01-11,21:19:35,INFO,OrderProcessor,User u3191 login successful,E101,User {user} login successful
27115,2026-01-11,21:46:42,INFO,InventoryDB,User u4721 login successful,E101,User {user} login successful
27116,2026-01-11,21:32:36,INFO,PaymentGateway,Health check passed: PaymentGateway,E102,Health check passed: {service}
27117,2026-01-11,21:17:41,INFO,OrderProcessor,Transaction tx965526 completed in 686ms,E104,Transaction {tx} completed in {time}ms
27118,2026-01-11,21:21:47,INFO,WebServer,User u4156 login successful,E101,User {user} login successful
27119,2026-01-11,21:59:02,INFO,WebServer,Health check passed: WebServer,E102,Health check passed: {service}
27120,2026-01-11,21:05:35,WARN,WebServer,High latency (921ms) detected on WebServer,E201,High latency ({time}ms) detected on {service}
27121,2026-01-11,21:06:38,WARN,WebServer,Disk usage > 85% on node node-4,E202,Disk usage > 85% on node {node}
27122,2026-01-11,21:35:50,INFO,AuthService,Page view: /home by u3629,E103,Page view: {page} by {user}
27123,2026-01-11,21:27:37,INFO,WebServer,Transaction tx254179 completed in 1486ms,E104,Transaction {tx} completed in {time}ms
27124,2026-01-11,21:54:14,INFO,WebServer,Transaction tx802667 completed in 53ms,E104,Transaction {tx} completed in {time}ms
27125,2026-01-11,21:45:42,INFO,OrderProcessor,Health check passed: OrderProcessor,E102,Health check passed: {service}
27126,2026-01-11,21:39:19,INFO,OrderProcessor,User u4208 login successful,E101,User {user} login successful
27127,2026-01-11,21:17:18,INFO,WebServer,Health check passed: WebServer,E102,Health check passed: {service}
27128,2026-01-11,21:11:14,INFO,WebServer,Page view: /home by u2021,E103,Page view: {page} by {user}
27129,2026-01-11,21:25:53,INFO,AuthService,User u2736 login successful,E101,User {user} login successful
27130,2026-01-11,21:36:26,INFO,AuthService,User u2783 login successful,E101,User {user} login successful
27131,2026-01-11,21:04:42,INFO,WebServer,Transaction tx986140 completed in 1849ms,E104,Transaction {tx} completed in {time}ms
27132,2026-01-11,21:49:20,INFO,WebServer,Health check passed: WebServer,E102,Health check passed: {service}
27133,2026-01-11,21:25:58,INFO,WebServer,Transaction tx173464 completed in 952ms,E104,Transaction {tx} completed in {time}ms
27134,2026-01-11,21:04:39,WARN,AuthService,High latency (1690ms) detected on AuthService,E201,High latency ({time}ms) detected on {service}
27135,2026-01-11,21:09:11,INFO,WebServer,Health check passed: WebServer,E102,Health check passed: {service}
27136,2026-01-11,21:10:19,WARN,WebServer,High latency (1624ms) detected on WebServer,E201,High latency ({time}ms) detected on {service}
27137,2026-01-11,21:03:46,INFO,WebServer,Health check passed: WebServer,E102,Health check passed: {service}
27138,2026-01-11,21:21:53,INFO,WebServer,Page view: /home by u2045,E103,Page view: {page} by {user}
27139,2026-01-11,21:55:12,INFO,OrderProcessor,Transaction tx130603 completed in 1442ms,E104,Transaction {tx} completed in {time}ms
27140,2026-01-11,21:22:36,INFO,WebServer,Health check passed: WebServer,E102,Health check passed: {service}
27141,2026-01-11,21:25:34,INFO,InventoryDB,Health check passed: InventoryDB,E102,Health check passed: {service}
27142,2026-01-11,21:32:58,INFO,WebServer,Page view: /home by u1358,E103,Page view: {page} by {user}
27143,2026-01-11,21:37:46,INFO,WebServer,Health check passed: WebServer,E102,Health check passed: {service}
27144,2026-01-11,21:04:44,INFO,OrderProcessor,User u2156 login successful,E101,User {user} login successful
27145,2026-01-11,21:20:05,INFO,AuthService,User u4129 login successful,E101,User {user} login successful
27146,2026-01-11,21:52:14,INFO,WebServer,Health check passed: WebServer,E102,Health check passed: {service}
27147,2026-01-11,21:01:32,INFO,WebServer,Page view: /home by u1347,E103,Page view: {page} by {user}
27148,2026-01-11,21:29:56,INFO,WebServer,Transaction tx556040 completed in 918ms,E104,Transaction {tx} completed in {time}ms
27149,2026-01-11,21:23:11,INFO,WebServer,Transaction tx757970 completed in 1736ms,E104,Transaction {tx} completed in {time}ms
27150,2026-01-11,21:03:59,INFO,InventoryDB,Transaction tx733182 completed in 331ms,E104,Transaction {tx} completed in {time}ms
27151,2026-01-11,21:03:02,ERROR,AuthService,Connection refused to AuthService at 10.0.0.88,E501,Connection refused to {service} at {ip}
27152,2026-01-11,21:56:56,INFO,WebServer,Page view: /home by u2016,E103,Page view: {page} by {user}
27153,2026-01-11,21:48:15,INFO,InventoryDB,User u2961 login successful,E101,User {user} login successful
27154,2026-01-11,21:47:02,INFO,AuthService,Page view: /home by u4437,E103,Page view: {page} by {user}
27155,2026-01-11,21:22:36,INFO,OrderProcessor,User u4827 login successful,E101,User {user} login successful
27156,2026-01-11,21:38:12,INFO,WebServer,Health check passed: WebServer,E102,Health check passed: {service}
27157,2026-01-11,21:20:38,INFO,AuthService,Transaction tx727327 completed in 1666ms,E104,Transaction {tx} completed in {time}ms
27158,2026-01-11,21:53:21,INFO,AuthService,Transaction tx880636 completed in 751ms,E104,Transaction {tx} completed in {time}ms
27159,2026-01-11,21:38:44,INFO,WebServer,Transaction tx585486 completed in 421ms,E104,Transaction {tx} completed in {time}ms
27160,2026-01-11,21:29:42,INFO,WebServer,Health check passed: WebServer,E102,Health check passed: {service}
27161,2026-01-11,21:30:59,INFO,OrderProcessor,Transaction tx910785 completed in 1594ms,E104,Transaction {tx} completed in {time}ms
27162,2026-01-11,21:02:06,INFO,WebServer,Page view: /home by u1050,E103,Page view: {page} by {user}
27163,2026-01-11,21:41:55,INFO,WebServer,Health check passed: WebServer,E102,Health check passed: {service}
27164,2026-01-11,21:50:23,INFO,OrderProcessor,Health check passed: OrderProcessor,E102,Health check passed: {service}
27165,2026-01-11,21:00:59,INFO,OrderProcessor,Transaction tx580266 completed in 242ms,E104,Transaction {tx} completed in {time}ms
27166,2026-01-11,21:27:13,INFO,WebServer,Transaction tx240978 completed in 520ms,E104,Transaction {tx} completed in {time}ms
27167,2026-01-11,21:59:40,WARN,WebServer,High latency (1594ms) detected on WebServer,E201,High latency ({time}ms) detected on {service}
27168,2026-01-11,21:35:38,INFO,WebServer,Health check passed: WebServer,E102,Health check passed: {service}
27169,2026-01-11,21:51:41,INFO,OrderProcessor,User u2103 login successful,E101,User {user} login successful
27170,2026-01-11,21:18:35,INFO,PaymentGateway,User u3381 login successful,E101,User {user} login successful
27171,2026-01-11,21:44:43,INFO,AuthService,Transaction tx948745 completed in 1895ms,E104,Transaction {tx} completed in {time}ms
27172,2026-01-11,21:24:37,INFO,WebServer,Health check passed: WebServer,E102,Health check passed: {service}
27173,2026-01-11,21:33:06,INFO,AuthService,Health check passed: AuthService,E102,Health check passed: {service}
27174,2026-01-11,21:36:44,INFO,InventoryDB,Transaction tx129704 completed in 1134ms,E104,Transaction {tx} completed in {time}ms
27175,2026-01-11,21:47:18,INFO,WebServer,Health check passed: WebServer,E102,Health check passed: {service}
27176,2026-01-11,21:39:04,INFO,WebServer,User u4340 login successful,E101,User {user} login successful
27177,2026-01-11,21:31:14,INFO,OrderProcessor,Transaction tx118961 completed in 1573ms,E104,Transaction {tx} completed in {time}ms
27178,2026-01-11,21:32:12,INFO,WebServer,Health check passed: WebServer,E102,Health check passed: {service}
27179,2026-01-11,21:44:40,INFO,WebServer,Health check passed: WebServer,E102,Health check passed: {service}
27180,2026-01-11,21:39:20,INFO,OrderProcessor,Transaction tx756615 completed in 1508ms,E104,Transaction {tx} completed in {time}ms
27181,2026-01-11,21:23:21,INFO,AuthService,Transaction tx132285 completed in 1026ms,E104,Transaction {tx} completed in {time}ms
27182,2026-01-11,21:37:08,INFO,PaymentGateway,Health check passed: PaymentGateway,E102,Health check passed: {service}
27183,2026-01-11,21:45:02,INFO,PaymentGateway,Transaction tx919551 completed in 1411ms,E104,Transaction {tx} completed in {time}ms
27184,2026-01-11,21:47:57,WARN,WebServer,Unauthorized access attempt from 10.0.0.12,E401,Unauthorized access attempt from {ip}
27185,2026-01-11,21:21:18,INFO,AuthService,User u3225 login successful,E101,User {user} login successful
27186,2026-01-11,21:24:26,INFO,WebServer,User u3721 login successful,E101,User {user} login successful
27187,2026-01-11,21:21:46,INFO,AuthService,Transaction tx919873 completed in 1507ms,E104,Transaction {tx} completed in {time}ms
27188,2026-01-11,21:15:39,INFO,AuthService,Transaction tx838959 completed in 942ms,E104,Transaction {tx} completed in {time}ms
27189,2026-01-11,21:09:19,INFO,WebServer,User u2813 login successful,E101,User {user} login successful
27190,2026-01-11,21:14:42,INFO,PaymentGateway,Health check passed: PaymentGateway,E102,Health check passed: {service}
27191,2026-01-11,21:18:08,WARN,InventoryDB,Disk usage > 85% on node node-2,E202,Disk usage > 85% on node {node}
27192,2026-01-11,21:50:37,INFO,WebServer,User u3201 login successful,E101,User {user} login successful
27193,2026-01-11,21:22:19,INFO,AuthService,Page view: /home by u3055,E103,Page view: {page} by {user}
27194,2026-01-11,21:12:24,INFO,OrderProcessor,Page view: /home by u3026,E103,Page view: {page} by {user}
27195,2026-01-11,21:44:41,INFO,OrderProcessor,User u2251 login successful,E101,User {user} login successful
27196,2026-01-11,21:05:41,INFO,PaymentGateway,Page view: /home by u2507,E103,Page view: {page} by {user}
27197,2026-01-11,21:52:37,INFO,OrderProcessor,User u3314 login successful,E101,User {user} login successful
27198,2026-01-11,21:34:13,INFO,AuthService,Transaction tx453183 completed in 561ms,E104,Transaction {tx} completed in {time}ms
27199,2026-01-11,21:22:44,INFO,WebServer,Page view: /home by u4488,E103,Page view: {page} by {user}
27200,2026-01-11,21:09:09,INFO,OrderProcessor,Page view: /home by u2964,E103,Page view: {page} by {user}
27201,2026-01-11,21:56:55,INFO,WebServer,Health check passed: WebServer,E102,Health check passed: {service}
27202,2026-01-11,21:19:56,INFO,AuthService,Health check passed: AuthService,E102,Health check passed: {service}
27203,2026-01-11,21:23:57,INFO,WebServer,Page view: /home by u4791,E103,Page view: {page} by {user}
27204,2026-01-11,21:21:04,INFO,WebServer,Health check passed: WebServer,E102,Health check passed: {service}
27205,2026-01-11,21:07:41,INFO,AuthService,User u3702 login successful,E101,User {user} login successful
27206,2026-01-11,21:23:18,INFO,WebServer,Health check passed: WebServer,E102,Health check passed: {service}
27207,2026-01-11,21:17:48,INFO,WebServer,Health check passed: WebServer,E102,Health check passed: {service}
27208,2026-01-11,21:24:38,INFO,WebServer,Health check passed: WebServer,E102,Health check passed: {service}
27209,2026-01-11,21:06:05,INFO,WebServer,Page view: /home by u1645,E103,Page view: {page} by {user}
27210,2026-01-11,21:20:27,INFO,AuthService,Transaction tx550623 completed in 1590ms,E104,Transaction {tx} completed in {time}ms
27211,2026-01-11,21:55:54,WARN,AuthService,High latency (1463ms) detected on AuthService,E201,High latency ({time}ms) detected on {service}
27212,2026-01-11,21:44:22,INFO,OrderProcessor,Health check passed: OrderProcessor,E102,Health check passed: {service}
27213,2026-01-11,21:34:56,INFO,WebServer,Health check passed: WebServer,E102,Health check passed: {service}
27214,2026-01-11,21:42:35,INFO,WebServer,Page view: /home by u2439,E103,Page view: {page} by {user}
27215,2026-01-11,21:48:47,INFO,AuthService,User u1568 login successful,E101,User {user} login successful
27216,2026-01-11,21:44:33,INFO,AuthService,Health check passed: AuthService,E102,Health check passed: {service}
27217,2026-01-11,21:38:10,INFO,WebServer,Page view: /home by u4998,E103,Page view: {page} by {user}
27218,2026-01-11,21:40:03,INFO,PaymentGateway,Transaction tx630341 completed in 1575ms,E104,Transaction {tx} completed in {time}ms
27219,2026-01-11,21:31:07,CRITICAL,AuthService,KERNEL PANIC: Node node-5 crashed,E601,KERNEL PANIC: Node {node} crashed
27220,2026-01-11,21:36:23,INFO,WebServer,Health check passed: WebServer,E102,Health check passed: {service}
27221,2026-01-11,21:32:13,INFO,WebServer,Transaction tx438452 completed in 1740ms,E104,Transaction {tx} completed in {time}ms
27222,2026-01-11,21:08:20,INFO,WebServer,Page view: /home by u1775,E103,Page view: {page} by {user}
27223,2026-01-11,21:00:51,INFO,InventoryDB,Transaction tx939560 completed in 1621ms,E104,Transaction {tx} completed in {time}ms
27224,2026-01-11,21:31:13,INFO,WebServer,Page view: /home by u3182,E103,Page view: {page} by {user}
27225,2026-01-11,21:53:43,INFO,AuthService,Health check passed: AuthService,E102,Health check passed: {service}
27226,2026-01-11,21:10:04,INFO,WebServer,Page view: /home by u2581,E103,Page view: {page} by {user}
27227,2026-01-11,21:48:40,INFO,WebServer,Health check passed: WebServer,E102,Health check passed: {service}
27228,2026-01-11,21:49:27,INFO,AuthService,User u2270 login successful,E101,User {user} login successful
27229,2026-01-11,21:57:00,INFO,WebServer,Health check passed: WebServer,E102,Health check passed: {service}
27230,2026-01-11,21:58:16,INFO,WebServer,User u2443 login successful,E101,User {user} login successful
27231,2026-01-11,21:15:02,INFO,WebServer,Health check passed: WebServer,E102,Health check passed: {service}
27232,2026-01-11,21:03:26,INFO,OrderProcessor,User u2681 login successful,E101,User {user} login successful
27233,2026-01-11,21:54:44,INFO,AuthService,User u2167 login successful,E101,User {user} login successful
27234,2026-01-11,21:22:21,INFO,WebServer,Transaction tx100730 completed in 239ms,E104,Transaction {tx} completed in {time}ms
27235,2026-01-11,21:04:05,INFO,OrderProcessor,User u1611 login successful,E101,User {user} login successful
27236,2026-01-11,21:40:59,INFO,WebServer,Page view: /home by u2706,E103,Page view: {page} by {user}
27237,2026-01-11,21:47:54,INFO,WebServer,Transaction tx863317 completed in 1501ms,E104,Transaction {tx} completed in {time}ms
27238,2026-01-11,21:17:06,INFO,AuthService,Page view: /home by u4040,E103,Page view: {page} by {user}
27239,2026-01-11,21:42:22,INFO,OrderProcessor,Health check passed: OrderProcessor,E102,Health check passed: {service}
27240,2026-01-11,21:55:37,INFO,AuthService,User u2648 login successful,E101,User {user} login successful
27241,2026-01-11,21:12:36,ERROR,AuthService,Connection refused to AuthService at 10.0.0.88,E501,Connection refused to {service} at {ip}
27242,2026-01-11,21:38:43,INFO,OrderProcessor,User u2231 login successful,E101,User {user} login successful
27243,2026-01-11,21:34:04,INFO,WebServer,Page view: /home by u4514,E103,Page view: {page} by {user}
27244,2026-01-11,21:14:48,INFO,WebServer,Page view: /home by u1586,E103,Page view: {page} by {user}
27245,2026-01-11,21:04:08,INFO,InventoryDB,Health check passed: InventoryDB,E102,Health check passed: {service}
27246,2026-01-11,21:58:53,WARN,AuthService,High latency (755ms) detected on AuthService,E201,High latency ({time}ms) detected on {service}
27247,2026-01-11,21:30:20,INFO,WebServer,Health check passed: WebServer,E102,Health check passed: {service}
27248,2026-01-11,21:19:48,INFO,WebServer,Page view: /home by u3404,E103,Page view: {page} by {user}
27249,2026-01-11,21:21:30,INFO,AuthService,Transaction tx959230 completed in 1119ms,E104,Transaction {tx} completed in {time}ms
27250,2026-01-11,21:44:10,INFO,AuthService,Page view: /home by u3134,E103,Page view: {page} by {user}
27251,2026-01-11,21:03:54,INFO,WebServer,Transaction tx676593 completed in 388ms,E104,Transaction {tx} completed in {time}ms
27252,2026-01-11,21:35:06,INFO,OrderProcessor,User u1256 login successful,E101,User {user} login successful
27253,2026-01-11,21:09:55,INFO,OrderProcessor,Page view: /home by u3842,E103,Page view: {page} by {user}
27254,2026-01-11,21:13:15,INFO,WebServer,Transaction tx520016 completed in 1801ms,E104,Transaction {tx} completed in {time}ms
27255,2026-01-11,21:28:55,INFO,WebServer,User u4255 login successful,E101,User {user} login successful
27256,2026-01-11,21:08:50,INFO,OrderProcessor,Health check passed: OrderProcessor,E102,Health check passed: {service}
27257,2026-01-11,21:15:05,INFO,OrderProcessor,User u1391 login successful,E101,User {user} login successful
27258,2026-01-11,21:40:36,INFO,WebServer,User u4718 login successful,E101,User {user} login successful
27259,2026-01-11,21:48:59,INFO,OrderProcessor,Health check passed: OrderProcessor,E102,Health check passed: {service}
27260,2026-01-11,21:21:58,WARN,WebServer,High latency (537ms) detected on WebServer,E201,High latency ({time}ms) detected on {service}
27261,2026-01-11,21:12:00,INFO,OrderProcessor,User u2998 login successful,E101,User {user} login successful
27262,2026-01-11,21:05:37,INFO,PaymentGateway,User u2790 login successful,E101,User {user} login successful
27263,2026-01-11,21:26:42,ERROR,AuthService,Connection refused to AuthService at 10.0.0.12,E501,Connection refused to {service} at {ip}
27264,2026-01-11,21:53:20,INFO,WebServer,Transaction tx193737 completed in 1896ms,E104,Transaction {tx} completed in {time}ms
27265,2026-01-11,21:29:27,INFO,AuthService,Page view: /home by u3654,E103,Page view: {page} by {user}
27266,2026-01-11,21:34:23,INFO,WebServer,User u4103 login successful,E101,User {user} login successful
27267,2026-01-11,21:07:15,INFO,PaymentGateway,Health check passed: PaymentGateway,E102,Health check passed: {service}
27268,2026-01-11,21:04:33,INFO,WebServer,User u3976 login successful,E101,User {user} login successful
27269,2026-01-11,21:00:00,ERROR,OrderProcessor,Connection refused to OrderProcessor at 10.0.0.12,E501,Connection refused to {service} at {ip}
27270,2026-01-11,21:45:44,INFO,WebServer,Page view: /home by u1787,E103,Page view: {page} by {user}
27271,2026-01-11,21:58:20,INFO,WebServer,Page view: /home by u2513,E103,Page view: {page} by {user}
27272,2026-01-11,21:48:42,INFO,WebServer,Page view: /home by u3362,E103,Page view: {page} by {user}
27273,2026-01-11,21:06:47,INFO,AuthService,Page view: /home by u2951,E103,Page view: {page} by {user}
27274,2026-01-11,21:22:00,WARN,WebServer,High latency (604ms) detected on WebServer,E201,High latency ({time}ms) detected on {service}
27275,2026-01-11,21:31:09,INFO,WebServer,User u4567 login successful,E101,User {user} login successful
27276,2026-01-11,21:53:49,INFO,AuthService,Page view: /home by u3163,E103,Page view: {page} by {user}
27277,2026-01-11,21:49:04,WARN,AuthService,Unauthorized access attempt from 10.0.0.45,E401,Unauthorized access attempt from {ip}
27278,2026-01-11,21:39:58,INFO,InventoryDB,Health check passed: InventoryDB,E102,Health check passed: {service}
27279,2026-01-11,21:52:31,INFO,AuthService,Transaction tx327597 completed in 1368ms,E104,Transaction {tx} completed in {time}ms
27280,2026-01-11,21:39:03,INFO,AuthService,Transaction tx459514 completed in 1044ms,E104,Transaction {tx} completed in {time}ms
27281,2026-01-11,21:03:48,INFO,OrderProcessor,Health check passed: OrderProcessor,E102,Health check passed: {service}
27282,2026-01-11,21:24:24,INFO,WebServer,Page view: /home by u4603,E103,Page view: {page} by {user}
27283,2026-01-11,21:49:11,INFO,WebServer,User u1109 login successful,E101,User {user} login successful
27284,2026-01-11,21:12:04,INFO,WebServer,Transaction tx836197 completed in 973ms,E104,Transaction {tx} completed in {time}ms
27285,2026-01-11,21:07:24,INFO,AuthService,Page view: /home by u4730,E103,Page view: {page} by {user}
27286,2026-01-11,21:12:33,INFO,OrderProcessor,Health check passed: OrderProcessor,E102,Health check passed: {service}
27287,2026-01-11,21:36:53,INFO,WebServer,Page view: /home by u2340,E103,Page view: {page} by {user}
27288,2026-01-11,21:36:41,INFO,AuthService,Page view: /home by u4717,E103,Page view: {page} by {user}
27289,2026-01-11,21:34:38,INFO,OrderProcessor,Page view: /home by u4118,E103,Page view: {page} by {user}
27290,2026-01-11,21:55:28,INFO,OrderProcessor,Health check passed: OrderProcessor,E102,Health check passed: {service}
27291,2026-01-11,21:15:23,INFO,WebServer,Transaction tx885410 completed in 1336ms,E104,Transaction {tx} completed in {time}ms
27292,2026-01-11,21:59:22,WARN,WebServer,Disk usage > 85% on node node-5,E202,Disk usage > 85% on node {node}
27293,2026-01-11,21:29:54,INFO,WebServer,Page view: /home by u2851,E103,Page view: {page} by {user}
27294,2026-01-11,21:27:13,INFO,InventoryDB,User u4966 login successful,E101,User {user} login successful
27295,2026-01-11,21:32:21,WARN,OrderProcessor,High latency (302ms) detected on OrderProcessor,E201,High latency ({time}ms) detected on {service}
27296,2026-01-11,21:58:25,INFO,AuthService,Transaction tx534000 completed in 1007ms,E104,Transaction {tx} completed in {time}ms
27297,2026-01-11,21:23:34,INFO,OrderProcessor,User u2780 login successful,E101,User {user} login successful
27298,2026-01-11,21:18:05,INFO,WebServer,User u1595 login successful,E101,User {user} login successful
27299,2026-01-11,21:41:59,INFO,OrderProcessor,User u2279 login successful,E101,User {user} login successful
27300,2026-01-11,21:11:28,INFO,WebServer,Health check passed: WebServer,E102,Health check passed: {service}
27301,2026-01-11,21:18:29,INFO,WebServer,Health check passed: WebServer,E102,Health check passed: {service}
27302,2026-01-11,21:33:42,INFO,OrderProcessor,User u4706 login successful,E101,User {user} login successful
27303,2026-01-11,21:08:46,INFO,WebServer,Health check passed: WebServer,E102,Health check passed: {service}
27304,2026-01-11,21:34:22,INFO,WebServer,User u2823 login successful,E101,User {user} login successful
27305,2026-01-11,21:45:14,INFO,WebServer,User u3077 login successful,E101,User {user} login successful
27306,2026-01-11,21:16:16,INFO,WebServer,Transaction tx592888 completed in 33ms,E104,Transaction {tx} completed in {time}ms
27307,2026-01-11,21:12:32,INFO,OrderProcessor,Transaction tx609939 completed in 1944ms,E104,Transaction {tx} completed in {time}ms
27308,2026-01-11,21:00:56,INFO,WebServer,User u3290 login successful,E101,User {user} login successful
27309,2026-01-11,21:35:27,INFO,PaymentGateway,Health check passed: PaymentGateway,E102,Health check passed: {service}
27310,2026-01-11,21:22:37,WARN,InventoryDB,Disk usage > 85% on node node-3,E202,Disk usage > 85% on node {node}
27311,2026-01-11,21:19:12,INFO,WebServer,Transaction tx428601 completed in 1172ms,E104,Transaction {tx} completed in {time}ms
27312,2026-01-11,21:47:06,WARN,InventoryDB,Disk usage > 85% on node node-4,E202,Disk usage > 85% on node {node}
27313,2026-01-11,21:35:14,INFO,AuthService,Transaction tx687082 completed in 278ms,E104,Transaction {tx} completed in {time}ms
27314,2026-01-11,21:45:09,INFO,AuthService,Health check passed: AuthService,E102,Health check passed: {service}
27315,2026-01-11,21:08:28,INFO,WebServer,Transaction tx519161 completed in 1709ms,E104,Transaction {tx} completed in {time}ms
27316,2026-01-11,21:51:32,WARN,WebServer,Disk usage > 85% on node node-4,E202,Disk usage > 85% on node {node}
27317,2026-01-11,21:52:19,INFO,InventoryDB,Page view: /home by u3770,E103,Page view: {page} by {user}
27318,2026-01-11,21:14:44,INFO,WebServer,Transaction tx152846 completed in 262ms,E104,Transaction {tx} completed in {time}ms
27319,2026-01-11,21:31:43,INFO,WebServer,User u2976 login successful,E101,User {user} login successful
27320,2026-01-11,21:52:52,INFO,PaymentGateway,User u4055 login successful,E101,User {user} login successful
27321,2026-01-11,21:12:49,INFO,AuthService,Transaction tx279623 completed in 1931ms,E104,Transaction {tx} completed in {time}ms
27322,2026-01-11,21:48:23,INFO,PaymentGateway,Transaction tx661326 completed in 115ms,E104,Transaction {tx} completed in {time}ms
27323,2026-01-11,21:05:48,INFO,WebServer,Transaction tx459987 completed in 1477ms,E104,Transaction {tx} completed in {time}ms
27324,2026-01-11,21:51:39,INFO,WebServer,Transaction tx842272 completed in 672ms,E104,Transaction {tx} completed in {time}ms
27325,2026-01-11,21:02:48,INFO,PaymentGateway,Page view: /home by u2429,E103,Page view: {page} by {user}
27326,2026-01-11,21:06:55,INFO,WebServer,Page view: /home by u4006,E103,Page view: {page} by {user}
27327,2026-01-11,21:02:02,INFO,AuthService,User u2881 login successful,E101,User {user} login successful
27328,2026-01-11,21:14:43,INFO,AuthService,Transaction tx265478 completed in 786ms,E104,Transaction {tx} completed in {time}ms
27329,2026-01-11,21:59:03,INFO,AuthService,Transaction tx169045 completed in 851ms,E104,Transaction {tx} completed in {time}ms
27330,2026-01-11,21:26:30,INFO,WebServer,Transaction tx575736 completed in 223ms,E104,Transaction {tx} completed in {time}ms
27331,2026-01-11,21:37:52,INFO,OrderProcessor,User u4927 login successful,E101,User {user} login successful
27332,2026-01-11,21:42:00,INFO,OrderProcessor,Page view: /home by u2404,E103,Page view: {page} by {user}
27333,2026-01-11,21:29:12,INFO,OrderProcessor,Health check passed: OrderProcessor,E102,Health check passed: {service}
27334,2026-01-11,21:37:48,INFO,PaymentGateway,User u1095 login successful,E101,User {user} login successful
27335,2026-01-11,21:19:12,INFO,InventoryDB,User u1055 login successful,E101,User {user} login successful
27336,2026-01-11,21:21:11,INFO,WebServer,User u3459 login successful,E101,User {user} login successful
27337,2026-01-11,21:34:46,INFO,OrderProcessor,Page view: /home by u2102,E103,Page view: {page} by {user}
27338,2026-01-11,21:27:31,INFO,WebServer,Health check passed: WebServer,E102,Health check passed: {service}
27339,2026-01-11,21:01:18,INFO,AuthService,Transaction tx563379 completed in 143ms,E104,Transaction {tx} completed in {time}ms
27340,2026-01-11,21:54:03,INFO,AuthService,Transaction tx639671 completed in 1505ms,E104,Transaction {tx} completed in {time}ms
27341,2026-01-11,21:59:08,INFO,PaymentGateway,User u3695 login successful,E101,User {user} login successful
27342,2026-01-11,21:21:39,INFO,OrderProcessor,Health check passed: OrderProcessor,E102,Health check passed: {service}
27343,2026-01-11,21:10:39,INFO,AuthService,Health check passed: AuthService,E102,Health check passed: {service}
27344,2026-01-11,21:52:16,INFO,OrderProcessor,User u4443 login successful,E101,User {user} login successful
27345,2026-01-11,21:01:44,INFO,AuthService,Page view: /home by u3904,E103,Page view: {page} by {user}
27346,2026-01-11,21:44:03,WARN,PaymentGateway,Unauthorized access attempt from 10.0.0.45,E401,Unauthorized access attempt from {ip}
27347,2026-01-11,21:43:40,INFO,AuthService,Health check passed: AuthService,E102,Health check passed: {service}
27348,2026-01-11,21:11:19,INFO,WebServer,Page view: /home by u3237,E103,Page view: {page} by {user}
27349,2026-01-11,21:56:55,INFO,WebServer,Transaction tx728088 completed in 176ms,E104,Transaction {tx} completed in {time}ms
27350,2026-01-11,21:33:49,INFO,WebServer,Page view: /home by u2715,E103,Page view: {page} by {user}
27351,2026-01-11,21:38:44,INFO,AuthService,Transaction tx773066 completed in 1971ms,E104,Transaction {tx} completed in {time}ms
27352,2026-01-11,21:59:20,INFO,WebServer,Transaction tx401764 completed in 1156ms,E104,Transaction {tx} completed in {time}ms
27353,2026-01-11,21:41:32,INFO,OrderProcessor,Page view: /home by u1108,E103,Page view: {page} by {user}
27354,2026-01-11,21:48:02,INFO,AuthService,Page view: /home by u4695,E103,Page view: {page} by {user}
27355,2026-01-11,21:16:35,INFO,InventoryDB,Page view: /home by u2440,E103,Page view: {page} by {user}
27356,2026-01-11,21:38:33,INFO,OrderProcessor,Transaction tx495224 completed in 558ms,E104,Transaction {tx} completed in {time}ms
27357,2026-01-11,21:49:52,WARN,OrderProcessor,Unauthorized access attempt from 10.0.0.12,E401,Unauthorized access attempt from {ip}
27358,2026-01-11,21:28:05,INFO,WebServer,User u2921 login successful,E101,User {user} login successful
27359,2026-01-11,21:17:39,INFO,InventoryDB,Transaction tx533093 completed in 1908ms,E104,Transaction {tx} completed in {time}ms
27360,2026-01-11,21:45:30,ERROR,WebServer,Payment declined: Gateway unavailable,E503,Payment declined: Gateway unavailable
27361,2026-01-11,21:23:48,INFO,WebServer,Transaction tx367410 completed in 1894ms,E104,Transaction {tx} completed in {time}ms
27362,2026-01-11,21:42:39,INFO,OrderProcessor,Health check passed: OrderProcessor,E102,Health check passed: {service}
27363,2026-01-11,21:55:30,INFO,AuthService,Health check passed: AuthService,E102,Health check passed: {service}
27364,2026-01-11,21:29:34,INFO,AuthService,Health check passed: AuthService,E102,Health check passed: {service}
27365,2026-01-11,22:19:49,INFO,WebServer,Health check passed: WebServer,E102,Health check passed: {service}
27366,2026-01-11,22:25:07,INFO,WebServer,Transaction tx141734 completed in 1953ms,E104,Transaction {tx} completed in {time}ms
27367,2026-01-11,22:06:06,INFO,WebServer,User u4208 login successful,E101,User {user} login successful
27368,2026-01-11,22:37:05,WARN,AuthService,Unauthorized access attempt from 10.0.0.12,E401,Unauthorized access attempt from {ip}
27369,2026-01-11,22:20:36,INFO,WebServer,Health check passed: WebServer,E102,Health check passed: {service}
27370,2026-01-11,22:06:39,INFO,WebServer,User u3024 login successful,E101,User {user} login successful
27371,2026-01-11,22:55:30,INFO,WebServer,User u2221 login successful,E101,User {user} login successful
27372,2026-01-11,22:20:21,INFO,OrderProcessor,Health check passed: OrderProcessor,E102,Health check passed: {service}
27373,2026-01-11,22:57:12,INFO,WebServer,Page view: /home by u1448,E103,Page view: {page} by {user}
27374,2026-01-11,22:57:21,INFO,WebServer,User u3275 login successful,E101,User {user} login successful
27375,2026-01-11,22:20:55,INFO,AuthService,Transaction tx651725 completed in 421ms,E104,Transaction {tx} completed in {time}ms
27376,2026-01-11,22:49:23,INFO,WebServer,Health check passed: WebServer,E102,Health check passed: {service}
27377,2026-01-11,22:54:33,INFO,AuthService,Transaction tx166565 completed in 608ms,E104,Transaction {tx} completed in {time}ms
27378,2026-01-11,22:18:04,INFO,WebServer,Health check passed: WebServer,E102,Health check passed: {service}
27379,2026-01-11,22:31:45,INFO,OrderProcessor,Health check passed: OrderProcessor,E102,Health check passed: {service}
27380,2026-01-11,22:54:35,WARN,WebServer,Disk usage > 85% on node node-1,E202,Disk usage > 85% on node {node}
27381,2026-01-11,22:57:08,INFO,WebServer,Transaction tx328957 completed in 1192ms,E104,Transaction {tx} completed in {time}ms
27382,2026-01-11,22:46:59,INFO,PaymentGateway,Health check passed: PaymentGateway,E102,Health check passed: {service}
27383,2026-01-11,22:15:49,INFO,PaymentGateway,User u4730 login successful,E101,User {user} login successful
27384,2026-01-11,22:18:39,INFO,PaymentGateway,User u2736 login successful,E101,User {user} login successful
27385,2026-01-11,22:07:34,INFO,WebServer,Transaction tx500000 completed in 1392ms,E104,Transaction {tx} completed in {time}ms
27386,2026-01-11,22:43:45,INFO,AuthService,User u2452 login successful,E101,User {user} login successful
27387,2026-01-11,22:10:25,INFO,AuthService,Transaction tx292009 completed in 83ms,E104,Transaction {tx} completed in {time}ms
27388,2026-01-11,22:10:31,INFO,AuthService,Health check passed: AuthService,E102,Health check passed: {service}
27389,2026-01-11,22:19:49,INFO,PaymentGateway,User u2554 login successful,E101,User {user} login successful
27390,2026-01-11,22:38:08,INFO,WebServer,Health check passed: WebServer,E102,Health check passed: {service}
27391,2026-01-11,22:10:53,INFO,AuthService,User u1995 login successful,E101,User {user} login successful
27392,2026-01-11,22:43:19,INFO,AuthService,Page view: /home by u2388,E103,Page view: {page} by {user}
27393,2026-01-11,22:49:15,INFO,AuthService,Page view: /home by u1049,E103,Page view: {page} by {user}
27394,2026-01-11,22:20:18,WARN,WebServer,High latency (1424ms) detected on WebServer,E201,High latency ({time}ms) detected on {service}
27395,2026-01-11,22:49:23,INFO,PaymentGateway,Transaction tx816173 completed in 1020ms,E104,Transaction {tx} completed in {time}ms
27396,2026-01-11,22:28:46,INFO,WebServer,Health check passed: WebServer,E102,Health check passed: {service}
27397,2026-01-11,22:43:58,INFO,AuthService,Transaction tx951411 completed in 88ms,E104,Transaction {tx} completed in {time}ms
27398,2026-01-11,22:40:20,INFO,PaymentGateway,User u1492 login successful,E101,User {user} login successful
27399,2026-01-11,22:59:46,INFO,OrderProcessor,Transaction tx129606 completed in 261ms,E104,Transaction {tx} completed in {time}ms
27400,2026-01-11,22:12:49,INFO,WebServer,Transaction tx378689 completed in 1188ms,E104,Transaction {tx} completed in {time}ms
27401,2026-01-11,22:25:21,INFO,PaymentGateway,Transaction tx276762 completed in 655ms,E104,Transaction {tx} completed in {time}ms
27402,2026-01-11,22:07:45,INFO,OrderProcessor,Health check passed: OrderProcessor,E102,Health check passed: {service}
27403,2026-01-11,22:56:46,WARN,OrderProcessor,Disk usage > 85% on node node-1,E202,Disk usage > 85% on node {node}
27404,2026-01-11,22:40:23,WARN,WebServer,Disk usage > 85% on node node-5,E202,Disk usage > 85% on node {node}
27405,2026-01-11,22:41:11,INFO,AuthService,Page view: /home by u4739,E103,Page view: {page} by {user}
27406,2026-01-11,22:07:41,WARN,OrderProcessor,Unauthorized access attempt from 10.0.0.99,E401,Unauthorized access attempt from {ip}
27407,2026-01-11,22:10:23,INFO,AuthService,User u1362 login successful,E101,User {user} login successful
27408,2026-01-11,22:13:21,WARN,PaymentGateway,High latency (622ms) detected on PaymentGateway,E201,High latency ({time}ms) detected on {service}
27409,2026-01-11,22:59:37,INFO,AuthService,Health check passed: AuthService,E102,Health check passed: {service}
27410,2026-01-11,22:59:54,INFO,WebServer,Transaction tx497676 completed in 61ms,E104,Transaction {tx} completed in {time}ms
27411,2026-01-11,22:03:10,INFO,OrderProcessor,User u2113 login successful,E101,User {user} login successful
27412,2026-01-11,22:18:38,INFO,AuthService,Transaction tx969180 completed in 402ms,E104,Transaction {tx} completed in {time}ms
27413,2026-01-11,22:23:23,INFO,AuthService,User u1391 login successful,E101,User {user} login successful
27414,2026-01-11,22:45:53,INFO,AuthService,Page view: /home by u1834,E103,Page view: {page} by {user}
27415,2026-01-11,22:44:25,INFO,PaymentGateway,Transaction tx967744 completed in 1779ms,E104,Transaction {tx} completed in {time}ms
27416,2026-01-11,22:31:04,INFO,WebServer,Health check passed: WebServer,E102,Health check passed: {service}
27417,2026-01-11,22:08:04,INFO,WebServer,Page view: /home by u1745,E103,Page view: {page} by {user}
27418,2026-01-11,22:22:41,INFO,WebServer,Page view: /home by u2613,E103,Page view: {page} by {user}
27419,2026-01-11,22:07:04,INFO,PaymentGateway,Page view: /home by u1482,E103,Page view: {page} by {user}
27420,2026-01-11,22:08:35,INFO,WebServer,User u1245 login successful,E101,User {user} login successful
27421,2026-01-11,22:31:37,INFO,AuthService,Health check passed: AuthService,E102,Health check passed: {service}
27422,2026-01-11,22:20:26,INFO,WebServer,Page view: /home by u2913,E103,Page view: {page} by {user}
27423,2026-01-11,22:12:28,INFO,OrderProcessor,Page view: /home by u3408,E103,Page view: {page} by {user}
27424,2026-01-11,22:25:44,INFO,PaymentGateway,User u1707 login successful,E101,User {user} login successful
27425,2026-01-11,22:30:48,INFO,AuthService,User u4342 login successful,E101,User {user} login successful
27426,2026-01-11,22:17:29,INFO,AuthService,Page view: /home by u1889,E103,Page view: {page} by {user}
27427,2026-01-11,22:38:22,INFO,WebServer,Health check passed: WebServer,E102,Health check passed: {service}
27428,2026-01-11,22:32:15,INFO,AuthService,Transaction tx226514 completed in 463ms,E104,Transaction {tx} completed in {time}ms
27429,2026-01-11,22:43:19,INFO,WebServer,Page view: /home by u3334,E103,Page view: {page} by {user}
27430,2026-01-11,22:59:17,INFO,InventoryDB,Transaction tx418091 completed in 1792ms,E104,Transaction {tx} completed in {time}ms
27431,2026-01-11,22:50:57,INFO,WebServer,Health check passed: WebServer,E102,Health check passed: {service}
27432,2026-01-11,22:19:41,INFO,PaymentGateway,Page view: /home by u1246,E103,Page view: {page} by {user}
27433,2026-01-11,22:58:00,INFO,WebServer,Page view: /home by u4566,E103,Page view: {page} by {user}
27434,2026-01-11,22:48:43,INFO,WebServer,Transaction tx599318 completed in 1464ms,E104,Transaction {tx} completed in {time}ms
27435,2026-01-11,22:25:05,INFO,WebServer,Page view: /home by u3774,E103,Page view: {page} by {user}
27436,2026-01-11,22:06:30,INFO,WebServer,Page view: /home by u4299,E103,Page view: {page} by {user}
27437,2026-01-11,22:57:27,INFO,WebServer,User u2843 login successful,E101,User {user} login successful
27438,2026-01-11,22:56:19,INFO,AuthService,Page view: /home by u4373,E103,Page view: {page} by {user}
27439,2026-01-11,22:49:34,INFO,PaymentGateway,Transaction tx995600 completed in 859ms,E104,Transaction {tx} completed in {time}ms
27440,2026-01-11,22:31:42,INFO,WebServer,User u2565 login successful,E101,User {user} login successful
27441,2026-01-11,22:59:07,INFO,OrderProcessor,Health check passed: OrderProcessor,E102,Health check passed: {service}
27442,2026-01-11,22:53:54,INFO,AuthService,User u3705 login successful,E101,User {user} login successful
27443,2026-01-11,22:11:46,INFO,AuthService,Health check passed: AuthService,E102,Health check passed: {service}
27444,2026-01-11,22:49:14,WARN,AuthService,Unauthorized access attempt from 10.0.0.12,E401,Unauthorized access attempt from {ip}
27445,2026-01-11,22:05:52,ERROR,WebServer,Connection refused to WebServer at 10.0.0.45,E501,Connection refused to {service} at {ip}
27446,2026-01-11,22:16:39,INFO,OrderProcessor,Page view: /home by u1264,E103,Page view: {page} by {user}
27447,2026-01-11,22:50:27,INFO,AuthService,Page view: /home by u1008,E103,Page view: {page} by {user}
27448,2026-01-11,22:26:15,INFO,WebServer,Health check passed: WebServer,E102,Health check passed: {service}
27449,2026-01-11,22:59:55,INFO,InventoryDB,User u4117 login successful,E101,User {user} login successful
27450,2026-01-11,22:28:39,INFO,WebServer,Transaction tx816233 completed in 929ms,E104,Transaction {tx} completed in {time}ms
27451,2026-01-11,22:56:29,INFO,WebServer,Health check passed: WebServer,E102,Health check passed: {service}
27452,2026-01-11,22:41:07,INFO,WebServer,Transaction tx333840 completed in 1483ms,E104,Transaction {tx} completed in {time}ms
27453,2026-01-11,22:51:34,INFO,WebServer,User u3311 login successful,E101,User {user} login successful
27454,2026-01-11,22:02:15,INFO,AuthService,Transaction tx132337 completed in 1904ms,E104,Transaction {tx} completed in {time}ms
27455,2026-01-11,22:06:09,WARN,WebServer,Disk usage > 85% on node node-1,E202,Disk usage > 85% on node {node}
27456,2026-01-11,22:10:55,INFO,WebServer,Health check passed: WebServer,E102,Health check passed: {service}
27457,2026-01-11,22:16:28,INFO,WebServer,Page view: /home by u1377,E103,Page view: {page} by {user}
27458,2026-01-11,22:18:50,INFO,WebServer,Page view: /home by u3015,E103,Page view: {page} by {user}
27459,2026-01-11,22:11:21,INFO,PaymentGateway,Health check passed: PaymentGateway,E102,Health check passed: {service}
27460,2026-01-11,22:23:48,INFO,InventoryDB,User u4223 login successful,E101,User {user} login successful
27461,2026-01-11,22:56:08,INFO,WebServer,Page view: /home by u3086,E103,Page view: {page} by {user}
27462,2026-01-11,22:52:36,INFO,WebServer,User u1908 login successful,E101,User {user} login successful
27463,2026-01-11,22:46:47,INFO,WebServer,User u2740 login successful,E101,User {user} login successful
27464,2026-01-11,22:18:25,INFO,WebServer,User u1395 login successful,E101,User {user} login successful
27465,2026-01-11,22:33:14,INFO,PaymentGateway,Health check passed: PaymentGateway,E102,Health check passed: {service}
27466,2026-01-11,22:18:13,INFO,WebServer,Health check passed: WebServer,E102,Health check passed: {service}
27467,2026-01-11,22:16:35,WARN,WebServer,High latency (1572ms) detected on WebServer,E201,High latency ({time}ms) detected on {service}
27468,2026-01-11,22:02:37,INFO,WebServer,Transaction tx830228 completed in 501ms,E104,Transaction {tx} completed in {time}ms
27469,2026-01-11,22:15:35,INFO,WebServer,Page view: /home by u1348,E103,Page view: {page} by {user}
27470,2026-01-11,22:08:45,INFO,WebServer,Page view: /home by u1720,E103,Page view: {page} by {user}
27471,2026-01-11,22:09:23,INFO,AuthService,Health check passed: AuthService,E102,Health check passed: {service}
27472,2026-01-11,22:20:06,INFO,WebServer,User u4028 login successful,E101,User {user} login successful
27473,2026-01-11,22:53:47,INFO,AuthService,Page view: /home by u2554,E103,Page view: {page} by {user}
27474,2026-01-11,22:24:29,INFO,WebServer,Transaction tx853399 completed in 378ms,E104,Transaction {tx} completed in {time}ms
27475,2026-01-11,22:10:11,INFO,AuthService,Page view: /home by u2007,E103,Page view: {page} by {user}
27476,2026-01-11,22:48:58,INFO,AuthService,Transaction tx840263 completed in 181ms,E104,Transaction {tx} completed in {time}ms
27477,2026-01-11,22:23:01,INFO,AuthService,Health check passed: AuthService,E102,Health check passed: {service}
27478,2026-01-11,22:26:30,INFO,AuthService,Transaction tx192625 completed in 900ms,E104,Transaction {tx} completed in {time}ms
27479,2026-01-11,22:32:39,INFO,OrderProcessor,User u3967 login successful,E101,User {user} login successful
27480,2026-01-11,22:49:02,INFO,OrderProcessor,Transaction tx167294 completed in 1838ms,E104,Transaction {tx} completed in {time}ms
27481,2026-01-11,22:43:43,INFO,WebServer,Health check passed: WebServer,E102,Health check passed: {service}
27482,2026-01-11,22:34:11,INFO,OrderProcessor,Transaction tx381616 completed in 1129ms,E104,Transaction {tx} completed in {time}ms
27483,2026-01-11,22:19:36,INFO,WebServer,User u1482 login successful,E101,User {user} login successful
27484,2026-01-11,22:31:55,INFO,WebServer,User u2105 login successful,E101,User {user} login successful
27485,2026-01-11,22:10:31,INFO,WebServer,Page view: /home by u3959,E103,Page view: {page} by {user}
27486,2026-01-11,22:59:55,INFO,WebServer,Page view: /home by u4544,E103,Page view: {page} by {user}
27487,2026-01-11,22:06:18,INFO,WebServer,User u1575 login successful,E101,User {user} login successful
27488,2026-01-11,22:17:02,INFO,WebServer,Transaction tx268169 completed in 332ms,E104,Transaction {tx} completed in {time}ms
27489,2026-01-11,22:31:10,INFO,WebServer,Health check passed: WebServer,E102,Health check passed: {service}
27490,2026-01-11,22:51:57,INFO,AuthService,User u2707 login successful,E101,User {user} login successful
27491,2026-01-11,22:34:51,INFO,PaymentGateway,Health check passed: PaymentGateway,E102,Health check passed: {service}
27492,2026-01-11,22:29:09,INFO,WebServer,User u4453 login successful,E101,User {user} login successful
27493,2026-01-11,22:04:14,INFO,InventoryDB,User u1441 login successful,E101,User {user} login successful
27494,2026-01-11,22:45:25,INFO,WebServer,Transaction tx793376 completed in 1051ms,E104,Transaction {tx} completed in {time}ms
27495,2026-01-11,22:16:45,INFO,AuthService,Health check passed: AuthService,E102,Health check passed: {service}
27496,2026-01-11,22:05:33,INFO,AuthService,Transaction tx516523 completed in 1371ms,E104,Transaction {tx} completed in {time}ms
27497,2026-01-11,22:13:34,INFO,WebServer,Transaction tx954142 completed in 1713ms,E104,Transaction {tx} completed in {time}ms
27498,2026-01-11,22:07:25,WARN,WebServer,Unauthorized access attempt from 10.0.0.99,E401,Unauthorized access attempt from {ip}
27499,2026-01-11,22:11:39,INFO,OrderProcessor,Transaction tx309941 completed in 820ms,E104,Transaction {tx} completed in {time}ms
27500,2026-01-11,22:15:55,INFO,InventoryDB,Page view: /home by u4508,E103,Page view: {page} by {user}
27501,2026-01-11,22:29:54,INFO,WebServer,Page view: /home by u4564,E103,Page view: {page} by {user}
27502,2026-01-11,22:56:45,INFO,AuthService,Health check passed: AuthService,E102,Health check passed: {service}
27503,2026-01-11,22:03:25,INFO,WebServer,Health check passed: WebServer,E102,Health check passed: {service}
27504,2026-01-11,22:27:00,INFO,WebServer,Health check passed: WebServer,E102,Health check passed: {service}
27505,2026-01-11,22:58:56,INFO,AuthService,Transaction tx828925 completed in 1821ms,E104,Transaction {tx} completed in {time}ms
27506,2026-01-11,22:49:13,INFO,AuthService,User u2756 login successful,E101,User {user} login successful
27507,2026-01-11,22:44:05,INFO,OrderProcessor,User u2975 login successful,E101,User {user} login successful
27508,2026-01-11,22:26:27,INFO,WebServer,User u2252 login successful,E101,User {user} login successful
27509,2026-01-11,22:54:37,INFO,WebServer,User u3875 login successful,E101,User {user} login successful
27510,2026-01-11,22:10:36,INFO,WebServer,Page view: /home by u4865,E103,Page view: {page} by {user}
27511,2026-01-11,22:43:53,INFO,OrderProcessor,Health check passed: OrderProcessor,E102,Health check passed: {service}
27512,2026-01-11,22:02:51,WARN,PaymentGateway,High latency (26ms) detected on PaymentGateway,E201,High latency ({time}ms) detected on {service}
27513,2026-01-11,22:06:55,INFO,WebServer,Page view: /home by u3997,E103,Page view: {page} by {user}
27514,2026-01-11,22:26:02,INFO,AuthService,Transaction tx631986 completed in 345ms,E104,Transaction {tx} completed in {time}ms
27515,2026-01-11,22:40:34,INFO,OrderProcessor,User u2090 login successful,E101,User {user} login successful
27516,2026-01-11,22:21:33,INFO,OrderProcessor,Page view: /home by u1471,E103,Page view: {page} by {user}
27517,2026-01-11,22:52:56,INFO,WebServer,User u1931 login successful,E101,User {user} login successful
27518,2026-01-11,22:06:24,INFO,WebServer,Health check passed: WebServer,E102,Health check passed: {service}
27519,2026-01-11,22:51:58,INFO,PaymentGateway,Transaction tx182766 completed in 358ms,E104,Transaction {tx} completed in {time}ms
27520,2026-01-11,22:43:20,INFO,WebServer,Health check passed: WebServer,E102,Health check passed: {service}
27521,2026-01-11,22:54:41,INFO,WebServer,User u1066 login successful,E101,User {user} login successful
27522,2026-01-11,22:23:28,INFO,OrderProcessor,User u3620 login successful,E101,User {user} login successful
27523,2026-01-11,22:32:55,INFO,PaymentGateway,Page view: /home by u2203,E103,Page view: {page} by {user}
27524,2026-01-11,22:26:38,INFO,AuthService,User u3782 login successful,E101,User {user} login successful
27525,2026-01-11,22:17:57,INFO,WebServer,Transaction tx693041 completed in 1922ms,E104,Transaction {tx} completed in {time}ms
27526,2026-01-11,22:26:46,INFO,AuthService,User u1489 login successful,E101,User {user} login successful
27527,2026-01-11,22:09:55,INFO,WebServer,User u3557 login successful,E101,User {user} login successful
27528,2026-01-11,22:06:34,INFO,WebServer,Health check passed: WebServer,E102,Health check passed: {service}
27529,2026-01-11,22:23:04,INFO,PaymentGateway,User u1552 login successful,E101,User {user} login successful
27530,2026-01-11,22:15:41,INFO,AuthService,Health check passed: AuthService,E102,Health check passed: {service}
27531,2026-01-11,22:04:28,INFO,WebServer,Transaction tx269670 completed in 304ms,E104,Transaction {tx} completed in {time}ms
27532,2026-01-11,22:08:19,INFO,AuthService,User u2710 login successful,E101,User {user} login successful
27533,2026-01-11,22:46:09,INFO,OrderProcessor,Transaction tx173191 completed in 1937ms,E104,Transaction {tx} completed in {time}ms
27534,2026-01-11,22:28:51,INFO,WebServer,Page view: /home by u2586,E103,Page view: {page} by {user}
27535,2026-01-11,22:07:30,WARN,WebServer,High latency (441ms) detected on WebServer,E201,High latency ({time}ms) detected on {service}
27536,2026-01-11,22:12:12,INFO,WebServer,User u2847 login successful,E101,User {user} login successful
27537,2026-01-11,22:25:28,INFO,WebServer,Health check passed: WebServer,E102,Health check passed: {service}
27538,2026-01-11,22:01:34,INFO,WebServer,Page view: /home by u2752,E103,Page view: {page} by {user}
27539,2026-01-11,22:31:40,INFO,WebServer,Transaction tx562900 completed in 59ms,E104,Transaction {tx} completed in {time}ms
27540,2026-01-11,22:25:51,INFO,AuthService,Page view: /home by u4992,E103,Page view: {page} by {user}
27541,2026-01-11,22:50:39,INFO,WebServer,Transaction tx881747 completed in 452ms,E104,Transaction {tx} completed in {time}ms
27542,2026-01-11,22:26:37,INFO,WebServer,Transaction tx857242 completed in 1807ms,E104,Transaction {tx} completed in {time}ms
27543,2026-01-11,22:44:16,INFO,WebServer,Transaction tx601818 completed in 1795ms,E104,Transaction {tx} completed in {time}ms
27544,2026-01-11,22:30:17,INFO,WebServer,Health check passed: WebServer,E102,Health check passed: {service}
27545,2026-01-11,22:13:23,ERROR,WebServer,Connection refused to WebServer at 10.0.0.12,E501,Connection refused to {service} at {ip}
27546,2026-01-11,22:55:31,INFO,OrderProcessor,Health check passed: OrderProcessor,E102,Health check passed: {service}
27547,2026-01-11,22:42:47,INFO,AuthService,Page view: /home by u1839,E103,Page view: {page} by {user}
27548,2026-01-11,22:50:01,INFO,WebServer,Transaction tx361956 completed in 873ms,E104,Transaction {tx} completed in {time}ms
27549,2026-01-11,22:36:27,INFO,WebServer,Page view: /home by u2009,E103,Page view: {page} by {user}
27550,2026-01-11,22:55:51,WARN,OrderProcessor,Unauthorized access attempt from 10.0.0.99,E401,Unauthorized access attempt from {ip}
27551,2026-01-11,22:35:41,INFO,AuthService,User u2066 login successful,E101,User {user} login successful
27552,2026-01-11,22:36:26,INFO,WebServer,User u3733 login successful,E101,User {user} login successful
27553,2026-01-11,22:42:44,INFO,OrderProcessor,Transaction tx587405 completed in 1758ms,E104,Transaction {tx} completed in {time}ms
27554,2026-01-11,22:09:06,INFO,WebServer,Health check passed: WebServer,E102,Health check passed: {service}
27555,2026-01-11,22:23:51,INFO,WebServer,Page view: /home by u4661,E103,Page view: {page} by {user}
27556,2026-01-11,22:08:40,INFO,WebServer,Health check passed: WebServer,E102,Health check passed: {service}
27557,2026-01-11,22:47:25,WARN,WebServer,Disk usage > 85% on node node-3,E202,Disk usage > 85% on node {node}
27558,2026-01-11,22:42:38,INFO,WebServer,User u1821 login successful,E101,User {user} login successful
27559,2026-01-11,22:12:50,INFO,WebServer,Page view: /home by u2584,E103,Page view: {page} by {user}
27560,2026-01-11,22:07:42,INFO,AuthService,Health check passed: AuthService,E102,Health check passed: {service}
27561,2026-01-11,22:30:28,INFO,WebServer,Page view: /home by u2083,E103,Page view: {page} by {user}
27562,2026-01-11,22:35:04,INFO,WebServer,Transaction tx824506 completed in 1665ms,E104,Transaction {tx} completed in {time}ms
27563,2026-01-11,22:28:00,INFO,WebServer,Health check passed: WebServer,E102,Health check passed: {service}
27564,2026-01-11,22:45:18,INFO,PaymentGateway,Transaction tx604905 completed in 605ms,E104,Transaction {tx} completed in {time}ms
27565,2026-01-11,22:14:27,INFO,WebServer,Health check passed: WebServer,E102,Health check passed: {service}
27566,2026-01-11,22:48:30,INFO,WebServer,Health check passed: WebServer,E102,Health check passed: {service}
27567,2026-01-11,22:01:38,INFO,InventoryDB,Health check passed: InventoryDB,E102,Health check passed: {service}
27568,2026-01-11,22:28:02,INFO,WebServer,User u2215 login successful,E101,User {user} login successful
27569,2026-01-11,22:44:26,INFO,WebServer,Health check passed: WebServer,E102,Health check passed: {service}
27570,2026-01-11,22:59:43,INFO,WebServer,Health check passed: WebServer,E102,Health check passed: {service}
27571,2026-01-11,22:39:10,INFO,AuthService,Transaction tx431236 completed in 777ms,E104,Transaction {tx} completed in {time}ms
27572,2026-01-11,22:44:47,INFO,OrderProcessor,Transaction tx947850 completed in 1069ms,E104,Transaction {tx} completed in {time}ms
27573,2026-01-11,22:10:46,INFO,OrderProcessor,Page view: /home by u2647,E103,Page view: {page} by {user}
27574,2026-01-11,22:10:35,INFO,WebServer,Page view: /home by u3435,E103,Page view: {page} by {user}
27575,2026-01-11,22:39:43,INFO,InventoryDB,Transaction tx289522 completed in 1765ms,E104,Transaction {tx} completed in {time}ms
27576,2026-01-11,22:29:51,INFO,WebServer,Transaction tx199231 completed in 1009ms,E104,Transaction {tx} completed in {time}ms
27577,2026-01-11,22:13:58,INFO,WebServer,User u3927 login successful,E101,User {user} login successful
27578,2026-01-11,22:04:16,INFO,WebServer,Health check passed: WebServer,E102,Health check passed: {service}
27579,2026-01-11,22:27:32,INFO,WebServer,User u4991 login successful,E101,User {user} login successful
27580,2026-01-11,22:52:11,INFO,WebServer,Transaction tx270225 completed in 786ms,E104,Transaction {tx} completed in {time}ms
27581,2026-01-11,22:47:53,INFO,PaymentGateway,Transaction tx922130 completed in 1321ms,E104,Transaction {tx} completed in {time}ms
27582,2026-01-11,22:09:21,INFO,OrderProcessor,Transaction tx146055 completed in 554ms,E104,Transaction {tx} completed in {time}ms
27583,2026-01-11,22:31:31,INFO,AuthService,User u3190 login successful,E101,User {user} login successful
27584,2026-01-11,22:56:15,ERROR,WebServer,Timeout waiting for lock on InventoryDB,E502,Timeout waiting for lock on {db}
27585,2026-01-11,22:34:34,INFO,WebServer,User u3448 login successful,E101,User {user} login successful
27586,2026-01-11,22:49:17,INFO,PaymentGateway,User u1981 login successful,E101,User {user} login successful
27587,2026-01-11,22:29:56,INFO,AuthService,Health check passed: AuthService,E102,Health check passed: {service}
27588,2026-01-11,22:52:47,INFO,AuthService,Health check passed: AuthService,E102,Health check passed: {service}
27589,2026-01-11,22:56:06,INFO,PaymentGateway,Page view: /home by u4056,E103,Page view: {page} by {user}
27590,2026-01-11,22:04:16,INFO,OrderProcessor,Health check passed: OrderProcessor,E102,Health check passed: {service}
27591,2026-01-11,22:48:57,INFO,WebServer,Health check passed: WebServer,E102,Health check passed: {service}
27592,2026-01-11,22:38:57,INFO,AuthService,User u3664 login successful,E101,User {user} login successful
27593,2026-01-11,22:44:20,INFO,WebServer,User u4798 login successful,E101,User {user} login successful
27594,2026-01-11,22:35:13,INFO,WebServer,Page view: /home by u2172,E103,Page view: {page} by {user}
27595,2026-01-11,22:40:16,INFO,WebServer,Health check passed: WebServer,E102,Health check passed: {service}
27596,2026-01-11,22:53:08,INFO,WebServer,User u1845 login successful,E101,User {user} login successful
27597,2026-01-11,22:04:01,INFO,AuthService,Transaction tx441479 completed in 1235ms,E104,Transaction {tx} completed in {time}ms
27598,2026-01-11,22:16:19,INFO,AuthService,Health check passed: AuthService,E102,Health check passed: {service}
27599,2026-01-11,22:32:09,INFO,PaymentGateway,Health check passed: PaymentGateway,E102,Health check passed: {service}
27600,2026-01-11,22:58:32,INFO,WebServer,Transaction tx461582 completed in 397ms,E104,Transaction {tx} completed in {time}ms
27601,2026-01-11,22:03:12,INFO,WebServer,User u4988 login successful,E101,User {user} login successful
27602,2026-01-11,22:44:07,INFO,PaymentGateway,User u3720 login successful,E101,User {user} login successful
27603,2026-01-11,23:21:25,INFO,WebServer,Health check passed: WebServer,E102,Health check passed: {service}
27604,2026-01-11,23:16:39,INFO,WebServer,Transaction tx792581 completed in 1543ms,E104,Transaction {tx} completed in {time}ms
27605,2026-01-11,23:55:16,INFO,OrderProcessor,Transaction tx293507 completed in 1782ms,E104,Transaction {tx} completed in {time}ms
27606,2026-01-11,23:54:58,INFO,InventoryDB,Page view: /home by u4339,E103,Page view: {page} by {user}
27607,2026-01-11,23:12:16,INFO,PaymentGateway,User u1380 login successful,E101,User {user} login successful
27608,2026-01-11,23:13:48,INFO,WebServer,Page view: /home by u4516,E103,Page view: {page} by {user}
27609,2026-01-11,23:55:59,INFO,WebServer,Health check passed: WebServer,E102,Health check passed: {service}
27610,2026-01-11,23:54:39,INFO,WebServer,Transaction tx979514 completed in 1707ms,E104,Transaction {tx} completed in {time}ms
27611,2026-01-11,23:52:00,INFO,AuthService,Health check passed: AuthService,E102,Health check passed: {service}
27612,2026-01-11,23:53:23,INFO,AuthService,User u1461 login successful,E101,User {user} login successful
27613,2026-01-11,23:03:58,INFO,WebServer,Page view: /home by u2841,E103,Page view: {page} by {user}
27614,2026-01-11,23:00:49,INFO,OrderProcessor,User u1841 login successful,E101,User {user} login successful
27615,2026-01-11,23:25:33,INFO,WebServer,User u4513 login successful,E101,User {user} login successful
27616,2026-01-11,23:17:33,INFO,WebServer,Transaction tx350414 completed in 773ms,E104,Transaction {tx} completed in {time}ms
27617,2026-01-11,23:39:03,INFO,PaymentGateway,Transaction tx563988 completed in 1500ms,E104,Transaction {tx} completed in {time}ms
27618,2026-01-11,23:54:27,INFO,PaymentGateway,Transaction tx392656 completed in 1453ms,E104,Transaction {tx} completed in {time}ms
27619,2026-01-11,23:29:36,INFO,WebServer,Health check passed: WebServer,E102,Health check passed: {service}
27620,2026-01-11,23:03:44,INFO,WebServer,User u4598 login successful,E101,User {user} login successful
27621,2026-01-11,23:17:53,INFO,WebServer,User u4705 login successful,E101,User {user} login successful
27622,2026-01-11,23:35:27,INFO,AuthService,User u2905 login successful,E101,User {user} login successful
27623,2026-01-11,23:35:34,INFO,OrderProcessor,Health check passed: OrderProcessor,E102,Health check passed: {service}
27624,2026-01-11,23:40:39,INFO,WebServer,Page view: /home by u2319,E103,Page view: {page} by {user}
27625,2026-01-11,23:46:35,INFO,WebServer,Page view: /home by u2708,E103,Page view: {page} by {user}
27626,2026-01-11,23:27:04,INFO,WebServer,User u4295 login successful,E101,User {user} login successful
27627,2026-01-11,23:19:09,INFO,WebServer,Transaction tx471847 completed in 1971ms,E104,Transaction {tx} completed in {time}ms
27628,2026-01-11,23:11:16,INFO,WebServer,Page view: /home by u1642,E103,Page view: {page} by {user}
27629,2026-01-11,23:01:05,INFO,PaymentGateway,Health check passed: PaymentGateway,E102,Health check passed: {service}
27630,2026-01-11,23:13:46,INFO,OrderProcessor,Health check passed: OrderProcessor,E102,Health check passed: {service}
27631,2026-01-11,23:12:14,INFO,WebServer,User u3290 login successful,E101,User {user} login successful
27632,2026-01-11,23:06:59,INFO,WebServer,Health check passed: WebServer,E102,Health check passed: {service}
27633,2026-01-11,23:12:15,INFO,AuthService,Transaction tx626644 completed in 1599ms,E104,Transaction {tx} completed in {time}ms
27634,2026-01-11,23:17:16,INFO,AuthService,Transaction tx710985 completed in 197ms,E104,Transaction {tx} completed in {time}ms
27635,2026-01-11,23:14:30,WARN,OrderProcessor,Disk usage > 85% on node node-5,E202,Disk usage > 85% on node {node}
27636,2026-01-11,23:38:28,INFO,WebServer,User u1236 login successful,E101,User {user} login successful
27637,2026-01-11,23:18:53,INFO,PaymentGateway,Page view: /home by u3912,E103,Page view: {page} by {user}
27638,2026-01-11,23:19:59,INFO,WebServer,Page view: /home by u4077,E103,Page view: {page} by {user}
27639,2026-01-11,23:41:22,INFO,WebServer,User u3061 login successful,E101,User {user} login successful
27640,2026-01-11,23:01:46,ERROR,PaymentGateway,Connection refused to PaymentGateway at 10.0.0.45,E501,Connection refused to {service} at {ip}
27641,2026-01-11,23:47:00,INFO,AuthService,Transaction tx100322 completed in 297ms,E104,Transaction {tx} completed in {time}ms
27642,2026-01-11,23:56:43,INFO,OrderProcessor,Page view: /home by u3034,E103,Page view: {page} by {user}
27643,2026-01-11,23:49:40,INFO,WebServer,Transaction tx133981 completed in 1586ms,E104,Transaction {tx} completed in {time}ms
27644,2026-01-11,23:29:38,WARN,WebServer,Unauthorized access attempt from 10.0.0.45,E401,Unauthorized access attempt from {ip}
27645,2026-01-11,23:33:07,INFO,OrderProcessor,Health check passed: OrderProcessor,E102,Health check passed: {service}
27646,2026-01-11,23:49:14,WARN,AuthService,Disk usage > 85% on node node-4,E202,Disk usage > 85% on node {node}
27647,2026-01-11,23:44:04,INFO,WebServer,Transaction tx223063 completed in 516ms,E104,Transaction {tx} completed in {time}ms
27648,2026-01-11,23:14:02,INFO,WebServer,Transaction tx646382 completed in 1786ms,E104,Transaction {tx} completed in {time}ms
27649,2026-01-11,23:53:43,INFO,WebServer,User u1507 login successful,E101,User {user} login successful
27650,2026-01-11,23:11:05,INFO,WebServer,Health check passed: WebServer,E102,Health check passed: {service}
27651,2026-01-11,23:50:40,INFO,AuthService,User u2685 login successful,E101,User {user} login successful
27652,2026-01-11,23:52:37,INFO,WebServer,User u2393 login successful,E101,User {user} login successful
27653,2026-01-11,23:42:13,INFO,WebServer,Transaction tx355198 completed in 326ms,E104,Transaction {tx} completed in {time}ms
27654,2026-01-11,23:40:43,INFO,AuthService,Page view: /home by u3770,E103,Page view: {page} by {user}
27655,2026-01-11,23:41:05,INFO,WebServer,User u3361 login successful,E101,User {user} login successful
27656,2026-01-11,23:13:13,ERROR,WebServer,Payment declined: Gateway unavailable,E503,Payment declined: Gateway unavailable
27657,2026-01-11,23:46:50,INFO,WebServer,Page view: /home by u3314,E103,Page view: {page} by {user}
27658,2026-01-11,23:05:04,INFO,WebServer,Page view: /home by u2874,E103,Page view: {page} by {user}
27659,2026-01-11,23:53:29,INFO,WebServer,User u2297 login successful,E101,User {user} login successful
27660,2026-01-11,23:15:17,INFO,WebServer,Page view: /home by u2576,E103,Page view: {page} by {user}
27661,2026-01-11,23:12:55,INFO,WebServer,Transaction tx749458 completed in 1415ms,E104,Transaction {tx} completed in {time}ms
27662,2026-01-11,23:00:43,INFO,WebServer,User u4022 login successful,E101,User {user} login successful
27663,2026-01-11,23:30:37,INFO,WebServer,Page view: /home by u3079,E103,Page view: {page} by {user}
27664,2026-01-11,23:06:01,INFO,OrderProcessor,Health check passed: OrderProcessor,E102,Health check passed: {service}
27665,2026-01-11,23:31:48,INFO,WebServer,User u1135 login successful,E101,User {user} login successful
27666,2026-01-11,23:12:18,INFO,WebServer,Transaction tx259043 completed in 1697ms,E104,Transaction {tx} completed in {time}ms
27667,2026-01-11,23:45:14,INFO,OrderProcessor,Transaction tx439009 completed in 356ms,E104,Transaction {tx} completed in {time}ms
27668,2026-01-11,23:27:26,INFO,WebServer,Page view: /home by u1265,E103,Page view: {page} by {user}
27669,2026-01-11,23:41:23,INFO,OrderProcessor,User u3958 login successful,E101,User {user} login successful
27670,2026-01-11,23:07:26,INFO,AuthService,User u4438 login successful,E101,User {user} login successful
27671,2026-01-11,23:58:28,INFO,WebServer,Health check passed: WebServer,E102,Health check passed: {service}
27672,2026-01-11,23:23:43,INFO,AuthService,User u1669 login successful,E101,User {user} login successful
27673,2026-01-11,23:25:58,INFO,WebServer,Transaction tx663931 completed in 751ms,E104,Transaction {tx} completed in {time}ms
27674,2026-01-11,23:36:19,INFO,WebServer,Page view: /home by u4523,E103,Page view: {page} by {user}
27675,2026-01-11,23:14:54,INFO,AuthService,Transaction tx571695 completed in 223ms,E104,Transaction {tx} completed in {time}ms
27676,2026-01-11,23:04:11,INFO,PaymentGateway,Page view: /home by u2083,E103,Page view: {page} by {user}
27677,2026-01-11,23:36:40,INFO,AuthService,Page view: /home by u1093,E103,Page view: {page} by {user}
27678,2026-01-11,23:18:43,INFO,WebServer,Health check passed: WebServer,E102,Health check passed: {service}
27679,2026-01-11,23:00:01,INFO,WebServer,Page view: /home by u2860,E103,Page view: {page} by {user}
27680,2026-01-11,23:27:20,INFO,WebServer,Health check passed: WebServer,E102,Health check passed: {service}
27681,2026-01-11,23:03:51,INFO,InventoryDB,Health check passed: InventoryDB,E102,Health check passed: {service}
27682,2026-01-11,23:17:49,INFO,InventoryDB,User u4237 login successful,E101,User {user} login successful
27683,2026-01-11,23:35:37,INFO,WebServer,User u2337 login successful,E101,User {user} login successful
27684,2026-01-11,23:39:03,INFO,InventoryDB,Transaction tx220409 completed in 33ms,E104,Transaction {tx} completed in {time}ms
27685,2026-01-11,23:42:47,INFO,PaymentGateway,Page view: /home by u4380,E103,Page view: {page} by {user}
27686,2026-01-11,23:24:03,INFO,InventoryDB,User u1095 login successful,E101,User {user} login successful
27687,2026-01-11,23:01:27,WARN,AuthService,Disk usage > 85% on node node-2,E202,Disk usage > 85% on node {node}
27688,2026-01-11,23:19:43,INFO,PaymentGateway,Transaction tx589985 completed in 720ms,E104,Transaction {tx} completed in {time}ms
27689,2026-01-11,23:46:07,INFO,OrderProcessor,User u2787 login successful,E101,User {user} login successful
27690,2026-01-11,23:49:34,INFO,PaymentGateway,Transaction tx862087 completed in 155ms,E104,Transaction {tx} completed in {time}ms
27691,2026-01-11,23:55:26,INFO,OrderProcessor,User u4899 login successful,E101,User {user} login successful
27692,2026-01-11,23:55:18,INFO,AuthService,User u3123 login successful,E101,User {user} login successful
27693,2026-01-11,23:54:03,INFO,AuthService,Transaction tx835340 completed in 193ms,E104,Transaction {tx} completed in {time}ms
27694,2026-01-11,23:51:20,INFO,AuthService,User u4572 login successful,E101,User {user} login successful
27695,2026-01-11,23:20:29,WARN,OrderProcessor,Unauthorized access attempt from 10.0.0.12,E401,Unauthorized access attempt from {ip}
27696,2026-01-11,23:28:32,INFO,InventoryDB,Page view: /home by u4262,E103,Page view: {page} by {user}
27697,2026-01-11,23:56:00,WARN,WebServer,Disk usage > 85% on node node-1,E202,Disk usage > 85% on node {node}
27698,2026-01-11,23:41:10,INFO,OrderProcessor,Health check passed: OrderProcessor,E102,Health check passed: {service}
27699,2026-01-11,23:52:50,INFO,WebServer,User u3008 login successful,E101,User {user} login successful
27700,2026-01-11,23:30:14,INFO,AuthService,User u3115 login successful,E101,User {user} login successful
27701,2026-01-11,23:16:20,CRITICAL,WebServer,KERNEL PANIC: Node node-5 crashed,E601,KERNEL PANIC: Node {node} crashed
27702,2026-01-11,23:43:04,WARN,PaymentGateway,High latency (447ms) detected on PaymentGateway,E201,High latency ({time}ms) detected on {service}
27703,2026-01-11,23:14:36,INFO,AuthService,User u2265 login successful,E101,User {user} login successful
27704,2026-01-11,23:10:02,INFO,WebServer,Page view: /home by u3720,E103,Page view: {page} by {user}
27705,2026-01-11,23:36:21,INFO,WebServer,User u4049 login successful,E101,User {user} login successful
27706,2026-01-11,23:29:07,INFO,AuthService,Health check passed: AuthService,E102,Health check passed: {service}
27707,2026-01-11,23:34:13,INFO,WebServer,Page view: /home by u4402,E103,Page view: {page} by {user}
27708,2026-01-11,23:36:05,INFO,WebServer,User u3741 login successful,E101,User {user} login successful
27709,2026-01-11,23:19:34,INFO,WebServer,Page view: /home by u4484,E103,Page view: {page} by {user}
27710,2026-01-11,23:07:15,INFO,AuthService,Page view: /home by u4490,E103,Page view: {page} by {user}
27711,2026-01-11,23:05:44,WARN,AuthService,Disk usage > 85% on node node-5,E202,Disk usage > 85% on node {node}
27712,2026-01-11,23:04:08,WARN,WebServer,High latency (1668ms) detected on WebServer,E201,High latency ({time}ms) detected on {service}
27713,2026-01-11,23:21:49,INFO,AuthService,Health check passed: AuthService,E102,Health check passed: {service}
27714,2026-01-11,23:10:20,INFO,OrderProcessor,Page view: /home by u2749,E103,Page view: {page} by {user}
27715,2026-01-11,23:44:28,INFO,InventoryDB,User u4506 login successful,E101,User {user} login successful
27716,2026-01-11,23:09:02,INFO,WebServer,Health check passed: WebServer,E102,Health check passed: {service}
27717,2026-01-11,23:33:01,INFO,AuthService,Page view: /home by u2924,E103,Page view: {page} by {user}
27718,2026-01-11,23:25:32,INFO,WebServer,Transaction tx974577 completed in 1881ms,E104,Transaction {tx} completed in {time}ms
27719,2026-01-11,23:07:20,CRITICAL,AuthService,DATA CORRUPTION detected in sector 505,E602,DATA CORRUPTION detected in sector {sector}
27720,2026-01-11,23:47:16,INFO,WebServer,Transaction tx712010 completed in 329ms,E104,Transaction {tx} completed in {time}ms
27721,2026-01-11,23:23:09,INFO,OrderProcessor,Page view: /home by u4809,E103,Page view: {page} by {user}
27722,2026-01-11,23:15:25,INFO,WebServer,Page view: /home by u2487,E103,Page view: {page} by {user}
27723,2026-01-11,23:13:33,INFO,WebServer,Transaction tx147776 completed in 1993ms,E104,Transaction {tx} completed in {time}ms
27724,2026-01-11,23:09:59,INFO,AuthService,Page view: /home by u4756,E103,Page view: {page} by {user}
27725,2026-01-11,23:41:49,INFO,WebServer,Page view: /home by u4354,E103,Page view: {page} by {user}
27726,2026-01-11,23:29:36,INFO,OrderProcessor,Transaction tx388109 completed in 170ms,E104,Transaction {tx} completed in {time}ms
27727,2026-01-11,23:19:43,INFO,OrderProcessor,Transaction tx538776 completed in 1379ms,E104,Transaction {tx} completed in {time}ms
27728,2026-01-11,23:59:25,INFO,WebServer,User u2510 login successful,E101,User {user} login successful
27729,2026-01-11,23:54:11,INFO,AuthService,Page view: /home by u2462,E103,Page view: {page} by {user}
27730,2026-01-11,23:14:56,INFO,WebServer,Page view: /home by u3486,E103,Page view: {page} by {user}
27731,2026-01-11,23:52:04,WARN,OrderProcessor,High latency (1372ms) detected on OrderProcessor,E201,High latency ({time}ms) detected on {service}
27732,2026-01-11,23:03:08,WARN,WebServer,High latency (1555ms) detected on WebServer,E201,High latency ({time}ms) detected on {service}
27733,2026-01-11,23:13:26,INFO,WebServer,Transaction tx845893 completed in 84ms,E104,Transaction {tx} completed in {time}ms
27734,2026-01-11,23:42:14,INFO,AuthService,Transaction tx977654 completed in 1635ms,E104,Transaction {tx} completed in {time}ms
27735,2026-01-11,23:31:14,INFO,WebServer,Page view: /home by u2949,E103,Page view: {page} by {user}
27736,2026-01-11,23:17:21,INFO,WebServer,User u4918 login successful,E101,User {user} login successful
27737,2026-01-11,23:20:46,INFO,AuthService,Page view: /home by u3469,E103,Page view: {page} by {user}
27738,2026-01-11,23:00:24,INFO,OrderProcessor,User u3505 login successful,E101,User {user} login successful
27739,2026-01-11,23:45:10,INFO,AuthService,Transaction tx536016 completed in 286ms,E104,Transaction {tx} completed in {time}ms
27740,2026-01-11,23:19:13,WARN,AuthService,Disk usage > 85% on node node-2,E202,Disk usage > 85% on node {node}
27741,2026-01-11,23:51:45,INFO,AuthService,Health check passed: AuthService,E102,Health check passed: {service}
27742,2026-01-11,23:48:46,INFO,AuthService,Page view: /home by u1821,E103,Page view: {page} by {user}
27743,2026-01-11,23:47:31,INFO,WebServer,User u1871 login successful,E101,User {user} login successful
27744,2026-01-11,23:50:27,INFO,WebServer,User u4821 login successful,E101,User {user} login successful
27745,2026-01-11,23:49:34,INFO,WebServer,Page view: /home by u1572,E103,Page view: {page} by {user}
27746,2026-01-11,23:41:46,INFO,WebServer,Page view: /home by u4009,E103,Page view: {page} by {user}
27747,2026-01-11,23:05:08,WARN,OrderProcessor,High latency (533ms) detected on OrderProcessor,E201,High latency ({time}ms) detected on {service}
27748,2026-01-11,23:04:40,INFO,OrderProcessor,Transaction tx812194 completed in 1440ms,E104,Transaction {tx} completed in {time}ms
27749,2026-01-11,23:03:51,INFO,PaymentGateway,Health check passed: PaymentGateway,E102,Health check passed: {service}
27750,2026-01-11,23:21:43,INFO,WebServer,Page view: /home by u3092,E103,Page view: {page} by {user}
27751,2026-01-11,23:35:24,INFO,WebServer,Page view: /home by u4112,E103,Page view: {page} by {user}
27752,2026-01-11,23:44:56,INFO,AuthService,Page view: /home by u1504,E103,Page view: {page} by {user}
27753,2026-01-11,23:58:42,INFO,AuthService,Transaction tx314789 completed in 760ms,E104,Transaction {tx} completed in {time}ms
27754,2026-01-11,23:09:05,INFO,AuthService,Transaction tx249601 completed in 336ms,E104,Transaction {tx} completed in {time}ms
27755,2026-01-11,23:24:33,WARN,WebServer,High latency (1016ms) detected on WebServer,E201,High latency ({time}ms) detected on {service}
27756,2026-01-11,23:28:39,INFO,WebServer,Transaction tx633883 completed in 1939ms,E104,Transaction {tx} completed in {time}ms
27757,2026-01-11,23:13:38,INFO,AuthService,Transaction tx466828 completed in 670ms,E104,Transaction {tx} completed in {time}ms
27758,2026-01-11,23:55:54,INFO,WebServer,Transaction tx238472 completed in 952ms,E104,Transaction {tx} completed in {time}ms
27759,2026-01-11,23:58:56,INFO,PaymentGateway,Health check passed: PaymentGateway,E102,Health check passed: {service}
27760,2026-01-11,23:25:08,INFO,OrderProcessor,User u2989 login successful,E101,User {user} login successful
27761,2026-01-11,23:56:48,ERROR,OrderProcessor,Payment declined: Gateway unavailable,E503,Payment declined: Gateway unavailable
27762,2026-01-11,23:08:05,INFO,WebServer,Health check passed: WebServer,E102,Health check passed: {service}
27763,2026-01-11,23:25:37,INFO,WebServer,User u1210 login successful,E101,User {user} login successful
27764,2026-01-11,23:22:12,INFO,AuthService,User u4553 login successful,E101,User {user} login successful
27765,2026-01-11,23:30:39,INFO,InventoryDB,User u1165 login successful,E101,User {user} login successful
27766,2026-01-11,23:30:12,INFO,OrderProcessor,Page view: /home by u2546,E103,Page view: {page} by {user}
27767,2026-01-11,23:59:04,INFO,PaymentGateway,User u2465 login successful,E101,User {user} login successful
27768,2026-01-11,23:25:34,WARN,AuthService,High latency (222ms) detected on AuthService,E201,High latency ({time}ms) detected on {service}
27769,2026-01-11,23:24:29,WARN,WebServer,Unauthorized access attempt from 10.0.0.12,E401,Unauthorized access attempt from {ip}
27770,2026-01-11,23:29:08,INFO,WebServer,Transaction tx487664 completed in 336ms,E104,Transaction {tx} completed in {time}ms
27771,2026-01-11,23:58:58,INFO,AuthService,User u3232 login successful,E101,User {user} login successful
27772,2026-01-11,23:16:07,INFO,AuthService,Page view: /home by u3059,E103,Page view: {page} by {user}
27773,2026-01-11,23:32:37,INFO,WebServer,Health check passed: WebServer,E102,Health check passed: {service}
27774,2026-01-11,23:05:01,INFO,WebServer,Health check passed: WebServer,E102,Health check passed: {service}
27775,2026-01-11,23:50:50,INFO,WebServer,Transaction tx999372 completed in 475ms,E104,Transaction {tx} completed in {time}ms
27776,2026-01-11,23:10:52,INFO,OrderProcessor,Page view: /home by u2987,E103,Page view: {page} by {user}
27777,2026-01-11,23:14:50,INFO,OrderProcessor,Health check passed: OrderProcessor,E102,Health check passed: {service}
27778,2026-01-11,23:18:39,INFO,OrderProcessor,Page view: /home by u1053,E103,Page view: {page} by {user}
27779,2026-01-11,23:50:39,INFO,WebServer,User u4326 login successful,E101,User {user} login successful
27780,2026-01-11,23:22:23,INFO,AuthService,User u3797 login successful,E101,User {user} login successful
27781,2026-01-11,23:49:35,INFO,WebServer,Health check passed: WebServer,E102,Health check passed: {service}
27782,2026-01-11,23:45:10,INFO,PaymentGateway,Health check passed: PaymentGateway,E102,Health check passed: {service}
27783,2026-01-11,23:19:38,INFO,AuthService,Health check passed: AuthService,E102,Health check passed: {service}
27784,2026-01-11,23:37:28,INFO,AuthService,Transaction tx807803 completed in 768ms,E104,Transaction {tx} completed in {time}ms
27785,2026-01-11,23:20:53,INFO,PaymentGateway,Transaction tx597387 completed in 1117ms,E104,Transaction {tx} completed in {time}ms
27786,2026-01-11,23:07:55,INFO,WebServer,Health check passed: WebServer,E102,Health check passed: {service}
27787,2026-01-11,23:02:12,INFO,OrderProcessor,Page view: /home by u2519,E103,Page view: {page} by {user}
27788,2026-01-11,23:37:31,INFO,WebServer,Health check passed: WebServer,E102,Health check passed: {service}
27789,2026-01-11,23:48:45,INFO,AuthService,Page view: /home by u2251,E103,Page view: {page} by {user}
27790,2026-01-11,23:50:13,INFO,PaymentGateway,User u3858 login successful,E101,User {user} login successful
27791,2026-01-11,23:19:04,INFO,WebServer,Health check passed: WebServer,E102,Health check passed: {service}
27792,2026-01-11,23:44:06,INFO,WebServer,Page view: /home by u3639,E103,Page view: {page} by {user}
27793,2026-01-11,23:00:52,INFO,WebServer,Transaction tx402201 completed in 912ms,E104,Transaction {tx} completed in {time}ms
27794,2026-01-11,23:47:00,INFO,OrderProcessor,Page view: /home by u2978,E103,Page view: {page} by {user}
27795,2026-01-11,23:42:17,INFO,AuthService,Page view: /home by u2488,E103,Page view: {page} by {user}
27796,2026-01-11,23:46:31,INFO,InventoryDB,Page view: /home by u2599,E103,Page view: {page} by {user}
27797,2026-01-11,23:46:33,INFO,AuthService,User u1924 login successful,E101,User {user} login successful
27798,2026-01-11,23:11:57,INFO,PaymentGateway,Page view: /home by u1878,E103,Page view: {page} by {user}
27799,2026-01-11,23:31:51,INFO,PaymentGateway,Transaction tx244155 completed in 1651ms,E104,Transaction {tx} completed in {time}ms
27800,2026-01-11,23:00:25,INFO,PaymentGateway,Transaction tx354996 completed in 197ms,E104,Transaction {tx} completed in {time}ms
27801,2026-01-11,23:10:37,INFO,WebServer,User u2630 login successful,E101,User {user} login successful
27802,2026-01-11,23:28:34,INFO,WebServer,Transaction tx536537 completed in 1237ms,E104,Transaction {tx} completed in {time}ms
27803,2026-01-11,23:50:20,INFO,WebServer,Page view: /home by u2457,E103,Page view: {page} by {user}
27804,2026-01-11,23:32:46,INFO,AuthService,Page view: /home by u3683,E103,Page view: {page} by {user}
27805,2026-01-11,23:37:59,INFO,WebServer,Health check passed: WebServer,E102,Health check passed: {service}
27806,2026-01-11,23:59:53,INFO,WebServer,Transaction tx711988 completed in 1727ms,E104,Transaction {tx} completed in {time}ms
27807,2026-01-11,23:47:56,INFO,WebServer,User u3431 login successful,E101,User {user} login successful
27808,2026-01-11,23:16:07,INFO,WebServer,User u3664 login successful,E101,User {user} login successful
27809,2026-01-11,23:22:50,INFO,PaymentGateway,User u1730 login successful,E101,User {user} login successful
27810,2026-01-11,23:59:25,INFO,WebServer,Health check passed: WebServer,E102,Health check passed: {service}
27811,2026-01-11,23:12:27,INFO,OrderProcessor,Page view: /home by u2308,E103,Page view: {page} by {user}
27812,2026-01-11,23:15:03,INFO,OrderProcessor,Transaction tx622489 completed in 1429ms,E104,Transaction {tx} completed in {time}ms
27813,2026-01-11,23:48:48,INFO,WebServer,User u2604 login successful,E101,User {user} login successful
27814,2026-01-11,23:01:11,INFO,OrderProcessor,Health check passed: OrderProcessor,E102,Health check passed: {service}
27815,2026-01-11,23:02:25,INFO,AuthService,User u4735 login successful,E101,User {user} login successful
27816,2026-01-11,23:15:21,WARN,WebServer,Disk usage > 85% on node node-3,E202,Disk usage > 85% on node {node}
27817,2026-01-11,23:01:30,INFO,OrderProcessor,Transaction tx245914 completed in 1050ms,E104,Transaction {tx} completed in {time}ms
27818,2026-01-11,23:06:54,INFO,AuthService,User u4147 login successful,E101,User {user} login successful
27819,2026-01-11,23:14:09,INFO,WebServer,Transaction tx941833 completed in 408ms,E104,Transaction {tx} completed in {time}ms
27820,2026-01-11,23:32:58,INFO,AuthService,User u1587 login successful,E101,User {user} login successful
27821,2026-01-11,23:21:42,INFO,OrderProcessor,Health check passed: OrderProcessor,E102,Health check passed: {service}
27822,2026-01-11,23:34:43,INFO,OrderProcessor,Health check passed: OrderProcessor,E102,Health check passed: {service}
27823,2026-01-11,23:28:36,INFO,PaymentGateway,User u4999 login successful,E101,User {user} login successful
27824,2026-01-11,23:58:49,INFO,PaymentGateway,Transaction tx806405 completed in 1168ms,E104,Transaction {tx} completed in {time}ms
27825,2026-01-11,23:09:32,INFO,WebServer,Page view: /home by u4063,E103,Page view: {page} by {user}
27826,2026-01-11,23:30:41,INFO,PaymentGateway,User u3240 login successful,E101,User {user} login successful
27827,2026-01-11,23:16:35,INFO,WebServer,Transaction tx465461 completed in 1663ms,E104,Transaction {tx} completed in {time}ms
27828,2026-01-11,23:37:13,INFO,WebServer,Page view: /home by u3249,E103,Page view: {page} by {user}
27829,2026-01-11,23:30:58,INFO,AuthService,Health check passed: AuthService,E102,Health check passed: {service}
27830,2026-01-11,23:44:24,INFO,OrderProcessor,Page view: /home by u4084,E103,Page view: {page} by {user}
27831,2026-01-11,23:40:42,INFO,WebServer,User u4180 login successful,E101,User {user} login successful
27832,2026-01-11,23:58:32,INFO,WebServer,Health check passed: WebServer,E102,Health check passed: {service}
27833,2026-01-11,23:23:18,INFO,AuthService,Page view: /home by u2069,E103,Page view: {page} by {user}
27834,2026-01-11,23:31:10,INFO,AuthService,User u1557 login successful,E101,User {user} login successful
27835,2026-01-11,23:44:58,INFO,WebServer,Transaction tx682044 completed in 1976ms,E104,Transaction {tx} completed in {time}ms
27836,2026-01-11,23:33:26,INFO,WebServer,Health check passed: WebServer,E102,Health check passed: {service}
27837,2026-01-11,23:19:17,INFO,WebServer,Page view: /home by u2916,E103,Page view: {page} by {user}
27838,2026-01-11,23:52:07,INFO,WebServer,User u4615 login successful,E101,User {user} login successful
27839,2026-01-11,23:51:57,INFO,AuthService,Page view: /home by u1436,E103,Page view: {page} by {user}
27840,2026-01-11,23:33:30,INFO,OrderProcessor,User u1660 login successful,E101,User {user} login successful
27841,2026-01-12,00:52:40,INFO,AuthService,User u3346 login successful,E101,User {user} login successful
27842,2026-01-12,00:00:10,INFO,AuthService,Transaction tx324601 completed in 652ms,E104,Transaction {tx} completed in {time}ms
27843,2026-01-12,00:43:10,WARN,OrderProcessor,Disk usage > 85% on node node-3,E202,Disk usage > 85% on node {node}
27844,2026-01-12,00:42:04,INFO,WebServer,Transaction tx934516 completed in 851ms,E104,Transaction {tx} completed in {time}ms
27845,2026-01-12,00:04:07,INFO,OrderProcessor,User u1413 login successful,E101,User {user} login successful
27846,2026-01-12,00:43:21,INFO,WebServer,Page view: /home by u2224,E103,Page view: {page} by {user}
27847,2026-01-12,00:20:48,INFO,WebServer,Transaction tx949288 completed in 818ms,E104,Transaction {tx} completed in {time}ms
27848,2026-01-12,00:57:02,INFO,WebServer,Transaction tx256763 completed in 1614ms,E104,Transaction {tx} completed in {time}ms
27849,2026-01-12,00:35:24,INFO,WebServer,Page view: /home by u3627,E103,Page view: {page} by {user}
27850,2026-01-12,00:10:19,INFO,AuthService,Page view: /home by u1612,E103,Page view: {page} by {user}
27851,2026-01-12,00:04:31,INFO,AuthService,User u1812 login successful,E101,User {user} login successful
27852,2026-01-12,00:05:14,INFO,AuthService,Health check passed: AuthService,E102,Health check passed: {service}
27853,2026-01-12,00:25:31,INFO,WebServer,Transaction tx262139 completed in 953ms,E104,Transaction {tx} completed in {time}ms
27854,2026-01-12,00:05:47,INFO,WebServer,Transaction tx362100 completed in 546ms,E104,Transaction {tx} completed in {time}ms
27855,2026-01-12,00:20:22,INFO,WebServer,Page view: /home by u2602,E103,Page view: {page} by {user}
27856,2026-01-12,00:23:14,INFO,PaymentGateway,Transaction tx883535 completed in 1034ms,E104,Transaction {tx} completed in {time}ms
27857,2026-01-12,00:53:14,INFO,WebServer,User u1875 login successful,E101,User {user} login successful
27858,2026-01-12,00:46:57,INFO,WebServer,User u2829 login successful,E101,User {user} login successful
27859,2026-01-12,00:57:48,INFO,InventoryDB,Health check passed: InventoryDB,E102,Health check passed: {service}
27860,2026-01-12,00:25:23,INFO,WebServer,Page view: /home by u2536,E103,Page view: {page} by {user}
27861,2026-01-12,00:19:37,INFO,WebServer,Page view: /home by u2771,E103,Page view: {page} by {user}
27862,2026-01-12,00:33:34,INFO,OrderProcessor,Transaction tx526688 completed in 1736ms,E104,Transaction {tx} completed in {time}ms
27863,2026-01-12,00:54:07,INFO,WebServer,Page view: /home by u4698,E103,Page view: {page} by {user}
27864,2026-01-12,00:02:45,INFO,InventoryDB,Health check passed: InventoryDB,E102,Health check passed: {service}
27865,2026-01-12,00:49:34,INFO,InventoryDB,Page view: /home by u1723,E103,Page view: {page} by {user}
27866,2026-01-12,00:34:56,INFO,WebServer,Page view: /home by u4696,E103,Page view: {page} by {user}
27867,2026-01-12,00:30:29,INFO,AuthService,Transaction tx186249 completed in 352ms,E104,Transaction {tx} completed in {time}ms
27868,2026-01-12,00:07:22,INFO,InventoryDB,User u3362 login successful,E101,User {user} login successful
27869,2026-01-12,00:52:41,INFO,AuthService,Health check passed: AuthService,E102,Health check passed: {service}
27870,2026-01-12,00:34:31,INFO,InventoryDB,User u2678 login successful,E101,User {user} login successful
27871,2026-01-12,00:35:06,INFO,WebServer,Transaction tx918858 completed in 494ms,E104,Transaction {tx} completed in {time}ms
27872,2026-01-12,00:53:01,INFO,WebServer,Transaction tx708330 completed in 197ms,E104,Transaction {tx} completed in {time}ms
27873,2026-01-12,00:49:03,INFO,WebServer,User u3199 login successful,E101,User {user} login successful
27874,2026-01-12,00:54:31,INFO,WebServer,Health check passed: WebServer,E102,Health check passed: {service}
27875,2026-01-12,00:34:03,INFO,OrderProcessor,User u2631 login successful,E101,User {user} login successful
27876,2026-01-12,00:12:50,INFO,OrderProcessor,Page view: /home by u4651,E103,Page view: {page} by {user}
27877,2026-01-12,00:32:47,INFO,AuthService,Health check passed: AuthService,E102,Health check passed: {service}
27878,2026-01-12,00:32:32,INFO,OrderProcessor,Transaction tx222326 completed in 481ms,E104,Transaction {tx} completed in {time}ms
27879,2026-01-12,00:57:53,INFO,PaymentGateway,Health check passed: PaymentGateway,E102,Health check passed: {service}
27880,2026-01-12,00:36:44,INFO,InventoryDB,Health check passed: InventoryDB,E102,Health check passed: {service}
27881,2026-01-12,00:42:24,INFO,AuthService,Page view: /home by u3399,E103,Page view: {page} by {user}
27882,2026-01-12,00:17:33,INFO,AuthService,Page view: /home by u4517,E103,Page view: {page} by {user}
27883,2026-01-12,00:02:55,INFO,AuthService,User u4460 login successful,E101,User {user} login successful
27884,2026-01-12,00:25:25,INFO,AuthService,Transaction tx444691 completed in 994ms,E104,Transaction {tx} completed in {time}ms
27885,2026-01-12,00:00:22,INFO,OrderProcessor,User u1722 login successful,E101,User {user} login successful
27886,2026-01-12,00:45:59,INFO,PaymentGateway,Health check passed: PaymentGateway,E102,Health check passed: {service}
27887,2026-01-12,00:20:43,INFO,WebServer,Health check passed: WebServer,E102,Health check passed: {service}
27888,2026-01-12,00:14:56,INFO,WebServer,Page view: /home by u4385,E103,Page view: {page} by {user}
27889,2026-01-12,00:01:13,INFO,OrderProcessor,User u4410 login successful,E101,User {user} login successful
27890,2026-01-12,00:17:36,INFO,WebServer,User u1036 login successful,E101,User {user} login successful
27891,2026-01-12,00:52:33,INFO,InventoryDB,Transaction tx946851 completed in 566ms,E104,Transaction {tx} completed in {time}ms
27892,2026-01-12,00:09:01,INFO,PaymentGateway,Transaction tx274292 completed in 1211ms,E104,Transaction {tx} completed in {time}ms
27893,2026-01-12,00:38:55,INFO,WebServer,Page view: /home by u2829,E103,Page view: {page} by {user}
27894,2026-01-12,00:56:55,INFO,WebServer,Transaction tx751914 completed in 1678ms,E104,Transaction {tx} completed in {time}ms
27895,2026-01-12,00:09:53,INFO,WebServer,Transaction tx526958 completed in 282ms,E104,Transaction {tx} completed in {time}ms
27896,2026-01-12,00:12:34,INFO,WebServer,Health check passed: WebServer,E102,Health check passed: {service}
27897,2026-01-12,00:21:15,INFO,AuthService,Health check passed: AuthService,E102,Health check passed: {service}
27898,2026-01-12,00:22:33,INFO,OrderProcessor,Health check passed: OrderProcessor,E102,Health check passed: {service}
27899,2026-01-12,00:05:48,INFO,WebServer,Page view: /home by u2032,E103,Page view: {page} by {user}
27900,2026-01-12,01:53:04,INFO,WebServer,User u4852 login successful,E101,User {user} login successful
27901,2026-01-12,01:26:16,INFO,OrderProcessor,Page view: /home by u1695,E103,Page view: {page} by {user}
27902,2026-01-12,01:18:24,INFO,AuthService,Page view: /home by u1050,E103,Page view: {page} by {user}
27903,2026-01-12,01:47:34,INFO,WebServer,Page view: /home by u3449,E103,Page view: {page} by {user}
27904,2026-01-12,01:27:11,INFO,OrderProcessor,Page view: /home by u3917,E103,Page view: {page} by {user}
27905,2026-01-12,01:07:07,INFO,AuthService,Health check passed: AuthService,E102,Health check passed: {service}
27906,2026-01-12,01:15:32,INFO,AuthService,Page view: /home by u4144,E103,Page view: {page} by {user}
27907,2026-01-12,01:45:22,INFO,WebServer,Page view: /home by u3340,E103,Page view: {page} by {user}
27908,2026-01-12,01:40:29,INFO,WebServer,Health check passed: WebServer,E102,Health check passed: {service}
27909,2026-01-12,01:50:28,INFO,WebServer,User u4388 login successful,E101,User {user} login successful
27910,2026-01-12,01:52:25,INFO,PaymentGateway,Health check passed: PaymentGateway,E102,Health check passed: {service}
27911,2026-01-12,01:18:42,INFO,WebServer,Page view: /home by u3996,E103,Page view: {page} by {user}
27912,2026-01-12,01:05:07,INFO,AuthService,Health check passed: AuthService,E102,Health check passed: {service}
27913,2026-01-12,01:27:13,INFO,WebServer,Page view: /home by u4188,E103,Page view: {page} by {user}
27914,2026-01-12,01:05:02,INFO,WebServer,Transaction tx223268 completed in 754ms,E104,Transaction {tx} completed in {time}ms
27915,2026-01-12,01:53:02,INFO,WebServer,Health check passed: WebServer,E102,Health check passed: {service}
27916,2026-01-12,01:37:24,INFO,WebServer,Page view: /home by u3855,E103,Page view: {page} by {user}
27917,2026-01-12,01:36:08,INFO,AuthService,Page view: /home by u1262,E103,Page view: {page} by {user}
27918,2026-01-12,01:31:01,INFO,AuthService,Page view: /home by u4609,E103,Page view: {page} by {user}
27919,2026-01-12,01:33:20,INFO,InventoryDB,Health check passed: InventoryDB,E102,Health check passed: {service}
27920,2026-01-12,01:52:22,INFO,WebServer,Transaction tx547408 completed in 1249ms,E104,Transaction {tx} completed in {time}ms
27921,2026-01-12,01:55:43,WARN,WebServer,Unauthorized access attempt from 10.0.0.45,E401,Unauthorized access attempt from {ip}
27922,2026-01-12,01:49:24,INFO,AuthService,Page view: /home by u1956,E103,Page view: {page} by {user}
27923,2026-01-12,01:55:45,INFO,WebServer,User u2136 login successful,E101,User {user} login successful
27924,2026-01-12,01:50:00,INFO,AuthService,Transaction tx558183 completed in 1686ms,E104,Transaction {tx} completed in {time}ms
27925,2026-01-12,01:42:33,INFO,WebServer,Health check passed: WebServer,E102,Health check passed: {service}
27926,2026-01-12,01:54:17,INFO,WebServer,Page view: /home by u2685,E103,Page view: {page} by {user}
27927,2026-01-12,01:16:40,INFO,AuthService,Transaction tx622463 completed in 1472ms,E104,Transaction {tx} completed in {time}ms
27928,2026-01-12,01:13:12,INFO,AuthService,Transaction tx288700 completed in 1742ms,E104,Transaction {tx} completed in {time}ms
27929,2026-01-12,01:10:29,INFO,WebServer,Transaction tx133529 completed in 565ms,E104,Transaction {tx} completed in {time}ms
27930,2026-01-12,01:18:21,INFO,AuthService,Transaction tx931150 completed in 1239ms,E104,Transaction {tx} completed in {time}ms
27931,2026-01-12,01:08:15,INFO,OrderProcessor,Health check passed: OrderProcessor,E102,Health check passed: {service}
27932,2026-01-12,01:03:17,INFO,AuthService,Page view: /home by u1444,E103,Page view: {page} by {user}
27933,2026-01-12,01:40:24,INFO,PaymentGateway,Health check passed: PaymentGateway,E102,Health check passed: {service}
27934,2026-01-12,01:24:38,INFO,WebServer,User u3434 login successful,E101,User {user} login successful
27935,2026-01-12,01:33:04,INFO,AuthService,User u1889 login successful,E101,User {user} login successful
27936,2026-01-12,01:48:54,INFO,OrderProcessor,Transaction tx445913 completed in 813ms,E104,Transaction {tx} completed in {time}ms
27937,2026-01-12,01:19:59,INFO,WebServer,User u4564 login successful,E101,User {user} login successful
27938,2026-01-12,01:56:00,INFO,OrderProcessor,Page view: /home by u1674,E103,Page view: {page} by {user}
27939,2026-01-12,01:22:42,INFO,AuthService,User u3198 login successful,E101,User {user} login successful
27940,2026-01-12,01:12:47,INFO,WebServer,User u4205 login successful,E101,User {user} login successful
27941,2026-01-12,01:48:33,INFO,WebServer,User u1494 login successful,E101,User {user} login successful
27942,2026-01-12,01:11:07,WARN,WebServer,Disk usage > 85% on node node-1,E202,Disk usage > 85% on node {node}
27943,2026-01-12,01:21:51,INFO,AuthService,User u1074 login successful,E101,User {user} login successful
27944,2026-01-12,01:44:25,INFO,AuthService,Transaction tx996559 completed in 1097ms,E104,Transaction {tx} completed in {time}ms
27945,2026-01-12,01:33:44,INFO,WebServer,Transaction tx375421 completed in 1200ms,E104,Transaction {tx} completed in {time}ms
27946,2026-01-12,01:56:08,INFO,AuthService,Page view: /home by u4466,E103,Page view: {page} by {user}
27947,2026-01-12,01:23:20,INFO,PaymentGateway,Health check passed: PaymentGateway,E102,Health check passed: {service}
27948,2026-01-12,01:18:48,INFO,OrderProcessor,Health check passed: OrderProcessor,E102,Health check passed: {service}
27949,2026-01-12,01:27:43,INFO,WebServer,Health check passed: WebServer,E102,Health check passed: {service}
27950,2026-01-12,01:11:06,ERROR,WebServer,Payment declined: Gateway unavailable,E503,Payment declined: Gateway unavailable
27951,2026-01-12,01:09:34,INFO,WebServer,Page view: /home by u2851,E103,Page view: {page} by {user}
27952,2026-01-12,01:39:56,WARN,WebServer,High latency (1244ms) detected on WebServer,E201,High latency ({time}ms) detected on {service}
27953,2026-01-12,01:55:07,INFO,AuthService,Page view: /home by u3701,E103,Page view: {page} by {user}
27954,2026-01-12,01:09:36,INFO,AuthService,Page view: /home by u4370,E103,Page view: {page} by {user}
27955,2026-01-12,01:17:14,INFO,WebServer,Page view: /home by u4384,E103,Page view: {page} by {user}
27956,2026-01-12,01:30:05,INFO,WebServer,Page view: /home by u4607,E103,Page view: {page} by {user}
27957,2026-01-12,01:39:02,INFO,PaymentGateway,Health check passed: PaymentGateway,E102,Health check passed: {service}
27958,2026-01-12,01:09:17,INFO,PaymentGateway,User u2515 login successful,E101,User {user} login successful
27959,2026-01-12,02:41:17,INFO,WebServer,User u4236 login successful,E101,User {user} login successful
27960,2026-01-12,02:09:40,INFO,OrderProcessor,Page view: /home by u3429,E103,Page view: {page} by {user}
27961,2026-01-12,02:02:34,INFO,WebServer,Health check passed: WebServer,E102,Health check passed: {service}
27962,2026-01-12,02:06:15,INFO,AuthService,Page view: /home by u2858,E103,Page view: {page} by {user}
27963,2026-01-12,02:10:29,INFO,OrderProcessor,Page view: /home by u1477,E103,Page view: {page} by {user}
27964,2026-01-12,02:00:58,INFO,OrderProcessor,Health check passed: OrderProcessor,E102,Health check passed: {service}
27965,2026-01-12,02:01:27,INFO,WebServer,Page view: /home by u1560,E103,Page view: {page} by {user}
27966,2026-01-12,02:26:11,INFO,WebServer,Page view: /home by u2238,E103,Page view: {page} by {user}
27967,2026-01-12,02:08:16,INFO,OrderProcessor,Page view: /home by u3726,E103,Page view: {page} by {user}
27968,2026-01-12,02:34:02,INFO,WebServer,Transaction tx208468 completed in 434ms,E104,Transaction {tx} completed in {time}ms
27969,2026-01-12,02:10:11,INFO,OrderProcessor,User u1447 login successful,E101,User {user} login successful
27970,2026-01-12,02:34:21,INFO,WebServer,Page view: /home by u1632,E103,Page view: {page} by {user}
27971,2026-01-12,02:41:15,WARN,WebServer,Unauthorized access attempt from 10.0.0.12,E401,Unauthorized access attempt from {ip}
27972,2026-01-12,02:59:42,INFO,WebServer,User u2987 login successful,E101,User {user} login successful
27973,2026-01-12,02:03:50,INFO,PaymentGateway,Transaction tx616176 completed in 1132ms,E104,Transaction {tx} completed in {time}ms
27974,2026-01-12,02:04:41,INFO,WebServer,Transaction tx726026 completed in 788ms,E104,Transaction {tx} completed in {time}ms
27975,2026-01-12,02:19:55,INFO,PaymentGateway,Transaction tx849317 completed in 736ms,E104,Transaction {tx} completed in {time}ms
27976,2026-01-12,02:09:03,INFO,OrderProcessor,Page view: /home by u1087,E103,Page view: {page} by {user}
27977,2026-01-12,02:29:43,INFO,AuthService,Page view: /home by u1633,E103,Page view: {page} by {user}
27978,2026-01-12,02:33:03,INFO,WebServer,User u1449 login successful,E101,User {user} login successful
27979,2026-01-12,02:31:05,INFO,OrderProcessor,Transaction tx772862 completed in 353ms,E104,Transaction {tx} completed in {time}ms
27980,2026-01-12,02:29:19,INFO,WebServer,Transaction tx209242 completed in 530ms,E104,Transaction {tx} completed in {time}ms
27981,2026-01-12,02:34:37,INFO,AuthService,Transaction tx598389 completed in 746ms,E104,Transaction {tx} completed in {time}ms
27982,2026-01-12,02:14:17,INFO,WebServer,User u1174 login successful,E101,User {user} login successful
27983,2026-01-12,02:34:07,INFO,WebServer,User u2538 login successful,E101,User {user} login successful
27984,2026-01-12,02:36:39,INFO,OrderProcessor,Health check passed: OrderProcessor,E102,Health check passed: {service}
27985,2026-01-12,02:44:55,INFO,InventoryDB,User u4380 login successful,E101,User {user} login successful
27986,2026-01-12,02:30:03,INFO,WebServer,User u2977 login successful,E101,User {user} login successful
27987,2026-01-12,02:58:00,INFO,WebServer,Transaction tx798586 completed in 1336ms,E104,Transaction {tx} completed in {time}ms
27988,2026-01-12,02:08:06,WARN,WebServer,Disk usage > 85% on node node-4,E202,Disk usage > 85% on node {node}
27989,2026-01-12,02:56:36,INFO,WebServer,Page view: /home by u1118,E103,Page view: {page} by {user}
27990,2026-01-12,02:05:28,INFO,OrderProcessor,Page view: /home by u3941,E103,Page view: {page} by {user}
27991,2026-01-12,02:48:43,INFO,OrderProcessor,Transaction tx700132 completed in 1538ms,E104,Transaction {tx} completed in {time}ms
27992,2026-01-12,02:13:17,INFO,OrderProcessor,Transaction tx487779 completed in 1868ms,E104,Transaction {tx} completed in {time}ms
27993,2026-01-12,02:59:46,INFO,OrderProcessor,Page view: /home by u4154,E103,Page view: {page} by {user}
27994,2026-01-12,02:32:43,INFO,WebServer,Health check passed: WebServer,E102,Health check passed: {service}
27995,2026-01-12,02:24:15,INFO,WebServer,Health check passed: WebServer,E102,Health check passed: {service}
27996,2026-01-12,02:14:11,INFO,WebServer,Health check passed: WebServer,E102,Health check passed: {service}
27997,2026-01-12,02:11:37,INFO,WebServer,Health check passed: WebServer,E102,Health check passed: {service}
27998,2026-01-12,02:47:37,INFO,OrderProcessor,User u3347 login successful,E101,User {user} login successful
27999,2026-01-12,02:23:40,INFO,WebServer,Health check passed: WebServer,E102,Health check passed: {service}
28000,2026-01-12,02:10:12,INFO,WebServer,Health check passed: WebServer,E102,Health check passed: {service}
28001,2026-01-12,02:17:17,INFO,AuthService,Health check passed: AuthService,E102,Health check passed: {service}
28002,2026-01-12,02:24:42,WARN,AuthService,Unauthorized access attempt from 10.0.0.10,E401,Unauthorized access attempt from {ip}
28003,2026-01-12,02:00:22,INFO,WebServer,Transaction tx969054 completed in 1242ms,E104,Transaction {tx} completed in {time}ms
28004,2026-01-12,02:47:52,INFO,WebServer,Transaction tx935358 completed in 1791ms,E104,Transaction {tx} completed in {time}ms
28005,2026-01-12,02:54:42,INFO,WebServer,Health check passed: WebServer,E102,Health check passed: {service}
28006,2026-01-12,02:12:32,INFO,WebServer,Transaction tx245705 completed in 1590ms,E104,Transaction {tx} completed in {time}ms
28007,2026-01-12,02:31:26,INFO,WebServer,Page view: /home by u4421,E103,Page view: {page} by {user}
28008,2026-01-12,02:17:27,INFO,PaymentGateway,User u2442 login successful,E101,User {user} login successful
28009,2026-01-12,02:42:15,INFO,OrderProcessor,Page view: /home by u4210,E103,Page view: {page} by {user}
28010,2026-01-12,02:08:02,INFO,AuthService,User u3943 login successful,E101,User {user} login successful
28011,2026-01-12,02:49:44,INFO,AuthService,Health check passed: AuthService,E102,Health check passed: {service}
28012,2026-01-12,02:56:53,INFO,WebServer,Health check passed: WebServer,E102,Health check passed: {service}
28013,2026-01-12,02:32:25,INFO,WebServer,User u4967 login successful,E101,User {user} login successful
28014,2026-01-12,02:50:48,INFO,WebServer,User u1320 login successful,E101,User {user} login successful
28015,2026-01-12,02:57:52,INFO,OrderProcessor,Health check passed: OrderProcessor,E102,Health check passed: {service}
28016,2026-01-12,02:45:36,INFO,WebServer,Health check passed: WebServer,E102,Health check passed: {service}
28017,2026-01-12,02:12:38,INFO,AuthService,Page view: /home by u3240,E103,Page view: {page} by {user}
28018,2026-01-12,03:24:02,INFO,InventoryDB,Transaction tx345567 completed in 712ms,E104,Transaction {tx} completed in {time}ms
28019,2026-01-12,03:04:14,INFO,WebServer,User u4043 login successful,E101,User {user} login successful
28020,2026-01-12,03:40:23,INFO,WebServer,Transaction tx360300 completed in 1328ms,E104,Transaction {tx} completed in {time}ms
28021,2026-01-12,03:09:17,INFO,PaymentGateway,Health check passed: PaymentGateway,E102,Health check passed: {service}
28022,2026-01-12,03:34:53,INFO,WebServer,Transaction tx618549 completed in 520ms,E104,Transaction {tx} completed in {time}ms
28023,2026-01-12,03:12:18,WARN,WebServer,High latency (727ms) detected on WebServer,E201,High latency ({time}ms) detected on {service}
28024,2026-01-12,03:08:48,INFO,OrderProcessor,Transaction tx930146 completed in 422ms,E104,Transaction {tx} completed in {time}ms
28025,2026-01-12,03:52:59,INFO,AuthService,Health check passed: AuthService,E102,Health check passed: {service}
28026,2026-01-12,03:39:42,INFO,WebServer,Page view: /home by u2707,E103,Page view: {page} by {user}
28027,2026-01-12,03:59:42,INFO,AuthService,Transaction tx691145 completed in 543ms,E104,Transaction {tx} completed in {time}ms
28028,2026-01-12,03:56:07,INFO,InventoryDB,Transaction tx953950 completed in 1167ms,E104,Transaction {tx} completed in {time}ms
28029,2026-01-12,03:25:08,INFO,AuthService,User u3135 login successful,E101,User {user} login successful
28030,2026-01-12,03:34:27,WARN,OrderProcessor,Disk usage > 85% on node node-1,E202,Disk usage > 85% on node {node}
28031,2026-01-12,03:08:02,INFO,OrderProcessor,Transaction tx372102 completed in 1689ms,E104,Transaction {tx} completed in {time}ms
28032,2026-01-12,03:43:58,INFO,WebServer,User u2987 login successful,E101,User {user} login successful
28033,2026-01-12,03:16:22,INFO,OrderProcessor,Health check passed: OrderProcessor,E102,Health check passed: {service}
28034,2026-01-12,03:48:45,INFO,WebServer,User u4639 login successful,E101,User {user} login successful
28035,2026-01-12,03:06:37,INFO,WebServer,User u4903 login successful,E101,User {user} login successful
28036,2026-01-12,03:42:49,INFO,WebServer,User u4791 login successful,E101,User {user} login successful
28037,2026-01-12,03:03:44,WARN,WebServer,High latency (499ms) detected on WebServer,E201,High latency ({time}ms) detected on {service}
28038,2026-01-12,03:06:56,INFO,WebServer,Health check passed: WebServer,E102,Health check passed: {service}
28039,2026-01-12,03:06:17,INFO,WebServer,Health check passed: WebServer,E102,Health check passed: {service}
28040,2026-01-12,03:17:24,INFO,WebServer,Page view: /home by u1723,E103,Page view: {page} by {user}
28041,2026-01-12,03:49:23,INFO,WebServer,Health check passed: WebServer,E102,Health check passed: {service}
28042,2026-01-12,03:12:44,ERROR,AuthService,Connection refused to AuthService at 10.0.0.45,E501,Connection refused to {service} at {ip}
28043,2026-01-12,03:51:00,INFO,WebServer,Transaction tx277156 completed in 1265ms,E104,Transaction {tx} completed in {time}ms
28044,2026-01-12,03:38:52,INFO,OrderProcessor,User u1499 login successful,E101,User {user} login successful
28045,2026-01-12,03:38:45,INFO,WebServer,Health check passed: WebServer,E102,Health check passed: {service}
28046,2026-01-12,03:30:27,INFO,OrderProcessor,User u3571 login successful,E101,User {user} login successful
28047,2026-01-12,03:50:24,INFO,AuthService,Transaction tx644879 completed in 1963ms,E104,Transaction {tx} completed in {time}ms
28048,2026-01-12,03:42:31,INFO,OrderProcessor,User u4120 login successful,E101,User {user} login successful
28049,2026-01-12,03:37:32,INFO,InventoryDB,Health check passed: InventoryDB,E102,Health check passed: {service}
28050,2026-01-12,03:21:28,INFO,OrderProcessor,Health check passed: OrderProcessor,E102,Health check passed: {service}
28051,2026-01-12,03:17:57,INFO,WebServer,User u2820 login successful,E101,User {user} login successful
28052,2026-01-12,03:20:08,INFO,AuthService,Page view: /home by u3635,E103,Page view: {page} by {user}
28053,2026-01-12,03:01:56,INFO,WebServer,Page view: /home by u2700,E103,Page view: {page} by {user}
28054,2026-01-12,03:36:38,INFO,WebServer,User u3342 login successful,E101,User {user} login successful
28055,2026-01-12,03:12:38,INFO,WebServer,Health check passed: WebServer,E102,Health check passed: {service}
28056,2026-01-12,03:19:06,INFO,AuthService,User u1957 login successful,E101,User {user} login successful
28057,2026-01-12,03:43:34,INFO,OrderProcessor,Health check passed: OrderProcessor,E102,Health check passed: {service}
28058,2026-01-12,03:53:48,INFO,WebServer,Transaction tx528124 completed in 895ms,E104,Transaction {tx} completed in {time}ms
28059,2026-01-12,03:23:16,INFO,WebServer,Page view: /home by u4936,E103,Page view: {page} by {user}
28060,2026-01-12,03:29:44,INFO,WebServer,User u3427 login successful,E101,User {user} login successful
28061,2026-01-12,03:32:42,INFO,AuthService,Health check passed: AuthService,E102,Health check passed: {service}
28062,2026-01-12,03:12:40,INFO,PaymentGateway,Health check passed: PaymentGateway,E102,Health check passed: {service}
28063,2026-01-12,03:13:38,INFO,WebServer,Transaction tx919428 completed in 1544ms,E104,Transaction {tx} completed in {time}ms
28064,2026-01-12,03:17:06,INFO,AuthService,Health check passed: AuthService,E102,Health check passed: {service}
28065,2026-01-12,03:36:11,INFO,WebServer,Page view: /home by u2081,E103,Page view: {page} by {user}
28066,2026-01-12,03:14:55,INFO,InventoryDB,Health check passed: InventoryDB,E102,Health check passed: {service}
28067,2026-01-12,03:57:43,INFO,OrderProcessor,Page view: /home by u3275,E103,Page view: {page} by {user}
28068,2026-01-12,03:36:41,INFO,WebServer,User u4630 login successful,E101,User {user} login successful
28069,2026-01-12,03:14:57,INFO,WebServer,Page view: /home by u4426,E103,Page view: {page} by {user}
28070,2026-01-12,03:17:40,INFO,OrderProcessor,User u3864 login successful,E101,User {user} login successful
28071,2026-01-12,03:33:34,INFO,AuthService,User u4124 login successful,E101,User {user} login successful
28072,2026-01-12,03:53:21,INFO,WebServer,Transaction tx292522 completed in 1630ms,E104,Transaction {tx} completed in {time}ms
28073,2026-01-12,03:34:32,INFO,WebServer,Transaction tx569343 completed in 252ms,E104,Transaction {tx} completed in {time}ms
28074,2026-01-12,03:57:36,INFO,WebServer,Page view: /home by u2324,E103,Page view: {page} by {user}
28075,2026-01-12,03:40:31,INFO,OrderProcessor,Transaction tx702046 completed in 1731ms,E104,Transaction {tx} completed in {time}ms
28076,2026-01-12,03:47:03,INFO,OrderProcessor,Transaction tx208983 completed in 1303ms,E104,Transaction {tx} completed in {time}ms
28077,2026-01-12,04:47:38,INFO,WebServer,Health check passed: WebServer,E102,Health check passed: {service}
28078,2026-01-12,04:25:53,INFO,OrderProcessor,Transaction tx878062 completed in 502ms,E104,Transaction {tx} completed in {time}ms
28079,2026-01-12,04:32:24,INFO,WebServer,Transaction tx480490 completed in 179ms,E104,Transaction {tx} completed in {time}ms
28080,2026-01-12,04:48:23,INFO,WebServer,Page view: /home by u2542,E103,Page view: {page} by {user}
28081,2026-01-12,04:58:45,ERROR,WebServer,Timeout waiting for lock on InventoryDB,E502,Timeout waiting for lock on {db}
28082,2026-01-12,04:32:36,INFO,OrderProcessor,Page view: /home by u2709,E103,Page view: {page} by {user}
28083,2026-01-12,04:25:35,INFO,AuthService,Health check passed: AuthService,E102,Health check passed: {service}
28084,2026-01-12,04:40:37,INFO,OrderProcessor,User u2740 login successful,E101,User {user} login successful
28085,2026-01-12,04:09:30,INFO,AuthService,Transaction tx996823 completed in 148ms,E104,Transaction {tx} completed in {time}ms
28086,2026-01-12,04:15:59,INFO,WebServer,Page view: /home by u4431,E103,Page view: {page} by {user}
28087,2026-01-12,04:45:52,INFO,AuthService,Transaction tx959056 completed in 1285ms,E104,Transaction {tx} completed in {time}ms
28088,2026-01-12,04:13:30,INFO,WebServer,User u2977 login successful,E101,User {user} login successful
28089,2026-01-12,04:50:54,INFO,WebServer,User u1312 login successful,E101,User {user} login successful
28090,2026-01-12,04:55:04,INFO,AuthService,Page view: /home by u4260,E103,Page view: {page} by {user}
28091,2026-01-12,04:08:58,INFO,WebServer,Page view: /home by u2335,E103,Page view: {page} by {user}
28092,2026-01-12,04:22:33,INFO,WebServer,Page view: /home by u3362,E103,Page view: {page} by {user}
28093,2026-01-12,04:57:28,INFO,OrderProcessor,Transaction tx688370 completed in 116ms,E104,Transaction {tx} completed in {time}ms
28094,2026-01-12,04:37:24,WARN,PaymentGateway,High latency (1762ms) detected on PaymentGateway,E201,High latency ({time}ms) detected on {service}
28095,2026-01-12,04:01:45,INFO,WebServer,Page view: /home by u1231,E103,Page view: {page} by {user}
28096,2026-01-12,04:59:16,INFO,InventoryDB,Transaction tx848403 completed in 430ms,E104,Transaction {tx} completed in {time}ms
28097,2026-01-12,04:15:42,INFO,AuthService,Page view: /home by u4998,E103,Page view: {page} by {user}
28098,2026-01-12,04:53:56,INFO,AuthService,Transaction tx517811 completed in 1837ms,E104,Transaction {tx} completed in {time}ms
28099,2026-01-12,04:53:16,INFO,WebServer,Page view: /home by u4928,E103,Page view: {page} by {user}
28100,2026-01-12,04:03:34,INFO,WebServer,Transaction tx900640 completed in 1628ms,E104,Transaction {tx} completed in {time}ms
28101,2026-01-12,04:13:47,INFO,WebServer,Page view: /home by u4104,E103,Page view: {page} by {user}
28102,2026-01-12,04:53:49,ERROR,WebServer,Payment declined: Gateway unavailable,E503,Payment declined: Gateway unavailable
28103,2026-01-12,04:51:53,INFO,AuthService,Transaction tx215998 completed in 1837ms,E104,Transaction {tx} completed in {time}ms
28104,2026-01-12,04:49:10,INFO,WebServer,Page view: /home by u4710,E103,Page view: {page} by {user}
28105,2026-01-12,04:09:04,WARN,WebServer,Unauthorized access attempt from 10.0.0.12,E401,Unauthorized access attempt from {ip}
28106,2026-01-12,04:00:48,INFO,WebServer,Health check passed: WebServer,E102,Health check passed: {service}
28107,2026-01-12,04:24:44,INFO,AuthService,Transaction tx947225 completed in 1738ms,E104,Transaction {tx} completed in {time}ms
28108,2026-01-12,04:29:32,INFO,WebServer,Page view: /home by u2676,E103,Page view: {page} by {user}
28109,2026-01-12,04:02:44,INFO,AuthService,Health check passed: AuthService,E102,Health check passed: {service}
28110,2026-01-12,04:16:46,INFO,WebServer,User u4283 login successful,E101,User {user} login successful
28111,2026-01-12,04:19:22,INFO,PaymentGateway,Transaction tx435502 completed in 39ms,E104,Transaction {tx} completed in {time}ms
28112,2026-01-12,04:02:50,INFO,WebServer,Health check passed: WebServer,E102,Health check passed: {service}
28113,2026-01-12,04:15:00,INFO,AuthService,Health check passed: AuthService,E102,Health check passed: {service}
28114,2026-01-12,04:37:14,INFO,WebServer,Page view: /home by u3070,E103,Page view: {page} by {user}
28115,2026-01-12,04:18:38,INFO,AuthService,User u1418 login successful,E101,User {user} login successful
28116,2026-01-12,04:16:08,INFO,WebServer,Health check passed: WebServer,E102,Health check passed: {service}
28117,2026-01-12,04:54:57,INFO,PaymentGateway,Health check passed: PaymentGateway,E102,Health check passed: {service}
28118,2026-01-12,04:21:24,INFO,OrderProcessor,Health check passed: OrderProcessor,E102,Health check passed: {service}
28119,2026-01-12,04:34:25,INFO,WebServer,Health check passed: WebServer,E102,Health check passed: {service}
28120,2026-01-12,04:37:36,INFO,WebServer,Transaction tx549640 completed in 476ms,E104,Transaction {tx} completed in {time}ms
28121,2026-01-12,04:42:19,INFO,OrderProcessor,User u4873 login successful,E101,User {user} login successful
28122,2026-01-12,04:22:25,INFO,OrderProcessor,Transaction tx232041 completed in 1434ms,E104,Transaction {tx} completed in {time}ms
28123,2026-01-12,04:25:19,INFO,WebServer,Health check passed: WebServer,E102,Health check passed: {service}
28124,2026-01-12,04:05:05,INFO,WebServer,Health check passed: WebServer,E102,Health check passed: {service}
28125,2026-01-12,04:17:24,INFO,WebServer,Transaction tx682385 completed in 1884ms,E104,Transaction {tx} completed in {time}ms
28126,2026-01-12,04:50:33,WARN,WebServer,Disk usage > 85% on node node-4,E202,Disk usage > 85% on node {node}
28127,2026-01-12,04:29:20,INFO,WebServer,Page view: /home by u3069,E103,Page view: {page} by {user}
28128,2026-01-12,04:58:22,INFO,AuthService,Transaction tx349291 completed in 1520ms,E104,Transaction {tx} completed in {time}ms
28129,2026-01-12,04:48:30,WARN,AuthService,Disk usage > 85% on node node-3,E202,Disk usage > 85% on node {node}
28130,2026-01-12,04:18:35,WARN,InventoryDB,High latency (1896ms) detected on InventoryDB,E201,High latency ({time}ms) detected on {service}
28131,2026-01-12,04:02:22,INFO,OrderProcessor,User u1000 login successful,E101,User {user} login successful
28132,2026-01-12,04:20:07,INFO,WebServer,Health check passed: WebServer,E102,Health check passed: {service}
28133,2026-01-12,04:54:43,WARN,WebServer,Unauthorized access attempt from 10.0.0.45,E401,Unauthorized access attempt from {ip}
28134,2026-01-12,04:37:42,INFO,AuthService,Page view: /home by u3442,E103,Page view: {page} by {user}
28135,2026-01-12,04:33:51,INFO,WebServer,User u3037 login successful,E101,User {user} login successful
28136,2026-01-12,05:39:46,INFO,OrderProcessor,Health check passed: OrderProcessor,E102,Health check passed: {service}
28137,2026-01-12,05:10:12,INFO,OrderProcessor,Page view: /home by u4975,E103,Page view: {page} by {user}
28138,2026-01-12,05:13:50,INFO,WebServer,Health check passed: WebServer,E102,Health check passed: {service}
28139,2026-01-12,05:43:46,INFO,WebServer,Transaction tx745049 completed in 1044ms,E104,Transaction {tx} completed in {time}ms
28140,2026-01-12,05:10:49,INFO,AuthService,Transaction tx247558 completed in 1290ms,E104,Transaction {tx} completed in {time}ms
28141,2026-01-12,05:36:58,INFO,OrderProcessor,Transaction tx610844 completed in 1208ms,E104,Transaction {tx} completed in {time}ms
28142,2026-01-12,05:56:59,INFO,WebServer,Health check passed: WebServer,E102,Health check passed: {service}
28143,2026-01-12,05:29:47,INFO,AuthService,User u4048 login successful,E101,User {user} login successful
28144,2026-01-12,05:38:47,INFO,WebServer,User u3688 login successful,E101,User {user} login successful
28145,2026-01-12,05:13:00,INFO,WebServer,User u1560 login successful,E101,User {user} login successful
28146,2026-01-12,05:13:15,WARN,WebServer,Unauthorized access attempt from 10.0.0.12,E401,Unauthorized access attempt from {ip}
28147,2026-01-12,05:36:16,INFO,InventoryDB,Page view: /home by u3817,E103,Page view: {page} by {user}
28148,2026-01-12,05:34:12,INFO,WebServer,Transaction tx686174 completed in 1241ms,E104,Transaction {tx} completed in {time}ms
28149,2026-01-12,05:35:42,INFO,AuthService,Health check passed: AuthService,E102,Health check passed: {service}
28150,2026-01-12,05:14:14,INFO,OrderProcessor,User u3749 login successful,E101,User {user} login successful
28151,2026-01-12,05:36:01,INFO,PaymentGateway,Transaction tx847383 completed in 1152ms,E104,Transaction {tx} completed in {time}ms
28152,2026-01-12,05:59:49,INFO,OrderProcessor,Transaction tx987060 completed in 1059ms,E104,Transaction {tx} completed in {time}ms
28153,2026-01-12,05:23:15,INFO,WebServer,Health check passed: WebServer,E102,Health check passed: {service}
28154,2026-01-12,05:17:32,INFO,InventoryDB,Transaction tx652185 completed in 594ms,E104,Transaction {tx} completed in {time}ms
28155,2026-01-12,05:26:58,INFO,PaymentGateway,Page view: /home by u1689,E103,Page view: {page} by {user}
28156,2026-01-12,05:57:05,INFO,WebServer,User u3378 login successful,E101,User {user} login successful
28157,2026-01-12,05:48:38,INFO,WebServer,Transaction tx338394 completed in 323ms,E104,Transaction {tx} completed in {time}ms
28158,2026-01-12,05:08:43,INFO,WebServer,User u2848 login successful,E101,User {user} login successful
28159,2026-01-12,05:57:23,INFO,WebServer,Health check passed: WebServer,E102,Health check passed: {service}
28160,2026-01-12,05:27:06,INFO,WebServer,User u2821 login successful,E101,User {user} login successful
28161,2026-01-12,05:10:22,INFO,PaymentGateway,Transaction tx493188 completed in 1823ms,E104,Transaction {tx} completed in {time}ms
28162,2026-01-12,05:21:55,INFO,WebServer,Page view: /home by u3498,E103,Page view: {page} by {user}
28163,2026-01-12,05:28:08,INFO,WebServer,Transaction tx996750 completed in 1436ms,E104,Transaction {tx} completed in {time}ms
28164,2026-01-12,05:58:52,WARN,WebServer,Unauthorized access attempt from 10.0.0.45,E401,Unauthorized access attempt from {ip}
28165,2026-01-12,05:49:53,INFO,OrderProcessor,Page view: /home by u3196,E103,Page view: {page} by {user}
28166,2026-01-12,05:48:28,INFO,WebServer,Health check passed: WebServer,E102,Health check passed: {service}
28167,2026-01-12,05:46:10,WARN,PaymentGateway,Unauthorized access attempt from 10.0.0.45,E401,Unauthorized access attempt from {ip}
28168,2026-01-12,05:48:09,INFO,WebServer,Transaction tx688011 completed in 443ms,E104,Transaction {tx} completed in {time}ms
28169,2026-01-12,05:22:32,INFO,OrderProcessor,Page view: /home by u1044,E103,Page view: {page} by {user}
28170,2026-01-12,05:09:38,INFO,PaymentGateway,Page view: /home by u4158,E103,Page view: {page} by {user}
28171,2026-01-12,05:55:34,INFO,OrderProcessor,Transaction tx392229 completed in 638ms,E104,Transaction {tx} completed in {time}ms
28172,2026-01-12,05:53:00,INFO,PaymentGateway,Transaction tx976798 completed in 1678ms,E104,Transaction {tx} completed in {time}ms
28173,2026-01-12,05:47:08,INFO,WebServer,Health check passed: WebServer,E102,Health check passed: {service}
28174,2026-01-12,05:44:26,INFO,WebServer,Page view: /home by u1537,E103,Page view: {page} by {user}
28175,2026-01-12,05:46:02,INFO,WebServer,Transaction tx393163 completed in 545ms,E104,Transaction {tx} completed in {time}ms
28176,2026-01-12,05:17:52,INFO,AuthService,User u4355 login successful,E101,User {user} login successful
28177,2026-01-12,05:23:54,INFO,WebServer,Transaction tx959021 completed in 511ms,E104,Transaction {tx} completed in {time}ms
28178,2026-01-12,05:44:57,ERROR,WebServer,Connection refused to WebServer at 192.168.1.5,E501,Connection refused to {service} at {ip}
28179,2026-01-12,05:24:46,INFO,AuthService,Page view: /home by u3088,E103,Page view: {page} by {user}
28180,2026-01-12,05:25:03,INFO,OrderProcessor,Transaction tx217524 completed in 1757ms,E104,Transaction {tx} completed in {time}ms
28181,2026-01-12,05:11:15,INFO,OrderProcessor,Transaction tx524986 completed in 1929ms,E104,Transaction {tx} completed in {time}ms
28182,2026-01-12,05:59:13,INFO,AuthService,Page view: /home by u3408,E103,Page view: {page} by {user}
28183,2026-01-12,05:47:32,INFO,InventoryDB,User u2797 login successful,E101,User {user} login successful
28184,2026-01-12,05:59:14,INFO,PaymentGateway,Transaction tx409309 completed in 378ms,E104,Transaction {tx} completed in {time}ms
28185,2026-01-12,05:53:27,INFO,OrderProcessor,Page view: /home by u4717,E103,Page view: {page} by {user}
28186,2026-01-12,05:47:48,INFO,PaymentGateway,Health check passed: PaymentGateway,E102,Health check passed: {service}
28187,2026-01-12,05:34:31,INFO,WebServer,Health check passed: WebServer,E102,Health check passed: {service}
28188,2026-01-12,05:31:54,INFO,OrderProcessor,Page view: /home by u1338,E103,Page view: {page} by {user}
28189,2026-01-12,05:56:00,INFO,WebServer,User u4926 login successful,E101,User {user} login successful
28190,2026-01-12,05:10:13,INFO,WebServer,User u3795 login successful,E101,User {user} login successful
28191,2026-01-12,05:50:10,WARN,InventoryDB,High latency (1626ms) detected on InventoryDB,E201,High latency ({time}ms) detected on {service}
28192,2026-01-12,05:00:14,ERROR,OrderProcessor,Payment declined: Gateway unavailable,E503,Payment declined: Gateway unavailable
28193,2026-01-12,05:36:34,INFO,OrderProcessor,Page view: /home by u1636,E103,Page view: {page} by {user}
28194,2026-01-12,05:06:55,INFO,WebServer,Transaction tx163780 completed in 1615ms,E104,Transaction {tx} completed in {time}ms
28195,2026-01-12,06:47:13,INFO,WebServer,Health check passed: WebServer,E102,Health check passed: {service}
28196,2026-01-12,06:05:26,INFO,WebServer,User u4330 login successful,E101,User {user} login successful
28197,2026-01-12,06:43:24,INFO,AuthService,Health check passed: AuthService,E102,Health check passed: {service}
28198,2026-01-12,06:40:37,WARN,WebServer,High latency (841ms) detected on WebServer,E201,High latency ({time}ms) detected on {service}
28199,2026-01-12,06:42:51,INFO,InventoryDB,Health check passed: InventoryDB,E102,Health check passed: {service}
28200,2026-01-12,06:39:04,INFO,WebServer,Transaction tx191223 completed in 185ms,E104,Transaction {tx} completed in {time}ms
28201,2026-01-12,06:10:31,INFO,WebServer,Page view: /home by u3200,E103,Page view: {page} by {user}
28202,2026-01-12,06:54:47,INFO,PaymentGateway,Transaction tx401113 completed in 1278ms,E104,Transaction {tx} completed in {time}ms
28203,2026-01-12,06:41:17,INFO,WebServer,Page view: /home by u1317,E103,Page view: {page} by {user}
28204,2026-01-12,06:06:09,INFO,WebServer,Health check passed: WebServer,E102,Health check passed: {service}
28205,2026-01-12,06:02:28,INFO,WebServer,Transaction tx819338 completed in 1924ms,E104,Transaction {tx} completed in {time}ms
28206,2026-01-12,06:34:28,INFO,WebServer,Transaction tx686553 completed in 1509ms,E104,Transaction {tx} completed in {time}ms
28207,2026-01-12,06:55:39,INFO,WebServer,Page view: /home by u4246,E103,Page view: {page} by {user}
28208,2026-01-12,06:08:34,INFO,WebServer,Page view: /home by u4007,E103,Page view: {page} by {user}
28209,2026-01-12,06:23:33,INFO,AuthService,User u1235 login successful,E101,User {user} login successful
28210,2026-01-12,06:16:25,INFO,AuthService,Health check passed: AuthService,E102,Health check passed: {service}
28211,2026-01-12,06:24:01,INFO,WebServer,Health check passed: WebServer,E102,Health check passed: {service}
28212,2026-01-12,06:21:13,INFO,AuthService,User u4760 login successful,E101,User {user} login successful
28213,2026-01-12,06:34:32,INFO,AuthService,Health check passed: AuthService,E102,Health check passed: {service}
28214,2026-01-12,06:40:44,INFO,AuthService,User u3657 login successful,E101,User {user} login successful
28215,2026-01-12,06:54:26,INFO,OrderProcessor,User u2433 login successful,E101,User {user} login successful
28216,2026-01-12,06:19:50,INFO,WebServer,Transaction tx767970 completed in 1529ms,E104,Transaction {tx} completed in {time}ms
28217,2026-01-12,06:29:00,WARN,OrderProcessor,Unauthorized access attempt from 10.0.0.10,E401,Unauthorized access attempt from {ip}
28218,2026-01-12,06:22:09,INFO,WebServer,Transaction tx856903 completed in 241ms,E104,Transaction {tx} completed in {time}ms
28219,2026-01-12,06:28:28,INFO,WebServer,Transaction tx864966 completed in 678ms,E104,Transaction {tx} completed in {time}ms
28220,2026-01-12,06:30:19,INFO,AuthService,Page view: /home by u3085,E103,Page view: {page} by {user}
28221,2026-01-12,06:39:36,INFO,OrderProcessor,Page view: /home by u3861,E103,Page view: {page} by {user}
28222,2026-01-12,06:28:17,INFO,AuthService,User u2216 login successful,E101,User {user} login successful
28223,2026-01-12,06:34:43,INFO,WebServer,User u1181 login successful,E101,User {user} login successful
28224,2026-01-12,06:58:04,INFO,AuthService,Page view: /home by u1839,E103,Page view: {page} by {user}
28225,2026-01-12,06:34:00,INFO,OrderProcessor,Health check passed: OrderProcessor,E102,Health check passed: {service}
28226,2026-01-12,06:26:43,INFO,WebServer,Page view: /home by u3100,E103,Page view: {page} by {user}
28227,2026-01-12,06:06:23,INFO,WebServer,Transaction tx413667 completed in 586ms,E104,Transaction {tx} completed in {time}ms
28228,2026-01-12,06:07:36,INFO,PaymentGateway,User u4969 login successful,E101,User {user} login successful
28229,2026-01-12,06:06:34,INFO,InventoryDB,User u3836 login successful,E101,User {user} login successful
28230,2026-01-12,06:55:31,INFO,WebServer,User u3328 login successful,E101,User {user} login successful
28231,2026-01-12,06:03:39,WARN,WebServer,High latency (316ms) detected on WebServer,E201,High latency ({time}ms) detected on {service}
28232,2026-01-12,06:55:51,INFO,WebServer,Health check passed: WebServer,E102,Health check passed: {service}
28233,2026-01-12,06:37:15,INFO,OrderProcessor,Health check passed: OrderProcessor,E102,Health check passed: {service}
28234,2026-01-12,06:50:28,INFO,WebServer,User u4462 login successful,E101,User {user} login successful
28235,2026-01-12,06:54:23,INFO,AuthService,Page view: /home by u1460,E103,Page view: {page} by {user}
28236,2026-01-12,06:10:24,INFO,AuthService,Page view: /home by u2426,E103,Page view: {page} by {user}
28237,2026-01-12,06:24:49,INFO,AuthService,Transaction tx215301 completed in 433ms,E104,Transaction {tx} completed in {time}ms
28238,2026-01-12,06:43:59,ERROR,WebServer,Payment declined: Gateway unavailable,E503,Payment declined: Gateway unavailable
28239,2026-01-12,06:54:56,INFO,WebServer,Page view: /home by u4545,E103,Page view: {page} by {user}
28240,2026-01-12,06:44:36,ERROR,WebServer,Timeout waiting for lock on InventoryDB,E502,Timeout waiting for lock on {db}
28241,2026-01-12,06:20:25,INFO,WebServer,Transaction tx635981 completed in 1793ms,E104,Transaction {tx} completed in {time}ms
28242,2026-01-12,06:31:47,INFO,PaymentGateway,Transaction tx709884 completed in 1493ms,E104,Transaction {tx} completed in {time}ms
28243,2026-01-12,06:00:22,INFO,WebServer,Page view: /home by u2010,E103,Page view: {page} by {user}
28244,2026-01-12,06:49:23,INFO,WebServer,Transaction tx350988 completed in 983ms,E104,Transaction {tx} completed in {time}ms
28245,2026-01-12,06:25:16,INFO,WebServer,Page view: /home by u2459,E103,Page view: {page} by {user}
28246,2026-01-12,06:17:28,INFO,WebServer,Transaction tx578028 completed in 1356ms,E104,Transaction {tx} completed in {time}ms
28247,2026-01-12,06:17:34,INFO,WebServer,Transaction tx830823 completed in 96ms,E104,Transaction {tx} completed in {time}ms
28248,2026-01-12,06:04:27,CRITICAL,OrderProcessor,DATA CORRUPTION detected in sector 558,E602,DATA CORRUPTION detected in sector {sector}
28249,2026-01-12,06:09:56,INFO,OrderProcessor,Transaction tx743496 completed in 974ms,E104,Transaction {tx} completed in {time}ms
28250,2026-01-12,06:03:14,INFO,WebServer,Page view: /home by u4523,E103,Page view: {page} by {user}
28251,2026-01-12,06:39:52,INFO,WebServer,Page view: /home by u2309,E103,Page view: {page} by {user}
28252,2026-01-12,06:28:59,CRITICAL,AuthService,DATA CORRUPTION detected in sector 968,E602,DATA CORRUPTION detected in sector {sector}
28253,2026-01-12,06:36:11,INFO,AuthService,Health check passed: AuthService,E102,Health check passed: {service}
28254,2026-01-12,06:59:46,INFO,AuthService,Page view: /home by u2129,E103,Page view: {page} by {user}
28255,2026-01-12,06:15:19,INFO,WebServer,User u3762 login successful,E101,User {user} login successful
28256,2026-01-12,06:07:17,INFO,AuthService,Page view: /home by u4470,E103,Page view: {page} by {user}
28257,2026-01-12,06:46:50,INFO,WebServer,Page view: /home by u4369,E103,Page view: {page} by {user}
28258,2026-01-12,06:31:21,INFO,WebServer,Transaction tx303481 completed in 541ms,E104,Transaction {tx} completed in {time}ms
28259,2026-01-12,06:16:55,INFO,OrderProcessor,User u1099 login successful,E101,User {user} login successful
28260,2026-01-12,06:27:32,INFO,PaymentGateway,Health check passed: PaymentGateway,E102,Health check passed: {service}
28261,2026-01-12,06:00:43,INFO,WebServer,Page view: /home by u3926,E103,Page view: {page} by {user}
28262,2026-01-12,06:17:31,INFO,PaymentGateway,Transaction tx564998 completed in 386ms,E104,Transaction {tx} completed in {time}ms
28263,2026-01-12,06:54:50,WARN,WebServer,High latency (1226ms) detected on WebServer,E201,High latency ({time}ms) detected on {service}
28264,2026-01-12,06:11:08,INFO,WebServer,Page view: /home by u2127,E103,Page view: {page} by {user}
28265,2026-01-12,06:17:56,INFO,AuthService,Health check passed: AuthService,E102,Health check passed: {service}
28266,2026-01-12,06:42:01,WARN,InventoryDB,Unauthorized access attempt from 10.0.0.45,E401,Unauthorized access attempt from {ip}
28267,2026-01-12,06:03:52,INFO,WebServer,User u1409 login successful,E101,User {user} login successful
28268,2026-01-12,06:12:36,INFO,AuthService,User u4105 login successful,E101,User {user} login successful
28269,2026-01-12,06:47:16,INFO,WebServer,Transaction tx559076 completed in 1495ms,E104,Transaction {tx} completed in {time}ms
28270,2026-01-12,06:37:14,WARN,WebServer,Disk usage > 85% on node node-4,E202,Disk usage > 85% on node {node}
28271,2026-01-12,06:11:00,INFO,OrderProcessor,User u4200 login successful,E101,User {user} login successful
28272,2026-01-12,06:06:03,INFO,AuthService,User u2323 login successful,E101,User {user} login successful
28273,2026-01-12,06:23:23,INFO,WebServer,Page view: /home by u2203,E103,Page view: {page} by {user}
28274,2026-01-12,06:16:28,INFO,InventoryDB,Page view: /home by u1659,E103,Page view: {page} by {user}
28275,2026-01-12,06:43:40,INFO,WebServer,Page view: /home by u1464,E103,Page view: {page} by {user}
28276,2026-01-12,06:37:52,INFO,OrderProcessor,Health check passed: OrderProcessor,E102,Health check passed: {service}
28277,2026-01-12,06:12:07,INFO,WebServer,User u2680 login successful,E101,User {user} login successful
28278,2026-01-12,06:12:39,INFO,WebServer,Page view: /home by u1782,E103,Page view: {page} by {user}
28279,2026-01-12,06:57:18,INFO,WebServer,User u3301 login successful,E101,User {user} login successful
28280,2026-01-12,06:02:13,WARN,WebServer,Disk usage > 85% on node node-5,E202,Disk usage > 85% on node {node}
28281,2026-01-12,06:56:38,INFO,OrderProcessor,Page view: /home by u1702,E103,Page view: {page} by {user}
28282,2026-01-12,06:24:12,INFO,WebServer,User u3914 login successful,E101,User {user} login successful
28283,2026-01-12,06:50:20,INFO,AuthService,Health check passed: AuthService,E102,Health check passed: {service}
28284,2026-01-12,06:35:46,INFO,PaymentGateway,Page view: /home by u2200,E103,Page view: {page} by {user}
28285,2026-01-12,06:43:25,INFO,WebServer,User u4459 login successful,E101,User {user} login successful
28286,2026-01-12,06:35:02,INFO,OrderProcessor,Health check passed: OrderProcessor,E102,Health check passed: {service}
28287,2026-01-12,06:00:45,INFO,AuthService,Health check passed: AuthService,E102,Health check passed: {service}
28288,2026-01-12,06:51:33,INFO,PaymentGateway,User u3285 login successful,E101,User {user} login successful
28289,2026-01-12,06:14:02,INFO,AuthService,User u4153 login successful,E101,User {user} login successful
28290,2026-01-12,06:36:03,INFO,PaymentGateway,Health check passed: PaymentGateway,E102,Health check passed: {service}
28291,2026-01-12,06:10:20,INFO,AuthService,Transaction tx776833 completed in 892ms,E104,Transaction {tx} completed in {time}ms
28292,2026-01-12,06:45:29,INFO,PaymentGateway,User u4133 login successful,E101,User {user} login successful
28293,2026-01-12,06:19:00,INFO,PaymentGateway,Health check passed: PaymentGateway,E102,Health check passed: {service}
28294,2026-01-12,06:38:57,INFO,WebServer,Page view: /home by u3846,E103,Page view: {page} by {user}
28295,2026-01-12,06:21:38,WARN,OrderProcessor,High latency (1193ms) detected on OrderProcessor,E201,High latency ({time}ms) detected on {service}
28296,2026-01-12,06:54:45,WARN,WebServer,Unauthorized access attempt from 10.0.0.45,E401,Unauthorized access attempt from {ip}
28297,2026-01-12,06:49:21,INFO,WebServer,Page view: /home by u4299,E103,Page view: {page} by {user}
28298,2026-01-12,06:12:31,INFO,AuthService,Page view: /home by u1303,E103,Page view: {page} by {user}
28299,2026-01-12,06:05:14,INFO,WebServer,Health check passed: WebServer,E102,Health check passed: {service}
28300,2026-01-12,06:30:11,INFO,WebServer,Page view: /home by u4612,E103,Page view: {page} by {user}
28301,2026-01-12,06:18:55,INFO,InventoryDB,Health check passed: InventoryDB,E102,Health check passed: {service}
28302,2026-01-12,06:10:40,INFO,PaymentGateway,Transaction tx916390 completed in 292ms,E104,Transaction {tx} completed in {time}ms
28303,2026-01-12,06:26:19,INFO,AuthService,Page view: /home by u2210,E103,Page view: {page} by {user}
28304,2026-01-12,06:00:56,INFO,AuthService,Transaction tx226494 completed in 203ms,E104,Transaction {tx} completed in {time}ms
28305,2026-01-12,06:36:04,INFO,AuthService,Page view: /home by u2625,E103,Page view: {page} by {user}
28306,2026-01-12,06:00:43,INFO,OrderProcessor,Health check passed: OrderProcessor,E102,Health check passed: {service}
28307,2026-01-12,06:13:00,INFO,AuthService,Page view: /home by u2967,E103,Page view: {page} by {user}
28308,2026-01-12,06:54:00,INFO,WebServer,Transaction tx223597 completed in 109ms,E104,Transaction {tx} completed in {time}ms
28309,2026-01-12,06:49:29,INFO,WebServer,Page view: /home by u4516,E103,Page view: {page} by {user}
28310,2026-01-12,06:34:57,INFO,PaymentGateway,Transaction tx406501 completed in 559ms,E104,Transaction {tx} completed in {time}ms
28311,2026-01-12,06:03:46,INFO,WebServer,Transaction tx508783 completed in 1149ms,E104,Transaction {tx} completed in {time}ms
28312,2026-01-12,06:54:37,INFO,WebServer,Page view: /home by u3219,E103,Page view: {page} by {user}
28313,2026-01-12,06:41:43,INFO,OrderProcessor,Health check passed: OrderProcessor,E102,Health check passed: {service}
28314,2026-01-12,06:33:06,INFO,WebServer,Page view: /home by u1241,E103,Page view: {page} by {user}
28315,2026-01-12,06:03:33,INFO,WebServer,User u4316 login successful,E101,User {user} login successful
28316,2026-01-12,06:34:56,INFO,WebServer,Page view: /home by u1930,E103,Page view: {page} by {user}
28317,2026-01-12,06:54:22,INFO,WebServer,Health check passed: WebServer,E102,Health check passed: {service}
28318,2026-01-12,06:44:57,INFO,WebServer,User u4115 login successful,E101,User {user} login successful
28319,2026-01-12,06:06:44,INFO,PaymentGateway,Page view: /home by u3493,E103,Page view: {page} by {user}
28320,2026-01-12,06:33:31,INFO,AuthService,Page view: /home by u3771,E103,Page view: {page} by {user}
28321,2026-01-12,06:07:53,INFO,WebServer,Transaction tx941980 completed in 202ms,E104,Transaction {tx} completed in {time}ms
28322,2026-01-12,06:46:31,WARN,AuthService,Disk usage > 85% on node node-4,E202,Disk usage > 85% on node {node}
28323,2026-01-12,06:27:37,INFO,PaymentGateway,Transaction tx928695 completed in 1814ms,E104,Transaction {tx} completed in {time}ms
28324,2026-01-12,06:49:11,INFO,PaymentGateway,Health check passed: PaymentGateway,E102,Health check passed: {service}
28325,2026-01-12,06:22:00,INFO,OrderProcessor,Transaction tx798834 completed in 805ms,E104,Transaction {tx} completed in {time}ms
28326,2026-01-12,06:13:50,INFO,AuthService,Transaction tx790341 completed in 496ms,E104,Transaction {tx} completed in {time}ms
28327,2026-01-12,06:38:07,WARN,WebServer,Disk usage > 85% on node node-1,E202,Disk usage > 85% on node {node}
28328,2026-01-12,06:32:55,INFO,OrderProcessor,Health check passed: OrderProcessor,E102,Health check passed: {service}
28329,2026-01-12,06:09:18,INFO,InventoryDB,Health check passed: InventoryDB,E102,Health check passed: {service}
28330,2026-01-12,06:15:07,INFO,PaymentGateway,User u3231 login successful,E101,User {user} login successful
28331,2026-01-12,06:26:59,INFO,AuthService,Health check passed: AuthService,E102,Health check passed: {service}
28332,2026-01-12,06:36:44,INFO,AuthService,Page view: /home by u1523,E103,Page view: {page} by {user}
28333,2026-01-12,06:55:49,INFO,AuthService,Health check passed: AuthService,E102,Health check passed: {service}
28334,2026-01-12,06:37:47,INFO,WebServer,Health check passed: WebServer,E102,Health check passed: {service}
28335,2026-01-12,06:24:43,CRITICAL,WebServer,KERNEL PANIC: Node node-5 crashed,E601,KERNEL PANIC: Node {node} crashed
28336,2026-01-12,06:53:12,INFO,WebServer,Health check passed: WebServer,E102,Health check passed: {service}
28337,2026-01-12,06:20:58,INFO,InventoryDB,Transaction tx225670 completed in 928ms,E104,Transaction {tx} completed in {time}ms
28338,2026-01-12,06:45:36,INFO,AuthService,Page view: /home by u2254,E103,Page view: {page} by {user}
28339,2026-01-12,06:32:56,INFO,PaymentGateway,Health check passed: PaymentGateway,E102,Health check passed: {service}
28340,2026-01-12,06:15:30,INFO,WebServer,Page view: /home by u2860,E103,Page view: {page} by {user}
28341,2026-01-12,06:50:41,INFO,WebServer,Transaction tx809990 completed in 1640ms,E104,Transaction {tx} completed in {time}ms
28342,2026-01-12,06:00:28,ERROR,WebServer,Timeout waiting for lock on InventoryDB,E502,Timeout waiting for lock on {db}
28343,2026-01-12,06:08:18,INFO,WebServer,Page view: /home by u4319,E103,Page view: {page} by {user}
28344,2026-01-12,06:38:06,INFO,WebServer,Health check passed: WebServer,E102,Health check passed: {service}
28345,2026-01-12,06:23:20,INFO,WebServer,Health check passed: WebServer,E102,Health check passed: {service}
28346,2026-01-12,06:28:42,INFO,PaymentGateway,Page view: /home by u2195,E103,Page view: {page} by {user}
28347,2026-01-12,06:18:41,WARN,WebServer,High latency (1696ms) detected on WebServer,E201,High latency ({time}ms) detected on {service}
28348,2026-01-12,06:02:30,INFO,PaymentGateway,Page view: /home by u2238,E103,Page view: {page} by {user}
28349,2026-01-12,06:16:42,INFO,WebServer,Transaction tx801263 completed in 1885ms,E104,Transaction {tx} completed in {time}ms
28350,2026-01-12,06:55:11,INFO,WebServer,Page view: /home by u1882,E103,Page view: {page} by {user}
28351,2026-01-12,06:10:03,INFO,PaymentGateway,Transaction tx671692 completed in 314ms,E104,Transaction {tx} completed in {time}ms
28352,2026-01-12,06:25:58,INFO,WebServer,Health check passed: WebServer,E102,Health check passed: {service}
28353,2026-01-12,06:35:10,INFO,AuthService,User u1803 login successful,E101,User {user} login successful
28354,2026-01-12,06:25:05,INFO,PaymentGateway,Transaction tx359225 completed in 472ms,E104,Transaction {tx} completed in {time}ms
28355,2026-01-12,06:26:01,INFO,WebServer,Page view: /home by u4078,E103,Page view: {page} by {user}
28356,2026-01-12,06:35:21,INFO,OrderProcessor,Transaction tx469200 completed in 1944ms,E104,Transaction {tx} completed in {time}ms
28357,2026-01-12,06:20:26,INFO,OrderProcessor,Transaction tx333319 completed in 1027ms,E104,Transaction {tx} completed in {time}ms
28358,2026-01-12,06:37:04,WARN,WebServer,Disk usage > 85% on node node-3,E202,Disk usage > 85% on node {node}
28359,2026-01-12,06:14:25,WARN,PaymentGateway,High latency (1895ms) detected on PaymentGateway,E201,High latency ({time}ms) detected on {service}
28360,2026-01-12,06:58:29,INFO,WebServer,User u1997 login successful,E101,User {user} login successful
28361,2026-01-12,06:10:29,INFO,WebServer,Health check passed: WebServer,E102,Health check passed: {service}
28362,2026-01-12,06:45:04,INFO,WebServer,User u4346 login successful,E101,User {user} login successful
28363,2026-01-12,06:24:54,INFO,AuthService,Health check passed: AuthService,E102,Health check passed: {service}
28364,2026-01-12,06:22:20,INFO,WebServer,Transaction tx951293 completed in 1777ms,E104,Transaction {tx} completed in {time}ms
28365,2026-01-12,06:59:11,INFO,WebServer,Page view: /home by u1670,E103,Page view: {page} by {user}
28366,2026-01-12,06:24:50,INFO,AuthService,Health check passed: AuthService,E102,Health check passed: {service}
28367,2026-01-12,06:56:31,INFO,WebServer,Transaction tx999758 completed in 1415ms,E104,Transaction {tx} completed in {time}ms
28368,2026-01-12,06:15:06,ERROR,PaymentGateway,Timeout waiting for lock on InventoryDB,E502,Timeout waiting for lock on {db}
28369,2026-01-12,06:58:15,INFO,WebServer,User u1174 login successful,E101,User {user} login successful
28370,2026-01-12,06:24:56,INFO,WebServer,Health check passed: WebServer,E102,Health check passed: {service}
28371,2026-01-12,06:38:12,INFO,AuthService,Page view: /home by u2119,E103,Page view: {page} by {user}
28372,2026-01-12,06:05:10,INFO,InventoryDB,User u1907 login successful,E101,User {user} login successful
28373,2026-01-12,06:30:55,INFO,WebServer,Transaction tx334710 completed in 1598ms,E104,Transaction {tx} completed in {time}ms
28374,2026-01-12,06:34:30,INFO,PaymentGateway,Transaction tx653530 completed in 1657ms,E104,Transaction {tx} completed in {time}ms
28375,2026-01-12,06:40:33,INFO,WebServer,Page view: /home by u3485,E103,Page view: {page} by {user}
28376,2026-01-12,06:51:06,INFO,AuthService,Page view: /home by u3566,E103,Page view: {page} by {user}
28377,2026-01-12,06:06:17,INFO,OrderProcessor,Transaction tx461288 completed in 1789ms,E104,Transaction {tx} completed in {time}ms
28378,2026-01-12,06:20:44,INFO,WebServer,Transaction tx640138 completed in 1078ms,E104,Transaction {tx} completed in {time}ms
28379,2026-01-12,06:32:01,INFO,AuthService,Health check passed: AuthService,E102,Health check passed: {service}
28380,2026-01-12,06:01:12,INFO,OrderProcessor,Transaction tx235680 completed in 79ms,E104,Transaction {tx} completed in {time}ms
28381,2026-01-12,06:47:20,INFO,AuthService,User u1428 login successful,E101,User {user} login successful
28382,2026-01-12,06:03:40,INFO,WebServer,Page view: /home by u2480,E103,Page view: {page} by {user}
28383,2026-01-12,06:08:07,INFO,WebServer,Page view: /home by u3580,E103,Page view: {page} by {user}
28384,2026-01-12,06:15:43,INFO,AuthService,Page view: /home by u2234,E103,Page view: {page} by {user}
28385,2026-01-12,06:38:40,INFO,PaymentGateway,Page view: /home by u2592,E103,Page view: {page} by {user}
28386,2026-01-12,06:35:05,INFO,WebServer,Health check passed: WebServer,E102,Health check passed: {service}
28387,2026-01-12,06:55:36,INFO,WebServer,Page view: /home by u3624,E103,Page view: {page} by {user}
28388,2026-01-12,06:27:42,INFO,PaymentGateway,Page view: /home by u3341,E103,Page view: {page} by {user}
28389,2026-01-12,06:11:30,ERROR,OrderProcessor,Payment declined: Gateway unavailable,E503,Payment declined: Gateway unavailable
28390,2026-01-12,06:17:11,ERROR,WebServer,Payment declined: Gateway unavailable,E503,Payment declined: Gateway unavailable
28391,2026-01-12,06:51:18,INFO,PaymentGateway,Health check passed: PaymentGateway,E102,Health check passed: {service}
28392,2026-01-12,06:40:08,INFO,AuthService,Health check passed: AuthService,E102,Health check passed: {service}
28393,2026-01-12,06:23:40,INFO,AuthService,User u2422 login successful,E101,User {user} login successful
28394,2026-01-12,06:40:31,INFO,PaymentGateway,User u2448 login successful,E101,User {user} login successful
28395,2026-01-12,06:43:57,INFO,AuthService,User u1641 login successful,E101,User {user} login successful
28396,2026-01-12,06:54:05,INFO,WebServer,Transaction tx205771 completed in 774ms,E104,Transaction {tx} completed in {time}ms
28397,2026-01-12,06:05:56,INFO,WebServer,User u3191 login successful,E101,User {user} login successful
28398,2026-01-12,06:24:12,INFO,AuthService,Health check passed: AuthService,E102,Health check passed: {service}
28399,2026-01-12,06:55:32,INFO,WebServer,Transaction tx789098 completed in 1218ms,E104,Transaction {tx} completed in {time}ms
28400,2026-01-12,06:31:45,INFO,AuthService,Transaction tx162391 completed in 1573ms,E104,Transaction {tx} completed in {time}ms
28401,2026-01-12,06:32:51,INFO,PaymentGateway,Page view: /home by u4995,E103,Page view: {page} by {user}
28402,2026-01-12,06:34:40,INFO,WebServer,Page view: /home by u2146,E103,Page view: {page} by {user}
28403,2026-01-12,06:17:17,INFO,OrderProcessor,Health check passed: OrderProcessor,E102,Health check passed: {service}
28404,2026-01-12,06:08:47,INFO,OrderProcessor,Transaction tx879603 completed in 719ms,E104,Transaction {tx} completed in {time}ms
28405,2026-01-12,06:44:19,INFO,WebServer,Health check passed: WebServer,E102,Health check passed: {service}
28406,2026-01-12,06:27:40,INFO,WebServer,Page view: /home by u4895,E103,Page view: {page} by {user}
28407,2026-01-12,06:12:27,WARN,PaymentGateway,High latency (1720ms) detected on PaymentGateway,E201,High latency ({time}ms) detected on {service}
28408,2026-01-12,06:35:14,INFO,PaymentGateway,Page view: /home by u4434,E103,Page view: {page} by {user}
28409,2026-01-12,06:50:16,INFO,PaymentGateway,Health check passed: PaymentGateway,E102,Health check passed: {service}
28410,2026-01-12,06:45:00,INFO,OrderProcessor,User u1590 login successful,E101,User {user} login successful
28411,2026-01-12,06:39:44,INFO,InventoryDB,Page view: /home by u3726,E103,Page view: {page} by {user}
28412,2026-01-12,06:01:36,INFO,WebServer,Transaction tx685943 completed in 930ms,E104,Transaction {tx} completed in {time}ms
28413,2026-01-12,06:16:42,INFO,WebServer,Transaction tx919088 completed in 318ms,E104,Transaction {tx} completed in {time}ms
28414,2026-01-12,06:24:08,INFO,WebServer,Transaction tx114106 completed in 1751ms,E104,Transaction {tx} completed in {time}ms
28415,2026-01-12,06:24:12,INFO,AuthService,Health check passed: AuthService,E102,Health check passed: {service}
28416,2026-01-12,06:22:57,INFO,InventoryDB,Health check passed: InventoryDB,E102,Health check passed: {service}
28417,2026-01-12,06:38:27,INFO,WebServer,Page view: /home by u4698,E103,Page view: {page} by {user}
28418,2026-01-12,06:46:01,INFO,WebServer,Transaction tx259985 completed in 114ms,E104,Transaction {tx} completed in {time}ms
28419,2026-01-12,06:11:24,INFO,OrderProcessor,Transaction tx624409 completed in 1553ms,E104,Transaction {tx} completed in {time}ms
28420,2026-01-12,06:35:03,INFO,PaymentGateway,Page view: /home by u3703,E103,Page view: {page} by {user}
28421,2026-01-12,06:12:01,INFO,PaymentGateway,Transaction tx630523 completed in 1143ms,E104,Transaction {tx} completed in {time}ms
28422,2026-01-12,06:04:12,INFO,OrderProcessor,User u4641 login successful,E101,User {user} login successful
28423,2026-01-12,06:25:04,INFO,WebServer,Page view: /home by u4223,E103,Page view: {page} by {user}
28424,2026-01-12,06:47:13,INFO,OrderProcessor,Health check passed: OrderProcessor,E102,Health check passed: {service}
28425,2026-01-12,06:44:50,INFO,OrderProcessor,User u3261 login successful,E101,User {user} login successful
28426,2026-01-12,06:48:30,INFO,OrderProcessor,Transaction tx761921 completed in 617ms,E104,Transaction {tx} completed in {time}ms
28427,2026-01-12,06:12:26,INFO,PaymentGateway,Page view: /home by u2827,E103,Page view: {page} by {user}
28428,2026-01-12,06:02:34,INFO,PaymentGateway,Transaction tx643405 completed in 1386ms,E104,Transaction {tx} completed in {time}ms
28429,2026-01-12,06:39:00,INFO,WebServer,Health check passed: WebServer,E102,Health check passed: {service}
28430,2026-01-12,06:54:05,INFO,WebServer,Transaction tx129237 completed in 1916ms,E104,Transaction {tx} completed in {time}ms
28431,2026-01-12,06:04:25,INFO,PaymentGateway,User u4596 login successful,E101,User {user} login successful
28432,2026-01-12,06:09:51,INFO,InventoryDB,Transaction tx349781 completed in 408ms,E104,Transaction {tx} completed in {time}ms
28433,2026-01-12,06:30:43,INFO,OrderProcessor,User u1804 login successful,E101,User {user} login successful
28434,2026-01-12,06:37:55,INFO,OrderProcessor,Transaction tx874862 completed in 737ms,E104,Transaction {tx} completed in {time}ms
28435,2026-01-12,06:04:57,INFO,WebServer,Health check passed: WebServer,E102,Health check passed: {service}
28436,2026-01-12,06:57:16,INFO,WebServer,Transaction tx264226 completed in 1392ms,E104,Transaction {tx} completed in {time}ms
28437,2026-01-12,06:00:14,INFO,OrderProcessor,Page view: /home by u2354,E103,Page view: {page} by {user}
28438,2026-01-12,06:39:04,INFO,InventoryDB,Page view: /home by u4912,E103,Page view: {page} by {user}
28439,2026-01-12,06:38:49,INFO,WebServer,Page view: /home by u2897,E103,Page view: {page} by {user}
28440,2026-01-12,06:08:27,INFO,WebServer,Transaction tx489174 completed in 419ms,E104,Transaction {tx} completed in {time}ms
28441,2026-01-12,06:35:13,INFO,WebServer,User u1039 login successful,E101,User {user} login successful
28442,2026-01-12,06:50:36,WARN,InventoryDB,Disk usage > 85% on node node-5,E202,Disk usage > 85% on node {node}
28443,2026-01-12,06:44:08,INFO,WebServer,User u2466 login successful,E101,User {user} login successful
28444,2026-01-12,06:06:30,INFO,WebServer,Health check passed: WebServer,E102,Health check passed: {service}
28445,2026-01-12,06:19:02,INFO,WebServer,Health check passed: WebServer,E102,Health check passed: {service}
28446,2026-01-12,06:10:41,INFO,WebServer,Health check passed: WebServer,E102,Health check passed: {service}
28447,2026-01-12,06:12:39,INFO,AuthService,User u2417 login successful,E101,User {user} login successful
28448,2026-01-12,06:50:31,INFO,WebServer,Transaction tx832006 completed in 1766ms,E104,Transaction {tx} completed in {time}ms
28449,2026-01-12,06:59:01,INFO,WebServer,Health check passed: WebServer,E102,Health check passed: {service}
28450,2026-01-12,06:32:08,INFO,WebServer,Transaction tx967411 completed in 649ms,E104,Transaction {tx} completed in {time}ms
28451,2026-01-12,06:18:11,INFO,WebServer,Page view: /home by u4887,E103,Page view: {page} by {user}
28452,2026-01-12,06:35:20,INFO,AuthService,Page view: /home by u4216,E103,Page view: {page} by {user}
28453,2026-01-12,06:56:17,INFO,WebServer,Health check passed: WebServer,E102,Health check passed: {service}
28454,2026-01-12,06:24:35,INFO,WebServer,Health check passed: WebServer,E102,Health check passed: {service}
28455,2026-01-12,06:07:48,INFO,WebServer,Health check passed: WebServer,E102,Health check passed: {service}
28456,2026-01-12,06:30:44,INFO,AuthService,Page view: /home by u1978,E103,Page view: {page} by {user}
28457,2026-01-12,06:12:08,INFO,WebServer,Transaction tx355148 completed in 964ms,E104,Transaction {tx} completed in {time}ms
28458,2026-01-12,06:19:41,INFO,AuthService,User u2423 login successful,E101,User {user} login successful
28459,2026-01-12,06:17:20,INFO,WebServer,Transaction tx649124 completed in 1263ms,E104,Transaction {tx} completed in {time}ms
28460,2026-01-12,06:21:12,INFO,PaymentGateway,Page view: /home by u1134,E103,Page view: {page} by {user}
28461,2026-01-12,06:50:33,INFO,WebServer,Page view: /home by u2136,E103,Page view: {page} by {user}
28462,2026-01-12,06:02:14,INFO,WebServer,User u2834 login successful,E101,User {user} login successful
28463,2026-01-12,06:08:18,INFO,WebServer,Page view: /home by u4112,E103,Page view: {page} by {user}
28464,2026-01-12,06:16:14,INFO,OrderProcessor,Transaction tx644574 completed in 1148ms,E104,Transaction {tx} completed in {time}ms
28465,2026-01-12,06:24:22,INFO,WebServer,Health check passed: WebServer,E102,Health check passed: {service}
28466,2026-01-12,06:32:31,INFO,AuthService,Health check passed: AuthService,E102,Health check passed: {service}
28467,2026-01-12,06:56:24,INFO,WebServer,Health check passed: WebServer,E102,Health check passed: {service}
28468,2026-01-12,06:44:51,INFO,WebServer,Health check passed: WebServer,E102,Health check passed: {service}
28469,2026-01-12,06:42:50,WARN,WebServer,Unauthorized access attempt from 10.0.0.45,E401,Unauthorized access attempt from {ip}
28470,2026-01-12,06:53:59,WARN,WebServer,High latency (690ms) detected on WebServer,E201,High latency ({time}ms) detected on {service}
28471,2026-01-12,06:17:34,INFO,AuthService,Transaction tx816466 completed in 941ms,E104,Transaction {tx} completed in {time}ms
28472,2026-01-12,06:23:09,INFO,WebServer,Transaction tx300459 completed in 648ms,E104,Transaction {tx} completed in {time}ms
28473,2026-01-12,06:19:50,INFO,AuthService,User u1009 login successful,E101,User {user} login successful
28474,2026-01-12,06:01:15,INFO,WebServer,Health check passed: WebServer,E102,Health check passed: {service}
28475,2026-01-12,06:44:12,INFO,WebServer,User u1490 login successful,E101,User {user} login successful
28476,2026-01-12,06:48:47,INFO,WebServer,Health check passed: WebServer,E102,Health check passed: {service}
28477,2026-01-12,06:09:06,INFO,WebServer,User u4377 login successful,E101,User {user} login successful
28478,2026-01-12,06:00:30,INFO,WebServer,Transaction tx959225 completed in 227ms,E104,Transaction {tx} completed in {time}ms
28479,2026-01-12,06:04:02,INFO,InventoryDB,Health check passed: InventoryDB,E102,Health check passed: {service}
28480,2026-01-12,06:18:27,INFO,WebServer,Transaction tx619680 completed in 105ms,E104,Transaction {tx} completed in {time}ms
28481,2026-01-12,06:02:39,INFO,OrderProcessor,Page view: /home by u2964,E103,Page view: {page} by {user}
28482,2026-01-12,06:28:34,INFO,WebServer,Transaction tx655335 completed in 1424ms,E104,Transaction {tx} completed in {time}ms
28483,2026-01-12,06:47:46,INFO,AuthService,Page view: /home by u2646,E103,Page view: {page} by {user}
28484,2026-01-12,06:28:40,INFO,InventoryDB,User u3883 login successful,E101,User {user} login successful
28485,2026-01-12,06:39:42,INFO,OrderProcessor,Health check passed: OrderProcessor,E102,Health check passed: {service}
28486,2026-01-12,06:05:24,INFO,WebServer,User u3056 login successful,E101,User {user} login successful
28487,2026-01-12,06:51:57,INFO,WebServer,Transaction tx778002 completed in 384ms,E104,Transaction {tx} completed in {time}ms
28488,2026-01-12,06:00:35,INFO,WebServer,Transaction tx172850 completed in 1820ms,E104,Transaction {tx} completed in {time}ms
28489,2026-01-12,06:03:08,INFO,WebServer,Transaction tx202581 completed in 891ms,E104,Transaction {tx} completed in {time}ms
28490,2026-01-12,06:52:02,INFO,WebServer,Health check passed: WebServer,E102,Health check passed: {service}
28491,2026-01-12,06:10:58,INFO,WebServer,Transaction tx624727 completed in 433ms,E104,Transaction {tx} completed in {time}ms
28492,2026-01-12,06:30:37,INFO,WebServer,Health check passed: WebServer,E102,Health check passed: {service}
28493,2026-01-12,06:00:58,INFO,InventoryDB,User u2854 login successful,E101,User {user} login successful
28494,2026-01-12,06:37:33,INFO,WebServer,User u1880 login successful,E101,User {user} login successful
28495,2026-01-12,06:15:40,INFO,AuthService,User u2581 login successful,E101,User {user} login successful
28496,2026-01-12,06:51:37,INFO,WebServer,User u3579 login successful,E101,User {user} login successful
28497,2026-01-12,06:10:44,INFO,OrderProcessor,Transaction tx202226 completed in 841ms,E104,Transaction {tx} completed in {time}ms
28498,2026-01-12,06:49:29,INFO,AuthService,User u4381 login successful,E101,User {user} login successful
28499,2026-01-12,06:07:12,INFO,AuthService,User u4016 login successful,E101,User {user} login successful
28500,2026-01-12,06:49:28,INFO,AuthService,User u4695 login successful,E101,User {user} login successful
28501,2026-01-12,06:50:53,INFO,AuthService,Transaction tx505911 completed in 1092ms,E104,Transaction {tx} completed in {time}ms
28502,2026-01-12,06:12:03,INFO,WebServer,Transaction tx941667 completed in 1583ms,E104,Transaction {tx} completed in {time}ms
28503,2026-01-12,06:00:40,INFO,PaymentGateway,User u1808 login successful,E101,User {user} login successful
28504,2026-01-12,06:54:12,INFO,OrderProcessor,User u1391 login successful,E101,User {user} login successful
28505,2026-01-12,06:21:15,INFO,PaymentGateway,Transaction tx130150 completed in 581ms,E104,Transaction {tx} completed in {time}ms
28506,2026-01-12,06:30:32,INFO,WebServer,Page view: /home by u1547,E103,Page view: {page} by {user}
28507,2026-01-12,06:55:06,INFO,WebServer,User u3959 login successful,E101,User {user} login successful
28508,2026-01-12,06:08:26,WARN,WebServer,Unauthorized access attempt from 10.0.0.45,E401,Unauthorized access attempt from {ip}
28509,2026-01-12,06:47:44,INFO,WebServer,Page view: /home by u4871,E103,Page view: {page} by {user}
28510,2026-01-12,06:56:18,INFO,WebServer,Page view: /home by u4584,E103,Page view: {page} by {user}
28511,2026-01-12,06:07:58,INFO,AuthService,Page view: /home by u3696,E103,Page view: {page} by {user}
28512,2026-01-12,06:02:20,INFO,WebServer,User u2001 login successful,E101,User {user} login successful
28513,2026-01-12,06:19:10,WARN,InventoryDB,High latency (1730ms) detected on InventoryDB,E201,High latency ({time}ms) detected on {service}
28514,2026-01-12,06:47:02,INFO,WebServer,Page view: /home by u4328,E103,Page view: {page} by {user}
28515,2026-01-12,06:03:32,INFO,AuthService,Page view: /home by u1046,E103,Page view: {page} by {user}
28516,2026-01-12,06:27:21,INFO,PaymentGateway,Transaction tx167774 completed in 1185ms,E104,Transaction {tx} completed in {time}ms
28517,2026-01-12,06:50:02,INFO,PaymentGateway,Transaction tx567023 completed in 474ms,E104,Transaction {tx} completed in {time}ms
28518,2026-01-12,06:48:46,WARN,WebServer,High latency (237ms) detected on WebServer,E201,High latency ({time}ms) detected on {service}
28519,2026-01-12,06:50:54,INFO,AuthService,Page view: /home by u1672,E103,Page view: {page} by {user}
28520,2026-01-12,06:21:46,INFO,WebServer,Page view: /home by u1919,E103,Page view: {page} by {user}
28521,2026-01-12,06:04:00,INFO,WebServer,Page view: /home by u1136,E103,Page view: {page} by {user}
28522,2026-01-12,06:28:43,INFO,WebServer,Health check passed: WebServer,E102,Health check passed: {service}
28523,2026-01-12,06:20:24,INFO,WebServer,Health check passed: WebServer,E102,Health check passed: {service}
28524,2026-01-12,06:51:21,INFO,PaymentGateway,Transaction tx549868 completed in 233ms,E104,Transaction {tx} completed in {time}ms
28525,2026-01-12,06:29:59,INFO,WebServer,User u2371 login successful,E101,User {user} login successful
28526,2026-01-12,06:06:36,ERROR,WebServer,Timeout waiting for lock on InventoryDB,E502,Timeout waiting for lock on {db}
28527,2026-01-12,06:12:08,INFO,AuthService,Health check passed: AuthService,E102,Health check passed: {service}
28528,2026-01-12,06:49:01,INFO,WebServer,Transaction tx436683 completed in 1498ms,E104,Transaction {tx} completed in {time}ms
28529,2026-01-12,06:13:05,INFO,WebServer,Health check passed: WebServer,E102,Health check passed: {service}
28530,2026-01-12,06:08:20,INFO,WebServer,Health check passed: WebServer,E102,Health check passed: {service}
28531,2026-01-12,06:54:24,INFO,WebServer,User u3641 login successful,E101,User {user} login successful
28532,2026-01-12,06:25:54,INFO,WebServer,Health check passed: WebServer,E102,Health check passed: {service}
28533,2026-01-12,06:33:01,INFO,WebServer,Page view: /home by u2426,E103,Page view: {page} by {user}
28534,2026-01-12,06:56:48,INFO,WebServer,Transaction tx354429 completed in 1512ms,E104,Transaction {tx} completed in {time}ms
28535,2026-01-12,06:19:14,INFO,WebServer,Health check passed: WebServer,E102,Health check passed: {service}
28536,2026-01-12,06:18:55,INFO,WebServer,Transaction tx185668 completed in 286ms,E104,Transaction {tx} completed in {time}ms
28537,2026-01-12,06:53:55,WARN,PaymentGateway,Disk usage > 85% on node node-4,E202,Disk usage > 85% on node {node}
28538,2026-01-12,06:05:44,INFO,PaymentGateway,User u2080 login successful,E101,User {user} login successful
28539,2026-01-12,06:58:18,INFO,WebServer,Page view: /home by u4321,E103,Page view: {page} by {user}
28540,2026-01-12,06:04:39,INFO,WebServer,Page view: /home by u2426,E103,Page view: {page} by {user}
28541,2026-01-12,06:51:22,INFO,WebServer,User u1648 login successful,E101,User {user} login successful
28542,2026-01-12,06:11:07,INFO,AuthService,Page view: /home by u2496,E103,Page view: {page} by {user}
28543,2026-01-12,06:49:32,INFO,OrderProcessor,Page view: /home by u1439,E103,Page view: {page} by {user}
28544,2026-01-12,06:07:28,INFO,WebServer,User u3701 login successful,E101,User {user} login successful
28545,2026-01-12,06:52:42,INFO,WebServer,Transaction tx882933 completed in 1710ms,E104,Transaction {tx} completed in {time}ms
28546,2026-01-12,06:13:27,INFO,AuthService,User u2261 login successful,E101,User {user} login successful
28547,2026-01-12,06:17:11,WARN,AuthService,Unauthorized access attempt from 10.0.0.12,E401,Unauthorized access attempt from {ip}
28548,2026-01-12,06:51:05,INFO,PaymentGateway,Health check passed: PaymentGateway,E102,Health check passed: {service}
28549,2026-01-12,06:01:55,INFO,WebServer,User u3630 login successful,E101,User {user} login successful
28550,2026-01-12,06:21:16,INFO,WebServer,Transaction tx775927 completed in 935ms,E104,Transaction {tx} completed in {time}ms
28551,2026-01-12,06:58:07,INFO,PaymentGateway,Page view: /home by u3870,E103,Page view: {page} by {user}
28552,2026-01-12,06:41:12,INFO,WebServer,Health check passed: WebServer,E102,Health check passed: {service}
28553,2026-01-12,06:48:36,INFO,PaymentGateway,Page view: /home by u4555,E103,Page view: {page} by {user}
28554,2026-01-12,06:57:39,INFO,WebServer,Health check passed: WebServer,E102,Health check passed: {service}
28555,2026-01-12,06:44:31,INFO,WebServer,Transaction tx574060 completed in 1794ms,E104,Transaction {tx} completed in {time}ms
28556,2026-01-12,06:33:30,INFO,OrderProcessor,Page view: /home by u1398,E103,Page view: {page} by {user}
28557,2026-01-12,06:15:43,INFO,WebServer,Page view: /home by u2675,E103,Page view: {page} by {user}
28558,2026-01-12,06:21:35,INFO,InventoryDB,Transaction tx536617 completed in 42ms,E104,Transaction {tx} completed in {time}ms
28559,2026-01-12,06:55:34,INFO,AuthService,Transaction tx676422 completed in 1398ms,E104,Transaction {tx} completed in {time}ms
28560,2026-01-12,06:02:54,INFO,WebServer,Health check passed: WebServer,E102,Health check passed: {service}
28561,2026-01-12,06:46:05,INFO,OrderProcessor,Transaction tx122175 completed in 1277ms,E104,Transaction {tx} completed in {time}ms
28562,2026-01-12,06:31:30,INFO,WebServer,Health check passed: WebServer,E102,Health check passed: {service}
28563,2026-01-12,06:18:01,WARN,WebServer,High latency (1119ms) detected on WebServer,E201,High latency ({time}ms) detected on {service}
28564,2026-01-12,06:46:36,INFO,WebServer,User u4065 login successful,E101,User {user} login successful
28565,2026-01-12,06:34:30,INFO,PaymentGateway,Transaction tx818465 completed in 1193ms,E104,Transaction {tx} completed in {time}ms
28566,2026-01-12,06:29:32,INFO,AuthService,Transaction tx918716 completed in 1773ms,E104,Transaction {tx} completed in {time}ms
28567,2026-01-12,06:00:49,INFO,WebServer,Page view: /home by u4780,E103,Page view: {page} by {user}
28568,2026-01-12,06:24:27,WARN,AuthService,Unauthorized access attempt from 10.0.0.45,E401,Unauthorized access attempt from {ip}
28569,2026-01-12,06:34:53,INFO,WebServer,Page view: /home by u1950,E103,Page view: {page} by {user}
28570,2026-01-12,06:48:11,INFO,WebServer,Transaction tx159937 completed in 195ms,E104,Transaction {tx} completed in {time}ms
28571,2026-01-12,06:11:23,INFO,WebServer,Page view: /home by u4434,E103,Page view: {page} by {user}
28572,2026-01-12,06:41:07,INFO,PaymentGateway,Transaction tx241176 completed in 1428ms,E104,Transaction {tx} completed in {time}ms
28573,2026-01-12,06:34:26,INFO,OrderProcessor,Transaction tx459411 completed in 1469ms,E104,Transaction {tx} completed in {time}ms
28574,2026-01-12,06:51:14,INFO,PaymentGateway,Transaction tx149720 completed in 580ms,E104,Transaction {tx} completed in {time}ms
28575,2026-01-12,06:26:13,WARN,AuthService,High latency (43ms) detected on AuthService,E201,High latency ({time}ms) detected on {service}
28576,2026-01-12,06:48:41,INFO,AuthService,Health check passed: AuthService,E102,Health check passed: {service}
28577,2026-01-12,06:41:01,WARN,AuthService,Disk usage > 85% on node node-1,E202,Disk usage > 85% on node {node}
28578,2026-01-12,06:44:47,INFO,WebServer,Health check passed: WebServer,E102,Health check passed: {service}
28579,2026-01-12,06:41:22,INFO,WebServer,Page view: /home by u2575,E103,Page view: {page} by {user}
28580,2026-01-12,06:13:34,INFO,WebServer,Transaction tx960575 completed in 1934ms,E104,Transaction {tx} completed in {time}ms
28581,2026-01-12,06:16:04,INFO,AuthService,User u3712 login successful,E101,User {user} login successful
28582,2026-01-12,06:58:12,INFO,WebServer,Health check passed: WebServer,E102,Health check passed: {service}
28583,2026-01-12,06:27:36,INFO,WebServer,Page view: /home by u3205,E103,Page view: {page} by {user}
28584,2026-01-12,06:10:09,INFO,WebServer,Health check passed: WebServer,E102,Health check passed: {service}
28585,2026-01-12,06:32:09,INFO,WebServer,Page view: /home by u2163,E103,Page view: {page} by {user}
28586,2026-01-12,06:22:26,INFO,WebServer,Transaction tx370740 completed in 1765ms,E104,Transaction {tx} completed in {time}ms
28587,2026-01-12,06:06:13,INFO,PaymentGateway,Page view: /home by u2487,E103,Page view: {page} by {user}
28588,2026-01-12,06:18:00,INFO,OrderProcessor,User u4092 login successful,E101,User {user} login successful
28589,2026-01-12,06:48:36,INFO,WebServer,Transaction tx675495 completed in 1727ms,E104,Transaction {tx} completed in {time}ms
28590,2026-01-12,06:00:05,INFO,AuthService,User u3592 login successful,E101,User {user} login successful
28591,2026-01-12,06:40:22,INFO,WebServer,Page view: /home by u3270,E103,Page view: {page} by {user}
28592,2026-01-12,06:37:55,INFO,PaymentGateway,User u3620 login successful,E101,User {user} login successful
28593,2026-01-12,06:09:19,INFO,WebServer,User u2256 login successful,E101,User {user} login successful
28594,2026-01-12,06:44:18,INFO,WebServer,Page view: /home by u2459,E103,Page view: {page} by {user}
28595,2026-01-12,06:13:19,WARN,WebServer,High latency (772ms) detected on WebServer,E201,High latency ({time}ms) detected on {service}
28596,2026-01-12,06:22:40,INFO,AuthService,Health check passed: AuthService,E102,Health check passed: {service}
28597,2026-01-12,06:18:02,INFO,WebServer,Health check passed: WebServer,E102,Health check passed: {service}
28598,2026-01-12,06:33:17,INFO,WebServer,Page view: /home by u4758,E103,Page view: {page} by {user}
28599,2026-01-12,06:53:11,INFO,WebServer,Page view: /home by u1121,E103,Page view: {page} by {user}
28600,2026-01-12,06:34:30,INFO,PaymentGateway,Transaction tx141194 completed in 1699ms,E104,Transaction {tx} completed in {time}ms
28601,2026-01-12,06:10:26,INFO,WebServer,Health check passed: WebServer,E102,Health check passed: {service}
28602,2026-01-12,06:55:48,INFO,WebServer,Transaction tx295431 completed in 1745ms,E104,Transaction {tx} completed in {time}ms
28603,2026-01-12,06:53:13,INFO,AuthService,Transaction tx768770 completed in 383ms,E104,Transaction {tx} completed in {time}ms
28604,2026-01-12,06:07:11,INFO,OrderProcessor,Page view: /home by u4429,E103,Page view: {page} by {user}
28605,2026-01-12,06:42:58,INFO,WebServer,Transaction tx979422 completed in 263ms,E104,Transaction {tx} completed in {time}ms
28606,2026-01-12,06:46:14,INFO,AuthService,Transaction tx565542 completed in 679ms,E104,Transaction {tx} completed in {time}ms
28607,2026-01-12,06:23:21,INFO,OrderProcessor,Transaction tx739304 completed in 659ms,E104,Transaction {tx} completed in {time}ms
28608,2026-01-12,06:18:47,INFO,AuthService,User u2589 login successful,E101,User {user} login successful
28609,2026-01-12,06:43:10,INFO,WebServer,Transaction tx567581 completed in 29ms,E104,Transaction {tx} completed in {time}ms
28610,2026-01-12,06:40:16,INFO,AuthService,Health check passed: AuthService,E102,Health check passed: {service}
28611,2026-01-12,06:05:11,INFO,PaymentGateway,Page view: /home by u1418,E103,Page view: {page} by {user}
28612,2026-01-12,06:47:35,INFO,AuthService,Transaction tx470373 completed in 1498ms,E104,Transaction {tx} completed in {time}ms
28613,2026-01-12,06:48:03,INFO,PaymentGateway,User u4767 login successful,E101,User {user} login successful
28614,2026-01-12,06:30:57,INFO,AuthService,Transaction tx996101 completed in 257ms,E104,Transaction {tx} completed in {time}ms
28615,2026-01-12,06:49:27,INFO,WebServer,User u2203 login successful,E101,User {user} login successful
28616,2026-01-12,06:02:33,ERROR,WebServer,Payment declined: Gateway unavailable,E503,Payment declined: Gateway unavailable
28617,2026-01-12,06:30:29,INFO,WebServer,Health check passed: WebServer,E102,Health check passed: {service}
28618,2026-01-12,06:08:12,INFO,WebServer,Transaction tx669987 completed in 291ms,E104,Transaction {tx} completed in {time}ms
28619,2026-01-12,06:35:08,WARN,PaymentGateway,High latency (498ms) detected on PaymentGateway,E201,High latency ({time}ms) detected on {service}
28620,2026-01-12,06:06:01,INFO,WebServer,Health check passed: WebServer,E102,Health check passed: {service}
28621,2026-01-12,06:07:06,INFO,WebServer,Transaction tx895115 completed in 1276ms,E104,Transaction {tx} completed in {time}ms
28622,2026-01-12,06:07:15,INFO,AuthService,Transaction tx733366 completed in 906ms,E104,Transaction {tx} completed in {time}ms
28623,2026-01-12,06:32:33,WARN,WebServer,Disk usage > 85% on node node-4,E202,Disk usage > 85% on node {node}
28624,2026-01-12,06:54:23,INFO,WebServer,User u1900 login successful,E101,User {user} login successful
28625,2026-01-12,06:01:09,INFO,WebServer,Page view: /home by u2970,E103,Page view: {page} by {user}
28626,2026-01-12,06:45:46,INFO,WebServer,Page view: /home by u3832,E103,Page view: {page} by {user}
28627,2026-01-12,06:04:40,INFO,WebServer,Transaction tx424577 completed in 1939ms,E104,Transaction {tx} completed in {time}ms
28628,2026-01-12,06:58:23,INFO,PaymentGateway,Transaction tx794342 completed in 1248ms,E104,Transaction {tx} completed in {time}ms
28629,2026-01-12,06:59:50,INFO,PaymentGateway,Page view: /home by u1423,E103,Page view: {page} by {user}
28630,2026-01-12,06:24:37,INFO,AuthService,User u2864 login successful,E101,User {user} login successful
28631,2026-01-12,06:42:58,INFO,WebServer,Health check passed: WebServer,E102,Health check passed: {service}
28632,2026-01-12,06:49:21,INFO,OrderProcessor,User u4225 login successful,E101,User {user} login successful
28633,2026-01-12,06:51:42,INFO,WebServer,Transaction tx917232 completed in 1402ms,E104,Transaction {tx} completed in {time}ms
28634,2026-01-12,06:40:44,INFO,WebServer,Transaction tx880106 completed in 32ms,E104,Transaction {tx} completed in {time}ms
28635,2026-01-12,06:11:13,INFO,OrderProcessor,User u2717 login successful,E101,User {user} login successful
28636,2026-01-12,06:07:46,INFO,WebServer,Health check passed: WebServer,E102,Health check passed: {service}
28637,2026-01-12,06:43:30,INFO,AuthService,User u2417 login successful,E101,User {user} login successful
28638,2026-01-12,06:36:51,INFO,WebServer,Transaction tx593067 completed in 1452ms,E104,Transaction {tx} completed in {time}ms
28639,2026-01-12,06:35:48,WARN,InventoryDB,Disk usage > 85% on node node-2,E202,Disk usage > 85% on node {node}
28640,2026-01-12,06:05:09,INFO,OrderProcessor,User u3743 login successful,E101,User {user} login successful
28641,2026-01-12,06:50:33,INFO,AuthService,Transaction tx896101 completed in 1548ms,E104,Transaction {tx} completed in {time}ms
28642,2026-01-12,06:06:56,INFO,AuthService,Health check passed: AuthService,E102,Health check passed: {service}
28643,2026-01-12,06:09:15,INFO,OrderProcessor,Health check passed: OrderProcessor,E102,Health check passed: {service}
28644,2026-01-12,06:22:24,INFO,WebServer,User u3586 login successful,E101,User {user} login successful
28645,2026-01-12,06:22:50,INFO,WebServer,Page view: /home by u2219,E103,Page view: {page} by {user}
28646,2026-01-12,06:00:10,INFO,WebServer,Transaction tx734391 completed in 578ms,E104,Transaction {tx} completed in {time}ms
28647,2026-01-12,06:59:51,INFO,InventoryDB,Transaction tx267198 completed in 355ms,E104,Transaction {tx} completed in {time}ms
28648,2026-01-12,06:41:56,INFO,WebServer,Health check passed: WebServer,E102,Health check passed: {service}
28649,2026-01-12,06:56:04,INFO,WebServer,Health check passed: WebServer,E102,Health check passed: {service}
28650,2026-01-12,06:45:52,INFO,WebServer,User u4645 login successful,E101,User {user} login successful
28651,2026-01-12,06:34:08,INFO,WebServer,Transaction tx615896 completed in 177ms,E104,Transaction {tx} completed in {time}ms
28652,2026-01-12,06:28:07,INFO,PaymentGateway,Page view: /home by u3712,E103,Page view: {page} by {user}
28653,2026-01-12,06:11:36,INFO,WebServer,Health check passed: WebServer,E102,Health check passed: {service}
28654,2026-01-12,06:52:21,INFO,WebServer,Transaction tx552770 completed in 83ms,E104,Transaction {tx} completed in {time}ms
28655,2026-01-12,06:19:17,INFO,WebServer,Transaction tx751069 completed in 1440ms,E104,Transaction {tx} completed in {time}ms
28656,2026-01-12,06:42:11,WARN,OrderProcessor,Disk usage > 85% on node node-3,E202,Disk usage > 85% on node {node}
28657,2026-01-12,06:38:47,ERROR,WebServer,Payment declined: Gateway unavailable,E503,Payment declined: Gateway unavailable
28658,2026-01-12,06:28:32,INFO,WebServer,User u4883 login successful,E101,User {user} login successful
28659,2026-01-12,06:22:50,INFO,WebServer,User u3481 login successful,E101,User {user} login successful
28660,2026-01-12,06:24:10,INFO,PaymentGateway,Page view: /home by u1610,E103,Page view: {page} by {user}
28661,2026-01-12,06:01:46,INFO,OrderProcessor,Transaction tx158110 completed in 121ms,E104,Transaction {tx} completed in {time}ms
28662,2026-01-12,06:09:36,INFO,WebServer,Page view: /home by u4507,E103,Page view: {page} by {user}
28663,2026-01-12,06:52:57,INFO,OrderProcessor,Health check passed: OrderProcessor,E102,Health check passed: {service}
28664,2026-01-12,06:16:07,INFO,WebServer,User u3042 login successful,E101,User {user} login successful
28665,2026-01-12,06:45:06,INFO,WebServer,Page view: /home by u3271,E103,Page view: {page} by {user}
28666,2026-01-12,06:19:09,INFO,OrderProcessor,Transaction tx135370 completed in 34ms,E104,Transaction {tx} completed in {time}ms
28667,2026-01-12,06:19:27,WARN,WebServer,Unauthorized access attempt from 10.0.0.45,E401,Unauthorized access attempt from {ip}
28668,2026-01-12,06:36:42,WARN,WebServer,Disk usage > 85% on node node-1,E202,Disk usage > 85% on node {node}
28669,2026-01-12,06:36:17,INFO,PaymentGateway,User u4807 login successful,E101,User {user} login successful
28670,2026-01-12,06:54:48,INFO,OrderProcessor,User u2711 login successful,E101,User {user} login successful
28671,2026-01-12,07:14:59,INFO,AuthService,Health check passed: AuthService,E102,Health check passed: {service}
28672,2026-01-12,07:29:48,INFO,WebServer,Transaction tx371571 completed in 269ms,E104,Transaction {tx} completed in {time}ms
28673,2026-01-12,07:01:44,WARN,AuthService,High latency (1362ms) detected on AuthService,E201,High latency ({time}ms) detected on {service}
28674,2026-01-12,07:10:11,INFO,OrderProcessor,Page view: /home by u4769,E103,Page view: {page} by {user}
28675,2026-01-12,07:53:39,INFO,InventoryDB,User u1462 login successful,E101,User {user} login successful
28676,2026-01-12,07:43:25,INFO,AuthService,Transaction tx371128 completed in 1085ms,E104,Transaction {tx} completed in {time}ms
28677,2026-01-12,07:19:36,INFO,WebServer,Transaction tx982274 completed in 1113ms,E104,Transaction {tx} completed in {time}ms
28678,2026-01-12,07:17:29,INFO,AuthService,Transaction tx347496 completed in 626ms,E104,Transaction {tx} completed in {time}ms
28679,2026-01-12,07:08:58,WARN,OrderProcessor,High latency (1145ms) detected on OrderProcessor,E201,High latency ({time}ms) detected on {service}
28680,2026-01-12,07:33:15,INFO,PaymentGateway,Page view: /home by u3081,E103,Page view: {page} by {user}
28681,2026-01-12,07:05:51,INFO,WebServer,User u2938 login successful,E101,User {user} login successful
28682,2026-01-12,07:07:03,INFO,AuthService,Transaction tx472784 completed in 1920ms,E104,Transaction {tx} completed in {time}ms
28683,2026-01-12,07:51:17,INFO,OrderProcessor,User u3420 login successful,E101,User {user} login successful
28684,2026-01-12,07:51:45,INFO,PaymentGateway,Page view: /home by u3135,E103,Page view: {page} by {user}
28685,2026-01-12,07:52:15,INFO,WebServer,Page view: /home by u2764,E103,Page view: {page} by {user}
28686,2026-01-12,07:33:55,INFO,WebServer,Page view: /home by u1687,E103,Page view: {page} by {user}
28687,2026-01-12,07:19:34,INFO,WebServer,Transaction tx496029 completed in 930ms,E104,Transaction {tx} completed in {time}ms
28688,2026-01-12,07:59:35,INFO,OrderProcessor,User u2595 login successful,E101,User {user} login successful
28689,2026-01-12,07:47:10,INFO,WebServer,Transaction tx870398 completed in 242ms,E104,Transaction {tx} completed in {time}ms
28690,2026-01-12,07:16:50,INFO,WebServer,Page view: /home by u3984,E103,Page view: {page} by {user}
28691,2026-01-12,07:13:04,INFO,WebServer,Transaction tx202883 completed in 1823ms,E104,Transaction {tx} completed in {time}ms
28692,2026-01-12,07:37:07,WARN,OrderProcessor,High latency (1708ms) detected on OrderProcessor,E201,High latency ({time}ms) detected on {service}
28693,2026-01-12,07:58:31,INFO,OrderProcessor,Transaction tx777787 completed in 579ms,E104,Transaction {tx} completed in {time}ms
28694,2026-01-12,07:40:36,INFO,WebServer,Health check passed: WebServer,E102,Health check passed: {service}
28695,2026-01-12,07:17:53,INFO,AuthService,User u3173 login successful,E101,User {user} login successful
28696,2026-01-12,07:35:17,INFO,PaymentGateway,Page view: /home by u3049,E103,Page view: {page} by {user}
28697,2026-01-12,07:38:16,INFO,OrderProcessor,Transaction tx783092 completed in 1924ms,E104,Transaction {tx} completed in {time}ms
28698,2026-01-12,07:47:52,INFO,AuthService,Health check passed: AuthService,E102,Health check passed: {service}
28699,2026-01-12,07:56:50,INFO,WebServer,Health check passed: WebServer,E102,Health check passed: {service}
28700,2026-01-12,07:05:01,INFO,OrderProcessor,Health check passed: OrderProcessor,E102,Health check passed: {service}
28701,2026-01-12,07:30:13,INFO,InventoryDB,User u3123 login successful,E101,User {user} login successful
28702,2026-01-12,07:04:54,INFO,WebServer,Health check passed: WebServer,E102,Health check passed: {service}
28703,2026-01-12,07:11:08,INFO,WebServer,User u3822 login successful,E101,User {user} login successful
28704,2026-01-12,07:12:37,INFO,WebServer,User u1011 login successful,E101,User {user} login successful
28705,2026-01-12,07:29:09,INFO,WebServer,Transaction tx660996 completed in 746ms,E104,Transaction {tx} completed in {time}ms
28706,2026-01-12,07:07:06,INFO,AuthService,User u2558 login successful,E101,User {user} login successful
28707,2026-01-12,07:06:10,INFO,PaymentGateway,User u4032 login successful,E101,User {user} login successful
28708,2026-01-12,07:34:22,INFO,AuthService,Transaction tx214801 completed in 553ms,E104,Transaction {tx} completed in {time}ms
28709,2026-01-12,07:26:22,INFO,AuthService,Health check passed: AuthService,E102,Health check passed: {service}
28710,2026-01-12,07:10:40,WARN,AuthService,Disk usage > 85% on node node-3,E202,Disk usage > 85% on node {node}
28711,2026-01-12,07:12:26,INFO,AuthService,Transaction tx339535 completed in 1144ms,E104,Transaction {tx} completed in {time}ms
28712,2026-01-12,07:59:25,INFO,WebServer,Page view: /home by u2925,E103,Page view: {page} by {user}
28713,2026-01-12,07:59:11,INFO,WebServer,Page view: /home by u2088,E103,Page view: {page} by {user}
28714,2026-01-12,07:45:27,INFO,WebServer,Health check passed: WebServer,E102,Health check passed: {service}
28715,2026-01-12,07:58:17,INFO,WebServer,Health check passed: WebServer,E102,Health check passed: {service}
28716,2026-01-12,07:32:30,INFO,AuthService,User u3259 login successful,E101,User {user} login successful
28717,2026-01-12,07:51:10,INFO,AuthService,Health check passed: AuthService,E102,Health check passed: {service}
28718,2026-01-12,07:51:17,INFO,WebServer,Transaction tx209135 completed in 362ms,E104,Transaction {tx} completed in {time}ms
28719,2026-01-12,07:17:22,INFO,PaymentGateway,Transaction tx560427 completed in 58ms,E104,Transaction {tx} completed in {time}ms
28720,2026-01-12,07:46:23,INFO,AuthService,User u2024 login successful,E101,User {user} login successful
28721,2026-01-12,07:05:30,INFO,WebServer,Health check passed: WebServer,E102,Health check passed: {service}
28722,2026-01-12,07:44:21,INFO,WebServer,User u4359 login successful,E101,User {user} login successful
28723,2026-01-12,07:40:58,INFO,AuthService,Transaction tx224193 completed in 1978ms,E104,Transaction {tx} completed in {time}ms
28724,2026-01-12,07:27:58,INFO,WebServer,Page view: /home by u4001,E103,Page view: {page} by {user}
28725,2026-01-12,07:23:38,INFO,PaymentGateway,Health check passed: PaymentGateway,E102,Health check passed: {service}
28726,2026-01-12,07:47:28,INFO,AuthService,Transaction tx187965 completed in 1391ms,E104,Transaction {tx} completed in {time}ms
28727,2026-01-12,07:05:58,INFO,WebServer,Page view: /home by u1002,E103,Page view: {page} by {user}
28728,2026-01-12,07:14:08,INFO,PaymentGateway,Health check passed: PaymentGateway,E102,Health check passed: {service}
28729,2026-01-12,07:42:12,INFO,AuthService,Page view: /home by u4731,E103,Page view: {page} by {user}
28730,2026-01-12,07:46:54,INFO,WebServer,User u1979 login successful,E101,User {user} login successful
28731,2026-01-12,07:19:38,INFO,OrderProcessor,Transaction tx409127 completed in 203ms,E104,Transaction {tx} completed in {time}ms
28732,2026-01-12,07:35:59,INFO,OrderProcessor,Health check passed: OrderProcessor,E102,Health check passed: {service}
28733,2026-01-12,07:03:55,INFO,WebServer,Health check passed: WebServer,E102,Health check passed: {service}
28734,2026-01-12,07:33:11,INFO,OrderProcessor,User u3382 login successful,E101,User {user} login successful
28735,2026-01-12,07:30:21,INFO,OrderProcessor,Page view: /home by u2487,E103,Page view: {page} by {user}
28736,2026-01-12,07:42:09,INFO,InventoryDB,Page view: /home by u4857,E103,Page view: {page} by {user}
28737,2026-01-12,07:08:01,INFO,OrderProcessor,User u2889 login successful,E101,User {user} login successful
28738,2026-01-12,07:00:34,INFO,AuthService,User u1817 login successful,E101,User {user} login successful
28739,2026-01-12,07:41:55,INFO,AuthService,Health check passed: AuthService,E102,Health check passed: {service}
28740,2026-01-12,07:10:31,INFO,WebServer,User u2543 login successful,E101,User {user} login successful
28741,2026-01-12,07:20:19,INFO,OrderProcessor,Transaction tx215859 completed in 1615ms,E104,Transaction {tx} completed in {time}ms
28742,2026-01-12,07:51:39,INFO,InventoryDB,User u1754 login successful,E101,User {user} login successful
28743,2026-01-12,07:02:07,WARN,WebServer,Disk usage > 85% on node node-2,E202,Disk usage > 85% on node {node}
28744,2026-01-12,07:30:51,INFO,AuthService,User u4150 login successful,E101,User {user} login successful
28745,2026-01-12,07:24:50,INFO,WebServer,Health check passed: WebServer,E102,Health check passed: {service}
28746,2026-01-12,07:04:22,INFO,InventoryDB,Page view: /home by u1957,E103,Page view: {page} by {user}
28747,2026-01-12,07:58:53,INFO,WebServer,Page view: /home by u2078,E103,Page view: {page} by {user}
28748,2026-01-12,07:31:55,INFO,AuthService,Transaction tx186149 completed in 258ms,E104,Transaction {tx} completed in {time}ms
28749,2026-01-12,07:09:38,WARN,WebServer,Disk usage > 85% on node node-5,E202,Disk usage > 85% on node {node}
28750,2026-01-12,07:56:44,INFO,AuthService,User u2654 login successful,E101,User {user} login successful
28751,2026-01-12,07:04:26,INFO,AuthService,User u4895 login successful,E101,User {user} login successful
28752,2026-01-12,07:33:09,INFO,WebServer,Page view: /home by u4321,E103,Page view: {page} by {user}
28753,2026-01-12,07:08:34,INFO,WebServer,Page view: /home by u1770,E103,Page view: {page} by {user}
28754,2026-01-12,07:32:08,INFO,WebServer,Transaction tx387556 completed in 490ms,E104,Transaction {tx} completed in {time}ms
28755,2026-01-12,07:57:34,CRITICAL,OrderProcessor,KERNEL PANIC: Node node-4 crashed,E601,KERNEL PANIC: Node {node} crashed
28756,2026-01-12,07:53:09,INFO,OrderProcessor,Page view: /home by u2520,E103,Page view: {page} by {user}
28757,2026-01-12,07:36:40,INFO,OrderProcessor,Transaction tx381104 completed in 72ms,E104,Transaction {tx} completed in {time}ms
28758,2026-01-12,07:44:18,INFO,WebServer,Page view: /home by u2606,E103,Page view: {page} by {user}
28759,2026-01-12,07:23:10,INFO,AuthService,Transaction tx300689 completed in 1570ms,E104,Transaction {tx} completed in {time}ms
28760,2026-01-12,07:40:09,WARN,OrderProcessor,Disk usage > 85% on node node-2,E202,Disk usage > 85% on node {node}
28761,2026-01-12,07:53:37,INFO,AuthService,User u3244 login successful,E101,User {user} login successful
28762,2026-01-12,07:38:01,INFO,WebServer,User u3789 login successful,E101,User {user} login successful
28763,2026-01-12,07:49:55,INFO,WebServer,User u3901 login successful,E101,User {user} login successful
28764,2026-01-12,07:10:39,WARN,AuthService,Disk usage > 85% on node node-2,E202,Disk usage > 85% on node {node}
28765,2026-01-12,07:16:21,INFO,WebServer,Health check passed: WebServer,E102,Health check passed: {service}
28766,2026-01-12,07:20:38,INFO,OrderProcessor,Page view: /home by u4127,E103,Page view: {page} by {user}
28767,2026-01-12,07:50:49,INFO,AuthService,Health check passed: AuthService,E102,Health check passed: {service}
28768,2026-01-12,07:35:36,INFO,AuthService,Transaction tx348907 completed in 460ms,E104,Transaction {tx} completed in {time}ms
28769,2026-01-12,07:43:20,INFO,AuthService,Transaction tx115965 completed in 1681ms,E104,Transaction {tx} completed in {time}ms
28770,2026-01-12,07:32:39,WARN,OrderProcessor,High latency (404ms) detected on OrderProcessor,E201,High latency ({time}ms) detected on {service}
28771,2026-01-12,07:44:07,INFO,AuthService,Page view: /home by u1364,E103,Page view: {page} by {user}
28772,2026-01-12,07:58:27,INFO,WebServer,User u1056 login successful,E101,User {user} login successful
28773,2026-01-12,07:37:29,INFO,OrderProcessor,Page view: /home by u2688,E103,Page view: {page} by {user}
28774,2026-01-12,07:46:16,INFO,AuthService,Health check passed: AuthService,E102,Health check passed: {service}
28775,2026-01-12,07:59:03,INFO,WebServer,Page view: /home by u3947,E103,Page view: {page} by {user}
28776,2026-01-12,07:17:31,INFO,WebServer,User u2153 login successful,E101,User {user} login successful
28777,2026-01-12,07:23:42,INFO,AuthService,Transaction tx862734 completed in 809ms,E104,Transaction {tx} completed in {time}ms
28778,2026-01-12,07:22:37,INFO,OrderProcessor,User u2357 login successful,E101,User {user} login successful
28779,2026-01-12,07:38:18,WARN,AuthService,High latency (859ms) detected on AuthService,E201,High latency ({time}ms) detected on {service}
28780,2026-01-12,07:56:09,INFO,AuthService,Health check passed: AuthService,E102,Health check passed: {service}
28781,2026-01-12,07:16:50,INFO,WebServer,User u1914 login successful,E101,User {user} login successful
28782,2026-01-12,07:24:05,INFO,PaymentGateway,Transaction tx971014 completed in 1710ms,E104,Transaction {tx} completed in {time}ms
28783,2026-01-12,07:27:18,WARN,PaymentGateway,Disk usage > 85% on node node-4,E202,Disk usage > 85% on node {node}
28784,2026-01-12,07:39:44,INFO,WebServer,User u2129 login successful,E101,User {user} login successful
28785,2026-01-12,07:21:27,INFO,PaymentGateway,Transaction tx543148 completed in 1550ms,E104,Transaction {tx} completed in {time}ms
28786,2026-01-12,07:49:23,INFO,PaymentGateway,Transaction tx949659 completed in 1944ms,E104,Transaction {tx} completed in {time}ms
28787,2026-01-12,07:30:55,INFO,OrderProcessor,Page view: /home by u4597,E103,Page view: {page} by {user}
28788,2026-01-12,07:45:11,INFO,WebServer,Page view: /home by u1637,E103,Page view: {page} by {user}
28789,2026-01-12,07:30:53,INFO,WebServer,Page view: /home by u3672,E103,Page view: {page} by {user}
28790,2026-01-12,07:57:18,INFO,PaymentGateway,User u3403 login successful,E101,User {user} login successful
28791,2026-01-12,07:52:42,INFO,AuthService,Health check passed: AuthService,E102,Health check passed: {service}
28792,2026-01-12,07:33:50,INFO,WebServer,User u4769 login successful,E101,User {user} login successful
28793,2026-01-12,07:44:57,INFO,WebServer,Transaction tx693922 completed in 1490ms,E104,Transaction {tx} completed in {time}ms
28794,2026-01-12,07:14:23,INFO,InventoryDB,Transaction tx781805 completed in 883ms,E104,Transaction {tx} completed in {time}ms
28795,2026-01-12,07:53:56,INFO,OrderProcessor,User u1524 login successful,E101,User {user} login successful
28796,2026-01-12,07:26:56,INFO,InventoryDB,Transaction tx966624 completed in 246ms,E104,Transaction {tx} completed in {time}ms
28797,2026-01-12,07:35:05,INFO,WebServer,Health check passed: WebServer,E102,Health check passed: {service}
28798,2026-01-12,07:07:18,INFO,AuthService,User u1747 login successful,E101,User {user} login successful
28799,2026-01-12,07:24:47,INFO,WebServer,User u3620 login successful,E101,User {user} login successful
28800,2026-01-12,07:35:36,INFO,OrderProcessor,User u2237 login successful,E101,User {user} login successful
28801,2026-01-12,07:37:23,INFO,OrderProcessor,Transaction tx338781 completed in 1373ms,E104,Transaction {tx} completed in {time}ms
28802,2026-01-12,07:18:47,INFO,OrderProcessor,User u4586 login successful,E101,User {user} login successful
28803,2026-01-12,07:43:42,INFO,WebServer,Page view: /home by u3928,E103,Page view: {page} by {user}
28804,2026-01-12,07:55:14,WARN,PaymentGateway,Unauthorized access attempt from 10.0.0.45,E401,Unauthorized access attempt from {ip}
28805,2026-01-12,07:19:52,INFO,WebServer,User u1777 login successful,E101,User {user} login successful
28806,2026-01-12,07:29:10,INFO,WebServer,Transaction tx556143 completed in 1912ms,E104,Transaction {tx} completed in {time}ms
28807,2026-01-12,07:06:33,INFO,WebServer,User u1474 login successful,E101,User {user} login successful
28808,2026-01-12,07:31:32,INFO,WebServer,Transaction tx826318 completed in 53ms,E104,Transaction {tx} completed in {time}ms
28809,2026-01-12,07:05:59,INFO,WebServer,Transaction tx109302 completed in 1307ms,E104,Transaction {tx} completed in {time}ms
28810,2026-01-12,07:56:26,INFO,WebServer,Health check passed: WebServer,E102,Health check passed: {service}
28811,2026-01-12,07:41:21,INFO,WebServer,Transaction tx328158 completed in 1769ms,E104,Transaction {tx} completed in {time}ms
28812,2026-01-12,07:38:25,INFO,PaymentGateway,Page view: /home by u4946,E103,Page view: {page} by {user}
28813,2026-01-12,07:53:32,INFO,WebServer,Health check passed: WebServer,E102,Health check passed: {service}
28814,2026-01-12,07:32:47,INFO,WebServer,Page view: /home by u2337,E103,Page view: {page} by {user}
28815,2026-01-12,07:45:30,INFO,WebServer,Page view: /home by u4687,E103,Page view: {page} by {user}
28816,2026-01-12,07:23:04,WARN,AuthService,Unauthorized access attempt from 10.0.0.45,E401,Unauthorized access attempt from {ip}
28817,2026-01-12,07:43:26,INFO,WebServer,Page view: /home by u2878,E103,Page view: {page} by {user}
28818,2026-01-12,07:42:17,INFO,WebServer,Transaction tx792539 completed in 810ms,E104,Transaction {tx} completed in {time}ms
28819,2026-01-12,07:33:34,INFO,WebServer,Transaction tx393012 completed in 278ms,E104,Transaction {tx} completed in {time}ms
28820,2026-01-12,07:39:27,INFO,AuthService,User u2129 login successful,E101,User {user} login successful
28821,2026-01-12,07:13:25,INFO,WebServer,Transaction tx998674 completed in 962ms,E104,Transaction {tx} completed in {time}ms
28822,2026-01-12,07:17:19,INFO,InventoryDB,Health check passed: InventoryDB,E102,Health check passed: {service}
28823,2026-01-12,07:07:22,INFO,AuthService,Transaction tx235024 completed in 829ms,E104,Transaction {tx} completed in {time}ms
28824,2026-01-12,07:32:07,INFO,WebServer,Page view: /home by u3018,E103,Page view: {page} by {user}
28825,2026-01-12,07:01:20,INFO,WebServer,Transaction tx303624 completed in 416ms,E104,Transaction {tx} completed in {time}ms
28826,2026-01-12,07:34:23,INFO,AuthService,Transaction tx815049 completed in 1169ms,E104,Transaction {tx} completed in {time}ms
28827,2026-01-12,07:35:10,INFO,WebServer,Page view: /home by u3607,E103,Page view: {page} by {user}
28828,2026-01-12,07:02:28,INFO,WebServer,Transaction tx625294 completed in 1084ms,E104,Transaction {tx} completed in {time}ms
28829,2026-01-12,07:21:31,INFO,AuthService,Transaction tx752948 completed in 801ms,E104,Transaction {tx} completed in {time}ms
28830,2026-01-12,07:25:07,INFO,WebServer,Transaction tx396830 completed in 1892ms,E104,Transaction {tx} completed in {time}ms
28831,2026-01-12,07:05:11,INFO,PaymentGateway,User u4093 login successful,E101,User {user} login successful
28832,2026-01-12,07:52:05,INFO,AuthService,Transaction tx268858 completed in 1696ms,E104,Transaction {tx} completed in {time}ms
28833,2026-01-12,07:25:08,WARN,WebServer,Unauthorized access attempt from 10.0.0.99,E401,Unauthorized access attempt from {ip}
28834,2026-01-12,07:19:12,INFO,WebServer,Health check passed: WebServer,E102,Health check passed: {service}
28835,2026-01-12,07:38:53,INFO,InventoryDB,Health check passed: InventoryDB,E102,Health check passed: {service}
28836,2026-01-12,07:22:11,INFO,WebServer,Health check passed: WebServer,E102,Health check passed: {service}
28837,2026-01-12,07:41:57,INFO,AuthService,Page view: /home by u2006,E103,Page view: {page} by {user}
28838,2026-01-12,07:48:05,INFO,AuthService,Health check passed: AuthService,E102,Health check passed: {service}
28839,2026-01-12,07:38:49,INFO,AuthService,Transaction tx928385 completed in 928ms,E104,Transaction {tx} completed in {time}ms
28840,2026-01-12,07:00:22,INFO,AuthService,User u4838 login successful,E101,User {user} login successful
28841,2026-01-12,07:08:31,INFO,OrderProcessor,Page view: /home by u1636,E103,Page view: {page} by {user}
28842,2026-01-12,07:42:46,INFO,WebServer,Health check passed: WebServer,E102,Health check passed: {service}
28843,2026-01-12,07:52:44,INFO,WebServer,Transaction tx212218 completed in 38ms,E104,Transaction {tx} completed in {time}ms
28844,2026-01-12,07:32:25,INFO,WebServer,Health check passed: WebServer,E102,Health check passed: {service}
28845,2026-01-12,07:24:56,INFO,WebServer,Transaction tx744072 completed in 938ms,E104,Transaction {tx} completed in {time}ms
28846,2026-01-12,07:16:13,INFO,AuthService,User u4544 login successful,E101,User {user} login successful
28847,2026-01-12,07:01:24,INFO,WebServer,Transaction tx581567 completed in 176ms,E104,Transaction {tx} completed in {time}ms
28848,2026-01-12,07:15:39,INFO,OrderProcessor,Transaction tx339812 completed in 1440ms,E104,Transaction {tx} completed in {time}ms
28849,2026-01-12,07:41:16,INFO,AuthService,User u4723 login successful,E101,User {user} login successful
28850,2026-01-12,07:42:28,INFO,PaymentGateway,User u1796 login successful,E101,User {user} login successful
28851,2026-01-12,07:27:40,INFO,InventoryDB,Transaction tx381031 completed in 225ms,E104,Transaction {tx} completed in {time}ms
28852,2026-01-12,07:56:36,INFO,WebServer,User u4678 login successful,E101,User {user} login successful
28853,2026-01-12,07:54:38,INFO,WebServer,User u4588 login successful,E101,User {user} login successful
28854,2026-01-12,07:11:48,INFO,WebServer,Health check passed: WebServer,E102,Health check passed: {service}
28855,2026-01-12,07:06:11,INFO,OrderProcessor,Page view: /home by u1695,E103,Page view: {page} by {user}
28856,2026-01-12,07:17:57,INFO,WebServer,Transaction tx331036 completed in 773ms,E104,Transaction {tx} completed in {time}ms
28857,2026-01-12,07:52:19,INFO,PaymentGateway,Transaction tx830144 completed in 542ms,E104,Transaction {tx} completed in {time}ms
28858,2026-01-12,07:35:54,INFO,WebServer,User u2195 login successful,E101,User {user} login successful
28859,2026-01-12,07:54:09,INFO,OrderProcessor,Health check passed: OrderProcessor,E102,Health check passed: {service}
28860,2026-01-12,07:33:17,INFO,AuthService,Health check passed: AuthService,E102,Health check passed: {service}
28861,2026-01-12,07:41:22,INFO,AuthService,Page view: /home by u4827,E103,Page view: {page} by {user}
28862,2026-01-12,07:51:33,WARN,PaymentGateway,High latency (1966ms) detected on PaymentGateway,E201,High latency ({time}ms) detected on {service}
28863,2026-01-12,07:15:24,INFO,AuthService,Transaction tx514318 completed in 478ms,E104,Transaction {tx} completed in {time}ms
28864,2026-01-12,07:53:39,INFO,OrderProcessor,Health check passed: OrderProcessor,E102,Health check passed: {service}
28865,2026-01-12,07:03:50,INFO,WebServer,Health check passed: WebServer,E102,Health check passed: {service}
28866,2026-01-12,07:44:44,INFO,OrderProcessor,User u2796 login successful,E101,User {user} login successful
28867,2026-01-12,07:24:10,INFO,AuthService,Page view: /home by u1059,E103,Page view: {page} by {user}
28868,2026-01-12,07:56:10,INFO,WebServer,Health check passed: WebServer,E102,Health check passed: {service}
28869,2026-01-12,07:44:48,INFO,PaymentGateway,Page view: /home by u2531,E103,Page view: {page} by {user}
28870,2026-01-12,07:05:08,INFO,WebServer,User u1401 login successful,E101,User {user} login successful
28871,2026-01-12,07:36:01,INFO,OrderProcessor,Page view: /home by u4332,E103,Page view: {page} by {user}
28872,2026-01-12,07:15:08,INFO,AuthService,User u3606 login successful,E101,User {user} login successful
28873,2026-01-12,07:14:59,INFO,PaymentGateway,Page view: /home by u1009,E103,Page view: {page} by {user}
28874,2026-01-12,07:57:22,INFO,WebServer,Health check passed: WebServer,E102,Health check passed: {service}
28875,2026-01-12,07:02:20,INFO,WebServer,Health check passed: WebServer,E102,Health check passed: {service}
28876,2026-01-12,07:23:25,INFO,PaymentGateway,Transaction tx295130 completed in 629ms,E104,Transaction {tx} completed in {time}ms
28877,2026-01-12,07:26:44,INFO,WebServer,Health check passed: WebServer,E102,Health check passed: {service}
28878,2026-01-12,07:22:36,INFO,AuthService,Page view: /home by u4253,E103,Page view: {page} by {user}
28879,2026-01-12,07:45:20,INFO,WebServer,User u3992 login successful,E101,User {user} login successful
28880,2026-01-12,07:44:11,INFO,WebServer,Page view: /home by u1268,E103,Page view: {page} by {user}
28881,2026-01-12,07:20:54,INFO,WebServer,Page view: /home by u4247,E103,Page view: {page} by {user}
28882,2026-01-12,07:24:59,INFO,AuthService,Health check passed: AuthService,E102,Health check passed: {service}
28883,2026-01-12,07:04:51,WARN,PaymentGateway,Unauthorized access attempt from 10.0.0.45,E401,Unauthorized access attempt from {ip}
28884,2026-01-12,07:18:24,INFO,OrderProcessor,Transaction tx754450 completed in 1876ms,E104,Transaction {tx} completed in {time}ms
28885,2026-01-12,07:44:41,INFO,WebServer,Health check passed: WebServer,E102,Health check passed: {service}
28886,2026-01-12,07:03:24,INFO,WebServer,Health check passed: WebServer,E102,Health check passed: {service}
28887,2026-01-12,07:54:29,INFO,AuthService,Page view: /home by u3686,E103,Page view: {page} by {user}
28888,2026-01-12,07:25:37,INFO,WebServer,Health check passed: WebServer,E102,Health check passed: {service}
28889,2026-01-12,07:55:10,INFO,WebServer,Transaction tx302581 completed in 750ms,E104,Transaction {tx} completed in {time}ms
28890,2026-01-12,07:15:30,INFO,WebServer,User u3254 login successful,E101,User {user} login successful
28891,2026-01-12,07:11:18,INFO,AuthService,Page view: /home by u1503,E103,Page view: {page} by {user}
28892,2026-01-12,07:37:44,INFO,AuthService,Page view: /home by u2491,E103,Page view: {page} by {user}
28893,2026-01-12,07:23:05,INFO,WebServer,Health check passed: WebServer,E102,Health check passed: {service}
28894,2026-01-12,07:41:17,INFO,WebServer,Transaction tx292705 completed in 1359ms,E104,Transaction {tx} completed in {time}ms
28895,2026-01-12,07:20:14,INFO,WebServer,Transaction tx637314 completed in 571ms,E104,Transaction {tx} completed in {time}ms
28896,2026-01-12,07:59:36,INFO,WebServer,Health check passed: WebServer,E102,Health check passed: {service}
28897,2026-01-12,07:48:38,INFO,PaymentGateway,User u1202 login successful,E101,User {user} login successful
28898,2026-01-12,07:52:33,INFO,WebServer,Health check passed: WebServer,E102,Health check passed: {service}
28899,2026-01-12,07:29:36,INFO,AuthService,Transaction tx272547 completed in 1481ms,E104,Transaction {tx} completed in {time}ms
28900,2026-01-12,07:09:02,INFO,WebServer,Health check passed: WebServer,E102,Health check passed: {service}
28901,2026-01-12,07:00:54,INFO,WebServer,Transaction tx415052 completed in 1695ms,E104,Transaction {tx} completed in {time}ms
28902,2026-01-12,07:37:45,WARN,WebServer,Disk usage > 85% on node node-5,E202,Disk usage > 85% on node {node}
28903,2026-01-12,07:05:56,INFO,WebServer,Health check passed: WebServer,E102,Health check passed: {service}
28904,2026-01-12,07:44:34,INFO,InventoryDB,Health check passed: InventoryDB,E102,Health check passed: {service}
28905,2026-01-12,07:00:23,INFO,WebServer,Transaction tx620256 completed in 548ms,E104,Transaction {tx} completed in {time}ms
28906,2026-01-12,07:27:08,INFO,WebServer,Health check passed: WebServer,E102,Health check passed: {service}
28907,2026-01-12,07:08:56,WARN,WebServer,Disk usage > 85% on node node-4,E202,Disk usage > 85% on node {node}
28908,2026-01-12,07:28:31,INFO,PaymentGateway,Health check passed: PaymentGateway,E102,Health check passed: {service}
28909,2026-01-12,07:49:56,INFO,PaymentGateway,Transaction tx233938 completed in 1009ms,E104,Transaction {tx} completed in {time}ms
28910,2026-01-12,07:42:06,INFO,WebServer,Health check passed: WebServer,E102,Health check passed: {service}
28911,2026-01-12,07:15:18,INFO,PaymentGateway,Transaction tx358731 completed in 969ms,E104,Transaction {tx} completed in {time}ms
28912,2026-01-12,07:20:48,WARN,WebServer,Unauthorized access attempt from 10.0.0.45,E401,Unauthorized access attempt from {ip}
28913,2026-01-12,07:58:54,INFO,PaymentGateway,Transaction tx888416 completed in 832ms,E104,Transaction {tx} completed in {time}ms
28914,2026-01-12,07:54:41,INFO,WebServer,Health check passed: WebServer,E102,Health check passed: {service}
28915,2026-01-12,07:00:56,INFO,InventoryDB,Transaction tx550519 completed in 897ms,E104,Transaction {tx} completed in {time}ms
28916,2026-01-12,07:07:34,INFO,AuthService,Page view: /home by u4172,E103,Page view: {page} by {user}
28917,2026-01-12,07:31:56,INFO,PaymentGateway,Health check passed: PaymentGateway,E102,Health check passed: {service}
28918,2026-01-12,07:49:51,INFO,WebServer,Health check passed: WebServer,E102,Health check passed: {service}
28919,2026-01-12,07:05:44,INFO,WebServer,Transaction tx189514 completed in 1484ms,E104,Transaction {tx} completed in {time}ms
28920,2026-01-12,07:42:46,INFO,WebServer,Transaction tx422209 completed in 698ms,E104,Transaction {tx} completed in {time}ms
28921,2026-01-12,07:11:48,INFO,WebServer,Page view: /home by u1911,E103,Page view: {page} by {user}
28922,2026-01-12,07:57:40,INFO,WebServer,User u4035 login successful,E101,User {user} login successful
28923,2026-01-12,07:43:20,CRITICAL,InventoryDB,KERNEL PANIC: Node node-1 crashed,E601,KERNEL PANIC: Node {node} crashed
28924,2026-01-12,07:10:28,CRITICAL,AuthService,KERNEL PANIC: Node node-5 crashed,E601,KERNEL PANIC: Node {node} crashed
28925,2026-01-12,07:32:57,INFO,WebServer,User u4540 login successful,E101,User {user} login successful
28926,2026-01-12,07:53:21,INFO,WebServer,Transaction tx883285 completed in 1306ms,E104,Transaction {tx} completed in {time}ms
28927,2026-01-12,07:26:53,INFO,WebServer,Health check passed: WebServer,E102,Health check passed: {service}
28928,2026-01-12,07:13:22,INFO,PaymentGateway,Health check passed: PaymentGateway,E102,Health check passed: {service}
28929,2026-01-12,07:22:48,INFO,WebServer,User u2970 login successful,E101,User {user} login successful
28930,2026-01-12,07:20:31,INFO,InventoryDB,Health check passed: InventoryDB,E102,Health check passed: {service}
28931,2026-01-12,07:22:05,WARN,WebServer,Disk usage > 85% on node node-1,E202,Disk usage > 85% on node {node}
28932,2026-01-12,07:33:49,INFO,OrderProcessor,Transaction tx547040 completed in 1478ms,E104,Transaction {tx} completed in {time}ms
28933,2026-01-12,07:45:20,WARN,WebServer,High latency (1871ms) detected on WebServer,E201,High latency ({time}ms) detected on {service}
28934,2026-01-12,07:59:16,INFO,WebServer,Health check passed: WebServer,E102,Health check passed: {service}
28935,2026-01-12,07:54:13,INFO,InventoryDB,Transaction tx373172 completed in 1100ms,E104,Transaction {tx} completed in {time}ms
28936,2026-01-12,07:28:36,INFO,WebServer,User u3563 login successful,E101,User {user} login successful
28937,2026-01-12,07:34:17,INFO,WebServer,User u4523 login successful,E101,User {user} login successful
28938,2026-01-12,07:05:03,INFO,WebServer,Page view: /home by u2237,E103,Page view: {page} by {user}
28939,2026-01-12,07:29:45,INFO,OrderProcessor,Health check passed: OrderProcessor,E102,Health check passed: {service}
28940,2026-01-12,07:31:06,INFO,AuthService,Transaction tx718497 completed in 973ms,E104,Transaction {tx} completed in {time}ms
28941,2026-01-12,07:31:03,INFO,OrderProcessor,Transaction tx142177 completed in 197ms,E104,Transaction {tx} completed in {time}ms
28942,2026-01-12,07:11:13,INFO,PaymentGateway,Health check passed: PaymentGateway,E102,Health check passed: {service}
28943,2026-01-12,07:59:12,INFO,WebServer,Health check passed: WebServer,E102,Health check passed: {service}
28944,2026-01-12,07:26:40,INFO,WebServer,Health check passed: WebServer,E102,Health check passed: {service}
28945,2026-01-12,07:11:00,INFO,WebServer,Health check passed: WebServer,E102,Health check passed: {service}
28946,2026-01-12,07:56:06,INFO,PaymentGateway,Page view: /home by u2265,E103,Page view: {page} by {user}
28947,2026-01-12,07:24:00,INFO,InventoryDB,Transaction tx732395 completed in 1101ms,E104,Transaction {tx} completed in {time}ms
28948,2026-01-12,07:19:10,INFO,WebServer,User u4914 login successful,E101,User {user} login successful
28949,2026-01-12,07:56:38,INFO,OrderProcessor,User u4227 login successful,E101,User {user} login successful
28950,2026-01-12,07:43:46,INFO,WebServer,User u4677 login successful,E101,User {user} login successful
28951,2026-01-12,07:03:49,INFO,OrderProcessor,Health check passed: OrderProcessor,E102,Health check passed: {service}
28952,2026-01-12,07:40:09,INFO,WebServer,User u4205 login successful,E101,User {user} login successful
28953,2026-01-12,07:10:48,INFO,InventoryDB,User u1149 login successful,E101,User {user} login successful
28954,2026-01-12,07:19:04,INFO,InventoryDB,Health check passed: InventoryDB,E102,Health check passed: {service}
28955,2026-01-12,07:15:33,INFO,WebServer,Page view: /home by u2451,E103,Page view: {page} by {user}
28956,2026-01-12,07:45:09,INFO,WebServer,Page view: /home by u3170,E103,Page view: {page} by {user}
28957,2026-01-12,07:08:18,INFO,WebServer,Page view: /home by u4187,E103,Page view: {page} by {user}
28958,2026-01-12,07:59:11,INFO,InventoryDB,User u3782 login successful,E101,User {user} login successful
28959,2026-01-12,07:17:11,INFO,WebServer,Page view: /home by u3426,E103,Page view: {page} by {user}
28960,2026-01-12,07:23:53,INFO,WebServer,User u1109 login successful,E101,User {user} login successful
28961,2026-01-12,07:10:32,INFO,WebServer,Transaction tx379596 completed in 1539ms,E104,Transaction {tx} completed in {time}ms
28962,2026-01-12,07:44:16,INFO,WebServer,Page view: /home by u1732,E103,Page view: {page} by {user}
28963,2026-01-12,07:46:40,INFO,InventoryDB,Page view: /home by u3597,E103,Page view: {page} by {user}
28964,2026-01-12,07:21:35,ERROR,WebServer,Timeout waiting for lock on InventoryDB,E502,Timeout waiting for lock on {db}
28965,2026-01-12,07:58:30,INFO,OrderProcessor,Page view: /home by u2850,E103,Page view: {page} by {user}
28966,2026-01-12,07:06:44,INFO,AuthService,Transaction tx463920 completed in 1853ms,E104,Transaction {tx} completed in {time}ms
28967,2026-01-12,07:08:40,INFO,WebServer,Page view: /home by u3086,E103,Page view: {page} by {user}
28968,2026-01-12,07:28:53,INFO,AuthService,Page view: /home by u2034,E103,Page view: {page} by {user}
28969,2026-01-12,07:50:40,INFO,AuthService,Page view: /home by u4687,E103,Page view: {page} by {user}
28970,2026-01-12,07:12:17,INFO,OrderProcessor,Page view: /home by u2126,E103,Page view: {page} by {user}
28971,2026-01-12,07:47:32,INFO,PaymentGateway,Page view: /home by u3409,E103,Page view: {page} by {user}
28972,2026-01-12,07:03:44,INFO,OrderProcessor,Health check passed: OrderProcessor,E102,Health check passed: {service}
28973,2026-01-12,07:05:05,INFO,AuthService,Transaction tx280695 completed in 568ms,E104,Transaction {tx} completed in {time}ms
28974,2026-01-12,07:34:14,INFO,WebServer,Transaction tx888185 completed in 722ms,E104,Transaction {tx} completed in {time}ms
28975,2026-01-12,07:20:15,ERROR,WebServer,Timeout waiting for lock on InventoryDB,E502,Timeout waiting for lock on {db}
28976,2026-01-12,07:42:52,INFO,OrderProcessor,Transaction tx844078 completed in 1607ms,E104,Transaction {tx} completed in {time}ms
28977,2026-01-12,07:54:12,WARN,WebServer,High latency (770ms) detected on WebServer,E201,High latency ({time}ms) detected on {service}
28978,2026-01-12,07:23:29,INFO,WebServer,Transaction tx456052 completed in 1571ms,E104,Transaction {tx} completed in {time}ms
28979,2026-01-12,07:33:36,INFO,OrderProcessor,Transaction tx923535 completed in 285ms,E104,Transaction {tx} completed in {time}ms
28980,2026-01-12,07:49:10,WARN,AuthService,Disk usage > 85% on node node-3,E202,Disk usage > 85% on node {node}
28981,2026-01-12,07:52:39,WARN,WebServer,High latency (1016ms) detected on WebServer,E201,High latency ({time}ms) detected on {service}
28982,2026-01-12,07:46:59,INFO,AuthService,Page view: /home by u3593,E103,Page view: {page} by {user}
28983,2026-01-12,07:49:42,INFO,WebServer,User u2036 login successful,E101,User {user} login successful
28984,2026-01-12,07:27:26,INFO,OrderProcessor,Transaction tx775453 completed in 406ms,E104,Transaction {tx} completed in {time}ms
28985,2026-01-12,07:05:14,INFO,OrderProcessor,Page view: /home by u3621,E103,Page view: {page} by {user}
28986,2026-01-12,07:32:26,INFO,InventoryDB,Health check passed: InventoryDB,E102,Health check passed: {service}
28987,2026-01-12,07:45:29,INFO,WebServer,User u3107 login successful,E101,User {user} login successful
28988,2026-01-12,07:48:19,INFO,OrderProcessor,Transaction tx835802 completed in 728ms,E104,Transaction {tx} completed in {time}ms
28989,2026-01-12,07:53:39,INFO,PaymentGateway,Page view: /home by u1424,E103,Page view: {page} by {user}
28990,2026-01-12,07:13:42,INFO,WebServer,Transaction tx559461 completed in 100ms,E104,Transaction {tx} completed in {time}ms
28991,2026-01-12,07:18:31,INFO,WebServer,Page view: /home by u3297,E103,Page view: {page} by {user}
28992,2026-01-12,07:47:58,INFO,InventoryDB,Transaction tx671966 completed in 761ms,E104,Transaction {tx} completed in {time}ms
28993,2026-01-12,07:10:54,INFO,WebServer,Transaction tx760366 completed in 1628ms,E104,Transaction {tx} completed in {time}ms
28994,2026-01-12,07:21:56,INFO,OrderProcessor,Page view: /home by u4257,E103,Page view: {page} by {user}
28995,2026-01-12,07:20:15,INFO,InventoryDB,Transaction tx580949 completed in 1656ms,E104,Transaction {tx} completed in {time}ms
28996,2026-01-12,07:54:55,INFO,WebServer,User u2250 login successful,E101,User {user} login successful
28997,2026-01-12,07:14:10,INFO,OrderProcessor,User u2719 login successful,E101,User {user} login successful
28998,2026-01-12,07:57:29,INFO,OrderProcessor,User u3749 login successful,E101,User {user} login successful
28999,2026-01-12,07:03:12,INFO,WebServer,Page view: /home by u3482,E103,Page view: {page} by {user}
29000,2026-01-12,07:39:36,WARN,WebServer,Unauthorized access attempt from 10.0.0.88,E401,Unauthorized access attempt from {ip}
29001,2026-01-12,07:32:59,INFO,WebServer,User u3921 login successful,E101,User {user} login successful
29002,2026-01-12,07:05:41,WARN,WebServer,High latency (1582ms) detected on WebServer,E201,High latency ({time}ms) detected on {service}
29003,2026-01-12,07:22:56,INFO,PaymentGateway,Page view: /home by u3134,E103,Page view: {page} by {user}
29004,2026-01-12,07:10:18,INFO,OrderProcessor,User u3753 login successful,E101,User {user} login successful
29005,2026-01-12,07:46:16,WARN,OrderProcessor,High latency (1026ms) detected on OrderProcessor,E201,High latency ({time}ms) detected on {service}
29006,2026-01-12,07:05:33,INFO,InventoryDB,User u1773 login successful,E101,User {user} login successful
29007,2026-01-12,07:50:29,INFO,AuthService,Health check passed: AuthService,E102,Health check passed: {service}
29008,2026-01-12,07:02:50,INFO,WebServer,Page view: /home by u3593,E103,Page view: {page} by {user}
29009,2026-01-12,07:56:32,INFO,AuthService,Page view: /home by u4009,E103,Page view: {page} by {user}
29010,2026-01-12,07:53:02,INFO,WebServer,Health check passed: WebServer,E102,Health check passed: {service}
29011,2026-01-12,07:37:10,INFO,WebServer,Transaction tx466047 completed in 1265ms,E104,Transaction {tx} completed in {time}ms
29012,2026-01-12,07:29:21,WARN,WebServer,Unauthorized access attempt from 192.168.1.5,E401,Unauthorized access attempt from {ip}
29013,2026-01-12,07:57:56,INFO,WebServer,Page view: /home by u4665,E103,Page view: {page} by {user}
29014,2026-01-12,07:14:10,INFO,AuthService,Transaction tx618555 completed in 805ms,E104,Transaction {tx} completed in {time}ms
29015,2026-01-12,07:07:38,INFO,WebServer,Transaction tx997856 completed in 1325ms,E104,Transaction {tx} completed in {time}ms
29016,2026-01-12,07:10:58,INFO,AuthService,Page view: /home by u2438,E103,Page view: {page} by {user}
29017,2026-01-12,07:36:01,WARN,OrderProcessor,High latency (1990ms) detected on OrderProcessor,E201,High latency ({time}ms) detected on {service}
29018,2026-01-12,07:04:20,INFO,WebServer,Transaction tx145944 completed in 1555ms,E104,Transaction {tx} completed in {time}ms
29019,2026-01-12,07:18:06,INFO,OrderProcessor,User u4583 login successful,E101,User {user} login successful
29020,2026-01-12,07:45:18,INFO,WebServer,Page view: /home by u2447,E103,Page view: {page} by {user}
29021,2026-01-12,07:44:55,CRITICAL,PaymentGateway,DATA CORRUPTION detected in sector 461,E602,DATA CORRUPTION detected in sector {sector}
29022,2026-01-12,07:15:51,INFO,OrderProcessor,User u2858 login successful,E101,User {user} login successful
29023,2026-01-12,07:02:14,INFO,WebServer,User u1028 login successful,E101,User {user} login successful
29024,2026-01-12,07:45:25,INFO,WebServer,User u1144 login successful,E101,User {user} login successful
29025,2026-01-12,07:36:33,INFO,AuthService,Health check passed: AuthService,E102,Health check passed: {service}
29026,2026-01-12,07:53:30,INFO,WebServer,User u4100 login successful,E101,User {user} login successful
29027,2026-01-12,07:18:52,INFO,AuthService,Transaction tx730195 completed in 1489ms,E104,Transaction {tx} completed in {time}ms
29028,2026-01-12,07:54:27,WARN,PaymentGateway,Unauthorized access attempt from 10.0.0.45,E401,Unauthorized access attempt from {ip}
29029,2026-01-12,07:27:52,INFO,WebServer,Page view: /home by u1599,E103,Page view: {page} by {user}
29030,2026-01-12,07:11:24,INFO,InventoryDB,Page view: /home by u3448,E103,Page view: {page} by {user}
29031,2026-01-12,07:22:46,INFO,AuthService,Transaction tx591590 completed in 1259ms,E104,Transaction {tx} completed in {time}ms
29032,2026-01-12,07:58:09,INFO,WebServer,Transaction tx733346 completed in 435ms,E104,Transaction {tx} completed in {time}ms
29033,2026-01-12,07:26:30,INFO,WebServer,Health check passed: WebServer,E102,Health check passed: {service}
29034,2026-01-12,07:06:10,INFO,WebServer,Health check passed: WebServer,E102,Health check passed: {service}
29035,2026-01-12,07:19:32,INFO,WebServer,User u4187 login successful,E101,User {user} login successful
29036,2026-01-12,07:43:38,INFO,PaymentGateway,Page view: /home by u1449,E103,Page view: {page} by {user}
29037,2026-01-12,07:02:44,INFO,OrderProcessor,User u4245 login successful,E101,User {user} login successful
29038,2026-01-12,07:15:14,INFO,WebServer,Transaction tx788916 completed in 1927ms,E104,Transaction {tx} completed in {time}ms
29039,2026-01-12,07:36:27,INFO,WebServer,User u3697 login successful,E101,User {user} login successful
29040,2026-01-12,07:22:21,INFO,WebServer,Transaction tx305439 completed in 349ms,E104,Transaction {tx} completed in {time}ms
29041,2026-01-12,07:55:28,INFO,AuthService,User u4249 login successful,E101,User {user} login successful
29042,2026-01-12,07:00:06,INFO,AuthService,Health check passed: AuthService,E102,Health check passed: {service}
29043,2026-01-12,07:10:43,INFO,AuthService,Health check passed: AuthService,E102,Health check passed: {service}
29044,2026-01-12,07:34:58,WARN,PaymentGateway,High latency (1617ms) detected on PaymentGateway,E201,High latency ({time}ms) detected on {service}
29045,2026-01-12,07:23:52,INFO,AuthService,Transaction tx337761 completed in 976ms,E104,Transaction {tx} completed in {time}ms
29046,2026-01-12,07:17:01,INFO,InventoryDB,Page view: /home by u1262,E103,Page view: {page} by {user}
29047,2026-01-12,07:59:02,INFO,PaymentGateway,Transaction tx143508 completed in 1280ms,E104,Transaction {tx} completed in {time}ms
29048,2026-01-12,07:36:32,INFO,WebServer,Transaction tx775367 completed in 1029ms,E104,Transaction {tx} completed in {time}ms
29049,2026-01-12,07:08:00,INFO,InventoryDB,Health check passed: InventoryDB,E102,Health check passed: {service}
29050,2026-01-12,07:42:11,INFO,WebServer,User u3824 login successful,E101,User {user} login successful
29051,2026-01-12,07:20:15,INFO,PaymentGateway,Health check passed: PaymentGateway,E102,Health check passed: {service}
29052,2026-01-12,07:54:41,INFO,WebServer,Page view: /home by u2212,E103,Page view: {page} by {user}
29053,2026-01-12,07:19:28,INFO,WebServer,Page view: /home by u4420,E103,Page view: {page} by {user}
29054,2026-01-12,07:47:21,INFO,AuthService,Transaction tx969259 completed in 1522ms,E104,Transaction {tx} completed in {time}ms
29055,2026-01-12,07:47:43,INFO,WebServer,User u2556 login successful,E101,User {user} login successful
29056,2026-01-12,07:33:15,INFO,InventoryDB,Page view: /home by u4515,E103,Page view: {page} by {user}
29057,2026-01-12,07:00:57,INFO,OrderProcessor,Transaction tx313115 completed in 64ms,E104,Transaction {tx} completed in {time}ms
29058,2026-01-12,07:13:28,INFO,OrderProcessor,User u2712 login successful,E101,User {user} login successful
29059,2026-01-12,07:20:47,INFO,WebServer,Transaction tx692503 completed in 1348ms,E104,Transaction {tx} completed in {time}ms
29060,2026-01-12,07:40:20,INFO,PaymentGateway,Transaction tx374911 completed in 751ms,E104,Transaction {tx} completed in {time}ms
29061,2026-01-12,07:20:24,WARN,PaymentGateway,High latency (797ms) detected on PaymentGateway,E201,High latency ({time}ms) detected on {service}
29062,2026-01-12,07:09:34,INFO,PaymentGateway,Page view: /home by u3294,E103,Page view: {page} by {user}
29063,2026-01-12,07:03:29,INFO,WebServer,Page view: /home by u4677,E103,Page view: {page} by {user}
29064,2026-01-12,07:03:58,INFO,WebServer,Transaction tx112224 completed in 1171ms,E104,Transaction {tx} completed in {time}ms
29065,2026-01-12,07:23:20,INFO,PaymentGateway,Health check passed: PaymentGateway,E102,Health check passed: {service}
29066,2026-01-12,07:02:31,INFO,WebServer,User u3549 login successful,E101,User {user} login successful
29067,2026-01-12,07:39:33,INFO,WebServer,User u3775 login successful,E101,User {user} login successful
29068,2026-01-12,07:03:43,INFO,PaymentGateway,Page view: /home by u2606,E103,Page view: {page} by {user}
29069,2026-01-12,07:33:08,INFO,AuthService,User u3164 login successful,E101,User {user} login successful
29070,2026-01-12,07:11:01,INFO,WebServer,Page view: /home by u2252,E103,Page view: {page} by {user}
29071,2026-01-12,07:45:33,INFO,WebServer,Page view: /home by u2280,E103,Page view: {page} by {user}
29072,2026-01-12,07:16:29,INFO,AuthService,Page view: /home by u2913,E103,Page view: {page} by {user}
29073,2026-01-12,07:05:03,INFO,AuthService,Page view: /home by u3677,E103,Page view: {page} by {user}
29074,2026-01-12,07:18:20,INFO,WebServer,Transaction tx403038 completed in 970ms,E104,Transaction {tx} completed in {time}ms
29075,2026-01-12,07:52:02,INFO,WebServer,Health check passed: WebServer,E102,Health check passed: {service}
29076,2026-01-12,07:44:39,INFO,WebServer,Transaction tx381817 completed in 938ms,E104,Transaction {tx} completed in {time}ms
29077,2026-01-12,07:50:35,INFO,WebServer,Health check passed: WebServer,E102,Health check passed: {service}
29078,2026-01-12,07:54:01,INFO,WebServer,Page view: /home by u3572,E103,Page view: {page} by {user}
29079,2026-01-12,07:11:52,INFO,WebServer,Transaction tx851435 completed in 1720ms,E104,Transaction {tx} completed in {time}ms
29080,2026-01-12,07:58:15,INFO,WebServer,Health check passed: WebServer,E102,Health check passed: {service}
29081,2026-01-12,07:33:07,INFO,WebServer,Page view: /home by u4906,E103,Page view: {page} by {user}
29082,2026-01-12,07:40:00,INFO,WebServer,Transaction tx770711 completed in 1163ms,E104,Transaction {tx} completed in {time}ms
29083,2026-01-12,07:20:25,INFO,OrderProcessor,Page view: /home by u2160,E103,Page view: {page} by {user}
29084,2026-01-12,07:42:43,WARN,WebServer,Disk usage > 85% on node node-5,E202,Disk usage > 85% on node {node}
29085,2026-01-12,07:35:19,INFO,OrderProcessor,Page view: /home by u4095,E103,Page view: {page} by {user}
29086,2026-01-12,07:25:58,INFO,WebServer,Page view: /home by u2625,E103,Page view: {page} by {user}
29087,2026-01-12,07:56:20,INFO,WebServer,User u4522 login successful,E101,User {user} login successful
29088,2026-01-12,07:53:22,INFO,WebServer,User u2846 login successful,E101,User {user} login successful
29089,2026-01-12,07:47:11,INFO,WebServer,User u4005 login successful,E101,User {user} login successful
29090,2026-01-12,07:11:40,INFO,WebServer,Health check passed: WebServer,E102,Health check passed: {service}
29091,2026-01-12,07:41:37,INFO,PaymentGateway,Health check passed: PaymentGateway,E102,Health check passed: {service}
29092,2026-01-12,07:00:12,INFO,WebServer,Page view: /home by u1004,E103,Page view: {page} by {user}
29093,2026-01-12,07:16:36,INFO,WebServer,Health check passed: WebServer,E102,Health check passed: {service}
29094,2026-01-12,07:20:13,INFO,AuthService,Health check passed: AuthService,E102,Health check passed: {service}
29095,2026-01-12,07:29:18,INFO,WebServer,User u3395 login successful,E101,User {user} login successful
29096,2026-01-12,07:56:54,INFO,WebServer,Health check passed: WebServer,E102,Health check passed: {service}
29097,2026-01-12,07:35:54,INFO,InventoryDB,Page view: /home by u3622,E103,Page view: {page} by {user}
29098,2026-01-12,07:45:10,INFO,PaymentGateway,Page view: /home by u2480,E103,Page view: {page} by {user}
29099,2026-01-12,07:34:14,INFO,WebServer,Page view: /home by u2714,E103,Page view: {page} by {user}
29100,2026-01-12,07:17:10,INFO,WebServer,User u1880 login successful,E101,User {user} login successful
29101,2026-01-12,07:12:01,INFO,WebServer,User u4090 login successful,E101,User {user} login successful
29102,2026-01-12,07:34:24,INFO,WebServer,Transaction tx995035 completed in 1864ms,E104,Transaction {tx} completed in {time}ms
29103,2026-01-12,07:59:21,INFO,WebServer,Transaction tx930333 completed in 494ms,E104,Transaction {tx} completed in {time}ms
29104,2026-01-12,07:01:03,INFO,InventoryDB,Transaction tx732950 completed in 1483ms,E104,Transaction {tx} completed in {time}ms
29105,2026-01-12,07:55:26,INFO,AuthService,Transaction tx197184 completed in 1920ms,E104,Transaction {tx} completed in {time}ms
29106,2026-01-12,07:28:01,INFO,WebServer,Health check passed: WebServer,E102,Health check passed: {service}
29107,2026-01-12,07:10:01,INFO,WebServer,Transaction tx672185 completed in 1824ms,E104,Transaction {tx} completed in {time}ms
29108,2026-01-12,07:06:15,INFO,WebServer,Page view: /home by u2422,E103,Page view: {page} by {user}
29109,2026-01-12,07:17:39,WARN,WebServer,Unauthorized access attempt from 10.0.0.45,E401,Unauthorized access attempt from {ip}
29110,2026-01-12,07:00:02,INFO,AuthService,User u1751 login successful,E101,User {user} login successful
29111,2026-01-12,07:00:21,INFO,InventoryDB,User u2963 login successful,E101,User {user} login successful
29112,2026-01-12,07:03:49,INFO,PaymentGateway,Transaction tx130939 completed in 816ms,E104,Transaction {tx} completed in {time}ms
29113,2026-01-12,07:06:53,INFO,AuthService,Transaction tx449818 completed in 1135ms,E104,Transaction {tx} completed in {time}ms
29114,2026-01-12,07:43:10,INFO,PaymentGateway,Health check passed: PaymentGateway,E102,Health check passed: {service}
29115,2026-01-12,07:09:59,INFO,AuthService,User u2990 login successful,E101,User {user} login successful
29116,2026-01-12,07:12:41,INFO,WebServer,User u2700 login successful,E101,User {user} login successful
29117,2026-01-12,07:53:34,INFO,WebServer,User u3352 login successful,E101,User {user} login successful
29118,2026-01-12,07:42:07,INFO,WebServer,Health check passed: WebServer,E102,Health check passed: {service}
29119,2026-01-12,07:30:06,INFO,WebServer,User u1673 login successful,E101,User {user} login successful
29120,2026-01-12,07:50:36,INFO,WebServer,Health check passed: WebServer,E102,Health check passed: {service}
29121,2026-01-12,07:54:22,INFO,WebServer,User u3863 login successful,E101,User {user} login successful
29122,2026-01-12,07:49:10,INFO,WebServer,User u4531 login successful,E101,User {user} login successful
29123,2026-01-12,07:59:42,WARN,AuthService,Unauthorized access attempt from 192.168.1.5,E401,Unauthorized access attempt from {ip}
29124,2026-01-12,07:38:12,INFO,WebServer,User u4853 login successful,E101,User {user} login successful
29125,2026-01-12,07:16:40,INFO,WebServer,Transaction tx538562 completed in 1991ms,E104,Transaction {tx} completed in {time}ms
29126,2026-01-12,07:52:42,INFO,AuthService,Transaction tx511288 completed in 1514ms,E104,Transaction {tx} completed in {time}ms
29127,2026-01-12,07:08:59,WARN,OrderProcessor,Unauthorized access attempt from 10.0.0.45,E401,Unauthorized access attempt from {ip}
29128,2026-01-12,07:49:26,INFO,AuthService,User u3102 login successful,E101,User {user} login successful
29129,2026-01-12,07:48:48,INFO,PaymentGateway,Transaction tx465823 completed in 1666ms,E104,Transaction {tx} completed in {time}ms
29130,2026-01-12,07:31:22,INFO,WebServer,Health check passed: WebServer,E102,Health check passed: {service}
29131,2026-01-12,07:02:41,WARN,OrderProcessor,Unauthorized access attempt from 10.0.0.45,E401,Unauthorized access attempt from {ip}
29132,2026-01-12,07:21:37,INFO,AuthService,Transaction tx508323 completed in 1949ms,E104,Transaction {tx} completed in {time}ms
29133,2026-01-12,07:22:46,INFO,InventoryDB,User u2052 login successful,E101,User {user} login successful
29134,2026-01-12,07:03:02,INFO,AuthService,Page view: /home by u4288,E103,Page view: {page} by {user}
29135,2026-01-12,07:41:11,INFO,WebServer,Transaction tx818567 completed in 927ms,E104,Transaction {tx} completed in {time}ms
29136,2026-01-12,07:13:18,INFO,OrderProcessor,Page view: /home by u3924,E103,Page view: {page} by {user}
29137,2026-01-12,07:14:47,INFO,OrderProcessor,Transaction tx138789 completed in 1859ms,E104,Transaction {tx} completed in {time}ms
29138,2026-01-12,07:56:29,INFO,InventoryDB,User u1324 login successful,E101,User {user} login successful
29139,2026-01-12,07:50:36,INFO,OrderProcessor,Transaction tx427313 completed in 363ms,E104,Transaction {tx} completed in {time}ms
29140,2026-01-12,07:03:27,INFO,WebServer,Page view: /home by u3946,E103,Page view: {page} by {user}
29141,2026-01-12,07:56:40,INFO,PaymentGateway,Page view: /home by u3801,E103,Page view: {page} by {user}
29142,2026-01-12,07:56:20,INFO,WebServer,Transaction tx825852 completed in 658ms,E104,Transaction {tx} completed in {time}ms
29143,2026-01-12,07:42:56,INFO,WebServer,User u1030 login successful,E101,User {user} login successful
29144,2026-01-12,07:10:57,INFO,OrderProcessor,User u1736 login successful,E101,User {user} login successful
29145,2026-01-12,07:07:42,INFO,OrderProcessor,User u2837 login successful,E101,User {user} login successful
29146,2026-01-12,07:22:58,INFO,AuthService,Health check passed: AuthService,E102,Health check passed: {service}
29147,2026-01-12,08:31:57,WARN,AuthService,Unauthorized access attempt from 10.0.0.45,E401,Unauthorized access attempt from {ip}
29148,2026-01-12,08:21:55,INFO,PaymentGateway,Transaction tx382600 completed in 307ms,E104,Transaction {tx} completed in {time}ms
29149,2026-01-12,08:09:36,INFO,WebServer,Health check passed: WebServer,E102,Health check passed: {service}
29150,2026-01-12,08:13:54,INFO,PaymentGateway,Transaction tx185943 completed in 888ms,E104,Transaction {tx} completed in {time}ms
29151,2026-01-12,08:19:38,INFO,OrderProcessor,Transaction tx416502 completed in 121ms,E104,Transaction {tx} completed in {time}ms
29152,2026-01-12,08:01:32,INFO,WebServer,User u4592 login successful,E101,User {user} login successful
29153,2026-01-12,08:59:14,INFO,PaymentGateway,User u2172 login successful,E101,User {user} login successful
29154,2026-01-12,08:58:18,INFO,WebServer,Transaction tx837919 completed in 785ms,E104,Transaction {tx} completed in {time}ms
29155,2026-01-12,08:02:50,INFO,WebServer,Health check passed: WebServer,E102,Health check passed: {service}
29156,2026-01-12,08:41:31,INFO,AuthService,Transaction tx901595 completed in 489ms,E104,Transaction {tx} completed in {time}ms
29157,2026-01-12,08:10:54,INFO,AuthService,Page view: /home by u4528,E103,Page view: {page} by {user}
29158,2026-01-12,08:57:08,WARN,WebServer,Disk usage > 85% on node node-2,E202,Disk usage > 85% on node {node}
29159,2026-01-12,08:32:23,INFO,WebServer,Transaction tx185756 completed in 1159ms,E104,Transaction {tx} completed in {time}ms
29160,2026-01-12,08:49:37,INFO,WebServer,Health check passed: WebServer,E102,Health check passed: {service}
29161,2026-01-12,08:33:32,INFO,WebServer,Page view: /home by u3288,E103,Page view: {page} by {user}
29162,2026-01-12,08:25:15,INFO,PaymentGateway,Page view: /home by u3942,E103,Page view: {page} by {user}
29163,2026-01-12,08:54:22,INFO,WebServer,Health check passed: WebServer,E102,Health check passed: {service}
29164,2026-01-12,08:12:32,INFO,OrderProcessor,Page view: /home by u3931,E103,Page view: {page} by {user}
29165,2026-01-12,08:00:41,INFO,WebServer,Transaction tx591162 completed in 665ms,E104,Transaction {tx} completed in {time}ms
29166,2026-01-12,08:55:02,INFO,PaymentGateway,Health check passed: PaymentGateway,E102,Health check passed: {service}
29167,2026-01-12,08:23:48,INFO,WebServer,User u1815 login successful,E101,User {user} login successful
29168,2026-01-12,08:25:44,INFO,OrderProcessor,Health check passed: OrderProcessor,E102,Health check passed: {service}
29169,2026-01-12,08:34:01,INFO,WebServer,User u4595 login successful,E101,User {user} login successful
29170,2026-01-12,08:44:27,INFO,WebServer,User u4985 login successful,E101,User {user} login successful
29171,2026-01-12,08:43:40,WARN,WebServer,Disk usage > 85% on node node-4,E202,Disk usage > 85% on node {node}
29172,2026-01-12,08:12:50,INFO,WebServer,Health check passed: WebServer,E102,Health check passed: {service}
29173,2026-01-12,08:04:29,INFO,PaymentGateway,Page view: /home by u4267,E103,Page view: {page} by {user}
29174,2026-01-12,08:49:43,INFO,WebServer,Page view: /home by u3005,E103,Page view: {page} by {user}
29175,2026-01-12,08:46:02,INFO,OrderProcessor,Transaction tx668008 completed in 146ms,E104,Transaction {tx} completed in {time}ms
29176,2026-01-12,08:55:55,INFO,WebServer,Health check passed: WebServer,E102,Health check passed: {service}
29177,2026-01-12,08:14:01,INFO,OrderProcessor,Transaction tx199300 completed in 1216ms,E104,Transaction {tx} completed in {time}ms
29178,2026-01-12,08:22:44,INFO,PaymentGateway,Transaction tx181667 completed in 1022ms,E104,Transaction {tx} completed in {time}ms
29179,2026-01-12,08:23:14,INFO,PaymentGateway,Health check passed: PaymentGateway,E102,Health check passed: {service}
29180,2026-01-12,08:18:39,ERROR,WebServer,Connection refused to WebServer at 10.0.0.45,E501,Connection refused to {service} at {ip}
29181,2026-01-12,08:31:08,INFO,WebServer,Transaction tx473681 completed in 1646ms,E104,Transaction {tx} completed in {time}ms
29182,2026-01-12,08:30:57,INFO,WebServer,Health check passed: WebServer,E102,Health check passed: {service}
29183,2026-01-12,08:12:12,INFO,OrderProcessor,Page view: /home by u4322,E103,Page view: {page} by {user}
29184,2026-01-12,08:16:43,INFO,WebServer,Transaction tx993197 completed in 1319ms,E104,Transaction {tx} completed in {time}ms
29185,2026-01-12,08:00:32,INFO,WebServer,Page view: /home by u1134,E103,Page view: {page} by {user}
29186,2026-01-12,08:19:40,INFO,WebServer,Page view: /home by u1656,E103,Page view: {page} by {user}
29187,2026-01-12,08:27:07,WARN,AuthService,Unauthorized access attempt from 10.0.0.10,E401,Unauthorized access attempt from {ip}
29188,2026-01-12,08:11:15,INFO,OrderProcessor,User u4287 login successful,E101,User {user} login successful
29189,2026-01-12,08:02:18,INFO,WebServer,Health check passed: WebServer,E102,Health check passed: {service}
29190,2026-01-12,08:27:05,INFO,AuthService,Page view: /home by u3624,E103,Page view: {page} by {user}
29191,2026-01-12,08:59:05,INFO,OrderProcessor,User u3779 login successful,E101,User {user} login successful
29192,2026-01-12,08:58:51,INFO,AuthService,Transaction tx720229 completed in 1340ms,E104,Transaction {tx} completed in {time}ms
29193,2026-01-12,08:15:13,INFO,WebServer,Page view: /home by u4247,E103,Page view: {page} by {user}
29194,2026-01-12,08:58:07,INFO,OrderProcessor,User u1148 login successful,E101,User {user} login successful
29195,2026-01-12,08:03:46,INFO,AuthService,User u2330 login successful,E101,User {user} login successful
29196,2026-01-12,08:47:15,INFO,WebServer,Page view: /home by u2012,E103,Page view: {page} by {user}
29197,2026-01-12,08:33:53,INFO,WebServer,Transaction tx132447 completed in 1970ms,E104,Transaction {tx} completed in {time}ms
29198,2026-01-12,08:10:17,WARN,WebServer,Unauthorized access attempt from 10.0.0.45,E401,Unauthorized access attempt from {ip}
29199,2026-01-12,08:21:09,INFO,OrderProcessor,User u3108 login successful,E101,User {user} login successful
29200,2026-01-12,08:20:10,INFO,AuthService,User u3396 login successful,E101,User {user} login successful
29201,2026-01-12,08:22:39,INFO,OrderProcessor,Page view: /home by u3299,E103,Page view: {page} by {user}
29202,2026-01-12,08:43:47,ERROR,AuthService,Connection refused to AuthService at 10.0.0.45,E501,Connection refused to {service} at {ip}
29203,2026-01-12,08:33:28,INFO,AuthService,User u1903 login successful,E101,User {user} login successful
29204,2026-01-12,08:23:58,INFO,WebServer,Health check passed: WebServer,E102,Health check passed: {service}
29205,2026-01-12,08:25:06,INFO,OrderProcessor,User u3884 login successful,E101,User {user} login successful
29206,2026-01-12,08:06:08,INFO,WebServer,User u4850 login successful,E101,User {user} login successful
29207,2026-01-12,08:21:34,INFO,PaymentGateway,Health check passed: PaymentGateway,E102,Health check passed: {service}
29208,2026-01-12,08:01:14,INFO,InventoryDB,User u1977 login successful,E101,User {user} login successful
29209,2026-01-12,08:19:38,INFO,AuthService,Transaction tx963711 completed in 1103ms,E104,Transaction {tx} completed in {time}ms
29210,2026-01-12,08:57:08,WARN,OrderProcessor,Disk usage > 85% on node node-2,E202,Disk usage > 85% on node {node}
29211,2026-01-12,08:51:10,INFO,WebServer,Page view: /home by u2096,E103,Page view: {page} by {user}
29212,2026-01-12,08:33:59,INFO,WebServer,Page view: /home by u4449,E103,Page view: {page} by {user}
29213,2026-01-12,08:31:11,INFO,WebServer,Health check passed: WebServer,E102,Health check passed: {service}
29214,2026-01-12,08:21:21,WARN,OrderProcessor,High latency (37ms) detected on OrderProcessor,E201,High latency ({time}ms) detected on {service}
29215,2026-01-12,08:03:18,INFO,OrderProcessor,User u1684 login successful,E101,User {user} login successful
29216,2026-01-12,08:16:21,INFO,InventoryDB,Health check passed: InventoryDB,E102,Health check passed: {service}
29217,2026-01-12,08:47:18,INFO,WebServer,Health check passed: WebServer,E102,Health check passed: {service}
29218,2026-01-12,08:03:53,INFO,WebServer,Transaction tx110537 completed in 1759ms,E104,Transaction {tx} completed in {time}ms
29219,2026-01-12,08:39:00,INFO,WebServer,User u2559 login successful,E101,User {user} login successful
29220,2026-01-12,08:57:02,INFO,OrderProcessor,Health check passed: OrderProcessor,E102,Health check passed: {service}
29221,2026-01-12,08:37:50,INFO,WebServer,Page view: /home by u4768,E103,Page view: {page} by {user}
29222,2026-01-12,08:07:31,INFO,AuthService,User u4111 login successful,E101,User {user} login successful
29223,2026-01-12,08:22:13,INFO,PaymentGateway,User u4021 login successful,E101,User {user} login successful
29224,2026-01-12,08:37:11,INFO,WebServer,Health check passed: WebServer,E102,Health check passed: {service}
29225,2026-01-12,08:25:58,INFO,AuthService,Health check passed: AuthService,E102,Health check passed: {service}
29226,2026-01-12,08:51:44,WARN,WebServer,High latency (490ms) detected on WebServer,E201,High latency ({time}ms) detected on {service}
29227,2026-01-12,08:47:35,INFO,OrderProcessor,User u2021 login successful,E101,User {user} login successful
29228,2026-01-12,08:12:02,INFO,PaymentGateway,User u3949 login successful,E101,User {user} login successful
29229,2026-01-12,08:53:10,INFO,WebServer,User u1755 login successful,E101,User {user} login successful
29230,2026-01-12,08:05:30,INFO,WebServer,Transaction tx156457 completed in 51ms,E104,Transaction {tx} completed in {time}ms
29231,2026-01-12,08:56:09,INFO,WebServer,Transaction tx640822 completed in 118ms,E104,Transaction {tx} completed in {time}ms
29232,2026-01-12,08:09:19,INFO,AuthService,Page view: /home by u2938,E103,Page view: {page} by {user}
29233,2026-01-12,08:25:17,INFO,WebServer,User u1725 login successful,E101,User {user} login successful
29234,2026-01-12,08:21:32,INFO,WebServer,Page view: /home by u1739,E103,Page view: {page} by {user}
29235,2026-01-12,08:40:01,INFO,OrderProcessor,Health check passed: OrderProcessor,E102,Health check passed: {service}
29236,2026-01-12,08:49:16,INFO,OrderProcessor,User u4570 login successful,E101,User {user} login successful
29237,2026-01-12,08:53:19,INFO,WebServer,Page view: /home by u2896,E103,Page view: {page} by {user}
29238,2026-01-12,08:54:56,INFO,AuthService,Health check passed: AuthService,E102,Health check passed: {service}
29239,2026-01-12,08:34:33,INFO,AuthService,Transaction tx742002 completed in 1358ms,E104,Transaction {tx} completed in {time}ms
29240,2026-01-12,08:54:00,INFO,WebServer,Health check passed: WebServer,E102,Health check passed: {service}
29241,2026-01-12,08:25:21,INFO,WebServer,Health check passed: WebServer,E102,Health check passed: {service}
29242,2026-01-12,08:48:22,INFO,WebServer,User u2534 login successful,E101,User {user} login successful
29243,2026-01-12,08:58:27,INFO,PaymentGateway,Page view: /home by u3361,E103,Page view: {page} by {user}
29244,2026-01-12,08:08:06,INFO,PaymentGateway,User u2364 login successful,E101,User {user} login successful
29245,2026-01-12,08:10:36,INFO,WebServer,Transaction tx449822 completed in 826ms,E104,Transaction {tx} completed in {time}ms
29246,2026-01-12,08:53:16,INFO,OrderProcessor,Transaction tx656985 completed in 423ms,E104,Transaction {tx} completed in {time}ms
29247,2026-01-12,08:09:24,INFO,InventoryDB,Page view: /home by u2677,E103,Page view: {page} by {user}
29248,2026-01-12,08:04:48,INFO,WebServer,Transaction tx980975 completed in 561ms,E104,Transaction {tx} completed in {time}ms
29249,2026-01-12,08:18:21,INFO,WebServer,User u4511 login successful,E101,User {user} login successful
29250,2026-01-12,08:32:23,INFO,WebServer,Health check passed: WebServer,E102,Health check passed: {service}
29251,2026-01-12,08:08:10,INFO,WebServer,User u4244 login successful,E101,User {user} login successful
29252,2026-01-12,08:59:18,INFO,WebServer,Page view: /home by u4458,E103,Page view: {page} by {user}
29253,2026-01-12,08:50:17,INFO,PaymentGateway,Health check passed: PaymentGateway,E102,Health check passed: {service}
29254,2026-01-12,08:05:28,INFO,WebServer,User u3199 login successful,E101,User {user} login successful
29255,2026-01-12,08:21:04,INFO,WebServer,Health check passed: WebServer,E102,Health check passed: {service}
29256,2026-01-12,08:37:14,INFO,AuthService,User u4381 login successful,E101,User {user} login successful
29257,2026-01-12,08:57:11,INFO,WebServer,Transaction tx149627 completed in 1648ms,E104,Transaction {tx} completed in {time}ms
29258,2026-01-12,08:45:25,INFO,WebServer,Page view: /home by u1311,E103,Page view: {page} by {user}
29259,2026-01-12,08:55:21,INFO,AuthService,Transaction tx793725 completed in 141ms,E104,Transaction {tx} completed in {time}ms
29260,2026-01-12,08:44:17,INFO,WebServer,Page view: /home by u4289,E103,Page view: {page} by {user}
29261,2026-01-12,08:21:33,WARN,WebServer,High latency (1080ms) detected on WebServer,E201,High latency ({time}ms) detected on {service}
29262,2026-01-12,08:31:40,INFO,OrderProcessor,Transaction tx711078 completed in 607ms,E104,Transaction {tx} completed in {time}ms
29263,2026-01-12,08:25:13,INFO,WebServer,Health check passed: WebServer,E102,Health check passed: {service}
29264,2026-01-12,08:11:47,INFO,AuthService,User u1609 login successful,E101,User {user} login successful
29265,2026-01-12,08:51:32,INFO,WebServer,Page view: /home by u3103,E103,Page view: {page} by {user}
29266,2026-01-12,08:20:22,INFO,OrderProcessor,Page view: /home by u3422,E103,Page view: {page} by {user}
29267,2026-01-12,08:13:12,INFO,WebServer,Transaction tx601802 completed in 244ms,E104,Transaction {tx} completed in {time}ms
29268,2026-01-12,08:52:38,INFO,WebServer,Transaction tx128012 completed in 416ms,E104,Transaction {tx} completed in {time}ms
29269,2026-01-12,08:32:13,INFO,WebServer,Page view: /home by u3796,E103,Page view: {page} by {user}
29270,2026-01-12,08:40:05,INFO,AuthService,User u1562 login successful,E101,User {user} login successful
29271,2026-01-12,08:49:23,ERROR,WebServer,Timeout waiting for lock on InventoryDB,E502,Timeout waiting for lock on {db}
29272,2026-01-12,08:48:08,INFO,AuthService,User u1291 login successful,E101,User {user} login successful
29273,2026-01-12,08:49:13,INFO,WebServer,User u2984 login successful,E101,User {user} login successful
29274,2026-01-12,08:56:32,WARN,WebServer,High latency (1834ms) detected on WebServer,E201,High latency ({time}ms) detected on {service}
29275,2026-01-12,08:26:05,INFO,WebServer,Health check passed: WebServer,E102,Health check passed: {service}
29276,2026-01-12,08:49:45,INFO,OrderProcessor,Transaction tx750296 completed in 1260ms,E104,Transaction {tx} completed in {time}ms
29277,2026-01-12,08:00:51,INFO,OrderProcessor,Page view: /home by u3981,E103,Page view: {page} by {user}
29278,2026-01-12,08:16:25,INFO,PaymentGateway,Transaction tx192820 completed in 276ms,E104,Transaction {tx} completed in {time}ms
29279,2026-01-12,08:32:03,INFO,OrderProcessor,Health check passed: OrderProcessor,E102,Health check passed: {service}
29280,2026-01-12,08:55:17,INFO,WebServer,User u3896 login successful,E101,User {user} login successful
29281,2026-01-12,08:06:36,WARN,WebServer,Disk usage > 85% on node node-5,E202,Disk usage > 85% on node {node}
29282,2026-01-12,08:21:53,INFO,AuthService,Page view: /home by u3669,E103,Page view: {page} by {user}
29283,2026-01-12,08:20:15,INFO,WebServer,Health check passed: WebServer,E102,Health check passed: {service}
29284,2026-01-12,08:07:14,INFO,PaymentGateway,Transaction tx677320 completed in 858ms,E104,Transaction {tx} completed in {time}ms
29285,2026-01-12,08:00:43,INFO,WebServer,User u2252 login successful,E101,User {user} login successful
29286,2026-01-12,08:50:12,INFO,WebServer,Health check passed: WebServer,E102,Health check passed: {service}
29287,2026-01-12,08:15:32,INFO,WebServer,Page view: /home by u1961,E103,Page view: {page} by {user}
29288,2026-01-12,08:17:01,INFO,InventoryDB,User u1271 login successful,E101,User {user} login successful
29289,2026-01-12,08:16:45,INFO,AuthService,Transaction tx416188 completed in 64ms,E104,Transaction {tx} completed in {time}ms
29290,2026-01-12,08:01:42,INFO,PaymentGateway,Health check passed: PaymentGateway,E102,Health check passed: {service}
29291,2026-01-12,08:11:57,INFO,OrderProcessor,Page view: /home by u4604,E103,Page view: {page} by {user}
29292,2026-01-12,08:47:35,INFO,InventoryDB,User u2843 login successful,E101,User {user} login successful
29293,2026-01-12,08:05:44,INFO,PaymentGateway,Health check passed: PaymentGateway,E102,Health check passed: {service}
29294,2026-01-12,08:02:52,INFO,WebServer,User u1484 login successful,E101,User {user} login successful
29295,2026-01-12,08:20:53,INFO,InventoryDB,Health check passed: InventoryDB,E102,Health check passed: {service}
29296,2026-01-12,08:54:44,INFO,WebServer,Page view: /home by u2699,E103,Page view: {page} by {user}
29297,2026-01-12,08:35:28,ERROR,WebServer,Timeout waiting for lock on InventoryDB,E502,Timeout waiting for lock on {db}
29298,2026-01-12,08:39:02,INFO,WebServer,Page view: /home by u1966,E103,Page view: {page} by {user}
29299,2026-01-12,08:07:02,INFO,AuthService,User u2069 login successful,E101,User {user} login successful
29300,2026-01-12,08:56:16,INFO,OrderProcessor,User u1542 login successful,E101,User {user} login successful
29301,2026-01-12,08:27:01,INFO,WebServer,User u3180 login successful,E101,User {user} login successful
29302,2026-01-12,08:32:41,WARN,WebServer,Unauthorized access attempt from 10.0.0.10,E401,Unauthorized access attempt from {ip}
29303,2026-01-12,08:35:02,INFO,WebServer,Health check passed: WebServer,E102,Health check passed: {service}
29304,2026-01-12,08:38:01,INFO,AuthService,Page view: /home by u2070,E103,Page view: {page} by {user}
29305,2026-01-12,08:18:59,INFO,WebServer,Health check passed: WebServer,E102,Health check passed: {service}
29306,2026-01-12,08:15:36,INFO,WebServer,User u1697 login successful,E101,User {user} login successful
29307,2026-01-12,08:40:32,INFO,WebServer,Health check passed: WebServer,E102,Health check passed: {service}
29308,2026-01-12,08:14:52,WARN,OrderProcessor,Disk usage > 85% on node node-4,E202,Disk usage > 85% on node {node}
29309,2026-01-12,08:07:00,WARN,WebServer,Disk usage > 85% on node node-2,E202,Disk usage > 85% on node {node}
29310,2026-01-12,08:31:59,INFO,AuthService,Health check passed: AuthService,E102,Health check passed: {service}
29311,2026-01-12,08:58:18,INFO,InventoryDB,Transaction tx937539 completed in 1549ms,E104,Transaction {tx} completed in {time}ms
29312,2026-01-12,08:08:12,INFO,OrderProcessor,Page view: /home by u3314,E103,Page view: {page} by {user}
29313,2026-01-12,08:28:30,INFO,WebServer,Transaction tx640413 completed in 84ms,E104,Transaction {tx} completed in {time}ms
29314,2026-01-12,08:43:16,INFO,AuthService,Health check passed: AuthService,E102,Health check passed: {service}
29315,2026-01-12,08:09:28,INFO,PaymentGateway,Transaction tx882028 completed in 35ms,E104,Transaction {tx} completed in {time}ms
29316,2026-01-12,08:50:25,INFO,AuthService,Health check passed: AuthService,E102,Health check passed: {service}
29317,2026-01-12,08:15:37,WARN,AuthService,Disk usage > 85% on node node-3,E202,Disk usage > 85% on node {node}
29318,2026-01-12,08:37:51,INFO,WebServer,Health check passed: WebServer,E102,Health check passed: {service}
29319,2026-01-12,08:38:29,INFO,WebServer,Transaction tx127195 completed in 162ms,E104,Transaction {tx} completed in {time}ms
29320,2026-01-12,08:42:58,INFO,OrderProcessor,Health check passed: OrderProcessor,E102,Health check passed: {service}
29321,2026-01-12,08:17:44,INFO,PaymentGateway,Health check passed: PaymentGateway,E102,Health check passed: {service}
29322,2026-01-12,08:37:28,WARN,OrderProcessor,Disk usage > 85% on node node-4,E202,Disk usage > 85% on node {node}
29323,2026-01-12,08:50:44,INFO,AuthService,Health check passed: AuthService,E102,Health check passed: {service}
29324,2026-01-12,08:41:49,INFO,AuthService,Page view: /home by u2567,E103,Page view: {page} by {user}
29325,2026-01-12,08:21:18,INFO,AuthService,Transaction tx363276 completed in 580ms,E104,Transaction {tx} completed in {time}ms
29326,2026-01-12,08:54:07,INFO,AuthService,User u4544 login successful,E101,User {user} login successful
29327,2026-01-12,08:39:01,INFO,WebServer,User u2412 login successful,E101,User {user} login successful
29328,2026-01-12,08:34:49,INFO,WebServer,Transaction tx323361 completed in 797ms,E104,Transaction {tx} completed in {time}ms
29329,2026-01-12,08:09:47,INFO,WebServer,Page view: /home by u4248,E103,Page view: {page} by {user}
29330,2026-01-12,08:49:42,INFO,WebServer,Transaction tx543639 completed in 1089ms,E104,Transaction {tx} completed in {time}ms
29331,2026-01-12,08:36:20,INFO,AuthService,Health check passed: AuthService,E102,Health check passed: {service}
29332,2026-01-12,08:30:25,INFO,WebServer,Page view: /home by u4080,E103,Page view: {page} by {user}
29333,2026-01-12,08:18:49,INFO,AuthService,User u4457 login successful,E101,User {user} login successful
29334,2026-01-12,08:58:06,INFO,AuthService,User u2378 login successful,E101,User {user} login successful
29335,2026-01-12,08:37:08,INFO,PaymentGateway,Health check passed: PaymentGateway,E102,Health check passed: {service}
29336,2026-01-12,08:54:54,INFO,WebServer,Health check passed: WebServer,E102,Health check passed: {service}
29337,2026-01-12,08:24:59,INFO,PaymentGateway,Health check passed: PaymentGateway,E102,Health check passed: {service}
29338,2026-01-12,08:57:57,INFO,WebServer,User u3564 login successful,E101,User {user} login successful
29339,2026-01-12,08:36:04,INFO,WebServer,User u1038 login successful,E101,User {user} login successful
29340,2026-01-12,08:06:41,INFO,PaymentGateway,Transaction tx623986 completed in 1346ms,E104,Transaction {tx} completed in {time}ms
29341,2026-01-12,08:51:53,INFO,WebServer,User u2220 login successful,E101,User {user} login successful
29342,2026-01-12,08:11:51,WARN,WebServer,Disk usage > 85% on node node-1,E202,Disk usage > 85% on node {node}
29343,2026-01-12,08:10:25,INFO,WebServer,Health check passed: WebServer,E102,Health check passed: {service}
29344,2026-01-12,08:05:03,INFO,WebServer,Health check passed: WebServer,E102,Health check passed: {service}
29345,2026-01-12,08:26:48,INFO,WebServer,Health check passed: WebServer,E102,Health check passed: {service}
29346,2026-01-12,08:47:40,INFO,OrderProcessor,User u2580 login successful,E101,User {user} login successful
29347,2026-01-12,08:08:23,INFO,AuthService,User u2680 login successful,E101,User {user} login successful
29348,2026-01-12,08:52:58,INFO,InventoryDB,User u4434 login successful,E101,User {user} login successful
29349,2026-01-12,08:32:03,INFO,AuthService,Health check passed: AuthService,E102,Health check passed: {service}
29350,2026-01-12,08:45:59,INFO,AuthService,Transaction tx846678 completed in 770ms,E104,Transaction {tx} completed in {time}ms
29351,2026-01-12,08:34:21,INFO,OrderProcessor,Health check passed: OrderProcessor,E102,Health check passed: {service}
29352,2026-01-12,08:51:10,INFO,AuthService,Transaction tx557283 completed in 1713ms,E104,Transaction {tx} completed in {time}ms
29353,2026-01-12,08:53:00,INFO,WebServer,Transaction tx342982 completed in 249ms,E104,Transaction {tx} completed in {time}ms
29354,2026-01-12,08:24:21,INFO,AuthService,User u4548 login successful,E101,User {user} login successful
29355,2026-01-12,08:17:52,INFO,WebServer,Page view: /home by u4575,E103,Page view: {page} by {user}
29356,2026-01-12,08:04:31,INFO,AuthService,User u2556 login successful,E101,User {user} login successful
29357,2026-01-12,08:59:56,INFO,WebServer,User u4680 login successful,E101,User {user} login successful
29358,2026-01-12,08:36:05,INFO,WebServer,User u3425 login successful,E101,User {user} login successful
29359,2026-01-12,08:17:41,INFO,OrderProcessor,User u4505 login successful,E101,User {user} login successful
29360,2026-01-12,08:42:56,INFO,PaymentGateway,Transaction tx921125 completed in 1722ms,E104,Transaction {tx} completed in {time}ms
29361,2026-01-12,08:10:23,INFO,WebServer,Page view: /home by u3377,E103,Page view: {page} by {user}
29362,2026-01-12,08:12:54,INFO,WebServer,Health check passed: WebServer,E102,Health check passed: {service}
29363,2026-01-12,08:46:35,INFO,WebServer,User u2845 login successful,E101,User {user} login successful
29364,2026-01-12,08:38:23,INFO,WebServer,Health check passed: WebServer,E102,Health check passed: {service}
29365,2026-01-12,08:21:52,INFO,WebServer,Health check passed: WebServer,E102,Health check passed: {service}
29366,2026-01-12,08:15:38,INFO,PaymentGateway,Transaction tx110343 completed in 1806ms,E104,Transaction {tx} completed in {time}ms
29367,2026-01-12,08:48:28,INFO,WebServer,Health check passed: WebServer,E102,Health check passed: {service}
29368,2026-01-12,08:36:16,INFO,AuthService,Transaction tx355358 completed in 117ms,E104,Transaction {tx} completed in {time}ms
29369,2026-01-12,08:36:24,INFO,InventoryDB,Page view: /home by u1844,E103,Page view: {page} by {user}
29370,2026-01-12,08:11:43,INFO,InventoryDB,User u2247 login successful,E101,User {user} login successful
29371,2026-01-12,08:49:07,INFO,WebServer,Transaction tx176720 completed in 71ms,E104,Transaction {tx} completed in {time}ms
29372,2026-01-12,08:38:14,INFO,OrderProcessor,Transaction tx415163 completed in 1181ms,E104,Transaction {tx} completed in {time}ms
29373,2026-01-12,08:47:05,INFO,WebServer,User u3896 login successful,E101,User {user} login successful
29374,2026-01-12,08:43:16,INFO,OrderProcessor,Transaction tx996162 completed in 533ms,E104,Transaction {tx} completed in {time}ms
29375,2026-01-12,08:08:59,INFO,WebServer,Transaction tx610912 completed in 882ms,E104,Transaction {tx} completed in {time}ms
29376,2026-01-12,08:33:44,INFO,PaymentGateway,Page view: /home by u3924,E103,Page view: {page} by {user}
29377,2026-01-12,08:12:47,INFO,WebServer,Health check passed: WebServer,E102,Health check passed: {service}
29378,2026-01-12,08:47:36,INFO,InventoryDB,Page view: /home by u2399,E103,Page view: {page} by {user}
29379,2026-01-12,08:32:07,INFO,WebServer,Transaction tx230355 completed in 749ms,E104,Transaction {tx} completed in {time}ms
29380,2026-01-12,08:25:40,INFO,WebServer,Health check passed: WebServer,E102,Health check passed: {service}
29381,2026-01-12,08:10:49,INFO,PaymentGateway,Transaction tx567605 completed in 280ms,E104,Transaction {tx} completed in {time}ms
29382,2026-01-12,08:37:31,INFO,WebServer,Transaction tx162955 completed in 690ms,E104,Transaction {tx} completed in {time}ms
29383,2026-01-12,08:01:51,INFO,WebServer,User u4846 login successful,E101,User {user} login successful
29384,2026-01-12,08:28:26,INFO,AuthService,Transaction tx470987 completed in 168ms,E104,Transaction {tx} completed in {time}ms
29385,2026-01-12,08:49:26,INFO,OrderProcessor,Health check passed: OrderProcessor,E102,Health check passed: {service}
29386,2026-01-12,08:21:33,INFO,AuthService,Page view: /home by u2370,E103,Page view: {page} by {user}
29387,2026-01-12,08:20:26,INFO,WebServer,Page view: /home by u3633,E103,Page view: {page} by {user}
29388,2026-01-12,08:35:27,INFO,WebServer,Health check passed: WebServer,E102,Health check passed: {service}
29389,2026-01-12,08:56:11,WARN,OrderProcessor,Unauthorized access attempt from 10.0.0.45,E401,Unauthorized access attempt from {ip}
29390,2026-01-12,08:33:58,INFO,OrderProcessor,Transaction tx214427 completed in 860ms,E104,Transaction {tx} completed in {time}ms
29391,2026-01-12,08:34:43,INFO,AuthService,Page view: /home by u3912,E103,Page view: {page} by {user}
29392,2026-01-12,08:06:04,INFO,AuthService,Page view: /home by u2255,E103,Page view: {page} by {user}
29393,2026-01-12,08:10:26,INFO,PaymentGateway,Transaction tx855686 completed in 243ms,E104,Transaction {tx} completed in {time}ms
29394,2026-01-12,08:32:57,INFO,WebServer,Transaction tx485658 completed in 468ms,E104,Transaction {tx} completed in {time}ms
29395,2026-01-12,08:06:53,INFO,AuthService,User u1628 login successful,E101,User {user} login successful
29396,2026-01-12,08:52:59,INFO,WebServer,Transaction tx424530 completed in 1935ms,E104,Transaction {tx} completed in {time}ms
29397,2026-01-12,08:00:13,WARN,PaymentGateway,Unauthorized access attempt from 10.0.0.45,E401,Unauthorized access attempt from {ip}
29398,2026-01-12,08:57:33,INFO,WebServer,User u4731 login successful,E101,User {user} login successful
29399,2026-01-12,08:35:05,INFO,WebServer,User u4051 login successful,E101,User {user} login successful
29400,2026-01-12,08:06:54,INFO,WebServer,Page view: /home by u1841,E103,Page view: {page} by {user}
29401,2026-01-12,08:53:55,INFO,WebServer,Health check passed: WebServer,E102,Health check passed: {service}
29402,2026-01-12,08:23:16,INFO,WebServer,Health check passed: WebServer,E102,Health check passed: {service}
29403,2026-01-12,08:00:32,INFO,WebServer,User u3971 login successful,E101,User {user} login successful
29404,2026-01-12,08:45:13,INFO,WebServer,Page view: /home by u1401,E103,Page view: {page} by {user}
29405,2026-01-12,08:12:32,INFO,PaymentGateway,Transaction tx255026 completed in 1796ms,E104,Transaction {tx} completed in {time}ms
29406,2026-01-12,08:20:52,INFO,PaymentGateway,Page view: /home by u1788,E103,Page view: {page} by {user}
29407,2026-01-12,08:43:44,INFO,OrderProcessor,Transaction tx146037 completed in 31ms,E104,Transaction {tx} completed in {time}ms
29408,2026-01-12,08:17:14,INFO,InventoryDB,Page view: /home by u4418,E103,Page view: {page} by {user}
29409,2026-01-12,08:26:56,INFO,WebServer,User u3763 login successful,E101,User {user} login successful
29410,2026-01-12,08:10:33,INFO,InventoryDB,Transaction tx975300 completed in 212ms,E104,Transaction {tx} completed in {time}ms
29411,2026-01-12,08:20:31,INFO,WebServer,Health check passed: WebServer,E102,Health check passed: {service}
29412,2026-01-12,08:48:41,INFO,WebServer,Page view: /home by u2436,E103,Page view: {page} by {user}
29413,2026-01-12,08:14:16,INFO,WebServer,User u1485 login successful,E101,User {user} login successful
29414,2026-01-12,08:35:19,INFO,WebServer,Health check passed: WebServer,E102,Health check passed: {service}
29415,2026-01-12,08:23:44,INFO,WebServer,Transaction tx908004 completed in 843ms,E104,Transaction {tx} completed in {time}ms
29416,2026-01-12,08:57:31,INFO,WebServer,User u3618 login successful,E101,User {user} login successful
29417,2026-01-12,08:28:25,WARN,WebServer,Unauthorized access attempt from 10.0.0.45,E401,Unauthorized access attempt from {ip}
29418,2026-01-12,08:43:52,INFO,WebServer,User u1257 login successful,E101,User {user} login successful
29419,2026-01-12,08:18:45,INFO,WebServer,Transaction tx882634 completed in 390ms,E104,Transaction {tx} completed in {time}ms
29420,2026-01-12,08:30:11,INFO,AuthService,User u3653 login successful,E101,User {user} login successful
29421,2026-01-12,08:23:00,INFO,WebServer,Transaction tx312418 completed in 1617ms,E104,Transaction {tx} completed in {time}ms
29422,2026-01-12,08:53:39,WARN,WebServer,Disk usage > 85% on node node-3,E202,Disk usage > 85% on node {node}
29423,2026-01-12,08:50:12,INFO,PaymentGateway,User u1656 login successful,E101,User {user} login successful
29424,2026-01-12,08:38:18,INFO,WebServer,Health check passed: WebServer,E102,Health check passed: {service}
29425,2026-01-12,08:17:12,INFO,WebServer,Page view: /home by u4307,E103,Page view: {page} by {user}
29426,2026-01-12,08:04:02,INFO,WebServer,Transaction tx480283 completed in 766ms,E104,Transaction {tx} completed in {time}ms
29427,2026-01-12,08:08:03,INFO,PaymentGateway,Page view: /home by u4988,E103,Page view: {page} by {user}
29428,2026-01-12,08:01:48,INFO,OrderProcessor,Health check passed: OrderProcessor,E102,Health check passed: {service}
29429,2026-01-12,08:55:20,INFO,WebServer,Transaction tx858958 completed in 311ms,E104,Transaction {tx} completed in {time}ms
29430,2026-01-12,08:45:21,INFO,WebServer,Health check passed: WebServer,E102,Health check passed: {service}
29431,2026-01-12,08:49:11,ERROR,WebServer,Timeout waiting for lock on InventoryDB,E502,Timeout waiting for lock on {db}
29432,2026-01-12,08:59:42,WARN,WebServer,Disk usage > 85% on node node-3,E202,Disk usage > 85% on node {node}
29433,2026-01-12,08:05:05,INFO,WebServer,Page view: /home by u4702,E103,Page view: {page} by {user}
29434,2026-01-12,08:34:51,INFO,OrderProcessor,Transaction tx534296 completed in 963ms,E104,Transaction {tx} completed in {time}ms
29435,2026-01-12,08:05:08,INFO,WebServer,Page view: /home by u2654,E103,Page view: {page} by {user}
29436,2026-01-12,08:15:13,INFO,InventoryDB,User u3344 login successful,E101,User {user} login successful
29437,2026-01-12,08:47:48,INFO,WebServer,User u3568 login successful,E101,User {user} login successful
29438,2026-01-12,08:41:43,INFO,WebServer,Health check passed: WebServer,E102,Health check passed: {service}
29439,2026-01-12,08:07:25,INFO,WebServer,Page view: /home by u1545,E103,Page view: {page} by {user}
29440,2026-01-12,08:44:30,INFO,WebServer,Health check passed: WebServer,E102,Health check passed: {service}
29441,2026-01-12,08:48:18,INFO,OrderProcessor,Transaction tx191217 completed in 1974ms,E104,Transaction {tx} completed in {time}ms
29442,2026-01-12,08:13:55,INFO,WebServer,Transaction tx970609 completed in 908ms,E104,Transaction {tx} completed in {time}ms
29443,2026-01-12,08:19:07,INFO,AuthService,Page view: /home by u4972,E103,Page view: {page} by {user}
29444,2026-01-12,08:51:38,INFO,WebServer,User u3403 login successful,E101,User {user} login successful
29445,2026-01-12,08:52:19,INFO,PaymentGateway,Page view: /home by u3974,E103,Page view: {page} by {user}
29446,2026-01-12,08:29:07,INFO,OrderProcessor,Transaction tx498055 completed in 642ms,E104,Transaction {tx} completed in {time}ms
29447,2026-01-12,08:22:35,INFO,WebServer,Health check passed: WebServer,E102,Health check passed: {service}
29448,2026-01-12,08:03:41,INFO,PaymentGateway,User u3680 login successful,E101,User {user} login successful
29449,2026-01-12,08:39:49,INFO,AuthService,Health check passed: AuthService,E102,Health check passed: {service}
29450,2026-01-12,08:50:56,INFO,PaymentGateway,Transaction tx462670 completed in 1677ms,E104,Transaction {tx} completed in {time}ms
29451,2026-01-12,08:26:25,INFO,WebServer,User u3707 login successful,E101,User {user} login successful
29452,2026-01-12,08:43:56,INFO,PaymentGateway,Transaction tx959642 completed in 447ms,E104,Transaction {tx} completed in {time}ms
29453,2026-01-12,08:33:34,INFO,WebServer,Transaction tx900642 completed in 1987ms,E104,Transaction {tx} completed in {time}ms
29454,2026-01-12,08:11:40,INFO,WebServer,User u1957 login successful,E101,User {user} login successful
29455,2026-01-12,08:26:25,INFO,InventoryDB,Page view: /home by u2111,E103,Page view: {page} by {user}
29456,2026-01-12,08:59:34,INFO,AuthService,Page view: /home by u1444,E103,Page view: {page} by {user}
29457,2026-01-12,08:13:21,INFO,WebServer,Transaction tx967996 completed in 422ms,E104,Transaction {tx} completed in {time}ms
29458,2026-01-12,08:11:56,INFO,PaymentGateway,Health check passed: PaymentGateway,E102,Health check passed: {service}
29459,2026-01-12,08:52:55,INFO,WebServer,Page view: /home by u3366,E103,Page view: {page} by {user}
29460,2026-01-12,08:30:29,INFO,WebServer,User u1481 login successful,E101,User {user} login successful
29461,2026-01-12,08:28:08,ERROR,WebServer,Connection refused to WebServer at 10.0.0.88,E501,Connection refused to {service} at {ip}
29462,2026-01-12,08:38:27,INFO,WebServer,User u4360 login successful,E101,User {user} login successful
29463,2026-01-12,08:14:12,INFO,WebServer,User u4023 login successful,E101,User {user} login successful
29464,2026-01-12,08:05:54,INFO,AuthService,User u1172 login successful,E101,User {user} login successful
29465,2026-01-12,08:22:20,INFO,OrderProcessor,Transaction tx693184 completed in 1686ms,E104,Transaction {tx} completed in {time}ms
29466,2026-01-12,08:59:49,INFO,WebServer,Page view: /home by u1733,E103,Page view: {page} by {user}
29467,2026-01-12,08:40:18,INFO,WebServer,Page view: /home by u1161,E103,Page view: {page} by {user}
29468,2026-01-12,08:03:46,INFO,AuthService,User u1240 login successful,E101,User {user} login successful
29469,2026-01-12,08:38:18,INFO,WebServer,Health check passed: WebServer,E102,Health check passed: {service}
29470,2026-01-12,08:30:06,INFO,PaymentGateway,Transaction tx305410 completed in 432ms,E104,Transaction {tx} completed in {time}ms
29471,2026-01-12,08:33:57,INFO,AuthService,Transaction tx973542 completed in 846ms,E104,Transaction {tx} completed in {time}ms
29472,2026-01-12,08:24:30,INFO,OrderProcessor,Page view: /home by u4348,E103,Page view: {page} by {user}
29473,2026-01-12,08:06:16,INFO,WebServer,Health check passed: WebServer,E102,Health check passed: {service}
29474,2026-01-12,08:39:50,INFO,WebServer,Transaction tx265222 completed in 170ms,E104,Transaction {tx} completed in {time}ms
29475,2026-01-12,08:21:54,INFO,AuthService,Health check passed: AuthService,E102,Health check passed: {service}
29476,2026-01-12,08:45:17,WARN,WebServer,Disk usage > 85% on node node-2,E202,Disk usage > 85% on node {node}
29477,2026-01-12,08:51:12,INFO,WebServer,Page view: /home by u1051,E103,Page view: {page} by {user}
29478,2026-01-12,08:50:30,INFO,OrderProcessor,Page view: /home by u1826,E103,Page view: {page} by {user}
29479,2026-01-12,08:56:36,INFO,OrderProcessor,User u3650 login successful,E101,User {user} login successful
29480,2026-01-12,08:12:09,INFO,WebServer,User u2661 login successful,E101,User {user} login successful
29481,2026-01-12,08:18:17,WARN,AuthService,Disk usage > 85% on node node-1,E202,Disk usage > 85% on node {node}
29482,2026-01-12,08:11:57,INFO,WebServer,User u3033 login successful,E101,User {user} login successful
29483,2026-01-12,08:44:43,INFO,WebServer,User u3567 login successful,E101,User {user} login successful
29484,2026-01-12,08:59:10,INFO,AuthService,Page view: /home by u4970,E103,Page view: {page} by {user}
29485,2026-01-12,08:00:45,INFO,WebServer,User u1123 login successful,E101,User {user} login successful
29486,2026-01-12,08:23:30,INFO,WebServer,Page view: /home by u1152,E103,Page view: {page} by {user}
29487,2026-01-12,08:38:35,INFO,WebServer,Page view: /home by u2270,E103,Page view: {page} by {user}
29488,2026-01-12,08:36:13,ERROR,AuthService,Connection refused to AuthService at 10.0.0.45,E501,Connection refused to {service} at {ip}
29489,2026-01-12,08:30:35,INFO,WebServer,Transaction tx553049 completed in 1370ms,E104,Transaction {tx} completed in {time}ms
29490,2026-01-12,08:35:45,INFO,OrderProcessor,Transaction tx959588 completed in 754ms,E104,Transaction {tx} completed in {time}ms
29491,2026-01-12,08:27:07,WARN,OrderProcessor,Unauthorized access attempt from 10.0.0.45,E401,Unauthorized access attempt from {ip}
29492,2026-01-12,08:20:12,INFO,WebServer,Page view: /home by u1071,E103,Page view: {page} by {user}
29493,2026-01-12,08:41:20,INFO,WebServer,User u4487 login successful,E101,User {user} login successful
29494,2026-01-12,08:28:50,INFO,WebServer,Transaction tx553983 completed in 1893ms,E104,Transaction {tx} completed in {time}ms
29495,2026-01-12,08:43:54,INFO,WebServer,Page view: /home by u2056,E103,Page view: {page} by {user}
29496,2026-01-12,08:38:42,INFO,WebServer,Transaction tx686076 completed in 370ms,E104,Transaction {tx} completed in {time}ms
29497,2026-01-12,08:17:28,INFO,WebServer,Health check passed: WebServer,E102,Health check passed: {service}
29498,2026-01-12,08:43:39,INFO,WebServer,User u3264 login successful,E101,User {user} login successful
29499,2026-01-12,08:03:18,INFO,InventoryDB,User u1034 login successful,E101,User {user} login successful
29500,2026-01-12,08:21:04,INFO,AuthService,Health check passed: AuthService,E102,Health check passed: {service}
29501,2026-01-12,08:43:09,INFO,WebServer,User u2497 login successful,E101,User {user} login successful
29502,2026-01-12,08:08:52,INFO,PaymentGateway,Health check passed: PaymentGateway,E102,Health check passed: {service}
29503,2026-01-12,08:23:42,INFO,WebServer,Transaction tx405110 completed in 336ms,E104,Transaction {tx} completed in {time}ms
29504,2026-01-12,08:37:50,INFO,WebServer,Transaction tx512036 completed in 1664ms,E104,Transaction {tx} completed in {time}ms
29505,2026-01-12,08:31:04,INFO,AuthService,Transaction tx604979 completed in 1903ms,E104,Transaction {tx} completed in {time}ms
29506,2026-01-12,08:56:07,INFO,OrderProcessor,User u1199 login successful,E101,User {user} login successful
29507,2026-01-12,08:44:54,INFO,WebServer,Transaction tx156802 completed in 1842ms,E104,Transaction {tx} completed in {time}ms
29508,2026-01-12,08:18:27,INFO,OrderProcessor,Health check passed: OrderProcessor,E102,Health check passed: {service}
29509,2026-01-12,08:26:56,INFO,WebServer,Transaction tx945897 completed in 1472ms,E104,Transaction {tx} completed in {time}ms
29510,2026-01-12,08:09:27,INFO,WebServer,Transaction tx339727 completed in 1027ms,E104,Transaction {tx} completed in {time}ms
29511,2026-01-12,08:58:11,CRITICAL,AuthService,KERNEL PANIC: Node node-4 crashed,E601,KERNEL PANIC: Node {node} crashed
29512,2026-01-12,08:50:35,INFO,WebServer,Transaction tx755687 completed in 1400ms,E104,Transaction {tx} completed in {time}ms
29513,2026-01-12,08:44:49,INFO,WebServer,Health check passed: WebServer,E102,Health check passed: {service}
29514,2026-01-12,08:24:33,INFO,WebServer,Health check passed: WebServer,E102,Health check passed: {service}
29515,2026-01-12,08:55:47,INFO,WebServer,Page view: /home by u2178,E103,Page view: {page} by {user}
29516,2026-01-12,08:19:41,INFO,WebServer,Transaction tx663755 completed in 1383ms,E104,Transaction {tx} completed in {time}ms
29517,2026-01-12,08:21:43,INFO,OrderProcessor,Page view: /home by u3836,E103,Page view: {page} by {user}
29518,2026-01-12,08:43:38,INFO,AuthService,Health check passed: AuthService,E102,Health check passed: {service}
29519,2026-01-12,08:03:45,INFO,WebServer,Transaction tx931618 completed in 1095ms,E104,Transaction {tx} completed in {time}ms
29520,2026-01-12,08:24:25,INFO,WebServer,Transaction tx885699 completed in 1177ms,E104,Transaction {tx} completed in {time}ms
29521,2026-01-12,08:23:47,WARN,WebServer,Disk usage > 85% on node node-1,E202,Disk usage > 85% on node {node}
29522,2026-01-12,08:38:32,INFO,PaymentGateway,Health check passed: PaymentGateway,E102,Health check passed: {service}
29523,2026-01-12,08:57:53,INFO,AuthService,User u3177 login successful,E101,User {user} login successful
29524,2026-01-12,08:04:16,INFO,WebServer,User u3293 login successful,E101,User {user} login successful
29525,2026-01-12,08:36:48,INFO,WebServer,Page view: /home by u3749,E103,Page view: {page} by {user}
29526,2026-01-12,08:45:20,INFO,WebServer,Transaction tx853608 completed in 1191ms,E104,Transaction {tx} completed in {time}ms
29527,2026-01-12,08:03:49,INFO,WebServer,User u4142 login successful,E101,User {user} login successful
29528,2026-01-12,08:17:30,INFO,OrderProcessor,Page view: /home by u4500,E103,Page view: {page} by {user}
29529,2026-01-12,08:19:47,INFO,WebServer,Page view: /home by u4469,E103,Page view: {page} by {user}
29530,2026-01-12,08:11:57,INFO,OrderProcessor,Page view: /home by u3474,E103,Page view: {page} by {user}
29531,2026-01-12,08:19:52,INFO,WebServer,Transaction tx631491 completed in 732ms,E104,Transaction {tx} completed in {time}ms
29532,2026-01-12,08:52:01,INFO,WebServer,Page view: /home by u1302,E103,Page view: {page} by {user}
29533,2026-01-12,08:03:35,INFO,WebServer,User u4629 login successful,E101,User {user} login successful
29534,2026-01-12,08:52:02,INFO,WebServer,Health check passed: WebServer,E102,Health check passed: {service}
29535,2026-01-12,08:36:58,INFO,WebServer,Transaction tx846355 completed in 163ms,E104,Transaction {tx} completed in {time}ms
29536,2026-01-12,08:12:10,INFO,WebServer,Health check passed: WebServer,E102,Health check passed: {service}
29537,2026-01-12,08:40:38,INFO,WebServer,Health check passed: WebServer,E102,Health check passed: {service}
29538,2026-01-12,08:20:59,INFO,AuthService,Transaction tx367247 completed in 1330ms,E104,Transaction {tx} completed in {time}ms
29539,2026-01-12,08:49:29,INFO,PaymentGateway,Transaction tx373808 completed in 1440ms,E104,Transaction {tx} completed in {time}ms
29540,2026-01-12,08:17:13,INFO,WebServer,User u4118 login successful,E101,User {user} login successful
29541,2026-01-12,08:46:22,INFO,PaymentGateway,User u4215 login successful,E101,User {user} login successful
29542,2026-01-12,08:24:07,INFO,WebServer,User u2285 login successful,E101,User {user} login successful
29543,2026-01-12,08:21:49,CRITICAL,WebServer,DATA CORRUPTION detected in sector 674,E602,DATA CORRUPTION detected in sector {sector}
29544,2026-01-12,08:59:14,INFO,WebServer,Page view: /home by u2099,E103,Page view: {page} by {user}
29545,2026-01-12,08:35:06,INFO,WebServer,User u4185 login successful,E101,User {user} login successful
29546,2026-01-12,08:50:40,INFO,WebServer,Page view: /home by u1367,E103,Page view: {page} by {user}
29547,2026-01-12,08:57:38,INFO,OrderProcessor,User u3777 login successful,E101,User {user} login successful
29548,2026-01-12,08:12:50,INFO,WebServer,Page view: /home by u1641,E103,Page view: {page} by {user}
29549,2026-01-12,08:28:32,INFO,WebServer,User u3357 login successful,E101,User {user} login successful
29550,2026-01-12,08:15:53,INFO,WebServer,Page view: /home by u3913,E103,Page view: {page} by {user}
29551,2026-01-12,08:49:14,INFO,OrderProcessor,Page view: /home by u1657,E103,Page view: {page} by {user}
29552,2026-01-12,08:50:28,INFO,WebServer,Health check passed: WebServer,E102,Health check passed: {service}
29553,2026-01-12,08:42:10,INFO,WebServer,Transaction tx486069 completed in 632ms,E104,Transaction {tx} completed in {time}ms
29554,2026-01-12,08:39:47,INFO,WebServer,User u2725 login successful,E101,User {user} login successful
29555,2026-01-12,08:23:14,INFO,WebServer,User u2507 login successful,E101,User {user} login successful
29556,2026-01-12,08:37:39,INFO,WebServer,Transaction tx504838 completed in 1823ms,E104,Transaction {tx} completed in {time}ms
29557,2026-01-12,08:46:13,INFO,WebServer,Page view: /home by u3701,E103,Page view: {page} by {user}
29558,2026-01-12,08:48:05,INFO,AuthService,Transaction tx823145 completed in 1052ms,E104,Transaction {tx} completed in {time}ms
29559,2026-01-12,08:34:29,INFO,WebServer,Transaction tx978638 completed in 403ms,E104,Transaction {tx} completed in {time}ms
29560,2026-01-12,08:27:29,INFO,WebServer,Transaction tx679255 completed in 1346ms,E104,Transaction {tx} completed in {time}ms
29561,2026-01-12,08:44:59,INFO,OrderProcessor,Page view: /home by u3663,E103,Page view: {page} by {user}
29562,2026-01-12,08:26:52,INFO,WebServer,Health check passed: WebServer,E102,Health check passed: {service}
29563,2026-01-12,08:08:03,INFO,WebServer,Page view: /home by u1745,E103,Page view: {page} by {user}
29564,2026-01-12,08:40:26,INFO,WebServer,Page view: /home by u2102,E103,Page view: {page} by {user}
29565,2026-01-12,08:37:39,INFO,WebServer,Transaction tx681813 completed in 1656ms,E104,Transaction {tx} completed in {time}ms
29566,2026-01-12,08:55:43,INFO,AuthService,Transaction tx571538 completed in 132ms,E104,Transaction {tx} completed in {time}ms
29567,2026-01-12,08:10:26,INFO,PaymentGateway,User u3140 login successful,E101,User {user} login successful
29568,2026-01-12,08:31:05,INFO,WebServer,Health check passed: WebServer,E102,Health check passed: {service}
29569,2026-01-12,08:19:10,INFO,WebServer,Page view: /home by u1197,E103,Page view: {page} by {user}
29570,2026-01-12,08:07:53,INFO,OrderProcessor,User u1785 login successful,E101,User {user} login successful
29571,2026-01-12,08:08:33,INFO,PaymentGateway,Page view: /home by u3468,E103,Page view: {page} by {user}
29572,2026-01-12,08:50:59,INFO,WebServer,User u3943 login successful,E101,User {user} login successful
29573,2026-01-12,08:29:35,INFO,WebServer,Health check passed: WebServer,E102,Health check passed: {service}
29574,2026-01-12,08:24:14,INFO,OrderProcessor,Transaction tx500257 completed in 1200ms,E104,Transaction {tx} completed in {time}ms
29575,2026-01-12,08:16:10,INFO,WebServer,Health check passed: WebServer,E102,Health check passed: {service}
29576,2026-01-12,08:54:24,INFO,WebServer,Page view: /home by u4576,E103,Page view: {page} by {user}
29577,2026-01-12,08:43:19,INFO,WebServer,Transaction tx102454 completed in 733ms,E104,Transaction {tx} completed in {time}ms
29578,2026-01-12,08:12:04,INFO,WebServer,Page view: /home by u3741,E103,Page view: {page} by {user}
29579,2026-01-12,08:09:23,INFO,OrderProcessor,Page view: /home by u3265,E103,Page view: {page} by {user}
29580,2026-01-12,08:45:25,INFO,WebServer,Page view: /home by u1403,E103,Page view: {page} by {user}
29581,2026-01-12,08:40:58,ERROR,OrderProcessor,Connection refused to OrderProcessor at 10.0.0.45,E501,Connection refused to {service} at {ip}
29582,2026-01-12,08:24:43,INFO,OrderProcessor,User u3245 login successful,E101,User {user} login successful
29583,2026-01-12,08:45:16,INFO,WebServer,Page view: /home by u4650,E103,Page view: {page} by {user}
29584,2026-01-12,08:57:13,INFO,WebServer,Health check passed: WebServer,E102,Health check passed: {service}
29585,2026-01-12,08:51:53,INFO,WebServer,Page view: /home by u1874,E103,Page view: {page} by {user}
29586,2026-01-12,08:29:05,INFO,AuthService,Page view: /home by u2123,E103,Page view: {page} by {user}
29587,2026-01-12,08:55:08,INFO,AuthService,Page view: /home by u2130,E103,Page view: {page} by {user}
29588,2026-01-12,08:52:44,INFO,WebServer,Health check passed: WebServer,E102,Health check passed: {service}
29589,2026-01-12,08:50:25,INFO,AuthService,Health check passed: AuthService,E102,Health check passed: {service}
29590,2026-01-12,08:50:15,INFO,OrderProcessor,Page view: /home by u1408,E103,Page view: {page} by {user}
29591,2026-01-12,08:26:26,INFO,WebServer,User u1432 login successful,E101,User {user} login successful
29592,2026-01-12,08:34:49,INFO,InventoryDB,Page view: /home by u3969,E103,Page view: {page} by {user}
29593,2026-01-12,08:23:25,INFO,WebServer,Page view: /home by u3058,E103,Page view: {page} by {user}
29594,2026-01-12,08:41:01,INFO,AuthService,Transaction tx619715 completed in 1560ms,E104,Transaction {tx} completed in {time}ms
29595,2026-01-12,08:52:39,INFO,OrderProcessor,Transaction tx767577 completed in 1568ms,E104,Transaction {tx} completed in {time}ms
29596,2026-01-12,08:16:22,INFO,WebServer,Transaction tx510605 completed in 1746ms,E104,Transaction {tx} completed in {time}ms
29597,2026-01-12,08:09:03,INFO,AuthService,User u2365 login successful,E101,User {user} login successful
29598,2026-01-12,08:17:21,INFO,WebServer,Health check passed: WebServer,E102,Health check passed: {service}
29599,2026-01-12,08:36:24,INFO,WebServer,Transaction tx115525 completed in 695ms,E104,Transaction {tx} completed in {time}ms
29600,2026-01-12,08:49:52,INFO,AuthService,User u1481 login successful,E101,User {user} login successful
29601,2026-01-12,08:10:17,WARN,WebServer,High latency (1873ms) detected on WebServer,E201,High latency ({time}ms) detected on {service}
29602,2026-01-12,08:53:29,WARN,OrderProcessor,High latency (312ms) detected on OrderProcessor,E201,High latency ({time}ms) detected on {service}
29603,2026-01-12,08:32:12,INFO,WebServer,Transaction tx173143 completed in 227ms,E104,Transaction {tx} completed in {time}ms
29604,2026-01-12,08:23:21,INFO,AuthService,Transaction tx218708 completed in 812ms,E104,Transaction {tx} completed in {time}ms
29605,2026-01-12,08:20:49,INFO,AuthService,User u4477 login successful,E101,User {user} login successful
29606,2026-01-12,08:41:55,INFO,WebServer,Transaction tx397704 completed in 87ms,E104,Transaction {tx} completed in {time}ms
29607,2026-01-12,08:50:39,INFO,AuthService,Page view: /home by u4589,E103,Page view: {page} by {user}
29608,2026-01-12,08:23:35,INFO,AuthService,Health check passed: AuthService,E102,Health check passed: {service}
29609,2026-01-12,08:17:36,INFO,AuthService,User u1320 login successful,E101,User {user} login successful
29610,2026-01-12,08:18:29,INFO,WebServer,Page view: /home by u3162,E103,Page view: {page} by {user}
29611,2026-01-12,08:55:55,INFO,OrderProcessor,User u3775 login successful,E101,User {user} login successful
29612,2026-01-12,08:36:51,INFO,WebServer,Page view: /home by u1003,E103,Page view: {page} by {user}
29613,2026-01-12,08:50:12,INFO,AuthService,Page view: /home by u4045,E103,Page view: {page} by {user}
29614,2026-01-12,08:39:35,INFO,OrderProcessor,Health check passed: OrderProcessor,E102,Health check passed: {service}
29615,2026-01-12,08:16:19,INFO,WebServer,User u1578 login successful,E101,User {user} login successful
29616,2026-01-12,08:19:30,INFO,InventoryDB,User u3338 login successful,E101,User {user} login successful
29617,2026-01-12,08:42:55,INFO,OrderProcessor,Health check passed: OrderProcessor,E102,Health check passed: {service}
29618,2026-01-12,08:18:26,INFO,OrderProcessor,Transaction tx696710 completed in 1641ms,E104,Transaction {tx} completed in {time}ms
29619,2026-01-12,08:16:03,CRITICAL,WebServer,DATA CORRUPTION detected in sector 433,E602,DATA CORRUPTION detected in sector {sector}
29620,2026-01-12,08:14:49,WARN,PaymentGateway,Disk usage > 85% on node node-5,E202,Disk usage > 85% on node {node}
29621,2026-01-12,08:00:59,INFO,WebServer,Transaction tx253596 completed in 426ms,E104,Transaction {tx} completed in {time}ms
29622,2026-01-12,08:20:21,INFO,WebServer,User u4742 login successful,E101,User {user} login successful
29623,2026-01-12,09:11:56,INFO,WebServer,User u2770 login successful,E101,User {user} login successful
29624,2026-01-12,09:50:51,INFO,WebServer,Health check passed: WebServer,E102,Health check passed: {service}
29625,2026-01-12,09:30:48,INFO,PaymentGateway,Health check passed: PaymentGateway,E102,Health check passed: {service}
29626,2026-01-12,09:06:02,WARN,AuthService,Disk usage > 85% on node node-1,E202,Disk usage > 85% on node {node}
29627,2026-01-12,09:37:40,INFO,AuthService,Transaction tx827569 completed in 1150ms,E104,Transaction {tx} completed in {time}ms
29628,2026-01-12,09:14:33,INFO,WebServer,Health check passed: WebServer,E102,Health check passed: {service}
29629,2026-01-12,09:31:55,INFO,InventoryDB,Page view: /home by u4415,E103,Page view: {page} by {user}
29630,2026-01-12,09:32:33,INFO,OrderProcessor,User u3274 login successful,E101,User {user} login successful
29631,2026-01-12,09:18:47,INFO,WebServer,Page view: /home by u2090,E103,Page view: {page} by {user}
29632,2026-01-12,09:49:50,INFO,WebServer,User u3332 login successful,E101,User {user} login successful
29633,2026-01-12,09:44:36,INFO,WebServer,Transaction tx715960 completed in 67ms,E104,Transaction {tx} completed in {time}ms
29634,2026-01-12,09:47:05,INFO,PaymentGateway,User u4148 login successful,E101,User {user} login successful
29635,2026-01-12,09:37:53,INFO,WebServer,Health check passed: WebServer,E102,Health check passed: {service}
29636,2026-01-12,09:19:39,WARN,PaymentGateway,High latency (756ms) detected on PaymentGateway,E201,High latency ({time}ms) detected on {service}
29637,2026-01-12,09:00:39,INFO,AuthService,Transaction tx967688 completed in 461ms,E104,Transaction {tx} completed in {time}ms
29638,2026-01-12,09:13:42,INFO,InventoryDB,Page view: /home by u3890,E103,Page view: {page} by {user}
29639,2026-01-12,09:04:01,INFO,AuthService,User u2318 login successful,E101,User {user} login successful
29640,2026-01-12,09:31:37,INFO,PaymentGateway,Page view: /home by u2059,E103,Page view: {page} by {user}
29641,2026-01-12,09:28:27,INFO,WebServer,User u1805 login successful,E101,User {user} login successful
29642,2026-01-12,09:26:42,INFO,AuthService,Health check passed: AuthService,E102,Health check passed: {service}
29643,2026-01-12,09:46:05,INFO,WebServer,Page view: /home by u2731,E103,Page view: {page} by {user}
29644,2026-01-12,09:09:45,INFO,AuthService,Health check passed: AuthService,E102,Health check passed: {service}
29645,2026-01-12,09:36:43,INFO,AuthService,User u1280 login successful,E101,User {user} login successful
29646,2026-01-12,09:29:39,INFO,WebServer,Health check passed: WebServer,E102,Health check passed: {service}
29647,2026-01-12,09:20:25,WARN,WebServer,Unauthorized access attempt from 10.0.0.45,E401,Unauthorized access attempt from {ip}
29648,2026-01-12,09:15:28,INFO,OrderProcessor,Transaction tx700518 completed in 1817ms,E104,Transaction {tx} completed in {time}ms
29649,2026-01-12,09:00:17,INFO,OrderProcessor,Health check passed: OrderProcessor,E102,Health check passed: {service}
29650,2026-01-12,09:55:53,WARN,AuthService,Unauthorized access attempt from 10.0.0.12,E401,Unauthorized access attempt from {ip}
29651,2026-01-12,09:09:59,CRITICAL,InventoryDB,KERNEL PANIC: Node node-3 crashed,E601,KERNEL PANIC: Node {node} crashed
29652,2026-01-12,09:28:13,INFO,OrderProcessor,Page view: /home by u3030,E103,Page view: {page} by {user}
29653,2026-01-12,09:09:48,INFO,AuthService,Page view: /home by u2502,E103,Page view: {page} by {user}
29654,2026-01-12,09:43:04,INFO,WebServer,User u2227 login successful,E101,User {user} login successful
29655,2026-01-12,09:01:01,INFO,AuthService,Page view: /home by u4880,E103,Page view: {page} by {user}
29656,2026-01-12,09:01:20,INFO,WebServer,Page view: /home by u2804,E103,Page view: {page} by {user}
29657,2026-01-12,09:58:25,INFO,AuthService,Health check passed: AuthService,E102,Health check passed: {service}
29658,2026-01-12,09:50:20,INFO,WebServer,Transaction tx659885 completed in 1293ms,E104,Transaction {tx} completed in {time}ms
29659,2026-01-12,09:44:44,INFO,WebServer,User u4302 login successful,E101,User {user} login successful
29660,2026-01-12,09:40:38,INFO,WebServer,Health check passed: WebServer,E102,Health check passed: {service}
29661,2026-01-12,09:25:44,INFO,WebServer,Transaction tx237147 completed in 1117ms,E104,Transaction {tx} completed in {time}ms
29662,2026-01-12,09:25:18,INFO,PaymentGateway,Transaction tx194112 completed in 1170ms,E104,Transaction {tx} completed in {time}ms
29663,2026-01-12,09:50:37,INFO,OrderProcessor,Transaction tx365913 completed in 1586ms,E104,Transaction {tx} completed in {time}ms
29664,2026-01-12,09:18:57,INFO,WebServer,User u1251 login successful,E101,User {user} login successful
29665,2026-01-12,09:28:26,INFO,PaymentGateway,Transaction tx324067 completed in 914ms,E104,Transaction {tx} completed in {time}ms
29666,2026-01-12,09:56:54,INFO,WebServer,Health check passed: WebServer,E102,Health check passed: {service}
29667,2026-01-12,09:16:16,INFO,AuthService,Health check passed: AuthService,E102,Health check passed: {service}
29668,2026-01-12,09:22:50,INFO,AuthService,Transaction tx351881 completed in 189ms,E104,Transaction {tx} completed in {time}ms
29669,2026-01-12,09:39:49,INFO,WebServer,User u3125 login successful,E101,User {user} login successful
29670,2026-01-12,09:55:50,INFO,WebServer,Page view: /home by u3728,E103,Page view: {page} by {user}
29671,2026-01-12,09:50:21,INFO,WebServer,Page view: /home by u2337,E103,Page view: {page} by {user}
29672,2026-01-12,09:44:38,INFO,AuthService,Transaction tx770151 completed in 1010ms,E104,Transaction {tx} completed in {time}ms
29673,2026-01-12,09:54:06,INFO,WebServer,Transaction tx706649 completed in 1722ms,E104,Transaction {tx} completed in {time}ms
29674,2026-01-12,09:41:19,INFO,PaymentGateway,Health check passed: PaymentGateway,E102,Health check passed: {service}
29675,2026-01-12,09:28:09,INFO,WebServer,User u2096 login successful,E101,User {user} login successful
29676,2026-01-12,09:33:06,INFO,WebServer,Transaction tx995619 completed in 113ms,E104,Transaction {tx} completed in {time}ms
29677,2026-01-12,09:04:23,INFO,InventoryDB,Transaction tx838605 completed in 1733ms,E104,Transaction {tx} completed in {time}ms
29678,2026-01-12,09:11:23,INFO,WebServer,User u3655 login successful,E101,User {user} login successful
29679,2026-01-12,09:16:36,INFO,PaymentGateway,User u1949 login successful,E101,User {user} login successful
29680,2026-01-12,09:42:38,INFO,WebServer,Transaction tx981403 completed in 986ms,E104,Transaction {tx} completed in {time}ms
29681,2026-01-12,09:54:54,WARN,WebServer,Unauthorized access attempt from 10.0.0.45,E401,Unauthorized access attempt from {ip}
29682,2026-01-12,09:11:38,INFO,WebServer,Health check passed: WebServer,E102,Health check passed: {service}
29683,2026-01-12,09:52:48,INFO,OrderProcessor,Page view: /home by u4895,E103,Page view: {page} by {user}
29684,2026-01-12,09:39:07,INFO,AuthService,Health check passed: AuthService,E102,Health check passed: {service}
29685,2026-01-12,09:56:58,INFO,WebServer,User u2720 login successful,E101,User {user} login successful
29686,2026-01-12,09:48:21,INFO,AuthService,Health check passed: AuthService,E102,Health check passed: {service}
29687,2026-01-12,09:17:40,INFO,OrderProcessor,Transaction tx557692 completed in 212ms,E104,Transaction {tx} completed in {time}ms
29688,2026-01-12,09:30:39,INFO,OrderProcessor,User u2410 login successful,E101,User {user} login successful
29689,2026-01-12,09:39:26,INFO,WebServer,Page view: /home by u4278,E103,Page view: {page} by {user}
29690,2026-01-12,09:38:13,ERROR,InventoryDB,Timeout waiting for lock on InventoryDB,E502,Timeout waiting for lock on {db}
29691,2026-01-12,09:23:22,INFO,AuthService,User u1437 login successful,E101,User {user} login successful
29692,2026-01-12,09:47:54,INFO,OrderProcessor,User u4603 login successful,E101,User {user} login successful
29693,2026-01-12,09:11:12,INFO,WebServer,Transaction tx653651 completed in 391ms,E104,Transaction {tx} completed in {time}ms
29694,2026-01-12,09:43:50,INFO,PaymentGateway,User u2140 login successful,E101,User {user} login successful
29695,2026-01-12,09:20:19,INFO,OrderProcessor,Health check passed: OrderProcessor,E102,Health check passed: {service}
29696,2026-01-12,09:06:34,INFO,InventoryDB,Transaction tx537270 completed in 654ms,E104,Transaction {tx} completed in {time}ms
29697,2026-01-12,09:26:36,INFO,WebServer,Page view: /home by u2346,E103,Page view: {page} by {user}
29698,2026-01-12,09:34:46,INFO,WebServer,Health check passed: WebServer,E102,Health check passed: {service}
29699,2026-01-12,09:32:14,INFO,PaymentGateway,User u1241 login successful,E101,User {user} login successful
29700,2026-01-12,09:17:17,INFO,PaymentGateway,Page view: /home by u2640,E103,Page view: {page} by {user}
29701,2026-01-12,09:11:52,INFO,AuthService,Transaction tx955931 completed in 1537ms,E104,Transaction {tx} completed in {time}ms
29702,2026-01-12,09:20:21,INFO,WebServer,Page view: /home by u1937,E103,Page view: {page} by {user}
29703,2026-01-12,09:49:03,INFO,WebServer,Transaction tx416051 completed in 134ms,E104,Transaction {tx} completed in {time}ms
29704,2026-01-12,09:55:08,INFO,WebServer,User u3983 login successful,E101,User {user} login successful
29705,2026-01-12,09:47:48,INFO,WebServer,Transaction tx731009 completed in 798ms,E104,Transaction {tx} completed in {time}ms
29706,2026-01-12,09:37:18,INFO,OrderProcessor,Transaction tx679241 completed in 1371ms,E104,Transaction {tx} completed in {time}ms
29707,2026-01-12,09:48:13,INFO,PaymentGateway,Page view: /home by u1439,E103,Page view: {page} by {user}
29708,2026-01-12,09:16:04,WARN,WebServer,Unauthorized access attempt from 10.0.0.45,E401,Unauthorized access attempt from {ip}
29709,2026-01-12,09:49:59,INFO,AuthService,Page view: /home by u4968,E103,Page view: {page} by {user}
29710,2026-01-12,09:42:33,INFO,WebServer,Health check passed: WebServer,E102,Health check passed: {service}
29711,2026-01-12,09:19:22,INFO,OrderProcessor,Page view: /home by u2036,E103,Page view: {page} by {user}
29712,2026-01-12,09:34:58,INFO,PaymentGateway,User u2642 login successful,E101,User {user} login successful
29713,2026-01-12,09:09:34,INFO,AuthService,Health check passed: AuthService,E102,Health check passed: {service}
29714,2026-01-12,09:28:26,INFO,InventoryDB,Health check passed: InventoryDB,E102,Health check passed: {service}
29715,2026-01-12,09:50:58,INFO,OrderProcessor,Transaction tx668475 completed in 313ms,E104,Transaction {tx} completed in {time}ms
29716,2026-01-12,09:55:51,WARN,PaymentGateway,Unauthorized access attempt from 10.0.0.45,E401,Unauthorized access attempt from {ip}
29717,2026-01-12,09:13:53,INFO,PaymentGateway,Health check passed: PaymentGateway,E102,Health check passed: {service}
29718,2026-01-12,09:58:16,INFO,PaymentGateway,Health check passed: PaymentGateway,E102,Health check passed: {service}
29719,2026-01-12,09:52:09,INFO,WebServer,User u3250 login successful,E101,User {user} login successful
29720,2026-01-12,09:39:37,INFO,WebServer,Transaction tx785803 completed in 831ms,E104,Transaction {tx} completed in {time}ms
29721,2026-01-12,09:15:38,INFO,OrderProcessor,Transaction tx621438 completed in 757ms,E104,Transaction {tx} completed in {time}ms
29722,2026-01-12,09:38:46,INFO,WebServer,User u1281 login successful,E101,User {user} login successful
29723,2026-01-12,09:18:31,INFO,InventoryDB,Transaction tx367271 completed in 1085ms,E104,Transaction {tx} completed in {time}ms
29724,2026-01-12,09:44:45,WARN,WebServer,Unauthorized access attempt from 10.0.0.45,E401,Unauthorized access attempt from {ip}
29725,2026-01-12,09:51:27,INFO,OrderProcessor,Health check passed: OrderProcessor,E102,Health check passed: {service}
29726,2026-01-12,09:47:28,INFO,WebServer,User u4962 login successful,E101,User {user} login successful
29727,2026-01-12,09:10:26,INFO,OrderProcessor,Page view: /home by u2615,E103,Page view: {page} by {user}
29728,2026-01-12,09:09:12,INFO,WebServer,User u3331 login successful,E101,User {user} login successful
29729,2026-01-12,09:04:59,INFO,PaymentGateway,User u2296 login successful,E101,User {user} login successful
29730,2026-01-12,09:17:49,INFO,WebServer,Transaction tx322248 completed in 1885ms,E104,Transaction {tx} completed in {time}ms
29731,2026-01-12,09:42:35,ERROR,WebServer,Timeout waiting for lock on InventoryDB,E502,Timeout waiting for lock on {db}
29732,2026-01-12,09:25:33,INFO,OrderProcessor,Health check passed: OrderProcessor,E102,Health check passed: {service}
29733,2026-01-12,09:57:07,INFO,WebServer,Page view: /home by u4120,E103,Page view: {page} by {user}
29734,2026-01-12,09:46:20,INFO,WebServer,Transaction tx267957 completed in 1311ms,E104,Transaction {tx} completed in {time}ms
29735,2026-01-12,09:58:45,INFO,OrderProcessor,Page view: /home by u1239,E103,Page view: {page} by {user}
29736,2026-01-12,09:52:26,INFO,AuthService,Health check passed: AuthService,E102,Health check passed: {service}
29737,2026-01-12,09:33:12,INFO,OrderProcessor,User u3287 login successful,E101,User {user} login successful
29738,2026-01-12,09:45:07,WARN,WebServer,High latency (361ms) detected on WebServer,E201,High latency ({time}ms) detected on {service}
29739,2026-01-12,09:15:46,INFO,WebServer,Transaction tx736893 completed in 823ms,E104,Transaction {tx} completed in {time}ms
29740,2026-01-12,09:26:59,INFO,WebServer,Page view: /home by u4807,E103,Page view: {page} by {user}
29741,2026-01-12,09:52:12,ERROR,WebServer,Connection refused to WebServer at 10.0.0.10,E501,Connection refused to {service} at {ip}
29742,2026-01-12,09:08:38,INFO,WebServer,Health check passed: WebServer,E102,Health check passed: {service}
29743,2026-01-12,09:38:06,INFO,OrderProcessor,User u2560 login successful,E101,User {user} login successful
29744,2026-01-12,09:11:26,INFO,AuthService,Page view: /home by u4086,E103,Page view: {page} by {user}
29745,2026-01-12,09:18:45,INFO,WebServer,Page view: /home by u3877,E103,Page view: {page} by {user}
29746,2026-01-12,09:54:27,INFO,WebServer,User u3449 login successful,E101,User {user} login successful
29747,2026-01-12,09:31:00,INFO,WebServer,Health check passed: WebServer,E102,Health check passed: {service}
29748,2026-01-12,09:05:10,INFO,WebServer,User u2578 login successful,E101,User {user} login successful
29749,2026-01-12,09:52:27,INFO,WebServer,Health check passed: WebServer,E102,Health check passed: {service}
29750,2026-01-12,09:43:37,INFO,PaymentGateway,Transaction tx696919 completed in 906ms,E104,Transaction {tx} completed in {time}ms
29751,2026-01-12,09:29:40,INFO,OrderProcessor,Health check passed: OrderProcessor,E102,Health check passed: {service}
29752,2026-01-12,09:07:02,INFO,WebServer,Page view: /home by u3754,E103,Page view: {page} by {user}
29753,2026-01-12,09:24:20,INFO,PaymentGateway,User u3878 login successful,E101,User {user} login successful
29754,2026-01-12,09:53:45,INFO,PaymentGateway,Page view: /home by u1708,E103,Page view: {page} by {user}
29755,2026-01-12,09:10:43,INFO,PaymentGateway,Page view: /home by u2864,E103,Page view: {page} by {user}
29756,2026-01-12,09:39:21,INFO,WebServer,User u3406 login successful,E101,User {user} login successful
29757,2026-01-12,09:12:40,INFO,InventoryDB,User u2570 login successful,E101,User {user} login successful
29758,2026-01-12,09:42:05,INFO,AuthService,Health check passed: AuthService,E102,Health check passed: {service}
29759,2026-01-12,09:13:36,INFO,PaymentGateway,Health check passed: PaymentGateway,E102,Health check passed: {service}
29760,2026-01-12,09:43:20,INFO,OrderProcessor,User u2954 login successful,E101,User {user} login successful
29761,2026-01-12,09:23:31,INFO,WebServer,Health check passed: WebServer,E102,Health check passed: {service}
29762,2026-01-12,09:17:53,INFO,WebServer,Page view: /home by u4710,E103,Page view: {page} by {user}
29763,2026-01-12,09:34:03,INFO,WebServer,Health check passed: WebServer,E102,Health check passed: {service}
29764,2026-01-12,09:09:08,INFO,OrderProcessor,Transaction tx599744 completed in 341ms,E104,Transaction {tx} completed in {time}ms
29765,2026-01-12,09:03:43,INFO,OrderProcessor,Page view: /home by u3487,E103,Page view: {page} by {user}
29766,2026-01-12,09:06:37,WARN,WebServer,High latency (670ms) detected on WebServer,E201,High latency ({time}ms) detected on {service}
29767,2026-01-12,09:29:23,INFO,OrderProcessor,Page view: /home by u3898,E103,Page view: {page} by {user}
29768,2026-01-12,09:49:51,INFO,OrderProcessor,Health check passed: OrderProcessor,E102,Health check passed: {service}
29769,2026-01-12,09:09:47,INFO,AuthService,Transaction tx362873 completed in 1935ms,E104,Transaction {tx} completed in {time}ms
29770,2026-01-12,09:38:06,INFO,WebServer,Page view: /home by u4380,E103,Page view: {page} by {user}
29771,2026-01-12,09:18:46,INFO,WebServer,Page view: /home by u4565,E103,Page view: {page} by {user}
29772,2026-01-12,09:01:42,INFO,WebServer,Health check passed: WebServer,E102,Health check passed: {service}
29773,2026-01-12,09:21:55,INFO,AuthService,User u3739 login successful,E101,User {user} login successful
29774,2026-01-12,09:17:27,INFO,OrderProcessor,User u2405 login successful,E101,User {user} login successful
29775,2026-01-12,09:09:00,INFO,PaymentGateway,Health check passed: PaymentGateway,E102,Health check passed: {service}
29776,2026-01-12,09:02:16,INFO,WebServer,Page view: /home by u4274,E103,Page view: {page} by {user}
29777,2026-01-12,09:15:20,INFO,AuthService,User u4715 login successful,E101,User {user} login successful
29778,2026-01-12,09:20:21,INFO,WebServer,Health check passed: WebServer,E102,Health check passed: {service}
29779,2026-01-12,09:44:29,WARN,PaymentGateway,High latency (256ms) detected on PaymentGateway,E201,High latency ({time}ms) detected on {service}
29780,2026-01-12,09:19:06,INFO,PaymentGateway,Transaction tx884693 completed in 28ms,E104,Transaction {tx} completed in {time}ms
29781,2026-01-12,09:15:07,INFO,WebServer,Transaction tx725628 completed in 914ms,E104,Transaction {tx} completed in {time}ms
29782,2026-01-12,09:45:46,INFO,AuthService,Health check passed: AuthService,E102,Health check passed: {service}
29783,2026-01-12,09:35:57,INFO,WebServer,Page view: /home by u3689,E103,Page view: {page} by {user}
29784,2026-01-12,09:04:14,INFO,WebServer,User u2842 login successful,E101,User {user} login successful
29785,2026-01-12,09:18:49,INFO,WebServer,Transaction tx325677 completed in 28ms,E104,Transaction {tx} completed in {time}ms
29786,2026-01-12,09:54:53,INFO,WebServer,User u4588 login successful,E101,User {user} login successful
29787,2026-01-12,09:30:24,INFO,WebServer,Health check passed: WebServer,E102,Health check passed: {service}
29788,2026-01-12,09:07:52,INFO,WebServer,Page view: /home by u2703,E103,Page view: {page} by {user}
29789,2026-01-12,09:08:10,INFO,OrderProcessor,Health check passed: OrderProcessor,E102,Health check passed: {service}
29790,2026-01-12,09:12:57,INFO,OrderProcessor,User u3450 login successful,E101,User {user} login successful
29791,2026-01-12,09:32:54,INFO,WebServer,Health check passed: WebServer,E102,Health check passed: {service}
29792,2026-01-12,09:57:38,INFO,InventoryDB,Page view: /home by u4993,E103,Page view: {page} by {user}
29793,2026-01-12,09:25:18,INFO,WebServer,User u4898 login successful,E101,User {user} login successful
29794,2026-01-12,09:18:44,INFO,WebServer,Page view: /home by u4754,E103,Page view: {page} by {user}
29795,2026-01-12,09:07:22,INFO,WebServer,User u2737 login successful,E101,User {user} login successful
29796,2026-01-12,09:17:19,INFO,WebServer,Transaction tx468170 completed in 1285ms,E104,Transaction {tx} completed in {time}ms
29797,2026-01-12,09:58:13,INFO,OrderProcessor,Transaction tx366240 completed in 1727ms,E104,Transaction {tx} completed in {time}ms
29798,2026-01-12,09:44:40,INFO,WebServer,Health check passed: WebServer,E102,Health check passed: {service}
29799,2026-01-12,09:49:05,INFO,WebServer,User u4042 login successful,E101,User {user} login successful
29800,2026-01-12,09:34:47,INFO,WebServer,User u1686 login successful,E101,User {user} login successful
29801,2026-01-12,09:29:38,CRITICAL,OrderProcessor,DATA CORRUPTION detected in sector 903,E602,DATA CORRUPTION detected in sector {sector}
29802,2026-01-12,09:11:54,WARN,OrderProcessor,Disk usage > 85% on node node-2,E202,Disk usage > 85% on node {node}
29803,2026-01-12,09:53:01,INFO,WebServer,Transaction tx607227 completed in 593ms,E104,Transaction {tx} completed in {time}ms
29804,2026-01-12,09:25:35,INFO,WebServer,Health check passed: WebServer,E102,Health check passed: {service}
29805,2026-01-12,09:11:09,INFO,WebServer,Transaction tx651277 completed in 1358ms,E104,Transaction {tx} completed in {time}ms
29806,2026-01-12,09:18:36,INFO,WebServer,User u2461 login successful,E101,User {user} login successful
29807,2026-01-12,09:40:30,INFO,WebServer,Transaction tx536472 completed in 659ms,E104,Transaction {tx} completed in {time}ms
29808,2026-01-12,09:27:00,INFO,WebServer,Health check passed: WebServer,E102,Health check passed: {service}
29809,2026-01-12,09:12:39,INFO,WebServer,Page view: /home by u3965,E103,Page view: {page} by {user}
29810,2026-01-12,09:42:40,INFO,WebServer,User u2051 login successful,E101,User {user} login successful
29811,2026-01-12,09:42:46,INFO,WebServer,Health check passed: WebServer,E102,Health check passed: {service}
29812,2026-01-12,09:44:57,INFO,AuthService,Page view: /home by u2279,E103,Page view: {page} by {user}
29813,2026-01-12,09:57:52,INFO,WebServer,Health check passed: WebServer,E102,Health check passed: {service}
29814,2026-01-12,09:00:01,INFO,WebServer,Transaction tx795368 completed in 1174ms,E104,Transaction {tx} completed in {time}ms
29815,2026-01-12,09:45:25,INFO,WebServer,Page view: /home by u1058,E103,Page view: {page} by {user}
29816,2026-01-12,09:23:08,INFO,WebServer,Transaction tx713784 completed in 789ms,E104,Transaction {tx} completed in {time}ms
29817,2026-01-12,09:25:54,INFO,WebServer,User u1855 login successful,E101,User {user} login successful
29818,2026-01-12,09:27:24,INFO,WebServer,Transaction tx247182 completed in 736ms,E104,Transaction {tx} completed in {time}ms
29819,2026-01-12,09:19:56,INFO,PaymentGateway,Transaction tx514249 completed in 382ms,E104,Transaction {tx} completed in {time}ms
29820,2026-01-12,09:08:16,INFO,InventoryDB,User u1668 login successful,E101,User {user} login successful
29821,2026-01-12,09:38:22,INFO,WebServer,Page view: /home by u1457,E103,Page view: {page} by {user}
29822,2026-01-12,09:10:23,INFO,OrderProcessor,Page view: /home by u1092,E103,Page view: {page} by {user}
29823,2026-01-12,09:15:54,INFO,OrderProcessor,User u3784 login successful,E101,User {user} login successful
29824,2026-01-12,09:31:14,INFO,OrderProcessor,Health check passed: OrderProcessor,E102,Health check passed: {service}
29825,2026-01-12,09:19:14,INFO,WebServer,User u1749 login successful,E101,User {user} login successful
29826,2026-01-12,09:51:42,INFO,AuthService,Transaction tx814730 completed in 301ms,E104,Transaction {tx} completed in {time}ms
29827,2026-01-12,09:41:07,INFO,WebServer,Page view: /home by u3870,E103,Page view: {page} by {user}
29828,2026-01-12,09:31:26,INFO,PaymentGateway,Page view: /home by u4090,E103,Page view: {page} by {user}
29829,2026-01-12,09:33:34,INFO,AuthService,Transaction tx195877 completed in 649ms,E104,Transaction {tx} completed in {time}ms
29830,2026-01-12,09:48:05,INFO,AuthService,Health check passed: AuthService,E102,Health check passed: {service}
29831,2026-01-12,09:50:45,WARN,WebServer,High latency (523ms) detected on WebServer,E201,High latency ({time}ms) detected on {service}
29832,2026-01-12,09:27:14,INFO,AuthService,Page view: /home by u4249,E103,Page view: {page} by {user}
29833,2026-01-12,09:14:59,INFO,WebServer,Page view: /home by u3218,E103,Page view: {page} by {user}
29834,2026-01-12,09:12:07,INFO,WebServer,Page view: /home by u1332,E103,Page view: {page} by {user}
29835,2026-01-12,09:18:44,INFO,WebServer,Health check passed: WebServer,E102,Health check passed: {service}
29836,2026-01-12,09:25:30,INFO,OrderProcessor,User u2361 login successful,E101,User {user} login successful
29837,2026-01-12,09:03:49,INFO,AuthService,Transaction tx402090 completed in 41ms,E104,Transaction {tx} completed in {time}ms
29838,2026-01-12,09:50:57,INFO,PaymentGateway,Transaction tx734791 completed in 1484ms,E104,Transaction {tx} completed in {time}ms
29839,2026-01-12,09:10:45,INFO,WebServer,Transaction tx453065 completed in 135ms,E104,Transaction {tx} completed in {time}ms
29840,2026-01-12,09:26:24,INFO,WebServer,Health check passed: WebServer,E102,Health check passed: {service}
29841,2026-01-12,09:21:13,INFO,AuthService,User u2869 login successful,E101,User {user} login successful
29842,2026-01-12,09:43:21,WARN,InventoryDB,Unauthorized access attempt from 10.0.0.45,E401,Unauthorized access attempt from {ip}
29843,2026-01-12,09:45:35,INFO,WebServer,Page view: /home by u4062,E103,Page view: {page} by {user}
29844,2026-01-12,09:24:31,INFO,WebServer,User u1078 login successful,E101,User {user} login successful
29845,2026-01-12,09:59:45,INFO,WebServer,Transaction tx582633 completed in 1004ms,E104,Transaction {tx} completed in {time}ms
29846,2026-01-12,09:28:01,INFO,WebServer,User u1526 login successful,E101,User {user} login successful
29847,2026-01-12,09:37:21,INFO,WebServer,Page view: /home by u3610,E103,Page view: {page} by {user}
29848,2026-01-12,09:42:56,INFO,WebServer,User u4940 login successful,E101,User {user} login successful
29849,2026-01-12,09:40:18,INFO,OrderProcessor,Page view: /home by u4451,E103,Page view: {page} by {user}
29850,2026-01-12,09:08:38,INFO,AuthService,Transaction tx605253 completed in 500ms,E104,Transaction {tx} completed in {time}ms
29851,2026-01-12,09:13:55,INFO,WebServer,User u4972 login successful,E101,User {user} login successful
29852,2026-01-12,09:41:43,INFO,WebServer,Transaction tx296655 completed in 1124ms,E104,Transaction {tx} completed in {time}ms
29853,2026-01-12,09:37:15,WARN,WebServer,High latency (103ms) detected on WebServer,E201,High latency ({time}ms) detected on {service}
29854,2026-01-12,09:48:12,INFO,AuthService,User u4745 login successful,E101,User {user} login successful
29855,2026-01-12,09:32:04,INFO,PaymentGateway,Page view: /home by u3162,E103,Page view: {page} by {user}
29856,2026-01-12,09:00:10,INFO,OrderProcessor,Transaction tx857876 completed in 1273ms,E104,Transaction {tx} completed in {time}ms
29857,2026-01-12,09:24:55,INFO,WebServer,Transaction tx447676 completed in 141ms,E104,Transaction {tx} completed in {time}ms
29858,2026-01-12,09:12:05,INFO,AuthService,Transaction tx510692 completed in 139ms,E104,Transaction {tx} completed in {time}ms
29859,2026-01-12,09:12:23,INFO,WebServer,User u4933 login successful,E101,User {user} login successful
29860,2026-01-12,09:15:24,INFO,AuthService,Transaction tx328782 completed in 1471ms,E104,Transaction {tx} completed in {time}ms
29861,2026-01-12,09:29:43,INFO,OrderProcessor,Health check passed: OrderProcessor,E102,Health check passed: {service}
29862,2026-01-12,09:51:30,INFO,WebServer,Health check passed: WebServer,E102,Health check passed: {service}
29863,2026-01-12,09:40:31,INFO,AuthService,Page view: /home by u4952,E103,Page view: {page} by {user}
29864,2026-01-12,09:57:49,INFO,PaymentGateway,Page view: /home by u4197,E103,Page view: {page} by {user}
29865,2026-01-12,09:31:42,INFO,OrderProcessor,Health check passed: OrderProcessor,E102,Health check passed: {service}
29866,2026-01-12,09:16:30,INFO,PaymentGateway,Transaction tx292728 completed in 222ms,E104,Transaction {tx} completed in {time}ms
29867,2026-01-12,09:09:19,INFO,PaymentGateway,Transaction tx381437 completed in 849ms,E104,Transaction {tx} completed in {time}ms
29868,2026-01-12,09:38:16,INFO,WebServer,User u4870 login successful,E101,User {user} login successful
29869,2026-01-12,09:53:06,INFO,AuthService,Page view: /home by u1186,E103,Page view: {page} by {user}
29870,2026-01-12,09:11:30,INFO,AuthService,User u3386 login successful,E101,User {user} login successful
29871,2026-01-12,09:10:48,WARN,AuthService,Disk usage > 85% on node node-1,E202,Disk usage > 85% on node {node}
29872,2026-01-12,09:17:43,INFO,InventoryDB,Transaction tx321519 completed in 1231ms,E104,Transaction {tx} completed in {time}ms
29873,2026-01-12,09:02:14,INFO,WebServer,Transaction tx915168 completed in 590ms,E104,Transaction {tx} completed in {time}ms
29874,2026-01-12,09:46:17,WARN,WebServer,High latency (749ms) detected on WebServer,E201,High latency ({time}ms) detected on {service}
29875,2026-01-12,09:05:14,INFO,WebServer,User u4447 login successful,E101,User {user} login successful
29876,2026-01-12,09:06:17,INFO,OrderProcessor,Transaction tx982579 completed in 1275ms,E104,Transaction {tx} completed in {time}ms
29877,2026-01-12,09:40:53,INFO,OrderProcessor,Transaction tx222025 completed in 1115ms,E104,Transaction {tx} completed in {time}ms
29878,2026-01-12,09:01:04,INFO,WebServer,Health check passed: WebServer,E102,Health check passed: {service}
29879,2026-01-12,09:10:14,WARN,WebServer,Disk usage > 85% on node node-3,E202,Disk usage > 85% on node {node}
29880,2026-01-12,09:54:19,INFO,WebServer,Health check passed: WebServer,E102,Health check passed: {service}
29881,2026-01-12,09:20:35,INFO,WebServer,Health check passed: WebServer,E102,Health check passed: {service}
29882,2026-01-12,09:23:04,ERROR,AuthService,Timeout waiting for lock on InventoryDB,E502,Timeout waiting for lock on {db}
29883,2026-01-12,09:57:40,WARN,AuthService,Disk usage > 85% on node node-5,E202,Disk usage > 85% on node {node}
29884,2026-01-12,09:21:01,INFO,InventoryDB,Health check passed: InventoryDB,E102,Health check passed: {service}
29885,2026-01-12,09:18:46,INFO,AuthService,User u2243 login successful,E101,User {user} login successful
29886,2026-01-12,09:17:08,INFO,WebServer,Health check passed: WebServer,E102,Health check passed: {service}
29887,2026-01-12,09:30:18,INFO,WebServer,Transaction tx654903 completed in 1989ms,E104,Transaction {tx} completed in {time}ms
29888,2026-01-12,09:19:47,INFO,OrderProcessor,Page view: /home by u1926,E103,Page view: {page} by {user}
29889,2026-01-12,09:39:37,INFO,WebServer,Page view: /home by u2039,E103,Page view: {page} by {user}
29890,2026-01-12,09:46:31,INFO,OrderProcessor,Health check passed: OrderProcessor,E102,Health check passed: {service}
29891,2026-01-12,09:23:46,INFO,OrderProcessor,Health check passed: OrderProcessor,E102,Health check passed: {service}
29892,2026-01-12,09:17:16,INFO,WebServer,Transaction tx997915 completed in 1036ms,E104,Transaction {tx} completed in {time}ms
29893,2026-01-12,09:10:12,INFO,WebServer,User u1118 login successful,E101,User {user} login successful
29894,2026-01-12,09:32:04,INFO,AuthService,Health check passed: AuthService,E102,Health check passed: {service}
29895,2026-01-12,09:33:48,INFO,WebServer,Page view: /home by u4837,E103,Page view: {page} by {user}
29896,2026-01-12,09:11:37,INFO,WebServer,User u1097 login successful,E101,User {user} login successful
29897,2026-01-12,09:19:48,INFO,AuthService,Page view: /home by u2460,E103,Page view: {page} by {user}
29898,2026-01-12,09:53:09,INFO,WebServer,User u3980 login successful,E101,User {user} login successful
29899,2026-01-12,09:18:46,INFO,AuthService,User u2195 login successful,E101,User {user} login successful
29900,2026-01-12,09:11:40,INFO,WebServer,User u3523 login successful,E101,User {user} login successful
29901,2026-01-12,09:22:32,INFO,WebServer,Page view: /home by u3064,E103,Page view: {page} by {user}
29902,2026-01-12,09:42:03,INFO,WebServer,Transaction tx766167 completed in 1356ms,E104,Transaction {tx} completed in {time}ms
29903,2026-01-12,09:38:12,INFO,InventoryDB,User u1692 login successful,E101,User {user} login successful
29904,2026-01-12,09:58:42,INFO,OrderProcessor,Transaction tx732103 completed in 1171ms,E104,Transaction {tx} completed in {time}ms
29905,2026-01-12,09:30:43,INFO,WebServer,Page view: /home by u1475,E103,Page view: {page} by {user}
29906,2026-01-12,09:39:36,INFO,WebServer,Transaction tx395597 completed in 1560ms,E104,Transaction {tx} completed in {time}ms
29907,2026-01-12,09:22:15,INFO,WebServer,Transaction tx801140 completed in 646ms,E104,Transaction {tx} completed in {time}ms
29908,2026-01-12,09:56:23,INFO,WebServer,Health check passed: WebServer,E102,Health check passed: {service}
29909,2026-01-12,09:11:14,INFO,PaymentGateway,User u3499 login successful,E101,User {user} login successful
29910,2026-01-12,09:33:29,WARN,WebServer,Disk usage > 85% on node node-1,E202,Disk usage > 85% on node {node}
29911,2026-01-12,09:48:03,INFO,WebServer,User u2966 login successful,E101,User {user} login successful
29912,2026-01-12,09:25:50,INFO,WebServer,User u3728 login successful,E101,User {user} login successful
29913,2026-01-12,09:08:33,INFO,WebServer,Page view: /home by u3479,E103,Page view: {page} by {user}
29914,2026-01-12,09:05:29,INFO,AuthService,User u1474 login successful,E101,User {user} login successful
29915,2026-01-12,09:50:45,WARN,AuthService,High latency (1123ms) detected on AuthService,E201,High latency ({time}ms) detected on {service}
29916,2026-01-12,09:04:18,INFO,OrderProcessor,User u1957 login successful,E101,User {user} login successful
29917,2026-01-12,09:29:44,INFO,WebServer,Page view: /home by u3285,E103,Page view: {page} by {user}
29918,2026-01-12,09:05:19,INFO,OrderProcessor,Health check passed: OrderProcessor,E102,Health check passed: {service}
29919,2026-01-12,09:47:59,INFO,OrderProcessor,Page view: /home by u2294,E103,Page view: {page} by {user}
29920,2026-01-12,09:01:55,INFO,OrderProcessor,Health check passed: OrderProcessor,E102,Health check passed: {service}
29921,2026-01-12,09:00:05,INFO,WebServer,Page view: /home by u2267,E103,Page view: {page} by {user}
29922,2026-01-12,09:44:12,INFO,WebServer,User u4927 login successful,E101,User {user} login successful
29923,2026-01-12,09:25:54,INFO,WebServer,Transaction tx761923 completed in 1619ms,E104,Transaction {tx} completed in {time}ms
29924,2026-01-12,09:39:25,INFO,AuthService,User u4790 login successful,E101,User {user} login successful
29925,2026-01-12,09:00:03,INFO,AuthService,Health check passed: AuthService,E102,Health check passed: {service}
29926,2026-01-12,09:13:53,INFO,WebServer,Transaction tx259507 completed in 1125ms,E104,Transaction {tx} completed in {time}ms
29927,2026-01-12,09:11:51,INFO,WebServer,Health check passed: WebServer,E102,Health check passed: {service}
29928,2026-01-12,09:26:15,INFO,OrderProcessor,Transaction tx266681 completed in 705ms,E104,Transaction {tx} completed in {time}ms
29929,2026-01-12,09:46:50,INFO,OrderProcessor,Page view: /home by u2019,E103,Page view: {page} by {user}
29930,2026-01-12,09:47:31,INFO,PaymentGateway,Health check passed: PaymentGateway,E102,Health check passed: {service}
29931,2026-01-12,09:49:46,INFO,WebServer,User u4355 login successful,E101,User {user} login successful
29932,2026-01-12,09:52:09,ERROR,WebServer,Connection refused to WebServer at 10.0.0.45,E501,Connection refused to {service} at {ip}
29933,2026-01-12,09:35:57,INFO,WebServer,User u2133 login successful,E101,User {user} login successful
29934,2026-01-12,09:35:05,INFO,PaymentGateway,Page view: /home by u2436,E103,Page view: {page} by {user}
29935,2026-01-12,09:16:59,INFO,AuthService,Health check passed: AuthService,E102,Health check passed: {service}
29936,2026-01-12,09:03:48,INFO,OrderProcessor,User u4409 login successful,E101,User {user} login successful
29937,2026-01-12,09:49:18,INFO,OrderProcessor,User u4384 login successful,E101,User {user} login successful
29938,2026-01-12,09:53:38,WARN,AuthService,Disk usage > 85% on node node-4,E202,Disk usage > 85% on node {node}
29939,2026-01-12,09:50:36,INFO,WebServer,Page view: /home by u1015,E103,Page view: {page} by {user}
29940,2026-01-12,09:00:24,INFO,WebServer,User u1603 login successful,E101,User {user} login successful
29941,2026-01-12,09:02:30,INFO,WebServer,User u1225 login successful,E101,User {user} login successful
29942,2026-01-12,09:10:58,INFO,WebServer,Transaction tx612008 completed in 1891ms,E104,Transaction {tx} completed in {time}ms
29943,2026-01-12,09:25:36,INFO,AuthService,Health check passed: AuthService,E102,Health check passed: {service}
29944,2026-01-12,09:01:04,INFO,WebServer,Page view: /home by u1285,E103,Page view: {page} by {user}
29945,2026-01-12,09:22:00,INFO,WebServer,User u4029 login successful,E101,User {user} login successful
29946,2026-01-12,09:40:11,INFO,WebServer,Transaction tx316579 completed in 1035ms,E104,Transaction {tx} completed in {time}ms
29947,2026-01-12,09:59:47,INFO,WebServer,Page view: /home by u4861,E103,Page view: {page} by {user}
29948,2026-01-12,09:13:32,INFO,AuthService,Health check passed: AuthService,E102,Health check passed: {service}
29949,2026-01-12,09:44:57,INFO,AuthService,Page view: /home by u3014,E103,Page view: {page} by {user}
29950,2026-01-12,09:26:10,INFO,PaymentGateway,Transaction tx171382 completed in 415ms,E104,Transaction {tx} completed in {time}ms
29951,2026-01-12,09:56:37,INFO,AuthService,Transaction tx183490 completed in 184ms,E104,Transaction {tx} completed in {time}ms
29952,2026-01-12,09:03:54,INFO,WebServer,User u1903 login successful,E101,User {user} login successful
29953,2026-01-12,09:12:48,INFO,AuthService,Transaction tx272144 completed in 743ms,E104,Transaction {tx} completed in {time}ms
29954,2026-01-12,09:21:50,WARN,WebServer,High latency (968ms) detected on WebServer,E201,High latency ({time}ms) detected on {service}
29955,2026-01-12,09:10:29,INFO,PaymentGateway,Transaction tx169664 completed in 73ms,E104,Transaction {tx} completed in {time}ms
29956,2026-01-12,09:13:34,INFO,WebServer,User u1659 login successful,E101,User {user} login successful
29957,2026-01-12,09:33:58,INFO,WebServer,Health check passed: WebServer,E102,Health check passed: {service}
29958,2026-01-12,09:11:09,INFO,WebServer,Page view: /home by u2937,E103,Page view: {page} by {user}
29959,2026-01-12,09:28:24,INFO,WebServer,Page view: /home by u4544,E103,Page view: {page} by {user}
29960,2026-01-12,09:35:34,INFO,WebServer,User u3294 login successful,E101,User {user} login successful
29961,2026-01-12,09:10:46,WARN,InventoryDB,Disk usage > 85% on node node-3,E202,Disk usage > 85% on node {node}
29962,2026-01-12,09:36:10,INFO,WebServer,Page view: /home by u2026,E103,Page view: {page} by {user}
29963,2026-01-12,09:41:44,INFO,WebServer,Page view: /home by u1767,E103,Page view: {page} by {user}
29964,2026-01-12,09:33:41,INFO,PaymentGateway,Health check passed: PaymentGateway,E102,Health check passed: {service}
29965,2026-01-12,09:37:29,INFO,AuthService,Page view: /home by u2893,E103,Page view: {page} by {user}
29966,2026-01-12,09:33:08,INFO,WebServer,Page view: /home by u4035,E103,Page view: {page} by {user}
29967,2026-01-12,09:59:57,INFO,WebServer,Page view: /home by u1785,E103,Page view: {page} by {user}
29968,2026-01-12,09:20:14,INFO,AuthService,Health check passed: AuthService,E102,Health check passed: {service}
29969,2026-01-12,09:21:49,INFO,AuthService,Page view: /home by u3477,E103,Page view: {page} by {user}
29970,2026-01-12,09:49:21,INFO,WebServer,Page view: /home by u1955,E103,Page view: {page} by {user}
29971,2026-01-12,09:34:40,INFO,PaymentGateway,Health check passed: PaymentGateway,E102,Health check passed: {service}
29972,2026-01-12,09:19:52,INFO,OrderProcessor,User u2827 login successful,E101,User {user} login successful
29973,2026-01-12,09:34:29,INFO,AuthService,Transaction tx814763 completed in 944ms,E104,Transaction {tx} completed in {time}ms
29974,2026-01-12,09:53:41,INFO,WebServer,User u3174 login successful,E101,User {user} login successful
29975,2026-01-12,09:02:43,INFO,AuthService,Transaction tx297538 completed in 1524ms,E104,Transaction {tx} completed in {time}ms
29976,2026-01-12,09:35:46,INFO,WebServer,User u3278 login successful,E101,User {user} login successful
29977,2026-01-12,09:36:14,INFO,AuthService,Page view: /home by u1374,E103,Page view: {page} by {user}
29978,2026-01-12,09:30:32,INFO,WebServer,User u2191 login successful,E101,User {user} login successful
29979,2026-01-12,09:18:43,INFO,AuthService,User u2820 login successful,E101,User {user} login successful
29980,2026-01-12,09:32:23,INFO,WebServer,User u4417 login successful,E101,User {user} login successful
29981,2026-01-12,09:25:27,INFO,WebServer,Page view: /home by u3923,E103,Page view: {page} by {user}
29982,2026-01-12,09:22:56,INFO,AuthService,Page view: /home by u4122,E103,Page view: {page} by {user}
29983,2026-01-12,09:55:47,INFO,OrderProcessor,Transaction tx373151 completed in 1813ms,E104,Transaction {tx} completed in {time}ms
29984,2026-01-12,09:04:23,INFO,WebServer,User u1432 login successful,E101,User {user} login successful
29985,2026-01-12,09:51:35,ERROR,AuthService,Timeout waiting for lock on InventoryDB,E502,Timeout waiting for lock on {db}
29986,2026-01-12,09:26:59,INFO,PaymentGateway,Page view: /home by u2294,E103,Page view: {page} by {user}
29987,2026-01-12,09:29:56,INFO,AuthService,User u4262 login successful,E101,User {user} login successful
29988,2026-01-12,09:12:03,INFO,PaymentGateway,User u2158 login successful,E101,User {user} login successful
29989,2026-01-12,09:31:08,INFO,AuthService,Page view: /home by u4617,E103,Page view: {page} by {user}
29990,2026-01-12,09:42:11,INFO,OrderProcessor,User u1618 login successful,E101,User {user} login successful
29991,2026-01-12,09:47:41,INFO,WebServer,Transaction tx708852 completed in 1243ms,E104,Transaction {tx} completed in {time}ms
29992,2026-01-12,09:34:52,INFO,PaymentGateway,Transaction tx888524 completed in 1277ms,E104,Transaction {tx} completed in {time}ms
29993,2026-01-12,09:27:52,INFO,InventoryDB,Health check passed: InventoryDB,E102,Health check passed: {service}
29994,2026-01-12,09:52:11,INFO,PaymentGateway,Transaction tx696502 completed in 466ms,E104,Transaction {tx} completed in {time}ms
29995,2026-01-12,09:26:02,INFO,WebServer,Page view: /home by u1257,E103,Page view: {page} by {user}
29996,2026-01-12,09:23:55,INFO,AuthService,Transaction tx798649 completed in 1995ms,E104,Transaction {tx} completed in {time}ms
29997,2026-01-12,09:35:38,INFO,WebServer,Transaction tx556716 completed in 1746ms,E104,Transaction {tx} completed in {time}ms
29998,2026-01-12,09:19:03,INFO,PaymentGateway,Page view: /home by u4881,E103,Page view: {page} by {user}
29999,2026-01-12,09:10:55,INFO,OrderProcessor,Transaction tx167174 completed in 1859ms,E104,Transaction {tx} completed in {time}ms
30000,2026-01-12,09:50:31,INFO,PaymentGateway,Health check passed: PaymentGateway,E102,Health check passed: {service}
30001,2026-01-12,09:37:45,INFO,OrderProcessor,Health check passed: OrderProcessor,E102,Health check passed: {service}
30002,2026-01-12,09:12:42,INFO,OrderProcessor,Page view: /home by u4766,E103,Page view: {page} by {user}
30003,2026-01-12,09:14:09,INFO,AuthService,User u3475 login successful,E101,User {user} login successful
30004,2026-01-12,09:20:55,INFO,WebServer,User u3084 login successful,E101,User {user} login successful
30005,2026-01-12,09:52:37,INFO,AuthService,Transaction tx797945 completed in 676ms,E104,Transaction {tx} completed in {time}ms
30006,2026-01-12,09:07:34,INFO,WebServer,Transaction tx968480 completed in 135ms,E104,Transaction {tx} completed in {time}ms
30007,2026-01-12,09:53:02,INFO,PaymentGateway,User u4760 login successful,E101,User {user} login successful
30008,2026-01-12,09:11:30,INFO,OrderProcessor,Page view: /home by u2843,E103,Page view: {page} by {user}
30009,2026-01-12,09:00:39,INFO,WebServer,Health check passed: WebServer,E102,Health check passed: {service}
30010,2026-01-12,09:22:03,WARN,WebServer,Disk usage > 85% on node node-3,E202,Disk usage > 85% on node {node}
30011,2026-01-12,09:42:54,INFO,AuthService,Transaction tx926085 completed in 1549ms,E104,Transaction {tx} completed in {time}ms
30012,2026-01-12,09:53:29,INFO,InventoryDB,Health check passed: InventoryDB,E102,Health check passed: {service}
30013,2026-01-12,09:42:42,INFO,PaymentGateway,Health check passed: PaymentGateway,E102,Health check passed: {service}
30014,2026-01-12,09:37:21,INFO,WebServer,Page view: /home by u2704,E103,Page view: {page} by {user}
30015,2026-01-12,09:08:16,INFO,InventoryDB,User u2836 login successful,E101,User {user} login successful
30016,2026-01-12,09:48:18,INFO,WebServer,Health check passed: WebServer,E102,Health check passed: {service}
30017,2026-01-12,09:29:07,INFO,WebServer,User u4185 login successful,E101,User {user} login successful
30018,2026-01-12,09:55:29,ERROR,WebServer,Connection refused to WebServer at 192.168.1.5,E501,Connection refused to {service} at {ip}
30019,2026-01-12,09:15:36,INFO,WebServer,Transaction tx689458 completed in 989ms,E104,Transaction {tx} completed in {time}ms
30020,2026-01-12,09:06:24,INFO,WebServer,Health check passed: WebServer,E102,Health check passed: {service}
30021,2026-01-12,09:09:13,INFO,WebServer,User u4521 login successful,E101,User {user} login successful
30022,2026-01-12,09:17:11,INFO,WebServer,Health check passed: WebServer,E102,Health check passed: {service}
30023,2026-01-12,09:05:26,INFO,AuthService,Page view: /home by u2271,E103,Page view: {page} by {user}
30024,2026-01-12,09:36:01,INFO,WebServer,Page view: /home by u2865,E103,Page view: {page} by {user}
30025,2026-01-12,09:28:08,WARN,WebServer,Unauthorized access attempt from 10.0.0.45,E401,Unauthorized access attempt from {ip}
30026,2026-01-12,09:58:04,INFO,OrderProcessor,Page view: /home by u4870,E103,Page view: {page} by {user}
30027,2026-01-12,09:59:48,INFO,WebServer,User u3669 login successful,E101,User {user} login successful
30028,2026-01-12,09:30:30,INFO,OrderProcessor,Page view: /home by u3979,E103,Page view: {page} by {user}
30029,2026-01-12,09:32:03,INFO,WebServer,Transaction tx990204 completed in 1526ms,E104,Transaction {tx} completed in {time}ms
30030,2026-01-12,09:30:47,INFO,OrderProcessor,Transaction tx171783 completed in 764ms,E104,Transaction {tx} completed in {time}ms
30031,2026-01-12,09:32:19,INFO,AuthService,Transaction tx163223 completed in 1133ms,E104,Transaction {tx} completed in {time}ms
30032,2026-01-12,09:24:32,INFO,WebServer,User u1860 login successful,E101,User {user} login successful
30033,2026-01-12,09:46:19,INFO,PaymentGateway,Page view: /home by u1365,E103,Page view: {page} by {user}
30034,2026-01-12,09:09:11,INFO,WebServer,Page view: /home by u4078,E103,Page view: {page} by {user}
30035,2026-01-12,09:29:21,WARN,AuthService,High latency (472ms) detected on AuthService,E201,High latency ({time}ms) detected on {service}
30036,2026-01-12,09:44:07,INFO,WebServer,User u4141 login successful,E101,User {user} login successful
30037,2026-01-12,09:26:12,INFO,WebServer,User u3947 login successful,E101,User {user} login successful
30038,2026-01-12,09:36:15,INFO,AuthService,Health check passed: AuthService,E102,Health check passed: {service}
30039,2026-01-12,09:20:47,INFO,OrderProcessor,Page view: /home by u3735,E103,Page view: {page} by {user}
30040,2026-01-12,09:43:52,INFO,InventoryDB,Page view: /home by u2028,E103,Page view: {page} by {user}
30041,2026-01-12,09:31:01,INFO,WebServer,User u1722 login successful,E101,User {user} login successful
30042,2026-01-12,09:51:02,INFO,PaymentGateway,Transaction tx403713 completed in 341ms,E104,Transaction {tx} completed in {time}ms
30043,2026-01-12,09:23:20,INFO,AuthService,User u4967 login successful,E101,User {user} login successful
30044,2026-01-12,09:23:57,INFO,OrderProcessor,Transaction tx729594 completed in 399ms,E104,Transaction {tx} completed in {time}ms
30045,2026-01-12,09:38:35,INFO,InventoryDB,User u1135 login successful,E101,User {user} login successful
30046,2026-01-12,09:42:11,INFO,OrderProcessor,User u1422 login successful,E101,User {user} login successful
30047,2026-01-12,09:28:19,INFO,AuthService,User u4520 login successful,E101,User {user} login successful
30048,2026-01-12,09:10:23,INFO,WebServer,Page view: /home by u1947,E103,Page view: {page} by {user}
30049,2026-01-12,09:36:10,INFO,WebServer,User u2812 login successful,E101,User {user} login successful
30050,2026-01-12,09:14:48,WARN,WebServer,Disk usage > 85% on node node-2,E202,Disk usage > 85% on node {node}
30051,2026-01-12,09:52:39,INFO,WebServer,Transaction tx425295 completed in 1181ms,E104,Transaction {tx} completed in {time}ms
30052,2026-01-12,09:00:28,INFO,WebServer,Transaction tx303833 completed in 851ms,E104,Transaction {tx} completed in {time}ms
30053,2026-01-12,09:55:15,INFO,WebServer,Health check passed: WebServer,E102,Health check passed: {service}
30054,2026-01-12,09:58:12,INFO,OrderProcessor,User u2834 login successful,E101,User {user} login successful
30055,2026-01-12,09:30:48,INFO,WebServer,Health check passed: WebServer,E102,Health check passed: {service}
30056,2026-01-12,09:51:48,INFO,OrderProcessor,Health check passed: OrderProcessor,E102,Health check passed: {service}
30057,2026-01-12,09:59:04,INFO,InventoryDB,Transaction tx706961 completed in 1806ms,E104,Transaction {tx} completed in {time}ms
30058,2026-01-12,09:04:50,INFO,WebServer,User u4710 login successful,E101,User {user} login successful
30059,2026-01-12,09:52:55,INFO,WebServer,Page view: /home by u2079,E103,Page view: {page} by {user}
30060,2026-01-12,09:13:26,INFO,WebServer,User u2921 login successful,E101,User {user} login successful
30061,2026-01-12,09:10:11,INFO,WebServer,User u3383 login successful,E101,User {user} login successful
30062,2026-01-12,09:09:04,INFO,OrderProcessor,Page view: /home by u4684,E103,Page view: {page} by {user}
30063,2026-01-12,09:31:01,INFO,WebServer,Transaction tx212728 completed in 458ms,E104,Transaction {tx} completed in {time}ms
30064,2026-01-12,09:28:25,INFO,PaymentGateway,Health check passed: PaymentGateway,E102,Health check passed: {service}
30065,2026-01-12,09:34:29,INFO,WebServer,Transaction tx633895 completed in 1503ms,E104,Transaction {tx} completed in {time}ms
30066,2026-01-12,09:36:28,INFO,PaymentGateway,Transaction tx291476 completed in 793ms,E104,Transaction {tx} completed in {time}ms
30067,2026-01-12,09:24:18,INFO,OrderProcessor,Page view: /home by u4103,E103,Page view: {page} by {user}
30068,2026-01-12,09:35:50,INFO,WebServer,User u2103 login successful,E101,User {user} login successful
30069,2026-01-12,09:49:25,INFO,InventoryDB,Page view: /home by u2388,E103,Page view: {page} by {user}
30070,2026-01-12,09:17:03,WARN,AuthService,Disk usage > 85% on node node-1,E202,Disk usage > 85% on node {node}
30071,2026-01-12,09:36:22,INFO,WebServer,Page view: /home by u3984,E103,Page view: {page} by {user}
30072,2026-01-12,09:10:07,INFO,OrderProcessor,User u2481 login successful,E101,User {user} login successful
30073,2026-01-12,09:59:38,INFO,WebServer,Health check passed: WebServer,E102,Health check passed: {service}
30074,2026-01-12,09:33:18,INFO,AuthService,Page view: /home by u1855,E103,Page view: {page} by {user}
30075,2026-01-12,09:17:21,INFO,AuthService,Transaction tx852337 completed in 729ms,E104,Transaction {tx} completed in {time}ms
30076,2026-01-12,09:17:23,INFO,AuthService,User u1094 login successful,E101,User {user} login successful
30077,2026-01-12,09:36:28,INFO,WebServer,User u4826 login successful,E101,User {user} login successful
30078,2026-01-12,09:28:35,INFO,WebServer,User u3981 login successful,E101,User {user} login successful
30079,2026-01-12,09:51:14,INFO,WebServer,Transaction tx191249 completed in 857ms,E104,Transaction {tx} completed in {time}ms
30080,2026-01-12,09:28:57,INFO,WebServer,Page view: /home by u2361,E103,Page view: {page} by {user}
30081,2026-01-12,09:02:08,INFO,OrderProcessor,User u4734 login successful,E101,User {user} login successful
30082,2026-01-12,09:06:38,INFO,OrderProcessor,Page view: /home by u3378,E103,Page view: {page} by {user}
30083,2026-01-12,09:33:13,INFO,WebServer,Transaction tx895288 completed in 491ms,E104,Transaction {tx} completed in {time}ms
30084,2026-01-12,09:53:39,INFO,WebServer,Health check passed: WebServer,E102,Health check passed: {service}
30085,2026-01-12,09:26:42,INFO,WebServer,Page view: /home by u3242,E103,Page view: {page} by {user}
30086,2026-01-12,09:22:26,INFO,AuthService,Transaction tx668293 completed in 784ms,E104,Transaction {tx} completed in {time}ms
30087,2026-01-12,09:43:45,INFO,OrderProcessor,Page view: /home by u4776,E103,Page view: {page} by {user}
30088,2026-01-12,09:14:47,INFO,AuthService,Health check passed: AuthService,E102,Health check passed: {service}
30089,2026-01-12,09:31:54,INFO,PaymentGateway,Page view: /home by u2485,E103,Page view: {page} by {user}
30090,2026-01-12,09:17:08,INFO,WebServer,Transaction tx341127 completed in 356ms,E104,Transaction {tx} completed in {time}ms
30091,2026-01-12,09:23:23,INFO,AuthService,User u1382 login successful,E101,User {user} login successful
30092,2026-01-12,09:43:36,INFO,OrderProcessor,Health check passed: OrderProcessor,E102,Health check passed: {service}
30093,2026-01-12,09:10:50,INFO,WebServer,User u4116 login successful,E101,User {user} login successful
30094,2026-01-12,09:45:13,INFO,WebServer,Health check passed: WebServer,E102,Health check passed: {service}
30095,2026-01-12,09:33:59,INFO,WebServer,User u4754 login successful,E101,User {user} login successful
30096,2026-01-12,09:56:43,INFO,WebServer,Health check passed: WebServer,E102,Health check passed: {service}
30097,2026-01-12,09:58:31,INFO,WebServer,Transaction tx779028 completed in 1635ms,E104,Transaction {tx} completed in {time}ms
30098,2026-01-12,09:36:00,INFO,OrderProcessor,Page view: /home by u2265,E103,Page view: {page} by {user}
30099,2026-01-12,09:40:18,INFO,AuthService,Transaction tx980632 completed in 1570ms,E104,Transaction {tx} completed in {time}ms
30100,2026-01-12,09:56:20,INFO,PaymentGateway,Transaction tx404350 completed in 1461ms,E104,Transaction {tx} completed in {time}ms
30101,2026-01-12,09:35:22,INFO,AuthService,Page view: /home by u1275,E103,Page view: {page} by {user}
30102,2026-01-12,09:01:39,INFO,WebServer,Page view: /home by u1296,E103,Page view: {page} by {user}
30103,2026-01-12,09:33:21,INFO,OrderProcessor,Transaction tx862773 completed in 392ms,E104,Transaction {tx} completed in {time}ms
30104,2026-01-12,09:55:43,INFO,WebServer,Health check passed: WebServer,E102,Health check passed: {service}
30105,2026-01-12,09:57:56,INFO,WebServer,Transaction tx925105 completed in 303ms,E104,Transaction {tx} completed in {time}ms
30106,2026-01-12,09:43:26,INFO,WebServer,Transaction tx999414 completed in 1303ms,E104,Transaction {tx} completed in {time}ms
30107,2026-01-12,09:14:48,INFO,PaymentGateway,Health check passed: PaymentGateway,E102,Health check passed: {service}
30108,2026-01-12,09:55:53,INFO,WebServer,User u1974 login successful,E101,User {user} login successful
30109,2026-01-12,09:27:38,INFO,WebServer,Page view: /home by u4741,E103,Page view: {page} by {user}
30110,2026-01-12,09:00:16,INFO,WebServer,Page view: /home by u3751,E103,Page view: {page} by {user}
30111,2026-01-12,09:19:40,INFO,WebServer,User u2968 login successful,E101,User {user} login successful
30112,2026-01-12,09:02:07,INFO,WebServer,Transaction tx411198 completed in 1881ms,E104,Transaction {tx} completed in {time}ms
30113,2026-01-12,09:53:24,INFO,OrderProcessor,Page view: /home by u2574,E103,Page view: {page} by {user}
30114,2026-01-12,09:30:52,INFO,WebServer,Page view: /home by u3306,E103,Page view: {page} by {user}
30115,2026-01-12,09:00:25,INFO,AuthService,Page view: /home by u3511,E103,Page view: {page} by {user}
30116,2026-01-12,09:28:15,INFO,WebServer,User u1417 login successful,E101,User {user} login successful
30117,2026-01-12,09:14:35,INFO,WebServer,Health check passed: WebServer,E102,Health check passed: {service}
30118,2026-01-12,09:54:26,INFO,WebServer,Page view: /home by u4288,E103,Page view: {page} by {user}
30119,2026-01-12,09:31:23,INFO,WebServer,Page view: /home by u1670,E103,Page view: {page} by {user}
30120,2026-01-12,09:58:31,ERROR,AuthService,Payment declined: Gateway unavailable,E503,Payment declined: Gateway unavailable
30121,2026-01-12,09:30:18,INFO,OrderProcessor,Transaction tx924240 completed in 968ms,E104,Transaction {tx} completed in {time}ms
30122,2026-01-12,09:24:05,INFO,OrderProcessor,Page view: /home by u4828,E103,Page view: {page} by {user}
30123,2026-01-12,09:59:37,INFO,WebServer,Health check passed: WebServer,E102,Health check passed: {service}
30124,2026-01-12,09:46:04,INFO,WebServer,Page view: /home by u3971,E103,Page view: {page} by {user}
30125,2026-01-12,09:35:44,INFO,PaymentGateway,Page view: /home by u1625,E103,Page view: {page} by {user}
30126,2026-01-12,09:24:19,INFO,InventoryDB,Health check passed: InventoryDB,E102,Health check passed: {service}
30127,2026-01-12,09:07:09,INFO,WebServer,User u4649 login successful,E101,User {user} login successful
30128,2026-01-12,09:13:04,INFO,OrderProcessor,Transaction tx560200 completed in 72ms,E104,Transaction {tx} completed in {time}ms
30129,2026-01-12,09:35:46,INFO,WebServer,Transaction tx335807 completed in 1032ms,E104,Transaction {tx} completed in {time}ms
30130,2026-01-12,09:00:04,INFO,PaymentGateway,Health check passed: PaymentGateway,E102,Health check passed: {service}
30131,2026-01-12,09:56:19,INFO,PaymentGateway,Page view: /home by u4342,E103,Page view: {page} by {user}
30132,2026-01-12,09:20:46,INFO,AuthService,Health check passed: AuthService,E102,Health check passed: {service}
30133,2026-01-12,09:44:35,INFO,WebServer,Transaction tx296504 completed in 995ms,E104,Transaction {tx} completed in {time}ms
30134,2026-01-12,09:58:58,INFO,OrderProcessor,User u4167 login successful,E101,User {user} login successful
30135,2026-01-12,09:01:20,INFO,AuthService,Transaction tx146485 completed in 1830ms,E104,Transaction {tx} completed in {time}ms
30136,2026-01-12,09:25:41,INFO,OrderProcessor,User u3136 login successful,E101,User {user} login successful
30137,2026-01-12,09:01:08,INFO,WebServer,Transaction tx239741 completed in 1706ms,E104,Transaction {tx} completed in {time}ms
30138,2026-01-12,09:22:22,INFO,AuthService,Page view: /home by u3575,E103,Page view: {page} by {user}
30139,2026-01-12,09:00:24,INFO,OrderProcessor,Health check passed: OrderProcessor,E102,Health check passed: {service}
30140,2026-01-12,09:09:40,INFO,OrderProcessor,User u1433 login successful,E101,User {user} login successful
30141,2026-01-12,09:46:38,INFO,WebServer,Health check passed: WebServer,E102,Health check passed: {service}
30142,2026-01-12,09:00:36,INFO,WebServer,User u1319 login successful,E101,User {user} login successful
30143,2026-01-12,09:31:12,WARN,OrderProcessor,High latency (933ms) detected on OrderProcessor,E201,High latency ({time}ms) detected on {service}
30144,2026-01-12,09:24:22,WARN,WebServer,Disk usage > 85% on node node-1,E202,Disk usage > 85% on node {node}
30145,2026-01-12,09:38:57,INFO,WebServer,Page view: /home by u1127,E103,Page view: {page} by {user}
30146,2026-01-12,09:02:52,INFO,AuthService,Transaction tx990253 completed in 820ms,E104,Transaction {tx} completed in {time}ms
30147,2026-01-12,09:48:33,INFO,OrderProcessor,Health check passed: OrderProcessor,E102,Health check passed: {service}
30148,2026-01-12,09:23:56,INFO,WebServer,User u2620 login successful,E101,User {user} login successful
30149,2026-01-12,09:36:44,INFO,OrderProcessor,Transaction tx734290 completed in 1345ms,E104,Transaction {tx} completed in {time}ms
30150,2026-01-12,09:17:22,INFO,OrderProcessor,Transaction tx838552 completed in 1452ms,E104,Transaction {tx} completed in {time}ms
30151,2026-01-12,09:18:44,INFO,AuthService,Transaction tx473187 completed in 1172ms,E104,Transaction {tx} completed in {time}ms
30152,2026-01-12,09:56:09,INFO,WebServer,Health check passed: WebServer,E102,Health check passed: {service}
30153,2026-01-12,09:53:01,WARN,AuthService,Unauthorized access attempt from 10.0.0.45,E401,Unauthorized access attempt from {ip}
30154,2026-01-12,09:11:09,INFO,WebServer,Transaction tx714902 completed in 897ms,E104,Transaction {tx} completed in {time}ms
30155,2026-01-12,09:35:05,CRITICAL,WebServer,KERNEL PANIC: Node node-3 crashed,E601,KERNEL PANIC: Node {node} crashed
30156,2026-01-12,09:22:38,INFO,PaymentGateway,Health check passed: PaymentGateway,E102,Health check passed: {service}
30157,2026-01-12,09:25:05,ERROR,WebServer,Payment declined: Gateway unavailable,E503,Payment declined: Gateway unavailable
30158,2026-01-12,09:15:41,ERROR,AuthService,Payment declined: Gateway unavailable,E503,Payment declined: Gateway unavailable
30159,2026-01-12,09:28:56,INFO,WebServer,User u1212 login successful,E101,User {user} login successful
30160,2026-01-12,09:22:24,INFO,WebServer,Transaction tx283935 completed in 1657ms,E104,Transaction {tx} completed in {time}ms
30161,2026-01-12,09:50:08,INFO,WebServer,Transaction tx132238 completed in 114ms,E104,Transaction {tx} completed in {time}ms
30162,2026-01-12,09:08:34,INFO,WebServer,Health check passed: WebServer,E102,Health check passed: {service}
30163,2026-01-12,09:14:50,INFO,WebServer,Health check passed: WebServer,E102,Health check passed: {service}
30164,2026-01-12,09:50:58,INFO,WebServer,Page view: /home by u4865,E103,Page view: {page} by {user}
30165,2026-01-12,09:17:43,INFO,AuthService,Health check passed: AuthService,E102,Health check passed: {service}
30166,2026-01-12,09:05:12,INFO,WebServer,Transaction tx324108 completed in 319ms,E104,Transaction {tx} completed in {time}ms
30167,2026-01-12,09:43:36,INFO,PaymentGateway,Transaction tx684435 completed in 1719ms,E104,Transaction {tx} completed in {time}ms
30168,2026-01-12,09:50:26,INFO,AuthService,User u3781 login successful,E101,User {user} login successful
30169,2026-01-12,09:19:13,INFO,WebServer,Page view: /home by u2949,E103,Page view: {page} by {user}
30170,2026-01-12,09:43:58,INFO,WebServer,Health check passed: WebServer,E102,Health check passed: {service}
30171,2026-01-12,09:00:07,INFO,WebServer,User u4948 login successful,E101,User {user} login successful
30172,2026-01-12,09:21:35,INFO,PaymentGateway,User u2035 login successful,E101,User {user} login successful
30173,2026-01-12,09:58:31,INFO,PaymentGateway,Transaction tx983878 completed in 1130ms,E104,Transaction {tx} completed in {time}ms
30174,2026-01-12,09:47:32,INFO,WebServer,Health check passed: WebServer,E102,Health check passed: {service}
30175,2026-01-12,09:03:23,INFO,AuthService,Page view: /home by u4241,E103,Page view: {page} by {user}
30176,2026-01-12,09:06:06,INFO,AuthService,Page view: /home by u1385,E103,Page view: {page} by {user}
30177,2026-01-12,09:37:52,INFO,AuthService,Page view: /home by u1391,E103,Page view: {page} by {user}
30178,2026-01-12,09:15:14,INFO,OrderProcessor,Page view: /home by u1344,E103,Page view: {page} by {user}
30179,2026-01-12,09:43:59,INFO,PaymentGateway,Page view: /home by u1514,E103,Page view: {page} by {user}
30180,2026-01-12,09:33:06,INFO,WebServer,Health check passed: WebServer,E102,Health check passed: {service}
30181,2026-01-12,09:18:15,ERROR,OrderProcessor,Timeout waiting for lock on InventoryDB,E502,Timeout waiting for lock on {db}
30182,2026-01-12,09:01:08,INFO,OrderProcessor,User u1026 login successful,E101,User {user} login successful
30183,2026-01-12,09:54:46,INFO,WebServer,Page view: /home by u4883,E103,Page view: {page} by {user}
30184,2026-01-12,09:11:01,INFO,WebServer,Page view: /home by u4323,E103,Page view: {page} by {user}
30185,2026-01-12,09:10:25,INFO,AuthService,Page view: /home by u4252,E103,Page view: {page} by {user}
30186,2026-01-12,09:40:10,INFO,PaymentGateway,Health check passed: PaymentGateway,E102,Health check passed: {service}
30187,2026-01-12,09:31:30,INFO,AuthService,Health check passed: AuthService,E102,Health check passed: {service}
30188,2026-01-12,09:08:39,INFO,WebServer,Page view: /home by u3837,E103,Page view: {page} by {user}
30189,2026-01-12,09:22:13,INFO,AuthService,Page view: /home by u3735,E103,Page view: {page} by {user}
30190,2026-01-12,09:20:04,INFO,WebServer,Transaction tx889234 completed in 490ms,E104,Transaction {tx} completed in {time}ms
30191,2026-01-12,09:43:54,INFO,WebServer,Health check passed: WebServer,E102,Health check passed: {service}
30192,2026-01-12,09:38:03,INFO,PaymentGateway,Page view: /home by u3214,E103,Page view: {page} by {user}
30193,2026-01-12,09:52:09,INFO,WebServer,Transaction tx220484 completed in 1254ms,E104,Transaction {tx} completed in {time}ms
30194,2026-01-12,09:27:46,INFO,WebServer,Health check passed: WebServer,E102,Health check passed: {service}
30195,2026-01-12,09:15:40,INFO,WebServer,Page view: /home by u3866,E103,Page view: {page} by {user}
30196,2026-01-12,09:01:18,INFO,AuthService,Transaction tx831010 completed in 563ms,E104,Transaction {tx} completed in {time}ms
30197,2026-01-12,09:59:15,INFO,WebServer,Transaction tx854577 completed in 1201ms,E104,Transaction {tx} completed in {time}ms
30198,2026-01-12,09:57:01,INFO,AuthService,Page view: /home by u2823,E103,Page view: {page} by {user}
30199,2026-01-12,09:42:44,INFO,AuthService,Page view: /home by u2334,E103,Page view: {page} by {user}
30200,2026-01-12,09:23:43,INFO,AuthService,User u2955 login successful,E101,User {user} login successful
30201,2026-01-12,09:20:57,WARN,WebServer,High latency (622ms) detected on WebServer,E201,High latency ({time}ms) detected on {service}
30202,2026-01-12,09:31:36,INFO,OrderProcessor,Page view: /home by u1340,E103,Page view: {page} by {user}
30203,2026-01-12,09:16:36,INFO,WebServer,Transaction tx716805 completed in 1185ms,E104,Transaction {tx} completed in {time}ms
30204,2026-01-12,09:16:39,INFO,PaymentGateway,Health check passed: PaymentGateway,E102,Health check passed: {service}
30205,2026-01-12,09:16:53,INFO,WebServer,Transaction tx310906 completed in 857ms,E104,Transaction {tx} completed in {time}ms
30206,2026-01-12,09:43:59,INFO,WebServer,Transaction tx763681 completed in 636ms,E104,Transaction {tx} completed in {time}ms
30207,2026-01-12,09:58:52,INFO,AuthService,Page view: /home by u1190,E103,Page view: {page} by {user}
30208,2026-01-12,09:21:39,INFO,WebServer,User u1146 login successful,E101,User {user} login successful
30209,2026-01-12,09:17:18,WARN,WebServer,Disk usage > 85% on node node-1,E202,Disk usage > 85% on node {node}
30210,2026-01-12,09:25:25,INFO,WebServer,User u2784 login successful,E101,User {user} login successful
30211,2026-01-12,09:05:54,INFO,OrderProcessor,Transaction tx164925 completed in 921ms,E104,Transaction {tx} completed in {time}ms
30212,2026-01-12,09:40:57,INFO,WebServer,Health check passed: WebServer,E102,Health check passed: {service}
30213,2026-01-12,09:05:24,WARN,WebServer,High latency (248ms) detected on WebServer,E201,High latency ({time}ms) detected on {service}
30214,2026-01-12,09:17:56,INFO,OrderProcessor,Transaction tx453974 completed in 1128ms,E104,Transaction {tx} completed in {time}ms
30215,2026-01-12,09:18:23,INFO,WebServer,User u1147 login successful,E101,User {user} login successful
30216,2026-01-12,09:12:50,INFO,AuthService,User u4969 login successful,E101,User {user} login successful
30217,2026-01-12,09:54:24,INFO,AuthService,Page view: /home by u3252,E103,Page view: {page} by {user}
30218,2026-01-12,09:07:20,INFO,WebServer,Page view: /home by u1638,E103,Page view: {page} by {user}
30219,2026-01-12,09:00:28,INFO,AuthService,Page view: /home by u2633,E103,Page view: {page} by {user}
30220,2026-01-12,09:55:51,CRITICAL,OrderProcessor,KERNEL PANIC: Node node-1 crashed,E601,KERNEL PANIC: Node {node} crashed
30221,2026-01-12,09:41:31,INFO,WebServer,Health check passed: WebServer,E102,Health check passed: {service}
30222,2026-01-12,09:29:47,INFO,AuthService,Transaction tx998406 completed in 344ms,E104,Transaction {tx} completed in {time}ms
30223,2026-01-12,09:00:11,INFO,WebServer,Transaction tx143859 completed in 315ms,E104,Transaction {tx} completed in {time}ms
30224,2026-01-12,09:45:39,INFO,WebServer,Page view: /home by u2522,E103,Page view: {page} by {user}
30225,2026-01-12,09:30:38,INFO,WebServer,User u2415 login successful,E101,User {user} login successful
30226,2026-01-12,09:10:35,INFO,WebServer,Health check passed: WebServer,E102,Health check passed: {service}
30227,2026-01-12,09:19:52,INFO,AuthService,Page view: /home by u3700,E103,Page view: {page} by {user}
30228,2026-01-12,09:29:41,INFO,InventoryDB,Health check passed: InventoryDB,E102,Health check passed: {service}
30229,2026-01-12,09:46:35,INFO,WebServer,Transaction tx644405 completed in 1656ms,E104,Transaction {tx} completed in {time}ms
30230,2026-01-12,09:13:08,INFO,OrderProcessor,Page view: /home by u4991,E103,Page view: {page} by {user}
30231,2026-01-12,09:52:11,INFO,WebServer,Transaction tx639411 completed in 642ms,E104,Transaction {tx} completed in {time}ms
30232,2026-01-12,09:52:55,INFO,WebServer,Page view: /home by u4424,E103,Page view: {page} by {user}
30233,2026-01-12,09:31:01,WARN,OrderProcessor,High latency (1502ms) detected on OrderProcessor,E201,High latency ({time}ms) detected on {service}
30234,2026-01-12,09:35:32,WARN,OrderProcessor,High latency (1461ms) detected on OrderProcessor,E201,High latency ({time}ms) detected on {service}
30235,2026-01-12,09:24:20,INFO,WebServer,Transaction tx499352 completed in 1814ms,E104,Transaction {tx} completed in {time}ms
30236,2026-01-12,09:03:12,INFO,WebServer,Transaction tx504566 completed in 1623ms,E104,Transaction {tx} completed in {time}ms
30237,2026-01-12,09:34:31,INFO,PaymentGateway,Health check passed: PaymentGateway,E102,Health check passed: {service}
30238,2026-01-12,09:49:55,INFO,WebServer,Health check passed: WebServer,E102,Health check passed: {service}
30239,2026-01-12,09:49:36,INFO,PaymentGateway,Health check passed: PaymentGateway,E102,Health check passed: {service}
30240,2026-01-12,09:06:01,INFO,WebServer,Page view: /home by u3325,E103,Page view: {page} by {user}
30241,2026-01-12,09:40:13,INFO,AuthService,User u2214 login successful,E101,User {user} login successful
30242,2026-01-12,09:36:13,INFO,WebServer,Health check passed: WebServer,E102,Health check passed: {service}
30243,2026-01-12,09:29:16,INFO,WebServer,Page view: /home by u2203,E103,Page view: {page} by {user}
30244,2026-01-12,09:03:22,INFO,AuthService,User u1860 login successful,E101,User {user} login successful
30245,2026-01-12,09:11:13,INFO,WebServer,Health check passed: WebServer,E102,Health check passed: {service}
30246,2026-01-12,09:35:37,INFO,WebServer,Page view: /home by u4112,E103,Page view: {page} by {user}
30247,2026-01-12,09:44:22,INFO,WebServer,Health check passed: WebServer,E102,Health check passed: {service}
30248,2026-01-12,09:31:19,INFO,AuthService,Page view: /home by u1350,E103,Page view: {page} by {user}
30249,2026-01-12,09:48:17,INFO,WebServer,Health check passed: WebServer,E102,Health check passed: {service}
30250,2026-01-12,09:55:45,INFO,OrderProcessor,Health check passed: OrderProcessor,E102,Health check passed: {service}
30251,2026-01-12,09:23:01,INFO,AuthService,Health check passed: AuthService,E102,Health check passed: {service}
30252,2026-01-12,09:17:59,INFO,PaymentGateway,Page view: /home by u3400,E103,Page view: {page} by {user}
30253,2026-01-12,09:51:07,INFO,WebServer,Health check passed: WebServer,E102,Health check passed: {service}
30254,2026-01-12,09:57:37,INFO,WebServer,User u2064 login successful,E101,User {user} login successful
30255,2026-01-12,09:26:12,INFO,AuthService,Transaction tx710338 completed in 782ms,E104,Transaction {tx} completed in {time}ms
30256,2026-01-12,09:32:36,INFO,WebServer,Transaction tx107030 completed in 1692ms,E104,Transaction {tx} completed in {time}ms
30257,2026-01-12,09:22:00,INFO,WebServer,User u4683 login successful,E101,User {user} login successful
30258,2026-01-12,09:46:07,INFO,WebServer,User u1615 login successful,E101,User {user} login successful
30259,2026-01-12,09:26:21,INFO,OrderProcessor,Health check passed: OrderProcessor,E102,Health check passed: {service}
30260,2026-01-12,09:54:16,INFO,WebServer,Transaction tx219470 completed in 209ms,E104,Transaction {tx} completed in {time}ms
30261,2026-01-12,09:02:49,INFO,WebServer,Health check passed: WebServer,E102,Health check passed: {service}
30262,2026-01-12,09:43:57,INFO,InventoryDB,Health check passed: InventoryDB,E102,Health check passed: {service}
30263,2026-01-12,09:37:20,WARN,WebServer,Unauthorized access attempt from 10.0.0.45,E401,Unauthorized access attempt from {ip}
30264,2026-01-12,09:23:42,INFO,WebServer,Health check passed: WebServer,E102,Health check passed: {service}
30265,2026-01-12,09:33:11,INFO,WebServer,Health check passed: WebServer,E102,Health check passed: {service}
30266,2026-01-12,09:03:59,INFO,OrderProcessor,Health check passed: OrderProcessor,E102,Health check passed: {service}
30267,2026-01-12,09:32:04,INFO,WebServer,Transaction tx543241 completed in 330ms,E104,Transaction {tx} completed in {time}ms
30268,2026-01-12,09:42:41,INFO,WebServer,Health check passed: WebServer,E102,Health check passed: {service}
30269,2026-01-12,09:25:45,INFO,WebServer,Page view: /home by u4897,E103,Page view: {page} by {user}
30270,2026-01-12,09:08:35,INFO,WebServer,Health check passed: WebServer,E102,Health check passed: {service}
30271,2026-01-12,09:24:08,INFO,WebServer,User u1321 login successful,E101,User {user} login successful
30272,2026-01-12,09:20:24,INFO,WebServer,User u1639 login successful,E101,User {user} login successful
30273,2026-01-12,09:24:15,INFO,PaymentGateway,Transaction tx802312 completed in 969ms,E104,Transaction {tx} completed in {time}ms
30274,2026-01-12,09:47:13,INFO,WebServer,Health check passed: WebServer,E102,Health check passed: {service}
30275,2026-01-12,09:12:43,INFO,WebServer,Transaction tx370892 completed in 490ms,E104,Transaction {tx} completed in {time}ms
30276,2026-01-12,09:25:50,INFO,WebServer,User u1729 login successful,E101,User {user} login successful
30277,2026-01-12,09:18:51,INFO,AuthService,Transaction tx981814 completed in 1791ms,E104,Transaction {tx} completed in {time}ms
30278,2026-01-12,09:46:13,INFO,WebServer,Health check passed: WebServer,E102,Health check passed: {service}
30279,2026-01-12,09:51:55,ERROR,WebServer,Payment declined: Gateway unavailable,E503,Payment declined: Gateway unavailable
30280,2026-01-12,09:11:27,INFO,WebServer,User u1407 login successful,E101,User {user} login successful
30281,2026-01-12,09:28:45,INFO,AuthService,Health check passed: AuthService,E102,Health check passed: {service}
30282,2026-01-12,09:08:08,INFO,WebServer,Page view: /home by u1804,E103,Page view: {page} by {user}
30283,2026-01-12,09:13:50,INFO,InventoryDB,Page view: /home by u4701,E103,Page view: {page} by {user}
30284,2026-01-12,09:16:59,INFO,WebServer,User u1731 login successful,E101,User {user} login successful
30285,2026-01-12,09:09:56,INFO,PaymentGateway,Page view: /home by u2325,E103,Page view: {page} by {user}
30286,2026-01-12,09:24:38,INFO,OrderProcessor,Transaction tx116156 completed in 629ms,E104,Transaction {tx} completed in {time}ms
30287,2026-01-12,09:28:49,INFO,WebServer,Page view: /home by u3266,E103,Page view: {page} by {user}
30288,2026-01-12,09:29:33,WARN,AuthService,Unauthorized access attempt from 10.0.0.45,E401,Unauthorized access attempt from {ip}
30289,2026-01-12,09:30:22,INFO,WebServer,Page view: /home by u4360,E103,Page view: {page} by {user}
30290,2026-01-12,09:36:14,INFO,OrderProcessor,Page view: /home by u4933,E103,Page view: {page} by {user}
30291,2026-01-12,09:38:45,INFO,WebServer,Transaction tx478734 completed in 194ms,E104,Transaction {tx} completed in {time}ms
30292,2026-01-12,09:28:45,INFO,AuthService,Health check passed: AuthService,E102,Health check passed: {service}
30293,2026-01-12,09:40:07,INFO,WebServer,Transaction tx883958 completed in 900ms,E104,Transaction {tx} completed in {time}ms
30294,2026-01-12,09:00:01,INFO,AuthService,User u1404 login successful,E101,User {user} login successful
30295,2026-01-12,09:09:06,INFO,WebServer,Health check passed: WebServer,E102,Health check passed: {service}
30296,2026-01-12,09:45:07,INFO,WebServer,Transaction tx678967 completed in 1499ms,E104,Transaction {tx} completed in {time}ms
30297,2026-01-12,09:17:44,WARN,OrderProcessor,Disk usage > 85% on node node-4,E202,Disk usage > 85% on node {node}
30298,2026-01-12,09:26:53,INFO,WebServer,Health check passed: WebServer,E102,Health check passed: {service}
30299,2026-01-12,09:36:14,INFO,WebServer,Health check passed: WebServer,E102,Health check passed: {service}
30300,2026-01-12,09:15:40,INFO,AuthService,Transaction tx701621 completed in 970ms,E104,Transaction {tx} completed in {time}ms
30301,2026-01-12,09:47:12,INFO,WebServer,Health check passed: WebServer,E102,Health check passed: {service}
30302,2026-01-12,09:08:58,INFO,WebServer,Health check passed: WebServer,E102,Health check passed: {service}
30303,2026-01-12,09:38:35,INFO,AuthService,Transaction tx853628 completed in 379ms,E104,Transaction {tx} completed in {time}ms
30304,2026-01-12,09:59:26,INFO,InventoryDB,User u3230 login successful,E101,User {user} login successful
30305,2026-01-12,09:53:21,INFO,AuthService,Transaction tx950873 completed in 1942ms,E104,Transaction {tx} completed in {time}ms
30306,2026-01-12,09:09:37,INFO,WebServer,User u4492 login successful,E101,User {user} login successful
30307,2026-01-12,09:26:15,INFO,WebServer,Health check passed: WebServer,E102,Health check passed: {service}
30308,2026-01-12,09:58:59,INFO,AuthService,User u3143 login successful,E101,User {user} login successful
30309,2026-01-12,09:23:49,INFO,WebServer,Transaction tx747505 completed in 1137ms,E104,Transaction {tx} completed in {time}ms
30310,2026-01-12,09:52:08,INFO,OrderProcessor,Transaction tx294025 completed in 1673ms,E104,Transaction {tx} completed in {time}ms
30311,2026-01-12,09:09:40,INFO,WebServer,Page view: /home by u2643,E103,Page view: {page} by {user}
30312,2026-01-12,09:33:55,INFO,InventoryDB,Health check passed: InventoryDB,E102,Health check passed: {service}
30313,2026-01-12,09:31:27,INFO,WebServer,Health check passed: WebServer,E102,Health check passed: {service}
30314,2026-01-12,09:43:40,INFO,OrderProcessor,Transaction tx992825 completed in 77ms,E104,Transaction {tx} completed in {time}ms
30315,2026-01-12,09:08:23,INFO,WebServer,Transaction tx845577 completed in 339ms,E104,Transaction {tx} completed in {time}ms
30316,2026-01-12,09:42:11,INFO,WebServer,User u1561 login successful,E101,User {user} login successful
30317,2026-01-12,09:00:03,INFO,WebServer,Page view: /home by u3744,E103,Page view: {page} by {user}
30318,2026-01-12,09:32:38,INFO,AuthService,Page view: /home by u1329,E103,Page view: {page} by {user}
30319,2026-01-12,09:14:32,INFO,PaymentGateway,Transaction tx861198 completed in 549ms,E104,Transaction {tx} completed in {time}ms
30320,2026-01-12,09:42:24,INFO,WebServer,User u3643 login successful,E101,User {user} login successful
30321,2026-01-12,09:08:51,INFO,AuthService,User u3797 login successful,E101,User {user} login successful
30322,2026-01-12,09:27:23,INFO,WebServer,User u2144 login successful,E101,User {user} login successful
30323,2026-01-12,09:51:52,ERROR,WebServer,Payment declined: Gateway unavailable,E503,Payment declined: Gateway unavailable
30324,2026-01-12,09:03:08,WARN,WebServer,High latency (1121ms) detected on WebServer,E201,High latency ({time}ms) detected on {service}
30325,2026-01-12,09:33:36,INFO,WebServer,User u4241 login successful,E101,User {user} login successful
30326,2026-01-12,09:58:51,INFO,InventoryDB,Page view: /home by u4039,E103,Page view: {page} by {user}
30327,2026-01-12,09:30:17,WARN,WebServer,High latency (1898ms) detected on WebServer,E201,High latency ({time}ms) detected on {service}
30328,2026-01-12,09:33:04,INFO,OrderProcessor,Page view: /home by u2114,E103,Page view: {page} by {user}
30329,2026-01-12,09:55:11,INFO,AuthService,Health check passed: AuthService,E102,Health check passed: {service}
30330,2026-01-12,09:59:28,INFO,OrderProcessor,User u2907 login successful,E101,User {user} login successful
30331,2026-01-12,09:02:45,INFO,PaymentGateway,User u4166 login successful,E101,User {user} login successful
30332,2026-01-12,09:43:14,INFO,WebServer,Page view: /home by u4019,E103,Page view: {page} by {user}
30333,2026-01-12,09:37:54,INFO,OrderProcessor,User u4371 login successful,E101,User {user} login successful
30334,2026-01-12,09:05:31,INFO,InventoryDB,User u2644 login successful,E101,User {user} login successful
30335,2026-01-12,09:45:27,INFO,AuthService,Transaction tx762128 completed in 1351ms,E104,Transaction {tx} completed in {time}ms
30336,2026-01-12,09:14:46,INFO,OrderProcessor,Page view: /home by u2212,E103,Page view: {page} by {user}
30337,2026-01-12,09:01:28,INFO,PaymentGateway,Transaction tx470147 completed in 1107ms,E104,Transaction {tx} completed in {time}ms
30338,2026-01-12,09:06:42,INFO,WebServer,Page view: /home by u3832,E103,Page view: {page} by {user}
30339,2026-01-12,09:50:19,INFO,WebServer,User u2186 login successful,E101,User {user} login successful
30340,2026-01-12,09:11:40,INFO,OrderProcessor,Health check passed: OrderProcessor,E102,Health check passed: {service}
30341,2026-01-12,09:34:38,INFO,WebServer,Health check passed: WebServer,E102,Health check passed: {service}
30342,2026-01-12,09:57:44,INFO,PaymentGateway,User u4891 login successful,E101,User {user} login successful
30343,2026-01-12,09:16:46,INFO,WebServer,Health check passed: WebServer,E102,Health check passed: {service}
30344,2026-01-12,09:40:10,INFO,WebServer,Health check passed: WebServer,E102,Health check passed: {service}
30345,2026-01-12,09:42:17,INFO,WebServer,User u3492 login successful,E101,User {user} login successful
30346,2026-01-12,09:48:51,INFO,OrderProcessor,Transaction tx852869 completed in 364ms,E104,Transaction {tx} completed in {time}ms
30347,2026-01-12,09:16:27,INFO,PaymentGateway,Transaction tx147547 completed in 1566ms,E104,Transaction {tx} completed in {time}ms
30348,2026-01-12,09:50:24,INFO,PaymentGateway,Transaction tx478043 completed in 706ms,E104,Transaction {tx} completed in {time}ms
30349,2026-01-12,09:37:33,INFO,WebServer,Page view: /home by u2821,E103,Page view: {page} by {user}
30350,2026-01-12,09:36:27,INFO,OrderProcessor,User u1834 login successful,E101,User {user} login successful
30351,2026-01-12,09:58:07,INFO,WebServer,Health check passed: WebServer,E102,Health check passed: {service}
30352,2026-01-12,09:59:49,INFO,AuthService,Health check passed: AuthService,E102,Health check passed: {service}
30353,2026-01-12,09:00:35,INFO,AuthService,Health check passed: AuthService,E102,Health check passed: {service}
30354,2026-01-12,09:45:54,INFO,WebServer,User u2139 login successful,E101,User {user} login successful
30355,2026-01-12,09:40:12,INFO,WebServer,Health check passed: WebServer,E102,Health check passed: {service}
30356,2026-01-12,09:25:17,INFO,OrderProcessor,Transaction tx778450 completed in 1394ms,E104,Transaction {tx} completed in {time}ms
30357,2026-01-12,09:17:50,INFO,WebServer,Transaction tx458925 completed in 1120ms,E104,Transaction {tx} completed in {time}ms
30358,2026-01-12,09:39:59,INFO,AuthService,Transaction tx871336 completed in 1267ms,E104,Transaction {tx} completed in {time}ms
30359,2026-01-12,09:41:17,INFO,OrderProcessor,User u1467 login successful,E101,User {user} login successful
30360,2026-01-12,09:47:03,INFO,WebServer,Transaction tx493071 completed in 1412ms,E104,Transaction {tx} completed in {time}ms
30361,2026-01-12,09:12:33,INFO,OrderProcessor,Health check passed: OrderProcessor,E102,Health check passed: {service}
30362,2026-01-12,09:31:01,INFO,OrderProcessor,Health check passed: OrderProcessor,E102,Health check passed: {service}
30363,2026-01-12,09:58:59,ERROR,WebServer,Payment declined: Gateway unavailable,E503,Payment declined: Gateway unavailable
30364,2026-01-12,09:40:25,INFO,OrderProcessor,User u2391 login successful,E101,User {user} login successful
30365,2026-01-12,09:51:04,INFO,AuthService,Transaction tx114643 completed in 610ms,E104,Transaction {tx} completed in {time}ms
30366,2026-01-12,09:05:41,INFO,WebServer,Transaction tx882399 completed in 1994ms,E104,Transaction {tx} completed in {time}ms
30367,2026-01-12,09:40:54,WARN,OrderProcessor,High latency (1730ms) detected on OrderProcessor,E201,High latency ({time}ms) detected on {service}
30368,2026-01-12,09:17:45,INFO,WebServer,User u2519 login successful,E101,User {user} login successful
30369,2026-01-12,09:23:43,INFO,WebServer,Transaction tx822008 completed in 1496ms,E104,Transaction {tx} completed in {time}ms
30370,2026-01-12,09:18:29,INFO,OrderProcessor,Page view: /home by u2546,E103,Page view: {page} by {user}
30371,2026-01-12,09:41:23,INFO,PaymentGateway,Transaction tx780879 completed in 1837ms,E104,Transaction {tx} completed in {time}ms
30372,2026-01-12,09:29:50,INFO,WebServer,Transaction tx938241 completed in 1959ms,E104,Transaction {tx} completed in {time}ms
30373,2026-01-12,09:15:27,INFO,AuthService,User u1279 login successful,E101,User {user} login successful
30374,2026-01-12,09:34:14,INFO,WebServer,Page view: /home by u3850,E103,Page view: {page} by {user}
30375,2026-01-12,09:09:28,INFO,WebServer,Page view: /home by u3654,E103,Page view: {page} by {user}
30376,2026-01-12,09:05:41,INFO,AuthService,Transaction tx645896 completed in 1879ms,E104,Transaction {tx} completed in {time}ms
30377,2026-01-12,09:41:12,INFO,PaymentGateway,Page view: /home by u4013,E103,Page view: {page} by {user}
30378,2026-01-12,09:01:41,INFO,OrderProcessor,Page view: /home by u3649,E103,Page view: {page} by {user}
30379,2026-01-12,09:28:57,INFO,WebServer,Transaction tx256540 completed in 224ms,E104,Transaction {tx} completed in {time}ms
30380,2026-01-12,09:07:32,INFO,WebServer,Page view: /home by u2718,E103,Page view: {page} by {user}
30381,2026-01-12,09:40:26,INFO,WebServer,Page view: /home by u1794,E103,Page view: {page} by {user}
30382,2026-01-12,09:44:52,INFO,WebServer,User u1620 login successful,E101,User {user} login successful
30383,2026-01-12,09:14:33,INFO,OrderProcessor,Health check passed: OrderProcessor,E102,Health check passed: {service}
30384,2026-01-12,09:59:36,INFO,WebServer,User u2265 login successful,E101,User {user} login successful
30385,2026-01-12,09:49:11,INFO,WebServer,User u4466 login successful,E101,User {user} login successful
30386,2026-01-12,09:22:37,INFO,AuthService,Transaction tx205703 completed in 830ms,E104,Transaction {tx} completed in {time}ms
30387,2026-01-12,09:22:14,INFO,OrderProcessor,User u2396 login successful,E101,User {user} login successful
30388,2026-01-12,09:09:45,INFO,WebServer,User u1070 login successful,E101,User {user} login successful
30389,2026-01-12,09:09:37,INFO,WebServer,User u2815 login successful,E101,User {user} login successful
30390,2026-01-12,09:11:12,INFO,WebServer,Page view: /home by u4123,E103,Page view: {page} by {user}
30391,2026-01-12,09:06:53,INFO,WebServer,Health check passed: WebServer,E102,Health check passed: {service}
30392,2026-01-12,09:59:41,INFO,PaymentGateway,Health check passed: PaymentGateway,E102,Health check passed: {service}
30393,2026-01-12,09:35:22,INFO,AuthService,Health check passed: AuthService,E102,Health check passed: {service}
30394,2026-01-12,09:20:33,INFO,AuthService,Health check passed: AuthService,E102,Health check passed: {service}
30395,2026-01-12,09:27:42,INFO,WebServer,Page view: /home by u4832,E103,Page view: {page} by {user}
30396,2026-01-12,09:23:08,INFO,WebServer,Transaction tx631918 completed in 595ms,E104,Transaction {tx} completed in {time}ms
30397,2026-01-12,09:20:49,INFO,PaymentGateway,Page view: /home by u3979,E103,Page view: {page} by {user}
30398,2026-01-12,09:00:02,INFO,PaymentGateway,Page view: /home by u4973,E103,Page view: {page} by {user}
30399,2026-01-12,09:52:36,INFO,WebServer,Transaction tx647207 completed in 979ms,E104,Transaction {tx} completed in {time}ms
30400,2026-01-12,09:22:55,INFO,OrderProcessor,Page view: /home by u4731,E103,Page view: {page} by {user}
30401,2026-01-12,09:15:48,INFO,WebServer,User u2953 login successful,E101,User {user} login successful
30402,2026-01-12,09:12:12,INFO,WebServer,Page view: /home by u3872,E103,Page view: {page} by {user}
30403,2026-01-12,09:53:52,INFO,WebServer,User u4664 login successful,E101,User {user} login successful
30404,2026-01-12,09:47:12,INFO,PaymentGateway,Page view: /home by u2169,E103,Page view: {page} by {user}
30405,2026-01-12,09:37:27,INFO,WebServer,Health check passed: WebServer,E102,Health check passed: {service}
30406,2026-01-12,09:17:26,INFO,AuthService,Transaction tx157078 completed in 82ms,E104,Transaction {tx} completed in {time}ms
30407,2026-01-12,09:43:45,INFO,WebServer,Transaction tx709709 completed in 538ms,E104,Transaction {tx} completed in {time}ms
30408,2026-01-12,09:55:21,INFO,WebServer,User u2738 login successful,E101,User {user} login successful
30409,2026-01-12,09:27:55,INFO,AuthService,Health check passed: AuthService,E102,Health check passed: {service}
30410,2026-01-12,09:03:34,INFO,AuthService,Transaction tx759151 completed in 294ms,E104,Transaction {tx} completed in {time}ms
30411,2026-01-12,09:01:11,INFO,WebServer,User u4614 login successful,E101,User {user} login successful
30412,2026-01-12,09:20:36,INFO,PaymentGateway,Page view: /home by u2579,E103,Page view: {page} by {user}
30413,2026-01-12,09:40:25,INFO,AuthService,Page view: /home by u2523,E103,Page view: {page} by {user}
30414,2026-01-12,09:30:16,INFO,OrderProcessor,Transaction tx250468 completed in 1277ms,E104,Transaction {tx} completed in {time}ms
30415,2026-01-12,09:11:27,INFO,InventoryDB,Page view: /home by u2671,E103,Page view: {page} by {user}
30416,2026-01-12,09:02:33,INFO,WebServer,Page view: /home by u3254,E103,Page view: {page} by {user}
30417,2026-01-12,09:57:23,INFO,AuthService,Transaction tx473378 completed in 627ms,E104,Transaction {tx} completed in {time}ms
30418,2026-01-12,09:13:37,INFO,WebServer,Transaction tx380495 completed in 185ms,E104,Transaction {tx} completed in {time}ms
30419,2026-01-12,09:51:49,INFO,WebServer,Transaction tx759708 completed in 1651ms,E104,Transaction {tx} completed in {time}ms
30420,2026-01-12,09:10:07,WARN,AuthService,Disk usage > 85% on node node-2,E202,Disk usage > 85% on node {node}
30421,2026-01-12,09:52:36,INFO,WebServer,Page view: /home by u4537,E103,Page view: {page} by {user}
30422,2026-01-12,09:46:26,INFO,WebServer,Page view: /home by u2097,E103,Page view: {page} by {user}
30423,2026-01-12,09:17:16,ERROR,OrderProcessor,Payment declined: Gateway unavailable,E503,Payment declined: Gateway unavailable
30424,2026-01-12,09:54:30,INFO,WebServer,Page view: /home by u4916,E103,Page view: {page} by {user}
30425,2026-01-12,09:54:03,INFO,WebServer,Page view: /home by u1835,E103,Page view: {page} by {user}
30426,2026-01-12,09:15:06,INFO,AuthService,Page view: /home by u1674,E103,Page view: {page} by {user}
30427,2026-01-12,09:45:55,INFO,WebServer,Health check passed: WebServer,E102,Health check passed: {service}
30428,2026-01-12,09:52:49,INFO,OrderProcessor,User u1174 login successful,E101,User {user} login successful
30429,2026-01-12,09:34:40,INFO,OrderProcessor,Health check passed: OrderProcessor,E102,Health check passed: {service}
30430,2026-01-12,09:37:14,INFO,OrderProcessor,Page view: /home by u1604,E103,Page view: {page} by {user}
30431,2026-01-12,09:28:39,INFO,WebServer,Transaction tx644135 completed in 993ms,E104,Transaction {tx} completed in {time}ms
30432,2026-01-12,09:55:07,INFO,WebServer,Health check passed: WebServer,E102,Health check passed: {service}
30433,2026-01-12,09:23:25,INFO,WebServer,Transaction tx425591 completed in 1883ms,E104,Transaction {tx} completed in {time}ms
30434,2026-01-12,09:03:53,INFO,PaymentGateway,Transaction tx934932 completed in 792ms,E104,Transaction {tx} completed in {time}ms
30435,2026-01-12,09:53:07,INFO,WebServer,Page view: /home by u3070,E103,Page view: {page} by {user}
30436,2026-01-12,09:58:45,INFO,WebServer,Health check passed: WebServer,E102,Health check passed: {service}
30437,2026-01-12,09:00:27,INFO,AuthService,User u3648 login successful,E101,User {user} login successful
30438,2026-01-12,09:17:29,INFO,WebServer,User u2544 login successful,E101,User {user} login successful
30439,2026-01-12,09:07:47,INFO,WebServer,Page view: /home by u4286,E103,Page view: {page} by {user}
30440,2026-01-12,09:46:10,INFO,OrderProcessor,Page view: /home by u3769,E103,Page view: {page} by {user}
30441,2026-01-12,09:47:36,INFO,AuthService,Page view: /home by u1867,E103,Page view: {page} by {user}
30442,2026-01-12,09:52:15,INFO,PaymentGateway,Page view: /home by u4582,E103,Page view: {page} by {user}
30443,2026-01-12,09:15:33,INFO,WebServer,Transaction tx755843 completed in 1685ms,E104,Transaction {tx} completed in {time}ms
30444,2026-01-12,09:57:50,INFO,WebServer,Page view: /home by u4580,E103,Page view: {page} by {user}
30445,2026-01-12,09:28:05,INFO,PaymentGateway,Health check passed: PaymentGateway,E102,Health check passed: {service}
30446,2026-01-12,09:38:23,INFO,WebServer,Health check passed: WebServer,E102,Health check passed: {service}
30447,2026-01-12,09:16:06,INFO,WebServer,Health check passed: WebServer,E102,Health check passed: {service}
30448,2026-01-12,09:14:49,INFO,OrderProcessor,Health check passed: OrderProcessor,E102,Health check passed: {service}
30449,2026-01-12,09:24:05,INFO,AuthService,Page view: /home by u1547,E103,Page view: {page} by {user}
30450,2026-01-12,09:39:39,INFO,WebServer,Transaction tx645961 completed in 218ms,E104,Transaction {tx} completed in {time}ms
30451,2026-01-12,09:20:27,INFO,WebServer,Page view: /home by u4515,E103,Page view: {page} by {user}
30452,2026-01-12,09:49:13,INFO,WebServer,Health check passed: WebServer,E102,Health check passed: {service}
30453,2026-01-12,09:30:34,WARN,AuthService,Unauthorized access attempt from 10.0.0.12,E401,Unauthorized access attempt from {ip}
30454,2026-01-12,09:22:03,INFO,InventoryDB,Page view: /home by u2182,E103,Page view: {page} by {user}
30455,2026-01-12,09:11:36,INFO,AuthService,Health check passed: AuthService,E102,Health check passed: {service}
30456,2026-01-12,09:14:56,ERROR,WebServer,Connection refused to WebServer at 10.0.0.12,E501,Connection refused to {service} at {ip}
30457,2026-01-12,09:36:56,ERROR,WebServer,Connection refused to WebServer at 10.0.0.45,E501,Connection refused to {service} at {ip}
30458,2026-01-12,09:41:46,ERROR,WebServer,Payment declined: Gateway unavailable,E503,Payment declined: Gateway unavailable
30459,2026-01-12,09:29:17,INFO,AuthService,Health check passed: AuthService,E102,Health check passed: {service}
30460,2026-01-12,09:18:40,INFO,WebServer,Health check passed: WebServer,E102,Health check passed: {service}
30461,2026-01-12,09:47:28,INFO,WebServer,Page view: /home by u3893,E103,Page view: {page} by {user}
30462,2026-01-12,09:04:04,INFO,WebServer,Page view: /home by u4027,E103,Page view: {page} by {user}
30463,2026-01-12,09:17:57,INFO,WebServer,Page view: /home by u1246,E103,Page view: {page} by {user}
30464,2026-01-12,09:10:10,INFO,WebServer,Transaction tx577453 completed in 621ms,E104,Transaction {tx} completed in {time}ms
30465,2026-01-12,09:42:58,INFO,WebServer,Health check passed: WebServer,E102,Health check passed: {service}
30466,2026-01-12,09:10:38,INFO,PaymentGateway,Transaction tx480185 completed in 1831ms,E104,Transaction {tx} completed in {time}ms
30467,2026-01-12,09:20:52,INFO,OrderProcessor,User u4894 login successful,E101,User {user} login successful
30468,2026-01-12,09:55:53,ERROR,WebServer,Connection refused to WebServer at 10.0.0.45,E501,Connection refused to {service} at {ip}
30469,2026-01-12,09:29:50,INFO,InventoryDB,Transaction tx378309 completed in 1731ms,E104,Transaction {tx} completed in {time}ms
30470,2026-01-12,09:03:48,WARN,WebServer,Disk usage > 85% on node node-2,E202,Disk usage > 85% on node {node}
30471,2026-01-12,09:19:08,INFO,AuthService,Transaction tx764086 completed in 1183ms,E104,Transaction {tx} completed in {time}ms
30472,2026-01-12,09:34:57,INFO,WebServer,User u3669 login successful,E101,User {user} login successful
30473,2026-01-12,09:49:49,INFO,WebServer,Transaction tx651049 completed in 797ms,E104,Transaction {tx} completed in {time}ms
30474,2026-01-12,09:06:10,INFO,AuthService,Health check passed: AuthService,E102,Health check passed: {service}
30475,2026-01-12,09:35:35,INFO,WebServer,Page view: /home by u4449,E103,Page view: {page} by {user}
30476,2026-01-12,09:17:23,INFO,WebServer,Health check passed: WebServer,E102,Health check passed: {service}
30477,2026-01-12,09:47:13,INFO,AuthService,Health check passed: AuthService,E102,Health check passed: {service}
30478,2026-01-12,09:16:41,INFO,WebServer,Health check passed: WebServer,E102,Health check passed: {service}
30479,2026-01-12,09:19:25,INFO,AuthService,Transaction tx821543 completed in 1953ms,E104,Transaction {tx} completed in {time}ms
30480,2026-01-12,09:13:31,INFO,AuthService,Transaction tx906833 completed in 1377ms,E104,Transaction {tx} completed in {time}ms
30481,2026-01-12,09:52:46,INFO,PaymentGateway,Page view: /home by u3110,E103,Page view: {page} by {user}
30482,2026-01-12,09:18:48,INFO,WebServer,Page view: /home by u1622,E103,Page view: {page} by {user}
30483,2026-01-12,09:46:22,INFO,PaymentGateway,Page view: /home by u4588,E103,Page view: {page} by {user}
30484,2026-01-12,09:37:01,INFO,WebServer,Transaction tx993228 completed in 313ms,E104,Transaction {tx} completed in {time}ms
30485,2026-01-12,09:33:26,INFO,WebServer,Transaction tx623875 completed in 1374ms,E104,Transaction {tx} completed in {time}ms
30486,2026-01-12,09:16:43,ERROR,WebServer,Timeout waiting for lock on InventoryDB,E502,Timeout waiting for lock on {db}
30487,2026-01-12,09:29:58,INFO,OrderProcessor,User u1416 login successful,E101,User {user} login successful
30488,2026-01-12,09:41:08,INFO,PaymentGateway,Health check passed: PaymentGateway,E102,Health check passed: {service}
30489,2026-01-12,09:15:06,INFO,PaymentGateway,Page view: /home by u3566,E103,Page view: {page} by {user}
30490,2026-01-12,09:02:01,INFO,AuthService,User u2416 login successful,E101,User {user} login successful
30491,2026-01-12,09:25:04,INFO,WebServer,Page view: /home by u4063,E103,Page view: {page} by {user}
30492,2026-01-12,09:46:43,INFO,AuthService,Transaction tx531870 completed in 769ms,E104,Transaction {tx} completed in {time}ms
30493,2026-01-12,09:34:52,INFO,WebServer,Transaction tx209041 completed in 1881ms,E104,Transaction {tx} completed in {time}ms
30494,2026-01-12,09:43:07,INFO,PaymentGateway,Health check passed: PaymentGateway,E102,Health check passed: {service}
30495,2026-01-12,09:13:22,INFO,PaymentGateway,User u1904 login successful,E101,User {user} login successful
30496,2026-01-12,09:16:25,INFO,WebServer,Health check passed: WebServer,E102,Health check passed: {service}
30497,2026-01-12,09:19:28,INFO,AuthService,Transaction tx173571 completed in 227ms,E104,Transaction {tx} completed in {time}ms
30498,2026-01-12,09:10:26,INFO,AuthService,Transaction tx887537 completed in 1123ms,E104,Transaction {tx} completed in {time}ms
30499,2026-01-12,09:44:03,WARN,PaymentGateway,Disk usage > 85% on node node-1,E202,Disk usage > 85% on node {node}
30500,2026-01-12,09:34:54,INFO,WebServer,Health check passed: WebServer,E102,Health check passed: {service}
30501,2026-01-12,09:25:12,INFO,WebServer,Page view: /home by u2023,E103,Page view: {page} by {user}
30502,2026-01-12,09:29:38,INFO,AuthService,Health check passed: AuthService,E102,Health check passed: {service}
30503,2026-01-12,09:32:36,INFO,WebServer,Health check passed: WebServer,E102,Health check passed: {service}
30504,2026-01-12,09:46:58,INFO,WebServer,Page view: /home by u2135,E103,Page view: {page} by {user}
30505,2026-01-12,09:07:42,INFO,OrderProcessor,Health check passed: OrderProcessor,E102,Health check passed: {service}
30506,2026-01-12,09:26:57,INFO,WebServer,Page view: /home by u3222,E103,Page view: {page} by {user}
30507,2026-01-12,09:57:08,INFO,WebServer,Transaction tx547519 completed in 1191ms,E104,Transaction {tx} completed in {time}ms
30508,2026-01-12,09:12:56,INFO,AuthService,User u3223 login successful,E101,User {user} login successful
30509,2026-01-12,09:45:41,WARN,InventoryDB,Disk usage > 85% on node node-1,E202,Disk usage > 85% on node {node}
30510,2026-01-12,09:42:03,INFO,WebServer,Transaction tx167050 completed in 864ms,E104,Transaction {tx} completed in {time}ms
30511,2026-01-12,09:42:06,INFO,AuthService,Health check passed: AuthService,E102,Health check passed: {service}
30512,2026-01-12,09:02:36,INFO,OrderProcessor,Transaction tx770999 completed in 1068ms,E104,Transaction {tx} completed in {time}ms
30513,2026-01-12,09:28:57,INFO,WebServer,Transaction tx859957 completed in 1558ms,E104,Transaction {tx} completed in {time}ms
30514,2026-01-12,09:27:11,INFO,InventoryDB,Health check passed: InventoryDB,E102,Health check passed: {service}
30515,2026-01-12,09:50:19,INFO,AuthService,User u1153 login successful,E101,User {user} login successful
30516,2026-01-12,09:32:07,INFO,AuthService,Health check passed: AuthService,E102,Health check passed: {service}
30517,2026-01-12,09:51:28,WARN,WebServer,Unauthorized access attempt from 10.0.0.88,E401,Unauthorized access attempt from {ip}
30518,2026-01-12,09:30:04,INFO,OrderProcessor,Health check passed: OrderProcessor,E102,Health check passed: {service}
30519,2026-01-12,09:20:18,INFO,WebServer,Health check passed: WebServer,E102,Health check passed: {service}
30520,2026-01-12,09:28:48,INFO,WebServer,Health check passed: WebServer,E102,Health check passed: {service}
30521,2026-01-12,09:09:48,INFO,WebServer,Page view: /home by u3331,E103,Page view: {page} by {user}
30522,2026-01-12,09:58:54,INFO,WebServer,Health check passed: WebServer,E102,Health check passed: {service}
30523,2026-01-12,09:43:11,INFO,WebServer,Health check passed: WebServer,E102,Health check passed: {service}
30524,2026-01-12,09:49:22,INFO,WebServer,Page view: /home by u1032,E103,Page view: {page} by {user}
30525,2026-01-12,09:42:50,INFO,AuthService,User u3874 login successful,E101,User {user} login successful
30526,2026-01-12,09:33:48,INFO,WebServer,Page view: /home by u2799,E103,Page view: {page} by {user}
30527,2026-01-12,09:02:20,ERROR,OrderProcessor,Timeout waiting for lock on InventoryDB,E502,Timeout waiting for lock on {db}
30528,2026-01-12,09:08:14,INFO,InventoryDB,Health check passed: InventoryDB,E102,Health check passed: {service}
30529,2026-01-12,09:28:54,INFO,WebServer,Health check passed: WebServer,E102,Health check passed: {service}
30530,2026-01-12,09:11:06,INFO,OrderProcessor,Health check passed: OrderProcessor,E102,Health check passed: {service}
30531,2026-01-12,09:56:20,INFO,WebServer,Transaction tx498323 completed in 305ms,E104,Transaction {tx} completed in {time}ms
30532,2026-01-12,09:56:54,INFO,OrderProcessor,Health check passed: OrderProcessor,E102,Health check passed: {service}
30533,2026-01-12,09:53:12,ERROR,OrderProcessor,Timeout waiting for lock on InventoryDB,E502,Timeout waiting for lock on {db}
30534,2026-01-12,09:29:29,INFO,WebServer,Transaction tx100757 completed in 997ms,E104,Transaction {tx} completed in {time}ms
30535,2026-01-12,09:04:43,INFO,WebServer,User u4639 login successful,E101,User {user} login successful
30536,2026-01-12,09:47:05,INFO,WebServer,Health check passed: WebServer,E102,Health check passed: {service}
30537,2026-01-12,09:10:30,INFO,WebServer,Page view: /home by u4707,E103,Page view: {page} by {user}
30538,2026-01-12,09:55:44,INFO,WebServer,User u1024 login successful,E101,User {user} login successful
30539,2026-01-12,09:11:38,INFO,AuthService,Health check passed: AuthService,E102,Health check passed: {service}
30540,2026-01-12,09:29:11,INFO,AuthService,Health check passed: AuthService,E102,Health check passed: {service}
30541,2026-01-12,09:16:09,INFO,InventoryDB,Page view: /home by u1485,E103,Page view: {page} by {user}
30542,2026-01-12,09:31:43,INFO,PaymentGateway,Page view: /home by u1023,E103,Page view: {page} by {user}
30543,2026-01-12,09:55:47,INFO,PaymentGateway,Page view: /home by u1547,E103,Page view: {page} by {user}
30544,2026-01-12,09:55:12,INFO,PaymentGateway,Transaction tx143484 completed in 120ms,E104,Transaction {tx} completed in {time}ms
30545,2026-01-12,09:17:06,INFO,WebServer,Health check passed: WebServer,E102,Health check passed: {service}
30546,2026-01-12,09:16:06,INFO,WebServer,Transaction tx321743 completed in 775ms,E104,Transaction {tx} completed in {time}ms
30547,2026-01-12,09:59:06,INFO,WebServer,Transaction tx636554 completed in 198ms,E104,Transaction {tx} completed in {time}ms
30548,2026-01-12,09:43:37,INFO,AuthService,Health check passed: AuthService,E102,Health check passed: {service}
30549,2026-01-12,09:22:57,INFO,OrderProcessor,Page view: /home by u4061,E103,Page view: {page} by {user}
30550,2026-01-12,09:28:34,INFO,AuthService,Page view: /home by u1180,E103,Page view: {page} by {user}
30551,2026-01-12,09:27:47,INFO,AuthService,User u1601 login successful,E101,User {user} login successful
30552,2026-01-12,09:43:50,INFO,AuthService,Transaction tx795979 completed in 1928ms,E104,Transaction {tx} completed in {time}ms
30553,2026-01-12,09:22:57,INFO,AuthService,Health check passed: AuthService,E102,Health check passed: {service}
30554,2026-01-12,09:32:06,INFO,WebServer,Health check passed: WebServer,E102,Health check passed: {service}
30555,2026-01-12,09:59:57,INFO,WebServer,Page view: /home by u1061,E103,Page view: {page} by {user}
30556,2026-01-12,09:56:49,INFO,WebServer,Health check passed: WebServer,E102,Health check passed: {service}
30557,2026-01-12,09:04:35,INFO,WebServer,Transaction tx759886 completed in 1828ms,E104,Transaction {tx} completed in {time}ms
30558,2026-01-12,09:46:07,INFO,WebServer,User u4061 login successful,E101,User {user} login successful
30559,2026-01-12,09:26:45,INFO,WebServer,Health check passed: WebServer,E102,Health check passed: {service}
30560,2026-01-12,09:15:22,INFO,AuthService,Page view: /home by u1829,E103,Page view: {page} by {user}
30561,2026-01-12,09:35:59,INFO,WebServer,User u1497 login successful,E101,User {user} login successful
30562,2026-01-12,09:02:37,INFO,WebServer,Transaction tx710749 completed in 771ms,E104,Transaction {tx} completed in {time}ms
30563,2026-01-12,09:45:06,ERROR,PaymentGateway,Connection refused to PaymentGateway at 10.0.0.45,E501,Connection refused to {service} at {ip}
30564,2026-01-12,09:45:12,INFO,AuthService,User u3928 login successful,E101,User {user} login successful
30565,2026-01-12,09:48:50,INFO,WebServer,Health check passed: WebServer,E102,Health check passed: {service}
30566,2026-01-12,09:34:12,INFO,AuthService,Health check passed: AuthService,E102,Health check passed: {service}
30567,2026-01-12,09:25:29,INFO,AuthService,User u3067 login successful,E101,User {user} login successful
30568,2026-01-12,09:08:02,INFO,AuthService,User u1189 login successful,E101,User {user} login successful
30569,2026-01-12,09:20:23,INFO,WebServer,Transaction tx132826 completed in 1656ms,E104,Transaction {tx} completed in {time}ms
30570,2026-01-12,09:50:46,INFO,InventoryDB,Health check passed: InventoryDB,E102,Health check passed: {service}
30571,2026-01-12,09:33:55,INFO,AuthService,Transaction tx550228 completed in 406ms,E104,Transaction {tx} completed in {time}ms
30572,2026-01-12,09:25:10,INFO,InventoryDB,Transaction tx780545 completed in 1922ms,E104,Transaction {tx} completed in {time}ms
30573,2026-01-12,09:49:44,INFO,WebServer,Page view: /home by u1233,E103,Page view: {page} by {user}
30574,2026-01-12,09:19:21,INFO,WebServer,User u1898 login successful,E101,User {user} login successful
30575,2026-01-12,09:32:41,INFO,WebServer,Health check passed: WebServer,E102,Health check passed: {service}
30576,2026-01-12,09:36:34,INFO,InventoryDB,Transaction tx673379 completed in 381ms,E104,Transaction {tx} completed in {time}ms
30577,2026-01-12,09:17:03,INFO,OrderProcessor,Transaction tx573816 completed in 1772ms,E104,Transaction {tx} completed in {time}ms
30578,2026-01-12,09:05:41,INFO,AuthService,Health check passed: AuthService,E102,Health check passed: {service}
30579,2026-01-12,09:28:06,INFO,WebServer,Page view: /home by u3400,E103,Page view: {page} by {user}
30580,2026-01-12,09:39:28,INFO,WebServer,User u2585 login successful,E101,User {user} login successful
30581,2026-01-12,09:37:48,INFO,InventoryDB,User u4540 login successful,E101,User {user} login successful
30582,2026-01-12,09:58:14,INFO,OrderProcessor,User u1593 login successful,E101,User {user} login successful
30583,2026-01-12,09:30:09,INFO,AuthService,Health check passed: AuthService,E102,Health check passed: {service}
30584,2026-01-12,09:34:01,INFO,PaymentGateway,Health check passed: PaymentGateway,E102,Health check passed: {service}
30585,2026-01-12,09:08:23,INFO,WebServer,User u3106 login successful,E101,User {user} login successful
30586,2026-01-12,09:23:25,INFO,AuthService,User u3656 login successful,E101,User {user} login successful
30587,2026-01-12,09:37:10,INFO,WebServer,Health check passed: WebServer,E102,Health check passed: {service}
30588,2026-01-12,09:04:52,INFO,AuthService,Health check passed: AuthService,E102,Health check passed: {service}
30589,2026-01-12,09:01:17,INFO,WebServer,User u3631 login successful,E101,User {user} login successful
30590,2026-01-12,09:39:38,INFO,WebServer,Health check passed: WebServer,E102,Health check passed: {service}
30591,2026-01-12,09:11:57,INFO,WebServer,Transaction tx695608 completed in 1865ms,E104,Transaction {tx} completed in {time}ms
30592,2026-01-12,09:36:36,INFO,InventoryDB,User u3167 login successful,E101,User {user} login successful
30593,2026-01-12,09:23:36,INFO,WebServer,User u2277 login successful,E101,User {user} login successful
30594,2026-01-12,09:32:14,INFO,WebServer,Health check passed: WebServer,E102,Health check passed: {service}
30595,2026-01-12,09:00:10,INFO,OrderProcessor,User u2465 login successful,E101,User {user} login successful
30596,2026-01-12,09:08:21,INFO,WebServer,Page view: /home by u4195,E103,Page view: {page} by {user}
30597,2026-01-12,09:58:30,INFO,WebServer,User u1782 login successful,E101,User {user} login successful
30598,2026-01-12,09:04:34,ERROR,AuthService,Payment declined: Gateway unavailable,E503,Payment declined: Gateway unavailable
30599,2026-01-12,09:51:07,INFO,AuthService,Transaction tx574023 completed in 1118ms,E104,Transaction {tx} completed in {time}ms
30600,2026-01-12,09:28:27,INFO,WebServer,Page view: /home by u2446,E103,Page view: {page} by {user}
30601,2026-01-12,09:36:46,INFO,WebServer,Page view: /home by u1956,E103,Page view: {page} by {user}
30602,2026-01-12,09:48:28,INFO,OrderProcessor,User u1858 login successful,E101,User {user} login successful
30603,2026-01-12,09:31:55,INFO,WebServer,Transaction tx275627 completed in 1945ms,E104,Transaction {tx} completed in {time}ms
30604,2026-01-12,09:54:41,INFO,AuthService,User u2239 login successful,E101,User {user} login successful
30605,2026-01-12,09:26:33,INFO,OrderProcessor,Transaction tx278628 completed in 1131ms,E104,Transaction {tx} completed in {time}ms
30606,2026-01-12,09:28:40,INFO,PaymentGateway,Health check passed: PaymentGateway,E102,Health check passed: {service}
30607,2026-01-12,09:15:59,INFO,WebServer,Health check passed: WebServer,E102,Health check passed: {service}
30608,2026-01-12,09:39:53,INFO,WebServer,Transaction tx677533 completed in 1541ms,E104,Transaction {tx} completed in {time}ms
30609,2026-01-12,09:48:12,INFO,WebServer,Page view: /home by u4136,E103,Page view: {page} by {user}
30610,2026-01-12,09:47:26,INFO,AuthService,Health check passed: AuthService,E102,Health check passed: {service}
30611,2026-01-12,09:58:59,INFO,PaymentGateway,User u4109 login successful,E101,User {user} login successful
30612,2026-01-12,09:55:11,WARN,AuthService,Disk usage > 85% on node node-5,E202,Disk usage > 85% on node {node}
30613,2026-01-12,09:25:36,INFO,PaymentGateway,Transaction tx552911 completed in 535ms,E104,Transaction {tx} completed in {time}ms
30614,2026-01-12,09:23:12,INFO,WebServer,Health check passed: WebServer,E102,Health check passed: {service}
30615,2026-01-12,09:26:13,INFO,AuthService,Page view: /home by u2724,E103,Page view: {page} by {user}
30616,2026-01-12,09:21:51,INFO,WebServer,Page view: /home by u2088,E103,Page view: {page} by {user}
30617,2026-01-12,09:03:51,WARN,OrderProcessor,Disk usage > 85% on node node-4,E202,Disk usage > 85% on node {node}
30618,2026-01-12,09:58:14,INFO,AuthService,User u3115 login successful,E101,User {user} login successful
30619,2026-01-12,09:39:35,INFO,WebServer,Transaction tx384749 completed in 574ms,E104,Transaction {tx} completed in {time}ms
30620,2026-01-12,09:47:50,INFO,PaymentGateway,Page view: /home by u1864,E103,Page view: {page} by {user}
30621,2026-01-12,09:04:14,INFO,OrderProcessor,User u2077 login successful,E101,User {user} login successful
30622,2026-01-12,09:12:18,INFO,WebServer,Page view: /home by u2558,E103,Page view: {page} by {user}
30623,2026-01-12,09:51:08,INFO,OrderProcessor,Page view: /home by u3655,E103,Page view: {page} by {user}
30624,2026-01-12,09:12:01,INFO,OrderProcessor,Transaction tx964842 completed in 1169ms,E104,Transaction {tx} completed in {time}ms
30625,2026-01-12,09:33:10,INFO,WebServer,User u4791 login successful,E101,User {user} login successful
30626,2026-01-12,09:21:37,INFO,AuthService,User u4974 login successful,E101,User {user} login successful
30627,2026-01-12,09:16:26,INFO,WebServer,Health check passed: WebServer,E102,Health check passed: {service}
30628,2026-01-12,09:04:01,INFO,WebServer,User u4321 login successful,E101,User {user} login successful
30629,2026-01-12,09:30:06,INFO,OrderProcessor,Transaction tx308759 completed in 425ms,E104,Transaction {tx} completed in {time}ms
30630,2026-01-12,09:55:44,WARN,AuthService,High latency (1192ms) detected on AuthService,E201,High latency ({time}ms) detected on {service}
30631,2026-01-12,09:20:08,INFO,WebServer,User u4685 login successful,E101,User {user} login successful
30632,2026-01-12,09:53:38,INFO,AuthService,Page view: /home by u4660,E103,Page view: {page} by {user}
30633,2026-01-12,09:00:35,INFO,AuthService,Transaction tx367276 completed in 537ms,E104,Transaction {tx} completed in {time}ms
30634,2026-01-12,09:37:40,ERROR,OrderProcessor,Timeout waiting for lock on InventoryDB,E502,Timeout waiting for lock on {db}
30635,2026-01-12,09:09:34,INFO,WebServer,User u2304 login successful,E101,User {user} login successful
30636,2026-01-12,09:25:25,INFO,WebServer,Page view: /home by u2097,E103,Page view: {page} by {user}
30637,2026-01-12,09:09:53,INFO,WebServer,Transaction tx348101 completed in 427ms,E104,Transaction {tx} completed in {time}ms
30638,2026-01-12,09:09:08,INFO,WebServer,Page view: /home by u1703,E103,Page view: {page} by {user}
30639,2026-01-12,09:26:48,INFO,AuthService,User u3873 login successful,E101,User {user} login successful
30640,2026-01-12,09:04:08,INFO,AuthService,Transaction tx282165 completed in 475ms,E104,Transaction {tx} completed in {time}ms
30641,2026-01-12,09:34:29,INFO,OrderProcessor,User u2887 login successful,E101,User {user} login successful
30642,2026-01-12,09:21:37,INFO,PaymentGateway,Page view: /home by u2396,E103,Page view: {page} by {user}
30643,2026-01-12,09:44:58,INFO,WebServer,User u2962 login successful,E101,User {user} login successful
30644,2026-01-12,09:08:53,INFO,InventoryDB,Health check passed: InventoryDB,E102,Health check passed: {service}
30645,2026-01-12,09:28:08,INFO,WebServer,User u2525 login successful,E101,User {user} login successful
30646,2026-01-12,09:31:19,INFO,WebServer,Page view: /home by u1365,E103,Page view: {page} by {user}
30647,2026-01-12,09:22:20,INFO,InventoryDB,Page view: /home by u4808,E103,Page view: {page} by {user}
30648,2026-01-12,09:58:23,INFO,WebServer,Health check passed: WebServer,E102,Health check passed: {service}
30649,2026-01-12,09:53:51,INFO,WebServer,Health check passed: WebServer,E102,Health check passed: {service}
30650,2026-01-12,09:36:43,INFO,OrderProcessor,Health check passed: OrderProcessor,E102,Health check passed: {service}
30651,2026-01-12,09:14:46,INFO,WebServer,Health check passed: WebServer,E102,Health check passed: {service}
30652,2026-01-12,09:35:05,INFO,WebServer,Page view: /home by u2408,E103,Page view: {page} by {user}
30653,2026-01-12,09:19:57,INFO,OrderProcessor,User u3437 login successful,E101,User {user} login successful
30654,2026-01-12,09:11:31,INFO,WebServer,Transaction tx411930 completed in 865ms,E104,Transaction {tx} completed in {time}ms
30655,2026-01-12,09:52:51,INFO,WebServer,Transaction tx773904 completed in 619ms,E104,Transaction {tx} completed in {time}ms
30656,2026-01-12,09:08:01,INFO,OrderProcessor,User u3705 login successful,E101,User {user} login successful
30657,2026-01-12,09:38:19,INFO,AuthService,Page view: /home by u4207,E103,Page view: {page} by {user}
30658,2026-01-12,09:07:15,INFO,AuthService,Health check passed: AuthService,E102,Health check passed: {service}
30659,2026-01-12,09:50:34,INFO,AuthService,Transaction tx492845 completed in 1315ms,E104,Transaction {tx} completed in {time}ms
30660,2026-01-12,09:42:43,INFO,WebServer,Page view: /home by u2677,E103,Page view: {page} by {user}
30661,2026-01-12,09:58:57,INFO,OrderProcessor,Transaction tx621174 completed in 342ms,E104,Transaction {tx} completed in {time}ms
30662,2026-01-12,09:10:07,INFO,OrderProcessor,Health check passed: OrderProcessor,E102,Health check passed: {service}
30663,2026-01-12,09:32:29,INFO,AuthService,Transaction tx534811 completed in 1571ms,E104,Transaction {tx} completed in {time}ms
30664,2026-01-12,09:13:05,INFO,WebServer,User u4642 login successful,E101,User {user} login successful
30665,2026-01-12,09:13:36,INFO,WebServer,Page view: /home by u1726,E103,Page view: {page} by {user}
30666,2026-01-12,09:02:17,INFO,OrderProcessor,Health check passed: OrderProcessor,E102,Health check passed: {service}
30667,2026-01-12,09:19:20,INFO,WebServer,User u3587 login successful,E101,User {user} login successful
30668,2026-01-12,09:30:21,INFO,OrderProcessor,Page view: /home by u3866,E103,Page view: {page} by {user}
30669,2026-01-12,09:00:56,INFO,WebServer,Transaction tx320705 completed in 628ms,E104,Transaction {tx} completed in {time}ms
30670,2026-01-12,09:35:15,INFO,AuthService,Health check passed: AuthService,E102,Health check passed: {service}
30671,2026-01-12,09:03:24,INFO,WebServer,Page view: /home by u3559,E103,Page view: {page} by {user}
30672,2026-01-12,09:51:44,INFO,WebServer,User u3076 login successful,E101,User {user} login successful
30673,2026-01-12,09:42:27,INFO,AuthService,Transaction tx611504 completed in 850ms,E104,Transaction {tx} completed in {time}ms
30674,2026-01-12,09:00:09,INFO,WebServer,Health check passed: WebServer,E102,Health check passed: {service}
30675,2026-01-12,09:54:43,INFO,InventoryDB,Health check passed: InventoryDB,E102,Health check passed: {service}
30676,2026-01-12,09:30:13,INFO,WebServer,Transaction tx528138 completed in 1856ms,E104,Transaction {tx} completed in {time}ms
30677,2026-01-12,09:46:58,INFO,WebServer,Transaction tx232589 completed in 1028ms,E104,Transaction {tx} completed in {time}ms
30678,2026-01-12,09:14:24,INFO,InventoryDB,Page view: /home by u3874,E103,Page view: {page} by {user}
30679,2026-01-12,09:36:39,INFO,WebServer,Transaction tx879676 completed in 1675ms,E104,Transaction {tx} completed in {time}ms
30680,2026-01-12,09:45:57,INFO,WebServer,Health check passed: WebServer,E102,Health check passed: {service}
30681,2026-01-12,09:37:06,INFO,WebServer,Page view: /home by u2629,E103,Page view: {page} by {user}
30682,2026-01-12,09:59:52,INFO,OrderProcessor,Page view: /home by u3540,E103,Page view: {page} by {user}
30683,2026-01-12,09:45:45,INFO,OrderProcessor,Health check passed: OrderProcessor,E102,Health check passed: {service}
30684,2026-01-12,09:20:54,INFO,WebServer,Health check passed: WebServer,E102,Health check passed: {service}
30685,2026-01-12,09:23:25,INFO,WebServer,Health check passed: WebServer,E102,Health check passed: {service}
30686,2026-01-12,09:37:17,INFO,AuthService,Page view: /home by u3730,E103,Page view: {page} by {user}
30687,2026-01-12,09:13:33,INFO,AuthService,User u2430 login successful,E101,User {user} login successful
30688,2026-01-12,09:11:27,INFO,AuthService,Page view: /home by u4004,E103,Page view: {page} by {user}
30689,2026-01-12,09:12:47,INFO,PaymentGateway,Health check passed: PaymentGateway,E102,Health check passed: {service}
30690,2026-01-12,09:38:51,INFO,WebServer,Page view: /home by u1699,E103,Page view: {page} by {user}
30691,2026-01-12,09:52:43,INFO,PaymentGateway,Health check passed: PaymentGateway,E102,Health check passed: {service}
30692,2026-01-12,09:45:46,INFO,AuthService,User u1636 login successful,E101,User {user} login successful
30693,2026-01-12,09:29:24,INFO,AuthService,User u3242 login successful,E101,User {user} login successful
30694,2026-01-12,09:26:58,INFO,WebServer,Health check passed: WebServer,E102,Health check passed: {service}
30695,2026-01-12,09:40:30,INFO,WebServer,Transaction tx834182 completed in 958ms,E104,Transaction {tx} completed in {time}ms
30696,2026-01-12,09:58:33,INFO,OrderProcessor,Page view: /home by u3235,E103,Page view: {page} by {user}
30697,2026-01-12,09:14:31,INFO,AuthService,Transaction tx702489 completed in 180ms,E104,Transaction {tx} completed in {time}ms
30698,2026-01-12,09:59:27,INFO,WebServer,Transaction tx828042 completed in 1265ms,E104,Transaction {tx} completed in {time}ms
30699,2026-01-12,09:28:36,INFO,OrderProcessor,Page view: /home by u3697,E103,Page view: {page} by {user}
30700,2026-01-12,09:22:30,INFO,WebServer,Health check passed: WebServer,E102,Health check passed: {service}
30701,2026-01-12,09:08:40,INFO,WebServer,Page view: /home by u4173,E103,Page view: {page} by {user}
30702,2026-01-12,09:04:16,INFO,WebServer,User u1167 login successful,E101,User {user} login successful
30703,2026-01-12,09:20:07,INFO,OrderProcessor,Transaction tx686750 completed in 464ms,E104,Transaction {tx} completed in {time}ms
30704,2026-01-12,09:38:20,INFO,OrderProcessor,Transaction tx298024 completed in 935ms,E104,Transaction {tx} completed in {time}ms
30705,2026-01-12,09:59:04,INFO,WebServer,Transaction tx669643 completed in 1093ms,E104,Transaction {tx} completed in {time}ms
30706,2026-01-12,09:45:19,INFO,OrderProcessor,Page view: /home by u2418,E103,Page view: {page} by {user}
30707,2026-01-12,09:11:56,INFO,WebServer,User u1458 login successful,E101,User {user} login successful
30708,2026-01-12,09:48:31,INFO,AuthService,Transaction tx339987 completed in 1483ms,E104,Transaction {tx} completed in {time}ms
30709,2026-01-12,09:03:45,INFO,WebServer,Page view: /home by u4532,E103,Page view: {page} by {user}
30710,2026-01-12,09:07:51,INFO,WebServer,Transaction tx694855 completed in 1472ms,E104,Transaction {tx} completed in {time}ms
30711,2026-01-12,09:15:54,INFO,AuthService,Page view: /home by u4607,E103,Page view: {page} by {user}
30712,2026-01-12,09:21:38,INFO,WebServer,User u4211 login successful,E101,User {user} login successful
30713,2026-01-12,09:58:45,INFO,AuthService,Page view: /home by u1945,E103,Page view: {page} by {user}
30714,2026-01-12,09:18:32,INFO,OrderProcessor,Page view: /home by u3798,E103,Page view: {page} by {user}
30715,2026-01-12,09:09:14,INFO,WebServer,User u1679 login successful,E101,User {user} login successful
30716,2026-01-12,09:20:43,INFO,WebServer,Page view: /home by u2014,E103,Page view: {page} by {user}
30717,2026-01-12,09:11:43,INFO,WebServer,Health check passed: WebServer,E102,Health check passed: {service}
30718,2026-01-12,09:26:34,INFO,PaymentGateway,User u3635 login successful,E101,User {user} login successful
30719,2026-01-12,09:48:15,INFO,OrderProcessor,Transaction tx180172 completed in 761ms,E104,Transaction {tx} completed in {time}ms
30720,2026-01-12,09:11:05,INFO,WebServer,Health check passed: WebServer,E102,Health check passed: {service}
30721,2026-01-12,09:27:39,INFO,AuthService,User u4940 login successful,E101,User {user} login successful
30722,2026-01-12,09:35:23,INFO,OrderProcessor,User u2516 login successful,E101,User {user} login successful
30723,2026-01-12,09:22:42,INFO,PaymentGateway,User u1855 login successful,E101,User {user} login successful
30724,2026-01-12,09:04:14,INFO,OrderProcessor,User u2824 login successful,E101,User {user} login successful
30725,2026-01-12,09:28:23,INFO,AuthService,Page view: /home by u1021,E103,Page view: {page} by {user}
30726,2026-01-12,09:18:57,INFO,AuthService,Health check passed: AuthService,E102,Health check passed: {service}
30727,2026-01-12,09:15:00,INFO,InventoryDB,User u5000 login successful,E101,User {user} login successful
30728,2026-01-12,09:02:50,WARN,InventoryDB,High latency (1228ms) detected on InventoryDB,E201,High latency ({time}ms) detected on {service}
30729,2026-01-12,09:14:31,WARN,WebServer,Disk usage > 85% on node node-3,E202,Disk usage > 85% on node {node}
30730,2026-01-12,09:23:54,INFO,WebServer,Page view: /home by u1266,E103,Page view: {page} by {user}
30731,2026-01-12,09:37:13,INFO,AuthService,Transaction tx848603 completed in 434ms,E104,Transaction {tx} completed in {time}ms
30732,2026-01-12,09:28:37,INFO,WebServer,Transaction tx971878 completed in 535ms,E104,Transaction {tx} completed in {time}ms
30733,2026-01-12,09:39:42,INFO,AuthService,Transaction tx688421 completed in 33ms,E104,Transaction {tx} completed in {time}ms
30734,2026-01-12,09:12:41,INFO,OrderProcessor,Health check passed: OrderProcessor,E102,Health check passed: {service}
30735,2026-01-12,09:47:04,INFO,OrderProcessor,User u4485 login successful,E101,User {user} login successful
30736,2026-01-12,09:35:51,INFO,AuthService,Page view: /home by u1870,E103,Page view: {page} by {user}
30737,2026-01-12,09:21:51,WARN,OrderProcessor,Disk usage > 85% on node node-4,E202,Disk usage > 85% on node {node}
30738,2026-01-12,09:56:59,INFO,AuthService,Transaction tx593443 completed in 906ms,E104,Transaction {tx} completed in {time}ms
30739,2026-01-12,09:56:23,WARN,WebServer,High latency (1347ms) detected on WebServer,E201,High latency ({time}ms) detected on {service}
30740,2026-01-12,09:26:48,INFO,AuthService,Health check passed: AuthService,E102,Health check passed: {service}
30741,2026-01-12,09:51:41,INFO,AuthService,Health check passed: AuthService,E102,Health check passed: {service}
30742,2026-01-12,09:26:52,INFO,OrderProcessor,User u2695 login successful,E101,User {user} login successful
30743,2026-01-12,09:57:46,INFO,WebServer,Page view: /home by u3689,E103,Page view: {page} by {user}
30744,2026-01-12,09:28:42,WARN,WebServer,Unauthorized access attempt from 10.0.0.99,E401,Unauthorized access attempt from {ip}
30745,2026-01-12,09:23:32,INFO,OrderProcessor,User u1650 login successful,E101,User {user} login successful
30746,2026-01-12,09:20:21,INFO,AuthService,Page view: /home by u3457,E103,Page view: {page} by {user}
30747,2026-01-12,09:09:52,INFO,AuthService,Transaction tx991519 completed in 1940ms,E104,Transaction {tx} completed in {time}ms
30748,2026-01-12,09:04:24,INFO,OrderProcessor,Transaction tx786742 completed in 564ms,E104,Transaction {tx} completed in {time}ms
30749,2026-01-12,09:34:49,INFO,WebServer,Page view: /home by u4309,E103,Page view: {page} by {user}
30750,2026-01-12,09:14:57,INFO,WebServer,User u3680 login successful,E101,User {user} login successful
30751,2026-01-12,09:24:41,INFO,PaymentGateway,User u3303 login successful,E101,User {user} login successful
30752,2026-01-12,09:10:31,INFO,WebServer,User u1875 login successful,E101,User {user} login successful
30753,2026-01-12,09:55:02,INFO,WebServer,Health check passed: WebServer,E102,Health check passed: {service}
30754,2026-01-12,09:27:08,INFO,OrderProcessor,Health check passed: OrderProcessor,E102,Health check passed: {service}
30755,2026-01-12,09:03:15,INFO,WebServer,User u3315 login successful,E101,User {user} login successful
30756,2026-01-12,09:20:03,INFO,WebServer,Transaction tx966244 completed in 1352ms,E104,Transaction {tx} completed in {time}ms
30757,2026-01-12,09:40:42,INFO,WebServer,User u4875 login successful,E101,User {user} login successful
30758,2026-01-12,09:15:10,INFO,WebServer,User u3343 login successful,E101,User {user} login successful
30759,2026-01-12,09:20:43,INFO,WebServer,Page view: /home by u3385,E103,Page view: {page} by {user}
30760,2026-01-12,09:15:05,INFO,InventoryDB,Page view: /home by u2025,E103,Page view: {page} by {user}
30761,2026-01-12,09:13:57,INFO,WebServer,Health check passed: WebServer,E102,Health check passed: {service}
30762,2026-01-12,09:06:21,INFO,WebServer,User u3844 login successful,E101,User {user} login successful
30763,2026-01-12,09:50:20,INFO,PaymentGateway,User u2566 login successful,E101,User {user} login successful
30764,2026-01-12,09:19:21,INFO,WebServer,User u4990 login successful,E101,User {user} login successful
30765,2026-01-12,09:08:31,INFO,WebServer,Transaction tx447550 completed in 624ms,E104,Transaction {tx} completed in {time}ms
30766,2026-01-12,09:00:04,INFO,WebServer,Page view: /home by u3443,E103,Page view: {page} by {user}
30767,2026-01-12,09:39:46,INFO,OrderProcessor,User u4588 login successful,E101,User {user} login successful
30768,2026-01-12,09:45:39,INFO,WebServer,Health check passed: WebServer,E102,Health check passed: {service}
30769,2026-01-12,09:24:53,INFO,WebServer,Transaction tx303607 completed in 484ms,E104,Transaction {tx} completed in {time}ms
30770,2026-01-12,09:55:05,INFO,WebServer,User u2368 login successful,E101,User {user} login successful
30771,2026-01-12,09:56:08,INFO,WebServer,Health check passed: WebServer,E102,Health check passed: {service}
30772,2026-01-12,09:01:08,INFO,AuthService,Transaction tx167022 completed in 849ms,E104,Transaction {tx} completed in {time}ms
30773,2026-01-12,09:49:12,WARN,AuthService,Disk usage > 85% on node node-4,E202,Disk usage > 85% on node {node}
30774,2026-01-12,09:11:10,INFO,PaymentGateway,User u1862 login successful,E101,User {user} login successful
30775,2026-01-12,09:09:57,WARN,WebServer,High latency (1717ms) detected on WebServer,E201,High latency ({time}ms) detected on {service}
30776,2026-01-12,09:30:07,INFO,WebServer,Transaction tx967548 completed in 1675ms,E104,Transaction {tx} completed in {time}ms
30777,2026-01-12,09:34:22,INFO,OrderProcessor,Page view: /home by u4008,E103,Page view: {page} by {user}
30778,2026-01-12,09:30:33,INFO,OrderProcessor,Health check passed: OrderProcessor,E102,Health check passed: {service}
30779,2026-01-12,09:11:19,INFO,WebServer,User u1360 login successful,E101,User {user} login successful
30780,2026-01-12,09:38:41,WARN,OrderProcessor,Unauthorized access attempt from 10.0.0.12,E401,Unauthorized access attempt from {ip}
30781,2026-01-12,09:59:03,INFO,OrderProcessor,Health check passed: OrderProcessor,E102,Health check passed: {service}
30782,2026-01-12,09:25:59,INFO,WebServer,Page view: /home by u1966,E103,Page view: {page} by {user}
30783,2026-01-12,09:08:22,INFO,WebServer,User u2690 login successful,E101,User {user} login successful
30784,2026-01-12,09:22:00,INFO,InventoryDB,Health check passed: InventoryDB,E102,Health check passed: {service}
30785,2026-01-12,09:24:12,INFO,AuthService,Health check passed: AuthService,E102,Health check passed: {service}
30786,2026-01-12,09:02:28,INFO,AuthService,User u1070 login successful,E101,User {user} login successful
30787,2026-01-12,09:12:03,INFO,OrderProcessor,Transaction tx896352 completed in 267ms,E104,Transaction {tx} completed in {time}ms
30788,2026-01-12,09:47:51,INFO,PaymentGateway,Transaction tx852525 completed in 1455ms,E104,Transaction {tx} completed in {time}ms
30789,2026-01-12,09:49:12,INFO,InventoryDB,User u1651 login successful,E101,User {user} login successful
30790,2026-01-12,09:48:43,INFO,AuthService,Health check passed: AuthService,E102,Health check passed: {service}
30791,2026-01-12,09:01:10,INFO,WebServer,User u1725 login successful,E101,User {user} login successful
30792,2026-01-12,09:33:49,INFO,PaymentGateway,Page view: /home by u1776,E103,Page view: {page} by {user}
30793,2026-01-12,09:20:18,INFO,WebServer,Health check passed: WebServer,E102,Health check passed: {service}
30794,2026-01-12,09:47:08,INFO,OrderProcessor,Transaction tx233333 completed in 315ms,E104,Transaction {tx} completed in {time}ms
30795,2026-01-12,09:11:25,INFO,AuthService,User u4885 login successful,E101,User {user} login successful
30796,2026-01-12,09:16:14,INFO,InventoryDB,Transaction tx785382 completed in 1080ms,E104,Transaction {tx} completed in {time}ms
30797,2026-01-12,09:08:11,INFO,InventoryDB,Health check passed: InventoryDB,E102,Health check passed: {service}
30798,2026-01-12,09:23:35,INFO,WebServer,Transaction tx196243 completed in 1321ms,E104,Transaction {tx} completed in {time}ms
30799,2026-01-12,09:59:10,INFO,WebServer,Health check passed: WebServer,E102,Health check passed: {service}
30800,2026-01-12,09:48:33,INFO,WebServer,Page view: /home by u1897,E103,Page view: {page} by {user}
30801,2026-01-12,09:51:59,INFO,AuthService,Transaction tx176857 completed in 1662ms,E104,Transaction {tx} completed in {time}ms
30802,2026-01-12,09:21:14,INFO,OrderProcessor,Page view: /home by u1773,E103,Page view: {page} by {user}
30803,2026-01-12,09:57:31,INFO,PaymentGateway,Page view: /home by u1877,E103,Page view: {page} by {user}
30804,2026-01-12,09:07:22,INFO,OrderProcessor,Transaction tx403417 completed in 1065ms,E104,Transaction {tx} completed in {time}ms
30805,2026-01-12,09:34:50,INFO,OrderProcessor,Health check passed: OrderProcessor,E102,Health check passed: {service}
30806,2026-01-12,09:32:09,INFO,WebServer,Health check passed: WebServer,E102,Health check passed: {service}
30807,2026-01-12,09:08:16,INFO,WebServer,Page view: /home by u1484,E103,Page view: {page} by {user}
30808,2026-01-12,09:25:23,INFO,WebServer,User u4400 login successful,E101,User {user} login successful
30809,2026-01-12,09:23:25,INFO,WebServer,Health check passed: WebServer,E102,Health check passed: {service}
30810,2026-01-12,09:26:41,INFO,WebServer,Page view: /home by u2540,E103,Page view: {page} by {user}
30811,2026-01-12,09:16:50,ERROR,InventoryDB,Timeout waiting for lock on InventoryDB,E502,Timeout waiting for lock on {db}
30812,2026-01-12,09:32:11,INFO,WebServer,Page view: /home by u3658,E103,Page view: {page} by {user}
30813,2026-01-12,10:35:05,INFO,AuthService,Health check passed: AuthService,E102,Health check passed: {service}
30814,2026-01-12,10:00:46,INFO,PaymentGateway,Transaction tx976317 completed in 1514ms,E104,Transaction {tx} completed in {time}ms
30815,2026-01-12,10:57:01,INFO,WebServer,User u4014 login successful,E101,User {user} login successful
30816,2026-01-12,10:22:21,INFO,AuthService,Transaction tx833042 completed in 1969ms,E104,Transaction {tx} completed in {time}ms
30817,2026-01-12,10:12:52,INFO,OrderProcessor,Health check passed: OrderProcessor,E102,Health check passed: {service}
30818,2026-01-12,10:50:16,INFO,AuthService,User u2265 login successful,E101,User {user} login successful
30819,2026-01-12,10:42:52,INFO,InventoryDB,User u2876 login successful,E101,User {user} login successful
30820,2026-01-12,10:52:34,INFO,WebServer,Health check passed: WebServer,E102,Health check passed: {service}
30821,2026-01-12,10:12:03,INFO,WebServer,Transaction tx877480 completed in 472ms,E104,Transaction {tx} completed in {time}ms
30822,2026-01-12,10:30:30,INFO,WebServer,User u2176 login successful,E101,User {user} login successful
30823,2026-01-12,10:48:04,WARN,OrderProcessor,Unauthorized access attempt from 10.0.0.45,E401,Unauthorized access attempt from {ip}
30824,2026-01-12,10:32:40,INFO,AuthService,User u1899 login successful,E101,User {user} login successful
30825,2026-01-12,10:53:58,INFO,OrderProcessor,Health check passed: OrderProcessor,E102,Health check passed: {service}
30826,2026-01-12,10:47:10,INFO,WebServer,Page view: /home by u2873,E103,Page view: {page} by {user}
30827,2026-01-12,10:47:50,INFO,WebServer,Page view: /home by u4684,E103,Page view: {page} by {user}
30828,2026-01-12,10:40:24,WARN,WebServer,High latency (954ms) detected on WebServer,E201,High latency ({time}ms) detected on {service}
30829,2026-01-12,10:39:49,INFO,WebServer,Page view: /home by u3565,E103,Page view: {page} by {user}
30830,2026-01-12,10:56:49,INFO,WebServer,User u4929 login successful,E101,User {user} login successful
30831,2026-01-12,10:45:59,INFO,InventoryDB,Page view: /home by u3733,E103,Page view: {page} by {user}
30832,2026-01-12,10:52:06,INFO,PaymentGateway,Health check passed: PaymentGateway,E102,Health check passed: {service}
30833,2026-01-12,10:49:14,INFO,PaymentGateway,Page view: /home by u3289,E103,Page view: {page} by {user}
30834,2026-01-12,10:09:21,INFO,WebServer,Health check passed: WebServer,E102,Health check passed: {service}
30835,2026-01-12,10:54:06,CRITICAL,WebServer,DATA CORRUPTION detected in sector 287,E602,DATA CORRUPTION detected in sector {sector}
30836,2026-01-12,10:03:29,INFO,OrderProcessor,Page view: /home by u1680,E103,Page view: {page} by {user}
30837,2026-01-12,10:48:45,INFO,WebServer,Transaction tx343169 completed in 1378ms,E104,Transaction {tx} completed in {time}ms
30838,2026-01-12,10:06:18,INFO,AuthService,User u4494 login successful,E101,User {user} login successful
30839,2026-01-12,10:25:27,INFO,WebServer,Page view: /home by u2360,E103,Page view: {page} by {user}
30840,2026-01-12,10:20:37,INFO,AuthService,Transaction tx800341 completed in 1680ms,E104,Transaction {tx} completed in {time}ms
30841,2026-01-12,10:26:49,INFO,AuthService,Health check passed: AuthService,E102,Health check passed: {service}
30842,2026-01-12,10:19:11,INFO,WebServer,Transaction tx923737 completed in 1962ms,E104,Transaction {tx} completed in {time}ms
30843,2026-01-12,10:26:08,INFO,AuthService,User u2652 login successful,E101,User {user} login successful
30844,2026-01-12,10:43:17,INFO,WebServer,Page view: /home by u1097,E103,Page view: {page} by {user}
30845,2026-01-12,10:50:59,INFO,AuthService,User u4369 login successful,E101,User {user} login successful
30846,2026-01-12,10:56:32,INFO,OrderProcessor,User u2421 login successful,E101,User {user} login successful
30847,2026-01-12,10:12:06,INFO,PaymentGateway,User u4258 login successful,E101,User {user} login successful
30848,2026-01-12,10:55:28,INFO,WebServer,Page view: /home by u2064,E103,Page view: {page} by {user}
30849,2026-01-12,10:58:55,INFO,WebServer,Transaction tx344367 completed in 1327ms,E104,Transaction {tx} completed in {time}ms
30850,2026-01-12,10:22:41,INFO,WebServer,Health check passed: WebServer,E102,Health check passed: {service}
30851,2026-01-12,10:44:40,INFO,WebServer,Transaction tx298811 completed in 1027ms,E104,Transaction {tx} completed in {time}ms
30852,2026-01-12,10:36:32,INFO,OrderProcessor,Page view: /home by u2109,E103,Page view: {page} by {user}
30853,2026-01-12,10:46:10,INFO,AuthService,Transaction tx426161 completed in 247ms,E104,Transaction {tx} completed in {time}ms
30854,2026-01-12,10:09:37,INFO,PaymentGateway,Transaction tx669744 completed in 161ms,E104,Transaction {tx} completed in {time}ms
30855,2026-01-12,10:52:06,INFO,InventoryDB,Health check passed: InventoryDB,E102,Health check passed: {service}
30856,2026-01-12,10:38:22,INFO,WebServer,User u3485 login successful,E101,User {user} login successful
30857,2026-01-12,10:32:30,INFO,AuthService,Health check passed: AuthService,E102,Health check passed: {service}
30858,2026-01-12,10:11:22,INFO,AuthService,User u3524 login successful,E101,User {user} login successful
30859,2026-01-12,10:13:40,INFO,WebServer,Page view: /home by u1303,E103,Page view: {page} by {user}
30860,2026-01-12,10:41:36,INFO,WebServer,Transaction tx164961 completed in 126ms,E104,Transaction {tx} completed in {time}ms
30861,2026-01-12,10:31:12,INFO,WebServer,Health check passed: WebServer,E102,Health check passed: {service}
30862,2026-01-12,10:16:12,INFO,WebServer,Transaction tx583995 completed in 221ms,E104,Transaction {tx} completed in {time}ms
30863,2026-01-12,10:04:52,INFO,AuthService,User u2656 login successful,E101,User {user} login successful
30864,2026-01-12,10:09:50,INFO,WebServer,Page view: /home by u2364,E103,Page view: {page} by {user}
30865,2026-01-12,10:26:40,INFO,AuthService,User u2631 login successful,E101,User {user} login successful
30866,2026-01-12,10:35:28,INFO,OrderProcessor,Page view: /home by u3893,E103,Page view: {page} by {user}
30867,2026-01-12,10:03:29,INFO,AuthService,Health check passed: AuthService,E102,Health check passed: {service}
30868,2026-01-12,10:33:03,INFO,WebServer,Transaction tx749043 completed in 170ms,E104,Transaction {tx} completed in {time}ms
30869,2026-01-12,10:03:15,INFO,WebServer,Transaction tx146948 completed in 779ms,E104,Transaction {tx} completed in {time}ms
30870,2026-01-12,10:49:08,INFO,AuthService,Health check passed: AuthService,E102,Health check passed: {service}
30871,2026-01-12,10:42:53,INFO,InventoryDB,Transaction tx486683 completed in 1918ms,E104,Transaction {tx} completed in {time}ms
30872,2026-01-12,10:13:10,INFO,WebServer,Health check passed: WebServer,E102,Health check passed: {service}
30873,2026-01-12,10:27:52,INFO,WebServer,Page view: /home by u4272,E103,Page view: {page} by {user}
30874,2026-01-12,10:10:09,INFO,AuthService,User u1258 login successful,E101,User {user} login successful
30875,2026-01-12,10:54:04,INFO,WebServer,User u3808 login successful,E101,User {user} login successful
30876,2026-01-12,10:59:04,CRITICAL,AuthService,DATA CORRUPTION detected in sector 437,E602,DATA CORRUPTION detected in sector {sector}
30877,2026-01-12,10:26:35,WARN,WebServer,Disk usage > 85% on node node-1,E202,Disk usage > 85% on node {node}
30878,2026-01-12,10:21:18,INFO,WebServer,Transaction tx936387 completed in 523ms,E104,Transaction {tx} completed in {time}ms
30879,2026-01-12,10:26:18,INFO,WebServer,User u2524 login successful,E101,User {user} login successful
30880,2026-01-12,10:24:46,INFO,WebServer,Health check passed: WebServer,E102,Health check passed: {service}
30881,2026-01-12,10:21:15,INFO,WebServer,User u2786 login successful,E101,User {user} login successful
30882,2026-01-12,10:10:53,INFO,PaymentGateway,Health check passed: PaymentGateway,E102,Health check passed: {service}
30883,2026-01-12,10:45:42,INFO,WebServer,User u4812 login successful,E101,User {user} login successful
30884,2026-01-12,10:39:39,INFO,WebServer,Page view: /home by u4987,E103,Page view: {page} by {user}
30885,2026-01-12,10:10:10,INFO,PaymentGateway,Page view: /home by u3872,E103,Page view: {page} by {user}
30886,2026-01-12,10:41:01,INFO,WebServer,User u1108 login successful,E101,User {user} login successful
30887,2026-01-12,10:22:13,INFO,PaymentGateway,Transaction tx380394 completed in 1902ms,E104,Transaction {tx} completed in {time}ms
30888,2026-01-12,10:17:48,INFO,AuthService,User u3182 login successful,E101,User {user} login successful
30889,2026-01-12,10:00:36,INFO,AuthService,Health check passed: AuthService,E102,Health check passed: {service}
30890,2026-01-12,10:03:40,INFO,OrderProcessor,User u3618 login successful,E101,User {user} login successful
30891,2026-01-12,10:00:07,INFO,WebServer,Transaction tx100781 completed in 1980ms,E104,Transaction {tx} completed in {time}ms
30892,2026-01-12,10:40:37,INFO,PaymentGateway,Page view: /home by u3208,E103,Page view: {page} by {user}
30893,2026-01-12,10:45:35,ERROR,AuthService,Connection refused to AuthService at 10.0.0.45,E501,Connection refused to {service} at {ip}
30894,2026-01-12,10:55:52,INFO,AuthService,Transaction tx987132 completed in 1294ms,E104,Transaction {tx} completed in {time}ms
30895,2026-01-12,10:43:20,INFO,WebServer,Health check passed: WebServer,E102,Health check passed: {service}
30896,2026-01-12,10:06:36,INFO,PaymentGateway,Health check passed: PaymentGateway,E102,Health check passed: {service}
30897,2026-01-12,10:05:26,INFO,WebServer,Page view: /home by u4769,E103,Page view: {page} by {user}
30898,2026-01-12,10:29:03,INFO,WebServer,User u3437 login successful,E101,User {user} login successful
30899,2026-01-12,10:52:07,INFO,WebServer,Page view: /home by u3976,E103,Page view: {page} by {user}
30900,2026-01-12,10:13:39,INFO,AuthService,Health check passed: AuthService,E102,Health check passed: {service}
30901,2026-01-12,10:42:59,INFO,WebServer,User u4875 login successful,E101,User {user} login successful
30902,2026-01-12,10:47:53,INFO,WebServer,Health check passed: WebServer,E102,Health check passed: {service}
30903,2026-01-12,10:59:10,INFO,OrderProcessor,Health check passed: OrderProcessor,E102,Health check passed: {service}
30904,2026-01-12,10:40:00,INFO,AuthService,Health check passed: AuthService,E102,Health check passed: {service}
30905,2026-01-12,10:44:39,INFO,WebServer,Health check passed: WebServer,E102,Health check passed: {service}
30906,2026-01-12,10:32:07,INFO,OrderProcessor,Transaction tx799550 completed in 675ms,E104,Transaction {tx} completed in {time}ms
30907,2026-01-12,10:31:51,INFO,AuthService,Health check passed: AuthService,E102,Health check passed: {service}
30908,2026-01-12,10:28:47,INFO,WebServer,Health check passed: WebServer,E102,Health check passed: {service}
30909,2026-01-12,10:29:15,INFO,WebServer,Transaction tx595948 completed in 1648ms,E104,Transaction {tx} completed in {time}ms
30910,2026-01-12,10:55:05,INFO,WebServer,Transaction tx481927 completed in 787ms,E104,Transaction {tx} completed in {time}ms
30911,2026-01-12,10:30:05,INFO,WebServer,User u3830 login successful,E101,User {user} login successful
30912,2026-01-12,10:37:32,WARN,WebServer,Unauthorized access attempt from 10.0.0.45,E401,Unauthorized access attempt from {ip}
30913,2026-01-12,10:58:26,INFO,WebServer,Health check passed: WebServer,E102,Health check passed: {service}
30914,2026-01-12,10:33:17,INFO,WebServer,Page view: /home by u4053,E103,Page view: {page} by {user}
30915,2026-01-12,10:31:56,INFO,WebServer,Transaction tx912472 completed in 488ms,E104,Transaction {tx} completed in {time}ms
30916,2026-01-12,10:52:57,INFO,WebServer,User u2241 login successful,E101,User {user} login successful
30917,2026-01-12,10:43:19,INFO,OrderProcessor,User u3302 login successful,E101,User {user} login successful
30918,2026-01-12,10:24:35,INFO,InventoryDB,Health check passed: InventoryDB,E102,Health check passed: {service}
30919,2026-01-12,10:11:28,WARN,AuthService,High latency (974ms) detected on AuthService,E201,High latency ({time}ms) detected on {service}
30920,2026-01-12,10:42:27,INFO,AuthService,User u2861 login successful,E101,User {user} login successful
30921,2026-01-12,10:25:49,INFO,PaymentGateway,Health check passed: PaymentGateway,E102,Health check passed: {service}
30922,2026-01-12,10:02:53,INFO,OrderProcessor,Transaction tx857066 completed in 446ms,E104,Transaction {tx} completed in {time}ms
30923,2026-01-12,10:25:06,INFO,WebServer,User u2771 login successful,E101,User {user} login successful
30924,2026-01-12,10:32:18,WARN,WebServer,High latency (1854ms) detected on WebServer,E201,High latency ({time}ms) detected on {service}
30925,2026-01-12,10:15:43,INFO,AuthService,Health check passed: AuthService,E102,Health check passed: {service}
30926,2026-01-12,10:53:05,INFO,PaymentGateway,User u3622 login successful,E101,User {user} login successful
30927,2026-01-12,10:39:55,INFO,OrderProcessor,Health check passed: OrderProcessor,E102,Health check passed: {service}
30928,2026-01-12,10:22:52,INFO,AuthService,Transaction tx200729 completed in 1780ms,E104,Transaction {tx} completed in {time}ms
30929,2026-01-12,10:42:01,WARN,WebServer,Unauthorized access attempt from 10.0.0.45,E401,Unauthorized access attempt from {ip}
30930,2026-01-12,10:23:32,INFO,AuthService,User u2433 login successful,E101,User {user} login successful
30931,2026-01-12,10:56:44,INFO,WebServer,Page view: /home by u1112,E103,Page view: {page} by {user}
30932,2026-01-12,10:06:06,CRITICAL,AuthService,KERNEL PANIC: Node node-3 crashed,E601,KERNEL PANIC: Node {node} crashed
30933,2026-01-12,10:37:20,INFO,OrderProcessor,Transaction tx191654 completed in 376ms,E104,Transaction {tx} completed in {time}ms
30934,2026-01-12,10:47:12,INFO,AuthService,Health check passed: AuthService,E102,Health check passed: {service}
30935,2026-01-12,10:19:00,INFO,AuthService,User u2116 login successful,E101,User {user} login successful
30936,2026-01-12,10:36:51,INFO,WebServer,Page view: /home by u2899,E103,Page view: {page} by {user}
30937,2026-01-12,10:51:39,INFO,WebServer,Health check passed: WebServer,E102,Health check passed: {service}
30938,2026-01-12,10:47:31,INFO,WebServer,Transaction tx961358 completed in 1560ms,E104,Transaction {tx} completed in {time}ms
30939,2026-01-12,10:45:27,INFO,WebServer,Transaction tx908816 completed in 1904ms,E104,Transaction {tx} completed in {time}ms
30940,2026-01-12,10:18:39,INFO,WebServer,Health check passed: WebServer,E102,Health check passed: {service}
30941,2026-01-12,10:49:16,INFO,InventoryDB,User u3219 login successful,E101,User {user} login successful
30942,2026-01-12,10:08:49,INFO,PaymentGateway,Health check passed: PaymentGateway,E102,Health check passed: {service}
30943,2026-01-12,10:41:57,INFO,OrderProcessor,Page view: /home by u4914,E103,Page view: {page} by {user}
30944,2026-01-12,10:28:42,INFO,AuthService,Page view: /home by u3724,E103,Page view: {page} by {user}
30945,2026-01-12,10:47:24,INFO,PaymentGateway,Transaction tx456835 completed in 614ms,E104,Transaction {tx} completed in {time}ms
30946,2026-01-12,10:16:05,INFO,OrderProcessor,Page view: /home by u4073,E103,Page view: {page} by {user}
30947,2026-01-12,10:06:26,INFO,WebServer,Health check passed: WebServer,E102,Health check passed: {service}
30948,2026-01-12,10:34:12,INFO,OrderProcessor,Health check passed: OrderProcessor,E102,Health check passed: {service}
30949,2026-01-12,10:40:22,INFO,AuthService,Health check passed: AuthService,E102,Health check passed: {service}
30950,2026-01-12,10:36:08,INFO,WebServer,Page view: /home by u4084,E103,Page view: {page} by {user}
30951,2026-01-12,10:25:38,INFO,AuthService,Health check passed: AuthService,E102,Health check passed: {service}
30952,2026-01-12,10:38:45,INFO,PaymentGateway,Page view: /home by u3050,E103,Page view: {page} by {user}
30953,2026-01-12,10:45:24,INFO,AuthService,User u4493 login successful,E101,User {user} login successful
30954,2026-01-12,10:33:28,INFO,InventoryDB,Health check passed: InventoryDB,E102,Health check passed: {service}
30955,2026-01-12,10:54:04,INFO,WebServer,Page view: /home by u1846,E103,Page view: {page} by {user}
30956,2026-01-12,10:14:06,INFO,AuthService,Health check passed: AuthService,E102,Health check passed: {service}
30957,2026-01-12,10:05:59,INFO,WebServer,Page view: /home by u3320,E103,Page view: {page} by {user}
30958,2026-01-12,10:32:33,WARN,OrderProcessor,Unauthorized access attempt from 10.0.0.45,E401,Unauthorized access attempt from {ip}
30959,2026-01-12,10:29:51,INFO,AuthService,Page view: /home by u3947,E103,Page view: {page} by {user}
30960,2026-01-12,10:56:05,INFO,AuthService,User u1766 login successful,E101,User {user} login successful
30961,2026-01-12,10:44:44,INFO,WebServer,Transaction tx365494 completed in 1100ms,E104,Transaction {tx} completed in {time}ms
30962,2026-01-12,10:38:07,INFO,AuthService,Page view: /home by u1137,E103,Page view: {page} by {user}
30963,2026-01-12,10:14:33,INFO,AuthService,Page view: /home by u1900,E103,Page view: {page} by {user}
30964,2026-01-12,10:32:19,INFO,AuthService,Transaction tx865234 completed in 1254ms,E104,Transaction {tx} completed in {time}ms
30965,2026-01-12,10:41:35,INFO,OrderProcessor,Page view: /home by u2252,E103,Page view: {page} by {user}
30966,2026-01-12,10:15:17,INFO,WebServer,Health check passed: WebServer,E102,Health check passed: {service}
30967,2026-01-12,10:20:50,INFO,PaymentGateway,User u1194 login successful,E101,User {user} login successful
30968,2026-01-12,10:56:27,INFO,WebServer,User u1107 login successful,E101,User {user} login successful
30969,2026-01-12,10:16:34,INFO,WebServer,Page view: /home by u3461,E103,Page view: {page} by {user}
30970,2026-01-12,10:36:10,INFO,WebServer,Page view: /home by u1174,E103,Page view: {page} by {user}
30971,2026-01-12,10:05:08,INFO,PaymentGateway,Transaction tx798425 completed in 1761ms,E104,Transaction {tx} completed in {time}ms
30972,2026-01-12,10:48:35,ERROR,AuthService,Payment declined: Gateway unavailable,E503,Payment declined: Gateway unavailable
30973,2026-01-12,10:28:57,INFO,WebServer,Transaction tx740058 completed in 1872ms,E104,Transaction {tx} completed in {time}ms
30974,2026-01-12,10:17:04,INFO,AuthService,User u1413 login successful,E101,User {user} login successful
30975,2026-01-12,10:01:09,INFO,OrderProcessor,Transaction tx778084 completed in 1019ms,E104,Transaction {tx} completed in {time}ms
30976,2026-01-12,10:59:50,INFO,AuthService,User u2744 login successful,E101,User {user} login successful
30977,2026-01-12,10:55:42,INFO,PaymentGateway,User u2806 login successful,E101,User {user} login successful
30978,2026-01-12,10:38:08,INFO,WebServer,Health check passed: WebServer,E102,Health check passed: {service}
30979,2026-01-12,10:05:47,INFO,WebServer,User u2219 login successful,E101,User {user} login successful
30980,2026-01-12,10:37:26,INFO,WebServer,Page view: /home by u3873,E103,Page view: {page} by {user}
30981,2026-01-12,10:09:24,INFO,WebServer,Page view: /home by u2730,E103,Page view: {page} by {user}
30982,2026-01-12,10:58:47,INFO,WebServer,Page view: /home by u3506,E103,Page view: {page} by {user}
30983,2026-01-12,10:39:17,INFO,WebServer,Health check passed: WebServer,E102,Health check passed: {service}
30984,2026-01-12,10:01:48,INFO,PaymentGateway,Page view: /home by u4878,E103,Page view: {page} by {user}
30985,2026-01-12,10:44:46,ERROR,WebServer,Timeout waiting for lock on InventoryDB,E502,Timeout waiting for lock on {db}
30986,2026-01-12,10:54:27,INFO,WebServer,Page view: /home by u2246,E103,Page view: {page} by {user}
30987,2026-01-12,10:36:48,INFO,AuthService,Transaction tx495121 completed in 346ms,E104,Transaction {tx} completed in {time}ms
30988,2026-01-12,10:19:17,INFO,WebServer,Transaction tx383392 completed in 548ms,E104,Transaction {tx} completed in {time}ms
30989,2026-01-12,10:15:01,INFO,OrderProcessor,Transaction tx975082 completed in 347ms,E104,Transaction {tx} completed in {time}ms
30990,2026-01-12,10:26:42,INFO,PaymentGateway,Page view: /home by u3810,E103,Page view: {page} by {user}
30991,2026-01-12,10:16:46,INFO,WebServer,Transaction tx141086 completed in 1932ms,E104,Transaction {tx} completed in {time}ms
30992,2026-01-12,10:10:31,INFO,AuthService,Health check passed: AuthService,E102,Health check passed: {service}
30993,2026-01-12,10:48:55,INFO,WebServer,User u3079 login successful,E101,User {user} login successful
30994,2026-01-12,10:35:30,INFO,WebServer,User u2885 login successful,E101,User {user} login successful
30995,2026-01-12,10:08:22,INFO,WebServer,User u4372 login successful,E101,User {user} login successful
30996,2026-01-12,10:57:32,INFO,WebServer,Health check passed: WebServer,E102,Health check passed: {service}
30997,2026-01-12,10:05:22,INFO,OrderProcessor,Health check passed: OrderProcessor,E102,Health check passed: {service}
30998,2026-01-12,10:23:57,INFO,OrderProcessor,User u2741 login successful,E101,User {user} login successful
30999,2026-01-12,10:57:56,INFO,PaymentGateway,Health check passed: PaymentGateway,E102,Health check passed: {service}
31000,2026-01-12,10:55:10,INFO,WebServer,Transaction tx454172 completed in 1539ms,E104,Transaction {tx} completed in {time}ms
31001,2026-01-12,10:24:50,INFO,WebServer,Transaction tx302664 completed in 1610ms,E104,Transaction {tx} completed in {time}ms
31002,2026-01-12,10:26:36,INFO,WebServer,Transaction tx508974 completed in 1752ms,E104,Transaction {tx} completed in {time}ms
31003,2026-01-12,10:49:31,INFO,WebServer,User u4742 login successful,E101,User {user} login successful
31004,2026-01-12,10:26:18,INFO,AuthService,User u1876 login successful,E101,User {user} login successful
31005,2026-01-12,10:03:30,INFO,PaymentGateway,Transaction tx463468 completed in 732ms,E104,Transaction {tx} completed in {time}ms
31006,2026-01-12,10:40:58,WARN,AuthService,Unauthorized access attempt from 10.0.0.99,E401,Unauthorized access attempt from {ip}
31007,2026-01-12,10:43:24,INFO,AuthService,Transaction tx249502 completed in 561ms,E104,Transaction {tx} completed in {time}ms
31008,2026-01-12,10:35:15,INFO,OrderProcessor,Health check passed: OrderProcessor,E102,Health check passed: {service}
31009,2026-01-12,10:28:28,INFO,AuthService,User u1418 login successful,E101,User {user} login successful
31010,2026-01-12,10:09:36,WARN,AuthService,High latency (442ms) detected on AuthService,E201,High latency ({time}ms) detected on {service}
31011,2026-01-12,10:25:19,INFO,InventoryDB,User u4487 login successful,E101,User {user} login successful
31012,2026-01-12,10:37:05,INFO,InventoryDB,User u3724 login successful,E101,User {user} login successful
31013,2026-01-12,10:31:56,INFO,WebServer,Page view: /home by u2210,E103,Page view: {page} by {user}
31014,2026-01-12,10:08:07,INFO,OrderProcessor,Page view: /home by u3967,E103,Page view: {page} by {user}
31015,2026-01-12,10:55:02,INFO,AuthService,Transaction tx694495 completed in 77ms,E104,Transaction {tx} completed in {time}ms
31016,2026-01-12,10:27:10,INFO,WebServer,User u2261 login successful,E101,User {user} login successful
31017,2026-01-12,10:37:43,INFO,AuthService,Transaction tx203057 completed in 1767ms,E104,Transaction {tx} completed in {time}ms
31018,2026-01-12,10:38:13,WARN,AuthService,Unauthorized access attempt from 10.0.0.45,E401,Unauthorized access attempt from {ip}
31019,2026-01-12,10:21:09,INFO,PaymentGateway,Transaction tx751888 completed in 276ms,E104,Transaction {tx} completed in {time}ms
31020,2026-01-12,10:09:13,INFO,OrderProcessor,User u1611 login successful,E101,User {user} login successful
31021,2026-01-12,10:54:38,INFO,WebServer,Page view: /home by u4955,E103,Page view: {page} by {user}
31022,2026-01-12,10:41:30,INFO,PaymentGateway,User u4535 login successful,E101,User {user} login successful
31023,2026-01-12,10:09:06,INFO,AuthService,Transaction tx287549 completed in 1820ms,E104,Transaction {tx} completed in {time}ms
31024,2026-01-12,10:01:52,INFO,WebServer,Health check passed: WebServer,E102,Health check passed: {service}
31025,2026-01-12,10:25:09,INFO,WebServer,Health check passed: WebServer,E102,Health check passed: {service}
31026,2026-01-12,10:18:38,INFO,WebServer,Health check passed: WebServer,E102,Health check passed: {service}
31027,2026-01-12,10:18:05,INFO,WebServer,Transaction tx321417 completed in 1599ms,E104,Transaction {tx} completed in {time}ms
31028,2026-01-12,10:09:37,INFO,WebServer,Transaction tx638565 completed in 1890ms,E104,Transaction {tx} completed in {time}ms
31029,2026-01-12,10:01:05,INFO,OrderProcessor,User u2131 login successful,E101,User {user} login successful
31030,2026-01-12,10:36:26,INFO,AuthService,User u1905 login successful,E101,User {user} login successful
31031,2026-01-12,10:12:49,INFO,OrderProcessor,Transaction tx189038 completed in 1779ms,E104,Transaction {tx} completed in {time}ms
31032,2026-01-12,10:53:07,INFO,AuthService,Page view: /home by u2493,E103,Page view: {page} by {user}
31033,2026-01-12,10:38:12,INFO,WebServer,User u1134 login successful,E101,User {user} login successful
31034,2026-01-12,10:16:38,INFO,PaymentGateway,User u4033 login successful,E101,User {user} login successful
31035,2026-01-12,10:10:50,INFO,WebServer,User u2299 login successful,E101,User {user} login successful
31036,2026-01-12,10:39:15,INFO,WebServer,Page view: /home by u3854,E103,Page view: {page} by {user}
31037,2026-01-12,10:11:39,INFO,WebServer,Health check passed: WebServer,E102,Health check passed: {service}
31038,2026-01-12,10:26:29,INFO,WebServer,User u2661 login successful,E101,User {user} login successful
31039,2026-01-12,10:17:15,INFO,WebServer,User u3996 login successful,E101,User {user} login successful
31040,2026-01-12,10:30:23,INFO,PaymentGateway,User u4129 login successful,E101,User {user} login successful
31041,2026-01-12,10:52:44,INFO,WebServer,Health check passed: WebServer,E102,Health check passed: {service}
31042,2026-01-12,10:36:29,ERROR,WebServer,Connection refused to WebServer at 10.0.0.45,E501,Connection refused to {service} at {ip}
31043,2026-01-12,10:50:01,INFO,WebServer,Page view: /home by u3341,E103,Page view: {page} by {user}
31044,2026-01-12,10:43:38,INFO,WebServer,Page view: /home by u1605,E103,Page view: {page} by {user}
31045,2026-01-12,10:40:09,ERROR,WebServer,Connection refused to WebServer at 10.0.0.12,E501,Connection refused to {service} at {ip}
31046,2026-01-12,10:56:13,INFO,AuthService,Page view: /home by u4998,E103,Page view: {page} by {user}
31047,2026-01-12,10:29:10,INFO,AuthService,Page view: /home by u3565,E103,Page view: {page} by {user}
31048,2026-01-12,10:48:33,WARN,OrderProcessor,Unauthorized access attempt from 10.0.0.12,E401,Unauthorized access attempt from {ip}
31049,2026-01-12,10:32:32,INFO,WebServer,Transaction tx635296 completed in 792ms,E104,Transaction {tx} completed in {time}ms
31050,2026-01-12,10:06:12,INFO,OrderProcessor,Health check passed: OrderProcessor,E102,Health check passed: {service}
31051,2026-01-12,10:04:40,INFO,WebServer,Page view: /home by u3745,E103,Page view: {page} by {user}
31052,2026-01-12,10:42:55,INFO,AuthService,Page view: /home by u1941,E103,Page view: {page} by {user}
31053,2026-01-12,10:50:42,INFO,AuthService,Transaction tx880064 completed in 1833ms,E104,Transaction {tx} completed in {time}ms
31054,2026-01-12,10:55:42,INFO,OrderProcessor,Page view: /home by u3366,E103,Page view: {page} by {user}
31055,2026-01-12,10:25:37,INFO,WebServer,User u3603 login successful,E101,User {user} login successful
31056,2026-01-12,10:37:26,INFO,AuthService,Transaction tx637751 completed in 1567ms,E104,Transaction {tx} completed in {time}ms
31057,2026-01-12,10:57:05,INFO,WebServer,Page view: /home by u4012,E103,Page view: {page} by {user}
31058,2026-01-12,10:24:40,INFO,OrderProcessor,Health check passed: OrderProcessor,E102,Health check passed: {service}
31059,2026-01-12,10:23:24,INFO,WebServer,Transaction tx163094 completed in 585ms,E104,Transaction {tx} completed in {time}ms
31060,2026-01-12,10:36:06,INFO,WebServer,User u3884 login successful,E101,User {user} login successful
31061,2026-01-12,10:48:35,INFO,OrderProcessor,Transaction tx239916 completed in 952ms,E104,Transaction {tx} completed in {time}ms
31062,2026-01-12,10:04:22,INFO,WebServer,User u1760 login successful,E101,User {user} login successful
31063,2026-01-12,10:07:14,INFO,WebServer,Health check passed: WebServer,E102,Health check passed: {service}
31064,2026-01-12,10:30:06,INFO,OrderProcessor,Transaction tx898073 completed in 240ms,E104,Transaction {tx} completed in {time}ms
31065,2026-01-12,10:51:51,INFO,OrderProcessor,Health check passed: OrderProcessor,E102,Health check passed: {service}
31066,2026-01-12,10:01:22,INFO,AuthService,Page view: /home by u3621,E103,Page view: {page} by {user}
31067,2026-01-12,10:27:28,INFO,WebServer,Page view: /home by u1674,E103,Page view: {page} by {user}
31068,2026-01-12,10:20:54,INFO,WebServer,Transaction tx578233 completed in 1588ms,E104,Transaction {tx} completed in {time}ms
31069,2026-01-12,10:00:41,INFO,InventoryDB,User u1581 login successful,E101,User {user} login successful
31070,2026-01-12,10:52:55,INFO,PaymentGateway,Page view: /home by u2110,E103,Page view: {page} by {user}
31071,2026-01-12,10:53:32,INFO,AuthService,Health check passed: AuthService,E102,Health check passed: {service}
31072,2026-01-12,10:20:18,INFO,AuthService,Health check passed: AuthService,E102,Health check passed: {service}
31073,2026-01-12,10:42:29,INFO,AuthService,Health check passed: AuthService,E102,Health check passed: {service}
31074,2026-01-12,10:45:20,INFO,PaymentGateway,Page view: /home by u2396,E103,Page view: {page} by {user}
31075,2026-01-12,10:44:00,WARN,OrderProcessor,Unauthorized access attempt from 10.0.0.12,E401,Unauthorized access attempt from {ip}
31076,2026-01-12,10:54:41,INFO,WebServer,Transaction tx195071 completed in 845ms,E104,Transaction {tx} completed in {time}ms
31077,2026-01-12,10:17:43,INFO,OrderProcessor,Page view: /home by u2312,E103,Page view: {page} by {user}
31078,2026-01-12,10:26:08,INFO,WebServer,Page view: /home by u2715,E103,Page view: {page} by {user}
31079,2026-01-12,10:26:42,INFO,WebServer,Health check passed: WebServer,E102,Health check passed: {service}
31080,2026-01-12,10:13:04,INFO,PaymentGateway,Transaction tx396988 completed in 224ms,E104,Transaction {tx} completed in {time}ms
31081,2026-01-12,10:12:13,INFO,WebServer,Page view: /home by u2565,E103,Page view: {page} by {user}
31082,2026-01-12,10:50:23,INFO,WebServer,Health check passed: WebServer,E102,Health check passed: {service}
31083,2026-01-12,10:55:27,INFO,AuthService,User u2577 login successful,E101,User {user} login successful
31084,2026-01-12,10:45:41,INFO,WebServer,Transaction tx637557 completed in 1694ms,E104,Transaction {tx} completed in {time}ms
31085,2026-01-12,10:39:47,INFO,OrderProcessor,Page view: /home by u4643,E103,Page view: {page} by {user}
31086,2026-01-12,10:11:29,INFO,AuthService,Health check passed: AuthService,E102,Health check passed: {service}
31087,2026-01-12,10:57:44,INFO,WebServer,Page view: /home by u3084,E103,Page view: {page} by {user}
31088,2026-01-12,10:41:02,INFO,AuthService,Page view: /home by u3945,E103,Page view: {page} by {user}
31089,2026-01-12,10:22:23,INFO,AuthService,Transaction tx419687 completed in 925ms,E104,Transaction {tx} completed in {time}ms
31090,2026-01-12,10:20:01,INFO,AuthService,Transaction tx956140 completed in 1963ms,E104,Transaction {tx} completed in {time}ms
31091,2026-01-12,10:27:06,INFO,OrderProcessor,Health check passed: OrderProcessor,E102,Health check passed: {service}
31092,2026-01-12,10:00:38,INFO,WebServer,Transaction tx389121 completed in 1684ms,E104,Transaction {tx} completed in {time}ms
31093,2026-01-12,10:14:58,INFO,PaymentGateway,User u3690 login successful,E101,User {user} login successful
31094,2026-01-12,10:01:16,INFO,AuthService,Page view: /home by u4312,E103,Page view: {page} by {user}
31095,2026-01-12,10:32:59,WARN,OrderProcessor,High latency (1849ms) detected on OrderProcessor,E201,High latency ({time}ms) detected on {service}
31096,2026-01-12,10:08:59,INFO,PaymentGateway,Page view: /home by u2477,E103,Page view: {page} by {user}
31097,2026-01-12,10:42:26,INFO,InventoryDB,Health check passed: InventoryDB,E102,Health check passed: {service}
31098,2026-01-12,10:47:22,INFO,WebServer,Health check passed: WebServer,E102,Health check passed: {service}
31099,2026-01-12,10:31:20,INFO,OrderProcessor,Transaction tx318987 completed in 1199ms,E104,Transaction {tx} completed in {time}ms
31100,2026-01-12,10:26:39,INFO,AuthService,Transaction tx357806 completed in 60ms,E104,Transaction {tx} completed in {time}ms
31101,2026-01-12,10:01:45,INFO,OrderProcessor,User u4091 login successful,E101,User {user} login successful
31102,2026-01-12,10:24:49,INFO,InventoryDB,Page view: /home by u2560,E103,Page view: {page} by {user}
31103,2026-01-12,10:32:53,INFO,WebServer,Transaction tx190604 completed in 846ms,E104,Transaction {tx} completed in {time}ms
31104,2026-01-12,10:47:38,INFO,OrderProcessor,Transaction tx183275 completed in 1918ms,E104,Transaction {tx} completed in {time}ms
31105,2026-01-12,10:46:11,INFO,AuthService,Page view: /home by u3652,E103,Page view: {page} by {user}
31106,2026-01-12,10:18:00,INFO,WebServer,Health check passed: WebServer,E102,Health check passed: {service}
31107,2026-01-12,10:24:23,INFO,WebServer,User u1601 login successful,E101,User {user} login successful
31108,2026-01-12,10:43:21,INFO,AuthService,User u2483 login successful,E101,User {user} login successful
31109,2026-01-12,10:57:38,INFO,WebServer,Page view: /home by u1920,E103,Page view: {page} by {user}
31110,2026-01-12,10:31:58,INFO,PaymentGateway,Page view: /home by u3728,E103,Page view: {page} by {user}
31111,2026-01-12,10:36:44,INFO,WebServer,Transaction tx855591 completed in 1562ms,E104,Transaction {tx} completed in {time}ms
31112,2026-01-12,10:49:00,INFO,WebServer,Health check passed: WebServer,E102,Health check passed: {service}
31113,2026-01-12,10:28:42,INFO,WebServer,Health check passed: WebServer,E102,Health check passed: {service}
31114,2026-01-12,10:39:23,INFO,WebServer,Health check passed: WebServer,E102,Health check passed: {service}
31115,2026-01-12,10:25:02,INFO,WebServer,User u2250 login successful,E101,User {user} login successful
31116,2026-01-12,10:02:37,INFO,WebServer,Health check passed: WebServer,E102,Health check passed: {service}
31117,2026-01-12,10:43:28,INFO,InventoryDB,Page view: /home by u3502,E103,Page view: {page} by {user}
31118,2026-01-12,10:14:54,INFO,OrderProcessor,Health check passed: OrderProcessor,E102,Health check passed: {service}
31119,2026-01-12,10:52:48,INFO,WebServer,Health check passed: WebServer,E102,Health check passed: {service}
31120,2026-01-12,10:23:11,INFO,InventoryDB,User u4678 login successful,E101,User {user} login successful
31121,2026-01-12,10:01:25,INFO,WebServer,Health check passed: WebServer,E102,Health check passed: {service}
31122,2026-01-12,10:38:02,INFO,AuthService,User u4827 login successful,E101,User {user} login successful
31123,2026-01-12,10:38:09,INFO,WebServer,Transaction tx105992 completed in 919ms,E104,Transaction {tx} completed in {time}ms
31124,2026-01-12,10:58:15,INFO,WebServer,User u1389 login successful,E101,User {user} login successful
31125,2026-01-12,10:53:34,INFO,OrderProcessor,Transaction tx152219 completed in 930ms,E104,Transaction {tx} completed in {time}ms
31126,2026-01-12,10:08:06,INFO,WebServer,Transaction tx110206 completed in 626ms,E104,Transaction {tx} completed in {time}ms
31127,2026-01-12,10:09:27,INFO,WebServer,Page view: /home by u2501,E103,Page view: {page} by {user}
31128,2026-01-12,10:50:19,INFO,AuthService,Health check passed: AuthService,E102,Health check passed: {service}
31129,2026-01-12,10:57:28,INFO,AuthService,User u4676 login successful,E101,User {user} login successful
31130,2026-01-12,10:43:06,INFO,WebServer,Transaction tx811650 completed in 1789ms,E104,Transaction {tx} completed in {time}ms
31131,2026-01-12,10:13:46,WARN,OrderProcessor,High latency (1850ms) detected on OrderProcessor,E201,High latency ({time}ms) detected on {service}
31132,2026-01-12,10:22:33,WARN,AuthService,High latency (97ms) detected on AuthService,E201,High latency ({time}ms) detected on {service}
31133,2026-01-12,10:44:11,INFO,WebServer,Health check passed: WebServer,E102,Health check passed: {service}
31134,2026-01-12,10:55:14,INFO,WebServer,User u3861 login successful,E101,User {user} login successful
31135,2026-01-12,10:20:36,INFO,OrderProcessor,User u1280 login successful,E101,User {user} login successful
31136,2026-01-12,10:23:46,INFO,WebServer,Page view: /home by u1462,E103,Page view: {page} by {user}
31137,2026-01-12,10:37:02,INFO,WebServer,Transaction tx770160 completed in 1940ms,E104,Transaction {tx} completed in {time}ms
31138,2026-01-12,10:03:13,INFO,AuthService,Transaction tx682934 completed in 677ms,E104,Transaction {tx} completed in {time}ms
31139,2026-01-12,10:49:19,INFO,WebServer,Page view: /home by u2798,E103,Page view: {page} by {user}
31140,2026-01-12,10:45:14,INFO,PaymentGateway,Health check passed: PaymentGateway,E102,Health check passed: {service}
31141,2026-01-12,10:05:19,INFO,AuthService,Health check passed: AuthService,E102,Health check passed: {service}
31142,2026-01-12,10:12:11,INFO,PaymentGateway,User u3396 login successful,E101,User {user} login successful
31143,2026-01-12,10:22:55,INFO,AuthService,Page view: /home by u1726,E103,Page view: {page} by {user}
31144,2026-01-12,10:23:35,INFO,PaymentGateway,User u2856 login successful,E101,User {user} login successful
31145,2026-01-12,10:06:21,INFO,AuthService,Page view: /home by u2290,E103,Page view: {page} by {user}
31146,2026-01-12,10:50:53,INFO,WebServer,User u3117 login successful,E101,User {user} login successful
31147,2026-01-12,10:21:29,INFO,WebServer,Transaction tx460227 completed in 1929ms,E104,Transaction {tx} completed in {time}ms
31148,2026-01-12,10:47:27,INFO,WebServer,Page view: /home by u2457,E103,Page view: {page} by {user}
31149,2026-01-12,10:48:18,INFO,WebServer,Transaction tx491534 completed in 598ms,E104,Transaction {tx} completed in {time}ms
31150,2026-01-12,10:42:56,INFO,WebServer,Transaction tx457085 completed in 1673ms,E104,Transaction {tx} completed in {time}ms
31151,2026-01-12,10:38:25,INFO,PaymentGateway,Transaction tx441667 completed in 27ms,E104,Transaction {tx} completed in {time}ms
31152,2026-01-12,10:02:38,INFO,OrderProcessor,Transaction tx822538 completed in 871ms,E104,Transaction {tx} completed in {time}ms
31153,2026-01-12,10:45:28,INFO,PaymentGateway,Health check passed: PaymentGateway,E102,Health check passed: {service}
31154,2026-01-12,10:30:49,INFO,OrderProcessor,User u1611 login successful,E101,User {user} login successful
31155,2026-01-12,10:36:53,INFO,OrderProcessor,Transaction tx818093 completed in 149ms,E104,Transaction {tx} completed in {time}ms
31156,2026-01-12,10:53:41,INFO,AuthService,Page view: /home by u1979,E103,Page view: {page} by {user}
31157,2026-01-12,10:14:21,INFO,WebServer,Page view: /home by u1781,E103,Page view: {page} by {user}
31158,2026-01-12,10:45:57,INFO,WebServer,Transaction tx277023 completed in 1305ms,E104,Transaction {tx} completed in {time}ms
31159,2026-01-12,10:19:59,INFO,AuthService,Transaction tx631792 completed in 1521ms,E104,Transaction {tx} completed in {time}ms
31160,2026-01-12,10:00:48,INFO,WebServer,Transaction tx189107 completed in 1858ms,E104,Transaction {tx} completed in {time}ms
31161,2026-01-12,10:44:50,INFO,WebServer,Health check passed: WebServer,E102,Health check passed: {service}
31162,2026-01-12,10:32:58,INFO,OrderProcessor,Page view: /home by u3842,E103,Page view: {page} by {user}
31163,2026-01-12,10:31:50,WARN,WebServer,Unauthorized access attempt from 10.0.0.45,E401,Unauthorized access attempt from {ip}
31164,2026-01-12,10:34:56,INFO,OrderProcessor,User u3060 login successful,E101,User {user} login successful
31165,2026-01-12,10:07:24,INFO,PaymentGateway,User u2379 login successful,E101,User {user} login successful
31166,2026-01-12,10:46:42,INFO,WebServer,User u4838 login successful,E101,User {user} login successful
31167,2026-01-12,10:49:41,INFO,WebServer,Transaction tx491131 completed in 1063ms,E104,Transaction {tx} completed in {time}ms
31168,2026-01-12,10:12:39,INFO,AuthService,User u3018 login successful,E101,User {user} login successful
31169,2026-01-12,10:54:29,INFO,WebServer,User u2801 login successful,E101,User {user} login successful
31170,2026-01-12,10:36:04,INFO,OrderProcessor,Transaction tx550472 completed in 1911ms,E104,Transaction {tx} completed in {time}ms
31171,2026-01-12,10:18:15,INFO,AuthService,User u4956 login successful,E101,User {user} login successful
31172,2026-01-12,10:34:41,INFO,InventoryDB,Health check passed: InventoryDB,E102,Health check passed: {service}
31173,2026-01-12,10:04:13,INFO,WebServer,Health check passed: WebServer,E102,Health check passed: {service}
31174,2026-01-12,10:14:24,INFO,WebServer,Health check passed: WebServer,E102,Health check passed: {service}
31175,2026-01-12,10:37:41,INFO,PaymentGateway,Transaction tx377411 completed in 45ms,E104,Transaction {tx} completed in {time}ms
31176,2026-01-12,10:27:30,INFO,AuthService,Health check passed: AuthService,E102,Health check passed: {service}
31177,2026-01-12,10:00:07,INFO,WebServer,User u2059 login successful,E101,User {user} login successful
31178,2026-01-12,10:10:36,INFO,AuthService,Transaction tx241578 completed in 1885ms,E104,Transaction {tx} completed in {time}ms
31179,2026-01-12,10:00:00,INFO,WebServer,Page view: /home by u2728,E103,Page view: {page} by {user}
31180,2026-01-12,10:19:06,INFO,WebServer,User u3289 login successful,E101,User {user} login successful
31181,2026-01-12,10:40:51,INFO,WebServer,Health check passed: WebServer,E102,Health check passed: {service}
31182,2026-01-12,10:44:44,INFO,AuthService,User u3787 login successful,E101,User {user} login successful
31183,2026-01-12,10:51:08,INFO,WebServer,Transaction tx680852 completed in 687ms,E104,Transaction {tx} completed in {time}ms
31184,2026-01-12,10:58:49,INFO,OrderProcessor,Transaction tx122858 completed in 56ms,E104,Transaction {tx} completed in {time}ms
31185,2026-01-12,10:16:29,INFO,AuthService,User u1209 login successful,E101,User {user} login successful
31186,2026-01-12,10:30:36,WARN,WebServer,High latency (1490ms) detected on WebServer,E201,High latency ({time}ms) detected on {service}
31187,2026-01-12,10:29:04,INFO,InventoryDB,User u3053 login successful,E101,User {user} login successful
31188,2026-01-12,10:06:29,INFO,AuthService,Transaction tx502154 completed in 1457ms,E104,Transaction {tx} completed in {time}ms
31189,2026-01-12,10:29:51,INFO,WebServer,User u3868 login successful,E101,User {user} login successful
31190,2026-01-12,10:45:59,WARN,WebServer,Unauthorized access attempt from 10.0.0.45,E401,Unauthorized access attempt from {ip}
31191,2026-01-12,10:17:24,INFO,OrderProcessor,Transaction tx210126 completed in 835ms,E104,Transaction {tx} completed in {time}ms
31192,2026-01-12,10:38:07,WARN,WebServer,High latency (1382ms) detected on WebServer,E201,High latency ({time}ms) detected on {service}
31193,2026-01-12,10:40:36,INFO,WebServer,Transaction tx256408 completed in 663ms,E104,Transaction {tx} completed in {time}ms
31194,2026-01-12,10:18:34,INFO,WebServer,User u4205 login successful,E101,User {user} login successful
31195,2026-01-12,10:19:18,INFO,OrderProcessor,User u4341 login successful,E101,User {user} login successful
31196,2026-01-12,10:20:23,INFO,WebServer,Health check passed: WebServer,E102,Health check passed: {service}
31197,2026-01-12,10:23:57,WARN,WebServer,Disk usage > 85% on node node-2,E202,Disk usage > 85% on node {node}
31198,2026-01-12,10:32:26,INFO,PaymentGateway,Transaction tx291133 completed in 996ms,E104,Transaction {tx} completed in {time}ms
31199,2026-01-12,10:14:53,INFO,WebServer,User u4531 login successful,E101,User {user} login successful
31200,2026-01-12,10:30:14,WARN,WebServer,Disk usage > 85% on node node-4,E202,Disk usage > 85% on node {node}
31201,2026-01-12,10:54:27,INFO,WebServer,User u3456 login successful,E101,User {user} login successful
31202,2026-01-12,10:59:40,INFO,OrderProcessor,User u1962 login successful,E101,User {user} login successful
31203,2026-01-12,10:14:16,INFO,OrderProcessor,Page view: /home by u4721,E103,Page view: {page} by {user}
31204,2026-01-12,10:21:27,INFO,WebServer,Transaction tx275557 completed in 808ms,E104,Transaction {tx} completed in {time}ms
31205,2026-01-12,10:34:01,INFO,WebServer,Health check passed: WebServer,E102,Health check passed: {service}
31206,2026-01-12,10:15:53,INFO,WebServer,Transaction tx706397 completed in 912ms,E104,Transaction {tx} completed in {time}ms
31207,2026-01-12,10:40:01,INFO,PaymentGateway,User u3626 login successful,E101,User {user} login successful
31208,2026-01-12,10:10:58,INFO,AuthService,Page view: /home by u1564,E103,Page view: {page} by {user}
31209,2026-01-12,10:11:53,INFO,WebServer,User u4282 login successful,E101,User {user} login successful
31210,2026-01-12,10:00:48,INFO,WebServer,Page view: /home by u1636,E103,Page view: {page} by {user}
31211,2026-01-12,10:28:49,INFO,WebServer,User u2163 login successful,E101,User {user} login successful
31212,2026-01-12,10:34:38,INFO,PaymentGateway,Health check passed: PaymentGateway,E102,Health check passed: {service}
31213,2026-01-12,10:50:40,INFO,WebServer,Health check passed: WebServer,E102,Health check passed: {service}
31214,2026-01-12,10:54:51,INFO,AuthService,Health check passed: AuthService,E102,Health check passed: {service}
31215,2026-01-12,10:17:49,INFO,WebServer,User u4403 login successful,E101,User {user} login successful
31216,2026-01-12,10:57:37,INFO,AuthService,Transaction tx582572 completed in 820ms,E104,Transaction {tx} completed in {time}ms
31217,2026-01-12,10:14:07,INFO,AuthService,User u1872 login successful,E101,User {user} login successful
31218,2026-01-12,10:54:50,INFO,OrderProcessor,Page view: /home by u3321,E103,Page view: {page} by {user}
31219,2026-01-12,10:08:22,INFO,WebServer,Health check passed: WebServer,E102,Health check passed: {service}
31220,2026-01-12,10:58:07,INFO,WebServer,Health check passed: WebServer,E102,Health check passed: {service}
31221,2026-01-12,10:39:19,INFO,PaymentGateway,User u1503 login successful,E101,User {user} login successful
31222,2026-01-12,10:59:27,INFO,AuthService,Transaction tx948199 completed in 696ms,E104,Transaction {tx} completed in {time}ms
31223,2026-01-12,10:34:22,WARN,PaymentGateway,Disk usage > 85% on node node-5,E202,Disk usage > 85% on node {node}
31224,2026-01-12,10:19:05,INFO,OrderProcessor,User u2192 login successful,E101,User {user} login successful
31225,2026-01-12,10:51:02,ERROR,AuthService,Payment declined: Gateway unavailable,E503,Payment declined: Gateway unavailable
31226,2026-01-12,10:03:23,INFO,OrderProcessor,Page view: /home by u1287,E103,Page view: {page} by {user}
31227,2026-01-12,10:40:13,INFO,WebServer,Page view: /home by u3694,E103,Page view: {page} by {user}
31228,2026-01-12,10:07:44,INFO,PaymentGateway,Page view: /home by u3047,E103,Page view: {page} by {user}
31229,2026-01-12,10:57:01,INFO,AuthService,Transaction tx709324 completed in 1177ms,E104,Transaction {tx} completed in {time}ms
31230,2026-01-12,10:30:13,INFO,OrderProcessor,Transaction tx988934 completed in 1536ms,E104,Transaction {tx} completed in {time}ms
31231,2026-01-12,10:08:11,INFO,AuthService,User u3963 login successful,E101,User {user} login successful
31232,2026-01-12,10:44:46,INFO,AuthService,Transaction tx609995 completed in 1192ms,E104,Transaction {tx} completed in {time}ms
31233,2026-01-12,10:53:32,INFO,WebServer,Health check passed: WebServer,E102,Health check passed: {service}
31234,2026-01-12,10:05:03,INFO,OrderProcessor,Page view: /home by u4493,E103,Page view: {page} by {user}
31235,2026-01-12,10:07:47,INFO,AuthService,Transaction tx262352 completed in 34ms,E104,Transaction {tx} completed in {time}ms
31236,2026-01-12,10:19:51,INFO,WebServer,User u2673 login successful,E101,User {user} login successful
31237,2026-01-12,10:13:08,INFO,WebServer,User u2643 login successful,E101,User {user} login successful
31238,2026-01-12,10:25:14,INFO,OrderProcessor,Transaction tx834369 completed in 1063ms,E104,Transaction {tx} completed in {time}ms
31239,2026-01-12,10:34:14,INFO,InventoryDB,Health check passed: InventoryDB,E102,Health check passed: {service}
31240,2026-01-12,10:37:09,INFO,WebServer,User u3784 login successful,E101,User {user} login successful
31241,2026-01-12,10:13:17,INFO,OrderProcessor,User u1691 login successful,E101,User {user} login successful
31242,2026-01-12,10:20:32,INFO,WebServer,Transaction tx102424 completed in 989ms,E104,Transaction {tx} completed in {time}ms
31243,2026-01-12,10:53:19,INFO,WebServer,Transaction tx804433 completed in 356ms,E104,Transaction {tx} completed in {time}ms
31244,2026-01-12,10:05:25,INFO,OrderProcessor,User u3985 login successful,E101,User {user} login successful
31245,2026-01-12,10:43:55,WARN,AuthService,Disk usage > 85% on node node-1,E202,Disk usage > 85% on node {node}
31246,2026-01-12,10:33:07,INFO,WebServer,Page view: /home by u3256,E103,Page view: {page} by {user}
31247,2026-01-12,10:08:48,INFO,OrderProcessor,Health check passed: OrderProcessor,E102,Health check passed: {service}
31248,2026-01-12,10:47:57,INFO,OrderProcessor,Health check passed: OrderProcessor,E102,Health check passed: {service}
31249,2026-01-12,10:07:39,INFO,PaymentGateway,User u3040 login successful,E101,User {user} login successful
31250,2026-01-12,10:01:16,INFO,WebServer,Health check passed: WebServer,E102,Health check passed: {service}
31251,2026-01-12,10:15:23,WARN,WebServer,Disk usage > 85% on node node-1,E202,Disk usage > 85% on node {node}
31252,2026-01-12,10:11:04,INFO,AuthService,Transaction tx864523 completed in 975ms,E104,Transaction {tx} completed in {time}ms
31253,2026-01-12,10:34:23,INFO,AuthService,Transaction tx518274 completed in 385ms,E104,Transaction {tx} completed in {time}ms
31254,2026-01-12,10:15:39,INFO,InventoryDB,Transaction tx272454 completed in 1542ms,E104,Transaction {tx} completed in {time}ms
31255,2026-01-12,10:21:03,INFO,PaymentGateway,User u2427 login successful,E101,User {user} login successful
31256,2026-01-12,10:00:41,INFO,OrderProcessor,Page view: /home by u2958,E103,Page view: {page} by {user}
31257,2026-01-12,10:24:32,INFO,PaymentGateway,Health check passed: PaymentGateway,E102,Health check passed: {service}
31258,2026-01-12,10:23:42,INFO,WebServer,Health check passed: WebServer,E102,Health check passed: {service}
31259,2026-01-12,10:44:33,INFO,AuthService,User u1561 login successful,E101,User {user} login successful
31260,2026-01-12,10:51:48,INFO,WebServer,Transaction tx907666 completed in 633ms,E104,Transaction {tx} completed in {time}ms
31261,2026-01-12,10:53:01,WARN,WebServer,Unauthorized access attempt from 10.0.0.45,E401,Unauthorized access attempt from {ip}
31262,2026-01-12,10:37:12,INFO,WebServer,Transaction tx447835 completed in 173ms,E104,Transaction {tx} completed in {time}ms
31263,2026-01-12,10:44:43,INFO,OrderProcessor,Health check passed: OrderProcessor,E102,Health check passed: {service}
31264,2026-01-12,10:15:29,INFO,WebServer,Transaction tx417919 completed in 900ms,E104,Transaction {tx} completed in {time}ms
31265,2026-01-12,10:42:39,INFO,InventoryDB,User u3440 login successful,E101,User {user} login successful
31266,2026-01-12,10:35:53,INFO,WebServer,Health check passed: WebServer,E102,Health check passed: {service}
31267,2026-01-12,10:03:11,INFO,PaymentGateway,Page view: /home by u3660,E103,Page view: {page} by {user}
31268,2026-01-12,10:25:52,INFO,WebServer,Page view: /home by u1279,E103,Page view: {page} by {user}
31269,2026-01-12,10:28:08,INFO,OrderProcessor,Transaction tx991639 completed in 1359ms,E104,Transaction {tx} completed in {time}ms
31270,2026-01-12,10:28:55,INFO,OrderProcessor,Transaction tx471979 completed in 1688ms,E104,Transaction {tx} completed in {time}ms
31271,2026-01-12,10:53:05,INFO,WebServer,Page view: /home by u1582,E103,Page view: {page} by {user}
31272,2026-01-12,10:25:36,INFO,AuthService,Health check passed: AuthService,E102,Health check passed: {service}
31273,2026-01-12,10:49:07,INFO,WebServer,Transaction tx202533 completed in 1366ms,E104,Transaction {tx} completed in {time}ms
31274,2026-01-12,10:16:21,INFO,WebServer,Transaction tx493193 completed in 706ms,E104,Transaction {tx} completed in {time}ms
31275,2026-01-12,10:37:26,INFO,WebServer,Health check passed: WebServer,E102,Health check passed: {service}
31276,2026-01-12,10:43:38,INFO,WebServer,User u1614 login successful,E101,User {user} login successful
31277,2026-01-12,10:56:40,INFO,WebServer,Transaction tx466002 completed in 683ms,E104,Transaction {tx} completed in {time}ms
31278,2026-01-12,10:17:30,INFO,WebServer,User u3442 login successful,E101,User {user} login successful
31279,2026-01-12,10:28:41,INFO,WebServer,Health check passed: WebServer,E102,Health check passed: {service}
31280,2026-01-12,10:01:17,INFO,WebServer,User u4966 login successful,E101,User {user} login successful
31281,2026-01-12,10:46:25,INFO,InventoryDB,User u2739 login successful,E101,User {user} login successful
31282,2026-01-12,10:36:46,INFO,WebServer,Transaction tx653367 completed in 1302ms,E104,Transaction {tx} completed in {time}ms
31283,2026-01-12,10:21:19,INFO,AuthService,Health check passed: AuthService,E102,Health check passed: {service}
31284,2026-01-12,10:17:30,INFO,WebServer,Page view: /home by u1588,E103,Page view: {page} by {user}
31285,2026-01-12,10:39:49,INFO,AuthService,Health check passed: AuthService,E102,Health check passed: {service}
31286,2026-01-12,10:51:18,INFO,AuthService,Transaction tx324909 completed in 832ms,E104,Transaction {tx} completed in {time}ms
31287,2026-01-12,10:59:21,INFO,OrderProcessor,Page view: /home by u1618,E103,Page view: {page} by {user}
31288,2026-01-12,10:11:07,ERROR,WebServer,Connection refused to WebServer at 10.0.0.45,E501,Connection refused to {service} at {ip}
31289,2026-01-12,10:37:32,INFO,AuthService,Page view: /home by u4659,E103,Page view: {page} by {user}
31290,2026-01-12,10:25:19,INFO,OrderProcessor,Page view: /home by u3049,E103,Page view: {page} by {user}
31291,2026-01-12,10:59:30,INFO,PaymentGateway,User u1427 login successful,E101,User {user} login successful
31292,2026-01-12,10:11:53,INFO,AuthService,User u3550 login successful,E101,User {user} login successful
31293,2026-01-12,10:03:46,INFO,InventoryDB,Page view: /home by u3233,E103,Page view: {page} by {user}
31294,2026-01-12,10:00:31,INFO,WebServer,Page view: /home by u1407,E103,Page view: {page} by {user}
31295,2026-01-12,10:48:29,WARN,AuthService,Disk usage > 85% on node node-3,E202,Disk usage > 85% on node {node}
31296,2026-01-12,10:25:25,INFO,PaymentGateway,Page view: /home by u1824,E103,Page view: {page} by {user}
31297,2026-01-12,10:28:54,INFO,WebServer,Health check passed: WebServer,E102,Health check passed: {service}
31298,2026-01-12,10:49:45,INFO,AuthService,User u2910 login successful,E101,User {user} login successful
31299,2026-01-12,10:32:01,INFO,WebServer,Transaction tx721666 completed in 1766ms,E104,Transaction {tx} completed in {time}ms
31300,2026-01-12,10:32:18,INFO,WebServer,Transaction tx524482 completed in 1436ms,E104,Transaction {tx} completed in {time}ms
31301,2026-01-12,10:52:50,INFO,WebServer,Page view: /home by u3357,E103,Page view: {page} by {user}
31302,2026-01-12,10:15:21,INFO,WebServer,Transaction tx179851 completed in 1232ms,E104,Transaction {tx} completed in {time}ms
31303,2026-01-12,10:10:33,INFO,WebServer,User u2493 login successful,E101,User {user} login successful
31304,2026-01-12,10:38:08,INFO,OrderProcessor,Page view: /home by u1871,E103,Page view: {page} by {user}
31305,2026-01-12,10:35:02,INFO,AuthService,Health check passed: AuthService,E102,Health check passed: {service}
31306,2026-01-12,10:57:12,INFO,WebServer,Page view: /home by u2593,E103,Page view: {page} by {user}
31307,2026-01-12,10:20:42,INFO,AuthService,Health check passed: AuthService,E102,Health check passed: {service}
31308,2026-01-12,10:07:15,INFO,AuthService,Health check passed: AuthService,E102,Health check passed: {service}
31309,2026-01-12,10:19:28,INFO,OrderProcessor,Transaction tx806488 completed in 757ms,E104,Transaction {tx} completed in {time}ms
31310,2026-01-12,10:21:53,WARN,AuthService,High latency (1649ms) detected on AuthService,E201,High latency ({time}ms) detected on {service}
31311,2026-01-12,10:44:59,INFO,WebServer,Page view: /home by u1596,E103,Page view: {page} by {user}
31312,2026-01-12,10:36:16,INFO,WebServer,User u3296 login successful,E101,User {user} login successful
31313,2026-01-12,10:24:56,INFO,WebServer,Health check passed: WebServer,E102,Health check passed: {service}
31314,2026-01-12,10:57:59,INFO,AuthService,Page view: /home by u1597,E103,Page view: {page} by {user}
31315,2026-01-12,10:26:26,INFO,AuthService,Transaction tx168379 completed in 1467ms,E104,Transaction {tx} completed in {time}ms
31316,2026-01-12,10:26:28,INFO,AuthService,Transaction tx582078 completed in 1608ms,E104,Transaction {tx} completed in {time}ms
31317,2026-01-12,10:49:26,INFO,PaymentGateway,Health check passed: PaymentGateway,E102,Health check passed: {service}
31318,2026-01-12,10:46:36,INFO,PaymentGateway,Transaction tx494211 completed in 1392ms,E104,Transaction {tx} completed in {time}ms
31319,2026-01-12,10:41:44,INFO,WebServer,Transaction tx462279 completed in 963ms,E104,Transaction {tx} completed in {time}ms
31320,2026-01-12,10:01:08,INFO,WebServer,Health check passed: WebServer,E102,Health check passed: {service}
31321,2026-01-12,10:19:08,WARN,WebServer,High latency (576ms) detected on WebServer,E201,High latency ({time}ms) detected on {service}
31322,2026-01-12,10:42:15,INFO,AuthService,User u4301 login successful,E101,User {user} login successful
31323,2026-01-12,10:24:44,INFO,PaymentGateway,Transaction tx379272 completed in 997ms,E104,Transaction {tx} completed in {time}ms
31324,2026-01-12,10:08:11,INFO,AuthService,Health check passed: AuthService,E102,Health check passed: {service}
31325,2026-01-12,10:09:54,INFO,WebServer,Health check passed: WebServer,E102,Health check passed: {service}
31326,2026-01-12,10:24:43,INFO,OrderProcessor,Page view: /home by u4251,E103,Page view: {page} by {user}
31327,2026-01-12,10:17:37,INFO,WebServer,User u1088 login successful,E101,User {user} login successful
31328,2026-01-12,10:38:07,INFO,AuthService,User u1877 login successful,E101,User {user} login successful
31329,2026-01-12,10:29:07,INFO,WebServer,User u3012 login successful,E101,User {user} login successful
31330,2026-01-12,10:27:38,INFO,OrderProcessor,Page view: /home by u2549,E103,Page view: {page} by {user}
31331,2026-01-12,10:41:45,INFO,AuthService,Page view: /home by u2888,E103,Page view: {page} by {user}
31332,2026-01-12,10:52:31,INFO,OrderProcessor,User u1158 login successful,E101,User {user} login successful
31333,2026-01-12,10:33:34,INFO,AuthService,User u2814 login successful,E101,User {user} login successful
31334,2026-01-12,10:09:44,INFO,WebServer,User u4066 login successful,E101,User {user} login successful
31335,2026-01-12,10:46:28,INFO,AuthService,Transaction tx982282 completed in 1612ms,E104,Transaction {tx} completed in {time}ms
31336,2026-01-12,10:20:14,INFO,WebServer,Transaction tx300779 completed in 1227ms,E104,Transaction {tx} completed in {time}ms
31337,2026-01-12,10:26:10,INFO,AuthService,Page view: /home by u3213,E103,Page view: {page} by {user}
31338,2026-01-12,10:47:39,INFO,PaymentGateway,User u1815 login successful,E101,User {user} login successful
31339,2026-01-12,10:38:06,INFO,OrderProcessor,Health check passed: OrderProcessor,E102,Health check passed: {service}
31340,2026-01-12,10:11:33,INFO,WebServer,Health check passed: WebServer,E102,Health check passed: {service}
31341,2026-01-12,10:20:37,INFO,PaymentGateway,Page view: /home by u4468,E103,Page view: {page} by {user}
31342,2026-01-12,10:48:27,INFO,WebServer,Transaction tx367378 completed in 1572ms,E104,Transaction {tx} completed in {time}ms
31343,2026-01-12,10:36:17,INFO,WebServer,Transaction tx451758 completed in 349ms,E104,Transaction {tx} completed in {time}ms
31344,2026-01-12,10:35:04,INFO,OrderProcessor,Page view: /home by u1061,E103,Page view: {page} by {user}
31345,2026-01-12,10:01:15,ERROR,InventoryDB,Timeout waiting for lock on InventoryDB,E502,Timeout waiting for lock on {db}
31346,2026-01-12,10:44:42,INFO,OrderProcessor,User u3696 login successful,E101,User {user} login successful
31347,2026-01-12,10:57:19,INFO,WebServer,User u2105 login successful,E101,User {user} login successful
31348,2026-01-12,10:39:30,INFO,WebServer,Transaction tx438727 completed in 1431ms,E104,Transaction {tx} completed in {time}ms
31349,2026-01-12,10:10:11,INFO,WebServer,User u2178 login successful,E101,User {user} login successful
31350,2026-01-12,10:11:48,INFO,WebServer,User u1635 login successful,E101,User {user} login successful
31351,2026-01-12,10:19:17,INFO,PaymentGateway,Page view: /home by u1512,E103,Page view: {page} by {user}
31352,2026-01-12,10:21:09,INFO,WebServer,Page view: /home by u2089,E103,Page view: {page} by {user}
31353,2026-01-12,10:36:02,INFO,PaymentGateway,Page view: /home by u1661,E103,Page view: {page} by {user}
31354,2026-01-12,10:29:25,INFO,OrderProcessor,Page view: /home by u1962,E103,Page view: {page} by {user}
31355,2026-01-12,10:02:16,INFO,WebServer,User u4677 login successful,E101,User {user} login successful
31356,2026-01-12,10:22:23,INFO,AuthService,Health check passed: AuthService,E102,Health check passed: {service}
31357,2026-01-12,10:37:37,INFO,AuthService,Health check passed: AuthService,E102,Health check passed: {service}
31358,2026-01-12,10:19:03,INFO,OrderProcessor,Page view: /home by u1648,E103,Page view: {page} by {user}
31359,2026-01-12,10:46:24,INFO,AuthService,User u4122 login successful,E101,User {user} login successful
31360,2026-01-12,10:51:27,INFO,OrderProcessor,Health check passed: OrderProcessor,E102,Health check passed: {service}
31361,2026-01-12,10:28:15,INFO,WebServer,User u1264 login successful,E101,User {user} login successful
31362,2026-01-12,10:57:18,INFO,WebServer,Health check passed: WebServer,E102,Health check passed: {service}
31363,2026-01-12,10:19:08,INFO,WebServer,User u1646 login successful,E101,User {user} login successful
31364,2026-01-12,10:39:57,INFO,WebServer,Transaction tx681756 completed in 1334ms,E104,Transaction {tx} completed in {time}ms
31365,2026-01-12,10:12:39,INFO,WebServer,User u3259 login successful,E101,User {user} login successful
31366,2026-01-12,10:26:27,INFO,WebServer,Health check passed: WebServer,E102,Health check passed: {service}
31367,2026-01-12,10:17:04,INFO,WebServer,Page view: /home by u4194,E103,Page view: {page} by {user}
31368,2026-01-12,10:54:18,INFO,WebServer,User u3798 login successful,E101,User {user} login successful
31369,2026-01-12,10:30:34,INFO,WebServer,Health check passed: WebServer,E102,Health check passed: {service}
31370,2026-01-12,10:38:19,INFO,OrderProcessor,Page view: /home by u4999,E103,Page view: {page} by {user}
31371,2026-01-12,10:23:04,INFO,AuthService,Transaction tx955718 completed in 1906ms,E104,Transaction {tx} completed in {time}ms
31372,2026-01-12,10:39:29,INFO,OrderProcessor,Health check passed: OrderProcessor,E102,Health check passed: {service}
31373,2026-01-12,10:14:57,INFO,InventoryDB,Page view: /home by u2894,E103,Page view: {page} by {user}
31374,2026-01-12,10:37:20,INFO,WebServer,Page view: /home by u3226,E103,Page view: {page} by {user}
31375,2026-01-12,10:38:16,INFO,PaymentGateway,Page view: /home by u4618,E103,Page view: {page} by {user}
31376,2026-01-12,10:03:13,INFO,InventoryDB,Page view: /home by u1896,E103,Page view: {page} by {user}
31377,2026-01-12,10:15:02,INFO,OrderProcessor,Page view: /home by u4497,E103,Page view: {page} by {user}
31378,2026-01-12,10:26:52,INFO,AuthService,Transaction tx455024 completed in 1184ms,E104,Transaction {tx} completed in {time}ms
31379,2026-01-12,10:32:37,INFO,WebServer,Page view: /home by u3668,E103,Page view: {page} by {user}
31380,2026-01-12,10:05:13,INFO,WebServer,Transaction tx809043 completed in 1116ms,E104,Transaction {tx} completed in {time}ms
31381,2026-01-12,10:21:16,INFO,PaymentGateway,Transaction tx923019 completed in 1991ms,E104,Transaction {tx} completed in {time}ms
31382,2026-01-12,10:34:30,INFO,WebServer,Page view: /home by u3569,E103,Page view: {page} by {user}
31383,2026-01-12,10:51:17,INFO,OrderProcessor,User u4523 login successful,E101,User {user} login successful
31384,2026-01-12,10:18:12,INFO,WebServer,Health check passed: WebServer,E102,Health check passed: {service}
31385,2026-01-12,10:06:29,INFO,WebServer,Page view: /home by u3464,E103,Page view: {page} by {user}
31386,2026-01-12,10:58:33,INFO,WebServer,Page view: /home by u2436,E103,Page view: {page} by {user}
31387,2026-01-12,10:49:11,INFO,WebServer,Page view: /home by u3755,E103,Page view: {page} by {user}
31388,2026-01-12,10:48:15,INFO,WebServer,User u2023 login successful,E101,User {user} login successful
31389,2026-01-12,10:47:18,INFO,WebServer,Page view: /home by u1563,E103,Page view: {page} by {user}
31390,2026-01-12,10:27:14,INFO,WebServer,Transaction tx609738 completed in 1108ms,E104,Transaction {tx} completed in {time}ms
31391,2026-01-12,10:22:37,INFO,OrderProcessor,User u3101 login successful,E101,User {user} login successful
31392,2026-01-12,10:29:09,INFO,WebServer,Transaction tx722256 completed in 1204ms,E104,Transaction {tx} completed in {time}ms
31393,2026-01-12,10:39:15,INFO,PaymentGateway,User u1362 login successful,E101,User {user} login successful
31394,2026-01-12,10:01:52,INFO,PaymentGateway,Health check passed: PaymentGateway,E102,Health check passed: {service}
31395,2026-01-12,10:59:32,INFO,WebServer,Transaction tx695267 completed in 1592ms,E104,Transaction {tx} completed in {time}ms
31396,2026-01-12,10:37:58,INFO,WebServer,Health check passed: WebServer,E102,Health check passed: {service}
31397,2026-01-12,10:18:58,INFO,WebServer,Transaction tx329299 completed in 978ms,E104,Transaction {tx} completed in {time}ms
31398,2026-01-12,10:39:47,INFO,WebServer,User u1123 login successful,E101,User {user} login successful
31399,2026-01-12,10:01:53,INFO,PaymentGateway,User u3263 login successful,E101,User {user} login successful
31400,2026-01-12,10:35:08,INFO,AuthService,Page view: /home by u1421,E103,Page view: {page} by {user}
31401,2026-01-12,10:17:54,INFO,AuthService,Page view: /home by u1930,E103,Page view: {page} by {user}
31402,2026-01-12,10:54:31,INFO,WebServer,User u2348 login successful,E101,User {user} login successful
31403,2026-01-12,10:03:53,INFO,AuthService,User u3205 login successful,E101,User {user} login successful
31404,2026-01-12,10:23:53,INFO,WebServer,Health check passed: WebServer,E102,Health check passed: {service}
31405,2026-01-12,10:14:18,INFO,WebServer,Page view: /home by u2365,E103,Page view: {page} by {user}
31406,2026-01-12,10:46:49,INFO,OrderProcessor,Page view: /home by u4652,E103,Page view: {page} by {user}
31407,2026-01-12,10:54:37,INFO,OrderProcessor,Health check passed: OrderProcessor,E102,Health check passed: {service}
31408,2026-01-12,10:51:36,WARN,WebServer,High latency (1287ms) detected on WebServer,E201,High latency ({time}ms) detected on {service}
31409,2026-01-12,10:59:14,WARN,OrderProcessor,High latency (1732ms) detected on OrderProcessor,E201,High latency ({time}ms) detected on {service}
31410,2026-01-12,10:54:47,INFO,AuthService,Page view: /home by u2776,E103,Page view: {page} by {user}
31411,2026-01-12,10:20:01,INFO,OrderProcessor,Health check passed: OrderProcessor,E102,Health check passed: {service}
31412,2026-01-12,10:43:50,INFO,WebServer,User u3091 login successful,E101,User {user} login successful
31413,2026-01-12,10:11:53,INFO,OrderProcessor,Transaction tx615453 completed in 1507ms,E104,Transaction {tx} completed in {time}ms
31414,2026-01-12,10:33:57,INFO,WebServer,User u1237 login successful,E101,User {user} login successful
31415,2026-01-12,10:17:32,INFO,PaymentGateway,Transaction tx992647 completed in 901ms,E104,Transaction {tx} completed in {time}ms
31416,2026-01-12,10:45:18,INFO,OrderProcessor,User u3141 login successful,E101,User {user} login successful
31417,2026-01-12,10:45:57,INFO,AuthService,User u1017 login successful,E101,User {user} login successful
31418,2026-01-12,10:45:41,INFO,WebServer,Transaction tx661150 completed in 1565ms,E104,Transaction {tx} completed in {time}ms
31419,2026-01-12,10:41:07,INFO,PaymentGateway,Transaction tx998569 completed in 676ms,E104,Transaction {tx} completed in {time}ms
31420,2026-01-12,10:48:52,INFO,PaymentGateway,Health check passed: PaymentGateway,E102,Health check passed: {service}
31421,2026-01-12,10:40:03,WARN,OrderProcessor,Disk usage > 85% on node node-5,E202,Disk usage > 85% on node {node}
31422,2026-01-12,10:27:16,INFO,OrderProcessor,User u2753 login successful,E101,User {user} login successful
31423,2026-01-12,10:28:35,INFO,PaymentGateway,Transaction tx516824 completed in 804ms,E104,Transaction {tx} completed in {time}ms
31424,2026-01-12,10:46:46,INFO,WebServer,User u1422 login successful,E101,User {user} login successful
31425,2026-01-12,10:09:25,INFO,InventoryDB,Transaction tx694767 completed in 211ms,E104,Transaction {tx} completed in {time}ms
31426,2026-01-12,10:18:47,INFO,PaymentGateway,Page view: /home by u4126,E103,Page view: {page} by {user}
31427,2026-01-12,10:52:38,INFO,WebServer,User u2776 login successful,E101,User {user} login successful
31428,2026-01-12,10:06:48,INFO,WebServer,User u4082 login successful,E101,User {user} login successful
31429,2026-01-12,10:26:47,INFO,AuthService,User u2559 login successful,E101,User {user} login successful
31430,2026-01-12,10:50:13,INFO,WebServer,User u1691 login successful,E101,User {user} login successful
31431,2026-01-12,10:35:55,WARN,WebServer,Disk usage > 85% on node node-5,E202,Disk usage > 85% on node {node}
31432,2026-01-12,10:43:11,INFO,WebServer,User u4469 login successful,E101,User {user} login successful
31433,2026-01-12,10:02:50,INFO,AuthService,User u3495 login successful,E101,User {user} login successful
31434,2026-01-12,10:15:42,INFO,PaymentGateway,Health check passed: PaymentGateway,E102,Health check passed: {service}
31435,2026-01-12,10:13:26,INFO,WebServer,Health check passed: WebServer,E102,Health check passed: {service}
31436,2026-01-12,10:27:51,WARN,OrderProcessor,High latency (120ms) detected on OrderProcessor,E201,High latency ({time}ms) detected on {service}
31437,2026-01-12,10:17:29,INFO,WebServer,Transaction tx630315 completed in 690ms,E104,Transaction {tx} completed in {time}ms
31438,2026-01-12,10:10:11,INFO,WebServer,Transaction tx849711 completed in 852ms,E104,Transaction {tx} completed in {time}ms
31439,2026-01-12,10:47:48,INFO,WebServer,Health check passed: WebServer,E102,Health check passed: {service}
31440,2026-01-12,10:27:59,INFO,WebServer,Transaction tx561375 completed in 784ms,E104,Transaction {tx} completed in {time}ms
31441,2026-01-12,10:19:16,CRITICAL,WebServer,DATA CORRUPTION detected in sector 850,E602,DATA CORRUPTION detected in sector {sector}
31442,2026-01-12,10:34:07,INFO,PaymentGateway,Transaction tx493692 completed in 635ms,E104,Transaction {tx} completed in {time}ms
31443,2026-01-12,10:00:27,INFO,WebServer,User u3081 login successful,E101,User {user} login successful
31444,2026-01-12,10:01:35,INFO,WebServer,User u1667 login successful,E101,User {user} login successful
31445,2026-01-12,10:09:43,INFO,WebServer,Transaction tx209816 completed in 529ms,E104,Transaction {tx} completed in {time}ms
31446,2026-01-12,10:24:34,INFO,PaymentGateway,User u1577 login successful,E101,User {user} login successful
31447,2026-01-12,10:45:41,INFO,AuthService,Transaction tx697700 completed in 1039ms,E104,Transaction {tx} completed in {time}ms
31448,2026-01-12,10:11:47,INFO,WebServer,Page view: /home by u1239,E103,Page view: {page} by {user}
31449,2026-01-12,10:56:36,INFO,WebServer,User u3572 login successful,E101,User {user} login successful
31450,2026-01-12,10:13:07,ERROR,AuthService,Payment declined: Gateway unavailable,E503,Payment declined: Gateway unavailable
31451,2026-01-12,10:45:31,INFO,OrderProcessor,Health check passed: OrderProcessor,E102,Health check passed: {service}
31452,2026-01-12,10:35:09,INFO,OrderProcessor,Health check passed: OrderProcessor,E102,Health check passed: {service}
31453,2026-01-12,10:44:11,INFO,WebServer,Transaction tx606361 completed in 1466ms,E104,Transaction {tx} completed in {time}ms
31454,2026-01-12,10:49:28,INFO,AuthService,Page view: /home by u2368,E103,Page view: {page} by {user}
31455,2026-01-12,10:58:42,INFO,WebServer,Page view: /home by u3585,E103,Page view: {page} by {user}
31456,2026-01-12,10:09:37,INFO,WebServer,Page view: /home by u4323,E103,Page view: {page} by {user}
31457,2026-01-12,10:43:50,INFO,WebServer,Page view: /home by u2593,E103,Page view: {page} by {user}
31458,2026-01-12,10:23:34,WARN,WebServer,Disk usage > 85% on node node-4,E202,Disk usage > 85% on node {node}
31459,2026-01-12,10:54:38,INFO,WebServer,Transaction tx633675 completed in 337ms,E104,Transaction {tx} completed in {time}ms
31460,2026-01-12,10:55:55,INFO,WebServer,Page view: /home by u4073,E103,Page view: {page} by {user}
31461,2026-01-12,10:39:07,INFO,InventoryDB,Transaction tx418812 completed in 864ms,E104,Transaction {tx} completed in {time}ms
31462,2026-01-12,10:16:38,INFO,OrderProcessor,Page view: /home by u3302,E103,Page view: {page} by {user}
31463,2026-01-12,10:18:56,INFO,WebServer,Transaction tx160576 completed in 620ms,E104,Transaction {tx} completed in {time}ms
31464,2026-01-12,10:44:52,INFO,PaymentGateway,Health check passed: PaymentGateway,E102,Health check passed: {service}
31465,2026-01-12,10:57:00,WARN,WebServer,High latency (831ms) detected on WebServer,E201,High latency ({time}ms) detected on {service}
31466,2026-01-12,10:17:40,INFO,AuthService,Health check passed: AuthService,E102,Health check passed: {service}
31467,2026-01-12,10:55:40,INFO,AuthService,Health check passed: AuthService,E102,Health check passed: {service}
31468,2026-01-12,10:25:41,INFO,WebServer,Health check passed: WebServer,E102,Health check passed: {service}
31469,2026-01-12,10:55:40,INFO,WebServer,Page view: /home by u4149,E103,Page view: {page} by {user}
31470,2026-01-12,10:52:14,INFO,WebServer,User u3444 login successful,E101,User {user} login successful
31471,2026-01-12,10:14:05,INFO,WebServer,Page view: /home by u1849,E103,Page view: {page} by {user}
31472,2026-01-12,10:20:58,INFO,WebServer,Page view: /home by u2951,E103,Page view: {page} by {user}
31473,2026-01-12,10:31:01,INFO,WebServer,Page view: /home by u4819,E103,Page view: {page} by {user}
31474,2026-01-12,10:26:16,INFO,WebServer,User u1768 login successful,E101,User {user} login successful
31475,2026-01-12,10:42:22,INFO,OrderProcessor,Health check passed: OrderProcessor,E102,Health check passed: {service}
31476,2026-01-12,10:46:28,INFO,WebServer,User u1904 login successful,E101,User {user} login successful
31477,2026-01-12,10:31:30,INFO,WebServer,Page view: /home by u4933,E103,Page view: {page} by {user}
31478,2026-01-12,10:58:04,INFO,WebServer,Page view: /home by u1745,E103,Page view: {page} by {user}
31479,2026-01-12,10:29:49,INFO,OrderProcessor,Transaction tx886262 completed in 1367ms,E104,Transaction {tx} completed in {time}ms
31480,2026-01-12,10:07:23,ERROR,WebServer,Payment declined: Gateway unavailable,E503,Payment declined: Gateway unavailable
31481,2026-01-12,10:14:29,INFO,AuthService,User u1057 login successful,E101,User {user} login successful
31482,2026-01-12,10:04:14,INFO,AuthService,Health check passed: AuthService,E102,Health check passed: {service}
31483,2026-01-12,10:05:22,INFO,OrderProcessor,User u2914 login successful,E101,User {user} login successful
31484,2026-01-12,10:49:26,INFO,AuthService,Page view: /home by u1847,E103,Page view: {page} by {user}
31485,2026-01-12,10:04:53,INFO,WebServer,User u2836 login successful,E101,User {user} login successful
31486,2026-01-12,10:28:10,INFO,WebServer,Page view: /home by u2284,E103,Page view: {page} by {user}
31487,2026-01-12,10:48:31,INFO,AuthService,Transaction tx552720 completed in 1376ms,E104,Transaction {tx} completed in {time}ms
31488,2026-01-12,10:55:32,INFO,OrderProcessor,Health check passed: OrderProcessor,E102,Health check passed: {service}
31489,2026-01-12,10:45:03,INFO,WebServer,Transaction tx270847 completed in 1975ms,E104,Transaction {tx} completed in {time}ms
31490,2026-01-12,10:26:33,INFO,InventoryDB,Transaction tx871927 completed in 1651ms,E104,Transaction {tx} completed in {time}ms
31491,2026-01-12,10:27:05,INFO,WebServer,Transaction tx533611 completed in 1172ms,E104,Transaction {tx} completed in {time}ms
31492,2026-01-12,10:58:38,WARN,WebServer,Unauthorized access attempt from 10.0.0.45,E401,Unauthorized access attempt from {ip}
31493,2026-01-12,10:22:52,INFO,WebServer,Transaction tx876444 completed in 1348ms,E104,Transaction {tx} completed in {time}ms
31494,2026-01-12,10:14:27,WARN,OrderProcessor,High latency (778ms) detected on OrderProcessor,E201,High latency ({time}ms) detected on {service}
31495,2026-01-12,10:49:41,INFO,PaymentGateway,User u3191 login successful,E101,User {user} login successful
31496,2026-01-12,10:12:36,INFO,WebServer,Transaction tx977230 completed in 1229ms,E104,Transaction {tx} completed in {time}ms
31497,2026-01-12,10:43:03,INFO,WebServer,Health check passed: WebServer,E102,Health check passed: {service}
31498,2026-01-12,10:05:29,INFO,AuthService,Health check passed: AuthService,E102,Health check passed: {service}
31499,2026-01-12,10:37:07,INFO,WebServer,Health check passed: WebServer,E102,Health check passed: {service}
31500,2026-01-12,10:47:09,INFO,InventoryDB,User u3123 login successful,E101,User {user} login successful
31501,2026-01-12,10:44:34,INFO,AuthService,User u4870 login successful,E101,User {user} login successful
31502,2026-01-12,10:47:46,INFO,AuthService,Page view: /home by u1402,E103,Page view: {page} by {user}
31503,2026-01-12,10:37:49,INFO,AuthService,User u4917 login successful,E101,User {user} login successful
31504,2026-01-12,10:24:59,INFO,OrderProcessor,Health check passed: OrderProcessor,E102,Health check passed: {service}
31505,2026-01-12,10:38:37,INFO,InventoryDB,User u4191 login successful,E101,User {user} login successful
31506,2026-01-12,10:29:38,INFO,WebServer,Page view: /home by u4715,E103,Page view: {page} by {user}
31507,2026-01-12,10:42:20,INFO,WebServer,Page view: /home by u2658,E103,Page view: {page} by {user}
31508,2026-01-12,10:56:52,INFO,WebServer,Page view: /home by u1754,E103,Page view: {page} by {user}
31509,2026-01-12,10:17:40,INFO,AuthService,Transaction tx640781 completed in 371ms,E104,Transaction {tx} completed in {time}ms
31510,2026-01-12,10:25:33,INFO,WebServer,Health check passed: WebServer,E102,Health check passed: {service}
31511,2026-01-12,10:34:51,INFO,InventoryDB,Transaction tx963774 completed in 101ms,E104,Transaction {tx} completed in {time}ms
31512,2026-01-12,10:40:02,INFO,WebServer,Page view: /home by u3437,E103,Page view: {page} by {user}
31513,2026-01-12,10:58:03,INFO,OrderProcessor,Page view: /home by u2465,E103,Page view: {page} by {user}
31514,2026-01-12,10:05:29,INFO,WebServer,Health check passed: WebServer,E102,Health check passed: {service}
31515,2026-01-12,10:43:06,INFO,WebServer,Health check passed: WebServer,E102,Health check passed: {service}
31516,2026-01-12,10:37:27,INFO,WebServer,Transaction tx399998 completed in 1207ms,E104,Transaction {tx} completed in {time}ms
31517,2026-01-12,10:47:31,INFO,WebServer,Page view: /home by u4517,E103,Page view: {page} by {user}
31518,2026-01-12,10:48:57,INFO,WebServer,Page view: /home by u3229,E103,Page view: {page} by {user}
31519,2026-01-12,10:40:08,INFO,WebServer,User u4802 login successful,E101,User {user} login successful
31520,2026-01-12,10:43:01,INFO,WebServer,Health check passed: WebServer,E102,Health check passed: {service}
31521,2026-01-12,10:09:38,INFO,PaymentGateway,Transaction tx874417 completed in 1047ms,E104,Transaction {tx} completed in {time}ms
31522,2026-01-12,10:03:45,INFO,WebServer,Health check passed: WebServer,E102,Health check passed: {service}
31523,2026-01-12,10:31:20,INFO,OrderProcessor,Page view: /home by u1903,E103,Page view: {page} by {user}
31524,2026-01-12,10:11:10,INFO,AuthService,Page view: /home by u2081,E103,Page view: {page} by {user}
31525,2026-01-12,10:56:13,INFO,AuthService,User u2478 login successful,E101,User {user} login successful
31526,2026-01-12,10:21:57,INFO,AuthService,Transaction tx737409 completed in 363ms,E104,Transaction {tx} completed in {time}ms
31527,2026-01-12,10:39:35,INFO,OrderProcessor,User u1896 login successful,E101,User {user} login successful
31528,2026-01-12,10:21:55,INFO,PaymentGateway,User u1990 login successful,E101,User {user} login successful
31529,2026-01-12,10:24:56,INFO,AuthService,User u3588 login successful,E101,User {user} login successful
31530,2026-01-12,10:07:55,INFO,PaymentGateway,User u1075 login successful,E101,User {user} login successful
31531,2026-01-12,10:36:38,INFO,InventoryDB,Transaction tx830460 completed in 448ms,E104,Transaction {tx} completed in {time}ms
31532,2026-01-12,10:41:13,INFO,AuthService,User u1422 login successful,E101,User {user} login successful
31533,2026-01-12,10:50:32,INFO,WebServer,Page view: /home by u3341,E103,Page view: {page} by {user}
31534,2026-01-12,10:34:30,INFO,AuthService,Health check passed: AuthService,E102,Health check passed: {service}
31535,2026-01-12,10:46:15,INFO,WebServer,Transaction tx893199 completed in 1498ms,E104,Transaction {tx} completed in {time}ms
31536,2026-01-12,10:05:34,INFO,WebServer,Health check passed: WebServer,E102,Health check passed: {service}
31537,2026-01-12,10:22:59,INFO,WebServer,Transaction tx749057 completed in 1026ms,E104,Transaction {tx} completed in {time}ms
31538,2026-01-12,10:50:17,INFO,PaymentGateway,Health check passed: PaymentGateway,E102,Health check passed: {service}
31539,2026-01-12,10:12:30,WARN,WebServer,Disk usage > 85% on node node-3,E202,Disk usage > 85% on node {node}
31540,2026-01-12,10:14:11,INFO,WebServer,Transaction tx309756 completed in 1854ms,E104,Transaction {tx} completed in {time}ms
31541,2026-01-12,10:16:05,INFO,WebServer,Transaction tx644137 completed in 1674ms,E104,Transaction {tx} completed in {time}ms
31542,2026-01-12,10:35:03,INFO,OrderProcessor,Page view: /home by u2974,E103,Page view: {page} by {user}
31543,2026-01-12,10:01:58,INFO,AuthService,Health check passed: AuthService,E102,Health check passed: {service}
31544,2026-01-12,10:18:36,INFO,WebServer,User u2243 login successful,E101,User {user} login successful
31545,2026-01-12,10:19:00,INFO,AuthService,User u1326 login successful,E101,User {user} login successful
31546,2026-01-12,10:28:20,INFO,OrderProcessor,Health check passed: OrderProcessor,E102,Health check passed: {service}
31547,2026-01-12,10:20:15,INFO,AuthService,User u1551 login successful,E101,User {user} login successful
31548,2026-01-12,10:28:40,INFO,PaymentGateway,Transaction tx765098 completed in 1721ms,E104,Transaction {tx} completed in {time}ms
31549,2026-01-12,10:21:17,WARN,OrderProcessor,Unauthorized access attempt from 10.0.0.88,E401,Unauthorized access attempt from {ip}
31550,2026-01-12,10:23:34,INFO,WebServer,Health check passed: WebServer,E102,Health check passed: {service}
31551,2026-01-12,10:15:50,INFO,WebServer,User u1408 login successful,E101,User {user} login successful
31552,2026-01-12,10:59:43,INFO,PaymentGateway,User u2051 login successful,E101,User {user} login successful
31553,2026-01-12,10:45:25,INFO,WebServer,User u2637 login successful,E101,User {user} login successful
31554,2026-01-12,10:20:32,INFO,WebServer,Transaction tx360181 completed in 554ms,E104,Transaction {tx} completed in {time}ms
31555,2026-01-12,10:18:47,INFO,WebServer,Transaction tx766436 completed in 632ms,E104,Transaction {tx} completed in {time}ms
31556,2026-01-12,10:47:43,INFO,OrderProcessor,Health check passed: OrderProcessor,E102,Health check passed: {service}
31557,2026-01-12,10:17:20,INFO,OrderProcessor,Page view: /home by u3527,E103,Page view: {page} by {user}
31558,2026-01-12,10:02:09,INFO,WebServer,Page view: /home by u1020,E103,Page view: {page} by {user}
31559,2026-01-12,10:40:26,INFO,WebServer,Health check passed: WebServer,E102,Health check passed: {service}
31560,2026-01-12,10:16:48,INFO,OrderProcessor,Transaction tx631848 completed in 1725ms,E104,Transaction {tx} completed in {time}ms
31561,2026-01-12,10:31:07,INFO,WebServer,Page view: /home by u4015,E103,Page view: {page} by {user}
31562,2026-01-12,10:19:39,INFO,WebServer,Page view: /home by u3957,E103,Page view: {page} by {user}
31563,2026-01-12,10:57:25,INFO,AuthService,Transaction tx403737 completed in 317ms,E104,Transaction {tx} completed in {time}ms
31564,2026-01-12,10:33:06,INFO,WebServer,Health check passed: WebServer,E102,Health check passed: {service}
31565,2026-01-12,10:21:33,WARN,WebServer,Disk usage > 85% on node node-4,E202,Disk usage > 85% on node {node}
31566,2026-01-12,10:25:41,INFO,WebServer,Page view: /home by u1418,E103,Page view: {page} by {user}
31567,2026-01-12,10:47:30,INFO,WebServer,Health check passed: WebServer,E102,Health check passed: {service}
31568,2026-01-12,10:20:37,INFO,WebServer,User u2192 login successful,E101,User {user} login successful
31569,2026-01-12,10:45:05,INFO,WebServer,Health check passed: WebServer,E102,Health check passed: {service}
31570,2026-01-12,10:24:40,INFO,WebServer,User u1728 login successful,E101,User {user} login successful
31571,2026-01-12,10:19:14,INFO,WebServer,Health check passed: WebServer,E102,Health check passed: {service}
31572,2026-01-12,10:27:21,INFO,PaymentGateway,Health check passed: PaymentGateway,E102,Health check passed: {service}
31573,2026-01-12,10:51:57,INFO,WebServer,User u3290 login successful,E101,User {user} login successful
31574,2026-01-12,10:33:01,INFO,AuthService,Page view: /home by u1377,E103,Page view: {page} by {user}
31575,2026-01-12,10:00:57,WARN,WebServer,Disk usage > 85% on node node-4,E202,Disk usage > 85% on node {node}
31576,2026-01-12,10:50:06,INFO,WebServer,Health check passed: WebServer,E102,Health check passed: {service}
31577,2026-01-12,10:02:34,INFO,WebServer,Health check passed: WebServer,E102,Health check passed: {service}
31578,2026-01-12,10:15:37,INFO,WebServer,Page view: /home by u2953,E103,Page view: {page} by {user}
31579,2026-01-12,10:18:32,INFO,AuthService,Page view: /home by u4979,E103,Page view: {page} by {user}
31580,2026-01-12,10:34:32,WARN,WebServer,Disk usage > 85% on node node-5,E202,Disk usage > 85% on node {node}
31581,2026-01-12,10:43:28,INFO,AuthService,Health check passed: AuthService,E102,Health check passed: {service}
31582,2026-01-12,10:21:16,INFO,AuthService,Transaction tx187894 completed in 799ms,E104,Transaction {tx} completed in {time}ms
31583,2026-01-12,10:52:34,ERROR,AuthService,Connection refused to AuthService at 10.0.0.45,E501,Connection refused to {service} at {ip}
31584,2026-01-12,10:36:31,INFO,AuthService,User u3978 login successful,E101,User {user} login successful
31585,2026-01-12,10:40:49,INFO,WebServer,Health check passed: WebServer,E102,Health check passed: {service}
31586,2026-01-12,10:29:59,INFO,WebServer,Transaction tx220190 completed in 974ms,E104,Transaction {tx} completed in {time}ms
31587,2026-01-12,10:46:22,INFO,InventoryDB,User u2751 login successful,E101,User {user} login successful
31588,2026-01-12,10:16:24,INFO,WebServer,Page view: /home by u2178,E103,Page view: {page} by {user}
31589,2026-01-12,10:09:24,INFO,WebServer,Health check passed: WebServer,E102,Health check passed: {service}
31590,2026-01-12,10:49:16,INFO,OrderProcessor,Health check passed: OrderProcessor,E102,Health check passed: {service}
31591,2026-01-12,10:56:34,INFO,AuthService,Health check passed: AuthService,E102,Health check passed: {service}
31592,2026-01-12,10:45:58,INFO,OrderProcessor,Transaction tx287175 completed in 631ms,E104,Transaction {tx} completed in {time}ms
31593,2026-01-12,10:24:23,INFO,AuthService,Transaction tx719059 completed in 1255ms,E104,Transaction {tx} completed in {time}ms
31594,2026-01-12,10:04:14,INFO,WebServer,Health check passed: WebServer,E102,Health check passed: {service}
31595,2026-01-12,10:41:57,INFO,WebServer,User u4762 login successful,E101,User {user} login successful
31596,2026-01-12,10:38:47,INFO,WebServer,User u4946 login successful,E101,User {user} login successful
31597,2026-01-12,10:47:15,INFO,WebServer,User u1090 login successful,E101,User {user} login successful
31598,2026-01-12,10:48:03,INFO,OrderProcessor,User u2956 login successful,E101,User {user} login successful
31599,2026-01-12,10:31:01,INFO,OrderProcessor,User u4631 login successful,E101,User {user} login successful
31600,2026-01-12,10:55:01,INFO,WebServer,Page view: /home by u1910,E103,Page view: {page} by {user}
31601,2026-01-12,10:06:06,INFO,WebServer,User u3553 login successful,E101,User {user} login successful
31602,2026-01-12,10:25:58,INFO,WebServer,Page view: /home by u1792,E103,Page view: {page} by {user}
31603,2026-01-12,10:35:13,INFO,WebServer,Transaction tx689607 completed in 1828ms,E104,Transaction {tx} completed in {time}ms
31604,2026-01-12,10:45:35,INFO,WebServer,Page view: /home by u4302,E103,Page view: {page} by {user}
31605,2026-01-12,10:53:30,INFO,WebServer,Transaction tx197273 completed in 226ms,E104,Transaction {tx} completed in {time}ms
31606,2026-01-12,10:57:48,INFO,PaymentGateway,Health check passed: PaymentGateway,E102,Health check passed: {service}
31607,2026-01-12,10:53:39,INFO,WebServer,User u2853 login successful,E101,User {user} login successful
31608,2026-01-12,10:45:29,INFO,WebServer,Transaction tx423756 completed in 962ms,E104,Transaction {tx} completed in {time}ms
31609,2026-01-12,10:06:37,INFO,WebServer,Page view: /home by u1962,E103,Page view: {page} by {user}
31610,2026-01-12,10:01:37,INFO,WebServer,Transaction tx295342 completed in 375ms,E104,Transaction {tx} completed in {time}ms
31611,2026-01-12,10:41:59,INFO,AuthService,Transaction tx862335 completed in 372ms,E104,Transaction {tx} completed in {time}ms
31612,2026-01-12,10:10:20,WARN,OrderProcessor,High latency (776ms) detected on OrderProcessor,E201,High latency ({time}ms) detected on {service}
31613,2026-01-12,10:50:25,INFO,AuthService,Health check passed: AuthService,E102,Health check passed: {service}
31614,2026-01-12,10:11:38,INFO,WebServer,Health check passed: WebServer,E102,Health check passed: {service}
31615,2026-01-12,10:37:21,INFO,WebServer,Transaction tx374934 completed in 312ms,E104,Transaction {tx} completed in {time}ms
31616,2026-01-12,10:22:47,INFO,AuthService,Health check passed: AuthService,E102,Health check passed: {service}
31617,2026-01-12,10:45:29,INFO,WebServer,Page view: /home by u3979,E103,Page view: {page} by {user}
31618,2026-01-12,10:43:47,INFO,AuthService,Transaction tx172919 completed in 1168ms,E104,Transaction {tx} completed in {time}ms
31619,2026-01-12,10:06:40,INFO,WebServer,Page view: /home by u3079,E103,Page view: {page} by {user}
31620,2026-01-12,10:05:54,INFO,OrderProcessor,Health check passed: OrderProcessor,E102,Health check passed: {service}
31621,2026-01-12,10:55:03,INFO,WebServer,User u4509 login successful,E101,User {user} login successful
31622,2026-01-12,10:44:40,INFO,WebServer,Health check passed: WebServer,E102,Health check passed: {service}
31623,2026-01-12,10:58:06,INFO,WebServer,Health check passed: WebServer,E102,Health check passed: {service}
31624,2026-01-12,10:17:16,INFO,WebServer,Transaction tx203293 completed in 1125ms,E104,Transaction {tx} completed in {time}ms
31625,2026-01-12,10:43:04,INFO,PaymentGateway,User u1145 login successful,E101,User {user} login successful
31626,2026-01-12,10:47:45,CRITICAL,WebServer,DATA CORRUPTION detected in sector 310,E602,DATA CORRUPTION detected in sector {sector}
31627,2026-01-12,10:50:32,INFO,WebServer,Health check passed: WebServer,E102,Health check passed: {service}
31628,2026-01-12,10:43:02,WARN,InventoryDB,Disk usage > 85% on node node-3,E202,Disk usage > 85% on node {node}
31629,2026-01-12,10:56:55,INFO,WebServer,Page view: /home by u4645,E103,Page view: {page} by {user}
31630,2026-01-12,10:38:30,INFO,WebServer,User u4120 login successful,E101,User {user} login successful
31631,2026-01-12,10:36:23,INFO,WebServer,Page view: /home by u1756,E103,Page view: {page} by {user}
31632,2026-01-12,10:29:00,INFO,WebServer,Health check passed: WebServer,E102,Health check passed: {service}
31633,2026-01-12,10:32:21,INFO,AuthService,Transaction tx986176 completed in 378ms,E104,Transaction {tx} completed in {time}ms
31634,2026-01-12,10:00:15,INFO,OrderProcessor,Transaction tx893348 completed in 388ms,E104,Transaction {tx} completed in {time}ms
31635,2026-01-12,10:29:29,INFO,WebServer,Page view: /home by u1400,E103,Page view: {page} by {user}
31636,2026-01-12,10:21:20,INFO,WebServer,Transaction tx746163 completed in 1548ms,E104,Transaction {tx} completed in {time}ms
31637,2026-01-12,10:30:22,INFO,OrderProcessor,User u4815 login successful,E101,User {user} login successful
31638,2026-01-12,10:50:31,INFO,OrderProcessor,Transaction tx191390 completed in 1641ms,E104,Transaction {tx} completed in {time}ms
31639,2026-01-12,10:44:30,INFO,WebServer,Health check passed: WebServer,E102,Health check passed: {service}
31640,2026-01-12,10:47:06,INFO,AuthService,Transaction tx271034 completed in 1702ms,E104,Transaction {tx} completed in {time}ms
31641,2026-01-12,10:17:32,INFO,AuthService,User u2915 login successful,E101,User {user} login successful
31642,2026-01-12,10:59:08,INFO,PaymentGateway,Page view: /home by u3161,E103,Page view: {page} by {user}
31643,2026-01-12,10:20:32,INFO,PaymentGateway,User u3403 login successful,E101,User {user} login successful
31644,2026-01-12,10:27:08,INFO,OrderProcessor,Health check passed: OrderProcessor,E102,Health check passed: {service}
31645,2026-01-12,10:44:30,INFO,OrderProcessor,User u4958 login successful,E101,User {user} login successful
31646,2026-01-12,10:46:30,INFO,OrderProcessor,Health check passed: OrderProcessor,E102,Health check passed: {service}
31647,2026-01-12,10:47:45,INFO,PaymentGateway,Transaction tx552185 completed in 989ms,E104,Transaction {tx} completed in {time}ms
31648,2026-01-12,10:40:42,INFO,WebServer,User u3660 login successful,E101,User {user} login successful
31649,2026-01-12,10:40:11,INFO,WebServer,Transaction tx490127 completed in 94ms,E104,Transaction {tx} completed in {time}ms
31650,2026-01-12,10:58:19,INFO,WebServer,Transaction tx205068 completed in 1354ms,E104,Transaction {tx} completed in {time}ms
31651,2026-01-12,10:56:59,INFO,WebServer,Transaction tx390552 completed in 319ms,E104,Transaction {tx} completed in {time}ms
31652,2026-01-12,10:16:23,INFO,OrderProcessor,Health check passed: OrderProcessor,E102,Health check passed: {service}
31653,2026-01-12,10:09:15,INFO,WebServer,Health check passed: WebServer,E102,Health check passed: {service}
31654,2026-01-12,10:06:05,WARN,InventoryDB,Unauthorized access attempt from 10.0.0.12,E401,Unauthorized access attempt from {ip}
31655,2026-01-12,10:49:51,INFO,WebServer,Transaction tx511073 completed in 1816ms,E104,Transaction {tx} completed in {time}ms
31656,2026-01-12,10:33:04,INFO,WebServer,Transaction tx929548 completed in 1531ms,E104,Transaction {tx} completed in {time}ms
31657,2026-01-12,10:40:01,INFO,WebServer,Page view: /home by u1731,E103,Page view: {page} by {user}
31658,2026-01-12,10:14:26,INFO,WebServer,Page view: /home by u4899,E103,Page view: {page} by {user}
31659,2026-01-12,10:01:12,WARN,InventoryDB,High latency (1750ms) detected on InventoryDB,E201,High latency ({time}ms) detected on {service}
31660,2026-01-12,10:51:51,INFO,PaymentGateway,Page view: /home by u3424,E103,Page view: {page} by {user}
31661,2026-01-12,10:58:16,INFO,AuthService,Page view: /home by u3689,E103,Page view: {page} by {user}
31662,2026-01-12,10:45:29,ERROR,WebServer,Connection refused to WebServer at 192.168.1.5,E501,Connection refused to {service} at {ip}
31663,2026-01-12,10:56:00,INFO,WebServer,Health check passed: WebServer,E102,Health check passed: {service}
31664,2026-01-12,10:00:28,WARN,AuthService,Unauthorized access attempt from 10.0.0.99,E401,Unauthorized access attempt from {ip}
31665,2026-01-12,10:42:18,INFO,WebServer,Page view: /home by u3568,E103,Page view: {page} by {user}
31666,2026-01-12,10:19:40,INFO,WebServer,User u1415 login successful,E101,User {user} login successful
31667,2026-01-12,10:19:09,INFO,WebServer,Health check passed: WebServer,E102,Health check passed: {service}
31668,2026-01-12,10:39:32,INFO,WebServer,Transaction tx762559 completed in 1691ms,E104,Transaction {tx} completed in {time}ms
31669,2026-01-12,10:32:55,ERROR,PaymentGateway,Payment declined: Gateway unavailable,E503,Payment declined: Gateway unavailable
31670,2026-01-12,10:32:07,INFO,WebServer,Page view: /home by u2069,E103,Page view: {page} by {user}
31671,2026-01-12,10:52:32,INFO,OrderProcessor,Page view: /home by u4003,E103,Page view: {page} by {user}
31672,2026-01-12,10:13:07,INFO,AuthService,Transaction tx741788 completed in 1378ms,E104,Transaction {tx} completed in {time}ms
31673,2026-01-12,10:34:50,INFO,PaymentGateway,Transaction tx445450 completed in 1587ms,E104,Transaction {tx} completed in {time}ms
31674,2026-01-12,10:46:13,INFO,OrderProcessor,User u4826 login successful,E101,User {user} login successful
31675,2026-01-12,10:33:10,INFO,WebServer,Page view: /home by u1867,E103,Page view: {page} by {user}
31676,2026-01-12,10:18:20,INFO,AuthService,User u4697 login successful,E101,User {user} login successful
31677,2026-01-12,10:20:59,WARN,PaymentGateway,Unauthorized access attempt from 10.0.0.45,E401,Unauthorized access attempt from {ip}
31678,2026-01-12,10:17:34,INFO,WebServer,Page view: /home by u1621,E103,Page view: {page} by {user}
31679,2026-01-12,10:08:37,INFO,WebServer,User u4118 login successful,E101,User {user} login successful
31680,2026-01-12,10:03:31,INFO,PaymentGateway,Page view: /home by u2877,E103,Page view: {page} by {user}
31681,2026-01-12,10:00:01,INFO,WebServer,Health check passed: WebServer,E102,Health check passed: {service}
31682,2026-01-12,10:31:18,INFO,AuthService,Page view: /home by u2656,E103,Page view: {page} by {user}
31683,2026-01-12,10:13:43,INFO,WebServer,Transaction tx842270 completed in 992ms,E104,Transaction {tx} completed in {time}ms
31684,2026-01-12,10:21:13,WARN,WebServer,Disk usage > 85% on node node-3,E202,Disk usage > 85% on node {node}
31685,2026-01-12,10:30:09,INFO,PaymentGateway,Transaction tx489121 completed in 1381ms,E104,Transaction {tx} completed in {time}ms
31686,2026-01-12,10:38:52,INFO,WebServer,Transaction tx381693 completed in 1813ms,E104,Transaction {tx} completed in {time}ms
31687,2026-01-12,10:18:25,WARN,WebServer,High latency (306ms) detected on WebServer,E201,High latency ({time}ms) detected on {service}
31688,2026-01-12,10:59:56,INFO,WebServer,Page view: /home by u3504,E103,Page view: {page} by {user}
31689,2026-01-12,10:39:21,INFO,AuthService,Page view: /home by u1334,E103,Page view: {page} by {user}
31690,2026-01-12,10:12:47,INFO,OrderProcessor,Health check passed: OrderProcessor,E102,Health check passed: {service}
31691,2026-01-12,10:37:58,INFO,PaymentGateway,User u1406 login successful,E101,User {user} login successful
31692,2026-01-12,10:57:33,WARN,PaymentGateway,High latency (791ms) detected on PaymentGateway,E201,High latency ({time}ms) detected on {service}
31693,2026-01-12,10:51:13,INFO,AuthService,User u2831 login successful,E101,User {user} login successful
31694,2026-01-12,10:49:29,INFO,AuthService,User u1795 login successful,E101,User {user} login successful
31695,2026-01-12,10:43:56,INFO,AuthService,User u4143 login successful,E101,User {user} login successful
31696,2026-01-12,10:58:02,INFO,AuthService,User u3547 login successful,E101,User {user} login successful
31697,2026-01-12,10:31:23,INFO,WebServer,Transaction tx802810 completed in 1264ms,E104,Transaction {tx} completed in {time}ms
31698,2026-01-12,10:27:34,INFO,WebServer,Health check passed: WebServer,E102,Health check passed: {service}
31699,2026-01-12,10:13:29,INFO,WebServer,Page view: /home by u1257,E103,Page view: {page} by {user}
31700,2026-01-12,10:08:18,INFO,AuthService,Page view: /home by u2424,E103,Page view: {page} by {user}
31701,2026-01-12,10:59:30,INFO,AuthService,User u2535 login successful,E101,User {user} login successful
31702,2026-01-12,10:22:49,INFO,WebServer,Transaction tx324805 completed in 1349ms,E104,Transaction {tx} completed in {time}ms
31703,2026-01-12,10:27:18,INFO,InventoryDB,User u3885 login successful,E101,User {user} login successful
31704,2026-01-12,10:55:28,INFO,WebServer,Page view: /home by u3643,E103,Page view: {page} by {user}
31705,2026-01-12,10:42:53,INFO,WebServer,Health check passed: WebServer,E102,Health check passed: {service}
31706,2026-01-12,10:22:34,INFO,WebServer,Page view: /home by u1828,E103,Page view: {page} by {user}
31707,2026-01-12,10:35:23,INFO,AuthService,Health check passed: AuthService,E102,Health check passed: {service}
31708,2026-01-12,10:01:18,INFO,AuthService,Page view: /home by u2616,E103,Page view: {page} by {user}
31709,2026-01-12,10:02:23,INFO,PaymentGateway,Page view: /home by u3948,E103,Page view: {page} by {user}
31710,2026-01-12,10:00:05,INFO,AuthService,Page view: /home by u2973,E103,Page view: {page} by {user}
31711,2026-01-12,10:22:43,INFO,AuthService,User u1164 login successful,E101,User {user} login successful
31712,2026-01-12,10:59:12,INFO,WebServer,User u4272 login successful,E101,User {user} login successful
31713,2026-01-12,10:53:50,INFO,InventoryDB,Transaction tx150906 completed in 1193ms,E104,Transaction {tx} completed in {time}ms
31714,2026-01-12,10:10:10,INFO,OrderProcessor,Transaction tx415352 completed in 1159ms,E104,Transaction {tx} completed in {time}ms
31715,2026-01-12,10:06:55,INFO,WebServer,Health check passed: WebServer,E102,Health check passed: {service}
31716,2026-01-12,10:26:54,INFO,WebServer,Health check passed: WebServer,E102,Health check passed: {service}
31717,2026-01-12,10:08:20,INFO,AuthService,Health check passed: AuthService,E102,Health check passed: {service}
31718,2026-01-12,10:47:14,INFO,WebServer,User u3257 login successful,E101,User {user} login successful
31719,2026-01-12,10:42:55,INFO,AuthService,Page view: /home by u1641,E103,Page view: {page} by {user}
31720,2026-01-12,10:45:56,INFO,InventoryDB,Transaction tx596770 completed in 1083ms,E104,Transaction {tx} completed in {time}ms
31721,2026-01-12,10:36:48,INFO,WebServer,Page view: /home by u4203,E103,Page view: {page} by {user}
31722,2026-01-12,10:20:08,INFO,OrderProcessor,User u1682 login successful,E101,User {user} login successful
31723,2026-01-12,10:48:52,WARN,WebServer,High latency (556ms) detected on WebServer,E201,High latency ({time}ms) detected on {service}
31724,2026-01-12,10:30:48,INFO,PaymentGateway,User u3765 login successful,E101,User {user} login successful
31725,2026-01-12,10:18:31,INFO,WebServer,Transaction tx861318 completed in 1235ms,E104,Transaction {tx} completed in {time}ms
31726,2026-01-12,10:20:31,WARN,OrderProcessor,Unauthorized access attempt from 10.0.0.45,E401,Unauthorized access attempt from {ip}
31727,2026-01-12,10:23:48,INFO,WebServer,User u1629 login successful,E101,User {user} login successful
31728,2026-01-12,10:57:40,INFO,AuthService,Health check passed: AuthService,E102,Health check passed: {service}
31729,2026-01-12,10:12:47,INFO,InventoryDB,Health check passed: InventoryDB,E102,Health check passed: {service}
31730,2026-01-12,10:38:59,INFO,OrderProcessor,Health check passed: OrderProcessor,E102,Health check passed: {service}
31731,2026-01-12,10:04:31,INFO,WebServer,User u3342 login successful,E101,User {user} login successful
31732,2026-01-12,10:59:16,INFO,WebServer,Health check passed: WebServer,E102,Health check passed: {service}
31733,2026-01-12,10:30:05,INFO,InventoryDB,Health check passed: InventoryDB,E102,Health check passed: {service}
31734,2026-01-12,10:51:10,INFO,WebServer,Page view: /home by u3768,E103,Page view: {page} by {user}
31735,2026-01-12,10:52:25,INFO,WebServer,Health check passed: WebServer,E102,Health check passed: {service}
31736,2026-01-12,10:50:47,INFO,InventoryDB,Health check passed: InventoryDB,E102,Health check passed: {service}
31737,2026-01-12,10:16:18,INFO,WebServer,User u1945 login successful,E101,User {user} login successful
31738,2026-01-12,10:48:25,INFO,WebServer,Health check passed: WebServer,E102,Health check passed: {service}
31739,2026-01-12,10:20:14,INFO,WebServer,User u1973 login successful,E101,User {user} login successful
31740,2026-01-12,10:58:38,INFO,WebServer,Health check passed: WebServer,E102,Health check passed: {service}
31741,2026-01-12,10:40:44,INFO,WebServer,Transaction tx460411 completed in 325ms,E104,Transaction {tx} completed in {time}ms
31742,2026-01-12,10:14:01,INFO,WebServer,Health check passed: WebServer,E102,Health check passed: {service}
31743,2026-01-12,10:25:00,INFO,AuthService,Page view: /home by u3503,E103,Page view: {page} by {user}
31744,2026-01-12,10:30:48,INFO,AuthService,Health check passed: AuthService,E102,Health check passed: {service}
31745,2026-01-12,10:02:48,INFO,OrderProcessor,Page view: /home by u1048,E103,Page view: {page} by {user}
31746,2026-01-12,10:57:16,INFO,WebServer,Page view: /home by u1710,E103,Page view: {page} by {user}
31747,2026-01-12,10:52:21,WARN,PaymentGateway,High latency (1722ms) detected on PaymentGateway,E201,High latency ({time}ms) detected on {service}
31748,2026-01-12,10:33:32,INFO,WebServer,User u4998 login successful,E101,User {user} login successful
31749,2026-01-12,10:52:56,INFO,InventoryDB,User u1404 login successful,E101,User {user} login successful
31750,2026-01-12,10:12:24,INFO,WebServer,Transaction tx735294 completed in 69ms,E104,Transaction {tx} completed in {time}ms
31751,2026-01-12,10:10:38,INFO,WebServer,Health check passed: WebServer,E102,Health check passed: {service}
31752,2026-01-12,10:50:00,INFO,AuthService,Page view: /home by u2549,E103,Page view: {page} by {user}
31753,2026-01-12,10:59:40,INFO,WebServer,Page view: /home by u4147,E103,Page view: {page} by {user}
31754,2026-01-12,10:30:53,INFO,WebServer,Transaction tx278795 completed in 1043ms,E104,Transaction {tx} completed in {time}ms
31755,2026-01-12,10:17:48,INFO,WebServer,Health check passed: WebServer,E102,Health check passed: {service}
31756,2026-01-12,10:24:44,INFO,OrderProcessor,Health check passed: OrderProcessor,E102,Health check passed: {service}
31757,2026-01-12,10:05:19,INFO,WebServer,Transaction tx116747 completed in 1118ms,E104,Transaction {tx} completed in {time}ms
31758,2026-01-12,10:35:21,INFO,OrderProcessor,Transaction tx593140 completed in 1892ms,E104,Transaction {tx} completed in {time}ms
31759,2026-01-12,10:12:59,INFO,OrderProcessor,Transaction tx701735 completed in 1426ms,E104,Transaction {tx} completed in {time}ms
31760,2026-01-12,10:12:00,INFO,AuthService,Health check passed: AuthService,E102,Health check passed: {service}
31761,2026-01-12,10:49:45,INFO,WebServer,User u2690 login successful,E101,User {user} login successful
31762,2026-01-12,10:13:41,WARN,WebServer,Unauthorized access attempt from 10.0.0.88,E401,Unauthorized access attempt from {ip}
31763,2026-01-12,10:07:20,INFO,WebServer,User u1730 login successful,E101,User {user} login successful
31764,2026-01-12,10:48:54,INFO,AuthService,Health check passed: AuthService,E102,Health check passed: {service}
31765,2026-01-12,10:50:21,INFO,WebServer,User u2956 login successful,E101,User {user} login successful
31766,2026-01-12,10:24:43,INFO,WebServer,Page view: /home by u2483,E103,Page view: {page} by {user}
31767,2026-01-12,10:38:22,INFO,WebServer,Transaction tx580097 completed in 857ms,E104,Transaction {tx} completed in {time}ms
31768,2026-01-12,10:08:45,INFO,WebServer,Page view: /home by u4671,E103,Page view: {page} by {user}
31769,2026-01-12,10:09:12,INFO,WebServer,Transaction tx354397 completed in 1571ms,E104,Transaction {tx} completed in {time}ms
31770,2026-01-12,10:59:01,INFO,WebServer,User u1009 login successful,E101,User {user} login successful
31771,2026-01-12,10:00:34,INFO,WebServer,User u2921 login successful,E101,User {user} login successful
31772,2026-01-12,10:02:06,INFO,PaymentGateway,Transaction tx526528 completed in 1141ms,E104,Transaction {tx} completed in {time}ms
31773,2026-01-12,10:01:12,INFO,WebServer,Page view: /home by u1600,E103,Page view: {page} by {user}
31774,2026-01-12,10:47:38,INFO,AuthService,User u4468 login successful,E101,User {user} login successful
31775,2026-01-12,10:19:40,INFO,AuthService,Page view: /home by u2055,E103,Page view: {page} by {user}
31776,2026-01-12,10:37:40,INFO,WebServer,User u2384 login successful,E101,User {user} login successful
31777,2026-01-12,10:53:59,INFO,WebServer,Page view: /home by u1767,E103,Page view: {page} by {user}
31778,2026-01-12,10:06:11,INFO,OrderProcessor,Page view: /home by u2263,E103,Page view: {page} by {user}
31779,2026-01-12,10:56:45,INFO,WebServer,Transaction tx375836 completed in 117ms,E104,Transaction {tx} completed in {time}ms
31780,2026-01-12,10:23:36,INFO,WebServer,Page view: /home by u4567,E103,Page view: {page} by {user}
31781,2026-01-12,10:29:30,INFO,WebServer,User u4387 login successful,E101,User {user} login successful
31782,2026-01-12,10:20:44,INFO,WebServer,Health check passed: WebServer,E102,Health check passed: {service}
31783,2026-01-12,10:59:36,INFO,WebServer,User u4769 login successful,E101,User {user} login successful
31784,2026-01-12,10:38:13,INFO,WebServer,Health check passed: WebServer,E102,Health check passed: {service}
31785,2026-01-12,10:12:16,INFO,WebServer,Page view: /home by u4136,E103,Page view: {page} by {user}
31786,2026-01-12,10:18:56,INFO,WebServer,Transaction tx146173 completed in 344ms,E104,Transaction {tx} completed in {time}ms
31787,2026-01-12,10:56:39,INFO,PaymentGateway,Health check passed: PaymentGateway,E102,Health check passed: {service}
31788,2026-01-12,10:33:50,INFO,AuthService,Health check passed: AuthService,E102,Health check passed: {service}
31789,2026-01-12,10:54:08,INFO,WebServer,Health check passed: WebServer,E102,Health check passed: {service}
31790,2026-01-12,10:56:22,INFO,WebServer,Health check passed: WebServer,E102,Health check passed: {service}
31791,2026-01-12,10:50:28,INFO,WebServer,Health check passed: WebServer,E102,Health check passed: {service}
31792,2026-01-12,10:20:38,INFO,AuthService,Transaction tx435757 completed in 1554ms,E104,Transaction {tx} completed in {time}ms
31793,2026-01-12,10:06:46,INFO,AuthService,Health check passed: AuthService,E102,Health check passed: {service}
31794,2026-01-12,10:48:37,INFO,WebServer,Transaction tx394453 completed in 72ms,E104,Transaction {tx} completed in {time}ms
31795,2026-01-12,10:47:33,INFO,WebServer,User u1333 login successful,E101,User {user} login successful
31796,2026-01-12,10:50:01,INFO,OrderProcessor,Page view: /home by u3102,E103,Page view: {page} by {user}
31797,2026-01-12,10:20:38,INFO,WebServer,Transaction tx232729 completed in 940ms,E104,Transaction {tx} completed in {time}ms
31798,2026-01-12,10:27:57,INFO,WebServer,Health check passed: WebServer,E102,Health check passed: {service}
31799,2026-01-12,10:17:30,INFO,WebServer,User u4803 login successful,E101,User {user} login successful
31800,2026-01-12,10:12:00,INFO,WebServer,Page view: /home by u3282,E103,Page view: {page} by {user}
31801,2026-01-12,10:32:56,INFO,AuthService,Page view: /home by u2057,E103,Page view: {page} by {user}
31802,2026-01-12,10:55:30,INFO,PaymentGateway,Health check passed: PaymentGateway,E102,Health check passed: {service}
31803,2026-01-12,10:15:56,INFO,WebServer,Transaction tx121563 completed in 1212ms,E104,Transaction {tx} completed in {time}ms
31804,2026-01-12,10:41:10,INFO,WebServer,User u1204 login successful,E101,User {user} login successful
31805,2026-01-12,10:42:18,INFO,AuthService,Page view: /home by u3623,E103,Page view: {page} by {user}
31806,2026-01-12,10:52:57,INFO,WebServer,Page view: /home by u1089,E103,Page view: {page} by {user}
31807,2026-01-12,10:05:10,INFO,WebServer,Page view: /home by u1658,E103,Page view: {page} by {user}
31808,2026-01-12,10:16:11,INFO,WebServer,Health check passed: WebServer,E102,Health check passed: {service}
31809,2026-01-12,10:40:12,INFO,WebServer,User u1257 login successful,E101,User {user} login successful
31810,2026-01-12,10:38:11,INFO,WebServer,Page view: /home by u1056,E103,Page view: {page} by {user}
31811,2026-01-12,10:31:20,INFO,AuthService,Page view: /home by u4330,E103,Page view: {page} by {user}
31812,2026-01-12,10:00:20,INFO,OrderProcessor,User u3293 login successful,E101,User {user} login successful
31813,2026-01-12,10:16:33,INFO,PaymentGateway,Page view: /home by u4622,E103,Page view: {page} by {user}
31814,2026-01-12,10:52:30,INFO,WebServer,Health check passed: WebServer,E102,Health check passed: {service}
31815,2026-01-12,10:43:51,INFO,AuthService,User u2221 login successful,E101,User {user} login successful
31816,2026-01-12,10:34:29,INFO,InventoryDB,Page view: /home by u1333,E103,Page view: {page} by {user}
31817,2026-01-12,10:33:48,INFO,OrderProcessor,Transaction tx792996 completed in 1208ms,E104,Transaction {tx} completed in {time}ms
31818,2026-01-12,10:49:26,INFO,PaymentGateway,Transaction tx588458 completed in 1826ms,E104,Transaction {tx} completed in {time}ms
31819,2026-01-12,10:41:08,INFO,AuthService,User u3876 login successful,E101,User {user} login successful
31820,2026-01-12,10:30:24,WARN,WebServer,Unauthorized access attempt from 10.0.0.45,E401,Unauthorized access attempt from {ip}
31821,2026-01-12,10:39:03,INFO,WebServer,Transaction tx459637 completed in 1563ms,E104,Transaction {tx} completed in {time}ms
31822,2026-01-12,10:19:37,WARN,WebServer,Disk usage > 85% on node node-3,E202,Disk usage > 85% on node {node}
31823,2026-01-12,10:44:46,INFO,AuthService,Page view: /home by u4949,E103,Page view: {page} by {user}
31824,2026-01-12,10:16:56,INFO,PaymentGateway,Transaction tx257852 completed in 1719ms,E104,Transaction {tx} completed in {time}ms
31825,2026-01-12,10:59:05,INFO,AuthService,Page view: /home by u2741,E103,Page view: {page} by {user}
31826,2026-01-12,10:24:09,INFO,AuthService,Page view: /home by u2343,E103,Page view: {page} by {user}
31827,2026-01-12,10:57:28,INFO,AuthService,Page view: /home by u4593,E103,Page view: {page} by {user}
31828,2026-01-12,10:52:20,INFO,AuthService,Page view: /home by u2023,E103,Page view: {page} by {user}
31829,2026-01-12,10:39:08,INFO,PaymentGateway,User u3462 login successful,E101,User {user} login successful
31830,2026-01-12,10:05:03,INFO,WebServer,Health check passed: WebServer,E102,Health check passed: {service}
31831,2026-01-12,10:17:58,INFO,WebServer,Transaction tx213170 completed in 1961ms,E104,Transaction {tx} completed in {time}ms
31832,2026-01-12,10:12:14,INFO,AuthService,User u1275 login successful,E101,User {user} login successful
31833,2026-01-12,10:19:52,INFO,OrderProcessor,User u4668 login successful,E101,User {user} login successful
31834,2026-01-12,10:45:29,INFO,WebServer,Page view: /home by u2241,E103,Page view: {page} by {user}
31835,2026-01-12,10:38:42,INFO,WebServer,User u2276 login successful,E101,User {user} login successful
31836,2026-01-12,10:02:04,INFO,OrderProcessor,Health check passed: OrderProcessor,E102,Health check passed: {service}
31837,2026-01-12,10:50:38,INFO,WebServer,Transaction tx249429 completed in 316ms,E104,Transaction {tx} completed in {time}ms
31838,2026-01-12,10:07:19,INFO,OrderProcessor,Health check passed: OrderProcessor,E102,Health check passed: {service}
31839,2026-01-12,10:21:06,WARN,AuthService,Disk usage > 85% on node node-3,E202,Disk usage > 85% on node {node}
31840,2026-01-12,10:47:26,INFO,OrderProcessor,Transaction tx134903 completed in 1757ms,E104,Transaction {tx} completed in {time}ms
31841,2026-01-12,10:54:36,INFO,WebServer,Health check passed: WebServer,E102,Health check passed: {service}
31842,2026-01-12,10:15:42,INFO,WebServer,Health check passed: WebServer,E102,Health check passed: {service}
31843,2026-01-12,10:20:38,INFO,OrderProcessor,Health check passed: OrderProcessor,E102,Health check passed: {service}
31844,2026-01-12,10:54:55,INFO,OrderProcessor,Page view: /home by u2051,E103,Page view: {page} by {user}
31845,2026-01-12,10:01:41,ERROR,WebServer,Timeout waiting for lock on InventoryDB,E502,Timeout waiting for lock on {db}
31846,2026-01-12,10:26:03,INFO,WebServer,Transaction tx824879 completed in 982ms,E104,Transaction {tx} completed in {time}ms
31847,2026-01-12,10:42:09,INFO,AuthService,User u4407 login successful,E101,User {user} login successful
31848,2026-01-12,10:39:17,INFO,WebServer,Page view: /home by u1863,E103,Page view: {page} by {user}
31849,2026-01-12,10:54:56,INFO,WebServer,Health check passed: WebServer,E102,Health check passed: {service}
31850,2026-01-12,10:33:20,INFO,WebServer,User u3326 login successful,E101,User {user} login successful
31851,2026-01-12,10:36:51,INFO,WebServer,User u4507 login successful,E101,User {user} login successful
31852,2026-01-12,10:55:18,INFO,WebServer,User u2954 login successful,E101,User {user} login successful
31853,2026-01-12,10:12:29,INFO,AuthService,Health check passed: AuthService,E102,Health check passed: {service}
31854,2026-01-12,10:20:46,INFO,OrderProcessor,Health check passed: OrderProcessor,E102,Health check passed: {service}
31855,2026-01-12,10:16:00,INFO,OrderProcessor,Health check passed: OrderProcessor,E102,Health check passed: {service}
31856,2026-01-12,10:28:51,INFO,WebServer,Page view: /home by u1980,E103,Page view: {page} by {user}
31857,2026-01-12,10:05:01,INFO,OrderProcessor,Transaction tx908122 completed in 967ms,E104,Transaction {tx} completed in {time}ms
31858,2026-01-12,10:52:40,INFO,WebServer,User u2490 login successful,E101,User {user} login successful
31859,2026-01-12,10:07:18,INFO,WebServer,Health check passed: WebServer,E102,Health check passed: {service}
31860,2026-01-12,10:03:41,INFO,AuthService,Health check passed: AuthService,E102,Health check passed: {service}
31861,2026-01-12,10:36:29,INFO,AuthService,User u2686 login successful,E101,User {user} login successful
31862,2026-01-12,10:54:51,INFO,WebServer,Health check passed: WebServer,E102,Health check passed: {service}
31863,2026-01-12,10:19:28,INFO,WebServer,Transaction tx471095 completed in 1972ms,E104,Transaction {tx} completed in {time}ms
31864,2026-01-12,10:12:03,INFO,AuthService,Health check passed: AuthService,E102,Health check passed: {service}
31865,2026-01-12,10:02:35,WARN,OrderProcessor,Unauthorized access attempt from 10.0.0.45,E401,Unauthorized access attempt from {ip}
31866,2026-01-12,10:20:11,INFO,WebServer,Transaction tx115688 completed in 1372ms,E104,Transaction {tx} completed in {time}ms
31867,2026-01-12,10:17:07,INFO,WebServer,Transaction tx558184 completed in 265ms,E104,Transaction {tx} completed in {time}ms
31868,2026-01-12,10:52:30,INFO,PaymentGateway,User u4333 login successful,E101,User {user} login successful
31869,2026-01-12,10:40:01,INFO,AuthService,User u2815 login successful,E101,User {user} login successful
31870,2026-01-12,10:33:59,INFO,WebServer,User u2474 login successful,E101,User {user} login successful
31871,2026-01-12,10:22:21,INFO,WebServer,Health check passed: WebServer,E102,Health check passed: {service}
31872,2026-01-12,10:26:59,INFO,WebServer,Page view: /home by u3522,E103,Page view: {page} by {user}
31873,2026-01-12,10:31:21,INFO,WebServer,User u1303 login successful,E101,User {user} login successful
31874,2026-01-12,10:02:00,INFO,WebServer,Transaction tx248308 completed in 1209ms,E104,Transaction {tx} completed in {time}ms
31875,2026-01-12,10:09:28,INFO,OrderProcessor,Transaction tx608037 completed in 1377ms,E104,Transaction {tx} completed in {time}ms
31876,2026-01-12,10:22:23,INFO,PaymentGateway,Health check passed: PaymentGateway,E102,Health check passed: {service}
31877,2026-01-12,10:07:53,INFO,WebServer,Page view: /home by u3561,E103,Page view: {page} by {user}
31878,2026-01-12,10:38:35,ERROR,AuthService,Timeout waiting for lock on InventoryDB,E502,Timeout waiting for lock on {db}
31879,2026-01-12,10:15:40,INFO,WebServer,User u1374 login successful,E101,User {user} login successful
31880,2026-01-12,10:19:23,INFO,PaymentGateway,User u2656 login successful,E101,User {user} login successful
31881,2026-01-12,10:07:03,INFO,PaymentGateway,Health check passed: PaymentGateway,E102,Health check passed: {service}
31882,2026-01-12,10:42:28,INFO,WebServer,User u4047 login successful,E101,User {user} login successful
31883,2026-01-12,10:39:26,INFO,AuthService,User u2019 login successful,E101,User {user} login successful
31884,2026-01-12,10:49:45,INFO,WebServer,User u2356 login successful,E101,User {user} login successful
31885,2026-01-12,10:34:28,INFO,WebServer,Transaction tx323165 completed in 830ms,E104,Transaction {tx} completed in {time}ms
31886,2026-01-12,10:20:49,INFO,AuthService,Page view: /home by u3858,E103,Page view: {page} by {user}
31887,2026-01-12,10:11:39,INFO,WebServer,Transaction tx896093 completed in 1784ms,E104,Transaction {tx} completed in {time}ms
31888,2026-01-12,10:05:30,ERROR,WebServer,Timeout waiting for lock on InventoryDB,E502,Timeout waiting for lock on {db}
31889,2026-01-12,10:17:54,INFO,OrderProcessor,Transaction tx341689 completed in 1793ms,E104,Transaction {tx} completed in {time}ms
31890,2026-01-12,10:34:35,INFO,PaymentGateway,Health check passed: PaymentGateway,E102,Health check passed: {service}
31891,2026-01-12,10:23:02,INFO,WebServer,Transaction tx782908 completed in 1274ms,E104,Transaction {tx} completed in {time}ms
31892,2026-01-12,10:15:24,INFO,OrderProcessor,Page view: /home by u2404,E103,Page view: {page} by {user}
31893,2026-01-12,10:53:56,INFO,PaymentGateway,Transaction tx687287 completed in 896ms,E104,Transaction {tx} completed in {time}ms
31894,2026-01-12,10:10:30,INFO,WebServer,Transaction tx534034 completed in 207ms,E104,Transaction {tx} completed in {time}ms
31895,2026-01-12,10:58:07,INFO,InventoryDB,Health check passed: InventoryDB,E102,Health check passed: {service}
31896,2026-01-12,10:55:06,INFO,AuthService,Transaction tx228758 completed in 477ms,E104,Transaction {tx} completed in {time}ms
31897,2026-01-12,10:32:44,INFO,WebServer,Health check passed: WebServer,E102,Health check passed: {service}
31898,2026-01-12,10:26:31,INFO,WebServer,Transaction tx672830 completed in 1770ms,E104,Transaction {tx} completed in {time}ms
31899,2026-01-12,10:46:31,INFO,WebServer,User u2854 login successful,E101,User {user} login successful
31900,2026-01-12,10:03:15,INFO,WebServer,Health check passed: WebServer,E102,Health check passed: {service}
31901,2026-01-12,10:24:51,INFO,WebServer,Health check passed: WebServer,E102,Health check passed: {service}
31902,2026-01-12,10:31:38,WARN,OrderProcessor,Unauthorized access attempt from 10.0.0.45,E401,Unauthorized access attempt from {ip}
31903,2026-01-12,10:30:00,INFO,InventoryDB,User u2058 login successful,E101,User {user} login successful
31904,2026-01-12,10:05:06,INFO,WebServer,Health check passed: WebServer,E102,Health check passed: {service}
31905,2026-01-12,10:28:51,INFO,WebServer,Transaction tx887485 completed in 1704ms,E104,Transaction {tx} completed in {time}ms
31906,2026-01-12,10:33:24,INFO,WebServer,Transaction tx952752 completed in 1260ms,E104,Transaction {tx} completed in {time}ms
31907,2026-01-12,10:49:19,INFO,AuthService,Page view: /home by u2326,E103,Page view: {page} by {user}
31908,2026-01-12,10:55:21,INFO,OrderProcessor,Page view: /home by u1920,E103,Page view: {page} by {user}
31909,2026-01-12,10:40:44,INFO,AuthService,Health check passed: AuthService,E102,Health check passed: {service}
31910,2026-01-12,10:48:14,INFO,AuthService,Health check passed: AuthService,E102,Health check passed: {service}
31911,2026-01-12,10:29:18,INFO,PaymentGateway,Page view: /home by u3223,E103,Page view: {page} by {user}
31912,2026-01-12,10:10:29,INFO,WebServer,Health check passed: WebServer,E102,Health check passed: {service}
31913,2026-01-12,10:40:27,INFO,OrderProcessor,Health check passed: OrderProcessor,E102,Health check passed: {service}
31914,2026-01-12,10:47:42,INFO,AuthService,Health check passed: AuthService,E102,Health check passed: {service}
31915,2026-01-12,10:37:22,INFO,OrderProcessor,Page view: /home by u1962,E103,Page view: {page} by {user}
31916,2026-01-12,10:21:01,INFO,AuthService,Health check passed: AuthService,E102,Health check passed: {service}
31917,2026-01-12,10:18:30,INFO,InventoryDB,Page view: /home by u3475,E103,Page view: {page} by {user}
31918,2026-01-12,10:26:03,INFO,WebServer,User u2015 login successful,E101,User {user} login successful
31919,2026-01-12,10:45:30,INFO,WebServer,User u3497 login successful,E101,User {user} login successful
31920,2026-01-12,10:24:56,INFO,AuthService,User u1715 login successful,E101,User {user} login successful
31921,2026-01-12,10:08:55,INFO,AuthService,Transaction tx844334 completed in 871ms,E104,Transaction {tx} completed in {time}ms
31922,2026-01-12,10:24:39,INFO,WebServer,Page view: /home by u4238,E103,Page view: {page} by {user}
31923,2026-01-12,10:58:50,INFO,WebServer,Page view: /home by u3599,E103,Page view: {page} by {user}
31924,2026-01-12,10:27:07,INFO,WebServer,Page view: /home by u3535,E103,Page view: {page} by {user}
31925,2026-01-12,10:35:05,WARN,WebServer,Disk usage > 85% on node node-1,E202,Disk usage > 85% on node {node}
31926,2026-01-12,10:18:40,ERROR,AuthService,Timeout waiting for lock on InventoryDB,E502,Timeout waiting for lock on {db}
31927,2026-01-12,10:43:44,INFO,WebServer,User u2902 login successful,E101,User {user} login successful
31928,2026-01-12,10:55:27,INFO,WebServer,Page view: /home by u4756,E103,Page view: {page} by {user}
31929,2026-01-12,10:27:24,INFO,WebServer,Health check passed: WebServer,E102,Health check passed: {service}
31930,2026-01-12,10:56:00,WARN,WebServer,High latency (1533ms) detected on WebServer,E201,High latency ({time}ms) detected on {service}
31931,2026-01-12,10:34:52,INFO,PaymentGateway,Page view: /home by u3907,E103,Page view: {page} by {user}
31932,2026-01-12,10:51:50,INFO,WebServer,User u4365 login successful,E101,User {user} login successful
31933,2026-01-12,10:12:19,INFO,PaymentGateway,Page view: /home by u4108,E103,Page view: {page} by {user}
31934,2026-01-12,10:56:58,INFO,InventoryDB,Page view: /home by u2589,E103,Page view: {page} by {user}
31935,2026-01-12,10:06:42,INFO,AuthService,Transaction tx794375 completed in 518ms,E104,Transaction {tx} completed in {time}ms
31936,2026-01-12,10:18:17,INFO,WebServer,Transaction tx325172 completed in 1063ms,E104,Transaction {tx} completed in {time}ms
31937,2026-01-12,10:51:10,INFO,OrderProcessor,Health check passed: OrderProcessor,E102,Health check passed: {service}
31938,2026-01-12,10:53:11,INFO,WebServer,Page view: /home by u1098,E103,Page view: {page} by {user}
31939,2026-01-12,10:08:15,INFO,AuthService,Health check passed: AuthService,E102,Health check passed: {service}
31940,2026-01-12,10:34:21,INFO,OrderProcessor,Page view: /home by u2607,E103,Page view: {page} by {user}
31941,2026-01-12,10:55:14,INFO,OrderProcessor,Page view: /home by u4508,E103,Page view: {page} by {user}
31942,2026-01-12,10:05:20,INFO,OrderProcessor,Health check passed: OrderProcessor,E102,Health check passed: {service}
31943,2026-01-12,10:43:30,INFO,WebServer,Health check passed: WebServer,E102,Health check passed: {service}
31944,2026-01-12,10:31:07,INFO,PaymentGateway,Transaction tx995097 completed in 862ms,E104,Transaction {tx} completed in {time}ms
31945,2026-01-12,10:25:53,INFO,OrderProcessor,Transaction tx805269 completed in 246ms,E104,Transaction {tx} completed in {time}ms
31946,2026-01-12,10:37:05,INFO,WebServer,Page view: /home by u3950,E103,Page view: {page} by {user}
31947,2026-01-12,10:36:46,INFO,AuthService,User u2621 login successful,E101,User {user} login successful
31948,2026-01-12,10:19:03,INFO,InventoryDB,Page view: /home by u4094,E103,Page view: {page} by {user}
31949,2026-01-12,10:34:16,INFO,WebServer,Health check passed: WebServer,E102,Health check passed: {service}
31950,2026-01-12,10:54:53,INFO,WebServer,User u1578 login successful,E101,User {user} login successful
31951,2026-01-12,10:28:26,INFO,WebServer,Transaction tx801138 completed in 1393ms,E104,Transaction {tx} completed in {time}ms
31952,2026-01-12,10:27:54,INFO,AuthService,Page view: /home by u3031,E103,Page view: {page} by {user}
31953,2026-01-12,10:44:29,INFO,AuthService,Page view: /home by u2880,E103,Page view: {page} by {user}
31954,2026-01-12,10:59:33,INFO,WebServer,Transaction tx846188 completed in 31ms,E104,Transaction {tx} completed in {time}ms
31955,2026-01-12,10:02:20,INFO,OrderProcessor,Page view: /home by u3000,E103,Page view: {page} by {user}
31956,2026-01-12,10:10:20,INFO,PaymentGateway,User u2278 login successful,E101,User {user} login successful
31957,2026-01-12,10:57:48,INFO,WebServer,User u2548 login successful,E101,User {user} login successful
31958,2026-01-12,10:03:42,INFO,InventoryDB,Transaction tx294229 completed in 365ms,E104,Transaction {tx} completed in {time}ms
31959,2026-01-12,10:43:06,WARN,OrderProcessor,Disk usage > 85% on node node-4,E202,Disk usage > 85% on node {node}
31960,2026-01-12,10:38:27,INFO,WebServer,Health check passed: WebServer,E102,Health check passed: {service}
31961,2026-01-12,10:22:08,INFO,OrderProcessor,Page view: /home by u2708,E103,Page view: {page} by {user}
31962,2026-01-12,10:35:26,INFO,AuthService,Health check passed: AuthService,E102,Health check passed: {service}
31963,2026-01-12,10:12:19,INFO,InventoryDB,User u1145 login successful,E101,User {user} login successful
31964,2026-01-12,10:21:24,INFO,WebServer,Transaction tx488585 completed in 242ms,E104,Transaction {tx} completed in {time}ms
31965,2026-01-12,10:44:41,INFO,AuthService,Health check passed: AuthService,E102,Health check passed: {service}
31966,2026-01-12,10:43:56,INFO,AuthService,Page view: /home by u1862,E103,Page view: {page} by {user}
31967,2026-01-12,10:09:39,INFO,OrderProcessor,Transaction tx214234 completed in 797ms,E104,Transaction {tx} completed in {time}ms
31968,2026-01-12,10:31:50,INFO,InventoryDB,Health check passed: InventoryDB,E102,Health check passed: {service}
31969,2026-01-12,10:40:11,WARN,OrderProcessor,Unauthorized access attempt from 10.0.0.45,E401,Unauthorized access attempt from {ip}
31970,2026-01-12,10:02:38,INFO,PaymentGateway,Transaction tx404856 completed in 645ms,E104,Transaction {tx} completed in {time}ms
31971,2026-01-12,10:53:27,INFO,AuthService,Health check passed: AuthService,E102,Health check passed: {service}
31972,2026-01-12,10:59:13,ERROR,WebServer,Timeout waiting for lock on InventoryDB,E502,Timeout waiting for lock on {db}
31973,2026-01-12,10:17:44,INFO,OrderProcessor,Transaction tx250172 completed in 1092ms,E104,Transaction {tx} completed in {time}ms
31974,2026-01-12,10:52:11,INFO,PaymentGateway,Health check passed: PaymentGateway,E102,Health check passed: {service}
31975,2026-01-12,10:30:29,INFO,WebServer,User u2247 login successful,E101,User {user} login successful
31976,2026-01-12,10:13:37,INFO,OrderProcessor,User u2359 login successful,E101,User {user} login successful
31977,2026-01-12,10:00:04,WARN,OrderProcessor,Unauthorized access attempt from 10.0.0.45,E401,Unauthorized access attempt from {ip}
31978,2026-01-12,10:54:01,INFO,PaymentGateway,Health check passed: PaymentGateway,E102,Health check passed: {service}
31979,2026-01-12,10:46:50,INFO,WebServer,Page view: /home by u3451,E103,Page view: {page} by {user}
31980,2026-01-12,10:50:15,INFO,WebServer,Transaction tx992772 completed in 1323ms,E104,Transaction {tx} completed in {time}ms
31981,2026-01-12,10:55:14,INFO,AuthService,Health check passed: AuthService,E102,Health check passed: {service}
31982,2026-01-12,10:00:03,INFO,WebServer,User u3802 login successful,E101,User {user} login successful
31983,2026-01-12,10:46:05,ERROR,AuthService,Timeout waiting for lock on InventoryDB,E502,Timeout waiting for lock on {db}
31984,2026-01-12,10:17:00,INFO,WebServer,Page view: /home by u2932,E103,Page view: {page} by {user}
31985,2026-01-12,10:21:42,INFO,OrderProcessor,User u2706 login successful,E101,User {user} login successful
31986,2026-01-12,10:40:40,INFO,PaymentGateway,Transaction tx815139 completed in 495ms,E104,Transaction {tx} completed in {time}ms
31987,2026-01-12,10:04:10,INFO,WebServer,Page view: /home by u1512,E103,Page view: {page} by {user}
31988,2026-01-12,10:51:50,INFO,InventoryDB,Transaction tx893218 completed in 539ms,E104,Transaction {tx} completed in {time}ms
31989,2026-01-12,10:09:22,INFO,OrderProcessor,User u1937 login successful,E101,User {user} login successful
31990,2026-01-12,10:23:02,INFO,AuthService,User u1590 login successful,E101,User {user} login successful
31991,2026-01-12,10:42:24,INFO,WebServer,Health check passed: WebServer,E102,Health check passed: {service}
31992,2026-01-12,10:49:55,INFO,OrderProcessor,Transaction tx287591 completed in 1222ms,E104,Transaction {tx} completed in {time}ms
31993,2026-01-12,10:05:42,INFO,InventoryDB,User u4338 login successful,E101,User {user} login successful
31994,2026-01-12,10:50:16,INFO,WebServer,Health check passed: WebServer,E102,Health check passed: {service}
31995,2026-01-12,10:54:37,INFO,AuthService,User u1569 login successful,E101,User {user} login successful
31996,2026-01-12,10:25:02,INFO,WebServer,User u4566 login successful,E101,User {user} login successful
31997,2026-01-12,10:20:06,INFO,OrderProcessor,Transaction tx463684 completed in 1578ms,E104,Transaction {tx} completed in {time}ms
31998,2026-01-12,10:50:10,INFO,OrderProcessor,User u3552 login successful,E101,User {user} login successful
31999,2026-01-12,10:37:32,INFO,WebServer,Page view: /home by u4323,E103,Page view: {page} by {user}
32000,2026-01-12,10:37:17,INFO,AuthService,Health check passed: AuthService,E102,Health check passed: {service}
32001,2026-01-12,10:46:54,INFO,AuthService,Page view: /home by u1768,E103,Page view: {page} by {user}
32002,2026-01-12,10:42:40,INFO,WebServer,User u2215 login successful,E101,User {user} login successful
32003,2026-01-12,11:56:26,INFO,AuthService,Health check passed: AuthService,E102,Health check passed: {service}
32004,2026-01-12,11:56:27,INFO,WebServer,Health check passed: WebServer,E102,Health check passed: {service}
32005,2026-01-12,11:17:47,INFO,AuthService,Health check passed: AuthService,E102,Health check passed: {service}
32006,2026-01-12,11:06:08,INFO,WebServer,Page view: /home by u1907,E103,Page view: {page} by {user}
32007,2026-01-12,11:04:54,INFO,WebServer,Transaction tx825714 completed in 1526ms,E104,Transaction {tx} completed in {time}ms
32008,2026-01-12,11:57:12,INFO,PaymentGateway,Page view: /home by u2439,E103,Page view: {page} by {user}
32009,2026-01-12,11:54:24,INFO,PaymentGateway,Health check passed: PaymentGateway,E102,Health check passed: {service}
32010,2026-01-12,11:09:47,INFO,OrderProcessor,Transaction tx492029 completed in 1066ms,E104,Transaction {tx} completed in {time}ms
32011,2026-01-12,11:18:14,INFO,AuthService,Page view: /home by u3625,E103,Page view: {page} by {user}
32012,2026-01-12,11:23:01,INFO,PaymentGateway,Page view: /home by u2420,E103,Page view: {page} by {user}
32013,2026-01-12,11:52:09,INFO,WebServer,Transaction tx166720 completed in 330ms,E104,Transaction {tx} completed in {time}ms
32014,2026-01-12,11:49:40,INFO,WebServer,User u2097 login successful,E101,User {user} login successful
32015,2026-01-12,11:44:11,INFO,OrderProcessor,User u4521 login successful,E101,User {user} login successful
32016,2026-01-12,11:12:41,INFO,WebServer,Page view: /home by u1277,E103,Page view: {page} by {user}
32017,2026-01-12,11:48:46,INFO,AuthService,Page view: /home by u3228,E103,Page view: {page} by {user}
32018,2026-01-12,11:02:15,INFO,WebServer,Page view: /home by u1401,E103,Page view: {page} by {user}
32019,2026-01-12,11:51:44,INFO,PaymentGateway,User u1499 login successful,E101,User {user} login successful
32020,2026-01-12,11:18:31,INFO,WebServer,Health check passed: WebServer,E102,Health check passed: {service}
32021,2026-01-12,11:01:03,INFO,AuthService,Health check passed: AuthService,E102,Health check passed: {service}
32022,2026-01-12,11:42:58,INFO,OrderProcessor,Page view: /home by u2057,E103,Page view: {page} by {user}
32023,2026-01-12,11:21:42,INFO,WebServer,User u2962 login successful,E101,User {user} login successful
32024,2026-01-12,11:18:03,INFO,InventoryDB,Health check passed: InventoryDB,E102,Health check passed: {service}
32025,2026-01-12,11:36:31,INFO,WebServer,Page view: /home by u2676,E103,Page view: {page} by {user}
32026,2026-01-12,11:12:38,INFO,AuthService,Health check passed: AuthService,E102,Health check passed: {service}
32027,2026-01-12,11:08:27,INFO,PaymentGateway,User u4347 login successful,E101,User {user} login successful
32028,2026-01-12,11:30:04,INFO,WebServer,Health check passed: WebServer,E102,Health check passed: {service}
32029,2026-01-12,11:43:13,ERROR,WebServer,Timeout waiting for lock on InventoryDB,E502,Timeout waiting for lock on {db}
32030,2026-01-12,11:47:16,INFO,WebServer,Transaction tx455826 completed in 1648ms,E104,Transaction {tx} completed in {time}ms
32031,2026-01-12,11:28:22,INFO,WebServer,Transaction tx237812 completed in 1229ms,E104,Transaction {tx} completed in {time}ms
32032,2026-01-12,11:55:31,INFO,WebServer,User u3177 login successful,E101,User {user} login successful
32033,2026-01-12,11:25:44,INFO,PaymentGateway,User u1764 login successful,E101,User {user} login successful
32034,2026-01-12,11:13:57,INFO,AuthService,User u2393 login successful,E101,User {user} login successful
32035,2026-01-12,11:26:53,INFO,InventoryDB,Transaction tx582422 completed in 1298ms,E104,Transaction {tx} completed in {time}ms
32036,2026-01-12,11:07:10,INFO,WebServer,Health check passed: WebServer,E102,Health check passed: {service}
32037,2026-01-12,11:07:06,INFO,WebServer,Transaction tx287181 completed in 1479ms,E104,Transaction {tx} completed in {time}ms
32038,2026-01-12,11:33:52,INFO,WebServer,Page view: /home by u2941,E103,Page view: {page} by {user}
32039,2026-01-12,11:49:22,INFO,PaymentGateway,Health check passed: PaymentGateway,E102,Health check passed: {service}
32040,2026-01-12,11:40:01,INFO,WebServer,User u1841 login successful,E101,User {user} login successful
32041,2026-01-12,11:27:19,WARN,WebServer,High latency (1092ms) detected on WebServer,E201,High latency ({time}ms) detected on {service}
32042,2026-01-12,11:35:02,WARN,OrderProcessor,Disk usage > 85% on node node-2,E202,Disk usage > 85% on node {node}
32043,2026-01-12,11:53:44,INFO,WebServer,Transaction tx845043 completed in 1704ms,E104,Transaction {tx} completed in {time}ms
32044,2026-01-12,11:52:57,INFO,WebServer,Health check passed: WebServer,E102,Health check passed: {service}
32045,2026-01-12,11:07:40,INFO,OrderProcessor,Page view: /home by u3383,E103,Page view: {page} by {user}
32046,2026-01-12,11:28:25,INFO,WebServer,Page view: /home by u3309,E103,Page view: {page} by {user}
32047,2026-01-12,11:12:47,INFO,WebServer,Page view: /home by u4742,E103,Page view: {page} by {user}
32048,2026-01-12,11:43:16,INFO,AuthService,Health check passed: AuthService,E102,Health check passed: {service}
32049,2026-01-12,11:02:02,INFO,WebServer,Page view: /home by u3878,E103,Page view: {page} by {user}
32050,2026-01-12,11:30:41,INFO,PaymentGateway,User u4035 login successful,E101,User {user} login successful
32051,2026-01-12,11:04:55,INFO,OrderProcessor,Page view: /home by u3937,E103,Page view: {page} by {user}
32052,2026-01-12,11:52:13,INFO,OrderProcessor,Page view: /home by u2307,E103,Page view: {page} by {user}
32053,2026-01-12,11:30:52,INFO,AuthService,Page view: /home by u3598,E103,Page view: {page} by {user}
32054,2026-01-12,11:08:21,INFO,WebServer,Health check passed: WebServer,E102,Health check passed: {service}
32055,2026-01-12,11:07:09,INFO,WebServer,Page view: /home by u4911,E103,Page view: {page} by {user}
32056,2026-01-12,11:43:10,INFO,WebServer,User u1357 login successful,E101,User {user} login successful
32057,2026-01-12,11:08:28,INFO,PaymentGateway,Health check passed: PaymentGateway,E102,Health check passed: {service}
32058,2026-01-12,11:35:00,INFO,OrderProcessor,Health check passed: OrderProcessor,E102,Health check passed: {service}
32059,2026-01-12,11:22:04,WARN,WebServer,Unauthorized access attempt from 192.168.1.5,E401,Unauthorized access attempt from {ip}
32060,2026-01-12,11:10:54,INFO,AuthService,User u2396 login successful,E101,User {user} login successful
32061,2026-01-12,11:13:27,INFO,WebServer,Transaction tx606948 completed in 1064ms,E104,Transaction {tx} completed in {time}ms
32062,2026-01-12,11:11:20,INFO,WebServer,Transaction tx507871 completed in 200ms,E104,Transaction {tx} completed in {time}ms
32063,2026-01-12,11:42:55,INFO,OrderProcessor,Page view: /home by u3250,E103,Page view: {page} by {user}
32064,2026-01-12,11:48:31,INFO,OrderProcessor,Transaction tx670644 completed in 1726ms,E104,Transaction {tx} completed in {time}ms
32065,2026-01-12,11:32:34,INFO,WebServer,Health check passed: WebServer,E102,Health check passed: {service}
32066,2026-01-12,11:42:41,WARN,WebServer,High latency (540ms) detected on WebServer,E201,High latency ({time}ms) detected on {service}
32067,2026-01-12,11:55:10,INFO,AuthService,Transaction tx962659 completed in 334ms,E104,Transaction {tx} completed in {time}ms
32068,2026-01-12,11:20:37,INFO,PaymentGateway,User u1326 login successful,E101,User {user} login successful
32069,2026-01-12,11:01:47,INFO,OrderProcessor,Health check passed: OrderProcessor,E102,Health check passed: {service}
32070,2026-01-12,11:13:33,INFO,OrderProcessor,Health check passed: OrderProcessor,E102,Health check passed: {service}
32071,2026-01-12,11:18:34,INFO,PaymentGateway,Health check passed: PaymentGateway,E102,Health check passed: {service}
32072,2026-01-12,11:42:51,INFO,WebServer,User u3699 login successful,E101,User {user} login successful
32073,2026-01-12,11:22:10,INFO,WebServer,User u2110 login successful,E101,User {user} login successful
32074,2026-01-12,11:05:01,INFO,WebServer,Page view: /home by u1020,E103,Page view: {page} by {user}
32075,2026-01-12,11:41:23,INFO,WebServer,User u3659 login successful,E101,User {user} login successful
32076,2026-01-12,11:55:52,INFO,WebServer,User u1382 login successful,E101,User {user} login successful
32077,2026-01-12,11:50:06,INFO,AuthService,Page view: /home by u2581,E103,Page view: {page} by {user}
32078,2026-01-12,11:26:27,INFO,WebServer,Health check passed: WebServer,E102,Health check passed: {service}
32079,2026-01-12,11:09:35,INFO,OrderProcessor,User u4322 login successful,E101,User {user} login successful
32080,2026-01-12,11:36:26,INFO,WebServer,Transaction tx912373 completed in 1053ms,E104,Transaction {tx} completed in {time}ms
32081,2026-01-12,11:08:36,INFO,WebServer,User u2942 login successful,E101,User {user} login successful
32082,2026-01-12,11:20:55,INFO,AuthService,Health check passed: AuthService,E102,Health check passed: {service}
32083,2026-01-12,11:07:23,INFO,WebServer,Page view: /home by u2993,E103,Page view: {page} by {user}
32084,2026-01-12,11:59:19,INFO,WebServer,Page view: /home by u2963,E103,Page view: {page} by {user}
32085,2026-01-12,11:55:35,INFO,OrderProcessor,Page view: /home by u3933,E103,Page view: {page} by {user}
32086,2026-01-12,11:12:47,INFO,WebServer,Page view: /home by u1757,E103,Page view: {page} by {user}
32087,2026-01-12,11:52:17,INFO,OrderProcessor,Transaction tx704771 completed in 744ms,E104,Transaction {tx} completed in {time}ms
32088,2026-01-12,11:26:40,WARN,OrderProcessor,Unauthorized access attempt from 10.0.0.88,E401,Unauthorized access attempt from {ip}
32089,2026-01-12,11:26:24,INFO,InventoryDB,Page view: /home by u2147,E103,Page view: {page} by {user}
32090,2026-01-12,11:50:05,INFO,WebServer,User u1073 login successful,E101,User {user} login successful
32091,2026-01-12,11:21:08,INFO,WebServer,Transaction tx122082 completed in 1469ms,E104,Transaction {tx} completed in {time}ms
32092,2026-01-12,11:49:18,INFO,WebServer,Page view: /home by u3181,E103,Page view: {page} by {user}
32093,2026-01-12,11:27:43,INFO,OrderProcessor,Health check passed: OrderProcessor,E102,Health check passed: {service}
32094,2026-01-12,11:22:55,INFO,WebServer,Page view: /home by u3038,E103,Page view: {page} by {user}
32095,2026-01-12,11:34:23,INFO,InventoryDB,Health check passed: InventoryDB,E102,Health check passed: {service}
32096,2026-01-12,11:52:39,INFO,WebServer,Transaction tx212455 completed in 1867ms,E104,Transaction {tx} completed in {time}ms
32097,2026-01-12,11:24:32,INFO,OrderProcessor,Transaction tx253238 completed in 1210ms,E104,Transaction {tx} completed in {time}ms
32098,2026-01-12,11:41:32,INFO,WebServer,Health check passed: WebServer,E102,Health check passed: {service}
32099,2026-01-12,11:42:00,INFO,AuthService,Transaction tx128347 completed in 1645ms,E104,Transaction {tx} completed in {time}ms
32100,2026-01-12,11:30:40,INFO,PaymentGateway,Health check passed: PaymentGateway,E102,Health check passed: {service}
32101,2026-01-12,11:39:19,INFO,WebServer,User u3156 login successful,E101,User {user} login successful
32102,2026-01-12,11:15:16,INFO,WebServer,Page view: /home by u4121,E103,Page view: {page} by {user}
32103,2026-01-12,11:26:23,INFO,WebServer,Page view: /home by u3452,E103,Page view: {page} by {user}
32104,2026-01-12,11:58:18,INFO,WebServer,Page view: /home by u4261,E103,Page view: {page} by {user}
32105,2026-01-12,11:14:40,INFO,WebServer,User u1661 login successful,E101,User {user} login successful
32106,2026-01-12,11:17:33,INFO,AuthService,User u3996 login successful,E101,User {user} login successful
32107,2026-01-12,11:25:36,INFO,OrderProcessor,Transaction tx626128 completed in 1661ms,E104,Transaction {tx} completed in {time}ms
32108,2026-01-12,11:52:34,INFO,AuthService,Transaction tx662831 completed in 326ms,E104,Transaction {tx} completed in {time}ms
32109,2026-01-12,11:38:04,INFO,WebServer,Page view: /home by u4159,E103,Page view: {page} by {user}
32110,2026-01-12,11:24:03,INFO,WebServer,Page view: /home by u2420,E103,Page view: {page} by {user}
32111,2026-01-12,11:02:36,INFO,AuthService,User u2412 login successful,E101,User {user} login successful
32112,2026-01-12,11:44:04,INFO,WebServer,User u3429 login successful,E101,User {user} login successful
32113,2026-01-12,11:20:57,INFO,OrderProcessor,Page view: /home by u3757,E103,Page view: {page} by {user}
32114,2026-01-12,11:59:06,WARN,OrderProcessor,Unauthorized access attempt from 10.0.0.45,E401,Unauthorized access attempt from {ip}
32115,2026-01-12,11:44:53,INFO,AuthService,User u4481 login successful,E101,User {user} login successful
32116,2026-01-12,11:52:11,INFO,WebServer,Health check passed: WebServer,E102,Health check passed: {service}
32117,2026-01-12,11:08:51,INFO,WebServer,Health check passed: WebServer,E102,Health check passed: {service}
32118,2026-01-12,11:21:35,INFO,WebServer,User u2961 login successful,E101,User {user} login successful
32119,2026-01-12,11:59:39,INFO,OrderProcessor,Transaction tx654859 completed in 483ms,E104,Transaction {tx} completed in {time}ms
32120,2026-01-12,11:50:45,INFO,PaymentGateway,Transaction tx216276 completed in 1929ms,E104,Transaction {tx} completed in {time}ms
32121,2026-01-12,11:45:32,INFO,PaymentGateway,Page view: /home by u3288,E103,Page view: {page} by {user}
32122,2026-01-12,11:12:49,INFO,WebServer,Transaction tx555610 completed in 839ms,E104,Transaction {tx} completed in {time}ms
32123,2026-01-12,11:20:11,INFO,OrderProcessor,Transaction tx331583 completed in 1055ms,E104,Transaction {tx} completed in {time}ms
32124,2026-01-12,11:23:03,INFO,WebServer,Transaction tx144907 completed in 1815ms,E104,Transaction {tx} completed in {time}ms
32125,2026-01-12,11:40:56,WARN,WebServer,Unauthorized access attempt from 10.0.0.45,E401,Unauthorized access attempt from {ip}
32126,2026-01-12,11:45:32,INFO,WebServer,Health check passed: WebServer,E102,Health check passed: {service}
32127,2026-01-12,11:45:20,INFO,AuthService,Transaction tx430166 completed in 1832ms,E104,Transaction {tx} completed in {time}ms
32128,2026-01-12,11:10:08,INFO,WebServer,User u3081 login successful,E101,User {user} login successful
32129,2026-01-12,11:03:38,WARN,WebServer,High latency (1868ms) detected on WebServer,E201,High latency ({time}ms) detected on {service}
32130,2026-01-12,11:40:36,ERROR,InventoryDB,Timeout waiting for lock on InventoryDB,E502,Timeout waiting for lock on {db}
32131,2026-01-12,11:49:17,WARN,AuthService,Disk usage > 85% on node node-5,E202,Disk usage > 85% on node {node}
32132,2026-01-12,11:02:32,INFO,OrderProcessor,Health check passed: OrderProcessor,E102,Health check passed: {service}
32133,2026-01-12,11:38:19,INFO,WebServer,Page view: /home by u2573,E103,Page view: {page} by {user}
32134,2026-01-12,11:41:12,INFO,InventoryDB,User u1091 login successful,E101,User {user} login successful
32135,2026-01-12,11:46:43,INFO,WebServer,Health check passed: WebServer,E102,Health check passed: {service}
32136,2026-01-12,11:20:28,INFO,WebServer,Health check passed: WebServer,E102,Health check passed: {service}
32137,2026-01-12,11:55:14,INFO,WebServer,User u3574 login successful,E101,User {user} login successful
32138,2026-01-12,11:01:48,INFO,PaymentGateway,Page view: /home by u3551,E103,Page view: {page} by {user}
32139,2026-01-12,11:48:39,INFO,AuthService,Page view: /home by u3866,E103,Page view: {page} by {user}
32140,2026-01-12,11:00:29,INFO,WebServer,Page view: /home by u1135,E103,Page view: {page} by {user}
32141,2026-01-12,11:28:19,INFO,OrderProcessor,Health check passed: OrderProcessor,E102,Health check passed: {service}
32142,2026-01-12,11:15:53,INFO,PaymentGateway,Health check passed: PaymentGateway,E102,Health check passed: {service}
32143,2026-01-12,11:44:01,INFO,WebServer,Transaction tx936169 completed in 316ms,E104,Transaction {tx} completed in {time}ms
32144,2026-01-12,11:42:39,INFO,AuthService,User u4390 login successful,E101,User {user} login successful
32145,2026-01-12,11:53:28,INFO,WebServer,Transaction tx912989 completed in 1110ms,E104,Transaction {tx} completed in {time}ms
32146,2026-01-12,11:16:05,INFO,AuthService,User u1039 login successful,E101,User {user} login successful
32147,2026-01-12,11:03:50,WARN,AuthService,Disk usage > 85% on node node-1,E202,Disk usage > 85% on node {node}
32148,2026-01-12,11:25:04,INFO,PaymentGateway,Page view: /home by u1421,E103,Page view: {page} by {user}
32149,2026-01-12,11:20:46,INFO,WebServer,User u1419 login successful,E101,User {user} login successful
32150,2026-01-12,11:10:00,INFO,OrderProcessor,User u3203 login successful,E101,User {user} login successful
32151,2026-01-12,11:23:05,INFO,WebServer,Transaction tx244765 completed in 1612ms,E104,Transaction {tx} completed in {time}ms
32152,2026-01-12,11:34:49,INFO,OrderProcessor,Page view: /home by u3582,E103,Page view: {page} by {user}
32153,2026-01-12,11:36:58,INFO,WebServer,Transaction tx348951 completed in 1267ms,E104,Transaction {tx} completed in {time}ms
32154,2026-01-12,11:38:19,INFO,WebServer,Transaction tx311767 completed in 1775ms,E104,Transaction {tx} completed in {time}ms
32155,2026-01-12,11:26:41,ERROR,WebServer,Payment declined: Gateway unavailable,E503,Payment declined: Gateway unavailable
32156,2026-01-12,11:00:58,WARN,OrderProcessor,High latency (346ms) detected on OrderProcessor,E201,High latency ({time}ms) detected on {service}
32157,2026-01-12,11:54:00,INFO,AuthService,Health check passed: AuthService,E102,Health check passed: {service}
32158,2026-01-12,11:55:39,INFO,PaymentGateway,Page view: /home by u1259,E103,Page view: {page} by {user}
32159,2026-01-12,11:54:41,INFO,OrderProcessor,User u3981 login successful,E101,User {user} login successful
32160,2026-01-12,11:10:16,INFO,OrderProcessor,Transaction tx332232 completed in 1686ms,E104,Transaction {tx} completed in {time}ms
32161,2026-01-12,11:15:58,INFO,OrderProcessor,Health check passed: OrderProcessor,E102,Health check passed: {service}
32162,2026-01-12,11:51:57,INFO,OrderProcessor,User u3053 login successful,E101,User {user} login successful
32163,2026-01-12,11:13:53,INFO,AuthService,Page view: /home by u3160,E103,Page view: {page} by {user}
32164,2026-01-12,11:31:36,INFO,AuthService,Transaction tx943768 completed in 1210ms,E104,Transaction {tx} completed in {time}ms
32165,2026-01-12,11:27:55,INFO,WebServer,Transaction tx740455 completed in 1347ms,E104,Transaction {tx} completed in {time}ms
32166,2026-01-12,11:26:43,INFO,WebServer,Page view: /home by u2198,E103,Page view: {page} by {user}
32167,2026-01-12,11:10:16,INFO,WebServer,User u4548 login successful,E101,User {user} login successful
32168,2026-01-12,11:53:22,INFO,OrderProcessor,Page view: /home by u3060,E103,Page view: {page} by {user}
32169,2026-01-12,11:13:17,INFO,WebServer,Health check passed: WebServer,E102,Health check passed: {service}
32170,2026-01-12,11:01:40,INFO,AuthService,Health check passed: AuthService,E102,Health check passed: {service}
32171,2026-01-12,11:39:47,INFO,OrderProcessor,Page view: /home by u2589,E103,Page view: {page} by {user}
32172,2026-01-12,11:22:35,INFO,WebServer,User u4238 login successful,E101,User {user} login successful
32173,2026-01-12,11:49:12,INFO,PaymentGateway,User u3529 login successful,E101,User {user} login successful
32174,2026-01-12,11:20:52,INFO,WebServer,User u1181 login successful,E101,User {user} login successful
32175,2026-01-12,11:36:55,WARN,AuthService,High latency (1630ms) detected on AuthService,E201,High latency ({time}ms) detected on {service}
32176,2026-01-12,11:12:25,INFO,WebServer,Transaction tx382707 completed in 359ms,E104,Transaction {tx} completed in {time}ms
32177,2026-01-12,11:10:21,INFO,WebServer,Page view: /home by u4649,E103,Page view: {page} by {user}
32178,2026-01-12,11:39:34,INFO,OrderProcessor,User u4021 login successful,E101,User {user} login successful
32179,2026-01-12,11:57:12,INFO,InventoryDB,Page view: /home by u3511,E103,Page view: {page} by {user}
32180,2026-01-12,11:06:16,INFO,AuthService,Transaction tx994660 completed in 793ms,E104,Transaction {tx} completed in {time}ms
32181,2026-01-12,11:46:22,ERROR,AuthService,Payment declined: Gateway unavailable,E503,Payment declined: Gateway unavailable
32182,2026-01-12,11:39:08,INFO,OrderProcessor,User u2537 login successful,E101,User {user} login successful
32183,2026-01-12,11:13:18,INFO,AuthService,Health check passed: AuthService,E102,Health check passed: {service}
32184,2026-01-12,11:04:05,INFO,WebServer,Health check passed: WebServer,E102,Health check passed: {service}
32185,2026-01-12,11:49:07,WARN,WebServer,High latency (1962ms) detected on WebServer,E201,High latency ({time}ms) detected on {service}
32186,2026-01-12,11:31:28,INFO,WebServer,Transaction tx266283 completed in 1278ms,E104,Transaction {tx} completed in {time}ms
32187,2026-01-12,11:54:34,INFO,WebServer,Page view: /home by u3833,E103,Page view: {page} by {user}
32188,2026-01-12,11:46:11,INFO,AuthService,Page view: /home by u2267,E103,Page view: {page} by {user}
32189,2026-01-12,11:19:30,INFO,PaymentGateway,User u2912 login successful,E101,User {user} login successful
32190,2026-01-12,11:56:49,INFO,OrderProcessor,Transaction tx572329 completed in 82ms,E104,Transaction {tx} completed in {time}ms
32191,2026-01-12,11:09:22,ERROR,AuthService,Connection refused to AuthService at 10.0.0.12,E501,Connection refused to {service} at {ip}
32192,2026-01-12,11:52:18,INFO,AuthService,Transaction tx531689 completed in 1683ms,E104,Transaction {tx} completed in {time}ms
32193,2026-01-12,11:31:56,CRITICAL,AuthService,KERNEL PANIC: Node node-4 crashed,E601,KERNEL PANIC: Node {node} crashed
32194,2026-01-12,11:45:37,INFO,AuthService,Health check passed: AuthService,E102,Health check passed: {service}
32195,2026-01-12,11:23:50,WARN,AuthService,Disk usage > 85% on node node-1,E202,Disk usage > 85% on node {node}
32196,2026-01-12,11:10:55,WARN,WebServer,Disk usage > 85% on node node-4,E202,Disk usage > 85% on node {node}
32197,2026-01-12,11:36:35,INFO,OrderProcessor,User u4569 login successful,E101,User {user} login successful
32198,2026-01-12,11:50:42,INFO,WebServer,Health check passed: WebServer,E102,Health check passed: {service}
32199,2026-01-12,11:23:23,INFO,AuthService,Transaction tx856613 completed in 1513ms,E104,Transaction {tx} completed in {time}ms
32200,2026-01-12,11:05:34,INFO,WebServer,Transaction tx784109 completed in 367ms,E104,Transaction {tx} completed in {time}ms
32201,2026-01-12,11:02:44,INFO,WebServer,Health check passed: WebServer,E102,Health check passed: {service}
32202,2026-01-12,11:24:03,INFO,WebServer,User u1088 login successful,E101,User {user} login successful
32203,2026-01-12,11:00:20,INFO,WebServer,Transaction tx752407 completed in 1433ms,E104,Transaction {tx} completed in {time}ms
32204,2026-01-12,11:40:55,INFO,AuthService,Health check passed: AuthService,E102,Health check passed: {service}
32205,2026-01-12,11:15:18,INFO,OrderProcessor,Page view: /home by u2444,E103,Page view: {page} by {user}
32206,2026-01-12,11:53:10,INFO,AuthService,User u4334 login successful,E101,User {user} login successful
32207,2026-01-12,11:55:31,INFO,OrderProcessor,Transaction tx459782 completed in 270ms,E104,Transaction {tx} completed in {time}ms
32208,2026-01-12,11:33:28,INFO,WebServer,Page view: /home by u2385,E103,Page view: {page} by {user}
32209,2026-01-12,11:26:03,INFO,OrderProcessor,Page view: /home by u1262,E103,Page view: {page} by {user}
32210,2026-01-12,11:33:15,ERROR,WebServer,Payment declined: Gateway unavailable,E503,Payment declined: Gateway unavailable
32211,2026-01-12,11:51:33,INFO,OrderProcessor,Transaction tx296509 completed in 712ms,E104,Transaction {tx} completed in {time}ms
32212,2026-01-12,11:30:34,INFO,OrderProcessor,Page view: /home by u2251,E103,Page view: {page} by {user}
32213,2026-01-12,11:44:02,INFO,OrderProcessor,Health check passed: OrderProcessor,E102,Health check passed: {service}
32214,2026-01-12,11:14:42,INFO,AuthService,Transaction tx302471 completed in 1235ms,E104,Transaction {tx} completed in {time}ms
32215,2026-01-12,11:11:19,INFO,AuthService,Health check passed: AuthService,E102,Health check passed: {service}
32216,2026-01-12,11:08:12,INFO,WebServer,User u3020 login successful,E101,User {user} login successful
32217,2026-01-12,11:32:13,INFO,PaymentGateway,User u3862 login successful,E101,User {user} login successful
32218,2026-01-12,11:46:48,INFO,WebServer,User u4228 login successful,E101,User {user} login successful
32219,2026-01-12,11:58:27,INFO,AuthService,User u2285 login successful,E101,User {user} login successful
32220,2026-01-12,11:39:06,INFO,WebServer,Health check passed: WebServer,E102,Health check passed: {service}
32221,2026-01-12,11:04:57,INFO,AuthService,User u2280 login successful,E101,User {user} login successful
32222,2026-01-12,11:50:43,INFO,WebServer,Page view: /home by u4060,E103,Page view: {page} by {user}
32223,2026-01-12,11:51:54,INFO,AuthService,Page view: /home by u2146,E103,Page view: {page} by {user}
32224,2026-01-12,11:31:07,INFO,OrderProcessor,User u3450 login successful,E101,User {user} login successful
32225,2026-01-12,11:19:03,INFO,WebServer,Health check passed: WebServer,E102,Health check passed: {service}
32226,2026-01-12,11:02:11,INFO,PaymentGateway,User u3426 login successful,E101,User {user} login successful
32227,2026-01-12,11:16:43,INFO,AuthService,Health check passed: AuthService,E102,Health check passed: {service}
32228,2026-01-12,11:40:06,WARN,AuthService,Disk usage > 85% on node node-4,E202,Disk usage > 85% on node {node}
32229,2026-01-12,11:45:37,INFO,AuthService,User u1275 login successful,E101,User {user} login successful
32230,2026-01-12,11:53:11,INFO,WebServer,User u2176 login successful,E101,User {user} login successful
32231,2026-01-12,11:36:14,INFO,WebServer,Transaction tx494193 completed in 665ms,E104,Transaction {tx} completed in {time}ms
32232,2026-01-12,11:02:17,INFO,OrderProcessor,Health check passed: OrderProcessor,E102,Health check passed: {service}
32233,2026-01-12,11:29:06,INFO,PaymentGateway,Page view: /home by u2529,E103,Page view: {page} by {user}
32234,2026-01-12,11:25:20,INFO,OrderProcessor,Transaction tx558221 completed in 1809ms,E104,Transaction {tx} completed in {time}ms
32235,2026-01-12,11:03:25,INFO,AuthService,Page view: /home by u3016,E103,Page view: {page} by {user}
32236,2026-01-12,11:54:43,INFO,OrderProcessor,Health check passed: OrderProcessor,E102,Health check passed: {service}
32237,2026-01-12,11:45:40,INFO,OrderProcessor,User u3843 login successful,E101,User {user} login successful
32238,2026-01-12,11:51:39,INFO,WebServer,Transaction tx153709 completed in 311ms,E104,Transaction {tx} completed in {time}ms
32239,2026-01-12,11:24:28,INFO,WebServer,Page view: /home by u3976,E103,Page view: {page} by {user}
32240,2026-01-12,11:37:13,INFO,PaymentGateway,Page view: /home by u2208,E103,Page view: {page} by {user}
32241,2026-01-12,11:27:40,INFO,WebServer,Page view: /home by u4978,E103,Page view: {page} by {user}
32242,2026-01-12,11:54:56,WARN,WebServer,High latency (191ms) detected on WebServer,E201,High latency ({time}ms) detected on {service}
32243,2026-01-12,11:38:12,INFO,OrderProcessor,User u1527 login successful,E101,User {user} login successful
32244,2026-01-12,11:29:21,INFO,WebServer,Page view: /home by u4189,E103,Page view: {page} by {user}
32245,2026-01-12,11:02:11,INFO,AuthService,User u4873 login successful,E101,User {user} login successful
32246,2026-01-12,11:06:19,INFO,WebServer,Transaction tx620266 completed in 208ms,E104,Transaction {tx} completed in {time}ms
32247,2026-01-12,11:09:19,INFO,WebServer,Health check passed: WebServer,E102,Health check passed: {service}
32248,2026-01-12,11:54:02,INFO,OrderProcessor,Page view: /home by u4173,E103,Page view: {page} by {user}
32249,2026-01-12,11:57:39,INFO,OrderProcessor,User u4047 login successful,E101,User {user} login successful
32250,2026-01-12,11:25:33,INFO,WebServer,User u3560 login successful,E101,User {user} login successful
32251,2026-01-12,11:03:10,INFO,WebServer,Health check passed: WebServer,E102,Health check passed: {service}
32252,2026-01-12,11:21:56,INFO,WebServer,Transaction tx936699 completed in 824ms,E104,Transaction {tx} completed in {time}ms
32253,2026-01-12,11:07:08,INFO,AuthService,Health check passed: AuthService,E102,Health check passed: {service}
32254,2026-01-12,11:27:15,INFO,PaymentGateway,Transaction tx807725 completed in 998ms,E104,Transaction {tx} completed in {time}ms
32255,2026-01-12,11:20:27,INFO,WebServer,Page view: /home by u4536,E103,Page view: {page} by {user}
32256,2026-01-12,11:55:06,INFO,AuthService,Transaction tx663372 completed in 1642ms,E104,Transaction {tx} completed in {time}ms
32257,2026-01-12,11:55:39,INFO,AuthService,User u3068 login successful,E101,User {user} login successful
32258,2026-01-12,11:10:47,INFO,OrderProcessor,Health check passed: OrderProcessor,E102,Health check passed: {service}
32259,2026-01-12,11:28:42,INFO,WebServer,Transaction tx824551 completed in 1265ms,E104,Transaction {tx} completed in {time}ms
32260,2026-01-12,11:07:42,INFO,WebServer,Page view: /home by u3106,E103,Page view: {page} by {user}
32261,2026-01-12,11:16:47,INFO,WebServer,Transaction tx195901 completed in 747ms,E104,Transaction {tx} completed in {time}ms
32262,2026-01-12,11:05:34,INFO,PaymentGateway,Transaction tx701758 completed in 169ms,E104,Transaction {tx} completed in {time}ms
32263,2026-01-12,11:48:45,WARN,WebServer,Unauthorized access attempt from 10.0.0.45,E401,Unauthorized access attempt from {ip}
32264,2026-01-12,11:46:07,ERROR,WebServer,Payment declined: Gateway unavailable,E503,Payment declined: Gateway unavailable
32265,2026-01-12,11:26:30,INFO,OrderProcessor,User u2011 login successful,E101,User {user} login successful
32266,2026-01-12,11:40:56,INFO,AuthService,User u3951 login successful,E101,User {user} login successful
32267,2026-01-12,11:22:59,INFO,WebServer,Page view: /home by u2105,E103,Page view: {page} by {user}
32268,2026-01-12,11:18:51,INFO,OrderProcessor,Health check passed: OrderProcessor,E102,Health check passed: {service}
32269,2026-01-12,11:17:26,INFO,WebServer,Transaction tx723326 completed in 210ms,E104,Transaction {tx} completed in {time}ms
32270,2026-01-12,11:14:08,INFO,AuthService,Page view: /home by u4302,E103,Page view: {page} by {user}
32271,2026-01-12,11:11:58,INFO,PaymentGateway,User u2955 login successful,E101,User {user} login successful
32272,2026-01-12,11:38:05,INFO,WebServer,Page view: /home by u2181,E103,Page view: {page} by {user}
32273,2026-01-12,11:35:54,INFO,WebServer,User u2171 login successful,E101,User {user} login successful
32274,2026-01-12,11:36:48,INFO,OrderProcessor,User u2219 login successful,E101,User {user} login successful
32275,2026-01-12,11:39:09,INFO,WebServer,Page view: /home by u1114,E103,Page view: {page} by {user}
32276,2026-01-12,11:20:50,INFO,OrderProcessor,User u2812 login successful,E101,User {user} login successful
32277,2026-01-12,11:40:05,INFO,WebServer,Page view: /home by u4972,E103,Page view: {page} by {user}
32278,2026-01-12,11:56:46,INFO,WebServer,Page view: /home by u2544,E103,Page view: {page} by {user}
32279,2026-01-12,11:47:32,INFO,WebServer,Health check passed: WebServer,E102,Health check passed: {service}
32280,2026-01-12,11:57:45,INFO,AuthService,User u4766 login successful,E101,User {user} login successful
32281,2026-01-12,11:53:26,INFO,WebServer,Transaction tx892349 completed in 352ms,E104,Transaction {tx} completed in {time}ms
32282,2026-01-12,11:24:51,INFO,WebServer,Health check passed: WebServer,E102,Health check passed: {service}
32283,2026-01-12,11:30:48,INFO,WebServer,Health check passed: WebServer,E102,Health check passed: {service}
32284,2026-01-12,11:44:12,WARN,OrderProcessor,Disk usage > 85% on node node-1,E202,Disk usage > 85% on node {node}
32285,2026-01-12,11:36:36,INFO,WebServer,Transaction tx497955 completed in 1352ms,E104,Transaction {tx} completed in {time}ms
32286,2026-01-12,11:04:38,INFO,AuthService,Transaction tx535039 completed in 25ms,E104,Transaction {tx} completed in {time}ms
32287,2026-01-12,11:54:18,INFO,WebServer,User u3156 login successful,E101,User {user} login successful
32288,2026-01-12,11:11:02,INFO,WebServer,User u1437 login successful,E101,User {user} login successful
32289,2026-01-12,11:44:28,WARN,WebServer,High latency (1954ms) detected on WebServer,E201,High latency ({time}ms) detected on {service}
32290,2026-01-12,11:38:29,INFO,WebServer,Health check passed: WebServer,E102,Health check passed: {service}
32291,2026-01-12,11:43:54,INFO,WebServer,Page view: /home by u2946,E103,Page view: {page} by {user}
32292,2026-01-12,11:58:41,INFO,WebServer,User u4798 login successful,E101,User {user} login successful
32293,2026-01-12,11:20:18,INFO,WebServer,Health check passed: WebServer,E102,Health check passed: {service}
32294,2026-01-12,11:50:18,INFO,WebServer,Transaction tx529112 completed in 1402ms,E104,Transaction {tx} completed in {time}ms
32295,2026-01-12,11:26:37,INFO,OrderProcessor,User u4646 login successful,E101,User {user} login successful
32296,2026-01-12,11:50:41,INFO,WebServer,Health check passed: WebServer,E102,Health check passed: {service}
32297,2026-01-12,11:59:54,INFO,OrderProcessor,Health check passed: OrderProcessor,E102,Health check passed: {service}
32298,2026-01-12,11:18:43,INFO,WebServer,Page view: /home by u3327,E103,Page view: {page} by {user}
32299,2026-01-12,11:44:04,INFO,AuthService,Health check passed: AuthService,E102,Health check passed: {service}
32300,2026-01-12,11:50:07,INFO,WebServer,Page view: /home by u1763,E103,Page view: {page} by {user}
32301,2026-01-12,11:22:58,WARN,WebServer,High latency (1498ms) detected on WebServer,E201,High latency ({time}ms) detected on {service}
32302,2026-01-12,11:42:03,INFO,OrderProcessor,User u2573 login successful,E101,User {user} login successful
32303,2026-01-12,11:11:00,INFO,PaymentGateway,User u1911 login successful,E101,User {user} login successful
32304,2026-01-12,11:47:33,INFO,WebServer,Health check passed: WebServer,E102,Health check passed: {service}
32305,2026-01-12,11:49:00,INFO,AuthService,Transaction tx125382 completed in 469ms,E104,Transaction {tx} completed in {time}ms
32306,2026-01-12,11:04:18,INFO,WebServer,Page view: /home by u3035,E103,Page view: {page} by {user}
32307,2026-01-12,11:57:10,INFO,InventoryDB,Transaction tx468546 completed in 1671ms,E104,Transaction {tx} completed in {time}ms
32308,2026-01-12,11:39:43,INFO,WebServer,User u2879 login successful,E101,User {user} login successful
32309,2026-01-12,11:03:15,INFO,OrderProcessor,User u1216 login successful,E101,User {user} login successful
32310,2026-01-12,11:32:47,INFO,AuthService,Health check passed: AuthService,E102,Health check passed: {service}
32311,2026-01-12,11:26:05,INFO,WebServer,User u4101 login successful,E101,User {user} login successful
32312,2026-01-12,11:56:01,INFO,AuthService,Page view: /home by u2740,E103,Page view: {page} by {user}
32313,2026-01-12,11:06:33,CRITICAL,WebServer,DATA CORRUPTION detected in sector 975,E602,DATA CORRUPTION detected in sector {sector}
32314,2026-01-12,11:46:11,INFO,WebServer,Page view: /home by u2566,E103,Page view: {page} by {user}
32315,2026-01-12,11:54:05,INFO,PaymentGateway,User u2412 login successful,E101,User {user} login successful
32316,2026-01-12,11:14:00,INFO,WebServer,Page view: /home by u2117,E103,Page view: {page} by {user}
32317,2026-01-12,11:45:46,INFO,AuthService,Health check passed: AuthService,E102,Health check passed: {service}
32318,2026-01-12,11:51:43,INFO,WebServer,Transaction tx162294 completed in 953ms,E104,Transaction {tx} completed in {time}ms
32319,2026-01-12,11:46:56,INFO,WebServer,User u4192 login successful,E101,User {user} login successful
32320,2026-01-12,11:50:27,INFO,WebServer,Transaction tx412020 completed in 1849ms,E104,Transaction {tx} completed in {time}ms
32321,2026-01-12,11:35:12,INFO,WebServer,User u4114 login successful,E101,User {user} login successful
32322,2026-01-12,11:54:22,INFO,WebServer,User u2701 login successful,E101,User {user} login successful
32323,2026-01-12,11:57:42,INFO,OrderProcessor,Page view: /home by u2303,E103,Page view: {page} by {user}
32324,2026-01-12,11:00:06,INFO,WebServer,Transaction tx562531 completed in 880ms,E104,Transaction {tx} completed in {time}ms
32325,2026-01-12,11:13:48,INFO,WebServer,Transaction tx987454 completed in 119ms,E104,Transaction {tx} completed in {time}ms
32326,2026-01-12,11:55:37,INFO,WebServer,Page view: /home by u4324,E103,Page view: {page} by {user}
32327,2026-01-12,11:56:19,INFO,WebServer,Health check passed: WebServer,E102,Health check passed: {service}
32328,2026-01-12,11:46:07,INFO,WebServer,Health check passed: WebServer,E102,Health check passed: {service}
32329,2026-01-12,11:18:58,INFO,WebServer,User u2212 login successful,E101,User {user} login successful
32330,2026-01-12,11:54:49,INFO,AuthService,Health check passed: AuthService,E102,Health check passed: {service}
32331,2026-01-12,11:10:14,INFO,AuthService,User u1454 login successful,E101,User {user} login successful
32332,2026-01-12,11:15:49,INFO,WebServer,User u1917 login successful,E101,User {user} login successful
32333,2026-01-12,11:44:48,INFO,AuthService,Page view: /home by u1272,E103,Page view: {page} by {user}
32334,2026-01-12,11:39:22,INFO,AuthService,User u3308 login successful,E101,User {user} login successful
32335,2026-01-12,11:32:37,INFO,AuthService,Transaction tx337436 completed in 1602ms,E104,Transaction {tx} completed in {time}ms
32336,2026-01-12,11:58:41,INFO,InventoryDB,Page view: /home by u1535,E103,Page view: {page} by {user}
32337,2026-01-12,11:29:01,INFO,WebServer,Transaction tx668630 completed in 62ms,E104,Transaction {tx} completed in {time}ms
32338,2026-01-12,11:26:59,WARN,PaymentGateway,Unauthorized access attempt from 10.0.0.45,E401,Unauthorized access attempt from {ip}
32339,2026-01-12,11:28:19,INFO,PaymentGateway,Health check passed: PaymentGateway,E102,Health check passed: {service}
32340,2026-01-12,11:28:17,WARN,AuthService,Unauthorized access attempt from 10.0.0.45,E401,Unauthorized access attempt from {ip}
32341,2026-01-12,11:22:10,WARN,AuthService,Disk usage > 85% on node node-4,E202,Disk usage > 85% on node {node}
32342,2026-01-12,11:51:11,INFO,OrderProcessor,User u3842 login successful,E101,User {user} login successful
32343,2026-01-12,11:41:40,INFO,PaymentGateway,Page view: /home by u3129,E103,Page view: {page} by {user}
32344,2026-01-12,11:24:10,INFO,InventoryDB,Page view: /home by u3671,E103,Page view: {page} by {user}
32345,2026-01-12,11:27:21,INFO,PaymentGateway,User u4854 login successful,E101,User {user} login successful
32346,2026-01-12,11:44:23,INFO,AuthService,Health check passed: AuthService,E102,Health check passed: {service}
32347,2026-01-12,11:10:22,INFO,WebServer,Health check passed: WebServer,E102,Health check passed: {service}
32348,2026-01-12,11:03:29,INFO,WebServer,User u1757 login successful,E101,User {user} login successful
32349,2026-01-12,11:28:10,INFO,WebServer,Health check passed: WebServer,E102,Health check passed: {service}
32350,2026-01-12,11:45:19,INFO,OrderProcessor,User u2387 login successful,E101,User {user} login successful
32351,2026-01-12,11:41:17,INFO,PaymentGateway,Health check passed: PaymentGateway,E102,Health check passed: {service}
32352,2026-01-12,11:52:39,INFO,WebServer,Page view: /home by u4891,E103,Page view: {page} by {user}
32353,2026-01-12,11:40:11,WARN,WebServer,Unauthorized access attempt from 10.0.0.10,E401,Unauthorized access attempt from {ip}
32354,2026-01-12,11:00:37,INFO,OrderProcessor,Page view: /home by u2404,E103,Page view: {page} by {user}
32355,2026-01-12,11:28:24,INFO,WebServer,Page view: /home by u1775,E103,Page view: {page} by {user}
32356,2026-01-12,11:11:06,INFO,AuthService,Health check passed: AuthService,E102,Health check passed: {service}
32357,2026-01-12,11:48:30,INFO,PaymentGateway,Page view: /home by u2676,E103,Page view: {page} by {user}
32358,2026-01-12,11:18:47,INFO,InventoryDB,Transaction tx428211 completed in 1220ms,E104,Transaction {tx} completed in {time}ms
32359,2026-01-12,11:30:16,INFO,WebServer,Health check passed: WebServer,E102,Health check passed: {service}
32360,2026-01-12,11:10:18,INFO,WebServer,Page view: /home by u4075,E103,Page view: {page} by {user}
32361,2026-01-12,11:11:21,INFO,PaymentGateway,Health check passed: PaymentGateway,E102,Health check passed: {service}
32362,2026-01-12,11:16:12,INFO,WebServer,Transaction tx525527 completed in 1594ms,E104,Transaction {tx} completed in {time}ms
32363,2026-01-12,11:18:04,INFO,WebServer,Health check passed: WebServer,E102,Health check passed: {service}
32364,2026-01-12,11:36:48,INFO,WebServer,Page view: /home by u4521,E103,Page view: {page} by {user}
32365,2026-01-12,11:58:21,INFO,WebServer,Transaction tx775194 completed in 694ms,E104,Transaction {tx} completed in {time}ms
32366,2026-01-12,11:02:46,INFO,WebServer,Transaction tx177412 completed in 890ms,E104,Transaction {tx} completed in {time}ms
32367,2026-01-12,11:51:28,INFO,OrderProcessor,Page view: /home by u2900,E103,Page view: {page} by {user}
32368,2026-01-12,11:59:13,INFO,WebServer,User u1577 login successful,E101,User {user} login successful
32369,2026-01-12,11:31:54,INFO,WebServer,Health check passed: WebServer,E102,Health check passed: {service}
32370,2026-01-12,11:38:15,INFO,PaymentGateway,Transaction tx229765 completed in 1390ms,E104,Transaction {tx} completed in {time}ms
32371,2026-01-12,11:03:31,INFO,PaymentGateway,Page view: /home by u1602,E103,Page view: {page} by {user}
32372,2026-01-12,11:21:19,INFO,WebServer,Transaction tx190393 completed in 1094ms,E104,Transaction {tx} completed in {time}ms
32373,2026-01-12,11:06:59,INFO,OrderProcessor,Page view: /home by u2189,E103,Page view: {page} by {user}
32374,2026-01-12,11:05:55,INFO,AuthService,Health check passed: AuthService,E102,Health check passed: {service}
32375,2026-01-12,11:02:58,INFO,AuthService,Page view: /home by u3868,E103,Page view: {page} by {user}
32376,2026-01-12,11:47:44,ERROR,WebServer,Payment declined: Gateway unavailable,E503,Payment declined: Gateway unavailable
32377,2026-01-12,11:13:44,INFO,WebServer,Page view: /home by u4004,E103,Page view: {page} by {user}
32378,2026-01-12,11:45:30,INFO,OrderProcessor,User u1244 login successful,E101,User {user} login successful
32379,2026-01-12,11:42:07,INFO,InventoryDB,Transaction tx763999 completed in 1750ms,E104,Transaction {tx} completed in {time}ms
32380,2026-01-12,11:14:37,INFO,WebServer,Page view: /home by u2034,E103,Page view: {page} by {user}
32381,2026-01-12,11:36:08,INFO,OrderProcessor,Transaction tx113717 completed in 503ms,E104,Transaction {tx} completed in {time}ms
32382,2026-01-12,11:40:10,INFO,WebServer,User u2503 login successful,E101,User {user} login successful
32383,2026-01-12,11:56:37,INFO,AuthService,Transaction tx493825 completed in 985ms,E104,Transaction {tx} completed in {time}ms
32384,2026-01-12,11:34:28,INFO,PaymentGateway,Page view: /home by u4081,E103,Page view: {page} by {user}
32385,2026-01-12,11:46:04,WARN,OrderProcessor,Disk usage > 85% on node node-5,E202,Disk usage > 85% on node {node}
32386,2026-01-12,11:46:07,INFO,AuthService,Health check passed: AuthService,E102,Health check passed: {service}
32387,2026-01-12,11:10:17,INFO,InventoryDB,Transaction tx370993 completed in 1864ms,E104,Transaction {tx} completed in {time}ms
32388,2026-01-12,11:54:18,INFO,OrderProcessor,Health check passed: OrderProcessor,E102,Health check passed: {service}
32389,2026-01-12,11:15:38,INFO,AuthService,Health check passed: AuthService,E102,Health check passed: {service}
32390,2026-01-12,11:37:42,INFO,AuthService,Page view: /home by u1117,E103,Page view: {page} by {user}
32391,2026-01-12,11:40:51,INFO,AuthService,Page view: /home by u3482,E103,Page view: {page} by {user}
32392,2026-01-12,11:36:04,INFO,WebServer,Transaction tx185432 completed in 930ms,E104,Transaction {tx} completed in {time}ms
32393,2026-01-12,11:07:59,INFO,OrderProcessor,Transaction tx655999 completed in 1643ms,E104,Transaction {tx} completed in {time}ms
32394,2026-01-12,11:02:21,INFO,PaymentGateway,Page view: /home by u4990,E103,Page view: {page} by {user}
32395,2026-01-12,11:32:30,INFO,WebServer,Transaction tx799155 completed in 1006ms,E104,Transaction {tx} completed in {time}ms
32396,2026-01-12,11:14:57,INFO,AuthService,Health check passed: AuthService,E102,Health check passed: {service}
32397,2026-01-12,11:28:21,INFO,WebServer,Transaction tx116307 completed in 1873ms,E104,Transaction {tx} completed in {time}ms
32398,2026-01-12,11:02:28,INFO,AuthService,Transaction tx323429 completed in 1801ms,E104,Transaction {tx} completed in {time}ms
32399,2026-01-12,11:11:48,INFO,WebServer,Page view: /home by u2470,E103,Page view: {page} by {user}
32400,2026-01-12,11:38:02,INFO,InventoryDB,Page view: /home by u3017,E103,Page view: {page} by {user}
32401,2026-01-12,11:27:08,INFO,PaymentGateway,User u1405 login successful,E101,User {user} login successful
32402,2026-01-12,11:31:36,INFO,OrderProcessor,Health check passed: OrderProcessor,E102,Health check passed: {service}
32403,2026-01-12,11:08:49,INFO,AuthService,Health check passed: AuthService,E102,Health check passed: {service}
32404,2026-01-12,11:56:28,INFO,WebServer,Health check passed: WebServer,E102,Health check passed: {service}
32405,2026-01-12,11:40:44,INFO,AuthService,Transaction tx910374 completed in 657ms,E104,Transaction {tx} completed in {time}ms
32406,2026-01-12,11:58:45,INFO,PaymentGateway,Health check passed: PaymentGateway,E102,Health check passed: {service}
32407,2026-01-12,11:16:34,INFO,WebServer,User u3521 login successful,E101,User {user} login successful
32408,2026-01-12,11:13:02,INFO,WebServer,Transaction tx742788 completed in 797ms,E104,Transaction {tx} completed in {time}ms
32409,2026-01-12,11:35:52,INFO,WebServer,User u2514 login successful,E101,User {user} login successful
32410,2026-01-12,11:54:31,INFO,WebServer,User u3207 login successful,E101,User {user} login successful
32411,2026-01-12,11:55:46,INFO,WebServer,Transaction tx741726 completed in 899ms,E104,Transaction {tx} completed in {time}ms
32412,2026-01-12,11:45:42,INFO,AuthService,Health check passed: AuthService,E102,Health check passed: {service}
32413,2026-01-12,11:00:34,INFO,AuthService,User u1175 login successful,E101,User {user} login successful
32414,2026-01-12,11:07:00,INFO,AuthService,Page view: /home by u1299,E103,Page view: {page} by {user}
32415,2026-01-12,11:34:36,INFO,AuthService,User u1474 login successful,E101,User {user} login successful
32416,2026-01-12,11:27:24,INFO,OrderProcessor,Transaction tx979509 completed in 117ms,E104,Transaction {tx} completed in {time}ms
32417,2026-01-12,11:44:28,INFO,WebServer,Transaction tx485815 completed in 1775ms,E104,Transaction {tx} completed in {time}ms
32418,2026-01-12,11:41:07,INFO,WebServer,Page view: /home by u2044,E103,Page view: {page} by {user}
32419,2026-01-12,11:12:41,INFO,AuthService,Health check passed: AuthService,E102,Health check passed: {service}
32420,2026-01-12,11:43:46,INFO,AuthService,Health check passed: AuthService,E102,Health check passed: {service}
32421,2026-01-12,11:41:18,INFO,WebServer,Health check passed: WebServer,E102,Health check passed: {service}
32422,2026-01-12,11:30:19,INFO,AuthService,Health check passed: AuthService,E102,Health check passed: {service}
32423,2026-01-12,11:01:12,INFO,WebServer,Health check passed: WebServer,E102,Health check passed: {service}
32424,2026-01-12,11:14:14,INFO,AuthService,Transaction tx630502 completed in 1388ms,E104,Transaction {tx} completed in {time}ms
32425,2026-01-12,11:02:10,INFO,AuthService,Page view: /home by u4815,E103,Page view: {page} by {user}
32426,2026-01-12,11:36:13,INFO,WebServer,User u2988 login successful,E101,User {user} login successful
32427,2026-01-12,11:30:01,INFO,OrderProcessor,Transaction tx278808 completed in 336ms,E104,Transaction {tx} completed in {time}ms
32428,2026-01-12,11:23:21,INFO,AuthService,Transaction tx348325 completed in 291ms,E104,Transaction {tx} completed in {time}ms
32429,2026-01-12,11:37:27,INFO,AuthService,User u2592 login successful,E101,User {user} login successful
32430,2026-01-12,11:41:40,INFO,WebServer,Page view: /home by u4173,E103,Page view: {page} by {user}
32431,2026-01-12,11:28:34,INFO,WebServer,Health check passed: WebServer,E102,Health check passed: {service}
32432,2026-01-12,11:31:17,INFO,WebServer,Page view: /home by u2625,E103,Page view: {page} by {user}
32433,2026-01-12,11:52:53,INFO,AuthService,User u2363 login successful,E101,User {user} login successful
32434,2026-01-12,11:14:31,INFO,PaymentGateway,Health check passed: PaymentGateway,E102,Health check passed: {service}
32435,2026-01-12,11:41:00,INFO,OrderProcessor,Transaction tx893003 completed in 1116ms,E104,Transaction {tx} completed in {time}ms
32436,2026-01-12,11:31:30,INFO,PaymentGateway,Health check passed: PaymentGateway,E102,Health check passed: {service}
32437,2026-01-12,11:39:25,INFO,WebServer,Transaction tx945881 completed in 1985ms,E104,Transaction {tx} completed in {time}ms
32438,2026-01-12,11:03:43,INFO,WebServer,Transaction tx368358 completed in 1650ms,E104,Transaction {tx} completed in {time}ms
32439,2026-01-12,11:18:22,INFO,OrderProcessor,Health check passed: OrderProcessor,E102,Health check passed: {service}
32440,2026-01-12,11:16:10,WARN,WebServer,High latency (1422ms) detected on WebServer,E201,High latency ({time}ms) detected on {service}
32441,2026-01-12,11:38:58,INFO,AuthService,Transaction tx113726 completed in 1871ms,E104,Transaction {tx} completed in {time}ms
32442,2026-01-12,11:06:22,INFO,WebServer,User u2160 login successful,E101,User {user} login successful
32443,2026-01-12,11:58:24,INFO,OrderProcessor,Health check passed: OrderProcessor,E102,Health check passed: {service}
32444,2026-01-12,11:53:54,INFO,InventoryDB,Health check passed: InventoryDB,E102,Health check passed: {service}
32445,2026-01-12,11:53:19,INFO,WebServer,Page view: /home by u3524,E103,Page view: {page} by {user}
32446,2026-01-12,11:36:40,INFO,WebServer,Health check passed: WebServer,E102,Health check passed: {service}
32447,2026-01-12,11:28:55,WARN,AuthService,Unauthorized access attempt from 10.0.0.45,E401,Unauthorized access attempt from {ip}
32448,2026-01-12,11:03:26,INFO,WebServer,User u2820 login successful,E101,User {user} login successful
32449,2026-01-12,11:06:45,INFO,WebServer,Transaction tx773794 completed in 680ms,E104,Transaction {tx} completed in {time}ms
32450,2026-01-12,11:03:38,INFO,WebServer,Health check passed: WebServer,E102,Health check passed: {service}
32451,2026-01-12,11:03:36,INFO,InventoryDB,Health check passed: InventoryDB,E102,Health check passed: {service}
32452,2026-01-12,11:18:06,INFO,WebServer,Page view: /home by u4380,E103,Page view: {page} by {user}
32453,2026-01-12,11:19:21,INFO,OrderProcessor,Page view: /home by u3694,E103,Page view: {page} by {user}
32454,2026-01-12,11:57:25,INFO,WebServer,Transaction tx799973 completed in 58ms,E104,Transaction {tx} completed in {time}ms
32455,2026-01-12,11:20:54,INFO,WebServer,Page view: /home by u2820,E103,Page view: {page} by {user}
32456,2026-01-12,11:50:14,INFO,WebServer,Health check passed: WebServer,E102,Health check passed: {service}
32457,2026-01-12,11:03:46,INFO,PaymentGateway,Health check passed: PaymentGateway,E102,Health check passed: {service}
32458,2026-01-12,11:10:42,INFO,PaymentGateway,Page view: /home by u1524,E103,Page view: {page} by {user}
32459,2026-01-12,11:17:49,INFO,WebServer,Transaction tx851081 completed in 1220ms,E104,Transaction {tx} completed in {time}ms
32460,2026-01-12,11:30:36,INFO,AuthService,Page view: /home by u1307,E103,Page view: {page} by {user}
32461,2026-01-12,11:55:45,INFO,PaymentGateway,User u3210 login successful,E101,User {user} login successful
32462,2026-01-12,11:54:47,INFO,WebServer,Transaction tx229743 completed in 1735ms,E104,Transaction {tx} completed in {time}ms
32463,2026-01-12,11:36:04,INFO,WebServer,Transaction tx435307 completed in 599ms,E104,Transaction {tx} completed in {time}ms
32464,2026-01-12,11:32:31,INFO,OrderProcessor,User u2462 login successful,E101,User {user} login successful
32465,2026-01-12,11:49:41,INFO,AuthService,Transaction tx245255 completed in 113ms,E104,Transaction {tx} completed in {time}ms
32466,2026-01-12,11:13:59,INFO,WebServer,Health check passed: WebServer,E102,Health check passed: {service}
32467,2026-01-12,11:17:03,INFO,WebServer,Page view: /home by u4619,E103,Page view: {page} by {user}
32468,2026-01-12,11:18:05,INFO,AuthService,Page view: /home by u1892,E103,Page view: {page} by {user}
32469,2026-01-12,11:33:20,INFO,WebServer,Health check passed: WebServer,E102,Health check passed: {service}
32470,2026-01-12,11:26:58,INFO,InventoryDB,User u1261 login successful,E101,User {user} login successful
32471,2026-01-12,11:06:10,INFO,AuthService,User u3226 login successful,E101,User {user} login successful
32472,2026-01-12,11:34:13,INFO,AuthService,User u2838 login successful,E101,User {user} login successful
32473,2026-01-12,11:30:05,INFO,PaymentGateway,User u2673 login successful,E101,User {user} login successful
32474,2026-01-12,11:14:52,INFO,PaymentGateway,Transaction tx301882 completed in 1631ms,E104,Transaction {tx} completed in {time}ms
32475,2026-01-12,11:53:19,WARN,WebServer,Disk usage > 85% on node node-5,E202,Disk usage > 85% on node {node}
32476,2026-01-12,11:46:47,INFO,WebServer,Page view: /home by u1357,E103,Page view: {page} by {user}
32477,2026-01-12,11:30:15,INFO,InventoryDB,Page view: /home by u3448,E103,Page view: {page} by {user}
32478,2026-01-12,11:25:41,INFO,WebServer,Page view: /home by u4112,E103,Page view: {page} by {user}
32479,2026-01-12,11:37:55,ERROR,OrderProcessor,Payment declined: Gateway unavailable,E503,Payment declined: Gateway unavailable
32480,2026-01-12,11:13:16,INFO,WebServer,User u1723 login successful,E101,User {user} login successful
32481,2026-01-12,11:00:56,INFO,PaymentGateway,User u1605 login successful,E101,User {user} login successful
32482,2026-01-12,11:26:26,INFO,WebServer,Health check passed: WebServer,E102,Health check passed: {service}
32483,2026-01-12,11:23:27,INFO,WebServer,Transaction tx455419 completed in 1973ms,E104,Transaction {tx} completed in {time}ms
32484,2026-01-12,11:23:29,INFO,AuthService,Page view: /home by u2034,E103,Page view: {page} by {user}
32485,2026-01-12,11:35:45,INFO,WebServer,Transaction tx410479 completed in 609ms,E104,Transaction {tx} completed in {time}ms
32486,2026-01-12,11:56:14,INFO,OrderProcessor,Transaction tx243123 completed in 1518ms,E104,Transaction {tx} completed in {time}ms
32487,2026-01-12,11:11:36,INFO,WebServer,Page view: /home by u1995,E103,Page view: {page} by {user}
32488,2026-01-12,11:02:26,INFO,WebServer,Transaction tx682474 completed in 965ms,E104,Transaction {tx} completed in {time}ms
32489,2026-01-12,11:47:28,INFO,WebServer,User u1780 login successful,E101,User {user} login successful
32490,2026-01-12,11:38:32,INFO,InventoryDB,User u4669 login successful,E101,User {user} login successful
32491,2026-01-12,11:29:45,INFO,WebServer,Page view: /home by u2442,E103,Page view: {page} by {user}
32492,2026-01-12,11:41:05,INFO,WebServer,Page view: /home by u1833,E103,Page view: {page} by {user}
32493,2026-01-12,11:22:06,INFO,AuthService,Page view: /home by u4653,E103,Page view: {page} by {user}
32494,2026-01-12,11:54:23,INFO,WebServer,Health check passed: WebServer,E102,Health check passed: {service}
32495,2026-01-12,11:47:11,INFO,PaymentGateway,Page view: /home by u2498,E103,Page view: {page} by {user}
32496,2026-01-12,11:24:15,INFO,AuthService,Page view: /home by u1811,E103,Page view: {page} by {user}
32497,2026-01-12,11:37:41,INFO,WebServer,Transaction tx432889 completed in 1839ms,E104,Transaction {tx} completed in {time}ms
32498,2026-01-12,11:56:32,INFO,OrderProcessor,Health check passed: OrderProcessor,E102,Health check passed: {service}
32499,2026-01-12,11:53:55,INFO,WebServer,Health check passed: WebServer,E102,Health check passed: {service}
32500,2026-01-12,11:13:51,WARN,WebServer,Disk usage > 85% on node node-1,E202,Disk usage > 85% on node {node}
32501,2026-01-12,11:48:08,WARN,WebServer,Unauthorized access attempt from 10.0.0.45,E401,Unauthorized access attempt from {ip}
32502,2026-01-12,11:45:25,INFO,WebServer,Page view: /home by u1500,E103,Page view: {page} by {user}
32503,2026-01-12,11:12:43,INFO,OrderProcessor,Transaction tx578422 completed in 1012ms,E104,Transaction {tx} completed in {time}ms
32504,2026-01-12,11:20:19,INFO,InventoryDB,Health check passed: InventoryDB,E102,Health check passed: {service}
32505,2026-01-12,11:02:55,INFO,WebServer,Health check passed: WebServer,E102,Health check passed: {service}
32506,2026-01-12,11:57:05,INFO,WebServer,User u1271 login successful,E101,User {user} login successful
32507,2026-01-12,11:27:56,INFO,WebServer,Page view: /home by u3840,E103,Page view: {page} by {user}
32508,2026-01-12,11:14:47,INFO,OrderProcessor,Page view: /home by u2900,E103,Page view: {page} by {user}
32509,2026-01-12,11:25:15,INFO,AuthService,Health check passed: AuthService,E102,Health check passed: {service}
32510,2026-01-12,11:46:18,INFO,WebServer,Health check passed: WebServer,E102,Health check passed: {service}
32511,2026-01-12,11:14:14,INFO,WebServer,Transaction tx994547 completed in 284ms,E104,Transaction {tx} completed in {time}ms
32512,2026-01-12,11:17:50,INFO,PaymentGateway,Transaction tx701126 completed in 1546ms,E104,Transaction {tx} completed in {time}ms
32513,2026-01-12,11:01:48,INFO,WebServer,Health check passed: WebServer,E102,Health check passed: {service}
32514,2026-01-12,11:50:53,INFO,WebServer,User u1239 login successful,E101,User {user} login successful
32515,2026-01-12,11:51:37,INFO,WebServer,Transaction tx735228 completed in 1409ms,E104,Transaction {tx} completed in {time}ms
32516,2026-01-12,11:31:34,INFO,InventoryDB,Page view: /home by u1823,E103,Page view: {page} by {user}
32517,2026-01-12,11:44:21,WARN,PaymentGateway,Unauthorized access attempt from 10.0.0.45,E401,Unauthorized access attempt from {ip}
32518,2026-01-12,11:32:55,INFO,OrderProcessor,Page view: /home by u1313,E103,Page view: {page} by {user}
32519,2026-01-12,11:28:37,INFO,OrderProcessor,Health check passed: OrderProcessor,E102,Health check passed: {service}
32520,2026-01-12,11:20:56,INFO,OrderProcessor,Health check passed: OrderProcessor,E102,Health check passed: {service}
32521,2026-01-12,11:02:51,INFO,AuthService,Page view: /home by u3013,E103,Page view: {page} by {user}
32522,2026-01-12,11:46:18,WARN,OrderProcessor,High latency (777ms) detected on OrderProcessor,E201,High latency ({time}ms) detected on {service}
32523,2026-01-12,11:48:55,INFO,AuthService,Health check passed: AuthService,E102,Health check passed: {service}
32524,2026-01-12,11:29:44,INFO,InventoryDB,Health check passed: InventoryDB,E102,Health check passed: {service}
32525,2026-01-12,11:27:24,INFO,PaymentGateway,Page view: /home by u1735,E103,Page view: {page} by {user}
32526,2026-01-12,11:14:50,INFO,OrderProcessor,Transaction tx179401 completed in 316ms,E104,Transaction {tx} completed in {time}ms
32527,2026-01-12,11:24:00,INFO,PaymentGateway,Page view: /home by u4891,E103,Page view: {page} by {user}
32528,2026-01-12,11:33:35,INFO,WebServer,User u3367 login successful,E101,User {user} login successful
32529,2026-01-12,11:11:09,INFO,WebServer,Health check passed: WebServer,E102,Health check passed: {service}
32530,2026-01-12,11:27:18,WARN,WebServer,Disk usage > 85% on node node-3,E202,Disk usage > 85% on node {node}
32531,2026-01-12,11:53:40,INFO,AuthService,User u3299 login successful,E101,User {user} login successful
32532,2026-01-12,11:39:32,INFO,WebServer,Health check passed: WebServer,E102,Health check passed: {service}
32533,2026-01-12,11:31:38,INFO,WebServer,User u1398 login successful,E101,User {user} login successful
32534,2026-01-12,11:32:59,INFO,PaymentGateway,Health check passed: PaymentGateway,E102,Health check passed: {service}
32535,2026-01-12,11:11:37,INFO,AuthService,Transaction tx346809 completed in 1318ms,E104,Transaction {tx} completed in {time}ms
32536,2026-01-12,11:35:18,INFO,AuthService,Page view: /home by u2523,E103,Page view: {page} by {user}
32537,2026-01-12,11:03:31,INFO,AuthService,Health check passed: AuthService,E102,Health check passed: {service}
32538,2026-01-12,11:01:06,INFO,AuthService,Page view: /home by u4223,E103,Page view: {page} by {user}
32539,2026-01-12,11:58:57,INFO,OrderProcessor,Page view: /home by u1231,E103,Page view: {page} by {user}
32540,2026-01-12,11:14:18,INFO,WebServer,Transaction tx183664 completed in 667ms,E104,Transaction {tx} completed in {time}ms
32541,2026-01-12,11:00:57,INFO,WebServer,Transaction tx250788 completed in 277ms,E104,Transaction {tx} completed in {time}ms
32542,2026-01-12,11:48:57,INFO,WebServer,Transaction tx754429 completed in 520ms,E104,Transaction {tx} completed in {time}ms
32543,2026-01-12,11:50:08,INFO,OrderProcessor,Health check passed: OrderProcessor,E102,Health check passed: {service}
32544,2026-01-12,11:40:32,INFO,WebServer,User u2898 login successful,E101,User {user} login successful
32545,2026-01-12,11:47:33,INFO,WebServer,Page view: /home by u3477,E103,Page view: {page} by {user}
32546,2026-01-12,11:09:26,INFO,WebServer,Transaction tx819612 completed in 1961ms,E104,Transaction {tx} completed in {time}ms
32547,2026-01-12,11:42:48,INFO,WebServer,Page view: /home by u1343,E103,Page view: {page} by {user}
32548,2026-01-12,11:48:58,INFO,AuthService,Health check passed: AuthService,E102,Health check passed: {service}
32549,2026-01-12,11:55:17,INFO,InventoryDB,Health check passed: InventoryDB,E102,Health check passed: {service}
32550,2026-01-12,11:21:55,INFO,WebServer,User u4123 login successful,E101,User {user} login successful
32551,2026-01-12,11:57:46,INFO,AuthService,Health check passed: AuthService,E102,Health check passed: {service}
32552,2026-01-12,11:53:37,INFO,PaymentGateway,User u3603 login successful,E101,User {user} login successful
32553,2026-01-12,11:38:44,INFO,AuthService,User u4422 login successful,E101,User {user} login successful
32554,2026-01-12,11:09:00,INFO,WebServer,Page view: /home by u1874,E103,Page view: {page} by {user}
32555,2026-01-12,11:54:19,INFO,WebServer,Transaction tx405000 completed in 525ms,E104,Transaction {tx} completed in {time}ms
32556,2026-01-12,11:24:31,CRITICAL,WebServer,DATA CORRUPTION detected in sector 343,E602,DATA CORRUPTION detected in sector {sector}
32557,2026-01-12,11:50:52,WARN,WebServer,Unauthorized access attempt from 10.0.0.45,E401,Unauthorized access attempt from {ip}
32558,2026-01-12,11:40:21,INFO,WebServer,Page view: /home by u1547,E103,Page view: {page} by {user}
32559,2026-01-12,11:39:32,CRITICAL,OrderProcessor,DATA CORRUPTION detected in sector 493,E602,DATA CORRUPTION detected in sector {sector}
32560,2026-01-12,11:58:09,INFO,OrderProcessor,Health check passed: OrderProcessor,E102,Health check passed: {service}
32561,2026-01-12,11:03:35,INFO,WebServer,Health check passed: WebServer,E102,Health check passed: {service}
32562,2026-01-12,11:48:25,INFO,AuthService,Transaction tx485162 completed in 1724ms,E104,Transaction {tx} completed in {time}ms
32563,2026-01-12,11:31:45,INFO,WebServer,Transaction tx649312 completed in 55ms,E104,Transaction {tx} completed in {time}ms
32564,2026-01-12,11:53:40,INFO,AuthService,Health check passed: AuthService,E102,Health check passed: {service}
32565,2026-01-12,11:34:59,INFO,WebServer,Health check passed: WebServer,E102,Health check passed: {service}
32566,2026-01-12,11:22:05,INFO,WebServer,Page view: /home by u1285,E103,Page view: {page} by {user}
32567,2026-01-12,11:02:35,INFO,WebServer,User u4916 login successful,E101,User {user} login successful
32568,2026-01-12,11:39:28,WARN,PaymentGateway,Unauthorized access attempt from 10.0.0.45,E401,Unauthorized access attempt from {ip}
32569,2026-01-12,11:01:23,INFO,InventoryDB,User u4850 login successful,E101,User {user} login successful
32570,2026-01-12,11:23:38,INFO,WebServer,Transaction tx333888 completed in 872ms,E104,Transaction {tx} completed in {time}ms
32571,2026-01-12,11:45:59,INFO,AuthService,Transaction tx856552 completed in 324ms,E104,Transaction {tx} completed in {time}ms
32572,2026-01-12,11:42:50,INFO,OrderProcessor,Transaction tx463874 completed in 751ms,E104,Transaction {tx} completed in {time}ms
32573,2026-01-12,11:19:22,INFO,WebServer,Health check passed: WebServer,E102,Health check passed: {service}
32574,2026-01-12,11:57:22,INFO,WebServer,Page view: /home by u1860,E103,Page view: {page} by {user}
32575,2026-01-12,11:00:19,INFO,WebServer,Transaction tx598404 completed in 536ms,E104,Transaction {tx} completed in {time}ms
32576,2026-01-12,11:57:36,WARN,AuthService,Disk usage > 85% on node node-3,E202,Disk usage > 85% on node {node}
32577,2026-01-12,11:55:43,INFO,WebServer,User u4209 login successful,E101,User {user} login successful
32578,2026-01-12,11:41:23,INFO,OrderProcessor,Health check passed: OrderProcessor,E102,Health check passed: {service}
32579,2026-01-12,11:55:18,INFO,OrderProcessor,Page view: /home by u2949,E103,Page view: {page} by {user}
32580,2026-01-12,11:01:16,INFO,WebServer,Page view: /home by u2096,E103,Page view: {page} by {user}
32581,2026-01-12,11:47:03,INFO,WebServer,Health check passed: WebServer,E102,Health check passed: {service}
32582,2026-01-12,11:58:12,INFO,AuthService,User u4267 login successful,E101,User {user} login successful
32583,2026-01-12,11:33:34,INFO,WebServer,Transaction tx969836 completed in 32ms,E104,Transaction {tx} completed in {time}ms
32584,2026-01-12,11:03:28,INFO,WebServer,User u2883 login successful,E101,User {user} login successful
32585,2026-01-12,11:20:29,INFO,OrderProcessor,Transaction tx659196 completed in 395ms,E104,Transaction {tx} completed in {time}ms
32586,2026-01-12,11:18:59,INFO,AuthService,Page view: /home by u4794,E103,Page view: {page} by {user}
32587,2026-01-12,11:18:17,INFO,WebServer,Page view: /home by u4608,E103,Page view: {page} by {user}
32588,2026-01-12,11:17:08,INFO,WebServer,Page view: /home by u2405,E103,Page view: {page} by {user}
32589,2026-01-12,11:45:50,INFO,WebServer,Health check passed: WebServer,E102,Health check passed: {service}
32590,2026-01-12,11:45:36,INFO,WebServer,Page view: /home by u2516,E103,Page view: {page} by {user}
32591,2026-01-12,11:23:13,INFO,AuthService,Page view: /home by u4688,E103,Page view: {page} by {user}
32592,2026-01-12,11:35:20,INFO,WebServer,Transaction tx394198 completed in 880ms,E104,Transaction {tx} completed in {time}ms
32593,2026-01-12,11:08:33,INFO,AuthService,Health check passed: AuthService,E102,Health check passed: {service}
32594,2026-01-12,11:59:09,INFO,PaymentGateway,User u3886 login successful,E101,User {user} login successful
32595,2026-01-12,11:17:39,INFO,WebServer,Health check passed: WebServer,E102,Health check passed: {service}
32596,2026-01-12,11:41:44,INFO,WebServer,Transaction tx891299 completed in 1047ms,E104,Transaction {tx} completed in {time}ms
32597,2026-01-12,11:08:01,INFO,WebServer,User u2034 login successful,E101,User {user} login successful
32598,2026-01-12,11:54:03,INFO,WebServer,Health check passed: WebServer,E102,Health check passed: {service}
32599,2026-01-12,11:02:41,INFO,WebServer,User u2521 login successful,E101,User {user} login successful
32600,2026-01-12,11:45:56,INFO,OrderProcessor,User u2075 login successful,E101,User {user} login successful
32601,2026-01-12,11:27:55,INFO,WebServer,Health check passed: WebServer,E102,Health check passed: {service}
32602,2026-01-12,11:59:54,INFO,AuthService,Transaction tx474607 completed in 657ms,E104,Transaction {tx} completed in {time}ms
32603,2026-01-12,11:28:45,ERROR,WebServer,Connection refused to WebServer at 10.0.0.45,E501,Connection refused to {service} at {ip}
32604,2026-01-12,11:41:26,INFO,WebServer,Transaction tx766301 completed in 614ms,E104,Transaction {tx} completed in {time}ms
32605,2026-01-12,11:29:46,INFO,InventoryDB,Transaction tx396304 completed in 189ms,E104,Transaction {tx} completed in {time}ms
32606,2026-01-12,11:09:32,INFO,OrderProcessor,User u4317 login successful,E101,User {user} login successful
32607,2026-01-12,11:34:31,CRITICAL,AuthService,KERNEL PANIC: Node node-4 crashed,E601,KERNEL PANIC: Node {node} crashed
32608,2026-01-12,11:16:37,WARN,WebServer,Unauthorized access attempt from 10.0.0.45,E401,Unauthorized access attempt from {ip}
32609,2026-01-12,11:55:36,INFO,WebServer,Health check passed: WebServer,E102,Health check passed: {service}
32610,2026-01-12,11:30:51,INFO,WebServer,User u1704 login successful,E101,User {user} login successful
32611,2026-01-12,11:29:33,INFO,OrderProcessor,User u2790 login successful,E101,User {user} login successful
32612,2026-01-12,11:39:33,INFO,WebServer,Transaction tx881869 completed in 196ms,E104,Transaction {tx} completed in {time}ms
32613,2026-01-12,11:05:20,INFO,WebServer,User u4883 login successful,E101,User {user} login successful
32614,2026-01-12,11:58:13,INFO,OrderProcessor,Page view: /home by u1223,E103,Page view: {page} by {user}
32615,2026-01-12,11:56:10,INFO,WebServer,Page view: /home by u3412,E103,Page view: {page} by {user}
32616,2026-01-12,11:56:10,INFO,PaymentGateway,Health check passed: PaymentGateway,E102,Health check passed: {service}
32617,2026-01-12,11:43:23,INFO,PaymentGateway,Health check passed: PaymentGateway,E102,Health check passed: {service}
32618,2026-01-12,11:10:56,INFO,OrderProcessor,Page view: /home by u3230,E103,Page view: {page} by {user}
32619,2026-01-12,11:54:55,INFO,WebServer,Health check passed: WebServer,E102,Health check passed: {service}
32620,2026-01-12,11:08:16,INFO,WebServer,Page view: /home by u4077,E103,Page view: {page} by {user}
32621,2026-01-12,11:30:36,INFO,PaymentGateway,User u4426 login successful,E101,User {user} login successful
32622,2026-01-12,11:35:39,INFO,OrderProcessor,Page view: /home by u3391,E103,Page view: {page} by {user}
32623,2026-01-12,11:30:54,INFO,WebServer,Page view: /home by u2097,E103,Page view: {page} by {user}
32624,2026-01-12,11:32:48,INFO,AuthService,Page view: /home by u2007,E103,Page view: {page} by {user}
32625,2026-01-12,11:30:46,INFO,AuthService,Health check passed: AuthService,E102,Health check passed: {service}
32626,2026-01-12,11:03:34,INFO,WebServer,User u2539 login successful,E101,User {user} login successful
32627,2026-01-12,11:31:15,INFO,OrderProcessor,Page view: /home by u2518,E103,Page view: {page} by {user}
32628,2026-01-12,11:42:59,INFO,PaymentGateway,Page view: /home by u1419,E103,Page view: {page} by {user}
32629,2026-01-12,11:08:49,INFO,WebServer,Page view: /home by u4698,E103,Page view: {page} by {user}
32630,2026-01-12,11:43:29,WARN,WebServer,High latency (1837ms) detected on WebServer,E201,High latency ({time}ms) detected on {service}
32631,2026-01-12,11:46:05,INFO,AuthService,Health check passed: AuthService,E102,Health check passed: {service}
32632,2026-01-12,11:27:25,INFO,PaymentGateway,Page view: /home by u4526,E103,Page view: {page} by {user}
32633,2026-01-12,11:00:25,WARN,InventoryDB,Unauthorized access attempt from 10.0.0.12,E401,Unauthorized access attempt from {ip}
32634,2026-01-12,11:39:49,INFO,WebServer,Health check passed: WebServer,E102,Health check passed: {service}
32635,2026-01-12,11:09:03,INFO,AuthService,Page view: /home by u3696,E103,Page view: {page} by {user}
32636,2026-01-12,11:51:19,INFO,OrderProcessor,Page view: /home by u1114,E103,Page view: {page} by {user}
32637,2026-01-12,11:55:49,INFO,AuthService,User u4327 login successful,E101,User {user} login successful
32638,2026-01-12,11:51:29,INFO,WebServer,Page view: /home by u3022,E103,Page view: {page} by {user}
32639,2026-01-12,11:02:39,INFO,OrderProcessor,Health check passed: OrderProcessor,E102,Health check passed: {service}
32640,2026-01-12,11:27:28,INFO,WebServer,Health check passed: WebServer,E102,Health check passed: {service}
32641,2026-01-12,11:12:06,INFO,WebServer,User u1747 login successful,E101,User {user} login successful
32642,2026-01-12,11:38:00,INFO,WebServer,Page view: /home by u4522,E103,Page view: {page} by {user}
32643,2026-01-12,11:51:06,INFO,AuthService,Health check passed: AuthService,E102,Health check passed: {service}
32644,2026-01-12,11:24:07,INFO,AuthService,Page view: /home by u3564,E103,Page view: {page} by {user}
32645,2026-01-12,11:54:38,INFO,AuthService,Page view: /home by u4836,E103,Page view: {page} by {user}
32646,2026-01-12,11:18:58,INFO,WebServer,Page view: /home by u1779,E103,Page view: {page} by {user}
32647,2026-01-12,11:56:29,INFO,PaymentGateway,Health check passed: PaymentGateway,E102,Health check passed: {service}
32648,2026-01-12,11:51:13,INFO,WebServer,Transaction tx820995 completed in 1479ms,E104,Transaction {tx} completed in {time}ms
32649,2026-01-12,11:46:47,INFO,WebServer,Health check passed: WebServer,E102,Health check passed: {service}
32650,2026-01-12,11:40:37,INFO,AuthService,User u2983 login successful,E101,User {user} login successful
32651,2026-01-12,11:10:38,INFO,WebServer,User u2972 login successful,E101,User {user} login successful
32652,2026-01-12,11:21:03,INFO,PaymentGateway,Page view: /home by u4486,E103,Page view: {page} by {user}
32653,2026-01-12,11:32:16,INFO,WebServer,Health check passed: WebServer,E102,Health check passed: {service}
32654,2026-01-12,11:55:39,INFO,AuthService,User u1094 login successful,E101,User {user} login successful
32655,2026-01-12,11:39:41,INFO,WebServer,Health check passed: WebServer,E102,Health check passed: {service}
32656,2026-01-12,11:17:01,INFO,OrderProcessor,User u2027 login successful,E101,User {user} login successful
32657,2026-01-12,11:46:49,INFO,OrderProcessor,Health check passed: OrderProcessor,E102,Health check passed: {service}
32658,2026-01-12,11:02:49,INFO,WebServer,Transaction tx781614 completed in 1737ms,E104,Transaction {tx} completed in {time}ms
32659,2026-01-12,11:02:15,INFO,AuthService,User u2178 login successful,E101,User {user} login successful
32660,2026-01-12,11:51:18,INFO,WebServer,Page view: /home by u2972,E103,Page view: {page} by {user}
32661,2026-01-12,11:41:41,INFO,PaymentGateway,User u4519 login successful,E101,User {user} login successful
32662,2026-01-12,11:18:53,INFO,WebServer,User u2590 login successful,E101,User {user} login successful
32663,2026-01-12,11:40:27,INFO,WebServer,Transaction tx800272 completed in 1929ms,E104,Transaction {tx} completed in {time}ms
32664,2026-01-12,11:58:04,WARN,OrderProcessor,Unauthorized access attempt from 10.0.0.45,E401,Unauthorized access attempt from {ip}
32665,2026-01-12,11:31:08,INFO,WebServer,Page view: /home by u3323,E103,Page view: {page} by {user}
32666,2026-01-12,11:47:13,INFO,WebServer,Health check passed: WebServer,E102,Health check passed: {service}
32667,2026-01-12,11:57:31,INFO,AuthService,Transaction tx850385 completed in 461ms,E104,Transaction {tx} completed in {time}ms
32668,2026-01-12,11:11:29,INFO,AuthService,Page view: /home by u1014,E103,Page view: {page} by {user}
32669,2026-01-12,11:28:40,INFO,PaymentGateway,Page view: /home by u3721,E103,Page view: {page} by {user}
32670,2026-01-12,11:29:14,INFO,OrderProcessor,Page view: /home by u3303,E103,Page view: {page} by {user}
32671,2026-01-12,11:56:46,INFO,AuthService,Page view: /home by u1526,E103,Page view: {page} by {user}
32672,2026-01-12,11:01:36,INFO,WebServer,Page view: /home by u2228,E103,Page view: {page} by {user}
32673,2026-01-12,11:20:13,INFO,OrderProcessor,Page view: /home by u2380,E103,Page view: {page} by {user}
32674,2026-01-12,11:08:00,INFO,WebServer,Transaction tx422227 completed in 1676ms,E104,Transaction {tx} completed in {time}ms
32675,2026-01-12,11:56:05,INFO,WebServer,User u2501 login successful,E101,User {user} login successful
32676,2026-01-12,11:49:07,INFO,WebServer,Transaction tx423256 completed in 1139ms,E104,Transaction {tx} completed in {time}ms
32677,2026-01-12,11:35:22,INFO,AuthService,Transaction tx810830 completed in 1422ms,E104,Transaction {tx} completed in {time}ms
32678,2026-01-12,11:04:55,INFO,WebServer,Page view: /home by u1682,E103,Page view: {page} by {user}
32679,2026-01-12,11:52:04,INFO,WebServer,Transaction tx691850 completed in 153ms,E104,Transaction {tx} completed in {time}ms
32680,2026-01-12,11:36:07,INFO,OrderProcessor,Page view: /home by u2791,E103,Page view: {page} by {user}
32681,2026-01-12,11:35:58,INFO,WebServer,Health check passed: WebServer,E102,Health check passed: {service}
32682,2026-01-12,11:03:37,INFO,WebServer,Health check passed: WebServer,E102,Health check passed: {service}
32683,2026-01-12,11:28:22,INFO,OrderProcessor,Page view: /home by u3927,E103,Page view: {page} by {user}
32684,2026-01-12,11:06:29,INFO,WebServer,Transaction tx932958 completed in 334ms,E104,Transaction {tx} completed in {time}ms
32685,2026-01-12,11:04:22,INFO,WebServer,User u4277 login successful,E101,User {user} login successful
32686,2026-01-12,11:51:24,INFO,InventoryDB,Page view: /home by u2015,E103,Page view: {page} by {user}
32687,2026-01-12,11:35:55,INFO,WebServer,Page view: /home by u1511,E103,Page view: {page} by {user}
32688,2026-01-12,11:45:10,WARN,InventoryDB,Disk usage > 85% on node node-5,E202,Disk usage > 85% on node {node}
32689,2026-01-12,11:01:48,INFO,PaymentGateway,Page view: /home by u2608,E103,Page view: {page} by {user}
32690,2026-01-12,11:55:20,INFO,OrderProcessor,Health check passed: OrderProcessor,E102,Health check passed: {service}
32691,2026-01-12,11:04:00,INFO,WebServer,Page view: /home by u1874,E103,Page view: {page} by {user}
32692,2026-01-12,11:53:35,INFO,WebServer,Page view: /home by u3035,E103,Page view: {page} by {user}
32693,2026-01-12,11:50:16,INFO,WebServer,User u2149 login successful,E101,User {user} login successful
32694,2026-01-12,11:35:10,INFO,WebServer,Page view: /home by u1577,E103,Page view: {page} by {user}
32695,2026-01-12,11:46:25,INFO,WebServer,User u2960 login successful,E101,User {user} login successful
32696,2026-01-12,11:26:15,INFO,OrderProcessor,Health check passed: OrderProcessor,E102,Health check passed: {service}
32697,2026-01-12,11:41:25,INFO,WebServer,Transaction tx489911 completed in 1304ms,E104,Transaction {tx} completed in {time}ms
32698,2026-01-12,11:26:40,INFO,AuthService,Transaction tx935230 completed in 705ms,E104,Transaction {tx} completed in {time}ms
32699,2026-01-12,11:49:52,INFO,WebServer,Transaction tx883877 completed in 190ms,E104,Transaction {tx} completed in {time}ms
32700,2026-01-12,11:23:41,INFO,WebServer,User u3062 login successful,E101,User {user} login successful
32701,2026-01-12,11:10:57,INFO,OrderProcessor,Page view: /home by u1013,E103,Page view: {page} by {user}
32702,2026-01-12,11:24:00,INFO,WebServer,Health check passed: WebServer,E102,Health check passed: {service}
32703,2026-01-12,11:37:48,INFO,InventoryDB,Health check passed: InventoryDB,E102,Health check passed: {service}
32704,2026-01-12,11:39:51,INFO,OrderProcessor,Page view: /home by u3312,E103,Page view: {page} by {user}
32705,2026-01-12,11:49:46,INFO,OrderProcessor,User u2767 login successful,E101,User {user} login successful
32706,2026-01-12,11:33:34,INFO,AuthService,Transaction tx309255 completed in 942ms,E104,Transaction {tx} completed in {time}ms
32707,2026-01-12,11:03:47,INFO,WebServer,Health check passed: WebServer,E102,Health check passed: {service}
32708,2026-01-12,11:41:46,INFO,WebServer,User u1025 login successful,E101,User {user} login successful
32709,2026-01-12,11:13:17,INFO,AuthService,User u3254 login successful,E101,User {user} login successful
32710,2026-01-12,11:06:13,INFO,WebServer,Transaction tx507852 completed in 675ms,E104,Transaction {tx} completed in {time}ms
32711,2026-01-12,11:23:58,INFO,WebServer,Page view: /home by u3226,E103,Page view: {page} by {user}
32712,2026-01-12,11:19:56,INFO,WebServer,User u3326 login successful,E101,User {user} login successful
32713,2026-01-12,11:21:56,INFO,OrderProcessor,User u3089 login successful,E101,User {user} login successful
32714,2026-01-12,11:01:16,INFO,AuthService,Transaction tx700810 completed in 146ms,E104,Transaction {tx} completed in {time}ms
32715,2026-01-12,11:23:19,ERROR,WebServer,Timeout waiting for lock on InventoryDB,E502,Timeout waiting for lock on {db}
32716,2026-01-12,11:13:53,INFO,PaymentGateway,Health check passed: PaymentGateway,E102,Health check passed: {service}
32717,2026-01-12,11:15:46,INFO,AuthService,User u3476 login successful,E101,User {user} login successful
32718,2026-01-12,11:00:40,INFO,WebServer,Page view: /home by u1160,E103,Page view: {page} by {user}
32719,2026-01-12,11:59:22,INFO,WebServer,User u4391 login successful,E101,User {user} login successful
32720,2026-01-12,11:51:16,INFO,OrderProcessor,Health check passed: OrderProcessor,E102,Health check passed: {service}
32721,2026-01-12,11:15:44,INFO,AuthService,Page view: /home by u4325,E103,Page view: {page} by {user}
32722,2026-01-12,11:17:47,INFO,WebServer,Transaction tx798243 completed in 460ms,E104,Transaction {tx} completed in {time}ms
32723,2026-01-12,11:11:12,INFO,PaymentGateway,User u3669 login successful,E101,User {user} login successful
32724,2026-01-12,11:49:42,INFO,AuthService,Page view: /home by u2433,E103,Page view: {page} by {user}
32725,2026-01-12,11:33:38,INFO,WebServer,User u4026 login successful,E101,User {user} login successful
32726,2026-01-12,11:02:27,INFO,WebServer,Health check passed: WebServer,E102,Health check passed: {service}
32727,2026-01-12,11:22:27,INFO,PaymentGateway,Page view: /home by u3257,E103,Page view: {page} by {user}
32728,2026-01-12,11:13:57,INFO,OrderProcessor,Health check passed: OrderProcessor,E102,Health check passed: {service}
32729,2026-01-12,11:30:06,WARN,WebServer,High latency (977ms) detected on WebServer,E201,High latency ({time}ms) detected on {service}
32730,2026-01-12,11:12:39,INFO,OrderProcessor,Health check passed: OrderProcessor,E102,Health check passed: {service}
32731,2026-01-12,11:19:05,INFO,WebServer,Health check passed: WebServer,E102,Health check passed: {service}
32732,2026-01-12,11:50:08,INFO,WebServer,Page view: /home by u4344,E103,Page view: {page} by {user}
32733,2026-01-12,11:54:55,INFO,WebServer,Health check passed: WebServer,E102,Health check passed: {service}
32734,2026-01-12,11:27:07,INFO,WebServer,User u3455 login successful,E101,User {user} login successful
32735,2026-01-12,11:59:02,INFO,AuthService,Page view: /home by u4707,E103,Page view: {page} by {user}
32736,2026-01-12,11:37:46,INFO,WebServer,Transaction tx172914 completed in 697ms,E104,Transaction {tx} completed in {time}ms
32737,2026-01-12,11:05:13,INFO,AuthService,Page view: /home by u4933,E103,Page view: {page} by {user}
32738,2026-01-12,11:05:25,INFO,WebServer,Health check passed: WebServer,E102,Health check passed: {service}
32739,2026-01-12,11:29:24,INFO,InventoryDB,Page view: /home by u2961,E103,Page view: {page} by {user}
32740,2026-01-12,11:11:42,INFO,WebServer,Transaction tx543148 completed in 1133ms,E104,Transaction {tx} completed in {time}ms
32741,2026-01-12,11:19:16,WARN,InventoryDB,High latency (276ms) detected on InventoryDB,E201,High latency ({time}ms) detected on {service}
32742,2026-01-12,11:14:28,INFO,WebServer,Health check passed: WebServer,E102,Health check passed: {service}
32743,2026-01-12,11:21:29,INFO,WebServer,User u2073 login successful,E101,User {user} login successful
32744,2026-01-12,11:43:45,INFO,PaymentGateway,Health check passed: PaymentGateway,E102,Health check passed: {service}
32745,2026-01-12,11:22:26,INFO,WebServer,User u4767 login successful,E101,User {user} login successful
32746,2026-01-12,11:13:19,INFO,PaymentGateway,Transaction tx279375 completed in 93ms,E104,Transaction {tx} completed in {time}ms
32747,2026-01-12,11:44:48,INFO,OrderProcessor,Page view: /home by u2883,E103,Page view: {page} by {user}
32748,2026-01-12,11:20:02,INFO,WebServer,Transaction tx771054 completed in 783ms,E104,Transaction {tx} completed in {time}ms
32749,2026-01-12,11:00:59,ERROR,WebServer,Timeout waiting for lock on InventoryDB,E502,Timeout waiting for lock on {db}
32750,2026-01-12,11:12:36,INFO,WebServer,User u2231 login successful,E101,User {user} login successful
32751,2026-01-12,11:07:01,INFO,PaymentGateway,Transaction tx452451 completed in 606ms,E104,Transaction {tx} completed in {time}ms
32752,2026-01-12,11:16:21,INFO,WebServer,User u1823 login successful,E101,User {user} login successful
32753,2026-01-12,11:59:17,INFO,AuthService,Health check passed: AuthService,E102,Health check passed: {service}
32754,2026-01-12,11:19:12,INFO,WebServer,Health check passed: WebServer,E102,Health check passed: {service}
32755,2026-01-12,11:33:03,INFO,PaymentGateway,Transaction tx477962 completed in 243ms,E104,Transaction {tx} completed in {time}ms
32756,2026-01-12,11:01:31,INFO,WebServer,Transaction tx323404 completed in 1654ms,E104,Transaction {tx} completed in {time}ms
32757,2026-01-12,11:05:54,INFO,WebServer,Health check passed: WebServer,E102,Health check passed: {service}
32758,2026-01-12,11:37:12,INFO,AuthService,Health check passed: AuthService,E102,Health check passed: {service}
32759,2026-01-12,11:42:39,INFO,WebServer,Transaction tx864958 completed in 314ms,E104,Transaction {tx} completed in {time}ms
32760,2026-01-12,11:26:40,INFO,InventoryDB,Page view: /home by u4473,E103,Page view: {page} by {user}
32761,2026-01-12,11:29:08,INFO,PaymentGateway,Transaction tx575552 completed in 1710ms,E104,Transaction {tx} completed in {time}ms
32762,2026-01-12,11:43:07,INFO,OrderProcessor,Page view: /home by u2497,E103,Page view: {page} by {user}
32763,2026-01-12,11:35:38,INFO,AuthService,Health check passed: AuthService,E102,Health check passed: {service}
32764,2026-01-12,11:28:35,INFO,WebServer,User u3856 login successful,E101,User {user} login successful
32765,2026-01-12,11:33:46,INFO,WebServer,Health check passed: WebServer,E102,Health check passed: {service}
32766,2026-01-12,11:42:24,CRITICAL,WebServer,KERNEL PANIC: Node node-3 crashed,E601,KERNEL PANIC: Node {node} crashed
32767,2026-01-12,11:25:00,INFO,WebServer,User u3898 login successful,E101,User {user} login successful
32768,2026-01-12,11:38:21,INFO,WebServer,Page view: /home by u2569,E103,Page view: {page} by {user}
32769,2026-01-12,11:23:22,INFO,AuthService,Transaction tx635959 completed in 922ms,E104,Transaction {tx} completed in {time}ms
32770,2026-01-12,11:24:59,INFO,WebServer,User u2032 login successful,E101,User {user} login successful
32771,2026-01-12,11:37:21,INFO,AuthService,Health check passed: AuthService,E102,Health check passed: {service}
32772,2026-01-12,11:59:25,INFO,OrderProcessor,Health check passed: OrderProcessor,E102,Health check passed: {service}
32773,2026-01-12,11:06:35,INFO,WebServer,User u2579 login successful,E101,User {user} login successful
32774,2026-01-12,11:37:27,INFO,WebServer,Page view: /home by u2094,E103,Page view: {page} by {user}
32775,2026-01-12,11:26:30,INFO,PaymentGateway,Transaction tx592117 completed in 1682ms,E104,Transaction {tx} completed in {time}ms
32776,2026-01-12,11:42:47,INFO,AuthService,Health check passed: AuthService,E102,Health check passed: {service}
32777,2026-01-12,11:09:21,INFO,WebServer,User u1065 login successful,E101,User {user} login successful
32778,2026-01-12,11:55:01,WARN,WebServer,Unauthorized access attempt from 10.0.0.12,E401,Unauthorized access attempt from {ip}
32779,2026-01-12,11:41:40,INFO,AuthService,Transaction tx633655 completed in 1475ms,E104,Transaction {tx} completed in {time}ms
32780,2026-01-12,11:25:52,INFO,InventoryDB,Transaction tx541041 completed in 1885ms,E104,Transaction {tx} completed in {time}ms
32781,2026-01-12,11:07:58,INFO,OrderProcessor,Transaction tx797501 completed in 889ms,E104,Transaction {tx} completed in {time}ms
32782,2026-01-12,11:51:18,INFO,WebServer,User u2064 login successful,E101,User {user} login successful
32783,2026-01-12,11:32:25,INFO,WebServer,Health check passed: WebServer,E102,Health check passed: {service}
32784,2026-01-12,11:23:16,INFO,WebServer,User u2459 login successful,E101,User {user} login successful
32785,2026-01-12,11:47:57,INFO,WebServer,Transaction tx214276 completed in 1276ms,E104,Transaction {tx} completed in {time}ms
32786,2026-01-12,11:03:48,INFO,PaymentGateway,Transaction tx596908 completed in 1723ms,E104,Transaction {tx} completed in {time}ms
32787,2026-01-12,11:37:41,ERROR,OrderProcessor,Connection refused to OrderProcessor at 10.0.0.12,E501,Connection refused to {service} at {ip}
32788,2026-01-12,11:01:50,INFO,WebServer,Page view: /home by u4447,E103,Page view: {page} by {user}
32789,2026-01-12,11:07:49,INFO,WebServer,User u1135 login successful,E101,User {user} login successful
32790,2026-01-12,11:06:47,INFO,WebServer,Page view: /home by u4405,E103,Page view: {page} by {user}
32791,2026-01-12,11:32:38,INFO,OrderProcessor,User u1219 login successful,E101,User {user} login successful
32792,2026-01-12,11:36:37,INFO,WebServer,Page view: /home by u3672,E103,Page view: {page} by {user}
32793,2026-01-12,11:21:27,INFO,WebServer,Transaction tx564978 completed in 905ms,E104,Transaction {tx} completed in {time}ms
32794,2026-01-12,11:56:12,INFO,WebServer,Page view: /home by u4277,E103,Page view: {page} by {user}
32795,2026-01-12,11:38:28,ERROR,PaymentGateway,Payment declined: Gateway unavailable,E503,Payment declined: Gateway unavailable
32796,2026-01-12,11:06:57,INFO,WebServer,User u3462 login successful,E101,User {user} login successful
32797,2026-01-12,11:53:45,INFO,WebServer,User u3599 login successful,E101,User {user} login successful
32798,2026-01-12,11:26:52,INFO,WebServer,Health check passed: WebServer,E102,Health check passed: {service}
32799,2026-01-12,11:25:08,INFO,AuthService,Health check passed: AuthService,E102,Health check passed: {service}
32800,2026-01-12,11:38:32,INFO,AuthService,Page view: /home by u4212,E103,Page view: {page} by {user}
32801,2026-01-12,11:46:52,INFO,WebServer,Page view: /home by u2030,E103,Page view: {page} by {user}
32802,2026-01-12,11:20:58,INFO,OrderProcessor,User u4680 login successful,E101,User {user} login successful
32803,2026-01-12,11:24:43,INFO,InventoryDB,Transaction tx736230 completed in 307ms,E104,Transaction {tx} completed in {time}ms
32804,2026-01-12,11:40:17,INFO,WebServer,User u1312 login successful,E101,User {user} login successful
32805,2026-01-12,11:22:45,INFO,OrderProcessor,Transaction tx483455 completed in 930ms,E104,Transaction {tx} completed in {time}ms
32806,2026-01-12,11:58:26,INFO,AuthService,Health check passed: AuthService,E102,Health check passed: {service}
32807,2026-01-12,11:09:52,INFO,WebServer,Health check passed: WebServer,E102,Health check passed: {service}
32808,2026-01-12,11:15:58,INFO,OrderProcessor,User u2213 login successful,E101,User {user} login successful
32809,2026-01-12,11:49:04,INFO,WebServer,User u2048 login successful,E101,User {user} login successful
32810,2026-01-12,11:20:40,INFO,InventoryDB,User u3111 login successful,E101,User {user} login successful
32811,2026-01-12,11:04:26,WARN,AuthService,High latency (1773ms) detected on AuthService,E201,High latency ({time}ms) detected on {service}
32812,2026-01-12,11:29:59,INFO,PaymentGateway,User u1640 login successful,E101,User {user} login successful
32813,2026-01-12,11:27:46,INFO,OrderProcessor,Page view: /home by u1774,E103,Page view: {page} by {user}
32814,2026-01-12,11:08:35,INFO,AuthService,User u3337 login successful,E101,User {user} login successful
32815,2026-01-12,11:09:19,INFO,PaymentGateway,Transaction tx790182 completed in 1275ms,E104,Transaction {tx} completed in {time}ms
32816,2026-01-12,11:48:25,INFO,PaymentGateway,Page view: /home by u4929,E103,Page view: {page} by {user}
32817,2026-01-12,11:28:50,INFO,WebServer,Health check passed: WebServer,E102,Health check passed: {service}
32818,2026-01-12,11:31:15,INFO,AuthService,Health check passed: AuthService,E102,Health check passed: {service}
32819,2026-01-12,11:26:05,INFO,AuthService,Transaction tx594283 completed in 343ms,E104,Transaction {tx} completed in {time}ms
32820,2026-01-12,11:08:28,INFO,WebServer,Page view: /home by u3270,E103,Page view: {page} by {user}
32821,2026-01-12,11:05:19,INFO,WebServer,Page view: /home by u1769,E103,Page view: {page} by {user}
32822,2026-01-12,11:14:38,INFO,InventoryDB,User u4622 login successful,E101,User {user} login successful
32823,2026-01-12,11:41:53,INFO,OrderProcessor,User u2182 login successful,E101,User {user} login successful
32824,2026-01-12,11:01:08,INFO,AuthService,Page view: /home by u4349,E103,Page view: {page} by {user}
32825,2026-01-12,11:51:55,INFO,AuthService,Transaction tx588689 completed in 1324ms,E104,Transaction {tx} completed in {time}ms
32826,2026-01-12,11:34:38,INFO,AuthService,Page view: /home by u2904,E103,Page view: {page} by {user}
32827,2026-01-12,11:31:37,INFO,AuthService,Page view: /home by u3114,E103,Page view: {page} by {user}
32828,2026-01-12,11:32:39,INFO,WebServer,Page view: /home by u1833,E103,Page view: {page} by {user}
32829,2026-01-12,11:19:14,INFO,OrderProcessor,Transaction tx477581 completed in 1243ms,E104,Transaction {tx} completed in {time}ms
32830,2026-01-12,11:06:37,INFO,AuthService,Page view: /home by u4276,E103,Page view: {page} by {user}
32831,2026-01-12,11:46:06,INFO,WebServer,Health check passed: WebServer,E102,Health check passed: {service}
32832,2026-01-12,11:10:01,INFO,AuthService,Health check passed: AuthService,E102,Health check passed: {service}
32833,2026-01-12,11:31:07,INFO,PaymentGateway,User u4760 login successful,E101,User {user} login successful
32834,2026-01-12,11:13:04,INFO,InventoryDB,Health check passed: InventoryDB,E102,Health check passed: {service}
32835,2026-01-12,11:26:55,INFO,WebServer,Transaction tx447974 completed in 904ms,E104,Transaction {tx} completed in {time}ms
32836,2026-01-12,11:29:20,INFO,AuthService,Health check passed: AuthService,E102,Health check passed: {service}
32837,2026-01-12,11:10:01,INFO,WebServer,User u3634 login successful,E101,User {user} login successful
32838,2026-01-12,11:26:56,INFO,WebServer,Transaction tx592620 completed in 1306ms,E104,Transaction {tx} completed in {time}ms
32839,2026-01-12,11:24:31,INFO,WebServer,Health check passed: WebServer,E102,Health check passed: {service}
32840,2026-01-12,11:12:58,INFO,WebServer,Transaction tx385022 completed in 297ms,E104,Transaction {tx} completed in {time}ms
32841,2026-01-12,11:06:01,WARN,WebServer,Disk usage > 85% on node node-4,E202,Disk usage > 85% on node {node}
32842,2026-01-12,11:50:55,CRITICAL,WebServer,DATA CORRUPTION detected in sector 361,E602,DATA CORRUPTION detected in sector {sector}
32843,2026-01-12,11:26:46,INFO,WebServer,Transaction tx699458 completed in 520ms,E104,Transaction {tx} completed in {time}ms
32844,2026-01-12,11:34:35,INFO,WebServer,Transaction tx994057 completed in 1688ms,E104,Transaction {tx} completed in {time}ms
32845,2026-01-12,11:05:20,INFO,WebServer,Transaction tx662470 completed in 982ms,E104,Transaction {tx} completed in {time}ms
32846,2026-01-12,11:08:47,WARN,WebServer,Unauthorized access attempt from 10.0.0.45,E401,Unauthorized access attempt from {ip}
32847,2026-01-12,11:25:09,INFO,OrderProcessor,Transaction tx165291 completed in 881ms,E104,Transaction {tx} completed in {time}ms
32848,2026-01-12,11:54:22,INFO,WebServer,Page view: /home by u2717,E103,Page view: {page} by {user}
32849,2026-01-12,11:08:48,INFO,OrderProcessor,Transaction tx681277 completed in 297ms,E104,Transaction {tx} completed in {time}ms
32850,2026-01-12,11:32:28,INFO,WebServer,User u1492 login successful,E101,User {user} login successful
32851,2026-01-12,11:09:43,INFO,WebServer,Page view: /home by u1318,E103,Page view: {page} by {user}
32852,2026-01-12,11:55:46,INFO,WebServer,Transaction tx818357 completed in 939ms,E104,Transaction {tx} completed in {time}ms
32853,2026-01-12,11:59:59,INFO,WebServer,Transaction tx508176 completed in 914ms,E104,Transaction {tx} completed in {time}ms
32854,2026-01-12,11:44:39,INFO,PaymentGateway,Page view: /home by u1769,E103,Page view: {page} by {user}
32855,2026-01-12,11:10:41,INFO,WebServer,Transaction tx500920 completed in 587ms,E104,Transaction {tx} completed in {time}ms
32856,2026-01-12,11:57:26,INFO,AuthService,Health check passed: AuthService,E102,Health check passed: {service}
32857,2026-01-12,11:23:38,INFO,OrderProcessor,Page view: /home by u4294,E103,Page view: {page} by {user}
32858,2026-01-12,11:37:30,INFO,WebServer,Page view: /home by u3547,E103,Page view: {page} by {user}
32859,2026-01-12,11:20:30,INFO,WebServer,Health check passed: WebServer,E102,Health check passed: {service}
32860,2026-01-12,11:16:10,INFO,WebServer,Page view: /home by u2857,E103,Page view: {page} by {user}
32861,2026-01-12,11:36:15,INFO,WebServer,Health check passed: WebServer,E102,Health check passed: {service}
32862,2026-01-12,11:50:41,WARN,AuthService,Disk usage > 85% on node node-3,E202,Disk usage > 85% on node {node}
32863,2026-01-12,11:07:28,INFO,WebServer,Health check passed: WebServer,E102,Health check passed: {service}
32864,2026-01-12,11:10:33,INFO,PaymentGateway,Transaction tx800246 completed in 1458ms,E104,Transaction {tx} completed in {time}ms
32865,2026-01-12,11:06:54,INFO,WebServer,Page view: /home by u3145,E103,Page view: {page} by {user}
32866,2026-01-12,11:30:41,INFO,OrderProcessor,Page view: /home by u4375,E103,Page view: {page} by {user}
32867,2026-01-12,11:12:38,INFO,WebServer,User u1211 login successful,E101,User {user} login successful
32868,2026-01-12,11:49:22,INFO,PaymentGateway,Page view: /home by u4517,E103,Page view: {page} by {user}
32869,2026-01-12,11:20:01,INFO,OrderProcessor,Transaction tx515693 completed in 1898ms,E104,Transaction {tx} completed in {time}ms
32870,2026-01-12,11:32:30,INFO,WebServer,Health check passed: WebServer,E102,Health check passed: {service}
32871,2026-01-12,11:59:00,INFO,WebServer,User u1675 login successful,E101,User {user} login successful
32872,2026-01-12,11:35:24,INFO,OrderProcessor,User u1925 login successful,E101,User {user} login successful
32873,2026-01-12,11:03:54,INFO,AuthService,Transaction tx764796 completed in 1362ms,E104,Transaction {tx} completed in {time}ms
32874,2026-01-12,11:16:45,INFO,OrderProcessor,Page view: /home by u2834,E103,Page view: {page} by {user}
32875,2026-01-12,11:18:22,INFO,OrderProcessor,Health check passed: OrderProcessor,E102,Health check passed: {service}
32876,2026-01-12,11:48:15,INFO,AuthService,Page view: /home by u3987,E103,Page view: {page} by {user}
32877,2026-01-12,11:45:16,INFO,WebServer,Transaction tx405443 completed in 1859ms,E104,Transaction {tx} completed in {time}ms
32878,2026-01-12,11:20:52,INFO,WebServer,User u3333 login successful,E101,User {user} login successful
32879,2026-01-12,11:15:34,INFO,WebServer,User u2998 login successful,E101,User {user} login successful
32880,2026-01-12,11:18:16,INFO,AuthService,Transaction tx461045 completed in 1122ms,E104,Transaction {tx} completed in {time}ms
32881,2026-01-12,11:25:43,INFO,WebServer,Health check passed: WebServer,E102,Health check passed: {service}
32882,2026-01-12,11:48:42,INFO,AuthService,Transaction tx128197 completed in 1864ms,E104,Transaction {tx} completed in {time}ms
32883,2026-01-12,11:38:31,INFO,PaymentGateway,Health check passed: PaymentGateway,E102,Health check passed: {service}
32884,2026-01-12,11:08:26,INFO,InventoryDB,User u1539 login successful,E101,User {user} login successful
32885,2026-01-12,11:18:37,INFO,PaymentGateway,Page view: /home by u2165,E103,Page view: {page} by {user}
32886,2026-01-12,11:19:05,INFO,WebServer,Page view: /home by u3271,E103,Page view: {page} by {user}
32887,2026-01-12,11:22:47,WARN,AuthService,High latency (379ms) detected on AuthService,E201,High latency ({time}ms) detected on {service}
32888,2026-01-12,11:33:03,INFO,WebServer,User u4859 login successful,E101,User {user} login successful
32889,2026-01-12,11:43:47,INFO,WebServer,Transaction tx153783 completed in 1949ms,E104,Transaction {tx} completed in {time}ms
32890,2026-01-12,11:17:19,INFO,PaymentGateway,Transaction tx264201 completed in 1073ms,E104,Transaction {tx} completed in {time}ms
32891,2026-01-12,11:08:18,INFO,AuthService,User u4687 login successful,E101,User {user} login successful
32892,2026-01-12,11:02:07,INFO,AuthService,Page view: /home by u2552,E103,Page view: {page} by {user}
32893,2026-01-12,11:48:25,INFO,AuthService,Health check passed: AuthService,E102,Health check passed: {service}
32894,2026-01-12,11:34:39,INFO,OrderProcessor,Health check passed: OrderProcessor,E102,Health check passed: {service}
32895,2026-01-12,11:57:48,INFO,WebServer,User u3058 login successful,E101,User {user} login successful
32896,2026-01-12,11:21:38,INFO,WebServer,User u4298 login successful,E101,User {user} login successful
32897,2026-01-12,11:44:06,INFO,AuthService,Transaction tx929854 completed in 964ms,E104,Transaction {tx} completed in {time}ms
32898,2026-01-12,11:32:44,INFO,WebServer,User u4020 login successful,E101,User {user} login successful
32899,2026-01-12,11:21:02,INFO,WebServer,Health check passed: WebServer,E102,Health check passed: {service}
32900,2026-01-12,11:45:30,INFO,OrderProcessor,User u3387 login successful,E101,User {user} login successful
32901,2026-01-12,11:43:42,INFO,PaymentGateway,Page view: /home by u1172,E103,Page view: {page} by {user}
32902,2026-01-12,11:38:17,INFO,PaymentGateway,User u4649 login successful,E101,User {user} login successful
32903,2026-01-12,11:12:46,INFO,AuthService,Page view: /home by u1184,E103,Page view: {page} by {user}
32904,2026-01-12,11:18:02,INFO,AuthService,User u3417 login successful,E101,User {user} login successful
32905,2026-01-12,11:56:40,INFO,WebServer,User u1653 login successful,E101,User {user} login successful
32906,2026-01-12,11:30:36,ERROR,PaymentGateway,Payment declined: Gateway unavailable,E503,Payment declined: Gateway unavailable
32907,2026-01-12,11:02:14,INFO,PaymentGateway,Page view: /home by u4183,E103,Page view: {page} by {user}
32908,2026-01-12,11:09:14,INFO,WebServer,User u4265 login successful,E101,User {user} login successful
32909,2026-01-12,11:32:45,INFO,WebServer,Page view: /home by u4651,E103,Page view: {page} by {user}
32910,2026-01-12,11:53:23,INFO,AuthService,Page view: /home by u2577,E103,Page view: {page} by {user}
32911,2026-01-12,11:00:38,WARN,OrderProcessor,Unauthorized access attempt from 10.0.0.45,E401,Unauthorized access attempt from {ip}
32912,2026-01-12,11:55:15,INFO,OrderProcessor,Page view: /home by u4514,E103,Page view: {page} by {user}
32913,2026-01-12,11:24:23,INFO,WebServer,Health check passed: WebServer,E102,Health check passed: {service}
32914,2026-01-12,11:11:24,INFO,AuthService,Transaction tx137522 completed in 1451ms,E104,Transaction {tx} completed in {time}ms
32915,2026-01-12,11:46:22,WARN,WebServer,Unauthorized access attempt from 10.0.0.99,E401,Unauthorized access attempt from {ip}
32916,2026-01-12,11:08:17,WARN,OrderProcessor,Disk usage > 85% on node node-1,E202,Disk usage > 85% on node {node}
32917,2026-01-12,11:38:27,INFO,AuthService,User u1827 login successful,E101,User {user} login successful
32918,2026-01-12,11:04:59,INFO,WebServer,Page view: /home by u1804,E103,Page view: {page} by {user}
32919,2026-01-12,11:37:59,INFO,OrderProcessor,User u2978 login successful,E101,User {user} login successful
32920,2026-01-12,11:51:11,INFO,WebServer,Health check passed: WebServer,E102,Health check passed: {service}
32921,2026-01-12,11:25:24,INFO,WebServer,User u3613 login successful,E101,User {user} login successful
32922,2026-01-12,11:17:22,INFO,WebServer,Transaction tx424690 completed in 1223ms,E104,Transaction {tx} completed in {time}ms
32923,2026-01-12,11:36:53,INFO,PaymentGateway,Page view: /home by u1943,E103,Page view: {page} by {user}
32924,2026-01-12,11:12:24,INFO,WebServer,Health check passed: WebServer,E102,Health check passed: {service}
32925,2026-01-12,11:24:39,INFO,OrderProcessor,Page view: /home by u1361,E103,Page view: {page} by {user}
32926,2026-01-12,11:06:11,INFO,AuthService,Health check passed: AuthService,E102,Health check passed: {service}
32927,2026-01-12,11:11:02,INFO,WebServer,Transaction tx768840 completed in 879ms,E104,Transaction {tx} completed in {time}ms
32928,2026-01-12,11:26:59,INFO,AuthService,Transaction tx219891 completed in 1162ms,E104,Transaction {tx} completed in {time}ms
32929,2026-01-12,11:30:27,INFO,WebServer,Page view: /home by u2983,E103,Page view: {page} by {user}
32930,2026-01-12,11:05:54,INFO,OrderProcessor,Transaction tx361545 completed in 176ms,E104,Transaction {tx} completed in {time}ms
32931,2026-01-12,11:02:41,INFO,InventoryDB,Page view: /home by u4804,E103,Page view: {page} by {user}
32932,2026-01-12,11:30:04,INFO,AuthService,Health check passed: AuthService,E102,Health check passed: {service}
32933,2026-01-12,11:32:11,INFO,WebServer,Page view: /home by u3251,E103,Page view: {page} by {user}
32934,2026-01-12,11:57:09,INFO,OrderProcessor,Health check passed: OrderProcessor,E102,Health check passed: {service}
32935,2026-01-12,11:52:27,INFO,WebServer,User u1614 login successful,E101,User {user} login successful
32936,2026-01-12,11:59:49,INFO,AuthService,Health check passed: AuthService,E102,Health check passed: {service}
32937,2026-01-12,11:58:02,INFO,WebServer,User u1876 login successful,E101,User {user} login successful
32938,2026-01-12,11:45:42,INFO,WebServer,Page view: /home by u3227,E103,Page view: {page} by {user}
32939,2026-01-12,11:40:54,INFO,AuthService,Health check passed: AuthService,E102,Health check passed: {service}
32940,2026-01-12,11:40:41,INFO,WebServer,User u4187 login successful,E101,User {user} login successful
32941,2026-01-12,11:59:40,CRITICAL,WebServer,DATA CORRUPTION detected in sector 483,E602,DATA CORRUPTION detected in sector {sector}
32942,2026-01-12,11:08:29,INFO,WebServer,Health check passed: WebServer,E102,Health check passed: {service}
32943,2026-01-12,11:35:40,INFO,WebServer,User u3377 login successful,E101,User {user} login successful
32944,2026-01-12,11:02:32,INFO,WebServer,Page view: /home by u4306,E103,Page view: {page} by {user}
32945,2026-01-12,11:10:45,INFO,WebServer,User u1790 login successful,E101,User {user} login successful
32946,2026-01-12,11:11:38,INFO,OrderProcessor,Health check passed: OrderProcessor,E102,Health check passed: {service}
32947,2026-01-12,11:45:05,INFO,PaymentGateway,Page view: /home by u4954,E103,Page view: {page} by {user}
32948,2026-01-12,11:22:23,INFO,WebServer,User u2023 login successful,E101,User {user} login successful
32949,2026-01-12,11:23:08,WARN,WebServer,Disk usage > 85% on node node-3,E202,Disk usage > 85% on node {node}
32950,2026-01-12,11:07:35,INFO,WebServer,Health check passed: WebServer,E102,Health check passed: {service}
32951,2026-01-12,11:05:10,INFO,WebServer,Transaction tx132437 completed in 1593ms,E104,Transaction {tx} completed in {time}ms
32952,2026-01-12,11:50:16,INFO,PaymentGateway,User u1666 login successful,E101,User {user} login successful
32953,2026-01-12,11:46:05,INFO,WebServer,Page view: /home by u2757,E103,Page view: {page} by {user}
32954,2026-01-12,11:03:58,INFO,PaymentGateway,User u1682 login successful,E101,User {user} login successful
32955,2026-01-12,11:15:15,INFO,PaymentGateway,Health check passed: PaymentGateway,E102,Health check passed: {service}
32956,2026-01-12,11:45:29,INFO,WebServer,User u1542 login successful,E101,User {user} login successful
32957,2026-01-12,11:35:18,INFO,AuthService,User u4958 login successful,E101,User {user} login successful
32958,2026-01-12,11:41:57,INFO,WebServer,Page view: /home by u1123,E103,Page view: {page} by {user}
32959,2026-01-12,11:08:54,INFO,WebServer,Health check passed: WebServer,E102,Health check passed: {service}
32960,2026-01-12,11:37:14,INFO,AuthService,User u2669 login successful,E101,User {user} login successful
32961,2026-01-12,11:50:46,INFO,WebServer,User u2209 login successful,E101,User {user} login successful
32962,2026-01-12,11:54:03,INFO,PaymentGateway,Transaction tx971621 completed in 428ms,E104,Transaction {tx} completed in {time}ms
32963,2026-01-12,11:26:31,INFO,WebServer,User u4518 login successful,E101,User {user} login successful
32964,2026-01-12,11:33:08,INFO,PaymentGateway,Health check passed: PaymentGateway,E102,Health check passed: {service}
32965,2026-01-12,11:32:22,INFO,AuthService,User u1417 login successful,E101,User {user} login successful
32966,2026-01-12,11:20:20,INFO,AuthService,Page view: /home by u3997,E103,Page view: {page} by {user}
32967,2026-01-12,11:28:36,INFO,WebServer,User u2118 login successful,E101,User {user} login successful
32968,2026-01-12,11:14:37,WARN,WebServer,High latency (1709ms) detected on WebServer,E201,High latency ({time}ms) detected on {service}
32969,2026-01-12,11:44:46,WARN,WebServer,Unauthorized access attempt from 10.0.0.45,E401,Unauthorized access attempt from {ip}
32970,2026-01-12,11:25:46,WARN,PaymentGateway,High latency (1730ms) detected on PaymentGateway,E201,High latency ({time}ms) detected on {service}
32971,2026-01-12,11:14:15,INFO,OrderProcessor,Page view: /home by u1538,E103,Page view: {page} by {user}
32972,2026-01-12,11:33:03,INFO,WebServer,User u4061 login successful,E101,User {user} login successful
32973,2026-01-12,11:06:48,INFO,WebServer,Transaction tx963900 completed in 967ms,E104,Transaction {tx} completed in {time}ms
32974,2026-01-12,11:46:40,INFO,WebServer,Page view: /home by u4299,E103,Page view: {page} by {user}
32975,2026-01-12,11:18:39,INFO,InventoryDB,Health check passed: InventoryDB,E102,Health check passed: {service}
32976,2026-01-12,11:41:32,INFO,WebServer,Health check passed: WebServer,E102,Health check passed: {service}
32977,2026-01-12,11:11:13,INFO,WebServer,Health check passed: WebServer,E102,Health check passed: {service}
32978,2026-01-12,11:13:58,INFO,WebServer,Transaction tx423679 completed in 1837ms,E104,Transaction {tx} completed in {time}ms
32979,2026-01-12,11:47:51,WARN,AuthService,High latency (1982ms) detected on AuthService,E201,High latency ({time}ms) detected on {service}
32980,2026-01-12,11:51:05,INFO,AuthService,Health check passed: AuthService,E102,Health check passed: {service}
32981,2026-01-12,11:22:10,INFO,WebServer,Page view: /home by u1908,E103,Page view: {page} by {user}
32982,2026-01-12,11:16:58,INFO,OrderProcessor,Transaction tx147102 completed in 1361ms,E104,Transaction {tx} completed in {time}ms
32983,2026-01-12,11:59:02,INFO,WebServer,Page view: /home by u4869,E103,Page view: {page} by {user}
32984,2026-01-12,11:16:52,WARN,OrderProcessor,Unauthorized access attempt from 10.0.0.45,E401,Unauthorized access attempt from {ip}
32985,2026-01-12,11:08:58,INFO,WebServer,Health check passed: WebServer,E102,Health check passed: {service}
32986,2026-01-12,11:26:31,INFO,OrderProcessor,User u4152 login successful,E101,User {user} login successful
32987,2026-01-12,11:55:39,INFO,WebServer,Page view: /home by u4861,E103,Page view: {page} by {user}
32988,2026-01-12,11:16:41,INFO,WebServer,Page view: /home by u3873,E103,Page view: {page} by {user}
32989,2026-01-12,11:36:24,INFO,WebServer,Transaction tx606746 completed in 1398ms,E104,Transaction {tx} completed in {time}ms
32990,2026-01-12,11:04:40,INFO,WebServer,Transaction tx600324 completed in 857ms,E104,Transaction {tx} completed in {time}ms
32991,2026-01-12,11:18:58,INFO,AuthService,Health check passed: AuthService,E102,Health check passed: {service}
32992,2026-01-12,11:36:30,INFO,InventoryDB,Health check passed: InventoryDB,E102,Health check passed: {service}
32993,2026-01-12,11:38:33,INFO,WebServer,Page view: /home by u1376,E103,Page view: {page} by {user}
32994,2026-01-12,11:29:38,INFO,PaymentGateway,Health check passed: PaymentGateway,E102,Health check passed: {service}
32995,2026-01-12,11:04:27,INFO,WebServer,Health check passed: WebServer,E102,Health check passed: {service}
32996,2026-01-12,11:25:15,INFO,AuthService,Transaction tx226787 completed in 1675ms,E104,Transaction {tx} completed in {time}ms
32997,2026-01-12,11:38:40,INFO,AuthService,User u3242 login successful,E101,User {user} login successful
32998,2026-01-12,11:34:09,INFO,WebServer,Health check passed: WebServer,E102,Health check passed: {service}
32999,2026-01-12,11:32:52,INFO,WebServer,User u4454 login successful,E101,User {user} login successful
33000,2026-01-12,11:12:43,INFO,OrderProcessor,Transaction tx167956 completed in 480ms,E104,Transaction {tx} completed in {time}ms
33001,2026-01-12,11:22:10,ERROR,InventoryDB,Connection refused to InventoryDB at 10.0.0.45,E501,Connection refused to {service} at {ip}
33002,2026-01-12,11:56:09,INFO,OrderProcessor,Transaction tx939659 completed in 932ms,E104,Transaction {tx} completed in {time}ms
33003,2026-01-12,11:56:40,INFO,OrderProcessor,User u3245 login successful,E101,User {user} login successful
33004,2026-01-12,11:26:48,INFO,AuthService,Transaction tx658899 completed in 1010ms,E104,Transaction {tx} completed in {time}ms
33005,2026-01-12,11:11:58,INFO,WebServer,Transaction tx606710 completed in 1562ms,E104,Transaction {tx} completed in {time}ms
33006,2026-01-12,11:08:23,INFO,PaymentGateway,Health check passed: PaymentGateway,E102,Health check passed: {service}
33007,2026-01-12,11:25:03,INFO,AuthService,Page view: /home by u3460,E103,Page view: {page} by {user}
33008,2026-01-12,11:10:25,INFO,WebServer,User u4213 login successful,E101,User {user} login successful
33009,2026-01-12,11:03:42,INFO,AuthService,Transaction tx468744 completed in 1488ms,E104,Transaction {tx} completed in {time}ms
33010,2026-01-12,11:10:48,INFO,WebServer,User u3487 login successful,E101,User {user} login successful
33011,2026-01-12,11:53:17,INFO,AuthService,User u4707 login successful,E101,User {user} login successful
33012,2026-01-12,11:50:04,WARN,OrderProcessor,Unauthorized access attempt from 10.0.0.45,E401,Unauthorized access attempt from {ip}
33013,2026-01-12,11:28:29,INFO,AuthService,Page view: /home by u2956,E103,Page view: {page} by {user}
33014,2026-01-12,11:53:54,INFO,WebServer,Transaction tx481358 completed in 1398ms,E104,Transaction {tx} completed in {time}ms
33015,2026-01-12,11:14:56,INFO,WebServer,Health check passed: WebServer,E102,Health check passed: {service}
33016,2026-01-12,11:13:34,INFO,WebServer,Transaction tx617070 completed in 157ms,E104,Transaction {tx} completed in {time}ms
33017,2026-01-12,11:56:44,INFO,WebServer,User u3542 login successful,E101,User {user} login successful
33018,2026-01-12,11:54:43,INFO,AuthService,Transaction tx853839 completed in 980ms,E104,Transaction {tx} completed in {time}ms
33019,2026-01-12,11:17:12,INFO,AuthService,Health check passed: AuthService,E102,Health check passed: {service}
33020,2026-01-12,11:58:56,INFO,OrderProcessor,Health check passed: OrderProcessor,E102,Health check passed: {service}
33021,2026-01-12,11:56:42,INFO,WebServer,Transaction tx964091 completed in 32ms,E104,Transaction {tx} completed in {time}ms
33022,2026-01-12,11:39:11,INFO,WebServer,Transaction tx803275 completed in 1212ms,E104,Transaction {tx} completed in {time}ms
33023,2026-01-12,11:28:45,INFO,InventoryDB,Health check passed: InventoryDB,E102,Health check passed: {service}
33024,2026-01-12,11:41:30,INFO,AuthService,User u4266 login successful,E101,User {user} login successful
33025,2026-01-12,11:37:25,INFO,AuthService,Page view: /home by u4391,E103,Page view: {page} by {user}
33026,2026-01-12,11:25:29,INFO,AuthService,Transaction tx248635 completed in 526ms,E104,Transaction {tx} completed in {time}ms
33027,2026-01-12,11:10:54,INFO,WebServer,User u1719 login successful,E101,User {user} login successful
33028,2026-01-12,11:02:54,INFO,WebServer,Transaction tx928596 completed in 1642ms,E104,Transaction {tx} completed in {time}ms
33029,2026-01-12,11:31:31,INFO,WebServer,Transaction tx307690 completed in 254ms,E104,Transaction {tx} completed in {time}ms
33030,2026-01-12,11:20:53,WARN,InventoryDB,Unauthorized access attempt from 10.0.0.45,E401,Unauthorized access attempt from {ip}
33031,2026-01-12,11:57:29,INFO,WebServer,Page view: /home by u1654,E103,Page view: {page} by {user}
33032,2026-01-12,11:32:20,INFO,AuthService,Health check passed: AuthService,E102,Health check passed: {service}
33033,2026-01-12,11:44:33,INFO,InventoryDB,User u4000 login successful,E101,User {user} login successful
33034,2026-01-12,11:37:06,INFO,WebServer,Transaction tx199039 completed in 939ms,E104,Transaction {tx} completed in {time}ms
33035,2026-01-12,11:27:06,INFO,PaymentGateway,Transaction tx839414 completed in 1400ms,E104,Transaction {tx} completed in {time}ms
33036,2026-01-12,11:57:30,INFO,WebServer,Page view: /home by u2536,E103,Page view: {page} by {user}
33037,2026-01-12,11:58:45,INFO,WebServer,Transaction tx564795 completed in 1600ms,E104,Transaction {tx} completed in {time}ms
33038,2026-01-12,11:23:08,INFO,WebServer,Transaction tx411803 completed in 391ms,E104,Transaction {tx} completed in {time}ms
33039,2026-01-12,11:03:33,INFO,PaymentGateway,Page view: /home by u1073,E103,Page view: {page} by {user}
33040,2026-01-12,11:27:38,INFO,InventoryDB,Health check passed: InventoryDB,E102,Health check passed: {service}
33041,2026-01-12,11:06:43,INFO,InventoryDB,Page view: /home by u1840,E103,Page view: {page} by {user}
33042,2026-01-12,11:31:41,INFO,AuthService,Page view: /home by u3764,E103,Page view: {page} by {user}
33043,2026-01-12,11:35:05,INFO,WebServer,Health check passed: WebServer,E102,Health check passed: {service}
33044,2026-01-12,11:14:19,INFO,WebServer,User u2247 login successful,E101,User {user} login successful
33045,2026-01-12,11:42:54,INFO,InventoryDB,Transaction tx578990 completed in 1093ms,E104,Transaction {tx} completed in {time}ms
33046,2026-01-12,11:35:05,INFO,OrderProcessor,Health check passed: OrderProcessor,E102,Health check passed: {service}
33047,2026-01-12,11:52:29,INFO,OrderProcessor,Health check passed: OrderProcessor,E102,Health check passed: {service}
33048,2026-01-12,11:18:31,INFO,WebServer,Transaction tx932350 completed in 1509ms,E104,Transaction {tx} completed in {time}ms
33049,2026-01-12,11:42:09,INFO,AuthService,Health check passed: AuthService,E102,Health check passed: {service}
33050,2026-01-12,11:34:09,INFO,OrderProcessor,Page view: /home by u1174,E103,Page view: {page} by {user}
33051,2026-01-12,11:07:34,INFO,AuthService,Page view: /home by u3185,E103,Page view: {page} by {user}
33052,2026-01-12,11:09:45,INFO,WebServer,Page view: /home by u2914,E103,Page view: {page} by {user}
33053,2026-01-12,11:59:23,INFO,WebServer,Health check passed: WebServer,E102,Health check passed: {service}
33054,2026-01-12,11:13:30,INFO,WebServer,Transaction tx702625 completed in 1153ms,E104,Transaction {tx} completed in {time}ms
33055,2026-01-12,11:22:00,INFO,AuthService,Health check passed: AuthService,E102,Health check passed: {service}
33056,2026-01-12,11:22:14,INFO,WebServer,Transaction tx900250 completed in 71ms,E104,Transaction {tx} completed in {time}ms
33057,2026-01-12,11:07:51,INFO,AuthService,Health check passed: AuthService,E102,Health check passed: {service}
33058,2026-01-12,11:24:49,INFO,WebServer,Health check passed: WebServer,E102,Health check passed: {service}
33059,2026-01-12,11:16:28,INFO,AuthService,Page view: /home by u2554,E103,Page view: {page} by {user}
33060,2026-01-12,11:35:52,INFO,WebServer,User u4189 login successful,E101,User {user} login successful
33061,2026-01-12,11:31:37,INFO,AuthService,Page view: /home by u3682,E103,Page view: {page} by {user}
33062,2026-01-12,11:48:24,INFO,WebServer,User u3484 login successful,E101,User {user} login successful
33063,2026-01-12,11:25:35,INFO,WebServer,Health check passed: WebServer,E102,Health check passed: {service}
33064,2026-01-12,11:32:22,INFO,AuthService,User u4917 login successful,E101,User {user} login successful
33065,2026-01-12,11:44:42,INFO,OrderProcessor,Page view: /home by u2634,E103,Page view: {page} by {user}
33066,2026-01-12,11:34:21,INFO,WebServer,User u1374 login successful,E101,User {user} login successful
33067,2026-01-12,11:41:56,INFO,InventoryDB,User u4758 login successful,E101,User {user} login successful
33068,2026-01-12,11:45:06,INFO,WebServer,Page view: /home by u2739,E103,Page view: {page} by {user}
33069,2026-01-12,11:07:31,INFO,InventoryDB,Health check passed: InventoryDB,E102,Health check passed: {service}
33070,2026-01-12,11:14:50,INFO,WebServer,Page view: /home by u1742,E103,Page view: {page} by {user}
33071,2026-01-12,11:28:03,INFO,InventoryDB,Page view: /home by u4674,E103,Page view: {page} by {user}
33072,2026-01-12,11:31:27,INFO,WebServer,Health check passed: WebServer,E102,Health check passed: {service}
33073,2026-01-12,11:40:02,INFO,WebServer,Page view: /home by u2674,E103,Page view: {page} by {user}
33074,2026-01-12,11:49:00,INFO,OrderProcessor,Transaction tx249118 completed in 330ms,E104,Transaction {tx} completed in {time}ms
33075,2026-01-12,11:33:15,INFO,PaymentGateway,Transaction tx466360 completed in 459ms,E104,Transaction {tx} completed in {time}ms
33076,2026-01-12,11:11:54,INFO,WebServer,Transaction tx547649 completed in 535ms,E104,Transaction {tx} completed in {time}ms
33077,2026-01-12,11:13:54,INFO,AuthService,Health check passed: AuthService,E102,Health check passed: {service}
33078,2026-01-12,11:29:44,INFO,WebServer,Page view: /home by u4657,E103,Page view: {page} by {user}
33079,2026-01-12,11:58:04,INFO,OrderProcessor,Health check passed: OrderProcessor,E102,Health check passed: {service}
33080,2026-01-12,11:04:25,INFO,AuthService,Health check passed: AuthService,E102,Health check passed: {service}
33081,2026-01-12,11:23:52,INFO,OrderProcessor,Health check passed: OrderProcessor,E102,Health check passed: {service}
33082,2026-01-12,11:33:42,INFO,WebServer,Transaction tx134408 completed in 1113ms,E104,Transaction {tx} completed in {time}ms
33083,2026-01-12,11:01:23,INFO,WebServer,Health check passed: WebServer,E102,Health check passed: {service}
33084,2026-01-12,11:54:19,INFO,WebServer,Page view: /home by u1188,E103,Page view: {page} by {user}
33085,2026-01-12,11:58:46,INFO,WebServer,Health check passed: WebServer,E102,Health check passed: {service}
33086,2026-01-12,11:49:37,INFO,WebServer,Health check passed: WebServer,E102,Health check passed: {service}
33087,2026-01-12,11:50:30,INFO,WebServer,User u2569 login successful,E101,User {user} login successful
33088,2026-01-12,11:44:38,INFO,AuthService,User u3125 login successful,E101,User {user} login successful
33089,2026-01-12,11:20:18,INFO,WebServer,Page view: /home by u4171,E103,Page view: {page} by {user}
33090,2026-01-12,11:15:08,INFO,OrderProcessor,User u1405 login successful,E101,User {user} login successful
33091,2026-01-12,11:12:36,INFO,WebServer,Health check passed: WebServer,E102,Health check passed: {service}
33092,2026-01-12,11:04:25,INFO,WebServer,Transaction tx739823 completed in 1692ms,E104,Transaction {tx} completed in {time}ms
33093,2026-01-12,11:33:47,INFO,WebServer,Page view: /home by u2603,E103,Page view: {page} by {user}
33094,2026-01-12,11:58:38,INFO,AuthService,Transaction tx189761 completed in 218ms,E104,Transaction {tx} completed in {time}ms
33095,2026-01-12,11:30:53,INFO,OrderProcessor,Transaction tx583038 completed in 1687ms,E104,Transaction {tx} completed in {time}ms
33096,2026-01-12,11:07:50,ERROR,WebServer,Timeout waiting for lock on InventoryDB,E502,Timeout waiting for lock on {db}
33097,2026-01-12,11:26:37,INFO,InventoryDB,User u4783 login successful,E101,User {user} login successful
33098,2026-01-12,11:38:56,INFO,AuthService,User u2209 login successful,E101,User {user} login successful
33099,2026-01-12,11:47:39,INFO,WebServer,Page view: /home by u1113,E103,Page view: {page} by {user}
33100,2026-01-12,11:29:29,INFO,WebServer,Page view: /home by u1226,E103,Page view: {page} by {user}
33101,2026-01-12,11:49:26,INFO,InventoryDB,Page view: /home by u3788,E103,Page view: {page} by {user}
33102,2026-01-12,11:56:44,INFO,WebServer,Page view: /home by u1731,E103,Page view: {page} by {user}
33103,2026-01-12,11:53:15,INFO,WebServer,Health check passed: WebServer,E102,Health check passed: {service}
33104,2026-01-12,11:59:17,INFO,WebServer,Transaction tx978925 completed in 1981ms,E104,Transaction {tx} completed in {time}ms
33105,2026-01-12,11:38:58,INFO,WebServer,Page view: /home by u1752,E103,Page view: {page} by {user}
33106,2026-01-12,11:50:35,INFO,AuthService,Transaction tx803397 completed in 93ms,E104,Transaction {tx} completed in {time}ms
33107,2026-01-12,11:11:11,INFO,WebServer,User u4393 login successful,E101,User {user} login successful
33108,2026-01-12,11:57:20,INFO,OrderProcessor,Transaction tx600493 completed in 1804ms,E104,Transaction {tx} completed in {time}ms
33109,2026-01-12,11:06:47,INFO,WebServer,Transaction tx533639 completed in 120ms,E104,Transaction {tx} completed in {time}ms
33110,2026-01-12,11:54:57,INFO,WebServer,Transaction tx274872 completed in 1907ms,E104,Transaction {tx} completed in {time}ms
33111,2026-01-12,11:56:41,INFO,WebServer,Page view: /home by u3936,E103,Page view: {page} by {user}
33112,2026-01-12,11:14:42,INFO,WebServer,Health check passed: WebServer,E102,Health check passed: {service}
33113,2026-01-12,11:53:05,WARN,WebServer,High latency (1504ms) detected on WebServer,E201,High latency ({time}ms) detected on {service}
33114,2026-01-12,11:05:11,INFO,WebServer,Page view: /home by u4019,E103,Page view: {page} by {user}
33115,2026-01-12,11:18:33,INFO,AuthService,Transaction tx911363 completed in 1120ms,E104,Transaction {tx} completed in {time}ms
33116,2026-01-12,11:10:15,INFO,WebServer,Health check passed: WebServer,E102,Health check passed: {service}
33117,2026-01-12,11:56:29,INFO,WebServer,Health check passed: WebServer,E102,Health check passed: {service}
33118,2026-01-12,11:30:11,INFO,WebServer,Health check passed: WebServer,E102,Health check passed: {service}
33119,2026-01-12,11:30:44,INFO,WebServer,Page view: /home by u1475,E103,Page view: {page} by {user}
33120,2026-01-12,11:33:49,INFO,WebServer,User u4208 login successful,E101,User {user} login successful
33121,2026-01-12,11:44:23,INFO,WebServer,Transaction tx883855 completed in 696ms,E104,Transaction {tx} completed in {time}ms
33122,2026-01-12,11:18:25,INFO,WebServer,Page view: /home by u4172,E103,Page view: {page} by {user}
33123,2026-01-12,11:53:13,INFO,WebServer,User u2413 login successful,E101,User {user} login successful
33124,2026-01-12,11:47:24,INFO,WebServer,Health check passed: WebServer,E102,Health check passed: {service}
33125,2026-01-12,11:12:43,INFO,AuthService,User u1080 login successful,E101,User {user} login successful
33126,2026-01-12,11:05:05,INFO,WebServer,Transaction tx596781 completed in 184ms,E104,Transaction {tx} completed in {time}ms
33127,2026-01-12,11:22:46,INFO,PaymentGateway,Page view: /home by u2468,E103,Page view: {page} by {user}
33128,2026-01-12,11:36:11,INFO,WebServer,Transaction tx986014 completed in 1948ms,E104,Transaction {tx} completed in {time}ms
33129,2026-01-12,11:23:41,INFO,WebServer,Page view: /home by u3615,E103,Page view: {page} by {user}
33130,2026-01-12,11:33:59,INFO,AuthService,Page view: /home by u3996,E103,Page view: {page} by {user}
33131,2026-01-12,11:59:31,INFO,WebServer,Transaction tx562785 completed in 1221ms,E104,Transaction {tx} completed in {time}ms
33132,2026-01-12,11:58:59,INFO,WebServer,Page view: /home by u3834,E103,Page view: {page} by {user}
33133,2026-01-12,11:41:00,INFO,InventoryDB,Transaction tx460034 completed in 1335ms,E104,Transaction {tx} completed in {time}ms
33134,2026-01-12,11:07:15,INFO,OrderProcessor,User u4653 login successful,E101,User {user} login successful
33135,2026-01-12,11:48:04,INFO,WebServer,Page view: /home by u2757,E103,Page view: {page} by {user}
33136,2026-01-12,11:37:36,INFO,WebServer,Page view: /home by u4792,E103,Page view: {page} by {user}
33137,2026-01-12,11:18:33,INFO,PaymentGateway,User u2048 login successful,E101,User {user} login successful
33138,2026-01-12,11:59:15,INFO,WebServer,Health check passed: WebServer,E102,Health check passed: {service}
33139,2026-01-12,11:30:07,INFO,WebServer,Transaction tx272647 completed in 71ms,E104,Transaction {tx} completed in {time}ms
33140,2026-01-12,11:03:41,INFO,AuthService,User u4444 login successful,E101,User {user} login successful
33141,2026-01-12,11:02:42,INFO,AuthService,Transaction tx345403 completed in 1214ms,E104,Transaction {tx} completed in {time}ms
33142,2026-01-12,11:22:48,INFO,WebServer,Page view: /home by u2974,E103,Page view: {page} by {user}
33143,2026-01-12,11:03:36,INFO,OrderProcessor,User u4942 login successful,E101,User {user} login successful
33144,2026-01-12,11:38:43,INFO,OrderProcessor,User u4585 login successful,E101,User {user} login successful
33145,2026-01-12,11:24:21,INFO,WebServer,Transaction tx991918 completed in 539ms,E104,Transaction {tx} completed in {time}ms
33146,2026-01-12,11:07:49,INFO,WebServer,Transaction tx541051 completed in 691ms,E104,Transaction {tx} completed in {time}ms
33147,2026-01-12,11:51:16,INFO,AuthService,Health check passed: AuthService,E102,Health check passed: {service}
33148,2026-01-12,11:39:04,INFO,AuthService,Page view: /home by u3750,E103,Page view: {page} by {user}
33149,2026-01-12,11:50:54,INFO,WebServer,Health check passed: WebServer,E102,Health check passed: {service}
33150,2026-01-12,11:55:45,INFO,InventoryDB,Health check passed: InventoryDB,E102,Health check passed: {service}
33151,2026-01-12,11:34:44,INFO,WebServer,User u2965 login successful,E101,User {user} login successful
33152,2026-01-12,11:02:55,WARN,WebServer,Unauthorized access attempt from 10.0.0.12,E401,Unauthorized access attempt from {ip}
33153,2026-01-12,11:33:50,INFO,WebServer,Health check passed: WebServer,E102,Health check passed: {service}
33154,2026-01-12,11:38:02,INFO,WebServer,Page view: /home by u4789,E103,Page view: {page} by {user}
33155,2026-01-12,11:52:00,INFO,AuthService,User u4026 login successful,E101,User {user} login successful
33156,2026-01-12,11:42:24,ERROR,WebServer,Payment declined: Gateway unavailable,E503,Payment declined: Gateway unavailable
33157,2026-01-12,11:33:10,INFO,InventoryDB,Page view: /home by u1240,E103,Page view: {page} by {user}
33158,2026-01-12,11:20:25,INFO,WebServer,User u1245 login successful,E101,User {user} login successful
33159,2026-01-12,11:25:49,WARN,WebServer,High latency (1008ms) detected on WebServer,E201,High latency ({time}ms) detected on {service}
33160,2026-01-12,11:58:26,INFO,OrderProcessor,Transaction tx189541 completed in 748ms,E104,Transaction {tx} completed in {time}ms
33161,2026-01-12,11:50:58,INFO,OrderProcessor,Health check passed: OrderProcessor,E102,Health check passed: {service}
33162,2026-01-12,11:59:37,INFO,OrderProcessor,Transaction tx180462 completed in 741ms,E104,Transaction {tx} completed in {time}ms
33163,2026-01-12,11:15:13,INFO,AuthService,Transaction tx176529 completed in 1681ms,E104,Transaction {tx} completed in {time}ms
33164,2026-01-12,11:29:20,INFO,AuthService,Transaction tx797224 completed in 1720ms,E104,Transaction {tx} completed in {time}ms
33165,2026-01-12,11:53:28,INFO,WebServer,Transaction tx285646 completed in 385ms,E104,Transaction {tx} completed in {time}ms
33166,2026-01-12,11:10:20,INFO,WebServer,Transaction tx223062 completed in 1436ms,E104,Transaction {tx} completed in {time}ms
33167,2026-01-12,11:21:51,INFO,WebServer,Page view: /home by u4737,E103,Page view: {page} by {user}
33168,2026-01-12,11:25:03,INFO,WebServer,Page view: /home by u4451,E103,Page view: {page} by {user}
33169,2026-01-12,11:23:10,INFO,AuthService,Health check passed: AuthService,E102,Health check passed: {service}
33170,2026-01-12,11:59:04,INFO,WebServer,Page view: /home by u4972,E103,Page view: {page} by {user}
33171,2026-01-12,11:31:33,INFO,InventoryDB,Transaction tx542926 completed in 1499ms,E104,Transaction {tx} completed in {time}ms
33172,2026-01-12,11:31:03,INFO,PaymentGateway,Health check passed: PaymentGateway,E102,Health check passed: {service}
33173,2026-01-12,11:38:49,INFO,WebServer,Transaction tx815293 completed in 1367ms,E104,Transaction {tx} completed in {time}ms
33174,2026-01-12,11:51:26,INFO,PaymentGateway,Page view: /home by u2023,E103,Page view: {page} by {user}
33175,2026-01-12,11:30:16,INFO,WebServer,Page view: /home by u3786,E103,Page view: {page} by {user}
33176,2026-01-12,11:35:37,INFO,OrderProcessor,Health check passed: OrderProcessor,E102,Health check passed: {service}
33177,2026-01-12,11:00:14,INFO,WebServer,Health check passed: WebServer,E102,Health check passed: {service}
33178,2026-01-12,11:25:55,INFO,OrderProcessor,Page view: /home by u3695,E103,Page view: {page} by {user}
33179,2026-01-12,11:38:39,INFO,OrderProcessor,Health check passed: OrderProcessor,E102,Health check passed: {service}
33180,2026-01-12,11:46:18,INFO,WebServer,Health check passed: WebServer,E102,Health check passed: {service}
33181,2026-01-12,11:05:53,INFO,WebServer,Transaction tx373605 completed in 848ms,E104,Transaction {tx} completed in {time}ms
33182,2026-01-12,11:18:18,INFO,WebServer,Health check passed: WebServer,E102,Health check passed: {service}
33183,2026-01-12,11:12:28,INFO,PaymentGateway,Transaction tx750216 completed in 1064ms,E104,Transaction {tx} completed in {time}ms
33184,2026-01-12,11:31:13,INFO,OrderProcessor,Health check passed: OrderProcessor,E102,Health check passed: {service}
33185,2026-01-12,11:34:19,WARN,WebServer,High latency (427ms) detected on WebServer,E201,High latency ({time}ms) detected on {service}
33186,2026-01-12,11:52:05,INFO,OrderProcessor,Transaction tx166216 completed in 535ms,E104,Transaction {tx} completed in {time}ms
33187,2026-01-12,11:27:35,INFO,PaymentGateway,Page view: /home by u2284,E103,Page view: {page} by {user}
33188,2026-01-12,11:09:01,INFO,AuthService,Page view: /home by u4682,E103,Page view: {page} by {user}
33189,2026-01-12,11:10:25,WARN,WebServer,High latency (1427ms) detected on WebServer,E201,High latency ({time}ms) detected on {service}
33190,2026-01-12,11:25:00,INFO,AuthService,Transaction tx659068 completed in 37ms,E104,Transaction {tx} completed in {time}ms
33191,2026-01-12,11:14:11,INFO,PaymentGateway,Health check passed: PaymentGateway,E102,Health check passed: {service}
33192,2026-01-12,11:09:39,INFO,WebServer,Transaction tx445548 completed in 132ms,E104,Transaction {tx} completed in {time}ms
33193,2026-01-12,12:01:53,INFO,WebServer,User u3452 login successful,E101,User {user} login successful
33194,2026-01-12,12:44:27,INFO,WebServer,Health check passed: WebServer,E102,Health check passed: {service}
33195,2026-01-12,12:02:02,INFO,WebServer,Transaction tx421588 completed in 52ms,E104,Transaction {tx} completed in {time}ms
33196,2026-01-12,12:07:47,INFO,WebServer,User u3837 login successful,E101,User {user} login successful
33197,2026-01-12,12:49:45,WARN,PaymentGateway,Disk usage > 85% on node node-3,E202,Disk usage > 85% on node {node}
33198,2026-01-12,12:26:22,INFO,WebServer,Page view: /home by u2521,E103,Page view: {page} by {user}
33199,2026-01-12,12:22:25,INFO,InventoryDB,Health check passed: InventoryDB,E102,Health check passed: {service}
33200,2026-01-12,12:20:24,INFO,WebServer,User u3455 login successful,E101,User {user} login successful
33201,2026-01-12,12:34:30,WARN,OrderProcessor,High latency (597ms) detected on OrderProcessor,E201,High latency ({time}ms) detected on {service}
33202,2026-01-12,12:43:45,INFO,WebServer,User u1516 login successful,E101,User {user} login successful
33203,2026-01-12,12:49:57,INFO,WebServer,Health check passed: WebServer,E102,Health check passed: {service}
33204,2026-01-12,12:07:34,INFO,AuthService,Transaction tx586228 completed in 1025ms,E104,Transaction {tx} completed in {time}ms
33205,2026-01-12,12:37:49,INFO,InventoryDB,User u3036 login successful,E101,User {user} login successful
33206,2026-01-12,12:41:45,INFO,WebServer,Page view: /home by u2948,E103,Page view: {page} by {user}
33207,2026-01-12,12:10:44,INFO,AuthService,User u3530 login successful,E101,User {user} login successful
33208,2026-01-12,12:47:53,INFO,WebServer,User u4830 login successful,E101,User {user} login successful
33209,2026-01-12,12:31:29,INFO,AuthService,Page view: /home by u2777,E103,Page view: {page} by {user}
33210,2026-01-12,12:12:31,INFO,WebServer,Health check passed: WebServer,E102,Health check passed: {service}
33211,2026-01-12,12:20:26,INFO,OrderProcessor,Transaction tx875252 completed in 1500ms,E104,Transaction {tx} completed in {time}ms
33212,2026-01-12,12:54:10,INFO,WebServer,Page view: /home by u3848,E103,Page view: {page} by {user}
33213,2026-01-12,12:17:30,INFO,InventoryDB,Page view: /home by u1034,E103,Page view: {page} by {user}
33214,2026-01-12,12:59:13,ERROR,OrderProcessor,Payment declined: Gateway unavailable,E503,Payment declined: Gateway unavailable
33215,2026-01-12,12:24:23,INFO,WebServer,Transaction tx401144 completed in 368ms,E104,Transaction {tx} completed in {time}ms
33216,2026-01-12,12:30:40,INFO,OrderProcessor,Page view: /home by u3543,E103,Page view: {page} by {user}
33217,2026-01-12,12:27:11,ERROR,OrderProcessor,Connection refused to OrderProcessor at 10.0.0.88,E501,Connection refused to {service} at {ip}
33218,2026-01-12,12:59:35,INFO,WebServer,Page view: /home by u1096,E103,Page view: {page} by {user}
33219,2026-01-12,12:32:15,WARN,WebServer,High latency (1000ms) detected on WebServer,E201,High latency ({time}ms) detected on {service}
33220,2026-01-12,12:06:36,WARN,WebServer,High latency (233ms) detected on WebServer,E201,High latency ({time}ms) detected on {service}
33221,2026-01-12,12:48:49,INFO,AuthService,User u4930 login successful,E101,User {user} login successful
33222,2026-01-12,12:36:42,INFO,OrderProcessor,Health check passed: OrderProcessor,E102,Health check passed: {service}
33223,2026-01-12,12:22:30,INFO,WebServer,Transaction tx588716 completed in 1358ms,E104,Transaction {tx} completed in {time}ms
33224,2026-01-12,12:39:03,INFO,AuthService,Health check passed: AuthService,E102,Health check passed: {service}
33225,2026-01-12,12:15:15,INFO,WebServer,User u2916 login successful,E101,User {user} login successful
33226,2026-01-12,12:59:18,INFO,WebServer,Health check passed: WebServer,E102,Health check passed: {service}
33227,2026-01-12,12:26:35,INFO,AuthService,User u1772 login successful,E101,User {user} login successful
33228,2026-01-12,12:02:51,INFO,AuthService,Health check passed: AuthService,E102,Health check passed: {service}
33229,2026-01-12,12:35:53,INFO,WebServer,Page view: /home by u1997,E103,Page view: {page} by {user}
33230,2026-01-12,12:26:17,INFO,WebServer,Health check passed: WebServer,E102,Health check passed: {service}
33231,2026-01-12,12:03:13,INFO,WebServer,Transaction tx294251 completed in 1615ms,E104,Transaction {tx} completed in {time}ms
33232,2026-01-12,12:41:55,INFO,AuthService,Health check passed: AuthService,E102,Health check passed: {service}
33233,2026-01-12,12:53:12,INFO,WebServer,Page view: /home by u4497,E103,Page view: {page} by {user}
33234,2026-01-12,12:01:49,INFO,WebServer,Transaction tx787222 completed in 151ms,E104,Transaction {tx} completed in {time}ms
33235,2026-01-12,12:39:39,INFO,AuthService,User u1857 login successful,E101,User {user} login successful
33236,2026-01-12,12:20:15,INFO,WebServer,Transaction tx121068 completed in 192ms,E104,Transaction {tx} completed in {time}ms
33237,2026-01-12,12:30:31,INFO,WebServer,Health check passed: WebServer,E102,Health check passed: {service}
33238,2026-01-12,12:48:47,INFO,InventoryDB,Page view: /home by u3712,E103,Page view: {page} by {user}
33239,2026-01-12,12:43:07,CRITICAL,AuthService,DATA CORRUPTION detected in sector 121,E602,DATA CORRUPTION detected in sector {sector}
33240,2026-01-12,12:16:48,INFO,AuthService,Health check passed: AuthService,E102,Health check passed: {service}
33241,2026-01-12,12:47:56,INFO,InventoryDB,User u2455 login successful,E101,User {user} login successful
33242,2026-01-12,12:35:58,INFO,WebServer,Health check passed: WebServer,E102,Health check passed: {service}
33243,2026-01-12,12:24:38,WARN,WebServer,Disk usage > 85% on node node-1,E202,Disk usage > 85% on node {node}
33244,2026-01-12,12:02:23,INFO,WebServer,User u3790 login successful,E101,User {user} login successful
33245,2026-01-12,12:11:32,ERROR,InventoryDB,Connection refused to InventoryDB at 10.0.0.12,E501,Connection refused to {service} at {ip}
33246,2026-01-12,12:50:31,INFO,OrderProcessor,Page view: /home by u4903,E103,Page view: {page} by {user}
33247,2026-01-12,12:56:08,INFO,WebServer,Health check passed: WebServer,E102,Health check passed: {service}
33248,2026-01-12,12:59:57,INFO,OrderProcessor,Page view: /home by u4823,E103,Page view: {page} by {user}
33249,2026-01-12,12:45:21,INFO,WebServer,Transaction tx345316 completed in 356ms,E104,Transaction {tx} completed in {time}ms
33250,2026-01-12,12:58:03,INFO,WebServer,Page view: /home by u2662,E103,Page view: {page} by {user}
33251,2026-01-12,12:34:48,INFO,AuthService,Health check passed: AuthService,E102,Health check passed: {service}
33252,2026-01-12,12:28:44,INFO,AuthService,Health check passed: AuthService,E102,Health check passed: {service}
33253,2026-01-12,12:02:43,INFO,WebServer,Page view: /home by u1597,E103,Page view: {page} by {user}
33254,2026-01-12,12:02:44,INFO,PaymentGateway,Page view: /home by u4367,E103,Page view: {page} by {user}
33255,2026-01-12,12:31:08,INFO,WebServer,Page view: /home by u2290,E103,Page view: {page} by {user}
33256,2026-01-12,12:18:52,INFO,InventoryDB,Page view: /home by u4922,E103,Page view: {page} by {user}
33257,2026-01-12,12:46:35,INFO,PaymentGateway,Health check passed: PaymentGateway,E102,Health check passed: {service}
33258,2026-01-12,12:58:37,INFO,WebServer,Transaction tx797679 completed in 59ms,E104,Transaction {tx} completed in {time}ms
33259,2026-01-12,12:46:05,INFO,OrderProcessor,Health check passed: OrderProcessor,E102,Health check passed: {service}
33260,2026-01-12,12:13:59,INFO,OrderProcessor,Health check passed: OrderProcessor,E102,Health check passed: {service}
33261,2026-01-12,12:34:27,INFO,WebServer,Page view: /home by u1506,E103,Page view: {page} by {user}
33262,2026-01-12,12:44:11,INFO,WebServer,Health check passed: WebServer,E102,Health check passed: {service}
33263,2026-01-12,12:31:09,INFO,OrderProcessor,Transaction tx647187 completed in 974ms,E104,Transaction {tx} completed in {time}ms
33264,2026-01-12,12:22:45,INFO,WebServer,Transaction tx551806 completed in 577ms,E104,Transaction {tx} completed in {time}ms
33265,2026-01-12,12:10:47,INFO,OrderProcessor,Transaction tx775976 completed in 1378ms,E104,Transaction {tx} completed in {time}ms
33266,2026-01-12,12:56:22,INFO,WebServer,User u1296 login successful,E101,User {user} login successful
33267,2026-01-12,12:10:09,INFO,OrderProcessor,Transaction tx552042 completed in 1501ms,E104,Transaction {tx} completed in {time}ms
33268,2026-01-12,12:56:27,INFO,WebServer,Health check passed: WebServer,E102,Health check passed: {service}
33269,2026-01-12,12:55:25,INFO,AuthService,Health check passed: AuthService,E102,Health check passed: {service}
33270,2026-01-12,12:24:48,INFO,WebServer,User u3863 login successful,E101,User {user} login successful
33271,2026-01-12,12:07:39,INFO,WebServer,Transaction tx765085 completed in 584ms,E104,Transaction {tx} completed in {time}ms
33272,2026-01-12,12:54:55,INFO,WebServer,Transaction tx796394 completed in 147ms,E104,Transaction {tx} completed in {time}ms
33273,2026-01-12,12:23:47,INFO,PaymentGateway,User u3567 login successful,E101,User {user} login successful
33274,2026-01-12,12:49:14,INFO,AuthService,User u2693 login successful,E101,User {user} login successful
33275,2026-01-12,12:06:15,INFO,WebServer,Page view: /home by u3085,E103,Page view: {page} by {user}
33276,2026-01-12,12:20:21,INFO,OrderProcessor,Health check passed: OrderProcessor,E102,Health check passed: {service}
33277,2026-01-12,12:36:40,INFO,WebServer,Page view: /home by u2161,E103,Page view: {page} by {user}
33278,2026-01-12,12:09:44,INFO,AuthService,Transaction tx981530 completed in 1039ms,E104,Transaction {tx} completed in {time}ms
33279,2026-01-12,12:35:44,INFO,OrderProcessor,User u3290 login successful,E101,User {user} login successful
33280,2026-01-12,12:01:52,INFO,AuthService,User u1240 login successful,E101,User {user} login successful
33281,2026-01-12,12:46:49,INFO,WebServer,Health check passed: WebServer,E102,Health check passed: {service}
33282,2026-01-12,12:45:27,INFO,AuthService,Transaction tx646738 completed in 1671ms,E104,Transaction {tx} completed in {time}ms
33283,2026-01-12,12:59:02,INFO,InventoryDB,User u3767 login successful,E101,User {user} login successful
33284,2026-01-12,12:54:17,INFO,PaymentGateway,Transaction tx449227 completed in 860ms,E104,Transaction {tx} completed in {time}ms
33285,2026-01-12,12:58:12,INFO,OrderProcessor,Page view: /home by u4714,E103,Page view: {page} by {user}
33286,2026-01-12,12:36:03,INFO,WebServer,User u3260 login successful,E101,User {user} login successful
33287,2026-01-12,12:15:02,INFO,WebServer,Transaction tx438285 completed in 867ms,E104,Transaction {tx} completed in {time}ms
33288,2026-01-12,12:22:36,WARN,WebServer,Disk usage > 85% on node node-5,E202,Disk usage > 85% on node {node}
33289,2026-01-12,12:28:04,INFO,WebServer,Page view: /home by u2679,E103,Page view: {page} by {user}
33290,2026-01-12,12:25:27,INFO,AuthService,User u1519 login successful,E101,User {user} login successful
33291,2026-01-12,12:04:57,INFO,AuthService,Transaction tx407631 completed in 40ms,E104,Transaction {tx} completed in {time}ms
33292,2026-01-12,12:41:16,INFO,WebServer,User u3587 login successful,E101,User {user} login successful
33293,2026-01-12,12:04:06,INFO,WebServer,Health check passed: WebServer,E102,Health check passed: {service}
33294,2026-01-12,12:49:40,INFO,InventoryDB,Transaction tx162951 completed in 1010ms,E104,Transaction {tx} completed in {time}ms
33295,2026-01-12,12:22:38,INFO,AuthService,Page view: /home by u1181,E103,Page view: {page} by {user}
33296,2026-01-12,12:59:45,INFO,PaymentGateway,Transaction tx291255 completed in 1515ms,E104,Transaction {tx} completed in {time}ms
33297,2026-01-12,12:13:54,INFO,OrderProcessor,User u1205 login successful,E101,User {user} login successful
33298,2026-01-12,12:10:36,INFO,AuthService,Health check passed: AuthService,E102,Health check passed: {service}
33299,2026-01-12,12:04:44,INFO,AuthService,Page view: /home by u4605,E103,Page view: {page} by {user}
33300,2026-01-12,12:46:40,INFO,WebServer,User u4827 login successful,E101,User {user} login successful
33301,2026-01-12,12:51:15,INFO,WebServer,Health check passed: WebServer,E102,Health check passed: {service}
33302,2026-01-12,12:53:24,INFO,AuthService,Page view: /home by u1661,E103,Page view: {page} by {user}
33303,2026-01-12,12:09:17,INFO,AuthService,User u3566 login successful,E101,User {user} login successful
33304,2026-01-12,12:47:10,INFO,PaymentGateway,Health check passed: PaymentGateway,E102,Health check passed: {service}
33305,2026-01-12,12:10:15,INFO,AuthService,Transaction tx920957 completed in 1069ms,E104,Transaction {tx} completed in {time}ms
33306,2026-01-12,12:26:47,INFO,InventoryDB,User u3059 login successful,E101,User {user} login successful
33307,2026-01-12,12:27:46,INFO,WebServer,Page view: /home by u1060,E103,Page view: {page} by {user}
33308,2026-01-12,12:43:10,INFO,WebServer,Health check passed: WebServer,E102,Health check passed: {service}
33309,2026-01-12,12:34:07,INFO,WebServer,Transaction tx782794 completed in 439ms,E104,Transaction {tx} completed in {time}ms
33310,2026-01-12,12:15:33,INFO,WebServer,Page view: /home by u3490,E103,Page view: {page} by {user}
33311,2026-01-12,12:23:16,INFO,WebServer,Transaction tx292688 completed in 1638ms,E104,Transaction {tx} completed in {time}ms
33312,2026-01-12,12:53:54,INFO,WebServer,User u2417 login successful,E101,User {user} login successful
33313,2026-01-12,12:33:23,INFO,WebServer,Page view: /home by u3708,E103,Page view: {page} by {user}
33314,2026-01-12,12:06:12,INFO,WebServer,Transaction tx935327 completed in 399ms,E104,Transaction {tx} completed in {time}ms
33315,2026-01-12,12:22:56,INFO,WebServer,Transaction tx751591 completed in 855ms,E104,Transaction {tx} completed in {time}ms
33316,2026-01-12,12:26:59,WARN,InventoryDB,Unauthorized access attempt from 10.0.0.45,E401,Unauthorized access attempt from {ip}
33317,2026-01-12,12:39:29,INFO,AuthService,Page view: /home by u1571,E103,Page view: {page} by {user}
33318,2026-01-12,12:49:04,INFO,WebServer,Health check passed: WebServer,E102,Health check passed: {service}
33319,2026-01-12,12:35:56,INFO,WebServer,User u3217 login successful,E101,User {user} login successful
33320,2026-01-12,12:47:49,INFO,AuthService,User u1570 login successful,E101,User {user} login successful
33321,2026-01-12,12:48:32,INFO,WebServer,Page view: /home by u1612,E103,Page view: {page} by {user}
33322,2026-01-12,12:44:17,WARN,OrderProcessor,High latency (1984ms) detected on OrderProcessor,E201,High latency ({time}ms) detected on {service}
33323,2026-01-12,12:31:23,INFO,WebServer,Page view: /home by u3437,E103,Page view: {page} by {user}
33324,2026-01-12,12:48:46,INFO,WebServer,Transaction tx346398 completed in 1736ms,E104,Transaction {tx} completed in {time}ms
33325,2026-01-12,12:07:08,INFO,WebServer,Transaction tx440679 completed in 303ms,E104,Transaction {tx} completed in {time}ms
33326,2026-01-12,12:21:59,INFO,WebServer,Page view: /home by u1676,E103,Page view: {page} by {user}
33327,2026-01-12,12:10:15,INFO,AuthService,Health check passed: AuthService,E102,Health check passed: {service}
33328,2026-01-12,12:06:16,INFO,InventoryDB,Page view: /home by u2155,E103,Page view: {page} by {user}
33329,2026-01-12,12:01:12,INFO,AuthService,Page view: /home by u3692,E103,Page view: {page} by {user}
33330,2026-01-12,12:32:36,INFO,WebServer,Page view: /home by u3526,E103,Page view: {page} by {user}
33331,2026-01-12,12:31:07,WARN,InventoryDB,High latency (985ms) detected on InventoryDB,E201,High latency ({time}ms) detected on {service}
33332,2026-01-12,12:51:53,INFO,AuthService,Page view: /home by u4966,E103,Page view: {page} by {user}
33333,2026-01-12,12:10:45,INFO,PaymentGateway,Page view: /home by u4222,E103,Page view: {page} by {user}
33334,2026-01-12,12:33:51,INFO,OrderProcessor,Transaction tx572039 completed in 1941ms,E104,Transaction {tx} completed in {time}ms
33335,2026-01-12,12:40:53,INFO,WebServer,User u4581 login successful,E101,User {user} login successful
33336,2026-01-12,12:33:48,INFO,AuthService,User u2292 login successful,E101,User {user} login successful
33337,2026-01-12,12:45:36,INFO,WebServer,User u4998 login successful,E101,User {user} login successful
33338,2026-01-12,12:06:59,INFO,WebServer,Transaction tx477487 completed in 1333ms,E104,Transaction {tx} completed in {time}ms
33339,2026-01-12,12:00:01,INFO,WebServer,Transaction tx560165 completed in 1068ms,E104,Transaction {tx} completed in {time}ms
33340,2026-01-12,12:13:27,INFO,WebServer,Transaction tx586054 completed in 1697ms,E104,Transaction {tx} completed in {time}ms
33341,2026-01-12,12:08:16,INFO,WebServer,Transaction tx897599 completed in 445ms,E104,Transaction {tx} completed in {time}ms
33342,2026-01-12,12:20:24,INFO,OrderProcessor,Health check passed: OrderProcessor,E102,Health check passed: {service}
33343,2026-01-12,12:51:09,INFO,WebServer,User u3551 login successful,E101,User {user} login successful
33344,2026-01-12,12:48:50,INFO,OrderProcessor,Page view: /home by u2576,E103,Page view: {page} by {user}
33345,2026-01-12,12:39:29,INFO,WebServer,Transaction tx204825 completed in 1869ms,E104,Transaction {tx} completed in {time}ms
33346,2026-01-12,12:55:22,INFO,PaymentGateway,User u1731 login successful,E101,User {user} login successful
33347,2026-01-12,12:17:02,INFO,AuthService,Health check passed: AuthService,E102,Health check passed: {service}
33348,2026-01-12,12:16:13,INFO,WebServer,Page view: /home by u3020,E103,Page view: {page} by {user}
33349,2026-01-12,12:51:44,INFO,WebServer,Health check passed: WebServer,E102,Health check passed: {service}
33350,2026-01-12,12:21:15,INFO,WebServer,Transaction tx598530 completed in 1183ms,E104,Transaction {tx} completed in {time}ms
33351,2026-01-12,12:32:26,INFO,OrderProcessor,Health check passed: OrderProcessor,E102,Health check passed: {service}
33352,2026-01-12,12:50:21,INFO,AuthService,User u1089 login successful,E101,User {user} login successful
33353,2026-01-12,12:18:23,INFO,WebServer,Page view: /home by u2206,E103,Page view: {page} by {user}
33354,2026-01-12,12:32:28,INFO,WebServer,User u3391 login successful,E101,User {user} login successful
33355,2026-01-12,12:32:46,INFO,WebServer,Transaction tx194740 completed in 225ms,E104,Transaction {tx} completed in {time}ms
33356,2026-01-12,12:27:03,INFO,AuthService,Health check passed: AuthService,E102,Health check passed: {service}
33357,2026-01-12,12:58:38,INFO,WebServer,Health check passed: WebServer,E102,Health check passed: {service}
33358,2026-01-12,12:17:23,INFO,WebServer,User u1061 login successful,E101,User {user} login successful
33359,2026-01-12,12:42:43,INFO,OrderProcessor,Page view: /home by u2057,E103,Page view: {page} by {user}
33360,2026-01-12,12:35:36,INFO,PaymentGateway,Health check passed: PaymentGateway,E102,Health check passed: {service}
33361,2026-01-12,12:21:46,WARN,OrderProcessor,High latency (1726ms) detected on OrderProcessor,E201,High latency ({time}ms) detected on {service}
33362,2026-01-12,12:17:04,INFO,WebServer,Transaction tx447216 completed in 1416ms,E104,Transaction {tx} completed in {time}ms
33363,2026-01-12,12:51:03,INFO,OrderProcessor,User u4380 login successful,E101,User {user} login successful
33364,2026-01-12,12:30:14,INFO,AuthService,Transaction tx480769 completed in 1530ms,E104,Transaction {tx} completed in {time}ms
33365,2026-01-12,12:04:22,WARN,WebServer,Disk usage > 85% on node node-4,E202,Disk usage > 85% on node {node}
33366,2026-01-12,12:40:12,CRITICAL,WebServer,KERNEL PANIC: Node node-3 crashed,E601,KERNEL PANIC: Node {node} crashed
33367,2026-01-12,12:43:54,INFO,PaymentGateway,Page view: /home by u2520,E103,Page view: {page} by {user}
33368,2026-01-12,12:51:12,WARN,WebServer,High latency (619ms) detected on WebServer,E201,High latency ({time}ms) detected on {service}
33369,2026-01-12,12:22:22,INFO,PaymentGateway,User u1625 login successful,E101,User {user} login successful
33370,2026-01-12,12:52:56,INFO,AuthService,Health check passed: AuthService,E102,Health check passed: {service}
33371,2026-01-12,12:39:07,INFO,AuthService,Health check passed: AuthService,E102,Health check passed: {service}
33372,2026-01-12,12:24:18,INFO,OrderProcessor,User u1354 login successful,E101,User {user} login successful
33373,2026-01-12,12:34:20,INFO,WebServer,Health check passed: WebServer,E102,Health check passed: {service}
33374,2026-01-12,12:50:07,INFO,InventoryDB,Page view: /home by u3690,E103,Page view: {page} by {user}
33375,2026-01-12,12:00:02,ERROR,OrderProcessor,Connection refused to OrderProcessor at 10.0.0.45,E501,Connection refused to {service} at {ip}
33376,2026-01-12,12:38:34,INFO,WebServer,Transaction tx488756 completed in 337ms,E104,Transaction {tx} completed in {time}ms
33377,2026-01-12,12:11:44,INFO,OrderProcessor,Health check passed: OrderProcessor,E102,Health check passed: {service}
33378,2026-01-12,12:06:29,INFO,WebServer,Transaction tx440431 completed in 704ms,E104,Transaction {tx} completed in {time}ms
33379,2026-01-12,12:19:09,INFO,WebServer,Health check passed: WebServer,E102,Health check passed: {service}
33380,2026-01-12,12:23:03,INFO,PaymentGateway,Transaction tx603643 completed in 1113ms,E104,Transaction {tx} completed in {time}ms
33381,2026-01-12,12:27:50,INFO,WebServer,User u3112 login successful,E101,User {user} login successful
33382,2026-01-12,12:54:31,INFO,WebServer,Page view: /home by u3539,E103,Page view: {page} by {user}
33383,2026-01-12,12:08:03,INFO,PaymentGateway,Page view: /home by u3347,E103,Page view: {page} by {user}
33384,2026-01-12,12:30:28,INFO,AuthService,Health check passed: AuthService,E102,Health check passed: {service}
33385,2026-01-12,12:32:45,INFO,OrderProcessor,Page view: /home by u3863,E103,Page view: {page} by {user}
33386,2026-01-12,12:03:36,INFO,WebServer,Transaction tx778198 completed in 1053ms,E104,Transaction {tx} completed in {time}ms
33387,2026-01-12,12:08:40,INFO,InventoryDB,User u1388 login successful,E101,User {user} login successful
33388,2026-01-12,12:32:33,INFO,InventoryDB,User u3184 login successful,E101,User {user} login successful
33389,2026-01-12,12:19:49,INFO,WebServer,User u3149 login successful,E101,User {user} login successful
33390,2026-01-12,12:14:24,INFO,InventoryDB,Page view: /home by u1883,E103,Page view: {page} by {user}
33391,2026-01-12,12:35:27,INFO,WebServer,Health check passed: WebServer,E102,Health check passed: {service}
33392,2026-01-12,12:54:21,INFO,PaymentGateway,Page view: /home by u1218,E103,Page view: {page} by {user}
33393,2026-01-12,12:58:32,INFO,PaymentGateway,Page view: /home by u3424,E103,Page view: {page} by {user}
33394,2026-01-12,12:13:04,INFO,WebServer,Transaction tx301589 completed in 1122ms,E104,Transaction {tx} completed in {time}ms
33395,2026-01-12,12:49:45,INFO,OrderProcessor,Health check passed: OrderProcessor,E102,Health check passed: {service}
33396,2026-01-12,12:08:59,INFO,WebServer,Transaction tx256099 completed in 52ms,E104,Transaction {tx} completed in {time}ms
33397,2026-01-12,12:57:50,INFO,WebServer,Page view: /home by u4657,E103,Page view: {page} by {user}
33398,2026-01-12,12:05:07,INFO,WebServer,Health check passed: WebServer,E102,Health check passed: {service}
33399,2026-01-12,12:40:21,INFO,InventoryDB,Health check passed: InventoryDB,E102,Health check passed: {service}
33400,2026-01-12,12:43:59,INFO,OrderProcessor,Health check passed: OrderProcessor,E102,Health check passed: {service}
33401,2026-01-12,12:36:32,WARN,AuthService,High latency (1029ms) detected on AuthService,E201,High latency ({time}ms) detected on {service}
33402,2026-01-12,12:37:04,INFO,WebServer,User u4771 login successful,E101,User {user} login successful
33403,2026-01-12,12:16:39,INFO,PaymentGateway,Transaction tx725800 completed in 127ms,E104,Transaction {tx} completed in {time}ms
33404,2026-01-12,12:40:04,INFO,WebServer,User u2215 login successful,E101,User {user} login successful
33405,2026-01-12,12:34:14,INFO,OrderProcessor,Transaction tx779468 completed in 354ms,E104,Transaction {tx} completed in {time}ms
33406,2026-01-12,12:25:25,WARN,AuthService,Disk usage > 85% on node node-1,E202,Disk usage > 85% on node {node}
33407,2026-01-12,12:50:54,INFO,WebServer,Page view: /home by u3808,E103,Page view: {page} by {user}
33408,2026-01-12,12:15:27,INFO,WebServer,User u2140 login successful,E101,User {user} login successful
33409,2026-01-12,12:11:37,INFO,WebServer,Health check passed: WebServer,E102,Health check passed: {service}
33410,2026-01-12,12:21:15,INFO,AuthService,Page view: /home by u4823,E103,Page view: {page} by {user}
33411,2026-01-12,12:12:36,WARN,OrderProcessor,Disk usage > 85% on node node-4,E202,Disk usage > 85% on node {node}
33412,2026-01-12,12:26:26,INFO,InventoryDB,Transaction tx579916 completed in 921ms,E104,Transaction {tx} completed in {time}ms
33413,2026-01-12,12:24:39,INFO,AuthService,Transaction tx269345 completed in 706ms,E104,Transaction {tx} completed in {time}ms
33414,2026-01-12,12:08:39,INFO,WebServer,Transaction tx967552 completed in 1698ms,E104,Transaction {tx} completed in {time}ms
33415,2026-01-12,12:04:11,INFO,PaymentGateway,User u2900 login successful,E101,User {user} login successful
33416,2026-01-12,12:21:19,INFO,WebServer,Health check passed: WebServer,E102,Health check passed: {service}
33417,2026-01-12,12:18:14,INFO,OrderProcessor,User u1668 login successful,E101,User {user} login successful
33418,2026-01-12,12:02:35,INFO,WebServer,User u1507 login successful,E101,User {user} login successful
33419,2026-01-12,12:42:26,INFO,PaymentGateway,Health check passed: PaymentGateway,E102,Health check passed: {service}
33420,2026-01-12,12:10:53,INFO,WebServer,Health check passed: WebServer,E102,Health check passed: {service}
33421,2026-01-12,12:56:47,INFO,AuthService,Page view: /home by u2090,E103,Page view: {page} by {user}
33422,2026-01-12,12:49:53,INFO,InventoryDB,Transaction tx500457 completed in 245ms,E104,Transaction {tx} completed in {time}ms
33423,2026-01-12,12:20:17,INFO,WebServer,Page view: /home by u1748,E103,Page view: {page} by {user}
33424,2026-01-12,12:08:37,INFO,AuthService,Health check passed: AuthService,E102,Health check passed: {service}
33425,2026-01-12,12:38:08,INFO,WebServer,Transaction tx522054 completed in 334ms,E104,Transaction {tx} completed in {time}ms
33426,2026-01-12,12:24:33,INFO,WebServer,User u2680 login successful,E101,User {user} login successful
33427,2026-01-12,12:39:08,INFO,PaymentGateway,Health check passed: PaymentGateway,E102,Health check passed: {service}
33428,2026-01-12,12:09:02,INFO,OrderProcessor,User u1148 login successful,E101,User {user} login successful
33429,2026-01-12,12:42:17,INFO,WebServer,User u1793 login successful,E101,User {user} login successful
33430,2026-01-12,12:10:45,INFO,AuthService,User u4538 login successful,E101,User {user} login successful
33431,2026-01-12,12:56:26,INFO,AuthService,Transaction tx552482 completed in 1413ms,E104,Transaction {tx} completed in {time}ms
33432,2026-01-12,12:01:16,INFO,InventoryDB,Page view: /home by u2804,E103,Page view: {page} by {user}
33433,2026-01-12,12:04:12,ERROR,WebServer,Payment declined: Gateway unavailable,E503,Payment declined: Gateway unavailable
33434,2026-01-12,12:10:00,INFO,PaymentGateway,User u4410 login successful,E101,User {user} login successful
33435,2026-01-12,12:25:22,INFO,WebServer,User u2044 login successful,E101,User {user} login successful
33436,2026-01-12,12:13:11,INFO,AuthService,Health check passed: AuthService,E102,Health check passed: {service}
33437,2026-01-12,12:04:26,INFO,WebServer,Page view: /home by u3878,E103,Page view: {page} by {user}
33438,2026-01-12,12:38:47,INFO,InventoryDB,Transaction tx802735 completed in 1743ms,E104,Transaction {tx} completed in {time}ms
33439,2026-01-12,12:49:02,INFO,WebServer,User u4080 login successful,E101,User {user} login successful
33440,2026-01-12,12:58:36,INFO,WebServer,User u2693 login successful,E101,User {user} login successful
33441,2026-01-12,12:58:54,INFO,WebServer,User u4543 login successful,E101,User {user} login successful
33442,2026-01-12,12:13:28,INFO,WebServer,User u3204 login successful,E101,User {user} login successful
33443,2026-01-12,12:00:38,INFO,WebServer,Page view: /home by u1842,E103,Page view: {page} by {user}
33444,2026-01-12,12:32:27,INFO,AuthService,User u1811 login successful,E101,User {user} login successful
33445,2026-01-12,12:37:19,INFO,WebServer,Page view: /home by u2642,E103,Page view: {page} by {user}
33446,2026-01-12,12:19:04,INFO,InventoryDB,Page view: /home by u1198,E103,Page view: {page} by {user}
33447,2026-01-12,12:42:18,INFO,WebServer,Transaction tx379900 completed in 1755ms,E104,Transaction {tx} completed in {time}ms
33448,2026-01-12,12:23:37,INFO,WebServer,Health check passed: WebServer,E102,Health check passed: {service}
33449,2026-01-12,12:44:55,INFO,WebServer,Transaction tx493181 completed in 1019ms,E104,Transaction {tx} completed in {time}ms
33450,2026-01-12,12:02:17,INFO,AuthService,User u3927 login successful,E101,User {user} login successful
33451,2026-01-12,12:40:28,INFO,AuthService,User u1595 login successful,E101,User {user} login successful
33452,2026-01-12,12:01:09,INFO,WebServer,Page view: /home by u1366,E103,Page view: {page} by {user}
33453,2026-01-12,12:17:12,INFO,WebServer,Page view: /home by u4363,E103,Page view: {page} by {user}
33454,2026-01-12,12:58:33,WARN,OrderProcessor,Disk usage > 85% on node node-2,E202,Disk usage > 85% on node {node}
33455,2026-01-12,12:11:53,INFO,AuthService,Transaction tx232485 completed in 699ms,E104,Transaction {tx} completed in {time}ms
33456,2026-01-12,12:51:50,INFO,WebServer,User u4615 login successful,E101,User {user} login successful
33457,2026-01-12,12:54:08,INFO,InventoryDB,User u1655 login successful,E101,User {user} login successful
33458,2026-01-12,12:09:49,WARN,OrderProcessor,Disk usage > 85% on node node-5,E202,Disk usage > 85% on node {node}
33459,2026-01-12,12:53:13,INFO,AuthService,Page view: /home by u1718,E103,Page view: {page} by {user}
33460,2026-01-12,12:17:02,INFO,OrderProcessor,Transaction tx875118 completed in 1090ms,E104,Transaction {tx} completed in {time}ms
33461,2026-01-12,12:24:22,INFO,WebServer,Transaction tx361624 completed in 883ms,E104,Transaction {tx} completed in {time}ms
33462,2026-01-12,12:21:37,INFO,WebServer,User u1533 login successful,E101,User {user} login successful
33463,2026-01-12,12:39:14,INFO,WebServer,Page view: /home by u4661,E103,Page view: {page} by {user}
33464,2026-01-12,12:36:17,INFO,AuthService,Page view: /home by u1102,E103,Page view: {page} by {user}
33465,2026-01-12,12:45:04,INFO,InventoryDB,Transaction tx812409 completed in 474ms,E104,Transaction {tx} completed in {time}ms
33466,2026-01-12,12:13:49,INFO,PaymentGateway,Transaction tx311998 completed in 552ms,E104,Transaction {tx} completed in {time}ms
33467,2026-01-12,12:11:57,INFO,PaymentGateway,User u1860 login successful,E101,User {user} login successful
33468,2026-01-12,12:00:38,INFO,AuthService,Health check passed: AuthService,E102,Health check passed: {service}
33469,2026-01-12,12:03:26,INFO,WebServer,Transaction tx308460 completed in 303ms,E104,Transaction {tx} completed in {time}ms
33470,2026-01-12,12:47:28,INFO,WebServer,Page view: /home by u1207,E103,Page view: {page} by {user}
33471,2026-01-12,12:16:40,INFO,OrderProcessor,Health check passed: OrderProcessor,E102,Health check passed: {service}
33472,2026-01-12,12:46:51,INFO,WebServer,User u2093 login successful,E101,User {user} login successful
33473,2026-01-12,12:57:39,INFO,WebServer,Transaction tx478219 completed in 1904ms,E104,Transaction {tx} completed in {time}ms
33474,2026-01-12,12:05:47,INFO,OrderProcessor,Health check passed: OrderProcessor,E102,Health check passed: {service}
33475,2026-01-12,12:10:54,INFO,WebServer,Health check passed: WebServer,E102,Health check passed: {service}
33476,2026-01-12,12:04:04,INFO,WebServer,Page view: /home by u2320,E103,Page view: {page} by {user}
33477,2026-01-12,12:47:12,INFO,WebServer,Health check passed: WebServer,E102,Health check passed: {service}
33478,2026-01-12,12:51:53,INFO,OrderProcessor,Transaction tx324697 completed in 1134ms,E104,Transaction {tx} completed in {time}ms
33479,2026-01-12,12:11:41,INFO,WebServer,Transaction tx898025 completed in 187ms,E104,Transaction {tx} completed in {time}ms
33480,2026-01-12,12:57:41,INFO,OrderProcessor,Health check passed: OrderProcessor,E102,Health check passed: {service}
33481,2026-01-12,12:35:57,INFO,WebServer,User u2605 login successful,E101,User {user} login successful
33482,2026-01-12,12:00:47,INFO,AuthService,Health check passed: AuthService,E102,Health check passed: {service}
33483,2026-01-12,12:47:39,INFO,AuthService,Health check passed: AuthService,E102,Health check passed: {service}
33484,2026-01-12,12:47:59,INFO,InventoryDB,Transaction tx184778 completed in 1908ms,E104,Transaction {tx} completed in {time}ms
33485,2026-01-12,12:19:18,INFO,WebServer,Health check passed: WebServer,E102,Health check passed: {service}
33486,2026-01-12,12:41:35,INFO,OrderProcessor,User u2720 login successful,E101,User {user} login successful
33487,2026-01-12,12:25:44,INFO,WebServer,User u2657 login successful,E101,User {user} login successful
33488,2026-01-12,12:33:03,INFO,WebServer,Transaction tx393066 completed in 1816ms,E104,Transaction {tx} completed in {time}ms
33489,2026-01-12,12:28:34,INFO,PaymentGateway,Page view: /home by u4113,E103,Page view: {page} by {user}
33490,2026-01-12,12:37:24,INFO,OrderProcessor,User u2923 login successful,E101,User {user} login successful
33491,2026-01-12,12:13:51,INFO,WebServer,Health check passed: WebServer,E102,Health check passed: {service}
33492,2026-01-12,12:42:29,INFO,PaymentGateway,Transaction tx343028 completed in 602ms,E104,Transaction {tx} completed in {time}ms
33493,2026-01-12,12:04:52,INFO,OrderProcessor,Transaction tx219684 completed in 291ms,E104,Transaction {tx} completed in {time}ms
33494,2026-01-12,12:18:30,INFO,InventoryDB,User u4075 login successful,E101,User {user} login successful
33495,2026-01-12,12:06:05,INFO,InventoryDB,Transaction tx424760 completed in 218ms,E104,Transaction {tx} completed in {time}ms
33496,2026-01-12,12:58:10,INFO,WebServer,User u1096 login successful,E101,User {user} login successful
33497,2026-01-12,12:44:02,INFO,AuthService,Page view: /home by u3527,E103,Page view: {page} by {user}
33498,2026-01-12,12:30:57,INFO,OrderProcessor,Health check passed: OrderProcessor,E102,Health check passed: {service}
33499,2026-01-12,12:10:10,INFO,WebServer,Page view: /home by u4991,E103,Page view: {page} by {user}
33500,2026-01-12,12:22:27,INFO,WebServer,Transaction tx118116 completed in 1741ms,E104,Transaction {tx} completed in {time}ms
33501,2026-01-12,12:29:59,INFO,WebServer,Transaction tx408630 completed in 550ms,E104,Transaction {tx} completed in {time}ms
33502,2026-01-12,12:07:54,INFO,InventoryDB,Transaction tx705884 completed in 1820ms,E104,Transaction {tx} completed in {time}ms
33503,2026-01-12,12:43:12,INFO,PaymentGateway,Transaction tx329915 completed in 94ms,E104,Transaction {tx} completed in {time}ms
33504,2026-01-12,12:55:40,INFO,WebServer,Page view: /home by u4343,E103,Page view: {page} by {user}
33505,2026-01-12,12:05:47,INFO,WebServer,Health check passed: WebServer,E102,Health check passed: {service}
33506,2026-01-12,12:19:38,INFO,WebServer,Health check passed: WebServer,E102,Health check passed: {service}
33507,2026-01-12,12:00:26,INFO,AuthService,Transaction tx137287 completed in 226ms,E104,Transaction {tx} completed in {time}ms
33508,2026-01-12,12:16:06,INFO,OrderProcessor,Transaction tx231067 completed in 773ms,E104,Transaction {tx} completed in {time}ms
33509,2026-01-12,12:01:20,INFO,AuthService,Health check passed: AuthService,E102,Health check passed: {service}
33510,2026-01-12,12:47:02,INFO,AuthService,User u1408 login successful,E101,User {user} login successful
33511,2026-01-12,12:44:54,INFO,PaymentGateway,Transaction tx447407 completed in 1836ms,E104,Transaction {tx} completed in {time}ms
33512,2026-01-12,12:05:06,INFO,AuthService,User u1668 login successful,E101,User {user} login successful
33513,2026-01-12,12:16:37,INFO,WebServer,User u3268 login successful,E101,User {user} login successful
33514,2026-01-12,12:45:20,INFO,WebServer,Page view: /home by u1956,E103,Page view: {page} by {user}
33515,2026-01-12,12:43:46,ERROR,AuthService,Payment declined: Gateway unavailable,E503,Payment declined: Gateway unavailable
33516,2026-01-12,12:03:54,INFO,OrderProcessor,User u4792 login successful,E101,User {user} login successful
33517,2026-01-12,12:31:52,INFO,WebServer,Health check passed: WebServer,E102,Health check passed: {service}
33518,2026-01-12,12:48:01,INFO,OrderProcessor,Transaction tx483881 completed in 427ms,E104,Transaction {tx} completed in {time}ms
33519,2026-01-12,12:01:56,INFO,OrderProcessor,User u1844 login successful,E101,User {user} login successful
33520,2026-01-12,12:43:39,INFO,WebServer,Page view: /home by u1692,E103,Page view: {page} by {user}
33521,2026-01-12,12:42:35,INFO,AuthService,User u3877 login successful,E101,User {user} login successful
33522,2026-01-12,12:45:28,INFO,InventoryDB,Transaction tx371107 completed in 1560ms,E104,Transaction {tx} completed in {time}ms
33523,2026-01-12,12:50:07,INFO,OrderProcessor,Health check passed: OrderProcessor,E102,Health check passed: {service}
33524,2026-01-12,12:41:28,INFO,WebServer,User u2061 login successful,E101,User {user} login successful
33525,2026-01-12,12:51:41,INFO,AuthService,Page view: /home by u3097,E103,Page view: {page} by {user}
33526,2026-01-12,12:55:56,INFO,PaymentGateway,Health check passed: PaymentGateway,E102,Health check passed: {service}
33527,2026-01-12,12:49:55,INFO,AuthService,Page view: /home by u1640,E103,Page view: {page} by {user}
33528,2026-01-12,12:47:07,INFO,WebServer,User u1386 login successful,E101,User {user} login successful
33529,2026-01-12,12:17:29,INFO,AuthService,User u4570 login successful,E101,User {user} login successful
33530,2026-01-12,12:47:22,INFO,PaymentGateway,Transaction tx694843 completed in 770ms,E104,Transaction {tx} completed in {time}ms
33531,2026-01-12,12:09:55,INFO,AuthService,Transaction tx312788 completed in 1039ms,E104,Transaction {tx} completed in {time}ms
33532,2026-01-12,12:54:18,INFO,WebServer,Health check passed: WebServer,E102,Health check passed: {service}
33533,2026-01-12,12:37:21,INFO,WebServer,Health check passed: WebServer,E102,Health check passed: {service}
33534,2026-01-12,12:34:01,INFO,AuthService,Health check passed: AuthService,E102,Health check passed: {service}
33535,2026-01-12,12:23:25,INFO,WebServer,Transaction tx577889 completed in 662ms,E104,Transaction {tx} completed in {time}ms
33536,2026-01-12,12:31:58,INFO,OrderProcessor,Page view: /home by u1546,E103,Page view: {page} by {user}
33537,2026-01-12,12:27:51,INFO,OrderProcessor,Page view: /home by u1782,E103,Page view: {page} by {user}
33538,2026-01-12,12:54:01,INFO,OrderProcessor,Page view: /home by u1988,E103,Page view: {page} by {user}
33539,2026-01-12,12:22:37,INFO,AuthService,Health check passed: AuthService,E102,Health check passed: {service}
33540,2026-01-12,12:10:07,WARN,OrderProcessor,Disk usage > 85% on node node-1,E202,Disk usage > 85% on node {node}
33541,2026-01-12,12:35:59,INFO,WebServer,User u1793 login successful,E101,User {user} login successful
33542,2026-01-12,12:08:05,INFO,PaymentGateway,User u2302 login successful,E101,User {user} login successful
33543,2026-01-12,12:26:00,WARN,OrderProcessor,High latency (1458ms) detected on OrderProcessor,E201,High latency ({time}ms) detected on {service}
33544,2026-01-12,12:25:02,INFO,WebServer,Transaction tx285490 completed in 334ms,E104,Transaction {tx} completed in {time}ms
33545,2026-01-12,12:20:04,INFO,AuthService,User u2235 login successful,E101,User {user} login successful
33546,2026-01-12,12:47:53,INFO,OrderProcessor,User u2787 login successful,E101,User {user} login successful
33547,2026-01-12,12:25:09,INFO,AuthService,User u2235 login successful,E101,User {user} login successful
33548,2026-01-12,12:47:32,WARN,WebServer,Disk usage > 85% on node node-4,E202,Disk usage > 85% on node {node}
33549,2026-01-12,12:43:11,INFO,InventoryDB,Transaction tx472796 completed in 72ms,E104,Transaction {tx} completed in {time}ms
33550,2026-01-12,12:33:13,INFO,AuthService,User u4542 login successful,E101,User {user} login successful
33551,2026-01-12,12:36:30,INFO,AuthService,Transaction tx982144 completed in 511ms,E104,Transaction {tx} completed in {time}ms
33552,2026-01-12,12:58:09,INFO,OrderProcessor,Transaction tx719504 completed in 1374ms,E104,Transaction {tx} completed in {time}ms
33553,2026-01-12,12:38:36,INFO,AuthService,Transaction tx707858 completed in 1029ms,E104,Transaction {tx} completed in {time}ms
33554,2026-01-12,12:16:58,INFO,WebServer,User u2432 login successful,E101,User {user} login successful
33555,2026-01-12,12:22:12,INFO,WebServer,Page view: /home by u1389,E103,Page view: {page} by {user}
33556,2026-01-12,12:25:55,INFO,OrderProcessor,Health check passed: OrderProcessor,E102,Health check passed: {service}
33557,2026-01-12,12:25:58,INFO,WebServer,Health check passed: WebServer,E102,Health check passed: {service}
33558,2026-01-12,12:16:55,INFO,InventoryDB,Health check passed: InventoryDB,E102,Health check passed: {service}
33559,2026-01-12,12:11:08,INFO,WebServer,Page view: /home by u1408,E103,Page view: {page} by {user}
33560,2026-01-12,12:46:29,INFO,OrderProcessor,Transaction tx365032 completed in 1112ms,E104,Transaction {tx} completed in {time}ms
33561,2026-01-12,12:16:24,INFO,InventoryDB,Page view: /home by u1175,E103,Page view: {page} by {user}
33562,2026-01-12,12:06:31,INFO,WebServer,Page view: /home by u4255,E103,Page view: {page} by {user}
33563,2026-01-12,12:24:32,INFO,AuthService,User u4268 login successful,E101,User {user} login successful
33564,2026-01-12,12:15:56,INFO,WebServer,Page view: /home by u1809,E103,Page view: {page} by {user}
33565,2026-01-12,12:38:48,INFO,WebServer,User u3067 login successful,E101,User {user} login successful
33566,2026-01-12,12:55:16,INFO,WebServer,Transaction tx958592 completed in 667ms,E104,Transaction {tx} completed in {time}ms
33567,2026-01-12,12:11:42,INFO,OrderProcessor,User u4943 login successful,E101,User {user} login successful
33568,2026-01-12,12:16:46,INFO,WebServer,Transaction tx284025 completed in 1460ms,E104,Transaction {tx} completed in {time}ms
33569,2026-01-12,12:49:26,INFO,OrderProcessor,Health check passed: OrderProcessor,E102,Health check passed: {service}
33570,2026-01-12,12:18:44,INFO,WebServer,Page view: /home by u1165,E103,Page view: {page} by {user}
33571,2026-01-12,12:00:37,WARN,PaymentGateway,Disk usage > 85% on node node-4,E202,Disk usage > 85% on node {node}
33572,2026-01-12,12:55:42,INFO,OrderProcessor,User u4952 login successful,E101,User {user} login successful
33573,2026-01-12,12:36:24,INFO,PaymentGateway,Transaction tx866068 completed in 669ms,E104,Transaction {tx} completed in {time}ms
33574,2026-01-12,12:34:45,INFO,AuthService,Transaction tx142016 completed in 192ms,E104,Transaction {tx} completed in {time}ms
33575,2026-01-12,12:43:41,INFO,WebServer,User u1838 login successful,E101,User {user} login successful
33576,2026-01-12,12:38:37,INFO,PaymentGateway,User u2754 login successful,E101,User {user} login successful
33577,2026-01-12,12:17:57,INFO,PaymentGateway,Transaction tx578523 completed in 1175ms,E104,Transaction {tx} completed in {time}ms
33578,2026-01-12,12:43:53,INFO,WebServer,User u2368 login successful,E101,User {user} login successful
33579,2026-01-12,12:55:15,WARN,WebServer,High latency (905ms) detected on WebServer,E201,High latency ({time}ms) detected on {service}
33580,2026-01-12,12:49:22,INFO,AuthService,Health check passed: AuthService,E102,Health check passed: {service}
33581,2026-01-12,12:08:48,INFO,WebServer,Page view: /home by u4396,E103,Page view: {page} by {user}
33582,2026-01-12,12:51:03,INFO,WebServer,Transaction tx216647 completed in 107ms,E104,Transaction {tx} completed in {time}ms
33583,2026-01-12,12:25:48,INFO,WebServer,Transaction tx191825 completed in 1385ms,E104,Transaction {tx} completed in {time}ms
33584,2026-01-12,12:03:37,INFO,AuthService,Health check passed: AuthService,E102,Health check passed: {service}
33585,2026-01-12,12:56:31,INFO,WebServer,Transaction tx148797 completed in 526ms,E104,Transaction {tx} completed in {time}ms
33586,2026-01-12,12:52:00,INFO,WebServer,User u1243 login successful,E101,User {user} login successful
33587,2026-01-12,12:10:51,INFO,WebServer,Transaction tx946357 completed in 1508ms,E104,Transaction {tx} completed in {time}ms
33588,2026-01-12,12:32:21,INFO,AuthService,Health check passed: AuthService,E102,Health check passed: {service}
33589,2026-01-12,12:56:37,INFO,AuthService,Health check passed: AuthService,E102,Health check passed: {service}
33590,2026-01-12,12:14:57,INFO,OrderProcessor,Health check passed: OrderProcessor,E102,Health check passed: {service}
33591,2026-01-12,12:09:47,INFO,AuthService,Health check passed: AuthService,E102,Health check passed: {service}
33592,2026-01-12,12:09:48,INFO,PaymentGateway,Health check passed: PaymentGateway,E102,Health check passed: {service}
33593,2026-01-12,12:46:03,INFO,AuthService,Transaction tx518702 completed in 666ms,E104,Transaction {tx} completed in {time}ms
33594,2026-01-12,12:41:14,INFO,AuthService,Page view: /home by u1394,E103,Page view: {page} by {user}
33595,2026-01-12,12:15:02,INFO,WebServer,Health check passed: WebServer,E102,Health check passed: {service}
33596,2026-01-12,12:16:14,INFO,WebServer,Transaction tx747611 completed in 90ms,E104,Transaction {tx} completed in {time}ms
33597,2026-01-12,12:37:11,INFO,AuthService,Health check passed: AuthService,E102,Health check passed: {service}
33598,2026-01-12,12:16:39,INFO,WebServer,User u3481 login successful,E101,User {user} login successful
33599,2026-01-12,12:21:43,WARN,AuthService,Disk usage > 85% on node node-5,E202,Disk usage > 85% on node {node}
33600,2026-01-12,12:16:48,INFO,OrderProcessor,Page view: /home by u1117,E103,Page view: {page} by {user}
33601,2026-01-12,12:14:13,INFO,WebServer,User u1876 login successful,E101,User {user} login successful
33602,2026-01-12,12:16:58,INFO,WebServer,Transaction tx785453 completed in 1539ms,E104,Transaction {tx} completed in {time}ms
33603,2026-01-12,12:52:38,INFO,PaymentGateway,Page view: /home by u1515,E103,Page view: {page} by {user}
33604,2026-01-12,12:54:37,INFO,WebServer,Page view: /home by u1601,E103,Page view: {page} by {user}
33605,2026-01-12,12:00:21,INFO,PaymentGateway,Transaction tx264500 completed in 1339ms,E104,Transaction {tx} completed in {time}ms
33606,2026-01-12,12:28:28,INFO,WebServer,Transaction tx456537 completed in 688ms,E104,Transaction {tx} completed in {time}ms
33607,2026-01-12,12:27:16,INFO,WebServer,Health check passed: WebServer,E102,Health check passed: {service}
33608,2026-01-12,12:42:30,INFO,WebServer,Health check passed: WebServer,E102,Health check passed: {service}
33609,2026-01-12,12:37:50,WARN,AuthService,Unauthorized access attempt from 10.0.0.12,E401,Unauthorized access attempt from {ip}
33610,2026-01-12,12:30:38,INFO,WebServer,Page view: /home by u4662,E103,Page view: {page} by {user}
33611,2026-01-12,12:14:30,INFO,AuthService,Transaction tx437589 completed in 1013ms,E104,Transaction {tx} completed in {time}ms
33612,2026-01-12,12:47:55,INFO,WebServer,Page view: /home by u1851,E103,Page view: {page} by {user}
33613,2026-01-12,12:28:06,INFO,WebServer,User u2906 login successful,E101,User {user} login successful
33614,2026-01-12,12:59:35,INFO,WebServer,Page view: /home by u4864,E103,Page view: {page} by {user}
33615,2026-01-12,12:01:05,INFO,WebServer,Health check passed: WebServer,E102,Health check passed: {service}
33616,2026-01-12,12:11:36,INFO,OrderProcessor,Transaction tx205350 completed in 1560ms,E104,Transaction {tx} completed in {time}ms
33617,2026-01-12,12:21:53,INFO,WebServer,Transaction tx796739 completed in 1965ms,E104,Transaction {tx} completed in {time}ms
33618,2026-01-12,12:31:58,INFO,WebServer,Transaction tx632044 completed in 547ms,E104,Transaction {tx} completed in {time}ms
33619,2026-01-12,12:21:43,INFO,WebServer,Health check passed: WebServer,E102,Health check passed: {service}
33620,2026-01-12,12:34:50,INFO,PaymentGateway,User u3838 login successful,E101,User {user} login successful
33621,2026-01-12,12:36:28,INFO,WebServer,Health check passed: WebServer,E102,Health check passed: {service}
33622,2026-01-12,12:38:11,INFO,WebServer,Page view: /home by u4981,E103,Page view: {page} by {user}
33623,2026-01-12,12:37:09,INFO,AuthService,Page view: /home by u1332,E103,Page view: {page} by {user}
33624,2026-01-12,12:02:55,INFO,WebServer,Transaction tx746182 completed in 971ms,E104,Transaction {tx} completed in {time}ms
33625,2026-01-12,12:36:59,INFO,OrderProcessor,User u1794 login successful,E101,User {user} login successful
33626,2026-01-12,12:19:15,INFO,WebServer,Health check passed: WebServer,E102,Health check passed: {service}
33627,2026-01-12,12:41:58,INFO,WebServer,Transaction tx408922 completed in 718ms,E104,Transaction {tx} completed in {time}ms
33628,2026-01-12,12:23:35,INFO,AuthService,Transaction tx783968 completed in 627ms,E104,Transaction {tx} completed in {time}ms
33629,2026-01-12,12:46:49,INFO,WebServer,User u2465 login successful,E101,User {user} login successful
33630,2026-01-12,12:41:39,INFO,InventoryDB,Page view: /home by u3292,E103,Page view: {page} by {user}
33631,2026-01-12,12:58:28,INFO,AuthService,Page view: /home by u2662,E103,Page view: {page} by {user}
33632,2026-01-12,12:38:41,INFO,WebServer,Health check passed: WebServer,E102,Health check passed: {service}
33633,2026-01-12,12:54:01,INFO,AuthService,User u2783 login successful,E101,User {user} login successful
33634,2026-01-12,12:58:57,INFO,PaymentGateway,Health check passed: PaymentGateway,E102,Health check passed: {service}
33635,2026-01-12,12:26:35,INFO,AuthService,Transaction tx545403 completed in 1668ms,E104,Transaction {tx} completed in {time}ms
33636,2026-01-12,12:49:05,INFO,WebServer,Health check passed: WebServer,E102,Health check passed: {service}
33637,2026-01-12,12:54:45,INFO,WebServer,Page view: /home by u2956,E103,Page view: {page} by {user}
33638,2026-01-12,12:13:34,INFO,AuthService,User u1604 login successful,E101,User {user} login successful
33639,2026-01-12,12:36:27,INFO,WebServer,User u2926 login successful,E101,User {user} login successful
33640,2026-01-12,12:10:16,INFO,WebServer,Health check passed: WebServer,E102,Health check passed: {service}
33641,2026-01-12,12:32:11,INFO,WebServer,Health check passed: WebServer,E102,Health check passed: {service}
33642,2026-01-12,12:47:02,INFO,AuthService,Health check passed: AuthService,E102,Health check passed: {service}
33643,2026-01-12,12:09:53,INFO,AuthService,Health check passed: AuthService,E102,Health check passed: {service}
33644,2026-01-12,12:50:28,WARN,AuthService,Disk usage > 85% on node node-2,E202,Disk usage > 85% on node {node}
33645,2026-01-12,12:16:01,INFO,OrderProcessor,Health check passed: OrderProcessor,E102,Health check passed: {service}
33646,2026-01-12,12:36:35,CRITICAL,OrderProcessor,DATA CORRUPTION detected in sector 885,E602,DATA CORRUPTION detected in sector {sector}
33647,2026-01-12,12:27:25,ERROR,WebServer,Timeout waiting for lock on InventoryDB,E502,Timeout waiting for lock on {db}
33648,2026-01-12,12:07:29,INFO,WebServer,Page view: /home by u1727,E103,Page view: {page} by {user}
33649,2026-01-12,12:23:55,INFO,WebServer,Page view: /home by u1846,E103,Page view: {page} by {user}
33650,2026-01-12,12:47:19,INFO,WebServer,Page view: /home by u4271,E103,Page view: {page} by {user}
33651,2026-01-12,12:17:21,INFO,WebServer,Health check passed: WebServer,E102,Health check passed: {service}
33652,2026-01-12,12:48:13,INFO,AuthService,User u3398 login successful,E101,User {user} login successful
33653,2026-01-12,12:00:17,INFO,WebServer,Transaction tx683857 completed in 1478ms,E104,Transaction {tx} completed in {time}ms
33654,2026-01-12,12:06:40,INFO,OrderProcessor,Transaction tx134230 completed in 954ms,E104,Transaction {tx} completed in {time}ms
33655,2026-01-12,12:24:01,INFO,WebServer,Health check passed: WebServer,E102,Health check passed: {service}
33656,2026-01-12,12:43:32,INFO,WebServer,Transaction tx482580 completed in 1337ms,E104,Transaction {tx} completed in {time}ms
33657,2026-01-12,12:13:19,INFO,PaymentGateway,Page view: /home by u2483,E103,Page view: {page} by {user}
33658,2026-01-12,12:20:16,INFO,WebServer,Page view: /home by u3121,E103,Page view: {page} by {user}
33659,2026-01-12,12:40:16,INFO,WebServer,Transaction tx705042 completed in 1825ms,E104,Transaction {tx} completed in {time}ms
33660,2026-01-12,12:12:48,INFO,WebServer,Transaction tx717072 completed in 996ms,E104,Transaction {tx} completed in {time}ms
33661,2026-01-12,12:39:35,INFO,WebServer,User u2616 login successful,E101,User {user} login successful
33662,2026-01-12,12:46:40,ERROR,OrderProcessor,Payment declined: Gateway unavailable,E503,Payment declined: Gateway unavailable
33663,2026-01-12,12:59:10,INFO,WebServer,User u4527 login successful,E101,User {user} login successful
33664,2026-01-12,12:17:18,INFO,AuthService,Page view: /home by u2934,E103,Page view: {page} by {user}
33665,2026-01-12,12:55:22,INFO,AuthService,User u3109 login successful,E101,User {user} login successful
33666,2026-01-12,12:45:55,INFO,WebServer,Page view: /home by u1276,E103,Page view: {page} by {user}
33667,2026-01-12,12:09:58,INFO,PaymentGateway,Transaction tx702952 completed in 1161ms,E104,Transaction {tx} completed in {time}ms
33668,2026-01-12,12:42:34,INFO,AuthService,User u3937 login successful,E101,User {user} login successful
33669,2026-01-12,12:27:30,INFO,OrderProcessor,Page view: /home by u4780,E103,Page view: {page} by {user}
33670,2026-01-12,12:45:38,INFO,OrderProcessor,Health check passed: OrderProcessor,E102,Health check passed: {service}
33671,2026-01-12,12:21:30,INFO,AuthService,Health check passed: AuthService,E102,Health check passed: {service}
33672,2026-01-12,12:29:31,INFO,WebServer,Page view: /home by u1433,E103,Page view: {page} by {user}
33673,2026-01-12,12:57:26,INFO,WebServer,Health check passed: WebServer,E102,Health check passed: {service}
33674,2026-01-12,12:09:23,INFO,AuthService,Health check passed: AuthService,E102,Health check passed: {service}
33675,2026-01-12,12:01:40,INFO,WebServer,Transaction tx720918 completed in 1601ms,E104,Transaction {tx} completed in {time}ms
33676,2026-01-12,12:52:13,INFO,WebServer,Transaction tx873111 completed in 1304ms,E104,Transaction {tx} completed in {time}ms
33677,2026-01-12,12:12:30,INFO,WebServer,Page view: /home by u2124,E103,Page view: {page} by {user}
33678,2026-01-12,12:44:39,INFO,AuthService,Health check passed: AuthService,E102,Health check passed: {service}
33679,2026-01-12,12:10:53,INFO,WebServer,Page view: /home by u3017,E103,Page view: {page} by {user}
33680,2026-01-12,12:48:20,WARN,WebServer,Unauthorized access attempt from 10.0.0.10,E401,Unauthorized access attempt from {ip}
33681,2026-01-12,12:23:41,INFO,WebServer,Page view: /home by u3409,E103,Page view: {page} by {user}
33682,2026-01-12,12:30:22,WARN,WebServer,Disk usage > 85% on node node-2,E202,Disk usage > 85% on node {node}
33683,2026-01-12,12:59:59,ERROR,WebServer,Payment declined: Gateway unavailable,E503,Payment declined: Gateway unavailable
33684,2026-01-12,12:54:07,INFO,OrderProcessor,Health check passed: OrderProcessor,E102,Health check passed: {service}
33685,2026-01-12,12:24:18,CRITICAL,WebServer,DATA CORRUPTION detected in sector 553,E602,DATA CORRUPTION detected in sector {sector}
33686,2026-01-12,12:45:16,INFO,WebServer,Transaction tx332597 completed in 632ms,E104,Transaction {tx} completed in {time}ms
33687,2026-01-12,12:09:59,INFO,WebServer,Page view: /home by u4627,E103,Page view: {page} by {user}
33688,2026-01-12,12:20:32,WARN,PaymentGateway,Unauthorized access attempt from 10.0.0.99,E401,Unauthorized access attempt from {ip}
33689,2026-01-12,12:44:27,INFO,WebServer,Page view: /home by u1257,E103,Page view: {page} by {user}
33690,2026-01-12,12:02:42,INFO,InventoryDB,Health check passed: InventoryDB,E102,Health check passed: {service}
33691,2026-01-12,12:15:07,INFO,WebServer,Transaction tx444183 completed in 529ms,E104,Transaction {tx} completed in {time}ms
33692,2026-01-12,12:55:21,INFO,WebServer,Transaction tx918430 completed in 425ms,E104,Transaction {tx} completed in {time}ms
33693,2026-01-12,12:58:24,INFO,OrderProcessor,Health check passed: OrderProcessor,E102,Health check passed: {service}
33694,2026-01-12,12:33:39,INFO,OrderProcessor,Transaction tx601935 completed in 128ms,E104,Transaction {tx} completed in {time}ms
33695,2026-01-12,12:43:31,INFO,WebServer,Transaction tx375274 completed in 471ms,E104,Transaction {tx} completed in {time}ms
33696,2026-01-12,12:51:29,INFO,InventoryDB,User u2110 login successful,E101,User {user} login successful
33697,2026-01-12,12:21:35,INFO,WebServer,User u3190 login successful,E101,User {user} login successful
33698,2026-01-12,12:05:13,WARN,OrderProcessor,Unauthorized access attempt from 192.168.1.5,E401,Unauthorized access attempt from {ip}
33699,2026-01-12,12:05:41,INFO,OrderProcessor,Page view: /home by u1946,E103,Page view: {page} by {user}
33700,2026-01-12,12:00:32,INFO,WebServer,Health check passed: WebServer,E102,Health check passed: {service}
33701,2026-01-12,12:31:39,INFO,OrderProcessor,User u3337 login successful,E101,User {user} login successful
33702,2026-01-12,12:41:10,INFO,WebServer,Transaction tx391586 completed in 178ms,E104,Transaction {tx} completed in {time}ms
33703,2026-01-12,12:34:12,INFO,AuthService,User u2577 login successful,E101,User {user} login successful
33704,2026-01-12,12:05:22,INFO,WebServer,Transaction tx190518 completed in 1915ms,E104,Transaction {tx} completed in {time}ms
33705,2026-01-12,12:59:19,INFO,AuthService,User u2888 login successful,E101,User {user} login successful
33706,2026-01-12,12:28:13,INFO,WebServer,Transaction tx940057 completed in 227ms,E104,Transaction {tx} completed in {time}ms
33707,2026-01-12,12:57:08,INFO,WebServer,Transaction tx212384 completed in 401ms,E104,Transaction {tx} completed in {time}ms
33708,2026-01-12,12:03:20,INFO,WebServer,Page view: /home by u2751,E103,Page view: {page} by {user}
33709,2026-01-12,12:07:07,INFO,WebServer,Page view: /home by u3007,E103,Page view: {page} by {user}
33710,2026-01-12,12:37:05,INFO,PaymentGateway,User u1838 login successful,E101,User {user} login successful
33711,2026-01-12,12:45:44,INFO,WebServer,Transaction tx440070 completed in 1356ms,E104,Transaction {tx} completed in {time}ms
33712,2026-01-12,12:00:48,INFO,PaymentGateway,Transaction tx679069 completed in 1595ms,E104,Transaction {tx} completed in {time}ms
33713,2026-01-12,12:01:24,INFO,AuthService,User u3453 login successful,E101,User {user} login successful
33714,2026-01-12,12:14:14,INFO,OrderProcessor,Page view: /home by u3065,E103,Page view: {page} by {user}
33715,2026-01-12,12:29:44,INFO,WebServer,Page view: /home by u2348,E103,Page view: {page} by {user}
33716,2026-01-12,12:16:25,INFO,WebServer,Page view: /home by u4562,E103,Page view: {page} by {user}
33717,2026-01-12,12:23:18,INFO,InventoryDB,Transaction tx207104 completed in 763ms,E104,Transaction {tx} completed in {time}ms
33718,2026-01-12,12:47:47,INFO,OrderProcessor,User u4829 login successful,E101,User {user} login successful
33719,2026-01-12,12:22:26,INFO,WebServer,Page view: /home by u4213,E103,Page view: {page} by {user}
33720,2026-01-12,12:36:00,INFO,PaymentGateway,Page view: /home by u1441,E103,Page view: {page} by {user}
33721,2026-01-12,12:11:07,ERROR,OrderProcessor,Payment declined: Gateway unavailable,E503,Payment declined: Gateway unavailable
33722,2026-01-12,12:32:24,INFO,PaymentGateway,Health check passed: PaymentGateway,E102,Health check passed: {service}
33723,2026-01-12,12:31:17,INFO,AuthService,Page view: /home by u1682,E103,Page view: {page} by {user}
33724,2026-01-12,12:29:10,INFO,AuthService,Transaction tx469751 completed in 1413ms,E104,Transaction {tx} completed in {time}ms
33725,2026-01-12,12:05:24,INFO,AuthService,User u2784 login successful,E101,User {user} login successful
33726,2026-01-12,12:50:09,INFO,PaymentGateway,Health check passed: PaymentGateway,E102,Health check passed: {service}
33727,2026-01-12,12:59:56,INFO,WebServer,Page view: /home by u2537,E103,Page view: {page} by {user}
33728,2026-01-12,12:26:52,INFO,AuthService,User u3715 login successful,E101,User {user} login successful
33729,2026-01-12,12:24:58,INFO,OrderProcessor,Transaction tx754760 completed in 1552ms,E104,Transaction {tx} completed in {time}ms
33730,2026-01-12,12:07:14,INFO,OrderProcessor,Health check passed: OrderProcessor,E102,Health check passed: {service}
33731,2026-01-12,12:47:58,INFO,WebServer,Transaction tx418007 completed in 819ms,E104,Transaction {tx} completed in {time}ms
33732,2026-01-12,12:03:36,INFO,OrderProcessor,Health check passed: OrderProcessor,E102,Health check passed: {service}
33733,2026-01-12,12:24:50,INFO,WebServer,Page view: /home by u1839,E103,Page view: {page} by {user}
33734,2026-01-12,12:40:30,INFO,PaymentGateway,Health check passed: PaymentGateway,E102,Health check passed: {service}
33735,2026-01-12,12:26:02,WARN,WebServer,Disk usage > 85% on node node-5,E202,Disk usage > 85% on node {node}
33736,2026-01-12,12:47:49,INFO,WebServer,Transaction tx735963 completed in 1130ms,E104,Transaction {tx} completed in {time}ms
33737,2026-01-12,12:57:47,INFO,AuthService,User u4452 login successful,E101,User {user} login successful
33738,2026-01-12,12:36:21,INFO,WebServer,Page view: /home by u4383,E103,Page view: {page} by {user}
33739,2026-01-12,12:23:31,WARN,WebServer,Disk usage > 85% on node node-4,E202,Disk usage > 85% on node {node}
33740,2026-01-12,12:28:03,WARN,AuthService,Disk usage > 85% on node node-5,E202,Disk usage > 85% on node {node}
33741,2026-01-12,12:39:30,INFO,AuthService,User u2990 login successful,E101,User {user} login successful
33742,2026-01-12,12:29:39,WARN,OrderProcessor,Disk usage > 85% on node node-1,E202,Disk usage > 85% on node {node}
33743,2026-01-12,12:20:46,INFO,AuthService,Page view: /home by u3965,E103,Page view: {page} by {user}
33744,2026-01-12,12:24:03,INFO,WebServer,Page view: /home by u4022,E103,Page view: {page} by {user}
33745,2026-01-12,12:14:09,INFO,WebServer,Transaction tx444147 completed in 1925ms,E104,Transaction {tx} completed in {time}ms
33746,2026-01-12,12:24:40,INFO,PaymentGateway,Transaction tx669037 completed in 162ms,E104,Transaction {tx} completed in {time}ms
33747,2026-01-12,12:14:36,INFO,WebServer,Health check passed: WebServer,E102,Health check passed: {service}
33748,2026-01-12,12:18:43,INFO,WebServer,Health check passed: WebServer,E102,Health check passed: {service}
33749,2026-01-12,12:03:26,INFO,WebServer,Health check passed: WebServer,E102,Health check passed: {service}
33750,2026-01-12,12:01:02,INFO,AuthService,Health check passed: AuthService,E102,Health check passed: {service}
33751,2026-01-12,12:52:01,INFO,WebServer,Page view: /home by u1059,E103,Page view: {page} by {user}
33752,2026-01-12,12:02:27,INFO,AuthService,Transaction tx162191 completed in 1345ms,E104,Transaction {tx} completed in {time}ms
33753,2026-01-12,12:19:17,INFO,WebServer,Health check passed: WebServer,E102,Health check passed: {service}
33754,2026-01-12,12:24:31,INFO,OrderProcessor,Page view: /home by u4391,E103,Page view: {page} by {user}
33755,2026-01-12,12:57:38,INFO,WebServer,Page view: /home by u3612,E103,Page view: {page} by {user}
33756,2026-01-12,12:21:48,INFO,WebServer,Health check passed: WebServer,E102,Health check passed: {service}
33757,2026-01-12,12:46:10,INFO,WebServer,Page view: /home by u1659,E103,Page view: {page} by {user}
33758,2026-01-12,12:50:04,WARN,WebServer,High latency (701ms) detected on WebServer,E201,High latency ({time}ms) detected on {service}
33759,2026-01-12,12:44:38,INFO,WebServer,Transaction tx325086 completed in 1700ms,E104,Transaction {tx} completed in {time}ms
33760,2026-01-12,12:29:23,INFO,AuthService,Health check passed: AuthService,E102,Health check passed: {service}
33761,2026-01-12,12:19:25,INFO,WebServer,Health check passed: WebServer,E102,Health check passed: {service}
33762,2026-01-12,12:31:25,INFO,OrderProcessor,Page view: /home by u3581,E103,Page view: {page} by {user}
33763,2026-01-12,12:34:49,INFO,OrderProcessor,User u4237 login successful,E101,User {user} login successful
33764,2026-01-12,12:28:04,WARN,AuthService,Unauthorized access attempt from 10.0.0.12,E401,Unauthorized access attempt from {ip}
33765,2026-01-12,12:19:49,WARN,WebServer,Disk usage > 85% on node node-1,E202,Disk usage > 85% on node {node}
33766,2026-01-12,12:05:18,INFO,WebServer,Page view: /home by u1036,E103,Page view: {page} by {user}
33767,2026-01-12,12:29:23,INFO,WebServer,Health check passed: WebServer,E102,Health check passed: {service}
33768,2026-01-12,12:30:06,INFO,WebServer,User u3525 login successful,E101,User {user} login successful
33769,2026-01-12,12:38:02,WARN,OrderProcessor,Disk usage > 85% on node node-5,E202,Disk usage > 85% on node {node}
33770,2026-01-12,12:28:16,INFO,WebServer,User u3577 login successful,E101,User {user} login successful
33771,2026-01-12,12:06:58,INFO,AuthService,Transaction tx399619 completed in 692ms,E104,Transaction {tx} completed in {time}ms
33772,2026-01-12,12:57:48,INFO,OrderProcessor,Page view: /home by u3908,E103,Page view: {page} by {user}
33773,2026-01-12,12:10:03,INFO,AuthService,Page view: /home by u3195,E103,Page view: {page} by {user}
33774,2026-01-12,12:04:57,INFO,WebServer,Transaction tx975149 completed in 1524ms,E104,Transaction {tx} completed in {time}ms
33775,2026-01-12,12:18:43,INFO,PaymentGateway,Transaction tx576319 completed in 50ms,E104,Transaction {tx} completed in {time}ms
33776,2026-01-12,12:46:26,INFO,WebServer,User u2733 login successful,E101,User {user} login successful
33777,2026-01-12,12:02:36,INFO,WebServer,Transaction tx173562 completed in 1623ms,E104,Transaction {tx} completed in {time}ms
33778,2026-01-12,12:35:07,INFO,AuthService,Transaction tx727245 completed in 695ms,E104,Transaction {tx} completed in {time}ms
33779,2026-01-12,12:44:56,INFO,AuthService,Transaction tx331235 completed in 285ms,E104,Transaction {tx} completed in {time}ms
33780,2026-01-12,12:04:00,INFO,WebServer,User u4859 login successful,E101,User {user} login successful
33781,2026-01-12,12:03:22,INFO,WebServer,Health check passed: WebServer,E102,Health check passed: {service}
33782,2026-01-12,12:53:05,INFO,OrderProcessor,Page view: /home by u4731,E103,Page view: {page} by {user}
33783,2026-01-12,12:47:02,INFO,OrderProcessor,User u3697 login successful,E101,User {user} login successful
33784,2026-01-12,12:31:47,INFO,WebServer,User u1489 login successful,E101,User {user} login successful
33785,2026-01-12,12:02:05,INFO,PaymentGateway,User u2701 login successful,E101,User {user} login successful
33786,2026-01-12,12:05:13,INFO,AuthService,Health check passed: AuthService,E102,Health check passed: {service}
33787,2026-01-12,12:46:36,WARN,OrderProcessor,Unauthorized access attempt from 10.0.0.45,E401,Unauthorized access attempt from {ip}
33788,2026-01-12,12:55:04,INFO,AuthService,Transaction tx479780 completed in 1819ms,E104,Transaction {tx} completed in {time}ms
33789,2026-01-12,12:48:11,INFO,PaymentGateway,User u4983 login successful,E101,User {user} login successful
33790,2026-01-12,12:31:41,INFO,PaymentGateway,Transaction tx440380 completed in 224ms,E104,Transaction {tx} completed in {time}ms
33791,2026-01-12,12:53:39,WARN,OrderProcessor,Unauthorized access attempt from 10.0.0.45,E401,Unauthorized access attempt from {ip}
33792,2026-01-12,12:15:45,INFO,WebServer,User u4037 login successful,E101,User {user} login successful
33793,2026-01-12,12:24:11,INFO,OrderProcessor,User u2222 login successful,E101,User {user} login successful
33794,2026-01-12,12:36:48,INFO,OrderProcessor,Page view: /home by u3683,E103,Page view: {page} by {user}
33795,2026-01-12,12:30:18,INFO,WebServer,Page view: /home by u1137,E103,Page view: {page} by {user}
33796,2026-01-12,12:31:04,INFO,AuthService,Page view: /home by u1392,E103,Page view: {page} by {user}
33797,2026-01-12,12:42:02,INFO,WebServer,Transaction tx820088 completed in 1785ms,E104,Transaction {tx} completed in {time}ms
33798,2026-01-12,12:55:16,INFO,WebServer,User u2656 login successful,E101,User {user} login successful
33799,2026-01-12,12:11:43,INFO,AuthService,Transaction tx873394 completed in 1256ms,E104,Transaction {tx} completed in {time}ms
33800,2026-01-12,12:48:55,INFO,AuthService,User u2200 login successful,E101,User {user} login successful
33801,2026-01-12,12:35:29,INFO,AuthService,User u2374 login successful,E101,User {user} login successful
33802,2026-01-12,12:08:22,INFO,WebServer,Page view: /home by u3505,E103,Page view: {page} by {user}
33803,2026-01-12,12:19:22,INFO,OrderProcessor,Transaction tx680142 completed in 1400ms,E104,Transaction {tx} completed in {time}ms
33804,2026-01-12,12:34:57,INFO,WebServer,Page view: /home by u2448,E103,Page view: {page} by {user}
33805,2026-01-12,12:50:22,INFO,WebServer,Transaction tx907358 completed in 1043ms,E104,Transaction {tx} completed in {time}ms
33806,2026-01-12,12:21:21,INFO,AuthService,User u4317 login successful,E101,User {user} login successful
33807,2026-01-12,12:35:58,INFO,AuthService,Page view: /home by u3451,E103,Page view: {page} by {user}
33808,2026-01-12,12:01:25,INFO,WebServer,User u4771 login successful,E101,User {user} login successful
33809,2026-01-12,12:34:17,INFO,WebServer,User u3277 login successful,E101,User {user} login successful
33810,2026-01-12,12:09:30,INFO,WebServer,Page view: /home by u1118,E103,Page view: {page} by {user}
33811,2026-01-12,12:20:44,INFO,WebServer,User u1001 login successful,E101,User {user} login successful
33812,2026-01-12,12:13:54,INFO,PaymentGateway,Health check passed: PaymentGateway,E102,Health check passed: {service}
33813,2026-01-12,12:56:54,INFO,PaymentGateway,Health check passed: PaymentGateway,E102,Health check passed: {service}
33814,2026-01-12,12:32:47,INFO,AuthService,Transaction tx396703 completed in 1696ms,E104,Transaction {tx} completed in {time}ms
33815,2026-01-12,12:09:34,INFO,WebServer,Page view: /home by u3255,E103,Page view: {page} by {user}
33816,2026-01-12,12:15:24,INFO,AuthService,Page view: /home by u2325,E103,Page view: {page} by {user}
33817,2026-01-12,12:25:30,INFO,AuthService,Transaction tx404214 completed in 136ms,E104,Transaction {tx} completed in {time}ms
33818,2026-01-12,12:21:05,INFO,WebServer,Transaction tx729070 completed in 1818ms,E104,Transaction {tx} completed in {time}ms
33819,2026-01-12,12:37:05,INFO,InventoryDB,User u2797 login successful,E101,User {user} login successful
33820,2026-01-12,12:16:15,INFO,WebServer,Page view: /home by u2041,E103,Page view: {page} by {user}
33821,2026-01-12,12:14:54,INFO,OrderProcessor,Health check passed: OrderProcessor,E102,Health check passed: {service}
33822,2026-01-12,12:23:00,INFO,WebServer,Health check passed: WebServer,E102,Health check passed: {service}
33823,2026-01-12,12:10:57,INFO,InventoryDB,Page view: /home by u1528,E103,Page view: {page} by {user}
33824,2026-01-12,12:01:40,INFO,OrderProcessor,Transaction tx694792 completed in 514ms,E104,Transaction {tx} completed in {time}ms
33825,2026-01-12,12:29:50,WARN,WebServer,High latency (103ms) detected on WebServer,E201,High latency ({time}ms) detected on {service}
33826,2026-01-12,12:03:17,WARN,PaymentGateway,Disk usage > 85% on node node-5,E202,Disk usage > 85% on node {node}
33827,2026-01-12,12:53:08,INFO,AuthService,Health check passed: AuthService,E102,Health check passed: {service}
33828,2026-01-12,12:08:18,INFO,WebServer,Health check passed: WebServer,E102,Health check passed: {service}
33829,2026-01-12,12:52:59,INFO,WebServer,User u4888 login successful,E101,User {user} login successful
33830,2026-01-12,12:01:20,INFO,OrderProcessor,User u2161 login successful,E101,User {user} login successful
33831,2026-01-12,12:30:29,INFO,AuthService,User u1822 login successful,E101,User {user} login successful
33832,2026-01-12,12:18:58,INFO,OrderProcessor,Page view: /home by u1026,E103,Page view: {page} by {user}
33833,2026-01-12,12:52:19,INFO,WebServer,Transaction tx903970 completed in 1801ms,E104,Transaction {tx} completed in {time}ms
33834,2026-01-12,12:29:05,INFO,WebServer,User u2911 login successful,E101,User {user} login successful
33835,2026-01-12,12:43:31,INFO,AuthService,User u1196 login successful,E101,User {user} login successful
33836,2026-01-12,12:02:36,INFO,WebServer,User u1424 login successful,E101,User {user} login successful
33837,2026-01-12,12:36:29,INFO,AuthService,Health check passed: AuthService,E102,Health check passed: {service}
33838,2026-01-12,12:57:43,ERROR,WebServer,Timeout waiting for lock on InventoryDB,E502,Timeout waiting for lock on {db}
33839,2026-01-12,12:56:23,INFO,OrderProcessor,Transaction tx777491 completed in 869ms,E104,Transaction {tx} completed in {time}ms
33840,2026-01-12,12:18:51,INFO,PaymentGateway,Transaction tx582694 completed in 450ms,E104,Transaction {tx} completed in {time}ms
33841,2026-01-12,12:33:47,INFO,WebServer,Transaction tx548095 completed in 1561ms,E104,Transaction {tx} completed in {time}ms
33842,2026-01-12,12:58:27,INFO,WebServer,Page view: /home by u1844,E103,Page view: {page} by {user}
33843,2026-01-12,12:02:51,INFO,WebServer,Transaction tx432238 completed in 665ms,E104,Transaction {tx} completed in {time}ms
33844,2026-01-12,12:51:38,INFO,AuthService,Health check passed: AuthService,E102,Health check passed: {service}
33845,2026-01-12,12:06:46,INFO,OrderProcessor,User u4088 login successful,E101,User {user} login successful
33846,2026-01-12,12:48:35,INFO,OrderProcessor,Page view: /home by u1105,E103,Page view: {page} by {user}
33847,2026-01-12,12:17:04,INFO,WebServer,Health check passed: WebServer,E102,Health check passed: {service}
33848,2026-01-12,12:09:42,INFO,AuthService,Page view: /home by u4877,E103,Page view: {page} by {user}
33849,2026-01-12,12:15:34,INFO,PaymentGateway,Health check passed: PaymentGateway,E102,Health check passed: {service}
33850,2026-01-12,12:24:36,INFO,OrderProcessor,Page view: /home by u1325,E103,Page view: {page} by {user}
33851,2026-01-12,12:52:47,INFO,AuthService,User u2179 login successful,E101,User {user} login successful
33852,2026-01-12,12:09:25,INFO,OrderProcessor,Health check passed: OrderProcessor,E102,Health check passed: {service}
33853,2026-01-12,12:43:49,INFO,WebServer,Page view: /home by u2901,E103,Page view: {page} by {user}
33854,2026-01-12,12:31:19,INFO,OrderProcessor,Page view: /home by u2717,E103,Page view: {page} by {user}
33855,2026-01-12,12:50:22,INFO,PaymentGateway,Page view: /home by u3746,E103,Page view: {page} by {user}
33856,2026-01-12,12:49:18,INFO,WebServer,Page view: /home by u1304,E103,Page view: {page} by {user}
33857,2026-01-12,12:02:22,INFO,WebServer,Transaction tx883000 completed in 900ms,E104,Transaction {tx} completed in {time}ms
33858,2026-01-12,12:25:20,WARN,AuthService,High latency (772ms) detected on AuthService,E201,High latency ({time}ms) detected on {service}
33859,2026-01-12,12:27:46,WARN,WebServer,Disk usage > 85% on node node-3,E202,Disk usage > 85% on node {node}
33860,2026-01-12,12:09:31,INFO,OrderProcessor,Page view: /home by u4602,E103,Page view: {page} by {user}
33861,2026-01-12,12:38:57,INFO,AuthService,Health check passed: AuthService,E102,Health check passed: {service}
33862,2026-01-12,12:50:32,INFO,InventoryDB,Transaction tx577737 completed in 391ms,E104,Transaction {tx} completed in {time}ms
33863,2026-01-12,12:57:43,INFO,WebServer,Page view: /home by u4410,E103,Page view: {page} by {user}
33864,2026-01-12,12:07:54,INFO,PaymentGateway,User u1842 login successful,E101,User {user} login successful
33865,2026-01-12,12:21:36,INFO,AuthService,Transaction tx935221 completed in 1585ms,E104,Transaction {tx} completed in {time}ms
33866,2026-01-12,12:50:17,INFO,WebServer,User u3738 login successful,E101,User {user} login successful
33867,2026-01-12,12:15:26,INFO,WebServer,Page view: /home by u3947,E103,Page view: {page} by {user}
33868,2026-01-12,12:19:45,INFO,AuthService,Page view: /home by u3845,E103,Page view: {page} by {user}
33869,2026-01-12,12:42:50,INFO,OrderProcessor,Page view: /home by u3126,E103,Page view: {page} by {user}
33870,2026-01-12,12:45:09,INFO,WebServer,Health check passed: WebServer,E102,Health check passed: {service}
33871,2026-01-12,12:14:56,INFO,WebServer,User u1850 login successful,E101,User {user} login successful
33872,2026-01-12,12:51:11,INFO,WebServer,User u2713 login successful,E101,User {user} login successful
33873,2026-01-12,12:25:01,INFO,InventoryDB,Page view: /home by u2827,E103,Page view: {page} by {user}
33874,2026-01-12,12:42:41,INFO,AuthService,User u3467 login successful,E101,User {user} login successful
33875,2026-01-12,12:34:56,INFO,AuthService,Transaction tx489707 completed in 469ms,E104,Transaction {tx} completed in {time}ms
33876,2026-01-12,12:41:53,INFO,AuthService,User u4860 login successful,E101,User {user} login successful
33877,2026-01-12,12:41:26,INFO,WebServer,Page view: /home by u2044,E103,Page view: {page} by {user}
33878,2026-01-12,12:31:06,INFO,InventoryDB,Transaction tx361180 completed in 645ms,E104,Transaction {tx} completed in {time}ms
33879,2026-01-12,12:51:52,INFO,WebServer,Health check passed: WebServer,E102,Health check passed: {service}
33880,2026-01-12,12:33:10,INFO,OrderProcessor,User u1085 login successful,E101,User {user} login successful
33881,2026-01-12,12:11:10,INFO,PaymentGateway,Health check passed: PaymentGateway,E102,Health check passed: {service}
33882,2026-01-12,12:36:48,INFO,PaymentGateway,Transaction tx125331 completed in 1829ms,E104,Transaction {tx} completed in {time}ms
33883,2026-01-12,12:20:31,INFO,AuthService,Health check passed: AuthService,E102,Health check passed: {service}
33884,2026-01-12,12:23:53,INFO,WebServer,Transaction tx173831 completed in 493ms,E104,Transaction {tx} completed in {time}ms
33885,2026-01-12,12:17:06,INFO,OrderProcessor,Health check passed: OrderProcessor,E102,Health check passed: {service}
33886,2026-01-12,12:24:19,INFO,WebServer,Page view: /home by u2277,E103,Page view: {page} by {user}
33887,2026-01-12,12:44:53,INFO,WebServer,Page view: /home by u4496,E103,Page view: {page} by {user}
33888,2026-01-12,12:34:52,INFO,AuthService,Transaction tx664263 completed in 1155ms,E104,Transaction {tx} completed in {time}ms
33889,2026-01-12,12:56:05,INFO,WebServer,Health check passed: WebServer,E102,Health check passed: {service}
33890,2026-01-12,12:22:52,INFO,WebServer,Health check passed: WebServer,E102,Health check passed: {service}
33891,2026-01-12,12:30:59,INFO,WebServer,Transaction tx817953 completed in 1380ms,E104,Transaction {tx} completed in {time}ms
33892,2026-01-12,12:11:40,INFO,AuthService,Transaction tx557832 completed in 812ms,E104,Transaction {tx} completed in {time}ms
33893,2026-01-12,12:48:51,INFO,PaymentGateway,Transaction tx481750 completed in 568ms,E104,Transaction {tx} completed in {time}ms
33894,2026-01-12,12:21:59,INFO,WebServer,Page view: /home by u2317,E103,Page view: {page} by {user}
33895,2026-01-12,12:55:37,INFO,WebServer,User u2765 login successful,E101,User {user} login successful
33896,2026-01-12,12:00:00,INFO,WebServer,User u2857 login successful,E101,User {user} login successful
33897,2026-01-12,12:59:36,INFO,WebServer,User u2906 login successful,E101,User {user} login successful
33898,2026-01-12,12:48:04,ERROR,WebServer,Timeout waiting for lock on InventoryDB,E502,Timeout waiting for lock on {db}
33899,2026-01-12,12:12:32,INFO,OrderProcessor,Page view: /home by u2976,E103,Page view: {page} by {user}
33900,2026-01-12,12:27:40,INFO,WebServer,Health check passed: WebServer,E102,Health check passed: {service}
33901,2026-01-12,12:49:56,CRITICAL,AuthService,KERNEL PANIC: Node node-3 crashed,E601,KERNEL PANIC: Node {node} crashed
33902,2026-01-12,12:29:16,CRITICAL,WebServer,KERNEL PANIC: Node node-3 crashed,E601,KERNEL PANIC: Node {node} crashed
33903,2026-01-12,12:54:37,INFO,AuthService,Health check passed: AuthService,E102,Health check passed: {service}
33904,2026-01-12,12:46:19,INFO,WebServer,Health check passed: WebServer,E102,Health check passed: {service}
33905,2026-01-12,12:52:57,INFO,WebServer,User u1887 login successful,E101,User {user} login successful
33906,2026-01-12,12:56:20,INFO,AuthService,Transaction tx379663 completed in 343ms,E104,Transaction {tx} completed in {time}ms
33907,2026-01-12,12:21:02,INFO,AuthService,Health check passed: AuthService,E102,Health check passed: {service}
33908,2026-01-12,12:56:33,INFO,AuthService,User u2171 login successful,E101,User {user} login successful
33909,2026-01-12,12:04:57,INFO,WebServer,Health check passed: WebServer,E102,Health check passed: {service}
33910,2026-01-12,12:23:20,INFO,WebServer,Page view: /home by u4886,E103,Page view: {page} by {user}
33911,2026-01-12,12:53:09,INFO,AuthService,Transaction tx259083 completed in 1117ms,E104,Transaction {tx} completed in {time}ms
33912,2026-01-12,12:29:19,WARN,PaymentGateway,High latency (1014ms) detected on PaymentGateway,E201,High latency ({time}ms) detected on {service}
33913,2026-01-12,12:47:53,ERROR,WebServer,Connection refused to WebServer at 10.0.0.45,E501,Connection refused to {service} at {ip}
33914,2026-01-12,12:05:24,INFO,WebServer,Health check passed: WebServer,E102,Health check passed: {service}
33915,2026-01-12,12:36:26,INFO,WebServer,Transaction tx498297 completed in 1481ms,E104,Transaction {tx} completed in {time}ms
33916,2026-01-12,12:47:05,INFO,OrderProcessor,Transaction tx696458 completed in 1805ms,E104,Transaction {tx} completed in {time}ms
33917,2026-01-12,12:37:54,WARN,InventoryDB,Disk usage > 85% on node node-1,E202,Disk usage > 85% on node {node}
33918,2026-01-12,12:39:28,INFO,WebServer,User u1020 login successful,E101,User {user} login successful
33919,2026-01-12,12:51:17,INFO,AuthService,Transaction tx840141 completed in 1810ms,E104,Transaction {tx} completed in {time}ms
33920,2026-01-12,12:54:28,INFO,WebServer,Health check passed: WebServer,E102,Health check passed: {service}
33921,2026-01-12,12:05:15,INFO,PaymentGateway,User u4752 login successful,E101,User {user} login successful
33922,2026-01-12,12:35:35,INFO,OrderProcessor,Page view: /home by u4544,E103,Page view: {page} by {user}
33923,2026-01-12,12:00:15,INFO,WebServer,User u4261 login successful,E101,User {user} login successful
33924,2026-01-12,12:56:42,INFO,PaymentGateway,Health check passed: PaymentGateway,E102,Health check passed: {service}
33925,2026-01-12,12:13:46,INFO,WebServer,User u1239 login successful,E101,User {user} login successful
33926,2026-01-12,12:17:47,INFO,WebServer,Transaction tx453331 completed in 1354ms,E104,Transaction {tx} completed in {time}ms
33927,2026-01-12,12:17:38,INFO,OrderProcessor,User u3786 login successful,E101,User {user} login successful
33928,2026-01-12,12:49:48,INFO,WebServer,Page view: /home by u2519,E103,Page view: {page} by {user}
33929,2026-01-12,12:29:11,INFO,PaymentGateway,Transaction tx266386 completed in 1483ms,E104,Transaction {tx} completed in {time}ms
33930,2026-01-12,12:40:38,INFO,AuthService,Page view: /home by u4516,E103,Page view: {page} by {user}
33931,2026-01-12,12:18:03,INFO,WebServer,Health check passed: WebServer,E102,Health check passed: {service}
33932,2026-01-12,12:26:19,INFO,WebServer,Transaction tx899990 completed in 747ms,E104,Transaction {tx} completed in {time}ms
33933,2026-01-12,12:00:46,INFO,WebServer,Transaction tx169182 completed in 1984ms,E104,Transaction {tx} completed in {time}ms
33934,2026-01-12,12:02:09,INFO,WebServer,User u3884 login successful,E101,User {user} login successful
33935,2026-01-12,12:29:11,INFO,OrderProcessor,Health check passed: OrderProcessor,E102,Health check passed: {service}
33936,2026-01-12,12:15:26,INFO,WebServer,Health check passed: WebServer,E102,Health check passed: {service}
33937,2026-01-12,12:22:41,INFO,WebServer,Health check passed: WebServer,E102,Health check passed: {service}
33938,2026-01-12,12:13:07,INFO,OrderProcessor,User u2883 login successful,E101,User {user} login successful
33939,2026-01-12,12:15:29,INFO,OrderProcessor,Transaction tx871357 completed in 1022ms,E104,Transaction {tx} completed in {time}ms
33940,2026-01-12,12:57:03,INFO,WebServer,User u3948 login successful,E101,User {user} login successful
33941,2026-01-12,12:21:18,WARN,OrderProcessor,Disk usage > 85% on node node-2,E202,Disk usage > 85% on node {node}
33942,2026-01-12,12:21:32,INFO,WebServer,Health check passed: WebServer,E102,Health check passed: {service}
33943,2026-01-12,12:57:33,WARN,WebServer,High latency (1052ms) detected on WebServer,E201,High latency ({time}ms) detected on {service}
33944,2026-01-12,12:16:31,INFO,AuthService,User u1822 login successful,E101,User {user} login successful
33945,2026-01-12,12:19:11,INFO,OrderProcessor,User u3834 login successful,E101,User {user} login successful
33946,2026-01-12,12:41:30,INFO,AuthService,Health check passed: AuthService,E102,Health check passed: {service}
33947,2026-01-12,12:33:28,INFO,WebServer,Transaction tx684577 completed in 1553ms,E104,Transaction {tx} completed in {time}ms
33948,2026-01-12,12:31:31,INFO,AuthService,Transaction tx905485 completed in 184ms,E104,Transaction {tx} completed in {time}ms
33949,2026-01-12,12:21:25,INFO,WebServer,User u1505 login successful,E101,User {user} login successful
33950,2026-01-12,12:16:06,INFO,WebServer,Transaction tx885812 completed in 1908ms,E104,Transaction {tx} completed in {time}ms
33951,2026-01-12,12:53:07,WARN,PaymentGateway,High latency (80ms) detected on PaymentGateway,E201,High latency ({time}ms) detected on {service}
33952,2026-01-12,12:02:34,INFO,OrderProcessor,Health check passed: OrderProcessor,E102,Health check passed: {service}
33953,2026-01-12,12:44:27,INFO,WebServer,User u2021 login successful,E101,User {user} login successful
33954,2026-01-12,12:16:32,INFO,WebServer,User u4956 login successful,E101,User {user} login successful
33955,2026-01-12,12:04:08,INFO,WebServer,Health check passed: WebServer,E102,Health check passed: {service}
33956,2026-01-12,12:12:17,INFO,WebServer,Transaction tx835543 completed in 1602ms,E104,Transaction {tx} completed in {time}ms
33957,2026-01-12,12:00:18,INFO,WebServer,User u4237 login successful,E101,User {user} login successful
33958,2026-01-12,12:23:08,WARN,OrderProcessor,High latency (1455ms) detected on OrderProcessor,E201,High latency ({time}ms) detected on {service}
33959,2026-01-12,12:34:51,INFO,OrderProcessor,Page view: /home by u2324,E103,Page view: {page} by {user}
33960,2026-01-12,12:28:38,INFO,WebServer,User u4976 login successful,E101,User {user} login successful
33961,2026-01-12,12:02:46,INFO,PaymentGateway,User u2314 login successful,E101,User {user} login successful
33962,2026-01-12,12:06:59,INFO,AuthService,User u4568 login successful,E101,User {user} login successful
33963,2026-01-12,12:42:12,INFO,WebServer,Page view: /home by u3008,E103,Page view: {page} by {user}
33964,2026-01-12,12:34:02,ERROR,OrderProcessor,Timeout waiting for lock on InventoryDB,E502,Timeout waiting for lock on {db}
33965,2026-01-12,12:54:48,INFO,WebServer,User u1312 login successful,E101,User {user} login successful
33966,2026-01-12,12:12:26,INFO,InventoryDB,Page view: /home by u1750,E103,Page view: {page} by {user}
33967,2026-01-12,12:57:23,INFO,AuthService,Transaction tx242200 completed in 302ms,E104,Transaction {tx} completed in {time}ms
33968,2026-01-12,12:04:44,INFO,PaymentGateway,Page view: /home by u2876,E103,Page view: {page} by {user}
33969,2026-01-12,12:40:08,INFO,WebServer,Health check passed: WebServer,E102,Health check passed: {service}
33970,2026-01-12,12:38:37,WARN,WebServer,Disk usage > 85% on node node-2,E202,Disk usage > 85% on node {node}
33971,2026-01-12,12:09:02,INFO,InventoryDB,User u1791 login successful,E101,User {user} login successful
33972,2026-01-12,12:42:51,INFO,OrderProcessor,Health check passed: OrderProcessor,E102,Health check passed: {service}
33973,2026-01-12,12:12:54,INFO,WebServer,Health check passed: WebServer,E102,Health check passed: {service}
33974,2026-01-12,12:56:01,INFO,WebServer,User u3151 login successful,E101,User {user} login successful
33975,2026-01-12,12:09:07,INFO,WebServer,Transaction tx537154 completed in 139ms,E104,Transaction {tx} completed in {time}ms
33976,2026-01-12,12:57:14,INFO,WebServer,Health check passed: WebServer,E102,Health check passed: {service}
33977,2026-01-12,12:58:54,INFO,WebServer,Transaction tx147083 completed in 1303ms,E104,Transaction {tx} completed in {time}ms
33978,2026-01-12,12:20:54,INFO,PaymentGateway,User u2898 login successful,E101,User {user} login successful
33979,2026-01-12,12:39:46,INFO,OrderProcessor,Page view: /home by u1998,E103,Page view: {page} by {user}
33980,2026-01-12,12:57:20,INFO,OrderProcessor,Health check passed: OrderProcessor,E102,Health check passed: {service}
33981,2026-01-12,12:17:39,INFO,WebServer,Transaction tx751359 completed in 1401ms,E104,Transaction {tx} completed in {time}ms
33982,2026-01-12,12:49:00,INFO,AuthService,Transaction tx406542 completed in 45ms,E104,Transaction {tx} completed in {time}ms
33983,2026-01-12,12:09:23,INFO,AuthService,Transaction tx175689 completed in 333ms,E104,Transaction {tx} completed in {time}ms
33984,2026-01-12,12:47:40,INFO,WebServer,User u4622 login successful,E101,User {user} login successful
33985,2026-01-12,12:13:48,INFO,WebServer,Health check passed: WebServer,E102,Health check passed: {service}
33986,2026-01-12,12:57:49,INFO,WebServer,Health check passed: WebServer,E102,Health check passed: {service}
33987,2026-01-12,12:34:28,INFO,WebServer,Page view: /home by u1786,E103,Page view: {page} by {user}
33988,2026-01-12,12:37:25,INFO,AuthService,Transaction tx968621 completed in 1237ms,E104,Transaction {tx} completed in {time}ms
33989,2026-01-12,12:04:16,INFO,AuthService,User u2147 login successful,E101,User {user} login successful
33990,2026-01-12,12:40:31,INFO,WebServer,Transaction tx586847 completed in 1057ms,E104,Transaction {tx} completed in {time}ms
33991,2026-01-12,12:50:43,INFO,WebServer,Health check passed: WebServer,E102,Health check passed: {service}
33992,2026-01-12,12:30:38,INFO,AuthService,Health check passed: AuthService,E102,Health check passed: {service}
33993,2026-01-12,12:59:54,INFO,OrderProcessor,User u3348 login successful,E101,User {user} login successful
33994,2026-01-12,12:18:56,INFO,AuthService,User u2484 login successful,E101,User {user} login successful
33995,2026-01-12,12:54:10,INFO,OrderProcessor,Transaction tx914842 completed in 1389ms,E104,Transaction {tx} completed in {time}ms
33996,2026-01-12,12:53:50,INFO,WebServer,Transaction tx335885 completed in 1893ms,E104,Transaction {tx} completed in {time}ms
33997,2026-01-12,12:02:28,INFO,PaymentGateway,User u1685 login successful,E101,User {user} login successful
33998,2026-01-12,12:09:33,INFO,OrderProcessor,User u3027 login successful,E101,User {user} login successful
33999,2026-01-12,12:09:56,INFO,OrderProcessor,Page view: /home by u2158,E103,Page view: {page} by {user}
34000,2026-01-12,12:12:00,INFO,AuthService,User u2892 login successful,E101,User {user} login successful
34001,2026-01-12,12:31:16,CRITICAL,WebServer,DATA CORRUPTION detected in sector 656,E602,DATA CORRUPTION detected in sector {sector}
34002,2026-01-12,12:00:57,INFO,OrderProcessor,Page view: /home by u4646,E103,Page view: {page} by {user}
34003,2026-01-12,12:30:05,INFO,PaymentGateway,Health check passed: PaymentGateway,E102,Health check passed: {service}
34004,2026-01-12,12:53:33,INFO,WebServer,Health check passed: WebServer,E102,Health check passed: {service}
34005,2026-01-12,12:09:28,INFO,OrderProcessor,Transaction tx469027 completed in 743ms,E104,Transaction {tx} completed in {time}ms
34006,2026-01-12,12:38:27,INFO,WebServer,Health check passed: WebServer,E102,Health check passed: {service}
34007,2026-01-12,12:21:18,INFO,WebServer,Health check passed: WebServer,E102,Health check passed: {service}
34008,2026-01-12,12:34:49,INFO,AuthService,Health check passed: AuthService,E102,Health check passed: {service}
34009,2026-01-12,12:45:03,INFO,WebServer,Page view: /home by u1456,E103,Page view: {page} by {user}
34010,2026-01-12,12:43:25,INFO,WebServer,User u3772 login successful,E101,User {user} login successful
34011,2026-01-12,12:21:05,INFO,PaymentGateway,User u2545 login successful,E101,User {user} login successful
34012,2026-01-12,12:56:44,INFO,WebServer,Transaction tx439703 completed in 1361ms,E104,Transaction {tx} completed in {time}ms
34013,2026-01-12,12:06:23,INFO,PaymentGateway,Transaction tx638944 completed in 342ms,E104,Transaction {tx} completed in {time}ms
34014,2026-01-12,12:38:40,WARN,OrderProcessor,Disk usage > 85% on node node-4,E202,Disk usage > 85% on node {node}
34015,2026-01-12,12:05:25,INFO,OrderProcessor,Page view: /home by u2261,E103,Page view: {page} by {user}
34016,2026-01-12,12:47:59,INFO,WebServer,User u4513 login successful,E101,User {user} login successful
34017,2026-01-12,12:23:00,INFO,WebServer,User u1438 login successful,E101,User {user} login successful
34018,2026-01-12,12:13:51,INFO,WebServer,Page view: /home by u4273,E103,Page view: {page} by {user}
34019,2026-01-12,12:14:40,INFO,OrderProcessor,Transaction tx512387 completed in 245ms,E104,Transaction {tx} completed in {time}ms
34020,2026-01-12,12:03:45,INFO,PaymentGateway,Transaction tx506771 completed in 721ms,E104,Transaction {tx} completed in {time}ms
34021,2026-01-12,12:58:35,INFO,PaymentGateway,Transaction tx458483 completed in 1547ms,E104,Transaction {tx} completed in {time}ms
34022,2026-01-12,12:29:49,INFO,WebServer,Page view: /home by u3660,E103,Page view: {page} by {user}
34023,2026-01-12,12:28:13,INFO,WebServer,Transaction tx291040 completed in 1216ms,E104,Transaction {tx} completed in {time}ms
34024,2026-01-12,12:48:26,INFO,WebServer,Page view: /home by u1519,E103,Page view: {page} by {user}
34025,2026-01-12,12:34:02,INFO,AuthService,Transaction tx759553 completed in 1937ms,E104,Transaction {tx} completed in {time}ms
34026,2026-01-12,13:27:02,INFO,WebServer,User u3144 login successful,E101,User {user} login successful
34027,2026-01-12,13:17:12,INFO,WebServer,User u4301 login successful,E101,User {user} login successful
34028,2026-01-12,13:15:37,INFO,AuthService,Health check passed: AuthService,E102,Health check passed: {service}
34029,2026-01-12,13:34:34,INFO,WebServer,Page view: /home by u3011,E103,Page view: {page} by {user}
34030,2026-01-12,13:35:59,INFO,AuthService,Page view: /home by u2615,E103,Page view: {page} by {user}
34031,2026-01-12,13:23:03,INFO,AuthService,User u4061 login successful,E101,User {user} login successful
34032,2026-01-12,13:01:07,INFO,WebServer,Health check passed: WebServer,E102,Health check passed: {service}
34033,2026-01-12,13:36:14,INFO,OrderProcessor,Page view: /home by u4437,E103,Page view: {page} by {user}
34034,2026-01-12,13:26:09,INFO,AuthService,Transaction tx747207 completed in 741ms,E104,Transaction {tx} completed in {time}ms
34035,2026-01-12,13:32:18,INFO,PaymentGateway,Transaction tx766219 completed in 163ms,E104,Transaction {tx} completed in {time}ms
34036,2026-01-12,13:09:58,INFO,AuthService,Transaction tx941655 completed in 1591ms,E104,Transaction {tx} completed in {time}ms
34037,2026-01-12,13:31:11,INFO,WebServer,User u4775 login successful,E101,User {user} login successful
34038,2026-01-12,13:07:12,INFO,WebServer,Transaction tx518000 completed in 98ms,E104,Transaction {tx} completed in {time}ms
34039,2026-01-12,13:17:46,INFO,AuthService,Health check passed: AuthService,E102,Health check passed: {service}
34040,2026-01-12,13:52:16,INFO,WebServer,Health check passed: WebServer,E102,Health check passed: {service}
34041,2026-01-12,13:20:16,INFO,WebServer,User u3461 login successful,E101,User {user} login successful
34042,2026-01-12,13:01:08,INFO,OrderProcessor,Health check passed: OrderProcessor,E102,Health check passed: {service}
34043,2026-01-12,13:04:09,INFO,WebServer,Page view: /home by u1942,E103,Page view: {page} by {user}
34044,2026-01-12,13:28:59,ERROR,WebServer,Payment declined: Gateway unavailable,E503,Payment declined: Gateway unavailable
34045,2026-01-12,13:50:01,INFO,PaymentGateway,Health check passed: PaymentGateway,E102,Health check passed: {service}
34046,2026-01-12,13:21:44,INFO,PaymentGateway,Health check passed: PaymentGateway,E102,Health check passed: {service}
34047,2026-01-12,13:34:33,INFO,PaymentGateway,Transaction tx343982 completed in 623ms,E104,Transaction {tx} completed in {time}ms
34048,2026-01-12,13:23:19,WARN,WebServer,Disk usage > 85% on node node-1,E202,Disk usage > 85% on node {node}
34049,2026-01-12,13:46:03,INFO,InventoryDB,Transaction tx230183 completed in 1464ms,E104,Transaction {tx} completed in {time}ms
34050,2026-01-12,13:30:36,INFO,OrderProcessor,Page view: /home by u4371,E103,Page view: {page} by {user}
34051,2026-01-12,13:27:41,INFO,WebServer,Health check passed: WebServer,E102,Health check passed: {service}
34052,2026-01-12,13:44:42,INFO,OrderProcessor,Health check passed: OrderProcessor,E102,Health check passed: {service}
34053,2026-01-12,13:40:16,INFO,WebServer,Page view: /home by u3208,E103,Page view: {page} by {user}
34054,2026-01-12,13:48:54,INFO,AuthService,User u1489 login successful,E101,User {user} login successful
34055,2026-01-12,13:39:05,INFO,WebServer,Transaction tx927035 completed in 298ms,E104,Transaction {tx} completed in {time}ms
34056,2026-01-12,13:32:22,INFO,InventoryDB,Health check passed: InventoryDB,E102,Health check passed: {service}
34057,2026-01-12,13:25:03,INFO,WebServer,Page view: /home by u1796,E103,Page view: {page} by {user}
34058,2026-01-12,13:06:07,INFO,PaymentGateway,Health check passed: PaymentGateway,E102,Health check passed: {service}
34059,2026-01-12,13:33:51,INFO,PaymentGateway,Page view: /home by u2934,E103,Page view: {page} by {user}
34060,2026-01-12,13:35:20,INFO,AuthService,Transaction tx439293 completed in 931ms,E104,Transaction {tx} completed in {time}ms
34061,2026-01-12,13:16:41,INFO,WebServer,User u1392 login successful,E101,User {user} login successful
34062,2026-01-12,13:51:16,INFO,WebServer,Page view: /home by u1431,E103,Page view: {page} by {user}
34063,2026-01-12,13:07:05,INFO,AuthService,Health check passed: AuthService,E102,Health check passed: {service}
34064,2026-01-12,13:07:25,WARN,WebServer,High latency (163ms) detected on WebServer,E201,High latency ({time}ms) detected on {service}
34065,2026-01-12,13:51:19,INFO,WebServer,Transaction tx962009 completed in 780ms,E104,Transaction {tx} completed in {time}ms
34066,2026-01-12,13:13:16,INFO,WebServer,Transaction tx462981 completed in 164ms,E104,Transaction {tx} completed in {time}ms
34067,2026-01-12,13:36:46,INFO,AuthService,User u2693 login successful,E101,User {user} login successful
34068,2026-01-12,13:42:48,INFO,AuthService,Health check passed: AuthService,E102,Health check passed: {service}
34069,2026-01-12,13:54:23,INFO,WebServer,Page view: /home by u4529,E103,Page view: {page} by {user}
34070,2026-01-12,13:21:02,INFO,WebServer,Page view: /home by u4978,E103,Page view: {page} by {user}
34071,2026-01-12,13:51:50,INFO,OrderProcessor,Page view: /home by u3302,E103,Page view: {page} by {user}
34072,2026-01-12,13:46:59,INFO,PaymentGateway,Health check passed: PaymentGateway,E102,Health check passed: {service}
34073,2026-01-12,13:18:51,INFO,OrderProcessor,Transaction tx860675 completed in 73ms,E104,Transaction {tx} completed in {time}ms
34074,2026-01-12,13:30:46,INFO,WebServer,Transaction tx699930 completed in 1653ms,E104,Transaction {tx} completed in {time}ms
34075,2026-01-12,13:10:23,INFO,OrderProcessor,Page view: /home by u1963,E103,Page view: {page} by {user}
34076,2026-01-12,13:07:46,INFO,WebServer,Transaction tx654308 completed in 898ms,E104,Transaction {tx} completed in {time}ms
34077,2026-01-12,13:13:06,INFO,InventoryDB,User u1963 login successful,E101,User {user} login successful
34078,2026-01-12,13:29:04,INFO,OrderProcessor,Health check passed: OrderProcessor,E102,Health check passed: {service}
34079,2026-01-12,13:05:21,INFO,WebServer,Transaction tx366227 completed in 810ms,E104,Transaction {tx} completed in {time}ms
34080,2026-01-12,13:34:43,INFO,WebServer,Transaction tx123590 completed in 1512ms,E104,Transaction {tx} completed in {time}ms
34081,2026-01-12,13:19:11,INFO,AuthService,Page view: /home by u3647,E103,Page view: {page} by {user}
34082,2026-01-12,13:35:18,INFO,OrderProcessor,Health check passed: OrderProcessor,E102,Health check passed: {service}
34083,2026-01-12,13:26:12,INFO,PaymentGateway,Transaction tx923254 completed in 1258ms,E104,Transaction {tx} completed in {time}ms
34084,2026-01-12,13:23:26,WARN,AuthService,Unauthorized access attempt from 10.0.0.45,E401,Unauthorized access attempt from {ip}
34085,2026-01-12,13:36:53,INFO,OrderProcessor,Page view: /home by u3465,E103,Page view: {page} by {user}
34086,2026-01-12,13:13:11,INFO,OrderProcessor,User u1217 login successful,E101,User {user} login successful
34087,2026-01-12,13:23:46,INFO,WebServer,User u1287 login successful,E101,User {user} login successful
34088,2026-01-12,13:37:13,INFO,PaymentGateway,User u2384 login successful,E101,User {user} login successful
34089,2026-01-12,13:12:39,INFO,WebServer,User u4575 login successful,E101,User {user} login successful
34090,2026-01-12,13:46:16,INFO,PaymentGateway,Page view: /home by u4323,E103,Page view: {page} by {user}
34091,2026-01-12,13:57:12,INFO,WebServer,Health check passed: WebServer,E102,Health check passed: {service}
34092,2026-01-12,13:31:50,INFO,WebServer,Health check passed: WebServer,E102,Health check passed: {service}
34093,2026-01-12,13:41:05,WARN,AuthService,Unauthorized access attempt from 10.0.0.12,E401,Unauthorized access attempt from {ip}
34094,2026-01-12,13:24:53,INFO,OrderProcessor,Health check passed: OrderProcessor,E102,Health check passed: {service}
34095,2026-01-12,13:31:55,INFO,OrderProcessor,Health check passed: OrderProcessor,E102,Health check passed: {service}
34096,2026-01-12,13:18:26,INFO,WebServer,Health check passed: WebServer,E102,Health check passed: {service}
34097,2026-01-12,13:46:08,INFO,WebServer,User u4799 login successful,E101,User {user} login successful
34098,2026-01-12,13:00:39,INFO,WebServer,Transaction tx290212 completed in 420ms,E104,Transaction {tx} completed in {time}ms
34099,2026-01-12,13:32:51,INFO,InventoryDB,User u1863 login successful,E101,User {user} login successful
34100,2026-01-12,13:46:01,WARN,PaymentGateway,Unauthorized access attempt from 10.0.0.45,E401,Unauthorized access attempt from {ip}
34101,2026-01-12,13:11:38,INFO,WebServer,Health check passed: WebServer,E102,Health check passed: {service}
34102,2026-01-12,13:49:07,INFO,OrderProcessor,Page view: /home by u4453,E103,Page view: {page} by {user}
34103,2026-01-12,13:57:05,INFO,WebServer,User u3655 login successful,E101,User {user} login successful
34104,2026-01-12,13:45:58,INFO,WebServer,User u1802 login successful,E101,User {user} login successful
34105,2026-01-12,13:04:41,INFO,AuthService,User u3730 login successful,E101,User {user} login successful
34106,2026-01-12,13:40:17,INFO,PaymentGateway,Transaction tx461774 completed in 1375ms,E104,Transaction {tx} completed in {time}ms
34107,2026-01-12,13:26:58,INFO,WebServer,Health check passed: WebServer,E102,Health check passed: {service}
34108,2026-01-12,13:54:45,INFO,WebServer,Transaction tx615819 completed in 1214ms,E104,Transaction {tx} completed in {time}ms
34109,2026-01-12,13:03:11,INFO,WebServer,Health check passed: WebServer,E102,Health check passed: {service}
34110,2026-01-12,13:25:05,INFO,OrderProcessor,Page view: /home by u1984,E103,Page view: {page} by {user}
34111,2026-01-12,13:49:10,INFO,WebServer,Transaction tx209199 completed in 1069ms,E104,Transaction {tx} completed in {time}ms
34112,2026-01-12,13:27:51,INFO,AuthService,Transaction tx777019 completed in 638ms,E104,Transaction {tx} completed in {time}ms
34113,2026-01-12,13:49:22,INFO,AuthService,User u3813 login successful,E101,User {user} login successful
34114,2026-01-12,13:29:12,INFO,AuthService,Health check passed: AuthService,E102,Health check passed: {service}
34115,2026-01-12,13:45:59,INFO,AuthService,User u2859 login successful,E101,User {user} login successful
34116,2026-01-12,13:38:12,WARN,AuthService,Disk usage > 85% on node node-2,E202,Disk usage > 85% on node {node}
34117,2026-01-12,13:18:39,INFO,WebServer,Transaction tx749941 completed in 1685ms,E104,Transaction {tx} completed in {time}ms
34118,2026-01-12,13:33:36,INFO,OrderProcessor,Transaction tx495367 completed in 605ms,E104,Transaction {tx} completed in {time}ms
34119,2026-01-12,13:27:23,INFO,AuthService,Page view: /home by u1195,E103,Page view: {page} by {user}
34120,2026-01-12,13:24:07,INFO,PaymentGateway,Transaction tx975249 completed in 1656ms,E104,Transaction {tx} completed in {time}ms
34121,2026-01-12,13:39:05,INFO,OrderProcessor,User u2006 login successful,E101,User {user} login successful
34122,2026-01-12,13:31:17,INFO,WebServer,Transaction tx368111 completed in 524ms,E104,Transaction {tx} completed in {time}ms
34123,2026-01-12,13:00:43,INFO,AuthService,User u2225 login successful,E101,User {user} login successful
34124,2026-01-12,13:27:27,INFO,WebServer,Transaction tx744592 completed in 519ms,E104,Transaction {tx} completed in {time}ms
34125,2026-01-12,13:01:53,INFO,AuthService,User u1997 login successful,E101,User {user} login successful
34126,2026-01-12,13:19:15,INFO,WebServer,Health check passed: WebServer,E102,Health check passed: {service}
34127,2026-01-12,13:39:22,INFO,WebServer,Health check passed: WebServer,E102,Health check passed: {service}
34128,2026-01-12,13:57:15,INFO,WebServer,Page view: /home by u2897,E103,Page view: {page} by {user}
34129,2026-01-12,13:24:19,INFO,WebServer,Health check passed: WebServer,E102,Health check passed: {service}
34130,2026-01-12,13:07:32,INFO,InventoryDB,Page view: /home by u3665,E103,Page view: {page} by {user}
34131,2026-01-12,13:41:13,INFO,WebServer,User u2923 login successful,E101,User {user} login successful
34132,2026-01-12,13:50:41,INFO,AuthService,Health check passed: AuthService,E102,Health check passed: {service}
34133,2026-01-12,13:04:58,INFO,WebServer,Page view: /home by u3462,E103,Page view: {page} by {user}
34134,2026-01-12,13:23:42,INFO,PaymentGateway,Page view: /home by u1745,E103,Page view: {page} by {user}
34135,2026-01-12,13:58:58,WARN,WebServer,Unauthorized access attempt from 10.0.0.12,E401,Unauthorized access attempt from {ip}
34136,2026-01-12,13:44:46,INFO,WebServer,Page view: /home by u3142,E103,Page view: {page} by {user}
34137,2026-01-12,13:43:29,INFO,PaymentGateway,Health check passed: PaymentGateway,E102,Health check passed: {service}
34138,2026-01-12,13:31:32,INFO,WebServer,Transaction tx996317 completed in 587ms,E104,Transaction {tx} completed in {time}ms
34139,2026-01-12,13:08:40,INFO,AuthService,User u2409 login successful,E101,User {user} login successful
34140,2026-01-12,13:51:52,INFO,PaymentGateway,Health check passed: PaymentGateway,E102,Health check passed: {service}
34141,2026-01-12,13:02:37,INFO,WebServer,Page view: /home by u2413,E103,Page view: {page} by {user}
34142,2026-01-12,13:19:05,INFO,AuthService,User u3258 login successful,E101,User {user} login successful
34143,2026-01-12,13:17:17,INFO,WebServer,Page view: /home by u3787,E103,Page view: {page} by {user}
34144,2026-01-12,13:46:54,INFO,InventoryDB,Health check passed: InventoryDB,E102,Health check passed: {service}
34145,2026-01-12,13:36:02,INFO,PaymentGateway,Page view: /home by u4848,E103,Page view: {page} by {user}
34146,2026-01-12,13:59:19,INFO,AuthService,Health check passed: AuthService,E102,Health check passed: {service}
34147,2026-01-12,13:28:57,INFO,InventoryDB,User u2883 login successful,E101,User {user} login successful
34148,2026-01-12,13:20:39,INFO,WebServer,Health check passed: WebServer,E102,Health check passed: {service}
34149,2026-01-12,13:25:49,INFO,WebServer,Transaction tx397752 completed in 1496ms,E104,Transaction {tx} completed in {time}ms
34150,2026-01-12,13:42:10,WARN,PaymentGateway,Unauthorized access attempt from 10.0.0.45,E401,Unauthorized access attempt from {ip}
34151,2026-01-12,13:24:39,INFO,OrderProcessor,Health check passed: OrderProcessor,E102,Health check passed: {service}
34152,2026-01-12,13:30:16,INFO,InventoryDB,Transaction tx754615 completed in 1833ms,E104,Transaction {tx} completed in {time}ms
34153,2026-01-12,13:28:42,INFO,WebServer,Transaction tx431567 completed in 1663ms,E104,Transaction {tx} completed in {time}ms
34154,2026-01-12,13:51:42,WARN,WebServer,High latency (1595ms) detected on WebServer,E201,High latency ({time}ms) detected on {service}
34155,2026-01-12,13:55:55,INFO,WebServer,Health check passed: WebServer,E102,Health check passed: {service}
34156,2026-01-12,13:50:26,WARN,WebServer,Disk usage > 85% on node node-5,E202,Disk usage > 85% on node {node}
34157,2026-01-12,13:25:34,INFO,WebServer,Transaction tx462161 completed in 1209ms,E104,Transaction {tx} completed in {time}ms
34158,2026-01-12,13:52:37,INFO,WebServer,User u1731 login successful,E101,User {user} login successful
34159,2026-01-12,13:40:53,INFO,WebServer,Transaction tx784080 completed in 560ms,E104,Transaction {tx} completed in {time}ms
34160,2026-01-12,13:13:29,INFO,AuthService,User u4574 login successful,E101,User {user} login successful
34161,2026-01-12,13:21:57,INFO,PaymentGateway,Health check passed: PaymentGateway,E102,Health check passed: {service}
34162,2026-01-12,13:29:30,INFO,WebServer,Transaction tx665444 completed in 145ms,E104,Transaction {tx} completed in {time}ms
34163,2026-01-12,13:02:06,INFO,WebServer,Health check passed: WebServer,E102,Health check passed: {service}
34164,2026-01-12,13:03:34,INFO,OrderProcessor,Page view: /home by u1412,E103,Page view: {page} by {user}
34165,2026-01-12,13:09:24,INFO,AuthService,User u1970 login successful,E101,User {user} login successful
34166,2026-01-12,13:28:43,INFO,WebServer,Page view: /home by u4321,E103,Page view: {page} by {user}
34167,2026-01-12,13:09:15,INFO,OrderProcessor,Transaction tx870624 completed in 1281ms,E104,Transaction {tx} completed in {time}ms
34168,2026-01-12,13:56:51,INFO,AuthService,Health check passed: AuthService,E102,Health check passed: {service}
34169,2026-01-12,13:22:49,INFO,PaymentGateway,Transaction tx646506 completed in 1751ms,E104,Transaction {tx} completed in {time}ms
34170,2026-01-12,13:40:34,INFO,AuthService,Health check passed: AuthService,E102,Health check passed: {service}
34171,2026-01-12,13:53:07,INFO,AuthService,Page view: /home by u3996,E103,Page view: {page} by {user}
34172,2026-01-12,13:16:38,INFO,AuthService,Transaction tx599814 completed in 1156ms,E104,Transaction {tx} completed in {time}ms
34173,2026-01-12,13:59:31,INFO,PaymentGateway,Transaction tx234271 completed in 885ms,E104,Transaction {tx} completed in {time}ms
34174,2026-01-12,13:40:36,INFO,WebServer,Health check passed: WebServer,E102,Health check passed: {service}
34175,2026-01-12,13:21:06,WARN,WebServer,High latency (1248ms) detected on WebServer,E201,High latency ({time}ms) detected on {service}
34176,2026-01-12,13:24:40,INFO,WebServer,Health check passed: WebServer,E102,Health check passed: {service}
34177,2026-01-12,13:21:10,INFO,AuthService,Page view: /home by u4748,E103,Page view: {page} by {user}
34178,2026-01-12,13:51:53,INFO,WebServer,User u1942 login successful,E101,User {user} login successful
34179,2026-01-12,13:59:15,INFO,WebServer,Page view: /home by u3532,E103,Page view: {page} by {user}
34180,2026-01-12,13:19:10,INFO,InventoryDB,Transaction tx112723 completed in 1776ms,E104,Transaction {tx} completed in {time}ms
34181,2026-01-12,13:10:08,INFO,AuthService,Health check passed: AuthService,E102,Health check passed: {service}
34182,2026-01-12,13:46:25,INFO,AuthService,Transaction tx813336 completed in 813ms,E104,Transaction {tx} completed in {time}ms
34183,2026-01-12,13:22:36,WARN,OrderProcessor,High latency (1750ms) detected on OrderProcessor,E201,High latency ({time}ms) detected on {service}
34184,2026-01-12,13:51:05,INFO,WebServer,Health check passed: WebServer,E102,Health check passed: {service}
34185,2026-01-12,13:03:04,INFO,InventoryDB,User u1858 login successful,E101,User {user} login successful
34186,2026-01-12,13:10:31,WARN,WebServer,Disk usage > 85% on node node-4,E202,Disk usage > 85% on node {node}
34187,2026-01-12,13:43:46,INFO,WebServer,Page view: /home by u2912,E103,Page view: {page} by {user}
34188,2026-01-12,13:15:12,INFO,WebServer,Page view: /home by u1646,E103,Page view: {page} by {user}
34189,2026-01-12,13:24:43,INFO,InventoryDB,Health check passed: InventoryDB,E102,Health check passed: {service}
34190,2026-01-12,13:40:00,INFO,AuthService,Page view: /home by u4903,E103,Page view: {page} by {user}
34191,2026-01-12,13:10:31,INFO,OrderProcessor,Health check passed: OrderProcessor,E102,Health check passed: {service}
34192,2026-01-12,13:35:56,INFO,WebServer,User u1395 login successful,E101,User {user} login successful
34193,2026-01-12,13:55:34,INFO,WebServer,User u1030 login successful,E101,User {user} login successful
34194,2026-01-12,13:20:27,INFO,WebServer,Page view: /home by u2552,E103,Page view: {page} by {user}
34195,2026-01-12,13:56:27,INFO,WebServer,Health check passed: WebServer,E102,Health check passed: {service}
34196,2026-01-12,13:59:51,INFO,OrderProcessor,Health check passed: OrderProcessor,E102,Health check passed: {service}
34197,2026-01-12,13:15:35,INFO,PaymentGateway,User u4143 login successful,E101,User {user} login successful
34198,2026-01-12,13:40:08,INFO,OrderProcessor,Health check passed: OrderProcessor,E102,Health check passed: {service}
34199,2026-01-12,13:18:02,INFO,OrderProcessor,Page view: /home by u1439,E103,Page view: {page} by {user}
34200,2026-01-12,13:26:58,INFO,AuthService,Page view: /home by u3565,E103,Page view: {page} by {user}
34201,2026-01-12,13:35:54,INFO,WebServer,User u2282 login successful,E101,User {user} login successful
34202,2026-01-12,13:56:10,INFO,WebServer,Page view: /home by u1116,E103,Page view: {page} by {user}
34203,2026-01-12,13:27:32,INFO,WebServer,Page view: /home by u1908,E103,Page view: {page} by {user}
34204,2026-01-12,13:00:27,INFO,AuthService,User u4387 login successful,E101,User {user} login successful
34205,2026-01-12,13:36:35,INFO,OrderProcessor,User u3730 login successful,E101,User {user} login successful
34206,2026-01-12,13:30:36,INFO,WebServer,Page view: /home by u3637,E103,Page view: {page} by {user}
34207,2026-01-12,13:29:00,INFO,WebServer,Page view: /home by u1171,E103,Page view: {page} by {user}
34208,2026-01-12,13:53:10,INFO,AuthService,User u1167 login successful,E101,User {user} login successful
34209,2026-01-12,13:38:24,INFO,WebServer,Transaction tx221524 completed in 1217ms,E104,Transaction {tx} completed in {time}ms
34210,2026-01-12,13:19:25,INFO,WebServer,Transaction tx747578 completed in 860ms,E104,Transaction {tx} completed in {time}ms
34211,2026-01-12,13:07:10,INFO,WebServer,Health check passed: WebServer,E102,Health check passed: {service}
34212,2026-01-12,13:51:05,INFO,OrderProcessor,Page view: /home by u1891,E103,Page view: {page} by {user}
34213,2026-01-12,13:35:23,INFO,AuthService,Page view: /home by u2719,E103,Page view: {page} by {user}
34214,2026-01-12,13:54:23,INFO,WebServer,Page view: /home by u2851,E103,Page view: {page} by {user}
34215,2026-01-12,13:22:36,INFO,AuthService,Health check passed: AuthService,E102,Health check passed: {service}
34216,2026-01-12,13:31:17,INFO,WebServer,Health check passed: WebServer,E102,Health check passed: {service}
34217,2026-01-12,13:43:42,INFO,WebServer,User u4757 login successful,E101,User {user} login successful
34218,2026-01-12,13:11:26,INFO,WebServer,Health check passed: WebServer,E102,Health check passed: {service}
34219,2026-01-12,13:47:48,WARN,WebServer,High latency (1567ms) detected on WebServer,E201,High latency ({time}ms) detected on {service}
34220,2026-01-12,13:06:03,INFO,AuthService,Health check passed: AuthService,E102,Health check passed: {service}
34221,2026-01-12,13:01:59,INFO,WebServer,Health check passed: WebServer,E102,Health check passed: {service}
34222,2026-01-12,13:38:57,INFO,WebServer,User u4900 login successful,E101,User {user} login successful
34223,2026-01-12,13:32:08,INFO,WebServer,Transaction tx927525 completed in 848ms,E104,Transaction {tx} completed in {time}ms
34224,2026-01-12,13:12:32,INFO,WebServer,Health check passed: WebServer,E102,Health check passed: {service}
34225,2026-01-12,13:25:04,INFO,PaymentGateway,Page view: /home by u2129,E103,Page view: {page} by {user}
34226,2026-01-12,13:28:17,INFO,OrderProcessor,Transaction tx259294 completed in 504ms,E104,Transaction {tx} completed in {time}ms
34227,2026-01-12,13:00:47,INFO,WebServer,Transaction tx284084 completed in 1467ms,E104,Transaction {tx} completed in {time}ms
34228,2026-01-12,13:48:03,INFO,InventoryDB,Transaction tx370635 completed in 1596ms,E104,Transaction {tx} completed in {time}ms
34229,2026-01-12,13:27:16,INFO,AuthService,Transaction tx893544 completed in 1669ms,E104,Transaction {tx} completed in {time}ms
34230,2026-01-12,13:08:16,WARN,AuthService,Disk usage > 85% on node node-5,E202,Disk usage > 85% on node {node}
34231,2026-01-12,13:46:06,INFO,WebServer,Page view: /home by u4091,E103,Page view: {page} by {user}
34232,2026-01-12,13:14:10,INFO,WebServer,Page view: /home by u4798,E103,Page view: {page} by {user}
34233,2026-01-12,13:57:57,INFO,WebServer,Transaction tx461321 completed in 1216ms,E104,Transaction {tx} completed in {time}ms
34234,2026-01-12,13:36:15,INFO,WebServer,Health check passed: WebServer,E102,Health check passed: {service}
34235,2026-01-12,13:54:15,INFO,AuthService,Page view: /home by u3660,E103,Page view: {page} by {user}
34236,2026-01-12,13:02:00,INFO,WebServer,Health check passed: WebServer,E102,Health check passed: {service}
34237,2026-01-12,13:15:22,ERROR,WebServer,Payment declined: Gateway unavailable,E503,Payment declined: Gateway unavailable
34238,2026-01-12,13:46:34,INFO,WebServer,User u2353 login successful,E101,User {user} login successful
34239,2026-01-12,13:58:00,INFO,WebServer,User u3142 login successful,E101,User {user} login successful
34240,2026-01-12,13:00:30,WARN,PaymentGateway,Unauthorized access attempt from 10.0.0.45,E401,Unauthorized access attempt from {ip}
34241,2026-01-12,13:05:54,INFO,WebServer,Health check passed: WebServer,E102,Health check passed: {service}
34242,2026-01-12,13:09:34,INFO,AuthService,Health check passed: AuthService,E102,Health check passed: {service}
34243,2026-01-12,13:50:07,INFO,AuthService,User u4652 login successful,E101,User {user} login successful
34244,2026-01-12,13:27:50,INFO,WebServer,User u2677 login successful,E101,User {user} login successful
34245,2026-01-12,13:08:11,INFO,WebServer,Page view: /home by u3957,E103,Page view: {page} by {user}
34246,2026-01-12,13:11:30,INFO,AuthService,Health check passed: AuthService,E102,Health check passed: {service}
34247,2026-01-12,13:09:26,INFO,InventoryDB,User u1032 login successful,E101,User {user} login successful
34248,2026-01-12,13:34:00,INFO,WebServer,Health check passed: WebServer,E102,Health check passed: {service}
34249,2026-01-12,13:52:28,INFO,WebServer,User u3792 login successful,E101,User {user} login successful
34250,2026-01-12,13:39:55,INFO,AuthService,Transaction tx494577 completed in 570ms,E104,Transaction {tx} completed in {time}ms
34251,2026-01-12,13:41:42,INFO,PaymentGateway,User u1608 login successful,E101,User {user} login successful
34252,2026-01-12,13:28:28,INFO,WebServer,User u3122 login successful,E101,User {user} login successful
34253,2026-01-12,13:48:11,INFO,WebServer,Transaction tx447395 completed in 958ms,E104,Transaction {tx} completed in {time}ms
34254,2026-01-12,13:11:32,INFO,WebServer,Transaction tx188924 completed in 552ms,E104,Transaction {tx} completed in {time}ms
34255,2026-01-12,13:40:43,WARN,AuthService,High latency (1942ms) detected on AuthService,E201,High latency ({time}ms) detected on {service}
34256,2026-01-12,13:44:14,INFO,AuthService,Page view: /home by u2324,E103,Page view: {page} by {user}
34257,2026-01-12,13:45:18,INFO,AuthService,Transaction tx890022 completed in 1527ms,E104,Transaction {tx} completed in {time}ms
34258,2026-01-12,13:52:37,INFO,OrderProcessor,Page view: /home by u3653,E103,Page view: {page} by {user}
34259,2026-01-12,13:54:28,INFO,AuthService,Page view: /home by u4363,E103,Page view: {page} by {user}
34260,2026-01-12,13:47:16,ERROR,WebServer,Payment declined: Gateway unavailable,E503,Payment declined: Gateway unavailable
34261,2026-01-12,13:37:16,INFO,WebServer,User u2039 login successful,E101,User {user} login successful
34262,2026-01-12,13:45:56,INFO,WebServer,Transaction tx196090 completed in 1848ms,E104,Transaction {tx} completed in {time}ms
34263,2026-01-12,13:34:06,INFO,AuthService,Health check passed: AuthService,E102,Health check passed: {service}
34264,2026-01-12,13:21:36,INFO,WebServer,Page view: /home by u2493,E103,Page view: {page} by {user}
34265,2026-01-12,13:03:05,WARN,InventoryDB,Unauthorized access attempt from 10.0.0.99,E401,Unauthorized access attempt from {ip}
34266,2026-01-12,13:57:49,INFO,WebServer,Health check passed: WebServer,E102,Health check passed: {service}
34267,2026-01-12,13:21:24,INFO,PaymentGateway,Transaction tx498290 completed in 1498ms,E104,Transaction {tx} completed in {time}ms
34268,2026-01-12,13:29:57,INFO,WebServer,Transaction tx467374 completed in 1976ms,E104,Transaction {tx} completed in {time}ms
34269,2026-01-12,13:35:25,INFO,PaymentGateway,Page view: /home by u2864,E103,Page view: {page} by {user}
34270,2026-01-12,13:04:53,WARN,PaymentGateway,Disk usage > 85% on node node-1,E202,Disk usage > 85% on node {node}
34271,2026-01-12,13:58:59,INFO,PaymentGateway,Page view: /home by u4632,E103,Page view: {page} by {user}
34272,2026-01-12,13:06:21,INFO,OrderProcessor,Health check passed: OrderProcessor,E102,Health check passed: {service}
34273,2026-01-12,13:40:11,WARN,AuthService,High latency (838ms) detected on AuthService,E201,High latency ({time}ms) detected on {service}
34274,2026-01-12,13:52:11,INFO,InventoryDB,Health check passed: InventoryDB,E102,Health check passed: {service}
34275,2026-01-12,13:23:46,WARN,WebServer,High latency (328ms) detected on WebServer,E201,High latency ({time}ms) detected on {service}
34276,2026-01-12,13:26:41,INFO,AuthService,Page view: /home by u4888,E103,Page view: {page} by {user}
34277,2026-01-12,13:49:56,INFO,WebServer,Health check passed: WebServer,E102,Health check passed: {service}
34278,2026-01-12,13:32:38,INFO,AuthService,User u1710 login successful,E101,User {user} login successful
34279,2026-01-12,13:51:42,INFO,AuthService,User u1455 login successful,E101,User {user} login successful
34280,2026-01-12,13:24:58,INFO,InventoryDB,User u2608 login successful,E101,User {user} login successful
34281,2026-01-12,13:47:26,INFO,InventoryDB,Page view: /home by u1452,E103,Page view: {page} by {user}
34282,2026-01-12,13:36:01,INFO,AuthService,User u3600 login successful,E101,User {user} login successful
34283,2026-01-12,13:24:28,INFO,OrderProcessor,Page view: /home by u1942,E103,Page view: {page} by {user}
34284,2026-01-12,13:33:54,INFO,AuthService,Transaction tx131471 completed in 1340ms,E104,Transaction {tx} completed in {time}ms
34285,2026-01-12,13:52:27,INFO,AuthService,Health check passed: AuthService,E102,Health check passed: {service}
34286,2026-01-12,13:42:03,INFO,WebServer,Transaction tx243342 completed in 261ms,E104,Transaction {tx} completed in {time}ms
34287,2026-01-12,13:59:40,INFO,WebServer,Transaction tx280789 completed in 1282ms,E104,Transaction {tx} completed in {time}ms
34288,2026-01-12,13:56:56,INFO,OrderProcessor,Page view: /home by u1599,E103,Page view: {page} by {user}
34289,2026-01-12,13:42:18,INFO,AuthService,Transaction tx281809 completed in 1461ms,E104,Transaction {tx} completed in {time}ms
34290,2026-01-12,13:07:47,INFO,OrderProcessor,Page view: /home by u3467,E103,Page view: {page} by {user}
34291,2026-01-12,13:18:46,INFO,InventoryDB,Health check passed: InventoryDB,E102,Health check passed: {service}
34292,2026-01-12,13:52:53,INFO,OrderProcessor,Page view: /home by u3007,E103,Page view: {page} by {user}
34293,2026-01-12,13:17:50,INFO,WebServer,Transaction tx963983 completed in 1949ms,E104,Transaction {tx} completed in {time}ms
34294,2026-01-12,13:03:02,INFO,AuthService,Page view: /home by u4690,E103,Page view: {page} by {user}
34295,2026-01-12,13:18:44,INFO,WebServer,Page view: /home by u3468,E103,Page view: {page} by {user}
34296,2026-01-12,13:48:21,CRITICAL,OrderProcessor,KERNEL PANIC: Node node-2 crashed,E601,KERNEL PANIC: Node {node} crashed
34297,2026-01-12,13:10:20,INFO,WebServer,Transaction tx611878 completed in 537ms,E104,Transaction {tx} completed in {time}ms
34298,2026-01-12,13:36:38,INFO,OrderProcessor,User u2174 login successful,E101,User {user} login successful
34299,2026-01-12,13:43:58,INFO,WebServer,Health check passed: WebServer,E102,Health check passed: {service}
34300,2026-01-12,13:10:17,INFO,AuthService,Page view: /home by u3868,E103,Page view: {page} by {user}
34301,2026-01-12,13:53:31,INFO,WebServer,Page view: /home by u2357,E103,Page view: {page} by {user}
34302,2026-01-12,13:09:33,INFO,OrderProcessor,Health check passed: OrderProcessor,E102,Health check passed: {service}
34303,2026-01-12,13:14:37,INFO,WebServer,User u2231 login successful,E101,User {user} login successful
34304,2026-01-12,13:27:27,INFO,WebServer,User u3071 login successful,E101,User {user} login successful
34305,2026-01-12,13:25:00,INFO,WebServer,Page view: /home by u1928,E103,Page view: {page} by {user}
34306,2026-01-12,13:15:18,INFO,AuthService,Health check passed: AuthService,E102,Health check passed: {service}
34307,2026-01-12,13:32:19,INFO,WebServer,User u2171 login successful,E101,User {user} login successful
34308,2026-01-12,13:10:01,INFO,InventoryDB,User u2253 login successful,E101,User {user} login successful
34309,2026-01-12,13:24:39,INFO,WebServer,Health check passed: WebServer,E102,Health check passed: {service}
34310,2026-01-12,13:43:31,INFO,AuthService,Health check passed: AuthService,E102,Health check passed: {service}
34311,2026-01-12,13:32:20,INFO,WebServer,User u3459 login successful,E101,User {user} login successful
34312,2026-01-12,13:46:07,INFO,OrderProcessor,Health check passed: OrderProcessor,E102,Health check passed: {service}
34313,2026-01-12,13:25:22,WARN,WebServer,Unauthorized access attempt from 10.0.0.45,E401,Unauthorized access attempt from {ip}
34314,2026-01-12,13:54:56,INFO,WebServer,Transaction tx217385 completed in 817ms,E104,Transaction {tx} completed in {time}ms
34315,2026-01-12,13:38:39,INFO,WebServer,Page view: /home by u1936,E103,Page view: {page} by {user}
34316,2026-01-12,13:41:46,INFO,AuthService,User u1201 login successful,E101,User {user} login successful
34317,2026-01-12,13:50:05,INFO,WebServer,Health check passed: WebServer,E102,Health check passed: {service}
34318,2026-01-12,13:31:32,INFO,AuthService,Page view: /home by u4181,E103,Page view: {page} by {user}
34319,2026-01-12,13:58:29,INFO,OrderProcessor,Health check passed: OrderProcessor,E102,Health check passed: {service}
34320,2026-01-12,13:02:36,INFO,InventoryDB,Health check passed: InventoryDB,E102,Health check passed: {service}
34321,2026-01-12,13:15:45,INFO,AuthService,Health check passed: AuthService,E102,Health check passed: {service}
34322,2026-01-12,13:09:40,INFO,WebServer,User u4335 login successful,E101,User {user} login successful
34323,2026-01-12,13:40:30,INFO,OrderProcessor,User u1152 login successful,E101,User {user} login successful
34324,2026-01-12,13:14:05,INFO,WebServer,User u1376 login successful,E101,User {user} login successful
34325,2026-01-12,13:11:12,INFO,WebServer,Page view: /home by u2587,E103,Page view: {page} by {user}
34326,2026-01-12,13:08:31,INFO,PaymentGateway,Transaction tx817743 completed in 1146ms,E104,Transaction {tx} completed in {time}ms
34327,2026-01-12,13:41:57,INFO,OrderProcessor,Health check passed: OrderProcessor,E102,Health check passed: {service}
34328,2026-01-12,13:53:40,INFO,WebServer,Transaction tx146616 completed in 475ms,E104,Transaction {tx} completed in {time}ms
34329,2026-01-12,13:22:06,INFO,InventoryDB,Transaction tx172841 completed in 742ms,E104,Transaction {tx} completed in {time}ms
34330,2026-01-12,13:08:49,INFO,WebServer,Transaction tx770277 completed in 714ms,E104,Transaction {tx} completed in {time}ms
34331,2026-01-12,13:06:38,INFO,WebServer,Page view: /home by u2081,E103,Page view: {page} by {user}
34332,2026-01-12,13:45:29,INFO,PaymentGateway,User u4699 login successful,E101,User {user} login successful
34333,2026-01-12,13:55:44,INFO,WebServer,Page view: /home by u1428,E103,Page view: {page} by {user}
34334,2026-01-12,13:34:03,INFO,AuthService,Health check passed: AuthService,E102,Health check passed: {service}
34335,2026-01-12,13:47:44,INFO,WebServer,Page view: /home by u2297,E103,Page view: {page} by {user}
34336,2026-01-12,13:23:49,INFO,PaymentGateway,Health check passed: PaymentGateway,E102,Health check passed: {service}
34337,2026-01-12,13:30:14,INFO,WebServer,User u1686 login successful,E101,User {user} login successful
34338,2026-01-12,13:35:55,INFO,WebServer,Page view: /home by u3267,E103,Page view: {page} by {user}
34339,2026-01-12,13:45:17,INFO,AuthService,Health check passed: AuthService,E102,Health check passed: {service}
34340,2026-01-12,13:27:35,INFO,AuthService,Health check passed: AuthService,E102,Health check passed: {service}
34341,2026-01-12,13:42:16,INFO,InventoryDB,Page view: /home by u1832,E103,Page view: {page} by {user}
34342,2026-01-12,13:21:11,INFO,WebServer,Page view: /home by u4344,E103,Page view: {page} by {user}
34343,2026-01-12,13:10:02,INFO,AuthService,Health check passed: AuthService,E102,Health check passed: {service}
34344,2026-01-12,13:46:47,INFO,PaymentGateway,Page view: /home by u1371,E103,Page view: {page} by {user}
34345,2026-01-12,13:30:00,WARN,WebServer,Unauthorized access attempt from 10.0.0.45,E401,Unauthorized access attempt from {ip}
34346,2026-01-12,13:06:34,INFO,AuthService,Health check passed: AuthService,E102,Health check passed: {service}
34347,2026-01-12,13:53:44,WARN,WebServer,High latency (790ms) detected on WebServer,E201,High latency ({time}ms) detected on {service}
34348,2026-01-12,13:26:04,INFO,WebServer,Transaction tx321465 completed in 1951ms,E104,Transaction {tx} completed in {time}ms
34349,2026-01-12,13:48:38,INFO,WebServer,Health check passed: WebServer,E102,Health check passed: {service}
34350,2026-01-12,13:27:14,INFO,PaymentGateway,User u3402 login successful,E101,User {user} login successful
34351,2026-01-12,13:42:04,ERROR,InventoryDB,Timeout waiting for lock on InventoryDB,E502,Timeout waiting for lock on {db}
34352,2026-01-12,13:31:39,INFO,WebServer,Transaction tx935255 completed in 900ms,E104,Transaction {tx} completed in {time}ms
34353,2026-01-12,13:24:59,INFO,AuthService,Transaction tx356257 completed in 1856ms,E104,Transaction {tx} completed in {time}ms
34354,2026-01-12,13:51:12,WARN,OrderProcessor,Disk usage > 85% on node node-1,E202,Disk usage > 85% on node {node}
34355,2026-01-12,13:54:42,INFO,OrderProcessor,Transaction tx611534 completed in 1955ms,E104,Transaction {tx} completed in {time}ms
34356,2026-01-12,13:53:35,INFO,OrderProcessor,Health check passed: OrderProcessor,E102,Health check passed: {service}
34357,2026-01-12,13:36:20,INFO,WebServer,Health check passed: WebServer,E102,Health check passed: {service}
34358,2026-01-12,13:13:21,INFO,AuthService,Health check passed: AuthService,E102,Health check passed: {service}
34359,2026-01-12,13:28:29,INFO,WebServer,Health check passed: WebServer,E102,Health check passed: {service}
34360,2026-01-12,13:39:23,WARN,WebServer,High latency (470ms) detected on WebServer,E201,High latency ({time}ms) detected on {service}
34361,2026-01-12,13:03:11,WARN,PaymentGateway,Unauthorized access attempt from 10.0.0.45,E401,Unauthorized access attempt from {ip}
34362,2026-01-12,13:31:55,INFO,WebServer,User u4401 login successful,E101,User {user} login successful
34363,2026-01-12,13:33:32,INFO,WebServer,Transaction tx793438 completed in 1072ms,E104,Transaction {tx} completed in {time}ms
34364,2026-01-12,13:04:18,INFO,WebServer,Health check passed: WebServer,E102,Health check passed: {service}
34365,2026-01-12,13:06:27,INFO,WebServer,Page view: /home by u3812,E103,Page view: {page} by {user}
34366,2026-01-12,13:32:27,INFO,OrderProcessor,Health check passed: OrderProcessor,E102,Health check passed: {service}
34367,2026-01-12,13:31:32,INFO,WebServer,Transaction tx687977 completed in 979ms,E104,Transaction {tx} completed in {time}ms
34368,2026-01-12,13:36:28,INFO,PaymentGateway,Health check passed: PaymentGateway,E102,Health check passed: {service}
34369,2026-01-12,13:31:52,INFO,AuthService,User u1711 login successful,E101,User {user} login successful
34370,2026-01-12,13:07:01,INFO,PaymentGateway,Health check passed: PaymentGateway,E102,Health check passed: {service}
34371,2026-01-12,13:34:50,INFO,WebServer,User u1448 login successful,E101,User {user} login successful
34372,2026-01-12,13:47:18,INFO,WebServer,Health check passed: WebServer,E102,Health check passed: {service}
34373,2026-01-12,13:07:16,INFO,AuthService,User u1809 login successful,E101,User {user} login successful
34374,2026-01-12,13:23:27,WARN,WebServer,Unauthorized access attempt from 10.0.0.45,E401,Unauthorized access attempt from {ip}
34375,2026-01-12,13:12:06,INFO,WebServer,Transaction tx603479 completed in 1100ms,E104,Transaction {tx} completed in {time}ms
34376,2026-01-12,13:25:11,INFO,OrderProcessor,User u4559 login successful,E101,User {user} login successful
34377,2026-01-12,13:28:45,INFO,WebServer,Page view: /home by u4667,E103,Page view: {page} by {user}
34378,2026-01-12,13:25:43,INFO,WebServer,Transaction tx262844 completed in 1527ms,E104,Transaction {tx} completed in {time}ms
34379,2026-01-12,13:20:36,INFO,AuthService,Page view: /home by u4131,E103,Page view: {page} by {user}
34380,2026-01-12,13:07:22,INFO,WebServer,Health check passed: WebServer,E102,Health check passed: {service}
34381,2026-01-12,13:29:40,INFO,OrderProcessor,Transaction tx899052 completed in 531ms,E104,Transaction {tx} completed in {time}ms
34382,2026-01-12,13:25:59,INFO,WebServer,Health check passed: WebServer,E102,Health check passed: {service}
34383,2026-01-12,13:05:44,INFO,WebServer,Health check passed: WebServer,E102,Health check passed: {service}
34384,2026-01-12,13:16:56,INFO,PaymentGateway,Transaction tx638361 completed in 1769ms,E104,Transaction {tx} completed in {time}ms
34385,2026-01-12,13:31:17,INFO,WebServer,Health check passed: WebServer,E102,Health check passed: {service}
34386,2026-01-12,13:39:16,INFO,AuthService,User u3744 login successful,E101,User {user} login successful
34387,2026-01-12,13:59:31,INFO,WebServer,User u4059 login successful,E101,User {user} login successful
34388,2026-01-12,13:17:42,INFO,WebServer,Health check passed: WebServer,E102,Health check passed: {service}
34389,2026-01-12,13:10:00,INFO,WebServer,Transaction tx389691 completed in 924ms,E104,Transaction {tx} completed in {time}ms
34390,2026-01-12,13:33:53,INFO,WebServer,Page view: /home by u2350,E103,Page view: {page} by {user}
34391,2026-01-12,13:37:57,INFO,WebServer,User u4238 login successful,E101,User {user} login successful
34392,2026-01-12,13:28:37,INFO,WebServer,Page view: /home by u4732,E103,Page view: {page} by {user}
34393,2026-01-12,13:58:46,INFO,WebServer,Transaction tx999407 completed in 181ms,E104,Transaction {tx} completed in {time}ms
34394,2026-01-12,13:44:23,INFO,WebServer,Page view: /home by u3710,E103,Page view: {page} by {user}
34395,2026-01-12,13:12:55,INFO,OrderProcessor,Page view: /home by u2127,E103,Page view: {page} by {user}
34396,2026-01-12,13:04:32,INFO,AuthService,Transaction tx123164 completed in 510ms,E104,Transaction {tx} completed in {time}ms
34397,2026-01-12,13:45:22,INFO,OrderProcessor,Page view: /home by u2639,E103,Page view: {page} by {user}
34398,2026-01-12,13:17:14,WARN,WebServer,High latency (1582ms) detected on WebServer,E201,High latency ({time}ms) detected on {service}
34399,2026-01-12,13:27:56,INFO,AuthService,Page view: /home by u2780,E103,Page view: {page} by {user}
34400,2026-01-12,13:07:39,INFO,WebServer,Transaction tx801977 completed in 1000ms,E104,Transaction {tx} completed in {time}ms
34401,2026-01-12,13:49:56,INFO,AuthService,Page view: /home by u4454,E103,Page view: {page} by {user}
34402,2026-01-12,13:13:46,INFO,AuthService,Transaction tx753568 completed in 401ms,E104,Transaction {tx} completed in {time}ms
34403,2026-01-12,13:31:16,INFO,WebServer,Transaction tx849466 completed in 1726ms,E104,Transaction {tx} completed in {time}ms
34404,2026-01-12,13:14:30,INFO,AuthService,Page view: /home by u2284,E103,Page view: {page} by {user}
34405,2026-01-12,13:10:12,INFO,PaymentGateway,Transaction tx612619 completed in 1665ms,E104,Transaction {tx} completed in {time}ms
34406,2026-01-12,13:17:22,INFO,WebServer,Health check passed: WebServer,E102,Health check passed: {service}
34407,2026-01-12,13:23:51,INFO,AuthService,User u2041 login successful,E101,User {user} login successful
34408,2026-01-12,13:40:35,INFO,AuthService,User u4381 login successful,E101,User {user} login successful
34409,2026-01-12,13:13:34,INFO,WebServer,Health check passed: WebServer,E102,Health check passed: {service}
34410,2026-01-12,13:03:34,INFO,AuthService,Health check passed: AuthService,E102,Health check passed: {service}
34411,2026-01-12,13:54:32,INFO,InventoryDB,Transaction tx295418 completed in 1054ms,E104,Transaction {tx} completed in {time}ms
34412,2026-01-12,13:11:02,INFO,InventoryDB,Transaction tx653444 completed in 1342ms,E104,Transaction {tx} completed in {time}ms
34413,2026-01-12,13:41:00,INFO,WebServer,Transaction tx681548 completed in 1732ms,E104,Transaction {tx} completed in {time}ms
34414,2026-01-12,13:30:13,INFO,OrderProcessor,User u1815 login successful,E101,User {user} login successful
34415,2026-01-12,13:50:56,INFO,WebServer,Health check passed: WebServer,E102,Health check passed: {service}
34416,2026-01-12,13:54:00,INFO,WebServer,Page view: /home by u3362,E103,Page view: {page} by {user}
34417,2026-01-12,13:37:30,INFO,WebServer,User u4441 login successful,E101,User {user} login successful
34418,2026-01-12,13:17:14,WARN,WebServer,Disk usage > 85% on node node-3,E202,Disk usage > 85% on node {node}
34419,2026-01-12,13:02:17,WARN,AuthService,Unauthorized access attempt from 10.0.0.45,E401,Unauthorized access attempt from {ip}
34420,2026-01-12,13:25:54,INFO,WebServer,Health check passed: WebServer,E102,Health check passed: {service}
34421,2026-01-12,13:26:18,INFO,AuthService,Transaction tx407990 completed in 891ms,E104,Transaction {tx} completed in {time}ms
34422,2026-01-12,13:05:34,INFO,WebServer,User u4678 login successful,E101,User {user} login successful
34423,2026-01-12,13:35:55,INFO,AuthService,Transaction tx317600 completed in 306ms,E104,Transaction {tx} completed in {time}ms
34424,2026-01-12,13:12:28,INFO,WebServer,Health check passed: WebServer,E102,Health check passed: {service}
34425,2026-01-12,13:20:16,INFO,PaymentGateway,Transaction tx585645 completed in 1252ms,E104,Transaction {tx} completed in {time}ms
34426,2026-01-12,13:05:32,INFO,WebServer,User u2185 login successful,E101,User {user} login successful
34427,2026-01-12,13:39:16,INFO,AuthService,Transaction tx854356 completed in 1897ms,E104,Transaction {tx} completed in {time}ms
34428,2026-01-12,13:55:37,INFO,WebServer,User u2616 login successful,E101,User {user} login successful
34429,2026-01-12,13:49:54,INFO,OrderProcessor,User u3803 login successful,E101,User {user} login successful
34430,2026-01-12,13:13:19,INFO,InventoryDB,User u4932 login successful,E101,User {user} login successful
34431,2026-01-12,13:17:00,INFO,WebServer,Transaction tx526775 completed in 305ms,E104,Transaction {tx} completed in {time}ms
34432,2026-01-12,13:55:01,INFO,WebServer,Transaction tx645921 completed in 1965ms,E104,Transaction {tx} completed in {time}ms
34433,2026-01-12,13:03:20,INFO,PaymentGateway,User u1610 login successful,E101,User {user} login successful
34434,2026-01-12,13:19:19,INFO,AuthService,Transaction tx607744 completed in 108ms,E104,Transaction {tx} completed in {time}ms
34435,2026-01-12,13:37:07,INFO,WebServer,Page view: /home by u1163,E103,Page view: {page} by {user}
34436,2026-01-12,13:26:42,WARN,WebServer,Disk usage > 85% on node node-5,E202,Disk usage > 85% on node {node}
34437,2026-01-12,13:56:16,INFO,WebServer,User u4466 login successful,E101,User {user} login successful
34438,2026-01-12,13:19:22,WARN,WebServer,Disk usage > 85% on node node-3,E202,Disk usage > 85% on node {node}
34439,2026-01-12,13:47:05,WARN,WebServer,High latency (1330ms) detected on WebServer,E201,High latency ({time}ms) detected on {service}
34440,2026-01-12,13:27:10,INFO,OrderProcessor,Health check passed: OrderProcessor,E102,Health check passed: {service}
34441,2026-01-12,13:08:08,INFO,OrderProcessor,Health check passed: OrderProcessor,E102,Health check passed: {service}
34442,2026-01-12,13:16:02,INFO,WebServer,Transaction tx518451 completed in 1707ms,E104,Transaction {tx} completed in {time}ms
34443,2026-01-12,13:40:15,INFO,WebServer,Transaction tx495782 completed in 1332ms,E104,Transaction {tx} completed in {time}ms
34444,2026-01-12,13:36:27,INFO,WebServer,Page view: /home by u3856,E103,Page view: {page} by {user}
34445,2026-01-12,13:57:03,INFO,WebServer,Transaction tx971784 completed in 389ms,E104,Transaction {tx} completed in {time}ms
34446,2026-01-12,13:07:35,INFO,WebServer,Health check passed: WebServer,E102,Health check passed: {service}
34447,2026-01-12,13:40:31,INFO,OrderProcessor,Transaction tx175275 completed in 174ms,E104,Transaction {tx} completed in {time}ms
34448,2026-01-12,13:47:18,INFO,AuthService,User u2550 login successful,E101,User {user} login successful
34449,2026-01-12,13:11:20,INFO,WebServer,User u4722 login successful,E101,User {user} login successful
34450,2026-01-12,13:06:28,INFO,AuthService,Transaction tx124244 completed in 1228ms,E104,Transaction {tx} completed in {time}ms
34451,2026-01-12,13:54:14,INFO,OrderProcessor,User u2608 login successful,E101,User {user} login successful
34452,2026-01-12,13:48:57,INFO,OrderProcessor,Page view: /home by u4942,E103,Page view: {page} by {user}
34453,2026-01-12,13:34:45,INFO,OrderProcessor,Transaction tx619358 completed in 1191ms,E104,Transaction {tx} completed in {time}ms
34454,2026-01-12,13:33:09,INFO,AuthService,Transaction tx629267 completed in 1071ms,E104,Transaction {tx} completed in {time}ms
34455,2026-01-12,13:26:30,INFO,AuthService,Transaction tx691062 completed in 432ms,E104,Transaction {tx} completed in {time}ms
34456,2026-01-12,13:13:18,INFO,AuthService,User u4653 login successful,E101,User {user} login successful
34457,2026-01-12,13:15:36,INFO,InventoryDB,Health check passed: InventoryDB,E102,Health check passed: {service}
34458,2026-01-12,13:01:54,INFO,OrderProcessor,Transaction tx918625 completed in 1426ms,E104,Transaction {tx} completed in {time}ms
34459,2026-01-12,13:13:42,INFO,WebServer,Page view: /home by u1052,E103,Page view: {page} by {user}
34460,2026-01-12,13:24:48,INFO,WebServer,Page view: /home by u4040,E103,Page view: {page} by {user}
34461,2026-01-12,13:37:29,CRITICAL,WebServer,KERNEL PANIC: Node node-4 crashed,E601,KERNEL PANIC: Node {node} crashed
34462,2026-01-12,13:28:49,INFO,WebServer,Transaction tx130947 completed in 1630ms,E104,Transaction {tx} completed in {time}ms
34463,2026-01-12,13:30:18,WARN,WebServer,Disk usage > 85% on node node-3,E202,Disk usage > 85% on node {node}
34464,2026-01-12,13:50:37,INFO,WebServer,User u1206 login successful,E101,User {user} login successful
34465,2026-01-12,13:32:12,INFO,WebServer,Page view: /home by u1050,E103,Page view: {page} by {user}
34466,2026-01-12,13:48:09,INFO,AuthService,Health check passed: AuthService,E102,Health check passed: {service}
34467,2026-01-12,13:52:19,INFO,WebServer,Health check passed: WebServer,E102,Health check passed: {service}
34468,2026-01-12,13:06:03,INFO,OrderProcessor,Transaction tx949235 completed in 858ms,E104,Transaction {tx} completed in {time}ms
34469,2026-01-12,13:55:30,INFO,InventoryDB,Health check passed: InventoryDB,E102,Health check passed: {service}
34470,2026-01-12,13:55:15,INFO,WebServer,Transaction tx643393 completed in 153ms,E104,Transaction {tx} completed in {time}ms
34471,2026-01-12,13:43:38,INFO,WebServer,Transaction tx887318 completed in 682ms,E104,Transaction {tx} completed in {time}ms
34472,2026-01-12,13:31:24,INFO,AuthService,Health check passed: AuthService,E102,Health check passed: {service}
34473,2026-01-12,13:42:59,INFO,WebServer,Page view: /home by u2401,E103,Page view: {page} by {user}
34474,2026-01-12,13:49:25,INFO,AuthService,Transaction tx143693 completed in 196ms,E104,Transaction {tx} completed in {time}ms
34475,2026-01-12,13:23:15,INFO,OrderProcessor,Page view: /home by u2944,E103,Page view: {page} by {user}
34476,2026-01-12,13:15:43,INFO,WebServer,Transaction tx243958 completed in 1142ms,E104,Transaction {tx} completed in {time}ms
34477,2026-01-12,13:01:29,INFO,AuthService,Health check passed: AuthService,E102,Health check passed: {service}
34478,2026-01-12,13:38:06,INFO,OrderProcessor,User u4161 login successful,E101,User {user} login successful
34479,2026-01-12,13:28:58,INFO,WebServer,Health check passed: WebServer,E102,Health check passed: {service}
34480,2026-01-12,13:36:46,INFO,AuthService,Page view: /home by u3752,E103,Page view: {page} by {user}
34481,2026-01-12,13:22:23,INFO,OrderProcessor,Transaction tx720517 completed in 830ms,E104,Transaction {tx} completed in {time}ms
34482,2026-01-12,13:20:50,INFO,PaymentGateway,Page view: /home by u4340,E103,Page view: {page} by {user}
34483,2026-01-12,13:21:55,INFO,PaymentGateway,User u4145 login successful,E101,User {user} login successful
34484,2026-01-12,13:21:12,INFO,WebServer,Health check passed: WebServer,E102,Health check passed: {service}
34485,2026-01-12,13:54:03,INFO,WebServer,User u3104 login successful,E101,User {user} login successful
34486,2026-01-12,13:17:48,INFO,WebServer,Health check passed: WebServer,E102,Health check passed: {service}
34487,2026-01-12,13:53:08,INFO,WebServer,User u4613 login successful,E101,User {user} login successful
34488,2026-01-12,13:02:34,INFO,WebServer,Transaction tx865255 completed in 1253ms,E104,Transaction {tx} completed in {time}ms
34489,2026-01-12,13:08:45,INFO,InventoryDB,Transaction tx335073 completed in 1306ms,E104,Transaction {tx} completed in {time}ms
34490,2026-01-12,13:45:48,INFO,AuthService,User u1761 login successful,E101,User {user} login successful
34491,2026-01-12,13:19:41,INFO,OrderProcessor,Health check passed: OrderProcessor,E102,Health check passed: {service}
34492,2026-01-12,13:32:12,INFO,InventoryDB,User u4219 login successful,E101,User {user} login successful
34493,2026-01-12,13:56:21,INFO,WebServer,Health check passed: WebServer,E102,Health check passed: {service}
34494,2026-01-12,13:00:21,WARN,InventoryDB,Disk usage > 85% on node node-2,E202,Disk usage > 85% on node {node}
34495,2026-01-12,13:14:45,CRITICAL,PaymentGateway,DATA CORRUPTION detected in sector 628,E602,DATA CORRUPTION detected in sector {sector}
34496,2026-01-12,13:44:30,INFO,WebServer,Health check passed: WebServer,E102,Health check passed: {service}
34497,2026-01-12,13:36:47,INFO,WebServer,Transaction tx360023 completed in 1835ms,E104,Transaction {tx} completed in {time}ms
34498,2026-01-12,13:39:29,INFO,WebServer,Page view: /home by u1832,E103,Page view: {page} by {user}
34499,2026-01-12,13:55:36,INFO,WebServer,Health check passed: WebServer,E102,Health check passed: {service}
34500,2026-01-12,13:58:14,INFO,WebServer,User u1143 login successful,E101,User {user} login successful
34501,2026-01-12,13:53:11,INFO,OrderProcessor,User u3813 login successful,E101,User {user} login successful
34502,2026-01-12,13:43:50,WARN,WebServer,Unauthorized access attempt from 10.0.0.45,E401,Unauthorized access attempt from {ip}
34503,2026-01-12,13:24:29,INFO,WebServer,Page view: /home by u2568,E103,Page view: {page} by {user}
34504,2026-01-12,13:10:20,INFO,WebServer,User u1422 login successful,E101,User {user} login successful
34505,2026-01-12,13:10:22,INFO,WebServer,Health check passed: WebServer,E102,Health check passed: {service}
34506,2026-01-12,13:24:44,INFO,AuthService,User u2167 login successful,E101,User {user} login successful
34507,2026-01-12,13:21:48,INFO,WebServer,Health check passed: WebServer,E102,Health check passed: {service}
34508,2026-01-12,13:01:44,INFO,WebServer,User u4727 login successful,E101,User {user} login successful
34509,2026-01-12,13:27:38,INFO,OrderProcessor,User u3097 login successful,E101,User {user} login successful
34510,2026-01-12,13:21:22,INFO,WebServer,User u1353 login successful,E101,User {user} login successful
34511,2026-01-12,13:11:55,INFO,OrderProcessor,Health check passed: OrderProcessor,E102,Health check passed: {service}
34512,2026-01-12,13:35:59,INFO,AuthService,User u1193 login successful,E101,User {user} login successful
34513,2026-01-12,13:37:52,INFO,OrderProcessor,Health check passed: OrderProcessor,E102,Health check passed: {service}
34514,2026-01-12,13:19:11,INFO,WebServer,Health check passed: WebServer,E102,Health check passed: {service}
34515,2026-01-12,13:05:08,INFO,WebServer,Page view: /home by u2730,E103,Page view: {page} by {user}
34516,2026-01-12,13:18:44,INFO,OrderProcessor,User u3908 login successful,E101,User {user} login successful
34517,2026-01-12,13:05:44,INFO,WebServer,User u1249 login successful,E101,User {user} login successful
34518,2026-01-12,13:09:19,INFO,OrderProcessor,User u2794 login successful,E101,User {user} login successful
34519,2026-01-12,13:43:33,INFO,AuthService,Transaction tx977217 completed in 703ms,E104,Transaction {tx} completed in {time}ms
34520,2026-01-12,13:59:51,WARN,WebServer,Unauthorized access attempt from 10.0.0.45,E401,Unauthorized access attempt from {ip}
34521,2026-01-12,13:23:06,INFO,WebServer,User u3473 login successful,E101,User {user} login successful
34522,2026-01-12,13:39:06,INFO,WebServer,User u2173 login successful,E101,User {user} login successful
34523,2026-01-12,13:11:11,INFO,WebServer,Health check passed: WebServer,E102,Health check passed: {service}
34524,2026-01-12,13:12:17,INFO,WebServer,Health check passed: WebServer,E102,Health check passed: {service}
34525,2026-01-12,13:22:10,INFO,WebServer,Transaction tx247108 completed in 1467ms,E104,Transaction {tx} completed in {time}ms
34526,2026-01-12,13:35:45,WARN,WebServer,Disk usage > 85% on node node-5,E202,Disk usage > 85% on node {node}
34527,2026-01-12,13:22:23,INFO,PaymentGateway,Page view: /home by u2654,E103,Page view: {page} by {user}
34528,2026-01-12,13:31:48,INFO,InventoryDB,Health check passed: InventoryDB,E102,Health check passed: {service}
34529,2026-01-12,13:53:12,INFO,InventoryDB,Transaction tx917571 completed in 877ms,E104,Transaction {tx} completed in {time}ms
34530,2026-01-12,13:50:16,INFO,WebServer,Health check passed: WebServer,E102,Health check passed: {service}
34531,2026-01-12,13:17:05,INFO,AuthService,Page view: /home by u4133,E103,Page view: {page} by {user}
34532,2026-01-12,13:37:28,INFO,InventoryDB,User u2079 login successful,E101,User {user} login successful
34533,2026-01-12,13:39:24,INFO,AuthService,User u3613 login successful,E101,User {user} login successful
34534,2026-01-12,13:33:38,INFO,AuthService,Page view: /home by u3314,E103,Page view: {page} by {user}
34535,2026-01-12,13:57:51,INFO,WebServer,Transaction tx939654 completed in 766ms,E104,Transaction {tx} completed in {time}ms
34536,2026-01-12,13:49:24,WARN,AuthService,Disk usage > 85% on node node-2,E202,Disk usage > 85% on node {node}
34537,2026-01-12,13:35:31,INFO,WebServer,Transaction tx111951 completed in 502ms,E104,Transaction {tx} completed in {time}ms
34538,2026-01-12,13:41:38,INFO,WebServer,Transaction tx611071 completed in 1710ms,E104,Transaction {tx} completed in {time}ms
34539,2026-01-12,13:05:00,INFO,WebServer,User u4999 login successful,E101,User {user} login successful
34540,2026-01-12,13:15:15,WARN,PaymentGateway,High latency (961ms) detected on PaymentGateway,E201,High latency ({time}ms) detected on {service}
34541,2026-01-12,13:14:18,INFO,WebServer,Transaction tx457851 completed in 1373ms,E104,Transaction {tx} completed in {time}ms
34542,2026-01-12,13:13:51,INFO,PaymentGateway,User u2010 login successful,E101,User {user} login successful
34543,2026-01-12,13:05:28,INFO,OrderProcessor,Page view: /home by u3940,E103,Page view: {page} by {user}
34544,2026-01-12,13:29:15,INFO,WebServer,User u1780 login successful,E101,User {user} login successful
34545,2026-01-12,13:42:34,INFO,OrderProcessor,Page view: /home by u3524,E103,Page view: {page} by {user}
34546,2026-01-12,13:21:36,INFO,WebServer,User u4097 login successful,E101,User {user} login successful
34547,2026-01-12,13:34:18,INFO,WebServer,User u2682 login successful,E101,User {user} login successful
34548,2026-01-12,13:28:09,INFO,WebServer,Health check passed: WebServer,E102,Health check passed: {service}
34549,2026-01-12,13:47:09,INFO,WebServer,Health check passed: WebServer,E102,Health check passed: {service}
34550,2026-01-12,13:25:44,INFO,OrderProcessor,Page view: /home by u2183,E103,Page view: {page} by {user}
34551,2026-01-12,13:25:59,INFO,WebServer,Health check passed: WebServer,E102,Health check passed: {service}
34552,2026-01-12,13:19:17,INFO,WebServer,User u1299 login successful,E101,User {user} login successful
34553,2026-01-12,13:16:19,INFO,OrderProcessor,User u3477 login successful,E101,User {user} login successful
34554,2026-01-12,13:30:11,INFO,InventoryDB,Page view: /home by u1911,E103,Page view: {page} by {user}
34555,2026-01-12,13:55:09,INFO,WebServer,Page view: /home by u3931,E103,Page view: {page} by {user}
34556,2026-01-12,13:15:48,INFO,PaymentGateway,Page view: /home by u1597,E103,Page view: {page} by {user}
34557,2026-01-12,13:59:58,INFO,OrderProcessor,User u1232 login successful,E101,User {user} login successful
34558,2026-01-12,13:24:13,INFO,WebServer,Page view: /home by u2115,E103,Page view: {page} by {user}
34559,2026-01-12,13:51:25,INFO,PaymentGateway,User u3623 login successful,E101,User {user} login successful
34560,2026-01-12,13:33:22,INFO,WebServer,Page view: /home by u2075,E103,Page view: {page} by {user}
34561,2026-01-12,13:40:06,INFO,PaymentGateway,User u2838 login successful,E101,User {user} login successful
34562,2026-01-12,13:22:25,INFO,InventoryDB,Transaction tx736534 completed in 153ms,E104,Transaction {tx} completed in {time}ms
34563,2026-01-12,13:10:15,INFO,WebServer,Health check passed: WebServer,E102,Health check passed: {service}
34564,2026-01-12,13:25:38,WARN,AuthService,Disk usage > 85% on node node-5,E202,Disk usage > 85% on node {node}
34565,2026-01-12,13:38:44,INFO,WebServer,Health check passed: WebServer,E102,Health check passed: {service}
34566,2026-01-12,13:46:42,INFO,WebServer,User u4282 login successful,E101,User {user} login successful
34567,2026-01-12,13:54:34,INFO,WebServer,User u3263 login successful,E101,User {user} login successful
34568,2026-01-12,13:51:17,INFO,AuthService,Transaction tx893468 completed in 309ms,E104,Transaction {tx} completed in {time}ms
34569,2026-01-12,13:07:35,INFO,OrderProcessor,Health check passed: OrderProcessor,E102,Health check passed: {service}
34570,2026-01-12,13:22:17,INFO,WebServer,Page view: /home by u1706,E103,Page view: {page} by {user}
34571,2026-01-12,13:39:59,INFO,WebServer,Health check passed: WebServer,E102,Health check passed: {service}
34572,2026-01-12,13:04:09,INFO,PaymentGateway,User u4252 login successful,E101,User {user} login successful
34573,2026-01-12,13:41:40,INFO,WebServer,Page view: /home by u2113,E103,Page view: {page} by {user}
34574,2026-01-12,13:28:31,INFO,WebServer,Transaction tx577257 completed in 1733ms,E104,Transaction {tx} completed in {time}ms
34575,2026-01-12,13:39:07,INFO,WebServer,Transaction tx854285 completed in 1738ms,E104,Transaction {tx} completed in {time}ms
34576,2026-01-12,13:03:36,INFO,PaymentGateway,User u2309 login successful,E101,User {user} login successful
34577,2026-01-12,13:51:05,WARN,WebServer,Unauthorized access attempt from 10.0.0.12,E401,Unauthorized access attempt from {ip}
34578,2026-01-12,13:04:53,INFO,WebServer,Health check passed: WebServer,E102,Health check passed: {service}
34579,2026-01-12,13:05:27,INFO,WebServer,Health check passed: WebServer,E102,Health check passed: {service}
34580,2026-01-12,13:25:58,INFO,PaymentGateway,Transaction tx287018 completed in 1478ms,E104,Transaction {tx} completed in {time}ms
34581,2026-01-12,13:45:12,INFO,WebServer,Health check passed: WebServer,E102,Health check passed: {service}
34582,2026-01-12,13:25:45,INFO,WebServer,Transaction tx930834 completed in 271ms,E104,Transaction {tx} completed in {time}ms
34583,2026-01-12,13:17:29,INFO,PaymentGateway,Health check passed: PaymentGateway,E102,Health check passed: {service}
34584,2026-01-12,13:26:11,INFO,OrderProcessor,Page view: /home by u2519,E103,Page view: {page} by {user}
34585,2026-01-12,13:09:04,INFO,WebServer,Transaction tx707286 completed in 151ms,E104,Transaction {tx} completed in {time}ms
34586,2026-01-12,13:02:19,ERROR,WebServer,Timeout waiting for lock on InventoryDB,E502,Timeout waiting for lock on {db}
34587,2026-01-12,13:59:39,INFO,OrderProcessor,Transaction tx112807 completed in 1646ms,E104,Transaction {tx} completed in {time}ms
34588,2026-01-12,13:54:14,INFO,PaymentGateway,Health check passed: PaymentGateway,E102,Health check passed: {service}
34589,2026-01-12,13:20:10,WARN,WebServer,Unauthorized access attempt from 10.0.0.10,E401,Unauthorized access attempt from {ip}
34590,2026-01-12,13:53:00,INFO,WebServer,Transaction tx184014 completed in 1988ms,E104,Transaction {tx} completed in {time}ms
34591,2026-01-12,13:44:51,INFO,AuthService,Page view: /home by u2957,E103,Page view: {page} by {user}
34592,2026-01-12,13:44:06,INFO,PaymentGateway,User u1824 login successful,E101,User {user} login successful
34593,2026-01-12,13:57:18,INFO,PaymentGateway,Page view: /home by u4747,E103,Page view: {page} by {user}
34594,2026-01-12,13:12:10,INFO,WebServer,Health check passed: WebServer,E102,Health check passed: {service}
34595,2026-01-12,13:23:50,INFO,AuthService,Health check passed: AuthService,E102,Health check passed: {service}
34596,2026-01-12,13:29:22,INFO,AuthService,Transaction tx339218 completed in 1338ms,E104,Transaction {tx} completed in {time}ms
34597,2026-01-12,13:17:04,INFO,InventoryDB,User u2897 login successful,E101,User {user} login successful
34598,2026-01-12,13:00:51,INFO,AuthService,Health check passed: AuthService,E102,Health check passed: {service}
34599,2026-01-12,13:48:33,INFO,WebServer,User u1008 login successful,E101,User {user} login successful
34600,2026-01-12,13:43:58,INFO,WebServer,Transaction tx443794 completed in 1444ms,E104,Transaction {tx} completed in {time}ms
34601,2026-01-12,13:27:45,INFO,WebServer,Page view: /home by u2029,E103,Page view: {page} by {user}
34602,2026-01-12,13:23:38,INFO,WebServer,User u3148 login successful,E101,User {user} login successful
34603,2026-01-12,13:25:33,INFO,AuthService,Health check passed: AuthService,E102,Health check passed: {service}
34604,2026-01-12,13:44:10,WARN,WebServer,Unauthorized access attempt from 10.0.0.45,E401,Unauthorized access attempt from {ip}
34605,2026-01-12,13:41:49,INFO,WebServer,Transaction tx735680 completed in 712ms,E104,Transaction {tx} completed in {time}ms
34606,2026-01-12,13:39:48,INFO,InventoryDB,Health check passed: InventoryDB,E102,Health check passed: {service}
34607,2026-01-12,13:19:14,INFO,AuthService,User u2575 login successful,E101,User {user} login successful
34608,2026-01-12,13:00:02,INFO,WebServer,Health check passed: WebServer,E102,Health check passed: {service}
34609,2026-01-12,13:29:44,INFO,WebServer,Health check passed: WebServer,E102,Health check passed: {service}
34610,2026-01-12,13:58:46,INFO,AuthService,User u1565 login successful,E101,User {user} login successful
34611,2026-01-12,13:07:11,INFO,WebServer,User u1828 login successful,E101,User {user} login successful
34612,2026-01-12,13:32:52,INFO,WebServer,User u3963 login successful,E101,User {user} login successful
34613,2026-01-12,13:08:17,INFO,WebServer,User u3962 login successful,E101,User {user} login successful
34614,2026-01-12,13:53:55,INFO,WebServer,Page view: /home by u2055,E103,Page view: {page} by {user}
34615,2026-01-12,13:55:41,INFO,AuthService,Page view: /home by u4851,E103,Page view: {page} by {user}
34616,2026-01-12,13:07:06,INFO,PaymentGateway,Transaction tx366838 completed in 1181ms,E104,Transaction {tx} completed in {time}ms
34617,2026-01-12,13:55:03,INFO,WebServer,Transaction tx782410 completed in 605ms,E104,Transaction {tx} completed in {time}ms
34618,2026-01-12,13:23:28,INFO,AuthService,Health check passed: AuthService,E102,Health check passed: {service}
34619,2026-01-12,13:29:40,INFO,WebServer,User u1543 login successful,E101,User {user} login successful
34620,2026-01-12,13:11:10,INFO,AuthService,Page view: /home by u2760,E103,Page view: {page} by {user}
34621,2026-01-12,13:41:38,WARN,OrderProcessor,High latency (435ms) detected on OrderProcessor,E201,High latency ({time}ms) detected on {service}
34622,2026-01-12,13:16:02,INFO,AuthService,Page view: /home by u2624,E103,Page view: {page} by {user}
34623,2026-01-12,13:52:00,INFO,WebServer,Transaction tx511434 completed in 1216ms,E104,Transaction {tx} completed in {time}ms
34624,2026-01-12,13:44:14,INFO,WebServer,Page view: /home by u1484,E103,Page view: {page} by {user}
34625,2026-01-12,13:27:49,INFO,WebServer,Health check passed: WebServer,E102,Health check passed: {service}
34626,2026-01-12,13:11:03,WARN,WebServer,Disk usage > 85% on node node-5,E202,Disk usage > 85% on node {node}
34627,2026-01-12,13:43:25,INFO,WebServer,Page view: /home by u4870,E103,Page view: {page} by {user}
34628,2026-01-12,13:08:26,INFO,PaymentGateway,Page view: /home by u1615,E103,Page view: {page} by {user}
34629,2026-01-12,13:59:53,INFO,InventoryDB,Health check passed: InventoryDB,E102,Health check passed: {service}
34630,2026-01-12,13:02:32,INFO,WebServer,User u2223 login successful,E101,User {user} login successful
34631,2026-01-12,13:01:27,INFO,WebServer,Page view: /home by u1506,E103,Page view: {page} by {user}
34632,2026-01-12,13:19:07,INFO,WebServer,Page view: /home by u1396,E103,Page view: {page} by {user}
34633,2026-01-12,13:18:20,INFO,OrderProcessor,Transaction tx874901 completed in 1501ms,E104,Transaction {tx} completed in {time}ms
34634,2026-01-12,13:36:56,INFO,WebServer,Page view: /home by u3384,E103,Page view: {page} by {user}
34635,2026-01-12,13:17:24,INFO,OrderProcessor,User u3452 login successful,E101,User {user} login successful
34636,2026-01-12,13:54:17,INFO,WebServer,Transaction tx265310 completed in 90ms,E104,Transaction {tx} completed in {time}ms
34637,2026-01-12,13:56:30,INFO,AuthService,Transaction tx802319 completed in 1594ms,E104,Transaction {tx} completed in {time}ms
34638,2026-01-12,13:13:05,INFO,OrderProcessor,Page view: /home by u3997,E103,Page view: {page} by {user}
34639,2026-01-12,13:20:50,INFO,WebServer,User u2246 login successful,E101,User {user} login successful
34640,2026-01-12,13:25:49,INFO,WebServer,Health check passed: WebServer,E102,Health check passed: {service}
34641,2026-01-12,13:14:02,INFO,PaymentGateway,Transaction tx141019 completed in 1245ms,E104,Transaction {tx} completed in {time}ms
34642,2026-01-12,13:40:05,INFO,WebServer,Transaction tx943378 completed in 737ms,E104,Transaction {tx} completed in {time}ms
34643,2026-01-12,13:17:26,INFO,AuthService,Page view: /home by u4790,E103,Page view: {page} by {user}
34644,2026-01-12,13:33:37,INFO,OrderProcessor,Transaction tx138897 completed in 1963ms,E104,Transaction {tx} completed in {time}ms
34645,2026-01-12,13:10:08,INFO,OrderProcessor,User u3753 login successful,E101,User {user} login successful
34646,2026-01-12,13:35:06,INFO,WebServer,User u2772 login successful,E101,User {user} login successful
34647,2026-01-12,13:31:59,INFO,WebServer,Page view: /home by u1197,E103,Page view: {page} by {user}
34648,2026-01-12,13:21:36,INFO,WebServer,Page view: /home by u2797,E103,Page view: {page} by {user}
34649,2026-01-12,13:53:35,INFO,AuthService,Page view: /home by u1256,E103,Page view: {page} by {user}
34650,2026-01-12,13:56:49,WARN,InventoryDB,Disk usage > 85% on node node-3,E202,Disk usage > 85% on node {node}
34651,2026-01-12,13:00:13,INFO,AuthService,Page view: /home by u3186,E103,Page view: {page} by {user}
34652,2026-01-12,13:01:12,INFO,WebServer,Page view: /home by u1559,E103,Page view: {page} by {user}
34653,2026-01-12,13:58:09,INFO,WebServer,Health check passed: WebServer,E102,Health check passed: {service}
34654,2026-01-12,13:21:31,INFO,InventoryDB,Transaction tx392403 completed in 293ms,E104,Transaction {tx} completed in {time}ms
34655,2026-01-12,13:25:40,INFO,AuthService,User u2570 login successful,E101,User {user} login successful
34656,2026-01-12,13:44:34,INFO,InventoryDB,User u4681 login successful,E101,User {user} login successful
34657,2026-01-12,13:16:22,INFO,OrderProcessor,Health check passed: OrderProcessor,E102,Health check passed: {service}
34658,2026-01-12,13:40:34,INFO,WebServer,User u3591 login successful,E101,User {user} login successful
34659,2026-01-12,13:08:40,INFO,InventoryDB,Transaction tx805522 completed in 61ms,E104,Transaction {tx} completed in {time}ms
34660,2026-01-12,13:57:38,INFO,AuthService,Transaction tx823226 completed in 1199ms,E104,Transaction {tx} completed in {time}ms
34661,2026-01-12,13:25:50,INFO,WebServer,Health check passed: WebServer,E102,Health check passed: {service}
34662,2026-01-12,13:28:27,INFO,OrderProcessor,Page view: /home by u3466,E103,Page view: {page} by {user}
34663,2026-01-12,13:03:24,INFO,InventoryDB,Page view: /home by u1700,E103,Page view: {page} by {user}
34664,2026-01-12,13:37:44,INFO,WebServer,User u1207 login successful,E101,User {user} login successful
34665,2026-01-12,13:48:16,INFO,WebServer,Page view: /home by u2756,E103,Page view: {page} by {user}
34666,2026-01-12,13:48:35,INFO,WebServer,Page view: /home by u2439,E103,Page view: {page} by {user}
34667,2026-01-12,13:40:30,ERROR,WebServer,Timeout waiting for lock on InventoryDB,E502,Timeout waiting for lock on {db}
34668,2026-01-12,13:18:36,INFO,PaymentGateway,User u3631 login successful,E101,User {user} login successful
34669,2026-01-12,13:28:21,INFO,AuthService,Transaction tx575862 completed in 1373ms,E104,Transaction {tx} completed in {time}ms
34670,2026-01-12,13:33:41,INFO,AuthService,Transaction tx940162 completed in 1660ms,E104,Transaction {tx} completed in {time}ms
34671,2026-01-12,13:09:01,INFO,WebServer,Health check passed: WebServer,E102,Health check passed: {service}
34672,2026-01-12,13:39:34,INFO,WebServer,Page view: /home by u1498,E103,Page view: {page} by {user}
34673,2026-01-12,13:01:20,INFO,OrderProcessor,Health check passed: OrderProcessor,E102,Health check passed: {service}
34674,2026-01-12,13:38:55,INFO,WebServer,User u2703 login successful,E101,User {user} login successful
34675,2026-01-12,13:21:48,INFO,WebServer,Transaction tx755091 completed in 252ms,E104,Transaction {tx} completed in {time}ms
34676,2026-01-12,13:07:28,INFO,WebServer,Page view: /home by u2757,E103,Page view: {page} by {user}
34677,2026-01-12,13:59:51,INFO,WebServer,Transaction tx330027 completed in 1416ms,E104,Transaction {tx} completed in {time}ms
34678,2026-01-12,13:16:25,INFO,PaymentGateway,Transaction tx596564 completed in 1423ms,E104,Transaction {tx} completed in {time}ms
34679,2026-01-12,13:21:55,ERROR,PaymentGateway,Timeout waiting for lock on InventoryDB,E502,Timeout waiting for lock on {db}
34680,2026-01-12,13:28:51,INFO,AuthService,Page view: /home by u1426,E103,Page view: {page} by {user}
34681,2026-01-12,13:51:51,INFO,OrderProcessor,Transaction tx150154 completed in 1046ms,E104,Transaction {tx} completed in {time}ms
34682,2026-01-12,13:55:49,INFO,AuthService,Transaction tx192146 completed in 1859ms,E104,Transaction {tx} completed in {time}ms
34683,2026-01-12,13:36:00,INFO,WebServer,Health check passed: WebServer,E102,Health check passed: {service}
34684,2026-01-12,13:04:38,INFO,PaymentGateway,Page view: /home by u1958,E103,Page view: {page} by {user}
34685,2026-01-12,13:00:06,INFO,WebServer,Page view: /home by u3654,E103,Page view: {page} by {user}
34686,2026-01-12,13:29:16,INFO,OrderProcessor,Transaction tx733631 completed in 1984ms,E104,Transaction {tx} completed in {time}ms
34687,2026-01-12,13:56:05,INFO,AuthService,Page view: /home by u4950,E103,Page view: {page} by {user}
34688,2026-01-12,13:01:15,INFO,WebServer,Page view: /home by u1800,E103,Page view: {page} by {user}
34689,2026-01-12,13:33:19,WARN,PaymentGateway,Disk usage > 85% on node node-1,E202,Disk usage > 85% on node {node}
34690,2026-01-12,13:33:31,INFO,WebServer,User u2456 login successful,E101,User {user} login successful
34691,2026-01-12,13:57:35,INFO,InventoryDB,Health check passed: InventoryDB,E102,Health check passed: {service}
34692,2026-01-12,13:32:46,INFO,WebServer,Health check passed: WebServer,E102,Health check passed: {service}
34693,2026-01-12,13:35:44,INFO,WebServer,Page view: /home by u4394,E103,Page view: {page} by {user}
34694,2026-01-12,13:03:22,INFO,AuthService,Transaction tx165080 completed in 799ms,E104,Transaction {tx} completed in {time}ms
34695,2026-01-12,13:55:13,INFO,AuthService,Transaction tx702144 completed in 1887ms,E104,Transaction {tx} completed in {time}ms
34696,2026-01-12,13:58:31,INFO,WebServer,Page view: /home by u2816,E103,Page view: {page} by {user}
34697,2026-01-12,13:57:31,INFO,OrderProcessor,Health check passed: OrderProcessor,E102,Health check passed: {service}
34698,2026-01-12,13:54:31,INFO,PaymentGateway,Transaction tx687812 completed in 856ms,E104,Transaction {tx} completed in {time}ms
34699,2026-01-12,13:33:33,INFO,WebServer,Page view: /home by u1235,E103,Page view: {page} by {user}
34700,2026-01-12,13:12:43,INFO,WebServer,Health check passed: WebServer,E102,Health check passed: {service}
34701,2026-01-12,13:18:19,INFO,OrderProcessor,Page view: /home by u2709,E103,Page view: {page} by {user}
34702,2026-01-12,13:07:29,INFO,InventoryDB,User u3571 login successful,E101,User {user} login successful
34703,2026-01-12,13:28:10,INFO,WebServer,Health check passed: WebServer,E102,Health check passed: {service}
34704,2026-01-12,13:23:34,INFO,WebServer,Health check passed: WebServer,E102,Health check passed: {service}
34705,2026-01-12,13:51:37,INFO,WebServer,Transaction tx272826 completed in 411ms,E104,Transaction {tx} completed in {time}ms
34706,2026-01-12,13:36:39,INFO,WebServer,Health check passed: WebServer,E102,Health check passed: {service}
34707,2026-01-12,13:57:46,INFO,WebServer,Page view: /home by u4971,E103,Page view: {page} by {user}
34708,2026-01-12,13:18:56,INFO,InventoryDB,Health check passed: InventoryDB,E102,Health check passed: {service}
34709,2026-01-12,13:45:10,INFO,WebServer,Page view: /home by u3975,E103,Page view: {page} by {user}
34710,2026-01-12,13:06:40,INFO,WebServer,User u1583 login successful,E101,User {user} login successful
34711,2026-01-12,13:08:16,INFO,InventoryDB,User u2414 login successful,E101,User {user} login successful
34712,2026-01-12,13:06:33,INFO,InventoryDB,Health check passed: InventoryDB,E102,Health check passed: {service}
34713,2026-01-12,13:13:30,INFO,WebServer,Health check passed: WebServer,E102,Health check passed: {service}
34714,2026-01-12,13:53:37,INFO,WebServer,User u2210 login successful,E101,User {user} login successful
34715,2026-01-12,13:04:15,INFO,OrderProcessor,Health check passed: OrderProcessor,E102,Health check passed: {service}
34716,2026-01-12,13:40:06,INFO,AuthService,Transaction tx114659 completed in 356ms,E104,Transaction {tx} completed in {time}ms
34717,2026-01-12,13:59:32,INFO,WebServer,Page view: /home by u2854,E103,Page view: {page} by {user}
34718,2026-01-12,13:52:18,INFO,WebServer,Transaction tx201621 completed in 1011ms,E104,Transaction {tx} completed in {time}ms
34719,2026-01-12,13:21:12,INFO,WebServer,Health check passed: WebServer,E102,Health check passed: {service}
34720,2026-01-12,13:28:21,INFO,OrderProcessor,Transaction tx633547 completed in 745ms,E104,Transaction {tx} completed in {time}ms
34721,2026-01-12,13:18:34,INFO,WebServer,Health check passed: WebServer,E102,Health check passed: {service}
34722,2026-01-12,13:41:26,INFO,PaymentGateway,User u2738 login successful,E101,User {user} login successful
34723,2026-01-12,13:46:51,INFO,WebServer,Health check passed: WebServer,E102,Health check passed: {service}
34724,2026-01-12,13:24:54,INFO,OrderProcessor,Page view: /home by u2029,E103,Page view: {page} by {user}
34725,2026-01-12,13:13:34,ERROR,WebServer,Timeout waiting for lock on InventoryDB,E502,Timeout waiting for lock on {db}
34726,2026-01-12,13:48:52,INFO,WebServer,User u2388 login successful,E101,User {user} login successful
34727,2026-01-12,13:13:32,INFO,OrderProcessor,Health check passed: OrderProcessor,E102,Health check passed: {service}
34728,2026-01-12,13:55:30,WARN,WebServer,Unauthorized access attempt from 10.0.0.45,E401,Unauthorized access attempt from {ip}
34729,2026-01-12,13:26:22,INFO,WebServer,Page view: /home by u2201,E103,Page view: {page} by {user}
34730,2026-01-12,13:26:41,WARN,WebServer,Unauthorized access attempt from 10.0.0.45,E401,Unauthorized access attempt from {ip}
34731,2026-01-12,13:58:20,INFO,WebServer,Health check passed: WebServer,E102,Health check passed: {service}
34732,2026-01-12,13:12:59,INFO,WebServer,Health check passed: WebServer,E102,Health check passed: {service}
34733,2026-01-12,13:21:48,INFO,WebServer,Page view: /home by u2174,E103,Page view: {page} by {user}
34734,2026-01-12,13:14:53,INFO,AuthService,Page view: /home by u2153,E103,Page view: {page} by {user}
34735,2026-01-12,13:50:05,INFO,OrderProcessor,Transaction tx519666 completed in 263ms,E104,Transaction {tx} completed in {time}ms
34736,2026-01-12,13:33:40,INFO,WebServer,Transaction tx462703 completed in 1474ms,E104,Transaction {tx} completed in {time}ms
34737,2026-01-12,13:14:01,INFO,OrderProcessor,Transaction tx502819 completed in 136ms,E104,Transaction {tx} completed in {time}ms
34738,2026-01-12,13:28:23,INFO,AuthService,Health check passed: AuthService,E102,Health check passed: {service}
34739,2026-01-12,13:14:51,INFO,WebServer,Page view: /home by u3641,E103,Page view: {page} by {user}
34740,2026-01-12,13:12:20,INFO,WebServer,Health check passed: WebServer,E102,Health check passed: {service}
34741,2026-01-12,13:51:51,INFO,OrderProcessor,Health check passed: OrderProcessor,E102,Health check passed: {service}
34742,2026-01-12,13:44:07,INFO,WebServer,Transaction tx115519 completed in 885ms,E104,Transaction {tx} completed in {time}ms
34743,2026-01-12,13:30:25,INFO,PaymentGateway,Transaction tx964786 completed in 1187ms,E104,Transaction {tx} completed in {time}ms
34744,2026-01-12,13:35:02,INFO,InventoryDB,Health check passed: InventoryDB,E102,Health check passed: {service}
34745,2026-01-12,13:56:59,INFO,OrderProcessor,Health check passed: OrderProcessor,E102,Health check passed: {service}
34746,2026-01-12,13:29:31,INFO,WebServer,Health check passed: WebServer,E102,Health check passed: {service}
34747,2026-01-12,13:21:04,WARN,WebServer,Disk usage > 85% on node node-1,E202,Disk usage > 85% on node {node}
34748,2026-01-12,13:29:32,INFO,WebServer,Health check passed: WebServer,E102,Health check passed: {service}
34749,2026-01-12,13:43:52,INFO,WebServer,Page view: /home by u2999,E103,Page view: {page} by {user}
34750,2026-01-12,13:28:09,INFO,PaymentGateway,Transaction tx959553 completed in 1442ms,E104,Transaction {tx} completed in {time}ms
34751,2026-01-12,13:51:17,INFO,AuthService,Health check passed: AuthService,E102,Health check passed: {service}
34752,2026-01-12,13:49:26,INFO,OrderProcessor,Page view: /home by u4142,E103,Page view: {page} by {user}
34753,2026-01-12,13:47:39,INFO,OrderProcessor,User u3823 login successful,E101,User {user} login successful
34754,2026-01-12,13:08:17,INFO,WebServer,User u3233 login successful,E101,User {user} login successful
34755,2026-01-12,13:22:31,INFO,AuthService,Transaction tx974450 completed in 1499ms,E104,Transaction {tx} completed in {time}ms
34756,2026-01-12,13:30:22,INFO,WebServer,Transaction tx154423 completed in 1099ms,E104,Transaction {tx} completed in {time}ms
34757,2026-01-12,13:19:01,INFO,OrderProcessor,User u4629 login successful,E101,User {user} login successful
34758,2026-01-12,13:00:15,INFO,AuthService,User u1867 login successful,E101,User {user} login successful
34759,2026-01-12,13:07:33,INFO,WebServer,User u2789 login successful,E101,User {user} login successful
34760,2026-01-12,13:07:34,INFO,OrderProcessor,Transaction tx238572 completed in 481ms,E104,Transaction {tx} completed in {time}ms
34761,2026-01-12,13:40:18,INFO,WebServer,User u3183 login successful,E101,User {user} login successful
34762,2026-01-12,13:55:15,INFO,WebServer,User u1570 login successful,E101,User {user} login successful
34763,2026-01-12,13:09:09,WARN,PaymentGateway,Unauthorized access attempt from 10.0.0.45,E401,Unauthorized access attempt from {ip}
34764,2026-01-12,13:14:27,INFO,AuthService,Health check passed: AuthService,E102,Health check passed: {service}
34765,2026-01-12,13:47:02,INFO,AuthService,User u2060 login successful,E101,User {user} login successful
34766,2026-01-12,13:53:58,INFO,WebServer,User u1155 login successful,E101,User {user} login successful
34767,2026-01-12,13:51:44,INFO,WebServer,Page view: /home by u2260,E103,Page view: {page} by {user}
34768,2026-01-12,13:57:01,INFO,OrderProcessor,User u4778 login successful,E101,User {user} login successful
34769,2026-01-12,13:47:53,INFO,WebServer,Page view: /home by u1969,E103,Page view: {page} by {user}
34770,2026-01-12,13:52:16,INFO,PaymentGateway,User u2933 login successful,E101,User {user} login successful
34771,2026-01-12,13:21:24,INFO,WebServer,Health check passed: WebServer,E102,Health check passed: {service}
34772,2026-01-12,13:39:44,INFO,PaymentGateway,Transaction tx893381 completed in 1646ms,E104,Transaction {tx} completed in {time}ms
34773,2026-01-12,13:19:20,INFO,AuthService,Health check passed: AuthService,E102,Health check passed: {service}
34774,2026-01-12,13:35:56,INFO,WebServer,User u1660 login successful,E101,User {user} login successful
34775,2026-01-12,13:20:55,INFO,WebServer,Transaction tx634024 completed in 178ms,E104,Transaction {tx} completed in {time}ms
34776,2026-01-12,13:06:14,INFO,AuthService,User u1490 login successful,E101,User {user} login successful
34777,2026-01-12,13:07:56,INFO,WebServer,Page view: /home by u1670,E103,Page view: {page} by {user}
34778,2026-01-12,13:01:29,INFO,WebServer,Health check passed: WebServer,E102,Health check passed: {service}
34779,2026-01-12,13:38:31,INFO,AuthService,User u2640 login successful,E101,User {user} login successful
34780,2026-01-12,13:38:31,INFO,WebServer,User u1435 login successful,E101,User {user} login successful
34781,2026-01-12,13:05:05,INFO,WebServer,Page view: /home by u1408,E103,Page view: {page} by {user}
34782,2026-01-12,13:37:54,INFO,WebServer,User u3457 login successful,E101,User {user} login successful
34783,2026-01-12,13:38:17,INFO,WebServer,Health check passed: WebServer,E102,Health check passed: {service}
34784,2026-01-12,13:47:42,INFO,WebServer,Transaction tx550024 completed in 1107ms,E104,Transaction {tx} completed in {time}ms
34785,2026-01-12,13:15:33,INFO,WebServer,Transaction tx948748 completed in 200ms,E104,Transaction {tx} completed in {time}ms
34786,2026-01-12,13:17:33,INFO,WebServer,Page view: /home by u3436,E103,Page view: {page} by {user}
34787,2026-01-12,13:59:41,INFO,OrderProcessor,Transaction tx802966 completed in 1157ms,E104,Transaction {tx} completed in {time}ms
34788,2026-01-12,13:15:16,INFO,PaymentGateway,User u1656 login successful,E101,User {user} login successful
34789,2026-01-12,13:17:26,INFO,WebServer,Health check passed: WebServer,E102,Health check passed: {service}
34790,2026-01-12,13:29:55,INFO,AuthService,Transaction tx850502 completed in 792ms,E104,Transaction {tx} completed in {time}ms
34791,2026-01-12,13:14:35,INFO,WebServer,User u2185 login successful,E101,User {user} login successful
34792,2026-01-12,13:54:46,INFO,AuthService,User u3156 login successful,E101,User {user} login successful
34793,2026-01-12,13:41:05,INFO,WebServer,Page view: /home by u3793,E103,Page view: {page} by {user}
34794,2026-01-12,13:31:37,INFO,WebServer,User u1366 login successful,E101,User {user} login successful
34795,2026-01-12,13:02:40,INFO,AuthService,Transaction tx972930 completed in 1855ms,E104,Transaction {tx} completed in {time}ms
34796,2026-01-12,13:09:14,WARN,WebServer,Disk usage > 85% on node node-1,E202,Disk usage > 85% on node {node}
34797,2026-01-12,13:02:39,INFO,AuthService,User u4625 login successful,E101,User {user} login successful
34798,2026-01-12,13:12:28,INFO,AuthService,User u1912 login successful,E101,User {user} login successful
34799,2026-01-12,13:48:28,INFO,WebServer,Transaction tx361700 completed in 1894ms,E104,Transaction {tx} completed in {time}ms
34800,2026-01-12,13:51:34,INFO,AuthService,User u2765 login successful,E101,User {user} login successful
34801,2026-01-12,13:44:59,ERROR,AuthService,Payment declined: Gateway unavailable,E503,Payment declined: Gateway unavailable
34802,2026-01-12,13:58:35,INFO,PaymentGateway,Transaction tx885046 completed in 1520ms,E104,Transaction {tx} completed in {time}ms
34803,2026-01-12,13:33:14,INFO,OrderProcessor,Page view: /home by u2263,E103,Page view: {page} by {user}
34804,2026-01-12,13:33:14,INFO,OrderProcessor,Transaction tx264418 completed in 46ms,E104,Transaction {tx} completed in {time}ms
34805,2026-01-12,13:04:26,INFO,WebServer,Page view: /home by u3150,E103,Page view: {page} by {user}
34806,2026-01-12,13:36:09,INFO,WebServer,Transaction tx720108 completed in 1765ms,E104,Transaction {tx} completed in {time}ms
34807,2026-01-12,13:29:55,INFO,OrderProcessor,Transaction tx916514 completed in 1402ms,E104,Transaction {tx} completed in {time}ms
34808,2026-01-12,13:26:07,WARN,WebServer,Unauthorized access attempt from 192.168.1.5,E401,Unauthorized access attempt from {ip}
34809,2026-01-12,13:40:23,INFO,InventoryDB,Page view: /home by u3722,E103,Page view: {page} by {user}
34810,2026-01-12,13:03:05,WARN,WebServer,Disk usage > 85% on node node-2,E202,Disk usage > 85% on node {node}
34811,2026-01-12,13:58:08,WARN,PaymentGateway,High latency (342ms) detected on PaymentGateway,E201,High latency ({time}ms) detected on {service}
34812,2026-01-12,13:12:00,INFO,OrderProcessor,Transaction tx614987 completed in 1072ms,E104,Transaction {tx} completed in {time}ms
34813,2026-01-12,13:04:17,INFO,WebServer,User u2894 login successful,E101,User {user} login successful
34814,2026-01-12,13:22:26,INFO,WebServer,Page view: /home by u1534,E103,Page view: {page} by {user}
34815,2026-01-12,13:37:44,WARN,OrderProcessor,High latency (967ms) detected on OrderProcessor,E201,High latency ({time}ms) detected on {service}
34816,2026-01-12,13:54:17,INFO,AuthService,User u3237 login successful,E101,User {user} login successful
34817,2026-01-12,13:38:28,INFO,WebServer,User u2150 login successful,E101,User {user} login successful
34818,2026-01-12,13:48:14,INFO,AuthService,Page view: /home by u3787,E103,Page view: {page} by {user}
34819,2026-01-12,13:51:32,INFO,WebServer,User u3355 login successful,E101,User {user} login successful
34820,2026-01-12,13:10:56,INFO,PaymentGateway,Transaction tx127961 completed in 522ms,E104,Transaction {tx} completed in {time}ms
34821,2026-01-12,13:06:26,INFO,InventoryDB,Page view: /home by u2611,E103,Page view: {page} by {user}
34822,2026-01-12,13:30:04,WARN,OrderProcessor,High latency (628ms) detected on OrderProcessor,E201,High latency ({time}ms) detected on {service}
34823,2026-01-12,13:41:08,INFO,WebServer,Transaction tx875828 completed in 386ms,E104,Transaction {tx} completed in {time}ms
34824,2026-01-12,13:00:39,INFO,WebServer,User u1447 login successful,E101,User {user} login successful
34825,2026-01-12,13:15:29,INFO,AuthService,Transaction tx321209 completed in 345ms,E104,Transaction {tx} completed in {time}ms
34826,2026-01-12,13:52:01,INFO,AuthService,Transaction tx804977 completed in 1540ms,E104,Transaction {tx} completed in {time}ms
34827,2026-01-12,13:20:50,WARN,WebServer,High latency (1513ms) detected on WebServer,E201,High latency ({time}ms) detected on {service}
34828,2026-01-12,13:53:04,INFO,InventoryDB,Transaction tx495546 completed in 122ms,E104,Transaction {tx} completed in {time}ms
34829,2026-01-12,13:20:04,INFO,WebServer,Health check passed: WebServer,E102,Health check passed: {service}
34830,2026-01-12,13:14:21,INFO,PaymentGateway,Transaction tx162230 completed in 1871ms,E104,Transaction {tx} completed in {time}ms
34831,2026-01-12,13:09:13,INFO,InventoryDB,Page view: /home by u4552,E103,Page view: {page} by {user}
34832,2026-01-12,13:27:42,INFO,WebServer,Page view: /home by u4873,E103,Page view: {page} by {user}
34833,2026-01-12,13:26:10,WARN,PaymentGateway,Unauthorized access attempt from 10.0.0.45,E401,Unauthorized access attempt from {ip}
34834,2026-01-12,13:23:52,INFO,PaymentGateway,Transaction tx430748 completed in 818ms,E104,Transaction {tx} completed in {time}ms
34835,2026-01-12,13:22:42,INFO,AuthService,Transaction tx859207 completed in 509ms,E104,Transaction {tx} completed in {time}ms
34836,2026-01-12,13:50:08,INFO,WebServer,Transaction tx367863 completed in 1862ms,E104,Transaction {tx} completed in {time}ms
34837,2026-01-12,13:44:40,INFO,PaymentGateway,Health check passed: PaymentGateway,E102,Health check passed: {service}
34838,2026-01-12,13:19:03,INFO,AuthService,User u3826 login successful,E101,User {user} login successful
34839,2026-01-12,13:13:46,INFO,WebServer,Transaction tx482586 completed in 1954ms,E104,Transaction {tx} completed in {time}ms
34840,2026-01-12,13:20:23,INFO,AuthService,User u1780 login successful,E101,User {user} login successful
34841,2026-01-12,13:16:31,INFO,OrderProcessor,Health check passed: OrderProcessor,E102,Health check passed: {service}
34842,2026-01-12,13:52:37,WARN,WebServer,High latency (1096ms) detected on WebServer,E201,High latency ({time}ms) detected on {service}
34843,2026-01-12,13:49:58,INFO,OrderProcessor,Page view: /home by u3188,E103,Page view: {page} by {user}
34844,2026-01-12,13:36:49,INFO,WebServer,Page view: /home by u3611,E103,Page view: {page} by {user}
34845,2026-01-12,13:38:57,INFO,PaymentGateway,User u3943 login successful,E101,User {user} login successful
34846,2026-01-12,13:21:27,INFO,WebServer,Transaction tx870466 completed in 483ms,E104,Transaction {tx} completed in {time}ms
34847,2026-01-12,13:46:07,INFO,PaymentGateway,Page view: /home by u4490,E103,Page view: {page} by {user}
34848,2026-01-12,13:50:10,INFO,AuthService,Page view: /home by u3670,E103,Page view: {page} by {user}
34849,2026-01-12,13:27:07,INFO,WebServer,Page view: /home by u3865,E103,Page view: {page} by {user}
34850,2026-01-12,13:39:19,INFO,PaymentGateway,User u4799 login successful,E101,User {user} login successful
34851,2026-01-12,13:42:05,INFO,AuthService,User u3710 login successful,E101,User {user} login successful
34852,2026-01-12,13:06:54,ERROR,WebServer,Timeout waiting for lock on InventoryDB,E502,Timeout waiting for lock on {db}
34853,2026-01-12,13:51:55,INFO,AuthService,Page view: /home by u4717,E103,Page view: {page} by {user}
34854,2026-01-12,13:51:59,WARN,WebServer,Disk usage > 85% on node node-2,E202,Disk usage > 85% on node {node}
34855,2026-01-12,13:44:06,INFO,OrderProcessor,Transaction tx585492 completed in 519ms,E104,Transaction {tx} completed in {time}ms
34856,2026-01-12,13:34:05,INFO,AuthService,Page view: /home by u3674,E103,Page view: {page} by {user}
34857,2026-01-12,13:55:56,ERROR,PaymentGateway,Payment declined: Gateway unavailable,E503,Payment declined: Gateway unavailable
34858,2026-01-12,13:36:06,INFO,OrderProcessor,User u4499 login successful,E101,User {user} login successful
34859,2026-01-12,13:40:36,INFO,AuthService,User u1222 login successful,E101,User {user} login successful
34860,2026-01-12,13:40:04,INFO,WebServer,Transaction tx799328 completed in 1336ms,E104,Transaction {tx} completed in {time}ms
34861,2026-01-12,13:02:20,INFO,AuthService,User u1872 login successful,E101,User {user} login successful
34862,2026-01-12,13:34:16,INFO,OrderProcessor,User u2137 login successful,E101,User {user} login successful
34863,2026-01-12,13:29:52,WARN,WebServer,Disk usage > 85% on node node-4,E202,Disk usage > 85% on node {node}
34864,2026-01-12,13:38:29,WARN,OrderProcessor,Disk usage > 85% on node node-1,E202,Disk usage > 85% on node {node}
34865,2026-01-12,13:33:18,INFO,InventoryDB,Page view: /home by u4552,E103,Page view: {page} by {user}
34866,2026-01-12,13:17:43,INFO,WebServer,Page view: /home by u3308,E103,Page view: {page} by {user}
34867,2026-01-12,13:22:11,INFO,InventoryDB,User u3196 login successful,E101,User {user} login successful
34868,2026-01-12,13:04:01,WARN,AuthService,Unauthorized access attempt from 10.0.0.45,E401,Unauthorized access attempt from {ip}
34869,2026-01-12,13:09:51,INFO,WebServer,User u2635 login successful,E101,User {user} login successful
34870,2026-01-12,13:39:06,INFO,WebServer,Page view: /home by u4661,E103,Page view: {page} by {user}
34871,2026-01-12,13:23:31,INFO,PaymentGateway,Transaction tx687771 completed in 847ms,E104,Transaction {tx} completed in {time}ms
34872,2026-01-12,13:41:01,INFO,OrderProcessor,Health check passed: OrderProcessor,E102,Health check passed: {service}
34873,2026-01-12,13:03:12,INFO,WebServer,User u4325 login successful,E101,User {user} login successful
34874,2026-01-12,13:52:13,CRITICAL,WebServer,KERNEL PANIC: Node node-4 crashed,E601,KERNEL PANIC: Node {node} crashed
34875,2026-01-12,13:26:14,INFO,WebServer,Transaction tx139727 completed in 1639ms,E104,Transaction {tx} completed in {time}ms
34876,2026-01-12,13:32:31,INFO,OrderProcessor,Transaction tx487296 completed in 194ms,E104,Transaction {tx} completed in {time}ms
34877,2026-01-12,13:03:06,INFO,OrderProcessor,Transaction tx382769 completed in 1736ms,E104,Transaction {tx} completed in {time}ms
34878,2026-01-12,13:44:16,WARN,AuthService,Disk usage > 85% on node node-5,E202,Disk usage > 85% on node {node}
34879,2026-01-12,13:09:36,INFO,WebServer,Transaction tx331880 completed in 1515ms,E104,Transaction {tx} completed in {time}ms
34880,2026-01-12,13:22:21,INFO,WebServer,Transaction tx920591 completed in 1098ms,E104,Transaction {tx} completed in {time}ms
34881,2026-01-12,13:40:41,INFO,WebServer,Transaction tx969365 completed in 254ms,E104,Transaction {tx} completed in {time}ms
34882,2026-01-12,13:42:43,INFO,OrderProcessor,Page view: /home by u4303,E103,Page view: {page} by {user}
34883,2026-01-12,13:20:38,INFO,WebServer,Page view: /home by u3008,E103,Page view: {page} by {user}
34884,2026-01-12,13:46:35,INFO,AuthService,Transaction tx378854 completed in 760ms,E104,Transaction {tx} completed in {time}ms
34885,2026-01-12,13:11:06,INFO,InventoryDB,Page view: /home by u3270,E103,Page view: {page} by {user}
34886,2026-01-12,13:58:27,INFO,WebServer,Health check passed: WebServer,E102,Health check passed: {service}
34887,2026-01-12,13:22:34,INFO,WebServer,User u4523 login successful,E101,User {user} login successful
34888,2026-01-12,13:44:51,INFO,OrderProcessor,Health check passed: OrderProcessor,E102,Health check passed: {service}
34889,2026-01-12,13:19:38,INFO,WebServer,User u1772 login successful,E101,User {user} login successful
34890,2026-01-12,13:11:13,INFO,WebServer,Page view: /home by u1085,E103,Page view: {page} by {user}
34891,2026-01-12,13:55:09,INFO,WebServer,Transaction tx330113 completed in 1721ms,E104,Transaction {tx} completed in {time}ms
34892,2026-01-12,13:32:30,INFO,WebServer,Transaction tx668899 completed in 1050ms,E104,Transaction {tx} completed in {time}ms
34893,2026-01-12,13:08:57,INFO,AuthService,Transaction tx683880 completed in 1685ms,E104,Transaction {tx} completed in {time}ms
34894,2026-01-12,13:55:47,INFO,WebServer,User u4316 login successful,E101,User {user} login successful
34895,2026-01-12,13:04:03,INFO,AuthService,Transaction tx100665 completed in 634ms,E104,Transaction {tx} completed in {time}ms
34896,2026-01-12,13:11:42,INFO,PaymentGateway,User u1409 login successful,E101,User {user} login successful
34897,2026-01-12,13:30:56,INFO,WebServer,Page view: /home by u1598,E103,Page view: {page} by {user}
34898,2026-01-12,13:13:49,INFO,OrderProcessor,Health check passed: OrderProcessor,E102,Health check passed: {service}
34899,2026-01-12,13:51:00,INFO,WebServer,Page view: /home by u2654,E103,Page view: {page} by {user}
34900,2026-01-12,13:47:52,INFO,PaymentGateway,Page view: /home by u2838,E103,Page view: {page} by {user}
34901,2026-01-12,13:29:24,INFO,WebServer,Page view: /home by u2576,E103,Page view: {page} by {user}
34902,2026-01-12,13:48:29,INFO,OrderProcessor,Page view: /home by u2365,E103,Page view: {page} by {user}
34903,2026-01-12,13:56:17,INFO,WebServer,Page view: /home by u1759,E103,Page view: {page} by {user}
34904,2026-01-12,13:27:08,INFO,OrderProcessor,Page view: /home by u3688,E103,Page view: {page} by {user}
34905,2026-01-12,13:15:26,INFO,OrderProcessor,Health check passed: OrderProcessor,E102,Health check passed: {service}
34906,2026-01-12,13:54:32,INFO,WebServer,Health check passed: WebServer,E102,Health check passed: {service}
34907,2026-01-12,13:17:03,INFO,WebServer,Page view: /home by u1674,E103,Page view: {page} by {user}
34908,2026-01-12,13:18:42,CRITICAL,WebServer,DATA CORRUPTION detected in sector 335,E602,DATA CORRUPTION detected in sector {sector}
34909,2026-01-12,13:43:47,ERROR,AuthService,Connection refused to AuthService at 10.0.0.88,E501,Connection refused to {service} at {ip}
34910,2026-01-12,13:50:58,INFO,AuthService,User u3483 login successful,E101,User {user} login successful
34911,2026-01-12,13:38:41,INFO,OrderProcessor,Transaction tx545049 completed in 566ms,E104,Transaction {tx} completed in {time}ms
34912,2026-01-12,13:03:30,INFO,WebServer,Health check passed: WebServer,E102,Health check passed: {service}
34913,2026-01-12,13:27:43,WARN,WebServer,Disk usage > 85% on node node-2,E202,Disk usage > 85% on node {node}
34914,2026-01-12,13:21:38,INFO,WebServer,Page view: /home by u4762,E103,Page view: {page} by {user}
34915,2026-01-12,13:36:31,INFO,WebServer,User u4981 login successful,E101,User {user} login successful
34916,2026-01-12,13:59:56,ERROR,OrderProcessor,Payment declined: Gateway unavailable,E503,Payment declined: Gateway unavailable
34917,2026-01-12,13:59:36,INFO,AuthService,Health check passed: AuthService,E102,Health check passed: {service}
34918,2026-01-12,13:53:32,CRITICAL,WebServer,KERNEL PANIC: Node node-1 crashed,E601,KERNEL PANIC: Node {node} crashed
34919,2026-01-12,13:11:39,INFO,WebServer,Health check passed: WebServer,E102,Health check passed: {service}
34920,2026-01-12,13:01:01,INFO,WebServer,User u4751 login successful,E101,User {user} login successful
34921,2026-01-12,13:18:55,INFO,InventoryDB,Transaction tx826328 completed in 714ms,E104,Transaction {tx} completed in {time}ms
34922,2026-01-12,13:29:36,INFO,WebServer,Transaction tx480689 completed in 36ms,E104,Transaction {tx} completed in {time}ms
34923,2026-01-12,13:37:53,INFO,OrderProcessor,Health check passed: OrderProcessor,E102,Health check passed: {service}
34924,2026-01-12,13:05:59,INFO,WebServer,User u4458 login successful,E101,User {user} login successful
34925,2026-01-12,13:00:57,INFO,WebServer,User u3318 login successful,E101,User {user} login successful
34926,2026-01-12,13:25:16,INFO,PaymentGateway,Health check passed: PaymentGateway,E102,Health check passed: {service}
34927,2026-01-12,13:12:49,INFO,WebServer,Page view: /home by u2822,E103,Page view: {page} by {user}
34928,2026-01-12,13:04:47,ERROR,WebServer,Payment declined: Gateway unavailable,E503,Payment declined: Gateway unavailable
34929,2026-01-12,13:46:27,INFO,InventoryDB,Page view: /home by u3714,E103,Page view: {page} by {user}
34930,2026-01-12,13:16:25,INFO,AuthService,Health check passed: AuthService,E102,Health check passed: {service}
34931,2026-01-12,13:54:24,INFO,OrderProcessor,User u1045 login successful,E101,User {user} login successful
34932,2026-01-12,13:54:11,INFO,WebServer,User u2575 login successful,E101,User {user} login successful
34933,2026-01-12,13:44:15,INFO,WebServer,User u4534 login successful,E101,User {user} login successful
34934,2026-01-12,13:51:13,WARN,AuthService,Unauthorized access attempt from 192.168.1.5,E401,Unauthorized access attempt from {ip}
34935,2026-01-12,13:33:07,INFO,WebServer,Transaction tx925154 completed in 823ms,E104,Transaction {tx} completed in {time}ms
34936,2026-01-12,13:30:03,INFO,WebServer,Transaction tx172244 completed in 1766ms,E104,Transaction {tx} completed in {time}ms
34937,2026-01-12,13:07:48,INFO,OrderProcessor,Transaction tx991872 completed in 1570ms,E104,Transaction {tx} completed in {time}ms
34938,2026-01-12,13:13:06,INFO,WebServer,Transaction tx451164 completed in 1306ms,E104,Transaction {tx} completed in {time}ms
34939,2026-01-12,13:48:35,INFO,WebServer,Transaction tx219275 completed in 1225ms,E104,Transaction {tx} completed in {time}ms
34940,2026-01-12,13:57:34,INFO,WebServer,Health check passed: WebServer,E102,Health check passed: {service}
34941,2026-01-12,13:52:07,INFO,WebServer,Health check passed: WebServer,E102,Health check passed: {service}
34942,2026-01-12,13:33:54,INFO,WebServer,Health check passed: WebServer,E102,Health check passed: {service}
34943,2026-01-12,13:25:03,INFO,WebServer,User u2680 login successful,E101,User {user} login successful
34944,2026-01-12,13:44:21,INFO,AuthService,Page view: /home by u2141,E103,Page view: {page} by {user}
34945,2026-01-12,13:58:37,WARN,WebServer,Unauthorized access attempt from 192.168.1.5,E401,Unauthorized access attempt from {ip}
34946,2026-01-12,13:18:54,INFO,WebServer,Health check passed: WebServer,E102,Health check passed: {service}
34947,2026-01-12,13:21:07,INFO,OrderProcessor,User u1766 login successful,E101,User {user} login successful
34948,2026-01-12,13:30:54,INFO,WebServer,User u4033 login successful,E101,User {user} login successful
34949,2026-01-12,13:14:04,INFO,AuthService,Transaction tx675515 completed in 845ms,E104,Transaction {tx} completed in {time}ms
34950,2026-01-12,13:52:31,INFO,PaymentGateway,Transaction tx395200 completed in 938ms,E104,Transaction {tx} completed in {time}ms
34951,2026-01-12,13:46:47,INFO,AuthService,Transaction tx828316 completed in 1583ms,E104,Transaction {tx} completed in {time}ms
34952,2026-01-12,13:20:38,WARN,WebServer,Unauthorized access attempt from 10.0.0.45,E401,Unauthorized access attempt from {ip}
34953,2026-01-12,13:17:57,INFO,WebServer,User u1144 login successful,E101,User {user} login successful
34954,2026-01-12,13:57:58,INFO,OrderProcessor,Page view: /home by u4609,E103,Page view: {page} by {user}
34955,2026-01-12,13:31:40,INFO,WebServer,Page view: /home by u4584,E103,Page view: {page} by {user}
34956,2026-01-12,13:16:14,INFO,AuthService,User u1566 login successful,E101,User {user} login successful
34957,2026-01-12,13:18:54,INFO,AuthService,Page view: /home by u2704,E103,Page view: {page} by {user}
34958,2026-01-12,13:42:27,INFO,OrderProcessor,Page view: /home by u5000,E103,Page view: {page} by {user}
34959,2026-01-12,13:54:26,INFO,WebServer,User u4302 login successful,E101,User {user} login successful
34960,2026-01-12,13:10:22,INFO,AuthService,User u2355 login successful,E101,User {user} login successful
34961,2026-01-12,13:14:19,INFO,OrderProcessor,Page view: /home by u2039,E103,Page view: {page} by {user}
34962,2026-01-12,13:43:52,INFO,WebServer,User u2800 login successful,E101,User {user} login successful
34963,2026-01-12,13:21:55,INFO,WebServer,Health check passed: WebServer,E102,Health check passed: {service}
34964,2026-01-12,13:26:51,INFO,OrderProcessor,Health check passed: OrderProcessor,E102,Health check passed: {service}
34965,2026-01-12,13:18:20,INFO,WebServer,Transaction tx460514 completed in 1431ms,E104,Transaction {tx} completed in {time}ms
34966,2026-01-12,13:07:40,CRITICAL,WebServer,KERNEL PANIC: Node node-3 crashed,E601,KERNEL PANIC: Node {node} crashed
34967,2026-01-12,13:14:12,INFO,AuthService,Page view: /home by u1997,E103,Page view: {page} by {user}
34968,2026-01-12,13:58:10,INFO,PaymentGateway,Page view: /home by u3844,E103,Page view: {page} by {user}
34969,2026-01-12,13:17:56,INFO,OrderProcessor,Page view: /home by u3543,E103,Page view: {page} by {user}
34970,2026-01-12,13:52:01,INFO,AuthService,Page view: /home by u2247,E103,Page view: {page} by {user}
34971,2026-01-12,13:43:23,INFO,AuthService,Health check passed: AuthService,E102,Health check passed: {service}
34972,2026-01-12,13:51:16,INFO,AuthService,Transaction tx932229 completed in 1074ms,E104,Transaction {tx} completed in {time}ms
34973,2026-01-12,13:42:54,INFO,PaymentGateway,Page view: /home by u2340,E103,Page view: {page} by {user}
34974,2026-01-12,13:39:12,INFO,WebServer,User u1847 login successful,E101,User {user} login successful
34975,2026-01-12,13:37:31,INFO,PaymentGateway,Transaction tx448177 completed in 75ms,E104,Transaction {tx} completed in {time}ms
34976,2026-01-12,13:13:19,INFO,WebServer,User u1116 login successful,E101,User {user} login successful
34977,2026-01-12,13:28:41,INFO,AuthService,User u4403 login successful,E101,User {user} login successful
34978,2026-01-12,13:17:03,INFO,WebServer,User u2785 login successful,E101,User {user} login successful
34979,2026-01-12,13:56:20,INFO,OrderProcessor,Health check passed: OrderProcessor,E102,Health check passed: {service}
34980,2026-01-12,13:26:21,INFO,PaymentGateway,Health check passed: PaymentGateway,E102,Health check passed: {service}
34981,2026-01-12,13:36:32,INFO,WebServer,Transaction tx578401 completed in 268ms,E104,Transaction {tx} completed in {time}ms
34982,2026-01-12,13:12:49,INFO,AuthService,Transaction tx205143 completed in 1408ms,E104,Transaction {tx} completed in {time}ms
34983,2026-01-12,13:52:25,INFO,PaymentGateway,Transaction tx471235 completed in 1736ms,E104,Transaction {tx} completed in {time}ms
34984,2026-01-12,13:28:37,INFO,WebServer,Health check passed: WebServer,E102,Health check passed: {service}
34985,2026-01-12,13:13:51,INFO,WebServer,Health check passed: WebServer,E102,Health check passed: {service}
34986,2026-01-12,13:34:57,INFO,WebServer,User u4099 login successful,E101,User {user} login successful
34987,2026-01-12,13:04:57,INFO,WebServer,Transaction tx228051 completed in 402ms,E104,Transaction {tx} completed in {time}ms
34988,2026-01-12,13:36:59,WARN,WebServer,Disk usage > 85% on node node-5,E202,Disk usage > 85% on node {node}
34989,2026-01-12,13:48:52,INFO,AuthService,User u4513 login successful,E101,User {user} login successful
34990,2026-01-12,13:43:45,WARN,AuthService,High latency (849ms) detected on AuthService,E201,High latency ({time}ms) detected on {service}
34991,2026-01-12,13:42:28,INFO,WebServer,Health check passed: WebServer,E102,Health check passed: {service}
34992,2026-01-12,13:45:33,INFO,WebServer,User u4290 login successful,E101,User {user} login successful
34993,2026-01-12,13:53:08,INFO,WebServer,User u4464 login successful,E101,User {user} login successful
34994,2026-01-12,13:58:39,INFO,WebServer,Page view: /home by u2867,E103,Page view: {page} by {user}
34995,2026-01-12,13:05:30,INFO,WebServer,Transaction tx494227 completed in 243ms,E104,Transaction {tx} completed in {time}ms
34996,2026-01-12,13:28:54,INFO,WebServer,Transaction tx656858 completed in 561ms,E104,Transaction {tx} completed in {time}ms
34997,2026-01-12,13:19:27,INFO,AuthService,Health check passed: AuthService,E102,Health check passed: {service}
34998,2026-01-12,13:36:57,INFO,WebServer,Page view: /home by u3061,E103,Page view: {page} by {user}
34999,2026-01-12,13:23:05,INFO,PaymentGateway,Health check passed: PaymentGateway,E102,Health check passed: {service}
35000,2026-01-12,13:42:50,INFO,PaymentGateway,Transaction tx894098 completed in 738ms,E104,Transaction {tx} completed in {time}ms
35001,2026-01-12,13:32:59,WARN,WebServer,Unauthorized access attempt from 10.0.0.99,E401,Unauthorized access attempt from {ip}
35002,2026-01-12,13:12:54,INFO,WebServer,Page view: /home by u1036,E103,Page view: {page} by {user}
35003,2026-01-12,13:57:16,INFO,PaymentGateway,User u2863 login successful,E101,User {user} login successful
35004,2026-01-12,13:29:06,INFO,InventoryDB,Transaction tx885720 completed in 1841ms,E104,Transaction {tx} completed in {time}ms
35005,2026-01-12,13:24:33,INFO,WebServer,Health check passed: WebServer,E102,Health check passed: {service}
35006,2026-01-12,13:20:01,INFO,AuthService,Health check passed: AuthService,E102,Health check passed: {service}
35007,2026-01-12,13:23:22,INFO,WebServer,User u4288 login successful,E101,User {user} login successful
35008,2026-01-12,13:16:18,INFO,WebServer,Health check passed: WebServer,E102,Health check passed: {service}
35009,2026-01-12,13:11:18,INFO,WebServer,Transaction tx564738 completed in 706ms,E104,Transaction {tx} completed in {time}ms
35010,2026-01-12,13:29:10,INFO,WebServer,User u1198 login successful,E101,User {user} login successful
35011,2026-01-12,13:59:44,INFO,WebServer,Health check passed: WebServer,E102,Health check passed: {service}
35012,2026-01-12,13:29:45,INFO,WebServer,Health check passed: WebServer,E102,Health check passed: {service}
35013,2026-01-12,13:17:27,INFO,AuthService,User u3044 login successful,E101,User {user} login successful
35014,2026-01-12,13:11:05,INFO,WebServer,Page view: /home by u2513,E103,Page view: {page} by {user}
35015,2026-01-12,13:43:12,INFO,WebServer,Page view: /home by u3441,E103,Page view: {page} by {user}
35016,2026-01-12,13:36:54,INFO,PaymentGateway,Transaction tx790883 completed in 1592ms,E104,Transaction {tx} completed in {time}ms
35017,2026-01-12,13:29:12,INFO,OrderProcessor,User u4109 login successful,E101,User {user} login successful
35018,2026-01-12,13:57:13,INFO,WebServer,Page view: /home by u4196,E103,Page view: {page} by {user}
35019,2026-01-12,13:36:42,INFO,AuthService,User u2837 login successful,E101,User {user} login successful
35020,2026-01-12,13:24:09,INFO,WebServer,Health check passed: WebServer,E102,Health check passed: {service}
35021,2026-01-12,13:29:58,INFO,WebServer,Transaction tx129888 completed in 1904ms,E104,Transaction {tx} completed in {time}ms
35022,2026-01-12,13:13:00,INFO,AuthService,Transaction tx464749 completed in 1091ms,E104,Transaction {tx} completed in {time}ms
35023,2026-01-12,13:21:04,INFO,WebServer,Transaction tx371756 completed in 658ms,E104,Transaction {tx} completed in {time}ms
35024,2026-01-12,13:18:31,INFO,WebServer,Health check passed: WebServer,E102,Health check passed: {service}
35025,2026-01-12,13:23:09,WARN,WebServer,Disk usage > 85% on node node-1,E202,Disk usage > 85% on node {node}
35026,2026-01-12,13:19:08,INFO,InventoryDB,User u1256 login successful,E101,User {user} login successful
35027,2026-01-12,13:48:12,INFO,WebServer,User u3084 login successful,E101,User {user} login successful
35028,2026-01-12,13:11:03,WARN,OrderProcessor,High latency (1671ms) detected on OrderProcessor,E201,High latency ({time}ms) detected on {service}
35029,2026-01-12,13:15:16,INFO,WebServer,Transaction tx797684 completed in 1327ms,E104,Transaction {tx} completed in {time}ms
35030,2026-01-12,13:31:45,INFO,WebServer,User u3976 login successful,E101,User {user} login successful
35031,2026-01-12,13:00:30,INFO,OrderProcessor,User u3938 login successful,E101,User {user} login successful
35032,2026-01-12,13:41:30,INFO,WebServer,User u1153 login successful,E101,User {user} login successful
35033,2026-01-12,13:41:30,INFO,WebServer,Page view: /home by u2162,E103,Page view: {page} by {user}
35034,2026-01-12,13:31:47,INFO,AuthService,User u4205 login successful,E101,User {user} login successful
35035,2026-01-12,13:32:28,INFO,OrderProcessor,Health check passed: OrderProcessor,E102,Health check passed: {service}
35036,2026-01-12,13:26:43,INFO,PaymentGateway,Transaction tx578060 completed in 665ms,E104,Transaction {tx} completed in {time}ms
35037,2026-01-12,13:01:01,INFO,WebServer,Health check passed: WebServer,E102,Health check passed: {service}
35038,2026-01-12,13:00:01,INFO,WebServer,Transaction tx286138 completed in 648ms,E104,Transaction {tx} completed in {time}ms
35039,2026-01-12,13:26:04,INFO,OrderProcessor,Health check passed: OrderProcessor,E102,Health check passed: {service}
35040,2026-01-12,13:43:26,INFO,WebServer,Health check passed: WebServer,E102,Health check passed: {service}
35041,2026-01-12,13:27:29,INFO,OrderProcessor,User u2725 login successful,E101,User {user} login successful
35042,2026-01-12,13:44:24,INFO,WebServer,Health check passed: WebServer,E102,Health check passed: {service}
35043,2026-01-12,13:32:55,INFO,AuthService,User u3092 login successful,E101,User {user} login successful
35044,2026-01-12,13:31:48,INFO,OrderProcessor,User u3775 login successful,E101,User {user} login successful
35045,2026-01-12,13:37:18,INFO,WebServer,Page view: /home by u1325,E103,Page view: {page} by {user}
35046,2026-01-12,13:41:11,INFO,AuthService,Page view: /home by u1878,E103,Page view: {page} by {user}
35047,2026-01-12,13:43:02,INFO,PaymentGateway,User u1791 login successful,E101,User {user} login successful
35048,2026-01-12,13:02:40,INFO,WebServer,Page view: /home by u3631,E103,Page view: {page} by {user}
35049,2026-01-12,13:05:16,INFO,WebServer,User u1528 login successful,E101,User {user} login successful
35050,2026-01-12,13:00:40,WARN,WebServer,High latency (731ms) detected on WebServer,E201,High latency ({time}ms) detected on {service}
35051,2026-01-12,13:54:43,INFO,WebServer,Page view: /home by u2820,E103,Page view: {page} by {user}
35052,2026-01-12,13:38:46,INFO,PaymentGateway,User u4130 login successful,E101,User {user} login successful
35053,2026-01-12,13:30:59,INFO,OrderProcessor,Page view: /home by u1523,E103,Page view: {page} by {user}
35054,2026-01-12,13:42:41,INFO,AuthService,Health check passed: AuthService,E102,Health check passed: {service}
35055,2026-01-12,13:30:06,INFO,WebServer,User u3325 login successful,E101,User {user} login successful
35056,2026-01-12,13:31:33,WARN,WebServer,Unauthorized access attempt from 10.0.0.99,E401,Unauthorized access attempt from {ip}
35057,2026-01-12,13:12:45,INFO,WebServer,Transaction tx664039 completed in 1803ms,E104,Transaction {tx} completed in {time}ms
35058,2026-01-12,13:54:57,INFO,AuthService,Health check passed: AuthService,E102,Health check passed: {service}
35059,2026-01-12,13:27:50,INFO,OrderProcessor,User u1910 login successful,E101,User {user} login successful
35060,2026-01-12,13:12:11,INFO,WebServer,Page view: /home by u1831,E103,Page view: {page} by {user}
35061,2026-01-12,13:45:55,INFO,AuthService,Health check passed: AuthService,E102,Health check passed: {service}
35062,2026-01-12,13:42:21,INFO,InventoryDB,User u2506 login successful,E101,User {user} login successful
35063,2026-01-12,13:37:23,INFO,WebServer,Transaction tx191993 completed in 464ms,E104,Transaction {tx} completed in {time}ms
35064,2026-01-12,13:38:15,INFO,WebServer,Transaction tx981425 completed in 114ms,E104,Transaction {tx} completed in {time}ms
35065,2026-01-12,13:51:10,INFO,WebServer,Page view: /home by u3713,E103,Page view: {page} by {user}
35066,2026-01-12,13:33:28,INFO,PaymentGateway,Transaction tx851442 completed in 1952ms,E104,Transaction {tx} completed in {time}ms
35067,2026-01-12,13:25:46,WARN,OrderProcessor,High latency (1227ms) detected on OrderProcessor,E201,High latency ({time}ms) detected on {service}
35068,2026-01-12,13:59:24,INFO,InventoryDB,User u2831 login successful,E101,User {user} login successful
35069,2026-01-12,13:09:08,INFO,AuthService,Transaction tx779854 completed in 1759ms,E104,Transaction {tx} completed in {time}ms
35070,2026-01-12,13:10:42,INFO,AuthService,Health check passed: AuthService,E102,Health check passed: {service}
35071,2026-01-12,13:38:42,INFO,InventoryDB,User u2197 login successful,E101,User {user} login successful
35072,2026-01-12,13:40:03,WARN,OrderProcessor,High latency (37ms) detected on OrderProcessor,E201,High latency ({time}ms) detected on {service}
35073,2026-01-12,13:31:46,INFO,WebServer,Health check passed: WebServer,E102,Health check passed: {service}
35074,2026-01-12,13:37:02,INFO,WebServer,Health check passed: WebServer,E102,Health check passed: {service}
35075,2026-01-12,13:43:47,INFO,WebServer,Health check passed: WebServer,E102,Health check passed: {service}
35076,2026-01-12,13:26:28,INFO,WebServer,Page view: /home by u1999,E103,Page view: {page} by {user}
35077,2026-01-12,13:53:09,INFO,AuthService,Page view: /home by u1983,E103,Page view: {page} by {user}
35078,2026-01-12,13:01:31,INFO,WebServer,User u2529 login successful,E101,User {user} login successful
35079,2026-01-12,13:31:38,INFO,AuthService,User u3090 login successful,E101,User {user} login successful
35080,2026-01-12,13:22:56,INFO,WebServer,Transaction tx769316 completed in 809ms,E104,Transaction {tx} completed in {time}ms
35081,2026-01-12,13:57:43,INFO,OrderProcessor,User u4897 login successful,E101,User {user} login successful
35082,2026-01-12,13:25:28,INFO,OrderProcessor,Health check passed: OrderProcessor,E102,Health check passed: {service}
35083,2026-01-12,13:59:58,INFO,WebServer,User u2183 login successful,E101,User {user} login successful
35084,2026-01-12,13:20:12,INFO,InventoryDB,Page view: /home by u4876,E103,Page view: {page} by {user}
35085,2026-01-12,13:46:09,INFO,OrderProcessor,Page view: /home by u2404,E103,Page view: {page} by {user}
35086,2026-01-12,13:57:29,CRITICAL,PaymentGateway,KERNEL PANIC: Node node-2 crashed,E601,KERNEL PANIC: Node {node} crashed
35087,2026-01-12,13:14:21,INFO,InventoryDB,Page view: /home by u2541,E103,Page view: {page} by {user}
35088,2026-01-12,13:33:40,INFO,WebServer,User u2006 login successful,E101,User {user} login successful
35089,2026-01-12,13:04:57,INFO,PaymentGateway,User u2042 login successful,E101,User {user} login successful
35090,2026-01-12,13:15:42,INFO,PaymentGateway,Transaction tx420204 completed in 293ms,E104,Transaction {tx} completed in {time}ms
35091,2026-01-12,13:30:12,INFO,WebServer,Transaction tx756614 completed in 738ms,E104,Transaction {tx} completed in {time}ms
35092,2026-01-12,13:31:19,INFO,AuthService,User u3396 login successful,E101,User {user} login successful
35093,2026-01-12,13:28:18,INFO,OrderProcessor,Transaction tx246614 completed in 576ms,E104,Transaction {tx} completed in {time}ms
35094,2026-01-12,13:06:21,INFO,PaymentGateway,Transaction tx462222 completed in 956ms,E104,Transaction {tx} completed in {time}ms
35095,2026-01-12,13:35:02,INFO,AuthService,Transaction tx950134 completed in 1401ms,E104,Transaction {tx} completed in {time}ms
35096,2026-01-12,13:16:42,INFO,InventoryDB,Page view: /home by u2033,E103,Page view: {page} by {user}
35097,2026-01-12,14:55:41,INFO,WebServer,Health check passed: WebServer,E102,Health check passed: {service}
35098,2026-01-12,14:47:32,INFO,WebServer,Page view: /home by u4507,E103,Page view: {page} by {user}
35099,2026-01-12,14:54:29,INFO,WebServer,Health check passed: WebServer,E102,Health check passed: {service}
35100,2026-01-12,14:45:52,INFO,AuthService,Health check passed: AuthService,E102,Health check passed: {service}
35101,2026-01-12,14:20:23,INFO,OrderProcessor,User u4553 login successful,E101,User {user} login successful
35102,2026-01-12,14:33:20,WARN,WebServer,Unauthorized access attempt from 192.168.1.5,E401,Unauthorized access attempt from {ip}
35103,2026-01-12,14:25:52,INFO,InventoryDB,Transaction tx229927 completed in 979ms,E104,Transaction {tx} completed in {time}ms
35104,2026-01-12,14:00:20,INFO,OrderProcessor,Page view: /home by u4464,E103,Page view: {page} by {user}
35105,2026-01-12,14:32:12,INFO,OrderProcessor,User u4771 login successful,E101,User {user} login successful
35106,2026-01-12,14:06:03,INFO,AuthService,User u4565 login successful,E101,User {user} login successful
35107,2026-01-12,14:09:33,INFO,WebServer,Page view: /home by u2183,E103,Page view: {page} by {user}
35108,2026-01-12,14:32:47,INFO,InventoryDB,User u2361 login successful,E101,User {user} login successful
35109,2026-01-12,14:14:20,INFO,AuthService,Health check passed: AuthService,E102,Health check passed: {service}
35110,2026-01-12,14:19:38,WARN,WebServer,Disk usage > 85% on node node-3,E202,Disk usage > 85% on node {node}
35111,2026-01-12,14:04:55,INFO,WebServer,Health check passed: WebServer,E102,Health check passed: {service}
35112,2026-01-12,14:43:38,INFO,AuthService,Health check passed: AuthService,E102,Health check passed: {service}
35113,2026-01-12,14:49:09,WARN,WebServer,Unauthorized access attempt from 10.0.0.45,E401,Unauthorized access attempt from {ip}
35114,2026-01-12,14:35:08,INFO,OrderProcessor,Page view: /home by u2994,E103,Page view: {page} by {user}
35115,2026-01-12,14:41:43,INFO,WebServer,User u4614 login successful,E101,User {user} login successful
35116,2026-01-12,14:40:17,INFO,PaymentGateway,Health check passed: PaymentGateway,E102,Health check passed: {service}
35117,2026-01-12,14:36:57,INFO,WebServer,Health check passed: WebServer,E102,Health check passed: {service}
35118,2026-01-12,14:27:36,ERROR,WebServer,Timeout waiting for lock on InventoryDB,E502,Timeout waiting for lock on {db}
35119,2026-01-12,14:44:20,INFO,AuthService,Transaction tx702986 completed in 45ms,E104,Transaction {tx} completed in {time}ms
35120,2026-01-12,14:54:59,INFO,WebServer,Health check passed: WebServer,E102,Health check passed: {service}
35121,2026-01-12,14:13:27,INFO,AuthService,User u3354 login successful,E101,User {user} login successful
35122,2026-01-12,14:07:55,INFO,InventoryDB,Health check passed: InventoryDB,E102,Health check passed: {service}
35123,2026-01-12,14:53:41,INFO,OrderProcessor,Transaction tx164979 completed in 1831ms,E104,Transaction {tx} completed in {time}ms
35124,2026-01-12,14:48:57,INFO,WebServer,Health check passed: WebServer,E102,Health check passed: {service}
35125,2026-01-12,14:58:04,INFO,WebServer,Health check passed: WebServer,E102,Health check passed: {service}
35126,2026-01-12,14:41:15,INFO,OrderProcessor,Transaction tx716126 completed in 1920ms,E104,Transaction {tx} completed in {time}ms
35127,2026-01-12,14:12:34,INFO,AuthService,Page view: /home by u2572,E103,Page view: {page} by {user}
35128,2026-01-12,14:29:33,INFO,WebServer,Transaction tx616443 completed in 1911ms,E104,Transaction {tx} completed in {time}ms
35129,2026-01-12,14:05:05,INFO,WebServer,User u2583 login successful,E101,User {user} login successful
35130,2026-01-12,14:10:17,INFO,InventoryDB,Page view: /home by u2876,E103,Page view: {page} by {user}
35131,2026-01-12,14:30:19,INFO,WebServer,Health check passed: WebServer,E102,Health check passed: {service}
35132,2026-01-12,14:19:20,INFO,WebServer,Health check passed: WebServer,E102,Health check passed: {service}
35133,2026-01-12,14:18:50,INFO,WebServer,Transaction tx336165 completed in 916ms,E104,Transaction {tx} completed in {time}ms
35134,2026-01-12,14:00:13,INFO,OrderProcessor,Transaction tx771715 completed in 1811ms,E104,Transaction {tx} completed in {time}ms
35135,2026-01-12,14:19:52,WARN,OrderProcessor,High latency (281ms) detected on OrderProcessor,E201,High latency ({time}ms) detected on {service}
35136,2026-01-12,14:49:16,INFO,AuthService,Health check passed: AuthService,E102,Health check passed: {service}
35137,2026-01-12,14:29:58,INFO,OrderProcessor,User u4505 login successful,E101,User {user} login successful
35138,2026-01-12,14:07:31,INFO,WebServer,Transaction tx278366 completed in 1993ms,E104,Transaction {tx} completed in {time}ms
35139,2026-01-12,14:59:33,INFO,WebServer,Page view: /home by u2623,E103,Page view: {page} by {user}
35140,2026-01-12,14:28:08,INFO,WebServer,Health check passed: WebServer,E102,Health check passed: {service}
35141,2026-01-12,14:08:20,INFO,WebServer,Health check passed: WebServer,E102,Health check passed: {service}
35142,2026-01-12,14:25:07,INFO,WebServer,Page view: /home by u3330,E103,Page view: {page} by {user}
35143,2026-01-12,14:59:43,INFO,PaymentGateway,Health check passed: PaymentGateway,E102,Health check passed: {service}
35144,2026-01-12,14:06:20,INFO,WebServer,Health check passed: WebServer,E102,Health check passed: {service}
35145,2026-01-12,14:04:20,INFO,WebServer,Page view: /home by u3852,E103,Page view: {page} by {user}
35146,2026-01-12,14:48:15,INFO,WebServer,Health check passed: WebServer,E102,Health check passed: {service}
35147,2026-01-12,14:55:16,INFO,OrderProcessor,Transaction tx350102 completed in 901ms,E104,Transaction {tx} completed in {time}ms
35148,2026-01-12,14:01:40,INFO,WebServer,Transaction tx343047 completed in 1905ms,E104,Transaction {tx} completed in {time}ms
35149,2026-01-12,14:30:34,ERROR,AuthService,Connection refused to AuthService at 10.0.0.45,E501,Connection refused to {service} at {ip}
35150,2026-01-12,14:32:44,INFO,WebServer,Page view: /home by u3713,E103,Page view: {page} by {user}
35151,2026-01-12,14:26:10,INFO,AuthService,Health check passed: AuthService,E102,Health check passed: {service}
35152,2026-01-12,14:06:40,INFO,AuthService,User u3495 login successful,E101,User {user} login successful
35153,2026-01-12,14:37:48,INFO,WebServer,Page view: /home by u2462,E103,Page view: {page} by {user}
35154,2026-01-12,14:36:54,INFO,AuthService,User u3560 login successful,E101,User {user} login successful
35155,2026-01-12,14:27:23,INFO,OrderProcessor,Health check passed: OrderProcessor,E102,Health check passed: {service}
35156,2026-01-12,14:37:21,INFO,AuthService,User u3426 login successful,E101,User {user} login successful
35157,2026-01-12,14:04:22,WARN,AuthService,Disk usage > 85% on node node-2,E202,Disk usage > 85% on node {node}
35158,2026-01-12,14:08:59,INFO,PaymentGateway,Transaction tx619100 completed in 1393ms,E104,Transaction {tx} completed in {time}ms
35159,2026-01-12,14:40:06,INFO,WebServer,Health check passed: WebServer,E102,Health check passed: {service}
35160,2026-01-12,14:44:49,INFO,AuthService,Page view: /home by u3282,E103,Page view: {page} by {user}
35161,2026-01-12,14:53:14,INFO,OrderProcessor,Page view: /home by u1103,E103,Page view: {page} by {user}
35162,2026-01-12,14:43:27,INFO,OrderProcessor,Health check passed: OrderProcessor,E102,Health check passed: {service}
35163,2026-01-12,14:15:31,INFO,WebServer,Health check passed: WebServer,E102,Health check passed: {service}
35164,2026-01-12,14:12:40,INFO,OrderProcessor,Page view: /home by u1356,E103,Page view: {page} by {user}
35165,2026-01-12,14:24:24,INFO,WebServer,Transaction tx228475 completed in 615ms,E104,Transaction {tx} completed in {time}ms
35166,2026-01-12,14:37:19,INFO,WebServer,Health check passed: WebServer,E102,Health check passed: {service}
35167,2026-01-12,14:26:55,INFO,WebServer,Health check passed: WebServer,E102,Health check passed: {service}
35168,2026-01-12,14:35:16,INFO,AuthService,Health check passed: AuthService,E102,Health check passed: {service}
35169,2026-01-12,14:46:08,INFO,WebServer,Transaction tx907569 completed in 1667ms,E104,Transaction {tx} completed in {time}ms
35170,2026-01-12,14:02:29,WARN,WebServer,Disk usage > 85% on node node-5,E202,Disk usage > 85% on node {node}
35171,2026-01-12,14:10:49,INFO,WebServer,Page view: /home by u1503,E103,Page view: {page} by {user}
35172,2026-01-12,14:52:44,WARN,OrderProcessor,High latency (1357ms) detected on OrderProcessor,E201,High latency ({time}ms) detected on {service}
35173,2026-01-12,14:06:56,INFO,OrderProcessor,Health check passed: OrderProcessor,E102,Health check passed: {service}
35174,2026-01-12,14:46:01,INFO,WebServer,Page view: /home by u2272,E103,Page view: {page} by {user}
35175,2026-01-12,14:21:08,INFO,WebServer,Health check passed: WebServer,E102,Health check passed: {service}
35176,2026-01-12,14:30:45,INFO,WebServer,Health check passed: WebServer,E102,Health check passed: {service}
35177,2026-01-12,14:17:13,INFO,WebServer,Transaction tx128512 completed in 420ms,E104,Transaction {tx} completed in {time}ms
35178,2026-01-12,14:22:03,INFO,WebServer,User u1576 login successful,E101,User {user} login successful
35179,2026-01-12,14:22:38,INFO,PaymentGateway,Page view: /home by u2736,E103,Page view: {page} by {user}
35180,2026-01-12,14:03:37,INFO,PaymentGateway,Health check passed: PaymentGateway,E102,Health check passed: {service}
35181,2026-01-12,14:33:05,INFO,WebServer,User u4848 login successful,E101,User {user} login successful
35182,2026-01-12,14:10:48,INFO,WebServer,Transaction tx882406 completed in 1562ms,E104,Transaction {tx} completed in {time}ms
35183,2026-01-12,14:32:39,INFO,AuthService,Page view: /home by u2433,E103,Page view: {page} by {user}
35184,2026-01-12,14:26:48,INFO,WebServer,Health check passed: WebServer,E102,Health check passed: {service}
35185,2026-01-12,14:38:35,INFO,WebServer,Health check passed: WebServer,E102,Health check passed: {service}
35186,2026-01-12,14:03:50,INFO,WebServer,User u4638 login successful,E101,User {user} login successful
35187,2026-01-12,14:14:19,INFO,AuthService,User u2627 login successful,E101,User {user} login successful
35188,2026-01-12,14:41:20,INFO,OrderProcessor,User u2897 login successful,E101,User {user} login successful
35189,2026-01-12,14:23:31,INFO,AuthService,Health check passed: AuthService,E102,Health check passed: {service}
35190,2026-01-12,14:52:40,INFO,WebServer,Health check passed: WebServer,E102,Health check passed: {service}
35191,2026-01-12,14:31:48,INFO,PaymentGateway,User u3604 login successful,E101,User {user} login successful
35192,2026-01-12,14:13:23,INFO,WebServer,Page view: /home by u3721,E103,Page view: {page} by {user}
35193,2026-01-12,14:08:48,INFO,PaymentGateway,Health check passed: PaymentGateway,E102,Health check passed: {service}
35194,2026-01-12,14:09:54,INFO,AuthService,Page view: /home by u1288,E103,Page view: {page} by {user}
35195,2026-01-12,14:08:03,INFO,OrderProcessor,Health check passed: OrderProcessor,E102,Health check passed: {service}
35196,2026-01-12,14:48:05,INFO,AuthService,Transaction tx239430 completed in 1600ms,E104,Transaction {tx} completed in {time}ms
35197,2026-01-12,14:19:52,INFO,WebServer,Page view: /home by u1393,E103,Page view: {page} by {user}
35198,2026-01-12,14:46:41,INFO,WebServer,Health check passed: WebServer,E102,Health check passed: {service}
35199,2026-01-12,14:04:21,INFO,AuthService,Health check passed: AuthService,E102,Health check passed: {service}
35200,2026-01-12,14:15:40,INFO,WebServer,User u1020 login successful,E101,User {user} login successful
35201,2026-01-12,14:01:55,INFO,PaymentGateway,Health check passed: PaymentGateway,E102,Health check passed: {service}
35202,2026-01-12,14:12:31,INFO,WebServer,Health check passed: WebServer,E102,Health check passed: {service}
35203,2026-01-12,14:23:36,ERROR,AuthService,Payment declined: Gateway unavailable,E503,Payment declined: Gateway unavailable
35204,2026-01-12,14:22:26,INFO,WebServer,User u4562 login successful,E101,User {user} login successful
35205,2026-01-12,14:50:35,WARN,InventoryDB,Unauthorized access attempt from 10.0.0.12,E401,Unauthorized access attempt from {ip}
35206,2026-01-12,14:54:46,INFO,WebServer,User u1833 login successful,E101,User {user} login successful
35207,2026-01-12,14:58:48,INFO,AuthService,Transaction tx809127 completed in 285ms,E104,Transaction {tx} completed in {time}ms
35208,2026-01-12,14:47:47,INFO,OrderProcessor,Page view: /home by u3397,E103,Page view: {page} by {user}
35209,2026-01-12,14:11:25,INFO,WebServer,Page view: /home by u2930,E103,Page view: {page} by {user}
35210,2026-01-12,14:25:19,INFO,WebServer,Transaction tx501106 completed in 275ms,E104,Transaction {tx} completed in {time}ms
35211,2026-01-12,14:25:13,INFO,AuthService,Transaction tx348666 completed in 1855ms,E104,Transaction {tx} completed in {time}ms
35212,2026-01-12,14:55:31,INFO,WebServer,Page view: /home by u1555,E103,Page view: {page} by {user}
35213,2026-01-12,14:59:06,INFO,AuthService,Health check passed: AuthService,E102,Health check passed: {service}
35214,2026-01-12,14:29:28,INFO,WebServer,User u1839 login successful,E101,User {user} login successful
35215,2026-01-12,14:33:00,INFO,InventoryDB,Health check passed: InventoryDB,E102,Health check passed: {service}
35216,2026-01-12,14:13:49,INFO,PaymentGateway,User u4959 login successful,E101,User {user} login successful
35217,2026-01-12,14:54:37,INFO,AuthService,Page view: /home by u1476,E103,Page view: {page} by {user}
35218,2026-01-12,14:48:48,INFO,WebServer,Page view: /home by u4385,E103,Page view: {page} by {user}
35219,2026-01-12,14:37:07,INFO,WebServer,User u2122 login successful,E101,User {user} login successful
35220,2026-01-12,14:25:35,INFO,AuthService,Transaction tx162061 completed in 842ms,E104,Transaction {tx} completed in {time}ms
35221,2026-01-12,14:22:59,INFO,WebServer,Health check passed: WebServer,E102,Health check passed: {service}
35222,2026-01-12,14:13:56,INFO,WebServer,Health check passed: WebServer,E102,Health check passed: {service}
35223,2026-01-12,14:30:23,INFO,WebServer,Health check passed: WebServer,E102,Health check passed: {service}
35224,2026-01-12,14:47:28,INFO,WebServer,Page view: /home by u4406,E103,Page view: {page} by {user}
35225,2026-01-12,14:45:15,INFO,WebServer,Transaction tx795486 completed in 1856ms,E104,Transaction {tx} completed in {time}ms
35226,2026-01-12,14:13:41,INFO,PaymentGateway,Health check passed: PaymentGateway,E102,Health check passed: {service}
35227,2026-01-12,14:01:09,INFO,WebServer,Transaction tx995275 completed in 428ms,E104,Transaction {tx} completed in {time}ms
35228,2026-01-12,14:51:40,INFO,WebServer,Transaction tx315993 completed in 876ms,E104,Transaction {tx} completed in {time}ms
35229,2026-01-12,14:29:04,INFO,AuthService,User u1090 login successful,E101,User {user} login successful
35230,2026-01-12,14:43:32,INFO,AuthService,Transaction tx596885 completed in 555ms,E104,Transaction {tx} completed in {time}ms
35231,2026-01-12,14:32:52,INFO,AuthService,Page view: /home by u1461,E103,Page view: {page} by {user}
35232,2026-01-12,14:49:41,INFO,OrderProcessor,Transaction tx156314 completed in 1668ms,E104,Transaction {tx} completed in {time}ms
35233,2026-01-12,14:54:00,INFO,WebServer,Page view: /home by u1314,E103,Page view: {page} by {user}
35234,2026-01-12,14:43:29,INFO,OrderProcessor,Health check passed: OrderProcessor,E102,Health check passed: {service}
35235,2026-01-12,14:48:23,INFO,WebServer,Transaction tx629539 completed in 564ms,E104,Transaction {tx} completed in {time}ms
35236,2026-01-12,14:08:58,INFO,OrderProcessor,User u2541 login successful,E101,User {user} login successful
35237,2026-01-12,14:41:05,INFO,WebServer,Health check passed: WebServer,E102,Health check passed: {service}
35238,2026-01-12,14:58:41,INFO,WebServer,Transaction tx215644 completed in 1643ms,E104,Transaction {tx} completed in {time}ms
35239,2026-01-12,14:06:49,INFO,WebServer,Health check passed: WebServer,E102,Health check passed: {service}
35240,2026-01-12,14:30:56,INFO,WebServer,Transaction tx872809 completed in 1308ms,E104,Transaction {tx} completed in {time}ms
35241,2026-01-12,14:09:23,INFO,AuthService,Health check passed: AuthService,E102,Health check passed: {service}
35242,2026-01-12,14:54:32,CRITICAL,InventoryDB,DATA CORRUPTION detected in sector 583,E602,DATA CORRUPTION detected in sector {sector}
35243,2026-01-12,14:51:26,INFO,WebServer,User u1275 login successful,E101,User {user} login successful
35244,2026-01-12,14:47:33,ERROR,InventoryDB,Timeout waiting for lock on InventoryDB,E502,Timeout waiting for lock on {db}
35245,2026-01-12,14:21:04,INFO,WebServer,Page view: /home by u3680,E103,Page view: {page} by {user}
35246,2026-01-12,14:33:06,INFO,WebServer,Transaction tx423864 completed in 1504ms,E104,Transaction {tx} completed in {time}ms
35247,2026-01-12,14:36:53,INFO,WebServer,Page view: /home by u2435,E103,Page view: {page} by {user}
35248,2026-01-12,14:10:17,INFO,PaymentGateway,Transaction tx841056 completed in 24ms,E104,Transaction {tx} completed in {time}ms
35249,2026-01-12,14:20:20,INFO,WebServer,Page view: /home by u3953,E103,Page view: {page} by {user}
35250,2026-01-12,14:02:04,WARN,PaymentGateway,Disk usage > 85% on node node-4,E202,Disk usage > 85% on node {node}
35251,2026-01-12,14:39:29,INFO,WebServer,User u2876 login successful,E101,User {user} login successful
35252,2026-01-12,14:59:27,INFO,WebServer,User u2258 login successful,E101,User {user} login successful
35253,2026-01-12,14:08:08,INFO,WebServer,Health check passed: WebServer,E102,Health check passed: {service}
35254,2026-01-12,14:53:09,INFO,PaymentGateway,Page view: /home by u2767,E103,Page view: {page} by {user}
35255,2026-01-12,14:03:07,INFO,WebServer,Health check passed: WebServer,E102,Health check passed: {service}
35256,2026-01-12,14:59:20,WARN,WebServer,High latency (1250ms) detected on WebServer,E201,High latency ({time}ms) detected on {service}
35257,2026-01-12,14:23:28,INFO,WebServer,Page view: /home by u3307,E103,Page view: {page} by {user}
35258,2026-01-12,14:33:09,INFO,WebServer,Page view: /home by u4708,E103,Page view: {page} by {user}
35259,2026-01-12,14:44:55,INFO,OrderProcessor,User u3485 login successful,E101,User {user} login successful
35260,2026-01-12,14:04:27,INFO,WebServer,Health check passed: WebServer,E102,Health check passed: {service}
35261,2026-01-12,14:01:53,WARN,WebServer,High latency (39ms) detected on WebServer,E201,High latency ({time}ms) detected on {service}
35262,2026-01-12,14:36:36,INFO,AuthService,Transaction tx930559 completed in 1030ms,E104,Transaction {tx} completed in {time}ms
35263,2026-01-12,14:28:44,INFO,WebServer,User u1605 login successful,E101,User {user} login successful
35264,2026-01-12,14:36:36,INFO,InventoryDB,Page view: /home by u1722,E103,Page view: {page} by {user}
35265,2026-01-12,14:12:23,INFO,WebServer,Transaction tx982765 completed in 1446ms,E104,Transaction {tx} completed in {time}ms
35266,2026-01-12,14:12:06,INFO,PaymentGateway,Page view: /home by u2595,E103,Page view: {page} by {user}
35267,2026-01-12,14:22:44,INFO,WebServer,Transaction tx560093 completed in 1917ms,E104,Transaction {tx} completed in {time}ms
35268,2026-01-12,14:56:05,INFO,PaymentGateway,Health check passed: PaymentGateway,E102,Health check passed: {service}
35269,2026-01-12,14:08:46,INFO,AuthService,User u2271 login successful,E101,User {user} login successful
35270,2026-01-12,14:17:09,INFO,AuthService,Transaction tx359255 completed in 1959ms,E104,Transaction {tx} completed in {time}ms
35271,2026-01-12,14:58:57,INFO,PaymentGateway,Health check passed: PaymentGateway,E102,Health check passed: {service}
35272,2026-01-12,14:43:59,INFO,WebServer,Page view: /home by u1511,E103,Page view: {page} by {user}
35273,2026-01-12,14:24:01,INFO,WebServer,Transaction tx851994 completed in 294ms,E104,Transaction {tx} completed in {time}ms
35274,2026-01-12,14:16:19,INFO,OrderProcessor,Health check passed: OrderProcessor,E102,Health check passed: {service}
35275,2026-01-12,14:24:45,INFO,WebServer,Health check passed: WebServer,E102,Health check passed: {service}
35276,2026-01-12,14:37:50,WARN,WebServer,Disk usage > 85% on node node-1,E202,Disk usage > 85% on node {node}
35277,2026-01-12,14:00:42,INFO,OrderProcessor,Health check passed: OrderProcessor,E102,Health check passed: {service}
35278,2026-01-12,14:23:01,INFO,OrderProcessor,Page view: /home by u2718,E103,Page view: {page} by {user}
35279,2026-01-12,14:45:05,INFO,WebServer,User u3015 login successful,E101,User {user} login successful
35280,2026-01-12,14:13:51,INFO,WebServer,User u3474 login successful,E101,User {user} login successful
35281,2026-01-12,14:44:57,INFO,WebServer,Transaction tx474969 completed in 1207ms,E104,Transaction {tx} completed in {time}ms
35282,2026-01-12,14:40:44,INFO,WebServer,Health check passed: WebServer,E102,Health check passed: {service}
35283,2026-01-12,14:45:08,INFO,WebServer,Health check passed: WebServer,E102,Health check passed: {service}
35284,2026-01-12,14:11:59,INFO,AuthService,Transaction tx875714 completed in 678ms,E104,Transaction {tx} completed in {time}ms
35285,2026-01-12,14:26:27,INFO,AuthService,Page view: /home by u2299,E103,Page view: {page} by {user}
35286,2026-01-12,14:43:20,INFO,WebServer,User u4576 login successful,E101,User {user} login successful
35287,2026-01-12,14:20:38,WARN,AuthService,Unauthorized access attempt from 10.0.0.45,E401,Unauthorized access attempt from {ip}
35288,2026-01-12,14:32:04,INFO,PaymentGateway,Page view: /home by u1065,E103,Page view: {page} by {user}
35289,2026-01-12,14:40:26,INFO,InventoryDB,Page view: /home by u3816,E103,Page view: {page} by {user}
35290,2026-01-12,14:41:52,INFO,AuthService,User u3987 login successful,E101,User {user} login successful
35291,2026-01-12,14:22:49,INFO,WebServer,Page view: /home by u2418,E103,Page view: {page} by {user}
35292,2026-01-12,14:21:59,INFO,WebServer,Page view: /home by u2195,E103,Page view: {page} by {user}
35293,2026-01-12,14:29:09,INFO,WebServer,Page view: /home by u1623,E103,Page view: {page} by {user}
35294,2026-01-12,14:09:42,INFO,WebServer,User u4758 login successful,E101,User {user} login successful
35295,2026-01-12,14:48:17,INFO,WebServer,Transaction tx944854 completed in 1822ms,E104,Transaction {tx} completed in {time}ms
35296,2026-01-12,14:45:01,INFO,InventoryDB,User u2451 login successful,E101,User {user} login successful
35297,2026-01-12,14:09:08,INFO,InventoryDB,User u3901 login successful,E101,User {user} login successful
35298,2026-01-12,14:45:18,INFO,InventoryDB,User u4933 login successful,E101,User {user} login successful
35299,2026-01-12,14:59:23,INFO,AuthService,Page view: /home by u2042,E103,Page view: {page} by {user}
35300,2026-01-12,14:33:47,INFO,PaymentGateway,Page view: /home by u2033,E103,Page view: {page} by {user}
35301,2026-01-12,14:31:07,INFO,WebServer,Transaction tx285259 completed in 972ms,E104,Transaction {tx} completed in {time}ms
35302,2026-01-12,14:59:35,INFO,AuthService,Health check passed: AuthService,E102,Health check passed: {service}
35303,2026-01-12,14:06:58,INFO,AuthService,Health check passed: AuthService,E102,Health check passed: {service}
35304,2026-01-12,14:06:39,INFO,WebServer,Health check passed: WebServer,E102,Health check passed: {service}
35305,2026-01-12,14:44:45,INFO,WebServer,Health check passed: WebServer,E102,Health check passed: {service}
35306,2026-01-12,14:14:38,INFO,OrderProcessor,Transaction tx724908 completed in 743ms,E104,Transaction {tx} completed in {time}ms
35307,2026-01-12,14:34:32,INFO,PaymentGateway,User u3585 login successful,E101,User {user} login successful
35308,2026-01-12,14:20:44,INFO,OrderProcessor,Health check passed: OrderProcessor,E102,Health check passed: {service}
35309,2026-01-12,14:22:17,INFO,WebServer,Page view: /home by u2379,E103,Page view: {page} by {user}
35310,2026-01-12,14:12:43,INFO,AuthService,Page view: /home by u3424,E103,Page view: {page} by {user}
35311,2026-01-12,14:34:38,WARN,OrderProcessor,Disk usage > 85% on node node-3,E202,Disk usage > 85% on node {node}
35312,2026-01-12,14:52:14,INFO,WebServer,Health check passed: WebServer,E102,Health check passed: {service}
35313,2026-01-12,14:12:27,INFO,WebServer,Page view: /home by u1793,E103,Page view: {page} by {user}
35314,2026-01-12,14:57:00,WARN,OrderProcessor,Unauthorized access attempt from 10.0.0.45,E401,Unauthorized access attempt from {ip}
35315,2026-01-12,14:38:46,INFO,OrderProcessor,User u4737 login successful,E101,User {user} login successful
35316,2026-01-12,14:54:56,INFO,WebServer,Transaction tx556856 completed in 1502ms,E104,Transaction {tx} completed in {time}ms
35317,2026-01-12,14:04:03,INFO,PaymentGateway,Page view: /home by u1454,E103,Page view: {page} by {user}
35318,2026-01-12,14:18:47,INFO,WebServer,Transaction tx848901 completed in 531ms,E104,Transaction {tx} completed in {time}ms
35319,2026-01-12,14:23:28,CRITICAL,AuthService,KERNEL PANIC: Node node-4 crashed,E601,KERNEL PANIC: Node {node} crashed
35320,2026-01-12,14:42:26,INFO,WebServer,User u1856 login successful,E101,User {user} login successful
35321,2026-01-12,14:42:07,INFO,PaymentGateway,Health check passed: PaymentGateway,E102,Health check passed: {service}
35322,2026-01-12,14:29:15,WARN,WebServer,Unauthorized access attempt from 10.0.0.88,E401,Unauthorized access attempt from {ip}
35323,2026-01-12,14:35:28,INFO,WebServer,Health check passed: WebServer,E102,Health check passed: {service}
35324,2026-01-12,14:48:26,INFO,AuthService,Transaction tx441619 completed in 1962ms,E104,Transaction {tx} completed in {time}ms
35325,2026-01-12,14:40:12,INFO,WebServer,Transaction tx957144 completed in 1596ms,E104,Transaction {tx} completed in {time}ms
35326,2026-01-12,14:48:08,INFO,InventoryDB,User u1410 login successful,E101,User {user} login successful
35327,2026-01-12,14:57:17,INFO,OrderProcessor,Health check passed: OrderProcessor,E102,Health check passed: {service}
35328,2026-01-12,14:13:38,INFO,PaymentGateway,Health check passed: PaymentGateway,E102,Health check passed: {service}
35329,2026-01-12,14:16:51,INFO,WebServer,Health check passed: WebServer,E102,Health check passed: {service}
35330,2026-01-12,14:23:24,INFO,PaymentGateway,Health check passed: PaymentGateway,E102,Health check passed: {service}
35331,2026-01-12,14:11:15,INFO,AuthService,Transaction tx533414 completed in 1521ms,E104,Transaction {tx} completed in {time}ms
35332,2026-01-12,14:44:09,INFO,WebServer,User u2843 login successful,E101,User {user} login successful
35333,2026-01-12,14:43:39,INFO,OrderProcessor,Page view: /home by u1769,E103,Page view: {page} by {user}
35334,2026-01-12,14:59:42,INFO,AuthService,Health check passed: AuthService,E102,Health check passed: {service}
35335,2026-01-12,14:02:38,INFO,WebServer,Transaction tx310418 completed in 1708ms,E104,Transaction {tx} completed in {time}ms
35336,2026-01-12,14:34:35,INFO,InventoryDB,User u3835 login successful,E101,User {user} login successful
35337,2026-01-12,14:43:43,INFO,WebServer,Page view: /home by u1292,E103,Page view: {page} by {user}
35338,2026-01-12,14:43:21,INFO,WebServer,Transaction tx422092 completed in 1868ms,E104,Transaction {tx} completed in {time}ms
35339,2026-01-12,14:22:05,ERROR,AuthService,Timeout waiting for lock on InventoryDB,E502,Timeout waiting for lock on {db}
35340,2026-01-12,14:41:39,WARN,WebServer,Unauthorized access attempt from 10.0.0.12,E401,Unauthorized access attempt from {ip}
35341,2026-01-12,14:55:58,INFO,WebServer,User u1875 login successful,E101,User {user} login successful
35342,2026-01-12,14:01:20,WARN,OrderProcessor,Disk usage > 85% on node node-2,E202,Disk usage > 85% on node {node}
35343,2026-01-12,14:37:31,INFO,AuthService,Transaction tx129112 completed in 1825ms,E104,Transaction {tx} completed in {time}ms
35344,2026-01-12,14:30:22,INFO,OrderProcessor,Page view: /home by u3963,E103,Page view: {page} by {user}
35345,2026-01-12,14:52:42,INFO,WebServer,Page view: /home by u4915,E103,Page view: {page} by {user}
35346,2026-01-12,14:19:40,WARN,AuthService,High latency (433ms) detected on AuthService,E201,High latency ({time}ms) detected on {service}
35347,2026-01-12,14:33:36,INFO,WebServer,Transaction tx499514 completed in 888ms,E104,Transaction {tx} completed in {time}ms
35348,2026-01-12,14:54:12,INFO,WebServer,User u3206 login successful,E101,User {user} login successful
35349,2026-01-12,14:50:31,INFO,WebServer,Page view: /home by u4594,E103,Page view: {page} by {user}
35350,2026-01-12,14:14:38,WARN,OrderProcessor,Unauthorized access attempt from 10.0.0.45,E401,Unauthorized access attempt from {ip}
35351,2026-01-12,14:07:11,INFO,AuthService,Health check passed: AuthService,E102,Health check passed: {service}
35352,2026-01-12,14:49:50,INFO,WebServer,Health check passed: WebServer,E102,Health check passed: {service}
35353,2026-01-12,14:14:20,INFO,WebServer,User u2916 login successful,E101,User {user} login successful
35354,2026-01-12,14:41:13,INFO,WebServer,Health check passed: WebServer,E102,Health check passed: {service}
35355,2026-01-12,14:55:37,INFO,WebServer,Transaction tx404384 completed in 1251ms,E104,Transaction {tx} completed in {time}ms
35356,2026-01-12,14:37:54,INFO,WebServer,Health check passed: WebServer,E102,Health check passed: {service}
35357,2026-01-12,14:08:17,INFO,AuthService,Transaction tx716835 completed in 1659ms,E104,Transaction {tx} completed in {time}ms
35358,2026-01-12,14:48:33,WARN,WebServer,Unauthorized access attempt from 10.0.0.45,E401,Unauthorized access attempt from {ip}
35359,2026-01-12,14:29:36,WARN,WebServer,Unauthorized access attempt from 10.0.0.10,E401,Unauthorized access attempt from {ip}
35360,2026-01-12,14:41:20,INFO,WebServer,User u1845 login successful,E101,User {user} login successful
35361,2026-01-12,14:19:31,INFO,WebServer,Page view: /home by u4819,E103,Page view: {page} by {user}
35362,2026-01-12,14:50:28,INFO,AuthService,Health check passed: AuthService,E102,Health check passed: {service}
35363,2026-01-12,14:45:39,INFO,WebServer,Transaction tx908244 completed in 369ms,E104,Transaction {tx} completed in {time}ms
35364,2026-01-12,14:03:46,INFO,AuthService,Health check passed: AuthService,E102,Health check passed: {service}
35365,2026-01-12,14:27:03,INFO,WebServer,Transaction tx474018 completed in 1784ms,E104,Transaction {tx} completed in {time}ms
35366,2026-01-12,14:09:08,INFO,AuthService,User u3407 login successful,E101,User {user} login successful
35367,2026-01-12,14:09:19,INFO,AuthService,Health check passed: AuthService,E102,Health check passed: {service}
35368,2026-01-12,14:15:08,WARN,WebServer,Unauthorized access attempt from 10.0.0.45,E401,Unauthorized access attempt from {ip}
35369,2026-01-12,14:36:45,INFO,WebServer,Transaction tx208038 completed in 1261ms,E104,Transaction {tx} completed in {time}ms
35370,2026-01-12,14:52:27,WARN,AuthService,High latency (1460ms) detected on AuthService,E201,High latency ({time}ms) detected on {service}
35371,2026-01-12,14:24:15,INFO,PaymentGateway,Page view: /home by u1365,E103,Page view: {page} by {user}
35372,2026-01-12,14:21:21,INFO,OrderProcessor,User u3985 login successful,E101,User {user} login successful
35373,2026-01-12,14:45:42,INFO,PaymentGateway,Transaction tx688021 completed in 1785ms,E104,Transaction {tx} completed in {time}ms
35374,2026-01-12,14:35:06,INFO,OrderProcessor,Page view: /home by u3818,E103,Page view: {page} by {user}
35375,2026-01-12,14:46:51,INFO,AuthService,Health check passed: AuthService,E102,Health check passed: {service}
35376,2026-01-12,14:11:08,INFO,AuthService,Page view: /home by u4974,E103,Page view: {page} by {user}
35377,2026-01-12,14:49:16,INFO,WebServer,User u3146 login successful,E101,User {user} login successful
35378,2026-01-12,14:40:53,INFO,WebServer,Page view: /home by u4015,E103,Page view: {page} by {user}
35379,2026-01-12,14:53:11,INFO,PaymentGateway,Health check passed: PaymentGateway,E102,Health check passed: {service}
35380,2026-01-12,14:06:04,INFO,PaymentGateway,User u4217 login successful,E101,User {user} login successful
35381,2026-01-12,14:14:11,INFO,WebServer,Transaction tx137048 completed in 1114ms,E104,Transaction {tx} completed in {time}ms
35382,2026-01-12,14:23:16,INFO,PaymentGateway,Transaction tx981221 completed in 1816ms,E104,Transaction {tx} completed in {time}ms
35383,2026-01-12,14:26:59,INFO,WebServer,Transaction tx623714 completed in 291ms,E104,Transaction {tx} completed in {time}ms
35384,2026-01-12,14:14:55,INFO,WebServer,Health check passed: WebServer,E102,Health check passed: {service}
35385,2026-01-12,14:01:20,INFO,AuthService,User u3548 login successful,E101,User {user} login successful
35386,2026-01-12,14:57:11,INFO,AuthService,Page view: /home by u3889,E103,Page view: {page} by {user}
35387,2026-01-12,14:52:58,INFO,WebServer,User u1410 login successful,E101,User {user} login successful
35388,2026-01-12,14:22:50,INFO,AuthService,Health check passed: AuthService,E102,Health check passed: {service}
35389,2026-01-12,14:29:15,INFO,WebServer,User u2845 login successful,E101,User {user} login successful
35390,2026-01-12,14:13:10,INFO,OrderProcessor,User u1363 login successful,E101,User {user} login successful
35391,2026-01-12,14:16:19,INFO,PaymentGateway,User u4792 login successful,E101,User {user} login successful
35392,2026-01-12,14:50:59,INFO,WebServer,User u3763 login successful,E101,User {user} login successful
35393,2026-01-12,14:33:54,INFO,WebServer,User u1526 login successful,E101,User {user} login successful
35394,2026-01-12,14:59:09,INFO,OrderProcessor,User u2116 login successful,E101,User {user} login successful
35395,2026-01-12,14:43:39,INFO,WebServer,Page view: /home by u2137,E103,Page view: {page} by {user}
35396,2026-01-12,14:06:51,INFO,OrderProcessor,Health check passed: OrderProcessor,E102,Health check passed: {service}
35397,2026-01-12,14:08:46,INFO,WebServer,Page view: /home by u4022,E103,Page view: {page} by {user}
35398,2026-01-12,14:51:01,INFO,InventoryDB,Health check passed: InventoryDB,E102,Health check passed: {service}
35399,2026-01-12,14:35:28,INFO,WebServer,Page view: /home by u2662,E103,Page view: {page} by {user}
35400,2026-01-12,14:51:47,INFO,AuthService,User u3408 login successful,E101,User {user} login successful
35401,2026-01-12,14:11:31,INFO,WebServer,Page view: /home by u4968,E103,Page view: {page} by {user}
35402,2026-01-12,14:05:57,INFO,WebServer,User u4125 login successful,E101,User {user} login successful
35403,2026-01-12,14:19:17,INFO,PaymentGateway,Page view: /home by u1425,E103,Page view: {page} by {user}
35404,2026-01-12,14:49:56,INFO,WebServer,Transaction tx748367 completed in 1063ms,E104,Transaction {tx} completed in {time}ms
35405,2026-01-12,14:48:35,INFO,WebServer,Page view: /home by u4600,E103,Page view: {page} by {user}
35406,2026-01-12,14:52:47,INFO,OrderProcessor,Transaction tx759195 completed in 577ms,E104,Transaction {tx} completed in {time}ms
35407,2026-01-12,14:42:49,INFO,WebServer,User u3556 login successful,E101,User {user} login successful
35408,2026-01-12,14:20:18,INFO,PaymentGateway,Transaction tx399570 completed in 102ms,E104,Transaction {tx} completed in {time}ms
35409,2026-01-12,14:56:21,WARN,OrderProcessor,Unauthorized access attempt from 10.0.0.45,E401,Unauthorized access attempt from {ip}
35410,2026-01-12,14:09:26,INFO,OrderProcessor,Page view: /home by u4437,E103,Page view: {page} by {user}
35411,2026-01-12,14:25:26,WARN,OrderProcessor,Unauthorized access attempt from 10.0.0.12,E401,Unauthorized access attempt from {ip}
35412,2026-01-12,14:29:14,INFO,OrderProcessor,Health check passed: OrderProcessor,E102,Health check passed: {service}
35413,2026-01-12,14:59:58,INFO,InventoryDB,Page view: /home by u4912,E103,Page view: {page} by {user}
35414,2026-01-12,14:51:48,INFO,WebServer,User u1385 login successful,E101,User {user} login successful
35415,2026-01-12,14:46:09,INFO,InventoryDB,Transaction tx493785 completed in 549ms,E104,Transaction {tx} completed in {time}ms
35416,2026-01-12,14:50:03,INFO,WebServer,Page view: /home by u4499,E103,Page view: {page} by {user}
35417,2026-01-12,14:52:46,INFO,WebServer,Health check passed: WebServer,E102,Health check passed: {service}
35418,2026-01-12,14:06:48,INFO,WebServer,Health check passed: WebServer,E102,Health check passed: {service}
35419,2026-01-12,14:44:41,INFO,PaymentGateway,Transaction tx246788 completed in 391ms,E104,Transaction {tx} completed in {time}ms
35420,2026-01-12,14:58:10,INFO,WebServer,User u2027 login successful,E101,User {user} login successful
35421,2026-01-12,14:19:46,INFO,AuthService,User u3378 login successful,E101,User {user} login successful
35422,2026-01-12,14:11:04,INFO,InventoryDB,Transaction tx885351 completed in 1735ms,E104,Transaction {tx} completed in {time}ms
35423,2026-01-12,14:42:03,INFO,AuthService,Health check passed: AuthService,E102,Health check passed: {service}
35424,2026-01-12,14:34:04,INFO,WebServer,Transaction tx376093 completed in 844ms,E104,Transaction {tx} completed in {time}ms
35425,2026-01-12,14:12:35,INFO,InventoryDB,Page view: /home by u1326,E103,Page view: {page} by {user}
35426,2026-01-12,14:02:52,INFO,AuthService,Health check passed: AuthService,E102,Health check passed: {service}
35427,2026-01-12,14:05:23,WARN,PaymentGateway,High latency (1827ms) detected on PaymentGateway,E201,High latency ({time}ms) detected on {service}
35428,2026-01-12,14:45:54,INFO,AuthService,User u1658 login successful,E101,User {user} login successful
35429,2026-01-12,14:01:01,INFO,OrderProcessor,User u4957 login successful,E101,User {user} login successful
35430,2026-01-12,14:36:04,INFO,WebServer,Transaction tx670827 completed in 1612ms,E104,Transaction {tx} completed in {time}ms
35431,2026-01-12,14:23:25,INFO,PaymentGateway,Transaction tx942075 completed in 1250ms,E104,Transaction {tx} completed in {time}ms
35432,2026-01-12,14:04:38,INFO,PaymentGateway,User u1248 login successful,E101,User {user} login successful
35433,2026-01-12,14:44:10,INFO,AuthService,Page view: /home by u3747,E103,Page view: {page} by {user}
35434,2026-01-12,14:30:54,INFO,WebServer,Health check passed: WebServer,E102,Health check passed: {service}
35435,2026-01-12,14:26:08,INFO,InventoryDB,User u4256 login successful,E101,User {user} login successful
35436,2026-01-12,14:51:01,INFO,WebServer,User u3116 login successful,E101,User {user} login successful
35437,2026-01-12,14:07:26,INFO,WebServer,Health check passed: WebServer,E102,Health check passed: {service}
35438,2026-01-12,14:24:58,INFO,WebServer,Health check passed: WebServer,E102,Health check passed: {service}
35439,2026-01-12,14:14:31,INFO,WebServer,User u1519 login successful,E101,User {user} login successful
35440,2026-01-12,14:56:03,INFO,WebServer,User u1002 login successful,E101,User {user} login successful
35441,2026-01-12,14:24:47,INFO,WebServer,Page view: /home by u4581,E103,Page view: {page} by {user}
35442,2026-01-12,14:42:17,INFO,OrderProcessor,User u3494 login successful,E101,User {user} login successful
35443,2026-01-12,14:18:06,INFO,PaymentGateway,Health check passed: PaymentGateway,E102,Health check passed: {service}
35444,2026-01-12,14:40:35,INFO,WebServer,Page view: /home by u2362,E103,Page view: {page} by {user}
35445,2026-01-12,14:03:41,INFO,WebServer,Page view: /home by u1238,E103,Page view: {page} by {user}
35446,2026-01-12,14:37:15,INFO,AuthService,Page view: /home by u2078,E103,Page view: {page} by {user}
35447,2026-01-12,14:01:01,INFO,OrderProcessor,Page view: /home by u2900,E103,Page view: {page} by {user}
35448,2026-01-12,14:33:47,INFO,InventoryDB,Page view: /home by u3254,E103,Page view: {page} by {user}
35449,2026-01-12,14:57:20,INFO,WebServer,Page view: /home by u1385,E103,Page view: {page} by {user}
35450,2026-01-12,14:08:21,INFO,WebServer,User u4810 login successful,E101,User {user} login successful
35451,2026-01-12,14:50:49,INFO,WebServer,Page view: /home by u1992,E103,Page view: {page} by {user}
35452,2026-01-12,14:58:05,INFO,WebServer,User u1847 login successful,E101,User {user} login successful
35453,2026-01-12,14:40:02,INFO,WebServer,Health check passed: WebServer,E102,Health check passed: {service}
35454,2026-01-12,14:20:47,INFO,WebServer,Page view: /home by u3573,E103,Page view: {page} by {user}
35455,2026-01-12,14:13:40,INFO,WebServer,User u4188 login successful,E101,User {user} login successful
35456,2026-01-12,14:58:54,INFO,WebServer,Health check passed: WebServer,E102,Health check passed: {service}
35457,2026-01-12,14:27:57,INFO,PaymentGateway,Transaction tx454438 completed in 727ms,E104,Transaction {tx} completed in {time}ms
35458,2026-01-12,14:53:05,INFO,WebServer,Transaction tx876337 completed in 1338ms,E104,Transaction {tx} completed in {time}ms
35459,2026-01-12,14:06:44,INFO,WebServer,User u4984 login successful,E101,User {user} login successful
35460,2026-01-12,14:04:22,INFO,WebServer,Transaction tx128261 completed in 1719ms,E104,Transaction {tx} completed in {time}ms
35461,2026-01-12,14:54:44,INFO,AuthService,Health check passed: AuthService,E102,Health check passed: {service}
35462,2026-01-12,14:35:22,INFO,WebServer,User u1524 login successful,E101,User {user} login successful
35463,2026-01-12,14:32:09,INFO,OrderProcessor,Health check passed: OrderProcessor,E102,Health check passed: {service}
35464,2026-01-12,14:22:21,INFO,WebServer,Health check passed: WebServer,E102,Health check passed: {service}
35465,2026-01-12,14:16:26,INFO,WebServer,Health check passed: WebServer,E102,Health check passed: {service}
35466,2026-01-12,14:21:07,INFO,WebServer,User u2582 login successful,E101,User {user} login successful
35467,2026-01-12,14:50:40,INFO,OrderProcessor,Transaction tx722977 completed in 362ms,E104,Transaction {tx} completed in {time}ms
35468,2026-01-12,14:21:15,ERROR,WebServer,Connection refused to WebServer at 10.0.0.12,E501,Connection refused to {service} at {ip}
35469,2026-01-12,14:38:11,INFO,OrderProcessor,User u4615 login successful,E101,User {user} login successful
35470,2026-01-12,14:52:52,INFO,AuthService,Page view: /home by u2017,E103,Page view: {page} by {user}
35471,2026-01-12,14:28:39,INFO,AuthService,User u4676 login successful,E101,User {user} login successful
35472,2026-01-12,14:36:35,INFO,PaymentGateway,Page view: /home by u1077,E103,Page view: {page} by {user}
35473,2026-01-12,14:41:42,INFO,InventoryDB,User u2317 login successful,E101,User {user} login successful
35474,2026-01-12,14:57:56,INFO,WebServer,Page view: /home by u1964,E103,Page view: {page} by {user}
35475,2026-01-12,14:20:25,INFO,AuthService,Health check passed: AuthService,E102,Health check passed: {service}
35476,2026-01-12,14:46:20,INFO,AuthService,User u3564 login successful,E101,User {user} login successful
35477,2026-01-12,14:00:18,INFO,WebServer,Transaction tx619430 completed in 1811ms,E104,Transaction {tx} completed in {time}ms
35478,2026-01-12,14:50:32,INFO,PaymentGateway,Health check passed: PaymentGateway,E102,Health check passed: {service}
35479,2026-01-12,14:09:26,INFO,PaymentGateway,Transaction tx351498 completed in 1028ms,E104,Transaction {tx} completed in {time}ms
35480,2026-01-12,14:07:00,INFO,OrderProcessor,Health check passed: OrderProcessor,E102,Health check passed: {service}
35481,2026-01-12,14:46:12,INFO,AuthService,Health check passed: AuthService,E102,Health check passed: {service}
35482,2026-01-12,14:40:10,INFO,OrderProcessor,User u4390 login successful,E101,User {user} login successful
35483,2026-01-12,14:11:13,INFO,WebServer,Transaction tx416196 completed in 1665ms,E104,Transaction {tx} completed in {time}ms
35484,2026-01-12,14:53:36,INFO,AuthService,Health check passed: AuthService,E102,Health check passed: {service}
35485,2026-01-12,14:39:11,INFO,OrderProcessor,Transaction tx689253 completed in 1143ms,E104,Transaction {tx} completed in {time}ms
35486,2026-01-12,14:08:06,INFO,WebServer,User u4413 login successful,E101,User {user} login successful
35487,2026-01-12,14:05:47,INFO,OrderProcessor,Health check passed: OrderProcessor,E102,Health check passed: {service}
35488,2026-01-12,14:03:28,INFO,OrderProcessor,Page view: /home by u1620,E103,Page view: {page} by {user}
35489,2026-01-12,14:22:07,INFO,OrderProcessor,Transaction tx628802 completed in 99ms,E104,Transaction {tx} completed in {time}ms
35490,2026-01-12,14:29:42,INFO,WebServer,Health check passed: WebServer,E102,Health check passed: {service}
35491,2026-01-12,14:55:43,INFO,PaymentGateway,Transaction tx516661 completed in 1738ms,E104,Transaction {tx} completed in {time}ms
35492,2026-01-12,14:38:44,INFO,WebServer,Health check passed: WebServer,E102,Health check passed: {service}
35493,2026-01-12,14:28:41,INFO,AuthService,Page view: /home by u1223,E103,Page view: {page} by {user}
35494,2026-01-12,14:49:56,INFO,OrderProcessor,User u2214 login successful,E101,User {user} login successful
35495,2026-01-12,14:41:04,INFO,WebServer,Transaction tx311547 completed in 1477ms,E104,Transaction {tx} completed in {time}ms
35496,2026-01-12,14:37:29,INFO,InventoryDB,Transaction tx641694 completed in 1248ms,E104,Transaction {tx} completed in {time}ms
35497,2026-01-12,14:03:24,INFO,WebServer,Health check passed: WebServer,E102,Health check passed: {service}
35498,2026-01-12,14:23:18,INFO,WebServer,Health check passed: WebServer,E102,Health check passed: {service}
35499,2026-01-12,14:18:47,INFO,WebServer,User u2836 login successful,E101,User {user} login successful
35500,2026-01-12,14:04:11,INFO,WebServer,Health check passed: WebServer,E102,Health check passed: {service}
35501,2026-01-12,14:47:29,INFO,WebServer,Page view: /home by u3952,E103,Page view: {page} by {user}
35502,2026-01-12,14:59:30,INFO,PaymentGateway,User u4668 login successful,E101,User {user} login successful
35503,2026-01-12,14:07:11,INFO,WebServer,Transaction tx902390 completed in 373ms,E104,Transaction {tx} completed in {time}ms
35504,2026-01-12,14:37:13,INFO,AuthService,Transaction tx312916 completed in 425ms,E104,Transaction {tx} completed in {time}ms
35505,2026-01-12,14:29:47,INFO,WebServer,Health check passed: WebServer,E102,Health check passed: {service}
35506,2026-01-12,14:57:02,INFO,WebServer,Health check passed: WebServer,E102,Health check passed: {service}
35507,2026-01-12,14:08:39,INFO,PaymentGateway,Health check passed: PaymentGateway,E102,Health check passed: {service}
35508,2026-01-12,14:41:03,INFO,WebServer,Transaction tx966821 completed in 1818ms,E104,Transaction {tx} completed in {time}ms
35509,2026-01-12,14:34:00,INFO,WebServer,Page view: /home by u4842,E103,Page view: {page} by {user}
35510,2026-01-12,14:40:41,INFO,PaymentGateway,Transaction tx551378 completed in 1893ms,E104,Transaction {tx} completed in {time}ms
35511,2026-01-12,14:12:39,INFO,AuthService,User u3449 login successful,E101,User {user} login successful
35512,2026-01-12,14:18:26,INFO,WebServer,Health check passed: WebServer,E102,Health check passed: {service}
35513,2026-01-12,14:10:21,INFO,WebServer,Transaction tx456811 completed in 1942ms,E104,Transaction {tx} completed in {time}ms
35514,2026-01-12,14:09:52,INFO,WebServer,Health check passed: WebServer,E102,Health check passed: {service}
35515,2026-01-12,14:06:05,INFO,WebServer,Transaction tx733864 completed in 924ms,E104,Transaction {tx} completed in {time}ms
35516,2026-01-12,14:13:13,INFO,WebServer,Transaction tx634628 completed in 254ms,E104,Transaction {tx} completed in {time}ms
35517,2026-01-12,14:24:54,INFO,OrderProcessor,User u2200 login successful,E101,User {user} login successful
35518,2026-01-12,14:05:59,WARN,WebServer,High latency (682ms) detected on WebServer,E201,High latency ({time}ms) detected on {service}
35519,2026-01-12,14:01:49,INFO,WebServer,User u2927 login successful,E101,User {user} login successful
35520,2026-01-12,14:49:20,INFO,AuthService,Page view: /home by u2563,E103,Page view: {page} by {user}
35521,2026-01-12,14:21:06,WARN,WebServer,Unauthorized access attempt from 10.0.0.45,E401,Unauthorized access attempt from {ip}
35522,2026-01-12,14:07:38,INFO,AuthService,Page view: /home by u2786,E103,Page view: {page} by {user}
35523,2026-01-12,14:18:19,INFO,OrderProcessor,Transaction tx513153 completed in 44ms,E104,Transaction {tx} completed in {time}ms
35524,2026-01-12,14:09:04,INFO,WebServer,User u3627 login successful,E101,User {user} login successful
35525,2026-01-12,14:47:45,INFO,WebServer,Page view: /home by u3911,E103,Page view: {page} by {user}
35526,2026-01-12,14:37:01,INFO,InventoryDB,Page view: /home by u4916,E103,Page view: {page} by {user}
35527,2026-01-12,14:07:22,INFO,AuthService,User u2737 login successful,E101,User {user} login successful
35528,2026-01-12,14:49:35,INFO,WebServer,Transaction tx556415 completed in 294ms,E104,Transaction {tx} completed in {time}ms
35529,2026-01-12,14:36:17,INFO,InventoryDB,User u2357 login successful,E101,User {user} login successful
35530,2026-01-12,14:29:04,INFO,WebServer,Health check passed: WebServer,E102,Health check passed: {service}
35531,2026-01-12,14:20:31,INFO,OrderProcessor,User u3707 login successful,E101,User {user} login successful
35532,2026-01-12,14:20:02,INFO,InventoryDB,User u1344 login successful,E101,User {user} login successful
35533,2026-01-12,14:12:06,ERROR,AuthService,Payment declined: Gateway unavailable,E503,Payment declined: Gateway unavailable
35534,2026-01-12,14:03:56,INFO,WebServer,Health check passed: WebServer,E102,Health check passed: {service}
35535,2026-01-12,14:17:49,INFO,WebServer,Page view: /home by u3807,E103,Page view: {page} by {user}
35536,2026-01-12,14:54:05,INFO,PaymentGateway,Page view: /home by u1225,E103,Page view: {page} by {user}
35537,2026-01-12,14:51:39,INFO,AuthService,Page view: /home by u4410,E103,Page view: {page} by {user}
35538,2026-01-12,14:10:44,INFO,WebServer,Page view: /home by u1462,E103,Page view: {page} by {user}
35539,2026-01-12,14:32:37,INFO,PaymentGateway,Page view: /home by u2488,E103,Page view: {page} by {user}
35540,2026-01-12,14:33:33,INFO,WebServer,Page view: /home by u3447,E103,Page view: {page} by {user}
35541,2026-01-12,14:35:53,INFO,WebServer,User u3064 login successful,E101,User {user} login successful
35542,2026-01-12,14:13:44,INFO,WebServer,Transaction tx554191 completed in 949ms,E104,Transaction {tx} completed in {time}ms
35543,2026-01-12,14:09:51,INFO,WebServer,Health check passed: WebServer,E102,Health check passed: {service}
35544,2026-01-12,14:29:28,INFO,InventoryDB,Health check passed: InventoryDB,E102,Health check passed: {service}
35545,2026-01-12,14:40:24,INFO,WebServer,Transaction tx695331 completed in 793ms,E104,Transaction {tx} completed in {time}ms
35546,2026-01-12,14:16:02,INFO,WebServer,Page view: /home by u4196,E103,Page view: {page} by {user}
35547,2026-01-12,14:25:07,WARN,WebServer,Disk usage > 85% on node node-4,E202,Disk usage > 85% on node {node}
35548,2026-01-12,14:44:56,INFO,OrderProcessor,Transaction tx425269 completed in 1504ms,E104,Transaction {tx} completed in {time}ms
35549,2026-01-12,14:49:12,INFO,InventoryDB,Health check passed: InventoryDB,E102,Health check passed: {service}
35550,2026-01-12,14:57:56,INFO,WebServer,Page view: /home by u3634,E103,Page view: {page} by {user}
35551,2026-01-12,14:32:49,INFO,AuthService,Transaction tx429518 completed in 1129ms,E104,Transaction {tx} completed in {time}ms
35552,2026-01-12,14:09:18,INFO,OrderProcessor,Health check passed: OrderProcessor,E102,Health check passed: {service}
35553,2026-01-12,14:28:10,INFO,WebServer,Health check passed: WebServer,E102,Health check passed: {service}
35554,2026-01-12,14:56:50,INFO,AuthService,User u4457 login successful,E101,User {user} login successful
35555,2026-01-12,14:17:50,INFO,AuthService,Transaction tx125671 completed in 958ms,E104,Transaction {tx} completed in {time}ms
35556,2026-01-12,14:40:49,INFO,WebServer,Page view: /home by u4454,E103,Page view: {page} by {user}
35557,2026-01-12,14:39:37,INFO,WebServer,User u2326 login successful,E101,User {user} login successful
35558,2026-01-12,14:16:06,INFO,AuthService,Page view: /home by u4320,E103,Page view: {page} by {user}
35559,2026-01-12,14:57:03,INFO,WebServer,User u3408 login successful,E101,User {user} login successful
35560,2026-01-12,14:45:03,INFO,WebServer,Page view: /home by u2402,E103,Page view: {page} by {user}
35561,2026-01-12,14:17:25,INFO,AuthService,User u2076 login successful,E101,User {user} login successful
35562,2026-01-12,14:38:40,INFO,WebServer,Health check passed: WebServer,E102,Health check passed: {service}
35563,2026-01-12,14:20:30,INFO,WebServer,Page view: /home by u1855,E103,Page view: {page} by {user}
35564,2026-01-12,14:33:28,INFO,WebServer,Health check passed: WebServer,E102,Health check passed: {service}
35565,2026-01-12,14:16:24,INFO,AuthService,User u3875 login successful,E101,User {user} login successful
35566,2026-01-12,14:34:51,INFO,WebServer,User u2369 login successful,E101,User {user} login successful
35567,2026-01-12,14:05:16,INFO,AuthService,Page view: /home by u1322,E103,Page view: {page} by {user}
35568,2026-01-12,14:34:30,INFO,WebServer,Transaction tx109416 completed in 212ms,E104,Transaction {tx} completed in {time}ms
35569,2026-01-12,14:22:15,INFO,WebServer,Transaction tx229711 completed in 1915ms,E104,Transaction {tx} completed in {time}ms
35570,2026-01-12,14:48:39,INFO,AuthService,Transaction tx601230 completed in 1396ms,E104,Transaction {tx} completed in {time}ms
35571,2026-01-12,14:10:44,INFO,WebServer,User u1426 login successful,E101,User {user} login successful
35572,2026-01-12,14:38:17,INFO,PaymentGateway,Health check passed: PaymentGateway,E102,Health check passed: {service}
35573,2026-01-12,14:09:22,INFO,WebServer,Health check passed: WebServer,E102,Health check passed: {service}
35574,2026-01-12,14:17:03,INFO,WebServer,User u1120 login successful,E101,User {user} login successful
35575,2026-01-12,14:53:50,INFO,WebServer,Page view: /home by u3234,E103,Page view: {page} by {user}
35576,2026-01-12,14:57:59,INFO,WebServer,Health check passed: WebServer,E102,Health check passed: {service}
35577,2026-01-12,14:22:29,INFO,WebServer,Page view: /home by u3887,E103,Page view: {page} by {user}
35578,2026-01-12,14:17:41,INFO,AuthService,Page view: /home by u1007,E103,Page view: {page} by {user}
35579,2026-01-12,14:29:21,INFO,OrderProcessor,Page view: /home by u3088,E103,Page view: {page} by {user}
35580,2026-01-12,14:17:51,INFO,WebServer,Page view: /home by u1589,E103,Page view: {page} by {user}
35581,2026-01-12,14:21:16,INFO,WebServer,Health check passed: WebServer,E102,Health check passed: {service}
35582,2026-01-12,14:36:59,INFO,PaymentGateway,User u1422 login successful,E101,User {user} login successful
35583,2026-01-12,14:57:01,INFO,WebServer,User u1307 login successful,E101,User {user} login successful
35584,2026-01-12,14:35:08,INFO,PaymentGateway,Health check passed: PaymentGateway,E102,Health check passed: {service}
35585,2026-01-12,14:25:40,INFO,AuthService,User u1319 login successful,E101,User {user} login successful
35586,2026-01-12,14:08:46,INFO,OrderProcessor,User u1446 login successful,E101,User {user} login successful
35587,2026-01-12,14:52:40,INFO,InventoryDB,Health check passed: InventoryDB,E102,Health check passed: {service}
35588,2026-01-12,14:15:45,INFO,WebServer,Page view: /home by u1167,E103,Page view: {page} by {user}
35589,2026-01-12,14:57:58,ERROR,WebServer,Timeout waiting for lock on InventoryDB,E502,Timeout waiting for lock on {db}
35590,2026-01-12,14:38:14,INFO,AuthService,Page view: /home by u4785,E103,Page view: {page} by {user}
35591,2026-01-12,14:50:10,INFO,WebServer,Health check passed: WebServer,E102,Health check passed: {service}
35592,2026-01-12,14:11:56,INFO,WebServer,Transaction tx484787 completed in 1359ms,E104,Transaction {tx} completed in {time}ms
35593,2026-01-12,14:00:11,INFO,WebServer,Transaction tx826122 completed in 684ms,E104,Transaction {tx} completed in {time}ms
35594,2026-01-12,14:12:30,INFO,PaymentGateway,User u1976 login successful,E101,User {user} login successful
35595,2026-01-12,14:35:55,INFO,OrderProcessor,User u1917 login successful,E101,User {user} login successful
35596,2026-01-12,14:08:36,INFO,AuthService,User u1794 login successful,E101,User {user} login successful
35597,2026-01-12,14:26:15,INFO,AuthService,User u1791 login successful,E101,User {user} login successful
35598,2026-01-12,14:03:09,INFO,PaymentGateway,User u3488 login successful,E101,User {user} login successful
35599,2026-01-12,14:30:21,INFO,OrderProcessor,Page view: /home by u4955,E103,Page view: {page} by {user}
35600,2026-01-12,14:20:52,ERROR,AuthService,Timeout waiting for lock on InventoryDB,E502,Timeout waiting for lock on {db}
35601,2026-01-12,14:14:13,WARN,WebServer,High latency (621ms) detected on WebServer,E201,High latency ({time}ms) detected on {service}
35602,2026-01-12,14:52:08,INFO,AuthService,Transaction tx434313 completed in 1211ms,E104,Transaction {tx} completed in {time}ms
35603,2026-01-12,14:24:17,INFO,OrderProcessor,Page view: /home by u4874,E103,Page view: {page} by {user}
35604,2026-01-12,14:14:56,INFO,WebServer,Health check passed: WebServer,E102,Health check passed: {service}
35605,2026-01-12,14:10:40,ERROR,WebServer,Connection refused to WebServer at 10.0.0.45,E501,Connection refused to {service} at {ip}
35606,2026-01-12,14:54:05,INFO,AuthService,Health check passed: AuthService,E102,Health check passed: {service}
35607,2026-01-12,14:23:31,INFO,WebServer,User u2851 login successful,E101,User {user} login successful
35608,2026-01-12,14:55:29,INFO,WebServer,Health check passed: WebServer,E102,Health check passed: {service}
35609,2026-01-12,14:03:10,INFO,OrderProcessor,User u1602 login successful,E101,User {user} login successful
35610,2026-01-12,14:07:58,INFO,AuthService,User u2009 login successful,E101,User {user} login successful
35611,2026-01-12,14:00:41,INFO,WebServer,Page view: /home by u3646,E103,Page view: {page} by {user}
35612,2026-01-12,14:11:59,INFO,WebServer,Page view: /home by u3062,E103,Page view: {page} by {user}
35613,2026-01-12,14:50:26,INFO,WebServer,Transaction tx320481 completed in 1000ms,E104,Transaction {tx} completed in {time}ms
35614,2026-01-12,14:03:59,INFO,OrderProcessor,Health check passed: OrderProcessor,E102,Health check passed: {service}
35615,2026-01-12,14:03:55,INFO,AuthService,Transaction tx764684 completed in 745ms,E104,Transaction {tx} completed in {time}ms
35616,2026-01-12,14:36:27,INFO,AuthService,Transaction tx808557 completed in 784ms,E104,Transaction {tx} completed in {time}ms
35617,2026-01-12,14:05:25,INFO,WebServer,User u2333 login successful,E101,User {user} login successful
35618,2026-01-12,14:13:35,INFO,PaymentGateway,Health check passed: PaymentGateway,E102,Health check passed: {service}
35619,2026-01-12,14:19:42,INFO,AuthService,Health check passed: AuthService,E102,Health check passed: {service}
35620,2026-01-12,14:53:25,INFO,WebServer,Transaction tx828198 completed in 1794ms,E104,Transaction {tx} completed in {time}ms
35621,2026-01-12,14:59:53,INFO,WebServer,Transaction tx576102 completed in 515ms,E104,Transaction {tx} completed in {time}ms
35622,2026-01-12,14:26:55,INFO,WebServer,Health check passed: WebServer,E102,Health check passed: {service}
35623,2026-01-12,14:07:51,INFO,OrderProcessor,Health check passed: OrderProcessor,E102,Health check passed: {service}
35624,2026-01-12,14:05:49,INFO,WebServer,User u1784 login successful,E101,User {user} login successful
35625,2026-01-12,14:15:07,INFO,InventoryDB,Page view: /home by u1563,E103,Page view: {page} by {user}
35626,2026-01-12,14:17:06,INFO,WebServer,Health check passed: WebServer,E102,Health check passed: {service}
35627,2026-01-12,14:18:44,INFO,WebServer,Transaction tx642223 completed in 949ms,E104,Transaction {tx} completed in {time}ms
35628,2026-01-12,14:53:08,INFO,OrderProcessor,Transaction tx337781 completed in 298ms,E104,Transaction {tx} completed in {time}ms
35629,2026-01-12,14:28:51,INFO,AuthService,Health check passed: AuthService,E102,Health check passed: {service}
35630,2026-01-12,14:38:01,INFO,OrderProcessor,Health check passed: OrderProcessor,E102,Health check passed: {service}
35631,2026-01-12,14:04:50,INFO,WebServer,Transaction tx518032 completed in 179ms,E104,Transaction {tx} completed in {time}ms
35632,2026-01-12,14:25:38,INFO,WebServer,User u4500 login successful,E101,User {user} login successful
35633,2026-01-12,14:44:18,INFO,WebServer,Transaction tx341199 completed in 1884ms,E104,Transaction {tx} completed in {time}ms
35634,2026-01-12,14:29:37,INFO,OrderProcessor,Page view: /home by u3985,E103,Page view: {page} by {user}
35635,2026-01-12,14:18:16,INFO,WebServer,Transaction tx347882 completed in 1733ms,E104,Transaction {tx} completed in {time}ms
35636,2026-01-12,14:52:16,INFO,WebServer,User u4289 login successful,E101,User {user} login successful
35637,2026-01-12,14:07:28,INFO,WebServer,Transaction tx702522 completed in 1165ms,E104,Transaction {tx} completed in {time}ms
35638,2026-01-12,14:37:09,INFO,InventoryDB,Health check passed: InventoryDB,E102,Health check passed: {service}
35639,2026-01-12,14:56:26,CRITICAL,OrderProcessor,DATA CORRUPTION detected in sector 504,E602,DATA CORRUPTION detected in sector {sector}
35640,2026-01-12,14:16:30,INFO,WebServer,User u4643 login successful,E101,User {user} login successful
35641,2026-01-12,14:58:14,INFO,AuthService,Page view: /home by u2916,E103,Page view: {page} by {user}
35642,2026-01-12,14:21:35,INFO,WebServer,Transaction tx455184 completed in 137ms,E104,Transaction {tx} completed in {time}ms
35643,2026-01-12,14:31:24,INFO,OrderProcessor,User u1826 login successful,E101,User {user} login successful
35644,2026-01-12,14:20:56,INFO,AuthService,Transaction tx313272 completed in 24ms,E104,Transaction {tx} completed in {time}ms
35645,2026-01-12,14:55:45,INFO,WebServer,User u4933 login successful,E101,User {user} login successful
35646,2026-01-12,14:14:27,INFO,WebServer,Health check passed: WebServer,E102,Health check passed: {service}
35647,2026-01-12,14:40:18,INFO,WebServer,Transaction tx223376 completed in 313ms,E104,Transaction {tx} completed in {time}ms
35648,2026-01-12,14:12:39,INFO,AuthService,Transaction tx561565 completed in 405ms,E104,Transaction {tx} completed in {time}ms
35649,2026-01-12,14:17:00,INFO,AuthService,Health check passed: AuthService,E102,Health check passed: {service}
35650,2026-01-12,14:58:17,INFO,AuthService,Transaction tx605755 completed in 656ms,E104,Transaction {tx} completed in {time}ms
35651,2026-01-12,14:32:34,INFO,WebServer,Page view: /home by u2889,E103,Page view: {page} by {user}
35652,2026-01-12,14:48:03,INFO,InventoryDB,Transaction tx298332 completed in 333ms,E104,Transaction {tx} completed in {time}ms
35653,2026-01-12,14:47:25,INFO,WebServer,Page view: /home by u2335,E103,Page view: {page} by {user}
35654,2026-01-12,14:57:29,INFO,AuthService,Page view: /home by u2956,E103,Page view: {page} by {user}
35655,2026-01-12,14:20:12,INFO,AuthService,User u4726 login successful,E101,User {user} login successful
35656,2026-01-12,14:38:51,INFO,WebServer,User u1538 login successful,E101,User {user} login successful
35657,2026-01-12,14:02:10,INFO,AuthService,Transaction tx647316 completed in 200ms,E104,Transaction {tx} completed in {time}ms
35658,2026-01-12,14:34:25,INFO,OrderProcessor,Transaction tx841487 completed in 490ms,E104,Transaction {tx} completed in {time}ms
35659,2026-01-12,14:06:29,INFO,WebServer,Health check passed: WebServer,E102,Health check passed: {service}
35660,2026-01-12,14:48:04,INFO,WebServer,Transaction tx244610 completed in 681ms,E104,Transaction {tx} completed in {time}ms
35661,2026-01-12,14:35:22,INFO,WebServer,User u1384 login successful,E101,User {user} login successful
35662,2026-01-12,14:59:27,INFO,OrderProcessor,User u3490 login successful,E101,User {user} login successful
35663,2026-01-12,14:09:23,INFO,WebServer,Page view: /home by u2751,E103,Page view: {page} by {user}
35664,2026-01-12,14:15:42,INFO,InventoryDB,Health check passed: InventoryDB,E102,Health check passed: {service}
35665,2026-01-12,14:39:24,INFO,WebServer,Transaction tx459679 completed in 1272ms,E104,Transaction {tx} completed in {time}ms
35666,2026-01-12,14:58:14,INFO,WebServer,Transaction tx768259 completed in 195ms,E104,Transaction {tx} completed in {time}ms
35667,2026-01-12,14:12:32,INFO,WebServer,Page view: /home by u3420,E103,Page view: {page} by {user}
35668,2026-01-12,14:30:49,INFO,AuthService,User u2115 login successful,E101,User {user} login successful
35669,2026-01-12,14:45:48,INFO,AuthService,Page view: /home by u1488,E103,Page view: {page} by {user}
35670,2026-01-12,14:19:21,INFO,PaymentGateway,Transaction tx349817 completed in 1259ms,E104,Transaction {tx} completed in {time}ms
35671,2026-01-12,14:51:41,INFO,WebServer,User u2994 login successful,E101,User {user} login successful
35672,2026-01-12,14:11:28,INFO,WebServer,Transaction tx762527 completed in 456ms,E104,Transaction {tx} completed in {time}ms
35673,2026-01-12,14:40:56,INFO,WebServer,User u2966 login successful,E101,User {user} login successful
35674,2026-01-12,14:59:39,INFO,AuthService,Transaction tx570689 completed in 30ms,E104,Transaction {tx} completed in {time}ms
35675,2026-01-12,14:47:15,INFO,OrderProcessor,Transaction tx454117 completed in 68ms,E104,Transaction {tx} completed in {time}ms
35676,2026-01-12,14:37:50,INFO,AuthService,Health check passed: AuthService,E102,Health check passed: {service}
35677,2026-01-12,14:02:15,INFO,WebServer,Health check passed: WebServer,E102,Health check passed: {service}
35678,2026-01-12,14:09:40,INFO,OrderProcessor,Page view: /home by u2702,E103,Page view: {page} by {user}
35679,2026-01-12,14:51:40,INFO,OrderProcessor,Transaction tx177308 completed in 141ms,E104,Transaction {tx} completed in {time}ms
35680,2026-01-12,14:36:41,INFO,WebServer,Page view: /home by u4372,E103,Page view: {page} by {user}
35681,2026-01-12,14:26:55,INFO,WebServer,Health check passed: WebServer,E102,Health check passed: {service}
35682,2026-01-12,14:31:41,INFO,WebServer,Page view: /home by u3115,E103,Page view: {page} by {user}
35683,2026-01-12,14:08:30,INFO,AuthService,Health check passed: AuthService,E102,Health check passed: {service}
35684,2026-01-12,14:53:01,INFO,WebServer,Health check passed: WebServer,E102,Health check passed: {service}
35685,2026-01-12,14:10:06,INFO,WebServer,Health check passed: WebServer,E102,Health check passed: {service}
35686,2026-01-12,14:16:26,INFO,AuthService,Transaction tx869954 completed in 650ms,E104,Transaction {tx} completed in {time}ms
35687,2026-01-12,14:54:09,INFO,WebServer,User u2962 login successful,E101,User {user} login successful
35688,2026-01-12,14:47:11,INFO,OrderProcessor,Page view: /home by u4187,E103,Page view: {page} by {user}
35689,2026-01-12,14:31:28,INFO,OrderProcessor,Page view: /home by u3628,E103,Page view: {page} by {user}
35690,2026-01-12,14:41:33,INFO,AuthService,Transaction tx879073 completed in 321ms,E104,Transaction {tx} completed in {time}ms
35691,2026-01-12,14:01:27,INFO,AuthService,User u3053 login successful,E101,User {user} login successful
35692,2026-01-12,14:59:35,INFO,WebServer,Transaction tx646098 completed in 843ms,E104,Transaction {tx} completed in {time}ms
35693,2026-01-12,14:59:54,INFO,WebServer,Health check passed: WebServer,E102,Health check passed: {service}
35694,2026-01-12,14:33:52,INFO,AuthService,Page view: /home by u3868,E103,Page view: {page} by {user}
35695,2026-01-12,14:59:42,INFO,WebServer,Transaction tx579281 completed in 1932ms,E104,Transaction {tx} completed in {time}ms
35696,2026-01-12,14:17:54,INFO,WebServer,User u2976 login successful,E101,User {user} login successful
35697,2026-01-12,14:17:12,INFO,WebServer,Transaction tx316324 completed in 196ms,E104,Transaction {tx} completed in {time}ms
35698,2026-01-12,14:52:39,INFO,AuthService,Page view: /home by u3336,E103,Page view: {page} by {user}
35699,2026-01-12,14:37:51,WARN,AuthService,Unauthorized access attempt from 10.0.0.12,E401,Unauthorized access attempt from {ip}
35700,2026-01-12,14:58:03,INFO,AuthService,Page view: /home by u2350,E103,Page view: {page} by {user}
35701,2026-01-12,14:47:08,INFO,WebServer,Page view: /home by u1766,E103,Page view: {page} by {user}
35702,2026-01-12,14:17:37,INFO,OrderProcessor,User u2514 login successful,E101,User {user} login successful
35703,2026-01-12,14:07:07,INFO,AuthService,Health check passed: AuthService,E102,Health check passed: {service}
35704,2026-01-12,14:47:59,INFO,WebServer,Page view: /home by u2975,E103,Page view: {page} by {user}
35705,2026-01-12,14:05:55,INFO,WebServer,Transaction tx773255 completed in 339ms,E104,Transaction {tx} completed in {time}ms
35706,2026-01-12,14:46:39,INFO,AuthService,Page view: /home by u3579,E103,Page view: {page} by {user}
35707,2026-01-12,14:30:31,INFO,InventoryDB,User u3200 login successful,E101,User {user} login successful
35708,2026-01-12,14:11:13,INFO,WebServer,User u4150 login successful,E101,User {user} login successful
35709,2026-01-12,14:42:27,INFO,OrderProcessor,Transaction tx146472 completed in 1543ms,E104,Transaction {tx} completed in {time}ms
35710,2026-01-12,14:53:43,INFO,OrderProcessor,Transaction tx142682 completed in 1660ms,E104,Transaction {tx} completed in {time}ms
35711,2026-01-12,14:17:55,INFO,PaymentGateway,Transaction tx828356 completed in 1503ms,E104,Transaction {tx} completed in {time}ms
35712,2026-01-12,14:41:30,WARN,InventoryDB,Disk usage > 85% on node node-3,E202,Disk usage > 85% on node {node}
35713,2026-01-12,14:41:58,INFO,WebServer,Page view: /home by u3760,E103,Page view: {page} by {user}
35714,2026-01-12,14:46:04,INFO,WebServer,User u1289 login successful,E101,User {user} login successful
35715,2026-01-12,14:30:16,INFO,WebServer,Health check passed: WebServer,E102,Health check passed: {service}
35716,2026-01-12,14:50:13,INFO,AuthService,Transaction tx583319 completed in 1227ms,E104,Transaction {tx} completed in {time}ms
35717,2026-01-12,14:32:33,INFO,AuthService,Health check passed: AuthService,E102,Health check passed: {service}
35718,2026-01-12,14:12:44,INFO,OrderProcessor,Health check passed: OrderProcessor,E102,Health check passed: {service}
35719,2026-01-12,14:58:44,INFO,WebServer,Health check passed: WebServer,E102,Health check passed: {service}
35720,2026-01-12,14:11:58,INFO,AuthService,Page view: /home by u3957,E103,Page view: {page} by {user}
35721,2026-01-12,14:21:17,INFO,WebServer,Transaction tx977857 completed in 1911ms,E104,Transaction {tx} completed in {time}ms
35722,2026-01-12,14:56:40,INFO,WebServer,User u3737 login successful,E101,User {user} login successful
35723,2026-01-12,14:35:28,INFO,WebServer,Transaction tx234550 completed in 478ms,E104,Transaction {tx} completed in {time}ms
35724,2026-01-12,14:22:43,INFO,WebServer,User u1600 login successful,E101,User {user} login successful
35725,2026-01-12,14:02:06,INFO,WebServer,Page view: /home by u2689,E103,Page view: {page} by {user}
35726,2026-01-12,14:28:22,WARN,OrderProcessor,High latency (1578ms) detected on OrderProcessor,E201,High latency ({time}ms) detected on {service}
35727,2026-01-12,14:44:07,INFO,WebServer,Transaction tx378959 completed in 1756ms,E104,Transaction {tx} completed in {time}ms
35728,2026-01-12,14:28:26,CRITICAL,WebServer,KERNEL PANIC: Node node-2 crashed,E601,KERNEL PANIC: Node {node} crashed
35729,2026-01-12,14:05:00,INFO,WebServer,Transaction tx232543 completed in 1649ms,E104,Transaction {tx} completed in {time}ms
35730,2026-01-12,14:58:55,INFO,AuthService,Page view: /home by u1334,E103,Page view: {page} by {user}
35731,2026-01-12,14:58:17,INFO,OrderProcessor,Transaction tx833404 completed in 1189ms,E104,Transaction {tx} completed in {time}ms
35732,2026-01-12,14:40:44,INFO,WebServer,Page view: /home by u1148,E103,Page view: {page} by {user}
35733,2026-01-12,14:27:38,INFO,WebServer,Health check passed: WebServer,E102,Health check passed: {service}
35734,2026-01-12,14:28:46,INFO,PaymentGateway,User u4156 login successful,E101,User {user} login successful
35735,2026-01-12,14:49:11,INFO,WebServer,Transaction tx819421 completed in 1467ms,E104,Transaction {tx} completed in {time}ms
35736,2026-01-12,14:52:17,INFO,WebServer,User u2346 login successful,E101,User {user} login successful
35737,2026-01-12,14:22:34,INFO,AuthService,Page view: /home by u1253,E103,Page view: {page} by {user}
35738,2026-01-12,14:56:27,INFO,WebServer,Health check passed: WebServer,E102,Health check passed: {service}
35739,2026-01-12,14:52:58,INFO,PaymentGateway,Health check passed: PaymentGateway,E102,Health check passed: {service}
35740,2026-01-12,14:19:01,INFO,InventoryDB,User u3643 login successful,E101,User {user} login successful
35741,2026-01-12,14:24:01,INFO,WebServer,Health check passed: WebServer,E102,Health check passed: {service}
35742,2026-01-12,14:32:28,INFO,AuthService,User u1976 login successful,E101,User {user} login successful
35743,2026-01-12,14:44:53,INFO,WebServer,Transaction tx221902 completed in 1396ms,E104,Transaction {tx} completed in {time}ms
35744,2026-01-12,14:23:37,CRITICAL,AuthService,DATA CORRUPTION detected in sector 207,E602,DATA CORRUPTION detected in sector {sector}
35745,2026-01-12,14:45:55,INFO,OrderProcessor,User u2618 login successful,E101,User {user} login successful
35746,2026-01-12,14:01:24,INFO,WebServer,Health check passed: WebServer,E102,Health check passed: {service}
35747,2026-01-12,14:20:34,INFO,AuthService,Page view: /home by u3499,E103,Page view: {page} by {user}
35748,2026-01-12,14:05:10,INFO,PaymentGateway,Health check passed: PaymentGateway,E102,Health check passed: {service}
35749,2026-01-12,14:20:32,INFO,WebServer,Transaction tx876510 completed in 246ms,E104,Transaction {tx} completed in {time}ms
35750,2026-01-12,14:04:13,INFO,PaymentGateway,Health check passed: PaymentGateway,E102,Health check passed: {service}
35751,2026-01-12,14:18:00,INFO,AuthService,Health check passed: AuthService,E102,Health check passed: {service}
35752,2026-01-12,14:46:07,WARN,OrderProcessor,Disk usage > 85% on node node-1,E202,Disk usage > 85% on node {node}
35753,2026-01-12,14:29:17,INFO,AuthService,Page view: /home by u4318,E103,Page view: {page} by {user}
35754,2026-01-12,14:12:53,INFO,OrderProcessor,Transaction tx998657 completed in 1237ms,E104,Transaction {tx} completed in {time}ms
35755,2026-01-12,14:03:09,INFO,WebServer,Health check passed: WebServer,E102,Health check passed: {service}
35756,2026-01-12,14:14:13,INFO,OrderProcessor,Health check passed: OrderProcessor,E102,Health check passed: {service}
35757,2026-01-12,14:38:49,INFO,WebServer,Page view: /home by u1923,E103,Page view: {page} by {user}
35758,2026-01-12,14:52:32,INFO,OrderProcessor,User u3782 login successful,E101,User {user} login successful
35759,2026-01-12,14:54:38,INFO,WebServer,User u1958 login successful,E101,User {user} login successful
35760,2026-01-12,14:51:38,INFO,AuthService,User u1550 login successful,E101,User {user} login successful
35761,2026-01-12,14:51:21,INFO,AuthService,Transaction tx596625 completed in 1440ms,E104,Transaction {tx} completed in {time}ms
35762,2026-01-12,14:54:59,INFO,InventoryDB,Transaction tx460633 completed in 444ms,E104,Transaction {tx} completed in {time}ms
35763,2026-01-12,14:40:44,INFO,WebServer,Page view: /home by u1092,E103,Page view: {page} by {user}
35764,2026-01-12,14:53:04,INFO,AuthService,Page view: /home by u1101,E103,Page view: {page} by {user}
35765,2026-01-12,14:08:11,INFO,WebServer,Health check passed: WebServer,E102,Health check passed: {service}
35766,2026-01-12,14:28:47,INFO,AuthService,Transaction tx187429 completed in 167ms,E104,Transaction {tx} completed in {time}ms
35767,2026-01-12,14:05:51,INFO,WebServer,Transaction tx840172 completed in 1280ms,E104,Transaction {tx} completed in {time}ms
35768,2026-01-12,14:56:22,INFO,WebServer,Transaction tx841089 completed in 1448ms,E104,Transaction {tx} completed in {time}ms
35769,2026-01-12,14:06:50,WARN,AuthService,High latency (827ms) detected on AuthService,E201,High latency ({time}ms) detected on {service}
35770,2026-01-12,14:02:28,INFO,AuthService,Health check passed: AuthService,E102,Health check passed: {service}
35771,2026-01-12,14:50:19,INFO,PaymentGateway,Page view: /home by u4724,E103,Page view: {page} by {user}
35772,2026-01-12,14:38:37,INFO,PaymentGateway,Page view: /home by u4369,E103,Page view: {page} by {user}
35773,2026-01-12,14:17:47,INFO,PaymentGateway,Page view: /home by u1551,E103,Page view: {page} by {user}
35774,2026-01-12,14:48:03,INFO,PaymentGateway,Health check passed: PaymentGateway,E102,Health check passed: {service}
35775,2026-01-12,14:18:27,INFO,WebServer,Page view: /home by u2367,E103,Page view: {page} by {user}
35776,2026-01-12,14:45:59,INFO,WebServer,Health check passed: WebServer,E102,Health check passed: {service}
35777,2026-01-12,14:34:05,INFO,WebServer,User u3166 login successful,E101,User {user} login successful
35778,2026-01-12,14:44:19,INFO,WebServer,Page view: /home by u1526,E103,Page view: {page} by {user}
35779,2026-01-12,14:23:39,INFO,WebServer,Transaction tx615120 completed in 567ms,E104,Transaction {tx} completed in {time}ms
35780,2026-01-12,14:46:41,INFO,AuthService,Health check passed: AuthService,E102,Health check passed: {service}
35781,2026-01-12,14:36:47,INFO,WebServer,Health check passed: WebServer,E102,Health check passed: {service}
35782,2026-01-12,14:29:06,INFO,PaymentGateway,Transaction tx245793 completed in 199ms,E104,Transaction {tx} completed in {time}ms
35783,2026-01-12,14:18:51,INFO,WebServer,Transaction tx988398 completed in 1467ms,E104,Transaction {tx} completed in {time}ms
35784,2026-01-12,14:50:06,WARN,WebServer,High latency (1454ms) detected on WebServer,E201,High latency ({time}ms) detected on {service}
35785,2026-01-12,14:50:52,INFO,AuthService,Page view: /home by u3081,E103,Page view: {page} by {user}
35786,2026-01-12,14:00:07,INFO,OrderProcessor,Transaction tx901784 completed in 992ms,E104,Transaction {tx} completed in {time}ms
35787,2026-01-12,14:55:16,INFO,WebServer,Transaction tx458562 completed in 1657ms,E104,Transaction {tx} completed in {time}ms
35788,2026-01-12,14:22:27,INFO,WebServer,Transaction tx540792 completed in 1471ms,E104,Transaction {tx} completed in {time}ms
35789,2026-01-12,14:20:21,INFO,OrderProcessor,Transaction tx824937 completed in 163ms,E104,Transaction {tx} completed in {time}ms
35790,2026-01-12,14:48:09,INFO,WebServer,Health check passed: WebServer,E102,Health check passed: {service}
35791,2026-01-12,14:32:51,INFO,PaymentGateway,Health check passed: PaymentGateway,E102,Health check passed: {service}
35792,2026-01-12,14:38:33,INFO,WebServer,Page view: /home by u4205,E103,Page view: {page} by {user}
35793,2026-01-12,14:33:14,INFO,AuthService,User u2962 login successful,E101,User {user} login successful
35794,2026-01-12,14:35:46,INFO,WebServer,Transaction tx556698 completed in 176ms,E104,Transaction {tx} completed in {time}ms
35795,2026-01-12,14:09:22,INFO,WebServer,User u4364 login successful,E101,User {user} login successful
35796,2026-01-12,14:52:26,INFO,AuthService,Page view: /home by u4767,E103,Page view: {page} by {user}
35797,2026-01-12,14:36:02,INFO,OrderProcessor,User u1239 login successful,E101,User {user} login successful
35798,2026-01-12,14:01:39,INFO,PaymentGateway,User u3332 login successful,E101,User {user} login successful
35799,2026-01-12,14:45:39,INFO,WebServer,Health check passed: WebServer,E102,Health check passed: {service}
35800,2026-01-12,14:58:58,INFO,AuthService,User u1896 login successful,E101,User {user} login successful
35801,2026-01-12,14:35:06,INFO,WebServer,User u3031 login successful,E101,User {user} login successful
35802,2026-01-12,14:20:28,INFO,WebServer,Health check passed: WebServer,E102,Health check passed: {service}
35803,2026-01-12,14:58:29,INFO,WebServer,User u1602 login successful,E101,User {user} login successful
35804,2026-01-12,14:15:00,INFO,InventoryDB,Page view: /home by u3776,E103,Page view: {page} by {user}
35805,2026-01-12,14:37:54,INFO,OrderProcessor,Page view: /home by u3398,E103,Page view: {page} by {user}
35806,2026-01-12,14:45:32,INFO,WebServer,Health check passed: WebServer,E102,Health check passed: {service}
35807,2026-01-12,14:46:23,INFO,AuthService,Health check passed: AuthService,E102,Health check passed: {service}
35808,2026-01-12,14:03:49,INFO,AuthService,Health check passed: AuthService,E102,Health check passed: {service}
35809,2026-01-12,14:49:28,INFO,AuthService,Health check passed: AuthService,E102,Health check passed: {service}
35810,2026-01-12,14:55:04,WARN,PaymentGateway,High latency (304ms) detected on PaymentGateway,E201,High latency ({time}ms) detected on {service}
35811,2026-01-12,14:02:45,INFO,OrderProcessor,Transaction tx451267 completed in 753ms,E104,Transaction {tx} completed in {time}ms
35812,2026-01-12,14:56:19,INFO,WebServer,Transaction tx864235 completed in 467ms,E104,Transaction {tx} completed in {time}ms
35813,2026-01-12,14:26:04,INFO,InventoryDB,Page view: /home by u1432,E103,Page view: {page} by {user}
35814,2026-01-12,14:10:34,INFO,WebServer,User u1194 login successful,E101,User {user} login successful
35815,2026-01-12,14:03:31,INFO,OrderProcessor,User u3054 login successful,E101,User {user} login successful
35816,2026-01-12,14:02:14,WARN,PaymentGateway,High latency (480ms) detected on PaymentGateway,E201,High latency ({time}ms) detected on {service}
35817,2026-01-12,14:41:12,WARN,InventoryDB,Unauthorized access attempt from 10.0.0.45,E401,Unauthorized access attempt from {ip}
35818,2026-01-12,14:29:58,INFO,WebServer,Page view: /home by u1105,E103,Page view: {page} by {user}
35819,2026-01-12,14:52:45,INFO,WebServer,Transaction tx650039 completed in 909ms,E104,Transaction {tx} completed in {time}ms
35820,2026-01-12,14:16:04,INFO,WebServer,Page view: /home by u2747,E103,Page view: {page} by {user}
35821,2026-01-12,14:22:49,INFO,WebServer,Transaction tx275750 completed in 389ms,E104,Transaction {tx} completed in {time}ms
35822,2026-01-12,14:36:19,INFO,WebServer,Page view: /home by u2018,E103,Page view: {page} by {user}
35823,2026-01-12,14:18:28,INFO,OrderProcessor,Health check passed: OrderProcessor,E102,Health check passed: {service}
35824,2026-01-12,14:24:27,WARN,WebServer,Disk usage > 85% on node node-5,E202,Disk usage > 85% on node {node}
35825,2026-01-12,14:36:45,ERROR,PaymentGateway,Connection refused to PaymentGateway at 10.0.0.45,E501,Connection refused to {service} at {ip}
35826,2026-01-12,14:25:55,INFO,InventoryDB,Health check passed: InventoryDB,E102,Health check passed: {service}
35827,2026-01-12,14:37:36,INFO,WebServer,Health check passed: WebServer,E102,Health check passed: {service}
35828,2026-01-12,14:34:03,INFO,WebServer,Health check passed: WebServer,E102,Health check passed: {service}
35829,2026-01-12,14:53:15,WARN,OrderProcessor,Unauthorized access attempt from 10.0.0.45,E401,Unauthorized access attempt from {ip}
35830,2026-01-12,14:11:54,INFO,InventoryDB,Transaction tx186922 completed in 1762ms,E104,Transaction {tx} completed in {time}ms
35831,2026-01-12,14:39:30,INFO,WebServer,Transaction tx685622 completed in 272ms,E104,Transaction {tx} completed in {time}ms
35832,2026-01-12,14:43:16,INFO,WebServer,Page view: /home by u2618,E103,Page view: {page} by {user}
35833,2026-01-12,14:19:01,INFO,AuthService,User u4413 login successful,E101,User {user} login successful
35834,2026-01-12,14:41:31,INFO,OrderProcessor,Transaction tx418506 completed in 1492ms,E104,Transaction {tx} completed in {time}ms
35835,2026-01-12,14:20:18,INFO,WebServer,Page view: /home by u4712,E103,Page view: {page} by {user}
35836,2026-01-12,14:43:03,INFO,PaymentGateway,Health check passed: PaymentGateway,E102,Health check passed: {service}
35837,2026-01-12,14:26:09,INFO,WebServer,Health check passed: WebServer,E102,Health check passed: {service}
35838,2026-01-12,14:41:36,INFO,AuthService,Health check passed: AuthService,E102,Health check passed: {service}
35839,2026-01-12,14:02:44,INFO,AuthService,Health check passed: AuthService,E102,Health check passed: {service}
35840,2026-01-12,14:38:01,INFO,OrderProcessor,Page view: /home by u2079,E103,Page view: {page} by {user}
35841,2026-01-12,14:39:14,INFO,WebServer,Health check passed: WebServer,E102,Health check passed: {service}
35842,2026-01-12,14:09:29,INFO,WebServer,User u4860 login successful,E101,User {user} login successful
35843,2026-01-12,14:56:21,INFO,WebServer,Transaction tx720763 completed in 1769ms,E104,Transaction {tx} completed in {time}ms
35844,2026-01-12,14:47:22,INFO,PaymentGateway,Page view: /home by u1691,E103,Page view: {page} by {user}
35845,2026-01-12,14:21:51,INFO,WebServer,User u1109 login successful,E101,User {user} login successful
35846,2026-01-12,14:04:14,INFO,WebServer,Page view: /home by u3952,E103,Page view: {page} by {user}
35847,2026-01-12,14:19:00,INFO,WebServer,User u1230 login successful,E101,User {user} login successful
35848,2026-01-12,14:58:35,INFO,WebServer,Health check passed: WebServer,E102,Health check passed: {service}
35849,2026-01-12,14:42:12,INFO,AuthService,Health check passed: AuthService,E102,Health check passed: {service}
35850,2026-01-12,14:29:10,WARN,WebServer,Unauthorized access attempt from 10.0.0.45,E401,Unauthorized access attempt from {ip}
35851,2026-01-12,14:30:02,INFO,PaymentGateway,Page view: /home by u2297,E103,Page view: {page} by {user}
35852,2026-01-12,14:04:40,INFO,WebServer,Page view: /home by u1904,E103,Page view: {page} by {user}
35853,2026-01-12,14:47:15,INFO,WebServer,Transaction tx511758 completed in 292ms,E104,Transaction {tx} completed in {time}ms
35854,2026-01-12,14:32:45,INFO,InventoryDB,Page view: /home by u2071,E103,Page view: {page} by {user}
35855,2026-01-12,14:31:42,INFO,WebServer,User u2811 login successful,E101,User {user} login successful
35856,2026-01-12,14:33:30,INFO,WebServer,Transaction tx272428 completed in 204ms,E104,Transaction {tx} completed in {time}ms
35857,2026-01-12,14:47:17,INFO,WebServer,Health check passed: WebServer,E102,Health check passed: {service}
35858,2026-01-12,14:18:27,INFO,AuthService,User u4668 login successful,E101,User {user} login successful
35859,2026-01-12,14:05:17,WARN,WebServer,Disk usage > 85% on node node-1,E202,Disk usage > 85% on node {node}
35860,2026-01-12,14:14:52,INFO,AuthService,User u3176 login successful,E101,User {user} login successful
35861,2026-01-12,14:58:19,INFO,WebServer,Page view: /home by u3091,E103,Page view: {page} by {user}
35862,2026-01-12,14:09:57,INFO,AuthService,Page view: /home by u4970,E103,Page view: {page} by {user}
35863,2026-01-12,14:07:18,INFO,OrderProcessor,Health check passed: OrderProcessor,E102,Health check passed: {service}
35864,2026-01-12,14:57:57,INFO,WebServer,User u4086 login successful,E101,User {user} login successful
35865,2026-01-12,14:43:46,INFO,OrderProcessor,Transaction tx873149 completed in 744ms,E104,Transaction {tx} completed in {time}ms
35866,2026-01-12,14:53:50,INFO,AuthService,Page view: /home by u1684,E103,Page view: {page} by {user}
35867,2026-01-12,14:00:52,INFO,WebServer,Health check passed: WebServer,E102,Health check passed: {service}
35868,2026-01-12,14:50:44,INFO,WebServer,Page view: /home by u1180,E103,Page view: {page} by {user}
35869,2026-01-12,14:35:43,INFO,InventoryDB,Page view: /home by u4126,E103,Page view: {page} by {user}
35870,2026-01-12,14:38:07,INFO,WebServer,Page view: /home by u3016,E103,Page view: {page} by {user}
35871,2026-01-12,14:57:56,INFO,WebServer,Page view: /home by u1596,E103,Page view: {page} by {user}
35872,2026-01-12,14:47:50,INFO,OrderProcessor,Health check passed: OrderProcessor,E102,Health check passed: {service}
35873,2026-01-12,14:07:51,INFO,WebServer,User u4990 login successful,E101,User {user} login successful
35874,2026-01-12,14:24:39,INFO,WebServer,User u2086 login successful,E101,User {user} login successful
35875,2026-01-12,14:06:23,INFO,AuthService,Page view: /home by u2791,E103,Page view: {page} by {user}
35876,2026-01-12,14:53:31,INFO,AuthService,Page view: /home by u2034,E103,Page view: {page} by {user}
35877,2026-01-12,14:29:44,INFO,AuthService,Transaction tx374564 completed in 1353ms,E104,Transaction {tx} completed in {time}ms
35878,2026-01-12,14:09:56,INFO,WebServer,Page view: /home by u4700,E103,Page view: {page} by {user}
35879,2026-01-12,14:56:34,INFO,OrderProcessor,Transaction tx129743 completed in 248ms,E104,Transaction {tx} completed in {time}ms
35880,2026-01-12,14:12:27,INFO,WebServer,Transaction tx541579 completed in 628ms,E104,Transaction {tx} completed in {time}ms
35881,2026-01-12,14:30:12,INFO,OrderProcessor,Transaction tx644454 completed in 1099ms,E104,Transaction {tx} completed in {time}ms
35882,2026-01-12,14:45:40,INFO,OrderProcessor,Page view: /home by u4462,E103,Page view: {page} by {user}
35883,2026-01-12,14:12:39,INFO,AuthService,Transaction tx933951 completed in 603ms,E104,Transaction {tx} completed in {time}ms
35884,2026-01-12,14:09:37,INFO,OrderProcessor,Page view: /home by u3026,E103,Page view: {page} by {user}
35885,2026-01-12,14:13:24,INFO,PaymentGateway,Health check passed: PaymentGateway,E102,Health check passed: {service}
35886,2026-01-12,14:03:30,INFO,WebServer,User u4451 login successful,E101,User {user} login successful
35887,2026-01-12,14:39:17,INFO,InventoryDB,Page view: /home by u1261,E103,Page view: {page} by {user}
35888,2026-01-12,14:04:48,INFO,WebServer,Transaction tx533884 completed in 271ms,E104,Transaction {tx} completed in {time}ms
35889,2026-01-12,14:55:49,INFO,InventoryDB,Page view: /home by u1177,E103,Page view: {page} by {user}
35890,2026-01-12,14:51:11,INFO,OrderProcessor,Transaction tx332915 completed in 1309ms,E104,Transaction {tx} completed in {time}ms
35891,2026-01-12,14:36:48,INFO,PaymentGateway,Health check passed: PaymentGateway,E102,Health check passed: {service}
35892,2026-01-12,14:13:46,INFO,WebServer,User u1136 login successful,E101,User {user} login successful
35893,2026-01-12,14:32:10,INFO,AuthService,Page view: /home by u4389,E103,Page view: {page} by {user}
35894,2026-01-12,14:18:43,INFO,AuthService,User u2936 login successful,E101,User {user} login successful
35895,2026-01-12,14:02:48,INFO,WebServer,Page view: /home by u3040,E103,Page view: {page} by {user}
35896,2026-01-12,14:22:11,INFO,WebServer,User u3879 login successful,E101,User {user} login successful
35897,2026-01-12,14:28:02,INFO,WebServer,Page view: /home by u1277,E103,Page view: {page} by {user}
35898,2026-01-12,14:44:06,INFO,AuthService,Page view: /home by u3864,E103,Page view: {page} by {user}
35899,2026-01-12,14:56:02,INFO,InventoryDB,Transaction tx104554 completed in 335ms,E104,Transaction {tx} completed in {time}ms
35900,2026-01-12,14:10:07,INFO,PaymentGateway,Health check passed: PaymentGateway,E102,Health check passed: {service}
35901,2026-01-12,14:53:05,INFO,WebServer,Page view: /home by u4555,E103,Page view: {page} by {user}
35902,2026-01-12,14:07:49,INFO,WebServer,Health check passed: WebServer,E102,Health check passed: {service}
35903,2026-01-12,14:29:17,INFO,WebServer,User u3501 login successful,E101,User {user} login successful
35904,2026-01-12,14:19:20,INFO,WebServer,Page view: /home by u3566,E103,Page view: {page} by {user}
35905,2026-01-12,14:02:28,WARN,OrderProcessor,High latency (677ms) detected on OrderProcessor,E201,High latency ({time}ms) detected on {service}
35906,2026-01-12,14:31:45,INFO,OrderProcessor,User u2916 login successful,E101,User {user} login successful
35907,2026-01-12,14:27:21,INFO,OrderProcessor,User u3983 login successful,E101,User {user} login successful
35908,2026-01-12,14:07:51,INFO,WebServer,Page view: /home by u1476,E103,Page view: {page} by {user}
35909,2026-01-12,14:45:05,INFO,AuthService,Health check passed: AuthService,E102,Health check passed: {service}
35910,2026-01-12,14:13:41,INFO,WebServer,User u3974 login successful,E101,User {user} login successful
35911,2026-01-12,14:49:07,INFO,OrderProcessor,Transaction tx199529 completed in 566ms,E104,Transaction {tx} completed in {time}ms
35912,2026-01-12,14:26:03,INFO,OrderProcessor,User u4650 login successful,E101,User {user} login successful
35913,2026-01-12,14:14:06,INFO,WebServer,Health check passed: WebServer,E102,Health check passed: {service}
35914,2026-01-12,14:49:45,INFO,WebServer,Transaction tx451914 completed in 780ms,E104,Transaction {tx} completed in {time}ms
35915,2026-01-12,14:22:54,INFO,WebServer,Page view: /home by u4983,E103,Page view: {page} by {user}
35916,2026-01-12,14:00:16,INFO,AuthService,Transaction tx753586 completed in 164ms,E104,Transaction {tx} completed in {time}ms
35917,2026-01-12,14:54:12,INFO,WebServer,Health check passed: WebServer,E102,Health check passed: {service}
35918,2026-01-12,14:29:05,INFO,OrderProcessor,Health check passed: OrderProcessor,E102,Health check passed: {service}
35919,2026-01-12,14:47:49,INFO,AuthService,Transaction tx926892 completed in 605ms,E104,Transaction {tx} completed in {time}ms
35920,2026-01-12,14:18:18,INFO,InventoryDB,Page view: /home by u2591,E103,Page view: {page} by {user}
35921,2026-01-12,14:46:54,INFO,WebServer,Page view: /home by u4192,E103,Page view: {page} by {user}
35922,2026-01-12,14:45:49,INFO,PaymentGateway,Page view: /home by u1056,E103,Page view: {page} by {user}
35923,2026-01-12,14:00:52,INFO,WebServer,Transaction tx439444 completed in 1267ms,E104,Transaction {tx} completed in {time}ms
35924,2026-01-12,14:07:24,INFO,AuthService,Transaction tx363904 completed in 1904ms,E104,Transaction {tx} completed in {time}ms
35925,2026-01-12,14:27:08,INFO,OrderProcessor,Transaction tx163775 completed in 1112ms,E104,Transaction {tx} completed in {time}ms
35926,2026-01-12,14:30:00,INFO,InventoryDB,Page view: /home by u3113,E103,Page view: {page} by {user}
35927,2026-01-12,14:50:23,INFO,WebServer,Transaction tx596764 completed in 1578ms,E104,Transaction {tx} completed in {time}ms
35928,2026-01-12,14:50:18,INFO,OrderProcessor,Page view: /home by u4993,E103,Page view: {page} by {user}
35929,2026-01-12,14:51:44,INFO,WebServer,Page view: /home by u4248,E103,Page view: {page} by {user}
35930,2026-01-12,14:03:42,ERROR,WebServer,Payment declined: Gateway unavailable,E503,Payment declined: Gateway unavailable
35931,2026-01-12,14:07:27,INFO,OrderProcessor,Page view: /home by u3790,E103,Page view: {page} by {user}
35932,2026-01-12,14:30:23,INFO,OrderProcessor,Page view: /home by u3740,E103,Page view: {page} by {user}
35933,2026-01-12,14:43:03,INFO,WebServer,Page view: /home by u4617,E103,Page view: {page} by {user}
35934,2026-01-12,14:10:44,INFO,AuthService,User u1168 login successful,E101,User {user} login successful
35935,2026-01-12,14:57:39,INFO,OrderProcessor,Page view: /home by u2299,E103,Page view: {page} by {user}
35936,2026-01-12,14:38:17,INFO,PaymentGateway,Health check passed: PaymentGateway,E102,Health check passed: {service}
35937,2026-01-12,14:09:07,INFO,AuthService,Health check passed: AuthService,E102,Health check passed: {service}
35938,2026-01-12,14:57:09,INFO,AuthService,Transaction tx911373 completed in 66ms,E104,Transaction {tx} completed in {time}ms
35939,2026-01-12,14:19:04,INFO,OrderProcessor,Transaction tx610742 completed in 634ms,E104,Transaction {tx} completed in {time}ms
35940,2026-01-12,14:39:59,INFO,WebServer,Health check passed: WebServer,E102,Health check passed: {service}
35941,2026-01-12,14:32:59,INFO,WebServer,Health check passed: WebServer,E102,Health check passed: {service}
35942,2026-01-12,14:12:05,INFO,WebServer,Page view: /home by u3589,E103,Page view: {page} by {user}
35943,2026-01-12,14:49:13,INFO,OrderProcessor,Transaction tx194438 completed in 1914ms,E104,Transaction {tx} completed in {time}ms
35944,2026-01-12,14:37:18,INFO,AuthService,Page view: /home by u2414,E103,Page view: {page} by {user}
35945,2026-01-12,14:45:24,INFO,WebServer,Page view: /home by u3710,E103,Page view: {page} by {user}
35946,2026-01-12,14:12:18,INFO,WebServer,Transaction tx448544 completed in 710ms,E104,Transaction {tx} completed in {time}ms
35947,2026-01-12,14:45:47,INFO,WebServer,Health check passed: WebServer,E102,Health check passed: {service}
35948,2026-01-12,14:55:26,INFO,WebServer,Transaction tx504702 completed in 150ms,E104,Transaction {tx} completed in {time}ms
35949,2026-01-12,14:13:42,INFO,OrderProcessor,Health check passed: OrderProcessor,E102,Health check passed: {service}
35950,2026-01-12,14:23:17,INFO,PaymentGateway,Transaction tx392957 completed in 1630ms,E104,Transaction {tx} completed in {time}ms
35951,2026-01-12,14:12:13,INFO,OrderProcessor,Health check passed: OrderProcessor,E102,Health check passed: {service}
35952,2026-01-12,14:20:48,INFO,WebServer,Transaction tx757959 completed in 392ms,E104,Transaction {tx} completed in {time}ms
35953,2026-01-12,14:16:16,WARN,WebServer,Unauthorized access attempt from 10.0.0.12,E401,Unauthorized access attempt from {ip}
35954,2026-01-12,14:36:32,INFO,WebServer,Transaction tx863772 completed in 1862ms,E104,Transaction {tx} completed in {time}ms
35955,2026-01-12,14:51:05,INFO,AuthService,Health check passed: AuthService,E102,Health check passed: {service}
35956,2026-01-12,14:48:31,WARN,PaymentGateway,Unauthorized access attempt from 10.0.0.45,E401,Unauthorized access attempt from {ip}
35957,2026-01-12,14:50:43,INFO,WebServer,Transaction tx189953 completed in 939ms,E104,Transaction {tx} completed in {time}ms
35958,2026-01-12,14:38:16,INFO,WebServer,Transaction tx397638 completed in 1400ms,E104,Transaction {tx} completed in {time}ms
35959,2026-01-12,14:23:20,INFO,AuthService,User u1606 login successful,E101,User {user} login successful
35960,2026-01-12,14:33:14,WARN,WebServer,Disk usage > 85% on node node-5,E202,Disk usage > 85% on node {node}
35961,2026-01-12,14:27:31,INFO,PaymentGateway,Health check passed: PaymentGateway,E102,Health check passed: {service}
35962,2026-01-12,14:52:54,INFO,OrderProcessor,Transaction tx337750 completed in 208ms,E104,Transaction {tx} completed in {time}ms
35963,2026-01-12,14:10:11,INFO,WebServer,Transaction tx942244 completed in 1161ms,E104,Transaction {tx} completed in {time}ms
35964,2026-01-12,14:05:41,INFO,OrderProcessor,Health check passed: OrderProcessor,E102,Health check passed: {service}
35965,2026-01-12,14:01:01,INFO,AuthService,Page view: /home by u2848,E103,Page view: {page} by {user}
35966,2026-01-12,14:16:55,INFO,AuthService,User u1990 login successful,E101,User {user} login successful
35967,2026-01-12,14:09:51,INFO,OrderProcessor,Page view: /home by u4514,E103,Page view: {page} by {user}
35968,2026-01-12,14:27:42,INFO,WebServer,Health check passed: WebServer,E102,Health check passed: {service}
35969,2026-01-12,14:25:16,INFO,PaymentGateway,Health check passed: PaymentGateway,E102,Health check passed: {service}
35970,2026-01-12,14:07:33,INFO,WebServer,Page view: /home by u2568,E103,Page view: {page} by {user}
35971,2026-01-12,14:38:48,WARN,WebServer,Unauthorized access attempt from 10.0.0.12,E401,Unauthorized access attempt from {ip}
35972,2026-01-12,14:51:01,INFO,WebServer,Health check passed: WebServer,E102,Health check passed: {service}
35973,2026-01-12,14:25:29,INFO,WebServer,Transaction tx900777 completed in 906ms,E104,Transaction {tx} completed in {time}ms
35974,2026-01-12,14:33:03,INFO,AuthService,Health check passed: AuthService,E102,Health check passed: {service}
35975,2026-01-12,14:02:45,INFO,OrderProcessor,Page view: /home by u4255,E103,Page view: {page} by {user}
35976,2026-01-12,14:02:23,INFO,WebServer,User u2990 login successful,E101,User {user} login successful
35977,2026-01-12,14:14:31,INFO,WebServer,Health check passed: WebServer,E102,Health check passed: {service}
35978,2026-01-12,14:15:51,INFO,AuthService,Health check passed: AuthService,E102,Health check passed: {service}
35979,2026-01-12,14:27:31,INFO,PaymentGateway,Page view: /home by u1245,E103,Page view: {page} by {user}
35980,2026-01-12,14:26:33,INFO,WebServer,Transaction tx792717 completed in 866ms,E104,Transaction {tx} completed in {time}ms
35981,2026-01-12,14:26:23,INFO,OrderProcessor,Page view: /home by u1605,E103,Page view: {page} by {user}
35982,2026-01-12,14:46:04,INFO,OrderProcessor,Health check passed: OrderProcessor,E102,Health check passed: {service}
35983,2026-01-12,14:11:40,INFO,WebServer,Transaction tx994537 completed in 1415ms,E104,Transaction {tx} completed in {time}ms
35984,2026-01-12,14:20:33,WARN,AuthService,Disk usage > 85% on node node-3,E202,Disk usage > 85% on node {node}
35985,2026-01-12,14:51:23,INFO,WebServer,Page view: /home by u3041,E103,Page view: {page} by {user}
35986,2026-01-12,14:23:24,INFO,AuthService,Page view: /home by u3357,E103,Page view: {page} by {user}
35987,2026-01-12,14:50:34,INFO,WebServer,Page view: /home by u1665,E103,Page view: {page} by {user}
35988,2026-01-12,14:27:10,INFO,WebServer,Health check passed: WebServer,E102,Health check passed: {service}
35989,2026-01-12,14:51:29,INFO,WebServer,Health check passed: WebServer,E102,Health check passed: {service}
35990,2026-01-12,14:32:19,INFO,AuthService,Health check passed: AuthService,E102,Health check passed: {service}
35991,2026-01-12,14:45:52,INFO,WebServer,User u4219 login successful,E101,User {user} login successful
35992,2026-01-12,14:40:49,INFO,PaymentGateway,Page view: /home by u2797,E103,Page view: {page} by {user}
35993,2026-01-12,14:24:19,INFO,OrderProcessor,Transaction tx732139 completed in 735ms,E104,Transaction {tx} completed in {time}ms
35994,2026-01-12,14:55:39,INFO,PaymentGateway,Health check passed: PaymentGateway,E102,Health check passed: {service}
35995,2026-01-12,14:34:36,INFO,OrderProcessor,User u3491 login successful,E101,User {user} login successful
35996,2026-01-12,14:31:49,INFO,WebServer,User u3251 login successful,E101,User {user} login successful
35997,2026-01-12,14:23:20,INFO,WebServer,User u4381 login successful,E101,User {user} login successful
35998,2026-01-12,14:27:21,INFO,PaymentGateway,User u3499 login successful,E101,User {user} login successful
35999,2026-01-12,14:20:26,INFO,WebServer,Health check passed: WebServer,E102,Health check passed: {service}
36000,2026-01-12,14:49:27,WARN,WebServer,High latency (997ms) detected on WebServer,E201,High latency ({time}ms) detected on {service}
36001,2026-01-12,14:17:49,INFO,AuthService,Health check passed: AuthService,E102,Health check passed: {service}
36002,2026-01-12,14:56:04,INFO,InventoryDB,User u2737 login successful,E101,User {user} login successful
36003,2026-01-12,14:36:23,INFO,WebServer,Transaction tx699190 completed in 112ms,E104,Transaction {tx} completed in {time}ms
36004,2026-01-12,14:25:40,INFO,AuthService,Transaction tx907892 completed in 824ms,E104,Transaction {tx} completed in {time}ms
36005,2026-01-12,14:14:37,INFO,OrderProcessor,Transaction tx670077 completed in 276ms,E104,Transaction {tx} completed in {time}ms
36006,2026-01-12,14:33:18,INFO,AuthService,User u2014 login successful,E101,User {user} login successful
36007,2026-01-12,14:21:50,INFO,AuthService,User u2764 login successful,E101,User {user} login successful
36008,2026-01-12,14:09:01,INFO,WebServer,Health check passed: WebServer,E102,Health check passed: {service}
36009,2026-01-12,14:42:00,INFO,WebServer,Health check passed: WebServer,E102,Health check passed: {service}
36010,2026-01-12,14:37:56,INFO,OrderProcessor,Health check passed: OrderProcessor,E102,Health check passed: {service}
36011,2026-01-12,14:01:43,INFO,WebServer,Transaction tx893842 completed in 817ms,E104,Transaction {tx} completed in {time}ms
36012,2026-01-12,14:55:35,INFO,WebServer,User u1279 login successful,E101,User {user} login successful
36013,2026-01-12,14:37:02,INFO,WebServer,Page view: /home by u2328,E103,Page view: {page} by {user}
36014,2026-01-12,14:49:00,INFO,AuthService,Page view: /home by u2288,E103,Page view: {page} by {user}
36015,2026-01-12,14:13:42,INFO,AuthService,User u3148 login successful,E101,User {user} login successful
36016,2026-01-12,14:37:52,INFO,OrderProcessor,Health check passed: OrderProcessor,E102,Health check passed: {service}
36017,2026-01-12,14:57:31,ERROR,OrderProcessor,Timeout waiting for lock on InventoryDB,E502,Timeout waiting for lock on {db}
36018,2026-01-12,14:14:25,INFO,WebServer,Transaction tx163733 completed in 949ms,E104,Transaction {tx} completed in {time}ms
36019,2026-01-12,14:41:55,INFO,OrderProcessor,User u3829 login successful,E101,User {user} login successful
36020,2026-01-12,14:41:37,INFO,AuthService,Page view: /home by u1548,E103,Page view: {page} by {user}
36021,2026-01-12,14:48:47,WARN,WebServer,High latency (964ms) detected on WebServer,E201,High latency ({time}ms) detected on {service}
36022,2026-01-12,14:16:42,INFO,WebServer,Health check passed: WebServer,E102,Health check passed: {service}
36023,2026-01-12,14:40:21,INFO,WebServer,Page view: /home by u3763,E103,Page view: {page} by {user}
36024,2026-01-12,14:38:52,INFO,AuthService,User u1958 login successful,E101,User {user} login successful
36025,2026-01-12,14:01:22,INFO,PaymentGateway,Health check passed: PaymentGateway,E102,Health check passed: {service}
36026,2026-01-12,14:26:07,WARN,AuthService,High latency (1264ms) detected on AuthService,E201,High latency ({time}ms) detected on {service}
36027,2026-01-12,14:03:28,INFO,WebServer,Page view: /home by u1451,E103,Page view: {page} by {user}
36028,2026-01-12,14:11:50,INFO,WebServer,Health check passed: WebServer,E102,Health check passed: {service}
36029,2026-01-12,14:03:45,INFO,AuthService,Health check passed: AuthService,E102,Health check passed: {service}
36030,2026-01-12,14:53:20,INFO,WebServer,Transaction tx527707 completed in 1247ms,E104,Transaction {tx} completed in {time}ms
36031,2026-01-12,14:57:06,INFO,AuthService,Page view: /home by u1855,E103,Page view: {page} by {user}
36032,2026-01-12,14:34:53,INFO,WebServer,Transaction tx556011 completed in 1693ms,E104,Transaction {tx} completed in {time}ms
36033,2026-01-12,14:02:32,INFO,WebServer,User u1170 login successful,E101,User {user} login successful
36034,2026-01-12,14:07:25,INFO,AuthService,Transaction tx585562 completed in 222ms,E104,Transaction {tx} completed in {time}ms
36035,2026-01-12,14:48:57,INFO,WebServer,Transaction tx839011 completed in 1507ms,E104,Transaction {tx} completed in {time}ms
36036,2026-01-12,14:51:14,INFO,AuthService,Transaction tx969741 completed in 1899ms,E104,Transaction {tx} completed in {time}ms
36037,2026-01-12,14:29:17,INFO,OrderProcessor,Page view: /home by u1072,E103,Page view: {page} by {user}
36038,2026-01-12,14:29:20,INFO,OrderProcessor,Transaction tx705086 completed in 1318ms,E104,Transaction {tx} completed in {time}ms
36039,2026-01-12,14:53:44,INFO,InventoryDB,Transaction tx407846 completed in 1337ms,E104,Transaction {tx} completed in {time}ms
36040,2026-01-12,14:55:58,INFO,WebServer,Page view: /home by u3383,E103,Page view: {page} by {user}
36041,2026-01-12,14:31:48,INFO,WebServer,Page view: /home by u2544,E103,Page view: {page} by {user}
36042,2026-01-12,14:24:56,INFO,InventoryDB,Transaction tx331957 completed in 466ms,E104,Transaction {tx} completed in {time}ms
36043,2026-01-12,14:49:56,INFO,PaymentGateway,User u4474 login successful,E101,User {user} login successful
36044,2026-01-12,14:42:01,INFO,WebServer,Page view: /home by u4946,E103,Page view: {page} by {user}
36045,2026-01-12,14:57:42,INFO,AuthService,User u1843 login successful,E101,User {user} login successful
36046,2026-01-12,14:34:28,INFO,WebServer,User u2344 login successful,E101,User {user} login successful
36047,2026-01-12,14:35:54,INFO,OrderProcessor,Page view: /home by u2680,E103,Page view: {page} by {user}
36048,2026-01-12,14:31:02,INFO,AuthService,Page view: /home by u2209,E103,Page view: {page} by {user}
36049,2026-01-12,14:27:17,INFO,WebServer,Transaction tx769437 completed in 212ms,E104,Transaction {tx} completed in {time}ms
36050,2026-01-12,14:10:54,INFO,WebServer,Page view: /home by u4124,E103,Page view: {page} by {user}
36051,2026-01-12,14:36:32,INFO,WebServer,Page view: /home by u4324,E103,Page view: {page} by {user}
36052,2026-01-12,14:57:51,INFO,InventoryDB,Page view: /home by u4605,E103,Page view: {page} by {user}
36053,2026-01-12,14:41:29,INFO,OrderProcessor,User u1996 login successful,E101,User {user} login successful
36054,2026-01-12,14:26:32,INFO,WebServer,User u1344 login successful,E101,User {user} login successful
36055,2026-01-12,14:00:00,INFO,WebServer,Page view: /home by u2025,E103,Page view: {page} by {user}
36056,2026-01-12,14:11:04,INFO,WebServer,Health check passed: WebServer,E102,Health check passed: {service}
36057,2026-01-12,14:01:04,INFO,WebServer,User u4384 login successful,E101,User {user} login successful
36058,2026-01-12,14:15:46,INFO,PaymentGateway,Page view: /home by u4086,E103,Page view: {page} by {user}
36059,2026-01-12,14:29:05,INFO,WebServer,User u4754 login successful,E101,User {user} login successful
36060,2026-01-12,14:39:19,INFO,WebServer,Transaction tx720156 completed in 21ms,E104,Transaction {tx} completed in {time}ms
36061,2026-01-12,14:57:19,INFO,WebServer,Health check passed: WebServer,E102,Health check passed: {service}
36062,2026-01-12,14:40:08,WARN,AuthService,Unauthorized access attempt from 10.0.0.88,E401,Unauthorized access attempt from {ip}
36063,2026-01-12,14:25:04,INFO,WebServer,Page view: /home by u2863,E103,Page view: {page} by {user}
36064,2026-01-12,14:59:39,INFO,WebServer,Transaction tx850590 completed in 427ms,E104,Transaction {tx} completed in {time}ms
36065,2026-01-12,14:14:30,INFO,WebServer,User u4792 login successful,E101,User {user} login successful
36066,2026-01-12,14:46:16,ERROR,OrderProcessor,Timeout waiting for lock on InventoryDB,E502,Timeout waiting for lock on {db}
36067,2026-01-12,14:16:13,INFO,AuthService,Page view: /home by u1266,E103,Page view: {page} by {user}
36068,2026-01-12,14:14:30,INFO,PaymentGateway,Health check passed: PaymentGateway,E102,Health check passed: {service}
36069,2026-01-12,14:50:59,INFO,WebServer,Transaction tx573334 completed in 36ms,E104,Transaction {tx} completed in {time}ms
36070,2026-01-12,14:18:46,INFO,InventoryDB,User u1940 login successful,E101,User {user} login successful
36071,2026-01-12,14:17:19,INFO,AuthService,User u2466 login successful,E101,User {user} login successful
36072,2026-01-12,14:53:45,INFO,AuthService,Health check passed: AuthService,E102,Health check passed: {service}
36073,2026-01-12,14:31:33,INFO,WebServer,Transaction tx904128 completed in 1840ms,E104,Transaction {tx} completed in {time}ms
36074,2026-01-12,14:38:54,INFO,OrderProcessor,Transaction tx312459 completed in 1935ms,E104,Transaction {tx} completed in {time}ms
36075,2026-01-12,14:38:25,INFO,WebServer,Health check passed: WebServer,E102,Health check passed: {service}
36076,2026-01-12,14:13:30,INFO,AuthService,Page view: /home by u3678,E103,Page view: {page} by {user}
36077,2026-01-12,14:56:14,INFO,WebServer,Page view: /home by u2686,E103,Page view: {page} by {user}
36078,2026-01-12,14:59:52,INFO,OrderProcessor,Page view: /home by u3126,E103,Page view: {page} by {user}
36079,2026-01-12,14:21:15,INFO,AuthService,Transaction tx959399 completed in 306ms,E104,Transaction {tx} completed in {time}ms
36080,2026-01-12,14:49:26,INFO,WebServer,Page view: /home by u2127,E103,Page view: {page} by {user}
36081,2026-01-12,14:13:28,INFO,PaymentGateway,Transaction tx295939 completed in 1957ms,E104,Transaction {tx} completed in {time}ms
36082,2026-01-12,14:59:47,INFO,WebServer,Page view: /home by u2665,E103,Page view: {page} by {user}
36083,2026-01-12,14:18:17,INFO,AuthService,User u3198 login successful,E101,User {user} login successful
36084,2026-01-12,14:02:43,INFO,OrderProcessor,Page view: /home by u3430,E103,Page view: {page} by {user}
36085,2026-01-12,14:42:49,INFO,InventoryDB,Page view: /home by u2750,E103,Page view: {page} by {user}
36086,2026-01-12,14:03:56,INFO,WebServer,Page view: /home by u1040,E103,Page view: {page} by {user}
36087,2026-01-12,14:21:19,INFO,WebServer,Health check passed: WebServer,E102,Health check passed: {service}
36088,2026-01-12,14:30:52,INFO,WebServer,User u3600 login successful,E101,User {user} login successful
36089,2026-01-12,14:04:31,INFO,WebServer,User u2991 login successful,E101,User {user} login successful
36090,2026-01-12,14:31:29,INFO,AuthService,Health check passed: AuthService,E102,Health check passed: {service}
36091,2026-01-12,14:23:39,WARN,AuthService,High latency (1697ms) detected on AuthService,E201,High latency ({time}ms) detected on {service}
36092,2026-01-12,14:37:18,INFO,OrderProcessor,User u4383 login successful,E101,User {user} login successful
36093,2026-01-12,14:27:47,INFO,AuthService,Page view: /home by u4977,E103,Page view: {page} by {user}
36094,2026-01-12,14:12:23,INFO,WebServer,User u3734 login successful,E101,User {user} login successful
36095,2026-01-12,14:25:16,INFO,WebServer,Transaction tx292381 completed in 185ms,E104,Transaction {tx} completed in {time}ms
36096,2026-01-12,14:31:24,INFO,OrderProcessor,Health check passed: OrderProcessor,E102,Health check passed: {service}
36097,2026-01-12,14:28:28,INFO,OrderProcessor,User u2533 login successful,E101,User {user} login successful
36098,2026-01-12,14:27:47,INFO,WebServer,Page view: /home by u4066,E103,Page view: {page} by {user}
36099,2026-01-12,14:03:13,INFO,WebServer,Page view: /home by u1578,E103,Page view: {page} by {user}
36100,2026-01-12,14:27:37,INFO,PaymentGateway,Page view: /home by u2587,E103,Page view: {page} by {user}
36101,2026-01-12,14:18:08,INFO,WebServer,Page view: /home by u1013,E103,Page view: {page} by {user}
36102,2026-01-12,14:10:36,INFO,WebServer,User u2386 login successful,E101,User {user} login successful
36103,2026-01-12,14:23:23,WARN,AuthService,High latency (1215ms) detected on AuthService,E201,High latency ({time}ms) detected on {service}
36104,2026-01-12,14:28:59,INFO,PaymentGateway,Page view: /home by u1796,E103,Page view: {page} by {user}
36105,2026-01-12,14:43:43,INFO,OrderProcessor,User u1922 login successful,E101,User {user} login successful
36106,2026-01-12,14:13:16,INFO,WebServer,Health check passed: WebServer,E102,Health check passed: {service}
36107,2026-01-12,14:53:40,INFO,WebServer,Transaction tx598049 completed in 1028ms,E104,Transaction {tx} completed in {time}ms
36108,2026-01-12,14:25:22,CRITICAL,OrderProcessor,KERNEL PANIC: Node node-4 crashed,E601,KERNEL PANIC: Node {node} crashed
36109,2026-01-12,14:28:24,INFO,WebServer,Page view: /home by u4891,E103,Page view: {page} by {user}
36110,2026-01-12,14:22:37,INFO,WebServer,Transaction tx272785 completed in 797ms,E104,Transaction {tx} completed in {time}ms
36111,2026-01-12,14:45:39,INFO,WebServer,Health check passed: WebServer,E102,Health check passed: {service}
36112,2026-01-12,14:29:19,INFO,AuthService,Health check passed: AuthService,E102,Health check passed: {service}
36113,2026-01-12,14:58:02,ERROR,WebServer,Timeout waiting for lock on InventoryDB,E502,Timeout waiting for lock on {db}
36114,2026-01-12,14:31:56,INFO,AuthService,User u1932 login successful,E101,User {user} login successful
36115,2026-01-12,14:19:23,INFO,PaymentGateway,User u3591 login successful,E101,User {user} login successful
36116,2026-01-12,14:13:54,INFO,WebServer,Transaction tx721410 completed in 1223ms,E104,Transaction {tx} completed in {time}ms
36117,2026-01-12,14:16:29,INFO,OrderProcessor,Transaction tx437463 completed in 1299ms,E104,Transaction {tx} completed in {time}ms
36118,2026-01-12,14:44:15,INFO,OrderProcessor,Transaction tx162974 completed in 355ms,E104,Transaction {tx} completed in {time}ms
36119,2026-01-12,14:22:41,WARN,WebServer,High latency (392ms) detected on WebServer,E201,High latency ({time}ms) detected on {service}
36120,2026-01-12,14:30:17,INFO,OrderProcessor,Health check passed: OrderProcessor,E102,Health check passed: {service}
36121,2026-01-12,14:06:25,INFO,WebServer,Health check passed: WebServer,E102,Health check passed: {service}
36122,2026-01-12,14:50:40,INFO,AuthService,Health check passed: AuthService,E102,Health check passed: {service}
36123,2026-01-12,14:39:01,WARN,PaymentGateway,Unauthorized access attempt from 10.0.0.45,E401,Unauthorized access attempt from {ip}
36124,2026-01-12,14:28:15,INFO,OrderProcessor,User u1825 login successful,E101,User {user} login successful
36125,2026-01-12,14:11:58,INFO,PaymentGateway,Page view: /home by u1063,E103,Page view: {page} by {user}
36126,2026-01-12,14:52:35,INFO,WebServer,Health check passed: WebServer,E102,Health check passed: {service}
36127,2026-01-12,14:34:19,INFO,WebServer,Page view: /home by u2713,E103,Page view: {page} by {user}
36128,2026-01-12,14:54:11,INFO,WebServer,User u3934 login successful,E101,User {user} login successful
36129,2026-01-12,14:30:07,INFO,WebServer,Page view: /home by u1269,E103,Page view: {page} by {user}
36130,2026-01-12,14:36:12,WARN,WebServer,Unauthorized access attempt from 10.0.0.12,E401,Unauthorized access attempt from {ip}
36131,2026-01-12,14:16:20,INFO,PaymentGateway,User u2816 login successful,E101,User {user} login successful
36132,2026-01-12,14:38:33,INFO,WebServer,Transaction tx520775 completed in 694ms,E104,Transaction {tx} completed in {time}ms
36133,2026-01-12,14:49:26,INFO,WebServer,User u2169 login successful,E101,User {user} login successful
36134,2026-01-12,14:52:03,INFO,WebServer,Transaction tx754752 completed in 366ms,E104,Transaction {tx} completed in {time}ms
36135,2026-01-12,14:33:12,INFO,AuthService,Transaction tx900484 completed in 1142ms,E104,Transaction {tx} completed in {time}ms
36136,2026-01-12,14:13:29,INFO,AuthService,Health check passed: AuthService,E102,Health check passed: {service}
36137,2026-01-12,14:01:48,INFO,PaymentGateway,Health check passed: PaymentGateway,E102,Health check passed: {service}
36138,2026-01-12,14:50:28,INFO,WebServer,Transaction tx518609 completed in 1047ms,E104,Transaction {tx} completed in {time}ms
36139,2026-01-12,14:36:54,INFO,WebServer,Health check passed: WebServer,E102,Health check passed: {service}
36140,2026-01-12,14:49:00,INFO,PaymentGateway,Health check passed: PaymentGateway,E102,Health check passed: {service}
36141,2026-01-12,14:45:20,ERROR,InventoryDB,Payment declined: Gateway unavailable,E503,Payment declined: Gateway unavailable
36142,2026-01-12,14:20:52,INFO,WebServer,Transaction tx863730 completed in 445ms,E104,Transaction {tx} completed in {time}ms
36143,2026-01-12,14:45:32,INFO,InventoryDB,Page view: /home by u4319,E103,Page view: {page} by {user}
36144,2026-01-12,14:51:31,INFO,WebServer,Page view: /home by u4831,E103,Page view: {page} by {user}
36145,2026-01-12,14:44:37,INFO,OrderProcessor,Health check passed: OrderProcessor,E102,Health check passed: {service}
36146,2026-01-12,14:16:36,INFO,WebServer,User u2158 login successful,E101,User {user} login successful
36147,2026-01-12,14:51:02,INFO,AuthService,Transaction tx314135 completed in 830ms,E104,Transaction {tx} completed in {time}ms
36148,2026-01-12,14:25:29,INFO,AuthService,Transaction tx513360 completed in 1426ms,E104,Transaction {tx} completed in {time}ms
36149,2026-01-12,14:25:57,INFO,OrderProcessor,Health check passed: OrderProcessor,E102,Health check passed: {service}
36150,2026-01-12,14:18:23,INFO,WebServer,Health check passed: WebServer,E102,Health check passed: {service}
36151,2026-01-12,14:28:58,INFO,OrderProcessor,Transaction tx440824 completed in 1517ms,E104,Transaction {tx} completed in {time}ms
36152,2026-01-12,14:30:23,INFO,WebServer,Transaction tx145788 completed in 1377ms,E104,Transaction {tx} completed in {time}ms
36153,2026-01-12,14:37:46,INFO,WebServer,Transaction tx853346 completed in 723ms,E104,Transaction {tx} completed in {time}ms
36154,2026-01-12,14:19:23,INFO,OrderProcessor,Page view: /home by u1167,E103,Page view: {page} by {user}
36155,2026-01-12,14:10:06,INFO,AuthService,Health check passed: AuthService,E102,Health check passed: {service}
36156,2026-01-12,14:37:14,INFO,WebServer,Transaction tx521102 completed in 962ms,E104,Transaction {tx} completed in {time}ms
36157,2026-01-12,14:53:53,WARN,OrderProcessor,Disk usage > 85% on node node-4,E202,Disk usage > 85% on node {node}
36158,2026-01-12,14:44:12,INFO,PaymentGateway,Health check passed: PaymentGateway,E102,Health check passed: {service}
36159,2026-01-12,14:27:37,WARN,WebServer,Disk usage > 85% on node node-3,E202,Disk usage > 85% on node {node}
36160,2026-01-12,14:27:16,INFO,WebServer,Health check passed: WebServer,E102,Health check passed: {service}
36161,2026-01-12,14:47:01,INFO,WebServer,User u1812 login successful,E101,User {user} login successful
36162,2026-01-12,14:55:47,INFO,AuthService,Transaction tx221251 completed in 1857ms,E104,Transaction {tx} completed in {time}ms
36163,2026-01-12,14:16:20,INFO,WebServer,User u1772 login successful,E101,User {user} login successful
36164,2026-01-12,14:17:32,WARN,PaymentGateway,Unauthorized access attempt from 192.168.1.5,E401,Unauthorized access attempt from {ip}
36165,2026-01-12,14:58:44,WARN,AuthService,High latency (321ms) detected on AuthService,E201,High latency ({time}ms) detected on {service}
36166,2026-01-12,14:37:57,INFO,WebServer,Page view: /home by u4282,E103,Page view: {page} by {user}
36167,2026-01-12,14:08:22,WARN,PaymentGateway,High latency (1135ms) detected on PaymentGateway,E201,High latency ({time}ms) detected on {service}
36168,2026-01-12,15:43:13,WARN,InventoryDB,High latency (525ms) detected on InventoryDB,E201,High latency ({time}ms) detected on {service}
36169,2026-01-12,15:14:02,INFO,WebServer,User u2536 login successful,E101,User {user} login successful
36170,2026-01-12,15:09:25,INFO,AuthService,Page view: /home by u2294,E103,Page view: {page} by {user}
36171,2026-01-12,15:58:03,INFO,WebServer,Page view: /home by u1561,E103,Page view: {page} by {user}
36172,2026-01-12,15:21:40,INFO,InventoryDB,Health check passed: InventoryDB,E102,Health check passed: {service}
36173,2026-01-12,15:11:20,INFO,AuthService,User u2710 login successful,E101,User {user} login successful
36174,2026-01-12,15:24:55,INFO,WebServer,Health check passed: WebServer,E102,Health check passed: {service}
36175,2026-01-12,15:22:01,INFO,PaymentGateway,User u4852 login successful,E101,User {user} login successful
36176,2026-01-12,15:33:29,INFO,WebServer,Transaction tx546921 completed in 1258ms,E104,Transaction {tx} completed in {time}ms
36177,2026-01-12,15:48:58,INFO,InventoryDB,User u1515 login successful,E101,User {user} login successful
36178,2026-01-12,15:51:26,INFO,OrderProcessor,Transaction tx228049 completed in 1020ms,E104,Transaction {tx} completed in {time}ms
36179,2026-01-12,15:20:53,INFO,WebServer,Page view: /home by u3248,E103,Page view: {page} by {user}
36180,2026-01-12,15:19:27,INFO,WebServer,Page view: /home by u4141,E103,Page view: {page} by {user}
36181,2026-01-12,15:04:46,INFO,WebServer,Transaction tx764524 completed in 225ms,E104,Transaction {tx} completed in {time}ms
36182,2026-01-12,15:32:49,INFO,AuthService,User u4266 login successful,E101,User {user} login successful
36183,2026-01-12,15:24:44,INFO,AuthService,Health check passed: AuthService,E102,Health check passed: {service}
36184,2026-01-12,15:48:50,INFO,OrderProcessor,User u3415 login successful,E101,User {user} login successful
36185,2026-01-12,15:12:24,INFO,PaymentGateway,Transaction tx692267 completed in 161ms,E104,Transaction {tx} completed in {time}ms
36186,2026-01-12,15:05:42,INFO,WebServer,User u1430 login successful,E101,User {user} login successful
36187,2026-01-12,15:44:56,INFO,AuthService,User u4546 login successful,E101,User {user} login successful
36188,2026-01-12,15:49:27,INFO,WebServer,Transaction tx703528 completed in 1084ms,E104,Transaction {tx} completed in {time}ms
36189,2026-01-12,15:52:33,INFO,OrderProcessor,Transaction tx430406 completed in 965ms,E104,Transaction {tx} completed in {time}ms
36190,2026-01-12,15:47:31,WARN,AuthService,Unauthorized access attempt from 10.0.0.88,E401,Unauthorized access attempt from {ip}
36191,2026-01-12,15:41:29,INFO,WebServer,Transaction tx240436 completed in 1283ms,E104,Transaction {tx} completed in {time}ms
36192,2026-01-12,15:43:18,INFO,OrderProcessor,Page view: /home by u4026,E103,Page view: {page} by {user}
36193,2026-01-12,15:25:26,INFO,WebServer,User u1323 login successful,E101,User {user} login successful
36194,2026-01-12,15:13:37,INFO,AuthService,Transaction tx962259 completed in 1015ms,E104,Transaction {tx} completed in {time}ms
36195,2026-01-12,15:46:46,INFO,WebServer,Page view: /home by u1439,E103,Page view: {page} by {user}
36196,2026-01-12,15:50:48,INFO,OrderProcessor,Transaction tx578618 completed in 1933ms,E104,Transaction {tx} completed in {time}ms
36197,2026-01-12,15:26:53,INFO,WebServer,User u4693 login successful,E101,User {user} login successful
36198,2026-01-12,15:34:28,INFO,WebServer,Page view: /home by u2996,E103,Page view: {page} by {user}
36199,2026-01-12,15:40:08,INFO,PaymentGateway,User u2469 login successful,E101,User {user} login successful
36200,2026-01-12,15:18:23,INFO,WebServer,Health check passed: WebServer,E102,Health check passed: {service}
36201,2026-01-12,15:44:41,INFO,WebServer,User u1207 login successful,E101,User {user} login successful
36202,2026-01-12,15:58:17,INFO,WebServer,Health check passed: WebServer,E102,Health check passed: {service}
36203,2026-01-12,15:01:10,INFO,WebServer,Page view: /home by u3070,E103,Page view: {page} by {user}
36204,2026-01-12,15:42:36,INFO,WebServer,Transaction tx396582 completed in 1657ms,E104,Transaction {tx} completed in {time}ms
36205,2026-01-12,15:05:39,INFO,PaymentGateway,User u4962 login successful,E101,User {user} login successful
36206,2026-01-12,15:49:39,INFO,PaymentGateway,Page view: /home by u3521,E103,Page view: {page} by {user}
36207,2026-01-12,15:16:21,INFO,OrderProcessor,Transaction tx194518 completed in 1211ms,E104,Transaction {tx} completed in {time}ms
36208,2026-01-12,15:04:43,INFO,WebServer,User u3604 login successful,E101,User {user} login successful
36209,2026-01-12,15:19:37,INFO,WebServer,Transaction tx451383 completed in 1068ms,E104,Transaction {tx} completed in {time}ms
36210,2026-01-12,15:26:44,INFO,WebServer,Health check passed: WebServer,E102,Health check passed: {service}
36211,2026-01-12,15:47:05,INFO,WebServer,Page view: /home by u1606,E103,Page view: {page} by {user}
36212,2026-01-12,15:42:23,INFO,WebServer,Page view: /home by u2074,E103,Page view: {page} by {user}
36213,2026-01-12,15:38:14,INFO,WebServer,Health check passed: WebServer,E102,Health check passed: {service}
36214,2026-01-12,15:34:23,INFO,OrderProcessor,Transaction tx303407 completed in 1146ms,E104,Transaction {tx} completed in {time}ms
36215,2026-01-12,15:19:22,INFO,WebServer,Transaction tx356158 completed in 1690ms,E104,Transaction {tx} completed in {time}ms
36216,2026-01-12,15:05:42,INFO,AuthService,Page view: /home by u1911,E103,Page view: {page} by {user}
36217,2026-01-12,15:19:24,INFO,WebServer,Page view: /home by u1877,E103,Page view: {page} by {user}
36218,2026-01-12,15:20:27,INFO,WebServer,Page view: /home by u4671,E103,Page view: {page} by {user}
36219,2026-01-12,15:15:55,INFO,InventoryDB,Health check passed: InventoryDB,E102,Health check passed: {service}
36220,2026-01-12,15:22:02,INFO,PaymentGateway,User u2218 login successful,E101,User {user} login successful
36221,2026-01-12,15:13:13,INFO,WebServer,Health check passed: WebServer,E102,Health check passed: {service}
36222,2026-01-12,15:02:41,INFO,WebServer,User u2333 login successful,E101,User {user} login successful
36223,2026-01-12,15:02:49,INFO,PaymentGateway,User u2066 login successful,E101,User {user} login successful
36224,2026-01-12,15:02:57,INFO,WebServer,Page view: /home by u4221,E103,Page view: {page} by {user}
36225,2026-01-12,15:38:16,INFO,WebServer,Transaction tx711192 completed in 1159ms,E104,Transaction {tx} completed in {time}ms
36226,2026-01-12,15:13:20,INFO,WebServer,Page view: /home by u4500,E103,Page view: {page} by {user}
36227,2026-01-12,15:43:00,INFO,PaymentGateway,Transaction tx709042 completed in 857ms,E104,Transaction {tx} completed in {time}ms
36228,2026-01-12,15:10:39,WARN,PaymentGateway,Unauthorized access attempt from 10.0.0.45,E401,Unauthorized access attempt from {ip}
36229,2026-01-12,15:19:25,INFO,PaymentGateway,Page view: /home by u3404,E103,Page view: {page} by {user}
36230,2026-01-12,15:09:57,INFO,PaymentGateway,User u1780 login successful,E101,User {user} login successful
36231,2026-01-12,15:35:24,INFO,WebServer,User u4337 login successful,E101,User {user} login successful
36232,2026-01-12,15:24:30,INFO,AuthService,User u1054 login successful,E101,User {user} login successful
36233,2026-01-12,15:53:15,INFO,WebServer,User u4984 login successful,E101,User {user} login successful
36234,2026-01-12,15:14:07,INFO,WebServer,Page view: /home by u4824,E103,Page view: {page} by {user}
36235,2026-01-12,15:24:48,INFO,AuthService,Page view: /home by u2900,E103,Page view: {page} by {user}
36236,2026-01-12,15:05:01,INFO,AuthService,User u3482 login successful,E101,User {user} login successful
36237,2026-01-12,15:11:12,INFO,WebServer,Page view: /home by u3243,E103,Page view: {page} by {user}
36238,2026-01-12,15:09:17,INFO,OrderProcessor,Page view: /home by u4943,E103,Page view: {page} by {user}
36239,2026-01-12,15:59:04,INFO,WebServer,User u2446 login successful,E101,User {user} login successful
36240,2026-01-12,15:35:09,INFO,WebServer,User u1539 login successful,E101,User {user} login successful
36241,2026-01-12,15:10:09,INFO,WebServer,Page view: /home by u4880,E103,Page view: {page} by {user}
36242,2026-01-12,15:32:20,INFO,WebServer,Transaction tx382698 completed in 1329ms,E104,Transaction {tx} completed in {time}ms
36243,2026-01-12,15:53:46,INFO,WebServer,Page view: /home by u4606,E103,Page view: {page} by {user}
36244,2026-01-12,15:51:15,WARN,AuthService,Disk usage > 85% on node node-1,E202,Disk usage > 85% on node {node}
36245,2026-01-12,15:51:11,INFO,WebServer,User u3469 login successful,E101,User {user} login successful
36246,2026-01-12,15:12:47,INFO,WebServer,Health check passed: WebServer,E102,Health check passed: {service}
36247,2026-01-12,15:30:12,INFO,OrderProcessor,User u4791 login successful,E101,User {user} login successful
36248,2026-01-12,15:54:17,WARN,AuthService,Unauthorized access attempt from 10.0.0.12,E401,Unauthorized access attempt from {ip}
36249,2026-01-12,15:03:12,INFO,AuthService,Transaction tx409301 completed in 1018ms,E104,Transaction {tx} completed in {time}ms
36250,2026-01-12,15:21:58,INFO,WebServer,User u1705 login successful,E101,User {user} login successful
36251,2026-01-12,15:01:39,INFO,PaymentGateway,Transaction tx208468 completed in 1384ms,E104,Transaction {tx} completed in {time}ms
36252,2026-01-12,15:13:01,INFO,AuthService,Health check passed: AuthService,E102,Health check passed: {service}
36253,2026-01-12,15:33:23,INFO,PaymentGateway,Health check passed: PaymentGateway,E102,Health check passed: {service}
36254,2026-01-12,15:47:53,INFO,InventoryDB,Health check passed: InventoryDB,E102,Health check passed: {service}
36255,2026-01-12,15:16:49,INFO,WebServer,Transaction tx544127 completed in 161ms,E104,Transaction {tx} completed in {time}ms
36256,2026-01-12,15:46:00,INFO,AuthService,Health check passed: AuthService,E102,Health check passed: {service}
36257,2026-01-12,15:15:23,INFO,WebServer,User u4576 login successful,E101,User {user} login successful
36258,2026-01-12,15:20:05,INFO,WebServer,User u2452 login successful,E101,User {user} login successful
36259,2026-01-12,15:15:26,INFO,WebServer,Health check passed: WebServer,E102,Health check passed: {service}
36260,2026-01-12,15:53:33,INFO,OrderProcessor,Transaction tx365971 completed in 1692ms,E104,Transaction {tx} completed in {time}ms
36261,2026-01-12,15:46:32,INFO,WebServer,Transaction tx836852 completed in 1886ms,E104,Transaction {tx} completed in {time}ms
36262,2026-01-12,15:01:26,INFO,OrderProcessor,Page view: /home by u3911,E103,Page view: {page} by {user}
36263,2026-01-12,15:42:52,INFO,PaymentGateway,Health check passed: PaymentGateway,E102,Health check passed: {service}
36264,2026-01-12,15:54:49,INFO,InventoryDB,Page view: /home by u1803,E103,Page view: {page} by {user}
36265,2026-01-12,15:58:15,ERROR,WebServer,Connection refused to WebServer at 10.0.0.45,E501,Connection refused to {service} at {ip}
36266,2026-01-12,15:45:25,INFO,OrderProcessor,User u1180 login successful,E101,User {user} login successful
36267,2026-01-12,15:14:51,WARN,WebServer,Disk usage > 85% on node node-1,E202,Disk usage > 85% on node {node}
36268,2026-01-12,15:20:10,INFO,WebServer,Transaction tx377139 completed in 451ms,E104,Transaction {tx} completed in {time}ms
36269,2026-01-12,15:49:39,WARN,OrderProcessor,High latency (849ms) detected on OrderProcessor,E201,High latency ({time}ms) detected on {service}
36270,2026-01-12,15:53:45,INFO,WebServer,Page view: /home by u2019,E103,Page view: {page} by {user}
36271,2026-01-12,15:05:32,INFO,WebServer,User u2431 login successful,E101,User {user} login successful
36272,2026-01-12,15:13:29,INFO,WebServer,User u2014 login successful,E101,User {user} login successful
36273,2026-01-12,15:48:50,INFO,PaymentGateway,Page view: /home by u3586,E103,Page view: {page} by {user}
36274,2026-01-12,15:15:31,INFO,WebServer,User u3225 login successful,E101,User {user} login successful
36275,2026-01-12,15:25:08,INFO,WebServer,Page view: /home by u3932,E103,Page view: {page} by {user}
36276,2026-01-12,15:15:35,INFO,AuthService,Transaction tx384362 completed in 1108ms,E104,Transaction {tx} completed in {time}ms
36277,2026-01-12,15:45:53,INFO,InventoryDB,Page view: /home by u1753,E103,Page view: {page} by {user}
36278,2026-01-12,15:46:08,INFO,AuthService,Health check passed: AuthService,E102,Health check passed: {service}
36279,2026-01-12,15:31:28,INFO,WebServer,User u1163 login successful,E101,User {user} login successful
36280,2026-01-12,15:19:58,INFO,WebServer,Transaction tx371443 completed in 874ms,E104,Transaction {tx} completed in {time}ms
36281,2026-01-12,15:18:18,ERROR,AuthService,Timeout waiting for lock on InventoryDB,E502,Timeout waiting for lock on {db}
36282,2026-01-12,15:06:51,INFO,WebServer,Health check passed: WebServer,E102,Health check passed: {service}
36283,2026-01-12,15:02:13,INFO,PaymentGateway,Page view: /home by u1486,E103,Page view: {page} by {user}
36284,2026-01-12,15:11:49,INFO,InventoryDB,User u1589 login successful,E101,User {user} login successful
36285,2026-01-12,15:27:42,INFO,AuthService,Page view: /home by u2000,E103,Page view: {page} by {user}
36286,2026-01-12,15:15:33,INFO,OrderProcessor,Page view: /home by u3356,E103,Page view: {page} by {user}
36287,2026-01-12,15:53:49,INFO,OrderProcessor,Transaction tx418603 completed in 223ms,E104,Transaction {tx} completed in {time}ms
36288,2026-01-12,15:41:11,INFO,PaymentGateway,Transaction tx455220 completed in 861ms,E104,Transaction {tx} completed in {time}ms
36289,2026-01-12,15:12:02,INFO,OrderProcessor,Transaction tx447369 completed in 1670ms,E104,Transaction {tx} completed in {time}ms
36290,2026-01-12,15:08:47,INFO,WebServer,Transaction tx116158 completed in 1903ms,E104,Transaction {tx} completed in {time}ms
36291,2026-01-12,15:08:17,INFO,WebServer,Page view: /home by u1612,E103,Page view: {page} by {user}
36292,2026-01-12,15:07:02,INFO,AuthService,Page view: /home by u4170,E103,Page view: {page} by {user}
36293,2026-01-12,15:01:42,INFO,AuthService,Page view: /home by u1796,E103,Page view: {page} by {user}
36294,2026-01-12,15:50:24,INFO,WebServer,Transaction tx128141 completed in 385ms,E104,Transaction {tx} completed in {time}ms
36295,2026-01-12,15:58:32,INFO,WebServer,Transaction tx732180 completed in 1677ms,E104,Transaction {tx} completed in {time}ms
36296,2026-01-12,15:26:03,INFO,AuthService,Health check passed: AuthService,E102,Health check passed: {service}
36297,2026-01-12,15:17:02,INFO,WebServer,User u4066 login successful,E101,User {user} login successful
36298,2026-01-12,15:48:14,INFO,PaymentGateway,Page view: /home by u2547,E103,Page view: {page} by {user}
36299,2026-01-12,15:34:56,INFO,OrderProcessor,Health check passed: OrderProcessor,E102,Health check passed: {service}
36300,2026-01-12,15:23:07,WARN,WebServer,Disk usage > 85% on node node-3,E202,Disk usage > 85% on node {node}
36301,2026-01-12,15:06:26,INFO,WebServer,Transaction tx406195 completed in 1238ms,E104,Transaction {tx} completed in {time}ms
36302,2026-01-12,15:07:38,ERROR,AuthService,Timeout waiting for lock on InventoryDB,E502,Timeout waiting for lock on {db}
36303,2026-01-12,15:33:26,INFO,WebServer,User u1313 login successful,E101,User {user} login successful
36304,2026-01-12,15:21:25,INFO,AuthService,User u4911 login successful,E101,User {user} login successful
36305,2026-01-12,15:48:46,INFO,AuthService,Transaction tx288333 completed in 66ms,E104,Transaction {tx} completed in {time}ms
36306,2026-01-12,15:32:37,INFO,WebServer,User u3389 login successful,E101,User {user} login successful
36307,2026-01-12,15:52:16,INFO,WebServer,Transaction tx725468 completed in 1243ms,E104,Transaction {tx} completed in {time}ms
36308,2026-01-12,15:40:45,INFO,AuthService,Health check passed: AuthService,E102,Health check passed: {service}
36309,2026-01-12,15:37:57,INFO,InventoryDB,Page view: /home by u4952,E103,Page view: {page} by {user}
36310,2026-01-12,15:57:44,INFO,AuthService,Health check passed: AuthService,E102,Health check passed: {service}
36311,2026-01-12,15:01:18,INFO,WebServer,Page view: /home by u1420,E103,Page view: {page} by {user}
36312,2026-01-12,15:48:51,INFO,OrderProcessor,Health check passed: OrderProcessor,E102,Health check passed: {service}
36313,2026-01-12,15:38:49,INFO,AuthService,User u4922 login successful,E101,User {user} login successful
36314,2026-01-12,15:45:00,INFO,AuthService,Health check passed: AuthService,E102,Health check passed: {service}
36315,2026-01-12,15:25:04,INFO,WebServer,Health check passed: WebServer,E102,Health check passed: {service}
36316,2026-01-12,15:38:02,CRITICAL,WebServer,DATA CORRUPTION detected in sector 316,E602,DATA CORRUPTION detected in sector {sector}
36317,2026-01-12,15:49:32,INFO,PaymentGateway,User u1760 login successful,E101,User {user} login successful
36318,2026-01-12,15:41:01,INFO,OrderProcessor,Page view: /home by u2403,E103,Page view: {page} by {user}
36319,2026-01-12,15:42:04,INFO,WebServer,User u1696 login successful,E101,User {user} login successful
36320,2026-01-12,15:54:40,INFO,WebServer,User u4621 login successful,E101,User {user} login successful
36321,2026-01-12,15:28:05,INFO,WebServer,Transaction tx337786 completed in 1490ms,E104,Transaction {tx} completed in {time}ms
36322,2026-01-12,15:42:34,INFO,InventoryDB,Transaction tx440557 completed in 488ms,E104,Transaction {tx} completed in {time}ms
36323,2026-01-12,15:40:48,WARN,WebServer,Disk usage > 85% on node node-4,E202,Disk usage > 85% on node {node}
36324,2026-01-12,15:26:04,INFO,WebServer,Page view: /home by u1351,E103,Page view: {page} by {user}
36325,2026-01-12,15:28:25,INFO,InventoryDB,Health check passed: InventoryDB,E102,Health check passed: {service}
36326,2026-01-12,15:24:12,INFO,OrderProcessor,Page view: /home by u2039,E103,Page view: {page} by {user}
36327,2026-01-12,15:26:30,INFO,WebServer,Page view: /home by u4869,E103,Page view: {page} by {user}
36328,2026-01-12,15:22:16,INFO,WebServer,User u4301 login successful,E101,User {user} login successful
36329,2026-01-12,15:14:07,INFO,WebServer,Health check passed: WebServer,E102,Health check passed: {service}
36330,2026-01-12,15:27:40,INFO,PaymentGateway,Page view: /home by u4116,E103,Page view: {page} by {user}
36331,2026-01-12,15:05:57,INFO,WebServer,Page view: /home by u2696,E103,Page view: {page} by {user}
36332,2026-01-12,15:28:16,INFO,WebServer,User u1424 login successful,E101,User {user} login successful
36333,2026-01-12,15:56:02,INFO,WebServer,Health check passed: WebServer,E102,Health check passed: {service}
36334,2026-01-12,15:43:42,INFO,WebServer,User u2669 login successful,E101,User {user} login successful
36335,2026-01-12,15:48:52,INFO,WebServer,User u2451 login successful,E101,User {user} login successful
36336,2026-01-12,15:27:46,INFO,AuthService,User u1837 login successful,E101,User {user} login successful
36337,2026-01-12,15:46:59,WARN,WebServer,High latency (296ms) detected on WebServer,E201,High latency ({time}ms) detected on {service}
36338,2026-01-12,15:05:47,INFO,PaymentGateway,Page view: /home by u4975,E103,Page view: {page} by {user}
36339,2026-01-12,15:21:03,INFO,WebServer,User u1496 login successful,E101,User {user} login successful
36340,2026-01-12,15:02:23,INFO,WebServer,Page view: /home by u2897,E103,Page view: {page} by {user}
36341,2026-01-12,15:58:30,INFO,WebServer,Page view: /home by u4375,E103,Page view: {page} by {user}
36342,2026-01-12,15:15:27,INFO,PaymentGateway,Page view: /home by u4346,E103,Page view: {page} by {user}
36343,2026-01-12,15:31:25,INFO,AuthService,User u1691 login successful,E101,User {user} login successful
36344,2026-01-12,15:57:50,INFO,WebServer,User u1464 login successful,E101,User {user} login successful
36345,2026-01-12,15:56:53,INFO,WebServer,Health check passed: WebServer,E102,Health check passed: {service}
36346,2026-01-12,15:59:23,WARN,OrderProcessor,Disk usage > 85% on node node-5,E202,Disk usage > 85% on node {node}
36347,2026-01-12,15:18:00,INFO,OrderProcessor,Transaction tx159570 completed in 1925ms,E104,Transaction {tx} completed in {time}ms
36348,2026-01-12,15:40:23,INFO,WebServer,Transaction tx634381 completed in 1088ms,E104,Transaction {tx} completed in {time}ms
36349,2026-01-12,15:44:04,INFO,AuthService,Page view: /home by u3723,E103,Page view: {page} by {user}
36350,2026-01-12,15:10:56,INFO,WebServer,Page view: /home by u4930,E103,Page view: {page} by {user}
36351,2026-01-12,15:44:40,INFO,WebServer,Transaction tx826183 completed in 1888ms,E104,Transaction {tx} completed in {time}ms
36352,2026-01-12,15:24:55,INFO,PaymentGateway,Health check passed: PaymentGateway,E102,Health check passed: {service}
36353,2026-01-12,15:13:13,INFO,WebServer,Transaction tx494672 completed in 1372ms,E104,Transaction {tx} completed in {time}ms
36354,2026-01-12,15:46:48,INFO,WebServer,Transaction tx578467 completed in 1753ms,E104,Transaction {tx} completed in {time}ms
36355,2026-01-12,15:43:19,INFO,AuthService,User u1083 login successful,E101,User {user} login successful
36356,2026-01-12,15:34:37,WARN,AuthService,High latency (1248ms) detected on AuthService,E201,High latency ({time}ms) detected on {service}
36357,2026-01-12,15:04:18,INFO,WebServer,Health check passed: WebServer,E102,Health check passed: {service}
36358,2026-01-12,15:19:43,INFO,WebServer,Page view: /home by u3638,E103,Page view: {page} by {user}
36359,2026-01-12,15:41:41,INFO,PaymentGateway,Health check passed: PaymentGateway,E102,Health check passed: {service}
36360,2026-01-12,15:32:34,INFO,AuthService,Transaction tx429712 completed in 816ms,E104,Transaction {tx} completed in {time}ms
36361,2026-01-12,15:13:39,INFO,WebServer,Transaction tx103334 completed in 1319ms,E104,Transaction {tx} completed in {time}ms
36362,2026-01-12,15:20:05,INFO,OrderProcessor,Transaction tx824426 completed in 1187ms,E104,Transaction {tx} completed in {time}ms
36363,2026-01-12,15:00:43,INFO,WebServer,User u2956 login successful,E101,User {user} login successful
36364,2026-01-12,15:40:47,INFO,PaymentGateway,Page view: /home by u4996,E103,Page view: {page} by {user}
36365,2026-01-12,15:19:40,INFO,WebServer,Transaction tx141465 completed in 795ms,E104,Transaction {tx} completed in {time}ms
36366,2026-01-12,15:54:09,INFO,OrderProcessor,Transaction tx453849 completed in 1900ms,E104,Transaction {tx} completed in {time}ms
36367,2026-01-12,15:39:53,INFO,WebServer,Transaction tx359392 completed in 682ms,E104,Transaction {tx} completed in {time}ms
36368,2026-01-12,15:51:14,INFO,OrderProcessor,Health check passed: OrderProcessor,E102,Health check passed: {service}
36369,2026-01-12,15:52:57,INFO,WebServer,User u1736 login successful,E101,User {user} login successful
36370,2026-01-12,15:48:03,WARN,InventoryDB,Disk usage > 85% on node node-4,E202,Disk usage > 85% on node {node}
36371,2026-01-12,15:39:29,INFO,WebServer,Transaction tx739314 completed in 1325ms,E104,Transaction {tx} completed in {time}ms
36372,2026-01-12,15:23:34,INFO,OrderProcessor,Health check passed: OrderProcessor,E102,Health check passed: {service}
36373,2026-01-12,15:49:49,INFO,WebServer,Transaction tx972533 completed in 1985ms,E104,Transaction {tx} completed in {time}ms
36374,2026-01-12,15:44:22,INFO,PaymentGateway,Page view: /home by u2548,E103,Page view: {page} by {user}
36375,2026-01-12,15:32:06,INFO,WebServer,Page view: /home by u4749,E103,Page view: {page} by {user}
36376,2026-01-12,15:07:21,INFO,AuthService,User u2469 login successful,E101,User {user} login successful
36377,2026-01-12,15:26:53,INFO,OrderProcessor,Transaction tx393594 completed in 1977ms,E104,Transaction {tx} completed in {time}ms
36378,2026-01-12,15:40:03,INFO,WebServer,Health check passed: WebServer,E102,Health check passed: {service}
36379,2026-01-12,15:39:54,INFO,AuthService,Page view: /home by u2137,E103,Page view: {page} by {user}
36380,2026-01-12,15:56:35,INFO,OrderProcessor,User u2224 login successful,E101,User {user} login successful
36381,2026-01-12,15:58:41,INFO,InventoryDB,Health check passed: InventoryDB,E102,Health check passed: {service}
36382,2026-01-12,15:12:39,INFO,WebServer,Health check passed: WebServer,E102,Health check passed: {service}
36383,2026-01-12,15:49:14,INFO,WebServer,User u2577 login successful,E101,User {user} login successful
36384,2026-01-12,15:33:29,INFO,OrderProcessor,Page view: /home by u3859,E103,Page view: {page} by {user}
36385,2026-01-12,15:42:07,INFO,WebServer,Transaction tx820630 completed in 36ms,E104,Transaction {tx} completed in {time}ms
36386,2026-01-12,15:36:30,INFO,InventoryDB,Health check passed: InventoryDB,E102,Health check passed: {service}
36387,2026-01-12,15:34:20,WARN,WebServer,High latency (33ms) detected on WebServer,E201,High latency ({time}ms) detected on {service}
36388,2026-01-12,15:25:09,INFO,WebServer,Transaction tx634281 completed in 168ms,E104,Transaction {tx} completed in {time}ms
36389,2026-01-12,15:50:36,INFO,OrderProcessor,Page view: /home by u4269,E103,Page view: {page} by {user}
36390,2026-01-12,15:38:28,INFO,AuthService,Health check passed: AuthService,E102,Health check passed: {service}
36391,2026-01-12,15:06:35,INFO,AuthService,Health check passed: AuthService,E102,Health check passed: {service}
36392,2026-01-12,15:40:55,INFO,AuthService,Transaction tx472082 completed in 430ms,E104,Transaction {tx} completed in {time}ms
36393,2026-01-12,15:35:26,INFO,WebServer,Page view: /home by u3869,E103,Page view: {page} by {user}
36394,2026-01-12,15:34:08,INFO,WebServer,Transaction tx688335 completed in 1294ms,E104,Transaction {tx} completed in {time}ms
36395,2026-01-12,15:52:21,INFO,OrderProcessor,Transaction tx360961 completed in 977ms,E104,Transaction {tx} completed in {time}ms
36396,2026-01-12,15:13:40,INFO,WebServer,Transaction tx259552 completed in 1473ms,E104,Transaction {tx} completed in {time}ms
36397,2026-01-12,15:11:09,INFO,WebServer,Health check passed: WebServer,E102,Health check passed: {service}
36398,2026-01-12,15:03:26,INFO,AuthService,Page view: /home by u2410,E103,Page view: {page} by {user}
36399,2026-01-12,15:09:14,INFO,AuthService,Transaction tx345607 completed in 168ms,E104,Transaction {tx} completed in {time}ms
36400,2026-01-12,15:15:50,INFO,AuthService,Page view: /home by u2808,E103,Page view: {page} by {user}
36401,2026-01-12,15:56:29,INFO,WebServer,User u2329 login successful,E101,User {user} login successful
36402,2026-01-12,15:15:48,INFO,AuthService,User u3386 login successful,E101,User {user} login successful
36403,2026-01-12,15:00:16,INFO,WebServer,Health check passed: WebServer,E102,Health check passed: {service}
36404,2026-01-12,15:00:02,INFO,WebServer,Page view: /home by u2319,E103,Page view: {page} by {user}
36405,2026-01-12,15:11:16,INFO,WebServer,Transaction tx946632 completed in 1029ms,E104,Transaction {tx} completed in {time}ms
36406,2026-01-12,15:44:14,INFO,WebServer,User u2731 login successful,E101,User {user} login successful
36407,2026-01-12,15:03:54,INFO,AuthService,Page view: /home by u3795,E103,Page view: {page} by {user}
36408,2026-01-12,15:37:03,INFO,WebServer,Transaction tx582947 completed in 846ms,E104,Transaction {tx} completed in {time}ms
36409,2026-01-12,15:00:05,INFO,OrderProcessor,Health check passed: OrderProcessor,E102,Health check passed: {service}
36410,2026-01-12,15:15:49,ERROR,OrderProcessor,Timeout waiting for lock on InventoryDB,E502,Timeout waiting for lock on {db}
36411,2026-01-12,15:01:46,INFO,WebServer,Page view: /home by u1499,E103,Page view: {page} by {user}
36412,2026-01-12,15:46:56,INFO,WebServer,Transaction tx340038 completed in 640ms,E104,Transaction {tx} completed in {time}ms
36413,2026-01-12,15:55:28,INFO,OrderProcessor,Health check passed: OrderProcessor,E102,Health check passed: {service}
36414,2026-01-12,15:45:58,INFO,PaymentGateway,Transaction tx429955 completed in 1980ms,E104,Transaction {tx} completed in {time}ms
36415,2026-01-12,15:10:35,WARN,WebServer,High latency (1795ms) detected on WebServer,E201,High latency ({time}ms) detected on {service}
36416,2026-01-12,15:19:35,INFO,WebServer,Transaction tx334741 completed in 1190ms,E104,Transaction {tx} completed in {time}ms
36417,2026-01-12,15:21:39,INFO,PaymentGateway,Page view: /home by u4570,E103,Page view: {page} by {user}
36418,2026-01-12,15:55:12,INFO,AuthService,Transaction tx960494 completed in 1316ms,E104,Transaction {tx} completed in {time}ms
36419,2026-01-12,15:27:18,INFO,WebServer,Health check passed: WebServer,E102,Health check passed: {service}
36420,2026-01-12,15:44:37,INFO,WebServer,Health check passed: WebServer,E102,Health check passed: {service}
36421,2026-01-12,15:25:31,INFO,WebServer,User u2648 login successful,E101,User {user} login successful
36422,2026-01-12,15:10:22,INFO,AuthService,Health check passed: AuthService,E102,Health check passed: {service}
36423,2026-01-12,15:42:24,INFO,WebServer,User u2863 login successful,E101,User {user} login successful
36424,2026-01-12,15:12:04,ERROR,WebServer,Payment declined: Gateway unavailable,E503,Payment declined: Gateway unavailable
36425,2026-01-12,15:08:41,INFO,WebServer,Transaction tx688172 completed in 772ms,E104,Transaction {tx} completed in {time}ms
36426,2026-01-12,15:47:14,INFO,AuthService,Page view: /home by u3489,E103,Page view: {page} by {user}
36427,2026-01-12,15:39:26,INFO,WebServer,User u4793 login successful,E101,User {user} login successful
36428,2026-01-12,15:10:31,INFO,WebServer,Transaction tx488577 completed in 147ms,E104,Transaction {tx} completed in {time}ms
36429,2026-01-12,15:25:10,INFO,AuthService,User u3954 login successful,E101,User {user} login successful
36430,2026-01-12,15:25:35,INFO,WebServer,User u2433 login successful,E101,User {user} login successful
36431,2026-01-12,15:27:20,INFO,InventoryDB,User u3183 login successful,E101,User {user} login successful
36432,2026-01-12,15:14:18,INFO,WebServer,User u1900 login successful,E101,User {user} login successful
36433,2026-01-12,15:57:27,INFO,AuthService,Health check passed: AuthService,E102,Health check passed: {service}
36434,2026-01-12,15:03:05,INFO,AuthService,Page view: /home by u1975,E103,Page view: {page} by {user}
36435,2026-01-12,15:45:33,INFO,WebServer,Page view: /home by u2484,E103,Page view: {page} by {user}
36436,2026-01-12,15:58:07,ERROR,AuthService,Connection refused to AuthService at 10.0.0.45,E501,Connection refused to {service} at {ip}
36437,2026-01-12,15:57:06,INFO,WebServer,Page view: /home by u4609,E103,Page view: {page} by {user}
36438,2026-01-12,15:55:07,INFO,WebServer,Page view: /home by u2788,E103,Page view: {page} by {user}
36439,2026-01-12,15:11:10,INFO,WebServer,Page view: /home by u3005,E103,Page view: {page} by {user}
36440,2026-01-12,15:26:18,INFO,AuthService,Transaction tx295421 completed in 1344ms,E104,Transaction {tx} completed in {time}ms
36441,2026-01-12,15:27:37,INFO,PaymentGateway,Page view: /home by u2630,E103,Page view: {page} by {user}
36442,2026-01-12,15:48:40,INFO,OrderProcessor,User u2943 login successful,E101,User {user} login successful
36443,2026-01-12,15:41:14,INFO,WebServer,Page view: /home by u2472,E103,Page view: {page} by {user}
36444,2026-01-12,15:47:11,INFO,AuthService,Transaction tx664924 completed in 279ms,E104,Transaction {tx} completed in {time}ms
36445,2026-01-12,15:04:15,INFO,AuthService,User u1818 login successful,E101,User {user} login successful
36446,2026-01-12,15:30:35,INFO,PaymentGateway,User u2719 login successful,E101,User {user} login successful
36447,2026-01-12,15:07:31,INFO,PaymentGateway,Page view: /home by u2244,E103,Page view: {page} by {user}
36448,2026-01-12,15:25:54,INFO,AuthService,Page view: /home by u4616,E103,Page view: {page} by {user}
36449,2026-01-12,15:10:27,INFO,PaymentGateway,Health check passed: PaymentGateway,E102,Health check passed: {service}
36450,2026-01-12,15:54:28,INFO,WebServer,Page view: /home by u2649,E103,Page view: {page} by {user}
36451,2026-01-12,15:47:31,INFO,WebServer,User u3048 login successful,E101,User {user} login successful
36452,2026-01-12,15:59:26,INFO,OrderProcessor,User u4967 login successful,E101,User {user} login successful
36453,2026-01-12,15:48:39,INFO,OrderProcessor,Page view: /home by u3415,E103,Page view: {page} by {user}
36454,2026-01-12,15:32:58,INFO,WebServer,User u4112 login successful,E101,User {user} login successful
36455,2026-01-12,15:19:39,WARN,WebServer,High latency (481ms) detected on WebServer,E201,High latency ({time}ms) detected on {service}
36456,2026-01-12,15:38:47,INFO,WebServer,Health check passed: WebServer,E102,Health check passed: {service}
36457,2026-01-12,15:05:24,INFO,OrderProcessor,Transaction tx959959 completed in 491ms,E104,Transaction {tx} completed in {time}ms
36458,2026-01-12,15:58:05,INFO,WebServer,User u3922 login successful,E101,User {user} login successful
36459,2026-01-12,15:49:05,INFO,PaymentGateway,User u3090 login successful,E101,User {user} login successful
36460,2026-01-12,15:36:24,INFO,WebServer,Page view: /home by u3413,E103,Page view: {page} by {user}
36461,2026-01-12,15:37:09,INFO,WebServer,User u3828 login successful,E101,User {user} login successful
36462,2026-01-12,15:25:16,INFO,PaymentGateway,Health check passed: PaymentGateway,E102,Health check passed: {service}
36463,2026-01-12,15:59:08,INFO,WebServer,Page view: /home by u4362,E103,Page view: {page} by {user}
36464,2026-01-12,15:46:41,INFO,AuthService,Page view: /home by u2238,E103,Page view: {page} by {user}
36465,2026-01-12,15:31:26,INFO,WebServer,Transaction tx453357 completed in 871ms,E104,Transaction {tx} completed in {time}ms
36466,2026-01-12,15:54:00,INFO,AuthService,Page view: /home by u4554,E103,Page view: {page} by {user}
36467,2026-01-12,15:30:59,INFO,InventoryDB,Transaction tx164899 completed in 701ms,E104,Transaction {tx} completed in {time}ms
36468,2026-01-12,15:29:48,INFO,WebServer,User u1692 login successful,E101,User {user} login successful
36469,2026-01-12,15:38:28,INFO,WebServer,Health check passed: WebServer,E102,Health check passed: {service}
36470,2026-01-12,15:01:41,INFO,WebServer,User u2108 login successful,E101,User {user} login successful
36471,2026-01-12,15:45:26,INFO,WebServer,User u2706 login successful,E101,User {user} login successful
36472,2026-01-12,15:02:50,INFO,PaymentGateway,Health check passed: PaymentGateway,E102,Health check passed: {service}
36473,2026-01-12,15:04:59,INFO,PaymentGateway,Health check passed: PaymentGateway,E102,Health check passed: {service}
36474,2026-01-12,15:01:16,INFO,AuthService,Transaction tx922991 completed in 1568ms,E104,Transaction {tx} completed in {time}ms
36475,2026-01-12,15:14:28,INFO,WebServer,Page view: /home by u1893,E103,Page view: {page} by {user}
36476,2026-01-12,15:32:56,INFO,WebServer,Transaction tx759437 completed in 1777ms,E104,Transaction {tx} completed in {time}ms
36477,2026-01-12,15:51:12,WARN,WebServer,Disk usage > 85% on node node-5,E202,Disk usage > 85% on node {node}
36478,2026-01-12,15:50:40,INFO,WebServer,Page view: /home by u3184,E103,Page view: {page} by {user}
36479,2026-01-12,15:32:29,INFO,InventoryDB,Transaction tx363386 completed in 174ms,E104,Transaction {tx} completed in {time}ms
36480,2026-01-12,15:26:29,INFO,WebServer,Page view: /home by u3844,E103,Page view: {page} by {user}
36481,2026-01-12,15:40:42,INFO,AuthService,Health check passed: AuthService,E102,Health check passed: {service}
36482,2026-01-12,15:00:57,WARN,PaymentGateway,High latency (1997ms) detected on PaymentGateway,E201,High latency ({time}ms) detected on {service}
36483,2026-01-12,15:11:46,INFO,WebServer,User u2726 login successful,E101,User {user} login successful
36484,2026-01-12,15:02:02,INFO,OrderProcessor,Page view: /home by u3932,E103,Page view: {page} by {user}
36485,2026-01-12,15:04:30,INFO,WebServer,Transaction tx191605 completed in 129ms,E104,Transaction {tx} completed in {time}ms
36486,2026-01-12,15:27:10,INFO,WebServer,Page view: /home by u2510,E103,Page view: {page} by {user}
36487,2026-01-12,15:21:21,INFO,AuthService,Transaction tx110118 completed in 1963ms,E104,Transaction {tx} completed in {time}ms
36488,2026-01-12,15:36:30,INFO,PaymentGateway,Health check passed: PaymentGateway,E102,Health check passed: {service}
36489,2026-01-12,15:18:41,INFO,WebServer,Page view: /home by u4845,E103,Page view: {page} by {user}
36490,2026-01-12,15:54:20,INFO,OrderProcessor,Transaction tx611297 completed in 1399ms,E104,Transaction {tx} completed in {time}ms
36491,2026-01-12,15:57:16,INFO,PaymentGateway,Health check passed: PaymentGateway,E102,Health check passed: {service}
36492,2026-01-12,15:02:26,INFO,WebServer,Transaction tx190864 completed in 1921ms,E104,Transaction {tx} completed in {time}ms
36493,2026-01-12,15:18:15,INFO,AuthService,Page view: /home by u4873,E103,Page view: {page} by {user}
36494,2026-01-12,15:14:38,INFO,OrderProcessor,User u1132 login successful,E101,User {user} login successful
36495,2026-01-12,15:23:19,INFO,WebServer,Page view: /home by u3226,E103,Page view: {page} by {user}
36496,2026-01-12,15:55:43,INFO,AuthService,User u1885 login successful,E101,User {user} login successful
36497,2026-01-12,15:29:35,INFO,InventoryDB,User u3516 login successful,E101,User {user} login successful
36498,2026-01-12,15:00:13,WARN,OrderProcessor,Unauthorized access attempt from 10.0.0.45,E401,Unauthorized access attempt from {ip}
36499,2026-01-12,15:25:43,INFO,AuthService,User u3434 login successful,E101,User {user} login successful
36500,2026-01-12,15:35:37,INFO,InventoryDB,Health check passed: InventoryDB,E102,Health check passed: {service}
36501,2026-01-12,15:03:47,INFO,OrderProcessor,User u2608 login successful,E101,User {user} login successful
36502,2026-01-12,15:22:22,INFO,WebServer,Transaction tx788069 completed in 1701ms,E104,Transaction {tx} completed in {time}ms
36503,2026-01-12,15:25:45,INFO,WebServer,User u4028 login successful,E101,User {user} login successful
36504,2026-01-12,15:33:29,INFO,OrderProcessor,Health check passed: OrderProcessor,E102,Health check passed: {service}
36505,2026-01-12,15:32:02,INFO,AuthService,Page view: /home by u3415,E103,Page view: {page} by {user}
36506,2026-01-12,15:09:32,WARN,OrderProcessor,High latency (733ms) detected on OrderProcessor,E201,High latency ({time}ms) detected on {service}
36507,2026-01-12,15:39:52,INFO,WebServer,Page view: /home by u3027,E103,Page view: {page} by {user}
36508,2026-01-12,15:44:27,INFO,WebServer,Transaction tx219249 completed in 1337ms,E104,Transaction {tx} completed in {time}ms
36509,2026-01-12,15:32:47,INFO,WebServer,User u2633 login successful,E101,User {user} login successful
36510,2026-01-12,15:28:27,INFO,WebServer,Transaction tx712343 completed in 1320ms,E104,Transaction {tx} completed in {time}ms
36511,2026-01-12,15:05:33,ERROR,OrderProcessor,Payment declined: Gateway unavailable,E503,Payment declined: Gateway unavailable
36512,2026-01-12,15:00:31,INFO,WebServer,User u2788 login successful,E101,User {user} login successful
36513,2026-01-12,15:15:55,INFO,WebServer,Transaction tx212972 completed in 1289ms,E104,Transaction {tx} completed in {time}ms
36514,2026-01-12,15:09:21,INFO,WebServer,Health check passed: WebServer,E102,Health check passed: {service}
36515,2026-01-12,15:55:36,WARN,AuthService,Unauthorized access attempt from 192.168.1.5,E401,Unauthorized access attempt from {ip}
36516,2026-01-12,15:44:29,WARN,InventoryDB,Disk usage > 85% on node node-4,E202,Disk usage > 85% on node {node}
36517,2026-01-12,15:49:32,INFO,WebServer,User u4198 login successful,E101,User {user} login successful
36518,2026-01-12,15:01:13,INFO,AuthService,Transaction tx285834 completed in 261ms,E104,Transaction {tx} completed in {time}ms
36519,2026-01-12,15:11:57,INFO,WebServer,Health check passed: WebServer,E102,Health check passed: {service}
36520,2026-01-12,15:24:22,INFO,InventoryDB,Health check passed: InventoryDB,E102,Health check passed: {service}
36521,2026-01-12,15:20:49,INFO,AuthService,User u3253 login successful,E101,User {user} login successful
36522,2026-01-12,15:13:25,INFO,OrderProcessor,Transaction tx514672 completed in 1110ms,E104,Transaction {tx} completed in {time}ms
36523,2026-01-12,15:26:20,INFO,WebServer,Page view: /home by u3009,E103,Page view: {page} by {user}
36524,2026-01-12,15:31:32,INFO,AuthService,User u3118 login successful,E101,User {user} login successful
36525,2026-01-12,15:00:14,INFO,InventoryDB,User u1786 login successful,E101,User {user} login successful
36526,2026-01-12,15:29:50,INFO,PaymentGateway,Page view: /home by u1325,E103,Page view: {page} by {user}
36527,2026-01-12,15:30:37,INFO,AuthService,Transaction tx169084 completed in 1479ms,E104,Transaction {tx} completed in {time}ms
36528,2026-01-12,15:36:20,INFO,AuthService,Page view: /home by u3064,E103,Page view: {page} by {user}
36529,2026-01-12,15:19:05,CRITICAL,AuthService,KERNEL PANIC: Node node-4 crashed,E601,KERNEL PANIC: Node {node} crashed
36530,2026-01-12,15:42:47,INFO,AuthService,User u1315 login successful,E101,User {user} login successful
36531,2026-01-12,15:57:41,INFO,WebServer,Health check passed: WebServer,E102,Health check passed: {service}
36532,2026-01-12,15:24:09,WARN,WebServer,High latency (320ms) detected on WebServer,E201,High latency ({time}ms) detected on {service}
36533,2026-01-12,15:33:25,INFO,OrderProcessor,User u4625 login successful,E101,User {user} login successful
36534,2026-01-12,15:12:25,INFO,WebServer,Page view: /home by u1666,E103,Page view: {page} by {user}
36535,2026-01-12,15:03:59,INFO,AuthService,Transaction tx564187 completed in 1622ms,E104,Transaction {tx} completed in {time}ms
36536,2026-01-12,15:06:22,INFO,WebServer,Transaction tx752044 completed in 906ms,E104,Transaction {tx} completed in {time}ms
36537,2026-01-12,15:03:35,INFO,AuthService,Health check passed: AuthService,E102,Health check passed: {service}
36538,2026-01-12,15:26:12,INFO,WebServer,Health check passed: WebServer,E102,Health check passed: {service}
36539,2026-01-12,15:15:21,INFO,WebServer,Page view: /home by u2172,E103,Page view: {page} by {user}
36540,2026-01-12,15:22:52,WARN,InventoryDB,High latency (1014ms) detected on InventoryDB,E201,High latency ({time}ms) detected on {service}
36541,2026-01-12,15:56:20,INFO,AuthService,Health check passed: AuthService,E102,Health check passed: {service}
36542,2026-01-12,15:30:56,INFO,WebServer,Page view: /home by u1463,E103,Page view: {page} by {user}
36543,2026-01-12,15:45:51,INFO,WebServer,User u2003 login successful,E101,User {user} login successful
36544,2026-01-12,15:39:17,INFO,WebServer,Health check passed: WebServer,E102,Health check passed: {service}
36545,2026-01-12,15:35:14,INFO,WebServer,User u1606 login successful,E101,User {user} login successful
36546,2026-01-12,15:46:43,INFO,AuthService,Transaction tx701603 completed in 524ms,E104,Transaction {tx} completed in {time}ms
36547,2026-01-12,15:22:48,INFO,AuthService,Page view: /home by u3158,E103,Page view: {page} by {user}
36548,2026-01-12,15:58:53,INFO,AuthService,Transaction tx592959 completed in 1852ms,E104,Transaction {tx} completed in {time}ms
36549,2026-01-12,15:18:10,ERROR,PaymentGateway,Connection refused to PaymentGateway at 10.0.0.12,E501,Connection refused to {service} at {ip}
36550,2026-01-12,15:42:42,INFO,WebServer,Transaction tx807083 completed in 704ms,E104,Transaction {tx} completed in {time}ms
36551,2026-01-12,15:41:48,WARN,AuthService,High latency (1760ms) detected on AuthService,E201,High latency ({time}ms) detected on {service}
36552,2026-01-12,15:34:27,INFO,WebServer,Transaction tx364533 completed in 716ms,E104,Transaction {tx} completed in {time}ms
36553,2026-01-12,15:56:30,WARN,WebServer,Disk usage > 85% on node node-2,E202,Disk usage > 85% on node {node}
36554,2026-01-12,15:39:15,INFO,WebServer,Transaction tx846798 completed in 1081ms,E104,Transaction {tx} completed in {time}ms
36555,2026-01-12,15:13:48,WARN,PaymentGateway,Unauthorized access attempt from 192.168.1.5,E401,Unauthorized access attempt from {ip}
36556,2026-01-12,15:29:29,INFO,OrderProcessor,Transaction tx206615 completed in 1147ms,E104,Transaction {tx} completed in {time}ms
36557,2026-01-12,15:06:22,INFO,WebServer,User u4304 login successful,E101,User {user} login successful
36558,2026-01-12,15:40:33,INFO,PaymentGateway,Health check passed: PaymentGateway,E102,Health check passed: {service}
36559,2026-01-12,15:56:51,INFO,PaymentGateway,Health check passed: PaymentGateway,E102,Health check passed: {service}
36560,2026-01-12,15:32:31,INFO,WebServer,Health check passed: WebServer,E102,Health check passed: {service}
36561,2026-01-12,15:19:05,INFO,WebServer,Health check passed: WebServer,E102,Health check passed: {service}
36562,2026-01-12,15:32:50,WARN,WebServer,Disk usage > 85% on node node-1,E202,Disk usage > 85% on node {node}
36563,2026-01-12,15:42:16,INFO,InventoryDB,Health check passed: InventoryDB,E102,Health check passed: {service}
36564,2026-01-12,15:19:13,INFO,PaymentGateway,Transaction tx804628 completed in 1854ms,E104,Transaction {tx} completed in {time}ms
36565,2026-01-12,15:21:51,WARN,InventoryDB,Unauthorized access attempt from 10.0.0.45,E401,Unauthorized access attempt from {ip}
36566,2026-01-12,15:22:44,INFO,AuthService,Health check passed: AuthService,E102,Health check passed: {service}
36567,2026-01-12,15:18:30,INFO,AuthService,Health check passed: AuthService,E102,Health check passed: {service}
36568,2026-01-12,15:50:20,INFO,PaymentGateway,Health check passed: PaymentGateway,E102,Health check passed: {service}
36569,2026-01-12,15:02:19,INFO,WebServer,Transaction tx895634 completed in 1931ms,E104,Transaction {tx} completed in {time}ms
36570,2026-01-12,15:54:26,INFO,InventoryDB,Page view: /home by u2280,E103,Page view: {page} by {user}
36571,2026-01-12,15:21:02,INFO,AuthService,Health check passed: AuthService,E102,Health check passed: {service}
36572,2026-01-12,15:36:02,INFO,AuthService,User u2328 login successful,E101,User {user} login successful
36573,2026-01-12,15:54:20,INFO,WebServer,Page view: /home by u2212,E103,Page view: {page} by {user}
36574,2026-01-12,15:42:38,INFO,AuthService,Transaction tx731488 completed in 1481ms,E104,Transaction {tx} completed in {time}ms
36575,2026-01-12,15:37:09,INFO,WebServer,Health check passed: WebServer,E102,Health check passed: {service}
36576,2026-01-12,15:21:53,INFO,WebServer,Page view: /home by u4152,E103,Page view: {page} by {user}
36577,2026-01-12,15:46:29,WARN,AuthService,Unauthorized access attempt from 10.0.0.12,E401,Unauthorized access attempt from {ip}
36578,2026-01-12,15:37:49,INFO,PaymentGateway,Page view: /home by u4864,E103,Page view: {page} by {user}
36579,2026-01-12,15:45:33,INFO,PaymentGateway,Transaction tx240121 completed in 1779ms,E104,Transaction {tx} completed in {time}ms
36580,2026-01-12,15:20:18,INFO,WebServer,Transaction tx356957 completed in 1520ms,E104,Transaction {tx} completed in {time}ms
36581,2026-01-12,15:44:09,INFO,PaymentGateway,Page view: /home by u1827,E103,Page view: {page} by {user}
36582,2026-01-12,15:38:10,INFO,WebServer,Health check passed: WebServer,E102,Health check passed: {service}
36583,2026-01-12,15:52:42,WARN,OrderProcessor,Unauthorized access attempt from 10.0.0.88,E401,Unauthorized access attempt from {ip}
36584,2026-01-12,15:12:05,INFO,WebServer,Page view: /home by u4747,E103,Page view: {page} by {user}
36585,2026-01-12,15:13:31,INFO,WebServer,Transaction tx594477 completed in 992ms,E104,Transaction {tx} completed in {time}ms
36586,2026-01-12,15:59:09,INFO,WebServer,Page view: /home by u1585,E103,Page view: {page} by {user}
36587,2026-01-12,15:49:47,INFO,PaymentGateway,Health check passed: PaymentGateway,E102,Health check passed: {service}
36588,2026-01-12,15:39:31,INFO,AuthService,User u1542 login successful,E101,User {user} login successful
36589,2026-01-12,15:14:53,INFO,WebServer,Page view: /home by u1185,E103,Page view: {page} by {user}
36590,2026-01-12,15:32:25,INFO,AuthService,Health check passed: AuthService,E102,Health check passed: {service}
36591,2026-01-12,15:59:00,WARN,WebServer,High latency (1554ms) detected on WebServer,E201,High latency ({time}ms) detected on {service}
36592,2026-01-12,15:03:45,INFO,WebServer,Page view: /home by u3849,E103,Page view: {page} by {user}
36593,2026-01-12,15:03:20,INFO,WebServer,User u2921 login successful,E101,User {user} login successful
36594,2026-01-12,15:43:24,INFO,OrderProcessor,Health check passed: OrderProcessor,E102,Health check passed: {service}
36595,2026-01-12,15:52:34,INFO,WebServer,Health check passed: WebServer,E102,Health check passed: {service}
36596,2026-01-12,15:24:54,INFO,OrderProcessor,Transaction tx512135 completed in 1072ms,E104,Transaction {tx} completed in {time}ms
36597,2026-01-12,15:15:20,INFO,WebServer,Transaction tx815556 completed in 105ms,E104,Transaction {tx} completed in {time}ms
36598,2026-01-12,15:12:10,INFO,AuthService,Health check passed: AuthService,E102,Health check passed: {service}
36599,2026-01-12,15:05:57,INFO,AuthService,User u1639 login successful,E101,User {user} login successful
36600,2026-01-12,15:16:31,INFO,WebServer,User u2979 login successful,E101,User {user} login successful
36601,2026-01-12,15:54:04,INFO,AuthService,User u3313 login successful,E101,User {user} login successful
36602,2026-01-12,15:06:44,INFO,WebServer,Transaction tx932901 completed in 1320ms,E104,Transaction {tx} completed in {time}ms
36603,2026-01-12,15:59:35,INFO,WebServer,User u4984 login successful,E101,User {user} login successful
36604,2026-01-12,15:47:23,INFO,AuthService,User u4661 login successful,E101,User {user} login successful
36605,2026-01-12,15:13:29,WARN,InventoryDB,Disk usage > 85% on node node-3,E202,Disk usage > 85% on node {node}
36606,2026-01-12,15:46:58,INFO,WebServer,Health check passed: WebServer,E102,Health check passed: {service}
36607,2026-01-12,15:34:10,INFO,WebServer,Transaction tx831352 completed in 1810ms,E104,Transaction {tx} completed in {time}ms
36608,2026-01-12,15:57:51,WARN,WebServer,Disk usage > 85% on node node-2,E202,Disk usage > 85% on node {node}
36609,2026-01-12,15:05:52,INFO,OrderProcessor,User u4316 login successful,E101,User {user} login successful
36610,2026-01-12,15:28:23,INFO,WebServer,User u4700 login successful,E101,User {user} login successful
36611,2026-01-12,15:29:33,INFO,OrderProcessor,Page view: /home by u4433,E103,Page view: {page} by {user}
36612,2026-01-12,15:11:27,INFO,PaymentGateway,Transaction tx362164 completed in 274ms,E104,Transaction {tx} completed in {time}ms
36613,2026-01-12,15:56:06,INFO,OrderProcessor,Page view: /home by u1672,E103,Page view: {page} by {user}
36614,2026-01-12,15:05:07,INFO,PaymentGateway,Transaction tx884233 completed in 1296ms,E104,Transaction {tx} completed in {time}ms
36615,2026-01-12,15:52:41,INFO,WebServer,User u1508 login successful,E101,User {user} login successful
36616,2026-01-12,15:28:01,WARN,PaymentGateway,Disk usage > 85% on node node-2,E202,Disk usage > 85% on node {node}
36617,2026-01-12,15:59:32,INFO,WebServer,Health check passed: WebServer,E102,Health check passed: {service}
36618,2026-01-12,15:00:41,INFO,OrderProcessor,Page view: /home by u2393,E103,Page view: {page} by {user}
36619,2026-01-12,15:21:40,INFO,WebServer,Page view: /home by u3837,E103,Page view: {page} by {user}
36620,2026-01-12,15:39:48,INFO,WebServer,Health check passed: WebServer,E102,Health check passed: {service}
36621,2026-01-12,15:32:57,INFO,AuthService,Health check passed: AuthService,E102,Health check passed: {service}
36622,2026-01-12,15:52:45,INFO,WebServer,Health check passed: WebServer,E102,Health check passed: {service}
36623,2026-01-12,15:00:07,INFO,WebServer,User u3655 login successful,E101,User {user} login successful
36624,2026-01-12,15:23:02,INFO,OrderProcessor,Page view: /home by u3362,E103,Page view: {page} by {user}
36625,2026-01-12,15:48:54,INFO,WebServer,Health check passed: WebServer,E102,Health check passed: {service}
36626,2026-01-12,15:12:09,INFO,AuthService,User u4070 login successful,E101,User {user} login successful
36627,2026-01-12,15:03:24,INFO,WebServer,Transaction tx601353 completed in 1878ms,E104,Transaction {tx} completed in {time}ms
36628,2026-01-12,15:52:59,INFO,OrderProcessor,Page view: /home by u1185,E103,Page view: {page} by {user}
36629,2026-01-12,15:46:48,INFO,WebServer,Health check passed: WebServer,E102,Health check passed: {service}
36630,2026-01-12,15:29:08,INFO,InventoryDB,User u4887 login successful,E101,User {user} login successful
36631,2026-01-12,15:27:11,INFO,WebServer,Transaction tx236823 completed in 844ms,E104,Transaction {tx} completed in {time}ms
36632,2026-01-12,15:14:00,INFO,WebServer,Page view: /home by u2549,E103,Page view: {page} by {user}
36633,2026-01-12,15:07:10,INFO,AuthService,Transaction tx728649 completed in 47ms,E104,Transaction {tx} completed in {time}ms
36634,2026-01-12,15:04:37,INFO,WebServer,User u1096 login successful,E101,User {user} login successful
36635,2026-01-12,15:05:31,INFO,WebServer,User u4287 login successful,E101,User {user} login successful
36636,2026-01-12,15:13:50,INFO,OrderProcessor,Page view: /home by u3241,E103,Page view: {page} by {user}
36637,2026-01-12,15:38:44,INFO,WebServer,Page view: /home by u3964,E103,Page view: {page} by {user}
36638,2026-01-12,15:13:15,INFO,AuthService,Transaction tx811029 completed in 1480ms,E104,Transaction {tx} completed in {time}ms
36639,2026-01-12,15:32:09,INFO,AuthService,Page view: /home by u4066,E103,Page view: {page} by {user}
36640,2026-01-12,15:58:34,INFO,InventoryDB,Transaction tx899053 completed in 1067ms,E104,Transaction {tx} completed in {time}ms
36641,2026-01-12,15:21:45,WARN,PaymentGateway,Unauthorized access attempt from 10.0.0.45,E401,Unauthorized access attempt from {ip}
36642,2026-01-12,15:29:53,INFO,WebServer,User u3522 login successful,E101,User {user} login successful
36643,2026-01-12,15:41:21,INFO,PaymentGateway,Page view: /home by u1468,E103,Page view: {page} by {user}
36644,2026-01-12,15:06:51,INFO,AuthService,User u1480 login successful,E101,User {user} login successful
36645,2026-01-12,15:19:08,INFO,PaymentGateway,Transaction tx325428 completed in 1777ms,E104,Transaction {tx} completed in {time}ms
36646,2026-01-12,15:01:06,INFO,WebServer,User u1678 login successful,E101,User {user} login successful
36647,2026-01-12,15:45:16,INFO,WebServer,Page view: /home by u4812,E103,Page view: {page} by {user}
36648,2026-01-12,15:12:16,INFO,WebServer,Transaction tx864417 completed in 1017ms,E104,Transaction {tx} completed in {time}ms
36649,2026-01-12,15:03:16,INFO,WebServer,Transaction tx493174 completed in 1989ms,E104,Transaction {tx} completed in {time}ms
36650,2026-01-12,15:59:33,ERROR,WebServer,Timeout waiting for lock on InventoryDB,E502,Timeout waiting for lock on {db}
36651,2026-01-12,15:47:19,INFO,WebServer,Health check passed: WebServer,E102,Health check passed: {service}
36652,2026-01-12,15:37:06,INFO,AuthService,Health check passed: AuthService,E102,Health check passed: {service}
36653,2026-01-12,15:20:51,INFO,AuthService,User u1717 login successful,E101,User {user} login successful
36654,2026-01-12,15:44:19,WARN,WebServer,Unauthorized access attempt from 10.0.0.10,E401,Unauthorized access attempt from {ip}
36655,2026-01-12,15:56:45,INFO,AuthService,Transaction tx325636 completed in 646ms,E104,Transaction {tx} completed in {time}ms
36656,2026-01-12,15:07:42,INFO,OrderProcessor,Transaction tx557145 completed in 1349ms,E104,Transaction {tx} completed in {time}ms
36657,2026-01-12,15:56:34,INFO,WebServer,Health check passed: WebServer,E102,Health check passed: {service}
36658,2026-01-12,15:03:29,INFO,AuthService,User u3676 login successful,E101,User {user} login successful
36659,2026-01-12,15:28:47,INFO,OrderProcessor,Transaction tx941074 completed in 752ms,E104,Transaction {tx} completed in {time}ms
36660,2026-01-12,15:17:04,INFO,WebServer,Transaction tx431143 completed in 541ms,E104,Transaction {tx} completed in {time}ms
36661,2026-01-12,15:10:32,INFO,OrderProcessor,Health check passed: OrderProcessor,E102,Health check passed: {service}
36662,2026-01-12,15:05:58,INFO,WebServer,Transaction tx474842 completed in 400ms,E104,Transaction {tx} completed in {time}ms
36663,2026-01-12,15:59:04,INFO,OrderProcessor,Health check passed: OrderProcessor,E102,Health check passed: {service}
36664,2026-01-12,15:10:46,INFO,WebServer,User u4894 login successful,E101,User {user} login successful
36665,2026-01-12,15:21:02,INFO,OrderProcessor,Page view: /home by u2405,E103,Page view: {page} by {user}
36666,2026-01-12,15:00:17,INFO,WebServer,User u4505 login successful,E101,User {user} login successful
36667,2026-01-12,15:47:27,INFO,WebServer,User u1763 login successful,E101,User {user} login successful
36668,2026-01-12,15:59:00,INFO,WebServer,User u2301 login successful,E101,User {user} login successful
36669,2026-01-12,15:01:01,INFO,WebServer,Page view: /home by u2333,E103,Page view: {page} by {user}
36670,2026-01-12,15:46:19,INFO,WebServer,User u2994 login successful,E101,User {user} login successful
36671,2026-01-12,15:27:43,INFO,WebServer,Page view: /home by u4488,E103,Page view: {page} by {user}
36672,2026-01-12,15:04:01,INFO,InventoryDB,Health check passed: InventoryDB,E102,Health check passed: {service}
36673,2026-01-12,15:18:43,INFO,AuthService,Page view: /home by u4745,E103,Page view: {page} by {user}
36674,2026-01-12,15:41:36,INFO,PaymentGateway,User u1931 login successful,E101,User {user} login successful
36675,2026-01-12,15:18:49,INFO,AuthService,Page view: /home by u4096,E103,Page view: {page} by {user}
36676,2026-01-12,15:35:01,INFO,WebServer,Transaction tx261260 completed in 637ms,E104,Transaction {tx} completed in {time}ms
36677,2026-01-12,15:36:13,WARN,WebServer,High latency (1263ms) detected on WebServer,E201,High latency ({time}ms) detected on {service}
36678,2026-01-12,15:39:42,INFO,WebServer,Health check passed: WebServer,E102,Health check passed: {service}
36679,2026-01-12,15:54:43,INFO,OrderProcessor,Health check passed: OrderProcessor,E102,Health check passed: {service}
36680,2026-01-12,15:40:11,INFO,PaymentGateway,Health check passed: PaymentGateway,E102,Health check passed: {service}
36681,2026-01-12,15:56:23,INFO,WebServer,Transaction tx490874 completed in 1807ms,E104,Transaction {tx} completed in {time}ms
36682,2026-01-12,15:55:14,INFO,PaymentGateway,Page view: /home by u1994,E103,Page view: {page} by {user}
36683,2026-01-12,15:14:40,INFO,WebServer,Transaction tx718271 completed in 351ms,E104,Transaction {tx} completed in {time}ms
36684,2026-01-12,15:20:11,INFO,AuthService,Health check passed: AuthService,E102,Health check passed: {service}
36685,2026-01-12,15:27:52,INFO,AuthService,User u3007 login successful,E101,User {user} login successful
36686,2026-01-12,15:45:29,INFO,OrderProcessor,Page view: /home by u4491,E103,Page view: {page} by {user}
36687,2026-01-12,15:48:11,WARN,WebServer,Unauthorized access attempt from 10.0.0.10,E401,Unauthorized access attempt from {ip}
36688,2026-01-12,15:08:07,INFO,WebServer,Transaction tx986602 completed in 623ms,E104,Transaction {tx} completed in {time}ms
36689,2026-01-12,15:19:48,WARN,WebServer,Unauthorized access attempt from 10.0.0.45,E401,Unauthorized access attempt from {ip}
36690,2026-01-12,15:09:14,INFO,WebServer,User u2475 login successful,E101,User {user} login successful
36691,2026-01-12,15:23:47,INFO,OrderProcessor,User u1989 login successful,E101,User {user} login successful
36692,2026-01-12,15:28:38,INFO,OrderProcessor,User u1744 login successful,E101,User {user} login successful
36693,2026-01-12,15:06:15,INFO,WebServer,Page view: /home by u1594,E103,Page view: {page} by {user}
36694,2026-01-12,15:11:40,INFO,WebServer,Transaction tx178406 completed in 64ms,E104,Transaction {tx} completed in {time}ms
36695,2026-01-12,15:54:26,INFO,AuthService,Health check passed: AuthService,E102,Health check passed: {service}
36696,2026-01-12,15:55:42,INFO,AuthService,Transaction tx106991 completed in 1968ms,E104,Transaction {tx} completed in {time}ms
36697,2026-01-12,15:42:42,INFO,WebServer,Health check passed: WebServer,E102,Health check passed: {service}
36698,2026-01-12,15:21:18,INFO,WebServer,Transaction tx288838 completed in 1262ms,E104,Transaction {tx} completed in {time}ms
36699,2026-01-12,15:17:54,INFO,WebServer,Health check passed: WebServer,E102,Health check passed: {service}
36700,2026-01-12,15:46:35,INFO,WebServer,Page view: /home by u1319,E103,Page view: {page} by {user}
36701,2026-01-12,15:12:30,INFO,InventoryDB,User u2286 login successful,E101,User {user} login successful
36702,2026-01-12,15:25:56,INFO,WebServer,Health check passed: WebServer,E102,Health check passed: {service}
36703,2026-01-12,15:32:22,ERROR,AuthService,Timeout waiting for lock on InventoryDB,E502,Timeout waiting for lock on {db}
36704,2026-01-12,15:10:37,INFO,WebServer,User u1170 login successful,E101,User {user} login successful
36705,2026-01-12,15:56:44,INFO,WebServer,User u3386 login successful,E101,User {user} login successful
36706,2026-01-12,15:12:25,INFO,WebServer,User u1212 login successful,E101,User {user} login successful
36707,2026-01-12,15:14:45,INFO,WebServer,Health check passed: WebServer,E102,Health check passed: {service}
36708,2026-01-12,15:07:06,INFO,AuthService,Transaction tx474938 completed in 1645ms,E104,Transaction {tx} completed in {time}ms
36709,2026-01-12,15:57:10,INFO,OrderProcessor,Transaction tx771651 completed in 999ms,E104,Transaction {tx} completed in {time}ms
36710,2026-01-12,15:32:09,INFO,WebServer,Transaction tx707488 completed in 963ms,E104,Transaction {tx} completed in {time}ms
36711,2026-01-12,15:42:34,INFO,WebServer,User u4119 login successful,E101,User {user} login successful
36712,2026-01-12,15:04:58,INFO,AuthService,Transaction tx898450 completed in 1093ms,E104,Transaction {tx} completed in {time}ms
36713,2026-01-12,15:36:07,INFO,AuthService,User u3746 login successful,E101,User {user} login successful
36714,2026-01-12,15:12:33,INFO,WebServer,User u4554 login successful,E101,User {user} login successful
36715,2026-01-12,15:40:23,INFO,WebServer,Health check passed: WebServer,E102,Health check passed: {service}
36716,2026-01-12,15:02:53,INFO,AuthService,Page view: /home by u3012,E103,Page view: {page} by {user}
36717,2026-01-12,15:46:03,INFO,OrderProcessor,Transaction tx347980 completed in 1358ms,E104,Transaction {tx} completed in {time}ms
36718,2026-01-12,15:48:28,INFO,AuthService,Page view: /home by u3963,E103,Page view: {page} by {user}
36719,2026-01-12,15:09:32,WARN,AuthService,Disk usage > 85% on node node-5,E202,Disk usage > 85% on node {node}
36720,2026-01-12,15:46:56,INFO,WebServer,Page view: /home by u2230,E103,Page view: {page} by {user}
36721,2026-01-12,15:37:41,INFO,WebServer,Transaction tx704145 completed in 1972ms,E104,Transaction {tx} completed in {time}ms
36722,2026-01-12,15:18:02,INFO,WebServer,Health check passed: WebServer,E102,Health check passed: {service}
36723,2026-01-12,15:44:21,INFO,WebServer,User u2190 login successful,E101,User {user} login successful
36724,2026-01-12,15:14:42,WARN,WebServer,High latency (1560ms) detected on WebServer,E201,High latency ({time}ms) detected on {service}
36725,2026-01-12,15:00:19,INFO,AuthService,User u3983 login successful,E101,User {user} login successful
36726,2026-01-12,15:49:02,INFO,AuthService,Transaction tx875726 completed in 1818ms,E104,Transaction {tx} completed in {time}ms
36727,2026-01-12,15:10:24,INFO,WebServer,Transaction tx128430 completed in 790ms,E104,Transaction {tx} completed in {time}ms
36728,2026-01-12,15:14:02,INFO,WebServer,Page view: /home by u4173,E103,Page view: {page} by {user}
36729,2026-01-12,15:17:38,INFO,WebServer,User u1326 login successful,E101,User {user} login successful
36730,2026-01-12,15:31:28,INFO,WebServer,Health check passed: WebServer,E102,Health check passed: {service}
36731,2026-01-12,15:17:09,WARN,PaymentGateway,High latency (920ms) detected on PaymentGateway,E201,High latency ({time}ms) detected on {service}
36732,2026-01-12,15:48:47,INFO,OrderProcessor,Health check passed: OrderProcessor,E102,Health check passed: {service}
36733,2026-01-12,15:40:51,INFO,OrderProcessor,User u4047 login successful,E101,User {user} login successful
36734,2026-01-12,15:04:20,INFO,WebServer,Transaction tx414910 completed in 23ms,E104,Transaction {tx} completed in {time}ms
36735,2026-01-12,15:28:23,INFO,WebServer,User u2830 login successful,E101,User {user} login successful
36736,2026-01-12,15:49:46,INFO,InventoryDB,Transaction tx140274 completed in 360ms,E104,Transaction {tx} completed in {time}ms
36737,2026-01-12,15:24:48,INFO,WebServer,Health check passed: WebServer,E102,Health check passed: {service}
36738,2026-01-12,15:00:34,INFO,WebServer,Health check passed: WebServer,E102,Health check passed: {service}
36739,2026-01-12,15:09:31,INFO,WebServer,Transaction tx262879 completed in 1358ms,E104,Transaction {tx} completed in {time}ms
36740,2026-01-12,15:39:22,INFO,OrderProcessor,Transaction tx699483 completed in 392ms,E104,Transaction {tx} completed in {time}ms
36741,2026-01-12,15:07:12,INFO,OrderProcessor,Page view: /home by u2241,E103,Page view: {page} by {user}
36742,2026-01-12,15:19:39,INFO,WebServer,Transaction tx643665 completed in 393ms,E104,Transaction {tx} completed in {time}ms
36743,2026-01-12,15:59:34,INFO,InventoryDB,Health check passed: InventoryDB,E102,Health check passed: {service}
36744,2026-01-12,15:59:31,INFO,PaymentGateway,Page view: /home by u4986,E103,Page view: {page} by {user}
36745,2026-01-12,15:51:42,INFO,InventoryDB,Health check passed: InventoryDB,E102,Health check passed: {service}
36746,2026-01-12,15:22:55,INFO,WebServer,Transaction tx994859 completed in 1532ms,E104,Transaction {tx} completed in {time}ms
36747,2026-01-12,15:24:44,INFO,OrderProcessor,Transaction tx936871 completed in 1822ms,E104,Transaction {tx} completed in {time}ms
36748,2026-01-12,15:01:06,INFO,WebServer,Page view: /home by u3569,E103,Page view: {page} by {user}
36749,2026-01-12,15:17:46,INFO,WebServer,Page view: /home by u2486,E103,Page view: {page} by {user}
36750,2026-01-12,15:55:30,INFO,WebServer,Health check passed: WebServer,E102,Health check passed: {service}
36751,2026-01-12,15:54:37,INFO,AuthService,User u2659 login successful,E101,User {user} login successful
36752,2026-01-12,15:13:03,INFO,WebServer,Transaction tx106590 completed in 86ms,E104,Transaction {tx} completed in {time}ms
36753,2026-01-12,15:37:23,INFO,WebServer,User u2173 login successful,E101,User {user} login successful
36754,2026-01-12,15:34:19,INFO,AuthService,User u3466 login successful,E101,User {user} login successful
36755,2026-01-12,15:29:05,INFO,OrderProcessor,Transaction tx120795 completed in 1339ms,E104,Transaction {tx} completed in {time}ms
36756,2026-01-12,15:38:31,INFO,WebServer,User u2841 login successful,E101,User {user} login successful
36757,2026-01-12,15:56:58,INFO,WebServer,Transaction tx164434 completed in 1286ms,E104,Transaction {tx} completed in {time}ms
36758,2026-01-12,15:00:27,INFO,PaymentGateway,Page view: /home by u2006,E103,Page view: {page} by {user}
36759,2026-01-12,15:10:37,INFO,AuthService,Health check passed: AuthService,E102,Health check passed: {service}
36760,2026-01-12,15:16:09,WARN,WebServer,High latency (230ms) detected on WebServer,E201,High latency ({time}ms) detected on {service}
36761,2026-01-12,15:33:39,INFO,WebServer,Transaction tx956999 completed in 743ms,E104,Transaction {tx} completed in {time}ms
36762,2026-01-12,15:33:08,INFO,AuthService,Health check passed: AuthService,E102,Health check passed: {service}
36763,2026-01-12,15:25:02,INFO,PaymentGateway,Page view: /home by u4745,E103,Page view: {page} by {user}
36764,2026-01-12,15:49:55,WARN,OrderProcessor,Disk usage > 85% on node node-4,E202,Disk usage > 85% on node {node}
36765,2026-01-12,15:07:08,INFO,AuthService,User u2794 login successful,E101,User {user} login successful
36766,2026-01-12,15:00:17,INFO,WebServer,Page view: /home by u2497,E103,Page view: {page} by {user}
36767,2026-01-12,15:02:51,INFO,WebServer,User u2989 login successful,E101,User {user} login successful
36768,2026-01-12,15:54:51,WARN,WebServer,High latency (1096ms) detected on WebServer,E201,High latency ({time}ms) detected on {service}
36769,2026-01-12,15:00:45,INFO,WebServer,Transaction tx673378 completed in 1392ms,E104,Transaction {tx} completed in {time}ms
36770,2026-01-12,15:12:59,INFO,WebServer,Health check passed: WebServer,E102,Health check passed: {service}
36771,2026-01-12,15:56:29,INFO,OrderProcessor,User u1389 login successful,E101,User {user} login successful
36772,2026-01-12,15:58:47,WARN,WebServer,Disk usage > 85% on node node-5,E202,Disk usage > 85% on node {node}
36773,2026-01-12,15:59:04,ERROR,AuthService,Connection refused to AuthService at 10.0.0.45,E501,Connection refused to {service} at {ip}
36774,2026-01-12,15:44:22,INFO,OrderProcessor,Page view: /home by u1726,E103,Page view: {page} by {user}
36775,2026-01-12,15:50:53,INFO,OrderProcessor,User u3806 login successful,E101,User {user} login successful
36776,2026-01-12,15:12:46,INFO,OrderProcessor,User u1826 login successful,E101,User {user} login successful
36777,2026-01-12,15:09:26,INFO,WebServer,Transaction tx752944 completed in 170ms,E104,Transaction {tx} completed in {time}ms
36778,2026-01-12,15:23:58,INFO,AuthService,User u3782 login successful,E101,User {user} login successful
36779,2026-01-12,15:58:54,INFO,PaymentGateway,User u1657 login successful,E101,User {user} login successful
36780,2026-01-12,15:31:46,INFO,AuthService,User u3648 login successful,E101,User {user} login successful
36781,2026-01-12,15:49:24,INFO,WebServer,User u1630 login successful,E101,User {user} login successful
36782,2026-01-12,15:38:38,WARN,AuthService,Disk usage > 85% on node node-3,E202,Disk usage > 85% on node {node}
36783,2026-01-12,15:08:06,WARN,WebServer,Unauthorized access attempt from 10.0.0.45,E401,Unauthorized access attempt from {ip}
36784,2026-01-12,15:01:50,INFO,WebServer,Page view: /home by u4643,E103,Page view: {page} by {user}
36785,2026-01-12,15:58:31,ERROR,OrderProcessor,Connection refused to OrderProcessor at 10.0.0.45,E501,Connection refused to {service} at {ip}
36786,2026-01-12,15:27:29,INFO,AuthService,User u3047 login successful,E101,User {user} login successful
36787,2026-01-12,15:38:57,INFO,WebServer,Page view: /home by u3001,E103,Page view: {page} by {user}
36788,2026-01-12,15:45:59,INFO,InventoryDB,Health check passed: InventoryDB,E102,Health check passed: {service}
36789,2026-01-12,15:23:33,INFO,WebServer,Transaction tx810623 completed in 759ms,E104,Transaction {tx} completed in {time}ms
36790,2026-01-12,15:11:32,INFO,AuthService,Page view: /home by u2553,E103,Page view: {page} by {user}
36791,2026-01-12,15:31:07,INFO,WebServer,Page view: /home by u3247,E103,Page view: {page} by {user}
36792,2026-01-12,15:30:23,INFO,OrderProcessor,User u1293 login successful,E101,User {user} login successful
36793,2026-01-12,15:11:01,INFO,OrderProcessor,Page view: /home by u1929,E103,Page view: {page} by {user}
36794,2026-01-12,15:40:58,INFO,WebServer,Page view: /home by u1645,E103,Page view: {page} by {user}
36795,2026-01-12,15:08:10,INFO,WebServer,Transaction tx483770 completed in 544ms,E104,Transaction {tx} completed in {time}ms
36796,2026-01-12,15:52:11,INFO,WebServer,Transaction tx299595 completed in 164ms,E104,Transaction {tx} completed in {time}ms
36797,2026-01-12,15:15:30,CRITICAL,WebServer,DATA CORRUPTION detected in sector 884,E602,DATA CORRUPTION detected in sector {sector}
36798,2026-01-12,15:57:49,INFO,PaymentGateway,Health check passed: PaymentGateway,E102,Health check passed: {service}
36799,2026-01-12,15:04:18,INFO,WebServer,User u3273 login successful,E101,User {user} login successful
36800,2026-01-12,15:46:54,INFO,WebServer,Page view: /home by u4204,E103,Page view: {page} by {user}
36801,2026-01-12,15:48:28,INFO,AuthService,User u3934 login successful,E101,User {user} login successful
36802,2026-01-12,15:56:18,INFO,WebServer,Health check passed: WebServer,E102,Health check passed: {service}
36803,2026-01-12,15:59:07,INFO,WebServer,Health check passed: WebServer,E102,Health check passed: {service}
36804,2026-01-12,15:34:09,INFO,PaymentGateway,Health check passed: PaymentGateway,E102,Health check passed: {service}
36805,2026-01-12,15:29:27,INFO,PaymentGateway,Health check passed: PaymentGateway,E102,Health check passed: {service}
36806,2026-01-12,15:21:48,INFO,WebServer,Health check passed: WebServer,E102,Health check passed: {service}
36807,2026-01-12,15:25:06,ERROR,AuthService,Connection refused to AuthService at 10.0.0.12,E501,Connection refused to {service} at {ip}
36808,2026-01-12,15:16:20,INFO,OrderProcessor,Health check passed: OrderProcessor,E102,Health check passed: {service}
36809,2026-01-12,15:15:33,INFO,WebServer,User u1743 login successful,E101,User {user} login successful
36810,2026-01-12,15:43:08,INFO,WebServer,User u1254 login successful,E101,User {user} login successful
36811,2026-01-12,15:42:23,INFO,AuthService,Transaction tx533550 completed in 1582ms,E104,Transaction {tx} completed in {time}ms
36812,2026-01-12,15:58:19,INFO,AuthService,Health check passed: AuthService,E102,Health check passed: {service}
36813,2026-01-12,15:14:18,INFO,WebServer,Page view: /home by u4177,E103,Page view: {page} by {user}
36814,2026-01-12,15:05:54,INFO,OrderProcessor,User u2661 login successful,E101,User {user} login successful
36815,2026-01-12,15:18:27,INFO,WebServer,Page view: /home by u2000,E103,Page view: {page} by {user}
36816,2026-01-12,15:32:20,INFO,PaymentGateway,Page view: /home by u4770,E103,Page view: {page} by {user}
36817,2026-01-12,15:27:37,INFO,WebServer,Transaction tx511428 completed in 1258ms,E104,Transaction {tx} completed in {time}ms
36818,2026-01-12,15:03:50,INFO,AuthService,Transaction tx663706 completed in 483ms,E104,Transaction {tx} completed in {time}ms
36819,2026-01-12,15:39:10,INFO,PaymentGateway,Health check passed: PaymentGateway,E102,Health check passed: {service}
36820,2026-01-12,15:25:58,INFO,InventoryDB,Health check passed: InventoryDB,E102,Health check passed: {service}
36821,2026-01-12,15:16:34,INFO,OrderProcessor,Page view: /home by u3961,E103,Page view: {page} by {user}
36822,2026-01-12,15:52:41,INFO,WebServer,Transaction tx863913 completed in 135ms,E104,Transaction {tx} completed in {time}ms
36823,2026-01-12,15:44:32,INFO,WebServer,Health check passed: WebServer,E102,Health check passed: {service}
36824,2026-01-12,15:23:33,INFO,WebServer,Page view: /home by u4320,E103,Page view: {page} by {user}
36825,2026-01-12,15:53:28,INFO,PaymentGateway,Transaction tx606209 completed in 1849ms,E104,Transaction {tx} completed in {time}ms
36826,2026-01-12,15:05:52,INFO,AuthService,User u3008 login successful,E101,User {user} login successful
36827,2026-01-12,15:40:29,INFO,OrderProcessor,User u2091 login successful,E101,User {user} login successful
36828,2026-01-12,15:10:01,INFO,PaymentGateway,Health check passed: PaymentGateway,E102,Health check passed: {service}
36829,2026-01-12,15:52:46,INFO,WebServer,Transaction tx533448 completed in 1787ms,E104,Transaction {tx} completed in {time}ms
36830,2026-01-12,15:11:32,INFO,WebServer,Health check passed: WebServer,E102,Health check passed: {service}
36831,2026-01-12,15:48:23,INFO,WebServer,Transaction tx322518 completed in 1390ms,E104,Transaction {tx} completed in {time}ms
36832,2026-01-12,15:18:23,INFO,AuthService,Page view: /home by u2824,E103,Page view: {page} by {user}
36833,2026-01-12,15:36:36,INFO,WebServer,Page view: /home by u2976,E103,Page view: {page} by {user}
36834,2026-01-12,15:57:25,INFO,OrderProcessor,User u1419 login successful,E101,User {user} login successful
36835,2026-01-12,15:05:28,INFO,WebServer,User u2391 login successful,E101,User {user} login successful
36836,2026-01-12,15:06:58,INFO,PaymentGateway,User u4084 login successful,E101,User {user} login successful
36837,2026-01-12,15:36:17,INFO,WebServer,Health check passed: WebServer,E102,Health check passed: {service}
36838,2026-01-12,15:44:31,INFO,OrderProcessor,User u4678 login successful,E101,User {user} login successful
36839,2026-01-12,15:11:31,INFO,AuthService,Page view: /home by u1457,E103,Page view: {page} by {user}
36840,2026-01-12,15:46:17,INFO,OrderProcessor,User u2266 login successful,E101,User {user} login successful
36841,2026-01-12,15:09:19,INFO,InventoryDB,Health check passed: InventoryDB,E102,Health check passed: {service}
36842,2026-01-12,15:13:47,WARN,AuthService,High latency (702ms) detected on AuthService,E201,High latency ({time}ms) detected on {service}
36843,2026-01-12,15:11:05,INFO,WebServer,Page view: /home by u3093,E103,Page view: {page} by {user}
36844,2026-01-12,15:45:20,INFO,OrderProcessor,Transaction tx602928 completed in 40ms,E104,Transaction {tx} completed in {time}ms
36845,2026-01-12,15:52:42,INFO,AuthService,User u1087 login successful,E101,User {user} login successful
36846,2026-01-12,15:17:31,INFO,AuthService,Page view: /home by u2036,E103,Page view: {page} by {user}
36847,2026-01-12,15:01:46,INFO,WebServer,Transaction tx468861 completed in 1514ms,E104,Transaction {tx} completed in {time}ms
36848,2026-01-12,15:02:46,INFO,InventoryDB,Transaction tx163527 completed in 62ms,E104,Transaction {tx} completed in {time}ms
36849,2026-01-12,15:51:02,INFO,WebServer,Page view: /home by u3828,E103,Page view: {page} by {user}
36850,2026-01-12,15:04:57,INFO,AuthService,User u1545 login successful,E101,User {user} login successful
36851,2026-01-12,15:23:38,INFO,InventoryDB,Transaction tx456483 completed in 1118ms,E104,Transaction {tx} completed in {time}ms
36852,2026-01-12,15:12:20,INFO,WebServer,Health check passed: WebServer,E102,Health check passed: {service}
36853,2026-01-12,15:52:46,INFO,WebServer,User u4858 login successful,E101,User {user} login successful
36854,2026-01-12,15:20:43,WARN,OrderProcessor,Unauthorized access attempt from 10.0.0.10,E401,Unauthorized access attempt from {ip}
36855,2026-01-12,15:26:43,INFO,WebServer,Transaction tx788775 completed in 388ms,E104,Transaction {tx} completed in {time}ms
36856,2026-01-12,15:29:58,WARN,WebServer,Disk usage > 85% on node node-1,E202,Disk usage > 85% on node {node}
36857,2026-01-12,15:48:21,INFO,OrderProcessor,User u3181 login successful,E101,User {user} login successful
36858,2026-01-12,15:12:09,INFO,OrderProcessor,Page view: /home by u2605,E103,Page view: {page} by {user}
36859,2026-01-12,15:07:38,INFO,WebServer,Page view: /home by u4108,E103,Page view: {page} by {user}
36860,2026-01-12,15:13:17,INFO,WebServer,Page view: /home by u2851,E103,Page view: {page} by {user}
36861,2026-01-12,15:41:30,INFO,AuthService,User u4345 login successful,E101,User {user} login successful
36862,2026-01-12,15:13:36,INFO,PaymentGateway,Health check passed: PaymentGateway,E102,Health check passed: {service}
36863,2026-01-12,15:56:04,INFO,AuthService,Transaction tx491713 completed in 550ms,E104,Transaction {tx} completed in {time}ms
36864,2026-01-12,15:52:13,INFO,WebServer,Transaction tx983116 completed in 1524ms,E104,Transaction {tx} completed in {time}ms
36865,2026-01-12,15:57:53,INFO,PaymentGateway,Transaction tx446627 completed in 1174ms,E104,Transaction {tx} completed in {time}ms
36866,2026-01-12,15:21:35,INFO,AuthService,User u1091 login successful,E101,User {user} login successful
36867,2026-01-12,15:23:31,INFO,WebServer,User u2497 login successful,E101,User {user} login successful
36868,2026-01-12,15:38:29,INFO,AuthService,Health check passed: AuthService,E102,Health check passed: {service}
36869,2026-01-12,15:10:29,WARN,WebServer,Disk usage > 85% on node node-1,E202,Disk usage > 85% on node {node}
36870,2026-01-12,15:57:49,INFO,WebServer,Health check passed: WebServer,E102,Health check passed: {service}
36871,2026-01-12,15:53:46,WARN,PaymentGateway,High latency (371ms) detected on PaymentGateway,E201,High latency ({time}ms) detected on {service}
36872,2026-01-12,15:03:43,INFO,WebServer,User u2858 login successful,E101,User {user} login successful
36873,2026-01-12,15:14:08,INFO,PaymentGateway,Page view: /home by u2615,E103,Page view: {page} by {user}
36874,2026-01-12,15:23:25,WARN,AuthService,High latency (763ms) detected on AuthService,E201,High latency ({time}ms) detected on {service}
36875,2026-01-12,15:44:00,INFO,WebServer,User u4147 login successful,E101,User {user} login successful
36876,2026-01-12,15:38:06,INFO,AuthService,Health check passed: AuthService,E102,Health check passed: {service}
36877,2026-01-12,15:55:46,INFO,WebServer,Page view: /home by u3234,E103,Page view: {page} by {user}
36878,2026-01-12,15:14:52,INFO,WebServer,Health check passed: WebServer,E102,Health check passed: {service}
36879,2026-01-12,15:31:07,INFO,OrderProcessor,Health check passed: OrderProcessor,E102,Health check passed: {service}
36880,2026-01-12,15:39:00,ERROR,AuthService,Timeout waiting for lock on InventoryDB,E502,Timeout waiting for lock on {db}
36881,2026-01-12,15:13:06,INFO,WebServer,Health check passed: WebServer,E102,Health check passed: {service}
36882,2026-01-12,15:52:30,INFO,WebServer,User u1650 login successful,E101,User {user} login successful
36883,2026-01-12,15:47:16,INFO,AuthService,Page view: /home by u4019,E103,Page view: {page} by {user}
36884,2026-01-12,15:35:56,INFO,WebServer,Health check passed: WebServer,E102,Health check passed: {service}
36885,2026-01-12,15:12:48,INFO,AuthService,Health check passed: AuthService,E102,Health check passed: {service}
36886,2026-01-12,15:13:24,INFO,WebServer,Transaction tx149407 completed in 1693ms,E104,Transaction {tx} completed in {time}ms
36887,2026-01-12,15:45:00,INFO,WebServer,User u2546 login successful,E101,User {user} login successful
36888,2026-01-12,15:52:46,INFO,AuthService,Page view: /home by u4839,E103,Page view: {page} by {user}
36889,2026-01-12,15:58:01,INFO,WebServer,Page view: /home by u2579,E103,Page view: {page} by {user}
36890,2026-01-12,15:09:30,INFO,PaymentGateway,User u1891 login successful,E101,User {user} login successful
36891,2026-01-12,15:50:04,INFO,WebServer,Health check passed: WebServer,E102,Health check passed: {service}
36892,2026-01-12,15:01:52,WARN,WebServer,Disk usage > 85% on node node-4,E202,Disk usage > 85% on node {node}
36893,2026-01-12,15:51:04,INFO,WebServer,Transaction tx960143 completed in 382ms,E104,Transaction {tx} completed in {time}ms
36894,2026-01-12,15:36:54,INFO,WebServer,Transaction tx384212 completed in 477ms,E104,Transaction {tx} completed in {time}ms
36895,2026-01-12,15:54:00,INFO,AuthService,User u3071 login successful,E101,User {user} login successful
36896,2026-01-12,15:37:48,INFO,AuthService,Page view: /home by u4595,E103,Page view: {page} by {user}
36897,2026-01-12,15:00:56,INFO,OrderProcessor,Health check passed: OrderProcessor,E102,Health check passed: {service}
36898,2026-01-12,15:39:37,INFO,OrderProcessor,Page view: /home by u4648,E103,Page view: {page} by {user}
36899,2026-01-12,15:05:17,INFO,InventoryDB,User u1627 login successful,E101,User {user} login successful
36900,2026-01-12,15:19:13,INFO,WebServer,Transaction tx218679 completed in 54ms,E104,Transaction {tx} completed in {time}ms
36901,2026-01-12,15:05:55,INFO,OrderProcessor,User u2587 login successful,E101,User {user} login successful
36902,2026-01-12,15:41:50,INFO,WebServer,Health check passed: WebServer,E102,Health check passed: {service}
36903,2026-01-12,15:51:16,INFO,WebServer,Health check passed: WebServer,E102,Health check passed: {service}
36904,2026-01-12,15:51:46,INFO,WebServer,User u3672 login successful,E101,User {user} login successful
36905,2026-01-12,15:25:58,INFO,PaymentGateway,Page view: /home by u2129,E103,Page view: {page} by {user}
36906,2026-01-12,15:15:41,INFO,WebServer,User u4427 login successful,E101,User {user} login successful
36907,2026-01-12,15:29:50,WARN,WebServer,High latency (1386ms) detected on WebServer,E201,High latency ({time}ms) detected on {service}
36908,2026-01-12,15:03:52,INFO,WebServer,Transaction tx249473 completed in 1999ms,E104,Transaction {tx} completed in {time}ms
36909,2026-01-12,15:17:20,INFO,WebServer,Page view: /home by u1892,E103,Page view: {page} by {user}
36910,2026-01-12,15:20:43,INFO,WebServer,Health check passed: WebServer,E102,Health check passed: {service}
36911,2026-01-12,15:25:06,INFO,WebServer,Page view: /home by u2415,E103,Page view: {page} by {user}
36912,2026-01-12,15:56:21,INFO,WebServer,Transaction tx657712 completed in 1013ms,E104,Transaction {tx} completed in {time}ms
36913,2026-01-12,15:41:47,INFO,AuthService,Page view: /home by u4173,E103,Page view: {page} by {user}
36914,2026-01-12,15:44:20,INFO,PaymentGateway,User u3186 login successful,E101,User {user} login successful
36915,2026-01-12,15:17:56,INFO,OrderProcessor,Page view: /home by u1997,E103,Page view: {page} by {user}
36916,2026-01-12,15:56:00,INFO,WebServer,User u1524 login successful,E101,User {user} login successful
36917,2026-01-12,15:41:51,INFO,OrderProcessor,Transaction tx797075 completed in 449ms,E104,Transaction {tx} completed in {time}ms
36918,2026-01-12,15:17:37,ERROR,OrderProcessor,Timeout waiting for lock on InventoryDB,E502,Timeout waiting for lock on {db}
36919,2026-01-12,15:32:21,INFO,WebServer,Page view: /home by u1977,E103,Page view: {page} by {user}
36920,2026-01-12,15:56:55,INFO,WebServer,User u3337 login successful,E101,User {user} login successful
36921,2026-01-12,15:25:03,INFO,AuthService,Transaction tx471543 completed in 1913ms,E104,Transaction {tx} completed in {time}ms
36922,2026-01-12,15:05:05,INFO,OrderProcessor,Transaction tx414033 completed in 1858ms,E104,Transaction {tx} completed in {time}ms
36923,2026-01-12,15:19:55,INFO,AuthService,Page view: /home by u2906,E103,Page view: {page} by {user}
36924,2026-01-12,15:35:54,INFO,WebServer,Health check passed: WebServer,E102,Health check passed: {service}
36925,2026-01-12,15:42:34,INFO,OrderProcessor,Health check passed: OrderProcessor,E102,Health check passed: {service}
36926,2026-01-12,15:00:54,INFO,WebServer,User u4987 login successful,E101,User {user} login successful
36927,2026-01-12,15:08:46,INFO,WebServer,User u4860 login successful,E101,User {user} login successful
36928,2026-01-12,15:12:13,INFO,WebServer,Transaction tx487856 completed in 372ms,E104,Transaction {tx} completed in {time}ms
36929,2026-01-12,15:00:57,INFO,InventoryDB,Health check passed: InventoryDB,E102,Health check passed: {service}
36930,2026-01-12,15:07:47,INFO,AuthService,User u1378 login successful,E101,User {user} login successful
36931,2026-01-12,15:51:46,INFO,WebServer,User u4620 login successful,E101,User {user} login successful
36932,2026-01-12,15:07:52,INFO,OrderProcessor,Page view: /home by u1671,E103,Page view: {page} by {user}
36933,2026-01-12,15:21:37,INFO,InventoryDB,Transaction tx630270 completed in 408ms,E104,Transaction {tx} completed in {time}ms
36934,2026-01-12,15:15:18,INFO,WebServer,Page view: /home by u1820,E103,Page view: {page} by {user}
36935,2026-01-12,15:10:46,INFO,WebServer,Transaction tx579349 completed in 1545ms,E104,Transaction {tx} completed in {time}ms
36936,2026-01-12,15:24:56,ERROR,OrderProcessor,Payment declined: Gateway unavailable,E503,Payment declined: Gateway unavailable
36937,2026-01-12,15:32:18,INFO,OrderProcessor,Transaction tx945347 completed in 748ms,E104,Transaction {tx} completed in {time}ms
36938,2026-01-12,15:06:03,INFO,AuthService,Page view: /home by u4098,E103,Page view: {page} by {user}
36939,2026-01-12,15:00:20,INFO,OrderProcessor,Transaction tx933674 completed in 1800ms,E104,Transaction {tx} completed in {time}ms
36940,2026-01-12,15:48:30,INFO,AuthService,Transaction tx212356 completed in 964ms,E104,Transaction {tx} completed in {time}ms
36941,2026-01-12,15:42:56,INFO,OrderProcessor,Page view: /home by u3836,E103,Page view: {page} by {user}
36942,2026-01-12,15:18:38,INFO,WebServer,Page view: /home by u2929,E103,Page view: {page} by {user}
36943,2026-01-12,15:30:23,INFO,WebServer,Transaction tx879142 completed in 1939ms,E104,Transaction {tx} completed in {time}ms
36944,2026-01-12,15:06:35,INFO,OrderProcessor,Page view: /home by u1961,E103,Page view: {page} by {user}
36945,2026-01-12,15:01:02,INFO,WebServer,Page view: /home by u1017,E103,Page view: {page} by {user}
36946,2026-01-12,15:41:42,INFO,PaymentGateway,Transaction tx649979 completed in 1129ms,E104,Transaction {tx} completed in {time}ms
36947,2026-01-12,15:35:02,INFO,AuthService,User u3206 login successful,E101,User {user} login successful
36948,2026-01-12,15:52:02,ERROR,WebServer,Timeout waiting for lock on InventoryDB,E502,Timeout waiting for lock on {db}
36949,2026-01-12,15:22:19,INFO,OrderProcessor,Transaction tx911486 completed in 1806ms,E104,Transaction {tx} completed in {time}ms
36950,2026-01-12,15:07:04,INFO,OrderProcessor,Transaction tx177188 completed in 1196ms,E104,Transaction {tx} completed in {time}ms
36951,2026-01-12,15:20:07,INFO,WebServer,User u3197 login successful,E101,User {user} login successful
36952,2026-01-12,15:39:23,INFO,WebServer,Transaction tx138451 completed in 1421ms,E104,Transaction {tx} completed in {time}ms
36953,2026-01-12,15:10:57,INFO,WebServer,User u4805 login successful,E101,User {user} login successful
36954,2026-01-12,15:51:09,INFO,OrderProcessor,User u3540 login successful,E101,User {user} login successful
36955,2026-01-12,15:09:47,INFO,WebServer,Transaction tx163477 completed in 956ms,E104,Transaction {tx} completed in {time}ms
36956,2026-01-12,15:06:52,INFO,WebServer,Page view: /home by u2232,E103,Page view: {page} by {user}
36957,2026-01-12,15:01:23,INFO,OrderProcessor,Transaction tx261247 completed in 1384ms,E104,Transaction {tx} completed in {time}ms
36958,2026-01-12,15:05:52,INFO,WebServer,Health check passed: WebServer,E102,Health check passed: {service}
36959,2026-01-12,15:45:58,INFO,WebServer,Transaction tx511779 completed in 1476ms,E104,Transaction {tx} completed in {time}ms
36960,2026-01-12,15:20:18,ERROR,WebServer,Connection refused to WebServer at 10.0.0.12,E501,Connection refused to {service} at {ip}
36961,2026-01-12,15:55:28,INFO,PaymentGateway,Transaction tx605749 completed in 1687ms,E104,Transaction {tx} completed in {time}ms
36962,2026-01-12,15:40:11,INFO,WebServer,Page view: /home by u3859,E103,Page view: {page} by {user}
36963,2026-01-12,15:06:56,INFO,PaymentGateway,Health check passed: PaymentGateway,E102,Health check passed: {service}
36964,2026-01-12,15:41:44,INFO,WebServer,User u2593 login successful,E101,User {user} login successful
36965,2026-01-12,15:50:48,INFO,AuthService,Health check passed: AuthService,E102,Health check passed: {service}
36966,2026-01-12,15:38:11,INFO,WebServer,Page view: /home by u4734,E103,Page view: {page} by {user}
36967,2026-01-12,15:44:00,INFO,WebServer,User u3729 login successful,E101,User {user} login successful
36968,2026-01-12,15:05:35,INFO,WebServer,Transaction tx983484 completed in 1712ms,E104,Transaction {tx} completed in {time}ms
36969,2026-01-12,15:28:14,INFO,OrderProcessor,Page view: /home by u1635,E103,Page view: {page} by {user}
36970,2026-01-12,15:16:21,WARN,AuthService,High latency (818ms) detected on AuthService,E201,High latency ({time}ms) detected on {service}
36971,2026-01-12,15:20:04,INFO,WebServer,Page view: /home by u3842,E103,Page view: {page} by {user}
36972,2026-01-12,15:33:17,INFO,WebServer,Transaction tx669781 completed in 130ms,E104,Transaction {tx} completed in {time}ms
36973,2026-01-12,15:37:29,INFO,WebServer,Page view: /home by u3036,E103,Page view: {page} by {user}
36974,2026-01-12,15:27:37,INFO,PaymentGateway,Page view: /home by u2154,E103,Page view: {page} by {user}
36975,2026-01-12,15:53:28,INFO,OrderProcessor,User u2099 login successful,E101,User {user} login successful
36976,2026-01-12,15:31:13,INFO,InventoryDB,User u3339 login successful,E101,User {user} login successful
36977,2026-01-12,15:35:31,INFO,OrderProcessor,Transaction tx242984 completed in 589ms,E104,Transaction {tx} completed in {time}ms
36978,2026-01-12,15:46:53,INFO,AuthService,Transaction tx759479 completed in 414ms,E104,Transaction {tx} completed in {time}ms
36979,2026-01-12,15:04:48,INFO,WebServer,Transaction tx482210 completed in 1018ms,E104,Transaction {tx} completed in {time}ms
36980,2026-01-12,15:12:18,INFO,WebServer,User u1792 login successful,E101,User {user} login successful
36981,2026-01-12,15:23:10,INFO,WebServer,User u4363 login successful,E101,User {user} login successful
36982,2026-01-12,15:19:23,INFO,OrderProcessor,Health check passed: OrderProcessor,E102,Health check passed: {service}
36983,2026-01-12,15:03:51,INFO,WebServer,Health check passed: WebServer,E102,Health check passed: {service}
36984,2026-01-12,15:02:23,INFO,PaymentGateway,Health check passed: PaymentGateway,E102,Health check passed: {service}
36985,2026-01-12,15:40:33,INFO,AuthService,Health check passed: AuthService,E102,Health check passed: {service}
36986,2026-01-12,15:32:07,WARN,WebServer,Unauthorized access attempt from 10.0.0.88,E401,Unauthorized access attempt from {ip}
36987,2026-01-12,15:53:52,INFO,WebServer,Page view: /home by u1684,E103,Page view: {page} by {user}
36988,2026-01-12,15:33:37,INFO,WebServer,Health check passed: WebServer,E102,Health check passed: {service}
36989,2026-01-12,15:37:16,INFO,AuthService,Transaction tx451302 completed in 928ms,E104,Transaction {tx} completed in {time}ms
36990,2026-01-12,15:22:12,INFO,AuthService,User u4570 login successful,E101,User {user} login successful
36991,2026-01-12,15:21:32,INFO,WebServer,User u3224 login successful,E101,User {user} login successful
36992,2026-01-12,15:36:46,INFO,OrderProcessor,Page view: /home by u2137,E103,Page view: {page} by {user}
36993,2026-01-12,15:37:09,INFO,WebServer,Page view: /home by u4276,E103,Page view: {page} by {user}
36994,2026-01-12,15:45:52,INFO,WebServer,Transaction tx806135 completed in 1543ms,E104,Transaction {tx} completed in {time}ms
36995,2026-01-12,15:22:19,INFO,PaymentGateway,Page view: /home by u4964,E103,Page view: {page} by {user}
36996,2026-01-12,15:02:20,INFO,WebServer,User u1532 login successful,E101,User {user} login successful
36997,2026-01-12,15:31:20,INFO,InventoryDB,Page view: /home by u3618,E103,Page view: {page} by {user}
36998,2026-01-12,15:36:20,INFO,PaymentGateway,Health check passed: PaymentGateway,E102,Health check passed: {service}
36999,2026-01-12,15:05:30,INFO,InventoryDB,Health check passed: InventoryDB,E102,Health check passed: {service}
37000,2026-01-12,15:01:49,INFO,WebServer,User u3662 login successful,E101,User {user} login successful
37001,2026-01-12,15:38:05,INFO,PaymentGateway,Health check passed: PaymentGateway,E102,Health check passed: {service}
37002,2026-01-12,15:28:38,INFO,WebServer,Transaction tx380583 completed in 1981ms,E104,Transaction {tx} completed in {time}ms
37003,2026-01-12,15:53:25,INFO,WebServer,Transaction tx462987 completed in 717ms,E104,Transaction {tx} completed in {time}ms
37004,2026-01-12,15:00:28,INFO,PaymentGateway,Page view: /home by u2943,E103,Page view: {page} by {user}
37005,2026-01-12,15:26:47,INFO,WebServer,User u3212 login successful,E101,User {user} login successful
37006,2026-01-12,15:12:59,INFO,AuthService,Transaction tx737492 completed in 1163ms,E104,Transaction {tx} completed in {time}ms
37007,2026-01-12,15:39:56,INFO,WebServer,User u4857 login successful,E101,User {user} login successful
37008,2026-01-12,15:47:05,INFO,AuthService,Health check passed: AuthService,E102,Health check passed: {service}
37009,2026-01-12,15:07:38,INFO,WebServer,User u3227 login successful,E101,User {user} login successful
37010,2026-01-12,15:33:41,INFO,WebServer,Page view: /home by u1480,E103,Page view: {page} by {user}
37011,2026-01-12,15:35:57,INFO,InventoryDB,User u1333 login successful,E101,User {user} login successful
37012,2026-01-12,15:25:20,INFO,WebServer,Transaction tx871531 completed in 930ms,E104,Transaction {tx} completed in {time}ms
37013,2026-01-12,15:24:56,INFO,AuthService,Transaction tx179920 completed in 1180ms,E104,Transaction {tx} completed in {time}ms
37014,2026-01-12,15:59:05,INFO,WebServer,Page view: /home by u3940,E103,Page view: {page} by {user}
37015,2026-01-12,15:49:32,INFO,AuthService,Health check passed: AuthService,E102,Health check passed: {service}
37016,2026-01-12,15:15:36,INFO,InventoryDB,Health check passed: InventoryDB,E102,Health check passed: {service}
37017,2026-01-12,15:52:23,INFO,WebServer,User u2161 login successful,E101,User {user} login successful
37018,2026-01-12,15:22:41,INFO,OrderProcessor,Health check passed: OrderProcessor,E102,Health check passed: {service}
37019,2026-01-12,15:35:03,INFO,WebServer,Transaction tx174646 completed in 289ms,E104,Transaction {tx} completed in {time}ms
37020,2026-01-12,15:31:28,INFO,WebServer,User u1889 login successful,E101,User {user} login successful
37021,2026-01-12,15:21:38,INFO,AuthService,Page view: /home by u1479,E103,Page view: {page} by {user}
37022,2026-01-12,15:25:40,INFO,WebServer,Transaction tx939795 completed in 1643ms,E104,Transaction {tx} completed in {time}ms
37023,2026-01-12,15:01:14,WARN,PaymentGateway,Disk usage > 85% on node node-1,E202,Disk usage > 85% on node {node}
37024,2026-01-12,15:25:11,INFO,WebServer,Page view: /home by u2585,E103,Page view: {page} by {user}
37025,2026-01-12,15:22:29,INFO,WebServer,Page view: /home by u1128,E103,Page view: {page} by {user}
37026,2026-01-12,15:59:33,WARN,PaymentGateway,Unauthorized access attempt from 10.0.0.45,E401,Unauthorized access attempt from {ip}
37027,2026-01-12,15:25:49,INFO,WebServer,Transaction tx235321 completed in 1490ms,E104,Transaction {tx} completed in {time}ms
37028,2026-01-12,15:00:56,INFO,AuthService,Transaction tx628721 completed in 1108ms,E104,Transaction {tx} completed in {time}ms
37029,2026-01-12,15:09:38,INFO,InventoryDB,User u2220 login successful,E101,User {user} login successful
37030,2026-01-12,15:18:10,INFO,OrderProcessor,Health check passed: OrderProcessor,E102,Health check passed: {service}
37031,2026-01-12,15:03:50,ERROR,PaymentGateway,Payment declined: Gateway unavailable,E503,Payment declined: Gateway unavailable
37032,2026-01-12,15:49:00,INFO,WebServer,Page view: /home by u2939,E103,Page view: {page} by {user}
37033,2026-01-12,15:00:49,WARN,AuthService,Disk usage > 85% on node node-5,E202,Disk usage > 85% on node {node}
37034,2026-01-12,15:53:18,INFO,WebServer,User u3818 login successful,E101,User {user} login successful
37035,2026-01-12,15:14:08,INFO,WebServer,User u2884 login successful,E101,User {user} login successful
37036,2026-01-12,15:45:29,INFO,WebServer,Health check passed: WebServer,E102,Health check passed: {service}
37037,2026-01-12,15:17:37,WARN,WebServer,Unauthorized access attempt from 10.0.0.12,E401,Unauthorized access attempt from {ip}
37038,2026-01-12,15:55:17,INFO,AuthService,Transaction tx349710 completed in 572ms,E104,Transaction {tx} completed in {time}ms
37039,2026-01-12,15:01:58,INFO,OrderProcessor,Transaction tx260258 completed in 838ms,E104,Transaction {tx} completed in {time}ms
37040,2026-01-12,15:25:57,INFO,AuthService,Page view: /home by u3087,E103,Page view: {page} by {user}
37041,2026-01-12,15:18:05,CRITICAL,AuthService,KERNEL PANIC: Node node-2 crashed,E601,KERNEL PANIC: Node {node} crashed
37042,2026-01-12,15:15:44,INFO,WebServer,Transaction tx913407 completed in 779ms,E104,Transaction {tx} completed in {time}ms
37043,2026-01-12,15:25:55,INFO,WebServer,User u4075 login successful,E101,User {user} login successful
37044,2026-01-12,15:10:09,INFO,OrderProcessor,Health check passed: OrderProcessor,E102,Health check passed: {service}
37045,2026-01-12,15:13:56,INFO,AuthService,Page view: /home by u3997,E103,Page view: {page} by {user}
37046,2026-01-12,15:25:22,WARN,PaymentGateway,Unauthorized access attempt from 10.0.0.45,E401,Unauthorized access attempt from {ip}
37047,2026-01-12,15:21:43,INFO,WebServer,User u3237 login successful,E101,User {user} login successful
37048,2026-01-12,15:22:07,INFO,WebServer,User u4850 login successful,E101,User {user} login successful
37049,2026-01-12,15:17:29,INFO,WebServer,Page view: /home by u4817,E103,Page view: {page} by {user}
37050,2026-01-12,15:14:22,INFO,AuthService,Page view: /home by u2888,E103,Page view: {page} by {user}
37051,2026-01-12,15:12:35,INFO,WebServer,Transaction tx132136 completed in 735ms,E104,Transaction {tx} completed in {time}ms
37052,2026-01-12,15:58:16,INFO,WebServer,Transaction tx177652 completed in 563ms,E104,Transaction {tx} completed in {time}ms
37053,2026-01-12,15:46:49,INFO,WebServer,Health check passed: WebServer,E102,Health check passed: {service}
37054,2026-01-12,15:23:40,INFO,WebServer,Page view: /home by u1094,E103,Page view: {page} by {user}
37055,2026-01-12,15:04:30,INFO,AuthService,User u2241 login successful,E101,User {user} login successful
37056,2026-01-12,15:25:03,INFO,WebServer,Page view: /home by u2072,E103,Page view: {page} by {user}
37057,2026-01-12,15:09:59,INFO,PaymentGateway,Health check passed: PaymentGateway,E102,Health check passed: {service}
37058,2026-01-12,15:14:31,WARN,WebServer,Unauthorized access attempt from 10.0.0.12,E401,Unauthorized access attempt from {ip}
37059,2026-01-12,15:26:20,INFO,WebServer,User u3845 login successful,E101,User {user} login successful
37060,2026-01-12,15:10:41,INFO,InventoryDB,Health check passed: InventoryDB,E102,Health check passed: {service}
37061,2026-01-12,15:16:14,INFO,OrderProcessor,Page view: /home by u4701,E103,Page view: {page} by {user}
37062,2026-01-12,15:56:44,INFO,WebServer,Health check passed: WebServer,E102,Health check passed: {service}
37063,2026-01-12,15:20:49,INFO,WebServer,Health check passed: WebServer,E102,Health check passed: {service}
37064,2026-01-12,15:35:39,INFO,WebServer,Transaction tx990453 completed in 1595ms,E104,Transaction {tx} completed in {time}ms
37065,2026-01-12,15:54:00,INFO,PaymentGateway,Health check passed: PaymentGateway,E102,Health check passed: {service}
37066,2026-01-12,15:34:48,INFO,WebServer,Transaction tx964555 completed in 440ms,E104,Transaction {tx} completed in {time}ms
37067,2026-01-12,15:45:09,INFO,AuthService,Health check passed: AuthService,E102,Health check passed: {service}
37068,2026-01-12,15:23:49,INFO,WebServer,Page view: /home by u4171,E103,Page view: {page} by {user}
37069,2026-01-12,15:31:15,INFO,WebServer,Health check passed: WebServer,E102,Health check passed: {service}
37070,2026-01-12,15:44:41,INFO,WebServer,Health check passed: WebServer,E102,Health check passed: {service}
37071,2026-01-12,15:12:19,ERROR,AuthService,Connection refused to AuthService at 10.0.0.45,E501,Connection refused to {service} at {ip}
37072,2026-01-12,15:10:59,INFO,WebServer,Page view: /home by u4309,E103,Page view: {page} by {user}
37073,2026-01-12,15:28:19,INFO,PaymentGateway,User u4746 login successful,E101,User {user} login successful
37074,2026-01-12,15:26:08,INFO,WebServer,User u4016 login successful,E101,User {user} login successful
37075,2026-01-12,15:36:16,INFO,AuthService,User u4052 login successful,E101,User {user} login successful
37076,2026-01-12,15:40:46,INFO,PaymentGateway,Transaction tx700749 completed in 1124ms,E104,Transaction {tx} completed in {time}ms
37077,2026-01-12,15:43:45,INFO,WebServer,User u3735 login successful,E101,User {user} login successful
37078,2026-01-12,15:56:53,INFO,AuthService,Health check passed: AuthService,E102,Health check passed: {service}
37079,2026-01-12,15:12:38,INFO,AuthService,User u4630 login successful,E101,User {user} login successful
37080,2026-01-12,15:06:24,INFO,WebServer,Health check passed: WebServer,E102,Health check passed: {service}
37081,2026-01-12,15:26:04,INFO,PaymentGateway,Page view: /home by u1266,E103,Page view: {page} by {user}
37082,2026-01-12,15:25:18,INFO,OrderProcessor,Health check passed: OrderProcessor,E102,Health check passed: {service}
37083,2026-01-12,15:21:08,INFO,WebServer,User u4045 login successful,E101,User {user} login successful
37084,2026-01-12,15:31:48,INFO,OrderProcessor,Transaction tx472541 completed in 1625ms,E104,Transaction {tx} completed in {time}ms
37085,2026-01-12,15:37:55,INFO,WebServer,Page view: /home by u2056,E103,Page view: {page} by {user}
37086,2026-01-12,15:57:25,INFO,OrderProcessor,Health check passed: OrderProcessor,E102,Health check passed: {service}
37087,2026-01-12,15:06:05,INFO,WebServer,Health check passed: WebServer,E102,Health check passed: {service}
37088,2026-01-12,15:38:32,INFO,AuthService,Transaction tx524132 completed in 1187ms,E104,Transaction {tx} completed in {time}ms
37089,2026-01-12,15:16:05,INFO,AuthService,Page view: /home by u3326,E103,Page view: {page} by {user}
37090,2026-01-12,15:49:44,INFO,WebServer,Transaction tx346727 completed in 1953ms,E104,Transaction {tx} completed in {time}ms
37091,2026-01-12,15:12:29,INFO,WebServer,User u1928 login successful,E101,User {user} login successful
37092,2026-01-12,15:54:16,INFO,WebServer,Page view: /home by u3873,E103,Page view: {page} by {user}
37093,2026-01-12,15:31:55,INFO,WebServer,Health check passed: WebServer,E102,Health check passed: {service}
37094,2026-01-12,15:48:23,INFO,WebServer,Transaction tx611789 completed in 1748ms,E104,Transaction {tx} completed in {time}ms
37095,2026-01-12,15:40:05,INFO,PaymentGateway,Page view: /home by u3712,E103,Page view: {page} by {user}
37096,2026-01-12,15:23:14,WARN,AuthService,High latency (206ms) detected on AuthService,E201,High latency ({time}ms) detected on {service}
37097,2026-01-12,15:05:03,INFO,AuthService,Page view: /home by u2283,E103,Page view: {page} by {user}
37098,2026-01-12,15:51:55,INFO,WebServer,Page view: /home by u4009,E103,Page view: {page} by {user}
37099,2026-01-12,15:46:19,INFO,OrderProcessor,Page view: /home by u3252,E103,Page view: {page} by {user}
37100,2026-01-12,15:10:17,INFO,WebServer,Transaction tx946378 completed in 284ms,E104,Transaction {tx} completed in {time}ms
37101,2026-01-12,15:51:01,INFO,WebServer,Transaction tx293234 completed in 186ms,E104,Transaction {tx} completed in {time}ms
37102,2026-01-12,15:21:30,INFO,WebServer,Health check passed: WebServer,E102,Health check passed: {service}
37103,2026-01-12,15:33:10,INFO,AuthService,User u4148 login successful,E101,User {user} login successful
37104,2026-01-12,15:01:09,INFO,WebServer,Transaction tx185181 completed in 1042ms,E104,Transaction {tx} completed in {time}ms
37105,2026-01-12,15:15:14,INFO,PaymentGateway,User u4171 login successful,E101,User {user} login successful
37106,2026-01-12,15:04:10,INFO,AuthService,Health check passed: AuthService,E102,Health check passed: {service}
37107,2026-01-12,15:23:01,INFO,WebServer,Page view: /home by u2766,E103,Page view: {page} by {user}
37108,2026-01-12,15:48:48,INFO,WebServer,User u2618 login successful,E101,User {user} login successful
37109,2026-01-12,15:21:48,INFO,AuthService,User u3866 login successful,E101,User {user} login successful
37110,2026-01-12,15:44:14,INFO,WebServer,Transaction tx561129 completed in 294ms,E104,Transaction {tx} completed in {time}ms
37111,2026-01-12,15:12:18,ERROR,AuthService,Connection refused to AuthService at 10.0.0.10,E501,Connection refused to {service} at {ip}
37112,2026-01-12,15:37:52,INFO,WebServer,Transaction tx597233 completed in 1981ms,E104,Transaction {tx} completed in {time}ms
37113,2026-01-12,15:03:20,INFO,WebServer,Health check passed: WebServer,E102,Health check passed: {service}
37114,2026-01-12,15:31:17,INFO,AuthService,Health check passed: AuthService,E102,Health check passed: {service}
37115,2026-01-12,15:03:14,WARN,PaymentGateway,High latency (869ms) detected on PaymentGateway,E201,High latency ({time}ms) detected on {service}
37116,2026-01-12,15:19:33,INFO,InventoryDB,Health check passed: InventoryDB,E102,Health check passed: {service}
37117,2026-01-12,15:40:47,INFO,WebServer,User u4215 login successful,E101,User {user} login successful
37118,2026-01-12,15:43:45,INFO,OrderProcessor,User u1120 login successful,E101,User {user} login successful
37119,2026-01-12,15:57:01,INFO,AuthService,Health check passed: AuthService,E102,Health check passed: {service}
37120,2026-01-12,15:10:57,INFO,InventoryDB,Health check passed: InventoryDB,E102,Health check passed: {service}
37121,2026-01-12,15:02:56,INFO,AuthService,Page view: /home by u4720,E103,Page view: {page} by {user}
37122,2026-01-12,15:32:03,INFO,AuthService,Health check passed: AuthService,E102,Health check passed: {service}
37123,2026-01-12,15:08:57,INFO,WebServer,Page view: /home by u3927,E103,Page view: {page} by {user}
37124,2026-01-12,15:38:36,ERROR,AuthService,Payment declined: Gateway unavailable,E503,Payment declined: Gateway unavailable
37125,2026-01-12,15:58:36,INFO,WebServer,Transaction tx637933 completed in 1390ms,E104,Transaction {tx} completed in {time}ms
37126,2026-01-12,15:55:42,INFO,PaymentGateway,Page view: /home by u3289,E103,Page view: {page} by {user}
37127,2026-01-12,15:55:09,INFO,WebServer,Transaction tx178603 completed in 1760ms,E104,Transaction {tx} completed in {time}ms
37128,2026-01-12,15:53:38,INFO,AuthService,User u4627 login successful,E101,User {user} login successful
37129,2026-01-12,15:17:21,INFO,WebServer,Page view: /home by u1664,E103,Page view: {page} by {user}
37130,2026-01-12,15:18:17,INFO,PaymentGateway,Health check passed: PaymentGateway,E102,Health check passed: {service}
37131,2026-01-12,15:07:13,INFO,WebServer,Transaction tx250311 completed in 1549ms,E104,Transaction {tx} completed in {time}ms
37132,2026-01-12,15:02:51,INFO,WebServer,User u2942 login successful,E101,User {user} login successful
37133,2026-01-12,15:52:59,INFO,AuthService,Transaction tx125937 completed in 517ms,E104,Transaction {tx} completed in {time}ms
37134,2026-01-12,15:24:52,INFO,WebServer,Transaction tx973319 completed in 1905ms,E104,Transaction {tx} completed in {time}ms
37135,2026-01-12,15:03:04,INFO,WebServer,Page view: /home by u4573,E103,Page view: {page} by {user}
37136,2026-01-12,15:35:38,INFO,PaymentGateway,Health check passed: PaymentGateway,E102,Health check passed: {service}
37137,2026-01-12,15:26:03,INFO,PaymentGateway,Health check passed: PaymentGateway,E102,Health check passed: {service}
37138,2026-01-12,15:03:00,WARN,OrderProcessor,High latency (238ms) detected on OrderProcessor,E201,High latency ({time}ms) detected on {service}
37139,2026-01-12,15:44:00,INFO,WebServer,Health check passed: WebServer,E102,Health check passed: {service}
37140,2026-01-12,15:49:25,INFO,OrderProcessor,Health check passed: OrderProcessor,E102,Health check passed: {service}
37141,2026-01-12,15:15:13,INFO,WebServer,User u4900 login successful,E101,User {user} login successful
37142,2026-01-12,15:44:07,INFO,WebServer,Page view: /home by u3602,E103,Page view: {page} by {user}
37143,2026-01-12,15:28:05,INFO,AuthService,Transaction tx426702 completed in 1444ms,E104,Transaction {tx} completed in {time}ms
37144,2026-01-12,15:31:18,WARN,WebServer,Disk usage > 85% on node node-5,E202,Disk usage > 85% on node {node}
37145,2026-01-12,15:52:00,INFO,WebServer,Transaction tx846099 completed in 1975ms,E104,Transaction {tx} completed in {time}ms
37146,2026-01-12,15:26:52,INFO,PaymentGateway,Health check passed: PaymentGateway,E102,Health check passed: {service}
37147,2026-01-12,15:49:48,INFO,WebServer,Page view: /home by u1561,E103,Page view: {page} by {user}
37148,2026-01-12,15:10:53,INFO,WebServer,User u4346 login successful,E101,User {user} login successful
37149,2026-01-12,15:03:15,INFO,WebServer,User u3923 login successful,E101,User {user} login successful
37150,2026-01-12,15:48:11,INFO,WebServer,Health check passed: WebServer,E102,Health check passed: {service}
37151,2026-01-12,15:49:45,INFO,WebServer,User u1968 login successful,E101,User {user} login successful
37152,2026-01-12,15:31:14,INFO,WebServer,User u3796 login successful,E101,User {user} login successful
37153,2026-01-12,15:26:01,INFO,AuthService,User u2537 login successful,E101,User {user} login successful
37154,2026-01-12,15:50:42,INFO,OrderProcessor,Transaction tx654806 completed in 269ms,E104,Transaction {tx} completed in {time}ms
37155,2026-01-12,15:40:21,INFO,WebServer,Page view: /home by u1023,E103,Page view: {page} by {user}
37156,2026-01-12,15:43:04,INFO,AuthService,User u4671 login successful,E101,User {user} login successful
37157,2026-01-12,15:46:03,INFO,WebServer,Health check passed: WebServer,E102,Health check passed: {service}
37158,2026-01-12,15:24:07,INFO,OrderProcessor,Health check passed: OrderProcessor,E102,Health check passed: {service}
37159,2026-01-12,15:46:00,INFO,AuthService,Page view: /home by u4193,E103,Page view: {page} by {user}
37160,2026-01-12,15:48:47,INFO,AuthService,Transaction tx803617 completed in 1873ms,E104,Transaction {tx} completed in {time}ms
37161,2026-01-12,15:28:59,INFO,WebServer,Health check passed: WebServer,E102,Health check passed: {service}
37162,2026-01-12,15:38:39,INFO,AuthService,Transaction tx195273 completed in 1270ms,E104,Transaction {tx} completed in {time}ms
37163,2026-01-12,15:52:53,INFO,OrderProcessor,User u4445 login successful,E101,User {user} login successful
37164,2026-01-12,15:49:04,INFO,InventoryDB,User u1048 login successful,E101,User {user} login successful
37165,2026-01-12,15:24:36,INFO,AuthService,Transaction tx893817 completed in 665ms,E104,Transaction {tx} completed in {time}ms
37166,2026-01-12,15:49:57,WARN,WebServer,Disk usage > 85% on node node-3,E202,Disk usage > 85% on node {node}
37167,2026-01-12,15:44:25,INFO,PaymentGateway,Health check passed: PaymentGateway,E102,Health check passed: {service}
37168,2026-01-12,15:29:52,INFO,WebServer,User u4185 login successful,E101,User {user} login successful
37169,2026-01-12,15:41:30,INFO,WebServer,User u3152 login successful,E101,User {user} login successful
37170,2026-01-12,15:17:23,INFO,PaymentGateway,Health check passed: PaymentGateway,E102,Health check passed: {service}
37171,2026-01-12,15:39:31,INFO,WebServer,User u2171 login successful,E101,User {user} login successful
37172,2026-01-12,15:38:10,INFO,AuthService,Page view: /home by u1577,E103,Page view: {page} by {user}
37173,2026-01-12,15:36:15,INFO,PaymentGateway,Health check passed: PaymentGateway,E102,Health check passed: {service}
37174,2026-01-12,15:41:51,INFO,PaymentGateway,Health check passed: PaymentGateway,E102,Health check passed: {service}
37175,2026-01-12,15:23:25,INFO,WebServer,Transaction tx315215 completed in 1290ms,E104,Transaction {tx} completed in {time}ms
37176,2026-01-12,15:03:54,INFO,PaymentGateway,Page view: /home by u2391,E103,Page view: {page} by {user}
37177,2026-01-12,15:03:05,INFO,WebServer,User u3543 login successful,E101,User {user} login successful
37178,2026-01-12,15:14:55,INFO,OrderProcessor,Transaction tx466923 completed in 246ms,E104,Transaction {tx} completed in {time}ms
37179,2026-01-12,15:25:45,INFO,WebServer,Health check passed: WebServer,E102,Health check passed: {service}
37180,2026-01-12,15:38:21,WARN,WebServer,High latency (1797ms) detected on WebServer,E201,High latency ({time}ms) detected on {service}
37181,2026-01-12,15:58:02,INFO,OrderProcessor,User u1993 login successful,E101,User {user} login successful
37182,2026-01-12,15:00:57,INFO,WebServer,User u3004 login successful,E101,User {user} login successful
37183,2026-01-12,15:10:07,INFO,OrderProcessor,User u3442 login successful,E101,User {user} login successful
37184,2026-01-12,15:08:00,INFO,WebServer,Page view: /home by u4775,E103,Page view: {page} by {user}
37185,2026-01-12,15:15:56,INFO,OrderProcessor,Transaction tx919693 completed in 799ms,E104,Transaction {tx} completed in {time}ms
37186,2026-01-12,15:17:03,INFO,PaymentGateway,Page view: /home by u2992,E103,Page view: {page} by {user}
37187,2026-01-12,15:45:22,INFO,WebServer,Health check passed: WebServer,E102,Health check passed: {service}
37188,2026-01-12,15:48:54,INFO,OrderProcessor,User u4280 login successful,E101,User {user} login successful
37189,2026-01-12,15:01:07,INFO,PaymentGateway,Page view: /home by u4896,E103,Page view: {page} by {user}
37190,2026-01-12,15:05:31,INFO,WebServer,Health check passed: WebServer,E102,Health check passed: {service}
37191,2026-01-12,15:20:14,INFO,PaymentGateway,Health check passed: PaymentGateway,E102,Health check passed: {service}
37192,2026-01-12,15:32:48,INFO,WebServer,Transaction tx857248 completed in 1387ms,E104,Transaction {tx} completed in {time}ms
37193,2026-01-12,15:08:58,INFO,InventoryDB,Transaction tx490725 completed in 1045ms,E104,Transaction {tx} completed in {time}ms
37194,2026-01-12,15:57:08,CRITICAL,WebServer,DATA CORRUPTION detected in sector 951,E602,DATA CORRUPTION detected in sector {sector}
37195,2026-01-12,15:22:32,INFO,WebServer,User u1472 login successful,E101,User {user} login successful
37196,2026-01-12,15:26:26,INFO,WebServer,User u4023 login successful,E101,User {user} login successful
37197,2026-01-12,15:59:18,INFO,WebServer,Page view: /home by u2451,E103,Page view: {page} by {user}
37198,2026-01-12,15:49:57,INFO,WebServer,User u2592 login successful,E101,User {user} login successful
37199,2026-01-12,15:26:20,INFO,AuthService,Page view: /home by u1914,E103,Page view: {page} by {user}
37200,2026-01-12,15:59:19,INFO,OrderProcessor,Health check passed: OrderProcessor,E102,Health check passed: {service}
37201,2026-01-12,15:19:12,INFO,AuthService,Health check passed: AuthService,E102,Health check passed: {service}
37202,2026-01-12,15:18:06,INFO,AuthService,User u3151 login successful,E101,User {user} login successful
37203,2026-01-12,15:35:39,INFO,OrderProcessor,Health check passed: OrderProcessor,E102,Health check passed: {service}
37204,2026-01-12,15:35:56,INFO,WebServer,Page view: /home by u4261,E103,Page view: {page} by {user}
37205,2026-01-12,15:10:36,INFO,AuthService,Page view: /home by u3154,E103,Page view: {page} by {user}
37206,2026-01-12,15:46:48,INFO,WebServer,User u3337 login successful,E101,User {user} login successful
37207,2026-01-12,15:12:28,INFO,PaymentGateway,Transaction tx695169 completed in 1001ms,E104,Transaction {tx} completed in {time}ms
37208,2026-01-12,15:48:50,INFO,OrderProcessor,Transaction tx285155 completed in 950ms,E104,Transaction {tx} completed in {time}ms
37209,2026-01-12,15:03:59,INFO,AuthService,Health check passed: AuthService,E102,Health check passed: {service}
37210,2026-01-12,15:47:02,INFO,AuthService,Health check passed: AuthService,E102,Health check passed: {service}
37211,2026-01-12,15:43:01,INFO,WebServer,Transaction tx685972 completed in 1581ms,E104,Transaction {tx} completed in {time}ms
37212,2026-01-12,15:45:19,INFO,AuthService,Transaction tx210104 completed in 1059ms,E104,Transaction {tx} completed in {time}ms
37213,2026-01-12,15:53:35,INFO,PaymentGateway,Transaction tx582640 completed in 547ms,E104,Transaction {tx} completed in {time}ms
37214,2026-01-12,15:56:17,INFO,AuthService,User u2087 login successful,E101,User {user} login successful
37215,2026-01-12,15:17:46,INFO,WebServer,Transaction tx336711 completed in 588ms,E104,Transaction {tx} completed in {time}ms
37216,2026-01-12,15:43:45,INFO,OrderProcessor,Transaction tx496250 completed in 1348ms,E104,Transaction {tx} completed in {time}ms
37217,2026-01-12,15:26:21,ERROR,OrderProcessor,Payment declined: Gateway unavailable,E503,Payment declined: Gateway unavailable
37218,2026-01-12,15:07:28,INFO,WebServer,Page view: /home by u4974,E103,Page view: {page} by {user}
37219,2026-01-12,15:04:46,INFO,AuthService,Page view: /home by u4565,E103,Page view: {page} by {user}
37220,2026-01-12,15:10:17,INFO,WebServer,Page view: /home by u1795,E103,Page view: {page} by {user}
37221,2026-01-12,15:36:40,INFO,AuthService,User u3302 login successful,E101,User {user} login successful
37222,2026-01-12,15:31:15,INFO,WebServer,User u2337 login successful,E101,User {user} login successful
37223,2026-01-12,15:11:10,INFO,WebServer,User u1856 login successful,E101,User {user} login successful
37224,2026-01-12,15:33:40,INFO,AuthService,Transaction tx307100 completed in 215ms,E104,Transaction {tx} completed in {time}ms
37225,2026-01-12,15:47:52,INFO,InventoryDB,Health check passed: InventoryDB,E102,Health check passed: {service}
37226,2026-01-12,15:14:23,INFO,AuthService,Health check passed: AuthService,E102,Health check passed: {service}
37227,2026-01-12,15:19:44,INFO,OrderProcessor,Transaction tx501772 completed in 905ms,E104,Transaction {tx} completed in {time}ms
37228,2026-01-12,15:52:14,INFO,WebServer,User u2817 login successful,E101,User {user} login successful
37229,2026-01-12,15:39:24,INFO,OrderProcessor,Transaction tx278356 completed in 1463ms,E104,Transaction {tx} completed in {time}ms
37230,2026-01-12,15:53:20,INFO,OrderProcessor,Health check passed: OrderProcessor,E102,Health check passed: {service}
37231,2026-01-12,15:28:26,INFO,AuthService,User u3192 login successful,E101,User {user} login successful
37232,2026-01-12,15:39:59,INFO,OrderProcessor,User u3113 login successful,E101,User {user} login successful
37233,2026-01-12,15:40:30,INFO,WebServer,Transaction tx278238 completed in 181ms,E104,Transaction {tx} completed in {time}ms
37234,2026-01-12,15:48:34,INFO,WebServer,Page view: /home by u4300,E103,Page view: {page} by {user}
37235,2026-01-12,15:15:18,INFO,AuthService,Transaction tx123381 completed in 426ms,E104,Transaction {tx} completed in {time}ms
37236,2026-01-12,15:50:35,WARN,PaymentGateway,High latency (90ms) detected on PaymentGateway,E201,High latency ({time}ms) detected on {service}
37237,2026-01-12,15:57:28,INFO,WebServer,Transaction tx869173 completed in 1994ms,E104,Transaction {tx} completed in {time}ms
37238,2026-01-12,15:34:03,WARN,WebServer,High latency (700ms) detected on WebServer,E201,High latency ({time}ms) detected on {service}
37239,2026-01-12,16:24:37,INFO,WebServer,Health check passed: WebServer,E102,Health check passed: {service}
37240,2026-01-12,16:46:56,INFO,AuthService,Transaction tx661069 completed in 166ms,E104,Transaction {tx} completed in {time}ms
37241,2026-01-12,16:58:55,INFO,OrderProcessor,User u1468 login successful,E101,User {user} login successful
37242,2026-01-12,16:56:13,INFO,OrderProcessor,User u1468 login successful,E101,User {user} login successful
37243,2026-01-12,16:40:29,INFO,PaymentGateway,Transaction tx282485 completed in 932ms,E104,Transaction {tx} completed in {time}ms
37244,2026-01-12,16:13:11,INFO,AuthService,Health check passed: AuthService,E102,Health check passed: {service}
37245,2026-01-12,16:42:01,INFO,AuthService,Transaction tx111806 completed in 1461ms,E104,Transaction {tx} completed in {time}ms
37246,2026-01-12,16:33:47,WARN,PaymentGateway,Disk usage > 85% on node node-5,E202,Disk usage > 85% on node {node}
37247,2026-01-12,16:10:35,INFO,WebServer,Page view: /home by u2583,E103,Page view: {page} by {user}
37248,2026-01-12,16:50:32,INFO,WebServer,Page view: /home by u4877,E103,Page view: {page} by {user}
37249,2026-01-12,16:43:05,INFO,AuthService,Page view: /home by u3461,E103,Page view: {page} by {user}
37250,2026-01-12,16:57:37,INFO,OrderProcessor,Health check passed: OrderProcessor,E102,Health check passed: {service}
37251,2026-01-12,16:28:03,INFO,WebServer,Page view: /home by u2376,E103,Page view: {page} by {user}
37252,2026-01-12,16:56:20,INFO,WebServer,Transaction tx148765 completed in 1268ms,E104,Transaction {tx} completed in {time}ms
37253,2026-01-12,16:37:02,INFO,InventoryDB,Page view: /home by u4899,E103,Page view: {page} by {user}
37254,2026-01-12,16:15:18,INFO,WebServer,User u1420 login successful,E101,User {user} login successful
37255,2026-01-12,16:17:24,INFO,OrderProcessor,User u3906 login successful,E101,User {user} login successful
37256,2026-01-12,16:05:46,INFO,AuthService,Health check passed: AuthService,E102,Health check passed: {service}
37257,2026-01-12,16:30:55,INFO,OrderProcessor,Page view: /home by u4608,E103,Page view: {page} by {user}
37258,2026-01-12,16:59:44,INFO,WebServer,Health check passed: WebServer,E102,Health check passed: {service}
37259,2026-01-12,16:43:06,INFO,OrderProcessor,Transaction tx292590 completed in 851ms,E104,Transaction {tx} completed in {time}ms
37260,2026-01-12,16:40:04,INFO,OrderProcessor,Transaction tx469345 completed in 1517ms,E104,Transaction {tx} completed in {time}ms
37261,2026-01-12,16:17:23,INFO,OrderProcessor,User u1749 login successful,E101,User {user} login successful
37262,2026-01-12,16:08:49,INFO,InventoryDB,User u2277 login successful,E101,User {user} login successful
37263,2026-01-12,16:59:41,INFO,AuthService,User u4633 login successful,E101,User {user} login successful
37264,2026-01-12,16:20:23,INFO,WebServer,Transaction tx834720 completed in 1223ms,E104,Transaction {tx} completed in {time}ms
37265,2026-01-12,16:43:10,INFO,OrderProcessor,Transaction tx456524 completed in 1025ms,E104,Transaction {tx} completed in {time}ms
37266,2026-01-12,16:30:10,INFO,AuthService,Health check passed: AuthService,E102,Health check passed: {service}
37267,2026-01-12,16:05:02,INFO,AuthService,Page view: /home by u2814,E103,Page view: {page} by {user}
37268,2026-01-12,16:57:43,INFO,WebServer,Health check passed: WebServer,E102,Health check passed: {service}
37269,2026-01-12,16:32:14,INFO,AuthService,Transaction tx882826 completed in 227ms,E104,Transaction {tx} completed in {time}ms
37270,2026-01-12,16:39:08,INFO,PaymentGateway,Transaction tx654600 completed in 805ms,E104,Transaction {tx} completed in {time}ms
37271,2026-01-12,16:31:18,INFO,WebServer,Health check passed: WebServer,E102,Health check passed: {service}
37272,2026-01-12,16:04:26,INFO,OrderProcessor,Transaction tx428821 completed in 455ms,E104,Transaction {tx} completed in {time}ms
37273,2026-01-12,16:06:29,INFO,WebServer,Transaction tx162043 completed in 1954ms,E104,Transaction {tx} completed in {time}ms
37274,2026-01-12,16:45:14,INFO,AuthService,Health check passed: AuthService,E102,Health check passed: {service}
37275,2026-01-12,16:49:14,INFO,WebServer,Page view: /home by u4474,E103,Page view: {page} by {user}
37276,2026-01-12,16:07:01,INFO,PaymentGateway,Page view: /home by u1203,E103,Page view: {page} by {user}
37277,2026-01-12,16:31:59,INFO,WebServer,Page view: /home by u2162,E103,Page view: {page} by {user}
37278,2026-01-12,16:21:21,INFO,OrderProcessor,Page view: /home by u3280,E103,Page view: {page} by {user}
37279,2026-01-12,16:54:55,INFO,WebServer,Transaction tx446869 completed in 1330ms,E104,Transaction {tx} completed in {time}ms
37280,2026-01-12,16:57:46,INFO,WebServer,Transaction tx402300 completed in 1167ms,E104,Transaction {tx} completed in {time}ms
37281,2026-01-12,16:28:09,INFO,PaymentGateway,User u4317 login successful,E101,User {user} login successful
37282,2026-01-12,16:38:53,INFO,OrderProcessor,Transaction tx702934 completed in 1261ms,E104,Transaction {tx} completed in {time}ms
37283,2026-01-12,16:41:12,WARN,WebServer,Disk usage > 85% on node node-1,E202,Disk usage > 85% on node {node}
37284,2026-01-12,16:38:33,INFO,OrderProcessor,Transaction tx750735 completed in 1715ms,E104,Transaction {tx} completed in {time}ms
37285,2026-01-12,16:42:00,INFO,OrderProcessor,Health check passed: OrderProcessor,E102,Health check passed: {service}
37286,2026-01-12,16:19:31,INFO,WebServer,Health check passed: WebServer,E102,Health check passed: {service}
37287,2026-01-12,16:54:11,INFO,AuthService,Transaction tx935043 completed in 1571ms,E104,Transaction {tx} completed in {time}ms
37288,2026-01-12,16:26:33,INFO,WebServer,Transaction tx680078 completed in 1902ms,E104,Transaction {tx} completed in {time}ms
37289,2026-01-12,16:52:04,INFO,WebServer,Page view: /home by u3535,E103,Page view: {page} by {user}
37290,2026-01-12,16:57:38,INFO,PaymentGateway,Transaction tx664986 completed in 398ms,E104,Transaction {tx} completed in {time}ms
37291,2026-01-12,16:30:06,INFO,WebServer,Transaction tx299558 completed in 845ms,E104,Transaction {tx} completed in {time}ms
37292,2026-01-12,16:40:40,WARN,WebServer,Unauthorized access attempt from 10.0.0.99,E401,Unauthorized access attempt from {ip}
37293,2026-01-12,16:45:17,INFO,AuthService,Health check passed: AuthService,E102,Health check passed: {service}
37294,2026-01-12,16:10:02,INFO,WebServer,Health check passed: WebServer,E102,Health check passed: {service}
37295,2026-01-12,16:36:05,INFO,AuthService,Health check passed: AuthService,E102,Health check passed: {service}
37296,2026-01-12,16:44:33,INFO,WebServer,Page view: /home by u1167,E103,Page view: {page} by {user}
37297,2026-01-12,16:21:18,INFO,InventoryDB,User u1139 login successful,E101,User {user} login successful
37298,2026-01-12,16:41:22,INFO,WebServer,Page view: /home by u2703,E103,Page view: {page} by {user}
37299,2026-01-12,16:19:15,WARN,WebServer,Unauthorized access attempt from 10.0.0.10,E401,Unauthorized access attempt from {ip}
37300,2026-01-12,16:25:12,INFO,AuthService,Page view: /home by u3313,E103,Page view: {page} by {user}
37301,2026-01-12,16:24:31,INFO,WebServer,Page view: /home by u1747,E103,Page view: {page} by {user}
37302,2026-01-12,16:48:18,INFO,WebServer,Health check passed: WebServer,E102,Health check passed: {service}
37303,2026-01-12,16:10:18,INFO,WebServer,Transaction tx646427 completed in 1106ms,E104,Transaction {tx} completed in {time}ms
37304,2026-01-12,16:35:10,INFO,WebServer,User u1313 login successful,E101,User {user} login successful
37305,2026-01-12,16:04:54,INFO,AuthService,User u2748 login successful,E101,User {user} login successful
37306,2026-01-12,16:52:02,INFO,WebServer,User u2089 login successful,E101,User {user} login successful
37307,2026-01-12,16:01:58,INFO,AuthService,Page view: /home by u4090,E103,Page view: {page} by {user}
37308,2026-01-12,16:11:00,INFO,WebServer,Health check passed: WebServer,E102,Health check passed: {service}
37309,2026-01-12,16:12:36,INFO,WebServer,Page view: /home by u2821,E103,Page view: {page} by {user}
37310,2026-01-12,16:31:56,INFO,OrderProcessor,Health check passed: OrderProcessor,E102,Health check passed: {service}
37311,2026-01-12,16:14:26,INFO,AuthService,Page view: /home by u4098,E103,Page view: {page} by {user}
37312,2026-01-12,16:18:43,INFO,WebServer,Health check passed: WebServer,E102,Health check passed: {service}
37313,2026-01-12,16:18:38,INFO,AuthService,Health check passed: AuthService,E102,Health check passed: {service}
37314,2026-01-12,16:49:21,WARN,WebServer,Unauthorized access attempt from 10.0.0.45,E401,Unauthorized access attempt from {ip}
37315,2026-01-12,16:28:06,INFO,WebServer,User u4921 login successful,E101,User {user} login successful
37316,2026-01-12,16:28:04,INFO,WebServer,Health check passed: WebServer,E102,Health check passed: {service}
37317,2026-01-12,16:54:09,INFO,OrderProcessor,Page view: /home by u2649,E103,Page view: {page} by {user}
37318,2026-01-12,16:51:26,INFO,AuthService,Health check passed: AuthService,E102,Health check passed: {service}
37319,2026-01-12,16:33:23,INFO,AuthService,Transaction tx310347 completed in 181ms,E104,Transaction {tx} completed in {time}ms
37320,2026-01-12,16:53:00,INFO,AuthService,Transaction tx832262 completed in 339ms,E104,Transaction {tx} completed in {time}ms
37321,2026-01-12,16:22:28,INFO,WebServer,Page view: /home by u4569,E103,Page view: {page} by {user}
37322,2026-01-12,16:33:18,INFO,WebServer,Page view: /home by u3708,E103,Page view: {page} by {user}
37323,2026-01-12,16:04:20,INFO,WebServer,Page view: /home by u4727,E103,Page view: {page} by {user}
37324,2026-01-12,16:09:33,INFO,WebServer,Transaction tx656395 completed in 294ms,E104,Transaction {tx} completed in {time}ms
37325,2026-01-12,16:29:55,INFO,OrderProcessor,Transaction tx825267 completed in 1979ms,E104,Transaction {tx} completed in {time}ms
37326,2026-01-12,16:43:26,INFO,WebServer,Page view: /home by u4915,E103,Page view: {page} by {user}
37327,2026-01-12,16:31:49,INFO,WebServer,Page view: /home by u1625,E103,Page view: {page} by {user}
37328,2026-01-12,16:54:59,INFO,WebServer,Transaction tx953086 completed in 382ms,E104,Transaction {tx} completed in {time}ms
37329,2026-01-12,16:53:35,INFO,AuthService,User u1757 login successful,E101,User {user} login successful
37330,2026-01-12,16:46:29,INFO,WebServer,User u3917 login successful,E101,User {user} login successful
37331,2026-01-12,16:16:12,INFO,WebServer,Page view: /home by u2558,E103,Page view: {page} by {user}
37332,2026-01-12,16:17:30,INFO,WebServer,Transaction tx203061 completed in 1899ms,E104,Transaction {tx} completed in {time}ms
37333,2026-01-12,16:51:16,INFO,WebServer,Page view: /home by u1719,E103,Page view: {page} by {user}
37334,2026-01-12,16:49:25,INFO,WebServer,Page view: /home by u2068,E103,Page view: {page} by {user}
37335,2026-01-12,16:40:44,INFO,AuthService,Transaction tx491446 completed in 619ms,E104,Transaction {tx} completed in {time}ms
37336,2026-01-12,16:50:22,INFO,WebServer,Transaction tx577800 completed in 1844ms,E104,Transaction {tx} completed in {time}ms
37337,2026-01-12,16:17:58,INFO,WebServer,Page view: /home by u2826,E103,Page view: {page} by {user}
37338,2026-01-12,16:27:35,INFO,WebServer,Transaction tx813250 completed in 1709ms,E104,Transaction {tx} completed in {time}ms
37339,2026-01-12,16:31:11,INFO,AuthService,User u3878 login successful,E101,User {user} login successful
37340,2026-01-12,16:30:34,INFO,WebServer,Transaction tx932253 completed in 1618ms,E104,Transaction {tx} completed in {time}ms
37341,2026-01-12,16:37:09,INFO,AuthService,Transaction tx238209 completed in 860ms,E104,Transaction {tx} completed in {time}ms
37342,2026-01-12,16:38:43,INFO,WebServer,Page view: /home by u4264,E103,Page view: {page} by {user}
37343,2026-01-12,16:46:54,INFO,WebServer,Health check passed: WebServer,E102,Health check passed: {service}
37344,2026-01-12,16:37:59,INFO,OrderProcessor,User u1414 login successful,E101,User {user} login successful
37345,2026-01-12,16:15:21,INFO,AuthService,Health check passed: AuthService,E102,Health check passed: {service}
37346,2026-01-12,16:57:12,WARN,OrderProcessor,Disk usage > 85% on node node-4,E202,Disk usage > 85% on node {node}
37347,2026-01-12,16:09:23,INFO,AuthService,Transaction tx955726 completed in 1888ms,E104,Transaction {tx} completed in {time}ms
37348,2026-01-12,16:25:10,INFO,WebServer,User u1175 login successful,E101,User {user} login successful
37349,2026-01-12,16:29:50,WARN,WebServer,Disk usage > 85% on node node-5,E202,Disk usage > 85% on node {node}
37350,2026-01-12,16:35:17,WARN,WebServer,High latency (2000ms) detected on WebServer,E201,High latency ({time}ms) detected on {service}
37351,2026-01-12,16:48:08,INFO,OrderProcessor,Health check passed: OrderProcessor,E102,Health check passed: {service}
37352,2026-01-12,16:10:53,INFO,AuthService,Health check passed: AuthService,E102,Health check passed: {service}
37353,2026-01-12,16:48:46,INFO,WebServer,Transaction tx349988 completed in 931ms,E104,Transaction {tx} completed in {time}ms
37354,2026-01-12,16:45:06,INFO,WebServer,User u1558 login successful,E101,User {user} login successful
37355,2026-01-12,16:16:55,INFO,PaymentGateway,User u4905 login successful,E101,User {user} login successful
37356,2026-01-12,16:16:25,INFO,WebServer,Page view: /home by u4589,E103,Page view: {page} by {user}
37357,2026-01-12,16:52:26,WARN,OrderProcessor,Disk usage > 85% on node node-4,E202,Disk usage > 85% on node {node}
37358,2026-01-12,16:51:20,INFO,WebServer,Page view: /home by u3033,E103,Page view: {page} by {user}
37359,2026-01-12,16:29:22,INFO,AuthService,User u2415 login successful,E101,User {user} login successful
37360,2026-01-12,16:51:57,INFO,WebServer,Transaction tx864295 completed in 1497ms,E104,Transaction {tx} completed in {time}ms
37361,2026-01-12,16:19:30,INFO,WebServer,Transaction tx709198 completed in 1948ms,E104,Transaction {tx} completed in {time}ms
37362,2026-01-12,16:46:35,INFO,AuthService,Transaction tx126446 completed in 1084ms,E104,Transaction {tx} completed in {time}ms
37363,2026-01-12,16:14:01,INFO,WebServer,User u1722 login successful,E101,User {user} login successful
37364,2026-01-12,16:29:12,INFO,WebServer,Health check passed: WebServer,E102,Health check passed: {service}
37365,2026-01-12,16:19:55,INFO,AuthService,Page view: /home by u1340,E103,Page view: {page} by {user}
37366,2026-01-12,16:38:26,INFO,WebServer,Transaction tx609963 completed in 1688ms,E104,Transaction {tx} completed in {time}ms
37367,2026-01-12,16:47:17,INFO,AuthService,Page view: /home by u4907,E103,Page view: {page} by {user}
37368,2026-01-12,16:16:40,INFO,PaymentGateway,Health check passed: PaymentGateway,E102,Health check passed: {service}
37369,2026-01-12,16:50:50,INFO,AuthService,Page view: /home by u1826,E103,Page view: {page} by {user}
37370,2026-01-12,16:11:16,WARN,WebServer,Unauthorized access attempt from 192.168.1.5,E401,Unauthorized access attempt from {ip}
37371,2026-01-12,16:12:57,INFO,PaymentGateway,Transaction tx666927 completed in 1495ms,E104,Transaction {tx} completed in {time}ms
37372,2026-01-12,16:55:53,INFO,WebServer,Page view: /home by u3108,E103,Page view: {page} by {user}
37373,2026-01-12,16:33:50,INFO,OrderProcessor,Page view: /home by u2656,E103,Page view: {page} by {user}
37374,2026-01-12,16:09:47,INFO,AuthService,Page view: /home by u4230,E103,Page view: {page} by {user}
37375,2026-01-12,16:48:47,WARN,AuthService,High latency (634ms) detected on AuthService,E201,High latency ({time}ms) detected on {service}
37376,2026-01-12,16:08:27,INFO,PaymentGateway,Page view: /home by u3959,E103,Page view: {page} by {user}
37377,2026-01-12,16:54:02,INFO,InventoryDB,Transaction tx423397 completed in 1168ms,E104,Transaction {tx} completed in {time}ms
37378,2026-01-12,16:38:28,INFO,WebServer,Transaction tx382819 completed in 1505ms,E104,Transaction {tx} completed in {time}ms
37379,2026-01-12,16:15:20,INFO,PaymentGateway,User u2172 login successful,E101,User {user} login successful
37380,2026-01-12,16:41:37,INFO,PaymentGateway,Health check passed: PaymentGateway,E102,Health check passed: {service}
37381,2026-01-12,16:52:23,INFO,WebServer,Health check passed: WebServer,E102,Health check passed: {service}
37382,2026-01-12,16:48:22,INFO,InventoryDB,Transaction tx840795 completed in 202ms,E104,Transaction {tx} completed in {time}ms
37383,2026-01-12,16:45:04,WARN,AuthService,High latency (1945ms) detected on AuthService,E201,High latency ({time}ms) detected on {service}
37384,2026-01-12,16:06:55,INFO,AuthService,Transaction tx655024 completed in 873ms,E104,Transaction {tx} completed in {time}ms
37385,2026-01-12,16:53:29,INFO,AuthService,User u4124 login successful,E101,User {user} login successful
37386,2026-01-12,16:35:34,INFO,InventoryDB,Transaction tx256216 completed in 288ms,E104,Transaction {tx} completed in {time}ms
37387,2026-01-12,16:13:11,INFO,WebServer,User u3607 login successful,E101,User {user} login successful
37388,2026-01-12,16:40:56,INFO,WebServer,Transaction tx568411 completed in 1318ms,E104,Transaction {tx} completed in {time}ms
37389,2026-01-12,16:14:52,INFO,InventoryDB,Transaction tx708804 completed in 44ms,E104,Transaction {tx} completed in {time}ms
37390,2026-01-12,16:19:09,INFO,PaymentGateway,Page view: /home by u4455,E103,Page view: {page} by {user}
37391,2026-01-12,16:16:03,INFO,WebServer,Transaction tx461685 completed in 936ms,E104,Transaction {tx} completed in {time}ms
37392,2026-01-12,16:34:44,INFO,WebServer,User u1601 login successful,E101,User {user} login successful
37393,2026-01-12,16:58:57,INFO,WebServer,Transaction tx702855 completed in 336ms,E104,Transaction {tx} completed in {time}ms
37394,2026-01-12,16:18:34,INFO,WebServer,Page view: /home by u1554,E103,Page view: {page} by {user}
37395,2026-01-12,16:42:38,INFO,AuthService,Transaction tx386598 completed in 1818ms,E104,Transaction {tx} completed in {time}ms
37396,2026-01-12,16:15:09,INFO,WebServer,Transaction tx848380 completed in 1263ms,E104,Transaction {tx} completed in {time}ms
37397,2026-01-12,16:05:38,INFO,WebServer,User u4567 login successful,E101,User {user} login successful
37398,2026-01-12,16:56:50,INFO,WebServer,User u4959 login successful,E101,User {user} login successful
37399,2026-01-12,16:19:50,INFO,WebServer,User u3425 login successful,E101,User {user} login successful
37400,2026-01-12,16:48:44,INFO,WebServer,Page view: /home by u3167,E103,Page view: {page} by {user}
37401,2026-01-12,16:16:49,INFO,AuthService,User u3383 login successful,E101,User {user} login successful
37402,2026-01-12,16:55:47,INFO,OrderProcessor,Health check passed: OrderProcessor,E102,Health check passed: {service}
37403,2026-01-12,16:03:55,WARN,WebServer,Unauthorized access attempt from 10.0.0.45,E401,Unauthorized access attempt from {ip}
37404,2026-01-12,16:00:09,INFO,WebServer,Transaction tx711283 completed in 1150ms,E104,Transaction {tx} completed in {time}ms
37405,2026-01-12,16:43:33,INFO,PaymentGateway,Transaction tx925648 completed in 459ms,E104,Transaction {tx} completed in {time}ms
37406,2026-01-12,16:13:00,INFO,WebServer,Health check passed: WebServer,E102,Health check passed: {service}
37407,2026-01-12,16:47:27,INFO,WebServer,Page view: /home by u3348,E103,Page view: {page} by {user}
37408,2026-01-12,16:53:12,INFO,WebServer,Page view: /home by u2822,E103,Page view: {page} by {user}
37409,2026-01-12,16:06:25,INFO,WebServer,Transaction tx856258 completed in 534ms,E104,Transaction {tx} completed in {time}ms
37410,2026-01-12,16:30:17,INFO,InventoryDB,Transaction tx355432 completed in 1902ms,E104,Transaction {tx} completed in {time}ms
37411,2026-01-12,16:40:37,INFO,WebServer,Transaction tx930592 completed in 684ms,E104,Transaction {tx} completed in {time}ms
37412,2026-01-12,16:35:15,INFO,PaymentGateway,User u2436 login successful,E101,User {user} login successful
37413,2026-01-12,16:57:33,INFO,WebServer,Health check passed: WebServer,E102,Health check passed: {service}
37414,2026-01-12,16:48:35,INFO,WebServer,Health check passed: WebServer,E102,Health check passed: {service}
37415,2026-01-12,16:55:35,INFO,PaymentGateway,Health check passed: PaymentGateway,E102,Health check passed: {service}
37416,2026-01-12,16:04:15,INFO,WebServer,Transaction tx344369 completed in 174ms,E104,Transaction {tx} completed in {time}ms
37417,2026-01-12,16:57:20,INFO,WebServer,Page view: /home by u3065,E103,Page view: {page} by {user}
37418,2026-01-12,16:17:26,INFO,WebServer,Page view: /home by u1301,E103,Page view: {page} by {user}
37419,2026-01-12,16:55:02,INFO,PaymentGateway,Health check passed: PaymentGateway,E102,Health check passed: {service}
37420,2026-01-12,16:11:17,INFO,WebServer,Health check passed: WebServer,E102,Health check passed: {service}
37421,2026-01-12,16:56:02,INFO,WebServer,Page view: /home by u2605,E103,Page view: {page} by {user}
37422,2026-01-12,16:27:21,INFO,WebServer,Transaction tx586036 completed in 1951ms,E104,Transaction {tx} completed in {time}ms
37423,2026-01-12,16:21:18,WARN,WebServer,Disk usage > 85% on node node-2,E202,Disk usage > 85% on node {node}
37424,2026-01-12,16:15:53,INFO,AuthService,User u3566 login successful,E101,User {user} login successful
37425,2026-01-12,16:25:06,INFO,WebServer,Page view: /home by u2265,E103,Page view: {page} by {user}
37426,2026-01-12,16:05:44,INFO,WebServer,Health check passed: WebServer,E102,Health check passed: {service}
37427,2026-01-12,16:46:34,INFO,WebServer,Page view: /home by u3472,E103,Page view: {page} by {user}
37428,2026-01-12,16:18:40,INFO,WebServer,Transaction tx792316 completed in 1537ms,E104,Transaction {tx} completed in {time}ms
37429,2026-01-12,16:31:47,INFO,OrderProcessor,Health check passed: OrderProcessor,E102,Health check passed: {service}
37430,2026-01-12,16:15:25,INFO,WebServer,Health check passed: WebServer,E102,Health check passed: {service}
37431,2026-01-12,16:19:03,INFO,AuthService,Transaction tx658049 completed in 1358ms,E104,Transaction {tx} completed in {time}ms
37432,2026-01-12,16:56:26,INFO,WebServer,User u3772 login successful,E101,User {user} login successful
37433,2026-01-12,16:35:20,INFO,OrderProcessor,Page view: /home by u3803,E103,Page view: {page} by {user}
37434,2026-01-12,16:53:44,INFO,WebServer,Page view: /home by u3150,E103,Page view: {page} by {user}
37435,2026-01-12,16:52:54,INFO,WebServer,Page view: /home by u4388,E103,Page view: {page} by {user}
37436,2026-01-12,16:35:47,INFO,AuthService,User u1580 login successful,E101,User {user} login successful
37437,2026-01-12,16:14:48,INFO,PaymentGateway,User u3485 login successful,E101,User {user} login successful
37438,2026-01-12,16:13:45,INFO,WebServer,User u4248 login successful,E101,User {user} login successful
37439,2026-01-12,16:13:07,INFO,WebServer,Health check passed: WebServer,E102,Health check passed: {service}
37440,2026-01-12,16:45:58,INFO,AuthService,User u3767 login successful,E101,User {user} login successful
37441,2026-01-12,16:44:13,INFO,PaymentGateway,Transaction tx564193 completed in 139ms,E104,Transaction {tx} completed in {time}ms
37442,2026-01-12,16:55:51,INFO,WebServer,User u4466 login successful,E101,User {user} login successful
37443,2026-01-12,16:36:36,INFO,WebServer,Health check passed: WebServer,E102,Health check passed: {service}
37444,2026-01-12,16:07:38,INFO,OrderProcessor,User u4837 login successful,E101,User {user} login successful
37445,2026-01-12,16:21:56,INFO,PaymentGateway,Transaction tx654906 completed in 1753ms,E104,Transaction {tx} completed in {time}ms
37446,2026-01-12,16:46:10,INFO,WebServer,User u4955 login successful,E101,User {user} login successful
37447,2026-01-12,16:25:45,INFO,WebServer,Transaction tx408473 completed in 1216ms,E104,Transaction {tx} completed in {time}ms
37448,2026-01-12,16:22:57,ERROR,OrderProcessor,Payment declined: Gateway unavailable,E503,Payment declined: Gateway unavailable
37449,2026-01-12,16:13:19,INFO,WebServer,Health check passed: WebServer,E102,Health check passed: {service}
37450,2026-01-12,16:42:02,INFO,WebServer,Health check passed: WebServer,E102,Health check passed: {service}
37451,2026-01-12,16:36:48,INFO,AuthService,User u3797 login successful,E101,User {user} login successful
37452,2026-01-12,16:22:50,INFO,AuthService,Transaction tx516222 completed in 170ms,E104,Transaction {tx} completed in {time}ms
37453,2026-01-12,16:48:18,INFO,WebServer,Page view: /home by u1817,E103,Page view: {page} by {user}
37454,2026-01-12,16:20:40,INFO,WebServer,Page view: /home by u3090,E103,Page view: {page} by {user}
37455,2026-01-12,16:23:31,INFO,WebServer,Page view: /home by u4439,E103,Page view: {page} by {user}
37456,2026-01-12,16:29:05,INFO,WebServer,Page view: /home by u1279,E103,Page view: {page} by {user}
37457,2026-01-12,16:59:07,INFO,AuthService,Health check passed: AuthService,E102,Health check passed: {service}
37458,2026-01-12,16:41:25,INFO,WebServer,Transaction tx548780 completed in 1376ms,E104,Transaction {tx} completed in {time}ms
37459,2026-01-12,16:59:15,INFO,WebServer,Transaction tx529402 completed in 1718ms,E104,Transaction {tx} completed in {time}ms
37460,2026-01-12,16:18:01,INFO,OrderProcessor,Transaction tx935002 completed in 1645ms,E104,Transaction {tx} completed in {time}ms
37461,2026-01-12,16:16:24,INFO,AuthService,User u2510 login successful,E101,User {user} login successful
37462,2026-01-12,16:43:14,INFO,WebServer,User u4761 login successful,E101,User {user} login successful
37463,2026-01-12,16:40:32,INFO,OrderProcessor,Health check passed: OrderProcessor,E102,Health check passed: {service}
37464,2026-01-12,16:52:22,WARN,AuthService,Disk usage > 85% on node node-5,E202,Disk usage > 85% on node {node}
37465,2026-01-12,16:41:50,INFO,AuthService,Transaction tx343711 completed in 1436ms,E104,Transaction {tx} completed in {time}ms
37466,2026-01-12,16:17:08,INFO,WebServer,User u2815 login successful,E101,User {user} login successful
37467,2026-01-12,16:57:12,INFO,WebServer,User u1839 login successful,E101,User {user} login successful
37468,2026-01-12,16:56:06,INFO,AuthService,Health check passed: AuthService,E102,Health check passed: {service}
37469,2026-01-12,16:18:51,INFO,WebServer,Page view: /home by u4498,E103,Page view: {page} by {user}
37470,2026-01-12,16:03:12,INFO,OrderProcessor,User u3380 login successful,E101,User {user} login successful
37471,2026-01-12,16:28:26,INFO,WebServer,Page view: /home by u4309,E103,Page view: {page} by {user}
37472,2026-01-12,16:09:54,INFO,WebServer,Transaction tx597650 completed in 333ms,E104,Transaction {tx} completed in {time}ms
37473,2026-01-12,16:08:06,WARN,OrderProcessor,Disk usage > 85% on node node-5,E202,Disk usage > 85% on node {node}
37474,2026-01-12,16:31:36,INFO,AuthService,Health check passed: AuthService,E102,Health check passed: {service}
37475,2026-01-12,16:40:10,INFO,WebServer,Page view: /home by u4849,E103,Page view: {page} by {user}
37476,2026-01-12,16:16:44,INFO,WebServer,Health check passed: WebServer,E102,Health check passed: {service}
37477,2026-01-12,16:33:48,INFO,PaymentGateway,User u3334 login successful,E101,User {user} login successful
37478,2026-01-12,16:08:34,WARN,WebServer,Disk usage > 85% on node node-4,E202,Disk usage > 85% on node {node}
37479,2026-01-12,16:14:08,ERROR,PaymentGateway,Timeout waiting for lock on InventoryDB,E502,Timeout waiting for lock on {db}
37480,2026-01-12,16:01:34,INFO,WebServer,Page view: /home by u1322,E103,Page view: {page} by {user}
37481,2026-01-12,16:55:35,INFO,WebServer,Page view: /home by u2027,E103,Page view: {page} by {user}
37482,2026-01-12,16:25:42,INFO,WebServer,Health check passed: WebServer,E102,Health check passed: {service}
37483,2026-01-12,16:46:53,INFO,AuthService,Page view: /home by u1430,E103,Page view: {page} by {user}
37484,2026-01-12,16:32:15,INFO,WebServer,Transaction tx170479 completed in 1510ms,E104,Transaction {tx} completed in {time}ms
37485,2026-01-12,16:00:32,INFO,AuthService,Transaction tx329578 completed in 1360ms,E104,Transaction {tx} completed in {time}ms
37486,2026-01-12,16:52:33,INFO,WebServer,Health check passed: WebServer,E102,Health check passed: {service}
37487,2026-01-12,16:49:29,INFO,WebServer,User u1597 login successful,E101,User {user} login successful
37488,2026-01-12,16:08:12,INFO,AuthService,Transaction tx769682 completed in 525ms,E104,Transaction {tx} completed in {time}ms
37489,2026-01-12,16:37:34,INFO,WebServer,Health check passed: WebServer,E102,Health check passed: {service}
37490,2026-01-12,16:24:55,INFO,AuthService,Transaction tx634164 completed in 1576ms,E104,Transaction {tx} completed in {time}ms
37491,2026-01-12,16:23:19,INFO,OrderProcessor,Health check passed: OrderProcessor,E102,Health check passed: {service}
37492,2026-01-12,16:57:22,INFO,WebServer,User u2956 login successful,E101,User {user} login successful
37493,2026-01-12,16:49:21,INFO,AuthService,Page view: /home by u3502,E103,Page view: {page} by {user}
37494,2026-01-12,16:52:42,INFO,OrderProcessor,Health check passed: OrderProcessor,E102,Health check passed: {service}
37495,2026-01-12,16:49:42,INFO,OrderProcessor,Page view: /home by u3385,E103,Page view: {page} by {user}
37496,2026-01-12,16:27:43,INFO,AuthService,Transaction tx383118 completed in 560ms,E104,Transaction {tx} completed in {time}ms
37497,2026-01-12,16:36:26,INFO,AuthService,Transaction tx189961 completed in 410ms,E104,Transaction {tx} completed in {time}ms
37498,2026-01-12,16:43:45,WARN,WebServer,Unauthorized access attempt from 10.0.0.45,E401,Unauthorized access attempt from {ip}
37499,2026-01-12,16:58:33,INFO,WebServer,Transaction tx431526 completed in 1538ms,E104,Transaction {tx} completed in {time}ms
37500,2026-01-12,16:37:50,INFO,WebServer,Transaction tx201144 completed in 265ms,E104,Transaction {tx} completed in {time}ms
37501,2026-01-12,16:04:14,INFO,AuthService,Transaction tx439727 completed in 896ms,E104,Transaction {tx} completed in {time}ms
37502,2026-01-12,16:34:36,INFO,OrderProcessor,Health check passed: OrderProcessor,E102,Health check passed: {service}
37503,2026-01-12,16:18:18,INFO,PaymentGateway,Page view: /home by u1937,E103,Page view: {page} by {user}
37504,2026-01-12,16:10:35,INFO,WebServer,User u1249 login successful,E101,User {user} login successful
37505,2026-01-12,16:24:30,INFO,OrderProcessor,User u3674 login successful,E101,User {user} login successful
37506,2026-01-12,16:32:17,INFO,AuthService,Transaction tx792671 completed in 762ms,E104,Transaction {tx} completed in {time}ms
37507,2026-01-12,16:07:30,INFO,PaymentGateway,Health check passed: PaymentGateway,E102,Health check passed: {service}
37508,2026-01-12,16:16:59,INFO,AuthService,Health check passed: AuthService,E102,Health check passed: {service}
37509,2026-01-12,16:19:28,INFO,OrderProcessor,Page view: /home by u3763,E103,Page view: {page} by {user}
37510,2026-01-12,16:39:09,INFO,PaymentGateway,Page view: /home by u4980,E103,Page view: {page} by {user}
37511,2026-01-12,16:20:32,INFO,WebServer,Page view: /home by u4551,E103,Page view: {page} by {user}
37512,2026-01-12,16:42:29,INFO,WebServer,Health check passed: WebServer,E102,Health check passed: {service}
37513,2026-01-12,16:07:45,WARN,AuthService,High latency (803ms) detected on AuthService,E201,High latency ({time}ms) detected on {service}
37514,2026-01-12,16:45:19,INFO,AuthService,Health check passed: AuthService,E102,Health check passed: {service}
37515,2026-01-12,16:34:04,INFO,WebServer,Page view: /home by u2200,E103,Page view: {page} by {user}
37516,2026-01-12,16:50:46,INFO,WebServer,Transaction tx896363 completed in 1869ms,E104,Transaction {tx} completed in {time}ms
37517,2026-01-12,16:52:21,INFO,WebServer,Health check passed: WebServer,E102,Health check passed: {service}
37518,2026-01-12,16:12:25,WARN,WebServer,High latency (358ms) detected on WebServer,E201,High latency ({time}ms) detected on {service}
37519,2026-01-12,16:22:18,INFO,OrderProcessor,Health check passed: OrderProcessor,E102,Health check passed: {service}
37520,2026-01-12,16:55:55,INFO,OrderProcessor,Transaction tx525621 completed in 1168ms,E104,Transaction {tx} completed in {time}ms
37521,2026-01-12,16:45:12,ERROR,AuthService,Connection refused to AuthService at 10.0.0.45,E501,Connection refused to {service} at {ip}
37522,2026-01-12,16:01:02,INFO,WebServer,Transaction tx119412 completed in 1183ms,E104,Transaction {tx} completed in {time}ms
37523,2026-01-12,16:12:19,INFO,WebServer,Health check passed: WebServer,E102,Health check passed: {service}
37524,2026-01-12,16:25:23,INFO,OrderProcessor,Transaction tx947949 completed in 111ms,E104,Transaction {tx} completed in {time}ms
37525,2026-01-12,16:04:42,INFO,AuthService,Page view: /home by u1834,E103,Page view: {page} by {user}
37526,2026-01-12,16:19:08,WARN,AuthService,Disk usage > 85% on node node-2,E202,Disk usage > 85% on node {node}
37527,2026-01-12,16:43:16,INFO,OrderProcessor,Transaction tx464814 completed in 1021ms,E104,Transaction {tx} completed in {time}ms
37528,2026-01-12,16:29:06,INFO,WebServer,Page view: /home by u3541,E103,Page view: {page} by {user}
37529,2026-01-12,16:14:14,INFO,AuthService,Health check passed: AuthService,E102,Health check passed: {service}
37530,2026-01-12,16:22:31,INFO,WebServer,Health check passed: WebServer,E102,Health check passed: {service}
37531,2026-01-12,16:32:52,INFO,WebServer,Transaction tx960724 completed in 163ms,E104,Transaction {tx} completed in {time}ms
37532,2026-01-12,16:40:40,INFO,AuthService,Transaction tx204631 completed in 1434ms,E104,Transaction {tx} completed in {time}ms
37533,2026-01-12,16:02:31,INFO,InventoryDB,Transaction tx161881 completed in 388ms,E104,Transaction {tx} completed in {time}ms
37534,2026-01-12,16:45:19,INFO,WebServer,Health check passed: WebServer,E102,Health check passed: {service}
37535,2026-01-12,16:12:18,INFO,WebServer,User u2713 login successful,E101,User {user} login successful
37536,2026-01-12,16:06:03,INFO,PaymentGateway,User u1269 login successful,E101,User {user} login successful
37537,2026-01-12,16:59:11,INFO,PaymentGateway,Transaction tx352297 completed in 926ms,E104,Transaction {tx} completed in {time}ms
37538,2026-01-12,16:16:06,INFO,WebServer,Page view: /home by u4523,E103,Page view: {page} by {user}
37539,2026-01-12,16:03:57,WARN,PaymentGateway,Unauthorized access attempt from 10.0.0.45,E401,Unauthorized access attempt from {ip}
37540,2026-01-12,16:04:23,INFO,WebServer,Transaction tx185282 completed in 1896ms,E104,Transaction {tx} completed in {time}ms
37541,2026-01-12,16:01:09,INFO,WebServer,Page view: /home by u3204,E103,Page view: {page} by {user}
37542,2026-01-12,16:39:09,INFO,WebServer,User u1437 login successful,E101,User {user} login successful
37543,2026-01-12,16:50:14,INFO,WebServer,Page view: /home by u2176,E103,Page view: {page} by {user}
37544,2026-01-12,16:17:11,INFO,WebServer,Transaction tx222634 completed in 1879ms,E104,Transaction {tx} completed in {time}ms
37545,2026-01-12,16:41:11,INFO,OrderProcessor,Page view: /home by u4075,E103,Page view: {page} by {user}
37546,2026-01-12,16:48:35,INFO,AuthService,Transaction tx777540 completed in 1414ms,E104,Transaction {tx} completed in {time}ms
37547,2026-01-12,16:55:39,INFO,OrderProcessor,Page view: /home by u3310,E103,Page view: {page} by {user}
37548,2026-01-12,16:53:10,INFO,InventoryDB,User u2698 login successful,E101,User {user} login successful
37549,2026-01-12,16:18:36,INFO,OrderProcessor,Health check passed: OrderProcessor,E102,Health check passed: {service}
37550,2026-01-12,16:05:19,INFO,WebServer,User u4329 login successful,E101,User {user} login successful
37551,2026-01-12,16:54:22,INFO,PaymentGateway,User u4296 login successful,E101,User {user} login successful
37552,2026-01-12,16:23:43,INFO,OrderProcessor,Transaction tx177881 completed in 200ms,E104,Transaction {tx} completed in {time}ms
37553,2026-01-12,16:49:05,WARN,OrderProcessor,Unauthorized access attempt from 10.0.0.45,E401,Unauthorized access attempt from {ip}
37554,2026-01-12,16:17:53,INFO,AuthService,User u4527 login successful,E101,User {user} login successful
37555,2026-01-12,16:50:21,INFO,PaymentGateway,Page view: /home by u2087,E103,Page view: {page} by {user}
37556,2026-01-12,16:53:29,INFO,WebServer,Health check passed: WebServer,E102,Health check passed: {service}
37557,2026-01-12,16:05:55,INFO,WebServer,User u1360 login successful,E101,User {user} login successful
37558,2026-01-12,16:04:12,WARN,AuthService,Disk usage > 85% on node node-5,E202,Disk usage > 85% on node {node}
37559,2026-01-12,16:58:31,INFO,AuthService,User u3964 login successful,E101,User {user} login successful
37560,2026-01-12,16:14:35,INFO,WebServer,User u1152 login successful,E101,User {user} login successful
37561,2026-01-12,16:33:53,WARN,AuthService,High latency (689ms) detected on AuthService,E201,High latency ({time}ms) detected on {service}
37562,2026-01-12,16:43:33,INFO,PaymentGateway,Health check passed: PaymentGateway,E102,Health check passed: {service}
37563,2026-01-12,16:02:02,INFO,AuthService,User u1267 login successful,E101,User {user} login successful
37564,2026-01-12,16:50:09,INFO,WebServer,Health check passed: WebServer,E102,Health check passed: {service}
37565,2026-01-12,16:27:56,INFO,WebServer,Page view: /home by u1613,E103,Page view: {page} by {user}
37566,2026-01-12,16:34:04,INFO,AuthService,User u4295 login successful,E101,User {user} login successful
37567,2026-01-12,16:32:29,INFO,InventoryDB,Health check passed: InventoryDB,E102,Health check passed: {service}
37568,2026-01-12,16:27:24,INFO,WebServer,Health check passed: WebServer,E102,Health check passed: {service}
37569,2026-01-12,16:57:37,INFO,WebServer,Page view: /home by u4260,E103,Page view: {page} by {user}
37570,2026-01-12,16:59:43,INFO,OrderProcessor,Page view: /home by u3679,E103,Page view: {page} by {user}
37571,2026-01-12,16:40:54,INFO,WebServer,Transaction tx626046 completed in 686ms,E104,Transaction {tx} completed in {time}ms
37572,2026-01-12,16:25:28,INFO,WebServer,Page view: /home by u4818,E103,Page view: {page} by {user}
37573,2026-01-12,16:52:41,INFO,AuthService,User u1329 login successful,E101,User {user} login successful
37574,2026-01-12,16:04:46,INFO,WebServer,Page view: /home by u2645,E103,Page view: {page} by {user}
37575,2026-01-12,16:39:47,INFO,WebServer,Health check passed: WebServer,E102,Health check passed: {service}
37576,2026-01-12,16:32:39,INFO,AuthService,Transaction tx562400 completed in 1780ms,E104,Transaction {tx} completed in {time}ms
37577,2026-01-12,16:42:01,INFO,WebServer,Transaction tx509164 completed in 1373ms,E104,Transaction {tx} completed in {time}ms
37578,2026-01-12,16:40:02,INFO,OrderProcessor,User u4973 login successful,E101,User {user} login successful
37579,2026-01-12,16:15:00,INFO,WebServer,User u3498 login successful,E101,User {user} login successful
37580,2026-01-12,16:11:26,INFO,AuthService,User u1256 login successful,E101,User {user} login successful
37581,2026-01-12,16:36:46,INFO,WebServer,Page view: /home by u2186,E103,Page view: {page} by {user}
37582,2026-01-12,16:45:05,ERROR,AuthService,Timeout waiting for lock on InventoryDB,E502,Timeout waiting for lock on {db}
37583,2026-01-12,16:55:49,INFO,WebServer,Page view: /home by u1082,E103,Page view: {page} by {user}
37584,2026-01-12,16:07:24,INFO,WebServer,Transaction tx478387 completed in 424ms,E104,Transaction {tx} completed in {time}ms
37585,2026-01-12,16:26:06,INFO,WebServer,Transaction tx686003 completed in 1580ms,E104,Transaction {tx} completed in {time}ms
37586,2026-01-12,16:52:46,INFO,WebServer,User u2650 login successful,E101,User {user} login successful
37587,2026-01-12,16:46:59,INFO,WebServer,User u3589 login successful,E101,User {user} login successful
37588,2026-01-12,16:12:57,INFO,WebServer,Health check passed: WebServer,E102,Health check passed: {service}
37589,2026-01-12,16:14:56,INFO,WebServer,Transaction tx278178 completed in 1129ms,E104,Transaction {tx} completed in {time}ms
37590,2026-01-12,16:32:52,INFO,AuthService,Page view: /home by u3143,E103,Page view: {page} by {user}
37591,2026-01-12,16:12:58,INFO,WebServer,Transaction tx175172 completed in 43ms,E104,Transaction {tx} completed in {time}ms
37592,2026-01-12,16:43:08,INFO,WebServer,Page view: /home by u4237,E103,Page view: {page} by {user}
37593,2026-01-12,16:00:36,INFO,WebServer,User u1897 login successful,E101,User {user} login successful
37594,2026-01-12,16:57:32,INFO,OrderProcessor,User u2988 login successful,E101,User {user} login successful
37595,2026-01-12,16:51:57,INFO,OrderProcessor,Transaction tx639741 completed in 1323ms,E104,Transaction {tx} completed in {time}ms
37596,2026-01-12,16:38:11,WARN,OrderProcessor,Disk usage > 85% on node node-3,E202,Disk usage > 85% on node {node}
37597,2026-01-12,16:02:15,INFO,AuthService,Health check passed: AuthService,E102,Health check passed: {service}
37598,2026-01-12,16:37:59,WARN,PaymentGateway,Disk usage > 85% on node node-1,E202,Disk usage > 85% on node {node}
37599,2026-01-12,16:53:26,INFO,WebServer,Transaction tx898421 completed in 1737ms,E104,Transaction {tx} completed in {time}ms
37600,2026-01-12,16:42:05,INFO,PaymentGateway,User u4897 login successful,E101,User {user} login successful
37601,2026-01-12,16:30:04,INFO,InventoryDB,Transaction tx197971 completed in 153ms,E104,Transaction {tx} completed in {time}ms
37602,2026-01-12,16:08:58,INFO,WebServer,Health check passed: WebServer,E102,Health check passed: {service}
37603,2026-01-12,16:52:22,INFO,WebServer,Transaction tx709090 completed in 1319ms,E104,Transaction {tx} completed in {time}ms
37604,2026-01-12,16:19:30,INFO,PaymentGateway,User u4540 login successful,E101,User {user} login successful
37605,2026-01-12,16:57:40,INFO,WebServer,Page view: /home by u4592,E103,Page view: {page} by {user}
37606,2026-01-12,16:28:07,INFO,WebServer,User u1145 login successful,E101,User {user} login successful
37607,2026-01-12,16:05:29,INFO,PaymentGateway,Health check passed: PaymentGateway,E102,Health check passed: {service}
37608,2026-01-12,16:42:38,INFO,WebServer,Health check passed: WebServer,E102,Health check passed: {service}
37609,2026-01-12,16:02:37,INFO,WebServer,Transaction tx875512 completed in 1069ms,E104,Transaction {tx} completed in {time}ms
37610,2026-01-12,16:17:36,INFO,WebServer,Page view: /home by u4226,E103,Page view: {page} by {user}
37611,2026-01-12,16:10:30,INFO,OrderProcessor,Page view: /home by u2720,E103,Page view: {page} by {user}
37612,2026-01-12,16:07:16,INFO,AuthService,User u3813 login successful,E101,User {user} login successful
37613,2026-01-12,16:08:31,INFO,AuthService,Transaction tx887827 completed in 1281ms,E104,Transaction {tx} completed in {time}ms
37614,2026-01-12,16:23:17,INFO,WebServer,Page view: /home by u2355,E103,Page view: {page} by {user}
37615,2026-01-12,16:28:02,INFO,InventoryDB,Transaction tx146202 completed in 1980ms,E104,Transaction {tx} completed in {time}ms
37616,2026-01-12,16:24:31,INFO,AuthService,User u2760 login successful,E101,User {user} login successful
37617,2026-01-12,16:58:46,WARN,AuthService,High latency (539ms) detected on AuthService,E201,High latency ({time}ms) detected on {service}
37618,2026-01-12,16:11:12,INFO,AuthService,Health check passed: AuthService,E102,Health check passed: {service}
37619,2026-01-12,16:55:06,INFO,AuthService,Transaction tx925869 completed in 24ms,E104,Transaction {tx} completed in {time}ms
37620,2026-01-12,16:10:11,INFO,WebServer,Health check passed: WebServer,E102,Health check passed: {service}
37621,2026-01-12,16:53:22,INFO,WebServer,Transaction tx126303 completed in 705ms,E104,Transaction {tx} completed in {time}ms
37622,2026-01-12,16:46:02,INFO,OrderProcessor,Health check passed: OrderProcessor,E102,Health check passed: {service}
37623,2026-01-12,16:04:38,WARN,WebServer,High latency (771ms) detected on WebServer,E201,High latency ({time}ms) detected on {service}
37624,2026-01-12,16:31:46,INFO,AuthService,Health check passed: AuthService,E102,Health check passed: {service}
37625,2026-01-12,16:01:13,INFO,WebServer,User u3458 login successful,E101,User {user} login successful
37626,2026-01-12,16:18:02,INFO,WebServer,Page view: /home by u2451,E103,Page view: {page} by {user}
37627,2026-01-12,16:59:41,INFO,WebServer,User u4632 login successful,E101,User {user} login successful
37628,2026-01-12,16:40:14,INFO,WebServer,Health check passed: WebServer,E102,Health check passed: {service}
37629,2026-01-12,16:42:38,INFO,PaymentGateway,Page view: /home by u1327,E103,Page view: {page} by {user}
37630,2026-01-12,16:18:41,INFO,OrderProcessor,User u4066 login successful,E101,User {user} login successful
37631,2026-01-12,16:10:34,INFO,InventoryDB,User u2169 login successful,E101,User {user} login successful
37632,2026-01-12,16:19:25,INFO,WebServer,User u3335 login successful,E101,User {user} login successful
37633,2026-01-12,16:57:52,CRITICAL,AuthService,KERNEL PANIC: Node node-1 crashed,E601,KERNEL PANIC: Node {node} crashed
37634,2026-01-12,16:18:01,INFO,WebServer,Page view: /home by u2765,E103,Page view: {page} by {user}
37635,2026-01-12,16:12:21,INFO,InventoryDB,Page view: /home by u4572,E103,Page view: {page} by {user}
37636,2026-01-12,16:47:34,INFO,AuthService,Page view: /home by u3238,E103,Page view: {page} by {user}
37637,2026-01-12,16:08:31,INFO,OrderProcessor,Page view: /home by u4985,E103,Page view: {page} by {user}
37638,2026-01-12,16:17:33,INFO,AuthService,Page view: /home by u1422,E103,Page view: {page} by {user}
37639,2026-01-12,16:45:18,INFO,AuthService,Transaction tx474239 completed in 54ms,E104,Transaction {tx} completed in {time}ms
37640,2026-01-12,16:28:38,INFO,PaymentGateway,Health check passed: PaymentGateway,E102,Health check passed: {service}
37641,2026-01-12,16:24:17,INFO,WebServer,Health check passed: WebServer,E102,Health check passed: {service}
37642,2026-01-12,16:43:16,INFO,PaymentGateway,Page view: /home by u1526,E103,Page view: {page} by {user}
37643,2026-01-12,16:33:23,INFO,PaymentGateway,Health check passed: PaymentGateway,E102,Health check passed: {service}
37644,2026-01-12,16:05:28,INFO,OrderProcessor,User u4106 login successful,E101,User {user} login successful
37645,2026-01-12,16:11:11,INFO,OrderProcessor,Page view: /home by u4690,E103,Page view: {page} by {user}
37646,2026-01-12,16:21:41,INFO,WebServer,User u3539 login successful,E101,User {user} login successful
37647,2026-01-12,16:52:23,INFO,WebServer,User u1722 login successful,E101,User {user} login successful
37648,2026-01-12,16:13:43,INFO,WebServer,Page view: /home by u3720,E103,Page view: {page} by {user}
37649,2026-01-12,16:07:20,INFO,PaymentGateway,Page view: /home by u3985,E103,Page view: {page} by {user}
37650,2026-01-12,16:51:25,INFO,WebServer,User u1647 login successful,E101,User {user} login successful
37651,2026-01-12,16:31:05,INFO,WebServer,Transaction tx937743 completed in 695ms,E104,Transaction {tx} completed in {time}ms
37652,2026-01-12,16:54:44,INFO,OrderProcessor,Page view: /home by u4821,E103,Page view: {page} by {user}
37653,2026-01-12,16:46:23,INFO,WebServer,Transaction tx885811 completed in 1946ms,E104,Transaction {tx} completed in {time}ms
37654,2026-01-12,16:12:58,INFO,WebServer,Health check passed: WebServer,E102,Health check passed: {service}
37655,2026-01-12,16:44:51,INFO,OrderProcessor,User u2761 login successful,E101,User {user} login successful
37656,2026-01-12,16:06:48,INFO,AuthService,User u4582 login successful,E101,User {user} login successful
37657,2026-01-12,16:49:07,INFO,OrderProcessor,Transaction tx303752 completed in 1470ms,E104,Transaction {tx} completed in {time}ms
37658,2026-01-12,16:49:08,INFO,OrderProcessor,Page view: /home by u2654,E103,Page view: {page} by {user}
37659,2026-01-12,16:33:46,INFO,WebServer,User u1666 login successful,E101,User {user} login successful
37660,2026-01-12,16:45:16,INFO,WebServer,Page view: /home by u3158,E103,Page view: {page} by {user}
37661,2026-01-12,16:04:11,INFO,WebServer,Health check passed: WebServer,E102,Health check passed: {service}
37662,2026-01-12,16:03:05,INFO,WebServer,Health check passed: WebServer,E102,Health check passed: {service}
37663,2026-01-12,16:41:59,INFO,OrderProcessor,User u3304 login successful,E101,User {user} login successful
37664,2026-01-12,16:44:23,WARN,AuthService,High latency (460ms) detected on AuthService,E201,High latency ({time}ms) detected on {service}
37665,2026-01-12,16:22:01,INFO,WebServer,Transaction tx935740 completed in 325ms,E104,Transaction {tx} completed in {time}ms
37666,2026-01-12,16:17:34,INFO,WebServer,Transaction tx682569 completed in 502ms,E104,Transaction {tx} completed in {time}ms
37667,2026-01-12,16:03:50,INFO,WebServer,Health check passed: WebServer,E102,Health check passed: {service}
37668,2026-01-12,16:19:50,INFO,WebServer,Transaction tx413602 completed in 818ms,E104,Transaction {tx} completed in {time}ms
37669,2026-01-12,16:13:32,INFO,PaymentGateway,User u1526 login successful,E101,User {user} login successful
37670,2026-01-12,16:51:10,INFO,AuthService,User u2084 login successful,E101,User {user} login successful
37671,2026-01-12,16:00:10,INFO,AuthService,User u1800 login successful,E101,User {user} login successful
37672,2026-01-12,16:09:20,INFO,OrderProcessor,Health check passed: OrderProcessor,E102,Health check passed: {service}
37673,2026-01-12,16:45:09,INFO,WebServer,Health check passed: WebServer,E102,Health check passed: {service}
37674,2026-01-12,16:36:59,INFO,AuthService,User u2114 login successful,E101,User {user} login successful
37675,2026-01-12,16:34:05,INFO,WebServer,User u1907 login successful,E101,User {user} login successful
37676,2026-01-12,16:09:29,INFO,WebServer,Transaction tx298190 completed in 1787ms,E104,Transaction {tx} completed in {time}ms
37677,2026-01-12,16:23:00,INFO,OrderProcessor,Transaction tx418816 completed in 1899ms,E104,Transaction {tx} completed in {time}ms
37678,2026-01-12,16:27:15,INFO,PaymentGateway,Page view: /home by u2410,E103,Page view: {page} by {user}
37679,2026-01-12,16:27:30,INFO,AuthService,Health check passed: AuthService,E102,Health check passed: {service}
37680,2026-01-12,16:14:11,INFO,AuthService,Page view: /home by u2558,E103,Page view: {page} by {user}
37681,2026-01-12,16:21:10,WARN,WebServer,High latency (239ms) detected on WebServer,E201,High latency ({time}ms) detected on {service}
37682,2026-01-12,16:36:52,INFO,WebServer,Health check passed: WebServer,E102,Health check passed: {service}
37683,2026-01-12,16:48:06,INFO,AuthService,Transaction tx650714 completed in 1167ms,E104,Transaction {tx} completed in {time}ms
37684,2026-01-12,16:52:44,INFO,AuthService,Transaction tx296452 completed in 1685ms,E104,Transaction {tx} completed in {time}ms
37685,2026-01-12,16:50:41,INFO,WebServer,Transaction tx456061 completed in 95ms,E104,Transaction {tx} completed in {time}ms
37686,2026-01-12,16:46:48,INFO,OrderProcessor,User u2839 login successful,E101,User {user} login successful
37687,2026-01-12,16:07:01,INFO,WebServer,User u4261 login successful,E101,User {user} login successful
37688,2026-01-12,16:37:43,INFO,WebServer,User u2199 login successful,E101,User {user} login successful
37689,2026-01-12,16:40:49,INFO,AuthService,Page view: /home by u1914,E103,Page view: {page} by {user}
37690,2026-01-12,16:19:29,INFO,AuthService,Health check passed: AuthService,E102,Health check passed: {service}
37691,2026-01-12,16:31:30,INFO,OrderProcessor,User u3234 login successful,E101,User {user} login successful
37692,2026-01-12,16:56:56,INFO,PaymentGateway,User u3143 login successful,E101,User {user} login successful
37693,2026-01-12,16:28:03,INFO,OrderProcessor,User u4763 login successful,E101,User {user} login successful
37694,2026-01-12,16:14:13,INFO,WebServer,Transaction tx455339 completed in 928ms,E104,Transaction {tx} completed in {time}ms
37695,2026-01-12,16:31:45,INFO,OrderProcessor,Page view: /home by u3992,E103,Page view: {page} by {user}
37696,2026-01-12,16:39:29,INFO,OrderProcessor,Transaction tx357365 completed in 675ms,E104,Transaction {tx} completed in {time}ms
37697,2026-01-12,16:43:49,INFO,PaymentGateway,Transaction tx662050 completed in 594ms,E104,Transaction {tx} completed in {time}ms
37698,2026-01-12,16:12:33,INFO,AuthService,Transaction tx991666 completed in 1802ms,E104,Transaction {tx} completed in {time}ms
37699,2026-01-12,16:47:56,INFO,WebServer,Page view: /home by u3094,E103,Page view: {page} by {user}
37700,2026-01-12,16:10:27,INFO,AuthService,User u3769 login successful,E101,User {user} login successful
37701,2026-01-12,16:38:50,INFO,AuthService,Transaction tx683961 completed in 356ms,E104,Transaction {tx} completed in {time}ms
37702,2026-01-12,16:06:25,INFO,WebServer,User u1754 login successful,E101,User {user} login successful
37703,2026-01-12,16:09:36,INFO,OrderProcessor,Transaction tx240149 completed in 571ms,E104,Transaction {tx} completed in {time}ms
37704,2026-01-12,16:57:49,INFO,WebServer,User u2940 login successful,E101,User {user} login successful
37705,2026-01-12,16:26:56,INFO,WebServer,Health check passed: WebServer,E102,Health check passed: {service}
37706,2026-01-12,16:21:50,INFO,InventoryDB,Transaction tx491393 completed in 1994ms,E104,Transaction {tx} completed in {time}ms
37707,2026-01-12,16:20:31,INFO,AuthService,Transaction tx553354 completed in 1327ms,E104,Transaction {tx} completed in {time}ms
37708,2026-01-12,16:33:48,INFO,OrderProcessor,Health check passed: OrderProcessor,E102,Health check passed: {service}
37709,2026-01-12,16:50:08,INFO,WebServer,Transaction tx826934 completed in 1585ms,E104,Transaction {tx} completed in {time}ms
37710,2026-01-12,16:59:39,INFO,WebServer,User u1190 login successful,E101,User {user} login successful
37711,2026-01-12,16:05:58,INFO,WebServer,Page view: /home by u4083,E103,Page view: {page} by {user}
37712,2026-01-12,16:28:13,INFO,OrderProcessor,Transaction tx264243 completed in 1676ms,E104,Transaction {tx} completed in {time}ms
37713,2026-01-12,16:08:03,INFO,OrderProcessor,Health check passed: OrderProcessor,E102,Health check passed: {service}
37714,2026-01-12,16:02:04,INFO,AuthService,Page view: /home by u4295,E103,Page view: {page} by {user}
37715,2026-01-12,16:55:44,INFO,WebServer,User u1651 login successful,E101,User {user} login successful
37716,2026-01-12,16:11:19,INFO,WebServer,Page view: /home by u3910,E103,Page view: {page} by {user}
37717,2026-01-12,16:07:09,INFO,OrderProcessor,User u4868 login successful,E101,User {user} login successful
37718,2026-01-12,16:34:09,INFO,WebServer,Transaction tx504175 completed in 398ms,E104,Transaction {tx} completed in {time}ms
37719,2026-01-12,16:47:42,INFO,AuthService,Health check passed: AuthService,E102,Health check passed: {service}
37720,2026-01-12,16:28:20,INFO,AuthService,Page view: /home by u4491,E103,Page view: {page} by {user}
37721,2026-01-12,16:12:29,INFO,WebServer,Health check passed: WebServer,E102,Health check passed: {service}
37722,2026-01-12,16:07:46,INFO,WebServer,User u2894 login successful,E101,User {user} login successful
37723,2026-01-12,16:21:51,INFO,AuthService,Health check passed: AuthService,E102,Health check passed: {service}
37724,2026-01-12,16:49:07,INFO,WebServer,User u1048 login successful,E101,User {user} login successful
37725,2026-01-12,16:09:08,INFO,WebServer,Health check passed: WebServer,E102,Health check passed: {service}
37726,2026-01-12,16:05:41,INFO,WebServer,User u4709 login successful,E101,User {user} login successful
37727,2026-01-12,16:20:50,INFO,PaymentGateway,User u2883 login successful,E101,User {user} login successful
37728,2026-01-12,16:19:38,INFO,AuthService,User u1485 login successful,E101,User {user} login successful
37729,2026-01-12,16:46:28,INFO,WebServer,Page view: /home by u2713,E103,Page view: {page} by {user}
37730,2026-01-12,16:03:32,INFO,OrderProcessor,User u1535 login successful,E101,User {user} login successful
37731,2026-01-12,16:10:16,INFO,PaymentGateway,User u4379 login successful,E101,User {user} login successful
37732,2026-01-12,16:37:00,INFO,PaymentGateway,Health check passed: PaymentGateway,E102,Health check passed: {service}
37733,2026-01-12,16:01:16,INFO,OrderProcessor,Health check passed: OrderProcessor,E102,Health check passed: {service}
37734,2026-01-12,16:41:25,INFO,PaymentGateway,User u3411 login successful,E101,User {user} login successful
37735,2026-01-12,16:08:07,INFO,WebServer,User u3733 login successful,E101,User {user} login successful
37736,2026-01-12,16:15:17,INFO,OrderProcessor,Transaction tx485951 completed in 303ms,E104,Transaction {tx} completed in {time}ms
37737,2026-01-12,16:41:05,INFO,WebServer,Health check passed: WebServer,E102,Health check passed: {service}
37738,2026-01-12,16:24:35,INFO,PaymentGateway,Health check passed: PaymentGateway,E102,Health check passed: {service}
37739,2026-01-12,16:42:49,INFO,PaymentGateway,Health check passed: PaymentGateway,E102,Health check passed: {service}
37740,2026-01-12,16:29:09,INFO,WebServer,Health check passed: WebServer,E102,Health check passed: {service}
37741,2026-01-12,16:13:26,INFO,WebServer,Transaction tx988391 completed in 838ms,E104,Transaction {tx} completed in {time}ms
37742,2026-01-12,16:27:55,INFO,InventoryDB,Health check passed: InventoryDB,E102,Health check passed: {service}
37743,2026-01-12,16:14:13,INFO,WebServer,Health check passed: WebServer,E102,Health check passed: {service}
37744,2026-01-12,16:57:19,INFO,AuthService,Page view: /home by u2345,E103,Page view: {page} by {user}
37745,2026-01-12,16:02:24,INFO,AuthService,Page view: /home by u2082,E103,Page view: {page} by {user}
37746,2026-01-12,16:16:00,INFO,WebServer,Health check passed: WebServer,E102,Health check passed: {service}
37747,2026-01-12,16:43:51,INFO,AuthService,Page view: /home by u1178,E103,Page view: {page} by {user}
37748,2026-01-12,16:22:19,INFO,OrderProcessor,Health check passed: OrderProcessor,E102,Health check passed: {service}
37749,2026-01-12,16:12:32,INFO,AuthService,User u4127 login successful,E101,User {user} login successful
37750,2026-01-12,16:57:17,INFO,AuthService,Page view: /home by u4182,E103,Page view: {page} by {user}
37751,2026-01-12,16:20:39,INFO,AuthService,Page view: /home by u4931,E103,Page view: {page} by {user}
37752,2026-01-12,16:59:27,INFO,WebServer,Health check passed: WebServer,E102,Health check passed: {service}
37753,2026-01-12,16:09:37,INFO,WebServer,Page view: /home by u2740,E103,Page view: {page} by {user}
37754,2026-01-12,16:08:05,INFO,AuthService,Health check passed: AuthService,E102,Health check passed: {service}
37755,2026-01-12,16:06:09,INFO,WebServer,User u1069 login successful,E101,User {user} login successful
37756,2026-01-12,16:19:21,INFO,WebServer,Health check passed: WebServer,E102,Health check passed: {service}
37757,2026-01-12,16:47:51,INFO,WebServer,Page view: /home by u2782,E103,Page view: {page} by {user}
37758,2026-01-12,16:06:00,INFO,WebServer,User u1335 login successful,E101,User {user} login successful
37759,2026-01-12,16:44:44,INFO,WebServer,Health check passed: WebServer,E102,Health check passed: {service}
37760,2026-01-12,16:27:09,INFO,WebServer,User u2702 login successful,E101,User {user} login successful
37761,2026-01-12,16:04:41,INFO,AuthService,Page view: /home by u3567,E103,Page view: {page} by {user}
37762,2026-01-12,16:41:05,INFO,WebServer,Page view: /home by u1028,E103,Page view: {page} by {user}
37763,2026-01-12,16:58:11,INFO,WebServer,User u2935 login successful,E101,User {user} login successful
37764,2026-01-12,16:33:17,INFO,WebServer,Health check passed: WebServer,E102,Health check passed: {service}
37765,2026-01-12,16:09:46,INFO,AuthService,User u1189 login successful,E101,User {user} login successful
37766,2026-01-12,16:53:39,INFO,WebServer,Transaction tx341192 completed in 1715ms,E104,Transaction {tx} completed in {time}ms
37767,2026-01-12,16:54:50,INFO,InventoryDB,Page view: /home by u3966,E103,Page view: {page} by {user}
37768,2026-01-12,16:12:35,INFO,WebServer,User u3784 login successful,E101,User {user} login successful
37769,2026-01-12,16:01:24,INFO,WebServer,Health check passed: WebServer,E102,Health check passed: {service}
37770,2026-01-12,16:13:50,INFO,WebServer,Transaction tx294519 completed in 1564ms,E104,Transaction {tx} completed in {time}ms
37771,2026-01-12,16:21:55,WARN,WebServer,High latency (634ms) detected on WebServer,E201,High latency ({time}ms) detected on {service}
37772,2026-01-12,16:05:37,INFO,AuthService,User u3235 login successful,E101,User {user} login successful
37773,2026-01-12,16:08:37,INFO,WebServer,Page view: /home by u4942,E103,Page view: {page} by {user}
37774,2026-01-12,16:21:25,INFO,WebServer,Transaction tx620545 completed in 481ms,E104,Transaction {tx} completed in {time}ms
37775,2026-01-12,16:45:10,INFO,WebServer,Health check passed: WebServer,E102,Health check passed: {service}
37776,2026-01-12,16:16:48,INFO,OrderProcessor,Transaction tx472111 completed in 669ms,E104,Transaction {tx} completed in {time}ms
37777,2026-01-12,16:24:55,INFO,WebServer,Transaction tx475845 completed in 54ms,E104,Transaction {tx} completed in {time}ms
37778,2026-01-12,16:57:58,INFO,OrderProcessor,Page view: /home by u2880,E103,Page view: {page} by {user}
37779,2026-01-12,16:48:31,INFO,AuthService,Health check passed: AuthService,E102,Health check passed: {service}
37780,2026-01-12,16:27:51,INFO,AuthService,User u4874 login successful,E101,User {user} login successful
37781,2026-01-12,16:58:06,INFO,PaymentGateway,Transaction tx573892 completed in 1971ms,E104,Transaction {tx} completed in {time}ms
37782,2026-01-12,16:50:41,INFO,WebServer,Transaction tx641599 completed in 1923ms,E104,Transaction {tx} completed in {time}ms
37783,2026-01-12,16:54:21,INFO,WebServer,Page view: /home by u1188,E103,Page view: {page} by {user}
37784,2026-01-12,16:50:52,INFO,WebServer,User u2008 login successful,E101,User {user} login successful
37785,2026-01-12,16:56:27,INFO,WebServer,Transaction tx498643 completed in 1796ms,E104,Transaction {tx} completed in {time}ms
37786,2026-01-12,16:45:09,INFO,WebServer,Page view: /home by u1116,E103,Page view: {page} by {user}
37787,2026-01-12,16:25:52,INFO,InventoryDB,Health check passed: InventoryDB,E102,Health check passed: {service}
37788,2026-01-12,16:07:41,INFO,WebServer,Page view: /home by u4642,E103,Page view: {page} by {user}
37789,2026-01-12,16:00:30,INFO,OrderProcessor,User u2820 login successful,E101,User {user} login successful
37790,2026-01-12,16:35:35,INFO,WebServer,Transaction tx467704 completed in 713ms,E104,Transaction {tx} completed in {time}ms
37791,2026-01-12,16:50:04,INFO,AuthService,User u1208 login successful,E101,User {user} login successful
37792,2026-01-12,16:55:21,INFO,WebServer,Transaction tx170843 completed in 1741ms,E104,Transaction {tx} completed in {time}ms
37793,2026-01-12,16:44:24,INFO,WebServer,User u1716 login successful,E101,User {user} login successful
37794,2026-01-12,16:53:32,INFO,OrderProcessor,User u3318 login successful,E101,User {user} login successful
37795,2026-01-12,16:04:46,INFO,AuthService,Health check passed: AuthService,E102,Health check passed: {service}
37796,2026-01-12,16:08:57,INFO,WebServer,Transaction tx537220 completed in 1464ms,E104,Transaction {tx} completed in {time}ms
37797,2026-01-12,16:09:07,CRITICAL,WebServer,KERNEL PANIC: Node node-3 crashed,E601,KERNEL PANIC: Node {node} crashed
37798,2026-01-12,16:00:08,INFO,AuthService,Health check passed: AuthService,E102,Health check passed: {service}
37799,2026-01-12,16:05:42,INFO,AuthService,Health check passed: AuthService,E102,Health check passed: {service}
37800,2026-01-12,16:42:11,WARN,OrderProcessor,Disk usage > 85% on node node-3,E202,Disk usage > 85% on node {node}
37801,2026-01-12,16:55:19,INFO,WebServer,Transaction tx875746 completed in 775ms,E104,Transaction {tx} completed in {time}ms
37802,2026-01-12,16:01:42,INFO,OrderProcessor,Page view: /home by u1055,E103,Page view: {page} by {user}
37803,2026-01-12,16:58:43,WARN,WebServer,Unauthorized access attempt from 10.0.0.45,E401,Unauthorized access attempt from {ip}
37804,2026-01-12,16:19:44,INFO,AuthService,Page view: /home by u3563,E103,Page view: {page} by {user}
37805,2026-01-12,16:54:26,INFO,OrderProcessor,Page view: /home by u1727,E103,Page view: {page} by {user}
37806,2026-01-12,16:23:37,INFO,AuthService,Health check passed: AuthService,E102,Health check passed: {service}
37807,2026-01-12,16:46:57,INFO,AuthService,Page view: /home by u3935,E103,Page view: {page} by {user}
37808,2026-01-12,16:09:26,INFO,WebServer,Transaction tx234238 completed in 1967ms,E104,Transaction {tx} completed in {time}ms
37809,2026-01-12,16:46:39,WARN,OrderProcessor,High latency (1490ms) detected on OrderProcessor,E201,High latency ({time}ms) detected on {service}
37810,2026-01-12,16:02:58,INFO,AuthService,User u3604 login successful,E101,User {user} login successful
37811,2026-01-12,16:53:42,INFO,WebServer,Transaction tx325007 completed in 577ms,E104,Transaction {tx} completed in {time}ms
37812,2026-01-12,16:57:18,INFO,WebServer,Transaction tx738207 completed in 1387ms,E104,Transaction {tx} completed in {time}ms
37813,2026-01-12,16:29:05,INFO,AuthService,Page view: /home by u1194,E103,Page view: {page} by {user}
37814,2026-01-12,16:10:40,INFO,WebServer,Health check passed: WebServer,E102,Health check passed: {service}
37815,2026-01-12,16:46:09,WARN,WebServer,Disk usage > 85% on node node-1,E202,Disk usage > 85% on node {node}
37816,2026-01-12,16:30:26,WARN,OrderProcessor,High latency (805ms) detected on OrderProcessor,E201,High latency ({time}ms) detected on {service}
37817,2026-01-12,16:32:07,INFO,WebServer,Transaction tx462888 completed in 883ms,E104,Transaction {tx} completed in {time}ms
37818,2026-01-12,16:28:21,INFO,PaymentGateway,Transaction tx604498 completed in 348ms,E104,Transaction {tx} completed in {time}ms
37819,2026-01-12,16:12:11,INFO,WebServer,User u2979 login successful,E101,User {user} login successful
37820,2026-01-12,16:37:34,INFO,InventoryDB,User u3732 login successful,E101,User {user} login successful
37821,2026-01-12,16:07:02,INFO,InventoryDB,Transaction tx545628 completed in 712ms,E104,Transaction {tx} completed in {time}ms
37822,2026-01-12,16:49:29,ERROR,WebServer,Timeout waiting for lock on InventoryDB,E502,Timeout waiting for lock on {db}
37823,2026-01-12,16:05:57,INFO,WebServer,Page view: /home by u3072,E103,Page view: {page} by {user}
37824,2026-01-12,16:39:31,INFO,WebServer,Transaction tx660390 completed in 1407ms,E104,Transaction {tx} completed in {time}ms
37825,2026-01-12,16:11:22,INFO,WebServer,Page view: /home by u1018,E103,Page view: {page} by {user}
37826,2026-01-12,16:21:42,INFO,PaymentGateway,Transaction tx931495 completed in 1354ms,E104,Transaction {tx} completed in {time}ms
37827,2026-01-12,16:11:39,INFO,WebServer,Health check passed: WebServer,E102,Health check passed: {service}
37828,2026-01-12,16:58:08,INFO,OrderProcessor,Transaction tx371206 completed in 1117ms,E104,Transaction {tx} completed in {time}ms
37829,2026-01-12,16:24:53,INFO,WebServer,Page view: /home by u4971,E103,Page view: {page} by {user}
37830,2026-01-12,16:29:22,INFO,WebServer,Transaction tx403051 completed in 1710ms,E104,Transaction {tx} completed in {time}ms
37831,2026-01-12,16:02:02,INFO,AuthService,User u1818 login successful,E101,User {user} login successful
37832,2026-01-12,16:48:40,INFO,AuthService,Transaction tx552159 completed in 1011ms,E104,Transaction {tx} completed in {time}ms
37833,2026-01-12,16:00:42,INFO,WebServer,Page view: /home by u2010,E103,Page view: {page} by {user}
37834,2026-01-12,16:22:21,INFO,WebServer,Transaction tx281872 completed in 332ms,E104,Transaction {tx} completed in {time}ms
37835,2026-01-12,16:22:19,INFO,WebServer,Health check passed: WebServer,E102,Health check passed: {service}
37836,2026-01-12,16:26:44,INFO,InventoryDB,Health check passed: InventoryDB,E102,Health check passed: {service}
37837,2026-01-12,16:46:14,INFO,WebServer,Page view: /home by u2556,E103,Page view: {page} by {user}
37838,2026-01-12,16:29:33,INFO,AuthService,Transaction tx189663 completed in 144ms,E104,Transaction {tx} completed in {time}ms
37839,2026-01-12,16:49:02,INFO,AuthService,Page view: /home by u1273,E103,Page view: {page} by {user}
37840,2026-01-12,16:17:45,INFO,AuthService,User u4931 login successful,E101,User {user} login successful
37841,2026-01-12,16:26:29,INFO,PaymentGateway,Health check passed: PaymentGateway,E102,Health check passed: {service}
37842,2026-01-12,16:34:18,INFO,WebServer,Transaction tx275828 completed in 291ms,E104,Transaction {tx} completed in {time}ms
37843,2026-01-12,16:36:10,INFO,WebServer,User u2546 login successful,E101,User {user} login successful
37844,2026-01-12,16:02:02,ERROR,AuthService,Payment declined: Gateway unavailable,E503,Payment declined: Gateway unavailable
37845,2026-01-12,16:16:54,INFO,AuthService,Transaction tx979896 completed in 969ms,E104,Transaction {tx} completed in {time}ms
37846,2026-01-12,16:02:57,WARN,OrderProcessor,High latency (1698ms) detected on OrderProcessor,E201,High latency ({time}ms) detected on {service}
37847,2026-01-12,16:20:03,INFO,AuthService,Transaction tx754951 completed in 1377ms,E104,Transaction {tx} completed in {time}ms
37848,2026-01-12,16:26:02,INFO,WebServer,Health check passed: WebServer,E102,Health check passed: {service}
37849,2026-01-12,16:35:59,INFO,WebServer,Page view: /home by u4914,E103,Page view: {page} by {user}
37850,2026-01-12,16:15:23,INFO,WebServer,Transaction tx793558 completed in 779ms,E104,Transaction {tx} completed in {time}ms
37851,2026-01-12,16:41:53,INFO,WebServer,User u1630 login successful,E101,User {user} login successful
37852,2026-01-12,16:10:34,INFO,PaymentGateway,Transaction tx829598 completed in 1734ms,E104,Transaction {tx} completed in {time}ms
37853,2026-01-12,16:18:05,INFO,AuthService,User u1662 login successful,E101,User {user} login successful
37854,2026-01-12,16:21:19,INFO,AuthService,Health check passed: AuthService,E102,Health check passed: {service}
37855,2026-01-12,16:28:14,INFO,PaymentGateway,Page view: /home by u2916,E103,Page view: {page} by {user}
37856,2026-01-12,16:23:59,INFO,OrderProcessor,User u4813 login successful,E101,User {user} login successful
37857,2026-01-12,16:15:47,INFO,WebServer,User u3665 login successful,E101,User {user} login successful
37858,2026-01-12,16:22:26,INFO,WebServer,Transaction tx793450 completed in 283ms,E104,Transaction {tx} completed in {time}ms
37859,2026-01-12,16:37:43,INFO,WebServer,Page view: /home by u3124,E103,Page view: {page} by {user}
37860,2026-01-12,16:05:46,INFO,WebServer,Health check passed: WebServer,E102,Health check passed: {service}
37861,2026-01-12,16:12:38,INFO,OrderProcessor,Transaction tx771137 completed in 182ms,E104,Transaction {tx} completed in {time}ms
37862,2026-01-12,16:00:05,INFO,AuthService,Page view: /home by u2063,E103,Page view: {page} by {user}
37863,2026-01-12,16:55:32,INFO,WebServer,Transaction tx681083 completed in 341ms,E104,Transaction {tx} completed in {time}ms
37864,2026-01-12,16:49:26,INFO,PaymentGateway,Transaction tx886967 completed in 1498ms,E104,Transaction {tx} completed in {time}ms
37865,2026-01-12,16:54:33,INFO,WebServer,User u3791 login successful,E101,User {user} login successful
37866,2026-01-12,16:11:40,INFO,PaymentGateway,Health check passed: PaymentGateway,E102,Health check passed: {service}
37867,2026-01-12,16:55:00,INFO,OrderProcessor,Health check passed: OrderProcessor,E102,Health check passed: {service}
37868,2026-01-12,16:51:45,INFO,WebServer,User u4376 login successful,E101,User {user} login successful
37869,2026-01-12,16:35:06,INFO,WebServer,User u3313 login successful,E101,User {user} login successful
37870,2026-01-12,16:17:09,INFO,AuthService,Transaction tx302962 completed in 1652ms,E104,Transaction {tx} completed in {time}ms
37871,2026-01-12,16:46:08,INFO,OrderProcessor,Transaction tx633654 completed in 988ms,E104,Transaction {tx} completed in {time}ms
37872,2026-01-12,16:02:07,INFO,WebServer,Page view: /home by u4048,E103,Page view: {page} by {user}
37873,2026-01-12,16:39:13,WARN,WebServer,High latency (1053ms) detected on WebServer,E201,High latency ({time}ms) detected on {service}
37874,2026-01-12,16:14:14,INFO,OrderProcessor,Page view: /home by u3685,E103,Page view: {page} by {user}
37875,2026-01-12,16:10:54,INFO,WebServer,Page view: /home by u2806,E103,Page view: {page} by {user}
37876,2026-01-12,16:56:52,INFO,WebServer,User u2678 login successful,E101,User {user} login successful
37877,2026-01-12,16:11:42,WARN,WebServer,High latency (124ms) detected on WebServer,E201,High latency ({time}ms) detected on {service}
37878,2026-01-12,16:33:03,INFO,WebServer,User u4377 login successful,E101,User {user} login successful
37879,2026-01-12,16:05:11,INFO,OrderProcessor,Transaction tx249991 completed in 1838ms,E104,Transaction {tx} completed in {time}ms
37880,2026-01-12,16:53:45,INFO,OrderProcessor,Page view: /home by u1251,E103,Page view: {page} by {user}
37881,2026-01-12,16:04:58,INFO,WebServer,Page view: /home by u1959,E103,Page view: {page} by {user}
37882,2026-01-12,16:48:31,INFO,OrderProcessor,Health check passed: OrderProcessor,E102,Health check passed: {service}
37883,2026-01-12,16:33:32,INFO,WebServer,Transaction tx864776 completed in 1933ms,E104,Transaction {tx} completed in {time}ms
37884,2026-01-12,16:07:22,INFO,OrderProcessor,Transaction tx519979 completed in 248ms,E104,Transaction {tx} completed in {time}ms
37885,2026-01-12,16:37:39,INFO,OrderProcessor,Health check passed: OrderProcessor,E102,Health check passed: {service}
37886,2026-01-12,16:23:20,INFO,AuthService,Health check passed: AuthService,E102,Health check passed: {service}
37887,2026-01-12,16:31:32,WARN,OrderProcessor,Unauthorized access attempt from 10.0.0.45,E401,Unauthorized access attempt from {ip}
37888,2026-01-12,16:54:23,INFO,WebServer,User u1473 login successful,E101,User {user} login successful
37889,2026-01-12,16:12:39,WARN,WebServer,Disk usage > 85% on node node-4,E202,Disk usage > 85% on node {node}
37890,2026-01-12,16:49:11,INFO,WebServer,User u1487 login successful,E101,User {user} login successful
37891,2026-01-12,16:15:37,INFO,WebServer,Transaction tx959238 completed in 961ms,E104,Transaction {tx} completed in {time}ms
37892,2026-01-12,16:19:11,INFO,WebServer,User u4271 login successful,E101,User {user} login successful
37893,2026-01-12,16:21:36,INFO,WebServer,Health check passed: WebServer,E102,Health check passed: {service}
37894,2026-01-12,16:43:39,WARN,AuthService,Disk usage > 85% on node node-4,E202,Disk usage > 85% on node {node}
37895,2026-01-12,16:32:16,INFO,WebServer,Page view: /home by u2081,E103,Page view: {page} by {user}
37896,2026-01-12,16:04:46,WARN,AuthService,High latency (448ms) detected on AuthService,E201,High latency ({time}ms) detected on {service}
37897,2026-01-12,16:01:22,INFO,WebServer,Transaction tx257833 completed in 1230ms,E104,Transaction {tx} completed in {time}ms
37898,2026-01-12,16:57:58,INFO,WebServer,Page view: /home by u1816,E103,Page view: {page} by {user}
37899,2026-01-12,16:12:36,INFO,OrderProcessor,Page view: /home by u5000,E103,Page view: {page} by {user}
37900,2026-01-12,16:02:12,INFO,OrderProcessor,Health check passed: OrderProcessor,E102,Health check passed: {service}
37901,2026-01-12,16:31:31,INFO,WebServer,Health check passed: WebServer,E102,Health check passed: {service}
37902,2026-01-12,16:01:56,INFO,AuthService,Health check passed: AuthService,E102,Health check passed: {service}
37903,2026-01-12,16:01:08,INFO,AuthService,Transaction tx941781 completed in 484ms,E104,Transaction {tx} completed in {time}ms
37904,2026-01-12,16:36:12,INFO,WebServer,Page view: /home by u3042,E103,Page view: {page} by {user}
37905,2026-01-12,16:10:40,INFO,WebServer,Transaction tx451171 completed in 96ms,E104,Transaction {tx} completed in {time}ms
37906,2026-01-12,16:28:39,INFO,AuthService,Health check passed: AuthService,E102,Health check passed: {service}
37907,2026-01-12,16:11:49,INFO,WebServer,Page view: /home by u1636,E103,Page view: {page} by {user}
37908,2026-01-12,16:18:32,INFO,WebServer,Page view: /home by u2431,E103,Page view: {page} by {user}
37909,2026-01-12,16:18:30,INFO,PaymentGateway,User u2787 login successful,E101,User {user} login successful
37910,2026-01-12,16:01:14,INFO,WebServer,Transaction tx391576 completed in 1335ms,E104,Transaction {tx} completed in {time}ms
37911,2026-01-12,16:47:47,INFO,WebServer,User u4334 login successful,E101,User {user} login successful
37912,2026-01-12,16:13:52,INFO,WebServer,Health check passed: WebServer,E102,Health check passed: {service}
37913,2026-01-12,16:24:04,INFO,AuthService,User u4442 login successful,E101,User {user} login successful
37914,2026-01-12,16:06:02,INFO,OrderProcessor,User u3527 login successful,E101,User {user} login successful
37915,2026-01-12,16:46:53,INFO,WebServer,User u1375 login successful,E101,User {user} login successful
37916,2026-01-12,16:12:56,INFO,WebServer,Transaction tx131746 completed in 653ms,E104,Transaction {tx} completed in {time}ms
37917,2026-01-12,16:41:29,INFO,WebServer,Health check passed: WebServer,E102,Health check passed: {service}
37918,2026-01-12,16:15:24,INFO,WebServer,User u1506 login successful,E101,User {user} login successful
37919,2026-01-12,16:31:05,INFO,WebServer,Health check passed: WebServer,E102,Health check passed: {service}
37920,2026-01-12,16:56:15,WARN,WebServer,Disk usage > 85% on node node-3,E202,Disk usage > 85% on node {node}
37921,2026-01-12,16:31:36,INFO,PaymentGateway,Page view: /home by u1845,E103,Page view: {page} by {user}
37922,2026-01-12,16:52:54,INFO,InventoryDB,Health check passed: InventoryDB,E102,Health check passed: {service}
37923,2026-01-12,16:49:39,INFO,OrderProcessor,Health check passed: OrderProcessor,E102,Health check passed: {service}
37924,2026-01-12,16:40:03,INFO,WebServer,User u1863 login successful,E101,User {user} login successful
37925,2026-01-12,16:26:37,WARN,PaymentGateway,Disk usage > 85% on node node-5,E202,Disk usage > 85% on node {node}
37926,2026-01-12,16:14:48,INFO,OrderProcessor,User u2825 login successful,E101,User {user} login successful
37927,2026-01-12,16:31:04,INFO,OrderProcessor,Health check passed: OrderProcessor,E102,Health check passed: {service}
37928,2026-01-12,16:31:57,INFO,WebServer,Page view: /home by u3597,E103,Page view: {page} by {user}
37929,2026-01-12,16:42:36,INFO,WebServer,Transaction tx789432 completed in 814ms,E104,Transaction {tx} completed in {time}ms
37930,2026-01-12,16:18:28,INFO,WebServer,User u4925 login successful,E101,User {user} login successful
37931,2026-01-12,16:50:22,INFO,WebServer,Transaction tx161392 completed in 1273ms,E104,Transaction {tx} completed in {time}ms
37932,2026-01-12,16:20:07,INFO,AuthService,Transaction tx776757 completed in 1010ms,E104,Transaction {tx} completed in {time}ms
37933,2026-01-12,16:12:34,INFO,AuthService,Page view: /home by u2039,E103,Page view: {page} by {user}
37934,2026-01-12,16:40:02,INFO,InventoryDB,Health check passed: InventoryDB,E102,Health check passed: {service}
37935,2026-01-12,16:55:32,INFO,WebServer,Transaction tx471837 completed in 1361ms,E104,Transaction {tx} completed in {time}ms
37936,2026-01-12,16:47:10,INFO,OrderProcessor,User u1150 login successful,E101,User {user} login successful
37937,2026-01-12,16:34:07,INFO,WebServer,Page view: /home by u2497,E103,Page view: {page} by {user}
37938,2026-01-12,16:55:22,INFO,PaymentGateway,Transaction tx770582 completed in 1564ms,E104,Transaction {tx} completed in {time}ms
37939,2026-01-12,16:27:34,INFO,WebServer,Health check passed: WebServer,E102,Health check passed: {service}
37940,2026-01-12,16:48:24,INFO,AuthService,Page view: /home by u1591,E103,Page view: {page} by {user}
37941,2026-01-12,16:06:30,WARN,OrderProcessor,Disk usage > 85% on node node-1,E202,Disk usage > 85% on node {node}
37942,2026-01-12,16:09:22,INFO,AuthService,User u3349 login successful,E101,User {user} login successful
37943,2026-01-12,16:45:30,INFO,WebServer,Health check passed: WebServer,E102,Health check passed: {service}
37944,2026-01-12,16:57:28,WARN,PaymentGateway,Unauthorized access attempt from 10.0.0.12,E401,Unauthorized access attempt from {ip}
37945,2026-01-12,16:57:36,INFO,AuthService,Transaction tx548197 completed in 1419ms,E104,Transaction {tx} completed in {time}ms
37946,2026-01-12,16:02:58,INFO,AuthService,Transaction tx908218 completed in 1182ms,E104,Transaction {tx} completed in {time}ms
37947,2026-01-12,16:10:47,INFO,PaymentGateway,Transaction tx580117 completed in 818ms,E104,Transaction {tx} completed in {time}ms
37948,2026-01-12,16:56:24,INFO,InventoryDB,Health check passed: InventoryDB,E102,Health check passed: {service}
37949,2026-01-12,16:05:28,INFO,WebServer,Page view: /home by u3662,E103,Page view: {page} by {user}
37950,2026-01-12,16:37:56,INFO,WebServer,Page view: /home by u2914,E103,Page view: {page} by {user}
37951,2026-01-12,16:53:12,INFO,AuthService,Transaction tx847330 completed in 529ms,E104,Transaction {tx} completed in {time}ms
37952,2026-01-12,16:58:26,INFO,AuthService,User u3389 login successful,E101,User {user} login successful
37953,2026-01-12,16:51:05,INFO,OrderProcessor,Transaction tx769818 completed in 347ms,E104,Transaction {tx} completed in {time}ms
37954,2026-01-12,16:54:26,WARN,OrderProcessor,Unauthorized access attempt from 10.0.0.10,E401,Unauthorized access attempt from {ip}
37955,2026-01-12,16:27:33,INFO,WebServer,User u3299 login successful,E101,User {user} login successful
37956,2026-01-12,16:49:31,INFO,OrderProcessor,User u2972 login successful,E101,User {user} login successful
37957,2026-01-12,16:30:24,INFO,OrderProcessor,Transaction tx143517 completed in 1468ms,E104,Transaction {tx} completed in {time}ms
37958,2026-01-12,16:29:29,INFO,WebServer,Page view: /home by u2936,E103,Page view: {page} by {user}
37959,2026-01-12,16:24:15,INFO,WebServer,Health check passed: WebServer,E102,Health check passed: {service}
37960,2026-01-12,16:19:33,INFO,WebServer,User u3493 login successful,E101,User {user} login successful
37961,2026-01-12,16:28:48,INFO,AuthService,User u4218 login successful,E101,User {user} login successful
37962,2026-01-12,16:42:09,INFO,AuthService,Health check passed: AuthService,E102,Health check passed: {service}
37963,2026-01-12,16:29:44,INFO,OrderProcessor,User u2192 login successful,E101,User {user} login successful
37964,2026-01-12,16:31:44,INFO,OrderProcessor,User u4128 login successful,E101,User {user} login successful
37965,2026-01-12,16:44:08,INFO,AuthService,User u2281 login successful,E101,User {user} login successful
37966,2026-01-12,16:51:46,INFO,OrderProcessor,Health check passed: OrderProcessor,E102,Health check passed: {service}
37967,2026-01-12,16:53:20,WARN,WebServer,Disk usage > 85% on node node-3,E202,Disk usage > 85% on node {node}
37968,2026-01-12,16:20:08,INFO,WebServer,Health check passed: WebServer,E102,Health check passed: {service}
37969,2026-01-12,16:39:39,INFO,OrderProcessor,Health check passed: OrderProcessor,E102,Health check passed: {service}
37970,2026-01-12,16:38:20,INFO,WebServer,Page view: /home by u4030,E103,Page view: {page} by {user}
37971,2026-01-12,16:21:14,INFO,WebServer,Transaction tx763879 completed in 424ms,E104,Transaction {tx} completed in {time}ms
37972,2026-01-12,16:11:03,INFO,AuthService,Page view: /home by u4308,E103,Page view: {page} by {user}
37973,2026-01-12,16:08:39,INFO,WebServer,Page view: /home by u2413,E103,Page view: {page} by {user}
37974,2026-01-12,16:22:07,WARN,InventoryDB,Unauthorized access attempt from 10.0.0.10,E401,Unauthorized access attempt from {ip}
37975,2026-01-12,16:07:32,INFO,WebServer,Page view: /home by u3177,E103,Page view: {page} by {user}
37976,2026-01-12,16:04:17,INFO,AuthService,User u4086 login successful,E101,User {user} login successful
37977,2026-01-12,16:22:50,INFO,AuthService,Health check passed: AuthService,E102,Health check passed: {service}
37978,2026-01-12,16:12:28,INFO,OrderProcessor,Health check passed: OrderProcessor,E102,Health check passed: {service}
37979,2026-01-12,16:48:31,INFO,WebServer,Transaction tx223701 completed in 499ms,E104,Transaction {tx} completed in {time}ms
37980,2026-01-12,16:09:38,INFO,OrderProcessor,User u3814 login successful,E101,User {user} login successful
37981,2026-01-12,16:05:46,INFO,OrderProcessor,Page view: /home by u3276,E103,Page view: {page} by {user}
37982,2026-01-12,16:25:38,INFO,InventoryDB,Transaction tx530171 completed in 998ms,E104,Transaction {tx} completed in {time}ms
37983,2026-01-12,16:35:33,INFO,PaymentGateway,Transaction tx730905 completed in 920ms,E104,Transaction {tx} completed in {time}ms
37984,2026-01-12,16:45:25,INFO,WebServer,User u1884 login successful,E101,User {user} login successful
37985,2026-01-12,16:54:33,INFO,WebServer,Transaction tx795738 completed in 1497ms,E104,Transaction {tx} completed in {time}ms
37986,2026-01-12,16:58:35,INFO,WebServer,Health check passed: WebServer,E102,Health check passed: {service}
37987,2026-01-12,16:26:44,INFO,WebServer,Transaction tx187454 completed in 1357ms,E104,Transaction {tx} completed in {time}ms
37988,2026-01-12,16:45:15,INFO,WebServer,User u3995 login successful,E101,User {user} login successful
37989,2026-01-12,16:01:54,INFO,WebServer,Transaction tx487797 completed in 714ms,E104,Transaction {tx} completed in {time}ms
37990,2026-01-12,16:53:12,INFO,OrderProcessor,User u2589 login successful,E101,User {user} login successful
37991,2026-01-12,16:00:01,INFO,WebServer,Health check passed: WebServer,E102,Health check passed: {service}
37992,2026-01-12,16:43:04,INFO,WebServer,Transaction tx798656 completed in 1356ms,E104,Transaction {tx} completed in {time}ms
37993,2026-01-12,16:28:49,ERROR,WebServer,Connection refused to WebServer at 10.0.0.45,E501,Connection refused to {service} at {ip}
37994,2026-01-12,16:23:11,INFO,AuthService,Transaction tx772739 completed in 1732ms,E104,Transaction {tx} completed in {time}ms
37995,2026-01-12,16:47:35,INFO,OrderProcessor,Health check passed: OrderProcessor,E102,Health check passed: {service}
37996,2026-01-12,16:49:09,INFO,WebServer,Health check passed: WebServer,E102,Health check passed: {service}
37997,2026-01-12,16:22:50,INFO,OrderProcessor,Page view: /home by u3410,E103,Page view: {page} by {user}
37998,2026-01-12,16:30:03,INFO,OrderProcessor,Transaction tx993627 completed in 174ms,E104,Transaction {tx} completed in {time}ms
37999,2026-01-12,16:55:13,INFO,WebServer,User u4132 login successful,E101,User {user} login successful
38000,2026-01-12,16:12:04,INFO,AuthService,User u4676 login successful,E101,User {user} login successful
38001,2026-01-12,16:57:39,INFO,WebServer,User u4204 login successful,E101,User {user} login successful
38002,2026-01-12,16:43:04,INFO,WebServer,Transaction tx812322 completed in 460ms,E104,Transaction {tx} completed in {time}ms
38003,2026-01-12,16:30:55,INFO,OrderProcessor,Health check passed: OrderProcessor,E102,Health check passed: {service}
38004,2026-01-12,16:58:34,ERROR,AuthService,Payment declined: Gateway unavailable,E503,Payment declined: Gateway unavailable
38005,2026-01-12,16:41:18,INFO,WebServer,Health check passed: WebServer,E102,Health check passed: {service}
38006,2026-01-12,16:45:47,INFO,OrderProcessor,Transaction tx177899 completed in 275ms,E104,Transaction {tx} completed in {time}ms
38007,2026-01-12,16:37:33,INFO,AuthService,User u1727 login successful,E101,User {user} login successful
38008,2026-01-12,16:55:20,INFO,WebServer,Page view: /home by u4279,E103,Page view: {page} by {user}
38009,2026-01-12,16:37:05,INFO,PaymentGateway,User u1904 login successful,E101,User {user} login successful
38010,2026-01-12,16:27:27,INFO,OrderProcessor,Page view: /home by u1502,E103,Page view: {page} by {user}
38011,2026-01-12,16:41:44,INFO,AuthService,Page view: /home by u2065,E103,Page view: {page} by {user}
38012,2026-01-12,16:19:58,WARN,OrderProcessor,Unauthorized access attempt from 10.0.0.12,E401,Unauthorized access attempt from {ip}
38013,2026-01-12,16:21:21,INFO,AuthService,Health check passed: AuthService,E102,Health check passed: {service}
38014,2026-01-12,16:07:40,CRITICAL,WebServer,DATA CORRUPTION detected in sector 496,E602,DATA CORRUPTION detected in sector {sector}
38015,2026-01-12,16:07:37,INFO,WebServer,Transaction tx780244 completed in 1313ms,E104,Transaction {tx} completed in {time}ms
38016,2026-01-12,16:37:52,WARN,WebServer,Disk usage > 85% on node node-3,E202,Disk usage > 85% on node {node}
38017,2026-01-12,16:21:27,INFO,WebServer,Health check passed: WebServer,E102,Health check passed: {service}
38018,2026-01-12,16:37:25,WARN,WebServer,Unauthorized access attempt from 10.0.0.45,E401,Unauthorized access attempt from {ip}
38019,2026-01-12,16:27:36,INFO,WebServer,User u1271 login successful,E101,User {user} login successful
38020,2026-01-12,16:24:57,INFO,OrderProcessor,Page view: /home by u2727,E103,Page view: {page} by {user}
38021,2026-01-12,16:29:29,INFO,AuthService,User u4429 login successful,E101,User {user} login successful
38022,2026-01-12,16:33:52,INFO,WebServer,Page view: /home by u1489,E103,Page view: {page} by {user}
38023,2026-01-12,16:09:08,INFO,AuthService,Page view: /home by u2215,E103,Page view: {page} by {user}
38024,2026-01-12,16:42:01,INFO,OrderProcessor,Transaction tx542077 completed in 1046ms,E104,Transaction {tx} completed in {time}ms
38025,2026-01-12,16:14:54,INFO,AuthService,User u2291 login successful,E101,User {user} login successful
38026,2026-01-12,16:30:02,INFO,WebServer,Transaction tx984475 completed in 381ms,E104,Transaction {tx} completed in {time}ms
38027,2026-01-12,16:06:41,INFO,WebServer,Health check passed: WebServer,E102,Health check passed: {service}
38028,2026-01-12,16:00:54,INFO,PaymentGateway,User u2780 login successful,E101,User {user} login successful
38029,2026-01-12,16:57:12,INFO,AuthService,Transaction tx129113 completed in 424ms,E104,Transaction {tx} completed in {time}ms
38030,2026-01-12,16:01:44,WARN,PaymentGateway,Disk usage > 85% on node node-2,E202,Disk usage > 85% on node {node}
38031,2026-01-12,16:25:27,INFO,PaymentGateway,Page view: /home by u2989,E103,Page view: {page} by {user}
38032,2026-01-12,16:48:09,INFO,WebServer,Transaction tx170889 completed in 1048ms,E104,Transaction {tx} completed in {time}ms
38033,2026-01-12,16:47:11,INFO,WebServer,Health check passed: WebServer,E102,Health check passed: {service}
38034,2026-01-12,16:30:38,INFO,AuthService,Page view: /home by u2038,E103,Page view: {page} by {user}
38035,2026-01-12,16:00:56,INFO,WebServer,Health check passed: WebServer,E102,Health check passed: {service}
38036,2026-01-12,16:55:23,WARN,WebServer,High latency (1055ms) detected on WebServer,E201,High latency ({time}ms) detected on {service}
38037,2026-01-12,16:38:01,INFO,PaymentGateway,Page view: /home by u2498,E103,Page view: {page} by {user}
38038,2026-01-12,16:20:37,INFO,WebServer,Page view: /home by u2297,E103,Page view: {page} by {user}
38039,2026-01-12,16:16:32,INFO,OrderProcessor,Health check passed: OrderProcessor,E102,Health check passed: {service}
38040,2026-01-12,16:43:47,INFO,WebServer,Health check passed: WebServer,E102,Health check passed: {service}
38041,2026-01-12,16:40:58,WARN,WebServer,Unauthorized access attempt from 10.0.0.88,E401,Unauthorized access attempt from {ip}
38042,2026-01-12,16:18:21,INFO,PaymentGateway,Page view: /home by u3031,E103,Page view: {page} by {user}
38043,2026-01-12,16:24:08,INFO,WebServer,User u2264 login successful,E101,User {user} login successful
38044,2026-01-12,16:29:21,INFO,OrderProcessor,Health check passed: OrderProcessor,E102,Health check passed: {service}
38045,2026-01-12,16:58:37,INFO,WebServer,User u2470 login successful,E101,User {user} login successful
38046,2026-01-12,16:37:26,INFO,WebServer,Transaction tx344362 completed in 1685ms,E104,Transaction {tx} completed in {time}ms
38047,2026-01-12,16:48:11,INFO,WebServer,Transaction tx401315 completed in 1808ms,E104,Transaction {tx} completed in {time}ms
38048,2026-01-12,16:53:42,INFO,InventoryDB,Page view: /home by u1910,E103,Page view: {page} by {user}
38049,2026-01-12,16:11:51,INFO,AuthService,User u1189 login successful,E101,User {user} login successful
38050,2026-01-12,16:08:39,INFO,AuthService,Transaction tx332649 completed in 1774ms,E104,Transaction {tx} completed in {time}ms
38051,2026-01-12,16:37:18,INFO,InventoryDB,User u4229 login successful,E101,User {user} login successful
38052,2026-01-12,16:13:08,INFO,WebServer,Transaction tx990890 completed in 1332ms,E104,Transaction {tx} completed in {time}ms
38053,2026-01-12,16:02:09,INFO,InventoryDB,Page view: /home by u4811,E103,Page view: {page} by {user}
38054,2026-01-12,16:57:29,INFO,WebServer,User u4697 login successful,E101,User {user} login successful
38055,2026-01-12,16:16:33,INFO,InventoryDB,Page view: /home by u2117,E103,Page view: {page} by {user}
38056,2026-01-12,16:46:33,INFO,AuthService,Page view: /home by u4140,E103,Page view: {page} by {user}
38057,2026-01-12,16:29:01,INFO,AuthService,User u2305 login successful,E101,User {user} login successful
38058,2026-01-12,16:58:17,INFO,OrderProcessor,Page view: /home by u1405,E103,Page view: {page} by {user}
38059,2026-01-12,16:08:47,INFO,WebServer,Page view: /home by u1391,E103,Page view: {page} by {user}
38060,2026-01-12,16:43:02,INFO,WebServer,Health check passed: WebServer,E102,Health check passed: {service}
38061,2026-01-12,16:02:20,INFO,AuthService,Page view: /home by u3714,E103,Page view: {page} by {user}
38062,2026-01-12,16:10:22,INFO,OrderProcessor,User u4809 login successful,E101,User {user} login successful
38063,2026-01-12,16:24:45,INFO,WebServer,Health check passed: WebServer,E102,Health check passed: {service}
38064,2026-01-12,16:44:17,INFO,WebServer,User u3215 login successful,E101,User {user} login successful
38065,2026-01-12,16:45:33,INFO,OrderProcessor,Health check passed: OrderProcessor,E102,Health check passed: {service}
38066,2026-01-12,16:49:19,INFO,AuthService,Health check passed: AuthService,E102,Health check passed: {service}
38067,2026-01-12,16:19:24,WARN,WebServer,Disk usage > 85% on node node-1,E202,Disk usage > 85% on node {node}
38068,2026-01-12,16:40:28,INFO,PaymentGateway,Transaction tx366975 completed in 249ms,E104,Transaction {tx} completed in {time}ms
38069,2026-01-12,16:20:09,INFO,OrderProcessor,Page view: /home by u4384,E103,Page view: {page} by {user}
38070,2026-01-12,16:22:33,INFO,WebServer,Transaction tx305505 completed in 564ms,E104,Transaction {tx} completed in {time}ms
38071,2026-01-12,16:38:19,INFO,AuthService,Page view: /home by u1966,E103,Page view: {page} by {user}
38072,2026-01-12,16:57:39,INFO,InventoryDB,Page view: /home by u2642,E103,Page view: {page} by {user}
38073,2026-01-12,16:45:26,INFO,AuthService,Page view: /home by u2181,E103,Page view: {page} by {user}
38074,2026-01-12,16:50:42,INFO,PaymentGateway,Transaction tx103329 completed in 1138ms,E104,Transaction {tx} completed in {time}ms
38075,2026-01-12,16:41:40,INFO,OrderProcessor,Health check passed: OrderProcessor,E102,Health check passed: {service}
38076,2026-01-12,16:27:54,WARN,PaymentGateway,Unauthorized access attempt from 10.0.0.10,E401,Unauthorized access attempt from {ip}
38077,2026-01-12,16:45:30,INFO,OrderProcessor,Transaction tx270362 completed in 330ms,E104,Transaction {tx} completed in {time}ms
38078,2026-01-12,16:10:03,CRITICAL,WebServer,KERNEL PANIC: Node node-3 crashed,E601,KERNEL PANIC: Node {node} crashed
38079,2026-01-12,16:43:01,INFO,WebServer,Health check passed: WebServer,E102,Health check passed: {service}
38080,2026-01-12,16:32:44,INFO,PaymentGateway,Health check passed: PaymentGateway,E102,Health check passed: {service}
38081,2026-01-12,16:54:13,INFO,WebServer,Health check passed: WebServer,E102,Health check passed: {service}
38082,2026-01-12,16:39:44,INFO,AuthService,Transaction tx798182 completed in 496ms,E104,Transaction {tx} completed in {time}ms
38083,2026-01-12,16:58:19,INFO,WebServer,Health check passed: WebServer,E102,Health check passed: {service}
38084,2026-01-12,16:20:49,INFO,WebServer,Page view: /home by u2535,E103,Page view: {page} by {user}
38085,2026-01-12,16:31:46,INFO,WebServer,Transaction tx581769 completed in 1818ms,E104,Transaction {tx} completed in {time}ms
38086,2026-01-12,16:41:28,INFO,WebServer,Health check passed: WebServer,E102,Health check passed: {service}
38087,2026-01-12,16:32:36,INFO,OrderProcessor,Health check passed: OrderProcessor,E102,Health check passed: {service}
38088,2026-01-12,16:17:18,INFO,AuthService,Page view: /home by u4810,E103,Page view: {page} by {user}
38089,2026-01-12,16:11:46,INFO,OrderProcessor,Health check passed: OrderProcessor,E102,Health check passed: {service}
38090,2026-01-12,16:40:28,INFO,WebServer,Health check passed: WebServer,E102,Health check passed: {service}
38091,2026-01-12,16:13:01,INFO,WebServer,Page view: /home by u3398,E103,Page view: {page} by {user}
38092,2026-01-12,16:32:30,INFO,InventoryDB,User u2327 login successful,E101,User {user} login successful
38093,2026-01-12,16:34:27,INFO,AuthService,Health check passed: AuthService,E102,Health check passed: {service}
38094,2026-01-12,16:42:06,INFO,AuthService,User u4250 login successful,E101,User {user} login successful
38095,2026-01-12,16:40:53,INFO,InventoryDB,Page view: /home by u3555,E103,Page view: {page} by {user}
38096,2026-01-12,16:05:27,INFO,WebServer,User u3833 login successful,E101,User {user} login successful
38097,2026-01-12,16:02:48,INFO,OrderProcessor,Health check passed: OrderProcessor,E102,Health check passed: {service}
38098,2026-01-12,16:13:13,INFO,AuthService,Page view: /home by u3718,E103,Page view: {page} by {user}
38099,2026-01-12,16:35:12,INFO,OrderProcessor,User u2748 login successful,E101,User {user} login successful
38100,2026-01-12,16:30:43,WARN,WebServer,Disk usage > 85% on node node-1,E202,Disk usage > 85% on node {node}
38101,2026-01-12,16:16:39,INFO,PaymentGateway,Page view: /home by u4603,E103,Page view: {page} by {user}
38102,2026-01-12,16:03:06,INFO,PaymentGateway,Page view: /home by u4627,E103,Page view: {page} by {user}
38103,2026-01-12,16:20:21,INFO,InventoryDB,Page view: /home by u4348,E103,Page view: {page} by {user}
38104,2026-01-12,16:32:37,INFO,AuthService,User u3566 login successful,E101,User {user} login successful
38105,2026-01-12,16:29:43,INFO,AuthService,Transaction tx722948 completed in 586ms,E104,Transaction {tx} completed in {time}ms
38106,2026-01-12,16:01:04,INFO,PaymentGateway,Transaction tx625744 completed in 247ms,E104,Transaction {tx} completed in {time}ms
38107,2026-01-12,16:03:32,INFO,WebServer,Health check passed: WebServer,E102,Health check passed: {service}
38108,2026-01-12,16:14:07,INFO,WebServer,User u4846 login successful,E101,User {user} login successful
38109,2026-01-12,16:08:55,INFO,WebServer,Health check passed: WebServer,E102,Health check passed: {service}
38110,2026-01-12,16:00:41,INFO,OrderProcessor,Transaction tx277152 completed in 1211ms,E104,Transaction {tx} completed in {time}ms
38111,2026-01-12,16:38:13,CRITICAL,InventoryDB,KERNEL PANIC: Node node-1 crashed,E601,KERNEL PANIC: Node {node} crashed
38112,2026-01-12,16:05:07,INFO,WebServer,Health check passed: WebServer,E102,Health check passed: {service}
38113,2026-01-12,16:21:56,INFO,PaymentGateway,Page view: /home by u3587,E103,Page view: {page} by {user}
38114,2026-01-12,16:55:53,INFO,WebServer,Page view: /home by u3078,E103,Page view: {page} by {user}
38115,2026-01-12,16:20:34,INFO,WebServer,Page view: /home by u4429,E103,Page view: {page} by {user}
38116,2026-01-12,16:49:37,INFO,WebServer,Transaction tx429172 completed in 1745ms,E104,Transaction {tx} completed in {time}ms
38117,2026-01-12,16:04:00,WARN,OrderProcessor,Disk usage > 85% on node node-3,E202,Disk usage > 85% on node {node}
38118,2026-01-12,16:06:30,INFO,AuthService,Page view: /home by u3761,E103,Page view: {page} by {user}
38119,2026-01-12,16:03:20,WARN,AuthService,Disk usage > 85% on node node-2,E202,Disk usage > 85% on node {node}
38120,2026-01-12,16:07:41,INFO,WebServer,User u1789 login successful,E101,User {user} login successful
38121,2026-01-12,16:15:52,INFO,WebServer,Health check passed: WebServer,E102,Health check passed: {service}
38122,2026-01-12,16:22:22,INFO,OrderProcessor,Page view: /home by u1471,E103,Page view: {page} by {user}
38123,2026-01-12,16:06:06,INFO,WebServer,Page view: /home by u3092,E103,Page view: {page} by {user}
38124,2026-01-12,16:09:08,INFO,WebServer,Page view: /home by u2874,E103,Page view: {page} by {user}
38125,2026-01-12,16:04:18,INFO,WebServer,Health check passed: WebServer,E102,Health check passed: {service}
38126,2026-01-12,16:08:42,WARN,AuthService,Unauthorized access attempt from 10.0.0.45,E401,Unauthorized access attempt from {ip}
38127,2026-01-12,16:07:23,INFO,WebServer,Health check passed: WebServer,E102,Health check passed: {service}
38128,2026-01-12,16:07:12,INFO,WebServer,Transaction tx883618 completed in 1379ms,E104,Transaction {tx} completed in {time}ms
38129,2026-01-12,16:39:50,INFO,AuthService,Transaction tx593548 completed in 1677ms,E104,Transaction {tx} completed in {time}ms
38130,2026-01-12,16:38:39,INFO,PaymentGateway,Page view: /home by u4706,E103,Page view: {page} by {user}
38131,2026-01-12,16:32:14,CRITICAL,WebServer,KERNEL PANIC: Node node-4 crashed,E601,KERNEL PANIC: Node {node} crashed
38132,2026-01-12,16:17:22,INFO,WebServer,User u3388 login successful,E101,User {user} login successful
38133,2026-01-12,16:00:26,ERROR,OrderProcessor,Payment declined: Gateway unavailable,E503,Payment declined: Gateway unavailable
38134,2026-01-12,16:39:52,INFO,WebServer,User u3944 login successful,E101,User {user} login successful
38135,2026-01-12,16:11:03,INFO,AuthService,Transaction tx428661 completed in 609ms,E104,Transaction {tx} completed in {time}ms
38136,2026-01-12,16:12:18,INFO,WebServer,Page view: /home by u4513,E103,Page view: {page} by {user}
38137,2026-01-12,16:37:18,ERROR,WebServer,Connection refused to WebServer at 10.0.0.10,E501,Connection refused to {service} at {ip}
38138,2026-01-12,16:33:19,INFO,AuthService,Transaction tx375742 completed in 1596ms,E104,Transaction {tx} completed in {time}ms
38139,2026-01-12,16:31:15,INFO,WebServer,Health check passed: WebServer,E102,Health check passed: {service}
38140,2026-01-12,16:01:27,INFO,AuthService,Page view: /home by u4171,E103,Page view: {page} by {user}
38141,2026-01-12,16:40:19,INFO,WebServer,Health check passed: WebServer,E102,Health check passed: {service}
38142,2026-01-12,16:59:26,INFO,AuthService,Page view: /home by u1405,E103,Page view: {page} by {user}
38143,2026-01-12,16:42:02,INFO,WebServer,Transaction tx634322 completed in 287ms,E104,Transaction {tx} completed in {time}ms
38144,2026-01-12,16:39:27,INFO,WebServer,Transaction tx893753 completed in 929ms,E104,Transaction {tx} completed in {time}ms
38145,2026-01-12,16:37:31,INFO,WebServer,Page view: /home by u2060,E103,Page view: {page} by {user}
38146,2026-01-12,16:09:24,INFO,WebServer,User u4644 login successful,E101,User {user} login successful
38147,2026-01-12,16:41:41,INFO,WebServer,User u1993 login successful,E101,User {user} login successful
38148,2026-01-12,16:53:11,INFO,PaymentGateway,Health check passed: PaymentGateway,E102,Health check passed: {service}
38149,2026-01-12,16:55:12,INFO,WebServer,User u3833 login successful,E101,User {user} login successful
38150,2026-01-12,16:32:09,INFO,WebServer,Page view: /home by u4538,E103,Page view: {page} by {user}
38151,2026-01-12,16:31:25,INFO,OrderProcessor,User u4140 login successful,E101,User {user} login successful
38152,2026-01-12,16:19:44,INFO,PaymentGateway,Page view: /home by u3534,E103,Page view: {page} by {user}
38153,2026-01-12,16:06:24,INFO,WebServer,Health check passed: WebServer,E102,Health check passed: {service}
38154,2026-01-12,16:57:57,INFO,InventoryDB,Health check passed: InventoryDB,E102,Health check passed: {service}
38155,2026-01-12,16:41:46,INFO,WebServer,User u3528 login successful,E101,User {user} login successful
38156,2026-01-12,16:14:00,INFO,PaymentGateway,Health check passed: PaymentGateway,E102,Health check passed: {service}
38157,2026-01-12,16:08:24,INFO,AuthService,Health check passed: AuthService,E102,Health check passed: {service}
38158,2026-01-12,16:10:37,INFO,PaymentGateway,Page view: /home by u3170,E103,Page view: {page} by {user}
38159,2026-01-12,16:54:34,INFO,WebServer,User u1785 login successful,E101,User {user} login successful
38160,2026-01-12,16:15:45,INFO,AuthService,User u3929 login successful,E101,User {user} login successful
38161,2026-01-12,16:01:17,INFO,WebServer,User u4699 login successful,E101,User {user} login successful
38162,2026-01-12,16:46:07,INFO,InventoryDB,User u3580 login successful,E101,User {user} login successful
38163,2026-01-12,16:44:23,INFO,WebServer,Health check passed: WebServer,E102,Health check passed: {service}
38164,2026-01-12,16:12:50,INFO,WebServer,Transaction tx316124 completed in 1817ms,E104,Transaction {tx} completed in {time}ms
38165,2026-01-12,16:29:44,INFO,AuthService,Health check passed: AuthService,E102,Health check passed: {service}
38166,2026-01-12,16:07:41,INFO,AuthService,Page view: /home by u1484,E103,Page view: {page} by {user}
38167,2026-01-12,16:55:36,INFO,WebServer,User u1871 login successful,E101,User {user} login successful
38168,2026-01-12,16:14:12,INFO,PaymentGateway,Health check passed: PaymentGateway,E102,Health check passed: {service}
38169,2026-01-12,16:18:35,INFO,WebServer,Health check passed: WebServer,E102,Health check passed: {service}
38170,2026-01-12,16:54:55,INFO,AuthService,Health check passed: AuthService,E102,Health check passed: {service}
38171,2026-01-12,16:23:07,INFO,PaymentGateway,Transaction tx342279 completed in 1756ms,E104,Transaction {tx} completed in {time}ms
38172,2026-01-12,16:02:42,WARN,PaymentGateway,Disk usage > 85% on node node-4,E202,Disk usage > 85% on node {node}
38173,2026-01-12,16:05:28,INFO,OrderProcessor,User u4285 login successful,E101,User {user} login successful
38174,2026-01-12,16:46:21,INFO,PaymentGateway,Health check passed: PaymentGateway,E102,Health check passed: {service}
38175,2026-01-12,16:32:20,INFO,AuthService,Page view: /home by u4220,E103,Page view: {page} by {user}
38176,2026-01-12,16:59:07,INFO,WebServer,Page view: /home by u3564,E103,Page view: {page} by {user}
38177,2026-01-12,16:44:58,INFO,OrderProcessor,User u1913 login successful,E101,User {user} login successful
38178,2026-01-12,16:07:23,INFO,PaymentGateway,User u2063 login successful,E101,User {user} login successful
38179,2026-01-12,16:40:42,INFO,WebServer,Transaction tx126965 completed in 1344ms,E104,Transaction {tx} completed in {time}ms
38180,2026-01-12,16:35:42,INFO,AuthService,Health check passed: AuthService,E102,Health check passed: {service}
38181,2026-01-12,16:54:00,INFO,PaymentGateway,Transaction tx515382 completed in 767ms,E104,Transaction {tx} completed in {time}ms
38182,2026-01-12,16:52:06,INFO,WebServer,Page view: /home by u3440,E103,Page view: {page} by {user}
38183,2026-01-12,16:38:20,INFO,PaymentGateway,Page view: /home by u1169,E103,Page view: {page} by {user}
38184,2026-01-12,16:48:01,INFO,WebServer,Health check passed: WebServer,E102,Health check passed: {service}
38185,2026-01-12,16:33:19,INFO,PaymentGateway,User u2097 login successful,E101,User {user} login successful
38186,2026-01-12,16:33:08,INFO,WebServer,Page view: /home by u2670,E103,Page view: {page} by {user}
38187,2026-01-12,16:50:39,INFO,WebServer,User u4226 login successful,E101,User {user} login successful
38188,2026-01-12,16:04:21,WARN,AuthService,Unauthorized access attempt from 10.0.0.45,E401,Unauthorized access attempt from {ip}
38189,2026-01-12,16:45:42,INFO,WebServer,Transaction tx673950 completed in 1341ms,E104,Transaction {tx} completed in {time}ms
38190,2026-01-12,16:00:15,INFO,WebServer,Page view: /home by u3772,E103,Page view: {page} by {user}
38191,2026-01-12,16:04:16,INFO,AuthService,User u1695 login successful,E101,User {user} login successful
38192,2026-01-12,16:24:27,INFO,WebServer,User u1465 login successful,E101,User {user} login successful
38193,2026-01-12,16:12:12,INFO,PaymentGateway,User u3691 login successful,E101,User {user} login successful
38194,2026-01-12,16:56:51,INFO,WebServer,User u4267 login successful,E101,User {user} login successful
38195,2026-01-12,16:33:15,INFO,WebServer,Page view: /home by u2967,E103,Page view: {page} by {user}
38196,2026-01-12,16:27:07,INFO,AuthService,Page view: /home by u1450,E103,Page view: {page} by {user}
38197,2026-01-12,16:25:27,INFO,AuthService,Health check passed: AuthService,E102,Health check passed: {service}
38198,2026-01-12,16:32:49,INFO,WebServer,Page view: /home by u2401,E103,Page view: {page} by {user}
38199,2026-01-12,16:34:06,INFO,OrderProcessor,User u2942 login successful,E101,User {user} login successful
38200,2026-01-12,16:42:22,INFO,OrderProcessor,Page view: /home by u2041,E103,Page view: {page} by {user}
38201,2026-01-12,16:36:17,INFO,OrderProcessor,Health check passed: OrderProcessor,E102,Health check passed: {service}
38202,2026-01-12,16:39:28,INFO,WebServer,Transaction tx410384 completed in 1868ms,E104,Transaction {tx} completed in {time}ms
38203,2026-01-12,16:17:39,INFO,WebServer,Transaction tx103741 completed in 302ms,E104,Transaction {tx} completed in {time}ms
38204,2026-01-12,16:18:10,INFO,OrderProcessor,Page view: /home by u2646,E103,Page view: {page} by {user}
38205,2026-01-12,16:26:43,INFO,InventoryDB,Page view: /home by u4441,E103,Page view: {page} by {user}
38206,2026-01-12,16:23:04,WARN,AuthService,High latency (99ms) detected on AuthService,E201,High latency ({time}ms) detected on {service}
38207,2026-01-12,16:22:14,INFO,AuthService,Transaction tx278308 completed in 786ms,E104,Transaction {tx} completed in {time}ms
38208,2026-01-12,16:41:03,INFO,WebServer,Transaction tx627936 completed in 1765ms,E104,Transaction {tx} completed in {time}ms
38209,2026-01-12,16:37:30,INFO,PaymentGateway,Transaction tx205346 completed in 471ms,E104,Transaction {tx} completed in {time}ms
38210,2026-01-12,16:21:45,INFO,OrderProcessor,Health check passed: OrderProcessor,E102,Health check passed: {service}
38211,2026-01-12,16:20:27,INFO,InventoryDB,Page view: /home by u1427,E103,Page view: {page} by {user}
38212,2026-01-12,16:01:29,INFO,OrderProcessor,Page view: /home by u3180,E103,Page view: {page} by {user}
38213,2026-01-12,16:35:30,WARN,OrderProcessor,High latency (459ms) detected on OrderProcessor,E201,High latency ({time}ms) detected on {service}
38214,2026-01-12,16:16:40,INFO,OrderProcessor,User u4637 login successful,E101,User {user} login successful
38215,2026-01-12,16:47:40,INFO,AuthService,Page view: /home by u3029,E103,Page view: {page} by {user}
38216,2026-01-12,16:41:12,INFO,WebServer,Transaction tx575828 completed in 613ms,E104,Transaction {tx} completed in {time}ms
38217,2026-01-12,16:02:37,WARN,AuthService,Unauthorized access attempt from 10.0.0.12,E401,Unauthorized access attempt from {ip}
38218,2026-01-12,16:45:00,INFO,AuthService,Page view: /home by u2043,E103,Page view: {page} by {user}
38219,2026-01-12,16:32:02,INFO,WebServer,Page view: /home by u4807,E103,Page view: {page} by {user}
38220,2026-01-12,16:41:16,INFO,AuthService,Transaction tx647943 completed in 299ms,E104,Transaction {tx} completed in {time}ms
38221,2026-01-12,16:03:14,INFO,PaymentGateway,Transaction tx889885 completed in 343ms,E104,Transaction {tx} completed in {time}ms
38222,2026-01-12,16:16:23,INFO,WebServer,Transaction tx315914 completed in 612ms,E104,Transaction {tx} completed in {time}ms
38223,2026-01-12,16:57:37,INFO,WebServer,Page view: /home by u1700,E103,Page view: {page} by {user}
38224,2026-01-12,16:35:37,INFO,OrderProcessor,User u2043 login successful,E101,User {user} login successful
38225,2026-01-12,16:18:59,WARN,PaymentGateway,Disk usage > 85% on node node-5,E202,Disk usage > 85% on node {node}
38226,2026-01-12,16:49:40,INFO,WebServer,User u3084 login successful,E101,User {user} login successful
38227,2026-01-12,16:50:32,INFO,WebServer,Page view: /home by u3683,E103,Page view: {page} by {user}
38228,2026-01-12,16:54:40,INFO,InventoryDB,User u3978 login successful,E101,User {user} login successful
38229,2026-01-12,16:42:48,INFO,WebServer,Transaction tx630803 completed in 314ms,E104,Transaction {tx} completed in {time}ms
38230,2026-01-12,16:49:53,INFO,AuthService,Page view: /home by u3105,E103,Page view: {page} by {user}
38231,2026-01-12,16:52:23,INFO,AuthService,Page view: /home by u2148,E103,Page view: {page} by {user}
38232,2026-01-12,16:37:43,INFO,WebServer,Transaction tx570542 completed in 729ms,E104,Transaction {tx} completed in {time}ms
38233,2026-01-12,16:39:12,INFO,WebServer,User u4426 login successful,E101,User {user} login successful
38234,2026-01-12,16:17:32,INFO,WebServer,Transaction tx337542 completed in 858ms,E104,Transaction {tx} completed in {time}ms
38235,2026-01-12,16:29:30,INFO,AuthService,Page view: /home by u1123,E103,Page view: {page} by {user}
38236,2026-01-12,16:14:47,INFO,WebServer,User u1367 login successful,E101,User {user} login successful
38237,2026-01-12,16:17:25,INFO,WebServer,User u3968 login successful,E101,User {user} login successful
38238,2026-01-12,16:37:00,INFO,WebServer,User u3511 login successful,E101,User {user} login successful
38239,2026-01-12,16:44:00,INFO,WebServer,Transaction tx300904 completed in 720ms,E104,Transaction {tx} completed in {time}ms
38240,2026-01-12,16:14:47,INFO,AuthService,Transaction tx672698 completed in 527ms,E104,Transaction {tx} completed in {time}ms
38241,2026-01-12,16:42:39,INFO,PaymentGateway,Transaction tx852124 completed in 183ms,E104,Transaction {tx} completed in {time}ms
38242,2026-01-12,16:31:30,INFO,AuthService,Page view: /home by u4896,E103,Page view: {page} by {user}
38243,2026-01-12,16:50:45,INFO,WebServer,Page view: /home by u1481,E103,Page view: {page} by {user}
38244,2026-01-12,16:50:37,INFO,AuthService,Transaction tx342287 completed in 1231ms,E104,Transaction {tx} completed in {time}ms
38245,2026-01-12,16:54:40,INFO,PaymentGateway,Page view: /home by u3119,E103,Page view: {page} by {user}
38246,2026-01-12,16:47:48,INFO,WebServer,Transaction tx429313 completed in 903ms,E104,Transaction {tx} completed in {time}ms
38247,2026-01-12,16:39:49,INFO,OrderProcessor,Health check passed: OrderProcessor,E102,Health check passed: {service}
38248,2026-01-12,16:24:49,INFO,WebServer,User u1535 login successful,E101,User {user} login successful
38249,2026-01-12,16:01:00,INFO,PaymentGateway,Transaction tx898170 completed in 369ms,E104,Transaction {tx} completed in {time}ms
38250,2026-01-12,16:03:08,INFO,OrderProcessor,Page view: /home by u4929,E103,Page view: {page} by {user}
38251,2026-01-12,16:00:24,INFO,WebServer,Page view: /home by u2938,E103,Page view: {page} by {user}
38252,2026-01-12,16:34:15,INFO,WebServer,Transaction tx626889 completed in 1185ms,E104,Transaction {tx} completed in {time}ms
38253,2026-01-12,16:43:07,INFO,WebServer,User u4343 login successful,E101,User {user} login successful
38254,2026-01-12,16:24:41,INFO,WebServer,Page view: /home by u2607,E103,Page view: {page} by {user}
38255,2026-01-12,16:17:08,INFO,PaymentGateway,Health check passed: PaymentGateway,E102,Health check passed: {service}
38256,2026-01-12,16:26:48,WARN,WebServer,Unauthorized access attempt from 10.0.0.45,E401,Unauthorized access attempt from {ip}
38257,2026-01-12,16:48:56,INFO,WebServer,User u1672 login successful,E101,User {user} login successful
38258,2026-01-12,16:28:30,INFO,AuthService,Page view: /home by u3930,E103,Page view: {page} by {user}
38259,2026-01-12,16:24:55,INFO,PaymentGateway,Transaction tx866792 completed in 1591ms,E104,Transaction {tx} completed in {time}ms
38260,2026-01-12,16:54:21,INFO,InventoryDB,Transaction tx475492 completed in 249ms,E104,Transaction {tx} completed in {time}ms
38261,2026-01-12,16:17:52,INFO,PaymentGateway,User u4019 login successful,E101,User {user} login successful
38262,2026-01-12,16:55:13,INFO,InventoryDB,User u1565 login successful,E101,User {user} login successful
38263,2026-01-12,16:15:43,INFO,WebServer,Page view: /home by u3410,E103,Page view: {page} by {user}
38264,2026-01-12,16:14:56,INFO,WebServer,Page view: /home by u2712,E103,Page view: {page} by {user}
38265,2026-01-12,16:54:32,INFO,WebServer,Page view: /home by u1719,E103,Page view: {page} by {user}
38266,2026-01-12,16:06:44,INFO,WebServer,Transaction tx357633 completed in 1538ms,E104,Transaction {tx} completed in {time}ms
38267,2026-01-12,16:27:48,WARN,WebServer,Disk usage > 85% on node node-5,E202,Disk usage > 85% on node {node}
38268,2026-01-12,16:13:44,INFO,WebServer,Health check passed: WebServer,E102,Health check passed: {service}
38269,2026-01-12,16:39:14,INFO,WebServer,Page view: /home by u2215,E103,Page view: {page} by {user}
38270,2026-01-12,16:24:14,INFO,WebServer,Health check passed: WebServer,E102,Health check passed: {service}
38271,2026-01-12,16:10:31,INFO,OrderProcessor,Page view: /home by u1659,E103,Page view: {page} by {user}
38272,2026-01-12,16:17:57,INFO,InventoryDB,Health check passed: InventoryDB,E102,Health check passed: {service}
38273,2026-01-12,16:30:49,INFO,OrderProcessor,Page view: /home by u1787,E103,Page view: {page} by {user}
38274,2026-01-12,16:01:02,INFO,WebServer,User u1683 login successful,E101,User {user} login successful
38275,2026-01-12,16:21:16,INFO,AuthService,Page view: /home by u2785,E103,Page view: {page} by {user}
38276,2026-01-12,16:04:05,INFO,OrderProcessor,User u4679 login successful,E101,User {user} login successful
38277,2026-01-12,16:13:55,INFO,AuthService,Health check passed: AuthService,E102,Health check passed: {service}
38278,2026-01-12,16:38:07,INFO,PaymentGateway,Transaction tx354579 completed in 698ms,E104,Transaction {tx} completed in {time}ms
38279,2026-01-12,16:59:43,INFO,WebServer,Page view: /home by u3709,E103,Page view: {page} by {user}
38280,2026-01-12,16:10:00,INFO,AuthService,Health check passed: AuthService,E102,Health check passed: {service}
38281,2026-01-12,16:00:13,INFO,OrderProcessor,Page view: /home by u4385,E103,Page view: {page} by {user}
38282,2026-01-12,16:26:47,INFO,AuthService,Transaction tx295380 completed in 1432ms,E104,Transaction {tx} completed in {time}ms
38283,2026-01-12,16:31:42,WARN,AuthService,Disk usage > 85% on node node-5,E202,Disk usage > 85% on node {node}
38284,2026-01-12,16:50:43,INFO,OrderProcessor,Health check passed: OrderProcessor,E102,Health check passed: {service}
38285,2026-01-12,16:12:52,INFO,InventoryDB,Transaction tx381602 completed in 1572ms,E104,Transaction {tx} completed in {time}ms
38286,2026-01-12,16:48:59,ERROR,PaymentGateway,Timeout waiting for lock on InventoryDB,E502,Timeout waiting for lock on {db}
38287,2026-01-12,16:07:12,INFO,WebServer,Transaction tx479358 completed in 754ms,E104,Transaction {tx} completed in {time}ms
38288,2026-01-12,16:07:24,INFO,AuthService,Page view: /home by u3060,E103,Page view: {page} by {user}
38289,2026-01-12,16:08:31,INFO,OrderProcessor,Transaction tx382757 completed in 759ms,E104,Transaction {tx} completed in {time}ms
38290,2026-01-12,16:22:05,INFO,WebServer,Health check passed: WebServer,E102,Health check passed: {service}
38291,2026-01-12,16:13:09,INFO,WebServer,User u2629 login successful,E101,User {user} login successful
38292,2026-01-12,16:55:44,INFO,OrderProcessor,Transaction tx270136 completed in 1347ms,E104,Transaction {tx} completed in {time}ms
38293,2026-01-12,16:46:49,INFO,PaymentGateway,Transaction tx267608 completed in 566ms,E104,Transaction {tx} completed in {time}ms
38294,2026-01-12,16:51:37,INFO,AuthService,User u3798 login successful,E101,User {user} login successful
38295,2026-01-12,16:43:45,INFO,PaymentGateway,Page view: /home by u4890,E103,Page view: {page} by {user}
38296,2026-01-12,16:30:19,INFO,AuthService,User u3316 login successful,E101,User {user} login successful
38297,2026-01-12,16:39:25,INFO,OrderProcessor,Health check passed: OrderProcessor,E102,Health check passed: {service}
38298,2026-01-12,16:04:01,INFO,OrderProcessor,Health check passed: OrderProcessor,E102,Health check passed: {service}
38299,2026-01-12,16:11:01,INFO,OrderProcessor,Page view: /home by u3142,E103,Page view: {page} by {user}
38300,2026-01-12,16:22:42,INFO,WebServer,Transaction tx196904 completed in 1657ms,E104,Transaction {tx} completed in {time}ms
38301,2026-01-12,16:20:35,INFO,AuthService,User u3895 login successful,E101,User {user} login successful
38302,2026-01-12,16:03:46,INFO,OrderProcessor,Page view: /home by u3023,E103,Page view: {page} by {user}
38303,2026-01-12,16:37:59,INFO,AuthService,Transaction tx873750 completed in 62ms,E104,Transaction {tx} completed in {time}ms
38304,2026-01-12,16:02:39,INFO,WebServer,User u2461 login successful,E101,User {user} login successful
38305,2026-01-12,16:29:13,INFO,WebServer,Transaction tx863084 completed in 1937ms,E104,Transaction {tx} completed in {time}ms
38306,2026-01-12,16:02:00,INFO,WebServer,Health check passed: WebServer,E102,Health check passed: {service}
38307,2026-01-12,16:46:46,INFO,InventoryDB,Health check passed: InventoryDB,E102,Health check passed: {service}
38308,2026-01-12,16:14:21,INFO,InventoryDB,Health check passed: InventoryDB,E102,Health check passed: {service}
38309,2026-01-12,16:09:54,INFO,OrderProcessor,Page view: /home by u3075,E103,Page view: {page} by {user}
38310,2026-01-12,17:45:50,INFO,AuthService,Health check passed: AuthService,E102,Health check passed: {service}
38311,2026-01-12,17:50:30,INFO,WebServer,Health check passed: WebServer,E102,Health check passed: {service}
38312,2026-01-12,17:44:42,INFO,WebServer,User u3433 login successful,E101,User {user} login successful
38313,2026-01-12,17:10:43,INFO,WebServer,Transaction tx322138 completed in 550ms,E104,Transaction {tx} completed in {time}ms
38314,2026-01-12,17:42:07,INFO,PaymentGateway,User u4722 login successful,E101,User {user} login successful
38315,2026-01-12,17:34:01,INFO,WebServer,Transaction tx798258 completed in 1289ms,E104,Transaction {tx} completed in {time}ms
38316,2026-01-12,17:26:47,INFO,WebServer,Transaction tx246455 completed in 540ms,E104,Transaction {tx} completed in {time}ms
38317,2026-01-12,17:18:27,INFO,WebServer,Page view: /home by u3663,E103,Page view: {page} by {user}
38318,2026-01-12,17:59:06,INFO,OrderProcessor,Health check passed: OrderProcessor,E102,Health check passed: {service}
38319,2026-01-12,17:35:14,INFO,WebServer,Page view: /home by u2954,E103,Page view: {page} by {user}
38320,2026-01-12,17:14:11,INFO,WebServer,Transaction tx955119 completed in 1308ms,E104,Transaction {tx} completed in {time}ms
38321,2026-01-12,17:33:11,INFO,OrderProcessor,User u2045 login successful,E101,User {user} login successful
38322,2026-01-12,17:50:00,INFO,WebServer,User u1955 login successful,E101,User {user} login successful
38323,2026-01-12,17:58:45,INFO,WebServer,Health check passed: WebServer,E102,Health check passed: {service}
38324,2026-01-12,17:23:52,INFO,InventoryDB,User u3330 login successful,E101,User {user} login successful
38325,2026-01-12,17:49:29,INFO,WebServer,Health check passed: WebServer,E102,Health check passed: {service}
38326,2026-01-12,17:06:34,INFO,WebServer,Transaction tx346776 completed in 325ms,E104,Transaction {tx} completed in {time}ms
38327,2026-01-12,17:45:56,WARN,AuthService,High latency (76ms) detected on AuthService,E201,High latency ({time}ms) detected on {service}
38328,2026-01-12,17:26:35,INFO,AuthService,Transaction tx627455 completed in 1282ms,E104,Transaction {tx} completed in {time}ms
38329,2026-01-12,17:51:20,INFO,WebServer,Transaction tx409192 completed in 270ms,E104,Transaction {tx} completed in {time}ms
38330,2026-01-12,17:44:02,INFO,WebServer,User u4886 login successful,E101,User {user} login successful
38331,2026-01-12,17:23:56,INFO,WebServer,User u3290 login successful,E101,User {user} login successful
38332,2026-01-12,17:12:41,INFO,PaymentGateway,Transaction tx456465 completed in 1340ms,E104,Transaction {tx} completed in {time}ms
38333,2026-01-12,17:26:38,INFO,WebServer,User u2632 login successful,E101,User {user} login successful
38334,2026-01-12,17:09:26,INFO,OrderProcessor,Transaction tx953592 completed in 1432ms,E104,Transaction {tx} completed in {time}ms
38335,2026-01-12,17:22:23,WARN,OrderProcessor,Disk usage > 85% on node node-3,E202,Disk usage > 85% on node {node}
38336,2026-01-12,17:51:45,INFO,WebServer,Page view: /home by u3875,E103,Page view: {page} by {user}
38337,2026-01-12,17:11:13,INFO,OrderProcessor,User u3133 login successful,E101,User {user} login successful
38338,2026-01-12,17:13:01,INFO,PaymentGateway,User u3424 login successful,E101,User {user} login successful
38339,2026-01-12,17:41:05,INFO,WebServer,Transaction tx164541 completed in 1030ms,E104,Transaction {tx} completed in {time}ms
38340,2026-01-12,17:39:56,INFO,WebServer,Health check passed: WebServer,E102,Health check passed: {service}
38341,2026-01-12,17:27:31,INFO,WebServer,User u3862 login successful,E101,User {user} login successful
38342,2026-01-12,17:20:39,ERROR,WebServer,Payment declined: Gateway unavailable,E503,Payment declined: Gateway unavailable
38343,2026-01-12,17:37:24,INFO,WebServer,Page view: /home by u4882,E103,Page view: {page} by {user}
38344,2026-01-12,17:07:22,INFO,WebServer,Page view: /home by u3914,E103,Page view: {page} by {user}
38345,2026-01-12,17:18:40,INFO,OrderProcessor,Health check passed: OrderProcessor,E102,Health check passed: {service}
38346,2026-01-12,17:17:41,INFO,WebServer,Health check passed: WebServer,E102,Health check passed: {service}
38347,2026-01-12,17:16:22,WARN,WebServer,Unauthorized access attempt from 10.0.0.99,E401,Unauthorized access attempt from {ip}
38348,2026-01-12,17:43:12,INFO,OrderProcessor,User u2676 login successful,E101,User {user} login successful
38349,2026-01-12,17:30:42,INFO,WebServer,Health check passed: WebServer,E102,Health check passed: {service}
38350,2026-01-12,17:49:39,INFO,AuthService,User u1398 login successful,E101,User {user} login successful
38351,2026-01-12,17:02:25,INFO,WebServer,Transaction tx767010 completed in 1728ms,E104,Transaction {tx} completed in {time}ms
38352,2026-01-12,17:36:26,INFO,OrderProcessor,Page view: /home by u2117,E103,Page view: {page} by {user}
38353,2026-01-12,17:37:36,INFO,OrderProcessor,Page view: /home by u4311,E103,Page view: {page} by {user}
38354,2026-01-12,17:43:36,INFO,OrderProcessor,Transaction tx948804 completed in 171ms,E104,Transaction {tx} completed in {time}ms
38355,2026-01-12,17:19:06,INFO,WebServer,Health check passed: WebServer,E102,Health check passed: {service}
38356,2026-01-12,17:45:50,INFO,InventoryDB,User u3946 login successful,E101,User {user} login successful
38357,2026-01-12,17:37:10,INFO,WebServer,User u3616 login successful,E101,User {user} login successful
38358,2026-01-12,17:38:37,INFO,AuthService,Health check passed: AuthService,E102,Health check passed: {service}
38359,2026-01-12,17:28:04,INFO,OrderProcessor,User u4771 login successful,E101,User {user} login successful
38360,2026-01-12,17:40:24,INFO,PaymentGateway,Health check passed: PaymentGateway,E102,Health check passed: {service}
38361,2026-01-12,17:58:57,WARN,WebServer,High latency (131ms) detected on WebServer,E201,High latency ({time}ms) detected on {service}
38362,2026-01-12,17:34:57,INFO,WebServer,Page view: /home by u2533,E103,Page view: {page} by {user}
38363,2026-01-12,17:51:26,INFO,AuthService,Page view: /home by u2776,E103,Page view: {page} by {user}
38364,2026-01-12,17:52:02,INFO,WebServer,Health check passed: WebServer,E102,Health check passed: {service}
38365,2026-01-12,17:44:35,INFO,AuthService,Page view: /home by u2553,E103,Page view: {page} by {user}
38366,2026-01-12,17:08:58,INFO,WebServer,User u2906 login successful,E101,User {user} login successful
38367,2026-01-12,17:50:39,INFO,WebServer,Health check passed: WebServer,E102,Health check passed: {service}
38368,2026-01-12,17:31:18,INFO,WebServer,Page view: /home by u1326,E103,Page view: {page} by {user}
38369,2026-01-12,17:52:43,INFO,WebServer,Page view: /home by u2979,E103,Page view: {page} by {user}
38370,2026-01-12,17:54:11,INFO,AuthService,Health check passed: AuthService,E102,Health check passed: {service}
38371,2026-01-12,17:32:02,INFO,InventoryDB,User u3480 login successful,E101,User {user} login successful
38372,2026-01-12,17:08:43,INFO,WebServer,Page view: /home by u4547,E103,Page view: {page} by {user}
38373,2026-01-12,17:52:48,WARN,PaymentGateway,Unauthorized access attempt from 10.0.0.45,E401,Unauthorized access attempt from {ip}
38374,2026-01-12,17:58:03,INFO,OrderProcessor,Page view: /home by u4635,E103,Page view: {page} by {user}
38375,2026-01-12,17:29:25,WARN,WebServer,Disk usage > 85% on node node-5,E202,Disk usage > 85% on node {node}
38376,2026-01-12,17:41:28,INFO,AuthService,User u2301 login successful,E101,User {user} login successful
38377,2026-01-12,17:17:58,INFO,WebServer,Transaction tx443892 completed in 496ms,E104,Transaction {tx} completed in {time}ms
38378,2026-01-12,17:18:09,INFO,WebServer,Health check passed: WebServer,E102,Health check passed: {service}
38379,2026-01-12,17:33:51,INFO,WebServer,Page view: /home by u3625,E103,Page view: {page} by {user}
38380,2026-01-12,17:43:58,ERROR,InventoryDB,Timeout waiting for lock on InventoryDB,E502,Timeout waiting for lock on {db}
38381,2026-01-12,17:13:30,INFO,WebServer,User u3443 login successful,E101,User {user} login successful
38382,2026-01-12,17:37:54,WARN,WebServer,Unauthorized access attempt from 10.0.0.45,E401,Unauthorized access attempt from {ip}
38383,2026-01-12,17:38:14,INFO,WebServer,User u1113 login successful,E101,User {user} login successful
38384,2026-01-12,17:22:45,INFO,OrderProcessor,Page view: /home by u1631,E103,Page view: {page} by {user}
38385,2026-01-12,17:14:26,INFO,InventoryDB,Health check passed: InventoryDB,E102,Health check passed: {service}
38386,2026-01-12,17:26:35,INFO,WebServer,Page view: /home by u3776,E103,Page view: {page} by {user}
38387,2026-01-12,17:01:15,INFO,WebServer,Page view: /home by u2189,E103,Page view: {page} by {user}
38388,2026-01-12,17:54:13,INFO,WebServer,Health check passed: WebServer,E102,Health check passed: {service}
38389,2026-01-12,17:07:44,INFO,WebServer,Page view: /home by u3577,E103,Page view: {page} by {user}
38390,2026-01-12,17:25:51,INFO,WebServer,Page view: /home by u1231,E103,Page view: {page} by {user}
38391,2026-01-12,17:25:26,INFO,WebServer,Health check passed: WebServer,E102,Health check passed: {service}
38392,2026-01-12,17:52:13,INFO,AuthService,Transaction tx164934 completed in 1615ms,E104,Transaction {tx} completed in {time}ms
38393,2026-01-12,17:39:50,INFO,WebServer,Page view: /home by u4005,E103,Page view: {page} by {user}
38394,2026-01-12,17:43:02,INFO,WebServer,Health check passed: WebServer,E102,Health check passed: {service}
38395,2026-01-12,17:32:17,INFO,PaymentGateway,User u2153 login successful,E101,User {user} login successful
38396,2026-01-12,17:51:33,INFO,AuthService,User u1905 login successful,E101,User {user} login successful
38397,2026-01-12,17:57:25,INFO,WebServer,User u4847 login successful,E101,User {user} login successful
38398,2026-01-12,17:28:13,INFO,PaymentGateway,User u1932 login successful,E101,User {user} login successful
38399,2026-01-12,17:44:26,INFO,WebServer,User u1945 login successful,E101,User {user} login successful
38400,2026-01-12,17:47:46,INFO,AuthService,Transaction tx455602 completed in 1953ms,E104,Transaction {tx} completed in {time}ms
38401,2026-01-12,17:37:14,INFO,WebServer,User u4733 login successful,E101,User {user} login successful
38402,2026-01-12,17:36:28,INFO,WebServer,Health check passed: WebServer,E102,Health check passed: {service}
38403,2026-01-12,17:17:21,INFO,AuthService,Page view: /home by u2003,E103,Page view: {page} by {user}
38404,2026-01-12,17:33:28,INFO,AuthService,User u4936 login successful,E101,User {user} login successful
38405,2026-01-12,17:22:08,INFO,WebServer,User u1390 login successful,E101,User {user} login successful
38406,2026-01-12,17:34:57,INFO,WebServer,Transaction tx221552 completed in 906ms,E104,Transaction {tx} completed in {time}ms
38407,2026-01-12,17:04:08,INFO,WebServer,Page view: /home by u2414,E103,Page view: {page} by {user}
38408,2026-01-12,17:29:06,ERROR,AuthService,Payment declined: Gateway unavailable,E503,Payment declined: Gateway unavailable
38409,2026-01-12,17:39:01,INFO,WebServer,Health check passed: WebServer,E102,Health check passed: {service}
38410,2026-01-12,17:28:43,INFO,AuthService,Transaction tx533334 completed in 1178ms,E104,Transaction {tx} completed in {time}ms
38411,2026-01-12,17:46:09,INFO,WebServer,Page view: /home by u3463,E103,Page view: {page} by {user}
38412,2026-01-12,17:29:58,INFO,AuthService,Page view: /home by u1085,E103,Page view: {page} by {user}
38413,2026-01-12,17:08:19,INFO,WebServer,Health check passed: WebServer,E102,Health check passed: {service}
38414,2026-01-12,17:13:58,INFO,WebServer,Transaction tx468910 completed in 707ms,E104,Transaction {tx} completed in {time}ms
38415,2026-01-12,17:43:57,INFO,WebServer,Transaction tx753341 completed in 1757ms,E104,Transaction {tx} completed in {time}ms
38416,2026-01-12,17:59:26,INFO,WebServer,Transaction tx910756 completed in 1746ms,E104,Transaction {tx} completed in {time}ms
38417,2026-01-12,17:19:00,INFO,OrderProcessor,Health check passed: OrderProcessor,E102,Health check passed: {service}
38418,2026-01-12,17:43:13,INFO,WebServer,Page view: /home by u3358,E103,Page view: {page} by {user}
38419,2026-01-12,17:07:39,INFO,PaymentGateway,Health check passed: PaymentGateway,E102,Health check passed: {service}
38420,2026-01-12,17:13:11,INFO,WebServer,Transaction tx198846 completed in 1024ms,E104,Transaction {tx} completed in {time}ms
38421,2026-01-12,17:05:07,INFO,AuthService,Transaction tx107516 completed in 1823ms,E104,Transaction {tx} completed in {time}ms
38422,2026-01-12,17:41:01,INFO,WebServer,Page view: /home by u2988,E103,Page view: {page} by {user}
38423,2026-01-12,17:08:34,INFO,WebServer,Transaction tx705489 completed in 198ms,E104,Transaction {tx} completed in {time}ms
38424,2026-01-12,17:17:34,INFO,OrderProcessor,User u2414 login successful,E101,User {user} login successful
38425,2026-01-12,17:31:31,INFO,OrderProcessor,Page view: /home by u3897,E103,Page view: {page} by {user}
38426,2026-01-12,17:56:00,INFO,WebServer,Health check passed: WebServer,E102,Health check passed: {service}
38427,2026-01-12,17:05:14,INFO,WebServer,Page view: /home by u1808,E103,Page view: {page} by {user}
38428,2026-01-12,17:21:53,INFO,WebServer,Page view: /home by u4838,E103,Page view: {page} by {user}
38429,2026-01-12,17:09:26,INFO,AuthService,Transaction tx809990 completed in 1248ms,E104,Transaction {tx} completed in {time}ms
38430,2026-01-12,17:48:45,ERROR,WebServer,Connection refused to WebServer at 10.0.0.45,E501,Connection refused to {service} at {ip}
38431,2026-01-12,17:25:41,INFO,AuthService,Transaction tx457978 completed in 1945ms,E104,Transaction {tx} completed in {time}ms
38432,2026-01-12,17:22:29,INFO,AuthService,User u3533 login successful,E101,User {user} login successful
38433,2026-01-12,17:02:07,INFO,WebServer,User u2188 login successful,E101,User {user} login successful
38434,2026-01-12,17:19:00,INFO,AuthService,Transaction tx999934 completed in 1959ms,E104,Transaction {tx} completed in {time}ms
38435,2026-01-12,17:56:32,INFO,InventoryDB,Transaction tx205862 completed in 1705ms,E104,Transaction {tx} completed in {time}ms
38436,2026-01-12,17:50:33,ERROR,WebServer,Timeout waiting for lock on InventoryDB,E502,Timeout waiting for lock on {db}
38437,2026-01-12,17:13:07,WARN,AuthService,Unauthorized access attempt from 10.0.0.45,E401,Unauthorized access attempt from {ip}
38438,2026-01-12,17:42:34,INFO,AuthService,Transaction tx948514 completed in 1836ms,E104,Transaction {tx} completed in {time}ms
38439,2026-01-12,17:15:40,INFO,WebServer,Page view: /home by u3980,E103,Page view: {page} by {user}
38440,2026-01-12,17:09:44,INFO,WebServer,Page view: /home by u3202,E103,Page view: {page} by {user}
38441,2026-01-12,17:11:11,INFO,OrderProcessor,Transaction tx396401 completed in 1199ms,E104,Transaction {tx} completed in {time}ms
38442,2026-01-12,17:35:29,INFO,WebServer,Health check passed: WebServer,E102,Health check passed: {service}
38443,2026-01-12,17:23:27,WARN,WebServer,Disk usage > 85% on node node-4,E202,Disk usage > 85% on node {node}
38444,2026-01-12,17:11:30,INFO,OrderProcessor,User u2694 login successful,E101,User {user} login successful
38445,2026-01-12,17:23:05,INFO,WebServer,Health check passed: WebServer,E102,Health check passed: {service}
38446,2026-01-12,17:10:28,INFO,WebServer,User u2951 login successful,E101,User {user} login successful
38447,2026-01-12,17:23:08,INFO,WebServer,Health check passed: WebServer,E102,Health check passed: {service}
38448,2026-01-12,17:47:32,INFO,WebServer,Transaction tx771004 completed in 1671ms,E104,Transaction {tx} completed in {time}ms
38449,2026-01-12,17:18:18,INFO,WebServer,Transaction tx614238 completed in 1008ms,E104,Transaction {tx} completed in {time}ms
38450,2026-01-12,17:17:45,INFO,WebServer,Transaction tx694251 completed in 775ms,E104,Transaction {tx} completed in {time}ms
38451,2026-01-12,17:53:06,INFO,WebServer,User u3090 login successful,E101,User {user} login successful
38452,2026-01-12,17:53:51,INFO,WebServer,Health check passed: WebServer,E102,Health check passed: {service}
38453,2026-01-12,17:39:21,INFO,OrderProcessor,Page view: /home by u1638,E103,Page view: {page} by {user}
38454,2026-01-12,17:00:40,INFO,AuthService,Transaction tx182360 completed in 39ms,E104,Transaction {tx} completed in {time}ms
38455,2026-01-12,17:41:11,INFO,WebServer,Transaction tx391766 completed in 1849ms,E104,Transaction {tx} completed in {time}ms
38456,2026-01-12,17:42:25,INFO,AuthService,Page view: /home by u1804,E103,Page view: {page} by {user}
38457,2026-01-12,17:38:39,INFO,OrderProcessor,Transaction tx628149 completed in 1682ms,E104,Transaction {tx} completed in {time}ms
38458,2026-01-12,17:22:45,INFO,OrderProcessor,Transaction tx536089 completed in 938ms,E104,Transaction {tx} completed in {time}ms
38459,2026-01-12,17:32:05,INFO,WebServer,User u4631 login successful,E101,User {user} login successful
38460,2026-01-12,17:52:59,INFO,OrderProcessor,Transaction tx585377 completed in 1802ms,E104,Transaction {tx} completed in {time}ms
38461,2026-01-12,17:23:55,INFO,WebServer,User u1664 login successful,E101,User {user} login successful
38462,2026-01-12,17:40:48,INFO,AuthService,Health check passed: AuthService,E102,Health check passed: {service}
38463,2026-01-12,17:17:50,INFO,OrderProcessor,User u3708 login successful,E101,User {user} login successful
38464,2026-01-12,17:51:46,INFO,AuthService,Transaction tx775219 completed in 150ms,E104,Transaction {tx} completed in {time}ms
38465,2026-01-12,17:14:14,INFO,PaymentGateway,Page view: /home by u4105,E103,Page view: {page} by {user}
38466,2026-01-12,17:31:49,INFO,AuthService,Page view: /home by u2162,E103,Page view: {page} by {user}
38467,2026-01-12,17:40:22,INFO,InventoryDB,User u3280 login successful,E101,User {user} login successful
38468,2026-01-12,17:15:47,INFO,AuthService,Health check passed: AuthService,E102,Health check passed: {service}
38469,2026-01-12,17:02:09,INFO,OrderProcessor,Page view: /home by u3438,E103,Page view: {page} by {user}
38470,2026-01-12,17:28:39,INFO,WebServer,Page view: /home by u4304,E103,Page view: {page} by {user}
38471,2026-01-12,17:57:34,INFO,OrderProcessor,Page view: /home by u2176,E103,Page view: {page} by {user}
38472,2026-01-12,17:36:25,INFO,AuthService,Transaction tx350294 completed in 1344ms,E104,Transaction {tx} completed in {time}ms
38473,2026-01-12,17:34:11,INFO,WebServer,Page view: /home by u4756,E103,Page view: {page} by {user}
38474,2026-01-12,17:58:37,INFO,WebServer,Transaction tx912523 completed in 1092ms,E104,Transaction {tx} completed in {time}ms
38475,2026-01-12,17:25:16,INFO,WebServer,Page view: /home by u4623,E103,Page view: {page} by {user}
38476,2026-01-12,17:58:05,INFO,AuthService,Page view: /home by u3013,E103,Page view: {page} by {user}
38477,2026-01-12,17:43:42,INFO,WebServer,Health check passed: WebServer,E102,Health check passed: {service}
38478,2026-01-12,17:21:22,INFO,AuthService,Transaction tx576465 completed in 41ms,E104,Transaction {tx} completed in {time}ms
38479,2026-01-12,17:49:26,INFO,WebServer,Page view: /home by u3800,E103,Page view: {page} by {user}
38480,2026-01-12,17:03:11,INFO,WebServer,Transaction tx966606 completed in 722ms,E104,Transaction {tx} completed in {time}ms
38481,2026-01-12,17:54:29,INFO,WebServer,Health check passed: WebServer,E102,Health check passed: {service}
38482,2026-01-12,17:38:53,INFO,OrderProcessor,Page view: /home by u1488,E103,Page view: {page} by {user}
38483,2026-01-12,17:39:36,INFO,WebServer,Page view: /home by u2248,E103,Page view: {page} by {user}
38484,2026-01-12,17:35:56,INFO,PaymentGateway,Transaction tx641318 completed in 1936ms,E104,Transaction {tx} completed in {time}ms
38485,2026-01-12,17:47:55,INFO,AuthService,Transaction tx796452 completed in 382ms,E104,Transaction {tx} completed in {time}ms
38486,2026-01-12,17:45:01,INFO,AuthService,Page view: /home by u2410,E103,Page view: {page} by {user}
38487,2026-01-12,17:15:57,WARN,WebServer,Disk usage > 85% on node node-3,E202,Disk usage > 85% on node {node}
38488,2026-01-12,17:44:54,INFO,WebServer,Page view: /home by u4261,E103,Page view: {page} by {user}
38489,2026-01-12,17:05:10,INFO,WebServer,User u2079 login successful,E101,User {user} login successful
38490,2026-01-12,17:43:22,INFO,AuthService,User u4261 login successful,E101,User {user} login successful
38491,2026-01-12,17:29:50,INFO,PaymentGateway,User u3012 login successful,E101,User {user} login successful
38492,2026-01-12,17:06:34,INFO,AuthService,Page view: /home by u4593,E103,Page view: {page} by {user}
38493,2026-01-12,17:09:35,INFO,WebServer,Page view: /home by u3251,E103,Page view: {page} by {user}
38494,2026-01-12,17:23:02,INFO,PaymentGateway,Transaction tx710129 completed in 1806ms,E104,Transaction {tx} completed in {time}ms
38495,2026-01-12,17:27:40,INFO,WebServer,Transaction tx382225 completed in 1156ms,E104,Transaction {tx} completed in {time}ms
38496,2026-01-12,17:33:20,INFO,WebServer,Health check passed: WebServer,E102,Health check passed: {service}
38497,2026-01-12,17:30:42,INFO,WebServer,Transaction tx112441 completed in 1069ms,E104,Transaction {tx} completed in {time}ms
38498,2026-01-12,17:28:05,INFO,AuthService,Page view: /home by u4730,E103,Page view: {page} by {user}
38499,2026-01-12,17:46:39,INFO,OrderProcessor,User u3676 login successful,E101,User {user} login successful
38500,2026-01-12,17:12:46,INFO,WebServer,Transaction tx752373 completed in 1543ms,E104,Transaction {tx} completed in {time}ms
38501,2026-01-12,17:04:52,INFO,WebServer,Page view: /home by u2624,E103,Page view: {page} by {user}
38502,2026-01-12,17:41:42,INFO,WebServer,User u4611 login successful,E101,User {user} login successful
38503,2026-01-12,17:00:45,INFO,WebServer,Transaction tx767474 completed in 1953ms,E104,Transaction {tx} completed in {time}ms
38504,2026-01-12,17:10:00,INFO,OrderProcessor,Page view: /home by u4921,E103,Page view: {page} by {user}
38505,2026-01-12,17:47:26,INFO,WebServer,Page view: /home by u3241,E103,Page view: {page} by {user}
38506,2026-01-12,17:25:57,WARN,InventoryDB,Disk usage > 85% on node node-2,E202,Disk usage > 85% on node {node}
38507,2026-01-12,17:29:11,INFO,AuthService,Page view: /home by u4145,E103,Page view: {page} by {user}
38508,2026-01-12,17:34:06,INFO,WebServer,Page view: /home by u1971,E103,Page view: {page} by {user}
38509,2026-01-12,17:32:05,INFO,PaymentGateway,Health check passed: PaymentGateway,E102,Health check passed: {service}
38510,2026-01-12,17:05:21,INFO,WebServer,Transaction tx464586 completed in 435ms,E104,Transaction {tx} completed in {time}ms
38511,2026-01-12,17:18:22,INFO,WebServer,Page view: /home by u3847,E103,Page view: {page} by {user}
38512,2026-01-12,17:47:31,INFO,WebServer,Health check passed: WebServer,E102,Health check passed: {service}
38513,2026-01-12,17:10:33,INFO,WebServer,Health check passed: WebServer,E102,Health check passed: {service}
38514,2026-01-12,17:16:36,INFO,WebServer,Page view: /home by u2212,E103,Page view: {page} by {user}
38515,2026-01-12,17:52:39,INFO,AuthService,Transaction tx592365 completed in 603ms,E104,Transaction {tx} completed in {time}ms
38516,2026-01-12,17:38:33,INFO,WebServer,User u4957 login successful,E101,User {user} login successful
38517,2026-01-12,17:11:11,INFO,InventoryDB,User u1767 login successful,E101,User {user} login successful
38518,2026-01-12,17:16:27,INFO,WebServer,Page view: /home by u4778,E103,Page view: {page} by {user}
38519,2026-01-12,17:19:58,INFO,InventoryDB,Page view: /home by u3804,E103,Page view: {page} by {user}
38520,2026-01-12,17:04:15,INFO,WebServer,Transaction tx614727 completed in 201ms,E104,Transaction {tx} completed in {time}ms
38521,2026-01-12,17:59:33,INFO,AuthService,Transaction tx562151 completed in 1120ms,E104,Transaction {tx} completed in {time}ms
38522,2026-01-12,17:14:25,INFO,OrderProcessor,Transaction tx568509 completed in 1447ms,E104,Transaction {tx} completed in {time}ms
38523,2026-01-12,17:47:35,INFO,AuthService,Page view: /home by u2587,E103,Page view: {page} by {user}
38524,2026-01-12,17:27:44,INFO,InventoryDB,Transaction tx820530 completed in 518ms,E104,Transaction {tx} completed in {time}ms
38525,2026-01-12,17:49:23,INFO,AuthService,Health check passed: AuthService,E102,Health check passed: {service}
38526,2026-01-12,17:45:46,INFO,AuthService,Transaction tx677591 completed in 1028ms,E104,Transaction {tx} completed in {time}ms
38527,2026-01-12,17:54:38,INFO,OrderProcessor,Transaction tx415231 completed in 1735ms,E104,Transaction {tx} completed in {time}ms
38528,2026-01-12,17:12:24,INFO,WebServer,Page view: /home by u3236,E103,Page view: {page} by {user}
38529,2026-01-12,17:49:28,INFO,WebServer,Transaction tx406958 completed in 1116ms,E104,Transaction {tx} completed in {time}ms
38530,2026-01-12,17:44:54,INFO,InventoryDB,Health check passed: InventoryDB,E102,Health check passed: {service}
38531,2026-01-12,17:03:22,INFO,WebServer,Page view: /home by u4821,E103,Page view: {page} by {user}
38532,2026-01-12,17:44:55,INFO,OrderProcessor,Health check passed: OrderProcessor,E102,Health check passed: {service}
38533,2026-01-12,17:18:57,INFO,InventoryDB,Health check passed: InventoryDB,E102,Health check passed: {service}
38534,2026-01-12,17:48:37,WARN,WebServer,Unauthorized access attempt from 10.0.0.45,E401,Unauthorized access attempt from {ip}
38535,2026-01-12,17:12:16,INFO,InventoryDB,Page view: /home by u2074,E103,Page view: {page} by {user}
38536,2026-01-12,17:18:58,INFO,WebServer,Health check passed: WebServer,E102,Health check passed: {service}
38537,2026-01-12,17:45:25,INFO,WebServer,Page view: /home by u2814,E103,Page view: {page} by {user}
38538,2026-01-12,17:43:59,INFO,OrderProcessor,Health check passed: OrderProcessor,E102,Health check passed: {service}
38539,2026-01-12,17:12:05,INFO,AuthService,Page view: /home by u1115,E103,Page view: {page} by {user}
38540,2026-01-12,17:21:16,INFO,AuthService,Transaction tx455299 completed in 73ms,E104,Transaction {tx} completed in {time}ms
38541,2026-01-12,17:00:51,INFO,AuthService,Transaction tx269645 completed in 533ms,E104,Transaction {tx} completed in {time}ms
38542,2026-01-12,17:43:05,INFO,WebServer,Health check passed: WebServer,E102,Health check passed: {service}
38543,2026-01-12,17:21:20,INFO,WebServer,Health check passed: WebServer,E102,Health check passed: {service}
38544,2026-01-12,17:57:12,WARN,AuthService,Disk usage > 85% on node node-5,E202,Disk usage > 85% on node {node}
38545,2026-01-12,17:10:03,INFO,WebServer,Transaction tx586337 completed in 686ms,E104,Transaction {tx} completed in {time}ms
38546,2026-01-12,17:00:22,INFO,AuthService,Page view: /home by u1219,E103,Page view: {page} by {user}
38547,2026-01-12,17:56:03,INFO,WebServer,User u1405 login successful,E101,User {user} login successful
38548,2026-01-12,17:14:08,INFO,WebServer,Page view: /home by u4948,E103,Page view: {page} by {user}
38549,2026-01-12,17:17:57,INFO,WebServer,Page view: /home by u4266,E103,Page view: {page} by {user}
38550,2026-01-12,17:32:44,INFO,WebServer,Page view: /home by u2882,E103,Page view: {page} by {user}
38551,2026-01-12,17:19:53,INFO,PaymentGateway,Page view: /home by u2678,E103,Page view: {page} by {user}
38552,2026-01-12,17:44:42,INFO,WebServer,Page view: /home by u2043,E103,Page view: {page} by {user}
38553,2026-01-12,17:26:09,INFO,PaymentGateway,User u4499 login successful,E101,User {user} login successful
38554,2026-01-12,17:49:43,INFO,AuthService,Page view: /home by u3513,E103,Page view: {page} by {user}
38555,2026-01-12,17:06:23,INFO,WebServer,Page view: /home by u2951,E103,Page view: {page} by {user}
38556,2026-01-12,17:28:00,INFO,InventoryDB,Health check passed: InventoryDB,E102,Health check passed: {service}
38557,2026-01-12,17:04:51,INFO,WebServer,Page view: /home by u2214,E103,Page view: {page} by {user}
38558,2026-01-12,17:05:33,INFO,WebServer,Transaction tx681361 completed in 721ms,E104,Transaction {tx} completed in {time}ms
38559,2026-01-12,17:16:55,INFO,AuthService,Page view: /home by u2964,E103,Page view: {page} by {user}
38560,2026-01-12,17:13:20,INFO,WebServer,User u3702 login successful,E101,User {user} login successful
38561,2026-01-12,17:39:28,INFO,WebServer,User u1150 login successful,E101,User {user} login successful
38562,2026-01-12,17:55:41,INFO,OrderProcessor,Page view: /home by u4959,E103,Page view: {page} by {user}
38563,2026-01-12,17:12:31,INFO,WebServer,Health check passed: WebServer,E102,Health check passed: {service}
38564,2026-01-12,17:44:40,INFO,OrderProcessor,Health check passed: OrderProcessor,E102,Health check passed: {service}
38565,2026-01-12,17:26:14,INFO,AuthService,User u2184 login successful,E101,User {user} login successful
38566,2026-01-12,17:56:09,INFO,OrderProcessor,User u2157 login successful,E101,User {user} login successful
38567,2026-01-12,17:24:56,INFO,AuthService,Transaction tx972190 completed in 1959ms,E104,Transaction {tx} completed in {time}ms
38568,2026-01-12,17:29:19,INFO,AuthService,User u2011 login successful,E101,User {user} login successful
38569,2026-01-12,17:56:13,INFO,OrderProcessor,Page view: /home by u1713,E103,Page view: {page} by {user}
38570,2026-01-12,17:35:06,INFO,PaymentGateway,Transaction tx679621 completed in 401ms,E104,Transaction {tx} completed in {time}ms
38571,2026-01-12,17:48:27,INFO,WebServer,Transaction tx951640 completed in 1425ms,E104,Transaction {tx} completed in {time}ms
38572,2026-01-12,17:53:36,INFO,AuthService,Health check passed: AuthService,E102,Health check passed: {service}
38573,2026-01-12,17:41:37,INFO,WebServer,Page view: /home by u4853,E103,Page view: {page} by {user}
38574,2026-01-12,17:10:29,INFO,PaymentGateway,Page view: /home by u3652,E103,Page view: {page} by {user}
38575,2026-01-12,17:54:27,INFO,OrderProcessor,User u3087 login successful,E101,User {user} login successful
38576,2026-01-12,17:11:10,INFO,AuthService,Transaction tx159341 completed in 57ms,E104,Transaction {tx} completed in {time}ms
38577,2026-01-12,17:21:45,INFO,PaymentGateway,Transaction tx908983 completed in 1729ms,E104,Transaction {tx} completed in {time}ms
38578,2026-01-12,17:49:19,INFO,OrderProcessor,Health check passed: OrderProcessor,E102,Health check passed: {service}
38579,2026-01-12,17:10:08,INFO,OrderProcessor,User u2545 login successful,E101,User {user} login successful
38580,2026-01-12,17:41:05,INFO,PaymentGateway,User u3820 login successful,E101,User {user} login successful
38581,2026-01-12,17:18:52,INFO,WebServer,User u2365 login successful,E101,User {user} login successful
38582,2026-01-12,17:15:56,INFO,WebServer,Transaction tx656570 completed in 119ms,E104,Transaction {tx} completed in {time}ms
38583,2026-01-12,17:14:49,ERROR,PaymentGateway,Connection refused to PaymentGateway at 10.0.0.45,E501,Connection refused to {service} at {ip}
38584,2026-01-12,17:35:16,INFO,PaymentGateway,Health check passed: PaymentGateway,E102,Health check passed: {service}
38585,2026-01-12,17:47:25,INFO,AuthService,Page view: /home by u3152,E103,Page view: {page} by {user}
38586,2026-01-12,17:47:54,INFO,WebServer,Health check passed: WebServer,E102,Health check passed: {service}
38587,2026-01-12,17:53:57,INFO,OrderProcessor,Health check passed: OrderProcessor,E102,Health check passed: {service}
38588,2026-01-12,17:56:12,INFO,AuthService,Page view: /home by u1259,E103,Page view: {page} by {user}
38589,2026-01-12,17:09:09,INFO,OrderProcessor,Health check passed: OrderProcessor,E102,Health check passed: {service}
38590,2026-01-12,17:47:16,INFO,InventoryDB,Health check passed: InventoryDB,E102,Health check passed: {service}
38591,2026-01-12,17:30:05,INFO,WebServer,User u4831 login successful,E101,User {user} login successful
38592,2026-01-12,17:42:22,ERROR,WebServer,Connection refused to WebServer at 192.168.1.5,E501,Connection refused to {service} at {ip}
38593,2026-01-12,17:11:07,INFO,PaymentGateway,Page view: /home by u1637,E103,Page view: {page} by {user}
38594,2026-01-12,17:39:01,INFO,WebServer,Page view: /home by u3344,E103,Page view: {page} by {user}
38595,2026-01-12,17:37:28,INFO,WebServer,Health check passed: WebServer,E102,Health check passed: {service}
38596,2026-01-12,17:29:34,INFO,PaymentGateway,Transaction tx717283 completed in 1630ms,E104,Transaction {tx} completed in {time}ms
38597,2026-01-12,17:29:47,INFO,AuthService,User u1421 login successful,E101,User {user} login successful
38598,2026-01-12,17:52:53,INFO,AuthService,Health check passed: AuthService,E102,Health check passed: {service}
38599,2026-01-12,17:26:06,INFO,WebServer,User u2881 login successful,E101,User {user} login successful
38600,2026-01-12,17:03:19,INFO,AuthService,Transaction tx484617 completed in 62ms,E104,Transaction {tx} completed in {time}ms
38601,2026-01-12,17:43:01,INFO,WebServer,Transaction tx619526 completed in 1279ms,E104,Transaction {tx} completed in {time}ms
38602,2026-01-12,17:03:53,INFO,WebServer,User u3871 login successful,E101,User {user} login successful
38603,2026-01-12,17:58:56,INFO,WebServer,Health check passed: WebServer,E102,Health check passed: {service}
38604,2026-01-12,17:15:55,ERROR,OrderProcessor,Timeout waiting for lock on InventoryDB,E502,Timeout waiting for lock on {db}
38605,2026-01-12,17:42:06,INFO,WebServer,Transaction tx129738 completed in 1106ms,E104,Transaction {tx} completed in {time}ms
38606,2026-01-12,17:04:40,INFO,OrderProcessor,Page view: /home by u4814,E103,Page view: {page} by {user}
38607,2026-01-12,17:04:01,INFO,WebServer,Page view: /home by u4040,E103,Page view: {page} by {user}
38608,2026-01-12,17:28:06,INFO,WebServer,Transaction tx226883 completed in 1517ms,E104,Transaction {tx} completed in {time}ms
38609,2026-01-12,17:00:20,INFO,WebServer,Health check passed: WebServer,E102,Health check passed: {service}
38610,2026-01-12,17:31:20,INFO,PaymentGateway,Transaction tx202315 completed in 182ms,E104,Transaction {tx} completed in {time}ms
38611,2026-01-12,17:47:06,INFO,OrderProcessor,Page view: /home by u1256,E103,Page view: {page} by {user}
38612,2026-01-12,17:28:05,INFO,WebServer,Transaction tx569610 completed in 519ms,E104,Transaction {tx} completed in {time}ms
38613,2026-01-12,17:10:28,INFO,WebServer,Transaction tx520178 completed in 1967ms,E104,Transaction {tx} completed in {time}ms
38614,2026-01-12,17:06:00,INFO,PaymentGateway,Transaction tx533533 completed in 1458ms,E104,Transaction {tx} completed in {time}ms
38615,2026-01-12,17:30:07,INFO,WebServer,Health check passed: WebServer,E102,Health check passed: {service}
38616,2026-01-12,17:46:04,INFO,WebServer,Transaction tx189040 completed in 1291ms,E104,Transaction {tx} completed in {time}ms
38617,2026-01-12,17:33:33,INFO,WebServer,User u4630 login successful,E101,User {user} login successful
38618,2026-01-12,17:51:43,INFO,WebServer,Health check passed: WebServer,E102,Health check passed: {service}
38619,2026-01-12,17:48:29,INFO,WebServer,Transaction tx860289 completed in 1144ms,E104,Transaction {tx} completed in {time}ms
38620,2026-01-12,17:27:58,INFO,WebServer,User u2743 login successful,E101,User {user} login successful
38621,2026-01-12,17:33:44,INFO,WebServer,User u3544 login successful,E101,User {user} login successful
38622,2026-01-12,17:12:17,INFO,WebServer,User u4409 login successful,E101,User {user} login successful
38623,2026-01-12,17:18:08,INFO,WebServer,Health check passed: WebServer,E102,Health check passed: {service}
38624,2026-01-12,17:31:33,ERROR,WebServer,Connection refused to WebServer at 10.0.0.88,E501,Connection refused to {service} at {ip}
38625,2026-01-12,17:22:19,INFO,WebServer,Transaction tx464887 completed in 1604ms,E104,Transaction {tx} completed in {time}ms
38626,2026-01-12,17:46:15,WARN,WebServer,Unauthorized access attempt from 10.0.0.45,E401,Unauthorized access attempt from {ip}
38627,2026-01-12,17:37:36,INFO,WebServer,User u4695 login successful,E101,User {user} login successful
38628,2026-01-12,17:31:02,INFO,WebServer,Health check passed: WebServer,E102,Health check passed: {service}
38629,2026-01-12,17:29:03,INFO,WebServer,Health check passed: WebServer,E102,Health check passed: {service}
38630,2026-01-12,17:40:53,INFO,WebServer,Transaction tx832138 completed in 287ms,E104,Transaction {tx} completed in {time}ms
38631,2026-01-12,17:30:21,INFO,AuthService,Page view: /home by u1645,E103,Page view: {page} by {user}
38632,2026-01-12,17:11:47,WARN,WebServer,High latency (1905ms) detected on WebServer,E201,High latency ({time}ms) detected on {service}
38633,2026-01-12,17:32:24,INFO,AuthService,Health check passed: AuthService,E102,Health check passed: {service}
38634,2026-01-12,17:31:30,INFO,OrderProcessor,Health check passed: OrderProcessor,E102,Health check passed: {service}
38635,2026-01-12,17:21:02,INFO,WebServer,User u3518 login successful,E101,User {user} login successful
38636,2026-01-12,17:28:13,INFO,WebServer,User u3624 login successful,E101,User {user} login successful
38637,2026-01-12,17:24:53,INFO,PaymentGateway,Health check passed: PaymentGateway,E102,Health check passed: {service}
38638,2026-01-12,17:14:15,INFO,AuthService,Transaction tx425829 completed in 1339ms,E104,Transaction {tx} completed in {time}ms
38639,2026-01-12,17:37:35,INFO,WebServer,User u1659 login successful,E101,User {user} login successful
38640,2026-01-12,17:51:12,INFO,WebServer,User u4456 login successful,E101,User {user} login successful
38641,2026-01-12,17:14:34,INFO,AuthService,Transaction tx440256 completed in 1180ms,E104,Transaction {tx} completed in {time}ms
38642,2026-01-12,17:03:58,INFO,WebServer,Health check passed: WebServer,E102,Health check passed: {service}
38643,2026-01-12,17:05:32,INFO,AuthService,Health check passed: AuthService,E102,Health check passed: {service}
38644,2026-01-12,17:14:41,INFO,OrderProcessor,Transaction tx216151 completed in 1340ms,E104,Transaction {tx} completed in {time}ms
38645,2026-01-12,17:05:44,INFO,OrderProcessor,User u3144 login successful,E101,User {user} login successful
38646,2026-01-12,17:54:43,INFO,OrderProcessor,Page view: /home by u2715,E103,Page view: {page} by {user}
38647,2026-01-12,17:24:41,INFO,WebServer,User u3467 login successful,E101,User {user} login successful
38648,2026-01-12,17:18:41,INFO,OrderProcessor,Health check passed: OrderProcessor,E102,Health check passed: {service}
38649,2026-01-12,17:34:18,INFO,OrderProcessor,Health check passed: OrderProcessor,E102,Health check passed: {service}
38650,2026-01-12,17:14:09,INFO,WebServer,Health check passed: WebServer,E102,Health check passed: {service}
38651,2026-01-12,17:28:41,INFO,WebServer,User u4985 login successful,E101,User {user} login successful
38652,2026-01-12,17:19:18,INFO,OrderProcessor,Health check passed: OrderProcessor,E102,Health check passed: {service}
38653,2026-01-12,17:44:39,INFO,WebServer,Health check passed: WebServer,E102,Health check passed: {service}
38654,2026-01-12,17:50:03,INFO,OrderProcessor,Health check passed: OrderProcessor,E102,Health check passed: {service}
38655,2026-01-12,17:38:30,INFO,WebServer,Page view: /home by u3787,E103,Page view: {page} by {user}
38656,2026-01-12,17:54:26,ERROR,WebServer,Connection refused to WebServer at 10.0.0.45,E501,Connection refused to {service} at {ip}
38657,2026-01-12,17:33:42,INFO,OrderProcessor,Transaction tx380119 completed in 1119ms,E104,Transaction {tx} completed in {time}ms
38658,2026-01-12,17:44:15,INFO,WebServer,Page view: /home by u2335,E103,Page view: {page} by {user}
38659,2026-01-12,17:27:49,INFO,OrderProcessor,User u4530 login successful,E101,User {user} login successful
38660,2026-01-12,17:44:58,INFO,WebServer,Transaction tx930326 completed in 410ms,E104,Transaction {tx} completed in {time}ms
38661,2026-01-12,17:40:12,INFO,WebServer,Page view: /home by u4446,E103,Page view: {page} by {user}
38662,2026-01-12,17:50:59,INFO,WebServer,Health check passed: WebServer,E102,Health check passed: {service}
38663,2026-01-12,17:43:16,INFO,InventoryDB,User u1359 login successful,E101,User {user} login successful
38664,2026-01-12,17:00:53,WARN,WebServer,Disk usage > 85% on node node-4,E202,Disk usage > 85% on node {node}
38665,2026-01-12,17:07:31,INFO,WebServer,Page view: /home by u1456,E103,Page view: {page} by {user}
38666,2026-01-12,17:05:33,INFO,PaymentGateway,User u4490 login successful,E101,User {user} login successful
38667,2026-01-12,17:14:45,INFO,PaymentGateway,Page view: /home by u4034,E103,Page view: {page} by {user}
38668,2026-01-12,17:55:16,INFO,WebServer,User u3239 login successful,E101,User {user} login successful
38669,2026-01-12,17:22:06,INFO,OrderProcessor,Page view: /home by u4006,E103,Page view: {page} by {user}
38670,2026-01-12,17:47:44,INFO,OrderProcessor,User u2941 login successful,E101,User {user} login successful
38671,2026-01-12,17:39:17,INFO,InventoryDB,Transaction tx894608 completed in 484ms,E104,Transaction {tx} completed in {time}ms
38672,2026-01-12,17:05:14,INFO,WebServer,Health check passed: WebServer,E102,Health check passed: {service}
38673,2026-01-12,17:33:16,WARN,WebServer,High latency (1455ms) detected on WebServer,E201,High latency ({time}ms) detected on {service}
38674,2026-01-12,17:38:58,INFO,WebServer,Health check passed: WebServer,E102,Health check passed: {service}
38675,2026-01-12,17:27:59,INFO,WebServer,User u4767 login successful,E101,User {user} login successful
38676,2026-01-12,17:13:55,INFO,WebServer,User u2649 login successful,E101,User {user} login successful
38677,2026-01-12,17:28:48,INFO,OrderProcessor,Page view: /home by u1426,E103,Page view: {page} by {user}
38678,2026-01-12,17:34:23,INFO,WebServer,Health check passed: WebServer,E102,Health check passed: {service}
38679,2026-01-12,17:25:47,INFO,OrderProcessor,Health check passed: OrderProcessor,E102,Health check passed: {service}
38680,2026-01-12,17:51:12,INFO,AuthService,Transaction tx784069 completed in 632ms,E104,Transaction {tx} completed in {time}ms
38681,2026-01-12,17:24:57,INFO,OrderProcessor,Transaction tx579011 completed in 344ms,E104,Transaction {tx} completed in {time}ms
38682,2026-01-12,17:14:39,WARN,WebServer,High latency (574ms) detected on WebServer,E201,High latency ({time}ms) detected on {service}
38683,2026-01-12,17:42:52,INFO,WebServer,Health check passed: WebServer,E102,Health check passed: {service}
38684,2026-01-12,17:10:12,INFO,AuthService,Health check passed: AuthService,E102,Health check passed: {service}
38685,2026-01-12,17:58:12,INFO,AuthService,Page view: /home by u4046,E103,Page view: {page} by {user}
38686,2026-01-12,17:31:18,INFO,WebServer,Transaction tx727957 completed in 1940ms,E104,Transaction {tx} completed in {time}ms
38687,2026-01-12,17:47:25,INFO,WebServer,User u3131 login successful,E101,User {user} login successful
38688,2026-01-12,17:07:22,INFO,OrderProcessor,Page view: /home by u2240,E103,Page view: {page} by {user}
38689,2026-01-12,17:19:10,INFO,WebServer,User u3732 login successful,E101,User {user} login successful
38690,2026-01-12,17:35:56,WARN,AuthService,High latency (361ms) detected on AuthService,E201,High latency ({time}ms) detected on {service}
38691,2026-01-12,17:12:01,INFO,WebServer,Transaction tx995073 completed in 404ms,E104,Transaction {tx} completed in {time}ms
38692,2026-01-12,17:09:03,INFO,WebServer,Health check passed: WebServer,E102,Health check passed: {service}
38693,2026-01-12,17:32:48,INFO,WebServer,Transaction tx893267 completed in 1229ms,E104,Transaction {tx} completed in {time}ms
38694,2026-01-12,17:59:40,INFO,WebServer,User u2255 login successful,E101,User {user} login successful
38695,2026-01-12,17:48:36,INFO,WebServer,Page view: /home by u3492,E103,Page view: {page} by {user}
38696,2026-01-12,17:48:34,INFO,OrderProcessor,Health check passed: OrderProcessor,E102,Health check passed: {service}
38697,2026-01-12,17:02:10,INFO,WebServer,Page view: /home by u3961,E103,Page view: {page} by {user}
38698,2026-01-12,17:18:46,INFO,WebServer,User u4338 login successful,E101,User {user} login successful
38699,2026-01-12,17:48:50,INFO,PaymentGateway,Health check passed: PaymentGateway,E102,Health check passed: {service}
38700,2026-01-12,17:09:08,INFO,AuthService,Transaction tx767002 completed in 1262ms,E104,Transaction {tx} completed in {time}ms
38701,2026-01-12,17:59:44,INFO,InventoryDB,Transaction tx347222 completed in 1665ms,E104,Transaction {tx} completed in {time}ms
38702,2026-01-12,17:29:16,INFO,WebServer,Health check passed: WebServer,E102,Health check passed: {service}
38703,2026-01-12,17:59:15,INFO,WebServer,Transaction tx558460 completed in 976ms,E104,Transaction {tx} completed in {time}ms
38704,2026-01-12,17:01:06,INFO,WebServer,Page view: /home by u3442,E103,Page view: {page} by {user}
38705,2026-01-12,17:44:29,INFO,OrderProcessor,Page view: /home by u2501,E103,Page view: {page} by {user}
38706,2026-01-12,17:26:29,INFO,WebServer,Transaction tx552466 completed in 1788ms,E104,Transaction {tx} completed in {time}ms
38707,2026-01-12,17:21:15,INFO,WebServer,User u4423 login successful,E101,User {user} login successful
38708,2026-01-12,17:15:27,INFO,AuthService,Page view: /home by u2534,E103,Page view: {page} by {user}
38709,2026-01-12,17:03:30,INFO,WebServer,Transaction tx905221 completed in 1893ms,E104,Transaction {tx} completed in {time}ms
38710,2026-01-12,17:10:01,INFO,WebServer,Health check passed: WebServer,E102,Health check passed: {service}
38711,2026-01-12,17:42:58,INFO,PaymentGateway,Transaction tx267371 completed in 1210ms,E104,Transaction {tx} completed in {time}ms
38712,2026-01-12,17:52:06,INFO,WebServer,User u4547 login successful,E101,User {user} login successful
38713,2026-01-12,17:43:22,INFO,PaymentGateway,Page view: /home by u3618,E103,Page view: {page} by {user}
38714,2026-01-12,17:08:09,INFO,AuthService,Page view: /home by u4776,E103,Page view: {page} by {user}
38715,2026-01-12,17:34:27,INFO,WebServer,Health check passed: WebServer,E102,Health check passed: {service}
38716,2026-01-12,17:57:19,INFO,PaymentGateway,Transaction tx760726 completed in 1680ms,E104,Transaction {tx} completed in {time}ms
38717,2026-01-12,17:53:29,INFO,WebServer,Health check passed: WebServer,E102,Health check passed: {service}
38718,2026-01-12,17:33:58,INFO,WebServer,Transaction tx546809 completed in 786ms,E104,Transaction {tx} completed in {time}ms
38719,2026-01-12,17:09:39,INFO,WebServer,User u4704 login successful,E101,User {user} login successful
38720,2026-01-12,17:16:01,INFO,WebServer,Health check passed: WebServer,E102,Health check passed: {service}
38721,2026-01-12,17:51:33,INFO,AuthService,Health check passed: AuthService,E102,Health check passed: {service}
38722,2026-01-12,17:06:18,INFO,WebServer,Transaction tx620346 completed in 489ms,E104,Transaction {tx} completed in {time}ms
38723,2026-01-12,17:49:54,INFO,OrderProcessor,Page view: /home by u3734,E103,Page view: {page} by {user}
38724,2026-01-12,17:27:01,INFO,WebServer,Health check passed: WebServer,E102,Health check passed: {service}
38725,2026-01-12,17:13:51,INFO,WebServer,Health check passed: WebServer,E102,Health check passed: {service}
38726,2026-01-12,17:10:48,INFO,AuthService,User u1687 login successful,E101,User {user} login successful
38727,2026-01-12,17:24:33,INFO,PaymentGateway,Page view: /home by u1620,E103,Page view: {page} by {user}
38728,2026-01-12,17:32:41,INFO,WebServer,Page view: /home by u2913,E103,Page view: {page} by {user}
38729,2026-01-12,17:56:39,INFO,OrderProcessor,Page view: /home by u3167,E103,Page view: {page} by {user}
38730,2026-01-12,17:13:08,INFO,WebServer,User u2378 login successful,E101,User {user} login successful
38731,2026-01-12,17:03:40,INFO,WebServer,Health check passed: WebServer,E102,Health check passed: {service}
38732,2026-01-12,17:31:53,INFO,WebServer,Transaction tx142385 completed in 480ms,E104,Transaction {tx} completed in {time}ms
38733,2026-01-12,17:32:54,INFO,AuthService,Transaction tx455697 completed in 1290ms,E104,Transaction {tx} completed in {time}ms
38734,2026-01-12,17:54:25,INFO,OrderProcessor,Health check passed: OrderProcessor,E102,Health check passed: {service}
38735,2026-01-12,17:53:50,INFO,WebServer,Transaction tx128172 completed in 1133ms,E104,Transaction {tx} completed in {time}ms
38736,2026-01-12,17:24:41,INFO,WebServer,Page view: /home by u1785,E103,Page view: {page} by {user}
38737,2026-01-12,17:36:13,INFO,OrderProcessor,Transaction tx878627 completed in 1918ms,E104,Transaction {tx} completed in {time}ms
38738,2026-01-12,17:51:41,INFO,WebServer,User u2182 login successful,E101,User {user} login successful
38739,2026-01-12,17:18:00,INFO,WebServer,Transaction tx527094 completed in 1554ms,E104,Transaction {tx} completed in {time}ms
38740,2026-01-12,17:58:00,INFO,PaymentGateway,User u4236 login successful,E101,User {user} login successful
38741,2026-01-12,17:17:07,INFO,AuthService,Health check passed: AuthService,E102,Health check passed: {service}
38742,2026-01-12,17:35:14,INFO,PaymentGateway,User u2102 login successful,E101,User {user} login successful
38743,2026-01-12,17:58:24,WARN,WebServer,High latency (1145ms) detected on WebServer,E201,High latency ({time}ms) detected on {service}
38744,2026-01-12,17:24:16,INFO,WebServer,Health check passed: WebServer,E102,Health check passed: {service}
38745,2026-01-12,17:04:34,INFO,WebServer,User u3554 login successful,E101,User {user} login successful
38746,2026-01-12,17:52:48,INFO,WebServer,Transaction tx604688 completed in 1801ms,E104,Transaction {tx} completed in {time}ms
38747,2026-01-12,17:30:04,INFO,WebServer,User u2639 login successful,E101,User {user} login successful
38748,2026-01-12,17:36:18,INFO,InventoryDB,Page view: /home by u2908,E103,Page view: {page} by {user}
38749,2026-01-12,17:54:08,INFO,InventoryDB,Transaction tx935704 completed in 330ms,E104,Transaction {tx} completed in {time}ms
38750,2026-01-12,17:12:52,INFO,WebServer,Transaction tx216894 completed in 181ms,E104,Transaction {tx} completed in {time}ms
38751,2026-01-12,17:39:24,INFO,WebServer,User u1048 login successful,E101,User {user} login successful
38752,2026-01-12,17:34:07,INFO,WebServer,User u4847 login successful,E101,User {user} login successful
38753,2026-01-12,17:55:52,ERROR,PaymentGateway,Payment declined: Gateway unavailable,E503,Payment declined: Gateway unavailable
38754,2026-01-12,17:48:05,WARN,WebServer,High latency (1881ms) detected on WebServer,E201,High latency ({time}ms) detected on {service}
38755,2026-01-12,17:53:29,WARN,InventoryDB,Disk usage > 85% on node node-5,E202,Disk usage > 85% on node {node}
38756,2026-01-12,17:33:28,INFO,WebServer,Page view: /home by u3196,E103,Page view: {page} by {user}
38757,2026-01-12,17:10:46,INFO,OrderProcessor,Page view: /home by u4919,E103,Page view: {page} by {user}
38758,2026-01-12,17:55:40,INFO,WebServer,User u3799 login successful,E101,User {user} login successful
38759,2026-01-12,17:13:05,INFO,WebServer,Health check passed: WebServer,E102,Health check passed: {service}
38760,2026-01-12,17:47:15,INFO,AuthService,Page view: /home by u1622,E103,Page view: {page} by {user}
38761,2026-01-12,17:01:19,INFO,OrderProcessor,Page view: /home by u4714,E103,Page view: {page} by {user}
38762,2026-01-12,17:40:52,INFO,WebServer,User u2214 login successful,E101,User {user} login successful
38763,2026-01-12,17:35:58,INFO,WebServer,Page view: /home by u1802,E103,Page view: {page} by {user}
38764,2026-01-12,17:48:45,WARN,AuthService,Unauthorized access attempt from 10.0.0.45,E401,Unauthorized access attempt from {ip}
38765,2026-01-12,17:32:01,INFO,AuthService,User u4586 login successful,E101,User {user} login successful
38766,2026-01-12,17:15:02,INFO,WebServer,Page view: /home by u2744,E103,Page view: {page} by {user}
38767,2026-01-12,17:09:55,INFO,WebServer,User u2276 login successful,E101,User {user} login successful
38768,2026-01-12,17:06:59,WARN,AuthService,Disk usage > 85% on node node-3,E202,Disk usage > 85% on node {node}
38769,2026-01-12,17:52:11,INFO,AuthService,User u1399 login successful,E101,User {user} login successful
38770,2026-01-12,17:38:02,INFO,AuthService,Transaction tx250074 completed in 1074ms,E104,Transaction {tx} completed in {time}ms
38771,2026-01-12,17:30:37,INFO,AuthService,User u2121 login successful,E101,User {user} login successful
38772,2026-01-12,17:00:36,INFO,WebServer,User u1276 login successful,E101,User {user} login successful
38773,2026-01-12,17:17:27,INFO,WebServer,Health check passed: WebServer,E102,Health check passed: {service}
38774,2026-01-12,17:35:56,INFO,WebServer,Health check passed: WebServer,E102,Health check passed: {service}
38775,2026-01-12,17:21:01,INFO,WebServer,User u4717 login successful,E101,User {user} login successful
38776,2026-01-12,17:34:10,INFO,OrderProcessor,Health check passed: OrderProcessor,E102,Health check passed: {service}
38777,2026-01-12,17:40:42,INFO,WebServer,Page view: /home by u1224,E103,Page view: {page} by {user}
38778,2026-01-12,17:58:27,INFO,WebServer,Transaction tx517097 completed in 1268ms,E104,Transaction {tx} completed in {time}ms
38779,2026-01-12,17:41:34,INFO,PaymentGateway,Page view: /home by u3333,E103,Page view: {page} by {user}
38780,2026-01-12,17:00:30,INFO,OrderProcessor,Transaction tx708975 completed in 1352ms,E104,Transaction {tx} completed in {time}ms
38781,2026-01-12,17:20:11,WARN,WebServer,High latency (1120ms) detected on WebServer,E201,High latency ({time}ms) detected on {service}
38782,2026-01-12,17:54:11,INFO,WebServer,Health check passed: WebServer,E102,Health check passed: {service}
38783,2026-01-12,17:15:07,INFO,InventoryDB,Transaction tx796007 completed in 1638ms,E104,Transaction {tx} completed in {time}ms
38784,2026-01-12,17:24:01,INFO,PaymentGateway,Transaction tx167321 completed in 96ms,E104,Transaction {tx} completed in {time}ms
38785,2026-01-12,17:04:45,INFO,WebServer,Page view: /home by u2100,E103,Page view: {page} by {user}
38786,2026-01-12,17:00:52,INFO,WebServer,Health check passed: WebServer,E102,Health check passed: {service}
38787,2026-01-12,17:30:16,INFO,WebServer,Health check passed: WebServer,E102,Health check passed: {service}
38788,2026-01-12,17:30:30,INFO,WebServer,Transaction tx815710 completed in 697ms,E104,Transaction {tx} completed in {time}ms
38789,2026-01-12,17:45:55,INFO,WebServer,User u2096 login successful,E101,User {user} login successful
38790,2026-01-12,17:20:53,INFO,WebServer,Transaction tx948299 completed in 1012ms,E104,Transaction {tx} completed in {time}ms
38791,2026-01-12,17:29:54,INFO,InventoryDB,Transaction tx783859 completed in 628ms,E104,Transaction {tx} completed in {time}ms
38792,2026-01-12,17:39:33,INFO,OrderProcessor,User u3943 login successful,E101,User {user} login successful
38793,2026-01-12,17:01:56,INFO,PaymentGateway,Page view: /home by u4956,E103,Page view: {page} by {user}
38794,2026-01-12,17:26:33,INFO,WebServer,Page view: /home by u4765,E103,Page view: {page} by {user}
38795,2026-01-12,17:20:10,INFO,WebServer,Transaction tx347638 completed in 1280ms,E104,Transaction {tx} completed in {time}ms
38796,2026-01-12,17:54:59,INFO,WebServer,User u2462 login successful,E101,User {user} login successful
38797,2026-01-12,17:59:49,INFO,WebServer,Page view: /home by u3293,E103,Page view: {page} by {user}
38798,2026-01-12,17:13:57,INFO,WebServer,Page view: /home by u2381,E103,Page view: {page} by {user}
38799,2026-01-12,17:20:07,INFO,WebServer,Transaction tx461309 completed in 1875ms,E104,Transaction {tx} completed in {time}ms
38800,2026-01-12,17:11:52,INFO,PaymentGateway,Page view: /home by u3682,E103,Page view: {page} by {user}
38801,2026-01-12,17:07:14,INFO,AuthService,User u3807 login successful,E101,User {user} login successful
38802,2026-01-12,17:31:01,INFO,WebServer,Transaction tx382010 completed in 693ms,E104,Transaction {tx} completed in {time}ms
38803,2026-01-12,17:28:10,INFO,OrderProcessor,Health check passed: OrderProcessor,E102,Health check passed: {service}
38804,2026-01-12,17:20:53,INFO,PaymentGateway,Page view: /home by u2612,E103,Page view: {page} by {user}
38805,2026-01-12,17:25:52,INFO,AuthService,Health check passed: AuthService,E102,Health check passed: {service}
38806,2026-01-12,17:21:51,INFO,PaymentGateway,Transaction tx111017 completed in 462ms,E104,Transaction {tx} completed in {time}ms
38807,2026-01-12,17:05:32,INFO,OrderProcessor,Health check passed: OrderProcessor,E102,Health check passed: {service}
38808,2026-01-12,17:10:45,INFO,AuthService,Health check passed: AuthService,E102,Health check passed: {service}
38809,2026-01-12,17:50:26,INFO,WebServer,Health check passed: WebServer,E102,Health check passed: {service}
38810,2026-01-12,17:30:42,INFO,WebServer,Health check passed: WebServer,E102,Health check passed: {service}
38811,2026-01-12,17:39:37,INFO,WebServer,Page view: /home by u1949,E103,Page view: {page} by {user}
38812,2026-01-12,17:18:14,WARN,OrderProcessor,Unauthorized access attempt from 10.0.0.45,E401,Unauthorized access attempt from {ip}
38813,2026-01-12,17:49:50,INFO,WebServer,Transaction tx142710 completed in 592ms,E104,Transaction {tx} completed in {time}ms
38814,2026-01-12,17:53:58,INFO,WebServer,Health check passed: WebServer,E102,Health check passed: {service}
38815,2026-01-12,17:01:50,INFO,InventoryDB,Health check passed: InventoryDB,E102,Health check passed: {service}
38816,2026-01-12,17:37:10,INFO,PaymentGateway,Page view: /home by u3177,E103,Page view: {page} by {user}
38817,2026-01-12,17:48:16,INFO,OrderProcessor,Health check passed: OrderProcessor,E102,Health check passed: {service}
38818,2026-01-12,17:54:33,INFO,WebServer,Page view: /home by u3950,E103,Page view: {page} by {user}
38819,2026-01-12,17:03:15,INFO,AuthService,Transaction tx398394 completed in 687ms,E104,Transaction {tx} completed in {time}ms
38820,2026-01-12,17:04:27,INFO,OrderProcessor,Page view: /home by u4294,E103,Page view: {page} by {user}
38821,2026-01-12,17:51:22,INFO,AuthService,Page view: /home by u3502,E103,Page view: {page} by {user}
38822,2026-01-12,17:38:20,INFO,PaymentGateway,Transaction tx344224 completed in 1728ms,E104,Transaction {tx} completed in {time}ms
38823,2026-01-12,17:39:33,INFO,WebServer,User u4075 login successful,E101,User {user} login successful
38824,2026-01-12,17:49:06,INFO,AuthService,User u3294 login successful,E101,User {user} login successful
38825,2026-01-12,17:36:32,INFO,WebServer,User u3123 login successful,E101,User {user} login successful
38826,2026-01-12,17:07:46,INFO,WebServer,Health check passed: WebServer,E102,Health check passed: {service}
38827,2026-01-12,17:44:34,INFO,WebServer,User u2681 login successful,E101,User {user} login successful
38828,2026-01-12,17:44:40,INFO,WebServer,Health check passed: WebServer,E102,Health check passed: {service}
38829,2026-01-12,17:18:31,INFO,WebServer,Transaction tx468451 completed in 1752ms,E104,Transaction {tx} completed in {time}ms
38830,2026-01-12,17:25:46,ERROR,PaymentGateway,Payment declined: Gateway unavailable,E503,Payment declined: Gateway unavailable
38831,2026-01-12,17:13:23,INFO,AuthService,Health check passed: AuthService,E102,Health check passed: {service}
38832,2026-01-12,17:00:30,INFO,WebServer,User u2563 login successful,E101,User {user} login successful
38833,2026-01-12,17:26:48,INFO,AuthService,Health check passed: AuthService,E102,Health check passed: {service}
38834,2026-01-12,17:29:25,INFO,PaymentGateway,Transaction tx158149 completed in 218ms,E104,Transaction {tx} completed in {time}ms
38835,2026-01-12,17:29:57,INFO,WebServer,Page view: /home by u2783,E103,Page view: {page} by {user}
38836,2026-01-12,17:54:53,INFO,PaymentGateway,Page view: /home by u2891,E103,Page view: {page} by {user}
38837,2026-01-12,17:19:04,INFO,PaymentGateway,Transaction tx156103 completed in 1824ms,E104,Transaction {tx} completed in {time}ms
38838,2026-01-12,17:55:46,INFO,AuthService,User u1320 login successful,E101,User {user} login successful
38839,2026-01-12,17:52:52,INFO,AuthService,Health check passed: AuthService,E102,Health check passed: {service}
38840,2026-01-12,17:19:50,INFO,OrderProcessor,User u1548 login successful,E101,User {user} login successful
38841,2026-01-12,17:19:12,INFO,OrderProcessor,Transaction tx842661 completed in 1593ms,E104,Transaction {tx} completed in {time}ms
38842,2026-01-12,17:37:59,INFO,OrderProcessor,User u1360 login successful,E101,User {user} login successful
38843,2026-01-12,17:39:12,INFO,OrderProcessor,Health check passed: OrderProcessor,E102,Health check passed: {service}
38844,2026-01-12,17:30:43,INFO,OrderProcessor,User u1702 login successful,E101,User {user} login successful
38845,2026-01-12,17:41:32,INFO,WebServer,User u4045 login successful,E101,User {user} login successful
38846,2026-01-12,17:29:19,INFO,AuthService,User u1076 login successful,E101,User {user} login successful
38847,2026-01-12,17:15:14,WARN,WebServer,High latency (896ms) detected on WebServer,E201,High latency ({time}ms) detected on {service}
38848,2026-01-12,17:22:04,INFO,AuthService,Page view: /home by u1110,E103,Page view: {page} by {user}
38849,2026-01-12,17:56:36,INFO,OrderProcessor,Page view: /home by u2794,E103,Page view: {page} by {user}
38850,2026-01-12,17:50:35,INFO,WebServer,User u2162 login successful,E101,User {user} login successful
38851,2026-01-12,17:18:50,INFO,WebServer,Transaction tx902641 completed in 1664ms,E104,Transaction {tx} completed in {time}ms
38852,2026-01-12,17:37:20,INFO,WebServer,User u2968 login successful,E101,User {user} login successful
38853,2026-01-12,17:45:16,INFO,OrderProcessor,Transaction tx813040 completed in 654ms,E104,Transaction {tx} completed in {time}ms
38854,2026-01-12,17:53:00,INFO,WebServer,Page view: /home by u3010,E103,Page view: {page} by {user}
38855,2026-01-12,17:38:14,INFO,WebServer,Transaction tx403866 completed in 775ms,E104,Transaction {tx} completed in {time}ms
38856,2026-01-12,17:06:44,INFO,OrderProcessor,User u4560 login successful,E101,User {user} login successful
38857,2026-01-12,17:25:06,INFO,PaymentGateway,User u1682 login successful,E101,User {user} login successful
38858,2026-01-12,17:29:23,INFO,AuthService,Page view: /home by u2812,E103,Page view: {page} by {user}
38859,2026-01-12,17:34:21,INFO,PaymentGateway,Transaction tx479745 completed in 804ms,E104,Transaction {tx} completed in {time}ms
38860,2026-01-12,17:38:49,INFO,OrderProcessor,Page view: /home by u3718,E103,Page view: {page} by {user}
38861,2026-01-12,17:21:53,INFO,WebServer,Health check passed: WebServer,E102,Health check passed: {service}
38862,2026-01-12,17:13:26,INFO,WebServer,Page view: /home by u3089,E103,Page view: {page} by {user}
38863,2026-01-12,17:34:17,INFO,WebServer,Transaction tx852654 completed in 905ms,E104,Transaction {tx} completed in {time}ms
38864,2026-01-12,17:30:54,INFO,WebServer,Page view: /home by u2053,E103,Page view: {page} by {user}
38865,2026-01-12,17:39:19,INFO,WebServer,Page view: /home by u2292,E103,Page view: {page} by {user}
38866,2026-01-12,17:35:23,INFO,OrderProcessor,Page view: /home by u2613,E103,Page view: {page} by {user}
38867,2026-01-12,17:23:06,WARN,PaymentGateway,Disk usage > 85% on node node-2,E202,Disk usage > 85% on node {node}
38868,2026-01-12,17:59:44,INFO,WebServer,User u2221 login successful,E101,User {user} login successful
38869,2026-01-12,17:09:43,INFO,WebServer,Page view: /home by u1650,E103,Page view: {page} by {user}
38870,2026-01-12,17:55:33,INFO,WebServer,User u3043 login successful,E101,User {user} login successful
38871,2026-01-12,17:22:42,INFO,PaymentGateway,User u2779 login successful,E101,User {user} login successful
38872,2026-01-12,17:55:27,INFO,WebServer,Transaction tx521740 completed in 225ms,E104,Transaction {tx} completed in {time}ms
38873,2026-01-12,17:19:36,INFO,OrderProcessor,Health check passed: OrderProcessor,E102,Health check passed: {service}
38874,2026-01-12,17:56:55,INFO,AuthService,Transaction tx656305 completed in 796ms,E104,Transaction {tx} completed in {time}ms
38875,2026-01-12,17:47:00,INFO,InventoryDB,Health check passed: InventoryDB,E102,Health check passed: {service}
38876,2026-01-12,17:29:52,INFO,AuthService,Transaction tx372586 completed in 224ms,E104,Transaction {tx} completed in {time}ms
38877,2026-01-12,17:49:13,INFO,WebServer,Transaction tx425029 completed in 536ms,E104,Transaction {tx} completed in {time}ms
38878,2026-01-12,17:23:54,INFO,AuthService,Page view: /home by u4452,E103,Page view: {page} by {user}
38879,2026-01-12,17:37:42,WARN,WebServer,High latency (259ms) detected on WebServer,E201,High latency ({time}ms) detected on {service}
38880,2026-01-12,17:21:59,INFO,WebServer,Health check passed: WebServer,E102,Health check passed: {service}
38881,2026-01-12,17:16:42,INFO,WebServer,Transaction tx465818 completed in 90ms,E104,Transaction {tx} completed in {time}ms
38882,2026-01-12,17:39:57,INFO,PaymentGateway,User u3820 login successful,E101,User {user} login successful
38883,2026-01-12,17:01:59,INFO,AuthService,User u4432 login successful,E101,User {user} login successful
38884,2026-01-12,17:13:25,INFO,OrderProcessor,Transaction tx121531 completed in 1530ms,E104,Transaction {tx} completed in {time}ms
38885,2026-01-12,17:35:25,INFO,WebServer,Transaction tx106601 completed in 1879ms,E104,Transaction {tx} completed in {time}ms
38886,2026-01-12,17:36:16,INFO,WebServer,Page view: /home by u2099,E103,Page view: {page} by {user}
38887,2026-01-12,17:46:57,INFO,AuthService,Page view: /home by u4535,E103,Page view: {page} by {user}
38888,2026-01-12,17:43:40,INFO,WebServer,Page view: /home by u4606,E103,Page view: {page} by {user}
38889,2026-01-12,17:51:55,INFO,WebServer,User u2686 login successful,E101,User {user} login successful
38890,2026-01-12,17:23:29,INFO,WebServer,Page view: /home by u4332,E103,Page view: {page} by {user}
38891,2026-01-12,17:14:50,ERROR,AuthService,Connection refused to AuthService at 10.0.0.45,E501,Connection refused to {service} at {ip}
38892,2026-01-12,17:44:06,WARN,InventoryDB,Disk usage > 85% on node node-1,E202,Disk usage > 85% on node {node}
38893,2026-01-12,17:34:10,INFO,WebServer,Health check passed: WebServer,E102,Health check passed: {service}
38894,2026-01-12,17:59:18,INFO,InventoryDB,Page view: /home by u2552,E103,Page view: {page} by {user}
38895,2026-01-12,17:46:19,INFO,AuthService,User u1655 login successful,E101,User {user} login successful
38896,2026-01-12,17:14:38,WARN,WebServer,Disk usage > 85% on node node-1,E202,Disk usage > 85% on node {node}
38897,2026-01-12,17:44:39,INFO,WebServer,Transaction tx458062 completed in 329ms,E104,Transaction {tx} completed in {time}ms
38898,2026-01-12,17:13:27,INFO,OrderProcessor,Transaction tx575500 completed in 121ms,E104,Transaction {tx} completed in {time}ms
38899,2026-01-12,17:15:52,INFO,AuthService,Page view: /home by u3470,E103,Page view: {page} by {user}
38900,2026-01-12,17:44:35,INFO,AuthService,Health check passed: AuthService,E102,Health check passed: {service}
38901,2026-01-12,17:54:58,INFO,AuthService,Transaction tx391016 completed in 489ms,E104,Transaction {tx} completed in {time}ms
38902,2026-01-12,17:02:23,INFO,AuthService,User u3389 login successful,E101,User {user} login successful
38903,2026-01-12,17:29:05,INFO,WebServer,Page view: /home by u1887,E103,Page view: {page} by {user}
38904,2026-01-12,17:39:19,INFO,AuthService,User u1798 login successful,E101,User {user} login successful
38905,2026-01-12,18:27:30,INFO,OrderProcessor,User u1887 login successful,E101,User {user} login successful
38906,2026-01-12,18:17:58,WARN,WebServer,Unauthorized access attempt from 10.0.0.45,E401,Unauthorized access attempt from {ip}
38907,2026-01-12,18:08:06,INFO,WebServer,Health check passed: WebServer,E102,Health check passed: {service}
38908,2026-01-12,18:01:49,INFO,WebServer,Page view: /home by u1381,E103,Page view: {page} by {user}
38909,2026-01-12,18:53:27,INFO,WebServer,Health check passed: WebServer,E102,Health check passed: {service}
38910,2026-01-12,18:39:28,INFO,WebServer,Page view: /home by u1833,E103,Page view: {page} by {user}
38911,2026-01-12,18:56:56,INFO,WebServer,Page view: /home by u4842,E103,Page view: {page} by {user}
38912,2026-01-12,18:15:19,INFO,AuthService,User u3885 login successful,E101,User {user} login successful
38913,2026-01-12,18:16:18,INFO,OrderProcessor,User u1600 login successful,E101,User {user} login successful
38914,2026-01-12,18:17:40,INFO,OrderProcessor,User u2060 login successful,E101,User {user} login successful
38915,2026-01-12,18:16:39,INFO,WebServer,Transaction tx742136 completed in 542ms,E104,Transaction {tx} completed in {time}ms
38916,2026-01-12,18:26:54,INFO,WebServer,User u3218 login successful,E101,User {user} login successful
38917,2026-01-12,18:25:31,INFO,WebServer,Page view: /home by u4436,E103,Page view: {page} by {user}
38918,2026-01-12,18:40:35,WARN,OrderProcessor,Disk usage > 85% on node node-5,E202,Disk usage > 85% on node {node}
38919,2026-01-12,18:25:36,INFO,OrderProcessor,User u1021 login successful,E101,User {user} login successful
38920,2026-01-12,18:05:41,INFO,WebServer,User u2930 login successful,E101,User {user} login successful
38921,2026-01-12,18:29:49,INFO,InventoryDB,User u3691 login successful,E101,User {user} login successful
38922,2026-01-12,18:55:03,INFO,AuthService,User u4936 login successful,E101,User {user} login successful
38923,2026-01-12,18:25:35,INFO,OrderProcessor,Health check passed: OrderProcessor,E102,Health check passed: {service}
38924,2026-01-12,18:14:19,INFO,InventoryDB,Health check passed: InventoryDB,E102,Health check passed: {service}
38925,2026-01-12,18:42:48,INFO,InventoryDB,Page view: /home by u4572,E103,Page view: {page} by {user}
38926,2026-01-12,18:28:13,INFO,AuthService,Transaction tx240258 completed in 1825ms,E104,Transaction {tx} completed in {time}ms
38927,2026-01-12,18:02:36,INFO,OrderProcessor,User u2116 login successful,E101,User {user} login successful
38928,2026-01-12,18:58:29,INFO,AuthService,Page view: /home by u4756,E103,Page view: {page} by {user}
38929,2026-01-12,18:52:17,INFO,AuthService,Page view: /home by u1856,E103,Page view: {page} by {user}
38930,2026-01-12,18:51:32,INFO,AuthService,User u3636 login successful,E101,User {user} login successful
38931,2026-01-12,18:17:53,INFO,WebServer,Health check passed: WebServer,E102,Health check passed: {service}
38932,2026-01-12,18:34:50,INFO,AuthService,User u4861 login successful,E101,User {user} login successful
38933,2026-01-12,18:54:20,WARN,WebServer,High latency (781ms) detected on WebServer,E201,High latency ({time}ms) detected on {service}
38934,2026-01-12,18:46:33,INFO,PaymentGateway,Page view: /home by u4702,E103,Page view: {page} by {user}
38935,2026-01-12,18:02:22,INFO,WebServer,Health check passed: WebServer,E102,Health check passed: {service}
38936,2026-01-12,18:14:42,INFO,OrderProcessor,Health check passed: OrderProcessor,E102,Health check passed: {service}
38937,2026-01-12,18:38:19,INFO,AuthService,Page view: /home by u3002,E103,Page view: {page} by {user}
38938,2026-01-12,18:01:01,INFO,WebServer,Health check passed: WebServer,E102,Health check passed: {service}
38939,2026-01-12,18:41:12,INFO,AuthService,User u4548 login successful,E101,User {user} login successful
38940,2026-01-12,18:08:03,INFO,AuthService,User u2835 login successful,E101,User {user} login successful
38941,2026-01-12,18:59:46,INFO,PaymentGateway,Health check passed: PaymentGateway,E102,Health check passed: {service}
38942,2026-01-12,18:44:18,INFO,OrderProcessor,Health check passed: OrderProcessor,E102,Health check passed: {service}
38943,2026-01-12,18:25:53,ERROR,WebServer,Timeout waiting for lock on InventoryDB,E502,Timeout waiting for lock on {db}
38944,2026-01-12,18:31:15,INFO,AuthService,Health check passed: AuthService,E102,Health check passed: {service}
38945,2026-01-12,18:33:45,INFO,WebServer,Page view: /home by u2678,E103,Page view: {page} by {user}
38946,2026-01-12,18:26:16,INFO,AuthService,Transaction tx439429 completed in 347ms,E104,Transaction {tx} completed in {time}ms
38947,2026-01-12,18:03:40,INFO,AuthService,Transaction tx173496 completed in 808ms,E104,Transaction {tx} completed in {time}ms
38948,2026-01-12,18:40:23,INFO,AuthService,Health check passed: AuthService,E102,Health check passed: {service}
38949,2026-01-12,18:43:46,INFO,PaymentGateway,Page view: /home by u2349,E103,Page view: {page} by {user}
38950,2026-01-12,18:40:31,INFO,WebServer,Health check passed: WebServer,E102,Health check passed: {service}
38951,2026-01-12,18:02:25,INFO,WebServer,Health check passed: WebServer,E102,Health check passed: {service}
38952,2026-01-12,18:55:26,INFO,WebServer,Health check passed: WebServer,E102,Health check passed: {service}
38953,2026-01-12,18:13:55,INFO,WebServer,Page view: /home by u4880,E103,Page view: {page} by {user}
38954,2026-01-12,18:31:58,INFO,AuthService,Health check passed: AuthService,E102,Health check passed: {service}
38955,2026-01-12,18:51:56,INFO,WebServer,Transaction tx907802 completed in 1090ms,E104,Transaction {tx} completed in {time}ms
38956,2026-01-12,18:24:25,INFO,AuthService,Transaction tx833611 completed in 251ms,E104,Transaction {tx} completed in {time}ms
38957,2026-01-12,18:18:42,INFO,WebServer,Health check passed: WebServer,E102,Health check passed: {service}
38958,2026-01-12,18:13:05,INFO,WebServer,Page view: /home by u4801,E103,Page view: {page} by {user}
38959,2026-01-12,18:22:35,INFO,WebServer,Page view: /home by u3420,E103,Page view: {page} by {user}
38960,2026-01-12,18:58:44,INFO,AuthService,User u1554 login successful,E101,User {user} login successful
38961,2026-01-12,18:48:08,INFO,PaymentGateway,Health check passed: PaymentGateway,E102,Health check passed: {service}
38962,2026-01-12,18:49:17,INFO,WebServer,Transaction tx287459 completed in 1879ms,E104,Transaction {tx} completed in {time}ms
38963,2026-01-12,18:31:46,INFO,WebServer,Transaction tx817603 completed in 1896ms,E104,Transaction {tx} completed in {time}ms
38964,2026-01-12,18:01:36,INFO,WebServer,User u1252 login successful,E101,User {user} login successful
38965,2026-01-12,18:38:12,CRITICAL,WebServer,KERNEL PANIC: Node node-1 crashed,E601,KERNEL PANIC: Node {node} crashed
38966,2026-01-12,18:22:37,INFO,AuthService,User u1758 login successful,E101,User {user} login successful
38967,2026-01-12,18:02:11,INFO,WebServer,Health check passed: WebServer,E102,Health check passed: {service}
38968,2026-01-12,18:28:23,INFO,WebServer,Health check passed: WebServer,E102,Health check passed: {service}
38969,2026-01-12,18:07:16,WARN,AuthService,Disk usage > 85% on node node-2,E202,Disk usage > 85% on node {node}
38970,2026-01-12,18:34:47,INFO,PaymentGateway,Transaction tx969422 completed in 1233ms,E104,Transaction {tx} completed in {time}ms
38971,2026-01-12,18:15:27,INFO,WebServer,User u1159 login successful,E101,User {user} login successful
38972,2026-01-12,18:18:16,ERROR,WebServer,Payment declined: Gateway unavailable,E503,Payment declined: Gateway unavailable
38973,2026-01-12,18:52:31,INFO,WebServer,User u2903 login successful,E101,User {user} login successful
38974,2026-01-12,18:13:07,INFO,AuthService,Transaction tx384186 completed in 1082ms,E104,Transaction {tx} completed in {time}ms
38975,2026-01-12,18:22:26,INFO,AuthService,Transaction tx669901 completed in 40ms,E104,Transaction {tx} completed in {time}ms
38976,2026-01-12,18:46:09,INFO,PaymentGateway,Transaction tx808605 completed in 804ms,E104,Transaction {tx} completed in {time}ms
38977,2026-01-12,18:58:24,INFO,WebServer,Health check passed: WebServer,E102,Health check passed: {service}
38978,2026-01-12,18:38:38,INFO,WebServer,Page view: /home by u1006,E103,Page view: {page} by {user}
38979,2026-01-12,18:56:35,INFO,OrderProcessor,Page view: /home by u4966,E103,Page view: {page} by {user}
38980,2026-01-12,18:55:08,INFO,WebServer,Health check passed: WebServer,E102,Health check passed: {service}
38981,2026-01-12,18:41:59,INFO,AuthService,Health check passed: AuthService,E102,Health check passed: {service}
38982,2026-01-12,18:54:05,INFO,OrderProcessor,Health check passed: OrderProcessor,E102,Health check passed: {service}
38983,2026-01-12,18:09:04,INFO,WebServer,User u3565 login successful,E101,User {user} login successful
38984,2026-01-12,18:03:54,INFO,WebServer,Transaction tx320450 completed in 929ms,E104,Transaction {tx} completed in {time}ms
38985,2026-01-12,18:35:30,INFO,WebServer,User u1652 login successful,E101,User {user} login successful
38986,2026-01-12,18:09:43,INFO,PaymentGateway,User u4888 login successful,E101,User {user} login successful
38987,2026-01-12,18:33:44,INFO,WebServer,Health check passed: WebServer,E102,Health check passed: {service}
38988,2026-01-12,18:25:46,INFO,PaymentGateway,User u2458 login successful,E101,User {user} login successful
38989,2026-01-12,18:34:34,WARN,AuthService,High latency (1626ms) detected on AuthService,E201,High latency ({time}ms) detected on {service}
38990,2026-01-12,18:12:23,INFO,AuthService,Transaction tx544718 completed in 624ms,E104,Transaction {tx} completed in {time}ms
38991,2026-01-12,18:51:16,INFO,OrderProcessor,User u4710 login successful,E101,User {user} login successful
38992,2026-01-12,18:02:41,INFO,PaymentGateway,Health check passed: PaymentGateway,E102,Health check passed: {service}
38993,2026-01-12,18:25:13,INFO,WebServer,Page view: /home by u4500,E103,Page view: {page} by {user}
38994,2026-01-12,18:51:01,INFO,OrderProcessor,Page view: /home by u2433,E103,Page view: {page} by {user}
38995,2026-01-12,18:30:57,INFO,WebServer,Page view: /home by u4510,E103,Page view: {page} by {user}
38996,2026-01-12,18:26:42,INFO,WebServer,Health check passed: WebServer,E102,Health check passed: {service}
38997,2026-01-12,18:35:52,INFO,WebServer,User u4917 login successful,E101,User {user} login successful
38998,2026-01-12,18:16:07,WARN,PaymentGateway,Disk usage > 85% on node node-2,E202,Disk usage > 85% on node {node}
38999,2026-01-12,18:33:43,INFO,OrderProcessor,Transaction tx754487 completed in 217ms,E104,Transaction {tx} completed in {time}ms
39000,2026-01-12,18:58:34,INFO,OrderProcessor,User u3792 login successful,E101,User {user} login successful
39001,2026-01-12,18:00:17,INFO,PaymentGateway,Health check passed: PaymentGateway,E102,Health check passed: {service}
39002,2026-01-12,18:39:43,INFO,WebServer,Transaction tx333747 completed in 216ms,E104,Transaction {tx} completed in {time}ms
39003,2026-01-12,18:45:03,WARN,WebServer,High latency (878ms) detected on WebServer,E201,High latency ({time}ms) detected on {service}
39004,2026-01-12,18:05:38,INFO,PaymentGateway,Health check passed: PaymentGateway,E102,Health check passed: {service}
39005,2026-01-12,18:13:48,INFO,WebServer,Page view: /home by u2066,E103,Page view: {page} by {user}
39006,2026-01-12,18:16:13,INFO,AuthService,Page view: /home by u2713,E103,Page view: {page} by {user}
39007,2026-01-12,18:39:26,INFO,WebServer,User u2100 login successful,E101,User {user} login successful
39008,2026-01-12,18:50:07,INFO,WebServer,Transaction tx153827 completed in 130ms,E104,Transaction {tx} completed in {time}ms
39009,2026-01-12,18:57:19,INFO,InventoryDB,Page view: /home by u2172,E103,Page view: {page} by {user}
39010,2026-01-12,18:05:16,INFO,AuthService,Transaction tx730168 completed in 655ms,E104,Transaction {tx} completed in {time}ms
39011,2026-01-12,18:47:37,INFO,InventoryDB,Transaction tx720657 completed in 1261ms,E104,Transaction {tx} completed in {time}ms
39012,2026-01-12,18:59:59,WARN,AuthService,High latency (703ms) detected on AuthService,E201,High latency ({time}ms) detected on {service}
39013,2026-01-12,18:39:52,INFO,OrderProcessor,Transaction tx850691 completed in 1291ms,E104,Transaction {tx} completed in {time}ms
39014,2026-01-12,18:41:21,INFO,WebServer,Transaction tx460874 completed in 624ms,E104,Transaction {tx} completed in {time}ms
39015,2026-01-12,18:42:12,WARN,AuthService,High latency (480ms) detected on AuthService,E201,High latency ({time}ms) detected on {service}
39016,2026-01-12,18:36:07,INFO,OrderProcessor,Transaction tx397210 completed in 1079ms,E104,Transaction {tx} completed in {time}ms
39017,2026-01-12,18:56:54,INFO,WebServer,Transaction tx641958 completed in 859ms,E104,Transaction {tx} completed in {time}ms
39018,2026-01-12,18:35:50,CRITICAL,InventoryDB,DATA CORRUPTION detected in sector 963,E602,DATA CORRUPTION detected in sector {sector}
39019,2026-01-12,18:51:54,INFO,PaymentGateway,Page view: /home by u1803,E103,Page view: {page} by {user}
39020,2026-01-12,18:14:01,INFO,WebServer,Transaction tx142016 completed in 721ms,E104,Transaction {tx} completed in {time}ms
39021,2026-01-12,18:53:55,WARN,WebServer,Disk usage > 85% on node node-2,E202,Disk usage > 85% on node {node}
39022,2026-01-12,18:41:53,INFO,WebServer,Transaction tx949986 completed in 1356ms,E104,Transaction {tx} completed in {time}ms
39023,2026-01-12,18:55:23,INFO,AuthService,Health check passed: AuthService,E102,Health check passed: {service}
39024,2026-01-12,18:25:39,INFO,PaymentGateway,Page view: /home by u1659,E103,Page view: {page} by {user}
39025,2026-01-12,18:06:20,INFO,OrderProcessor,Page view: /home by u4857,E103,Page view: {page} by {user}
39026,2026-01-12,18:08:07,INFO,WebServer,Transaction tx940627 completed in 28ms,E104,Transaction {tx} completed in {time}ms
39027,2026-01-12,18:10:19,INFO,WebServer,Health check passed: WebServer,E102,Health check passed: {service}
39028,2026-01-12,18:54:36,INFO,WebServer,Health check passed: WebServer,E102,Health check passed: {service}
39029,2026-01-12,18:33:06,INFO,WebServer,Health check passed: WebServer,E102,Health check passed: {service}
39030,2026-01-12,18:48:21,INFO,WebServer,Health check passed: WebServer,E102,Health check passed: {service}
39031,2026-01-12,18:08:00,INFO,AuthService,Page view: /home by u1234,E103,Page view: {page} by {user}
39032,2026-01-12,18:31:30,INFO,OrderProcessor,Transaction tx129056 completed in 1365ms,E104,Transaction {tx} completed in {time}ms
39033,2026-01-12,18:35:42,INFO,WebServer,Transaction tx292372 completed in 250ms,E104,Transaction {tx} completed in {time}ms
39034,2026-01-12,18:39:12,INFO,PaymentGateway,Transaction tx946901 completed in 616ms,E104,Transaction {tx} completed in {time}ms
39035,2026-01-12,18:59:36,INFO,WebServer,User u4301 login successful,E101,User {user} login successful
39036,2026-01-12,18:27:25,INFO,WebServer,Transaction tx369311 completed in 511ms,E104,Transaction {tx} completed in {time}ms
39037,2026-01-12,18:53:00,INFO,WebServer,Transaction tx834528 completed in 1470ms,E104,Transaction {tx} completed in {time}ms
39038,2026-01-12,18:47:31,INFO,AuthService,User u3073 login successful,E101,User {user} login successful
39039,2026-01-12,18:28:44,INFO,WebServer,User u3120 login successful,E101,User {user} login successful
39040,2026-01-12,18:21:49,INFO,OrderProcessor,Transaction tx684283 completed in 455ms,E104,Transaction {tx} completed in {time}ms
39041,2026-01-12,18:48:07,INFO,WebServer,Transaction tx620148 completed in 122ms,E104,Transaction {tx} completed in {time}ms
39042,2026-01-12,18:25:55,ERROR,WebServer,Payment declined: Gateway unavailable,E503,Payment declined: Gateway unavailable
39043,2026-01-12,18:26:21,INFO,WebServer,Health check passed: WebServer,E102,Health check passed: {service}
39044,2026-01-12,18:00:53,INFO,WebServer,Page view: /home by u2796,E103,Page view: {page} by {user}
39045,2026-01-12,18:48:00,INFO,WebServer,User u4771 login successful,E101,User {user} login successful
39046,2026-01-12,18:39:06,INFO,WebServer,Page view: /home by u2023,E103,Page view: {page} by {user}
39047,2026-01-12,18:47:53,INFO,PaymentGateway,Health check passed: PaymentGateway,E102,Health check passed: {service}
39048,2026-01-12,18:50:33,INFO,InventoryDB,Health check passed: InventoryDB,E102,Health check passed: {service}
39049,2026-01-12,18:05:12,INFO,WebServer,Health check passed: WebServer,E102,Health check passed: {service}
39050,2026-01-12,18:59:50,INFO,OrderProcessor,Health check passed: OrderProcessor,E102,Health check passed: {service}
39051,2026-01-12,18:56:18,INFO,WebServer,Transaction tx156062 completed in 704ms,E104,Transaction {tx} completed in {time}ms
39052,2026-01-12,18:28:28,INFO,InventoryDB,Page view: /home by u3159,E103,Page view: {page} by {user}
39053,2026-01-12,18:30:47,INFO,WebServer,Page view: /home by u2239,E103,Page view: {page} by {user}
39054,2026-01-12,18:09:40,INFO,WebServer,Transaction tx900817 completed in 1374ms,E104,Transaction {tx} completed in {time}ms
39055,2026-01-12,18:19:05,INFO,AuthService,Transaction tx285041 completed in 189ms,E104,Transaction {tx} completed in {time}ms
39056,2026-01-12,18:30:45,INFO,WebServer,Health check passed: WebServer,E102,Health check passed: {service}
39057,2026-01-12,18:47:46,WARN,WebServer,High latency (1285ms) detected on WebServer,E201,High latency ({time}ms) detected on {service}
39058,2026-01-12,18:31:34,WARN,PaymentGateway,Disk usage > 85% on node node-2,E202,Disk usage > 85% on node {node}
39059,2026-01-12,18:21:22,INFO,OrderProcessor,User u3830 login successful,E101,User {user} login successful
39060,2026-01-12,18:39:13,INFO,InventoryDB,User u1137 login successful,E101,User {user} login successful
39061,2026-01-12,18:37:13,INFO,WebServer,Page view: /home by u1498,E103,Page view: {page} by {user}
39062,2026-01-12,18:23:49,INFO,WebServer,Transaction tx506101 completed in 204ms,E104,Transaction {tx} completed in {time}ms
39063,2026-01-12,18:40:01,INFO,WebServer,Health check passed: WebServer,E102,Health check passed: {service}
39064,2026-01-12,18:30:37,INFO,PaymentGateway,Health check passed: PaymentGateway,E102,Health check passed: {service}
39065,2026-01-12,18:18:12,INFO,OrderProcessor,Page view: /home by u4415,E103,Page view: {page} by {user}
39066,2026-01-12,18:20:21,INFO,WebServer,User u3290 login successful,E101,User {user} login successful
39067,2026-01-12,18:49:41,INFO,WebServer,Page view: /home by u3133,E103,Page view: {page} by {user}
39068,2026-01-12,18:47:06,INFO,WebServer,Health check passed: WebServer,E102,Health check passed: {service}
39069,2026-01-12,18:43:53,INFO,OrderProcessor,User u3879 login successful,E101,User {user} login successful
39070,2026-01-12,18:11:17,INFO,WebServer,Transaction tx136197 completed in 644ms,E104,Transaction {tx} completed in {time}ms
39071,2026-01-12,18:59:18,INFO,AuthService,Page view: /home by u1773,E103,Page view: {page} by {user}
39072,2026-01-12,18:25:04,INFO,PaymentGateway,User u1349 login successful,E101,User {user} login successful
39073,2026-01-12,18:43:14,INFO,PaymentGateway,Page view: /home by u2747,E103,Page view: {page} by {user}
39074,2026-01-12,18:51:59,INFO,InventoryDB,Transaction tx132690 completed in 1865ms,E104,Transaction {tx} completed in {time}ms
39075,2026-01-12,18:28:00,INFO,WebServer,Transaction tx109217 completed in 1214ms,E104,Transaction {tx} completed in {time}ms
39076,2026-01-12,18:30:24,INFO,WebServer,Transaction tx843629 completed in 717ms,E104,Transaction {tx} completed in {time}ms
39077,2026-01-12,18:02:04,INFO,PaymentGateway,Health check passed: PaymentGateway,E102,Health check passed: {service}
39078,2026-01-12,18:01:25,INFO,WebServer,User u2024 login successful,E101,User {user} login successful
39079,2026-01-12,18:01:28,INFO,OrderProcessor,User u1935 login successful,E101,User {user} login successful
39080,2026-01-12,18:18:50,INFO,AuthService,Health check passed: AuthService,E102,Health check passed: {service}
39081,2026-01-12,18:56:12,INFO,AuthService,User u3383 login successful,E101,User {user} login successful
39082,2026-01-12,18:34:21,INFO,AuthService,Health check passed: AuthService,E102,Health check passed: {service}
39083,2026-01-12,18:15:12,INFO,WebServer,Page view: /home by u2201,E103,Page view: {page} by {user}
39084,2026-01-12,18:29:45,INFO,OrderProcessor,User u3547 login successful,E101,User {user} login successful
39085,2026-01-12,18:26:22,INFO,OrderProcessor,Page view: /home by u3336,E103,Page view: {page} by {user}
39086,2026-01-12,18:34:58,INFO,WebServer,Transaction tx972829 completed in 902ms,E104,Transaction {tx} completed in {time}ms
39087,2026-01-12,18:41:47,INFO,WebServer,Transaction tx442374 completed in 80ms,E104,Transaction {tx} completed in {time}ms
39088,2026-01-12,18:41:01,WARN,WebServer,Disk usage > 85% on node node-3,E202,Disk usage > 85% on node {node}
39089,2026-01-12,18:58:30,INFO,WebServer,Health check passed: WebServer,E102,Health check passed: {service}
39090,2026-01-12,18:01:24,INFO,WebServer,Health check passed: WebServer,E102,Health check passed: {service}
39091,2026-01-12,18:43:30,INFO,WebServer,Health check passed: WebServer,E102,Health check passed: {service}
39092,2026-01-12,18:15:25,INFO,WebServer,Health check passed: WebServer,E102,Health check passed: {service}
39093,2026-01-12,18:23:35,INFO,OrderProcessor,User u3248 login successful,E101,User {user} login successful
39094,2026-01-12,18:10:31,INFO,AuthService,Health check passed: AuthService,E102,Health check passed: {service}
39095,2026-01-12,18:20:13,INFO,PaymentGateway,User u2001 login successful,E101,User {user} login successful
39096,2026-01-12,18:00:39,INFO,AuthService,Transaction tx694237 completed in 1268ms,E104,Transaction {tx} completed in {time}ms
39097,2026-01-12,18:47:38,INFO,WebServer,Health check passed: WebServer,E102,Health check passed: {service}
39098,2026-01-12,18:22:12,INFO,OrderProcessor,User u4375 login successful,E101,User {user} login successful
39099,2026-01-12,18:50:44,INFO,PaymentGateway,Health check passed: PaymentGateway,E102,Health check passed: {service}
39100,2026-01-12,18:05:48,INFO,WebServer,User u1407 login successful,E101,User {user} login successful
39101,2026-01-12,18:09:41,INFO,WebServer,User u3930 login successful,E101,User {user} login successful
39102,2026-01-12,18:15:53,INFO,WebServer,Page view: /home by u2620,E103,Page view: {page} by {user}
39103,2026-01-12,18:09:05,INFO,PaymentGateway,Page view: /home by u4716,E103,Page view: {page} by {user}
39104,2026-01-12,18:01:23,INFO,OrderProcessor,Health check passed: OrderProcessor,E102,Health check passed: {service}
39105,2026-01-12,18:25:55,INFO,AuthService,Transaction tx561569 completed in 908ms,E104,Transaction {tx} completed in {time}ms
39106,2026-01-12,18:07:18,INFO,WebServer,Page view: /home by u1295,E103,Page view: {page} by {user}
39107,2026-01-12,18:20:20,INFO,AuthService,Health check passed: AuthService,E102,Health check passed: {service}
39108,2026-01-12,18:42:48,INFO,OrderProcessor,Transaction tx551121 completed in 506ms,E104,Transaction {tx} completed in {time}ms
39109,2026-01-12,18:21:56,INFO,PaymentGateway,Health check passed: PaymentGateway,E102,Health check passed: {service}
39110,2026-01-12,18:17:49,INFO,WebServer,Health check passed: WebServer,E102,Health check passed: {service}
39111,2026-01-12,18:23:42,INFO,OrderProcessor,Transaction tx962620 completed in 326ms,E104,Transaction {tx} completed in {time}ms
39112,2026-01-12,18:33:09,INFO,AuthService,Health check passed: AuthService,E102,Health check passed: {service}
39113,2026-01-12,18:08:28,INFO,OrderProcessor,Page view: /home by u4104,E103,Page view: {page} by {user}
39114,2026-01-12,18:36:24,INFO,WebServer,Health check passed: WebServer,E102,Health check passed: {service}
39115,2026-01-12,18:41:55,INFO,WebServer,User u4927 login successful,E101,User {user} login successful
39116,2026-01-12,18:38:00,INFO,OrderProcessor,User u4209 login successful,E101,User {user} login successful
39117,2026-01-12,18:19:29,INFO,PaymentGateway,Page view: /home by u4461,E103,Page view: {page} by {user}
39118,2026-01-12,18:03:35,INFO,OrderProcessor,Health check passed: OrderProcessor,E102,Health check passed: {service}
39119,2026-01-12,18:45:28,INFO,WebServer,Page view: /home by u1192,E103,Page view: {page} by {user}
39120,2026-01-12,18:07:19,WARN,PaymentGateway,Unauthorized access attempt from 10.0.0.45,E401,Unauthorized access attempt from {ip}
39121,2026-01-12,18:46:16,INFO,WebServer,Page view: /home by u2026,E103,Page view: {page} by {user}
39122,2026-01-12,18:21:43,INFO,AuthService,Health check passed: AuthService,E102,Health check passed: {service}
39123,2026-01-12,18:07:57,ERROR,WebServer,Payment declined: Gateway unavailable,E503,Payment declined: Gateway unavailable
39124,2026-01-12,18:29:50,INFO,AuthService,Page view: /home by u3876,E103,Page view: {page} by {user}
39125,2026-01-12,18:58:40,WARN,WebServer,Unauthorized access attempt from 10.0.0.45,E401,Unauthorized access attempt from {ip}
39126,2026-01-12,18:07:39,INFO,WebServer,Page view: /home by u2499,E103,Page view: {page} by {user}
39127,2026-01-12,18:39:49,INFO,AuthService,User u4947 login successful,E101,User {user} login successful
39128,2026-01-12,18:20:55,WARN,AuthService,High latency (411ms) detected on AuthService,E201,High latency ({time}ms) detected on {service}
39129,2026-01-12,18:41:48,INFO,OrderProcessor,Health check passed: OrderProcessor,E102,Health check passed: {service}
39130,2026-01-12,18:54:24,INFO,AuthService,Transaction tx874851 completed in 202ms,E104,Transaction {tx} completed in {time}ms
39131,2026-01-12,18:09:10,INFO,WebServer,Page view: /home by u1840,E103,Page view: {page} by {user}
39132,2026-01-12,18:24:48,WARN,WebServer,Unauthorized access attempt from 10.0.0.12,E401,Unauthorized access attempt from {ip}
39133,2026-01-12,18:48:37,INFO,AuthService,Health check passed: AuthService,E102,Health check passed: {service}
39134,2026-01-12,18:20:58,INFO,WebServer,Page view: /home by u3299,E103,Page view: {page} by {user}
39135,2026-01-12,18:07:48,INFO,PaymentGateway,Transaction tx779153 completed in 1703ms,E104,Transaction {tx} completed in {time}ms
39136,2026-01-12,18:11:51,INFO,WebServer,User u4668 login successful,E101,User {user} login successful
39137,2026-01-12,18:02:13,INFO,WebServer,User u3123 login successful,E101,User {user} login successful
39138,2026-01-12,18:09:06,INFO,WebServer,Transaction tx240317 completed in 885ms,E104,Transaction {tx} completed in {time}ms
39139,2026-01-12,18:33:14,WARN,PaymentGateway,High latency (1972ms) detected on PaymentGateway,E201,High latency ({time}ms) detected on {service}
39140,2026-01-12,18:01:41,INFO,AuthService,Page view: /home by u2467,E103,Page view: {page} by {user}
39141,2026-01-12,18:59:11,INFO,WebServer,User u4974 login successful,E101,User {user} login successful
39142,2026-01-12,18:32:08,INFO,AuthService,User u2433 login successful,E101,User {user} login successful
39143,2026-01-12,18:09:49,INFO,WebServer,Health check passed: WebServer,E102,Health check passed: {service}
39144,2026-01-12,18:37:40,INFO,WebServer,Transaction tx631234 completed in 137ms,E104,Transaction {tx} completed in {time}ms
39145,2026-01-12,18:04:36,CRITICAL,WebServer,KERNEL PANIC: Node node-1 crashed,E601,KERNEL PANIC: Node {node} crashed
39146,2026-01-12,18:19:17,INFO,WebServer,Transaction tx457188 completed in 1477ms,E104,Transaction {tx} completed in {time}ms
39147,2026-01-12,18:54:49,INFO,AuthService,Page view: /home by u2864,E103,Page view: {page} by {user}
39148,2026-01-12,18:46:16,WARN,WebServer,Unauthorized access attempt from 10.0.0.10,E401,Unauthorized access attempt from {ip}
39149,2026-01-12,18:38:27,INFO,WebServer,Page view: /home by u4229,E103,Page view: {page} by {user}
39150,2026-01-12,18:33:45,INFO,WebServer,Page view: /home by u2023,E103,Page view: {page} by {user}
39151,2026-01-12,18:41:43,WARN,WebServer,Disk usage > 85% on node node-2,E202,Disk usage > 85% on node {node}
39152,2026-01-12,18:40:19,INFO,WebServer,Transaction tx934806 completed in 1053ms,E104,Transaction {tx} completed in {time}ms
39153,2026-01-12,18:35:33,INFO,OrderProcessor,User u3676 login successful,E101,User {user} login successful
39154,2026-01-12,18:43:15,WARN,WebServer,Disk usage > 85% on node node-2,E202,Disk usage > 85% on node {node}
39155,2026-01-12,18:08:04,INFO,PaymentGateway,User u1492 login successful,E101,User {user} login successful
39156,2026-01-12,18:39:11,INFO,OrderProcessor,Transaction tx764048 completed in 1407ms,E104,Transaction {tx} completed in {time}ms
39157,2026-01-12,18:24:54,INFO,WebServer,Transaction tx486526 completed in 1510ms,E104,Transaction {tx} completed in {time}ms
39158,2026-01-12,18:25:29,INFO,AuthService,Page view: /home by u2431,E103,Page view: {page} by {user}
39159,2026-01-12,18:07:21,INFO,WebServer,Page view: /home by u4959,E103,Page view: {page} by {user}
39160,2026-01-12,18:46:26,INFO,WebServer,Page view: /home by u2681,E103,Page view: {page} by {user}
39161,2026-01-12,18:55:10,INFO,OrderProcessor,Health check passed: OrderProcessor,E102,Health check passed: {service}
39162,2026-01-12,18:52:07,INFO,WebServer,Page view: /home by u1568,E103,Page view: {page} by {user}
39163,2026-01-12,18:00:56,INFO,AuthService,User u4110 login successful,E101,User {user} login successful
39164,2026-01-12,18:53:27,INFO,AuthService,Transaction tx927662 completed in 1149ms,E104,Transaction {tx} completed in {time}ms
39165,2026-01-12,18:45:48,INFO,WebServer,Health check passed: WebServer,E102,Health check passed: {service}
39166,2026-01-12,18:02:49,INFO,PaymentGateway,Page view: /home by u1132,E103,Page view: {page} by {user}
39167,2026-01-12,18:17:41,INFO,PaymentGateway,Transaction tx142388 completed in 585ms,E104,Transaction {tx} completed in {time}ms
39168,2026-01-12,18:28:36,INFO,InventoryDB,User u4402 login successful,E101,User {user} login successful
39169,2026-01-12,18:03:05,INFO,AuthService,User u4354 login successful,E101,User {user} login successful
39170,2026-01-12,18:45:24,INFO,WebServer,User u4375 login successful,E101,User {user} login successful
39171,2026-01-12,18:48:33,INFO,WebServer,Page view: /home by u4772,E103,Page view: {page} by {user}
39172,2026-01-12,18:00:09,INFO,WebServer,Transaction tx421812 completed in 1536ms,E104,Transaction {tx} completed in {time}ms
39173,2026-01-12,18:07:21,INFO,OrderProcessor,User u4557 login successful,E101,User {user} login successful
39174,2026-01-12,18:03:53,WARN,WebServer,Unauthorized access attempt from 10.0.0.45,E401,Unauthorized access attempt from {ip}
39175,2026-01-12,18:27:27,INFO,PaymentGateway,User u4433 login successful,E101,User {user} login successful
39176,2026-01-12,18:27:28,INFO,WebServer,Transaction tx401904 completed in 415ms,E104,Transaction {tx} completed in {time}ms
39177,2026-01-12,18:56:44,INFO,WebServer,Page view: /home by u1967,E103,Page view: {page} by {user}
39178,2026-01-12,18:52:49,ERROR,WebServer,Payment declined: Gateway unavailable,E503,Payment declined: Gateway unavailable
39179,2026-01-12,18:29:12,INFO,AuthService,User u3505 login successful,E101,User {user} login successful
39180,2026-01-12,18:58:09,INFO,WebServer,Health check passed: WebServer,E102,Health check passed: {service}
39181,2026-01-12,18:23:32,INFO,WebServer,User u4312 login successful,E101,User {user} login successful
39182,2026-01-12,18:31:36,INFO,WebServer,Page view: /home by u3129,E103,Page view: {page} by {user}
39183,2026-01-12,18:18:18,INFO,WebServer,Transaction tx565784 completed in 1804ms,E104,Transaction {tx} completed in {time}ms
39184,2026-01-12,18:20:52,INFO,AuthService,Page view: /home by u3497,E103,Page view: {page} by {user}
39185,2026-01-12,18:22:53,INFO,OrderProcessor,Health check passed: OrderProcessor,E102,Health check passed: {service}
39186,2026-01-12,18:31:36,INFO,PaymentGateway,Page view: /home by u2261,E103,Page view: {page} by {user}
39187,2026-01-12,18:41:57,INFO,OrderProcessor,Transaction tx598228 completed in 421ms,E104,Transaction {tx} completed in {time}ms
39188,2026-01-12,18:08:38,INFO,WebServer,User u4249 login successful,E101,User {user} login successful
39189,2026-01-12,18:26:19,INFO,WebServer,Page view: /home by u4114,E103,Page view: {page} by {user}
39190,2026-01-12,18:39:03,INFO,PaymentGateway,User u3476 login successful,E101,User {user} login successful
39191,2026-01-12,18:58:15,INFO,WebServer,Page view: /home by u1906,E103,Page view: {page} by {user}
39192,2026-01-12,18:06:41,INFO,WebServer,Health check passed: WebServer,E102,Health check passed: {service}
39193,2026-01-12,18:47:31,INFO,PaymentGateway,Page view: /home by u4350,E103,Page view: {page} by {user}
39194,2026-01-12,18:59:22,INFO,WebServer,Health check passed: WebServer,E102,Health check passed: {service}
39195,2026-01-12,18:18:51,INFO,AuthService,Transaction tx374529 completed in 755ms,E104,Transaction {tx} completed in {time}ms
39196,2026-01-12,18:54:26,INFO,AuthService,Health check passed: AuthService,E102,Health check passed: {service}
39197,2026-01-12,18:03:02,INFO,AuthService,User u3803 login successful,E101,User {user} login successful
39198,2026-01-12,18:34:50,INFO,AuthService,Health check passed: AuthService,E102,Health check passed: {service}
39199,2026-01-12,18:01:33,INFO,InventoryDB,User u2316 login successful,E101,User {user} login successful
39200,2026-01-12,18:21:03,INFO,WebServer,Transaction tx241669 completed in 850ms,E104,Transaction {tx} completed in {time}ms
39201,2026-01-12,18:41:41,INFO,OrderProcessor,Transaction tx695078 completed in 862ms,E104,Transaction {tx} completed in {time}ms
39202,2026-01-12,18:40:44,INFO,OrderProcessor,Page view: /home by u4714,E103,Page view: {page} by {user}
39203,2026-01-12,18:09:19,ERROR,OrderProcessor,Timeout waiting for lock on InventoryDB,E502,Timeout waiting for lock on {db}
39204,2026-01-12,18:50:50,INFO,PaymentGateway,Health check passed: PaymentGateway,E102,Health check passed: {service}
39205,2026-01-12,18:05:22,INFO,OrderProcessor,Health check passed: OrderProcessor,E102,Health check passed: {service}
39206,2026-01-12,18:53:17,WARN,WebServer,Disk usage > 85% on node node-1,E202,Disk usage > 85% on node {node}
39207,2026-01-12,18:10:01,INFO,AuthService,Page view: /home by u1415,E103,Page view: {page} by {user}
39208,2026-01-12,18:02:58,INFO,AuthService,Page view: /home by u3764,E103,Page view: {page} by {user}
39209,2026-01-12,18:06:58,INFO,WebServer,Transaction tx781580 completed in 1520ms,E104,Transaction {tx} completed in {time}ms
39210,2026-01-12,18:09:19,INFO,WebServer,Health check passed: WebServer,E102,Health check passed: {service}
39211,2026-01-12,18:40:13,INFO,WebServer,User u2110 login successful,E101,User {user} login successful
39212,2026-01-12,18:21:56,INFO,WebServer,Page view: /home by u1997,E103,Page view: {page} by {user}
39213,2026-01-12,18:19:44,INFO,AuthService,Transaction tx483334 completed in 454ms,E104,Transaction {tx} completed in {time}ms
39214,2026-01-12,18:34:42,INFO,InventoryDB,Page view: /home by u2919,E103,Page view: {page} by {user}
39215,2026-01-12,18:53:13,INFO,WebServer,Health check passed: WebServer,E102,Health check passed: {service}
39216,2026-01-12,18:23:49,INFO,WebServer,User u1659 login successful,E101,User {user} login successful
39217,2026-01-12,18:23:41,INFO,OrderProcessor,Transaction tx128581 completed in 1029ms,E104,Transaction {tx} completed in {time}ms
39218,2026-01-12,18:00:07,INFO,WebServer,User u3702 login successful,E101,User {user} login successful
39219,2026-01-12,18:49:41,INFO,WebServer,Health check passed: WebServer,E102,Health check passed: {service}
39220,2026-01-12,18:04:18,INFO,WebServer,Transaction tx331154 completed in 1749ms,E104,Transaction {tx} completed in {time}ms
39221,2026-01-12,18:43:42,INFO,AuthService,User u4607 login successful,E101,User {user} login successful
39222,2026-01-12,18:42:02,INFO,OrderProcessor,Transaction tx491974 completed in 1543ms,E104,Transaction {tx} completed in {time}ms
39223,2026-01-12,18:34:21,INFO,WebServer,Transaction tx177835 completed in 1050ms,E104,Transaction {tx} completed in {time}ms
39224,2026-01-12,18:26:23,INFO,WebServer,Health check passed: WebServer,E102,Health check passed: {service}
39225,2026-01-12,18:05:42,INFO,WebServer,Transaction tx441817 completed in 558ms,E104,Transaction {tx} completed in {time}ms
39226,2026-01-12,18:34:51,INFO,WebServer,Page view: /home by u3296,E103,Page view: {page} by {user}
39227,2026-01-12,18:56:00,INFO,WebServer,Transaction tx956603 completed in 1773ms,E104,Transaction {tx} completed in {time}ms
39228,2026-01-12,18:35:39,INFO,AuthService,Page view: /home by u3163,E103,Page view: {page} by {user}
39229,2026-01-12,18:07:57,INFO,PaymentGateway,Health check passed: PaymentGateway,E102,Health check passed: {service}
39230,2026-01-12,18:40:49,INFO,InventoryDB,Page view: /home by u1438,E103,Page view: {page} by {user}
39231,2026-01-12,18:31:20,INFO,WebServer,Page view: /home by u4655,E103,Page view: {page} by {user}
39232,2026-01-12,18:16:38,INFO,InventoryDB,Health check passed: InventoryDB,E102,Health check passed: {service}
39233,2026-01-12,18:45:13,INFO,AuthService,Transaction tx934528 completed in 1807ms,E104,Transaction {tx} completed in {time}ms
39234,2026-01-12,18:06:48,INFO,OrderProcessor,Page view: /home by u1849,E103,Page view: {page} by {user}
39235,2026-01-12,18:47:03,INFO,InventoryDB,Health check passed: InventoryDB,E102,Health check passed: {service}
39236,2026-01-12,18:25:49,INFO,WebServer,User u4966 login successful,E101,User {user} login successful
39237,2026-01-12,18:49:29,INFO,PaymentGateway,User u4138 login successful,E101,User {user} login successful
39238,2026-01-12,18:30:33,INFO,AuthService,Page view: /home by u1717,E103,Page view: {page} by {user}
39239,2026-01-12,18:43:56,WARN,WebServer,Unauthorized access attempt from 10.0.0.12,E401,Unauthorized access attempt from {ip}
39240,2026-01-12,18:02:23,INFO,WebServer,Transaction tx558136 completed in 115ms,E104,Transaction {tx} completed in {time}ms
39241,2026-01-12,18:55:44,INFO,OrderProcessor,Health check passed: OrderProcessor,E102,Health check passed: {service}
39242,2026-01-12,18:50:10,INFO,AuthService,Transaction tx489944 completed in 1635ms,E104,Transaction {tx} completed in {time}ms
39243,2026-01-12,18:41:54,INFO,WebServer,User u3365 login successful,E101,User {user} login successful
39244,2026-01-12,18:24:29,INFO,WebServer,Page view: /home by u2891,E103,Page view: {page} by {user}
39245,2026-01-12,18:41:19,ERROR,PaymentGateway,Payment declined: Gateway unavailable,E503,Payment declined: Gateway unavailable
39246,2026-01-12,18:12:07,INFO,WebServer,Transaction tx314576 completed in 1929ms,E104,Transaction {tx} completed in {time}ms
39247,2026-01-12,18:31:04,INFO,PaymentGateway,Page view: /home by u1532,E103,Page view: {page} by {user}
39248,2026-01-12,18:04:10,INFO,OrderProcessor,Transaction tx357566 completed in 1736ms,E104,Transaction {tx} completed in {time}ms
39249,2026-01-12,18:43:52,INFO,OrderProcessor,Page view: /home by u3043,E103,Page view: {page} by {user}
39250,2026-01-12,18:22:43,INFO,WebServer,Transaction tx251652 completed in 1184ms,E104,Transaction {tx} completed in {time}ms
39251,2026-01-12,18:07:50,INFO,WebServer,Transaction tx723710 completed in 892ms,E104,Transaction {tx} completed in {time}ms
39252,2026-01-12,18:54:35,INFO,AuthService,Health check passed: AuthService,E102,Health check passed: {service}
39253,2026-01-12,18:21:25,INFO,WebServer,Page view: /home by u4483,E103,Page view: {page} by {user}
39254,2026-01-12,18:09:35,INFO,WebServer,Health check passed: WebServer,E102,Health check passed: {service}
39255,2026-01-12,18:50:16,INFO,PaymentGateway,Transaction tx240058 completed in 1786ms,E104,Transaction {tx} completed in {time}ms
39256,2026-01-12,18:46:29,INFO,InventoryDB,Page view: /home by u3195,E103,Page view: {page} by {user}
39257,2026-01-12,18:23:56,INFO,WebServer,User u1487 login successful,E101,User {user} login successful
39258,2026-01-12,18:34:12,INFO,AuthService,User u3020 login successful,E101,User {user} login successful
39259,2026-01-12,18:47:38,INFO,AuthService,Page view: /home by u1902,E103,Page view: {page} by {user}
39260,2026-01-12,18:32:05,INFO,WebServer,Health check passed: WebServer,E102,Health check passed: {service}
39261,2026-01-12,18:18:07,INFO,OrderProcessor,Page view: /home by u1078,E103,Page view: {page} by {user}
39262,2026-01-12,18:53:01,INFO,WebServer,User u4154 login successful,E101,User {user} login successful
39263,2026-01-12,18:49:51,INFO,OrderProcessor,Transaction tx246395 completed in 1239ms,E104,Transaction {tx} completed in {time}ms
39264,2026-01-12,18:29:25,INFO,WebServer,User u1204 login successful,E101,User {user} login successful
39265,2026-01-12,18:34:27,INFO,WebServer,Transaction tx581896 completed in 1395ms,E104,Transaction {tx} completed in {time}ms
39266,2026-01-12,18:59:45,INFO,WebServer,User u3754 login successful,E101,User {user} login successful
39267,2026-01-12,18:35:15,INFO,WebServer,User u1035 login successful,E101,User {user} login successful
39268,2026-01-12,18:24:47,INFO,AuthService,Health check passed: AuthService,E102,Health check passed: {service}
39269,2026-01-12,18:15:24,INFO,WebServer,Health check passed: WebServer,E102,Health check passed: {service}
39270,2026-01-12,18:49:53,INFO,AuthService,Page view: /home by u4996,E103,Page view: {page} by {user}
39271,2026-01-12,18:51:21,ERROR,WebServer,Payment declined: Gateway unavailable,E503,Payment declined: Gateway unavailable
39272,2026-01-12,18:33:53,INFO,OrderProcessor,User u3188 login successful,E101,User {user} login successful
39273,2026-01-12,18:11:05,INFO,AuthService,User u2535 login successful,E101,User {user} login successful
39274,2026-01-12,18:28:47,INFO,WebServer,Page view: /home by u2774,E103,Page view: {page} by {user}
39275,2026-01-12,18:51:34,INFO,AuthService,Transaction tx450144 completed in 1778ms,E104,Transaction {tx} completed in {time}ms
39276,2026-01-12,18:55:49,INFO,PaymentGateway,User u3636 login successful,E101,User {user} login successful
39277,2026-01-12,18:07:16,INFO,PaymentGateway,User u3753 login successful,E101,User {user} login successful
39278,2026-01-12,18:05:49,INFO,WebServer,Transaction tx412491 completed in 1789ms,E104,Transaction {tx} completed in {time}ms
39279,2026-01-12,18:49:47,INFO,PaymentGateway,Health check passed: PaymentGateway,E102,Health check passed: {service}
39280,2026-01-12,18:43:43,INFO,WebServer,User u2516 login successful,E101,User {user} login successful
39281,2026-01-12,18:11:43,WARN,WebServer,Disk usage > 85% on node node-4,E202,Disk usage > 85% on node {node}
39282,2026-01-12,18:43:57,INFO,PaymentGateway,Page view: /home by u4608,E103,Page view: {page} by {user}
39283,2026-01-12,18:51:42,INFO,OrderProcessor,Health check passed: OrderProcessor,E102,Health check passed: {service}
39284,2026-01-12,18:45:16,INFO,WebServer,Health check passed: WebServer,E102,Health check passed: {service}
39285,2026-01-12,18:43:33,ERROR,AuthService,Payment declined: Gateway unavailable,E503,Payment declined: Gateway unavailable
39286,2026-01-12,18:40:54,INFO,OrderProcessor,Page view: /home by u4832,E103,Page view: {page} by {user}
39287,2026-01-12,18:05:08,INFO,PaymentGateway,Transaction tx762476 completed in 1905ms,E104,Transaction {tx} completed in {time}ms
39288,2026-01-12,18:18:07,INFO,WebServer,Page view: /home by u3890,E103,Page view: {page} by {user}
39289,2026-01-12,18:53:30,INFO,WebServer,Page view: /home by u1765,E103,Page view: {page} by {user}
39290,2026-01-12,18:23:47,INFO,PaymentGateway,Page view: /home by u2731,E103,Page view: {page} by {user}
39291,2026-01-12,18:50:06,INFO,WebServer,Transaction tx959090 completed in 871ms,E104,Transaction {tx} completed in {time}ms
39292,2026-01-12,18:54:31,INFO,WebServer,Health check passed: WebServer,E102,Health check passed: {service}
39293,2026-01-12,18:01:09,INFO,WebServer,Transaction tx987539 completed in 130ms,E104,Transaction {tx} completed in {time}ms
39294,2026-01-12,18:11:05,INFO,WebServer,Transaction tx188245 completed in 1771ms,E104,Transaction {tx} completed in {time}ms
39295,2026-01-12,18:01:35,INFO,WebServer,Page view: /home by u3095,E103,Page view: {page} by {user}
39296,2026-01-12,18:45:34,INFO,PaymentGateway,Health check passed: PaymentGateway,E102,Health check passed: {service}
39297,2026-01-12,18:07:44,INFO,OrderProcessor,Health check passed: OrderProcessor,E102,Health check passed: {service}
39298,2026-01-12,18:02:32,INFO,WebServer,Health check passed: WebServer,E102,Health check passed: {service}
39299,2026-01-12,18:15:59,INFO,AuthService,Page view: /home by u4985,E103,Page view: {page} by {user}
39300,2026-01-12,18:50:44,INFO,OrderProcessor,User u3400 login successful,E101,User {user} login successful
39301,2026-01-12,18:27:30,INFO,PaymentGateway,Health check passed: PaymentGateway,E102,Health check passed: {service}
39302,2026-01-12,18:25:40,INFO,WebServer,User u1656 login successful,E101,User {user} login successful
39303,2026-01-12,18:57:04,INFO,WebServer,Health check passed: WebServer,E102,Health check passed: {service}
39304,2026-01-12,18:39:36,INFO,WebServer,Health check passed: WebServer,E102,Health check passed: {service}
39305,2026-01-12,18:19:24,INFO,WebServer,Health check passed: WebServer,E102,Health check passed: {service}
39306,2026-01-12,18:07:20,INFO,WebServer,Transaction tx685832 completed in 124ms,E104,Transaction {tx} completed in {time}ms
39307,2026-01-12,18:34:58,INFO,OrderProcessor,Page view: /home by u2367,E103,Page view: {page} by {user}
39308,2026-01-12,18:55:57,INFO,WebServer,User u1342 login successful,E101,User {user} login successful
39309,2026-01-12,18:45:44,INFO,PaymentGateway,Transaction tx837094 completed in 725ms,E104,Transaction {tx} completed in {time}ms
39310,2026-01-12,18:20:40,INFO,PaymentGateway,Health check passed: PaymentGateway,E102,Health check passed: {service}
39311,2026-01-12,18:07:17,INFO,WebServer,Transaction tx654747 completed in 201ms,E104,Transaction {tx} completed in {time}ms
39312,2026-01-12,18:11:25,INFO,PaymentGateway,Transaction tx495276 completed in 1693ms,E104,Transaction {tx} completed in {time}ms
39313,2026-01-12,18:38:20,INFO,WebServer,User u4040 login successful,E101,User {user} login successful
39314,2026-01-12,18:46:12,INFO,WebServer,Health check passed: WebServer,E102,Health check passed: {service}
39315,2026-01-12,18:19:49,INFO,OrderProcessor,Transaction tx713582 completed in 565ms,E104,Transaction {tx} completed in {time}ms
39316,2026-01-12,18:29:57,INFO,WebServer,User u2801 login successful,E101,User {user} login successful
39317,2026-01-12,18:03:15,INFO,PaymentGateway,User u3633 login successful,E101,User {user} login successful
39318,2026-01-12,18:54:19,INFO,AuthService,Transaction tx481621 completed in 112ms,E104,Transaction {tx} completed in {time}ms
39319,2026-01-12,18:44:24,INFO,AuthService,Transaction tx552337 completed in 1538ms,E104,Transaction {tx} completed in {time}ms
39320,2026-01-12,18:39:13,INFO,OrderProcessor,Transaction tx197053 completed in 1758ms,E104,Transaction {tx} completed in {time}ms
39321,2026-01-12,18:18:15,INFO,WebServer,Transaction tx174716 completed in 368ms,E104,Transaction {tx} completed in {time}ms
39322,2026-01-12,18:51:17,INFO,AuthService,Transaction tx382837 completed in 1296ms,E104,Transaction {tx} completed in {time}ms
39323,2026-01-12,18:15:52,INFO,AuthService,Page view: /home by u3266,E103,Page view: {page} by {user}
39324,2026-01-12,18:57:49,INFO,AuthService,Health check passed: AuthService,E102,Health check passed: {service}
39325,2026-01-12,18:11:42,INFO,WebServer,Health check passed: WebServer,E102,Health check passed: {service}
39326,2026-01-12,18:40:49,INFO,PaymentGateway,Page view: /home by u3747,E103,Page view: {page} by {user}
39327,2026-01-12,18:36:07,INFO,OrderProcessor,User u3349 login successful,E101,User {user} login successful
39328,2026-01-12,18:26:24,INFO,WebServer,Health check passed: WebServer,E102,Health check passed: {service}
39329,2026-01-12,18:58:37,INFO,WebServer,User u4635 login successful,E101,User {user} login successful
39330,2026-01-12,18:06:25,INFO,AuthService,User u2930 login successful,E101,User {user} login successful
39331,2026-01-12,18:46:51,INFO,AuthService,User u3739 login successful,E101,User {user} login successful
39332,2026-01-12,18:23:21,INFO,AuthService,Health check passed: AuthService,E102,Health check passed: {service}
39333,2026-01-12,18:50:15,INFO,AuthService,Page view: /home by u1726,E103,Page view: {page} by {user}
39334,2026-01-12,18:00:52,INFO,WebServer,Page view: /home by u4823,E103,Page view: {page} by {user}
39335,2026-01-12,18:09:41,INFO,OrderProcessor,Transaction tx572616 completed in 146ms,E104,Transaction {tx} completed in {time}ms
39336,2026-01-12,18:59:04,INFO,WebServer,Transaction tx567431 completed in 801ms,E104,Transaction {tx} completed in {time}ms
39337,2026-01-12,18:58:30,INFO,OrderProcessor,Page view: /home by u4128,E103,Page view: {page} by {user}
39338,2026-01-12,18:36:31,INFO,OrderProcessor,User u1808 login successful,E101,User {user} login successful
39339,2026-01-12,18:47:47,INFO,WebServer,Page view: /home by u4649,E103,Page view: {page} by {user}
39340,2026-01-12,18:30:37,INFO,AuthService,Health check passed: AuthService,E102,Health check passed: {service}
39341,2026-01-12,18:56:02,INFO,AuthService,User u3161 login successful,E101,User {user} login successful
39342,2026-01-12,18:53:10,INFO,WebServer,Transaction tx440359 completed in 514ms,E104,Transaction {tx} completed in {time}ms
39343,2026-01-12,18:45:54,INFO,WebServer,Page view: /home by u2644,E103,Page view: {page} by {user}
39344,2026-01-12,18:17:47,INFO,WebServer,Page view: /home by u3337,E103,Page view: {page} by {user}
39345,2026-01-12,18:01:36,INFO,WebServer,Page view: /home by u2877,E103,Page view: {page} by {user}
39346,2026-01-12,18:21:27,INFO,WebServer,Health check passed: WebServer,E102,Health check passed: {service}
39347,2026-01-12,18:52:21,INFO,WebServer,User u4124 login successful,E101,User {user} login successful
39348,2026-01-12,18:49:49,INFO,PaymentGateway,Transaction tx786466 completed in 758ms,E104,Transaction {tx} completed in {time}ms
39349,2026-01-12,18:40:00,INFO,WebServer,Health check passed: WebServer,E102,Health check passed: {service}
39350,2026-01-12,18:05:43,INFO,WebServer,User u2869 login successful,E101,User {user} login successful
39351,2026-01-12,18:53:48,INFO,WebServer,User u3453 login successful,E101,User {user} login successful
39352,2026-01-12,18:52:53,INFO,WebServer,Page view: /home by u3814,E103,Page view: {page} by {user}
39353,2026-01-12,18:52:46,INFO,WebServer,User u2132 login successful,E101,User {user} login successful
39354,2026-01-12,18:34:46,INFO,InventoryDB,User u3585 login successful,E101,User {user} login successful
39355,2026-01-12,18:46:33,INFO,OrderProcessor,Health check passed: OrderProcessor,E102,Health check passed: {service}
39356,2026-01-12,18:25:55,INFO,InventoryDB,Transaction tx948980 completed in 349ms,E104,Transaction {tx} completed in {time}ms
39357,2026-01-12,18:17:40,INFO,WebServer,User u3077 login successful,E101,User {user} login successful
39358,2026-01-12,18:15:55,INFO,OrderProcessor,User u1888 login successful,E101,User {user} login successful
39359,2026-01-12,18:06:08,INFO,PaymentGateway,User u2963 login successful,E101,User {user} login successful
39360,2026-01-12,18:28:32,INFO,PaymentGateway,Health check passed: PaymentGateway,E102,Health check passed: {service}
39361,2026-01-12,18:27:36,INFO,AuthService,User u4179 login successful,E101,User {user} login successful
39362,2026-01-12,18:09:22,INFO,WebServer,Page view: /home by u4375,E103,Page view: {page} by {user}
39363,2026-01-12,18:17:27,INFO,InventoryDB,Transaction tx526040 completed in 1060ms,E104,Transaction {tx} completed in {time}ms
39364,2026-01-12,18:34:35,INFO,OrderProcessor,User u2363 login successful,E101,User {user} login successful
39365,2026-01-12,18:19:57,INFO,WebServer,Page view: /home by u2920,E103,Page view: {page} by {user}
39366,2026-01-12,18:14:21,INFO,WebServer,Page view: /home by u2166,E103,Page view: {page} by {user}
39367,2026-01-12,18:25:28,INFO,WebServer,Page view: /home by u3137,E103,Page view: {page} by {user}
39368,2026-01-12,18:06:44,INFO,AuthService,Page view: /home by u2037,E103,Page view: {page} by {user}
39369,2026-01-12,18:52:35,INFO,OrderProcessor,Health check passed: OrderProcessor,E102,Health check passed: {service}
39370,2026-01-12,18:46:33,INFO,InventoryDB,Transaction tx393336 completed in 1173ms,E104,Transaction {tx} completed in {time}ms
39371,2026-01-12,18:36:10,INFO,WebServer,User u1610 login successful,E101,User {user} login successful
39372,2026-01-12,18:02:13,INFO,WebServer,Health check passed: WebServer,E102,Health check passed: {service}
39373,2026-01-12,18:21:52,INFO,OrderProcessor,User u3154 login successful,E101,User {user} login successful
39374,2026-01-12,18:38:42,INFO,AuthService,Transaction tx577462 completed in 1693ms,E104,Transaction {tx} completed in {time}ms
39375,2026-01-12,18:44:24,INFO,WebServer,Page view: /home by u3472,E103,Page view: {page} by {user}
39376,2026-01-12,18:55:42,INFO,AuthService,User u1501 login successful,E101,User {user} login successful
39377,2026-01-12,18:10:33,INFO,PaymentGateway,Page view: /home by u1739,E103,Page view: {page} by {user}
39378,2026-01-12,18:02:31,INFO,WebServer,Page view: /home by u2514,E103,Page view: {page} by {user}
39379,2026-01-12,18:36:06,INFO,WebServer,User u4791 login successful,E101,User {user} login successful
39380,2026-01-12,18:01:24,INFO,WebServer,Transaction tx582756 completed in 1708ms,E104,Transaction {tx} completed in {time}ms
39381,2026-01-12,18:40:08,INFO,WebServer,Health check passed: WebServer,E102,Health check passed: {service}
39382,2026-01-12,18:40:44,INFO,AuthService,Health check passed: AuthService,E102,Health check passed: {service}
39383,2026-01-12,18:14:05,INFO,InventoryDB,Health check passed: InventoryDB,E102,Health check passed: {service}
39384,2026-01-12,18:20:25,INFO,WebServer,Page view: /home by u1025,E103,Page view: {page} by {user}
39385,2026-01-12,18:26:27,INFO,WebServer,Page view: /home by u1456,E103,Page view: {page} by {user}
39386,2026-01-12,18:45:57,INFO,WebServer,Transaction tx832875 completed in 1288ms,E104,Transaction {tx} completed in {time}ms
39387,2026-01-12,18:03:43,INFO,WebServer,Page view: /home by u4964,E103,Page view: {page} by {user}
39388,2026-01-12,18:54:40,INFO,WebServer,Page view: /home by u1110,E103,Page view: {page} by {user}
39389,2026-01-12,18:55:33,INFO,WebServer,User u3059 login successful,E101,User {user} login successful
39390,2026-01-12,18:45:57,WARN,WebServer,Unauthorized access attempt from 10.0.0.12,E401,Unauthorized access attempt from {ip}
39391,2026-01-12,18:58:52,INFO,WebServer,Transaction tx299251 completed in 1148ms,E104,Transaction {tx} completed in {time}ms
39392,2026-01-12,18:55:13,INFO,WebServer,Page view: /home by u2234,E103,Page view: {page} by {user}
39393,2026-01-12,18:30:50,INFO,WebServer,Transaction tx550085 completed in 471ms,E104,Transaction {tx} completed in {time}ms
39394,2026-01-12,18:28:26,INFO,WebServer,Page view: /home by u1449,E103,Page view: {page} by {user}
39395,2026-01-12,18:09:10,INFO,WebServer,Health check passed: WebServer,E102,Health check passed: {service}
39396,2026-01-12,18:48:12,INFO,WebServer,Page view: /home by u3833,E103,Page view: {page} by {user}
39397,2026-01-12,18:22:24,INFO,WebServer,Page view: /home by u2566,E103,Page view: {page} by {user}
39398,2026-01-12,18:07:19,INFO,WebServer,Health check passed: WebServer,E102,Health check passed: {service}
39399,2026-01-12,18:55:36,INFO,OrderProcessor,Page view: /home by u3219,E103,Page view: {page} by {user}
39400,2026-01-12,18:16:13,INFO,OrderProcessor,Transaction tx103918 completed in 1277ms,E104,Transaction {tx} completed in {time}ms
39401,2026-01-12,18:34:20,INFO,WebServer,Transaction tx458423 completed in 24ms,E104,Transaction {tx} completed in {time}ms
39402,2026-01-12,18:00:08,INFO,WebServer,Health check passed: WebServer,E102,Health check passed: {service}
39403,2026-01-12,18:02:23,INFO,WebServer,Health check passed: WebServer,E102,Health check passed: {service}
39404,2026-01-12,18:13:59,INFO,WebServer,User u1238 login successful,E101,User {user} login successful
39405,2026-01-12,18:08:45,INFO,WebServer,Transaction tx982147 completed in 952ms,E104,Transaction {tx} completed in {time}ms
39406,2026-01-12,18:05:32,INFO,PaymentGateway,User u2767 login successful,E101,User {user} login successful
39407,2026-01-12,18:14:49,INFO,WebServer,User u3833 login successful,E101,User {user} login successful
39408,2026-01-12,18:51:19,INFO,WebServer,Page view: /home by u3389,E103,Page view: {page} by {user}
39409,2026-01-12,18:50:35,INFO,OrderProcessor,Transaction tx447833 completed in 1762ms,E104,Transaction {tx} completed in {time}ms
39410,2026-01-12,18:04:42,INFO,WebServer,Health check passed: WebServer,E102,Health check passed: {service}
39411,2026-01-12,18:22:38,INFO,AuthService,Transaction tx241012 completed in 1702ms,E104,Transaction {tx} completed in {time}ms
39412,2026-01-12,18:49:55,INFO,OrderProcessor,User u4438 login successful,E101,User {user} login successful
39413,2026-01-12,18:11:40,INFO,PaymentGateway,User u4380 login successful,E101,User {user} login successful
39414,2026-01-12,18:09:20,INFO,AuthService,Transaction tx863157 completed in 1653ms,E104,Transaction {tx} completed in {time}ms
39415,2026-01-12,18:22:44,WARN,OrderProcessor,Unauthorized access attempt from 10.0.0.45,E401,Unauthorized access attempt from {ip}
39416,2026-01-12,18:10:21,WARN,PaymentGateway,Disk usage > 85% on node node-2,E202,Disk usage > 85% on node {node}
39417,2026-01-12,18:46:25,INFO,WebServer,User u3877 login successful,E101,User {user} login successful
39418,2026-01-12,18:16:43,ERROR,OrderProcessor,Timeout waiting for lock on InventoryDB,E502,Timeout waiting for lock on {db}
39419,2026-01-12,18:13:35,INFO,AuthService,Health check passed: AuthService,E102,Health check passed: {service}
39420,2026-01-12,18:27:42,INFO,PaymentGateway,Transaction tx426572 completed in 1405ms,E104,Transaction {tx} completed in {time}ms
39421,2026-01-12,18:10:13,INFO,WebServer,Health check passed: WebServer,E102,Health check passed: {service}
39422,2026-01-12,18:55:40,INFO,WebServer,Transaction tx806145 completed in 1693ms,E104,Transaction {tx} completed in {time}ms
39423,2026-01-12,18:30:51,INFO,OrderProcessor,Page view: /home by u2936,E103,Page view: {page} by {user}
39424,2026-01-12,18:59:49,INFO,InventoryDB,Page view: /home by u4730,E103,Page view: {page} by {user}
39425,2026-01-12,18:36:24,INFO,OrderProcessor,Transaction tx219351 completed in 1330ms,E104,Transaction {tx} completed in {time}ms
39426,2026-01-12,18:47:24,INFO,WebServer,Transaction tx801300 completed in 436ms,E104,Transaction {tx} completed in {time}ms
39427,2026-01-12,18:21:03,INFO,WebServer,Health check passed: WebServer,E102,Health check passed: {service}
39428,2026-01-12,18:48:09,INFO,WebServer,Transaction tx195698 completed in 718ms,E104,Transaction {tx} completed in {time}ms
39429,2026-01-12,18:55:22,WARN,WebServer,High latency (1557ms) detected on WebServer,E201,High latency ({time}ms) detected on {service}
39430,2026-01-12,18:56:08,INFO,WebServer,Page view: /home by u4941,E103,Page view: {page} by {user}
39431,2026-01-12,18:40:27,INFO,WebServer,Transaction tx564172 completed in 1511ms,E104,Transaction {tx} completed in {time}ms
39432,2026-01-12,18:31:08,INFO,WebServer,User u2840 login successful,E101,User {user} login successful
39433,2026-01-12,18:57:41,INFO,AuthService,Page view: /home by u2236,E103,Page view: {page} by {user}
39434,2026-01-12,18:13:16,INFO,WebServer,Transaction tx186624 completed in 84ms,E104,Transaction {tx} completed in {time}ms
39435,2026-01-12,18:39:23,INFO,WebServer,Page view: /home by u3236,E103,Page view: {page} by {user}
39436,2026-01-12,18:13:26,INFO,InventoryDB,Page view: /home by u2271,E103,Page view: {page} by {user}
39437,2026-01-12,18:04:42,INFO,OrderProcessor,Health check passed: OrderProcessor,E102,Health check passed: {service}
39438,2026-01-12,18:41:34,INFO,AuthService,Health check passed: AuthService,E102,Health check passed: {service}
39439,2026-01-12,18:10:51,INFO,WebServer,Health check passed: WebServer,E102,Health check passed: {service}
39440,2026-01-12,18:41:04,INFO,AuthService,User u4036 login successful,E101,User {user} login successful
39441,2026-01-12,18:02:09,INFO,OrderProcessor,User u1575 login successful,E101,User {user} login successful
39442,2026-01-12,18:14:00,INFO,WebServer,Page view: /home by u4667,E103,Page view: {page} by {user}
39443,2026-01-12,18:01:16,INFO,AuthService,Transaction tx310247 completed in 1402ms,E104,Transaction {tx} completed in {time}ms
39444,2026-01-12,18:17:33,INFO,AuthService,Page view: /home by u1106,E103,Page view: {page} by {user}
39445,2026-01-12,18:22:20,INFO,OrderProcessor,User u1350 login successful,E101,User {user} login successful
39446,2026-01-12,18:04:26,INFO,WebServer,User u4435 login successful,E101,User {user} login successful
39447,2026-01-12,18:27:27,INFO,AuthService,Health check passed: AuthService,E102,Health check passed: {service}
39448,2026-01-12,18:03:08,INFO,PaymentGateway,Transaction tx426851 completed in 1150ms,E104,Transaction {tx} completed in {time}ms
39449,2026-01-12,18:55:04,INFO,OrderProcessor,Page view: /home by u4003,E103,Page view: {page} by {user}
39450,2026-01-12,18:53:54,INFO,OrderProcessor,Transaction tx467627 completed in 314ms,E104,Transaction {tx} completed in {time}ms
39451,2026-01-12,18:31:10,INFO,InventoryDB,Transaction tx895339 completed in 1388ms,E104,Transaction {tx} completed in {time}ms
39452,2026-01-12,18:53:26,INFO,WebServer,Transaction tx802975 completed in 112ms,E104,Transaction {tx} completed in {time}ms
39453,2026-01-12,18:54:51,INFO,WebServer,Transaction tx560633 completed in 1148ms,E104,Transaction {tx} completed in {time}ms
39454,2026-01-12,18:36:22,INFO,WebServer,Health check passed: WebServer,E102,Health check passed: {service}
39455,2026-01-12,18:52:13,INFO,WebServer,Page view: /home by u2624,E103,Page view: {page} by {user}
39456,2026-01-12,18:15:52,INFO,WebServer,User u4053 login successful,E101,User {user} login successful
39457,2026-01-12,18:02:45,INFO,InventoryDB,Page view: /home by u3158,E103,Page view: {page} by {user}
39458,2026-01-12,18:54:35,INFO,AuthService,Page view: /home by u4108,E103,Page view: {page} by {user}
39459,2026-01-12,18:38:44,INFO,OrderProcessor,Page view: /home by u3510,E103,Page view: {page} by {user}
39460,2026-01-12,18:09:34,WARN,OrderProcessor,High latency (246ms) detected on OrderProcessor,E201,High latency ({time}ms) detected on {service}
39461,2026-01-12,18:04:57,INFO,AuthService,Page view: /home by u4558,E103,Page view: {page} by {user}
39462,2026-01-12,18:26:25,INFO,AuthService,User u4376 login successful,E101,User {user} login successful
39463,2026-01-12,18:06:27,INFO,WebServer,User u4594 login successful,E101,User {user} login successful
39464,2026-01-12,18:33:03,WARN,WebServer,Unauthorized access attempt from 10.0.0.45,E401,Unauthorized access attempt from {ip}
39465,2026-01-12,18:43:43,INFO,AuthService,Page view: /home by u3211,E103,Page view: {page} by {user}
39466,2026-01-12,18:09:04,WARN,WebServer,Unauthorized access attempt from 10.0.0.10,E401,Unauthorized access attempt from {ip}
39467,2026-01-12,18:41:30,INFO,PaymentGateway,Health check passed: PaymentGateway,E102,Health check passed: {service}
39468,2026-01-12,18:28:34,INFO,InventoryDB,Page view: /home by u3324,E103,Page view: {page} by {user}
39469,2026-01-12,18:35:24,INFO,WebServer,Health check passed: WebServer,E102,Health check passed: {service}
39470,2026-01-12,18:22:08,INFO,WebServer,Page view: /home by u4055,E103,Page view: {page} by {user}
39471,2026-01-12,18:02:56,INFO,PaymentGateway,Page view: /home by u4378,E103,Page view: {page} by {user}
39472,2026-01-12,18:40:15,INFO,WebServer,Health check passed: WebServer,E102,Health check passed: {service}
39473,2026-01-12,18:42:50,INFO,WebServer,User u1967 login successful,E101,User {user} login successful
39474,2026-01-12,18:31:58,WARN,WebServer,Disk usage > 85% on node node-1,E202,Disk usage > 85% on node {node}
39475,2026-01-12,18:50:28,INFO,WebServer,User u2315 login successful,E101,User {user} login successful
39476,2026-01-12,18:58:55,INFO,WebServer,Transaction tx474900 completed in 509ms,E104,Transaction {tx} completed in {time}ms
39477,2026-01-12,18:35:12,INFO,InventoryDB,Transaction tx606614 completed in 1124ms,E104,Transaction {tx} completed in {time}ms
39478,2026-01-12,18:12:46,INFO,WebServer,User u2891 login successful,E101,User {user} login successful
39479,2026-01-12,18:07:32,INFO,AuthService,Health check passed: AuthService,E102,Health check passed: {service}
39480,2026-01-12,18:25:24,INFO,WebServer,User u4958 login successful,E101,User {user} login successful
39481,2026-01-12,18:58:07,INFO,AuthService,Health check passed: AuthService,E102,Health check passed: {service}
39482,2026-01-12,18:19:10,INFO,WebServer,Transaction tx438821 completed in 816ms,E104,Transaction {tx} completed in {time}ms
39483,2026-01-12,18:43:16,INFO,WebServer,Page view: /home by u4188,E103,Page view: {page} by {user}
39484,2026-01-12,18:41:43,INFO,WebServer,User u2862 login successful,E101,User {user} login successful
39485,2026-01-12,18:40:15,INFO,PaymentGateway,Health check passed: PaymentGateway,E102,Health check passed: {service}
39486,2026-01-12,18:17:26,INFO,WebServer,User u3067 login successful,E101,User {user} login successful
39487,2026-01-12,18:43:13,INFO,AuthService,Health check passed: AuthService,E102,Health check passed: {service}
39488,2026-01-12,18:20:31,INFO,AuthService,User u4448 login successful,E101,User {user} login successful
39489,2026-01-12,18:39:19,INFO,AuthService,User u2974 login successful,E101,User {user} login successful
39490,2026-01-12,18:20:50,INFO,WebServer,Page view: /home by u1150,E103,Page view: {page} by {user}
39491,2026-01-12,18:40:51,INFO,WebServer,User u2284 login successful,E101,User {user} login successful
39492,2026-01-12,18:03:06,INFO,OrderProcessor,Page view: /home by u1211,E103,Page view: {page} by {user}
39493,2026-01-12,18:01:01,INFO,PaymentGateway,Page view: /home by u2893,E103,Page view: {page} by {user}
39494,2026-01-12,18:48:12,INFO,OrderProcessor,Health check passed: OrderProcessor,E102,Health check passed: {service}
39495,2026-01-12,18:56:48,INFO,AuthService,Page view: /home by u1852,E103,Page view: {page} by {user}
39496,2026-01-12,18:33:13,INFO,WebServer,Transaction tx640236 completed in 188ms,E104,Transaction {tx} completed in {time}ms
39497,2026-01-12,18:41:31,INFO,WebServer,User u3223 login successful,E101,User {user} login successful
39498,2026-01-12,18:13:37,INFO,WebServer,Transaction tx104362 completed in 1142ms,E104,Transaction {tx} completed in {time}ms
39499,2026-01-12,18:12:54,INFO,AuthService,Health check passed: AuthService,E102,Health check passed: {service}
39500,2026-01-12,19:10:29,INFO,WebServer,Transaction tx441848 completed in 1989ms,E104,Transaction {tx} completed in {time}ms
39501,2026-01-12,19:54:35,INFO,AuthService,Health check passed: AuthService,E102,Health check passed: {service}
39502,2026-01-12,19:35:48,INFO,WebServer,Health check passed: WebServer,E102,Health check passed: {service}
39503,2026-01-12,19:12:37,INFO,AuthService,Health check passed: AuthService,E102,Health check passed: {service}
39504,2026-01-12,19:01:52,INFO,WebServer,User u2992 login successful,E101,User {user} login successful
39505,2026-01-12,19:24:43,INFO,WebServer,Transaction tx696793 completed in 284ms,E104,Transaction {tx} completed in {time}ms
39506,2026-01-12,19:47:23,INFO,InventoryDB,Transaction tx660144 completed in 1778ms,E104,Transaction {tx} completed in {time}ms
39507,2026-01-12,19:13:26,INFO,OrderProcessor,Page view: /home by u1348,E103,Page view: {page} by {user}
39508,2026-01-12,19:23:25,INFO,OrderProcessor,User u2054 login successful,E101,User {user} login successful
39509,2026-01-12,19:59:42,INFO,WebServer,Page view: /home by u1722,E103,Page view: {page} by {user}
39510,2026-01-12,19:51:06,INFO,AuthService,Transaction tx310081 completed in 1567ms,E104,Transaction {tx} completed in {time}ms
39511,2026-01-12,19:33:44,INFO,WebServer,User u4853 login successful,E101,User {user} login successful
39512,2026-01-12,19:20:50,INFO,WebServer,User u4551 login successful,E101,User {user} login successful
39513,2026-01-12,19:00:54,INFO,WebServer,Transaction tx566944 completed in 852ms,E104,Transaction {tx} completed in {time}ms
39514,2026-01-12,19:12:18,INFO,WebServer,Health check passed: WebServer,E102,Health check passed: {service}
39515,2026-01-12,19:02:14,INFO,WebServer,User u3868 login successful,E101,User {user} login successful
39516,2026-01-12,19:02:31,INFO,AuthService,Transaction tx227361 completed in 842ms,E104,Transaction {tx} completed in {time}ms
39517,2026-01-12,19:56:37,INFO,WebServer,Health check passed: WebServer,E102,Health check passed: {service}
39518,2026-01-12,19:01:10,INFO,WebServer,Health check passed: WebServer,E102,Health check passed: {service}
39519,2026-01-12,19:58:05,INFO,OrderProcessor,Transaction tx647607 completed in 1607ms,E104,Transaction {tx} completed in {time}ms
39520,2026-01-12,19:51:00,INFO,OrderProcessor,Page view: /home by u3116,E103,Page view: {page} by {user}
39521,2026-01-12,19:20:33,INFO,InventoryDB,User u3670 login successful,E101,User {user} login successful
39522,2026-01-12,19:47:21,INFO,WebServer,Transaction tx710145 completed in 482ms,E104,Transaction {tx} completed in {time}ms
39523,2026-01-12,19:50:12,INFO,OrderProcessor,Health check passed: OrderProcessor,E102,Health check passed: {service}
39524,2026-01-12,19:06:12,INFO,AuthService,Transaction tx953925 completed in 916ms,E104,Transaction {tx} completed in {time}ms
39525,2026-01-12,19:05:22,INFO,WebServer,Health check passed: WebServer,E102,Health check passed: {service}
39526,2026-01-12,19:04:25,INFO,PaymentGateway,Page view: /home by u1436,E103,Page view: {page} by {user}
39527,2026-01-12,19:19:27,INFO,WebServer,Page view: /home by u3561,E103,Page view: {page} by {user}
39528,2026-01-12,19:48:31,INFO,WebServer,Page view: /home by u3102,E103,Page view: {page} by {user}
39529,2026-01-12,19:49:06,INFO,WebServer,Health check passed: WebServer,E102,Health check passed: {service}
39530,2026-01-12,19:29:21,INFO,PaymentGateway,Transaction tx204163 completed in 1887ms,E104,Transaction {tx} completed in {time}ms
39531,2026-01-12,19:03:48,INFO,WebServer,Health check passed: WebServer,E102,Health check passed: {service}
39532,2026-01-12,19:09:58,INFO,AuthService,Health check passed: AuthService,E102,Health check passed: {service}
39533,2026-01-12,19:06:04,INFO,AuthService,Transaction tx624706 completed in 1518ms,E104,Transaction {tx} completed in {time}ms
39534,2026-01-12,19:55:37,INFO,PaymentGateway,Transaction tx246961 completed in 719ms,E104,Transaction {tx} completed in {time}ms
39535,2026-01-12,19:39:40,INFO,WebServer,User u2995 login successful,E101,User {user} login successful
39536,2026-01-12,19:52:12,INFO,OrderProcessor,User u4117 login successful,E101,User {user} login successful
39537,2026-01-12,19:20:38,WARN,WebServer,Disk usage > 85% on node node-3,E202,Disk usage > 85% on node {node}
39538,2026-01-12,19:18:50,INFO,AuthService,Page view: /home by u2716,E103,Page view: {page} by {user}
39539,2026-01-12,19:21:14,INFO,WebServer,User u1909 login successful,E101,User {user} login successful
39540,2026-01-12,19:40:29,INFO,PaymentGateway,Transaction tx195484 completed in 1598ms,E104,Transaction {tx} completed in {time}ms
39541,2026-01-12,19:23:34,INFO,AuthService,User u2847 login successful,E101,User {user} login successful
39542,2026-01-12,19:17:48,INFO,OrderProcessor,Page view: /home by u3868,E103,Page view: {page} by {user}
39543,2026-01-12,19:17:04,INFO,AuthService,User u2047 login successful,E101,User {user} login successful
39544,2026-01-12,19:43:48,INFO,AuthService,Transaction tx187660 completed in 1715ms,E104,Transaction {tx} completed in {time}ms
39545,2026-01-12,19:12:28,INFO,AuthService,Health check passed: AuthService,E102,Health check passed: {service}
39546,2026-01-12,19:46:21,INFO,OrderProcessor,Transaction tx390084 completed in 1971ms,E104,Transaction {tx} completed in {time}ms
39547,2026-01-12,19:55:47,INFO,WebServer,User u3427 login successful,E101,User {user} login successful
39548,2026-01-12,19:03:07,INFO,WebServer,Page view: /home by u2614,E103,Page view: {page} by {user}
39549,2026-01-12,19:50:31,INFO,OrderProcessor,Transaction tx806839 completed in 645ms,E104,Transaction {tx} completed in {time}ms
39550,2026-01-12,19:07:37,WARN,WebServer,High latency (1213ms) detected on WebServer,E201,High latency ({time}ms) detected on {service}
39551,2026-01-12,19:34:15,INFO,AuthService,User u2297 login successful,E101,User {user} login successful
39552,2026-01-12,19:43:20,INFO,WebServer,User u2518 login successful,E101,User {user} login successful
39553,2026-01-12,19:19:12,INFO,WebServer,Page view: /home by u4777,E103,Page view: {page} by {user}
39554,2026-01-12,19:09:53,INFO,OrderProcessor,Health check passed: OrderProcessor,E102,Health check passed: {service}
39555,2026-01-12,19:57:31,INFO,AuthService,User u1970 login successful,E101,User {user} login successful
39556,2026-01-12,19:22:20,INFO,WebServer,Transaction tx118287 completed in 1695ms,E104,Transaction {tx} completed in {time}ms
39557,2026-01-12,19:04:47,INFO,WebServer,Page view: /home by u1548,E103,Page view: {page} by {user}
39558,2026-01-12,19:20:14,INFO,WebServer,User u3486 login successful,E101,User {user} login successful
39559,2026-01-12,19:59:59,INFO,WebServer,Health check passed: WebServer,E102,Health check passed: {service}
39560,2026-01-12,19:12:06,INFO,WebServer,User u4463 login successful,E101,User {user} login successful
39561,2026-01-12,19:27:13,INFO,WebServer,User u4145 login successful,E101,User {user} login successful
39562,2026-01-12,19:57:41,INFO,WebServer,Page view: /home by u2430,E103,Page view: {page} by {user}
39563,2026-01-12,19:50:16,INFO,WebServer,User u2473 login successful,E101,User {user} login successful
39564,2026-01-12,19:00:01,INFO,OrderProcessor,Transaction tx524540 completed in 1906ms,E104,Transaction {tx} completed in {time}ms
39565,2026-01-12,19:02:44,INFO,AuthService,Transaction tx176571 completed in 754ms,E104,Transaction {tx} completed in {time}ms
39566,2026-01-12,19:02:59,INFO,OrderProcessor,Transaction tx764675 completed in 725ms,E104,Transaction {tx} completed in {time}ms
39567,2026-01-12,19:34:34,INFO,WebServer,User u2868 login successful,E101,User {user} login successful
39568,2026-01-12,19:16:50,INFO,AuthService,Transaction tx402065 completed in 589ms,E104,Transaction {tx} completed in {time}ms
39569,2026-01-12,19:53:25,INFO,WebServer,Transaction tx177748 completed in 868ms,E104,Transaction {tx} completed in {time}ms
39570,2026-01-12,19:03:02,INFO,OrderProcessor,Page view: /home by u1101,E103,Page view: {page} by {user}
39571,2026-01-12,19:05:40,INFO,WebServer,Health check passed: WebServer,E102,Health check passed: {service}
39572,2026-01-12,19:23:12,INFO,WebServer,Health check passed: WebServer,E102,Health check passed: {service}
39573,2026-01-12,19:37:43,INFO,WebServer,Page view: /home by u3397,E103,Page view: {page} by {user}
39574,2026-01-12,19:10:08,INFO,WebServer,Transaction tx147803 completed in 20ms,E104,Transaction {tx} completed in {time}ms
39575,2026-01-12,19:55:39,WARN,WebServer,Disk usage > 85% on node node-3,E202,Disk usage > 85% on node {node}
39576,2026-01-12,19:50:41,INFO,WebServer,Page view: /home by u4288,E103,Page view: {page} by {user}
39577,2026-01-12,19:05:58,INFO,PaymentGateway,Page view: /home by u3378,E103,Page view: {page} by {user}
39578,2026-01-12,19:32:32,INFO,InventoryDB,Page view: /home by u3137,E103,Page view: {page} by {user}
39579,2026-01-12,19:04:41,INFO,AuthService,Health check passed: AuthService,E102,Health check passed: {service}
39580,2026-01-12,19:50:37,INFO,OrderProcessor,Transaction tx862465 completed in 1852ms,E104,Transaction {tx} completed in {time}ms
39581,2026-01-12,19:36:15,INFO,WebServer,Health check passed: WebServer,E102,Health check passed: {service}
39582,2026-01-12,19:23:07,INFO,WebServer,Page view: /home by u2575,E103,Page view: {page} by {user}
39583,2026-01-12,19:09:16,INFO,WebServer,User u1583 login successful,E101,User {user} login successful
39584,2026-01-12,19:05:40,INFO,WebServer,Page view: /home by u1945,E103,Page view: {page} by {user}
39585,2026-01-12,19:41:40,INFO,OrderProcessor,Health check passed: OrderProcessor,E102,Health check passed: {service}
39586,2026-01-12,19:42:06,INFO,WebServer,Health check passed: WebServer,E102,Health check passed: {service}
39587,2026-01-12,19:50:13,INFO,WebServer,User u2330 login successful,E101,User {user} login successful
39588,2026-01-12,19:49:40,INFO,InventoryDB,Health check passed: InventoryDB,E102,Health check passed: {service}
39589,2026-01-12,19:00:25,INFO,WebServer,Page view: /home by u3612,E103,Page view: {page} by {user}
39590,2026-01-12,19:02:37,INFO,WebServer,User u1232 login successful,E101,User {user} login successful
39591,2026-01-12,19:26:39,INFO,PaymentGateway,Transaction tx741927 completed in 1820ms,E104,Transaction {tx} completed in {time}ms
39592,2026-01-12,19:40:21,INFO,OrderProcessor,User u4199 login successful,E101,User {user} login successful
39593,2026-01-12,19:30:16,INFO,OrderProcessor,Transaction tx255927 completed in 1174ms,E104,Transaction {tx} completed in {time}ms
39594,2026-01-12,19:00:07,INFO,WebServer,User u2060 login successful,E101,User {user} login successful
39595,2026-01-12,19:50:47,INFO,PaymentGateway,Page view: /home by u4748,E103,Page view: {page} by {user}
39596,2026-01-12,19:06:43,INFO,WebServer,User u4088 login successful,E101,User {user} login successful
39597,2026-01-12,19:55:08,INFO,WebServer,Transaction tx784981 completed in 1996ms,E104,Transaction {tx} completed in {time}ms
39598,2026-01-12,19:25:49,INFO,InventoryDB,User u2951 login successful,E101,User {user} login successful
39599,2026-01-12,19:33:44,WARN,WebServer,Disk usage > 85% on node node-3,E202,Disk usage > 85% on node {node}
39600,2026-01-12,19:10:36,INFO,WebServer,Page view: /home by u3415,E103,Page view: {page} by {user}
39601,2026-01-12,19:30:46,INFO,OrderProcessor,Health check passed: OrderProcessor,E102,Health check passed: {service}
39602,2026-01-12,19:45:13,WARN,OrderProcessor,High latency (281ms) detected on OrderProcessor,E201,High latency ({time}ms) detected on {service}
39603,2026-01-12,19:15:55,INFO,AuthService,User u3117 login successful,E101,User {user} login successful
39604,2026-01-12,19:18:50,INFO,WebServer,Page view: /home by u2535,E103,Page view: {page} by {user}
39605,2026-01-12,19:58:07,INFO,WebServer,Health check passed: WebServer,E102,Health check passed: {service}
39606,2026-01-12,19:04:49,INFO,WebServer,Transaction tx335405 completed in 677ms,E104,Transaction {tx} completed in {time}ms
39607,2026-01-12,19:41:59,WARN,WebServer,High latency (1576ms) detected on WebServer,E201,High latency ({time}ms) detected on {service}
39608,2026-01-12,19:19:43,INFO,InventoryDB,User u2091 login successful,E101,User {user} login successful
39609,2026-01-12,19:00:07,INFO,WebServer,Transaction tx763537 completed in 1405ms,E104,Transaction {tx} completed in {time}ms
39610,2026-01-12,19:46:33,INFO,OrderProcessor,User u4296 login successful,E101,User {user} login successful
39611,2026-01-12,19:56:11,INFO,WebServer,Health check passed: WebServer,E102,Health check passed: {service}
39612,2026-01-12,19:12:21,INFO,WebServer,User u1147 login successful,E101,User {user} login successful
39613,2026-01-12,19:33:51,INFO,WebServer,Transaction tx344120 completed in 180ms,E104,Transaction {tx} completed in {time}ms
39614,2026-01-12,19:43:30,INFO,AuthService,User u2982 login successful,E101,User {user} login successful
39615,2026-01-12,19:09:34,INFO,PaymentGateway,Page view: /home by u2952,E103,Page view: {page} by {user}
39616,2026-01-12,19:41:18,INFO,AuthService,Transaction tx799103 completed in 1311ms,E104,Transaction {tx} completed in {time}ms
39617,2026-01-12,19:04:35,INFO,AuthService,User u2397 login successful,E101,User {user} login successful
39618,2026-01-12,19:55:28,INFO,WebServer,User u1644 login successful,E101,User {user} login successful
39619,2026-01-12,19:02:40,INFO,OrderProcessor,Transaction tx650212 completed in 1556ms,E104,Transaction {tx} completed in {time}ms
39620,2026-01-12,19:44:52,INFO,AuthService,Health check passed: AuthService,E102,Health check passed: {service}
39621,2026-01-12,19:32:47,INFO,WebServer,User u2520 login successful,E101,User {user} login successful
39622,2026-01-12,19:21:13,INFO,PaymentGateway,Health check passed: PaymentGateway,E102,Health check passed: {service}
39623,2026-01-12,19:16:30,INFO,WebServer,Page view: /home by u2876,E103,Page view: {page} by {user}
39624,2026-01-12,19:26:42,WARN,InventoryDB,Unauthorized access attempt from 10.0.0.88,E401,Unauthorized access attempt from {ip}
39625,2026-01-12,19:37:58,INFO,AuthService,Page view: /home by u3297,E103,Page view: {page} by {user}
39626,2026-01-12,19:33:41,INFO,WebServer,Page view: /home by u2951,E103,Page view: {page} by {user}
39627,2026-01-12,19:24:46,INFO,PaymentGateway,Page view: /home by u1704,E103,Page view: {page} by {user}
39628,2026-01-12,19:00:25,INFO,WebServer,Health check passed: WebServer,E102,Health check passed: {service}
39629,2026-01-12,19:41:18,INFO,OrderProcessor,Transaction tx101871 completed in 1399ms,E104,Transaction {tx} completed in {time}ms
39630,2026-01-12,19:53:31,INFO,WebServer,Health check passed: WebServer,E102,Health check passed: {service}
39631,2026-01-12,19:51:09,INFO,AuthService,Transaction tx410852 completed in 1590ms,E104,Transaction {tx} completed in {time}ms
39632,2026-01-12,19:23:35,INFO,AuthService,User u3559 login successful,E101,User {user} login successful
39633,2026-01-12,19:07:04,INFO,AuthService,Page view: /home by u3562,E103,Page view: {page} by {user}
39634,2026-01-12,19:27:17,INFO,AuthService,User u2384 login successful,E101,User {user} login successful
39635,2026-01-12,19:01:16,INFO,OrderProcessor,User u1335 login successful,E101,User {user} login successful
39636,2026-01-12,19:02:20,WARN,WebServer,Disk usage > 85% on node node-4,E202,Disk usage > 85% on node {node}
39637,2026-01-12,19:29:06,INFO,WebServer,User u2660 login successful,E101,User {user} login successful
39638,2026-01-12,19:19:23,INFO,PaymentGateway,Transaction tx519257 completed in 754ms,E104,Transaction {tx} completed in {time}ms
39639,2026-01-12,19:09:54,INFO,WebServer,User u4342 login successful,E101,User {user} login successful
39640,2026-01-12,19:11:37,INFO,WebServer,Page view: /home by u4699,E103,Page view: {page} by {user}
39641,2026-01-12,19:22:17,INFO,WebServer,Page view: /home by u4988,E103,Page view: {page} by {user}
39642,2026-01-12,19:34:18,INFO,WebServer,Transaction tx182622 completed in 43ms,E104,Transaction {tx} completed in {time}ms
39643,2026-01-12,19:05:57,INFO,InventoryDB,Page view: /home by u3421,E103,Page view: {page} by {user}
39644,2026-01-12,19:16:29,WARN,WebServer,Unauthorized access attempt from 10.0.0.45,E401,Unauthorized access attempt from {ip}
39645,2026-01-12,19:34:00,INFO,InventoryDB,User u4038 login successful,E101,User {user} login successful
39646,2026-01-12,19:38:48,INFO,WebServer,Page view: /home by u3545,E103,Page view: {page} by {user}
39647,2026-01-12,19:00:00,INFO,WebServer,User u3252 login successful,E101,User {user} login successful
39648,2026-01-12,19:00:35,INFO,WebServer,Health check passed: WebServer,E102,Health check passed: {service}
39649,2026-01-12,19:15:27,INFO,WebServer,Page view: /home by u1893,E103,Page view: {page} by {user}
39650,2026-01-12,19:24:36,INFO,WebServer,Transaction tx217564 completed in 447ms,E104,Transaction {tx} completed in {time}ms
39651,2026-01-12,19:53:24,INFO,InventoryDB,Page view: /home by u3105,E103,Page view: {page} by {user}
39652,2026-01-12,19:12:31,INFO,WebServer,Page view: /home by u4874,E103,Page view: {page} by {user}
39653,2026-01-12,19:53:48,INFO,AuthService,Health check passed: AuthService,E102,Health check passed: {service}
39654,2026-01-12,19:24:12,INFO,WebServer,Page view: /home by u4982,E103,Page view: {page} by {user}
39655,2026-01-12,19:38:36,INFO,InventoryDB,Transaction tx460261 completed in 673ms,E104,Transaction {tx} completed in {time}ms
39656,2026-01-12,19:55:02,CRITICAL,WebServer,KERNEL PANIC: Node node-5 crashed,E601,KERNEL PANIC: Node {node} crashed
39657,2026-01-12,19:17:30,INFO,PaymentGateway,Transaction tx352406 completed in 1142ms,E104,Transaction {tx} completed in {time}ms
39658,2026-01-12,19:44:02,INFO,WebServer,Health check passed: WebServer,E102,Health check passed: {service}
39659,2026-01-12,19:29:41,INFO,PaymentGateway,Transaction tx523117 completed in 1475ms,E104,Transaction {tx} completed in {time}ms
39660,2026-01-12,19:04:56,INFO,WebServer,Health check passed: WebServer,E102,Health check passed: {service}
39661,2026-01-12,19:57:22,INFO,OrderProcessor,Page view: /home by u3167,E103,Page view: {page} by {user}
39662,2026-01-12,19:37:01,INFO,WebServer,Transaction tx878684 completed in 675ms,E104,Transaction {tx} completed in {time}ms
39663,2026-01-12,19:37:23,INFO,WebServer,User u1174 login successful,E101,User {user} login successful
39664,2026-01-12,19:32:01,INFO,OrderProcessor,Page view: /home by u4333,E103,Page view: {page} by {user}
39665,2026-01-12,19:33:12,INFO,WebServer,Health check passed: WebServer,E102,Health check passed: {service}
39666,2026-01-12,19:25:39,INFO,WebServer,Health check passed: WebServer,E102,Health check passed: {service}
39667,2026-01-12,19:58:45,INFO,WebServer,Transaction tx167949 completed in 1647ms,E104,Transaction {tx} completed in {time}ms
39668,2026-01-12,19:09:31,INFO,WebServer,User u1025 login successful,E101,User {user} login successful
39669,2026-01-12,19:46:23,INFO,AuthService,User u2166 login successful,E101,User {user} login successful
39670,2026-01-12,19:23:06,INFO,AuthService,Transaction tx273064 completed in 1208ms,E104,Transaction {tx} completed in {time}ms
39671,2026-01-12,19:44:05,INFO,AuthService,User u2279 login successful,E101,User {user} login successful
39672,2026-01-12,19:44:47,INFO,WebServer,Page view: /home by u2237,E103,Page view: {page} by {user}
39673,2026-01-12,19:25:02,INFO,PaymentGateway,Transaction tx354218 completed in 883ms,E104,Transaction {tx} completed in {time}ms
39674,2026-01-12,19:18:32,INFO,OrderProcessor,Health check passed: OrderProcessor,E102,Health check passed: {service}
39675,2026-01-12,19:16:26,INFO,WebServer,User u3536 login successful,E101,User {user} login successful
39676,2026-01-12,19:40:36,INFO,AuthService,Health check passed: AuthService,E102,Health check passed: {service}
39677,2026-01-12,19:16:14,INFO,WebServer,Health check passed: WebServer,E102,Health check passed: {service}
39678,2026-01-12,19:08:55,INFO,WebServer,User u3585 login successful,E101,User {user} login successful
39679,2026-01-12,19:44:24,INFO,AuthService,Health check passed: AuthService,E102,Health check passed: {service}
39680,2026-01-12,19:34:14,INFO,AuthService,Transaction tx964682 completed in 548ms,E104,Transaction {tx} completed in {time}ms
39681,2026-01-12,19:22:59,INFO,OrderProcessor,Health check passed: OrderProcessor,E102,Health check passed: {service}
39682,2026-01-12,19:52:31,INFO,OrderProcessor,Transaction tx876825 completed in 1368ms,E104,Transaction {tx} completed in {time}ms
39683,2026-01-12,19:29:32,WARN,WebServer,Unauthorized access attempt from 10.0.0.45,E401,Unauthorized access attempt from {ip}
39684,2026-01-12,19:18:19,INFO,PaymentGateway,User u4400 login successful,E101,User {user} login successful
39685,2026-01-12,19:15:27,INFO,WebServer,Page view: /home by u1633,E103,Page view: {page} by {user}
39686,2026-01-12,19:20:07,WARN,AuthService,Unauthorized access attempt from 10.0.0.12,E401,Unauthorized access attempt from {ip}
39687,2026-01-12,19:54:51,INFO,WebServer,Page view: /home by u4036,E103,Page view: {page} by {user}
39688,2026-01-12,19:35:53,INFO,WebServer,Page view: /home by u3213,E103,Page view: {page} by {user}
39689,2026-01-12,19:13:22,INFO,AuthService,Health check passed: AuthService,E102,Health check passed: {service}
39690,2026-01-12,19:25:56,INFO,OrderProcessor,Transaction tx579805 completed in 1637ms,E104,Transaction {tx} completed in {time}ms
39691,2026-01-12,19:20:46,INFO,WebServer,Page view: /home by u4797,E103,Page view: {page} by {user}
39692,2026-01-12,19:18:55,INFO,AuthService,Transaction tx400735 completed in 977ms,E104,Transaction {tx} completed in {time}ms
39693,2026-01-12,19:35:22,INFO,OrderProcessor,Transaction tx107256 completed in 696ms,E104,Transaction {tx} completed in {time}ms
39694,2026-01-12,19:44:20,INFO,InventoryDB,Health check passed: InventoryDB,E102,Health check passed: {service}
39695,2026-01-12,19:14:20,INFO,WebServer,User u1013 login successful,E101,User {user} login successful
39696,2026-01-12,19:12:22,INFO,WebServer,Page view: /home by u1150,E103,Page view: {page} by {user}
39697,2026-01-12,19:59:47,INFO,WebServer,User u4331 login successful,E101,User {user} login successful
39698,2026-01-12,19:49:32,INFO,PaymentGateway,Health check passed: PaymentGateway,E102,Health check passed: {service}
39699,2026-01-12,19:54:57,INFO,AuthService,User u4878 login successful,E101,User {user} login successful
39700,2026-01-12,19:06:29,INFO,InventoryDB,Transaction tx734358 completed in 1290ms,E104,Transaction {tx} completed in {time}ms
39701,2026-01-12,19:21:09,INFO,InventoryDB,Health check passed: InventoryDB,E102,Health check passed: {service}
39702,2026-01-12,19:33:08,INFO,AuthService,Transaction tx498349 completed in 1097ms,E104,Transaction {tx} completed in {time}ms
39703,2026-01-12,19:35:56,INFO,OrderProcessor,User u1215 login successful,E101,User {user} login successful
39704,2026-01-12,19:19:38,INFO,AuthService,Transaction tx617050 completed in 150ms,E104,Transaction {tx} completed in {time}ms
39705,2026-01-12,19:28:06,WARN,WebServer,Unauthorized access attempt from 10.0.0.45,E401,Unauthorized access attempt from {ip}
39706,2026-01-12,19:55:31,INFO,OrderProcessor,User u2761 login successful,E101,User {user} login successful
39707,2026-01-12,19:44:07,INFO,AuthService,User u2633 login successful,E101,User {user} login successful
39708,2026-01-12,19:25:27,INFO,AuthService,Page view: /home by u2898,E103,Page view: {page} by {user}
39709,2026-01-12,19:04:20,INFO,AuthService,Page view: /home by u2494,E103,Page view: {page} by {user}
39710,2026-01-12,19:53:43,INFO,AuthService,Health check passed: AuthService,E102,Health check passed: {service}
39711,2026-01-12,19:39:47,INFO,OrderProcessor,User u3485 login successful,E101,User {user} login successful
39712,2026-01-12,19:15:57,INFO,WebServer,Health check passed: WebServer,E102,Health check passed: {service}
39713,2026-01-12,19:59:46,INFO,OrderProcessor,Page view: /home by u1318,E103,Page view: {page} by {user}
39714,2026-01-12,19:29:14,INFO,WebServer,Transaction tx660538 completed in 310ms,E104,Transaction {tx} completed in {time}ms
39715,2026-01-12,19:39:01,INFO,AuthService,Page view: /home by u3146,E103,Page view: {page} by {user}
39716,2026-01-12,19:27:31,INFO,OrderProcessor,Page view: /home by u4124,E103,Page view: {page} by {user}
39717,2026-01-12,19:53:46,ERROR,AuthService,Connection refused to AuthService at 10.0.0.99,E501,Connection refused to {service} at {ip}
39718,2026-01-12,19:46:38,INFO,AuthService,Page view: /home by u2345,E103,Page view: {page} by {user}
39719,2026-01-12,19:56:50,INFO,WebServer,User u2118 login successful,E101,User {user} login successful
39720,2026-01-12,19:52:13,WARN,WebServer,Disk usage > 85% on node node-2,E202,Disk usage > 85% on node {node}
39721,2026-01-12,19:05:52,INFO,AuthService,Health check passed: AuthService,E102,Health check passed: {service}
39722,2026-01-12,19:26:27,INFO,AuthService,Health check passed: AuthService,E102,Health check passed: {service}
39723,2026-01-12,19:14:22,INFO,WebServer,Health check passed: WebServer,E102,Health check passed: {service}
39724,2026-01-12,19:17:14,INFO,OrderProcessor,Health check passed: OrderProcessor,E102,Health check passed: {service}
39725,2026-01-12,19:44:44,INFO,PaymentGateway,User u4337 login successful,E101,User {user} login successful
39726,2026-01-12,19:04:52,INFO,OrderProcessor,Health check passed: OrderProcessor,E102,Health check passed: {service}
39727,2026-01-12,19:00:18,INFO,AuthService,Health check passed: AuthService,E102,Health check passed: {service}
39728,2026-01-12,19:23:21,ERROR,OrderProcessor,Connection refused to OrderProcessor at 10.0.0.12,E501,Connection refused to {service} at {ip}
39729,2026-01-12,19:11:19,INFO,WebServer,Health check passed: WebServer,E102,Health check passed: {service}
39730,2026-01-12,19:39:38,INFO,WebServer,User u4025 login successful,E101,User {user} login successful
39731,2026-01-12,19:48:00,INFO,WebServer,User u4335 login successful,E101,User {user} login successful
39732,2026-01-12,19:28:36,INFO,WebServer,Transaction tx157686 completed in 413ms,E104,Transaction {tx} completed in {time}ms
39733,2026-01-12,19:38:41,INFO,WebServer,Health check passed: WebServer,E102,Health check passed: {service}
39734,2026-01-12,19:29:58,INFO,PaymentGateway,Transaction tx906252 completed in 515ms,E104,Transaction {tx} completed in {time}ms
39735,2026-01-12,19:56:06,INFO,OrderProcessor,Page view: /home by u4609,E103,Page view: {page} by {user}
39736,2026-01-12,19:57:03,INFO,OrderProcessor,User u2415 login successful,E101,User {user} login successful
39737,2026-01-12,19:46:43,INFO,WebServer,Page view: /home by u1428,E103,Page view: {page} by {user}
39738,2026-01-12,19:26:08,INFO,InventoryDB,Transaction tx699665 completed in 452ms,E104,Transaction {tx} completed in {time}ms
39739,2026-01-12,19:36:32,INFO,WebServer,Transaction tx352506 completed in 1252ms,E104,Transaction {tx} completed in {time}ms
39740,2026-01-12,19:11:53,INFO,PaymentGateway,Health check passed: PaymentGateway,E102,Health check passed: {service}
39741,2026-01-12,19:47:44,INFO,OrderProcessor,Health check passed: OrderProcessor,E102,Health check passed: {service}
39742,2026-01-12,19:39:10,INFO,WebServer,Transaction tx441236 completed in 1643ms,E104,Transaction {tx} completed in {time}ms
39743,2026-01-12,19:29:41,INFO,OrderProcessor,User u4706 login successful,E101,User {user} login successful
39744,2026-01-12,19:56:12,INFO,WebServer,Transaction tx185543 completed in 1221ms,E104,Transaction {tx} completed in {time}ms
39745,2026-01-12,19:21:31,WARN,WebServer,Disk usage > 85% on node node-2,E202,Disk usage > 85% on node {node}
39746,2026-01-12,19:43:39,INFO,WebServer,User u1101 login successful,E101,User {user} login successful
39747,2026-01-12,19:09:10,INFO,WebServer,Page view: /home by u4073,E103,Page view: {page} by {user}
39748,2026-01-12,19:28:02,INFO,WebServer,User u4981 login successful,E101,User {user} login successful
39749,2026-01-12,19:12:18,WARN,PaymentGateway,High latency (1205ms) detected on PaymentGateway,E201,High latency ({time}ms) detected on {service}
39750,2026-01-12,19:05:48,WARN,AuthService,Disk usage > 85% on node node-2,E202,Disk usage > 85% on node {node}
39751,2026-01-12,19:42:44,INFO,OrderProcessor,Health check passed: OrderProcessor,E102,Health check passed: {service}
39752,2026-01-12,19:51:32,INFO,WebServer,Transaction tx673815 completed in 1045ms,E104,Transaction {tx} completed in {time}ms
39753,2026-01-12,19:38:54,INFO,WebServer,Transaction tx922985 completed in 1950ms,E104,Transaction {tx} completed in {time}ms
39754,2026-01-12,19:07:13,INFO,OrderProcessor,Transaction tx426751 completed in 1222ms,E104,Transaction {tx} completed in {time}ms
39755,2026-01-12,19:47:02,WARN,WebServer,High latency (1029ms) detected on WebServer,E201,High latency ({time}ms) detected on {service}
39756,2026-01-12,19:10:15,INFO,WebServer,Health check passed: WebServer,E102,Health check passed: {service}
39757,2026-01-12,19:39:15,INFO,PaymentGateway,User u1848 login successful,E101,User {user} login successful
39758,2026-01-12,19:35:48,INFO,AuthService,User u1147 login successful,E101,User {user} login successful
39759,2026-01-12,19:59:46,INFO,WebServer,User u4330 login successful,E101,User {user} login successful
39760,2026-01-12,19:27:05,INFO,WebServer,Health check passed: WebServer,E102,Health check passed: {service}
39761,2026-01-12,19:38:24,INFO,AuthService,Health check passed: AuthService,E102,Health check passed: {service}
39762,2026-01-12,19:42:08,WARN,PaymentGateway,Disk usage > 85% on node node-5,E202,Disk usage > 85% on node {node}
39763,2026-01-12,19:17:42,INFO,AuthService,User u2271 login successful,E101,User {user} login successful
39764,2026-01-12,19:07:41,INFO,WebServer,User u2055 login successful,E101,User {user} login successful
39765,2026-01-12,19:28:21,INFO,AuthService,Health check passed: AuthService,E102,Health check passed: {service}
39766,2026-01-12,19:20:06,INFO,WebServer,User u4138 login successful,E101,User {user} login successful
39767,2026-01-12,19:20:13,INFO,WebServer,Health check passed: WebServer,E102,Health check passed: {service}
39768,2026-01-12,19:35:39,INFO,PaymentGateway,Transaction tx441077 completed in 986ms,E104,Transaction {tx} completed in {time}ms
39769,2026-01-12,19:35:48,INFO,WebServer,Page view: /home by u1323,E103,Page view: {page} by {user}
39770,2026-01-12,19:25:28,INFO,WebServer,User u2521 login successful,E101,User {user} login successful
39771,2026-01-12,19:22:34,INFO,WebServer,User u2565 login successful,E101,User {user} login successful
39772,2026-01-12,19:18:20,INFO,AuthService,User u2459 login successful,E101,User {user} login successful
39773,2026-01-12,19:46:24,INFO,PaymentGateway,Health check passed: PaymentGateway,E102,Health check passed: {service}
39774,2026-01-12,19:38:32,INFO,AuthService,Page view: /home by u2493,E103,Page view: {page} by {user}
39775,2026-01-12,19:42:59,INFO,OrderProcessor,User u2921 login successful,E101,User {user} login successful
39776,2026-01-12,19:42:07,INFO,AuthService,Transaction tx730305 completed in 1055ms,E104,Transaction {tx} completed in {time}ms
39777,2026-01-12,19:46:21,INFO,OrderProcessor,User u3597 login successful,E101,User {user} login successful
39778,2026-01-12,19:03:13,INFO,WebServer,Transaction tx756153 completed in 1389ms,E104,Transaction {tx} completed in {time}ms
39779,2026-01-12,19:27:48,INFO,InventoryDB,User u2625 login successful,E101,User {user} login successful
39780,2026-01-12,19:26:38,INFO,PaymentGateway,Transaction tx487525 completed in 504ms,E104,Transaction {tx} completed in {time}ms
39781,2026-01-12,19:18:31,INFO,WebServer,Transaction tx689474 completed in 299ms,E104,Transaction {tx} completed in {time}ms
39782,2026-01-12,19:49:54,INFO,WebServer,Transaction tx904430 completed in 399ms,E104,Transaction {tx} completed in {time}ms
39783,2026-01-12,19:44:16,INFO,WebServer,Transaction tx930568 completed in 1922ms,E104,Transaction {tx} completed in {time}ms
39784,2026-01-12,19:50:51,INFO,WebServer,Page view: /home by u2373,E103,Page view: {page} by {user}
39785,2026-01-12,19:34:20,INFO,InventoryDB,User u2320 login successful,E101,User {user} login successful
39786,2026-01-12,19:53:21,INFO,WebServer,Transaction tx226158 completed in 1788ms,E104,Transaction {tx} completed in {time}ms
39787,2026-01-12,19:41:50,INFO,OrderProcessor,Transaction tx945978 completed in 1465ms,E104,Transaction {tx} completed in {time}ms
39788,2026-01-12,19:05:10,ERROR,OrderProcessor,Timeout waiting for lock on InventoryDB,E502,Timeout waiting for lock on {db}
39789,2026-01-12,19:55:30,INFO,AuthService,Health check passed: AuthService,E102,Health check passed: {service}
39790,2026-01-12,19:38:44,INFO,AuthService,Transaction tx791324 completed in 189ms,E104,Transaction {tx} completed in {time}ms
39791,2026-01-12,19:51:00,INFO,OrderProcessor,User u1338 login successful,E101,User {user} login successful
39792,2026-01-12,19:31:49,INFO,AuthService,Transaction tx745123 completed in 1926ms,E104,Transaction {tx} completed in {time}ms
39793,2026-01-12,19:34:18,INFO,WebServer,User u3482 login successful,E101,User {user} login successful
39794,2026-01-12,19:54:53,INFO,AuthService,User u4564 login successful,E101,User {user} login successful
39795,2026-01-12,19:57:49,INFO,WebServer,Page view: /home by u2464,E103,Page view: {page} by {user}
39796,2026-01-12,19:28:34,INFO,WebServer,User u4203 login successful,E101,User {user} login successful
39797,2026-01-12,19:07:41,INFO,WebServer,Health check passed: WebServer,E102,Health check passed: {service}
39798,2026-01-12,19:02:40,INFO,AuthService,Transaction tx733526 completed in 1347ms,E104,Transaction {tx} completed in {time}ms
39799,2026-01-12,19:48:16,INFO,OrderProcessor,Health check passed: OrderProcessor,E102,Health check passed: {service}
39800,2026-01-12,19:25:38,INFO,WebServer,Page view: /home by u4131,E103,Page view: {page} by {user}
39801,2026-01-12,19:53:45,ERROR,WebServer,Timeout waiting for lock on InventoryDB,E502,Timeout waiting for lock on {db}
39802,2026-01-12,19:49:51,INFO,WebServer,Page view: /home by u1956,E103,Page view: {page} by {user}
39803,2026-01-12,19:11:47,INFO,AuthService,User u4846 login successful,E101,User {user} login successful
39804,2026-01-12,19:07:04,INFO,OrderProcessor,User u4515 login successful,E101,User {user} login successful
39805,2026-01-12,19:56:46,INFO,WebServer,Transaction tx726940 completed in 1643ms,E104,Transaction {tx} completed in {time}ms
39806,2026-01-12,19:02:17,INFO,WebServer,Page view: /home by u1138,E103,Page view: {page} by {user}
39807,2026-01-12,19:22:33,INFO,AuthService,Transaction tx337030 completed in 1559ms,E104,Transaction {tx} completed in {time}ms
39808,2026-01-12,19:30:59,INFO,InventoryDB,Transaction tx338429 completed in 1989ms,E104,Transaction {tx} completed in {time}ms
39809,2026-01-12,19:17:31,INFO,PaymentGateway,Transaction tx549873 completed in 164ms,E104,Transaction {tx} completed in {time}ms
39810,2026-01-12,19:23:20,INFO,AuthService,Transaction tx800367 completed in 1585ms,E104,Transaction {tx} completed in {time}ms
39811,2026-01-12,19:10:45,INFO,OrderProcessor,User u4351 login successful,E101,User {user} login successful
39812,2026-01-12,19:56:39,INFO,WebServer,Health check passed: WebServer,E102,Health check passed: {service}
39813,2026-01-12,19:46:33,INFO,WebServer,Page view: /home by u3741,E103,Page view: {page} by {user}
39814,2026-01-12,19:56:12,INFO,WebServer,Transaction tx831096 completed in 362ms,E104,Transaction {tx} completed in {time}ms
39815,2026-01-12,19:44:13,INFO,OrderProcessor,Page view: /home by u3110,E103,Page view: {page} by {user}
39816,2026-01-12,19:57:55,INFO,WebServer,Transaction tx655526 completed in 491ms,E104,Transaction {tx} completed in {time}ms
39817,2026-01-12,19:43:06,INFO,WebServer,Transaction tx961724 completed in 1654ms,E104,Transaction {tx} completed in {time}ms
39818,2026-01-12,19:03:45,INFO,InventoryDB,Page view: /home by u4326,E103,Page view: {page} by {user}
39819,2026-01-12,19:57:30,WARN,AuthService,High latency (1169ms) detected on AuthService,E201,High latency ({time}ms) detected on {service}
39820,2026-01-12,19:33:54,INFO,OrderProcessor,Page view: /home by u1027,E103,Page view: {page} by {user}
39821,2026-01-12,19:49:22,INFO,WebServer,Health check passed: WebServer,E102,Health check passed: {service}
39822,2026-01-12,19:23:34,INFO,PaymentGateway,Health check passed: PaymentGateway,E102,Health check passed: {service}
39823,2026-01-12,19:34:39,INFO,WebServer,User u2578 login successful,E101,User {user} login successful
39824,2026-01-12,19:34:18,INFO,AuthService,User u3938 login successful,E101,User {user} login successful
39825,2026-01-12,19:39:39,INFO,PaymentGateway,Transaction tx741545 completed in 755ms,E104,Transaction {tx} completed in {time}ms
39826,2026-01-12,19:07:26,INFO,AuthService,User u2086 login successful,E101,User {user} login successful
39827,2026-01-12,19:29:18,ERROR,WebServer,Connection refused to WebServer at 10.0.0.45,E501,Connection refused to {service} at {ip}
39828,2026-01-12,19:29:38,INFO,WebServer,Transaction tx975767 completed in 1158ms,E104,Transaction {tx} completed in {time}ms
39829,2026-01-12,19:15:15,INFO,OrderProcessor,User u3436 login successful,E101,User {user} login successful
39830,2026-01-12,19:40:45,INFO,OrderProcessor,Page view: /home by u1741,E103,Page view: {page} by {user}
39831,2026-01-12,19:44:30,INFO,InventoryDB,User u2356 login successful,E101,User {user} login successful
39832,2026-01-12,19:52:50,INFO,WebServer,Page view: /home by u4913,E103,Page view: {page} by {user}
39833,2026-01-12,19:59:14,INFO,OrderProcessor,Transaction tx226826 completed in 774ms,E104,Transaction {tx} completed in {time}ms
39834,2026-01-12,19:50:27,INFO,WebServer,User u3576 login successful,E101,User {user} login successful
39835,2026-01-12,19:26:28,INFO,WebServer,Transaction tx249105 completed in 148ms,E104,Transaction {tx} completed in {time}ms
39836,2026-01-12,19:49:50,INFO,WebServer,Health check passed: WebServer,E102,Health check passed: {service}
39837,2026-01-12,19:23:59,INFO,WebServer,Health check passed: WebServer,E102,Health check passed: {service}
39838,2026-01-12,19:35:44,INFO,WebServer,Transaction tx530001 completed in 1810ms,E104,Transaction {tx} completed in {time}ms
39839,2026-01-12,19:12:43,INFO,WebServer,Page view: /home by u1065,E103,Page view: {page} by {user}
39840,2026-01-12,19:55:03,ERROR,AuthService,Timeout waiting for lock on InventoryDB,E502,Timeout waiting for lock on {db}
39841,2026-01-12,19:07:32,INFO,OrderProcessor,Page view: /home by u3421,E103,Page view: {page} by {user}
39842,2026-01-12,19:25:57,INFO,AuthService,Page view: /home by u4856,E103,Page view: {page} by {user}
39843,2026-01-12,19:26:09,INFO,AuthService,Transaction tx527865 completed in 560ms,E104,Transaction {tx} completed in {time}ms
39844,2026-01-12,19:31:59,INFO,WebServer,Transaction tx200537 completed in 304ms,E104,Transaction {tx} completed in {time}ms
39845,2026-01-12,19:02:48,INFO,PaymentGateway,Transaction tx937217 completed in 1693ms,E104,Transaction {tx} completed in {time}ms
39846,2026-01-12,19:15:37,INFO,WebServer,Page view: /home by u1356,E103,Page view: {page} by {user}
39847,2026-01-12,19:04:57,WARN,WebServer,High latency (635ms) detected on WebServer,E201,High latency ({time}ms) detected on {service}
39848,2026-01-12,19:26:40,INFO,WebServer,Health check passed: WebServer,E102,Health check passed: {service}
39849,2026-01-12,19:15:27,INFO,OrderProcessor,Health check passed: OrderProcessor,E102,Health check passed: {service}
39850,2026-01-12,19:48:43,INFO,WebServer,User u2841 login successful,E101,User {user} login successful
39851,2026-01-12,19:07:58,INFO,WebServer,Transaction tx377322 completed in 644ms,E104,Transaction {tx} completed in {time}ms
39852,2026-01-12,19:00:14,INFO,WebServer,Transaction tx251287 completed in 891ms,E104,Transaction {tx} completed in {time}ms
39853,2026-01-12,19:12:18,INFO,AuthService,Health check passed: AuthService,E102,Health check passed: {service}
39854,2026-01-12,19:26:27,INFO,WebServer,User u4522 login successful,E101,User {user} login successful
39855,2026-01-12,19:19:31,INFO,WebServer,Health check passed: WebServer,E102,Health check passed: {service}
39856,2026-01-12,19:30:21,INFO,PaymentGateway,User u4984 login successful,E101,User {user} login successful
39857,2026-01-12,19:10:43,INFO,AuthService,Health check passed: AuthService,E102,Health check passed: {service}
39858,2026-01-12,19:29:59,INFO,AuthService,Transaction tx975256 completed in 1968ms,E104,Transaction {tx} completed in {time}ms
39859,2026-01-12,19:24:10,INFO,WebServer,Health check passed: WebServer,E102,Health check passed: {service}
39860,2026-01-12,19:18:49,INFO,WebServer,Page view: /home by u2569,E103,Page view: {page} by {user}
39861,2026-01-12,19:43:32,INFO,WebServer,Transaction tx731578 completed in 1568ms,E104,Transaction {tx} completed in {time}ms
39862,2026-01-12,19:59:32,INFO,WebServer,Health check passed: WebServer,E102,Health check passed: {service}
39863,2026-01-12,19:27:37,INFO,OrderProcessor,User u4779 login successful,E101,User {user} login successful
39864,2026-01-12,19:54:20,INFO,WebServer,Transaction tx151803 completed in 1759ms,E104,Transaction {tx} completed in {time}ms
39865,2026-01-12,19:28:54,INFO,OrderProcessor,Transaction tx202400 completed in 1344ms,E104,Transaction {tx} completed in {time}ms
39866,2026-01-12,19:09:35,INFO,WebServer,User u4840 login successful,E101,User {user} login successful
39867,2026-01-12,19:53:09,INFO,WebServer,Page view: /home by u2742,E103,Page view: {page} by {user}
39868,2026-01-12,19:11:35,INFO,AuthService,User u1786 login successful,E101,User {user} login successful
39869,2026-01-12,19:02:03,INFO,PaymentGateway,Health check passed: PaymentGateway,E102,Health check passed: {service}
39870,2026-01-12,19:55:20,INFO,WebServer,Health check passed: WebServer,E102,Health check passed: {service}
39871,2026-01-12,19:17:52,INFO,AuthService,Transaction tx148905 completed in 1402ms,E104,Transaction {tx} completed in {time}ms
39872,2026-01-12,19:42:18,INFO,OrderProcessor,Page view: /home by u4875,E103,Page view: {page} by {user}
39873,2026-01-12,19:33:26,INFO,WebServer,Page view: /home by u2021,E103,Page view: {page} by {user}
39874,2026-01-12,19:47:11,INFO,AuthService,Health check passed: AuthService,E102,Health check passed: {service}
39875,2026-01-12,19:40:22,INFO,AuthService,Health check passed: AuthService,E102,Health check passed: {service}
39876,2026-01-12,19:18:13,INFO,PaymentGateway,Page view: /home by u3693,E103,Page view: {page} by {user}
39877,2026-01-12,19:31:43,WARN,WebServer,High latency (960ms) detected on WebServer,E201,High latency ({time}ms) detected on {service}
39878,2026-01-12,19:40:57,INFO,PaymentGateway,Health check passed: PaymentGateway,E102,Health check passed: {service}
39879,2026-01-12,19:04:38,INFO,WebServer,Health check passed: WebServer,E102,Health check passed: {service}
39880,2026-01-12,19:27:44,INFO,AuthService,Transaction tx608189 completed in 1373ms,E104,Transaction {tx} completed in {time}ms
39881,2026-01-12,19:15:52,INFO,WebServer,Health check passed: WebServer,E102,Health check passed: {service}
39882,2026-01-12,19:16:46,INFO,AuthService,User u1710 login successful,E101,User {user} login successful
39883,2026-01-12,19:31:45,INFO,AuthService,Health check passed: AuthService,E102,Health check passed: {service}
39884,2026-01-12,19:15:33,INFO,WebServer,Page view: /home by u2853,E103,Page view: {page} by {user}
39885,2026-01-12,19:15:21,INFO,OrderProcessor,Health check passed: OrderProcessor,E102,Health check passed: {service}
39886,2026-01-12,19:37:39,INFO,WebServer,Health check passed: WebServer,E102,Health check passed: {service}
39887,2026-01-12,19:00:43,WARN,WebServer,Unauthorized access attempt from 10.0.0.45,E401,Unauthorized access attempt from {ip}
39888,2026-01-12,19:15:36,INFO,WebServer,Transaction tx252822 completed in 349ms,E104,Transaction {tx} completed in {time}ms
39889,2026-01-12,19:57:45,INFO,WebServer,User u2610 login successful,E101,User {user} login successful
39890,2026-01-12,19:18:49,INFO,WebServer,Health check passed: WebServer,E102,Health check passed: {service}
39891,2026-01-12,19:52:45,INFO,WebServer,Transaction tx351419 completed in 1143ms,E104,Transaction {tx} completed in {time}ms
39892,2026-01-12,19:39:58,INFO,PaymentGateway,Transaction tx268043 completed in 34ms,E104,Transaction {tx} completed in {time}ms
39893,2026-01-12,19:46:29,INFO,AuthService,Page view: /home by u2573,E103,Page view: {page} by {user}
39894,2026-01-12,19:00:04,INFO,OrderProcessor,User u1294 login successful,E101,User {user} login successful
39895,2026-01-12,19:21:04,INFO,AuthService,User u4529 login successful,E101,User {user} login successful
39896,2026-01-12,19:13:55,INFO,WebServer,User u1221 login successful,E101,User {user} login successful
39897,2026-01-12,19:53:04,INFO,WebServer,Transaction tx465388 completed in 1946ms,E104,Transaction {tx} completed in {time}ms
39898,2026-01-12,19:30:03,INFO,WebServer,User u2015 login successful,E101,User {user} login successful
39899,2026-01-12,19:21:16,INFO,InventoryDB,User u1212 login successful,E101,User {user} login successful
39900,2026-01-12,19:58:57,INFO,InventoryDB,Page view: /home by u2797,E103,Page view: {page} by {user}
39901,2026-01-12,19:18:06,INFO,WebServer,Health check passed: WebServer,E102,Health check passed: {service}
39902,2026-01-12,19:24:02,INFO,AuthService,User u2223 login successful,E101,User {user} login successful
39903,2026-01-12,19:18:46,INFO,InventoryDB,User u3352 login successful,E101,User {user} login successful
39904,2026-01-12,19:47:23,INFO,WebServer,Transaction tx870406 completed in 516ms,E104,Transaction {tx} completed in {time}ms
39905,2026-01-12,19:33:34,INFO,WebServer,Health check passed: WebServer,E102,Health check passed: {service}
39906,2026-01-12,19:59:48,INFO,WebServer,User u1607 login successful,E101,User {user} login successful
39907,2026-01-12,19:31:14,INFO,WebServer,Transaction tx754386 completed in 643ms,E104,Transaction {tx} completed in {time}ms
39908,2026-01-12,19:44:26,INFO,PaymentGateway,Transaction tx831598 completed in 1802ms,E104,Transaction {tx} completed in {time}ms
39909,2026-01-12,19:33:14,INFO,WebServer,User u4091 login successful,E101,User {user} login successful
39910,2026-01-12,19:07:39,INFO,WebServer,User u1162 login successful,E101,User {user} login successful
39911,2026-01-12,19:44:48,WARN,WebServer,Unauthorized access attempt from 10.0.0.45,E401,Unauthorized access attempt from {ip}
39912,2026-01-12,19:21:10,INFO,WebServer,Page view: /home by u4461,E103,Page view: {page} by {user}
39913,2026-01-12,19:26:44,INFO,WebServer,User u1139 login successful,E101,User {user} login successful
39914,2026-01-12,19:54:23,INFO,WebServer,Health check passed: WebServer,E102,Health check passed: {service}
39915,2026-01-12,19:10:23,INFO,PaymentGateway,Transaction tx996597 completed in 1077ms,E104,Transaction {tx} completed in {time}ms
39916,2026-01-12,19:53:35,INFO,WebServer,User u4639 login successful,E101,User {user} login successful
39917,2026-01-12,19:16:01,INFO,WebServer,User u1164 login successful,E101,User {user} login successful
39918,2026-01-12,19:42:09,INFO,InventoryDB,User u2463 login successful,E101,User {user} login successful
39919,2026-01-12,19:20:40,INFO,WebServer,Transaction tx552752 completed in 429ms,E104,Transaction {tx} completed in {time}ms
39920,2026-01-12,19:50:29,INFO,AuthService,Transaction tx250396 completed in 1080ms,E104,Transaction {tx} completed in {time}ms
39921,2026-01-12,19:49:46,INFO,WebServer,Health check passed: WebServer,E102,Health check passed: {service}
39922,2026-01-12,19:36:19,INFO,OrderProcessor,Transaction tx917044 completed in 1083ms,E104,Transaction {tx} completed in {time}ms
39923,2026-01-12,19:24:28,INFO,WebServer,Transaction tx441580 completed in 1654ms,E104,Transaction {tx} completed in {time}ms
39924,2026-01-12,19:00:32,INFO,AuthService,User u4399 login successful,E101,User {user} login successful
39925,2026-01-12,19:52:27,INFO,AuthService,Health check passed: AuthService,E102,Health check passed: {service}
39926,2026-01-12,19:15:34,INFO,WebServer,Page view: /home by u3593,E103,Page view: {page} by {user}
39927,2026-01-12,19:13:42,INFO,OrderProcessor,Health check passed: OrderProcessor,E102,Health check passed: {service}
39928,2026-01-12,19:33:32,INFO,WebServer,Health check passed: WebServer,E102,Health check passed: {service}
39929,2026-01-12,19:56:45,INFO,OrderProcessor,Page view: /home by u1703,E103,Page view: {page} by {user}
39930,2026-01-12,19:15:24,WARN,AuthService,Unauthorized access attempt from 10.0.0.45,E401,Unauthorized access attempt from {ip}
39931,2026-01-12,19:10:26,INFO,PaymentGateway,Health check passed: PaymentGateway,E102,Health check passed: {service}
39932,2026-01-12,19:50:18,INFO,WebServer,Health check passed: WebServer,E102,Health check passed: {service}
39933,2026-01-12,19:41:58,INFO,AuthService,Health check passed: AuthService,E102,Health check passed: {service}
39934,2026-01-12,19:40:10,INFO,WebServer,Transaction tx221804 completed in 1171ms,E104,Transaction {tx} completed in {time}ms
39935,2026-01-12,19:46:58,INFO,WebServer,Transaction tx345163 completed in 919ms,E104,Transaction {tx} completed in {time}ms
39936,2026-01-12,19:19:05,INFO,OrderProcessor,Transaction tx777231 completed in 1376ms,E104,Transaction {tx} completed in {time}ms
39937,2026-01-12,19:21:34,INFO,OrderProcessor,Health check passed: OrderProcessor,E102,Health check passed: {service}
39938,2026-01-12,19:40:15,INFO,WebServer,User u4733 login successful,E101,User {user} login successful
39939,2026-01-12,19:37:55,WARN,WebServer,High latency (779ms) detected on WebServer,E201,High latency ({time}ms) detected on {service}
39940,2026-01-12,19:48:31,INFO,WebServer,Transaction tx127619 completed in 1206ms,E104,Transaction {tx} completed in {time}ms
39941,2026-01-12,19:52:55,INFO,AuthService,Page view: /home by u4868,E103,Page view: {page} by {user}
39942,2026-01-12,19:09:24,INFO,AuthService,User u4113 login successful,E101,User {user} login successful
39943,2026-01-12,19:58:22,INFO,AuthService,User u3807 login successful,E101,User {user} login successful
39944,2026-01-12,19:48:38,INFO,AuthService,Transaction tx480121 completed in 462ms,E104,Transaction {tx} completed in {time}ms
39945,2026-01-12,19:42:08,INFO,WebServer,Health check passed: WebServer,E102,Health check passed: {service}
39946,2026-01-12,19:04:56,WARN,AuthService,Disk usage > 85% on node node-3,E202,Disk usage > 85% on node {node}
39947,2026-01-12,19:11:06,INFO,WebServer,Page view: /home by u4336,E103,Page view: {page} by {user}
39948,2026-01-12,19:08:55,INFO,WebServer,Page view: /home by u4054,E103,Page view: {page} by {user}
39949,2026-01-12,19:14:49,INFO,WebServer,User u3674 login successful,E101,User {user} login successful
39950,2026-01-12,19:33:38,INFO,OrderProcessor,Page view: /home by u3797,E103,Page view: {page} by {user}
39951,2026-01-12,19:14:14,INFO,OrderProcessor,User u1798 login successful,E101,User {user} login successful
39952,2026-01-12,19:16:20,INFO,AuthService,Page view: /home by u4019,E103,Page view: {page} by {user}
39953,2026-01-12,19:24:25,INFO,WebServer,Health check passed: WebServer,E102,Health check passed: {service}
39954,2026-01-12,19:24:18,INFO,AuthService,Page view: /home by u3416,E103,Page view: {page} by {user}
39955,2026-01-12,19:08:35,WARN,WebServer,Unauthorized access attempt from 10.0.0.45,E401,Unauthorized access attempt from {ip}
39956,2026-01-12,19:30:59,INFO,AuthService,Health check passed: AuthService,E102,Health check passed: {service}
39957,2026-01-12,19:07:47,INFO,WebServer,User u1868 login successful,E101,User {user} login successful
39958,2026-01-12,19:47:21,INFO,WebServer,Health check passed: WebServer,E102,Health check passed: {service}
39959,2026-01-12,19:32:13,INFO,WebServer,Health check passed: WebServer,E102,Health check passed: {service}
39960,2026-01-12,19:26:24,INFO,AuthService,Page view: /home by u2196,E103,Page view: {page} by {user}
39961,2026-01-12,19:04:20,INFO,PaymentGateway,Health check passed: PaymentGateway,E102,Health check passed: {service}
39962,2026-01-12,19:45:00,INFO,OrderProcessor,User u1995 login successful,E101,User {user} login successful
39963,2026-01-12,19:26:22,INFO,WebServer,Health check passed: WebServer,E102,Health check passed: {service}
39964,2026-01-12,19:45:21,INFO,WebServer,Health check passed: WebServer,E102,Health check passed: {service}
39965,2026-01-12,19:45:16,INFO,OrderProcessor,Health check passed: OrderProcessor,E102,Health check passed: {service}
39966,2026-01-12,19:34:44,INFO,WebServer,Transaction tx815028 completed in 1557ms,E104,Transaction {tx} completed in {time}ms
39967,2026-01-12,19:19:14,INFO,WebServer,Page view: /home by u4709,E103,Page view: {page} by {user}
39968,2026-01-12,19:34:23,WARN,WebServer,High latency (1737ms) detected on WebServer,E201,High latency ({time}ms) detected on {service}
39969,2026-01-12,19:21:48,ERROR,OrderProcessor,Timeout waiting for lock on InventoryDB,E502,Timeout waiting for lock on {db}
39970,2026-01-12,19:14:26,INFO,OrderProcessor,Health check passed: OrderProcessor,E102,Health check passed: {service}
39971,2026-01-12,19:31:13,INFO,OrderProcessor,User u4351 login successful,E101,User {user} login successful
39972,2026-01-12,19:32:36,INFO,WebServer,Page view: /home by u4308,E103,Page view: {page} by {user}
39973,2026-01-12,19:56:42,INFO,AuthService,Transaction tx512407 completed in 886ms,E104,Transaction {tx} completed in {time}ms
39974,2026-01-12,19:06:28,INFO,OrderProcessor,Transaction tx345283 completed in 589ms,E104,Transaction {tx} completed in {time}ms
39975,2026-01-12,19:33:59,INFO,WebServer,User u4809 login successful,E101,User {user} login successful
39976,2026-01-12,19:26:16,INFO,AuthService,Health check passed: AuthService,E102,Health check passed: {service}
39977,2026-01-12,19:09:35,INFO,OrderProcessor,User u2904 login successful,E101,User {user} login successful
39978,2026-01-12,19:07:43,INFO,AuthService,User u2614 login successful,E101,User {user} login successful
39979,2026-01-12,19:08:19,INFO,AuthService,Transaction tx137526 completed in 393ms,E104,Transaction {tx} completed in {time}ms
39980,2026-01-12,19:43:13,INFO,WebServer,Transaction tx157728 completed in 1321ms,E104,Transaction {tx} completed in {time}ms
39981,2026-01-12,19:15:49,INFO,WebServer,Page view: /home by u1790,E103,Page view: {page} by {user}
39982,2026-01-12,19:49:40,INFO,OrderProcessor,Transaction tx854388 completed in 1095ms,E104,Transaction {tx} completed in {time}ms
39983,2026-01-12,19:59:01,INFO,OrderProcessor,Health check passed: OrderProcessor,E102,Health check passed: {service}
39984,2026-01-12,19:16:06,INFO,WebServer,Transaction tx211607 completed in 1671ms,E104,Transaction {tx} completed in {time}ms
39985,2026-01-12,19:22:19,INFO,PaymentGateway,Health check passed: PaymentGateway,E102,Health check passed: {service}
39986,2026-01-12,19:59:23,INFO,WebServer,Page view: /home by u3205,E103,Page view: {page} by {user}
39987,2026-01-12,19:48:03,INFO,WebServer,Transaction tx166452 completed in 706ms,E104,Transaction {tx} completed in {time}ms
39988,2026-01-12,19:00:21,INFO,PaymentGateway,User u4901 login successful,E101,User {user} login successful
39989,2026-01-12,19:06:54,INFO,AuthService,User u4181 login successful,E101,User {user} login successful
39990,2026-01-12,19:23:18,INFO,WebServer,Page view: /home by u4040,E103,Page view: {page} by {user}
39991,2026-01-12,19:11:16,INFO,WebServer,Transaction tx980942 completed in 1102ms,E104,Transaction {tx} completed in {time}ms
39992,2026-01-12,19:49:51,WARN,WebServer,Unauthorized access attempt from 10.0.0.45,E401,Unauthorized access attempt from {ip}
39993,2026-01-12,19:20:55,INFO,PaymentGateway,Transaction tx710761 completed in 1194ms,E104,Transaction {tx} completed in {time}ms
39994,2026-01-12,19:35:55,INFO,WebServer,User u2641 login successful,E101,User {user} login successful
39995,2026-01-12,19:38:49,INFO,AuthService,User u1041 login successful,E101,User {user} login successful
39996,2026-01-12,19:19:26,WARN,WebServer,High latency (741ms) detected on WebServer,E201,High latency ({time}ms) detected on {service}
39997,2026-01-12,19:21:28,INFO,PaymentGateway,Transaction tx849363 completed in 1072ms,E104,Transaction {tx} completed in {time}ms
39998,2026-01-12,19:58:54,INFO,WebServer,Transaction tx669246 completed in 605ms,E104,Transaction {tx} completed in {time}ms
39999,2026-01-12,19:25:31,INFO,OrderProcessor,User u2787 login successful,E101,User {user} login successful
40000,2026-01-12,19:43:16,INFO,WebServer,Page view: /home by u2795,E103,Page view: {page} by {user}
40001,2026-01-12,19:07:26,INFO,OrderProcessor,User u3623 login successful,E101,User {user} login successful
40002,2026-01-12,19:21:10,INFO,OrderProcessor,Page view: /home by u3941,E103,Page view: {page} by {user}
40003,2026-01-12,19:23:07,INFO,WebServer,Transaction tx852085 completed in 203ms,E104,Transaction {tx} completed in {time}ms
40004,2026-01-12,19:34:10,INFO,WebServer,Page view: /home by u4908,E103,Page view: {page} by {user}
40005,2026-01-12,19:58:27,INFO,PaymentGateway,Page view: /home by u1975,E103,Page view: {page} by {user}
40006,2026-01-12,19:16:24,INFO,OrderProcessor,Health check passed: OrderProcessor,E102,Health check passed: {service}
40007,2026-01-12,19:14:39,INFO,WebServer,Page view: /home by u2097,E103,Page view: {page} by {user}
40008,2026-01-12,19:56:55,INFO,OrderProcessor,Page view: /home by u3697,E103,Page view: {page} by {user}
40009,2026-01-12,19:33:38,INFO,WebServer,Health check passed: WebServer,E102,Health check passed: {service}
40010,2026-01-12,19:27:02,WARN,AuthService,High latency (805ms) detected on AuthService,E201,High latency ({time}ms) detected on {service}
40011,2026-01-12,19:00:44,INFO,WebServer,Health check passed: WebServer,E102,Health check passed: {service}
40012,2026-01-12,19:36:46,INFO,AuthService,Transaction tx485235 completed in 1781ms,E104,Transaction {tx} completed in {time}ms
40013,2026-01-12,19:00:57,INFO,WebServer,Page view: /home by u1938,E103,Page view: {page} by {user}
40014,2026-01-12,19:26:31,INFO,WebServer,Transaction tx279631 completed in 1484ms,E104,Transaction {tx} completed in {time}ms
40015,2026-01-12,19:49:56,INFO,AuthService,Transaction tx914050 completed in 1299ms,E104,Transaction {tx} completed in {time}ms
40016,2026-01-12,19:30:25,INFO,WebServer,User u3722 login successful,E101,User {user} login successful
40017,2026-01-12,19:50:00,INFO,WebServer,Health check passed: WebServer,E102,Health check passed: {service}
40018,2026-01-12,19:53:25,INFO,OrderProcessor,User u2195 login successful,E101,User {user} login successful
40019,2026-01-12,19:00:51,INFO,AuthService,User u1126 login successful,E101,User {user} login successful
40020,2026-01-12,19:23:32,WARN,WebServer,Unauthorized access attempt from 10.0.0.45,E401,Unauthorized access attempt from {ip}
40021,2026-01-12,19:06:50,INFO,InventoryDB,Transaction tx742925 completed in 25ms,E104,Transaction {tx} completed in {time}ms
40022,2026-01-12,19:48:07,WARN,WebServer,High latency (749ms) detected on WebServer,E201,High latency ({time}ms) detected on {service}
40023,2026-01-12,19:04:51,INFO,InventoryDB,Page view: /home by u1793,E103,Page view: {page} by {user}
40024,2026-01-12,19:56:15,INFO,WebServer,Health check passed: WebServer,E102,Health check passed: {service}
40025,2026-01-12,19:57:52,INFO,WebServer,Page view: /home by u1086,E103,Page view: {page} by {user}
40026,2026-01-12,19:22:17,WARN,PaymentGateway,Unauthorized access attempt from 10.0.0.12,E401,Unauthorized access attempt from {ip}
40027,2026-01-12,19:52:38,INFO,PaymentGateway,Page view: /home by u2708,E103,Page view: {page} by {user}
40028,2026-01-12,19:24:42,INFO,PaymentGateway,Transaction tx352827 completed in 809ms,E104,Transaction {tx} completed in {time}ms
40029,2026-01-12,19:12:08,INFO,WebServer,Page view: /home by u4365,E103,Page view: {page} by {user}
40030,2026-01-12,19:34:54,INFO,WebServer,Health check passed: WebServer,E102,Health check passed: {service}
40031,2026-01-12,19:17:47,INFO,WebServer,Health check passed: WebServer,E102,Health check passed: {service}
40032,2026-01-12,19:46:12,INFO,InventoryDB,Transaction tx692443 completed in 1282ms,E104,Transaction {tx} completed in {time}ms
40033,2026-01-12,19:27:25,INFO,WebServer,User u3377 login successful,E101,User {user} login successful
40034,2026-01-12,19:26:10,INFO,PaymentGateway,Transaction tx626938 completed in 944ms,E104,Transaction {tx} completed in {time}ms
40035,2026-01-12,19:17:46,INFO,AuthService,User u1253 login successful,E101,User {user} login successful
40036,2026-01-12,19:01:24,INFO,InventoryDB,Page view: /home by u1311,E103,Page view: {page} by {user}
40037,2026-01-12,19:27:28,INFO,WebServer,Health check passed: WebServer,E102,Health check passed: {service}
40038,2026-01-12,19:46:15,INFO,WebServer,User u2835 login successful,E101,User {user} login successful
40039,2026-01-12,19:25:54,INFO,PaymentGateway,Page view: /home by u4195,E103,Page view: {page} by {user}
40040,2026-01-12,19:15:36,INFO,AuthService,Page view: /home by u3564,E103,Page view: {page} by {user}
40041,2026-01-12,19:34:34,WARN,InventoryDB,Unauthorized access attempt from 10.0.0.45,E401,Unauthorized access attempt from {ip}
40042,2026-01-12,19:06:34,INFO,OrderProcessor,User u4519 login successful,E101,User {user} login successful
40043,2026-01-12,19:11:43,INFO,WebServer,User u2391 login successful,E101,User {user} login successful
40044,2026-01-12,19:30:05,INFO,WebServer,Health check passed: WebServer,E102,Health check passed: {service}
40045,2026-01-12,19:16:48,INFO,OrderProcessor,Transaction tx918978 completed in 1598ms,E104,Transaction {tx} completed in {time}ms
40046,2026-01-12,19:08:39,CRITICAL,AuthService,KERNEL PANIC: Node node-3 crashed,E601,KERNEL PANIC: Node {node} crashed
40047,2026-01-12,19:04:14,INFO,WebServer,Health check passed: WebServer,E102,Health check passed: {service}
40048,2026-01-12,19:36:24,INFO,OrderProcessor,Transaction tx132755 completed in 1091ms,E104,Transaction {tx} completed in {time}ms
40049,2026-01-12,19:05:03,INFO,WebServer,User u1371 login successful,E101,User {user} login successful
40050,2026-01-12,19:24:36,INFO,WebServer,User u2085 login successful,E101,User {user} login successful
40051,2026-01-12,19:59:29,INFO,WebServer,Transaction tx288320 completed in 372ms,E104,Transaction {tx} completed in {time}ms
40052,2026-01-12,19:36:34,INFO,AuthService,User u1491 login successful,E101,User {user} login successful
40053,2026-01-12,19:10:28,INFO,WebServer,User u2344 login successful,E101,User {user} login successful
40054,2026-01-12,19:03:26,INFO,WebServer,Health check passed: WebServer,E102,Health check passed: {service}
40055,2026-01-12,19:17:33,INFO,OrderProcessor,Transaction tx847488 completed in 1799ms,E104,Transaction {tx} completed in {time}ms
40056,2026-01-12,19:16:25,INFO,AuthService,User u4692 login successful,E101,User {user} login successful
40057,2026-01-12,19:33:33,INFO,WebServer,User u1420 login successful,E101,User {user} login successful
40058,2026-01-12,19:19:05,INFO,AuthService,Transaction tx849764 completed in 547ms,E104,Transaction {tx} completed in {time}ms
40059,2026-01-12,19:56:24,INFO,OrderProcessor,User u3496 login successful,E101,User {user} login successful
40060,2026-01-12,19:09:42,INFO,OrderProcessor,Page view: /home by u4542,E103,Page view: {page} by {user}
40061,2026-01-12,19:54:58,WARN,WebServer,Unauthorized access attempt from 10.0.0.45,E401,Unauthorized access attempt from {ip}
40062,2026-01-12,19:13:16,INFO,PaymentGateway,Transaction tx896673 completed in 852ms,E104,Transaction {tx} completed in {time}ms
40063,2026-01-12,19:24:58,INFO,OrderProcessor,Page view: /home by u1027,E103,Page view: {page} by {user}
40064,2026-01-12,19:22:38,INFO,WebServer,User u1932 login successful,E101,User {user} login successful
40065,2026-01-12,19:33:16,INFO,WebServer,Transaction tx433608 completed in 1239ms,E104,Transaction {tx} completed in {time}ms
40066,2026-01-12,19:59:39,INFO,WebServer,Transaction tx543837 completed in 213ms,E104,Transaction {tx} completed in {time}ms
40067,2026-01-12,19:25:01,INFO,OrderProcessor,Health check passed: OrderProcessor,E102,Health check passed: {service}
40068,2026-01-12,19:13:31,INFO,InventoryDB,User u3224 login successful,E101,User {user} login successful
40069,2026-01-12,19:13:28,INFO,OrderProcessor,Health check passed: OrderProcessor,E102,Health check passed: {service}
40070,2026-01-12,19:07:53,INFO,OrderProcessor,User u4371 login successful,E101,User {user} login successful
40071,2026-01-12,19:01:19,INFO,AuthService,Page view: /home by u2917,E103,Page view: {page} by {user}
40072,2026-01-12,19:22:49,INFO,WebServer,Transaction tx717448 completed in 1574ms,E104,Transaction {tx} completed in {time}ms
40073,2026-01-12,19:01:43,INFO,WebServer,Transaction tx218198 completed in 446ms,E104,Transaction {tx} completed in {time}ms
40074,2026-01-12,19:56:42,INFO,OrderProcessor,Health check passed: OrderProcessor,E102,Health check passed: {service}
40075,2026-01-12,19:56:27,INFO,WebServer,Page view: /home by u1090,E103,Page view: {page} by {user}
40076,2026-01-12,19:16:35,INFO,WebServer,Page view: /home by u4761,E103,Page view: {page} by {user}
40077,2026-01-12,19:08:02,INFO,AuthService,Page view: /home by u3619,E103,Page view: {page} by {user}
40078,2026-01-12,19:34:53,INFO,WebServer,Page view: /home by u1574,E103,Page view: {page} by {user}
40079,2026-01-12,19:33:51,INFO,AuthService,User u2369 login successful,E101,User {user} login successful
40080,2026-01-12,19:09:45,INFO,WebServer,Health check passed: WebServer,E102,Health check passed: {service}
40081,2026-01-12,19:44:01,INFO,WebServer,Transaction tx693846 completed in 874ms,E104,Transaction {tx} completed in {time}ms
40082,2026-01-12,19:15:32,WARN,OrderProcessor,High latency (1438ms) detected on OrderProcessor,E201,High latency ({time}ms) detected on {service}
40083,2026-01-12,19:39:12,INFO,OrderProcessor,Page view: /home by u1551,E103,Page view: {page} by {user}
40084,2026-01-12,19:09:36,INFO,WebServer,Transaction tx763635 completed in 1604ms,E104,Transaction {tx} completed in {time}ms
40085,2026-01-12,19:30:03,INFO,WebServer,Transaction tx899931 completed in 1560ms,E104,Transaction {tx} completed in {time}ms
40086,2026-01-12,19:43:00,INFO,OrderProcessor,Page view: /home by u4140,E103,Page view: {page} by {user}
40087,2026-01-12,19:24:49,INFO,WebServer,User u1151 login successful,E101,User {user} login successful
40088,2026-01-12,19:16:46,INFO,WebServer,User u2282 login successful,E101,User {user} login successful
40089,2026-01-12,19:58:30,WARN,WebServer,Disk usage > 85% on node node-3,E202,Disk usage > 85% on node {node}
40090,2026-01-12,19:25:53,INFO,PaymentGateway,Transaction tx876932 completed in 1547ms,E104,Transaction {tx} completed in {time}ms
40091,2026-01-12,19:57:01,INFO,WebServer,Transaction tx598303 completed in 1818ms,E104,Transaction {tx} completed in {time}ms
40092,2026-01-12,19:10:06,INFO,InventoryDB,Transaction tx423458 completed in 269ms,E104,Transaction {tx} completed in {time}ms
40093,2026-01-12,19:07:02,INFO,WebServer,User u2633 login successful,E101,User {user} login successful
40094,2026-01-12,19:13:49,INFO,WebServer,User u2183 login successful,E101,User {user} login successful
40095,2026-01-12,20:18:26,INFO,AuthService,User u4828 login successful,E101,User {user} login successful
40096,2026-01-12,20:43:45,INFO,OrderProcessor,Health check passed: OrderProcessor,E102,Health check passed: {service}
40097,2026-01-12,20:08:26,INFO,WebServer,Health check passed: WebServer,E102,Health check passed: {service}
40098,2026-01-12,20:14:58,WARN,WebServer,Disk usage > 85% on node node-5,E202,Disk usage > 85% on node {node}
40099,2026-01-12,20:24:47,INFO,WebServer,Health check passed: WebServer,E102,Health check passed: {service}
40100,2026-01-12,20:00:41,INFO,WebServer,Page view: /home by u1189,E103,Page view: {page} by {user}
40101,2026-01-12,20:13:01,ERROR,AuthService,Connection refused to AuthService at 10.0.0.45,E501,Connection refused to {service} at {ip}
40102,2026-01-12,20:50:24,INFO,WebServer,User u1263 login successful,E101,User {user} login successful
40103,2026-01-12,20:23:58,INFO,PaymentGateway,Page view: /home by u4858,E103,Page view: {page} by {user}
40104,2026-01-12,20:37:15,INFO,WebServer,Transaction tx227811 completed in 1892ms,E104,Transaction {tx} completed in {time}ms
40105,2026-01-12,20:45:57,INFO,WebServer,Page view: /home by u2166,E103,Page view: {page} by {user}
40106,2026-01-12,20:28:05,INFO,OrderProcessor,User u4549 login successful,E101,User {user} login successful
40107,2026-01-12,20:28:43,INFO,InventoryDB,Health check passed: InventoryDB,E102,Health check passed: {service}
40108,2026-01-12,20:14:17,INFO,WebServer,Health check passed: WebServer,E102,Health check passed: {service}
40109,2026-01-12,20:59:20,INFO,WebServer,Transaction tx492247 completed in 1573ms,E104,Transaction {tx} completed in {time}ms
40110,2026-01-12,20:21:33,INFO,WebServer,Page view: /home by u1820,E103,Page view: {page} by {user}
40111,2026-01-12,20:50:50,INFO,WebServer,Transaction tx236912 completed in 1179ms,E104,Transaction {tx} completed in {time}ms
40112,2026-01-12,20:31:20,INFO,WebServer,Transaction tx813097 completed in 1581ms,E104,Transaction {tx} completed in {time}ms
40113,2026-01-12,20:21:33,INFO,OrderProcessor,Transaction tx217657 completed in 121ms,E104,Transaction {tx} completed in {time}ms
40114,2026-01-12,20:13:55,INFO,OrderProcessor,Page view: /home by u2138,E103,Page view: {page} by {user}
40115,2026-01-12,20:06:41,INFO,WebServer,User u4849 login successful,E101,User {user} login successful
40116,2026-01-12,20:16:05,INFO,WebServer,Page view: /home by u2760,E103,Page view: {page} by {user}
40117,2026-01-12,20:13:29,INFO,OrderProcessor,Transaction tx960938 completed in 269ms,E104,Transaction {tx} completed in {time}ms
40118,2026-01-12,20:03:53,WARN,WebServer,Unauthorized access attempt from 10.0.0.45,E401,Unauthorized access attempt from {ip}
40119,2026-01-12,20:36:57,INFO,WebServer,User u4267 login successful,E101,User {user} login successful
40120,2026-01-12,20:02:42,INFO,WebServer,Page view: /home by u2891,E103,Page view: {page} by {user}
40121,2026-01-12,20:30:45,INFO,PaymentGateway,Page view: /home by u1091,E103,Page view: {page} by {user}
40122,2026-01-12,20:26:28,INFO,PaymentGateway,Health check passed: PaymentGateway,E102,Health check passed: {service}
40123,2026-01-12,20:32:21,INFO,AuthService,Page view: /home by u2050,E103,Page view: {page} by {user}
40124,2026-01-12,20:00:04,INFO,AuthService,Health check passed: AuthService,E102,Health check passed: {service}
40125,2026-01-12,20:11:51,WARN,WebServer,Disk usage > 85% on node node-1,E202,Disk usage > 85% on node {node}
40126,2026-01-12,20:13:53,WARN,AuthService,Disk usage > 85% on node node-4,E202,Disk usage > 85% on node {node}
40127,2026-01-12,20:55:36,WARN,WebServer,Disk usage > 85% on node node-5,E202,Disk usage > 85% on node {node}
40128,2026-01-12,20:03:22,INFO,InventoryDB,Page view: /home by u1583,E103,Page view: {page} by {user}
40129,2026-01-12,20:11:24,INFO,WebServer,Transaction tx318067 completed in 1921ms,E104,Transaction {tx} completed in {time}ms
40130,2026-01-12,20:44:12,INFO,WebServer,Transaction tx449745 completed in 272ms,E104,Transaction {tx} completed in {time}ms
40131,2026-01-12,20:11:15,INFO,OrderProcessor,User u1762 login successful,E101,User {user} login successful
40132,2026-01-12,20:00:03,INFO,WebServer,Page view: /home by u1982,E103,Page view: {page} by {user}
40133,2026-01-12,20:05:01,INFO,WebServer,Page view: /home by u4171,E103,Page view: {page} by {user}
40134,2026-01-12,20:03:24,INFO,WebServer,Health check passed: WebServer,E102,Health check passed: {service}
40135,2026-01-12,20:08:05,INFO,WebServer,Health check passed: WebServer,E102,Health check passed: {service}
40136,2026-01-12,20:55:49,INFO,InventoryDB,Page view: /home by u3625,E103,Page view: {page} by {user}
40137,2026-01-12,20:15:51,INFO,AuthService,Page view: /home by u3743,E103,Page view: {page} by {user}
40138,2026-01-12,20:28:54,INFO,WebServer,Transaction tx639311 completed in 1197ms,E104,Transaction {tx} completed in {time}ms
40139,2026-01-12,20:54:19,INFO,WebServer,Transaction tx881371 completed in 1070ms,E104,Transaction {tx} completed in {time}ms
40140,2026-01-12,20:20:08,INFO,InventoryDB,Page view: /home by u1155,E103,Page view: {page} by {user}
40141,2026-01-12,20:55:26,INFO,WebServer,Transaction tx728292 completed in 1711ms,E104,Transaction {tx} completed in {time}ms
40142,2026-01-12,20:31:02,INFO,WebServer,Transaction tx248092 completed in 769ms,E104,Transaction {tx} completed in {time}ms
40143,2026-01-12,20:03:48,INFO,WebServer,Page view: /home by u2773,E103,Page view: {page} by {user}
40144,2026-01-12,20:35:36,INFO,AuthService,Page view: /home by u4981,E103,Page view: {page} by {user}
40145,2026-01-12,20:31:37,INFO,PaymentGateway,Transaction tx573073 completed in 1370ms,E104,Transaction {tx} completed in {time}ms
40146,2026-01-12,20:51:17,INFO,WebServer,User u2848 login successful,E101,User {user} login successful
40147,2026-01-12,20:54:39,INFO,WebServer,Health check passed: WebServer,E102,Health check passed: {service}
40148,2026-01-12,20:36:40,INFO,WebServer,User u3557 login successful,E101,User {user} login successful
40149,2026-01-12,20:18:55,INFO,WebServer,Transaction tx235754 completed in 1038ms,E104,Transaction {tx} completed in {time}ms
40150,2026-01-12,20:55:51,INFO,WebServer,User u4585 login successful,E101,User {user} login successful
40151,2026-01-12,20:16:00,INFO,WebServer,Transaction tx293055 completed in 1013ms,E104,Transaction {tx} completed in {time}ms
40152,2026-01-12,20:38:20,INFO,WebServer,Health check passed: WebServer,E102,Health check passed: {service}
40153,2026-01-12,20:57:40,INFO,WebServer,User u3791 login successful,E101,User {user} login successful
40154,2026-01-12,20:14:41,INFO,AuthService,User u1666 login successful,E101,User {user} login successful
40155,2026-01-12,20:01:28,INFO,WebServer,Transaction tx314151 completed in 1634ms,E104,Transaction {tx} completed in {time}ms
40156,2026-01-12,20:16:03,INFO,WebServer,Transaction tx436322 completed in 1115ms,E104,Transaction {tx} completed in {time}ms
40157,2026-01-12,20:50:48,INFO,InventoryDB,Page view: /home by u3119,E103,Page view: {page} by {user}
40158,2026-01-12,20:59:49,INFO,PaymentGateway,Transaction tx279454 completed in 346ms,E104,Transaction {tx} completed in {time}ms
40159,2026-01-12,20:24:16,INFO,WebServer,Health check passed: WebServer,E102,Health check passed: {service}
40160,2026-01-12,20:28:52,INFO,PaymentGateway,User u1714 login successful,E101,User {user} login successful
40161,2026-01-12,20:55:33,INFO,PaymentGateway,Transaction tx329561 completed in 1680ms,E104,Transaction {tx} completed in {time}ms
40162,2026-01-12,20:54:41,INFO,AuthService,User u2415 login successful,E101,User {user} login successful
40163,2026-01-12,20:50:05,INFO,WebServer,Transaction tx575205 completed in 26ms,E104,Transaction {tx} completed in {time}ms
40164,2026-01-12,20:04:10,INFO,OrderProcessor,Health check passed: OrderProcessor,E102,Health check passed: {service}
40165,2026-01-12,20:22:00,INFO,WebServer,Health check passed: WebServer,E102,Health check passed: {service}
40166,2026-01-12,20:45:07,INFO,AuthService,Health check passed: AuthService,E102,Health check passed: {service}
40167,2026-01-12,20:33:32,INFO,WebServer,Page view: /home by u3010,E103,Page view: {page} by {user}
40168,2026-01-12,20:25:34,INFO,WebServer,User u3627 login successful,E101,User {user} login successful
40169,2026-01-12,20:02:15,INFO,OrderProcessor,Transaction tx415048 completed in 1386ms,E104,Transaction {tx} completed in {time}ms
40170,2026-01-12,20:21:21,WARN,WebServer,High latency (102ms) detected on WebServer,E201,High latency ({time}ms) detected on {service}
40171,2026-01-12,20:40:37,INFO,OrderProcessor,Page view: /home by u1743,E103,Page view: {page} by {user}
40172,2026-01-12,20:30:13,INFO,WebServer,Page view: /home by u4660,E103,Page view: {page} by {user}
40173,2026-01-12,20:34:54,INFO,AuthService,Transaction tx164994 completed in 296ms,E104,Transaction {tx} completed in {time}ms
40174,2026-01-12,20:15:06,INFO,WebServer,Transaction tx669937 completed in 1669ms,E104,Transaction {tx} completed in {time}ms
40175,2026-01-12,20:00:32,CRITICAL,OrderProcessor,KERNEL PANIC: Node node-3 crashed,E601,KERNEL PANIC: Node {node} crashed
40176,2026-01-12,20:48:14,INFO,InventoryDB,User u3222 login successful,E101,User {user} login successful
40177,2026-01-12,20:33:53,INFO,WebServer,Health check passed: WebServer,E102,Health check passed: {service}
40178,2026-01-12,20:04:29,INFO,AuthService,Page view: /home by u3694,E103,Page view: {page} by {user}
40179,2026-01-12,20:17:15,INFO,OrderProcessor,Transaction tx634107 completed in 267ms,E104,Transaction {tx} completed in {time}ms
40180,2026-01-12,20:15:49,INFO,WebServer,Transaction tx666944 completed in 1488ms,E104,Transaction {tx} completed in {time}ms
40181,2026-01-12,20:24:02,INFO,PaymentGateway,Health check passed: PaymentGateway,E102,Health check passed: {service}
40182,2026-01-12,20:49:10,INFO,PaymentGateway,Transaction tx903276 completed in 794ms,E104,Transaction {tx} completed in {time}ms
40183,2026-01-12,20:15:33,WARN,WebServer,High latency (924ms) detected on WebServer,E201,High latency ({time}ms) detected on {service}
40184,2026-01-12,20:59:54,INFO,WebServer,Transaction tx132822 completed in 1808ms,E104,Transaction {tx} completed in {time}ms
40185,2026-01-12,20:34:25,INFO,InventoryDB,Transaction tx805786 completed in 655ms,E104,Transaction {tx} completed in {time}ms
40186,2026-01-12,20:03:02,INFO,AuthService,Transaction tx922236 completed in 1047ms,E104,Transaction {tx} completed in {time}ms
40187,2026-01-12,20:35:28,INFO,WebServer,User u1527 login successful,E101,User {user} login successful
40188,2026-01-12,20:43:22,INFO,OrderProcessor,Health check passed: OrderProcessor,E102,Health check passed: {service}
40189,2026-01-12,20:35:08,INFO,WebServer,Health check passed: WebServer,E102,Health check passed: {service}
40190,2026-01-12,20:33:29,INFO,WebServer,Health check passed: WebServer,E102,Health check passed: {service}
40191,2026-01-12,20:38:50,INFO,InventoryDB,Health check passed: InventoryDB,E102,Health check passed: {service}
40192,2026-01-12,20:13:39,INFO,WebServer,Page view: /home by u2417,E103,Page view: {page} by {user}
40193,2026-01-12,20:56:33,INFO,AuthService,Page view: /home by u3198,E103,Page view: {page} by {user}
40194,2026-01-12,20:21:46,INFO,PaymentGateway,User u1987 login successful,E101,User {user} login successful
40195,2026-01-12,20:14:01,WARN,AuthService,Disk usage > 85% on node node-5,E202,Disk usage > 85% on node {node}
40196,2026-01-12,20:06:32,INFO,OrderProcessor,Page view: /home by u2967,E103,Page view: {page} by {user}
40197,2026-01-12,20:02:21,INFO,WebServer,Transaction tx164220 completed in 60ms,E104,Transaction {tx} completed in {time}ms
40198,2026-01-12,20:47:42,INFO,WebServer,Page view: /home by u4929,E103,Page view: {page} by {user}
40199,2026-01-12,20:26:56,INFO,AuthService,Health check passed: AuthService,E102,Health check passed: {service}
40200,2026-01-12,20:31:44,WARN,WebServer,Disk usage > 85% on node node-2,E202,Disk usage > 85% on node {node}
40201,2026-01-12,20:56:49,WARN,WebServer,High latency (514ms) detected on WebServer,E201,High latency ({time}ms) detected on {service}
40202,2026-01-12,20:27:46,INFO,WebServer,User u2002 login successful,E101,User {user} login successful
40203,2026-01-12,20:36:18,INFO,WebServer,Health check passed: WebServer,E102,Health check passed: {service}
40204,2026-01-12,20:44:40,INFO,WebServer,User u3453 login successful,E101,User {user} login successful
40205,2026-01-12,20:52:19,INFO,AuthService,Health check passed: AuthService,E102,Health check passed: {service}
40206,2026-01-12,20:02:54,WARN,PaymentGateway,Unauthorized access attempt from 10.0.0.45,E401,Unauthorized access attempt from {ip}
40207,2026-01-12,20:32:50,INFO,OrderProcessor,User u2511 login successful,E101,User {user} login successful
40208,2026-01-12,20:22:06,INFO,PaymentGateway,Transaction tx816496 completed in 1771ms,E104,Transaction {tx} completed in {time}ms
40209,2026-01-12,20:29:24,INFO,AuthService,User u3090 login successful,E101,User {user} login successful
40210,2026-01-12,20:08:19,INFO,PaymentGateway,User u1874 login successful,E101,User {user} login successful
40211,2026-01-12,20:10:30,INFO,WebServer,Transaction tx714774 completed in 1306ms,E104,Transaction {tx} completed in {time}ms
40212,2026-01-12,20:03:32,WARN,PaymentGateway,High latency (449ms) detected on PaymentGateway,E201,High latency ({time}ms) detected on {service}
40213,2026-01-12,20:28:10,INFO,AuthService,User u2758 login successful,E101,User {user} login successful
40214,2026-01-12,20:41:37,INFO,AuthService,Transaction tx942615 completed in 1867ms,E104,Transaction {tx} completed in {time}ms
40215,2026-01-12,20:28:05,INFO,PaymentGateway,Page view: /home by u1558,E103,Page view: {page} by {user}
40216,2026-01-12,20:46:38,INFO,OrderProcessor,Health check passed: OrderProcessor,E102,Health check passed: {service}
40217,2026-01-12,20:37:33,INFO,WebServer,Transaction tx624674 completed in 1624ms,E104,Transaction {tx} completed in {time}ms
40218,2026-01-12,20:59:51,INFO,OrderProcessor,Health check passed: OrderProcessor,E102,Health check passed: {service}
40219,2026-01-12,20:01:20,INFO,WebServer,User u3886 login successful,E101,User {user} login successful
40220,2026-01-12,20:20:40,INFO,OrderProcessor,User u1368 login successful,E101,User {user} login successful
40221,2026-01-12,20:04:10,INFO,AuthService,Page view: /home by u4253,E103,Page view: {page} by {user}
40222,2026-01-12,20:50:04,INFO,AuthService,User u2997 login successful,E101,User {user} login successful
40223,2026-01-12,20:07:50,INFO,AuthService,Page view: /home by u4406,E103,Page view: {page} by {user}
40224,2026-01-12,20:49:35,INFO,WebServer,Page view: /home by u2163,E103,Page view: {page} by {user}
40225,2026-01-12,20:31:33,INFO,AuthService,User u3238 login successful,E101,User {user} login successful
40226,2026-01-12,20:59:34,INFO,InventoryDB,Health check passed: InventoryDB,E102,Health check passed: {service}
40227,2026-01-12,20:51:45,INFO,OrderProcessor,Page view: /home by u1869,E103,Page view: {page} by {user}
40228,2026-01-12,20:52:09,INFO,WebServer,Health check passed: WebServer,E102,Health check passed: {service}
40229,2026-01-12,20:04:44,INFO,AuthService,Page view: /home by u4647,E103,Page view: {page} by {user}
40230,2026-01-12,20:22:59,INFO,WebServer,Health check passed: WebServer,E102,Health check passed: {service}
40231,2026-01-12,20:06:38,INFO,InventoryDB,Health check passed: InventoryDB,E102,Health check passed: {service}
40232,2026-01-12,20:30:58,INFO,WebServer,User u2309 login successful,E101,User {user} login successful
40233,2026-01-12,20:19:22,INFO,OrderProcessor,Page view: /home by u3472,E103,Page view: {page} by {user}
40234,2026-01-12,20:20:07,ERROR,PaymentGateway,Payment declined: Gateway unavailable,E503,Payment declined: Gateway unavailable
40235,2026-01-12,20:53:05,INFO,WebServer,User u4002 login successful,E101,User {user} login successful
40236,2026-01-12,20:18:59,INFO,OrderProcessor,User u3493 login successful,E101,User {user} login successful
40237,2026-01-12,20:57:57,INFO,WebServer,User u1430 login successful,E101,User {user} login successful
40238,2026-01-12,20:11:09,INFO,InventoryDB,User u1322 login successful,E101,User {user} login successful
40239,2026-01-12,20:51:28,INFO,PaymentGateway,User u4773 login successful,E101,User {user} login successful
40240,2026-01-12,20:09:41,INFO,AuthService,Health check passed: AuthService,E102,Health check passed: {service}
40241,2026-01-12,20:47:37,WARN,AuthService,High latency (1635ms) detected on AuthService,E201,High latency ({time}ms) detected on {service}
40242,2026-01-12,20:05:36,INFO,WebServer,Transaction tx714629 completed in 1224ms,E104,Transaction {tx} completed in {time}ms
40243,2026-01-12,20:20:16,INFO,AuthService,User u4858 login successful,E101,User {user} login successful
40244,2026-01-12,20:23:03,INFO,AuthService,User u2154 login successful,E101,User {user} login successful
40245,2026-01-12,20:50:09,INFO,AuthService,User u3367 login successful,E101,User {user} login successful
40246,2026-01-12,20:47:54,INFO,WebServer,Health check passed: WebServer,E102,Health check passed: {service}
40247,2026-01-12,20:24:40,INFO,AuthService,Transaction tx518561 completed in 1801ms,E104,Transaction {tx} completed in {time}ms
40248,2026-01-12,20:45:34,INFO,WebServer,User u3234 login successful,E101,User {user} login successful
40249,2026-01-12,20:20:58,INFO,WebServer,Transaction tx900748 completed in 109ms,E104,Transaction {tx} completed in {time}ms
40250,2026-01-12,20:16:04,INFO,InventoryDB,Page view: /home by u2431,E103,Page view: {page} by {user}
40251,2026-01-12,20:15:27,INFO,InventoryDB,User u2256 login successful,E101,User {user} login successful
40252,2026-01-12,20:14:57,ERROR,WebServer,Connection refused to WebServer at 10.0.0.12,E501,Connection refused to {service} at {ip}
40253,2026-01-12,20:57:47,INFO,WebServer,Transaction tx997614 completed in 1097ms,E104,Transaction {tx} completed in {time}ms
40254,2026-01-12,20:09:07,INFO,WebServer,Health check passed: WebServer,E102,Health check passed: {service}
40255,2026-01-12,20:11:42,INFO,WebServer,Page view: /home by u3638,E103,Page view: {page} by {user}
40256,2026-01-12,20:45:42,WARN,WebServer,Unauthorized access attempt from 10.0.0.99,E401,Unauthorized access attempt from {ip}
40257,2026-01-12,20:07:00,INFO,AuthService,Health check passed: AuthService,E102,Health check passed: {service}
40258,2026-01-12,20:34:12,INFO,PaymentGateway,Transaction tx634329 completed in 1304ms,E104,Transaction {tx} completed in {time}ms
40259,2026-01-12,20:00:51,INFO,AuthService,Transaction tx974639 completed in 691ms,E104,Transaction {tx} completed in {time}ms
40260,2026-01-12,20:52:35,INFO,PaymentGateway,Health check passed: PaymentGateway,E102,Health check passed: {service}
40261,2026-01-12,20:08:21,INFO,WebServer,Health check passed: WebServer,E102,Health check passed: {service}
40262,2026-01-12,20:22:08,INFO,OrderProcessor,Transaction tx998634 completed in 528ms,E104,Transaction {tx} completed in {time}ms
40263,2026-01-12,20:51:22,INFO,AuthService,User u4009 login successful,E101,User {user} login successful
40264,2026-01-12,20:20:53,INFO,OrderProcessor,Health check passed: OrderProcessor,E102,Health check passed: {service}
40265,2026-01-12,20:34:53,INFO,WebServer,Health check passed: WebServer,E102,Health check passed: {service}
40266,2026-01-12,20:51:05,INFO,OrderProcessor,Health check passed: OrderProcessor,E102,Health check passed: {service}
40267,2026-01-12,20:44:09,INFO,AuthService,Health check passed: AuthService,E102,Health check passed: {service}
40268,2026-01-12,20:27:29,INFO,AuthService,Transaction tx581392 completed in 1923ms,E104,Transaction {tx} completed in {time}ms
40269,2026-01-12,20:44:49,INFO,OrderProcessor,Health check passed: OrderProcessor,E102,Health check passed: {service}
40270,2026-01-12,20:33:06,INFO,WebServer,Page view: /home by u2965,E103,Page view: {page} by {user}
40271,2026-01-12,20:41:21,INFO,WebServer,Page view: /home by u2090,E103,Page view: {page} by {user}
40272,2026-01-12,20:34:25,INFO,OrderProcessor,Transaction tx311596 completed in 1561ms,E104,Transaction {tx} completed in {time}ms
40273,2026-01-12,20:39:47,INFO,WebServer,Page view: /home by u1328,E103,Page view: {page} by {user}
40274,2026-01-12,20:55:51,INFO,WebServer,Transaction tx608237 completed in 688ms,E104,Transaction {tx} completed in {time}ms
40275,2026-01-12,20:59:06,WARN,WebServer,Unauthorized access attempt from 10.0.0.45,E401,Unauthorized access attempt from {ip}
40276,2026-01-12,20:24:48,INFO,WebServer,Page view: /home by u3649,E103,Page view: {page} by {user}
40277,2026-01-12,20:44:30,INFO,PaymentGateway,Health check passed: PaymentGateway,E102,Health check passed: {service}
40278,2026-01-12,20:50:34,INFO,InventoryDB,Transaction tx796423 completed in 587ms,E104,Transaction {tx} completed in {time}ms
40279,2026-01-12,20:10:18,INFO,OrderProcessor,Page view: /home by u1067,E103,Page view: {page} by {user}
40280,2026-01-12,20:18:11,INFO,PaymentGateway,User u3574 login successful,E101,User {user} login successful
40281,2026-01-12,20:06:11,INFO,AuthService,Page view: /home by u2955,E103,Page view: {page} by {user}
40282,2026-01-12,20:35:58,INFO,AuthService,User u1720 login successful,E101,User {user} login successful
40283,2026-01-12,20:53:20,INFO,OrderProcessor,Transaction tx846815 completed in 1805ms,E104,Transaction {tx} completed in {time}ms
40284,2026-01-12,20:41:57,INFO,WebServer,Transaction tx153710 completed in 396ms,E104,Transaction {tx} completed in {time}ms
40285,2026-01-12,20:33:16,INFO,WebServer,Page view: /home by u3320,E103,Page view: {page} by {user}
40286,2026-01-12,20:51:18,INFO,AuthService,Page view: /home by u4536,E103,Page view: {page} by {user}
40287,2026-01-12,20:23:46,INFO,WebServer,Health check passed: WebServer,E102,Health check passed: {service}
40288,2026-01-12,20:25:08,WARN,AuthService,Disk usage > 85% on node node-1,E202,Disk usage > 85% on node {node}
40289,2026-01-12,20:19:36,WARN,PaymentGateway,Unauthorized access attempt from 10.0.0.12,E401,Unauthorized access attempt from {ip}
40290,2026-01-12,20:38:28,INFO,PaymentGateway,Transaction tx863657 completed in 1007ms,E104,Transaction {tx} completed in {time}ms
40291,2026-01-12,20:16:05,INFO,PaymentGateway,Page view: /home by u1772,E103,Page view: {page} by {user}
40292,2026-01-12,20:24:04,INFO,OrderProcessor,User u1714 login successful,E101,User {user} login successful
40293,2026-01-12,20:40:33,INFO,WebServer,Health check passed: WebServer,E102,Health check passed: {service}
40294,2026-01-12,20:28:06,INFO,OrderProcessor,Page view: /home by u3265,E103,Page view: {page} by {user}
40295,2026-01-12,20:18:06,INFO,AuthService,User u4853 login successful,E101,User {user} login successful
40296,2026-01-12,20:29:50,INFO,WebServer,Health check passed: WebServer,E102,Health check passed: {service}
40297,2026-01-12,20:11:41,INFO,PaymentGateway,Health check passed: PaymentGateway,E102,Health check passed: {service}
40298,2026-01-12,20:48:01,INFO,WebServer,Page view: /home by u4728,E103,Page view: {page} by {user}
40299,2026-01-12,20:31:46,INFO,WebServer,Transaction tx819329 completed in 1422ms,E104,Transaction {tx} completed in {time}ms
40300,2026-01-12,20:46:59,INFO,WebServer,User u4970 login successful,E101,User {user} login successful
40301,2026-01-12,20:17:43,INFO,WebServer,Health check passed: WebServer,E102,Health check passed: {service}
40302,2026-01-12,20:49:17,INFO,WebServer,User u1358 login successful,E101,User {user} login successful
40303,2026-01-12,20:22:44,INFO,WebServer,Page view: /home by u4111,E103,Page view: {page} by {user}
40304,2026-01-12,20:07:05,INFO,AuthService,User u1507 login successful,E101,User {user} login successful
40305,2026-01-12,20:08:04,INFO,PaymentGateway,Page view: /home by u3914,E103,Page view: {page} by {user}
40306,2026-01-12,20:12:30,INFO,WebServer,User u3038 login successful,E101,User {user} login successful
40307,2026-01-12,20:45:01,INFO,WebServer,Transaction tx137752 completed in 416ms,E104,Transaction {tx} completed in {time}ms
40308,2026-01-12,20:54:00,INFO,WebServer,Page view: /home by u3463,E103,Page view: {page} by {user}
40309,2026-01-12,20:39:27,WARN,AuthService,Unauthorized access attempt from 10.0.0.99,E401,Unauthorized access attempt from {ip}
40310,2026-01-12,20:10:05,INFO,WebServer,Health check passed: WebServer,E102,Health check passed: {service}
40311,2026-01-12,20:37:13,INFO,WebServer,Health check passed: WebServer,E102,Health check passed: {service}
40312,2026-01-12,20:53:25,ERROR,OrderProcessor,Connection refused to OrderProcessor at 10.0.0.45,E501,Connection refused to {service} at {ip}
40313,2026-01-12,20:11:02,INFO,WebServer,Page view: /home by u2015,E103,Page view: {page} by {user}
40314,2026-01-12,20:48:12,INFO,OrderProcessor,User u3621 login successful,E101,User {user} login successful
40315,2026-01-12,20:19:51,INFO,AuthService,Health check passed: AuthService,E102,Health check passed: {service}
40316,2026-01-12,20:29:11,INFO,OrderProcessor,Page view: /home by u1577,E103,Page view: {page} by {user}
40317,2026-01-12,20:15:37,INFO,PaymentGateway,Health check passed: PaymentGateway,E102,Health check passed: {service}
40318,2026-01-12,20:22:38,INFO,WebServer,Health check passed: WebServer,E102,Health check passed: {service}
40319,2026-01-12,20:54:54,INFO,InventoryDB,User u1968 login successful,E101,User {user} login successful
40320,2026-01-12,20:47:38,WARN,PaymentGateway,High latency (983ms) detected on PaymentGateway,E201,High latency ({time}ms) detected on {service}
40321,2026-01-12,20:49:42,INFO,WebServer,Transaction tx730750 completed in 1569ms,E104,Transaction {tx} completed in {time}ms
40322,2026-01-12,20:27:26,INFO,AuthService,Page view: /home by u2979,E103,Page view: {page} by {user}
40323,2026-01-12,20:23:25,INFO,WebServer,Page view: /home by u4926,E103,Page view: {page} by {user}
40324,2026-01-12,20:16:35,INFO,WebServer,User u3191 login successful,E101,User {user} login successful
40325,2026-01-12,20:53:02,INFO,WebServer,Transaction tx853683 completed in 998ms,E104,Transaction {tx} completed in {time}ms
40326,2026-01-12,20:55:10,INFO,AuthService,Transaction tx153645 completed in 1224ms,E104,Transaction {tx} completed in {time}ms
40327,2026-01-12,20:16:21,ERROR,PaymentGateway,Connection refused to PaymentGateway at 10.0.0.99,E501,Connection refused to {service} at {ip}
40328,2026-01-12,20:01:20,INFO,WebServer,Transaction tx729023 completed in 1690ms,E104,Transaction {tx} completed in {time}ms
40329,2026-01-12,20:11:15,WARN,AuthService,High latency (1986ms) detected on AuthService,E201,High latency ({time}ms) detected on {service}
40330,2026-01-12,20:18:38,INFO,WebServer,Page view: /home by u1659,E103,Page view: {page} by {user}
40331,2026-01-12,20:58:40,INFO,WebServer,Page view: /home by u2683,E103,Page view: {page} by {user}
40332,2026-01-12,20:11:58,INFO,PaymentGateway,Health check passed: PaymentGateway,E102,Health check passed: {service}
40333,2026-01-12,20:24:58,INFO,WebServer,Health check passed: WebServer,E102,Health check passed: {service}
40334,2026-01-12,20:20:20,INFO,WebServer,Health check passed: WebServer,E102,Health check passed: {service}
40335,2026-01-12,20:05:16,INFO,PaymentGateway,Health check passed: PaymentGateway,E102,Health check passed: {service}
40336,2026-01-12,20:34:55,INFO,WebServer,Page view: /home by u3360,E103,Page view: {page} by {user}
40337,2026-01-12,20:53:07,CRITICAL,WebServer,DATA CORRUPTION detected in sector 738,E602,DATA CORRUPTION detected in sector {sector}
40338,2026-01-12,20:52:19,INFO,OrderProcessor,Transaction tx367079 completed in 1114ms,E104,Transaction {tx} completed in {time}ms
40339,2026-01-12,20:30:22,INFO,AuthService,Health check passed: AuthService,E102,Health check passed: {service}
40340,2026-01-12,20:19:02,INFO,WebServer,Transaction tx393097 completed in 1579ms,E104,Transaction {tx} completed in {time}ms
40341,2026-01-12,20:35:49,INFO,OrderProcessor,Transaction tx494293 completed in 1246ms,E104,Transaction {tx} completed in {time}ms
40342,2026-01-12,20:09:36,INFO,WebServer,Transaction tx193233 completed in 658ms,E104,Transaction {tx} completed in {time}ms
40343,2026-01-12,20:04:04,INFO,WebServer,Transaction tx299201 completed in 1363ms,E104,Transaction {tx} completed in {time}ms
40344,2026-01-12,20:59:40,INFO,AuthService,Page view: /home by u1729,E103,Page view: {page} by {user}
40345,2026-01-12,20:55:03,INFO,OrderProcessor,Page view: /home by u4740,E103,Page view: {page} by {user}
40346,2026-01-12,20:48:57,INFO,PaymentGateway,Health check passed: PaymentGateway,E102,Health check passed: {service}
40347,2026-01-12,20:45:49,INFO,WebServer,Health check passed: WebServer,E102,Health check passed: {service}
40348,2026-01-12,20:38:02,INFO,InventoryDB,Page view: /home by u1504,E103,Page view: {page} by {user}
40349,2026-01-12,20:00:14,INFO,WebServer,User u4055 login successful,E101,User {user} login successful
40350,2026-01-12,20:39:48,ERROR,AuthService,Payment declined: Gateway unavailable,E503,Payment declined: Gateway unavailable
40351,2026-01-12,20:19:49,INFO,WebServer,Page view: /home by u2621,E103,Page view: {page} by {user}
40352,2026-01-12,20:58:48,INFO,WebServer,Transaction tx243209 completed in 1088ms,E104,Transaction {tx} completed in {time}ms
40353,2026-01-12,20:33:54,INFO,AuthService,Page view: /home by u3619,E103,Page view: {page} by {user}
40354,2026-01-12,20:35:01,INFO,AuthService,Page view: /home by u3538,E103,Page view: {page} by {user}
40355,2026-01-12,20:39:07,INFO,OrderProcessor,User u2752 login successful,E101,User {user} login successful
40356,2026-01-12,20:52:01,INFO,WebServer,User u2037 login successful,E101,User {user} login successful
40357,2026-01-12,20:15:56,INFO,OrderProcessor,User u3691 login successful,E101,User {user} login successful
40358,2026-01-12,20:09:47,INFO,PaymentGateway,Health check passed: PaymentGateway,E102,Health check passed: {service}
40359,2026-01-12,20:26:58,INFO,InventoryDB,User u2555 login successful,E101,User {user} login successful
40360,2026-01-12,20:05:23,INFO,WebServer,Page view: /home by u2653,E103,Page view: {page} by {user}
40361,2026-01-12,20:33:17,INFO,PaymentGateway,Health check passed: PaymentGateway,E102,Health check passed: {service}
40362,2026-01-12,20:28:10,INFO,WebServer,User u3278 login successful,E101,User {user} login successful
40363,2026-01-12,20:16:50,INFO,WebServer,User u3126 login successful,E101,User {user} login successful
40364,2026-01-12,20:26:37,INFO,OrderProcessor,Page view: /home by u3131,E103,Page view: {page} by {user}
40365,2026-01-12,20:01:11,INFO,WebServer,Transaction tx119303 completed in 291ms,E104,Transaction {tx} completed in {time}ms
40366,2026-01-12,20:31:51,INFO,WebServer,Page view: /home by u3936,E103,Page view: {page} by {user}
40367,2026-01-12,20:33:07,INFO,AuthService,User u2195 login successful,E101,User {user} login successful
40368,2026-01-12,20:58:11,INFO,WebServer,Transaction tx406142 completed in 1139ms,E104,Transaction {tx} completed in {time}ms
40369,2026-01-12,20:45:52,INFO,WebServer,Transaction tx166191 completed in 555ms,E104,Transaction {tx} completed in {time}ms
40370,2026-01-12,20:09:31,INFO,AuthService,Page view: /home by u2236,E103,Page view: {page} by {user}
40371,2026-01-12,20:45:07,INFO,WebServer,Health check passed: WebServer,E102,Health check passed: {service}
40372,2026-01-12,20:06:37,INFO,PaymentGateway,Transaction tx819189 completed in 1412ms,E104,Transaction {tx} completed in {time}ms
40373,2026-01-12,20:40:12,WARN,WebServer,Disk usage > 85% on node node-3,E202,Disk usage > 85% on node {node}
40374,2026-01-12,20:43:28,INFO,OrderProcessor,Health check passed: OrderProcessor,E102,Health check passed: {service}
40375,2026-01-12,20:46:15,WARN,WebServer,High latency (1151ms) detected on WebServer,E201,High latency ({time}ms) detected on {service}
40376,2026-01-12,20:28:57,INFO,WebServer,Health check passed: WebServer,E102,Health check passed: {service}
40377,2026-01-12,20:54:25,INFO,AuthService,Health check passed: AuthService,E102,Health check passed: {service}
40378,2026-01-12,20:16:46,INFO,AuthService,Page view: /home by u2087,E103,Page view: {page} by {user}
40379,2026-01-12,20:25:27,WARN,PaymentGateway,Unauthorized access attempt from 10.0.0.45,E401,Unauthorized access attempt from {ip}
40380,2026-01-12,20:26:32,INFO,OrderProcessor,Health check passed: OrderProcessor,E102,Health check passed: {service}
40381,2026-01-12,20:57:44,INFO,AuthService,Page view: /home by u1038,E103,Page view: {page} by {user}
40382,2026-01-12,20:29:47,INFO,WebServer,Transaction tx672118 completed in 1859ms,E104,Transaction {tx} completed in {time}ms
40383,2026-01-12,20:19:36,INFO,WebServer,User u1636 login successful,E101,User {user} login successful
40384,2026-01-12,20:32:20,INFO,WebServer,Transaction tx727316 completed in 873ms,E104,Transaction {tx} completed in {time}ms
40385,2026-01-12,20:55:12,INFO,WebServer,Health check passed: WebServer,E102,Health check passed: {service}
40386,2026-01-12,20:08:24,INFO,OrderProcessor,Transaction tx648207 completed in 1477ms,E104,Transaction {tx} completed in {time}ms
40387,2026-01-12,20:01:42,INFO,WebServer,Health check passed: WebServer,E102,Health check passed: {service}
40388,2026-01-12,20:05:17,INFO,WebServer,Page view: /home by u2337,E103,Page view: {page} by {user}
40389,2026-01-12,20:58:59,WARN,AuthService,High latency (1544ms) detected on AuthService,E201,High latency ({time}ms) detected on {service}
40390,2026-01-12,20:30:20,INFO,PaymentGateway,Transaction tx470092 completed in 1100ms,E104,Transaction {tx} completed in {time}ms
40391,2026-01-12,20:49:29,INFO,AuthService,Page view: /home by u3584,E103,Page view: {page} by {user}
40392,2026-01-12,20:46:47,INFO,WebServer,Health check passed: WebServer,E102,Health check passed: {service}
40393,2026-01-12,20:13:24,INFO,OrderProcessor,Health check passed: OrderProcessor,E102,Health check passed: {service}
40394,2026-01-12,20:00:38,INFO,WebServer,User u3350 login successful,E101,User {user} login successful
40395,2026-01-12,20:01:32,INFO,AuthService,Transaction tx191868 completed in 723ms,E104,Transaction {tx} completed in {time}ms
40396,2026-01-12,20:20:22,INFO,WebServer,Transaction tx817437 completed in 786ms,E104,Transaction {tx} completed in {time}ms
40397,2026-01-12,20:58:44,INFO,OrderProcessor,Page view: /home by u2386,E103,Page view: {page} by {user}
40398,2026-01-12,20:33:09,INFO,WebServer,Page view: /home by u4738,E103,Page view: {page} by {user}
40399,2026-01-12,20:49:48,INFO,AuthService,Transaction tx486009 completed in 210ms,E104,Transaction {tx} completed in {time}ms
40400,2026-01-12,20:07:35,INFO,AuthService,Transaction tx279200 completed in 1549ms,E104,Transaction {tx} completed in {time}ms
40401,2026-01-12,20:55:46,INFO,WebServer,Health check passed: WebServer,E102,Health check passed: {service}
40402,2026-01-12,20:25:17,INFO,WebServer,User u4589 login successful,E101,User {user} login successful
40403,2026-01-12,20:44:52,INFO,OrderProcessor,Page view: /home by u3506,E103,Page view: {page} by {user}
40404,2026-01-12,20:39:11,INFO,WebServer,User u4607 login successful,E101,User {user} login successful
40405,2026-01-12,20:51:30,INFO,WebServer,User u4949 login successful,E101,User {user} login successful
40406,2026-01-12,20:12:11,INFO,PaymentGateway,Transaction tx893359 completed in 1093ms,E104,Transaction {tx} completed in {time}ms
40407,2026-01-12,20:57:30,INFO,WebServer,Health check passed: WebServer,E102,Health check passed: {service}
40408,2026-01-12,20:06:02,INFO,WebServer,Health check passed: WebServer,E102,Health check passed: {service}
40409,2026-01-12,20:51:54,INFO,WebServer,User u2967 login successful,E101,User {user} login successful
40410,2026-01-12,20:18:29,INFO,WebServer,Transaction tx407293 completed in 250ms,E104,Transaction {tx} completed in {time}ms
40411,2026-01-12,20:40:34,INFO,OrderProcessor,User u3319 login successful,E101,User {user} login successful
40412,2026-01-12,20:30:12,INFO,PaymentGateway,Health check passed: PaymentGateway,E102,Health check passed: {service}
40413,2026-01-12,20:46:09,INFO,WebServer,Health check passed: WebServer,E102,Health check passed: {service}
40414,2026-01-12,20:06:53,INFO,WebServer,User u3670 login successful,E101,User {user} login successful
40415,2026-01-12,20:59:19,INFO,InventoryDB,Page view: /home by u2335,E103,Page view: {page} by {user}
40416,2026-01-12,20:28:33,INFO,WebServer,Health check passed: WebServer,E102,Health check passed: {service}
40417,2026-01-12,20:35:20,INFO,WebServer,User u3358 login successful,E101,User {user} login successful
40418,2026-01-12,20:06:49,INFO,WebServer,Page view: /home by u2083,E103,Page view: {page} by {user}
40419,2026-01-12,20:22:03,INFO,AuthService,Page view: /home by u2638,E103,Page view: {page} by {user}
40420,2026-01-12,20:29:36,INFO,WebServer,Health check passed: WebServer,E102,Health check passed: {service}
40421,2026-01-12,20:58:30,INFO,WebServer,User u1927 login successful,E101,User {user} login successful
40422,2026-01-12,20:14:10,INFO,AuthService,Transaction tx381981 completed in 825ms,E104,Transaction {tx} completed in {time}ms
40423,2026-01-12,20:08:16,INFO,WebServer,Page view: /home by u4791,E103,Page view: {page} by {user}
40424,2026-01-12,20:40:55,INFO,WebServer,Health check passed: WebServer,E102,Health check passed: {service}
40425,2026-01-12,20:12:54,INFO,WebServer,Health check passed: WebServer,E102,Health check passed: {service}
40426,2026-01-12,20:23:11,INFO,OrderProcessor,Health check passed: OrderProcessor,E102,Health check passed: {service}
40427,2026-01-12,20:23:25,WARN,AuthService,Disk usage > 85% on node node-4,E202,Disk usage > 85% on node {node}
40428,2026-01-12,20:52:32,INFO,WebServer,Health check passed: WebServer,E102,Health check passed: {service}
40429,2026-01-12,20:41:44,INFO,WebServer,Transaction tx549022 completed in 1140ms,E104,Transaction {tx} completed in {time}ms
40430,2026-01-12,20:30:53,INFO,WebServer,Page view: /home by u1686,E103,Page view: {page} by {user}
40431,2026-01-12,20:14:30,INFO,AuthService,Transaction tx736576 completed in 1743ms,E104,Transaction {tx} completed in {time}ms
40432,2026-01-12,20:01:27,INFO,WebServer,Page view: /home by u1652,E103,Page view: {page} by {user}
40433,2026-01-12,20:58:51,INFO,WebServer,Health check passed: WebServer,E102,Health check passed: {service}
40434,2026-01-12,20:36:57,INFO,AuthService,Health check passed: AuthService,E102,Health check passed: {service}
40435,2026-01-12,20:36:42,INFO,WebServer,Transaction tx515477 completed in 1523ms,E104,Transaction {tx} completed in {time}ms
40436,2026-01-12,20:19:36,INFO,PaymentGateway,User u3169 login successful,E101,User {user} login successful
40437,2026-01-12,20:13:25,INFO,WebServer,Page view: /home by u4872,E103,Page view: {page} by {user}
40438,2026-01-12,20:50:56,INFO,WebServer,Page view: /home by u2117,E103,Page view: {page} by {user}
40439,2026-01-12,20:10:12,WARN,WebServer,High latency (798ms) detected on WebServer,E201,High latency ({time}ms) detected on {service}
40440,2026-01-12,20:52:11,INFO,WebServer,Health check passed: WebServer,E102,Health check passed: {service}
40441,2026-01-12,20:10:16,INFO,WebServer,Page view: /home by u1930,E103,Page view: {page} by {user}
40442,2026-01-12,20:46:36,INFO,OrderProcessor,Health check passed: OrderProcessor,E102,Health check passed: {service}
40443,2026-01-12,20:54:33,INFO,PaymentGateway,Page view: /home by u1785,E103,Page view: {page} by {user}
40444,2026-01-12,20:41:41,INFO,PaymentGateway,Transaction tx625079 completed in 1246ms,E104,Transaction {tx} completed in {time}ms
40445,2026-01-12,20:54:59,INFO,AuthService,Page view: /home by u3426,E103,Page view: {page} by {user}
40446,2026-01-12,20:28:47,INFO,WebServer,User u1608 login successful,E101,User {user} login successful
40447,2026-01-12,20:00:45,WARN,WebServer,High latency (1434ms) detected on WebServer,E201,High latency ({time}ms) detected on {service}
40448,2026-01-12,20:57:16,INFO,WebServer,Health check passed: WebServer,E102,Health check passed: {service}
40449,2026-01-12,20:52:25,INFO,AuthService,Transaction tx256043 completed in 589ms,E104,Transaction {tx} completed in {time}ms
40450,2026-01-12,20:18:36,WARN,WebServer,Disk usage > 85% on node node-2,E202,Disk usage > 85% on node {node}
40451,2026-01-12,20:38:33,INFO,OrderProcessor,Health check passed: OrderProcessor,E102,Health check passed: {service}
40452,2026-01-12,20:02:59,INFO,OrderProcessor,Page view: /home by u2169,E103,Page view: {page} by {user}
40453,2026-01-12,20:20:30,INFO,WebServer,User u1558 login successful,E101,User {user} login successful
40454,2026-01-12,20:05:47,INFO,WebServer,Transaction tx869346 completed in 1882ms,E104,Transaction {tx} completed in {time}ms
40455,2026-01-12,20:06:38,INFO,WebServer,User u4687 login successful,E101,User {user} login successful
40456,2026-01-12,20:44:02,INFO,AuthService,Transaction tx199844 completed in 1728ms,E104,Transaction {tx} completed in {time}ms
40457,2026-01-12,20:31:50,INFO,AuthService,User u1895 login successful,E101,User {user} login successful
40458,2026-01-12,20:18:43,INFO,WebServer,Page view: /home by u3332,E103,Page view: {page} by {user}
40459,2026-01-12,20:02:30,INFO,WebServer,Page view: /home by u1455,E103,Page view: {page} by {user}
40460,2026-01-12,20:39:19,INFO,WebServer,Health check passed: WebServer,E102,Health check passed: {service}
40461,2026-01-12,20:55:05,INFO,OrderProcessor,Transaction tx506363 completed in 341ms,E104,Transaction {tx} completed in {time}ms
40462,2026-01-12,20:22:03,INFO,WebServer,Transaction tx595593 completed in 500ms,E104,Transaction {tx} completed in {time}ms
40463,2026-01-12,20:31:24,INFO,WebServer,Transaction tx903390 completed in 1583ms,E104,Transaction {tx} completed in {time}ms
40464,2026-01-12,20:29:36,INFO,AuthService,Health check passed: AuthService,E102,Health check passed: {service}
40465,2026-01-12,20:02:07,INFO,WebServer,User u1208 login successful,E101,User {user} login successful
40466,2026-01-12,20:47:46,INFO,WebServer,User u4849 login successful,E101,User {user} login successful
40467,2026-01-12,20:08:19,INFO,AuthService,User u1973 login successful,E101,User {user} login successful
40468,2026-01-12,20:45:52,INFO,WebServer,User u1581 login successful,E101,User {user} login successful
40469,2026-01-12,20:06:20,INFO,WebServer,Page view: /home by u1910,E103,Page view: {page} by {user}
40470,2026-01-12,20:04:11,WARN,WebServer,High latency (53ms) detected on WebServer,E201,High latency ({time}ms) detected on {service}
40471,2026-01-12,20:59:26,INFO,OrderProcessor,User u2092 login successful,E101,User {user} login successful
40472,2026-01-12,20:49:35,INFO,WebServer,Page view: /home by u2657,E103,Page view: {page} by {user}
40473,2026-01-12,20:53:42,INFO,WebServer,Page view: /home by u3355,E103,Page view: {page} by {user}
40474,2026-01-12,20:24:02,INFO,WebServer,Health check passed: WebServer,E102,Health check passed: {service}
40475,2026-01-12,20:14:35,INFO,AuthService,Health check passed: AuthService,E102,Health check passed: {service}
40476,2026-01-12,20:41:19,INFO,PaymentGateway,Health check passed: PaymentGateway,E102,Health check passed: {service}
40477,2026-01-12,20:45:17,INFO,PaymentGateway,Page view: /home by u2335,E103,Page view: {page} by {user}
40478,2026-01-12,20:55:49,INFO,WebServer,Health check passed: WebServer,E102,Health check passed: {service}
40479,2026-01-12,20:53:48,INFO,PaymentGateway,Transaction tx485155 completed in 551ms,E104,Transaction {tx} completed in {time}ms
40480,2026-01-12,20:09:27,INFO,WebServer,Transaction tx715533 completed in 1526ms,E104,Transaction {tx} completed in {time}ms
40481,2026-01-12,20:33:01,INFO,OrderProcessor,Transaction tx662250 completed in 360ms,E104,Transaction {tx} completed in {time}ms
40482,2026-01-12,20:14:02,INFO,PaymentGateway,Health check passed: PaymentGateway,E102,Health check passed: {service}
40483,2026-01-12,20:25:18,INFO,PaymentGateway,Page view: /home by u3257,E103,Page view: {page} by {user}
40484,2026-01-12,20:04:15,INFO,AuthService,Health check passed: AuthService,E102,Health check passed: {service}
40485,2026-01-12,20:18:04,INFO,WebServer,Page view: /home by u4248,E103,Page view: {page} by {user}
40486,2026-01-12,20:26:17,INFO,AuthService,Page view: /home by u2466,E103,Page view: {page} by {user}
40487,2026-01-12,20:43:17,INFO,PaymentGateway,Transaction tx872053 completed in 406ms,E104,Transaction {tx} completed in {time}ms
40488,2026-01-12,20:53:36,ERROR,AuthService,Payment declined: Gateway unavailable,E503,Payment declined: Gateway unavailable
40489,2026-01-12,20:01:02,INFO,AuthService,Page view: /home by u3262,E103,Page view: {page} by {user}
40490,2026-01-12,20:01:32,WARN,OrderProcessor,Disk usage > 85% on node node-3,E202,Disk usage > 85% on node {node}
40491,2026-01-12,20:43:36,INFO,WebServer,User u4172 login successful,E101,User {user} login successful
40492,2026-01-12,20:04:58,INFO,OrderProcessor,Page view: /home by u4590,E103,Page view: {page} by {user}
40493,2026-01-12,20:11:13,INFO,OrderProcessor,Page view: /home by u4616,E103,Page view: {page} by {user}
40494,2026-01-12,20:04:42,INFO,OrderProcessor,User u2228 login successful,E101,User {user} login successful
40495,2026-01-12,20:02:21,INFO,PaymentGateway,Transaction tx434099 completed in 1613ms,E104,Transaction {tx} completed in {time}ms
40496,2026-01-12,20:06:03,INFO,WebServer,Health check passed: WebServer,E102,Health check passed: {service}
40497,2026-01-12,20:16:53,WARN,PaymentGateway,High latency (910ms) detected on PaymentGateway,E201,High latency ({time}ms) detected on {service}
40498,2026-01-12,20:23:54,INFO,WebServer,Page view: /home by u2937,E103,Page view: {page} by {user}
40499,2026-01-12,20:25:49,INFO,OrderProcessor,Transaction tx513901 completed in 1456ms,E104,Transaction {tx} completed in {time}ms
40500,2026-01-12,20:13:08,INFO,WebServer,Transaction tx244068 completed in 1776ms,E104,Transaction {tx} completed in {time}ms
40501,2026-01-12,20:45:16,INFO,WebServer,Page view: /home by u4099,E103,Page view: {page} by {user}
40502,2026-01-12,20:52:24,INFO,AuthService,User u4438 login successful,E101,User {user} login successful
40503,2026-01-12,20:43:46,INFO,OrderProcessor,Health check passed: OrderProcessor,E102,Health check passed: {service}
40504,2026-01-12,20:12:23,INFO,WebServer,Page view: /home by u4109,E103,Page view: {page} by {user}
40505,2026-01-12,20:12:40,INFO,WebServer,Health check passed: WebServer,E102,Health check passed: {service}
40506,2026-01-12,20:47:18,INFO,WebServer,Page view: /home by u4819,E103,Page view: {page} by {user}
40507,2026-01-12,20:11:15,INFO,WebServer,User u1171 login successful,E101,User {user} login successful
40508,2026-01-12,20:39:46,WARN,AuthService,High latency (1606ms) detected on AuthService,E201,High latency ({time}ms) detected on {service}
40509,2026-01-12,20:10:34,INFO,OrderProcessor,Page view: /home by u1725,E103,Page view: {page} by {user}
40510,2026-01-12,20:56:56,INFO,WebServer,User u2782 login successful,E101,User {user} login successful
40511,2026-01-12,20:20:24,INFO,AuthService,Health check passed: AuthService,E102,Health check passed: {service}
40512,2026-01-12,20:30:31,INFO,PaymentGateway,User u1811 login successful,E101,User {user} login successful
40513,2026-01-12,20:21:15,INFO,PaymentGateway,User u2612 login successful,E101,User {user} login successful
40514,2026-01-12,20:14:03,INFO,PaymentGateway,Health check passed: PaymentGateway,E102,Health check passed: {service}
40515,2026-01-12,20:40:26,INFO,WebServer,User u4329 login successful,E101,User {user} login successful
40516,2026-01-12,20:03:25,INFO,WebServer,Health check passed: WebServer,E102,Health check passed: {service}
40517,2026-01-12,20:05:47,INFO,WebServer,Transaction tx390395 completed in 1131ms,E104,Transaction {tx} completed in {time}ms
40518,2026-01-12,20:45:15,INFO,WebServer,Page view: /home by u1376,E103,Page view: {page} by {user}
40519,2026-01-12,20:20:10,INFO,WebServer,Transaction tx686038 completed in 181ms,E104,Transaction {tx} completed in {time}ms
40520,2026-01-12,20:09:49,INFO,OrderProcessor,User u4027 login successful,E101,User {user} login successful
40521,2026-01-12,20:00:30,INFO,WebServer,Health check passed: WebServer,E102,Health check passed: {service}
40522,2026-01-12,20:50:24,INFO,WebServer,Page view: /home by u4442,E103,Page view: {page} by {user}
40523,2026-01-12,20:13:38,INFO,AuthService,User u2959 login successful,E101,User {user} login successful
40524,2026-01-12,20:58:52,INFO,WebServer,Transaction tx874360 completed in 1207ms,E104,Transaction {tx} completed in {time}ms
40525,2026-01-12,20:58:14,INFO,OrderProcessor,Page view: /home by u4065,E103,Page view: {page} by {user}
40526,2026-01-12,20:40:17,INFO,PaymentGateway,User u3359 login successful,E101,User {user} login successful
40527,2026-01-12,20:39:55,INFO,PaymentGateway,Page view: /home by u4045,E103,Page view: {page} by {user}
40528,2026-01-12,20:23:13,WARN,WebServer,High latency (140ms) detected on WebServer,E201,High latency ({time}ms) detected on {service}
40529,2026-01-12,20:01:15,INFO,WebServer,Page view: /home by u1044,E103,Page view: {page} by {user}
40530,2026-01-12,20:31:39,INFO,WebServer,User u4217 login successful,E101,User {user} login successful
40531,2026-01-12,20:08:33,INFO,WebServer,Health check passed: WebServer,E102,Health check passed: {service}
40532,2026-01-12,20:29:50,INFO,WebServer,Transaction tx345763 completed in 820ms,E104,Transaction {tx} completed in {time}ms
40533,2026-01-12,20:19:21,INFO,AuthService,Page view: /home by u4162,E103,Page view: {page} by {user}
40534,2026-01-12,20:28:08,INFO,WebServer,User u2681 login successful,E101,User {user} login successful
40535,2026-01-12,20:31:19,INFO,InventoryDB,Health check passed: InventoryDB,E102,Health check passed: {service}
40536,2026-01-12,20:53:22,INFO,WebServer,Transaction tx360403 completed in 879ms,E104,Transaction {tx} completed in {time}ms
40537,2026-01-12,20:58:34,INFO,WebServer,User u3799 login successful,E101,User {user} login successful
40538,2026-01-12,20:03:44,INFO,AuthService,User u1768 login successful,E101,User {user} login successful
40539,2026-01-12,20:51:44,INFO,WebServer,Page view: /home by u2578,E103,Page view: {page} by {user}
40540,2026-01-12,20:31:23,INFO,WebServer,Page view: /home by u1754,E103,Page view: {page} by {user}
40541,2026-01-12,20:50:22,INFO,WebServer,User u2695 login successful,E101,User {user} login successful
40542,2026-01-12,20:43:30,INFO,WebServer,Page view: /home by u3644,E103,Page view: {page} by {user}
40543,2026-01-12,20:14:11,INFO,WebServer,Health check passed: WebServer,E102,Health check passed: {service}
40544,2026-01-12,20:16:52,INFO,WebServer,User u1023 login successful,E101,User {user} login successful
40545,2026-01-12,20:03:19,INFO,OrderProcessor,User u2847 login successful,E101,User {user} login successful
40546,2026-01-12,20:14:00,INFO,WebServer,Health check passed: WebServer,E102,Health check passed: {service}
40547,2026-01-12,20:34:29,INFO,AuthService,Transaction tx365390 completed in 1975ms,E104,Transaction {tx} completed in {time}ms
40548,2026-01-12,20:04:48,INFO,InventoryDB,Transaction tx108466 completed in 117ms,E104,Transaction {tx} completed in {time}ms
40549,2026-01-12,20:31:30,INFO,InventoryDB,User u2251 login successful,E101,User {user} login successful
40550,2026-01-12,20:24:44,INFO,AuthService,Health check passed: AuthService,E102,Health check passed: {service}
40551,2026-01-12,20:13:33,WARN,WebServer,Unauthorized access attempt from 10.0.0.45,E401,Unauthorized access attempt from {ip}
40552,2026-01-12,20:31:41,WARN,AuthService,High latency (1232ms) detected on AuthService,E201,High latency ({time}ms) detected on {service}
40553,2026-01-12,20:07:17,INFO,AuthService,User u2061 login successful,E101,User {user} login successful
40554,2026-01-12,20:25:46,INFO,WebServer,User u3933 login successful,E101,User {user} login successful
40555,2026-01-12,20:12:43,INFO,AuthService,Transaction tx779728 completed in 218ms,E104,Transaction {tx} completed in {time}ms
40556,2026-01-12,20:26:20,INFO,WebServer,Health check passed: WebServer,E102,Health check passed: {service}
40557,2026-01-12,20:05:20,WARN,WebServer,Unauthorized access attempt from 10.0.0.45,E401,Unauthorized access attempt from {ip}
40558,2026-01-12,20:59:54,INFO,AuthService,Page view: /home by u1837,E103,Page view: {page} by {user}
40559,2026-01-12,20:59:21,INFO,OrderProcessor,Transaction tx981164 completed in 564ms,E104,Transaction {tx} completed in {time}ms
40560,2026-01-12,20:45:07,INFO,WebServer,User u2557 login successful,E101,User {user} login successful
40561,2026-01-12,20:38:11,ERROR,WebServer,Connection refused to WebServer at 10.0.0.45,E501,Connection refused to {service} at {ip}
40562,2026-01-12,20:12:30,WARN,AuthService,Disk usage > 85% on node node-4,E202,Disk usage > 85% on node {node}
40563,2026-01-12,20:43:15,WARN,OrderProcessor,High latency (1287ms) detected on OrderProcessor,E201,High latency ({time}ms) detected on {service}
40564,2026-01-12,20:29:30,INFO,AuthService,Transaction tx312984 completed in 987ms,E104,Transaction {tx} completed in {time}ms
40565,2026-01-12,20:36:38,INFO,AuthService,Page view: /home by u1541,E103,Page view: {page} by {user}
40566,2026-01-12,20:49:47,ERROR,WebServer,Payment declined: Gateway unavailable,E503,Payment declined: Gateway unavailable
40567,2026-01-12,20:40:05,INFO,WebServer,Health check passed: WebServer,E102,Health check passed: {service}
40568,2026-01-12,20:25:46,WARN,WebServer,Unauthorized access attempt from 10.0.0.12,E401,Unauthorized access attempt from {ip}
40569,2026-01-12,20:54:58,INFO,OrderProcessor,User u1962 login successful,E101,User {user} login successful
40570,2026-01-12,20:20:26,INFO,WebServer,Health check passed: WebServer,E102,Health check passed: {service}
40571,2026-01-12,20:27:16,INFO,AuthService,User u1920 login successful,E101,User {user} login successful
40572,2026-01-12,20:20:55,WARN,PaymentGateway,Unauthorized access attempt from 10.0.0.45,E401,Unauthorized access attempt from {ip}
40573,2026-01-12,20:16:27,INFO,AuthService,Transaction tx392084 completed in 1379ms,E104,Transaction {tx} completed in {time}ms
40574,2026-01-12,20:37:45,INFO,AuthService,User u4854 login successful,E101,User {user} login successful
40575,2026-01-12,20:36:02,INFO,PaymentGateway,Transaction tx802830 completed in 1979ms,E104,Transaction {tx} completed in {time}ms
40576,2026-01-12,20:46:42,INFO,WebServer,User u1013 login successful,E101,User {user} login successful
40577,2026-01-12,20:49:08,INFO,OrderProcessor,Page view: /home by u3411,E103,Page view: {page} by {user}
40578,2026-01-12,20:30:57,INFO,AuthService,Transaction tx717396 completed in 927ms,E104,Transaction {tx} completed in {time}ms
40579,2026-01-12,20:57:52,INFO,WebServer,Health check passed: WebServer,E102,Health check passed: {service}
40580,2026-01-12,20:31:33,WARN,WebServer,Unauthorized access attempt from 10.0.0.45,E401,Unauthorized access attempt from {ip}
40581,2026-01-12,20:51:28,INFO,WebServer,Health check passed: WebServer,E102,Health check passed: {service}
40582,2026-01-12,20:37:25,INFO,AuthService,Transaction tx506372 completed in 1553ms,E104,Transaction {tx} completed in {time}ms
40583,2026-01-12,20:31:58,INFO,WebServer,Transaction tx248460 completed in 1364ms,E104,Transaction {tx} completed in {time}ms
40584,2026-01-12,20:35:41,WARN,WebServer,Unauthorized access attempt from 10.0.0.45,E401,Unauthorized access attempt from {ip}
40585,2026-01-12,20:01:16,INFO,OrderProcessor,Page view: /home by u4249,E103,Page view: {page} by {user}
40586,2026-01-12,20:49:40,INFO,PaymentGateway,User u2725 login successful,E101,User {user} login successful
40587,2026-01-12,20:30:08,WARN,AuthService,High latency (1045ms) detected on AuthService,E201,High latency ({time}ms) detected on {service}
40588,2026-01-12,20:18:41,INFO,AuthService,Transaction tx702269 completed in 170ms,E104,Transaction {tx} completed in {time}ms
40589,2026-01-12,20:05:40,INFO,WebServer,Health check passed: WebServer,E102,Health check passed: {service}
40590,2026-01-12,20:58:51,INFO,WebServer,Transaction tx648519 completed in 637ms,E104,Transaction {tx} completed in {time}ms
40591,2026-01-12,20:21:40,INFO,InventoryDB,Health check passed: InventoryDB,E102,Health check passed: {service}
40592,2026-01-12,20:42:12,INFO,PaymentGateway,Health check passed: PaymentGateway,E102,Health check passed: {service}
40593,2026-01-12,20:17:17,INFO,WebServer,Health check passed: WebServer,E102,Health check passed: {service}
40594,2026-01-12,20:54:17,INFO,PaymentGateway,Page view: /home by u1504,E103,Page view: {page} by {user}
40595,2026-01-12,20:41:48,INFO,WebServer,Health check passed: WebServer,E102,Health check passed: {service}
40596,2026-01-12,20:58:27,INFO,WebServer,Transaction tx942596 completed in 791ms,E104,Transaction {tx} completed in {time}ms
40597,2026-01-12,20:00:46,CRITICAL,WebServer,KERNEL PANIC: Node node-5 crashed,E601,KERNEL PANIC: Node {node} crashed
40598,2026-01-12,20:18:17,INFO,AuthService,User u1397 login successful,E101,User {user} login successful
40599,2026-01-12,20:01:22,INFO,WebServer,Transaction tx829299 completed in 1075ms,E104,Transaction {tx} completed in {time}ms
40600,2026-01-12,20:08:52,INFO,AuthService,Page view: /home by u1679,E103,Page view: {page} by {user}
40601,2026-01-12,20:34:17,ERROR,WebServer,Payment declined: Gateway unavailable,E503,Payment declined: Gateway unavailable
40602,2026-01-12,20:00:41,INFO,WebServer,Page view: /home by u2833,E103,Page view: {page} by {user}
40603,2026-01-12,20:41:37,INFO,PaymentGateway,Transaction tx991622 completed in 992ms,E104,Transaction {tx} completed in {time}ms
40604,2026-01-12,20:43:16,INFO,WebServer,Health check passed: WebServer,E102,Health check passed: {service}
40605,2026-01-12,20:52:41,INFO,PaymentGateway,Transaction tx638668 completed in 1150ms,E104,Transaction {tx} completed in {time}ms
40606,2026-01-12,20:13:41,INFO,OrderProcessor,Health check passed: OrderProcessor,E102,Health check passed: {service}
40607,2026-01-12,20:56:59,INFO,WebServer,User u4684 login successful,E101,User {user} login successful
40608,2026-01-12,20:45:01,INFO,WebServer,Page view: /home by u2580,E103,Page view: {page} by {user}
40609,2026-01-12,20:30:47,INFO,WebServer,Health check passed: WebServer,E102,Health check passed: {service}
40610,2026-01-12,20:55:14,INFO,WebServer,Page view: /home by u4359,E103,Page view: {page} by {user}
40611,2026-01-12,20:54:21,INFO,PaymentGateway,Page view: /home by u4737,E103,Page view: {page} by {user}
40612,2026-01-12,20:59:55,INFO,AuthService,Health check passed: AuthService,E102,Health check passed: {service}
40613,2026-01-12,20:58:45,INFO,AuthService,Page view: /home by u2428,E103,Page view: {page} by {user}
40614,2026-01-12,20:19:06,INFO,AuthService,Page view: /home by u4171,E103,Page view: {page} by {user}
40615,2026-01-12,20:02:12,WARN,OrderProcessor,High latency (1648ms) detected on OrderProcessor,E201,High latency ({time}ms) detected on {service}
40616,2026-01-12,20:33:01,WARN,WebServer,Unauthorized access attempt from 10.0.0.45,E401,Unauthorized access attempt from {ip}
40617,2026-01-12,20:44:48,INFO,AuthService,Page view: /home by u4694,E103,Page view: {page} by {user}
40618,2026-01-12,20:04:24,INFO,WebServer,Page view: /home by u4546,E103,Page view: {page} by {user}
40619,2026-01-12,20:23:34,INFO,WebServer,Health check passed: WebServer,E102,Health check passed: {service}
40620,2026-01-12,20:13:53,INFO,WebServer,User u1231 login successful,E101,User {user} login successful
40621,2026-01-12,20:29:03,INFO,WebServer,User u4369 login successful,E101,User {user} login successful
40622,2026-01-12,20:21:22,INFO,WebServer,Page view: /home by u1813,E103,Page view: {page} by {user}
40623,2026-01-12,20:40:15,INFO,WebServer,User u4274 login successful,E101,User {user} login successful
40624,2026-01-12,20:18:27,INFO,WebServer,User u1443 login successful,E101,User {user} login successful
40625,2026-01-12,20:13:44,INFO,WebServer,Transaction tx977081 completed in 1852ms,E104,Transaction {tx} completed in {time}ms
40626,2026-01-12,20:19:55,INFO,WebServer,Page view: /home by u4870,E103,Page view: {page} by {user}
40627,2026-01-12,20:04:16,INFO,AuthService,User u1778 login successful,E101,User {user} login successful
40628,2026-01-12,20:11:31,INFO,OrderProcessor,Transaction tx482891 completed in 970ms,E104,Transaction {tx} completed in {time}ms
40629,2026-01-12,20:10:29,INFO,WebServer,User u1986 login successful,E101,User {user} login successful
40630,2026-01-12,20:46:55,WARN,OrderProcessor,Unauthorized access attempt from 10.0.0.45,E401,Unauthorized access attempt from {ip}
40631,2026-01-12,20:04:48,INFO,InventoryDB,Page view: /home by u3188,E103,Page view: {page} by {user}
40632,2026-01-12,20:27:04,WARN,PaymentGateway,Unauthorized access attempt from 10.0.0.12,E401,Unauthorized access attempt from {ip}
40633,2026-01-12,20:13:41,INFO,WebServer,Page view: /home by u3987,E103,Page view: {page} by {user}
40634,2026-01-12,20:58:50,INFO,WebServer,Transaction tx460518 completed in 1947ms,E104,Transaction {tx} completed in {time}ms
40635,2026-01-12,20:30:08,INFO,WebServer,Health check passed: WebServer,E102,Health check passed: {service}
40636,2026-01-12,20:52:49,INFO,WebServer,Health check passed: WebServer,E102,Health check passed: {service}
40637,2026-01-12,20:26:59,INFO,AuthService,User u3392 login successful,E101,User {user} login successful
40638,2026-01-12,20:54:07,INFO,WebServer,Transaction tx380704 completed in 1237ms,E104,Transaction {tx} completed in {time}ms
40639,2026-01-12,20:48:30,INFO,OrderProcessor,Health check passed: OrderProcessor,E102,Health check passed: {service}
40640,2026-01-12,20:59:43,INFO,WebServer,User u4471 login successful,E101,User {user} login successful
40641,2026-01-12,20:34:03,INFO,WebServer,Page view: /home by u4255,E103,Page view: {page} by {user}
40642,2026-01-12,20:01:53,INFO,WebServer,Transaction tx839067 completed in 1891ms,E104,Transaction {tx} completed in {time}ms
40643,2026-01-12,20:07:47,INFO,InventoryDB,Page view: /home by u2852,E103,Page view: {page} by {user}
40644,2026-01-12,20:54:43,INFO,InventoryDB,Transaction tx185746 completed in 1836ms,E104,Transaction {tx} completed in {time}ms
40645,2026-01-12,20:30:25,INFO,InventoryDB,Transaction tx152252 completed in 1791ms,E104,Transaction {tx} completed in {time}ms
40646,2026-01-12,20:41:47,INFO,WebServer,Transaction tx534324 completed in 1666ms,E104,Transaction {tx} completed in {time}ms
40647,2026-01-12,20:33:49,INFO,InventoryDB,User u4347 login successful,E101,User {user} login successful
40648,2026-01-12,20:07:16,INFO,OrderProcessor,Health check passed: OrderProcessor,E102,Health check passed: {service}
40649,2026-01-12,20:59:58,INFO,WebServer,Page view: /home by u2201,E103,Page view: {page} by {user}
40650,2026-01-12,20:58:06,INFO,AuthService,Health check passed: AuthService,E102,Health check passed: {service}
40651,2026-01-12,20:11:16,INFO,AuthService,User u4376 login successful,E101,User {user} login successful
40652,2026-01-12,20:17:23,INFO,WebServer,Health check passed: WebServer,E102,Health check passed: {service}
40653,2026-01-12,20:10:35,INFO,AuthService,Health check passed: AuthService,E102,Health check passed: {service}
40654,2026-01-12,20:15:30,INFO,WebServer,Transaction tx474571 completed in 1370ms,E104,Transaction {tx} completed in {time}ms
40655,2026-01-12,20:59:25,INFO,WebServer,Health check passed: WebServer,E102,Health check passed: {service}
40656,2026-01-12,20:23:14,INFO,OrderProcessor,Transaction tx858170 completed in 747ms,E104,Transaction {tx} completed in {time}ms
40657,2026-01-12,20:50:40,INFO,OrderProcessor,Page view: /home by u3185,E103,Page view: {page} by {user}
40658,2026-01-12,20:53:24,WARN,AuthService,High latency (877ms) detected on AuthService,E201,High latency ({time}ms) detected on {service}
40659,2026-01-12,20:10:31,INFO,AuthService,Page view: /home by u2229,E103,Page view: {page} by {user}
40660,2026-01-12,20:31:36,INFO,WebServer,Health check passed: WebServer,E102,Health check passed: {service}
40661,2026-01-12,20:37:24,INFO,OrderProcessor,User u1955 login successful,E101,User {user} login successful
40662,2026-01-12,20:48:32,INFO,WebServer,Health check passed: WebServer,E102,Health check passed: {service}
40663,2026-01-12,20:53:45,INFO,WebServer,Page view: /home by u3107,E103,Page view: {page} by {user}
40664,2026-01-12,20:23:52,INFO,OrderProcessor,User u2470 login successful,E101,User {user} login successful
40665,2026-01-12,20:11:56,INFO,AuthService,Page view: /home by u4598,E103,Page view: {page} by {user}
40666,2026-01-12,20:45:15,INFO,AuthService,Page view: /home by u3040,E103,Page view: {page} by {user}
40667,2026-01-12,20:57:25,INFO,WebServer,Health check passed: WebServer,E102,Health check passed: {service}
40668,2026-01-12,20:20:49,INFO,OrderProcessor,Page view: /home by u4508,E103,Page view: {page} by {user}
40669,2026-01-12,20:13:31,INFO,WebServer,Transaction tx476614 completed in 1017ms,E104,Transaction {tx} completed in {time}ms
40670,2026-01-12,20:36:46,INFO,WebServer,Page view: /home by u1809,E103,Page view: {page} by {user}
40671,2026-01-12,20:19:05,INFO,OrderProcessor,Page view: /home by u3480,E103,Page view: {page} by {user}
40672,2026-01-12,20:08:05,INFO,OrderProcessor,Health check passed: OrderProcessor,E102,Health check passed: {service}
40673,2026-01-12,20:44:50,WARN,WebServer,High latency (159ms) detected on WebServer,E201,High latency ({time}ms) detected on {service}
40674,2026-01-12,20:32:42,INFO,WebServer,Health check passed: WebServer,E102,Health check passed: {service}
40675,2026-01-12,20:14:07,INFO,AuthService,Transaction tx708608 completed in 1749ms,E104,Transaction {tx} completed in {time}ms
40676,2026-01-12,20:44:24,INFO,WebServer,Health check passed: WebServer,E102,Health check passed: {service}
40677,2026-01-12,20:30:50,INFO,AuthService,User u3145 login successful,E101,User {user} login successful
40678,2026-01-12,20:55:22,WARN,PaymentGateway,Unauthorized access attempt from 10.0.0.10,E401,Unauthorized access attempt from {ip}
40679,2026-01-12,20:53:32,INFO,AuthService,Page view: /home by u3413,E103,Page view: {page} by {user}
40680,2026-01-12,20:08:25,INFO,WebServer,Health check passed: WebServer,E102,Health check passed: {service}
40681,2026-01-12,20:09:08,INFO,AuthService,Page view: /home by u4749,E103,Page view: {page} by {user}
40682,2026-01-12,20:07:35,ERROR,PaymentGateway,Timeout waiting for lock on InventoryDB,E502,Timeout waiting for lock on {db}
40683,2026-01-12,20:43:45,INFO,PaymentGateway,Health check passed: PaymentGateway,E102,Health check passed: {service}
40684,2026-01-12,20:07:43,INFO,WebServer,Page view: /home by u1222,E103,Page view: {page} by {user}
40685,2026-01-12,20:53:55,INFO,PaymentGateway,Health check passed: PaymentGateway,E102,Health check passed: {service}
40686,2026-01-12,20:24:32,INFO,OrderProcessor,User u1647 login successful,E101,User {user} login successful
40687,2026-01-12,20:45:28,INFO,WebServer,Transaction tx446635 completed in 1679ms,E104,Transaction {tx} completed in {time}ms
40688,2026-01-12,20:19:54,INFO,InventoryDB,Transaction tx844236 completed in 132ms,E104,Transaction {tx} completed in {time}ms
40689,2026-01-12,20:01:04,INFO,AuthService,Transaction tx323315 completed in 521ms,E104,Transaction {tx} completed in {time}ms
40690,2026-01-12,21:46:24,WARN,AuthService,High latency (628ms) detected on AuthService,E201,High latency ({time}ms) detected on {service}
40691,2026-01-12,21:12:17,CRITICAL,PaymentGateway,DATA CORRUPTION detected in sector 633,E602,DATA CORRUPTION detected in sector {sector}
40692,2026-01-12,21:13:33,INFO,OrderProcessor,Transaction tx613049 completed in 885ms,E104,Transaction {tx} completed in {time}ms
40693,2026-01-12,21:58:42,INFO,WebServer,User u1819 login successful,E101,User {user} login successful
40694,2026-01-12,21:30:10,INFO,WebServer,Transaction tx495765 completed in 54ms,E104,Transaction {tx} completed in {time}ms
40695,2026-01-12,21:35:27,ERROR,AuthService,Timeout waiting for lock on InventoryDB,E502,Timeout waiting for lock on {db}
40696,2026-01-12,21:37:49,INFO,WebServer,Transaction tx596767 completed in 1784ms,E104,Transaction {tx} completed in {time}ms
40697,2026-01-12,21:08:52,INFO,WebServer,Health check passed: WebServer,E102,Health check passed: {service}
40698,2026-01-12,21:33:42,INFO,WebServer,Transaction tx478448 completed in 1534ms,E104,Transaction {tx} completed in {time}ms
40699,2026-01-12,21:30:19,INFO,WebServer,Page view: /home by u2184,E103,Page view: {page} by {user}
40700,2026-01-12,21:52:46,INFO,PaymentGateway,Page view: /home by u2440,E103,Page view: {page} by {user}
40701,2026-01-12,21:52:20,INFO,WebServer,Page view: /home by u3693,E103,Page view: {page} by {user}
40702,2026-01-12,21:08:11,INFO,WebServer,Health check passed: WebServer,E102,Health check passed: {service}
40703,2026-01-12,21:17:29,INFO,WebServer,Transaction tx484484 completed in 92ms,E104,Transaction {tx} completed in {time}ms
40704,2026-01-12,21:30:41,INFO,WebServer,Health check passed: WebServer,E102,Health check passed: {service}
40705,2026-01-12,21:51:36,INFO,PaymentGateway,Transaction tx238224 completed in 1697ms,E104,Transaction {tx} completed in {time}ms
40706,2026-01-12,21:52:09,WARN,WebServer,Unauthorized access attempt from 10.0.0.12,E401,Unauthorized access attempt from {ip}
40707,2026-01-12,21:52:25,INFO,WebServer,Transaction tx993045 completed in 275ms,E104,Transaction {tx} completed in {time}ms
40708,2026-01-12,21:08:35,INFO,WebServer,User u2425 login successful,E101,User {user} login successful
40709,2026-01-12,21:48:17,INFO,WebServer,Page view: /home by u4838,E103,Page view: {page} by {user}
40710,2026-01-12,21:41:59,WARN,WebServer,Disk usage > 85% on node node-2,E202,Disk usage > 85% on node {node}
40711,2026-01-12,21:51:59,INFO,WebServer,User u3132 login successful,E101,User {user} login successful
40712,2026-01-12,21:40:21,INFO,WebServer,Transaction tx394554 completed in 342ms,E104,Transaction {tx} completed in {time}ms
40713,2026-01-12,21:36:51,INFO,OrderProcessor,Page view: /home by u4927,E103,Page view: {page} by {user}
40714,2026-01-12,21:50:29,WARN,WebServer,High latency (287ms) detected on WebServer,E201,High latency ({time}ms) detected on {service}
40715,2026-01-12,21:25:40,INFO,WebServer,Page view: /home by u3220,E103,Page view: {page} by {user}
40716,2026-01-12,21:01:41,WARN,WebServer,Disk usage > 85% on node node-5,E202,Disk usage > 85% on node {node}
40717,2026-01-12,21:12:20,INFO,WebServer,User u4399 login successful,E101,User {user} login successful
40718,2026-01-12,21:33:42,INFO,WebServer,User u1398 login successful,E101,User {user} login successful
40719,2026-01-12,21:59:29,INFO,WebServer,User u4887 login successful,E101,User {user} login successful
40720,2026-01-12,21:19:35,INFO,WebServer,Transaction tx552783 completed in 470ms,E104,Transaction {tx} completed in {time}ms
40721,2026-01-12,21:52:04,INFO,PaymentGateway,Transaction tx579761 completed in 1427ms,E104,Transaction {tx} completed in {time}ms
40722,2026-01-12,21:56:37,INFO,AuthService,Page view: /home by u1438,E103,Page view: {page} by {user}
40723,2026-01-12,21:55:47,INFO,OrderProcessor,Transaction tx265987 completed in 169ms,E104,Transaction {tx} completed in {time}ms
40724,2026-01-12,21:44:28,INFO,PaymentGateway,Transaction tx191282 completed in 1640ms,E104,Transaction {tx} completed in {time}ms
40725,2026-01-12,21:27:01,INFO,WebServer,User u1797 login successful,E101,User {user} login successful
40726,2026-01-12,21:31:29,INFO,WebServer,Page view: /home by u3286,E103,Page view: {page} by {user}
40727,2026-01-12,21:49:07,INFO,WebServer,Transaction tx665055 completed in 1230ms,E104,Transaction {tx} completed in {time}ms
40728,2026-01-12,21:08:17,INFO,AuthService,Transaction tx884472 completed in 325ms,E104,Transaction {tx} completed in {time}ms
40729,2026-01-12,21:07:48,INFO,AuthService,User u2297 login successful,E101,User {user} login successful
40730,2026-01-12,21:24:03,INFO,AuthService,Transaction tx589928 completed in 652ms,E104,Transaction {tx} completed in {time}ms
40731,2026-01-12,21:53:05,INFO,AuthService,User u3227 login successful,E101,User {user} login successful
40732,2026-01-12,21:15:45,INFO,WebServer,User u1596 login successful,E101,User {user} login successful
40733,2026-01-12,21:16:01,INFO,PaymentGateway,User u1319 login successful,E101,User {user} login successful
40734,2026-01-12,21:12:28,WARN,WebServer,Unauthorized access attempt from 10.0.0.45,E401,Unauthorized access attempt from {ip}
40735,2026-01-12,21:42:54,INFO,WebServer,Page view: /home by u1938,E103,Page view: {page} by {user}
40736,2026-01-12,21:01:27,INFO,WebServer,User u3039 login successful,E101,User {user} login successful
40737,2026-01-12,21:11:51,INFO,WebServer,Page view: /home by u1633,E103,Page view: {page} by {user}
40738,2026-01-12,21:03:17,INFO,AuthService,Page view: /home by u2878,E103,Page view: {page} by {user}
40739,2026-01-12,21:22:41,INFO,InventoryDB,Health check passed: InventoryDB,E102,Health check passed: {service}
40740,2026-01-12,21:18:53,INFO,AuthService,User u4492 login successful,E101,User {user} login successful
40741,2026-01-12,21:34:12,INFO,WebServer,User u2004 login successful,E101,User {user} login successful
40742,2026-01-12,21:20:04,INFO,PaymentGateway,Transaction tx155504 completed in 381ms,E104,Transaction {tx} completed in {time}ms
40743,2026-01-12,21:23:58,INFO,AuthService,User u2007 login successful,E101,User {user} login successful
40744,2026-01-12,21:09:48,INFO,PaymentGateway,Transaction tx521242 completed in 1021ms,E104,Transaction {tx} completed in {time}ms
40745,2026-01-12,21:24:06,INFO,WebServer,Page view: /home by u2615,E103,Page view: {page} by {user}
40746,2026-01-12,21:28:58,INFO,InventoryDB,Health check passed: InventoryDB,E102,Health check passed: {service}
40747,2026-01-12,21:13:29,INFO,WebServer,Page view: /home by u1730,E103,Page view: {page} by {user}
40748,2026-01-12,21:27:37,INFO,AuthService,Page view: /home by u3181,E103,Page view: {page} by {user}
40749,2026-01-12,21:23:40,INFO,AuthService,Page view: /home by u4120,E103,Page view: {page} by {user}
40750,2026-01-12,21:50:03,INFO,WebServer,User u1386 login successful,E101,User {user} login successful
40751,2026-01-12,21:15:23,INFO,InventoryDB,Page view: /home by u4210,E103,Page view: {page} by {user}
40752,2026-01-12,21:59:17,INFO,OrderProcessor,Transaction tx912981 completed in 210ms,E104,Transaction {tx} completed in {time}ms
40753,2026-01-12,21:21:15,INFO,WebServer,Transaction tx445854 completed in 1788ms,E104,Transaction {tx} completed in {time}ms
40754,2026-01-12,21:36:41,INFO,AuthService,Health check passed: AuthService,E102,Health check passed: {service}
40755,2026-01-12,21:44:12,INFO,WebServer,User u1123 login successful,E101,User {user} login successful
40756,2026-01-12,21:04:35,INFO,WebServer,User u2912 login successful,E101,User {user} login successful
40757,2026-01-12,21:53:26,INFO,WebServer,Transaction tx479897 completed in 1901ms,E104,Transaction {tx} completed in {time}ms
40758,2026-01-12,21:20:11,INFO,AuthService,User u3920 login successful,E101,User {user} login successful
40759,2026-01-12,21:45:31,INFO,WebServer,User u1306 login successful,E101,User {user} login successful
40760,2026-01-12,21:32:57,INFO,WebServer,Health check passed: WebServer,E102,Health check passed: {service}
40761,2026-01-12,21:34:07,INFO,WebServer,Page view: /home by u1076,E103,Page view: {page} by {user}
40762,2026-01-12,21:17:57,INFO,WebServer,Transaction tx978685 completed in 620ms,E104,Transaction {tx} completed in {time}ms
40763,2026-01-12,21:18:32,INFO,OrderProcessor,Page view: /home by u3457,E103,Page view: {page} by {user}
40764,2026-01-12,21:57:31,INFO,PaymentGateway,Health check passed: PaymentGateway,E102,Health check passed: {service}
40765,2026-01-12,21:59:20,INFO,PaymentGateway,Page view: /home by u4550,E103,Page view: {page} by {user}
40766,2026-01-12,21:44:38,INFO,AuthService,User u4188 login successful,E101,User {user} login successful
40767,2026-01-12,21:02:26,INFO,InventoryDB,User u1284 login successful,E101,User {user} login successful
40768,2026-01-12,21:43:02,INFO,WebServer,Health check passed: WebServer,E102,Health check passed: {service}
40769,2026-01-12,21:01:27,INFO,WebServer,Health check passed: WebServer,E102,Health check passed: {service}
40770,2026-01-12,21:32:18,WARN,PaymentGateway,Disk usage > 85% on node node-4,E202,Disk usage > 85% on node {node}
40771,2026-01-12,21:27:46,INFO,AuthService,Health check passed: AuthService,E102,Health check passed: {service}
40772,2026-01-12,21:24:11,INFO,WebServer,Transaction tx502315 completed in 447ms,E104,Transaction {tx} completed in {time}ms
40773,2026-01-12,21:35:22,INFO,WebServer,User u1120 login successful,E101,User {user} login successful
40774,2026-01-12,21:02:09,INFO,OrderProcessor,Transaction tx685326 completed in 1887ms,E104,Transaction {tx} completed in {time}ms
40775,2026-01-12,21:55:15,INFO,PaymentGateway,Transaction tx283532 completed in 1599ms,E104,Transaction {tx} completed in {time}ms
40776,2026-01-12,21:04:27,INFO,WebServer,Transaction tx398161 completed in 977ms,E104,Transaction {tx} completed in {time}ms
40777,2026-01-12,21:50:00,INFO,WebServer,Health check passed: WebServer,E102,Health check passed: {service}
40778,2026-01-12,21:49:45,ERROR,WebServer,Payment declined: Gateway unavailable,E503,Payment declined: Gateway unavailable
40779,2026-01-12,21:31:04,INFO,PaymentGateway,User u2087 login successful,E101,User {user} login successful
40780,2026-01-12,21:25:24,INFO,WebServer,User u3635 login successful,E101,User {user} login successful
40781,2026-01-12,21:12:01,INFO,OrderProcessor,Transaction tx923571 completed in 413ms,E104,Transaction {tx} completed in {time}ms
40782,2026-01-12,21:59:32,INFO,AuthService,User u4785 login successful,E101,User {user} login successful
40783,2026-01-12,21:40:16,INFO,AuthService,Transaction tx642995 completed in 291ms,E104,Transaction {tx} completed in {time}ms
40784,2026-01-12,21:39:07,INFO,WebServer,Transaction tx501590 completed in 312ms,E104,Transaction {tx} completed in {time}ms
40785,2026-01-12,21:36:01,INFO,WebServer,Page view: /home by u1742,E103,Page view: {page} by {user}
40786,2026-01-12,21:28:56,INFO,WebServer,Transaction tx388287 completed in 1422ms,E104,Transaction {tx} completed in {time}ms
40787,2026-01-12,21:16:39,INFO,WebServer,Health check passed: WebServer,E102,Health check passed: {service}
40788,2026-01-12,21:42:14,INFO,OrderProcessor,User u2748 login successful,E101,User {user} login successful
40789,2026-01-12,21:45:50,INFO,OrderProcessor,Transaction tx498425 completed in 1825ms,E104,Transaction {tx} completed in {time}ms
40790,2026-01-12,21:20:55,ERROR,WebServer,Timeout waiting for lock on InventoryDB,E502,Timeout waiting for lock on {db}
40791,2026-01-12,21:46:42,INFO,AuthService,Page view: /home by u1589,E103,Page view: {page} by {user}
40792,2026-01-12,21:11:07,INFO,AuthService,User u2880 login successful,E101,User {user} login successful
40793,2026-01-12,21:54:08,INFO,WebServer,Health check passed: WebServer,E102,Health check passed: {service}
40794,2026-01-12,21:39:09,INFO,OrderProcessor,Health check passed: OrderProcessor,E102,Health check passed: {service}
40795,2026-01-12,21:42:52,INFO,PaymentGateway,Page view: /home by u2569,E103,Page view: {page} by {user}
40796,2026-01-12,21:03:05,INFO,OrderProcessor,Page view: /home by u1253,E103,Page view: {page} by {user}
40797,2026-01-12,21:52:26,WARN,WebServer,Unauthorized access attempt from 10.0.0.45,E401,Unauthorized access attempt from {ip}
40798,2026-01-12,21:35:18,INFO,OrderProcessor,Health check passed: OrderProcessor,E102,Health check passed: {service}
40799,2026-01-12,21:36:25,WARN,PaymentGateway,High latency (116ms) detected on PaymentGateway,E201,High latency ({time}ms) detected on {service}
40800,2026-01-12,21:34:13,INFO,WebServer,Page view: /home by u2133,E103,Page view: {page} by {user}
40801,2026-01-12,21:17:53,INFO,AuthService,Transaction tx564834 completed in 1927ms,E104,Transaction {tx} completed in {time}ms
40802,2026-01-12,21:49:39,INFO,AuthService,Health check passed: AuthService,E102,Health check passed: {service}
40803,2026-01-12,21:24:59,INFO,WebServer,Health check passed: WebServer,E102,Health check passed: {service}
40804,2026-01-12,21:13:20,INFO,WebServer,User u3945 login successful,E101,User {user} login successful
40805,2026-01-12,21:50:10,INFO,OrderProcessor,User u3808 login successful,E101,User {user} login successful
40806,2026-01-12,21:01:33,WARN,WebServer,Unauthorized access attempt from 10.0.0.45,E401,Unauthorized access attempt from {ip}
40807,2026-01-12,21:27:24,INFO,WebServer,Health check passed: WebServer,E102,Health check passed: {service}
40808,2026-01-12,21:33:41,INFO,WebServer,Health check passed: WebServer,E102,Health check passed: {service}
40809,2026-01-12,21:57:40,INFO,WebServer,User u1968 login successful,E101,User {user} login successful
40810,2026-01-12,21:51:39,INFO,WebServer,Health check passed: WebServer,E102,Health check passed: {service}
40811,2026-01-12,21:25:30,INFO,PaymentGateway,Health check passed: PaymentGateway,E102,Health check passed: {service}
40812,2026-01-12,21:52:56,INFO,WebServer,Health check passed: WebServer,E102,Health check passed: {service}
40813,2026-01-12,21:42:51,INFO,WebServer,Transaction tx186844 completed in 519ms,E104,Transaction {tx} completed in {time}ms
40814,2026-01-12,21:16:28,INFO,WebServer,User u2514 login successful,E101,User {user} login successful
40815,2026-01-12,21:59:37,INFO,WebServer,Health check passed: WebServer,E102,Health check passed: {service}
40816,2026-01-12,21:23:22,INFO,WebServer,Transaction tx259415 completed in 407ms,E104,Transaction {tx} completed in {time}ms
40817,2026-01-12,21:25:10,INFO,OrderProcessor,Transaction tx919775 completed in 518ms,E104,Transaction {tx} completed in {time}ms
40818,2026-01-12,21:29:30,INFO,WebServer,Health check passed: WebServer,E102,Health check passed: {service}
40819,2026-01-12,21:25:08,INFO,WebServer,Health check passed: WebServer,E102,Health check passed: {service}
40820,2026-01-12,21:23:47,INFO,OrderProcessor,Page view: /home by u1394,E103,Page view: {page} by {user}
40821,2026-01-12,21:08:22,INFO,AuthService,Page view: /home by u1776,E103,Page view: {page} by {user}
40822,2026-01-12,21:39:49,ERROR,PaymentGateway,Connection refused to PaymentGateway at 10.0.0.45,E501,Connection refused to {service} at {ip}
40823,2026-01-12,21:43:45,WARN,InventoryDB,Unauthorized access attempt from 10.0.0.45,E401,Unauthorized access attempt from {ip}
40824,2026-01-12,21:34:28,INFO,InventoryDB,Health check passed: InventoryDB,E102,Health check passed: {service}
40825,2026-01-12,21:13:05,INFO,InventoryDB,Transaction tx867472 completed in 520ms,E104,Transaction {tx} completed in {time}ms
40826,2026-01-12,21:51:40,INFO,OrderProcessor,Health check passed: OrderProcessor,E102,Health check passed: {service}
40827,2026-01-12,21:14:50,INFO,WebServer,Page view: /home by u4266,E103,Page view: {page} by {user}
40828,2026-01-12,21:32:19,INFO,OrderProcessor,User u2938 login successful,E101,User {user} login successful
40829,2026-01-12,21:51:21,INFO,OrderProcessor,Health check passed: OrderProcessor,E102,Health check passed: {service}
40830,2026-01-12,21:38:14,INFO,OrderProcessor,Page view: /home by u4602,E103,Page view: {page} by {user}
40831,2026-01-12,21:32:08,INFO,PaymentGateway,Transaction tx846635 completed in 209ms,E104,Transaction {tx} completed in {time}ms
40832,2026-01-12,21:36:07,INFO,InventoryDB,User u3697 login successful,E101,User {user} login successful
40833,2026-01-12,21:05:16,INFO,WebServer,Page view: /home by u2730,E103,Page view: {page} by {user}
40834,2026-01-12,21:03:59,INFO,AuthService,Page view: /home by u1533,E103,Page view: {page} by {user}
40835,2026-01-12,21:06:13,INFO,WebServer,Health check passed: WebServer,E102,Health check passed: {service}
40836,2026-01-12,21:11:16,INFO,WebServer,Transaction tx464981 completed in 1100ms,E104,Transaction {tx} completed in {time}ms
40837,2026-01-12,21:50:48,INFO,PaymentGateway,Health check passed: PaymentGateway,E102,Health check passed: {service}
40838,2026-01-12,21:36:49,INFO,WebServer,Page view: /home by u4232,E103,Page view: {page} by {user}
40839,2026-01-12,21:24:39,ERROR,AuthService,Payment declined: Gateway unavailable,E503,Payment declined: Gateway unavailable
40840,2026-01-12,21:20:50,INFO,WebServer,User u3604 login successful,E101,User {user} login successful
40841,2026-01-12,21:59:02,INFO,WebServer,Transaction tx466229 completed in 306ms,E104,Transaction {tx} completed in {time}ms
40842,2026-01-12,21:58:03,INFO,AuthService,Health check passed: AuthService,E102,Health check passed: {service}
40843,2026-01-12,21:05:37,INFO,AuthService,Transaction tx631381 completed in 1211ms,E104,Transaction {tx} completed in {time}ms
40844,2026-01-12,21:32:47,INFO,WebServer,User u1173 login successful,E101,User {user} login successful
40845,2026-01-12,21:33:56,INFO,WebServer,Transaction tx961400 completed in 1144ms,E104,Transaction {tx} completed in {time}ms
40846,2026-01-12,21:58:55,INFO,InventoryDB,User u2628 login successful,E101,User {user} login successful
40847,2026-01-12,21:48:25,INFO,WebServer,User u4913 login successful,E101,User {user} login successful
40848,2026-01-12,21:38:48,INFO,WebServer,User u4186 login successful,E101,User {user} login successful
40849,2026-01-12,21:45:13,INFO,AuthService,Page view: /home by u1372,E103,Page view: {page} by {user}
40850,2026-01-12,21:14:41,INFO,WebServer,Transaction tx496788 completed in 454ms,E104,Transaction {tx} completed in {time}ms
40851,2026-01-12,21:50:57,INFO,WebServer,Transaction tx702498 completed in 928ms,E104,Transaction {tx} completed in {time}ms
40852,2026-01-12,21:56:43,INFO,WebServer,Health check passed: WebServer,E102,Health check passed: {service}
40853,2026-01-12,21:29:49,INFO,OrderProcessor,Page view: /home by u3600,E103,Page view: {page} by {user}
40854,2026-01-12,21:51:25,INFO,WebServer,Transaction tx454979 completed in 1534ms,E104,Transaction {tx} completed in {time}ms
40855,2026-01-12,21:59:33,INFO,WebServer,Transaction tx448513 completed in 402ms,E104,Transaction {tx} completed in {time}ms
40856,2026-01-12,21:17:18,INFO,WebServer,Page view: /home by u4545,E103,Page view: {page} by {user}
40857,2026-01-12,21:17:22,INFO,WebServer,User u3741 login successful,E101,User {user} login successful
40858,2026-01-12,21:08:34,INFO,WebServer,Page view: /home by u1173,E103,Page view: {page} by {user}
40859,2026-01-12,21:04:35,INFO,OrderProcessor,Health check passed: OrderProcessor,E102,Health check passed: {service}
40860,2026-01-12,21:38:10,INFO,OrderProcessor,Transaction tx450905 completed in 401ms,E104,Transaction {tx} completed in {time}ms
40861,2026-01-12,21:36:12,INFO,PaymentGateway,Transaction tx876141 completed in 708ms,E104,Transaction {tx} completed in {time}ms
40862,2026-01-12,21:00:06,INFO,WebServer,User u1453 login successful,E101,User {user} login successful
40863,2026-01-12,21:21:04,INFO,PaymentGateway,Transaction tx146909 completed in 1903ms,E104,Transaction {tx} completed in {time}ms
40864,2026-01-12,21:01:18,INFO,InventoryDB,Health check passed: InventoryDB,E102,Health check passed: {service}
40865,2026-01-12,21:10:55,INFO,WebServer,User u1433 login successful,E101,User {user} login successful
40866,2026-01-12,21:08:01,INFO,PaymentGateway,Page view: /home by u2663,E103,Page view: {page} by {user}
40867,2026-01-12,21:10:02,INFO,WebServer,User u3291 login successful,E101,User {user} login successful
40868,2026-01-12,21:09:09,INFO,WebServer,Page view: /home by u3573,E103,Page view: {page} by {user}
40869,2026-01-12,21:33:15,INFO,AuthService,Health check passed: AuthService,E102,Health check passed: {service}
40870,2026-01-12,21:17:42,INFO,AuthService,Transaction tx383723 completed in 292ms,E104,Transaction {tx} completed in {time}ms
40871,2026-01-12,21:07:46,INFO,PaymentGateway,User u3073 login successful,E101,User {user} login successful
40872,2026-01-12,21:49:31,WARN,OrderProcessor,High latency (1581ms) detected on OrderProcessor,E201,High latency ({time}ms) detected on {service}
40873,2026-01-12,21:13:50,INFO,AuthService,User u1218 login successful,E101,User {user} login successful
40874,2026-01-12,21:17:10,INFO,WebServer,Page view: /home by u1269,E103,Page view: {page} by {user}
40875,2026-01-12,21:54:19,INFO,AuthService,User u4450 login successful,E101,User {user} login successful
40876,2026-01-12,21:21:44,INFO,WebServer,User u4368 login successful,E101,User {user} login successful
40877,2026-01-12,21:05:50,INFO,WebServer,Page view: /home by u1207,E103,Page view: {page} by {user}
40878,2026-01-12,21:40:33,INFO,WebServer,Page view: /home by u3014,E103,Page view: {page} by {user}
40879,2026-01-12,21:46:17,INFO,WebServer,User u2488 login successful,E101,User {user} login successful
40880,2026-01-12,21:15:23,INFO,InventoryDB,User u4331 login successful,E101,User {user} login successful
40881,2026-01-12,21:34:10,ERROR,WebServer,Payment declined: Gateway unavailable,E503,Payment declined: Gateway unavailable
40882,2026-01-12,21:34:32,WARN,WebServer,High latency (1916ms) detected on WebServer,E201,High latency ({time}ms) detected on {service}
40883,2026-01-12,21:54:25,INFO,AuthService,User u2675 login successful,E101,User {user} login successful
40884,2026-01-12,21:12:31,INFO,PaymentGateway,Transaction tx447543 completed in 884ms,E104,Transaction {tx} completed in {time}ms
40885,2026-01-12,21:16:24,INFO,WebServer,User u3927 login successful,E101,User {user} login successful
40886,2026-01-12,21:42:16,INFO,WebServer,Health check passed: WebServer,E102,Health check passed: {service}
40887,2026-01-12,21:04:30,ERROR,WebServer,Connection refused to WebServer at 10.0.0.99,E501,Connection refused to {service} at {ip}
40888,2026-01-12,21:23:45,INFO,WebServer,Transaction tx457762 completed in 607ms,E104,Transaction {tx} completed in {time}ms
40889,2026-01-12,21:07:10,INFO,WebServer,Health check passed: WebServer,E102,Health check passed: {service}
40890,2026-01-12,21:21:14,INFO,OrderProcessor,Transaction tx468864 completed in 789ms,E104,Transaction {tx} completed in {time}ms
40891,2026-01-12,21:47:10,INFO,WebServer,Page view: /home by u1562,E103,Page view: {page} by {user}
40892,2026-01-12,21:48:36,INFO,PaymentGateway,Transaction tx412047 completed in 856ms,E104,Transaction {tx} completed in {time}ms
40893,2026-01-12,21:29:37,INFO,AuthService,User u3627 login successful,E101,User {user} login successful
40894,2026-01-12,21:08:32,INFO,AuthService,Transaction tx433732 completed in 1696ms,E104,Transaction {tx} completed in {time}ms
40895,2026-01-12,21:42:53,INFO,AuthService,Health check passed: AuthService,E102,Health check passed: {service}
40896,2026-01-12,21:08:56,INFO,WebServer,Page view: /home by u4807,E103,Page view: {page} by {user}
40897,2026-01-12,21:04:56,INFO,OrderProcessor,Health check passed: OrderProcessor,E102,Health check passed: {service}
40898,2026-01-12,21:53:13,INFO,OrderProcessor,Health check passed: OrderProcessor,E102,Health check passed: {service}
40899,2026-01-12,21:25:29,INFO,WebServer,Transaction tx344585 completed in 107ms,E104,Transaction {tx} completed in {time}ms
40900,2026-01-12,21:20:25,WARN,WebServer,High latency (1004ms) detected on WebServer,E201,High latency ({time}ms) detected on {service}
40901,2026-01-12,21:16:48,INFO,WebServer,Page view: /home by u2642,E103,Page view: {page} by {user}
40902,2026-01-12,21:56:05,INFO,WebServer,Page view: /home by u4488,E103,Page view: {page} by {user}
40903,2026-01-12,21:05:15,INFO,InventoryDB,Transaction tx962673 completed in 970ms,E104,Transaction {tx} completed in {time}ms
40904,2026-01-12,21:49:42,WARN,AuthService,Unauthorized access attempt from 10.0.0.12,E401,Unauthorized access attempt from {ip}
40905,2026-01-12,21:01:13,INFO,AuthService,Transaction tx482560 completed in 1794ms,E104,Transaction {tx} completed in {time}ms
40906,2026-01-12,21:00:58,INFO,WebServer,User u3035 login successful,E101,User {user} login successful
40907,2026-01-12,21:38:35,INFO,PaymentGateway,User u1932 login successful,E101,User {user} login successful
40908,2026-01-12,21:41:31,INFO,OrderProcessor,Transaction tx366002 completed in 1507ms,E104,Transaction {tx} completed in {time}ms
40909,2026-01-12,21:20:20,INFO,WebServer,Page view: /home by u3216,E103,Page view: {page} by {user}
40910,2026-01-12,21:04:27,WARN,WebServer,High latency (250ms) detected on WebServer,E201,High latency ({time}ms) detected on {service}
40911,2026-01-12,21:33:50,INFO,AuthService,Transaction tx885593 completed in 1440ms,E104,Transaction {tx} completed in {time}ms
40912,2026-01-12,21:07:54,INFO,PaymentGateway,Transaction tx222589 completed in 1671ms,E104,Transaction {tx} completed in {time}ms
40913,2026-01-12,21:07:43,INFO,AuthService,User u4771 login successful,E101,User {user} login successful
40914,2026-01-12,21:24:14,INFO,OrderProcessor,Health check passed: OrderProcessor,E102,Health check passed: {service}
40915,2026-01-12,21:13:22,INFO,WebServer,Page view: /home by u2058,E103,Page view: {page} by {user}
40916,2026-01-12,21:50:15,INFO,WebServer,User u1232 login successful,E101,User {user} login successful
40917,2026-01-12,21:36:44,INFO,PaymentGateway,User u2943 login successful,E101,User {user} login successful
40918,2026-01-12,21:15:23,INFO,WebServer,User u1386 login successful,E101,User {user} login successful
40919,2026-01-12,21:32:06,INFO,OrderProcessor,Page view: /home by u4445,E103,Page view: {page} by {user}
40920,2026-01-12,21:41:13,INFO,WebServer,Health check passed: WebServer,E102,Health check passed: {service}
40921,2026-01-12,21:15:31,INFO,PaymentGateway,Health check passed: PaymentGateway,E102,Health check passed: {service}
40922,2026-01-12,21:43:57,INFO,AuthService,User u2395 login successful,E101,User {user} login successful
40923,2026-01-12,21:15:38,INFO,WebServer,Health check passed: WebServer,E102,Health check passed: {service}
40924,2026-01-12,21:37:29,INFO,WebServer,Page view: /home by u1758,E103,Page view: {page} by {user}
40925,2026-01-12,21:06:55,INFO,WebServer,Page view: /home by u1464,E103,Page view: {page} by {user}
40926,2026-01-12,21:51:50,INFO,WebServer,Health check passed: WebServer,E102,Health check passed: {service}
40927,2026-01-12,21:12:35,INFO,OrderProcessor,Transaction tx956824 completed in 890ms,E104,Transaction {tx} completed in {time}ms
40928,2026-01-12,21:42:56,INFO,PaymentGateway,User u1855 login successful,E101,User {user} login successful
40929,2026-01-12,21:40:16,WARN,OrderProcessor,Unauthorized access attempt from 10.0.0.45,E401,Unauthorized access attempt from {ip}
40930,2026-01-12,21:42:05,INFO,OrderProcessor,Page view: /home by u2943,E103,Page view: {page} by {user}
40931,2026-01-12,21:29:08,INFO,WebServer,Health check passed: WebServer,E102,Health check passed: {service}
40932,2026-01-12,21:51:22,INFO,InventoryDB,User u4061 login successful,E101,User {user} login successful
40933,2026-01-12,21:54:43,INFO,WebServer,Health check passed: WebServer,E102,Health check passed: {service}
40934,2026-01-12,21:07:22,INFO,AuthService,Health check passed: AuthService,E102,Health check passed: {service}
40935,2026-01-12,21:33:19,INFO,AuthService,Page view: /home by u1372,E103,Page view: {page} by {user}
40936,2026-01-12,21:04:34,INFO,AuthService,Transaction tx745441 completed in 1826ms,E104,Transaction {tx} completed in {time}ms
40937,2026-01-12,21:00:25,INFO,AuthService,User u4207 login successful,E101,User {user} login successful
40938,2026-01-12,21:35:07,INFO,WebServer,Page view: /home by u4894,E103,Page view: {page} by {user}
40939,2026-01-12,21:54:37,INFO,WebServer,User u4826 login successful,E101,User {user} login successful
40940,2026-01-12,21:07:44,WARN,WebServer,High latency (602ms) detected on WebServer,E201,High latency ({time}ms) detected on {service}
40941,2026-01-12,21:02:28,INFO,WebServer,User u3740 login successful,E101,User {user} login successful
40942,2026-01-12,21:56:57,INFO,OrderProcessor,Transaction tx253715 completed in 1655ms,E104,Transaction {tx} completed in {time}ms
40943,2026-01-12,21:29:12,INFO,PaymentGateway,Page view: /home by u4357,E103,Page view: {page} by {user}
40944,2026-01-12,21:31:17,INFO,WebServer,Health check passed: WebServer,E102,Health check passed: {service}
40945,2026-01-12,21:45:40,INFO,WebServer,Page view: /home by u1138,E103,Page view: {page} by {user}
40946,2026-01-12,21:14:56,INFO,WebServer,Health check passed: WebServer,E102,Health check passed: {service}
40947,2026-01-12,21:06:59,INFO,WebServer,Health check passed: WebServer,E102,Health check passed: {service}
40948,2026-01-12,21:53:50,INFO,AuthService,User u4880 login successful,E101,User {user} login successful
40949,2026-01-12,21:31:07,INFO,AuthService,Page view: /home by u4433,E103,Page view: {page} by {user}
40950,2026-01-12,21:44:21,INFO,AuthService,Transaction tx918764 completed in 431ms,E104,Transaction {tx} completed in {time}ms
40951,2026-01-12,21:13:09,INFO,PaymentGateway,Health check passed: PaymentGateway,E102,Health check passed: {service}
40952,2026-01-12,21:05:56,INFO,WebServer,User u1432 login successful,E101,User {user} login successful
40953,2026-01-12,21:08:38,INFO,WebServer,Transaction tx693968 completed in 252ms,E104,Transaction {tx} completed in {time}ms
40954,2026-01-12,21:27:44,INFO,WebServer,Page view: /home by u3427,E103,Page view: {page} by {user}
40955,2026-01-12,21:26:46,INFO,OrderProcessor,Transaction tx198687 completed in 628ms,E104,Transaction {tx} completed in {time}ms
40956,2026-01-12,21:36:15,INFO,PaymentGateway,User u2337 login successful,E101,User {user} login successful
40957,2026-01-12,21:44:59,INFO,AuthService,Transaction tx411362 completed in 1024ms,E104,Transaction {tx} completed in {time}ms
40958,2026-01-12,21:05:36,INFO,AuthService,Page view: /home by u2993,E103,Page view: {page} by {user}
40959,2026-01-12,21:46:35,INFO,PaymentGateway,Transaction tx683700 completed in 533ms,E104,Transaction {tx} completed in {time}ms
40960,2026-01-12,21:46:53,INFO,AuthService,Page view: /home by u1999,E103,Page view: {page} by {user}
40961,2026-01-12,21:07:38,INFO,WebServer,User u4655 login successful,E101,User {user} login successful
40962,2026-01-12,21:03:29,INFO,WebServer,Page view: /home by u1167,E103,Page view: {page} by {user}
40963,2026-01-12,21:06:52,INFO,WebServer,User u4591 login successful,E101,User {user} login successful
40964,2026-01-12,21:17:55,INFO,WebServer,Health check passed: WebServer,E102,Health check passed: {service}
40965,2026-01-12,21:51:12,INFO,WebServer,Page view: /home by u3146,E103,Page view: {page} by {user}
40966,2026-01-12,21:13:48,INFO,PaymentGateway,Transaction tx510836 completed in 1225ms,E104,Transaction {tx} completed in {time}ms
40967,2026-01-12,21:58:17,INFO,AuthService,Page view: /home by u4115,E103,Page view: {page} by {user}
40968,2026-01-12,21:02:14,INFO,WebServer,Health check passed: WebServer,E102,Health check passed: {service}
40969,2026-01-12,21:04:35,INFO,WebServer,User u4779 login successful,E101,User {user} login successful
40970,2026-01-12,21:18:04,INFO,InventoryDB,User u3197 login successful,E101,User {user} login successful
40971,2026-01-12,21:09:04,WARN,WebServer,Unauthorized access attempt from 10.0.0.45,E401,Unauthorized access attempt from {ip}
40972,2026-01-12,21:08:10,INFO,WebServer,Health check passed: WebServer,E102,Health check passed: {service}
40973,2026-01-12,21:47:50,INFO,WebServer,Transaction tx487836 completed in 1738ms,E104,Transaction {tx} completed in {time}ms
40974,2026-01-12,21:19:03,INFO,OrderProcessor,Page view: /home by u4684,E103,Page view: {page} by {user}
40975,2026-01-12,21:55:34,INFO,WebServer,Transaction tx737985 completed in 1787ms,E104,Transaction {tx} completed in {time}ms
40976,2026-01-12,21:11:11,INFO,AuthService,Page view: /home by u4866,E103,Page view: {page} by {user}
40977,2026-01-12,21:58:18,INFO,AuthService,Transaction tx913699 completed in 426ms,E104,Transaction {tx} completed in {time}ms
40978,2026-01-12,21:20:14,WARN,InventoryDB,High latency (963ms) detected on InventoryDB,E201,High latency ({time}ms) detected on {service}
40979,2026-01-12,21:35:06,INFO,OrderProcessor,Health check passed: OrderProcessor,E102,Health check passed: {service}
40980,2026-01-12,21:36:03,INFO,AuthService,Page view: /home by u3671,E103,Page view: {page} by {user}
40981,2026-01-12,21:40:38,INFO,WebServer,User u2217 login successful,E101,User {user} login successful
40982,2026-01-12,21:21:04,INFO,OrderProcessor,User u2859 login successful,E101,User {user} login successful
40983,2026-01-12,21:42:25,INFO,WebServer,Page view: /home by u1991,E103,Page view: {page} by {user}
40984,2026-01-12,21:51:35,INFO,WebServer,User u3097 login successful,E101,User {user} login successful
40985,2026-01-12,21:59:24,INFO,WebServer,Page view: /home by u4298,E103,Page view: {page} by {user}
40986,2026-01-12,21:53:48,INFO,AuthService,Transaction tx443750 completed in 1350ms,E104,Transaction {tx} completed in {time}ms
40987,2026-01-12,21:57:36,INFO,WebServer,Transaction tx628413 completed in 1729ms,E104,Transaction {tx} completed in {time}ms
40988,2026-01-12,21:17:05,INFO,AuthService,Health check passed: AuthService,E102,Health check passed: {service}
40989,2026-01-12,21:16:35,INFO,WebServer,Page view: /home by u4550,E103,Page view: {page} by {user}
40990,2026-01-12,21:42:15,INFO,WebServer,Page view: /home by u2373,E103,Page view: {page} by {user}
40991,2026-01-12,21:35:58,INFO,AuthService,Health check passed: AuthService,E102,Health check passed: {service}
40992,2026-01-12,21:06:51,INFO,OrderProcessor,Page view: /home by u3899,E103,Page view: {page} by {user}
40993,2026-01-12,21:32:57,INFO,WebServer,Page view: /home by u1425,E103,Page view: {page} by {user}
40994,2026-01-12,21:17:53,INFO,WebServer,Page view: /home by u3066,E103,Page view: {page} by {user}
40995,2026-01-12,21:47:25,INFO,WebServer,Page view: /home by u3613,E103,Page view: {page} by {user}
40996,2026-01-12,21:05:44,INFO,WebServer,Health check passed: WebServer,E102,Health check passed: {service}
40997,2026-01-12,21:21:00,INFO,PaymentGateway,User u4265 login successful,E101,User {user} login successful
40998,2026-01-12,21:30:07,INFO,WebServer,User u1961 login successful,E101,User {user} login successful
40999,2026-01-12,21:07:53,INFO,OrderProcessor,User u2968 login successful,E101,User {user} login successful
41000,2026-01-12,21:22:10,INFO,PaymentGateway,User u3960 login successful,E101,User {user} login successful
41001,2026-01-12,21:15:49,INFO,WebServer,Health check passed: WebServer,E102,Health check passed: {service}
41002,2026-01-12,21:15:55,INFO,AuthService,Transaction tx573990 completed in 1239ms,E104,Transaction {tx} completed in {time}ms
41003,2026-01-12,21:35:40,INFO,WebServer,User u4692 login successful,E101,User {user} login successful
41004,2026-01-12,21:06:32,INFO,AuthService,User u1198 login successful,E101,User {user} login successful
41005,2026-01-12,21:56:57,INFO,WebServer,Page view: /home by u3367,E103,Page view: {page} by {user}
41006,2026-01-12,21:49:05,WARN,WebServer,Unauthorized access attempt from 10.0.0.88,E401,Unauthorized access attempt from {ip}
41007,2026-01-12,21:40:23,INFO,WebServer,User u3779 login successful,E101,User {user} login successful
41008,2026-01-12,21:07:53,INFO,OrderProcessor,Health check passed: OrderProcessor,E102,Health check passed: {service}
41009,2026-01-12,21:30:20,INFO,WebServer,Health check passed: WebServer,E102,Health check passed: {service}
41010,2026-01-12,21:55:33,INFO,WebServer,Health check passed: WebServer,E102,Health check passed: {service}
41011,2026-01-12,21:37:28,INFO,AuthService,Transaction tx729459 completed in 311ms,E104,Transaction {tx} completed in {time}ms
41012,2026-01-12,21:49:13,INFO,WebServer,Health check passed: WebServer,E102,Health check passed: {service}
41013,2026-01-12,21:56:16,INFO,AuthService,Health check passed: AuthService,E102,Health check passed: {service}
41014,2026-01-12,21:20:35,WARN,AuthService,Disk usage > 85% on node node-2,E202,Disk usage > 85% on node {node}
41015,2026-01-12,21:18:05,WARN,AuthService,High latency (971ms) detected on AuthService,E201,High latency ({time}ms) detected on {service}
41016,2026-01-12,21:40:23,INFO,WebServer,Transaction tx810156 completed in 1007ms,E104,Transaction {tx} completed in {time}ms
41017,2026-01-12,21:41:13,INFO,OrderProcessor,User u2220 login successful,E101,User {user} login successful
41018,2026-01-12,21:50:53,INFO,InventoryDB,Transaction tx882625 completed in 1115ms,E104,Transaction {tx} completed in {time}ms
41019,2026-01-12,21:00:54,INFO,AuthService,User u4948 login successful,E101,User {user} login successful
41020,2026-01-12,21:46:31,INFO,AuthService,Page view: /home by u4681,E103,Page view: {page} by {user}
41021,2026-01-12,21:25:21,INFO,PaymentGateway,Transaction tx250137 completed in 481ms,E104,Transaction {tx} completed in {time}ms
41022,2026-01-12,21:52:30,INFO,AuthService,Transaction tx706708 completed in 1832ms,E104,Transaction {tx} completed in {time}ms
41023,2026-01-12,21:59:32,INFO,WebServer,Page view: /home by u2506,E103,Page view: {page} by {user}
41024,2026-01-12,21:42:58,INFO,WebServer,Transaction tx321924 completed in 393ms,E104,Transaction {tx} completed in {time}ms
41025,2026-01-12,21:20:26,INFO,WebServer,Health check passed: WebServer,E102,Health check passed: {service}
41026,2026-01-12,21:08:58,WARN,WebServer,High latency (916ms) detected on WebServer,E201,High latency ({time}ms) detected on {service}
41027,2026-01-12,21:16:41,INFO,WebServer,Transaction tx922727 completed in 1046ms,E104,Transaction {tx} completed in {time}ms
41028,2026-01-12,21:04:17,INFO,WebServer,Page view: /home by u3027,E103,Page view: {page} by {user}
41029,2026-01-12,21:35:16,WARN,WebServer,Unauthorized access attempt from 10.0.0.45,E401,Unauthorized access attempt from {ip}
41030,2026-01-12,21:40:28,INFO,WebServer,User u2751 login successful,E101,User {user} login successful
41031,2026-01-12,21:24:34,INFO,WebServer,Transaction tx823361 completed in 929ms,E104,Transaction {tx} completed in {time}ms
41032,2026-01-12,21:51:57,INFO,WebServer,Health check passed: WebServer,E102,Health check passed: {service}
41033,2026-01-12,21:28:09,INFO,WebServer,Transaction tx327791 completed in 573ms,E104,Transaction {tx} completed in {time}ms
41034,2026-01-12,21:28:45,INFO,WebServer,Page view: /home by u1156,E103,Page view: {page} by {user}
41035,2026-01-12,21:10:34,INFO,WebServer,Page view: /home by u1310,E103,Page view: {page} by {user}
41036,2026-01-12,21:35:45,WARN,OrderProcessor,Disk usage > 85% on node node-4,E202,Disk usage > 85% on node {node}
41037,2026-01-12,21:48:15,INFO,WebServer,Transaction tx325279 completed in 116ms,E104,Transaction {tx} completed in {time}ms
41038,2026-01-12,21:17:45,INFO,AuthService,Page view: /home by u2223,E103,Page view: {page} by {user}
41039,2026-01-12,21:02:26,INFO,WebServer,Transaction tx130431 completed in 1489ms,E104,Transaction {tx} completed in {time}ms
41040,2026-01-12,21:32:43,INFO,PaymentGateway,Transaction tx304941 completed in 90ms,E104,Transaction {tx} completed in {time}ms
41041,2026-01-12,21:19:53,INFO,WebServer,Transaction tx866494 completed in 361ms,E104,Transaction {tx} completed in {time}ms
41042,2026-01-12,21:33:37,INFO,WebServer,Transaction tx964108 completed in 1300ms,E104,Transaction {tx} completed in {time}ms
41043,2026-01-12,21:52:35,INFO,AuthService,Page view: /home by u4242,E103,Page view: {page} by {user}
41044,2026-01-12,21:50:05,INFO,OrderProcessor,Page view: /home by u4474,E103,Page view: {page} by {user}
41045,2026-01-12,21:02:00,INFO,OrderProcessor,User u2425 login successful,E101,User {user} login successful
41046,2026-01-12,21:01:31,INFO,PaymentGateway,User u2558 login successful,E101,User {user} login successful
41047,2026-01-12,21:42:48,INFO,WebServer,Page view: /home by u1250,E103,Page view: {page} by {user}
41048,2026-01-12,21:34:52,INFO,WebServer,User u2227 login successful,E101,User {user} login successful
41049,2026-01-12,21:30:10,INFO,OrderProcessor,Transaction tx505302 completed in 673ms,E104,Transaction {tx} completed in {time}ms
41050,2026-01-12,21:48:34,INFO,PaymentGateway,Transaction tx626171 completed in 973ms,E104,Transaction {tx} completed in {time}ms
41051,2026-01-12,21:07:09,INFO,AuthService,Health check passed: AuthService,E102,Health check passed: {service}
41052,2026-01-12,21:38:51,INFO,AuthService,Transaction tx311146 completed in 1225ms,E104,Transaction {tx} completed in {time}ms
41053,2026-01-12,21:07:32,INFO,AuthService,Page view: /home by u2372,E103,Page view: {page} by {user}
41054,2026-01-12,21:37:51,INFO,InventoryDB,Transaction tx119057 completed in 1246ms,E104,Transaction {tx} completed in {time}ms
41055,2026-01-12,21:35:56,INFO,InventoryDB,Page view: /home by u3768,E103,Page view: {page} by {user}
41056,2026-01-12,21:12:02,INFO,WebServer,Page view: /home by u1130,E103,Page view: {page} by {user}
41057,2026-01-12,21:24:20,INFO,WebServer,Health check passed: WebServer,E102,Health check passed: {service}
41058,2026-01-12,21:33:43,INFO,WebServer,Health check passed: WebServer,E102,Health check passed: {service}
41059,2026-01-12,21:18:33,INFO,WebServer,Transaction tx935261 completed in 296ms,E104,Transaction {tx} completed in {time}ms
41060,2026-01-12,21:11:34,INFO,AuthService,User u3048 login successful,E101,User {user} login successful
41061,2026-01-12,21:18:54,INFO,WebServer,Health check passed: WebServer,E102,Health check passed: {service}
41062,2026-01-12,21:14:59,INFO,AuthService,Transaction tx150089 completed in 1421ms,E104,Transaction {tx} completed in {time}ms
41063,2026-01-12,21:59:14,INFO,WebServer,Page view: /home by u4448,E103,Page view: {page} by {user}
41064,2026-01-12,21:47:56,INFO,OrderProcessor,User u2618 login successful,E101,User {user} login successful
41065,2026-01-12,21:23:48,INFO,PaymentGateway,User u4314 login successful,E101,User {user} login successful
41066,2026-01-12,21:22:40,INFO,AuthService,Page view: /home by u3311,E103,Page view: {page} by {user}
41067,2026-01-12,21:03:37,WARN,WebServer,High latency (1225ms) detected on WebServer,E201,High latency ({time}ms) detected on {service}
41068,2026-01-12,21:20:54,INFO,AuthService,Transaction tx223611 completed in 1496ms,E104,Transaction {tx} completed in {time}ms
41069,2026-01-12,21:42:36,INFO,PaymentGateway,Page view: /home by u4659,E103,Page view: {page} by {user}
41070,2026-01-12,21:36:19,INFO,WebServer,User u4462 login successful,E101,User {user} login successful
41071,2026-01-12,21:24:35,INFO,WebServer,User u3695 login successful,E101,User {user} login successful
41072,2026-01-12,21:19:24,WARN,WebServer,High latency (205ms) detected on WebServer,E201,High latency ({time}ms) detected on {service}
41073,2026-01-12,21:02:22,INFO,AuthService,User u4128 login successful,E101,User {user} login successful
41074,2026-01-12,21:33:26,INFO,PaymentGateway,Transaction tx264672 completed in 1877ms,E104,Transaction {tx} completed in {time}ms
41075,2026-01-12,21:12:05,ERROR,AuthService,Payment declined: Gateway unavailable,E503,Payment declined: Gateway unavailable
41076,2026-01-12,21:59:50,INFO,AuthService,User u4069 login successful,E101,User {user} login successful
41077,2026-01-12,21:58:43,INFO,WebServer,User u1913 login successful,E101,User {user} login successful
41078,2026-01-12,21:10:16,INFO,AuthService,Transaction tx172681 completed in 1982ms,E104,Transaction {tx} completed in {time}ms
41079,2026-01-12,21:58:53,WARN,AuthService,Unauthorized access attempt from 10.0.0.45,E401,Unauthorized access attempt from {ip}
41080,2026-01-12,21:03:53,WARN,WebServer,Disk usage > 85% on node node-1,E202,Disk usage > 85% on node {node}
41081,2026-01-12,21:26:36,INFO,WebServer,Page view: /home by u3125,E103,Page view: {page} by {user}
41082,2026-01-12,21:28:41,INFO,WebServer,Transaction tx886338 completed in 658ms,E104,Transaction {tx} completed in {time}ms
41083,2026-01-12,21:35:43,INFO,AuthService,User u4105 login successful,E101,User {user} login successful
41084,2026-01-12,21:47:46,INFO,AuthService,User u3492 login successful,E101,User {user} login successful
41085,2026-01-12,21:19:48,INFO,WebServer,Health check passed: WebServer,E102,Health check passed: {service}
41086,2026-01-12,21:30:11,INFO,WebServer,Page view: /home by u1305,E103,Page view: {page} by {user}
41087,2026-01-12,21:00:17,INFO,AuthService,Page view: /home by u1614,E103,Page view: {page} by {user}
41088,2026-01-12,21:52:18,INFO,WebServer,Page view: /home by u2549,E103,Page view: {page} by {user}
41089,2026-01-12,21:17:42,INFO,WebServer,Transaction tx492820 completed in 939ms,E104,Transaction {tx} completed in {time}ms
41090,2026-01-12,21:03:13,INFO,WebServer,Transaction tx220440 completed in 1012ms,E104,Transaction {tx} completed in {time}ms
41091,2026-01-12,21:59:45,INFO,AuthService,Health check passed: AuthService,E102,Health check passed: {service}
41092,2026-01-12,21:58:53,INFO,InventoryDB,Transaction tx422172 completed in 1422ms,E104,Transaction {tx} completed in {time}ms
41093,2026-01-12,21:36:56,INFO,AuthService,User u1220 login successful,E101,User {user} login successful
41094,2026-01-12,21:24:52,INFO,AuthService,Health check passed: AuthService,E102,Health check passed: {service}
41095,2026-01-12,21:04:12,INFO,WebServer,Page view: /home by u2974,E103,Page view: {page} by {user}
41096,2026-01-12,21:26:16,INFO,WebServer,Page view: /home by u2482,E103,Page view: {page} by {user}
41097,2026-01-12,21:25:12,INFO,WebServer,Health check passed: WebServer,E102,Health check passed: {service}
41098,2026-01-12,21:38:07,ERROR,WebServer,Payment declined: Gateway unavailable,E503,Payment declined: Gateway unavailable
41099,2026-01-12,21:50:24,INFO,WebServer,Health check passed: WebServer,E102,Health check passed: {service}
41100,2026-01-12,21:29:39,INFO,WebServer,User u3745 login successful,E101,User {user} login successful
41101,2026-01-12,21:23:16,INFO,OrderProcessor,Transaction tx992759 completed in 522ms,E104,Transaction {tx} completed in {time}ms
41102,2026-01-12,21:59:37,INFO,OrderProcessor,Page view: /home by u2571,E103,Page view: {page} by {user}
41103,2026-01-12,21:15:21,INFO,WebServer,Transaction tx423399 completed in 773ms,E104,Transaction {tx} completed in {time}ms
41104,2026-01-12,21:36:47,INFO,WebServer,User u3171 login successful,E101,User {user} login successful
41105,2026-01-12,21:49:16,INFO,WebServer,Page view: /home by u4720,E103,Page view: {page} by {user}
41106,2026-01-12,21:20:47,INFO,PaymentGateway,Page view: /home by u1600,E103,Page view: {page} by {user}
41107,2026-01-12,21:13:08,INFO,OrderProcessor,Health check passed: OrderProcessor,E102,Health check passed: {service}
41108,2026-01-12,21:12:57,INFO,WebServer,Health check passed: WebServer,E102,Health check passed: {service}
41109,2026-01-12,21:55:15,INFO,WebServer,Transaction tx337100 completed in 740ms,E104,Transaction {tx} completed in {time}ms
41110,2026-01-12,21:18:27,INFO,WebServer,User u1294 login successful,E101,User {user} login successful
41111,2026-01-12,21:21:59,INFO,WebServer,Health check passed: WebServer,E102,Health check passed: {service}
41112,2026-01-12,21:02:51,INFO,AuthService,User u1242 login successful,E101,User {user} login successful
41113,2026-01-12,21:58:58,INFO,AuthService,User u4823 login successful,E101,User {user} login successful
41114,2026-01-12,21:15:20,INFO,WebServer,Page view: /home by u2059,E103,Page view: {page} by {user}
41115,2026-01-12,21:18:32,INFO,AuthService,Transaction tx124940 completed in 1233ms,E104,Transaction {tx} completed in {time}ms
41116,2026-01-12,21:59:41,INFO,OrderProcessor,Health check passed: OrderProcessor,E102,Health check passed: {service}
41117,2026-01-12,21:55:32,INFO,InventoryDB,User u4542 login successful,E101,User {user} login successful
41118,2026-01-12,21:33:01,INFO,WebServer,Health check passed: WebServer,E102,Health check passed: {service}
41119,2026-01-12,21:54:22,INFO,InventoryDB,User u1801 login successful,E101,User {user} login successful
41120,2026-01-12,21:04:04,INFO,OrderProcessor,Transaction tx549150 completed in 1128ms,E104,Transaction {tx} completed in {time}ms
41121,2026-01-12,21:13:31,INFO,WebServer,Transaction tx304135 completed in 957ms,E104,Transaction {tx} completed in {time}ms
41122,2026-01-12,21:05:21,INFO,OrderProcessor,Transaction tx289876 completed in 481ms,E104,Transaction {tx} completed in {time}ms
41123,2026-01-12,21:40:42,INFO,WebServer,Transaction tx260514 completed in 756ms,E104,Transaction {tx} completed in {time}ms
41124,2026-01-12,21:39:58,INFO,OrderProcessor,Page view: /home by u2447,E103,Page view: {page} by {user}
41125,2026-01-12,21:29:27,INFO,PaymentGateway,Page view: /home by u2490,E103,Page view: {page} by {user}
41126,2026-01-12,21:25:58,INFO,WebServer,Page view: /home by u2468,E103,Page view: {page} by {user}
41127,2026-01-12,21:03:13,INFO,WebServer,Transaction tx392748 completed in 1360ms,E104,Transaction {tx} completed in {time}ms
41128,2026-01-12,21:16:25,INFO,AuthService,Transaction tx962959 completed in 1024ms,E104,Transaction {tx} completed in {time}ms
41129,2026-01-12,21:26:33,INFO,WebServer,Transaction tx466435 completed in 219ms,E104,Transaction {tx} completed in {time}ms
41130,2026-01-12,21:44:37,INFO,OrderProcessor,Transaction tx542501 completed in 167ms,E104,Transaction {tx} completed in {time}ms
41131,2026-01-12,21:41:48,INFO,WebServer,User u3136 login successful,E101,User {user} login successful
41132,2026-01-12,21:53:07,INFO,OrderProcessor,Page view: /home by u3528,E103,Page view: {page} by {user}
41133,2026-01-12,21:56:57,INFO,WebServer,Transaction tx111175 completed in 585ms,E104,Transaction {tx} completed in {time}ms
41134,2026-01-12,21:26:39,INFO,WebServer,Transaction tx869784 completed in 1990ms,E104,Transaction {tx} completed in {time}ms
41135,2026-01-12,21:02:01,INFO,WebServer,User u4198 login successful,E101,User {user} login successful
41136,2026-01-12,21:43:51,INFO,WebServer,Health check passed: WebServer,E102,Health check passed: {service}
41137,2026-01-12,21:09:54,INFO,OrderProcessor,User u3957 login successful,E101,User {user} login successful
41138,2026-01-12,21:30:06,INFO,InventoryDB,Page view: /home by u1122,E103,Page view: {page} by {user}
41139,2026-01-12,21:22:10,WARN,WebServer,Disk usage > 85% on node node-2,E202,Disk usage > 85% on node {node}
41140,2026-01-12,21:13:32,INFO,InventoryDB,User u4216 login successful,E101,User {user} login successful
41141,2026-01-12,21:14:34,INFO,AuthService,Health check passed: AuthService,E102,Health check passed: {service}
41142,2026-01-12,21:41:13,INFO,WebServer,Transaction tx618158 completed in 1747ms,E104,Transaction {tx} completed in {time}ms
41143,2026-01-12,21:52:28,INFO,PaymentGateway,Page view: /home by u4859,E103,Page view: {page} by {user}
41144,2026-01-12,21:16:08,INFO,OrderProcessor,User u3381 login successful,E101,User {user} login successful
41145,2026-01-12,21:38:49,INFO,OrderProcessor,Health check passed: OrderProcessor,E102,Health check passed: {service}
41146,2026-01-12,21:24:30,INFO,WebServer,Transaction tx717589 completed in 1881ms,E104,Transaction {tx} completed in {time}ms
41147,2026-01-12,21:14:18,INFO,OrderProcessor,Health check passed: OrderProcessor,E102,Health check passed: {service}
41148,2026-01-12,21:39:48,INFO,WebServer,Page view: /home by u4798,E103,Page view: {page} by {user}
41149,2026-01-12,21:51:28,WARN,WebServer,High latency (284ms) detected on WebServer,E201,High latency ({time}ms) detected on {service}
41150,2026-01-12,21:45:41,INFO,WebServer,User u4008 login successful,E101,User {user} login successful
41151,2026-01-12,21:48:07,INFO,WebServer,User u1858 login successful,E101,User {user} login successful
41152,2026-01-12,21:22:49,INFO,WebServer,User u2651 login successful,E101,User {user} login successful
41153,2026-01-12,21:03:50,INFO,WebServer,Transaction tx787155 completed in 373ms,E104,Transaction {tx} completed in {time}ms
41154,2026-01-12,21:10:10,INFO,AuthService,Transaction tx409696 completed in 904ms,E104,Transaction {tx} completed in {time}ms
41155,2026-01-12,21:08:41,INFO,WebServer,User u4910 login successful,E101,User {user} login successful
41156,2026-01-12,21:20:02,INFO,WebServer,Page view: /home by u4214,E103,Page view: {page} by {user}
41157,2026-01-12,21:10:08,INFO,AuthService,Health check passed: AuthService,E102,Health check passed: {service}
41158,2026-01-12,21:26:28,INFO,OrderProcessor,Transaction tx630972 completed in 928ms,E104,Transaction {tx} completed in {time}ms
41159,2026-01-12,21:40:10,ERROR,AuthService,Payment declined: Gateway unavailable,E503,Payment declined: Gateway unavailable
41160,2026-01-12,21:40:33,INFO,AuthService,User u3713 login successful,E101,User {user} login successful
41161,2026-01-12,21:10:38,INFO,WebServer,Health check passed: WebServer,E102,Health check passed: {service}
41162,2026-01-12,21:01:13,INFO,AuthService,User u1819 login successful,E101,User {user} login successful
41163,2026-01-12,21:50:02,INFO,WebServer,Page view: /home by u3426,E103,Page view: {page} by {user}
41164,2026-01-12,21:23:39,INFO,OrderProcessor,Transaction tx704155 completed in 1984ms,E104,Transaction {tx} completed in {time}ms
41165,2026-01-12,21:44:48,WARN,InventoryDB,High latency (1348ms) detected on InventoryDB,E201,High latency ({time}ms) detected on {service}
41166,2026-01-12,21:24:51,INFO,WebServer,User u2525 login successful,E101,User {user} login successful
41167,2026-01-12,21:32:20,INFO,InventoryDB,Page view: /home by u3729,E103,Page view: {page} by {user}
41168,2026-01-12,21:39:29,INFO,WebServer,User u3671 login successful,E101,User {user} login successful
41169,2026-01-12,21:55:10,INFO,AuthService,Page view: /home by u4425,E103,Page view: {page} by {user}
41170,2026-01-12,21:37:03,INFO,PaymentGateway,User u4784 login successful,E101,User {user} login successful
41171,2026-01-12,21:40:17,WARN,AuthService,Disk usage > 85% on node node-1,E202,Disk usage > 85% on node {node}
41172,2026-01-12,21:45:49,WARN,WebServer,High latency (63ms) detected on WebServer,E201,High latency ({time}ms) detected on {service}
41173,2026-01-12,21:37:17,INFO,AuthService,Transaction tx296976 completed in 628ms,E104,Transaction {tx} completed in {time}ms
41174,2026-01-12,21:20:43,WARN,WebServer,Unauthorized access attempt from 10.0.0.45,E401,Unauthorized access attempt from {ip}
41175,2026-01-12,21:08:28,INFO,InventoryDB,User u1683 login successful,E101,User {user} login successful
41176,2026-01-12,21:46:55,INFO,WebServer,Transaction tx856212 completed in 1738ms,E104,Transaction {tx} completed in {time}ms
41177,2026-01-12,21:05:14,INFO,WebServer,Page view: /home by u4631,E103,Page view: {page} by {user}
41178,2026-01-12,21:08:52,INFO,WebServer,Health check passed: WebServer,E102,Health check passed: {service}
41179,2026-01-12,21:02:39,INFO,WebServer,Transaction tx512004 completed in 1416ms,E104,Transaction {tx} completed in {time}ms
41180,2026-01-12,21:39:15,INFO,AuthService,Transaction tx982861 completed in 221ms,E104,Transaction {tx} completed in {time}ms
41181,2026-01-12,21:45:06,INFO,WebServer,Transaction tx654318 completed in 1056ms,E104,Transaction {tx} completed in {time}ms
41182,2026-01-12,21:02:32,INFO,WebServer,Health check passed: WebServer,E102,Health check passed: {service}
41183,2026-01-12,21:52:35,INFO,WebServer,Transaction tx846290 completed in 281ms,E104,Transaction {tx} completed in {time}ms
41184,2026-01-12,21:11:56,INFO,AuthService,User u4146 login successful,E101,User {user} login successful
41185,2026-01-12,21:55:41,INFO,AuthService,Page view: /home by u2139,E103,Page view: {page} by {user}
41186,2026-01-12,21:41:46,INFO,PaymentGateway,User u1003 login successful,E101,User {user} login successful
41187,2026-01-12,21:16:59,WARN,AuthService,Unauthorized access attempt from 10.0.0.88,E401,Unauthorized access attempt from {ip}
41188,2026-01-12,21:59:58,INFO,OrderProcessor,Transaction tx231497 completed in 1909ms,E104,Transaction {tx} completed in {time}ms
41189,2026-01-12,21:44:24,INFO,AuthService,Transaction tx765529 completed in 725ms,E104,Transaction {tx} completed in {time}ms
41190,2026-01-12,21:09:24,INFO,AuthService,Health check passed: AuthService,E102,Health check passed: {service}
41191,2026-01-12,21:00:44,INFO,WebServer,Health check passed: WebServer,E102,Health check passed: {service}
41192,2026-01-12,21:37:51,INFO,OrderProcessor,Transaction tx739478 completed in 989ms,E104,Transaction {tx} completed in {time}ms
41193,2026-01-12,21:29:45,INFO,WebServer,Transaction tx171638 completed in 565ms,E104,Transaction {tx} completed in {time}ms
41194,2026-01-12,21:09:21,INFO,WebServer,Health check passed: WebServer,E102,Health check passed: {service}
41195,2026-01-12,21:47:34,INFO,WebServer,Transaction tx159080 completed in 105ms,E104,Transaction {tx} completed in {time}ms
41196,2026-01-12,21:17:05,INFO,PaymentGateway,Transaction tx243918 completed in 1552ms,E104,Transaction {tx} completed in {time}ms
41197,2026-01-12,21:30:01,INFO,InventoryDB,Page view: /home by u1207,E103,Page view: {page} by {user}
41198,2026-01-12,21:47:14,INFO,AuthService,User u4735 login successful,E101,User {user} login successful
41199,2026-01-12,21:15:54,INFO,WebServer,User u3283 login successful,E101,User {user} login successful
41200,2026-01-12,21:07:17,INFO,WebServer,Transaction tx204414 completed in 1941ms,E104,Transaction {tx} completed in {time}ms
41201,2026-01-12,21:25:02,INFO,WebServer,Transaction tx204448 completed in 712ms,E104,Transaction {tx} completed in {time}ms
41202,2026-01-12,21:33:18,INFO,AuthService,Page view: /home by u2338,E103,Page view: {page} by {user}
41203,2026-01-12,21:20:07,INFO,WebServer,User u3196 login successful,E101,User {user} login successful
41204,2026-01-12,21:17:40,INFO,PaymentGateway,Page view: /home by u2557,E103,Page view: {page} by {user}
41205,2026-01-12,21:54:41,INFO,InventoryDB,User u2516 login successful,E101,User {user} login successful
41206,2026-01-12,21:17:35,INFO,OrderProcessor,User u3933 login successful,E101,User {user} login successful
41207,2026-01-12,21:33:17,INFO,PaymentGateway,Page view: /home by u1385,E103,Page view: {page} by {user}
41208,2026-01-12,21:39:40,INFO,WebServer,Health check passed: WebServer,E102,Health check passed: {service}
41209,2026-01-12,21:20:37,WARN,AuthService,High latency (23ms) detected on AuthService,E201,High latency ({time}ms) detected on {service}
41210,2026-01-12,21:26:39,INFO,WebServer,Page view: /home by u2480,E103,Page view: {page} by {user}
41211,2026-01-12,21:37:56,WARN,WebServer,Unauthorized access attempt from 10.0.0.45,E401,Unauthorized access attempt from {ip}
41212,2026-01-12,21:04:04,INFO,OrderProcessor,Health check passed: OrderProcessor,E102,Health check passed: {service}
41213,2026-01-12,21:47:29,WARN,PaymentGateway,High latency (1317ms) detected on PaymentGateway,E201,High latency ({time}ms) detected on {service}
41214,2026-01-12,21:26:16,INFO,PaymentGateway,Health check passed: PaymentGateway,E102,Health check passed: {service}
41215,2026-01-12,21:26:15,INFO,WebServer,Health check passed: WebServer,E102,Health check passed: {service}
41216,2026-01-12,21:03:17,INFO,PaymentGateway,Page view: /home by u1638,E103,Page view: {page} by {user}
41217,2026-01-12,21:06:23,INFO,WebServer,Health check passed: WebServer,E102,Health check passed: {service}
41218,2026-01-12,21:58:34,INFO,OrderProcessor,User u3369 login successful,E101,User {user} login successful
41219,2026-01-12,21:07:55,INFO,AuthService,User u3871 login successful,E101,User {user} login successful
41220,2026-01-12,21:08:23,INFO,AuthService,Health check passed: AuthService,E102,Health check passed: {service}
41221,2026-01-12,21:09:01,INFO,PaymentGateway,Health check passed: PaymentGateway,E102,Health check passed: {service}
41222,2026-01-12,21:51:30,INFO,WebServer,Health check passed: WebServer,E102,Health check passed: {service}
41223,2026-01-12,21:47:44,INFO,AuthService,User u1586 login successful,E101,User {user} login successful
41224,2026-01-12,21:37:31,INFO,WebServer,Health check passed: WebServer,E102,Health check passed: {service}
41225,2026-01-12,21:55:44,INFO,AuthService,Health check passed: AuthService,E102,Health check passed: {service}
41226,2026-01-12,21:11:03,INFO,WebServer,Page view: /home by u3629,E103,Page view: {page} by {user}
41227,2026-01-12,21:40:12,INFO,WebServer,Transaction tx790669 completed in 1952ms,E104,Transaction {tx} completed in {time}ms
41228,2026-01-12,21:28:13,INFO,WebServer,Transaction tx839618 completed in 1964ms,E104,Transaction {tx} completed in {time}ms
41229,2026-01-12,21:45:50,INFO,WebServer,Health check passed: WebServer,E102,Health check passed: {service}
41230,2026-01-12,21:18:48,INFO,OrderProcessor,Transaction tx843409 completed in 777ms,E104,Transaction {tx} completed in {time}ms
41231,2026-01-12,21:38:54,INFO,WebServer,Health check passed: WebServer,E102,Health check passed: {service}
41232,2026-01-12,21:19:07,INFO,InventoryDB,Page view: /home by u2892,E103,Page view: {page} by {user}
41233,2026-01-12,21:34:50,INFO,WebServer,User u2135 login successful,E101,User {user} login successful
41234,2026-01-12,21:03:47,INFO,WebServer,User u3767 login successful,E101,User {user} login successful
41235,2026-01-12,21:15:47,INFO,WebServer,Transaction tx399638 completed in 941ms,E104,Transaction {tx} completed in {time}ms
41236,2026-01-12,21:49:18,INFO,WebServer,Page view: /home by u4362,E103,Page view: {page} by {user}
41237,2026-01-12,21:10:04,INFO,AuthService,Health check passed: AuthService,E102,Health check passed: {service}
41238,2026-01-12,21:42:35,WARN,AuthService,High latency (1359ms) detected on AuthService,E201,High latency ({time}ms) detected on {service}
41239,2026-01-12,21:12:48,INFO,PaymentGateway,Health check passed: PaymentGateway,E102,Health check passed: {service}
41240,2026-01-12,21:11:31,CRITICAL,OrderProcessor,DATA CORRUPTION detected in sector 617,E602,DATA CORRUPTION detected in sector {sector}
41241,2026-01-12,21:48:21,INFO,OrderProcessor,User u4323 login successful,E101,User {user} login successful
41242,2026-01-12,21:57:04,INFO,WebServer,Transaction tx625918 completed in 20ms,E104,Transaction {tx} completed in {time}ms
41243,2026-01-12,21:28:12,INFO,WebServer,User u1472 login successful,E101,User {user} login successful
41244,2026-01-12,21:06:37,INFO,AuthService,Health check passed: AuthService,E102,Health check passed: {service}
41245,2026-01-12,21:50:09,INFO,OrderProcessor,Transaction tx783669 completed in 1738ms,E104,Transaction {tx} completed in {time}ms
41246,2026-01-12,21:18:55,INFO,WebServer,Health check passed: WebServer,E102,Health check passed: {service}
41247,2026-01-12,21:50:42,WARN,AuthService,Unauthorized access attempt from 10.0.0.45,E401,Unauthorized access attempt from {ip}
41248,2026-01-12,21:11:40,INFO,WebServer,Health check passed: WebServer,E102,Health check passed: {service}
41249,2026-01-12,21:17:10,INFO,PaymentGateway,Health check passed: PaymentGateway,E102,Health check passed: {service}
41250,2026-01-12,21:58:08,INFO,AuthService,User u3887 login successful,E101,User {user} login successful
41251,2026-01-12,21:03:24,INFO,WebServer,Page view: /home by u4540,E103,Page view: {page} by {user}
41252,2026-01-12,21:30:57,INFO,WebServer,Page view: /home by u4457,E103,Page view: {page} by {user}
41253,2026-01-12,21:02:25,INFO,OrderProcessor,User u3981 login successful,E101,User {user} login successful
41254,2026-01-12,21:40:38,INFO,PaymentGateway,Transaction tx664074 completed in 1463ms,E104,Transaction {tx} completed in {time}ms
41255,2026-01-12,21:56:25,INFO,WebServer,Health check passed: WebServer,E102,Health check passed: {service}
41256,2026-01-12,21:29:37,WARN,InventoryDB,High latency (1493ms) detected on InventoryDB,E201,High latency ({time}ms) detected on {service}
41257,2026-01-12,21:12:23,INFO,OrderProcessor,User u2868 login successful,E101,User {user} login successful
41258,2026-01-12,21:57:39,INFO,AuthService,Health check passed: AuthService,E102,Health check passed: {service}
41259,2026-01-12,21:10:52,INFO,AuthService,Health check passed: AuthService,E102,Health check passed: {service}
41260,2026-01-12,21:17:12,INFO,WebServer,Health check passed: WebServer,E102,Health check passed: {service}
41261,2026-01-12,21:28:19,INFO,AuthService,User u1430 login successful,E101,User {user} login successful
41262,2026-01-12,21:53:37,INFO,WebServer,Transaction tx294773 completed in 114ms,E104,Transaction {tx} completed in {time}ms
41263,2026-01-12,21:55:06,INFO,WebServer,Page view: /home by u4242,E103,Page view: {page} by {user}
41264,2026-01-12,21:03:51,INFO,WebServer,Page view: /home by u2062,E103,Page view: {page} by {user}
41265,2026-01-12,21:44:41,INFO,WebServer,Transaction tx322992 completed in 1751ms,E104,Transaction {tx} completed in {time}ms
41266,2026-01-12,21:05:03,INFO,OrderProcessor,Transaction tx249766 completed in 1849ms,E104,Transaction {tx} completed in {time}ms
41267,2026-01-12,21:48:47,INFO,AuthService,Page view: /home by u4204,E103,Page view: {page} by {user}
41268,2026-01-12,21:10:51,INFO,OrderProcessor,User u2495 login successful,E101,User {user} login successful
41269,2026-01-12,21:52:59,INFO,OrderProcessor,Transaction tx423414 completed in 1591ms,E104,Transaction {tx} completed in {time}ms
41270,2026-01-12,21:27:42,INFO,PaymentGateway,Transaction tx818657 completed in 1941ms,E104,Transaction {tx} completed in {time}ms
41271,2026-01-12,21:57:35,INFO,AuthService,Health check passed: AuthService,E102,Health check passed: {service}
41272,2026-01-12,21:55:29,INFO,WebServer,User u4120 login successful,E101,User {user} login successful
41273,2026-01-12,21:28:24,INFO,PaymentGateway,Health check passed: PaymentGateway,E102,Health check passed: {service}
41274,2026-01-12,21:44:52,INFO,AuthService,User u4293 login successful,E101,User {user} login successful
41275,2026-01-12,21:07:36,INFO,AuthService,Health check passed: AuthService,E102,Health check passed: {service}
41276,2026-01-12,21:03:02,INFO,WebServer,User u3496 login successful,E101,User {user} login successful
41277,2026-01-12,21:34:21,INFO,WebServer,Health check passed: WebServer,E102,Health check passed: {service}
41278,2026-01-12,21:00:12,INFO,AuthService,Health check passed: AuthService,E102,Health check passed: {service}
41279,2026-01-12,21:11:20,INFO,WebServer,Page view: /home by u1799,E103,Page view: {page} by {user}
41280,2026-01-12,21:45:03,INFO,WebServer,Page view: /home by u3719,E103,Page view: {page} by {user}
41281,2026-01-12,21:33:32,INFO,OrderProcessor,Page view: /home by u1689,E103,Page view: {page} by {user}
41282,2026-01-12,21:44:15,INFO,WebServer,Transaction tx849427 completed in 1612ms,E104,Transaction {tx} completed in {time}ms
41283,2026-01-12,21:28:42,INFO,WebServer,Page view: /home by u1815,E103,Page view: {page} by {user}
41284,2026-01-12,21:10:15,INFO,WebServer,User u4932 login successful,E101,User {user} login successful
41285,2026-01-12,22:51:19,INFO,WebServer,Transaction tx613242 completed in 1379ms,E104,Transaction {tx} completed in {time}ms
41286,2026-01-12,22:09:34,INFO,PaymentGateway,Health check passed: PaymentGateway,E102,Health check passed: {service}
41287,2026-01-12,22:22:07,INFO,AuthService,Health check passed: AuthService,E102,Health check passed: {service}
41288,2026-01-12,22:52:39,INFO,WebServer,User u4885 login successful,E101,User {user} login successful
41289,2026-01-12,22:42:54,INFO,WebServer,Transaction tx659185 completed in 1687ms,E104,Transaction {tx} completed in {time}ms
41290,2026-01-12,22:01:25,INFO,WebServer,User u3480 login successful,E101,User {user} login successful
41291,2026-01-12,22:23:49,INFO,WebServer,Transaction tx787638 completed in 1744ms,E104,Transaction {tx} completed in {time}ms
41292,2026-01-12,22:08:59,INFO,OrderProcessor,Transaction tx853219 completed in 1624ms,E104,Transaction {tx} completed in {time}ms
41293,2026-01-12,22:08:40,INFO,WebServer,Page view: /home by u1699,E103,Page view: {page} by {user}
41294,2026-01-12,22:12:26,INFO,WebServer,User u1194 login successful,E101,User {user} login successful
41295,2026-01-12,22:06:05,INFO,PaymentGateway,Transaction tx552310 completed in 493ms,E104,Transaction {tx} completed in {time}ms
41296,2026-01-12,22:23:51,INFO,AuthService,Page view: /home by u3423,E103,Page view: {page} by {user}
41297,2026-01-12,22:57:21,INFO,WebServer,Health check passed: WebServer,E102,Health check passed: {service}
41298,2026-01-12,22:40:41,INFO,WebServer,Health check passed: WebServer,E102,Health check passed: {service}
41299,2026-01-12,22:14:43,INFO,WebServer,Transaction tx898670 completed in 899ms,E104,Transaction {tx} completed in {time}ms
41300,2026-01-12,22:44:27,INFO,WebServer,Health check passed: WebServer,E102,Health check passed: {service}
41301,2026-01-12,22:44:53,ERROR,WebServer,Timeout waiting for lock on InventoryDB,E502,Timeout waiting for lock on {db}
41302,2026-01-12,22:27:25,INFO,WebServer,User u2089 login successful,E101,User {user} login successful
41303,2026-01-12,22:53:34,WARN,WebServer,Unauthorized access attempt from 10.0.0.45,E401,Unauthorized access attempt from {ip}
41304,2026-01-12,22:35:37,INFO,AuthService,User u4097 login successful,E101,User {user} login successful
41305,2026-01-12,22:02:40,WARN,PaymentGateway,High latency (97ms) detected on PaymentGateway,E201,High latency ({time}ms) detected on {service}
41306,2026-01-12,22:41:21,INFO,WebServer,User u4598 login successful,E101,User {user} login successful
41307,2026-01-12,22:01:41,INFO,WebServer,User u1105 login successful,E101,User {user} login successful
41308,2026-01-12,22:04:47,INFO,WebServer,Health check passed: WebServer,E102,Health check passed: {service}
41309,2026-01-12,22:11:58,INFO,OrderProcessor,User u2734 login successful,E101,User {user} login successful
41310,2026-01-12,22:21:08,INFO,WebServer,Page view: /home by u4137,E103,Page view: {page} by {user}
41311,2026-01-12,22:30:41,INFO,WebServer,Health check passed: WebServer,E102,Health check passed: {service}
41312,2026-01-12,22:08:43,INFO,WebServer,Health check passed: WebServer,E102,Health check passed: {service}
41313,2026-01-12,22:18:53,INFO,WebServer,Transaction tx320047 completed in 341ms,E104,Transaction {tx} completed in {time}ms
41314,2026-01-12,22:05:01,WARN,OrderProcessor,High latency (1757ms) detected on OrderProcessor,E201,High latency ({time}ms) detected on {service}
41315,2026-01-12,22:36:15,WARN,PaymentGateway,Unauthorized access attempt from 10.0.0.12,E401,Unauthorized access attempt from {ip}
41316,2026-01-12,22:08:46,INFO,WebServer,Health check passed: WebServer,E102,Health check passed: {service}
41317,2026-01-12,22:32:45,INFO,OrderProcessor,User u1751 login successful,E101,User {user} login successful
41318,2026-01-12,22:15:36,INFO,WebServer,Page view: /home by u3471,E103,Page view: {page} by {user}
41319,2026-01-12,22:15:57,INFO,WebServer,Transaction tx536463 completed in 1781ms,E104,Transaction {tx} completed in {time}ms
41320,2026-01-12,22:55:16,INFO,WebServer,User u3710 login successful,E101,User {user} login successful
41321,2026-01-12,22:09:36,INFO,WebServer,Transaction tx368303 completed in 239ms,E104,Transaction {tx} completed in {time}ms
41322,2026-01-12,22:49:43,INFO,PaymentGateway,User u3516 login successful,E101,User {user} login successful
41323,2026-01-12,22:48:17,INFO,PaymentGateway,User u3631 login successful,E101,User {user} login successful
41324,2026-01-12,22:09:32,INFO,PaymentGateway,Page view: /home by u3845,E103,Page view: {page} by {user}
41325,2026-01-12,22:36:40,INFO,OrderProcessor,Health check passed: OrderProcessor,E102,Health check passed: {service}
41326,2026-01-12,22:27:14,INFO,OrderProcessor,Transaction tx737645 completed in 171ms,E104,Transaction {tx} completed in {time}ms
41327,2026-01-12,22:08:47,INFO,WebServer,Page view: /home by u3252,E103,Page view: {page} by {user}
41328,2026-01-12,22:18:10,INFO,WebServer,Health check passed: WebServer,E102,Health check passed: {service}
41329,2026-01-12,22:47:27,INFO,WebServer,Page view: /home by u1628,E103,Page view: {page} by {user}
41330,2026-01-12,22:46:29,INFO,OrderProcessor,Transaction tx990809 completed in 1420ms,E104,Transaction {tx} completed in {time}ms
41331,2026-01-12,22:43:43,ERROR,AuthService,Timeout waiting for lock on InventoryDB,E502,Timeout waiting for lock on {db}
41332,2026-01-12,22:18:24,INFO,AuthService,Page view: /home by u2000,E103,Page view: {page} by {user}
41333,2026-01-12,22:56:31,INFO,WebServer,User u4306 login successful,E101,User {user} login successful
41334,2026-01-12,22:30:47,INFO,WebServer,Transaction tx452537 completed in 1528ms,E104,Transaction {tx} completed in {time}ms
41335,2026-01-12,22:12:56,INFO,WebServer,Health check passed: WebServer,E102,Health check passed: {service}
41336,2026-01-12,22:56:45,INFO,InventoryDB,Page view: /home by u2244,E103,Page view: {page} by {user}
41337,2026-01-12,22:24:24,CRITICAL,WebServer,KERNEL PANIC: Node node-1 crashed,E601,KERNEL PANIC: Node {node} crashed
41338,2026-01-12,22:29:32,INFO,WebServer,Transaction tx969118 completed in 101ms,E104,Transaction {tx} completed in {time}ms
41339,2026-01-12,22:01:40,INFO,AuthService,Health check passed: AuthService,E102,Health check passed: {service}
41340,2026-01-12,22:12:25,INFO,WebServer,Health check passed: WebServer,E102,Health check passed: {service}
41341,2026-01-12,22:22:11,INFO,WebServer,Page view: /home by u4990,E103,Page view: {page} by {user}
41342,2026-01-12,22:27:45,INFO,WebServer,Page view: /home by u1194,E103,Page view: {page} by {user}
41343,2026-01-12,22:11:37,WARN,WebServer,Disk usage > 85% on node node-4,E202,Disk usage > 85% on node {node}
41344,2026-01-12,22:37:26,INFO,WebServer,Transaction tx449768 completed in 1506ms,E104,Transaction {tx} completed in {time}ms
41345,2026-01-12,22:23:23,INFO,PaymentGateway,Health check passed: PaymentGateway,E102,Health check passed: {service}
41346,2026-01-12,22:23:57,WARN,WebServer,Unauthorized access attempt from 10.0.0.45,E401,Unauthorized access attempt from {ip}
41347,2026-01-12,22:48:44,INFO,OrderProcessor,Health check passed: OrderProcessor,E102,Health check passed: {service}
41348,2026-01-12,22:20:40,INFO,WebServer,Transaction tx965421 completed in 967ms,E104,Transaction {tx} completed in {time}ms
41349,2026-01-12,22:17:30,INFO,AuthService,User u3236 login successful,E101,User {user} login successful
41350,2026-01-12,22:54:57,CRITICAL,WebServer,DATA CORRUPTION detected in sector 231,E602,DATA CORRUPTION detected in sector {sector}
41351,2026-01-12,22:30:14,INFO,AuthService,User u2996 login successful,E101,User {user} login successful
41352,2026-01-12,22:03:10,INFO,AuthService,Transaction tx343222 completed in 1534ms,E104,Transaction {tx} completed in {time}ms
41353,2026-01-12,22:01:31,INFO,WebServer,Page view: /home by u2995,E103,Page view: {page} by {user}
41354,2026-01-12,22:49:22,INFO,WebServer,User u1516 login successful,E101,User {user} login successful
41355,2026-01-12,22:43:38,INFO,WebServer,User u3664 login successful,E101,User {user} login successful
41356,2026-01-12,22:18:22,INFO,WebServer,Page view: /home by u4110,E103,Page view: {page} by {user}
41357,2026-01-12,22:41:35,INFO,WebServer,User u4442 login successful,E101,User {user} login successful
41358,2026-01-12,22:48:31,INFO,WebServer,Page view: /home by u2297,E103,Page view: {page} by {user}
41359,2026-01-12,22:10:04,INFO,AuthService,User u4954 login successful,E101,User {user} login successful
41360,2026-01-12,22:32:49,ERROR,WebServer,Payment declined: Gateway unavailable,E503,Payment declined: Gateway unavailable
41361,2026-01-12,22:31:34,INFO,WebServer,Page view: /home by u4238,E103,Page view: {page} by {user}
41362,2026-01-12,22:44:03,WARN,WebServer,Unauthorized access attempt from 10.0.0.45,E401,Unauthorized access attempt from {ip}
41363,2026-01-12,22:52:56,INFO,WebServer,User u1038 login successful,E101,User {user} login successful
41364,2026-01-12,22:18:08,INFO,WebServer,Page view: /home by u4542,E103,Page view: {page} by {user}
41365,2026-01-12,22:31:57,INFO,PaymentGateway,Page view: /home by u4827,E103,Page view: {page} by {user}
41366,2026-01-12,22:19:01,INFO,WebServer,Transaction tx888937 completed in 1090ms,E104,Transaction {tx} completed in {time}ms
41367,2026-01-12,22:57:16,INFO,OrderProcessor,Transaction tx458891 completed in 109ms,E104,Transaction {tx} completed in {time}ms
41368,2026-01-12,22:06:09,INFO,InventoryDB,Page view: /home by u1560,E103,Page view: {page} by {user}
41369,2026-01-12,22:48:57,INFO,WebServer,Transaction tx578833 completed in 677ms,E104,Transaction {tx} completed in {time}ms
41370,2026-01-12,22:28:21,INFO,WebServer,User u2179 login successful,E101,User {user} login successful
41371,2026-01-12,22:29:09,INFO,WebServer,Transaction tx482158 completed in 1342ms,E104,Transaction {tx} completed in {time}ms
41372,2026-01-12,22:21:25,INFO,PaymentGateway,Page view: /home by u1705,E103,Page view: {page} by {user}
41373,2026-01-12,22:29:45,INFO,WebServer,Page view: /home by u4622,E103,Page view: {page} by {user}
41374,2026-01-12,22:10:42,INFO,WebServer,User u2923 login successful,E101,User {user} login successful
41375,2026-01-12,22:25:25,INFO,WebServer,Health check passed: WebServer,E102,Health check passed: {service}
41376,2026-01-12,22:56:17,INFO,InventoryDB,Page view: /home by u1226,E103,Page view: {page} by {user}
41377,2026-01-12,22:18:46,INFO,WebServer,Health check passed: WebServer,E102,Health check passed: {service}
41378,2026-01-12,22:49:50,INFO,AuthService,Page view: /home by u1008,E103,Page view: {page} by {user}
41379,2026-01-12,22:04:16,INFO,WebServer,User u4802 login successful,E101,User {user} login successful
41380,2026-01-12,22:02:12,INFO,WebServer,User u3666 login successful,E101,User {user} login successful
41381,2026-01-12,22:39:20,INFO,WebServer,User u3526 login successful,E101,User {user} login successful
41382,2026-01-12,22:02:03,INFO,AuthService,Health check passed: AuthService,E102,Health check passed: {service}
41383,2026-01-12,22:10:56,INFO,OrderProcessor,Page view: /home by u4856,E103,Page view: {page} by {user}
41384,2026-01-12,22:06:02,INFO,WebServer,Health check passed: WebServer,E102,Health check passed: {service}
41385,2026-01-12,22:49:24,INFO,WebServer,Health check passed: WebServer,E102,Health check passed: {service}
41386,2026-01-12,22:12:12,INFO,WebServer,Health check passed: WebServer,E102,Health check passed: {service}
41387,2026-01-12,22:00:39,INFO,PaymentGateway,User u4217 login successful,E101,User {user} login successful
41388,2026-01-12,22:46:11,ERROR,WebServer,Payment declined: Gateway unavailable,E503,Payment declined: Gateway unavailable
41389,2026-01-12,22:10:42,INFO,OrderProcessor,Transaction tx292941 completed in 553ms,E104,Transaction {tx} completed in {time}ms
41390,2026-01-12,22:18:53,INFO,AuthService,User u2273 login successful,E101,User {user} login successful
41391,2026-01-12,22:22:01,INFO,WebServer,Page view: /home by u2690,E103,Page view: {page} by {user}
41392,2026-01-12,22:46:32,INFO,PaymentGateway,Transaction tx561927 completed in 424ms,E104,Transaction {tx} completed in {time}ms
41393,2026-01-12,22:28:22,INFO,WebServer,Health check passed: WebServer,E102,Health check passed: {service}
41394,2026-01-12,22:10:01,WARN,WebServer,Disk usage > 85% on node node-3,E202,Disk usage > 85% on node {node}
41395,2026-01-12,22:40:56,INFO,AuthService,User u3408 login successful,E101,User {user} login successful
41396,2026-01-12,22:35:56,INFO,AuthService,Health check passed: AuthService,E102,Health check passed: {service}
41397,2026-01-12,22:40:21,INFO,WebServer,User u4350 login successful,E101,User {user} login successful
41398,2026-01-12,22:17:39,INFO,WebServer,Page view: /home by u4524,E103,Page view: {page} by {user}
41399,2026-01-12,22:59:13,INFO,AuthService,User u4845 login successful,E101,User {user} login successful
41400,2026-01-12,22:03:19,INFO,WebServer,Page view: /home by u1514,E103,Page view: {page} by {user}
41401,2026-01-12,22:50:13,INFO,AuthService,User u4384 login successful,E101,User {user} login successful
41402,2026-01-12,22:54:47,INFO,AuthService,Health check passed: AuthService,E102,Health check passed: {service}
41403,2026-01-12,22:26:23,WARN,InventoryDB,Unauthorized access attempt from 10.0.0.12,E401,Unauthorized access attempt from {ip}
41404,2026-01-12,22:21:16,INFO,AuthService,User u4261 login successful,E101,User {user} login successful
41405,2026-01-12,22:09:57,INFO,PaymentGateway,Transaction tx356709 completed in 1335ms,E104,Transaction {tx} completed in {time}ms
41406,2026-01-12,22:53:23,INFO,PaymentGateway,User u4243 login successful,E101,User {user} login successful
41407,2026-01-12,22:16:10,INFO,OrderProcessor,User u2007 login successful,E101,User {user} login successful
41408,2026-01-12,22:14:31,INFO,WebServer,Page view: /home by u2085,E103,Page view: {page} by {user}
41409,2026-01-12,22:48:14,INFO,WebServer,User u1314 login successful,E101,User {user} login successful
41410,2026-01-12,22:35:55,INFO,WebServer,Transaction tx144064 completed in 1773ms,E104,Transaction {tx} completed in {time}ms
41411,2026-01-12,22:20:24,INFO,WebServer,User u2049 login successful,E101,User {user} login successful
41412,2026-01-12,22:26:38,INFO,WebServer,Page view: /home by u3682,E103,Page view: {page} by {user}
41413,2026-01-12,22:17:19,INFO,WebServer,User u4691 login successful,E101,User {user} login successful
41414,2026-01-12,22:53:07,INFO,OrderProcessor,Page view: /home by u2721,E103,Page view: {page} by {user}
41415,2026-01-12,22:11:18,INFO,WebServer,Page view: /home by u2833,E103,Page view: {page} by {user}
41416,2026-01-12,22:57:14,INFO,WebServer,User u2818 login successful,E101,User {user} login successful
41417,2026-01-12,22:08:40,INFO,AuthService,User u1663 login successful,E101,User {user} login successful
41418,2026-01-12,22:27:43,INFO,WebServer,Health check passed: WebServer,E102,Health check passed: {service}
41419,2026-01-12,22:26:00,INFO,WebServer,Page view: /home by u4870,E103,Page view: {page} by {user}
41420,2026-01-12,22:24:08,INFO,WebServer,User u2824 login successful,E101,User {user} login successful
41421,2026-01-12,22:24:24,INFO,WebServer,Health check passed: WebServer,E102,Health check passed: {service}
41422,2026-01-12,22:14:56,INFO,WebServer,Transaction tx961260 completed in 1292ms,E104,Transaction {tx} completed in {time}ms
41423,2026-01-12,22:37:08,INFO,WebServer,Transaction tx835751 completed in 1061ms,E104,Transaction {tx} completed in {time}ms
41424,2026-01-12,22:06:54,INFO,AuthService,Transaction tx523544 completed in 1754ms,E104,Transaction {tx} completed in {time}ms
41425,2026-01-12,22:06:37,INFO,WebServer,User u4371 login successful,E101,User {user} login successful
41426,2026-01-12,22:59:51,INFO,WebServer,Health check passed: WebServer,E102,Health check passed: {service}
41427,2026-01-12,22:36:46,INFO,WebServer,Page view: /home by u3580,E103,Page view: {page} by {user}
41428,2026-01-12,22:48:54,INFO,WebServer,User u2362 login successful,E101,User {user} login successful
41429,2026-01-12,22:02:39,INFO,WebServer,Page view: /home by u3024,E103,Page view: {page} by {user}
41430,2026-01-12,22:51:33,INFO,AuthService,User u4058 login successful,E101,User {user} login successful
41431,2026-01-12,22:17:26,INFO,WebServer,User u2428 login successful,E101,User {user} login successful
41432,2026-01-12,22:14:06,INFO,WebServer,Page view: /home by u3342,E103,Page view: {page} by {user}
41433,2026-01-12,22:53:28,INFO,OrderProcessor,Health check passed: OrderProcessor,E102,Health check passed: {service}
41434,2026-01-12,22:00:23,INFO,WebServer,Health check passed: WebServer,E102,Health check passed: {service}
41435,2026-01-12,22:38:13,INFO,WebServer,User u2890 login successful,E101,User {user} login successful
41436,2026-01-12,22:01:40,WARN,OrderProcessor,High latency (1999ms) detected on OrderProcessor,E201,High latency ({time}ms) detected on {service}
41437,2026-01-12,22:29:16,INFO,WebServer,Page view: /home by u2297,E103,Page view: {page} by {user}
41438,2026-01-12,22:42:56,INFO,WebServer,User u4266 login successful,E101,User {user} login successful
41439,2026-01-12,22:19:28,INFO,OrderProcessor,Page view: /home by u1735,E103,Page view: {page} by {user}
41440,2026-01-12,22:48:01,INFO,AuthService,Health check passed: AuthService,E102,Health check passed: {service}
41441,2026-01-12,22:46:48,INFO,OrderProcessor,Page view: /home by u2081,E103,Page view: {page} by {user}
41442,2026-01-12,22:32:47,INFO,WebServer,Transaction tx294373 completed in 697ms,E104,Transaction {tx} completed in {time}ms
41443,2026-01-12,22:19:38,INFO,WebServer,Transaction tx767145 completed in 844ms,E104,Transaction {tx} completed in {time}ms
41444,2026-01-12,22:46:51,INFO,AuthService,Health check passed: AuthService,E102,Health check passed: {service}
41445,2026-01-12,22:54:53,INFO,OrderProcessor,Transaction tx141470 completed in 1639ms,E104,Transaction {tx} completed in {time}ms
41446,2026-01-12,22:09:34,INFO,AuthService,Page view: /home by u4722,E103,Page view: {page} by {user}
41447,2026-01-12,22:24:22,INFO,OrderProcessor,User u1112 login successful,E101,User {user} login successful
41448,2026-01-12,22:07:45,INFO,WebServer,User u3254 login successful,E101,User {user} login successful
41449,2026-01-12,22:16:47,INFO,AuthService,Transaction tx722879 completed in 1163ms,E104,Transaction {tx} completed in {time}ms
41450,2026-01-12,22:29:16,INFO,AuthService,Health check passed: AuthService,E102,Health check passed: {service}
41451,2026-01-12,22:38:22,INFO,WebServer,User u2926 login successful,E101,User {user} login successful
41452,2026-01-12,22:05:43,WARN,AuthService,Unauthorized access attempt from 10.0.0.12,E401,Unauthorized access attempt from {ip}
41453,2026-01-12,22:15:23,INFO,AuthService,Health check passed: AuthService,E102,Health check passed: {service}
41454,2026-01-12,22:14:41,INFO,WebServer,User u4545 login successful,E101,User {user} login successful
41455,2026-01-12,22:25:29,INFO,WebServer,User u2895 login successful,E101,User {user} login successful
41456,2026-01-12,22:05:20,INFO,OrderProcessor,Health check passed: OrderProcessor,E102,Health check passed: {service}
41457,2026-01-12,22:08:59,INFO,WebServer,User u4684 login successful,E101,User {user} login successful
41458,2026-01-12,22:51:20,INFO,OrderProcessor,Transaction tx669802 completed in 970ms,E104,Transaction {tx} completed in {time}ms
41459,2026-01-12,22:59:06,INFO,WebServer,Transaction tx974404 completed in 287ms,E104,Transaction {tx} completed in {time}ms
41460,2026-01-12,22:56:43,INFO,WebServer,User u1421 login successful,E101,User {user} login successful
41461,2026-01-12,22:26:30,INFO,OrderProcessor,Health check passed: OrderProcessor,E102,Health check passed: {service}
41462,2026-01-12,22:15:27,INFO,OrderProcessor,Health check passed: OrderProcessor,E102,Health check passed: {service}
41463,2026-01-12,22:25:56,INFO,WebServer,Health check passed: WebServer,E102,Health check passed: {service}
41464,2026-01-12,22:53:42,INFO,WebServer,Health check passed: WebServer,E102,Health check passed: {service}
41465,2026-01-12,22:53:41,INFO,AuthService,User u3998 login successful,E101,User {user} login successful
41466,2026-01-12,22:34:39,INFO,WebServer,Health check passed: WebServer,E102,Health check passed: {service}
41467,2026-01-12,22:20:10,INFO,AuthService,User u3342 login successful,E101,User {user} login successful
41468,2026-01-12,22:48:57,INFO,AuthService,Transaction tx993767 completed in 189ms,E104,Transaction {tx} completed in {time}ms
41469,2026-01-12,22:50:56,INFO,AuthService,Transaction tx788712 completed in 440ms,E104,Transaction {tx} completed in {time}ms
41470,2026-01-12,22:33:08,INFO,WebServer,Health check passed: WebServer,E102,Health check passed: {service}
41471,2026-01-12,22:13:25,INFO,WebServer,Page view: /home by u4783,E103,Page view: {page} by {user}
41472,2026-01-12,22:48:26,INFO,AuthService,User u1012 login successful,E101,User {user} login successful
41473,2026-01-12,22:12:09,INFO,WebServer,Page view: /home by u3579,E103,Page view: {page} by {user}
41474,2026-01-12,22:42:29,INFO,OrderProcessor,Page view: /home by u4672,E103,Page view: {page} by {user}
41475,2026-01-12,22:50:07,INFO,WebServer,Page view: /home by u1878,E103,Page view: {page} by {user}
41476,2026-01-12,22:42:55,INFO,OrderProcessor,User u4883 login successful,E101,User {user} login successful
41477,2026-01-12,22:00:00,INFO,PaymentGateway,Transaction tx537087 completed in 1498ms,E104,Transaction {tx} completed in {time}ms
41478,2026-01-12,22:17:58,INFO,PaymentGateway,Page view: /home by u3416,E103,Page view: {page} by {user}
41479,2026-01-12,22:11:14,INFO,WebServer,Transaction tx319789 completed in 512ms,E104,Transaction {tx} completed in {time}ms
41480,2026-01-12,22:10:44,INFO,WebServer,Transaction tx348890 completed in 1173ms,E104,Transaction {tx} completed in {time}ms
41481,2026-01-12,22:28:29,INFO,AuthService,Page view: /home by u4780,E103,Page view: {page} by {user}
41482,2026-01-12,22:00:04,INFO,WebServer,User u1837 login successful,E101,User {user} login successful
41483,2026-01-12,22:58:59,INFO,WebServer,Page view: /home by u4322,E103,Page view: {page} by {user}
41484,2026-01-12,22:22:51,INFO,PaymentGateway,Transaction tx546428 completed in 1019ms,E104,Transaction {tx} completed in {time}ms
41485,2026-01-12,22:09:08,INFO,WebServer,Transaction tx439375 completed in 1123ms,E104,Transaction {tx} completed in {time}ms
41486,2026-01-12,22:08:19,INFO,WebServer,Transaction tx737100 completed in 527ms,E104,Transaction {tx} completed in {time}ms
41487,2026-01-12,22:17:49,INFO,AuthService,Page view: /home by u2540,E103,Page view: {page} by {user}
41488,2026-01-12,22:13:11,WARN,WebServer,Disk usage > 85% on node node-4,E202,Disk usage > 85% on node {node}
41489,2026-01-12,22:25:39,INFO,WebServer,Health check passed: WebServer,E102,Health check passed: {service}
41490,2026-01-12,22:01:36,INFO,WebServer,Page view: /home by u3788,E103,Page view: {page} by {user}
41491,2026-01-12,22:33:37,INFO,WebServer,Transaction tx449265 completed in 1356ms,E104,Transaction {tx} completed in {time}ms
41492,2026-01-12,22:34:11,INFO,AuthService,Health check passed: AuthService,E102,Health check passed: {service}
41493,2026-01-12,22:58:34,INFO,AuthService,Health check passed: AuthService,E102,Health check passed: {service}
41494,2026-01-12,22:12:51,INFO,AuthService,Transaction tx924942 completed in 884ms,E104,Transaction {tx} completed in {time}ms
41495,2026-01-12,22:34:42,INFO,AuthService,User u1330 login successful,E101,User {user} login successful
41496,2026-01-12,22:44:28,INFO,WebServer,Health check passed: WebServer,E102,Health check passed: {service}
41497,2026-01-12,22:54:25,INFO,PaymentGateway,Page view: /home by u3683,E103,Page view: {page} by {user}
41498,2026-01-12,22:52:34,INFO,WebServer,User u1143 login successful,E101,User {user} login successful
41499,2026-01-12,22:11:06,INFO,PaymentGateway,Health check passed: PaymentGateway,E102,Health check passed: {service}
41500,2026-01-12,22:02:48,INFO,InventoryDB,Health check passed: InventoryDB,E102,Health check passed: {service}
41501,2026-01-12,22:29:38,INFO,OrderProcessor,User u3237 login successful,E101,User {user} login successful
41502,2026-01-12,22:01:06,INFO,OrderProcessor,Transaction tx418423 completed in 1668ms,E104,Transaction {tx} completed in {time}ms
41503,2026-01-12,22:02:33,INFO,AuthService,Health check passed: AuthService,E102,Health check passed: {service}
41504,2026-01-12,22:50:57,INFO,WebServer,Transaction tx935320 completed in 1592ms,E104,Transaction {tx} completed in {time}ms
41505,2026-01-12,22:12:25,INFO,WebServer,Page view: /home by u4317,E103,Page view: {page} by {user}
41506,2026-01-12,22:22:15,INFO,WebServer,Transaction tx239325 completed in 639ms,E104,Transaction {tx} completed in {time}ms
41507,2026-01-12,22:32:06,INFO,WebServer,Health check passed: WebServer,E102,Health check passed: {service}
41508,2026-01-12,22:08:51,INFO,OrderProcessor,Page view: /home by u3194,E103,Page view: {page} by {user}
41509,2026-01-12,22:35:46,INFO,AuthService,User u1325 login successful,E101,User {user} login successful
41510,2026-01-12,22:51:49,INFO,OrderProcessor,User u3918 login successful,E101,User {user} login successful
41511,2026-01-12,22:14:36,INFO,WebServer,User u3025 login successful,E101,User {user} login successful
41512,2026-01-12,22:39:05,INFO,WebServer,Health check passed: WebServer,E102,Health check passed: {service}
41513,2026-01-12,22:27:08,INFO,PaymentGateway,Page view: /home by u3229,E103,Page view: {page} by {user}
41514,2026-01-12,22:21:17,INFO,OrderProcessor,User u3313 login successful,E101,User {user} login successful
41515,2026-01-12,22:15:11,INFO,PaymentGateway,Health check passed: PaymentGateway,E102,Health check passed: {service}
41516,2026-01-12,22:21:09,INFO,OrderProcessor,User u1392 login successful,E101,User {user} login successful
41517,2026-01-12,22:29:39,INFO,WebServer,Page view: /home by u1166,E103,Page view: {page} by {user}
41518,2026-01-12,22:23:54,WARN,WebServer,Unauthorized access attempt from 10.0.0.45,E401,Unauthorized access attempt from {ip}
41519,2026-01-12,22:17:10,INFO,WebServer,User u3786 login successful,E101,User {user} login successful
41520,2026-01-12,22:21:51,INFO,InventoryDB,Health check passed: InventoryDB,E102,Health check passed: {service}
41521,2026-01-12,22:26:28,WARN,WebServer,Unauthorized access attempt from 10.0.0.88,E401,Unauthorized access attempt from {ip}
41522,2026-01-12,22:46:53,INFO,PaymentGateway,Page view: /home by u3903,E103,Page view: {page} by {user}
41523,2026-01-12,23:34:52,INFO,OrderProcessor,User u2721 login successful,E101,User {user} login successful
41524,2026-01-12,23:29:00,INFO,WebServer,User u4458 login successful,E101,User {user} login successful
41525,2026-01-12,23:06:12,INFO,WebServer,Health check passed: WebServer,E102,Health check passed: {service}
41526,2026-01-12,23:50:58,INFO,OrderProcessor,Page view: /home by u3671,E103,Page view: {page} by {user}
41527,2026-01-12,23:56:44,INFO,InventoryDB,User u1069 login successful,E101,User {user} login successful
41528,2026-01-12,23:11:02,INFO,WebServer,User u2850 login successful,E101,User {user} login successful
41529,2026-01-12,23:20:51,INFO,WebServer,User u1476 login successful,E101,User {user} login successful
41530,2026-01-12,23:03:35,INFO,InventoryDB,Transaction tx446611 completed in 1479ms,E104,Transaction {tx} completed in {time}ms
41531,2026-01-12,23:12:20,INFO,WebServer,Health check passed: WebServer,E102,Health check passed: {service}
41532,2026-01-12,23:13:47,INFO,PaymentGateway,Page view: /home by u1862,E103,Page view: {page} by {user}
41533,2026-01-12,23:19:56,INFO,OrderProcessor,Health check passed: OrderProcessor,E102,Health check passed: {service}
41534,2026-01-12,23:31:04,INFO,InventoryDB,Transaction tx283288 completed in 1778ms,E104,Transaction {tx} completed in {time}ms
41535,2026-01-12,23:22:13,INFO,AuthService,Transaction tx607001 completed in 1940ms,E104,Transaction {tx} completed in {time}ms
41536,2026-01-12,23:13:51,INFO,PaymentGateway,Page view: /home by u2206,E103,Page view: {page} by {user}
41537,2026-01-12,23:23:22,INFO,WebServer,User u3407 login successful,E101,User {user} login successful
41538,2026-01-12,23:08:24,INFO,WebServer,Transaction tx542412 completed in 437ms,E104,Transaction {tx} completed in {time}ms
41539,2026-01-12,23:10:21,INFO,PaymentGateway,Health check passed: PaymentGateway,E102,Health check passed: {service}
41540,2026-01-12,23:00:51,INFO,OrderProcessor,Transaction tx201211 completed in 1491ms,E104,Transaction {tx} completed in {time}ms
41541,2026-01-12,23:19:26,INFO,WebServer,User u2727 login successful,E101,User {user} login successful
41542,2026-01-12,23:47:39,INFO,WebServer,User u4000 login successful,E101,User {user} login successful
41543,2026-01-12,23:42:24,INFO,WebServer,Page view: /home by u1342,E103,Page view: {page} by {user}
41544,2026-01-12,23:06:35,INFO,WebServer,Transaction tx726659 completed in 1551ms,E104,Transaction {tx} completed in {time}ms
41545,2026-01-12,23:17:05,WARN,OrderProcessor,Disk usage > 85% on node node-2,E202,Disk usage > 85% on node {node}
41546,2026-01-12,23:13:17,INFO,PaymentGateway,Transaction tx918037 completed in 1325ms,E104,Transaction {tx} completed in {time}ms
41547,2026-01-12,23:34:52,INFO,OrderProcessor,Page view: /home by u3176,E103,Page view: {page} by {user}
41548,2026-01-12,23:40:27,INFO,InventoryDB,Page view: /home by u3719,E103,Page view: {page} by {user}
41549,2026-01-12,23:09:37,INFO,WebServer,Page view: /home by u4390,E103,Page view: {page} by {user}
41550,2026-01-12,23:23:09,INFO,WebServer,Transaction tx483755 completed in 1487ms,E104,Transaction {tx} completed in {time}ms
41551,2026-01-12,23:21:41,INFO,WebServer,Transaction tx886163 completed in 31ms,E104,Transaction {tx} completed in {time}ms
41552,2026-01-12,23:26:03,INFO,AuthService,User u4251 login successful,E101,User {user} login successful
41553,2026-01-12,23:56:24,INFO,OrderProcessor,User u2394 login successful,E101,User {user} login successful
41554,2026-01-12,23:27:33,INFO,WebServer,Page view: /home by u4550,E103,Page view: {page} by {user}
41555,2026-01-12,23:43:07,INFO,WebServer,Page view: /home by u4924,E103,Page view: {page} by {user}
41556,2026-01-12,23:13:08,INFO,OrderProcessor,User u4350 login successful,E101,User {user} login successful
41557,2026-01-12,23:54:36,INFO,WebServer,Transaction tx983413 completed in 1757ms,E104,Transaction {tx} completed in {time}ms
41558,2026-01-12,23:30:45,INFO,PaymentGateway,Health check passed: PaymentGateway,E102,Health check passed: {service}
41559,2026-01-12,23:16:16,INFO,WebServer,Health check passed: WebServer,E102,Health check passed: {service}
41560,2026-01-12,23:59:33,INFO,WebServer,Page view: /home by u2178,E103,Page view: {page} by {user}
41561,2026-01-12,23:24:12,INFO,OrderProcessor,Health check passed: OrderProcessor,E102,Health check passed: {service}
41562,2026-01-12,23:58:57,INFO,OrderProcessor,Transaction tx958292 completed in 1375ms,E104,Transaction {tx} completed in {time}ms
41563,2026-01-12,23:28:49,INFO,WebServer,Page view: /home by u4150,E103,Page view: {page} by {user}
41564,2026-01-12,23:40:55,INFO,WebServer,Page view: /home by u4066,E103,Page view: {page} by {user}
41565,2026-01-12,23:00:33,INFO,WebServer,Page view: /home by u4136,E103,Page view: {page} by {user}
41566,2026-01-12,23:38:54,INFO,PaymentGateway,Page view: /home by u2400,E103,Page view: {page} by {user}
41567,2026-01-12,23:52:59,INFO,WebServer,Health check passed: WebServer,E102,Health check passed: {service}
41568,2026-01-12,23:44:45,INFO,OrderProcessor,Page view: /home by u3395,E103,Page view: {page} by {user}
41569,2026-01-12,23:47:17,INFO,WebServer,Page view: /home by u4019,E103,Page view: {page} by {user}
41570,2026-01-12,23:09:55,INFO,WebServer,Page view: /home by u2564,E103,Page view: {page} by {user}
41571,2026-01-12,23:18:09,ERROR,WebServer,Connection refused to WebServer at 10.0.0.45,E501,Connection refused to {service} at {ip}
41572,2026-01-12,23:22:57,WARN,OrderProcessor,High latency (862ms) detected on OrderProcessor,E201,High latency ({time}ms) detected on {service}
41573,2026-01-12,23:58:49,INFO,WebServer,Transaction tx746790 completed in 1038ms,E104,Transaction {tx} completed in {time}ms
41574,2026-01-12,23:35:32,INFO,PaymentGateway,Transaction tx426410 completed in 737ms,E104,Transaction {tx} completed in {time}ms
41575,2026-01-12,23:56:22,INFO,WebServer,Page view: /home by u4423,E103,Page view: {page} by {user}
41576,2026-01-12,23:36:46,ERROR,OrderProcessor,Connection refused to OrderProcessor at 10.0.0.45,E501,Connection refused to {service} at {ip}
41577,2026-01-12,23:28:07,INFO,WebServer,Transaction tx357031 completed in 161ms,E104,Transaction {tx} completed in {time}ms
41578,2026-01-12,23:39:10,WARN,WebServer,Disk usage > 85% on node node-5,E202,Disk usage > 85% on node {node}
41579,2026-01-12,23:05:38,INFO,WebServer,Transaction tx463000 completed in 1449ms,E104,Transaction {tx} completed in {time}ms
41580,2026-01-12,23:14:12,INFO,OrderProcessor,Page view: /home by u3537,E103,Page view: {page} by {user}
41581,2026-01-12,23:14:20,INFO,WebServer,Health check passed: WebServer,E102,Health check passed: {service}
41582,2026-01-12,23:36:55,WARN,WebServer,Unauthorized access attempt from 10.0.0.45,E401,Unauthorized access attempt from {ip}
41583,2026-01-12,23:46:36,INFO,WebServer,Transaction tx138464 completed in 1618ms,E104,Transaction {tx} completed in {time}ms
41584,2026-01-12,23:38:48,INFO,PaymentGateway,Transaction tx687764 completed in 1417ms,E104,Transaction {tx} completed in {time}ms
41585,2026-01-12,23:10:06,WARN,PaymentGateway,Disk usage > 85% on node node-2,E202,Disk usage > 85% on node {node}
41586,2026-01-12,23:00:05,INFO,OrderProcessor,Page view: /home by u2950,E103,Page view: {page} by {user}
41587,2026-01-12,23:35:47,INFO,PaymentGateway,Page view: /home by u3381,E103,Page view: {page} by {user}
41588,2026-01-12,23:00:45,INFO,WebServer,Health check passed: WebServer,E102,Health check passed: {service}
41589,2026-01-12,23:28:22,INFO,AuthService,Health check passed: AuthService,E102,Health check passed: {service}
41590,2026-01-12,23:02:37,INFO,WebServer,Page view: /home by u4834,E103,Page view: {page} by {user}
41591,2026-01-12,23:01:03,INFO,PaymentGateway,Page view: /home by u4438,E103,Page view: {page} by {user}
41592,2026-01-12,23:35:44,INFO,WebServer,Health check passed: WebServer,E102,Health check passed: {service}
41593,2026-01-12,23:47:20,INFO,WebServer,Health check passed: WebServer,E102,Health check passed: {service}
41594,2026-01-12,23:54:48,INFO,AuthService,User u3034 login successful,E101,User {user} login successful
41595,2026-01-12,23:41:16,INFO,WebServer,Page view: /home by u1786,E103,Page view: {page} by {user}
41596,2026-01-12,23:54:52,INFO,WebServer,Health check passed: WebServer,E102,Health check passed: {service}
41597,2026-01-12,23:27:34,WARN,OrderProcessor,Unauthorized access attempt from 10.0.0.45,E401,Unauthorized access attempt from {ip}
41598,2026-01-12,23:37:49,INFO,PaymentGateway,Health check passed: PaymentGateway,E102,Health check passed: {service}
41599,2026-01-12,23:22:27,INFO,WebServer,User u1287 login successful,E101,User {user} login successful
41600,2026-01-12,23:56:38,INFO,OrderProcessor,Page view: /home by u2716,E103,Page view: {page} by {user}
41601,2026-01-12,23:38:57,INFO,WebServer,Page view: /home by u4484,E103,Page view: {page} by {user}
41602,2026-01-12,23:39:29,INFO,WebServer,Page view: /home by u4877,E103,Page view: {page} by {user}
41603,2026-01-12,23:43:30,INFO,WebServer,Health check passed: WebServer,E102,Health check passed: {service}
41604,2026-01-12,23:24:54,INFO,WebServer,Page view: /home by u3166,E103,Page view: {page} by {user}
41605,2026-01-12,23:04:29,ERROR,AuthService,Payment declined: Gateway unavailable,E503,Payment declined: Gateway unavailable
41606,2026-01-12,23:01:08,INFO,WebServer,User u4866 login successful,E101,User {user} login successful
41607,2026-01-12,23:08:41,INFO,WebServer,Transaction tx478713 completed in 1858ms,E104,Transaction {tx} completed in {time}ms
41608,2026-01-12,23:32:21,INFO,AuthService,User u2591 login successful,E101,User {user} login successful
41609,2026-01-12,23:41:20,INFO,InventoryDB,Page view: /home by u3245,E103,Page view: {page} by {user}
41610,2026-01-12,23:22:59,INFO,WebServer,Page view: /home by u4770,E103,Page view: {page} by {user}
41611,2026-01-12,23:17:00,INFO,AuthService,Page view: /home by u2671,E103,Page view: {page} by {user}
41612,2026-01-12,23:29:59,INFO,AuthService,Health check passed: AuthService,E102,Health check passed: {service}
41613,2026-01-12,23:16:02,INFO,PaymentGateway,Page view: /home by u2565,E103,Page view: {page} by {user}
41614,2026-01-12,23:56:00,INFO,OrderProcessor,Health check passed: OrderProcessor,E102,Health check passed: {service}
41615,2026-01-12,23:34:21,INFO,AuthService,Transaction tx681741 completed in 64ms,E104,Transaction {tx} completed in {time}ms
41616,2026-01-12,23:11:10,INFO,InventoryDB,Page view: /home by u3763,E103,Page view: {page} by {user}
41617,2026-01-12,23:50:46,INFO,AuthService,Page view: /home by u2203,E103,Page view: {page} by {user}
41618,2026-01-12,23:30:02,INFO,OrderProcessor,User u2454 login successful,E101,User {user} login successful
41619,2026-01-12,23:33:08,INFO,OrderProcessor,Health check passed: OrderProcessor,E102,Health check passed: {service}
41620,2026-01-12,23:24:48,INFO,AuthService,Page view: /home by u2403,E103,Page view: {page} by {user}
41621,2026-01-12,23:05:27,WARN,AuthService,High latency (1061ms) detected on AuthService,E201,High latency ({time}ms) detected on {service}
41622,2026-01-12,23:03:34,INFO,WebServer,User u4542 login successful,E101,User {user} login successful
41623,2026-01-12,23:56:58,WARN,AuthService,Unauthorized access attempt from 10.0.0.45,E401,Unauthorized access attempt from {ip}
41624,2026-01-12,23:35:17,INFO,WebServer,Page view: /home by u2858,E103,Page view: {page} by {user}
41625,2026-01-12,23:57:39,INFO,WebServer,Page view: /home by u1843,E103,Page view: {page} by {user}
41626,2026-01-12,23:03:43,INFO,AuthService,Transaction tx762957 completed in 586ms,E104,Transaction {tx} completed in {time}ms
41627,2026-01-12,23:37:40,INFO,OrderProcessor,Health check passed: OrderProcessor,E102,Health check passed: {service}
41628,2026-01-12,23:57:54,INFO,WebServer,Page view: /home by u4476,E103,Page view: {page} by {user}
41629,2026-01-12,23:56:07,WARN,WebServer,Unauthorized access attempt from 10.0.0.45,E401,Unauthorized access attempt from {ip}
41630,2026-01-12,23:06:58,INFO,OrderProcessor,Health check passed: OrderProcessor,E102,Health check passed: {service}
41631,2026-01-12,23:00:34,INFO,WebServer,User u4830 login successful,E101,User {user} login successful
41632,2026-01-12,23:59:22,INFO,OrderProcessor,Health check passed: OrderProcessor,E102,Health check passed: {service}
41633,2026-01-12,23:53:25,INFO,AuthService,Page view: /home by u2229,E103,Page view: {page} by {user}
41634,2026-01-12,23:20:47,INFO,WebServer,User u2283 login successful,E101,User {user} login successful
41635,2026-01-12,23:37:29,INFO,WebServer,Health check passed: WebServer,E102,Health check passed: {service}
41636,2026-01-12,23:57:54,INFO,WebServer,Transaction tx134688 completed in 482ms,E104,Transaction {tx} completed in {time}ms
41637,2026-01-12,23:37:12,INFO,WebServer,Health check passed: WebServer,E102,Health check passed: {service}
41638,2026-01-12,23:51:47,INFO,WebServer,Transaction tx454944 completed in 1064ms,E104,Transaction {tx} completed in {time}ms
41639,2026-01-12,23:24:40,INFO,WebServer,Page view: /home by u2909,E103,Page view: {page} by {user}
41640,2026-01-12,23:10:04,INFO,PaymentGateway,User u3257 login successful,E101,User {user} login successful
41641,2026-01-12,23:02:40,INFO,WebServer,Page view: /home by u3827,E103,Page view: {page} by {user}
41642,2026-01-12,23:44:24,INFO,PaymentGateway,Page view: /home by u4614,E103,Page view: {page} by {user}
41643,2026-01-12,23:03:44,INFO,WebServer,Health check passed: WebServer,E102,Health check passed: {service}
41644,2026-01-12,23:37:04,INFO,WebServer,Page view: /home by u4479,E103,Page view: {page} by {user}
41645,2026-01-12,23:50:26,INFO,WebServer,Health check passed: WebServer,E102,Health check passed: {service}
41646,2026-01-12,23:22:39,INFO,WebServer,User u2283 login successful,E101,User {user} login successful
41647,2026-01-12,23:04:51,INFO,WebServer,Page view: /home by u3886,E103,Page view: {page} by {user}
41648,2026-01-12,23:33:20,INFO,WebServer,User u1379 login successful,E101,User {user} login successful
41649,2026-01-12,23:35:08,INFO,WebServer,Health check passed: WebServer,E102,Health check passed: {service}
41650,2026-01-12,23:04:03,INFO,WebServer,User u3422 login successful,E101,User {user} login successful
41651,2026-01-12,23:30:26,INFO,AuthService,User u3306 login successful,E101,User {user} login successful
41652,2026-01-12,23:40:14,INFO,AuthService,Health check passed: AuthService,E102,Health check passed: {service}
41653,2026-01-12,23:41:52,INFO,WebServer,User u3837 login successful,E101,User {user} login successful
41654,2026-01-12,23:00:10,INFO,WebServer,Health check passed: WebServer,E102,Health check passed: {service}
41655,2026-01-12,23:14:45,INFO,WebServer,Transaction tx919527 completed in 500ms,E104,Transaction {tx} completed in {time}ms
41656,2026-01-12,23:15:02,INFO,AuthService,User u2032 login successful,E101,User {user} login successful
41657,2026-01-12,23:13:43,INFO,AuthService,Transaction tx386957 completed in 30ms,E104,Transaction {tx} completed in {time}ms
41658,2026-01-12,23:47:25,INFO,WebServer,Transaction tx375022 completed in 838ms,E104,Transaction {tx} completed in {time}ms
41659,2026-01-12,23:02:17,INFO,WebServer,User u4007 login successful,E101,User {user} login successful
41660,2026-01-12,23:00:17,INFO,WebServer,Health check passed: WebServer,E102,Health check passed: {service}
41661,2026-01-12,23:48:55,INFO,OrderProcessor,User u2986 login successful,E101,User {user} login successful
41662,2026-01-12,23:58:00,INFO,AuthService,Page view: /home by u2967,E103,Page view: {page} by {user}
41663,2026-01-12,23:50:16,INFO,AuthService,User u2261 login successful,E101,User {user} login successful
41664,2026-01-12,23:04:55,INFO,WebServer,User u1238 login successful,E101,User {user} login successful
41665,2026-01-12,23:07:22,INFO,AuthService,Page view: /home by u3399,E103,Page view: {page} by {user}
41666,2026-01-12,23:03:19,INFO,OrderProcessor,User u4128 login successful,E101,User {user} login successful
41667,2026-01-12,23:43:11,INFO,PaymentGateway,Page view: /home by u1864,E103,Page view: {page} by {user}
41668,2026-01-12,23:28:46,INFO,WebServer,Transaction tx839636 completed in 914ms,E104,Transaction {tx} completed in {time}ms
41669,2026-01-12,23:02:48,INFO,WebServer,User u1489 login successful,E101,User {user} login successful
41670,2026-01-12,23:24:23,INFO,WebServer,Page view: /home by u4282,E103,Page view: {page} by {user}
41671,2026-01-12,23:04:54,INFO,AuthService,Page view: /home by u2358,E103,Page view: {page} by {user}
41672,2026-01-12,23:17:35,INFO,PaymentGateway,Transaction tx693135 completed in 1484ms,E104,Transaction {tx} completed in {time}ms
41673,2026-01-12,23:12:31,INFO,WebServer,Transaction tx199476 completed in 892ms,E104,Transaction {tx} completed in {time}ms
41674,2026-01-12,23:01:34,INFO,WebServer,Transaction tx189113 completed in 802ms,E104,Transaction {tx} completed in {time}ms
41675,2026-01-12,23:40:09,INFO,OrderProcessor,Transaction tx507384 completed in 328ms,E104,Transaction {tx} completed in {time}ms
41676,2026-01-12,23:23:22,INFO,WebServer,Page view: /home by u2499,E103,Page view: {page} by {user}
41677,2026-01-12,23:50:39,INFO,WebServer,Transaction tx807283 completed in 1980ms,E104,Transaction {tx} completed in {time}ms
41678,2026-01-12,23:28:23,INFO,WebServer,User u1747 login successful,E101,User {user} login successful
41679,2026-01-12,23:30:22,INFO,InventoryDB,Health check passed: InventoryDB,E102,Health check passed: {service}
41680,2026-01-12,23:43:25,INFO,WebServer,User u3376 login successful,E101,User {user} login successful
41681,2026-01-12,23:18:34,INFO,WebServer,Transaction tx463026 completed in 206ms,E104,Transaction {tx} completed in {time}ms
41682,2026-01-12,23:28:35,INFO,WebServer,User u2181 login successful,E101,User {user} login successful
41683,2026-01-12,23:57:39,INFO,WebServer,Health check passed: WebServer,E102,Health check passed: {service}
41684,2026-01-12,23:40:58,INFO,WebServer,Transaction tx609013 completed in 600ms,E104,Transaction {tx} completed in {time}ms
41685,2026-01-12,23:40:47,INFO,InventoryDB,Health check passed: InventoryDB,E102,Health check passed: {service}
41686,2026-01-12,23:10:24,INFO,WebServer,Page view: /home by u4569,E103,Page view: {page} by {user}
41687,2026-01-12,23:54:36,INFO,OrderProcessor,Page view: /home by u2829,E103,Page view: {page} by {user}
41688,2026-01-12,23:06:07,INFO,AuthService,Transaction tx244970 completed in 81ms,E104,Transaction {tx} completed in {time}ms
41689,2026-01-12,23:35:55,INFO,WebServer,Transaction tx342489 completed in 1092ms,E104,Transaction {tx} completed in {time}ms
41690,2026-01-12,23:47:48,INFO,AuthService,Transaction tx140576 completed in 717ms,E104,Transaction {tx} completed in {time}ms
41691,2026-01-12,23:58:28,INFO,InventoryDB,Page view: /home by u2943,E103,Page view: {page} by {user}
41692,2026-01-12,23:01:06,INFO,AuthService,Health check passed: AuthService,E102,Health check passed: {service}
41693,2026-01-12,23:44:04,INFO,AuthService,User u2342 login successful,E101,User {user} login successful
41694,2026-01-12,23:30:20,INFO,InventoryDB,Health check passed: InventoryDB,E102,Health check passed: {service}
41695,2026-01-12,23:31:37,INFO,InventoryDB,Page view: /home by u1336,E103,Page view: {page} by {user}
41696,2026-01-12,23:03:03,INFO,AuthService,User u3238 login successful,E101,User {user} login successful
41697,2026-01-12,23:53:35,INFO,WebServer,Page view: /home by u3868,E103,Page view: {page} by {user}
41698,2026-01-12,23:54:21,INFO,OrderProcessor,User u4641 login successful,E101,User {user} login successful
41699,2026-01-12,23:59:38,INFO,WebServer,Page view: /home by u4491,E103,Page view: {page} by {user}
41700,2026-01-12,23:19:23,INFO,AuthService,Health check passed: AuthService,E102,Health check passed: {service}
41701,2026-01-12,23:13:20,WARN,OrderProcessor,Disk usage > 85% on node node-5,E202,Disk usage > 85% on node {node}
41702,2026-01-12,23:32:41,INFO,WebServer,Page view: /home by u3092,E103,Page view: {page} by {user}
41703,2026-01-12,23:02:36,INFO,OrderProcessor,Page view: /home by u3350,E103,Page view: {page} by {user}
41704,2026-01-12,23:34:32,INFO,WebServer,Page view: /home by u2389,E103,Page view: {page} by {user}
41705,2026-01-12,23:15:05,WARN,PaymentGateway,High latency (560ms) detected on PaymentGateway,E201,High latency ({time}ms) detected on {service}
41706,2026-01-12,23:01:37,INFO,WebServer,Page view: /home by u2431,E103,Page view: {page} by {user}
41707,2026-01-12,23:00:39,INFO,WebServer,User u1925 login successful,E101,User {user} login successful
41708,2026-01-12,23:08:36,INFO,OrderProcessor,Page view: /home by u1760,E103,Page view: {page} by {user}
41709,2026-01-12,23:02:08,INFO,InventoryDB,Page view: /home by u1012,E103,Page view: {page} by {user}
41710,2026-01-12,23:29:50,INFO,WebServer,Page view: /home by u1027,E103,Page view: {page} by {user}
41711,2026-01-12,23:21:58,INFO,AuthService,Health check passed: AuthService,E102,Health check passed: {service}
41712,2026-01-12,23:13:24,INFO,PaymentGateway,Page view: /home by u3704,E103,Page view: {page} by {user}
41713,2026-01-12,23:48:29,INFO,WebServer,User u2589 login successful,E101,User {user} login successful
41714,2026-01-12,23:20:06,INFO,WebServer,Transaction tx455286 completed in 931ms,E104,Transaction {tx} completed in {time}ms
41715,2026-01-12,23:30:07,INFO,WebServer,User u2336 login successful,E101,User {user} login successful
41716,2026-01-12,23:25:49,INFO,WebServer,Health check passed: WebServer,E102,Health check passed: {service}
41717,2026-01-12,23:01:44,INFO,AuthService,Health check passed: AuthService,E102,Health check passed: {service}
41718,2026-01-12,23:35:00,INFO,AuthService,User u1398 login successful,E101,User {user} login successful
41719,2026-01-12,23:26:25,INFO,WebServer,Health check passed: WebServer,E102,Health check passed: {service}
41720,2026-01-12,23:04:21,WARN,AuthService,Unauthorized access attempt from 10.0.0.88,E401,Unauthorized access attempt from {ip}
41721,2026-01-12,23:29:32,ERROR,InventoryDB,Timeout waiting for lock on InventoryDB,E502,Timeout waiting for lock on {db}
41722,2026-01-12,23:28:35,INFO,OrderProcessor,User u4019 login successful,E101,User {user} login successful
41723,2026-01-12,23:48:49,INFO,WebServer,Page view: /home by u4551,E103,Page view: {page} by {user}
41724,2026-01-12,23:02:21,INFO,OrderProcessor,Page view: /home by u3603,E103,Page view: {page} by {user}
41725,2026-01-12,23:45:45,INFO,AuthService,User u3735 login successful,E101,User {user} login successful
41726,2026-01-12,23:12:31,INFO,OrderProcessor,User u2827 login successful,E101,User {user} login successful
41727,2026-01-12,23:55:47,INFO,WebServer,Health check passed: WebServer,E102,Health check passed: {service}
41728,2026-01-12,23:19:51,INFO,AuthService,Page view: /home by u2875,E103,Page view: {page} by {user}
41729,2026-01-12,23:58:35,INFO,AuthService,Transaction tx903213 completed in 1697ms,E104,Transaction {tx} completed in {time}ms
41730,2026-01-12,23:24:30,INFO,WebServer,User u1245 login successful,E101,User {user} login successful
41731,2026-01-12,23:09:09,INFO,WebServer,Transaction tx719864 completed in 1857ms,E104,Transaction {tx} completed in {time}ms
41732,2026-01-12,23:29:48,INFO,OrderProcessor,Page view: /home by u1636,E103,Page view: {page} by {user}
41733,2026-01-12,23:38:11,INFO,WebServer,User u1492 login successful,E101,User {user} login successful
41734,2026-01-12,23:50:57,INFO,WebServer,Health check passed: WebServer,E102,Health check passed: {service}
41735,2026-01-12,23:37:40,INFO,WebServer,Page view: /home by u2895,E103,Page view: {page} by {user}
41736,2026-01-12,23:24:47,INFO,WebServer,Transaction tx155217 completed in 1870ms,E104,Transaction {tx} completed in {time}ms
41737,2026-01-12,23:37:44,INFO,OrderProcessor,Health check passed: OrderProcessor,E102,Health check passed: {service}
41738,2026-01-12,23:10:49,INFO,WebServer,Health check passed: WebServer,E102,Health check passed: {service}
41739,2026-01-12,23:58:18,INFO,OrderProcessor,Page view: /home by u2274,E103,Page view: {page} by {user}
41740,2026-01-12,23:39:14,INFO,WebServer,Health check passed: WebServer,E102,Health check passed: {service}
41741,2026-01-12,23:07:23,INFO,PaymentGateway,User u1666 login successful,E101,User {user} login successful
41742,2026-01-12,23:14:02,INFO,WebServer,User u1825 login successful,E101,User {user} login successful
41743,2026-01-12,23:40:09,INFO,WebServer,Health check passed: WebServer,E102,Health check passed: {service}
41744,2026-01-12,23:40:11,WARN,WebServer,High latency (1901ms) detected on WebServer,E201,High latency ({time}ms) detected on {service}
41745,2026-01-12,23:25:57,INFO,WebServer,Page view: /home by u1464,E103,Page view: {page} by {user}
41746,2026-01-12,23:52:08,INFO,WebServer,Health check passed: WebServer,E102,Health check passed: {service}
41747,2026-01-12,23:58:56,INFO,OrderProcessor,Health check passed: OrderProcessor,E102,Health check passed: {service}
41748,2026-01-12,23:51:39,INFO,WebServer,Health check passed: WebServer,E102,Health check passed: {service}
41749,2026-01-12,23:04:15,INFO,OrderProcessor,Transaction tx921949 completed in 1697ms,E104,Transaction {tx} completed in {time}ms
41750,2026-01-12,23:20:05,INFO,WebServer,Page view: /home by u2977,E103,Page view: {page} by {user}
41751,2026-01-12,23:51:59,INFO,OrderProcessor,Health check passed: OrderProcessor,E102,Health check passed: {service}
41752,2026-01-12,23:49:56,INFO,WebServer,User u3305 login successful,E101,User {user} login successful
41753,2026-01-12,23:52:24,INFO,WebServer,Page view: /home by u4024,E103,Page view: {page} by {user}
41754,2026-01-12,23:39:39,INFO,AuthService,Health check passed: AuthService,E102,Health check passed: {service}
41755,2026-01-12,23:33:30,WARN,WebServer,High latency (1121ms) detected on WebServer,E201,High latency ({time}ms) detected on {service}
41756,2026-01-12,23:36:14,INFO,WebServer,Transaction tx383558 completed in 954ms,E104,Transaction {tx} completed in {time}ms
41757,2026-01-12,23:42:41,INFO,WebServer,Health check passed: WebServer,E102,Health check passed: {service}
41758,2026-01-12,23:34:22,INFO,WebServer,Transaction tx481107 completed in 1709ms,E104,Transaction {tx} completed in {time}ms
41759,2026-01-12,23:55:12,INFO,WebServer,User u1931 login successful,E101,User {user} login successful
41760,2026-01-12,23:11:07,INFO,AuthService,User u4579 login successful,E101,User {user} login successful
41761,2026-01-13,00:22:34,INFO,WebServer,Transaction tx711168 completed in 429ms,E104,Transaction {tx} completed in {time}ms
41762,2026-01-13,00:52:38,INFO,AuthService,User u2699 login successful,E101,User {user} login successful
41763,2026-01-13,00:02:10,INFO,OrderProcessor,Transaction tx465967 completed in 204ms,E104,Transaction {tx} completed in {time}ms
41764,2026-01-13,00:39:24,INFO,WebServer,Page view: /home by u4018,E103,Page view: {page} by {user}
41765,2026-01-13,00:33:57,INFO,AuthService,Transaction tx149968 completed in 877ms,E104,Transaction {tx} completed in {time}ms
41766,2026-01-13,00:52:45,INFO,AuthService,Page view: /home by u4626,E103,Page view: {page} by {user}
41767,2026-01-13,00:54:47,INFO,OrderProcessor,Transaction tx750331 completed in 584ms,E104,Transaction {tx} completed in {time}ms
41768,2026-01-13,00:32:42,INFO,OrderProcessor,Transaction tx666919 completed in 613ms,E104,Transaction {tx} completed in {time}ms
41769,2026-01-13,00:22:08,INFO,InventoryDB,Transaction tx271557 completed in 714ms,E104,Transaction {tx} completed in {time}ms
41770,2026-01-13,00:28:08,INFO,WebServer,Page view: /home by u2493,E103,Page view: {page} by {user}
41771,2026-01-13,00:28:19,INFO,WebServer,Page view: /home by u1448,E103,Page view: {page} by {user}
41772,2026-01-13,00:09:32,INFO,WebServer,Page view: /home by u1687,E103,Page view: {page} by {user}
41773,2026-01-13,00:56:46,INFO,WebServer,Page view: /home by u1099,E103,Page view: {page} by {user}
41774,2026-01-13,00:12:50,INFO,InventoryDB,Health check passed: InventoryDB,E102,Health check passed: {service}
41775,2026-01-13,00:37:57,WARN,AuthService,High latency (231ms) detected on AuthService,E201,High latency ({time}ms) detected on {service}
41776,2026-01-13,00:04:20,INFO,WebServer,Transaction tx280329 completed in 538ms,E104,Transaction {tx} completed in {time}ms
41777,2026-01-13,00:15:53,INFO,AuthService,Health check passed: AuthService,E102,Health check passed: {service}
41778,2026-01-13,00:57:25,INFO,WebServer,Health check passed: WebServer,E102,Health check passed: {service}
41779,2026-01-13,00:19:50,INFO,WebServer,User u3365 login successful,E101,User {user} login successful
41780,2026-01-13,00:25:35,INFO,WebServer,Page view: /home by u3789,E103,Page view: {page} by {user}
41781,2026-01-13,00:28:15,INFO,WebServer,Page view: /home by u1077,E103,Page view: {page} by {user}
41782,2026-01-13,00:45:32,INFO,WebServer,Transaction tx778901 completed in 1357ms,E104,Transaction {tx} completed in {time}ms
41783,2026-01-13,00:48:40,INFO,OrderProcessor,Transaction tx885386 completed in 1698ms,E104,Transaction {tx} completed in {time}ms
41784,2026-01-13,00:06:33,INFO,WebServer,User u2799 login successful,E101,User {user} login successful
41785,2026-01-13,00:49:18,INFO,WebServer,Transaction tx309282 completed in 268ms,E104,Transaction {tx} completed in {time}ms
41786,2026-01-13,00:08:03,INFO,PaymentGateway,Health check passed: PaymentGateway,E102,Health check passed: {service}
41787,2026-01-13,00:13:17,WARN,WebServer,High latency (65ms) detected on WebServer,E201,High latency ({time}ms) detected on {service}
41788,2026-01-13,00:12:09,INFO,PaymentGateway,User u1878 login successful,E101,User {user} login successful
41789,2026-01-13,00:12:53,INFO,AuthService,Page view: /home by u1471,E103,Page view: {page} by {user}
41790,2026-01-13,00:46:55,INFO,WebServer,Health check passed: WebServer,E102,Health check passed: {service}
41791,2026-01-13,00:58:42,INFO,WebServer,Health check passed: WebServer,E102,Health check passed: {service}
41792,2026-01-13,00:00:09,INFO,WebServer,Transaction tx336894 completed in 1610ms,E104,Transaction {tx} completed in {time}ms
41793,2026-01-13,00:56:54,INFO,WebServer,User u2651 login successful,E101,User {user} login successful
41794,2026-01-13,00:19:00,INFO,PaymentGateway,Transaction tx637944 completed in 1333ms,E104,Transaction {tx} completed in {time}ms
41795,2026-01-13,00:52:51,INFO,WebServer,Page view: /home by u2534,E103,Page view: {page} by {user}
41796,2026-01-13,00:00:12,INFO,AuthService,Page view: /home by u4971,E103,Page view: {page} by {user}
41797,2026-01-13,00:51:44,INFO,WebServer,Transaction tx145434 completed in 793ms,E104,Transaction {tx} completed in {time}ms
41798,2026-01-13,00:30:13,INFO,WebServer,Health check passed: WebServer,E102,Health check passed: {service}
41799,2026-01-13,00:01:27,INFO,OrderProcessor,Transaction tx157898 completed in 874ms,E104,Transaction {tx} completed in {time}ms
41800,2026-01-13,00:01:03,INFO,WebServer,Page view: /home by u2708,E103,Page view: {page} by {user}
41801,2026-01-13,00:41:04,INFO,AuthService,Health check passed: AuthService,E102,Health check passed: {service}
41802,2026-01-13,00:35:14,INFO,PaymentGateway,Transaction tx761313 completed in 1944ms,E104,Transaction {tx} completed in {time}ms
41803,2026-01-13,00:33:00,INFO,AuthService,Health check passed: AuthService,E102,Health check passed: {service}
41804,2026-01-13,00:45:18,INFO,OrderProcessor,Health check passed: OrderProcessor,E102,Health check passed: {service}
41805,2026-01-13,00:22:02,INFO,OrderProcessor,Transaction tx613202 completed in 1969ms,E104,Transaction {tx} completed in {time}ms
41806,2026-01-13,00:20:40,INFO,WebServer,Health check passed: WebServer,E102,Health check passed: {service}
41807,2026-01-13,00:28:07,INFO,WebServer,Health check passed: WebServer,E102,Health check passed: {service}
41808,2026-01-13,00:38:32,INFO,InventoryDB,Transaction tx463591 completed in 1416ms,E104,Transaction {tx} completed in {time}ms
41809,2026-01-13,00:05:03,INFO,WebServer,User u4140 login successful,E101,User {user} login successful
41810,2026-01-13,00:48:12,INFO,PaymentGateway,User u1645 login successful,E101,User {user} login successful
41811,2026-01-13,00:53:52,ERROR,AuthService,Timeout waiting for lock on InventoryDB,E502,Timeout waiting for lock on {db}
41812,2026-01-13,00:38:41,INFO,WebServer,User u2967 login successful,E101,User {user} login successful
41813,2026-01-13,00:44:26,INFO,WebServer,Page view: /home by u4357,E103,Page view: {page} by {user}
41814,2026-01-13,00:26:43,INFO,WebServer,Page view: /home by u3496,E103,Page view: {page} by {user}
41815,2026-01-13,00:30:00,INFO,WebServer,Transaction tx704534 completed in 1090ms,E104,Transaction {tx} completed in {time}ms
41816,2026-01-13,00:09:19,INFO,AuthService,Transaction tx653467 completed in 656ms,E104,Transaction {tx} completed in {time}ms
41817,2026-01-13,00:04:38,INFO,AuthService,Transaction tx939719 completed in 82ms,E104,Transaction {tx} completed in {time}ms
41818,2026-01-13,00:08:04,INFO,PaymentGateway,Page view: /home by u4225,E103,Page view: {page} by {user}
41819,2026-01-13,00:18:27,INFO,WebServer,User u2908 login successful,E101,User {user} login successful
41820,2026-01-13,01:45:17,INFO,WebServer,Health check passed: WebServer,E102,Health check passed: {service}
41821,2026-01-13,01:47:54,INFO,WebServer,Health check passed: WebServer,E102,Health check passed: {service}
41822,2026-01-13,01:25:54,INFO,WebServer,Page view: /home by u2399,E103,Page view: {page} by {user}
41823,2026-01-13,01:06:28,INFO,AuthService,Health check passed: AuthService,E102,Health check passed: {service}
41824,2026-01-13,01:31:52,INFO,WebServer,User u1973 login successful,E101,User {user} login successful
41825,2026-01-13,01:42:07,INFO,WebServer,Page view: /home by u4147,E103,Page view: {page} by {user}
41826,2026-01-13,01:12:27,INFO,OrderProcessor,Page view: /home by u1993,E103,Page view: {page} by {user}
41827,2026-01-13,01:43:07,INFO,WebServer,User u4969 login successful,E101,User {user} login successful
41828,2026-01-13,01:37:14,INFO,AuthService,Page view: /home by u2364,E103,Page view: {page} by {user}
41829,2026-01-13,01:00:38,INFO,WebServer,User u1474 login successful,E101,User {user} login successful
41830,2026-01-13,01:50:30,INFO,WebServer,Page view: /home by u3962,E103,Page view: {page} by {user}
41831,2026-01-13,01:59:46,WARN,AuthService,Unauthorized access attempt from 10.0.0.45,E401,Unauthorized access attempt from {ip}
41832,2026-01-13,01:17:25,INFO,OrderProcessor,Transaction tx138525 completed in 43ms,E104,Transaction {tx} completed in {time}ms
41833,2026-01-13,01:28:47,WARN,WebServer,Unauthorized access attempt from 10.0.0.10,E401,Unauthorized access attempt from {ip}
41834,2026-01-13,01:09:29,INFO,WebServer,Health check passed: WebServer,E102,Health check passed: {service}
41835,2026-01-13,01:59:58,INFO,OrderProcessor,Health check passed: OrderProcessor,E102,Health check passed: {service}
41836,2026-01-13,01:45:10,INFO,OrderProcessor,Health check passed: OrderProcessor,E102,Health check passed: {service}
41837,2026-01-13,01:19:51,INFO,WebServer,Page view: /home by u3675,E103,Page view: {page} by {user}
41838,2026-01-13,01:09:52,INFO,OrderProcessor,Transaction tx188236 completed in 1729ms,E104,Transaction {tx} completed in {time}ms
41839,2026-01-13,01:07:44,INFO,WebServer,Health check passed: WebServer,E102,Health check passed: {service}
41840,2026-01-13,01:35:15,INFO,WebServer,Transaction tx723670 completed in 380ms,E104,Transaction {tx} completed in {time}ms
41841,2026-01-13,01:45:50,INFO,WebServer,User u1277 login successful,E101,User {user} login successful
41842,2026-01-13,01:48:49,INFO,WebServer,Health check passed: WebServer,E102,Health check passed: {service}
41843,2026-01-13,01:23:45,INFO,WebServer,Transaction tx374420 completed in 1316ms,E104,Transaction {tx} completed in {time}ms
41844,2026-01-13,01:18:12,INFO,AuthService,User u3704 login successful,E101,User {user} login successful
41845,2026-01-13,01:28:30,INFO,WebServer,Page view: /home by u1572,E103,Page view: {page} by {user}
41846,2026-01-13,01:52:11,INFO,WebServer,User u4502 login successful,E101,User {user} login successful
41847,2026-01-13,01:00:55,INFO,OrderProcessor,Transaction tx359262 completed in 203ms,E104,Transaction {tx} completed in {time}ms
41848,2026-01-13,01:57:21,INFO,WebServer,Page view: /home by u3402,E103,Page view: {page} by {user}
41849,2026-01-13,01:20:41,INFO,PaymentGateway,Health check passed: PaymentGateway,E102,Health check passed: {service}
41850,2026-01-13,01:20:34,INFO,OrderProcessor,Transaction tx449275 completed in 1831ms,E104,Transaction {tx} completed in {time}ms
41851,2026-01-13,01:08:56,INFO,WebServer,User u3028 login successful,E101,User {user} login successful
41852,2026-01-13,01:05:50,INFO,WebServer,Transaction tx830045 completed in 1823ms,E104,Transaction {tx} completed in {time}ms
41853,2026-01-13,01:19:16,INFO,PaymentGateway,Health check passed: PaymentGateway,E102,Health check passed: {service}
41854,2026-01-13,01:22:40,INFO,WebServer,User u1572 login successful,E101,User {user} login successful
41855,2026-01-13,01:57:19,INFO,WebServer,Health check passed: WebServer,E102,Health check passed: {service}
41856,2026-01-13,01:24:57,INFO,OrderProcessor,Transaction tx397033 completed in 1483ms,E104,Transaction {tx} completed in {time}ms
41857,2026-01-13,01:31:28,INFO,AuthService,Transaction tx348253 completed in 521ms,E104,Transaction {tx} completed in {time}ms
41858,2026-01-13,01:27:22,INFO,InventoryDB,Health check passed: InventoryDB,E102,Health check passed: {service}
41859,2026-01-13,01:58:24,INFO,WebServer,Transaction tx707714 completed in 787ms,E104,Transaction {tx} completed in {time}ms
41860,2026-01-13,01:02:59,INFO,PaymentGateway,Health check passed: PaymentGateway,E102,Health check passed: {service}
41861,2026-01-13,01:14:34,INFO,WebServer,User u2913 login successful,E101,User {user} login successful
41862,2026-01-13,01:29:43,INFO,PaymentGateway,Page view: /home by u3569,E103,Page view: {page} by {user}
41863,2026-01-13,01:40:43,INFO,WebServer,Health check passed: WebServer,E102,Health check passed: {service}
41864,2026-01-13,01:57:58,INFO,WebServer,Transaction tx524538 completed in 420ms,E104,Transaction {tx} completed in {time}ms
41865,2026-01-13,01:55:21,INFO,OrderProcessor,User u1203 login successful,E101,User {user} login successful
41866,2026-01-13,01:47:08,INFO,WebServer,Page view: /home by u1721,E103,Page view: {page} by {user}
41867,2026-01-13,01:11:29,INFO,WebServer,Page view: /home by u3105,E103,Page view: {page} by {user}
41868,2026-01-13,01:58:21,INFO,WebServer,Page view: /home by u2256,E103,Page view: {page} by {user}
41869,2026-01-13,01:03:11,INFO,WebServer,User u3274 login successful,E101,User {user} login successful
41870,2026-01-13,01:49:09,INFO,WebServer,Health check passed: WebServer,E102,Health check passed: {service}
41871,2026-01-13,01:45:05,INFO,WebServer,User u4148 login successful,E101,User {user} login successful
41872,2026-01-13,01:42:31,INFO,WebServer,Health check passed: WebServer,E102,Health check passed: {service}
41873,2026-01-13,01:18:12,WARN,OrderProcessor,High latency (420ms) detected on OrderProcessor,E201,High latency ({time}ms) detected on {service}
41874,2026-01-13,01:48:07,INFO,WebServer,Page view: /home by u2643,E103,Page view: {page} by {user}
41875,2026-01-13,01:02:26,INFO,WebServer,Transaction tx601420 completed in 776ms,E104,Transaction {tx} completed in {time}ms
41876,2026-01-13,01:51:25,INFO,WebServer,Health check passed: WebServer,E102,Health check passed: {service}
41877,2026-01-13,01:05:54,INFO,WebServer,Transaction tx935682 completed in 1159ms,E104,Transaction {tx} completed in {time}ms
41878,2026-01-13,01:48:22,INFO,AuthService,User u1121 login successful,E101,User {user} login successful
41879,2026-01-13,02:27:10,INFO,WebServer,Transaction tx556994 completed in 351ms,E104,Transaction {tx} completed in {time}ms
41880,2026-01-13,02:57:22,WARN,WebServer,High latency (1473ms) detected on WebServer,E201,High latency ({time}ms) detected on {service}
41881,2026-01-13,02:56:43,INFO,WebServer,Transaction tx792562 completed in 883ms,E104,Transaction {tx} completed in {time}ms
41882,2026-01-13,02:06:28,INFO,PaymentGateway,User u2693 login successful,E101,User {user} login successful
41883,2026-01-13,02:17:05,INFO,OrderProcessor,Transaction tx866621 completed in 1835ms,E104,Transaction {tx} completed in {time}ms
41884,2026-01-13,02:22:13,INFO,AuthService,User u3414 login successful,E101,User {user} login successful
41885,2026-01-13,02:05:07,INFO,WebServer,Health check passed: WebServer,E102,Health check passed: {service}
41886,2026-01-13,02:19:05,INFO,PaymentGateway,User u2249 login successful,E101,User {user} login successful
41887,2026-01-13,02:56:01,INFO,WebServer,Page view: /home by u1386,E103,Page view: {page} by {user}
41888,2026-01-13,02:30:03,INFO,OrderProcessor,User u2621 login successful,E101,User {user} login successful
41889,2026-01-13,02:56:45,INFO,PaymentGateway,Transaction tx106934 completed in 1443ms,E104,Transaction {tx} completed in {time}ms
41890,2026-01-13,02:57:17,INFO,WebServer,User u2543 login successful,E101,User {user} login successful
41891,2026-01-13,02:54:40,INFO,OrderProcessor,Transaction tx713290 completed in 1492ms,E104,Transaction {tx} completed in {time}ms
41892,2026-01-13,02:50:48,INFO,WebServer,Health check passed: WebServer,E102,Health check passed: {service}
41893,2026-01-13,02:43:19,INFO,AuthService,Page view: /home by u4863,E103,Page view: {page} by {user}
41894,2026-01-13,02:09:34,INFO,WebServer,Transaction tx248266 completed in 389ms,E104,Transaction {tx} completed in {time}ms
41895,2026-01-13,02:08:12,INFO,AuthService,Page view: /home by u4178,E103,Page view: {page} by {user}
41896,2026-01-13,02:24:38,INFO,WebServer,Health check passed: WebServer,E102,Health check passed: {service}
41897,2026-01-13,02:31:42,INFO,OrderProcessor,Transaction tx935331 completed in 210ms,E104,Transaction {tx} completed in {time}ms
41898,2026-01-13,02:10:58,INFO,AuthService,User u1695 login successful,E101,User {user} login successful
41899,2026-01-13,02:51:15,INFO,WebServer,Page view: /home by u3648,E103,Page view: {page} by {user}
41900,2026-01-13,02:53:05,INFO,AuthService,User u3436 login successful,E101,User {user} login successful
41901,2026-01-13,02:23:14,INFO,WebServer,User u2708 login successful,E101,User {user} login successful
41902,2026-01-13,02:34:40,WARN,WebServer,High latency (694ms) detected on WebServer,E201,High latency ({time}ms) detected on {service}
41903,2026-01-13,02:33:16,INFO,WebServer,Health check passed: WebServer,E102,Health check passed: {service}
41904,2026-01-13,02:57:06,INFO,WebServer,User u1438 login successful,E101,User {user} login successful
41905,2026-01-13,02:25:13,WARN,PaymentGateway,Disk usage > 85% on node node-5,E202,Disk usage > 85% on node {node}
41906,2026-01-13,02:37:53,INFO,WebServer,Health check passed: WebServer,E102,Health check passed: {service}
41907,2026-01-13,02:12:52,INFO,WebServer,Page view: /home by u4542,E103,Page view: {page} by {user}
41908,2026-01-13,02:49:10,INFO,AuthService,Health check passed: AuthService,E102,Health check passed: {service}
41909,2026-01-13,02:05:51,INFO,InventoryDB,Health check passed: InventoryDB,E102,Health check passed: {service}
41910,2026-01-13,02:05:39,INFO,WebServer,Transaction tx267749 completed in 60ms,E104,Transaction {tx} completed in {time}ms
41911,2026-01-13,02:47:14,INFO,WebServer,User u3549 login successful,E101,User {user} login successful
41912,2026-01-13,02:15:46,INFO,WebServer,Transaction tx413311 completed in 1057ms,E104,Transaction {tx} completed in {time}ms
41913,2026-01-13,02:53:29,INFO,AuthService,User u4927 login successful,E101,User {user} login successful
41914,2026-01-13,02:59:48,INFO,WebServer,Transaction tx457010 completed in 1626ms,E104,Transaction {tx} completed in {time}ms
41915,2026-01-13,02:21:25,INFO,WebServer,Health check passed: WebServer,E102,Health check passed: {service}
41916,2026-01-13,02:46:45,INFO,WebServer,Health check passed: WebServer,E102,Health check passed: {service}
41917,2026-01-13,02:02:41,INFO,AuthService,Health check passed: AuthService,E102,Health check passed: {service}
41918,2026-01-13,02:08:58,INFO,PaymentGateway,User u3628 login successful,E101,User {user} login successful
41919,2026-01-13,02:30:07,INFO,WebServer,Transaction tx694172 completed in 1230ms,E104,Transaction {tx} completed in {time}ms
41920,2026-01-13,02:59:21,INFO,AuthService,User u1731 login successful,E101,User {user} login successful
41921,2026-01-13,02:30:37,INFO,WebServer,Health check passed: WebServer,E102,Health check passed: {service}
41922,2026-01-13,02:35:16,INFO,WebServer,Transaction tx655696 completed in 374ms,E104,Transaction {tx} completed in {time}ms
41923,2026-01-13,02:21:33,INFO,WebServer,Transaction tx488286 completed in 177ms,E104,Transaction {tx} completed in {time}ms
41924,2026-01-13,02:09:43,INFO,WebServer,Transaction tx879040 completed in 1502ms,E104,Transaction {tx} completed in {time}ms
41925,2026-01-13,02:11:24,WARN,WebServer,Disk usage > 85% on node node-5,E202,Disk usage > 85% on node {node}
41926,2026-01-13,02:23:23,INFO,WebServer,Health check passed: WebServer,E102,Health check passed: {service}
41927,2026-01-13,02:00:51,INFO,PaymentGateway,Page view: /home by u1086,E103,Page view: {page} by {user}
41928,2026-01-13,02:58:29,INFO,AuthService,Page view: /home by u4804,E103,Page view: {page} by {user}
41929,2026-01-13,02:08:20,INFO,OrderProcessor,Health check passed: OrderProcessor,E102,Health check passed: {service}
41930,2026-01-13,02:46:26,INFO,AuthService,User u4693 login successful,E101,User {user} login successful
41931,2026-01-13,02:25:49,INFO,WebServer,Page view: /home by u1321,E103,Page view: {page} by {user}
41932,2026-01-13,02:42:35,WARN,WebServer,Unauthorized access attempt from 10.0.0.88,E401,Unauthorized access attempt from {ip}
41933,2026-01-13,02:59:20,INFO,OrderProcessor,User u4323 login successful,E101,User {user} login successful
41934,2026-01-13,02:05:28,INFO,PaymentGateway,Page view: /home by u3259,E103,Page view: {page} by {user}
41935,2026-01-13,02:39:24,INFO,AuthService,Transaction tx416987 completed in 1176ms,E104,Transaction {tx} completed in {time}ms
41936,2026-01-13,02:25:23,INFO,WebServer,Transaction tx129266 completed in 1251ms,E104,Transaction {tx} completed in {time}ms
41937,2026-01-13,02:27:43,INFO,WebServer,Transaction tx635989 completed in 1105ms,E104,Transaction {tx} completed in {time}ms
41938,2026-01-13,03:14:34,INFO,AuthService,Transaction tx498577 completed in 1530ms,E104,Transaction {tx} completed in {time}ms
41939,2026-01-13,03:22:47,WARN,WebServer,High latency (367ms) detected on WebServer,E201,High latency ({time}ms) detected on {service}
41940,2026-01-13,03:12:30,INFO,OrderProcessor,Transaction tx964524 completed in 1523ms,E104,Transaction {tx} completed in {time}ms
41941,2026-01-13,03:53:01,INFO,OrderProcessor,Transaction tx507458 completed in 903ms,E104,Transaction {tx} completed in {time}ms
41942,2026-01-13,03:51:07,INFO,OrderProcessor,User u3741 login successful,E101,User {user} login successful
41943,2026-01-13,03:46:38,INFO,WebServer,Page view: /home by u2536,E103,Page view: {page} by {user}
41944,2026-01-13,03:56:00,INFO,WebServer,Transaction tx527424 completed in 500ms,E104,Transaction {tx} completed in {time}ms
41945,2026-01-13,03:03:16,INFO,OrderProcessor,User u3542 login successful,E101,User {user} login successful
41946,2026-01-13,03:13:01,INFO,InventoryDB,Page view: /home by u4215,E103,Page view: {page} by {user}
41947,2026-01-13,03:15:04,INFO,PaymentGateway,Health check passed: PaymentGateway,E102,Health check passed: {service}
41948,2026-01-13,03:02:11,INFO,WebServer,User u3964 login successful,E101,User {user} login successful
41949,2026-01-13,03:21:35,INFO,OrderProcessor,Page view: /home by u4085,E103,Page view: {page} by {user}
41950,2026-01-13,03:59:14,ERROR,WebServer,Connection refused to WebServer at 10.0.0.45,E501,Connection refused to {service} at {ip}
41951,2026-01-13,03:19:57,INFO,OrderProcessor,Transaction tx776522 completed in 888ms,E104,Transaction {tx} completed in {time}ms
41952,2026-01-13,03:42:31,INFO,WebServer,User u2694 login successful,E101,User {user} login successful
41953,2026-01-13,03:16:53,INFO,PaymentGateway,User u1571 login successful,E101,User {user} login successful
41954,2026-01-13,03:44:10,INFO,WebServer,Page view: /home by u2775,E103,Page view: {page} by {user}
41955,2026-01-13,03:20:55,INFO,PaymentGateway,Health check passed: PaymentGateway,E102,Health check passed: {service}
41956,2026-01-13,03:42:14,INFO,WebServer,User u3047 login successful,E101,User {user} login successful
41957,2026-01-13,03:45:34,INFO,WebServer,Transaction tx526085 completed in 213ms,E104,Transaction {tx} completed in {time}ms
41958,2026-01-13,03:21:32,INFO,WebServer,Page view: /home by u1465,E103,Page view: {page} by {user}
41959,2026-01-13,03:08:14,INFO,OrderProcessor,Page view: /home by u1018,E103,Page view: {page} by {user}
41960,2026-01-13,03:08:16,INFO,WebServer,Transaction tx259405 completed in 1703ms,E104,Transaction {tx} completed in {time}ms
41961,2026-01-13,03:18:52,INFO,WebServer,User u2436 login successful,E101,User {user} login successful
41962,2026-01-13,03:54:13,INFO,OrderProcessor,Health check passed: OrderProcessor,E102,Health check passed: {service}
41963,2026-01-13,03:07:55,INFO,WebServer,Page view: /home by u4925,E103,Page view: {page} by {user}
41964,2026-01-13,03:49:10,INFO,PaymentGateway,Page view: /home by u4101,E103,Page view: {page} by {user}
41965,2026-01-13,03:35:39,INFO,WebServer,User u1584 login successful,E101,User {user} login successful
41966,2026-01-13,03:46:00,INFO,WebServer,Page view: /home by u1391,E103,Page view: {page} by {user}
41967,2026-01-13,03:24:11,INFO,WebServer,Page view: /home by u3140,E103,Page view: {page} by {user}
41968,2026-01-13,03:26:17,INFO,WebServer,Transaction tx486123 completed in 729ms,E104,Transaction {tx} completed in {time}ms
41969,2026-01-13,03:21:14,INFO,AuthService,Page view: /home by u2627,E103,Page view: {page} by {user}
41970,2026-01-13,03:48:00,INFO,WebServer,User u2423 login successful,E101,User {user} login successful
41971,2026-01-13,03:44:04,INFO,PaymentGateway,User u1606 login successful,E101,User {user} login successful
41972,2026-01-13,03:44:13,INFO,WebServer,Health check passed: WebServer,E102,Health check passed: {service}
41973,2026-01-13,03:39:44,INFO,WebServer,Transaction tx734729 completed in 1253ms,E104,Transaction {tx} completed in {time}ms
41974,2026-01-13,03:52:51,INFO,OrderProcessor,User u4220 login successful,E101,User {user} login successful
41975,2026-01-13,03:38:27,INFO,WebServer,Transaction tx875153 completed in 1624ms,E104,Transaction {tx} completed in {time}ms
41976,2026-01-13,03:40:16,INFO,AuthService,Transaction tx677663 completed in 1144ms,E104,Transaction {tx} completed in {time}ms
41977,2026-01-13,03:10:35,INFO,OrderProcessor,Page view: /home by u3349,E103,Page view: {page} by {user}
41978,2026-01-13,03:26:03,INFO,OrderProcessor,Health check passed: OrderProcessor,E102,Health check passed: {service}
41979,2026-01-13,03:19:16,INFO,AuthService,User u3864 login successful,E101,User {user} login successful
41980,2026-01-13,03:00:46,INFO,AuthService,Page view: /home by u2013,E103,Page view: {page} by {user}
41981,2026-01-13,03:40:34,INFO,WebServer,Transaction tx174194 completed in 669ms,E104,Transaction {tx} completed in {time}ms
41982,2026-01-13,03:28:41,INFO,WebServer,Health check passed: WebServer,E102,Health check passed: {service}
41983,2026-01-13,03:59:15,INFO,PaymentGateway,Transaction tx726987 completed in 1654ms,E104,Transaction {tx} completed in {time}ms
41984,2026-01-13,03:09:01,INFO,AuthService,Page view: /home by u1494,E103,Page view: {page} by {user}
41985,2026-01-13,03:11:17,INFO,OrderProcessor,User u1267 login successful,E101,User {user} login successful
41986,2026-01-13,03:25:11,WARN,PaymentGateway,High latency (305ms) detected on PaymentGateway,E201,High latency ({time}ms) detected on {service}
41987,2026-01-13,03:27:51,INFO,OrderProcessor,Health check passed: OrderProcessor,E102,Health check passed: {service}
41988,2026-01-13,03:53:01,INFO,WebServer,User u3733 login successful,E101,User {user} login successful
41989,2026-01-13,03:40:31,INFO,PaymentGateway,Health check passed: PaymentGateway,E102,Health check passed: {service}
41990,2026-01-13,03:26:57,INFO,OrderProcessor,Transaction tx826754 completed in 823ms,E104,Transaction {tx} completed in {time}ms
41991,2026-01-13,03:15:16,INFO,PaymentGateway,Page view: /home by u3647,E103,Page view: {page} by {user}
41992,2026-01-13,03:47:00,INFO,PaymentGateway,User u3755 login successful,E101,User {user} login successful
41993,2026-01-13,03:57:56,INFO,OrderProcessor,Page view: /home by u2632,E103,Page view: {page} by {user}
41994,2026-01-13,03:02:43,INFO,WebServer,Page view: /home by u2472,E103,Page view: {page} by {user}
41995,2026-01-13,03:08:26,INFO,WebServer,Health check passed: WebServer,E102,Health check passed: {service}
41996,2026-01-13,03:24:15,INFO,OrderProcessor,Transaction tx612859 completed in 984ms,E104,Transaction {tx} completed in {time}ms
41997,2026-01-13,04:15:28,INFO,PaymentGateway,Health check passed: PaymentGateway,E102,Health check passed: {service}
41998,2026-01-13,04:08:30,INFO,InventoryDB,Transaction tx179900 completed in 1538ms,E104,Transaction {tx} completed in {time}ms
41999,2026-01-13,04:45:03,INFO,WebServer,Health check passed: WebServer,E102,Health check passed: {service}
42000,2026-01-13,04:17:00,INFO,WebServer,User u3272 login successful,E101,User {user} login successful
42001,2026-01-13,04:43:17,INFO,AuthService,Transaction tx634564 completed in 1986ms,E104,Transaction {tx} completed in {time}ms
42002,2026-01-13,04:14:19,INFO,AuthService,Transaction tx371545 completed in 547ms,E104,Transaction {tx} completed in {time}ms
42003,2026-01-13,04:04:34,INFO,WebServer,Transaction tx176651 completed in 349ms,E104,Transaction {tx} completed in {time}ms
42004,2026-01-13,04:55:56,INFO,PaymentGateway,Health check passed: PaymentGateway,E102,Health check passed: {service}
42005,2026-01-13,04:44:47,INFO,PaymentGateway,Health check passed: PaymentGateway,E102,Health check passed: {service}
42006,2026-01-13,04:19:05,WARN,WebServer,Unauthorized access attempt from 192.168.1.5,E401,Unauthorized access attempt from {ip}
42007,2026-01-13,04:13:04,INFO,WebServer,Page view: /home by u2263,E103,Page view: {page} by {user}
42008,2026-01-13,04:32:23,INFO,WebServer,User u3378 login successful,E101,User {user} login successful
42009,2026-01-13,04:16:42,INFO,WebServer,Health check passed: WebServer,E102,Health check passed: {service}
42010,2026-01-13,04:43:49,INFO,WebServer,Page view: /home by u4518,E103,Page view: {page} by {user}
42011,2026-01-13,04:58:25,INFO,WebServer,Health check passed: WebServer,E102,Health check passed: {service}
42012,2026-01-13,04:31:48,INFO,WebServer,Page view: /home by u4939,E103,Page view: {page} by {user}
42013,2026-01-13,04:57:39,INFO,WebServer,Health check passed: WebServer,E102,Health check passed: {service}
42014,2026-01-13,04:53:59,INFO,OrderProcessor,User u1014 login successful,E101,User {user} login successful
42015,2026-01-13,04:01:44,INFO,WebServer,Page view: /home by u4556,E103,Page view: {page} by {user}
42016,2026-01-13,04:35:14,INFO,InventoryDB,Transaction tx967052 completed in 1138ms,E104,Transaction {tx} completed in {time}ms
42017,2026-01-13,04:54:23,INFO,PaymentGateway,Transaction tx486164 completed in 312ms,E104,Transaction {tx} completed in {time}ms
42018,2026-01-13,04:30:14,INFO,AuthService,Health check passed: AuthService,E102,Health check passed: {service}
42019,2026-01-13,04:10:27,INFO,AuthService,Page view: /home by u1409,E103,Page view: {page} by {user}
42020,2026-01-13,04:11:38,INFO,WebServer,Health check passed: WebServer,E102,Health check passed: {service}
42021,2026-01-13,04:29:00,INFO,AuthService,Health check passed: AuthService,E102,Health check passed: {service}
42022,2026-01-13,04:51:53,INFO,AuthService,Page view: /home by u3535,E103,Page view: {page} by {user}
42023,2026-01-13,04:37:25,INFO,WebServer,Health check passed: WebServer,E102,Health check passed: {service}
42024,2026-01-13,04:29:34,INFO,WebServer,Page view: /home by u1566,E103,Page view: {page} by {user}
42025,2026-01-13,04:02:48,CRITICAL,WebServer,DATA CORRUPTION detected in sector 487,E602,DATA CORRUPTION detected in sector {sector}
42026,2026-01-13,04:20:38,INFO,AuthService,User u2814 login successful,E101,User {user} login successful
42027,2026-01-13,04:42:11,INFO,WebServer,Health check passed: WebServer,E102,Health check passed: {service}
42028,2026-01-13,04:33:54,INFO,WebServer,Transaction tx847599 completed in 1704ms,E104,Transaction {tx} completed in {time}ms
42029,2026-01-13,04:40:41,INFO,WebServer,Page view: /home by u2182,E103,Page view: {page} by {user}
42030,2026-01-13,04:21:09,INFO,WebServer,Health check passed: WebServer,E102,Health check passed: {service}
42031,2026-01-13,04:27:36,INFO,AuthService,Page view: /home by u1827,E103,Page view: {page} by {user}
42032,2026-01-13,04:43:20,INFO,WebServer,User u1284 login successful,E101,User {user} login successful
42033,2026-01-13,04:25:50,INFO,PaymentGateway,Page view: /home by u2263,E103,Page view: {page} by {user}
42034,2026-01-13,04:07:35,INFO,AuthService,Health check passed: AuthService,E102,Health check passed: {service}
42035,2026-01-13,04:10:06,INFO,OrderProcessor,User u1978 login successful,E101,User {user} login successful
42036,2026-01-13,04:24:44,INFO,InventoryDB,User u3440 login successful,E101,User {user} login successful
42037,2026-01-13,04:33:58,INFO,PaymentGateway,Transaction tx407728 completed in 1181ms,E104,Transaction {tx} completed in {time}ms
42038,2026-01-13,04:47:20,INFO,WebServer,Page view: /home by u4633,E103,Page view: {page} by {user}
42039,2026-01-13,04:20:12,WARN,WebServer,High latency (185ms) detected on WebServer,E201,High latency ({time}ms) detected on {service}
42040,2026-01-13,04:59:31,INFO,PaymentGateway,User u4607 login successful,E101,User {user} login successful
42041,2026-01-13,04:18:13,INFO,WebServer,Page view: /home by u2578,E103,Page view: {page} by {user}
42042,2026-01-13,04:44:40,INFO,WebServer,Page view: /home by u3279,E103,Page view: {page} by {user}
42043,2026-01-13,04:10:31,INFO,WebServer,User u3625 login successful,E101,User {user} login successful
42044,2026-01-13,04:09:40,INFO,WebServer,User u2200 login successful,E101,User {user} login successful
42045,2026-01-13,04:14:20,WARN,WebServer,High latency (1448ms) detected on WebServer,E201,High latency ({time}ms) detected on {service}
42046,2026-01-13,04:07:36,INFO,AuthService,Health check passed: AuthService,E102,Health check passed: {service}
42047,2026-01-13,04:09:25,INFO,InventoryDB,Health check passed: InventoryDB,E102,Health check passed: {service}
42048,2026-01-13,04:09:37,WARN,WebServer,Disk usage > 85% on node node-2,E202,Disk usage > 85% on node {node}
42049,2026-01-13,04:04:14,WARN,WebServer,High latency (1824ms) detected on WebServer,E201,High latency ({time}ms) detected on {service}
42050,2026-01-13,04:52:51,ERROR,WebServer,Connection refused to WebServer at 10.0.0.45,E501,Connection refused to {service} at {ip}
42051,2026-01-13,04:47:41,INFO,PaymentGateway,Transaction tx425240 completed in 1192ms,E104,Transaction {tx} completed in {time}ms
42052,2026-01-13,04:00:55,INFO,AuthService,Page view: /home by u3701,E103,Page view: {page} by {user}
42053,2026-01-13,04:16:04,INFO,OrderProcessor,Page view: /home by u2962,E103,Page view: {page} by {user}
42054,2026-01-13,04:30:57,INFO,OrderProcessor,Health check passed: OrderProcessor,E102,Health check passed: {service}
42055,2026-01-13,04:44:07,INFO,AuthService,Page view: /home by u4021,E103,Page view: {page} by {user}
42056,2026-01-13,05:08:43,INFO,AuthService,Health check passed: AuthService,E102,Health check passed: {service}
42057,2026-01-13,05:38:48,INFO,AuthService,Page view: /home by u3978,E103,Page view: {page} by {user}
42058,2026-01-13,05:01:22,INFO,WebServer,Transaction tx662913 completed in 983ms,E104,Transaction {tx} completed in {time}ms
42059,2026-01-13,05:57:56,INFO,WebServer,User u1425 login successful,E101,User {user} login successful
42060,2026-01-13,05:34:00,INFO,WebServer,User u1337 login successful,E101,User {user} login successful
42061,2026-01-13,05:51:46,INFO,OrderProcessor,Health check passed: OrderProcessor,E102,Health check passed: {service}
42062,2026-01-13,05:43:20,INFO,WebServer,Page view: /home by u3054,E103,Page view: {page} by {user}
42063,2026-01-13,05:05:43,INFO,WebServer,User u4583 login successful,E101,User {user} login successful
42064,2026-01-13,05:02:05,INFO,WebServer,Page view: /home by u1721,E103,Page view: {page} by {user}
42065,2026-01-13,05:45:54,INFO,WebServer,Page view: /home by u2231,E103,Page view: {page} by {user}
42066,2026-01-13,05:46:29,INFO,OrderProcessor,Health check passed: OrderProcessor,E102,Health check passed: {service}
42067,2026-01-13,05:32:21,INFO,OrderProcessor,Page view: /home by u4245,E103,Page view: {page} by {user}
42068,2026-01-13,05:27:52,INFO,InventoryDB,Health check passed: InventoryDB,E102,Health check passed: {service}
42069,2026-01-13,05:45:44,INFO,WebServer,Transaction tx737663 completed in 545ms,E104,Transaction {tx} completed in {time}ms
42070,2026-01-13,05:59:46,INFO,OrderProcessor,Transaction tx157035 completed in 644ms,E104,Transaction {tx} completed in {time}ms
42071,2026-01-13,05:58:05,INFO,WebServer,Page view: /home by u4863,E103,Page view: {page} by {user}
42072,2026-01-13,05:28:44,INFO,WebServer,Page view: /home by u4346,E103,Page view: {page} by {user}
42073,2026-01-13,05:54:01,INFO,PaymentGateway,User u1616 login successful,E101,User {user} login successful
42074,2026-01-13,05:12:14,INFO,PaymentGateway,User u3439 login successful,E101,User {user} login successful
42075,2026-01-13,05:21:36,WARN,WebServer,High latency (137ms) detected on WebServer,E201,High latency ({time}ms) detected on {service}
42076,2026-01-13,05:13:03,INFO,PaymentGateway,Health check passed: PaymentGateway,E102,Health check passed: {service}
42077,2026-01-13,05:23:05,INFO,AuthService,Transaction tx683461 completed in 1875ms,E104,Transaction {tx} completed in {time}ms
42078,2026-01-13,05:22:31,INFO,AuthService,Page view: /home by u1054,E103,Page view: {page} by {user}
42079,2026-01-13,05:11:36,INFO,AuthService,Transaction tx956556 completed in 833ms,E104,Transaction {tx} completed in {time}ms
42080,2026-01-13,05:09:15,WARN,WebServer,Disk usage > 85% on node node-1,E202,Disk usage > 85% on node {node}
42081,2026-01-13,05:27:10,INFO,WebServer,Page view: /home by u1946,E103,Page view: {page} by {user}
42082,2026-01-13,05:36:51,INFO,WebServer,Page view: /home by u4504,E103,Page view: {page} by {user}
42083,2026-01-13,05:07:13,INFO,OrderProcessor,Transaction tx707480 completed in 1784ms,E104,Transaction {tx} completed in {time}ms
42084,2026-01-13,05:14:01,ERROR,WebServer,Connection refused to WebServer at 10.0.0.88,E501,Connection refused to {service} at {ip}
42085,2026-01-13,05:47:44,INFO,AuthService,Page view: /home by u2718,E103,Page view: {page} by {user}
42086,2026-01-13,05:23:49,INFO,WebServer,Transaction tx551289 completed in 1132ms,E104,Transaction {tx} completed in {time}ms
42087,2026-01-13,05:04:11,INFO,AuthService,User u4633 login successful,E101,User {user} login successful
42088,2026-01-13,05:30:05,INFO,InventoryDB,Page view: /home by u3853,E103,Page view: {page} by {user}
42089,2026-01-13,05:04:35,INFO,AuthService,Transaction tx584022 completed in 901ms,E104,Transaction {tx} completed in {time}ms
42090,2026-01-13,05:33:46,INFO,WebServer,Page view: /home by u3858,E103,Page view: {page} by {user}
42091,2026-01-13,05:51:02,INFO,WebServer,Health check passed: WebServer,E102,Health check passed: {service}
42092,2026-01-13,05:11:12,INFO,OrderProcessor,Page view: /home by u2658,E103,Page view: {page} by {user}
42093,2026-01-13,05:52:15,INFO,AuthService,Page view: /home by u4754,E103,Page view: {page} by {user}
42094,2026-01-13,05:20:19,INFO,WebServer,User u3309 login successful,E101,User {user} login successful
42095,2026-01-13,05:39:42,INFO,AuthService,User u3845 login successful,E101,User {user} login successful
42096,2026-01-13,05:51:04,INFO,AuthService,Page view: /home by u4493,E103,Page view: {page} by {user}
42097,2026-01-13,05:39:47,INFO,OrderProcessor,User u2580 login successful,E101,User {user} login successful
42098,2026-01-13,05:00:35,INFO,WebServer,Page view: /home by u3444,E103,Page view: {page} by {user}
42099,2026-01-13,05:42:17,CRITICAL,WebServer,KERNEL PANIC: Node node-2 crashed,E601,KERNEL PANIC: Node {node} crashed
42100,2026-01-13,05:38:20,INFO,AuthService,Page view: /home by u2400,E103,Page view: {page} by {user}
42101,2026-01-13,05:13:05,INFO,PaymentGateway,Page view: /home by u1932,E103,Page view: {page} by {user}
42102,2026-01-13,05:34:24,INFO,WebServer,User u3478 login successful,E101,User {user} login successful
42103,2026-01-13,05:02:08,INFO,WebServer,Page view: /home by u4912,E103,Page view: {page} by {user}
42104,2026-01-13,05:59:07,INFO,AuthService,Transaction tx654861 completed in 1295ms,E104,Transaction {tx} completed in {time}ms
42105,2026-01-13,05:15:54,INFO,AuthService,User u3527 login successful,E101,User {user} login successful
42106,2026-01-13,05:53:44,WARN,AuthService,High latency (912ms) detected on AuthService,E201,High latency ({time}ms) detected on {service}
42107,2026-01-13,05:06:17,INFO,AuthService,Page view: /home by u4204,E103,Page view: {page} by {user}
42108,2026-01-13,05:20:11,INFO,AuthService,Health check passed: AuthService,E102,Health check passed: {service}
42109,2026-01-13,05:31:28,INFO,WebServer,Health check passed: WebServer,E102,Health check passed: {service}
42110,2026-01-13,05:39:41,INFO,AuthService,Health check passed: AuthService,E102,Health check passed: {service}
42111,2026-01-13,05:26:59,INFO,WebServer,User u2926 login successful,E101,User {user} login successful
42112,2026-01-13,05:37:32,WARN,InventoryDB,Disk usage > 85% on node node-5,E202,Disk usage > 85% on node {node}
42113,2026-01-13,05:40:27,INFO,WebServer,User u4005 login successful,E101,User {user} login successful
42114,2026-01-13,05:16:19,INFO,InventoryDB,User u4392 login successful,E101,User {user} login successful
42115,2026-01-13,06:46:56,INFO,AuthService,Transaction tx817898 completed in 101ms,E104,Transaction {tx} completed in {time}ms
42116,2026-01-13,06:53:14,INFO,WebServer,Transaction tx289167 completed in 1242ms,E104,Transaction {tx} completed in {time}ms
42117,2026-01-13,06:02:34,INFO,AuthService,User u4995 login successful,E101,User {user} login successful
42118,2026-01-13,06:13:49,INFO,AuthService,Transaction tx240537 completed in 1760ms,E104,Transaction {tx} completed in {time}ms
42119,2026-01-13,06:54:15,INFO,AuthService,Page view: /home by u4018,E103,Page view: {page} by {user}
42120,2026-01-13,06:43:04,INFO,OrderProcessor,User u1817 login successful,E101,User {user} login successful
42121,2026-01-13,06:45:05,INFO,WebServer,Page view: /home by u2677,E103,Page view: {page} by {user}
42122,2026-01-13,06:38:21,INFO,AuthService,Transaction tx517086 completed in 348ms,E104,Transaction {tx} completed in {time}ms
42123,2026-01-13,06:47:59,INFO,AuthService,User u4423 login successful,E101,User {user} login successful
42124,2026-01-13,06:00:22,INFO,WebServer,Transaction tx812584 completed in 663ms,E104,Transaction {tx} completed in {time}ms
42125,2026-01-13,06:48:34,INFO,PaymentGateway,User u1718 login successful,E101,User {user} login successful
42126,2026-01-13,06:13:43,INFO,WebServer,Transaction tx558931 completed in 91ms,E104,Transaction {tx} completed in {time}ms
42127,2026-01-13,06:31:23,INFO,WebServer,Health check passed: WebServer,E102,Health check passed: {service}
42128,2026-01-13,06:33:24,INFO,WebServer,Health check passed: WebServer,E102,Health check passed: {service}
42129,2026-01-13,06:22:41,INFO,WebServer,Page view: /home by u2071,E103,Page view: {page} by {user}
42130,2026-01-13,06:45:10,INFO,WebServer,Transaction tx759889 completed in 1950ms,E104,Transaction {tx} completed in {time}ms
42131,2026-01-13,06:25:55,INFO,WebServer,Page view: /home by u1022,E103,Page view: {page} by {user}
42132,2026-01-13,06:26:41,INFO,WebServer,Health check passed: WebServer,E102,Health check passed: {service}
42133,2026-01-13,06:56:20,INFO,WebServer,Page view: /home by u4419,E103,Page view: {page} by {user}
42134,2026-01-13,06:09:31,INFO,AuthService,Health check passed: AuthService,E102,Health check passed: {service}
42135,2026-01-13,06:53:00,INFO,WebServer,Page view: /home by u1350,E103,Page view: {page} by {user}
42136,2026-01-13,06:21:53,INFO,PaymentGateway,User u2976 login successful,E101,User {user} login successful
42137,2026-01-13,06:40:23,CRITICAL,AuthService,KERNEL PANIC: Node node-3 crashed,E601,KERNEL PANIC: Node {node} crashed
42138,2026-01-13,06:35:47,INFO,InventoryDB,Transaction tx579732 completed in 1323ms,E104,Transaction {tx} completed in {time}ms
42139,2026-01-13,06:24:39,WARN,WebServer,High latency (1887ms) detected on WebServer,E201,High latency ({time}ms) detected on {service}
42140,2026-01-13,06:57:55,INFO,WebServer,Transaction tx424551 completed in 596ms,E104,Transaction {tx} completed in {time}ms
42141,2026-01-13,06:00:34,INFO,WebServer,Page view: /home by u1499,E103,Page view: {page} by {user}
42142,2026-01-13,06:33:39,INFO,PaymentGateway,Transaction tx319565 completed in 1189ms,E104,Transaction {tx} completed in {time}ms
42143,2026-01-13,06:26:36,INFO,AuthService,Transaction tx255904 completed in 1461ms,E104,Transaction {tx} completed in {time}ms
42144,2026-01-13,06:53:25,INFO,WebServer,Transaction tx967679 completed in 1406ms,E104,Transaction {tx} completed in {time}ms
42145,2026-01-13,06:54:18,INFO,AuthService,Health check passed: AuthService,E102,Health check passed: {service}
42146,2026-01-13,06:22:54,INFO,AuthService,Page view: /home by u2756,E103,Page view: {page} by {user}
42147,2026-01-13,06:10:49,INFO,WebServer,Transaction tx195419 completed in 338ms,E104,Transaction {tx} completed in {time}ms
42148,2026-01-13,06:49:45,WARN,WebServer,Unauthorized access attempt from 10.0.0.45,E401,Unauthorized access attempt from {ip}
42149,2026-01-13,06:01:33,INFO,WebServer,Page view: /home by u3296,E103,Page view: {page} by {user}
42150,2026-01-13,06:36:16,INFO,WebServer,Health check passed: WebServer,E102,Health check passed: {service}
42151,2026-01-13,06:17:49,INFO,AuthService,Transaction tx319277 completed in 1191ms,E104,Transaction {tx} completed in {time}ms
42152,2026-01-13,06:32:05,ERROR,OrderProcessor,Connection refused to OrderProcessor at 10.0.0.88,E501,Connection refused to {service} at {ip}
42153,2026-01-13,06:20:32,INFO,PaymentGateway,Page view: /home by u3199,E103,Page view: {page} by {user}
42154,2026-01-13,06:22:11,INFO,WebServer,Page view: /home by u3317,E103,Page view: {page} by {user}
42155,2026-01-13,06:20:28,INFO,WebServer,Transaction tx310245 completed in 1495ms,E104,Transaction {tx} completed in {time}ms
42156,2026-01-13,06:21:01,INFO,AuthService,Transaction tx208131 completed in 639ms,E104,Transaction {tx} completed in {time}ms
42157,2026-01-13,06:30:35,INFO,OrderProcessor,User u4595 login successful,E101,User {user} login successful
42158,2026-01-13,06:44:50,INFO,WebServer,Health check passed: WebServer,E102,Health check passed: {service}
42159,2026-01-13,06:37:46,INFO,AuthService,User u4950 login successful,E101,User {user} login successful
42160,2026-01-13,06:59:19,INFO,WebServer,Health check passed: WebServer,E102,Health check passed: {service}
42161,2026-01-13,06:09:05,INFO,WebServer,Health check passed: WebServer,E102,Health check passed: {service}
42162,2026-01-13,06:49:50,INFO,OrderProcessor,Transaction tx264537 completed in 991ms,E104,Transaction {tx} completed in {time}ms
42163,2026-01-13,06:10:33,INFO,WebServer,User u3508 login successful,E101,User {user} login successful
42164,2026-01-13,06:39:57,WARN,OrderProcessor,Unauthorized access attempt from 192.168.1.5,E401,Unauthorized access attempt from {ip}
42165,2026-01-13,06:49:32,INFO,WebServer,Page view: /home by u3888,E103,Page view: {page} by {user}
42166,2026-01-13,06:15:40,INFO,InventoryDB,Health check passed: InventoryDB,E102,Health check passed: {service}
42167,2026-01-13,06:44:45,INFO,WebServer,Transaction tx656340 completed in 344ms,E104,Transaction {tx} completed in {time}ms
42168,2026-01-13,06:00:33,INFO,WebServer,Page view: /home by u4232,E103,Page view: {page} by {user}
42169,2026-01-13,06:06:12,INFO,WebServer,Transaction tx697131 completed in 1846ms,E104,Transaction {tx} completed in {time}ms
42170,2026-01-13,06:32:02,INFO,AuthService,User u1798 login successful,E101,User {user} login successful
42171,2026-01-13,06:09:27,INFO,AuthService,Transaction tx459064 completed in 345ms,E104,Transaction {tx} completed in {time}ms
42172,2026-01-13,06:35:00,INFO,PaymentGateway,Transaction tx252296 completed in 540ms,E104,Transaction {tx} completed in {time}ms
42173,2026-01-13,06:57:01,INFO,WebServer,Health check passed: WebServer,E102,Health check passed: {service}
42174,2026-01-13,06:13:19,INFO,WebServer,User u1953 login successful,E101,User {user} login successful
42175,2026-01-13,06:41:09,INFO,InventoryDB,User u3318 login successful,E101,User {user} login successful
42176,2026-01-13,06:42:44,WARN,WebServer,Unauthorized access attempt from 10.0.0.12,E401,Unauthorized access attempt from {ip}
42177,2026-01-13,06:35:06,INFO,OrderProcessor,User u2440 login successful,E101,User {user} login successful
42178,2026-01-13,06:03:10,INFO,WebServer,Health check passed: WebServer,E102,Health check passed: {service}
42179,2026-01-13,06:24:36,INFO,WebServer,Page view: /home by u1616,E103,Page view: {page} by {user}
42180,2026-01-13,06:48:11,WARN,OrderProcessor,High latency (1982ms) detected on OrderProcessor,E201,High latency ({time}ms) detected on {service}
42181,2026-01-13,06:48:13,INFO,WebServer,Transaction tx708800 completed in 1242ms,E104,Transaction {tx} completed in {time}ms
42182,2026-01-13,06:45:30,INFO,AuthService,Transaction tx383685 completed in 1573ms,E104,Transaction {tx} completed in {time}ms
42183,2026-01-13,06:42:10,INFO,PaymentGateway,User u1163 login successful,E101,User {user} login successful
42184,2026-01-13,06:27:38,INFO,WebServer,Health check passed: WebServer,E102,Health check passed: {service}
42185,2026-01-13,06:24:26,INFO,WebServer,Health check passed: WebServer,E102,Health check passed: {service}
42186,2026-01-13,06:50:01,INFO,OrderProcessor,Health check passed: OrderProcessor,E102,Health check passed: {service}
42187,2026-01-13,06:56:22,WARN,AuthService,High latency (1726ms) detected on AuthService,E201,High latency ({time}ms) detected on {service}
42188,2026-01-13,06:33:22,INFO,WebServer,Page view: /home by u3146,E103,Page view: {page} by {user}
42189,2026-01-13,06:12:21,INFO,WebServer,Transaction tx919990 completed in 1511ms,E104,Transaction {tx} completed in {time}ms
42190,2026-01-13,06:36:51,INFO,WebServer,Page view: /home by u3372,E103,Page view: {page} by {user}
42191,2026-01-13,06:31:41,INFO,OrderProcessor,User u3390 login successful,E101,User {user} login successful
42192,2026-01-13,06:28:09,INFO,OrderProcessor,User u1322 login successful,E101,User {user} login successful
42193,2026-01-13,06:03:41,INFO,WebServer,User u4171 login successful,E101,User {user} login successful
42194,2026-01-13,06:07:51,INFO,WebServer,User u1089 login successful,E101,User {user} login successful
42195,2026-01-13,06:44:34,INFO,WebServer,Page view: /home by u2326,E103,Page view: {page} by {user}
42196,2026-01-13,06:48:57,INFO,OrderProcessor,Transaction tx689776 completed in 785ms,E104,Transaction {tx} completed in {time}ms
42197,2026-01-13,06:05:55,INFO,WebServer,Transaction tx715473 completed in 1874ms,E104,Transaction {tx} completed in {time}ms
42198,2026-01-13,06:22:08,INFO,OrderProcessor,Transaction tx276336 completed in 1055ms,E104,Transaction {tx} completed in {time}ms
42199,2026-01-13,06:07:56,INFO,OrderProcessor,Health check passed: OrderProcessor,E102,Health check passed: {service}
42200,2026-01-13,06:44:11,INFO,InventoryDB,Health check passed: InventoryDB,E102,Health check passed: {service}
42201,2026-01-13,06:44:42,INFO,WebServer,User u3553 login successful,E101,User {user} login successful
42202,2026-01-13,06:01:49,INFO,PaymentGateway,Health check passed: PaymentGateway,E102,Health check passed: {service}
42203,2026-01-13,06:42:10,INFO,WebServer,Transaction tx204555 completed in 1043ms,E104,Transaction {tx} completed in {time}ms
42204,2026-01-13,06:18:47,INFO,PaymentGateway,User u4667 login successful,E101,User {user} login successful
42205,2026-01-13,06:50:51,INFO,OrderProcessor,Health check passed: OrderProcessor,E102,Health check passed: {service}
42206,2026-01-13,06:58:42,INFO,WebServer,Health check passed: WebServer,E102,Health check passed: {service}
42207,2026-01-13,06:30:35,INFO,WebServer,Transaction tx966596 completed in 1877ms,E104,Transaction {tx} completed in {time}ms
42208,2026-01-13,06:06:24,INFO,AuthService,Health check passed: AuthService,E102,Health check passed: {service}
42209,2026-01-13,06:49:36,INFO,AuthService,Transaction tx664649 completed in 528ms,E104,Transaction {tx} completed in {time}ms
42210,2026-01-13,06:13:55,INFO,WebServer,Page view: /home by u2172,E103,Page view: {page} by {user}
42211,2026-01-13,06:16:21,INFO,WebServer,Health check passed: WebServer,E102,Health check passed: {service}
42212,2026-01-13,06:19:20,INFO,PaymentGateway,Health check passed: PaymentGateway,E102,Health check passed: {service}
42213,2026-01-13,06:08:30,WARN,AuthService,Unauthorized access attempt from 10.0.0.45,E401,Unauthorized access attempt from {ip}
42214,2026-01-13,06:06:38,INFO,AuthService,Page view: /home by u2484,E103,Page view: {page} by {user}
42215,2026-01-13,06:20:13,INFO,WebServer,Health check passed: WebServer,E102,Health check passed: {service}
42216,2026-01-13,06:48:38,INFO,InventoryDB,Transaction tx254615 completed in 533ms,E104,Transaction {tx} completed in {time}ms
42217,2026-01-13,06:12:23,INFO,OrderProcessor,Page view: /home by u3417,E103,Page view: {page} by {user}
42218,2026-01-13,06:00:51,INFO,OrderProcessor,Page view: /home by u4567,E103,Page view: {page} by {user}
42219,2026-01-13,06:07:57,INFO,WebServer,Transaction tx645336 completed in 1281ms,E104,Transaction {tx} completed in {time}ms
42220,2026-01-13,06:44:49,INFO,WebServer,User u4990 login successful,E101,User {user} login successful
42221,2026-01-13,06:42:11,ERROR,WebServer,Connection refused to WebServer at 10.0.0.45,E501,Connection refused to {service} at {ip}
42222,2026-01-13,06:32:07,INFO,WebServer,Page view: /home by u1972,E103,Page view: {page} by {user}
42223,2026-01-13,06:48:57,INFO,WebServer,User u2605 login successful,E101,User {user} login successful
42224,2026-01-13,06:18:44,INFO,WebServer,Page view: /home by u1143,E103,Page view: {page} by {user}
42225,2026-01-13,06:31:06,INFO,WebServer,Page view: /home by u3576,E103,Page view: {page} by {user}
42226,2026-01-13,06:20:47,INFO,OrderProcessor,User u4513 login successful,E101,User {user} login successful
42227,2026-01-13,06:25:45,INFO,AuthService,Page view: /home by u3044,E103,Page view: {page} by {user}
42228,2026-01-13,06:34:06,INFO,WebServer,Transaction tx921341 completed in 745ms,E104,Transaction {tx} completed in {time}ms
42229,2026-01-13,06:02:11,INFO,AuthService,Transaction tx894762 completed in 159ms,E104,Transaction {tx} completed in {time}ms
42230,2026-01-13,06:49:25,INFO,InventoryDB,Transaction tx388652 completed in 339ms,E104,Transaction {tx} completed in {time}ms
42231,2026-01-13,06:55:06,INFO,AuthService,Page view: /home by u3373,E103,Page view: {page} by {user}
42232,2026-01-13,06:24:20,INFO,WebServer,Health check passed: WebServer,E102,Health check passed: {service}
42233,2026-01-13,06:11:41,INFO,PaymentGateway,Transaction tx947792 completed in 38ms,E104,Transaction {tx} completed in {time}ms
42234,2026-01-13,06:10:09,INFO,WebServer,Transaction tx679848 completed in 328ms,E104,Transaction {tx} completed in {time}ms
42235,2026-01-13,06:47:07,INFO,WebServer,User u2136 login successful,E101,User {user} login successful
42236,2026-01-13,06:52:26,INFO,InventoryDB,User u1457 login successful,E101,User {user} login successful
42237,2026-01-13,06:24:02,INFO,WebServer,User u4499 login successful,E101,User {user} login successful
42238,2026-01-13,06:09:34,WARN,OrderProcessor,Unauthorized access attempt from 10.0.0.45,E401,Unauthorized access attempt from {ip}
42239,2026-01-13,06:19:32,INFO,WebServer,Transaction tx383611 completed in 965ms,E104,Transaction {tx} completed in {time}ms
42240,2026-01-13,06:56:45,INFO,AuthService,User u4614 login successful,E101,User {user} login successful
42241,2026-01-13,06:59:58,INFO,PaymentGateway,User u3799 login successful,E101,User {user} login successful
42242,2026-01-13,06:48:09,INFO,WebServer,Health check passed: WebServer,E102,Health check passed: {service}
42243,2026-01-13,06:27:33,WARN,PaymentGateway,Unauthorized access attempt from 10.0.0.88,E401,Unauthorized access attempt from {ip}
42244,2026-01-13,06:26:30,INFO,OrderProcessor,User u2774 login successful,E101,User {user} login successful
42245,2026-01-13,06:58:35,INFO,WebServer,User u3807 login successful,E101,User {user} login successful
42246,2026-01-13,06:04:19,INFO,WebServer,Transaction tx760472 completed in 66ms,E104,Transaction {tx} completed in {time}ms
42247,2026-01-13,06:32:49,INFO,OrderProcessor,Page view: /home by u4458,E103,Page view: {page} by {user}
42248,2026-01-13,06:07:31,INFO,AuthService,Page view: /home by u2238,E103,Page view: {page} by {user}
42249,2026-01-13,06:07:51,INFO,WebServer,Transaction tx380768 completed in 1618ms,E104,Transaction {tx} completed in {time}ms
42250,2026-01-13,06:29:06,INFO,AuthService,Transaction tx298737 completed in 801ms,E104,Transaction {tx} completed in {time}ms
42251,2026-01-13,06:41:23,INFO,PaymentGateway,Health check passed: PaymentGateway,E102,Health check passed: {service}
42252,2026-01-13,06:05:20,INFO,WebServer,Page view: /home by u3415,E103,Page view: {page} by {user}
42253,2026-01-13,06:41:44,INFO,AuthService,Transaction tx494570 completed in 1453ms,E104,Transaction {tx} completed in {time}ms
42254,2026-01-13,06:00:07,INFO,PaymentGateway,Health check passed: PaymentGateway,E102,Health check passed: {service}
42255,2026-01-13,06:47:27,INFO,WebServer,Transaction tx872271 completed in 1318ms,E104,Transaction {tx} completed in {time}ms
42256,2026-01-13,06:09:17,INFO,OrderProcessor,Transaction tx803401 completed in 1621ms,E104,Transaction {tx} completed in {time}ms
42257,2026-01-13,06:43:13,INFO,OrderProcessor,Transaction tx707246 completed in 131ms,E104,Transaction {tx} completed in {time}ms
42258,2026-01-13,06:46:38,INFO,WebServer,Health check passed: WebServer,E102,Health check passed: {service}
42259,2026-01-13,06:19:19,INFO,WebServer,Transaction tx567823 completed in 1878ms,E104,Transaction {tx} completed in {time}ms
42260,2026-01-13,06:42:32,INFO,PaymentGateway,User u3882 login successful,E101,User {user} login successful
42261,2026-01-13,06:43:10,INFO,AuthService,User u2184 login successful,E101,User {user} login successful
42262,2026-01-13,06:41:27,INFO,WebServer,Health check passed: WebServer,E102,Health check passed: {service}
42263,2026-01-13,06:37:03,INFO,WebServer,User u3332 login successful,E101,User {user} login successful
42264,2026-01-13,06:58:23,INFO,PaymentGateway,Transaction tx716267 completed in 1066ms,E104,Transaction {tx} completed in {time}ms
42265,2026-01-13,06:22:42,INFO,AuthService,Transaction tx793400 completed in 203ms,E104,Transaction {tx} completed in {time}ms
42266,2026-01-13,06:36:06,INFO,OrderProcessor,User u4325 login successful,E101,User {user} login successful
42267,2026-01-13,06:50:50,INFO,OrderProcessor,Page view: /home by u1176,E103,Page view: {page} by {user}
42268,2026-01-13,06:03:40,INFO,InventoryDB,Page view: /home by u3920,E103,Page view: {page} by {user}
42269,2026-01-13,06:04:37,INFO,WebServer,Transaction tx460759 completed in 1238ms,E104,Transaction {tx} completed in {time}ms
42270,2026-01-13,06:31:11,INFO,WebServer,Health check passed: WebServer,E102,Health check passed: {service}
42271,2026-01-13,06:47:10,INFO,WebServer,Health check passed: WebServer,E102,Health check passed: {service}
42272,2026-01-13,06:06:16,INFO,WebServer,Page view: /home by u3577,E103,Page view: {page} by {user}
42273,2026-01-13,06:15:49,INFO,WebServer,Health check passed: WebServer,E102,Health check passed: {service}
42274,2026-01-13,06:57:16,INFO,WebServer,Transaction tx225069 completed in 120ms,E104,Transaction {tx} completed in {time}ms
42275,2026-01-13,06:21:29,INFO,WebServer,User u3426 login successful,E101,User {user} login successful
42276,2026-01-13,06:11:17,INFO,WebServer,Health check passed: WebServer,E102,Health check passed: {service}
42277,2026-01-13,06:55:13,INFO,WebServer,Health check passed: WebServer,E102,Health check passed: {service}
42278,2026-01-13,06:40:52,INFO,AuthService,Health check passed: AuthService,E102,Health check passed: {service}
42279,2026-01-13,06:24:13,INFO,AuthService,Page view: /home by u3309,E103,Page view: {page} by {user}
42280,2026-01-13,06:24:44,INFO,WebServer,Transaction tx828727 completed in 808ms,E104,Transaction {tx} completed in {time}ms
42281,2026-01-13,06:28:52,ERROR,WebServer,Connection refused to WebServer at 10.0.0.45,E501,Connection refused to {service} at {ip}
42282,2026-01-13,06:44:46,WARN,PaymentGateway,Disk usage > 85% on node node-4,E202,Disk usage > 85% on node {node}
42283,2026-01-13,06:53:50,INFO,PaymentGateway,Page view: /home by u4839,E103,Page view: {page} by {user}
42284,2026-01-13,06:29:35,INFO,OrderProcessor,Transaction tx617188 completed in 1007ms,E104,Transaction {tx} completed in {time}ms
42285,2026-01-13,06:36:35,INFO,AuthService,Transaction tx526320 completed in 1922ms,E104,Transaction {tx} completed in {time}ms
42286,2026-01-13,06:13:58,INFO,AuthService,User u3431 login successful,E101,User {user} login successful
42287,2026-01-13,06:05:36,INFO,AuthService,User u1267 login successful,E101,User {user} login successful
42288,2026-01-13,06:18:07,INFO,WebServer,Transaction tx564129 completed in 945ms,E104,Transaction {tx} completed in {time}ms
42289,2026-01-13,06:55:13,INFO,OrderProcessor,Page view: /home by u4378,E103,Page view: {page} by {user}
42290,2026-01-13,06:12:00,INFO,AuthService,User u3051 login successful,E101,User {user} login successful
42291,2026-01-13,06:37:03,INFO,OrderProcessor,User u3278 login successful,E101,User {user} login successful
42292,2026-01-13,06:09:40,INFO,AuthService,Health check passed: AuthService,E102,Health check passed: {service}
42293,2026-01-13,06:40:21,INFO,OrderProcessor,Page view: /home by u4140,E103,Page view: {page} by {user}
42294,2026-01-13,06:22:13,INFO,AuthService,Health check passed: AuthService,E102,Health check passed: {service}
42295,2026-01-13,06:06:42,ERROR,WebServer,Payment declined: Gateway unavailable,E503,Payment declined: Gateway unavailable
42296,2026-01-13,06:01:17,INFO,WebServer,Health check passed: WebServer,E102,Health check passed: {service}
42297,2026-01-13,06:53:05,INFO,WebServer,Health check passed: WebServer,E102,Health check passed: {service}
42298,2026-01-13,06:15:59,INFO,OrderProcessor,Page view: /home by u2487,E103,Page view: {page} by {user}
42299,2026-01-13,06:04:23,INFO,WebServer,Transaction tx560543 completed in 202ms,E104,Transaction {tx} completed in {time}ms
42300,2026-01-13,06:05:06,INFO,AuthService,User u2079 login successful,E101,User {user} login successful
42301,2026-01-13,06:22:06,INFO,WebServer,User u1720 login successful,E101,User {user} login successful
42302,2026-01-13,06:11:20,INFO,PaymentGateway,Page view: /home by u4077,E103,Page view: {page} by {user}
42303,2026-01-13,06:14:34,INFO,WebServer,Health check passed: WebServer,E102,Health check passed: {service}
42304,2026-01-13,06:58:08,INFO,WebServer,Transaction tx223694 completed in 705ms,E104,Transaction {tx} completed in {time}ms
42305,2026-01-13,06:01:35,INFO,OrderProcessor,Page view: /home by u1180,E103,Page view: {page} by {user}
42306,2026-01-13,06:40:34,INFO,AuthService,Health check passed: AuthService,E102,Health check passed: {service}
42307,2026-01-13,06:48:16,INFO,WebServer,Page view: /home by u1009,E103,Page view: {page} by {user}
42308,2026-01-13,06:40:09,INFO,OrderProcessor,Health check passed: OrderProcessor,E102,Health check passed: {service}
42309,2026-01-13,06:44:08,INFO,InventoryDB,Transaction tx336522 completed in 928ms,E104,Transaction {tx} completed in {time}ms
42310,2026-01-13,06:53:18,WARN,WebServer,Disk usage > 85% on node node-3,E202,Disk usage > 85% on node {node}
42311,2026-01-13,06:48:16,INFO,AuthService,Transaction tx563228 completed in 574ms,E104,Transaction {tx} completed in {time}ms
42312,2026-01-13,06:49:17,INFO,OrderProcessor,Transaction tx786114 completed in 1303ms,E104,Transaction {tx} completed in {time}ms
42313,2026-01-13,06:21:37,INFO,PaymentGateway,Transaction tx741446 completed in 383ms,E104,Transaction {tx} completed in {time}ms
42314,2026-01-13,06:54:12,INFO,WebServer,Health check passed: WebServer,E102,Health check passed: {service}
42315,2026-01-13,06:39:34,INFO,WebServer,Transaction tx776226 completed in 919ms,E104,Transaction {tx} completed in {time}ms
42316,2026-01-13,06:17:27,INFO,WebServer,Page view: /home by u3211,E103,Page view: {page} by {user}
42317,2026-01-13,06:35:22,INFO,AuthService,Health check passed: AuthService,E102,Health check passed: {service}
42318,2026-01-13,06:17:36,INFO,PaymentGateway,User u4950 login successful,E101,User {user} login successful
42319,2026-01-13,06:54:00,INFO,InventoryDB,Transaction tx388378 completed in 465ms,E104,Transaction {tx} completed in {time}ms
42320,2026-01-13,06:40:17,INFO,AuthService,Transaction tx865825 completed in 755ms,E104,Transaction {tx} completed in {time}ms
42321,2026-01-13,06:53:41,INFO,PaymentGateway,Health check passed: PaymentGateway,E102,Health check passed: {service}
42322,2026-01-13,06:30:50,INFO,WebServer,Transaction tx754217 completed in 1274ms,E104,Transaction {tx} completed in {time}ms
42323,2026-01-13,06:30:26,INFO,WebServer,Page view: /home by u2230,E103,Page view: {page} by {user}
42324,2026-01-13,06:20:43,INFO,WebServer,Health check passed: WebServer,E102,Health check passed: {service}
42325,2026-01-13,06:12:49,INFO,WebServer,User u1140 login successful,E101,User {user} login successful
42326,2026-01-13,06:38:41,WARN,InventoryDB,High latency (694ms) detected on InventoryDB,E201,High latency ({time}ms) detected on {service}
42327,2026-01-13,06:53:38,INFO,WebServer,Health check passed: WebServer,E102,Health check passed: {service}
42328,2026-01-13,06:13:52,WARN,InventoryDB,Unauthorized access attempt from 10.0.0.45,E401,Unauthorized access attempt from {ip}
42329,2026-01-13,06:34:00,INFO,AuthService,Health check passed: AuthService,E102,Health check passed: {service}
42330,2026-01-13,06:02:38,INFO,AuthService,User u2988 login successful,E101,User {user} login successful
42331,2026-01-13,06:23:52,CRITICAL,OrderProcessor,DATA CORRUPTION detected in sector 175,E602,DATA CORRUPTION detected in sector {sector}
42332,2026-01-13,06:32:41,INFO,WebServer,User u1929 login successful,E101,User {user} login successful
42333,2026-01-13,06:05:20,INFO,WebServer,Health check passed: WebServer,E102,Health check passed: {service}
42334,2026-01-13,06:38:58,INFO,PaymentGateway,Page view: /home by u3873,E103,Page view: {page} by {user}
42335,2026-01-13,06:31:15,INFO,WebServer,Health check passed: WebServer,E102,Health check passed: {service}
42336,2026-01-13,06:54:28,INFO,WebServer,Page view: /home by u2867,E103,Page view: {page} by {user}
42337,2026-01-13,06:24:31,INFO,WebServer,Page view: /home by u1306,E103,Page view: {page} by {user}
42338,2026-01-13,06:44:14,INFO,PaymentGateway,User u3139 login successful,E101,User {user} login successful
42339,2026-01-13,06:00:46,INFO,WebServer,Transaction tx873748 completed in 1627ms,E104,Transaction {tx} completed in {time}ms
42340,2026-01-13,06:26:08,INFO,WebServer,Transaction tx860643 completed in 521ms,E104,Transaction {tx} completed in {time}ms
42341,2026-01-13,06:11:00,INFO,WebServer,Health check passed: WebServer,E102,Health check passed: {service}
42342,2026-01-13,06:25:51,INFO,AuthService,Transaction tx599719 completed in 653ms,E104,Transaction {tx} completed in {time}ms
42343,2026-01-13,06:51:25,WARN,AuthService,Disk usage > 85% on node node-2,E202,Disk usage > 85% on node {node}
42344,2026-01-13,06:09:47,WARN,AuthService,High latency (544ms) detected on AuthService,E201,High latency ({time}ms) detected on {service}
42345,2026-01-13,06:07:18,INFO,AuthService,Transaction tx684224 completed in 679ms,E104,Transaction {tx} completed in {time}ms
42346,2026-01-13,06:46:00,INFO,WebServer,Health check passed: WebServer,E102,Health check passed: {service}
42347,2026-01-13,06:14:26,INFO,WebServer,Page view: /home by u3231,E103,Page view: {page} by {user}
42348,2026-01-13,06:40:47,INFO,WebServer,User u1210 login successful,E101,User {user} login successful
42349,2026-01-13,06:51:59,WARN,WebServer,Unauthorized access attempt from 10.0.0.88,E401,Unauthorized access attempt from {ip}
42350,2026-01-13,06:09:54,INFO,WebServer,User u1422 login successful,E101,User {user} login successful
42351,2026-01-13,06:40:52,WARN,OrderProcessor,High latency (1513ms) detected on OrderProcessor,E201,High latency ({time}ms) detected on {service}
42352,2026-01-13,06:23:16,INFO,WebServer,User u1829 login successful,E101,User {user} login successful
42353,2026-01-13,06:27:36,INFO,WebServer,Page view: /home by u4967,E103,Page view: {page} by {user}
42354,2026-01-13,06:55:10,INFO,WebServer,Page view: /home by u2942,E103,Page view: {page} by {user}
42355,2026-01-13,06:33:51,WARN,OrderProcessor,Unauthorized access attempt from 192.168.1.5,E401,Unauthorized access attempt from {ip}
42356,2026-01-13,06:49:23,INFO,OrderProcessor,User u3661 login successful,E101,User {user} login successful
42357,2026-01-13,06:56:35,WARN,WebServer,Unauthorized access attempt from 10.0.0.12,E401,Unauthorized access attempt from {ip}
42358,2026-01-13,06:46:31,INFO,OrderProcessor,Page view: /home by u2410,E103,Page view: {page} by {user}
42359,2026-01-13,06:42:10,INFO,WebServer,Page view: /home by u3548,E103,Page view: {page} by {user}
42360,2026-01-13,06:12:51,INFO,AuthService,Page view: /home by u3086,E103,Page view: {page} by {user}
42361,2026-01-13,06:39:06,INFO,WebServer,Health check passed: WebServer,E102,Health check passed: {service}
42362,2026-01-13,06:11:28,INFO,WebServer,Page view: /home by u3061,E103,Page view: {page} by {user}
42363,2026-01-13,06:10:11,INFO,WebServer,User u1831 login successful,E101,User {user} login successful
42364,2026-01-13,06:49:30,INFO,OrderProcessor,Transaction tx321730 completed in 1848ms,E104,Transaction {tx} completed in {time}ms
42365,2026-01-13,06:19:49,INFO,WebServer,Health check passed: WebServer,E102,Health check passed: {service}
42366,2026-01-13,06:23:13,INFO,WebServer,Transaction tx585052 completed in 975ms,E104,Transaction {tx} completed in {time}ms
42367,2026-01-13,06:16:47,INFO,InventoryDB,Transaction tx251154 completed in 679ms,E104,Transaction {tx} completed in {time}ms
42368,2026-01-13,06:35:51,INFO,OrderProcessor,Health check passed: OrderProcessor,E102,Health check passed: {service}
42369,2026-01-13,06:47:48,INFO,OrderProcessor,Transaction tx854033 completed in 1881ms,E104,Transaction {tx} completed in {time}ms
42370,2026-01-13,06:14:53,INFO,WebServer,User u1537 login successful,E101,User {user} login successful
42371,2026-01-13,06:45:36,INFO,WebServer,User u3461 login successful,E101,User {user} login successful
42372,2026-01-13,06:06:38,INFO,OrderProcessor,Transaction tx264557 completed in 213ms,E104,Transaction {tx} completed in {time}ms
42373,2026-01-13,06:40:24,INFO,PaymentGateway,User u2408 login successful,E101,User {user} login successful
42374,2026-01-13,06:50:31,INFO,WebServer,Page view: /home by u1994,E103,Page view: {page} by {user}
42375,2026-01-13,06:40:48,INFO,WebServer,User u3945 login successful,E101,User {user} login successful
42376,2026-01-13,06:39:19,INFO,AuthService,Page view: /home by u1184,E103,Page view: {page} by {user}
42377,2026-01-13,06:01:17,INFO,WebServer,User u2615 login successful,E101,User {user} login successful
42378,2026-01-13,06:32:11,WARN,WebServer,High latency (634ms) detected on WebServer,E201,High latency ({time}ms) detected on {service}
42379,2026-01-13,06:17:06,INFO,InventoryDB,User u4041 login successful,E101,User {user} login successful
42380,2026-01-13,06:13:24,INFO,WebServer,Transaction tx943013 completed in 1775ms,E104,Transaction {tx} completed in {time}ms
42381,2026-01-13,06:10:33,INFO,WebServer,Health check passed: WebServer,E102,Health check passed: {service}
42382,2026-01-13,06:27:33,INFO,WebServer,User u1468 login successful,E101,User {user} login successful
42383,2026-01-13,06:12:45,INFO,WebServer,Page view: /home by u1127,E103,Page view: {page} by {user}
42384,2026-01-13,06:41:06,INFO,WebServer,User u1687 login successful,E101,User {user} login successful
42385,2026-01-13,06:12:37,INFO,InventoryDB,Page view: /home by u1452,E103,Page view: {page} by {user}
42386,2026-01-13,06:05:35,INFO,WebServer,Page view: /home by u3243,E103,Page view: {page} by {user}
42387,2026-01-13,06:04:17,INFO,OrderProcessor,Transaction tx364799 completed in 1547ms,E104,Transaction {tx} completed in {time}ms
42388,2026-01-13,06:38:38,INFO,OrderProcessor,Health check passed: OrderProcessor,E102,Health check passed: {service}
42389,2026-01-13,06:43:09,INFO,InventoryDB,User u1173 login successful,E101,User {user} login successful
42390,2026-01-13,06:42:05,INFO,WebServer,Transaction tx351640 completed in 1552ms,E104,Transaction {tx} completed in {time}ms
42391,2026-01-13,06:36:30,INFO,WebServer,User u4525 login successful,E101,User {user} login successful
42392,2026-01-13,06:29:05,INFO,PaymentGateway,Page view: /home by u1246,E103,Page view: {page} by {user}
42393,2026-01-13,06:09:23,INFO,WebServer,Transaction tx389105 completed in 79ms,E104,Transaction {tx} completed in {time}ms
42394,2026-01-13,06:32:52,INFO,InventoryDB,Transaction tx989805 completed in 1445ms,E104,Transaction {tx} completed in {time}ms
42395,2026-01-13,06:24:48,INFO,WebServer,Transaction tx350297 completed in 655ms,E104,Transaction {tx} completed in {time}ms
42396,2026-01-13,06:58:45,INFO,WebServer,Health check passed: WebServer,E102,Health check passed: {service}
42397,2026-01-13,06:38:49,INFO,PaymentGateway,Transaction tx961977 completed in 929ms,E104,Transaction {tx} completed in {time}ms
42398,2026-01-13,06:30:05,INFO,InventoryDB,Transaction tx451462 completed in 867ms,E104,Transaction {tx} completed in {time}ms
42399,2026-01-13,06:45:48,INFO,AuthService,Transaction tx944313 completed in 1169ms,E104,Transaction {tx} completed in {time}ms
42400,2026-01-13,06:25:25,INFO,AuthService,Transaction tx138444 completed in 1553ms,E104,Transaction {tx} completed in {time}ms
42401,2026-01-13,06:06:30,INFO,WebServer,User u2758 login successful,E101,User {user} login successful
42402,2026-01-13,06:08:33,CRITICAL,WebServer,KERNEL PANIC: Node node-5 crashed,E601,KERNEL PANIC: Node {node} crashed
42403,2026-01-13,06:17:46,INFO,WebServer,Transaction tx500106 completed in 597ms,E104,Transaction {tx} completed in {time}ms
42404,2026-01-13,06:49:24,INFO,WebServer,Page view: /home by u1297,E103,Page view: {page} by {user}
42405,2026-01-13,06:49:59,INFO,WebServer,Page view: /home by u2142,E103,Page view: {page} by {user}
42406,2026-01-13,06:32:21,INFO,WebServer,Transaction tx791641 completed in 467ms,E104,Transaction {tx} completed in {time}ms
42407,2026-01-13,06:47:33,INFO,OrderProcessor,User u3501 login successful,E101,User {user} login successful
42408,2026-01-13,06:49:18,ERROR,OrderProcessor,Connection refused to OrderProcessor at 10.0.0.45,E501,Connection refused to {service} at {ip}
42409,2026-01-13,06:32:27,INFO,AuthService,User u2509 login successful,E101,User {user} login successful
42410,2026-01-13,06:25:28,WARN,AuthService,High latency (651ms) detected on AuthService,E201,High latency ({time}ms) detected on {service}
42411,2026-01-13,06:58:43,INFO,WebServer,User u4571 login successful,E101,User {user} login successful
42412,2026-01-13,06:01:27,INFO,WebServer,Transaction tx961986 completed in 1589ms,E104,Transaction {tx} completed in {time}ms
42413,2026-01-13,06:35:07,INFO,InventoryDB,User u1668 login successful,E101,User {user} login successful
42414,2026-01-13,06:13:07,INFO,WebServer,Page view: /home by u4602,E103,Page view: {page} by {user}
42415,2026-01-13,06:06:12,INFO,WebServer,Page view: /home by u3873,E103,Page view: {page} by {user}
42416,2026-01-13,06:20:59,INFO,AuthService,Health check passed: AuthService,E102,Health check passed: {service}
42417,2026-01-13,06:41:39,INFO,InventoryDB,Health check passed: InventoryDB,E102,Health check passed: {service}
42418,2026-01-13,06:08:18,INFO,WebServer,Health check passed: WebServer,E102,Health check passed: {service}
42419,2026-01-13,06:34:32,INFO,AuthService,User u3935 login successful,E101,User {user} login successful
42420,2026-01-13,06:16:50,INFO,AuthService,Health check passed: AuthService,E102,Health check passed: {service}
42421,2026-01-13,06:58:35,INFO,WebServer,Health check passed: WebServer,E102,Health check passed: {service}
42422,2026-01-13,06:02:04,WARN,AuthService,High latency (943ms) detected on AuthService,E201,High latency ({time}ms) detected on {service}
42423,2026-01-13,06:56:44,WARN,WebServer,High latency (1425ms) detected on WebServer,E201,High latency ({time}ms) detected on {service}
42424,2026-01-13,06:24:56,INFO,OrderProcessor,Transaction tx952241 completed in 1461ms,E104,Transaction {tx} completed in {time}ms
42425,2026-01-13,06:08:48,INFO,WebServer,User u4609 login successful,E101,User {user} login successful
42426,2026-01-13,06:37:13,INFO,WebServer,Page view: /home by u1805,E103,Page view: {page} by {user}
42427,2026-01-13,06:53:10,INFO,WebServer,User u4138 login successful,E101,User {user} login successful
42428,2026-01-13,06:52:50,INFO,WebServer,User u1378 login successful,E101,User {user} login successful
42429,2026-01-13,06:55:05,INFO,PaymentGateway,Health check passed: PaymentGateway,E102,Health check passed: {service}
42430,2026-01-13,06:53:01,INFO,AuthService,Health check passed: AuthService,E102,Health check passed: {service}
42431,2026-01-13,06:44:10,INFO,WebServer,User u2814 login successful,E101,User {user} login successful
42432,2026-01-13,06:01:09,INFO,PaymentGateway,User u4255 login successful,E101,User {user} login successful
42433,2026-01-13,06:55:37,INFO,InventoryDB,Health check passed: InventoryDB,E102,Health check passed: {service}
42434,2026-01-13,06:20:37,INFO,WebServer,Page view: /home by u3736,E103,Page view: {page} by {user}
42435,2026-01-13,06:23:54,INFO,WebServer,Transaction tx592662 completed in 1078ms,E104,Transaction {tx} completed in {time}ms
42436,2026-01-13,06:15:47,INFO,OrderProcessor,Page view: /home by u3122,E103,Page view: {page} by {user}
42437,2026-01-13,06:53:11,WARN,WebServer,High latency (100ms) detected on WebServer,E201,High latency ({time}ms) detected on {service}
42438,2026-01-13,06:16:54,INFO,AuthService,Page view: /home by u3220,E103,Page view: {page} by {user}
42439,2026-01-13,06:52:07,INFO,WebServer,Health check passed: WebServer,E102,Health check passed: {service}
42440,2026-01-13,06:30:53,INFO,WebServer,Page view: /home by u2178,E103,Page view: {page} by {user}
42441,2026-01-13,06:52:52,INFO,WebServer,User u2665 login successful,E101,User {user} login successful
42442,2026-01-13,06:37:48,INFO,AuthService,Health check passed: AuthService,E102,Health check passed: {service}
42443,2026-01-13,06:11:32,INFO,AuthService,User u2613 login successful,E101,User {user} login successful
42444,2026-01-13,06:53:05,INFO,WebServer,Health check passed: WebServer,E102,Health check passed: {service}
42445,2026-01-13,06:25:16,INFO,InventoryDB,Page view: /home by u4376,E103,Page view: {page} by {user}
42446,2026-01-13,06:01:33,INFO,AuthService,Transaction tx129138 completed in 83ms,E104,Transaction {tx} completed in {time}ms
42447,2026-01-13,06:17:41,INFO,AuthService,Page view: /home by u4102,E103,Page view: {page} by {user}
42448,2026-01-13,06:30:15,INFO,WebServer,Page view: /home by u1498,E103,Page view: {page} by {user}
42449,2026-01-13,06:28:13,INFO,WebServer,Page view: /home by u3109,E103,Page view: {page} by {user}
42450,2026-01-13,06:38:00,INFO,WebServer,User u1017 login successful,E101,User {user} login successful
42451,2026-01-13,06:41:30,INFO,WebServer,Health check passed: WebServer,E102,Health check passed: {service}
42452,2026-01-13,06:04:28,INFO,PaymentGateway,User u2002 login successful,E101,User {user} login successful
42453,2026-01-13,06:05:05,INFO,WebServer,User u3772 login successful,E101,User {user} login successful
42454,2026-01-13,06:17:42,INFO,OrderProcessor,Health check passed: OrderProcessor,E102,Health check passed: {service}
42455,2026-01-13,06:28:39,INFO,WebServer,Transaction tx273846 completed in 1680ms,E104,Transaction {tx} completed in {time}ms
42456,2026-01-13,06:23:03,INFO,WebServer,Page view: /home by u3196,E103,Page view: {page} by {user}
42457,2026-01-13,06:25:11,INFO,WebServer,Health check passed: WebServer,E102,Health check passed: {service}
42458,2026-01-13,06:52:16,INFO,WebServer,Transaction tx777214 completed in 670ms,E104,Transaction {tx} completed in {time}ms
42459,2026-01-13,06:37:53,INFO,OrderProcessor,Health check passed: OrderProcessor,E102,Health check passed: {service}
42460,2026-01-13,06:51:08,INFO,AuthService,Health check passed: AuthService,E102,Health check passed: {service}
42461,2026-01-13,06:04:03,INFO,WebServer,Transaction tx733268 completed in 217ms,E104,Transaction {tx} completed in {time}ms
42462,2026-01-13,06:08:59,INFO,PaymentGateway,Page view: /home by u3273,E103,Page view: {page} by {user}
42463,2026-01-13,06:47:14,INFO,WebServer,Health check passed: WebServer,E102,Health check passed: {service}
42464,2026-01-13,06:09:21,INFO,PaymentGateway,Transaction tx206346 completed in 1170ms,E104,Transaction {tx} completed in {time}ms
42465,2026-01-13,06:16:34,INFO,PaymentGateway,User u2201 login successful,E101,User {user} login successful
42466,2026-01-13,06:29:40,ERROR,WebServer,Payment declined: Gateway unavailable,E503,Payment declined: Gateway unavailable
42467,2026-01-13,06:26:21,ERROR,AuthService,Connection refused to AuthService at 10.0.0.45,E501,Connection refused to {service} at {ip}
42468,2026-01-13,06:32:20,INFO,WebServer,User u4595 login successful,E101,User {user} login successful
42469,2026-01-13,06:39:54,INFO,WebServer,Health check passed: WebServer,E102,Health check passed: {service}
42470,2026-01-13,06:45:20,INFO,WebServer,Page view: /home by u3846,E103,Page view: {page} by {user}
42471,2026-01-13,06:17:59,INFO,AuthService,User u1234 login successful,E101,User {user} login successful
42472,2026-01-13,06:53:16,INFO,WebServer,Health check passed: WebServer,E102,Health check passed: {service}
42473,2026-01-13,06:40:47,INFO,WebServer,Transaction tx681524 completed in 1595ms,E104,Transaction {tx} completed in {time}ms
42474,2026-01-13,06:30:08,INFO,InventoryDB,Page view: /home by u2885,E103,Page view: {page} by {user}
42475,2026-01-13,06:49:45,INFO,WebServer,Page view: /home by u2482,E103,Page view: {page} by {user}
42476,2026-01-13,06:36:35,INFO,OrderProcessor,User u4558 login successful,E101,User {user} login successful
42477,2026-01-13,06:07:52,INFO,OrderProcessor,User u2369 login successful,E101,User {user} login successful
42478,2026-01-13,06:18:32,INFO,AuthService,User u4158 login successful,E101,User {user} login successful
42479,2026-01-13,06:50:53,INFO,WebServer,Health check passed: WebServer,E102,Health check passed: {service}
42480,2026-01-13,06:37:47,INFO,OrderProcessor,Page view: /home by u3386,E103,Page view: {page} by {user}
42481,2026-01-13,06:01:00,INFO,WebServer,User u2348 login successful,E101,User {user} login successful
42482,2026-01-13,06:17:40,INFO,OrderProcessor,Page view: /home by u2185,E103,Page view: {page} by {user}
42483,2026-01-13,06:00:25,INFO,OrderProcessor,Transaction tx132080 completed in 749ms,E104,Transaction {tx} completed in {time}ms
42484,2026-01-13,06:58:28,INFO,WebServer,Page view: /home by u3978,E103,Page view: {page} by {user}
42485,2026-01-13,06:47:50,INFO,PaymentGateway,Transaction tx563451 completed in 923ms,E104,Transaction {tx} completed in {time}ms
42486,2026-01-13,06:33:47,INFO,OrderProcessor,Page view: /home by u1832,E103,Page view: {page} by {user}
42487,2026-01-13,06:16:59,INFO,AuthService,Page view: /home by u3719,E103,Page view: {page} by {user}
42488,2026-01-13,06:53:44,INFO,WebServer,User u1446 login successful,E101,User {user} login successful
42489,2026-01-13,06:40:04,INFO,AuthService,User u3080 login successful,E101,User {user} login successful
42490,2026-01-13,06:00:51,INFO,OrderProcessor,Transaction tx448224 completed in 769ms,E104,Transaction {tx} completed in {time}ms
42491,2026-01-13,06:27:02,INFO,OrderProcessor,Transaction tx551539 completed in 195ms,E104,Transaction {tx} completed in {time}ms
42492,2026-01-13,06:25:53,INFO,WebServer,Health check passed: WebServer,E102,Health check passed: {service}
42493,2026-01-13,06:52:33,INFO,PaymentGateway,Transaction tx341628 completed in 1722ms,E104,Transaction {tx} completed in {time}ms
42494,2026-01-13,06:26:10,INFO,WebServer,Health check passed: WebServer,E102,Health check passed: {service}
42495,2026-01-13,06:14:41,INFO,AuthService,Transaction tx697573 completed in 72ms,E104,Transaction {tx} completed in {time}ms
42496,2026-01-13,06:09:37,CRITICAL,OrderProcessor,DATA CORRUPTION detected in sector 387,E602,DATA CORRUPTION detected in sector {sector}
42497,2026-01-13,06:55:00,INFO,PaymentGateway,Transaction tx367295 completed in 408ms,E104,Transaction {tx} completed in {time}ms
42498,2026-01-13,06:38:50,INFO,WebServer,Page view: /home by u4178,E103,Page view: {page} by {user}
42499,2026-01-13,06:28:09,INFO,PaymentGateway,Transaction tx236768 completed in 962ms,E104,Transaction {tx} completed in {time}ms
42500,2026-01-13,06:27:01,WARN,WebServer,Disk usage > 85% on node node-5,E202,Disk usage > 85% on node {node}
42501,2026-01-13,06:22:40,INFO,OrderProcessor,Transaction tx706419 completed in 1109ms,E104,Transaction {tx} completed in {time}ms
42502,2026-01-13,06:08:02,INFO,AuthService,Page view: /home by u4178,E103,Page view: {page} by {user}
42503,2026-01-13,06:54:02,INFO,AuthService,User u1529 login successful,E101,User {user} login successful
42504,2026-01-13,06:30:01,INFO,OrderProcessor,User u2757 login successful,E101,User {user} login successful
42505,2026-01-13,06:04:54,INFO,WebServer,Page view: /home by u1215,E103,Page view: {page} by {user}
42506,2026-01-13,06:27:45,INFO,WebServer,Page view: /home by u1138,E103,Page view: {page} by {user}
42507,2026-01-13,06:39:03,INFO,WebServer,Page view: /home by u3690,E103,Page view: {page} by {user}
42508,2026-01-13,06:26:57,INFO,AuthService,Transaction tx454281 completed in 222ms,E104,Transaction {tx} completed in {time}ms
42509,2026-01-13,06:41:32,INFO,OrderProcessor,Transaction tx583208 completed in 1423ms,E104,Transaction {tx} completed in {time}ms
42510,2026-01-13,06:28:54,INFO,AuthService,Transaction tx425803 completed in 401ms,E104,Transaction {tx} completed in {time}ms
42511,2026-01-13,06:27:33,INFO,WebServer,Health check passed: WebServer,E102,Health check passed: {service}
42512,2026-01-13,06:33:50,INFO,WebServer,User u1619 login successful,E101,User {user} login successful
42513,2026-01-13,06:41:45,INFO,WebServer,User u4697 login successful,E101,User {user} login successful
42514,2026-01-13,06:46:42,INFO,PaymentGateway,User u3126 login successful,E101,User {user} login successful
42515,2026-01-13,06:53:00,INFO,WebServer,Health check passed: WebServer,E102,Health check passed: {service}
42516,2026-01-13,06:07:44,INFO,WebServer,Health check passed: WebServer,E102,Health check passed: {service}
42517,2026-01-13,06:03:30,INFO,OrderProcessor,Health check passed: OrderProcessor,E102,Health check passed: {service}
42518,2026-01-13,06:46:00,INFO,WebServer,Transaction tx434913 completed in 1562ms,E104,Transaction {tx} completed in {time}ms
42519,2026-01-13,06:18:01,INFO,AuthService,Health check passed: AuthService,E102,Health check passed: {service}
42520,2026-01-13,06:16:52,INFO,AuthService,Transaction tx914770 completed in 1917ms,E104,Transaction {tx} completed in {time}ms
42521,2026-01-13,06:05:14,INFO,WebServer,Health check passed: WebServer,E102,Health check passed: {service}
42522,2026-01-13,06:06:08,INFO,InventoryDB,Transaction tx485829 completed in 234ms,E104,Transaction {tx} completed in {time}ms
42523,2026-01-13,06:01:55,INFO,WebServer,Health check passed: WebServer,E102,Health check passed: {service}
42524,2026-01-13,06:12:20,INFO,InventoryDB,User u2510 login successful,E101,User {user} login successful
42525,2026-01-13,06:36:26,INFO,PaymentGateway,Transaction tx851459 completed in 1194ms,E104,Transaction {tx} completed in {time}ms
42526,2026-01-13,06:55:15,INFO,AuthService,Health check passed: AuthService,E102,Health check passed: {service}
42527,2026-01-13,06:00:52,INFO,WebServer,Page view: /home by u4924,E103,Page view: {page} by {user}
42528,2026-01-13,06:53:40,INFO,InventoryDB,Transaction tx362063 completed in 1822ms,E104,Transaction {tx} completed in {time}ms
42529,2026-01-13,06:04:35,INFO,WebServer,Health check passed: WebServer,E102,Health check passed: {service}
42530,2026-01-13,06:57:03,INFO,PaymentGateway,User u2441 login successful,E101,User {user} login successful
42531,2026-01-13,06:14:50,INFO,WebServer,Health check passed: WebServer,E102,Health check passed: {service}
42532,2026-01-13,06:10:24,INFO,PaymentGateway,User u4306 login successful,E101,User {user} login successful
42533,2026-01-13,06:42:07,WARN,WebServer,Unauthorized access attempt from 10.0.0.45,E401,Unauthorized access attempt from {ip}
42534,2026-01-13,06:46:43,INFO,WebServer,Transaction tx240852 completed in 1109ms,E104,Transaction {tx} completed in {time}ms
42535,2026-01-13,06:52:09,INFO,OrderProcessor,User u3262 login successful,E101,User {user} login successful
42536,2026-01-13,06:37:50,WARN,WebServer,High latency (1032ms) detected on WebServer,E201,High latency ({time}ms) detected on {service}
42537,2026-01-13,06:37:17,INFO,WebServer,Transaction tx602721 completed in 1869ms,E104,Transaction {tx} completed in {time}ms
42538,2026-01-13,06:55:49,INFO,AuthService,Health check passed: AuthService,E102,Health check passed: {service}
42539,2026-01-13,06:44:27,INFO,OrderProcessor,Health check passed: OrderProcessor,E102,Health check passed: {service}
42540,2026-01-13,06:47:16,INFO,WebServer,User u4382 login successful,E101,User {user} login successful
42541,2026-01-13,06:09:59,INFO,WebServer,Transaction tx551529 completed in 1817ms,E104,Transaction {tx} completed in {time}ms
42542,2026-01-13,06:27:07,INFO,AuthService,Health check passed: AuthService,E102,Health check passed: {service}
42543,2026-01-13,06:16:10,INFO,OrderProcessor,Page view: /home by u2914,E103,Page view: {page} by {user}
42544,2026-01-13,06:20:39,INFO,AuthService,Page view: /home by u1786,E103,Page view: {page} by {user}
42545,2026-01-13,06:47:58,INFO,OrderProcessor,Health check passed: OrderProcessor,E102,Health check passed: {service}
42546,2026-01-13,06:40:27,INFO,WebServer,Health check passed: WebServer,E102,Health check passed: {service}
42547,2026-01-13,06:10:31,INFO,WebServer,Transaction tx141430 completed in 374ms,E104,Transaction {tx} completed in {time}ms
42548,2026-01-13,06:18:45,INFO,WebServer,Health check passed: WebServer,E102,Health check passed: {service}
42549,2026-01-13,06:55:16,WARN,AuthService,High latency (257ms) detected on AuthService,E201,High latency ({time}ms) detected on {service}
42550,2026-01-13,06:46:28,INFO,WebServer,Page view: /home by u1728,E103,Page view: {page} by {user}
42551,2026-01-13,06:38:55,INFO,WebServer,Transaction tx890320 completed in 1753ms,E104,Transaction {tx} completed in {time}ms
42552,2026-01-13,06:11:10,INFO,InventoryDB,Transaction tx351021 completed in 1955ms,E104,Transaction {tx} completed in {time}ms
42553,2026-01-13,06:42:08,INFO,OrderProcessor,Health check passed: OrderProcessor,E102,Health check passed: {service}
42554,2026-01-13,06:50:14,INFO,WebServer,Health check passed: WebServer,E102,Health check passed: {service}
42555,2026-01-13,06:10:23,INFO,WebServer,Page view: /home by u2034,E103,Page view: {page} by {user}
42556,2026-01-13,06:26:45,WARN,OrderProcessor,Unauthorized access attempt from 10.0.0.45,E401,Unauthorized access attempt from {ip}
42557,2026-01-13,06:58:12,WARN,WebServer,Unauthorized access attempt from 10.0.0.12,E401,Unauthorized access attempt from {ip}
42558,2026-01-13,06:01:29,INFO,WebServer,User u2640 login successful,E101,User {user} login successful
42559,2026-01-13,06:45:54,INFO,WebServer,User u2518 login successful,E101,User {user} login successful
42560,2026-01-13,06:50:56,INFO,WebServer,Page view: /home by u2247,E103,Page view: {page} by {user}
42561,2026-01-13,06:17:33,INFO,WebServer,Page view: /home by u3349,E103,Page view: {page} by {user}
42562,2026-01-13,06:21:43,INFO,AuthService,User u4882 login successful,E101,User {user} login successful
42563,2026-01-13,06:06:18,INFO,WebServer,Page view: /home by u2188,E103,Page view: {page} by {user}
42564,2026-01-13,06:05:29,INFO,AuthService,Page view: /home by u3753,E103,Page view: {page} by {user}
42565,2026-01-13,06:59:53,INFO,InventoryDB,Health check passed: InventoryDB,E102,Health check passed: {service}
42566,2026-01-13,06:48:37,INFO,WebServer,User u3086 login successful,E101,User {user} login successful
42567,2026-01-13,06:53:12,INFO,AuthService,Transaction tx568807 completed in 81ms,E104,Transaction {tx} completed in {time}ms
42568,2026-01-13,06:37:47,INFO,AuthService,User u4180 login successful,E101,User {user} login successful
42569,2026-01-13,06:40:26,WARN,WebServer,Unauthorized access attempt from 10.0.0.88,E401,Unauthorized access attempt from {ip}
42570,2026-01-13,06:03:45,INFO,PaymentGateway,Health check passed: PaymentGateway,E102,Health check passed: {service}
42571,2026-01-13,06:45:25,INFO,PaymentGateway,Page view: /home by u3249,E103,Page view: {page} by {user}
42572,2026-01-13,06:55:43,INFO,AuthService,Health check passed: AuthService,E102,Health check passed: {service}
42573,2026-01-13,06:42:47,INFO,WebServer,Health check passed: WebServer,E102,Health check passed: {service}
42574,2026-01-13,06:28:51,INFO,WebServer,Transaction tx731159 completed in 1317ms,E104,Transaction {tx} completed in {time}ms
42575,2026-01-13,06:05:46,INFO,WebServer,Page view: /home by u4128,E103,Page view: {page} by {user}
42576,2026-01-13,06:39:10,INFO,OrderProcessor,Health check passed: OrderProcessor,E102,Health check passed: {service}
42577,2026-01-13,06:42:52,INFO,OrderProcessor,Health check passed: OrderProcessor,E102,Health check passed: {service}
42578,2026-01-13,06:46:00,WARN,WebServer,Unauthorized access attempt from 10.0.0.45,E401,Unauthorized access attempt from {ip}
42579,2026-01-13,06:16:05,CRITICAL,WebServer,DATA CORRUPTION detected in sector 370,E602,DATA CORRUPTION detected in sector {sector}
42580,2026-01-13,06:54:42,WARN,WebServer,Disk usage > 85% on node node-3,E202,Disk usage > 85% on node {node}
42581,2026-01-13,06:46:33,WARN,AuthService,High latency (1854ms) detected on AuthService,E201,High latency ({time}ms) detected on {service}
42582,2026-01-13,06:42:17,INFO,WebServer,User u1278 login successful,E101,User {user} login successful
42583,2026-01-13,06:30:57,INFO,WebServer,Health check passed: WebServer,E102,Health check passed: {service}
42584,2026-01-13,06:45:27,WARN,WebServer,High latency (1523ms) detected on WebServer,E201,High latency ({time}ms) detected on {service}
42585,2026-01-13,06:21:34,INFO,WebServer,Page view: /home by u4253,E103,Page view: {page} by {user}
42586,2026-01-13,06:52:02,INFO,WebServer,Page view: /home by u3366,E103,Page view: {page} by {user}
42587,2026-01-13,06:46:13,INFO,WebServer,Page view: /home by u4353,E103,Page view: {page} by {user}
42588,2026-01-13,06:13:41,INFO,WebServer,Page view: /home by u3140,E103,Page view: {page} by {user}
42589,2026-01-13,06:13:15,INFO,InventoryDB,User u2319 login successful,E101,User {user} login successful
42590,2026-01-13,06:29:15,INFO,WebServer,User u1292 login successful,E101,User {user} login successful
42591,2026-01-13,07:37:33,INFO,WebServer,Health check passed: WebServer,E102,Health check passed: {service}
42592,2026-01-13,07:43:07,INFO,WebServer,Transaction tx650600 completed in 784ms,E104,Transaction {tx} completed in {time}ms
42593,2026-01-13,07:06:47,WARN,InventoryDB,Unauthorized access attempt from 10.0.0.99,E401,Unauthorized access attempt from {ip}
42594,2026-01-13,07:07:01,ERROR,OrderProcessor,Payment declined: Gateway unavailable,E503,Payment declined: Gateway unavailable
42595,2026-01-13,07:43:17,INFO,WebServer,User u3812 login successful,E101,User {user} login successful
42596,2026-01-13,07:47:30,INFO,InventoryDB,Health check passed: InventoryDB,E102,Health check passed: {service}
42597,2026-01-13,07:28:07,INFO,AuthService,Page view: /home by u3369,E103,Page view: {page} by {user}
42598,2026-01-13,07:54:59,INFO,WebServer,Health check passed: WebServer,E102,Health check passed: {service}
42599,2026-01-13,07:34:47,INFO,WebServer,Health check passed: WebServer,E102,Health check passed: {service}
42600,2026-01-13,07:45:57,WARN,WebServer,Disk usage > 85% on node node-5,E202,Disk usage > 85% on node {node}
42601,2026-01-13,07:35:52,INFO,WebServer,Health check passed: WebServer,E102,Health check passed: {service}
42602,2026-01-13,07:48:56,INFO,AuthService,User u4123 login successful,E101,User {user} login successful
42603,2026-01-13,07:11:07,INFO,WebServer,Health check passed: WebServer,E102,Health check passed: {service}
42604,2026-01-13,07:08:57,INFO,AuthService,Page view: /home by u2476,E103,Page view: {page} by {user}
42605,2026-01-13,07:37:06,INFO,WebServer,Page view: /home by u2070,E103,Page view: {page} by {user}
42606,2026-01-13,07:01:59,INFO,WebServer,Transaction tx314197 completed in 998ms,E104,Transaction {tx} completed in {time}ms
42607,2026-01-13,07:31:23,INFO,WebServer,Transaction tx305795 completed in 1352ms,E104,Transaction {tx} completed in {time}ms
42608,2026-01-13,07:49:36,INFO,WebServer,Health check passed: WebServer,E102,Health check passed: {service}
42609,2026-01-13,07:22:33,INFO,WebServer,User u4386 login successful,E101,User {user} login successful
42610,2026-01-13,07:22:22,INFO,WebServer,Page view: /home by u2566,E103,Page view: {page} by {user}
42611,2026-01-13,07:55:57,INFO,WebServer,Page view: /home by u1572,E103,Page view: {page} by {user}
42612,2026-01-13,07:43:01,INFO,WebServer,User u2362 login successful,E101,User {user} login successful
42613,2026-01-13,07:57:52,INFO,InventoryDB,Page view: /home by u2311,E103,Page view: {page} by {user}
42614,2026-01-13,07:22:12,INFO,AuthService,Transaction tx904865 completed in 1249ms,E104,Transaction {tx} completed in {time}ms
42615,2026-01-13,07:48:01,INFO,AuthService,Page view: /home by u2918,E103,Page view: {page} by {user}
42616,2026-01-13,07:54:17,INFO,WebServer,User u3801 login successful,E101,User {user} login successful
42617,2026-01-13,07:10:38,INFO,PaymentGateway,Transaction tx413233 completed in 955ms,E104,Transaction {tx} completed in {time}ms
42618,2026-01-13,07:15:13,INFO,OrderProcessor,User u3744 login successful,E101,User {user} login successful
42619,2026-01-13,07:52:07,INFO,PaymentGateway,Page view: /home by u1463,E103,Page view: {page} by {user}
42620,2026-01-13,07:29:36,INFO,WebServer,Page view: /home by u2571,E103,Page view: {page} by {user}
42621,2026-01-13,07:39:44,INFO,AuthService,Page view: /home by u4112,E103,Page view: {page} by {user}
42622,2026-01-13,07:28:16,INFO,InventoryDB,Health check passed: InventoryDB,E102,Health check passed: {service}
42623,2026-01-13,07:53:15,INFO,AuthService,Transaction tx785155 completed in 1887ms,E104,Transaction {tx} completed in {time}ms
42624,2026-01-13,07:33:13,INFO,WebServer,User u1527 login successful,E101,User {user} login successful
42625,2026-01-13,07:37:14,INFO,WebServer,Health check passed: WebServer,E102,Health check passed: {service}
42626,2026-01-13,07:46:27,INFO,WebServer,Health check passed: WebServer,E102,Health check passed: {service}
42627,2026-01-13,07:52:32,INFO,WebServer,Transaction tx323313 completed in 272ms,E104,Transaction {tx} completed in {time}ms
42628,2026-01-13,07:06:20,INFO,PaymentGateway,Health check passed: PaymentGateway,E102,Health check passed: {service}
42629,2026-01-13,07:54:25,INFO,WebServer,Transaction tx859753 completed in 1770ms,E104,Transaction {tx} completed in {time}ms
42630,2026-01-13,07:43:07,INFO,OrderProcessor,Health check passed: OrderProcessor,E102,Health check passed: {service}
42631,2026-01-13,07:38:55,INFO,WebServer,Health check passed: WebServer,E102,Health check passed: {service}
42632,2026-01-13,07:37:12,INFO,WebServer,Health check passed: WebServer,E102,Health check passed: {service}
42633,2026-01-13,07:09:31,INFO,AuthService,User u4433 login successful,E101,User {user} login successful
42634,2026-01-13,07:05:36,INFO,WebServer,Health check passed: WebServer,E102,Health check passed: {service}
42635,2026-01-13,07:59:57,INFO,WebServer,Health check passed: WebServer,E102,Health check passed: {service}
42636,2026-01-13,07:50:17,INFO,PaymentGateway,User u4941 login successful,E101,User {user} login successful
42637,2026-01-13,07:21:36,INFO,InventoryDB,Health check passed: InventoryDB,E102,Health check passed: {service}
42638,2026-01-13,07:11:39,INFO,WebServer,Health check passed: WebServer,E102,Health check passed: {service}
42639,2026-01-13,07:10:38,INFO,PaymentGateway,Health check passed: PaymentGateway,E102,Health check passed: {service}
42640,2026-01-13,07:33:42,INFO,WebServer,Health check passed: WebServer,E102,Health check passed: {service}
42641,2026-01-13,07:58:28,INFO,InventoryDB,Page view: /home by u1922,E103,Page view: {page} by {user}
42642,2026-01-13,07:25:17,INFO,WebServer,Health check passed: WebServer,E102,Health check passed: {service}
42643,2026-01-13,07:16:41,INFO,PaymentGateway,User u3900 login successful,E101,User {user} login successful
42644,2026-01-13,07:10:59,INFO,WebServer,Transaction tx591594 completed in 1226ms,E104,Transaction {tx} completed in {time}ms
42645,2026-01-13,07:57:24,INFO,OrderProcessor,User u2210 login successful,E101,User {user} login successful
42646,2026-01-13,07:07:46,INFO,WebServer,User u2854 login successful,E101,User {user} login successful
42647,2026-01-13,07:07:01,INFO,AuthService,User u3833 login successful,E101,User {user} login successful
42648,2026-01-13,07:07:10,INFO,WebServer,User u3178 login successful,E101,User {user} login successful
42649,2026-01-13,07:34:35,INFO,OrderProcessor,Transaction tx595514 completed in 1736ms,E104,Transaction {tx} completed in {time}ms
42650,2026-01-13,07:23:18,INFO,WebServer,User u4602 login successful,E101,User {user} login successful
42651,2026-01-13,07:01:58,INFO,AuthService,User u2568 login successful,E101,User {user} login successful
42652,2026-01-13,07:39:28,INFO,OrderProcessor,User u2946 login successful,E101,User {user} login successful
42653,2026-01-13,07:36:02,ERROR,WebServer,Connection refused to WebServer at 10.0.0.88,E501,Connection refused to {service} at {ip}
42654,2026-01-13,07:59:29,WARN,AuthService,High latency (212ms) detected on AuthService,E201,High latency ({time}ms) detected on {service}
42655,2026-01-13,07:57:52,INFO,WebServer,Transaction tx174541 completed in 1914ms,E104,Transaction {tx} completed in {time}ms
42656,2026-01-13,07:01:18,INFO,WebServer,Page view: /home by u2292,E103,Page view: {page} by {user}
42657,2026-01-13,07:33:06,INFO,InventoryDB,Transaction tx431378 completed in 730ms,E104,Transaction {tx} completed in {time}ms
42658,2026-01-13,07:49:47,INFO,WebServer,Health check passed: WebServer,E102,Health check passed: {service}
42659,2026-01-13,07:41:18,INFO,AuthService,Health check passed: AuthService,E102,Health check passed: {service}
42660,2026-01-13,07:38:26,INFO,WebServer,Health check passed: WebServer,E102,Health check passed: {service}
42661,2026-01-13,07:44:52,INFO,AuthService,Transaction tx568698 completed in 187ms,E104,Transaction {tx} completed in {time}ms
42662,2026-01-13,07:24:12,INFO,AuthService,Transaction tx773670 completed in 536ms,E104,Transaction {tx} completed in {time}ms
42663,2026-01-13,07:03:22,INFO,AuthService,User u1891 login successful,E101,User {user} login successful
42664,2026-01-13,07:10:49,INFO,WebServer,Transaction tx402069 completed in 1236ms,E104,Transaction {tx} completed in {time}ms
42665,2026-01-13,07:21:01,INFO,WebServer,Health check passed: WebServer,E102,Health check passed: {service}
42666,2026-01-13,07:50:39,INFO,WebServer,Transaction tx325359 completed in 1359ms,E104,Transaction {tx} completed in {time}ms
42667,2026-01-13,07:28:55,INFO,WebServer,Transaction tx209083 completed in 1322ms,E104,Transaction {tx} completed in {time}ms
42668,2026-01-13,07:59:22,INFO,WebServer,User u2169 login successful,E101,User {user} login successful
42669,2026-01-13,07:34:35,INFO,PaymentGateway,Transaction tx746202 completed in 1723ms,E104,Transaction {tx} completed in {time}ms
42670,2026-01-13,07:49:20,INFO,OrderProcessor,User u3399 login successful,E101,User {user} login successful
42671,2026-01-13,07:01:11,INFO,WebServer,Transaction tx807047 completed in 1080ms,E104,Transaction {tx} completed in {time}ms
42672,2026-01-13,07:29:43,INFO,OrderProcessor,Health check passed: OrderProcessor,E102,Health check passed: {service}
42673,2026-01-13,07:26:13,INFO,OrderProcessor,Transaction tx653595 completed in 719ms,E104,Transaction {tx} completed in {time}ms
42674,2026-01-13,07:14:50,INFO,AuthService,Page view: /home by u1829,E103,Page view: {page} by {user}
42675,2026-01-13,07:35:23,INFO,AuthService,User u1503 login successful,E101,User {user} login successful
42676,2026-01-13,07:27:36,INFO,AuthService,Page view: /home by u2513,E103,Page view: {page} by {user}
42677,2026-01-13,07:54:08,INFO,PaymentGateway,Page view: /home by u3068,E103,Page view: {page} by {user}
42678,2026-01-13,07:22:52,WARN,OrderProcessor,Unauthorized access attempt from 10.0.0.45,E401,Unauthorized access attempt from {ip}
42679,2026-01-13,07:22:33,INFO,WebServer,Health check passed: WebServer,E102,Health check passed: {service}
42680,2026-01-13,07:00:57,INFO,OrderProcessor,Health check passed: OrderProcessor,E102,Health check passed: {service}
42681,2026-01-13,07:06:45,INFO,InventoryDB,Transaction tx764796 completed in 1866ms,E104,Transaction {tx} completed in {time}ms
42682,2026-01-13,07:38:19,INFO,PaymentGateway,Transaction tx411690 completed in 38ms,E104,Transaction {tx} completed in {time}ms
42683,2026-01-13,07:26:30,INFO,WebServer,User u1171 login successful,E101,User {user} login successful
42684,2026-01-13,07:30:56,INFO,WebServer,User u2020 login successful,E101,User {user} login successful
42685,2026-01-13,07:42:15,INFO,WebServer,Health check passed: WebServer,E102,Health check passed: {service}
42686,2026-01-13,07:13:17,INFO,WebServer,Page view: /home by u2443,E103,Page view: {page} by {user}
42687,2026-01-13,07:58:54,INFO,WebServer,Page view: /home by u4560,E103,Page view: {page} by {user}
42688,2026-01-13,07:48:49,INFO,PaymentGateway,User u4736 login successful,E101,User {user} login successful
42689,2026-01-13,07:31:41,INFO,WebServer,User u3359 login successful,E101,User {user} login successful
42690,2026-01-13,07:53:03,INFO,WebServer,Page view: /home by u3244,E103,Page view: {page} by {user}
42691,2026-01-13,07:27:47,INFO,WebServer,User u4284 login successful,E101,User {user} login successful
42692,2026-01-13,07:35:55,INFO,AuthService,User u2234 login successful,E101,User {user} login successful
42693,2026-01-13,07:11:07,INFO,InventoryDB,Transaction tx442985 completed in 1312ms,E104,Transaction {tx} completed in {time}ms
42694,2026-01-13,07:43:32,INFO,WebServer,Page view: /home by u4898,E103,Page view: {page} by {user}
42695,2026-01-13,07:27:57,INFO,PaymentGateway,User u4936 login successful,E101,User {user} login successful
42696,2026-01-13,07:26:09,INFO,OrderProcessor,Transaction tx614221 completed in 610ms,E104,Transaction {tx} completed in {time}ms
42697,2026-01-13,07:18:43,INFO,PaymentGateway,Transaction tx135717 completed in 1177ms,E104,Transaction {tx} completed in {time}ms
42698,2026-01-13,07:28:09,INFO,OrderProcessor,Health check passed: OrderProcessor,E102,Health check passed: {service}
42699,2026-01-13,07:53:50,INFO,WebServer,Health check passed: WebServer,E102,Health check passed: {service}
42700,2026-01-13,07:33:32,INFO,WebServer,Health check passed: WebServer,E102,Health check passed: {service}
42701,2026-01-13,07:00:38,INFO,WebServer,User u4977 login successful,E101,User {user} login successful
42702,2026-01-13,07:34:58,INFO,WebServer,Transaction tx936252 completed in 1598ms,E104,Transaction {tx} completed in {time}ms
42703,2026-01-13,07:34:49,INFO,WebServer,Page view: /home by u3603,E103,Page view: {page} by {user}
42704,2026-01-13,07:35:40,INFO,PaymentGateway,Page view: /home by u2671,E103,Page view: {page} by {user}
42705,2026-01-13,07:27:38,INFO,WebServer,User u2210 login successful,E101,User {user} login successful
42706,2026-01-13,07:05:38,INFO,WebServer,Page view: /home by u4614,E103,Page view: {page} by {user}
42707,2026-01-13,07:18:33,INFO,PaymentGateway,Page view: /home by u1812,E103,Page view: {page} by {user}
42708,2026-01-13,07:12:58,INFO,AuthService,Page view: /home by u1343,E103,Page view: {page} by {user}
42709,2026-01-13,07:57:13,INFO,PaymentGateway,Transaction tx280262 completed in 328ms,E104,Transaction {tx} completed in {time}ms
42710,2026-01-13,07:26:31,INFO,AuthService,Health check passed: AuthService,E102,Health check passed: {service}
42711,2026-01-13,07:10:19,INFO,WebServer,Transaction tx679836 completed in 762ms,E104,Transaction {tx} completed in {time}ms
42712,2026-01-13,07:37:53,INFO,WebServer,Health check passed: WebServer,E102,Health check passed: {service}
42713,2026-01-13,07:27:52,INFO,AuthService,Health check passed: AuthService,E102,Health check passed: {service}
42714,2026-01-13,07:59:09,INFO,OrderProcessor,Page view: /home by u3852,E103,Page view: {page} by {user}
42715,2026-01-13,07:53:54,INFO,WebServer,Health check passed: WebServer,E102,Health check passed: {service}
42716,2026-01-13,07:50:40,INFO,OrderProcessor,User u2465 login successful,E101,User {user} login successful
42717,2026-01-13,07:05:01,INFO,WebServer,Transaction tx209185 completed in 486ms,E104,Transaction {tx} completed in {time}ms
42718,2026-01-13,07:41:22,INFO,OrderProcessor,Transaction tx156159 completed in 135ms,E104,Transaction {tx} completed in {time}ms
42719,2026-01-13,07:14:09,INFO,AuthService,Health check passed: AuthService,E102,Health check passed: {service}
42720,2026-01-13,07:38:58,INFO,WebServer,Page view: /home by u4658,E103,Page view: {page} by {user}
42721,2026-01-13,07:53:22,INFO,WebServer,User u4539 login successful,E101,User {user} login successful
42722,2026-01-13,07:19:41,INFO,WebServer,User u4645 login successful,E101,User {user} login successful
42723,2026-01-13,07:36:26,INFO,OrderProcessor,Health check passed: OrderProcessor,E102,Health check passed: {service}
42724,2026-01-13,07:16:28,INFO,AuthService,Page view: /home by u1877,E103,Page view: {page} by {user}
42725,2026-01-13,07:28:43,INFO,WebServer,Health check passed: WebServer,E102,Health check passed: {service}
42726,2026-01-13,07:15:39,INFO,WebServer,User u3248 login successful,E101,User {user} login successful
42727,2026-01-13,07:02:42,INFO,WebServer,Health check passed: WebServer,E102,Health check passed: {service}
42728,2026-01-13,07:42:39,INFO,AuthService,Health check passed: AuthService,E102,Health check passed: {service}
42729,2026-01-13,07:49:11,INFO,OrderProcessor,Page view: /home by u2661,E103,Page view: {page} by {user}
42730,2026-01-13,07:28:04,INFO,WebServer,Transaction tx273662 completed in 448ms,E104,Transaction {tx} completed in {time}ms
42731,2026-01-13,07:30:23,INFO,WebServer,Page view: /home by u1338,E103,Page view: {page} by {user}
42732,2026-01-13,07:00:08,INFO,AuthService,Page view: /home by u4702,E103,Page view: {page} by {user}
42733,2026-01-13,07:06:02,INFO,AuthService,User u3374 login successful,E101,User {user} login successful
42734,2026-01-13,07:47:06,INFO,AuthService,Health check passed: AuthService,E102,Health check passed: {service}
42735,2026-01-13,07:56:02,INFO,WebServer,Health check passed: WebServer,E102,Health check passed: {service}
42736,2026-01-13,07:25:22,INFO,WebServer,Health check passed: WebServer,E102,Health check passed: {service}
42737,2026-01-13,07:51:58,INFO,WebServer,Transaction tx920833 completed in 273ms,E104,Transaction {tx} completed in {time}ms
42738,2026-01-13,07:16:12,INFO,AuthService,Transaction tx990391 completed in 1992ms,E104,Transaction {tx} completed in {time}ms
42739,2026-01-13,07:07:04,INFO,AuthService,Page view: /home by u4257,E103,Page view: {page} by {user}
42740,2026-01-13,07:44:14,INFO,WebServer,Page view: /home by u4980,E103,Page view: {page} by {user}
42741,2026-01-13,07:28:43,WARN,OrderProcessor,Disk usage > 85% on node node-5,E202,Disk usage > 85% on node {node}
42742,2026-01-13,07:29:21,INFO,AuthService,Health check passed: AuthService,E102,Health check passed: {service}
42743,2026-01-13,07:00:27,INFO,WebServer,Transaction tx402229 completed in 590ms,E104,Transaction {tx} completed in {time}ms
42744,2026-01-13,07:32:46,INFO,WebServer,Health check passed: WebServer,E102,Health check passed: {service}
42745,2026-01-13,07:55:09,INFO,InventoryDB,Health check passed: InventoryDB,E102,Health check passed: {service}
42746,2026-01-13,07:48:17,INFO,WebServer,Health check passed: WebServer,E102,Health check passed: {service}
42747,2026-01-13,07:40:40,INFO,OrderProcessor,Transaction tx519837 completed in 1953ms,E104,Transaction {tx} completed in {time}ms
42748,2026-01-13,07:08:30,INFO,OrderProcessor,Transaction tx496578 completed in 984ms,E104,Transaction {tx} completed in {time}ms
42749,2026-01-13,07:28:40,INFO,WebServer,Transaction tx286285 completed in 331ms,E104,Transaction {tx} completed in {time}ms
42750,2026-01-13,07:15:07,INFO,WebServer,Transaction tx689074 completed in 223ms,E104,Transaction {tx} completed in {time}ms
42751,2026-01-13,07:01:34,INFO,WebServer,Transaction tx314815 completed in 1576ms,E104,Transaction {tx} completed in {time}ms
42752,2026-01-13,07:21:50,INFO,AuthService,User u2349 login successful,E101,User {user} login successful
42753,2026-01-13,07:30:31,INFO,WebServer,Page view: /home by u3947,E103,Page view: {page} by {user}
42754,2026-01-13,07:15:11,INFO,AuthService,Health check passed: AuthService,E102,Health check passed: {service}
42755,2026-01-13,07:09:53,INFO,OrderProcessor,Transaction tx161574 completed in 868ms,E104,Transaction {tx} completed in {time}ms
42756,2026-01-13,07:36:49,INFO,WebServer,User u1461 login successful,E101,User {user} login successful
42757,2026-01-13,07:47:07,INFO,WebServer,Health check passed: WebServer,E102,Health check passed: {service}
42758,2026-01-13,07:17:56,WARN,WebServer,High latency (1326ms) detected on WebServer,E201,High latency ({time}ms) detected on {service}
42759,2026-01-13,07:50:18,INFO,PaymentGateway,Transaction tx564071 completed in 792ms,E104,Transaction {tx} completed in {time}ms
42760,2026-01-13,07:47:15,INFO,AuthService,User u4052 login successful,E101,User {user} login successful
42761,2026-01-13,07:24:06,INFO,WebServer,Transaction tx658537 completed in 1989ms,E104,Transaction {tx} completed in {time}ms
42762,2026-01-13,07:37:24,INFO,WebServer,Transaction tx146370 completed in 714ms,E104,Transaction {tx} completed in {time}ms
42763,2026-01-13,07:40:50,INFO,OrderProcessor,Transaction tx212304 completed in 80ms,E104,Transaction {tx} completed in {time}ms
42764,2026-01-13,07:56:42,INFO,AuthService,User u3293 login successful,E101,User {user} login successful
42765,2026-01-13,07:40:26,INFO,OrderProcessor,Page view: /home by u2694,E103,Page view: {page} by {user}
42766,2026-01-13,07:17:27,INFO,WebServer,User u2275 login successful,E101,User {user} login successful
42767,2026-01-13,07:16:23,INFO,WebServer,Transaction tx389831 completed in 1648ms,E104,Transaction {tx} completed in {time}ms
42768,2026-01-13,07:35:06,INFO,WebServer,Health check passed: WebServer,E102,Health check passed: {service}
42769,2026-01-13,07:00:57,INFO,WebServer,User u4845 login successful,E101,User {user} login successful
42770,2026-01-13,07:45:10,INFO,AuthService,Page view: /home by u3383,E103,Page view: {page} by {user}
42771,2026-01-13,07:19:55,INFO,WebServer,Page view: /home by u4723,E103,Page view: {page} by {user}
42772,2026-01-13,07:09:48,INFO,WebServer,Health check passed: WebServer,E102,Health check passed: {service}
42773,2026-01-13,07:36:36,INFO,OrderProcessor,Transaction tx223088 completed in 169ms,E104,Transaction {tx} completed in {time}ms
42774,2026-01-13,07:32:35,INFO,PaymentGateway,Page view: /home by u4304,E103,Page view: {page} by {user}
42775,2026-01-13,07:11:08,INFO,OrderProcessor,Page view: /home by u3071,E103,Page view: {page} by {user}
42776,2026-01-13,07:50:49,INFO,WebServer,Health check passed: WebServer,E102,Health check passed: {service}
42777,2026-01-13,07:10:47,INFO,WebServer,Transaction tx961334 completed in 217ms,E104,Transaction {tx} completed in {time}ms
42778,2026-01-13,07:52:25,INFO,AuthService,Health check passed: AuthService,E102,Health check passed: {service}
42779,2026-01-13,07:55:34,WARN,WebServer,Unauthorized access attempt from 10.0.0.88,E401,Unauthorized access attempt from {ip}
42780,2026-01-13,07:07:50,INFO,InventoryDB,Health check passed: InventoryDB,E102,Health check passed: {service}
42781,2026-01-13,07:36:56,INFO,WebServer,Page view: /home by u2416,E103,Page view: {page} by {user}
42782,2026-01-13,07:14:31,INFO,WebServer,Transaction tx780492 completed in 830ms,E104,Transaction {tx} completed in {time}ms
42783,2026-01-13,07:50:36,INFO,WebServer,User u3833 login successful,E101,User {user} login successful
42784,2026-01-13,07:03:26,INFO,AuthService,Health check passed: AuthService,E102,Health check passed: {service}
42785,2026-01-13,07:26:23,INFO,OrderProcessor,Page view: /home by u3466,E103,Page view: {page} by {user}
42786,2026-01-13,07:30:43,INFO,AuthService,User u4792 login successful,E101,User {user} login successful
42787,2026-01-13,07:12:02,ERROR,AuthService,Connection refused to AuthService at 10.0.0.45,E501,Connection refused to {service} at {ip}
42788,2026-01-13,07:03:26,INFO,OrderProcessor,Transaction tx782841 completed in 898ms,E104,Transaction {tx} completed in {time}ms
42789,2026-01-13,07:43:37,INFO,InventoryDB,Transaction tx961177 completed in 1506ms,E104,Transaction {tx} completed in {time}ms
42790,2026-01-13,07:47:24,INFO,WebServer,Health check passed: WebServer,E102,Health check passed: {service}
42791,2026-01-13,07:49:09,INFO,WebServer,Page view: /home by u4930,E103,Page view: {page} by {user}
42792,2026-01-13,07:04:52,INFO,AuthService,Page view: /home by u1405,E103,Page view: {page} by {user}
42793,2026-01-13,07:51:58,INFO,AuthService,Page view: /home by u3798,E103,Page view: {page} by {user}
42794,2026-01-13,07:31:16,INFO,WebServer,Page view: /home by u1638,E103,Page view: {page} by {user}
42795,2026-01-13,07:49:57,INFO,WebServer,Page view: /home by u1688,E103,Page view: {page} by {user}
42796,2026-01-13,07:12:53,INFO,OrderProcessor,User u3375 login successful,E101,User {user} login successful
42797,2026-01-13,07:12:29,INFO,WebServer,User u3621 login successful,E101,User {user} login successful
42798,2026-01-13,07:56:10,INFO,WebServer,User u4855 login successful,E101,User {user} login successful
42799,2026-01-13,07:44:00,INFO,WebServer,User u4586 login successful,E101,User {user} login successful
42800,2026-01-13,07:04:01,INFO,InventoryDB,Page view: /home by u1307,E103,Page view: {page} by {user}
42801,2026-01-13,07:53:08,INFO,WebServer,Health check passed: WebServer,E102,Health check passed: {service}
42802,2026-01-13,07:01:04,INFO,WebServer,Transaction tx713338 completed in 171ms,E104,Transaction {tx} completed in {time}ms
42803,2026-01-13,07:28:10,INFO,WebServer,Health check passed: WebServer,E102,Health check passed: {service}
42804,2026-01-13,07:56:34,INFO,OrderProcessor,Transaction tx767835 completed in 1574ms,E104,Transaction {tx} completed in {time}ms
42805,2026-01-13,07:02:09,INFO,WebServer,Page view: /home by u1685,E103,Page view: {page} by {user}
42806,2026-01-13,07:48:24,INFO,AuthService,Transaction tx363415 completed in 1300ms,E104,Transaction {tx} completed in {time}ms
42807,2026-01-13,07:24:53,INFO,WebServer,Health check passed: WebServer,E102,Health check passed: {service}
42808,2026-01-13,07:51:17,INFO,WebServer,Health check passed: WebServer,E102,Health check passed: {service}
42809,2026-01-13,07:37:28,WARN,OrderProcessor,High latency (736ms) detected on OrderProcessor,E201,High latency ({time}ms) detected on {service}
42810,2026-01-13,07:35:58,INFO,WebServer,Page view: /home by u2360,E103,Page view: {page} by {user}
42811,2026-01-13,07:55:16,INFO,WebServer,Health check passed: WebServer,E102,Health check passed: {service}
42812,2026-01-13,07:04:20,INFO,WebServer,Transaction tx239198 completed in 1218ms,E104,Transaction {tx} completed in {time}ms
42813,2026-01-13,07:00:23,INFO,WebServer,User u3779 login successful,E101,User {user} login successful
42814,2026-01-13,07:31:31,INFO,WebServer,Page view: /home by u4320,E103,Page view: {page} by {user}
42815,2026-01-13,07:45:00,INFO,WebServer,Transaction tx483634 completed in 1185ms,E104,Transaction {tx} completed in {time}ms
42816,2026-01-13,07:09:12,INFO,WebServer,Transaction tx969939 completed in 860ms,E104,Transaction {tx} completed in {time}ms
42817,2026-01-13,07:56:14,INFO,AuthService,Transaction tx178695 completed in 1969ms,E104,Transaction {tx} completed in {time}ms
42818,2026-01-13,07:53:53,INFO,WebServer,Health check passed: WebServer,E102,Health check passed: {service}
42819,2026-01-13,07:04:44,INFO,OrderProcessor,Health check passed: OrderProcessor,E102,Health check passed: {service}
42820,2026-01-13,07:13:07,INFO,OrderProcessor,Page view: /home by u1322,E103,Page view: {page} by {user}
42821,2026-01-13,07:37:32,ERROR,AuthService,Timeout waiting for lock on InventoryDB,E502,Timeout waiting for lock on {db}
42822,2026-01-13,07:56:17,INFO,WebServer,User u4237 login successful,E101,User {user} login successful
42823,2026-01-13,07:32:05,INFO,WebServer,User u1490 login successful,E101,User {user} login successful
42824,2026-01-13,07:25:07,INFO,WebServer,Page view: /home by u3340,E103,Page view: {page} by {user}
42825,2026-01-13,07:10:17,INFO,PaymentGateway,Page view: /home by u1581,E103,Page view: {page} by {user}
42826,2026-01-13,07:34:49,INFO,InventoryDB,Transaction tx506805 completed in 1719ms,E104,Transaction {tx} completed in {time}ms
42827,2026-01-13,07:21:02,WARN,OrderProcessor,High latency (1276ms) detected on OrderProcessor,E201,High latency ({time}ms) detected on {service}
42828,2026-01-13,07:42:57,WARN,WebServer,Disk usage > 85% on node node-4,E202,Disk usage > 85% on node {node}
42829,2026-01-13,07:14:52,INFO,OrderProcessor,Page view: /home by u2049,E103,Page view: {page} by {user}
42830,2026-01-13,07:33:31,INFO,PaymentGateway,Page view: /home by u1218,E103,Page view: {page} by {user}
42831,2026-01-13,07:24:59,INFO,AuthService,Page view: /home by u3034,E103,Page view: {page} by {user}
42832,2026-01-13,07:58:41,INFO,WebServer,Page view: /home by u2513,E103,Page view: {page} by {user}
42833,2026-01-13,07:30:50,INFO,PaymentGateway,Health check passed: PaymentGateway,E102,Health check passed: {service}
42834,2026-01-13,07:55:23,INFO,AuthService,User u1672 login successful,E101,User {user} login successful
42835,2026-01-13,07:02:09,INFO,WebServer,Health check passed: WebServer,E102,Health check passed: {service}
42836,2026-01-13,07:31:38,INFO,OrderProcessor,Page view: /home by u1630,E103,Page view: {page} by {user}
42837,2026-01-13,07:57:50,INFO,WebServer,Transaction tx869421 completed in 741ms,E104,Transaction {tx} completed in {time}ms
42838,2026-01-13,07:14:32,CRITICAL,WebServer,DATA CORRUPTION detected in sector 210,E602,DATA CORRUPTION detected in sector {sector}
42839,2026-01-13,07:01:25,INFO,WebServer,Health check passed: WebServer,E102,Health check passed: {service}
42840,2026-01-13,07:33:56,INFO,AuthService,Health check passed: AuthService,E102,Health check passed: {service}
42841,2026-01-13,07:31:25,INFO,WebServer,Transaction tx522989 completed in 117ms,E104,Transaction {tx} completed in {time}ms
42842,2026-01-13,07:19:39,INFO,WebServer,Health check passed: WebServer,E102,Health check passed: {service}
42843,2026-01-13,07:03:32,INFO,AuthService,User u2455 login successful,E101,User {user} login successful
42844,2026-01-13,07:43:01,INFO,OrderProcessor,Health check passed: OrderProcessor,E102,Health check passed: {service}
42845,2026-01-13,07:53:10,INFO,AuthService,Page view: /home by u1106,E103,Page view: {page} by {user}
42846,2026-01-13,07:01:53,INFO,WebServer,Transaction tx396362 completed in 962ms,E104,Transaction {tx} completed in {time}ms
42847,2026-01-13,07:42:25,INFO,WebServer,Transaction tx796516 completed in 885ms,E104,Transaction {tx} completed in {time}ms
42848,2026-01-13,07:34:08,INFO,WebServer,Page view: /home by u4034,E103,Page view: {page} by {user}
42849,2026-01-13,07:43:55,INFO,WebServer,Health check passed: WebServer,E102,Health check passed: {service}
42850,2026-01-13,07:51:18,INFO,PaymentGateway,Health check passed: PaymentGateway,E102,Health check passed: {service}
42851,2026-01-13,07:54:20,INFO,WebServer,Page view: /home by u4513,E103,Page view: {page} by {user}
42852,2026-01-13,07:52:33,INFO,WebServer,User u3743 login successful,E101,User {user} login successful
42853,2026-01-13,07:36:57,INFO,WebServer,Page view: /home by u4936,E103,Page view: {page} by {user}
42854,2026-01-13,07:18:52,INFO,WebServer,User u1758 login successful,E101,User {user} login successful
42855,2026-01-13,07:49:01,INFO,OrderProcessor,User u2013 login successful,E101,User {user} login successful
42856,2026-01-13,07:25:13,INFO,AuthService,Transaction tx320045 completed in 1280ms,E104,Transaction {tx} completed in {time}ms
42857,2026-01-13,07:10:00,INFO,WebServer,Transaction tx744650 completed in 388ms,E104,Transaction {tx} completed in {time}ms
42858,2026-01-13,07:39:44,INFO,InventoryDB,Page view: /home by u2700,E103,Page view: {page} by {user}
42859,2026-01-13,07:16:05,WARN,WebServer,Disk usage > 85% on node node-3,E202,Disk usage > 85% on node {node}
42860,2026-01-13,07:41:23,INFO,WebServer,Transaction tx310810 completed in 93ms,E104,Transaction {tx} completed in {time}ms
42861,2026-01-13,07:19:20,INFO,WebServer,Page view: /home by u4479,E103,Page view: {page} by {user}
42862,2026-01-13,07:30:37,INFO,OrderProcessor,Transaction tx149874 completed in 1216ms,E104,Transaction {tx} completed in {time}ms
42863,2026-01-13,07:31:07,INFO,AuthService,Transaction tx153324 completed in 661ms,E104,Transaction {tx} completed in {time}ms
42864,2026-01-13,07:36:15,INFO,AuthService,Health check passed: AuthService,E102,Health check passed: {service}
42865,2026-01-13,07:45:20,INFO,WebServer,Transaction tx559610 completed in 589ms,E104,Transaction {tx} completed in {time}ms
42866,2026-01-13,07:24:59,INFO,PaymentGateway,Page view: /home by u1190,E103,Page view: {page} by {user}
42867,2026-01-13,07:08:07,INFO,InventoryDB,User u2879 login successful,E101,User {user} login successful
42868,2026-01-13,07:48:01,INFO,PaymentGateway,User u2516 login successful,E101,User {user} login successful
42869,2026-01-13,07:14:47,INFO,AuthService,Health check passed: AuthService,E102,Health check passed: {service}
42870,2026-01-13,07:32:11,INFO,WebServer,Page view: /home by u4712,E103,Page view: {page} by {user}
42871,2026-01-13,07:28:51,INFO,WebServer,Page view: /home by u3461,E103,Page view: {page} by {user}
42872,2026-01-13,07:15:24,INFO,OrderProcessor,User u1715 login successful,E101,User {user} login successful
42873,2026-01-13,07:36:47,WARN,AuthService,Disk usage > 85% on node node-4,E202,Disk usage > 85% on node {node}
42874,2026-01-13,07:57:49,WARN,AuthService,Unauthorized access attempt from 10.0.0.10,E401,Unauthorized access attempt from {ip}
42875,2026-01-13,07:49:58,INFO,OrderProcessor,Health check passed: OrderProcessor,E102,Health check passed: {service}
42876,2026-01-13,07:39:46,INFO,InventoryDB,User u2165 login successful,E101,User {user} login successful
42877,2026-01-13,07:46:41,INFO,AuthService,Health check passed: AuthService,E102,Health check passed: {service}
42878,2026-01-13,07:03:56,INFO,OrderProcessor,Page view: /home by u4872,E103,Page view: {page} by {user}
42879,2026-01-13,07:24:20,INFO,WebServer,Page view: /home by u3904,E103,Page view: {page} by {user}
42880,2026-01-13,07:12:41,INFO,WebServer,Page view: /home by u1688,E103,Page view: {page} by {user}
42881,2026-01-13,07:31:47,WARN,OrderProcessor,Unauthorized access attempt from 10.0.0.12,E401,Unauthorized access attempt from {ip}
42882,2026-01-13,07:25:29,INFO,AuthService,Page view: /home by u4037,E103,Page view: {page} by {user}
42883,2026-01-13,07:49:36,INFO,WebServer,Page view: /home by u1812,E103,Page view: {page} by {user}
42884,2026-01-13,07:11:06,INFO,AuthService,Page view: /home by u1834,E103,Page view: {page} by {user}
42885,2026-01-13,07:19:53,WARN,WebServer,Unauthorized access attempt from 10.0.0.45,E401,Unauthorized access attempt from {ip}
42886,2026-01-13,07:35:18,INFO,WebServer,Health check passed: WebServer,E102,Health check passed: {service}
42887,2026-01-13,07:27:06,INFO,AuthService,User u4258 login successful,E101,User {user} login successful
42888,2026-01-13,07:31:51,INFO,InventoryDB,Transaction tx961763 completed in 269ms,E104,Transaction {tx} completed in {time}ms
42889,2026-01-13,07:28:07,INFO,WebServer,Health check passed: WebServer,E102,Health check passed: {service}
42890,2026-01-13,07:59:59,INFO,AuthService,Transaction tx295319 completed in 1145ms,E104,Transaction {tx} completed in {time}ms
42891,2026-01-13,07:13:54,INFO,AuthService,User u1242 login successful,E101,User {user} login successful
42892,2026-01-13,07:16:58,INFO,InventoryDB,Health check passed: InventoryDB,E102,Health check passed: {service}
42893,2026-01-13,07:54:07,INFO,WebServer,User u4080 login successful,E101,User {user} login successful
42894,2026-01-13,07:34:51,WARN,OrderProcessor,Disk usage > 85% on node node-3,E202,Disk usage > 85% on node {node}
42895,2026-01-13,07:27:59,INFO,WebServer,Transaction tx655435 completed in 369ms,E104,Transaction {tx} completed in {time}ms
42896,2026-01-13,07:27:05,INFO,InventoryDB,Transaction tx912777 completed in 1248ms,E104,Transaction {tx} completed in {time}ms
42897,2026-01-13,07:32:37,INFO,PaymentGateway,Health check passed: PaymentGateway,E102,Health check passed: {service}
42898,2026-01-13,07:58:53,INFO,WebServer,Health check passed: WebServer,E102,Health check passed: {service}
42899,2026-01-13,07:04:54,INFO,AuthService,Transaction tx181976 completed in 472ms,E104,Transaction {tx} completed in {time}ms
42900,2026-01-13,07:04:12,INFO,WebServer,Health check passed: WebServer,E102,Health check passed: {service}
42901,2026-01-13,07:45:40,INFO,WebServer,Transaction tx941226 completed in 1112ms,E104,Transaction {tx} completed in {time}ms
42902,2026-01-13,07:32:15,INFO,OrderProcessor,Page view: /home by u1225,E103,Page view: {page} by {user}
42903,2026-01-13,07:01:31,INFO,OrderProcessor,User u3553 login successful,E101,User {user} login successful
42904,2026-01-13,07:24:23,INFO,WebServer,Page view: /home by u3010,E103,Page view: {page} by {user}
42905,2026-01-13,07:32:48,INFO,WebServer,Page view: /home by u1738,E103,Page view: {page} by {user}
42906,2026-01-13,07:44:53,INFO,AuthService,User u1220 login successful,E101,User {user} login successful
42907,2026-01-13,07:42:40,INFO,AuthService,Health check passed: AuthService,E102,Health check passed: {service}
42908,2026-01-13,07:17:17,INFO,PaymentGateway,Transaction tx651040 completed in 323ms,E104,Transaction {tx} completed in {time}ms
42909,2026-01-13,07:50:40,INFO,OrderProcessor,Page view: /home by u3738,E103,Page view: {page} by {user}
42910,2026-01-13,07:08:51,INFO,WebServer,User u4898 login successful,E101,User {user} login successful
42911,2026-01-13,07:49:45,INFO,WebServer,User u4882 login successful,E101,User {user} login successful
42912,2026-01-13,07:14:23,WARN,WebServer,High latency (611ms) detected on WebServer,E201,High latency ({time}ms) detected on {service}
42913,2026-01-13,07:43:18,INFO,OrderProcessor,Health check passed: OrderProcessor,E102,Health check passed: {service}
42914,2026-01-13,07:52:51,INFO,WebServer,Transaction tx220083 completed in 1534ms,E104,Transaction {tx} completed in {time}ms
42915,2026-01-13,07:29:50,INFO,PaymentGateway,Page view: /home by u3161,E103,Page view: {page} by {user}
42916,2026-01-13,07:29:46,INFO,WebServer,Page view: /home by u4908,E103,Page view: {page} by {user}
42917,2026-01-13,07:04:19,INFO,OrderProcessor,Page view: /home by u2628,E103,Page view: {page} by {user}
42918,2026-01-13,07:02:32,INFO,AuthService,User u1032 login successful,E101,User {user} login successful
42919,2026-01-13,07:53:03,INFO,PaymentGateway,Page view: /home by u3271,E103,Page view: {page} by {user}
42920,2026-01-13,07:46:28,WARN,WebServer,Unauthorized access attempt from 10.0.0.45,E401,Unauthorized access attempt from {ip}
42921,2026-01-13,07:54:14,INFO,OrderProcessor,Transaction tx485959 completed in 1365ms,E104,Transaction {tx} completed in {time}ms
42922,2026-01-13,07:51:45,INFO,AuthService,Health check passed: AuthService,E102,Health check passed: {service}
42923,2026-01-13,07:16:30,INFO,WebServer,Page view: /home by u4260,E103,Page view: {page} by {user}
42924,2026-01-13,07:40:18,INFO,WebServer,Transaction tx468901 completed in 1618ms,E104,Transaction {tx} completed in {time}ms
42925,2026-01-13,07:43:43,INFO,OrderProcessor,Page view: /home by u3386,E103,Page view: {page} by {user}
42926,2026-01-13,07:08:16,INFO,AuthService,Health check passed: AuthService,E102,Health check passed: {service}
42927,2026-01-13,07:23:23,INFO,WebServer,User u1809 login successful,E101,User {user} login successful
42928,2026-01-13,07:33:15,INFO,OrderProcessor,Health check passed: OrderProcessor,E102,Health check passed: {service}
42929,2026-01-13,07:49:23,INFO,AuthService,Health check passed: AuthService,E102,Health check passed: {service}
42930,2026-01-13,07:54:40,INFO,OrderProcessor,Transaction tx518317 completed in 305ms,E104,Transaction {tx} completed in {time}ms
42931,2026-01-13,07:23:38,INFO,AuthService,Transaction tx102232 completed in 551ms,E104,Transaction {tx} completed in {time}ms
42932,2026-01-13,07:03:18,INFO,WebServer,User u4222 login successful,E101,User {user} login successful
42933,2026-01-13,07:50:12,INFO,WebServer,User u2615 login successful,E101,User {user} login successful
42934,2026-01-13,07:51:28,ERROR,OrderProcessor,Connection refused to OrderProcessor at 10.0.0.45,E501,Connection refused to {service} at {ip}
42935,2026-01-13,07:02:44,INFO,PaymentGateway,Transaction tx979332 completed in 295ms,E104,Transaction {tx} completed in {time}ms
42936,2026-01-13,07:28:10,INFO,OrderProcessor,Health check passed: OrderProcessor,E102,Health check passed: {service}
42937,2026-01-13,07:52:04,INFO,WebServer,User u4382 login successful,E101,User {user} login successful
42938,2026-01-13,07:10:30,INFO,WebServer,Health check passed: WebServer,E102,Health check passed: {service}
42939,2026-01-13,07:33:02,INFO,WebServer,Page view: /home by u4257,E103,Page view: {page} by {user}
42940,2026-01-13,07:04:46,INFO,WebServer,User u3786 login successful,E101,User {user} login successful
42941,2026-01-13,07:49:20,INFO,OrderProcessor,User u4953 login successful,E101,User {user} login successful
42942,2026-01-13,07:27:00,INFO,OrderProcessor,Health check passed: OrderProcessor,E102,Health check passed: {service}
42943,2026-01-13,07:49:22,INFO,WebServer,Health check passed: WebServer,E102,Health check passed: {service}
42944,2026-01-13,07:07:24,INFO,AuthService,Page view: /home by u3329,E103,Page view: {page} by {user}
42945,2026-01-13,07:45:31,INFO,WebServer,User u3191 login successful,E101,User {user} login successful
42946,2026-01-13,07:30:21,INFO,WebServer,Health check passed: WebServer,E102,Health check passed: {service}
42947,2026-01-13,07:40:02,INFO,WebServer,User u4987 login successful,E101,User {user} login successful
42948,2026-01-13,07:41:48,INFO,WebServer,Transaction tx707176 completed in 1410ms,E104,Transaction {tx} completed in {time}ms
42949,2026-01-13,07:23:01,INFO,AuthService,User u3129 login successful,E101,User {user} login successful
42950,2026-01-13,07:40:41,INFO,InventoryDB,Health check passed: InventoryDB,E102,Health check passed: {service}
42951,2026-01-13,07:25:56,INFO,PaymentGateway,Health check passed: PaymentGateway,E102,Health check passed: {service}
42952,2026-01-13,07:37:46,INFO,WebServer,Health check passed: WebServer,E102,Health check passed: {service}
42953,2026-01-13,07:14:34,INFO,WebServer,Health check passed: WebServer,E102,Health check passed: {service}
42954,2026-01-13,07:23:24,INFO,OrderProcessor,Health check passed: OrderProcessor,E102,Health check passed: {service}
42955,2026-01-13,07:50:13,INFO,WebServer,Page view: /home by u4045,E103,Page view: {page} by {user}
42956,2026-01-13,07:06:24,INFO,WebServer,Health check passed: WebServer,E102,Health check passed: {service}
42957,2026-01-13,07:51:28,INFO,AuthService,User u3884 login successful,E101,User {user} login successful
42958,2026-01-13,07:48:19,INFO,WebServer,Page view: /home by u4818,E103,Page view: {page} by {user}
42959,2026-01-13,07:40:41,INFO,WebServer,Transaction tx167731 completed in 588ms,E104,Transaction {tx} completed in {time}ms
42960,2026-01-13,07:21:46,INFO,WebServer,Page view: /home by u1991,E103,Page view: {page} by {user}
42961,2026-01-13,07:23:39,INFO,WebServer,Page view: /home by u3351,E103,Page view: {page} by {user}
42962,2026-01-13,07:29:17,INFO,WebServer,Transaction tx202719 completed in 1967ms,E104,Transaction {tx} completed in {time}ms
42963,2026-01-13,07:41:43,INFO,WebServer,User u1819 login successful,E101,User {user} login successful
42964,2026-01-13,07:28:18,INFO,WebServer,User u4993 login successful,E101,User {user} login successful
42965,2026-01-13,07:25:59,INFO,WebServer,Health check passed: WebServer,E102,Health check passed: {service}
42966,2026-01-13,07:20:46,INFO,OrderProcessor,Transaction tx281606 completed in 78ms,E104,Transaction {tx} completed in {time}ms
42967,2026-01-13,07:00:58,INFO,AuthService,Page view: /home by u3568,E103,Page view: {page} by {user}
42968,2026-01-13,07:56:33,INFO,AuthService,Transaction tx717489 completed in 634ms,E104,Transaction {tx} completed in {time}ms
42969,2026-01-13,07:58:11,INFO,InventoryDB,Page view: /home by u3972,E103,Page view: {page} by {user}
42970,2026-01-13,07:59:25,INFO,WebServer,User u2177 login successful,E101,User {user} login successful
42971,2026-01-13,07:49:52,INFO,AuthService,User u2748 login successful,E101,User {user} login successful
42972,2026-01-13,07:14:54,INFO,OrderProcessor,User u1971 login successful,E101,User {user} login successful
42973,2026-01-13,07:14:18,INFO,WebServer,Transaction tx328615 completed in 635ms,E104,Transaction {tx} completed in {time}ms
42974,2026-01-13,07:43:30,WARN,AuthService,Disk usage > 85% on node node-2,E202,Disk usage > 85% on node {node}
42975,2026-01-13,07:25:44,INFO,OrderProcessor,User u3872 login successful,E101,User {user} login successful
42976,2026-01-13,07:30:49,INFO,WebServer,User u1809 login successful,E101,User {user} login successful
42977,2026-01-13,07:18:21,INFO,WebServer,Transaction tx418562 completed in 1657ms,E104,Transaction {tx} completed in {time}ms
42978,2026-01-13,07:34:04,ERROR,WebServer,Connection refused to WebServer at 10.0.0.12,E501,Connection refused to {service} at {ip}
42979,2026-01-13,07:56:24,INFO,WebServer,Page view: /home by u1300,E103,Page view: {page} by {user}
42980,2026-01-13,07:10:43,INFO,OrderProcessor,Transaction tx400476 completed in 722ms,E104,Transaction {tx} completed in {time}ms
42981,2026-01-13,07:40:35,INFO,AuthService,User u2517 login successful,E101,User {user} login successful
42982,2026-01-13,07:25:50,INFO,WebServer,User u2968 login successful,E101,User {user} login successful
42983,2026-01-13,07:32:01,INFO,WebServer,User u1249 login successful,E101,User {user} login successful
42984,2026-01-13,07:17:54,INFO,PaymentGateway,Transaction tx924496 completed in 1442ms,E104,Transaction {tx} completed in {time}ms
42985,2026-01-13,07:31:39,CRITICAL,PaymentGateway,KERNEL PANIC: Node node-2 crashed,E601,KERNEL PANIC: Node {node} crashed
42986,2026-01-13,07:35:04,INFO,AuthService,Transaction tx203710 completed in 1074ms,E104,Transaction {tx} completed in {time}ms
42987,2026-01-13,07:48:51,INFO,PaymentGateway,User u1263 login successful,E101,User {user} login successful
42988,2026-01-13,07:01:10,INFO,WebServer,Page view: /home by u1079,E103,Page view: {page} by {user}
42989,2026-01-13,07:38:39,INFO,WebServer,User u2331 login successful,E101,User {user} login successful
42990,2026-01-13,07:01:52,ERROR,AuthService,Connection refused to AuthService at 10.0.0.45,E501,Connection refused to {service} at {ip}
42991,2026-01-13,07:47:47,INFO,AuthService,User u3126 login successful,E101,User {user} login successful
42992,2026-01-13,07:53:02,INFO,InventoryDB,User u2389 login successful,E101,User {user} login successful
42993,2026-01-13,07:40:49,INFO,WebServer,Transaction tx339505 completed in 1502ms,E104,Transaction {tx} completed in {time}ms
42994,2026-01-13,07:53:08,INFO,WebServer,Health check passed: WebServer,E102,Health check passed: {service}
42995,2026-01-13,07:03:53,INFO,WebServer,User u4473 login successful,E101,User {user} login successful
42996,2026-01-13,07:46:13,INFO,WebServer,Page view: /home by u2457,E103,Page view: {page} by {user}
42997,2026-01-13,07:46:26,INFO,WebServer,User u2407 login successful,E101,User {user} login successful
42998,2026-01-13,07:07:31,INFO,PaymentGateway,Health check passed: PaymentGateway,E102,Health check passed: {service}
42999,2026-01-13,07:38:28,INFO,AuthService,Health check passed: AuthService,E102,Health check passed: {service}
43000,2026-01-13,07:51:56,INFO,WebServer,User u3963 login successful,E101,User {user} login successful
43001,2026-01-13,07:10:56,INFO,AuthService,Transaction tx851985 completed in 269ms,E104,Transaction {tx} completed in {time}ms
43002,2026-01-13,07:37:18,INFO,AuthService,Transaction tx394810 completed in 607ms,E104,Transaction {tx} completed in {time}ms
43003,2026-01-13,07:44:38,INFO,WebServer,Transaction tx469786 completed in 786ms,E104,Transaction {tx} completed in {time}ms
43004,2026-01-13,07:46:08,WARN,InventoryDB,High latency (519ms) detected on InventoryDB,E201,High latency ({time}ms) detected on {service}
43005,2026-01-13,07:28:19,INFO,WebServer,Transaction tx821619 completed in 912ms,E104,Transaction {tx} completed in {time}ms
43006,2026-01-13,07:31:12,INFO,WebServer,Transaction tx680214 completed in 1695ms,E104,Transaction {tx} completed in {time}ms
43007,2026-01-13,07:46:31,INFO,WebServer,Page view: /home by u2625,E103,Page view: {page} by {user}
43008,2026-01-13,07:18:12,INFO,AuthService,Transaction tx257628 completed in 1723ms,E104,Transaction {tx} completed in {time}ms
43009,2026-01-13,07:27:17,INFO,AuthService,Transaction tx501009 completed in 1008ms,E104,Transaction {tx} completed in {time}ms
43010,2026-01-13,07:37:02,INFO,WebServer,Page view: /home by u3803,E103,Page view: {page} by {user}
43011,2026-01-13,07:35:56,INFO,OrderProcessor,User u4310 login successful,E101,User {user} login successful
43012,2026-01-13,07:57:05,INFO,WebServer,Health check passed: WebServer,E102,Health check passed: {service}
43013,2026-01-13,07:45:24,INFO,WebServer,Transaction tx107951 completed in 382ms,E104,Transaction {tx} completed in {time}ms
43014,2026-01-13,07:07:13,INFO,WebServer,User u4469 login successful,E101,User {user} login successful
43015,2026-01-13,07:32:15,INFO,WebServer,User u3676 login successful,E101,User {user} login successful
43016,2026-01-13,07:56:21,INFO,PaymentGateway,Health check passed: PaymentGateway,E102,Health check passed: {service}
43017,2026-01-13,07:35:39,INFO,WebServer,User u1993 login successful,E101,User {user} login successful
43018,2026-01-13,07:21:12,INFO,WebServer,Health check passed: WebServer,E102,Health check passed: {service}
43019,2026-01-13,07:42:54,INFO,WebServer,Page view: /home by u2485,E103,Page view: {page} by {user}
43020,2026-01-13,07:04:26,INFO,WebServer,Transaction tx961616 completed in 1843ms,E104,Transaction {tx} completed in {time}ms
43021,2026-01-13,07:32:39,INFO,OrderProcessor,Page view: /home by u4253,E103,Page view: {page} by {user}
43022,2026-01-13,07:52:47,WARN,WebServer,Unauthorized access attempt from 10.0.0.45,E401,Unauthorized access attempt from {ip}
43023,2026-01-13,07:20:01,INFO,PaymentGateway,Page view: /home by u4493,E103,Page view: {page} by {user}
43024,2026-01-13,07:36:39,INFO,AuthService,Page view: /home by u2132,E103,Page view: {page} by {user}
43025,2026-01-13,07:16:45,INFO,OrderProcessor,Page view: /home by u2992,E103,Page view: {page} by {user}
43026,2026-01-13,07:04:35,INFO,WebServer,Page view: /home by u1392,E103,Page view: {page} by {user}
43027,2026-01-13,07:16:51,INFO,WebServer,Health check passed: WebServer,E102,Health check passed: {service}
43028,2026-01-13,07:14:07,INFO,OrderProcessor,Health check passed: OrderProcessor,E102,Health check passed: {service}
43029,2026-01-13,07:28:34,INFO,AuthService,User u3668 login successful,E101,User {user} login successful
43030,2026-01-13,07:23:19,INFO,WebServer,Transaction tx196461 completed in 864ms,E104,Transaction {tx} completed in {time}ms
43031,2026-01-13,07:41:28,INFO,AuthService,Health check passed: AuthService,E102,Health check passed: {service}
43032,2026-01-13,07:18:14,INFO,WebServer,Health check passed: WebServer,E102,Health check passed: {service}
43033,2026-01-13,07:13:02,INFO,WebServer,Transaction tx837861 completed in 571ms,E104,Transaction {tx} completed in {time}ms
43034,2026-01-13,07:31:04,INFO,OrderProcessor,Transaction tx510028 completed in 1720ms,E104,Transaction {tx} completed in {time}ms
43035,2026-01-13,07:47:27,INFO,InventoryDB,User u2190 login successful,E101,User {user} login successful
43036,2026-01-13,07:02:28,INFO,PaymentGateway,Page view: /home by u2682,E103,Page view: {page} by {user}
43037,2026-01-13,07:10:02,INFO,OrderProcessor,User u1269 login successful,E101,User {user} login successful
43038,2026-01-13,07:13:57,INFO,WebServer,Health check passed: WebServer,E102,Health check passed: {service}
43039,2026-01-13,07:27:53,INFO,WebServer,User u4032 login successful,E101,User {user} login successful
43040,2026-01-13,07:34:14,INFO,WebServer,User u4073 login successful,E101,User {user} login successful
43041,2026-01-13,07:18:03,INFO,WebServer,User u3850 login successful,E101,User {user} login successful
43042,2026-01-13,07:22:33,INFO,WebServer,Page view: /home by u3715,E103,Page view: {page} by {user}
43043,2026-01-13,07:28:39,INFO,WebServer,Health check passed: WebServer,E102,Health check passed: {service}
43044,2026-01-13,07:49:41,INFO,AuthService,Page view: /home by u3103,E103,Page view: {page} by {user}
43045,2026-01-13,07:38:58,INFO,WebServer,User u3839 login successful,E101,User {user} login successful
43046,2026-01-13,07:18:42,INFO,OrderProcessor,User u2637 login successful,E101,User {user} login successful
43047,2026-01-13,07:06:39,INFO,PaymentGateway,Health check passed: PaymentGateway,E102,Health check passed: {service}
43048,2026-01-13,07:52:25,INFO,WebServer,User u1116 login successful,E101,User {user} login successful
43049,2026-01-13,07:46:19,INFO,PaymentGateway,Page view: /home by u3568,E103,Page view: {page} by {user}
43050,2026-01-13,07:16:19,INFO,InventoryDB,User u4347 login successful,E101,User {user} login successful
43051,2026-01-13,07:09:05,INFO,WebServer,Page view: /home by u2828,E103,Page view: {page} by {user}
43052,2026-01-13,07:56:22,INFO,AuthService,Transaction tx563249 completed in 1185ms,E104,Transaction {tx} completed in {time}ms
43053,2026-01-13,07:42:08,INFO,OrderProcessor,Page view: /home by u4069,E103,Page view: {page} by {user}
43054,2026-01-13,07:14:31,INFO,WebServer,Transaction tx383305 completed in 258ms,E104,Transaction {tx} completed in {time}ms
43055,2026-01-13,07:28:59,INFO,WebServer,Health check passed: WebServer,E102,Health check passed: {service}
43056,2026-01-13,07:19:41,INFO,AuthService,Health check passed: AuthService,E102,Health check passed: {service}
43057,2026-01-13,07:51:34,INFO,WebServer,User u4648 login successful,E101,User {user} login successful
43058,2026-01-13,07:16:35,INFO,PaymentGateway,Health check passed: PaymentGateway,E102,Health check passed: {service}
43059,2026-01-13,07:36:29,INFO,AuthService,Health check passed: AuthService,E102,Health check passed: {service}
43060,2026-01-13,07:21:12,INFO,WebServer,User u2200 login successful,E101,User {user} login successful
43061,2026-01-13,07:36:11,INFO,PaymentGateway,Health check passed: PaymentGateway,E102,Health check passed: {service}
43062,2026-01-13,07:53:37,WARN,InventoryDB,Disk usage > 85% on node node-1,E202,Disk usage > 85% on node {node}
43063,2026-01-13,07:18:49,INFO,AuthService,Health check passed: AuthService,E102,Health check passed: {service}
43064,2026-01-13,07:12:33,WARN,WebServer,High latency (239ms) detected on WebServer,E201,High latency ({time}ms) detected on {service}
43065,2026-01-13,07:40:27,INFO,WebServer,Page view: /home by u1542,E103,Page view: {page} by {user}
43066,2026-01-13,07:58:05,INFO,AuthService,User u4331 login successful,E101,User {user} login successful
43067,2026-01-13,08:04:11,INFO,OrderProcessor,Transaction tx380877 completed in 640ms,E104,Transaction {tx} completed in {time}ms
43068,2026-01-13,08:25:39,INFO,WebServer,Transaction tx539625 completed in 990ms,E104,Transaction {tx} completed in {time}ms
43069,2026-01-13,08:56:25,INFO,AuthService,Transaction tx685435 completed in 660ms,E104,Transaction {tx} completed in {time}ms
43070,2026-01-13,08:42:29,INFO,PaymentGateway,Health check passed: PaymentGateway,E102,Health check passed: {service}
43071,2026-01-13,08:24:07,INFO,OrderProcessor,Health check passed: OrderProcessor,E102,Health check passed: {service}
43072,2026-01-13,08:45:40,INFO,WebServer,Page view: /home by u3515,E103,Page view: {page} by {user}
43073,2026-01-13,08:51:30,INFO,AuthService,Health check passed: AuthService,E102,Health check passed: {service}
43074,2026-01-13,08:09:11,INFO,WebServer,Transaction tx453786 completed in 856ms,E104,Transaction {tx} completed in {time}ms
43075,2026-01-13,08:31:20,INFO,AuthService,User u1346 login successful,E101,User {user} login successful
43076,2026-01-13,08:06:29,INFO,AuthService,Page view: /home by u2002,E103,Page view: {page} by {user}
43077,2026-01-13,08:04:21,INFO,AuthService,Transaction tx375861 completed in 1361ms,E104,Transaction {tx} completed in {time}ms
43078,2026-01-13,08:22:26,INFO,WebServer,Page view: /home by u2885,E103,Page view: {page} by {user}
43079,2026-01-13,08:46:00,INFO,WebServer,User u2614 login successful,E101,User {user} login successful
43080,2026-01-13,08:45:35,INFO,WebServer,User u1604 login successful,E101,User {user} login successful
43081,2026-01-13,08:57:47,INFO,WebServer,Transaction tx633397 completed in 1894ms,E104,Transaction {tx} completed in {time}ms
43082,2026-01-13,08:19:29,INFO,WebServer,Transaction tx277827 completed in 1014ms,E104,Transaction {tx} completed in {time}ms
43083,2026-01-13,08:59:11,INFO,AuthService,Transaction tx145062 completed in 148ms,E104,Transaction {tx} completed in {time}ms
43084,2026-01-13,08:57:54,INFO,WebServer,User u3284 login successful,E101,User {user} login successful
43085,2026-01-13,08:59:27,INFO,InventoryDB,Page view: /home by u3832,E103,Page view: {page} by {user}
43086,2026-01-13,08:25:30,INFO,AuthService,Transaction tx653676 completed in 626ms,E104,Transaction {tx} completed in {time}ms
43087,2026-01-13,08:06:30,INFO,WebServer,Page view: /home by u1821,E103,Page view: {page} by {user}
43088,2026-01-13,08:13:51,INFO,PaymentGateway,Health check passed: PaymentGateway,E102,Health check passed: {service}
43089,2026-01-13,08:24:40,INFO,AuthService,User u2009 login successful,E101,User {user} login successful
43090,2026-01-13,08:05:39,INFO,OrderProcessor,Health check passed: OrderProcessor,E102,Health check passed: {service}
43091,2026-01-13,08:48:18,INFO,WebServer,User u2764 login successful,E101,User {user} login successful
43092,2026-01-13,08:24:42,INFO,WebServer,Page view: /home by u2432,E103,Page view: {page} by {user}
43093,2026-01-13,08:43:18,INFO,WebServer,Health check passed: WebServer,E102,Health check passed: {service}
43094,2026-01-13,08:38:03,INFO,WebServer,Health check passed: WebServer,E102,Health check passed: {service}
43095,2026-01-13,08:33:38,INFO,WebServer,Transaction tx619009 completed in 740ms,E104,Transaction {tx} completed in {time}ms
43096,2026-01-13,08:56:30,INFO,WebServer,Transaction tx158871 completed in 462ms,E104,Transaction {tx} completed in {time}ms
43097,2026-01-13,08:16:52,INFO,OrderProcessor,Page view: /home by u3484,E103,Page view: {page} by {user}
43098,2026-01-13,08:12:00,INFO,WebServer,Transaction tx773376 completed in 224ms,E104,Transaction {tx} completed in {time}ms
43099,2026-01-13,08:46:35,INFO,InventoryDB,Transaction tx218081 completed in 581ms,E104,Transaction {tx} completed in {time}ms
43100,2026-01-13,08:30:05,INFO,InventoryDB,User u3639 login successful,E101,User {user} login successful
43101,2026-01-13,08:31:27,INFO,PaymentGateway,Page view: /home by u3281,E103,Page view: {page} by {user}
43102,2026-01-13,08:41:08,INFO,WebServer,Transaction tx805492 completed in 1742ms,E104,Transaction {tx} completed in {time}ms
43103,2026-01-13,08:51:34,INFO,WebServer,User u1056 login successful,E101,User {user} login successful
43104,2026-01-13,08:30:34,INFO,PaymentGateway,User u3218 login successful,E101,User {user} login successful
43105,2026-01-13,08:09:44,INFO,PaymentGateway,Transaction tx279893 completed in 1401ms,E104,Transaction {tx} completed in {time}ms
43106,2026-01-13,08:12:03,INFO,AuthService,Health check passed: AuthService,E102,Health check passed: {service}
43107,2026-01-13,08:58:36,INFO,AuthService,Transaction tx423154 completed in 1696ms,E104,Transaction {tx} completed in {time}ms
43108,2026-01-13,08:15:50,INFO,PaymentGateway,Health check passed: PaymentGateway,E102,Health check passed: {service}
43109,2026-01-13,08:41:33,INFO,WebServer,User u3734 login successful,E101,User {user} login successful
43110,2026-01-13,08:29:49,INFO,AuthService,User u4468 login successful,E101,User {user} login successful
43111,2026-01-13,08:28:54,INFO,WebServer,Health check passed: WebServer,E102,Health check passed: {service}
43112,2026-01-13,08:04:18,INFO,PaymentGateway,Health check passed: PaymentGateway,E102,Health check passed: {service}
43113,2026-01-13,08:52:10,INFO,WebServer,Page view: /home by u2383,E103,Page view: {page} by {user}
43114,2026-01-13,08:25:47,INFO,InventoryDB,Page view: /home by u1218,E103,Page view: {page} by {user}
43115,2026-01-13,08:06:57,INFO,InventoryDB,Page view: /home by u1013,E103,Page view: {page} by {user}
43116,2026-01-13,08:27:16,INFO,WebServer,Health check passed: WebServer,E102,Health check passed: {service}
43117,2026-01-13,08:16:20,INFO,AuthService,Health check passed: AuthService,E102,Health check passed: {service}
43118,2026-01-13,08:31:27,INFO,PaymentGateway,Transaction tx898064 completed in 306ms,E104,Transaction {tx} completed in {time}ms
43119,2026-01-13,08:34:44,INFO,PaymentGateway,Health check passed: PaymentGateway,E102,Health check passed: {service}
43120,2026-01-13,08:00:15,INFO,AuthService,Page view: /home by u3792,E103,Page view: {page} by {user}
43121,2026-01-13,08:14:04,INFO,WebServer,Transaction tx559391 completed in 912ms,E104,Transaction {tx} completed in {time}ms
43122,2026-01-13,08:18:28,INFO,OrderProcessor,Transaction tx867944 completed in 1362ms,E104,Transaction {tx} completed in {time}ms
43123,2026-01-13,08:54:10,INFO,WebServer,User u4747 login successful,E101,User {user} login successful
43124,2026-01-13,08:01:34,WARN,WebServer,Unauthorized access attempt from 10.0.0.45,E401,Unauthorized access attempt from {ip}
43125,2026-01-13,08:40:14,INFO,AuthService,Health check passed: AuthService,E102,Health check passed: {service}
43126,2026-01-13,08:20:29,INFO,WebServer,User u2869 login successful,E101,User {user} login successful
43127,2026-01-13,08:48:02,INFO,OrderProcessor,Page view: /home by u2562,E103,Page view: {page} by {user}
43128,2026-01-13,08:40:41,INFO,OrderProcessor,Page view: /home by u2344,E103,Page view: {page} by {user}
43129,2026-01-13,08:49:37,INFO,WebServer,Transaction tx299283 completed in 1655ms,E104,Transaction {tx} completed in {time}ms
43130,2026-01-13,08:10:38,INFO,WebServer,Page view: /home by u2926,E103,Page view: {page} by {user}
43131,2026-01-13,08:35:07,INFO,WebServer,User u2825 login successful,E101,User {user} login successful
43132,2026-01-13,08:47:04,INFO,InventoryDB,Page view: /home by u3285,E103,Page view: {page} by {user}
43133,2026-01-13,08:59:50,INFO,AuthService,Health check passed: AuthService,E102,Health check passed: {service}
43134,2026-01-13,08:54:21,INFO,WebServer,User u4160 login successful,E101,User {user} login successful
43135,2026-01-13,08:04:13,INFO,AuthService,Page view: /home by u4607,E103,Page view: {page} by {user}
43136,2026-01-13,08:59:19,INFO,PaymentGateway,Health check passed: PaymentGateway,E102,Health check passed: {service}
43137,2026-01-13,08:13:17,INFO,OrderProcessor,Page view: /home by u3608,E103,Page view: {page} by {user}
43138,2026-01-13,08:49:23,INFO,InventoryDB,Page view: /home by u2972,E103,Page view: {page} by {user}
43139,2026-01-13,08:29:49,INFO,AuthService,Page view: /home by u2923,E103,Page view: {page} by {user}
43140,2026-01-13,08:08:39,INFO,WebServer,Transaction tx580123 completed in 1179ms,E104,Transaction {tx} completed in {time}ms
43141,2026-01-13,08:05:38,INFO,PaymentGateway,Health check passed: PaymentGateway,E102,Health check passed: {service}
43142,2026-01-13,08:50:10,INFO,OrderProcessor,Health check passed: OrderProcessor,E102,Health check passed: {service}
43143,2026-01-13,08:14:19,INFO,AuthService,Transaction tx134583 completed in 520ms,E104,Transaction {tx} completed in {time}ms
43144,2026-01-13,08:50:25,INFO,WebServer,Health check passed: WebServer,E102,Health check passed: {service}
43145,2026-01-13,08:30:07,INFO,WebServer,Page view: /home by u2854,E103,Page view: {page} by {user}
43146,2026-01-13,08:14:48,INFO,InventoryDB,Page view: /home by u1580,E103,Page view: {page} by {user}
43147,2026-01-13,08:24:54,INFO,WebServer,Transaction tx513726 completed in 1095ms,E104,Transaction {tx} completed in {time}ms
43148,2026-01-13,08:44:30,WARN,WebServer,High latency (333ms) detected on WebServer,E201,High latency ({time}ms) detected on {service}
43149,2026-01-13,08:22:03,INFO,AuthService,Transaction tx550164 completed in 638ms,E104,Transaction {tx} completed in {time}ms
43150,2026-01-13,08:16:57,INFO,WebServer,Transaction tx408793 completed in 526ms,E104,Transaction {tx} completed in {time}ms
43151,2026-01-13,08:26:52,INFO,AuthService,User u1854 login successful,E101,User {user} login successful
43152,2026-01-13,08:42:54,INFO,PaymentGateway,User u4766 login successful,E101,User {user} login successful
43153,2026-01-13,08:04:05,INFO,OrderProcessor,Health check passed: OrderProcessor,E102,Health check passed: {service}
43154,2026-01-13,08:52:09,INFO,AuthService,Health check passed: AuthService,E102,Health check passed: {service}
43155,2026-01-13,08:17:06,INFO,InventoryDB,User u1122 login successful,E101,User {user} login successful
43156,2026-01-13,08:13:50,INFO,PaymentGateway,Health check passed: PaymentGateway,E102,Health check passed: {service}
43157,2026-01-13,08:53:31,INFO,AuthService,Transaction tx562282 completed in 1400ms,E104,Transaction {tx} completed in {time}ms
43158,2026-01-13,08:15:55,INFO,WebServer,Health check passed: WebServer,E102,Health check passed: {service}
43159,2026-01-13,08:08:53,INFO,OrderProcessor,Page view: /home by u4404,E103,Page view: {page} by {user}
43160,2026-01-13,08:38:39,INFO,WebServer,User u4270 login successful,E101,User {user} login successful
43161,2026-01-13,08:22:57,INFO,WebServer,Page view: /home by u1070,E103,Page view: {page} by {user}
43162,2026-01-13,08:18:13,INFO,OrderProcessor,User u1352 login successful,E101,User {user} login successful
43163,2026-01-13,08:22:57,INFO,WebServer,Page view: /home by u4142,E103,Page view: {page} by {user}
43164,2026-01-13,08:34:12,INFO,WebServer,User u4851 login successful,E101,User {user} login successful
43165,2026-01-13,08:43:40,INFO,PaymentGateway,User u3377 login successful,E101,User {user} login successful
43166,2026-01-13,08:03:30,INFO,WebServer,Health check passed: WebServer,E102,Health check passed: {service}
43167,2026-01-13,08:44:41,INFO,OrderProcessor,Page view: /home by u3858,E103,Page view: {page} by {user}
43168,2026-01-13,08:26:58,INFO,PaymentGateway,Transaction tx278447 completed in 311ms,E104,Transaction {tx} completed in {time}ms
43169,2026-01-13,08:12:58,INFO,WebServer,User u3683 login successful,E101,User {user} login successful
43170,2026-01-13,08:06:20,INFO,WebServer,Health check passed: WebServer,E102,Health check passed: {service}
43171,2026-01-13,08:37:55,INFO,InventoryDB,Health check passed: InventoryDB,E102,Health check passed: {service}
43172,2026-01-13,08:14:27,INFO,PaymentGateway,Page view: /home by u1069,E103,Page view: {page} by {user}
43173,2026-01-13,08:22:10,INFO,WebServer,Page view: /home by u3665,E103,Page view: {page} by {user}
43174,2026-01-13,08:37:04,INFO,PaymentGateway,Transaction tx364297 completed in 336ms,E104,Transaction {tx} completed in {time}ms
43175,2026-01-13,08:15:55,INFO,WebServer,Health check passed: WebServer,E102,Health check passed: {service}
43176,2026-01-13,08:11:28,INFO,OrderProcessor,Page view: /home by u4216,E103,Page view: {page} by {user}
43177,2026-01-13,08:38:19,INFO,AuthService,User u1008 login successful,E101,User {user} login successful
43178,2026-01-13,08:32:52,INFO,PaymentGateway,Page view: /home by u3738,E103,Page view: {page} by {user}
43179,2026-01-13,08:25:36,INFO,WebServer,User u3600 login successful,E101,User {user} login successful
43180,2026-01-13,08:05:06,INFO,WebServer,Page view: /home by u4042,E103,Page view: {page} by {user}
43181,2026-01-13,08:29:48,INFO,WebServer,Health check passed: WebServer,E102,Health check passed: {service}
43182,2026-01-13,08:36:27,WARN,AuthService,Unauthorized access attempt from 10.0.0.12,E401,Unauthorized access attempt from {ip}
43183,2026-01-13,08:26:42,INFO,PaymentGateway,User u2846 login successful,E101,User {user} login successful
43184,2026-01-13,08:41:30,WARN,PaymentGateway,Disk usage > 85% on node node-2,E202,Disk usage > 85% on node {node}
43185,2026-01-13,08:56:07,INFO,WebServer,User u1587 login successful,E101,User {user} login successful
43186,2026-01-13,08:23:02,INFO,WebServer,Transaction tx570419 completed in 72ms,E104,Transaction {tx} completed in {time}ms
43187,2026-01-13,08:30:10,INFO,WebServer,Transaction tx234615 completed in 1707ms,E104,Transaction {tx} completed in {time}ms
43188,2026-01-13,08:02:10,INFO,AuthService,Health check passed: AuthService,E102,Health check passed: {service}
43189,2026-01-13,08:13:53,INFO,AuthService,Page view: /home by u3801,E103,Page view: {page} by {user}
43190,2026-01-13,08:16:33,INFO,PaymentGateway,Transaction tx250485 completed in 493ms,E104,Transaction {tx} completed in {time}ms
43191,2026-01-13,08:40:36,INFO,WebServer,Page view: /home by u4641,E103,Page view: {page} by {user}
43192,2026-01-13,08:18:32,INFO,WebServer,Page view: /home by u4512,E103,Page view: {page} by {user}
43193,2026-01-13,08:06:52,INFO,WebServer,User u4929 login successful,E101,User {user} login successful
43194,2026-01-13,08:15:44,INFO,AuthService,Transaction tx750201 completed in 1093ms,E104,Transaction {tx} completed in {time}ms
43195,2026-01-13,08:14:14,INFO,PaymentGateway,User u1043 login successful,E101,User {user} login successful
43196,2026-01-13,08:39:01,INFO,WebServer,User u2923 login successful,E101,User {user} login successful
43197,2026-01-13,08:39:45,INFO,OrderProcessor,Page view: /home by u2280,E103,Page view: {page} by {user}
43198,2026-01-13,08:23:41,INFO,WebServer,Health check passed: WebServer,E102,Health check passed: {service}
43199,2026-01-13,08:17:26,INFO,PaymentGateway,Health check passed: PaymentGateway,E102,Health check passed: {service}
43200,2026-01-13,08:12:52,INFO,AuthService,Page view: /home by u3262,E103,Page view: {page} by {user}
43201,2026-01-13,08:02:51,INFO,WebServer,Page view: /home by u3710,E103,Page view: {page} by {user}
43202,2026-01-13,08:06:00,INFO,WebServer,Health check passed: WebServer,E102,Health check passed: {service}
43203,2026-01-13,08:55:27,INFO,AuthService,User u3570 login successful,E101,User {user} login successful
43204,2026-01-13,08:23:50,INFO,AuthService,Health check passed: AuthService,E102,Health check passed: {service}
43205,2026-01-13,08:04:12,INFO,OrderProcessor,User u3361 login successful,E101,User {user} login successful
43206,2026-01-13,08:17:37,INFO,WebServer,Health check passed: WebServer,E102,Health check passed: {service}
43207,2026-01-13,08:19:34,INFO,WebServer,Page view: /home by u3959,E103,Page view: {page} by {user}
43208,2026-01-13,08:01:28,INFO,InventoryDB,User u1932 login successful,E101,User {user} login successful
43209,2026-01-13,08:47:06,INFO,OrderProcessor,User u1479 login successful,E101,User {user} login successful
43210,2026-01-13,08:21:39,INFO,WebServer,Health check passed: WebServer,E102,Health check passed: {service}
43211,2026-01-13,08:19:40,INFO,AuthService,Page view: /home by u2237,E103,Page view: {page} by {user}
43212,2026-01-13,08:11:43,INFO,InventoryDB,Health check passed: InventoryDB,E102,Health check passed: {service}
43213,2026-01-13,08:14:15,INFO,WebServer,Page view: /home by u4723,E103,Page view: {page} by {user}
43214,2026-01-13,08:41:41,INFO,WebServer,Health check passed: WebServer,E102,Health check passed: {service}
43215,2026-01-13,08:59:47,INFO,PaymentGateway,Health check passed: PaymentGateway,E102,Health check passed: {service}
43216,2026-01-13,08:14:49,INFO,AuthService,User u1360 login successful,E101,User {user} login successful
43217,2026-01-13,08:21:40,INFO,AuthService,Health check passed: AuthService,E102,Health check passed: {service}
43218,2026-01-13,08:28:20,WARN,AuthService,Disk usage > 85% on node node-5,E202,Disk usage > 85% on node {node}
43219,2026-01-13,08:26:46,INFO,PaymentGateway,User u2543 login successful,E101,User {user} login successful
43220,2026-01-13,08:38:30,INFO,WebServer,Transaction tx499370 completed in 337ms,E104,Transaction {tx} completed in {time}ms
43221,2026-01-13,08:20:28,INFO,AuthService,Transaction tx623386 completed in 122ms,E104,Transaction {tx} completed in {time}ms
43222,2026-01-13,08:24:53,INFO,WebServer,Page view: /home by u1274,E103,Page view: {page} by {user}
43223,2026-01-13,08:41:47,INFO,AuthService,Page view: /home by u4149,E103,Page view: {page} by {user}
43224,2026-01-13,08:23:22,INFO,WebServer,Transaction tx511537 completed in 1525ms,E104,Transaction {tx} completed in {time}ms
43225,2026-01-13,08:52:03,INFO,WebServer,Health check passed: WebServer,E102,Health check passed: {service}
43226,2026-01-13,08:44:59,INFO,WebServer,User u3586 login successful,E101,User {user} login successful
43227,2026-01-13,08:27:19,INFO,PaymentGateway,Page view: /home by u4152,E103,Page view: {page} by {user}
43228,2026-01-13,08:39:23,INFO,AuthService,User u3833 login successful,E101,User {user} login successful
43229,2026-01-13,08:46:42,INFO,InventoryDB,Transaction tx479866 completed in 1265ms,E104,Transaction {tx} completed in {time}ms
43230,2026-01-13,08:51:23,INFO,WebServer,Health check passed: WebServer,E102,Health check passed: {service}
43231,2026-01-13,08:48:38,INFO,AuthService,Transaction tx235490 completed in 126ms,E104,Transaction {tx} completed in {time}ms
43232,2026-01-13,08:12:16,INFO,PaymentGateway,Transaction tx382815 completed in 1604ms,E104,Transaction {tx} completed in {time}ms
43233,2026-01-13,08:04:08,INFO,WebServer,Page view: /home by u3131,E103,Page view: {page} by {user}
43234,2026-01-13,08:19:46,INFO,WebServer,Health check passed: WebServer,E102,Health check passed: {service}
43235,2026-01-13,08:48:21,INFO,WebServer,Transaction tx883437 completed in 1499ms,E104,Transaction {tx} completed in {time}ms
43236,2026-01-13,08:01:38,INFO,WebServer,Page view: /home by u4604,E103,Page view: {page} by {user}
43237,2026-01-13,08:49:22,INFO,AuthService,User u3444 login successful,E101,User {user} login successful
43238,2026-01-13,08:54:41,INFO,OrderProcessor,Page view: /home by u3848,E103,Page view: {page} by {user}
43239,2026-01-13,08:36:23,INFO,OrderProcessor,Transaction tx870510 completed in 412ms,E104,Transaction {tx} completed in {time}ms
43240,2026-01-13,08:09:47,INFO,WebServer,Page view: /home by u4816,E103,Page view: {page} by {user}
43241,2026-01-13,08:25:03,INFO,PaymentGateway,User u4944 login successful,E101,User {user} login successful
43242,2026-01-13,08:23:38,INFO,WebServer,User u1389 login successful,E101,User {user} login successful
43243,2026-01-13,08:49:39,INFO,WebServer,User u3192 login successful,E101,User {user} login successful
43244,2026-01-13,08:50:56,INFO,WebServer,Transaction tx446825 completed in 84ms,E104,Transaction {tx} completed in {time}ms
43245,2026-01-13,08:29:19,INFO,AuthService,Health check passed: AuthService,E102,Health check passed: {service}
43246,2026-01-13,08:25:29,INFO,WebServer,Health check passed: WebServer,E102,Health check passed: {service}
43247,2026-01-13,08:53:29,INFO,AuthService,Transaction tx519284 completed in 1485ms,E104,Transaction {tx} completed in {time}ms
43248,2026-01-13,08:02:30,WARN,AuthService,High latency (1899ms) detected on AuthService,E201,High latency ({time}ms) detected on {service}
43249,2026-01-13,08:57:16,INFO,AuthService,User u3994 login successful,E101,User {user} login successful
43250,2026-01-13,08:05:49,INFO,WebServer,User u1841 login successful,E101,User {user} login successful
43251,2026-01-13,08:25:15,INFO,PaymentGateway,User u2815 login successful,E101,User {user} login successful
43252,2026-01-13,08:46:07,INFO,OrderProcessor,Health check passed: OrderProcessor,E102,Health check passed: {service}
43253,2026-01-13,08:33:58,INFO,WebServer,Transaction tx867256 completed in 765ms,E104,Transaction {tx} completed in {time}ms
43254,2026-01-13,08:11:06,INFO,PaymentGateway,Page view: /home by u2727,E103,Page view: {page} by {user}
43255,2026-01-13,08:31:34,INFO,WebServer,Page view: /home by u2824,E103,Page view: {page} by {user}
43256,2026-01-13,08:14:13,INFO,OrderProcessor,Transaction tx593265 completed in 732ms,E104,Transaction {tx} completed in {time}ms
43257,2026-01-13,08:22:10,WARN,WebServer,Unauthorized access attempt from 10.0.0.99,E401,Unauthorized access attempt from {ip}
43258,2026-01-13,08:26:42,INFO,AuthService,User u2689 login successful,E101,User {user} login successful
43259,2026-01-13,08:26:57,INFO,WebServer,Transaction tx527491 completed in 996ms,E104,Transaction {tx} completed in {time}ms
43260,2026-01-13,08:31:22,INFO,WebServer,Transaction tx637217 completed in 498ms,E104,Transaction {tx} completed in {time}ms
43261,2026-01-13,08:15:50,INFO,AuthService,User u2072 login successful,E101,User {user} login successful
43262,2026-01-13,08:03:45,INFO,AuthService,Transaction tx844885 completed in 570ms,E104,Transaction {tx} completed in {time}ms
43263,2026-01-13,08:18:43,WARN,WebServer,Disk usage > 85% on node node-5,E202,Disk usage > 85% on node {node}
43264,2026-01-13,08:34:20,INFO,AuthService,Health check passed: AuthService,E102,Health check passed: {service}
43265,2026-01-13,08:44:28,INFO,InventoryDB,User u1475 login successful,E101,User {user} login successful
43266,2026-01-13,08:25:21,INFO,PaymentGateway,User u1981 login successful,E101,User {user} login successful
43267,2026-01-13,08:28:04,INFO,WebServer,Health check passed: WebServer,E102,Health check passed: {service}
43268,2026-01-13,08:08:47,INFO,WebServer,Health check passed: WebServer,E102,Health check passed: {service}
43269,2026-01-13,08:04:08,INFO,WebServer,Transaction tx957077 completed in 333ms,E104,Transaction {tx} completed in {time}ms
43270,2026-01-13,08:00:41,INFO,WebServer,User u2395 login successful,E101,User {user} login successful
43271,2026-01-13,08:55:31,INFO,AuthService,Transaction tx290450 completed in 1585ms,E104,Transaction {tx} completed in {time}ms
43272,2026-01-13,08:32:10,INFO,WebServer,Health check passed: WebServer,E102,Health check passed: {service}
43273,2026-01-13,08:09:14,INFO,AuthService,Transaction tx541350 completed in 1900ms,E104,Transaction {tx} completed in {time}ms
43274,2026-01-13,08:32:12,INFO,WebServer,Health check passed: WebServer,E102,Health check passed: {service}
43275,2026-01-13,08:32:23,INFO,AuthService,Health check passed: AuthService,E102,Health check passed: {service}
43276,2026-01-13,08:17:34,INFO,AuthService,User u2712 login successful,E101,User {user} login successful
43277,2026-01-13,08:42:04,INFO,AuthService,Page view: /home by u3124,E103,Page view: {page} by {user}
43278,2026-01-13,08:22:01,INFO,WebServer,Page view: /home by u2272,E103,Page view: {page} by {user}
43279,2026-01-13,08:25:41,INFO,WebServer,User u4313 login successful,E101,User {user} login successful
43280,2026-01-13,08:51:11,INFO,OrderProcessor,Transaction tx451681 completed in 354ms,E104,Transaction {tx} completed in {time}ms
43281,2026-01-13,08:05:56,WARN,WebServer,High latency (1906ms) detected on WebServer,E201,High latency ({time}ms) detected on {service}
43282,2026-01-13,08:28:03,INFO,OrderProcessor,Health check passed: OrderProcessor,E102,Health check passed: {service}
43283,2026-01-13,08:25:49,INFO,AuthService,Health check passed: AuthService,E102,Health check passed: {service}
43284,2026-01-13,08:07:29,INFO,PaymentGateway,Health check passed: PaymentGateway,E102,Health check passed: {service}
43285,2026-01-13,08:50:23,INFO,WebServer,Page view: /home by u2423,E103,Page view: {page} by {user}
43286,2026-01-13,08:26:45,INFO,WebServer,Page view: /home by u2107,E103,Page view: {page} by {user}
43287,2026-01-13,08:05:21,INFO,WebServer,Transaction tx192840 completed in 444ms,E104,Transaction {tx} completed in {time}ms
43288,2026-01-13,08:43:18,INFO,AuthService,Page view: /home by u1614,E103,Page view: {page} by {user}
43289,2026-01-13,08:12:29,INFO,WebServer,User u3474 login successful,E101,User {user} login successful
43290,2026-01-13,08:16:28,INFO,WebServer,Health check passed: WebServer,E102,Health check passed: {service}
43291,2026-01-13,08:55:21,INFO,WebServer,User u1410 login successful,E101,User {user} login successful
43292,2026-01-13,08:43:35,INFO,AuthService,Page view: /home by u4746,E103,Page view: {page} by {user}
43293,2026-01-13,08:58:28,ERROR,InventoryDB,Connection refused to InventoryDB at 10.0.0.45,E501,Connection refused to {service} at {ip}
43294,2026-01-13,08:23:26,INFO,WebServer,Page view: /home by u2505,E103,Page view: {page} by {user}
43295,2026-01-13,08:52:22,INFO,AuthService,Page view: /home by u1689,E103,Page view: {page} by {user}
43296,2026-01-13,08:56:27,INFO,WebServer,Page view: /home by u3611,E103,Page view: {page} by {user}
43297,2026-01-13,08:00:23,INFO,WebServer,User u3282 login successful,E101,User {user} login successful
43298,2026-01-13,08:43:21,INFO,InventoryDB,Page view: /home by u2995,E103,Page view: {page} by {user}
43299,2026-01-13,08:53:01,INFO,AuthService,Health check passed: AuthService,E102,Health check passed: {service}
43300,2026-01-13,08:28:21,INFO,WebServer,Transaction tx527963 completed in 847ms,E104,Transaction {tx} completed in {time}ms
43301,2026-01-13,08:28:48,INFO,AuthService,Transaction tx678296 completed in 123ms,E104,Transaction {tx} completed in {time}ms
43302,2026-01-13,08:03:18,INFO,WebServer,Health check passed: WebServer,E102,Health check passed: {service}
43303,2026-01-13,08:14:59,INFO,PaymentGateway,Page view: /home by u3625,E103,Page view: {page} by {user}
43304,2026-01-13,08:29:00,WARN,WebServer,Unauthorized access attempt from 10.0.0.12,E401,Unauthorized access attempt from {ip}
43305,2026-01-13,08:49:10,INFO,WebServer,Page view: /home by u1890,E103,Page view: {page} by {user}
43306,2026-01-13,08:14:48,INFO,InventoryDB,Health check passed: InventoryDB,E102,Health check passed: {service}
43307,2026-01-13,08:14:30,INFO,PaymentGateway,Health check passed: PaymentGateway,E102,Health check passed: {service}
43308,2026-01-13,08:55:27,INFO,WebServer,Page view: /home by u4296,E103,Page view: {page} by {user}
43309,2026-01-13,08:39:44,INFO,OrderProcessor,Page view: /home by u3216,E103,Page view: {page} by {user}
43310,2026-01-13,08:45:54,INFO,AuthService,User u3454 login successful,E101,User {user} login successful
43311,2026-01-13,08:59:28,INFO,WebServer,Health check passed: WebServer,E102,Health check passed: {service}
43312,2026-01-13,08:27:22,INFO,WebServer,Health check passed: WebServer,E102,Health check passed: {service}
43313,2026-01-13,08:17:42,INFO,WebServer,Transaction tx714797 completed in 1272ms,E104,Transaction {tx} completed in {time}ms
43314,2026-01-13,08:52:37,INFO,AuthService,Health check passed: AuthService,E102,Health check passed: {service}
43315,2026-01-13,08:08:24,INFO,WebServer,Page view: /home by u3791,E103,Page view: {page} by {user}
43316,2026-01-13,08:55:56,INFO,PaymentGateway,User u2483 login successful,E101,User {user} login successful
43317,2026-01-13,08:15:34,INFO,OrderProcessor,Health check passed: OrderProcessor,E102,Health check passed: {service}
43318,2026-01-13,08:10:38,INFO,WebServer,Transaction tx102248 completed in 1485ms,E104,Transaction {tx} completed in {time}ms
43319,2026-01-13,08:37:38,ERROR,WebServer,Connection refused to WebServer at 10.0.0.45,E501,Connection refused to {service} at {ip}
43320,2026-01-13,08:28:00,INFO,WebServer,Health check passed: WebServer,E102,Health check passed: {service}
43321,2026-01-13,08:34:23,INFO,OrderProcessor,Page view: /home by u4578,E103,Page view: {page} by {user}
43322,2026-01-13,08:35:06,INFO,AuthService,Transaction tx571789 completed in 1441ms,E104,Transaction {tx} completed in {time}ms
43323,2026-01-13,08:18:19,INFO,OrderProcessor,User u3481 login successful,E101,User {user} login successful
43324,2026-01-13,08:44:08,INFO,AuthService,Page view: /home by u2696,E103,Page view: {page} by {user}
43325,2026-01-13,08:52:28,INFO,AuthService,Health check passed: AuthService,E102,Health check passed: {service}
43326,2026-01-13,08:31:28,INFO,WebServer,Health check passed: WebServer,E102,Health check passed: {service}
43327,2026-01-13,08:49:05,INFO,WebServer,Health check passed: WebServer,E102,Health check passed: {service}
43328,2026-01-13,08:07:45,INFO,WebServer,User u2031 login successful,E101,User {user} login successful
43329,2026-01-13,08:49:33,INFO,WebServer,Health check passed: WebServer,E102,Health check passed: {service}
43330,2026-01-13,08:46:10,INFO,WebServer,User u3760 login successful,E101,User {user} login successful
43331,2026-01-13,08:24:37,INFO,WebServer,Transaction tx982402 completed in 617ms,E104,Transaction {tx} completed in {time}ms
43332,2026-01-13,08:36:03,INFO,AuthService,Transaction tx566083 completed in 1766ms,E104,Transaction {tx} completed in {time}ms
43333,2026-01-13,08:14:15,INFO,WebServer,User u2686 login successful,E101,User {user} login successful
43334,2026-01-13,08:12:18,WARN,AuthService,Disk usage > 85% on node node-3,E202,Disk usage > 85% on node {node}
43335,2026-01-13,08:41:41,WARN,OrderProcessor,Unauthorized access attempt from 10.0.0.45,E401,Unauthorized access attempt from {ip}
43336,2026-01-13,08:42:51,INFO,InventoryDB,Transaction tx543103 completed in 1969ms,E104,Transaction {tx} completed in {time}ms
43337,2026-01-13,08:00:17,INFO,WebServer,Health check passed: WebServer,E102,Health check passed: {service}
43338,2026-01-13,08:50:33,INFO,PaymentGateway,User u3316 login successful,E101,User {user} login successful
43339,2026-01-13,08:03:45,INFO,WebServer,Transaction tx128592 completed in 596ms,E104,Transaction {tx} completed in {time}ms
43340,2026-01-13,08:18:08,INFO,OrderProcessor,Page view: /home by u1946,E103,Page view: {page} by {user}
43341,2026-01-13,08:55:14,ERROR,WebServer,Connection refused to WebServer at 10.0.0.12,E501,Connection refused to {service} at {ip}
43342,2026-01-13,08:21:51,INFO,WebServer,Transaction tx980495 completed in 40ms,E104,Transaction {tx} completed in {time}ms
43343,2026-01-13,08:07:52,INFO,OrderProcessor,Health check passed: OrderProcessor,E102,Health check passed: {service}
43344,2026-01-13,08:02:56,INFO,WebServer,Page view: /home by u1838,E103,Page view: {page} by {user}
43345,2026-01-13,08:33:46,INFO,PaymentGateway,User u4640 login successful,E101,User {user} login successful
43346,2026-01-13,08:16:31,INFO,PaymentGateway,Health check passed: PaymentGateway,E102,Health check passed: {service}
43347,2026-01-13,08:02:46,INFO,WebServer,Page view: /home by u2300,E103,Page view: {page} by {user}
43348,2026-01-13,08:22:52,INFO,WebServer,Health check passed: WebServer,E102,Health check passed: {service}
43349,2026-01-13,08:19:43,INFO,AuthService,Page view: /home by u1710,E103,Page view: {page} by {user}
43350,2026-01-13,08:39:45,INFO,PaymentGateway,Transaction tx987822 completed in 1250ms,E104,Transaction {tx} completed in {time}ms
43351,2026-01-13,08:07:55,INFO,WebServer,Health check passed: WebServer,E102,Health check passed: {service}
43352,2026-01-13,08:18:59,INFO,WebServer,Health check passed: WebServer,E102,Health check passed: {service}
43353,2026-01-13,08:34:42,INFO,WebServer,User u2225 login successful,E101,User {user} login successful
43354,2026-01-13,08:51:44,INFO,WebServer,User u4841 login successful,E101,User {user} login successful
43355,2026-01-13,08:28:37,INFO,PaymentGateway,Transaction tx925460 completed in 470ms,E104,Transaction {tx} completed in {time}ms
43356,2026-01-13,08:16:35,INFO,WebServer,Transaction tx943781 completed in 235ms,E104,Transaction {tx} completed in {time}ms
43357,2026-01-13,08:02:07,INFO,OrderProcessor,User u1458 login successful,E101,User {user} login successful
43358,2026-01-13,08:35:34,INFO,WebServer,User u3797 login successful,E101,User {user} login successful
43359,2026-01-13,08:03:55,INFO,WebServer,Health check passed: WebServer,E102,Health check passed: {service}
43360,2026-01-13,08:29:47,CRITICAL,OrderProcessor,KERNEL PANIC: Node node-1 crashed,E601,KERNEL PANIC: Node {node} crashed
43361,2026-01-13,08:08:58,INFO,AuthService,User u3759 login successful,E101,User {user} login successful
43362,2026-01-13,08:56:51,INFO,AuthService,Transaction tx448414 completed in 310ms,E104,Transaction {tx} completed in {time}ms
43363,2026-01-13,08:33:55,INFO,WebServer,Transaction tx913178 completed in 1727ms,E104,Transaction {tx} completed in {time}ms
43364,2026-01-13,08:26:21,INFO,WebServer,User u1512 login successful,E101,User {user} login successful
43365,2026-01-13,08:39:40,INFO,WebServer,Transaction tx253543 completed in 990ms,E104,Transaction {tx} completed in {time}ms
43366,2026-01-13,08:23:50,INFO,AuthService,Transaction tx405278 completed in 479ms,E104,Transaction {tx} completed in {time}ms
43367,2026-01-13,08:27:51,INFO,AuthService,User u1361 login successful,E101,User {user} login successful
43368,2026-01-13,08:14:21,WARN,WebServer,Unauthorized access attempt from 10.0.0.45,E401,Unauthorized access attempt from {ip}
43369,2026-01-13,08:53:43,INFO,WebServer,Page view: /home by u3068,E103,Page view: {page} by {user}
43370,2026-01-13,08:14:24,INFO,OrderProcessor,User u1023 login successful,E101,User {user} login successful
43371,2026-01-13,08:47:04,INFO,PaymentGateway,Health check passed: PaymentGateway,E102,Health check passed: {service}
43372,2026-01-13,08:04:47,INFO,WebServer,Page view: /home by u2821,E103,Page view: {page} by {user}
43373,2026-01-13,08:10:40,INFO,InventoryDB,User u4085 login successful,E101,User {user} login successful
43374,2026-01-13,08:31:29,INFO,InventoryDB,Health check passed: InventoryDB,E102,Health check passed: {service}
43375,2026-01-13,08:15:03,INFO,WebServer,Page view: /home by u2165,E103,Page view: {page} by {user}
43376,2026-01-13,08:59:55,INFO,AuthService,User u4891 login successful,E101,User {user} login successful
43377,2026-01-13,08:44:34,INFO,WebServer,User u4709 login successful,E101,User {user} login successful
43378,2026-01-13,08:42:30,INFO,WebServer,Transaction tx771807 completed in 887ms,E104,Transaction {tx} completed in {time}ms
43379,2026-01-13,08:21:48,INFO,InventoryDB,Health check passed: InventoryDB,E102,Health check passed: {service}
43380,2026-01-13,08:23:58,INFO,AuthService,Transaction tx314572 completed in 215ms,E104,Transaction {tx} completed in {time}ms
43381,2026-01-13,08:41:37,INFO,WebServer,Health check passed: WebServer,E102,Health check passed: {service}
43382,2026-01-13,08:18:28,INFO,WebServer,Page view: /home by u2134,E103,Page view: {page} by {user}
43383,2026-01-13,08:40:08,INFO,WebServer,User u4389 login successful,E101,User {user} login successful
43384,2026-01-13,08:10:42,INFO,AuthService,User u3553 login successful,E101,User {user} login successful
43385,2026-01-13,08:55:06,INFO,PaymentGateway,Health check passed: PaymentGateway,E102,Health check passed: {service}
43386,2026-01-13,08:27:18,INFO,InventoryDB,Transaction tx437017 completed in 1187ms,E104,Transaction {tx} completed in {time}ms
43387,2026-01-13,08:56:44,INFO,OrderProcessor,Transaction tx894256 completed in 1489ms,E104,Transaction {tx} completed in {time}ms
43388,2026-01-13,08:30:07,INFO,InventoryDB,Page view: /home by u2883,E103,Page view: {page} by {user}
43389,2026-01-13,08:30:28,ERROR,WebServer,Timeout waiting for lock on InventoryDB,E502,Timeout waiting for lock on {db}
43390,2026-01-13,08:07:04,INFO,WebServer,User u4575 login successful,E101,User {user} login successful
43391,2026-01-13,08:01:45,INFO,PaymentGateway,User u1352 login successful,E101,User {user} login successful
43392,2026-01-13,08:19:30,INFO,PaymentGateway,Health check passed: PaymentGateway,E102,Health check passed: {service}
43393,2026-01-13,08:22:47,INFO,WebServer,User u1486 login successful,E101,User {user} login successful
43394,2026-01-13,08:44:41,INFO,OrderProcessor,Health check passed: OrderProcessor,E102,Health check passed: {service}
43395,2026-01-13,08:32:41,INFO,WebServer,Health check passed: WebServer,E102,Health check passed: {service}
43396,2026-01-13,08:47:50,INFO,WebServer,User u2544 login successful,E101,User {user} login successful
43397,2026-01-13,08:32:50,INFO,AuthService,Transaction tx943521 completed in 155ms,E104,Transaction {tx} completed in {time}ms
43398,2026-01-13,08:21:20,INFO,AuthService,User u1683 login successful,E101,User {user} login successful
43399,2026-01-13,08:45:25,INFO,WebServer,Transaction tx954919 completed in 1809ms,E104,Transaction {tx} completed in {time}ms
43400,2026-01-13,08:25:01,INFO,WebServer,Transaction tx782150 completed in 1816ms,E104,Transaction {tx} completed in {time}ms
43401,2026-01-13,08:55:50,INFO,AuthService,Transaction tx239944 completed in 869ms,E104,Transaction {tx} completed in {time}ms
43402,2026-01-13,08:21:25,INFO,PaymentGateway,User u3907 login successful,E101,User {user} login successful
43403,2026-01-13,08:00:57,INFO,WebServer,Page view: /home by u2999,E103,Page view: {page} by {user}
43404,2026-01-13,08:07:40,INFO,WebServer,Transaction tx602998 completed in 947ms,E104,Transaction {tx} completed in {time}ms
43405,2026-01-13,08:44:06,INFO,AuthService,Page view: /home by u3108,E103,Page view: {page} by {user}
43406,2026-01-13,08:26:53,INFO,OrderProcessor,Health check passed: OrderProcessor,E102,Health check passed: {service}
43407,2026-01-13,08:28:57,INFO,OrderProcessor,Page view: /home by u1530,E103,Page view: {page} by {user}
43408,2026-01-13,08:00:16,INFO,WebServer,Page view: /home by u2343,E103,Page view: {page} by {user}
43409,2026-01-13,08:05:51,INFO,OrderProcessor,Health check passed: OrderProcessor,E102,Health check passed: {service}
43410,2026-01-13,08:14:59,INFO,AuthService,Health check passed: AuthService,E102,Health check passed: {service}
43411,2026-01-13,08:07:01,INFO,PaymentGateway,Health check passed: PaymentGateway,E102,Health check passed: {service}
43412,2026-01-13,08:57:26,INFO,WebServer,Page view: /home by u2306,E103,Page view: {page} by {user}
43413,2026-01-13,08:42:34,INFO,AuthService,Health check passed: AuthService,E102,Health check passed: {service}
43414,2026-01-13,08:01:12,INFO,PaymentGateway,Transaction tx401969 completed in 816ms,E104,Transaction {tx} completed in {time}ms
43415,2026-01-13,08:49:14,INFO,WebServer,Health check passed: WebServer,E102,Health check passed: {service}
43416,2026-01-13,08:08:08,INFO,AuthService,Health check passed: AuthService,E102,Health check passed: {service}
43417,2026-01-13,08:29:40,INFO,WebServer,Health check passed: WebServer,E102,Health check passed: {service}
43418,2026-01-13,08:50:29,INFO,WebServer,Transaction tx903358 completed in 20ms,E104,Transaction {tx} completed in {time}ms
43419,2026-01-13,08:58:53,INFO,InventoryDB,Page view: /home by u4898,E103,Page view: {page} by {user}
43420,2026-01-13,08:05:58,INFO,WebServer,Transaction tx930540 completed in 1848ms,E104,Transaction {tx} completed in {time}ms
43421,2026-01-13,08:15:41,WARN,WebServer,High latency (695ms) detected on WebServer,E201,High latency ({time}ms) detected on {service}
43422,2026-01-13,08:44:21,INFO,WebServer,Transaction tx810651 completed in 1373ms,E104,Transaction {tx} completed in {time}ms
43423,2026-01-13,08:29:46,INFO,WebServer,Page view: /home by u1322,E103,Page view: {page} by {user}
43424,2026-01-13,08:50:49,INFO,OrderProcessor,Transaction tx878497 completed in 138ms,E104,Transaction {tx} completed in {time}ms
43425,2026-01-13,08:39:09,INFO,WebServer,Health check passed: WebServer,E102,Health check passed: {service}
43426,2026-01-13,08:20:05,INFO,AuthService,Page view: /home by u3458,E103,Page view: {page} by {user}
43427,2026-01-13,08:15:46,INFO,PaymentGateway,User u4013 login successful,E101,User {user} login successful
43428,2026-01-13,08:58:14,INFO,AuthService,Transaction tx304871 completed in 1024ms,E104,Transaction {tx} completed in {time}ms
43429,2026-01-13,08:48:55,INFO,WebServer,Health check passed: WebServer,E102,Health check passed: {service}
43430,2026-01-13,08:40:03,INFO,AuthService,User u3640 login successful,E101,User {user} login successful
43431,2026-01-13,08:22:35,INFO,WebServer,Health check passed: WebServer,E102,Health check passed: {service}
43432,2026-01-13,08:01:07,INFO,WebServer,Page view: /home by u3620,E103,Page view: {page} by {user}
43433,2026-01-13,08:33:26,INFO,InventoryDB,Health check passed: InventoryDB,E102,Health check passed: {service}
43434,2026-01-13,08:24:37,INFO,WebServer,User u2015 login successful,E101,User {user} login successful
43435,2026-01-13,08:11:31,INFO,WebServer,User u1090 login successful,E101,User {user} login successful
43436,2026-01-13,08:30:12,INFO,WebServer,Health check passed: WebServer,E102,Health check passed: {service}
43437,2026-01-13,08:43:59,INFO,WebServer,Health check passed: WebServer,E102,Health check passed: {service}
43438,2026-01-13,08:42:43,INFO,WebServer,Page view: /home by u3476,E103,Page view: {page} by {user}
43439,2026-01-13,08:59:31,INFO,WebServer,User u4057 login successful,E101,User {user} login successful
43440,2026-01-13,08:22:14,INFO,WebServer,Page view: /home by u4785,E103,Page view: {page} by {user}
43441,2026-01-13,08:51:15,INFO,WebServer,Transaction tx917175 completed in 915ms,E104,Transaction {tx} completed in {time}ms
43442,2026-01-13,08:24:02,INFO,PaymentGateway,Page view: /home by u4553,E103,Page view: {page} by {user}
43443,2026-01-13,08:37:42,INFO,PaymentGateway,Health check passed: PaymentGateway,E102,Health check passed: {service}
43444,2026-01-13,08:37:34,INFO,OrderProcessor,Transaction tx518374 completed in 641ms,E104,Transaction {tx} completed in {time}ms
43445,2026-01-13,08:07:09,INFO,WebServer,Page view: /home by u1591,E103,Page view: {page} by {user}
43446,2026-01-13,08:20:48,INFO,WebServer,Page view: /home by u4198,E103,Page view: {page} by {user}
43447,2026-01-13,08:01:04,INFO,OrderProcessor,Transaction tx748191 completed in 1831ms,E104,Transaction {tx} completed in {time}ms
43448,2026-01-13,08:41:13,INFO,WebServer,User u3862 login successful,E101,User {user} login successful
43449,2026-01-13,08:55:30,INFO,PaymentGateway,User u3420 login successful,E101,User {user} login successful
43450,2026-01-13,08:42:48,INFO,WebServer,Page view: /home by u2763,E103,Page view: {page} by {user}
43451,2026-01-13,08:47:47,INFO,WebServer,User u2176 login successful,E101,User {user} login successful
43452,2026-01-13,08:29:07,INFO,WebServer,Health check passed: WebServer,E102,Health check passed: {service}
43453,2026-01-13,08:02:39,INFO,InventoryDB,Page view: /home by u2768,E103,Page view: {page} by {user}
43454,2026-01-13,08:52:37,WARN,PaymentGateway,Unauthorized access attempt from 10.0.0.45,E401,Unauthorized access attempt from {ip}
43455,2026-01-13,08:10:23,INFO,WebServer,Page view: /home by u3247,E103,Page view: {page} by {user}
43456,2026-01-13,08:17:37,INFO,PaymentGateway,Transaction tx201658 completed in 469ms,E104,Transaction {tx} completed in {time}ms
43457,2026-01-13,08:48:54,INFO,PaymentGateway,Health check passed: PaymentGateway,E102,Health check passed: {service}
43458,2026-01-13,08:22:15,INFO,PaymentGateway,User u3882 login successful,E101,User {user} login successful
43459,2026-01-13,08:46:49,INFO,WebServer,Transaction tx788095 completed in 426ms,E104,Transaction {tx} completed in {time}ms
43460,2026-01-13,08:06:00,INFO,WebServer,Page view: /home by u3725,E103,Page view: {page} by {user}
43461,2026-01-13,08:07:21,INFO,PaymentGateway,User u1140 login successful,E101,User {user} login successful
43462,2026-01-13,08:06:56,INFO,WebServer,Transaction tx922598 completed in 1630ms,E104,Transaction {tx} completed in {time}ms
43463,2026-01-13,08:03:59,INFO,AuthService,Page view: /home by u2325,E103,Page view: {page} by {user}
43464,2026-01-13,08:06:23,INFO,AuthService,Page view: /home by u2760,E103,Page view: {page} by {user}
43465,2026-01-13,08:06:54,INFO,WebServer,Page view: /home by u3758,E103,Page view: {page} by {user}
43466,2026-01-13,08:21:38,INFO,AuthService,Health check passed: AuthService,E102,Health check passed: {service}
43467,2026-01-13,08:04:11,INFO,WebServer,Health check passed: WebServer,E102,Health check passed: {service}
43468,2026-01-13,08:17:51,INFO,WebServer,Health check passed: WebServer,E102,Health check passed: {service}
43469,2026-01-13,08:51:54,INFO,WebServer,Transaction tx350911 completed in 1824ms,E104,Transaction {tx} completed in {time}ms
43470,2026-01-13,08:51:28,INFO,WebServer,Transaction tx565853 completed in 658ms,E104,Transaction {tx} completed in {time}ms
43471,2026-01-13,08:47:20,INFO,WebServer,Transaction tx593699 completed in 408ms,E104,Transaction {tx} completed in {time}ms
43472,2026-01-13,08:59:51,WARN,WebServer,High latency (1919ms) detected on WebServer,E201,High latency ({time}ms) detected on {service}
43473,2026-01-13,08:23:29,INFO,PaymentGateway,User u4147 login successful,E101,User {user} login successful
43474,2026-01-13,08:03:33,INFO,AuthService,Transaction tx124464 completed in 1417ms,E104,Transaction {tx} completed in {time}ms
43475,2026-01-13,08:17:53,INFO,OrderProcessor,Health check passed: OrderProcessor,E102,Health check passed: {service}
43476,2026-01-13,08:48:23,INFO,PaymentGateway,User u3311 login successful,E101,User {user} login successful
43477,2026-01-13,08:29:00,INFO,AuthService,Transaction tx716625 completed in 1896ms,E104,Transaction {tx} completed in {time}ms
43478,2026-01-13,08:59:27,WARN,AuthService,Unauthorized access attempt from 10.0.0.12,E401,Unauthorized access attempt from {ip}
43479,2026-01-13,08:53:41,INFO,AuthService,Health check passed: AuthService,E102,Health check passed: {service}
43480,2026-01-13,08:53:41,INFO,PaymentGateway,User u4803 login successful,E101,User {user} login successful
43481,2026-01-13,08:22:28,INFO,WebServer,User u4533 login successful,E101,User {user} login successful
43482,2026-01-13,08:31:20,INFO,WebServer,User u4841 login successful,E101,User {user} login successful
43483,2026-01-13,08:10:06,INFO,WebServer,Transaction tx989828 completed in 556ms,E104,Transaction {tx} completed in {time}ms
43484,2026-01-13,08:15:04,WARN,AuthService,Disk usage > 85% on node node-4,E202,Disk usage > 85% on node {node}
43485,2026-01-13,08:52:31,INFO,OrderProcessor,Page view: /home by u2724,E103,Page view: {page} by {user}
43486,2026-01-13,08:19:45,INFO,PaymentGateway,User u2525 login successful,E101,User {user} login successful
43487,2026-01-13,08:32:51,INFO,PaymentGateway,User u1346 login successful,E101,User {user} login successful
43488,2026-01-13,08:28:32,INFO,WebServer,User u2330 login successful,E101,User {user} login successful
43489,2026-01-13,08:20:07,INFO,WebServer,User u2096 login successful,E101,User {user} login successful
43490,2026-01-13,08:02:21,INFO,WebServer,Transaction tx100084 completed in 1663ms,E104,Transaction {tx} completed in {time}ms
43491,2026-01-13,08:00:56,INFO,OrderProcessor,Health check passed: OrderProcessor,E102,Health check passed: {service}
43492,2026-01-13,08:40:46,INFO,WebServer,Page view: /home by u3944,E103,Page view: {page} by {user}
43493,2026-01-13,08:45:07,INFO,InventoryDB,Transaction tx719329 completed in 1121ms,E104,Transaction {tx} completed in {time}ms
43494,2026-01-13,08:40:39,INFO,InventoryDB,Transaction tx894954 completed in 1021ms,E104,Transaction {tx} completed in {time}ms
43495,2026-01-13,08:36:39,INFO,AuthService,Transaction tx888338 completed in 21ms,E104,Transaction {tx} completed in {time}ms
43496,2026-01-13,08:31:00,INFO,WebServer,User u3958 login successful,E101,User {user} login successful
43497,2026-01-13,08:36:01,INFO,WebServer,Transaction tx795627 completed in 65ms,E104,Transaction {tx} completed in {time}ms
43498,2026-01-13,08:08:55,INFO,OrderProcessor,Health check passed: OrderProcessor,E102,Health check passed: {service}
43499,2026-01-13,08:42:26,INFO,AuthService,User u2312 login successful,E101,User {user} login successful
43500,2026-01-13,08:02:17,INFO,WebServer,Page view: /home by u4673,E103,Page view: {page} by {user}
43501,2026-01-13,08:27:48,INFO,WebServer,Page view: /home by u4648,E103,Page view: {page} by {user}
43502,2026-01-13,08:55:27,INFO,WebServer,User u2589 login successful,E101,User {user} login successful
43503,2026-01-13,08:58:09,INFO,WebServer,Transaction tx814717 completed in 1202ms,E104,Transaction {tx} completed in {time}ms
43504,2026-01-13,08:24:09,INFO,WebServer,Page view: /home by u2932,E103,Page view: {page} by {user}
43505,2026-01-13,08:33:00,INFO,WebServer,Transaction tx689885 completed in 1283ms,E104,Transaction {tx} completed in {time}ms
43506,2026-01-13,08:53:57,INFO,AuthService,User u1895 login successful,E101,User {user} login successful
43507,2026-01-13,08:44:17,INFO,PaymentGateway,Health check passed: PaymentGateway,E102,Health check passed: {service}
43508,2026-01-13,08:39:01,INFO,WebServer,User u3236 login successful,E101,User {user} login successful
43509,2026-01-13,08:57:44,INFO,PaymentGateway,Health check passed: PaymentGateway,E102,Health check passed: {service}
43510,2026-01-13,08:26:30,WARN,OrderProcessor,Disk usage > 85% on node node-2,E202,Disk usage > 85% on node {node}
43511,2026-01-13,08:42:20,INFO,WebServer,User u1178 login successful,E101,User {user} login successful
43512,2026-01-13,08:20:41,INFO,WebServer,Transaction tx914017 completed in 1429ms,E104,Transaction {tx} completed in {time}ms
43513,2026-01-13,08:51:09,INFO,WebServer,Transaction tx335341 completed in 1768ms,E104,Transaction {tx} completed in {time}ms
43514,2026-01-13,08:19:51,INFO,AuthService,User u2081 login successful,E101,User {user} login successful
43515,2026-01-13,08:26:10,INFO,AuthService,User u2096 login successful,E101,User {user} login successful
43516,2026-01-13,08:33:04,INFO,InventoryDB,Health check passed: InventoryDB,E102,Health check passed: {service}
43517,2026-01-13,08:08:06,INFO,PaymentGateway,User u3876 login successful,E101,User {user} login successful
43518,2026-01-13,08:01:27,INFO,OrderProcessor,User u1959 login successful,E101,User {user} login successful
43519,2026-01-13,08:39:12,INFO,OrderProcessor,User u2862 login successful,E101,User {user} login successful
43520,2026-01-13,08:02:19,INFO,WebServer,Page view: /home by u3580,E103,Page view: {page} by {user}
43521,2026-01-13,08:00:37,INFO,PaymentGateway,Page view: /home by u2605,E103,Page view: {page} by {user}
43522,2026-01-13,08:35:12,INFO,WebServer,Page view: /home by u3568,E103,Page view: {page} by {user}
43523,2026-01-13,08:34:04,INFO,InventoryDB,Health check passed: InventoryDB,E102,Health check passed: {service}
43524,2026-01-13,08:04:40,INFO,WebServer,User u3661 login successful,E101,User {user} login successful
43525,2026-01-13,08:12:36,INFO,AuthService,Health check passed: AuthService,E102,Health check passed: {service}
43526,2026-01-13,08:13:30,INFO,WebServer,User u4842 login successful,E101,User {user} login successful
43527,2026-01-13,08:55:25,INFO,WebServer,Transaction tx642715 completed in 417ms,E104,Transaction {tx} completed in {time}ms
43528,2026-01-13,08:01:38,INFO,WebServer,Page view: /home by u3515,E103,Page view: {page} by {user}
43529,2026-01-13,08:00:04,INFO,WebServer,Transaction tx947498 completed in 1058ms,E104,Transaction {tx} completed in {time}ms
43530,2026-01-13,08:25:03,INFO,InventoryDB,User u4768 login successful,E101,User {user} login successful
43531,2026-01-13,08:25:22,INFO,WebServer,Health check passed: WebServer,E102,Health check passed: {service}
43532,2026-01-13,08:59:42,INFO,InventoryDB,Health check passed: InventoryDB,E102,Health check passed: {service}
43533,2026-01-13,08:01:49,INFO,WebServer,Page view: /home by u1856,E103,Page view: {page} by {user}
43534,2026-01-13,08:18:15,INFO,WebServer,Health check passed: WebServer,E102,Health check passed: {service}
43535,2026-01-13,08:30:56,INFO,WebServer,Page view: /home by u1576,E103,Page view: {page} by {user}
43536,2026-01-13,08:21:01,INFO,WebServer,User u3815 login successful,E101,User {user} login successful
43537,2026-01-13,08:37:02,INFO,WebServer,Health check passed: WebServer,E102,Health check passed: {service}
43538,2026-01-13,08:04:59,INFO,OrderProcessor,Page view: /home by u3639,E103,Page view: {page} by {user}
43539,2026-01-13,08:08:17,INFO,InventoryDB,Health check passed: InventoryDB,E102,Health check passed: {service}
43540,2026-01-13,08:50:48,INFO,PaymentGateway,Transaction tx434067 completed in 539ms,E104,Transaction {tx} completed in {time}ms
43541,2026-01-13,08:35:04,INFO,WebServer,User u2873 login successful,E101,User {user} login successful
43542,2026-01-13,08:43:41,INFO,WebServer,User u3573 login successful,E101,User {user} login successful
43543,2026-01-13,09:14:55,INFO,WebServer,Health check passed: WebServer,E102,Health check passed: {service}
43544,2026-01-13,09:55:56,INFO,WebServer,User u3529 login successful,E101,User {user} login successful
43545,2026-01-13,09:46:36,INFO,OrderProcessor,Health check passed: OrderProcessor,E102,Health check passed: {service}
43546,2026-01-13,09:47:13,INFO,AuthService,Page view: /home by u1926,E103,Page view: {page} by {user}
43547,2026-01-13,09:22:10,INFO,WebServer,Transaction tx370900 completed in 634ms,E104,Transaction {tx} completed in {time}ms
43548,2026-01-13,09:09:33,INFO,AuthService,Health check passed: AuthService,E102,Health check passed: {service}
43549,2026-01-13,09:48:11,INFO,AuthService,Health check passed: AuthService,E102,Health check passed: {service}
43550,2026-01-13,09:19:01,INFO,WebServer,Page view: /home by u2377,E103,Page view: {page} by {user}
43551,2026-01-13,09:02:05,INFO,OrderProcessor,Health check passed: OrderProcessor,E102,Health check passed: {service}
43552,2026-01-13,09:31:06,INFO,WebServer,Health check passed: WebServer,E102,Health check passed: {service}
43553,2026-01-13,09:31:16,INFO,WebServer,Transaction tx657586 completed in 208ms,E104,Transaction {tx} completed in {time}ms
43554,2026-01-13,09:06:23,INFO,AuthService,Page view: /home by u4226,E103,Page view: {page} by {user}
43555,2026-01-13,09:08:23,INFO,OrderProcessor,Transaction tx732579 completed in 1490ms,E104,Transaction {tx} completed in {time}ms
43556,2026-01-13,09:49:45,ERROR,AuthService,Payment declined: Gateway unavailable,E503,Payment declined: Gateway unavailable
43557,2026-01-13,09:53:28,INFO,AuthService,Health check passed: AuthService,E102,Health check passed: {service}
43558,2026-01-13,09:07:33,INFO,WebServer,Transaction tx595122 completed in 738ms,E104,Transaction {tx} completed in {time}ms
43559,2026-01-13,09:19:15,WARN,AuthService,Disk usage > 85% on node node-4,E202,Disk usage > 85% on node {node}
43560,2026-01-13,09:55:09,INFO,WebServer,User u4846 login successful,E101,User {user} login successful
43561,2026-01-13,09:49:55,INFO,WebServer,User u2157 login successful,E101,User {user} login successful
43562,2026-01-13,09:52:43,INFO,PaymentGateway,User u4493 login successful,E101,User {user} login successful
43563,2026-01-13,09:44:32,INFO,WebServer,Health check passed: WebServer,E102,Health check passed: {service}
43564,2026-01-13,09:28:57,INFO,WebServer,User u4296 login successful,E101,User {user} login successful
43565,2026-01-13,09:33:11,INFO,AuthService,Page view: /home by u3346,E103,Page view: {page} by {user}
43566,2026-01-13,09:53:45,INFO,OrderProcessor,Health check passed: OrderProcessor,E102,Health check passed: {service}
43567,2026-01-13,09:51:10,INFO,WebServer,User u3808 login successful,E101,User {user} login successful
43568,2026-01-13,09:08:40,INFO,WebServer,Health check passed: WebServer,E102,Health check passed: {service}
43569,2026-01-13,09:57:53,INFO,OrderProcessor,User u3245 login successful,E101,User {user} login successful
43570,2026-01-13,09:49:54,INFO,WebServer,User u2357 login successful,E101,User {user} login successful
43571,2026-01-13,09:46:52,INFO,WebServer,Health check passed: WebServer,E102,Health check passed: {service}
43572,2026-01-13,09:41:50,INFO,WebServer,Health check passed: WebServer,E102,Health check passed: {service}
43573,2026-01-13,09:38:45,INFO,WebServer,User u2279 login successful,E101,User {user} login successful
43574,2026-01-13,09:09:42,INFO,WebServer,Health check passed: WebServer,E102,Health check passed: {service}
43575,2026-01-13,09:08:45,INFO,AuthService,User u4418 login successful,E101,User {user} login successful
43576,2026-01-13,09:11:04,INFO,WebServer,User u4360 login successful,E101,User {user} login successful
43577,2026-01-13,09:40:52,INFO,WebServer,User u1201 login successful,E101,User {user} login successful
43578,2026-01-13,09:06:51,INFO,WebServer,Transaction tx114213 completed in 1727ms,E104,Transaction {tx} completed in {time}ms
43579,2026-01-13,09:30:57,INFO,WebServer,User u3657 login successful,E101,User {user} login successful
43580,2026-01-13,09:10:12,INFO,WebServer,Page view: /home by u4459,E103,Page view: {page} by {user}
43581,2026-01-13,09:07:22,INFO,OrderProcessor,Transaction tx649308 completed in 1760ms,E104,Transaction {tx} completed in {time}ms
43582,2026-01-13,09:52:38,INFO,AuthService,Transaction tx937938 completed in 1743ms,E104,Transaction {tx} completed in {time}ms
43583,2026-01-13,09:46:47,INFO,PaymentGateway,Page view: /home by u2511,E103,Page view: {page} by {user}
43584,2026-01-13,09:05:25,INFO,OrderProcessor,User u4053 login successful,E101,User {user} login successful
43585,2026-01-13,09:59:02,INFO,AuthService,Transaction tx686704 completed in 992ms,E104,Transaction {tx} completed in {time}ms
43586,2026-01-13,09:18:16,WARN,WebServer,Unauthorized access attempt from 10.0.0.45,E401,Unauthorized access attempt from {ip}
43587,2026-01-13,09:58:13,INFO,OrderProcessor,User u1568 login successful,E101,User {user} login successful
43588,2026-01-13,09:42:35,INFO,WebServer,Page view: /home by u2191,E103,Page view: {page} by {user}
43589,2026-01-13,09:41:45,INFO,WebServer,Health check passed: WebServer,E102,Health check passed: {service}
43590,2026-01-13,09:19:02,INFO,AuthService,Transaction tx694010 completed in 283ms,E104,Transaction {tx} completed in {time}ms
43591,2026-01-13,09:57:46,INFO,WebServer,Transaction tx304288 completed in 174ms,E104,Transaction {tx} completed in {time}ms
43592,2026-01-13,09:56:25,INFO,PaymentGateway,Page view: /home by u2097,E103,Page view: {page} by {user}
43593,2026-01-13,09:46:01,INFO,PaymentGateway,Health check passed: PaymentGateway,E102,Health check passed: {service}
43594,2026-01-13,09:47:55,INFO,PaymentGateway,Transaction tx150166 completed in 383ms,E104,Transaction {tx} completed in {time}ms
43595,2026-01-13,09:48:59,INFO,OrderProcessor,Health check passed: OrderProcessor,E102,Health check passed: {service}
43596,2026-01-13,09:11:16,INFO,WebServer,Page view: /home by u1302,E103,Page view: {page} by {user}
43597,2026-01-13,09:01:34,INFO,WebServer,Transaction tx471170 completed in 1581ms,E104,Transaction {tx} completed in {time}ms
43598,2026-01-13,09:10:53,INFO,OrderProcessor,User u3479 login successful,E101,User {user} login successful
43599,2026-01-13,09:10:49,INFO,WebServer,Page view: /home by u2735,E103,Page view: {page} by {user}
43600,2026-01-13,09:06:01,INFO,WebServer,Page view: /home by u3800,E103,Page view: {page} by {user}
43601,2026-01-13,09:25:49,INFO,PaymentGateway,Health check passed: PaymentGateway,E102,Health check passed: {service}
43602,2026-01-13,09:53:11,INFO,AuthService,Page view: /home by u2961,E103,Page view: {page} by {user}
43603,2026-01-13,09:04:43,INFO,AuthService,Transaction tx515323 completed in 1629ms,E104,Transaction {tx} completed in {time}ms
43604,2026-01-13,09:30:40,WARN,WebServer,Unauthorized access attempt from 10.0.0.45,E401,Unauthorized access attempt from {ip}
43605,2026-01-13,09:37:15,INFO,AuthService,Page view: /home by u2237,E103,Page view: {page} by {user}
43606,2026-01-13,09:32:20,INFO,AuthService,Page view: /home by u2517,E103,Page view: {page} by {user}
43607,2026-01-13,09:43:28,INFO,AuthService,Page view: /home by u2497,E103,Page view: {page} by {user}
43608,2026-01-13,09:05:37,INFO,AuthService,Transaction tx586605 completed in 1823ms,E104,Transaction {tx} completed in {time}ms
43609,2026-01-13,09:01:30,INFO,WebServer,User u2013 login successful,E101,User {user} login successful
43610,2026-01-13,09:49:26,INFO,PaymentGateway,Health check passed: PaymentGateway,E102,Health check passed: {service}
43611,2026-01-13,09:29:34,INFO,WebServer,User u2055 login successful,E101,User {user} login successful
43612,2026-01-13,09:31:23,INFO,WebServer,Page view: /home by u2770,E103,Page view: {page} by {user}
43613,2026-01-13,09:45:10,INFO,WebServer,Health check passed: WebServer,E102,Health check passed: {service}
43614,2026-01-13,09:22:11,INFO,WebServer,Health check passed: WebServer,E102,Health check passed: {service}
43615,2026-01-13,09:52:16,INFO,PaymentGateway,Transaction tx698624 completed in 1707ms,E104,Transaction {tx} completed in {time}ms
43616,2026-01-13,09:14:44,INFO,PaymentGateway,Transaction tx624949 completed in 1216ms,E104,Transaction {tx} completed in {time}ms
43617,2026-01-13,09:19:03,INFO,InventoryDB,User u2549 login successful,E101,User {user} login successful
43618,2026-01-13,09:06:22,INFO,WebServer,User u1515 login successful,E101,User {user} login successful
43619,2026-01-13,09:27:28,INFO,InventoryDB,User u1188 login successful,E101,User {user} login successful
43620,2026-01-13,09:21:15,INFO,WebServer,User u1525 login successful,E101,User {user} login successful
43621,2026-01-13,09:36:46,INFO,InventoryDB,User u1583 login successful,E101,User {user} login successful
43622,2026-01-13,09:08:32,INFO,WebServer,Health check passed: WebServer,E102,Health check passed: {service}
43623,2026-01-13,09:08:05,INFO,WebServer,Health check passed: WebServer,E102,Health check passed: {service}
43624,2026-01-13,09:51:32,INFO,WebServer,Health check passed: WebServer,E102,Health check passed: {service}
43625,2026-01-13,09:26:57,INFO,AuthService,Transaction tx767728 completed in 1271ms,E104,Transaction {tx} completed in {time}ms
43626,2026-01-13,09:43:04,INFO,OrderProcessor,User u4204 login successful,E101,User {user} login successful
43627,2026-01-13,09:29:28,INFO,OrderProcessor,Transaction tx969121 completed in 1559ms,E104,Transaction {tx} completed in {time}ms
43628,2026-01-13,09:19:31,INFO,OrderProcessor,Transaction tx262508 completed in 1341ms,E104,Transaction {tx} completed in {time}ms
43629,2026-01-13,09:26:52,INFO,WebServer,Transaction tx953054 completed in 219ms,E104,Transaction {tx} completed in {time}ms
43630,2026-01-13,09:24:56,INFO,WebServer,Health check passed: WebServer,E102,Health check passed: {service}
43631,2026-01-13,09:10:12,INFO,WebServer,Health check passed: WebServer,E102,Health check passed: {service}
43632,2026-01-13,09:03:34,INFO,WebServer,Health check passed: WebServer,E102,Health check passed: {service}
43633,2026-01-13,09:00:19,INFO,WebServer,Health check passed: WebServer,E102,Health check passed: {service}
43634,2026-01-13,09:12:45,INFO,AuthService,User u1324 login successful,E101,User {user} login successful
43635,2026-01-13,09:22:03,INFO,PaymentGateway,Page view: /home by u2257,E103,Page view: {page} by {user}
43636,2026-01-13,09:07:13,INFO,WebServer,Health check passed: WebServer,E102,Health check passed: {service}
43637,2026-01-13,09:06:02,CRITICAL,OrderProcessor,KERNEL PANIC: Node node-1 crashed,E601,KERNEL PANIC: Node {node} crashed
43638,2026-01-13,09:21:26,INFO,AuthService,Health check passed: AuthService,E102,Health check passed: {service}
43639,2026-01-13,09:00:11,INFO,AuthService,Transaction tx751121 completed in 458ms,E104,Transaction {tx} completed in {time}ms
43640,2026-01-13,09:54:56,INFO,OrderProcessor,Page view: /home by u3611,E103,Page view: {page} by {user}
43641,2026-01-13,09:21:51,INFO,WebServer,Health check passed: WebServer,E102,Health check passed: {service}
43642,2026-01-13,09:30:14,INFO,WebServer,Health check passed: WebServer,E102,Health check passed: {service}
43643,2026-01-13,09:15:40,INFO,WebServer,User u1039 login successful,E101,User {user} login successful
43644,2026-01-13,09:06:04,INFO,WebServer,Transaction tx564974 completed in 746ms,E104,Transaction {tx} completed in {time}ms
43645,2026-01-13,09:32:44,INFO,InventoryDB,Health check passed: InventoryDB,E102,Health check passed: {service}
43646,2026-01-13,09:15:04,INFO,OrderProcessor,Transaction tx564229 completed in 1150ms,E104,Transaction {tx} completed in {time}ms
43647,2026-01-13,09:07:29,INFO,InventoryDB,Transaction tx880838 completed in 388ms,E104,Transaction {tx} completed in {time}ms
43648,2026-01-13,09:50:37,INFO,InventoryDB,Health check passed: InventoryDB,E102,Health check passed: {service}
43649,2026-01-13,09:37:24,INFO,PaymentGateway,Health check passed: PaymentGateway,E102,Health check passed: {service}
43650,2026-01-13,09:10:13,INFO,InventoryDB,Transaction tx823913 completed in 1837ms,E104,Transaction {tx} completed in {time}ms
43651,2026-01-13,09:05:54,WARN,WebServer,Unauthorized access attempt from 10.0.0.45,E401,Unauthorized access attempt from {ip}
43652,2026-01-13,09:58:08,INFO,AuthService,Transaction tx810588 completed in 1686ms,E104,Transaction {tx} completed in {time}ms
43653,2026-01-13,09:36:53,INFO,WebServer,Health check passed: WebServer,E102,Health check passed: {service}
43654,2026-01-13,09:54:57,INFO,WebServer,Transaction tx663540 completed in 663ms,E104,Transaction {tx} completed in {time}ms
43655,2026-01-13,09:41:22,INFO,OrderProcessor,Page view: /home by u2156,E103,Page view: {page} by {user}
43656,2026-01-13,09:58:23,INFO,OrderProcessor,Page view: /home by u4378,E103,Page view: {page} by {user}
43657,2026-01-13,09:19:14,INFO,AuthService,Health check passed: AuthService,E102,Health check passed: {service}
43658,2026-01-13,09:54:14,INFO,WebServer,Page view: /home by u4820,E103,Page view: {page} by {user}
43659,2026-01-13,09:59:18,INFO,AuthService,Health check passed: AuthService,E102,Health check passed: {service}
43660,2026-01-13,09:08:49,INFO,WebServer,User u1982 login successful,E101,User {user} login successful
43661,2026-01-13,09:30:12,ERROR,WebServer,Connection refused to WebServer at 10.0.0.10,E501,Connection refused to {service} at {ip}
43662,2026-01-13,09:46:32,INFO,OrderProcessor,Transaction tx343382 completed in 370ms,E104,Transaction {tx} completed in {time}ms
43663,2026-01-13,09:38:31,INFO,AuthService,Page view: /home by u4319,E103,Page view: {page} by {user}
43664,2026-01-13,09:14:51,INFO,AuthService,User u1386 login successful,E101,User {user} login successful
43665,2026-01-13,09:28:05,INFO,AuthService,Transaction tx430517 completed in 237ms,E104,Transaction {tx} completed in {time}ms
43666,2026-01-13,09:02:29,INFO,OrderProcessor,User u1136 login successful,E101,User {user} login successful
43667,2026-01-13,09:41:10,INFO,PaymentGateway,Transaction tx987772 completed in 1197ms,E104,Transaction {tx} completed in {time}ms
43668,2026-01-13,09:07:31,INFO,PaymentGateway,User u4617 login successful,E101,User {user} login successful
43669,2026-01-13,09:38:32,WARN,WebServer,Disk usage > 85% on node node-4,E202,Disk usage > 85% on node {node}
43670,2026-01-13,09:13:56,INFO,OrderProcessor,Health check passed: OrderProcessor,E102,Health check passed: {service}
43671,2026-01-13,09:57:48,INFO,AuthService,Transaction tx411098 completed in 981ms,E104,Transaction {tx} completed in {time}ms
43672,2026-01-13,09:23:34,INFO,WebServer,Health check passed: WebServer,E102,Health check passed: {service}
43673,2026-01-13,09:54:08,INFO,WebServer,Page view: /home by u3520,E103,Page view: {page} by {user}
43674,2026-01-13,09:52:42,WARN,AuthService,Unauthorized access attempt from 10.0.0.12,E401,Unauthorized access attempt from {ip}
43675,2026-01-13,09:00:39,INFO,WebServer,User u1408 login successful,E101,User {user} login successful
43676,2026-01-13,09:52:33,INFO,WebServer,Transaction tx406618 completed in 1955ms,E104,Transaction {tx} completed in {time}ms
43677,2026-01-13,09:45:33,INFO,AuthService,User u1220 login successful,E101,User {user} login successful
43678,2026-01-13,09:40:19,WARN,AuthService,Unauthorized access attempt from 10.0.0.12,E401,Unauthorized access attempt from {ip}
43679,2026-01-13,09:03:49,INFO,PaymentGateway,Page view: /home by u2245,E103,Page view: {page} by {user}
43680,2026-01-13,09:50:41,INFO,OrderProcessor,Page view: /home by u1281,E103,Page view: {page} by {user}
43681,2026-01-13,09:03:06,INFO,AuthService,User u4255 login successful,E101,User {user} login successful
43682,2026-01-13,09:06:31,INFO,WebServer,Page view: /home by u1115,E103,Page view: {page} by {user}
43683,2026-01-13,09:18:08,INFO,OrderProcessor,Health check passed: OrderProcessor,E102,Health check passed: {service}
43684,2026-01-13,09:01:42,INFO,AuthService,Transaction tx182391 completed in 1561ms,E104,Transaction {tx} completed in {time}ms
43685,2026-01-13,09:47:51,INFO,WebServer,Health check passed: WebServer,E102,Health check passed: {service}
43686,2026-01-13,09:55:21,INFO,AuthService,Transaction tx485884 completed in 539ms,E104,Transaction {tx} completed in {time}ms
43687,2026-01-13,09:51:41,INFO,WebServer,Transaction tx429987 completed in 761ms,E104,Transaction {tx} completed in {time}ms
43688,2026-01-13,09:54:25,INFO,AuthService,Health check passed: AuthService,E102,Health check passed: {service}
43689,2026-01-13,09:28:32,INFO,WebServer,Transaction tx868126 completed in 1330ms,E104,Transaction {tx} completed in {time}ms
43690,2026-01-13,09:32:37,WARN,WebServer,High latency (1605ms) detected on WebServer,E201,High latency ({time}ms) detected on {service}
43691,2026-01-13,09:34:25,INFO,WebServer,Health check passed: WebServer,E102,Health check passed: {service}
43692,2026-01-13,09:23:49,INFO,OrderProcessor,User u3709 login successful,E101,User {user} login successful
43693,2026-01-13,09:11:04,INFO,WebServer,Health check passed: WebServer,E102,Health check passed: {service}
43694,2026-01-13,09:52:40,INFO,InventoryDB,Page view: /home by u4417,E103,Page view: {page} by {user}
43695,2026-01-13,09:44:59,INFO,AuthService,Page view: /home by u1775,E103,Page view: {page} by {user}
43696,2026-01-13,09:18:04,INFO,WebServer,Page view: /home by u1604,E103,Page view: {page} by {user}
43697,2026-01-13,09:06:13,INFO,WebServer,User u4226 login successful,E101,User {user} login successful
43698,2026-01-13,09:37:01,INFO,WebServer,User u3918 login successful,E101,User {user} login successful
43699,2026-01-13,09:31:04,INFO,WebServer,User u4424 login successful,E101,User {user} login successful
43700,2026-01-13,09:12:06,WARN,WebServer,Unauthorized access attempt from 10.0.0.12,E401,Unauthorized access attempt from {ip}
43701,2026-01-13,09:18:03,INFO,OrderProcessor,Transaction tx591441 completed in 516ms,E104,Transaction {tx} completed in {time}ms
43702,2026-01-13,09:14:00,INFO,AuthService,User u4875 login successful,E101,User {user} login successful
43703,2026-01-13,09:41:54,INFO,PaymentGateway,Transaction tx681092 completed in 934ms,E104,Transaction {tx} completed in {time}ms
43704,2026-01-13,09:47:17,INFO,OrderProcessor,Health check passed: OrderProcessor,E102,Health check passed: {service}
43705,2026-01-13,09:16:37,INFO,PaymentGateway,Transaction tx580008 completed in 946ms,E104,Transaction {tx} completed in {time}ms
43706,2026-01-13,09:22:39,INFO,WebServer,Health check passed: WebServer,E102,Health check passed: {service}
43707,2026-01-13,09:41:58,INFO,AuthService,Page view: /home by u4483,E103,Page view: {page} by {user}
43708,2026-01-13,09:08:55,INFO,AuthService,Transaction tx392171 completed in 45ms,E104,Transaction {tx} completed in {time}ms
43709,2026-01-13,09:53:58,INFO,OrderProcessor,User u2762 login successful,E101,User {user} login successful
43710,2026-01-13,09:37:14,INFO,OrderProcessor,Transaction tx303521 completed in 441ms,E104,Transaction {tx} completed in {time}ms
43711,2026-01-13,09:54:51,INFO,WebServer,Transaction tx181410 completed in 473ms,E104,Transaction {tx} completed in {time}ms
43712,2026-01-13,09:15:52,INFO,WebServer,Page view: /home by u2865,E103,Page view: {page} by {user}
43713,2026-01-13,09:29:56,INFO,AuthService,Transaction tx224950 completed in 1654ms,E104,Transaction {tx} completed in {time}ms
43714,2026-01-13,09:44:34,INFO,WebServer,User u1031 login successful,E101,User {user} login successful
43715,2026-01-13,09:03:24,INFO,AuthService,Transaction tx378415 completed in 290ms,E104,Transaction {tx} completed in {time}ms
43716,2026-01-13,09:26:21,INFO,PaymentGateway,Health check passed: PaymentGateway,E102,Health check passed: {service}
43717,2026-01-13,09:50:43,INFO,WebServer,Transaction tx366044 completed in 1942ms,E104,Transaction {tx} completed in {time}ms
43718,2026-01-13,09:10:25,INFO,AuthService,User u4335 login successful,E101,User {user} login successful
43719,2026-01-13,09:19:17,INFO,WebServer,Health check passed: WebServer,E102,Health check passed: {service}
43720,2026-01-13,09:13:33,INFO,WebServer,Page view: /home by u1137,E103,Page view: {page} by {user}
43721,2026-01-13,09:53:55,INFO,OrderProcessor,Transaction tx578323 completed in 317ms,E104,Transaction {tx} completed in {time}ms
43722,2026-01-13,09:47:07,INFO,InventoryDB,Transaction tx906554 completed in 1946ms,E104,Transaction {tx} completed in {time}ms
43723,2026-01-13,09:05:12,WARN,AuthService,Disk usage > 85% on node node-2,E202,Disk usage > 85% on node {node}
43724,2026-01-13,09:18:22,INFO,PaymentGateway,User u4387 login successful,E101,User {user} login successful
43725,2026-01-13,09:46:25,INFO,WebServer,Health check passed: WebServer,E102,Health check passed: {service}
43726,2026-01-13,09:19:56,INFO,PaymentGateway,Transaction tx729866 completed in 1435ms,E104,Transaction {tx} completed in {time}ms
43727,2026-01-13,09:03:04,INFO,OrderProcessor,Transaction tx500820 completed in 610ms,E104,Transaction {tx} completed in {time}ms
43728,2026-01-13,09:07:30,INFO,WebServer,User u2326 login successful,E101,User {user} login successful
43729,2026-01-13,09:29:21,INFO,WebServer,User u2582 login successful,E101,User {user} login successful
43730,2026-01-13,09:43:20,INFO,WebServer,Health check passed: WebServer,E102,Health check passed: {service}
43731,2026-01-13,09:25:28,INFO,PaymentGateway,Health check passed: PaymentGateway,E102,Health check passed: {service}
43732,2026-01-13,09:41:25,INFO,WebServer,User u4553 login successful,E101,User {user} login successful
43733,2026-01-13,09:19:50,INFO,WebServer,User u3159 login successful,E101,User {user} login successful
43734,2026-01-13,09:36:38,INFO,WebServer,Page view: /home by u4404,E103,Page view: {page} by {user}
43735,2026-01-13,09:25:09,INFO,AuthService,User u1598 login successful,E101,User {user} login successful
43736,2026-01-13,09:28:36,INFO,WebServer,Page view: /home by u3280,E103,Page view: {page} by {user}
43737,2026-01-13,09:45:33,WARN,InventoryDB,High latency (583ms) detected on InventoryDB,E201,High latency ({time}ms) detected on {service}
43738,2026-01-13,09:33:48,INFO,WebServer,Health check passed: WebServer,E102,Health check passed: {service}
43739,2026-01-13,09:20:46,INFO,PaymentGateway,Health check passed: PaymentGateway,E102,Health check passed: {service}
43740,2026-01-13,09:12:01,INFO,WebServer,Transaction tx712134 completed in 820ms,E104,Transaction {tx} completed in {time}ms
43741,2026-01-13,09:34:35,INFO,AuthService,User u3266 login successful,E101,User {user} login successful
43742,2026-01-13,09:14:15,INFO,WebServer,User u2981 login successful,E101,User {user} login successful
43743,2026-01-13,09:22:39,INFO,WebServer,Page view: /home by u4415,E103,Page view: {page} by {user}
43744,2026-01-13,09:29:13,INFO,InventoryDB,Health check passed: InventoryDB,E102,Health check passed: {service}
43745,2026-01-13,09:55:59,INFO,WebServer,User u2712 login successful,E101,User {user} login successful
43746,2026-01-13,09:17:17,INFO,WebServer,User u4578 login successful,E101,User {user} login successful
43747,2026-01-13,09:30:25,INFO,WebServer,Transaction tx484239 completed in 692ms,E104,Transaction {tx} completed in {time}ms
43748,2026-01-13,09:31:47,INFO,WebServer,Health check passed: WebServer,E102,Health check passed: {service}
43749,2026-01-13,09:09:03,INFO,PaymentGateway,Page view: /home by u2835,E103,Page view: {page} by {user}
43750,2026-01-13,09:54:13,INFO,AuthService,User u1805 login successful,E101,User {user} login successful
43751,2026-01-13,09:32:22,WARN,InventoryDB,High latency (889ms) detected on InventoryDB,E201,High latency ({time}ms) detected on {service}
43752,2026-01-13,09:27:19,INFO,WebServer,Transaction tx332131 completed in 90ms,E104,Transaction {tx} completed in {time}ms
43753,2026-01-13,09:49:35,CRITICAL,WebServer,KERNEL PANIC: Node node-3 crashed,E601,KERNEL PANIC: Node {node} crashed
43754,2026-01-13,09:30:33,INFO,WebServer,Transaction tx649440 completed in 1756ms,E104,Transaction {tx} completed in {time}ms
43755,2026-01-13,09:15:47,INFO,OrderProcessor,User u4258 login successful,E101,User {user} login successful
43756,2026-01-13,09:23:14,INFO,WebServer,Page view: /home by u4062,E103,Page view: {page} by {user}
43757,2026-01-13,09:27:59,INFO,AuthService,Page view: /home by u1983,E103,Page view: {page} by {user}
43758,2026-01-13,09:00:38,INFO,WebServer,User u3939 login successful,E101,User {user} login successful
43759,2026-01-13,09:39:09,INFO,WebServer,User u1889 login successful,E101,User {user} login successful
43760,2026-01-13,09:05:38,INFO,AuthService,Health check passed: AuthService,E102,Health check passed: {service}
43761,2026-01-13,09:20:14,INFO,WebServer,Page view: /home by u2526,E103,Page view: {page} by {user}
43762,2026-01-13,09:13:37,INFO,PaymentGateway,User u1946 login successful,E101,User {user} login successful
43763,2026-01-13,09:23:07,INFO,OrderProcessor,Page view: /home by u1183,E103,Page view: {page} by {user}
43764,2026-01-13,09:47:23,INFO,WebServer,Page view: /home by u3239,E103,Page view: {page} by {user}
43765,2026-01-13,09:55:14,WARN,WebServer,High latency (1270ms) detected on WebServer,E201,High latency ({time}ms) detected on {service}
43766,2026-01-13,09:30:17,INFO,WebServer,Transaction tx321909 completed in 1683ms,E104,Transaction {tx} completed in {time}ms
43767,2026-01-13,09:20:46,INFO,AuthService,User u2305 login successful,E101,User {user} login successful
43768,2026-01-13,09:56:00,INFO,WebServer,Health check passed: WebServer,E102,Health check passed: {service}
43769,2026-01-13,09:25:53,INFO,OrderProcessor,Transaction tx602579 completed in 1941ms,E104,Transaction {tx} completed in {time}ms
43770,2026-01-13,09:10:51,INFO,WebServer,Transaction tx235294 completed in 1400ms,E104,Transaction {tx} completed in {time}ms
43771,2026-01-13,09:16:02,WARN,WebServer,Disk usage > 85% on node node-2,E202,Disk usage > 85% on node {node}
43772,2026-01-13,09:32:02,INFO,WebServer,Transaction tx270562 completed in 1115ms,E104,Transaction {tx} completed in {time}ms
43773,2026-01-13,09:01:30,INFO,AuthService,Page view: /home by u3283,E103,Page view: {page} by {user}
43774,2026-01-13,09:08:32,INFO,AuthService,Page view: /home by u1657,E103,Page view: {page} by {user}
43775,2026-01-13,09:59:26,INFO,AuthService,Transaction tx153988 completed in 1569ms,E104,Transaction {tx} completed in {time}ms
43776,2026-01-13,09:21:36,INFO,AuthService,User u3535 login successful,E101,User {user} login successful
43777,2026-01-13,09:09:32,INFO,WebServer,Transaction tx317590 completed in 1492ms,E104,Transaction {tx} completed in {time}ms
43778,2026-01-13,09:52:34,INFO,OrderProcessor,User u4620 login successful,E101,User {user} login successful
43779,2026-01-13,09:02:52,INFO,InventoryDB,Health check passed: InventoryDB,E102,Health check passed: {service}
43780,2026-01-13,09:43:17,INFO,InventoryDB,Health check passed: InventoryDB,E102,Health check passed: {service}
43781,2026-01-13,09:36:11,INFO,AuthService,Health check passed: AuthService,E102,Health check passed: {service}
43782,2026-01-13,09:07:52,INFO,AuthService,Page view: /home by u4719,E103,Page view: {page} by {user}
43783,2026-01-13,09:50:41,INFO,OrderProcessor,Transaction tx481907 completed in 1334ms,E104,Transaction {tx} completed in {time}ms
43784,2026-01-13,09:12:15,INFO,OrderProcessor,User u4016 login successful,E101,User {user} login successful
43785,2026-01-13,09:55:41,INFO,WebServer,User u4636 login successful,E101,User {user} login successful
43786,2026-01-13,09:00:33,INFO,PaymentGateway,Page view: /home by u3070,E103,Page view: {page} by {user}
43787,2026-01-13,09:43:09,INFO,OrderProcessor,Page view: /home by u2526,E103,Page view: {page} by {user}
43788,2026-01-13,09:02:36,INFO,OrderProcessor,Health check passed: OrderProcessor,E102,Health check passed: {service}
43789,2026-01-13,09:28:08,INFO,OrderProcessor,Transaction tx425506 completed in 1756ms,E104,Transaction {tx} completed in {time}ms
43790,2026-01-13,09:54:30,INFO,WebServer,User u3613 login successful,E101,User {user} login successful
43791,2026-01-13,09:14:53,INFO,PaymentGateway,Transaction tx484456 completed in 1652ms,E104,Transaction {tx} completed in {time}ms
43792,2026-01-13,09:17:09,INFO,WebServer,User u2635 login successful,E101,User {user} login successful
43793,2026-01-13,09:41:18,INFO,WebServer,User u3341 login successful,E101,User {user} login successful
43794,2026-01-13,09:04:35,INFO,OrderProcessor,Page view: /home by u4495,E103,Page view: {page} by {user}
43795,2026-01-13,09:22:28,INFO,WebServer,User u1250 login successful,E101,User {user} login successful
43796,2026-01-13,09:06:19,INFO,WebServer,Health check passed: WebServer,E102,Health check passed: {service}
43797,2026-01-13,09:59:37,INFO,OrderProcessor,User u3659 login successful,E101,User {user} login successful
43798,2026-01-13,09:37:46,INFO,WebServer,Page view: /home by u3629,E103,Page view: {page} by {user}
43799,2026-01-13,09:36:40,INFO,AuthService,Health check passed: AuthService,E102,Health check passed: {service}
43800,2026-01-13,09:14:06,INFO,WebServer,User u1320 login successful,E101,User {user} login successful
43801,2026-01-13,09:09:39,INFO,PaymentGateway,User u1334 login successful,E101,User {user} login successful
43802,2026-01-13,09:00:49,INFO,InventoryDB,Page view: /home by u3361,E103,Page view: {page} by {user}
43803,2026-01-13,09:36:46,INFO,OrderProcessor,User u1232 login successful,E101,User {user} login successful
43804,2026-01-13,09:15:16,WARN,AuthService,Unauthorized access attempt from 10.0.0.45,E401,Unauthorized access attempt from {ip}
43805,2026-01-13,09:22:06,INFO,WebServer,Health check passed: WebServer,E102,Health check passed: {service}
43806,2026-01-13,09:13:13,INFO,AuthService,Page view: /home by u3481,E103,Page view: {page} by {user}
43807,2026-01-13,09:54:43,INFO,PaymentGateway,Page view: /home by u1739,E103,Page view: {page} by {user}
43808,2026-01-13,09:35:16,ERROR,PaymentGateway,Payment declined: Gateway unavailable,E503,Payment declined: Gateway unavailable
43809,2026-01-13,09:44:27,INFO,AuthService,Transaction tx253759 completed in 478ms,E104,Transaction {tx} completed in {time}ms
43810,2026-01-13,09:45:17,INFO,OrderProcessor,Transaction tx332388 completed in 1179ms,E104,Transaction {tx} completed in {time}ms
43811,2026-01-13,09:44:13,INFO,InventoryDB,Page view: /home by u2019,E103,Page view: {page} by {user}
43812,2026-01-13,09:59:50,INFO,AuthService,User u1669 login successful,E101,User {user} login successful
43813,2026-01-13,09:41:00,INFO,WebServer,Page view: /home by u2354,E103,Page view: {page} by {user}
43814,2026-01-13,09:59:01,INFO,WebServer,Page view: /home by u2898,E103,Page view: {page} by {user}
43815,2026-01-13,09:56:02,INFO,WebServer,Transaction tx904011 completed in 1053ms,E104,Transaction {tx} completed in {time}ms
43816,2026-01-13,09:42:48,INFO,WebServer,Health check passed: WebServer,E102,Health check passed: {service}
43817,2026-01-13,09:22:27,INFO,OrderProcessor,Page view: /home by u1239,E103,Page view: {page} by {user}
43818,2026-01-13,09:07:15,WARN,WebServer,Unauthorized access attempt from 10.0.0.88,E401,Unauthorized access attempt from {ip}
43819,2026-01-13,09:39:09,CRITICAL,WebServer,DATA CORRUPTION detected in sector 323,E602,DATA CORRUPTION detected in sector {sector}
43820,2026-01-13,09:40:49,INFO,WebServer,Health check passed: WebServer,E102,Health check passed: {service}
43821,2026-01-13,09:41:57,INFO,WebServer,User u2612 login successful,E101,User {user} login successful
43822,2026-01-13,09:04:13,WARN,InventoryDB,High latency (1308ms) detected on InventoryDB,E201,High latency ({time}ms) detected on {service}
43823,2026-01-13,09:20:11,INFO,WebServer,Page view: /home by u4649,E103,Page view: {page} by {user}
43824,2026-01-13,09:13:58,WARN,WebServer,High latency (1076ms) detected on WebServer,E201,High latency ({time}ms) detected on {service}
43825,2026-01-13,09:45:54,WARN,AuthService,High latency (523ms) detected on AuthService,E201,High latency ({time}ms) detected on {service}
43826,2026-01-13,09:05:15,INFO,WebServer,Transaction tx346264 completed in 1626ms,E104,Transaction {tx} completed in {time}ms
43827,2026-01-13,09:59:56,INFO,WebServer,Transaction tx914334 completed in 876ms,E104,Transaction {tx} completed in {time}ms
43828,2026-01-13,09:01:43,ERROR,WebServer,Payment declined: Gateway unavailable,E503,Payment declined: Gateway unavailable
43829,2026-01-13,09:00:53,INFO,OrderProcessor,User u3590 login successful,E101,User {user} login successful
43830,2026-01-13,09:41:26,ERROR,PaymentGateway,Connection refused to PaymentGateway at 10.0.0.45,E501,Connection refused to {service} at {ip}
43831,2026-01-13,09:24:06,INFO,WebServer,Transaction tx987912 completed in 1009ms,E104,Transaction {tx} completed in {time}ms
43832,2026-01-13,09:57:12,INFO,AuthService,User u3496 login successful,E101,User {user} login successful
43833,2026-01-13,09:57:43,WARN,WebServer,Disk usage > 85% on node node-2,E202,Disk usage > 85% on node {node}
43834,2026-01-13,09:29:58,INFO,WebServer,Transaction tx618496 completed in 186ms,E104,Transaction {tx} completed in {time}ms
43835,2026-01-13,09:47:57,INFO,WebServer,User u2834 login successful,E101,User {user} login successful
43836,2026-01-13,09:00:22,INFO,WebServer,Health check passed: WebServer,E102,Health check passed: {service}
43837,2026-01-13,09:35:44,INFO,AuthService,Page view: /home by u4536,E103,Page view: {page} by {user}
43838,2026-01-13,09:49:34,INFO,WebServer,Page view: /home by u1664,E103,Page view: {page} by {user}
43839,2026-01-13,09:12:52,INFO,WebServer,Health check passed: WebServer,E102,Health check passed: {service}
43840,2026-01-13,09:34:29,INFO,WebServer,Health check passed: WebServer,E102,Health check passed: {service}
43841,2026-01-13,09:47:06,WARN,WebServer,Disk usage > 85% on node node-3,E202,Disk usage > 85% on node {node}
43842,2026-01-13,09:13:59,INFO,AuthService,Health check passed: AuthService,E102,Health check passed: {service}
43843,2026-01-13,09:14:26,INFO,WebServer,User u3249 login successful,E101,User {user} login successful
43844,2026-01-13,09:28:58,INFO,InventoryDB,Transaction tx484253 completed in 677ms,E104,Transaction {tx} completed in {time}ms
43845,2026-01-13,09:24:14,INFO,WebServer,Page view: /home by u3760,E103,Page view: {page} by {user}
43846,2026-01-13,09:42:56,INFO,WebServer,User u2509 login successful,E101,User {user} login successful
43847,2026-01-13,09:14:45,INFO,WebServer,Transaction tx342450 completed in 31ms,E104,Transaction {tx} completed in {time}ms
43848,2026-01-13,09:11:43,INFO,OrderProcessor,Health check passed: OrderProcessor,E102,Health check passed: {service}
43849,2026-01-13,09:37:04,WARN,PaymentGateway,High latency (658ms) detected on PaymentGateway,E201,High latency ({time}ms) detected on {service}
43850,2026-01-13,09:52:53,WARN,AuthService,High latency (110ms) detected on AuthService,E201,High latency ({time}ms) detected on {service}
43851,2026-01-13,09:23:20,INFO,WebServer,Transaction tx622482 completed in 1487ms,E104,Transaction {tx} completed in {time}ms
43852,2026-01-13,09:21:09,INFO,AuthService,Transaction tx488396 completed in 333ms,E104,Transaction {tx} completed in {time}ms
43853,2026-01-13,09:40:14,INFO,WebServer,Page view: /home by u2373,E103,Page view: {page} by {user}
43854,2026-01-13,09:33:21,INFO,AuthService,User u2120 login successful,E101,User {user} login successful
43855,2026-01-13,09:57:32,INFO,PaymentGateway,User u4755 login successful,E101,User {user} login successful
43856,2026-01-13,09:33:45,INFO,AuthService,User u1477 login successful,E101,User {user} login successful
43857,2026-01-13,09:05:41,INFO,WebServer,Transaction tx604078 completed in 434ms,E104,Transaction {tx} completed in {time}ms
43858,2026-01-13,09:26:26,INFO,WebServer,Health check passed: WebServer,E102,Health check passed: {service}
43859,2026-01-13,09:42:02,INFO,AuthService,Health check passed: AuthService,E102,Health check passed: {service}
43860,2026-01-13,09:16:40,INFO,InventoryDB,Health check passed: InventoryDB,E102,Health check passed: {service}
43861,2026-01-13,09:10:10,INFO,AuthService,Page view: /home by u3006,E103,Page view: {page} by {user}
43862,2026-01-13,09:44:52,WARN,WebServer,Disk usage > 85% on node node-2,E202,Disk usage > 85% on node {node}
43863,2026-01-13,09:27:23,INFO,OrderProcessor,Transaction tx423148 completed in 1730ms,E104,Transaction {tx} completed in {time}ms
43864,2026-01-13,09:59:31,INFO,AuthService,User u4123 login successful,E101,User {user} login successful
43865,2026-01-13,09:11:31,INFO,WebServer,Page view: /home by u3030,E103,Page view: {page} by {user}
43866,2026-01-13,09:38:58,INFO,OrderProcessor,User u2056 login successful,E101,User {user} login successful
43867,2026-01-13,09:56:13,INFO,WebServer,User u4619 login successful,E101,User {user} login successful
43868,2026-01-13,09:52:50,INFO,OrderProcessor,Transaction tx720055 completed in 674ms,E104,Transaction {tx} completed in {time}ms
43869,2026-01-13,09:39:58,INFO,AuthService,User u3122 login successful,E101,User {user} login successful
43870,2026-01-13,09:12:55,INFO,WebServer,User u4743 login successful,E101,User {user} login successful
43871,2026-01-13,09:52:23,INFO,WebServer,Page view: /home by u3367,E103,Page view: {page} by {user}
43872,2026-01-13,09:58:29,INFO,WebServer,Page view: /home by u4579,E103,Page view: {page} by {user}
43873,2026-01-13,09:08:44,WARN,PaymentGateway,Disk usage > 85% on node node-3,E202,Disk usage > 85% on node {node}
43874,2026-01-13,09:52:08,INFO,AuthService,User u4607 login successful,E101,User {user} login successful
43875,2026-01-13,09:06:34,WARN,AuthService,High latency (1051ms) detected on AuthService,E201,High latency ({time}ms) detected on {service}
43876,2026-01-13,09:52:27,INFO,WebServer,Page view: /home by u2800,E103,Page view: {page} by {user}
43877,2026-01-13,09:53:02,INFO,WebServer,User u4893 login successful,E101,User {user} login successful
43878,2026-01-13,09:58:09,INFO,WebServer,Transaction tx188756 completed in 1084ms,E104,Transaction {tx} completed in {time}ms
43879,2026-01-13,09:41:06,INFO,PaymentGateway,User u3662 login successful,E101,User {user} login successful
43880,2026-01-13,09:58:48,INFO,AuthService,User u2391 login successful,E101,User {user} login successful
43881,2026-01-13,09:19:44,INFO,WebServer,Page view: /home by u2236,E103,Page view: {page} by {user}
43882,2026-01-13,09:24:07,INFO,PaymentGateway,Page view: /home by u3465,E103,Page view: {page} by {user}
43883,2026-01-13,09:21:40,INFO,WebServer,Transaction tx714617 completed in 377ms,E104,Transaction {tx} completed in {time}ms
43884,2026-01-13,09:49:56,WARN,InventoryDB,Disk usage > 85% on node node-4,E202,Disk usage > 85% on node {node}
43885,2026-01-13,09:08:33,INFO,WebServer,User u3895 login successful,E101,User {user} login successful
43886,2026-01-13,09:19:19,INFO,WebServer,Page view: /home by u4175,E103,Page view: {page} by {user}
43887,2026-01-13,09:53:15,INFO,OrderProcessor,Transaction tx258589 completed in 1616ms,E104,Transaction {tx} completed in {time}ms
43888,2026-01-13,09:38:20,INFO,WebServer,Page view: /home by u3597,E103,Page view: {page} by {user}
43889,2026-01-13,09:54:18,INFO,WebServer,Transaction tx949573 completed in 1686ms,E104,Transaction {tx} completed in {time}ms
43890,2026-01-13,09:44:56,INFO,InventoryDB,User u3052 login successful,E101,User {user} login successful
43891,2026-01-13,09:53:41,INFO,OrderProcessor,Page view: /home by u1210,E103,Page view: {page} by {user}
43892,2026-01-13,09:26:06,INFO,WebServer,Page view: /home by u2114,E103,Page view: {page} by {user}
43893,2026-01-13,09:01:06,INFO,AuthService,Transaction tx872325 completed in 899ms,E104,Transaction {tx} completed in {time}ms
43894,2026-01-13,09:27:43,INFO,WebServer,Page view: /home by u2151,E103,Page view: {page} by {user}
43895,2026-01-13,09:25:25,INFO,AuthService,Health check passed: AuthService,E102,Health check passed: {service}
43896,2026-01-13,09:15:32,INFO,WebServer,Transaction tx690357 completed in 1930ms,E104,Transaction {tx} completed in {time}ms
43897,2026-01-13,09:55:59,INFO,AuthService,Health check passed: AuthService,E102,Health check passed: {service}
43898,2026-01-13,09:38:46,INFO,WebServer,User u1547 login successful,E101,User {user} login successful
43899,2026-01-13,09:14:59,INFO,WebServer,Transaction tx237548 completed in 1774ms,E104,Transaction {tx} completed in {time}ms
43900,2026-01-13,09:05:18,WARN,InventoryDB,Disk usage > 85% on node node-2,E202,Disk usage > 85% on node {node}
43901,2026-01-13,09:43:41,INFO,WebServer,Health check passed: WebServer,E102,Health check passed: {service}
43902,2026-01-13,09:38:43,WARN,AuthService,Disk usage > 85% on node node-5,E202,Disk usage > 85% on node {node}
43903,2026-01-13,09:56:55,INFO,WebServer,Health check passed: WebServer,E102,Health check passed: {service}
43904,2026-01-13,09:04:18,INFO,WebServer,Transaction tx505201 completed in 1344ms,E104,Transaction {tx} completed in {time}ms
43905,2026-01-13,09:28:08,INFO,InventoryDB,Health check passed: InventoryDB,E102,Health check passed: {service}
43906,2026-01-13,09:39:10,INFO,InventoryDB,Health check passed: InventoryDB,E102,Health check passed: {service}
43907,2026-01-13,09:02:12,INFO,AuthService,Transaction tx320318 completed in 620ms,E104,Transaction {tx} completed in {time}ms
43908,2026-01-13,09:29:00,INFO,OrderProcessor,Health check passed: OrderProcessor,E102,Health check passed: {service}
43909,2026-01-13,09:00:12,INFO,WebServer,User u4088 login successful,E101,User {user} login successful
43910,2026-01-13,09:31:20,INFO,OrderProcessor,User u4011 login successful,E101,User {user} login successful
43911,2026-01-13,09:55:55,INFO,WebServer,User u2097 login successful,E101,User {user} login successful
43912,2026-01-13,09:07:04,WARN,WebServer,High latency (1676ms) detected on WebServer,E201,High latency ({time}ms) detected on {service}
43913,2026-01-13,09:48:28,INFO,WebServer,User u1032 login successful,E101,User {user} login successful
43914,2026-01-13,09:57:20,INFO,PaymentGateway,User u4397 login successful,E101,User {user} login successful
43915,2026-01-13,09:20:18,WARN,InventoryDB,Disk usage > 85% on node node-2,E202,Disk usage > 85% on node {node}
43916,2026-01-13,09:27:01,INFO,PaymentGateway,User u1562 login successful,E101,User {user} login successful
43917,2026-01-13,09:45:58,INFO,AuthService,Transaction tx904856 completed in 1193ms,E104,Transaction {tx} completed in {time}ms
43918,2026-01-13,09:24:27,INFO,WebServer,User u2733 login successful,E101,User {user} login successful
43919,2026-01-13,09:17:42,INFO,AuthService,Health check passed: AuthService,E102,Health check passed: {service}
43920,2026-01-13,09:09:56,INFO,AuthService,Health check passed: AuthService,E102,Health check passed: {service}
43921,2026-01-13,09:46:48,INFO,WebServer,Page view: /home by u2058,E103,Page view: {page} by {user}
43922,2026-01-13,09:18:20,INFO,WebServer,Transaction tx408664 completed in 855ms,E104,Transaction {tx} completed in {time}ms
43923,2026-01-13,09:14:29,INFO,WebServer,User u2736 login successful,E101,User {user} login successful
43924,2026-01-13,09:46:29,INFO,WebServer,Transaction tx772540 completed in 952ms,E104,Transaction {tx} completed in {time}ms
43925,2026-01-13,09:31:52,INFO,WebServer,Transaction tx155048 completed in 1115ms,E104,Transaction {tx} completed in {time}ms
43926,2026-01-13,09:27:44,INFO,WebServer,Page view: /home by u4521,E103,Page view: {page} by {user}
43927,2026-01-13,09:55:23,INFO,PaymentGateway,Page view: /home by u4195,E103,Page view: {page} by {user}
43928,2026-01-13,09:04:07,INFO,AuthService,User u1339 login successful,E101,User {user} login successful
43929,2026-01-13,09:16:36,INFO,AuthService,Page view: /home by u2439,E103,Page view: {page} by {user}
43930,2026-01-13,09:22:34,INFO,AuthService,Transaction tx586948 completed in 1763ms,E104,Transaction {tx} completed in {time}ms
43931,2026-01-13,09:41:24,INFO,AuthService,Health check passed: AuthService,E102,Health check passed: {service}
43932,2026-01-13,09:09:21,INFO,AuthService,Health check passed: AuthService,E102,Health check passed: {service}
43933,2026-01-13,09:41:51,INFO,WebServer,Transaction tx678246 completed in 143ms,E104,Transaction {tx} completed in {time}ms
43934,2026-01-13,09:05:10,INFO,WebServer,Transaction tx667069 completed in 1841ms,E104,Transaction {tx} completed in {time}ms
43935,2026-01-13,09:54:02,INFO,WebServer,Transaction tx220960 completed in 85ms,E104,Transaction {tx} completed in {time}ms
43936,2026-01-13,09:56:20,INFO,WebServer,Page view: /home by u1333,E103,Page view: {page} by {user}
43937,2026-01-13,09:59:03,INFO,WebServer,Page view: /home by u3112,E103,Page view: {page} by {user}
43938,2026-01-13,09:01:12,INFO,WebServer,Health check passed: WebServer,E102,Health check passed: {service}
43939,2026-01-13,09:36:39,INFO,AuthService,User u2876 login successful,E101,User {user} login successful
43940,2026-01-13,09:06:52,INFO,InventoryDB,Transaction tx587958 completed in 534ms,E104,Transaction {tx} completed in {time}ms
43941,2026-01-13,09:26:05,INFO,AuthService,Health check passed: AuthService,E102,Health check passed: {service}
43942,2026-01-13,09:53:01,INFO,PaymentGateway,Page view: /home by u2638,E103,Page view: {page} by {user}
43943,2026-01-13,09:15:58,INFO,WebServer,Transaction tx712806 completed in 1732ms,E104,Transaction {tx} completed in {time}ms
43944,2026-01-13,09:40:05,INFO,WebServer,Transaction tx506834 completed in 178ms,E104,Transaction {tx} completed in {time}ms
43945,2026-01-13,09:57:29,INFO,WebServer,Health check passed: WebServer,E102,Health check passed: {service}
43946,2026-01-13,09:27:46,INFO,WebServer,Transaction tx516957 completed in 193ms,E104,Transaction {tx} completed in {time}ms
43947,2026-01-13,09:25:07,INFO,AuthService,Health check passed: AuthService,E102,Health check passed: {service}
43948,2026-01-13,09:34:49,INFO,AuthService,User u1734 login successful,E101,User {user} login successful
43949,2026-01-13,09:44:19,INFO,InventoryDB,User u1360 login successful,E101,User {user} login successful
43950,2026-01-13,09:52:20,WARN,WebServer,Disk usage > 85% on node node-2,E202,Disk usage > 85% on node {node}
43951,2026-01-13,09:58:15,INFO,PaymentGateway,Transaction tx439312 completed in 157ms,E104,Transaction {tx} completed in {time}ms
43952,2026-01-13,09:54:16,WARN,OrderProcessor,Disk usage > 85% on node node-3,E202,Disk usage > 85% on node {node}
43953,2026-01-13,09:38:35,INFO,OrderProcessor,Health check passed: OrderProcessor,E102,Health check passed: {service}
43954,2026-01-13,09:12:30,INFO,WebServer,Transaction tx690230 completed in 1028ms,E104,Transaction {tx} completed in {time}ms
43955,2026-01-13,09:44:17,INFO,WebServer,Page view: /home by u4058,E103,Page view: {page} by {user}
43956,2026-01-13,09:53:53,INFO,OrderProcessor,User u4056 login successful,E101,User {user} login successful
43957,2026-01-13,09:10:33,INFO,AuthService,Transaction tx750946 completed in 1970ms,E104,Transaction {tx} completed in {time}ms
43958,2026-01-13,09:14:59,INFO,WebServer,Health check passed: WebServer,E102,Health check passed: {service}
43959,2026-01-13,09:46:03,INFO,WebServer,Transaction tx200998 completed in 93ms,E104,Transaction {tx} completed in {time}ms
43960,2026-01-13,09:45:27,INFO,OrderProcessor,Health check passed: OrderProcessor,E102,Health check passed: {service}
43961,2026-01-13,09:33:04,INFO,PaymentGateway,Health check passed: PaymentGateway,E102,Health check passed: {service}
43962,2026-01-13,09:18:36,INFO,WebServer,Health check passed: WebServer,E102,Health check passed: {service}
43963,2026-01-13,09:30:47,INFO,WebServer,User u1618 login successful,E101,User {user} login successful
43964,2026-01-13,09:12:24,INFO,InventoryDB,User u1256 login successful,E101,User {user} login successful
43965,2026-01-13,09:29:31,INFO,InventoryDB,User u3782 login successful,E101,User {user} login successful
43966,2026-01-13,09:22:41,INFO,AuthService,Health check passed: AuthService,E102,Health check passed: {service}
43967,2026-01-13,09:43:39,INFO,WebServer,Page view: /home by u2956,E103,Page view: {page} by {user}
43968,2026-01-13,09:23:44,INFO,AuthService,Transaction tx772391 completed in 756ms,E104,Transaction {tx} completed in {time}ms
43969,2026-01-13,09:43:07,WARN,WebServer,Unauthorized access attempt from 10.0.0.88,E401,Unauthorized access attempt from {ip}
43970,2026-01-13,09:48:14,INFO,AuthService,Transaction tx478720 completed in 1396ms,E104,Transaction {tx} completed in {time}ms
43971,2026-01-13,09:56:11,INFO,WebServer,Health check passed: WebServer,E102,Health check passed: {service}
43972,2026-01-13,09:13:02,INFO,AuthService,User u2611 login successful,E101,User {user} login successful
43973,2026-01-13,09:55:52,INFO,WebServer,User u4165 login successful,E101,User {user} login successful
43974,2026-01-13,09:59:37,INFO,AuthService,Health check passed: AuthService,E102,Health check passed: {service}
43975,2026-01-13,09:36:24,INFO,WebServer,Transaction tx637369 completed in 1748ms,E104,Transaction {tx} completed in {time}ms
43976,2026-01-13,09:20:31,INFO,PaymentGateway,Transaction tx216565 completed in 554ms,E104,Transaction {tx} completed in {time}ms
43977,2026-01-13,09:06:31,INFO,AuthService,Page view: /home by u3167,E103,Page view: {page} by {user}
43978,2026-01-13,09:38:14,INFO,AuthService,User u1690 login successful,E101,User {user} login successful
43979,2026-01-13,09:43:47,INFO,WebServer,Health check passed: WebServer,E102,Health check passed: {service}
43980,2026-01-13,09:51:10,INFO,OrderProcessor,Health check passed: OrderProcessor,E102,Health check passed: {service}
43981,2026-01-13,09:34:24,INFO,WebServer,Page view: /home by u4324,E103,Page view: {page} by {user}
43982,2026-01-13,09:33:50,WARN,PaymentGateway,High latency (1201ms) detected on PaymentGateway,E201,High latency ({time}ms) detected on {service}
43983,2026-01-13,09:58:47,INFO,WebServer,Health check passed: WebServer,E102,Health check passed: {service}
43984,2026-01-13,09:35:37,CRITICAL,WebServer,KERNEL PANIC: Node node-5 crashed,E601,KERNEL PANIC: Node {node} crashed
43985,2026-01-13,09:00:06,INFO,OrderProcessor,Transaction tx202319 completed in 922ms,E104,Transaction {tx} completed in {time}ms
43986,2026-01-13,09:15:23,INFO,WebServer,Transaction tx236123 completed in 249ms,E104,Transaction {tx} completed in {time}ms
43987,2026-01-13,09:04:16,INFO,WebServer,Transaction tx254049 completed in 1146ms,E104,Transaction {tx} completed in {time}ms
43988,2026-01-13,09:32:33,INFO,WebServer,User u2450 login successful,E101,User {user} login successful
43989,2026-01-13,09:26:13,INFO,AuthService,Page view: /home by u4045,E103,Page view: {page} by {user}
43990,2026-01-13,09:09:22,INFO,InventoryDB,Page view: /home by u3193,E103,Page view: {page} by {user}
43991,2026-01-13,09:51:00,INFO,WebServer,User u2840 login successful,E101,User {user} login successful
43992,2026-01-13,09:54:59,INFO,WebServer,User u2788 login successful,E101,User {user} login successful
43993,2026-01-13,09:55:25,INFO,OrderProcessor,Health check passed: OrderProcessor,E102,Health check passed: {service}
43994,2026-01-13,09:11:30,INFO,AuthService,Transaction tx962095 completed in 285ms,E104,Transaction {tx} completed in {time}ms
43995,2026-01-13,09:00:58,INFO,PaymentGateway,Health check passed: PaymentGateway,E102,Health check passed: {service}
43996,2026-01-13,09:57:12,INFO,WebServer,Transaction tx103677 completed in 1484ms,E104,Transaction {tx} completed in {time}ms
43997,2026-01-13,09:58:52,INFO,WebServer,User u4326 login successful,E101,User {user} login successful
43998,2026-01-13,09:56:03,INFO,WebServer,Page view: /home by u3038,E103,Page view: {page} by {user}
43999,2026-01-13,09:44:25,INFO,InventoryDB,Health check passed: InventoryDB,E102,Health check passed: {service}
44000,2026-01-13,09:04:31,INFO,OrderProcessor,Transaction tx907501 completed in 578ms,E104,Transaction {tx} completed in {time}ms
44001,2026-01-13,09:06:06,INFO,OrderProcessor,Page view: /home by u4807,E103,Page view: {page} by {user}
44002,2026-01-13,09:50:41,INFO,WebServer,Health check passed: WebServer,E102,Health check passed: {service}
44003,2026-01-13,09:39:33,INFO,WebServer,User u2637 login successful,E101,User {user} login successful
44004,2026-01-13,09:13:19,INFO,WebServer,Health check passed: WebServer,E102,Health check passed: {service}
44005,2026-01-13,09:23:52,INFO,OrderProcessor,User u2854 login successful,E101,User {user} login successful
44006,2026-01-13,09:37:59,INFO,OrderProcessor,Health check passed: OrderProcessor,E102,Health check passed: {service}
44007,2026-01-13,09:50:56,INFO,AuthService,Transaction tx554352 completed in 1144ms,E104,Transaction {tx} completed in {time}ms
44008,2026-01-13,09:15:32,INFO,WebServer,Transaction tx278084 completed in 1565ms,E104,Transaction {tx} completed in {time}ms
44009,2026-01-13,09:46:27,INFO,WebServer,Page view: /home by u4102,E103,Page view: {page} by {user}
44010,2026-01-13,09:16:07,INFO,PaymentGateway,Transaction tx773721 completed in 129ms,E104,Transaction {tx} completed in {time}ms
44011,2026-01-13,09:22:38,INFO,WebServer,Page view: /home by u4692,E103,Page view: {page} by {user}
44012,2026-01-13,09:19:08,INFO,AuthService,Transaction tx784897 completed in 1446ms,E104,Transaction {tx} completed in {time}ms
44013,2026-01-13,09:19:40,INFO,WebServer,User u3389 login successful,E101,User {user} login successful
44014,2026-01-13,09:28:50,INFO,WebServer,Transaction tx718709 completed in 1629ms,E104,Transaction {tx} completed in {time}ms
44015,2026-01-13,09:56:21,INFO,WebServer,Health check passed: WebServer,E102,Health check passed: {service}
44016,2026-01-13,09:59:38,INFO,WebServer,Page view: /home by u2970,E103,Page view: {page} by {user}
44017,2026-01-13,09:34:23,INFO,InventoryDB,Transaction tx246291 completed in 1331ms,E104,Transaction {tx} completed in {time}ms
44018,2026-01-13,09:06:56,INFO,WebServer,Health check passed: WebServer,E102,Health check passed: {service}
44019,2026-01-13,09:50:40,INFO,OrderProcessor,User u3192 login successful,E101,User {user} login successful
44020,2026-01-13,09:01:15,INFO,AuthService,User u4577 login successful,E101,User {user} login successful
44021,2026-01-13,09:14:27,INFO,AuthService,User u1473 login successful,E101,User {user} login successful
44022,2026-01-13,09:02:45,INFO,AuthService,Page view: /home by u2982,E103,Page view: {page} by {user}
44023,2026-01-13,09:41:11,INFO,PaymentGateway,Page view: /home by u4318,E103,Page view: {page} by {user}
44024,2026-01-13,09:30:17,INFO,AuthService,Page view: /home by u3363,E103,Page view: {page} by {user}
44025,2026-01-13,09:47:31,INFO,WebServer,Health check passed: WebServer,E102,Health check passed: {service}
44026,2026-01-13,09:36:42,INFO,WebServer,User u3087 login successful,E101,User {user} login successful
44027,2026-01-13,09:53:06,INFO,OrderProcessor,User u3561 login successful,E101,User {user} login successful
44028,2026-01-13,09:14:29,INFO,WebServer,Page view: /home by u4486,E103,Page view: {page} by {user}
44029,2026-01-13,09:48:50,INFO,WebServer,Page view: /home by u1290,E103,Page view: {page} by {user}
44030,2026-01-13,09:57:15,INFO,WebServer,User u3307 login successful,E101,User {user} login successful
44031,2026-01-13,09:04:58,INFO,WebServer,Transaction tx664750 completed in 1051ms,E104,Transaction {tx} completed in {time}ms
44032,2026-01-13,09:29:38,INFO,AuthService,User u4720 login successful,E101,User {user} login successful
44033,2026-01-13,09:57:56,INFO,WebServer,Page view: /home by u3822,E103,Page view: {page} by {user}
44034,2026-01-13,09:52:46,INFO,AuthService,Transaction tx402510 completed in 853ms,E104,Transaction {tx} completed in {time}ms
44035,2026-01-13,09:59:11,INFO,AuthService,User u1010 login successful,E101,User {user} login successful
44036,2026-01-13,09:22:28,INFO,WebServer,Transaction tx103599 completed in 1043ms,E104,Transaction {tx} completed in {time}ms
44037,2026-01-13,09:50:10,INFO,PaymentGateway,Health check passed: PaymentGateway,E102,Health check passed: {service}
44038,2026-01-13,09:47:59,ERROR,WebServer,Connection refused to WebServer at 10.0.0.99,E501,Connection refused to {service} at {ip}
44039,2026-01-13,09:50:09,INFO,InventoryDB,User u2937 login successful,E101,User {user} login successful
44040,2026-01-13,09:22:00,INFO,InventoryDB,User u1280 login successful,E101,User {user} login successful
44041,2026-01-13,09:36:21,INFO,WebServer,Page view: /home by u4429,E103,Page view: {page} by {user}
44042,2026-01-13,09:02:23,INFO,AuthService,Page view: /home by u1998,E103,Page view: {page} by {user}
44043,2026-01-13,09:16:37,INFO,OrderProcessor,Health check passed: OrderProcessor,E102,Health check passed: {service}
44044,2026-01-13,09:12:41,INFO,WebServer,Health check passed: WebServer,E102,Health check passed: {service}
44045,2026-01-13,09:44:40,INFO,WebServer,Health check passed: WebServer,E102,Health check passed: {service}
44046,2026-01-13,09:12:28,INFO,WebServer,User u1914 login successful,E101,User {user} login successful
44047,2026-01-13,09:40:22,INFO,WebServer,Health check passed: WebServer,E102,Health check passed: {service}
44048,2026-01-13,09:25:13,INFO,AuthService,Health check passed: AuthService,E102,Health check passed: {service}
44049,2026-01-13,09:45:59,INFO,WebServer,Page view: /home by u1939,E103,Page view: {page} by {user}
44050,2026-01-13,09:24:08,INFO,WebServer,Transaction tx153378 completed in 335ms,E104,Transaction {tx} completed in {time}ms
44051,2026-01-13,09:19:52,INFO,WebServer,Transaction tx659739 completed in 1306ms,E104,Transaction {tx} completed in {time}ms
44052,2026-01-13,09:17:29,INFO,AuthService,Page view: /home by u1274,E103,Page view: {page} by {user}
44053,2026-01-13,09:56:04,INFO,AuthService,Page view: /home by u2369,E103,Page view: {page} by {user}
44054,2026-01-13,09:56:54,INFO,AuthService,Transaction tx376043 completed in 419ms,E104,Transaction {tx} completed in {time}ms
44055,2026-01-13,09:23:29,INFO,WebServer,Page view: /home by u2352,E103,Page view: {page} by {user}
44056,2026-01-13,09:10:47,WARN,PaymentGateway,Unauthorized access attempt from 10.0.0.45,E401,Unauthorized access attempt from {ip}
44057,2026-01-13,09:54:09,INFO,WebServer,Transaction tx276460 completed in 1603ms,E104,Transaction {tx} completed in {time}ms
44058,2026-01-13,09:07:35,INFO,WebServer,User u3287 login successful,E101,User {user} login successful
44059,2026-01-13,09:19:02,INFO,AuthService,Transaction tx836914 completed in 737ms,E104,Transaction {tx} completed in {time}ms
44060,2026-01-13,09:48:03,INFO,AuthService,User u4819 login successful,E101,User {user} login successful
44061,2026-01-13,09:25:24,INFO,AuthService,Page view: /home by u3165,E103,Page view: {page} by {user}
44062,2026-01-13,09:48:36,INFO,WebServer,Transaction tx711895 completed in 1648ms,E104,Transaction {tx} completed in {time}ms
44063,2026-01-13,09:20:09,INFO,WebServer,Page view: /home by u2424,E103,Page view: {page} by {user}
44064,2026-01-13,09:12:36,INFO,AuthService,User u1419 login successful,E101,User {user} login successful
44065,2026-01-13,09:13:37,INFO,WebServer,Health check passed: WebServer,E102,Health check passed: {service}
44066,2026-01-13,09:38:43,INFO,WebServer,User u1301 login successful,E101,User {user} login successful
44067,2026-01-13,09:28:15,INFO,WebServer,User u3913 login successful,E101,User {user} login successful
44068,2026-01-13,09:12:59,INFO,AuthService,Transaction tx954329 completed in 36ms,E104,Transaction {tx} completed in {time}ms
44069,2026-01-13,09:39:11,INFO,WebServer,Health check passed: WebServer,E102,Health check passed: {service}
44070,2026-01-13,09:21:58,INFO,PaymentGateway,Health check passed: PaymentGateway,E102,Health check passed: {service}
44071,2026-01-13,09:46:59,INFO,AuthService,User u4503 login successful,E101,User {user} login successful
44072,2026-01-13,09:13:58,INFO,WebServer,Transaction tx807901 completed in 1039ms,E104,Transaction {tx} completed in {time}ms
44073,2026-01-13,09:49:32,INFO,WebServer,User u1902 login successful,E101,User {user} login successful
44074,2026-01-13,09:54:46,INFO,AuthService,Health check passed: AuthService,E102,Health check passed: {service}
44075,2026-01-13,09:50:01,INFO,WebServer,Health check passed: WebServer,E102,Health check passed: {service}
44076,2026-01-13,09:31:13,INFO,PaymentGateway,Health check passed: PaymentGateway,E102,Health check passed: {service}
44077,2026-01-13,09:51:46,INFO,PaymentGateway,User u1162 login successful,E101,User {user} login successful
44078,2026-01-13,09:19:38,INFO,WebServer,Health check passed: WebServer,E102,Health check passed: {service}
44079,2026-01-13,09:33:20,INFO,InventoryDB,Transaction tx274375 completed in 1561ms,E104,Transaction {tx} completed in {time}ms
44080,2026-01-13,09:41:56,INFO,WebServer,Transaction tx869383 completed in 659ms,E104,Transaction {tx} completed in {time}ms
44081,2026-01-13,09:00:16,INFO,OrderProcessor,Page view: /home by u2674,E103,Page view: {page} by {user}
44082,2026-01-13,09:30:36,INFO,OrderProcessor,Health check passed: OrderProcessor,E102,Health check passed: {service}
44083,2026-01-13,09:31:40,INFO,PaymentGateway,Health check passed: PaymentGateway,E102,Health check passed: {service}
44084,2026-01-13,09:19:07,INFO,OrderProcessor,Health check passed: OrderProcessor,E102,Health check passed: {service}
44085,2026-01-13,09:10:57,INFO,AuthService,Page view: /home by u2015,E103,Page view: {page} by {user}
44086,2026-01-13,09:03:53,INFO,WebServer,User u2528 login successful,E101,User {user} login successful
44087,2026-01-13,09:58:55,INFO,OrderProcessor,Page view: /home by u2708,E103,Page view: {page} by {user}
44088,2026-01-13,09:30:41,WARN,OrderProcessor,Unauthorized access attempt from 10.0.0.12,E401,Unauthorized access attempt from {ip}
44089,2026-01-13,09:22:17,INFO,AuthService,User u1935 login successful,E101,User {user} login successful
44090,2026-01-13,09:30:52,INFO,WebServer,Page view: /home by u2106,E103,Page view: {page} by {user}
44091,2026-01-13,09:28:45,INFO,WebServer,Transaction tx713783 completed in 56ms,E104,Transaction {tx} completed in {time}ms
44092,2026-01-13,09:26:19,INFO,OrderProcessor,Health check passed: OrderProcessor,E102,Health check passed: {service}
44093,2026-01-13,09:47:26,ERROR,WebServer,Connection refused to WebServer at 10.0.0.45,E501,Connection refused to {service} at {ip}
44094,2026-01-13,09:25:05,INFO,AuthService,Health check passed: AuthService,E102,Health check passed: {service}
44095,2026-01-13,09:18:35,INFO,InventoryDB,User u1468 login successful,E101,User {user} login successful
44096,2026-01-13,09:17:41,INFO,OrderProcessor,Health check passed: OrderProcessor,E102,Health check passed: {service}
44097,2026-01-13,09:35:05,INFO,AuthService,Page view: /home by u1055,E103,Page view: {page} by {user}
44098,2026-01-13,09:43:38,INFO,WebServer,Transaction tx122744 completed in 233ms,E104,Transaction {tx} completed in {time}ms
44099,2026-01-13,09:25:51,INFO,OrderProcessor,Page view: /home by u2481,E103,Page view: {page} by {user}
44100,2026-01-13,09:37:45,INFO,WebServer,Page view: /home by u1353,E103,Page view: {page} by {user}
44101,2026-01-13,09:54:18,INFO,AuthService,Health check passed: AuthService,E102,Health check passed: {service}
44102,2026-01-13,09:39:10,INFO,PaymentGateway,Transaction tx433659 completed in 79ms,E104,Transaction {tx} completed in {time}ms
44103,2026-01-13,09:10:01,INFO,WebServer,Transaction tx918581 completed in 1611ms,E104,Transaction {tx} completed in {time}ms
44104,2026-01-13,09:41:34,WARN,WebServer,Disk usage > 85% on node node-3,E202,Disk usage > 85% on node {node}
44105,2026-01-13,09:18:29,INFO,WebServer,Health check passed: WebServer,E102,Health check passed: {service}
44106,2026-01-13,09:30:30,INFO,WebServer,Transaction tx413994 completed in 1567ms,E104,Transaction {tx} completed in {time}ms
44107,2026-01-13,09:32:35,INFO,AuthService,Page view: /home by u1601,E103,Page view: {page} by {user}
44108,2026-01-13,09:53:53,INFO,WebServer,Transaction tx796596 completed in 542ms,E104,Transaction {tx} completed in {time}ms
44109,2026-01-13,09:54:48,INFO,WebServer,User u4935 login successful,E101,User {user} login successful
44110,2026-01-13,09:07:08,INFO,WebServer,Page view: /home by u1522,E103,Page view: {page} by {user}
44111,2026-01-13,09:07:30,INFO,OrderProcessor,Transaction tx190125 completed in 1608ms,E104,Transaction {tx} completed in {time}ms
44112,2026-01-13,09:50:36,INFO,WebServer,Page view: /home by u1983,E103,Page view: {page} by {user}
44113,2026-01-13,09:18:43,INFO,WebServer,Transaction tx707251 completed in 421ms,E104,Transaction {tx} completed in {time}ms
44114,2026-01-13,09:57:29,INFO,WebServer,Page view: /home by u2673,E103,Page view: {page} by {user}
44115,2026-01-13,09:31:53,INFO,AuthService,Page view: /home by u1517,E103,Page view: {page} by {user}
44116,2026-01-13,09:38:58,INFO,AuthService,Transaction tx433968 completed in 458ms,E104,Transaction {tx} completed in {time}ms
44117,2026-01-13,09:57:26,INFO,WebServer,Health check passed: WebServer,E102,Health check passed: {service}
44118,2026-01-13,09:03:05,INFO,WebServer,Transaction tx243921 completed in 1379ms,E104,Transaction {tx} completed in {time}ms
44119,2026-01-13,09:38:35,INFO,WebServer,User u4171 login successful,E101,User {user} login successful
44120,2026-01-13,09:52:47,INFO,AuthService,Transaction tx949158 completed in 1336ms,E104,Transaction {tx} completed in {time}ms
44121,2026-01-13,09:59:53,INFO,WebServer,Health check passed: WebServer,E102,Health check passed: {service}
44122,2026-01-13,09:19:31,INFO,PaymentGateway,User u4887 login successful,E101,User {user} login successful
44123,2026-01-13,09:36:21,INFO,WebServer,Health check passed: WebServer,E102,Health check passed: {service}
44124,2026-01-13,09:41:31,INFO,WebServer,Page view: /home by u3689,E103,Page view: {page} by {user}
44125,2026-01-13,09:22:28,INFO,OrderProcessor,Health check passed: OrderProcessor,E102,Health check passed: {service}
44126,2026-01-13,09:43:03,INFO,OrderProcessor,User u3864 login successful,E101,User {user} login successful
44127,2026-01-13,09:22:24,INFO,PaymentGateway,Page view: /home by u4326,E103,Page view: {page} by {user}
44128,2026-01-13,09:05:06,INFO,WebServer,Transaction tx550183 completed in 775ms,E104,Transaction {tx} completed in {time}ms
44129,2026-01-13,09:47:26,INFO,PaymentGateway,Health check passed: PaymentGateway,E102,Health check passed: {service}
44130,2026-01-13,09:39:37,ERROR,OrderProcessor,Payment declined: Gateway unavailable,E503,Payment declined: Gateway unavailable
44131,2026-01-13,09:05:32,INFO,OrderProcessor,Transaction tx774814 completed in 571ms,E104,Transaction {tx} completed in {time}ms
44132,2026-01-13,09:46:45,WARN,OrderProcessor,Disk usage > 85% on node node-2,E202,Disk usage > 85% on node {node}
44133,2026-01-13,09:07:48,INFO,OrderProcessor,Health check passed: OrderProcessor,E102,Health check passed: {service}
44134,2026-01-13,09:52:52,INFO,WebServer,Page view: /home by u2212,E103,Page view: {page} by {user}
44135,2026-01-13,09:32:06,INFO,WebServer,Health check passed: WebServer,E102,Health check passed: {service}
44136,2026-01-13,09:19:37,INFO,WebServer,Page view: /home by u1421,E103,Page view: {page} by {user}
44137,2026-01-13,09:31:00,INFO,WebServer,User u3388 login successful,E101,User {user} login successful
44138,2026-01-13,09:35:50,INFO,WebServer,Transaction tx512479 completed in 1919ms,E104,Transaction {tx} completed in {time}ms
44139,2026-01-13,09:12:53,INFO,WebServer,Transaction tx158375 completed in 652ms,E104,Transaction {tx} completed in {time}ms
44140,2026-01-13,09:57:12,INFO,OrderProcessor,Transaction tx109879 completed in 95ms,E104,Transaction {tx} completed in {time}ms
44141,2026-01-13,09:37:05,INFO,WebServer,Health check passed: WebServer,E102,Health check passed: {service}
44142,2026-01-13,09:22:25,INFO,AuthService,Page view: /home by u1170,E103,Page view: {page} by {user}
44143,2026-01-13,09:17:50,INFO,WebServer,Page view: /home by u2520,E103,Page view: {page} by {user}
44144,2026-01-13,09:11:11,INFO,PaymentGateway,User u3774 login successful,E101,User {user} login successful
44145,2026-01-13,09:49:31,INFO,WebServer,Health check passed: WebServer,E102,Health check passed: {service}
44146,2026-01-13,09:01:51,INFO,WebServer,Health check passed: WebServer,E102,Health check passed: {service}
44147,2026-01-13,09:09:52,INFO,WebServer,Page view: /home by u1838,E103,Page view: {page} by {user}
44148,2026-01-13,09:48:18,INFO,OrderProcessor,User u2120 login successful,E101,User {user} login successful
44149,2026-01-13,09:57:28,INFO,AuthService,Health check passed: AuthService,E102,Health check passed: {service}
44150,2026-01-13,09:57:48,INFO,OrderProcessor,Health check passed: OrderProcessor,E102,Health check passed: {service}
44151,2026-01-13,09:40:38,INFO,OrderProcessor,Page view: /home by u1587,E103,Page view: {page} by {user}
44152,2026-01-13,09:46:22,INFO,OrderProcessor,Transaction tx186808 completed in 1976ms,E104,Transaction {tx} completed in {time}ms
44153,2026-01-13,09:15:42,INFO,WebServer,Page view: /home by u4655,E103,Page view: {page} by {user}
44154,2026-01-13,09:57:03,INFO,WebServer,Transaction tx650574 completed in 654ms,E104,Transaction {tx} completed in {time}ms
44155,2026-01-13,09:48:41,INFO,WebServer,Page view: /home by u1359,E103,Page view: {page} by {user}
44156,2026-01-13,09:30:24,INFO,WebServer,Health check passed: WebServer,E102,Health check passed: {service}
44157,2026-01-13,09:51:20,INFO,WebServer,Transaction tx688406 completed in 1094ms,E104,Transaction {tx} completed in {time}ms
44158,2026-01-13,09:17:23,INFO,AuthService,Transaction tx665152 completed in 1672ms,E104,Transaction {tx} completed in {time}ms
44159,2026-01-13,09:23:33,INFO,WebServer,User u2739 login successful,E101,User {user} login successful
44160,2026-01-13,09:24:44,INFO,PaymentGateway,User u3197 login successful,E101,User {user} login successful
44161,2026-01-13,09:59:32,INFO,WebServer,Transaction tx160447 completed in 1970ms,E104,Transaction {tx} completed in {time}ms
44162,2026-01-13,09:18:51,INFO,WebServer,User u4621 login successful,E101,User {user} login successful
44163,2026-01-13,09:24:08,INFO,PaymentGateway,User u1194 login successful,E101,User {user} login successful
44164,2026-01-13,09:38:19,INFO,WebServer,User u1309 login successful,E101,User {user} login successful
44165,2026-01-13,09:32:08,INFO,AuthService,Transaction tx255529 completed in 280ms,E104,Transaction {tx} completed in {time}ms
44166,2026-01-13,09:09:25,INFO,AuthService,User u2867 login successful,E101,User {user} login successful
44167,2026-01-13,09:25:33,INFO,PaymentGateway,User u2178 login successful,E101,User {user} login successful
44168,2026-01-13,09:24:42,INFO,InventoryDB,User u3730 login successful,E101,User {user} login successful
44169,2026-01-13,09:51:37,WARN,OrderProcessor,High latency (406ms) detected on OrderProcessor,E201,High latency ({time}ms) detected on {service}
44170,2026-01-13,09:45:18,INFO,PaymentGateway,Health check passed: PaymentGateway,E102,Health check passed: {service}
44171,2026-01-13,09:05:05,INFO,OrderProcessor,Health check passed: OrderProcessor,E102,Health check passed: {service}
44172,2026-01-13,09:20:21,INFO,WebServer,Health check passed: WebServer,E102,Health check passed: {service}
44173,2026-01-13,09:56:36,INFO,AuthService,Transaction tx912969 completed in 1751ms,E104,Transaction {tx} completed in {time}ms
44174,2026-01-13,09:11:45,INFO,WebServer,Transaction tx385967 completed in 930ms,E104,Transaction {tx} completed in {time}ms
44175,2026-01-13,09:01:23,INFO,WebServer,User u2183 login successful,E101,User {user} login successful
44176,2026-01-13,09:07:05,INFO,WebServer,User u4021 login successful,E101,User {user} login successful
44177,2026-01-13,09:32:44,INFO,OrderProcessor,Page view: /home by u2523,E103,Page view: {page} by {user}
44178,2026-01-13,09:28:44,INFO,WebServer,User u2617 login successful,E101,User {user} login successful
44179,2026-01-13,09:11:41,INFO,PaymentGateway,Transaction tx856898 completed in 1000ms,E104,Transaction {tx} completed in {time}ms
44180,2026-01-13,09:37:15,INFO,WebServer,Transaction tx261302 completed in 1536ms,E104,Transaction {tx} completed in {time}ms
44181,2026-01-13,09:22:50,INFO,WebServer,User u1621 login successful,E101,User {user} login successful
44182,2026-01-13,09:22:04,INFO,WebServer,Page view: /home by u2713,E103,Page view: {page} by {user}
44183,2026-01-13,09:05:32,INFO,WebServer,Page view: /home by u1319,E103,Page view: {page} by {user}
44184,2026-01-13,09:44:27,INFO,AuthService,Transaction tx206424 completed in 169ms,E104,Transaction {tx} completed in {time}ms
44185,2026-01-13,09:02:37,INFO,WebServer,User u3340 login successful,E101,User {user} login successful
44186,2026-01-13,09:07:39,INFO,WebServer,User u3963 login successful,E101,User {user} login successful
44187,2026-01-13,09:19:46,INFO,InventoryDB,Health check passed: InventoryDB,E102,Health check passed: {service}
44188,2026-01-13,09:58:13,INFO,AuthService,Page view: /home by u2018,E103,Page view: {page} by {user}
44189,2026-01-13,09:06:55,INFO,OrderProcessor,Health check passed: OrderProcessor,E102,Health check passed: {service}
44190,2026-01-13,09:15:53,INFO,AuthService,Health check passed: AuthService,E102,Health check passed: {service}
44191,2026-01-13,09:26:32,INFO,AuthService,Health check passed: AuthService,E102,Health check passed: {service}
44192,2026-01-13,09:08:41,INFO,WebServer,Page view: /home by u4433,E103,Page view: {page} by {user}
44193,2026-01-13,09:35:11,INFO,WebServer,Transaction tx531447 completed in 1105ms,E104,Transaction {tx} completed in {time}ms
44194,2026-01-13,09:25:45,INFO,WebServer,Transaction tx655815 completed in 798ms,E104,Transaction {tx} completed in {time}ms
44195,2026-01-13,09:07:26,INFO,AuthService,Transaction tx207039 completed in 1085ms,E104,Transaction {tx} completed in {time}ms
44196,2026-01-13,09:53:38,INFO,AuthService,User u3648 login successful,E101,User {user} login successful
44197,2026-01-13,09:01:53,INFO,OrderProcessor,Transaction tx949539 completed in 270ms,E104,Transaction {tx} completed in {time}ms
44198,2026-01-13,09:39:23,INFO,PaymentGateway,Health check passed: PaymentGateway,E102,Health check passed: {service}
44199,2026-01-13,09:49:49,INFO,WebServer,User u1434 login successful,E101,User {user} login successful
44200,2026-01-13,09:01:11,INFO,AuthService,User u1900 login successful,E101,User {user} login successful
44201,2026-01-13,09:31:14,ERROR,WebServer,Timeout waiting for lock on InventoryDB,E502,Timeout waiting for lock on {db}
44202,2026-01-13,09:44:23,INFO,PaymentGateway,User u1013 login successful,E101,User {user} login successful
44203,2026-01-13,09:05:17,INFO,PaymentGateway,Health check passed: PaymentGateway,E102,Health check passed: {service}
44204,2026-01-13,09:48:24,INFO,WebServer,Transaction tx744539 completed in 316ms,E104,Transaction {tx} completed in {time}ms
44205,2026-01-13,09:28:08,INFO,AuthService,User u4649 login successful,E101,User {user} login successful
44206,2026-01-13,09:23:13,INFO,WebServer,Page view: /home by u2035,E103,Page view: {page} by {user}
44207,2026-01-13,09:00:27,INFO,WebServer,Transaction tx101062 completed in 1767ms,E104,Transaction {tx} completed in {time}ms
44208,2026-01-13,09:21:26,INFO,WebServer,Page view: /home by u3436,E103,Page view: {page} by {user}
44209,2026-01-13,09:41:37,INFO,OrderProcessor,Transaction tx297938 completed in 557ms,E104,Transaction {tx} completed in {time}ms
44210,2026-01-13,09:27:03,INFO,AuthService,Page view: /home by u3678,E103,Page view: {page} by {user}
44211,2026-01-13,09:15:08,INFO,WebServer,Transaction tx108045 completed in 1423ms,E104,Transaction {tx} completed in {time}ms
44212,2026-01-13,09:16:05,INFO,WebServer,Health check passed: WebServer,E102,Health check passed: {service}
44213,2026-01-13,09:58:21,INFO,PaymentGateway,User u3364 login successful,E101,User {user} login successful
44214,2026-01-13,09:24:36,INFO,AuthService,Page view: /home by u3420,E103,Page view: {page} by {user}
44215,2026-01-13,09:28:31,INFO,PaymentGateway,Transaction tx970434 completed in 125ms,E104,Transaction {tx} completed in {time}ms
44216,2026-01-13,09:14:31,INFO,WebServer,User u4708 login successful,E101,User {user} login successful
44217,2026-01-13,09:59:57,INFO,AuthService,Health check passed: AuthService,E102,Health check passed: {service}
44218,2026-01-13,09:33:30,INFO,PaymentGateway,User u2969 login successful,E101,User {user} login successful
44219,2026-01-13,09:31:40,WARN,PaymentGateway,Unauthorized access attempt from 10.0.0.12,E401,Unauthorized access attempt from {ip}
44220,2026-01-13,09:58:52,INFO,OrderProcessor,Health check passed: OrderProcessor,E102,Health check passed: {service}
44221,2026-01-13,09:43:15,INFO,WebServer,Transaction tx914854 completed in 692ms,E104,Transaction {tx} completed in {time}ms
44222,2026-01-13,09:23:32,INFO,InventoryDB,Health check passed: InventoryDB,E102,Health check passed: {service}
44223,2026-01-13,09:28:35,INFO,PaymentGateway,Health check passed: PaymentGateway,E102,Health check passed: {service}
44224,2026-01-13,09:25:06,INFO,WebServer,Page view: /home by u3710,E103,Page view: {page} by {user}
44225,2026-01-13,09:31:54,INFO,OrderProcessor,Page view: /home by u3546,E103,Page view: {page} by {user}
44226,2026-01-13,09:15:21,INFO,OrderProcessor,Transaction tx841093 completed in 1728ms,E104,Transaction {tx} completed in {time}ms
44227,2026-01-13,09:38:43,WARN,WebServer,High latency (1976ms) detected on WebServer,E201,High latency ({time}ms) detected on {service}
44228,2026-01-13,09:22:23,INFO,PaymentGateway,Health check passed: PaymentGateway,E102,Health check passed: {service}
44229,2026-01-13,09:14:27,INFO,OrderProcessor,Transaction tx306409 completed in 205ms,E104,Transaction {tx} completed in {time}ms
44230,2026-01-13,09:50:38,INFO,WebServer,Transaction tx258741 completed in 1733ms,E104,Transaction {tx} completed in {time}ms
44231,2026-01-13,09:59:51,INFO,PaymentGateway,Health check passed: PaymentGateway,E102,Health check passed: {service}
44232,2026-01-13,09:07:21,INFO,AuthService,User u3785 login successful,E101,User {user} login successful
44233,2026-01-13,09:20:41,INFO,WebServer,Transaction tx670463 completed in 1556ms,E104,Transaction {tx} completed in {time}ms
44234,2026-01-13,09:02:42,INFO,AuthService,Page view: /home by u4569,E103,Page view: {page} by {user}
44235,2026-01-13,09:05:55,INFO,AuthService,User u1428 login successful,E101,User {user} login successful
44236,2026-01-13,09:29:00,WARN,PaymentGateway,Disk usage > 85% on node node-2,E202,Disk usage > 85% on node {node}
44237,2026-01-13,09:24:14,INFO,InventoryDB,Transaction tx317680 completed in 661ms,E104,Transaction {tx} completed in {time}ms
44238,2026-01-13,09:37:00,WARN,PaymentGateway,Disk usage > 85% on node node-4,E202,Disk usage > 85% on node {node}
44239,2026-01-13,09:46:03,INFO,AuthService,Transaction tx459478 completed in 1364ms,E104,Transaction {tx} completed in {time}ms
44240,2026-01-13,09:29:40,INFO,WebServer,User u4229 login successful,E101,User {user} login successful
44241,2026-01-13,09:42:29,INFO,AuthService,Health check passed: AuthService,E102,Health check passed: {service}
44242,2026-01-13,09:46:41,INFO,WebServer,Page view: /home by u4028,E103,Page view: {page} by {user}
44243,2026-01-13,09:27:20,INFO,PaymentGateway,Transaction tx854986 completed in 1564ms,E104,Transaction {tx} completed in {time}ms
44244,2026-01-13,09:33:11,INFO,AuthService,Transaction tx902763 completed in 383ms,E104,Transaction {tx} completed in {time}ms
44245,2026-01-13,09:00:02,INFO,PaymentGateway,User u4504 login successful,E101,User {user} login successful
44246,2026-01-13,09:17:37,INFO,AuthService,Transaction tx295976 completed in 420ms,E104,Transaction {tx} completed in {time}ms
44247,2026-01-13,09:15:47,INFO,WebServer,Transaction tx804624 completed in 365ms,E104,Transaction {tx} completed in {time}ms
44248,2026-01-13,09:46:27,INFO,WebServer,Page view: /home by u4571,E103,Page view: {page} by {user}
44249,2026-01-13,09:05:01,INFO,WebServer,Page view: /home by u2885,E103,Page view: {page} by {user}
44250,2026-01-13,09:21:41,INFO,WebServer,Health check passed: WebServer,E102,Health check passed: {service}
44251,2026-01-13,09:14:02,INFO,WebServer,Transaction tx873865 completed in 492ms,E104,Transaction {tx} completed in {time}ms
44252,2026-01-13,09:12:49,INFO,WebServer,Health check passed: WebServer,E102,Health check passed: {service}
44253,2026-01-13,09:17:23,WARN,WebServer,Disk usage > 85% on node node-5,E202,Disk usage > 85% on node {node}
44254,2026-01-13,09:12:22,CRITICAL,WebServer,KERNEL PANIC: Node node-2 crashed,E601,KERNEL PANIC: Node {node} crashed
44255,2026-01-13,09:40:03,INFO,PaymentGateway,Page view: /home by u1979,E103,Page view: {page} by {user}
44256,2026-01-13,09:25:22,INFO,WebServer,Transaction tx664218 completed in 399ms,E104,Transaction {tx} completed in {time}ms
44257,2026-01-13,09:21:25,INFO,InventoryDB,User u1287 login successful,E101,User {user} login successful
44258,2026-01-13,09:36:00,INFO,WebServer,User u3158 login successful,E101,User {user} login successful
44259,2026-01-13,09:33:31,INFO,WebServer,User u1370 login successful,E101,User {user} login successful
44260,2026-01-13,09:27:40,INFO,OrderProcessor,Transaction tx250189 completed in 1836ms,E104,Transaction {tx} completed in {time}ms
44261,2026-01-13,09:22:59,INFO,WebServer,Health check passed: WebServer,E102,Health check passed: {service}
44262,2026-01-13,09:54:28,INFO,WebServer,Health check passed: WebServer,E102,Health check passed: {service}
44263,2026-01-13,09:09:10,INFO,WebServer,Transaction tx321047 completed in 1218ms,E104,Transaction {tx} completed in {time}ms
44264,2026-01-13,09:50:58,INFO,OrderProcessor,Page view: /home by u3008,E103,Page view: {page} by {user}
44265,2026-01-13,09:35:00,INFO,PaymentGateway,Health check passed: PaymentGateway,E102,Health check passed: {service}
44266,2026-01-13,09:29:17,INFO,OrderProcessor,Health check passed: OrderProcessor,E102,Health check passed: {service}
44267,2026-01-13,09:10:02,INFO,AuthService,Transaction tx648064 completed in 59ms,E104,Transaction {tx} completed in {time}ms
44268,2026-01-13,09:49:59,INFO,OrderProcessor,Transaction tx604879 completed in 1550ms,E104,Transaction {tx} completed in {time}ms
44269,2026-01-13,09:36:37,WARN,PaymentGateway,High latency (960ms) detected on PaymentGateway,E201,High latency ({time}ms) detected on {service}
44270,2026-01-13,09:01:22,INFO,WebServer,User u1649 login successful,E101,User {user} login successful
44271,2026-01-13,09:58:39,INFO,PaymentGateway,Page view: /home by u3361,E103,Page view: {page} by {user}
44272,2026-01-13,09:28:13,WARN,OrderProcessor,High latency (1383ms) detected on OrderProcessor,E201,High latency ({time}ms) detected on {service}
44273,2026-01-13,09:21:33,INFO,WebServer,Transaction tx669278 completed in 1560ms,E104,Transaction {tx} completed in {time}ms
44274,2026-01-13,09:30:18,INFO,PaymentGateway,User u2297 login successful,E101,User {user} login successful
44275,2026-01-13,09:22:21,INFO,WebServer,User u2394 login successful,E101,User {user} login successful
44276,2026-01-13,09:03:40,INFO,PaymentGateway,Health check passed: PaymentGateway,E102,Health check passed: {service}
44277,2026-01-13,09:10:51,INFO,WebServer,User u3350 login successful,E101,User {user} login successful
44278,2026-01-13,09:26:58,INFO,AuthService,Transaction tx521453 completed in 1517ms,E104,Transaction {tx} completed in {time}ms
44279,2026-01-13,09:51:08,INFO,WebServer,Transaction tx360041 completed in 1431ms,E104,Transaction {tx} completed in {time}ms
44280,2026-01-13,09:57:12,INFO,WebServer,Page view: /home by u1578,E103,Page view: {page} by {user}
44281,2026-01-13,09:24:13,INFO,InventoryDB,Health check passed: InventoryDB,E102,Health check passed: {service}
44282,2026-01-13,09:44:50,WARN,WebServer,Disk usage > 85% on node node-5,E202,Disk usage > 85% on node {node}
44283,2026-01-13,09:03:45,INFO,AuthService,User u4743 login successful,E101,User {user} login successful
44284,2026-01-13,09:02:10,INFO,OrderProcessor,Health check passed: OrderProcessor,E102,Health check passed: {service}
44285,2026-01-13,09:12:28,INFO,OrderProcessor,User u1614 login successful,E101,User {user} login successful
44286,2026-01-13,09:53:01,INFO,PaymentGateway,Page view: /home by u3492,E103,Page view: {page} by {user}
44287,2026-01-13,09:31:23,INFO,WebServer,Health check passed: WebServer,E102,Health check passed: {service}
44288,2026-01-13,09:17:31,INFO,WebServer,User u4757 login successful,E101,User {user} login successful
44289,2026-01-13,09:22:32,INFO,AuthService,User u4479 login successful,E101,User {user} login successful
44290,2026-01-13,09:26:02,INFO,WebServer,Page view: /home by u3000,E103,Page view: {page} by {user}
44291,2026-01-13,09:16:42,INFO,OrderProcessor,User u4969 login successful,E101,User {user} login successful
44292,2026-01-13,09:55:44,INFO,WebServer,Page view: /home by u3442,E103,Page view: {page} by {user}
44293,2026-01-13,09:49:46,INFO,InventoryDB,Health check passed: InventoryDB,E102,Health check passed: {service}
44294,2026-01-13,09:44:42,INFO,AuthService,Transaction tx773364 completed in 1879ms,E104,Transaction {tx} completed in {time}ms
44295,2026-01-13,09:01:46,INFO,AuthService,User u1018 login successful,E101,User {user} login successful
44296,2026-01-13,09:22:00,INFO,AuthService,Transaction tx920705 completed in 956ms,E104,Transaction {tx} completed in {time}ms
44297,2026-01-13,09:12:18,INFO,WebServer,Health check passed: WebServer,E102,Health check passed: {service}
44298,2026-01-13,09:56:15,INFO,WebServer,Transaction tx894656 completed in 1501ms,E104,Transaction {tx} completed in {time}ms
44299,2026-01-13,09:55:52,INFO,PaymentGateway,Transaction tx137486 completed in 1549ms,E104,Transaction {tx} completed in {time}ms
44300,2026-01-13,09:29:03,INFO,WebServer,Health check passed: WebServer,E102,Health check passed: {service}
44301,2026-01-13,09:22:13,INFO,WebServer,User u1992 login successful,E101,User {user} login successful
44302,2026-01-13,09:02:30,INFO,WebServer,Health check passed: WebServer,E102,Health check passed: {service}
44303,2026-01-13,09:30:09,INFO,AuthService,User u3161 login successful,E101,User {user} login successful
44304,2026-01-13,09:47:36,INFO,WebServer,Health check passed: WebServer,E102,Health check passed: {service}
44305,2026-01-13,09:26:15,INFO,OrderProcessor,Page view: /home by u1773,E103,Page view: {page} by {user}
44306,2026-01-13,09:16:27,INFO,WebServer,Page view: /home by u1706,E103,Page view: {page} by {user}
44307,2026-01-13,09:31:37,INFO,WebServer,Health check passed: WebServer,E102,Health check passed: {service}
44308,2026-01-13,09:26:29,INFO,WebServer,User u4169 login successful,E101,User {user} login successful
44309,2026-01-13,09:12:41,INFO,OrderProcessor,Page view: /home by u3011,E103,Page view: {page} by {user}
44310,2026-01-13,09:41:51,INFO,WebServer,Transaction tx895094 completed in 95ms,E104,Transaction {tx} completed in {time}ms
44311,2026-01-13,09:15:42,INFO,OrderProcessor,User u1499 login successful,E101,User {user} login successful
44312,2026-01-13,09:25:54,INFO,PaymentGateway,Transaction tx725693 completed in 1305ms,E104,Transaction {tx} completed in {time}ms
44313,2026-01-13,09:42:35,INFO,WebServer,User u1545 login successful,E101,User {user} login successful
44314,2026-01-13,09:45:06,INFO,PaymentGateway,Transaction tx341887 completed in 1644ms,E104,Transaction {tx} completed in {time}ms
44315,2026-01-13,09:43:42,CRITICAL,OrderProcessor,KERNEL PANIC: Node node-5 crashed,E601,KERNEL PANIC: Node {node} crashed
44316,2026-01-13,09:37:57,INFO,WebServer,User u2987 login successful,E101,User {user} login successful
44317,2026-01-13,09:57:29,INFO,WebServer,Page view: /home by u4493,E103,Page view: {page} by {user}
44318,2026-01-13,09:37:19,INFO,WebServer,Transaction tx109347 completed in 1609ms,E104,Transaction {tx} completed in {time}ms
44319,2026-01-13,09:22:36,INFO,AuthService,Transaction tx312973 completed in 230ms,E104,Transaction {tx} completed in {time}ms
44320,2026-01-13,09:14:13,INFO,WebServer,Health check passed: WebServer,E102,Health check passed: {service}
44321,2026-01-13,09:16:16,INFO,AuthService,Health check passed: AuthService,E102,Health check passed: {service}
44322,2026-01-13,09:49:25,ERROR,AuthService,Payment declined: Gateway unavailable,E503,Payment declined: Gateway unavailable
44323,2026-01-13,09:37:38,INFO,WebServer,Page view: /home by u2673,E103,Page view: {page} by {user}
44324,2026-01-13,09:45:01,INFO,WebServer,Health check passed: WebServer,E102,Health check passed: {service}
44325,2026-01-13,09:06:19,INFO,WebServer,User u4816 login successful,E101,User {user} login successful
44326,2026-01-13,09:56:30,INFO,OrderProcessor,User u2568 login successful,E101,User {user} login successful
44327,2026-01-13,09:44:16,INFO,AuthService,Health check passed: AuthService,E102,Health check passed: {service}
44328,2026-01-13,09:15:04,INFO,AuthService,Transaction tx258788 completed in 1786ms,E104,Transaction {tx} completed in {time}ms
44329,2026-01-13,09:59:49,INFO,AuthService,User u4243 login successful,E101,User {user} login successful
44330,2026-01-13,09:45:39,INFO,WebServer,Health check passed: WebServer,E102,Health check passed: {service}
44331,2026-01-13,09:47:38,INFO,WebServer,User u2089 login successful,E101,User {user} login successful
44332,2026-01-13,09:38:06,INFO,PaymentGateway,Page view: /home by u1498,E103,Page view: {page} by {user}
44333,2026-01-13,09:56:02,WARN,WebServer,High latency (1739ms) detected on WebServer,E201,High latency ({time}ms) detected on {service}
44334,2026-01-13,09:44:45,INFO,AuthService,Transaction tx397079 completed in 955ms,E104,Transaction {tx} completed in {time}ms
44335,2026-01-13,09:21:31,INFO,WebServer,Page view: /home by u4392,E103,Page view: {page} by {user}
44336,2026-01-13,09:37:59,INFO,PaymentGateway,Health check passed: PaymentGateway,E102,Health check passed: {service}
44337,2026-01-13,09:16:35,INFO,WebServer,Transaction tx455335 completed in 1544ms,E104,Transaction {tx} completed in {time}ms
44338,2026-01-13,09:10:17,INFO,WebServer,Page view: /home by u4008,E103,Page view: {page} by {user}
44339,2026-01-13,09:40:42,INFO,WebServer,User u3634 login successful,E101,User {user} login successful
44340,2026-01-13,09:22:23,INFO,WebServer,Page view: /home by u2269,E103,Page view: {page} by {user}
44341,2026-01-13,09:10:48,INFO,WebServer,Page view: /home by u4673,E103,Page view: {page} by {user}
44342,2026-01-13,09:44:33,INFO,WebServer,Page view: /home by u2352,E103,Page view: {page} by {user}
44343,2026-01-13,09:25:55,INFO,WebServer,Health check passed: WebServer,E102,Health check passed: {service}
44344,2026-01-13,09:21:40,INFO,OrderProcessor,Transaction tx225490 completed in 1171ms,E104,Transaction {tx} completed in {time}ms
44345,2026-01-13,09:04:34,INFO,WebServer,Health check passed: WebServer,E102,Health check passed: {service}
44346,2026-01-13,09:37:19,INFO,WebServer,Health check passed: WebServer,E102,Health check passed: {service}
44347,2026-01-13,09:01:52,INFO,WebServer,Health check passed: WebServer,E102,Health check passed: {service}
44348,2026-01-13,09:17:26,INFO,WebServer,Transaction tx653805 completed in 916ms,E104,Transaction {tx} completed in {time}ms
44349,2026-01-13,09:17:48,INFO,WebServer,Transaction tx369238 completed in 1265ms,E104,Transaction {tx} completed in {time}ms
44350,2026-01-13,09:53:30,INFO,WebServer,User u3545 login successful,E101,User {user} login successful
44351,2026-01-13,09:53:54,INFO,InventoryDB,Page view: /home by u2937,E103,Page view: {page} by {user}
44352,2026-01-13,09:56:44,INFO,AuthService,Page view: /home by u1795,E103,Page view: {page} by {user}
44353,2026-01-13,09:24:22,INFO,OrderProcessor,User u1298 login successful,E101,User {user} login successful
44354,2026-01-13,09:41:31,INFO,WebServer,Transaction tx270203 completed in 416ms,E104,Transaction {tx} completed in {time}ms
44355,2026-01-13,09:16:46,INFO,OrderProcessor,User u4589 login successful,E101,User {user} login successful
44356,2026-01-13,09:41:08,INFO,WebServer,User u1167 login successful,E101,User {user} login successful
44357,2026-01-13,09:42:09,INFO,AuthService,Health check passed: AuthService,E102,Health check passed: {service}
44358,2026-01-13,09:58:44,INFO,WebServer,Health check passed: WebServer,E102,Health check passed: {service}
44359,2026-01-13,09:57:21,INFO,OrderProcessor,User u3398 login successful,E101,User {user} login successful
44360,2026-01-13,09:39:20,INFO,PaymentGateway,Transaction tx127968 completed in 426ms,E104,Transaction {tx} completed in {time}ms
44361,2026-01-13,09:53:09,INFO,OrderProcessor,Health check passed: OrderProcessor,E102,Health check passed: {service}
44362,2026-01-13,09:24:45,INFO,WebServer,Health check passed: WebServer,E102,Health check passed: {service}
44363,2026-01-13,09:53:32,INFO,InventoryDB,Health check passed: InventoryDB,E102,Health check passed: {service}
44364,2026-01-13,09:09:10,INFO,AuthService,Page view: /home by u1122,E103,Page view: {page} by {user}
44365,2026-01-13,09:54:44,INFO,WebServer,Health check passed: WebServer,E102,Health check passed: {service}
44366,2026-01-13,09:26:00,INFO,OrderProcessor,User u3078 login successful,E101,User {user} login successful
44367,2026-01-13,09:53:59,INFO,WebServer,User u3955 login successful,E101,User {user} login successful
44368,2026-01-13,09:04:33,WARN,WebServer,Unauthorized access attempt from 10.0.0.45,E401,Unauthorized access attempt from {ip}
44369,2026-01-13,09:46:28,INFO,WebServer,User u3665 login successful,E101,User {user} login successful
44370,2026-01-13,09:56:50,INFO,PaymentGateway,Transaction tx992111 completed in 810ms,E104,Transaction {tx} completed in {time}ms
44371,2026-01-13,09:17:48,INFO,WebServer,User u1606 login successful,E101,User {user} login successful
44372,2026-01-13,09:38:00,INFO,WebServer,User u3859 login successful,E101,User {user} login successful
44373,2026-01-13,09:07:14,INFO,WebServer,User u2131 login successful,E101,User {user} login successful
44374,2026-01-13,09:12:40,INFO,AuthService,Page view: /home by u2518,E103,Page view: {page} by {user}
44375,2026-01-13,09:12:49,INFO,PaymentGateway,Transaction tx158166 completed in 524ms,E104,Transaction {tx} completed in {time}ms
44376,2026-01-13,09:09:34,INFO,WebServer,User u1515 login successful,E101,User {user} login successful
44377,2026-01-13,09:31:53,INFO,WebServer,Health check passed: WebServer,E102,Health check passed: {service}
44378,2026-01-13,09:11:45,INFO,OrderProcessor,User u2707 login successful,E101,User {user} login successful
44379,2026-01-13,09:04:58,INFO,AuthService,User u2702 login successful,E101,User {user} login successful
44380,2026-01-13,09:46:40,INFO,WebServer,Transaction tx743050 completed in 271ms,E104,Transaction {tx} completed in {time}ms
44381,2026-01-13,09:27:39,INFO,PaymentGateway,Health check passed: PaymentGateway,E102,Health check passed: {service}
44382,2026-01-13,09:27:07,INFO,WebServer,User u3634 login successful,E101,User {user} login successful
44383,2026-01-13,09:52:24,INFO,WebServer,Transaction tx246859 completed in 1591ms,E104,Transaction {tx} completed in {time}ms
44384,2026-01-13,09:01:06,INFO,WebServer,Transaction tx703786 completed in 362ms,E104,Transaction {tx} completed in {time}ms
44385,2026-01-13,09:18:53,INFO,WebServer,User u4302 login successful,E101,User {user} login successful
44386,2026-01-13,09:55:33,INFO,AuthService,User u1944 login successful,E101,User {user} login successful
44387,2026-01-13,09:20:46,INFO,PaymentGateway,Transaction tx899692 completed in 1366ms,E104,Transaction {tx} completed in {time}ms
44388,2026-01-13,09:09:33,INFO,WebServer,Transaction tx238041 completed in 1891ms,E104,Transaction {tx} completed in {time}ms
44389,2026-01-13,09:48:31,INFO,WebServer,User u1993 login successful,E101,User {user} login successful
44390,2026-01-13,09:52:28,INFO,AuthService,Page view: /home by u2505,E103,Page view: {page} by {user}
44391,2026-01-13,09:39:14,INFO,WebServer,Transaction tx619761 completed in 664ms,E104,Transaction {tx} completed in {time}ms
44392,2026-01-13,09:37:14,INFO,AuthService,Transaction tx223693 completed in 1756ms,E104,Transaction {tx} completed in {time}ms
44393,2026-01-13,09:37:01,INFO,PaymentGateway,Transaction tx576888 completed in 1882ms,E104,Transaction {tx} completed in {time}ms
44394,2026-01-13,09:03:43,INFO,WebServer,User u2407 login successful,E101,User {user} login successful
44395,2026-01-13,09:15:25,INFO,WebServer,Transaction tx374604 completed in 1209ms,E104,Transaction {tx} completed in {time}ms
44396,2026-01-13,09:31:02,INFO,PaymentGateway,User u3046 login successful,E101,User {user} login successful
44397,2026-01-13,09:46:23,INFO,WebServer,Transaction tx360097 completed in 907ms,E104,Transaction {tx} completed in {time}ms
44398,2026-01-13,09:03:19,INFO,WebServer,Transaction tx185256 completed in 1529ms,E104,Transaction {tx} completed in {time}ms
44399,2026-01-13,09:14:19,INFO,WebServer,Health check passed: WebServer,E102,Health check passed: {service}
44400,2026-01-13,09:00:25,INFO,WebServer,Transaction tx430821 completed in 188ms,E104,Transaction {tx} completed in {time}ms
44401,2026-01-13,09:20:03,INFO,OrderProcessor,Page view: /home by u2770,E103,Page view: {page} by {user}
44402,2026-01-13,09:27:25,INFO,PaymentGateway,Transaction tx744122 completed in 986ms,E104,Transaction {tx} completed in {time}ms
44403,2026-01-13,09:35:10,INFO,WebServer,Page view: /home by u1796,E103,Page view: {page} by {user}
44404,2026-01-13,09:47:23,INFO,WebServer,Transaction tx654851 completed in 399ms,E104,Transaction {tx} completed in {time}ms
44405,2026-01-13,09:41:18,INFO,WebServer,Page view: /home by u3615,E103,Page view: {page} by {user}
44406,2026-01-13,09:10:12,INFO,WebServer,User u3621 login successful,E101,User {user} login successful
44407,2026-01-13,09:18:42,INFO,OrderProcessor,Transaction tx106630 completed in 129ms,E104,Transaction {tx} completed in {time}ms
44408,2026-01-13,09:14:31,INFO,WebServer,Health check passed: WebServer,E102,Health check passed: {service}
44409,2026-01-13,09:26:50,WARN,OrderProcessor,High latency (50ms) detected on OrderProcessor,E201,High latency ({time}ms) detected on {service}
44410,2026-01-13,09:59:15,INFO,WebServer,Page view: /home by u3263,E103,Page view: {page} by {user}
44411,2026-01-13,09:19:40,INFO,PaymentGateway,Health check passed: PaymentGateway,E102,Health check passed: {service}
44412,2026-01-13,09:01:19,INFO,WebServer,Health check passed: WebServer,E102,Health check passed: {service}
44413,2026-01-13,09:04:58,INFO,OrderProcessor,User u3046 login successful,E101,User {user} login successful
44414,2026-01-13,09:03:56,INFO,WebServer,Page view: /home by u2295,E103,Page view: {page} by {user}
44415,2026-01-13,09:19:09,INFO,WebServer,Page view: /home by u1756,E103,Page view: {page} by {user}
44416,2026-01-13,09:55:12,INFO,AuthService,User u1678 login successful,E101,User {user} login successful
44417,2026-01-13,09:13:03,INFO,AuthService,Page view: /home by u1495,E103,Page view: {page} by {user}
44418,2026-01-13,09:13:48,INFO,WebServer,Health check passed: WebServer,E102,Health check passed: {service}
44419,2026-01-13,09:44:43,INFO,AuthService,Page view: /home by u1433,E103,Page view: {page} by {user}
44420,2026-01-13,09:37:34,INFO,OrderProcessor,Health check passed: OrderProcessor,E102,Health check passed: {service}
44421,2026-01-13,09:54:53,INFO,AuthService,Health check passed: AuthService,E102,Health check passed: {service}
44422,2026-01-13,09:20:53,INFO,WebServer,Transaction tx215004 completed in 465ms,E104,Transaction {tx} completed in {time}ms
44423,2026-01-13,09:03:12,INFO,WebServer,Page view: /home by u4802,E103,Page view: {page} by {user}
44424,2026-01-13,09:10:35,INFO,AuthService,User u2528 login successful,E101,User {user} login successful
44425,2026-01-13,09:48:34,INFO,AuthService,User u1349 login successful,E101,User {user} login successful
44426,2026-01-13,09:35:12,INFO,WebServer,Page view: /home by u1988,E103,Page view: {page} by {user}
44427,2026-01-13,09:25:39,INFO,InventoryDB,Page view: /home by u1400,E103,Page view: {page} by {user}
44428,2026-01-13,09:32:27,WARN,WebServer,High latency (989ms) detected on WebServer,E201,High latency ({time}ms) detected on {service}
44429,2026-01-13,09:07:17,INFO,WebServer,Health check passed: WebServer,E102,Health check passed: {service}
44430,2026-01-13,09:39:46,INFO,WebServer,Transaction tx665885 completed in 960ms,E104,Transaction {tx} completed in {time}ms
44431,2026-01-13,09:59:07,INFO,WebServer,Transaction tx345042 completed in 911ms,E104,Transaction {tx} completed in {time}ms
44432,2026-01-13,09:26:06,CRITICAL,WebServer,DATA CORRUPTION detected in sector 831,E602,DATA CORRUPTION detected in sector {sector}
44433,2026-01-13,09:30:12,INFO,WebServer,Transaction tx661687 completed in 321ms,E104,Transaction {tx} completed in {time}ms
44434,2026-01-13,09:06:14,INFO,WebServer,Page view: /home by u4421,E103,Page view: {page} by {user}
44435,2026-01-13,09:15:42,INFO,WebServer,Transaction tx270988 completed in 1154ms,E104,Transaction {tx} completed in {time}ms
44436,2026-01-13,09:43:08,INFO,OrderProcessor,User u4821 login successful,E101,User {user} login successful
44437,2026-01-13,09:24:40,INFO,WebServer,User u4697 login successful,E101,User {user} login successful
44438,2026-01-13,09:16:26,INFO,AuthService,User u4598 login successful,E101,User {user} login successful
44439,2026-01-13,09:47:45,INFO,WebServer,Transaction tx879253 completed in 61ms,E104,Transaction {tx} completed in {time}ms
44440,2026-01-13,09:23:59,INFO,WebServer,User u3629 login successful,E101,User {user} login successful
44441,2026-01-13,09:59:09,INFO,WebServer,Health check passed: WebServer,E102,Health check passed: {service}
44442,2026-01-13,09:34:12,INFO,OrderProcessor,Health check passed: OrderProcessor,E102,Health check passed: {service}
44443,2026-01-13,09:23:23,INFO,WebServer,Page view: /home by u3579,E103,Page view: {page} by {user}
44444,2026-01-13,09:08:21,WARN,WebServer,High latency (1801ms) detected on WebServer,E201,High latency ({time}ms) detected on {service}
44445,2026-01-13,09:35:28,INFO,WebServer,Transaction tx820469 completed in 1400ms,E104,Transaction {tx} completed in {time}ms
44446,2026-01-13,09:22:03,INFO,WebServer,Health check passed: WebServer,E102,Health check passed: {service}
44447,2026-01-13,09:12:29,INFO,InventoryDB,User u3396 login successful,E101,User {user} login successful
44448,2026-01-13,09:31:46,INFO,AuthService,Health check passed: AuthService,E102,Health check passed: {service}
44449,2026-01-13,09:10:28,INFO,WebServer,Page view: /home by u1529,E103,Page view: {page} by {user}
44450,2026-01-13,09:58:36,INFO,OrderProcessor,User u3704 login successful,E101,User {user} login successful
44451,2026-01-13,09:31:30,INFO,AuthService,Health check passed: AuthService,E102,Health check passed: {service}
44452,2026-01-13,09:02:16,INFO,PaymentGateway,Page view: /home by u2210,E103,Page view: {page} by {user}
44453,2026-01-13,09:28:52,INFO,OrderProcessor,Transaction tx677564 completed in 1365ms,E104,Transaction {tx} completed in {time}ms
44454,2026-01-13,09:17:35,INFO,AuthService,User u1097 login successful,E101,User {user} login successful
44455,2026-01-13,09:37:04,INFO,AuthService,Health check passed: AuthService,E102,Health check passed: {service}
44456,2026-01-13,09:43:47,INFO,WebServer,Health check passed: WebServer,E102,Health check passed: {service}
44457,2026-01-13,09:08:45,INFO,WebServer,Health check passed: WebServer,E102,Health check passed: {service}
44458,2026-01-13,09:09:29,INFO,AuthService,Page view: /home by u4886,E103,Page view: {page} by {user}
44459,2026-01-13,09:23:23,INFO,AuthService,Health check passed: AuthService,E102,Health check passed: {service}
44460,2026-01-13,09:41:27,INFO,WebServer,Page view: /home by u1058,E103,Page view: {page} by {user}
44461,2026-01-13,09:05:56,INFO,WebServer,Health check passed: WebServer,E102,Health check passed: {service}
44462,2026-01-13,09:27:57,INFO,AuthService,User u3406 login successful,E101,User {user} login successful
44463,2026-01-13,09:49:39,INFO,WebServer,User u1212 login successful,E101,User {user} login successful
44464,2026-01-13,09:49:58,WARN,AuthService,Disk usage > 85% on node node-1,E202,Disk usage > 85% on node {node}
44465,2026-01-13,09:55:05,INFO,OrderProcessor,Page view: /home by u2037,E103,Page view: {page} by {user}
44466,2026-01-13,09:14:32,INFO,WebServer,Transaction tx472564 completed in 316ms,E104,Transaction {tx} completed in {time}ms
44467,2026-01-13,09:04:33,INFO,InventoryDB,User u2481 login successful,E101,User {user} login successful
44468,2026-01-13,09:17:25,INFO,InventoryDB,Health check passed: InventoryDB,E102,Health check passed: {service}
44469,2026-01-13,09:24:18,INFO,InventoryDB,Health check passed: InventoryDB,E102,Health check passed: {service}
44470,2026-01-13,09:09:55,INFO,WebServer,User u1674 login successful,E101,User {user} login successful
44471,2026-01-13,09:24:13,INFO,WebServer,Page view: /home by u1672,E103,Page view: {page} by {user}
44472,2026-01-13,09:13:10,INFO,InventoryDB,Transaction tx557376 completed in 424ms,E104,Transaction {tx} completed in {time}ms
44473,2026-01-13,09:40:32,INFO,WebServer,Transaction tx190294 completed in 1315ms,E104,Transaction {tx} completed in {time}ms
44474,2026-01-13,09:04:50,INFO,WebServer,User u1889 login successful,E101,User {user} login successful
44475,2026-01-13,09:08:24,INFO,AuthService,Page view: /home by u2920,E103,Page view: {page} by {user}
44476,2026-01-13,09:43:54,INFO,WebServer,Transaction tx818527 completed in 1727ms,E104,Transaction {tx} completed in {time}ms
44477,2026-01-13,09:16:42,INFO,InventoryDB,Transaction tx781246 completed in 1253ms,E104,Transaction {tx} completed in {time}ms
44478,2026-01-13,09:47:48,INFO,WebServer,Health check passed: WebServer,E102,Health check passed: {service}
44479,2026-01-13,09:52:50,INFO,WebServer,User u4488 login successful,E101,User {user} login successful
44480,2026-01-13,09:55:47,INFO,WebServer,Transaction tx449743 completed in 1701ms,E104,Transaction {tx} completed in {time}ms
44481,2026-01-13,09:31:08,INFO,WebServer,Health check passed: WebServer,E102,Health check passed: {service}
44482,2026-01-13,09:46:40,INFO,WebServer,Page view: /home by u4924,E103,Page view: {page} by {user}
44483,2026-01-13,09:11:30,WARN,WebServer,Unauthorized access attempt from 192.168.1.5,E401,Unauthorized access attempt from {ip}
44484,2026-01-13,09:15:41,INFO,WebServer,Page view: /home by u2540,E103,Page view: {page} by {user}
44485,2026-01-13,09:14:48,INFO,WebServer,User u4148 login successful,E101,User {user} login successful
44486,2026-01-13,09:58:46,INFO,WebServer,Health check passed: WebServer,E102,Health check passed: {service}
44487,2026-01-13,09:53:44,INFO,OrderProcessor,User u2086 login successful,E101,User {user} login successful
44488,2026-01-13,09:23:56,INFO,WebServer,User u4989 login successful,E101,User {user} login successful
44489,2026-01-13,09:41:36,CRITICAL,WebServer,KERNEL PANIC: Node node-5 crashed,E601,KERNEL PANIC: Node {node} crashed
44490,2026-01-13,09:00:12,INFO,WebServer,Page view: /home by u2982,E103,Page view: {page} by {user}
44491,2026-01-13,09:01:50,INFO,WebServer,Transaction tx685028 completed in 1728ms,E104,Transaction {tx} completed in {time}ms
44492,2026-01-13,09:31:23,INFO,WebServer,Health check passed: WebServer,E102,Health check passed: {service}
44493,2026-01-13,09:28:50,INFO,AuthService,Health check passed: AuthService,E102,Health check passed: {service}
44494,2026-01-13,09:03:10,INFO,PaymentGateway,Transaction tx800063 completed in 644ms,E104,Transaction {tx} completed in {time}ms
44495,2026-01-13,09:09:02,INFO,OrderProcessor,Page view: /home by u3567,E103,Page view: {page} by {user}
44496,2026-01-13,09:37:21,INFO,PaymentGateway,Transaction tx435627 completed in 1496ms,E104,Transaction {tx} completed in {time}ms
44497,2026-01-13,09:41:47,INFO,AuthService,Health check passed: AuthService,E102,Health check passed: {service}
44498,2026-01-13,09:59:53,INFO,WebServer,Page view: /home by u3827,E103,Page view: {page} by {user}
44499,2026-01-13,09:40:12,INFO,OrderProcessor,Transaction tx544100 completed in 169ms,E104,Transaction {tx} completed in {time}ms
44500,2026-01-13,09:08:18,INFO,AuthService,Health check passed: AuthService,E102,Health check passed: {service}
44501,2026-01-13,09:23:24,INFO,OrderProcessor,Health check passed: OrderProcessor,E102,Health check passed: {service}
44502,2026-01-13,09:55:06,INFO,AuthService,Health check passed: AuthService,E102,Health check passed: {service}
44503,2026-01-13,09:03:09,INFO,WebServer,Transaction tx972513 completed in 370ms,E104,Transaction {tx} completed in {time}ms
44504,2026-01-13,09:50:16,INFO,PaymentGateway,Health check passed: PaymentGateway,E102,Health check passed: {service}
44505,2026-01-13,09:06:56,INFO,InventoryDB,Transaction tx817798 completed in 1352ms,E104,Transaction {tx} completed in {time}ms
44506,2026-01-13,09:57:08,WARN,AuthService,Unauthorized access attempt from 10.0.0.45,E401,Unauthorized access attempt from {ip}
44507,2026-01-13,09:37:05,INFO,OrderProcessor,Transaction tx343327 completed in 1278ms,E104,Transaction {tx} completed in {time}ms
44508,2026-01-13,09:26:12,CRITICAL,WebServer,DATA CORRUPTION detected in sector 803,E602,DATA CORRUPTION detected in sector {sector}
44509,2026-01-13,09:55:43,INFO,WebServer,Health check passed: WebServer,E102,Health check passed: {service}
44510,2026-01-13,09:50:39,INFO,WebServer,User u1297 login successful,E101,User {user} login successful
44511,2026-01-13,09:28:33,INFO,AuthService,User u1057 login successful,E101,User {user} login successful
44512,2026-01-13,09:42:10,WARN,WebServer,Unauthorized access attempt from 10.0.0.45,E401,Unauthorized access attempt from {ip}
44513,2026-01-13,09:36:36,INFO,WebServer,User u1846 login successful,E101,User {user} login successful
44514,2026-01-13,09:08:07,INFO,AuthService,Transaction tx380290 completed in 601ms,E104,Transaction {tx} completed in {time}ms
44515,2026-01-13,09:36:25,INFO,WebServer,User u2098 login successful,E101,User {user} login successful
44516,2026-01-13,09:42:57,INFO,OrderProcessor,User u2648 login successful,E101,User {user} login successful
44517,2026-01-13,09:57:37,INFO,WebServer,User u1311 login successful,E101,User {user} login successful
44518,2026-01-13,09:12:17,INFO,WebServer,Transaction tx254628 completed in 1036ms,E104,Transaction {tx} completed in {time}ms
44519,2026-01-13,09:14:04,INFO,WebServer,User u3854 login successful,E101,User {user} login successful
44520,2026-01-13,09:21:11,INFO,WebServer,Page view: /home by u1638,E103,Page view: {page} by {user}
44521,2026-01-13,09:13:19,INFO,WebServer,Transaction tx799209 completed in 837ms,E104,Transaction {tx} completed in {time}ms
44522,2026-01-13,09:52:10,INFO,WebServer,Transaction tx545303 completed in 1744ms,E104,Transaction {tx} completed in {time}ms
44523,2026-01-13,09:39:11,INFO,AuthService,Transaction tx123489 completed in 656ms,E104,Transaction {tx} completed in {time}ms
44524,2026-01-13,09:24:38,INFO,InventoryDB,Health check passed: InventoryDB,E102,Health check passed: {service}
44525,2026-01-13,09:53:43,WARN,AuthService,Disk usage > 85% on node node-5,E202,Disk usage > 85% on node {node}
44526,2026-01-13,09:40:23,INFO,OrderProcessor,User u3954 login successful,E101,User {user} login successful
44527,2026-01-13,09:56:11,INFO,WebServer,Transaction tx916384 completed in 710ms,E104,Transaction {tx} completed in {time}ms
44528,2026-01-13,09:20:17,INFO,OrderProcessor,Transaction tx675508 completed in 1406ms,E104,Transaction {tx} completed in {time}ms
44529,2026-01-13,09:06:15,INFO,WebServer,User u1658 login successful,E101,User {user} login successful
44530,2026-01-13,09:38:26,INFO,PaymentGateway,User u2567 login successful,E101,User {user} login successful
44531,2026-01-13,09:45:45,INFO,WebServer,Transaction tx966139 completed in 1028ms,E104,Transaction {tx} completed in {time}ms
44532,2026-01-13,09:29:43,INFO,OrderProcessor,Health check passed: OrderProcessor,E102,Health check passed: {service}
44533,2026-01-13,09:14:28,INFO,WebServer,User u4671 login successful,E101,User {user} login successful
44534,2026-01-13,09:24:05,INFO,OrderProcessor,User u3123 login successful,E101,User {user} login successful
44535,2026-01-13,09:24:42,INFO,AuthService,Transaction tx270116 completed in 1322ms,E104,Transaction {tx} completed in {time}ms
44536,2026-01-13,09:01:29,INFO,WebServer,User u4938 login successful,E101,User {user} login successful
44537,2026-01-13,09:35:26,INFO,WebServer,Page view: /home by u2252,E103,Page view: {page} by {user}
44538,2026-01-13,09:20:47,WARN,AuthService,High latency (1955ms) detected on AuthService,E201,High latency ({time}ms) detected on {service}
44539,2026-01-13,09:49:19,INFO,WebServer,User u2818 login successful,E101,User {user} login successful
44540,2026-01-13,09:53:05,INFO,AuthService,User u3164 login successful,E101,User {user} login successful
44541,2026-01-13,09:05:01,INFO,WebServer,Health check passed: WebServer,E102,Health check passed: {service}
44542,2026-01-13,09:06:06,INFO,OrderProcessor,Page view: /home by u3533,E103,Page view: {page} by {user}
44543,2026-01-13,09:05:04,INFO,AuthService,Transaction tx956872 completed in 167ms,E104,Transaction {tx} completed in {time}ms
44544,2026-01-13,09:07:21,INFO,WebServer,User u1894 login successful,E101,User {user} login successful
44545,2026-01-13,09:35:02,INFO,OrderProcessor,Health check passed: OrderProcessor,E102,Health check passed: {service}
44546,2026-01-13,09:40:51,ERROR,WebServer,Payment declined: Gateway unavailable,E503,Payment declined: Gateway unavailable
44547,2026-01-13,09:44:14,INFO,PaymentGateway,User u3917 login successful,E101,User {user} login successful
44548,2026-01-13,09:29:21,INFO,InventoryDB,Health check passed: InventoryDB,E102,Health check passed: {service}
44549,2026-01-13,09:32:05,ERROR,InventoryDB,Connection refused to InventoryDB at 10.0.0.45,E501,Connection refused to {service} at {ip}
44550,2026-01-13,09:57:50,INFO,OrderProcessor,Transaction tx919587 completed in 1523ms,E104,Transaction {tx} completed in {time}ms
44551,2026-01-13,09:43:18,INFO,WebServer,User u2372 login successful,E101,User {user} login successful
44552,2026-01-13,09:57:06,INFO,WebServer,Page view: /home by u4849,E103,Page view: {page} by {user}
44553,2026-01-13,09:32:17,INFO,WebServer,Transaction tx153279 completed in 259ms,E104,Transaction {tx} completed in {time}ms
44554,2026-01-13,09:59:08,INFO,PaymentGateway,Health check passed: PaymentGateway,E102,Health check passed: {service}
44555,2026-01-13,09:01:06,INFO,WebServer,Page view: /home by u3771,E103,Page view: {page} by {user}
44556,2026-01-13,09:03:43,INFO,WebServer,Health check passed: WebServer,E102,Health check passed: {service}
44557,2026-01-13,09:43:00,INFO,PaymentGateway,Page view: /home by u3623,E103,Page view: {page} by {user}
44558,2026-01-13,09:40:01,INFO,WebServer,User u2997 login successful,E101,User {user} login successful
44559,2026-01-13,09:44:21,INFO,AuthService,Transaction tx259155 completed in 365ms,E104,Transaction {tx} completed in {time}ms
44560,2026-01-13,09:09:33,INFO,WebServer,Page view: /home by u1930,E103,Page view: {page} by {user}
44561,2026-01-13,09:11:53,INFO,WebServer,Health check passed: WebServer,E102,Health check passed: {service}
44562,2026-01-13,09:39:03,INFO,WebServer,Transaction tx379058 completed in 655ms,E104,Transaction {tx} completed in {time}ms
44563,2026-01-13,09:52:24,INFO,WebServer,Health check passed: WebServer,E102,Health check passed: {service}
44564,2026-01-13,09:06:46,INFO,WebServer,Health check passed: WebServer,E102,Health check passed: {service}
44565,2026-01-13,09:43:36,INFO,WebServer,User u1963 login successful,E101,User {user} login successful
44566,2026-01-13,09:38:18,INFO,WebServer,User u1445 login successful,E101,User {user} login successful
44567,2026-01-13,09:26:18,INFO,WebServer,User u4400 login successful,E101,User {user} login successful
44568,2026-01-13,09:35:40,INFO,WebServer,Transaction tx848526 completed in 458ms,E104,Transaction {tx} completed in {time}ms
44569,2026-01-13,09:32:23,INFO,WebServer,Transaction tx451211 completed in 775ms,E104,Transaction {tx} completed in {time}ms
44570,2026-01-13,09:36:42,INFO,AuthService,Page view: /home by u1884,E103,Page view: {page} by {user}
44571,2026-01-13,09:51:31,INFO,InventoryDB,Health check passed: InventoryDB,E102,Health check passed: {service}
44572,2026-01-13,09:44:48,INFO,AuthService,User u1891 login successful,E101,User {user} login successful
44573,2026-01-13,09:37:49,INFO,WebServer,Transaction tx377426 completed in 1051ms,E104,Transaction {tx} completed in {time}ms
44574,2026-01-13,09:18:14,INFO,PaymentGateway,User u3452 login successful,E101,User {user} login successful
44575,2026-01-13,09:33:26,INFO,OrderProcessor,Transaction tx406704 completed in 437ms,E104,Transaction {tx} completed in {time}ms
44576,2026-01-13,09:46:59,INFO,OrderProcessor,Page view: /home by u2992,E103,Page view: {page} by {user}
44577,2026-01-13,09:23:16,WARN,WebServer,Unauthorized access attempt from 10.0.0.45,E401,Unauthorized access attempt from {ip}
44578,2026-01-13,09:36:28,INFO,WebServer,Transaction tx855872 completed in 724ms,E104,Transaction {tx} completed in {time}ms
44579,2026-01-13,09:04:09,INFO,OrderProcessor,User u4885 login successful,E101,User {user} login successful
44580,2026-01-13,09:13:50,INFO,WebServer,Page view: /home by u4076,E103,Page view: {page} by {user}
44581,2026-01-13,09:57:55,INFO,WebServer,Page view: /home by u2767,E103,Page view: {page} by {user}
44582,2026-01-13,09:46:16,INFO,AuthService,User u3284 login successful,E101,User {user} login successful
44583,2026-01-13,09:24:59,INFO,OrderProcessor,Transaction tx645696 completed in 1444ms,E104,Transaction {tx} completed in {time}ms
44584,2026-01-13,09:35:10,INFO,WebServer,Transaction tx202482 completed in 106ms,E104,Transaction {tx} completed in {time}ms
44585,2026-01-13,09:06:15,INFO,OrderProcessor,Page view: /home by u1217,E103,Page view: {page} by {user}
44586,2026-01-13,09:15:10,WARN,AuthService,Unauthorized access attempt from 192.168.1.5,E401,Unauthorized access attempt from {ip}
44587,2026-01-13,09:57:49,INFO,WebServer,Page view: /home by u3348,E103,Page view: {page} by {user}
44588,2026-01-13,09:39:59,INFO,OrderProcessor,Transaction tx469065 completed in 805ms,E104,Transaction {tx} completed in {time}ms
44589,2026-01-13,09:07:39,INFO,AuthService,Page view: /home by u4406,E103,Page view: {page} by {user}
44590,2026-01-13,09:17:58,INFO,WebServer,Page view: /home by u1202,E103,Page view: {page} by {user}
44591,2026-01-13,09:04:50,INFO,AuthService,User u1484 login successful,E101,User {user} login successful
44592,2026-01-13,09:02:43,INFO,PaymentGateway,User u1210 login successful,E101,User {user} login successful
44593,2026-01-13,09:35:31,INFO,AuthService,User u4203 login successful,E101,User {user} login successful
44594,2026-01-13,09:32:50,INFO,WebServer,Health check passed: WebServer,E102,Health check passed: {service}
44595,2026-01-13,09:29:18,INFO,AuthService,User u4397 login successful,E101,User {user} login successful
44596,2026-01-13,09:07:51,INFO,AuthService,Page view: /home by u1110,E103,Page view: {page} by {user}
44597,2026-01-13,09:15:31,INFO,WebServer,User u4923 login successful,E101,User {user} login successful
44598,2026-01-13,09:38:56,INFO,AuthService,Page view: /home by u2356,E103,Page view: {page} by {user}
44599,2026-01-13,09:35:41,CRITICAL,WebServer,KERNEL PANIC: Node node-3 crashed,E601,KERNEL PANIC: Node {node} crashed
44600,2026-01-13,09:50:42,INFO,AuthService,Health check passed: AuthService,E102,Health check passed: {service}
44601,2026-01-13,09:55:50,INFO,AuthService,Health check passed: AuthService,E102,Health check passed: {service}
44602,2026-01-13,09:30:01,INFO,OrderProcessor,Transaction tx991327 completed in 1830ms,E104,Transaction {tx} completed in {time}ms
44603,2026-01-13,09:15:43,INFO,InventoryDB,Page view: /home by u2376,E103,Page view: {page} by {user}
44604,2026-01-13,09:16:47,INFO,AuthService,Transaction tx165929 completed in 754ms,E104,Transaction {tx} completed in {time}ms
44605,2026-01-13,09:28:38,ERROR,WebServer,Connection refused to WebServer at 10.0.0.45,E501,Connection refused to {service} at {ip}
44606,2026-01-13,09:00:33,INFO,WebServer,Health check passed: WebServer,E102,Health check passed: {service}
44607,2026-01-13,09:29:24,INFO,WebServer,Health check passed: WebServer,E102,Health check passed: {service}
44608,2026-01-13,09:02:08,INFO,AuthService,Transaction tx820548 completed in 463ms,E104,Transaction {tx} completed in {time}ms
44609,2026-01-13,09:36:59,INFO,AuthService,User u2805 login successful,E101,User {user} login successful
44610,2026-01-13,09:13:02,INFO,WebServer,Health check passed: WebServer,E102,Health check passed: {service}
44611,2026-01-13,09:09:02,INFO,PaymentGateway,Page view: /home by u1746,E103,Page view: {page} by {user}
44612,2026-01-13,09:29:11,INFO,WebServer,Health check passed: WebServer,E102,Health check passed: {service}
44613,2026-01-13,09:31:13,INFO,AuthService,User u3141 login successful,E101,User {user} login successful
44614,2026-01-13,09:12:36,INFO,OrderProcessor,Page view: /home by u3112,E103,Page view: {page} by {user}
44615,2026-01-13,09:55:25,INFO,WebServer,Transaction tx333767 completed in 1256ms,E104,Transaction {tx} completed in {time}ms
44616,2026-01-13,09:11:59,INFO,AuthService,Transaction tx251507 completed in 1243ms,E104,Transaction {tx} completed in {time}ms
44617,2026-01-13,09:53:43,INFO,WebServer,Page view: /home by u2850,E103,Page view: {page} by {user}
44618,2026-01-13,09:25:28,INFO,WebServer,Health check passed: WebServer,E102,Health check passed: {service}
44619,2026-01-13,09:03:12,INFO,AuthService,Health check passed: AuthService,E102,Health check passed: {service}
44620,2026-01-13,09:51:55,INFO,WebServer,Health check passed: WebServer,E102,Health check passed: {service}
44621,2026-01-13,09:39:35,INFO,AuthService,User u3788 login successful,E101,User {user} login successful
44622,2026-01-13,09:51:35,INFO,AuthService,Page view: /home by u3289,E103,Page view: {page} by {user}
44623,2026-01-13,09:20:53,INFO,AuthService,Transaction tx195729 completed in 1819ms,E104,Transaction {tx} completed in {time}ms
44624,2026-01-13,09:13:44,INFO,WebServer,Transaction tx829688 completed in 1118ms,E104,Transaction {tx} completed in {time}ms
44625,2026-01-13,09:09:37,INFO,PaymentGateway,Transaction tx992753 completed in 895ms,E104,Transaction {tx} completed in {time}ms
44626,2026-01-13,09:51:24,INFO,WebServer,Page view: /home by u4911,E103,Page view: {page} by {user}
44627,2026-01-13,09:01:26,INFO,PaymentGateway,Page view: /home by u4073,E103,Page view: {page} by {user}
44628,2026-01-13,09:36:33,INFO,AuthService,Page view: /home by u1700,E103,Page view: {page} by {user}
44629,2026-01-13,09:15:17,INFO,WebServer,User u4962 login successful,E101,User {user} login successful
44630,2026-01-13,09:01:48,INFO,PaymentGateway,Health check passed: PaymentGateway,E102,Health check passed: {service}
44631,2026-01-13,09:14:19,INFO,WebServer,Transaction tx243404 completed in 227ms,E104,Transaction {tx} completed in {time}ms
44632,2026-01-13,09:07:56,ERROR,WebServer,Connection refused to WebServer at 10.0.0.12,E501,Connection refused to {service} at {ip}
44633,2026-01-13,09:19:58,INFO,WebServer,Health check passed: WebServer,E102,Health check passed: {service}
44634,2026-01-13,09:14:05,INFO,AuthService,Health check passed: AuthService,E102,Health check passed: {service}
44635,2026-01-13,09:39:19,INFO,AuthService,Transaction tx144491 completed in 601ms,E104,Transaction {tx} completed in {time}ms
44636,2026-01-13,09:27:26,INFO,WebServer,Transaction tx402026 completed in 1641ms,E104,Transaction {tx} completed in {time}ms
44637,2026-01-13,09:39:10,INFO,WebServer,Health check passed: WebServer,E102,Health check passed: {service}
44638,2026-01-13,09:58:31,INFO,OrderProcessor,Health check passed: OrderProcessor,E102,Health check passed: {service}
44639,2026-01-13,09:46:11,INFO,WebServer,Health check passed: WebServer,E102,Health check passed: {service}
44640,2026-01-13,09:50:49,INFO,OrderProcessor,Page view: /home by u4862,E103,Page view: {page} by {user}
44641,2026-01-13,09:01:17,INFO,WebServer,User u2885 login successful,E101,User {user} login successful
44642,2026-01-13,09:38:11,INFO,WebServer,User u1216 login successful,E101,User {user} login successful
44643,2026-01-13,09:51:47,INFO,PaymentGateway,User u4973 login successful,E101,User {user} login successful
44644,2026-01-13,09:48:47,INFO,WebServer,Health check passed: WebServer,E102,Health check passed: {service}
44645,2026-01-13,09:46:18,INFO,WebServer,Page view: /home by u1544,E103,Page view: {page} by {user}
44646,2026-01-13,09:44:53,WARN,WebServer,High latency (1426ms) detected on WebServer,E201,High latency ({time}ms) detected on {service}
44647,2026-01-13,09:10:15,INFO,WebServer,Transaction tx992182 completed in 278ms,E104,Transaction {tx} completed in {time}ms
44648,2026-01-13,09:00:33,INFO,WebServer,Transaction tx102669 completed in 714ms,E104,Transaction {tx} completed in {time}ms
44649,2026-01-13,09:52:05,INFO,AuthService,User u2945 login successful,E101,User {user} login successful
44650,2026-01-13,09:50:05,INFO,AuthService,Health check passed: AuthService,E102,Health check passed: {service}
44651,2026-01-13,09:32:12,INFO,WebServer,User u2744 login successful,E101,User {user} login successful
44652,2026-01-13,09:33:38,INFO,WebServer,User u1166 login successful,E101,User {user} login successful
44653,2026-01-13,09:12:41,INFO,AuthService,Transaction tx393706 completed in 1724ms,E104,Transaction {tx} completed in {time}ms
44654,2026-01-13,09:31:40,INFO,WebServer,Page view: /home by u1363,E103,Page view: {page} by {user}
44655,2026-01-13,09:27:04,INFO,AuthService,Health check passed: AuthService,E102,Health check passed: {service}
44656,2026-01-13,09:05:33,ERROR,PaymentGateway,Timeout waiting for lock on InventoryDB,E502,Timeout waiting for lock on {db}
44657,2026-01-13,09:07:02,INFO,OrderProcessor,Health check passed: OrderProcessor,E102,Health check passed: {service}
44658,2026-01-13,09:35:59,INFO,WebServer,User u4249 login successful,E101,User {user} login successful
44659,2026-01-13,09:02:10,INFO,WebServer,Transaction tx731686 completed in 1172ms,E104,Transaction {tx} completed in {time}ms
44660,2026-01-13,09:13:20,WARN,WebServer,High latency (1448ms) detected on WebServer,E201,High latency ({time}ms) detected on {service}
44661,2026-01-13,09:20:48,INFO,OrderProcessor,Health check passed: OrderProcessor,E102,Health check passed: {service}
44662,2026-01-13,09:25:15,INFO,WebServer,Health check passed: WebServer,E102,Health check passed: {service}
44663,2026-01-13,09:49:02,INFO,AuthService,User u3799 login successful,E101,User {user} login successful
44664,2026-01-13,09:33:57,INFO,WebServer,Health check passed: WebServer,E102,Health check passed: {service}
44665,2026-01-13,09:51:32,WARN,WebServer,High latency (170ms) detected on WebServer,E201,High latency ({time}ms) detected on {service}
44666,2026-01-13,09:24:16,INFO,OrderProcessor,Page view: /home by u3647,E103,Page view: {page} by {user}
44667,2026-01-13,09:05:12,INFO,OrderProcessor,Page view: /home by u1062,E103,Page view: {page} by {user}
44668,2026-01-13,09:05:12,INFO,WebServer,Health check passed: WebServer,E102,Health check passed: {service}
44669,2026-01-13,09:30:03,INFO,WebServer,Health check passed: WebServer,E102,Health check passed: {service}
44670,2026-01-13,09:31:31,INFO,PaymentGateway,Page view: /home by u2373,E103,Page view: {page} by {user}
44671,2026-01-13,09:43:53,INFO,WebServer,Transaction tx131805 completed in 488ms,E104,Transaction {tx} completed in {time}ms
44672,2026-01-13,09:48:39,INFO,WebServer,Health check passed: WebServer,E102,Health check passed: {service}
44673,2026-01-13,09:55:50,INFO,AuthService,User u3431 login successful,E101,User {user} login successful
44674,2026-01-13,09:53:15,INFO,WebServer,Health check passed: WebServer,E102,Health check passed: {service}
44675,2026-01-13,09:18:28,INFO,OrderProcessor,Health check passed: OrderProcessor,E102,Health check passed: {service}
44676,2026-01-13,09:43:42,INFO,WebServer,Health check passed: WebServer,E102,Health check passed: {service}
44677,2026-01-13,09:47:03,WARN,WebServer,High latency (1901ms) detected on WebServer,E201,High latency ({time}ms) detected on {service}
44678,2026-01-13,09:23:37,INFO,WebServer,Transaction tx321309 completed in 357ms,E104,Transaction {tx} completed in {time}ms
44679,2026-01-13,09:37:32,INFO,WebServer,Page view: /home by u3008,E103,Page view: {page} by {user}
44680,2026-01-13,09:26:21,INFO,WebServer,User u3640 login successful,E101,User {user} login successful
44681,2026-01-13,09:46:34,INFO,InventoryDB,Transaction tx973538 completed in 552ms,E104,Transaction {tx} completed in {time}ms
44682,2026-01-13,09:02:14,INFO,OrderProcessor,Health check passed: OrderProcessor,E102,Health check passed: {service}
44683,2026-01-13,09:37:21,WARN,InventoryDB,High latency (43ms) detected on InventoryDB,E201,High latency ({time}ms) detected on {service}
44684,2026-01-13,09:36:49,WARN,WebServer,Unauthorized access attempt from 10.0.0.45,E401,Unauthorized access attempt from {ip}
44685,2026-01-13,09:25:14,INFO,WebServer,Health check passed: WebServer,E102,Health check passed: {service}
44686,2026-01-13,09:30:46,INFO,PaymentGateway,Page view: /home by u2182,E103,Page view: {page} by {user}
44687,2026-01-13,09:43:07,INFO,AuthService,Page view: /home by u3435,E103,Page view: {page} by {user}
44688,2026-01-13,09:30:50,INFO,AuthService,Health check passed: AuthService,E102,Health check passed: {service}
44689,2026-01-13,09:55:51,INFO,WebServer,Page view: /home by u1232,E103,Page view: {page} by {user}
44690,2026-01-13,09:22:18,INFO,AuthService,Transaction tx572147 completed in 47ms,E104,Transaction {tx} completed in {time}ms
44691,2026-01-13,09:28:07,INFO,PaymentGateway,Health check passed: PaymentGateway,E102,Health check passed: {service}
44692,2026-01-13,09:42:44,INFO,AuthService,Health check passed: AuthService,E102,Health check passed: {service}
44693,2026-01-13,09:34:58,INFO,WebServer,Health check passed: WebServer,E102,Health check passed: {service}
44694,2026-01-13,09:20:50,INFO,WebServer,User u3959 login successful,E101,User {user} login successful
44695,2026-01-13,09:59:44,INFO,WebServer,Transaction tx258057 completed in 1781ms,E104,Transaction {tx} completed in {time}ms
44696,2026-01-13,09:17:50,INFO,WebServer,Transaction tx429435 completed in 910ms,E104,Transaction {tx} completed in {time}ms
44697,2026-01-13,09:15:39,INFO,OrderProcessor,Transaction tx203393 completed in 929ms,E104,Transaction {tx} completed in {time}ms
44698,2026-01-13,09:44:03,INFO,WebServer,User u1665 login successful,E101,User {user} login successful
44699,2026-01-13,09:20:22,INFO,WebServer,Transaction tx357805 completed in 205ms,E104,Transaction {tx} completed in {time}ms
44700,2026-01-13,09:06:31,INFO,WebServer,Health check passed: WebServer,E102,Health check passed: {service}
44701,2026-01-13,09:10:06,INFO,WebServer,Page view: /home by u4255,E103,Page view: {page} by {user}
44702,2026-01-13,09:29:02,INFO,PaymentGateway,Health check passed: PaymentGateway,E102,Health check passed: {service}
44703,2026-01-13,09:00:04,WARN,PaymentGateway,High latency (898ms) detected on PaymentGateway,E201,High latency ({time}ms) detected on {service}
44704,2026-01-13,09:02:51,INFO,OrderProcessor,Transaction tx351547 completed in 105ms,E104,Transaction {tx} completed in {time}ms
44705,2026-01-13,09:45:17,CRITICAL,WebServer,DATA CORRUPTION detected in sector 553,E602,DATA CORRUPTION detected in sector {sector}
44706,2026-01-13,09:19:24,INFO,WebServer,Page view: /home by u3095,E103,Page view: {page} by {user}
44707,2026-01-13,09:33:28,INFO,AuthService,Page view: /home by u1576,E103,Page view: {page} by {user}
44708,2026-01-13,09:51:25,INFO,WebServer,User u4358 login successful,E101,User {user} login successful
44709,2026-01-13,09:00:56,INFO,WebServer,Transaction tx926626 completed in 1120ms,E104,Transaction {tx} completed in {time}ms
44710,2026-01-13,09:37:14,INFO,OrderProcessor,Transaction tx993316 completed in 1092ms,E104,Transaction {tx} completed in {time}ms
44711,2026-01-13,09:06:06,WARN,OrderProcessor,Unauthorized access attempt from 10.0.0.10,E401,Unauthorized access attempt from {ip}
44712,2026-01-13,09:31:27,INFO,WebServer,Transaction tx128228 completed in 1598ms,E104,Transaction {tx} completed in {time}ms
44713,2026-01-13,09:03:10,INFO,AuthService,Page view: /home by u4059,E103,Page view: {page} by {user}
44714,2026-01-13,09:21:40,INFO,AuthService,User u3487 login successful,E101,User {user} login successful
44715,2026-01-13,09:29:40,INFO,WebServer,User u1914 login successful,E101,User {user} login successful
44716,2026-01-13,09:46:45,INFO,WebServer,Health check passed: WebServer,E102,Health check passed: {service}
44717,2026-01-13,09:14:09,INFO,PaymentGateway,User u2534 login successful,E101,User {user} login successful
44718,2026-01-13,09:19:23,INFO,AuthService,User u3331 login successful,E101,User {user} login successful
44719,2026-01-13,09:49:30,INFO,WebServer,User u3059 login successful,E101,User {user} login successful
44720,2026-01-13,09:51:05,INFO,AuthService,User u4140 login successful,E101,User {user} login successful
44721,2026-01-13,09:32:55,INFO,AuthService,User u2936 login successful,E101,User {user} login successful
44722,2026-01-13,09:27:17,INFO,AuthService,Page view: /home by u4596,E103,Page view: {page} by {user}
44723,2026-01-13,09:50:34,INFO,WebServer,Page view: /home by u1948,E103,Page view: {page} by {user}
44724,2026-01-13,09:01:06,INFO,OrderProcessor,Health check passed: OrderProcessor,E102,Health check passed: {service}
44725,2026-01-13,09:23:08,ERROR,WebServer,Connection refused to WebServer at 10.0.0.45,E501,Connection refused to {service} at {ip}
44726,2026-01-13,09:02:53,INFO,OrderProcessor,User u2336 login successful,E101,User {user} login successful
44727,2026-01-13,09:47:23,INFO,WebServer,Health check passed: WebServer,E102,Health check passed: {service}
44728,2026-01-13,09:18:58,INFO,AuthService,Page view: /home by u3406,E103,Page view: {page} by {user}
44729,2026-01-13,09:45:27,INFO,InventoryDB,Health check passed: InventoryDB,E102,Health check passed: {service}
44730,2026-01-13,09:29:12,INFO,OrderProcessor,Transaction tx685501 completed in 285ms,E104,Transaction {tx} completed in {time}ms
44731,2026-01-13,09:41:07,INFO,WebServer,Page view: /home by u4433,E103,Page view: {page} by {user}
44732,2026-01-13,09:31:45,INFO,WebServer,Page view: /home by u4881,E103,Page view: {page} by {user}
44733,2026-01-13,10:37:49,INFO,AuthService,User u4112 login successful,E101,User {user} login successful
44734,2026-01-13,10:33:31,INFO,WebServer,Health check passed: WebServer,E102,Health check passed: {service}
44735,2026-01-13,10:21:56,INFO,WebServer,Health check passed: WebServer,E102,Health check passed: {service}
44736,2026-01-13,10:02:09,INFO,OrderProcessor,Transaction tx119292 completed in 1228ms,E104,Transaction {tx} completed in {time}ms
44737,2026-01-13,10:17:59,INFO,AuthService,Page view: /home by u4924,E103,Page view: {page} by {user}
44738,2026-01-13,10:53:28,INFO,PaymentGateway,Page view: /home by u2276,E103,Page view: {page} by {user}
44739,2026-01-13,10:14:27,INFO,WebServer,Page view: /home by u1187,E103,Page view: {page} by {user}
44740,2026-01-13,10:48:05,WARN,AuthService,Disk usage > 85% on node node-2,E202,Disk usage > 85% on node {node}
44741,2026-01-13,10:25:24,INFO,WebServer,Health check passed: WebServer,E102,Health check passed: {service}
44742,2026-01-13,10:44:54,INFO,AuthService,Page view: /home by u3074,E103,Page view: {page} by {user}
44743,2026-01-13,10:48:12,INFO,PaymentGateway,Health check passed: PaymentGateway,E102,Health check passed: {service}
44744,2026-01-13,10:30:29,INFO,WebServer,Page view: /home by u4541,E103,Page view: {page} by {user}
44745,2026-01-13,10:11:44,INFO,InventoryDB,User u2267 login successful,E101,User {user} login successful
44746,2026-01-13,10:01:25,INFO,WebServer,Transaction tx221978 completed in 422ms,E104,Transaction {tx} completed in {time}ms
44747,2026-01-13,10:48:02,INFO,OrderProcessor,User u4092 login successful,E101,User {user} login successful
44748,2026-01-13,10:42:16,INFO,OrderProcessor,Health check passed: OrderProcessor,E102,Health check passed: {service}
44749,2026-01-13,10:49:39,INFO,WebServer,Health check passed: WebServer,E102,Health check passed: {service}
44750,2026-01-13,10:12:47,INFO,OrderProcessor,Health check passed: OrderProcessor,E102,Health check passed: {service}
44751,2026-01-13,10:42:41,INFO,AuthService,Transaction tx769538 completed in 410ms,E104,Transaction {tx} completed in {time}ms
44752,2026-01-13,10:28:00,INFO,OrderProcessor,User u4892 login successful,E101,User {user} login successful
44753,2026-01-13,10:33:41,INFO,AuthService,Transaction tx294725 completed in 798ms,E104,Transaction {tx} completed in {time}ms
44754,2026-01-13,10:16:36,INFO,OrderProcessor,Transaction tx716137 completed in 662ms,E104,Transaction {tx} completed in {time}ms
44755,2026-01-13,10:31:20,WARN,WebServer,Unauthorized access attempt from 10.0.0.88,E401,Unauthorized access attempt from {ip}
44756,2026-01-13,10:55:14,INFO,OrderProcessor,Transaction tx643512 completed in 846ms,E104,Transaction {tx} completed in {time}ms
44757,2026-01-13,10:50:06,INFO,WebServer,Transaction tx821718 completed in 1582ms,E104,Transaction {tx} completed in {time}ms
44758,2026-01-13,10:19:24,INFO,AuthService,User u1286 login successful,E101,User {user} login successful
44759,2026-01-13,10:04:14,INFO,OrderProcessor,Health check passed: OrderProcessor,E102,Health check passed: {service}
44760,2026-01-13,10:56:27,INFO,WebServer,User u4711 login successful,E101,User {user} login successful
44761,2026-01-13,10:14:57,INFO,OrderProcessor,User u4805 login successful,E101,User {user} login successful
44762,2026-01-13,10:01:24,INFO,WebServer,Health check passed: WebServer,E102,Health check passed: {service}
44763,2026-01-13,10:34:32,INFO,WebServer,Page view: /home by u3441,E103,Page view: {page} by {user}
44764,2026-01-13,10:11:14,INFO,AuthService,Transaction tx897754 completed in 728ms,E104,Transaction {tx} completed in {time}ms
44765,2026-01-13,10:41:40,INFO,PaymentGateway,Health check passed: PaymentGateway,E102,Health check passed: {service}
44766,2026-01-13,10:10:16,WARN,WebServer,High latency (1291ms) detected on WebServer,E201,High latency ({time}ms) detected on {service}
44767,2026-01-13,10:46:08,INFO,InventoryDB,Health check passed: InventoryDB,E102,Health check passed: {service}
44768,2026-01-13,10:04:01,ERROR,AuthService,Timeout waiting for lock on InventoryDB,E502,Timeout waiting for lock on {db}
44769,2026-01-13,10:18:04,INFO,WebServer,Transaction tx199908 completed in 213ms,E104,Transaction {tx} completed in {time}ms
44770,2026-01-13,10:34:37,INFO,WebServer,Health check passed: WebServer,E102,Health check passed: {service}
44771,2026-01-13,10:52:07,INFO,WebServer,User u1607 login successful,E101,User {user} login successful
44772,2026-01-13,10:47:59,INFO,AuthService,Transaction tx914627 completed in 1369ms,E104,Transaction {tx} completed in {time}ms
44773,2026-01-13,10:58:47,INFO,OrderProcessor,Health check passed: OrderProcessor,E102,Health check passed: {service}
44774,2026-01-13,10:20:42,INFO,AuthService,Transaction tx230022 completed in 370ms,E104,Transaction {tx} completed in {time}ms
44775,2026-01-13,10:30:22,INFO,WebServer,Transaction tx323395 completed in 1872ms,E104,Transaction {tx} completed in {time}ms
44776,2026-01-13,10:30:04,INFO,AuthService,User u2939 login successful,E101,User {user} login successful
44777,2026-01-13,10:36:40,INFO,WebServer,Health check passed: WebServer,E102,Health check passed: {service}
44778,2026-01-13,10:08:33,INFO,AuthService,Transaction tx570485 completed in 1152ms,E104,Transaction {tx} completed in {time}ms
44779,2026-01-13,10:08:44,INFO,WebServer,Health check passed: WebServer,E102,Health check passed: {service}
44780,2026-01-13,10:45:45,INFO,WebServer,User u1496 login successful,E101,User {user} login successful
44781,2026-01-13,10:15:53,INFO,AuthService,Health check passed: AuthService,E102,Health check passed: {service}
44782,2026-01-13,10:13:47,INFO,OrderProcessor,User u3553 login successful,E101,User {user} login successful
44783,2026-01-13,10:34:04,INFO,InventoryDB,Transaction tx631165 completed in 565ms,E104,Transaction {tx} completed in {time}ms
44784,2026-01-13,10:49:51,ERROR,AuthService,Timeout waiting for lock on InventoryDB,E502,Timeout waiting for lock on {db}
44785,2026-01-13,10:33:24,INFO,AuthService,User u3068 login successful,E101,User {user} login successful
44786,2026-01-13,10:50:48,INFO,WebServer,Transaction tx629187 completed in 1182ms,E104,Transaction {tx} completed in {time}ms
44787,2026-01-13,10:35:06,INFO,WebServer,User u4812 login successful,E101,User {user} login successful
44788,2026-01-13,10:58:59,INFO,AuthService,Page view: /home by u4202,E103,Page view: {page} by {user}
44789,2026-01-13,10:08:40,INFO,WebServer,Health check passed: WebServer,E102,Health check passed: {service}
44790,2026-01-13,10:25:41,INFO,InventoryDB,User u4139 login successful,E101,User {user} login successful
44791,2026-01-13,10:36:28,INFO,AuthService,Transaction tx522405 completed in 426ms,E104,Transaction {tx} completed in {time}ms
44792,2026-01-13,10:33:18,INFO,AuthService,Transaction tx265895 completed in 388ms,E104,Transaction {tx} completed in {time}ms
44793,2026-01-13,10:45:33,INFO,OrderProcessor,Page view: /home by u1609,E103,Page view: {page} by {user}
44794,2026-01-13,10:34:00,INFO,WebServer,Transaction tx796236 completed in 1673ms,E104,Transaction {tx} completed in {time}ms
44795,2026-01-13,10:05:37,INFO,WebServer,Health check passed: WebServer,E102,Health check passed: {service}
44796,2026-01-13,10:25:21,WARN,OrderProcessor,High latency (105ms) detected on OrderProcessor,E201,High latency ({time}ms) detected on {service}
44797,2026-01-13,10:58:31,WARN,OrderProcessor,Unauthorized access attempt from 192.168.1.5,E401,Unauthorized access attempt from {ip}
44798,2026-01-13,10:14:58,WARN,AuthService,Unauthorized access attempt from 10.0.0.99,E401,Unauthorized access attempt from {ip}
44799,2026-01-13,10:17:06,INFO,OrderProcessor,User u3651 login successful,E101,User {user} login successful
44800,2026-01-13,10:22:05,INFO,WebServer,Transaction tx970489 completed in 1188ms,E104,Transaction {tx} completed in {time}ms
44801,2026-01-13,10:17:48,INFO,WebServer,Page view: /home by u2343,E103,Page view: {page} by {user}
44802,2026-01-13,10:03:55,INFO,InventoryDB,Transaction tx240189 completed in 1510ms,E104,Transaction {tx} completed in {time}ms
44803,2026-01-13,10:41:44,INFO,AuthService,Health check passed: AuthService,E102,Health check passed: {service}
44804,2026-01-13,10:52:26,INFO,AuthService,Health check passed: AuthService,E102,Health check passed: {service}
44805,2026-01-13,10:50:33,INFO,AuthService,Page view: /home by u1483,E103,Page view: {page} by {user}
44806,2026-01-13,10:51:44,INFO,WebServer,User u3062 login successful,E101,User {user} login successful
44807,2026-01-13,10:21:01,INFO,WebServer,User u3881 login successful,E101,User {user} login successful
44808,2026-01-13,10:56:32,INFO,AuthService,Health check passed: AuthService,E102,Health check passed: {service}
44809,2026-01-13,10:26:57,INFO,WebServer,Health check passed: WebServer,E102,Health check passed: {service}
44810,2026-01-13,10:07:06,INFO,WebServer,Transaction tx792121 completed in 1351ms,E104,Transaction {tx} completed in {time}ms
44811,2026-01-13,10:12:36,INFO,InventoryDB,User u4250 login successful,E101,User {user} login successful
44812,2026-01-13,10:13:24,INFO,InventoryDB,User u3801 login successful,E101,User {user} login successful
44813,2026-01-13,10:58:22,INFO,PaymentGateway,User u1007 login successful,E101,User {user} login successful
44814,2026-01-13,10:39:00,ERROR,WebServer,Payment declined: Gateway unavailable,E503,Payment declined: Gateway unavailable
44815,2026-01-13,10:44:25,INFO,AuthService,Health check passed: AuthService,E102,Health check passed: {service}
44816,2026-01-13,10:56:25,WARN,PaymentGateway,Unauthorized access attempt from 10.0.0.45,E401,Unauthorized access attempt from {ip}
44817,2026-01-13,10:40:45,INFO,WebServer,Transaction tx831862 completed in 407ms,E104,Transaction {tx} completed in {time}ms
44818,2026-01-13,10:10:32,INFO,AuthService,Page view: /home by u2009,E103,Page view: {page} by {user}
44819,2026-01-13,10:33:18,INFO,WebServer,User u2732 login successful,E101,User {user} login successful
44820,2026-01-13,10:13:16,INFO,WebServer,Health check passed: WebServer,E102,Health check passed: {service}
44821,2026-01-13,10:28:31,INFO,AuthService,Page view: /home by u1100,E103,Page view: {page} by {user}
44822,2026-01-13,10:19:11,INFO,WebServer,Transaction tx552816 completed in 44ms,E104,Transaction {tx} completed in {time}ms
44823,2026-01-13,10:15:36,INFO,WebServer,Page view: /home by u2393,E103,Page view: {page} by {user}
44824,2026-01-13,10:59:18,INFO,WebServer,Page view: /home by u3442,E103,Page view: {page} by {user}
44825,2026-01-13,10:23:06,INFO,AuthService,Health check passed: AuthService,E102,Health check passed: {service}
44826,2026-01-13,10:41:59,INFO,WebServer,Page view: /home by u2602,E103,Page view: {page} by {user}
44827,2026-01-13,10:24:18,INFO,InventoryDB,User u2175 login successful,E101,User {user} login successful
44828,2026-01-13,10:37:26,INFO,AuthService,Transaction tx667833 completed in 1355ms,E104,Transaction {tx} completed in {time}ms
44829,2026-01-13,10:59:07,INFO,WebServer,Health check passed: WebServer,E102,Health check passed: {service}
44830,2026-01-13,10:30:35,INFO,AuthService,Page view: /home by u1540,E103,Page view: {page} by {user}
44831,2026-01-13,10:23:02,INFO,WebServer,Page view: /home by u1442,E103,Page view: {page} by {user}
44832,2026-01-13,10:35:42,INFO,PaymentGateway,Transaction tx259275 completed in 1340ms,E104,Transaction {tx} completed in {time}ms
44833,2026-01-13,10:03:04,INFO,WebServer,User u4574 login successful,E101,User {user} login successful
44834,2026-01-13,10:36:44,INFO,PaymentGateway,User u4461 login successful,E101,User {user} login successful
44835,2026-01-13,10:38:17,INFO,WebServer,Transaction tx951805 completed in 255ms,E104,Transaction {tx} completed in {time}ms
44836,2026-01-13,10:28:21,INFO,WebServer,User u1458 login successful,E101,User {user} login successful
44837,2026-01-13,10:16:57,INFO,AuthService,User u1331 login successful,E101,User {user} login successful
44838,2026-01-13,10:17:19,INFO,OrderProcessor,User u4204 login successful,E101,User {user} login successful
44839,2026-01-13,10:42:21,INFO,WebServer,Page view: /home by u3924,E103,Page view: {page} by {user}
44840,2026-01-13,10:56:43,INFO,AuthService,Transaction tx495374 completed in 1357ms,E104,Transaction {tx} completed in {time}ms
44841,2026-01-13,10:54:24,INFO,AuthService,Health check passed: AuthService,E102,Health check passed: {service}
44842,2026-01-13,10:22:44,INFO,WebServer,Page view: /home by u3799,E103,Page view: {page} by {user}
44843,2026-01-13,10:37:35,INFO,AuthService,Health check passed: AuthService,E102,Health check passed: {service}
44844,2026-01-13,10:04:00,INFO,AuthService,Page view: /home by u1438,E103,Page view: {page} by {user}
44845,2026-01-13,10:41:37,INFO,OrderProcessor,User u4418 login successful,E101,User {user} login successful
44846,2026-01-13,10:36:58,INFO,OrderProcessor,Page view: /home by u2118,E103,Page view: {page} by {user}
44847,2026-01-13,10:15:47,INFO,PaymentGateway,Health check passed: PaymentGateway,E102,Health check passed: {service}
44848,2026-01-13,10:44:20,INFO,WebServer,User u1291 login successful,E101,User {user} login successful
44849,2026-01-13,10:52:08,INFO,WebServer,Health check passed: WebServer,E102,Health check passed: {service}
44850,2026-01-13,10:19:24,INFO,WebServer,Transaction tx947985 completed in 1862ms,E104,Transaction {tx} completed in {time}ms
44851,2026-01-13,10:44:13,INFO,AuthService,Health check passed: AuthService,E102,Health check passed: {service}
44852,2026-01-13,10:33:20,INFO,WebServer,User u2985 login successful,E101,User {user} login successful
44853,2026-01-13,10:40:24,INFO,WebServer,Page view: /home by u2043,E103,Page view: {page} by {user}
44854,2026-01-13,10:16:30,INFO,AuthService,User u2145 login successful,E101,User {user} login successful
44855,2026-01-13,10:29:26,WARN,AuthService,Unauthorized access attempt from 10.0.0.12,E401,Unauthorized access attempt from {ip}
44856,2026-01-13,10:11:43,INFO,WebServer,Page view: /home by u3260,E103,Page view: {page} by {user}
44857,2026-01-13,10:09:17,INFO,WebServer,Health check passed: WebServer,E102,Health check passed: {service}
44858,2026-01-13,10:37:07,INFO,AuthService,Page view: /home by u4750,E103,Page view: {page} by {user}
44859,2026-01-13,10:50:23,INFO,WebServer,Transaction tx676864 completed in 851ms,E104,Transaction {tx} completed in {time}ms
44860,2026-01-13,10:14:42,INFO,OrderProcessor,User u2680 login successful,E101,User {user} login successful
44861,2026-01-13,10:13:38,WARN,WebServer,High latency (1380ms) detected on WebServer,E201,High latency ({time}ms) detected on {service}
44862,2026-01-13,10:20:54,INFO,OrderProcessor,Health check passed: OrderProcessor,E102,Health check passed: {service}
44863,2026-01-13,10:59:46,INFO,WebServer,Health check passed: WebServer,E102,Health check passed: {service}
44864,2026-01-13,10:35:23,INFO,PaymentGateway,Page view: /home by u1675,E103,Page view: {page} by {user}
44865,2026-01-13,10:41:45,INFO,WebServer,Page view: /home by u1356,E103,Page view: {page} by {user}
44866,2026-01-13,10:07:51,INFO,WebServer,User u1634 login successful,E101,User {user} login successful
44867,2026-01-13,10:08:46,INFO,WebServer,Page view: /home by u1465,E103,Page view: {page} by {user}
44868,2026-01-13,10:54:26,INFO,OrderProcessor,Page view: /home by u1382,E103,Page view: {page} by {user}
44869,2026-01-13,10:35:44,ERROR,OrderProcessor,Timeout waiting for lock on InventoryDB,E502,Timeout waiting for lock on {db}
44870,2026-01-13,10:45:47,INFO,WebServer,Health check passed: WebServer,E102,Health check passed: {service}
44871,2026-01-13,10:21:01,INFO,OrderProcessor,Page view: /home by u4093,E103,Page view: {page} by {user}
44872,2026-01-13,10:55:16,INFO,WebServer,User u1509 login successful,E101,User {user} login successful
44873,2026-01-13,10:50:53,INFO,AuthService,User u2951 login successful,E101,User {user} login successful
44874,2026-01-13,10:37:55,INFO,InventoryDB,User u1516 login successful,E101,User {user} login successful
44875,2026-01-13,10:02:13,INFO,WebServer,Page view: /home by u2253,E103,Page view: {page} by {user}
44876,2026-01-13,10:56:06,INFO,InventoryDB,User u1065 login successful,E101,User {user} login successful
44877,2026-01-13,10:34:50,INFO,WebServer,Page view: /home by u4082,E103,Page view: {page} by {user}
44878,2026-01-13,10:56:26,INFO,AuthService,Page view: /home by u1750,E103,Page view: {page} by {user}
44879,2026-01-13,10:28:59,INFO,AuthService,Transaction tx633770 completed in 1269ms,E104,Transaction {tx} completed in {time}ms
44880,2026-01-13,10:33:04,INFO,InventoryDB,Transaction tx336495 completed in 1890ms,E104,Transaction {tx} completed in {time}ms
44881,2026-01-13,10:04:10,INFO,OrderProcessor,Page view: /home by u3259,E103,Page view: {page} by {user}
44882,2026-01-13,10:43:18,INFO,WebServer,Health check passed: WebServer,E102,Health check passed: {service}
44883,2026-01-13,10:45:44,INFO,WebServer,Page view: /home by u1384,E103,Page view: {page} by {user}
44884,2026-01-13,10:16:03,INFO,WebServer,User u3875 login successful,E101,User {user} login successful
44885,2026-01-13,10:45:22,INFO,WebServer,Page view: /home by u4987,E103,Page view: {page} by {user}
44886,2026-01-13,10:31:29,INFO,PaymentGateway,Transaction tx103380 completed in 508ms,E104,Transaction {tx} completed in {time}ms
44887,2026-01-13,10:10:35,INFO,WebServer,Transaction tx637926 completed in 129ms,E104,Transaction {tx} completed in {time}ms
44888,2026-01-13,10:36:48,INFO,AuthService,Health check passed: AuthService,E102,Health check passed: {service}
44889,2026-01-13,10:09:41,INFO,WebServer,Transaction tx111696 completed in 1730ms,E104,Transaction {tx} completed in {time}ms
44890,2026-01-13,10:28:55,INFO,AuthService,Health check passed: AuthService,E102,Health check passed: {service}
44891,2026-01-13,10:06:48,INFO,WebServer,Page view: /home by u1428,E103,Page view: {page} by {user}
44892,2026-01-13,10:24:04,INFO,WebServer,Health check passed: WebServer,E102,Health check passed: {service}
44893,2026-01-13,10:38:38,INFO,WebServer,Transaction tx802705 completed in 657ms,E104,Transaction {tx} completed in {time}ms
44894,2026-01-13,10:19:41,INFO,AuthService,User u1487 login successful,E101,User {user} login successful
44895,2026-01-13,10:37:37,INFO,WebServer,Transaction tx214208 completed in 185ms,E104,Transaction {tx} completed in {time}ms
44896,2026-01-13,10:25:25,INFO,WebServer,Health check passed: WebServer,E102,Health check passed: {service}
44897,2026-01-13,10:41:03,INFO,AuthService,User u1315 login successful,E101,User {user} login successful
44898,2026-01-13,10:30:50,INFO,WebServer,Health check passed: WebServer,E102,Health check passed: {service}
44899,2026-01-13,10:57:33,WARN,AuthService,Disk usage > 85% on node node-4,E202,Disk usage > 85% on node {node}
44900,2026-01-13,10:11:04,INFO,WebServer,Page view: /home by u2592,E103,Page view: {page} by {user}
44901,2026-01-13,10:53:54,INFO,WebServer,Page view: /home by u2656,E103,Page view: {page} by {user}
44902,2026-01-13,10:38:48,INFO,WebServer,User u4836 login successful,E101,User {user} login successful
44903,2026-01-13,10:01:11,INFO,WebServer,User u4056 login successful,E101,User {user} login successful
44904,2026-01-13,10:54:33,INFO,WebServer,Page view: /home by u3494,E103,Page view: {page} by {user}
44905,2026-01-13,10:41:38,INFO,PaymentGateway,Page view: /home by u2388,E103,Page view: {page} by {user}
44906,2026-01-13,10:27:43,WARN,InventoryDB,Unauthorized access attempt from 10.0.0.12,E401,Unauthorized access attempt from {ip}
44907,2026-01-13,10:10:15,INFO,WebServer,Health check passed: WebServer,E102,Health check passed: {service}
44908,2026-01-13,10:03:18,INFO,OrderProcessor,Transaction tx526167 completed in 1803ms,E104,Transaction {tx} completed in {time}ms
44909,2026-01-13,10:15:55,INFO,WebServer,Page view: /home by u3531,E103,Page view: {page} by {user}
44910,2026-01-13,10:02:57,INFO,OrderProcessor,User u1466 login successful,E101,User {user} login successful
44911,2026-01-13,10:44:29,INFO,AuthService,Transaction tx954087 completed in 464ms,E104,Transaction {tx} completed in {time}ms
44912,2026-01-13,10:55:39,INFO,WebServer,Page view: /home by u4668,E103,Page view: {page} by {user}
44913,2026-01-13,10:27:41,INFO,AuthService,Transaction tx754480 completed in 625ms,E104,Transaction {tx} completed in {time}ms
44914,2026-01-13,10:52:22,INFO,WebServer,Page view: /home by u1326,E103,Page view: {page} by {user}
44915,2026-01-13,10:43:28,INFO,OrderProcessor,User u3066 login successful,E101,User {user} login successful
44916,2026-01-13,10:11:18,INFO,AuthService,Health check passed: AuthService,E102,Health check passed: {service}
44917,2026-01-13,10:45:06,INFO,AuthService,Health check passed: AuthService,E102,Health check passed: {service}
44918,2026-01-13,10:28:40,WARN,AuthService,High latency (516ms) detected on AuthService,E201,High latency ({time}ms) detected on {service}
44919,2026-01-13,10:52:05,INFO,WebServer,Transaction tx143724 completed in 1436ms,E104,Transaction {tx} completed in {time}ms
44920,2026-01-13,10:16:29,INFO,WebServer,Health check passed: WebServer,E102,Health check passed: {service}
44921,2026-01-13,10:21:45,INFO,OrderProcessor,Health check passed: OrderProcessor,E102,Health check passed: {service}
44922,2026-01-13,10:32:39,INFO,WebServer,Health check passed: WebServer,E102,Health check passed: {service}
44923,2026-01-13,10:16:23,INFO,InventoryDB,User u4163 login successful,E101,User {user} login successful
44924,2026-01-13,10:46:45,INFO,OrderProcessor,Health check passed: OrderProcessor,E102,Health check passed: {service}
44925,2026-01-13,10:04:24,INFO,WebServer,Health check passed: WebServer,E102,Health check passed: {service}
44926,2026-01-13,10:25:59,INFO,WebServer,User u2863 login successful,E101,User {user} login successful
44927,2026-01-13,10:23:17,INFO,OrderProcessor,Transaction tx380423 completed in 1801ms,E104,Transaction {tx} completed in {time}ms
44928,2026-01-13,10:24:44,INFO,WebServer,Page view: /home by u4544,E103,Page view: {page} by {user}
44929,2026-01-13,10:50:39,INFO,OrderProcessor,Page view: /home by u2872,E103,Page view: {page} by {user}
44930,2026-01-13,10:12:35,INFO,WebServer,Transaction tx673092 completed in 1630ms,E104,Transaction {tx} completed in {time}ms
44931,2026-01-13,10:21:06,INFO,WebServer,Health check passed: WebServer,E102,Health check passed: {service}
44932,2026-01-13,10:36:12,INFO,WebServer,Health check passed: WebServer,E102,Health check passed: {service}
44933,2026-01-13,10:54:14,INFO,AuthService,Page view: /home by u2993,E103,Page view: {page} by {user}
44934,2026-01-13,10:06:45,INFO,WebServer,User u3689 login successful,E101,User {user} login successful
44935,2026-01-13,10:35:38,INFO,OrderProcessor,Page view: /home by u2212,E103,Page view: {page} by {user}
44936,2026-01-13,10:21:06,INFO,InventoryDB,Page view: /home by u2928,E103,Page view: {page} by {user}
44937,2026-01-13,10:30:09,INFO,PaymentGateway,User u2472 login successful,E101,User {user} login successful
44938,2026-01-13,10:06:47,WARN,WebServer,Disk usage > 85% on node node-4,E202,Disk usage > 85% on node {node}
44939,2026-01-13,10:08:32,WARN,AuthService,High latency (688ms) detected on AuthService,E201,High latency ({time}ms) detected on {service}
44940,2026-01-13,10:13:15,INFO,WebServer,Page view: /home by u2914,E103,Page view: {page} by {user}
44941,2026-01-13,10:19:53,INFO,InventoryDB,Page view: /home by u1073,E103,Page view: {page} by {user}
44942,2026-01-13,10:12:26,INFO,AuthService,Health check passed: AuthService,E102,Health check passed: {service}
44943,2026-01-13,10:59:32,INFO,WebServer,Transaction tx522668 completed in 1226ms,E104,Transaction {tx} completed in {time}ms
44944,2026-01-13,10:44:02,INFO,WebServer,User u2073 login successful,E101,User {user} login successful
44945,2026-01-13,10:39:37,WARN,PaymentGateway,Unauthorized access attempt from 10.0.0.45,E401,Unauthorized access attempt from {ip}
44946,2026-01-13,10:13:16,INFO,WebServer,Health check passed: WebServer,E102,Health check passed: {service}
44947,2026-01-13,10:27:13,INFO,WebServer,Page view: /home by u2833,E103,Page view: {page} by {user}
44948,2026-01-13,10:17:44,INFO,WebServer,Health check passed: WebServer,E102,Health check passed: {service}
44949,2026-01-13,10:45:35,INFO,WebServer,Page view: /home by u4615,E103,Page view: {page} by {user}
44950,2026-01-13,10:36:52,INFO,WebServer,Health check passed: WebServer,E102,Health check passed: {service}
44951,2026-01-13,10:08:45,INFO,WebServer,Transaction tx728105 completed in 1287ms,E104,Transaction {tx} completed in {time}ms
44952,2026-01-13,10:35:43,WARN,WebServer,High latency (1585ms) detected on WebServer,E201,High latency ({time}ms) detected on {service}
44953,2026-01-13,10:13:27,INFO,WebServer,User u3585 login successful,E101,User {user} login successful
44954,2026-01-13,10:34:51,INFO,WebServer,Health check passed: WebServer,E102,Health check passed: {service}
44955,2026-01-13,10:52:46,WARN,WebServer,Unauthorized access attempt from 10.0.0.45,E401,Unauthorized access attempt from {ip}
44956,2026-01-13,10:55:33,INFO,WebServer,User u4108 login successful,E101,User {user} login successful
44957,2026-01-13,10:12:26,INFO,OrderProcessor,Transaction tx888426 completed in 1106ms,E104,Transaction {tx} completed in {time}ms
44958,2026-01-13,10:57:57,INFO,WebServer,Health check passed: WebServer,E102,Health check passed: {service}
44959,2026-01-13,10:02:17,INFO,AuthService,Transaction tx135213 completed in 1601ms,E104,Transaction {tx} completed in {time}ms
44960,2026-01-13,10:36:16,INFO,WebServer,User u2047 login successful,E101,User {user} login successful
44961,2026-01-13,10:17:27,INFO,WebServer,Transaction tx880569 completed in 1712ms,E104,Transaction {tx} completed in {time}ms
44962,2026-01-13,10:42:08,INFO,WebServer,Page view: /home by u1538,E103,Page view: {page} by {user}
44963,2026-01-13,10:00:28,INFO,AuthService,Page view: /home by u2620,E103,Page view: {page} by {user}
44964,2026-01-13,10:53:18,INFO,WebServer,User u1230 login successful,E101,User {user} login successful
44965,2026-01-13,10:14:34,INFO,WebServer,User u2186 login successful,E101,User {user} login successful
44966,2026-01-13,10:53:00,INFO,PaymentGateway,Health check passed: PaymentGateway,E102,Health check passed: {service}
44967,2026-01-13,10:09:06,INFO,WebServer,Health check passed: WebServer,E102,Health check passed: {service}
44968,2026-01-13,10:31:24,INFO,WebServer,Transaction tx938580 completed in 291ms,E104,Transaction {tx} completed in {time}ms
44969,2026-01-13,10:56:46,INFO,InventoryDB,Page view: /home by u4471,E103,Page view: {page} by {user}
44970,2026-01-13,10:10:52,INFO,AuthService,Health check passed: AuthService,E102,Health check passed: {service}
44971,2026-01-13,10:28:16,INFO,OrderProcessor,User u1671 login successful,E101,User {user} login successful
44972,2026-01-13,10:54:09,INFO,AuthService,User u1330 login successful,E101,User {user} login successful
44973,2026-01-13,10:42:43,INFO,OrderProcessor,Transaction tx385020 completed in 232ms,E104,Transaction {tx} completed in {time}ms
44974,2026-01-13,10:58:20,WARN,AuthService,Disk usage > 85% on node node-2,E202,Disk usage > 85% on node {node}
44975,2026-01-13,10:51:47,INFO,WebServer,Health check passed: WebServer,E102,Health check passed: {service}
44976,2026-01-13,10:47:34,INFO,WebServer,Page view: /home by u1503,E103,Page view: {page} by {user}
44977,2026-01-13,10:39:15,INFO,WebServer,Page view: /home by u3633,E103,Page view: {page} by {user}
44978,2026-01-13,10:54:26,INFO,InventoryDB,Page view: /home by u4378,E103,Page view: {page} by {user}
44979,2026-01-13,10:08:09,INFO,WebServer,Transaction tx202199 completed in 918ms,E104,Transaction {tx} completed in {time}ms
44980,2026-01-13,10:30:22,INFO,WebServer,Page view: /home by u2258,E103,Page view: {page} by {user}
44981,2026-01-13,10:55:58,INFO,AuthService,Health check passed: AuthService,E102,Health check passed: {service}
44982,2026-01-13,10:12:30,INFO,WebServer,Page view: /home by u4821,E103,Page view: {page} by {user}
44983,2026-01-13,10:29:52,INFO,WebServer,Transaction tx589403 completed in 1542ms,E104,Transaction {tx} completed in {time}ms
44984,2026-01-13,10:59:46,INFO,PaymentGateway,User u4774 login successful,E101,User {user} login successful
44985,2026-01-13,10:57:29,ERROR,WebServer,Connection refused to WebServer at 10.0.0.88,E501,Connection refused to {service} at {ip}
44986,2026-01-13,10:21:48,INFO,OrderProcessor,Transaction tx839450 completed in 1594ms,E104,Transaction {tx} completed in {time}ms
44987,2026-01-13,10:54:57,INFO,WebServer,Transaction tx392128 completed in 1588ms,E104,Transaction {tx} completed in {time}ms
44988,2026-01-13,10:02:48,INFO,WebServer,Transaction tx117885 completed in 687ms,E104,Transaction {tx} completed in {time}ms
44989,2026-01-13,10:01:27,ERROR,WebServer,Connection refused to WebServer at 10.0.0.45,E501,Connection refused to {service} at {ip}
44990,2026-01-13,10:03:17,INFO,OrderProcessor,Health check passed: OrderProcessor,E102,Health check passed: {service}
44991,2026-01-13,10:59:17,INFO,PaymentGateway,Page view: /home by u3004,E103,Page view: {page} by {user}
44992,2026-01-13,10:34:09,INFO,OrderProcessor,Transaction tx832387 completed in 1361ms,E104,Transaction {tx} completed in {time}ms
44993,2026-01-13,10:44:59,INFO,OrderProcessor,Health check passed: OrderProcessor,E102,Health check passed: {service}
44994,2026-01-13,10:54:08,INFO,OrderProcessor,Transaction tx377300 completed in 792ms,E104,Transaction {tx} completed in {time}ms
44995,2026-01-13,10:52:49,INFO,WebServer,Health check passed: WebServer,E102,Health check passed: {service}
44996,2026-01-13,10:44:15,WARN,WebServer,Unauthorized access attempt from 10.0.0.45,E401,Unauthorized access attempt from {ip}
44997,2026-01-13,10:44:13,INFO,WebServer,Health check passed: WebServer,E102,Health check passed: {service}
44998,2026-01-13,10:06:55,INFO,AuthService,User u3095 login successful,E101,User {user} login successful
44999,2026-01-13,10:51:21,INFO,PaymentGateway,Health check passed: PaymentGateway,E102,Health check passed: {service}
45000,2026-01-13,10:07:34,INFO,WebServer,User u3213 login successful,E101,User {user} login successful
45001,2026-01-13,10:15:20,INFO,AuthService,Page view: /home by u3281,E103,Page view: {page} by {user}
45002,2026-01-13,10:07:02,WARN,PaymentGateway,High latency (1822ms) detected on PaymentGateway,E201,High latency ({time}ms) detected on {service}
45003,2026-01-13,10:42:37,INFO,WebServer,User u2405 login successful,E101,User {user} login successful
45004,2026-01-13,10:29:55,INFO,OrderProcessor,User u3205 login successful,E101,User {user} login successful
45005,2026-01-13,10:14:36,INFO,WebServer,Page view: /home by u2374,E103,Page view: {page} by {user}
45006,2026-01-13,10:06:16,INFO,WebServer,Health check passed: WebServer,E102,Health check passed: {service}
45007,2026-01-13,10:23:52,INFO,WebServer,Page view: /home by u4181,E103,Page view: {page} by {user}
45008,2026-01-13,10:47:47,WARN,WebServer,Disk usage > 85% on node node-3,E202,Disk usage > 85% on node {node}
45009,2026-01-13,10:08:43,INFO,WebServer,Health check passed: WebServer,E102,Health check passed: {service}
45010,2026-01-13,10:02:12,INFO,AuthService,Page view: /home by u3483,E103,Page view: {page} by {user}
45011,2026-01-13,10:07:07,INFO,AuthService,Health check passed: AuthService,E102,Health check passed: {service}
45012,2026-01-13,10:55:14,INFO,AuthService,Health check passed: AuthService,E102,Health check passed: {service}
45013,2026-01-13,10:55:33,INFO,AuthService,User u2393 login successful,E101,User {user} login successful
45014,2026-01-13,10:20:12,INFO,AuthService,Transaction tx822330 completed in 243ms,E104,Transaction {tx} completed in {time}ms
45015,2026-01-13,10:29:04,INFO,WebServer,Health check passed: WebServer,E102,Health check passed: {service}
45016,2026-01-13,10:49:54,INFO,WebServer,Health check passed: WebServer,E102,Health check passed: {service}
45017,2026-01-13,10:11:50,INFO,AuthService,Transaction tx476694 completed in 1142ms,E104,Transaction {tx} completed in {time}ms
45018,2026-01-13,10:03:35,INFO,WebServer,Page view: /home by u1310,E103,Page view: {page} by {user}
45019,2026-01-13,10:11:13,INFO,WebServer,Page view: /home by u1857,E103,Page view: {page} by {user}
45020,2026-01-13,10:23:24,INFO,WebServer,User u1796 login successful,E101,User {user} login successful
45021,2026-01-13,10:24:33,WARN,OrderProcessor,Disk usage > 85% on node node-1,E202,Disk usage > 85% on node {node}
45022,2026-01-13,10:32:15,INFO,WebServer,User u3686 login successful,E101,User {user} login successful
45023,2026-01-13,10:39:47,INFO,OrderProcessor,User u4087 login successful,E101,User {user} login successful
45024,2026-01-13,10:12:52,INFO,WebServer,Page view: /home by u4460,E103,Page view: {page} by {user}
45025,2026-01-13,10:10:22,INFO,WebServer,Health check passed: WebServer,E102,Health check passed: {service}
45026,2026-01-13,10:16:21,INFO,OrderProcessor,Transaction tx201364 completed in 1779ms,E104,Transaction {tx} completed in {time}ms
45027,2026-01-13,10:56:29,WARN,PaymentGateway,High latency (316ms) detected on PaymentGateway,E201,High latency ({time}ms) detected on {service}
45028,2026-01-13,10:47:22,INFO,OrderProcessor,Health check passed: OrderProcessor,E102,Health check passed: {service}
45029,2026-01-13,10:21:01,INFO,AuthService,Health check passed: AuthService,E102,Health check passed: {service}
45030,2026-01-13,10:30:45,INFO,AuthService,Transaction tx719304 completed in 729ms,E104,Transaction {tx} completed in {time}ms
45031,2026-01-13,10:29:10,INFO,PaymentGateway,Transaction tx332408 completed in 1393ms,E104,Transaction {tx} completed in {time}ms
45032,2026-01-13,10:52:15,INFO,OrderProcessor,Health check passed: OrderProcessor,E102,Health check passed: {service}
45033,2026-01-13,10:06:19,INFO,WebServer,Transaction tx869559 completed in 1634ms,E104,Transaction {tx} completed in {time}ms
45034,2026-01-13,10:47:39,INFO,WebServer,Health check passed: WebServer,E102,Health check passed: {service}
45035,2026-01-13,10:59:49,INFO,WebServer,Health check passed: WebServer,E102,Health check passed: {service}
45036,2026-01-13,10:10:34,INFO,InventoryDB,User u1649 login successful,E101,User {user} login successful
45037,2026-01-13,10:21:34,INFO,AuthService,Health check passed: AuthService,E102,Health check passed: {service}
45038,2026-01-13,10:53:46,INFO,WebServer,Page view: /home by u2051,E103,Page view: {page} by {user}
45039,2026-01-13,10:30:10,ERROR,AuthService,Connection refused to AuthService at 10.0.0.45,E501,Connection refused to {service} at {ip}
45040,2026-01-13,10:37:19,INFO,AuthService,Transaction tx513392 completed in 864ms,E104,Transaction {tx} completed in {time}ms
45041,2026-01-13,10:31:44,INFO,AuthService,Health check passed: AuthService,E102,Health check passed: {service}
45042,2026-01-13,10:10:53,INFO,WebServer,Page view: /home by u1174,E103,Page view: {page} by {user}
45043,2026-01-13,10:02:35,INFO,OrderProcessor,User u2898 login successful,E101,User {user} login successful
45044,2026-01-13,10:44:18,INFO,WebServer,Health check passed: WebServer,E102,Health check passed: {service}
45045,2026-01-13,10:16:10,INFO,WebServer,Health check passed: WebServer,E102,Health check passed: {service}
45046,2026-01-13,10:18:18,INFO,OrderProcessor,User u3520 login successful,E101,User {user} login successful
45047,2026-01-13,10:53:20,INFO,WebServer,Transaction tx758091 completed in 285ms,E104,Transaction {tx} completed in {time}ms
45048,2026-01-13,10:11:25,INFO,InventoryDB,Page view: /home by u1246,E103,Page view: {page} by {user}
45049,2026-01-13,10:33:15,INFO,WebServer,User u3259 login successful,E101,User {user} login successful
45050,2026-01-13,10:53:46,INFO,WebServer,Transaction tx484443 completed in 939ms,E104,Transaction {tx} completed in {time}ms
45051,2026-01-13,10:07:42,INFO,WebServer,Transaction tx192199 completed in 214ms,E104,Transaction {tx} completed in {time}ms
45052,2026-01-13,10:26:59,INFO,PaymentGateway,Page view: /home by u2791,E103,Page view: {page} by {user}
45053,2026-01-13,10:23:36,INFO,AuthService,User u1727 login successful,E101,User {user} login successful
45054,2026-01-13,10:51:51,INFO,WebServer,Page view: /home by u3680,E103,Page view: {page} by {user}
45055,2026-01-13,10:37:41,INFO,WebServer,User u2565 login successful,E101,User {user} login successful
45056,2026-01-13,10:59:25,INFO,AuthService,Health check passed: AuthService,E102,Health check passed: {service}
45057,2026-01-13,10:43:22,INFO,AuthService,Transaction tx914495 completed in 1458ms,E104,Transaction {tx} completed in {time}ms
45058,2026-01-13,10:34:09,INFO,WebServer,Page view: /home by u1957,E103,Page view: {page} by {user}
45059,2026-01-13,10:09:20,INFO,AuthService,Page view: /home by u1633,E103,Page view: {page} by {user}
45060,2026-01-13,10:09:22,INFO,WebServer,Transaction tx636232 completed in 211ms,E104,Transaction {tx} completed in {time}ms
45061,2026-01-13,10:43:04,INFO,WebServer,Page view: /home by u3499,E103,Page view: {page} by {user}
45062,2026-01-13,10:53:28,INFO,OrderProcessor,Health check passed: OrderProcessor,E102,Health check passed: {service}
45063,2026-01-13,10:34:50,INFO,OrderProcessor,Health check passed: OrderProcessor,E102,Health check passed: {service}
45064,2026-01-13,10:43:13,INFO,AuthService,Page view: /home by u4223,E103,Page view: {page} by {user}
45065,2026-01-13,10:50:33,INFO,WebServer,User u2125 login successful,E101,User {user} login successful
45066,2026-01-13,10:33:00,INFO,WebServer,Transaction tx140505 completed in 368ms,E104,Transaction {tx} completed in {time}ms
45067,2026-01-13,10:47:44,INFO,WebServer,User u2475 login successful,E101,User {user} login successful
45068,2026-01-13,10:30:55,INFO,WebServer,Page view: /home by u4867,E103,Page view: {page} by {user}
45069,2026-01-13,10:18:04,INFO,WebServer,Health check passed: WebServer,E102,Health check passed: {service}
45070,2026-01-13,10:53:24,INFO,WebServer,User u2767 login successful,E101,User {user} login successful
45071,2026-01-13,10:28:22,INFO,AuthService,Health check passed: AuthService,E102,Health check passed: {service}
45072,2026-01-13,10:53:00,INFO,InventoryDB,User u3337 login successful,E101,User {user} login successful
45073,2026-01-13,10:41:43,INFO,WebServer,Page view: /home by u1004,E103,Page view: {page} by {user}
45074,2026-01-13,10:34:27,INFO,WebServer,Transaction tx127712 completed in 222ms,E104,Transaction {tx} completed in {time}ms
45075,2026-01-13,10:49:43,INFO,OrderProcessor,Health check passed: OrderProcessor,E102,Health check passed: {service}
45076,2026-01-13,10:24:05,INFO,AuthService,Transaction tx743028 completed in 752ms,E104,Transaction {tx} completed in {time}ms
45077,2026-01-13,10:34:11,ERROR,WebServer,Payment declined: Gateway unavailable,E503,Payment declined: Gateway unavailable
45078,2026-01-13,10:41:59,INFO,WebServer,Transaction tx657862 completed in 215ms,E104,Transaction {tx} completed in {time}ms
45079,2026-01-13,10:44:00,INFO,OrderProcessor,Transaction tx636911 completed in 215ms,E104,Transaction {tx} completed in {time}ms
45080,2026-01-13,10:34:43,INFO,OrderProcessor,User u3067 login successful,E101,User {user} login successful
45081,2026-01-13,10:30:04,INFO,OrderProcessor,Health check passed: OrderProcessor,E102,Health check passed: {service}
45082,2026-01-13,10:01:18,INFO,WebServer,User u3013 login successful,E101,User {user} login successful
45083,2026-01-13,10:10:06,INFO,WebServer,Health check passed: WebServer,E102,Health check passed: {service}
45084,2026-01-13,10:32:18,INFO,PaymentGateway,Page view: /home by u4211,E103,Page view: {page} by {user}
45085,2026-01-13,10:40:59,INFO,AuthService,Health check passed: AuthService,E102,Health check passed: {service}
45086,2026-01-13,10:03:00,INFO,WebServer,Page view: /home by u1778,E103,Page view: {page} by {user}
45087,2026-01-13,10:11:04,INFO,AuthService,Health check passed: AuthService,E102,Health check passed: {service}
45088,2026-01-13,10:07:22,INFO,WebServer,Page view: /home by u2357,E103,Page view: {page} by {user}
45089,2026-01-13,10:14:03,INFO,OrderProcessor,Transaction tx221486 completed in 972ms,E104,Transaction {tx} completed in {time}ms
45090,2026-01-13,10:17:40,INFO,OrderProcessor,Page view: /home by u1119,E103,Page view: {page} by {user}
45091,2026-01-13,10:36:14,INFO,PaymentGateway,Health check passed: PaymentGateway,E102,Health check passed: {service}
45092,2026-01-13,10:08:01,INFO,WebServer,Transaction tx361257 completed in 612ms,E104,Transaction {tx} completed in {time}ms
45093,2026-01-13,10:56:07,INFO,WebServer,Page view: /home by u3395,E103,Page view: {page} by {user}
45094,2026-01-13,10:49:19,INFO,AuthService,Health check passed: AuthService,E102,Health check passed: {service}
45095,2026-01-13,10:43:29,WARN,WebServer,Unauthorized access attempt from 10.0.0.12,E401,Unauthorized access attempt from {ip}
45096,2026-01-13,10:14:07,INFO,AuthService,User u4964 login successful,E101,User {user} login successful
45097,2026-01-13,10:27:32,INFO,OrderProcessor,Health check passed: OrderProcessor,E102,Health check passed: {service}
45098,2026-01-13,10:54:16,INFO,WebServer,Page view: /home by u4940,E103,Page view: {page} by {user}
45099,2026-01-13,10:11:01,INFO,WebServer,Health check passed: WebServer,E102,Health check passed: {service}
45100,2026-01-13,10:33:19,INFO,WebServer,User u3444 login successful,E101,User {user} login successful
45101,2026-01-13,10:48:35,INFO,AuthService,Page view: /home by u4926,E103,Page view: {page} by {user}
45102,2026-01-13,10:02:23,WARN,WebServer,Unauthorized access attempt from 10.0.0.45,E401,Unauthorized access attempt from {ip}
45103,2026-01-13,10:26:12,INFO,WebServer,Page view: /home by u1810,E103,Page view: {page} by {user}
45104,2026-01-13,10:59:31,INFO,WebServer,User u1377 login successful,E101,User {user} login successful
45105,2026-01-13,10:19:50,INFO,InventoryDB,Page view: /home by u3120,E103,Page view: {page} by {user}
45106,2026-01-13,10:51:03,INFO,OrderProcessor,Transaction tx183508 completed in 1654ms,E104,Transaction {tx} completed in {time}ms
45107,2026-01-13,10:51:53,INFO,InventoryDB,Health check passed: InventoryDB,E102,Health check passed: {service}
45108,2026-01-13,10:20:23,INFO,OrderProcessor,Transaction tx344922 completed in 1793ms,E104,Transaction {tx} completed in {time}ms
45109,2026-01-13,10:34:10,INFO,WebServer,Page view: /home by u1541,E103,Page view: {page} by {user}
45110,2026-01-13,10:33:42,INFO,WebServer,Page view: /home by u1365,E103,Page view: {page} by {user}
45111,2026-01-13,10:12:53,INFO,AuthService,Transaction tx633412 completed in 604ms,E104,Transaction {tx} completed in {time}ms
45112,2026-01-13,10:06:07,INFO,PaymentGateway,User u3727 login successful,E101,User {user} login successful
45113,2026-01-13,10:15:58,INFO,OrderProcessor,Transaction tx291557 completed in 154ms,E104,Transaction {tx} completed in {time}ms
45114,2026-01-13,10:18:22,INFO,OrderProcessor,Health check passed: OrderProcessor,E102,Health check passed: {service}
45115,2026-01-13,10:17:47,INFO,OrderProcessor,Page view: /home by u2392,E103,Page view: {page} by {user}
45116,2026-01-13,10:53:08,INFO,WebServer,Health check passed: WebServer,E102,Health check passed: {service}
45117,2026-01-13,10:57:19,INFO,WebServer,Transaction tx637817 completed in 1061ms,E104,Transaction {tx} completed in {time}ms
45118,2026-01-13,10:20:10,INFO,WebServer,Health check passed: WebServer,E102,Health check passed: {service}
45119,2026-01-13,10:13:24,INFO,OrderProcessor,Transaction tx698461 completed in 550ms,E104,Transaction {tx} completed in {time}ms
45120,2026-01-13,10:31:58,INFO,WebServer,User u2532 login successful,E101,User {user} login successful
45121,2026-01-13,10:33:36,INFO,WebServer,User u2123 login successful,E101,User {user} login successful
45122,2026-01-13,10:36:11,INFO,WebServer,User u1741 login successful,E101,User {user} login successful
45123,2026-01-13,10:12:48,INFO,WebServer,Page view: /home by u4606,E103,Page view: {page} by {user}
45124,2026-01-13,10:10:29,WARN,WebServer,Disk usage > 85% on node node-3,E202,Disk usage > 85% on node {node}
45125,2026-01-13,10:04:53,INFO,WebServer,Health check passed: WebServer,E102,Health check passed: {service}
45126,2026-01-13,10:49:16,WARN,InventoryDB,High latency (1075ms) detected on InventoryDB,E201,High latency ({time}ms) detected on {service}
45127,2026-01-13,10:08:10,INFO,InventoryDB,Transaction tx232685 completed in 1858ms,E104,Transaction {tx} completed in {time}ms
45128,2026-01-13,10:29:28,INFO,OrderProcessor,Page view: /home by u3927,E103,Page view: {page} by {user}
45129,2026-01-13,10:09:07,INFO,AuthService,Page view: /home by u1275,E103,Page view: {page} by {user}
45130,2026-01-13,10:25:25,INFO,WebServer,Page view: /home by u1601,E103,Page view: {page} by {user}
45131,2026-01-13,10:59:53,WARN,InventoryDB,High latency (1080ms) detected on InventoryDB,E201,High latency ({time}ms) detected on {service}
45132,2026-01-13,10:24:27,INFO,OrderProcessor,Transaction tx967115 completed in 1499ms,E104,Transaction {tx} completed in {time}ms
45133,2026-01-13,10:11:36,INFO,OrderProcessor,Transaction tx828219 completed in 390ms,E104,Transaction {tx} completed in {time}ms
45134,2026-01-13,10:07:47,INFO,WebServer,User u2514 login successful,E101,User {user} login successful
45135,2026-01-13,10:35:40,INFO,WebServer,Health check passed: WebServer,E102,Health check passed: {service}
45136,2026-01-13,10:43:35,INFO,WebServer,Health check passed: WebServer,E102,Health check passed: {service}
45137,2026-01-13,10:57:38,INFO,PaymentGateway,Page view: /home by u1663,E103,Page view: {page} by {user}
45138,2026-01-13,10:36:41,INFO,WebServer,Health check passed: WebServer,E102,Health check passed: {service}
45139,2026-01-13,10:59:06,INFO,WebServer,Health check passed: WebServer,E102,Health check passed: {service}
45140,2026-01-13,10:17:10,INFO,AuthService,Transaction tx109140 completed in 712ms,E104,Transaction {tx} completed in {time}ms
45141,2026-01-13,10:39:21,INFO,PaymentGateway,User u4506 login successful,E101,User {user} login successful
45142,2026-01-13,10:56:49,INFO,WebServer,Transaction tx344477 completed in 674ms,E104,Transaction {tx} completed in {time}ms
45143,2026-01-13,10:08:30,INFO,WebServer,Health check passed: WebServer,E102,Health check passed: {service}
45144,2026-01-13,10:24:51,INFO,AuthService,Health check passed: AuthService,E102,Health check passed: {service}
45145,2026-01-13,10:40:03,INFO,WebServer,Page view: /home by u1399,E103,Page view: {page} by {user}
45146,2026-01-13,10:10:06,WARN,AuthService,Disk usage > 85% on node node-1,E202,Disk usage > 85% on node {node}
45147,2026-01-13,10:03:19,INFO,AuthService,Transaction tx828285 completed in 892ms,E104,Transaction {tx} completed in {time}ms
45148,2026-01-13,10:12:52,INFO,OrderProcessor,Health check passed: OrderProcessor,E102,Health check passed: {service}
45149,2026-01-13,10:41:21,INFO,WebServer,Page view: /home by u3219,E103,Page view: {page} by {user}
45150,2026-01-13,10:25:40,INFO,PaymentGateway,Health check passed: PaymentGateway,E102,Health check passed: {service}
45151,2026-01-13,10:59:40,INFO,WebServer,Health check passed: WebServer,E102,Health check passed: {service}
45152,2026-01-13,10:11:02,INFO,PaymentGateway,Health check passed: PaymentGateway,E102,Health check passed: {service}
45153,2026-01-13,10:27:39,INFO,OrderProcessor,User u2307 login successful,E101,User {user} login successful
45154,2026-01-13,10:44:28,INFO,AuthService,User u2198 login successful,E101,User {user} login successful
45155,2026-01-13,10:55:43,INFO,OrderProcessor,Health check passed: OrderProcessor,E102,Health check passed: {service}
45156,2026-01-13,10:42:05,INFO,WebServer,Page view: /home by u1310,E103,Page view: {page} by {user}
45157,2026-01-13,10:45:53,INFO,OrderProcessor,User u2623 login successful,E101,User {user} login successful
45158,2026-01-13,10:00:14,INFO,PaymentGateway,Transaction tx576440 completed in 1219ms,E104,Transaction {tx} completed in {time}ms
45159,2026-01-13,10:07:04,INFO,AuthService,Page view: /home by u2540,E103,Page view: {page} by {user}
45160,2026-01-13,10:23:01,INFO,WebServer,User u4608 login successful,E101,User {user} login successful
45161,2026-01-13,10:05:28,INFO,AuthService,Health check passed: AuthService,E102,Health check passed: {service}
45162,2026-01-13,10:26:21,INFO,InventoryDB,Health check passed: InventoryDB,E102,Health check passed: {service}
45163,2026-01-13,10:06:04,INFO,WebServer,Page view: /home by u4125,E103,Page view: {page} by {user}
45164,2026-01-13,10:39:18,INFO,InventoryDB,User u3788 login successful,E101,User {user} login successful
45165,2026-01-13,10:27:54,INFO,WebServer,Transaction tx846325 completed in 884ms,E104,Transaction {tx} completed in {time}ms
45166,2026-01-13,10:24:54,INFO,OrderProcessor,User u3671 login successful,E101,User {user} login successful
45167,2026-01-13,10:45:30,INFO,WebServer,User u1386 login successful,E101,User {user} login successful
45168,2026-01-13,10:12:57,INFO,WebServer,Transaction tx415639 completed in 605ms,E104,Transaction {tx} completed in {time}ms
45169,2026-01-13,10:48:12,INFO,WebServer,User u3438 login successful,E101,User {user} login successful
45170,2026-01-13,10:11:58,INFO,PaymentGateway,Health check passed: PaymentGateway,E102,Health check passed: {service}
45171,2026-01-13,10:41:04,INFO,OrderProcessor,Page view: /home by u1272,E103,Page view: {page} by {user}
45172,2026-01-13,10:30:41,INFO,WebServer,User u4913 login successful,E101,User {user} login successful
45173,2026-01-13,10:56:05,INFO,InventoryDB,Page view: /home by u3712,E103,Page view: {page} by {user}
45174,2026-01-13,10:11:13,INFO,WebServer,Transaction tx417176 completed in 1875ms,E104,Transaction {tx} completed in {time}ms
45175,2026-01-13,10:11:15,INFO,AuthService,User u4105 login successful,E101,User {user} login successful
45176,2026-01-13,10:37:15,WARN,WebServer,High latency (1741ms) detected on WebServer,E201,High latency ({time}ms) detected on {service}
45177,2026-01-13,10:31:01,INFO,InventoryDB,Health check passed: InventoryDB,E102,Health check passed: {service}
45178,2026-01-13,10:26:55,INFO,OrderProcessor,Transaction tx253313 completed in 48ms,E104,Transaction {tx} completed in {time}ms
45179,2026-01-13,10:14:08,INFO,PaymentGateway,Page view: /home by u4458,E103,Page view: {page} by {user}
45180,2026-01-13,10:46:20,INFO,WebServer,Page view: /home by u1555,E103,Page view: {page} by {user}
45181,2026-01-13,10:33:00,INFO,AuthService,Health check passed: AuthService,E102,Health check passed: {service}
45182,2026-01-13,10:22:34,INFO,WebServer,Page view: /home by u2459,E103,Page view: {page} by {user}
45183,2026-01-13,10:54:24,INFO,WebServer,Health check passed: WebServer,E102,Health check passed: {service}
45184,2026-01-13,10:59:35,WARN,WebServer,High latency (1371ms) detected on WebServer,E201,High latency ({time}ms) detected on {service}
45185,2026-01-13,10:00:22,INFO,AuthService,Page view: /home by u1532,E103,Page view: {page} by {user}
45186,2026-01-13,10:41:11,INFO,AuthService,Page view: /home by u3602,E103,Page view: {page} by {user}
45187,2026-01-13,10:16:25,INFO,WebServer,Page view: /home by u3871,E103,Page view: {page} by {user}
45188,2026-01-13,10:31:57,INFO,WebServer,User u3853 login successful,E101,User {user} login successful
45189,2026-01-13,10:27:38,INFO,WebServer,Health check passed: WebServer,E102,Health check passed: {service}
45190,2026-01-13,10:02:51,INFO,OrderProcessor,User u1318 login successful,E101,User {user} login successful
45191,2026-01-13,10:47:58,INFO,AuthService,User u4665 login successful,E101,User {user} login successful
45192,2026-01-13,10:28:50,INFO,WebServer,User u3419 login successful,E101,User {user} login successful
45193,2026-01-13,10:56:18,INFO,WebServer,Health check passed: WebServer,E102,Health check passed: {service}
45194,2026-01-13,10:40:50,INFO,AuthService,User u2051 login successful,E101,User {user} login successful
45195,2026-01-13,10:05:47,INFO,AuthService,User u3281 login successful,E101,User {user} login successful
45196,2026-01-13,10:11:44,INFO,OrderProcessor,Health check passed: OrderProcessor,E102,Health check passed: {service}
45197,2026-01-13,10:34:59,INFO,WebServer,Health check passed: WebServer,E102,Health check passed: {service}
45198,2026-01-13,10:10:20,INFO,WebServer,Transaction tx765970 completed in 54ms,E104,Transaction {tx} completed in {time}ms
45199,2026-01-13,10:04:21,INFO,WebServer,Transaction tx906112 completed in 1588ms,E104,Transaction {tx} completed in {time}ms
45200,2026-01-13,10:48:20,WARN,AuthService,Disk usage > 85% on node node-4,E202,Disk usage > 85% on node {node}
45201,2026-01-13,10:13:04,INFO,PaymentGateway,User u3014 login successful,E101,User {user} login successful
45202,2026-01-13,10:51:13,INFO,OrderProcessor,User u4087 login successful,E101,User {user} login successful
45203,2026-01-13,10:15:38,INFO,WebServer,Health check passed: WebServer,E102,Health check passed: {service}
45204,2026-01-13,10:04:05,INFO,OrderProcessor,Health check passed: OrderProcessor,E102,Health check passed: {service}
45205,2026-01-13,10:18:52,INFO,WebServer,User u1889 login successful,E101,User {user} login successful
45206,2026-01-13,10:56:37,INFO,WebServer,Transaction tx891846 completed in 913ms,E104,Transaction {tx} completed in {time}ms
45207,2026-01-13,10:59:41,INFO,WebServer,Page view: /home by u1107,E103,Page view: {page} by {user}
45208,2026-01-13,10:53:16,INFO,WebServer,Page view: /home by u1300,E103,Page view: {page} by {user}
45209,2026-01-13,10:12:46,INFO,WebServer,User u1709 login successful,E101,User {user} login successful
45210,2026-01-13,10:20:28,INFO,AuthService,Transaction tx585094 completed in 1118ms,E104,Transaction {tx} completed in {time}ms
45211,2026-01-13,10:24:45,INFO,InventoryDB,Page view: /home by u1167,E103,Page view: {page} by {user}
45212,2026-01-13,10:50:05,INFO,WebServer,Health check passed: WebServer,E102,Health check passed: {service}
45213,2026-01-13,10:23:48,INFO,WebServer,Page view: /home by u3264,E103,Page view: {page} by {user}
45214,2026-01-13,10:00:05,INFO,AuthService,Health check passed: AuthService,E102,Health check passed: {service}
45215,2026-01-13,10:40:34,INFO,WebServer,Page view: /home by u4058,E103,Page view: {page} by {user}
45216,2026-01-13,10:06:08,INFO,OrderProcessor,Transaction tx300051 completed in 21ms,E104,Transaction {tx} completed in {time}ms
45217,2026-01-13,10:28:42,INFO,WebServer,Page view: /home by u1438,E103,Page view: {page} by {user}
45218,2026-01-13,10:34:52,INFO,OrderProcessor,User u3899 login successful,E101,User {user} login successful
45219,2026-01-13,10:49:20,INFO,OrderProcessor,Page view: /home by u2767,E103,Page view: {page} by {user}
45220,2026-01-13,10:09:24,INFO,OrderProcessor,Health check passed: OrderProcessor,E102,Health check passed: {service}
45221,2026-01-13,10:44:22,INFO,InventoryDB,User u4434 login successful,E101,User {user} login successful
45222,2026-01-13,10:44:29,INFO,AuthService,User u1691 login successful,E101,User {user} login successful
45223,2026-01-13,10:35:07,WARN,WebServer,High latency (1461ms) detected on WebServer,E201,High latency ({time}ms) detected on {service}
45224,2026-01-13,10:32:19,INFO,OrderProcessor,User u2720 login successful,E101,User {user} login successful
45225,2026-01-13,10:33:41,INFO,WebServer,Health check passed: WebServer,E102,Health check passed: {service}
45226,2026-01-13,10:13:18,INFO,AuthService,User u3248 login successful,E101,User {user} login successful
45227,2026-01-13,10:57:31,INFO,WebServer,Transaction tx456877 completed in 165ms,E104,Transaction {tx} completed in {time}ms
45228,2026-01-13,10:38:56,INFO,InventoryDB,User u3729 login successful,E101,User {user} login successful
45229,2026-01-13,10:33:43,INFO,AuthService,Page view: /home by u2057,E103,Page view: {page} by {user}
45230,2026-01-13,10:56:29,WARN,WebServer,Disk usage > 85% on node node-4,E202,Disk usage > 85% on node {node}
45231,2026-01-13,10:05:41,INFO,AuthService,Transaction tx613552 completed in 1325ms,E104,Transaction {tx} completed in {time}ms
45232,2026-01-13,10:36:05,INFO,OrderProcessor,Health check passed: OrderProcessor,E102,Health check passed: {service}
45233,2026-01-13,10:50:04,INFO,WebServer,Page view: /home by u3471,E103,Page view: {page} by {user}
45234,2026-01-13,10:51:06,INFO,WebServer,Health check passed: WebServer,E102,Health check passed: {service}
45235,2026-01-13,10:42:20,INFO,OrderProcessor,User u2857 login successful,E101,User {user} login successful
45236,2026-01-13,10:11:34,INFO,OrderProcessor,Health check passed: OrderProcessor,E102,Health check passed: {service}
45237,2026-01-13,10:23:33,INFO,AuthService,Health check passed: AuthService,E102,Health check passed: {service}
45238,2026-01-13,10:42:31,INFO,WebServer,Health check passed: WebServer,E102,Health check passed: {service}
45239,2026-01-13,10:36:51,INFO,AuthService,Page view: /home by u2152,E103,Page view: {page} by {user}
45240,2026-01-13,10:01:07,INFO,WebServer,Transaction tx148648 completed in 1226ms,E104,Transaction {tx} completed in {time}ms
45241,2026-01-13,10:52:33,INFO,AuthService,Transaction tx287746 completed in 906ms,E104,Transaction {tx} completed in {time}ms
45242,2026-01-13,10:36:50,INFO,AuthService,Health check passed: AuthService,E102,Health check passed: {service}
45243,2026-01-13,10:11:48,INFO,WebServer,Health check passed: WebServer,E102,Health check passed: {service}
45244,2026-01-13,10:40:15,INFO,PaymentGateway,Page view: /home by u3466,E103,Page view: {page} by {user}
45245,2026-01-13,10:44:06,INFO,PaymentGateway,User u3542 login successful,E101,User {user} login successful
45246,2026-01-13,10:01:55,INFO,WebServer,Transaction tx585658 completed in 1117ms,E104,Transaction {tx} completed in {time}ms
45247,2026-01-13,10:51:44,INFO,OrderProcessor,Transaction tx650856 completed in 421ms,E104,Transaction {tx} completed in {time}ms
45248,2026-01-13,10:13:35,INFO,AuthService,User u1404 login successful,E101,User {user} login successful
45249,2026-01-13,10:27:50,INFO,PaymentGateway,Health check passed: PaymentGateway,E102,Health check passed: {service}
45250,2026-01-13,10:34:13,INFO,WebServer,Page view: /home by u1549,E103,Page view: {page} by {user}
45251,2026-01-13,10:03:09,INFO,OrderProcessor,Page view: /home by u2305,E103,Page view: {page} by {user}
45252,2026-01-13,10:33:15,WARN,WebServer,Unauthorized access attempt from 10.0.0.45,E401,Unauthorized access attempt from {ip}
45253,2026-01-13,10:39:05,INFO,AuthService,User u2758 login successful,E101,User {user} login successful
45254,2026-01-13,10:43:03,ERROR,PaymentGateway,Timeout waiting for lock on InventoryDB,E502,Timeout waiting for lock on {db}
45255,2026-01-13,10:08:16,INFO,AuthService,Page view: /home by u4539,E103,Page view: {page} by {user}
45256,2026-01-13,10:05:36,INFO,WebServer,Page view: /home by u1432,E103,Page view: {page} by {user}
45257,2026-01-13,10:24:24,INFO,AuthService,Page view: /home by u1655,E103,Page view: {page} by {user}
45258,2026-01-13,10:57:57,INFO,AuthService,User u4987 login successful,E101,User {user} login successful
45259,2026-01-13,10:05:31,INFO,InventoryDB,Page view: /home by u3445,E103,Page view: {page} by {user}
45260,2026-01-13,10:32:46,INFO,WebServer,Transaction tx475968 completed in 1012ms,E104,Transaction {tx} completed in {time}ms
45261,2026-01-13,10:34:34,INFO,WebServer,User u2349 login successful,E101,User {user} login successful
45262,2026-01-13,10:15:25,INFO,OrderProcessor,Health check passed: OrderProcessor,E102,Health check passed: {service}
45263,2026-01-13,10:03:21,INFO,AuthService,User u1262 login successful,E101,User {user} login successful
45264,2026-01-13,10:30:13,INFO,WebServer,User u1429 login successful,E101,User {user} login successful
45265,2026-01-13,10:10:37,INFO,WebServer,User u3355 login successful,E101,User {user} login successful
45266,2026-01-13,10:04:55,INFO,AuthService,Health check passed: AuthService,E102,Health check passed: {service}
45267,2026-01-13,10:33:34,INFO,WebServer,Transaction tx750007 completed in 475ms,E104,Transaction {tx} completed in {time}ms
45268,2026-01-13,10:52:57,INFO,PaymentGateway,Page view: /home by u1784,E103,Page view: {page} by {user}
45269,2026-01-13,10:41:52,INFO,WebServer,Health check passed: WebServer,E102,Health check passed: {service}
45270,2026-01-13,10:27:04,INFO,WebServer,Page view: /home by u2204,E103,Page view: {page} by {user}
45271,2026-01-13,10:37:56,INFO,WebServer,Page view: /home by u1102,E103,Page view: {page} by {user}
45272,2026-01-13,10:25:04,INFO,AuthService,Health check passed: AuthService,E102,Health check passed: {service}
45273,2026-01-13,10:23:20,WARN,AuthService,Disk usage > 85% on node node-3,E202,Disk usage > 85% on node {node}
45274,2026-01-13,10:59:45,INFO,WebServer,Page view: /home by u3079,E103,Page view: {page} by {user}
45275,2026-01-13,10:14:44,INFO,OrderProcessor,Transaction tx582030 completed in 699ms,E104,Transaction {tx} completed in {time}ms
45276,2026-01-13,10:38:21,INFO,AuthService,User u3244 login successful,E101,User {user} login successful
45277,2026-01-13,10:23:01,INFO,PaymentGateway,Page view: /home by u2087,E103,Page view: {page} by {user}
45278,2026-01-13,10:06:19,WARN,PaymentGateway,High latency (1119ms) detected on PaymentGateway,E201,High latency ({time}ms) detected on {service}
45279,2026-01-13,10:08:55,INFO,WebServer,Page view: /home by u3070,E103,Page view: {page} by {user}
45280,2026-01-13,10:06:58,INFO,WebServer,Health check passed: WebServer,E102,Health check passed: {service}
45281,2026-01-13,10:56:12,INFO,WebServer,Health check passed: WebServer,E102,Health check passed: {service}
45282,2026-01-13,10:56:10,INFO,PaymentGateway,Health check passed: PaymentGateway,E102,Health check passed: {service}
45283,2026-01-13,10:49:21,INFO,OrderProcessor,Page view: /home by u1643,E103,Page view: {page} by {user}
45284,2026-01-13,10:59:29,INFO,WebServer,User u1336 login successful,E101,User {user} login successful
45285,2026-01-13,10:52:20,INFO,WebServer,Transaction tx905489 completed in 1885ms,E104,Transaction {tx} completed in {time}ms
45286,2026-01-13,10:35:41,INFO,WebServer,Page view: /home by u2048,E103,Page view: {page} by {user}
45287,2026-01-13,10:51:22,INFO,WebServer,Transaction tx491083 completed in 399ms,E104,Transaction {tx} completed in {time}ms
45288,2026-01-13,10:49:01,INFO,WebServer,Health check passed: WebServer,E102,Health check passed: {service}
45289,2026-01-13,10:50:31,INFO,WebServer,Health check passed: WebServer,E102,Health check passed: {service}
45290,2026-01-13,10:01:11,INFO,WebServer,Page view: /home by u2147,E103,Page view: {page} by {user}
45291,2026-01-13,10:48:18,INFO,WebServer,Health check passed: WebServer,E102,Health check passed: {service}
45292,2026-01-13,10:57:43,INFO,InventoryDB,Health check passed: InventoryDB,E102,Health check passed: {service}
45293,2026-01-13,10:11:30,INFO,OrderProcessor,Transaction tx988253 completed in 1311ms,E104,Transaction {tx} completed in {time}ms
45294,2026-01-13,10:07:48,INFO,WebServer,Page view: /home by u4826,E103,Page view: {page} by {user}
45295,2026-01-13,10:08:50,WARN,WebServer,Unauthorized access attempt from 10.0.0.88,E401,Unauthorized access attempt from {ip}
45296,2026-01-13,10:17:38,INFO,InventoryDB,Health check passed: InventoryDB,E102,Health check passed: {service}
45297,2026-01-13,10:00:02,INFO,WebServer,Health check passed: WebServer,E102,Health check passed: {service}
45298,2026-01-13,10:50:32,INFO,PaymentGateway,Health check passed: PaymentGateway,E102,Health check passed: {service}
45299,2026-01-13,10:14:25,INFO,WebServer,User u3381 login successful,E101,User {user} login successful
45300,2026-01-13,10:24:06,INFO,AuthService,Health check passed: AuthService,E102,Health check passed: {service}
45301,2026-01-13,10:31:31,INFO,AuthService,Health check passed: AuthService,E102,Health check passed: {service}
45302,2026-01-13,10:15:24,INFO,WebServer,Health check passed: WebServer,E102,Health check passed: {service}
45303,2026-01-13,10:15:17,INFO,WebServer,Health check passed: WebServer,E102,Health check passed: {service}
45304,2026-01-13,10:05:12,INFO,WebServer,Transaction tx544528 completed in 754ms,E104,Transaction {tx} completed in {time}ms
45305,2026-01-13,10:28:17,INFO,OrderProcessor,Page view: /home by u2778,E103,Page view: {page} by {user}
45306,2026-01-13,10:43:33,INFO,AuthService,Health check passed: AuthService,E102,Health check passed: {service}
45307,2026-01-13,10:57:03,INFO,OrderProcessor,Health check passed: OrderProcessor,E102,Health check passed: {service}
45308,2026-01-13,10:01:32,INFO,AuthService,Page view: /home by u2750,E103,Page view: {page} by {user}
45309,2026-01-13,10:21:07,INFO,WebServer,Health check passed: WebServer,E102,Health check passed: {service}
45310,2026-01-13,10:24:48,INFO,AuthService,User u3840 login successful,E101,User {user} login successful
45311,2026-01-13,10:00:59,INFO,AuthService,Page view: /home by u1745,E103,Page view: {page} by {user}
45312,2026-01-13,10:00:44,INFO,WebServer,User u2124 login successful,E101,User {user} login successful
45313,2026-01-13,10:47:46,INFO,WebServer,User u3837 login successful,E101,User {user} login successful
45314,2026-01-13,10:06:12,INFO,WebServer,Health check passed: WebServer,E102,Health check passed: {service}
45315,2026-01-13,10:46:10,INFO,AuthService,Transaction tx683551 completed in 513ms,E104,Transaction {tx} completed in {time}ms
45316,2026-01-13,10:12:05,INFO,WebServer,Page view: /home by u4540,E103,Page view: {page} by {user}
45317,2026-01-13,10:18:21,INFO,OrderProcessor,Health check passed: OrderProcessor,E102,Health check passed: {service}
45318,2026-01-13,10:05:39,INFO,OrderProcessor,Health check passed: OrderProcessor,E102,Health check passed: {service}
45319,2026-01-13,10:48:14,INFO,AuthService,User u3825 login successful,E101,User {user} login successful
45320,2026-01-13,10:31:19,INFO,WebServer,Page view: /home by u3450,E103,Page view: {page} by {user}
45321,2026-01-13,10:25:13,INFO,AuthService,Health check passed: AuthService,E102,Health check passed: {service}
45322,2026-01-13,10:20:00,INFO,WebServer,Transaction tx396409 completed in 1719ms,E104,Transaction {tx} completed in {time}ms
45323,2026-01-13,10:28:42,INFO,AuthService,Health check passed: AuthService,E102,Health check passed: {service}
45324,2026-01-13,10:40:00,INFO,WebServer,User u1580 login successful,E101,User {user} login successful
45325,2026-01-13,10:37:41,ERROR,AuthService,Connection refused to AuthService at 10.0.0.88,E501,Connection refused to {service} at {ip}
45326,2026-01-13,10:13:55,INFO,OrderProcessor,Page view: /home by u4807,E103,Page view: {page} by {user}
45327,2026-01-13,10:56:53,INFO,PaymentGateway,Health check passed: PaymentGateway,E102,Health check passed: {service}
45328,2026-01-13,10:43:03,INFO,WebServer,User u4166 login successful,E101,User {user} login successful
45329,2026-01-13,10:28:08,INFO,WebServer,Health check passed: WebServer,E102,Health check passed: {service}
45330,2026-01-13,10:30:09,INFO,AuthService,Health check passed: AuthService,E102,Health check passed: {service}
45331,2026-01-13,10:38:54,INFO,WebServer,Page view: /home by u3023,E103,Page view: {page} by {user}
45332,2026-01-13,10:30:28,INFO,OrderProcessor,Transaction tx832062 completed in 778ms,E104,Transaction {tx} completed in {time}ms
45333,2026-01-13,10:18:46,INFO,OrderProcessor,Transaction tx681857 completed in 967ms,E104,Transaction {tx} completed in {time}ms
45334,2026-01-13,10:31:13,INFO,WebServer,Health check passed: WebServer,E102,Health check passed: {service}
45335,2026-01-13,10:18:48,INFO,OrderProcessor,User u2651 login successful,E101,User {user} login successful
45336,2026-01-13,10:01:00,INFO,WebServer,Transaction tx966210 completed in 1432ms,E104,Transaction {tx} completed in {time}ms
45337,2026-01-13,10:33:33,INFO,AuthService,Health check passed: AuthService,E102,Health check passed: {service}
45338,2026-01-13,10:15:42,INFO,WebServer,Page view: /home by u3668,E103,Page view: {page} by {user}
45339,2026-01-13,10:44:07,INFO,PaymentGateway,Health check passed: PaymentGateway,E102,Health check passed: {service}
45340,2026-01-13,10:56:58,INFO,WebServer,Page view: /home by u4531,E103,Page view: {page} by {user}
45341,2026-01-13,10:07:56,INFO,WebServer,Transaction tx976117 completed in 1986ms,E104,Transaction {tx} completed in {time}ms
45342,2026-01-13,10:54:00,INFO,AuthService,Health check passed: AuthService,E102,Health check passed: {service}
45343,2026-01-13,10:51:55,INFO,PaymentGateway,Health check passed: PaymentGateway,E102,Health check passed: {service}
45344,2026-01-13,10:40:48,INFO,AuthService,Transaction tx461631 completed in 1578ms,E104,Transaction {tx} completed in {time}ms
45345,2026-01-13,10:59:53,INFO,AuthService,Transaction tx137621 completed in 484ms,E104,Transaction {tx} completed in {time}ms
45346,2026-01-13,10:37:24,INFO,WebServer,Transaction tx252492 completed in 210ms,E104,Transaction {tx} completed in {time}ms
45347,2026-01-13,10:32:01,INFO,AuthService,Page view: /home by u3055,E103,Page view: {page} by {user}
45348,2026-01-13,10:00:31,INFO,PaymentGateway,Page view: /home by u3822,E103,Page view: {page} by {user}
45349,2026-01-13,10:29:31,INFO,WebServer,Transaction tx314296 completed in 152ms,E104,Transaction {tx} completed in {time}ms
45350,2026-01-13,10:37:25,INFO,PaymentGateway,Transaction tx128210 completed in 476ms,E104,Transaction {tx} completed in {time}ms
45351,2026-01-13,10:18:13,INFO,AuthService,Page view: /home by u4680,E103,Page view: {page} by {user}
45352,2026-01-13,10:19:21,INFO,OrderProcessor,User u3213 login successful,E101,User {user} login successful
45353,2026-01-13,10:00:26,INFO,WebServer,Health check passed: WebServer,E102,Health check passed: {service}
45354,2026-01-13,10:06:20,INFO,PaymentGateway,Transaction tx222256 completed in 22ms,E104,Transaction {tx} completed in {time}ms
45355,2026-01-13,10:16:37,INFO,OrderProcessor,Transaction tx350000 completed in 1739ms,E104,Transaction {tx} completed in {time}ms
45356,2026-01-13,10:37:03,INFO,InventoryDB,Health check passed: InventoryDB,E102,Health check passed: {service}
45357,2026-01-13,10:59:11,INFO,AuthService,Page view: /home by u3971,E103,Page view: {page} by {user}
45358,2026-01-13,10:14:29,WARN,WebServer,Unauthorized access attempt from 10.0.0.45,E401,Unauthorized access attempt from {ip}
45359,2026-01-13,10:03:45,INFO,OrderProcessor,Transaction tx453123 completed in 473ms,E104,Transaction {tx} completed in {time}ms
45360,2026-01-13,10:19:33,INFO,WebServer,Health check passed: WebServer,E102,Health check passed: {service}
45361,2026-01-13,10:26:29,INFO,WebServer,User u2153 login successful,E101,User {user} login successful
45362,2026-01-13,10:46:52,INFO,AuthService,Page view: /home by u3428,E103,Page view: {page} by {user}
45363,2026-01-13,10:35:03,INFO,InventoryDB,Page view: /home by u4793,E103,Page view: {page} by {user}
45364,2026-01-13,10:59:18,INFO,AuthService,Transaction tx551375 completed in 419ms,E104,Transaction {tx} completed in {time}ms
45365,2026-01-13,10:49:28,WARN,AuthService,Unauthorized access attempt from 10.0.0.45,E401,Unauthorized access attempt from {ip}
45366,2026-01-13,10:18:10,INFO,WebServer,User u2802 login successful,E101,User {user} login successful
45367,2026-01-13,10:46:51,INFO,WebServer,Health check passed: WebServer,E102,Health check passed: {service}
45368,2026-01-13,10:27:14,INFO,WebServer,User u1384 login successful,E101,User {user} login successful
45369,2026-01-13,10:12:15,INFO,WebServer,Health check passed: WebServer,E102,Health check passed: {service}
45370,2026-01-13,10:38:00,INFO,AuthService,Transaction tx334348 completed in 1722ms,E104,Transaction {tx} completed in {time}ms
45371,2026-01-13,10:34:56,WARN,AuthService,High latency (1464ms) detected on AuthService,E201,High latency ({time}ms) detected on {service}
45372,2026-01-13,10:15:02,INFO,AuthService,Health check passed: AuthService,E102,Health check passed: {service}
45373,2026-01-13,10:20:42,INFO,WebServer,Page view: /home by u4522,E103,Page view: {page} by {user}
45374,2026-01-13,10:34:46,INFO,OrderProcessor,Health check passed: OrderProcessor,E102,Health check passed: {service}
45375,2026-01-13,10:41:49,INFO,WebServer,User u3049 login successful,E101,User {user} login successful
45376,2026-01-13,10:01:31,INFO,WebServer,Health check passed: WebServer,E102,Health check passed: {service}
45377,2026-01-13,10:36:14,INFO,WebServer,User u4580 login successful,E101,User {user} login successful
45378,2026-01-13,10:17:26,INFO,AuthService,User u3159 login successful,E101,User {user} login successful
45379,2026-01-13,10:42:44,INFO,AuthService,User u4987 login successful,E101,User {user} login successful
45380,2026-01-13,10:00:21,INFO,WebServer,Transaction tx898869 completed in 958ms,E104,Transaction {tx} completed in {time}ms
45381,2026-01-13,10:37:29,INFO,WebServer,User u3858 login successful,E101,User {user} login successful
45382,2026-01-13,10:42:53,INFO,AuthService,Health check passed: AuthService,E102,Health check passed: {service}
45383,2026-01-13,10:36:42,INFO,WebServer,Page view: /home by u1357,E103,Page view: {page} by {user}
45384,2026-01-13,10:29:18,INFO,WebServer,Page view: /home by u2296,E103,Page view: {page} by {user}
45385,2026-01-13,10:01:10,INFO,WebServer,Health check passed: WebServer,E102,Health check passed: {service}
45386,2026-01-13,10:38:15,INFO,WebServer,User u2369 login successful,E101,User {user} login successful
45387,2026-01-13,10:32:14,INFO,AuthService,Transaction tx305726 completed in 1117ms,E104,Transaction {tx} completed in {time}ms
45388,2026-01-13,10:10:05,INFO,AuthService,Transaction tx351829 completed in 1313ms,E104,Transaction {tx} completed in {time}ms
45389,2026-01-13,10:17:46,WARN,PaymentGateway,Disk usage > 85% on node node-3,E202,Disk usage > 85% on node {node}
45390,2026-01-13,10:25:12,INFO,InventoryDB,Health check passed: InventoryDB,E102,Health check passed: {service}
45391,2026-01-13,10:55:00,INFO,WebServer,Page view: /home by u4348,E103,Page view: {page} by {user}
45392,2026-01-13,10:43:31,INFO,InventoryDB,Transaction tx828492 completed in 901ms,E104,Transaction {tx} completed in {time}ms
45393,2026-01-13,10:46:50,WARN,AuthService,High latency (1942ms) detected on AuthService,E201,High latency ({time}ms) detected on {service}
45394,2026-01-13,10:33:23,INFO,AuthService,Page view: /home by u1286,E103,Page view: {page} by {user}
45395,2026-01-13,10:59:51,INFO,WebServer,Health check passed: WebServer,E102,Health check passed: {service}
45396,2026-01-13,10:35:01,INFO,AuthService,Page view: /home by u1492,E103,Page view: {page} by {user}
45397,2026-01-13,10:04:09,INFO,AuthService,Page view: /home by u1223,E103,Page view: {page} by {user}
45398,2026-01-13,10:00:05,INFO,WebServer,User u4613 login successful,E101,User {user} login successful
45399,2026-01-13,10:27:59,INFO,InventoryDB,Page view: /home by u2964,E103,Page view: {page} by {user}
45400,2026-01-13,10:21:54,INFO,WebServer,Health check passed: WebServer,E102,Health check passed: {service}
45401,2026-01-13,10:40:03,INFO,InventoryDB,Health check passed: InventoryDB,E102,Health check passed: {service}
45402,2026-01-13,10:45:58,WARN,OrderProcessor,Disk usage > 85% on node node-4,E202,Disk usage > 85% on node {node}
45403,2026-01-13,10:50:21,INFO,OrderProcessor,User u2186 login successful,E101,User {user} login successful
45404,2026-01-13,10:06:36,INFO,PaymentGateway,Transaction tx110254 completed in 766ms,E104,Transaction {tx} completed in {time}ms
45405,2026-01-13,10:35:09,INFO,OrderProcessor,User u1333 login successful,E101,User {user} login successful
45406,2026-01-13,10:26:25,INFO,AuthService,Page view: /home by u3248,E103,Page view: {page} by {user}
45407,2026-01-13,10:17:41,INFO,PaymentGateway,Transaction tx988345 completed in 1628ms,E104,Transaction {tx} completed in {time}ms
45408,2026-01-13,10:06:40,INFO,PaymentGateway,Page view: /home by u4847,E103,Page view: {page} by {user}
45409,2026-01-13,10:26:49,INFO,WebServer,Health check passed: WebServer,E102,Health check passed: {service}
45410,2026-01-13,10:40:13,INFO,AuthService,Page view: /home by u2240,E103,Page view: {page} by {user}
45411,2026-01-13,10:16:49,INFO,InventoryDB,Health check passed: InventoryDB,E102,Health check passed: {service}
45412,2026-01-13,10:05:19,INFO,WebServer,Page view: /home by u2805,E103,Page view: {page} by {user}
45413,2026-01-13,10:14:18,INFO,WebServer,Transaction tx635026 completed in 551ms,E104,Transaction {tx} completed in {time}ms
45414,2026-01-13,10:00:13,INFO,WebServer,Health check passed: WebServer,E102,Health check passed: {service}
45415,2026-01-13,10:29:25,INFO,WebServer,User u3821 login successful,E101,User {user} login successful
45416,2026-01-13,10:42:21,INFO,AuthService,Page view: /home by u3179,E103,Page view: {page} by {user}
45417,2026-01-13,10:10:25,INFO,OrderProcessor,User u2330 login successful,E101,User {user} login successful
45418,2026-01-13,10:19:54,INFO,OrderProcessor,Transaction tx401203 completed in 697ms,E104,Transaction {tx} completed in {time}ms
45419,2026-01-13,10:23:10,INFO,WebServer,Transaction tx659819 completed in 855ms,E104,Transaction {tx} completed in {time}ms
45420,2026-01-13,10:40:02,INFO,WebServer,Transaction tx713138 completed in 866ms,E104,Transaction {tx} completed in {time}ms
45421,2026-01-13,10:50:53,INFO,AuthService,Health check passed: AuthService,E102,Health check passed: {service}
45422,2026-01-13,10:36:40,INFO,OrderProcessor,Page view: /home by u1717,E103,Page view: {page} by {user}
45423,2026-01-13,10:19:07,INFO,WebServer,User u2390 login successful,E101,User {user} login successful
45424,2026-01-13,10:10:04,INFO,WebServer,Transaction tx174004 completed in 535ms,E104,Transaction {tx} completed in {time}ms
45425,2026-01-13,10:07:05,WARN,WebServer,Unauthorized access attempt from 10.0.0.45,E401,Unauthorized access attempt from {ip}
45426,2026-01-13,10:57:28,INFO,WebServer,Transaction tx694946 completed in 1099ms,E104,Transaction {tx} completed in {time}ms
45427,2026-01-13,10:46:21,INFO,WebServer,Health check passed: WebServer,E102,Health check passed: {service}
45428,2026-01-13,10:35:11,INFO,WebServer,Transaction tx132165 completed in 1428ms,E104,Transaction {tx} completed in {time}ms
45429,2026-01-13,10:27:36,INFO,WebServer,User u4287 login successful,E101,User {user} login successful
45430,2026-01-13,10:20:57,INFO,WebServer,User u4353 login successful,E101,User {user} login successful
45431,2026-01-13,10:24:55,INFO,WebServer,Page view: /home by u2100,E103,Page view: {page} by {user}
45432,2026-01-13,10:12:24,INFO,WebServer,User u1166 login successful,E101,User {user} login successful
45433,2026-01-13,10:22:52,ERROR,OrderProcessor,Connection refused to OrderProcessor at 10.0.0.45,E501,Connection refused to {service} at {ip}
45434,2026-01-13,10:00:59,INFO,WebServer,User u2496 login successful,E101,User {user} login successful
45435,2026-01-13,10:58:14,INFO,AuthService,User u2915 login successful,E101,User {user} login successful
45436,2026-01-13,10:26:57,INFO,AuthService,User u2982 login successful,E101,User {user} login successful
45437,2026-01-13,10:01:16,INFO,WebServer,User u2304 login successful,E101,User {user} login successful
45438,2026-01-13,10:12:32,INFO,WebServer,Transaction tx944297 completed in 1145ms,E104,Transaction {tx} completed in {time}ms
45439,2026-01-13,10:38:22,INFO,OrderProcessor,User u2005 login successful,E101,User {user} login successful
45440,2026-01-13,10:56:49,INFO,WebServer,Health check passed: WebServer,E102,Health check passed: {service}
45441,2026-01-13,10:30:02,INFO,WebServer,Health check passed: WebServer,E102,Health check passed: {service}
45442,2026-01-13,10:16:53,INFO,WebServer,Page view: /home by u4798,E103,Page view: {page} by {user}
45443,2026-01-13,10:18:40,INFO,AuthService,Page view: /home by u1261,E103,Page view: {page} by {user}
45444,2026-01-13,10:12:40,INFO,AuthService,User u3208 login successful,E101,User {user} login successful
45445,2026-01-13,10:27:29,INFO,WebServer,Transaction tx835798 completed in 988ms,E104,Transaction {tx} completed in {time}ms
45446,2026-01-13,10:09:46,INFO,WebServer,User u1641 login successful,E101,User {user} login successful
45447,2026-01-13,10:41:21,INFO,PaymentGateway,Page view: /home by u4664,E103,Page view: {page} by {user}
45448,2026-01-13,10:32:50,INFO,WebServer,User u1747 login successful,E101,User {user} login successful
45449,2026-01-13,10:51:33,INFO,WebServer,Page view: /home by u4177,E103,Page view: {page} by {user}
45450,2026-01-13,10:37:38,INFO,WebServer,Health check passed: WebServer,E102,Health check passed: {service}
45451,2026-01-13,10:33:08,INFO,WebServer,Health check passed: WebServer,E102,Health check passed: {service}
45452,2026-01-13,10:44:48,INFO,AuthService,Page view: /home by u2452,E103,Page view: {page} by {user}
45453,2026-01-13,10:27:22,WARN,AuthService,High latency (1848ms) detected on AuthService,E201,High latency ({time}ms) detected on {service}
45454,2026-01-13,10:44:32,INFO,AuthService,User u2525 login successful,E101,User {user} login successful
45455,2026-01-13,10:12:05,INFO,WebServer,Page view: /home by u1004,E103,Page view: {page} by {user}
45456,2026-01-13,10:57:27,INFO,WebServer,Page view: /home by u4792,E103,Page view: {page} by {user}
45457,2026-01-13,10:35:38,INFO,PaymentGateway,Health check passed: PaymentGateway,E102,Health check passed: {service}
45458,2026-01-13,10:43:14,INFO,WebServer,Health check passed: WebServer,E102,Health check passed: {service}
45459,2026-01-13,10:11:16,INFO,WebServer,Health check passed: WebServer,E102,Health check passed: {service}
45460,2026-01-13,10:59:24,INFO,AuthService,User u2829 login successful,E101,User {user} login successful
45461,2026-01-13,10:08:04,WARN,OrderProcessor,Disk usage > 85% on node node-1,E202,Disk usage > 85% on node {node}
45462,2026-01-13,10:38:11,INFO,WebServer,User u4400 login successful,E101,User {user} login successful
45463,2026-01-13,10:05:07,INFO,AuthService,Page view: /home by u4978,E103,Page view: {page} by {user}
45464,2026-01-13,10:59:21,INFO,WebServer,User u4152 login successful,E101,User {user} login successful
45465,2026-01-13,10:56:07,INFO,OrderProcessor,Page view: /home by u1824,E103,Page view: {page} by {user}
45466,2026-01-13,10:20:35,INFO,PaymentGateway,Page view: /home by u2261,E103,Page view: {page} by {user}
45467,2026-01-13,10:28:20,INFO,OrderProcessor,User u3705 login successful,E101,User {user} login successful
45468,2026-01-13,10:52:19,WARN,WebServer,High latency (862ms) detected on WebServer,E201,High latency ({time}ms) detected on {service}
45469,2026-01-13,10:08:46,INFO,WebServer,Health check passed: WebServer,E102,Health check passed: {service}
45470,2026-01-13,10:15:40,INFO,WebServer,Health check passed: WebServer,E102,Health check passed: {service}
45471,2026-01-13,10:34:57,INFO,WebServer,Page view: /home by u1369,E103,Page view: {page} by {user}
45472,2026-01-13,10:31:17,INFO,PaymentGateway,Page view: /home by u3615,E103,Page view: {page} by {user}
45473,2026-01-13,10:05:47,INFO,PaymentGateway,User u1186 login successful,E101,User {user} login successful
45474,2026-01-13,10:35:43,INFO,WebServer,Health check passed: WebServer,E102,Health check passed: {service}
45475,2026-01-13,10:10:34,WARN,WebServer,Disk usage > 85% on node node-5,E202,Disk usage > 85% on node {node}
45476,2026-01-13,10:56:05,WARN,AuthService,High latency (612ms) detected on AuthService,E201,High latency ({time}ms) detected on {service}
45477,2026-01-13,10:28:21,INFO,AuthService,User u4756 login successful,E101,User {user} login successful
45478,2026-01-13,10:34:48,INFO,WebServer,Page view: /home by u4629,E103,Page view: {page} by {user}
45479,2026-01-13,10:57:22,INFO,AuthService,User u1137 login successful,E101,User {user} login successful
45480,2026-01-13,10:37:47,INFO,WebServer,User u4435 login successful,E101,User {user} login successful
45481,2026-01-13,10:38:13,INFO,WebServer,Health check passed: WebServer,E102,Health check passed: {service}
45482,2026-01-13,10:50:19,INFO,OrderProcessor,Health check passed: OrderProcessor,E102,Health check passed: {service}
45483,2026-01-13,10:24:38,INFO,WebServer,User u3093 login successful,E101,User {user} login successful
45484,2026-01-13,10:01:15,ERROR,WebServer,Connection refused to WebServer at 10.0.0.45,E501,Connection refused to {service} at {ip}
45485,2026-01-13,10:31:17,INFO,WebServer,Health check passed: WebServer,E102,Health check passed: {service}
45486,2026-01-13,10:20:13,ERROR,AuthService,Payment declined: Gateway unavailable,E503,Payment declined: Gateway unavailable
45487,2026-01-13,10:29:55,INFO,OrderProcessor,User u2108 login successful,E101,User {user} login successful
45488,2026-01-13,10:34:56,INFO,WebServer,Health check passed: WebServer,E102,Health check passed: {service}
45489,2026-01-13,10:16:54,WARN,WebServer,Disk usage > 85% on node node-5,E202,Disk usage > 85% on node {node}
45490,2026-01-13,10:52:08,INFO,WebServer,Page view: /home by u2819,E103,Page view: {page} by {user}
45491,2026-01-13,10:58:49,INFO,InventoryDB,Page view: /home by u3748,E103,Page view: {page} by {user}
45492,2026-01-13,10:52:37,INFO,WebServer,Page view: /home by u4931,E103,Page view: {page} by {user}
45493,2026-01-13,10:50:40,INFO,AuthService,Page view: /home by u4436,E103,Page view: {page} by {user}
45494,2026-01-13,10:22:12,INFO,WebServer,Page view: /home by u3869,E103,Page view: {page} by {user}
45495,2026-01-13,10:40:31,INFO,WebServer,Health check passed: WebServer,E102,Health check passed: {service}
45496,2026-01-13,10:14:49,INFO,OrderProcessor,Transaction tx777635 completed in 1276ms,E104,Transaction {tx} completed in {time}ms
45497,2026-01-13,10:59:27,INFO,AuthService,Page view: /home by u1468,E103,Page view: {page} by {user}
45498,2026-01-13,10:47:38,INFO,WebServer,Page view: /home by u2134,E103,Page view: {page} by {user}
45499,2026-01-13,10:01:58,INFO,WebServer,Transaction tx773388 completed in 182ms,E104,Transaction {tx} completed in {time}ms
45500,2026-01-13,10:49:40,INFO,OrderProcessor,Transaction tx593877 completed in 945ms,E104,Transaction {tx} completed in {time}ms
45501,2026-01-13,10:54:45,INFO,WebServer,Page view: /home by u1191,E103,Page view: {page} by {user}
45502,2026-01-13,10:21:19,INFO,AuthService,Transaction tx705279 completed in 431ms,E104,Transaction {tx} completed in {time}ms
45503,2026-01-13,10:43:06,INFO,OrderProcessor,Page view: /home by u1757,E103,Page view: {page} by {user}
45504,2026-01-13,10:24:41,WARN,AuthService,Disk usage > 85% on node node-5,E202,Disk usage > 85% on node {node}
45505,2026-01-13,10:28:49,WARN,AuthService,High latency (794ms) detected on AuthService,E201,High latency ({time}ms) detected on {service}
45506,2026-01-13,10:28:06,INFO,InventoryDB,Page view: /home by u2082,E103,Page view: {page} by {user}
45507,2026-01-13,10:43:50,INFO,WebServer,User u2526 login successful,E101,User {user} login successful
45508,2026-01-13,10:30:34,WARN,InventoryDB,High latency (1417ms) detected on InventoryDB,E201,High latency ({time}ms) detected on {service}
45509,2026-01-13,10:38:00,INFO,AuthService,Page view: /home by u4373,E103,Page view: {page} by {user}
45510,2026-01-13,10:45:14,INFO,AuthService,Page view: /home by u1976,E103,Page view: {page} by {user}
45511,2026-01-13,10:33:06,INFO,WebServer,Transaction tx607564 completed in 359ms,E104,Transaction {tx} completed in {time}ms
45512,2026-01-13,10:12:35,INFO,WebServer,Transaction tx407999 completed in 505ms,E104,Transaction {tx} completed in {time}ms
45513,2026-01-13,10:40:10,INFO,WebServer,Health check passed: WebServer,E102,Health check passed: {service}
45514,2026-01-13,10:50:32,INFO,InventoryDB,User u1018 login successful,E101,User {user} login successful
45515,2026-01-13,10:04:59,INFO,OrderProcessor,Page view: /home by u3609,E103,Page view: {page} by {user}
45516,2026-01-13,10:56:49,INFO,WebServer,Transaction tx632562 completed in 172ms,E104,Transaction {tx} completed in {time}ms
45517,2026-01-13,10:53:11,INFO,OrderProcessor,Health check passed: OrderProcessor,E102,Health check passed: {service}
45518,2026-01-13,10:20:14,INFO,AuthService,Page view: /home by u1675,E103,Page view: {page} by {user}
45519,2026-01-13,10:19:19,INFO,WebServer,Health check passed: WebServer,E102,Health check passed: {service}
45520,2026-01-13,10:35:44,WARN,WebServer,Unauthorized access attempt from 10.0.0.45,E401,Unauthorized access attempt from {ip}
45521,2026-01-13,10:29:35,INFO,PaymentGateway,Health check passed: PaymentGateway,E102,Health check passed: {service}
45522,2026-01-13,10:15:47,INFO,OrderProcessor,Transaction tx896492 completed in 1279ms,E104,Transaction {tx} completed in {time}ms
45523,2026-01-13,10:02:07,INFO,PaymentGateway,Transaction tx938015 completed in 1808ms,E104,Transaction {tx} completed in {time}ms
45524,2026-01-13,10:17:40,INFO,PaymentGateway,Page view: /home by u1944,E103,Page view: {page} by {user}
45525,2026-01-13,10:38:53,INFO,AuthService,Transaction tx674686 completed in 1940ms,E104,Transaction {tx} completed in {time}ms
45526,2026-01-13,10:35:54,INFO,WebServer,Health check passed: WebServer,E102,Health check passed: {service}
45527,2026-01-13,10:58:32,INFO,AuthService,Page view: /home by u3842,E103,Page view: {page} by {user}
45528,2026-01-13,10:42:29,INFO,InventoryDB,Health check passed: InventoryDB,E102,Health check passed: {service}
45529,2026-01-13,10:34:14,INFO,OrderProcessor,User u4831 login successful,E101,User {user} login successful
45530,2026-01-13,10:05:21,INFO,WebServer,Transaction tx248511 completed in 1798ms,E104,Transaction {tx} completed in {time}ms
45531,2026-01-13,10:33:38,INFO,WebServer,User u3133 login successful,E101,User {user} login successful
45532,2026-01-13,10:50:37,INFO,WebServer,User u3555 login successful,E101,User {user} login successful
45533,2026-01-13,10:28:23,INFO,WebServer,Page view: /home by u1707,E103,Page view: {page} by {user}
45534,2026-01-13,10:46:30,INFO,WebServer,Page view: /home by u4949,E103,Page view: {page} by {user}
45535,2026-01-13,10:43:42,INFO,WebServer,User u4590 login successful,E101,User {user} login successful
45536,2026-01-13,10:31:55,INFO,WebServer,User u2093 login successful,E101,User {user} login successful
45537,2026-01-13,10:04:25,INFO,WebServer,Health check passed: WebServer,E102,Health check passed: {service}
45538,2026-01-13,10:48:34,INFO,AuthService,Page view: /home by u2072,E103,Page view: {page} by {user}
45539,2026-01-13,10:12:07,INFO,WebServer,Transaction tx715307 completed in 578ms,E104,Transaction {tx} completed in {time}ms
45540,2026-01-13,10:01:56,INFO,AuthService,Transaction tx660476 completed in 1343ms,E104,Transaction {tx} completed in {time}ms
45541,2026-01-13,10:02:38,INFO,WebServer,Transaction tx287133 completed in 686ms,E104,Transaction {tx} completed in {time}ms
45542,2026-01-13,10:56:56,INFO,PaymentGateway,Transaction tx247122 completed in 1670ms,E104,Transaction {tx} completed in {time}ms
45543,2026-01-13,10:43:54,INFO,WebServer,Page view: /home by u4993,E103,Page view: {page} by {user}
45544,2026-01-13,10:26:12,INFO,WebServer,User u1206 login successful,E101,User {user} login successful
45545,2026-01-13,10:46:28,INFO,OrderProcessor,Page view: /home by u1316,E103,Page view: {page} by {user}
45546,2026-01-13,10:33:36,INFO,WebServer,Transaction tx402926 completed in 431ms,E104,Transaction {tx} completed in {time}ms
45547,2026-01-13,10:05:24,INFO,PaymentGateway,Page view: /home by u4674,E103,Page view: {page} by {user}
45548,2026-01-13,10:02:44,INFO,AuthService,Page view: /home by u2937,E103,Page view: {page} by {user}
45549,2026-01-13,10:01:00,INFO,WebServer,User u2456 login successful,E101,User {user} login successful
45550,2026-01-13,10:56:05,WARN,InventoryDB,Unauthorized access attempt from 10.0.0.12,E401,Unauthorized access attempt from {ip}
45551,2026-01-13,10:44:27,INFO,WebServer,Transaction tx751861 completed in 1819ms,E104,Transaction {tx} completed in {time}ms
45552,2026-01-13,10:35:00,INFO,WebServer,Transaction tx513749 completed in 334ms,E104,Transaction {tx} completed in {time}ms
45553,2026-01-13,10:08:46,INFO,WebServer,Transaction tx499890 completed in 1313ms,E104,Transaction {tx} completed in {time}ms
45554,2026-01-13,10:58:19,INFO,PaymentGateway,User u2518 login successful,E101,User {user} login successful
45555,2026-01-13,10:26:57,INFO,PaymentGateway,Transaction tx525486 completed in 900ms,E104,Transaction {tx} completed in {time}ms
45556,2026-01-13,10:31:22,INFO,PaymentGateway,Health check passed: PaymentGateway,E102,Health check passed: {service}
45557,2026-01-13,10:28:06,INFO,WebServer,User u1347 login successful,E101,User {user} login successful
45558,2026-01-13,10:01:09,INFO,OrderProcessor,Page view: /home by u4415,E103,Page view: {page} by {user}
45559,2026-01-13,10:11:45,INFO,WebServer,Health check passed: WebServer,E102,Health check passed: {service}
45560,2026-01-13,10:10:38,INFO,WebServer,Transaction tx856359 completed in 809ms,E104,Transaction {tx} completed in {time}ms
45561,2026-01-13,10:53:59,INFO,AuthService,User u3494 login successful,E101,User {user} login successful
45562,2026-01-13,10:14:04,INFO,PaymentGateway,User u1443 login successful,E101,User {user} login successful
45563,2026-01-13,10:04:38,INFO,PaymentGateway,Transaction tx167913 completed in 1027ms,E104,Transaction {tx} completed in {time}ms
45564,2026-01-13,10:12:20,INFO,WebServer,Health check passed: WebServer,E102,Health check passed: {service}
45565,2026-01-13,10:22:28,INFO,AuthService,Page view: /home by u3287,E103,Page view: {page} by {user}
45566,2026-01-13,10:18:01,INFO,InventoryDB,Health check passed: InventoryDB,E102,Health check passed: {service}
45567,2026-01-13,10:11:46,WARN,WebServer,Unauthorized access attempt from 10.0.0.12,E401,Unauthorized access attempt from {ip}
45568,2026-01-13,10:22:18,INFO,WebServer,Health check passed: WebServer,E102,Health check passed: {service}
45569,2026-01-13,10:56:09,INFO,PaymentGateway,Page view: /home by u2964,E103,Page view: {page} by {user}
45570,2026-01-13,10:37:49,INFO,WebServer,Transaction tx560363 completed in 1487ms,E104,Transaction {tx} completed in {time}ms
45571,2026-01-13,10:57:30,INFO,AuthService,Transaction tx960849 completed in 584ms,E104,Transaction {tx} completed in {time}ms
45572,2026-01-13,10:17:39,INFO,OrderProcessor,User u2650 login successful,E101,User {user} login successful
45573,2026-01-13,10:30:33,INFO,WebServer,Health check passed: WebServer,E102,Health check passed: {service}
45574,2026-01-13,10:35:09,INFO,AuthService,Health check passed: AuthService,E102,Health check passed: {service}
45575,2026-01-13,10:02:57,INFO,WebServer,Transaction tx796468 completed in 693ms,E104,Transaction {tx} completed in {time}ms
45576,2026-01-13,10:48:16,INFO,AuthService,User u1275 login successful,E101,User {user} login successful
45577,2026-01-13,10:58:01,INFO,AuthService,User u4653 login successful,E101,User {user} login successful
45578,2026-01-13,10:45:53,INFO,WebServer,User u4644 login successful,E101,User {user} login successful
45579,2026-01-13,10:44:52,INFO,WebServer,Health check passed: WebServer,E102,Health check passed: {service}
45580,2026-01-13,10:08:05,INFO,PaymentGateway,Health check passed: PaymentGateway,E102,Health check passed: {service}
45581,2026-01-13,10:34:56,INFO,WebServer,Health check passed: WebServer,E102,Health check passed: {service}
45582,2026-01-13,10:25:04,INFO,AuthService,User u1320 login successful,E101,User {user} login successful
45583,2026-01-13,10:05:01,INFO,WebServer,User u2747 login successful,E101,User {user} login successful
45584,2026-01-13,10:15:42,INFO,OrderProcessor,Transaction tx271838 completed in 765ms,E104,Transaction {tx} completed in {time}ms
45585,2026-01-13,10:31:18,INFO,AuthService,Page view: /home by u2108,E103,Page view: {page} by {user}
45586,2026-01-13,10:11:13,INFO,InventoryDB,Health check passed: InventoryDB,E102,Health check passed: {service}
45587,2026-01-13,10:19:15,INFO,WebServer,Page view: /home by u2747,E103,Page view: {page} by {user}
45588,2026-01-13,10:17:58,INFO,WebServer,Health check passed: WebServer,E102,Health check passed: {service}
45589,2026-01-13,10:06:52,INFO,PaymentGateway,Health check passed: PaymentGateway,E102,Health check passed: {service}
45590,2026-01-13,10:37:56,INFO,OrderProcessor,Page view: /home by u4433,E103,Page view: {page} by {user}
45591,2026-01-13,10:00:22,INFO,WebServer,User u1961 login successful,E101,User {user} login successful
45592,2026-01-13,10:46:03,INFO,PaymentGateway,Transaction tx365571 completed in 1821ms,E104,Transaction {tx} completed in {time}ms
45593,2026-01-13,10:25:27,INFO,WebServer,Health check passed: WebServer,E102,Health check passed: {service}
45594,2026-01-13,10:05:14,INFO,WebServer,User u3082 login successful,E101,User {user} login successful
45595,2026-01-13,10:42:07,INFO,AuthService,Page view: /home by u2767,E103,Page view: {page} by {user}
45596,2026-01-13,10:52:02,INFO,AuthService,Transaction tx553131 completed in 1018ms,E104,Transaction {tx} completed in {time}ms
45597,2026-01-13,10:23:19,INFO,OrderProcessor,Page view: /home by u1161,E103,Page view: {page} by {user}
45598,2026-01-13,10:48:02,INFO,WebServer,Page view: /home by u4820,E103,Page view: {page} by {user}
45599,2026-01-13,10:16:59,INFO,PaymentGateway,Page view: /home by u2145,E103,Page view: {page} by {user}
45600,2026-01-13,10:20:54,INFO,WebServer,User u3372 login successful,E101,User {user} login successful
45601,2026-01-13,10:39:00,INFO,WebServer,User u4598 login successful,E101,User {user} login successful
45602,2026-01-13,10:00:22,INFO,WebServer,User u2621 login successful,E101,User {user} login successful
45603,2026-01-13,10:36:06,INFO,WebServer,Page view: /home by u2219,E103,Page view: {page} by {user}
45604,2026-01-13,10:49:18,INFO,WebServer,User u2595 login successful,E101,User {user} login successful
45605,2026-01-13,10:06:10,INFO,WebServer,Transaction tx462967 completed in 184ms,E104,Transaction {tx} completed in {time}ms
45606,2026-01-13,10:54:12,INFO,OrderProcessor,Transaction tx364703 completed in 1039ms,E104,Transaction {tx} completed in {time}ms
45607,2026-01-13,10:22:07,INFO,PaymentGateway,Health check passed: PaymentGateway,E102,Health check passed: {service}
45608,2026-01-13,10:33:15,INFO,WebServer,User u1817 login successful,E101,User {user} login successful
45609,2026-01-13,10:55:59,INFO,WebServer,Health check passed: WebServer,E102,Health check passed: {service}
45610,2026-01-13,10:56:15,INFO,WebServer,Transaction tx255793 completed in 1305ms,E104,Transaction {tx} completed in {time}ms
45611,2026-01-13,10:47:06,INFO,WebServer,Transaction tx108281 completed in 950ms,E104,Transaction {tx} completed in {time}ms
45612,2026-01-13,10:34:36,INFO,AuthService,Page view: /home by u4157,E103,Page view: {page} by {user}
45613,2026-01-13,10:05:26,INFO,WebServer,User u1845 login successful,E101,User {user} login successful
45614,2026-01-13,10:21:05,INFO,WebServer,User u4838 login successful,E101,User {user} login successful
45615,2026-01-13,10:03:55,INFO,OrderProcessor,User u3947 login successful,E101,User {user} login successful
45616,2026-01-13,10:18:21,INFO,AuthService,User u4556 login successful,E101,User {user} login successful
45617,2026-01-13,10:14:48,INFO,InventoryDB,Transaction tx508849 completed in 651ms,E104,Transaction {tx} completed in {time}ms
45618,2026-01-13,10:50:08,INFO,WebServer,Transaction tx420580 completed in 1397ms,E104,Transaction {tx} completed in {time}ms
45619,2026-01-13,10:53:28,INFO,AuthService,User u2292 login successful,E101,User {user} login successful
45620,2026-01-13,10:21:35,INFO,InventoryDB,Transaction tx812930 completed in 1469ms,E104,Transaction {tx} completed in {time}ms
45621,2026-01-13,10:57:01,INFO,OrderProcessor,Transaction tx409314 completed in 1742ms,E104,Transaction {tx} completed in {time}ms
45622,2026-01-13,10:34:11,INFO,WebServer,Page view: /home by u3023,E103,Page view: {page} by {user}
45623,2026-01-13,10:23:04,INFO,WebServer,Page view: /home by u1661,E103,Page view: {page} by {user}
45624,2026-01-13,10:29:34,INFO,WebServer,Page view: /home by u1452,E103,Page view: {page} by {user}
45625,2026-01-13,10:53:43,INFO,PaymentGateway,Transaction tx268413 completed in 97ms,E104,Transaction {tx} completed in {time}ms
45626,2026-01-13,10:12:52,WARN,WebServer,High latency (590ms) detected on WebServer,E201,High latency ({time}ms) detected on {service}
45627,2026-01-13,10:01:18,INFO,WebServer,Page view: /home by u4963,E103,Page view: {page} by {user}
45628,2026-01-13,10:40:36,INFO,WebServer,User u4294 login successful,E101,User {user} login successful
45629,2026-01-13,10:07:51,INFO,PaymentGateway,Health check passed: PaymentGateway,E102,Health check passed: {service}
45630,2026-01-13,10:21:21,INFO,WebServer,Transaction tx157874 completed in 730ms,E104,Transaction {tx} completed in {time}ms
45631,2026-01-13,10:30:57,INFO,WebServer,Page view: /home by u3374,E103,Page view: {page} by {user}
45632,2026-01-13,10:40:48,WARN,WebServer,High latency (1849ms) detected on WebServer,E201,High latency ({time}ms) detected on {service}
45633,2026-01-13,10:14:51,INFO,OrderProcessor,Transaction tx103962 completed in 674ms,E104,Transaction {tx} completed in {time}ms
45634,2026-01-13,10:15:20,INFO,PaymentGateway,Transaction tx993069 completed in 691ms,E104,Transaction {tx} completed in {time}ms
45635,2026-01-13,10:11:28,INFO,AuthService,Transaction tx907148 completed in 1890ms,E104,Transaction {tx} completed in {time}ms
45636,2026-01-13,10:46:43,INFO,OrderProcessor,Health check passed: OrderProcessor,E102,Health check passed: {service}
45637,2026-01-13,10:08:14,INFO,OrderProcessor,Page view: /home by u3795,E103,Page view: {page} by {user}
45638,2026-01-13,10:37:46,INFO,WebServer,Transaction tx134396 completed in 356ms,E104,Transaction {tx} completed in {time}ms
45639,2026-01-13,10:17:00,INFO,WebServer,User u3923 login successful,E101,User {user} login successful
45640,2026-01-13,10:18:44,INFO,OrderProcessor,User u4681 login successful,E101,User {user} login successful
45641,2026-01-13,10:07:57,INFO,PaymentGateway,Transaction tx171336 completed in 1431ms,E104,Transaction {tx} completed in {time}ms
45642,2026-01-13,10:00:41,INFO,InventoryDB,Health check passed: InventoryDB,E102,Health check passed: {service}
45643,2026-01-13,10:43:39,INFO,OrderProcessor,Page view: /home by u4533,E103,Page view: {page} by {user}
45644,2026-01-13,10:45:18,INFO,OrderProcessor,User u2444 login successful,E101,User {user} login successful
45645,2026-01-13,10:10:53,INFO,OrderProcessor,Transaction tx518183 completed in 1297ms,E104,Transaction {tx} completed in {time}ms
45646,2026-01-13,10:09:38,INFO,PaymentGateway,Page view: /home by u2674,E103,Page view: {page} by {user}
45647,2026-01-13,10:59:18,INFO,AuthService,Transaction tx427026 completed in 1973ms,E104,Transaction {tx} completed in {time}ms
45648,2026-01-13,10:52:23,ERROR,WebServer,Payment declined: Gateway unavailable,E503,Payment declined: Gateway unavailable
45649,2026-01-13,10:42:58,INFO,AuthService,Page view: /home by u4704,E103,Page view: {page} by {user}
45650,2026-01-13,10:38:17,WARN,AuthService,Unauthorized access attempt from 10.0.0.88,E401,Unauthorized access attempt from {ip}
45651,2026-01-13,10:19:57,INFO,PaymentGateway,Page view: /home by u2480,E103,Page view: {page} by {user}
45652,2026-01-13,10:20:08,WARN,WebServer,Disk usage > 85% on node node-5,E202,Disk usage > 85% on node {node}
45653,2026-01-13,10:25:56,INFO,WebServer,User u3353 login successful,E101,User {user} login successful
45654,2026-01-13,10:29:07,INFO,WebServer,Health check passed: WebServer,E102,Health check passed: {service}
45655,2026-01-13,10:40:16,INFO,WebServer,Transaction tx553586 completed in 1476ms,E104,Transaction {tx} completed in {time}ms
45656,2026-01-13,10:20:45,INFO,OrderProcessor,User u2607 login successful,E101,User {user} login successful
45657,2026-01-13,10:42:33,INFO,WebServer,Transaction tx557986 completed in 1106ms,E104,Transaction {tx} completed in {time}ms
45658,2026-01-13,10:33:33,INFO,AuthService,Page view: /home by u4708,E103,Page view: {page} by {user}
45659,2026-01-13,10:10:04,INFO,OrderProcessor,Transaction tx321115 completed in 177ms,E104,Transaction {tx} completed in {time}ms
45660,2026-01-13,10:32:40,INFO,OrderProcessor,Transaction tx479997 completed in 1073ms,E104,Transaction {tx} completed in {time}ms
45661,2026-01-13,10:05:44,INFO,PaymentGateway,User u3002 login successful,E101,User {user} login successful
45662,2026-01-13,10:54:40,WARN,WebServer,High latency (1981ms) detected on WebServer,E201,High latency ({time}ms) detected on {service}
45663,2026-01-13,10:21:47,INFO,WebServer,Transaction tx120606 completed in 1703ms,E104,Transaction {tx} completed in {time}ms
45664,2026-01-13,10:13:51,INFO,AuthService,Health check passed: AuthService,E102,Health check passed: {service}
45665,2026-01-13,10:46:33,INFO,WebServer,Health check passed: WebServer,E102,Health check passed: {service}
45666,2026-01-13,10:23:49,CRITICAL,WebServer,KERNEL PANIC: Node node-5 crashed,E601,KERNEL PANIC: Node {node} crashed
45667,2026-01-13,10:45:19,INFO,WebServer,User u2486 login successful,E101,User {user} login successful
45668,2026-01-13,10:30:44,INFO,OrderProcessor,Page view: /home by u1301,E103,Page view: {page} by {user}
45669,2026-01-13,10:25:10,INFO,OrderProcessor,Health check passed: OrderProcessor,E102,Health check passed: {service}
45670,2026-01-13,10:22:30,WARN,WebServer,High latency (920ms) detected on WebServer,E201,High latency ({time}ms) detected on {service}
45671,2026-01-13,10:21:59,INFO,PaymentGateway,Page view: /home by u2363,E103,Page view: {page} by {user}
45672,2026-01-13,10:38:53,INFO,WebServer,Health check passed: WebServer,E102,Health check passed: {service}
45673,2026-01-13,10:56:11,INFO,WebServer,Transaction tx177643 completed in 1465ms,E104,Transaction {tx} completed in {time}ms
45674,2026-01-13,10:11:11,INFO,WebServer,User u2358 login successful,E101,User {user} login successful
45675,2026-01-13,10:20:13,INFO,OrderProcessor,Health check passed: OrderProcessor,E102,Health check passed: {service}
45676,2026-01-13,10:44:03,INFO,PaymentGateway,Page view: /home by u4494,E103,Page view: {page} by {user}
45677,2026-01-13,10:04:41,INFO,WebServer,User u4482 login successful,E101,User {user} login successful
45678,2026-01-13,10:42:46,INFO,AuthService,Transaction tx421969 completed in 316ms,E104,Transaction {tx} completed in {time}ms
45679,2026-01-13,10:51:55,INFO,WebServer,User u1996 login successful,E101,User {user} login successful
45680,2026-01-13,10:19:13,INFO,PaymentGateway,Transaction tx509575 completed in 240ms,E104,Transaction {tx} completed in {time}ms
45681,2026-01-13,10:15:51,INFO,WebServer,User u4660 login successful,E101,User {user} login successful
45682,2026-01-13,10:14:40,INFO,WebServer,User u2418 login successful,E101,User {user} login successful
45683,2026-01-13,10:24:19,INFO,InventoryDB,Health check passed: InventoryDB,E102,Health check passed: {service}
45684,2026-01-13,10:33:15,INFO,WebServer,User u4314 login successful,E101,User {user} login successful
45685,2026-01-13,10:27:08,WARN,WebServer,High latency (1689ms) detected on WebServer,E201,High latency ({time}ms) detected on {service}
45686,2026-01-13,10:13:06,CRITICAL,PaymentGateway,DATA CORRUPTION detected in sector 890,E602,DATA CORRUPTION detected in sector {sector}
45687,2026-01-13,10:14:44,CRITICAL,WebServer,DATA CORRUPTION detected in sector 500,E602,DATA CORRUPTION detected in sector {sector}
45688,2026-01-13,10:03:11,INFO,WebServer,User u3449 login successful,E101,User {user} login successful
45689,2026-01-13,10:34:03,INFO,WebServer,Transaction tx386224 completed in 1254ms,E104,Transaction {tx} completed in {time}ms
45690,2026-01-13,10:27:06,INFO,WebServer,Page view: /home by u3283,E103,Page view: {page} by {user}
45691,2026-01-13,10:31:25,INFO,WebServer,Health check passed: WebServer,E102,Health check passed: {service}
45692,2026-01-13,10:19:30,INFO,WebServer,Transaction tx421039 completed in 1029ms,E104,Transaction {tx} completed in {time}ms
45693,2026-01-13,10:11:44,INFO,WebServer,Page view: /home by u2339,E103,Page view: {page} by {user}
45694,2026-01-13,10:32:12,INFO,PaymentGateway,Health check passed: PaymentGateway,E102,Health check passed: {service}
45695,2026-01-13,10:11:25,INFO,AuthService,Health check passed: AuthService,E102,Health check passed: {service}
45696,2026-01-13,10:32:23,INFO,PaymentGateway,Health check passed: PaymentGateway,E102,Health check passed: {service}
45697,2026-01-13,10:41:10,INFO,AuthService,Page view: /home by u2020,E103,Page view: {page} by {user}
45698,2026-01-13,10:40:51,INFO,OrderProcessor,Transaction tx840932 completed in 1507ms,E104,Transaction {tx} completed in {time}ms
45699,2026-01-13,10:16:30,INFO,WebServer,User u4442 login successful,E101,User {user} login successful
45700,2026-01-13,10:12:59,INFO,WebServer,Health check passed: WebServer,E102,Health check passed: {service}
45701,2026-01-13,10:27:23,INFO,WebServer,Page view: /home by u3101,E103,Page view: {page} by {user}
45702,2026-01-13,10:45:03,INFO,InventoryDB,Transaction tx972425 completed in 1516ms,E104,Transaction {tx} completed in {time}ms
45703,2026-01-13,10:00:32,INFO,PaymentGateway,User u1576 login successful,E101,User {user} login successful
45704,2026-01-13,10:33:20,INFO,WebServer,Health check passed: WebServer,E102,Health check passed: {service}
45705,2026-01-13,10:56:32,INFO,PaymentGateway,User u3055 login successful,E101,User {user} login successful
45706,2026-01-13,10:40:41,INFO,WebServer,Transaction tx257739 completed in 1320ms,E104,Transaction {tx} completed in {time}ms
45707,2026-01-13,10:06:38,WARN,OrderProcessor,Unauthorized access attempt from 10.0.0.45,E401,Unauthorized access attempt from {ip}
45708,2026-01-13,10:45:39,INFO,WebServer,Transaction tx935187 completed in 821ms,E104,Transaction {tx} completed in {time}ms
45709,2026-01-13,10:33:15,INFO,WebServer,User u4094 login successful,E101,User {user} login successful
45710,2026-01-13,10:22:47,INFO,WebServer,Health check passed: WebServer,E102,Health check passed: {service}
45711,2026-01-13,10:23:33,INFO,WebServer,User u4766 login successful,E101,User {user} login successful
45712,2026-01-13,10:51:33,INFO,AuthService,User u1751 login successful,E101,User {user} login successful
45713,2026-01-13,10:45:00,INFO,OrderProcessor,Page view: /home by u3003,E103,Page view: {page} by {user}
45714,2026-01-13,10:44:41,INFO,WebServer,Page view: /home by u2677,E103,Page view: {page} by {user}
45715,2026-01-13,10:28:57,INFO,AuthService,User u2213 login successful,E101,User {user} login successful
45716,2026-01-13,10:57:39,INFO,WebServer,Health check passed: WebServer,E102,Health check passed: {service}
45717,2026-01-13,10:23:35,INFO,PaymentGateway,Transaction tx519330 completed in 515ms,E104,Transaction {tx} completed in {time}ms
45718,2026-01-13,10:45:55,INFO,AuthService,User u1295 login successful,E101,User {user} login successful
45719,2026-01-13,10:12:44,INFO,WebServer,Page view: /home by u1471,E103,Page view: {page} by {user}
45720,2026-01-13,10:37:05,INFO,AuthService,Page view: /home by u4822,E103,Page view: {page} by {user}
45721,2026-01-13,10:36:30,INFO,AuthService,User u3376 login successful,E101,User {user} login successful
45722,2026-01-13,10:31:00,INFO,WebServer,Transaction tx607928 completed in 1862ms,E104,Transaction {tx} completed in {time}ms
45723,2026-01-13,10:27:03,INFO,WebServer,Page view: /home by u4167,E103,Page view: {page} by {user}
45724,2026-01-13,10:32:35,INFO,AuthService,User u4109 login successful,E101,User {user} login successful
45725,2026-01-13,10:18:51,INFO,WebServer,Health check passed: WebServer,E102,Health check passed: {service}
45726,2026-01-13,10:45:25,INFO,InventoryDB,Transaction tx843423 completed in 759ms,E104,Transaction {tx} completed in {time}ms
45727,2026-01-13,10:07:44,WARN,PaymentGateway,Unauthorized access attempt from 10.0.0.99,E401,Unauthorized access attempt from {ip}
45728,2026-01-13,10:55:04,WARN,WebServer,Unauthorized access attempt from 10.0.0.88,E401,Unauthorized access attempt from {ip}
45729,2026-01-13,10:00:20,INFO,WebServer,Transaction tx891202 completed in 1512ms,E104,Transaction {tx} completed in {time}ms
45730,2026-01-13,10:00:07,INFO,OrderProcessor,Health check passed: OrderProcessor,E102,Health check passed: {service}
45731,2026-01-13,10:57:29,INFO,WebServer,Health check passed: WebServer,E102,Health check passed: {service}
45732,2026-01-13,10:09:34,CRITICAL,OrderProcessor,DATA CORRUPTION detected in sector 463,E602,DATA CORRUPTION detected in sector {sector}
45733,2026-01-13,10:15:05,INFO,WebServer,Transaction tx357257 completed in 488ms,E104,Transaction {tx} completed in {time}ms
45734,2026-01-13,10:17:19,INFO,WebServer,User u3837 login successful,E101,User {user} login successful
45735,2026-01-13,10:42:00,INFO,AuthService,User u1575 login successful,E101,User {user} login successful
45736,2026-01-13,10:56:22,INFO,OrderProcessor,User u3707 login successful,E101,User {user} login successful
45737,2026-01-13,10:38:59,INFO,AuthService,Page view: /home by u3733,E103,Page view: {page} by {user}
45738,2026-01-13,10:21:20,INFO,OrderProcessor,Page view: /home by u3545,E103,Page view: {page} by {user}
45739,2026-01-13,10:43:43,ERROR,AuthService,Payment declined: Gateway unavailable,E503,Payment declined: Gateway unavailable
45740,2026-01-13,10:15:25,WARN,PaymentGateway,High latency (284ms) detected on PaymentGateway,E201,High latency ({time}ms) detected on {service}
45741,2026-01-13,10:22:45,INFO,PaymentGateway,Page view: /home by u1358,E103,Page view: {page} by {user}
45742,2026-01-13,10:17:38,INFO,AuthService,Page view: /home by u3211,E103,Page view: {page} by {user}
45743,2026-01-13,10:46:12,INFO,WebServer,Transaction tx644005 completed in 994ms,E104,Transaction {tx} completed in {time}ms
45744,2026-01-13,10:24:19,INFO,AuthService,Health check passed: AuthService,E102,Health check passed: {service}
45745,2026-01-13,10:17:03,INFO,OrderProcessor,Health check passed: OrderProcessor,E102,Health check passed: {service}
45746,2026-01-13,10:51:44,INFO,WebServer,Page view: /home by u2982,E103,Page view: {page} by {user}
45747,2026-01-13,10:33:46,INFO,AuthService,User u4253 login successful,E101,User {user} login successful
45748,2026-01-13,10:45:30,INFO,WebServer,Transaction tx651026 completed in 1166ms,E104,Transaction {tx} completed in {time}ms
45749,2026-01-13,10:03:33,INFO,WebServer,User u3228 login successful,E101,User {user} login successful
45750,2026-01-13,10:01:45,INFO,WebServer,User u1146 login successful,E101,User {user} login successful
45751,2026-01-13,10:11:35,INFO,OrderProcessor,Health check passed: OrderProcessor,E102,Health check passed: {service}
45752,2026-01-13,10:04:52,WARN,PaymentGateway,Unauthorized access attempt from 10.0.0.45,E401,Unauthorized access attempt from {ip}
45753,2026-01-13,10:28:36,INFO,OrderProcessor,Health check passed: OrderProcessor,E102,Health check passed: {service}
45754,2026-01-13,10:14:36,WARN,OrderProcessor,High latency (1544ms) detected on OrderProcessor,E201,High latency ({time}ms) detected on {service}
45755,2026-01-13,10:05:48,INFO,WebServer,User u1143 login successful,E101,User {user} login successful
45756,2026-01-13,10:36:17,INFO,WebServer,Health check passed: WebServer,E102,Health check passed: {service}
45757,2026-01-13,10:18:09,INFO,WebServer,Transaction tx582824 completed in 632ms,E104,Transaction {tx} completed in {time}ms
45758,2026-01-13,10:15:49,INFO,WebServer,Health check passed: WebServer,E102,Health check passed: {service}
45759,2026-01-13,10:52:32,WARN,WebServer,Unauthorized access attempt from 10.0.0.45,E401,Unauthorized access attempt from {ip}
45760,2026-01-13,10:02:27,INFO,AuthService,User u2583 login successful,E101,User {user} login successful
45761,2026-01-13,10:21:53,INFO,PaymentGateway,Page view: /home by u4742,E103,Page view: {page} by {user}
45762,2026-01-13,10:22:14,INFO,WebServer,Health check passed: WebServer,E102,Health check passed: {service}
45763,2026-01-13,10:01:19,INFO,WebServer,User u3855 login successful,E101,User {user} login successful
45764,2026-01-13,10:11:34,INFO,WebServer,User u2681 login successful,E101,User {user} login successful
45765,2026-01-13,10:13:46,WARN,WebServer,High latency (1029ms) detected on WebServer,E201,High latency ({time}ms) detected on {service}
45766,2026-01-13,10:27:01,INFO,OrderProcessor,Page view: /home by u2424,E103,Page view: {page} by {user}
45767,2026-01-13,10:07:22,INFO,WebServer,Transaction tx831795 completed in 1506ms,E104,Transaction {tx} completed in {time}ms
45768,2026-01-13,10:55:17,INFO,WebServer,Health check passed: WebServer,E102,Health check passed: {service}
45769,2026-01-13,10:46:06,INFO,WebServer,User u3689 login successful,E101,User {user} login successful
45770,2026-01-13,10:30:34,INFO,WebServer,User u4083 login successful,E101,User {user} login successful
45771,2026-01-13,10:42:42,INFO,WebServer,Transaction tx820565 completed in 398ms,E104,Transaction {tx} completed in {time}ms
45772,2026-01-13,10:08:06,INFO,AuthService,Page view: /home by u4077,E103,Page view: {page} by {user}
45773,2026-01-13,10:06:26,INFO,AuthService,User u2940 login successful,E101,User {user} login successful
45774,2026-01-13,10:44:24,WARN,OrderProcessor,Unauthorized access attempt from 10.0.0.45,E401,Unauthorized access attempt from {ip}
45775,2026-01-13,10:27:44,INFO,OrderProcessor,Transaction tx703934 completed in 1246ms,E104,Transaction {tx} completed in {time}ms
45776,2026-01-13,10:44:21,INFO,WebServer,Health check passed: WebServer,E102,Health check passed: {service}
45777,2026-01-13,10:53:40,INFO,WebServer,Page view: /home by u2398,E103,Page view: {page} by {user}
45778,2026-01-13,10:09:55,INFO,WebServer,Health check passed: WebServer,E102,Health check passed: {service}
45779,2026-01-13,10:07:20,INFO,OrderProcessor,Page view: /home by u2451,E103,Page view: {page} by {user}
45780,2026-01-13,10:07:02,INFO,InventoryDB,Page view: /home by u1485,E103,Page view: {page} by {user}
45781,2026-01-13,10:19:31,INFO,PaymentGateway,User u1121 login successful,E101,User {user} login successful
45782,2026-01-13,10:52:17,INFO,PaymentGateway,Transaction tx452692 completed in 1645ms,E104,Transaction {tx} completed in {time}ms
45783,2026-01-13,10:17:30,INFO,AuthService,Page view: /home by u2951,E103,Page view: {page} by {user}
45784,2026-01-13,10:35:26,INFO,WebServer,User u4995 login successful,E101,User {user} login successful
45785,2026-01-13,10:06:20,INFO,WebServer,Transaction tx758071 completed in 201ms,E104,Transaction {tx} completed in {time}ms
45786,2026-01-13,10:09:05,INFO,WebServer,Transaction tx493747 completed in 1662ms,E104,Transaction {tx} completed in {time}ms
45787,2026-01-13,10:27:08,INFO,WebServer,Health check passed: WebServer,E102,Health check passed: {service}
45788,2026-01-13,10:27:06,INFO,WebServer,Transaction tx668210 completed in 744ms,E104,Transaction {tx} completed in {time}ms
45789,2026-01-13,10:52:43,INFO,WebServer,Transaction tx733368 completed in 349ms,E104,Transaction {tx} completed in {time}ms
45790,2026-01-13,10:12:30,WARN,WebServer,Unauthorized access attempt from 10.0.0.88,E401,Unauthorized access attempt from {ip}
45791,2026-01-13,10:06:16,INFO,PaymentGateway,User u2216 login successful,E101,User {user} login successful
45792,2026-01-13,10:03:43,INFO,WebServer,User u1310 login successful,E101,User {user} login successful
45793,2026-01-13,10:17:47,WARN,WebServer,Disk usage > 85% on node node-3,E202,Disk usage > 85% on node {node}
45794,2026-01-13,10:24:42,INFO,OrderProcessor,Page view: /home by u4064,E103,Page view: {page} by {user}
45795,2026-01-13,10:11:34,INFO,WebServer,Page view: /home by u4570,E103,Page view: {page} by {user}
45796,2026-01-13,10:36:54,INFO,WebServer,User u1931 login successful,E101,User {user} login successful
45797,2026-01-13,10:54:20,INFO,PaymentGateway,User u2042 login successful,E101,User {user} login successful
45798,2026-01-13,10:06:45,INFO,AuthService,User u3412 login successful,E101,User {user} login successful
45799,2026-01-13,10:22:37,INFO,InventoryDB,Transaction tx504327 completed in 1624ms,E104,Transaction {tx} completed in {time}ms
45800,2026-01-13,10:41:40,INFO,WebServer,Health check passed: WebServer,E102,Health check passed: {service}
45801,2026-01-13,10:22:06,INFO,InventoryDB,Page view: /home by u2529,E103,Page view: {page} by {user}
45802,2026-01-13,10:52:32,INFO,WebServer,Page view: /home by u1950,E103,Page view: {page} by {user}
45803,2026-01-13,10:10:34,INFO,WebServer,Transaction tx790897 completed in 1255ms,E104,Transaction {tx} completed in {time}ms
45804,2026-01-13,10:41:53,INFO,WebServer,Page view: /home by u3050,E103,Page view: {page} by {user}
45805,2026-01-13,10:56:02,INFO,WebServer,Transaction tx454132 completed in 1617ms,E104,Transaction {tx} completed in {time}ms
45806,2026-01-13,10:11:40,INFO,OrderProcessor,Page view: /home by u3784,E103,Page view: {page} by {user}
45807,2026-01-13,10:00:52,INFO,WebServer,Transaction tx686795 completed in 965ms,E104,Transaction {tx} completed in {time}ms
45808,2026-01-13,10:48:13,INFO,OrderProcessor,Health check passed: OrderProcessor,E102,Health check passed: {service}
45809,2026-01-13,10:33:37,INFO,WebServer,Health check passed: WebServer,E102,Health check passed: {service}
45810,2026-01-13,10:17:42,INFO,AuthService,Page view: /home by u2813,E103,Page view: {page} by {user}
45811,2026-01-13,10:56:03,INFO,OrderProcessor,Health check passed: OrderProcessor,E102,Health check passed: {service}
45812,2026-01-13,10:37:09,INFO,WebServer,Transaction tx965487 completed in 392ms,E104,Transaction {tx} completed in {time}ms
45813,2026-01-13,10:51:58,INFO,OrderProcessor,User u3516 login successful,E101,User {user} login successful
45814,2026-01-13,10:12:08,INFO,OrderProcessor,Transaction tx903667 completed in 428ms,E104,Transaction {tx} completed in {time}ms
45815,2026-01-13,10:27:52,INFO,OrderProcessor,Health check passed: OrderProcessor,E102,Health check passed: {service}
45816,2026-01-13,10:00:35,INFO,InventoryDB,User u4806 login successful,E101,User {user} login successful
45817,2026-01-13,10:42:43,INFO,WebServer,Page view: /home by u1425,E103,Page view: {page} by {user}
45818,2026-01-13,10:06:32,INFO,WebServer,Page view: /home by u3096,E103,Page view: {page} by {user}
45819,2026-01-13,10:42:02,INFO,OrderProcessor,Transaction tx987238 completed in 1497ms,E104,Transaction {tx} completed in {time}ms
45820,2026-01-13,10:40:37,INFO,WebServer,User u3480 login successful,E101,User {user} login successful
45821,2026-01-13,10:20:59,INFO,WebServer,Transaction tx212866 completed in 227ms,E104,Transaction {tx} completed in {time}ms
45822,2026-01-13,10:08:18,INFO,WebServer,Health check passed: WebServer,E102,Health check passed: {service}
45823,2026-01-13,10:40:41,INFO,AuthService,Transaction tx215797 completed in 1707ms,E104,Transaction {tx} completed in {time}ms
45824,2026-01-13,10:56:57,INFO,WebServer,Transaction tx958455 completed in 283ms,E104,Transaction {tx} completed in {time}ms
45825,2026-01-13,10:44:31,INFO,WebServer,Page view: /home by u2599,E103,Page view: {page} by {user}
45826,2026-01-13,10:03:23,INFO,InventoryDB,User u2766 login successful,E101,User {user} login successful
45827,2026-01-13,10:25:34,WARN,WebServer,High latency (1728ms) detected on WebServer,E201,High latency ({time}ms) detected on {service}
45828,2026-01-13,10:47:50,INFO,WebServer,Page view: /home by u3173,E103,Page view: {page} by {user}
45829,2026-01-13,10:13:52,INFO,PaymentGateway,Health check passed: PaymentGateway,E102,Health check passed: {service}
45830,2026-01-13,10:55:10,INFO,WebServer,User u1606 login successful,E101,User {user} login successful
45831,2026-01-13,10:59:26,INFO,AuthService,Health check passed: AuthService,E102,Health check passed: {service}
45832,2026-01-13,10:27:27,INFO,AuthService,User u1220 login successful,E101,User {user} login successful
45833,2026-01-13,10:42:02,ERROR,PaymentGateway,Timeout waiting for lock on InventoryDB,E502,Timeout waiting for lock on {db}
45834,2026-01-13,10:22:53,INFO,WebServer,Health check passed: WebServer,E102,Health check passed: {service}
45835,2026-01-13,10:21:37,INFO,WebServer,Transaction tx600371 completed in 1635ms,E104,Transaction {tx} completed in {time}ms
45836,2026-01-13,10:13:52,INFO,WebServer,Health check passed: WebServer,E102,Health check passed: {service}
45837,2026-01-13,10:06:49,INFO,InventoryDB,Health check passed: InventoryDB,E102,Health check passed: {service}
45838,2026-01-13,10:51:52,INFO,OrderProcessor,User u2961 login successful,E101,User {user} login successful
45839,2026-01-13,10:15:29,ERROR,AuthService,Payment declined: Gateway unavailable,E503,Payment declined: Gateway unavailable
45840,2026-01-13,10:24:56,INFO,OrderProcessor,User u1881 login successful,E101,User {user} login successful
45841,2026-01-13,10:23:08,INFO,OrderProcessor,Transaction tx252683 completed in 1518ms,E104,Transaction {tx} completed in {time}ms
45842,2026-01-13,10:15:36,INFO,WebServer,User u2816 login successful,E101,User {user} login successful
45843,2026-01-13,10:10:41,INFO,PaymentGateway,Health check passed: PaymentGateway,E102,Health check passed: {service}
45844,2026-01-13,10:44:00,INFO,WebServer,Health check passed: WebServer,E102,Health check passed: {service}
45845,2026-01-13,10:22:50,INFO,OrderProcessor,Health check passed: OrderProcessor,E102,Health check passed: {service}
45846,2026-01-13,10:46:32,INFO,OrderProcessor,Health check passed: OrderProcessor,E102,Health check passed: {service}
45847,2026-01-13,10:26:48,INFO,WebServer,Page view: /home by u3377,E103,Page view: {page} by {user}
45848,2026-01-13,10:07:28,WARN,WebServer,Unauthorized access attempt from 10.0.0.45,E401,Unauthorized access attempt from {ip}
45849,2026-01-13,10:13:37,INFO,WebServer,User u1548 login successful,E101,User {user} login successful
45850,2026-01-13,10:31:48,INFO,PaymentGateway,Health check passed: PaymentGateway,E102,Health check passed: {service}
45851,2026-01-13,10:26:52,INFO,PaymentGateway,Transaction tx778784 completed in 891ms,E104,Transaction {tx} completed in {time}ms
45852,2026-01-13,10:43:36,INFO,OrderProcessor,Health check passed: OrderProcessor,E102,Health check passed: {service}
45853,2026-01-13,10:35:35,INFO,InventoryDB,User u2512 login successful,E101,User {user} login successful
45854,2026-01-13,10:29:41,INFO,AuthService,User u2506 login successful,E101,User {user} login successful
45855,2026-01-13,10:05:49,INFO,WebServer,Health check passed: WebServer,E102,Health check passed: {service}
45856,2026-01-13,10:21:32,INFO,AuthService,Health check passed: AuthService,E102,Health check passed: {service}
45857,2026-01-13,10:41:22,INFO,WebServer,Transaction tx795569 completed in 1636ms,E104,Transaction {tx} completed in {time}ms
45858,2026-01-13,10:15:50,INFO,WebServer,User u4291 login successful,E101,User {user} login successful
45859,2026-01-13,10:14:05,INFO,PaymentGateway,User u1981 login successful,E101,User {user} login successful
45860,2026-01-13,10:39:28,INFO,WebServer,User u4853 login successful,E101,User {user} login successful
45861,2026-01-13,10:38:39,INFO,PaymentGateway,User u1841 login successful,E101,User {user} login successful
45862,2026-01-13,10:56:14,INFO,InventoryDB,User u4526 login successful,E101,User {user} login successful
45863,2026-01-13,10:00:03,INFO,OrderProcessor,Transaction tx847574 completed in 268ms,E104,Transaction {tx} completed in {time}ms
45864,2026-01-13,10:23:58,INFO,OrderProcessor,Transaction tx184540 completed in 286ms,E104,Transaction {tx} completed in {time}ms
45865,2026-01-13,10:14:31,INFO,AuthService,User u4658 login successful,E101,User {user} login successful
45866,2026-01-13,10:48:20,INFO,PaymentGateway,User u4644 login successful,E101,User {user} login successful
45867,2026-01-13,10:43:31,INFO,AuthService,Health check passed: AuthService,E102,Health check passed: {service}
45868,2026-01-13,10:32:22,INFO,WebServer,Health check passed: WebServer,E102,Health check passed: {service}
45869,2026-01-13,10:58:56,INFO,OrderProcessor,Page view: /home by u1747,E103,Page view: {page} by {user}
45870,2026-01-13,10:50:37,INFO,PaymentGateway,User u3384 login successful,E101,User {user} login successful
45871,2026-01-13,10:09:28,INFO,PaymentGateway,Health check passed: PaymentGateway,E102,Health check passed: {service}
45872,2026-01-13,10:44:51,INFO,WebServer,Transaction tx590747 completed in 140ms,E104,Transaction {tx} completed in {time}ms
45873,2026-01-13,10:04:26,INFO,WebServer,User u2183 login successful,E101,User {user} login successful
45874,2026-01-13,10:59:29,INFO,OrderProcessor,User u2248 login successful,E101,User {user} login successful
45875,2026-01-13,10:01:59,WARN,OrderProcessor,High latency (1239ms) detected on OrderProcessor,E201,High latency ({time}ms) detected on {service}
45876,2026-01-13,10:20:43,INFO,PaymentGateway,Transaction tx914824 completed in 1744ms,E104,Transaction {tx} completed in {time}ms
45877,2026-01-13,10:18:09,INFO,WebServer,Health check passed: WebServer,E102,Health check passed: {service}
45878,2026-01-13,10:11:14,INFO,WebServer,Page view: /home by u4206,E103,Page view: {page} by {user}
45879,2026-01-13,10:31:41,INFO,WebServer,Transaction tx898822 completed in 1102ms,E104,Transaction {tx} completed in {time}ms
45880,2026-01-13,10:44:34,WARN,AuthService,High latency (781ms) detected on AuthService,E201,High latency ({time}ms) detected on {service}
45881,2026-01-13,10:45:16,INFO,AuthService,Transaction tx318039 completed in 288ms,E104,Transaction {tx} completed in {time}ms
45882,2026-01-13,10:29:08,INFO,AuthService,Page view: /home by u3747,E103,Page view: {page} by {user}
45883,2026-01-13,10:41:20,INFO,AuthService,User u4174 login successful,E101,User {user} login successful
45884,2026-01-13,10:02:06,INFO,InventoryDB,Page view: /home by u2037,E103,Page view: {page} by {user}
45885,2026-01-13,10:12:57,INFO,WebServer,Transaction tx259443 completed in 1942ms,E104,Transaction {tx} completed in {time}ms
45886,2026-01-13,10:05:21,INFO,OrderProcessor,User u3271 login successful,E101,User {user} login successful
45887,2026-01-13,10:49:43,INFO,WebServer,User u1016 login successful,E101,User {user} login successful
45888,2026-01-13,10:55:31,INFO,PaymentGateway,Health check passed: PaymentGateway,E102,Health check passed: {service}
45889,2026-01-13,10:55:27,INFO,WebServer,User u1505 login successful,E101,User {user} login successful
45890,2026-01-13,10:44:23,INFO,OrderProcessor,Transaction tx326686 completed in 858ms,E104,Transaction {tx} completed in {time}ms
45891,2026-01-13,10:32:27,INFO,WebServer,Health check passed: WebServer,E102,Health check passed: {service}
45892,2026-01-13,10:02:59,INFO,WebServer,User u2047 login successful,E101,User {user} login successful
45893,2026-01-13,10:10:36,INFO,WebServer,User u1078 login successful,E101,User {user} login successful
45894,2026-01-13,10:07:35,INFO,AuthService,Transaction tx109345 completed in 891ms,E104,Transaction {tx} completed in {time}ms
45895,2026-01-13,10:55:59,INFO,OrderProcessor,Page view: /home by u4647,E103,Page view: {page} by {user}
45896,2026-01-13,10:07:40,INFO,AuthService,User u1878 login successful,E101,User {user} login successful
45897,2026-01-13,10:08:22,INFO,WebServer,User u2354 login successful,E101,User {user} login successful
45898,2026-01-13,10:46:33,INFO,WebServer,Page view: /home by u2351,E103,Page view: {page} by {user}
45899,2026-01-13,10:15:59,INFO,AuthService,Transaction tx240320 completed in 254ms,E104,Transaction {tx} completed in {time}ms
45900,2026-01-13,10:36:39,INFO,AuthService,User u3799 login successful,E101,User {user} login successful
45901,2026-01-13,10:18:57,INFO,PaymentGateway,Page view: /home by u3878,E103,Page view: {page} by {user}
45902,2026-01-13,10:06:53,INFO,OrderProcessor,Transaction tx982843 completed in 595ms,E104,Transaction {tx} completed in {time}ms
45903,2026-01-13,10:28:41,INFO,WebServer,Page view: /home by u2566,E103,Page view: {page} by {user}
45904,2026-01-13,10:40:10,INFO,PaymentGateway,Page view: /home by u3975,E103,Page view: {page} by {user}
45905,2026-01-13,10:14:15,INFO,AuthService,Health check passed: AuthService,E102,Health check passed: {service}
45906,2026-01-13,10:39:08,INFO,WebServer,Health check passed: WebServer,E102,Health check passed: {service}
45907,2026-01-13,10:50:32,INFO,PaymentGateway,Health check passed: PaymentGateway,E102,Health check passed: {service}
45908,2026-01-13,10:07:08,INFO,WebServer,Health check passed: WebServer,E102,Health check passed: {service}
45909,2026-01-13,10:13:19,INFO,WebServer,Health check passed: WebServer,E102,Health check passed: {service}
45910,2026-01-13,10:12:17,INFO,AuthService,Transaction tx997320 completed in 905ms,E104,Transaction {tx} completed in {time}ms
45911,2026-01-13,10:04:38,INFO,WebServer,User u3536 login successful,E101,User {user} login successful
45912,2026-01-13,10:14:08,INFO,WebServer,User u3976 login successful,E101,User {user} login successful
45913,2026-01-13,10:49:47,INFO,WebServer,Transaction tx150478 completed in 1302ms,E104,Transaction {tx} completed in {time}ms
45914,2026-01-13,10:02:31,INFO,OrderProcessor,Page view: /home by u3817,E103,Page view: {page} by {user}
45915,2026-01-13,10:47:25,INFO,OrderProcessor,Page view: /home by u2665,E103,Page view: {page} by {user}
45916,2026-01-13,10:14:25,INFO,WebServer,Health check passed: WebServer,E102,Health check passed: {service}
45917,2026-01-13,10:53:28,INFO,PaymentGateway,Page view: /home by u4074,E103,Page view: {page} by {user}
45918,2026-01-13,10:25:38,INFO,WebServer,Page view: /home by u3762,E103,Page view: {page} by {user}
45919,2026-01-13,10:20:11,INFO,WebServer,Page view: /home by u1073,E103,Page view: {page} by {user}
45920,2026-01-13,10:37:08,INFO,WebServer,Transaction tx404876 completed in 1595ms,E104,Transaction {tx} completed in {time}ms
45921,2026-01-13,10:49:37,INFO,WebServer,User u3680 login successful,E101,User {user} login successful
45922,2026-01-13,10:30:13,INFO,WebServer,User u4858 login successful,E101,User {user} login successful
45923,2026-01-13,11:46:51,INFO,WebServer,User u1807 login successful,E101,User {user} login successful
45924,2026-01-13,11:02:17,INFO,WebServer,Page view: /home by u3202,E103,Page view: {page} by {user}
45925,2026-01-13,11:58:43,CRITICAL,WebServer,DATA CORRUPTION detected in sector 647,E602,DATA CORRUPTION detected in sector {sector}
45926,2026-01-13,11:18:25,INFO,WebServer,Health check passed: WebServer,E102,Health check passed: {service}
45927,2026-01-13,11:45:25,INFO,OrderProcessor,User u4453 login successful,E101,User {user} login successful
45928,2026-01-13,11:43:43,INFO,WebServer,User u3993 login successful,E101,User {user} login successful
45929,2026-01-13,11:48:18,INFO,WebServer,Transaction tx785989 completed in 265ms,E104,Transaction {tx} completed in {time}ms
45930,2026-01-13,11:44:16,INFO,WebServer,Health check passed: WebServer,E102,Health check passed: {service}
45931,2026-01-13,11:04:58,INFO,OrderProcessor,User u1324 login successful,E101,User {user} login successful
45932,2026-01-13,11:31:27,INFO,WebServer,User u1443 login successful,E101,User {user} login successful
45933,2026-01-13,11:34:58,INFO,OrderProcessor,User u2474 login successful,E101,User {user} login successful
45934,2026-01-13,11:51:12,INFO,WebServer,Page view: /home by u1556,E103,Page view: {page} by {user}
45935,2026-01-13,11:24:21,INFO,WebServer,Transaction tx206815 completed in 1671ms,E104,Transaction {tx} completed in {time}ms
45936,2026-01-13,11:58:10,INFO,PaymentGateway,User u2364 login successful,E101,User {user} login successful
45937,2026-01-13,11:50:20,INFO,OrderProcessor,Transaction tx444835 completed in 1556ms,E104,Transaction {tx} completed in {time}ms
45938,2026-01-13,11:54:01,INFO,WebServer,Transaction tx995228 completed in 1422ms,E104,Transaction {tx} completed in {time}ms
45939,2026-01-13,11:23:49,INFO,AuthService,User u3934 login successful,E101,User {user} login successful
45940,2026-01-13,11:39:47,INFO,AuthService,User u1124 login successful,E101,User {user} login successful
45941,2026-01-13,11:21:48,INFO,InventoryDB,Transaction tx860204 completed in 1987ms,E104,Transaction {tx} completed in {time}ms
45942,2026-01-13,11:12:54,INFO,WebServer,Page view: /home by u1114,E103,Page view: {page} by {user}
45943,2026-01-13,11:00:53,INFO,WebServer,User u2639 login successful,E101,User {user} login successful
45944,2026-01-13,11:11:03,INFO,OrderProcessor,Page view: /home by u1174,E103,Page view: {page} by {user}
45945,2026-01-13,11:05:42,INFO,OrderProcessor,Page view: /home by u3633,E103,Page view: {page} by {user}
45946,2026-01-13,11:20:55,INFO,AuthService,Page view: /home by u2348,E103,Page view: {page} by {user}
45947,2026-01-13,11:33:23,INFO,WebServer,Transaction tx319495 completed in 260ms,E104,Transaction {tx} completed in {time}ms
45948,2026-01-13,11:52:06,INFO,WebServer,Transaction tx956483 completed in 429ms,E104,Transaction {tx} completed in {time}ms
45949,2026-01-13,11:15:04,INFO,WebServer,Health check passed: WebServer,E102,Health check passed: {service}
45950,2026-01-13,11:21:39,WARN,WebServer,Disk usage > 85% on node node-1,E202,Disk usage > 85% on node {node}
45951,2026-01-13,11:50:13,INFO,WebServer,Page view: /home by u3641,E103,Page view: {page} by {user}
45952,2026-01-13,11:13:47,INFO,WebServer,Page view: /home by u2236,E103,Page view: {page} by {user}
45953,2026-01-13,11:35:25,INFO,WebServer,Health check passed: WebServer,E102,Health check passed: {service}
45954,2026-01-13,11:00:42,INFO,OrderProcessor,Health check passed: OrderProcessor,E102,Health check passed: {service}
45955,2026-01-13,11:36:44,INFO,WebServer,User u2681 login successful,E101,User {user} login successful
45956,2026-01-13,11:23:56,INFO,AuthService,Transaction tx831643 completed in 1439ms,E104,Transaction {tx} completed in {time}ms
45957,2026-01-13,11:54:30,INFO,WebServer,Health check passed: WebServer,E102,Health check passed: {service}
45958,2026-01-13,11:53:33,INFO,AuthService,Health check passed: AuthService,E102,Health check passed: {service}
45959,2026-01-13,11:34:09,INFO,InventoryDB,Health check passed: InventoryDB,E102,Health check passed: {service}
45960,2026-01-13,11:16:56,INFO,WebServer,Page view: /home by u2161,E103,Page view: {page} by {user}
45961,2026-01-13,11:08:11,INFO,WebServer,Page view: /home by u4284,E103,Page view: {page} by {user}
45962,2026-01-13,11:04:10,INFO,WebServer,Health check passed: WebServer,E102,Health check passed: {service}
45963,2026-01-13,11:03:37,INFO,WebServer,User u4376 login successful,E101,User {user} login successful
45964,2026-01-13,11:19:56,INFO,WebServer,Health check passed: WebServer,E102,Health check passed: {service}
45965,2026-01-13,11:02:01,INFO,InventoryDB,Page view: /home by u2461,E103,Page view: {page} by {user}
45966,2026-01-13,11:27:50,INFO,InventoryDB,Health check passed: InventoryDB,E102,Health check passed: {service}
45967,2026-01-13,11:00:17,INFO,WebServer,Page view: /home by u3910,E103,Page view: {page} by {user}
45968,2026-01-13,11:46:40,INFO,WebServer,Transaction tx642629 completed in 1621ms,E104,Transaction {tx} completed in {time}ms
45969,2026-01-13,11:08:11,ERROR,WebServer,Connection refused to WebServer at 10.0.0.45,E501,Connection refused to {service} at {ip}
45970,2026-01-13,11:23:53,INFO,WebServer,Page view: /home by u3918,E103,Page view: {page} by {user}
45971,2026-01-13,11:41:49,INFO,WebServer,Page view: /home by u1681,E103,Page view: {page} by {user}
45972,2026-01-13,11:26:50,INFO,PaymentGateway,Transaction tx421335 completed in 893ms,E104,Transaction {tx} completed in {time}ms
45973,2026-01-13,11:28:17,INFO,WebServer,Page view: /home by u3424,E103,Page view: {page} by {user}
45974,2026-01-13,11:15:50,INFO,WebServer,Transaction tx807513 completed in 864ms,E104,Transaction {tx} completed in {time}ms
45975,2026-01-13,11:30:01,INFO,AuthService,Health check passed: AuthService,E102,Health check passed: {service}
45976,2026-01-13,11:54:13,INFO,WebServer,Health check passed: WebServer,E102,Health check passed: {service}
45977,2026-01-13,11:19:09,INFO,OrderProcessor,Health check passed: OrderProcessor,E102,Health check passed: {service}
45978,2026-01-13,11:24:26,INFO,WebServer,User u2770 login successful,E101,User {user} login successful
45979,2026-01-13,11:05:06,INFO,WebServer,Health check passed: WebServer,E102,Health check passed: {service}
45980,2026-01-13,11:27:47,INFO,WebServer,User u3509 login successful,E101,User {user} login successful
45981,2026-01-13,11:44:27,INFO,WebServer,Transaction tx332595 completed in 595ms,E104,Transaction {tx} completed in {time}ms
45982,2026-01-13,11:48:53,INFO,OrderProcessor,Page view: /home by u1699,E103,Page view: {page} by {user}
45983,2026-01-13,11:05:03,INFO,OrderProcessor,Transaction tx951378 completed in 1433ms,E104,Transaction {tx} completed in {time}ms
45984,2026-01-13,11:49:31,INFO,WebServer,User u4045 login successful,E101,User {user} login successful
45985,2026-01-13,11:39:18,INFO,OrderProcessor,Page view: /home by u3573,E103,Page view: {page} by {user}
45986,2026-01-13,11:24:53,INFO,WebServer,Transaction tx877910 completed in 1389ms,E104,Transaction {tx} completed in {time}ms
45987,2026-01-13,11:12:58,WARN,OrderProcessor,Disk usage > 85% on node node-5,E202,Disk usage > 85% on node {node}
45988,2026-01-13,11:31:27,INFO,OrderProcessor,User u4806 login successful,E101,User {user} login successful
45989,2026-01-13,11:30:15,INFO,OrderProcessor,Page view: /home by u4512,E103,Page view: {page} by {user}
45990,2026-01-13,11:41:07,INFO,OrderProcessor,User u1900 login successful,E101,User {user} login successful
45991,2026-01-13,11:12:32,INFO,WebServer,Transaction tx202894 completed in 1918ms,E104,Transaction {tx} completed in {time}ms
45992,2026-01-13,11:49:30,INFO,PaymentGateway,Health check passed: PaymentGateway,E102,Health check passed: {service}
45993,2026-01-13,11:02:50,INFO,PaymentGateway,Transaction tx607268 completed in 1897ms,E104,Transaction {tx} completed in {time}ms
45994,2026-01-13,11:54:42,INFO,WebServer,Transaction tx800405 completed in 495ms,E104,Transaction {tx} completed in {time}ms
45995,2026-01-13,11:53:16,INFO,WebServer,Health check passed: WebServer,E102,Health check passed: {service}
45996,2026-01-13,11:13:35,INFO,WebServer,Transaction tx346560 completed in 1373ms,E104,Transaction {tx} completed in {time}ms
45997,2026-01-13,11:31:36,INFO,WebServer,Transaction tx570156 completed in 1454ms,E104,Transaction {tx} completed in {time}ms
45998,2026-01-13,11:59:10,INFO,OrderProcessor,Transaction tx819473 completed in 1438ms,E104,Transaction {tx} completed in {time}ms
45999,2026-01-13,11:52:18,INFO,WebServer,User u1706 login successful,E101,User {user} login successful
46000,2026-01-13,11:08:57,INFO,AuthService,Transaction tx140624 completed in 1917ms,E104,Transaction {tx} completed in {time}ms
46001,2026-01-13,11:16:56,INFO,WebServer,Page view: /home by u4698,E103,Page view: {page} by {user}
46002,2026-01-13,11:48:00,INFO,WebServer,User u3080 login successful,E101,User {user} login successful
46003,2026-01-13,11:07:24,INFO,WebServer,Page view: /home by u1170,E103,Page view: {page} by {user}
46004,2026-01-13,11:09:45,INFO,PaymentGateway,Health check passed: PaymentGateway,E102,Health check passed: {service}
46005,2026-01-13,11:03:35,INFO,WebServer,Page view: /home by u3746,E103,Page view: {page} by {user}
46006,2026-01-13,11:50:31,INFO,InventoryDB,Transaction tx789113 completed in 1893ms,E104,Transaction {tx} completed in {time}ms
46007,2026-01-13,11:06:38,INFO,WebServer,Health check passed: WebServer,E102,Health check passed: {service}
46008,2026-01-13,11:21:58,INFO,PaymentGateway,Health check passed: PaymentGateway,E102,Health check passed: {service}
46009,2026-01-13,11:49:14,INFO,OrderProcessor,Health check passed: OrderProcessor,E102,Health check passed: {service}
46010,2026-01-13,11:24:43,INFO,PaymentGateway,User u3453 login successful,E101,User {user} login successful
46011,2026-01-13,11:51:25,INFO,WebServer,Page view: /home by u4445,E103,Page view: {page} by {user}
46012,2026-01-13,11:29:57,INFO,WebServer,User u1889 login successful,E101,User {user} login successful
46013,2026-01-13,11:02:34,INFO,AuthService,Health check passed: AuthService,E102,Health check passed: {service}
46014,2026-01-13,11:13:52,INFO,WebServer,Health check passed: WebServer,E102,Health check passed: {service}
46015,2026-01-13,11:25:37,INFO,AuthService,Page view: /home by u1292,E103,Page view: {page} by {user}
46016,2026-01-13,11:53:02,INFO,AuthService,User u1053 login successful,E101,User {user} login successful
46017,2026-01-13,11:34:37,WARN,OrderProcessor,High latency (181ms) detected on OrderProcessor,E201,High latency ({time}ms) detected on {service}
46018,2026-01-13,11:01:52,INFO,AuthService,Health check passed: AuthService,E102,Health check passed: {service}
46019,2026-01-13,11:59:47,INFO,WebServer,User u4245 login successful,E101,User {user} login successful
46020,2026-01-13,11:33:18,INFO,WebServer,Transaction tx196257 completed in 1814ms,E104,Transaction {tx} completed in {time}ms
46021,2026-01-13,11:03:38,INFO,WebServer,Page view: /home by u1251,E103,Page view: {page} by {user}
46022,2026-01-13,11:37:46,INFO,OrderProcessor,Transaction tx297857 completed in 1807ms,E104,Transaction {tx} completed in {time}ms
46023,2026-01-13,11:05:10,INFO,WebServer,Page view: /home by u2999,E103,Page view: {page} by {user}
46024,2026-01-13,11:39:36,INFO,WebServer,Transaction tx227449 completed in 1677ms,E104,Transaction {tx} completed in {time}ms
46025,2026-01-13,11:00:59,INFO,InventoryDB,User u3352 login successful,E101,User {user} login successful
46026,2026-01-13,11:08:55,INFO,WebServer,Page view: /home by u1321,E103,Page view: {page} by {user}
46027,2026-01-13,11:48:53,WARN,OrderProcessor,Disk usage > 85% on node node-4,E202,Disk usage > 85% on node {node}
46028,2026-01-13,11:19:00,INFO,AuthService,Page view: /home by u4503,E103,Page view: {page} by {user}
46029,2026-01-13,11:00:58,INFO,WebServer,User u1757 login successful,E101,User {user} login successful
46030,2026-01-13,11:05:37,INFO,WebServer,Transaction tx832343 completed in 1857ms,E104,Transaction {tx} completed in {time}ms
46031,2026-01-13,11:20:23,INFO,AuthService,Page view: /home by u1264,E103,Page view: {page} by {user}
46032,2026-01-13,11:56:02,INFO,WebServer,Health check passed: WebServer,E102,Health check passed: {service}
46033,2026-01-13,11:57:11,INFO,WebServer,User u2875 login successful,E101,User {user} login successful
46034,2026-01-13,11:12:26,INFO,WebServer,Transaction tx510491 completed in 1274ms,E104,Transaction {tx} completed in {time}ms
46035,2026-01-13,11:11:10,INFO,WebServer,Health check passed: WebServer,E102,Health check passed: {service}
46036,2026-01-13,11:31:28,INFO,WebServer,Health check passed: WebServer,E102,Health check passed: {service}
46037,2026-01-13,11:37:36,INFO,WebServer,Transaction tx658545 completed in 1034ms,E104,Transaction {tx} completed in {time}ms
46038,2026-01-13,11:41:33,INFO,AuthService,User u2455 login successful,E101,User {user} login successful
46039,2026-01-13,11:23:39,INFO,PaymentGateway,User u4749 login successful,E101,User {user} login successful
46040,2026-01-13,11:38:05,INFO,WebServer,Transaction tx637640 completed in 558ms,E104,Transaction {tx} completed in {time}ms
46041,2026-01-13,11:00:57,INFO,WebServer,Page view: /home by u4321,E103,Page view: {page} by {user}
46042,2026-01-13,11:57:13,INFO,OrderProcessor,Transaction tx321883 completed in 1612ms,E104,Transaction {tx} completed in {time}ms
46043,2026-01-13,11:23:12,ERROR,WebServer,Connection refused to WebServer at 10.0.0.12,E501,Connection refused to {service} at {ip}
46044,2026-01-13,11:22:57,INFO,WebServer,User u4323 login successful,E101,User {user} login successful
46045,2026-01-13,11:05:20,INFO,WebServer,User u1680 login successful,E101,User {user} login successful
46046,2026-01-13,11:01:28,INFO,OrderProcessor,Transaction tx944325 completed in 165ms,E104,Transaction {tx} completed in {time}ms
46047,2026-01-13,11:00:23,INFO,WebServer,Health check passed: WebServer,E102,Health check passed: {service}
46048,2026-01-13,11:17:57,INFO,OrderProcessor,Health check passed: OrderProcessor,E102,Health check passed: {service}
46049,2026-01-13,11:04:40,INFO,WebServer,User u1111 login successful,E101,User {user} login successful
46050,2026-01-13,11:04:27,INFO,WebServer,Page view: /home by u3572,E103,Page view: {page} by {user}
46051,2026-01-13,11:14:47,INFO,WebServer,Health check passed: WebServer,E102,Health check passed: {service}
46052,2026-01-13,11:40:03,INFO,WebServer,Transaction tx963841 completed in 344ms,E104,Transaction {tx} completed in {time}ms
46053,2026-01-13,11:07:37,INFO,OrderProcessor,Health check passed: OrderProcessor,E102,Health check passed: {service}
46054,2026-01-13,11:08:27,INFO,WebServer,User u2621 login successful,E101,User {user} login successful
46055,2026-01-13,11:16:33,INFO,AuthService,Page view: /home by u4885,E103,Page view: {page} by {user}
46056,2026-01-13,11:37:44,INFO,AuthService,User u3471 login successful,E101,User {user} login successful
46057,2026-01-13,11:08:59,CRITICAL,WebServer,KERNEL PANIC: Node node-3 crashed,E601,KERNEL PANIC: Node {node} crashed
46058,2026-01-13,11:26:26,INFO,PaymentGateway,User u4721 login successful,E101,User {user} login successful
46059,2026-01-13,11:37:16,INFO,WebServer,Health check passed: WebServer,E102,Health check passed: {service}
46060,2026-01-13,11:54:03,INFO,WebServer,Page view: /home by u1424,E103,Page view: {page} by {user}
46061,2026-01-13,11:58:04,INFO,PaymentGateway,Page view: /home by u3272,E103,Page view: {page} by {user}
46062,2026-01-13,11:09:52,INFO,AuthService,Health check passed: AuthService,E102,Health check passed: {service}
46063,2026-01-13,11:55:56,INFO,OrderProcessor,User u4444 login successful,E101,User {user} login successful
46064,2026-01-13,11:10:04,INFO,OrderProcessor,User u2275 login successful,E101,User {user} login successful
46065,2026-01-13,11:31:29,INFO,PaymentGateway,Health check passed: PaymentGateway,E102,Health check passed: {service}
46066,2026-01-13,11:05:02,INFO,WebServer,Health check passed: WebServer,E102,Health check passed: {service}
46067,2026-01-13,11:43:33,INFO,WebServer,User u4703 login successful,E101,User {user} login successful
46068,2026-01-13,11:44:04,INFO,WebServer,Page view: /home by u3209,E103,Page view: {page} by {user}
46069,2026-01-13,11:28:48,INFO,OrderProcessor,Transaction tx295524 completed in 858ms,E104,Transaction {tx} completed in {time}ms
46070,2026-01-13,11:08:47,INFO,WebServer,Transaction tx520362 completed in 368ms,E104,Transaction {tx} completed in {time}ms
46071,2026-01-13,11:08:46,INFO,WebServer,User u2997 login successful,E101,User {user} login successful
46072,2026-01-13,11:28:58,INFO,InventoryDB,Page view: /home by u3136,E103,Page view: {page} by {user}
46073,2026-01-13,11:24:28,INFO,PaymentGateway,Transaction tx411682 completed in 1018ms,E104,Transaction {tx} completed in {time}ms
46074,2026-01-13,11:33:20,INFO,WebServer,Transaction tx200092 completed in 1331ms,E104,Transaction {tx} completed in {time}ms
46075,2026-01-13,11:55:37,INFO,AuthService,Health check passed: AuthService,E102,Health check passed: {service}
46076,2026-01-13,11:38:51,INFO,PaymentGateway,Transaction tx473392 completed in 337ms,E104,Transaction {tx} completed in {time}ms
46077,2026-01-13,11:54:01,WARN,WebServer,Disk usage > 85% on node node-2,E202,Disk usage > 85% on node {node}
46078,2026-01-13,11:10:23,INFO,WebServer,Health check passed: WebServer,E102,Health check passed: {service}
46079,2026-01-13,11:31:47,INFO,WebServer,Transaction tx544853 completed in 822ms,E104,Transaction {tx} completed in {time}ms
46080,2026-01-13,11:51:03,INFO,WebServer,Page view: /home by u1476,E103,Page view: {page} by {user}
46081,2026-01-13,11:05:37,INFO,WebServer,Page view: /home by u3638,E103,Page view: {page} by {user}
46082,2026-01-13,11:03:24,INFO,WebServer,Transaction tx239736 completed in 577ms,E104,Transaction {tx} completed in {time}ms
46083,2026-01-13,11:57:08,INFO,PaymentGateway,User u1871 login successful,E101,User {user} login successful
46084,2026-01-13,11:30:47,INFO,WebServer,Page view: /home by u1527,E103,Page view: {page} by {user}
46085,2026-01-13,11:52:20,WARN,WebServer,High latency (989ms) detected on WebServer,E201,High latency ({time}ms) detected on {service}
46086,2026-01-13,11:43:21,INFO,WebServer,Health check passed: WebServer,E102,Health check passed: {service}
46087,2026-01-13,11:56:49,INFO,AuthService,Transaction tx796181 completed in 1134ms,E104,Transaction {tx} completed in {time}ms
46088,2026-01-13,11:15:04,INFO,WebServer,Transaction tx670891 completed in 144ms,E104,Transaction {tx} completed in {time}ms
46089,2026-01-13,11:04:46,INFO,WebServer,Transaction tx915968 completed in 1983ms,E104,Transaction {tx} completed in {time}ms
46090,2026-01-13,11:20:02,INFO,WebServer,Health check passed: WebServer,E102,Health check passed: {service}
46091,2026-01-13,11:37:32,INFO,PaymentGateway,User u2183 login successful,E101,User {user} login successful
46092,2026-01-13,11:11:33,INFO,AuthService,User u3313 login successful,E101,User {user} login successful
46093,2026-01-13,11:49:50,INFO,WebServer,Transaction tx502177 completed in 665ms,E104,Transaction {tx} completed in {time}ms
46094,2026-01-13,11:57:31,INFO,WebServer,User u1759 login successful,E101,User {user} login successful
46095,2026-01-13,11:55:41,INFO,OrderProcessor,Transaction tx944661 completed in 1291ms,E104,Transaction {tx} completed in {time}ms
46096,2026-01-13,11:34:33,INFO,AuthService,Page view: /home by u1723,E103,Page view: {page} by {user}
46097,2026-01-13,11:09:52,INFO,WebServer,Page view: /home by u4869,E103,Page view: {page} by {user}
46098,2026-01-13,11:57:29,INFO,WebServer,User u3929 login successful,E101,User {user} login successful
46099,2026-01-13,11:30:42,INFO,WebServer,Page view: /home by u1727,E103,Page view: {page} by {user}
46100,2026-01-13,11:49:20,INFO,AuthService,Transaction tx330081 completed in 798ms,E104,Transaction {tx} completed in {time}ms
46101,2026-01-13,11:06:24,INFO,WebServer,Transaction tx401982 completed in 197ms,E104,Transaction {tx} completed in {time}ms
46102,2026-01-13,11:28:40,INFO,AuthService,Page view: /home by u2861,E103,Page view: {page} by {user}
46103,2026-01-13,11:45:14,INFO,AuthService,Transaction tx136825 completed in 424ms,E104,Transaction {tx} completed in {time}ms
46104,2026-01-13,11:28:21,INFO,WebServer,Transaction tx822398 completed in 1965ms,E104,Transaction {tx} completed in {time}ms
46105,2026-01-13,11:14:56,INFO,WebServer,Page view: /home by u4921,E103,Page view: {page} by {user}
46106,2026-01-13,11:48:12,INFO,InventoryDB,User u4471 login successful,E101,User {user} login successful
46107,2026-01-13,11:58:55,INFO,WebServer,Page view: /home by u1771,E103,Page view: {page} by {user}
46108,2026-01-13,11:00:46,INFO,AuthService,User u4936 login successful,E101,User {user} login successful
46109,2026-01-13,11:48:16,INFO,WebServer,Health check passed: WebServer,E102,Health check passed: {service}
46110,2026-01-13,11:37:47,INFO,WebServer,User u2549 login successful,E101,User {user} login successful
46111,2026-01-13,11:57:33,INFO,AuthService,Transaction tx613421 completed in 741ms,E104,Transaction {tx} completed in {time}ms
46112,2026-01-13,11:01:55,INFO,WebServer,Health check passed: WebServer,E102,Health check passed: {service}
46113,2026-01-13,11:29:54,INFO,WebServer,Health check passed: WebServer,E102,Health check passed: {service}
46114,2026-01-13,11:11:07,INFO,AuthService,User u4874 login successful,E101,User {user} login successful
46115,2026-01-13,11:47:31,INFO,OrderProcessor,User u4761 login successful,E101,User {user} login successful
46116,2026-01-13,11:56:18,INFO,WebServer,Health check passed: WebServer,E102,Health check passed: {service}
46117,2026-01-13,11:50:40,INFO,OrderProcessor,Page view: /home by u2549,E103,Page view: {page} by {user}
46118,2026-01-13,11:53:34,INFO,AuthService,Health check passed: AuthService,E102,Health check passed: {service}
46119,2026-01-13,11:46:50,INFO,WebServer,User u4388 login successful,E101,User {user} login successful
46120,2026-01-13,11:52:42,INFO,WebServer,User u1268 login successful,E101,User {user} login successful
46121,2026-01-13,11:44:16,INFO,WebServer,Health check passed: WebServer,E102,Health check passed: {service}
46122,2026-01-13,11:58:31,INFO,WebServer,User u1097 login successful,E101,User {user} login successful
46123,2026-01-13,11:43:51,INFO,WebServer,Health check passed: WebServer,E102,Health check passed: {service}
46124,2026-01-13,11:08:49,INFO,OrderProcessor,Transaction tx303326 completed in 1698ms,E104,Transaction {tx} completed in {time}ms
46125,2026-01-13,11:42:38,INFO,WebServer,Transaction tx620612 completed in 26ms,E104,Transaction {tx} completed in {time}ms
46126,2026-01-13,11:15:51,INFO,WebServer,User u4368 login successful,E101,User {user} login successful
46127,2026-01-13,11:31:10,WARN,AuthService,Disk usage > 85% on node node-5,E202,Disk usage > 85% on node {node}
46128,2026-01-13,11:59:24,INFO,AuthService,Health check passed: AuthService,E102,Health check passed: {service}
46129,2026-01-13,11:57:04,INFO,AuthService,Transaction tx615694 completed in 506ms,E104,Transaction {tx} completed in {time}ms
46130,2026-01-13,11:09:37,INFO,PaymentGateway,User u1609 login successful,E101,User {user} login successful
46131,2026-01-13,11:12:32,INFO,AuthService,Transaction tx207849 completed in 1473ms,E104,Transaction {tx} completed in {time}ms
46132,2026-01-13,11:12:24,INFO,WebServer,Page view: /home by u1687,E103,Page view: {page} by {user}
46133,2026-01-13,11:48:52,INFO,OrderProcessor,Page view: /home by u2635,E103,Page view: {page} by {user}
46134,2026-01-13,11:54:21,INFO,WebServer,Transaction tx928250 completed in 1137ms,E104,Transaction {tx} completed in {time}ms
46135,2026-01-13,11:35:18,INFO,InventoryDB,Page view: /home by u2657,E103,Page view: {page} by {user}
46136,2026-01-13,11:53:42,INFO,PaymentGateway,Transaction tx676494 completed in 1871ms,E104,Transaction {tx} completed in {time}ms
46137,2026-01-13,11:53:41,WARN,OrderProcessor,Disk usage > 85% on node node-3,E202,Disk usage > 85% on node {node}
46138,2026-01-13,11:00:49,WARN,WebServer,High latency (1673ms) detected on WebServer,E201,High latency ({time}ms) detected on {service}
46139,2026-01-13,11:02:44,INFO,WebServer,Health check passed: WebServer,E102,Health check passed: {service}
46140,2026-01-13,11:26:57,INFO,AuthService,Page view: /home by u3212,E103,Page view: {page} by {user}
46141,2026-01-13,11:58:58,INFO,InventoryDB,Transaction tx541949 completed in 1885ms,E104,Transaction {tx} completed in {time}ms
46142,2026-01-13,11:59:50,INFO,WebServer,Transaction tx315776 completed in 1282ms,E104,Transaction {tx} completed in {time}ms
46143,2026-01-13,11:08:48,INFO,AuthService,Health check passed: AuthService,E102,Health check passed: {service}
46144,2026-01-13,11:14:04,INFO,WebServer,User u3692 login successful,E101,User {user} login successful
46145,2026-01-13,11:39:17,INFO,WebServer,Health check passed: WebServer,E102,Health check passed: {service}
46146,2026-01-13,11:34:34,INFO,WebServer,Page view: /home by u1972,E103,Page view: {page} by {user}
46147,2026-01-13,11:32:47,INFO,WebServer,Transaction tx142358 completed in 290ms,E104,Transaction {tx} completed in {time}ms
46148,2026-01-13,11:27:26,INFO,AuthService,Health check passed: AuthService,E102,Health check passed: {service}
46149,2026-01-13,11:28:19,INFO,WebServer,Transaction tx982821 completed in 1103ms,E104,Transaction {tx} completed in {time}ms
46150,2026-01-13,11:08:49,INFO,PaymentGateway,Page view: /home by u3549,E103,Page view: {page} by {user}
46151,2026-01-13,11:25:53,INFO,WebServer,User u2354 login successful,E101,User {user} login successful
46152,2026-01-13,11:58:07,INFO,AuthService,Transaction tx319991 completed in 125ms,E104,Transaction {tx} completed in {time}ms
46153,2026-01-13,11:46:36,INFO,WebServer,Transaction tx734080 completed in 927ms,E104,Transaction {tx} completed in {time}ms
46154,2026-01-13,11:48:25,WARN,InventoryDB,Disk usage > 85% on node node-1,E202,Disk usage > 85% on node {node}
46155,2026-01-13,11:55:54,INFO,WebServer,Page view: /home by u4866,E103,Page view: {page} by {user}
46156,2026-01-13,11:11:45,INFO,WebServer,Health check passed: WebServer,E102,Health check passed: {service}
46157,2026-01-13,11:10:10,INFO,OrderProcessor,Health check passed: OrderProcessor,E102,Health check passed: {service}
46158,2026-01-13,11:53:16,INFO,AuthService,Page view: /home by u4956,E103,Page view: {page} by {user}
46159,2026-01-13,11:29:59,INFO,AuthService,Health check passed: AuthService,E102,Health check passed: {service}
46160,2026-01-13,11:35:53,INFO,WebServer,Page view: /home by u2370,E103,Page view: {page} by {user}
46161,2026-01-13,11:25:38,INFO,WebServer,Page view: /home by u1001,E103,Page view: {page} by {user}
46162,2026-01-13,11:08:45,INFO,InventoryDB,Transaction tx119289 completed in 814ms,E104,Transaction {tx} completed in {time}ms
46163,2026-01-13,11:54:41,INFO,OrderProcessor,Page view: /home by u3632,E103,Page view: {page} by {user}
46164,2026-01-13,11:31:14,INFO,WebServer,Health check passed: WebServer,E102,Health check passed: {service}
46165,2026-01-13,11:11:17,INFO,WebServer,Health check passed: WebServer,E102,Health check passed: {service}
46166,2026-01-13,11:43:52,INFO,AuthService,User u3995 login successful,E101,User {user} login successful
46167,2026-01-13,11:37:57,INFO,WebServer,Page view: /home by u2823,E103,Page view: {page} by {user}
46168,2026-01-13,11:19:52,INFO,WebServer,Transaction tx217070 completed in 1228ms,E104,Transaction {tx} completed in {time}ms
46169,2026-01-13,11:56:58,INFO,AuthService,Health check passed: AuthService,E102,Health check passed: {service}
46170,2026-01-13,11:36:18,INFO,AuthService,User u1472 login successful,E101,User {user} login successful
46171,2026-01-13,11:11:18,INFO,WebServer,Transaction tx959503 completed in 1159ms,E104,Transaction {tx} completed in {time}ms
46172,2026-01-13,11:26:42,INFO,WebServer,Page view: /home by u2585,E103,Page view: {page} by {user}
46173,2026-01-13,11:24:26,INFO,WebServer,Transaction tx603247 completed in 331ms,E104,Transaction {tx} completed in {time}ms
46174,2026-01-13,11:50:41,INFO,WebServer,Health check passed: WebServer,E102,Health check passed: {service}
46175,2026-01-13,11:10:47,WARN,WebServer,Unauthorized access attempt from 10.0.0.12,E401,Unauthorized access attempt from {ip}
46176,2026-01-13,11:02:34,INFO,OrderProcessor,Transaction tx147468 completed in 297ms,E104,Transaction {tx} completed in {time}ms
46177,2026-01-13,11:48:08,INFO,WebServer,Transaction tx251530 completed in 1971ms,E104,Transaction {tx} completed in {time}ms
46178,2026-01-13,11:29:38,INFO,OrderProcessor,Transaction tx850537 completed in 1919ms,E104,Transaction {tx} completed in {time}ms
46179,2026-01-13,11:07:50,INFO,WebServer,Transaction tx879269 completed in 1953ms,E104,Transaction {tx} completed in {time}ms
46180,2026-01-13,11:57:35,INFO,WebServer,Health check passed: WebServer,E102,Health check passed: {service}
46181,2026-01-13,11:47:08,INFO,WebServer,Transaction tx725545 completed in 1827ms,E104,Transaction {tx} completed in {time}ms
46182,2026-01-13,11:25:28,INFO,WebServer,Page view: /home by u4743,E103,Page view: {page} by {user}
46183,2026-01-13,11:00:00,INFO,WebServer,Health check passed: WebServer,E102,Health check passed: {service}
46184,2026-01-13,11:11:48,INFO,WebServer,Page view: /home by u1701,E103,Page view: {page} by {user}
46185,2026-01-13,11:33:38,INFO,WebServer,Transaction tx887563 completed in 735ms,E104,Transaction {tx} completed in {time}ms
46186,2026-01-13,11:04:46,INFO,OrderProcessor,User u3424 login successful,E101,User {user} login successful
46187,2026-01-13,11:33:16,INFO,WebServer,Page view: /home by u2132,E103,Page view: {page} by {user}
46188,2026-01-13,11:01:24,INFO,OrderProcessor,Health check passed: OrderProcessor,E102,Health check passed: {service}
46189,2026-01-13,11:57:31,INFO,WebServer,Health check passed: WebServer,E102,Health check passed: {service}
46190,2026-01-13,11:11:25,INFO,AuthService,Health check passed: AuthService,E102,Health check passed: {service}
46191,2026-01-13,11:07:34,INFO,PaymentGateway,User u1313 login successful,E101,User {user} login successful
46192,2026-01-13,11:45:51,INFO,WebServer,Page view: /home by u3386,E103,Page view: {page} by {user}
46193,2026-01-13,11:22:19,INFO,WebServer,Transaction tx466886 completed in 142ms,E104,Transaction {tx} completed in {time}ms
46194,2026-01-13,11:08:32,INFO,OrderProcessor,Transaction tx341058 completed in 1047ms,E104,Transaction {tx} completed in {time}ms
46195,2026-01-13,11:33:10,INFO,AuthService,User u4230 login successful,E101,User {user} login successful
46196,2026-01-13,11:26:06,INFO,WebServer,Page view: /home by u2750,E103,Page view: {page} by {user}
46197,2026-01-13,11:02:34,INFO,OrderProcessor,Page view: /home by u4699,E103,Page view: {page} by {user}
46198,2026-01-13,11:40:23,INFO,WebServer,Transaction tx377532 completed in 286ms,E104,Transaction {tx} completed in {time}ms
46199,2026-01-13,11:05:42,WARN,AuthService,Disk usage > 85% on node node-3,E202,Disk usage > 85% on node {node}
46200,2026-01-13,11:58:10,INFO,OrderProcessor,Health check passed: OrderProcessor,E102,Health check passed: {service}
46201,2026-01-13,11:53:20,INFO,WebServer,Page view: /home by u2852,E103,Page view: {page} by {user}
46202,2026-01-13,11:49:43,INFO,WebServer,User u2490 login successful,E101,User {user} login successful
46203,2026-01-13,11:05:22,INFO,WebServer,User u3719 login successful,E101,User {user} login successful
46204,2026-01-13,11:06:24,WARN,PaymentGateway,Disk usage > 85% on node node-4,E202,Disk usage > 85% on node {node}
46205,2026-01-13,11:33:32,INFO,PaymentGateway,Transaction tx977822 completed in 1306ms,E104,Transaction {tx} completed in {time}ms
46206,2026-01-13,11:31:39,INFO,WebServer,User u3038 login successful,E101,User {user} login successful
46207,2026-01-13,11:59:24,INFO,AuthService,Transaction tx806653 completed in 1986ms,E104,Transaction {tx} completed in {time}ms
46208,2026-01-13,11:00:36,INFO,WebServer,Health check passed: WebServer,E102,Health check passed: {service}
46209,2026-01-13,11:21:31,INFO,AuthService,Transaction tx572063 completed in 1780ms,E104,Transaction {tx} completed in {time}ms
46210,2026-01-13,11:50:36,INFO,OrderProcessor,Health check passed: OrderProcessor,E102,Health check passed: {service}
46211,2026-01-13,11:33:29,INFO,WebServer,Transaction tx354209 completed in 1414ms,E104,Transaction {tx} completed in {time}ms
46212,2026-01-13,11:29:52,INFO,WebServer,Transaction tx927148 completed in 1527ms,E104,Transaction {tx} completed in {time}ms
46213,2026-01-13,11:15:51,INFO,WebServer,Transaction tx693061 completed in 844ms,E104,Transaction {tx} completed in {time}ms
46214,2026-01-13,11:19:04,INFO,WebServer,User u2778 login successful,E101,User {user} login successful
46215,2026-01-13,11:37:41,INFO,OrderProcessor,Health check passed: OrderProcessor,E102,Health check passed: {service}
46216,2026-01-13,11:32:07,INFO,AuthService,Transaction tx650306 completed in 879ms,E104,Transaction {tx} completed in {time}ms
46217,2026-01-13,11:32:26,INFO,WebServer,Health check passed: WebServer,E102,Health check passed: {service}
46218,2026-01-13,11:04:02,INFO,AuthService,Health check passed: AuthService,E102,Health check passed: {service}
46219,2026-01-13,11:44:48,INFO,OrderProcessor,Transaction tx356233 completed in 1416ms,E104,Transaction {tx} completed in {time}ms
46220,2026-01-13,11:49:18,INFO,WebServer,User u3077 login successful,E101,User {user} login successful
46221,2026-01-13,11:05:12,INFO,PaymentGateway,Health check passed: PaymentGateway,E102,Health check passed: {service}
46222,2026-01-13,11:47:05,INFO,InventoryDB,Health check passed: InventoryDB,E102,Health check passed: {service}
46223,2026-01-13,11:54:39,INFO,OrderProcessor,Health check passed: OrderProcessor,E102,Health check passed: {service}
46224,2026-01-13,11:07:47,INFO,WebServer,Page view: /home by u4078,E103,Page view: {page} by {user}
46225,2026-01-13,11:57:40,INFO,InventoryDB,Transaction tx120978 completed in 229ms,E104,Transaction {tx} completed in {time}ms
46226,2026-01-13,11:11:40,INFO,PaymentGateway,User u3159 login successful,E101,User {user} login successful
46227,2026-01-13,11:29:42,INFO,WebServer,User u1817 login successful,E101,User {user} login successful
46228,2026-01-13,11:38:20,INFO,WebServer,User u2236 login successful,E101,User {user} login successful
46229,2026-01-13,11:17:31,INFO,AuthService,Health check passed: AuthService,E102,Health check passed: {service}
46230,2026-01-13,11:51:30,INFO,OrderProcessor,Health check passed: OrderProcessor,E102,Health check passed: {service}
46231,2026-01-13,11:48:18,INFO,AuthService,Page view: /home by u3354,E103,Page view: {page} by {user}
46232,2026-01-13,11:06:16,INFO,AuthService,User u2447 login successful,E101,User {user} login successful
46233,2026-01-13,11:59:51,INFO,InventoryDB,Health check passed: InventoryDB,E102,Health check passed: {service}
46234,2026-01-13,11:51:06,INFO,WebServer,Health check passed: WebServer,E102,Health check passed: {service}
46235,2026-01-13,11:11:50,INFO,WebServer,Page view: /home by u2848,E103,Page view: {page} by {user}
46236,2026-01-13,11:03:28,INFO,WebServer,Transaction tx945785 completed in 206ms,E104,Transaction {tx} completed in {time}ms
46237,2026-01-13,11:01:53,INFO,WebServer,Page view: /home by u4844,E103,Page view: {page} by {user}
46238,2026-01-13,11:01:12,INFO,WebServer,User u3533 login successful,E101,User {user} login successful
46239,2026-01-13,11:45:24,INFO,WebServer,Health check passed: WebServer,E102,Health check passed: {service}
46240,2026-01-13,11:00:29,INFO,AuthService,User u1675 login successful,E101,User {user} login successful
46241,2026-01-13,11:07:20,INFO,AuthService,User u4312 login successful,E101,User {user} login successful
46242,2026-01-13,11:21:47,INFO,WebServer,User u3992 login successful,E101,User {user} login successful
46243,2026-01-13,11:56:01,INFO,PaymentGateway,Transaction tx981070 completed in 787ms,E104,Transaction {tx} completed in {time}ms
46244,2026-01-13,11:21:21,INFO,WebServer,Health check passed: WebServer,E102,Health check passed: {service}
46245,2026-01-13,11:41:35,INFO,WebServer,Transaction tx313715 completed in 1358ms,E104,Transaction {tx} completed in {time}ms
46246,2026-01-13,11:33:21,INFO,OrderProcessor,Health check passed: OrderProcessor,E102,Health check passed: {service}
46247,2026-01-13,11:23:23,INFO,AuthService,Transaction tx773800 completed in 373ms,E104,Transaction {tx} completed in {time}ms
46248,2026-01-13,11:44:23,INFO,AuthService,Transaction tx801869 completed in 1960ms,E104,Transaction {tx} completed in {time}ms
46249,2026-01-13,11:03:35,INFO,WebServer,User u3694 login successful,E101,User {user} login successful
46250,2026-01-13,11:02:11,INFO,WebServer,Health check passed: WebServer,E102,Health check passed: {service}
46251,2026-01-13,11:24:59,INFO,OrderProcessor,User u4333 login successful,E101,User {user} login successful
46252,2026-01-13,11:19:25,INFO,PaymentGateway,Page view: /home by u2990,E103,Page view: {page} by {user}
46253,2026-01-13,11:50:39,INFO,WebServer,User u3072 login successful,E101,User {user} login successful
46254,2026-01-13,11:16:52,INFO,WebServer,Health check passed: WebServer,E102,Health check passed: {service}
46255,2026-01-13,11:33:54,INFO,WebServer,Transaction tx485847 completed in 1618ms,E104,Transaction {tx} completed in {time}ms
46256,2026-01-13,11:15:27,INFO,InventoryDB,Page view: /home by u3797,E103,Page view: {page} by {user}
46257,2026-01-13,11:29:22,INFO,WebServer,Health check passed: WebServer,E102,Health check passed: {service}
46258,2026-01-13,11:59:58,INFO,WebServer,Page view: /home by u4551,E103,Page view: {page} by {user}
46259,2026-01-13,11:52:35,INFO,WebServer,Page view: /home by u2564,E103,Page view: {page} by {user}
46260,2026-01-13,11:41:10,WARN,InventoryDB,Disk usage > 85% on node node-2,E202,Disk usage > 85% on node {node}
46261,2026-01-13,11:16:50,INFO,WebServer,Page view: /home by u2999,E103,Page view: {page} by {user}
46262,2026-01-13,11:40:36,INFO,WebServer,Health check passed: WebServer,E102,Health check passed: {service}
46263,2026-01-13,11:38:35,INFO,PaymentGateway,Health check passed: PaymentGateway,E102,Health check passed: {service}
46264,2026-01-13,11:38:09,INFO,OrderProcessor,User u4072 login successful,E101,User {user} login successful
46265,2026-01-13,11:17:55,INFO,OrderProcessor,Transaction tx607587 completed in 725ms,E104,Transaction {tx} completed in {time}ms
46266,2026-01-13,11:15:18,INFO,PaymentGateway,Page view: /home by u2032,E103,Page view: {page} by {user}
46267,2026-01-13,11:32:06,ERROR,InventoryDB,Connection refused to InventoryDB at 10.0.0.12,E501,Connection refused to {service} at {ip}
46268,2026-01-13,11:22:07,WARN,AuthService,Disk usage > 85% on node node-1,E202,Disk usage > 85% on node {node}
46269,2026-01-13,11:34:57,INFO,WebServer,Transaction tx952820 completed in 112ms,E104,Transaction {tx} completed in {time}ms
46270,2026-01-13,11:52:59,INFO,AuthService,Page view: /home by u1851,E103,Page view: {page} by {user}
46271,2026-01-13,11:48:32,INFO,WebServer,Page view: /home by u3511,E103,Page view: {page} by {user}
46272,2026-01-13,11:00:24,INFO,WebServer,Health check passed: WebServer,E102,Health check passed: {service}
46273,2026-01-13,11:27:58,INFO,WebServer,Transaction tx529224 completed in 1634ms,E104,Transaction {tx} completed in {time}ms
46274,2026-01-13,11:29:07,WARN,WebServer,Unauthorized access attempt from 10.0.0.45,E401,Unauthorized access attempt from {ip}
46275,2026-01-13,11:16:20,INFO,WebServer,Transaction tx792492 completed in 574ms,E104,Transaction {tx} completed in {time}ms
46276,2026-01-13,11:11:26,INFO,WebServer,User u1246 login successful,E101,User {user} login successful
46277,2026-01-13,11:05:38,INFO,AuthService,Page view: /home by u4434,E103,Page view: {page} by {user}
46278,2026-01-13,11:20:03,INFO,InventoryDB,Page view: /home by u4948,E103,Page view: {page} by {user}
46279,2026-01-13,11:33:00,INFO,PaymentGateway,User u4073 login successful,E101,User {user} login successful
46280,2026-01-13,11:14:08,INFO,PaymentGateway,User u2452 login successful,E101,User {user} login successful
46281,2026-01-13,11:20:38,INFO,WebServer,Transaction tx825042 completed in 1438ms,E104,Transaction {tx} completed in {time}ms
46282,2026-01-13,11:06:19,WARN,AuthService,Disk usage > 85% on node node-2,E202,Disk usage > 85% on node {node}
46283,2026-01-13,11:17:26,WARN,WebServer,High latency (1303ms) detected on WebServer,E201,High latency ({time}ms) detected on {service}
46284,2026-01-13,11:01:37,INFO,WebServer,User u1203 login successful,E101,User {user} login successful
46285,2026-01-13,11:36:36,INFO,WebServer,Transaction tx233642 completed in 543ms,E104,Transaction {tx} completed in {time}ms
46286,2026-01-13,11:06:26,ERROR,WebServer,Timeout waiting for lock on InventoryDB,E502,Timeout waiting for lock on {db}
46287,2026-01-13,11:31:31,INFO,PaymentGateway,Health check passed: PaymentGateway,E102,Health check passed: {service}
46288,2026-01-13,11:22:16,INFO,WebServer,Health check passed: WebServer,E102,Health check passed: {service}
46289,2026-01-13,11:51:40,INFO,WebServer,Health check passed: WebServer,E102,Health check passed: {service}
46290,2026-01-13,11:38:56,INFO,WebServer,Page view: /home by u1294,E103,Page view: {page} by {user}
46291,2026-01-13,11:22:49,INFO,WebServer,Page view: /home by u3540,E103,Page view: {page} by {user}
46292,2026-01-13,11:55:05,INFO,WebServer,Transaction tx784402 completed in 824ms,E104,Transaction {tx} completed in {time}ms
46293,2026-01-13,11:27:20,INFO,OrderProcessor,User u1101 login successful,E101,User {user} login successful
46294,2026-01-13,11:39:33,INFO,AuthService,User u2708 login successful,E101,User {user} login successful
46295,2026-01-13,11:26:52,INFO,OrderProcessor,User u4574 login successful,E101,User {user} login successful
46296,2026-01-13,11:08:03,INFO,WebServer,User u4327 login successful,E101,User {user} login successful
46297,2026-01-13,11:26:42,INFO,WebServer,Page view: /home by u2050,E103,Page view: {page} by {user}
46298,2026-01-13,11:50:21,INFO,PaymentGateway,Transaction tx215308 completed in 644ms,E104,Transaction {tx} completed in {time}ms
46299,2026-01-13,11:20:19,INFO,AuthService,Page view: /home by u1661,E103,Page view: {page} by {user}
46300,2026-01-13,11:20:12,INFO,WebServer,Transaction tx218519 completed in 1159ms,E104,Transaction {tx} completed in {time}ms
46301,2026-01-13,11:29:30,INFO,PaymentGateway,Page view: /home by u3353,E103,Page view: {page} by {user}
46302,2026-01-13,11:03:31,INFO,AuthService,User u4166 login successful,E101,User {user} login successful
46303,2026-01-13,11:28:50,INFO,WebServer,Health check passed: WebServer,E102,Health check passed: {service}
46304,2026-01-13,11:59:07,INFO,WebServer,Transaction tx883540 completed in 1764ms,E104,Transaction {tx} completed in {time}ms
46305,2026-01-13,11:23:22,INFO,WebServer,Transaction tx521407 completed in 44ms,E104,Transaction {tx} completed in {time}ms
46306,2026-01-13,11:50:46,INFO,WebServer,Transaction tx778501 completed in 100ms,E104,Transaction {tx} completed in {time}ms
46307,2026-01-13,11:25:22,INFO,AuthService,Transaction tx477795 completed in 1398ms,E104,Transaction {tx} completed in {time}ms
46308,2026-01-13,11:56:41,INFO,AuthService,User u1299 login successful,E101,User {user} login successful
46309,2026-01-13,11:33:46,INFO,AuthService,Health check passed: AuthService,E102,Health check passed: {service}
46310,2026-01-13,11:51:29,INFO,AuthService,Transaction tx113502 completed in 886ms,E104,Transaction {tx} completed in {time}ms
46311,2026-01-13,11:08:36,INFO,WebServer,Page view: /home by u2076,E103,Page view: {page} by {user}
46312,2026-01-13,11:45:07,INFO,WebServer,Page view: /home by u2864,E103,Page view: {page} by {user}
46313,2026-01-13,11:35:05,INFO,OrderProcessor,Page view: /home by u1444,E103,Page view: {page} by {user}
46314,2026-01-13,11:28:03,INFO,InventoryDB,Page view: /home by u2198,E103,Page view: {page} by {user}
46315,2026-01-13,11:23:40,INFO,WebServer,Health check passed: WebServer,E102,Health check passed: {service}
46316,2026-01-13,11:05:11,INFO,AuthService,User u1688 login successful,E101,User {user} login successful
46317,2026-01-13,11:04:22,INFO,WebServer,Health check passed: WebServer,E102,Health check passed: {service}
46318,2026-01-13,11:23:08,ERROR,PaymentGateway,Connection refused to PaymentGateway at 10.0.0.45,E501,Connection refused to {service} at {ip}
46319,2026-01-13,11:40:23,INFO,WebServer,Page view: /home by u2563,E103,Page view: {page} by {user}
46320,2026-01-13,11:53:53,INFO,WebServer,Page view: /home by u3702,E103,Page view: {page} by {user}
46321,2026-01-13,11:31:29,WARN,AuthService,High latency (1136ms) detected on AuthService,E201,High latency ({time}ms) detected on {service}
46322,2026-01-13,11:37:35,INFO,WebServer,Page view: /home by u3571,E103,Page view: {page} by {user}
46323,2026-01-13,11:43:32,INFO,OrderProcessor,User u1324 login successful,E101,User {user} login successful
46324,2026-01-13,11:51:26,INFO,OrderProcessor,Health check passed: OrderProcessor,E102,Health check passed: {service}
46325,2026-01-13,11:33:51,INFO,WebServer,Transaction tx564567 completed in 1708ms,E104,Transaction {tx} completed in {time}ms
46326,2026-01-13,11:04:47,INFO,AuthService,Page view: /home by u3745,E103,Page view: {page} by {user}
46327,2026-01-13,11:54:40,INFO,WebServer,Page view: /home by u2292,E103,Page view: {page} by {user}
46328,2026-01-13,11:43:21,INFO,WebServer,User u2591 login successful,E101,User {user} login successful
46329,2026-01-13,11:12:01,INFO,PaymentGateway,Page view: /home by u2827,E103,Page view: {page} by {user}
46330,2026-01-13,11:03:41,WARN,WebServer,Disk usage > 85% on node node-1,E202,Disk usage > 85% on node {node}
46331,2026-01-13,11:35:34,INFO,WebServer,Health check passed: WebServer,E102,Health check passed: {service}
46332,2026-01-13,11:01:41,INFO,WebServer,User u4445 login successful,E101,User {user} login successful
46333,2026-01-13,11:11:30,INFO,InventoryDB,Transaction tx892489 completed in 1907ms,E104,Transaction {tx} completed in {time}ms
46334,2026-01-13,11:44:36,INFO,PaymentGateway,Health check passed: PaymentGateway,E102,Health check passed: {service}
46335,2026-01-13,11:02:03,INFO,WebServer,User u2617 login successful,E101,User {user} login successful
46336,2026-01-13,11:53:06,INFO,WebServer,Page view: /home by u4499,E103,Page view: {page} by {user}
46337,2026-01-13,11:20:10,INFO,WebServer,User u1507 login successful,E101,User {user} login successful
46338,2026-01-13,11:08:36,INFO,PaymentGateway,Page view: /home by u1401,E103,Page view: {page} by {user}
46339,2026-01-13,11:17:04,INFO,WebServer,User u4091 login successful,E101,User {user} login successful
46340,2026-01-13,11:41:39,INFO,WebServer,User u2239 login successful,E101,User {user} login successful
46341,2026-01-13,11:41:06,INFO,WebServer,Health check passed: WebServer,E102,Health check passed: {service}
46342,2026-01-13,11:38:30,INFO,AuthService,Page view: /home by u4450,E103,Page view: {page} by {user}
46343,2026-01-13,11:45:06,INFO,WebServer,User u3290 login successful,E101,User {user} login successful
46344,2026-01-13,11:53:50,INFO,WebServer,Page view: /home by u2056,E103,Page view: {page} by {user}
46345,2026-01-13,11:04:20,INFO,WebServer,Transaction tx674104 completed in 1567ms,E104,Transaction {tx} completed in {time}ms
46346,2026-01-13,11:19:52,INFO,AuthService,User u2644 login successful,E101,User {user} login successful
46347,2026-01-13,11:15:12,ERROR,WebServer,Payment declined: Gateway unavailable,E503,Payment declined: Gateway unavailable
46348,2026-01-13,11:22:41,INFO,WebServer,User u4074 login successful,E101,User {user} login successful
46349,2026-01-13,11:11:41,INFO,WebServer,Transaction tx554919 completed in 1069ms,E104,Transaction {tx} completed in {time}ms
46350,2026-01-13,11:23:35,INFO,WebServer,Page view: /home by u4395,E103,Page view: {page} by {user}
46351,2026-01-13,11:56:33,INFO,OrderProcessor,Health check passed: OrderProcessor,E102,Health check passed: {service}
46352,2026-01-13,11:36:59,INFO,PaymentGateway,Transaction tx619726 completed in 327ms,E104,Transaction {tx} completed in {time}ms
46353,2026-01-13,11:32:40,INFO,WebServer,User u2969 login successful,E101,User {user} login successful
46354,2026-01-13,11:39:11,INFO,WebServer,Transaction tx496039 completed in 129ms,E104,Transaction {tx} completed in {time}ms
46355,2026-01-13,11:39:32,INFO,OrderProcessor,User u3002 login successful,E101,User {user} login successful
46356,2026-01-13,11:30:15,INFO,AuthService,Page view: /home by u4346,E103,Page view: {page} by {user}
46357,2026-01-13,11:29:29,INFO,OrderProcessor,User u1290 login successful,E101,User {user} login successful
46358,2026-01-13,11:01:41,INFO,WebServer,Page view: /home by u2830,E103,Page view: {page} by {user}
46359,2026-01-13,11:24:18,INFO,WebServer,User u1508 login successful,E101,User {user} login successful
46360,2026-01-13,11:36:58,INFO,OrderProcessor,Health check passed: OrderProcessor,E102,Health check passed: {service}
46361,2026-01-13,11:58:05,INFO,AuthService,Transaction tx271921 completed in 1123ms,E104,Transaction {tx} completed in {time}ms
46362,2026-01-13,11:41:24,INFO,WebServer,Page view: /home by u3415,E103,Page view: {page} by {user}
46363,2026-01-13,11:52:50,INFO,WebServer,Health check passed: WebServer,E102,Health check passed: {service}
46364,2026-01-13,11:53:59,ERROR,WebServer,Connection refused to WebServer at 10.0.0.45,E501,Connection refused to {service} at {ip}
46365,2026-01-13,11:29:16,INFO,WebServer,Transaction tx500729 completed in 90ms,E104,Transaction {tx} completed in {time}ms
46366,2026-01-13,11:35:17,INFO,AuthService,Health check passed: AuthService,E102,Health check passed: {service}
46367,2026-01-13,11:45:16,INFO,PaymentGateway,User u3192 login successful,E101,User {user} login successful
46368,2026-01-13,11:54:13,INFO,WebServer,Health check passed: WebServer,E102,Health check passed: {service}
46369,2026-01-13,11:02:02,INFO,OrderProcessor,Page view: /home by u3196,E103,Page view: {page} by {user}
46370,2026-01-13,11:28:36,INFO,WebServer,Health check passed: WebServer,E102,Health check passed: {service}
46371,2026-01-13,11:44:08,INFO,AuthService,Health check passed: AuthService,E102,Health check passed: {service}
46372,2026-01-13,11:20:53,INFO,WebServer,Page view: /home by u4632,E103,Page view: {page} by {user}
46373,2026-01-13,11:11:19,WARN,AuthService,Unauthorized access attempt from 10.0.0.45,E401,Unauthorized access attempt from {ip}
46374,2026-01-13,11:40:38,INFO,OrderProcessor,Page view: /home by u4166,E103,Page view: {page} by {user}
46375,2026-01-13,11:47:10,INFO,WebServer,Health check passed: WebServer,E102,Health check passed: {service}
46376,2026-01-13,11:19:44,INFO,WebServer,Transaction tx232314 completed in 1481ms,E104,Transaction {tx} completed in {time}ms
46377,2026-01-13,11:25:26,INFO,WebServer,Transaction tx683183 completed in 731ms,E104,Transaction {tx} completed in {time}ms
46378,2026-01-13,11:18:38,INFO,InventoryDB,Page view: /home by u2434,E103,Page view: {page} by {user}
46379,2026-01-13,11:25:53,INFO,PaymentGateway,Page view: /home by u1470,E103,Page view: {page} by {user}
46380,2026-01-13,11:19:51,INFO,WebServer,Page view: /home by u2552,E103,Page view: {page} by {user}
46381,2026-01-13,11:36:56,INFO,WebServer,Health check passed: WebServer,E102,Health check passed: {service}
46382,2026-01-13,11:32:39,INFO,WebServer,User u1196 login successful,E101,User {user} login successful
46383,2026-01-13,11:56:25,INFO,WebServer,User u1145 login successful,E101,User {user} login successful
46384,2026-01-13,11:10:13,INFO,OrderProcessor,Page view: /home by u2292,E103,Page view: {page} by {user}
46385,2026-01-13,11:54:48,CRITICAL,PaymentGateway,KERNEL PANIC: Node node-5 crashed,E601,KERNEL PANIC: Node {node} crashed
46386,2026-01-13,11:14:32,INFO,WebServer,Health check passed: WebServer,E102,Health check passed: {service}
46387,2026-01-13,11:06:00,INFO,WebServer,Page view: /home by u1483,E103,Page view: {page} by {user}
46388,2026-01-13,11:31:45,INFO,WebServer,Health check passed: WebServer,E102,Health check passed: {service}
46389,2026-01-13,11:25:58,INFO,WebServer,Health check passed: WebServer,E102,Health check passed: {service}
46390,2026-01-13,11:26:29,INFO,AuthService,User u4309 login successful,E101,User {user} login successful
46391,2026-01-13,11:40:49,INFO,WebServer,User u2262 login successful,E101,User {user} login successful
46392,2026-01-13,11:25:16,INFO,WebServer,Page view: /home by u1245,E103,Page view: {page} by {user}
46393,2026-01-13,11:48:11,INFO,OrderProcessor,Page view: /home by u2097,E103,Page view: {page} by {user}
46394,2026-01-13,11:03:03,INFO,WebServer,Transaction tx990983 completed in 443ms,E104,Transaction {tx} completed in {time}ms
46395,2026-01-13,11:49:47,INFO,AuthService,Page view: /home by u1288,E103,Page view: {page} by {user}
46396,2026-01-13,11:52:28,INFO,InventoryDB,Health check passed: InventoryDB,E102,Health check passed: {service}
46397,2026-01-13,11:29:28,ERROR,AuthService,Timeout waiting for lock on InventoryDB,E502,Timeout waiting for lock on {db}
46398,2026-01-13,11:53:07,INFO,OrderProcessor,Transaction tx216959 completed in 1670ms,E104,Transaction {tx} completed in {time}ms
46399,2026-01-13,11:18:04,INFO,WebServer,User u2671 login successful,E101,User {user} login successful
46400,2026-01-13,11:44:38,INFO,WebServer,Health check passed: WebServer,E102,Health check passed: {service}
46401,2026-01-13,11:01:07,INFO,WebServer,Page view: /home by u4616,E103,Page view: {page} by {user}
46402,2026-01-13,11:28:57,INFO,InventoryDB,Transaction tx990192 completed in 1118ms,E104,Transaction {tx} completed in {time}ms
46403,2026-01-13,11:13:09,INFO,WebServer,Health check passed: WebServer,E102,Health check passed: {service}
46404,2026-01-13,11:10:18,INFO,OrderProcessor,Transaction tx118962 completed in 1423ms,E104,Transaction {tx} completed in {time}ms
46405,2026-01-13,11:43:45,INFO,InventoryDB,User u4991 login successful,E101,User {user} login successful
46406,2026-01-13,11:49:18,INFO,WebServer,Health check passed: WebServer,E102,Health check passed: {service}
46407,2026-01-13,11:00:47,INFO,WebServer,Page view: /home by u3717,E103,Page view: {page} by {user}
46408,2026-01-13,11:07:19,INFO,AuthService,Transaction tx737847 completed in 100ms,E104,Transaction {tx} completed in {time}ms
46409,2026-01-13,11:37:39,INFO,WebServer,Page view: /home by u4806,E103,Page view: {page} by {user}
46410,2026-01-13,11:12:56,INFO,AuthService,Transaction tx434052 completed in 923ms,E104,Transaction {tx} completed in {time}ms
46411,2026-01-13,11:42:00,INFO,WebServer,Health check passed: WebServer,E102,Health check passed: {service}
46412,2026-01-13,11:47:50,WARN,AuthService,Disk usage > 85% on node node-5,E202,Disk usage > 85% on node {node}
46413,2026-01-13,11:12:19,INFO,AuthService,User u1680 login successful,E101,User {user} login successful
46414,2026-01-13,11:42:40,INFO,WebServer,User u2264 login successful,E101,User {user} login successful
46415,2026-01-13,11:47:18,INFO,AuthService,User u3750 login successful,E101,User {user} login successful
46416,2026-01-13,11:49:48,ERROR,OrderProcessor,Timeout waiting for lock on InventoryDB,E502,Timeout waiting for lock on {db}
46417,2026-01-13,11:26:11,WARN,AuthService,High latency (1035ms) detected on AuthService,E201,High latency ({time}ms) detected on {service}
46418,2026-01-13,11:17:30,INFO,PaymentGateway,Transaction tx862959 completed in 1301ms,E104,Transaction {tx} completed in {time}ms
46419,2026-01-13,11:06:59,INFO,WebServer,Health check passed: WebServer,E102,Health check passed: {service}
46420,2026-01-13,11:08:24,INFO,WebServer,Page view: /home by u3865,E103,Page view: {page} by {user}
46421,2026-01-13,11:23:38,INFO,WebServer,Page view: /home by u4701,E103,Page view: {page} by {user}
46422,2026-01-13,11:39:54,INFO,WebServer,Page view: /home by u4514,E103,Page view: {page} by {user}
46423,2026-01-13,11:07:20,INFO,WebServer,Page view: /home by u4021,E103,Page view: {page} by {user}
46424,2026-01-13,11:10:44,INFO,OrderProcessor,Transaction tx104486 completed in 1461ms,E104,Transaction {tx} completed in {time}ms
46425,2026-01-13,11:08:52,INFO,WebServer,Transaction tx180474 completed in 1625ms,E104,Transaction {tx} completed in {time}ms
46426,2026-01-13,11:02:41,INFO,PaymentGateway,Page view: /home by u4273,E103,Page view: {page} by {user}
46427,2026-01-13,11:52:58,INFO,WebServer,Transaction tx673262 completed in 1950ms,E104,Transaction {tx} completed in {time}ms
46428,2026-01-13,11:27:02,INFO,WebServer,Health check passed: WebServer,E102,Health check passed: {service}
46429,2026-01-13,11:19:24,INFO,AuthService,Health check passed: AuthService,E102,Health check passed: {service}
46430,2026-01-13,11:07:41,INFO,AuthService,Transaction tx789953 completed in 1538ms,E104,Transaction {tx} completed in {time}ms
46431,2026-01-13,11:20:25,INFO,OrderProcessor,User u1909 login successful,E101,User {user} login successful
46432,2026-01-13,11:06:37,INFO,AuthService,Page view: /home by u3447,E103,Page view: {page} by {user}
46433,2026-01-13,11:26:51,WARN,AuthService,High latency (1612ms) detected on AuthService,E201,High latency ({time}ms) detected on {service}
46434,2026-01-13,11:17:45,INFO,WebServer,Health check passed: WebServer,E102,Health check passed: {service}
46435,2026-01-13,11:52:48,INFO,PaymentGateway,Page view: /home by u3374,E103,Page view: {page} by {user}
46436,2026-01-13,11:41:06,INFO,AuthService,Health check passed: AuthService,E102,Health check passed: {service}
46437,2026-01-13,11:09:36,INFO,PaymentGateway,Page view: /home by u1349,E103,Page view: {page} by {user}
46438,2026-01-13,11:33:08,INFO,WebServer,User u1528 login successful,E101,User {user} login successful
46439,2026-01-13,11:41:33,INFO,WebServer,Transaction tx132346 completed in 1839ms,E104,Transaction {tx} completed in {time}ms
46440,2026-01-13,11:35:13,INFO,AuthService,Transaction tx395537 completed in 372ms,E104,Transaction {tx} completed in {time}ms
46441,2026-01-13,11:59:43,INFO,OrderProcessor,Page view: /home by u4996,E103,Page view: {page} by {user}
46442,2026-01-13,11:03:47,INFO,WebServer,Transaction tx321690 completed in 1398ms,E104,Transaction {tx} completed in {time}ms
46443,2026-01-13,11:19:04,INFO,InventoryDB,User u1271 login successful,E101,User {user} login successful
46444,2026-01-13,11:10:43,INFO,WebServer,User u3164 login successful,E101,User {user} login successful
46445,2026-01-13,11:23:43,INFO,AuthService,User u2486 login successful,E101,User {user} login successful
46446,2026-01-13,11:08:57,INFO,WebServer,Page view: /home by u4301,E103,Page view: {page} by {user}
46447,2026-01-13,11:36:33,INFO,AuthService,Health check passed: AuthService,E102,Health check passed: {service}
46448,2026-01-13,11:52:28,INFO,WebServer,Page view: /home by u4284,E103,Page view: {page} by {user}
46449,2026-01-13,11:37:51,INFO,AuthService,User u3808 login successful,E101,User {user} login successful
46450,2026-01-13,11:53:07,INFO,WebServer,Health check passed: WebServer,E102,Health check passed: {service}
46451,2026-01-13,11:02:03,INFO,WebServer,Health check passed: WebServer,E102,Health check passed: {service}
46452,2026-01-13,11:04:38,INFO,PaymentGateway,User u2117 login successful,E101,User {user} login successful
46453,2026-01-13,11:09:22,WARN,WebServer,Disk usage > 85% on node node-2,E202,Disk usage > 85% on node {node}
46454,2026-01-13,11:13:30,INFO,PaymentGateway,Health check passed: PaymentGateway,E102,Health check passed: {service}
46455,2026-01-13,11:35:55,INFO,WebServer,User u3224 login successful,E101,User {user} login successful
46456,2026-01-13,11:27:02,INFO,WebServer,User u1655 login successful,E101,User {user} login successful
46457,2026-01-13,11:37:49,INFO,PaymentGateway,Transaction tx745852 completed in 158ms,E104,Transaction {tx} completed in {time}ms
46458,2026-01-13,11:42:28,INFO,AuthService,Page view: /home by u2792,E103,Page view: {page} by {user}
46459,2026-01-13,11:47:46,INFO,OrderProcessor,Page view: /home by u2305,E103,Page view: {page} by {user}
46460,2026-01-13,11:13:37,INFO,OrderProcessor,Transaction tx638036 completed in 1427ms,E104,Transaction {tx} completed in {time}ms
46461,2026-01-13,11:31:10,INFO,WebServer,User u4521 login successful,E101,User {user} login successful
46462,2026-01-13,11:49:13,INFO,WebServer,Page view: /home by u1900,E103,Page view: {page} by {user}
46463,2026-01-13,11:26:15,INFO,WebServer,Transaction tx586292 completed in 589ms,E104,Transaction {tx} completed in {time}ms
46464,2026-01-13,11:41:35,INFO,WebServer,Transaction tx355538 completed in 1682ms,E104,Transaction {tx} completed in {time}ms
46465,2026-01-13,11:45:40,INFO,OrderProcessor,Page view: /home by u2324,E103,Page view: {page} by {user}
46466,2026-01-13,11:37:42,INFO,PaymentGateway,User u4293 login successful,E101,User {user} login successful
46467,2026-01-13,11:08:53,INFO,WebServer,User u4468 login successful,E101,User {user} login successful
46468,2026-01-13,11:18:51,INFO,AuthService,Health check passed: AuthService,E102,Health check passed: {service}
46469,2026-01-13,11:57:33,INFO,AuthService,User u4470 login successful,E101,User {user} login successful
46470,2026-01-13,11:13:52,WARN,OrderProcessor,High latency (1002ms) detected on OrderProcessor,E201,High latency ({time}ms) detected on {service}
46471,2026-01-13,11:46:31,INFO,PaymentGateway,Transaction tx727058 completed in 415ms,E104,Transaction {tx} completed in {time}ms
46472,2026-01-13,11:29:43,INFO,WebServer,Transaction tx798846 completed in 1294ms,E104,Transaction {tx} completed in {time}ms
46473,2026-01-13,11:44:32,INFO,OrderProcessor,Health check passed: OrderProcessor,E102,Health check passed: {service}
46474,2026-01-13,11:22:10,INFO,WebServer,Health check passed: WebServer,E102,Health check passed: {service}
46475,2026-01-13,11:29:28,INFO,WebServer,Transaction tx167741 completed in 308ms,E104,Transaction {tx} completed in {time}ms
46476,2026-01-13,11:05:21,INFO,AuthService,Transaction tx748639 completed in 1517ms,E104,Transaction {tx} completed in {time}ms
46477,2026-01-13,11:32:11,INFO,WebServer,Transaction tx240814 completed in 795ms,E104,Transaction {tx} completed in {time}ms
46478,2026-01-13,11:43:43,INFO,WebServer,Page view: /home by u1245,E103,Page view: {page} by {user}
46479,2026-01-13,11:28:18,INFO,AuthService,Page view: /home by u3373,E103,Page view: {page} by {user}
46480,2026-01-13,11:32:52,INFO,InventoryDB,User u4420 login successful,E101,User {user} login successful
46481,2026-01-13,11:41:12,INFO,WebServer,Health check passed: WebServer,E102,Health check passed: {service}
46482,2026-01-13,11:12:35,INFO,WebServer,Health check passed: WebServer,E102,Health check passed: {service}
46483,2026-01-13,11:30:58,INFO,WebServer,Page view: /home by u1411,E103,Page view: {page} by {user}
46484,2026-01-13,11:20:45,INFO,WebServer,Transaction tx387144 completed in 1675ms,E104,Transaction {tx} completed in {time}ms
46485,2026-01-13,11:31:26,INFO,WebServer,Health check passed: WebServer,E102,Health check passed: {service}
46486,2026-01-13,11:45:55,INFO,WebServer,Health check passed: WebServer,E102,Health check passed: {service}
46487,2026-01-13,11:40:54,INFO,WebServer,User u3808 login successful,E101,User {user} login successful
46488,2026-01-13,11:49:07,INFO,WebServer,Page view: /home by u3253,E103,Page view: {page} by {user}
46489,2026-01-13,11:48:54,INFO,WebServer,Transaction tx223440 completed in 699ms,E104,Transaction {tx} completed in {time}ms
46490,2026-01-13,11:01:26,INFO,WebServer,Transaction tx308904 completed in 1829ms,E104,Transaction {tx} completed in {time}ms
46491,2026-01-13,11:18:43,INFO,OrderProcessor,Health check passed: OrderProcessor,E102,Health check passed: {service}
46492,2026-01-13,11:54:10,INFO,WebServer,Health check passed: WebServer,E102,Health check passed: {service}
46493,2026-01-13,11:09:03,INFO,OrderProcessor,Health check passed: OrderProcessor,E102,Health check passed: {service}
46494,2026-01-13,11:55:02,INFO,WebServer,User u1578 login successful,E101,User {user} login successful
46495,2026-01-13,11:45:38,INFO,OrderProcessor,Transaction tx209175 completed in 1978ms,E104,Transaction {tx} completed in {time}ms
46496,2026-01-13,11:21:04,INFO,WebServer,Transaction tx597460 completed in 481ms,E104,Transaction {tx} completed in {time}ms
46497,2026-01-13,11:08:04,INFO,AuthService,Health check passed: AuthService,E102,Health check passed: {service}
46498,2026-01-13,11:56:30,WARN,OrderProcessor,High latency (1242ms) detected on OrderProcessor,E201,High latency ({time}ms) detected on {service}
46499,2026-01-13,11:28:59,INFO,PaymentGateway,Page view: /home by u1895,E103,Page view: {page} by {user}
46500,2026-01-13,11:16:45,INFO,InventoryDB,Transaction tx164105 completed in 1598ms,E104,Transaction {tx} completed in {time}ms
46501,2026-01-13,11:33:11,INFO,WebServer,Transaction tx388553 completed in 1544ms,E104,Transaction {tx} completed in {time}ms
46502,2026-01-13,11:48:44,WARN,InventoryDB,Unauthorized access attempt from 10.0.0.45,E401,Unauthorized access attempt from {ip}
46503,2026-01-13,11:59:21,INFO,AuthService,Health check passed: AuthService,E102,Health check passed: {service}
46504,2026-01-13,11:52:58,INFO,WebServer,Page view: /home by u3583,E103,Page view: {page} by {user}
46505,2026-01-13,11:01:21,INFO,WebServer,Page view: /home by u4281,E103,Page view: {page} by {user}
46506,2026-01-13,11:38:25,INFO,AuthService,Page view: /home by u1323,E103,Page view: {page} by {user}
46507,2026-01-13,11:15:54,INFO,WebServer,User u4915 login successful,E101,User {user} login successful
46508,2026-01-13,11:34:55,WARN,WebServer,Disk usage > 85% on node node-4,E202,Disk usage > 85% on node {node}
46509,2026-01-13,11:56:19,WARN,AuthService,High latency (1325ms) detected on AuthService,E201,High latency ({time}ms) detected on {service}
46510,2026-01-13,11:19:30,INFO,AuthService,Page view: /home by u4999,E103,Page view: {page} by {user}
46511,2026-01-13,11:31:21,INFO,AuthService,Transaction tx265048 completed in 1098ms,E104,Transaction {tx} completed in {time}ms
46512,2026-01-13,11:35:18,INFO,WebServer,User u1802 login successful,E101,User {user} login successful
46513,2026-01-13,11:11:18,INFO,WebServer,Health check passed: WebServer,E102,Health check passed: {service}
46514,2026-01-13,11:35:20,WARN,OrderProcessor,Disk usage > 85% on node node-2,E202,Disk usage > 85% on node {node}
46515,2026-01-13,11:47:43,INFO,WebServer,Health check passed: WebServer,E102,Health check passed: {service}
46516,2026-01-13,11:45:15,INFO,AuthService,Transaction tx935062 completed in 671ms,E104,Transaction {tx} completed in {time}ms
46517,2026-01-13,11:44:46,INFO,OrderProcessor,User u2043 login successful,E101,User {user} login successful
46518,2026-01-13,11:22:52,INFO,WebServer,User u1159 login successful,E101,User {user} login successful
46519,2026-01-13,11:38:51,INFO,WebServer,Page view: /home by u4878,E103,Page view: {page} by {user}
46520,2026-01-13,11:04:24,INFO,PaymentGateway,User u4111 login successful,E101,User {user} login successful
46521,2026-01-13,11:42:01,INFO,WebServer,Transaction tx724172 completed in 646ms,E104,Transaction {tx} completed in {time}ms
46522,2026-01-13,11:06:07,INFO,WebServer,Transaction tx892878 completed in 1695ms,E104,Transaction {tx} completed in {time}ms
46523,2026-01-13,11:47:58,INFO,OrderProcessor,User u3847 login successful,E101,User {user} login successful
46524,2026-01-13,11:30:27,INFO,WebServer,Health check passed: WebServer,E102,Health check passed: {service}
46525,2026-01-13,11:48:24,INFO,AuthService,Health check passed: AuthService,E102,Health check passed: {service}
46526,2026-01-13,11:51:20,INFO,WebServer,User u1310 login successful,E101,User {user} login successful
46527,2026-01-13,11:43:05,INFO,AuthService,Health check passed: AuthService,E102,Health check passed: {service}
46528,2026-01-13,11:34:16,INFO,WebServer,Health check passed: WebServer,E102,Health check passed: {service}
46529,2026-01-13,11:30:37,INFO,AuthService,User u2485 login successful,E101,User {user} login successful
46530,2026-01-13,11:40:28,INFO,WebServer,Page view: /home by u4490,E103,Page view: {page} by {user}
46531,2026-01-13,11:29:11,INFO,WebServer,User u1123 login successful,E101,User {user} login successful
46532,2026-01-13,11:35:16,INFO,WebServer,Page view: /home by u4889,E103,Page view: {page} by {user}
46533,2026-01-13,11:29:38,INFO,OrderProcessor,Page view: /home by u4571,E103,Page view: {page} by {user}
46534,2026-01-13,11:26:03,INFO,AuthService,Page view: /home by u1081,E103,Page view: {page} by {user}
46535,2026-01-13,11:00:27,INFO,OrderProcessor,Transaction tx214441 completed in 889ms,E104,Transaction {tx} completed in {time}ms
46536,2026-01-13,11:33:47,INFO,AuthService,User u3443 login successful,E101,User {user} login successful
46537,2026-01-13,11:10:59,INFO,AuthService,Health check passed: AuthService,E102,Health check passed: {service}
46538,2026-01-13,11:00:13,INFO,WebServer,User u1651 login successful,E101,User {user} login successful
46539,2026-01-13,11:51:26,INFO,AuthService,Transaction tx806840 completed in 336ms,E104,Transaction {tx} completed in {time}ms
46540,2026-01-13,11:21:00,INFO,AuthService,Health check passed: AuthService,E102,Health check passed: {service}
46541,2026-01-13,11:46:38,ERROR,WebServer,Timeout waiting for lock on InventoryDB,E502,Timeout waiting for lock on {db}
46542,2026-01-13,11:34:43,WARN,WebServer,Unauthorized access attempt from 10.0.0.45,E401,Unauthorized access attempt from {ip}
46543,2026-01-13,11:32:29,INFO,OrderProcessor,Health check passed: OrderProcessor,E102,Health check passed: {service}
46544,2026-01-13,11:50:43,INFO,WebServer,User u2034 login successful,E101,User {user} login successful
46545,2026-01-13,11:35:46,INFO,OrderProcessor,User u3553 login successful,E101,User {user} login successful
46546,2026-01-13,11:11:12,INFO,InventoryDB,User u2141 login successful,E101,User {user} login successful
46547,2026-01-13,11:35:13,INFO,AuthService,User u1077 login successful,E101,User {user} login successful
46548,2026-01-13,11:28:15,INFO,AuthService,User u3097 login successful,E101,User {user} login successful
46549,2026-01-13,11:04:12,INFO,PaymentGateway,Page view: /home by u4935,E103,Page view: {page} by {user}
46550,2026-01-13,11:23:30,INFO,WebServer,Health check passed: WebServer,E102,Health check passed: {service}
46551,2026-01-13,11:16:50,INFO,WebServer,User u1529 login successful,E101,User {user} login successful
46552,2026-01-13,11:30:41,INFO,AuthService,User u2513 login successful,E101,User {user} login successful
46553,2026-01-13,11:05:46,INFO,WebServer,Health check passed: WebServer,E102,Health check passed: {service}
46554,2026-01-13,11:08:09,INFO,WebServer,Page view: /home by u2964,E103,Page view: {page} by {user}
46555,2026-01-13,11:20:00,INFO,OrderProcessor,Health check passed: OrderProcessor,E102,Health check passed: {service}
46556,2026-01-13,11:44:17,INFO,WebServer,Page view: /home by u3436,E103,Page view: {page} by {user}
46557,2026-01-13,11:25:05,INFO,WebServer,Health check passed: WebServer,E102,Health check passed: {service}
46558,2026-01-13,11:04:15,INFO,AuthService,User u2540 login successful,E101,User {user} login successful
46559,2026-01-13,11:07:32,INFO,WebServer,Transaction tx235420 completed in 825ms,E104,Transaction {tx} completed in {time}ms
46560,2026-01-13,11:08:22,INFO,AuthService,Transaction tx772023 completed in 878ms,E104,Transaction {tx} completed in {time}ms
46561,2026-01-13,11:20:48,INFO,WebServer,Health check passed: WebServer,E102,Health check passed: {service}
46562,2026-01-13,11:02:47,INFO,WebServer,Health check passed: WebServer,E102,Health check passed: {service}
46563,2026-01-13,11:20:48,INFO,WebServer,Transaction tx214931 completed in 1281ms,E104,Transaction {tx} completed in {time}ms
46564,2026-01-13,11:34:27,INFO,WebServer,Page view: /home by u2357,E103,Page view: {page} by {user}
46565,2026-01-13,11:44:42,INFO,PaymentGateway,Health check passed: PaymentGateway,E102,Health check passed: {service}
46566,2026-01-13,11:52:10,INFO,WebServer,Health check passed: WebServer,E102,Health check passed: {service}
46567,2026-01-13,11:29:06,INFO,AuthService,User u4232 login successful,E101,User {user} login successful
46568,2026-01-13,11:29:46,INFO,OrderProcessor,Transaction tx446362 completed in 1725ms,E104,Transaction {tx} completed in {time}ms
46569,2026-01-13,11:34:45,INFO,WebServer,Health check passed: WebServer,E102,Health check passed: {service}
46570,2026-01-13,11:30:53,INFO,PaymentGateway,Page view: /home by u4812,E103,Page view: {page} by {user}
46571,2026-01-13,11:56:42,INFO,WebServer,Transaction tx615497 completed in 121ms,E104,Transaction {tx} completed in {time}ms
46572,2026-01-13,11:56:14,INFO,WebServer,Page view: /home by u1092,E103,Page view: {page} by {user}
46573,2026-01-13,11:40:24,INFO,WebServer,User u1368 login successful,E101,User {user} login successful
46574,2026-01-13,11:11:23,INFO,WebServer,Health check passed: WebServer,E102,Health check passed: {service}
46575,2026-01-13,11:40:39,INFO,AuthService,Health check passed: AuthService,E102,Health check passed: {service}
46576,2026-01-13,11:35:05,INFO,WebServer,User u1395 login successful,E101,User {user} login successful
46577,2026-01-13,11:29:31,INFO,PaymentGateway,Health check passed: PaymentGateway,E102,Health check passed: {service}
46578,2026-01-13,11:41:37,INFO,OrderProcessor,User u4180 login successful,E101,User {user} login successful
46579,2026-01-13,11:57:10,INFO,WebServer,Transaction tx219448 completed in 1250ms,E104,Transaction {tx} completed in {time}ms
46580,2026-01-13,11:26:38,INFO,WebServer,Page view: /home by u2194,E103,Page view: {page} by {user}
46581,2026-01-13,11:08:44,INFO,WebServer,Health check passed: WebServer,E102,Health check passed: {service}
46582,2026-01-13,11:37:42,INFO,WebServer,User u4948 login successful,E101,User {user} login successful
46583,2026-01-13,11:25:12,INFO,WebServer,Page view: /home by u4256,E103,Page view: {page} by {user}
46584,2026-01-13,11:26:06,INFO,WebServer,Health check passed: WebServer,E102,Health check passed: {service}
46585,2026-01-13,11:29:36,WARN,OrderProcessor,High latency (662ms) detected on OrderProcessor,E201,High latency ({time}ms) detected on {service}
46586,2026-01-13,11:05:13,ERROR,AuthService,Connection refused to AuthService at 10.0.0.45,E501,Connection refused to {service} at {ip}
46587,2026-01-13,11:08:42,INFO,WebServer,Health check passed: WebServer,E102,Health check passed: {service}
46588,2026-01-13,11:42:28,INFO,AuthService,User u1338 login successful,E101,User {user} login successful
46589,2026-01-13,11:49:36,INFO,AuthService,Page view: /home by u4000,E103,Page view: {page} by {user}
46590,2026-01-13,11:27:30,INFO,OrderProcessor,User u1760 login successful,E101,User {user} login successful
46591,2026-01-13,11:45:47,INFO,InventoryDB,Health check passed: InventoryDB,E102,Health check passed: {service}
46592,2026-01-13,11:08:17,INFO,OrderProcessor,Transaction tx159569 completed in 534ms,E104,Transaction {tx} completed in {time}ms
46593,2026-01-13,11:31:43,INFO,AuthService,Transaction tx908224 completed in 1067ms,E104,Transaction {tx} completed in {time}ms
46594,2026-01-13,11:20:38,INFO,InventoryDB,Health check passed: InventoryDB,E102,Health check passed: {service}
46595,2026-01-13,11:59:04,INFO,WebServer,Transaction tx633143 completed in 1999ms,E104,Transaction {tx} completed in {time}ms
46596,2026-01-13,11:59:59,INFO,WebServer,Health check passed: WebServer,E102,Health check passed: {service}
46597,2026-01-13,11:02:18,INFO,OrderProcessor,User u3139 login successful,E101,User {user} login successful
46598,2026-01-13,11:46:32,INFO,WebServer,Transaction tx510294 completed in 770ms,E104,Transaction {tx} completed in {time}ms
46599,2026-01-13,11:35:18,INFO,InventoryDB,User u2813 login successful,E101,User {user} login successful
46600,2026-01-13,11:51:20,INFO,AuthService,User u1236 login successful,E101,User {user} login successful
46601,2026-01-13,11:45:39,INFO,WebServer,User u2197 login successful,E101,User {user} login successful
46602,2026-01-13,11:30:08,INFO,OrderProcessor,Transaction tx293076 completed in 1069ms,E104,Transaction {tx} completed in {time}ms
46603,2026-01-13,11:37:17,INFO,PaymentGateway,Page view: /home by u2001,E103,Page view: {page} by {user}
46604,2026-01-13,11:50:14,INFO,WebServer,User u2211 login successful,E101,User {user} login successful
46605,2026-01-13,11:26:46,INFO,InventoryDB,User u1884 login successful,E101,User {user} login successful
46606,2026-01-13,11:03:37,INFO,AuthService,Page view: /home by u1693,E103,Page view: {page} by {user}
46607,2026-01-13,11:12:13,INFO,WebServer,Health check passed: WebServer,E102,Health check passed: {service}
46608,2026-01-13,11:32:07,INFO,PaymentGateway,Health check passed: PaymentGateway,E102,Health check passed: {service}
46609,2026-01-13,11:55:34,INFO,OrderProcessor,Page view: /home by u1828,E103,Page view: {page} by {user}
46610,2026-01-13,11:44:00,WARN,WebServer,Unauthorized access attempt from 10.0.0.45,E401,Unauthorized access attempt from {ip}
46611,2026-01-13,11:19:55,INFO,OrderProcessor,User u4790 login successful,E101,User {user} login successful
46612,2026-01-13,11:43:50,INFO,WebServer,Health check passed: WebServer,E102,Health check passed: {service}
46613,2026-01-13,11:22:46,INFO,PaymentGateway,Page view: /home by u4512,E103,Page view: {page} by {user}
46614,2026-01-13,11:34:15,INFO,WebServer,Health check passed: WebServer,E102,Health check passed: {service}
46615,2026-01-13,11:49:55,INFO,WebServer,Page view: /home by u4610,E103,Page view: {page} by {user}
46616,2026-01-13,11:48:26,INFO,WebServer,Transaction tx891218 completed in 859ms,E104,Transaction {tx} completed in {time}ms
46617,2026-01-13,11:21:30,INFO,WebServer,Page view: /home by u4628,E103,Page view: {page} by {user}
46618,2026-01-13,11:28:19,INFO,WebServer,Page view: /home by u2909,E103,Page view: {page} by {user}
46619,2026-01-13,11:40:02,INFO,WebServer,Transaction tx442693 completed in 304ms,E104,Transaction {tx} completed in {time}ms
46620,2026-01-13,11:35:34,INFO,PaymentGateway,Page view: /home by u4801,E103,Page view: {page} by {user}
46621,2026-01-13,11:33:09,INFO,InventoryDB,User u3014 login successful,E101,User {user} login successful
46622,2026-01-13,11:27:40,INFO,WebServer,Transaction tx337149 completed in 477ms,E104,Transaction {tx} completed in {time}ms
46623,2026-01-13,11:45:22,INFO,OrderProcessor,Health check passed: OrderProcessor,E102,Health check passed: {service}
46624,2026-01-13,11:56:49,INFO,WebServer,Transaction tx811420 completed in 452ms,E104,Transaction {tx} completed in {time}ms
46625,2026-01-13,11:34:27,INFO,OrderProcessor,Transaction tx509403 completed in 521ms,E104,Transaction {tx} completed in {time}ms
46626,2026-01-13,11:53:36,INFO,WebServer,Page view: /home by u1378,E103,Page view: {page} by {user}
46627,2026-01-13,11:02:29,INFO,AuthService,Health check passed: AuthService,E102,Health check passed: {service}
46628,2026-01-13,11:06:01,INFO,WebServer,Page view: /home by u1312,E103,Page view: {page} by {user}
46629,2026-01-13,11:46:41,INFO,AuthService,User u4765 login successful,E101,User {user} login successful
46630,2026-01-13,11:39:02,INFO,InventoryDB,Page view: /home by u3255,E103,Page view: {page} by {user}
46631,2026-01-13,11:18:06,INFO,WebServer,Health check passed: WebServer,E102,Health check passed: {service}
46632,2026-01-13,11:29:52,INFO,WebServer,Transaction tx177427 completed in 283ms,E104,Transaction {tx} completed in {time}ms
46633,2026-01-13,11:55:49,INFO,WebServer,Transaction tx858559 completed in 1544ms,E104,Transaction {tx} completed in {time}ms
46634,2026-01-13,11:29:56,INFO,AuthService,Transaction tx488399 completed in 1852ms,E104,Transaction {tx} completed in {time}ms
46635,2026-01-13,11:54:50,INFO,WebServer,Health check passed: WebServer,E102,Health check passed: {service}
46636,2026-01-13,11:49:08,INFO,AuthService,Page view: /home by u1370,E103,Page view: {page} by {user}
46637,2026-01-13,11:01:53,INFO,WebServer,Health check passed: WebServer,E102,Health check passed: {service}
46638,2026-01-13,11:29:14,INFO,WebServer,Health check passed: WebServer,E102,Health check passed: {service}
46639,2026-01-13,11:39:25,INFO,WebServer,Health check passed: WebServer,E102,Health check passed: {service}
46640,2026-01-13,11:35:08,CRITICAL,AuthService,KERNEL PANIC: Node node-3 crashed,E601,KERNEL PANIC: Node {node} crashed
46641,2026-01-13,11:21:19,INFO,WebServer,User u1606 login successful,E101,User {user} login successful
46642,2026-01-13,11:25:43,INFO,OrderProcessor,Page view: /home by u3732,E103,Page view: {page} by {user}
46643,2026-01-13,11:59:48,INFO,WebServer,User u2079 login successful,E101,User {user} login successful
46644,2026-01-13,11:40:10,INFO,WebServer,Page view: /home by u1178,E103,Page view: {page} by {user}
46645,2026-01-13,11:53:58,INFO,AuthService,User u1400 login successful,E101,User {user} login successful
46646,2026-01-13,11:32:10,INFO,WebServer,Transaction tx820726 completed in 1164ms,E104,Transaction {tx} completed in {time}ms
46647,2026-01-13,11:49:20,INFO,WebServer,Page view: /home by u2683,E103,Page view: {page} by {user}
46648,2026-01-13,11:30:12,INFO,InventoryDB,Page view: /home by u1952,E103,Page view: {page} by {user}
46649,2026-01-13,11:54:03,INFO,WebServer,User u1878 login successful,E101,User {user} login successful
46650,2026-01-13,11:21:14,INFO,InventoryDB,Health check passed: InventoryDB,E102,Health check passed: {service}
46651,2026-01-13,11:43:19,INFO,WebServer,Page view: /home by u2818,E103,Page view: {page} by {user}
46652,2026-01-13,11:21:28,INFO,AuthService,Page view: /home by u2440,E103,Page view: {page} by {user}
46653,2026-01-13,11:46:18,INFO,PaymentGateway,Page view: /home by u1606,E103,Page view: {page} by {user}
46654,2026-01-13,11:20:55,INFO,PaymentGateway,User u3377 login successful,E101,User {user} login successful
46655,2026-01-13,11:31:00,INFO,PaymentGateway,Transaction tx832366 completed in 1722ms,E104,Transaction {tx} completed in {time}ms
46656,2026-01-13,11:10:59,INFO,AuthService,Transaction tx112680 completed in 279ms,E104,Transaction {tx} completed in {time}ms
46657,2026-01-13,11:24:15,INFO,PaymentGateway,Page view: /home by u4741,E103,Page view: {page} by {user}
46658,2026-01-13,11:40:26,INFO,WebServer,Page view: /home by u3400,E103,Page view: {page} by {user}
46659,2026-01-13,11:25:50,INFO,InventoryDB,User u4820 login successful,E101,User {user} login successful
46660,2026-01-13,11:32:40,INFO,AuthService,Health check passed: AuthService,E102,Health check passed: {service}
46661,2026-01-13,11:24:12,INFO,OrderProcessor,Health check passed: OrderProcessor,E102,Health check passed: {service}
46662,2026-01-13,11:26:32,INFO,AuthService,Health check passed: AuthService,E102,Health check passed: {service}
46663,2026-01-13,11:52:14,INFO,InventoryDB,Transaction tx130776 completed in 1988ms,E104,Transaction {tx} completed in {time}ms
46664,2026-01-13,11:26:30,INFO,OrderProcessor,Health check passed: OrderProcessor,E102,Health check passed: {service}
46665,2026-01-13,11:23:43,INFO,AuthService,User u4619 login successful,E101,User {user} login successful
46666,2026-01-13,11:13:34,INFO,WebServer,User u1731 login successful,E101,User {user} login successful
46667,2026-01-13,11:22:29,INFO,AuthService,User u4758 login successful,E101,User {user} login successful
46668,2026-01-13,11:32:22,INFO,WebServer,User u2534 login successful,E101,User {user} login successful
46669,2026-01-13,11:20:13,INFO,WebServer,Health check passed: WebServer,E102,Health check passed: {service}
46670,2026-01-13,11:41:25,INFO,WebServer,Page view: /home by u1220,E103,Page view: {page} by {user}
46671,2026-01-13,11:04:17,INFO,WebServer,Page view: /home by u4274,E103,Page view: {page} by {user}
46672,2026-01-13,11:16:10,INFO,WebServer,Transaction tx410907 completed in 340ms,E104,Transaction {tx} completed in {time}ms
46673,2026-01-13,11:58:51,INFO,WebServer,Transaction tx888612 completed in 1569ms,E104,Transaction {tx} completed in {time}ms
46674,2026-01-13,11:29:36,INFO,OrderProcessor,User u4193 login successful,E101,User {user} login successful
46675,2026-01-13,11:55:48,INFO,WebServer,Page view: /home by u2166,E103,Page view: {page} by {user}
46676,2026-01-13,11:37:09,INFO,WebServer,Page view: /home by u4535,E103,Page view: {page} by {user}
46677,2026-01-13,11:37:09,INFO,WebServer,Health check passed: WebServer,E102,Health check passed: {service}
46678,2026-01-13,11:50:47,INFO,OrderProcessor,Transaction tx136945 completed in 807ms,E104,Transaction {tx} completed in {time}ms
46679,2026-01-13,11:14:25,INFO,WebServer,Health check passed: WebServer,E102,Health check passed: {service}
46680,2026-01-13,11:13:22,INFO,WebServer,Page view: /home by u4977,E103,Page view: {page} by {user}
46681,2026-01-13,11:43:49,INFO,WebServer,Page view: /home by u2033,E103,Page view: {page} by {user}
46682,2026-01-13,11:07:34,ERROR,WebServer,Connection refused to WebServer at 10.0.0.10,E501,Connection refused to {service} at {ip}
46683,2026-01-13,11:56:39,INFO,AuthService,Transaction tx914041 completed in 1061ms,E104,Transaction {tx} completed in {time}ms
46684,2026-01-13,11:18:43,INFO,AuthService,Health check passed: AuthService,E102,Health check passed: {service}
46685,2026-01-13,11:35:00,INFO,WebServer,Page view: /home by u2986,E103,Page view: {page} by {user}
46686,2026-01-13,11:46:18,INFO,WebServer,Page view: /home by u4778,E103,Page view: {page} by {user}
46687,2026-01-13,11:00:25,INFO,InventoryDB,Transaction tx276543 completed in 564ms,E104,Transaction {tx} completed in {time}ms
46688,2026-01-13,11:52:13,INFO,OrderProcessor,Transaction tx749934 completed in 379ms,E104,Transaction {tx} completed in {time}ms
46689,2026-01-13,11:54:13,INFO,WebServer,Health check passed: WebServer,E102,Health check passed: {service}
46690,2026-01-13,11:33:07,INFO,WebServer,User u2750 login successful,E101,User {user} login successful
46691,2026-01-13,11:09:20,INFO,OrderProcessor,Page view: /home by u2244,E103,Page view: {page} by {user}
46692,2026-01-13,11:54:14,INFO,AuthService,Transaction tx595848 completed in 1818ms,E104,Transaction {tx} completed in {time}ms
46693,2026-01-13,11:44:07,INFO,AuthService,Health check passed: AuthService,E102,Health check passed: {service}
46694,2026-01-13,11:07:31,INFO,OrderProcessor,Page view: /home by u1236,E103,Page view: {page} by {user}
46695,2026-01-13,11:42:00,INFO,WebServer,User u4678 login successful,E101,User {user} login successful
46696,2026-01-13,11:58:26,INFO,AuthService,Health check passed: AuthService,E102,Health check passed: {service}
46697,2026-01-13,11:18:00,INFO,OrderProcessor,Transaction tx613917 completed in 693ms,E104,Transaction {tx} completed in {time}ms
46698,2026-01-13,11:41:44,INFO,OrderProcessor,Health check passed: OrderProcessor,E102,Health check passed: {service}
46699,2026-01-13,11:31:34,INFO,WebServer,Transaction tx751915 completed in 456ms,E104,Transaction {tx} completed in {time}ms
46700,2026-01-13,11:10:06,INFO,AuthService,Health check passed: AuthService,E102,Health check passed: {service}
46701,2026-01-13,11:01:40,INFO,WebServer,Transaction tx947929 completed in 1707ms,E104,Transaction {tx} completed in {time}ms
46702,2026-01-13,11:32:27,INFO,OrderProcessor,Page view: /home by u2940,E103,Page view: {page} by {user}
46703,2026-01-13,11:43:18,INFO,OrderProcessor,Health check passed: OrderProcessor,E102,Health check passed: {service}
46704,2026-01-13,11:25:00,INFO,WebServer,Transaction tx742306 completed in 1999ms,E104,Transaction {tx} completed in {time}ms
46705,2026-01-13,11:24:39,INFO,AuthService,Transaction tx191424 completed in 1187ms,E104,Transaction {tx} completed in {time}ms
46706,2026-01-13,11:02:45,WARN,OrderProcessor,Unauthorized access attempt from 10.0.0.45,E401,Unauthorized access attempt from {ip}
46707,2026-01-13,11:21:53,INFO,InventoryDB,User u1431 login successful,E101,User {user} login successful
46708,2026-01-13,11:23:36,INFO,OrderProcessor,Health check passed: OrderProcessor,E102,Health check passed: {service}
46709,2026-01-13,11:02:47,INFO,OrderProcessor,Health check passed: OrderProcessor,E102,Health check passed: {service}
46710,2026-01-13,11:01:51,INFO,WebServer,Page view: /home by u3730,E103,Page view: {page} by {user}
46711,2026-01-13,11:53:07,INFO,InventoryDB,Health check passed: InventoryDB,E102,Health check passed: {service}
46712,2026-01-13,11:22:55,INFO,AuthService,Transaction tx965163 completed in 1839ms,E104,Transaction {tx} completed in {time}ms
46713,2026-01-13,11:06:50,INFO,PaymentGateway,Page view: /home by u4628,E103,Page view: {page} by {user}
46714,2026-01-13,11:43:37,INFO,WebServer,Health check passed: WebServer,E102,Health check passed: {service}
46715,2026-01-13,11:01:26,INFO,WebServer,Transaction tx758423 completed in 1068ms,E104,Transaction {tx} completed in {time}ms
46716,2026-01-13,11:37:51,INFO,WebServer,Page view: /home by u3325,E103,Page view: {page} by {user}
46717,2026-01-13,11:19:07,INFO,WebServer,Page view: /home by u2162,E103,Page view: {page} by {user}
46718,2026-01-13,11:00:54,INFO,OrderProcessor,Transaction tx109130 completed in 218ms,E104,Transaction {tx} completed in {time}ms
46719,2026-01-13,11:50:44,INFO,WebServer,User u2731 login successful,E101,User {user} login successful
46720,2026-01-13,11:41:36,INFO,WebServer,User u1704 login successful,E101,User {user} login successful
46721,2026-01-13,11:33:09,INFO,WebServer,Page view: /home by u3987,E103,Page view: {page} by {user}
46722,2026-01-13,11:32:09,INFO,WebServer,User u2623 login successful,E101,User {user} login successful
46723,2026-01-13,11:08:11,INFO,WebServer,Page view: /home by u1523,E103,Page view: {page} by {user}
46724,2026-01-13,11:18:08,INFO,WebServer,Page view: /home by u3487,E103,Page view: {page} by {user}
46725,2026-01-13,11:18:04,INFO,AuthService,Health check passed: AuthService,E102,Health check passed: {service}
46726,2026-01-13,11:09:33,INFO,InventoryDB,Transaction tx600624 completed in 1482ms,E104,Transaction {tx} completed in {time}ms
46727,2026-01-13,11:33:07,INFO,WebServer,Transaction tx329091 completed in 582ms,E104,Transaction {tx} completed in {time}ms
46728,2026-01-13,11:40:27,INFO,WebServer,Health check passed: WebServer,E102,Health check passed: {service}
46729,2026-01-13,11:11:01,INFO,PaymentGateway,Page view: /home by u3726,E103,Page view: {page} by {user}
46730,2026-01-13,11:38:45,INFO,WebServer,Transaction tx596723 completed in 1823ms,E104,Transaction {tx} completed in {time}ms
46731,2026-01-13,11:04:32,INFO,WebServer,Transaction tx760590 completed in 606ms,E104,Transaction {tx} completed in {time}ms
46732,2026-01-13,11:27:45,INFO,PaymentGateway,User u3585 login successful,E101,User {user} login successful
46733,2026-01-13,11:04:37,INFO,WebServer,User u2421 login successful,E101,User {user} login successful
46734,2026-01-13,11:35:28,INFO,AuthService,Page view: /home by u4466,E103,Page view: {page} by {user}
46735,2026-01-13,11:41:15,INFO,WebServer,Health check passed: WebServer,E102,Health check passed: {service}
46736,2026-01-13,11:16:48,INFO,OrderProcessor,Health check passed: OrderProcessor,E102,Health check passed: {service}
46737,2026-01-13,11:58:59,INFO,InventoryDB,User u4363 login successful,E101,User {user} login successful
46738,2026-01-13,11:52:12,INFO,WebServer,Health check passed: WebServer,E102,Health check passed: {service}
46739,2026-01-13,11:23:07,INFO,WebServer,Health check passed: WebServer,E102,Health check passed: {service}
46740,2026-01-13,11:14:07,ERROR,OrderProcessor,Connection refused to OrderProcessor at 10.0.0.45,E501,Connection refused to {service} at {ip}
46741,2026-01-13,11:18:17,INFO,WebServer,Transaction tx113750 completed in 401ms,E104,Transaction {tx} completed in {time}ms
46742,2026-01-13,11:19:01,INFO,WebServer,Transaction tx576519 completed in 1749ms,E104,Transaction {tx} completed in {time}ms
46743,2026-01-13,11:27:54,INFO,OrderProcessor,Page view: /home by u3853,E103,Page view: {page} by {user}
46744,2026-01-13,11:32:57,INFO,PaymentGateway,Health check passed: PaymentGateway,E102,Health check passed: {service}
46745,2026-01-13,11:25:52,INFO,WebServer,Transaction tx647607 completed in 826ms,E104,Transaction {tx} completed in {time}ms
46746,2026-01-13,11:14:27,INFO,OrderProcessor,Health check passed: OrderProcessor,E102,Health check passed: {service}
46747,2026-01-13,11:24:58,INFO,WebServer,Health check passed: WebServer,E102,Health check passed: {service}
46748,2026-01-13,11:02:33,INFO,PaymentGateway,Health check passed: PaymentGateway,E102,Health check passed: {service}
46749,2026-01-13,11:30:44,INFO,WebServer,Health check passed: WebServer,E102,Health check passed: {service}
46750,2026-01-13,11:47:01,INFO,AuthService,Transaction tx161294 completed in 861ms,E104,Transaction {tx} completed in {time}ms
46751,2026-01-13,11:34:43,INFO,AuthService,Transaction tx581818 completed in 1399ms,E104,Transaction {tx} completed in {time}ms
46752,2026-01-13,11:46:27,INFO,AuthService,Transaction tx199442 completed in 1503ms,E104,Transaction {tx} completed in {time}ms
46753,2026-01-13,11:53:05,INFO,AuthService,User u1946 login successful,E101,User {user} login successful
46754,2026-01-13,11:58:37,INFO,OrderProcessor,User u3668 login successful,E101,User {user} login successful
46755,2026-01-13,11:55:46,INFO,WebServer,Transaction tx655929 completed in 1882ms,E104,Transaction {tx} completed in {time}ms
46756,2026-01-13,11:05:58,INFO,WebServer,Transaction tx330146 completed in 969ms,E104,Transaction {tx} completed in {time}ms
46757,2026-01-13,11:30:16,INFO,AuthService,Page view: /home by u4493,E103,Page view: {page} by {user}
46758,2026-01-13,11:40:45,INFO,PaymentGateway,Page view: /home by u1784,E103,Page view: {page} by {user}
46759,2026-01-13,11:42:56,INFO,AuthService,User u4321 login successful,E101,User {user} login successful
46760,2026-01-13,11:28:53,INFO,OrderProcessor,User u1727 login successful,E101,User {user} login successful
46761,2026-01-13,11:44:34,INFO,WebServer,Transaction tx996409 completed in 678ms,E104,Transaction {tx} completed in {time}ms
46762,2026-01-13,11:03:47,INFO,OrderProcessor,Health check passed: OrderProcessor,E102,Health check passed: {service}
46763,2026-01-13,11:13:57,INFO,WebServer,User u2776 login successful,E101,User {user} login successful
46764,2026-01-13,11:35:45,INFO,OrderProcessor,Page view: /home by u1725,E103,Page view: {page} by {user}
46765,2026-01-13,11:51:39,INFO,OrderProcessor,Health check passed: OrderProcessor,E102,Health check passed: {service}
46766,2026-01-13,11:01:14,INFO,WebServer,Health check passed: WebServer,E102,Health check passed: {service}
46767,2026-01-13,11:19:09,INFO,WebServer,Page view: /home by u1086,E103,Page view: {page} by {user}
46768,2026-01-13,11:35:44,INFO,WebServer,Health check passed: WebServer,E102,Health check passed: {service}
46769,2026-01-13,11:23:03,INFO,WebServer,Health check passed: WebServer,E102,Health check passed: {service}
46770,2026-01-13,11:38:16,ERROR,InventoryDB,Timeout waiting for lock on InventoryDB,E502,Timeout waiting for lock on {db}
46771,2026-01-13,11:50:34,INFO,AuthService,Transaction tx589707 completed in 1150ms,E104,Transaction {tx} completed in {time}ms
46772,2026-01-13,11:42:37,INFO,WebServer,Page view: /home by u3366,E103,Page view: {page} by {user}
46773,2026-01-13,11:39:18,INFO,WebServer,User u1623 login successful,E101,User {user} login successful
46774,2026-01-13,11:31:45,INFO,WebServer,User u2310 login successful,E101,User {user} login successful
46775,2026-01-13,11:25:01,INFO,OrderProcessor,User u2083 login successful,E101,User {user} login successful
46776,2026-01-13,11:09:19,INFO,WebServer,Health check passed: WebServer,E102,Health check passed: {service}
46777,2026-01-13,11:37:10,INFO,AuthService,Page view: /home by u3937,E103,Page view: {page} by {user}
46778,2026-01-13,11:51:15,INFO,OrderProcessor,User u1329 login successful,E101,User {user} login successful
46779,2026-01-13,11:07:06,INFO,WebServer,User u3549 login successful,E101,User {user} login successful
46780,2026-01-13,11:21:23,WARN,OrderProcessor,Unauthorized access attempt from 10.0.0.99,E401,Unauthorized access attempt from {ip}
46781,2026-01-13,11:22:12,INFO,WebServer,Transaction tx215556 completed in 1035ms,E104,Transaction {tx} completed in {time}ms
46782,2026-01-13,11:25:21,INFO,WebServer,User u3580 login successful,E101,User {user} login successful
46783,2026-01-13,11:22:47,INFO,OrderProcessor,Page view: /home by u2456,E103,Page view: {page} by {user}
46784,2026-01-13,11:44:40,INFO,WebServer,Page view: /home by u3625,E103,Page view: {page} by {user}
46785,2026-01-13,11:28:43,INFO,WebServer,Health check passed: WebServer,E102,Health check passed: {service}
46786,2026-01-13,11:33:03,INFO,AuthService,User u2886 login successful,E101,User {user} login successful
46787,2026-01-13,11:19:24,INFO,OrderProcessor,User u4821 login successful,E101,User {user} login successful
46788,2026-01-13,11:13:13,WARN,AuthService,Disk usage > 85% on node node-2,E202,Disk usage > 85% on node {node}
46789,2026-01-13,11:45:36,INFO,AuthService,User u2896 login successful,E101,User {user} login successful
46790,2026-01-13,11:55:41,INFO,OrderProcessor,Health check passed: OrderProcessor,E102,Health check passed: {service}
46791,2026-01-13,11:24:00,INFO,WebServer,User u1225 login successful,E101,User {user} login successful
46792,2026-01-13,11:27:09,INFO,AuthService,Transaction tx240108 completed in 201ms,E104,Transaction {tx} completed in {time}ms
46793,2026-01-13,11:57:32,INFO,PaymentGateway,Page view: /home by u3626,E103,Page view: {page} by {user}
46794,2026-01-13,11:10:17,INFO,WebServer,Transaction tx283793 completed in 28ms,E104,Transaction {tx} completed in {time}ms
46795,2026-01-13,11:25:06,INFO,AuthService,Page view: /home by u2855,E103,Page view: {page} by {user}
46796,2026-01-13,11:22:34,INFO,WebServer,Health check passed: WebServer,E102,Health check passed: {service}
46797,2026-01-13,11:03:38,INFO,WebServer,Health check passed: WebServer,E102,Health check passed: {service}
46798,2026-01-13,11:35:52,INFO,InventoryDB,Health check passed: InventoryDB,E102,Health check passed: {service}
46799,2026-01-13,11:03:30,INFO,AuthService,Page view: /home by u3401,E103,Page view: {page} by {user}
46800,2026-01-13,11:14:08,INFO,InventoryDB,Page view: /home by u4434,E103,Page view: {page} by {user}
46801,2026-01-13,11:17:22,INFO,WebServer,Health check passed: WebServer,E102,Health check passed: {service}
46802,2026-01-13,11:30:15,INFO,OrderProcessor,Transaction tx272176 completed in 928ms,E104,Transaction {tx} completed in {time}ms
46803,2026-01-13,11:07:40,INFO,WebServer,Transaction tx705208 completed in 759ms,E104,Transaction {tx} completed in {time}ms
46804,2026-01-13,11:04:58,INFO,PaymentGateway,Health check passed: PaymentGateway,E102,Health check passed: {service}
46805,2026-01-13,11:41:03,INFO,WebServer,Health check passed: WebServer,E102,Health check passed: {service}
46806,2026-01-13,11:27:39,INFO,WebServer,User u4264 login successful,E101,User {user} login successful
46807,2026-01-13,11:47:54,INFO,PaymentGateway,Transaction tx723951 completed in 1565ms,E104,Transaction {tx} completed in {time}ms
46808,2026-01-13,11:56:07,INFO,OrderProcessor,Transaction tx937656 completed in 1342ms,E104,Transaction {tx} completed in {time}ms
46809,2026-01-13,11:59:20,WARN,WebServer,High latency (373ms) detected on WebServer,E201,High latency ({time}ms) detected on {service}
46810,2026-01-13,11:19:38,INFO,WebServer,Health check passed: WebServer,E102,Health check passed: {service}
46811,2026-01-13,11:23:21,INFO,AuthService,Page view: /home by u2290,E103,Page view: {page} by {user}
46812,2026-01-13,11:20:58,INFO,WebServer,User u4230 login successful,E101,User {user} login successful
46813,2026-01-13,11:19:40,INFO,AuthService,Transaction tx470629 completed in 524ms,E104,Transaction {tx} completed in {time}ms
46814,2026-01-13,11:44:16,INFO,WebServer,Page view: /home by u3433,E103,Page view: {page} by {user}
46815,2026-01-13,11:19:47,INFO,AuthService,Page view: /home by u1844,E103,Page view: {page} by {user}
46816,2026-01-13,11:01:18,INFO,PaymentGateway,Page view: /home by u3247,E103,Page view: {page} by {user}
46817,2026-01-13,11:43:08,INFO,WebServer,User u2868 login successful,E101,User {user} login successful
46818,2026-01-13,11:09:43,INFO,WebServer,Health check passed: WebServer,E102,Health check passed: {service}
46819,2026-01-13,11:13:11,INFO,WebServer,User u2835 login successful,E101,User {user} login successful
46820,2026-01-13,11:51:34,INFO,WebServer,Health check passed: WebServer,E102,Health check passed: {service}
46821,2026-01-13,11:21:35,INFO,PaymentGateway,User u3172 login successful,E101,User {user} login successful
46822,2026-01-13,11:06:44,INFO,InventoryDB,User u1772 login successful,E101,User {user} login successful
46823,2026-01-13,11:13:09,INFO,PaymentGateway,User u3621 login successful,E101,User {user} login successful
46824,2026-01-13,11:13:47,INFO,PaymentGateway,User u3833 login successful,E101,User {user} login successful
46825,2026-01-13,11:32:29,INFO,WebServer,Page view: /home by u3231,E103,Page view: {page} by {user}
46826,2026-01-13,11:42:36,INFO,AuthService,Health check passed: AuthService,E102,Health check passed: {service}
46827,2026-01-13,11:45:42,INFO,AuthService,Page view: /home by u1944,E103,Page view: {page} by {user}
46828,2026-01-13,11:04:29,INFO,WebServer,Health check passed: WebServer,E102,Health check passed: {service}
46829,2026-01-13,11:18:52,INFO,AuthService,Transaction tx187094 completed in 990ms,E104,Transaction {tx} completed in {time}ms
46830,2026-01-13,11:48:47,INFO,WebServer,User u1953 login successful,E101,User {user} login successful
46831,2026-01-13,11:52:48,INFO,WebServer,Health check passed: WebServer,E102,Health check passed: {service}
46832,2026-01-13,11:48:10,INFO,WebServer,User u3478 login successful,E101,User {user} login successful
46833,2026-01-13,11:45:21,INFO,WebServer,Page view: /home by u2252,E103,Page view: {page} by {user}
46834,2026-01-13,11:44:08,INFO,WebServer,Transaction tx643610 completed in 851ms,E104,Transaction {tx} completed in {time}ms
46835,2026-01-13,11:10:16,INFO,WebServer,User u3565 login successful,E101,User {user} login successful
46836,2026-01-13,11:25:36,INFO,AuthService,Health check passed: AuthService,E102,Health check passed: {service}
46837,2026-01-13,11:54:42,INFO,WebServer,Health check passed: WebServer,E102,Health check passed: {service}
46838,2026-01-13,11:53:23,INFO,PaymentGateway,Transaction tx869141 completed in 909ms,E104,Transaction {tx} completed in {time}ms
46839,2026-01-13,11:48:56,INFO,WebServer,User u1545 login successful,E101,User {user} login successful
46840,2026-01-13,11:31:50,WARN,AuthService,Disk usage > 85% on node node-3,E202,Disk usage > 85% on node {node}
46841,2026-01-13,11:30:39,INFO,PaymentGateway,Health check passed: PaymentGateway,E102,Health check passed: {service}
46842,2026-01-13,11:12:51,INFO,OrderProcessor,User u4213 login successful,E101,User {user} login successful
46843,2026-01-13,11:54:11,WARN,InventoryDB,Unauthorized access attempt from 10.0.0.45,E401,Unauthorized access attempt from {ip}
46844,2026-01-13,11:48:29,INFO,InventoryDB,Transaction tx587326 completed in 37ms,E104,Transaction {tx} completed in {time}ms
46845,2026-01-13,11:41:19,INFO,WebServer,Transaction tx648878 completed in 842ms,E104,Transaction {tx} completed in {time}ms
46846,2026-01-13,11:50:48,INFO,OrderProcessor,User u2138 login successful,E101,User {user} login successful
46847,2026-01-13,11:46:49,INFO,WebServer,Transaction tx313367 completed in 747ms,E104,Transaction {tx} completed in {time}ms
46848,2026-01-13,11:32:30,INFO,WebServer,Transaction tx905707 completed in 859ms,E104,Transaction {tx} completed in {time}ms
46849,2026-01-13,11:00:36,INFO,WebServer,User u3204 login successful,E101,User {user} login successful
46850,2026-01-13,11:55:02,INFO,WebServer,Page view: /home by u1249,E103,Page view: {page} by {user}
46851,2026-01-13,11:45:09,INFO,WebServer,User u2771 login successful,E101,User {user} login successful
46852,2026-01-13,11:45:33,INFO,OrderProcessor,Page view: /home by u3375,E103,Page view: {page} by {user}
46853,2026-01-13,11:57:54,INFO,AuthService,User u3003 login successful,E101,User {user} login successful
46854,2026-01-13,11:25:40,INFO,WebServer,Health check passed: WebServer,E102,Health check passed: {service}
46855,2026-01-13,11:48:41,WARN,WebServer,Disk usage > 85% on node node-1,E202,Disk usage > 85% on node {node}
46856,2026-01-13,11:17:36,INFO,InventoryDB,Health check passed: InventoryDB,E102,Health check passed: {service}
46857,2026-01-13,11:16:12,INFO,WebServer,Health check passed: WebServer,E102,Health check passed: {service}
46858,2026-01-13,11:20:13,INFO,AuthService,Health check passed: AuthService,E102,Health check passed: {service}
46859,2026-01-13,11:41:55,INFO,WebServer,Transaction tx375609 completed in 1183ms,E104,Transaction {tx} completed in {time}ms
46860,2026-01-13,11:24:29,INFO,InventoryDB,Transaction tx112304 completed in 862ms,E104,Transaction {tx} completed in {time}ms
46861,2026-01-13,11:41:22,INFO,WebServer,Page view: /home by u2679,E103,Page view: {page} by {user}
46862,2026-01-13,11:09:05,INFO,WebServer,Page view: /home by u4936,E103,Page view: {page} by {user}
46863,2026-01-13,11:16:46,INFO,WebServer,Transaction tx168621 completed in 20ms,E104,Transaction {tx} completed in {time}ms
46864,2026-01-13,11:24:18,INFO,AuthService,Health check passed: AuthService,E102,Health check passed: {service}
46865,2026-01-13,11:32:45,INFO,WebServer,User u1104 login successful,E101,User {user} login successful
46866,2026-01-13,11:36:25,INFO,OrderProcessor,Page view: /home by u1235,E103,Page view: {page} by {user}
46867,2026-01-13,11:43:43,INFO,WebServer,Health check passed: WebServer,E102,Health check passed: {service}
46868,2026-01-13,11:55:16,INFO,WebServer,Transaction tx837658 completed in 943ms,E104,Transaction {tx} completed in {time}ms
46869,2026-01-13,11:17:04,INFO,WebServer,Transaction tx424282 completed in 876ms,E104,Transaction {tx} completed in {time}ms
46870,2026-01-13,11:43:30,WARN,AuthService,High latency (520ms) detected on AuthService,E201,High latency ({time}ms) detected on {service}
46871,2026-01-13,11:26:05,INFO,InventoryDB,User u3714 login successful,E101,User {user} login successful
46872,2026-01-13,11:47:23,INFO,WebServer,User u3732 login successful,E101,User {user} login successful
46873,2026-01-13,11:06:49,INFO,PaymentGateway,Health check passed: PaymentGateway,E102,Health check passed: {service}
46874,2026-01-13,11:08:54,WARN,OrderProcessor,Disk usage > 85% on node node-5,E202,Disk usage > 85% on node {node}
46875,2026-01-13,11:00:49,INFO,WebServer,User u1045 login successful,E101,User {user} login successful
46876,2026-01-13,11:08:23,INFO,WebServer,Health check passed: WebServer,E102,Health check passed: {service}
46877,2026-01-13,11:21:01,INFO,PaymentGateway,Transaction tx979070 completed in 500ms,E104,Transaction {tx} completed in {time}ms
46878,2026-01-13,11:48:26,INFO,AuthService,User u2103 login successful,E101,User {user} login successful
46879,2026-01-13,11:58:24,INFO,AuthService,User u1299 login successful,E101,User {user} login successful
46880,2026-01-13,11:36:11,INFO,WebServer,User u2421 login successful,E101,User {user} login successful
46881,2026-01-13,11:48:24,INFO,PaymentGateway,Page view: /home by u1991,E103,Page view: {page} by {user}
46882,2026-01-13,11:55:04,INFO,WebServer,User u2071 login successful,E101,User {user} login successful
46883,2026-01-13,11:07:51,INFO,InventoryDB,User u4143 login successful,E101,User {user} login successful
46884,2026-01-13,11:27:39,WARN,PaymentGateway,High latency (116ms) detected on PaymentGateway,E201,High latency ({time}ms) detected on {service}
46885,2026-01-13,11:40:40,INFO,AuthService,Page view: /home by u4986,E103,Page view: {page} by {user}
46886,2026-01-13,11:27:55,INFO,WebServer,Page view: /home by u1772,E103,Page view: {page} by {user}
46887,2026-01-13,11:49:40,INFO,AuthService,Page view: /home by u4766,E103,Page view: {page} by {user}
46888,2026-01-13,11:48:28,INFO,OrderProcessor,Transaction tx298747 completed in 1356ms,E104,Transaction {tx} completed in {time}ms
46889,2026-01-13,11:09:12,INFO,AuthService,Health check passed: AuthService,E102,Health check passed: {service}
46890,2026-01-13,11:38:30,INFO,WebServer,Health check passed: WebServer,E102,Health check passed: {service}
46891,2026-01-13,11:50:33,INFO,WebServer,User u2950 login successful,E101,User {user} login successful
46892,2026-01-13,11:05:20,INFO,WebServer,Transaction tx269353 completed in 248ms,E104,Transaction {tx} completed in {time}ms
46893,2026-01-13,11:30:13,INFO,WebServer,User u3909 login successful,E101,User {user} login successful
46894,2026-01-13,11:42:50,INFO,InventoryDB,Transaction tx444626 completed in 1509ms,E104,Transaction {tx} completed in {time}ms
46895,2026-01-13,11:36:07,INFO,OrderProcessor,Page view: /home by u1964,E103,Page view: {page} by {user}
46896,2026-01-13,11:15:53,INFO,AuthService,User u3720 login successful,E101,User {user} login successful
46897,2026-01-13,11:24:35,INFO,WebServer,Transaction tx595089 completed in 864ms,E104,Transaction {tx} completed in {time}ms
46898,2026-01-13,11:09:23,INFO,WebServer,Transaction tx758332 completed in 1694ms,E104,Transaction {tx} completed in {time}ms
46899,2026-01-13,11:44:03,INFO,WebServer,Health check passed: WebServer,E102,Health check passed: {service}
46900,2026-01-13,11:35:52,INFO,WebServer,Transaction tx145565 completed in 638ms,E104,Transaction {tx} completed in {time}ms
46901,2026-01-13,11:46:39,INFO,WebServer,User u2444 login successful,E101,User {user} login successful
46902,2026-01-13,11:51:49,INFO,WebServer,Page view: /home by u4524,E103,Page view: {page} by {user}
46903,2026-01-13,11:53:16,INFO,PaymentGateway,Health check passed: PaymentGateway,E102,Health check passed: {service}
46904,2026-01-13,11:31:26,INFO,WebServer,Page view: /home by u3344,E103,Page view: {page} by {user}
46905,2026-01-13,11:13:06,INFO,WebServer,Page view: /home by u3429,E103,Page view: {page} by {user}
46906,2026-01-13,11:53:57,INFO,WebServer,Page view: /home by u2428,E103,Page view: {page} by {user}
46907,2026-01-13,11:01:40,INFO,OrderProcessor,Transaction tx161643 completed in 1708ms,E104,Transaction {tx} completed in {time}ms
46908,2026-01-13,11:35:24,INFO,InventoryDB,Transaction tx895848 completed in 1764ms,E104,Transaction {tx} completed in {time}ms
46909,2026-01-13,11:20:35,INFO,WebServer,Health check passed: WebServer,E102,Health check passed: {service}
46910,2026-01-13,11:34:20,INFO,WebServer,Health check passed: WebServer,E102,Health check passed: {service}
46911,2026-01-13,11:23:48,INFO,WebServer,Health check passed: WebServer,E102,Health check passed: {service}
46912,2026-01-13,11:24:13,WARN,WebServer,Disk usage > 85% on node node-1,E202,Disk usage > 85% on node {node}
46913,2026-01-13,11:30:11,ERROR,OrderProcessor,Payment declined: Gateway unavailable,E503,Payment declined: Gateway unavailable
46914,2026-01-13,11:41:53,INFO,WebServer,Transaction tx720613 completed in 801ms,E104,Transaction {tx} completed in {time}ms
46915,2026-01-13,11:37:37,INFO,WebServer,User u2440 login successful,E101,User {user} login successful
46916,2026-01-13,11:08:35,INFO,WebServer,User u1370 login successful,E101,User {user} login successful
46917,2026-01-13,11:17:13,INFO,OrderProcessor,Health check passed: OrderProcessor,E102,Health check passed: {service}
46918,2026-01-13,11:49:31,INFO,OrderProcessor,Transaction tx825183 completed in 1218ms,E104,Transaction {tx} completed in {time}ms
46919,2026-01-13,11:48:45,INFO,WebServer,Transaction tx330023 completed in 488ms,E104,Transaction {tx} completed in {time}ms
46920,2026-01-13,11:19:05,INFO,OrderProcessor,Transaction tx843476 completed in 1001ms,E104,Transaction {tx} completed in {time}ms
46921,2026-01-13,11:08:00,INFO,WebServer,Health check passed: WebServer,E102,Health check passed: {service}
46922,2026-01-13,11:14:40,INFO,OrderProcessor,Transaction tx209467 completed in 836ms,E104,Transaction {tx} completed in {time}ms
46923,2026-01-13,11:12:53,INFO,WebServer,User u1331 login successful,E101,User {user} login successful
46924,2026-01-13,11:21:28,WARN,WebServer,Unauthorized access attempt from 10.0.0.12,E401,Unauthorized access attempt from {ip}
46925,2026-01-13,11:54:51,WARN,WebServer,Unauthorized access attempt from 10.0.0.45,E401,Unauthorized access attempt from {ip}
46926,2026-01-13,11:27:16,INFO,WebServer,Page view: /home by u4691,E103,Page view: {page} by {user}
46927,2026-01-13,11:40:32,INFO,WebServer,Transaction tx340885 completed in 1708ms,E104,Transaction {tx} completed in {time}ms
46928,2026-01-13,11:36:53,INFO,OrderProcessor,Page view: /home by u3531,E103,Page view: {page} by {user}
46929,2026-01-13,11:35:24,INFO,WebServer,Health check passed: WebServer,E102,Health check passed: {service}
46930,2026-01-13,11:45:43,INFO,WebServer,Health check passed: WebServer,E102,Health check passed: {service}
46931,2026-01-13,11:30:52,INFO,WebServer,Page view: /home by u1331,E103,Page view: {page} by {user}
46932,2026-01-13,11:56:55,INFO,WebServer,Transaction tx426540 completed in 1919ms,E104,Transaction {tx} completed in {time}ms
46933,2026-01-13,11:32:19,INFO,WebServer,Health check passed: WebServer,E102,Health check passed: {service}
46934,2026-01-13,11:18:25,INFO,WebServer,Health check passed: WebServer,E102,Health check passed: {service}
46935,2026-01-13,11:55:07,INFO,WebServer,Transaction tx795763 completed in 49ms,E104,Transaction {tx} completed in {time}ms
46936,2026-01-13,11:03:49,INFO,InventoryDB,Page view: /home by u1415,E103,Page view: {page} by {user}
46937,2026-01-13,11:30:32,ERROR,WebServer,Timeout waiting for lock on InventoryDB,E502,Timeout waiting for lock on {db}
46938,2026-01-13,11:14:51,INFO,InventoryDB,Health check passed: InventoryDB,E102,Health check passed: {service}
46939,2026-01-13,11:03:21,INFO,AuthService,Transaction tx760045 completed in 733ms,E104,Transaction {tx} completed in {time}ms
46940,2026-01-13,11:46:54,WARN,WebServer,Unauthorized access attempt from 10.0.0.45,E401,Unauthorized access attempt from {ip}
46941,2026-01-13,11:57:38,ERROR,OrderProcessor,Connection refused to OrderProcessor at 10.0.0.88,E501,Connection refused to {service} at {ip}
46942,2026-01-13,11:26:56,INFO,WebServer,Page view: /home by u4875,E103,Page view: {page} by {user}
46943,2026-01-13,11:54:19,INFO,PaymentGateway,User u4080 login successful,E101,User {user} login successful
46944,2026-01-13,11:25:57,INFO,WebServer,User u3139 login successful,E101,User {user} login successful
46945,2026-01-13,11:39:22,INFO,WebServer,Health check passed: WebServer,E102,Health check passed: {service}
46946,2026-01-13,11:51:53,INFO,WebServer,User u2303 login successful,E101,User {user} login successful
46947,2026-01-13,11:52:08,INFO,OrderProcessor,Transaction tx152559 completed in 1471ms,E104,Transaction {tx} completed in {time}ms
46948,2026-01-13,11:59:33,INFO,WebServer,Page view: /home by u2971,E103,Page view: {page} by {user}
46949,2026-01-13,11:09:36,INFO,WebServer,Page view: /home by u4063,E103,Page view: {page} by {user}
46950,2026-01-13,11:42:48,INFO,AuthService,Health check passed: AuthService,E102,Health check passed: {service}
46951,2026-01-13,11:07:47,INFO,WebServer,Health check passed: WebServer,E102,Health check passed: {service}
46952,2026-01-13,11:22:35,INFO,WebServer,Page view: /home by u3479,E103,Page view: {page} by {user}
46953,2026-01-13,11:22:55,INFO,AuthService,Health check passed: AuthService,E102,Health check passed: {service}
46954,2026-01-13,11:24:27,INFO,WebServer,Transaction tx744794 completed in 487ms,E104,Transaction {tx} completed in {time}ms
46955,2026-01-13,11:10:22,INFO,WebServer,Page view: /home by u1715,E103,Page view: {page} by {user}
46956,2026-01-13,11:13:57,INFO,InventoryDB,User u3007 login successful,E101,User {user} login successful
46957,2026-01-13,11:54:07,INFO,WebServer,Transaction tx305327 completed in 1230ms,E104,Transaction {tx} completed in {time}ms
46958,2026-01-13,11:16:44,INFO,WebServer,Transaction tx908205 completed in 651ms,E104,Transaction {tx} completed in {time}ms
46959,2026-01-13,11:43:06,INFO,WebServer,Health check passed: WebServer,E102,Health check passed: {service}
46960,2026-01-13,11:25:32,INFO,WebServer,Transaction tx503616 completed in 1408ms,E104,Transaction {tx} completed in {time}ms
46961,2026-01-13,11:11:51,INFO,AuthService,Page view: /home by u1144,E103,Page view: {page} by {user}
46962,2026-01-13,11:00:52,INFO,WebServer,Health check passed: WebServer,E102,Health check passed: {service}
46963,2026-01-13,11:59:19,INFO,AuthService,Page view: /home by u1239,E103,Page view: {page} by {user}
46964,2026-01-13,11:55:53,INFO,OrderProcessor,Page view: /home by u1880,E103,Page view: {page} by {user}
46965,2026-01-13,11:18:59,INFO,WebServer,Transaction tx236589 completed in 1654ms,E104,Transaction {tx} completed in {time}ms
46966,2026-01-13,11:49:55,WARN,OrderProcessor,Disk usage > 85% on node node-5,E202,Disk usage > 85% on node {node}
46967,2026-01-13,11:41:24,INFO,AuthService,Health check passed: AuthService,E102,Health check passed: {service}
46968,2026-01-13,11:42:12,INFO,WebServer,User u2205 login successful,E101,User {user} login successful
46969,2026-01-13,11:02:49,INFO,WebServer,User u1721 login successful,E101,User {user} login successful
46970,2026-01-13,11:54:16,INFO,InventoryDB,Health check passed: InventoryDB,E102,Health check passed: {service}
46971,2026-01-13,11:41:42,INFO,OrderProcessor,User u4229 login successful,E101,User {user} login successful
46972,2026-01-13,11:14:03,INFO,AuthService,Transaction tx201866 completed in 453ms,E104,Transaction {tx} completed in {time}ms
46973,2026-01-13,11:30:22,INFO,WebServer,Page view: /home by u2119,E103,Page view: {page} by {user}
46974,2026-01-13,11:34:55,INFO,WebServer,Page view: /home by u4574,E103,Page view: {page} by {user}
46975,2026-01-13,11:22:57,INFO,WebServer,User u1157 login successful,E101,User {user} login successful
46976,2026-01-13,11:42:17,ERROR,OrderProcessor,Payment declined: Gateway unavailable,E503,Payment declined: Gateway unavailable
46977,2026-01-13,11:26:25,INFO,WebServer,Health check passed: WebServer,E102,Health check passed: {service}
46978,2026-01-13,11:03:04,INFO,PaymentGateway,Health check passed: PaymentGateway,E102,Health check passed: {service}
46979,2026-01-13,11:53:28,WARN,AuthService,Unauthorized access attempt from 10.0.0.10,E401,Unauthorized access attempt from {ip}
46980,2026-01-13,11:52:09,INFO,WebServer,Transaction tx795668 completed in 1467ms,E104,Transaction {tx} completed in {time}ms
46981,2026-01-13,11:01:32,INFO,AuthService,User u3852 login successful,E101,User {user} login successful
46982,2026-01-13,11:37:57,INFO,AuthService,Transaction tx115140 completed in 1276ms,E104,Transaction {tx} completed in {time}ms
46983,2026-01-13,11:58:21,INFO,WebServer,Health check passed: WebServer,E102,Health check passed: {service}
46984,2026-01-13,11:15:03,INFO,WebServer,Page view: /home by u2919,E103,Page view: {page} by {user}
46985,2026-01-13,11:02:33,INFO,AuthService,Transaction tx951036 completed in 639ms,E104,Transaction {tx} completed in {time}ms
46986,2026-01-13,11:25:28,INFO,OrderProcessor,User u4934 login successful,E101,User {user} login successful
46987,2026-01-13,11:49:53,INFO,WebServer,User u1184 login successful,E101,User {user} login successful
46988,2026-01-13,11:03:22,INFO,WebServer,User u3672 login successful,E101,User {user} login successful
46989,2026-01-13,11:11:36,INFO,AuthService,Transaction tx595096 completed in 1356ms,E104,Transaction {tx} completed in {time}ms
46990,2026-01-13,11:42:46,WARN,AuthService,High latency (531ms) detected on AuthService,E201,High latency ({time}ms) detected on {service}
46991,2026-01-13,11:34:10,INFO,WebServer,Health check passed: WebServer,E102,Health check passed: {service}
46992,2026-01-13,11:49:47,INFO,WebServer,Transaction tx888716 completed in 1649ms,E104,Transaction {tx} completed in {time}ms
46993,2026-01-13,11:01:09,ERROR,WebServer,Connection refused to WebServer at 10.0.0.45,E501,Connection refused to {service} at {ip}
46994,2026-01-13,11:06:44,INFO,AuthService,Transaction tx801434 completed in 1555ms,E104,Transaction {tx} completed in {time}ms
46995,2026-01-13,11:21:52,INFO,AuthService,User u4249 login successful,E101,User {user} login successful
46996,2026-01-13,11:05:33,INFO,WebServer,Health check passed: WebServer,E102,Health check passed: {service}
46997,2026-01-13,11:10:28,INFO,OrderProcessor,Transaction tx280655 completed in 539ms,E104,Transaction {tx} completed in {time}ms
46998,2026-01-13,11:21:00,INFO,OrderProcessor,Health check passed: OrderProcessor,E102,Health check passed: {service}
46999,2026-01-13,11:30:40,INFO,WebServer,Health check passed: WebServer,E102,Health check passed: {service}
47000,2026-01-13,11:50:38,INFO,OrderProcessor,Health check passed: OrderProcessor,E102,Health check passed: {service}
47001,2026-01-13,11:12:49,INFO,AuthService,User u2966 login successful,E101,User {user} login successful
47002,2026-01-13,11:54:56,INFO,AuthService,Transaction tx463257 completed in 692ms,E104,Transaction {tx} completed in {time}ms
47003,2026-01-13,11:35:03,WARN,WebServer,Disk usage > 85% on node node-4,E202,Disk usage > 85% on node {node}
47004,2026-01-13,11:29:34,INFO,WebServer,Health check passed: WebServer,E102,Health check passed: {service}
47005,2026-01-13,11:48:14,INFO,WebServer,User u2554 login successful,E101,User {user} login successful
47006,2026-01-13,11:38:57,INFO,OrderProcessor,Page view: /home by u4661,E103,Page view: {page} by {user}
47007,2026-01-13,11:26:52,INFO,WebServer,Health check passed: WebServer,E102,Health check passed: {service}
47008,2026-01-13,11:24:35,INFO,WebServer,Page view: /home by u1429,E103,Page view: {page} by {user}
47009,2026-01-13,11:54:12,INFO,PaymentGateway,Transaction tx468438 completed in 688ms,E104,Transaction {tx} completed in {time}ms
47010,2026-01-13,11:06:16,INFO,OrderProcessor,Health check passed: OrderProcessor,E102,Health check passed: {service}
47011,2026-01-13,11:26:30,WARN,AuthService,High latency (595ms) detected on AuthService,E201,High latency ({time}ms) detected on {service}
47012,2026-01-13,11:04:48,INFO,PaymentGateway,Page view: /home by u4906,E103,Page view: {page} by {user}
47013,2026-01-13,11:43:26,INFO,WebServer,User u4471 login successful,E101,User {user} login successful
47014,2026-01-13,11:54:01,INFO,AuthService,Page view: /home by u1001,E103,Page view: {page} by {user}
47015,2026-01-13,11:51:32,INFO,WebServer,Health check passed: WebServer,E102,Health check passed: {service}
47016,2026-01-13,11:37:21,INFO,PaymentGateway,User u4940 login successful,E101,User {user} login successful
47017,2026-01-13,11:59:23,INFO,WebServer,Transaction tx782908 completed in 685ms,E104,Transaction {tx} completed in {time}ms
47018,2026-01-13,11:04:03,ERROR,WebServer,Connection refused to WebServer at 10.0.0.45,E501,Connection refused to {service} at {ip}
47019,2026-01-13,11:08:14,INFO,AuthService,Health check passed: AuthService,E102,Health check passed: {service}
47020,2026-01-13,11:16:45,INFO,WebServer,User u1780 login successful,E101,User {user} login successful
47021,2026-01-13,11:27:26,INFO,WebServer,Transaction tx669561 completed in 908ms,E104,Transaction {tx} completed in {time}ms
47022,2026-01-13,11:13:51,INFO,WebServer,Health check passed: WebServer,E102,Health check passed: {service}
47023,2026-01-13,11:03:05,INFO,PaymentGateway,Page view: /home by u1363,E103,Page view: {page} by {user}
47024,2026-01-13,11:52:18,INFO,AuthService,Health check passed: AuthService,E102,Health check passed: {service}
47025,2026-01-13,11:30:58,INFO,WebServer,Health check passed: WebServer,E102,Health check passed: {service}
47026,2026-01-13,11:28:26,INFO,WebServer,Health check passed: WebServer,E102,Health check passed: {service}
47027,2026-01-13,11:22:22,INFO,AuthService,Page view: /home by u2388,E103,Page view: {page} by {user}
47028,2026-01-13,11:15:20,INFO,WebServer,Transaction tx565769 completed in 1565ms,E104,Transaction {tx} completed in {time}ms
47029,2026-01-13,11:52:04,INFO,WebServer,Page view: /home by u4791,E103,Page view: {page} by {user}
47030,2026-01-13,11:49:18,INFO,WebServer,User u1829 login successful,E101,User {user} login successful
47031,2026-01-13,11:52:24,INFO,AuthService,Health check passed: AuthService,E102,Health check passed: {service}
47032,2026-01-13,11:25:04,INFO,WebServer,Page view: /home by u1605,E103,Page view: {page} by {user}
47033,2026-01-13,11:59:38,INFO,WebServer,Transaction tx159318 completed in 575ms,E104,Transaction {tx} completed in {time}ms
47034,2026-01-13,11:52:05,INFO,WebServer,Health check passed: WebServer,E102,Health check passed: {service}
47035,2026-01-13,11:59:51,INFO,WebServer,Transaction tx298477 completed in 158ms,E104,Transaction {tx} completed in {time}ms
47036,2026-01-13,11:48:08,WARN,AuthService,Disk usage > 85% on node node-5,E202,Disk usage > 85% on node {node}
47037,2026-01-13,11:39:29,INFO,InventoryDB,Transaction tx663092 completed in 662ms,E104,Transaction {tx} completed in {time}ms
47038,2026-01-13,11:18:05,INFO,InventoryDB,Transaction tx214249 completed in 849ms,E104,Transaction {tx} completed in {time}ms
47039,2026-01-13,11:00:45,INFO,WebServer,Transaction tx697175 completed in 1074ms,E104,Transaction {tx} completed in {time}ms
47040,2026-01-13,11:35:50,WARN,WebServer,Unauthorized access attempt from 10.0.0.45,E401,Unauthorized access attempt from {ip}
47041,2026-01-13,11:40:32,INFO,OrderProcessor,Transaction tx860863 completed in 1521ms,E104,Transaction {tx} completed in {time}ms
47042,2026-01-13,11:45:36,INFO,WebServer,Health check passed: WebServer,E102,Health check passed: {service}
47043,2026-01-13,11:53:59,INFO,InventoryDB,User u3510 login successful,E101,User {user} login successful
47044,2026-01-13,11:45:30,INFO,WebServer,User u4544 login successful,E101,User {user} login successful
47045,2026-01-13,11:38:33,INFO,WebServer,Page view: /home by u3637,E103,Page view: {page} by {user}
47046,2026-01-13,11:58:29,INFO,WebServer,User u2390 login successful,E101,User {user} login successful
47047,2026-01-13,11:29:34,INFO,AuthService,Transaction tx724293 completed in 1112ms,E104,Transaction {tx} completed in {time}ms
47048,2026-01-13,11:50:30,INFO,OrderProcessor,Health check passed: OrderProcessor,E102,Health check passed: {service}
47049,2026-01-13,11:09:40,INFO,AuthService,Health check passed: AuthService,E102,Health check passed: {service}
47050,2026-01-13,11:42:57,INFO,WebServer,Page view: /home by u3977,E103,Page view: {page} by {user}
47051,2026-01-13,11:17:03,INFO,PaymentGateway,Page view: /home by u2125,E103,Page view: {page} by {user}
47052,2026-01-13,11:18:27,INFO,WebServer,Health check passed: WebServer,E102,Health check passed: {service}
47053,2026-01-13,11:57:10,INFO,InventoryDB,Health check passed: InventoryDB,E102,Health check passed: {service}
47054,2026-01-13,11:56:06,WARN,OrderProcessor,High latency (1413ms) detected on OrderProcessor,E201,High latency ({time}ms) detected on {service}
47055,2026-01-13,11:59:34,INFO,AuthService,Page view: /home by u2237,E103,Page view: {page} by {user}
47056,2026-01-13,11:21:19,ERROR,PaymentGateway,Payment declined: Gateway unavailable,E503,Payment declined: Gateway unavailable
47057,2026-01-13,11:45:31,ERROR,PaymentGateway,Connection refused to PaymentGateway at 10.0.0.45,E501,Connection refused to {service} at {ip}
47058,2026-01-13,11:29:10,WARN,AuthService,High latency (200ms) detected on AuthService,E201,High latency ({time}ms) detected on {service}
47059,2026-01-13,11:15:46,INFO,AuthService,Transaction tx519953 completed in 565ms,E104,Transaction {tx} completed in {time}ms
47060,2026-01-13,11:12:46,INFO,PaymentGateway,Page view: /home by u4454,E103,Page view: {page} by {user}
47061,2026-01-13,11:44:37,INFO,WebServer,Transaction tx737077 completed in 332ms,E104,Transaction {tx} completed in {time}ms
47062,2026-01-13,11:33:35,INFO,AuthService,Health check passed: AuthService,E102,Health check passed: {service}
47063,2026-01-13,11:28:29,INFO,WebServer,Health check passed: WebServer,E102,Health check passed: {service}
47064,2026-01-13,11:17:23,INFO,AuthService,Page view: /home by u4806,E103,Page view: {page} by {user}
47065,2026-01-13,11:54:12,INFO,WebServer,User u4992 login successful,E101,User {user} login successful
47066,2026-01-13,11:11:00,INFO,WebServer,Page view: /home by u3159,E103,Page view: {page} by {user}
47067,2026-01-13,11:14:02,INFO,OrderProcessor,Transaction tx561792 completed in 1813ms,E104,Transaction {tx} completed in {time}ms
47068,2026-01-13,11:09:22,INFO,PaymentGateway,Health check passed: PaymentGateway,E102,Health check passed: {service}
47069,2026-01-13,11:40:29,INFO,AuthService,User u1055 login successful,E101,User {user} login successful
47070,2026-01-13,11:08:00,INFO,OrderProcessor,Transaction tx903730 completed in 1777ms,E104,Transaction {tx} completed in {time}ms
47071,2026-01-13,11:48:12,INFO,OrderProcessor,Page view: /home by u4131,E103,Page view: {page} by {user}
47072,2026-01-13,11:22:10,INFO,AuthService,Page view: /home by u4066,E103,Page view: {page} by {user}
47073,2026-01-13,11:28:18,INFO,WebServer,Health check passed: WebServer,E102,Health check passed: {service}
47074,2026-01-13,11:22:08,INFO,WebServer,Page view: /home by u3759,E103,Page view: {page} by {user}
47075,2026-01-13,11:13:00,INFO,OrderProcessor,Page view: /home by u1170,E103,Page view: {page} by {user}
47076,2026-01-13,11:50:05,INFO,WebServer,Page view: /home by u1769,E103,Page view: {page} by {user}
47077,2026-01-13,11:23:09,INFO,AuthService,Health check passed: AuthService,E102,Health check passed: {service}
47078,2026-01-13,11:52:41,INFO,WebServer,Health check passed: WebServer,E102,Health check passed: {service}
47079,2026-01-13,11:04:09,INFO,AuthService,User u3861 login successful,E101,User {user} login successful
47080,2026-01-13,11:42:25,INFO,AuthService,User u2056 login successful,E101,User {user} login successful
47081,2026-01-13,11:27:51,INFO,OrderProcessor,User u1959 login successful,E101,User {user} login successful
47082,2026-01-13,11:42:36,INFO,WebServer,Health check passed: WebServer,E102,Health check passed: {service}
47083,2026-01-13,11:45:20,INFO,AuthService,Health check passed: AuthService,E102,Health check passed: {service}
47084,2026-01-13,11:40:28,INFO,AuthService,Transaction tx402085 completed in 1255ms,E104,Transaction {tx} completed in {time}ms
47085,2026-01-13,11:52:01,INFO,WebServer,Transaction tx953531 completed in 1827ms,E104,Transaction {tx} completed in {time}ms
47086,2026-01-13,11:05:48,INFO,WebServer,User u3973 login successful,E101,User {user} login successful
47087,2026-01-13,11:14:03,INFO,OrderProcessor,Page view: /home by u4951,E103,Page view: {page} by {user}
47088,2026-01-13,11:31:27,INFO,WebServer,User u3916 login successful,E101,User {user} login successful
47089,2026-01-13,11:59:06,INFO,PaymentGateway,User u3939 login successful,E101,User {user} login successful
47090,2026-01-13,11:32:19,WARN,WebServer,Unauthorized access attempt from 10.0.0.45,E401,Unauthorized access attempt from {ip}
47091,2026-01-13,11:49:47,INFO,WebServer,Transaction tx774980 completed in 340ms,E104,Transaction {tx} completed in {time}ms
47092,2026-01-13,11:11:58,WARN,OrderProcessor,Unauthorized access attempt from 10.0.0.45,E401,Unauthorized access attempt from {ip}
47093,2026-01-13,11:55:16,INFO,AuthService,Health check passed: AuthService,E102,Health check passed: {service}
47094,2026-01-13,11:46:50,INFO,WebServer,Page view: /home by u4128,E103,Page view: {page} by {user}
47095,2026-01-13,11:39:41,INFO,WebServer,Transaction tx686495 completed in 1063ms,E104,Transaction {tx} completed in {time}ms
47096,2026-01-13,11:46:07,INFO,OrderProcessor,Health check passed: OrderProcessor,E102,Health check passed: {service}
47097,2026-01-13,11:41:58,INFO,OrderProcessor,User u2224 login successful,E101,User {user} login successful
47098,2026-01-13,11:39:50,INFO,OrderProcessor,Health check passed: OrderProcessor,E102,Health check passed: {service}
47099,2026-01-13,11:24:19,INFO,WebServer,User u4391 login successful,E101,User {user} login successful
47100,2026-01-13,11:43:33,WARN,WebServer,Disk usage > 85% on node node-5,E202,Disk usage > 85% on node {node}
47101,2026-01-13,11:19:09,INFO,AuthService,Transaction tx305583 completed in 742ms,E104,Transaction {tx} completed in {time}ms
47102,2026-01-13,11:53:10,INFO,AuthService,User u3687 login successful,E101,User {user} login successful
47103,2026-01-13,11:45:31,INFO,WebServer,Transaction tx883429 completed in 373ms,E104,Transaction {tx} completed in {time}ms
47104,2026-01-13,11:32:52,INFO,WebServer,Transaction tx386714 completed in 410ms,E104,Transaction {tx} completed in {time}ms
47105,2026-01-13,11:16:02,INFO,WebServer,User u1805 login successful,E101,User {user} login successful
47106,2026-01-13,11:31:39,INFO,WebServer,Page view: /home by u3503,E103,Page view: {page} by {user}
47107,2026-01-13,11:04:24,WARN,WebServer,Unauthorized access attempt from 10.0.0.45,E401,Unauthorized access attempt from {ip}
47108,2026-01-13,11:01:24,INFO,WebServer,Health check passed: WebServer,E102,Health check passed: {service}
47109,2026-01-13,11:39:22,INFO,WebServer,User u2054 login successful,E101,User {user} login successful
47110,2026-01-13,11:33:46,INFO,WebServer,Health check passed: WebServer,E102,Health check passed: {service}
47111,2026-01-13,11:30:18,INFO,AuthService,Page view: /home by u2216,E103,Page view: {page} by {user}
47112,2026-01-13,11:01:05,INFO,PaymentGateway,Health check passed: PaymentGateway,E102,Health check passed: {service}
47113,2026-01-13,12:28:14,INFO,OrderProcessor,User u1604 login successful,E101,User {user} login successful
47114,2026-01-13,12:22:09,INFO,AuthService,Health check passed: AuthService,E102,Health check passed: {service}
47115,2026-01-13,12:39:10,INFO,WebServer,User u3826 login successful,E101,User {user} login successful
47116,2026-01-13,12:45:56,INFO,OrderProcessor,Transaction tx931211 completed in 1669ms,E104,Transaction {tx} completed in {time}ms
47117,2026-01-13,12:49:05,INFO,PaymentGateway,Page view: /home by u2194,E103,Page view: {page} by {user}
47118,2026-01-13,12:24:24,INFO,WebServer,Transaction tx335194 completed in 1793ms,E104,Transaction {tx} completed in {time}ms
47119,2026-01-13,12:06:19,INFO,PaymentGateway,Health check passed: PaymentGateway,E102,Health check passed: {service}
47120,2026-01-13,12:24:54,INFO,PaymentGateway,User u4211 login successful,E101,User {user} login successful
47121,2026-01-13,12:53:00,INFO,OrderProcessor,Page view: /home by u3369,E103,Page view: {page} by {user}
47122,2026-01-13,12:24:11,INFO,InventoryDB,Transaction tx285025 completed in 1062ms,E104,Transaction {tx} completed in {time}ms
47123,2026-01-13,12:37:38,INFO,PaymentGateway,Page view: /home by u4111,E103,Page view: {page} by {user}
47124,2026-01-13,12:50:16,INFO,AuthService,Page view: /home by u2927,E103,Page view: {page} by {user}
47125,2026-01-13,12:13:03,CRITICAL,WebServer,KERNEL PANIC: Node node-4 crashed,E601,KERNEL PANIC: Node {node} crashed
47126,2026-01-13,12:35:57,INFO,WebServer,Health check passed: WebServer,E102,Health check passed: {service}
47127,2026-01-13,12:30:47,INFO,AuthService,Transaction tx722076 completed in 429ms,E104,Transaction {tx} completed in {time}ms
47128,2026-01-13,12:43:14,INFO,AuthService,Health check passed: AuthService,E102,Health check passed: {service}
47129,2026-01-13,12:22:27,ERROR,AuthService,Connection refused to AuthService at 10.0.0.45,E501,Connection refused to {service} at {ip}
47130,2026-01-13,12:39:50,INFO,PaymentGateway,Health check passed: PaymentGateway,E102,Health check passed: {service}
47131,2026-01-13,12:26:43,INFO,OrderProcessor,Transaction tx157441 completed in 1386ms,E104,Transaction {tx} completed in {time}ms
47132,2026-01-13,12:49:39,INFO,WebServer,User u3049 login successful,E101,User {user} login successful
47133,2026-01-13,12:05:48,INFO,OrderProcessor,User u3966 login successful,E101,User {user} login successful
47134,2026-01-13,12:46:01,INFO,WebServer,Page view: /home by u1151,E103,Page view: {page} by {user}
47135,2026-01-13,12:25:38,INFO,OrderProcessor,Page view: /home by u2446,E103,Page view: {page} by {user}
47136,2026-01-13,12:19:12,INFO,WebServer,Transaction tx300517 completed in 1353ms,E104,Transaction {tx} completed in {time}ms
47137,2026-01-13,12:53:38,INFO,WebServer,Health check passed: WebServer,E102,Health check passed: {service}
47138,2026-01-13,12:36:43,INFO,WebServer,Health check passed: WebServer,E102,Health check passed: {service}
47139,2026-01-13,12:03:34,INFO,AuthService,Health check passed: AuthService,E102,Health check passed: {service}
47140,2026-01-13,12:27:54,INFO,OrderProcessor,Transaction tx983269 completed in 541ms,E104,Transaction {tx} completed in {time}ms
47141,2026-01-13,12:52:42,INFO,PaymentGateway,Page view: /home by u4909,E103,Page view: {page} by {user}
47142,2026-01-13,12:51:07,INFO,WebServer,Transaction tx392838 completed in 1722ms,E104,Transaction {tx} completed in {time}ms
47143,2026-01-13,12:34:30,INFO,AuthService,Page view: /home by u4995,E103,Page view: {page} by {user}
47144,2026-01-13,12:38:55,INFO,WebServer,User u3750 login successful,E101,User {user} login successful
47145,2026-01-13,12:23:27,INFO,WebServer,Transaction tx848273 completed in 1531ms,E104,Transaction {tx} completed in {time}ms
47146,2026-01-13,12:48:29,INFO,WebServer,Page view: /home by u4586,E103,Page view: {page} by {user}
47147,2026-01-13,12:34:59,INFO,AuthService,Health check passed: AuthService,E102,Health check passed: {service}
47148,2026-01-13,12:49:48,INFO,WebServer,Health check passed: WebServer,E102,Health check passed: {service}
47149,2026-01-13,12:56:30,ERROR,InventoryDB,Payment declined: Gateway unavailable,E503,Payment declined: Gateway unavailable
47150,2026-01-13,12:42:11,INFO,WebServer,Page view: /home by u2531,E103,Page view: {page} by {user}
47151,2026-01-13,12:09:18,INFO,WebServer,User u4646 login successful,E101,User {user} login successful
47152,2026-01-13,12:40:03,INFO,InventoryDB,Transaction tx177155 completed in 872ms,E104,Transaction {tx} completed in {time}ms
47153,2026-01-13,12:32:18,INFO,WebServer,Health check passed: WebServer,E102,Health check passed: {service}
47154,2026-01-13,12:30:45,INFO,WebServer,User u1095 login successful,E101,User {user} login successful
47155,2026-01-13,12:20:57,INFO,WebServer,Health check passed: WebServer,E102,Health check passed: {service}
47156,2026-01-13,12:00:34,INFO,InventoryDB,User u4473 login successful,E101,User {user} login successful
47157,2026-01-13,12:18:08,INFO,AuthService,Transaction tx449406 completed in 1626ms,E104,Transaction {tx} completed in {time}ms
47158,2026-01-13,12:10:46,INFO,WebServer,User u1088 login successful,E101,User {user} login successful
47159,2026-01-13,12:23:43,INFO,PaymentGateway,User u1863 login successful,E101,User {user} login successful
47160,2026-01-13,12:29:09,INFO,InventoryDB,Transaction tx525557 completed in 1828ms,E104,Transaction {tx} completed in {time}ms
47161,2026-01-13,12:23:03,INFO,WebServer,Health check passed: WebServer,E102,Health check passed: {service}
47162,2026-01-13,12:40:00,INFO,WebServer,Transaction tx603409 completed in 863ms,E104,Transaction {tx} completed in {time}ms
47163,2026-01-13,12:19:47,INFO,AuthService,Health check passed: AuthService,E102,Health check passed: {service}
47164,2026-01-13,12:01:11,INFO,WebServer,User u1725 login successful,E101,User {user} login successful
47165,2026-01-13,12:39:57,INFO,OrderProcessor,Page view: /home by u4926,E103,Page view: {page} by {user}
47166,2026-01-13,12:04:54,INFO,WebServer,Page view: /home by u2864,E103,Page view: {page} by {user}
47167,2026-01-13,12:32:37,INFO,WebServer,Health check passed: WebServer,E102,Health check passed: {service}
47168,2026-01-13,12:57:18,INFO,OrderProcessor,User u3831 login successful,E101,User {user} login successful
47169,2026-01-13,12:07:40,INFO,OrderProcessor,Page view: /home by u4032,E103,Page view: {page} by {user}
47170,2026-01-13,12:53:35,INFO,WebServer,Page view: /home by u2202,E103,Page view: {page} by {user}
47171,2026-01-13,12:45:35,INFO,PaymentGateway,Health check passed: PaymentGateway,E102,Health check passed: {service}
47172,2026-01-13,12:50:11,INFO,WebServer,Health check passed: WebServer,E102,Health check passed: {service}
47173,2026-01-13,12:46:40,INFO,WebServer,Transaction tx239369 completed in 511ms,E104,Transaction {tx} completed in {time}ms
47174,2026-01-13,12:05:32,INFO,WebServer,Health check passed: WebServer,E102,Health check passed: {service}
47175,2026-01-13,12:42:46,INFO,AuthService,User u1760 login successful,E101,User {user} login successful
47176,2026-01-13,12:10:16,INFO,WebServer,User u3819 login successful,E101,User {user} login successful
47177,2026-01-13,12:14:11,INFO,WebServer,Page view: /home by u2547,E103,Page view: {page} by {user}
47178,2026-01-13,12:53:44,WARN,OrderProcessor,Disk usage > 85% on node node-2,E202,Disk usage > 85% on node {node}
47179,2026-01-13,12:17:33,INFO,PaymentGateway,Page view: /home by u1663,E103,Page view: {page} by {user}
47180,2026-01-13,12:49:08,INFO,WebServer,Health check passed: WebServer,E102,Health check passed: {service}
47181,2026-01-13,12:52:22,INFO,OrderProcessor,User u1488 login successful,E101,User {user} login successful
47182,2026-01-13,12:52:21,INFO,InventoryDB,Transaction tx114654 completed in 787ms,E104,Transaction {tx} completed in {time}ms
47183,2026-01-13,12:57:08,INFO,WebServer,Health check passed: WebServer,E102,Health check passed: {service}
47184,2026-01-13,12:57:41,INFO,WebServer,Health check passed: WebServer,E102,Health check passed: {service}
47185,2026-01-13,12:54:14,INFO,WebServer,Transaction tx158138 completed in 322ms,E104,Transaction {tx} completed in {time}ms
47186,2026-01-13,12:34:37,INFO,OrderProcessor,Health check passed: OrderProcessor,E102,Health check passed: {service}
47187,2026-01-13,12:43:04,INFO,PaymentGateway,User u2407 login successful,E101,User {user} login successful
47188,2026-01-13,12:01:30,ERROR,AuthService,Connection refused to AuthService at 192.168.1.5,E501,Connection refused to {service} at {ip}
47189,2026-01-13,12:22:31,INFO,WebServer,User u1079 login successful,E101,User {user} login successful
47190,2026-01-13,12:25:12,INFO,WebServer,Page view: /home by u3294,E103,Page view: {page} by {user}
47191,2026-01-13,12:45:11,INFO,WebServer,Health check passed: WebServer,E102,Health check passed: {service}
47192,2026-01-13,12:48:39,INFO,AuthService,Health check passed: AuthService,E102,Health check passed: {service}
47193,2026-01-13,12:03:53,WARN,WebServer,Unauthorized access attempt from 10.0.0.12,E401,Unauthorized access attempt from {ip}
47194,2026-01-13,12:49:37,INFO,WebServer,User u3528 login successful,E101,User {user} login successful
47195,2026-01-13,12:00:38,INFO,WebServer,Health check passed: WebServer,E102,Health check passed: {service}
47196,2026-01-13,12:58:13,INFO,WebServer,Page view: /home by u1885,E103,Page view: {page} by {user}
47197,2026-01-13,12:55:15,INFO,AuthService,Transaction tx405365 completed in 296ms,E104,Transaction {tx} completed in {time}ms
47198,2026-01-13,12:35:29,INFO,AuthService,Page view: /home by u4524,E103,Page view: {page} by {user}
47199,2026-01-13,12:35:52,INFO,WebServer,User u1926 login successful,E101,User {user} login successful
47200,2026-01-13,12:57:14,INFO,InventoryDB,User u1318 login successful,E101,User {user} login successful
47201,2026-01-13,12:35:34,INFO,AuthService,Transaction tx203691 completed in 1354ms,E104,Transaction {tx} completed in {time}ms
47202,2026-01-13,12:57:58,INFO,WebServer,Transaction tx394025 completed in 1134ms,E104,Transaction {tx} completed in {time}ms
47203,2026-01-13,12:29:53,INFO,WebServer,User u2650 login successful,E101,User {user} login successful
47204,2026-01-13,12:24:55,INFO,AuthService,Transaction tx472279 completed in 860ms,E104,Transaction {tx} completed in {time}ms
47205,2026-01-13,12:50:32,INFO,WebServer,User u1621 login successful,E101,User {user} login successful
47206,2026-01-13,12:41:19,INFO,AuthService,Transaction tx356425 completed in 443ms,E104,Transaction {tx} completed in {time}ms
47207,2026-01-13,12:55:49,INFO,WebServer,Health check passed: WebServer,E102,Health check passed: {service}
47208,2026-01-13,12:21:09,ERROR,WebServer,Timeout waiting for lock on InventoryDB,E502,Timeout waiting for lock on {db}
47209,2026-01-13,12:12:04,INFO,WebServer,User u3652 login successful,E101,User {user} login successful
47210,2026-01-13,12:06:42,WARN,PaymentGateway,Unauthorized access attempt from 10.0.0.10,E401,Unauthorized access attempt from {ip}
47211,2026-01-13,12:57:14,INFO,WebServer,Page view: /home by u3019,E103,Page view: {page} by {user}
47212,2026-01-13,12:15:55,INFO,WebServer,User u1471 login successful,E101,User {user} login successful
47213,2026-01-13,12:15:22,INFO,AuthService,Health check passed: AuthService,E102,Health check passed: {service}
47214,2026-01-13,12:48:37,INFO,AuthService,Health check passed: AuthService,E102,Health check passed: {service}
47215,2026-01-13,12:07:30,INFO,AuthService,Page view: /home by u3276,E103,Page view: {page} by {user}
47216,2026-01-13,12:01:38,INFO,WebServer,User u2611 login successful,E101,User {user} login successful
47217,2026-01-13,12:35:21,INFO,WebServer,User u2799 login successful,E101,User {user} login successful
47218,2026-01-13,12:53:17,INFO,WebServer,Health check passed: WebServer,E102,Health check passed: {service}
47219,2026-01-13,12:57:20,INFO,OrderProcessor,Page view: /home by u3162,E103,Page view: {page} by {user}
47220,2026-01-13,12:50:44,INFO,WebServer,Health check passed: WebServer,E102,Health check passed: {service}
47221,2026-01-13,12:56:02,WARN,WebServer,High latency (1085ms) detected on WebServer,E201,High latency ({time}ms) detected on {service}
47222,2026-01-13,12:31:57,INFO,AuthService,Health check passed: AuthService,E102,Health check passed: {service}
47223,2026-01-13,12:36:59,INFO,WebServer,Page view: /home by u2736,E103,Page view: {page} by {user}
47224,2026-01-13,12:12:56,INFO,OrderProcessor,Health check passed: OrderProcessor,E102,Health check passed: {service}
47225,2026-01-13,12:02:03,INFO,OrderProcessor,User u3715 login successful,E101,User {user} login successful
47226,2026-01-13,12:21:34,INFO,PaymentGateway,User u2289 login successful,E101,User {user} login successful
47227,2026-01-13,12:26:02,INFO,WebServer,User u3687 login successful,E101,User {user} login successful
47228,2026-01-13,12:21:26,INFO,WebServer,User u2563 login successful,E101,User {user} login successful
47229,2026-01-13,12:14:49,INFO,AuthService,Transaction tx296422 completed in 670ms,E104,Transaction {tx} completed in {time}ms
47230,2026-01-13,12:23:07,INFO,AuthService,Page view: /home by u3313,E103,Page view: {page} by {user}
47231,2026-01-13,12:48:51,WARN,AuthService,High latency (1251ms) detected on AuthService,E201,High latency ({time}ms) detected on {service}
47232,2026-01-13,12:12:56,INFO,WebServer,Page view: /home by u1597,E103,Page view: {page} by {user}
47233,2026-01-13,12:43:30,INFO,WebServer,Page view: /home by u4766,E103,Page view: {page} by {user}
47234,2026-01-13,12:33:36,INFO,WebServer,Transaction tx683102 completed in 562ms,E104,Transaction {tx} completed in {time}ms
47235,2026-01-13,12:51:16,INFO,AuthService,User u2403 login successful,E101,User {user} login successful
47236,2026-01-13,12:16:48,INFO,WebServer,User u2662 login successful,E101,User {user} login successful
47237,2026-01-13,12:15:21,INFO,AuthService,Page view: /home by u1498,E103,Page view: {page} by {user}
47238,2026-01-13,12:05:56,INFO,AuthService,User u3912 login successful,E101,User {user} login successful
47239,2026-01-13,12:14:44,INFO,WebServer,Page view: /home by u3508,E103,Page view: {page} by {user}
47240,2026-01-13,12:49:05,INFO,AuthService,Health check passed: AuthService,E102,Health check passed: {service}
47241,2026-01-13,12:49:32,INFO,OrderProcessor,Health check passed: OrderProcessor,E102,Health check passed: {service}
47242,2026-01-13,12:39:47,INFO,WebServer,Page view: /home by u1776,E103,Page view: {page} by {user}
47243,2026-01-13,12:02:27,INFO,WebServer,User u3942 login successful,E101,User {user} login successful
47244,2026-01-13,12:45:31,INFO,WebServer,Transaction tx977550 completed in 1731ms,E104,Transaction {tx} completed in {time}ms
47245,2026-01-13,12:05:28,INFO,WebServer,Health check passed: WebServer,E102,Health check passed: {service}
47246,2026-01-13,12:13:58,WARN,WebServer,Unauthorized access attempt from 10.0.0.12,E401,Unauthorized access attempt from {ip}
47247,2026-01-13,12:32:06,INFO,WebServer,User u3622 login successful,E101,User {user} login successful
47248,2026-01-13,12:16:18,INFO,AuthService,Transaction tx498907 completed in 237ms,E104,Transaction {tx} completed in {time}ms
47249,2026-01-13,12:01:14,ERROR,WebServer,Timeout waiting for lock on InventoryDB,E502,Timeout waiting for lock on {db}
47250,2026-01-13,12:14:30,INFO,WebServer,Transaction tx449955 completed in 233ms,E104,Transaction {tx} completed in {time}ms
47251,2026-01-13,12:54:57,INFO,WebServer,Health check passed: WebServer,E102,Health check passed: {service}
47252,2026-01-13,12:26:57,INFO,AuthService,Page view: /home by u1491,E103,Page view: {page} by {user}
47253,2026-01-13,12:22:36,INFO,WebServer,Page view: /home by u4188,E103,Page view: {page} by {user}
47254,2026-01-13,12:08:50,INFO,OrderProcessor,Transaction tx940467 completed in 544ms,E104,Transaction {tx} completed in {time}ms
47255,2026-01-13,12:23:52,INFO,WebServer,User u3451 login successful,E101,User {user} login successful
47256,2026-01-13,12:15:44,INFO,WebServer,Transaction tx764938 completed in 958ms,E104,Transaction {tx} completed in {time}ms
47257,2026-01-13,12:18:25,INFO,WebServer,Health check passed: WebServer,E102,Health check passed: {service}
47258,2026-01-13,12:28:30,INFO,WebServer,Transaction tx770811 completed in 284ms,E104,Transaction {tx} completed in {time}ms
47259,2026-01-13,12:16:44,INFO,AuthService,User u2787 login successful,E101,User {user} login successful
47260,2026-01-13,12:47:58,WARN,OrderProcessor,Unauthorized access attempt from 10.0.0.10,E401,Unauthorized access attempt from {ip}
47261,2026-01-13,12:41:31,INFO,WebServer,Health check passed: WebServer,E102,Health check passed: {service}
47262,2026-01-13,12:40:52,INFO,AuthService,User u4034 login successful,E101,User {user} login successful
47263,2026-01-13,12:26:15,INFO,WebServer,Page view: /home by u3065,E103,Page view: {page} by {user}
47264,2026-01-13,12:43:47,ERROR,WebServer,Connection refused to WebServer at 10.0.0.88,E501,Connection refused to {service} at {ip}
47265,2026-01-13,12:31:04,INFO,OrderProcessor,User u1466 login successful,E101,User {user} login successful
47266,2026-01-13,12:01:38,INFO,InventoryDB,Transaction tx384930 completed in 78ms,E104,Transaction {tx} completed in {time}ms
47267,2026-01-13,12:30:08,INFO,OrderProcessor,Transaction tx442928 completed in 1273ms,E104,Transaction {tx} completed in {time}ms
47268,2026-01-13,12:37:01,WARN,WebServer,Disk usage > 85% on node node-2,E202,Disk usage > 85% on node {node}
47269,2026-01-13,12:05:13,INFO,PaymentGateway,Transaction tx265959 completed in 343ms,E104,Transaction {tx} completed in {time}ms
47270,2026-01-13,12:03:04,INFO,WebServer,Page view: /home by u2004,E103,Page view: {page} by {user}
47271,2026-01-13,12:30:21,INFO,WebServer,Health check passed: WebServer,E102,Health check passed: {service}
47272,2026-01-13,12:43:54,INFO,WebServer,User u1756 login successful,E101,User {user} login successful
47273,2026-01-13,12:45:24,INFO,OrderProcessor,Transaction tx530821 completed in 408ms,E104,Transaction {tx} completed in {time}ms
47274,2026-01-13,12:12:23,INFO,WebServer,Page view: /home by u3508,E103,Page view: {page} by {user}
47275,2026-01-13,12:51:18,INFO,WebServer,Health check passed: WebServer,E102,Health check passed: {service}
47276,2026-01-13,12:36:04,INFO,WebServer,User u1859 login successful,E101,User {user} login successful
47277,2026-01-13,12:37:00,WARN,WebServer,Unauthorized access attempt from 10.0.0.45,E401,Unauthorized access attempt from {ip}
47278,2026-01-13,12:22:21,ERROR,InventoryDB,Timeout waiting for lock on InventoryDB,E502,Timeout waiting for lock on {db}
47279,2026-01-13,12:22:27,INFO,OrderProcessor,Transaction tx918969 completed in 1094ms,E104,Transaction {tx} completed in {time}ms
47280,2026-01-13,12:24:51,ERROR,WebServer,Connection refused to WebServer at 192.168.1.5,E501,Connection refused to {service} at {ip}
47281,2026-01-13,12:09:08,INFO,OrderProcessor,User u3796 login successful,E101,User {user} login successful
47282,2026-01-13,12:39:03,INFO,WebServer,User u2127 login successful,E101,User {user} login successful
47283,2026-01-13,12:54:26,INFO,OrderProcessor,Page view: /home by u2439,E103,Page view: {page} by {user}
47284,2026-01-13,12:42:03,INFO,WebServer,User u4400 login successful,E101,User {user} login successful
47285,2026-01-13,12:56:52,INFO,WebServer,Page view: /home by u1271,E103,Page view: {page} by {user}
47286,2026-01-13,12:47:47,INFO,InventoryDB,Health check passed: InventoryDB,E102,Health check passed: {service}
47287,2026-01-13,12:20:06,INFO,OrderProcessor,Transaction tx434340 completed in 616ms,E104,Transaction {tx} completed in {time}ms
47288,2026-01-13,12:46:04,INFO,WebServer,Health check passed: WebServer,E102,Health check passed: {service}
47289,2026-01-13,12:54:25,INFO,WebServer,Transaction tx887910 completed in 1669ms,E104,Transaction {tx} completed in {time}ms
47290,2026-01-13,12:06:27,INFO,WebServer,Health check passed: WebServer,E102,Health check passed: {service}
47291,2026-01-13,12:47:50,INFO,InventoryDB,Health check passed: InventoryDB,E102,Health check passed: {service}
47292,2026-01-13,12:41:56,INFO,InventoryDB,Transaction tx800297 completed in 647ms,E104,Transaction {tx} completed in {time}ms
47293,2026-01-13,12:06:06,WARN,InventoryDB,Disk usage > 85% on node node-3,E202,Disk usage > 85% on node {node}
47294,2026-01-13,12:35:05,INFO,AuthService,Transaction tx381700 completed in 1278ms,E104,Transaction {tx} completed in {time}ms
47295,2026-01-13,12:02:11,INFO,WebServer,Page view: /home by u1591,E103,Page view: {page} by {user}
47296,2026-01-13,12:15:50,INFO,AuthService,User u4718 login successful,E101,User {user} login successful
47297,2026-01-13,12:19:44,WARN,AuthService,Disk usage > 85% on node node-2,E202,Disk usage > 85% on node {node}
47298,2026-01-13,12:26:13,INFO,AuthService,Health check passed: AuthService,E102,Health check passed: {service}
47299,2026-01-13,12:30:35,INFO,PaymentGateway,User u2610 login successful,E101,User {user} login successful
47300,2026-01-13,12:16:39,ERROR,AuthService,Connection refused to AuthService at 10.0.0.12,E501,Connection refused to {service} at {ip}
47301,2026-01-13,12:42:09,INFO,AuthService,Health check passed: AuthService,E102,Health check passed: {service}
47302,2026-01-13,12:43:55,INFO,OrderProcessor,Page view: /home by u2278,E103,Page view: {page} by {user}
47303,2026-01-13,12:17:17,INFO,WebServer,User u2368 login successful,E101,User {user} login successful
47304,2026-01-13,12:18:58,INFO,OrderProcessor,Transaction tx157600 completed in 29ms,E104,Transaction {tx} completed in {time}ms
47305,2026-01-13,12:38:39,INFO,WebServer,Health check passed: WebServer,E102,Health check passed: {service}
47306,2026-01-13,12:48:33,INFO,WebServer,User u1089 login successful,E101,User {user} login successful
47307,2026-01-13,12:26:32,INFO,AuthService,Transaction tx140458 completed in 1877ms,E104,Transaction {tx} completed in {time}ms
47308,2026-01-13,12:44:27,INFO,WebServer,Health check passed: WebServer,E102,Health check passed: {service}
47309,2026-01-13,12:05:08,INFO,AuthService,User u4653 login successful,E101,User {user} login successful
47310,2026-01-13,12:54:20,INFO,WebServer,User u3606 login successful,E101,User {user} login successful
47311,2026-01-13,12:26:30,INFO,WebServer,Transaction tx976265 completed in 357ms,E104,Transaction {tx} completed in {time}ms
47312,2026-01-13,12:24:00,WARN,WebServer,Disk usage > 85% on node node-1,E202,Disk usage > 85% on node {node}
47313,2026-01-13,12:25:32,WARN,WebServer,Disk usage > 85% on node node-1,E202,Disk usage > 85% on node {node}
47314,2026-01-13,12:00:15,WARN,WebServer,High latency (809ms) detected on WebServer,E201,High latency ({time}ms) detected on {service}
47315,2026-01-13,12:36:24,INFO,OrderProcessor,User u3778 login successful,E101,User {user} login successful
47316,2026-01-13,12:15:43,INFO,WebServer,Health check passed: WebServer,E102,Health check passed: {service}
47317,2026-01-13,12:56:21,INFO,WebServer,User u2671 login successful,E101,User {user} login successful
47318,2026-01-13,12:25:31,INFO,WebServer,Transaction tx202716 completed in 1310ms,E104,Transaction {tx} completed in {time}ms
47319,2026-01-13,12:25:21,INFO,PaymentGateway,Transaction tx563169 completed in 537ms,E104,Transaction {tx} completed in {time}ms
47320,2026-01-13,12:34:10,INFO,WebServer,User u4043 login successful,E101,User {user} login successful
47321,2026-01-13,12:58:55,INFO,WebServer,Page view: /home by u1962,E103,Page view: {page} by {user}
47322,2026-01-13,12:18:04,INFO,WebServer,Page view: /home by u4981,E103,Page view: {page} by {user}
47323,2026-01-13,12:06:11,INFO,WebServer,Transaction tx168768 completed in 463ms,E104,Transaction {tx} completed in {time}ms
47324,2026-01-13,12:34:18,INFO,AuthService,Health check passed: AuthService,E102,Health check passed: {service}
47325,2026-01-13,12:44:21,INFO,AuthService,Transaction tx862284 completed in 1572ms,E104,Transaction {tx} completed in {time}ms
47326,2026-01-13,12:52:29,INFO,OrderProcessor,User u1834 login successful,E101,User {user} login successful
47327,2026-01-13,12:16:30,INFO,PaymentGateway,User u3037 login successful,E101,User {user} login successful
47328,2026-01-13,12:08:26,INFO,OrderProcessor,Transaction tx319094 completed in 1886ms,E104,Transaction {tx} completed in {time}ms
47329,2026-01-13,12:44:27,INFO,WebServer,Health check passed: WebServer,E102,Health check passed: {service}
47330,2026-01-13,12:37:36,INFO,PaymentGateway,Transaction tx414519 completed in 867ms,E104,Transaction {tx} completed in {time}ms
47331,2026-01-13,12:18:36,INFO,WebServer,Health check passed: WebServer,E102,Health check passed: {service}
47332,2026-01-13,12:08:52,INFO,WebServer,Transaction tx703420 completed in 1787ms,E104,Transaction {tx} completed in {time}ms
47333,2026-01-13,12:38:50,INFO,AuthService,Transaction tx691901 completed in 105ms,E104,Transaction {tx} completed in {time}ms
47334,2026-01-13,12:35:05,WARN,OrderProcessor,Disk usage > 85% on node node-5,E202,Disk usage > 85% on node {node}
47335,2026-01-13,12:39:31,ERROR,WebServer,Connection refused to WebServer at 10.0.0.45,E501,Connection refused to {service} at {ip}
47336,2026-01-13,12:42:42,INFO,WebServer,Page view: /home by u3878,E103,Page view: {page} by {user}
47337,2026-01-13,12:04:17,WARN,OrderProcessor,High latency (929ms) detected on OrderProcessor,E201,High latency ({time}ms) detected on {service}
47338,2026-01-13,12:27:55,INFO,WebServer,Health check passed: WebServer,E102,Health check passed: {service}
47339,2026-01-13,12:43:44,INFO,AuthService,Transaction tx737808 completed in 907ms,E104,Transaction {tx} completed in {time}ms
47340,2026-01-13,12:18:33,INFO,InventoryDB,Health check passed: InventoryDB,E102,Health check passed: {service}
47341,2026-01-13,12:45:56,INFO,WebServer,Health check passed: WebServer,E102,Health check passed: {service}
47342,2026-01-13,12:39:02,INFO,WebServer,User u1765 login successful,E101,User {user} login successful
47343,2026-01-13,12:13:18,INFO,AuthService,Health check passed: AuthService,E102,Health check passed: {service}
47344,2026-01-13,12:48:08,INFO,WebServer,Transaction tx380956 completed in 905ms,E104,Transaction {tx} completed in {time}ms
47345,2026-01-13,12:58:13,INFO,WebServer,Transaction tx493542 completed in 1190ms,E104,Transaction {tx} completed in {time}ms
47346,2026-01-13,12:22:33,CRITICAL,WebServer,KERNEL PANIC: Node node-5 crashed,E601,KERNEL PANIC: Node {node} crashed
47347,2026-01-13,12:39:32,INFO,OrderProcessor,Page view: /home by u4469,E103,Page view: {page} by {user}
47348,2026-01-13,12:43:31,INFO,WebServer,User u2314 login successful,E101,User {user} login successful
47349,2026-01-13,12:03:04,INFO,PaymentGateway,Transaction tx406602 completed in 1396ms,E104,Transaction {tx} completed in {time}ms
47350,2026-01-13,12:37:37,WARN,WebServer,Disk usage > 85% on node node-4,E202,Disk usage > 85% on node {node}
47351,2026-01-13,12:28:56,INFO,PaymentGateway,User u3902 login successful,E101,User {user} login successful
47352,2026-01-13,12:14:13,INFO,WebServer,Page view: /home by u4224,E103,Page view: {page} by {user}
47353,2026-01-13,12:30:27,INFO,WebServer,Health check passed: WebServer,E102,Health check passed: {service}
47354,2026-01-13,12:10:38,INFO,WebServer,Page view: /home by u1546,E103,Page view: {page} by {user}
47355,2026-01-13,12:07:27,INFO,AuthService,User u2938 login successful,E101,User {user} login successful
47356,2026-01-13,12:16:12,INFO,WebServer,Transaction tx335390 completed in 374ms,E104,Transaction {tx} completed in {time}ms
47357,2026-01-13,12:13:46,INFO,WebServer,Page view: /home by u2963,E103,Page view: {page} by {user}
47358,2026-01-13,12:49:14,INFO,WebServer,User u4853 login successful,E101,User {user} login successful
47359,2026-01-13,12:04:19,INFO,WebServer,User u2771 login successful,E101,User {user} login successful
47360,2026-01-13,12:25:24,INFO,PaymentGateway,User u3753 login successful,E101,User {user} login successful
47361,2026-01-13,12:17:56,INFO,InventoryDB,Transaction tx641103 completed in 579ms,E104,Transaction {tx} completed in {time}ms
47362,2026-01-13,12:45:53,INFO,WebServer,Transaction tx482801 completed in 1370ms,E104,Transaction {tx} completed in {time}ms
47363,2026-01-13,12:07:30,INFO,AuthService,Page view: /home by u4789,E103,Page view: {page} by {user}
47364,2026-01-13,12:38:15,INFO,PaymentGateway,Health check passed: PaymentGateway,E102,Health check passed: {service}
47365,2026-01-13,12:56:07,INFO,WebServer,User u1808 login successful,E101,User {user} login successful
47366,2026-01-13,12:52:42,INFO,WebServer,Page view: /home by u1986,E103,Page view: {page} by {user}
47367,2026-01-13,12:27:34,INFO,WebServer,Transaction tx436461 completed in 734ms,E104,Transaction {tx} completed in {time}ms
47368,2026-01-13,12:25:11,INFO,WebServer,Transaction tx116880 completed in 262ms,E104,Transaction {tx} completed in {time}ms
47369,2026-01-13,12:58:47,INFO,WebServer,Transaction tx809754 completed in 1326ms,E104,Transaction {tx} completed in {time}ms
47370,2026-01-13,12:26:46,WARN,InventoryDB,Unauthorized access attempt from 10.0.0.88,E401,Unauthorized access attempt from {ip}
47371,2026-01-13,12:33:31,INFO,WebServer,Transaction tx844632 completed in 1448ms,E104,Transaction {tx} completed in {time}ms
47372,2026-01-13,12:59:20,INFO,WebServer,Transaction tx230183 completed in 927ms,E104,Transaction {tx} completed in {time}ms
47373,2026-01-13,12:32:20,INFO,WebServer,User u2243 login successful,E101,User {user} login successful
47374,2026-01-13,12:06:53,WARN,WebServer,Disk usage > 85% on node node-3,E202,Disk usage > 85% on node {node}
47375,2026-01-13,12:08:49,INFO,WebServer,Health check passed: WebServer,E102,Health check passed: {service}
47376,2026-01-13,12:40:27,INFO,WebServer,User u2030 login successful,E101,User {user} login successful
47377,2026-01-13,12:54:27,INFO,AuthService,Transaction tx340459 completed in 1413ms,E104,Transaction {tx} completed in {time}ms
47378,2026-01-13,12:11:33,INFO,AuthService,Transaction tx839499 completed in 610ms,E104,Transaction {tx} completed in {time}ms
47379,2026-01-13,12:16:12,INFO,InventoryDB,Health check passed: InventoryDB,E102,Health check passed: {service}
47380,2026-01-13,12:55:38,INFO,PaymentGateway,Page view: /home by u2232,E103,Page view: {page} by {user}
47381,2026-01-13,12:18:21,INFO,PaymentGateway,Health check passed: PaymentGateway,E102,Health check passed: {service}
47382,2026-01-13,12:19:58,INFO,OrderProcessor,Page view: /home by u3579,E103,Page view: {page} by {user}
47383,2026-01-13,12:19:52,INFO,InventoryDB,Page view: /home by u2298,E103,Page view: {page} by {user}
47384,2026-01-13,12:30:19,INFO,AuthService,User u3266 login successful,E101,User {user} login successful
47385,2026-01-13,12:06:37,INFO,WebServer,Health check passed: WebServer,E102,Health check passed: {service}
47386,2026-01-13,12:27:36,INFO,OrderProcessor,Health check passed: OrderProcessor,E102,Health check passed: {service}
47387,2026-01-13,12:40:56,INFO,WebServer,Transaction tx313132 completed in 488ms,E104,Transaction {tx} completed in {time}ms
47388,2026-01-13,12:36:17,INFO,AuthService,User u3660 login successful,E101,User {user} login successful
47389,2026-01-13,12:36:53,INFO,PaymentGateway,Transaction tx184217 completed in 610ms,E104,Transaction {tx} completed in {time}ms
47390,2026-01-13,12:59:18,INFO,AuthService,Transaction tx135319 completed in 183ms,E104,Transaction {tx} completed in {time}ms
47391,2026-01-13,12:30:07,INFO,WebServer,Transaction tx898702 completed in 1820ms,E104,Transaction {tx} completed in {time}ms
47392,2026-01-13,12:48:37,INFO,InventoryDB,Page view: /home by u2381,E103,Page view: {page} by {user}
47393,2026-01-13,12:21:22,INFO,AuthService,User u4836 login successful,E101,User {user} login successful
47394,2026-01-13,12:43:24,INFO,WebServer,Health check passed: WebServer,E102,Health check passed: {service}
47395,2026-01-13,12:38:07,INFO,AuthService,Transaction tx349379 completed in 1092ms,E104,Transaction {tx} completed in {time}ms
47396,2026-01-13,12:34:08,INFO,WebServer,Transaction tx412149 completed in 993ms,E104,Transaction {tx} completed in {time}ms
47397,2026-01-13,12:02:48,INFO,WebServer,Transaction tx139850 completed in 1925ms,E104,Transaction {tx} completed in {time}ms
47398,2026-01-13,12:46:20,INFO,WebServer,Health check passed: WebServer,E102,Health check passed: {service}
47399,2026-01-13,12:50:40,INFO,WebServer,Health check passed: WebServer,E102,Health check passed: {service}
47400,2026-01-13,12:21:24,INFO,InventoryDB,User u4135 login successful,E101,User {user} login successful
47401,2026-01-13,12:05:05,INFO,AuthService,Page view: /home by u1500,E103,Page view: {page} by {user}
47402,2026-01-13,12:09:33,INFO,WebServer,Transaction tx650923 completed in 232ms,E104,Transaction {tx} completed in {time}ms
47403,2026-01-13,12:12:08,INFO,WebServer,Health check passed: WebServer,E102,Health check passed: {service}
47404,2026-01-13,12:14:09,INFO,WebServer,Page view: /home by u4169,E103,Page view: {page} by {user}
47405,2026-01-13,12:36:11,INFO,OrderProcessor,Page view: /home by u4331,E103,Page view: {page} by {user}
47406,2026-01-13,12:54:36,INFO,AuthService,Page view: /home by u4693,E103,Page view: {page} by {user}
47407,2026-01-13,12:22:32,INFO,AuthService,Health check passed: AuthService,E102,Health check passed: {service}
47408,2026-01-13,12:03:32,INFO,WebServer,Health check passed: WebServer,E102,Health check passed: {service}
47409,2026-01-13,12:36:34,INFO,PaymentGateway,Page view: /home by u2599,E103,Page view: {page} by {user}
47410,2026-01-13,12:26:33,INFO,OrderProcessor,Page view: /home by u1110,E103,Page view: {page} by {user}
47411,2026-01-13,12:13:03,INFO,WebServer,Page view: /home by u2185,E103,Page view: {page} by {user}
47412,2026-01-13,12:22:35,INFO,AuthService,Transaction tx511625 completed in 334ms,E104,Transaction {tx} completed in {time}ms
47413,2026-01-13,12:39:28,INFO,OrderProcessor,Page view: /home by u2987,E103,Page view: {page} by {user}
47414,2026-01-13,12:48:50,INFO,WebServer,Transaction tx529065 completed in 257ms,E104,Transaction {tx} completed in {time}ms
47415,2026-01-13,12:45:21,INFO,WebServer,Transaction tx921105 completed in 1942ms,E104,Transaction {tx} completed in {time}ms
47416,2026-01-13,12:26:02,WARN,WebServer,High latency (86ms) detected on WebServer,E201,High latency ({time}ms) detected on {service}
47417,2026-01-13,12:54:49,INFO,PaymentGateway,User u2014 login successful,E101,User {user} login successful
47418,2026-01-13,12:41:12,INFO,WebServer,Transaction tx959343 completed in 1033ms,E104,Transaction {tx} completed in {time}ms
47419,2026-01-13,12:35:31,INFO,AuthService,Page view: /home by u4282,E103,Page view: {page} by {user}
47420,2026-01-13,12:51:08,INFO,AuthService,Transaction tx180264 completed in 1039ms,E104,Transaction {tx} completed in {time}ms
47421,2026-01-13,12:53:41,INFO,WebServer,Transaction tx165131 completed in 1399ms,E104,Transaction {tx} completed in {time}ms
47422,2026-01-13,12:37:05,INFO,OrderProcessor,Page view: /home by u3220,E103,Page view: {page} by {user}
47423,2026-01-13,12:22:52,INFO,WebServer,Health check passed: WebServer,E102,Health check passed: {service}
47424,2026-01-13,12:27:46,INFO,WebServer,Page view: /home by u1346,E103,Page view: {page} by {user}
47425,2026-01-13,12:31:41,INFO,WebServer,Page view: /home by u4967,E103,Page view: {page} by {user}
47426,2026-01-13,12:28:30,INFO,WebServer,User u2950 login successful,E101,User {user} login successful
47427,2026-01-13,12:56:26,INFO,AuthService,Transaction tx566782 completed in 957ms,E104,Transaction {tx} completed in {time}ms
47428,2026-01-13,12:07:11,INFO,AuthService,User u1325 login successful,E101,User {user} login successful
47429,2026-01-13,12:18:45,INFO,WebServer,User u3349 login successful,E101,User {user} login successful
47430,2026-01-13,12:03:13,INFO,WebServer,User u2789 login successful,E101,User {user} login successful
47431,2026-01-13,12:53:09,WARN,InventoryDB,Disk usage > 85% on node node-2,E202,Disk usage > 85% on node {node}
47432,2026-01-13,12:07:28,INFO,OrderProcessor,Page view: /home by u3619,E103,Page view: {page} by {user}
47433,2026-01-13,12:14:58,INFO,PaymentGateway,Transaction tx947611 completed in 57ms,E104,Transaction {tx} completed in {time}ms
47434,2026-01-13,12:23:13,WARN,WebServer,High latency (830ms) detected on WebServer,E201,High latency ({time}ms) detected on {service}
47435,2026-01-13,12:20:46,INFO,WebServer,Page view: /home by u1921,E103,Page view: {page} by {user}
47436,2026-01-13,12:44:26,INFO,AuthService,Transaction tx490768 completed in 1058ms,E104,Transaction {tx} completed in {time}ms
47437,2026-01-13,12:03:09,INFO,InventoryDB,Health check passed: InventoryDB,E102,Health check passed: {service}
47438,2026-01-13,12:37:44,INFO,WebServer,User u1707 login successful,E101,User {user} login successful
47439,2026-01-13,12:44:25,WARN,WebServer,Unauthorized access attempt from 10.0.0.88,E401,Unauthorized access attempt from {ip}
47440,2026-01-13,12:26:37,INFO,OrderProcessor,Page view: /home by u4744,E103,Page view: {page} by {user}
47441,2026-01-13,12:53:29,INFO,WebServer,User u3961 login successful,E101,User {user} login successful
47442,2026-01-13,12:27:01,INFO,AuthService,Page view: /home by u2553,E103,Page view: {page} by {user}
47443,2026-01-13,12:35:55,INFO,WebServer,Health check passed: WebServer,E102,Health check passed: {service}
47444,2026-01-13,12:58:46,INFO,WebServer,User u1860 login successful,E101,User {user} login successful
47445,2026-01-13,12:15:29,INFO,OrderProcessor,Health check passed: OrderProcessor,E102,Health check passed: {service}
47446,2026-01-13,12:45:13,INFO,WebServer,Page view: /home by u4065,E103,Page view: {page} by {user}
47447,2026-01-13,12:12:06,INFO,WebServer,Page view: /home by u2667,E103,Page view: {page} by {user}
47448,2026-01-13,12:07:47,INFO,InventoryDB,User u1188 login successful,E101,User {user} login successful
47449,2026-01-13,12:51:01,ERROR,PaymentGateway,Payment declined: Gateway unavailable,E503,Payment declined: Gateway unavailable
47450,2026-01-13,12:58:07,INFO,AuthService,Health check passed: AuthService,E102,Health check passed: {service}
47451,2026-01-13,12:40:39,INFO,OrderProcessor,Transaction tx324706 completed in 1977ms,E104,Transaction {tx} completed in {time}ms
47452,2026-01-13,12:58:18,INFO,PaymentGateway,User u4437 login successful,E101,User {user} login successful
47453,2026-01-13,12:41:31,INFO,AuthService,Health check passed: AuthService,E102,Health check passed: {service}
47454,2026-01-13,12:55:31,INFO,WebServer,User u1474 login successful,E101,User {user} login successful
47455,2026-01-13,12:05:09,INFO,OrderProcessor,User u1280 login successful,E101,User {user} login successful
47456,2026-01-13,12:02:11,INFO,WebServer,Health check passed: WebServer,E102,Health check passed: {service}
47457,2026-01-13,12:22:25,INFO,OrderProcessor,Health check passed: OrderProcessor,E102,Health check passed: {service}
47458,2026-01-13,12:01:06,INFO,AuthService,User u3782 login successful,E101,User {user} login successful
47459,2026-01-13,12:46:50,INFO,WebServer,Transaction tx561822 completed in 404ms,E104,Transaction {tx} completed in {time}ms
47460,2026-01-13,12:02:52,INFO,WebServer,Health check passed: WebServer,E102,Health check passed: {service}
47461,2026-01-13,12:59:43,INFO,WebServer,Transaction tx869027 completed in 1290ms,E104,Transaction {tx} completed in {time}ms
47462,2026-01-13,12:53:34,WARN,AuthService,High latency (728ms) detected on AuthService,E201,High latency ({time}ms) detected on {service}
47463,2026-01-13,12:44:35,INFO,WebServer,Page view: /home by u4444,E103,Page view: {page} by {user}
47464,2026-01-13,12:48:06,INFO,OrderProcessor,User u2273 login successful,E101,User {user} login successful
47465,2026-01-13,12:36:56,INFO,PaymentGateway,Transaction tx106712 completed in 1082ms,E104,Transaction {tx} completed in {time}ms
47466,2026-01-13,12:03:19,INFO,WebServer,Health check passed: WebServer,E102,Health check passed: {service}
47467,2026-01-13,12:03:43,INFO,OrderProcessor,Health check passed: OrderProcessor,E102,Health check passed: {service}
47468,2026-01-13,12:00:52,INFO,PaymentGateway,Page view: /home by u4522,E103,Page view: {page} by {user}
47469,2026-01-13,12:17:12,INFO,AuthService,Transaction tx859575 completed in 1371ms,E104,Transaction {tx} completed in {time}ms
47470,2026-01-13,12:00:46,INFO,WebServer,User u1428 login successful,E101,User {user} login successful
47471,2026-01-13,12:08:42,INFO,WebServer,User u3897 login successful,E101,User {user} login successful
47472,2026-01-13,12:24:49,ERROR,InventoryDB,Connection refused to InventoryDB at 10.0.0.45,E501,Connection refused to {service} at {ip}
47473,2026-01-13,12:52:31,INFO,AuthService,Transaction tx636176 completed in 518ms,E104,Transaction {tx} completed in {time}ms
47474,2026-01-13,12:36:39,INFO,OrderProcessor,Page view: /home by u4537,E103,Page view: {page} by {user}
47475,2026-01-13,12:41:54,INFO,WebServer,User u2091 login successful,E101,User {user} login successful
47476,2026-01-13,12:28:23,INFO,WebServer,User u3345 login successful,E101,User {user} login successful
47477,2026-01-13,12:32:04,INFO,PaymentGateway,User u1982 login successful,E101,User {user} login successful
47478,2026-01-13,12:33:52,INFO,AuthService,Page view: /home by u2373,E103,Page view: {page} by {user}
47479,2026-01-13,12:41:59,INFO,OrderProcessor,User u4733 login successful,E101,User {user} login successful
47480,2026-01-13,12:31:51,INFO,AuthService,Transaction tx640731 completed in 1857ms,E104,Transaction {tx} completed in {time}ms
47481,2026-01-13,12:30:21,INFO,AuthService,User u2528 login successful,E101,User {user} login successful
47482,2026-01-13,12:36:31,WARN,WebServer,Disk usage > 85% on node node-2,E202,Disk usage > 85% on node {node}
47483,2026-01-13,12:25:42,INFO,OrderProcessor,Health check passed: OrderProcessor,E102,Health check passed: {service}
47484,2026-01-13,12:07:30,INFO,AuthService,Health check passed: AuthService,E102,Health check passed: {service}
47485,2026-01-13,12:53:47,WARN,WebServer,Disk usage > 85% on node node-4,E202,Disk usage > 85% on node {node}
47486,2026-01-13,12:10:17,INFO,WebServer,Transaction tx550924 completed in 227ms,E104,Transaction {tx} completed in {time}ms
47487,2026-01-13,12:19:10,INFO,PaymentGateway,User u3988 login successful,E101,User {user} login successful
47488,2026-01-13,12:58:50,INFO,AuthService,User u1086 login successful,E101,User {user} login successful
47489,2026-01-13,12:37:50,INFO,WebServer,Health check passed: WebServer,E102,Health check passed: {service}
47490,2026-01-13,12:53:19,INFO,AuthService,Transaction tx967768 completed in 318ms,E104,Transaction {tx} completed in {time}ms
47491,2026-01-13,12:28:30,INFO,AuthService,Page view: /home by u2341,E103,Page view: {page} by {user}
47492,2026-01-13,12:05:31,INFO,WebServer,Transaction tx383495 completed in 1219ms,E104,Transaction {tx} completed in {time}ms
47493,2026-01-13,12:09:30,INFO,WebServer,Health check passed: WebServer,E102,Health check passed: {service}
47494,2026-01-13,12:23:44,INFO,AuthService,Page view: /home by u1148,E103,Page view: {page} by {user}
47495,2026-01-13,12:16:44,INFO,WebServer,User u2919 login successful,E101,User {user} login successful
47496,2026-01-13,12:03:10,INFO,PaymentGateway,Health check passed: PaymentGateway,E102,Health check passed: {service}
47497,2026-01-13,12:27:24,INFO,AuthService,User u2532 login successful,E101,User {user} login successful
47498,2026-01-13,12:43:19,INFO,WebServer,Page view: /home by u3667,E103,Page view: {page} by {user}
47499,2026-01-13,12:42:04,INFO,WebServer,Transaction tx394982 completed in 287ms,E104,Transaction {tx} completed in {time}ms
47500,2026-01-13,12:16:06,WARN,WebServer,High latency (1635ms) detected on WebServer,E201,High latency ({time}ms) detected on {service}
47501,2026-01-13,12:54:18,INFO,WebServer,Health check passed: WebServer,E102,Health check passed: {service}
47502,2026-01-13,12:17:16,INFO,WebServer,Page view: /home by u1262,E103,Page view: {page} by {user}
47503,2026-01-13,12:27:34,INFO,WebServer,Transaction tx482564 completed in 1756ms,E104,Transaction {tx} completed in {time}ms
47504,2026-01-13,12:26:44,INFO,WebServer,User u4420 login successful,E101,User {user} login successful
47505,2026-01-13,12:00:02,INFO,WebServer,User u2028 login successful,E101,User {user} login successful
47506,2026-01-13,12:20:32,INFO,WebServer,Health check passed: WebServer,E102,Health check passed: {service}
47507,2026-01-13,12:04:05,INFO,WebServer,Transaction tx973962 completed in 1897ms,E104,Transaction {tx} completed in {time}ms
47508,2026-01-13,12:41:33,INFO,WebServer,Health check passed: WebServer,E102,Health check passed: {service}
47509,2026-01-13,12:43:10,INFO,OrderProcessor,Page view: /home by u2938,E103,Page view: {page} by {user}
47510,2026-01-13,12:10:16,INFO,WebServer,Transaction tx698008 completed in 1897ms,E104,Transaction {tx} completed in {time}ms
47511,2026-01-13,12:36:00,INFO,AuthService,User u3531 login successful,E101,User {user} login successful
47512,2026-01-13,12:15:54,WARN,AuthService,High latency (1086ms) detected on AuthService,E201,High latency ({time}ms) detected on {service}
47513,2026-01-13,12:39:34,INFO,WebServer,Transaction tx212968 completed in 1838ms,E104,Transaction {tx} completed in {time}ms
47514,2026-01-13,12:51:55,INFO,WebServer,Transaction tx216686 completed in 1143ms,E104,Transaction {tx} completed in {time}ms
47515,2026-01-13,12:59:41,INFO,OrderProcessor,Health check passed: OrderProcessor,E102,Health check passed: {service}
47516,2026-01-13,12:17:38,INFO,WebServer,Page view: /home by u4412,E103,Page view: {page} by {user}
47517,2026-01-13,12:36:52,INFO,WebServer,Transaction tx956069 completed in 1737ms,E104,Transaction {tx} completed in {time}ms
47518,2026-01-13,12:54:21,INFO,WebServer,Page view: /home by u2229,E103,Page view: {page} by {user}
47519,2026-01-13,12:01:11,INFO,AuthService,Page view: /home by u2497,E103,Page view: {page} by {user}
47520,2026-01-13,12:15:43,INFO,OrderProcessor,User u4138 login successful,E101,User {user} login successful
47521,2026-01-13,12:11:16,ERROR,WebServer,Connection refused to WebServer at 10.0.0.45,E501,Connection refused to {service} at {ip}
47522,2026-01-13,12:17:08,INFO,WebServer,Page view: /home by u3968,E103,Page view: {page} by {user}
47523,2026-01-13,12:51:01,WARN,WebServer,Disk usage > 85% on node node-3,E202,Disk usage > 85% on node {node}
47524,2026-01-13,12:37:28,INFO,WebServer,Page view: /home by u3457,E103,Page view: {page} by {user}
47525,2026-01-13,12:12:34,INFO,WebServer,Health check passed: WebServer,E102,Health check passed: {service}
47526,2026-01-13,12:48:41,INFO,WebServer,Page view: /home by u3261,E103,Page view: {page} by {user}
47527,2026-01-13,12:14:10,INFO,AuthService,Health check passed: AuthService,E102,Health check passed: {service}
47528,2026-01-13,12:56:18,INFO,WebServer,Transaction tx981832 completed in 385ms,E104,Transaction {tx} completed in {time}ms
47529,2026-01-13,12:41:17,INFO,WebServer,User u2701 login successful,E101,User {user} login successful
47530,2026-01-13,12:34:47,INFO,WebServer,Page view: /home by u1792,E103,Page view: {page} by {user}
47531,2026-01-13,12:52:11,INFO,InventoryDB,Transaction tx575643 completed in 1668ms,E104,Transaction {tx} completed in {time}ms
47532,2026-01-13,12:11:58,INFO,WebServer,Page view: /home by u2851,E103,Page view: {page} by {user}
47533,2026-01-13,12:43:58,INFO,WebServer,Page view: /home by u2839,E103,Page view: {page} by {user}
47534,2026-01-13,12:54:19,INFO,WebServer,Page view: /home by u4964,E103,Page view: {page} by {user}
47535,2026-01-13,12:05:28,INFO,WebServer,Transaction tx791635 completed in 249ms,E104,Transaction {tx} completed in {time}ms
47536,2026-01-13,12:42:44,INFO,AuthService,Health check passed: AuthService,E102,Health check passed: {service}
47537,2026-01-13,12:34:53,INFO,WebServer,Page view: /home by u2581,E103,Page view: {page} by {user}
47538,2026-01-13,12:24:06,WARN,WebServer,Unauthorized access attempt from 10.0.0.45,E401,Unauthorized access attempt from {ip}
47539,2026-01-13,12:43:59,INFO,AuthService,Transaction tx699077 completed in 1852ms,E104,Transaction {tx} completed in {time}ms
47540,2026-01-13,12:31:24,INFO,WebServer,Transaction tx820457 completed in 44ms,E104,Transaction {tx} completed in {time}ms
47541,2026-01-13,12:42:53,INFO,WebServer,User u1793 login successful,E101,User {user} login successful
47542,2026-01-13,12:23:19,INFO,AuthService,Page view: /home by u4147,E103,Page view: {page} by {user}
47543,2026-01-13,12:51:50,WARN,WebServer,Unauthorized access attempt from 10.0.0.88,E401,Unauthorized access attempt from {ip}
47544,2026-01-13,12:16:37,INFO,PaymentGateway,User u4615 login successful,E101,User {user} login successful
47545,2026-01-13,12:41:23,INFO,AuthService,User u4305 login successful,E101,User {user} login successful
47546,2026-01-13,12:05:37,ERROR,OrderProcessor,Connection refused to OrderProcessor at 10.0.0.45,E501,Connection refused to {service} at {ip}
47547,2026-01-13,12:16:55,INFO,WebServer,Health check passed: WebServer,E102,Health check passed: {service}
47548,2026-01-13,12:19:49,WARN,OrderProcessor,Unauthorized access attempt from 10.0.0.88,E401,Unauthorized access attempt from {ip}
47549,2026-01-13,12:40:37,INFO,WebServer,Page view: /home by u3241,E103,Page view: {page} by {user}
47550,2026-01-13,12:04:55,INFO,WebServer,Transaction tx625624 completed in 94ms,E104,Transaction {tx} completed in {time}ms
47551,2026-01-13,12:52:12,INFO,WebServer,Transaction tx772058 completed in 195ms,E104,Transaction {tx} completed in {time}ms
47552,2026-01-13,12:57:35,INFO,WebServer,Transaction tx540541 completed in 301ms,E104,Transaction {tx} completed in {time}ms
47553,2026-01-13,12:48:13,INFO,PaymentGateway,User u1954 login successful,E101,User {user} login successful
47554,2026-01-13,12:58:56,INFO,WebServer,User u1461 login successful,E101,User {user} login successful
47555,2026-01-13,12:22:59,INFO,OrderProcessor,Health check passed: OrderProcessor,E102,Health check passed: {service}
47556,2026-01-13,12:03:53,INFO,OrderProcessor,User u1333 login successful,E101,User {user} login successful
47557,2026-01-13,12:35:55,INFO,OrderProcessor,Transaction tx914045 completed in 27ms,E104,Transaction {tx} completed in {time}ms
47558,2026-01-13,12:07:26,INFO,WebServer,User u3601 login successful,E101,User {user} login successful
47559,2026-01-13,12:01:34,INFO,OrderProcessor,Page view: /home by u4670,E103,Page view: {page} by {user}
47560,2026-01-13,12:38:32,INFO,WebServer,Health check passed: WebServer,E102,Health check passed: {service}
47561,2026-01-13,12:48:32,INFO,OrderProcessor,User u2547 login successful,E101,User {user} login successful
47562,2026-01-13,12:25:19,INFO,AuthService,Page view: /home by u1218,E103,Page view: {page} by {user}
47563,2026-01-13,12:51:13,INFO,WebServer,User u1532 login successful,E101,User {user} login successful
47564,2026-01-13,12:17:47,INFO,WebServer,Page view: /home by u4564,E103,Page view: {page} by {user}
47565,2026-01-13,12:29:47,INFO,WebServer,User u2684 login successful,E101,User {user} login successful
47566,2026-01-13,12:18:38,INFO,OrderProcessor,User u3418 login successful,E101,User {user} login successful
47567,2026-01-13,12:04:52,INFO,OrderProcessor,User u3765 login successful,E101,User {user} login successful
47568,2026-01-13,12:57:58,INFO,WebServer,Page view: /home by u2784,E103,Page view: {page} by {user}
47569,2026-01-13,12:56:12,INFO,OrderProcessor,Transaction tx256132 completed in 1564ms,E104,Transaction {tx} completed in {time}ms
47570,2026-01-13,12:54:41,INFO,OrderProcessor,Health check passed: OrderProcessor,E102,Health check passed: {service}
47571,2026-01-13,12:51:48,INFO,OrderProcessor,Page view: /home by u4433,E103,Page view: {page} by {user}
47572,2026-01-13,12:59:05,WARN,OrderProcessor,High latency (726ms) detected on OrderProcessor,E201,High latency ({time}ms) detected on {service}
47573,2026-01-13,12:15:28,WARN,WebServer,High latency (601ms) detected on WebServer,E201,High latency ({time}ms) detected on {service}
47574,2026-01-13,12:35:58,INFO,WebServer,Page view: /home by u1265,E103,Page view: {page} by {user}
47575,2026-01-13,12:36:58,INFO,AuthService,Transaction tx615994 completed in 1542ms,E104,Transaction {tx} completed in {time}ms
47576,2026-01-13,12:24:52,INFO,OrderProcessor,Transaction tx411401 completed in 628ms,E104,Transaction {tx} completed in {time}ms
47577,2026-01-13,12:29:36,INFO,PaymentGateway,User u1363 login successful,E101,User {user} login successful
47578,2026-01-13,12:15:02,INFO,WebServer,User u2375 login successful,E101,User {user} login successful
47579,2026-01-13,12:09:58,INFO,WebServer,Health check passed: WebServer,E102,Health check passed: {service}
47580,2026-01-13,12:14:34,INFO,WebServer,Page view: /home by u2708,E103,Page view: {page} by {user}
47581,2026-01-13,12:57:07,INFO,WebServer,User u3238 login successful,E101,User {user} login successful
47582,2026-01-13,12:17:44,INFO,InventoryDB,Transaction tx263071 completed in 943ms,E104,Transaction {tx} completed in {time}ms
47583,2026-01-13,12:38:53,INFO,WebServer,Transaction tx565101 completed in 1012ms,E104,Transaction {tx} completed in {time}ms
47584,2026-01-13,12:46:26,INFO,InventoryDB,User u2311 login successful,E101,User {user} login successful
47585,2026-01-13,12:27:43,INFO,WebServer,Transaction tx291631 completed in 588ms,E104,Transaction {tx} completed in {time}ms
47586,2026-01-13,12:43:22,INFO,OrderProcessor,Health check passed: OrderProcessor,E102,Health check passed: {service}
47587,2026-01-13,12:40:34,INFO,WebServer,Page view: /home by u3194,E103,Page view: {page} by {user}
47588,2026-01-13,12:00:43,WARN,PaymentGateway,Unauthorized access attempt from 10.0.0.88,E401,Unauthorized access attempt from {ip}
47589,2026-01-13,12:59:40,INFO,WebServer,User u4067 login successful,E101,User {user} login successful
47590,2026-01-13,12:03:35,INFO,WebServer,Transaction tx694571 completed in 1139ms,E104,Transaction {tx} completed in {time}ms
47591,2026-01-13,12:36:07,ERROR,WebServer,Payment declined: Gateway unavailable,E503,Payment declined: Gateway unavailable
47592,2026-01-13,12:52:19,INFO,WebServer,Health check passed: WebServer,E102,Health check passed: {service}
47593,2026-01-13,12:40:43,INFO,WebServer,Health check passed: WebServer,E102,Health check passed: {service}
47594,2026-01-13,12:26:38,INFO,AuthService,Page view: /home by u1898,E103,Page view: {page} by {user}
47595,2026-01-13,12:54:40,INFO,WebServer,User u1603 login successful,E101,User {user} login successful
47596,2026-01-13,12:06:34,INFO,AuthService,Health check passed: AuthService,E102,Health check passed: {service}
47597,2026-01-13,12:47:02,INFO,InventoryDB,Page view: /home by u2794,E103,Page view: {page} by {user}
47598,2026-01-13,12:06:16,INFO,WebServer,User u4440 login successful,E101,User {user} login successful
47599,2026-01-13,12:43:39,INFO,AuthService,Page view: /home by u1522,E103,Page view: {page} by {user}
47600,2026-01-13,12:26:09,INFO,OrderProcessor,User u2476 login successful,E101,User {user} login successful
47601,2026-01-13,12:20:11,INFO,WebServer,User u2321 login successful,E101,User {user} login successful
47602,2026-01-13,12:30:31,INFO,WebServer,User u3644 login successful,E101,User {user} login successful
47603,2026-01-13,12:59:40,INFO,OrderProcessor,Health check passed: OrderProcessor,E102,Health check passed: {service}
47604,2026-01-13,12:26:22,INFO,AuthService,Health check passed: AuthService,E102,Health check passed: {service}
47605,2026-01-13,12:09:04,INFO,AuthService,Health check passed: AuthService,E102,Health check passed: {service}
47606,2026-01-13,12:42:21,INFO,WebServer,Page view: /home by u1576,E103,Page view: {page} by {user}
47607,2026-01-13,12:37:22,INFO,AuthService,User u2385 login successful,E101,User {user} login successful
47608,2026-01-13,12:36:39,INFO,PaymentGateway,Page view: /home by u2402,E103,Page view: {page} by {user}
47609,2026-01-13,12:16:03,INFO,InventoryDB,Transaction tx550707 completed in 569ms,E104,Transaction {tx} completed in {time}ms
47610,2026-01-13,12:06:11,INFO,WebServer,Transaction tx495023 completed in 1871ms,E104,Transaction {tx} completed in {time}ms
47611,2026-01-13,12:24:01,INFO,WebServer,Transaction tx426893 completed in 150ms,E104,Transaction {tx} completed in {time}ms
47612,2026-01-13,12:11:37,WARN,WebServer,Unauthorized access attempt from 192.168.1.5,E401,Unauthorized access attempt from {ip}
47613,2026-01-13,12:13:40,INFO,PaymentGateway,Page view: /home by u4417,E103,Page view: {page} by {user}
47614,2026-01-13,12:13:28,WARN,WebServer,Disk usage > 85% on node node-2,E202,Disk usage > 85% on node {node}
47615,2026-01-13,12:29:01,INFO,OrderProcessor,Page view: /home by u3860,E103,Page view: {page} by {user}
47616,2026-01-13,12:13:46,INFO,OrderProcessor,User u4763 login successful,E101,User {user} login successful
47617,2026-01-13,12:24:23,INFO,OrderProcessor,Transaction tx267378 completed in 66ms,E104,Transaction {tx} completed in {time}ms
47618,2026-01-13,12:18:15,INFO,AuthService,Transaction tx924746 completed in 901ms,E104,Transaction {tx} completed in {time}ms
47619,2026-01-13,12:18:04,INFO,WebServer,Transaction tx320595 completed in 20ms,E104,Transaction {tx} completed in {time}ms
47620,2026-01-13,12:28:24,INFO,WebServer,Page view: /home by u2076,E103,Page view: {page} by {user}
47621,2026-01-13,12:35:03,INFO,WebServer,Transaction tx968169 completed in 906ms,E104,Transaction {tx} completed in {time}ms
47622,2026-01-13,12:48:14,INFO,WebServer,Transaction tx325864 completed in 1832ms,E104,Transaction {tx} completed in {time}ms
47623,2026-01-13,12:59:28,INFO,AuthService,Transaction tx443591 completed in 258ms,E104,Transaction {tx} completed in {time}ms
47624,2026-01-13,12:02:57,INFO,PaymentGateway,Transaction tx356729 completed in 880ms,E104,Transaction {tx} completed in {time}ms
47625,2026-01-13,12:32:53,INFO,WebServer,Page view: /home by u3446,E103,Page view: {page} by {user}
47626,2026-01-13,12:22:17,INFO,WebServer,Page view: /home by u1885,E103,Page view: {page} by {user}
47627,2026-01-13,12:27:56,INFO,AuthService,Page view: /home by u2055,E103,Page view: {page} by {user}
47628,2026-01-13,12:19:05,WARN,PaymentGateway,Unauthorized access attempt from 10.0.0.45,E401,Unauthorized access attempt from {ip}
47629,2026-01-13,12:53:11,INFO,AuthService,User u4973 login successful,E101,User {user} login successful
47630,2026-01-13,12:24:36,INFO,PaymentGateway,User u3529 login successful,E101,User {user} login successful
47631,2026-01-13,12:35:25,INFO,WebServer,Health check passed: WebServer,E102,Health check passed: {service}
47632,2026-01-13,12:11:35,INFO,PaymentGateway,User u2700 login successful,E101,User {user} login successful
47633,2026-01-13,12:30:25,INFO,WebServer,Page view: /home by u4776,E103,Page view: {page} by {user}
47634,2026-01-13,12:58:45,INFO,WebServer,Health check passed: WebServer,E102,Health check passed: {service}
47635,2026-01-13,12:45:27,INFO,WebServer,Page view: /home by u1874,E103,Page view: {page} by {user}
47636,2026-01-13,12:48:41,INFO,WebServer,Page view: /home by u1238,E103,Page view: {page} by {user}
47637,2026-01-13,12:19:16,INFO,WebServer,Page view: /home by u2768,E103,Page view: {page} by {user}
47638,2026-01-13,12:16:41,INFO,WebServer,Transaction tx521322 completed in 1671ms,E104,Transaction {tx} completed in {time}ms
47639,2026-01-13,12:34:55,INFO,WebServer,Page view: /home by u3022,E103,Page view: {page} by {user}
47640,2026-01-13,12:16:02,INFO,WebServer,Page view: /home by u3819,E103,Page view: {page} by {user}
47641,2026-01-13,12:14:05,INFO,OrderProcessor,Transaction tx855910 completed in 1057ms,E104,Transaction {tx} completed in {time}ms
47642,2026-01-13,12:01:59,INFO,AuthService,Health check passed: AuthService,E102,Health check passed: {service}
47643,2026-01-13,12:53:55,INFO,PaymentGateway,Page view: /home by u1023,E103,Page view: {page} by {user}
47644,2026-01-13,12:36:44,INFO,InventoryDB,Transaction tx332465 completed in 1205ms,E104,Transaction {tx} completed in {time}ms
47645,2026-01-13,12:43:53,INFO,OrderProcessor,Health check passed: OrderProcessor,E102,Health check passed: {service}
47646,2026-01-13,12:17:47,INFO,WebServer,Page view: /home by u3396,E103,Page view: {page} by {user}
47647,2026-01-13,12:29:59,INFO,WebServer,Health check passed: WebServer,E102,Health check passed: {service}
47648,2026-01-13,12:54:17,INFO,PaymentGateway,Page view: /home by u2615,E103,Page view: {page} by {user}
47649,2026-01-13,12:00:30,INFO,WebServer,User u4383 login successful,E101,User {user} login successful
47650,2026-01-13,12:05:15,INFO,WebServer,Health check passed: WebServer,E102,Health check passed: {service}
47651,2026-01-13,12:36:39,INFO,WebServer,Transaction tx114876 completed in 206ms,E104,Transaction {tx} completed in {time}ms
47652,2026-01-13,12:42:30,INFO,WebServer,Health check passed: WebServer,E102,Health check passed: {service}
47653,2026-01-13,12:00:30,INFO,WebServer,Page view: /home by u4632,E103,Page view: {page} by {user}
47654,2026-01-13,12:54:25,INFO,OrderProcessor,Page view: /home by u4115,E103,Page view: {page} by {user}
47655,2026-01-13,12:03:48,INFO,AuthService,Health check passed: AuthService,E102,Health check passed: {service}
47656,2026-01-13,12:32:56,INFO,OrderProcessor,Transaction tx392767 completed in 1164ms,E104,Transaction {tx} completed in {time}ms
47657,2026-01-13,12:25:23,INFO,WebServer,Transaction tx512922 completed in 1794ms,E104,Transaction {tx} completed in {time}ms
47658,2026-01-13,12:04:59,INFO,WebServer,User u3670 login successful,E101,User {user} login successful
47659,2026-01-13,12:56:06,INFO,OrderProcessor,Health check passed: OrderProcessor,E102,Health check passed: {service}
47660,2026-01-13,12:59:34,INFO,OrderProcessor,Transaction tx573319 completed in 1017ms,E104,Transaction {tx} completed in {time}ms
47661,2026-01-13,12:34:05,INFO,OrderProcessor,Page view: /home by u1118,E103,Page view: {page} by {user}
47662,2026-01-13,12:51:50,WARN,AuthService,Unauthorized access attempt from 10.0.0.45,E401,Unauthorized access attempt from {ip}
47663,2026-01-13,12:47:05,INFO,WebServer,Transaction tx655261 completed in 1086ms,E104,Transaction {tx} completed in {time}ms
47664,2026-01-13,12:33:41,INFO,WebServer,Page view: /home by u3958,E103,Page view: {page} by {user}
47665,2026-01-13,12:40:53,INFO,WebServer,User u2907 login successful,E101,User {user} login successful
47666,2026-01-13,12:23:00,INFO,PaymentGateway,Health check passed: PaymentGateway,E102,Health check passed: {service}
47667,2026-01-13,12:26:33,WARN,OrderProcessor,Disk usage > 85% on node node-2,E202,Disk usage > 85% on node {node}
47668,2026-01-13,12:29:39,INFO,WebServer,Page view: /home by u1214,E103,Page view: {page} by {user}
47669,2026-01-13,12:31:27,INFO,InventoryDB,Health check passed: InventoryDB,E102,Health check passed: {service}
47670,2026-01-13,12:10:51,INFO,AuthService,User u3946 login successful,E101,User {user} login successful
47671,2026-01-13,12:32:54,INFO,WebServer,Page view: /home by u1470,E103,Page view: {page} by {user}
47672,2026-01-13,12:00:13,INFO,PaymentGateway,Page view: /home by u3640,E103,Page view: {page} by {user}
47673,2026-01-13,12:38:15,INFO,OrderProcessor,Transaction tx534351 completed in 42ms,E104,Transaction {tx} completed in {time}ms
47674,2026-01-13,12:16:05,INFO,WebServer,Transaction tx744752 completed in 1733ms,E104,Transaction {tx} completed in {time}ms
47675,2026-01-13,12:30:14,INFO,PaymentGateway,Page view: /home by u3701,E103,Page view: {page} by {user}
47676,2026-01-13,12:56:41,ERROR,AuthService,Payment declined: Gateway unavailable,E503,Payment declined: Gateway unavailable
47677,2026-01-13,12:12:27,INFO,OrderProcessor,User u1345 login successful,E101,User {user} login successful
47678,2026-01-13,12:52:50,INFO,WebServer,Health check passed: WebServer,E102,Health check passed: {service}
47679,2026-01-13,12:58:34,INFO,AuthService,Transaction tx105664 completed in 1407ms,E104,Transaction {tx} completed in {time}ms
47680,2026-01-13,12:25:11,INFO,WebServer,User u4735 login successful,E101,User {user} login successful
47681,2026-01-13,12:23:53,INFO,WebServer,Health check passed: WebServer,E102,Health check passed: {service}
47682,2026-01-13,12:08:47,INFO,WebServer,Page view: /home by u2702,E103,Page view: {page} by {user}
47683,2026-01-13,12:21:46,INFO,AuthService,Page view: /home by u4181,E103,Page view: {page} by {user}
47684,2026-01-13,12:04:28,INFO,AuthService,User u3419 login successful,E101,User {user} login successful
47685,2026-01-13,12:22:11,INFO,PaymentGateway,Health check passed: PaymentGateway,E102,Health check passed: {service}
47686,2026-01-13,12:35:44,INFO,WebServer,User u3162 login successful,E101,User {user} login successful
47687,2026-01-13,12:18:49,INFO,AuthService,Transaction tx133014 completed in 348ms,E104,Transaction {tx} completed in {time}ms
47688,2026-01-13,12:55:38,INFO,AuthService,Transaction tx817640 completed in 867ms,E104,Transaction {tx} completed in {time}ms
47689,2026-01-13,12:35:30,INFO,WebServer,User u4176 login successful,E101,User {user} login successful
47690,2026-01-13,12:58:47,INFO,OrderProcessor,User u1861 login successful,E101,User {user} login successful
47691,2026-01-13,12:49:47,INFO,WebServer,Health check passed: WebServer,E102,Health check passed: {service}
47692,2026-01-13,12:19:03,WARN,WebServer,High latency (864ms) detected on WebServer,E201,High latency ({time}ms) detected on {service}
47693,2026-01-13,12:28:40,INFO,WebServer,Transaction tx630425 completed in 1680ms,E104,Transaction {tx} completed in {time}ms
47694,2026-01-13,12:11:44,INFO,AuthService,Page view: /home by u4988,E103,Page view: {page} by {user}
47695,2026-01-13,12:32:15,INFO,PaymentGateway,Health check passed: PaymentGateway,E102,Health check passed: {service}
47696,2026-01-13,12:38:18,INFO,WebServer,Page view: /home by u3252,E103,Page view: {page} by {user}
47697,2026-01-13,12:27:57,INFO,WebServer,Transaction tx303680 completed in 492ms,E104,Transaction {tx} completed in {time}ms
47698,2026-01-13,12:47:58,INFO,WebServer,User u3375 login successful,E101,User {user} login successful
47699,2026-01-13,12:29:42,INFO,AuthService,User u4291 login successful,E101,User {user} login successful
47700,2026-01-13,12:54:15,INFO,WebServer,User u4461 login successful,E101,User {user} login successful
47701,2026-01-13,12:43:27,INFO,WebServer,Health check passed: WebServer,E102,Health check passed: {service}
47702,2026-01-13,12:57:54,INFO,AuthService,Health check passed: AuthService,E102,Health check passed: {service}
47703,2026-01-13,12:18:17,INFO,PaymentGateway,Health check passed: PaymentGateway,E102,Health check passed: {service}
47704,2026-01-13,12:32:33,INFO,WebServer,Health check passed: WebServer,E102,Health check passed: {service}
47705,2026-01-13,12:42:40,INFO,WebServer,User u2072 login successful,E101,User {user} login successful
47706,2026-01-13,12:59:59,INFO,InventoryDB,Page view: /home by u1120,E103,Page view: {page} by {user}
47707,2026-01-13,12:46:12,INFO,WebServer,User u2161 login successful,E101,User {user} login successful
47708,2026-01-13,12:10:57,INFO,WebServer,Health check passed: WebServer,E102,Health check passed: {service}
47709,2026-01-13,12:59:52,INFO,AuthService,Transaction tx877346 completed in 1461ms,E104,Transaction {tx} completed in {time}ms
47710,2026-01-13,12:54:27,INFO,WebServer,Transaction tx717235 completed in 1919ms,E104,Transaction {tx} completed in {time}ms
47711,2026-01-13,12:46:31,ERROR,AuthService,Connection refused to AuthService at 10.0.0.45,E501,Connection refused to {service} at {ip}
47712,2026-01-13,12:16:23,INFO,OrderProcessor,Health check passed: OrderProcessor,E102,Health check passed: {service}
47713,2026-01-13,12:55:47,INFO,OrderProcessor,User u2729 login successful,E101,User {user} login successful
47714,2026-01-13,12:11:48,INFO,WebServer,Health check passed: WebServer,E102,Health check passed: {service}
47715,2026-01-13,12:36:37,INFO,PaymentGateway,User u4297 login successful,E101,User {user} login successful
47716,2026-01-13,12:32:25,INFO,OrderProcessor,Page view: /home by u2307,E103,Page view: {page} by {user}
47717,2026-01-13,12:17:38,INFO,WebServer,Health check passed: WebServer,E102,Health check passed: {service}
47718,2026-01-13,12:42:46,INFO,WebServer,Health check passed: WebServer,E102,Health check passed: {service}
47719,2026-01-13,12:24:07,INFO,AuthService,Page view: /home by u4088,E103,Page view: {page} by {user}
47720,2026-01-13,12:43:42,INFO,AuthService,Health check passed: AuthService,E102,Health check passed: {service}
47721,2026-01-13,12:31:18,INFO,WebServer,Page view: /home by u4171,E103,Page view: {page} by {user}
47722,2026-01-13,12:49:50,INFO,WebServer,Page view: /home by u2292,E103,Page view: {page} by {user}
47723,2026-01-13,12:14:04,INFO,WebServer,Transaction tx774628 completed in 1884ms,E104,Transaction {tx} completed in {time}ms
47724,2026-01-13,12:25:26,INFO,WebServer,User u3645 login successful,E101,User {user} login successful
47725,2026-01-13,12:35:10,INFO,InventoryDB,Health check passed: InventoryDB,E102,Health check passed: {service}
47726,2026-01-13,12:45:12,INFO,WebServer,Health check passed: WebServer,E102,Health check passed: {service}
47727,2026-01-13,12:37:10,INFO,InventoryDB,Health check passed: InventoryDB,E102,Health check passed: {service}
47728,2026-01-13,12:28:55,INFO,WebServer,Page view: /home by u1041,E103,Page view: {page} by {user}
47729,2026-01-13,12:02:12,INFO,AuthService,Page view: /home by u1312,E103,Page view: {page} by {user}
47730,2026-01-13,12:15:28,INFO,AuthService,User u1781 login successful,E101,User {user} login successful
47731,2026-01-13,12:30:55,INFO,WebServer,Health check passed: WebServer,E102,Health check passed: {service}
47732,2026-01-13,12:45:06,INFO,InventoryDB,Page view: /home by u4381,E103,Page view: {page} by {user}
47733,2026-01-13,12:27:58,ERROR,WebServer,Connection refused to WebServer at 10.0.0.45,E501,Connection refused to {service} at {ip}
47734,2026-01-13,12:15:15,INFO,WebServer,Page view: /home by u1159,E103,Page view: {page} by {user}
47735,2026-01-13,12:22:59,INFO,AuthService,Page view: /home by u1430,E103,Page view: {page} by {user}
47736,2026-01-13,12:27:51,INFO,AuthService,Page view: /home by u1012,E103,Page view: {page} by {user}
47737,2026-01-13,12:00:16,INFO,AuthService,Page view: /home by u1498,E103,Page view: {page} by {user}
47738,2026-01-13,12:34:29,INFO,OrderProcessor,Page view: /home by u4032,E103,Page view: {page} by {user}
47739,2026-01-13,12:52:43,INFO,WebServer,Health check passed: WebServer,E102,Health check passed: {service}
47740,2026-01-13,12:23:56,INFO,WebServer,User u4541 login successful,E101,User {user} login successful
47741,2026-01-13,12:11:25,INFO,WebServer,Page view: /home by u3567,E103,Page view: {page} by {user}
47742,2026-01-13,12:35:43,INFO,OrderProcessor,Health check passed: OrderProcessor,E102,Health check passed: {service}
47743,2026-01-13,12:24:02,INFO,WebServer,Health check passed: WebServer,E102,Health check passed: {service}
47744,2026-01-13,12:07:15,INFO,PaymentGateway,User u2179 login successful,E101,User {user} login successful
47745,2026-01-13,12:49:26,INFO,WebServer,Health check passed: WebServer,E102,Health check passed: {service}
47746,2026-01-13,12:40:37,INFO,WebServer,Health check passed: WebServer,E102,Health check passed: {service}
47747,2026-01-13,12:07:39,INFO,WebServer,User u4578 login successful,E101,User {user} login successful
47748,2026-01-13,12:38:24,INFO,WebServer,User u3298 login successful,E101,User {user} login successful
47749,2026-01-13,12:57:34,INFO,WebServer,Page view: /home by u4725,E103,Page view: {page} by {user}
47750,2026-01-13,12:26:37,INFO,OrderProcessor,Health check passed: OrderProcessor,E102,Health check passed: {service}
47751,2026-01-13,12:19:19,INFO,OrderProcessor,Transaction tx681968 completed in 1522ms,E104,Transaction {tx} completed in {time}ms
47752,2026-01-13,12:40:00,INFO,OrderProcessor,Health check passed: OrderProcessor,E102,Health check passed: {service}
47753,2026-01-13,12:56:22,INFO,OrderProcessor,Transaction tx945551 completed in 489ms,E104,Transaction {tx} completed in {time}ms
47754,2026-01-13,12:30:51,WARN,WebServer,High latency (1588ms) detected on WebServer,E201,High latency ({time}ms) detected on {service}
47755,2026-01-13,12:10:07,INFO,AuthService,Page view: /home by u3168,E103,Page view: {page} by {user}
47756,2026-01-13,12:27:53,INFO,PaymentGateway,User u3836 login successful,E101,User {user} login successful
47757,2026-01-13,12:04:55,WARN,AuthService,Unauthorized access attempt from 10.0.0.45,E401,Unauthorized access attempt from {ip}
47758,2026-01-13,12:02:37,INFO,WebServer,Transaction tx958881 completed in 1560ms,E104,Transaction {tx} completed in {time}ms
47759,2026-01-13,12:34:32,INFO,OrderProcessor,User u3226 login successful,E101,User {user} login successful
47760,2026-01-13,12:56:37,INFO,WebServer,Health check passed: WebServer,E102,Health check passed: {service}
47761,2026-01-13,12:55:52,WARN,WebServer,Disk usage > 85% on node node-3,E202,Disk usage > 85% on node {node}
47762,2026-01-13,12:03:11,INFO,AuthService,User u3029 login successful,E101,User {user} login successful
47763,2026-01-13,12:01:57,INFO,PaymentGateway,User u4242 login successful,E101,User {user} login successful
47764,2026-01-13,12:51:31,WARN,AuthService,Disk usage > 85% on node node-2,E202,Disk usage > 85% on node {node}
47765,2026-01-13,12:28:22,INFO,WebServer,Page view: /home by u3798,E103,Page view: {page} by {user}
47766,2026-01-13,12:46:52,INFO,WebServer,Transaction tx167391 completed in 1717ms,E104,Transaction {tx} completed in {time}ms
47767,2026-01-13,12:03:03,INFO,WebServer,Page view: /home by u1506,E103,Page view: {page} by {user}
47768,2026-01-13,12:04:10,INFO,AuthService,Transaction tx773244 completed in 1743ms,E104,Transaction {tx} completed in {time}ms
47769,2026-01-13,12:30:14,INFO,WebServer,User u2254 login successful,E101,User {user} login successful
47770,2026-01-13,12:41:17,INFO,WebServer,Transaction tx680623 completed in 1546ms,E104,Transaction {tx} completed in {time}ms
47771,2026-01-13,12:51:06,INFO,AuthService,Page view: /home by u1932,E103,Page view: {page} by {user}
47772,2026-01-13,12:18:39,INFO,AuthService,Page view: /home by u3241,E103,Page view: {page} by {user}
47773,2026-01-13,12:19:01,WARN,OrderProcessor,Unauthorized access attempt from 10.0.0.45,E401,Unauthorized access attempt from {ip}
47774,2026-01-13,12:11:44,INFO,WebServer,Transaction tx747232 completed in 70ms,E104,Transaction {tx} completed in {time}ms
47775,2026-01-13,12:16:43,INFO,WebServer,User u4391 login successful,E101,User {user} login successful
47776,2026-01-13,12:48:23,INFO,WebServer,Health check passed: WebServer,E102,Health check passed: {service}
47777,2026-01-13,12:51:31,INFO,PaymentGateway,Health check passed: PaymentGateway,E102,Health check passed: {service}
47778,2026-01-13,12:04:31,INFO,AuthService,Health check passed: AuthService,E102,Health check passed: {service}
47779,2026-01-13,12:23:19,INFO,AuthService,User u1234 login successful,E101,User {user} login successful
47780,2026-01-13,12:56:38,INFO,AuthService,Transaction tx752937 completed in 731ms,E104,Transaction {tx} completed in {time}ms
47781,2026-01-13,12:30:42,INFO,InventoryDB,Health check passed: InventoryDB,E102,Health check passed: {service}
47782,2026-01-13,12:54:51,INFO,PaymentGateway,Page view: /home by u1314,E103,Page view: {page} by {user}
47783,2026-01-13,12:22:36,INFO,AuthService,Transaction tx873132 completed in 1428ms,E104,Transaction {tx} completed in {time}ms
47784,2026-01-13,12:29:13,WARN,AuthService,Disk usage > 85% on node node-5,E202,Disk usage > 85% on node {node}
47785,2026-01-13,12:58:16,INFO,WebServer,User u1605 login successful,E101,User {user} login successful
47786,2026-01-13,12:19:52,INFO,AuthService,Page view: /home by u2532,E103,Page view: {page} by {user}
47787,2026-01-13,12:32:22,WARN,OrderProcessor,Unauthorized access attempt from 10.0.0.45,E401,Unauthorized access attempt from {ip}
47788,2026-01-13,12:07:36,INFO,AuthService,Page view: /home by u2637,E103,Page view: {page} by {user}
47789,2026-01-13,12:29:51,INFO,WebServer,Page view: /home by u2450,E103,Page view: {page} by {user}
47790,2026-01-13,12:52:39,INFO,WebServer,Health check passed: WebServer,E102,Health check passed: {service}
47791,2026-01-13,12:14:48,INFO,WebServer,Transaction tx555870 completed in 1876ms,E104,Transaction {tx} completed in {time}ms
47792,2026-01-13,12:45:43,INFO,WebServer,User u1675 login successful,E101,User {user} login successful
47793,2026-01-13,12:16:57,INFO,WebServer,Health check passed: WebServer,E102,Health check passed: {service}
47794,2026-01-13,12:03:56,INFO,WebServer,Health check passed: WebServer,E102,Health check passed: {service}
47795,2026-01-13,12:13:33,INFO,WebServer,Transaction tx298826 completed in 313ms,E104,Transaction {tx} completed in {time}ms
47796,2026-01-13,12:28:09,INFO,WebServer,Transaction tx519213 completed in 654ms,E104,Transaction {tx} completed in {time}ms
47797,2026-01-13,12:51:15,INFO,WebServer,User u3325 login successful,E101,User {user} login successful
47798,2026-01-13,12:30:23,INFO,OrderProcessor,Page view: /home by u3925,E103,Page view: {page} by {user}
47799,2026-01-13,12:40:27,WARN,OrderProcessor,Disk usage > 85% on node node-5,E202,Disk usage > 85% on node {node}
47800,2026-01-13,12:03:18,INFO,AuthService,Transaction tx792271 completed in 770ms,E104,Transaction {tx} completed in {time}ms
47801,2026-01-13,12:54:07,INFO,AuthService,User u1681 login successful,E101,User {user} login successful
47802,2026-01-13,12:47:20,INFO,WebServer,Page view: /home by u3051,E103,Page view: {page} by {user}
47803,2026-01-13,12:43:56,INFO,AuthService,Transaction tx772218 completed in 1093ms,E104,Transaction {tx} completed in {time}ms
47804,2026-01-13,12:02:42,INFO,WebServer,Transaction tx877995 completed in 490ms,E104,Transaction {tx} completed in {time}ms
47805,2026-01-13,12:15:12,INFO,AuthService,Transaction tx998905 completed in 89ms,E104,Transaction {tx} completed in {time}ms
47806,2026-01-13,12:25:14,INFO,WebServer,User u4965 login successful,E101,User {user} login successful
47807,2026-01-13,12:54:35,INFO,WebServer,Transaction tx498473 completed in 559ms,E104,Transaction {tx} completed in {time}ms
47808,2026-01-13,12:16:50,INFO,AuthService,Transaction tx448903 completed in 232ms,E104,Transaction {tx} completed in {time}ms
47809,2026-01-13,12:24:00,INFO,PaymentGateway,Page view: /home by u1845,E103,Page view: {page} by {user}
47810,2026-01-13,12:14:20,INFO,AuthService,Health check passed: AuthService,E102,Health check passed: {service}
47811,2026-01-13,12:44:22,INFO,OrderProcessor,Page view: /home by u5000,E103,Page view: {page} by {user}
47812,2026-01-13,12:17:48,INFO,WebServer,Transaction tx533405 completed in 850ms,E104,Transaction {tx} completed in {time}ms
47813,2026-01-13,12:50:13,INFO,WebServer,Page view: /home by u1395,E103,Page view: {page} by {user}
47814,2026-01-13,12:59:17,INFO,WebServer,Transaction tx476265 completed in 859ms,E104,Transaction {tx} completed in {time}ms
47815,2026-01-13,12:38:19,INFO,OrderProcessor,Page view: /home by u2592,E103,Page view: {page} by {user}
47816,2026-01-13,12:10:49,INFO,OrderProcessor,Transaction tx761222 completed in 1962ms,E104,Transaction {tx} completed in {time}ms
47817,2026-01-13,12:03:52,INFO,WebServer,Health check passed: WebServer,E102,Health check passed: {service}
47818,2026-01-13,12:22:12,INFO,InventoryDB,Page view: /home by u1601,E103,Page view: {page} by {user}
47819,2026-01-13,12:15:05,INFO,AuthService,User u2534 login successful,E101,User {user} login successful
47820,2026-01-13,12:55:05,INFO,WebServer,Health check passed: WebServer,E102,Health check passed: {service}
47821,2026-01-13,12:27:10,INFO,WebServer,User u1970 login successful,E101,User {user} login successful
47822,2026-01-13,12:32:01,INFO,WebServer,Page view: /home by u1324,E103,Page view: {page} by {user}
47823,2026-01-13,12:17:16,WARN,OrderProcessor,Disk usage > 85% on node node-4,E202,Disk usage > 85% on node {node}
47824,2026-01-13,12:15:29,INFO,WebServer,Health check passed: WebServer,E102,Health check passed: {service}
47825,2026-01-13,12:54:47,INFO,WebServer,Health check passed: WebServer,E102,Health check passed: {service}
47826,2026-01-13,12:52:16,ERROR,AuthService,Timeout waiting for lock on InventoryDB,E502,Timeout waiting for lock on {db}
47827,2026-01-13,12:23:12,INFO,OrderProcessor,Page view: /home by u4670,E103,Page view: {page} by {user}
47828,2026-01-13,12:06:57,ERROR,WebServer,Connection refused to WebServer at 10.0.0.45,E501,Connection refused to {service} at {ip}
47829,2026-01-13,12:59:20,INFO,WebServer,Health check passed: WebServer,E102,Health check passed: {service}
47830,2026-01-13,12:40:30,INFO,OrderProcessor,Transaction tx762563 completed in 91ms,E104,Transaction {tx} completed in {time}ms
47831,2026-01-13,12:25:26,INFO,OrderProcessor,Transaction tx624859 completed in 1409ms,E104,Transaction {tx} completed in {time}ms
47832,2026-01-13,12:42:53,INFO,PaymentGateway,Transaction tx543143 completed in 125ms,E104,Transaction {tx} completed in {time}ms
47833,2026-01-13,12:36:58,INFO,AuthService,Page view: /home by u4041,E103,Page view: {page} by {user}
47834,2026-01-13,12:13:33,INFO,AuthService,Health check passed: AuthService,E102,Health check passed: {service}
47835,2026-01-13,12:43:31,INFO,WebServer,Health check passed: WebServer,E102,Health check passed: {service}
47836,2026-01-13,12:19:49,INFO,AuthService,User u4261 login successful,E101,User {user} login successful
47837,2026-01-13,12:20:06,INFO,WebServer,Health check passed: WebServer,E102,Health check passed: {service}
47838,2026-01-13,12:07:52,INFO,OrderProcessor,User u2933 login successful,E101,User {user} login successful
47839,2026-01-13,12:14:12,INFO,WebServer,Transaction tx850590 completed in 286ms,E104,Transaction {tx} completed in {time}ms
47840,2026-01-13,12:58:47,INFO,AuthService,User u1573 login successful,E101,User {user} login successful
47841,2026-01-13,12:28:02,INFO,WebServer,Transaction tx714955 completed in 1568ms,E104,Transaction {tx} completed in {time}ms
47842,2026-01-13,12:54:23,ERROR,AuthService,Connection refused to AuthService at 10.0.0.45,E501,Connection refused to {service} at {ip}
47843,2026-01-13,12:45:37,INFO,WebServer,Transaction tx668243 completed in 544ms,E104,Transaction {tx} completed in {time}ms
47844,2026-01-13,12:43:28,INFO,WebServer,Transaction tx583269 completed in 1498ms,E104,Transaction {tx} completed in {time}ms
47845,2026-01-13,12:12:16,INFO,WebServer,Transaction tx348066 completed in 1819ms,E104,Transaction {tx} completed in {time}ms
47846,2026-01-13,12:25:25,INFO,WebServer,User u3113 login successful,E101,User {user} login successful
47847,2026-01-13,12:33:38,INFO,AuthService,Page view: /home by u1407,E103,Page view: {page} by {user}
47848,2026-01-13,12:52:22,INFO,PaymentGateway,Health check passed: PaymentGateway,E102,Health check passed: {service}
47849,2026-01-13,12:09:08,INFO,InventoryDB,Page view: /home by u3581,E103,Page view: {page} by {user}
47850,2026-01-13,12:19:57,INFO,WebServer,Page view: /home by u3879,E103,Page view: {page} by {user}
47851,2026-01-13,12:07:11,INFO,AuthService,Transaction tx309504 completed in 594ms,E104,Transaction {tx} completed in {time}ms
47852,2026-01-13,12:12:09,INFO,WebServer,Health check passed: WebServer,E102,Health check passed: {service}
47853,2026-01-13,12:10:50,INFO,WebServer,Page view: /home by u4531,E103,Page view: {page} by {user}
47854,2026-01-13,12:57:56,INFO,WebServer,Transaction tx629536 completed in 387ms,E104,Transaction {tx} completed in {time}ms
47855,2026-01-13,12:44:37,INFO,WebServer,Page view: /home by u4722,E103,Page view: {page} by {user}
47856,2026-01-13,12:23:53,INFO,WebServer,Health check passed: WebServer,E102,Health check passed: {service}
47857,2026-01-13,12:43:11,INFO,WebServer,User u2297 login successful,E101,User {user} login successful
47858,2026-01-13,12:55:15,INFO,WebServer,Page view: /home by u4851,E103,Page view: {page} by {user}
47859,2026-01-13,12:17:02,INFO,InventoryDB,Page view: /home by u1977,E103,Page view: {page} by {user}
47860,2026-01-13,12:11:56,INFO,WebServer,Page view: /home by u2520,E103,Page view: {page} by {user}
47861,2026-01-13,12:33:22,INFO,WebServer,User u3693 login successful,E101,User {user} login successful
47862,2026-01-13,12:59:20,INFO,WebServer,Health check passed: WebServer,E102,Health check passed: {service}
47863,2026-01-13,12:29:23,INFO,AuthService,Health check passed: AuthService,E102,Health check passed: {service}
47864,2026-01-13,12:28:01,INFO,WebServer,Page view: /home by u4535,E103,Page view: {page} by {user}
47865,2026-01-13,12:29:29,INFO,WebServer,Page view: /home by u4812,E103,Page view: {page} by {user}
47866,2026-01-13,12:03:10,INFO,WebServer,Page view: /home by u4611,E103,Page view: {page} by {user}
47867,2026-01-13,12:39:24,INFO,AuthService,Health check passed: AuthService,E102,Health check passed: {service}
47868,2026-01-13,12:29:23,INFO,WebServer,Health check passed: WebServer,E102,Health check passed: {service}
47869,2026-01-13,12:04:46,INFO,WebServer,Health check passed: WebServer,E102,Health check passed: {service}
47870,2026-01-13,12:52:00,INFO,WebServer,Health check passed: WebServer,E102,Health check passed: {service}
47871,2026-01-13,12:17:33,INFO,OrderProcessor,Transaction tx557043 completed in 1425ms,E104,Transaction {tx} completed in {time}ms
47872,2026-01-13,12:45:36,INFO,InventoryDB,Page view: /home by u1210,E103,Page view: {page} by {user}
47873,2026-01-13,12:54:27,WARN,PaymentGateway,Disk usage > 85% on node node-5,E202,Disk usage > 85% on node {node}
47874,2026-01-13,12:25:50,INFO,AuthService,Health check passed: AuthService,E102,Health check passed: {service}
47875,2026-01-13,12:11:51,INFO,WebServer,Transaction tx363251 completed in 1735ms,E104,Transaction {tx} completed in {time}ms
47876,2026-01-13,12:15:21,INFO,OrderProcessor,Health check passed: OrderProcessor,E102,Health check passed: {service}
47877,2026-01-13,12:23:27,INFO,PaymentGateway,Health check passed: PaymentGateway,E102,Health check passed: {service}
47878,2026-01-13,12:10:32,WARN,AuthService,High latency (279ms) detected on AuthService,E201,High latency ({time}ms) detected on {service}
47879,2026-01-13,12:47:41,INFO,AuthService,Page view: /home by u1120,E103,Page view: {page} by {user}
47880,2026-01-13,12:32:55,INFO,AuthService,Health check passed: AuthService,E102,Health check passed: {service}
47881,2026-01-13,12:07:42,INFO,WebServer,Transaction tx871888 completed in 813ms,E104,Transaction {tx} completed in {time}ms
47882,2026-01-13,12:10:47,INFO,WebServer,Page view: /home by u1380,E103,Page view: {page} by {user}
47883,2026-01-13,12:41:28,INFO,OrderProcessor,Health check passed: OrderProcessor,E102,Health check passed: {service}
47884,2026-01-13,12:56:57,INFO,PaymentGateway,Transaction tx949838 completed in 639ms,E104,Transaction {tx} completed in {time}ms
47885,2026-01-13,12:45:40,INFO,OrderProcessor,Health check passed: OrderProcessor,E102,Health check passed: {service}
47886,2026-01-13,12:26:15,INFO,OrderProcessor,Page view: /home by u4229,E103,Page view: {page} by {user}
47887,2026-01-13,12:48:55,INFO,WebServer,Transaction tx570360 completed in 1520ms,E104,Transaction {tx} completed in {time}ms
47888,2026-01-13,12:17:09,INFO,AuthService,Health check passed: AuthService,E102,Health check passed: {service}
47889,2026-01-13,12:03:00,CRITICAL,WebServer,KERNEL PANIC: Node node-1 crashed,E601,KERNEL PANIC: Node {node} crashed
47890,2026-01-13,12:46:15,INFO,WebServer,User u4353 login successful,E101,User {user} login successful
47891,2026-01-13,12:41:06,INFO,AuthService,User u4975 login successful,E101,User {user} login successful
47892,2026-01-13,12:55:43,INFO,AuthService,User u2913 login successful,E101,User {user} login successful
47893,2026-01-13,12:16:57,INFO,InventoryDB,Transaction tx689115 completed in 554ms,E104,Transaction {tx} completed in {time}ms
47894,2026-01-13,12:25:23,INFO,InventoryDB,Health check passed: InventoryDB,E102,Health check passed: {service}
47895,2026-01-13,12:41:48,INFO,WebServer,Transaction tx128805 completed in 1506ms,E104,Transaction {tx} completed in {time}ms
47896,2026-01-13,12:03:15,WARN,AuthService,Disk usage > 85% on node node-4,E202,Disk usage > 85% on node {node}
47897,2026-01-13,12:02:03,INFO,WebServer,User u4874 login successful,E101,User {user} login successful
47898,2026-01-13,12:47:18,INFO,WebServer,Page view: /home by u1701,E103,Page view: {page} by {user}
47899,2026-01-13,12:44:30,INFO,PaymentGateway,Page view: /home by u4367,E103,Page view: {page} by {user}
47900,2026-01-13,12:05:33,INFO,OrderProcessor,User u2246 login successful,E101,User {user} login successful
47901,2026-01-13,12:31:21,INFO,WebServer,Transaction tx655273 completed in 544ms,E104,Transaction {tx} completed in {time}ms
47902,2026-01-13,12:39:47,INFO,AuthService,User u1250 login successful,E101,User {user} login successful
47903,2026-01-13,12:22:48,INFO,AuthService,User u1377 login successful,E101,User {user} login successful
47904,2026-01-13,12:59:04,INFO,WebServer,Page view: /home by u4374,E103,Page view: {page} by {user}
47905,2026-01-13,12:57:03,INFO,WebServer,Health check passed: WebServer,E102,Health check passed: {service}
47906,2026-01-13,12:02:32,INFO,WebServer,Transaction tx776380 completed in 1405ms,E104,Transaction {tx} completed in {time}ms
47907,2026-01-13,12:37:14,INFO,WebServer,Health check passed: WebServer,E102,Health check passed: {service}
47908,2026-01-13,12:03:24,INFO,WebServer,Page view: /home by u2829,E103,Page view: {page} by {user}
47909,2026-01-13,12:03:52,INFO,WebServer,User u1015 login successful,E101,User {user} login successful
47910,2026-01-13,12:53:54,INFO,WebServer,Transaction tx643888 completed in 1875ms,E104,Transaction {tx} completed in {time}ms
47911,2026-01-13,12:25:05,INFO,OrderProcessor,Transaction tx984703 completed in 1364ms,E104,Transaction {tx} completed in {time}ms
47912,2026-01-13,12:20:41,INFO,WebServer,Transaction tx594100 completed in 745ms,E104,Transaction {tx} completed in {time}ms
47913,2026-01-13,12:56:10,INFO,WebServer,User u2971 login successful,E101,User {user} login successful
47914,2026-01-13,12:56:57,INFO,PaymentGateway,Health check passed: PaymentGateway,E102,Health check passed: {service}
47915,2026-01-13,12:26:09,INFO,WebServer,Transaction tx239686 completed in 536ms,E104,Transaction {tx} completed in {time}ms
47916,2026-01-13,12:40:48,INFO,WebServer,Page view: /home by u1307,E103,Page view: {page} by {user}
47917,2026-01-13,12:45:49,INFO,AuthService,Page view: /home by u2792,E103,Page view: {page} by {user}
47918,2026-01-13,12:56:19,INFO,PaymentGateway,Health check passed: PaymentGateway,E102,Health check passed: {service}
47919,2026-01-13,12:47:52,INFO,AuthService,User u3546 login successful,E101,User {user} login successful
47920,2026-01-13,12:57:50,INFO,WebServer,Page view: /home by u2964,E103,Page view: {page} by {user}
47921,2026-01-13,12:51:25,INFO,PaymentGateway,Health check passed: PaymentGateway,E102,Health check passed: {service}
47922,2026-01-13,12:33:57,INFO,WebServer,User u3868 login successful,E101,User {user} login successful
47923,2026-01-13,12:37:11,INFO,OrderProcessor,User u3986 login successful,E101,User {user} login successful
47924,2026-01-13,12:37:52,INFO,WebServer,Page view: /home by u4083,E103,Page view: {page} by {user}
47925,2026-01-13,12:47:27,INFO,AuthService,User u3313 login successful,E101,User {user} login successful
47926,2026-01-13,12:29:10,INFO,WebServer,Health check passed: WebServer,E102,Health check passed: {service}
47927,2026-01-13,12:25:15,INFO,OrderProcessor,Health check passed: OrderProcessor,E102,Health check passed: {service}
47928,2026-01-13,12:30:42,INFO,WebServer,Page view: /home by u2355,E103,Page view: {page} by {user}
47929,2026-01-13,12:55:52,INFO,OrderProcessor,Transaction tx284055 completed in 702ms,E104,Transaction {tx} completed in {time}ms
47930,2026-01-13,12:28:07,INFO,WebServer,Health check passed: WebServer,E102,Health check passed: {service}
47931,2026-01-13,12:12:43,INFO,OrderProcessor,Health check passed: OrderProcessor,E102,Health check passed: {service}
47932,2026-01-13,12:37:50,ERROR,WebServer,Connection refused to WebServer at 10.0.0.99,E501,Connection refused to {service} at {ip}
47933,2026-01-13,12:51:58,WARN,WebServer,Disk usage > 85% on node node-3,E202,Disk usage > 85% on node {node}
47934,2026-01-13,12:28:48,INFO,WebServer,Page view: /home by u3861,E103,Page view: {page} by {user}
47935,2026-01-13,12:01:49,ERROR,WebServer,Payment declined: Gateway unavailable,E503,Payment declined: Gateway unavailable
47936,2026-01-13,12:55:17,WARN,WebServer,High latency (1880ms) detected on WebServer,E201,High latency ({time}ms) detected on {service}
47937,2026-01-13,12:39:40,CRITICAL,WebServer,KERNEL PANIC: Node node-5 crashed,E601,KERNEL PANIC: Node {node} crashed
47938,2026-01-13,12:58:13,INFO,WebServer,Health check passed: WebServer,E102,Health check passed: {service}
47939,2026-01-13,12:07:00,INFO,InventoryDB,Transaction tx743107 completed in 1946ms,E104,Transaction {tx} completed in {time}ms
47940,2026-01-13,12:48:17,INFO,PaymentGateway,Health check passed: PaymentGateway,E102,Health check passed: {service}
47941,2026-01-13,12:45:40,INFO,WebServer,User u3918 login successful,E101,User {user} login successful
47942,2026-01-13,12:56:48,INFO,WebServer,Health check passed: WebServer,E102,Health check passed: {service}
47943,2026-01-13,12:49:29,INFO,OrderProcessor,Page view: /home by u2512,E103,Page view: {page} by {user}
47944,2026-01-13,12:09:40,INFO,AuthService,Health check passed: AuthService,E102,Health check passed: {service}
47945,2026-01-13,12:28:26,INFO,AuthService,Page view: /home by u4800,E103,Page view: {page} by {user}
47946,2026-01-13,13:23:40,INFO,WebServer,Transaction tx776695 completed in 327ms,E104,Transaction {tx} completed in {time}ms
47947,2026-01-13,13:44:34,INFO,WebServer,Page view: /home by u4286,E103,Page view: {page} by {user}
47948,2026-01-13,13:00:53,INFO,WebServer,Health check passed: WebServer,E102,Health check passed: {service}
47949,2026-01-13,13:50:01,INFO,WebServer,User u3443 login successful,E101,User {user} login successful
47950,2026-01-13,13:35:23,INFO,OrderProcessor,Transaction tx299322 completed in 1445ms,E104,Transaction {tx} completed in {time}ms
47951,2026-01-13,13:43:13,INFO,PaymentGateway,Page view: /home by u2633,E103,Page view: {page} by {user}
47952,2026-01-13,13:19:56,INFO,AuthService,User u1196 login successful,E101,User {user} login successful
47953,2026-01-13,13:27:36,INFO,AuthService,Transaction tx388841 completed in 80ms,E104,Transaction {tx} completed in {time}ms
47954,2026-01-13,13:40:48,INFO,WebServer,Health check passed: WebServer,E102,Health check passed: {service}
47955,2026-01-13,13:57:58,INFO,WebServer,User u2090 login successful,E101,User {user} login successful
47956,2026-01-13,13:01:06,INFO,WebServer,Page view: /home by u4661,E103,Page view: {page} by {user}
47957,2026-01-13,13:32:48,INFO,WebServer,Transaction tx275312 completed in 1807ms,E104,Transaction {tx} completed in {time}ms
47958,2026-01-13,13:41:34,INFO,WebServer,Transaction tx131549 completed in 935ms,E104,Transaction {tx} completed in {time}ms
47959,2026-01-13,13:50:04,INFO,OrderProcessor,Health check passed: OrderProcessor,E102,Health check passed: {service}
47960,2026-01-13,13:44:14,WARN,WebServer,Unauthorized access attempt from 10.0.0.88,E401,Unauthorized access attempt from {ip}
47961,2026-01-13,13:27:53,INFO,PaymentGateway,Transaction tx272714 completed in 654ms,E104,Transaction {tx} completed in {time}ms
47962,2026-01-13,13:03:11,INFO,PaymentGateway,User u3508 login successful,E101,User {user} login successful
47963,2026-01-13,13:15:56,INFO,WebServer,Health check passed: WebServer,E102,Health check passed: {service}
47964,2026-01-13,13:13:13,CRITICAL,WebServer,KERNEL PANIC: Node node-2 crashed,E601,KERNEL PANIC: Node {node} crashed
47965,2026-01-13,13:23:40,INFO,PaymentGateway,Transaction tx961363 completed in 64ms,E104,Transaction {tx} completed in {time}ms
47966,2026-01-13,13:51:57,INFO,WebServer,Transaction tx822884 completed in 1487ms,E104,Transaction {tx} completed in {time}ms
47967,2026-01-13,13:37:46,INFO,WebServer,Health check passed: WebServer,E102,Health check passed: {service}
47968,2026-01-13,13:40:06,INFO,WebServer,Transaction tx466574 completed in 740ms,E104,Transaction {tx} completed in {time}ms
47969,2026-01-13,13:51:42,INFO,PaymentGateway,Health check passed: PaymentGateway,E102,Health check passed: {service}
47970,2026-01-13,13:58:06,INFO,AuthService,User u1644 login successful,E101,User {user} login successful
47971,2026-01-13,13:56:57,INFO,WebServer,User u1915 login successful,E101,User {user} login successful
47972,2026-01-13,13:07:06,INFO,OrderProcessor,Health check passed: OrderProcessor,E102,Health check passed: {service}
47973,2026-01-13,13:47:59,INFO,WebServer,User u4252 login successful,E101,User {user} login successful
47974,2026-01-13,13:14:36,INFO,PaymentGateway,User u4230 login successful,E101,User {user} login successful
47975,2026-01-13,13:57:54,INFO,AuthService,User u4099 login successful,E101,User {user} login successful
47976,2026-01-13,13:38:38,INFO,WebServer,Page view: /home by u2292,E103,Page view: {page} by {user}
47977,2026-01-13,13:05:57,INFO,WebServer,Transaction tx818243 completed in 1440ms,E104,Transaction {tx} completed in {time}ms
47978,2026-01-13,13:43:00,INFO,WebServer,Health check passed: WebServer,E102,Health check passed: {service}
47979,2026-01-13,13:04:35,INFO,InventoryDB,Transaction tx101831 completed in 313ms,E104,Transaction {tx} completed in {time}ms
47980,2026-01-13,13:02:45,INFO,WebServer,User u1903 login successful,E101,User {user} login successful
47981,2026-01-13,13:23:32,INFO,WebServer,Page view: /home by u2197,E103,Page view: {page} by {user}
47982,2026-01-13,13:30:05,ERROR,WebServer,Payment declined: Gateway unavailable,E503,Payment declined: Gateway unavailable
47983,2026-01-13,13:16:17,INFO,PaymentGateway,Transaction tx140512 completed in 593ms,E104,Transaction {tx} completed in {time}ms
47984,2026-01-13,13:49:50,INFO,WebServer,Health check passed: WebServer,E102,Health check passed: {service}
47985,2026-01-13,13:23:32,INFO,OrderProcessor,Transaction tx901416 completed in 1656ms,E104,Transaction {tx} completed in {time}ms
47986,2026-01-13,13:04:00,INFO,WebServer,Page view: /home by u3533,E103,Page view: {page} by {user}
47987,2026-01-13,13:57:18,INFO,WebServer,Page view: /home by u4475,E103,Page view: {page} by {user}
47988,2026-01-13,13:11:17,WARN,WebServer,Disk usage > 85% on node node-3,E202,Disk usage > 85% on node {node}
47989,2026-01-13,13:15:50,INFO,WebServer,Transaction tx887121 completed in 227ms,E104,Transaction {tx} completed in {time}ms
47990,2026-01-13,13:54:43,INFO,AuthService,Transaction tx209528 completed in 303ms,E104,Transaction {tx} completed in {time}ms
47991,2026-01-13,13:49:29,INFO,WebServer,Health check passed: WebServer,E102,Health check passed: {service}
47992,2026-01-13,13:56:28,INFO,AuthService,Health check passed: AuthService,E102,Health check passed: {service}
47993,2026-01-13,13:40:51,INFO,WebServer,Page view: /home by u2830,E103,Page view: {page} by {user}
47994,2026-01-13,13:18:47,INFO,WebServer,Health check passed: WebServer,E102,Health check passed: {service}
47995,2026-01-13,13:51:19,INFO,WebServer,Page view: /home by u2210,E103,Page view: {page} by {user}
47996,2026-01-13,13:06:04,INFO,WebServer,Page view: /home by u4546,E103,Page view: {page} by {user}
47997,2026-01-13,13:25:05,INFO,OrderProcessor,User u2863 login successful,E101,User {user} login successful
47998,2026-01-13,13:53:36,INFO,OrderProcessor,User u3029 login successful,E101,User {user} login successful
47999,2026-01-13,13:38:18,INFO,WebServer,Page view: /home by u2716,E103,Page view: {page} by {user}
48000,2026-01-13,13:29:44,INFO,OrderProcessor,User u3024 login successful,E101,User {user} login successful
48001,2026-01-13,13:00:51,INFO,WebServer,User u2313 login successful,E101,User {user} login successful
48002,2026-01-13,13:52:17,INFO,OrderProcessor,Transaction tx144628 completed in 1115ms,E104,Transaction {tx} completed in {time}ms
48003,2026-01-13,13:51:10,INFO,WebServer,Health check passed: WebServer,E102,Health check passed: {service}
48004,2026-01-13,13:21:07,INFO,AuthService,User u3714 login successful,E101,User {user} login successful
48005,2026-01-13,13:24:02,INFO,WebServer,User u4547 login successful,E101,User {user} login successful
48006,2026-01-13,13:49:07,WARN,OrderProcessor,Disk usage > 85% on node node-1,E202,Disk usage > 85% on node {node}
48007,2026-01-13,13:40:16,INFO,InventoryDB,Page view: /home by u2764,E103,Page view: {page} by {user}
48008,2026-01-13,13:53:00,INFO,WebServer,User u3297 login successful,E101,User {user} login successful
48009,2026-01-13,13:52:06,INFO,OrderProcessor,Health check passed: OrderProcessor,E102,Health check passed: {service}
48010,2026-01-13,13:16:42,INFO,WebServer,User u2245 login successful,E101,User {user} login successful
48011,2026-01-13,13:34:25,INFO,WebServer,User u1487 login successful,E101,User {user} login successful
48012,2026-01-13,13:04:04,INFO,WebServer,Page view: /home by u2419,E103,Page view: {page} by {user}
48013,2026-01-13,13:10:36,INFO,OrderProcessor,Transaction tx814746 completed in 563ms,E104,Transaction {tx} completed in {time}ms
48014,2026-01-13,13:29:23,INFO,WebServer,Transaction tx543615 completed in 1945ms,E104,Transaction {tx} completed in {time}ms
48015,2026-01-13,13:43:34,INFO,WebServer,Health check passed: WebServer,E102,Health check passed: {service}
48016,2026-01-13,13:51:10,INFO,PaymentGateway,Health check passed: PaymentGateway,E102,Health check passed: {service}
48017,2026-01-13,13:58:44,INFO,WebServer,Transaction tx716724 completed in 1675ms,E104,Transaction {tx} completed in {time}ms
48018,2026-01-13,13:18:33,INFO,AuthService,Transaction tx269554 completed in 1156ms,E104,Transaction {tx} completed in {time}ms
48019,2026-01-13,13:18:23,INFO,WebServer,Health check passed: WebServer,E102,Health check passed: {service}
48020,2026-01-13,13:58:53,INFO,WebServer,User u2916 login successful,E101,User {user} login successful
48021,2026-01-13,13:11:59,INFO,WebServer,User u1565 login successful,E101,User {user} login successful
48022,2026-01-13,13:07:26,INFO,WebServer,Transaction tx537275 completed in 972ms,E104,Transaction {tx} completed in {time}ms
48023,2026-01-13,13:14:42,INFO,AuthService,Health check passed: AuthService,E102,Health check passed: {service}
48024,2026-01-13,13:02:02,INFO,AuthService,User u3892 login successful,E101,User {user} login successful
48025,2026-01-13,13:55:44,WARN,AuthService,Unauthorized access attempt from 10.0.0.45,E401,Unauthorized access attempt from {ip}
48026,2026-01-13,13:01:04,INFO,WebServer,Transaction tx784948 completed in 256ms,E104,Transaction {tx} completed in {time}ms
48027,2026-01-13,13:59:10,INFO,OrderProcessor,Transaction tx124674 completed in 1586ms,E104,Transaction {tx} completed in {time}ms
48028,2026-01-13,13:42:18,INFO,WebServer,User u4590 login successful,E101,User {user} login successful
48029,2026-01-13,13:09:57,WARN,AuthService,Unauthorized access attempt from 10.0.0.45,E401,Unauthorized access attempt from {ip}
48030,2026-01-13,13:02:06,INFO,WebServer,Transaction tx902525 completed in 1617ms,E104,Transaction {tx} completed in {time}ms
48031,2026-01-13,13:20:57,INFO,WebServer,Page view: /home by u3370,E103,Page view: {page} by {user}
48032,2026-01-13,13:58:43,INFO,PaymentGateway,Health check passed: PaymentGateway,E102,Health check passed: {service}
48033,2026-01-13,13:43:39,ERROR,OrderProcessor,Payment declined: Gateway unavailable,E503,Payment declined: Gateway unavailable
48034,2026-01-13,13:59:48,INFO,WebServer,Transaction tx376300 completed in 1892ms,E104,Transaction {tx} completed in {time}ms
48035,2026-01-13,13:53:40,INFO,AuthService,Transaction tx986840 completed in 534ms,E104,Transaction {tx} completed in {time}ms
48036,2026-01-13,13:19:33,INFO,WebServer,Transaction tx331943 completed in 624ms,E104,Transaction {tx} completed in {time}ms
48037,2026-01-13,13:32:48,INFO,WebServer,User u2250 login successful,E101,User {user} login successful
48038,2026-01-13,13:01:30,INFO,OrderProcessor,Page view: /home by u2333,E103,Page view: {page} by {user}
48039,2026-01-13,13:33:27,INFO,OrderProcessor,Page view: /home by u2287,E103,Page view: {page} by {user}
48040,2026-01-13,13:15:43,INFO,AuthService,Page view: /home by u3417,E103,Page view: {page} by {user}
48041,2026-01-13,13:57:31,INFO,PaymentGateway,User u2699 login successful,E101,User {user} login successful
48042,2026-01-13,13:28:24,INFO,WebServer,Page view: /home by u3974,E103,Page view: {page} by {user}
48043,2026-01-13,13:24:30,INFO,AuthService,Health check passed: AuthService,E102,Health check passed: {service}
48044,2026-01-13,13:00:10,INFO,AuthService,Page view: /home by u2914,E103,Page view: {page} by {user}
48045,2026-01-13,13:35:18,INFO,WebServer,Page view: /home by u3567,E103,Page view: {page} by {user}
48046,2026-01-13,13:19:06,INFO,InventoryDB,Page view: /home by u4017,E103,Page view: {page} by {user}
48047,2026-01-13,13:10:27,INFO,OrderProcessor,Transaction tx281417 completed in 1700ms,E104,Transaction {tx} completed in {time}ms
48048,2026-01-13,13:05:15,INFO,AuthService,User u1651 login successful,E101,User {user} login successful
48049,2026-01-13,13:59:52,INFO,WebServer,Transaction tx531128 completed in 1007ms,E104,Transaction {tx} completed in {time}ms
48050,2026-01-13,13:23:53,INFO,WebServer,User u4527 login successful,E101,User {user} login successful
48051,2026-01-13,13:30:42,INFO,AuthService,Page view: /home by u4310,E103,Page view: {page} by {user}
48052,2026-01-13,13:44:17,INFO,OrderProcessor,User u4969 login successful,E101,User {user} login successful
48053,2026-01-13,13:38:21,INFO,PaymentGateway,Page view: /home by u3139,E103,Page view: {page} by {user}
48054,2026-01-13,13:20:35,INFO,WebServer,Health check passed: WebServer,E102,Health check passed: {service}
48055,2026-01-13,13:31:10,INFO,OrderProcessor,Page view: /home by u1249,E103,Page view: {page} by {user}
48056,2026-01-13,13:02:39,INFO,AuthService,Transaction tx769533 completed in 669ms,E104,Transaction {tx} completed in {time}ms
48057,2026-01-13,13:55:04,WARN,AuthService,Unauthorized access attempt from 10.0.0.45,E401,Unauthorized access attempt from {ip}
48058,2026-01-13,13:45:03,INFO,WebServer,Transaction tx965413 completed in 1054ms,E104,Transaction {tx} completed in {time}ms
48059,2026-01-13,13:59:21,INFO,AuthService,User u2413 login successful,E101,User {user} login successful
48060,2026-01-13,13:26:54,INFO,AuthService,Health check passed: AuthService,E102,Health check passed: {service}
48061,2026-01-13,13:12:46,INFO,WebServer,User u2280 login successful,E101,User {user} login successful
48062,2026-01-13,13:03:39,INFO,AuthService,Transaction tx400739 completed in 512ms,E104,Transaction {tx} completed in {time}ms
48063,2026-01-13,13:22:12,INFO,AuthService,Transaction tx382240 completed in 1508ms,E104,Transaction {tx} completed in {time}ms
48064,2026-01-13,13:15:25,INFO,InventoryDB,Transaction tx487401 completed in 1356ms,E104,Transaction {tx} completed in {time}ms
48065,2026-01-13,13:18:51,INFO,OrderProcessor,User u3628 login successful,E101,User {user} login successful
48066,2026-01-13,13:05:56,INFO,WebServer,User u3934 login successful,E101,User {user} login successful
48067,2026-01-13,13:15:18,INFO,PaymentGateway,Transaction tx913613 completed in 1687ms,E104,Transaction {tx} completed in {time}ms
48068,2026-01-13,13:12:56,INFO,WebServer,User u3130 login successful,E101,User {user} login successful
48069,2026-01-13,13:03:41,INFO,WebServer,User u1798 login successful,E101,User {user} login successful
48070,2026-01-13,13:54:09,WARN,AuthService,Unauthorized access attempt from 10.0.0.88,E401,Unauthorized access attempt from {ip}
48071,2026-01-13,13:18:09,INFO,WebServer,Health check passed: WebServer,E102,Health check passed: {service}
48072,2026-01-13,13:43:56,INFO,AuthService,User u4072 login successful,E101,User {user} login successful
48073,2026-01-13,13:09:19,INFO,InventoryDB,Transaction tx339091 completed in 1021ms,E104,Transaction {tx} completed in {time}ms
48074,2026-01-13,13:49:54,INFO,WebServer,User u1141 login successful,E101,User {user} login successful
48075,2026-01-13,13:29:51,INFO,WebServer,Health check passed: WebServer,E102,Health check passed: {service}
48076,2026-01-13,13:18:48,INFO,PaymentGateway,Page view: /home by u2253,E103,Page view: {page} by {user}
48077,2026-01-13,13:58:34,INFO,WebServer,Health check passed: WebServer,E102,Health check passed: {service}
48078,2026-01-13,13:07:40,INFO,AuthService,Health check passed: AuthService,E102,Health check passed: {service}
48079,2026-01-13,13:59:24,INFO,WebServer,User u3411 login successful,E101,User {user} login successful
48080,2026-01-13,13:12:54,INFO,AuthService,Transaction tx970208 completed in 582ms,E104,Transaction {tx} completed in {time}ms
48081,2026-01-13,13:44:50,INFO,WebServer,Health check passed: WebServer,E102,Health check passed: {service}
48082,2026-01-13,13:18:47,INFO,WebServer,User u2347 login successful,E101,User {user} login successful
48083,2026-01-13,13:04:07,INFO,WebServer,Page view: /home by u1078,E103,Page view: {page} by {user}
48084,2026-01-13,13:26:52,INFO,AuthService,Transaction tx199001 completed in 858ms,E104,Transaction {tx} completed in {time}ms
48085,2026-01-13,13:09:29,INFO,InventoryDB,Page view: /home by u4681,E103,Page view: {page} by {user}
48086,2026-01-13,13:56:57,INFO,WebServer,Page view: /home by u2572,E103,Page view: {page} by {user}
48087,2026-01-13,13:50:46,INFO,WebServer,User u4573 login successful,E101,User {user} login successful
48088,2026-01-13,13:59:57,INFO,WebServer,Transaction tx654505 completed in 1684ms,E104,Transaction {tx} completed in {time}ms
48089,2026-01-13,13:43:29,INFO,WebServer,Page view: /home by u2123,E103,Page view: {page} by {user}
48090,2026-01-13,13:16:18,INFO,AuthService,Health check passed: AuthService,E102,Health check passed: {service}
48091,2026-01-13,13:36:07,WARN,WebServer,Unauthorized access attempt from 10.0.0.45,E401,Unauthorized access attempt from {ip}
48092,2026-01-13,13:31:11,INFO,AuthService,Page view: /home by u3821,E103,Page view: {page} by {user}
48093,2026-01-13,13:18:39,INFO,OrderProcessor,Transaction tx673968 completed in 1378ms,E104,Transaction {tx} completed in {time}ms
48094,2026-01-13,13:23:00,INFO,AuthService,User u4806 login successful,E101,User {user} login successful
48095,2026-01-13,13:18:45,INFO,AuthService,Transaction tx711823 completed in 829ms,E104,Transaction {tx} completed in {time}ms
48096,2026-01-13,13:59:44,INFO,WebServer,Page view: /home by u4359,E103,Page view: {page} by {user}
48097,2026-01-13,13:50:12,INFO,WebServer,Transaction tx196871 completed in 1283ms,E104,Transaction {tx} completed in {time}ms
48098,2026-01-13,13:36:18,INFO,AuthService,User u1904 login successful,E101,User {user} login successful
48099,2026-01-13,13:02:06,INFO,OrderProcessor,User u1165 login successful,E101,User {user} login successful
48100,2026-01-13,13:05:01,WARN,OrderProcessor,Unauthorized access attempt from 10.0.0.88,E401,Unauthorized access attempt from {ip}
48101,2026-01-13,13:27:00,WARN,WebServer,Disk usage > 85% on node node-2,E202,Disk usage > 85% on node {node}
48102,2026-01-13,13:41:44,INFO,AuthService,Transaction tx484801 completed in 507ms,E104,Transaction {tx} completed in {time}ms
48103,2026-01-13,13:34:31,INFO,WebServer,User u3932 login successful,E101,User {user} login successful
48104,2026-01-13,13:20:41,INFO,WebServer,Transaction tx699483 completed in 1065ms,E104,Transaction {tx} completed in {time}ms
48105,2026-01-13,13:44:00,INFO,AuthService,Page view: /home by u4386,E103,Page view: {page} by {user}
48106,2026-01-13,13:27:18,INFO,WebServer,Transaction tx534426 completed in 734ms,E104,Transaction {tx} completed in {time}ms
48107,2026-01-13,13:13:34,INFO,WebServer,Transaction tx271810 completed in 1929ms,E104,Transaction {tx} completed in {time}ms
48108,2026-01-13,13:54:39,WARN,WebServer,High latency (1418ms) detected on WebServer,E201,High latency ({time}ms) detected on {service}
48109,2026-01-13,13:40:27,INFO,WebServer,Transaction tx474105 completed in 370ms,E104,Transaction {tx} completed in {time}ms
48110,2026-01-13,13:52:30,INFO,OrderProcessor,User u3511 login successful,E101,User {user} login successful
48111,2026-01-13,13:19:57,INFO,WebServer,User u1604 login successful,E101,User {user} login successful
48112,2026-01-13,13:31:52,INFO,WebServer,Transaction tx371967 completed in 1088ms,E104,Transaction {tx} completed in {time}ms
48113,2026-01-13,13:27:04,INFO,WebServer,Health check passed: WebServer,E102,Health check passed: {service}
48114,2026-01-13,13:18:47,INFO,AuthService,Page view: /home by u4506,E103,Page view: {page} by {user}
48115,2026-01-13,13:26:03,INFO,OrderProcessor,Health check passed: OrderProcessor,E102,Health check passed: {service}
48116,2026-01-13,13:19:53,INFO,WebServer,Health check passed: WebServer,E102,Health check passed: {service}
48117,2026-01-13,13:01:55,INFO,WebServer,Health check passed: WebServer,E102,Health check passed: {service}
48118,2026-01-13,13:32:17,INFO,WebServer,User u3648 login successful,E101,User {user} login successful
48119,2026-01-13,13:00:08,INFO,WebServer,User u4815 login successful,E101,User {user} login successful
48120,2026-01-13,13:41:24,INFO,WebServer,Health check passed: WebServer,E102,Health check passed: {service}
48121,2026-01-13,13:23:52,INFO,WebServer,Page view: /home by u1142,E103,Page view: {page} by {user}
48122,2026-01-13,13:22:34,INFO,OrderProcessor,Health check passed: OrderProcessor,E102,Health check passed: {service}
48123,2026-01-13,13:06:05,INFO,WebServer,User u4030 login successful,E101,User {user} login successful
48124,2026-01-13,13:37:50,INFO,OrderProcessor,Page view: /home by u3994,E103,Page view: {page} by {user}
48125,2026-01-13,13:19:19,INFO,WebServer,Page view: /home by u1738,E103,Page view: {page} by {user}
48126,2026-01-13,13:17:55,INFO,AuthService,Transaction tx796531 completed in 938ms,E104,Transaction {tx} completed in {time}ms
48127,2026-01-13,13:13:09,INFO,AuthService,Page view: /home by u4632,E103,Page view: {page} by {user}
48128,2026-01-13,13:32:09,INFO,WebServer,Health check passed: WebServer,E102,Health check passed: {service}
48129,2026-01-13,13:52:46,INFO,AuthService,Health check passed: AuthService,E102,Health check passed: {service}
48130,2026-01-13,13:40:52,INFO,WebServer,User u1905 login successful,E101,User {user} login successful
48131,2026-01-13,13:31:04,INFO,AuthService,User u4716 login successful,E101,User {user} login successful
48132,2026-01-13,13:44:19,INFO,WebServer,Health check passed: WebServer,E102,Health check passed: {service}
48133,2026-01-13,13:39:33,INFO,WebServer,Transaction tx514968 completed in 232ms,E104,Transaction {tx} completed in {time}ms
48134,2026-01-13,13:55:20,INFO,WebServer,Health check passed: WebServer,E102,Health check passed: {service}
48135,2026-01-13,13:07:57,INFO,OrderProcessor,Transaction tx135337 completed in 692ms,E104,Transaction {tx} completed in {time}ms
48136,2026-01-13,13:12:13,INFO,AuthService,Health check passed: AuthService,E102,Health check passed: {service}
48137,2026-01-13,13:11:49,INFO,WebServer,Health check passed: WebServer,E102,Health check passed: {service}
48138,2026-01-13,13:40:17,INFO,WebServer,Health check passed: WebServer,E102,Health check passed: {service}
48139,2026-01-13,13:56:48,INFO,PaymentGateway,Page view: /home by u3608,E103,Page view: {page} by {user}
48140,2026-01-13,13:24:14,INFO,WebServer,Transaction tx259508 completed in 558ms,E104,Transaction {tx} completed in {time}ms
48141,2026-01-13,13:09:28,WARN,OrderProcessor,Disk usage > 85% on node node-2,E202,Disk usage > 85% on node {node}
48142,2026-01-13,13:46:58,INFO,WebServer,User u3498 login successful,E101,User {user} login successful
48143,2026-01-13,13:23:48,INFO,WebServer,Page view: /home by u4104,E103,Page view: {page} by {user}
48144,2026-01-13,13:26:07,INFO,WebServer,Health check passed: WebServer,E102,Health check passed: {service}
48145,2026-01-13,13:46:17,INFO,AuthService,User u3991 login successful,E101,User {user} login successful
48146,2026-01-13,13:51:20,INFO,WebServer,User u1549 login successful,E101,User {user} login successful
48147,2026-01-13,13:48:26,INFO,WebServer,Page view: /home by u4063,E103,Page view: {page} by {user}
48148,2026-01-13,13:58:23,INFO,OrderProcessor,Page view: /home by u4433,E103,Page view: {page} by {user}
48149,2026-01-13,13:43:22,INFO,PaymentGateway,Page view: /home by u1504,E103,Page view: {page} by {user}
48150,2026-01-13,13:12:27,ERROR,PaymentGateway,Connection refused to PaymentGateway at 10.0.0.45,E501,Connection refused to {service} at {ip}
48151,2026-01-13,13:40:07,INFO,WebServer,Health check passed: WebServer,E102,Health check passed: {service}
48152,2026-01-13,13:57:11,WARN,AuthService,Disk usage > 85% on node node-3,E202,Disk usage > 85% on node {node}
48153,2026-01-13,13:48:45,WARN,OrderProcessor,Disk usage > 85% on node node-2,E202,Disk usage > 85% on node {node}
48154,2026-01-13,13:24:02,INFO,WebServer,Transaction tx520956 completed in 536ms,E104,Transaction {tx} completed in {time}ms
48155,2026-01-13,13:08:20,INFO,PaymentGateway,User u1644 login successful,E101,User {user} login successful
48156,2026-01-13,13:16:10,WARN,WebServer,Unauthorized access attempt from 10.0.0.88,E401,Unauthorized access attempt from {ip}
48157,2026-01-13,13:35:19,INFO,AuthService,User u3954 login successful,E101,User {user} login successful
48158,2026-01-13,13:43:38,INFO,OrderProcessor,Page view: /home by u4565,E103,Page view: {page} by {user}
48159,2026-01-13,13:37:44,INFO,WebServer,Page view: /home by u3113,E103,Page view: {page} by {user}
48160,2026-01-13,13:02:57,INFO,WebServer,User u1237 login successful,E101,User {user} login successful
48161,2026-01-13,13:46:54,INFO,WebServer,Page view: /home by u3368,E103,Page view: {page} by {user}
48162,2026-01-13,13:34:00,INFO,PaymentGateway,Health check passed: PaymentGateway,E102,Health check passed: {service}
48163,2026-01-13,13:42:38,CRITICAL,WebServer,DATA CORRUPTION detected in sector 811,E602,DATA CORRUPTION detected in sector {sector}
48164,2026-01-13,13:49:59,INFO,AuthService,Page view: /home by u1117,E103,Page view: {page} by {user}
48165,2026-01-13,13:53:03,INFO,OrderProcessor,Health check passed: OrderProcessor,E102,Health check passed: {service}
48166,2026-01-13,13:10:36,INFO,AuthService,Health check passed: AuthService,E102,Health check passed: {service}
48167,2026-01-13,13:22:36,INFO,WebServer,Transaction tx200510 completed in 1088ms,E104,Transaction {tx} completed in {time}ms
48168,2026-01-13,13:43:10,WARN,InventoryDB,Disk usage > 85% on node node-1,E202,Disk usage > 85% on node {node}
48169,2026-01-13,13:45:56,INFO,WebServer,Transaction tx740172 completed in 196ms,E104,Transaction {tx} completed in {time}ms
48170,2026-01-13,13:49:30,INFO,WebServer,Health check passed: WebServer,E102,Health check passed: {service}
48171,2026-01-13,13:11:02,INFO,AuthService,Transaction tx103478 completed in 1966ms,E104,Transaction {tx} completed in {time}ms
48172,2026-01-13,13:09:46,INFO,WebServer,Page view: /home by u1986,E103,Page view: {page} by {user}
48173,2026-01-13,13:00:37,INFO,WebServer,Health check passed: WebServer,E102,Health check passed: {service}
48174,2026-01-13,13:10:16,INFO,WebServer,Page view: /home by u3562,E103,Page view: {page} by {user}
48175,2026-01-13,13:36:29,INFO,OrderProcessor,Health check passed: OrderProcessor,E102,Health check passed: {service}
48176,2026-01-13,13:56:37,INFO,WebServer,User u4244 login successful,E101,User {user} login successful
48177,2026-01-13,13:45:36,INFO,OrderProcessor,Health check passed: OrderProcessor,E102,Health check passed: {service}
48178,2026-01-13,13:50:32,INFO,PaymentGateway,Health check passed: PaymentGateway,E102,Health check passed: {service}
48179,2026-01-13,13:11:55,INFO,OrderProcessor,Transaction tx800165 completed in 1233ms,E104,Transaction {tx} completed in {time}ms
48180,2026-01-13,13:52:06,INFO,WebServer,Health check passed: WebServer,E102,Health check passed: {service}
48181,2026-01-13,13:49:35,INFO,WebServer,Page view: /home by u4894,E103,Page view: {page} by {user}
48182,2026-01-13,13:10:51,INFO,WebServer,Health check passed: WebServer,E102,Health check passed: {service}
48183,2026-01-13,13:42:19,INFO,AuthService,Page view: /home by u4506,E103,Page view: {page} by {user}
48184,2026-01-13,13:16:44,INFO,AuthService,Transaction tx923704 completed in 605ms,E104,Transaction {tx} completed in {time}ms
48185,2026-01-13,13:46:58,INFO,WebServer,Page view: /home by u4588,E103,Page view: {page} by {user}
48186,2026-01-13,13:37:53,INFO,WebServer,Health check passed: WebServer,E102,Health check passed: {service}
48187,2026-01-13,13:41:26,INFO,WebServer,Page view: /home by u1578,E103,Page view: {page} by {user}
48188,2026-01-13,13:13:55,INFO,AuthService,User u3179 login successful,E101,User {user} login successful
48189,2026-01-13,13:24:49,INFO,OrderProcessor,Page view: /home by u1065,E103,Page view: {page} by {user}
48190,2026-01-13,13:29:59,INFO,OrderProcessor,Page view: /home by u4245,E103,Page view: {page} by {user}
48191,2026-01-13,13:33:33,INFO,WebServer,Health check passed: WebServer,E102,Health check passed: {service}
48192,2026-01-13,13:48:27,INFO,WebServer,Health check passed: WebServer,E102,Health check passed: {service}
48193,2026-01-13,13:27:25,INFO,WebServer,Health check passed: WebServer,E102,Health check passed: {service}
48194,2026-01-13,13:10:18,INFO,AuthService,Health check passed: AuthService,E102,Health check passed: {service}
48195,2026-01-13,13:31:34,INFO,PaymentGateway,Page view: /home by u2796,E103,Page view: {page} by {user}
48196,2026-01-13,13:49:58,INFO,WebServer,Health check passed: WebServer,E102,Health check passed: {service}
48197,2026-01-13,13:14:55,INFO,WebServer,Transaction tx579276 completed in 1052ms,E104,Transaction {tx} completed in {time}ms
48198,2026-01-13,13:16:35,INFO,PaymentGateway,Health check passed: PaymentGateway,E102,Health check passed: {service}
48199,2026-01-13,13:28:15,WARN,WebServer,High latency (1582ms) detected on WebServer,E201,High latency ({time}ms) detected on {service}
48200,2026-01-13,13:58:31,INFO,AuthService,User u3546 login successful,E101,User {user} login successful
48201,2026-01-13,13:00:35,INFO,OrderProcessor,Health check passed: OrderProcessor,E102,Health check passed: {service}
48202,2026-01-13,13:51:16,INFO,InventoryDB,Transaction tx568668 completed in 1958ms,E104,Transaction {tx} completed in {time}ms
48203,2026-01-13,13:19:39,INFO,WebServer,User u4283 login successful,E101,User {user} login successful
48204,2026-01-13,13:52:57,INFO,AuthService,Page view: /home by u4598,E103,Page view: {page} by {user}
48205,2026-01-13,13:28:00,INFO,PaymentGateway,Transaction tx434158 completed in 1537ms,E104,Transaction {tx} completed in {time}ms
48206,2026-01-13,13:23:56,INFO,WebServer,Page view: /home by u2042,E103,Page view: {page} by {user}
48207,2026-01-13,13:03:28,INFO,AuthService,User u1960 login successful,E101,User {user} login successful
48208,2026-01-13,13:20:58,INFO,AuthService,Transaction tx722623 completed in 1796ms,E104,Transaction {tx} completed in {time}ms
48209,2026-01-13,13:44:45,INFO,WebServer,Transaction tx861829 completed in 1658ms,E104,Transaction {tx} completed in {time}ms
48210,2026-01-13,13:12:17,INFO,AuthService,Transaction tx954611 completed in 1795ms,E104,Transaction {tx} completed in {time}ms
48211,2026-01-13,13:27:49,INFO,WebServer,Transaction tx311153 completed in 739ms,E104,Transaction {tx} completed in {time}ms
48212,2026-01-13,13:37:37,INFO,WebServer,Transaction tx532883 completed in 1592ms,E104,Transaction {tx} completed in {time}ms
48213,2026-01-13,13:18:14,INFO,PaymentGateway,Page view: /home by u4301,E103,Page view: {page} by {user}
48214,2026-01-13,13:19:15,INFO,PaymentGateway,User u3910 login successful,E101,User {user} login successful
48215,2026-01-13,13:17:37,INFO,AuthService,Transaction tx733809 completed in 1169ms,E104,Transaction {tx} completed in {time}ms
48216,2026-01-13,13:29:10,INFO,OrderProcessor,Health check passed: OrderProcessor,E102,Health check passed: {service}
48217,2026-01-13,13:51:05,INFO,WebServer,Health check passed: WebServer,E102,Health check passed: {service}
48218,2026-01-13,13:30:22,INFO,WebServer,User u2529 login successful,E101,User {user} login successful
48219,2026-01-13,13:57:58,INFO,WebServer,Health check passed: WebServer,E102,Health check passed: {service}
48220,2026-01-13,13:18:56,INFO,WebServer,Health check passed: WebServer,E102,Health check passed: {service}
48221,2026-01-13,13:49:18,INFO,WebServer,Page view: /home by u2516,E103,Page view: {page} by {user}
48222,2026-01-13,13:44:09,INFO,InventoryDB,Page view: /home by u1544,E103,Page view: {page} by {user}
48223,2026-01-13,13:36:20,INFO,OrderProcessor,Health check passed: OrderProcessor,E102,Health check passed: {service}
48224,2026-01-13,13:43:42,INFO,WebServer,Page view: /home by u1862,E103,Page view: {page} by {user}
48225,2026-01-13,13:55:49,INFO,OrderProcessor,Transaction tx800292 completed in 1739ms,E104,Transaction {tx} completed in {time}ms
48226,2026-01-13,13:14:24,INFO,AuthService,Page view: /home by u2580,E103,Page view: {page} by {user}
48227,2026-01-13,13:31:40,INFO,WebServer,Transaction tx639444 completed in 1289ms,E104,Transaction {tx} completed in {time}ms
48228,2026-01-13,13:02:45,INFO,WebServer,Health check passed: WebServer,E102,Health check passed: {service}
48229,2026-01-13,13:12:45,INFO,AuthService,User u4397 login successful,E101,User {user} login successful
48230,2026-01-13,13:25:46,INFO,AuthService,Page view: /home by u2080,E103,Page view: {page} by {user}
48231,2026-01-13,13:06:56,INFO,WebServer,Health check passed: WebServer,E102,Health check passed: {service}
48232,2026-01-13,13:50:09,CRITICAL,InventoryDB,KERNEL PANIC: Node node-5 crashed,E601,KERNEL PANIC: Node {node} crashed
48233,2026-01-13,13:26:16,INFO,PaymentGateway,User u4061 login successful,E101,User {user} login successful
48234,2026-01-13,13:00:59,INFO,WebServer,Page view: /home by u3119,E103,Page view: {page} by {user}
48235,2026-01-13,13:28:33,INFO,WebServer,User u2151 login successful,E101,User {user} login successful
48236,2026-01-13,13:10:48,INFO,OrderProcessor,Page view: /home by u3364,E103,Page view: {page} by {user}
48237,2026-01-13,13:23:21,INFO,AuthService,Page view: /home by u2196,E103,Page view: {page} by {user}
48238,2026-01-13,13:42:58,INFO,OrderProcessor,Page view: /home by u2294,E103,Page view: {page} by {user}
48239,2026-01-13,13:55:11,INFO,AuthService,Health check passed: AuthService,E102,Health check passed: {service}
48240,2026-01-13,13:59:38,INFO,AuthService,User u4333 login successful,E101,User {user} login successful
48241,2026-01-13,13:46:09,INFO,InventoryDB,Transaction tx287893 completed in 1005ms,E104,Transaction {tx} completed in {time}ms
48242,2026-01-13,13:19:11,ERROR,WebServer,Connection refused to WebServer at 10.0.0.45,E501,Connection refused to {service} at {ip}
48243,2026-01-13,13:22:29,WARN,AuthService,Disk usage > 85% on node node-4,E202,Disk usage > 85% on node {node}
48244,2026-01-13,13:56:39,ERROR,WebServer,Timeout waiting for lock on InventoryDB,E502,Timeout waiting for lock on {db}
48245,2026-01-13,13:59:41,INFO,OrderProcessor,Transaction tx321321 completed in 1503ms,E104,Transaction {tx} completed in {time}ms
48246,2026-01-13,13:03:50,INFO,WebServer,Page view: /home by u1990,E103,Page view: {page} by {user}
48247,2026-01-13,13:40:15,INFO,WebServer,Health check passed: WebServer,E102,Health check passed: {service}
48248,2026-01-13,13:19:22,INFO,WebServer,Health check passed: WebServer,E102,Health check passed: {service}
48249,2026-01-13,13:53:48,INFO,WebServer,Transaction tx669610 completed in 1573ms,E104,Transaction {tx} completed in {time}ms
48250,2026-01-13,13:20:14,INFO,WebServer,Health check passed: WebServer,E102,Health check passed: {service}
48251,2026-01-13,13:52:30,INFO,AuthService,Transaction tx803089 completed in 1754ms,E104,Transaction {tx} completed in {time}ms
48252,2026-01-13,13:04:05,INFO,AuthService,User u1136 login successful,E101,User {user} login successful
48253,2026-01-13,13:16:27,INFO,WebServer,User u2066 login successful,E101,User {user} login successful
48254,2026-01-13,13:02:24,INFO,OrderProcessor,Transaction tx213660 completed in 1138ms,E104,Transaction {tx} completed in {time}ms
48255,2026-01-13,13:03:51,INFO,WebServer,Page view: /home by u2580,E103,Page view: {page} by {user}
48256,2026-01-13,13:35:07,INFO,OrderProcessor,Transaction tx318877 completed in 990ms,E104,Transaction {tx} completed in {time}ms
48257,2026-01-13,13:37:05,INFO,InventoryDB,Transaction tx876450 completed in 637ms,E104,Transaction {tx} completed in {time}ms
48258,2026-01-13,13:58:10,INFO,AuthService,Health check passed: AuthService,E102,Health check passed: {service}
48259,2026-01-13,13:41:06,INFO,WebServer,Transaction tx526577 completed in 183ms,E104,Transaction {tx} completed in {time}ms
48260,2026-01-13,13:08:30,INFO,WebServer,Transaction tx241855 completed in 795ms,E104,Transaction {tx} completed in {time}ms
48261,2026-01-13,13:36:37,INFO,OrderProcessor,Health check passed: OrderProcessor,E102,Health check passed: {service}
48262,2026-01-13,13:07:00,INFO,WebServer,User u1569 login successful,E101,User {user} login successful
48263,2026-01-13,13:06:47,INFO,WebServer,User u4841 login successful,E101,User {user} login successful
48264,2026-01-13,13:00:14,INFO,OrderProcessor,User u2782 login successful,E101,User {user} login successful
48265,2026-01-13,13:08:01,INFO,WebServer,Page view: /home by u1273,E103,Page view: {page} by {user}
48266,2026-01-13,13:25:02,WARN,WebServer,Disk usage > 85% on node node-5,E202,Disk usage > 85% on node {node}
48267,2026-01-13,13:25:28,INFO,AuthService,Health check passed: AuthService,E102,Health check passed: {service}
48268,2026-01-13,13:31:45,INFO,WebServer,User u1800 login successful,E101,User {user} login successful
48269,2026-01-13,13:57:50,WARN,InventoryDB,High latency (105ms) detected on InventoryDB,E201,High latency ({time}ms) detected on {service}
48270,2026-01-13,13:00:57,INFO,OrderProcessor,Transaction tx255359 completed in 1337ms,E104,Transaction {tx} completed in {time}ms
48271,2026-01-13,13:40:35,INFO,OrderProcessor,Transaction tx164651 completed in 194ms,E104,Transaction {tx} completed in {time}ms
48272,2026-01-13,13:15:39,ERROR,WebServer,Connection refused to WebServer at 10.0.0.45,E501,Connection refused to {service} at {ip}
48273,2026-01-13,13:33:34,INFO,AuthService,Page view: /home by u3199,E103,Page view: {page} by {user}
48274,2026-01-13,13:26:25,INFO,WebServer,User u2916 login successful,E101,User {user} login successful
48275,2026-01-13,13:32:51,INFO,WebServer,Transaction tx635837 completed in 658ms,E104,Transaction {tx} completed in {time}ms
48276,2026-01-13,13:58:02,INFO,WebServer,Transaction tx515493 completed in 1026ms,E104,Transaction {tx} completed in {time}ms
48277,2026-01-13,13:16:39,INFO,WebServer,Health check passed: WebServer,E102,Health check passed: {service}
48278,2026-01-13,13:23:44,INFO,OrderProcessor,Page view: /home by u1532,E103,Page view: {page} by {user}
48279,2026-01-13,13:20:52,INFO,WebServer,User u4846 login successful,E101,User {user} login successful
48280,2026-01-13,13:14:19,INFO,WebServer,Health check passed: WebServer,E102,Health check passed: {service}
48281,2026-01-13,13:53:45,INFO,WebServer,Health check passed: WebServer,E102,Health check passed: {service}
48282,2026-01-13,13:40:56,INFO,OrderProcessor,Health check passed: OrderProcessor,E102,Health check passed: {service}
48283,2026-01-13,13:28:35,INFO,WebServer,Transaction tx697689 completed in 542ms,E104,Transaction {tx} completed in {time}ms
48284,2026-01-13,13:17:01,INFO,WebServer,Transaction tx763219 completed in 877ms,E104,Transaction {tx} completed in {time}ms
48285,2026-01-13,13:16:49,INFO,WebServer,Health check passed: WebServer,E102,Health check passed: {service}
48286,2026-01-13,13:20:05,INFO,PaymentGateway,Page view: /home by u3937,E103,Page view: {page} by {user}
48287,2026-01-13,13:41:20,INFO,OrderProcessor,Health check passed: OrderProcessor,E102,Health check passed: {service}
48288,2026-01-13,13:03:50,INFO,WebServer,Health check passed: WebServer,E102,Health check passed: {service}
48289,2026-01-13,13:10:40,INFO,OrderProcessor,Page view: /home by u2378,E103,Page view: {page} by {user}
48290,2026-01-13,13:43:42,INFO,WebServer,Page view: /home by u2371,E103,Page view: {page} by {user}
48291,2026-01-13,13:01:54,INFO,PaymentGateway,User u3985 login successful,E101,User {user} login successful
48292,2026-01-13,13:34:43,INFO,OrderProcessor,Page view: /home by u4116,E103,Page view: {page} by {user}
48293,2026-01-13,13:15:40,INFO,AuthService,Page view: /home by u1965,E103,Page view: {page} by {user}
48294,2026-01-13,13:40:43,INFO,OrderProcessor,Page view: /home by u3311,E103,Page view: {page} by {user}
48295,2026-01-13,13:01:49,INFO,AuthService,Page view: /home by u3259,E103,Page view: {page} by {user}
48296,2026-01-13,13:30:58,INFO,AuthService,Page view: /home by u2816,E103,Page view: {page} by {user}
48297,2026-01-13,13:05:46,INFO,WebServer,Transaction tx109318 completed in 1587ms,E104,Transaction {tx} completed in {time}ms
48298,2026-01-13,13:45:47,INFO,PaymentGateway,Transaction tx929590 completed in 75ms,E104,Transaction {tx} completed in {time}ms
48299,2026-01-13,13:33:35,INFO,InventoryDB,Transaction tx785892 completed in 585ms,E104,Transaction {tx} completed in {time}ms
48300,2026-01-13,13:06:26,INFO,WebServer,Transaction tx454487 completed in 1769ms,E104,Transaction {tx} completed in {time}ms
48301,2026-01-13,13:00:40,INFO,WebServer,Transaction tx794525 completed in 1518ms,E104,Transaction {tx} completed in {time}ms
48302,2026-01-13,13:23:15,INFO,WebServer,Health check passed: WebServer,E102,Health check passed: {service}
48303,2026-01-13,13:39:23,INFO,InventoryDB,User u3468 login successful,E101,User {user} login successful
48304,2026-01-13,13:47:42,INFO,WebServer,Transaction tx874155 completed in 447ms,E104,Transaction {tx} completed in {time}ms
48305,2026-01-13,13:18:39,INFO,WebServer,Page view: /home by u1785,E103,Page view: {page} by {user}
48306,2026-01-13,13:41:02,INFO,AuthService,Transaction tx985907 completed in 590ms,E104,Transaction {tx} completed in {time}ms
48307,2026-01-13,13:45:34,INFO,WebServer,Health check passed: WebServer,E102,Health check passed: {service}
48308,2026-01-13,13:47:19,INFO,WebServer,User u4670 login successful,E101,User {user} login successful
48309,2026-01-13,13:45:00,INFO,InventoryDB,User u2444 login successful,E101,User {user} login successful
48310,2026-01-13,13:22:43,INFO,AuthService,User u3741 login successful,E101,User {user} login successful
48311,2026-01-13,13:42:45,INFO,PaymentGateway,Health check passed: PaymentGateway,E102,Health check passed: {service}
48312,2026-01-13,13:34:20,INFO,WebServer,Health check passed: WebServer,E102,Health check passed: {service}
48313,2026-01-13,13:01:51,INFO,WebServer,Health check passed: WebServer,E102,Health check passed: {service}
48314,2026-01-13,13:08:55,INFO,AuthService,Page view: /home by u1053,E103,Page view: {page} by {user}
48315,2026-01-13,13:03:09,INFO,WebServer,User u2944 login successful,E101,User {user} login successful
48316,2026-01-13,13:08:21,INFO,WebServer,Health check passed: WebServer,E102,Health check passed: {service}
48317,2026-01-13,13:25:54,INFO,WebServer,User u4367 login successful,E101,User {user} login successful
48318,2026-01-13,13:54:11,INFO,PaymentGateway,User u4509 login successful,E101,User {user} login successful
48319,2026-01-13,13:25:02,WARN,AuthService,Disk usage > 85% on node node-4,E202,Disk usage > 85% on node {node}
48320,2026-01-13,13:35:28,INFO,OrderProcessor,Transaction tx535026 completed in 457ms,E104,Transaction {tx} completed in {time}ms
48321,2026-01-13,13:23:09,INFO,WebServer,Page view: /home by u3621,E103,Page view: {page} by {user}
48322,2026-01-13,13:22:06,INFO,WebServer,User u1621 login successful,E101,User {user} login successful
48323,2026-01-13,13:57:13,INFO,InventoryDB,Health check passed: InventoryDB,E102,Health check passed: {service}
48324,2026-01-13,13:58:52,INFO,WebServer,Health check passed: WebServer,E102,Health check passed: {service}
48325,2026-01-13,13:13:31,INFO,WebServer,Transaction tx138261 completed in 1581ms,E104,Transaction {tx} completed in {time}ms
48326,2026-01-13,13:08:03,INFO,WebServer,Transaction tx332704 completed in 1240ms,E104,Transaction {tx} completed in {time}ms
48327,2026-01-13,13:04:24,INFO,AuthService,Health check passed: AuthService,E102,Health check passed: {service}
48328,2026-01-13,13:04:22,INFO,AuthService,Page view: /home by u1366,E103,Page view: {page} by {user}
48329,2026-01-13,13:17:55,INFO,OrderProcessor,Page view: /home by u4179,E103,Page view: {page} by {user}
48330,2026-01-13,13:31:54,WARN,OrderProcessor,Disk usage > 85% on node node-3,E202,Disk usage > 85% on node {node}
48331,2026-01-13,13:14:43,INFO,WebServer,Page view: /home by u1872,E103,Page view: {page} by {user}
48332,2026-01-13,13:51:25,INFO,OrderProcessor,Transaction tx450942 completed in 1547ms,E104,Transaction {tx} completed in {time}ms
48333,2026-01-13,13:55:10,INFO,PaymentGateway,Transaction tx713961 completed in 1640ms,E104,Transaction {tx} completed in {time}ms
48334,2026-01-13,13:51:51,INFO,AuthService,User u3890 login successful,E101,User {user} login successful
48335,2026-01-13,13:34:36,INFO,AuthService,User u3492 login successful,E101,User {user} login successful
48336,2026-01-13,13:31:56,INFO,AuthService,Transaction tx813633 completed in 1145ms,E104,Transaction {tx} completed in {time}ms
48337,2026-01-13,13:35:57,WARN,AuthService,Disk usage > 85% on node node-5,E202,Disk usage > 85% on node {node}
48338,2026-01-13,13:30:31,INFO,OrderProcessor,Page view: /home by u2694,E103,Page view: {page} by {user}
48339,2026-01-13,13:27:49,INFO,PaymentGateway,User u2173 login successful,E101,User {user} login successful
48340,2026-01-13,13:54:12,INFO,WebServer,Page view: /home by u1858,E103,Page view: {page} by {user}
48341,2026-01-13,13:15:02,INFO,OrderProcessor,User u2442 login successful,E101,User {user} login successful
48342,2026-01-13,13:14:08,INFO,WebServer,Health check passed: WebServer,E102,Health check passed: {service}
48343,2026-01-13,13:15:07,INFO,AuthService,Health check passed: AuthService,E102,Health check passed: {service}
48344,2026-01-13,13:27:29,INFO,OrderProcessor,User u4352 login successful,E101,User {user} login successful
48345,2026-01-13,13:21:10,INFO,AuthService,Health check passed: AuthService,E102,Health check passed: {service}
48346,2026-01-13,13:46:22,INFO,AuthService,Transaction tx646792 completed in 1772ms,E104,Transaction {tx} completed in {time}ms
48347,2026-01-13,13:11:13,INFO,PaymentGateway,Health check passed: PaymentGateway,E102,Health check passed: {service}
48348,2026-01-13,13:15:39,INFO,OrderProcessor,Page view: /home by u2915,E103,Page view: {page} by {user}
48349,2026-01-13,13:15:33,INFO,WebServer,Page view: /home by u1893,E103,Page view: {page} by {user}
48350,2026-01-13,13:01:15,INFO,OrderProcessor,Transaction tx998770 completed in 371ms,E104,Transaction {tx} completed in {time}ms
48351,2026-01-13,13:41:44,INFO,WebServer,Transaction tx982905 completed in 1832ms,E104,Transaction {tx} completed in {time}ms
48352,2026-01-13,13:09:10,INFO,AuthService,User u2721 login successful,E101,User {user} login successful
48353,2026-01-13,13:05:24,INFO,PaymentGateway,Page view: /home by u3956,E103,Page view: {page} by {user}
48354,2026-01-13,13:21:48,INFO,PaymentGateway,User u4400 login successful,E101,User {user} login successful
48355,2026-01-13,13:41:48,INFO,WebServer,Page view: /home by u1313,E103,Page view: {page} by {user}
48356,2026-01-13,13:32:00,INFO,WebServer,Health check passed: WebServer,E102,Health check passed: {service}
48357,2026-01-13,13:39:05,INFO,OrderProcessor,Transaction tx966908 completed in 294ms,E104,Transaction {tx} completed in {time}ms
48358,2026-01-13,13:51:42,INFO,WebServer,Page view: /home by u2971,E103,Page view: {page} by {user}
48359,2026-01-13,13:21:29,INFO,OrderProcessor,Page view: /home by u1320,E103,Page view: {page} by {user}
48360,2026-01-13,13:03:53,INFO,WebServer,Health check passed: WebServer,E102,Health check passed: {service}
48361,2026-01-13,13:20:13,INFO,WebServer,Health check passed: WebServer,E102,Health check passed: {service}
48362,2026-01-13,13:25:43,INFO,OrderProcessor,Health check passed: OrderProcessor,E102,Health check passed: {service}
48363,2026-01-13,13:43:47,INFO,WebServer,Page view: /home by u4853,E103,Page view: {page} by {user}
48364,2026-01-13,13:55:43,INFO,PaymentGateway,User u3915 login successful,E101,User {user} login successful
48365,2026-01-13,13:38:22,ERROR,WebServer,Payment declined: Gateway unavailable,E503,Payment declined: Gateway unavailable
48366,2026-01-13,13:01:42,ERROR,WebServer,Timeout waiting for lock on InventoryDB,E502,Timeout waiting for lock on {db}
48367,2026-01-13,13:03:47,INFO,OrderProcessor,Health check passed: OrderProcessor,E102,Health check passed: {service}
48368,2026-01-13,13:51:06,INFO,OrderProcessor,Page view: /home by u3224,E103,Page view: {page} by {user}
48369,2026-01-13,13:07:11,INFO,InventoryDB,Health check passed: InventoryDB,E102,Health check passed: {service}
48370,2026-01-13,13:21:32,INFO,InventoryDB,Health check passed: InventoryDB,E102,Health check passed: {service}
48371,2026-01-13,13:15:23,WARN,OrderProcessor,Unauthorized access attempt from 10.0.0.99,E401,Unauthorized access attempt from {ip}
48372,2026-01-13,13:13:00,INFO,WebServer,Health check passed: WebServer,E102,Health check passed: {service}
48373,2026-01-13,13:45:08,INFO,InventoryDB,Page view: /home by u2259,E103,Page view: {page} by {user}
48374,2026-01-13,13:16:21,INFO,WebServer,Transaction tx688452 completed in 758ms,E104,Transaction {tx} completed in {time}ms
48375,2026-01-13,13:48:31,INFO,AuthService,Health check passed: AuthService,E102,Health check passed: {service}
48376,2026-01-13,13:52:14,INFO,OrderProcessor,Health check passed: OrderProcessor,E102,Health check passed: {service}
48377,2026-01-13,13:29:51,INFO,OrderProcessor,Transaction tx661198 completed in 1206ms,E104,Transaction {tx} completed in {time}ms
48378,2026-01-13,13:06:44,INFO,OrderProcessor,Transaction tx640316 completed in 1215ms,E104,Transaction {tx} completed in {time}ms
48379,2026-01-13,13:56:22,INFO,AuthService,User u2087 login successful,E101,User {user} login successful
48380,2026-01-13,13:44:09,INFO,WebServer,Page view: /home by u4147,E103,Page view: {page} by {user}
48381,2026-01-13,13:11:58,INFO,InventoryDB,Health check passed: InventoryDB,E102,Health check passed: {service}
48382,2026-01-13,13:01:14,WARN,WebServer,High latency (1866ms) detected on WebServer,E201,High latency ({time}ms) detected on {service}
48383,2026-01-13,13:56:24,INFO,OrderProcessor,User u2490 login successful,E101,User {user} login successful
48384,2026-01-13,13:27:54,INFO,WebServer,Health check passed: WebServer,E102,Health check passed: {service}
48385,2026-01-13,13:51:52,INFO,AuthService,Health check passed: AuthService,E102,Health check passed: {service}
48386,2026-01-13,13:03:06,INFO,WebServer,Health check passed: WebServer,E102,Health check passed: {service}
48387,2026-01-13,13:38:51,INFO,AuthService,Health check passed: AuthService,E102,Health check passed: {service}
48388,2026-01-13,13:13:22,INFO,PaymentGateway,Transaction tx543092 completed in 705ms,E104,Transaction {tx} completed in {time}ms
48389,2026-01-13,13:57:39,INFO,AuthService,User u2035 login successful,E101,User {user} login successful
48390,2026-01-13,13:25:29,INFO,PaymentGateway,Page view: /home by u2108,E103,Page view: {page} by {user}
48391,2026-01-13,13:09:20,INFO,WebServer,Transaction tx244843 completed in 95ms,E104,Transaction {tx} completed in {time}ms
48392,2026-01-13,13:41:32,INFO,OrderProcessor,Transaction tx265704 completed in 930ms,E104,Transaction {tx} completed in {time}ms
48393,2026-01-13,13:56:30,INFO,WebServer,Page view: /home by u1195,E103,Page view: {page} by {user}
48394,2026-01-13,13:33:20,INFO,OrderProcessor,User u1704 login successful,E101,User {user} login successful
48395,2026-01-13,13:27:22,INFO,PaymentGateway,Transaction tx393631 completed in 539ms,E104,Transaction {tx} completed in {time}ms
48396,2026-01-13,13:45:42,INFO,PaymentGateway,Health check passed: PaymentGateway,E102,Health check passed: {service}
48397,2026-01-13,13:49:27,INFO,AuthService,User u3750 login successful,E101,User {user} login successful
48398,2026-01-13,13:32:52,INFO,InventoryDB,User u4279 login successful,E101,User {user} login successful
48399,2026-01-13,13:05:21,INFO,WebServer,Health check passed: WebServer,E102,Health check passed: {service}
48400,2026-01-13,13:54:49,INFO,AuthService,Transaction tx407857 completed in 105ms,E104,Transaction {tx} completed in {time}ms
48401,2026-01-13,13:11:16,INFO,WebServer,Page view: /home by u3213,E103,Page view: {page} by {user}
48402,2026-01-13,13:24:54,INFO,WebServer,Health check passed: WebServer,E102,Health check passed: {service}
48403,2026-01-13,13:03:53,WARN,WebServer,Disk usage > 85% on node node-4,E202,Disk usage > 85% on node {node}
48404,2026-01-13,13:12:12,INFO,WebServer,User u1377 login successful,E101,User {user} login successful
48405,2026-01-13,13:02:33,ERROR,WebServer,Timeout waiting for lock on InventoryDB,E502,Timeout waiting for lock on {db}
48406,2026-01-13,13:52:50,INFO,PaymentGateway,Page view: /home by u3013,E103,Page view: {page} by {user}
48407,2026-01-13,13:04:01,INFO,WebServer,User u1742 login successful,E101,User {user} login successful
48408,2026-01-13,13:07:39,INFO,WebServer,Page view: /home by u4509,E103,Page view: {page} by {user}
48409,2026-01-13,13:28:11,INFO,WebServer,Transaction tx196060 completed in 1059ms,E104,Transaction {tx} completed in {time}ms
48410,2026-01-13,13:13:37,INFO,OrderProcessor,Page view: /home by u3168,E103,Page view: {page} by {user}
48411,2026-01-13,13:21:12,INFO,WebServer,Page view: /home by u2115,E103,Page view: {page} by {user}
48412,2026-01-13,13:31:32,INFO,AuthService,User u4603 login successful,E101,User {user} login successful
48413,2026-01-13,13:13:39,INFO,OrderProcessor,Transaction tx535854 completed in 527ms,E104,Transaction {tx} completed in {time}ms
48414,2026-01-13,13:42:34,INFO,WebServer,Health check passed: WebServer,E102,Health check passed: {service}
48415,2026-01-13,13:54:36,INFO,AuthService,Transaction tx594383 completed in 1019ms,E104,Transaction {tx} completed in {time}ms
48416,2026-01-13,13:31:06,INFO,AuthService,Transaction tx745860 completed in 1740ms,E104,Transaction {tx} completed in {time}ms
48417,2026-01-13,13:05:17,INFO,OrderProcessor,Transaction tx441578 completed in 991ms,E104,Transaction {tx} completed in {time}ms
48418,2026-01-13,13:17:35,INFO,AuthService,Page view: /home by u3737,E103,Page view: {page} by {user}
48419,2026-01-13,13:30:14,INFO,AuthService,Page view: /home by u2471,E103,Page view: {page} by {user}
48420,2026-01-13,13:35:40,INFO,PaymentGateway,Transaction tx795056 completed in 413ms,E104,Transaction {tx} completed in {time}ms
48421,2026-01-13,13:47:38,INFO,WebServer,User u1424 login successful,E101,User {user} login successful
48422,2026-01-13,13:22:34,INFO,WebServer,Transaction tx354684 completed in 1699ms,E104,Transaction {tx} completed in {time}ms
48423,2026-01-13,13:31:34,INFO,AuthService,Transaction tx831438 completed in 410ms,E104,Transaction {tx} completed in {time}ms
48424,2026-01-13,13:00:54,INFO,AuthService,Transaction tx642997 completed in 1312ms,E104,Transaction {tx} completed in {time}ms
48425,2026-01-13,13:57:49,INFO,AuthService,Page view: /home by u4034,E103,Page view: {page} by {user}
48426,2026-01-13,13:09:50,INFO,InventoryDB,Health check passed: InventoryDB,E102,Health check passed: {service}
48427,2026-01-13,13:58:55,INFO,WebServer,Transaction tx492162 completed in 245ms,E104,Transaction {tx} completed in {time}ms
48428,2026-01-13,13:04:28,INFO,AuthService,User u4794 login successful,E101,User {user} login successful
48429,2026-01-13,13:50:17,INFO,WebServer,Page view: /home by u4278,E103,Page view: {page} by {user}
48430,2026-01-13,13:12:39,INFO,OrderProcessor,User u4609 login successful,E101,User {user} login successful
48431,2026-01-13,13:26:34,INFO,WebServer,Health check passed: WebServer,E102,Health check passed: {service}
48432,2026-01-13,13:15:53,INFO,WebServer,Health check passed: WebServer,E102,Health check passed: {service}
48433,2026-01-13,13:40:03,INFO,OrderProcessor,Transaction tx751336 completed in 1519ms,E104,Transaction {tx} completed in {time}ms
48434,2026-01-13,13:16:31,INFO,WebServer,Page view: /home by u3014,E103,Page view: {page} by {user}
48435,2026-01-13,13:21:56,INFO,OrderProcessor,Health check passed: OrderProcessor,E102,Health check passed: {service}
48436,2026-01-13,13:05:11,INFO,WebServer,Page view: /home by u2063,E103,Page view: {page} by {user}
48437,2026-01-13,13:28:41,INFO,WebServer,Health check passed: WebServer,E102,Health check passed: {service}
48438,2026-01-13,13:39:25,INFO,AuthService,Health check passed: AuthService,E102,Health check passed: {service}
48439,2026-01-13,13:25:48,INFO,WebServer,Page view: /home by u2885,E103,Page view: {page} by {user}
48440,2026-01-13,13:30:16,INFO,AuthService,Transaction tx734712 completed in 1067ms,E104,Transaction {tx} completed in {time}ms
48441,2026-01-13,13:31:38,INFO,WebServer,Page view: /home by u3055,E103,Page view: {page} by {user}
48442,2026-01-13,13:37:58,INFO,WebServer,Health check passed: WebServer,E102,Health check passed: {service}
48443,2026-01-13,13:28:31,INFO,WebServer,Transaction tx657153 completed in 926ms,E104,Transaction {tx} completed in {time}ms
48444,2026-01-13,13:58:49,INFO,AuthService,User u4262 login successful,E101,User {user} login successful
48445,2026-01-13,13:47:14,INFO,AuthService,User u4486 login successful,E101,User {user} login successful
48446,2026-01-13,13:31:54,INFO,WebServer,Transaction tx901069 completed in 1526ms,E104,Transaction {tx} completed in {time}ms
48447,2026-01-13,13:32:21,INFO,OrderProcessor,Page view: /home by u2474,E103,Page view: {page} by {user}
48448,2026-01-13,13:49:17,INFO,WebServer,User u1955 login successful,E101,User {user} login successful
48449,2026-01-13,13:25:51,INFO,WebServer,Health check passed: WebServer,E102,Health check passed: {service}
48450,2026-01-13,13:33:03,INFO,PaymentGateway,User u4387 login successful,E101,User {user} login successful
48451,2026-01-13,13:05:12,INFO,PaymentGateway,Health check passed: PaymentGateway,E102,Health check passed: {service}
48452,2026-01-13,13:16:43,INFO,WebServer,Transaction tx492569 completed in 504ms,E104,Transaction {tx} completed in {time}ms
48453,2026-01-13,13:24:49,INFO,AuthService,Health check passed: AuthService,E102,Health check passed: {service}
48454,2026-01-13,13:45:37,INFO,WebServer,Health check passed: WebServer,E102,Health check passed: {service}
48455,2026-01-13,13:35:35,INFO,AuthService,Health check passed: AuthService,E102,Health check passed: {service}
48456,2026-01-13,13:56:27,INFO,PaymentGateway,Page view: /home by u3595,E103,Page view: {page} by {user}
48457,2026-01-13,13:32:19,INFO,WebServer,Health check passed: WebServer,E102,Health check passed: {service}
48458,2026-01-13,13:21:00,INFO,PaymentGateway,Page view: /home by u4928,E103,Page view: {page} by {user}
48459,2026-01-13,13:29:26,INFO,WebServer,Transaction tx477138 completed in 242ms,E104,Transaction {tx} completed in {time}ms
48460,2026-01-13,13:49:31,INFO,WebServer,Health check passed: WebServer,E102,Health check passed: {service}
48461,2026-01-13,13:38:33,INFO,InventoryDB,Health check passed: InventoryDB,E102,Health check passed: {service}
48462,2026-01-13,13:32:51,WARN,WebServer,High latency (1681ms) detected on WebServer,E201,High latency ({time}ms) detected on {service}
48463,2026-01-13,13:54:14,INFO,OrderProcessor,User u2300 login successful,E101,User {user} login successful
48464,2026-01-13,13:01:41,INFO,AuthService,User u4310 login successful,E101,User {user} login successful
48465,2026-01-13,13:41:19,INFO,WebServer,User u4389 login successful,E101,User {user} login successful
48466,2026-01-13,13:34:14,INFO,WebServer,Transaction tx181184 completed in 1012ms,E104,Transaction {tx} completed in {time}ms
48467,2026-01-13,13:00:17,INFO,OrderProcessor,User u2686 login successful,E101,User {user} login successful
48468,2026-01-13,13:03:20,INFO,WebServer,Transaction tx187096 completed in 268ms,E104,Transaction {tx} completed in {time}ms
48469,2026-01-13,13:53:34,WARN,WebServer,High latency (1445ms) detected on WebServer,E201,High latency ({time}ms) detected on {service}
48470,2026-01-13,13:28:45,INFO,InventoryDB,Transaction tx909082 completed in 1422ms,E104,Transaction {tx} completed in {time}ms
48471,2026-01-13,13:17:09,INFO,WebServer,User u4725 login successful,E101,User {user} login successful
48472,2026-01-13,13:26:21,INFO,WebServer,Page view: /home by u2573,E103,Page view: {page} by {user}
48473,2026-01-13,13:16:08,INFO,WebServer,User u4043 login successful,E101,User {user} login successful
48474,2026-01-13,13:44:46,INFO,PaymentGateway,Transaction tx364537 completed in 1892ms,E104,Transaction {tx} completed in {time}ms
48475,2026-01-13,13:24:22,INFO,AuthService,Transaction tx198187 completed in 1651ms,E104,Transaction {tx} completed in {time}ms
48476,2026-01-13,13:28:12,INFO,AuthService,Transaction tx593819 completed in 1972ms,E104,Transaction {tx} completed in {time}ms
48477,2026-01-13,13:46:57,INFO,WebServer,Page view: /home by u2414,E103,Page view: {page} by {user}
48478,2026-01-13,13:27:18,INFO,OrderProcessor,User u2367 login successful,E101,User {user} login successful
48479,2026-01-13,13:56:37,INFO,WebServer,Transaction tx572005 completed in 456ms,E104,Transaction {tx} completed in {time}ms
48480,2026-01-13,13:19:44,INFO,WebServer,Health check passed: WebServer,E102,Health check passed: {service}
48481,2026-01-13,13:30:02,INFO,WebServer,Transaction tx486966 completed in 1971ms,E104,Transaction {tx} completed in {time}ms
48482,2026-01-13,13:24:30,INFO,InventoryDB,Transaction tx939355 completed in 1197ms,E104,Transaction {tx} completed in {time}ms
48483,2026-01-13,13:08:11,INFO,WebServer,Health check passed: WebServer,E102,Health check passed: {service}
48484,2026-01-13,13:07:45,INFO,WebServer,User u2628 login successful,E101,User {user} login successful
48485,2026-01-13,13:44:51,INFO,WebServer,Transaction tx826596 completed in 866ms,E104,Transaction {tx} completed in {time}ms
48486,2026-01-13,13:52:04,INFO,WebServer,Page view: /home by u2361,E103,Page view: {page} by {user}
48487,2026-01-13,13:22:38,INFO,WebServer,Health check passed: WebServer,E102,Health check passed: {service}
48488,2026-01-13,13:41:06,INFO,WebServer,Transaction tx493755 completed in 163ms,E104,Transaction {tx} completed in {time}ms
48489,2026-01-13,13:37:40,INFO,InventoryDB,Page view: /home by u1622,E103,Page view: {page} by {user}
48490,2026-01-13,13:11:02,INFO,InventoryDB,Page view: /home by u4197,E103,Page view: {page} by {user}
48491,2026-01-13,13:15:15,INFO,WebServer,Page view: /home by u1540,E103,Page view: {page} by {user}
48492,2026-01-13,13:48:58,INFO,WebServer,Page view: /home by u3277,E103,Page view: {page} by {user}
48493,2026-01-13,13:36:11,INFO,WebServer,Health check passed: WebServer,E102,Health check passed: {service}
48494,2026-01-13,13:41:49,INFO,OrderProcessor,Page view: /home by u1694,E103,Page view: {page} by {user}
48495,2026-01-13,13:48:05,ERROR,OrderProcessor,Connection refused to OrderProcessor at 192.168.1.5,E501,Connection refused to {service} at {ip}
48496,2026-01-13,13:33:54,INFO,WebServer,User u2334 login successful,E101,User {user} login successful
48497,2026-01-13,13:02:31,INFO,WebServer,Health check passed: WebServer,E102,Health check passed: {service}
48498,2026-01-13,13:42:23,INFO,AuthService,User u1506 login successful,E101,User {user} login successful
48499,2026-01-13,13:07:26,INFO,WebServer,Transaction tx245504 completed in 1531ms,E104,Transaction {tx} completed in {time}ms
48500,2026-01-13,13:25:13,INFO,WebServer,Transaction tx166001 completed in 484ms,E104,Transaction {tx} completed in {time}ms
48501,2026-01-13,13:52:16,WARN,WebServer,Disk usage > 85% on node node-3,E202,Disk usage > 85% on node {node}
48502,2026-01-13,13:28:01,INFO,OrderProcessor,User u3027 login successful,E101,User {user} login successful
48503,2026-01-13,13:46:12,ERROR,AuthService,Timeout waiting for lock on InventoryDB,E502,Timeout waiting for lock on {db}
48504,2026-01-13,13:41:29,INFO,OrderProcessor,Page view: /home by u3333,E103,Page view: {page} by {user}
48505,2026-01-13,13:24:47,INFO,OrderProcessor,Page view: /home by u1116,E103,Page view: {page} by {user}
48506,2026-01-13,13:03:40,INFO,OrderProcessor,User u3630 login successful,E101,User {user} login successful
48507,2026-01-13,13:25:16,INFO,AuthService,Transaction tx693811 completed in 858ms,E104,Transaction {tx} completed in {time}ms
48508,2026-01-13,13:36:34,INFO,PaymentGateway,User u2060 login successful,E101,User {user} login successful
48509,2026-01-13,13:42:36,INFO,WebServer,User u4498 login successful,E101,User {user} login successful
48510,2026-01-13,13:12:45,INFO,AuthService,Page view: /home by u3416,E103,Page view: {page} by {user}
48511,2026-01-13,13:27:49,INFO,AuthService,User u3018 login successful,E101,User {user} login successful
48512,2026-01-13,13:54:07,INFO,WebServer,User u3924 login successful,E101,User {user} login successful
48513,2026-01-13,13:47:19,INFO,WebServer,Transaction tx621952 completed in 1933ms,E104,Transaction {tx} completed in {time}ms
48514,2026-01-13,13:56:40,INFO,WebServer,Transaction tx851994 completed in 314ms,E104,Transaction {tx} completed in {time}ms
48515,2026-01-13,13:17:36,INFO,WebServer,Health check passed: WebServer,E102,Health check passed: {service}
48516,2026-01-13,13:42:05,INFO,WebServer,Page view: /home by u1360,E103,Page view: {page} by {user}
48517,2026-01-13,13:55:20,INFO,AuthService,Transaction tx639798 completed in 438ms,E104,Transaction {tx} completed in {time}ms
48518,2026-01-13,13:05:29,INFO,WebServer,Health check passed: WebServer,E102,Health check passed: {service}
48519,2026-01-13,13:56:05,INFO,OrderProcessor,User u2619 login successful,E101,User {user} login successful
48520,2026-01-13,13:47:43,INFO,PaymentGateway,Health check passed: PaymentGateway,E102,Health check passed: {service}
48521,2026-01-13,13:19:05,INFO,AuthService,Health check passed: AuthService,E102,Health check passed: {service}
48522,2026-01-13,13:14:03,INFO,AuthService,User u3559 login successful,E101,User {user} login successful
48523,2026-01-13,13:19:12,WARN,OrderProcessor,Unauthorized access attempt from 10.0.0.45,E401,Unauthorized access attempt from {ip}
48524,2026-01-13,13:55:07,INFO,AuthService,Health check passed: AuthService,E102,Health check passed: {service}
48525,2026-01-13,13:27:58,INFO,AuthService,User u2241 login successful,E101,User {user} login successful
48526,2026-01-13,13:04:32,WARN,WebServer,Unauthorized access attempt from 10.0.0.12,E401,Unauthorized access attempt from {ip}
48527,2026-01-13,13:32:54,INFO,WebServer,Page view: /home by u3981,E103,Page view: {page} by {user}
48528,2026-01-13,13:40:51,INFO,WebServer,Transaction tx767942 completed in 1350ms,E104,Transaction {tx} completed in {time}ms
48529,2026-01-13,13:41:24,INFO,WebServer,User u1678 login successful,E101,User {user} login successful
48530,2026-01-13,13:31:27,ERROR,WebServer,Payment declined: Gateway unavailable,E503,Payment declined: Gateway unavailable
48531,2026-01-13,13:58:03,INFO,WebServer,Health check passed: WebServer,E102,Health check passed: {service}
48532,2026-01-13,13:41:12,INFO,WebServer,Page view: /home by u3173,E103,Page view: {page} by {user}
48533,2026-01-13,13:29:18,INFO,AuthService,Page view: /home by u3785,E103,Page view: {page} by {user}
48534,2026-01-13,13:50:23,CRITICAL,WebServer,DATA CORRUPTION detected in sector 998,E602,DATA CORRUPTION detected in sector {sector}
48535,2026-01-13,13:02:07,INFO,OrderProcessor,Health check passed: OrderProcessor,E102,Health check passed: {service}
48536,2026-01-13,13:34:11,INFO,WebServer,Transaction tx545336 completed in 1532ms,E104,Transaction {tx} completed in {time}ms
48537,2026-01-13,13:28:24,INFO,WebServer,User u4971 login successful,E101,User {user} login successful
48538,2026-01-13,13:28:30,INFO,WebServer,Transaction tx228097 completed in 1557ms,E104,Transaction {tx} completed in {time}ms
48539,2026-01-13,13:02:34,INFO,OrderProcessor,Transaction tx112210 completed in 798ms,E104,Transaction {tx} completed in {time}ms
48540,2026-01-13,13:58:23,INFO,AuthService,Page view: /home by u2681,E103,Page view: {page} by {user}
48541,2026-01-13,13:15:40,INFO,WebServer,Transaction tx504918 completed in 1875ms,E104,Transaction {tx} completed in {time}ms
48542,2026-01-13,13:36:37,WARN,WebServer,Disk usage > 85% on node node-3,E202,Disk usage > 85% on node {node}
48543,2026-01-13,13:09:46,WARN,WebServer,Disk usage > 85% on node node-5,E202,Disk usage > 85% on node {node}
48544,2026-01-13,13:31:22,INFO,AuthService,User u4994 login successful,E101,User {user} login successful
48545,2026-01-13,13:11:26,INFO,OrderProcessor,Page view: /home by u2034,E103,Page view: {page} by {user}
48546,2026-01-13,13:10:27,INFO,AuthService,Page view: /home by u3814,E103,Page view: {page} by {user}
48547,2026-01-13,13:39:45,INFO,InventoryDB,Page view: /home by u3355,E103,Page view: {page} by {user}
48548,2026-01-13,13:46:54,INFO,OrderProcessor,Transaction tx277213 completed in 390ms,E104,Transaction {tx} completed in {time}ms
48549,2026-01-13,13:17:27,INFO,OrderProcessor,Health check passed: OrderProcessor,E102,Health check passed: {service}
48550,2026-01-13,13:52:38,INFO,WebServer,Page view: /home by u2555,E103,Page view: {page} by {user}
48551,2026-01-13,13:53:06,INFO,InventoryDB,Transaction tx894350 completed in 945ms,E104,Transaction {tx} completed in {time}ms
48552,2026-01-13,13:10:50,INFO,AuthService,Transaction tx143342 completed in 1207ms,E104,Transaction {tx} completed in {time}ms
48553,2026-01-13,13:47:34,WARN,PaymentGateway,High latency (697ms) detected on PaymentGateway,E201,High latency ({time}ms) detected on {service}
48554,2026-01-13,13:16:34,CRITICAL,OrderProcessor,DATA CORRUPTION detected in sector 689,E602,DATA CORRUPTION detected in sector {sector}
48555,2026-01-13,13:32:58,INFO,WebServer,Page view: /home by u2331,E103,Page view: {page} by {user}
48556,2026-01-13,13:46:17,INFO,WebServer,Page view: /home by u3503,E103,Page view: {page} by {user}
48557,2026-01-13,13:30:27,INFO,WebServer,Transaction tx424811 completed in 659ms,E104,Transaction {tx} completed in {time}ms
48558,2026-01-13,13:49:10,INFO,OrderProcessor,User u2440 login successful,E101,User {user} login successful
48559,2026-01-13,13:16:16,INFO,AuthService,Page view: /home by u4265,E103,Page view: {page} by {user}
48560,2026-01-13,13:41:12,WARN,WebServer,High latency (652ms) detected on WebServer,E201,High latency ({time}ms) detected on {service}
48561,2026-01-13,13:45:40,INFO,WebServer,Health check passed: WebServer,E102,Health check passed: {service}
48562,2026-01-13,13:45:27,INFO,WebServer,Page view: /home by u2688,E103,Page view: {page} by {user}
48563,2026-01-13,13:17:54,INFO,WebServer,Transaction tx537634 completed in 476ms,E104,Transaction {tx} completed in {time}ms
48564,2026-01-13,13:58:00,INFO,WebServer,Page view: /home by u4319,E103,Page view: {page} by {user}
48565,2026-01-13,13:11:30,INFO,OrderProcessor,Transaction tx696719 completed in 518ms,E104,Transaction {tx} completed in {time}ms
48566,2026-01-13,13:07:15,INFO,AuthService,Health check passed: AuthService,E102,Health check passed: {service}
48567,2026-01-13,13:01:08,INFO,AuthService,Transaction tx650027 completed in 1981ms,E104,Transaction {tx} completed in {time}ms
48568,2026-01-13,13:52:15,INFO,WebServer,Transaction tx711471 completed in 1572ms,E104,Transaction {tx} completed in {time}ms
48569,2026-01-13,13:30:45,INFO,WebServer,Health check passed: WebServer,E102,Health check passed: {service}
48570,2026-01-13,13:41:43,INFO,WebServer,Transaction tx100499 completed in 1671ms,E104,Transaction {tx} completed in {time}ms
48571,2026-01-13,13:39:29,WARN,OrderProcessor,High latency (94ms) detected on OrderProcessor,E201,High latency ({time}ms) detected on {service}
48572,2026-01-13,13:22:06,INFO,AuthService,Transaction tx234864 completed in 1161ms,E104,Transaction {tx} completed in {time}ms
48573,2026-01-13,13:40:00,INFO,OrderProcessor,Transaction tx375510 completed in 328ms,E104,Transaction {tx} completed in {time}ms
48574,2026-01-13,13:08:05,INFO,PaymentGateway,Health check passed: PaymentGateway,E102,Health check passed: {service}
48575,2026-01-13,13:54:32,INFO,WebServer,Transaction tx389137 completed in 885ms,E104,Transaction {tx} completed in {time}ms
48576,2026-01-13,13:55:57,INFO,WebServer,Transaction tx329115 completed in 1771ms,E104,Transaction {tx} completed in {time}ms
48577,2026-01-13,13:16:16,INFO,AuthService,Transaction tx742585 completed in 555ms,E104,Transaction {tx} completed in {time}ms
48578,2026-01-13,13:32:04,INFO,OrderProcessor,Health check passed: OrderProcessor,E102,Health check passed: {service}
48579,2026-01-13,13:26:32,INFO,OrderProcessor,Health check passed: OrderProcessor,E102,Health check passed: {service}
48580,2026-01-13,13:16:28,INFO,PaymentGateway,Health check passed: PaymentGateway,E102,Health check passed: {service}
48581,2026-01-13,13:53:46,INFO,WebServer,Health check passed: WebServer,E102,Health check passed: {service}
48582,2026-01-13,13:58:22,INFO,WebServer,Page view: /home by u2386,E103,Page view: {page} by {user}
48583,2026-01-13,13:50:54,INFO,AuthService,Transaction tx626098 completed in 1823ms,E104,Transaction {tx} completed in {time}ms
48584,2026-01-13,13:10:32,INFO,WebServer,User u4409 login successful,E101,User {user} login successful
48585,2026-01-13,13:13:57,INFO,AuthService,User u1102 login successful,E101,User {user} login successful
48586,2026-01-13,13:56:41,INFO,AuthService,Transaction tx528201 completed in 546ms,E104,Transaction {tx} completed in {time}ms
48587,2026-01-13,13:00:18,INFO,WebServer,Page view: /home by u3591,E103,Page view: {page} by {user}
48588,2026-01-13,13:51:26,INFO,WebServer,Page view: /home by u3254,E103,Page view: {page} by {user}
48589,2026-01-13,13:54:24,INFO,AuthService,Page view: /home by u1544,E103,Page view: {page} by {user}
48590,2026-01-13,13:37:13,INFO,WebServer,Health check passed: WebServer,E102,Health check passed: {service}
48591,2026-01-13,13:53:35,INFO,WebServer,Health check passed: WebServer,E102,Health check passed: {service}
48592,2026-01-13,13:48:34,INFO,WebServer,Page view: /home by u2840,E103,Page view: {page} by {user}
48593,2026-01-13,13:37:35,INFO,AuthService,Health check passed: AuthService,E102,Health check passed: {service}
48594,2026-01-13,13:55:42,INFO,PaymentGateway,User u1558 login successful,E101,User {user} login successful
48595,2026-01-13,13:37:59,INFO,OrderProcessor,User u3533 login successful,E101,User {user} login successful
48596,2026-01-13,13:42:43,INFO,AuthService,Health check passed: AuthService,E102,Health check passed: {service}
48597,2026-01-13,13:39:57,INFO,OrderProcessor,Page view: /home by u4513,E103,Page view: {page} by {user}
48598,2026-01-13,13:52:06,INFO,WebServer,User u1116 login successful,E101,User {user} login successful
48599,2026-01-13,13:01:16,INFO,WebServer,User u3879 login successful,E101,User {user} login successful
48600,2026-01-13,13:36:56,INFO,PaymentGateway,Page view: /home by u4870,E103,Page view: {page} by {user}
48601,2026-01-13,13:36:40,INFO,WebServer,Health check passed: WebServer,E102,Health check passed: {service}
48602,2026-01-13,13:54:00,INFO,WebServer,User u1802 login successful,E101,User {user} login successful
48603,2026-01-13,13:25:45,INFO,AuthService,Transaction tx699489 completed in 1092ms,E104,Transaction {tx} completed in {time}ms
48604,2026-01-13,13:26:28,INFO,OrderProcessor,Page view: /home by u2358,E103,Page view: {page} by {user}
48605,2026-01-13,13:53:02,INFO,AuthService,User u1537 login successful,E101,User {user} login successful
48606,2026-01-13,13:36:20,INFO,AuthService,Health check passed: AuthService,E102,Health check passed: {service}
48607,2026-01-13,13:49:00,INFO,AuthService,Page view: /home by u4668,E103,Page view: {page} by {user}
48608,2026-01-13,13:13:43,INFO,AuthService,User u2824 login successful,E101,User {user} login successful
48609,2026-01-13,13:55:18,INFO,WebServer,Transaction tx480926 completed in 130ms,E104,Transaction {tx} completed in {time}ms
48610,2026-01-13,13:11:41,INFO,PaymentGateway,User u3722 login successful,E101,User {user} login successful
48611,2026-01-13,13:25:03,INFO,AuthService,Transaction tx514506 completed in 403ms,E104,Transaction {tx} completed in {time}ms
48612,2026-01-13,13:04:03,INFO,PaymentGateway,Transaction tx485801 completed in 704ms,E104,Transaction {tx} completed in {time}ms
48613,2026-01-13,13:35:41,INFO,AuthService,Page view: /home by u1057,E103,Page view: {page} by {user}
48614,2026-01-13,13:05:35,INFO,WebServer,Transaction tx176429 completed in 1308ms,E104,Transaction {tx} completed in {time}ms
48615,2026-01-13,13:43:46,INFO,OrderProcessor,Transaction tx645875 completed in 1873ms,E104,Transaction {tx} completed in {time}ms
48616,2026-01-13,13:29:45,WARN,OrderProcessor,High latency (1254ms) detected on OrderProcessor,E201,High latency ({time}ms) detected on {service}
48617,2026-01-13,13:35:21,INFO,AuthService,Transaction tx412825 completed in 146ms,E104,Transaction {tx} completed in {time}ms
48618,2026-01-13,13:16:00,INFO,OrderProcessor,Health check passed: OrderProcessor,E102,Health check passed: {service}
48619,2026-01-13,13:49:11,CRITICAL,WebServer,DATA CORRUPTION detected in sector 580,E602,DATA CORRUPTION detected in sector {sector}
48620,2026-01-13,13:06:23,WARN,WebServer,High latency (1579ms) detected on WebServer,E201,High latency ({time}ms) detected on {service}
48621,2026-01-13,13:17:08,INFO,WebServer,Page view: /home by u4744,E103,Page view: {page} by {user}
48622,2026-01-13,13:24:19,INFO,WebServer,Transaction tx888455 completed in 1857ms,E104,Transaction {tx} completed in {time}ms
48623,2026-01-13,13:29:48,INFO,WebServer,User u2613 login successful,E101,User {user} login successful
48624,2026-01-13,13:39:29,INFO,WebServer,Transaction tx384484 completed in 1007ms,E104,Transaction {tx} completed in {time}ms
48625,2026-01-13,13:08:30,INFO,PaymentGateway,Transaction tx140678 completed in 972ms,E104,Transaction {tx} completed in {time}ms
48626,2026-01-13,13:11:40,INFO,PaymentGateway,Page view: /home by u1436,E103,Page view: {page} by {user}
48627,2026-01-13,13:25:03,INFO,PaymentGateway,Transaction tx690882 completed in 1893ms,E104,Transaction {tx} completed in {time}ms
48628,2026-01-13,13:13:59,INFO,AuthService,Health check passed: AuthService,E102,Health check passed: {service}
48629,2026-01-13,13:46:57,INFO,AuthService,Transaction tx237456 completed in 183ms,E104,Transaction {tx} completed in {time}ms
48630,2026-01-13,13:25:55,INFO,WebServer,Health check passed: WebServer,E102,Health check passed: {service}
48631,2026-01-13,13:18:23,INFO,WebServer,Page view: /home by u4997,E103,Page view: {page} by {user}
48632,2026-01-13,13:58:08,WARN,WebServer,High latency (734ms) detected on WebServer,E201,High latency ({time}ms) detected on {service}
48633,2026-01-13,13:54:31,INFO,AuthService,Page view: /home by u2913,E103,Page view: {page} by {user}
48634,2026-01-13,13:37:12,INFO,AuthService,Transaction tx372943 completed in 668ms,E104,Transaction {tx} completed in {time}ms
48635,2026-01-13,13:52:40,INFO,WebServer,User u2666 login successful,E101,User {user} login successful
48636,2026-01-13,13:36:28,INFO,InventoryDB,Health check passed: InventoryDB,E102,Health check passed: {service}
48637,2026-01-13,13:48:16,INFO,WebServer,User u2081 login successful,E101,User {user} login successful
48638,2026-01-13,13:34:35,INFO,OrderProcessor,Transaction tx971432 completed in 1751ms,E104,Transaction {tx} completed in {time}ms
48639,2026-01-13,13:08:37,INFO,WebServer,Health check passed: WebServer,E102,Health check passed: {service}
48640,2026-01-13,13:30:25,INFO,InventoryDB,Transaction tx210030 completed in 1651ms,E104,Transaction {tx} completed in {time}ms
48641,2026-01-13,13:51:07,INFO,PaymentGateway,Health check passed: PaymentGateway,E102,Health check passed: {service}
48642,2026-01-13,13:46:28,INFO,PaymentGateway,Page view: /home by u4177,E103,Page view: {page} by {user}
48643,2026-01-13,13:39:24,INFO,AuthService,Page view: /home by u4331,E103,Page view: {page} by {user}
48644,2026-01-13,13:31:45,INFO,WebServer,Health check passed: WebServer,E102,Health check passed: {service}
48645,2026-01-13,13:57:12,INFO,WebServer,Transaction tx127650 completed in 708ms,E104,Transaction {tx} completed in {time}ms
48646,2026-01-13,13:41:25,INFO,OrderProcessor,Transaction tx250206 completed in 946ms,E104,Transaction {tx} completed in {time}ms
48647,2026-01-13,13:06:45,INFO,AuthService,User u1122 login successful,E101,User {user} login successful
48648,2026-01-13,13:48:57,INFO,OrderProcessor,User u3204 login successful,E101,User {user} login successful
48649,2026-01-13,13:30:56,INFO,PaymentGateway,Page view: /home by u2507,E103,Page view: {page} by {user}
48650,2026-01-13,13:41:45,INFO,WebServer,User u4467 login successful,E101,User {user} login successful
48651,2026-01-13,13:57:58,INFO,WebServer,User u1644 login successful,E101,User {user} login successful
48652,2026-01-13,13:26:25,INFO,OrderProcessor,Health check passed: OrderProcessor,E102,Health check passed: {service}
48653,2026-01-13,13:02:45,INFO,AuthService,User u4325 login successful,E101,User {user} login successful
48654,2026-01-13,13:04:05,INFO,WebServer,Health check passed: WebServer,E102,Health check passed: {service}
48655,2026-01-13,13:02:33,INFO,WebServer,Page view: /home by u3204,E103,Page view: {page} by {user}
48656,2026-01-13,13:56:17,INFO,WebServer,Transaction tx937871 completed in 1685ms,E104,Transaction {tx} completed in {time}ms
48657,2026-01-13,13:25:36,INFO,OrderProcessor,Health check passed: OrderProcessor,E102,Health check passed: {service}
48658,2026-01-13,13:00:08,INFO,WebServer,Health check passed: WebServer,E102,Health check passed: {service}
48659,2026-01-13,13:56:14,INFO,WebServer,Health check passed: WebServer,E102,Health check passed: {service}
48660,2026-01-13,13:04:59,INFO,WebServer,User u2974 login successful,E101,User {user} login successful
48661,2026-01-13,13:02:32,INFO,PaymentGateway,Transaction tx717288 completed in 1352ms,E104,Transaction {tx} completed in {time}ms
48662,2026-01-13,13:21:01,INFO,WebServer,Transaction tx248941 completed in 582ms,E104,Transaction {tx} completed in {time}ms
48663,2026-01-13,13:43:34,INFO,WebServer,Transaction tx392704 completed in 1228ms,E104,Transaction {tx} completed in {time}ms
48664,2026-01-13,13:09:37,INFO,AuthService,Page view: /home by u2511,E103,Page view: {page} by {user}
48665,2026-01-13,13:45:58,INFO,WebServer,Health check passed: WebServer,E102,Health check passed: {service}
48666,2026-01-13,13:39:10,INFO,OrderProcessor,User u3790 login successful,E101,User {user} login successful
48667,2026-01-13,13:09:14,INFO,WebServer,Health check passed: WebServer,E102,Health check passed: {service}
48668,2026-01-13,13:34:17,INFO,OrderProcessor,Transaction tx992561 completed in 1672ms,E104,Transaction {tx} completed in {time}ms
48669,2026-01-13,13:30:08,INFO,AuthService,User u1361 login successful,E101,User {user} login successful
48670,2026-01-13,13:48:41,INFO,InventoryDB,Transaction tx195376 completed in 1806ms,E104,Transaction {tx} completed in {time}ms
48671,2026-01-13,13:53:58,INFO,WebServer,Transaction tx214260 completed in 777ms,E104,Transaction {tx} completed in {time}ms
48672,2026-01-13,13:39:41,INFO,WebServer,Health check passed: WebServer,E102,Health check passed: {service}
48673,2026-01-13,13:34:41,INFO,AuthService,Transaction tx202265 completed in 1350ms,E104,Transaction {tx} completed in {time}ms
48674,2026-01-13,13:32:34,WARN,OrderProcessor,High latency (364ms) detected on OrderProcessor,E201,High latency ({time}ms) detected on {service}
48675,2026-01-13,13:25:21,INFO,WebServer,Page view: /home by u3233,E103,Page view: {page} by {user}
48676,2026-01-13,13:28:24,INFO,WebServer,Health check passed: WebServer,E102,Health check passed: {service}
48677,2026-01-13,13:50:29,INFO,AuthService,Transaction tx700593 completed in 442ms,E104,Transaction {tx} completed in {time}ms
48678,2026-01-13,13:42:03,INFO,WebServer,Health check passed: WebServer,E102,Health check passed: {service}
48679,2026-01-13,13:20:28,INFO,WebServer,Health check passed: WebServer,E102,Health check passed: {service}
48680,2026-01-13,13:24:38,INFO,PaymentGateway,Page view: /home by u3179,E103,Page view: {page} by {user}
48681,2026-01-13,13:02:59,INFO,OrderProcessor,Transaction tx729140 completed in 1147ms,E104,Transaction {tx} completed in {time}ms
48682,2026-01-13,13:29:39,INFO,WebServer,Transaction tx414759 completed in 1586ms,E104,Transaction {tx} completed in {time}ms
48683,2026-01-13,13:56:48,INFO,PaymentGateway,Page view: /home by u3955,E103,Page view: {page} by {user}
48684,2026-01-13,13:48:41,WARN,OrderProcessor,High latency (457ms) detected on OrderProcessor,E201,High latency ({time}ms) detected on {service}
48685,2026-01-13,13:07:52,INFO,WebServer,Health check passed: WebServer,E102,Health check passed: {service}
48686,2026-01-13,13:23:17,INFO,WebServer,Transaction tx495526 completed in 1146ms,E104,Transaction {tx} completed in {time}ms
48687,2026-01-13,13:48:09,INFO,WebServer,Health check passed: WebServer,E102,Health check passed: {service}
48688,2026-01-13,13:13:08,INFO,AuthService,Health check passed: AuthService,E102,Health check passed: {service}
48689,2026-01-13,13:48:37,INFO,PaymentGateway,Page view: /home by u2083,E103,Page view: {page} by {user}
48690,2026-01-13,13:23:58,INFO,OrderProcessor,Health check passed: OrderProcessor,E102,Health check passed: {service}
48691,2026-01-13,13:05:35,INFO,WebServer,Health check passed: WebServer,E102,Health check passed: {service}
48692,2026-01-13,13:14:00,WARN,InventoryDB,High latency (1580ms) detected on InventoryDB,E201,High latency ({time}ms) detected on {service}
48693,2026-01-13,13:33:30,INFO,WebServer,Transaction tx782223 completed in 494ms,E104,Transaction {tx} completed in {time}ms
48694,2026-01-13,13:30:49,INFO,WebServer,User u2386 login successful,E101,User {user} login successful
48695,2026-01-13,13:26:19,INFO,PaymentGateway,Page view: /home by u2052,E103,Page view: {page} by {user}
48696,2026-01-13,13:55:40,ERROR,OrderProcessor,Connection refused to OrderProcessor at 10.0.0.45,E501,Connection refused to {service} at {ip}
48697,2026-01-13,13:13:04,WARN,AuthService,Disk usage > 85% on node node-4,E202,Disk usage > 85% on node {node}
48698,2026-01-13,13:34:30,INFO,WebServer,User u1099 login successful,E101,User {user} login successful
48699,2026-01-13,13:12:44,INFO,WebServer,Transaction tx278618 completed in 263ms,E104,Transaction {tx} completed in {time}ms
48700,2026-01-13,13:08:25,WARN,WebServer,High latency (184ms) detected on WebServer,E201,High latency ({time}ms) detected on {service}
48701,2026-01-13,13:27:41,INFO,WebServer,Health check passed: WebServer,E102,Health check passed: {service}
48702,2026-01-13,13:51:12,INFO,AuthService,User u1407 login successful,E101,User {user} login successful
48703,2026-01-13,13:59:06,INFO,OrderProcessor,Transaction tx702274 completed in 1099ms,E104,Transaction {tx} completed in {time}ms
48704,2026-01-13,13:06:13,INFO,OrderProcessor,Health check passed: OrderProcessor,E102,Health check passed: {service}
48705,2026-01-13,13:28:58,INFO,PaymentGateway,User u3444 login successful,E101,User {user} login successful
48706,2026-01-13,13:54:32,INFO,WebServer,Page view: /home by u3539,E103,Page view: {page} by {user}
48707,2026-01-13,13:51:07,INFO,WebServer,Health check passed: WebServer,E102,Health check passed: {service}
48708,2026-01-13,13:57:12,WARN,OrderProcessor,Disk usage > 85% on node node-5,E202,Disk usage > 85% on node {node}
48709,2026-01-13,13:24:24,INFO,PaymentGateway,Health check passed: PaymentGateway,E102,Health check passed: {service}
48710,2026-01-13,13:55:55,INFO,WebServer,User u3482 login successful,E101,User {user} login successful
48711,2026-01-13,13:25:55,INFO,OrderProcessor,Page view: /home by u4939,E103,Page view: {page} by {user}
48712,2026-01-13,13:08:54,WARN,OrderProcessor,High latency (794ms) detected on OrderProcessor,E201,High latency ({time}ms) detected on {service}
48713,2026-01-13,13:41:30,INFO,AuthService,Page view: /home by u4463,E103,Page view: {page} by {user}
48714,2026-01-13,13:00:28,INFO,AuthService,Transaction tx136517 completed in 535ms,E104,Transaction {tx} completed in {time}ms
48715,2026-01-13,13:34:22,INFO,OrderProcessor,Transaction tx487230 completed in 297ms,E104,Transaction {tx} completed in {time}ms
48716,2026-01-13,13:33:00,INFO,OrderProcessor,Transaction tx447913 completed in 1689ms,E104,Transaction {tx} completed in {time}ms
48717,2026-01-13,13:50:27,INFO,AuthService,Health check passed: AuthService,E102,Health check passed: {service}
48718,2026-01-13,13:13:30,INFO,WebServer,Transaction tx850716 completed in 1536ms,E104,Transaction {tx} completed in {time}ms
48719,2026-01-13,13:31:12,INFO,WebServer,User u4421 login successful,E101,User {user} login successful
48720,2026-01-13,13:39:59,INFO,OrderProcessor,Health check passed: OrderProcessor,E102,Health check passed: {service}
48721,2026-01-13,13:46:42,INFO,WebServer,Page view: /home by u3076,E103,Page view: {page} by {user}
48722,2026-01-13,13:28:10,INFO,WebServer,Transaction tx207510 completed in 1365ms,E104,Transaction {tx} completed in {time}ms
48723,2026-01-13,13:21:52,INFO,OrderProcessor,Page view: /home by u3059,E103,Page view: {page} by {user}
48724,2026-01-13,13:13:46,INFO,WebServer,Page view: /home by u3547,E103,Page view: {page} by {user}
48725,2026-01-13,13:28:54,INFO,WebServer,User u1947 login successful,E101,User {user} login successful
48726,2026-01-13,13:11:06,INFO,InventoryDB,Page view: /home by u1851,E103,Page view: {page} by {user}
48727,2026-01-13,13:27:33,INFO,AuthService,Page view: /home by u2970,E103,Page view: {page} by {user}
48728,2026-01-13,13:28:57,INFO,AuthService,Transaction tx846207 completed in 1488ms,E104,Transaction {tx} completed in {time}ms
48729,2026-01-13,13:27:35,INFO,AuthService,User u1962 login successful,E101,User {user} login successful
48730,2026-01-13,13:45:21,INFO,PaymentGateway,Page view: /home by u3624,E103,Page view: {page} by {user}
48731,2026-01-13,13:16:44,INFO,AuthService,Health check passed: AuthService,E102,Health check passed: {service}
48732,2026-01-13,13:18:51,INFO,WebServer,User u1664 login successful,E101,User {user} login successful
48733,2026-01-13,13:51:08,INFO,WebServer,User u4659 login successful,E101,User {user} login successful
48734,2026-01-13,13:10:11,INFO,WebServer,Page view: /home by u1596,E103,Page view: {page} by {user}
48735,2026-01-13,13:09:25,INFO,WebServer,Transaction tx699099 completed in 1494ms,E104,Transaction {tx} completed in {time}ms
48736,2026-01-13,13:45:42,INFO,WebServer,Health check passed: WebServer,E102,Health check passed: {service}
48737,2026-01-13,13:36:41,INFO,WebServer,Page view: /home by u4776,E103,Page view: {page} by {user}
48738,2026-01-13,13:18:29,INFO,PaymentGateway,Health check passed: PaymentGateway,E102,Health check passed: {service}
48739,2026-01-13,13:39:26,INFO,WebServer,User u2697 login successful,E101,User {user} login successful
48740,2026-01-13,13:16:18,INFO,PaymentGateway,Health check passed: PaymentGateway,E102,Health check passed: {service}
48741,2026-01-13,13:18:17,INFO,AuthService,Health check passed: AuthService,E102,Health check passed: {service}
48742,2026-01-13,13:07:02,WARN,WebServer,Unauthorized access attempt from 10.0.0.45,E401,Unauthorized access attempt from {ip}
48743,2026-01-13,13:57:51,INFO,WebServer,Page view: /home by u1265,E103,Page view: {page} by {user}
48744,2026-01-13,13:51:30,INFO,PaymentGateway,Page view: /home by u3894,E103,Page view: {page} by {user}
48745,2026-01-13,13:36:14,INFO,WebServer,Transaction tx886092 completed in 57ms,E104,Transaction {tx} completed in {time}ms
48746,2026-01-13,13:28:42,INFO,AuthService,Page view: /home by u1991,E103,Page view: {page} by {user}
48747,2026-01-13,13:28:27,WARN,WebServer,Disk usage > 85% on node node-4,E202,Disk usage > 85% on node {node}
48748,2026-01-13,13:57:22,INFO,WebServer,Health check passed: WebServer,E102,Health check passed: {service}
48749,2026-01-13,13:31:27,INFO,AuthService,Page view: /home by u4333,E103,Page view: {page} by {user}
48750,2026-01-13,13:46:26,INFO,PaymentGateway,Page view: /home by u3811,E103,Page view: {page} by {user}
48751,2026-01-13,13:01:42,INFO,WebServer,Page view: /home by u1536,E103,Page view: {page} by {user}
48752,2026-01-13,13:38:33,INFO,WebServer,User u4425 login successful,E101,User {user} login successful
48753,2026-01-13,13:55:02,INFO,AuthService,Page view: /home by u1256,E103,Page view: {page} by {user}
48754,2026-01-13,13:06:45,INFO,WebServer,Health check passed: WebServer,E102,Health check passed: {service}
48755,2026-01-13,13:35:05,INFO,WebServer,Page view: /home by u4869,E103,Page view: {page} by {user}
48756,2026-01-13,13:16:37,INFO,AuthService,Page view: /home by u3883,E103,Page view: {page} by {user}
48757,2026-01-13,13:05:45,INFO,PaymentGateway,Health check passed: PaymentGateway,E102,Health check passed: {service}
48758,2026-01-13,13:36:03,INFO,PaymentGateway,Page view: /home by u2399,E103,Page view: {page} by {user}
48759,2026-01-13,13:47:37,INFO,WebServer,Transaction tx230155 completed in 1961ms,E104,Transaction {tx} completed in {time}ms
48760,2026-01-13,13:21:31,INFO,InventoryDB,Page view: /home by u4391,E103,Page view: {page} by {user}
48761,2026-01-13,13:46:55,INFO,WebServer,Page view: /home by u2344,E103,Page view: {page} by {user}
48762,2026-01-13,13:18:22,WARN,WebServer,Unauthorized access attempt from 10.0.0.10,E401,Unauthorized access attempt from {ip}
48763,2026-01-13,13:03:04,INFO,PaymentGateway,User u2602 login successful,E101,User {user} login successful
48764,2026-01-13,13:53:04,INFO,WebServer,Page view: /home by u3813,E103,Page view: {page} by {user}
48765,2026-01-13,13:37:06,INFO,WebServer,User u4457 login successful,E101,User {user} login successful
48766,2026-01-13,13:51:55,INFO,OrderProcessor,Transaction tx835921 completed in 1909ms,E104,Transaction {tx} completed in {time}ms
48767,2026-01-13,13:28:33,INFO,OrderProcessor,Transaction tx986544 completed in 338ms,E104,Transaction {tx} completed in {time}ms
48768,2026-01-13,13:40:27,INFO,WebServer,Page view: /home by u2299,E103,Page view: {page} by {user}
48769,2026-01-13,13:54:38,INFO,OrderProcessor,Health check passed: OrderProcessor,E102,Health check passed: {service}
48770,2026-01-13,13:46:29,INFO,WebServer,Health check passed: WebServer,E102,Health check passed: {service}
48771,2026-01-13,13:56:09,INFO,WebServer,User u2241 login successful,E101,User {user} login successful
48772,2026-01-13,13:38:49,INFO,WebServer,Transaction tx181501 completed in 1876ms,E104,Transaction {tx} completed in {time}ms
48773,2026-01-13,13:33:15,INFO,OrderProcessor,User u1557 login successful,E101,User {user} login successful
48774,2026-01-13,13:50:33,INFO,AuthService,User u2882 login successful,E101,User {user} login successful
48775,2026-01-13,13:07:54,INFO,AuthService,Health check passed: AuthService,E102,Health check passed: {service}
48776,2026-01-13,13:30:14,INFO,AuthService,Page view: /home by u2150,E103,Page view: {page} by {user}
48777,2026-01-13,13:23:01,INFO,AuthService,User u2654 login successful,E101,User {user} login successful
48778,2026-01-13,13:34:38,INFO,WebServer,Health check passed: WebServer,E102,Health check passed: {service}
48779,2026-01-13,13:33:13,INFO,OrderProcessor,Transaction tx563611 completed in 597ms,E104,Transaction {tx} completed in {time}ms
48780,2026-01-13,13:21:12,INFO,WebServer,Transaction tx359401 completed in 873ms,E104,Transaction {tx} completed in {time}ms
48781,2026-01-13,13:55:18,INFO,OrderProcessor,Transaction tx701656 completed in 43ms,E104,Transaction {tx} completed in {time}ms
48782,2026-01-13,13:09:06,INFO,OrderProcessor,Page view: /home by u2296,E103,Page view: {page} by {user}
48783,2026-01-13,13:17:16,INFO,OrderProcessor,Transaction tx571201 completed in 1118ms,E104,Transaction {tx} completed in {time}ms
48784,2026-01-13,13:16:56,INFO,PaymentGateway,Transaction tx207563 completed in 1379ms,E104,Transaction {tx} completed in {time}ms
48785,2026-01-13,13:41:12,INFO,WebServer,Health check passed: WebServer,E102,Health check passed: {service}
48786,2026-01-13,13:57:40,INFO,WebServer,Page view: /home by u3999,E103,Page view: {page} by {user}
48787,2026-01-13,13:05:05,WARN,WebServer,Unauthorized access attempt from 10.0.0.45,E401,Unauthorized access attempt from {ip}
48788,2026-01-13,13:58:41,INFO,OrderProcessor,Transaction tx889326 completed in 1528ms,E104,Transaction {tx} completed in {time}ms
48789,2026-01-13,13:57:26,INFO,AuthService,User u1535 login successful,E101,User {user} login successful
48790,2026-01-13,13:08:59,INFO,WebServer,Health check passed: WebServer,E102,Health check passed: {service}
48791,2026-01-13,13:17:17,INFO,WebServer,Health check passed: WebServer,E102,Health check passed: {service}
48792,2026-01-13,13:48:30,INFO,InventoryDB,Health check passed: InventoryDB,E102,Health check passed: {service}
48793,2026-01-13,13:17:49,INFO,WebServer,Page view: /home by u2455,E103,Page view: {page} by {user}
48794,2026-01-13,13:34:11,WARN,WebServer,High latency (1408ms) detected on WebServer,E201,High latency ({time}ms) detected on {service}
48795,2026-01-13,13:47:06,INFO,OrderProcessor,User u3942 login successful,E101,User {user} login successful
48796,2026-01-13,13:52:31,INFO,OrderProcessor,Page view: /home by u4221,E103,Page view: {page} by {user}
48797,2026-01-13,13:36:08,INFO,OrderProcessor,User u3589 login successful,E101,User {user} login successful
48798,2026-01-13,13:19:08,INFO,WebServer,Transaction tx477548 completed in 1911ms,E104,Transaction {tx} completed in {time}ms
48799,2026-01-13,13:06:58,ERROR,WebServer,Payment declined: Gateway unavailable,E503,Payment declined: Gateway unavailable
48800,2026-01-13,13:31:01,INFO,AuthService,User u1294 login successful,E101,User {user} login successful
48801,2026-01-13,13:39:12,INFO,PaymentGateway,Page view: /home by u3980,E103,Page view: {page} by {user}
48802,2026-01-13,13:58:08,INFO,WebServer,User u3204 login successful,E101,User {user} login successful
48803,2026-01-13,13:36:20,INFO,WebServer,Health check passed: WebServer,E102,Health check passed: {service}
48804,2026-01-13,13:11:23,INFO,InventoryDB,Transaction tx538168 completed in 29ms,E104,Transaction {tx} completed in {time}ms
48805,2026-01-13,13:19:13,INFO,WebServer,Transaction tx171180 completed in 1903ms,E104,Transaction {tx} completed in {time}ms
48806,2026-01-13,13:29:46,WARN,WebServer,Disk usage > 85% on node node-5,E202,Disk usage > 85% on node {node}
48807,2026-01-13,13:52:45,INFO,OrderProcessor,Transaction tx334543 completed in 1545ms,E104,Transaction {tx} completed in {time}ms
48808,2026-01-13,13:42:59,INFO,AuthService,Page view: /home by u4177,E103,Page view: {page} by {user}
48809,2026-01-13,13:03:31,INFO,WebServer,Transaction tx308414 completed in 716ms,E104,Transaction {tx} completed in {time}ms
48810,2026-01-13,13:17:21,INFO,WebServer,User u1928 login successful,E101,User {user} login successful
48811,2026-01-13,13:11:05,INFO,WebServer,Page view: /home by u1872,E103,Page view: {page} by {user}
48812,2026-01-13,13:23:48,INFO,WebServer,User u3069 login successful,E101,User {user} login successful
48813,2026-01-13,13:53:50,WARN,WebServer,Disk usage > 85% on node node-5,E202,Disk usage > 85% on node {node}
48814,2026-01-13,13:49:49,INFO,WebServer,User u3282 login successful,E101,User {user} login successful
48815,2026-01-13,13:45:25,INFO,WebServer,Transaction tx517649 completed in 47ms,E104,Transaction {tx} completed in {time}ms
48816,2026-01-13,13:44:52,INFO,WebServer,User u2308 login successful,E101,User {user} login successful
48817,2026-01-13,13:33:07,INFO,WebServer,User u1520 login successful,E101,User {user} login successful
48818,2026-01-13,13:15:03,INFO,OrderProcessor,User u2092 login successful,E101,User {user} login successful
48819,2026-01-13,13:12:25,INFO,PaymentGateway,User u3045 login successful,E101,User {user} login successful
48820,2026-01-13,13:25:56,WARN,WebServer,High latency (395ms) detected on WebServer,E201,High latency ({time}ms) detected on {service}
48821,2026-01-13,13:51:26,INFO,PaymentGateway,Health check passed: PaymentGateway,E102,Health check passed: {service}
48822,2026-01-13,13:47:27,WARN,AuthService,Disk usage > 85% on node node-1,E202,Disk usage > 85% on node {node}
48823,2026-01-13,13:07:09,INFO,WebServer,User u3351 login successful,E101,User {user} login successful
48824,2026-01-13,13:07:39,INFO,WebServer,Page view: /home by u4227,E103,Page view: {page} by {user}
48825,2026-01-13,13:38:59,INFO,WebServer,User u1360 login successful,E101,User {user} login successful
48826,2026-01-13,13:58:01,INFO,OrderProcessor,Transaction tx518904 completed in 834ms,E104,Transaction {tx} completed in {time}ms
48827,2026-01-13,13:14:43,INFO,AuthService,Page view: /home by u2049,E103,Page view: {page} by {user}
48828,2026-01-13,13:05:10,INFO,AuthService,Transaction tx714541 completed in 1080ms,E104,Transaction {tx} completed in {time}ms
48829,2026-01-13,13:23:48,INFO,AuthService,Page view: /home by u4701,E103,Page view: {page} by {user}
48830,2026-01-13,13:00:42,INFO,PaymentGateway,Health check passed: PaymentGateway,E102,Health check passed: {service}
48831,2026-01-13,13:12:29,INFO,AuthService,Transaction tx684753 completed in 316ms,E104,Transaction {tx} completed in {time}ms
48832,2026-01-13,13:03:14,INFO,WebServer,Page view: /home by u2881,E103,Page view: {page} by {user}
48833,2026-01-13,13:04:16,INFO,AuthService,Page view: /home by u3404,E103,Page view: {page} by {user}
48834,2026-01-13,13:04:15,INFO,AuthService,Page view: /home by u3892,E103,Page view: {page} by {user}
48835,2026-01-13,13:27:17,INFO,WebServer,Health check passed: WebServer,E102,Health check passed: {service}
48836,2026-01-13,13:47:59,INFO,OrderProcessor,Health check passed: OrderProcessor,E102,Health check passed: {service}
48837,2026-01-13,13:29:25,INFO,OrderProcessor,Health check passed: OrderProcessor,E102,Health check passed: {service}
48838,2026-01-13,13:23:49,INFO,AuthService,Health check passed: AuthService,E102,Health check passed: {service}
48839,2026-01-13,13:10:17,WARN,AuthService,Disk usage > 85% on node node-1,E202,Disk usage > 85% on node {node}
48840,2026-01-13,13:12:30,INFO,AuthService,Page view: /home by u1357,E103,Page view: {page} by {user}
48841,2026-01-13,13:44:00,INFO,WebServer,Page view: /home by u2919,E103,Page view: {page} by {user}
48842,2026-01-13,13:06:51,INFO,AuthService,Page view: /home by u2765,E103,Page view: {page} by {user}
48843,2026-01-13,13:28:10,INFO,AuthService,Transaction tx371486 completed in 901ms,E104,Transaction {tx} completed in {time}ms
48844,2026-01-13,13:18:46,INFO,WebServer,Health check passed: WebServer,E102,Health check passed: {service}
48845,2026-01-13,13:22:54,INFO,InventoryDB,User u4360 login successful,E101,User {user} login successful
48846,2026-01-13,13:11:05,INFO,PaymentGateway,Health check passed: PaymentGateway,E102,Health check passed: {service}
48847,2026-01-13,13:15:08,WARN,AuthService,High latency (407ms) detected on AuthService,E201,High latency ({time}ms) detected on {service}
48848,2026-01-13,13:08:07,INFO,OrderProcessor,Health check passed: OrderProcessor,E102,Health check passed: {service}
48849,2026-01-13,13:40:39,INFO,WebServer,Transaction tx717311 completed in 1990ms,E104,Transaction {tx} completed in {time}ms
48850,2026-01-13,13:03:28,INFO,PaymentGateway,User u1033 login successful,E101,User {user} login successful
48851,2026-01-13,13:10:11,INFO,AuthService,Transaction tx523105 completed in 1963ms,E104,Transaction {tx} completed in {time}ms
48852,2026-01-13,13:30:23,INFO,WebServer,Transaction tx745542 completed in 652ms,E104,Transaction {tx} completed in {time}ms
48853,2026-01-13,13:00:34,INFO,OrderProcessor,User u2192 login successful,E101,User {user} login successful
48854,2026-01-13,13:17:28,WARN,AuthService,Disk usage > 85% on node node-3,E202,Disk usage > 85% on node {node}
48855,2026-01-13,13:04:24,INFO,PaymentGateway,Transaction tx427934 completed in 1078ms,E104,Transaction {tx} completed in {time}ms
48856,2026-01-13,13:52:59,INFO,AuthService,Health check passed: AuthService,E102,Health check passed: {service}
48857,2026-01-13,13:01:46,INFO,PaymentGateway,Page view: /home by u2698,E103,Page view: {page} by {user}
48858,2026-01-13,13:32:17,INFO,WebServer,Page view: /home by u3171,E103,Page view: {page} by {user}
48859,2026-01-13,13:41:22,WARN,AuthService,High latency (551ms) detected on AuthService,E201,High latency ({time}ms) detected on {service}
48860,2026-01-13,13:44:53,INFO,OrderProcessor,User u4819 login successful,E101,User {user} login successful
48861,2026-01-13,13:30:04,INFO,WebServer,Health check passed: WebServer,E102,Health check passed: {service}
48862,2026-01-13,13:14:12,INFO,PaymentGateway,User u4877 login successful,E101,User {user} login successful
48863,2026-01-13,13:19:42,WARN,WebServer,High latency (839ms) detected on WebServer,E201,High latency ({time}ms) detected on {service}
48864,2026-01-13,13:30:25,INFO,PaymentGateway,Transaction tx418699 completed in 1284ms,E104,Transaction {tx} completed in {time}ms
48865,2026-01-13,13:08:13,INFO,WebServer,User u1355 login successful,E101,User {user} login successful
48866,2026-01-13,13:49:23,INFO,AuthService,Transaction tx742933 completed in 1458ms,E104,Transaction {tx} completed in {time}ms
48867,2026-01-13,13:04:12,INFO,OrderProcessor,Health check passed: OrderProcessor,E102,Health check passed: {service}
48868,2026-01-13,13:06:51,INFO,OrderProcessor,Transaction tx887963 completed in 1396ms,E104,Transaction {tx} completed in {time}ms
48869,2026-01-13,13:45:22,INFO,WebServer,Transaction tx171291 completed in 773ms,E104,Transaction {tx} completed in {time}ms
48870,2026-01-13,13:54:55,INFO,OrderProcessor,Transaction tx491299 completed in 1396ms,E104,Transaction {tx} completed in {time}ms
48871,2026-01-13,13:32:40,INFO,AuthService,Page view: /home by u3676,E103,Page view: {page} by {user}
48872,2026-01-13,13:55:09,INFO,InventoryDB,Page view: /home by u1863,E103,Page view: {page} by {user}
48873,2026-01-13,13:42:17,INFO,WebServer,Health check passed: WebServer,E102,Health check passed: {service}
48874,2026-01-13,13:35:26,INFO,PaymentGateway,Health check passed: PaymentGateway,E102,Health check passed: {service}
48875,2026-01-13,13:22:01,INFO,InventoryDB,User u2917 login successful,E101,User {user} login successful
48876,2026-01-13,13:52:47,INFO,AuthService,User u1473 login successful,E101,User {user} login successful
48877,2026-01-13,13:51:09,INFO,WebServer,Health check passed: WebServer,E102,Health check passed: {service}
48878,2026-01-13,13:14:20,INFO,WebServer,Health check passed: WebServer,E102,Health check passed: {service}
48879,2026-01-13,13:09:16,INFO,PaymentGateway,Page view: /home by u4593,E103,Page view: {page} by {user}
48880,2026-01-13,13:46:49,INFO,WebServer,Health check passed: WebServer,E102,Health check passed: {service}
48881,2026-01-13,13:17:01,INFO,WebServer,Transaction tx977969 completed in 696ms,E104,Transaction {tx} completed in {time}ms
48882,2026-01-13,13:23:23,INFO,WebServer,User u2322 login successful,E101,User {user} login successful
48883,2026-01-13,13:01:57,INFO,AuthService,Health check passed: AuthService,E102,Health check passed: {service}
48884,2026-01-13,13:12:21,INFO,WebServer,User u1366 login successful,E101,User {user} login successful
48885,2026-01-13,13:15:16,INFO,WebServer,Health check passed: WebServer,E102,Health check passed: {service}
48886,2026-01-13,13:35:39,INFO,AuthService,Transaction tx865425 completed in 551ms,E104,Transaction {tx} completed in {time}ms
48887,2026-01-13,13:58:44,INFO,WebServer,User u4418 login successful,E101,User {user} login successful
48888,2026-01-13,13:14:02,INFO,PaymentGateway,Transaction tx974571 completed in 1850ms,E104,Transaction {tx} completed in {time}ms
48889,2026-01-13,13:33:35,INFO,WebServer,User u1648 login successful,E101,User {user} login successful
48890,2026-01-13,13:42:58,WARN,InventoryDB,High latency (1085ms) detected on InventoryDB,E201,High latency ({time}ms) detected on {service}
48891,2026-01-13,13:48:01,INFO,AuthService,Page view: /home by u2139,E103,Page view: {page} by {user}
48892,2026-01-13,13:42:41,INFO,WebServer,Transaction tx123289 completed in 1832ms,E104,Transaction {tx} completed in {time}ms
48893,2026-01-13,13:27:30,INFO,WebServer,Health check passed: WebServer,E102,Health check passed: {service}
48894,2026-01-13,13:47:18,INFO,WebServer,User u2829 login successful,E101,User {user} login successful
48895,2026-01-13,13:27:22,INFO,WebServer,Page view: /home by u4776,E103,Page view: {page} by {user}
48896,2026-01-13,13:04:06,INFO,OrderProcessor,Transaction tx532087 completed in 1799ms,E104,Transaction {tx} completed in {time}ms
48897,2026-01-13,13:04:13,INFO,WebServer,User u2026 login successful,E101,User {user} login successful
48898,2026-01-13,13:26:08,INFO,WebServer,Transaction tx586327 completed in 1476ms,E104,Transaction {tx} completed in {time}ms
48899,2026-01-13,13:14:37,INFO,WebServer,Transaction tx143382 completed in 1145ms,E104,Transaction {tx} completed in {time}ms
48900,2026-01-13,13:15:56,INFO,OrderProcessor,Page view: /home by u2414,E103,Page view: {page} by {user}
48901,2026-01-13,13:35:49,INFO,WebServer,Transaction tx133899 completed in 1659ms,E104,Transaction {tx} completed in {time}ms
48902,2026-01-13,13:43:11,INFO,AuthService,Page view: /home by u1660,E103,Page view: {page} by {user}
48903,2026-01-13,13:00:45,INFO,OrderProcessor,Health check passed: OrderProcessor,E102,Health check passed: {service}
48904,2026-01-13,13:04:12,INFO,AuthService,Page view: /home by u1376,E103,Page view: {page} by {user}
48905,2026-01-13,13:06:13,INFO,WebServer,Transaction tx735079 completed in 1249ms,E104,Transaction {tx} completed in {time}ms
48906,2026-01-13,13:01:06,INFO,WebServer,Page view: /home by u2249,E103,Page view: {page} by {user}
48907,2026-01-13,13:26:03,INFO,OrderProcessor,Page view: /home by u1143,E103,Page view: {page} by {user}
48908,2026-01-13,13:52:29,INFO,AuthService,Page view: /home by u4687,E103,Page view: {page} by {user}
48909,2026-01-13,13:16:06,INFO,WebServer,User u4415 login successful,E101,User {user} login successful
48910,2026-01-13,13:34:01,INFO,PaymentGateway,Transaction tx668665 completed in 1812ms,E104,Transaction {tx} completed in {time}ms
48911,2026-01-13,13:50:19,INFO,WebServer,User u1051 login successful,E101,User {user} login successful
48912,2026-01-13,13:36:12,INFO,WebServer,Transaction tx401082 completed in 1755ms,E104,Transaction {tx} completed in {time}ms
48913,2026-01-13,13:03:58,INFO,WebServer,Transaction tx409341 completed in 320ms,E104,Transaction {tx} completed in {time}ms
48914,2026-01-13,13:06:00,INFO,OrderProcessor,Page view: /home by u3720,E103,Page view: {page} by {user}
48915,2026-01-13,13:20:08,INFO,WebServer,Page view: /home by u4801,E103,Page view: {page} by {user}
48916,2026-01-13,13:24:45,WARN,AuthService,Disk usage > 85% on node node-2,E202,Disk usage > 85% on node {node}
48917,2026-01-13,13:37:12,INFO,AuthService,User u4662 login successful,E101,User {user} login successful
48918,2026-01-13,13:12:58,INFO,WebServer,Transaction tx406655 completed in 1743ms,E104,Transaction {tx} completed in {time}ms
48919,2026-01-13,13:18:36,INFO,WebServer,Transaction tx270012 completed in 762ms,E104,Transaction {tx} completed in {time}ms
48920,2026-01-13,13:19:45,INFO,WebServer,Health check passed: WebServer,E102,Health check passed: {service}
48921,2026-01-13,13:43:02,INFO,WebServer,Health check passed: WebServer,E102,Health check passed: {service}
48922,2026-01-13,13:41:55,INFO,PaymentGateway,User u4238 login successful,E101,User {user} login successful
48923,2026-01-13,13:50:50,INFO,AuthService,Health check passed: AuthService,E102,Health check passed: {service}
48924,2026-01-13,13:12:05,INFO,WebServer,Transaction tx992322 completed in 1762ms,E104,Transaction {tx} completed in {time}ms
48925,2026-01-13,13:29:19,INFO,WebServer,Transaction tx872263 completed in 446ms,E104,Transaction {tx} completed in {time}ms
48926,2026-01-13,13:47:51,INFO,OrderProcessor,Page view: /home by u2033,E103,Page view: {page} by {user}
48927,2026-01-13,13:57:25,INFO,PaymentGateway,Page view: /home by u2746,E103,Page view: {page} by {user}
48928,2026-01-13,13:45:23,INFO,WebServer,User u1984 login successful,E101,User {user} login successful
48929,2026-01-13,13:14:59,ERROR,OrderProcessor,Connection refused to OrderProcessor at 10.0.0.45,E501,Connection refused to {service} at {ip}
48930,2026-01-13,13:05:34,INFO,OrderProcessor,Page view: /home by u4253,E103,Page view: {page} by {user}
48931,2026-01-13,13:36:21,INFO,InventoryDB,Health check passed: InventoryDB,E102,Health check passed: {service}
48932,2026-01-13,13:19:15,WARN,AuthService,High latency (1448ms) detected on AuthService,E201,High latency ({time}ms) detected on {service}
48933,2026-01-13,13:39:43,CRITICAL,PaymentGateway,DATA CORRUPTION detected in sector 358,E602,DATA CORRUPTION detected in sector {sector}
48934,2026-01-13,13:44:58,INFO,WebServer,Page view: /home by u4798,E103,Page view: {page} by {user}
48935,2026-01-13,13:27:53,INFO,PaymentGateway,Page view: /home by u1897,E103,Page view: {page} by {user}
48936,2026-01-13,13:02:22,INFO,WebServer,Health check passed: WebServer,E102,Health check passed: {service}
48937,2026-01-13,13:52:38,INFO,WebServer,Transaction tx324181 completed in 764ms,E104,Transaction {tx} completed in {time}ms
48938,2026-01-13,13:10:01,INFO,WebServer,Page view: /home by u4906,E103,Page view: {page} by {user}
48939,2026-01-13,13:12:20,INFO,OrderProcessor,Transaction tx546377 completed in 40ms,E104,Transaction {tx} completed in {time}ms
48940,2026-01-13,13:02:29,INFO,WebServer,Page view: /home by u4110,E103,Page view: {page} by {user}
48941,2026-01-13,13:08:03,INFO,WebServer,Transaction tx813140 completed in 1718ms,E104,Transaction {tx} completed in {time}ms
48942,2026-01-13,13:50:28,INFO,WebServer,Transaction tx113109 completed in 998ms,E104,Transaction {tx} completed in {time}ms
48943,2026-01-13,13:43:31,WARN,WebServer,Disk usage > 85% on node node-1,E202,Disk usage > 85% on node {node}
48944,2026-01-13,13:07:12,INFO,WebServer,Transaction tx412444 completed in 674ms,E104,Transaction {tx} completed in {time}ms
48945,2026-01-13,13:41:49,INFO,AuthService,User u4376 login successful,E101,User {user} login successful
48946,2026-01-13,13:10:41,INFO,PaymentGateway,Transaction tx761383 completed in 1612ms,E104,Transaction {tx} completed in {time}ms
48947,2026-01-13,13:59:35,INFO,AuthService,Health check passed: AuthService,E102,Health check passed: {service}
48948,2026-01-13,13:24:30,ERROR,PaymentGateway,Connection refused to PaymentGateway at 10.0.0.45,E501,Connection refused to {service} at {ip}
48949,2026-01-13,13:58:53,INFO,WebServer,Health check passed: WebServer,E102,Health check passed: {service}
48950,2026-01-13,13:02:35,INFO,OrderProcessor,Health check passed: OrderProcessor,E102,Health check passed: {service}
48951,2026-01-13,13:29:31,INFO,WebServer,Health check passed: WebServer,E102,Health check passed: {service}
48952,2026-01-13,13:05:41,INFO,OrderProcessor,Health check passed: OrderProcessor,E102,Health check passed: {service}
48953,2026-01-13,13:58:36,INFO,WebServer,User u3407 login successful,E101,User {user} login successful
48954,2026-01-13,13:54:21,INFO,WebServer,Page view: /home by u4090,E103,Page view: {page} by {user}
48955,2026-01-13,13:29:37,INFO,WebServer,Page view: /home by u2663,E103,Page view: {page} by {user}
48956,2026-01-13,13:50:26,INFO,OrderProcessor,User u4268 login successful,E101,User {user} login successful
48957,2026-01-13,13:19:23,INFO,WebServer,Transaction tx289592 completed in 1998ms,E104,Transaction {tx} completed in {time}ms
48958,2026-01-13,13:01:03,INFO,WebServer,Health check passed: WebServer,E102,Health check passed: {service}
48959,2026-01-13,13:15:09,INFO,WebServer,Transaction tx188095 completed in 945ms,E104,Transaction {tx} completed in {time}ms
48960,2026-01-13,13:42:51,INFO,WebServer,User u4821 login successful,E101,User {user} login successful
48961,2026-01-13,13:19:49,INFO,InventoryDB,Transaction tx571692 completed in 412ms,E104,Transaction {tx} completed in {time}ms
48962,2026-01-13,13:34:59,INFO,WebServer,Transaction tx202419 completed in 944ms,E104,Transaction {tx} completed in {time}ms
48963,2026-01-13,13:13:43,INFO,OrderProcessor,User u3545 login successful,E101,User {user} login successful
48964,2026-01-13,13:55:18,INFO,WebServer,Page view: /home by u3905,E103,Page view: {page} by {user}
48965,2026-01-13,13:32:35,INFO,WebServer,Page view: /home by u1135,E103,Page view: {page} by {user}
48966,2026-01-13,13:50:51,INFO,InventoryDB,Health check passed: InventoryDB,E102,Health check passed: {service}
48967,2026-01-13,13:25:55,INFO,OrderProcessor,User u3023 login successful,E101,User {user} login successful
48968,2026-01-13,13:52:17,INFO,InventoryDB,User u3345 login successful,E101,User {user} login successful
48969,2026-01-13,13:27:49,INFO,AuthService,User u3228 login successful,E101,User {user} login successful
48970,2026-01-13,13:30:45,INFO,WebServer,Transaction tx837936 completed in 1914ms,E104,Transaction {tx} completed in {time}ms
48971,2026-01-13,13:53:08,INFO,WebServer,Health check passed: WebServer,E102,Health check passed: {service}
48972,2026-01-13,13:08:55,WARN,WebServer,Unauthorized access attempt from 10.0.0.45,E401,Unauthorized access attempt from {ip}
48973,2026-01-13,13:52:09,INFO,WebServer,Transaction tx398529 completed in 988ms,E104,Transaction {tx} completed in {time}ms
48974,2026-01-13,13:29:38,INFO,WebServer,Page view: /home by u4151,E103,Page view: {page} by {user}
48975,2026-01-13,13:11:03,INFO,AuthService,Page view: /home by u2202,E103,Page view: {page} by {user}
48976,2026-01-13,13:37:30,INFO,WebServer,Transaction tx293466 completed in 765ms,E104,Transaction {tx} completed in {time}ms
48977,2026-01-13,13:08:12,INFO,WebServer,Health check passed: WebServer,E102,Health check passed: {service}
48978,2026-01-13,13:03:35,INFO,WebServer,Transaction tx301883 completed in 450ms,E104,Transaction {tx} completed in {time}ms
48979,2026-01-13,13:13:21,INFO,AuthService,User u3270 login successful,E101,User {user} login successful
48980,2026-01-13,13:14:01,INFO,PaymentGateway,User u3787 login successful,E101,User {user} login successful
48981,2026-01-13,13:54:44,INFO,OrderProcessor,Page view: /home by u1748,E103,Page view: {page} by {user}
48982,2026-01-13,13:18:41,INFO,WebServer,Transaction tx416935 completed in 1816ms,E104,Transaction {tx} completed in {time}ms
48983,2026-01-13,13:46:53,INFO,WebServer,User u1864 login successful,E101,User {user} login successful
48984,2026-01-13,13:55:13,INFO,WebServer,Transaction tx207421 completed in 1905ms,E104,Transaction {tx} completed in {time}ms
48985,2026-01-13,13:43:43,INFO,PaymentGateway,User u1423 login successful,E101,User {user} login successful
48986,2026-01-13,13:42:13,INFO,WebServer,Health check passed: WebServer,E102,Health check passed: {service}
48987,2026-01-13,13:39:14,INFO,AuthService,Health check passed: AuthService,E102,Health check passed: {service}
48988,2026-01-13,13:50:41,INFO,OrderProcessor,User u4128 login successful,E101,User {user} login successful
48989,2026-01-13,13:13:46,INFO,WebServer,Page view: /home by u4980,E103,Page view: {page} by {user}
48990,2026-01-13,13:40:18,INFO,WebServer,Page view: /home by u3635,E103,Page view: {page} by {user}
48991,2026-01-13,13:25:34,INFO,OrderProcessor,Health check passed: OrderProcessor,E102,Health check passed: {service}
48992,2026-01-13,13:55:46,INFO,WebServer,User u4020 login successful,E101,User {user} login successful
48993,2026-01-13,13:33:37,INFO,OrderProcessor,Transaction tx262697 completed in 1293ms,E104,Transaction {tx} completed in {time}ms
48994,2026-01-13,13:01:35,INFO,WebServer,User u3611 login successful,E101,User {user} login successful
48995,2026-01-13,13:14:37,INFO,AuthService,User u1644 login successful,E101,User {user} login successful
48996,2026-01-13,13:42:46,INFO,WebServer,Transaction tx840237 completed in 806ms,E104,Transaction {tx} completed in {time}ms
48997,2026-01-13,13:06:57,INFO,AuthService,Page view: /home by u3877,E103,Page view: {page} by {user}
48998,2026-01-13,13:01:02,INFO,WebServer,Transaction tx505996 completed in 821ms,E104,Transaction {tx} completed in {time}ms
48999,2026-01-13,13:39:08,INFO,AuthService,Page view: /home by u2385,E103,Page view: {page} by {user}
49000,2026-01-13,13:50:59,INFO,AuthService,Transaction tx481589 completed in 1621ms,E104,Transaction {tx} completed in {time}ms
49001,2026-01-13,13:08:32,INFO,AuthService,Health check passed: AuthService,E102,Health check passed: {service}
49002,2026-01-13,13:05:27,INFO,OrderProcessor,Page view: /home by u3895,E103,Page view: {page} by {user}
49003,2026-01-13,13:52:38,WARN,OrderProcessor,Unauthorized access attempt from 10.0.0.45,E401,Unauthorized access attempt from {ip}
49004,2026-01-13,13:09:57,INFO,AuthService,User u3484 login successful,E101,User {user} login successful
49005,2026-01-13,13:45:29,INFO,WebServer,User u4872 login successful,E101,User {user} login successful
49006,2026-01-13,13:55:58,INFO,WebServer,Transaction tx724668 completed in 1256ms,E104,Transaction {tx} completed in {time}ms
49007,2026-01-13,13:00:10,INFO,WebServer,User u3503 login successful,E101,User {user} login successful
49008,2026-01-13,13:49:04,INFO,PaymentGateway,Page view: /home by u1996,E103,Page view: {page} by {user}
49009,2026-01-13,13:27:00,INFO,WebServer,User u3294 login successful,E101,User {user} login successful
49010,2026-01-13,13:48:16,WARN,PaymentGateway,Unauthorized access attempt from 10.0.0.45,E401,Unauthorized access attempt from {ip}
49011,2026-01-13,13:51:18,INFO,WebServer,Page view: /home by u3996,E103,Page view: {page} by {user}
49012,2026-01-13,13:35:44,INFO,AuthService,Page view: /home by u1010,E103,Page view: {page} by {user}
49013,2026-01-13,13:26:24,INFO,WebServer,Transaction tx728166 completed in 1817ms,E104,Transaction {tx} completed in {time}ms
49014,2026-01-13,13:32:55,WARN,PaymentGateway,High latency (1420ms) detected on PaymentGateway,E201,High latency ({time}ms) detected on {service}
49015,2026-01-13,13:41:15,INFO,WebServer,Health check passed: WebServer,E102,Health check passed: {service}
49016,2026-01-13,13:44:09,INFO,WebServer,User u1858 login successful,E101,User {user} login successful
49017,2026-01-13,14:48:07,INFO,OrderProcessor,User u3065 login successful,E101,User {user} login successful
49018,2026-01-13,14:53:14,INFO,WebServer,Health check passed: WebServer,E102,Health check passed: {service}
49019,2026-01-13,14:33:20,INFO,WebServer,Page view: /home by u2139,E103,Page view: {page} by {user}
49020,2026-01-13,14:46:46,INFO,WebServer,Health check passed: WebServer,E102,Health check passed: {service}
49021,2026-01-13,14:48:27,INFO,OrderProcessor,Page view: /home by u2509,E103,Page view: {page} by {user}
49022,2026-01-13,14:56:22,INFO,WebServer,Transaction tx130676 completed in 1152ms,E104,Transaction {tx} completed in {time}ms
49023,2026-01-13,14:51:57,INFO,InventoryDB,Health check passed: InventoryDB,E102,Health check passed: {service}
49024,2026-01-13,14:26:32,INFO,WebServer,Transaction tx384374 completed in 521ms,E104,Transaction {tx} completed in {time}ms
49025,2026-01-13,14:31:49,INFO,WebServer,Health check passed: WebServer,E102,Health check passed: {service}
49026,2026-01-13,14:27:08,INFO,AuthService,User u3571 login successful,E101,User {user} login successful
49027,2026-01-13,14:05:13,INFO,AuthService,Transaction tx267434 completed in 1392ms,E104,Transaction {tx} completed in {time}ms
49028,2026-01-13,14:02:24,INFO,OrderProcessor,Page view: /home by u4888,E103,Page view: {page} by {user}
49029,2026-01-13,14:41:56,INFO,OrderProcessor,Page view: /home by u3939,E103,Page view: {page} by {user}
49030,2026-01-13,14:32:12,INFO,AuthService,Page view: /home by u4695,E103,Page view: {page} by {user}
49031,2026-01-13,14:41:10,INFO,WebServer,Transaction tx708413 completed in 607ms,E104,Transaction {tx} completed in {time}ms
49032,2026-01-13,14:36:12,INFO,WebServer,Transaction tx802218 completed in 1773ms,E104,Transaction {tx} completed in {time}ms
49033,2026-01-13,14:16:59,INFO,InventoryDB,Health check passed: InventoryDB,E102,Health check passed: {service}
49034,2026-01-13,14:09:03,INFO,WebServer,User u4317 login successful,E101,User {user} login successful
49035,2026-01-13,14:31:33,WARN,WebServer,High latency (538ms) detected on WebServer,E201,High latency ({time}ms) detected on {service}
49036,2026-01-13,14:47:31,INFO,WebServer,Page view: /home by u3745,E103,Page view: {page} by {user}
49037,2026-01-13,14:05:05,INFO,WebServer,Health check passed: WebServer,E102,Health check passed: {service}
49038,2026-01-13,14:27:37,INFO,OrderProcessor,Transaction tx842303 completed in 170ms,E104,Transaction {tx} completed in {time}ms
49039,2026-01-13,14:00:51,INFO,OrderProcessor,Page view: /home by u4049,E103,Page view: {page} by {user}
49040,2026-01-13,14:55:09,INFO,OrderProcessor,Transaction tx264703 completed in 479ms,E104,Transaction {tx} completed in {time}ms
49041,2026-01-13,14:29:54,INFO,OrderProcessor,Health check passed: OrderProcessor,E102,Health check passed: {service}
49042,2026-01-13,14:13:57,INFO,WebServer,Page view: /home by u3437,E103,Page view: {page} by {user}
49043,2026-01-13,14:14:30,INFO,OrderProcessor,User u2098 login successful,E101,User {user} login successful
49044,2026-01-13,14:51:48,INFO,WebServer,Transaction tx962395 completed in 760ms,E104,Transaction {tx} completed in {time}ms
49045,2026-01-13,14:58:07,INFO,WebServer,Page view: /home by u4294,E103,Page view: {page} by {user}
49046,2026-01-13,14:16:28,INFO,PaymentGateway,User u1829 login successful,E101,User {user} login successful
49047,2026-01-13,14:08:37,INFO,WebServer,User u2590 login successful,E101,User {user} login successful
49048,2026-01-13,14:21:30,INFO,AuthService,Health check passed: AuthService,E102,Health check passed: {service}
49049,2026-01-13,14:30:33,INFO,WebServer,User u1165 login successful,E101,User {user} login successful
49050,2026-01-13,14:25:02,INFO,OrderProcessor,User u1099 login successful,E101,User {user} login successful
49051,2026-01-13,14:50:23,INFO,InventoryDB,User u2577 login successful,E101,User {user} login successful
49052,2026-01-13,14:14:27,INFO,WebServer,User u1813 login successful,E101,User {user} login successful
49053,2026-01-13,14:19:46,INFO,WebServer,Transaction tx792036 completed in 949ms,E104,Transaction {tx} completed in {time}ms
49054,2026-01-13,14:40:38,INFO,WebServer,Health check passed: WebServer,E102,Health check passed: {service}
49055,2026-01-13,14:19:44,INFO,AuthService,User u3813 login successful,E101,User {user} login successful
49056,2026-01-13,14:56:31,INFO,PaymentGateway,User u4846 login successful,E101,User {user} login successful
49057,2026-01-13,14:22:32,INFO,AuthService,Transaction tx936944 completed in 343ms,E104,Transaction {tx} completed in {time}ms
49058,2026-01-13,14:28:24,INFO,AuthService,User u2573 login successful,E101,User {user} login successful
49059,2026-01-13,14:47:28,INFO,WebServer,Health check passed: WebServer,E102,Health check passed: {service}
49060,2026-01-13,14:14:48,INFO,WebServer,Health check passed: WebServer,E102,Health check passed: {service}
49061,2026-01-13,14:14:26,INFO,OrderProcessor,Health check passed: OrderProcessor,E102,Health check passed: {service}
49062,2026-01-13,14:26:57,INFO,OrderProcessor,Transaction tx124098 completed in 1634ms,E104,Transaction {tx} completed in {time}ms
49063,2026-01-13,14:49:02,INFO,AuthService,Transaction tx342111 completed in 157ms,E104,Transaction {tx} completed in {time}ms
49064,2026-01-13,14:04:11,WARN,InventoryDB,Unauthorized access attempt from 10.0.0.45,E401,Unauthorized access attempt from {ip}
49065,2026-01-13,14:26:30,INFO,WebServer,Transaction tx161266 completed in 889ms,E104,Transaction {tx} completed in {time}ms
49066,2026-01-13,14:21:47,INFO,WebServer,Page view: /home by u1541,E103,Page view: {page} by {user}
49067,2026-01-13,14:06:22,INFO,PaymentGateway,Health check passed: PaymentGateway,E102,Health check passed: {service}
49068,2026-01-13,14:05:53,INFO,WebServer,Transaction tx255285 completed in 1946ms,E104,Transaction {tx} completed in {time}ms
49069,2026-01-13,14:28:31,INFO,OrderProcessor,Transaction tx545474 completed in 823ms,E104,Transaction {tx} completed in {time}ms
49070,2026-01-13,14:31:13,INFO,InventoryDB,Health check passed: InventoryDB,E102,Health check passed: {service}
49071,2026-01-13,14:22:22,INFO,WebServer,Transaction tx991272 completed in 1378ms,E104,Transaction {tx} completed in {time}ms
49072,2026-01-13,14:30:33,INFO,WebServer,Page view: /home by u4558,E103,Page view: {page} by {user}
49073,2026-01-13,14:46:28,INFO,OrderProcessor,Transaction tx911777 completed in 1355ms,E104,Transaction {tx} completed in {time}ms
49074,2026-01-13,14:24:34,INFO,OrderProcessor,Health check passed: OrderProcessor,E102,Health check passed: {service}
49075,2026-01-13,14:14:35,INFO,OrderProcessor,User u3105 login successful,E101,User {user} login successful
49076,2026-01-13,14:32:52,INFO,InventoryDB,Transaction tx248329 completed in 901ms,E104,Transaction {tx} completed in {time}ms
49077,2026-01-13,14:59:20,INFO,WebServer,Page view: /home by u2505,E103,Page view: {page} by {user}
49078,2026-01-13,14:32:42,INFO,WebServer,Transaction tx130898 completed in 903ms,E104,Transaction {tx} completed in {time}ms
49079,2026-01-13,14:28:30,INFO,WebServer,Health check passed: WebServer,E102,Health check passed: {service}
49080,2026-01-13,14:33:47,INFO,AuthService,User u3031 login successful,E101,User {user} login successful
49081,2026-01-13,14:49:42,WARN,AuthService,Disk usage > 85% on node node-5,E202,Disk usage > 85% on node {node}
49082,2026-01-13,14:07:06,INFO,AuthService,Transaction tx502472 completed in 1891ms,E104,Transaction {tx} completed in {time}ms
49083,2026-01-13,14:25:22,INFO,WebServer,Health check passed: WebServer,E102,Health check passed: {service}
49084,2026-01-13,14:05:20,WARN,WebServer,Unauthorized access attempt from 10.0.0.12,E401,Unauthorized access attempt from {ip}
49085,2026-01-13,14:30:25,INFO,WebServer,Page view: /home by u2218,E103,Page view: {page} by {user}
49086,2026-01-13,14:50:28,INFO,WebServer,User u3085 login successful,E101,User {user} login successful
49087,2026-01-13,14:28:48,INFO,WebServer,Health check passed: WebServer,E102,Health check passed: {service}
49088,2026-01-13,14:19:00,INFO,AuthService,Health check passed: AuthService,E102,Health check passed: {service}
49089,2026-01-13,14:34:06,INFO,AuthService,Page view: /home by u1276,E103,Page view: {page} by {user}
49090,2026-01-13,14:47:40,INFO,WebServer,User u4900 login successful,E101,User {user} login successful
49091,2026-01-13,14:30:38,INFO,WebServer,Transaction tx455811 completed in 869ms,E104,Transaction {tx} completed in {time}ms
49092,2026-01-13,14:52:35,INFO,WebServer,Transaction tx242379 completed in 130ms,E104,Transaction {tx} completed in {time}ms
49093,2026-01-13,14:58:26,INFO,WebServer,User u4588 login successful,E101,User {user} login successful
49094,2026-01-13,14:10:39,WARN,WebServer,High latency (1535ms) detected on WebServer,E201,High latency ({time}ms) detected on {service}
49095,2026-01-13,14:14:23,INFO,WebServer,Page view: /home by u2467,E103,Page view: {page} by {user}
49096,2026-01-13,14:10:26,INFO,AuthService,Page view: /home by u1526,E103,Page view: {page} by {user}
49097,2026-01-13,14:15:50,INFO,WebServer,Transaction tx196348 completed in 32ms,E104,Transaction {tx} completed in {time}ms
49098,2026-01-13,14:56:26,INFO,WebServer,Page view: /home by u4335,E103,Page view: {page} by {user}
49099,2026-01-13,14:28:22,INFO,InventoryDB,User u2370 login successful,E101,User {user} login successful
49100,2026-01-13,14:10:33,INFO,AuthService,Health check passed: AuthService,E102,Health check passed: {service}
49101,2026-01-13,14:41:18,INFO,InventoryDB,Page view: /home by u2458,E103,Page view: {page} by {user}
49102,2026-01-13,14:03:37,INFO,AuthService,User u3355 login successful,E101,User {user} login successful
49103,2026-01-13,14:00:12,INFO,OrderProcessor,User u3505 login successful,E101,User {user} login successful
49104,2026-01-13,14:03:05,INFO,InventoryDB,User u3530 login successful,E101,User {user} login successful
49105,2026-01-13,14:30:51,INFO,OrderProcessor,Transaction tx956056 completed in 1272ms,E104,Transaction {tx} completed in {time}ms
49106,2026-01-13,14:34:53,INFO,WebServer,Health check passed: WebServer,E102,Health check passed: {service}
49107,2026-01-13,14:22:59,INFO,OrderProcessor,User u4554 login successful,E101,User {user} login successful
49108,2026-01-13,14:32:30,INFO,OrderProcessor,Page view: /home by u2733,E103,Page view: {page} by {user}
49109,2026-01-13,14:16:36,INFO,OrderProcessor,Page view: /home by u2814,E103,Page view: {page} by {user}
49110,2026-01-13,14:40:08,INFO,WebServer,User u2659 login successful,E101,User {user} login successful
49111,2026-01-13,14:11:39,INFO,WebServer,Transaction tx212763 completed in 43ms,E104,Transaction {tx} completed in {time}ms
49112,2026-01-13,14:38:47,INFO,WebServer,Transaction tx744879 completed in 1187ms,E104,Transaction {tx} completed in {time}ms
49113,2026-01-13,14:31:53,INFO,WebServer,User u3574 login successful,E101,User {user} login successful
49114,2026-01-13,14:41:39,CRITICAL,InventoryDB,KERNEL PANIC: Node node-5 crashed,E601,KERNEL PANIC: Node {node} crashed
49115,2026-01-13,14:35:41,INFO,PaymentGateway,User u3566 login successful,E101,User {user} login successful
49116,2026-01-13,14:27:33,INFO,PaymentGateway,Transaction tx833800 completed in 1841ms,E104,Transaction {tx} completed in {time}ms
49117,2026-01-13,14:23:06,INFO,WebServer,Health check passed: WebServer,E102,Health check passed: {service}
49118,2026-01-13,14:46:17,INFO,WebServer,Health check passed: WebServer,E102,Health check passed: {service}
49119,2026-01-13,14:07:59,INFO,OrderProcessor,Health check passed: OrderProcessor,E102,Health check passed: {service}
49120,2026-01-13,14:20:47,INFO,AuthService,Transaction tx246825 completed in 1173ms,E104,Transaction {tx} completed in {time}ms
49121,2026-01-13,14:52:46,INFO,WebServer,Health check passed: WebServer,E102,Health check passed: {service}
49122,2026-01-13,14:12:32,INFO,InventoryDB,Transaction tx403513 completed in 1034ms,E104,Transaction {tx} completed in {time}ms
49123,2026-01-13,14:43:50,INFO,WebServer,Transaction tx428066 completed in 791ms,E104,Transaction {tx} completed in {time}ms
49124,2026-01-13,14:04:43,INFO,WebServer,Health check passed: WebServer,E102,Health check passed: {service}
49125,2026-01-13,14:09:21,INFO,InventoryDB,Health check passed: InventoryDB,E102,Health check passed: {service}
49126,2026-01-13,14:18:30,INFO,AuthService,Health check passed: AuthService,E102,Health check passed: {service}
49127,2026-01-13,14:04:02,INFO,OrderProcessor,Transaction tx402047 completed in 1067ms,E104,Transaction {tx} completed in {time}ms
49128,2026-01-13,14:55:29,INFO,PaymentGateway,Page view: /home by u2063,E103,Page view: {page} by {user}
49129,2026-01-13,14:00:21,INFO,OrderProcessor,Transaction tx831230 completed in 1804ms,E104,Transaction {tx} completed in {time}ms
49130,2026-01-13,14:29:41,INFO,WebServer,User u3905 login successful,E101,User {user} login successful
49131,2026-01-13,14:08:05,INFO,InventoryDB,Page view: /home by u4310,E103,Page view: {page} by {user}
49132,2026-01-13,14:41:37,INFO,AuthService,Health check passed: AuthService,E102,Health check passed: {service}
49133,2026-01-13,14:53:02,INFO,AuthService,User u4051 login successful,E101,User {user} login successful
49134,2026-01-13,14:18:01,INFO,WebServer,Health check passed: WebServer,E102,Health check passed: {service}
49135,2026-01-13,14:00:55,INFO,PaymentGateway,Page view: /home by u1791,E103,Page view: {page} by {user}
49136,2026-01-13,14:13:13,INFO,InventoryDB,Page view: /home by u3638,E103,Page view: {page} by {user}
49137,2026-01-13,14:44:55,INFO,WebServer,Health check passed: WebServer,E102,Health check passed: {service}
49138,2026-01-13,14:20:51,INFO,OrderProcessor,Health check passed: OrderProcessor,E102,Health check passed: {service}
49139,2026-01-13,14:35:38,INFO,WebServer,Transaction tx656504 completed in 1111ms,E104,Transaction {tx} completed in {time}ms
49140,2026-01-13,14:02:54,INFO,InventoryDB,Transaction tx467309 completed in 1629ms,E104,Transaction {tx} completed in {time}ms
49141,2026-01-13,14:52:24,INFO,WebServer,Page view: /home by u4751,E103,Page view: {page} by {user}
49142,2026-01-13,14:01:40,INFO,WebServer,Transaction tx528941 completed in 1700ms,E104,Transaction {tx} completed in {time}ms
49143,2026-01-13,14:18:02,INFO,AuthService,Page view: /home by u1832,E103,Page view: {page} by {user}
49144,2026-01-13,14:42:30,INFO,PaymentGateway,Health check passed: PaymentGateway,E102,Health check passed: {service}
49145,2026-01-13,14:10:15,WARN,WebServer,High latency (1778ms) detected on WebServer,E201,High latency ({time}ms) detected on {service}
49146,2026-01-13,14:53:49,INFO,WebServer,Page view: /home by u2955,E103,Page view: {page} by {user}
49147,2026-01-13,14:39:46,INFO,WebServer,Health check passed: WebServer,E102,Health check passed: {service}
49148,2026-01-13,14:41:43,INFO,AuthService,Transaction tx900947 completed in 1345ms,E104,Transaction {tx} completed in {time}ms
49149,2026-01-13,14:05:59,INFO,WebServer,Page view: /home by u1485,E103,Page view: {page} by {user}
49150,2026-01-13,14:05:07,INFO,AuthService,Page view: /home by u4192,E103,Page view: {page} by {user}
49151,2026-01-13,14:05:02,WARN,PaymentGateway,Unauthorized access attempt from 10.0.0.45,E401,Unauthorized access attempt from {ip}
49152,2026-01-13,14:14:00,INFO,OrderProcessor,Health check passed: OrderProcessor,E102,Health check passed: {service}
49153,2026-01-13,14:34:47,INFO,AuthService,User u4664 login successful,E101,User {user} login successful
49154,2026-01-13,14:38:14,INFO,OrderProcessor,Page view: /home by u1620,E103,Page view: {page} by {user}
49155,2026-01-13,14:51:58,INFO,AuthService,Transaction tx445680 completed in 1924ms,E104,Transaction {tx} completed in {time}ms
49156,2026-01-13,14:33:50,INFO,WebServer,User u2606 login successful,E101,User {user} login successful
49157,2026-01-13,14:17:00,INFO,WebServer,User u1357 login successful,E101,User {user} login successful
49158,2026-01-13,14:29:49,INFO,WebServer,Transaction tx667121 completed in 1303ms,E104,Transaction {tx} completed in {time}ms
49159,2026-01-13,14:23:24,INFO,PaymentGateway,Transaction tx354172 completed in 812ms,E104,Transaction {tx} completed in {time}ms
49160,2026-01-13,14:46:16,INFO,WebServer,Health check passed: WebServer,E102,Health check passed: {service}
49161,2026-01-13,14:19:16,INFO,WebServer,Health check passed: WebServer,E102,Health check passed: {service}
49162,2026-01-13,14:46:57,INFO,WebServer,Page view: /home by u4976,E103,Page view: {page} by {user}
49163,2026-01-13,14:09:21,INFO,AuthService,User u4686 login successful,E101,User {user} login successful
49164,2026-01-13,14:33:18,INFO,WebServer,User u1893 login successful,E101,User {user} login successful
49165,2026-01-13,14:31:06,WARN,PaymentGateway,Unauthorized access attempt from 10.0.0.88,E401,Unauthorized access attempt from {ip}
49166,2026-01-13,14:01:12,INFO,WebServer,Transaction tx475852 completed in 485ms,E104,Transaction {tx} completed in {time}ms
49167,2026-01-13,14:04:15,INFO,WebServer,User u3734 login successful,E101,User {user} login successful
49168,2026-01-13,14:49:53,INFO,PaymentGateway,Transaction tx246720 completed in 641ms,E104,Transaction {tx} completed in {time}ms
49169,2026-01-13,14:20:08,INFO,WebServer,Transaction tx613362 completed in 1635ms,E104,Transaction {tx} completed in {time}ms
49170,2026-01-13,14:46:52,INFO,AuthService,Health check passed: AuthService,E102,Health check passed: {service}
49171,2026-01-13,14:37:42,INFO,WebServer,Health check passed: WebServer,E102,Health check passed: {service}
49172,2026-01-13,14:45:22,INFO,AuthService,User u2777 login successful,E101,User {user} login successful
49173,2026-01-13,14:46:37,INFO,OrderProcessor,Health check passed: OrderProcessor,E102,Health check passed: {service}
49174,2026-01-13,14:41:37,INFO,WebServer,User u3132 login successful,E101,User {user} login successful
49175,2026-01-13,14:00:28,INFO,AuthService,Page view: /home by u4160,E103,Page view: {page} by {user}
49176,2026-01-13,14:59:30,INFO,AuthService,Health check passed: AuthService,E102,Health check passed: {service}
49177,2026-01-13,14:13:50,INFO,AuthService,Page view: /home by u1322,E103,Page view: {page} by {user}
49178,2026-01-13,14:54:58,INFO,PaymentGateway,Transaction tx284752 completed in 1924ms,E104,Transaction {tx} completed in {time}ms
49179,2026-01-13,14:38:44,INFO,WebServer,Transaction tx230600 completed in 541ms,E104,Transaction {tx} completed in {time}ms
49180,2026-01-13,14:01:18,INFO,WebServer,Transaction tx226781 completed in 1841ms,E104,Transaction {tx} completed in {time}ms
49181,2026-01-13,14:12:54,INFO,PaymentGateway,Health check passed: PaymentGateway,E102,Health check passed: {service}
49182,2026-01-13,14:30:40,INFO,PaymentGateway,Page view: /home by u4124,E103,Page view: {page} by {user}
49183,2026-01-13,14:30:31,INFO,WebServer,Transaction tx258660 completed in 1415ms,E104,Transaction {tx} completed in {time}ms
49184,2026-01-13,14:20:18,INFO,WebServer,Page view: /home by u4609,E103,Page view: {page} by {user}
49185,2026-01-13,14:57:58,INFO,PaymentGateway,Health check passed: PaymentGateway,E102,Health check passed: {service}
49186,2026-01-13,14:28:12,INFO,WebServer,Page view: /home by u2483,E103,Page view: {page} by {user}
49187,2026-01-13,14:18:44,INFO,PaymentGateway,Transaction tx305559 completed in 857ms,E104,Transaction {tx} completed in {time}ms
49188,2026-01-13,14:39:57,INFO,PaymentGateway,User u4677 login successful,E101,User {user} login successful
49189,2026-01-13,14:45:26,INFO,InventoryDB,User u2160 login successful,E101,User {user} login successful
49190,2026-01-13,14:20:31,ERROR,OrderProcessor,Connection refused to OrderProcessor at 10.0.0.99,E501,Connection refused to {service} at {ip}
49191,2026-01-13,14:28:49,INFO,OrderProcessor,Transaction tx420386 completed in 1057ms,E104,Transaction {tx} completed in {time}ms
49192,2026-01-13,14:34:39,INFO,OrderProcessor,Page view: /home by u2317,E103,Page view: {page} by {user}
49193,2026-01-13,14:28:26,INFO,WebServer,Health check passed: WebServer,E102,Health check passed: {service}
49194,2026-01-13,14:47:56,INFO,WebServer,Page view: /home by u3855,E103,Page view: {page} by {user}
49195,2026-01-13,14:39:20,INFO,WebServer,Health check passed: WebServer,E102,Health check passed: {service}
49196,2026-01-13,14:55:54,INFO,WebServer,Page view: /home by u1641,E103,Page view: {page} by {user}
49197,2026-01-13,14:03:56,INFO,AuthService,Health check passed: AuthService,E102,Health check passed: {service}
49198,2026-01-13,14:42:09,INFO,OrderProcessor,Page view: /home by u3566,E103,Page view: {page} by {user}
49199,2026-01-13,14:21:43,INFO,AuthService,Page view: /home by u1650,E103,Page view: {page} by {user}
49200,2026-01-13,14:20:54,INFO,InventoryDB,Health check passed: InventoryDB,E102,Health check passed: {service}
49201,2026-01-13,14:54:57,INFO,WebServer,Health check passed: WebServer,E102,Health check passed: {service}
49202,2026-01-13,14:33:41,INFO,WebServer,Health check passed: WebServer,E102,Health check passed: {service}
49203,2026-01-13,14:58:47,INFO,WebServer,User u4251 login successful,E101,User {user} login successful
49204,2026-01-13,14:33:05,INFO,PaymentGateway,Health check passed: PaymentGateway,E102,Health check passed: {service}
49205,2026-01-13,14:16:57,INFO,WebServer,User u1978 login successful,E101,User {user} login successful
49206,2026-01-13,14:35:20,INFO,AuthService,Transaction tx958679 completed in 924ms,E104,Transaction {tx} completed in {time}ms
49207,2026-01-13,14:30:01,INFO,AuthService,Page view: /home by u4342,E103,Page view: {page} by {user}
49208,2026-01-13,14:32:35,INFO,WebServer,Health check passed: WebServer,E102,Health check passed: {service}
49209,2026-01-13,14:42:33,INFO,OrderProcessor,Health check passed: OrderProcessor,E102,Health check passed: {service}
49210,2026-01-13,14:17:53,INFO,PaymentGateway,User u4572 login successful,E101,User {user} login successful
49211,2026-01-13,14:37:40,INFO,OrderProcessor,User u2063 login successful,E101,User {user} login successful
49212,2026-01-13,14:15:21,INFO,WebServer,Page view: /home by u2999,E103,Page view: {page} by {user}
49213,2026-01-13,14:27:06,INFO,AuthService,Page view: /home by u2585,E103,Page view: {page} by {user}
49214,2026-01-13,14:01:20,INFO,WebServer,User u3466 login successful,E101,User {user} login successful
49215,2026-01-13,14:36:51,INFO,PaymentGateway,Page view: /home by u1121,E103,Page view: {page} by {user}
49216,2026-01-13,14:15:46,INFO,OrderProcessor,Health check passed: OrderProcessor,E102,Health check passed: {service}
49217,2026-01-13,14:17:34,INFO,AuthService,Transaction tx177629 completed in 1984ms,E104,Transaction {tx} completed in {time}ms
49218,2026-01-13,14:37:33,INFO,AuthService,User u4624 login successful,E101,User {user} login successful
49219,2026-01-13,14:47:51,INFO,WebServer,User u3306 login successful,E101,User {user} login successful
49220,2026-01-13,14:43:14,INFO,WebServer,User u2698 login successful,E101,User {user} login successful
49221,2026-01-13,14:50:50,INFO,WebServer,Transaction tx725585 completed in 556ms,E104,Transaction {tx} completed in {time}ms
49222,2026-01-13,14:36:16,ERROR,AuthService,Connection refused to AuthService at 10.0.0.45,E501,Connection refused to {service} at {ip}
49223,2026-01-13,14:29:59,INFO,AuthService,Page view: /home by u4938,E103,Page view: {page} by {user}
49224,2026-01-13,14:52:26,INFO,AuthService,Page view: /home by u2269,E103,Page view: {page} by {user}
49225,2026-01-13,14:59:26,INFO,WebServer,Page view: /home by u1194,E103,Page view: {page} by {user}
49226,2026-01-13,14:07:03,INFO,WebServer,Transaction tx343908 completed in 1047ms,E104,Transaction {tx} completed in {time}ms
49227,2026-01-13,14:11:37,INFO,WebServer,Health check passed: WebServer,E102,Health check passed: {service}
49228,2026-01-13,14:50:16,INFO,AuthService,Transaction tx165604 completed in 718ms,E104,Transaction {tx} completed in {time}ms
49229,2026-01-13,14:32:45,INFO,PaymentGateway,Page view: /home by u1037,E103,Page view: {page} by {user}
49230,2026-01-13,14:34:56,INFO,WebServer,Transaction tx415024 completed in 1932ms,E104,Transaction {tx} completed in {time}ms
49231,2026-01-13,14:22:21,INFO,WebServer,Health check passed: WebServer,E102,Health check passed: {service}
49232,2026-01-13,14:51:32,INFO,AuthService,Page view: /home by u1339,E103,Page view: {page} by {user}
49233,2026-01-13,14:43:31,INFO,PaymentGateway,Transaction tx309965 completed in 1233ms,E104,Transaction {tx} completed in {time}ms
49234,2026-01-13,14:12:05,INFO,OrderProcessor,Transaction tx662923 completed in 1425ms,E104,Transaction {tx} completed in {time}ms
49235,2026-01-13,14:28:39,WARN,WebServer,High latency (1108ms) detected on WebServer,E201,High latency ({time}ms) detected on {service}
49236,2026-01-13,14:05:05,INFO,WebServer,Page view: /home by u3687,E103,Page view: {page} by {user}
49237,2026-01-13,14:00:17,INFO,WebServer,Transaction tx491889 completed in 980ms,E104,Transaction {tx} completed in {time}ms
49238,2026-01-13,14:52:57,INFO,AuthService,Transaction tx826157 completed in 1951ms,E104,Transaction {tx} completed in {time}ms
49239,2026-01-13,14:45:04,INFO,PaymentGateway,Page view: /home by u3204,E103,Page view: {page} by {user}
49240,2026-01-13,14:14:59,INFO,PaymentGateway,User u1293 login successful,E101,User {user} login successful
49241,2026-01-13,14:17:09,INFO,WebServer,Health check passed: WebServer,E102,Health check passed: {service}
49242,2026-01-13,14:43:42,INFO,AuthService,User u4523 login successful,E101,User {user} login successful
49243,2026-01-13,14:25:40,INFO,OrderProcessor,Transaction tx611972 completed in 164ms,E104,Transaction {tx} completed in {time}ms
49244,2026-01-13,14:52:20,INFO,WebServer,Page view: /home by u3572,E103,Page view: {page} by {user}
49245,2026-01-13,14:10:55,INFO,OrderProcessor,User u2890 login successful,E101,User {user} login successful
49246,2026-01-13,14:05:07,INFO,WebServer,User u1701 login successful,E101,User {user} login successful
49247,2026-01-13,14:13:11,INFO,WebServer,User u3167 login successful,E101,User {user} login successful
49248,2026-01-13,14:08:05,INFO,PaymentGateway,Health check passed: PaymentGateway,E102,Health check passed: {service}
49249,2026-01-13,14:25:30,INFO,WebServer,Transaction tx303450 completed in 82ms,E104,Transaction {tx} completed in {time}ms
49250,2026-01-13,14:55:14,INFO,WebServer,User u1373 login successful,E101,User {user} login successful
49251,2026-01-13,14:23:08,INFO,AuthService,User u2636 login successful,E101,User {user} login successful
49252,2026-01-13,14:50:33,INFO,WebServer,Transaction tx693653 completed in 691ms,E104,Transaction {tx} completed in {time}ms
49253,2026-01-13,14:46:35,INFO,WebServer,Page view: /home by u2111,E103,Page view: {page} by {user}
49254,2026-01-13,14:12:07,INFO,WebServer,Health check passed: WebServer,E102,Health check passed: {service}
49255,2026-01-13,14:58:29,INFO,AuthService,User u4800 login successful,E101,User {user} login successful
49256,2026-01-13,14:16:26,INFO,WebServer,Health check passed: WebServer,E102,Health check passed: {service}
49257,2026-01-13,14:26:55,INFO,OrderProcessor,User u1053 login successful,E101,User {user} login successful
49258,2026-01-13,14:54:53,INFO,WebServer,Transaction tx304317 completed in 1334ms,E104,Transaction {tx} completed in {time}ms
49259,2026-01-13,14:39:16,INFO,WebServer,Health check passed: WebServer,E102,Health check passed: {service}
49260,2026-01-13,14:25:16,INFO,WebServer,Page view: /home by u2152,E103,Page view: {page} by {user}
49261,2026-01-13,14:46:46,INFO,OrderProcessor,User u4992 login successful,E101,User {user} login successful
49262,2026-01-13,14:13:01,INFO,WebServer,Transaction tx444600 completed in 1135ms,E104,Transaction {tx} completed in {time}ms
49263,2026-01-13,14:20:12,INFO,OrderProcessor,User u1277 login successful,E101,User {user} login successful
49264,2026-01-13,14:33:47,INFO,WebServer,Transaction tx116479 completed in 1679ms,E104,Transaction {tx} completed in {time}ms
49265,2026-01-13,14:55:01,INFO,WebServer,Page view: /home by u4202,E103,Page view: {page} by {user}
49266,2026-01-13,14:44:08,INFO,WebServer,Health check passed: WebServer,E102,Health check passed: {service}
49267,2026-01-13,14:10:01,INFO,AuthService,Health check passed: AuthService,E102,Health check passed: {service}
49268,2026-01-13,14:58:39,WARN,WebServer,High latency (801ms) detected on WebServer,E201,High latency ({time}ms) detected on {service}
49269,2026-01-13,14:14:43,INFO,WebServer,Health check passed: WebServer,E102,Health check passed: {service}
49270,2026-01-13,14:47:45,INFO,AuthService,Health check passed: AuthService,E102,Health check passed: {service}
49271,2026-01-13,14:21:29,WARN,WebServer,Unauthorized access attempt from 10.0.0.45,E401,Unauthorized access attempt from {ip}
49272,2026-01-13,14:19:51,INFO,InventoryDB,Page view: /home by u1467,E103,Page view: {page} by {user}
49273,2026-01-13,14:07:58,INFO,WebServer,Transaction tx792761 completed in 800ms,E104,Transaction {tx} completed in {time}ms
49274,2026-01-13,14:54:58,INFO,InventoryDB,User u3853 login successful,E101,User {user} login successful
49275,2026-01-13,14:37:36,INFO,WebServer,Transaction tx479576 completed in 1110ms,E104,Transaction {tx} completed in {time}ms
49276,2026-01-13,14:44:29,WARN,AuthService,Disk usage > 85% on node node-2,E202,Disk usage > 85% on node {node}
49277,2026-01-13,14:15:27,INFO,WebServer,Page view: /home by u3626,E103,Page view: {page} by {user}
49278,2026-01-13,14:09:23,INFO,WebServer,User u1036 login successful,E101,User {user} login successful
49279,2026-01-13,14:34:39,INFO,WebServer,Transaction tx151719 completed in 1773ms,E104,Transaction {tx} completed in {time}ms
49280,2026-01-13,14:52:13,INFO,AuthService,Transaction tx522744 completed in 1606ms,E104,Transaction {tx} completed in {time}ms
49281,2026-01-13,14:16:28,CRITICAL,WebServer,DATA CORRUPTION detected in sector 329,E602,DATA CORRUPTION detected in sector {sector}
49282,2026-01-13,14:05:11,INFO,AuthService,Health check passed: AuthService,E102,Health check passed: {service}
49283,2026-01-13,14:38:27,INFO,AuthService,Page view: /home by u4477,E103,Page view: {page} by {user}
49284,2026-01-13,14:50:17,WARN,WebServer,Disk usage > 85% on node node-5,E202,Disk usage > 85% on node {node}
49285,2026-01-13,14:43:43,INFO,WebServer,Page view: /home by u2564,E103,Page view: {page} by {user}
49286,2026-01-13,14:44:26,INFO,AuthService,Page view: /home by u3197,E103,Page view: {page} by {user}
49287,2026-01-13,14:20:00,INFO,PaymentGateway,User u1129 login successful,E101,User {user} login successful
49288,2026-01-13,14:04:55,INFO,AuthService,Transaction tx779350 completed in 897ms,E104,Transaction {tx} completed in {time}ms
49289,2026-01-13,14:54:50,INFO,AuthService,Health check passed: AuthService,E102,Health check passed: {service}
49290,2026-01-13,14:26:31,INFO,WebServer,User u1768 login successful,E101,User {user} login successful
49291,2026-01-13,14:41:23,INFO,WebServer,Transaction tx261700 completed in 1004ms,E104,Transaction {tx} completed in {time}ms
49292,2026-01-13,14:27:41,INFO,WebServer,Page view: /home by u1560,E103,Page view: {page} by {user}
49293,2026-01-13,14:56:47,INFO,OrderProcessor,Page view: /home by u3799,E103,Page view: {page} by {user}
49294,2026-01-13,14:55:29,INFO,WebServer,Health check passed: WebServer,E102,Health check passed: {service}
49295,2026-01-13,14:46:54,INFO,AuthService,User u1992 login successful,E101,User {user} login successful
49296,2026-01-13,14:07:04,INFO,AuthService,Page view: /home by u3389,E103,Page view: {page} by {user}
49297,2026-01-13,14:35:20,INFO,WebServer,Transaction tx324515 completed in 1796ms,E104,Transaction {tx} completed in {time}ms
49298,2026-01-13,14:46:45,INFO,PaymentGateway,Health check passed: PaymentGateway,E102,Health check passed: {service}
49299,2026-01-13,14:59:17,INFO,WebServer,Transaction tx315851 completed in 1151ms,E104,Transaction {tx} completed in {time}ms
49300,2026-01-13,14:49:58,INFO,AuthService,Health check passed: AuthService,E102,Health check passed: {service}
49301,2026-01-13,14:37:27,INFO,PaymentGateway,Transaction tx833032 completed in 571ms,E104,Transaction {tx} completed in {time}ms
49302,2026-01-13,14:41:52,INFO,AuthService,Health check passed: AuthService,E102,Health check passed: {service}
49303,2026-01-13,14:47:22,INFO,WebServer,Health check passed: WebServer,E102,Health check passed: {service}
49304,2026-01-13,14:13:21,INFO,AuthService,User u3301 login successful,E101,User {user} login successful
49305,2026-01-13,14:25:04,INFO,WebServer,Health check passed: WebServer,E102,Health check passed: {service}
49306,2026-01-13,14:32:46,INFO,WebServer,Health check passed: WebServer,E102,Health check passed: {service}
49307,2026-01-13,14:55:12,INFO,WebServer,Transaction tx672930 completed in 1226ms,E104,Transaction {tx} completed in {time}ms
49308,2026-01-13,14:52:57,INFO,WebServer,Health check passed: WebServer,E102,Health check passed: {service}
49309,2026-01-13,14:01:21,INFO,WebServer,Health check passed: WebServer,E102,Health check passed: {service}
49310,2026-01-13,14:42:54,INFO,OrderProcessor,Health check passed: OrderProcessor,E102,Health check passed: {service}
49311,2026-01-13,14:51:40,INFO,WebServer,User u2990 login successful,E101,User {user} login successful
49312,2026-01-13,14:31:51,INFO,WebServer,Page view: /home by u4711,E103,Page view: {page} by {user}
49313,2026-01-13,14:41:36,INFO,InventoryDB,Page view: /home by u3164,E103,Page view: {page} by {user}
49314,2026-01-13,14:03:25,INFO,AuthService,User u3050 login successful,E101,User {user} login successful
49315,2026-01-13,14:19:16,INFO,OrderProcessor,Page view: /home by u3922,E103,Page view: {page} by {user}
49316,2026-01-13,14:18:20,WARN,WebServer,High latency (753ms) detected on WebServer,E201,High latency ({time}ms) detected on {service}
49317,2026-01-13,14:30:26,INFO,WebServer,Health check passed: WebServer,E102,Health check passed: {service}
49318,2026-01-13,14:54:04,INFO,WebServer,Page view: /home by u4439,E103,Page view: {page} by {user}
49319,2026-01-13,14:54:06,INFO,OrderProcessor,Health check passed: OrderProcessor,E102,Health check passed: {service}
49320,2026-01-13,14:02:30,INFO,WebServer,Page view: /home by u4597,E103,Page view: {page} by {user}
49321,2026-01-13,14:13:23,INFO,WebServer,Page view: /home by u1283,E103,Page view: {page} by {user}
49322,2026-01-13,14:30:58,INFO,PaymentGateway,Page view: /home by u2159,E103,Page view: {page} by {user}
49323,2026-01-13,14:44:54,INFO,WebServer,Page view: /home by u2350,E103,Page view: {page} by {user}
49324,2026-01-13,14:05:37,INFO,AuthService,Health check passed: AuthService,E102,Health check passed: {service}
49325,2026-01-13,14:58:13,INFO,WebServer,User u1868 login successful,E101,User {user} login successful
49326,2026-01-13,14:36:35,INFO,InventoryDB,Page view: /home by u3162,E103,Page view: {page} by {user}
49327,2026-01-13,14:26:31,INFO,OrderProcessor,Page view: /home by u3409,E103,Page view: {page} by {user}
49328,2026-01-13,14:58:16,INFO,OrderProcessor,Transaction tx645470 completed in 699ms,E104,Transaction {tx} completed in {time}ms
49329,2026-01-13,14:17:24,INFO,WebServer,Transaction tx441490 completed in 1554ms,E104,Transaction {tx} completed in {time}ms
49330,2026-01-13,14:11:30,ERROR,AuthService,Connection refused to AuthService at 10.0.0.12,E501,Connection refused to {service} at {ip}
49331,2026-01-13,14:53:23,INFO,OrderProcessor,Health check passed: OrderProcessor,E102,Health check passed: {service}
49332,2026-01-13,14:49:12,INFO,WebServer,Page view: /home by u1015,E103,Page view: {page} by {user}
49333,2026-01-13,14:08:51,INFO,WebServer,Health check passed: WebServer,E102,Health check passed: {service}
49334,2026-01-13,14:40:10,INFO,WebServer,Transaction tx343424 completed in 1133ms,E104,Transaction {tx} completed in {time}ms
49335,2026-01-13,14:38:32,INFO,AuthService,Health check passed: AuthService,E102,Health check passed: {service}
49336,2026-01-13,14:53:37,INFO,WebServer,Page view: /home by u2994,E103,Page view: {page} by {user}
49337,2026-01-13,14:50:30,INFO,WebServer,User u3889 login successful,E101,User {user} login successful
49338,2026-01-13,14:53:59,INFO,OrderProcessor,User u3365 login successful,E101,User {user} login successful
49339,2026-01-13,14:35:45,INFO,WebServer,User u2023 login successful,E101,User {user} login successful
49340,2026-01-13,14:42:16,INFO,InventoryDB,Page view: /home by u4153,E103,Page view: {page} by {user}
49341,2026-01-13,14:14:32,INFO,PaymentGateway,User u1492 login successful,E101,User {user} login successful
49342,2026-01-13,14:14:22,INFO,WebServer,Health check passed: WebServer,E102,Health check passed: {service}
49343,2026-01-13,14:44:40,INFO,OrderProcessor,Health check passed: OrderProcessor,E102,Health check passed: {service}
49344,2026-01-13,14:51:13,INFO,WebServer,Page view: /home by u1400,E103,Page view: {page} by {user}
49345,2026-01-13,14:54:47,INFO,WebServer,Page view: /home by u3232,E103,Page view: {page} by {user}
49346,2026-01-13,14:36:45,INFO,WebServer,Health check passed: WebServer,E102,Health check passed: {service}
49347,2026-01-13,14:25:38,INFO,WebServer,Transaction tx348245 completed in 428ms,E104,Transaction {tx} completed in {time}ms
49348,2026-01-13,14:51:11,INFO,WebServer,Page view: /home by u4069,E103,Page view: {page} by {user}
49349,2026-01-13,14:59:03,INFO,AuthService,User u4325 login successful,E101,User {user} login successful
49350,2026-01-13,14:04:36,INFO,WebServer,User u2878 login successful,E101,User {user} login successful
49351,2026-01-13,14:49:00,INFO,WebServer,Page view: /home by u4212,E103,Page view: {page} by {user}
49352,2026-01-13,14:40:16,CRITICAL,WebServer,KERNEL PANIC: Node node-3 crashed,E601,KERNEL PANIC: Node {node} crashed
49353,2026-01-13,14:43:38,ERROR,PaymentGateway,Timeout waiting for lock on InventoryDB,E502,Timeout waiting for lock on {db}
49354,2026-01-13,14:17:01,INFO,AuthService,Transaction tx421695 completed in 1000ms,E104,Transaction {tx} completed in {time}ms
49355,2026-01-13,14:32:40,INFO,AuthService,Transaction tx258929 completed in 1682ms,E104,Transaction {tx} completed in {time}ms
49356,2026-01-13,14:41:36,INFO,AuthService,Page view: /home by u4763,E103,Page view: {page} by {user}
49357,2026-01-13,14:14:28,INFO,AuthService,Transaction tx189242 completed in 98ms,E104,Transaction {tx} completed in {time}ms
49358,2026-01-13,14:42:08,INFO,WebServer,Health check passed: WebServer,E102,Health check passed: {service}
49359,2026-01-13,14:53:14,INFO,WebServer,Page view: /home by u4651,E103,Page view: {page} by {user}
49360,2026-01-13,14:22:20,INFO,WebServer,User u1615 login successful,E101,User {user} login successful
49361,2026-01-13,14:40:07,INFO,WebServer,User u3151 login successful,E101,User {user} login successful
49362,2026-01-13,14:32:32,INFO,WebServer,User u2265 login successful,E101,User {user} login successful
49363,2026-01-13,14:29:29,INFO,OrderProcessor,Transaction tx799869 completed in 1672ms,E104,Transaction {tx} completed in {time}ms
49364,2026-01-13,14:33:25,INFO,WebServer,Page view: /home by u1638,E103,Page view: {page} by {user}
49365,2026-01-13,14:33:45,INFO,OrderProcessor,User u4259 login successful,E101,User {user} login successful
49366,2026-01-13,14:10:27,INFO,InventoryDB,Health check passed: InventoryDB,E102,Health check passed: {service}
49367,2026-01-13,14:45:22,INFO,PaymentGateway,User u3575 login successful,E101,User {user} login successful
49368,2026-01-13,14:19:27,INFO,WebServer,User u3003 login successful,E101,User {user} login successful
49369,2026-01-13,14:25:51,INFO,OrderProcessor,Page view: /home by u2366,E103,Page view: {page} by {user}
49370,2026-01-13,14:42:16,INFO,PaymentGateway,Health check passed: PaymentGateway,E102,Health check passed: {service}
49371,2026-01-13,14:44:31,INFO,AuthService,Page view: /home by u4917,E103,Page view: {page} by {user}
49372,2026-01-13,14:08:08,INFO,OrderProcessor,Transaction tx702914 completed in 1199ms,E104,Transaction {tx} completed in {time}ms
49373,2026-01-13,14:57:38,INFO,AuthService,Health check passed: AuthService,E102,Health check passed: {service}
49374,2026-01-13,14:52:47,INFO,PaymentGateway,Health check passed: PaymentGateway,E102,Health check passed: {service}
49375,2026-01-13,14:56:37,INFO,AuthService,Page view: /home by u2431,E103,Page view: {page} by {user}
49376,2026-01-13,14:47:18,INFO,AuthService,Page view: /home by u3594,E103,Page view: {page} by {user}
49377,2026-01-13,14:04:04,INFO,AuthService,Health check passed: AuthService,E102,Health check passed: {service}
49378,2026-01-13,14:32:36,INFO,AuthService,Health check passed: AuthService,E102,Health check passed: {service}
49379,2026-01-13,14:26:14,INFO,WebServer,User u3090 login successful,E101,User {user} login successful
49380,2026-01-13,14:02:11,INFO,AuthService,Health check passed: AuthService,E102,Health check passed: {service}
49381,2026-01-13,14:45:35,INFO,WebServer,Health check passed: WebServer,E102,Health check passed: {service}
49382,2026-01-13,14:45:45,INFO,WebServer,User u3798 login successful,E101,User {user} login successful
49383,2026-01-13,14:40:46,INFO,AuthService,User u2627 login successful,E101,User {user} login successful
49384,2026-01-13,14:11:51,INFO,WebServer,Transaction tx448597 completed in 1105ms,E104,Transaction {tx} completed in {time}ms
49385,2026-01-13,14:14:48,INFO,AuthService,Page view: /home by u1650,E103,Page view: {page} by {user}
49386,2026-01-13,14:05:06,INFO,PaymentGateway,Health check passed: PaymentGateway,E102,Health check passed: {service}
49387,2026-01-13,14:09:28,INFO,PaymentGateway,Transaction tx603952 completed in 1258ms,E104,Transaction {tx} completed in {time}ms
49388,2026-01-13,14:44:36,INFO,WebServer,Transaction tx753434 completed in 880ms,E104,Transaction {tx} completed in {time}ms
49389,2026-01-13,14:37:15,INFO,AuthService,Page view: /home by u3673,E103,Page view: {page} by {user}
49390,2026-01-13,14:15:39,INFO,WebServer,User u2795 login successful,E101,User {user} login successful
49391,2026-01-13,14:36:16,INFO,WebServer,User u3522 login successful,E101,User {user} login successful
49392,2026-01-13,14:29:59,INFO,AuthService,Health check passed: AuthService,E102,Health check passed: {service}
49393,2026-01-13,14:02:39,INFO,WebServer,Health check passed: WebServer,E102,Health check passed: {service}
49394,2026-01-13,14:47:25,WARN,PaymentGateway,High latency (1876ms) detected on PaymentGateway,E201,High latency ({time}ms) detected on {service}
49395,2026-01-13,14:54:28,INFO,WebServer,Health check passed: WebServer,E102,Health check passed: {service}
49396,2026-01-13,14:29:03,INFO,WebServer,Health check passed: WebServer,E102,Health check passed: {service}
49397,2026-01-13,14:06:16,INFO,WebServer,User u4496 login successful,E101,User {user} login successful
49398,2026-01-13,14:16:56,INFO,AuthService,Health check passed: AuthService,E102,Health check passed: {service}
49399,2026-01-13,14:51:29,INFO,PaymentGateway,User u3928 login successful,E101,User {user} login successful
49400,2026-01-13,14:01:44,INFO,WebServer,Page view: /home by u1455,E103,Page view: {page} by {user}
49401,2026-01-13,14:59:57,INFO,AuthService,Transaction tx620372 completed in 41ms,E104,Transaction {tx} completed in {time}ms
49402,2026-01-13,14:36:49,INFO,InventoryDB,Health check passed: InventoryDB,E102,Health check passed: {service}
49403,2026-01-13,14:59:32,INFO,OrderProcessor,User u3513 login successful,E101,User {user} login successful
49404,2026-01-13,14:24:25,ERROR,WebServer,Connection refused to WebServer at 10.0.0.45,E501,Connection refused to {service} at {ip}
49405,2026-01-13,14:32:39,INFO,WebServer,Transaction tx358189 completed in 45ms,E104,Transaction {tx} completed in {time}ms
49406,2026-01-13,14:41:23,INFO,OrderProcessor,Health check passed: OrderProcessor,E102,Health check passed: {service}
49407,2026-01-13,14:28:03,INFO,WebServer,Health check passed: WebServer,E102,Health check passed: {service}
49408,2026-01-13,14:14:14,INFO,OrderProcessor,User u3464 login successful,E101,User {user} login successful
49409,2026-01-13,14:35:41,INFO,OrderProcessor,Page view: /home by u4421,E103,Page view: {page} by {user}
49410,2026-01-13,14:03:37,INFO,PaymentGateway,Health check passed: PaymentGateway,E102,Health check passed: {service}
49411,2026-01-13,14:22:38,INFO,WebServer,Transaction tx606022 completed in 686ms,E104,Transaction {tx} completed in {time}ms
49412,2026-01-13,14:46:46,INFO,WebServer,Transaction tx260394 completed in 1639ms,E104,Transaction {tx} completed in {time}ms
49413,2026-01-13,14:04:26,INFO,OrderProcessor,Transaction tx750324 completed in 844ms,E104,Transaction {tx} completed in {time}ms
49414,2026-01-13,14:30:30,INFO,WebServer,Health check passed: WebServer,E102,Health check passed: {service}
49415,2026-01-13,14:31:03,CRITICAL,WebServer,KERNEL PANIC: Node node-4 crashed,E601,KERNEL PANIC: Node {node} crashed
49416,2026-01-13,14:54:53,INFO,WebServer,Health check passed: WebServer,E102,Health check passed: {service}
49417,2026-01-13,14:45:31,INFO,OrderProcessor,User u4333 login successful,E101,User {user} login successful
49418,2026-01-13,14:22:54,INFO,AuthService,Transaction tx861900 completed in 535ms,E104,Transaction {tx} completed in {time}ms
49419,2026-01-13,14:43:56,INFO,WebServer,Health check passed: WebServer,E102,Health check passed: {service}
49420,2026-01-13,14:40:25,INFO,WebServer,Transaction tx179893 completed in 1610ms,E104,Transaction {tx} completed in {time}ms
49421,2026-01-13,14:14:18,INFO,WebServer,Health check passed: WebServer,E102,Health check passed: {service}
49422,2026-01-13,14:32:19,INFO,WebServer,User u1761 login successful,E101,User {user} login successful
49423,2026-01-13,14:07:25,INFO,WebServer,User u3606 login successful,E101,User {user} login successful
49424,2026-01-13,14:16:32,INFO,OrderProcessor,Health check passed: OrderProcessor,E102,Health check passed: {service}
49425,2026-01-13,14:27:40,INFO,OrderProcessor,User u3561 login successful,E101,User {user} login successful
49426,2026-01-13,14:23:56,INFO,WebServer,User u3466 login successful,E101,User {user} login successful
49427,2026-01-13,14:57:40,INFO,InventoryDB,Page view: /home by u1137,E103,Page view: {page} by {user}
49428,2026-01-13,14:31:32,INFO,AuthService,Page view: /home by u3542,E103,Page view: {page} by {user}
49429,2026-01-13,14:57:33,INFO,OrderProcessor,User u4910 login successful,E101,User {user} login successful
49430,2026-01-13,14:42:42,INFO,PaymentGateway,User u2848 login successful,E101,User {user} login successful
49431,2026-01-13,14:28:36,INFO,AuthService,Page view: /home by u3148,E103,Page view: {page} by {user}
49432,2026-01-13,14:53:26,INFO,AuthService,User u3158 login successful,E101,User {user} login successful
49433,2026-01-13,14:27:42,INFO,AuthService,User u1088 login successful,E101,User {user} login successful
49434,2026-01-13,14:10:43,WARN,InventoryDB,High latency (1072ms) detected on InventoryDB,E201,High latency ({time}ms) detected on {service}
49435,2026-01-13,14:40:14,INFO,WebServer,User u3433 login successful,E101,User {user} login successful
49436,2026-01-13,14:09:11,INFO,AuthService,User u3679 login successful,E101,User {user} login successful
49437,2026-01-13,14:22:33,INFO,AuthService,Page view: /home by u3110,E103,Page view: {page} by {user}
49438,2026-01-13,14:17:40,INFO,OrderProcessor,Health check passed: OrderProcessor,E102,Health check passed: {service}
49439,2026-01-13,14:17:25,INFO,InventoryDB,Health check passed: InventoryDB,E102,Health check passed: {service}
49440,2026-01-13,14:45:48,INFO,OrderProcessor,Transaction tx603954 completed in 1770ms,E104,Transaction {tx} completed in {time}ms
49441,2026-01-13,14:20:26,INFO,WebServer,User u3433 login successful,E101,User {user} login successful
49442,2026-01-13,14:46:28,INFO,PaymentGateway,Health check passed: PaymentGateway,E102,Health check passed: {service}
49443,2026-01-13,14:04:54,INFO,AuthService,Transaction tx634633 completed in 396ms,E104,Transaction {tx} completed in {time}ms
49444,2026-01-13,14:58:53,INFO,PaymentGateway,User u3589 login successful,E101,User {user} login successful
49445,2026-01-13,14:01:39,INFO,WebServer,User u1425 login successful,E101,User {user} login successful
49446,2026-01-13,14:36:36,INFO,OrderProcessor,Transaction tx419099 completed in 1496ms,E104,Transaction {tx} completed in {time}ms
49447,2026-01-13,14:22:15,INFO,WebServer,Transaction tx890147 completed in 559ms,E104,Transaction {tx} completed in {time}ms
49448,2026-01-13,14:37:03,INFO,WebServer,User u1157 login successful,E101,User {user} login successful
49449,2026-01-13,14:42:18,INFO,OrderProcessor,Transaction tx687676 completed in 1685ms,E104,Transaction {tx} completed in {time}ms
49450,2026-01-13,14:00:10,INFO,AuthService,Health check passed: AuthService,E102,Health check passed: {service}
49451,2026-01-13,14:55:49,INFO,InventoryDB,Page view: /home by u3391,E103,Page view: {page} by {user}
49452,2026-01-13,14:40:53,INFO,OrderProcessor,Health check passed: OrderProcessor,E102,Health check passed: {service}
49453,2026-01-13,14:32:47,ERROR,WebServer,Payment declined: Gateway unavailable,E503,Payment declined: Gateway unavailable
49454,2026-01-13,14:52:48,WARN,WebServer,Disk usage > 85% on node node-5,E202,Disk usage > 85% on node {node}
49455,2026-01-13,14:25:48,INFO,AuthService,Health check passed: AuthService,E102,Health check passed: {service}
49456,2026-01-13,14:00:35,INFO,WebServer,Transaction tx682936 completed in 970ms,E104,Transaction {tx} completed in {time}ms
49457,2026-01-13,14:50:57,INFO,WebServer,User u3501 login successful,E101,User {user} login successful
49458,2026-01-13,14:32:01,INFO,InventoryDB,Page view: /home by u3052,E103,Page view: {page} by {user}
49459,2026-01-13,14:04:42,INFO,WebServer,Health check passed: WebServer,E102,Health check passed: {service}
49460,2026-01-13,14:03:05,WARN,WebServer,Disk usage > 85% on node node-4,E202,Disk usage > 85% on node {node}
49461,2026-01-13,14:14:39,INFO,AuthService,User u1440 login successful,E101,User {user} login successful
49462,2026-01-13,14:39:09,INFO,WebServer,Transaction tx714183 completed in 1096ms,E104,Transaction {tx} completed in {time}ms
49463,2026-01-13,14:46:20,INFO,WebServer,Transaction tx676158 completed in 1187ms,E104,Transaction {tx} completed in {time}ms
49464,2026-01-13,14:36:44,INFO,WebServer,User u2838 login successful,E101,User {user} login successful
49465,2026-01-13,14:31:20,INFO,WebServer,Transaction tx581619 completed in 1629ms,E104,Transaction {tx} completed in {time}ms
49466,2026-01-13,14:47:08,INFO,OrderProcessor,Transaction tx351239 completed in 35ms,E104,Transaction {tx} completed in {time}ms
49467,2026-01-13,14:07:54,INFO,WebServer,Health check passed: WebServer,E102,Health check passed: {service}
49468,2026-01-13,14:38:20,INFO,PaymentGateway,Health check passed: PaymentGateway,E102,Health check passed: {service}
49469,2026-01-13,14:33:38,INFO,WebServer,Health check passed: WebServer,E102,Health check passed: {service}
49470,2026-01-13,14:05:45,INFO,AuthService,Health check passed: AuthService,E102,Health check passed: {service}
49471,2026-01-13,14:21:48,INFO,WebServer,User u1059 login successful,E101,User {user} login successful
49472,2026-01-13,14:35:51,INFO,PaymentGateway,Page view: /home by u2379,E103,Page view: {page} by {user}
49473,2026-01-13,14:04:01,INFO,AuthService,Transaction tx313286 completed in 1911ms,E104,Transaction {tx} completed in {time}ms
49474,2026-01-13,14:24:36,INFO,WebServer,User u3804 login successful,E101,User {user} login successful
49475,2026-01-13,14:30:44,INFO,AuthService,User u4053 login successful,E101,User {user} login successful
49476,2026-01-13,14:00:10,INFO,PaymentGateway,User u1916 login successful,E101,User {user} login successful
49477,2026-01-13,14:56:30,INFO,WebServer,Health check passed: WebServer,E102,Health check passed: {service}
49478,2026-01-13,14:38:16,INFO,AuthService,Health check passed: AuthService,E102,Health check passed: {service}
49479,2026-01-13,14:28:54,INFO,WebServer,User u4095 login successful,E101,User {user} login successful
49480,2026-01-13,14:35:29,INFO,WebServer,Transaction tx745855 completed in 1417ms,E104,Transaction {tx} completed in {time}ms
49481,2026-01-13,14:00:29,INFO,WebServer,Page view: /home by u2474,E103,Page view: {page} by {user}
49482,2026-01-13,14:55:58,INFO,AuthService,Health check passed: AuthService,E102,Health check passed: {service}
49483,2026-01-13,14:41:50,ERROR,WebServer,Payment declined: Gateway unavailable,E503,Payment declined: Gateway unavailable
49484,2026-01-13,14:26:23,INFO,AuthService,Transaction tx355286 completed in 126ms,E104,Transaction {tx} completed in {time}ms
49485,2026-01-13,14:37:17,INFO,OrderProcessor,User u2558 login successful,E101,User {user} login successful
49486,2026-01-13,14:01:28,WARN,OrderProcessor,Unauthorized access attempt from 10.0.0.45,E401,Unauthorized access attempt from {ip}
49487,2026-01-13,14:52:13,INFO,AuthService,Transaction tx584618 completed in 1090ms,E104,Transaction {tx} completed in {time}ms
49488,2026-01-13,14:38:56,INFO,WebServer,Page view: /home by u1642,E103,Page view: {page} by {user}
49489,2026-01-13,14:37:29,INFO,OrderProcessor,User u4060 login successful,E101,User {user} login successful
49490,2026-01-13,14:51:20,INFO,AuthService,Page view: /home by u3403,E103,Page view: {page} by {user}
49491,2026-01-13,14:54:51,INFO,WebServer,Health check passed: WebServer,E102,Health check passed: {service}
49492,2026-01-13,14:21:39,INFO,WebServer,Health check passed: WebServer,E102,Health check passed: {service}
49493,2026-01-13,14:50:23,INFO,WebServer,Page view: /home by u4486,E103,Page view: {page} by {user}
49494,2026-01-13,14:12:26,INFO,WebServer,Health check passed: WebServer,E102,Health check passed: {service}
49495,2026-01-13,14:12:52,INFO,OrderProcessor,Health check passed: OrderProcessor,E102,Health check passed: {service}
49496,2026-01-13,14:51:02,INFO,PaymentGateway,User u3619 login successful,E101,User {user} login successful
49497,2026-01-13,14:24:32,INFO,WebServer,Transaction tx714561 completed in 1226ms,E104,Transaction {tx} completed in {time}ms
49498,2026-01-13,14:37:58,INFO,AuthService,Page view: /home by u2031,E103,Page view: {page} by {user}
49499,2026-01-13,14:03:37,INFO,PaymentGateway,User u4089 login successful,E101,User {user} login successful
49500,2026-01-13,14:50:53,INFO,AuthService,Health check passed: AuthService,E102,Health check passed: {service}
49501,2026-01-13,14:27:53,INFO,WebServer,User u1082 login successful,E101,User {user} login successful
49502,2026-01-13,14:28:23,INFO,WebServer,Health check passed: WebServer,E102,Health check passed: {service}
49503,2026-01-13,14:10:07,INFO,OrderProcessor,Health check passed: OrderProcessor,E102,Health check passed: {service}
49504,2026-01-13,14:02:07,INFO,WebServer,Health check passed: WebServer,E102,Health check passed: {service}
49505,2026-01-13,14:29:31,INFO,WebServer,Page view: /home by u1279,E103,Page view: {page} by {user}
49506,2026-01-13,14:27:06,INFO,OrderProcessor,Page view: /home by u2754,E103,Page view: {page} by {user}
49507,2026-01-13,14:52:08,INFO,WebServer,Health check passed: WebServer,E102,Health check passed: {service}
49508,2026-01-13,14:40:28,INFO,WebServer,User u1004 login successful,E101,User {user} login successful
49509,2026-01-13,14:29:54,INFO,PaymentGateway,Page view: /home by u2360,E103,Page view: {page} by {user}
49510,2026-01-13,14:14:26,INFO,WebServer,Health check passed: WebServer,E102,Health check passed: {service}
49511,2026-01-13,14:08:54,INFO,WebServer,User u1950 login successful,E101,User {user} login successful
49512,2026-01-13,14:20:43,INFO,WebServer,Health check passed: WebServer,E102,Health check passed: {service}
49513,2026-01-13,14:03:40,WARN,AuthService,High latency (746ms) detected on AuthService,E201,High latency ({time}ms) detected on {service}
49514,2026-01-13,14:40:54,INFO,WebServer,Transaction tx857645 completed in 105ms,E104,Transaction {tx} completed in {time}ms
49515,2026-01-13,14:33:16,ERROR,OrderProcessor,Connection refused to OrderProcessor at 10.0.0.45,E501,Connection refused to {service} at {ip}
49516,2026-01-13,14:54:54,INFO,InventoryDB,User u2379 login successful,E101,User {user} login successful
49517,2026-01-13,14:34:45,INFO,WebServer,User u2989 login successful,E101,User {user} login successful
49518,2026-01-13,14:22:53,INFO,AuthService,Page view: /home by u3613,E103,Page view: {page} by {user}
49519,2026-01-13,14:27:11,INFO,OrderProcessor,Page view: /home by u2441,E103,Page view: {page} by {user}
49520,2026-01-13,14:46:44,INFO,WebServer,Page view: /home by u2105,E103,Page view: {page} by {user}
49521,2026-01-13,14:22:34,INFO,OrderProcessor,User u3111 login successful,E101,User {user} login successful
49522,2026-01-13,14:12:24,INFO,AuthService,Page view: /home by u1159,E103,Page view: {page} by {user}
49523,2026-01-13,14:20:04,WARN,WebServer,High latency (1989ms) detected on WebServer,E201,High latency ({time}ms) detected on {service}
49524,2026-01-13,14:53:20,INFO,AuthService,Health check passed: AuthService,E102,Health check passed: {service}
49525,2026-01-13,14:51:47,WARN,OrderProcessor,Disk usage > 85% on node node-3,E202,Disk usage > 85% on node {node}
49526,2026-01-13,14:10:02,INFO,WebServer,Health check passed: WebServer,E102,Health check passed: {service}
49527,2026-01-13,14:46:23,INFO,OrderProcessor,Page view: /home by u4986,E103,Page view: {page} by {user}
49528,2026-01-13,14:35:45,INFO,WebServer,Page view: /home by u3662,E103,Page view: {page} by {user}
49529,2026-01-13,14:16:14,INFO,WebServer,User u2308 login successful,E101,User {user} login successful
49530,2026-01-13,14:15:04,INFO,AuthService,Transaction tx670097 completed in 1595ms,E104,Transaction {tx} completed in {time}ms
49531,2026-01-13,14:16:34,INFO,AuthService,User u3156 login successful,E101,User {user} login successful
49532,2026-01-13,14:30:24,INFO,WebServer,User u1025 login successful,E101,User {user} login successful
49533,2026-01-13,14:59:56,ERROR,WebServer,Connection refused to WebServer at 10.0.0.12,E501,Connection refused to {service} at {ip}
49534,2026-01-13,14:52:11,INFO,OrderProcessor,Transaction tx139432 completed in 351ms,E104,Transaction {tx} completed in {time}ms
49535,2026-01-13,14:17:15,INFO,WebServer,Page view: /home by u2334,E103,Page view: {page} by {user}
49536,2026-01-13,14:57:31,INFO,AuthService,Health check passed: AuthService,E102,Health check passed: {service}
49537,2026-01-13,14:07:23,ERROR,InventoryDB,Payment declined: Gateway unavailable,E503,Payment declined: Gateway unavailable
49538,2026-01-13,14:07:37,INFO,WebServer,Transaction tx156911 completed in 1811ms,E104,Transaction {tx} completed in {time}ms
49539,2026-01-13,14:38:13,INFO,AuthService,Transaction tx779314 completed in 1280ms,E104,Transaction {tx} completed in {time}ms
49540,2026-01-13,14:54:11,INFO,WebServer,Health check passed: WebServer,E102,Health check passed: {service}
49541,2026-01-13,14:50:26,INFO,AuthService,Transaction tx239518 completed in 1430ms,E104,Transaction {tx} completed in {time}ms
49542,2026-01-13,14:36:44,WARN,OrderProcessor,Unauthorized access attempt from 10.0.0.45,E401,Unauthorized access attempt from {ip}
49543,2026-01-13,14:04:58,INFO,OrderProcessor,Transaction tx778656 completed in 799ms,E104,Transaction {tx} completed in {time}ms
49544,2026-01-13,14:45:18,INFO,WebServer,User u1818 login successful,E101,User {user} login successful
49545,2026-01-13,14:29:59,INFO,AuthService,Health check passed: AuthService,E102,Health check passed: {service}
49546,2026-01-13,14:04:44,INFO,WebServer,User u4345 login successful,E101,User {user} login successful
49547,2026-01-13,14:02:47,INFO,OrderProcessor,Health check passed: OrderProcessor,E102,Health check passed: {service}
49548,2026-01-13,14:42:18,INFO,AuthService,User u4283 login successful,E101,User {user} login successful
49549,2026-01-13,14:06:02,INFO,WebServer,Page view: /home by u3462,E103,Page view: {page} by {user}
49550,2026-01-13,14:21:02,INFO,PaymentGateway,Page view: /home by u1323,E103,Page view: {page} by {user}
49551,2026-01-13,14:27:38,INFO,WebServer,Transaction tx746722 completed in 1400ms,E104,Transaction {tx} completed in {time}ms
49552,2026-01-13,14:27:52,INFO,PaymentGateway,User u3335 login successful,E101,User {user} login successful
49553,2026-01-13,14:21:00,INFO,WebServer,User u2462 login successful,E101,User {user} login successful
49554,2026-01-13,14:02:29,INFO,AuthService,Health check passed: AuthService,E102,Health check passed: {service}
49555,2026-01-13,14:53:56,INFO,OrderProcessor,Transaction tx521647 completed in 1525ms,E104,Transaction {tx} completed in {time}ms
49556,2026-01-13,14:14:39,INFO,InventoryDB,Page view: /home by u4434,E103,Page view: {page} by {user}
49557,2026-01-13,14:39:05,INFO,AuthService,Health check passed: AuthService,E102,Health check passed: {service}
49558,2026-01-13,14:21:03,INFO,AuthService,User u4533 login successful,E101,User {user} login successful
49559,2026-01-13,14:34:58,INFO,WebServer,User u3598 login successful,E101,User {user} login successful
49560,2026-01-13,14:56:52,INFO,PaymentGateway,Page view: /home by u1224,E103,Page view: {page} by {user}
49561,2026-01-13,14:49:00,INFO,AuthService,Health check passed: AuthService,E102,Health check passed: {service}
49562,2026-01-13,14:14:11,INFO,InventoryDB,User u3401 login successful,E101,User {user} login successful
49563,2026-01-13,14:53:14,INFO,AuthService,Page view: /home by u1871,E103,Page view: {page} by {user}
49564,2026-01-13,14:00:01,INFO,AuthService,User u2934 login successful,E101,User {user} login successful
49565,2026-01-13,14:12:52,INFO,WebServer,Health check passed: WebServer,E102,Health check passed: {service}
49566,2026-01-13,14:56:38,INFO,PaymentGateway,Health check passed: PaymentGateway,E102,Health check passed: {service}
49567,2026-01-13,14:25:50,INFO,OrderProcessor,Page view: /home by u3855,E103,Page view: {page} by {user}
49568,2026-01-13,14:59:53,INFO,WebServer,Transaction tx715724 completed in 1995ms,E104,Transaction {tx} completed in {time}ms
49569,2026-01-13,14:48:49,INFO,AuthService,User u2653 login successful,E101,User {user} login successful
49570,2026-01-13,14:27:32,INFO,WebServer,Page view: /home by u2871,E103,Page view: {page} by {user}
49571,2026-01-13,14:34:44,INFO,WebServer,User u1959 login successful,E101,User {user} login successful
49572,2026-01-13,14:45:02,INFO,InventoryDB,Transaction tx127239 completed in 1244ms,E104,Transaction {tx} completed in {time}ms
49573,2026-01-13,14:06:32,INFO,PaymentGateway,Transaction tx852044 completed in 1982ms,E104,Transaction {tx} completed in {time}ms
49574,2026-01-13,14:31:15,INFO,WebServer,User u3645 login successful,E101,User {user} login successful
49575,2026-01-13,14:17:17,INFO,AuthService,Page view: /home by u2666,E103,Page view: {page} by {user}
49576,2026-01-13,14:55:42,INFO,AuthService,Health check passed: AuthService,E102,Health check passed: {service}
49577,2026-01-13,14:45:56,INFO,WebServer,Page view: /home by u3449,E103,Page view: {page} by {user}
49578,2026-01-13,14:15:44,INFO,WebServer,Health check passed: WebServer,E102,Health check passed: {service}
49579,2026-01-13,14:26:36,INFO,OrderProcessor,Transaction tx829557 completed in 1630ms,E104,Transaction {tx} completed in {time}ms
49580,2026-01-13,14:06:30,INFO,WebServer,Health check passed: WebServer,E102,Health check passed: {service}
49581,2026-01-13,14:19:39,INFO,WebServer,Health check passed: WebServer,E102,Health check passed: {service}
49582,2026-01-13,14:37:09,INFO,WebServer,Health check passed: WebServer,E102,Health check passed: {service}
49583,2026-01-13,14:56:23,INFO,WebServer,User u4834 login successful,E101,User {user} login successful
49584,2026-01-13,14:06:26,INFO,WebServer,Transaction tx674216 completed in 684ms,E104,Transaction {tx} completed in {time}ms
49585,2026-01-13,14:07:43,INFO,PaymentGateway,Page view: /home by u3344,E103,Page view: {page} by {user}
49586,2026-01-13,14:06:33,WARN,WebServer,Unauthorized access attempt from 10.0.0.45,E401,Unauthorized access attempt from {ip}
49587,2026-01-13,14:05:09,INFO,OrderProcessor,Transaction tx781466 completed in 54ms,E104,Transaction {tx} completed in {time}ms
49588,2026-01-13,14:38:28,WARN,WebServer,High latency (769ms) detected on WebServer,E201,High latency ({time}ms) detected on {service}
49589,2026-01-13,14:44:21,INFO,WebServer,Health check passed: WebServer,E102,Health check passed: {service}
49590,2026-01-13,14:17:25,INFO,OrderProcessor,Health check passed: OrderProcessor,E102,Health check passed: {service}
49591,2026-01-13,14:42:29,INFO,WebServer,Health check passed: WebServer,E102,Health check passed: {service}
49592,2026-01-13,14:53:06,INFO,WebServer,Transaction tx686476 completed in 110ms,E104,Transaction {tx} completed in {time}ms
49593,2026-01-13,14:35:22,INFO,WebServer,User u1533 login successful,E101,User {user} login successful
49594,2026-01-13,14:52:53,INFO,WebServer,User u3709 login successful,E101,User {user} login successful
49595,2026-01-13,14:21:57,INFO,WebServer,Page view: /home by u2404,E103,Page view: {page} by {user}
49596,2026-01-13,14:53:29,INFO,WebServer,Health check passed: WebServer,E102,Health check passed: {service}
49597,2026-01-13,14:39:32,INFO,WebServer,User u3048 login successful,E101,User {user} login successful
49598,2026-01-13,14:58:12,INFO,WebServer,Page view: /home by u2892,E103,Page view: {page} by {user}
49599,2026-01-13,14:12:43,INFO,AuthService,Transaction tx209489 completed in 334ms,E104,Transaction {tx} completed in {time}ms
49600,2026-01-13,14:52:54,INFO,WebServer,Health check passed: WebServer,E102,Health check passed: {service}
49601,2026-01-13,14:48:29,INFO,OrderProcessor,Page view: /home by u1009,E103,Page view: {page} by {user}
49602,2026-01-13,14:14:35,INFO,OrderProcessor,Page view: /home by u2636,E103,Page view: {page} by {user}
49603,2026-01-13,14:14:11,INFO,OrderProcessor,User u3809 login successful,E101,User {user} login successful
49604,2026-01-13,14:03:21,INFO,WebServer,User u3000 login successful,E101,User {user} login successful
49605,2026-01-13,14:08:29,WARN,OrderProcessor,Unauthorized access attempt from 10.0.0.45,E401,Unauthorized access attempt from {ip}
49606,2026-01-13,14:36:32,WARN,WebServer,High latency (619ms) detected on WebServer,E201,High latency ({time}ms) detected on {service}
49607,2026-01-13,14:32:09,INFO,PaymentGateway,User u3516 login successful,E101,User {user} login successful
49608,2026-01-13,14:10:53,INFO,PaymentGateway,Transaction tx589496 completed in 1141ms,E104,Transaction {tx} completed in {time}ms
49609,2026-01-13,14:03:22,INFO,WebServer,Transaction tx299525 completed in 737ms,E104,Transaction {tx} completed in {time}ms
49610,2026-01-13,14:15:48,INFO,WebServer,User u4303 login successful,E101,User {user} login successful
49611,2026-01-13,14:51:06,INFO,WebServer,Page view: /home by u2912,E103,Page view: {page} by {user}
49612,2026-01-13,14:21:22,INFO,PaymentGateway,Health check passed: PaymentGateway,E102,Health check passed: {service}
49613,2026-01-13,14:55:58,INFO,WebServer,Page view: /home by u3125,E103,Page view: {page} by {user}
49614,2026-01-13,14:50:21,INFO,AuthService,Page view: /home by u4840,E103,Page view: {page} by {user}
49615,2026-01-13,14:17:49,INFO,AuthService,Page view: /home by u4921,E103,Page view: {page} by {user}
49616,2026-01-13,14:23:16,INFO,PaymentGateway,Page view: /home by u3329,E103,Page view: {page} by {user}
49617,2026-01-13,14:55:25,INFO,AuthService,Transaction tx778439 completed in 365ms,E104,Transaction {tx} completed in {time}ms
49618,2026-01-13,14:05:46,INFO,PaymentGateway,Page view: /home by u2076,E103,Page view: {page} by {user}
49619,2026-01-13,14:54:41,INFO,WebServer,Health check passed: WebServer,E102,Health check passed: {service}
49620,2026-01-13,14:42:08,INFO,WebServer,Transaction tx703172 completed in 138ms,E104,Transaction {tx} completed in {time}ms
49621,2026-01-13,14:14:40,INFO,PaymentGateway,Page view: /home by u1905,E103,Page view: {page} by {user}
49622,2026-01-13,14:03:18,ERROR,AuthService,Connection refused to AuthService at 10.0.0.45,E501,Connection refused to {service} at {ip}
49623,2026-01-13,14:18:37,INFO,AuthService,Page view: /home by u4755,E103,Page view: {page} by {user}
49624,2026-01-13,14:36:12,INFO,WebServer,Transaction tx898814 completed in 203ms,E104,Transaction {tx} completed in {time}ms
49625,2026-01-13,14:51:07,INFO,WebServer,Transaction tx234832 completed in 1610ms,E104,Transaction {tx} completed in {time}ms
49626,2026-01-13,14:04:53,INFO,WebServer,Page view: /home by u1144,E103,Page view: {page} by {user}
49627,2026-01-13,14:15:27,INFO,WebServer,Page view: /home by u1514,E103,Page view: {page} by {user}
49628,2026-01-13,14:04:46,INFO,AuthService,Health check passed: AuthService,E102,Health check passed: {service}
49629,2026-01-13,14:31:14,INFO,AuthService,User u2210 login successful,E101,User {user} login successful
49630,2026-01-13,14:40:58,INFO,WebServer,User u1953 login successful,E101,User {user} login successful
49631,2026-01-13,14:10:19,INFO,AuthService,Transaction tx959321 completed in 622ms,E104,Transaction {tx} completed in {time}ms
49632,2026-01-13,14:24:36,INFO,AuthService,Page view: /home by u3959,E103,Page view: {page} by {user}
49633,2026-01-13,14:51:56,INFO,AuthService,Health check passed: AuthService,E102,Health check passed: {service}
49634,2026-01-13,14:48:15,INFO,OrderProcessor,User u2174 login successful,E101,User {user} login successful
49635,2026-01-13,14:02:55,INFO,WebServer,User u1671 login successful,E101,User {user} login successful
49636,2026-01-13,14:18:23,INFO,AuthService,Page view: /home by u1583,E103,Page view: {page} by {user}
49637,2026-01-13,14:51:13,INFO,PaymentGateway,Health check passed: PaymentGateway,E102,Health check passed: {service}
49638,2026-01-13,14:53:40,INFO,PaymentGateway,User u4940 login successful,E101,User {user} login successful
49639,2026-01-13,14:53:42,INFO,WebServer,User u2511 login successful,E101,User {user} login successful
49640,2026-01-13,14:26:30,INFO,WebServer,User u1501 login successful,E101,User {user} login successful
49641,2026-01-13,14:01:04,INFO,AuthService,Health check passed: AuthService,E102,Health check passed: {service}
49642,2026-01-13,14:48:31,INFO,InventoryDB,Health check passed: InventoryDB,E102,Health check passed: {service}
49643,2026-01-13,14:54:48,INFO,OrderProcessor,Page view: /home by u1547,E103,Page view: {page} by {user}
49644,2026-01-13,14:43:31,INFO,WebServer,Health check passed: WebServer,E102,Health check passed: {service}
49645,2026-01-13,14:03:49,INFO,OrderProcessor,Health check passed: OrderProcessor,E102,Health check passed: {service}
49646,2026-01-13,14:38:05,INFO,WebServer,User u1191 login successful,E101,User {user} login successful
49647,2026-01-13,14:57:09,INFO,AuthService,User u2740 login successful,E101,User {user} login successful
49648,2026-01-13,14:59:08,INFO,WebServer,Page view: /home by u2040,E103,Page view: {page} by {user}
49649,2026-01-13,14:14:28,INFO,WebServer,User u3660 login successful,E101,User {user} login successful
49650,2026-01-13,14:47:54,INFO,AuthService,Transaction tx317283 completed in 1952ms,E104,Transaction {tx} completed in {time}ms
49651,2026-01-13,14:46:24,INFO,InventoryDB,User u2451 login successful,E101,User {user} login successful
49652,2026-01-13,14:25:24,INFO,AuthService,User u3178 login successful,E101,User {user} login successful
49653,2026-01-13,14:18:12,INFO,WebServer,Page view: /home by u4035,E103,Page view: {page} by {user}
49654,2026-01-13,14:31:22,INFO,AuthService,Health check passed: AuthService,E102,Health check passed: {service}
49655,2026-01-13,14:28:07,INFO,WebServer,User u2599 login successful,E101,User {user} login successful
49656,2026-01-13,14:01:06,INFO,AuthService,Health check passed: AuthService,E102,Health check passed: {service}
49657,2026-01-13,14:16:03,INFO,OrderProcessor,Page view: /home by u1014,E103,Page view: {page} by {user}
49658,2026-01-13,14:44:34,INFO,PaymentGateway,Page view: /home by u1527,E103,Page view: {page} by {user}
49659,2026-01-13,14:26:15,INFO,PaymentGateway,Health check passed: PaymentGateway,E102,Health check passed: {service}
49660,2026-01-13,14:43:06,INFO,AuthService,Health check passed: AuthService,E102,Health check passed: {service}
49661,2026-01-13,14:25:10,INFO,AuthService,Health check passed: AuthService,E102,Health check passed: {service}
49662,2026-01-13,14:17:18,INFO,WebServer,Health check passed: WebServer,E102,Health check passed: {service}
49663,2026-01-13,14:50:36,INFO,PaymentGateway,User u4338 login successful,E101,User {user} login successful
49664,2026-01-13,14:32:32,WARN,WebServer,Disk usage > 85% on node node-2,E202,Disk usage > 85% on node {node}
49665,2026-01-13,14:02:49,INFO,OrderProcessor,Health check passed: OrderProcessor,E102,Health check passed: {service}
49666,2026-01-13,14:30:21,INFO,WebServer,Health check passed: WebServer,E102,Health check passed: {service}
49667,2026-01-13,14:27:06,INFO,AuthService,User u3108 login successful,E101,User {user} login successful
49668,2026-01-13,14:19:50,INFO,AuthService,User u1190 login successful,E101,User {user} login successful
49669,2026-01-13,14:54:10,INFO,AuthService,Page view: /home by u2815,E103,Page view: {page} by {user}
49670,2026-01-13,14:28:05,INFO,WebServer,User u4185 login successful,E101,User {user} login successful
49671,2026-01-13,14:24:49,INFO,InventoryDB,Health check passed: InventoryDB,E102,Health check passed: {service}
49672,2026-01-13,14:44:36,INFO,WebServer,Health check passed: WebServer,E102,Health check passed: {service}
49673,2026-01-13,14:29:58,INFO,AuthService,Health check passed: AuthService,E102,Health check passed: {service}
49674,2026-01-13,14:12:32,INFO,OrderProcessor,User u2733 login successful,E101,User {user} login successful
49675,2026-01-13,14:10:08,INFO,AuthService,Transaction tx829631 completed in 1984ms,E104,Transaction {tx} completed in {time}ms
49676,2026-01-13,14:10:20,INFO,WebServer,Transaction tx914717 completed in 973ms,E104,Transaction {tx} completed in {time}ms
49677,2026-01-13,14:18:03,INFO,WebServer,User u2981 login successful,E101,User {user} login successful
49678,2026-01-13,14:09:29,WARN,WebServer,Disk usage > 85% on node node-4,E202,Disk usage > 85% on node {node}
49679,2026-01-13,14:38:22,INFO,PaymentGateway,Transaction tx911030 completed in 2000ms,E104,Transaction {tx} completed in {time}ms
49680,2026-01-13,14:05:09,WARN,AuthService,High latency (1455ms) detected on AuthService,E201,High latency ({time}ms) detected on {service}
49681,2026-01-13,14:38:22,INFO,WebServer,Transaction tx382001 completed in 1408ms,E104,Transaction {tx} completed in {time}ms
49682,2026-01-13,14:06:24,INFO,PaymentGateway,Health check passed: PaymentGateway,E102,Health check passed: {service}
49683,2026-01-13,14:03:08,INFO,OrderProcessor,Transaction tx944876 completed in 1993ms,E104,Transaction {tx} completed in {time}ms
49684,2026-01-13,14:08:11,INFO,WebServer,Health check passed: WebServer,E102,Health check passed: {service}
49685,2026-01-13,14:01:40,INFO,WebServer,Transaction tx789042 completed in 821ms,E104,Transaction {tx} completed in {time}ms
49686,2026-01-13,14:36:46,INFO,AuthService,Health check passed: AuthService,E102,Health check passed: {service}
49687,2026-01-13,14:35:02,INFO,WebServer,Health check passed: WebServer,E102,Health check passed: {service}
49688,2026-01-13,14:47:07,INFO,InventoryDB,Health check passed: InventoryDB,E102,Health check passed: {service}
49689,2026-01-13,14:07:31,INFO,WebServer,User u3250 login successful,E101,User {user} login successful
49690,2026-01-13,14:46:50,INFO,InventoryDB,Page view: /home by u3247,E103,Page view: {page} by {user}
49691,2026-01-13,14:02:34,INFO,WebServer,Health check passed: WebServer,E102,Health check passed: {service}
49692,2026-01-13,14:20:11,INFO,WebServer,Page view: /home by u4387,E103,Page view: {page} by {user}
49693,2026-01-13,14:48:58,INFO,WebServer,Health check passed: WebServer,E102,Health check passed: {service}
49694,2026-01-13,14:27:22,INFO,AuthService,Health check passed: AuthService,E102,Health check passed: {service}
49695,2026-01-13,14:25:28,INFO,AuthService,Transaction tx468096 completed in 1829ms,E104,Transaction {tx} completed in {time}ms
49696,2026-01-13,14:49:25,INFO,WebServer,Transaction tx305702 completed in 1585ms,E104,Transaction {tx} completed in {time}ms
49697,2026-01-13,14:24:42,INFO,WebServer,User u1827 login successful,E101,User {user} login successful
49698,2026-01-13,14:02:16,INFO,AuthService,User u1717 login successful,E101,User {user} login successful
49699,2026-01-13,14:01:44,INFO,WebServer,Transaction tx321781 completed in 817ms,E104,Transaction {tx} completed in {time}ms
49700,2026-01-13,14:10:08,INFO,WebServer,Page view: /home by u1184,E103,Page view: {page} by {user}
49701,2026-01-13,14:05:41,INFO,WebServer,User u2840 login successful,E101,User {user} login successful
49702,2026-01-13,14:15:40,INFO,WebServer,Transaction tx687313 completed in 1023ms,E104,Transaction {tx} completed in {time}ms
49703,2026-01-13,14:36:42,INFO,AuthService,Page view: /home by u2991,E103,Page view: {page} by {user}
49704,2026-01-13,14:51:33,INFO,WebServer,Transaction tx534783 completed in 77ms,E104,Transaction {tx} completed in {time}ms
49705,2026-01-13,14:02:30,WARN,PaymentGateway,High latency (1418ms) detected on PaymentGateway,E201,High latency ({time}ms) detected on {service}
49706,2026-01-13,14:53:34,INFO,WebServer,Health check passed: WebServer,E102,Health check passed: {service}
49707,2026-01-13,14:06:15,INFO,WebServer,Transaction tx927863 completed in 648ms,E104,Transaction {tx} completed in {time}ms
49708,2026-01-13,14:32:38,INFO,AuthService,Transaction tx956637 completed in 1233ms,E104,Transaction {tx} completed in {time}ms
49709,2026-01-13,14:11:39,INFO,WebServer,Health check passed: WebServer,E102,Health check passed: {service}
49710,2026-01-13,14:28:52,INFO,AuthService,Transaction tx842119 completed in 566ms,E104,Transaction {tx} completed in {time}ms
49711,2026-01-13,14:41:51,INFO,WebServer,Transaction tx186075 completed in 1022ms,E104,Transaction {tx} completed in {time}ms
49712,2026-01-13,14:45:17,INFO,WebServer,Transaction tx584193 completed in 1056ms,E104,Transaction {tx} completed in {time}ms
49713,2026-01-13,14:16:49,INFO,WebServer,User u2939 login successful,E101,User {user} login successful
49714,2026-01-13,14:12:01,INFO,WebServer,Page view: /home by u4148,E103,Page view: {page} by {user}
49715,2026-01-13,14:09:28,INFO,OrderProcessor,Health check passed: OrderProcessor,E102,Health check passed: {service}
49716,2026-01-13,14:11:41,WARN,OrderProcessor,Disk usage > 85% on node node-4,E202,Disk usage > 85% on node {node}
49717,2026-01-13,14:59:21,INFO,WebServer,User u4237 login successful,E101,User {user} login successful
49718,2026-01-13,14:43:58,INFO,WebServer,Page view: /home by u3264,E103,Page view: {page} by {user}
49719,2026-01-13,14:17:58,INFO,WebServer,Page view: /home by u4102,E103,Page view: {page} by {user}
49720,2026-01-13,14:33:31,INFO,PaymentGateway,Page view: /home by u3279,E103,Page view: {page} by {user}
49721,2026-01-13,14:13:54,INFO,WebServer,Health check passed: WebServer,E102,Health check passed: {service}
49722,2026-01-13,14:47:46,INFO,OrderProcessor,Page view: /home by u3188,E103,Page view: {page} by {user}
49723,2026-01-13,14:41:55,INFO,WebServer,User u2520 login successful,E101,User {user} login successful
49724,2026-01-13,14:56:54,INFO,AuthService,Page view: /home by u3940,E103,Page view: {page} by {user}
49725,2026-01-13,14:57:31,INFO,WebServer,Page view: /home by u4893,E103,Page view: {page} by {user}
49726,2026-01-13,14:02:07,INFO,OrderProcessor,User u1926 login successful,E101,User {user} login successful
49727,2026-01-13,14:47:13,INFO,PaymentGateway,User u4473 login successful,E101,User {user} login successful
49728,2026-01-13,14:20:47,INFO,OrderProcessor,Transaction tx498032 completed in 694ms,E104,Transaction {tx} completed in {time}ms
49729,2026-01-13,14:24:48,INFO,OrderProcessor,User u4560 login successful,E101,User {user} login successful
49730,2026-01-13,14:02:33,INFO,WebServer,Health check passed: WebServer,E102,Health check passed: {service}
49731,2026-01-13,14:11:43,INFO,WebServer,Page view: /home by u1210,E103,Page view: {page} by {user}
49732,2026-01-13,14:39:26,INFO,WebServer,Page view: /home by u1875,E103,Page view: {page} by {user}
49733,2026-01-13,14:29:14,INFO,WebServer,Transaction tx711253 completed in 1858ms,E104,Transaction {tx} completed in {time}ms
49734,2026-01-13,14:54:45,WARN,AuthService,Unauthorized access attempt from 10.0.0.45,E401,Unauthorized access attempt from {ip}
49735,2026-01-13,14:09:05,INFO,InventoryDB,User u3072 login successful,E101,User {user} login successful
49736,2026-01-13,14:21:20,INFO,WebServer,Transaction tx389086 completed in 346ms,E104,Transaction {tx} completed in {time}ms
49737,2026-01-13,14:35:46,INFO,AuthService,User u4118 login successful,E101,User {user} login successful
49738,2026-01-13,14:21:17,INFO,WebServer,User u2728 login successful,E101,User {user} login successful
49739,2026-01-13,14:01:43,WARN,OrderProcessor,Disk usage > 85% on node node-4,E202,Disk usage > 85% on node {node}
49740,2026-01-13,14:19:56,INFO,AuthService,Page view: /home by u4357,E103,Page view: {page} by {user}
49741,2026-01-13,14:32:39,INFO,OrderProcessor,Page view: /home by u3064,E103,Page view: {page} by {user}
49742,2026-01-13,14:11:24,INFO,OrderProcessor,Health check passed: OrderProcessor,E102,Health check passed: {service}
49743,2026-01-13,14:44:23,INFO,OrderProcessor,User u3240 login successful,E101,User {user} login successful
49744,2026-01-13,14:51:43,INFO,AuthService,User u1241 login successful,E101,User {user} login successful
49745,2026-01-13,14:22:50,INFO,OrderProcessor,Transaction tx613813 completed in 1741ms,E104,Transaction {tx} completed in {time}ms
49746,2026-01-13,14:49:52,INFO,WebServer,User u3979 login successful,E101,User {user} login successful
49747,2026-01-13,14:42:02,INFO,AuthService,Transaction tx203753 completed in 1228ms,E104,Transaction {tx} completed in {time}ms
49748,2026-01-13,14:33:02,INFO,WebServer,Health check passed: WebServer,E102,Health check passed: {service}
49749,2026-01-13,14:40:35,INFO,AuthService,User u4111 login successful,E101,User {user} login successful
49750,2026-01-13,14:26:57,INFO,WebServer,User u3858 login successful,E101,User {user} login successful
49751,2026-01-13,14:41:57,INFO,OrderProcessor,Health check passed: OrderProcessor,E102,Health check passed: {service}
49752,2026-01-13,14:09:32,INFO,AuthService,User u3449 login successful,E101,User {user} login successful
49753,2026-01-13,14:46:48,INFO,AuthService,User u2861 login successful,E101,User {user} login successful
49754,2026-01-13,14:00:33,INFO,WebServer,User u3004 login successful,E101,User {user} login successful
49755,2026-01-13,14:16:55,INFO,WebServer,Transaction tx551134 completed in 118ms,E104,Transaction {tx} completed in {time}ms
49756,2026-01-13,14:27:38,INFO,AuthService,User u4616 login successful,E101,User {user} login successful
49757,2026-01-13,14:48:36,INFO,AuthService,Health check passed: AuthService,E102,Health check passed: {service}
49758,2026-01-13,14:58:03,INFO,AuthService,Page view: /home by u3971,E103,Page view: {page} by {user}
49759,2026-01-13,14:25:44,INFO,AuthService,Transaction tx216707 completed in 800ms,E104,Transaction {tx} completed in {time}ms
49760,2026-01-13,14:39:54,INFO,WebServer,Page view: /home by u4593,E103,Page view: {page} by {user}
49761,2026-01-13,14:13:13,INFO,WebServer,User u2218 login successful,E101,User {user} login successful
49762,2026-01-13,14:08:18,INFO,PaymentGateway,Transaction tx654056 completed in 1450ms,E104,Transaction {tx} completed in {time}ms
49763,2026-01-13,14:51:10,INFO,AuthService,Health check passed: AuthService,E102,Health check passed: {service}
49764,2026-01-13,14:29:00,INFO,WebServer,Page view: /home by u4211,E103,Page view: {page} by {user}
49765,2026-01-13,14:10:51,INFO,OrderProcessor,Health check passed: OrderProcessor,E102,Health check passed: {service}
49766,2026-01-13,14:55:24,INFO,AuthService,Transaction tx891571 completed in 171ms,E104,Transaction {tx} completed in {time}ms
49767,2026-01-13,14:46:20,INFO,WebServer,Page view: /home by u1376,E103,Page view: {page} by {user}
49768,2026-01-13,14:33:02,INFO,OrderProcessor,Health check passed: OrderProcessor,E102,Health check passed: {service}
49769,2026-01-13,14:44:41,INFO,OrderProcessor,Health check passed: OrderProcessor,E102,Health check passed: {service}
49770,2026-01-13,14:36:04,INFO,WebServer,User u2910 login successful,E101,User {user} login successful
49771,2026-01-13,14:25:31,INFO,AuthService,Transaction tx311885 completed in 1725ms,E104,Transaction {tx} completed in {time}ms
49772,2026-01-13,14:42:37,INFO,WebServer,Page view: /home by u1656,E103,Page view: {page} by {user}
49773,2026-01-13,14:04:36,INFO,AuthService,User u4628 login successful,E101,User {user} login successful
49774,2026-01-13,14:29:03,INFO,WebServer,Page view: /home by u1649,E103,Page view: {page} by {user}
49775,2026-01-13,14:20:36,WARN,WebServer,High latency (819ms) detected on WebServer,E201,High latency ({time}ms) detected on {service}
49776,2026-01-13,14:41:17,INFO,AuthService,Transaction tx739046 completed in 120ms,E104,Transaction {tx} completed in {time}ms
49777,2026-01-13,14:09:54,ERROR,WebServer,Timeout waiting for lock on InventoryDB,E502,Timeout waiting for lock on {db}
49778,2026-01-13,14:05:19,INFO,WebServer,Transaction tx213627 completed in 1561ms,E104,Transaction {tx} completed in {time}ms
49779,2026-01-13,14:14:42,INFO,WebServer,Health check passed: WebServer,E102,Health check passed: {service}
49780,2026-01-13,14:54:07,INFO,WebServer,Page view: /home by u2262,E103,Page view: {page} by {user}
49781,2026-01-13,14:39:20,INFO,WebServer,Page view: /home by u2388,E103,Page view: {page} by {user}
49782,2026-01-13,14:39:51,INFO,AuthService,Page view: /home by u1095,E103,Page view: {page} by {user}
49783,2026-01-13,14:56:49,WARN,AuthService,High latency (1004ms) detected on AuthService,E201,High latency ({time}ms) detected on {service}
49784,2026-01-13,14:38:17,INFO,WebServer,Health check passed: WebServer,E102,Health check passed: {service}
49785,2026-01-13,14:44:38,INFO,AuthService,Health check passed: AuthService,E102,Health check passed: {service}
49786,2026-01-13,14:30:09,INFO,WebServer,Transaction tx556506 completed in 1551ms,E104,Transaction {tx} completed in {time}ms
49787,2026-01-13,14:41:56,INFO,AuthService,User u4124 login successful,E101,User {user} login successful
49788,2026-01-13,14:16:22,INFO,AuthService,User u2322 login successful,E101,User {user} login successful
49789,2026-01-13,14:50:12,INFO,PaymentGateway,User u4987 login successful,E101,User {user} login successful
49790,2026-01-13,14:41:45,INFO,PaymentGateway,Transaction tx743331 completed in 1813ms,E104,Transaction {tx} completed in {time}ms
49791,2026-01-13,14:47:39,INFO,WebServer,Page view: /home by u4160,E103,Page view: {page} by {user}
49792,2026-01-13,14:49:29,INFO,WebServer,Health check passed: WebServer,E102,Health check passed: {service}
49793,2026-01-13,14:43:22,INFO,WebServer,Transaction tx373498 completed in 1407ms,E104,Transaction {tx} completed in {time}ms
49794,2026-01-13,14:37:50,INFO,WebServer,Page view: /home by u1285,E103,Page view: {page} by {user}
49795,2026-01-13,14:55:47,INFO,WebServer,Page view: /home by u1624,E103,Page view: {page} by {user}
49796,2026-01-13,14:30:10,INFO,AuthService,Page view: /home by u2033,E103,Page view: {page} by {user}
49797,2026-01-13,14:32:11,INFO,PaymentGateway,Page view: /home by u1703,E103,Page view: {page} by {user}
49798,2026-01-13,14:18:34,INFO,WebServer,Page view: /home by u4310,E103,Page view: {page} by {user}
49799,2026-01-13,14:07:11,INFO,AuthService,Transaction tx345170 completed in 925ms,E104,Transaction {tx} completed in {time}ms
49800,2026-01-13,14:11:40,INFO,WebServer,Page view: /home by u4336,E103,Page view: {page} by {user}
49801,2026-01-13,14:26:38,INFO,AuthService,Health check passed: AuthService,E102,Health check passed: {service}
49802,2026-01-13,14:03:57,INFO,WebServer,Health check passed: WebServer,E102,Health check passed: {service}
49803,2026-01-13,14:09:47,INFO,WebServer,Health check passed: WebServer,E102,Health check passed: {service}
49804,2026-01-13,14:33:47,INFO,WebServer,Transaction tx312569 completed in 1083ms,E104,Transaction {tx} completed in {time}ms
49805,2026-01-13,14:17:48,INFO,AuthService,User u2358 login successful,E101,User {user} login successful
49806,2026-01-13,14:55:42,INFO,OrderProcessor,User u1488 login successful,E101,User {user} login successful
49807,2026-01-13,14:49:20,INFO,OrderProcessor,Page view: /home by u3439,E103,Page view: {page} by {user}
49808,2026-01-13,14:47:20,INFO,WebServer,Health check passed: WebServer,E102,Health check passed: {service}
49809,2026-01-13,14:02:07,INFO,WebServer,User u2883 login successful,E101,User {user} login successful
49810,2026-01-13,14:13:13,INFO,WebServer,Health check passed: WebServer,E102,Health check passed: {service}
49811,2026-01-13,14:14:12,INFO,PaymentGateway,Transaction tx174451 completed in 1190ms,E104,Transaction {tx} completed in {time}ms
49812,2026-01-13,14:10:30,INFO,WebServer,Page view: /home by u1118,E103,Page view: {page} by {user}
49813,2026-01-13,14:49:29,INFO,InventoryDB,Page view: /home by u4362,E103,Page view: {page} by {user}
49814,2026-01-13,14:52:36,INFO,WebServer,Page view: /home by u2702,E103,Page view: {page} by {user}
49815,2026-01-13,14:29:47,INFO,AuthService,User u4770 login successful,E101,User {user} login successful
49816,2026-01-13,14:06:42,INFO,WebServer,Health check passed: WebServer,E102,Health check passed: {service}
49817,2026-01-13,14:00:22,INFO,AuthService,Page view: /home by u2480,E103,Page view: {page} by {user}
49818,2026-01-13,14:15:47,INFO,AuthService,Page view: /home by u2594,E103,Page view: {page} by {user}
49819,2026-01-13,14:56:48,INFO,AuthService,User u4542 login successful,E101,User {user} login successful
49820,2026-01-13,14:52:13,INFO,WebServer,Page view: /home by u2943,E103,Page view: {page} by {user}
49821,2026-01-13,14:47:52,INFO,WebServer,Page view: /home by u4161,E103,Page view: {page} by {user}
49822,2026-01-13,14:49:49,INFO,AuthService,User u3532 login successful,E101,User {user} login successful
49823,2026-01-13,14:39:52,INFO,WebServer,Health check passed: WebServer,E102,Health check passed: {service}
49824,2026-01-13,14:17:56,INFO,WebServer,User u2258 login successful,E101,User {user} login successful
49825,2026-01-13,14:41:03,INFO,AuthService,Transaction tx488765 completed in 1892ms,E104,Transaction {tx} completed in {time}ms
49826,2026-01-13,14:02:08,INFO,WebServer,User u2657 login successful,E101,User {user} login successful
49827,2026-01-13,14:18:39,INFO,WebServer,Health check passed: WebServer,E102,Health check passed: {service}
49828,2026-01-13,14:31:17,WARN,PaymentGateway,Disk usage > 85% on node node-5,E202,Disk usage > 85% on node {node}
49829,2026-01-13,14:54:10,ERROR,AuthService,Timeout waiting for lock on InventoryDB,E502,Timeout waiting for lock on {db}
49830,2026-01-13,14:30:17,INFO,WebServer,Transaction tx970837 completed in 1054ms,E104,Transaction {tx} completed in {time}ms
49831,2026-01-13,14:48:13,INFO,OrderProcessor,Page view: /home by u2936,E103,Page view: {page} by {user}
49832,2026-01-13,14:54:07,INFO,WebServer,Transaction tx798141 completed in 930ms,E104,Transaction {tx} completed in {time}ms
49833,2026-01-13,14:57:39,INFO,AuthService,Transaction tx803104 completed in 232ms,E104,Transaction {tx} completed in {time}ms
49834,2026-01-13,14:02:40,INFO,OrderProcessor,Transaction tx415699 completed in 1375ms,E104,Transaction {tx} completed in {time}ms
49835,2026-01-13,14:27:11,INFO,WebServer,Transaction tx923599 completed in 1936ms,E104,Transaction {tx} completed in {time}ms
49836,2026-01-13,14:35:06,INFO,WebServer,Health check passed: WebServer,E102,Health check passed: {service}
49837,2026-01-13,14:27:51,INFO,OrderProcessor,User u3801 login successful,E101,User {user} login successful
49838,2026-01-13,14:56:23,INFO,OrderProcessor,User u1616 login successful,E101,User {user} login successful
49839,2026-01-13,14:28:31,INFO,WebServer,User u1537 login successful,E101,User {user} login successful
49840,2026-01-13,14:20:59,INFO,AuthService,Page view: /home by u1421,E103,Page view: {page} by {user}
49841,2026-01-13,14:01:08,INFO,WebServer,Health check passed: WebServer,E102,Health check passed: {service}
49842,2026-01-13,14:37:50,INFO,WebServer,Transaction tx581292 completed in 780ms,E104,Transaction {tx} completed in {time}ms
49843,2026-01-13,14:32:34,INFO,OrderProcessor,Health check passed: OrderProcessor,E102,Health check passed: {service}
49844,2026-01-13,14:51:43,INFO,PaymentGateway,Transaction tx897698 completed in 371ms,E104,Transaction {tx} completed in {time}ms
49845,2026-01-13,14:27:36,INFO,PaymentGateway,Transaction tx509340 completed in 621ms,E104,Transaction {tx} completed in {time}ms
49846,2026-01-13,14:13:47,INFO,InventoryDB,Health check passed: InventoryDB,E102,Health check passed: {service}
49847,2026-01-13,14:45:38,INFO,WebServer,Transaction tx881972 completed in 1325ms,E104,Transaction {tx} completed in {time}ms
49848,2026-01-13,14:58:20,INFO,WebServer,User u1212 login successful,E101,User {user} login successful
49849,2026-01-13,14:56:46,INFO,AuthService,Transaction tx349389 completed in 123ms,E104,Transaction {tx} completed in {time}ms
49850,2026-01-13,14:29:14,INFO,WebServer,Page view: /home by u4567,E103,Page view: {page} by {user}
49851,2026-01-13,14:26:04,INFO,WebServer,Transaction tx421974 completed in 1822ms,E104,Transaction {tx} completed in {time}ms
49852,2026-01-13,14:06:48,INFO,AuthService,User u2509 login successful,E101,User {user} login successful
49853,2026-01-13,14:17:57,INFO,WebServer,User u2526 login successful,E101,User {user} login successful
49854,2026-01-13,14:03:10,INFO,WebServer,Health check passed: WebServer,E102,Health check passed: {service}
49855,2026-01-13,14:01:37,WARN,WebServer,Unauthorized access attempt from 10.0.0.45,E401,Unauthorized access attempt from {ip}
49856,2026-01-13,14:56:48,INFO,WebServer,Transaction tx427533 completed in 1156ms,E104,Transaction {tx} completed in {time}ms
49857,2026-01-13,14:45:38,INFO,WebServer,Page view: /home by u4235,E103,Page view: {page} by {user}
49858,2026-01-13,14:08:14,INFO,WebServer,User u1181 login successful,E101,User {user} login successful
49859,2026-01-13,14:53:18,WARN,WebServer,Unauthorized access attempt from 10.0.0.12,E401,Unauthorized access attempt from {ip}
49860,2026-01-13,14:55:54,INFO,WebServer,Page view: /home by u4808,E103,Page view: {page} by {user}
49861,2026-01-13,14:23:45,INFO,WebServer,Transaction tx389981 completed in 907ms,E104,Transaction {tx} completed in {time}ms
49862,2026-01-13,14:55:00,INFO,OrderProcessor,Health check passed: OrderProcessor,E102,Health check passed: {service}
49863,2026-01-13,14:04:43,INFO,PaymentGateway,Page view: /home by u3518,E103,Page view: {page} by {user}
49864,2026-01-13,14:21:59,WARN,InventoryDB,Unauthorized access attempt from 10.0.0.45,E401,Unauthorized access attempt from {ip}
49865,2026-01-13,14:01:23,WARN,WebServer,High latency (132ms) detected on WebServer,E201,High latency ({time}ms) detected on {service}
49866,2026-01-13,14:56:45,INFO,WebServer,Transaction tx861518 completed in 262ms,E104,Transaction {tx} completed in {time}ms
49867,2026-01-13,14:30:14,INFO,WebServer,Page view: /home by u4595,E103,Page view: {page} by {user}
49868,2026-01-13,14:43:55,INFO,WebServer,Page view: /home by u2744,E103,Page view: {page} by {user}
49869,2026-01-13,14:07:03,INFO,WebServer,Health check passed: WebServer,E102,Health check passed: {service}
49870,2026-01-13,14:43:55,INFO,WebServer,Health check passed: WebServer,E102,Health check passed: {service}
49871,2026-01-13,14:45:08,INFO,OrderProcessor,Health check passed: OrderProcessor,E102,Health check passed: {service}
49872,2026-01-13,14:12:58,INFO,AuthService,Health check passed: AuthService,E102,Health check passed: {service}
49873,2026-01-13,14:28:09,INFO,WebServer,Health check passed: WebServer,E102,Health check passed: {service}
49874,2026-01-13,14:57:58,INFO,AuthService,Health check passed: AuthService,E102,Health check passed: {service}
49875,2026-01-13,14:42:19,INFO,WebServer,Transaction tx579321 completed in 449ms,E104,Transaction {tx} completed in {time}ms
49876,2026-01-13,14:11:13,INFO,WebServer,Health check passed: WebServer,E102,Health check passed: {service}
49877,2026-01-13,14:18:00,INFO,OrderProcessor,User u4221 login successful,E101,User {user} login successful
49878,2026-01-13,14:02:42,INFO,InventoryDB,Page view: /home by u4504,E103,Page view: {page} by {user}
49879,2026-01-13,14:31:46,INFO,OrderProcessor,Health check passed: OrderProcessor,E102,Health check passed: {service}
49880,2026-01-13,14:37:22,INFO,WebServer,Health check passed: WebServer,E102,Health check passed: {service}
49881,2026-01-13,14:41:46,INFO,OrderProcessor,Transaction tx720699 completed in 1499ms,E104,Transaction {tx} completed in {time}ms
49882,2026-01-13,14:41:26,WARN,PaymentGateway,Unauthorized access attempt from 10.0.0.12,E401,Unauthorized access attempt from {ip}
49883,2026-01-13,14:14:15,INFO,AuthService,Page view: /home by u3499,E103,Page view: {page} by {user}
49884,2026-01-13,14:29:51,INFO,PaymentGateway,Page view: /home by u2478,E103,Page view: {page} by {user}
49885,2026-01-13,14:38:58,INFO,PaymentGateway,Transaction tx695490 completed in 1474ms,E104,Transaction {tx} completed in {time}ms
49886,2026-01-13,14:06:31,INFO,WebServer,Transaction tx258484 completed in 1455ms,E104,Transaction {tx} completed in {time}ms
49887,2026-01-13,14:45:11,INFO,PaymentGateway,Page view: /home by u3432,E103,Page view: {page} by {user}
49888,2026-01-13,14:46:20,INFO,AuthService,Transaction tx758537 completed in 673ms,E104,Transaction {tx} completed in {time}ms
49889,2026-01-13,14:56:47,INFO,WebServer,User u2809 login successful,E101,User {user} login successful
49890,2026-01-13,14:13:43,INFO,WebServer,Transaction tx676585 completed in 1739ms,E104,Transaction {tx} completed in {time}ms
49891,2026-01-13,14:39:42,INFO,WebServer,Transaction tx327443 completed in 1823ms,E104,Transaction {tx} completed in {time}ms
49892,2026-01-13,14:24:00,INFO,OrderProcessor,Health check passed: OrderProcessor,E102,Health check passed: {service}
49893,2026-01-13,14:34:25,INFO,WebServer,Page view: /home by u1322,E103,Page view: {page} by {user}
49894,2026-01-13,14:43:14,INFO,WebServer,Health check passed: WebServer,E102,Health check passed: {service}
49895,2026-01-13,14:12:19,INFO,WebServer,Transaction tx450926 completed in 1924ms,E104,Transaction {tx} completed in {time}ms
49896,2026-01-13,14:01:43,INFO,WebServer,Health check passed: WebServer,E102,Health check passed: {service}
49897,2026-01-13,14:45:12,INFO,PaymentGateway,Page view: /home by u1879,E103,Page view: {page} by {user}
49898,2026-01-13,14:57:00,INFO,AuthService,User u4499 login successful,E101,User {user} login successful
49899,2026-01-13,14:03:00,WARN,AuthService,High latency (1183ms) detected on AuthService,E201,High latency ({time}ms) detected on {service}
49900,2026-01-13,14:14:45,INFO,WebServer,Health check passed: WebServer,E102,Health check passed: {service}
49901,2026-01-13,14:47:58,INFO,WebServer,User u2780 login successful,E101,User {user} login successful
49902,2026-01-13,14:47:06,INFO,OrderProcessor,Health check passed: OrderProcessor,E102,Health check passed: {service}
49903,2026-01-13,14:36:42,INFO,WebServer,Health check passed: WebServer,E102,Health check passed: {service}
49904,2026-01-13,14:37:10,INFO,WebServer,Transaction tx295947 completed in 1503ms,E104,Transaction {tx} completed in {time}ms
49905,2026-01-13,14:49:53,INFO,InventoryDB,Page view: /home by u2252,E103,Page view: {page} by {user}
49906,2026-01-13,14:35:48,INFO,WebServer,Page view: /home by u4241,E103,Page view: {page} by {user}
49907,2026-01-13,14:21:00,INFO,PaymentGateway,User u4981 login successful,E101,User {user} login successful
49908,2026-01-13,14:55:33,INFO,WebServer,User u4108 login successful,E101,User {user} login successful
49909,2026-01-13,14:17:28,INFO,PaymentGateway,Page view: /home by u2616,E103,Page view: {page} by {user}
49910,2026-01-13,14:57:53,INFO,WebServer,Page view: /home by u2597,E103,Page view: {page} by {user}
49911,2026-01-13,14:48:18,INFO,WebServer,Page view: /home by u1302,E103,Page view: {page} by {user}
49912,2026-01-13,14:36:52,INFO,OrderProcessor,User u1729 login successful,E101,User {user} login successful
49913,2026-01-13,14:42:52,INFO,OrderProcessor,Health check passed: OrderProcessor,E102,Health check passed: {service}
49914,2026-01-13,14:17:19,INFO,WebServer,Transaction tx331223 completed in 1789ms,E104,Transaction {tx} completed in {time}ms
49915,2026-01-13,14:54:47,WARN,PaymentGateway,Disk usage > 85% on node node-5,E202,Disk usage > 85% on node {node}
49916,2026-01-13,14:58:46,WARN,WebServer,Unauthorized access attempt from 10.0.0.88,E401,Unauthorized access attempt from {ip}
49917,2026-01-13,14:04:31,INFO,AuthService,Transaction tx791550 completed in 995ms,E104,Transaction {tx} completed in {time}ms
49918,2026-01-13,14:39:13,INFO,PaymentGateway,User u4910 login successful,E101,User {user} login successful
49919,2026-01-13,14:54:20,INFO,PaymentGateway,Page view: /home by u2809,E103,Page view: {page} by {user}
49920,2026-01-13,14:37:06,INFO,WebServer,User u1994 login successful,E101,User {user} login successful
49921,2026-01-13,14:28:35,INFO,AuthService,Transaction tx518814 completed in 1141ms,E104,Transaction {tx} completed in {time}ms
49922,2026-01-13,14:52:35,INFO,AuthService,User u2600 login successful,E101,User {user} login successful
49923,2026-01-13,14:02:17,INFO,WebServer,Page view: /home by u4849,E103,Page view: {page} by {user}
49924,2026-01-13,14:01:28,INFO,AuthService,Transaction tx818783 completed in 1298ms,E104,Transaction {tx} completed in {time}ms
49925,2026-01-13,14:12:34,INFO,PaymentGateway,Health check passed: PaymentGateway,E102,Health check passed: {service}
49926,2026-01-13,14:09:59,INFO,WebServer,User u1237 login successful,E101,User {user} login successful
49927,2026-01-13,14:25:18,INFO,WebServer,Health check passed: WebServer,E102,Health check passed: {service}
49928,2026-01-13,14:52:43,INFO,AuthService,Page view: /home by u4844,E103,Page view: {page} by {user}
49929,2026-01-13,14:09:33,INFO,InventoryDB,Transaction tx362907 completed in 161ms,E104,Transaction {tx} completed in {time}ms
49930,2026-01-13,14:13:28,INFO,OrderProcessor,Health check passed: OrderProcessor,E102,Health check passed: {service}
49931,2026-01-13,14:52:14,INFO,InventoryDB,Page view: /home by u4653,E103,Page view: {page} by {user}
49932,2026-01-13,14:05:40,INFO,WebServer,Transaction tx986293 completed in 360ms,E104,Transaction {tx} completed in {time}ms
49933,2026-01-13,14:24:35,INFO,WebServer,Page view: /home by u4298,E103,Page view: {page} by {user}
49934,2026-01-13,14:37:18,INFO,WebServer,Page view: /home by u4303,E103,Page view: {page} by {user}
49935,2026-01-13,14:54:49,INFO,AuthService,Page view: /home by u3135,E103,Page view: {page} by {user}
49936,2026-01-13,14:48:27,INFO,WebServer,User u3907 login successful,E101,User {user} login successful
49937,2026-01-13,14:06:34,INFO,WebServer,Transaction tx942699 completed in 1985ms,E104,Transaction {tx} completed in {time}ms
49938,2026-01-13,14:40:05,INFO,WebServer,Page view: /home by u4239,E103,Page view: {page} by {user}
49939,2026-01-13,14:14:12,INFO,WebServer,Health check passed: WebServer,E102,Health check passed: {service}
49940,2026-01-13,14:15:15,INFO,AuthService,User u3372 login successful,E101,User {user} login successful
49941,2026-01-13,14:46:59,INFO,WebServer,Health check passed: WebServer,E102,Health check passed: {service}
49942,2026-01-13,14:56:16,INFO,WebServer,User u4922 login successful,E101,User {user} login successful
49943,2026-01-13,14:12:41,INFO,OrderProcessor,Health check passed: OrderProcessor,E102,Health check passed: {service}
49944,2026-01-13,14:19:39,INFO,OrderProcessor,Transaction tx218248 completed in 1574ms,E104,Transaction {tx} completed in {time}ms
49945,2026-01-13,14:10:34,INFO,WebServer,Page view: /home by u4236,E103,Page view: {page} by {user}
49946,2026-01-13,14:59:05,INFO,WebServer,Health check passed: WebServer,E102,Health check passed: {service}
49947,2026-01-13,14:29:13,INFO,WebServer,User u3980 login successful,E101,User {user} login successful
49948,2026-01-13,14:44:12,INFO,WebServer,Page view: /home by u2609,E103,Page view: {page} by {user}
49949,2026-01-13,14:48:18,INFO,AuthService,User u3454 login successful,E101,User {user} login successful
49950,2026-01-13,14:38:12,WARN,OrderProcessor,High latency (206ms) detected on OrderProcessor,E201,High latency ({time}ms) detected on {service}
49951,2026-01-13,14:54:41,WARN,AuthService,High latency (1028ms) detected on AuthService,E201,High latency ({time}ms) detected on {service}
49952,2026-01-13,14:33:19,INFO,WebServer,User u4328 login successful,E101,User {user} login successful
49953,2026-01-13,14:33:21,INFO,PaymentGateway,Page view: /home by u4477,E103,Page view: {page} by {user}
49954,2026-01-13,14:23:00,WARN,WebServer,Disk usage > 85% on node node-5,E202,Disk usage > 85% on node {node}
49955,2026-01-13,14:54:54,WARN,WebServer,Unauthorized access attempt from 192.168.1.5,E401,Unauthorized access attempt from {ip}
49956,2026-01-13,14:32:12,INFO,WebServer,Transaction tx641051 completed in 406ms,E104,Transaction {tx} completed in {time}ms
49957,2026-01-13,14:08:56,INFO,InventoryDB,User u2484 login successful,E101,User {user} login successful
49958,2026-01-13,14:30:33,INFO,WebServer,User u2192 login successful,E101,User {user} login successful
49959,2026-01-13,14:00:09,INFO,AuthService,Health check passed: AuthService,E102,Health check passed: {service}
49960,2026-01-13,14:36:01,INFO,OrderProcessor,Page view: /home by u4069,E103,Page view: {page} by {user}
49961,2026-01-13,14:47:17,INFO,AuthService,Health check passed: AuthService,E102,Health check passed: {service}
49962,2026-01-13,14:56:00,INFO,OrderProcessor,Transaction tx949150 completed in 1862ms,E104,Transaction {tx} completed in {time}ms
49963,2026-01-13,14:12:36,INFO,WebServer,Page view: /home by u1140,E103,Page view: {page} by {user}
49964,2026-01-13,14:51:05,WARN,PaymentGateway,Unauthorized access attempt from 10.0.0.45,E401,Unauthorized access attempt from {ip}
49965,2026-01-13,14:06:00,INFO,OrderProcessor,Transaction tx382751 completed in 1080ms,E104,Transaction {tx} completed in {time}ms
49966,2026-01-13,14:27:24,INFO,WebServer,Health check passed: WebServer,E102,Health check passed: {service}
49967,2026-01-13,14:16:20,INFO,WebServer,Transaction tx122036 completed in 1356ms,E104,Transaction {tx} completed in {time}ms
49968,2026-01-13,14:33:08,INFO,AuthService,Page view: /home by u4197,E103,Page view: {page} by {user}
49969,2026-01-13,14:43:33,INFO,AuthService,User u2963 login successful,E101,User {user} login successful
49970,2026-01-13,14:25:45,INFO,OrderProcessor,Page view: /home by u3920,E103,Page view: {page} by {user}
49971,2026-01-13,14:09:25,INFO,WebServer,Health check passed: WebServer,E102,Health check passed: {service}
49972,2026-01-13,14:15:27,INFO,WebServer,User u4749 login successful,E101,User {user} login successful
49973,2026-01-13,14:44:06,INFO,WebServer,User u4063 login successful,E101,User {user} login successful
49974,2026-01-13,14:35:08,INFO,WebServer,User u2202 login successful,E101,User {user} login successful
49975,2026-01-13,14:48:58,INFO,WebServer,Health check passed: WebServer,E102,Health check passed: {service}
49976,2026-01-13,14:01:03,INFO,WebServer,Health check passed: WebServer,E102,Health check passed: {service}
49977,2026-01-13,14:50:44,INFO,WebServer,Transaction tx826473 completed in 310ms,E104,Transaction {tx} completed in {time}ms
49978,2026-01-13,14:26:28,INFO,WebServer,User u2721 login successful,E101,User {user} login successful
49979,2026-01-13,14:37:14,INFO,AuthService,User u1157 login successful,E101,User {user} login successful
49980,2026-01-13,14:17:03,INFO,PaymentGateway,Transaction tx619883 completed in 650ms,E104,Transaction {tx} completed in {time}ms
49981,2026-01-13,14:53:17,INFO,OrderProcessor,User u3825 login successful,E101,User {user} login successful
49982,2026-01-13,14:16:36,INFO,OrderProcessor,Page view: /home by u4531,E103,Page view: {page} by {user}
49983,2026-01-13,14:10:26,INFO,AuthService,Health check passed: AuthService,E102,Health check passed: {service}
49984,2026-01-13,14:48:33,INFO,OrderProcessor,Health check passed: OrderProcessor,E102,Health check passed: {service}
49985,2026-01-13,14:14:15,INFO,OrderProcessor,Transaction tx896141 completed in 205ms,E104,Transaction {tx} completed in {time}ms
49986,2026-01-13,14:26:06,INFO,OrderProcessor,Transaction tx396291 completed in 1337ms,E104,Transaction {tx} completed in {time}ms
49987,2026-01-13,14:14:47,INFO,AuthService,Transaction tx314901 completed in 1238ms,E104,Transaction {tx} completed in {time}ms
49988,2026-01-13,14:45:16,INFO,OrderProcessor,User u1984 login successful,E101,User {user} login successful
49989,2026-01-13,14:27:16,ERROR,AuthService,Payment declined: Gateway unavailable,E503,Payment declined: Gateway unavailable
49990,2026-01-13,14:24:01,INFO,WebServer,Health check passed: WebServer,E102,Health check passed: {service}
49991,2026-01-13,14:06:32,INFO,InventoryDB,Page view: /home by u4723,E103,Page view: {page} by {user}
49992,2026-01-13,14:48:27,INFO,AuthService,User u4672 login successful,E101,User {user} login successful
49993,2026-01-13,14:36:11,INFO,OrderProcessor,Transaction tx256088 completed in 1365ms,E104,Transaction {tx} completed in {time}ms
49994,2026-01-13,14:34:44,INFO,WebServer,Health check passed: WebServer,E102,Health check passed: {service}
49995,2026-01-13,14:44:44,INFO,OrderProcessor,User u4019 login successful,E101,User {user} login successful
49996,2026-01-13,14:25:31,INFO,PaymentGateway,User u4124 login successful,E101,User {user} login successful
49997,2026-01-13,14:33:14,CRITICAL,AuthService,KERNEL PANIC: Node node-2 crashed,E601,KERNEL PANIC: Node {node} crashed
49998,2026-01-13,14:59:57,INFO,WebServer,User u3992 login successful,E101,User {user} login successful
49999,2026-01-13,14:41:45,INFO,PaymentGateway,Transaction tx827272 completed in 134ms,E104,Transaction {tx} completed in {time}ms
50000,2026-01-13,14:27:34,INFO,WebServer,Page view: /home by u1306,E103,Page view: {page} by {user}
50001,2026-01-13,14:58:48,INFO,InventoryDB,Health check passed: InventoryDB,E102,Health check passed: {service}
50002,2026-01-13,14:39:45,INFO,AuthService,Health check passed: AuthService,E102,Health check passed: {service}
50003,2026-01-13,14:11:08,INFO,OrderProcessor,Page view: /home by u1039,E103,Page view: {page} by {user}
50004,2026-01-13,14:23:13,INFO,OrderProcessor,Health check passed: OrderProcessor,E102,Health check passed: {service}
50005,2026-01-13,14:24:15,INFO,OrderProcessor,Health check passed: OrderProcessor,E102,Health check passed: {service}
50006,2026-01-13,14:51:42,INFO,WebServer,Page view: /home by u3354,E103,Page view: {page} by {user}
50007,2026-01-13,14:30:48,WARN,AuthService,Unauthorized access attempt from 10.0.0.45,E401,Unauthorized access attempt from {ip}
50008,2026-01-13,14:03:13,INFO,OrderProcessor,Page view: /home by u3493,E103,Page view: {page} by {user}
50009,2026-01-13,14:12:36,INFO,InventoryDB,Health check passed: InventoryDB,E102,Health check passed: {service}
50010,2026-01-13,14:10:46,WARN,PaymentGateway,High latency (1029ms) detected on PaymentGateway,E201,High latency ({time}ms) detected on {service}
50011,2026-01-13,14:27:38,INFO,WebServer,Transaction tx273382 completed in 169ms,E104,Transaction {tx} completed in {time}ms
50012,2026-01-13,14:54:01,INFO,AuthService,Page view: /home by u4926,E103,Page view: {page} by {user}
50013,2026-01-13,14:13:59,INFO,PaymentGateway,User u2880 login successful,E101,User {user} login successful
50014,2026-01-13,14:27:30,INFO,PaymentGateway,Transaction tx171516 completed in 1871ms,E104,Transaction {tx} completed in {time}ms
50015,2026-01-13,14:53:22,INFO,WebServer,Transaction tx231759 completed in 967ms,E104,Transaction {tx} completed in {time}ms
50016,2026-01-13,14:11:52,INFO,WebServer,Transaction tx835322 completed in 952ms,E104,Transaction {tx} completed in {time}ms
50017,2026-01-13,14:55:55,INFO,OrderProcessor,Transaction tx608997 completed in 196ms,E104,Transaction {tx} completed in {time}ms
50018,2026-01-13,14:44:32,WARN,WebServer,High latency (314ms) detected on WebServer,E201,High latency ({time}ms) detected on {service}
50019,2026-01-13,14:35:39,INFO,WebServer,Page view: /home by u4603,E103,Page view: {page} by {user}
50020,2026-01-13,14:08:00,INFO,WebServer,Health check passed: WebServer,E102,Health check passed: {service}
50021,2026-01-13,14:19:07,INFO,WebServer,Page view: /home by u2123,E103,Page view: {page} by {user}
50022,2026-01-13,14:55:04,INFO,AuthService,Page view: /home by u4448,E103,Page view: {page} by {user}
50023,2026-01-13,14:12:16,INFO,PaymentGateway,User u4636 login successful,E101,User {user} login successful
50024,2026-01-13,14:40:37,CRITICAL,WebServer,DATA CORRUPTION detected in sector 319,E602,DATA CORRUPTION detected in sector {sector}
50025,2026-01-13,14:01:09,INFO,WebServer,Health check passed: WebServer,E102,Health check passed: {service}
50026,2026-01-13,14:53:44,INFO,WebServer,User u4823 login successful,E101,User {user} login successful
50027,2026-01-13,14:33:25,INFO,InventoryDB,Page view: /home by u1446,E103,Page view: {page} by {user}
50028,2026-01-13,14:03:04,INFO,AuthService,Page view: /home by u4502,E103,Page view: {page} by {user}
50029,2026-01-13,14:12:06,INFO,PaymentGateway,Health check passed: PaymentGateway,E102,Health check passed: {service}
50030,2026-01-13,14:20:03,INFO,WebServer,Page view: /home by u1525,E103,Page view: {page} by {user}
50031,2026-01-13,14:13:22,INFO,AuthService,User u3402 login successful,E101,User {user} login successful
50032,2026-01-13,14:53:08,INFO,OrderProcessor,Page view: /home by u4915,E103,Page view: {page} by {user}
50033,2026-01-13,14:29:13,INFO,AuthService,Transaction tx861314 completed in 1985ms,E104,Transaction {tx} completed in {time}ms
50034,2026-01-13,14:58:25,INFO,AuthService,User u2753 login successful,E101,User {user} login successful
50035,2026-01-13,14:46:56,INFO,PaymentGateway,Transaction tx288595 completed in 323ms,E104,Transaction {tx} completed in {time}ms
50036,2026-01-13,14:44:43,INFO,WebServer,Page view: /home by u4866,E103,Page view: {page} by {user}
50037,2026-01-13,14:00:10,INFO,WebServer,Health check passed: WebServer,E102,Health check passed: {service}
50038,2026-01-13,14:09:29,INFO,WebServer,Transaction tx396652 completed in 457ms,E104,Transaction {tx} completed in {time}ms
50039,2026-01-13,14:46:17,INFO,WebServer,User u3994 login successful,E101,User {user} login successful
50040,2026-01-13,14:06:08,INFO,WebServer,User u2844 login successful,E101,User {user} login successful
50041,2026-01-13,14:12:58,INFO,WebServer,Page view: /home by u3807,E103,Page view: {page} by {user}
50042,2026-01-13,14:41:06,INFO,WebServer,User u4254 login successful,E101,User {user} login successful
50043,2026-01-13,14:00:36,INFO,AuthService,Page view: /home by u2350,E103,Page view: {page} by {user}
50044,2026-01-13,14:03:09,INFO,AuthService,User u2660 login successful,E101,User {user} login successful
50045,2026-01-13,14:02:58,INFO,WebServer,User u4902 login successful,E101,User {user} login successful
50046,2026-01-13,14:37:31,INFO,PaymentGateway,Page view: /home by u2461,E103,Page view: {page} by {user}
50047,2026-01-13,14:43:18,INFO,WebServer,User u2238 login successful,E101,User {user} login successful
50048,2026-01-13,14:05:54,INFO,WebServer,User u2104 login successful,E101,User {user} login successful
50049,2026-01-13,14:17:58,INFO,WebServer,Page view: /home by u4722,E103,Page view: {page} by {user}
50050,2026-01-13,14:53:15,INFO,WebServer,Page view: /home by u1686,E103,Page view: {page} by {user}
50051,2026-01-13,14:14:36,INFO,WebServer,Health check passed: WebServer,E102,Health check passed: {service}
50052,2026-01-13,14:01:03,INFO,WebServer,Page view: /home by u1618,E103,Page view: {page} by {user}
50053,2026-01-13,14:22:09,INFO,OrderProcessor,Health check passed: OrderProcessor,E102,Health check passed: {service}
50054,2026-01-13,14:52:47,INFO,WebServer,Transaction tx656240 completed in 1630ms,E104,Transaction {tx} completed in {time}ms
50055,2026-01-13,14:48:57,INFO,WebServer,User u1908 login successful,E101,User {user} login successful
50056,2026-01-13,14:55:59,INFO,WebServer,Health check passed: WebServer,E102,Health check passed: {service}
50057,2026-01-13,14:10:44,INFO,PaymentGateway,Page view: /home by u4018,E103,Page view: {page} by {user}
50058,2026-01-13,14:54:37,INFO,WebServer,Health check passed: WebServer,E102,Health check passed: {service}
50059,2026-01-13,14:14:49,INFO,AuthService,Transaction tx800819 completed in 1650ms,E104,Transaction {tx} completed in {time}ms
50060,2026-01-13,14:24:13,INFO,PaymentGateway,Page view: /home by u1488,E103,Page view: {page} by {user}
50061,2026-01-13,14:53:27,INFO,WebServer,Page view: /home by u1424,E103,Page view: {page} by {user}
50062,2026-01-13,14:50:55,INFO,InventoryDB,Page view: /home by u3192,E103,Page view: {page} by {user}
50063,2026-01-13,14:38:13,INFO,WebServer,Health check passed: WebServer,E102,Health check passed: {service}
50064,2026-01-13,14:12:55,INFO,WebServer,User u3609 login successful,E101,User {user} login successful
50065,2026-01-13,14:01:11,INFO,WebServer,Transaction tx937574 completed in 1063ms,E104,Transaction {tx} completed in {time}ms
50066,2026-01-13,14:15:46,INFO,OrderProcessor,Transaction tx655218 completed in 483ms,E104,Transaction {tx} completed in {time}ms
50067,2026-01-13,14:03:39,INFO,AuthService,Transaction tx552750 completed in 753ms,E104,Transaction {tx} completed in {time}ms
50068,2026-01-13,14:56:46,INFO,AuthService,Health check passed: AuthService,E102,Health check passed: {service}
50069,2026-01-13,14:06:15,INFO,PaymentGateway,Page view: /home by u4438,E103,Page view: {page} by {user}
50070,2026-01-13,14:06:15,INFO,WebServer,Transaction tx231074 completed in 938ms,E104,Transaction {tx} completed in {time}ms
50071,2026-01-13,14:11:00,INFO,WebServer,User u3346 login successful,E101,User {user} login successful
50072,2026-01-13,14:11:57,ERROR,WebServer,Connection refused to WebServer at 10.0.0.45,E501,Connection refused to {service} at {ip}
50073,2026-01-13,14:24:29,INFO,InventoryDB,Transaction tx273311 completed in 616ms,E104,Transaction {tx} completed in {time}ms
50074,2026-01-13,14:56:14,INFO,OrderProcessor,User u4905 login successful,E101,User {user} login successful
50075,2026-01-13,14:21:00,INFO,WebServer,User u2853 login successful,E101,User {user} login successful
50076,2026-01-13,14:47:39,INFO,WebServer,Transaction tx617481 completed in 631ms,E104,Transaction {tx} completed in {time}ms
50077,2026-01-13,14:07:43,INFO,AuthService,Health check passed: AuthService,E102,Health check passed: {service}
50078,2026-01-13,14:53:25,INFO,WebServer,Transaction tx119006 completed in 658ms,E104,Transaction {tx} completed in {time}ms
50079,2026-01-13,14:01:07,INFO,WebServer,Health check passed: WebServer,E102,Health check passed: {service}
50080,2026-01-13,14:16:06,INFO,InventoryDB,User u2992 login successful,E101,User {user} login successful
50081,2026-01-13,14:46:22,INFO,WebServer,Page view: /home by u3173,E103,Page view: {page} by {user}
50082,2026-01-13,14:32:47,INFO,WebServer,Page view: /home by u1809,E103,Page view: {page} by {user}
50083,2026-01-13,14:24:45,INFO,OrderProcessor,User u4035 login successful,E101,User {user} login successful
50084,2026-01-13,14:13:22,INFO,WebServer,Transaction tx789877 completed in 978ms,E104,Transaction {tx} completed in {time}ms
50085,2026-01-13,14:34:42,INFO,WebServer,User u1116 login successful,E101,User {user} login successful
50086,2026-01-13,14:02:27,INFO,PaymentGateway,User u3668 login successful,E101,User {user} login successful
50087,2026-01-13,14:33:22,INFO,AuthService,Health check passed: AuthService,E102,Health check passed: {service}
50088,2026-01-13,15:24:26,INFO,AuthService,Health check passed: AuthService,E102,Health check passed: {service}
50089,2026-01-13,15:05:16,INFO,WebServer,Transaction tx997713 completed in 1707ms,E104,Transaction {tx} completed in {time}ms
50090,2026-01-13,15:27:52,INFO,WebServer,Transaction tx421689 completed in 448ms,E104,Transaction {tx} completed in {time}ms
50091,2026-01-13,15:53:30,INFO,WebServer,Page view: /home by u4132,E103,Page view: {page} by {user}
50092,2026-01-13,15:50:49,INFO,WebServer,Page view: /home by u4665,E103,Page view: {page} by {user}
50093,2026-01-13,15:29:19,INFO,OrderProcessor,User u3337 login successful,E101,User {user} login successful
50094,2026-01-13,15:11:19,INFO,OrderProcessor,Health check passed: OrderProcessor,E102,Health check passed: {service}
50095,2026-01-13,15:26:59,INFO,WebServer,Page view: /home by u1636,E103,Page view: {page} by {user}
50096,2026-01-13,15:01:11,INFO,AuthService,Transaction tx948124 completed in 1571ms,E104,Transaction {tx} completed in {time}ms
50097,2026-01-13,15:20:35,INFO,WebServer,User u3670 login successful,E101,User {user} login successful
50098,2026-01-13,15:52:34,INFO,InventoryDB,Page view: /home by u2232,E103,Page view: {page} by {user}
50099,2026-01-13,15:06:30,INFO,WebServer,Health check passed: WebServer,E102,Health check passed: {service}
50100,2026-01-13,15:11:58,INFO,AuthService,Page view: /home by u4912,E103,Page view: {page} by {user}
50101,2026-01-13,15:38:17,WARN,AuthService,Unauthorized access attempt from 10.0.0.45,E401,Unauthorized access attempt from {ip}
50102,2026-01-13,15:16:36,INFO,OrderProcessor,Transaction tx695061 completed in 736ms,E104,Transaction {tx} completed in {time}ms
50103,2026-01-13,15:22:57,INFO,WebServer,Health check passed: WebServer,E102,Health check passed: {service}
50104,2026-01-13,15:05:40,INFO,AuthService,Transaction tx769344 completed in 1388ms,E104,Transaction {tx} completed in {time}ms
50105,2026-01-13,15:00:16,INFO,PaymentGateway,Health check passed: PaymentGateway,E102,Health check passed: {service}
50106,2026-01-13,15:47:41,INFO,WebServer,User u1503 login successful,E101,User {user} login successful
50107,2026-01-13,15:52:29,INFO,InventoryDB,Page view: /home by u2904,E103,Page view: {page} by {user}
50108,2026-01-13,15:49:22,INFO,AuthService,Transaction tx255690 completed in 1178ms,E104,Transaction {tx} completed in {time}ms
50109,2026-01-13,15:26:05,INFO,WebServer,Transaction tx741423 completed in 939ms,E104,Transaction {tx} completed in {time}ms
50110,2026-01-13,15:57:32,INFO,AuthService,Transaction tx123953 completed in 872ms,E104,Transaction {tx} completed in {time}ms
50111,2026-01-13,15:27:49,INFO,OrderProcessor,Page view: /home by u1577,E103,Page view: {page} by {user}
50112,2026-01-13,15:35:03,INFO,WebServer,Page view: /home by u1539,E103,Page view: {page} by {user}
50113,2026-01-13,15:24:25,INFO,WebServer,Health check passed: WebServer,E102,Health check passed: {service}
50114,2026-01-13,15:58:19,INFO,WebServer,User u4328 login successful,E101,User {user} login successful
50115,2026-01-13,15:24:43,INFO,AuthService,User u2365 login successful,E101,User {user} login successful
50116,2026-01-13,15:24:24,INFO,WebServer,Transaction tx861629 completed in 195ms,E104,Transaction {tx} completed in {time}ms
50117,2026-01-13,15:47:20,INFO,AuthService,Page view: /home by u2945,E103,Page view: {page} by {user}
50118,2026-01-13,15:33:40,INFO,WebServer,Health check passed: WebServer,E102,Health check passed: {service}
50119,2026-01-13,15:07:06,INFO,OrderProcessor,Transaction tx250035 completed in 1830ms,E104,Transaction {tx} completed in {time}ms
50120,2026-01-13,15:08:02,INFO,WebServer,Health check passed: WebServer,E102,Health check passed: {service}
50121,2026-01-13,15:07:22,INFO,WebServer,Page view: /home by u4532,E103,Page view: {page} by {user}
50122,2026-01-13,15:42:03,INFO,WebServer,User u1490 login successful,E101,User {user} login successful
50123,2026-01-13,15:11:19,INFO,OrderProcessor,User u2592 login successful,E101,User {user} login successful
50124,2026-01-13,15:19:13,ERROR,WebServer,Payment declined: Gateway unavailable,E503,Payment declined: Gateway unavailable
50125,2026-01-13,15:44:17,INFO,WebServer,User u3540 login successful,E101,User {user} login successful
50126,2026-01-13,15:34:15,INFO,WebServer,Transaction tx805028 completed in 739ms,E104,Transaction {tx} completed in {time}ms
50127,2026-01-13,15:17:21,INFO,AuthService,Page view: /home by u2967,E103,Page view: {page} by {user}
50128,2026-01-13,15:15:36,INFO,PaymentGateway,Health check passed: PaymentGateway,E102,Health check passed: {service}
50129,2026-01-13,15:52:52,INFO,WebServer,Health check passed: WebServer,E102,Health check passed: {service}
50130,2026-01-13,15:56:36,INFO,OrderProcessor,Transaction tx827394 completed in 1851ms,E104,Transaction {tx} completed in {time}ms
50131,2026-01-13,15:51:45,INFO,OrderProcessor,Health check passed: OrderProcessor,E102,Health check passed: {service}
50132,2026-01-13,15:53:59,INFO,AuthService,User u4054 login successful,E101,User {user} login successful
50133,2026-01-13,15:52:41,INFO,PaymentGateway,Page view: /home by u3241,E103,Page view: {page} by {user}
50134,2026-01-13,15:35:54,INFO,PaymentGateway,Transaction tx253329 completed in 77ms,E104,Transaction {tx} completed in {time}ms
50135,2026-01-13,15:18:03,INFO,AuthService,Health check passed: AuthService,E102,Health check passed: {service}
50136,2026-01-13,15:38:05,INFO,AuthService,User u3658 login successful,E101,User {user} login successful
50137,2026-01-13,15:23:24,INFO,WebServer,Page view: /home by u2199,E103,Page view: {page} by {user}
50138,2026-01-13,15:16:59,INFO,OrderProcessor,Health check passed: OrderProcessor,E102,Health check passed: {service}
50139,2026-01-13,15:53:07,INFO,WebServer,Health check passed: WebServer,E102,Health check passed: {service}
50140,2026-01-13,15:04:50,INFO,WebServer,User u1882 login successful,E101,User {user} login successful
50141,2026-01-13,15:25:06,INFO,AuthService,Health check passed: AuthService,E102,Health check passed: {service}
50142,2026-01-13,15:14:11,INFO,AuthService,Page view: /home by u3895,E103,Page view: {page} by {user}
50143,2026-01-13,15:16:55,ERROR,OrderProcessor,Connection refused to OrderProcessor at 10.0.0.99,E501,Connection refused to {service} at {ip}
50144,2026-01-13,15:22:05,INFO,AuthService,Page view: /home by u3408,E103,Page view: {page} by {user}
50145,2026-01-13,15:05:10,INFO,WebServer,Health check passed: WebServer,E102,Health check passed: {service}
50146,2026-01-13,15:58:49,INFO,PaymentGateway,Page view: /home by u4594,E103,Page view: {page} by {user}
50147,2026-01-13,15:05:53,INFO,PaymentGateway,Page view: /home by u1485,E103,Page view: {page} by {user}
50148,2026-01-13,15:25:26,INFO,WebServer,Health check passed: WebServer,E102,Health check passed: {service}
50149,2026-01-13,15:47:40,WARN,AuthService,High latency (623ms) detected on AuthService,E201,High latency ({time}ms) detected on {service}
50150,2026-01-13,15:49:33,INFO,OrderProcessor,Page view: /home by u3685,E103,Page view: {page} by {user}
50151,2026-01-13,15:48:11,INFO,WebServer,User u3787 login successful,E101,User {user} login successful
50152,2026-01-13,15:28:03,INFO,WebServer,Page view: /home by u2952,E103,Page view: {page} by {user}
50153,2026-01-13,15:35:50,INFO,WebServer,Transaction tx528063 completed in 166ms,E104,Transaction {tx} completed in {time}ms
50154,2026-01-13,15:53:42,INFO,WebServer,User u3732 login successful,E101,User {user} login successful
50155,2026-01-13,15:38:10,INFO,AuthService,Transaction tx546809 completed in 1984ms,E104,Transaction {tx} completed in {time}ms
50156,2026-01-13,15:33:26,WARN,AuthService,Disk usage > 85% on node node-5,E202,Disk usage > 85% on node {node}
50157,2026-01-13,15:08:38,WARN,WebServer,High latency (1021ms) detected on WebServer,E201,High latency ({time}ms) detected on {service}
50158,2026-01-13,15:41:48,INFO,WebServer,Health check passed: WebServer,E102,Health check passed: {service}
50159,2026-01-13,15:09:46,INFO,PaymentGateway,Health check passed: PaymentGateway,E102,Health check passed: {service}
50160,2026-01-13,15:21:23,INFO,WebServer,Transaction tx481628 completed in 821ms,E104,Transaction {tx} completed in {time}ms
50161,2026-01-13,15:31:36,INFO,AuthService,User u3071 login successful,E101,User {user} login successful
50162,2026-01-13,15:27:50,INFO,WebServer,User u3367 login successful,E101,User {user} login successful
50163,2026-01-13,15:12:25,INFO,WebServer,Page view: /home by u4001,E103,Page view: {page} by {user}
50164,2026-01-13,15:50:56,INFO,AuthService,Page view: /home by u3962,E103,Page view: {page} by {user}
50165,2026-01-13,15:02:44,INFO,InventoryDB,Transaction tx759049 completed in 1052ms,E104,Transaction {tx} completed in {time}ms
50166,2026-01-13,15:30:03,INFO,WebServer,Page view: /home by u4122,E103,Page view: {page} by {user}
50167,2026-01-13,15:30:27,INFO,WebServer,User u4876 login successful,E101,User {user} login successful
50168,2026-01-13,15:46:32,INFO,PaymentGateway,User u2241 login successful,E101,User {user} login successful
50169,2026-01-13,15:47:41,INFO,AuthService,User u1098 login successful,E101,User {user} login successful
50170,2026-01-13,15:55:27,INFO,AuthService,User u1556 login successful,E101,User {user} login successful
50171,2026-01-13,15:32:28,WARN,AuthService,High latency (175ms) detected on AuthService,E201,High latency ({time}ms) detected on {service}
50172,2026-01-13,15:53:34,INFO,OrderProcessor,User u4595 login successful,E101,User {user} login successful
50173,2026-01-13,15:14:02,INFO,AuthService,Page view: /home by u2833,E103,Page view: {page} by {user}
50174,2026-01-13,15:32:48,INFO,OrderProcessor,User u2158 login successful,E101,User {user} login successful
50175,2026-01-13,15:43:34,INFO,WebServer,Page view: /home by u1487,E103,Page view: {page} by {user}
50176,2026-01-13,15:45:30,INFO,WebServer,Health check passed: WebServer,E102,Health check passed: {service}
50177,2026-01-13,15:38:30,INFO,WebServer,Health check passed: WebServer,E102,Health check passed: {service}
50178,2026-01-13,15:23:30,INFO,AuthService,Health check passed: AuthService,E102,Health check passed: {service}
50179,2026-01-13,15:06:31,INFO,InventoryDB,Transaction tx224605 completed in 721ms,E104,Transaction {tx} completed in {time}ms
50180,2026-01-13,15:22:34,INFO,OrderProcessor,Page view: /home by u4227,E103,Page view: {page} by {user}
50181,2026-01-13,15:46:15,INFO,OrderProcessor,Health check passed: OrderProcessor,E102,Health check passed: {service}
50182,2026-01-13,15:08:46,INFO,WebServer,User u1879 login successful,E101,User {user} login successful
50183,2026-01-13,15:22:16,INFO,WebServer,User u2800 login successful,E101,User {user} login successful
50184,2026-01-13,15:10:29,INFO,WebServer,Transaction tx344930 completed in 1620ms,E104,Transaction {tx} completed in {time}ms
50185,2026-01-13,15:13:33,INFO,WebServer,User u1688 login successful,E101,User {user} login successful
50186,2026-01-13,15:23:45,INFO,WebServer,User u3091 login successful,E101,User {user} login successful
50187,2026-01-13,15:15:43,CRITICAL,WebServer,KERNEL PANIC: Node node-5 crashed,E601,KERNEL PANIC: Node {node} crashed
50188,2026-01-13,15:32:35,INFO,OrderProcessor,Health check passed: OrderProcessor,E102,Health check passed: {service}
50189,2026-01-13,15:45:40,INFO,AuthService,Page view: /home by u1658,E103,Page view: {page} by {user}
50190,2026-01-13,15:05:00,INFO,WebServer,User u1927 login successful,E101,User {user} login successful
50191,2026-01-13,15:30:01,INFO,WebServer,Page view: /home by u4249,E103,Page view: {page} by {user}
50192,2026-01-13,15:59:46,WARN,WebServer,High latency (1686ms) detected on WebServer,E201,High latency ({time}ms) detected on {service}
50193,2026-01-13,15:23:54,INFO,WebServer,Page view: /home by u4270,E103,Page view: {page} by {user}
50194,2026-01-13,15:10:46,INFO,WebServer,Transaction tx705023 completed in 1889ms,E104,Transaction {tx} completed in {time}ms
50195,2026-01-13,15:09:08,INFO,AuthService,Transaction tx915691 completed in 726ms,E104,Transaction {tx} completed in {time}ms
50196,2026-01-13,15:29:49,INFO,WebServer,Transaction tx272591 completed in 838ms,E104,Transaction {tx} completed in {time}ms
50197,2026-01-13,15:22:41,INFO,AuthService,User u2285 login successful,E101,User {user} login successful
50198,2026-01-13,15:07:14,INFO,PaymentGateway,Health check passed: PaymentGateway,E102,Health check passed: {service}
50199,2026-01-13,15:22:20,INFO,PaymentGateway,User u3195 login successful,E101,User {user} login successful
50200,2026-01-13,15:48:49,INFO,WebServer,Health check passed: WebServer,E102,Health check passed: {service}
50201,2026-01-13,15:08:02,INFO,WebServer,Page view: /home by u2540,E103,Page view: {page} by {user}
50202,2026-01-13,15:40:47,INFO,WebServer,Health check passed: WebServer,E102,Health check passed: {service}
50203,2026-01-13,15:16:38,INFO,WebServer,Health check passed: WebServer,E102,Health check passed: {service}
50204,2026-01-13,15:22:02,INFO,WebServer,Page view: /home by u3145,E103,Page view: {page} by {user}
50205,2026-01-13,15:10:15,INFO,WebServer,Page view: /home by u4948,E103,Page view: {page} by {user}
50206,2026-01-13,15:25:43,INFO,PaymentGateway,User u4004 login successful,E101,User {user} login successful
50207,2026-01-13,15:28:55,INFO,InventoryDB,Health check passed: InventoryDB,E102,Health check passed: {service}
50208,2026-01-13,15:21:05,INFO,AuthService,Page view: /home by u1692,E103,Page view: {page} by {user}
50209,2026-01-13,15:55:07,ERROR,WebServer,Timeout waiting for lock on InventoryDB,E502,Timeout waiting for lock on {db}
50210,2026-01-13,15:38:59,INFO,WebServer,Page view: /home by u4313,E103,Page view: {page} by {user}
50211,2026-01-13,15:53:40,INFO,WebServer,Health check passed: WebServer,E102,Health check passed: {service}
50212,2026-01-13,15:02:23,INFO,WebServer,Transaction tx888234 completed in 90ms,E104,Transaction {tx} completed in {time}ms
50213,2026-01-13,15:58:18,INFO,AuthService,User u2271 login successful,E101,User {user} login successful
50214,2026-01-13,15:04:35,INFO,WebServer,Page view: /home by u4773,E103,Page view: {page} by {user}
50215,2026-01-13,15:35:49,INFO,WebServer,User u2740 login successful,E101,User {user} login successful
50216,2026-01-13,15:19:03,INFO,AuthService,Transaction tx927924 completed in 1180ms,E104,Transaction {tx} completed in {time}ms
50217,2026-01-13,15:54:41,INFO,WebServer,Page view: /home by u1734,E103,Page view: {page} by {user}
50218,2026-01-13,15:57:34,INFO,InventoryDB,Health check passed: InventoryDB,E102,Health check passed: {service}
50219,2026-01-13,15:48:36,INFO,AuthService,User u2437 login successful,E101,User {user} login successful
50220,2026-01-13,15:33:27,INFO,WebServer,Page view: /home by u1433,E103,Page view: {page} by {user}
50221,2026-01-13,15:11:46,INFO,WebServer,Health check passed: WebServer,E102,Health check passed: {service}
50222,2026-01-13,15:08:08,INFO,WebServer,Health check passed: WebServer,E102,Health check passed: {service}
50223,2026-01-13,15:14:05,INFO,AuthService,Health check passed: AuthService,E102,Health check passed: {service}
50224,2026-01-13,15:17:32,INFO,InventoryDB,Transaction tx162070 completed in 1546ms,E104,Transaction {tx} completed in {time}ms
50225,2026-01-13,15:54:23,WARN,AuthService,Unauthorized access attempt from 10.0.0.45,E401,Unauthorized access attempt from {ip}
50226,2026-01-13,15:04:00,INFO,WebServer,Page view: /home by u4753,E103,Page view: {page} by {user}
50227,2026-01-13,15:17:04,INFO,OrderProcessor,Health check passed: OrderProcessor,E102,Health check passed: {service}
50228,2026-01-13,15:28:06,INFO,InventoryDB,User u4071 login successful,E101,User {user} login successful
50229,2026-01-13,15:47:13,INFO,WebServer,User u4296 login successful,E101,User {user} login successful
50230,2026-01-13,15:23:35,INFO,WebServer,User u3488 login successful,E101,User {user} login successful
50231,2026-01-13,15:22:01,INFO,WebServer,Transaction tx556115 completed in 1159ms,E104,Transaction {tx} completed in {time}ms
50232,2026-01-13,15:00:20,INFO,AuthService,User u3693 login successful,E101,User {user} login successful
50233,2026-01-13,15:04:18,INFO,WebServer,User u1882 login successful,E101,User {user} login successful
50234,2026-01-13,15:33:16,INFO,WebServer,Page view: /home by u4997,E103,Page view: {page} by {user}
50235,2026-01-13,15:40:34,INFO,AuthService,Transaction tx406446 completed in 1243ms,E104,Transaction {tx} completed in {time}ms
50236,2026-01-13,15:49:17,INFO,WebServer,Page view: /home by u4182,E103,Page view: {page} by {user}
50237,2026-01-13,15:17:17,ERROR,WebServer,Payment declined: Gateway unavailable,E503,Payment declined: Gateway unavailable
50238,2026-01-13,15:37:24,INFO,PaymentGateway,Page view: /home by u2793,E103,Page view: {page} by {user}
50239,2026-01-13,15:51:33,INFO,WebServer,Transaction tx169411 completed in 1946ms,E104,Transaction {tx} completed in {time}ms
50240,2026-01-13,15:43:29,INFO,WebServer,User u2303 login successful,E101,User {user} login successful
50241,2026-01-13,15:09:04,INFO,WebServer,Page view: /home by u2640,E103,Page view: {page} by {user}
50242,2026-01-13,15:47:24,INFO,AuthService,Health check passed: AuthService,E102,Health check passed: {service}
50243,2026-01-13,15:15:46,INFO,WebServer,Health check passed: WebServer,E102,Health check passed: {service}
50244,2026-01-13,15:51:08,INFO,OrderProcessor,Page view: /home by u3636,E103,Page view: {page} by {user}
50245,2026-01-13,15:20:24,INFO,WebServer,Transaction tx859160 completed in 1032ms,E104,Transaction {tx} completed in {time}ms
50246,2026-01-13,15:06:16,INFO,WebServer,Page view: /home by u2285,E103,Page view: {page} by {user}
50247,2026-01-13,15:13:42,INFO,AuthService,Health check passed: AuthService,E102,Health check passed: {service}
50248,2026-01-13,15:50:50,INFO,WebServer,User u4877 login successful,E101,User {user} login successful
50249,2026-01-13,15:28:55,INFO,PaymentGateway,Transaction tx373902 completed in 1253ms,E104,Transaction {tx} completed in {time}ms
50250,2026-01-13,15:02:20,INFO,WebServer,User u2420 login successful,E101,User {user} login successful
50251,2026-01-13,15:10:58,INFO,PaymentGateway,Page view: /home by u4107,E103,Page view: {page} by {user}
50252,2026-01-13,15:45:28,INFO,OrderProcessor,Transaction tx875404 completed in 799ms,E104,Transaction {tx} completed in {time}ms
50253,2026-01-13,15:51:53,WARN,WebServer,Disk usage > 85% on node node-5,E202,Disk usage > 85% on node {node}
50254,2026-01-13,15:41:38,INFO,WebServer,Health check passed: WebServer,E102,Health check passed: {service}
50255,2026-01-13,15:19:23,INFO,PaymentGateway,Page view: /home by u3373,E103,Page view: {page} by {user}
50256,2026-01-13,15:05:41,INFO,AuthService,Page view: /home by u2358,E103,Page view: {page} by {user}
50257,2026-01-13,15:54:52,INFO,WebServer,User u4795 login successful,E101,User {user} login successful
50258,2026-01-13,15:30:56,INFO,AuthService,Page view: /home by u1282,E103,Page view: {page} by {user}
50259,2026-01-13,15:23:55,INFO,OrderProcessor,Transaction tx253531 completed in 1985ms,E104,Transaction {tx} completed in {time}ms
50260,2026-01-13,15:15:21,INFO,PaymentGateway,Page view: /home by u4380,E103,Page view: {page} by {user}
50261,2026-01-13,15:13:44,INFO,WebServer,Health check passed: WebServer,E102,Health check passed: {service}
50262,2026-01-13,15:42:28,INFO,InventoryDB,Page view: /home by u3350,E103,Page view: {page} by {user}
50263,2026-01-13,15:48:34,ERROR,InventoryDB,Connection refused to InventoryDB at 10.0.0.45,E501,Connection refused to {service} at {ip}
50264,2026-01-13,15:37:52,ERROR,AuthService,Payment declined: Gateway unavailable,E503,Payment declined: Gateway unavailable
50265,2026-01-13,15:29:04,INFO,AuthService,Transaction tx958898 completed in 482ms,E104,Transaction {tx} completed in {time}ms
50266,2026-01-13,15:39:52,INFO,PaymentGateway,Health check passed: PaymentGateway,E102,Health check passed: {service}
50267,2026-01-13,15:57:52,INFO,PaymentGateway,Page view: /home by u3872,E103,Page view: {page} by {user}
50268,2026-01-13,15:55:59,INFO,WebServer,Transaction tx376281 completed in 1627ms,E104,Transaction {tx} completed in {time}ms
50269,2026-01-13,15:19:57,INFO,WebServer,Page view: /home by u1064,E103,Page view: {page} by {user}
50270,2026-01-13,15:10:42,INFO,PaymentGateway,Page view: /home by u2185,E103,Page view: {page} by {user}
50271,2026-01-13,15:35:44,INFO,AuthService,Health check passed: AuthService,E102,Health check passed: {service}
50272,2026-01-13,15:07:01,INFO,WebServer,Transaction tx797120 completed in 933ms,E104,Transaction {tx} completed in {time}ms
50273,2026-01-13,15:37:49,INFO,WebServer,Health check passed: WebServer,E102,Health check passed: {service}
50274,2026-01-13,15:42:08,INFO,WebServer,Page view: /home by u1145,E103,Page view: {page} by {user}
50275,2026-01-13,15:23:23,INFO,AuthService,Health check passed: AuthService,E102,Health check passed: {service}
50276,2026-01-13,15:06:55,INFO,PaymentGateway,Health check passed: PaymentGateway,E102,Health check passed: {service}
50277,2026-01-13,15:25:26,INFO,AuthService,Page view: /home by u1611,E103,Page view: {page} by {user}
50278,2026-01-13,15:04:56,INFO,PaymentGateway,Page view: /home by u3203,E103,Page view: {page} by {user}
50279,2026-01-13,15:47:38,INFO,WebServer,Transaction tx797105 completed in 1254ms,E104,Transaction {tx} completed in {time}ms
50280,2026-01-13,15:34:16,INFO,AuthService,Transaction tx713206 completed in 1678ms,E104,Transaction {tx} completed in {time}ms
50281,2026-01-13,15:54:03,INFO,OrderProcessor,User u3798 login successful,E101,User {user} login successful
50282,2026-01-13,15:05:10,INFO,AuthService,Page view: /home by u2665,E103,Page view: {page} by {user}
50283,2026-01-13,15:59:36,INFO,AuthService,User u1494 login successful,E101,User {user} login successful
50284,2026-01-13,15:37:32,WARN,PaymentGateway,Unauthorized access attempt from 10.0.0.45,E401,Unauthorized access attempt from {ip}
50285,2026-01-13,15:57:40,WARN,WebServer,High latency (1250ms) detected on WebServer,E201,High latency ({time}ms) detected on {service}
50286,2026-01-13,15:08:30,INFO,AuthService,Health check passed: AuthService,E102,Health check passed: {service}
50287,2026-01-13,15:53:11,INFO,PaymentGateway,User u1477 login successful,E101,User {user} login successful
50288,2026-01-13,15:14:50,INFO,WebServer,User u1894 login successful,E101,User {user} login successful
50289,2026-01-13,15:35:22,INFO,PaymentGateway,User u1364 login successful,E101,User {user} login successful
50290,2026-01-13,15:00:19,INFO,WebServer,User u2280 login successful,E101,User {user} login successful
50291,2026-01-13,15:12:29,INFO,WebServer,User u4324 login successful,E101,User {user} login successful
50292,2026-01-13,15:06:28,INFO,OrderProcessor,Page view: /home by u2244,E103,Page view: {page} by {user}
50293,2026-01-13,15:45:15,INFO,InventoryDB,Page view: /home by u3660,E103,Page view: {page} by {user}
50294,2026-01-13,15:36:23,INFO,WebServer,User u4123 login successful,E101,User {user} login successful
50295,2026-01-13,15:07:22,INFO,WebServer,Page view: /home by u3398,E103,Page view: {page} by {user}
50296,2026-01-13,15:00:43,INFO,OrderProcessor,Health check passed: OrderProcessor,E102,Health check passed: {service}
50297,2026-01-13,15:52:32,INFO,WebServer,Transaction tx958298 completed in 301ms,E104,Transaction {tx} completed in {time}ms
50298,2026-01-13,15:00:47,INFO,WebServer,Health check passed: WebServer,E102,Health check passed: {service}
50299,2026-01-13,15:07:14,INFO,OrderProcessor,Page view: /home by u4150,E103,Page view: {page} by {user}
50300,2026-01-13,15:59:01,INFO,WebServer,Page view: /home by u3069,E103,Page view: {page} by {user}
50301,2026-01-13,15:09:51,INFO,WebServer,User u3691 login successful,E101,User {user} login successful
50302,2026-01-13,15:12:22,INFO,AuthService,Page view: /home by u2745,E103,Page view: {page} by {user}
50303,2026-01-13,15:20:09,INFO,OrderProcessor,Page view: /home by u1181,E103,Page view: {page} by {user}
50304,2026-01-13,15:12:59,INFO,OrderProcessor,User u1056 login successful,E101,User {user} login successful
50305,2026-01-13,15:31:23,INFO,AuthService,Transaction tx931536 completed in 645ms,E104,Transaction {tx} completed in {time}ms
50306,2026-01-13,15:04:39,WARN,OrderProcessor,Unauthorized access attempt from 10.0.0.12,E401,Unauthorized access attempt from {ip}
50307,2026-01-13,15:04:40,INFO,InventoryDB,Health check passed: InventoryDB,E102,Health check passed: {service}
50308,2026-01-13,15:03:08,INFO,OrderProcessor,Transaction tx779469 completed in 801ms,E104,Transaction {tx} completed in {time}ms
50309,2026-01-13,15:47:50,INFO,OrderProcessor,Health check passed: OrderProcessor,E102,Health check passed: {service}
50310,2026-01-13,15:53:44,INFO,OrderProcessor,Page view: /home by u2750,E103,Page view: {page} by {user}
50311,2026-01-13,15:12:31,INFO,WebServer,Health check passed: WebServer,E102,Health check passed: {service}
50312,2026-01-13,15:39:30,INFO,PaymentGateway,User u1924 login successful,E101,User {user} login successful
50313,2026-01-13,15:31:26,INFO,AuthService,Page view: /home by u2319,E103,Page view: {page} by {user}
50314,2026-01-13,15:25:18,INFO,WebServer,Health check passed: WebServer,E102,Health check passed: {service}
50315,2026-01-13,15:34:25,INFO,PaymentGateway,User u1306 login successful,E101,User {user} login successful
50316,2026-01-13,15:46:54,INFO,OrderProcessor,User u1247 login successful,E101,User {user} login successful
50317,2026-01-13,15:21:30,INFO,WebServer,Health check passed: WebServer,E102,Health check passed: {service}
50318,2026-01-13,15:10:14,WARN,AuthService,High latency (337ms) detected on AuthService,E201,High latency ({time}ms) detected on {service}
50319,2026-01-13,15:42:22,INFO,AuthService,Page view: /home by u1220,E103,Page view: {page} by {user}
50320,2026-01-13,15:15:22,INFO,AuthService,User u2785 login successful,E101,User {user} login successful
50321,2026-01-13,15:24:53,INFO,WebServer,Page view: /home by u3350,E103,Page view: {page} by {user}
50322,2026-01-13,15:59:48,INFO,OrderProcessor,Transaction tx794115 completed in 425ms,E104,Transaction {tx} completed in {time}ms
50323,2026-01-13,15:51:49,INFO,WebServer,Page view: /home by u3288,E103,Page view: {page} by {user}
50324,2026-01-13,15:42:49,INFO,OrderProcessor,Page view: /home by u1585,E103,Page view: {page} by {user}
50325,2026-01-13,15:49:23,INFO,AuthService,User u1333 login successful,E101,User {user} login successful
50326,2026-01-13,15:16:50,INFO,WebServer,Page view: /home by u2548,E103,Page view: {page} by {user}
50327,2026-01-13,15:16:08,INFO,WebServer,Page view: /home by u4873,E103,Page view: {page} by {user}
50328,2026-01-13,15:52:06,INFO,WebServer,Transaction tx873304 completed in 1497ms,E104,Transaction {tx} completed in {time}ms
50329,2026-01-13,15:49:56,INFO,WebServer,Transaction tx116370 completed in 643ms,E104,Transaction {tx} completed in {time}ms
50330,2026-01-13,15:33:30,INFO,InventoryDB,Health check passed: InventoryDB,E102,Health check passed: {service}
50331,2026-01-13,15:03:37,INFO,WebServer,User u3323 login successful,E101,User {user} login successful
50332,2026-01-13,15:23:23,INFO,OrderProcessor,User u4022 login successful,E101,User {user} login successful
50333,2026-01-13,15:26:10,INFO,AuthService,Page view: /home by u4327,E103,Page view: {page} by {user}
50334,2026-01-13,15:43:04,INFO,WebServer,User u1027 login successful,E101,User {user} login successful
50335,2026-01-13,15:35:23,INFO,WebServer,Health check passed: WebServer,E102,Health check passed: {service}
50336,2026-01-13,15:27:02,INFO,WebServer,Health check passed: WebServer,E102,Health check passed: {service}
50337,2026-01-13,15:55:41,INFO,InventoryDB,Transaction tx965483 completed in 1864ms,E104,Transaction {tx} completed in {time}ms
50338,2026-01-13,15:01:24,ERROR,AuthService,Timeout waiting for lock on InventoryDB,E502,Timeout waiting for lock on {db}
50339,2026-01-13,15:27:47,INFO,PaymentGateway,Health check passed: PaymentGateway,E102,Health check passed: {service}
50340,2026-01-13,15:30:26,INFO,PaymentGateway,Page view: /home by u4567,E103,Page view: {page} by {user}
50341,2026-01-13,15:27:45,INFO,WebServer,User u1936 login successful,E101,User {user} login successful
50342,2026-01-13,15:58:09,INFO,PaymentGateway,Transaction tx717869 completed in 810ms,E104,Transaction {tx} completed in {time}ms
50343,2026-01-13,15:09:01,INFO,AuthService,Transaction tx775394 completed in 1097ms,E104,Transaction {tx} completed in {time}ms
50344,2026-01-13,15:13:08,INFO,AuthService,Transaction tx524260 completed in 1919ms,E104,Transaction {tx} completed in {time}ms
50345,2026-01-13,15:11:55,INFO,WebServer,User u2633 login successful,E101,User {user} login successful
50346,2026-01-13,15:14:55,WARN,WebServer,Disk usage > 85% on node node-2,E202,Disk usage > 85% on node {node}
50347,2026-01-13,15:50:00,WARN,WebServer,Disk usage > 85% on node node-1,E202,Disk usage > 85% on node {node}
50348,2026-01-13,15:01:35,INFO,OrderProcessor,Transaction tx728347 completed in 1963ms,E104,Transaction {tx} completed in {time}ms
50349,2026-01-13,15:57:01,WARN,WebServer,Disk usage > 85% on node node-1,E202,Disk usage > 85% on node {node}
50350,2026-01-13,15:22:04,INFO,PaymentGateway,Health check passed: PaymentGateway,E102,Health check passed: {service}
50351,2026-01-13,15:38:53,INFO,OrderProcessor,Health check passed: OrderProcessor,E102,Health check passed: {service}
50352,2026-01-13,15:09:42,INFO,WebServer,Page view: /home by u4559,E103,Page view: {page} by {user}
50353,2026-01-13,15:37:15,INFO,WebServer,Page view: /home by u1033,E103,Page view: {page} by {user}
50354,2026-01-13,15:06:07,INFO,WebServer,User u3835 login successful,E101,User {user} login successful
50355,2026-01-13,15:40:41,INFO,AuthService,Page view: /home by u4040,E103,Page view: {page} by {user}
50356,2026-01-13,15:08:24,INFO,AuthService,Page view: /home by u4975,E103,Page view: {page} by {user}
50357,2026-01-13,15:23:26,INFO,OrderProcessor,Transaction tx133297 completed in 1655ms,E104,Transaction {tx} completed in {time}ms
50358,2026-01-13,15:42:08,INFO,AuthService,User u2061 login successful,E101,User {user} login successful
50359,2026-01-13,15:50:25,INFO,WebServer,User u2167 login successful,E101,User {user} login successful
50360,2026-01-13,15:29:07,INFO,PaymentGateway,Health check passed: PaymentGateway,E102,Health check passed: {service}
50361,2026-01-13,15:26:55,WARN,AuthService,Disk usage > 85% on node node-4,E202,Disk usage > 85% on node {node}
50362,2026-01-13,15:42:57,INFO,WebServer,Transaction tx278814 completed in 1118ms,E104,Transaction {tx} completed in {time}ms
50363,2026-01-13,15:38:18,INFO,WebServer,Page view: /home by u1075,E103,Page view: {page} by {user}
50364,2026-01-13,15:22:48,INFO,AuthService,Transaction tx941685 completed in 1158ms,E104,Transaction {tx} completed in {time}ms
50365,2026-01-13,15:26:10,INFO,PaymentGateway,Transaction tx192150 completed in 1500ms,E104,Transaction {tx} completed in {time}ms
50366,2026-01-13,15:23:39,INFO,AuthService,Page view: /home by u3406,E103,Page view: {page} by {user}
50367,2026-01-13,15:12:42,INFO,WebServer,Transaction tx114720 completed in 1499ms,E104,Transaction {tx} completed in {time}ms
50368,2026-01-13,15:01:51,INFO,WebServer,User u1141 login successful,E101,User {user} login successful
50369,2026-01-13,15:32:58,INFO,WebServer,Health check passed: WebServer,E102,Health check passed: {service}
50370,2026-01-13,15:03:59,INFO,WebServer,User u4799 login successful,E101,User {user} login successful
50371,2026-01-13,15:44:22,INFO,OrderProcessor,Transaction tx742312 completed in 876ms,E104,Transaction {tx} completed in {time}ms
50372,2026-01-13,15:21:31,INFO,AuthService,Page view: /home by u4042,E103,Page view: {page} by {user}
50373,2026-01-13,15:08:19,INFO,OrderProcessor,Health check passed: OrderProcessor,E102,Health check passed: {service}
50374,2026-01-13,15:20:07,INFO,AuthService,User u3383 login successful,E101,User {user} login successful
50375,2026-01-13,15:51:33,INFO,WebServer,User u2625 login successful,E101,User {user} login successful
50376,2026-01-13,15:21:35,INFO,WebServer,Transaction tx662986 completed in 61ms,E104,Transaction {tx} completed in {time}ms
50377,2026-01-13,15:59:58,INFO,WebServer,Page view: /home by u1107,E103,Page view: {page} by {user}
50378,2026-01-13,15:57:09,INFO,WebServer,Transaction tx911834 completed in 459ms,E104,Transaction {tx} completed in {time}ms
50379,2026-01-13,15:49:36,INFO,WebServer,User u3138 login successful,E101,User {user} login successful
50380,2026-01-13,15:10:27,INFO,OrderProcessor,User u1747 login successful,E101,User {user} login successful
50381,2026-01-13,15:25:03,INFO,WebServer,Page view: /home by u2592,E103,Page view: {page} by {user}
50382,2026-01-13,15:43:44,INFO,WebServer,User u1272 login successful,E101,User {user} login successful
50383,2026-01-13,15:53:04,INFO,WebServer,Health check passed: WebServer,E102,Health check passed: {service}
50384,2026-01-13,15:41:52,INFO,WebServer,Page view: /home by u1659,E103,Page view: {page} by {user}
50385,2026-01-13,15:24:36,INFO,AuthService,Page view: /home by u2931,E103,Page view: {page} by {user}
50386,2026-01-13,15:11:26,INFO,OrderProcessor,Transaction tx854189 completed in 1165ms,E104,Transaction {tx} completed in {time}ms
50387,2026-01-13,15:23:32,INFO,PaymentGateway,User u4231 login successful,E101,User {user} login successful
50388,2026-01-13,15:35:15,INFO,PaymentGateway,Health check passed: PaymentGateway,E102,Health check passed: {service}
50389,2026-01-13,15:47:48,INFO,WebServer,Transaction tx739689 completed in 35ms,E104,Transaction {tx} completed in {time}ms
50390,2026-01-13,15:34:35,INFO,WebServer,Transaction tx808173 completed in 766ms,E104,Transaction {tx} completed in {time}ms
50391,2026-01-13,15:27:10,INFO,WebServer,Transaction tx452796 completed in 1156ms,E104,Transaction {tx} completed in {time}ms
50392,2026-01-13,15:02:59,INFO,OrderProcessor,Transaction tx149907 completed in 1889ms,E104,Transaction {tx} completed in {time}ms
50393,2026-01-13,15:54:28,INFO,AuthService,Page view: /home by u1595,E103,Page view: {page} by {user}
50394,2026-01-13,15:02:49,INFO,AuthService,Health check passed: AuthService,E102,Health check passed: {service}
50395,2026-01-13,15:06:10,INFO,WebServer,Transaction tx628156 completed in 1979ms,E104,Transaction {tx} completed in {time}ms
50396,2026-01-13,15:42:38,INFO,OrderProcessor,Page view: /home by u3987,E103,Page view: {page} by {user}
50397,2026-01-13,15:26:31,INFO,OrderProcessor,Health check passed: OrderProcessor,E102,Health check passed: {service}
50398,2026-01-13,15:24:21,INFO,WebServer,User u4918 login successful,E101,User {user} login successful
50399,2026-01-13,15:03:30,INFO,WebServer,User u4486 login successful,E101,User {user} login successful
50400,2026-01-13,15:16:48,INFO,WebServer,Transaction tx232056 completed in 1912ms,E104,Transaction {tx} completed in {time}ms
50401,2026-01-13,15:47:17,INFO,WebServer,User u3872 login successful,E101,User {user} login successful
50402,2026-01-13,15:15:57,INFO,AuthService,Health check passed: AuthService,E102,Health check passed: {service}
50403,2026-01-13,15:50:45,INFO,WebServer,Health check passed: WebServer,E102,Health check passed: {service}
50404,2026-01-13,15:04:32,INFO,AuthService,Health check passed: AuthService,E102,Health check passed: {service}
50405,2026-01-13,15:35:41,INFO,WebServer,User u3598 login successful,E101,User {user} login successful
50406,2026-01-13,15:12:13,INFO,PaymentGateway,Transaction tx169675 completed in 603ms,E104,Transaction {tx} completed in {time}ms
50407,2026-01-13,15:23:31,INFO,PaymentGateway,Transaction tx551975 completed in 788ms,E104,Transaction {tx} completed in {time}ms
50408,2026-01-13,15:25:04,INFO,WebServer,Transaction tx290069 completed in 910ms,E104,Transaction {tx} completed in {time}ms
50409,2026-01-13,15:06:37,INFO,WebServer,Health check passed: WebServer,E102,Health check passed: {service}
50410,2026-01-13,15:05:39,INFO,AuthService,Transaction tx747798 completed in 518ms,E104,Transaction {tx} completed in {time}ms
50411,2026-01-13,15:23:56,INFO,AuthService,Page view: /home by u4678,E103,Page view: {page} by {user}
50412,2026-01-13,15:12:58,INFO,WebServer,Transaction tx841027 completed in 1458ms,E104,Transaction {tx} completed in {time}ms
50413,2026-01-13,15:38:57,INFO,WebServer,Transaction tx163543 completed in 523ms,E104,Transaction {tx} completed in {time}ms
50414,2026-01-13,15:28:41,INFO,WebServer,Health check passed: WebServer,E102,Health check passed: {service}
50415,2026-01-13,15:47:20,INFO,PaymentGateway,Transaction tx986018 completed in 1734ms,E104,Transaction {tx} completed in {time}ms
50416,2026-01-13,15:14:28,INFO,PaymentGateway,Health check passed: PaymentGateway,E102,Health check passed: {service}
50417,2026-01-13,15:30:29,WARN,AuthService,Unauthorized access attempt from 10.0.0.45,E401,Unauthorized access attempt from {ip}
50418,2026-01-13,15:19:23,INFO,WebServer,Transaction tx313763 completed in 26ms,E104,Transaction {tx} completed in {time}ms
50419,2026-01-13,15:09:15,INFO,WebServer,Health check passed: WebServer,E102,Health check passed: {service}
50420,2026-01-13,15:21:24,INFO,WebServer,Transaction tx206806 completed in 157ms,E104,Transaction {tx} completed in {time}ms
50421,2026-01-13,15:13:05,WARN,PaymentGateway,Unauthorized access attempt from 10.0.0.45,E401,Unauthorized access attempt from {ip}
50422,2026-01-13,15:56:01,INFO,WebServer,Page view: /home by u4123,E103,Page view: {page} by {user}
50423,2026-01-13,15:35:44,INFO,WebServer,User u4838 login successful,E101,User {user} login successful
50424,2026-01-13,15:56:09,INFO,AuthService,Health check passed: AuthService,E102,Health check passed: {service}
50425,2026-01-13,15:35:10,INFO,WebServer,Health check passed: WebServer,E102,Health check passed: {service}
50426,2026-01-13,15:14:51,INFO,OrderProcessor,User u4701 login successful,E101,User {user} login successful
50427,2026-01-13,15:56:27,INFO,AuthService,User u4986 login successful,E101,User {user} login successful
50428,2026-01-13,15:22:01,INFO,AuthService,User u1739 login successful,E101,User {user} login successful
50429,2026-01-13,15:06:36,INFO,WebServer,Transaction tx968091 completed in 1120ms,E104,Transaction {tx} completed in {time}ms
50430,2026-01-13,15:06:00,INFO,PaymentGateway,Transaction tx949431 completed in 1677ms,E104,Transaction {tx} completed in {time}ms
50431,2026-01-13,15:29:42,INFO,OrderProcessor,User u4803 login successful,E101,User {user} login successful
50432,2026-01-13,15:36:55,WARN,AuthService,Unauthorized access attempt from 10.0.0.45,E401,Unauthorized access attempt from {ip}
50433,2026-01-13,15:08:41,INFO,WebServer,Page view: /home by u2462,E103,Page view: {page} by {user}
50434,2026-01-13,15:55:26,INFO,OrderProcessor,Health check passed: OrderProcessor,E102,Health check passed: {service}
50435,2026-01-13,15:50:06,INFO,OrderProcessor,User u2243 login successful,E101,User {user} login successful
50436,2026-01-13,15:29:51,INFO,OrderProcessor,Transaction tx130622 completed in 1093ms,E104,Transaction {tx} completed in {time}ms
50437,2026-01-13,15:58:55,INFO,PaymentGateway,User u2161 login successful,E101,User {user} login successful
50438,2026-01-13,15:30:51,INFO,PaymentGateway,Page view: /home by u4218,E103,Page view: {page} by {user}
50439,2026-01-13,15:02:15,INFO,WebServer,Health check passed: WebServer,E102,Health check passed: {service}
50440,2026-01-13,15:04:02,INFO,AuthService,Transaction tx510078 completed in 1522ms,E104,Transaction {tx} completed in {time}ms
50441,2026-01-13,15:10:37,INFO,AuthService,Health check passed: AuthService,E102,Health check passed: {service}
50442,2026-01-13,15:01:29,INFO,OrderProcessor,Transaction tx905228 completed in 1751ms,E104,Transaction {tx} completed in {time}ms
50443,2026-01-13,15:07:23,INFO,WebServer,Page view: /home by u1724,E103,Page view: {page} by {user}
50444,2026-01-13,15:39:22,INFO,InventoryDB,User u2029 login successful,E101,User {user} login successful
50445,2026-01-13,15:22:12,INFO,WebServer,Page view: /home by u1597,E103,Page view: {page} by {user}
50446,2026-01-13,15:44:01,INFO,WebServer,Health check passed: WebServer,E102,Health check passed: {service}
50447,2026-01-13,15:18:30,INFO,PaymentGateway,Health check passed: PaymentGateway,E102,Health check passed: {service}
50448,2026-01-13,15:42:03,INFO,WebServer,User u3751 login successful,E101,User {user} login successful
50449,2026-01-13,15:47:03,INFO,OrderProcessor,Health check passed: OrderProcessor,E102,Health check passed: {service}
50450,2026-01-13,15:48:44,INFO,OrderProcessor,Page view: /home by u2888,E103,Page view: {page} by {user}
50451,2026-01-13,15:13:10,INFO,WebServer,User u4517 login successful,E101,User {user} login successful
50452,2026-01-13,15:30:46,INFO,WebServer,User u1179 login successful,E101,User {user} login successful
50453,2026-01-13,15:52:51,INFO,WebServer,User u3068 login successful,E101,User {user} login successful
50454,2026-01-13,15:14:21,INFO,WebServer,User u3475 login successful,E101,User {user} login successful
50455,2026-01-13,15:22:07,WARN,WebServer,High latency (1203ms) detected on WebServer,E201,High latency ({time}ms) detected on {service}
50456,2026-01-13,15:36:04,INFO,AuthService,User u4192 login successful,E101,User {user} login successful
50457,2026-01-13,15:33:21,INFO,AuthService,User u3207 login successful,E101,User {user} login successful
50458,2026-01-13,15:44:52,INFO,WebServer,User u3816 login successful,E101,User {user} login successful
50459,2026-01-13,15:55:00,INFO,OrderProcessor,Page view: /home by u2998,E103,Page view: {page} by {user}
50460,2026-01-13,15:41:41,INFO,WebServer,Health check passed: WebServer,E102,Health check passed: {service}
50461,2026-01-13,15:15:33,INFO,WebServer,Transaction tx577126 completed in 1760ms,E104,Transaction {tx} completed in {time}ms
50462,2026-01-13,15:52:02,INFO,OrderProcessor,Page view: /home by u2699,E103,Page view: {page} by {user}
50463,2026-01-13,15:49:06,INFO,WebServer,User u2975 login successful,E101,User {user} login successful
50464,2026-01-13,15:02:46,INFO,AuthService,User u1057 login successful,E101,User {user} login successful
50465,2026-01-13,15:56:49,INFO,OrderProcessor,Transaction tx998093 completed in 1811ms,E104,Transaction {tx} completed in {time}ms
50466,2026-01-13,15:35:02,INFO,WebServer,Health check passed: WebServer,E102,Health check passed: {service}
50467,2026-01-13,15:12:15,INFO,WebServer,User u3937 login successful,E101,User {user} login successful
50468,2026-01-13,15:22:16,INFO,OrderProcessor,Transaction tx753718 completed in 1692ms,E104,Transaction {tx} completed in {time}ms
50469,2026-01-13,15:17:40,INFO,OrderProcessor,User u1716 login successful,E101,User {user} login successful
50470,2026-01-13,15:11:06,INFO,AuthService,Page view: /home by u3417,E103,Page view: {page} by {user}
50471,2026-01-13,15:31:44,INFO,OrderProcessor,User u2996 login successful,E101,User {user} login successful
50472,2026-01-13,15:26:19,INFO,WebServer,Transaction tx654906 completed in 307ms,E104,Transaction {tx} completed in {time}ms
50473,2026-01-13,15:11:01,INFO,WebServer,Page view: /home by u3298,E103,Page view: {page} by {user}
50474,2026-01-13,15:08:03,INFO,OrderProcessor,Transaction tx393062 completed in 37ms,E104,Transaction {tx} completed in {time}ms
50475,2026-01-13,15:21:08,INFO,OrderProcessor,Page view: /home by u2209,E103,Page view: {page} by {user}
50476,2026-01-13,15:51:32,INFO,OrderProcessor,Transaction tx979536 completed in 876ms,E104,Transaction {tx} completed in {time}ms
50477,2026-01-13,15:51:58,INFO,PaymentGateway,Health check passed: PaymentGateway,E102,Health check passed: {service}
50478,2026-01-13,15:56:17,INFO,OrderProcessor,User u2984 login successful,E101,User {user} login successful
50479,2026-01-13,15:57:06,INFO,WebServer,Transaction tx877881 completed in 1653ms,E104,Transaction {tx} completed in {time}ms
50480,2026-01-13,15:24:54,INFO,WebServer,Page view: /home by u2557,E103,Page view: {page} by {user}
50481,2026-01-13,15:00:48,INFO,WebServer,User u1355 login successful,E101,User {user} login successful
50482,2026-01-13,15:36:17,INFO,WebServer,User u2689 login successful,E101,User {user} login successful
50483,2026-01-13,15:11:16,INFO,AuthService,Health check passed: AuthService,E102,Health check passed: {service}
50484,2026-01-13,15:45:10,WARN,OrderProcessor,Unauthorized access attempt from 10.0.0.45,E401,Unauthorized access attempt from {ip}
50485,2026-01-13,15:59:59,INFO,WebServer,Page view: /home by u1238,E103,Page view: {page} by {user}
50486,2026-01-13,15:32:01,INFO,WebServer,Transaction tx951135 completed in 1494ms,E104,Transaction {tx} completed in {time}ms
50487,2026-01-13,15:40:27,INFO,AuthService,Health check passed: AuthService,E102,Health check passed: {service}
50488,2026-01-13,15:45:04,INFO,PaymentGateway,Transaction tx670002 completed in 609ms,E104,Transaction {tx} completed in {time}ms
50489,2026-01-13,15:51:22,INFO,WebServer,Transaction tx125450 completed in 87ms,E104,Transaction {tx} completed in {time}ms
50490,2026-01-13,15:15:14,INFO,AuthService,Page view: /home by u2626,E103,Page view: {page} by {user}
50491,2026-01-13,15:24:15,INFO,WebServer,User u2976 login successful,E101,User {user} login successful
50492,2026-01-13,15:49:40,INFO,AuthService,Transaction tx362158 completed in 372ms,E104,Transaction {tx} completed in {time}ms
50493,2026-01-13,15:50:35,INFO,WebServer,Transaction tx729956 completed in 550ms,E104,Transaction {tx} completed in {time}ms
50494,2026-01-13,15:26:41,INFO,OrderProcessor,Page view: /home by u2225,E103,Page view: {page} by {user}
50495,2026-01-13,15:13:18,INFO,OrderProcessor,Health check passed: OrderProcessor,E102,Health check passed: {service}
50496,2026-01-13,15:48:30,INFO,WebServer,Transaction tx953100 completed in 221ms,E104,Transaction {tx} completed in {time}ms
50497,2026-01-13,15:01:53,INFO,WebServer,Health check passed: WebServer,E102,Health check passed: {service}
50498,2026-01-13,15:15:24,INFO,InventoryDB,Transaction tx838729 completed in 940ms,E104,Transaction {tx} completed in {time}ms
50499,2026-01-13,15:38:31,INFO,PaymentGateway,Page view: /home by u3766,E103,Page view: {page} by {user}
50500,2026-01-13,15:39:44,INFO,OrderProcessor,User u3163 login successful,E101,User {user} login successful
50501,2026-01-13,15:13:54,INFO,WebServer,Health check passed: WebServer,E102,Health check passed: {service}
50502,2026-01-13,15:43:40,INFO,WebServer,Health check passed: WebServer,E102,Health check passed: {service}
50503,2026-01-13,15:17:17,INFO,WebServer,Transaction tx532716 completed in 670ms,E104,Transaction {tx} completed in {time}ms
50504,2026-01-13,15:12:30,INFO,AuthService,Page view: /home by u2969,E103,Page view: {page} by {user}
50505,2026-01-13,15:48:09,INFO,AuthService,Health check passed: AuthService,E102,Health check passed: {service}
50506,2026-01-13,15:23:31,INFO,AuthService,Page view: /home by u2455,E103,Page view: {page} by {user}
50507,2026-01-13,15:57:59,ERROR,AuthService,Timeout waiting for lock on InventoryDB,E502,Timeout waiting for lock on {db}
50508,2026-01-13,15:28:38,INFO,AuthService,Health check passed: AuthService,E102,Health check passed: {service}
50509,2026-01-13,15:21:08,INFO,InventoryDB,Health check passed: InventoryDB,E102,Health check passed: {service}
50510,2026-01-13,15:23:14,INFO,WebServer,Health check passed: WebServer,E102,Health check passed: {service}
50511,2026-01-13,15:59:32,INFO,WebServer,Transaction tx866208 completed in 1039ms,E104,Transaction {tx} completed in {time}ms
50512,2026-01-13,15:50:27,INFO,WebServer,Health check passed: WebServer,E102,Health check passed: {service}
50513,2026-01-13,15:27:38,INFO,OrderProcessor,Page view: /home by u4878,E103,Page view: {page} by {user}
50514,2026-01-13,15:18:13,INFO,OrderProcessor,Health check passed: OrderProcessor,E102,Health check passed: {service}
50515,2026-01-13,15:20:09,INFO,WebServer,Page view: /home by u2827,E103,Page view: {page} by {user}
50516,2026-01-13,15:28:26,INFO,WebServer,User u4640 login successful,E101,User {user} login successful
50517,2026-01-13,15:47:37,INFO,WebServer,Health check passed: WebServer,E102,Health check passed: {service}
50518,2026-01-13,15:59:46,INFO,PaymentGateway,Transaction tx659794 completed in 928ms,E104,Transaction {tx} completed in {time}ms
50519,2026-01-13,15:31:59,INFO,OrderProcessor,User u4527 login successful,E101,User {user} login successful
50520,2026-01-13,15:00:40,CRITICAL,InventoryDB,KERNEL PANIC: Node node-4 crashed,E601,KERNEL PANIC: Node {node} crashed
50521,2026-01-13,15:54:43,INFO,OrderProcessor,Transaction tx642529 completed in 1693ms,E104,Transaction {tx} completed in {time}ms
50522,2026-01-13,15:19:28,INFO,PaymentGateway,User u2514 login successful,E101,User {user} login successful
50523,2026-01-13,15:41:12,INFO,WebServer,Transaction tx882441 completed in 106ms,E104,Transaction {tx} completed in {time}ms
50524,2026-01-13,15:42:33,INFO,OrderProcessor,Transaction tx813922 completed in 400ms,E104,Transaction {tx} completed in {time}ms
50525,2026-01-13,15:15:59,INFO,InventoryDB,User u3571 login successful,E101,User {user} login successful
50526,2026-01-13,15:27:11,INFO,AuthService,Page view: /home by u4370,E103,Page view: {page} by {user}
50527,2026-01-13,15:35:06,INFO,PaymentGateway,User u1416 login successful,E101,User {user} login successful
50528,2026-01-13,15:17:33,INFO,WebServer,Page view: /home by u3978,E103,Page view: {page} by {user}
50529,2026-01-13,15:30:31,INFO,WebServer,Health check passed: WebServer,E102,Health check passed: {service}
50530,2026-01-13,15:19:26,WARN,AuthService,Disk usage > 85% on node node-4,E202,Disk usage > 85% on node {node}
50531,2026-01-13,15:12:47,INFO,AuthService,Health check passed: AuthService,E102,Health check passed: {service}
50532,2026-01-13,15:03:10,INFO,WebServer,User u4103 login successful,E101,User {user} login successful
50533,2026-01-13,15:16:59,INFO,OrderProcessor,Transaction tx702447 completed in 1656ms,E104,Transaction {tx} completed in {time}ms
50534,2026-01-13,15:05:19,INFO,WebServer,User u1456 login successful,E101,User {user} login successful
50535,2026-01-13,15:46:58,WARN,WebServer,High latency (1585ms) detected on WebServer,E201,High latency ({time}ms) detected on {service}
50536,2026-01-13,15:48:30,INFO,OrderProcessor,Health check passed: OrderProcessor,E102,Health check passed: {service}
50537,2026-01-13,15:12:18,INFO,PaymentGateway,Health check passed: PaymentGateway,E102,Health check passed: {service}
50538,2026-01-13,15:13:57,INFO,WebServer,Health check passed: WebServer,E102,Health check passed: {service}
50539,2026-01-13,15:58:24,INFO,WebServer,Page view: /home by u3130,E103,Page view: {page} by {user}
50540,2026-01-13,15:45:12,INFO,WebServer,User u3822 login successful,E101,User {user} login successful
50541,2026-01-13,15:46:43,INFO,AuthService,Page view: /home by u4861,E103,Page view: {page} by {user}
50542,2026-01-13,15:09:31,INFO,OrderProcessor,Health check passed: OrderProcessor,E102,Health check passed: {service}
50543,2026-01-13,15:16:10,INFO,WebServer,User u3639 login successful,E101,User {user} login successful
50544,2026-01-13,15:16:40,INFO,WebServer,Page view: /home by u3831,E103,Page view: {page} by {user}
50545,2026-01-13,15:50:22,INFO,WebServer,User u2878 login successful,E101,User {user} login successful
50546,2026-01-13,15:48:59,INFO,WebServer,Page view: /home by u3180,E103,Page view: {page} by {user}
50547,2026-01-13,15:45:00,INFO,WebServer,Page view: /home by u2923,E103,Page view: {page} by {user}
50548,2026-01-13,15:22:15,INFO,WebServer,User u3707 login successful,E101,User {user} login successful
50549,2026-01-13,15:14:16,INFO,AuthService,Page view: /home by u1434,E103,Page view: {page} by {user}
50550,2026-01-13,15:19:58,INFO,InventoryDB,User u4409 login successful,E101,User {user} login successful
50551,2026-01-13,15:57:59,INFO,AuthService,User u3180 login successful,E101,User {user} login successful
50552,2026-01-13,15:56:10,INFO,WebServer,User u3478 login successful,E101,User {user} login successful
50553,2026-01-13,15:53:52,INFO,AuthService,Transaction tx308909 completed in 1369ms,E104,Transaction {tx} completed in {time}ms
50554,2026-01-13,15:08:41,INFO,WebServer,Health check passed: WebServer,E102,Health check passed: {service}
50555,2026-01-13,15:16:26,INFO,WebServer,User u2593 login successful,E101,User {user} login successful
50556,2026-01-13,15:41:15,INFO,PaymentGateway,Transaction tx231254 completed in 213ms,E104,Transaction {tx} completed in {time}ms
50557,2026-01-13,15:50:44,INFO,WebServer,User u2122 login successful,E101,User {user} login successful
50558,2026-01-13,15:04:12,INFO,OrderProcessor,Page view: /home by u3923,E103,Page view: {page} by {user}
50559,2026-01-13,15:24:52,INFO,WebServer,Health check passed: WebServer,E102,Health check passed: {service}
50560,2026-01-13,15:57:04,WARN,AuthService,High latency (585ms) detected on AuthService,E201,High latency ({time}ms) detected on {service}
50561,2026-01-13,15:38:44,ERROR,WebServer,Connection refused to WebServer at 10.0.0.45,E501,Connection refused to {service} at {ip}
50562,2026-01-13,15:07:06,INFO,AuthService,Health check passed: AuthService,E102,Health check passed: {service}
50563,2026-01-13,15:20:59,INFO,PaymentGateway,User u1490 login successful,E101,User {user} login successful
50564,2026-01-13,15:56:33,INFO,AuthService,Health check passed: AuthService,E102,Health check passed: {service}
50565,2026-01-13,15:13:37,INFO,WebServer,Transaction tx262582 completed in 336ms,E104,Transaction {tx} completed in {time}ms
50566,2026-01-13,15:22:17,INFO,WebServer,Page view: /home by u4060,E103,Page view: {page} by {user}
50567,2026-01-13,15:38:07,WARN,WebServer,Disk usage > 85% on node node-5,E202,Disk usage > 85% on node {node}
50568,2026-01-13,15:00:55,INFO,AuthService,User u1961 login successful,E101,User {user} login successful
50569,2026-01-13,15:16:15,INFO,PaymentGateway,Transaction tx469892 completed in 1987ms,E104,Transaction {tx} completed in {time}ms
50570,2026-01-13,15:28:26,INFO,WebServer,Transaction tx194495 completed in 1514ms,E104,Transaction {tx} completed in {time}ms
50571,2026-01-13,15:57:48,INFO,AuthService,User u2751 login successful,E101,User {user} login successful
50572,2026-01-13,15:04:36,INFO,OrderProcessor,User u3430 login successful,E101,User {user} login successful
50573,2026-01-13,15:50:28,INFO,WebServer,Health check passed: WebServer,E102,Health check passed: {service}
50574,2026-01-13,15:32:56,INFO,AuthService,Transaction tx686626 completed in 1911ms,E104,Transaction {tx} completed in {time}ms
50575,2026-01-13,15:40:25,INFO,WebServer,Page view: /home by u3777,E103,Page view: {page} by {user}
50576,2026-01-13,15:46:14,WARN,OrderProcessor,High latency (286ms) detected on OrderProcessor,E201,High latency ({time}ms) detected on {service}
50577,2026-01-13,15:49:09,INFO,WebServer,Health check passed: WebServer,E102,Health check passed: {service}
50578,2026-01-13,15:03:00,INFO,PaymentGateway,Page view: /home by u3648,E103,Page view: {page} by {user}
50579,2026-01-13,15:11:48,INFO,InventoryDB,User u3618 login successful,E101,User {user} login successful
50580,2026-01-13,15:16:15,INFO,WebServer,Health check passed: WebServer,E102,Health check passed: {service}
50581,2026-01-13,15:39:44,INFO,AuthService,Page view: /home by u1417,E103,Page view: {page} by {user}
50582,2026-01-13,15:08:53,INFO,WebServer,Page view: /home by u2058,E103,Page view: {page} by {user}
50583,2026-01-13,15:50:13,INFO,PaymentGateway,Transaction tx237834 completed in 1603ms,E104,Transaction {tx} completed in {time}ms
50584,2026-01-13,15:09:40,INFO,WebServer,Page view: /home by u2475,E103,Page view: {page} by {user}
50585,2026-01-13,15:52:08,INFO,WebServer,Transaction tx165142 completed in 551ms,E104,Transaction {tx} completed in {time}ms
50586,2026-01-13,15:25:29,INFO,OrderProcessor,Health check passed: OrderProcessor,E102,Health check passed: {service}
50587,2026-01-13,15:08:47,INFO,OrderProcessor,Page view: /home by u3478,E103,Page view: {page} by {user}
50588,2026-01-13,15:26:01,INFO,OrderProcessor,Transaction tx445044 completed in 787ms,E104,Transaction {tx} completed in {time}ms
50589,2026-01-13,15:21:36,INFO,WebServer,Transaction tx897635 completed in 770ms,E104,Transaction {tx} completed in {time}ms
50590,2026-01-13,15:45:03,INFO,AuthService,Transaction tx263904 completed in 679ms,E104,Transaction {tx} completed in {time}ms
50591,2026-01-13,15:33:38,INFO,WebServer,Page view: /home by u2441,E103,Page view: {page} by {user}
50592,2026-01-13,15:07:07,INFO,InventoryDB,User u1704 login successful,E101,User {user} login successful
50593,2026-01-13,15:39:36,INFO,PaymentGateway,Health check passed: PaymentGateway,E102,Health check passed: {service}
50594,2026-01-13,15:48:04,ERROR,WebServer,Timeout waiting for lock on InventoryDB,E502,Timeout waiting for lock on {db}
50595,2026-01-13,15:02:22,INFO,WebServer,Transaction tx148971 completed in 843ms,E104,Transaction {tx} completed in {time}ms
50596,2026-01-13,15:50:08,INFO,AuthService,Transaction tx765846 completed in 1928ms,E104,Transaction {tx} completed in {time}ms
50597,2026-01-13,15:51:26,WARN,OrderProcessor,Unauthorized access attempt from 10.0.0.45,E401,Unauthorized access attempt from {ip}
50598,2026-01-13,15:13:42,INFO,WebServer,Transaction tx384166 completed in 369ms,E104,Transaction {tx} completed in {time}ms
50599,2026-01-13,15:15:03,INFO,PaymentGateway,Transaction tx408776 completed in 1187ms,E104,Transaction {tx} completed in {time}ms
50600,2026-01-13,15:16:35,INFO,WebServer,Transaction tx168483 completed in 948ms,E104,Transaction {tx} completed in {time}ms
50601,2026-01-13,15:25:47,INFO,WebServer,Page view: /home by u1804,E103,Page view: {page} by {user}
50602,2026-01-13,15:47:15,INFO,WebServer,Transaction tx633822 completed in 1908ms,E104,Transaction {tx} completed in {time}ms
50603,2026-01-13,15:18:47,INFO,WebServer,Page view: /home by u4398,E103,Page view: {page} by {user}
50604,2026-01-13,15:05:43,INFO,AuthService,Transaction tx407032 completed in 1472ms,E104,Transaction {tx} completed in {time}ms
50605,2026-01-13,15:56:40,INFO,WebServer,Transaction tx604853 completed in 667ms,E104,Transaction {tx} completed in {time}ms
50606,2026-01-13,15:03:16,INFO,PaymentGateway,Transaction tx513672 completed in 1357ms,E104,Transaction {tx} completed in {time}ms
50607,2026-01-13,15:34:34,INFO,WebServer,User u2184 login successful,E101,User {user} login successful
50608,2026-01-13,15:40:41,INFO,WebServer,Page view: /home by u4216,E103,Page view: {page} by {user}
50609,2026-01-13,15:25:41,INFO,WebServer,Health check passed: WebServer,E102,Health check passed: {service}
50610,2026-01-13,15:35:45,INFO,AuthService,User u4422 login successful,E101,User {user} login successful
50611,2026-01-13,15:28:14,INFO,WebServer,User u3678 login successful,E101,User {user} login successful
50612,2026-01-13,15:39:15,WARN,WebServer,Disk usage > 85% on node node-2,E202,Disk usage > 85% on node {node}
50613,2026-01-13,15:32:59,WARN,WebServer,Disk usage > 85% on node node-5,E202,Disk usage > 85% on node {node}
50614,2026-01-13,15:18:44,INFO,WebServer,User u2107 login successful,E101,User {user} login successful
50615,2026-01-13,15:38:09,INFO,WebServer,Health check passed: WebServer,E102,Health check passed: {service}
50616,2026-01-13,15:25:51,INFO,OrderProcessor,Health check passed: OrderProcessor,E102,Health check passed: {service}
50617,2026-01-13,15:57:54,INFO,AuthService,Page view: /home by u3616,E103,Page view: {page} by {user}
50618,2026-01-13,15:22:52,INFO,AuthService,Transaction tx285036 completed in 1199ms,E104,Transaction {tx} completed in {time}ms
50619,2026-01-13,15:04:25,INFO,OrderProcessor,Page view: /home by u2496,E103,Page view: {page} by {user}
50620,2026-01-13,15:18:14,INFO,WebServer,User u4893 login successful,E101,User {user} login successful
50621,2026-01-13,15:57:58,INFO,WebServer,Page view: /home by u2685,E103,Page view: {page} by {user}
50622,2026-01-13,15:16:14,WARN,WebServer,High latency (1770ms) detected on WebServer,E201,High latency ({time}ms) detected on {service}
50623,2026-01-13,15:36:51,INFO,WebServer,Transaction tx796161 completed in 161ms,E104,Transaction {tx} completed in {time}ms
50624,2026-01-13,15:00:49,INFO,WebServer,Health check passed: WebServer,E102,Health check passed: {service}
50625,2026-01-13,15:06:33,INFO,AuthService,Health check passed: AuthService,E102,Health check passed: {service}
50626,2026-01-13,15:19:56,INFO,WebServer,Transaction tx527558 completed in 267ms,E104,Transaction {tx} completed in {time}ms
50627,2026-01-13,15:03:16,INFO,WebServer,Health check passed: WebServer,E102,Health check passed: {service}
50628,2026-01-13,15:52:54,INFO,WebServer,User u4717 login successful,E101,User {user} login successful
50629,2026-01-13,15:04:53,INFO,WebServer,Health check passed: WebServer,E102,Health check passed: {service}
50630,2026-01-13,15:36:54,INFO,WebServer,Health check passed: WebServer,E102,Health check passed: {service}
50631,2026-01-13,15:19:48,INFO,AuthService,Health check passed: AuthService,E102,Health check passed: {service}
50632,2026-01-13,15:21:28,INFO,WebServer,Transaction tx558624 completed in 843ms,E104,Transaction {tx} completed in {time}ms
50633,2026-01-13,15:08:40,WARN,PaymentGateway,High latency (1781ms) detected on PaymentGateway,E201,High latency ({time}ms) detected on {service}
50634,2026-01-13,15:25:32,INFO,WebServer,User u2992 login successful,E101,User {user} login successful
50635,2026-01-13,15:37:13,INFO,WebServer,Transaction tx431159 completed in 1950ms,E104,Transaction {tx} completed in {time}ms
50636,2026-01-13,15:18:13,INFO,WebServer,Page view: /home by u3800,E103,Page view: {page} by {user}
50637,2026-01-13,15:16:57,INFO,PaymentGateway,Page view: /home by u3899,E103,Page view: {page} by {user}
50638,2026-01-13,15:26:53,INFO,WebServer,Health check passed: WebServer,E102,Health check passed: {service}
50639,2026-01-13,15:11:02,INFO,OrderProcessor,Health check passed: OrderProcessor,E102,Health check passed: {service}
50640,2026-01-13,15:59:29,INFO,WebServer,Health check passed: WebServer,E102,Health check passed: {service}
50641,2026-01-13,15:07:27,INFO,WebServer,User u3234 login successful,E101,User {user} login successful
50642,2026-01-13,15:30:32,INFO,InventoryDB,Page view: /home by u2431,E103,Page view: {page} by {user}
50643,2026-01-13,15:52:41,INFO,OrderProcessor,Health check passed: OrderProcessor,E102,Health check passed: {service}
50644,2026-01-13,15:35:40,INFO,WebServer,User u1129 login successful,E101,User {user} login successful
50645,2026-01-13,15:07:48,INFO,WebServer,Health check passed: WebServer,E102,Health check passed: {service}
50646,2026-01-13,15:16:18,INFO,WebServer,Transaction tx874413 completed in 584ms,E104,Transaction {tx} completed in {time}ms
50647,2026-01-13,15:45:43,INFO,InventoryDB,Health check passed: InventoryDB,E102,Health check passed: {service}
50648,2026-01-13,15:46:29,INFO,WebServer,Health check passed: WebServer,E102,Health check passed: {service}
50649,2026-01-13,15:09:13,INFO,PaymentGateway,Health check passed: PaymentGateway,E102,Health check passed: {service}
50650,2026-01-13,15:20:53,INFO,WebServer,Health check passed: WebServer,E102,Health check passed: {service}
50651,2026-01-13,15:18:15,INFO,OrderProcessor,User u1228 login successful,E101,User {user} login successful
50652,2026-01-13,15:36:59,INFO,InventoryDB,Page view: /home by u1159,E103,Page view: {page} by {user}
50653,2026-01-13,15:19:21,INFO,PaymentGateway,Transaction tx817789 completed in 1224ms,E104,Transaction {tx} completed in {time}ms
50654,2026-01-13,15:22:07,INFO,AuthService,User u3840 login successful,E101,User {user} login successful
50655,2026-01-13,15:38:53,INFO,WebServer,Page view: /home by u4326,E103,Page view: {page} by {user}
50656,2026-01-13,15:29:16,INFO,OrderProcessor,Page view: /home by u1926,E103,Page view: {page} by {user}
50657,2026-01-13,15:51:52,INFO,OrderProcessor,Transaction tx233434 completed in 1761ms,E104,Transaction {tx} completed in {time}ms
50658,2026-01-13,15:02:45,INFO,OrderProcessor,Page view: /home by u4823,E103,Page view: {page} by {user}
50659,2026-01-13,15:21:28,INFO,OrderProcessor,Health check passed: OrderProcessor,E102,Health check passed: {service}
50660,2026-01-13,15:52:15,INFO,WebServer,User u3272 login successful,E101,User {user} login successful
50661,2026-01-13,15:56:16,INFO,WebServer,User u3246 login successful,E101,User {user} login successful
50662,2026-01-13,15:59:10,WARN,WebServer,Unauthorized access attempt from 10.0.0.45,E401,Unauthorized access attempt from {ip}
50663,2026-01-13,15:55:08,INFO,WebServer,Health check passed: WebServer,E102,Health check passed: {service}
50664,2026-01-13,15:37:49,INFO,PaymentGateway,Transaction tx474704 completed in 1597ms,E104,Transaction {tx} completed in {time}ms
50665,2026-01-13,15:45:37,INFO,WebServer,Transaction tx655957 completed in 1688ms,E104,Transaction {tx} completed in {time}ms
50666,2026-01-13,15:09:55,INFO,OrderProcessor,Health check passed: OrderProcessor,E102,Health check passed: {service}
50667,2026-01-13,15:33:34,INFO,WebServer,Page view: /home by u4031,E103,Page view: {page} by {user}
50668,2026-01-13,15:10:20,INFO,AuthService,Page view: /home by u3158,E103,Page view: {page} by {user}
50669,2026-01-13,15:23:15,INFO,WebServer,Health check passed: WebServer,E102,Health check passed: {service}
50670,2026-01-13,15:11:01,INFO,OrderProcessor,Transaction tx527341 completed in 1553ms,E104,Transaction {tx} completed in {time}ms
50671,2026-01-13,15:30:07,INFO,WebServer,Page view: /home by u3880,E103,Page view: {page} by {user}
50672,2026-01-13,15:55:54,INFO,AuthService,User u2107 login successful,E101,User {user} login successful
50673,2026-01-13,15:09:59,WARN,AuthService,High latency (855ms) detected on AuthService,E201,High latency ({time}ms) detected on {service}
50674,2026-01-13,15:34:09,INFO,AuthService,User u1043 login successful,E101,User {user} login successful
50675,2026-01-13,15:56:05,INFO,WebServer,Health check passed: WebServer,E102,Health check passed: {service}
50676,2026-01-13,15:29:30,INFO,OrderProcessor,User u1901 login successful,E101,User {user} login successful
50677,2026-01-13,15:23:34,INFO,OrderProcessor,Page view: /home by u4166,E103,Page view: {page} by {user}
50678,2026-01-13,15:32:28,WARN,WebServer,Unauthorized access attempt from 10.0.0.99,E401,Unauthorized access attempt from {ip}
50679,2026-01-13,15:10:13,INFO,InventoryDB,Health check passed: InventoryDB,E102,Health check passed: {service}
50680,2026-01-13,15:50:38,INFO,WebServer,Transaction tx608822 completed in 122ms,E104,Transaction {tx} completed in {time}ms
50681,2026-01-13,15:16:37,INFO,AuthService,Health check passed: AuthService,E102,Health check passed: {service}
50682,2026-01-13,15:11:18,INFO,WebServer,User u4481 login successful,E101,User {user} login successful
50683,2026-01-13,15:51:26,INFO,OrderProcessor,Health check passed: OrderProcessor,E102,Health check passed: {service}
50684,2026-01-13,15:33:35,INFO,AuthService,Transaction tx797468 completed in 487ms,E104,Transaction {tx} completed in {time}ms
50685,2026-01-13,15:32:33,INFO,WebServer,Health check passed: WebServer,E102,Health check passed: {service}
50686,2026-01-13,15:18:02,INFO,AuthService,Transaction tx866709 completed in 1451ms,E104,Transaction {tx} completed in {time}ms
50687,2026-01-13,15:36:30,INFO,WebServer,User u3725 login successful,E101,User {user} login successful
50688,2026-01-13,15:48:11,INFO,WebServer,User u1449 login successful,E101,User {user} login successful
50689,2026-01-13,15:06:38,INFO,WebServer,Health check passed: WebServer,E102,Health check passed: {service}
50690,2026-01-13,15:52:57,WARN,WebServer,Disk usage > 85% on node node-2,E202,Disk usage > 85% on node {node}
50691,2026-01-13,15:00:30,INFO,WebServer,Health check passed: WebServer,E102,Health check passed: {service}
50692,2026-01-13,15:42:36,INFO,AuthService,User u4531 login successful,E101,User {user} login successful
50693,2026-01-13,15:27:40,INFO,WebServer,Transaction tx379082 completed in 1982ms,E104,Transaction {tx} completed in {time}ms
50694,2026-01-13,15:45:36,WARN,AuthService,Disk usage > 85% on node node-3,E202,Disk usage > 85% on node {node}
50695,2026-01-13,15:45:02,INFO,WebServer,Health check passed: WebServer,E102,Health check passed: {service}
50696,2026-01-13,15:54:01,WARN,PaymentGateway,Disk usage > 85% on node node-3,E202,Disk usage > 85% on node {node}
50697,2026-01-13,15:20:14,INFO,AuthService,Transaction tx200821 completed in 427ms,E104,Transaction {tx} completed in {time}ms
50698,2026-01-13,15:32:12,INFO,AuthService,Page view: /home by u4878,E103,Page view: {page} by {user}
50699,2026-01-13,15:18:28,INFO,WebServer,Transaction tx325905 completed in 1504ms,E104,Transaction {tx} completed in {time}ms
50700,2026-01-13,15:48:07,INFO,PaymentGateway,Transaction tx223970 completed in 1745ms,E104,Transaction {tx} completed in {time}ms
50701,2026-01-13,15:53:09,WARN,AuthService,Unauthorized access attempt from 10.0.0.88,E401,Unauthorized access attempt from {ip}
50702,2026-01-13,15:45:51,INFO,WebServer,Transaction tx845029 completed in 224ms,E104,Transaction {tx} completed in {time}ms
50703,2026-01-13,15:27:22,INFO,OrderProcessor,Transaction tx694805 completed in 572ms,E104,Transaction {tx} completed in {time}ms
50704,2026-01-13,15:17:53,INFO,AuthService,Page view: /home by u4260,E103,Page view: {page} by {user}
50705,2026-01-13,15:20:43,INFO,WebServer,Transaction tx258620 completed in 1394ms,E104,Transaction {tx} completed in {time}ms
50706,2026-01-13,15:38:16,INFO,WebServer,Health check passed: WebServer,E102,Health check passed: {service}
50707,2026-01-13,15:47:28,INFO,WebServer,Health check passed: WebServer,E102,Health check passed: {service}
50708,2026-01-13,15:25:02,INFO,AuthService,Page view: /home by u4486,E103,Page view: {page} by {user}
50709,2026-01-13,15:26:05,INFO,PaymentGateway,Page view: /home by u4611,E103,Page view: {page} by {user}
50710,2026-01-13,15:49:12,INFO,OrderProcessor,User u1901 login successful,E101,User {user} login successful
50711,2026-01-13,15:43:57,INFO,InventoryDB,User u3287 login successful,E101,User {user} login successful
50712,2026-01-13,15:22:51,INFO,WebServer,User u1403 login successful,E101,User {user} login successful
50713,2026-01-13,15:17:23,INFO,WebServer,Transaction tx600589 completed in 1183ms,E104,Transaction {tx} completed in {time}ms
50714,2026-01-13,15:26:07,INFO,AuthService,User u3748 login successful,E101,User {user} login successful
50715,2026-01-13,15:43:34,INFO,AuthService,User u2679 login successful,E101,User {user} login successful
50716,2026-01-13,15:04:48,INFO,WebServer,Health check passed: WebServer,E102,Health check passed: {service}
50717,2026-01-13,15:21:27,INFO,WebServer,Health check passed: WebServer,E102,Health check passed: {service}
50718,2026-01-13,15:05:30,INFO,AuthService,Health check passed: AuthService,E102,Health check passed: {service}
50719,2026-01-13,15:37:47,INFO,AuthService,Page view: /home by u3035,E103,Page view: {page} by {user}
50720,2026-01-13,15:40:21,INFO,WebServer,Transaction tx307536 completed in 930ms,E104,Transaction {tx} completed in {time}ms
50721,2026-01-13,15:10:56,INFO,WebServer,Health check passed: WebServer,E102,Health check passed: {service}
50722,2026-01-13,15:02:19,INFO,AuthService,Health check passed: AuthService,E102,Health check passed: {service}
50723,2026-01-13,15:43:32,INFO,WebServer,Page view: /home by u2370,E103,Page view: {page} by {user}
50724,2026-01-13,15:45:57,INFO,OrderProcessor,User u3321 login successful,E101,User {user} login successful
50725,2026-01-13,15:36:50,INFO,OrderProcessor,Page view: /home by u2279,E103,Page view: {page} by {user}
50726,2026-01-13,15:43:54,INFO,WebServer,Health check passed: WebServer,E102,Health check passed: {service}
50727,2026-01-13,15:55:56,INFO,OrderProcessor,Health check passed: OrderProcessor,E102,Health check passed: {service}
50728,2026-01-13,15:04:07,INFO,WebServer,Page view: /home by u2651,E103,Page view: {page} by {user}
50729,2026-01-13,15:28:28,INFO,WebServer,User u2148 login successful,E101,User {user} login successful
50730,2026-01-13,15:15:20,INFO,WebServer,User u3921 login successful,E101,User {user} login successful
50731,2026-01-13,15:40:12,INFO,WebServer,User u2862 login successful,E101,User {user} login successful
50732,2026-01-13,15:29:09,INFO,PaymentGateway,User u1821 login successful,E101,User {user} login successful
50733,2026-01-13,15:18:56,WARN,AuthService,Disk usage > 85% on node node-4,E202,Disk usage > 85% on node {node}
50734,2026-01-13,15:18:48,INFO,PaymentGateway,Health check passed: PaymentGateway,E102,Health check passed: {service}
50735,2026-01-13,15:25:13,INFO,WebServer,Page view: /home by u4134,E103,Page view: {page} by {user}
50736,2026-01-13,15:20:44,INFO,WebServer,Health check passed: WebServer,E102,Health check passed: {service}
50737,2026-01-13,15:53:59,INFO,WebServer,User u2500 login successful,E101,User {user} login successful
50738,2026-01-13,15:08:25,INFO,WebServer,Transaction tx870656 completed in 619ms,E104,Transaction {tx} completed in {time}ms
50739,2026-01-13,15:07:59,INFO,WebServer,Transaction tx913929 completed in 1028ms,E104,Transaction {tx} completed in {time}ms
50740,2026-01-13,15:13:50,INFO,AuthService,Health check passed: AuthService,E102,Health check passed: {service}
50741,2026-01-13,15:53:13,INFO,WebServer,Health check passed: WebServer,E102,Health check passed: {service}
50742,2026-01-13,15:02:08,INFO,WebServer,Page view: /home by u3371,E103,Page view: {page} by {user}
50743,2026-01-13,15:44:41,INFO,WebServer,User u4388 login successful,E101,User {user} login successful
50744,2026-01-13,15:36:07,WARN,InventoryDB,Unauthorized access attempt from 10.0.0.45,E401,Unauthorized access attempt from {ip}
50745,2026-01-13,15:09:13,INFO,AuthService,Health check passed: AuthService,E102,Health check passed: {service}
50746,2026-01-13,15:02:48,INFO,WebServer,Transaction tx330625 completed in 1384ms,E104,Transaction {tx} completed in {time}ms
50747,2026-01-13,15:16:58,INFO,WebServer,Health check passed: WebServer,E102,Health check passed: {service}
50748,2026-01-13,15:09:42,INFO,WebServer,Health check passed: WebServer,E102,Health check passed: {service}
50749,2026-01-13,15:41:15,INFO,AuthService,Page view: /home by u3485,E103,Page view: {page} by {user}
50750,2026-01-13,15:48:30,INFO,AuthService,User u4731 login successful,E101,User {user} login successful
50751,2026-01-13,15:14:09,INFO,OrderProcessor,Page view: /home by u2899,E103,Page view: {page} by {user}
50752,2026-01-13,15:38:08,INFO,WebServer,Page view: /home by u2885,E103,Page view: {page} by {user}
50753,2026-01-13,15:39:24,INFO,AuthService,Transaction tx982526 completed in 89ms,E104,Transaction {tx} completed in {time}ms
50754,2026-01-13,15:51:05,INFO,WebServer,Health check passed: WebServer,E102,Health check passed: {service}
50755,2026-01-13,15:03:29,INFO,WebServer,Page view: /home by u3219,E103,Page view: {page} by {user}
50756,2026-01-13,15:36:57,INFO,WebServer,Transaction tx939436 completed in 1378ms,E104,Transaction {tx} completed in {time}ms
50757,2026-01-13,15:30:22,INFO,WebServer,Health check passed: WebServer,E102,Health check passed: {service}
50758,2026-01-13,15:14:19,INFO,WebServer,Health check passed: WebServer,E102,Health check passed: {service}
50759,2026-01-13,15:26:05,INFO,AuthService,User u4418 login successful,E101,User {user} login successful
50760,2026-01-13,15:17:21,INFO,WebServer,Transaction tx216457 completed in 1265ms,E104,Transaction {tx} completed in {time}ms
50761,2026-01-13,15:18:12,INFO,WebServer,Transaction tx655942 completed in 1575ms,E104,Transaction {tx} completed in {time}ms
50762,2026-01-13,15:23:28,INFO,WebServer,Page view: /home by u4898,E103,Page view: {page} by {user}
50763,2026-01-13,15:49:12,INFO,WebServer,Health check passed: WebServer,E102,Health check passed: {service}
50764,2026-01-13,15:52:13,INFO,AuthService,User u3588 login successful,E101,User {user} login successful
50765,2026-01-13,15:49:38,INFO,WebServer,Page view: /home by u4468,E103,Page view: {page} by {user}
50766,2026-01-13,15:47:15,INFO,OrderProcessor,User u2100 login successful,E101,User {user} login successful
50767,2026-01-13,15:35:22,INFO,WebServer,Page view: /home by u1019,E103,Page view: {page} by {user}
50768,2026-01-13,15:56:29,INFO,AuthService,Transaction tx235950 completed in 1134ms,E104,Transaction {tx} completed in {time}ms
50769,2026-01-13,15:10:43,INFO,WebServer,User u1904 login successful,E101,User {user} login successful
50770,2026-01-13,15:42:06,INFO,WebServer,Health check passed: WebServer,E102,Health check passed: {service}
50771,2026-01-13,15:58:32,INFO,InventoryDB,User u4258 login successful,E101,User {user} login successful
50772,2026-01-13,15:06:51,INFO,WebServer,User u4828 login successful,E101,User {user} login successful
50773,2026-01-13,15:47:20,INFO,AuthService,Health check passed: AuthService,E102,Health check passed: {service}
50774,2026-01-13,15:26:31,INFO,WebServer,User u1150 login successful,E101,User {user} login successful
50775,2026-01-13,15:48:41,INFO,PaymentGateway,Health check passed: PaymentGateway,E102,Health check passed: {service}
50776,2026-01-13,15:16:59,INFO,AuthService,Page view: /home by u1121,E103,Page view: {page} by {user}
50777,2026-01-13,15:13:22,INFO,WebServer,Transaction tx135435 completed in 25ms,E104,Transaction {tx} completed in {time}ms
50778,2026-01-13,15:50:41,INFO,AuthService,Transaction tx134470 completed in 1856ms,E104,Transaction {tx} completed in {time}ms
50779,2026-01-13,15:06:21,INFO,WebServer,Health check passed: WebServer,E102,Health check passed: {service}
50780,2026-01-13,15:34:07,INFO,PaymentGateway,Page view: /home by u1476,E103,Page view: {page} by {user}
50781,2026-01-13,15:25:42,INFO,WebServer,Transaction tx122884 completed in 573ms,E104,Transaction {tx} completed in {time}ms
50782,2026-01-13,15:04:47,INFO,WebServer,User u4503 login successful,E101,User {user} login successful
50783,2026-01-13,15:04:27,INFO,WebServer,Health check passed: WebServer,E102,Health check passed: {service}
50784,2026-01-13,15:31:44,CRITICAL,WebServer,DATA CORRUPTION detected in sector 391,E602,DATA CORRUPTION detected in sector {sector}
50785,2026-01-13,15:41:34,WARN,WebServer,Disk usage > 85% on node node-3,E202,Disk usage > 85% on node {node}
50786,2026-01-13,15:47:52,CRITICAL,OrderProcessor,KERNEL PANIC: Node node-5 crashed,E601,KERNEL PANIC: Node {node} crashed
50787,2026-01-13,15:17:05,INFO,OrderProcessor,Transaction tx511401 completed in 1568ms,E104,Transaction {tx} completed in {time}ms
50788,2026-01-13,15:26:29,INFO,WebServer,Transaction tx141188 completed in 1204ms,E104,Transaction {tx} completed in {time}ms
50789,2026-01-13,15:44:10,INFO,AuthService,Page view: /home by u2594,E103,Page view: {page} by {user}
50790,2026-01-13,15:33:13,INFO,AuthService,Page view: /home by u2783,E103,Page view: {page} by {user}
50791,2026-01-13,15:42:39,INFO,WebServer,Page view: /home by u3051,E103,Page view: {page} by {user}
50792,2026-01-13,15:25:26,INFO,PaymentGateway,Health check passed: PaymentGateway,E102,Health check passed: {service}
50793,2026-01-13,15:25:37,INFO,WebServer,Health check passed: WebServer,E102,Health check passed: {service}
50794,2026-01-13,15:34:18,INFO,WebServer,Page view: /home by u2624,E103,Page view: {page} by {user}
50795,2026-01-13,15:26:05,INFO,WebServer,Transaction tx715765 completed in 536ms,E104,Transaction {tx} completed in {time}ms
50796,2026-01-13,15:50:53,INFO,WebServer,Health check passed: WebServer,E102,Health check passed: {service}
50797,2026-01-13,15:49:11,INFO,WebServer,Page view: /home by u1022,E103,Page view: {page} by {user}
50798,2026-01-13,15:13:15,INFO,PaymentGateway,Page view: /home by u3074,E103,Page view: {page} by {user}
50799,2026-01-13,15:20:11,INFO,WebServer,Transaction tx271890 completed in 1839ms,E104,Transaction {tx} completed in {time}ms
50800,2026-01-13,15:41:43,INFO,OrderProcessor,Health check passed: OrderProcessor,E102,Health check passed: {service}
50801,2026-01-13,15:06:18,INFO,WebServer,Page view: /home by u2605,E103,Page view: {page} by {user}
50802,2026-01-13,15:09:15,INFO,AuthService,Health check passed: AuthService,E102,Health check passed: {service}
50803,2026-01-13,15:18:36,INFO,PaymentGateway,Health check passed: PaymentGateway,E102,Health check passed: {service}
50804,2026-01-13,15:13:38,INFO,WebServer,User u2595 login successful,E101,User {user} login successful
50805,2026-01-13,15:11:37,INFO,OrderProcessor,Health check passed: OrderProcessor,E102,Health check passed: {service}
50806,2026-01-13,15:15:12,INFO,WebServer,User u2151 login successful,E101,User {user} login successful
50807,2026-01-13,15:51:58,INFO,WebServer,Health check passed: WebServer,E102,Health check passed: {service}
50808,2026-01-13,15:18:06,INFO,WebServer,User u1640 login successful,E101,User {user} login successful
50809,2026-01-13,15:03:19,INFO,AuthService,Health check passed: AuthService,E102,Health check passed: {service}
50810,2026-01-13,15:55:35,INFO,OrderProcessor,User u4185 login successful,E101,User {user} login successful
50811,2026-01-13,15:38:16,INFO,WebServer,Health check passed: WebServer,E102,Health check passed: {service}
50812,2026-01-13,15:36:50,INFO,PaymentGateway,Page view: /home by u4523,E103,Page view: {page} by {user}
50813,2026-01-13,15:40:10,INFO,WebServer,Health check passed: WebServer,E102,Health check passed: {service}
50814,2026-01-13,15:09:27,INFO,WebServer,Page view: /home by u3973,E103,Page view: {page} by {user}
50815,2026-01-13,15:19:50,INFO,PaymentGateway,Page view: /home by u3870,E103,Page view: {page} by {user}
50816,2026-01-13,15:19:38,INFO,OrderProcessor,User u3918 login successful,E101,User {user} login successful
50817,2026-01-13,15:57:18,INFO,WebServer,Page view: /home by u1101,E103,Page view: {page} by {user}
50818,2026-01-13,15:12:50,INFO,WebServer,Health check passed: WebServer,E102,Health check passed: {service}
50819,2026-01-13,15:48:23,INFO,WebServer,Transaction tx211340 completed in 289ms,E104,Transaction {tx} completed in {time}ms
50820,2026-01-13,15:54:37,INFO,OrderProcessor,User u1010 login successful,E101,User {user} login successful
50821,2026-01-13,15:51:38,INFO,OrderProcessor,User u2188 login successful,E101,User {user} login successful
50822,2026-01-13,15:02:06,INFO,WebServer,Page view: /home by u3006,E103,Page view: {page} by {user}
50823,2026-01-13,15:20:42,INFO,AuthService,Transaction tx231810 completed in 943ms,E104,Transaction {tx} completed in {time}ms
50824,2026-01-13,15:05:31,INFO,AuthService,User u2063 login successful,E101,User {user} login successful
50825,2026-01-13,15:01:44,INFO,WebServer,User u4391 login successful,E101,User {user} login successful
50826,2026-01-13,15:28:26,INFO,WebServer,User u2306 login successful,E101,User {user} login successful
50827,2026-01-13,15:38:16,INFO,AuthService,Transaction tx946824 completed in 1633ms,E104,Transaction {tx} completed in {time}ms
50828,2026-01-13,15:36:33,INFO,PaymentGateway,User u3484 login successful,E101,User {user} login successful
50829,2026-01-13,15:17:57,INFO,WebServer,User u2951 login successful,E101,User {user} login successful
50830,2026-01-13,15:18:28,INFO,WebServer,Health check passed: WebServer,E102,Health check passed: {service}
50831,2026-01-13,15:07:50,INFO,WebServer,User u1535 login successful,E101,User {user} login successful
50832,2026-01-13,15:05:32,INFO,PaymentGateway,Transaction tx944121 completed in 122ms,E104,Transaction {tx} completed in {time}ms
50833,2026-01-13,15:17:21,INFO,WebServer,Transaction tx116122 completed in 1871ms,E104,Transaction {tx} completed in {time}ms
50834,2026-01-13,15:43:16,INFO,OrderProcessor,Transaction tx685562 completed in 1604ms,E104,Transaction {tx} completed in {time}ms
50835,2026-01-13,15:55:56,INFO,WebServer,Page view: /home by u1735,E103,Page view: {page} by {user}
50836,2026-01-13,15:30:21,INFO,OrderProcessor,Health check passed: OrderProcessor,E102,Health check passed: {service}
50837,2026-01-13,15:42:37,INFO,WebServer,User u2526 login successful,E101,User {user} login successful
50838,2026-01-13,15:35:55,INFO,InventoryDB,Page view: /home by u4401,E103,Page view: {page} by {user}
50839,2026-01-13,15:46:15,INFO,PaymentGateway,Page view: /home by u1062,E103,Page view: {page} by {user}
50840,2026-01-13,15:25:31,INFO,WebServer,Transaction tx916789 completed in 966ms,E104,Transaction {tx} completed in {time}ms
50841,2026-01-13,15:26:00,INFO,AuthService,User u2052 login successful,E101,User {user} login successful
50842,2026-01-13,15:04:10,INFO,WebServer,Transaction tx264607 completed in 1481ms,E104,Transaction {tx} completed in {time}ms
50843,2026-01-13,15:07:43,INFO,WebServer,Transaction tx547891 completed in 411ms,E104,Transaction {tx} completed in {time}ms
50844,2026-01-13,15:39:14,INFO,OrderProcessor,User u4970 login successful,E101,User {user} login successful
50845,2026-01-13,15:52:42,INFO,OrderProcessor,User u2071 login successful,E101,User {user} login successful
50846,2026-01-13,15:03:28,INFO,InventoryDB,Page view: /home by u3142,E103,Page view: {page} by {user}
50847,2026-01-13,15:54:49,INFO,AuthService,Page view: /home by u4495,E103,Page view: {page} by {user}
50848,2026-01-13,15:44:22,WARN,PaymentGateway,Disk usage > 85% on node node-1,E202,Disk usage > 85% on node {node}
50849,2026-01-13,15:53:42,INFO,PaymentGateway,Transaction tx792397 completed in 61ms,E104,Transaction {tx} completed in {time}ms
50850,2026-01-13,15:37:22,WARN,WebServer,Unauthorized access attempt from 10.0.0.12,E401,Unauthorized access attempt from {ip}
50851,2026-01-13,15:00:06,INFO,InventoryDB,Transaction tx865923 completed in 227ms,E104,Transaction {tx} completed in {time}ms
50852,2026-01-13,15:35:37,INFO,OrderProcessor,Page view: /home by u1557,E103,Page view: {page} by {user}
50853,2026-01-13,15:55:04,INFO,AuthService,User u4370 login successful,E101,User {user} login successful
50854,2026-01-13,15:26:04,INFO,OrderProcessor,User u3527 login successful,E101,User {user} login successful
50855,2026-01-13,15:10:57,INFO,WebServer,Transaction tx941157 completed in 87ms,E104,Transaction {tx} completed in {time}ms
50856,2026-01-13,15:48:03,INFO,WebServer,Transaction tx446675 completed in 1539ms,E104,Transaction {tx} completed in {time}ms
50857,2026-01-13,15:18:47,INFO,WebServer,User u4562 login successful,E101,User {user} login successful
50858,2026-01-13,15:45:55,INFO,OrderProcessor,Transaction tx591963 completed in 345ms,E104,Transaction {tx} completed in {time}ms
50859,2026-01-13,15:10:13,INFO,AuthService,Page view: /home by u1440,E103,Page view: {page} by {user}
50860,2026-01-13,15:51:17,INFO,InventoryDB,Page view: /home by u3220,E103,Page view: {page} by {user}
50861,2026-01-13,15:37:45,INFO,WebServer,User u4435 login successful,E101,User {user} login successful
50862,2026-01-13,15:00:21,INFO,AuthService,Page view: /home by u1485,E103,Page view: {page} by {user}
50863,2026-01-13,15:37:00,INFO,WebServer,User u3053 login successful,E101,User {user} login successful
50864,2026-01-13,15:27:57,INFO,WebServer,Transaction tx101351 completed in 1219ms,E104,Transaction {tx} completed in {time}ms
50865,2026-01-13,15:58:05,INFO,WebServer,Page view: /home by u3517,E103,Page view: {page} by {user}
50866,2026-01-13,15:38:34,INFO,InventoryDB,Health check passed: InventoryDB,E102,Health check passed: {service}
50867,2026-01-13,15:56:38,INFO,AuthService,Page view: /home by u3807,E103,Page view: {page} by {user}
50868,2026-01-13,15:44:48,INFO,AuthService,Health check passed: AuthService,E102,Health check passed: {service}
50869,2026-01-13,15:01:22,INFO,OrderProcessor,Page view: /home by u2562,E103,Page view: {page} by {user}
50870,2026-01-13,15:50:26,INFO,WebServer,Health check passed: WebServer,E102,Health check passed: {service}
50871,2026-01-13,15:03:21,INFO,OrderProcessor,User u1924 login successful,E101,User {user} login successful
50872,2026-01-13,15:09:38,INFO,WebServer,Health check passed: WebServer,E102,Health check passed: {service}
50873,2026-01-13,15:50:35,INFO,OrderProcessor,Health check passed: OrderProcessor,E102,Health check passed: {service}
50874,2026-01-13,15:17:32,INFO,AuthService,Health check passed: AuthService,E102,Health check passed: {service}
50875,2026-01-13,15:59:08,INFO,PaymentGateway,Page view: /home by u1054,E103,Page view: {page} by {user}
50876,2026-01-13,15:39:01,INFO,WebServer,Transaction tx177814 completed in 416ms,E104,Transaction {tx} completed in {time}ms
50877,2026-01-13,15:01:15,INFO,WebServer,User u3873 login successful,E101,User {user} login successful
50878,2026-01-13,15:59:35,INFO,WebServer,Transaction tx339178 completed in 974ms,E104,Transaction {tx} completed in {time}ms
50879,2026-01-13,15:56:41,INFO,WebServer,User u3685 login successful,E101,User {user} login successful
50880,2026-01-13,15:38:59,INFO,AuthService,Transaction tx772417 completed in 392ms,E104,Transaction {tx} completed in {time}ms
50881,2026-01-13,15:54:20,INFO,WebServer,Page view: /home by u4128,E103,Page view: {page} by {user}
50882,2026-01-13,15:43:29,INFO,WebServer,Transaction tx478136 completed in 1374ms,E104,Transaction {tx} completed in {time}ms
50883,2026-01-13,15:18:20,INFO,WebServer,Health check passed: WebServer,E102,Health check passed: {service}
50884,2026-01-13,15:14:20,INFO,OrderProcessor,Page view: /home by u2504,E103,Page view: {page} by {user}
50885,2026-01-13,15:01:10,INFO,WebServer,Page view: /home by u1852,E103,Page view: {page} by {user}
50886,2026-01-13,15:44:16,INFO,WebServer,User u2975 login successful,E101,User {user} login successful
50887,2026-01-13,15:16:35,INFO,WebServer,Health check passed: WebServer,E102,Health check passed: {service}
50888,2026-01-13,15:34:41,INFO,WebServer,User u1438 login successful,E101,User {user} login successful
50889,2026-01-13,15:05:30,INFO,AuthService,Health check passed: AuthService,E102,Health check passed: {service}
50890,2026-01-13,15:50:31,INFO,WebServer,User u2297 login successful,E101,User {user} login successful
50891,2026-01-13,15:52:02,INFO,WebServer,User u3369 login successful,E101,User {user} login successful
50892,2026-01-13,15:14:36,INFO,OrderProcessor,User u1034 login successful,E101,User {user} login successful
50893,2026-01-13,15:26:14,INFO,WebServer,User u3585 login successful,E101,User {user} login successful
50894,2026-01-13,15:47:32,INFO,InventoryDB,User u4999 login successful,E101,User {user} login successful
50895,2026-01-13,15:33:07,INFO,WebServer,Page view: /home by u4396,E103,Page view: {page} by {user}
50896,2026-01-13,15:14:20,INFO,WebServer,Page view: /home by u4955,E103,Page view: {page} by {user}
50897,2026-01-13,15:46:11,WARN,OrderProcessor,Unauthorized access attempt from 10.0.0.45,E401,Unauthorized access attempt from {ip}
50898,2026-01-13,15:35:24,INFO,WebServer,Transaction tx678118 completed in 666ms,E104,Transaction {tx} completed in {time}ms
50899,2026-01-13,15:23:40,INFO,WebServer,Page view: /home by u1721,E103,Page view: {page} by {user}
50900,2026-01-13,15:27:51,INFO,OrderProcessor,Page view: /home by u1094,E103,Page view: {page} by {user}
50901,2026-01-13,15:23:59,WARN,WebServer,Disk usage > 85% on node node-1,E202,Disk usage > 85% on node {node}
50902,2026-01-13,15:21:40,INFO,WebServer,Transaction tx538804 completed in 125ms,E104,Transaction {tx} completed in {time}ms
50903,2026-01-13,15:42:17,INFO,WebServer,User u1429 login successful,E101,User {user} login successful
50904,2026-01-13,15:22:13,INFO,WebServer,User u4374 login successful,E101,User {user} login successful
50905,2026-01-13,15:05:33,INFO,OrderProcessor,User u4287 login successful,E101,User {user} login successful
50906,2026-01-13,15:36:27,ERROR,WebServer,Payment declined: Gateway unavailable,E503,Payment declined: Gateway unavailable
50907,2026-01-13,15:13:08,INFO,WebServer,Page view: /home by u2105,E103,Page view: {page} by {user}
50908,2026-01-13,15:35:42,INFO,WebServer,Page view: /home by u3889,E103,Page view: {page} by {user}
50909,2026-01-13,15:34:04,INFO,AuthService,Page view: /home by u4460,E103,Page view: {page} by {user}
50910,2026-01-13,15:44:52,INFO,AuthService,Transaction tx551894 completed in 1389ms,E104,Transaction {tx} completed in {time}ms
50911,2026-01-13,15:49:44,INFO,WebServer,User u4499 login successful,E101,User {user} login successful
50912,2026-01-13,15:20:19,WARN,WebServer,High latency (606ms) detected on WebServer,E201,High latency ({time}ms) detected on {service}
50913,2026-01-13,15:59:49,INFO,AuthService,Transaction tx182552 completed in 20ms,E104,Transaction {tx} completed in {time}ms
50914,2026-01-13,15:20:12,INFO,InventoryDB,Health check passed: InventoryDB,E102,Health check passed: {service}
50915,2026-01-13,15:55:34,INFO,WebServer,Health check passed: WebServer,E102,Health check passed: {service}
50916,2026-01-13,15:43:32,INFO,WebServer,Transaction tx488856 completed in 1073ms,E104,Transaction {tx} completed in {time}ms
50917,2026-01-13,15:27:57,INFO,OrderProcessor,Transaction tx832824 completed in 1937ms,E104,Transaction {tx} completed in {time}ms
50918,2026-01-13,15:05:06,INFO,WebServer,User u3530 login successful,E101,User {user} login successful
50919,2026-01-13,15:41:36,INFO,OrderProcessor,User u2653 login successful,E101,User {user} login successful
50920,2026-01-13,15:42:27,INFO,AuthService,Transaction tx946311 completed in 368ms,E104,Transaction {tx} completed in {time}ms
50921,2026-01-13,15:55:03,INFO,WebServer,User u3320 login successful,E101,User {user} login successful
50922,2026-01-13,15:12:01,INFO,WebServer,Transaction tx124496 completed in 1709ms,E104,Transaction {tx} completed in {time}ms
50923,2026-01-13,15:39:59,INFO,OrderProcessor,User u1350 login successful,E101,User {user} login successful
50924,2026-01-13,15:45:14,INFO,OrderProcessor,User u1397 login successful,E101,User {user} login successful
50925,2026-01-13,15:37:55,INFO,WebServer,Transaction tx362308 completed in 608ms,E104,Transaction {tx} completed in {time}ms
50926,2026-01-13,15:13:48,INFO,PaymentGateway,Page view: /home by u4465,E103,Page view: {page} by {user}
50927,2026-01-13,15:29:30,INFO,PaymentGateway,User u3927 login successful,E101,User {user} login successful
50928,2026-01-13,15:26:45,INFO,WebServer,Health check passed: WebServer,E102,Health check passed: {service}
50929,2026-01-13,15:44:54,INFO,WebServer,Health check passed: WebServer,E102,Health check passed: {service}
50930,2026-01-13,15:35:18,INFO,OrderProcessor,Page view: /home by u3751,E103,Page view: {page} by {user}
50931,2026-01-13,15:35:01,INFO,WebServer,Health check passed: WebServer,E102,Health check passed: {service}
50932,2026-01-13,15:22:19,INFO,WebServer,Health check passed: WebServer,E102,Health check passed: {service}
50933,2026-01-13,15:25:48,INFO,WebServer,Page view: /home by u3442,E103,Page view: {page} by {user}
50934,2026-01-13,15:02:04,INFO,OrderProcessor,Transaction tx854956 completed in 1968ms,E104,Transaction {tx} completed in {time}ms
50935,2026-01-13,15:50:34,INFO,AuthService,Health check passed: AuthService,E102,Health check passed: {service}
50936,2026-01-13,15:48:09,INFO,OrderProcessor,User u1683 login successful,E101,User {user} login successful
50937,2026-01-13,15:43:56,INFO,InventoryDB,Transaction tx657141 completed in 1928ms,E104,Transaction {tx} completed in {time}ms
50938,2026-01-13,15:20:17,INFO,OrderProcessor,Health check passed: OrderProcessor,E102,Health check passed: {service}
50939,2026-01-13,15:42:53,INFO,AuthService,Health check passed: AuthService,E102,Health check passed: {service}
50940,2026-01-13,15:11:28,INFO,WebServer,User u2879 login successful,E101,User {user} login successful
50941,2026-01-13,15:26:40,INFO,WebServer,Health check passed: WebServer,E102,Health check passed: {service}
50942,2026-01-13,15:39:45,ERROR,OrderProcessor,Payment declined: Gateway unavailable,E503,Payment declined: Gateway unavailable
50943,2026-01-13,15:41:31,INFO,AuthService,User u1465 login successful,E101,User {user} login successful
50944,2026-01-13,15:15:42,INFO,AuthService,Health check passed: AuthService,E102,Health check passed: {service}
50945,2026-01-13,15:53:22,INFO,WebServer,Page view: /home by u3955,E103,Page view: {page} by {user}
50946,2026-01-13,15:00:42,ERROR,WebServer,Connection refused to WebServer at 10.0.0.45,E501,Connection refused to {service} at {ip}
50947,2026-01-13,15:50:21,WARN,WebServer,Unauthorized access attempt from 10.0.0.45,E401,Unauthorized access attempt from {ip}
50948,2026-01-13,15:00:35,WARN,AuthService,High latency (1979ms) detected on AuthService,E201,High latency ({time}ms) detected on {service}
50949,2026-01-13,15:25:46,INFO,PaymentGateway,Transaction tx773418 completed in 1055ms,E104,Transaction {tx} completed in {time}ms
50950,2026-01-13,15:16:08,INFO,WebServer,Page view: /home by u1579,E103,Page view: {page} by {user}
50951,2026-01-13,15:32:20,INFO,WebServer,Health check passed: WebServer,E102,Health check passed: {service}
50952,2026-01-13,15:12:15,WARN,AuthService,High latency (560ms) detected on AuthService,E201,High latency ({time}ms) detected on {service}
50953,2026-01-13,15:47:29,INFO,WebServer,Transaction tx740490 completed in 1980ms,E104,Transaction {tx} completed in {time}ms
50954,2026-01-13,15:03:02,INFO,WebServer,Transaction tx878893 completed in 1485ms,E104,Transaction {tx} completed in {time}ms
50955,2026-01-13,15:44:45,INFO,PaymentGateway,Transaction tx919257 completed in 908ms,E104,Transaction {tx} completed in {time}ms
50956,2026-01-13,15:08:51,INFO,AuthService,Transaction tx115594 completed in 97ms,E104,Transaction {tx} completed in {time}ms
50957,2026-01-13,15:38:22,INFO,AuthService,User u4182 login successful,E101,User {user} login successful
50958,2026-01-13,15:32:50,WARN,OrderProcessor,Unauthorized access attempt from 10.0.0.99,E401,Unauthorized access attempt from {ip}
50959,2026-01-13,15:59:11,INFO,PaymentGateway,User u3323 login successful,E101,User {user} login successful
50960,2026-01-13,15:13:18,WARN,InventoryDB,Unauthorized access attempt from 10.0.0.45,E401,Unauthorized access attempt from {ip}
50961,2026-01-13,15:50:45,INFO,WebServer,Page view: /home by u3699,E103,Page view: {page} by {user}
50962,2026-01-13,15:35:31,INFO,WebServer,Transaction tx543578 completed in 1236ms,E104,Transaction {tx} completed in {time}ms
50963,2026-01-13,15:27:14,INFO,WebServer,Health check passed: WebServer,E102,Health check passed: {service}
50964,2026-01-13,15:37:43,INFO,OrderProcessor,Transaction tx892875 completed in 1380ms,E104,Transaction {tx} completed in {time}ms
50965,2026-01-13,15:13:19,INFO,InventoryDB,Transaction tx844161 completed in 877ms,E104,Transaction {tx} completed in {time}ms
50966,2026-01-13,15:23:14,INFO,AuthService,Health check passed: AuthService,E102,Health check passed: {service}
50967,2026-01-13,15:34:34,INFO,OrderProcessor,Page view: /home by u2796,E103,Page view: {page} by {user}
50968,2026-01-13,15:45:53,INFO,WebServer,Transaction tx905193 completed in 1694ms,E104,Transaction {tx} completed in {time}ms
50969,2026-01-13,15:46:04,INFO,WebServer,Transaction tx198949 completed in 1901ms,E104,Transaction {tx} completed in {time}ms
50970,2026-01-13,15:46:05,INFO,AuthService,Transaction tx944258 completed in 204ms,E104,Transaction {tx} completed in {time}ms
50971,2026-01-13,15:11:29,INFO,AuthService,Health check passed: AuthService,E102,Health check passed: {service}
50972,2026-01-13,15:56:31,ERROR,AuthService,Connection refused to AuthService at 10.0.0.45,E501,Connection refused to {service} at {ip}
50973,2026-01-13,15:45:15,INFO,WebServer,Health check passed: WebServer,E102,Health check passed: {service}
50974,2026-01-13,15:18:20,WARN,WebServer,High latency (1277ms) detected on WebServer,E201,High latency ({time}ms) detected on {service}
50975,2026-01-13,15:13:00,INFO,WebServer,User u1080 login successful,E101,User {user} login successful
50976,2026-01-13,15:13:58,INFO,AuthService,Health check passed: AuthService,E102,Health check passed: {service}
50977,2026-01-13,15:37:52,INFO,PaymentGateway,User u2644 login successful,E101,User {user} login successful
50978,2026-01-13,15:22:08,INFO,PaymentGateway,Page view: /home by u3158,E103,Page view: {page} by {user}
50979,2026-01-13,15:36:15,INFO,PaymentGateway,Transaction tx948622 completed in 1383ms,E104,Transaction {tx} completed in {time}ms
50980,2026-01-13,15:17:11,INFO,WebServer,Page view: /home by u4219,E103,Page view: {page} by {user}
50981,2026-01-13,15:09:39,INFO,WebServer,Health check passed: WebServer,E102,Health check passed: {service}
50982,2026-01-13,15:00:50,INFO,WebServer,Health check passed: WebServer,E102,Health check passed: {service}
50983,2026-01-13,15:20:09,INFO,WebServer,User u4666 login successful,E101,User {user} login successful
50984,2026-01-13,15:39:17,INFO,WebServer,User u4178 login successful,E101,User {user} login successful
50985,2026-01-13,15:59:56,INFO,WebServer,Transaction tx845246 completed in 1753ms,E104,Transaction {tx} completed in {time}ms
50986,2026-01-13,15:30:04,INFO,WebServer,User u4784 login successful,E101,User {user} login successful
50987,2026-01-13,15:54:14,INFO,WebServer,Page view: /home by u1801,E103,Page view: {page} by {user}
50988,2026-01-13,15:20:48,INFO,WebServer,Transaction tx806664 completed in 345ms,E104,Transaction {tx} completed in {time}ms
50989,2026-01-13,15:13:23,INFO,AuthService,Transaction tx724347 completed in 1726ms,E104,Transaction {tx} completed in {time}ms
50990,2026-01-13,15:51:22,INFO,AuthService,User u4836 login successful,E101,User {user} login successful
50991,2026-01-13,15:45:43,INFO,WebServer,Health check passed: WebServer,E102,Health check passed: {service}
50992,2026-01-13,15:05:39,INFO,WebServer,Health check passed: WebServer,E102,Health check passed: {service}
50993,2026-01-13,15:19:36,INFO,AuthService,User u2852 login successful,E101,User {user} login successful
50994,2026-01-13,15:35:24,INFO,OrderProcessor,Transaction tx144994 completed in 1628ms,E104,Transaction {tx} completed in {time}ms
50995,2026-01-13,15:34:32,INFO,PaymentGateway,Page view: /home by u2551,E103,Page view: {page} by {user}
50996,2026-01-13,15:12:44,INFO,WebServer,Transaction tx153392 completed in 476ms,E104,Transaction {tx} completed in {time}ms
50997,2026-01-13,15:49:45,INFO,PaymentGateway,Transaction tx800970 completed in 455ms,E104,Transaction {tx} completed in {time}ms
50998,2026-01-13,15:38:29,INFO,WebServer,Page view: /home by u3871,E103,Page view: {page} by {user}
50999,2026-01-13,15:14:08,INFO,AuthService,Transaction tx545043 completed in 1979ms,E104,Transaction {tx} completed in {time}ms
51000,2026-01-13,15:14:50,WARN,WebServer,Unauthorized access attempt from 10.0.0.12,E401,Unauthorized access attempt from {ip}
51001,2026-01-13,15:06:21,INFO,OrderProcessor,User u1579 login successful,E101,User {user} login successful
51002,2026-01-13,15:57:27,INFO,WebServer,Health check passed: WebServer,E102,Health check passed: {service}
51003,2026-01-13,15:18:53,INFO,AuthService,Health check passed: AuthService,E102,Health check passed: {service}
51004,2026-01-13,15:41:58,INFO,WebServer,Health check passed: WebServer,E102,Health check passed: {service}
51005,2026-01-13,15:41:52,INFO,PaymentGateway,Transaction tx817087 completed in 1239ms,E104,Transaction {tx} completed in {time}ms
51006,2026-01-13,15:54:49,INFO,AuthService,User u2563 login successful,E101,User {user} login successful
51007,2026-01-13,15:33:44,INFO,WebServer,Health check passed: WebServer,E102,Health check passed: {service}
51008,2026-01-13,15:04:20,WARN,InventoryDB,Unauthorized access attempt from 10.0.0.45,E401,Unauthorized access attempt from {ip}
51009,2026-01-13,15:17:26,INFO,WebServer,User u2555 login successful,E101,User {user} login successful
51010,2026-01-13,15:44:45,INFO,WebServer,User u2818 login successful,E101,User {user} login successful
51011,2026-01-13,15:14:50,INFO,PaymentGateway,Page view: /home by u1663,E103,Page view: {page} by {user}
51012,2026-01-13,15:22:36,INFO,WebServer,Transaction tx414364 completed in 1205ms,E104,Transaction {tx} completed in {time}ms
51013,2026-01-13,15:16:25,INFO,PaymentGateway,Page view: /home by u3459,E103,Page view: {page} by {user}
51014,2026-01-13,15:02:38,INFO,WebServer,Health check passed: WebServer,E102,Health check passed: {service}
51015,2026-01-13,15:22:16,WARN,PaymentGateway,Unauthorized access attempt from 10.0.0.45,E401,Unauthorized access attempt from {ip}
51016,2026-01-13,15:58:26,INFO,AuthService,Page view: /home by u4738,E103,Page view: {page} by {user}
51017,2026-01-13,15:42:31,INFO,WebServer,Page view: /home by u2623,E103,Page view: {page} by {user}
51018,2026-01-13,15:07:04,WARN,AuthService,Disk usage > 85% on node node-4,E202,Disk usage > 85% on node {node}
51019,2026-01-13,15:53:34,INFO,WebServer,Health check passed: WebServer,E102,Health check passed: {service}
51020,2026-01-13,15:04:56,INFO,OrderProcessor,Health check passed: OrderProcessor,E102,Health check passed: {service}
51021,2026-01-13,15:52:51,INFO,WebServer,Page view: /home by u1833,E103,Page view: {page} by {user}
51022,2026-01-13,15:39:35,INFO,PaymentGateway,Page view: /home by u1861,E103,Page view: {page} by {user}
51023,2026-01-13,15:26:31,INFO,WebServer,Page view: /home by u4848,E103,Page view: {page} by {user}
51024,2026-01-13,15:58:47,INFO,OrderProcessor,Page view: /home by u4628,E103,Page view: {page} by {user}
51025,2026-01-13,15:05:24,INFO,AuthService,User u2111 login successful,E101,User {user} login successful
51026,2026-01-13,15:19:15,INFO,WebServer,Health check passed: WebServer,E102,Health check passed: {service}
51027,2026-01-13,15:37:39,INFO,InventoryDB,User u1184 login successful,E101,User {user} login successful
51028,2026-01-13,15:14:35,INFO,AuthService,Health check passed: AuthService,E102,Health check passed: {service}
51029,2026-01-13,15:53:47,INFO,WebServer,Page view: /home by u4309,E103,Page view: {page} by {user}
51030,2026-01-13,15:06:18,INFO,WebServer,User u2426 login successful,E101,User {user} login successful
51031,2026-01-13,15:02:21,INFO,WebServer,Page view: /home by u4631,E103,Page view: {page} by {user}
51032,2026-01-13,15:43:39,WARN,AuthService,High latency (1754ms) detected on AuthService,E201,High latency ({time}ms) detected on {service}
51033,2026-01-13,15:56:24,INFO,WebServer,Transaction tx322804 completed in 881ms,E104,Transaction {tx} completed in {time}ms
51034,2026-01-13,15:37:50,WARN,WebServer,Unauthorized access attempt from 10.0.0.45,E401,Unauthorized access attempt from {ip}
51035,2026-01-13,15:59:04,INFO,PaymentGateway,User u4151 login successful,E101,User {user} login successful
51036,2026-01-13,15:25:29,INFO,PaymentGateway,Health check passed: PaymentGateway,E102,Health check passed: {service}
51037,2026-01-13,15:14:27,INFO,PaymentGateway,Health check passed: PaymentGateway,E102,Health check passed: {service}
51038,2026-01-13,15:07:03,WARN,InventoryDB,Disk usage > 85% on node node-1,E202,Disk usage > 85% on node {node}
51039,2026-01-13,15:05:37,INFO,WebServer,Page view: /home by u3988,E103,Page view: {page} by {user}
51040,2026-01-13,15:17:26,INFO,WebServer,User u1575 login successful,E101,User {user} login successful
51041,2026-01-13,15:05:40,WARN,AuthService,High latency (449ms) detected on AuthService,E201,High latency ({time}ms) detected on {service}
51042,2026-01-13,15:50:27,WARN,WebServer,Unauthorized access attempt from 10.0.0.45,E401,Unauthorized access attempt from {ip}
51043,2026-01-13,15:01:41,INFO,PaymentGateway,Page view: /home by u2006,E103,Page view: {page} by {user}
51044,2026-01-13,15:23:13,INFO,WebServer,Page view: /home by u4946,E103,Page view: {page} by {user}
51045,2026-01-13,15:15:33,WARN,OrderProcessor,Disk usage > 85% on node node-5,E202,Disk usage > 85% on node {node}
51046,2026-01-13,15:40:40,INFO,WebServer,User u3736 login successful,E101,User {user} login successful
51047,2026-01-13,15:21:21,INFO,WebServer,Transaction tx405059 completed in 998ms,E104,Transaction {tx} completed in {time}ms
51048,2026-01-13,15:01:15,INFO,AuthService,Transaction tx180663 completed in 1563ms,E104,Transaction {tx} completed in {time}ms
51049,2026-01-13,15:34:51,INFO,PaymentGateway,User u2216 login successful,E101,User {user} login successful
51050,2026-01-13,15:42:40,INFO,WebServer,User u4466 login successful,E101,User {user} login successful
51051,2026-01-13,15:27:46,INFO,AuthService,Health check passed: AuthService,E102,Health check passed: {service}
51052,2026-01-13,15:52:35,INFO,WebServer,Page view: /home by u2183,E103,Page view: {page} by {user}
51053,2026-01-13,15:09:07,INFO,OrderProcessor,User u3884 login successful,E101,User {user} login successful
51054,2026-01-13,15:10:37,INFO,WebServer,User u2235 login successful,E101,User {user} login successful
51055,2026-01-13,15:27:08,INFO,WebServer,Page view: /home by u1258,E103,Page view: {page} by {user}
51056,2026-01-13,15:45:57,ERROR,PaymentGateway,Payment declined: Gateway unavailable,E503,Payment declined: Gateway unavailable
51057,2026-01-13,15:31:11,INFO,AuthService,Page view: /home by u4897,E103,Page view: {page} by {user}
51058,2026-01-13,15:15:57,INFO,WebServer,User u2231 login successful,E101,User {user} login successful
51059,2026-01-13,15:35:36,INFO,WebServer,Transaction tx238658 completed in 1849ms,E104,Transaction {tx} completed in {time}ms
51060,2026-01-13,15:10:36,INFO,AuthService,Health check passed: AuthService,E102,Health check passed: {service}
51061,2026-01-13,15:49:27,INFO,PaymentGateway,Health check passed: PaymentGateway,E102,Health check passed: {service}
51062,2026-01-13,15:47:59,INFO,AuthService,Transaction tx363026 completed in 1873ms,E104,Transaction {tx} completed in {time}ms
51063,2026-01-13,15:42:21,INFO,WebServer,User u2677 login successful,E101,User {user} login successful
51064,2026-01-13,15:24:20,INFO,WebServer,Transaction tx224762 completed in 1361ms,E104,Transaction {tx} completed in {time}ms
51065,2026-01-13,15:07:47,INFO,AuthService,Page view: /home by u1630,E103,Page view: {page} by {user}
51066,2026-01-13,15:43:17,WARN,WebServer,High latency (1324ms) detected on WebServer,E201,High latency ({time}ms) detected on {service}
51067,2026-01-13,15:39:41,INFO,WebServer,Health check passed: WebServer,E102,Health check passed: {service}
51068,2026-01-13,15:48:45,INFO,WebServer,Page view: /home by u4162,E103,Page view: {page} by {user}
51069,2026-01-13,15:23:38,INFO,WebServer,User u3808 login successful,E101,User {user} login successful
51070,2026-01-13,15:49:04,INFO,OrderProcessor,Page view: /home by u3166,E103,Page view: {page} by {user}
51071,2026-01-13,15:04:22,INFO,AuthService,Health check passed: AuthService,E102,Health check passed: {service}
51072,2026-01-13,15:03:55,INFO,WebServer,Transaction tx346216 completed in 178ms,E104,Transaction {tx} completed in {time}ms
51073,2026-01-13,15:19:47,INFO,WebServer,Page view: /home by u3455,E103,Page view: {page} by {user}
51074,2026-01-13,15:24:31,INFO,AuthService,User u1824 login successful,E101,User {user} login successful
51075,2026-01-13,15:40:25,WARN,PaymentGateway,High latency (1272ms) detected on PaymentGateway,E201,High latency ({time}ms) detected on {service}
51076,2026-01-13,15:05:49,INFO,OrderProcessor,User u4180 login successful,E101,User {user} login successful
51077,2026-01-13,15:11:38,INFO,PaymentGateway,Transaction tx285441 completed in 356ms,E104,Transaction {tx} completed in {time}ms
51078,2026-01-13,15:09:11,INFO,AuthService,Page view: /home by u1928,E103,Page view: {page} by {user}
51079,2026-01-13,15:08:17,INFO,AuthService,User u3703 login successful,E101,User {user} login successful
51080,2026-01-13,15:45:11,INFO,WebServer,Health check passed: WebServer,E102,Health check passed: {service}
51081,2026-01-13,15:50:35,INFO,AuthService,Page view: /home by u2132,E103,Page view: {page} by {user}
51082,2026-01-13,15:45:03,INFO,OrderProcessor,Health check passed: OrderProcessor,E102,Health check passed: {service}
51083,2026-01-13,15:41:41,INFO,InventoryDB,Health check passed: InventoryDB,E102,Health check passed: {service}
51084,2026-01-13,15:56:44,INFO,PaymentGateway,Page view: /home by u4671,E103,Page view: {page} by {user}
51085,2026-01-13,15:25:14,INFO,AuthService,Page view: /home by u4311,E103,Page view: {page} by {user}
51086,2026-01-13,15:06:47,WARN,AuthService,Disk usage > 85% on node node-1,E202,Disk usage > 85% on node {node}
51087,2026-01-13,15:09:24,WARN,AuthService,Disk usage > 85% on node node-3,E202,Disk usage > 85% on node {node}
51088,2026-01-13,15:14:59,INFO,WebServer,Page view: /home by u2598,E103,Page view: {page} by {user}
51089,2026-01-13,15:04:44,INFO,PaymentGateway,Transaction tx580911 completed in 1270ms,E104,Transaction {tx} completed in {time}ms
51090,2026-01-13,15:58:13,INFO,PaymentGateway,Health check passed: PaymentGateway,E102,Health check passed: {service}
51091,2026-01-13,15:30:28,INFO,InventoryDB,Health check passed: InventoryDB,E102,Health check passed: {service}
51092,2026-01-13,15:35:15,INFO,AuthService,Health check passed: AuthService,E102,Health check passed: {service}
51093,2026-01-13,15:08:43,WARN,WebServer,Unauthorized access attempt from 10.0.0.45,E401,Unauthorized access attempt from {ip}
51094,2026-01-13,15:44:01,INFO,WebServer,Health check passed: WebServer,E102,Health check passed: {service}
51095,2026-01-13,15:15:28,INFO,OrderProcessor,User u3887 login successful,E101,User {user} login successful
51096,2026-01-13,15:14:32,INFO,WebServer,Health check passed: WebServer,E102,Health check passed: {service}
51097,2026-01-13,15:09:15,INFO,WebServer,User u3036 login successful,E101,User {user} login successful
51098,2026-01-13,15:35:37,INFO,WebServer,Transaction tx839264 completed in 898ms,E104,Transaction {tx} completed in {time}ms
51099,2026-01-13,15:13:45,INFO,WebServer,Transaction tx110096 completed in 1212ms,E104,Transaction {tx} completed in {time}ms
51100,2026-01-13,15:08:26,INFO,OrderProcessor,Transaction tx760724 completed in 1127ms,E104,Transaction {tx} completed in {time}ms
51101,2026-01-13,15:47:07,INFO,AuthService,Health check passed: AuthService,E102,Health check passed: {service}
51102,2026-01-13,15:46:02,INFO,WebServer,Transaction tx758025 completed in 1439ms,E104,Transaction {tx} completed in {time}ms
51103,2026-01-13,15:52:12,INFO,WebServer,Health check passed: WebServer,E102,Health check passed: {service}
51104,2026-01-13,15:06:41,INFO,WebServer,Page view: /home by u2723,E103,Page view: {page} by {user}
51105,2026-01-13,15:38:03,INFO,PaymentGateway,Page view: /home by u2495,E103,Page view: {page} by {user}
51106,2026-01-13,15:29:49,INFO,OrderProcessor,Page view: /home by u1111,E103,Page view: {page} by {user}
51107,2026-01-13,15:28:44,INFO,WebServer,User u2352 login successful,E101,User {user} login successful
51108,2026-01-13,15:37:20,INFO,WebServer,User u2687 login successful,E101,User {user} login successful
51109,2026-01-13,15:05:09,INFO,OrderProcessor,Transaction tx108898 completed in 1038ms,E104,Transaction {tx} completed in {time}ms
51110,2026-01-13,15:18:07,INFO,WebServer,Transaction tx507740 completed in 1858ms,E104,Transaction {tx} completed in {time}ms
51111,2026-01-13,15:18:01,INFO,WebServer,Health check passed: WebServer,E102,Health check passed: {service}
51112,2026-01-13,15:01:24,INFO,WebServer,Transaction tx697086 completed in 1722ms,E104,Transaction {tx} completed in {time}ms
51113,2026-01-13,15:30:42,INFO,OrderProcessor,Transaction tx366026 completed in 235ms,E104,Transaction {tx} completed in {time}ms
51114,2026-01-13,15:44:43,INFO,WebServer,Page view: /home by u2145,E103,Page view: {page} by {user}
51115,2026-01-13,15:09:42,INFO,InventoryDB,Health check passed: InventoryDB,E102,Health check passed: {service}
51116,2026-01-13,15:40:48,INFO,WebServer,Transaction tx752189 completed in 1386ms,E104,Transaction {tx} completed in {time}ms
51117,2026-01-13,15:22:52,INFO,OrderProcessor,Page view: /home by u2938,E103,Page view: {page} by {user}
51118,2026-01-13,15:37:56,INFO,WebServer,Transaction tx148266 completed in 1910ms,E104,Transaction {tx} completed in {time}ms
51119,2026-01-13,15:26:52,INFO,WebServer,Transaction tx270991 completed in 819ms,E104,Transaction {tx} completed in {time}ms
51120,2026-01-13,15:38:30,INFO,WebServer,Transaction tx457874 completed in 816ms,E104,Transaction {tx} completed in {time}ms
51121,2026-01-13,15:06:33,INFO,OrderProcessor,Transaction tx808800 completed in 1035ms,E104,Transaction {tx} completed in {time}ms
51122,2026-01-13,15:00:31,INFO,WebServer,Page view: /home by u2348,E103,Page view: {page} by {user}
51123,2026-01-13,15:43:02,INFO,WebServer,Transaction tx838926 completed in 665ms,E104,Transaction {tx} completed in {time}ms
51124,2026-01-13,15:25:02,INFO,AuthService,Page view: /home by u2372,E103,Page view: {page} by {user}
51125,2026-01-13,15:21:36,INFO,WebServer,Transaction tx798846 completed in 473ms,E104,Transaction {tx} completed in {time}ms
51126,2026-01-13,15:44:29,INFO,WebServer,User u4686 login successful,E101,User {user} login successful
51127,2026-01-13,15:57:18,INFO,PaymentGateway,Page view: /home by u4221,E103,Page view: {page} by {user}
51128,2026-01-13,15:43:20,INFO,WebServer,Health check passed: WebServer,E102,Health check passed: {service}
51129,2026-01-13,15:14:37,INFO,WebServer,Health check passed: WebServer,E102,Health check passed: {service}
51130,2026-01-13,15:59:07,INFO,WebServer,User u2149 login successful,E101,User {user} login successful
51131,2026-01-13,15:26:41,INFO,WebServer,User u2018 login successful,E101,User {user} login successful
51132,2026-01-13,15:52:47,INFO,WebServer,User u2634 login successful,E101,User {user} login successful
51133,2026-01-13,15:59:39,INFO,WebServer,User u1451 login successful,E101,User {user} login successful
51134,2026-01-13,15:51:30,INFO,WebServer,Health check passed: WebServer,E102,Health check passed: {service}
51135,2026-01-13,15:44:56,ERROR,OrderProcessor,Payment declined: Gateway unavailable,E503,Payment declined: Gateway unavailable
51136,2026-01-13,15:05:10,INFO,WebServer,Page view: /home by u4179,E103,Page view: {page} by {user}
51137,2026-01-13,15:45:35,INFO,WebServer,Health check passed: WebServer,E102,Health check passed: {service}
51138,2026-01-13,15:34:04,INFO,PaymentGateway,User u3788 login successful,E101,User {user} login successful
51139,2026-01-13,15:36:11,INFO,WebServer,User u1146 login successful,E101,User {user} login successful
51140,2026-01-13,15:37:30,INFO,WebServer,Health check passed: WebServer,E102,Health check passed: {service}
51141,2026-01-13,15:49:25,INFO,AuthService,Transaction tx377204 completed in 831ms,E104,Transaction {tx} completed in {time}ms
51142,2026-01-13,15:45:01,INFO,AuthService,Page view: /home by u2180,E103,Page view: {page} by {user}
51143,2026-01-13,15:50:59,INFO,WebServer,Health check passed: WebServer,E102,Health check passed: {service}
51144,2026-01-13,15:48:57,INFO,PaymentGateway,Health check passed: PaymentGateway,E102,Health check passed: {service}
51145,2026-01-13,15:11:58,INFO,PaymentGateway,User u2776 login successful,E101,User {user} login successful
51146,2026-01-13,15:41:04,INFO,PaymentGateway,Transaction tx764887 completed in 131ms,E104,Transaction {tx} completed in {time}ms
51147,2026-01-13,15:49:42,INFO,WebServer,Page view: /home by u2646,E103,Page view: {page} by {user}
51148,2026-01-13,15:19:59,INFO,WebServer,Page view: /home by u2618,E103,Page view: {page} by {user}
51149,2026-01-13,15:08:55,INFO,PaymentGateway,User u2095 login successful,E101,User {user} login successful
51150,2026-01-13,15:08:32,INFO,WebServer,User u2441 login successful,E101,User {user} login successful
51151,2026-01-13,15:26:17,INFO,OrderProcessor,Health check passed: OrderProcessor,E102,Health check passed: {service}
51152,2026-01-13,15:45:35,INFO,OrderProcessor,Transaction tx621719 completed in 1162ms,E104,Transaction {tx} completed in {time}ms
51153,2026-01-13,15:37:56,INFO,InventoryDB,Transaction tx105817 completed in 1971ms,E104,Transaction {tx} completed in {time}ms
51154,2026-01-13,15:26:50,ERROR,WebServer,Payment declined: Gateway unavailable,E503,Payment declined: Gateway unavailable
51155,2026-01-13,15:44:00,INFO,OrderProcessor,Health check passed: OrderProcessor,E102,Health check passed: {service}
51156,2026-01-13,15:23:45,INFO,WebServer,Health check passed: WebServer,E102,Health check passed: {service}
51157,2026-01-13,15:06:35,INFO,WebServer,Page view: /home by u2516,E103,Page view: {page} by {user}
51158,2026-01-13,15:13:32,INFO,WebServer,Transaction tx639679 completed in 1365ms,E104,Transaction {tx} completed in {time}ms
51159,2026-01-13,16:27:41,INFO,InventoryDB,Transaction tx636269 completed in 1895ms,E104,Transaction {tx} completed in {time}ms
51160,2026-01-13,16:33:02,INFO,OrderProcessor,Health check passed: OrderProcessor,E102,Health check passed: {service}
51161,2026-01-13,16:40:20,INFO,AuthService,Transaction tx285234 completed in 560ms,E104,Transaction {tx} completed in {time}ms
51162,2026-01-13,16:16:01,INFO,InventoryDB,Health check passed: InventoryDB,E102,Health check passed: {service}
51163,2026-01-13,16:09:49,INFO,WebServer,User u2798 login successful,E101,User {user} login successful
51164,2026-01-13,16:05:35,INFO,WebServer,Transaction tx287217 completed in 777ms,E104,Transaction {tx} completed in {time}ms
51165,2026-01-13,16:03:15,INFO,WebServer,Health check passed: WebServer,E102,Health check passed: {service}
51166,2026-01-13,16:35:59,INFO,InventoryDB,Page view: /home by u1415,E103,Page view: {page} by {user}
51167,2026-01-13,16:36:21,INFO,AuthService,Health check passed: AuthService,E102,Health check passed: {service}
51168,2026-01-13,16:47:22,INFO,OrderProcessor,User u1673 login successful,E101,User {user} login successful
51169,2026-01-13,16:35:07,INFO,WebServer,Page view: /home by u1987,E103,Page view: {page} by {user}
51170,2026-01-13,16:48:09,INFO,PaymentGateway,Health check passed: PaymentGateway,E102,Health check passed: {service}
51171,2026-01-13,16:03:21,INFO,WebServer,Health check passed: WebServer,E102,Health check passed: {service}
51172,2026-01-13,16:32:25,INFO,AuthService,Health check passed: AuthService,E102,Health check passed: {service}
51173,2026-01-13,16:22:12,INFO,WebServer,Page view: /home by u2575,E103,Page view: {page} by {user}
51174,2026-01-13,16:44:31,INFO,AuthService,User u3338 login successful,E101,User {user} login successful
51175,2026-01-13,16:25:53,INFO,OrderProcessor,Transaction tx238994 completed in 1808ms,E104,Transaction {tx} completed in {time}ms
51176,2026-01-13,16:00:47,WARN,AuthService,Disk usage > 85% on node node-5,E202,Disk usage > 85% on node {node}
51177,2026-01-13,16:36:55,INFO,OrderProcessor,Health check passed: OrderProcessor,E102,Health check passed: {service}
51178,2026-01-13,16:10:09,INFO,PaymentGateway,User u1575 login successful,E101,User {user} login successful
51179,2026-01-13,16:05:39,INFO,WebServer,Health check passed: WebServer,E102,Health check passed: {service}
51180,2026-01-13,16:23:49,INFO,AuthService,Transaction tx400284 completed in 1481ms,E104,Transaction {tx} completed in {time}ms
51181,2026-01-13,16:22:08,INFO,PaymentGateway,Health check passed: PaymentGateway,E102,Health check passed: {service}
51182,2026-01-13,16:53:05,INFO,AuthService,Transaction tx339315 completed in 761ms,E104,Transaction {tx} completed in {time}ms
51183,2026-01-13,16:47:31,INFO,OrderProcessor,User u1696 login successful,E101,User {user} login successful
51184,2026-01-13,16:44:28,INFO,WebServer,Page view: /home by u3922,E103,Page view: {page} by {user}
51185,2026-01-13,16:46:27,INFO,WebServer,User u4789 login successful,E101,User {user} login successful
51186,2026-01-13,16:43:06,INFO,WebServer,User u2433 login successful,E101,User {user} login successful
51187,2026-01-13,16:35:19,INFO,WebServer,Transaction tx348150 completed in 1468ms,E104,Transaction {tx} completed in {time}ms
51188,2026-01-13,16:28:09,INFO,PaymentGateway,Page view: /home by u4263,E103,Page view: {page} by {user}
51189,2026-01-13,16:49:41,INFO,OrderProcessor,Health check passed: OrderProcessor,E102,Health check passed: {service}
51190,2026-01-13,16:51:04,WARN,WebServer,Unauthorized access attempt from 10.0.0.45,E401,Unauthorized access attempt from {ip}
51191,2026-01-13,16:07:32,INFO,PaymentGateway,Transaction tx913779 completed in 1127ms,E104,Transaction {tx} completed in {time}ms
51192,2026-01-13,16:24:57,INFO,WebServer,Health check passed: WebServer,E102,Health check passed: {service}
51193,2026-01-13,16:23:05,INFO,OrderProcessor,User u2501 login successful,E101,User {user} login successful
51194,2026-01-13,16:58:15,WARN,OrderProcessor,Disk usage > 85% on node node-5,E202,Disk usage > 85% on node {node}
51195,2026-01-13,16:48:21,INFO,InventoryDB,Health check passed: InventoryDB,E102,Health check passed: {service}
51196,2026-01-13,16:21:58,INFO,WebServer,Transaction tx203336 completed in 966ms,E104,Transaction {tx} completed in {time}ms
51197,2026-01-13,16:16:31,INFO,OrderProcessor,Transaction tx741183 completed in 232ms,E104,Transaction {tx} completed in {time}ms
51198,2026-01-13,16:42:32,INFO,WebServer,Health check passed: WebServer,E102,Health check passed: {service}
51199,2026-01-13,16:27:47,WARN,OrderProcessor,Disk usage > 85% on node node-2,E202,Disk usage > 85% on node {node}
51200,2026-01-13,16:04:13,INFO,WebServer,User u3692 login successful,E101,User {user} login successful
51201,2026-01-13,16:39:12,INFO,AuthService,Health check passed: AuthService,E102,Health check passed: {service}
51202,2026-01-13,16:59:19,INFO,InventoryDB,Health check passed: InventoryDB,E102,Health check passed: {service}
51203,2026-01-13,16:55:31,INFO,OrderProcessor,Health check passed: OrderProcessor,E102,Health check passed: {service}
51204,2026-01-13,16:49:05,INFO,WebServer,Page view: /home by u4642,E103,Page view: {page} by {user}
51205,2026-01-13,16:35:44,WARN,AuthService,High latency (389ms) detected on AuthService,E201,High latency ({time}ms) detected on {service}
51206,2026-01-13,16:37:13,INFO,OrderProcessor,Health check passed: OrderProcessor,E102,Health check passed: {service}
51207,2026-01-13,16:03:50,INFO,InventoryDB,Transaction tx402883 completed in 103ms,E104,Transaction {tx} completed in {time}ms
51208,2026-01-13,16:14:06,INFO,AuthService,User u1191 login successful,E101,User {user} login successful
51209,2026-01-13,16:44:40,ERROR,AuthService,Connection refused to AuthService at 192.168.1.5,E501,Connection refused to {service} at {ip}
51210,2026-01-13,16:30:11,INFO,WebServer,Transaction tx585161 completed in 647ms,E104,Transaction {tx} completed in {time}ms
51211,2026-01-13,16:03:41,INFO,WebServer,Transaction tx501900 completed in 716ms,E104,Transaction {tx} completed in {time}ms
51212,2026-01-13,16:39:41,INFO,WebServer,Page view: /home by u3626,E103,Page view: {page} by {user}
51213,2026-01-13,16:47:57,INFO,AuthService,User u4863 login successful,E101,User {user} login successful
51214,2026-01-13,16:46:07,INFO,PaymentGateway,Health check passed: PaymentGateway,E102,Health check passed: {service}
51215,2026-01-13,16:15:15,INFO,WebServer,Page view: /home by u1612,E103,Page view: {page} by {user}
51216,2026-01-13,16:14:02,INFO,WebServer,Page view: /home by u1023,E103,Page view: {page} by {user}
51217,2026-01-13,16:42:00,INFO,WebServer,Page view: /home by u3576,E103,Page view: {page} by {user}
51218,2026-01-13,16:52:53,INFO,WebServer,Transaction tx543762 completed in 922ms,E104,Transaction {tx} completed in {time}ms
51219,2026-01-13,16:52:23,INFO,WebServer,Transaction tx398199 completed in 260ms,E104,Transaction {tx} completed in {time}ms
51220,2026-01-13,16:07:55,INFO,PaymentGateway,Health check passed: PaymentGateway,E102,Health check passed: {service}
51221,2026-01-13,16:06:11,INFO,AuthService,User u2628 login successful,E101,User {user} login successful
51222,2026-01-13,16:03:07,INFO,WebServer,Health check passed: WebServer,E102,Health check passed: {service}
51223,2026-01-13,16:35:05,INFO,AuthService,Health check passed: AuthService,E102,Health check passed: {service}
51224,2026-01-13,16:03:22,INFO,WebServer,Health check passed: WebServer,E102,Health check passed: {service}
51225,2026-01-13,16:03:45,INFO,PaymentGateway,Transaction tx636751 completed in 1804ms,E104,Transaction {tx} completed in {time}ms
51226,2026-01-13,16:28:49,INFO,WebServer,User u3445 login successful,E101,User {user} login successful
51227,2026-01-13,16:55:47,INFO,AuthService,Health check passed: AuthService,E102,Health check passed: {service}
51228,2026-01-13,16:25:44,INFO,AuthService,Page view: /home by u4522,E103,Page view: {page} by {user}
51229,2026-01-13,16:15:48,INFO,OrderProcessor,Health check passed: OrderProcessor,E102,Health check passed: {service}
51230,2026-01-13,16:14:27,INFO,WebServer,Health check passed: WebServer,E102,Health check passed: {service}
51231,2026-01-13,16:59:10,WARN,WebServer,Unauthorized access attempt from 10.0.0.45,E401,Unauthorized access attempt from {ip}
51232,2026-01-13,16:31:12,INFO,WebServer,Page view: /home by u1525,E103,Page view: {page} by {user}
51233,2026-01-13,16:13:13,INFO,WebServer,User u4541 login successful,E101,User {user} login successful
51234,2026-01-13,16:53:58,INFO,WebServer,Transaction tx830204 completed in 1995ms,E104,Transaction {tx} completed in {time}ms
51235,2026-01-13,16:37:01,INFO,WebServer,Transaction tx611001 completed in 1920ms,E104,Transaction {tx} completed in {time}ms
51236,2026-01-13,16:18:31,WARN,WebServer,High latency (1311ms) detected on WebServer,E201,High latency ({time}ms) detected on {service}
51237,2026-01-13,16:36:47,INFO,InventoryDB,User u3236 login successful,E101,User {user} login successful
51238,2026-01-13,16:35:51,INFO,WebServer,Health check passed: WebServer,E102,Health check passed: {service}
51239,2026-01-13,16:01:51,INFO,WebServer,User u3551 login successful,E101,User {user} login successful
51240,2026-01-13,16:35:09,INFO,OrderProcessor,Transaction tx244041 completed in 1976ms,E104,Transaction {tx} completed in {time}ms
51241,2026-01-13,16:14:51,INFO,WebServer,Transaction tx529553 completed in 300ms,E104,Transaction {tx} completed in {time}ms
51242,2026-01-13,16:32:53,INFO,OrderProcessor,Page view: /home by u2141,E103,Page view: {page} by {user}
51243,2026-01-13,16:33:25,INFO,WebServer,Transaction tx265525 completed in 1794ms,E104,Transaction {tx} completed in {time}ms
51244,2026-01-13,16:00:26,INFO,OrderProcessor,Health check passed: OrderProcessor,E102,Health check passed: {service}
51245,2026-01-13,16:18:00,INFO,OrderProcessor,User u2692 login successful,E101,User {user} login successful
51246,2026-01-13,16:24:39,INFO,WebServer,Transaction tx482087 completed in 1684ms,E104,Transaction {tx} completed in {time}ms
51247,2026-01-13,16:42:44,INFO,WebServer,Health check passed: WebServer,E102,Health check passed: {service}
51248,2026-01-13,16:19:31,INFO,WebServer,Page view: /home by u1282,E103,Page view: {page} by {user}
51249,2026-01-13,16:18:16,WARN,WebServer,Unauthorized access attempt from 10.0.0.45,E401,Unauthorized access attempt from {ip}
51250,2026-01-13,16:01:59,INFO,WebServer,User u2276 login successful,E101,User {user} login successful
51251,2026-01-13,16:49:56,INFO,InventoryDB,User u3955 login successful,E101,User {user} login successful
51252,2026-01-13,16:12:01,WARN,WebServer,High latency (1363ms) detected on WebServer,E201,High latency ({time}ms) detected on {service}
51253,2026-01-13,16:01:04,INFO,WebServer,User u2107 login successful,E101,User {user} login successful
51254,2026-01-13,16:57:07,INFO,WebServer,Page view: /home by u3144,E103,Page view: {page} by {user}
51255,2026-01-13,16:58:13,INFO,WebServer,Page view: /home by u1963,E103,Page view: {page} by {user}
51256,2026-01-13,16:44:46,INFO,WebServer,User u4604 login successful,E101,User {user} login successful
51257,2026-01-13,16:54:00,WARN,WebServer,High latency (955ms) detected on WebServer,E201,High latency ({time}ms) detected on {service}
51258,2026-01-13,16:01:35,INFO,WebServer,Page view: /home by u4030,E103,Page view: {page} by {user}
51259,2026-01-13,16:16:19,INFO,AuthService,Page view: /home by u2463,E103,Page view: {page} by {user}
51260,2026-01-13,16:39:56,INFO,WebServer,Page view: /home by u1993,E103,Page view: {page} by {user}
51261,2026-01-13,16:55:35,INFO,AuthService,User u4436 login successful,E101,User {user} login successful
51262,2026-01-13,16:23:18,INFO,WebServer,User u4967 login successful,E101,User {user} login successful
51263,2026-01-13,16:41:22,INFO,WebServer,User u3080 login successful,E101,User {user} login successful
51264,2026-01-13,16:47:47,INFO,WebServer,Page view: /home by u1273,E103,Page view: {page} by {user}
51265,2026-01-13,16:32:22,INFO,AuthService,Page view: /home by u1196,E103,Page view: {page} by {user}
51266,2026-01-13,16:50:30,INFO,WebServer,Page view: /home by u2765,E103,Page view: {page} by {user}
51267,2026-01-13,16:11:59,INFO,WebServer,Transaction tx803742 completed in 1141ms,E104,Transaction {tx} completed in {time}ms
51268,2026-01-13,16:15:03,INFO,WebServer,Health check passed: WebServer,E102,Health check passed: {service}
51269,2026-01-13,16:51:27,INFO,InventoryDB,Page view: /home by u2229,E103,Page view: {page} by {user}
51270,2026-01-13,16:05:06,INFO,WebServer,Health check passed: WebServer,E102,Health check passed: {service}
51271,2026-01-13,16:18:24,INFO,OrderProcessor,Health check passed: OrderProcessor,E102,Health check passed: {service}
51272,2026-01-13,16:15:40,INFO,WebServer,Health check passed: WebServer,E102,Health check passed: {service}
51273,2026-01-13,16:05:34,INFO,WebServer,Transaction tx453432 completed in 364ms,E104,Transaction {tx} completed in {time}ms
51274,2026-01-13,16:38:54,WARN,InventoryDB,Unauthorized access attempt from 10.0.0.45,E401,Unauthorized access attempt from {ip}
51275,2026-01-13,16:45:53,INFO,WebServer,Health check passed: WebServer,E102,Health check passed: {service}
51276,2026-01-13,16:44:25,INFO,WebServer,Page view: /home by u3748,E103,Page view: {page} by {user}
51277,2026-01-13,16:53:51,INFO,WebServer,Health check passed: WebServer,E102,Health check passed: {service}
51278,2026-01-13,16:50:56,INFO,WebServer,Transaction tx168187 completed in 1716ms,E104,Transaction {tx} completed in {time}ms
51279,2026-01-13,16:11:36,INFO,AuthService,User u4423 login successful,E101,User {user} login successful
51280,2026-01-13,16:23:24,INFO,AuthService,Transaction tx368186 completed in 1382ms,E104,Transaction {tx} completed in {time}ms
51281,2026-01-13,16:06:40,INFO,WebServer,Health check passed: WebServer,E102,Health check passed: {service}
51282,2026-01-13,16:59:25,INFO,WebServer,Transaction tx455254 completed in 1275ms,E104,Transaction {tx} completed in {time}ms
51283,2026-01-13,16:53:00,INFO,AuthService,Page view: /home by u1248,E103,Page view: {page} by {user}
51284,2026-01-13,16:10:56,ERROR,WebServer,Payment declined: Gateway unavailable,E503,Payment declined: Gateway unavailable
51285,2026-01-13,16:48:25,INFO,AuthService,User u3730 login successful,E101,User {user} login successful
51286,2026-01-13,16:04:07,INFO,WebServer,Health check passed: WebServer,E102,Health check passed: {service}
51287,2026-01-13,16:33:53,WARN,OrderProcessor,Disk usage > 85% on node node-2,E202,Disk usage > 85% on node {node}
51288,2026-01-13,16:21:37,INFO,PaymentGateway,Health check passed: PaymentGateway,E102,Health check passed: {service}
51289,2026-01-13,16:59:52,INFO,WebServer,Health check passed: WebServer,E102,Health check passed: {service}
51290,2026-01-13,16:35:24,WARN,WebServer,Disk usage > 85% on node node-5,E202,Disk usage > 85% on node {node}
51291,2026-01-13,16:19:37,INFO,WebServer,Health check passed: WebServer,E102,Health check passed: {service}
51292,2026-01-13,16:04:22,INFO,AuthService,Page view: /home by u4700,E103,Page view: {page} by {user}
51293,2026-01-13,16:26:17,INFO,WebServer,Page view: /home by u3044,E103,Page view: {page} by {user}
51294,2026-01-13,16:20:31,INFO,AuthService,Transaction tx882010 completed in 1970ms,E104,Transaction {tx} completed in {time}ms
51295,2026-01-13,16:52:57,INFO,PaymentGateway,Page view: /home by u1768,E103,Page view: {page} by {user}
51296,2026-01-13,16:05:01,INFO,PaymentGateway,Transaction tx436806 completed in 1846ms,E104,Transaction {tx} completed in {time}ms
51297,2026-01-13,16:02:55,INFO,WebServer,Health check passed: WebServer,E102,Health check passed: {service}
51298,2026-01-13,16:41:41,INFO,OrderProcessor,User u4569 login successful,E101,User {user} login successful
51299,2026-01-13,16:43:34,INFO,OrderProcessor,Transaction tx809464 completed in 1721ms,E104,Transaction {tx} completed in {time}ms
51300,2026-01-13,16:09:04,INFO,AuthService,Page view: /home by u4345,E103,Page view: {page} by {user}
51301,2026-01-13,16:07:05,INFO,PaymentGateway,User u1292 login successful,E101,User {user} login successful
51302,2026-01-13,16:24:33,INFO,WebServer,Transaction tx342395 completed in 83ms,E104,Transaction {tx} completed in {time}ms
51303,2026-01-13,16:06:06,INFO,AuthService,Transaction tx606571 completed in 389ms,E104,Transaction {tx} completed in {time}ms
51304,2026-01-13,16:53:11,INFO,InventoryDB,Page view: /home by u1501,E103,Page view: {page} by {user}
51305,2026-01-13,16:00:43,INFO,PaymentGateway,User u3191 login successful,E101,User {user} login successful
51306,2026-01-13,16:09:38,INFO,AuthService,User u2144 login successful,E101,User {user} login successful
51307,2026-01-13,16:23:50,INFO,WebServer,Health check passed: WebServer,E102,Health check passed: {service}
51308,2026-01-13,16:08:25,INFO,AuthService,Transaction tx338833 completed in 1786ms,E104,Transaction {tx} completed in {time}ms
51309,2026-01-13,16:54:16,INFO,WebServer,Health check passed: WebServer,E102,Health check passed: {service}
51310,2026-01-13,16:29:05,INFO,WebServer,Health check passed: WebServer,E102,Health check passed: {service}
51311,2026-01-13,16:41:57,ERROR,WebServer,Timeout waiting for lock on InventoryDB,E502,Timeout waiting for lock on {db}
51312,2026-01-13,16:42:28,INFO,WebServer,Transaction tx235984 completed in 1942ms,E104,Transaction {tx} completed in {time}ms
51313,2026-01-13,16:43:45,INFO,OrderProcessor,User u1718 login successful,E101,User {user} login successful
51314,2026-01-13,16:00:33,WARN,OrderProcessor,High latency (1410ms) detected on OrderProcessor,E201,High latency ({time}ms) detected on {service}
51315,2026-01-13,16:21:47,INFO,InventoryDB,Transaction tx985798 completed in 1168ms,E104,Transaction {tx} completed in {time}ms
51316,2026-01-13,16:44:55,INFO,OrderProcessor,Transaction tx376020 completed in 616ms,E104,Transaction {tx} completed in {time}ms
51317,2026-01-13,16:58:58,INFO,OrderProcessor,Health check passed: OrderProcessor,E102,Health check passed: {service}
51318,2026-01-13,16:50:25,WARN,WebServer,Disk usage > 85% on node node-1,E202,Disk usage > 85% on node {node}
51319,2026-01-13,16:24:10,INFO,AuthService,Health check passed: AuthService,E102,Health check passed: {service}
51320,2026-01-13,16:04:35,INFO,WebServer,Page view: /home by u2611,E103,Page view: {page} by {user}
51321,2026-01-13,16:50:44,INFO,AuthService,Health check passed: AuthService,E102,Health check passed: {service}
51322,2026-01-13,16:18:53,WARN,WebServer,High latency (329ms) detected on WebServer,E201,High latency ({time}ms) detected on {service}
51323,2026-01-13,16:43:25,INFO,WebServer,Page view: /home by u1454,E103,Page view: {page} by {user}
51324,2026-01-13,16:02:33,INFO,WebServer,User u3767 login successful,E101,User {user} login successful
51325,2026-01-13,16:21:05,WARN,WebServer,Disk usage > 85% on node node-2,E202,Disk usage > 85% on node {node}
51326,2026-01-13,16:26:36,INFO,AuthService,Page view: /home by u2491,E103,Page view: {page} by {user}
51327,2026-01-13,16:14:30,WARN,AuthService,Disk usage > 85% on node node-1,E202,Disk usage > 85% on node {node}
51328,2026-01-13,16:19:35,INFO,WebServer,Transaction tx657254 completed in 446ms,E104,Transaction {tx} completed in {time}ms
51329,2026-01-13,16:03:25,INFO,AuthService,Transaction tx938932 completed in 1193ms,E104,Transaction {tx} completed in {time}ms
51330,2026-01-13,16:39:49,INFO,AuthService,Transaction tx293404 completed in 1237ms,E104,Transaction {tx} completed in {time}ms
51331,2026-01-13,16:07:55,INFO,AuthService,Transaction tx595020 completed in 1831ms,E104,Transaction {tx} completed in {time}ms
51332,2026-01-13,16:32:39,INFO,WebServer,User u1285 login successful,E101,User {user} login successful
51333,2026-01-13,16:26:50,INFO,WebServer,Page view: /home by u1498,E103,Page view: {page} by {user}
51334,2026-01-13,16:37:31,INFO,WebServer,Health check passed: WebServer,E102,Health check passed: {service}
51335,2026-01-13,16:08:02,INFO,WebServer,Health check passed: WebServer,E102,Health check passed: {service}
51336,2026-01-13,16:40:28,WARN,OrderProcessor,High latency (311ms) detected on OrderProcessor,E201,High latency ({time}ms) detected on {service}
51337,2026-01-13,16:25:24,INFO,AuthService,Transaction tx284063 completed in 317ms,E104,Transaction {tx} completed in {time}ms
51338,2026-01-13,16:23:00,INFO,WebServer,Page view: /home by u3068,E103,Page view: {page} by {user}
51339,2026-01-13,16:21:41,INFO,WebServer,Page view: /home by u4801,E103,Page view: {page} by {user}
51340,2026-01-13,16:34:23,INFO,WebServer,User u3028 login successful,E101,User {user} login successful
51341,2026-01-13,16:38:36,INFO,WebServer,Transaction tx989691 completed in 432ms,E104,Transaction {tx} completed in {time}ms
51342,2026-01-13,16:13:44,INFO,AuthService,Page view: /home by u3658,E103,Page view: {page} by {user}
51343,2026-01-13,16:29:00,INFO,WebServer,Page view: /home by u4641,E103,Page view: {page} by {user}
51344,2026-01-13,16:48:33,INFO,WebServer,Page view: /home by u1799,E103,Page view: {page} by {user}
51345,2026-01-13,16:20:13,INFO,WebServer,Health check passed: WebServer,E102,Health check passed: {service}
51346,2026-01-13,16:36:32,INFO,InventoryDB,Health check passed: InventoryDB,E102,Health check passed: {service}
51347,2026-01-13,16:34:31,WARN,WebServer,Unauthorized access attempt from 10.0.0.88,E401,Unauthorized access attempt from {ip}
51348,2026-01-13,16:40:01,INFO,WebServer,Health check passed: WebServer,E102,Health check passed: {service}
51349,2026-01-13,16:51:22,INFO,WebServer,Transaction tx383584 completed in 1892ms,E104,Transaction {tx} completed in {time}ms
51350,2026-01-13,16:07:42,INFO,WebServer,Page view: /home by u3951,E103,Page view: {page} by {user}
51351,2026-01-13,16:11:21,INFO,OrderProcessor,Transaction tx373023 completed in 1360ms,E104,Transaction {tx} completed in {time}ms
51352,2026-01-13,16:15:11,INFO,WebServer,Transaction tx709298 completed in 1874ms,E104,Transaction {tx} completed in {time}ms
51353,2026-01-13,16:41:49,INFO,InventoryDB,User u2173 login successful,E101,User {user} login successful
51354,2026-01-13,16:19:48,INFO,WebServer,User u3168 login successful,E101,User {user} login successful
51355,2026-01-13,16:40:17,INFO,WebServer,Page view: /home by u1184,E103,Page view: {page} by {user}
51356,2026-01-13,16:51:25,INFO,AuthService,User u4771 login successful,E101,User {user} login successful
51357,2026-01-13,16:13:13,INFO,OrderProcessor,Health check passed: OrderProcessor,E102,Health check passed: {service}
51358,2026-01-13,16:52:22,INFO,WebServer,Page view: /home by u4806,E103,Page view: {page} by {user}
51359,2026-01-13,16:35:31,INFO,WebServer,Health check passed: WebServer,E102,Health check passed: {service}
51360,2026-01-13,16:55:00,INFO,PaymentGateway,User u1879 login successful,E101,User {user} login successful
51361,2026-01-13,16:42:46,INFO,WebServer,Transaction tx812880 completed in 1427ms,E104,Transaction {tx} completed in {time}ms
51362,2026-01-13,16:54:38,INFO,WebServer,Health check passed: WebServer,E102,Health check passed: {service}
51363,2026-01-13,16:36:27,INFO,WebServer,Health check passed: WebServer,E102,Health check passed: {service}
51364,2026-01-13,16:54:53,INFO,AuthService,User u1116 login successful,E101,User {user} login successful
51365,2026-01-13,16:41:30,INFO,WebServer,Page view: /home by u3988,E103,Page view: {page} by {user}
51366,2026-01-13,16:24:16,WARN,AuthService,Disk usage > 85% on node node-2,E202,Disk usage > 85% on node {node}
51367,2026-01-13,16:18:02,INFO,WebServer,Health check passed: WebServer,E102,Health check passed: {service}
51368,2026-01-13,16:43:11,INFO,WebServer,User u2047 login successful,E101,User {user} login successful
51369,2026-01-13,16:06:02,INFO,InventoryDB,Transaction tx686792 completed in 272ms,E104,Transaction {tx} completed in {time}ms
51370,2026-01-13,16:22:12,INFO,OrderProcessor,Page view: /home by u3698,E103,Page view: {page} by {user}
51371,2026-01-13,16:09:24,INFO,OrderProcessor,Health check passed: OrderProcessor,E102,Health check passed: {service}
51372,2026-01-13,16:08:11,INFO,WebServer,Health check passed: WebServer,E102,Health check passed: {service}
51373,2026-01-13,16:26:21,INFO,WebServer,Page view: /home by u1220,E103,Page view: {page} by {user}
51374,2026-01-13,16:22:59,INFO,PaymentGateway,Health check passed: PaymentGateway,E102,Health check passed: {service}
51375,2026-01-13,16:25:58,INFO,OrderProcessor,Transaction tx814926 completed in 1528ms,E104,Transaction {tx} completed in {time}ms
51376,2026-01-13,16:53:26,INFO,OrderProcessor,Page view: /home by u1654,E103,Page view: {page} by {user}
51377,2026-01-13,16:45:19,INFO,WebServer,User u2000 login successful,E101,User {user} login successful
51378,2026-01-13,16:44:24,INFO,OrderProcessor,Page view: /home by u4833,E103,Page view: {page} by {user}
51379,2026-01-13,16:58:50,INFO,InventoryDB,User u1954 login successful,E101,User {user} login successful
51380,2026-01-13,16:31:53,WARN,OrderProcessor,Unauthorized access attempt from 10.0.0.45,E401,Unauthorized access attempt from {ip}
51381,2026-01-13,16:54:51,INFO,WebServer,User u3089 login successful,E101,User {user} login successful
51382,2026-01-13,16:20:13,INFO,InventoryDB,Page view: /home by u2273,E103,Page view: {page} by {user}
51383,2026-01-13,16:51:38,INFO,AuthService,Transaction tx433597 completed in 1765ms,E104,Transaction {tx} completed in {time}ms
51384,2026-01-13,16:29:02,INFO,WebServer,Transaction tx564999 completed in 1635ms,E104,Transaction {tx} completed in {time}ms
51385,2026-01-13,16:40:56,INFO,WebServer,User u2630 login successful,E101,User {user} login successful
51386,2026-01-13,16:25:14,INFO,AuthService,User u1930 login successful,E101,User {user} login successful
51387,2026-01-13,16:08:05,INFO,OrderProcessor,Transaction tx303696 completed in 412ms,E104,Transaction {tx} completed in {time}ms
51388,2026-01-13,16:43:22,INFO,OrderProcessor,Health check passed: OrderProcessor,E102,Health check passed: {service}
51389,2026-01-13,16:29:45,INFO,InventoryDB,User u3396 login successful,E101,User {user} login successful
51390,2026-01-13,16:04:45,INFO,PaymentGateway,Page view: /home by u3367,E103,Page view: {page} by {user}
51391,2026-01-13,16:02:45,INFO,AuthService,User u4783 login successful,E101,User {user} login successful
51392,2026-01-13,16:32:51,INFO,WebServer,Health check passed: WebServer,E102,Health check passed: {service}
51393,2026-01-13,16:40:23,WARN,InventoryDB,High latency (1760ms) detected on InventoryDB,E201,High latency ({time}ms) detected on {service}
51394,2026-01-13,16:49:37,INFO,OrderProcessor,Transaction tx173478 completed in 640ms,E104,Transaction {tx} completed in {time}ms
51395,2026-01-13,16:10:07,INFO,PaymentGateway,Health check passed: PaymentGateway,E102,Health check passed: {service}
51396,2026-01-13,16:16:12,INFO,OrderProcessor,Transaction tx150077 completed in 612ms,E104,Transaction {tx} completed in {time}ms
51397,2026-01-13,16:29:49,INFO,AuthService,User u1712 login successful,E101,User {user} login successful
51398,2026-01-13,16:03:20,INFO,WebServer,Page view: /home by u3332,E103,Page view: {page} by {user}
51399,2026-01-13,16:45:54,INFO,OrderProcessor,User u1345 login successful,E101,User {user} login successful
51400,2026-01-13,16:20:17,INFO,WebServer,User u4053 login successful,E101,User {user} login successful
51401,2026-01-13,16:20:12,INFO,AuthService,User u3703 login successful,E101,User {user} login successful
51402,2026-01-13,16:49:45,INFO,WebServer,Page view: /home by u4451,E103,Page view: {page} by {user}
51403,2026-01-13,16:25:46,INFO,AuthService,Page view: /home by u4097,E103,Page view: {page} by {user}
51404,2026-01-13,16:03:40,WARN,WebServer,Disk usage > 85% on node node-3,E202,Disk usage > 85% on node {node}
51405,2026-01-13,16:51:47,INFO,WebServer,Page view: /home by u1439,E103,Page view: {page} by {user}
51406,2026-01-13,16:57:33,WARN,WebServer,Disk usage > 85% on node node-4,E202,Disk usage > 85% on node {node}
51407,2026-01-13,16:07:25,INFO,AuthService,User u2600 login successful,E101,User {user} login successful
51408,2026-01-13,16:47:21,INFO,InventoryDB,Page view: /home by u4626,E103,Page view: {page} by {user}
51409,2026-01-13,16:58:02,INFO,PaymentGateway,Health check passed: PaymentGateway,E102,Health check passed: {service}
51410,2026-01-13,16:59:23,INFO,WebServer,Page view: /home by u2079,E103,Page view: {page} by {user}
51411,2026-01-13,16:42:26,INFO,WebServer,Page view: /home by u1785,E103,Page view: {page} by {user}
51412,2026-01-13,16:19:56,INFO,WebServer,Transaction tx765835 completed in 46ms,E104,Transaction {tx} completed in {time}ms
51413,2026-01-13,16:02:05,INFO,AuthService,User u4468 login successful,E101,User {user} login successful
51414,2026-01-13,16:36:15,INFO,WebServer,Transaction tx294025 completed in 739ms,E104,Transaction {tx} completed in {time}ms
51415,2026-01-13,16:55:08,INFO,InventoryDB,Page view: /home by u4947,E103,Page view: {page} by {user}
51416,2026-01-13,16:41:11,INFO,PaymentGateway,Health check passed: PaymentGateway,E102,Health check passed: {service}
51417,2026-01-13,16:23:16,INFO,WebServer,Page view: /home by u3593,E103,Page view: {page} by {user}
51418,2026-01-13,16:26:11,INFO,WebServer,User u4952 login successful,E101,User {user} login successful
51419,2026-01-13,16:04:22,INFO,WebServer,Page view: /home by u2079,E103,Page view: {page} by {user}
51420,2026-01-13,16:14:12,INFO,InventoryDB,Page view: /home by u2544,E103,Page view: {page} by {user}
51421,2026-01-13,16:20:15,INFO,WebServer,Transaction tx583878 completed in 1873ms,E104,Transaction {tx} completed in {time}ms
51422,2026-01-13,16:39:53,WARN,OrderProcessor,High latency (1610ms) detected on OrderProcessor,E201,High latency ({time}ms) detected on {service}
51423,2026-01-13,16:58:30,INFO,WebServer,Transaction tx349758 completed in 246ms,E104,Transaction {tx} completed in {time}ms
51424,2026-01-13,16:55:53,INFO,WebServer,Health check passed: WebServer,E102,Health check passed: {service}
51425,2026-01-13,16:02:13,INFO,AuthService,Health check passed: AuthService,E102,Health check passed: {service}
51426,2026-01-13,16:32:10,INFO,WebServer,User u1826 login successful,E101,User {user} login successful
51427,2026-01-13,16:33:58,INFO,WebServer,User u4148 login successful,E101,User {user} login successful
51428,2026-01-13,16:31:16,INFO,AuthService,Transaction tx385294 completed in 1907ms,E104,Transaction {tx} completed in {time}ms
51429,2026-01-13,16:31:11,INFO,WebServer,Page view: /home by u1871,E103,Page view: {page} by {user}
51430,2026-01-13,16:59:03,INFO,OrderProcessor,User u4329 login successful,E101,User {user} login successful
51431,2026-01-13,16:25:26,INFO,AuthService,Page view: /home by u2484,E103,Page view: {page} by {user}
51432,2026-01-13,16:06:08,INFO,AuthService,User u1819 login successful,E101,User {user} login successful
51433,2026-01-13,16:49:29,INFO,WebServer,Health check passed: WebServer,E102,Health check passed: {service}
51434,2026-01-13,16:02:37,INFO,WebServer,Transaction tx607758 completed in 1304ms,E104,Transaction {tx} completed in {time}ms
51435,2026-01-13,16:30:53,INFO,InventoryDB,User u1262 login successful,E101,User {user} login successful
51436,2026-01-13,16:13:38,INFO,PaymentGateway,Health check passed: PaymentGateway,E102,Health check passed: {service}
51437,2026-01-13,16:12:48,INFO,WebServer,Transaction tx533849 completed in 973ms,E104,Transaction {tx} completed in {time}ms
51438,2026-01-13,16:51:20,INFO,WebServer,Health check passed: WebServer,E102,Health check passed: {service}
51439,2026-01-13,16:33:14,INFO,WebServer,Health check passed: WebServer,E102,Health check passed: {service}
51440,2026-01-13,16:12:44,INFO,WebServer,Health check passed: WebServer,E102,Health check passed: {service}
51441,2026-01-13,16:55:40,INFO,WebServer,Transaction tx713986 completed in 121ms,E104,Transaction {tx} completed in {time}ms
51442,2026-01-13,16:15:18,INFO,WebServer,Page view: /home by u1366,E103,Page view: {page} by {user}
51443,2026-01-13,16:41:32,INFO,PaymentGateway,Health check passed: PaymentGateway,E102,Health check passed: {service}
51444,2026-01-13,16:25:45,INFO,PaymentGateway,Health check passed: PaymentGateway,E102,Health check passed: {service}
51445,2026-01-13,16:59:41,INFO,OrderProcessor,Page view: /home by u1324,E103,Page view: {page} by {user}
51446,2026-01-13,16:21:41,INFO,WebServer,Page view: /home by u4533,E103,Page view: {page} by {user}
51447,2026-01-13,16:15:14,INFO,PaymentGateway,Transaction tx910587 completed in 962ms,E104,Transaction {tx} completed in {time}ms
51448,2026-01-13,16:17:45,INFO,WebServer,User u1768 login successful,E101,User {user} login successful
51449,2026-01-13,16:22:49,INFO,OrderProcessor,Health check passed: OrderProcessor,E102,Health check passed: {service}
51450,2026-01-13,16:25:52,INFO,WebServer,User u3036 login successful,E101,User {user} login successful
51451,2026-01-13,16:28:15,INFO,WebServer,User u2237 login successful,E101,User {user} login successful
51452,2026-01-13,16:26:07,WARN,OrderProcessor,Unauthorized access attempt from 10.0.0.45,E401,Unauthorized access attempt from {ip}
51453,2026-01-13,16:05:20,INFO,PaymentGateway,Health check passed: PaymentGateway,E102,Health check passed: {service}
51454,2026-01-13,16:07:11,INFO,WebServer,Page view: /home by u3698,E103,Page view: {page} by {user}
51455,2026-01-13,16:17:56,WARN,WebServer,Disk usage > 85% on node node-2,E202,Disk usage > 85% on node {node}
51456,2026-01-13,16:20:11,INFO,PaymentGateway,User u3860 login successful,E101,User {user} login successful
51457,2026-01-13,16:24:54,INFO,OrderProcessor,User u4498 login successful,E101,User {user} login successful
51458,2026-01-13,16:07:00,INFO,AuthService,Health check passed: AuthService,E102,Health check passed: {service}
51459,2026-01-13,16:09:55,INFO,OrderProcessor,Health check passed: OrderProcessor,E102,Health check passed: {service}
51460,2026-01-13,16:01:20,INFO,WebServer,Page view: /home by u3420,E103,Page view: {page} by {user}
51461,2026-01-13,16:33:16,INFO,WebServer,Page view: /home by u4318,E103,Page view: {page} by {user}
51462,2026-01-13,16:30:03,INFO,WebServer,Health check passed: WebServer,E102,Health check passed: {service}
51463,2026-01-13,16:38:17,INFO,WebServer,Transaction tx802388 completed in 622ms,E104,Transaction {tx} completed in {time}ms
51464,2026-01-13,16:13:52,INFO,WebServer,Health check passed: WebServer,E102,Health check passed: {service}
51465,2026-01-13,16:56:09,WARN,OrderProcessor,Unauthorized access attempt from 10.0.0.88,E401,Unauthorized access attempt from {ip}
51466,2026-01-13,16:56:25,INFO,OrderProcessor,Health check passed: OrderProcessor,E102,Health check passed: {service}
51467,2026-01-13,16:49:26,INFO,WebServer,Health check passed: WebServer,E102,Health check passed: {service}
51468,2026-01-13,16:02:20,WARN,WebServer,Disk usage > 85% on node node-5,E202,Disk usage > 85% on node {node}
51469,2026-01-13,16:44:55,INFO,WebServer,Health check passed: WebServer,E102,Health check passed: {service}
51470,2026-01-13,16:48:23,INFO,WebServer,Page view: /home by u4689,E103,Page view: {page} by {user}
51471,2026-01-13,16:34:21,INFO,OrderProcessor,User u3465 login successful,E101,User {user} login successful
51472,2026-01-13,16:13:41,INFO,PaymentGateway,User u4250 login successful,E101,User {user} login successful
51473,2026-01-13,16:47:19,INFO,PaymentGateway,Health check passed: PaymentGateway,E102,Health check passed: {service}
51474,2026-01-13,16:42:41,INFO,AuthService,Health check passed: AuthService,E102,Health check passed: {service}
51475,2026-01-13,16:04:45,INFO,PaymentGateway,Page view: /home by u4917,E103,Page view: {page} by {user}
51476,2026-01-13,16:42:39,INFO,WebServer,Health check passed: WebServer,E102,Health check passed: {service}
51477,2026-01-13,16:39:40,INFO,WebServer,Health check passed: WebServer,E102,Health check passed: {service}
51478,2026-01-13,16:46:15,INFO,WebServer,Health check passed: WebServer,E102,Health check passed: {service}
51479,2026-01-13,16:44:44,INFO,AuthService,Health check passed: AuthService,E102,Health check passed: {service}
51480,2026-01-13,16:50:40,INFO,AuthService,Page view: /home by u2338,E103,Page view: {page} by {user}
51481,2026-01-13,16:26:51,INFO,WebServer,Page view: /home by u3804,E103,Page view: {page} by {user}
51482,2026-01-13,16:58:06,INFO,InventoryDB,User u2641 login successful,E101,User {user} login successful
51483,2026-01-13,16:52:37,INFO,AuthService,Health check passed: AuthService,E102,Health check passed: {service}
51484,2026-01-13,16:59:57,INFO,WebServer,User u1209 login successful,E101,User {user} login successful
51485,2026-01-13,16:30:43,INFO,WebServer,Health check passed: WebServer,E102,Health check passed: {service}
51486,2026-01-13,16:22:28,INFO,WebServer,User u2951 login successful,E101,User {user} login successful
51487,2026-01-13,16:52:13,INFO,WebServer,Page view: /home by u3952,E103,Page view: {page} by {user}
51488,2026-01-13,16:30:36,INFO,WebServer,User u1417 login successful,E101,User {user} login successful
51489,2026-01-13,16:01:45,INFO,OrderProcessor,Health check passed: OrderProcessor,E102,Health check passed: {service}
51490,2026-01-13,16:51:05,INFO,WebServer,User u4747 login successful,E101,User {user} login successful
51491,2026-01-13,16:05:24,INFO,WebServer,User u2616 login successful,E101,User {user} login successful
51492,2026-01-13,16:31:32,INFO,WebServer,Health check passed: WebServer,E102,Health check passed: {service}
51493,2026-01-13,16:43:14,INFO,WebServer,Health check passed: WebServer,E102,Health check passed: {service}
51494,2026-01-13,16:42:57,INFO,WebServer,Transaction tx314944 completed in 1105ms,E104,Transaction {tx} completed in {time}ms
51495,2026-01-13,16:51:13,INFO,WebServer,Transaction tx809625 completed in 1976ms,E104,Transaction {tx} completed in {time}ms
51496,2026-01-13,16:09:14,INFO,AuthService,Health check passed: AuthService,E102,Health check passed: {service}
51497,2026-01-13,16:18:27,INFO,WebServer,Page view: /home by u2859,E103,Page view: {page} by {user}
51498,2026-01-13,16:42:35,INFO,WebServer,Transaction tx190578 completed in 454ms,E104,Transaction {tx} completed in {time}ms
51499,2026-01-13,16:53:26,INFO,AuthService,Health check passed: AuthService,E102,Health check passed: {service}
51500,2026-01-13,16:48:01,ERROR,OrderProcessor,Timeout waiting for lock on InventoryDB,E502,Timeout waiting for lock on {db}
51501,2026-01-13,16:18:52,INFO,WebServer,Health check passed: WebServer,E102,Health check passed: {service}
51502,2026-01-13,16:53:01,INFO,WebServer,Health check passed: WebServer,E102,Health check passed: {service}
51503,2026-01-13,16:13:44,INFO,AuthService,Transaction tx217254 completed in 1682ms,E104,Transaction {tx} completed in {time}ms
51504,2026-01-13,16:14:32,INFO,WebServer,Page view: /home by u2439,E103,Page view: {page} by {user}
51505,2026-01-13,16:30:42,INFO,PaymentGateway,User u2702 login successful,E101,User {user} login successful
51506,2026-01-13,16:33:32,INFO,WebServer,User u2807 login successful,E101,User {user} login successful
51507,2026-01-13,16:33:18,INFO,WebServer,User u1705 login successful,E101,User {user} login successful
51508,2026-01-13,16:25:06,INFO,WebServer,User u3242 login successful,E101,User {user} login successful
51509,2026-01-13,16:59:02,INFO,WebServer,User u4096 login successful,E101,User {user} login successful
51510,2026-01-13,16:51:01,INFO,WebServer,Transaction tx865479 completed in 1701ms,E104,Transaction {tx} completed in {time}ms
51511,2026-01-13,16:45:31,INFO,WebServer,User u4560 login successful,E101,User {user} login successful
51512,2026-01-13,16:54:48,INFO,WebServer,Transaction tx402922 completed in 395ms,E104,Transaction {tx} completed in {time}ms
51513,2026-01-13,16:24:57,WARN,WebServer,Unauthorized access attempt from 10.0.0.45,E401,Unauthorized access attempt from {ip}
51514,2026-01-13,16:48:53,WARN,WebServer,Unauthorized access attempt from 10.0.0.45,E401,Unauthorized access attempt from {ip}
51515,2026-01-13,16:46:25,INFO,PaymentGateway,Page view: /home by u1648,E103,Page view: {page} by {user}
51516,2026-01-13,16:10:57,INFO,WebServer,Health check passed: WebServer,E102,Health check passed: {service}
51517,2026-01-13,16:15:17,INFO,InventoryDB,Transaction tx903981 completed in 1634ms,E104,Transaction {tx} completed in {time}ms
51518,2026-01-13,16:28:14,INFO,InventoryDB,Transaction tx121571 completed in 1902ms,E104,Transaction {tx} completed in {time}ms
51519,2026-01-13,16:46:11,INFO,WebServer,Health check passed: WebServer,E102,Health check passed: {service}
51520,2026-01-13,16:28:27,INFO,AuthService,Health check passed: AuthService,E102,Health check passed: {service}
51521,2026-01-13,16:07:19,INFO,AuthService,Page view: /home by u3613,E103,Page view: {page} by {user}
51522,2026-01-13,16:48:14,INFO,OrderProcessor,User u3521 login successful,E101,User {user} login successful
51523,2026-01-13,16:00:34,INFO,AuthService,User u4130 login successful,E101,User {user} login successful
51524,2026-01-13,16:30:25,INFO,WebServer,Transaction tx800522 completed in 1401ms,E104,Transaction {tx} completed in {time}ms
51525,2026-01-13,16:06:39,INFO,WebServer,Transaction tx282230 completed in 1164ms,E104,Transaction {tx} completed in {time}ms
51526,2026-01-13,16:26:39,INFO,WebServer,Transaction tx626420 completed in 595ms,E104,Transaction {tx} completed in {time}ms
51527,2026-01-13,16:09:15,INFO,WebServer,Transaction tx715138 completed in 1769ms,E104,Transaction {tx} completed in {time}ms
51528,2026-01-13,16:04:12,INFO,OrderProcessor,Transaction tx739456 completed in 937ms,E104,Transaction {tx} completed in {time}ms
51529,2026-01-13,16:51:46,INFO,AuthService,Transaction tx608119 completed in 1302ms,E104,Transaction {tx} completed in {time}ms
51530,2026-01-13,16:58:47,INFO,WebServer,Health check passed: WebServer,E102,Health check passed: {service}
51531,2026-01-13,16:59:30,INFO,WebServer,User u2432 login successful,E101,User {user} login successful
51532,2026-01-13,16:22:30,INFO,WebServer,Transaction tx395222 completed in 1732ms,E104,Transaction {tx} completed in {time}ms
51533,2026-01-13,16:56:44,INFO,WebServer,User u4026 login successful,E101,User {user} login successful
51534,2026-01-13,16:34:53,INFO,WebServer,Page view: /home by u2250,E103,Page view: {page} by {user}
51535,2026-01-13,16:36:37,INFO,WebServer,Health check passed: WebServer,E102,Health check passed: {service}
51536,2026-01-13,16:14:16,WARN,OrderProcessor,Unauthorized access attempt from 10.0.0.45,E401,Unauthorized access attempt from {ip}
51537,2026-01-13,16:02:03,INFO,WebServer,Page view: /home by u3984,E103,Page view: {page} by {user}
51538,2026-01-13,16:01:36,INFO,WebServer,Page view: /home by u4049,E103,Page view: {page} by {user}
51539,2026-01-13,16:25:06,INFO,PaymentGateway,Health check passed: PaymentGateway,E102,Health check passed: {service}
51540,2026-01-13,16:29:37,INFO,PaymentGateway,Transaction tx788873 completed in 1254ms,E104,Transaction {tx} completed in {time}ms
51541,2026-01-13,16:15:32,INFO,WebServer,Page view: /home by u2472,E103,Page view: {page} by {user}
51542,2026-01-13,16:11:01,INFO,WebServer,Transaction tx654964 completed in 782ms,E104,Transaction {tx} completed in {time}ms
51543,2026-01-13,16:24:01,INFO,InventoryDB,User u4167 login successful,E101,User {user} login successful
51544,2026-01-13,16:21:00,INFO,OrderProcessor,Health check passed: OrderProcessor,E102,Health check passed: {service}
51545,2026-01-13,16:03:23,INFO,PaymentGateway,Page view: /home by u4482,E103,Page view: {page} by {user}
51546,2026-01-13,16:49:07,INFO,WebServer,Health check passed: WebServer,E102,Health check passed: {service}
51547,2026-01-13,16:20:47,INFO,WebServer,User u3345 login successful,E101,User {user} login successful
51548,2026-01-13,16:45:12,INFO,WebServer,Health check passed: WebServer,E102,Health check passed: {service}
51549,2026-01-13,16:10:03,INFO,AuthService,User u1795 login successful,E101,User {user} login successful
51550,2026-01-13,16:45:14,INFO,WebServer,Transaction tx813041 completed in 351ms,E104,Transaction {tx} completed in {time}ms
51551,2026-01-13,16:45:21,INFO,WebServer,Transaction tx714921 completed in 1143ms,E104,Transaction {tx} completed in {time}ms
51552,2026-01-13,16:49:15,INFO,AuthService,Transaction tx904556 completed in 1490ms,E104,Transaction {tx} completed in {time}ms
51553,2026-01-13,16:19:41,INFO,WebServer,Health check passed: WebServer,E102,Health check passed: {service}
51554,2026-01-13,16:08:26,INFO,WebServer,Transaction tx978833 completed in 1452ms,E104,Transaction {tx} completed in {time}ms
51555,2026-01-13,16:44:29,INFO,OrderProcessor,Transaction tx670596 completed in 334ms,E104,Transaction {tx} completed in {time}ms
51556,2026-01-13,16:59:33,INFO,WebServer,Health check passed: WebServer,E102,Health check passed: {service}
51557,2026-01-13,16:36:20,INFO,InventoryDB,User u4262 login successful,E101,User {user} login successful
51558,2026-01-13,16:56:25,INFO,OrderProcessor,Health check passed: OrderProcessor,E102,Health check passed: {service}
51559,2026-01-13,16:48:43,WARN,AuthService,Unauthorized access attempt from 10.0.0.10,E401,Unauthorized access attempt from {ip}
51560,2026-01-13,16:58:50,INFO,PaymentGateway,Health check passed: PaymentGateway,E102,Health check passed: {service}
51561,2026-01-13,16:07:11,INFO,WebServer,Transaction tx878684 completed in 1440ms,E104,Transaction {tx} completed in {time}ms
51562,2026-01-13,16:45:37,INFO,AuthService,User u4462 login successful,E101,User {user} login successful
51563,2026-01-13,16:17:21,INFO,WebServer,Transaction tx915219 completed in 276ms,E104,Transaction {tx} completed in {time}ms
51564,2026-01-13,16:24:39,INFO,WebServer,User u3925 login successful,E101,User {user} login successful
51565,2026-01-13,16:52:16,INFO,OrderProcessor,Page view: /home by u1848,E103,Page view: {page} by {user}
51566,2026-01-13,16:27:42,INFO,AuthService,User u3228 login successful,E101,User {user} login successful
51567,2026-01-13,16:02:23,INFO,WebServer,Transaction tx731565 completed in 892ms,E104,Transaction {tx} completed in {time}ms
51568,2026-01-13,16:35:37,ERROR,WebServer,Timeout waiting for lock on InventoryDB,E502,Timeout waiting for lock on {db}
51569,2026-01-13,16:58:51,INFO,WebServer,Page view: /home by u3690,E103,Page view: {page} by {user}
51570,2026-01-13,16:12:15,WARN,WebServer,High latency (1802ms) detected on WebServer,E201,High latency ({time}ms) detected on {service}
51571,2026-01-13,16:12:20,INFO,OrderProcessor,Transaction tx242957 completed in 1622ms,E104,Transaction {tx} completed in {time}ms
51572,2026-01-13,16:02:13,INFO,WebServer,Page view: /home by u4932,E103,Page view: {page} by {user}
51573,2026-01-13,16:33:36,WARN,PaymentGateway,Disk usage > 85% on node node-2,E202,Disk usage > 85% on node {node}
51574,2026-01-13,16:57:36,INFO,AuthService,Page view: /home by u1552,E103,Page view: {page} by {user}
51575,2026-01-13,16:04:34,INFO,PaymentGateway,Transaction tx421225 completed in 184ms,E104,Transaction {tx} completed in {time}ms
51576,2026-01-13,16:36:18,INFO,OrderProcessor,Transaction tx872669 completed in 1101ms,E104,Transaction {tx} completed in {time}ms
51577,2026-01-13,16:36:15,INFO,WebServer,Health check passed: WebServer,E102,Health check passed: {service}
51578,2026-01-13,16:55:00,INFO,WebServer,Transaction tx748019 completed in 1621ms,E104,Transaction {tx} completed in {time}ms
51579,2026-01-13,16:39:00,INFO,WebServer,User u2107 login successful,E101,User {user} login successful
51580,2026-01-13,16:37:48,INFO,WebServer,Page view: /home by u1986,E103,Page view: {page} by {user}
51581,2026-01-13,16:24:42,INFO,AuthService,Health check passed: AuthService,E102,Health check passed: {service}
51582,2026-01-13,16:44:57,INFO,AuthService,Health check passed: AuthService,E102,Health check passed: {service}
51583,2026-01-13,16:06:14,INFO,OrderProcessor,Health check passed: OrderProcessor,E102,Health check passed: {service}
51584,2026-01-13,16:30:01,INFO,WebServer,Transaction tx253031 completed in 180ms,E104,Transaction {tx} completed in {time}ms
51585,2026-01-13,16:02:18,INFO,AuthService,Health check passed: AuthService,E102,Health check passed: {service}
51586,2026-01-13,16:31:39,INFO,WebServer,Transaction tx475856 completed in 1854ms,E104,Transaction {tx} completed in {time}ms
51587,2026-01-13,16:29:08,INFO,WebServer,User u1753 login successful,E101,User {user} login successful
51588,2026-01-13,16:55:53,WARN,WebServer,Unauthorized access attempt from 10.0.0.12,E401,Unauthorized access attempt from {ip}
51589,2026-01-13,16:18:53,ERROR,WebServer,Timeout waiting for lock on InventoryDB,E502,Timeout waiting for lock on {db}
51590,2026-01-13,16:10:32,INFO,AuthService,Health check passed: AuthService,E102,Health check passed: {service}
51591,2026-01-13,16:07:37,INFO,WebServer,Page view: /home by u2132,E103,Page view: {page} by {user}
51592,2026-01-13,16:51:04,ERROR,WebServer,Connection refused to WebServer at 10.0.0.45,E501,Connection refused to {service} at {ip}
51593,2026-01-13,16:17:02,INFO,WebServer,Health check passed: WebServer,E102,Health check passed: {service}
51594,2026-01-13,16:28:03,INFO,OrderProcessor,Health check passed: OrderProcessor,E102,Health check passed: {service}
51595,2026-01-13,16:11:49,ERROR,WebServer,Payment declined: Gateway unavailable,E503,Payment declined: Gateway unavailable
51596,2026-01-13,16:37:58,INFO,PaymentGateway,Transaction tx699176 completed in 377ms,E104,Transaction {tx} completed in {time}ms
51597,2026-01-13,16:25:38,INFO,PaymentGateway,Transaction tx827845 completed in 1097ms,E104,Transaction {tx} completed in {time}ms
51598,2026-01-13,16:19:53,INFO,WebServer,Transaction tx615324 completed in 1302ms,E104,Transaction {tx} completed in {time}ms
51599,2026-01-13,16:04:03,INFO,WebServer,Page view: /home by u2021,E103,Page view: {page} by {user}
51600,2026-01-13,16:23:57,INFO,WebServer,Health check passed: WebServer,E102,Health check passed: {service}
51601,2026-01-13,16:15:43,INFO,WebServer,Health check passed: WebServer,E102,Health check passed: {service}
51602,2026-01-13,16:50:33,INFO,WebServer,User u4790 login successful,E101,User {user} login successful
51603,2026-01-13,16:34:08,INFO,PaymentGateway,User u1961 login successful,E101,User {user} login successful
51604,2026-01-13,16:22:37,INFO,AuthService,User u1533 login successful,E101,User {user} login successful
51605,2026-01-13,16:50:45,INFO,OrderProcessor,Health check passed: OrderProcessor,E102,Health check passed: {service}
51606,2026-01-13,16:54:44,INFO,WebServer,Health check passed: WebServer,E102,Health check passed: {service}
51607,2026-01-13,16:34:04,INFO,WebServer,Transaction tx337524 completed in 369ms,E104,Transaction {tx} completed in {time}ms
51608,2026-01-13,16:25:07,INFO,AuthService,Page view: /home by u3627,E103,Page view: {page} by {user}
51609,2026-01-13,16:01:47,WARN,WebServer,High latency (686ms) detected on WebServer,E201,High latency ({time}ms) detected on {service}
51610,2026-01-13,16:47:00,INFO,WebServer,Health check passed: WebServer,E102,Health check passed: {service}
51611,2026-01-13,16:58:41,INFO,WebServer,Page view: /home by u4239,E103,Page view: {page} by {user}
51612,2026-01-13,16:09:21,CRITICAL,OrderProcessor,DATA CORRUPTION detected in sector 936,E602,DATA CORRUPTION detected in sector {sector}
51613,2026-01-13,16:25:59,INFO,AuthService,Transaction tx723490 completed in 254ms,E104,Transaction {tx} completed in {time}ms
51614,2026-01-13,16:05:22,INFO,AuthService,Health check passed: AuthService,E102,Health check passed: {service}
51615,2026-01-13,16:22:21,INFO,PaymentGateway,Transaction tx323396 completed in 100ms,E104,Transaction {tx} completed in {time}ms
51616,2026-01-13,16:20:26,INFO,WebServer,Health check passed: WebServer,E102,Health check passed: {service}
51617,2026-01-13,16:42:22,INFO,AuthService,User u4480 login successful,E101,User {user} login successful
51618,2026-01-13,16:30:42,INFO,WebServer,User u2871 login successful,E101,User {user} login successful
51619,2026-01-13,16:52:16,INFO,WebServer,Transaction tx402348 completed in 1753ms,E104,Transaction {tx} completed in {time}ms
51620,2026-01-13,16:22:50,INFO,WebServer,Transaction tx133101 completed in 1669ms,E104,Transaction {tx} completed in {time}ms
51621,2026-01-13,16:41:33,INFO,AuthService,Page view: /home by u3631,E103,Page view: {page} by {user}
51622,2026-01-13,16:27:23,INFO,OrderProcessor,Page view: /home by u4786,E103,Page view: {page} by {user}
51623,2026-01-13,16:27:41,INFO,OrderProcessor,User u4879 login successful,E101,User {user} login successful
51624,2026-01-13,16:44:20,ERROR,WebServer,Connection refused to WebServer at 10.0.0.45,E501,Connection refused to {service} at {ip}
51625,2026-01-13,16:47:15,INFO,WebServer,Page view: /home by u2354,E103,Page view: {page} by {user}
51626,2026-01-13,16:24:53,INFO,WebServer,Health check passed: WebServer,E102,Health check passed: {service}
51627,2026-01-13,16:12:53,INFO,AuthService,Page view: /home by u2923,E103,Page view: {page} by {user}
51628,2026-01-13,16:49:21,INFO,WebServer,Health check passed: WebServer,E102,Health check passed: {service}
51629,2026-01-13,16:04:29,INFO,WebServer,Health check passed: WebServer,E102,Health check passed: {service}
51630,2026-01-13,16:34:56,CRITICAL,WebServer,DATA CORRUPTION detected in sector 802,E602,DATA CORRUPTION detected in sector {sector}
51631,2026-01-13,16:00:50,INFO,WebServer,Page view: /home by u1931,E103,Page view: {page} by {user}
51632,2026-01-13,16:55:05,INFO,WebServer,Page view: /home by u1025,E103,Page view: {page} by {user}
51633,2026-01-13,16:26:48,INFO,AuthService,User u1197 login successful,E101,User {user} login successful
51634,2026-01-13,16:31:49,INFO,AuthService,Transaction tx283474 completed in 259ms,E104,Transaction {tx} completed in {time}ms
51635,2026-01-13,16:54:35,INFO,OrderProcessor,User u3826 login successful,E101,User {user} login successful
51636,2026-01-13,16:50:11,INFO,WebServer,Page view: /home by u1137,E103,Page view: {page} by {user}
51637,2026-01-13,16:50:58,INFO,AuthService,User u1126 login successful,E101,User {user} login successful
51638,2026-01-13,16:47:11,INFO,WebServer,User u2234 login successful,E101,User {user} login successful
51639,2026-01-13,16:30:28,INFO,WebServer,User u1577 login successful,E101,User {user} login successful
51640,2026-01-13,16:11:18,INFO,AuthService,User u2639 login successful,E101,User {user} login successful
51641,2026-01-13,16:56:14,INFO,OrderProcessor,Transaction tx505532 completed in 1340ms,E104,Transaction {tx} completed in {time}ms
51642,2026-01-13,16:44:46,INFO,WebServer,User u2392 login successful,E101,User {user} login successful
51643,2026-01-13,16:16:11,INFO,InventoryDB,Page view: /home by u4887,E103,Page view: {page} by {user}
51644,2026-01-13,16:32:03,INFO,WebServer,Transaction tx621159 completed in 162ms,E104,Transaction {tx} completed in {time}ms
51645,2026-01-13,16:02:36,INFO,OrderProcessor,Transaction tx991433 completed in 553ms,E104,Transaction {tx} completed in {time}ms
51646,2026-01-13,16:33:13,INFO,WebServer,Page view: /home by u3974,E103,Page view: {page} by {user}
51647,2026-01-13,16:49:07,ERROR,WebServer,Payment declined: Gateway unavailable,E503,Payment declined: Gateway unavailable
51648,2026-01-13,16:50:32,INFO,WebServer,Transaction tx375451 completed in 1914ms,E104,Transaction {tx} completed in {time}ms
51649,2026-01-13,16:39:51,INFO,AuthService,User u4499 login successful,E101,User {user} login successful
51650,2026-01-13,16:08:44,INFO,AuthService,Page view: /home by u1334,E103,Page view: {page} by {user}
51651,2026-01-13,16:26:04,INFO,WebServer,Transaction tx158243 completed in 1709ms,E104,Transaction {tx} completed in {time}ms
51652,2026-01-13,16:28:07,INFO,WebServer,Health check passed: WebServer,E102,Health check passed: {service}
51653,2026-01-13,16:13:48,INFO,AuthService,Transaction tx976977 completed in 496ms,E104,Transaction {tx} completed in {time}ms
51654,2026-01-13,16:05:43,INFO,PaymentGateway,User u4235 login successful,E101,User {user} login successful
51655,2026-01-13,16:06:41,INFO,WebServer,User u4610 login successful,E101,User {user} login successful
51656,2026-01-13,16:27:47,INFO,WebServer,User u3603 login successful,E101,User {user} login successful
51657,2026-01-13,16:28:22,INFO,WebServer,Transaction tx959118 completed in 1736ms,E104,Transaction {tx} completed in {time}ms
51658,2026-01-13,16:48:25,INFO,WebServer,Transaction tx238200 completed in 957ms,E104,Transaction {tx} completed in {time}ms
51659,2026-01-13,16:00:33,INFO,AuthService,Page view: /home by u1247,E103,Page view: {page} by {user}
51660,2026-01-13,16:57:36,INFO,AuthService,Health check passed: AuthService,E102,Health check passed: {service}
51661,2026-01-13,16:49:54,INFO,OrderProcessor,Page view: /home by u4305,E103,Page view: {page} by {user}
51662,2026-01-13,16:54:57,INFO,OrderProcessor,Health check passed: OrderProcessor,E102,Health check passed: {service}
51663,2026-01-13,16:06:58,INFO,WebServer,Transaction tx555337 completed in 1062ms,E104,Transaction {tx} completed in {time}ms
51664,2026-01-13,16:08:59,WARN,OrderProcessor,Disk usage > 85% on node node-2,E202,Disk usage > 85% on node {node}
51665,2026-01-13,16:45:11,INFO,WebServer,Health check passed: WebServer,E102,Health check passed: {service}
51666,2026-01-13,16:19:43,INFO,WebServer,Page view: /home by u1353,E103,Page view: {page} by {user}
51667,2026-01-13,16:47:04,INFO,WebServer,Page view: /home by u1103,E103,Page view: {page} by {user}
51668,2026-01-13,16:37:03,CRITICAL,WebServer,KERNEL PANIC: Node node-3 crashed,E601,KERNEL PANIC: Node {node} crashed
51669,2026-01-13,16:40:17,INFO,AuthService,User u3707 login successful,E101,User {user} login successful
51670,2026-01-13,16:24:07,INFO,WebServer,Page view: /home by u3043,E103,Page view: {page} by {user}
51671,2026-01-13,16:33:21,INFO,AuthService,Transaction tx355979 completed in 1864ms,E104,Transaction {tx} completed in {time}ms
51672,2026-01-13,16:18:29,INFO,WebServer,Health check passed: WebServer,E102,Health check passed: {service}
51673,2026-01-13,16:30:00,INFO,WebServer,Transaction tx314013 completed in 1449ms,E104,Transaction {tx} completed in {time}ms
51674,2026-01-13,16:11:10,INFO,OrderProcessor,User u2986 login successful,E101,User {user} login successful
51675,2026-01-13,16:16:51,ERROR,OrderProcessor,Timeout waiting for lock on InventoryDB,E502,Timeout waiting for lock on {db}
51676,2026-01-13,16:17:48,INFO,WebServer,Health check passed: WebServer,E102,Health check passed: {service}
51677,2026-01-13,16:17:53,INFO,WebServer,Page view: /home by u2709,E103,Page view: {page} by {user}
51678,2026-01-13,16:19:28,INFO,AuthService,Health check passed: AuthService,E102,Health check passed: {service}
51679,2026-01-13,16:43:38,INFO,InventoryDB,User u4811 login successful,E101,User {user} login successful
51680,2026-01-13,16:34:30,INFO,AuthService,Transaction tx557250 completed in 689ms,E104,Transaction {tx} completed in {time}ms
51681,2026-01-13,16:05:44,INFO,AuthService,User u2740 login successful,E101,User {user} login successful
51682,2026-01-13,16:07:43,ERROR,WebServer,Timeout waiting for lock on InventoryDB,E502,Timeout waiting for lock on {db}
51683,2026-01-13,16:51:32,INFO,AuthService,User u4244 login successful,E101,User {user} login successful
51684,2026-01-13,16:50:45,INFO,WebServer,Health check passed: WebServer,E102,Health check passed: {service}
51685,2026-01-13,16:17:01,INFO,PaymentGateway,User u1919 login successful,E101,User {user} login successful
51686,2026-01-13,16:01:14,INFO,PaymentGateway,Health check passed: PaymentGateway,E102,Health check passed: {service}
51687,2026-01-13,16:24:11,INFO,WebServer,Page view: /home by u2334,E103,Page view: {page} by {user}
51688,2026-01-13,16:50:21,INFO,WebServer,Transaction tx388987 completed in 571ms,E104,Transaction {tx} completed in {time}ms
51689,2026-01-13,16:13:39,INFO,OrderProcessor,Transaction tx563564 completed in 1276ms,E104,Transaction {tx} completed in {time}ms
51690,2026-01-13,16:57:22,INFO,OrderProcessor,Health check passed: OrderProcessor,E102,Health check passed: {service}
51691,2026-01-13,16:04:40,INFO,WebServer,Page view: /home by u2435,E103,Page view: {page} by {user}
51692,2026-01-13,16:25:04,INFO,OrderProcessor,Page view: /home by u3126,E103,Page view: {page} by {user}
51693,2026-01-13,16:32:58,INFO,OrderProcessor,User u2406 login successful,E101,User {user} login successful
51694,2026-01-13,16:25:14,INFO,PaymentGateway,User u2061 login successful,E101,User {user} login successful
51695,2026-01-13,16:42:57,INFO,WebServer,Page view: /home by u1341,E103,Page view: {page} by {user}
51696,2026-01-13,16:10:37,INFO,WebServer,Health check passed: WebServer,E102,Health check passed: {service}
51697,2026-01-13,16:08:07,INFO,AuthService,Transaction tx713405 completed in 1987ms,E104,Transaction {tx} completed in {time}ms
51698,2026-01-13,16:38:05,INFO,WebServer,Transaction tx946699 completed in 928ms,E104,Transaction {tx} completed in {time}ms
51699,2026-01-13,16:49:35,INFO,WebServer,User u3464 login successful,E101,User {user} login successful
51700,2026-01-13,16:22:54,INFO,WebServer,Health check passed: WebServer,E102,Health check passed: {service}
51701,2026-01-13,16:16:07,INFO,WebServer,Page view: /home by u4458,E103,Page view: {page} by {user}
51702,2026-01-13,16:37:50,INFO,PaymentGateway,Health check passed: PaymentGateway,E102,Health check passed: {service}
51703,2026-01-13,16:13:53,INFO,AuthService,User u4756 login successful,E101,User {user} login successful
51704,2026-01-13,16:51:00,INFO,OrderProcessor,Transaction tx653355 completed in 1221ms,E104,Transaction {tx} completed in {time}ms
51705,2026-01-13,16:09:41,INFO,WebServer,Transaction tx685622 completed in 1030ms,E104,Transaction {tx} completed in {time}ms
51706,2026-01-13,16:20:47,INFO,WebServer,Page view: /home by u2833,E103,Page view: {page} by {user}
51707,2026-01-13,16:42:16,INFO,WebServer,User u3144 login successful,E101,User {user} login successful
51708,2026-01-13,16:29:53,INFO,WebServer,Page view: /home by u4892,E103,Page view: {page} by {user}
51709,2026-01-13,16:11:26,INFO,PaymentGateway,Health check passed: PaymentGateway,E102,Health check passed: {service}
51710,2026-01-13,16:47:08,INFO,AuthService,Page view: /home by u1719,E103,Page view: {page} by {user}
51711,2026-01-13,16:32:14,INFO,InventoryDB,Health check passed: InventoryDB,E102,Health check passed: {service}
51712,2026-01-13,16:36:16,INFO,WebServer,Transaction tx117437 completed in 1288ms,E104,Transaction {tx} completed in {time}ms
51713,2026-01-13,16:43:06,INFO,WebServer,User u4641 login successful,E101,User {user} login successful
51714,2026-01-13,16:39:44,INFO,WebServer,User u2573 login successful,E101,User {user} login successful
51715,2026-01-13,16:20:53,INFO,InventoryDB,Transaction tx818199 completed in 1457ms,E104,Transaction {tx} completed in {time}ms
51716,2026-01-13,16:44:13,INFO,AuthService,User u1052 login successful,E101,User {user} login successful
51717,2026-01-13,16:36:30,INFO,WebServer,Page view: /home by u4789,E103,Page view: {page} by {user}
51718,2026-01-13,16:11:22,INFO,WebServer,Health check passed: WebServer,E102,Health check passed: {service}
51719,2026-01-13,16:32:08,INFO,InventoryDB,Transaction tx960457 completed in 305ms,E104,Transaction {tx} completed in {time}ms
51720,2026-01-13,16:04:16,INFO,WebServer,Health check passed: WebServer,E102,Health check passed: {service}
51721,2026-01-13,16:47:37,INFO,WebServer,Page view: /home by u4416,E103,Page view: {page} by {user}
51722,2026-01-13,16:51:52,INFO,AuthService,Transaction tx452455 completed in 313ms,E104,Transaction {tx} completed in {time}ms
51723,2026-01-13,16:10:10,INFO,PaymentGateway,Transaction tx923001 completed in 408ms,E104,Transaction {tx} completed in {time}ms
51724,2026-01-13,16:11:12,INFO,OrderProcessor,Page view: /home by u1230,E103,Page view: {page} by {user}
51725,2026-01-13,16:19:22,INFO,WebServer,User u2008 login successful,E101,User {user} login successful
51726,2026-01-13,16:32:40,INFO,PaymentGateway,User u2716 login successful,E101,User {user} login successful
51727,2026-01-13,16:11:48,WARN,AuthService,High latency (1286ms) detected on AuthService,E201,High latency ({time}ms) detected on {service}
51728,2026-01-13,16:47:35,INFO,AuthService,Transaction tx162888 completed in 1463ms,E104,Transaction {tx} completed in {time}ms
51729,2026-01-13,16:17:32,INFO,AuthService,Health check passed: AuthService,E102,Health check passed: {service}
51730,2026-01-13,16:11:48,INFO,AuthService,Transaction tx190117 completed in 1105ms,E104,Transaction {tx} completed in {time}ms
51731,2026-01-13,16:26:42,INFO,AuthService,Health check passed: AuthService,E102,Health check passed: {service}
51732,2026-01-13,16:39:37,INFO,WebServer,Page view: /home by u1789,E103,Page view: {page} by {user}
51733,2026-01-13,16:56:41,INFO,AuthService,User u3009 login successful,E101,User {user} login successful
51734,2026-01-13,16:52:34,INFO,WebServer,Transaction tx672177 completed in 1765ms,E104,Transaction {tx} completed in {time}ms
51735,2026-01-13,16:11:13,INFO,OrderProcessor,Page view: /home by u3205,E103,Page view: {page} by {user}
51736,2026-01-13,16:57:37,INFO,AuthService,Page view: /home by u2025,E103,Page view: {page} by {user}
51737,2026-01-13,16:27:19,INFO,OrderProcessor,Health check passed: OrderProcessor,E102,Health check passed: {service}
51738,2026-01-13,16:46:06,INFO,AuthService,Health check passed: AuthService,E102,Health check passed: {service}
51739,2026-01-13,16:40:57,INFO,OrderProcessor,User u2034 login successful,E101,User {user} login successful
51740,2026-01-13,16:10:07,INFO,WebServer,Health check passed: WebServer,E102,Health check passed: {service}
51741,2026-01-13,16:06:51,INFO,PaymentGateway,Page view: /home by u4033,E103,Page view: {page} by {user}
51742,2026-01-13,16:27:02,INFO,WebServer,Page view: /home by u3566,E103,Page view: {page} by {user}
51743,2026-01-13,16:06:57,ERROR,InventoryDB,Timeout waiting for lock on InventoryDB,E502,Timeout waiting for lock on {db}
51744,2026-01-13,16:58:53,INFO,WebServer,Transaction tx992327 completed in 1784ms,E104,Transaction {tx} completed in {time}ms
51745,2026-01-13,16:36:24,INFO,WebServer,User u2646 login successful,E101,User {user} login successful
51746,2026-01-13,16:18:28,INFO,WebServer,Transaction tx723171 completed in 1722ms,E104,Transaction {tx} completed in {time}ms
51747,2026-01-13,16:55:44,INFO,OrderProcessor,User u4310 login successful,E101,User {user} login successful
51748,2026-01-13,16:49:52,INFO,WebServer,User u3484 login successful,E101,User {user} login successful
51749,2026-01-13,16:54:40,INFO,WebServer,Page view: /home by u4810,E103,Page view: {page} by {user}
51750,2026-01-13,16:09:20,INFO,WebServer,Health check passed: WebServer,E102,Health check passed: {service}
51751,2026-01-13,16:26:57,INFO,AuthService,Page view: /home by u4113,E103,Page view: {page} by {user}
51752,2026-01-13,16:01:02,INFO,WebServer,Health check passed: WebServer,E102,Health check passed: {service}
51753,2026-01-13,16:40:01,INFO,WebServer,Health check passed: WebServer,E102,Health check passed: {service}
51754,2026-01-13,16:03:20,INFO,InventoryDB,User u1108 login successful,E101,User {user} login successful
51755,2026-01-13,16:52:25,INFO,AuthService,Health check passed: AuthService,E102,Health check passed: {service}
51756,2026-01-13,16:17:54,INFO,WebServer,Page view: /home by u2552,E103,Page view: {page} by {user}
51757,2026-01-13,16:56:58,INFO,WebServer,Page view: /home by u3578,E103,Page view: {page} by {user}
51758,2026-01-13,16:43:44,INFO,WebServer,User u4826 login successful,E101,User {user} login successful
51759,2026-01-13,16:50:14,INFO,AuthService,User u1303 login successful,E101,User {user} login successful
51760,2026-01-13,16:14:50,INFO,PaymentGateway,User u2726 login successful,E101,User {user} login successful
51761,2026-01-13,16:49:09,INFO,WebServer,Page view: /home by u1466,E103,Page view: {page} by {user}
51762,2026-01-13,16:58:26,INFO,OrderProcessor,Page view: /home by u4309,E103,Page view: {page} by {user}
51763,2026-01-13,16:21:01,INFO,WebServer,Page view: /home by u4817,E103,Page view: {page} by {user}
51764,2026-01-13,16:12:30,INFO,WebServer,User u2044 login successful,E101,User {user} login successful
51765,2026-01-13,16:55:53,INFO,WebServer,User u1568 login successful,E101,User {user} login successful
51766,2026-01-13,16:52:03,INFO,WebServer,Transaction tx798660 completed in 618ms,E104,Transaction {tx} completed in {time}ms
51767,2026-01-13,16:09:18,INFO,AuthService,Transaction tx367104 completed in 1233ms,E104,Transaction {tx} completed in {time}ms
51768,2026-01-13,16:54:40,INFO,WebServer,Health check passed: WebServer,E102,Health check passed: {service}
51769,2026-01-13,16:48:32,INFO,OrderProcessor,Health check passed: OrderProcessor,E102,Health check passed: {service}
51770,2026-01-13,16:13:18,INFO,InventoryDB,Transaction tx437165 completed in 21ms,E104,Transaction {tx} completed in {time}ms
51771,2026-01-13,16:54:31,INFO,AuthService,Page view: /home by u4743,E103,Page view: {page} by {user}
51772,2026-01-13,16:43:56,INFO,WebServer,Page view: /home by u4368,E103,Page view: {page} by {user}
51773,2026-01-13,16:57:13,INFO,AuthService,Page view: /home by u1696,E103,Page view: {page} by {user}
51774,2026-01-13,16:49:06,INFO,WebServer,Page view: /home by u1493,E103,Page view: {page} by {user}
51775,2026-01-13,16:17:06,INFO,WebServer,Transaction tx219511 completed in 438ms,E104,Transaction {tx} completed in {time}ms
51776,2026-01-13,16:44:35,INFO,WebServer,User u2056 login successful,E101,User {user} login successful
51777,2026-01-13,16:01:44,INFO,WebServer,Page view: /home by u4732,E103,Page view: {page} by {user}
51778,2026-01-13,16:39:32,INFO,AuthService,Page view: /home by u1057,E103,Page view: {page} by {user}
51779,2026-01-13,16:32:49,INFO,PaymentGateway,Health check passed: PaymentGateway,E102,Health check passed: {service}
51780,2026-01-13,16:18:17,INFO,PaymentGateway,Transaction tx919178 completed in 1442ms,E104,Transaction {tx} completed in {time}ms
51781,2026-01-13,16:28:25,WARN,WebServer,High latency (1129ms) detected on WebServer,E201,High latency ({time}ms) detected on {service}
51782,2026-01-13,16:16:54,INFO,OrderProcessor,User u2387 login successful,E101,User {user} login successful
51783,2026-01-13,16:22:08,WARN,AuthService,High latency (397ms) detected on AuthService,E201,High latency ({time}ms) detected on {service}
51784,2026-01-13,16:24:54,INFO,AuthService,User u4412 login successful,E101,User {user} login successful
51785,2026-01-13,16:30:51,INFO,WebServer,Health check passed: WebServer,E102,Health check passed: {service}
51786,2026-01-13,16:30:08,INFO,WebServer,Health check passed: WebServer,E102,Health check passed: {service}
51787,2026-01-13,16:41:06,INFO,OrderProcessor,Page view: /home by u4689,E103,Page view: {page} by {user}
51788,2026-01-13,16:49:40,INFO,WebServer,Health check passed: WebServer,E102,Health check passed: {service}
51789,2026-01-13,16:26:33,INFO,OrderProcessor,Page view: /home by u1908,E103,Page view: {page} by {user}
51790,2026-01-13,16:11:37,INFO,PaymentGateway,Transaction tx250980 completed in 531ms,E104,Transaction {tx} completed in {time}ms
51791,2026-01-13,16:27:36,INFO,WebServer,Health check passed: WebServer,E102,Health check passed: {service}
51792,2026-01-13,16:01:21,INFO,WebServer,User u4169 login successful,E101,User {user} login successful
51793,2026-01-13,16:40:27,INFO,PaymentGateway,Page view: /home by u3483,E103,Page view: {page} by {user}
51794,2026-01-13,16:03:05,INFO,WebServer,User u2931 login successful,E101,User {user} login successful
51795,2026-01-13,16:14:15,INFO,PaymentGateway,Health check passed: PaymentGateway,E102,Health check passed: {service}
51796,2026-01-13,16:33:01,WARN,WebServer,Unauthorized access attempt from 10.0.0.45,E401,Unauthorized access attempt from {ip}
51797,2026-01-13,16:57:05,INFO,AuthService,Health check passed: AuthService,E102,Health check passed: {service}
51798,2026-01-13,16:42:08,INFO,OrderProcessor,User u3505 login successful,E101,User {user} login successful
51799,2026-01-13,16:09:52,INFO,OrderProcessor,Transaction tx339220 completed in 343ms,E104,Transaction {tx} completed in {time}ms
51800,2026-01-13,16:03:01,INFO,AuthService,Page view: /home by u1566,E103,Page view: {page} by {user}
51801,2026-01-13,16:55:16,INFO,AuthService,Page view: /home by u2697,E103,Page view: {page} by {user}
51802,2026-01-13,16:54:25,INFO,WebServer,Transaction tx528683 completed in 276ms,E104,Transaction {tx} completed in {time}ms
51803,2026-01-13,16:27:56,INFO,OrderProcessor,Transaction tx990405 completed in 1559ms,E104,Transaction {tx} completed in {time}ms
51804,2026-01-13,16:45:32,INFO,WebServer,Page view: /home by u1615,E103,Page view: {page} by {user}
51805,2026-01-13,16:27:17,INFO,PaymentGateway,Page view: /home by u2540,E103,Page view: {page} by {user}
51806,2026-01-13,16:31:40,INFO,AuthService,Page view: /home by u1997,E103,Page view: {page} by {user}
51807,2026-01-13,16:34:35,INFO,WebServer,User u4613 login successful,E101,User {user} login successful
51808,2026-01-13,16:52:10,INFO,AuthService,Page view: /home by u3164,E103,Page view: {page} by {user}
51809,2026-01-13,16:57:01,INFO,WebServer,User u1080 login successful,E101,User {user} login successful
51810,2026-01-13,16:25:46,INFO,AuthService,Health check passed: AuthService,E102,Health check passed: {service}
51811,2026-01-13,16:49:48,INFO,WebServer,Health check passed: WebServer,E102,Health check passed: {service}
51812,2026-01-13,16:22:10,INFO,PaymentGateway,Page view: /home by u4378,E103,Page view: {page} by {user}
51813,2026-01-13,16:13:41,INFO,WebServer,Health check passed: WebServer,E102,Health check passed: {service}
51814,2026-01-13,16:20:43,INFO,WebServer,User u3425 login successful,E101,User {user} login successful
51815,2026-01-13,16:46:51,INFO,AuthService,Transaction tx471620 completed in 930ms,E104,Transaction {tx} completed in {time}ms
51816,2026-01-13,16:16:25,WARN,WebServer,Disk usage > 85% on node node-2,E202,Disk usage > 85% on node {node}
51817,2026-01-13,16:39:13,INFO,WebServer,User u1906 login successful,E101,User {user} login successful
51818,2026-01-13,16:54:33,INFO,WebServer,Transaction tx546696 completed in 359ms,E104,Transaction {tx} completed in {time}ms
51819,2026-01-13,16:07:26,INFO,WebServer,Transaction tx879743 completed in 1074ms,E104,Transaction {tx} completed in {time}ms
51820,2026-01-13,16:03:01,INFO,OrderProcessor,Transaction tx772222 completed in 303ms,E104,Transaction {tx} completed in {time}ms
51821,2026-01-13,16:03:26,INFO,WebServer,Health check passed: WebServer,E102,Health check passed: {service}
51822,2026-01-13,16:34:09,WARN,WebServer,Disk usage > 85% on node node-2,E202,Disk usage > 85% on node {node}
51823,2026-01-13,16:31:57,INFO,WebServer,Health check passed: WebServer,E102,Health check passed: {service}
51824,2026-01-13,16:18:52,INFO,OrderProcessor,User u2861 login successful,E101,User {user} login successful
51825,2026-01-13,16:52:26,INFO,OrderProcessor,User u4495 login successful,E101,User {user} login successful
51826,2026-01-13,16:27:17,INFO,PaymentGateway,Page view: /home by u3261,E103,Page view: {page} by {user}
51827,2026-01-13,16:59:32,INFO,WebServer,Health check passed: WebServer,E102,Health check passed: {service}
51828,2026-01-13,16:23:13,INFO,WebServer,Transaction tx512776 completed in 106ms,E104,Transaction {tx} completed in {time}ms
51829,2026-01-13,16:34:30,INFO,WebServer,Transaction tx152239 completed in 1357ms,E104,Transaction {tx} completed in {time}ms
51830,2026-01-13,16:31:46,INFO,PaymentGateway,User u3046 login successful,E101,User {user} login successful
51831,2026-01-13,16:04:56,INFO,AuthService,Page view: /home by u2057,E103,Page view: {page} by {user}
51832,2026-01-13,16:12:55,INFO,WebServer,Health check passed: WebServer,E102,Health check passed: {service}
51833,2026-01-13,16:15:05,INFO,InventoryDB,Transaction tx835866 completed in 1072ms,E104,Transaction {tx} completed in {time}ms
51834,2026-01-13,16:03:42,INFO,WebServer,User u3618 login successful,E101,User {user} login successful
51835,2026-01-13,16:46:05,INFO,WebServer,Health check passed: WebServer,E102,Health check passed: {service}
51836,2026-01-13,16:04:40,INFO,PaymentGateway,Transaction tx347916 completed in 653ms,E104,Transaction {tx} completed in {time}ms
51837,2026-01-13,16:17:16,INFO,WebServer,Page view: /home by u1832,E103,Page view: {page} by {user}
51838,2026-01-13,16:51:11,INFO,WebServer,Page view: /home by u2536,E103,Page view: {page} by {user}
51839,2026-01-13,16:47:04,INFO,OrderProcessor,Health check passed: OrderProcessor,E102,Health check passed: {service}
51840,2026-01-13,16:14:24,WARN,WebServer,Disk usage > 85% on node node-4,E202,Disk usage > 85% on node {node}
51841,2026-01-13,16:36:31,INFO,OrderProcessor,Transaction tx243971 completed in 1544ms,E104,Transaction {tx} completed in {time}ms
51842,2026-01-13,16:29:55,INFO,AuthService,User u4072 login successful,E101,User {user} login successful
51843,2026-01-13,16:26:12,INFO,WebServer,User u2068 login successful,E101,User {user} login successful
51844,2026-01-13,16:29:00,INFO,AuthService,Page view: /home by u3471,E103,Page view: {page} by {user}
51845,2026-01-13,16:15:51,INFO,WebServer,User u1397 login successful,E101,User {user} login successful
51846,2026-01-13,16:05:09,INFO,AuthService,Health check passed: AuthService,E102,Health check passed: {service}
51847,2026-01-13,16:25:41,INFO,WebServer,Page view: /home by u2674,E103,Page view: {page} by {user}
51848,2026-01-13,16:32:01,INFO,OrderProcessor,User u4619 login successful,E101,User {user} login successful
51849,2026-01-13,16:31:56,INFO,WebServer,Page view: /home by u2286,E103,Page view: {page} by {user}
51850,2026-01-13,16:32:31,INFO,WebServer,Health check passed: WebServer,E102,Health check passed: {service}
51851,2026-01-13,16:14:15,INFO,AuthService,Health check passed: AuthService,E102,Health check passed: {service}
51852,2026-01-13,16:23:57,INFO,AuthService,User u3487 login successful,E101,User {user} login successful
51853,2026-01-13,16:48:05,INFO,InventoryDB,User u4176 login successful,E101,User {user} login successful
51854,2026-01-13,16:24:57,INFO,OrderProcessor,Health check passed: OrderProcessor,E102,Health check passed: {service}
51855,2026-01-13,16:06:51,INFO,WebServer,Page view: /home by u4357,E103,Page view: {page} by {user}
51856,2026-01-13,16:09:36,INFO,AuthService,Health check passed: AuthService,E102,Health check passed: {service}
51857,2026-01-13,16:15:33,INFO,WebServer,Transaction tx946607 completed in 1935ms,E104,Transaction {tx} completed in {time}ms
51858,2026-01-13,16:44:00,INFO,WebServer,User u3573 login successful,E101,User {user} login successful
51859,2026-01-13,16:01:11,INFO,WebServer,Transaction tx110263 completed in 722ms,E104,Transaction {tx} completed in {time}ms
51860,2026-01-13,16:28:04,INFO,InventoryDB,Page view: /home by u3139,E103,Page view: {page} by {user}
51861,2026-01-13,16:54:27,INFO,InventoryDB,User u4502 login successful,E101,User {user} login successful
51862,2026-01-13,16:50:37,INFO,WebServer,Transaction tx795253 completed in 41ms,E104,Transaction {tx} completed in {time}ms
51863,2026-01-13,16:39:07,INFO,OrderProcessor,Page view: /home by u1876,E103,Page view: {page} by {user}
51864,2026-01-13,16:23:37,INFO,WebServer,Health check passed: WebServer,E102,Health check passed: {service}
51865,2026-01-13,16:58:48,INFO,WebServer,Transaction tx814143 completed in 742ms,E104,Transaction {tx} completed in {time}ms
51866,2026-01-13,16:31:56,INFO,PaymentGateway,Transaction tx833735 completed in 1266ms,E104,Transaction {tx} completed in {time}ms
51867,2026-01-13,16:00:13,INFO,PaymentGateway,Page view: /home by u4075,E103,Page view: {page} by {user}
51868,2026-01-13,16:31:23,INFO,AuthService,Transaction tx473344 completed in 382ms,E104,Transaction {tx} completed in {time}ms
51869,2026-01-13,16:40:15,INFO,AuthService,Health check passed: AuthService,E102,Health check passed: {service}
51870,2026-01-13,16:45:19,INFO,AuthService,Transaction tx764883 completed in 601ms,E104,Transaction {tx} completed in {time}ms
51871,2026-01-13,16:22:31,INFO,WebServer,Health check passed: WebServer,E102,Health check passed: {service}
51872,2026-01-13,16:44:59,INFO,WebServer,Health check passed: WebServer,E102,Health check passed: {service}
51873,2026-01-13,16:04:49,INFO,WebServer,Page view: /home by u1397,E103,Page view: {page} by {user}
51874,2026-01-13,16:02:42,WARN,AuthService,Unauthorized access attempt from 10.0.0.12,E401,Unauthorized access attempt from {ip}
51875,2026-01-13,16:02:12,INFO,WebServer,Page view: /home by u4535,E103,Page view: {page} by {user}
51876,2026-01-13,16:12:58,INFO,WebServer,Page view: /home by u2588,E103,Page view: {page} by {user}
51877,2026-01-13,16:37:29,INFO,WebServer,User u4218 login successful,E101,User {user} login successful
51878,2026-01-13,16:12:30,INFO,WebServer,Transaction tx803210 completed in 342ms,E104,Transaction {tx} completed in {time}ms
51879,2026-01-13,16:05:02,INFO,AuthService,Page view: /home by u2800,E103,Page view: {page} by {user}
51880,2026-01-13,16:42:11,INFO,OrderProcessor,User u4500 login successful,E101,User {user} login successful
51881,2026-01-13,16:49:34,INFO,WebServer,User u1082 login successful,E101,User {user} login successful
51882,2026-01-13,16:33:02,INFO,WebServer,Page view: /home by u4647,E103,Page view: {page} by {user}
51883,2026-01-13,16:34:09,INFO,WebServer,Health check passed: WebServer,E102,Health check passed: {service}
51884,2026-01-13,16:59:02,INFO,OrderProcessor,Page view: /home by u2636,E103,Page view: {page} by {user}
51885,2026-01-13,16:24:51,INFO,AuthService,User u3656 login successful,E101,User {user} login successful
51886,2026-01-13,16:24:42,INFO,WebServer,User u4075 login successful,E101,User {user} login successful
51887,2026-01-13,16:26:49,INFO,AuthService,Page view: /home by u3831,E103,Page view: {page} by {user}
51888,2026-01-13,16:23:46,INFO,WebServer,Page view: /home by u3456,E103,Page view: {page} by {user}
51889,2026-01-13,16:12:32,INFO,AuthService,Page view: /home by u1248,E103,Page view: {page} by {user}
51890,2026-01-13,16:38:49,INFO,WebServer,Transaction tx140836 completed in 1093ms,E104,Transaction {tx} completed in {time}ms
51891,2026-01-13,16:57:29,INFO,PaymentGateway,Transaction tx794438 completed in 536ms,E104,Transaction {tx} completed in {time}ms
51892,2026-01-13,16:13:42,INFO,OrderProcessor,Page view: /home by u2130,E103,Page view: {page} by {user}
51893,2026-01-13,16:51:54,INFO,PaymentGateway,Page view: /home by u4051,E103,Page view: {page} by {user}
51894,2026-01-13,16:01:12,WARN,WebServer,Disk usage > 85% on node node-1,E202,Disk usage > 85% on node {node}
51895,2026-01-13,16:06:36,INFO,PaymentGateway,Transaction tx610481 completed in 1842ms,E104,Transaction {tx} completed in {time}ms
51896,2026-01-13,16:55:05,INFO,InventoryDB,User u4266 login successful,E101,User {user} login successful
51897,2026-01-13,16:18:58,INFO,OrderProcessor,Page view: /home by u4139,E103,Page view: {page} by {user}
51898,2026-01-13,16:03:35,INFO,OrderProcessor,Health check passed: OrderProcessor,E102,Health check passed: {service}
51899,2026-01-13,16:00:09,INFO,WebServer,Page view: /home by u1261,E103,Page view: {page} by {user}
51900,2026-01-13,16:16:09,INFO,InventoryDB,Transaction tx318629 completed in 1510ms,E104,Transaction {tx} completed in {time}ms
51901,2026-01-13,16:26:59,INFO,WebServer,User u4908 login successful,E101,User {user} login successful
51902,2026-01-13,16:52:08,INFO,WebServer,User u3305 login successful,E101,User {user} login successful
51903,2026-01-13,16:16:30,INFO,AuthService,Page view: /home by u2191,E103,Page view: {page} by {user}
51904,2026-01-13,16:45:00,INFO,OrderProcessor,Transaction tx532813 completed in 129ms,E104,Transaction {tx} completed in {time}ms
51905,2026-01-13,16:00:31,INFO,WebServer,Transaction tx937663 completed in 1097ms,E104,Transaction {tx} completed in {time}ms
51906,2026-01-13,16:59:48,INFO,WebServer,Page view: /home by u4095,E103,Page view: {page} by {user}
51907,2026-01-13,16:46:42,ERROR,WebServer,Connection refused to WebServer at 10.0.0.88,E501,Connection refused to {service} at {ip}
51908,2026-01-13,16:29:12,INFO,AuthService,User u4041 login successful,E101,User {user} login successful
51909,2026-01-13,16:58:27,INFO,OrderProcessor,Transaction tx240651 completed in 1753ms,E104,Transaction {tx} completed in {time}ms
51910,2026-01-13,16:39:20,INFO,WebServer,User u3243 login successful,E101,User {user} login successful
51911,2026-01-13,16:50:52,INFO,OrderProcessor,Page view: /home by u3167,E103,Page view: {page} by {user}
51912,2026-01-13,16:15:13,INFO,WebServer,Transaction tx403224 completed in 909ms,E104,Transaction {tx} completed in {time}ms
51913,2026-01-13,16:56:09,INFO,WebServer,Health check passed: WebServer,E102,Health check passed: {service}
51914,2026-01-13,16:26:15,INFO,WebServer,Page view: /home by u3865,E103,Page view: {page} by {user}
51915,2026-01-13,16:34:32,INFO,AuthService,Page view: /home by u2063,E103,Page view: {page} by {user}
51916,2026-01-13,16:04:20,INFO,OrderProcessor,Health check passed: OrderProcessor,E102,Health check passed: {service}
51917,2026-01-13,16:43:03,ERROR,PaymentGateway,Timeout waiting for lock on InventoryDB,E502,Timeout waiting for lock on {db}
51918,2026-01-13,16:43:14,INFO,OrderProcessor,Page view: /home by u3018,E103,Page view: {page} by {user}
51919,2026-01-13,16:51:18,ERROR,WebServer,Payment declined: Gateway unavailable,E503,Payment declined: Gateway unavailable
51920,2026-01-13,16:27:26,INFO,WebServer,Health check passed: WebServer,E102,Health check passed: {service}
51921,2026-01-13,16:06:28,INFO,AuthService,Transaction tx714409 completed in 1867ms,E104,Transaction {tx} completed in {time}ms
51922,2026-01-13,16:46:25,INFO,AuthService,User u2445 login successful,E101,User {user} login successful
51923,2026-01-13,16:09:09,INFO,OrderProcessor,Health check passed: OrderProcessor,E102,Health check passed: {service}
51924,2026-01-13,16:48:44,INFO,AuthService,User u2555 login successful,E101,User {user} login successful
51925,2026-01-13,16:12:54,INFO,WebServer,Health check passed: WebServer,E102,Health check passed: {service}
51926,2026-01-13,16:12:10,INFO,WebServer,Health check passed: WebServer,E102,Health check passed: {service}
51927,2026-01-13,16:42:48,INFO,AuthService,Transaction tx361845 completed in 1544ms,E104,Transaction {tx} completed in {time}ms
51928,2026-01-13,16:11:12,INFO,AuthService,User u2859 login successful,E101,User {user} login successful
51929,2026-01-13,16:31:46,INFO,AuthService,Transaction tx503687 completed in 1229ms,E104,Transaction {tx} completed in {time}ms
51930,2026-01-13,16:49:07,INFO,OrderProcessor,Health check passed: OrderProcessor,E102,Health check passed: {service}
51931,2026-01-13,16:14:23,INFO,AuthService,Transaction tx614391 completed in 703ms,E104,Transaction {tx} completed in {time}ms
51932,2026-01-13,16:02:39,INFO,WebServer,Transaction tx897931 completed in 1732ms,E104,Transaction {tx} completed in {time}ms
51933,2026-01-13,16:35:27,INFO,AuthService,Page view: /home by u1112,E103,Page view: {page} by {user}
51934,2026-01-13,16:33:18,INFO,InventoryDB,Health check passed: InventoryDB,E102,Health check passed: {service}
51935,2026-01-13,16:21:24,INFO,WebServer,Transaction tx487175 completed in 1505ms,E104,Transaction {tx} completed in {time}ms
51936,2026-01-13,16:48:17,INFO,OrderProcessor,Page view: /home by u1372,E103,Page view: {page} by {user}
51937,2026-01-13,16:18:37,INFO,WebServer,Page view: /home by u3099,E103,Page view: {page} by {user}
51938,2026-01-13,16:19:39,INFO,PaymentGateway,Page view: /home by u3041,E103,Page view: {page} by {user}
51939,2026-01-13,16:32:23,INFO,WebServer,Health check passed: WebServer,E102,Health check passed: {service}
51940,2026-01-13,16:42:11,WARN,WebServer,Disk usage > 85% on node node-1,E202,Disk usage > 85% on node {node}
51941,2026-01-13,16:02:04,INFO,WebServer,User u3087 login successful,E101,User {user} login successful
51942,2026-01-13,16:08:53,INFO,WebServer,Transaction tx505389 completed in 1749ms,E104,Transaction {tx} completed in {time}ms
51943,2026-01-13,16:05:57,INFO,WebServer,Health check passed: WebServer,E102,Health check passed: {service}
51944,2026-01-13,16:48:55,WARN,WebServer,High latency (964ms) detected on WebServer,E201,High latency ({time}ms) detected on {service}
51945,2026-01-13,16:05:09,INFO,WebServer,Transaction tx938704 completed in 1403ms,E104,Transaction {tx} completed in {time}ms
51946,2026-01-13,16:00:18,INFO,AuthService,User u2838 login successful,E101,User {user} login successful
51947,2026-01-13,16:15:59,INFO,WebServer,Page view: /home by u1301,E103,Page view: {page} by {user}
51948,2026-01-13,16:54:57,INFO,WebServer,User u4831 login successful,E101,User {user} login successful
51949,2026-01-13,16:30:24,INFO,WebServer,User u3166 login successful,E101,User {user} login successful
51950,2026-01-13,16:50:44,WARN,WebServer,Unauthorized access attempt from 10.0.0.12,E401,Unauthorized access attempt from {ip}
51951,2026-01-13,16:40:19,INFO,OrderProcessor,User u1053 login successful,E101,User {user} login successful
51952,2026-01-13,16:29:29,INFO,InventoryDB,Transaction tx817461 completed in 259ms,E104,Transaction {tx} completed in {time}ms
51953,2026-01-13,16:09:08,INFO,AuthService,Page view: /home by u1796,E103,Page view: {page} by {user}
51954,2026-01-13,16:58:30,INFO,OrderProcessor,Transaction tx823481 completed in 1224ms,E104,Transaction {tx} completed in {time}ms
51955,2026-01-13,16:32:00,INFO,AuthService,Page view: /home by u2394,E103,Page view: {page} by {user}
51956,2026-01-13,16:45:24,INFO,WebServer,Health check passed: WebServer,E102,Health check passed: {service}
51957,2026-01-13,16:38:30,INFO,WebServer,Page view: /home by u1671,E103,Page view: {page} by {user}
51958,2026-01-13,16:49:56,INFO,AuthService,Page view: /home by u1384,E103,Page view: {page} by {user}
51959,2026-01-13,16:37:13,INFO,WebServer,Health check passed: WebServer,E102,Health check passed: {service}
51960,2026-01-13,16:11:40,INFO,AuthService,Page view: /home by u4976,E103,Page view: {page} by {user}
51961,2026-01-13,16:37:37,INFO,WebServer,Transaction tx894477 completed in 1007ms,E104,Transaction {tx} completed in {time}ms
51962,2026-01-13,16:42:54,INFO,OrderProcessor,User u3898 login successful,E101,User {user} login successful
51963,2026-01-13,16:03:32,INFO,WebServer,Page view: /home by u4843,E103,Page view: {page} by {user}
51964,2026-01-13,16:24:28,INFO,WebServer,Health check passed: WebServer,E102,Health check passed: {service}
51965,2026-01-13,16:43:26,INFO,AuthService,Health check passed: AuthService,E102,Health check passed: {service}
51966,2026-01-13,16:18:38,INFO,AuthService,User u2278 login successful,E101,User {user} login successful
51967,2026-01-13,16:32:15,INFO,OrderProcessor,User u2363 login successful,E101,User {user} login successful
51968,2026-01-13,16:50:24,ERROR,PaymentGateway,Payment declined: Gateway unavailable,E503,Payment declined: Gateway unavailable
51969,2026-01-13,16:56:18,INFO,AuthService,Transaction tx518003 completed in 847ms,E104,Transaction {tx} completed in {time}ms
51970,2026-01-13,16:17:46,INFO,WebServer,Page view: /home by u2081,E103,Page view: {page} by {user}
51971,2026-01-13,16:15:00,INFO,WebServer,User u2606 login successful,E101,User {user} login successful
51972,2026-01-13,16:03:15,INFO,WebServer,Health check passed: WebServer,E102,Health check passed: {service}
51973,2026-01-13,16:09:55,INFO,OrderProcessor,User u2652 login successful,E101,User {user} login successful
51974,2026-01-13,16:23:35,INFO,PaymentGateway,Page view: /home by u4272,E103,Page view: {page} by {user}
51975,2026-01-13,16:51:14,ERROR,AuthService,Payment declined: Gateway unavailable,E503,Payment declined: Gateway unavailable
51976,2026-01-13,16:30:20,INFO,WebServer,User u2083 login successful,E101,User {user} login successful
51977,2026-01-13,16:48:45,INFO,InventoryDB,Health check passed: InventoryDB,E102,Health check passed: {service}
51978,2026-01-13,16:47:23,INFO,WebServer,Page view: /home by u1635,E103,Page view: {page} by {user}
51979,2026-01-13,16:25:33,INFO,OrderProcessor,User u2405 login successful,E101,User {user} login successful
51980,2026-01-13,16:45:39,INFO,WebServer,Transaction tx719760 completed in 404ms,E104,Transaction {tx} completed in {time}ms
51981,2026-01-13,16:19:42,INFO,WebServer,Page view: /home by u4679,E103,Page view: {page} by {user}
51982,2026-01-13,16:25:56,INFO,InventoryDB,Health check passed: InventoryDB,E102,Health check passed: {service}
51983,2026-01-13,16:47:01,WARN,WebServer,Disk usage > 85% on node node-4,E202,Disk usage > 85% on node {node}
51984,2026-01-13,16:26:26,INFO,PaymentGateway,Transaction tx171707 completed in 1887ms,E104,Transaction {tx} completed in {time}ms
51985,2026-01-13,16:31:56,INFO,AuthService,Health check passed: AuthService,E102,Health check passed: {service}
51986,2026-01-13,16:03:27,INFO,WebServer,User u2941 login successful,E101,User {user} login successful
51987,2026-01-13,16:33:57,INFO,OrderProcessor,Health check passed: OrderProcessor,E102,Health check passed: {service}
51988,2026-01-13,16:12:38,INFO,WebServer,Transaction tx377309 completed in 1711ms,E104,Transaction {tx} completed in {time}ms
51989,2026-01-13,16:22:17,INFO,AuthService,Transaction tx865228 completed in 1175ms,E104,Transaction {tx} completed in {time}ms
51990,2026-01-13,16:29:19,INFO,OrderProcessor,Health check passed: OrderProcessor,E102,Health check passed: {service}
51991,2026-01-13,16:23:34,INFO,WebServer,Transaction tx183725 completed in 478ms,E104,Transaction {tx} completed in {time}ms
51992,2026-01-13,16:21:34,INFO,InventoryDB,Page view: /home by u3812,E103,Page view: {page} by {user}
51993,2026-01-13,16:19:13,INFO,PaymentGateway,Transaction tx906823 completed in 1853ms,E104,Transaction {tx} completed in {time}ms
51994,2026-01-13,16:27:25,INFO,PaymentGateway,Transaction tx566847 completed in 1935ms,E104,Transaction {tx} completed in {time}ms
51995,2026-01-13,16:41:08,WARN,WebServer,Unauthorized access attempt from 10.0.0.12,E401,Unauthorized access attempt from {ip}
51996,2026-01-13,16:15:22,INFO,WebServer,Page view: /home by u2811,E103,Page view: {page} by {user}
51997,2026-01-13,16:25:25,INFO,WebServer,User u4874 login successful,E101,User {user} login successful
51998,2026-01-13,16:34:52,INFO,AuthService,User u2826 login successful,E101,User {user} login successful
51999,2026-01-13,16:38:01,INFO,AuthService,Health check passed: AuthService,E102,Health check passed: {service}
52000,2026-01-13,16:31:29,INFO,OrderProcessor,User u4976 login successful,E101,User {user} login successful
52001,2026-01-13,16:21:06,WARN,AuthService,Disk usage > 85% on node node-4,E202,Disk usage > 85% on node {node}
52002,2026-01-13,16:29:03,INFO,WebServer,Page view: /home by u2964,E103,Page view: {page} by {user}
52003,2026-01-13,16:48:45,INFO,WebServer,Health check passed: WebServer,E102,Health check passed: {service}
52004,2026-01-13,16:03:51,INFO,WebServer,Health check passed: WebServer,E102,Health check passed: {service}
52005,2026-01-13,16:19:01,INFO,WebServer,Transaction tx578272 completed in 1253ms,E104,Transaction {tx} completed in {time}ms
52006,2026-01-13,16:29:50,INFO,WebServer,Transaction tx921400 completed in 613ms,E104,Transaction {tx} completed in {time}ms
52007,2026-01-13,16:34:34,INFO,WebServer,User u1011 login successful,E101,User {user} login successful
52008,2026-01-13,16:03:10,INFO,OrderProcessor,Transaction tx410580 completed in 1587ms,E104,Transaction {tx} completed in {time}ms
52009,2026-01-13,16:25:45,INFO,AuthService,Health check passed: AuthService,E102,Health check passed: {service}
52010,2026-01-13,16:08:37,INFO,OrderProcessor,Page view: /home by u1549,E103,Page view: {page} by {user}
52011,2026-01-13,16:57:28,WARN,PaymentGateway,High latency (1920ms) detected on PaymentGateway,E201,High latency ({time}ms) detected on {service}
52012,2026-01-13,16:27:01,INFO,WebServer,Health check passed: WebServer,E102,Health check passed: {service}
52013,2026-01-13,16:15:51,INFO,OrderProcessor,Page view: /home by u3379,E103,Page view: {page} by {user}
52014,2026-01-13,16:09:29,WARN,WebServer,Unauthorized access attempt from 10.0.0.99,E401,Unauthorized access attempt from {ip}
52015,2026-01-13,16:38:23,INFO,OrderProcessor,User u3154 login successful,E101,User {user} login successful
52016,2026-01-13,16:17:19,INFO,WebServer,Transaction tx633177 completed in 1335ms,E104,Transaction {tx} completed in {time}ms
52017,2026-01-13,16:39:17,INFO,PaymentGateway,Page view: /home by u4073,E103,Page view: {page} by {user}
52018,2026-01-13,16:41:31,INFO,InventoryDB,Transaction tx371006 completed in 622ms,E104,Transaction {tx} completed in {time}ms
52019,2026-01-13,16:16:39,INFO,WebServer,Transaction tx423045 completed in 1415ms,E104,Transaction {tx} completed in {time}ms
52020,2026-01-13,16:01:07,INFO,AuthService,Health check passed: AuthService,E102,Health check passed: {service}
52021,2026-01-13,16:32:59,INFO,WebServer,Page view: /home by u4797,E103,Page view: {page} by {user}
52022,2026-01-13,16:51:06,INFO,AuthService,Health check passed: AuthService,E102,Health check passed: {service}
52023,2026-01-13,16:34:03,INFO,AuthService,User u4548 login successful,E101,User {user} login successful
52024,2026-01-13,16:24:26,INFO,WebServer,User u2062 login successful,E101,User {user} login successful
52025,2026-01-13,16:10:59,INFO,WebServer,Page view: /home by u4111,E103,Page view: {page} by {user}
52026,2026-01-13,16:21:10,INFO,WebServer,Page view: /home by u1451,E103,Page view: {page} by {user}
52027,2026-01-13,16:04:21,INFO,OrderProcessor,Page view: /home by u4725,E103,Page view: {page} by {user}
52028,2026-01-13,16:33:52,INFO,WebServer,Health check passed: WebServer,E102,Health check passed: {service}
52029,2026-01-13,16:20:47,INFO,WebServer,User u2714 login successful,E101,User {user} login successful
52030,2026-01-13,16:31:20,INFO,WebServer,Health check passed: WebServer,E102,Health check passed: {service}
52031,2026-01-13,16:23:56,WARN,InventoryDB,Unauthorized access attempt from 10.0.0.45,E401,Unauthorized access attempt from {ip}
52032,2026-01-13,16:25:03,WARN,WebServer,High latency (24ms) detected on WebServer,E201,High latency ({time}ms) detected on {service}
52033,2026-01-13,16:38:45,INFO,AuthService,Health check passed: AuthService,E102,Health check passed: {service}
52034,2026-01-13,16:56:43,INFO,WebServer,Transaction tx532824 completed in 1547ms,E104,Transaction {tx} completed in {time}ms
52035,2026-01-13,16:12:48,INFO,WebServer,User u4471 login successful,E101,User {user} login successful
52036,2026-01-13,16:25:21,INFO,WebServer,Health check passed: WebServer,E102,Health check passed: {service}
52037,2026-01-13,16:24:07,INFO,OrderProcessor,Page view: /home by u1090,E103,Page view: {page} by {user}
52038,2026-01-13,16:18:05,INFO,WebServer,User u1752 login successful,E101,User {user} login successful
52039,2026-01-13,16:25:29,INFO,WebServer,User u1068 login successful,E101,User {user} login successful
52040,2026-01-13,16:49:42,INFO,AuthService,Health check passed: AuthService,E102,Health check passed: {service}
52041,2026-01-13,16:05:11,INFO,PaymentGateway,Page view: /home by u4426,E103,Page view: {page} by {user}
52042,2026-01-13,16:24:58,INFO,WebServer,User u4615 login successful,E101,User {user} login successful
52043,2026-01-13,16:05:49,INFO,AuthService,User u3566 login successful,E101,User {user} login successful
52044,2026-01-13,16:20:46,INFO,AuthService,User u4703 login successful,E101,User {user} login successful
52045,2026-01-13,16:37:16,INFO,AuthService,Page view: /home by u2292,E103,Page view: {page} by {user}
52046,2026-01-13,16:00:10,WARN,WebServer,Disk usage > 85% on node node-5,E202,Disk usage > 85% on node {node}
52047,2026-01-13,16:34:15,INFO,WebServer,User u4830 login successful,E101,User {user} login successful
52048,2026-01-13,16:58:52,INFO,WebServer,Health check passed: WebServer,E102,Health check passed: {service}
52049,2026-01-13,16:30:43,INFO,WebServer,Health check passed: WebServer,E102,Health check passed: {service}
52050,2026-01-13,16:07:21,INFO,WebServer,Health check passed: WebServer,E102,Health check passed: {service}
52051,2026-01-13,16:58:13,INFO,WebServer,Health check passed: WebServer,E102,Health check passed: {service}
52052,2026-01-13,16:45:23,INFO,PaymentGateway,Page view: /home by u3432,E103,Page view: {page} by {user}
52053,2026-01-13,16:02:19,INFO,WebServer,User u1651 login successful,E101,User {user} login successful
52054,2026-01-13,16:08:59,INFO,WebServer,Transaction tx575788 completed in 1355ms,E104,Transaction {tx} completed in {time}ms
52055,2026-01-13,16:26:20,ERROR,WebServer,Timeout waiting for lock on InventoryDB,E502,Timeout waiting for lock on {db}
52056,2026-01-13,16:52:40,INFO,WebServer,Page view: /home by u3306,E103,Page view: {page} by {user}
52057,2026-01-13,16:06:49,INFO,WebServer,Health check passed: WebServer,E102,Health check passed: {service}
52058,2026-01-13,16:42:30,INFO,AuthService,Health check passed: AuthService,E102,Health check passed: {service}
52059,2026-01-13,16:58:12,INFO,AuthService,Page view: /home by u2345,E103,Page view: {page} by {user}
52060,2026-01-13,16:23:36,INFO,PaymentGateway,Transaction tx165515 completed in 1274ms,E104,Transaction {tx} completed in {time}ms
52061,2026-01-13,16:09:02,INFO,OrderProcessor,User u2669 login successful,E101,User {user} login successful
52062,2026-01-13,16:48:23,INFO,OrderProcessor,User u2737 login successful,E101,User {user} login successful
52063,2026-01-13,16:23:22,INFO,WebServer,Health check passed: WebServer,E102,Health check passed: {service}
52064,2026-01-13,16:43:58,INFO,WebServer,Health check passed: WebServer,E102,Health check passed: {service}
52065,2026-01-13,16:56:07,INFO,OrderProcessor,Page view: /home by u1333,E103,Page view: {page} by {user}
52066,2026-01-13,16:09:55,INFO,WebServer,User u3237 login successful,E101,User {user} login successful
52067,2026-01-13,16:56:57,INFO,WebServer,Page view: /home by u2195,E103,Page view: {page} by {user}
52068,2026-01-13,16:38:02,INFO,OrderProcessor,Page view: /home by u4842,E103,Page view: {page} by {user}
52069,2026-01-13,16:07:41,INFO,AuthService,Transaction tx360757 completed in 1257ms,E104,Transaction {tx} completed in {time}ms
52070,2026-01-13,16:59:03,INFO,WebServer,Page view: /home by u2097,E103,Page view: {page} by {user}
52071,2026-01-13,16:47:19,INFO,WebServer,Page view: /home by u4204,E103,Page view: {page} by {user}
52072,2026-01-13,16:08:08,INFO,WebServer,Page view: /home by u1467,E103,Page view: {page} by {user}
52073,2026-01-13,16:23:26,INFO,WebServer,Page view: /home by u3972,E103,Page view: {page} by {user}
52074,2026-01-13,16:30:19,INFO,WebServer,User u1857 login successful,E101,User {user} login successful
52075,2026-01-13,16:33:46,INFO,WebServer,Page view: /home by u3742,E103,Page view: {page} by {user}
52076,2026-01-13,16:42:20,INFO,WebServer,User u1442 login successful,E101,User {user} login successful
52077,2026-01-13,16:28:58,INFO,WebServer,Transaction tx976729 completed in 280ms,E104,Transaction {tx} completed in {time}ms
52078,2026-01-13,16:27:40,INFO,PaymentGateway,User u2989 login successful,E101,User {user} login successful
52079,2026-01-13,16:58:07,INFO,PaymentGateway,Transaction tx552588 completed in 985ms,E104,Transaction {tx} completed in {time}ms
52080,2026-01-13,16:58:01,ERROR,WebServer,Connection refused to WebServer at 10.0.0.99,E501,Connection refused to {service} at {ip}
52081,2026-01-13,16:03:31,INFO,WebServer,Health check passed: WebServer,E102,Health check passed: {service}
52082,2026-01-13,16:26:58,INFO,WebServer,Page view: /home by u3829,E103,Page view: {page} by {user}
52083,2026-01-13,16:16:25,INFO,WebServer,Transaction tx507585 completed in 1631ms,E104,Transaction {tx} completed in {time}ms
52084,2026-01-13,16:38:03,WARN,WebServer,Disk usage > 85% on node node-4,E202,Disk usage > 85% on node {node}
52085,2026-01-13,16:30:52,INFO,InventoryDB,Transaction tx883797 completed in 432ms,E104,Transaction {tx} completed in {time}ms
52086,2026-01-13,16:33:06,INFO,PaymentGateway,Transaction tx967725 completed in 1075ms,E104,Transaction {tx} completed in {time}ms
52087,2026-01-13,16:04:29,INFO,AuthService,Page view: /home by u3356,E103,Page view: {page} by {user}
52088,2026-01-13,16:26:20,INFO,AuthService,Transaction tx953254 completed in 1748ms,E104,Transaction {tx} completed in {time}ms
52089,2026-01-13,16:28:05,INFO,AuthService,Transaction tx381750 completed in 897ms,E104,Transaction {tx} completed in {time}ms
52090,2026-01-13,16:21:49,INFO,WebServer,Health check passed: WebServer,E102,Health check passed: {service}
52091,2026-01-13,16:29:39,INFO,WebServer,Transaction tx357719 completed in 1896ms,E104,Transaction {tx} completed in {time}ms
52092,2026-01-13,16:19:23,INFO,PaymentGateway,Health check passed: PaymentGateway,E102,Health check passed: {service}
52093,2026-01-13,16:42:22,INFO,AuthService,User u3130 login successful,E101,User {user} login successful
52094,2026-01-13,16:48:57,INFO,WebServer,Page view: /home by u1674,E103,Page view: {page} by {user}
52095,2026-01-13,16:00:08,INFO,WebServer,Transaction tx808535 completed in 811ms,E104,Transaction {tx} completed in {time}ms
52096,2026-01-13,16:19:31,INFO,OrderProcessor,Page view: /home by u1488,E103,Page view: {page} by {user}
52097,2026-01-13,16:15:20,INFO,WebServer,Transaction tx383805 completed in 637ms,E104,Transaction {tx} completed in {time}ms
52098,2026-01-13,16:42:56,INFO,WebServer,Transaction tx544851 completed in 584ms,E104,Transaction {tx} completed in {time}ms
52099,2026-01-13,16:45:59,INFO,WebServer,User u2627 login successful,E101,User {user} login successful
52100,2026-01-13,16:56:40,INFO,AuthService,Page view: /home by u1707,E103,Page view: {page} by {user}
52101,2026-01-13,16:48:56,INFO,OrderProcessor,Health check passed: OrderProcessor,E102,Health check passed: {service}
52102,2026-01-13,16:57:56,WARN,WebServer,Unauthorized access attempt from 10.0.0.10,E401,Unauthorized access attempt from {ip}
52103,2026-01-13,16:40:53,INFO,WebServer,Health check passed: WebServer,E102,Health check passed: {service}
52104,2026-01-13,16:37:20,INFO,OrderProcessor,Health check passed: OrderProcessor,E102,Health check passed: {service}
52105,2026-01-13,16:53:33,INFO,PaymentGateway,User u4682 login successful,E101,User {user} login successful
52106,2026-01-13,16:37:35,INFO,WebServer,User u1447 login successful,E101,User {user} login successful
52107,2026-01-13,16:58:19,INFO,WebServer,Health check passed: WebServer,E102,Health check passed: {service}
52108,2026-01-13,16:51:20,INFO,WebServer,Transaction tx282419 completed in 910ms,E104,Transaction {tx} completed in {time}ms
52109,2026-01-13,16:42:42,INFO,WebServer,User u2592 login successful,E101,User {user} login successful
52110,2026-01-13,16:59:24,INFO,WebServer,Health check passed: WebServer,E102,Health check passed: {service}
52111,2026-01-13,16:12:21,INFO,WebServer,Page view: /home by u1418,E103,Page view: {page} by {user}
52112,2026-01-13,16:21:31,INFO,PaymentGateway,Page view: /home by u1185,E103,Page view: {page} by {user}
52113,2026-01-13,16:06:40,INFO,InventoryDB,Page view: /home by u2652,E103,Page view: {page} by {user}
52114,2026-01-13,16:22:05,INFO,AuthService,Transaction tx359137 completed in 491ms,E104,Transaction {tx} completed in {time}ms
52115,2026-01-13,16:37:45,INFO,WebServer,Transaction tx601723 completed in 921ms,E104,Transaction {tx} completed in {time}ms
52116,2026-01-13,16:07:13,INFO,WebServer,Health check passed: WebServer,E102,Health check passed: {service}
52117,2026-01-13,16:26:11,WARN,WebServer,Disk usage > 85% on node node-5,E202,Disk usage > 85% on node {node}
52118,2026-01-13,16:28:33,INFO,WebServer,Transaction tx901949 completed in 1449ms,E104,Transaction {tx} completed in {time}ms
52119,2026-01-13,16:04:44,INFO,AuthService,Health check passed: AuthService,E102,Health check passed: {service}
52120,2026-01-13,16:16:54,INFO,InventoryDB,Page view: /home by u1836,E103,Page view: {page} by {user}
52121,2026-01-13,16:28:21,INFO,WebServer,Transaction tx594401 completed in 1194ms,E104,Transaction {tx} completed in {time}ms
52122,2026-01-13,16:21:06,INFO,OrderProcessor,User u1970 login successful,E101,User {user} login successful
52123,2026-01-13,16:21:08,INFO,WebServer,User u2771 login successful,E101,User {user} login successful
52124,2026-01-13,16:43:59,INFO,OrderProcessor,User u3077 login successful,E101,User {user} login successful
52125,2026-01-13,16:50:33,INFO,WebServer,Transaction tx954254 completed in 983ms,E104,Transaction {tx} completed in {time}ms
52126,2026-01-13,16:04:35,INFO,WebServer,User u2261 login successful,E101,User {user} login successful
52127,2026-01-13,16:55:59,INFO,AuthService,User u3038 login successful,E101,User {user} login successful
52128,2026-01-13,16:23:42,INFO,WebServer,Transaction tx424850 completed in 883ms,E104,Transaction {tx} completed in {time}ms
52129,2026-01-13,16:19:37,INFO,WebServer,Page view: /home by u2247,E103,Page view: {page} by {user}
52130,2026-01-13,16:32:43,INFO,WebServer,Health check passed: WebServer,E102,Health check passed: {service}
52131,2026-01-13,16:37:35,INFO,OrderProcessor,Transaction tx982723 completed in 1224ms,E104,Transaction {tx} completed in {time}ms
52132,2026-01-13,16:17:42,INFO,WebServer,Page view: /home by u3531,E103,Page view: {page} by {user}
52133,2026-01-13,16:18:12,INFO,OrderProcessor,Transaction tx471765 completed in 1543ms,E104,Transaction {tx} completed in {time}ms
52134,2026-01-13,16:11:33,INFO,AuthService,Transaction tx167253 completed in 22ms,E104,Transaction {tx} completed in {time}ms
52135,2026-01-13,16:55:47,INFO,WebServer,Page view: /home by u3069,E103,Page view: {page} by {user}
52136,2026-01-13,16:36:46,INFO,WebServer,Health check passed: WebServer,E102,Health check passed: {service}
52137,2026-01-13,16:29:05,INFO,WebServer,Health check passed: WebServer,E102,Health check passed: {service}
52138,2026-01-13,16:20:26,INFO,PaymentGateway,User u4513 login successful,E101,User {user} login successful
52139,2026-01-13,16:01:08,INFO,InventoryDB,Transaction tx202480 completed in 1634ms,E104,Transaction {tx} completed in {time}ms
52140,2026-01-13,16:16:37,WARN,WebServer,Disk usage > 85% on node node-1,E202,Disk usage > 85% on node {node}
52141,2026-01-13,16:29:23,INFO,WebServer,User u1347 login successful,E101,User {user} login successful
52142,2026-01-13,16:59:20,INFO,WebServer,User u3939 login successful,E101,User {user} login successful
52143,2026-01-13,16:42:19,INFO,WebServer,User u3835 login successful,E101,User {user} login successful
52144,2026-01-13,16:17:27,INFO,AuthService,Transaction tx156250 completed in 1414ms,E104,Transaction {tx} completed in {time}ms
52145,2026-01-13,16:17:55,INFO,PaymentGateway,Page view: /home by u1725,E103,Page view: {page} by {user}
52146,2026-01-13,16:39:15,INFO,PaymentGateway,Health check passed: PaymentGateway,E102,Health check passed: {service}
52147,2026-01-13,16:21:32,INFO,WebServer,Health check passed: WebServer,E102,Health check passed: {service}
52148,2026-01-13,16:05:11,INFO,OrderProcessor,User u2508 login successful,E101,User {user} login successful
52149,2026-01-13,16:33:34,INFO,WebServer,Page view: /home by u2523,E103,Page view: {page} by {user}
52150,2026-01-13,16:29:20,INFO,WebServer,Transaction tx374840 completed in 1951ms,E104,Transaction {tx} completed in {time}ms
52151,2026-01-13,16:26:05,INFO,WebServer,Health check passed: WebServer,E102,Health check passed: {service}
52152,2026-01-13,16:15:36,INFO,WebServer,User u2172 login successful,E101,User {user} login successful
52153,2026-01-13,16:31:44,INFO,WebServer,Health check passed: WebServer,E102,Health check passed: {service}
52154,2026-01-13,16:25:20,INFO,WebServer,Health check passed: WebServer,E102,Health check passed: {service}
52155,2026-01-13,16:07:06,INFO,OrderProcessor,Health check passed: OrderProcessor,E102,Health check passed: {service}
52156,2026-01-13,16:43:46,INFO,WebServer,Transaction tx609971 completed in 875ms,E104,Transaction {tx} completed in {time}ms
52157,2026-01-13,16:11:27,WARN,AuthService,High latency (802ms) detected on AuthService,E201,High latency ({time}ms) detected on {service}
52158,2026-01-13,16:55:04,INFO,WebServer,Transaction tx697250 completed in 1050ms,E104,Transaction {tx} completed in {time}ms
52159,2026-01-13,16:25:12,INFO,OrderProcessor,User u3792 login successful,E101,User {user} login successful
52160,2026-01-13,16:10:48,INFO,AuthService,Health check passed: AuthService,E102,Health check passed: {service}
52161,2026-01-13,16:20:23,INFO,WebServer,Page view: /home by u4717,E103,Page view: {page} by {user}
52162,2026-01-13,16:24:58,WARN,AuthService,Unauthorized access attempt from 192.168.1.5,E401,Unauthorized access attempt from {ip}
52163,2026-01-13,16:55:18,INFO,WebServer,User u2711 login successful,E101,User {user} login successful
52164,2026-01-13,16:55:50,INFO,OrderProcessor,Transaction tx812455 completed in 231ms,E104,Transaction {tx} completed in {time}ms
52165,2026-01-13,16:32:12,INFO,WebServer,Transaction tx499306 completed in 1547ms,E104,Transaction {tx} completed in {time}ms
52166,2026-01-13,16:46:41,INFO,PaymentGateway,Transaction tx725075 completed in 588ms,E104,Transaction {tx} completed in {time}ms
52167,2026-01-13,16:34:24,INFO,AuthService,User u1993 login successful,E101,User {user} login successful
52168,2026-01-13,16:49:33,INFO,WebServer,Page view: /home by u4834,E103,Page view: {page} by {user}
52169,2026-01-13,16:37:55,ERROR,WebServer,Connection refused to WebServer at 10.0.0.45,E501,Connection refused to {service} at {ip}
52170,2026-01-13,16:55:30,INFO,AuthService,Health check passed: AuthService,E102,Health check passed: {service}
52171,2026-01-13,16:27:52,INFO,WebServer,Health check passed: WebServer,E102,Health check passed: {service}
52172,2026-01-13,16:32:35,WARN,PaymentGateway,High latency (514ms) detected on PaymentGateway,E201,High latency ({time}ms) detected on {service}
52173,2026-01-13,16:43:24,INFO,AuthService,Page view: /home by u3058,E103,Page view: {page} by {user}
52174,2026-01-13,16:54:56,INFO,AuthService,User u4146 login successful,E101,User {user} login successful
52175,2026-01-13,16:42:44,INFO,OrderProcessor,User u1541 login successful,E101,User {user} login successful
52176,2026-01-13,16:13:34,INFO,InventoryDB,Transaction tx213363 completed in 1628ms,E104,Transaction {tx} completed in {time}ms
52177,2026-01-13,16:11:39,INFO,AuthService,Transaction tx458780 completed in 956ms,E104,Transaction {tx} completed in {time}ms
52178,2026-01-13,16:39:01,INFO,WebServer,User u2820 login successful,E101,User {user} login successful
52179,2026-01-13,16:15:37,INFO,OrderProcessor,Health check passed: OrderProcessor,E102,Health check passed: {service}
52180,2026-01-13,16:14:46,INFO,AuthService,Transaction tx132874 completed in 543ms,E104,Transaction {tx} completed in {time}ms
52181,2026-01-13,16:49:52,INFO,OrderProcessor,Health check passed: OrderProcessor,E102,Health check passed: {service}
52182,2026-01-13,16:21:35,INFO,WebServer,Transaction tx262359 completed in 1635ms,E104,Transaction {tx} completed in {time}ms
52183,2026-01-13,16:25:26,INFO,AuthService,Transaction tx462201 completed in 1185ms,E104,Transaction {tx} completed in {time}ms
52184,2026-01-13,16:30:56,INFO,OrderProcessor,Page view: /home by u1750,E103,Page view: {page} by {user}
52185,2026-01-13,16:33:18,ERROR,OrderProcessor,Payment declined: Gateway unavailable,E503,Payment declined: Gateway unavailable
52186,2026-01-13,16:39:33,INFO,OrderProcessor,User u4888 login successful,E101,User {user} login successful
52187,2026-01-13,16:17:47,INFO,WebServer,Page view: /home by u3740,E103,Page view: {page} by {user}
52188,2026-01-13,16:20:08,INFO,OrderProcessor,Page view: /home by u3185,E103,Page view: {page} by {user}
52189,2026-01-13,16:09:48,INFO,WebServer,User u2378 login successful,E101,User {user} login successful
52190,2026-01-13,16:44:07,INFO,WebServer,Health check passed: WebServer,E102,Health check passed: {service}
52191,2026-01-13,16:49:03,INFO,AuthService,Health check passed: AuthService,E102,Health check passed: {service}
52192,2026-01-13,16:33:38,INFO,WebServer,Transaction tx793968 completed in 1158ms,E104,Transaction {tx} completed in {time}ms
52193,2026-01-13,16:43:37,INFO,OrderProcessor,Page view: /home by u2858,E103,Page view: {page} by {user}
52194,2026-01-13,16:36:45,INFO,PaymentGateway,User u3244 login successful,E101,User {user} login successful
52195,2026-01-13,16:23:59,INFO,AuthService,Page view: /home by u2528,E103,Page view: {page} by {user}
52196,2026-01-13,16:44:10,INFO,WebServer,Health check passed: WebServer,E102,Health check passed: {service}
52197,2026-01-13,16:28:21,INFO,WebServer,Page view: /home by u1577,E103,Page view: {page} by {user}
52198,2026-01-13,16:03:27,INFO,WebServer,User u1620 login successful,E101,User {user} login successful
52199,2026-01-13,16:09:53,WARN,OrderProcessor,High latency (1853ms) detected on OrderProcessor,E201,High latency ({time}ms) detected on {service}
52200,2026-01-13,16:58:45,INFO,PaymentGateway,Health check passed: PaymentGateway,E102,Health check passed: {service}
52201,2026-01-13,16:09:20,INFO,AuthService,Health check passed: AuthService,E102,Health check passed: {service}
52202,2026-01-13,16:40:09,INFO,WebServer,Page view: /home by u3288,E103,Page view: {page} by {user}
52203,2026-01-13,16:09:47,INFO,WebServer,User u4590 login successful,E101,User {user} login successful
52204,2026-01-13,16:32:42,INFO,PaymentGateway,Transaction tx692808 completed in 570ms,E104,Transaction {tx} completed in {time}ms
52205,2026-01-13,16:17:39,INFO,AuthService,Page view: /home by u1853,E103,Page view: {page} by {user}
52206,2026-01-13,16:36:05,WARN,WebServer,High latency (483ms) detected on WebServer,E201,High latency ({time}ms) detected on {service}
52207,2026-01-13,16:15:58,INFO,AuthService,User u1684 login successful,E101,User {user} login successful
52208,2026-01-13,16:48:14,INFO,WebServer,User u2628 login successful,E101,User {user} login successful
52209,2026-01-13,16:57:54,INFO,PaymentGateway,User u4208 login successful,E101,User {user} login successful
52210,2026-01-13,16:43:02,INFO,AuthService,Transaction tx172924 completed in 907ms,E104,Transaction {tx} completed in {time}ms
52211,2026-01-13,16:01:18,INFO,AuthService,User u2559 login successful,E101,User {user} login successful
52212,2026-01-13,16:30:50,INFO,AuthService,Health check passed: AuthService,E102,Health check passed: {service}
52213,2026-01-13,16:44:38,INFO,OrderProcessor,Health check passed: OrderProcessor,E102,Health check passed: {service}
52214,2026-01-13,16:14:45,INFO,AuthService,Health check passed: AuthService,E102,Health check passed: {service}
52215,2026-01-13,16:06:40,INFO,WebServer,Page view: /home by u2812,E103,Page view: {page} by {user}
52216,2026-01-13,16:31:09,INFO,WebServer,Transaction tx904840 completed in 426ms,E104,Transaction {tx} completed in {time}ms
52217,2026-01-13,16:55:42,INFO,PaymentGateway,Page view: /home by u4304,E103,Page view: {page} by {user}
52218,2026-01-13,16:59:42,INFO,AuthService,Transaction tx641826 completed in 105ms,E104,Transaction {tx} completed in {time}ms
52219,2026-01-13,16:38:55,ERROR,WebServer,Connection refused to WebServer at 10.0.0.99,E501,Connection refused to {service} at {ip}
52220,2026-01-13,16:20:53,INFO,AuthService,Transaction tx925143 completed in 729ms,E104,Transaction {tx} completed in {time}ms
52221,2026-01-13,16:49:52,INFO,OrderProcessor,Health check passed: OrderProcessor,E102,Health check passed: {service}
52222,2026-01-13,16:03:48,INFO,AuthService,Transaction tx232222 completed in 192ms,E104,Transaction {tx} completed in {time}ms
52223,2026-01-13,16:01:12,INFO,WebServer,Page view: /home by u4192,E103,Page view: {page} by {user}
52224,2026-01-13,16:08:06,INFO,AuthService,User u4077 login successful,E101,User {user} login successful
52225,2026-01-13,16:14:50,WARN,WebServer,Disk usage > 85% on node node-4,E202,Disk usage > 85% on node {node}
52226,2026-01-13,16:18:15,INFO,WebServer,Page view: /home by u4582,E103,Page view: {page} by {user}
52227,2026-01-13,16:47:55,INFO,WebServer,User u1130 login successful,E101,User {user} login successful
52228,2026-01-13,16:41:37,INFO,AuthService,Page view: /home by u4547,E103,Page view: {page} by {user}
52229,2026-01-13,16:35:03,INFO,AuthService,Health check passed: AuthService,E102,Health check passed: {service}
52230,2026-01-13,17:14:04,INFO,AuthService,Transaction tx872346 completed in 1030ms,E104,Transaction {tx} completed in {time}ms
52231,2026-01-13,17:43:08,INFO,WebServer,Transaction tx967276 completed in 1771ms,E104,Transaction {tx} completed in {time}ms
52232,2026-01-13,17:08:20,INFO,AuthService,Page view: /home by u3775,E103,Page view: {page} by {user}
52233,2026-01-13,17:46:15,INFO,WebServer,Page view: /home by u4271,E103,Page view: {page} by {user}
52234,2026-01-13,17:04:14,INFO,WebServer,User u2006 login successful,E101,User {user} login successful
52235,2026-01-13,17:26:54,INFO,OrderProcessor,Transaction tx426365 completed in 1228ms,E104,Transaction {tx} completed in {time}ms
52236,2026-01-13,17:30:40,INFO,WebServer,Page view: /home by u2993,E103,Page view: {page} by {user}
52237,2026-01-13,17:51:49,INFO,AuthService,Page view: /home by u3530,E103,Page view: {page} by {user}
52238,2026-01-13,17:49:39,INFO,AuthService,Transaction tx607554 completed in 308ms,E104,Transaction {tx} completed in {time}ms
52239,2026-01-13,17:31:57,WARN,WebServer,Unauthorized access attempt from 10.0.0.12,E401,Unauthorized access attempt from {ip}
52240,2026-01-13,17:41:51,INFO,WebServer,Health check passed: WebServer,E102,Health check passed: {service}
52241,2026-01-13,17:32:26,INFO,OrderProcessor,User u4029 login successful,E101,User {user} login successful
52242,2026-01-13,17:33:04,INFO,WebServer,Page view: /home by u2565,E103,Page view: {page} by {user}
52243,2026-01-13,17:22:22,INFO,WebServer,Health check passed: WebServer,E102,Health check passed: {service}
52244,2026-01-13,17:35:00,INFO,InventoryDB,Page view: /home by u2749,E103,Page view: {page} by {user}
52245,2026-01-13,17:18:27,INFO,PaymentGateway,Health check passed: PaymentGateway,E102,Health check passed: {service}
52246,2026-01-13,17:06:05,INFO,OrderProcessor,Transaction tx346227 completed in 504ms,E104,Transaction {tx} completed in {time}ms
52247,2026-01-13,17:40:58,INFO,AuthService,Transaction tx300345 completed in 1360ms,E104,Transaction {tx} completed in {time}ms
52248,2026-01-13,17:56:44,INFO,WebServer,Transaction tx947406 completed in 756ms,E104,Transaction {tx} completed in {time}ms
52249,2026-01-13,17:56:46,INFO,WebServer,Page view: /home by u4008,E103,Page view: {page} by {user}
52250,2026-01-13,17:04:16,INFO,OrderProcessor,User u4335 login successful,E101,User {user} login successful
52251,2026-01-13,17:46:22,INFO,WebServer,User u4674 login successful,E101,User {user} login successful
52252,2026-01-13,17:08:55,ERROR,PaymentGateway,Connection refused to PaymentGateway at 10.0.0.45,E501,Connection refused to {service} at {ip}
52253,2026-01-13,17:15:43,INFO,WebServer,Transaction tx522540 completed in 535ms,E104,Transaction {tx} completed in {time}ms
52254,2026-01-13,17:57:43,INFO,WebServer,Transaction tx438755 completed in 1828ms,E104,Transaction {tx} completed in {time}ms
52255,2026-01-13,17:30:45,INFO,AuthService,Health check passed: AuthService,E102,Health check passed: {service}
52256,2026-01-13,17:35:08,INFO,OrderProcessor,User u2507 login successful,E101,User {user} login successful
52257,2026-01-13,17:01:57,INFO,AuthService,Transaction tx686739 completed in 1795ms,E104,Transaction {tx} completed in {time}ms
52258,2026-01-13,17:23:16,INFO,OrderProcessor,User u2281 login successful,E101,User {user} login successful
52259,2026-01-13,17:21:32,INFO,OrderProcessor,Health check passed: OrderProcessor,E102,Health check passed: {service}
52260,2026-01-13,17:54:18,ERROR,AuthService,Timeout waiting for lock on InventoryDB,E502,Timeout waiting for lock on {db}
52261,2026-01-13,17:12:31,WARN,PaymentGateway,Unauthorized access attempt from 10.0.0.45,E401,Unauthorized access attempt from {ip}
52262,2026-01-13,17:25:35,INFO,AuthService,Health check passed: AuthService,E102,Health check passed: {service}
52263,2026-01-13,17:58:31,INFO,WebServer,Transaction tx365743 completed in 669ms,E104,Transaction {tx} completed in {time}ms
52264,2026-01-13,17:46:14,INFO,WebServer,Page view: /home by u3492,E103,Page view: {page} by {user}
52265,2026-01-13,17:57:48,INFO,PaymentGateway,Health check passed: PaymentGateway,E102,Health check passed: {service}
52266,2026-01-13,17:52:15,INFO,WebServer,Transaction tx980325 completed in 893ms,E104,Transaction {tx} completed in {time}ms
52267,2026-01-13,17:25:16,INFO,WebServer,Transaction tx365635 completed in 425ms,E104,Transaction {tx} completed in {time}ms
52268,2026-01-13,17:47:10,INFO,OrderProcessor,Health check passed: OrderProcessor,E102,Health check passed: {service}
52269,2026-01-13,17:18:08,INFO,OrderProcessor,Page view: /home by u1375,E103,Page view: {page} by {user}
52270,2026-01-13,17:46:32,INFO,WebServer,Page view: /home by u3858,E103,Page view: {page} by {user}
52271,2026-01-13,17:54:27,INFO,WebServer,User u4480 login successful,E101,User {user} login successful
52272,2026-01-13,17:49:11,INFO,WebServer,Transaction tx917855 completed in 240ms,E104,Transaction {tx} completed in {time}ms
52273,2026-01-13,17:58:50,INFO,WebServer,Health check passed: WebServer,E102,Health check passed: {service}
52274,2026-01-13,17:58:58,INFO,OrderProcessor,Transaction tx864445 completed in 1315ms,E104,Transaction {tx} completed in {time}ms
52275,2026-01-13,17:51:03,INFO,WebServer,Page view: /home by u2410,E103,Page view: {page} by {user}
52276,2026-01-13,17:53:38,INFO,WebServer,Health check passed: WebServer,E102,Health check passed: {service}
52277,2026-01-13,17:00:55,INFO,WebServer,User u1657 login successful,E101,User {user} login successful
52278,2026-01-13,17:19:49,INFO,WebServer,User u2371 login successful,E101,User {user} login successful
52279,2026-01-13,17:16:34,INFO,WebServer,Transaction tx391249 completed in 1369ms,E104,Transaction {tx} completed in {time}ms
52280,2026-01-13,17:27:55,INFO,WebServer,Health check passed: WebServer,E102,Health check passed: {service}
52281,2026-01-13,17:46:25,WARN,InventoryDB,High latency (1610ms) detected on InventoryDB,E201,High latency ({time}ms) detected on {service}
52282,2026-01-13,17:27:41,INFO,WebServer,Health check passed: WebServer,E102,Health check passed: {service}
52283,2026-01-13,17:18:42,INFO,PaymentGateway,User u3410 login successful,E101,User {user} login successful
52284,2026-01-13,17:02:32,INFO,PaymentGateway,Transaction tx672883 completed in 1725ms,E104,Transaction {tx} completed in {time}ms
52285,2026-01-13,17:37:34,INFO,OrderProcessor,Page view: /home by u3130,E103,Page view: {page} by {user}
52286,2026-01-13,17:45:25,ERROR,AuthService,Timeout waiting for lock on InventoryDB,E502,Timeout waiting for lock on {db}
52287,2026-01-13,17:44:42,INFO,WebServer,Page view: /home by u4299,E103,Page view: {page} by {user}
52288,2026-01-13,17:20:02,INFO,WebServer,Page view: /home by u1119,E103,Page view: {page} by {user}
52289,2026-01-13,17:57:00,INFO,WebServer,Page view: /home by u3229,E103,Page view: {page} by {user}
52290,2026-01-13,17:06:52,INFO,OrderProcessor,Health check passed: OrderProcessor,E102,Health check passed: {service}
52291,2026-01-13,17:16:28,INFO,WebServer,Page view: /home by u4715,E103,Page view: {page} by {user}
52292,2026-01-13,17:55:36,INFO,AuthService,User u4241 login successful,E101,User {user} login successful
52293,2026-01-13,17:43:52,INFO,WebServer,Page view: /home by u1916,E103,Page view: {page} by {user}
52294,2026-01-13,17:17:56,INFO,PaymentGateway,Transaction tx671357 completed in 1737ms,E104,Transaction {tx} completed in {time}ms
52295,2026-01-13,17:56:59,INFO,PaymentGateway,Transaction tx894548 completed in 598ms,E104,Transaction {tx} completed in {time}ms
52296,2026-01-13,17:24:43,INFO,WebServer,Page view: /home by u2865,E103,Page view: {page} by {user}
52297,2026-01-13,17:35:16,WARN,OrderProcessor,Disk usage > 85% on node node-4,E202,Disk usage > 85% on node {node}
52298,2026-01-13,17:12:57,INFO,AuthService,User u4680 login successful,E101,User {user} login successful
52299,2026-01-13,17:48:59,INFO,WebServer,Page view: /home by u3879,E103,Page view: {page} by {user}
52300,2026-01-13,17:06:25,INFO,WebServer,Transaction tx143570 completed in 1451ms,E104,Transaction {tx} completed in {time}ms
52301,2026-01-13,17:57:06,INFO,WebServer,Health check passed: WebServer,E102,Health check passed: {service}
52302,2026-01-13,17:47:01,INFO,AuthService,User u1821 login successful,E101,User {user} login successful
52303,2026-01-13,17:52:31,INFO,WebServer,User u3759 login successful,E101,User {user} login successful
52304,2026-01-13,17:56:12,INFO,WebServer,Health check passed: WebServer,E102,Health check passed: {service}
52305,2026-01-13,17:16:33,WARN,WebServer,Disk usage > 85% on node node-3,E202,Disk usage > 85% on node {node}
52306,2026-01-13,17:17:57,INFO,WebServer,User u1315 login successful,E101,User {user} login successful
52307,2026-01-13,17:29:16,INFO,PaymentGateway,Page view: /home by u3423,E103,Page view: {page} by {user}
52308,2026-01-13,17:05:19,INFO,WebServer,Transaction tx676411 completed in 1676ms,E104,Transaction {tx} completed in {time}ms
52309,2026-01-13,17:03:48,INFO,AuthService,User u3874 login successful,E101,User {user} login successful
52310,2026-01-13,17:40:23,INFO,AuthService,Transaction tx400689 completed in 57ms,E104,Transaction {tx} completed in {time}ms
52311,2026-01-13,17:18:24,INFO,WebServer,Page view: /home by u2952,E103,Page view: {page} by {user}
52312,2026-01-13,17:34:08,INFO,WebServer,Page view: /home by u4505,E103,Page view: {page} by {user}
52313,2026-01-13,17:35:07,INFO,WebServer,User u4765 login successful,E101,User {user} login successful
52314,2026-01-13,17:36:48,INFO,InventoryDB,User u3927 login successful,E101,User {user} login successful
52315,2026-01-13,17:20:33,INFO,WebServer,Page view: /home by u2965,E103,Page view: {page} by {user}
52316,2026-01-13,17:03:08,ERROR,AuthService,Connection refused to AuthService at 10.0.0.12,E501,Connection refused to {service} at {ip}
52317,2026-01-13,17:35:10,INFO,WebServer,User u1151 login successful,E101,User {user} login successful
52318,2026-01-13,17:08:43,INFO,OrderProcessor,Transaction tx992441 completed in 248ms,E104,Transaction {tx} completed in {time}ms
52319,2026-01-13,17:14:22,INFO,WebServer,User u2713 login successful,E101,User {user} login successful
52320,2026-01-13,17:38:36,INFO,AuthService,Page view: /home by u2883,E103,Page view: {page} by {user}
52321,2026-01-13,17:17:55,INFO,WebServer,Health check passed: WebServer,E102,Health check passed: {service}
52322,2026-01-13,17:41:40,INFO,AuthService,Transaction tx582586 completed in 754ms,E104,Transaction {tx} completed in {time}ms
52323,2026-01-13,17:10:01,INFO,WebServer,User u4839 login successful,E101,User {user} login successful
52324,2026-01-13,17:55:08,INFO,WebServer,Health check passed: WebServer,E102,Health check passed: {service}
52325,2026-01-13,17:50:16,INFO,PaymentGateway,Transaction tx235455 completed in 1136ms,E104,Transaction {tx} completed in {time}ms
52326,2026-01-13,17:22:58,INFO,PaymentGateway,User u1410 login successful,E101,User {user} login successful
52327,2026-01-13,17:48:10,INFO,WebServer,User u4222 login successful,E101,User {user} login successful
52328,2026-01-13,17:44:56,INFO,WebServer,User u4184 login successful,E101,User {user} login successful
52329,2026-01-13,17:32:32,INFO,InventoryDB,Health check passed: InventoryDB,E102,Health check passed: {service}
52330,2026-01-13,17:12:18,INFO,WebServer,User u3271 login successful,E101,User {user} login successful
52331,2026-01-13,17:17:43,INFO,OrderProcessor,Transaction tx110871 completed in 321ms,E104,Transaction {tx} completed in {time}ms
52332,2026-01-13,17:53:29,INFO,OrderProcessor,User u1199 login successful,E101,User {user} login successful
52333,2026-01-13,17:03:15,INFO,WebServer,Health check passed: WebServer,E102,Health check passed: {service}
52334,2026-01-13,17:26:45,INFO,WebServer,Transaction tx291429 completed in 1429ms,E104,Transaction {tx} completed in {time}ms
52335,2026-01-13,17:50:44,INFO,OrderProcessor,Transaction tx663192 completed in 1432ms,E104,Transaction {tx} completed in {time}ms
52336,2026-01-13,17:21:12,WARN,AuthService,High latency (1232ms) detected on AuthService,E201,High latency ({time}ms) detected on {service}
52337,2026-01-13,17:46:07,INFO,AuthService,Transaction tx916803 completed in 1362ms,E104,Transaction {tx} completed in {time}ms
52338,2026-01-13,17:51:21,INFO,OrderProcessor,Health check passed: OrderProcessor,E102,Health check passed: {service}
52339,2026-01-13,17:59:15,INFO,OrderProcessor,Transaction tx559555 completed in 121ms,E104,Transaction {tx} completed in {time}ms
52340,2026-01-13,17:50:18,INFO,WebServer,Health check passed: WebServer,E102,Health check passed: {service}
52341,2026-01-13,17:28:33,INFO,WebServer,Health check passed: WebServer,E102,Health check passed: {service}
52342,2026-01-13,17:22:37,INFO,WebServer,User u2472 login successful,E101,User {user} login successful
52343,2026-01-13,17:30:11,INFO,PaymentGateway,Transaction tx552774 completed in 46ms,E104,Transaction {tx} completed in {time}ms
52344,2026-01-13,17:10:31,INFO,AuthService,User u4526 login successful,E101,User {user} login successful
52345,2026-01-13,17:36:01,INFO,OrderProcessor,Transaction tx199783 completed in 1059ms,E104,Transaction {tx} completed in {time}ms
52346,2026-01-13,17:18:34,INFO,OrderProcessor,Page view: /home by u4154,E103,Page view: {page} by {user}
52347,2026-01-13,17:24:17,INFO,WebServer,Page view: /home by u4285,E103,Page view: {page} by {user}
52348,2026-01-13,17:14:51,INFO,WebServer,Page view: /home by u2745,E103,Page view: {page} by {user}
52349,2026-01-13,17:33:43,INFO,AuthService,User u2417 login successful,E101,User {user} login successful
52350,2026-01-13,17:51:37,INFO,WebServer,Transaction tx384577 completed in 872ms,E104,Transaction {tx} completed in {time}ms
52351,2026-01-13,17:14:35,INFO,WebServer,Page view: /home by u1771,E103,Page view: {page} by {user}
52352,2026-01-13,17:41:36,INFO,AuthService,Transaction tx456475 completed in 1089ms,E104,Transaction {tx} completed in {time}ms
52353,2026-01-13,17:21:09,INFO,AuthService,Health check passed: AuthService,E102,Health check passed: {service}
52354,2026-01-13,17:08:52,INFO,WebServer,Page view: /home by u3815,E103,Page view: {page} by {user}
52355,2026-01-13,17:24:34,INFO,WebServer,User u3684 login successful,E101,User {user} login successful
52356,2026-01-13,17:23:24,INFO,WebServer,Health check passed: WebServer,E102,Health check passed: {service}
52357,2026-01-13,17:59:21,INFO,PaymentGateway,User u2868 login successful,E101,User {user} login successful
52358,2026-01-13,17:56:50,INFO,AuthService,Health check passed: AuthService,E102,Health check passed: {service}
52359,2026-01-13,17:42:23,INFO,WebServer,Page view: /home by u4195,E103,Page view: {page} by {user}
52360,2026-01-13,17:14:55,INFO,WebServer,Health check passed: WebServer,E102,Health check passed: {service}
52361,2026-01-13,17:27:04,INFO,AuthService,Page view: /home by u4459,E103,Page view: {page} by {user}
52362,2026-01-13,17:32:44,INFO,OrderProcessor,Transaction tx902422 completed in 1447ms,E104,Transaction {tx} completed in {time}ms
52363,2026-01-13,17:59:18,WARN,AuthService,Disk usage > 85% on node node-3,E202,Disk usage > 85% on node {node}
52364,2026-01-13,17:12:04,WARN,WebServer,Disk usage > 85% on node node-2,E202,Disk usage > 85% on node {node}
52365,2026-01-13,17:13:41,INFO,WebServer,User u3936 login successful,E101,User {user} login successful
52366,2026-01-13,17:10:13,INFO,AuthService,Health check passed: AuthService,E102,Health check passed: {service}
52367,2026-01-13,17:11:17,INFO,AuthService,Page view: /home by u3424,E103,Page view: {page} by {user}
52368,2026-01-13,17:11:25,WARN,WebServer,Unauthorized access attempt from 10.0.0.12,E401,Unauthorized access attempt from {ip}
52369,2026-01-13,17:38:01,INFO,WebServer,Page view: /home by u1704,E103,Page view: {page} by {user}
52370,2026-01-13,17:52:35,INFO,InventoryDB,Health check passed: InventoryDB,E102,Health check passed: {service}
52371,2026-01-13,17:23:08,INFO,OrderProcessor,Page view: /home by u3976,E103,Page view: {page} by {user}
52372,2026-01-13,17:51:13,INFO,WebServer,Page view: /home by u2141,E103,Page view: {page} by {user}
52373,2026-01-13,17:58:52,INFO,AuthService,Page view: /home by u1645,E103,Page view: {page} by {user}
52374,2026-01-13,17:12:37,INFO,WebServer,Transaction tx972507 completed in 1679ms,E104,Transaction {tx} completed in {time}ms
52375,2026-01-13,17:46:01,INFO,WebServer,Transaction tx313342 completed in 1668ms,E104,Transaction {tx} completed in {time}ms
52376,2026-01-13,17:20:39,INFO,PaymentGateway,Page view: /home by u2142,E103,Page view: {page} by {user}
52377,2026-01-13,17:45:24,INFO,WebServer,Transaction tx940357 completed in 1530ms,E104,Transaction {tx} completed in {time}ms
52378,2026-01-13,17:56:34,INFO,WebServer,Page view: /home by u3743,E103,Page view: {page} by {user}
52379,2026-01-13,17:51:22,INFO,OrderProcessor,Transaction tx631644 completed in 826ms,E104,Transaction {tx} completed in {time}ms
52380,2026-01-13,17:10:31,INFO,WebServer,Health check passed: WebServer,E102,Health check passed: {service}
52381,2026-01-13,17:45:43,WARN,WebServer,High latency (37ms) detected on WebServer,E201,High latency ({time}ms) detected on {service}
52382,2026-01-13,17:19:33,INFO,AuthService,Health check passed: AuthService,E102,Health check passed: {service}
52383,2026-01-13,17:06:00,ERROR,AuthService,Timeout waiting for lock on InventoryDB,E502,Timeout waiting for lock on {db}
52384,2026-01-13,17:23:00,INFO,AuthService,Transaction tx613422 completed in 959ms,E104,Transaction {tx} completed in {time}ms
52385,2026-01-13,17:57:34,INFO,WebServer,User u4958 login successful,E101,User {user} login successful
52386,2026-01-13,17:12:23,INFO,OrderProcessor,Page view: /home by u2126,E103,Page view: {page} by {user}
52387,2026-01-13,17:10:33,INFO,WebServer,Page view: /home by u1667,E103,Page view: {page} by {user}
52388,2026-01-13,17:15:29,INFO,AuthService,Health check passed: AuthService,E102,Health check passed: {service}
52389,2026-01-13,17:01:27,INFO,WebServer,Transaction tx765298 completed in 824ms,E104,Transaction {tx} completed in {time}ms
52390,2026-01-13,17:47:34,INFO,OrderProcessor,User u3720 login successful,E101,User {user} login successful
52391,2026-01-13,17:35:46,INFO,AuthService,Health check passed: AuthService,E102,Health check passed: {service}
52392,2026-01-13,17:36:30,INFO,AuthService,Page view: /home by u3898,E103,Page view: {page} by {user}
52393,2026-01-13,17:59:27,INFO,AuthService,Transaction tx278378 completed in 587ms,E104,Transaction {tx} completed in {time}ms
52394,2026-01-13,17:49:52,INFO,WebServer,User u1513 login successful,E101,User {user} login successful
52395,2026-01-13,17:18:21,INFO,AuthService,Transaction tx196886 completed in 1664ms,E104,Transaction {tx} completed in {time}ms
52396,2026-01-13,17:12:53,INFO,OrderProcessor,Health check passed: OrderProcessor,E102,Health check passed: {service}
52397,2026-01-13,17:55:22,INFO,AuthService,Transaction tx593070 completed in 491ms,E104,Transaction {tx} completed in {time}ms
52398,2026-01-13,17:06:04,INFO,WebServer,Transaction tx714972 completed in 1595ms,E104,Transaction {tx} completed in {time}ms
52399,2026-01-13,17:33:50,INFO,WebServer,Page view: /home by u2715,E103,Page view: {page} by {user}
52400,2026-01-13,17:17:59,INFO,OrderProcessor,Transaction tx666010 completed in 672ms,E104,Transaction {tx} completed in {time}ms
52401,2026-01-13,17:24:10,INFO,AuthService,User u2228 login successful,E101,User {user} login successful
52402,2026-01-13,17:43:44,INFO,PaymentGateway,Health check passed: PaymentGateway,E102,Health check passed: {service}
52403,2026-01-13,17:27:24,INFO,OrderProcessor,Transaction tx131996 completed in 510ms,E104,Transaction {tx} completed in {time}ms
52404,2026-01-13,17:12:43,INFO,InventoryDB,User u2246 login successful,E101,User {user} login successful
52405,2026-01-13,17:31:18,INFO,OrderProcessor,Page view: /home by u2867,E103,Page view: {page} by {user}
52406,2026-01-13,17:21:34,INFO,InventoryDB,Page view: /home by u2157,E103,Page view: {page} by {user}
52407,2026-01-13,17:45:02,INFO,WebServer,Health check passed: WebServer,E102,Health check passed: {service}
52408,2026-01-13,17:58:03,INFO,WebServer,User u2506 login successful,E101,User {user} login successful
52409,2026-01-13,17:20:02,INFO,AuthService,User u2395 login successful,E101,User {user} login successful
52410,2026-01-13,17:48:16,INFO,OrderProcessor,Health check passed: OrderProcessor,E102,Health check passed: {service}
52411,2026-01-13,17:38:21,INFO,InventoryDB,Page view: /home by u3892,E103,Page view: {page} by {user}
52412,2026-01-13,17:56:17,INFO,WebServer,Transaction tx569293 completed in 1707ms,E104,Transaction {tx} completed in {time}ms
52413,2026-01-13,17:26:29,INFO,PaymentGateway,Health check passed: PaymentGateway,E102,Health check passed: {service}
52414,2026-01-13,17:06:43,INFO,OrderProcessor,User u3576 login successful,E101,User {user} login successful
52415,2026-01-13,17:30:53,INFO,OrderProcessor,Health check passed: OrderProcessor,E102,Health check passed: {service}
52416,2026-01-13,17:32:01,INFO,AuthService,Health check passed: AuthService,E102,Health check passed: {service}
52417,2026-01-13,17:12:20,WARN,WebServer,High latency (295ms) detected on WebServer,E201,High latency ({time}ms) detected on {service}
52418,2026-01-13,17:11:24,INFO,OrderProcessor,Page view: /home by u4166,E103,Page view: {page} by {user}
52419,2026-01-13,17:59:22,INFO,InventoryDB,Transaction tx856910 completed in 1974ms,E104,Transaction {tx} completed in {time}ms
52420,2026-01-13,17:48:38,INFO,OrderProcessor,Health check passed: OrderProcessor,E102,Health check passed: {service}
52421,2026-01-13,17:26:42,INFO,WebServer,Page view: /home by u4014,E103,Page view: {page} by {user}
52422,2026-01-13,17:47:53,INFO,WebServer,Transaction tx830205 completed in 1775ms,E104,Transaction {tx} completed in {time}ms
52423,2026-01-13,17:38:43,INFO,WebServer,Transaction tx343984 completed in 1186ms,E104,Transaction {tx} completed in {time}ms
52424,2026-01-13,17:06:11,INFO,WebServer,Transaction tx973386 completed in 578ms,E104,Transaction {tx} completed in {time}ms
52425,2026-01-13,17:19:27,INFO,OrderProcessor,Page view: /home by u2123,E103,Page view: {page} by {user}
52426,2026-01-13,17:34:15,INFO,PaymentGateway,Health check passed: PaymentGateway,E102,Health check passed: {service}
52427,2026-01-13,17:09:07,INFO,WebServer,Health check passed: WebServer,E102,Health check passed: {service}
52428,2026-01-13,17:40:19,INFO,PaymentGateway,Page view: /home by u3747,E103,Page view: {page} by {user}
52429,2026-01-13,17:12:58,INFO,InventoryDB,Health check passed: InventoryDB,E102,Health check passed: {service}
52430,2026-01-13,17:58:46,INFO,OrderProcessor,User u3494 login successful,E101,User {user} login successful
52431,2026-01-13,17:33:36,INFO,WebServer,Page view: /home by u3805,E103,Page view: {page} by {user}
52432,2026-01-13,17:44:07,INFO,AuthService,Transaction tx479325 completed in 201ms,E104,Transaction {tx} completed in {time}ms
52433,2026-01-13,17:30:15,INFO,OrderProcessor,Health check passed: OrderProcessor,E102,Health check passed: {service}
52434,2026-01-13,17:17:03,INFO,AuthService,User u2227 login successful,E101,User {user} login successful
52435,2026-01-13,17:55:11,INFO,AuthService,Health check passed: AuthService,E102,Health check passed: {service}
52436,2026-01-13,17:02:52,INFO,WebServer,Page view: /home by u4360,E103,Page view: {page} by {user}
52437,2026-01-13,17:32:13,INFO,PaymentGateway,Transaction tx471655 completed in 235ms,E104,Transaction {tx} completed in {time}ms
52438,2026-01-13,17:57:04,INFO,OrderProcessor,Page view: /home by u1319,E103,Page view: {page} by {user}
52439,2026-01-13,17:42:49,INFO,WebServer,Page view: /home by u2001,E103,Page view: {page} by {user}
52440,2026-01-13,17:18:51,INFO,WebServer,Page view: /home by u4099,E103,Page view: {page} by {user}
52441,2026-01-13,17:41:11,WARN,OrderProcessor,Disk usage > 85% on node node-4,E202,Disk usage > 85% on node {node}
52442,2026-01-13,17:28:34,INFO,AuthService,Transaction tx881838 completed in 1647ms,E104,Transaction {tx} completed in {time}ms
52443,2026-01-13,17:48:55,INFO,AuthService,Transaction tx723596 completed in 1238ms,E104,Transaction {tx} completed in {time}ms
52444,2026-01-13,17:10:20,INFO,WebServer,User u3797 login successful,E101,User {user} login successful
52445,2026-01-13,17:45:03,INFO,PaymentGateway,Page view: /home by u4359,E103,Page view: {page} by {user}
52446,2026-01-13,17:43:01,INFO,AuthService,User u1045 login successful,E101,User {user} login successful
52447,2026-01-13,17:05:29,INFO,PaymentGateway,User u1964 login successful,E101,User {user} login successful
52448,2026-01-13,17:21:14,INFO,OrderProcessor,Transaction tx580928 completed in 524ms,E104,Transaction {tx} completed in {time}ms
52449,2026-01-13,17:55:24,INFO,AuthService,Transaction tx656290 completed in 1978ms,E104,Transaction {tx} completed in {time}ms
52450,2026-01-13,17:47:57,INFO,PaymentGateway,Transaction tx407454 completed in 1948ms,E104,Transaction {tx} completed in {time}ms
52451,2026-01-13,17:09:42,INFO,PaymentGateway,Page view: /home by u4946,E103,Page view: {page} by {user}
52452,2026-01-13,17:32:29,INFO,AuthService,Health check passed: AuthService,E102,Health check passed: {service}
52453,2026-01-13,17:16:04,INFO,WebServer,Transaction tx283564 completed in 1942ms,E104,Transaction {tx} completed in {time}ms
52454,2026-01-13,17:59:25,INFO,AuthService,Transaction tx524580 completed in 363ms,E104,Transaction {tx} completed in {time}ms
52455,2026-01-13,17:33:02,INFO,AuthService,Health check passed: AuthService,E102,Health check passed: {service}
52456,2026-01-13,17:42:17,INFO,WebServer,Page view: /home by u3381,E103,Page view: {page} by {user}
52457,2026-01-13,17:30:06,INFO,OrderProcessor,Page view: /home by u1103,E103,Page view: {page} by {user}
52458,2026-01-13,17:53:32,INFO,WebServer,User u1246 login successful,E101,User {user} login successful
52459,2026-01-13,17:08:52,INFO,WebServer,Page view: /home by u2866,E103,Page view: {page} by {user}
52460,2026-01-13,17:19:57,INFO,AuthService,Page view: /home by u1809,E103,Page view: {page} by {user}
52461,2026-01-13,17:03:32,INFO,WebServer,Health check passed: WebServer,E102,Health check passed: {service}
52462,2026-01-13,17:36:33,INFO,WebServer,Transaction tx239402 completed in 1401ms,E104,Transaction {tx} completed in {time}ms
52463,2026-01-13,17:21:10,INFO,OrderProcessor,Transaction tx305119 completed in 1486ms,E104,Transaction {tx} completed in {time}ms
52464,2026-01-13,17:38:01,INFO,AuthService,Health check passed: AuthService,E102,Health check passed: {service}
52465,2026-01-13,17:14:42,INFO,AuthService,Health check passed: AuthService,E102,Health check passed: {service}
52466,2026-01-13,17:01:38,WARN,WebServer,Unauthorized access attempt from 10.0.0.45,E401,Unauthorized access attempt from {ip}
52467,2026-01-13,17:23:17,INFO,WebServer,Page view: /home by u4002,E103,Page view: {page} by {user}
52468,2026-01-13,17:02:43,INFO,WebServer,Page view: /home by u2302,E103,Page view: {page} by {user}
52469,2026-01-13,17:40:14,INFO,WebServer,Page view: /home by u2853,E103,Page view: {page} by {user}
52470,2026-01-13,17:55:15,INFO,InventoryDB,User u2065 login successful,E101,User {user} login successful
52471,2026-01-13,17:42:33,INFO,WebServer,Page view: /home by u4311,E103,Page view: {page} by {user}
52472,2026-01-13,17:34:26,INFO,OrderProcessor,Page view: /home by u3266,E103,Page view: {page} by {user}
52473,2026-01-13,17:06:00,INFO,WebServer,Health check passed: WebServer,E102,Health check passed: {service}
52474,2026-01-13,17:36:01,INFO,AuthService,Page view: /home by u2434,E103,Page view: {page} by {user}
52475,2026-01-13,17:48:47,INFO,InventoryDB,Health check passed: InventoryDB,E102,Health check passed: {service}
52476,2026-01-13,17:44:00,INFO,WebServer,User u3551 login successful,E101,User {user} login successful
52477,2026-01-13,17:16:15,INFO,AuthService,Transaction tx756551 completed in 919ms,E104,Transaction {tx} completed in {time}ms
52478,2026-01-13,17:16:01,INFO,WebServer,Page view: /home by u1904,E103,Page view: {page} by {user}
52479,2026-01-13,17:26:14,INFO,AuthService,User u4175 login successful,E101,User {user} login successful
52480,2026-01-13,17:09:38,INFO,AuthService,Health check passed: AuthService,E102,Health check passed: {service}
52481,2026-01-13,17:40:06,INFO,AuthService,Page view: /home by u2146,E103,Page view: {page} by {user}
52482,2026-01-13,17:10:37,INFO,AuthService,Transaction tx151247 completed in 659ms,E104,Transaction {tx} completed in {time}ms
52483,2026-01-13,17:39:20,INFO,AuthService,Health check passed: AuthService,E102,Health check passed: {service}
52484,2026-01-13,17:50:41,INFO,AuthService,Transaction tx479489 completed in 450ms,E104,Transaction {tx} completed in {time}ms
52485,2026-01-13,17:15:25,INFO,WebServer,Health check passed: WebServer,E102,Health check passed: {service}
52486,2026-01-13,17:52:54,INFO,AuthService,Transaction tx184056 completed in 295ms,E104,Transaction {tx} completed in {time}ms
52487,2026-01-13,17:15:12,INFO,WebServer,Transaction tx107241 completed in 1247ms,E104,Transaction {tx} completed in {time}ms
52488,2026-01-13,17:35:15,INFO,WebServer,Page view: /home by u2169,E103,Page view: {page} by {user}
52489,2026-01-13,17:04:51,INFO,WebServer,Page view: /home by u1275,E103,Page view: {page} by {user}
52490,2026-01-13,17:08:44,INFO,WebServer,Health check passed: WebServer,E102,Health check passed: {service}
52491,2026-01-13,17:54:57,INFO,WebServer,Health check passed: WebServer,E102,Health check passed: {service}
52492,2026-01-13,17:02:37,WARN,AuthService,Disk usage > 85% on node node-1,E202,Disk usage > 85% on node {node}
52493,2026-01-13,17:01:16,INFO,WebServer,Transaction tx338531 completed in 1717ms,E104,Transaction {tx} completed in {time}ms
52494,2026-01-13,17:19:46,INFO,WebServer,Page view: /home by u2187,E103,Page view: {page} by {user}
52495,2026-01-13,17:26:52,INFO,WebServer,User u1416 login successful,E101,User {user} login successful
52496,2026-01-13,17:29:59,INFO,WebServer,User u1291 login successful,E101,User {user} login successful
52497,2026-01-13,17:48:54,INFO,WebServer,Transaction tx824462 completed in 1817ms,E104,Transaction {tx} completed in {time}ms
52498,2026-01-13,17:50:16,INFO,WebServer,Page view: /home by u3933,E103,Page view: {page} by {user}
52499,2026-01-13,17:59:26,INFO,WebServer,Page view: /home by u1514,E103,Page view: {page} by {user}
52500,2026-01-13,17:23:45,INFO,PaymentGateway,User u4830 login successful,E101,User {user} login successful
52501,2026-01-13,17:17:41,INFO,WebServer,Health check passed: WebServer,E102,Health check passed: {service}
52502,2026-01-13,17:01:25,WARN,WebServer,Disk usage > 85% on node node-5,E202,Disk usage > 85% on node {node}
52503,2026-01-13,17:50:08,INFO,PaymentGateway,Health check passed: PaymentGateway,E102,Health check passed: {service}
52504,2026-01-13,17:41:29,INFO,OrderProcessor,Health check passed: OrderProcessor,E102,Health check passed: {service}
52505,2026-01-13,17:27:34,WARN,WebServer,High latency (283ms) detected on WebServer,E201,High latency ({time}ms) detected on {service}
52506,2026-01-13,17:31:58,INFO,WebServer,Page view: /home by u4019,E103,Page view: {page} by {user}
52507,2026-01-13,17:02:31,INFO,PaymentGateway,Health check passed: PaymentGateway,E102,Health check passed: {service}
52508,2026-01-13,17:13:29,INFO,WebServer,User u3268 login successful,E101,User {user} login successful
52509,2026-01-13,17:03:56,INFO,WebServer,Page view: /home by u4364,E103,Page view: {page} by {user}
52510,2026-01-13,17:26:22,INFO,WebServer,Transaction tx954655 completed in 1214ms,E104,Transaction {tx} completed in {time}ms
52511,2026-01-13,17:53:11,INFO,AuthService,Transaction tx418103 completed in 349ms,E104,Transaction {tx} completed in {time}ms
52512,2026-01-13,17:24:12,INFO,OrderProcessor,Health check passed: OrderProcessor,E102,Health check passed: {service}
52513,2026-01-13,17:13:52,INFO,WebServer,Health check passed: WebServer,E102,Health check passed: {service}
52514,2026-01-13,17:20:51,INFO,AuthService,User u4988 login successful,E101,User {user} login successful
52515,2026-01-13,17:39:59,INFO,WebServer,Transaction tx944515 completed in 1009ms,E104,Transaction {tx} completed in {time}ms
52516,2026-01-13,17:22:38,INFO,InventoryDB,User u3244 login successful,E101,User {user} login successful
52517,2026-01-13,17:17:03,INFO,AuthService,Transaction tx699462 completed in 1555ms,E104,Transaction {tx} completed in {time}ms
52518,2026-01-13,17:50:11,INFO,AuthService,Transaction tx597728 completed in 736ms,E104,Transaction {tx} completed in {time}ms
52519,2026-01-13,17:59:32,INFO,AuthService,Health check passed: AuthService,E102,Health check passed: {service}
52520,2026-01-13,17:11:06,INFO,WebServer,Page view: /home by u1136,E103,Page view: {page} by {user}
52521,2026-01-13,17:43:59,INFO,WebServer,Page view: /home by u2518,E103,Page view: {page} by {user}
52522,2026-01-13,17:28:30,INFO,OrderProcessor,Health check passed: OrderProcessor,E102,Health check passed: {service}
52523,2026-01-13,17:11:01,INFO,WebServer,User u1916 login successful,E101,User {user} login successful
52524,2026-01-13,17:26:41,INFO,WebServer,Health check passed: WebServer,E102,Health check passed: {service}
52525,2026-01-13,17:58:10,INFO,WebServer,Page view: /home by u1431,E103,Page view: {page} by {user}
52526,2026-01-13,17:55:43,INFO,WebServer,Health check passed: WebServer,E102,Health check passed: {service}
52527,2026-01-13,17:34:12,INFO,WebServer,Page view: /home by u3433,E103,Page view: {page} by {user}
52528,2026-01-13,17:23:17,INFO,WebServer,Page view: /home by u1903,E103,Page view: {page} by {user}
52529,2026-01-13,17:56:18,INFO,PaymentGateway,Transaction tx655953 completed in 370ms,E104,Transaction {tx} completed in {time}ms
52530,2026-01-13,17:28:58,INFO,WebServer,User u1544 login successful,E101,User {user} login successful
52531,2026-01-13,17:41:05,INFO,OrderProcessor,Transaction tx689636 completed in 1343ms,E104,Transaction {tx} completed in {time}ms
52532,2026-01-13,17:02:41,INFO,WebServer,Health check passed: WebServer,E102,Health check passed: {service}
52533,2026-01-13,17:30:51,INFO,WebServer,Health check passed: WebServer,E102,Health check passed: {service}
52534,2026-01-13,17:33:23,INFO,WebServer,Transaction tx568847 completed in 293ms,E104,Transaction {tx} completed in {time}ms
52535,2026-01-13,17:59:45,INFO,InventoryDB,Transaction tx897981 completed in 183ms,E104,Transaction {tx} completed in {time}ms
52536,2026-01-13,17:02:07,INFO,WebServer,User u2648 login successful,E101,User {user} login successful
52537,2026-01-13,17:29:43,WARN,PaymentGateway,Unauthorized access attempt from 10.0.0.12,E401,Unauthorized access attempt from {ip}
52538,2026-01-13,17:55:42,INFO,AuthService,Page view: /home by u2120,E103,Page view: {page} by {user}
52539,2026-01-13,17:54:57,INFO,PaymentGateway,Health check passed: PaymentGateway,E102,Health check passed: {service}
52540,2026-01-13,17:31:08,ERROR,InventoryDB,Payment declined: Gateway unavailable,E503,Payment declined: Gateway unavailable
52541,2026-01-13,17:30:18,INFO,WebServer,Health check passed: WebServer,E102,Health check passed: {service}
52542,2026-01-13,17:58:13,INFO,OrderProcessor,Transaction tx334976 completed in 226ms,E104,Transaction {tx} completed in {time}ms
52543,2026-01-13,17:09:06,INFO,WebServer,Transaction tx117554 completed in 108ms,E104,Transaction {tx} completed in {time}ms
52544,2026-01-13,17:07:01,INFO,WebServer,Transaction tx842155 completed in 1240ms,E104,Transaction {tx} completed in {time}ms
52545,2026-01-13,17:46:23,INFO,WebServer,Health check passed: WebServer,E102,Health check passed: {service}
52546,2026-01-13,17:41:56,INFO,InventoryDB,Transaction tx930720 completed in 1376ms,E104,Transaction {tx} completed in {time}ms
52547,2026-01-13,17:13:20,INFO,WebServer,Transaction tx710095 completed in 570ms,E104,Transaction {tx} completed in {time}ms
52548,2026-01-13,17:50:38,INFO,OrderProcessor,Transaction tx477259 completed in 1073ms,E104,Transaction {tx} completed in {time}ms
52549,2026-01-13,17:22:48,INFO,OrderProcessor,User u1616 login successful,E101,User {user} login successful
52550,2026-01-13,17:29:26,INFO,OrderProcessor,Page view: /home by u4180,E103,Page view: {page} by {user}
52551,2026-01-13,17:38:45,INFO,PaymentGateway,Health check passed: PaymentGateway,E102,Health check passed: {service}
52552,2026-01-13,17:30:26,INFO,WebServer,Health check passed: WebServer,E102,Health check passed: {service}
52553,2026-01-13,17:08:19,INFO,WebServer,Page view: /home by u3077,E103,Page view: {page} by {user}
52554,2026-01-13,17:31:31,INFO,PaymentGateway,Page view: /home by u2328,E103,Page view: {page} by {user}
52555,2026-01-13,17:19:54,INFO,WebServer,Health check passed: WebServer,E102,Health check passed: {service}
52556,2026-01-13,17:58:16,INFO,WebServer,Health check passed: WebServer,E102,Health check passed: {service}
52557,2026-01-13,17:25:45,INFO,WebServer,User u4521 login successful,E101,User {user} login successful
52558,2026-01-13,17:07:32,INFO,OrderProcessor,Page view: /home by u1958,E103,Page view: {page} by {user}
52559,2026-01-13,17:54:52,INFO,WebServer,Transaction tx173407 completed in 562ms,E104,Transaction {tx} completed in {time}ms
52560,2026-01-13,17:51:38,INFO,InventoryDB,Transaction tx859409 completed in 1711ms,E104,Transaction {tx} completed in {time}ms
52561,2026-01-13,17:15:41,INFO,WebServer,Page view: /home by u2257,E103,Page view: {page} by {user}
52562,2026-01-13,17:18:50,INFO,AuthService,Health check passed: AuthService,E102,Health check passed: {service}
52563,2026-01-13,17:03:27,INFO,WebServer,Health check passed: WebServer,E102,Health check passed: {service}
52564,2026-01-13,17:05:15,INFO,WebServer,Health check passed: WebServer,E102,Health check passed: {service}
52565,2026-01-13,17:55:53,INFO,AuthService,Transaction tx201010 completed in 1085ms,E104,Transaction {tx} completed in {time}ms
52566,2026-01-13,17:53:05,INFO,AuthService,Health check passed: AuthService,E102,Health check passed: {service}
52567,2026-01-13,17:15:14,INFO,WebServer,User u1419 login successful,E101,User {user} login successful
52568,2026-01-13,17:12:43,INFO,AuthService,Page view: /home by u2848,E103,Page view: {page} by {user}
52569,2026-01-13,17:18:39,INFO,WebServer,Page view: /home by u2782,E103,Page view: {page} by {user}
52570,2026-01-13,17:06:32,INFO,WebServer,Transaction tx602765 completed in 1086ms,E104,Transaction {tx} completed in {time}ms
52571,2026-01-13,17:55:37,INFO,AuthService,Page view: /home by u3167,E103,Page view: {page} by {user}
52572,2026-01-13,17:21:45,INFO,WebServer,Health check passed: WebServer,E102,Health check passed: {service}
52573,2026-01-13,17:15:29,INFO,AuthService,Transaction tx112972 completed in 636ms,E104,Transaction {tx} completed in {time}ms
52574,2026-01-13,17:35:38,INFO,AuthService,Transaction tx127824 completed in 205ms,E104,Transaction {tx} completed in {time}ms
52575,2026-01-13,17:48:37,INFO,AuthService,Health check passed: AuthService,E102,Health check passed: {service}
52576,2026-01-13,17:45:15,INFO,WebServer,Transaction tx503456 completed in 247ms,E104,Transaction {tx} completed in {time}ms
52577,2026-01-13,17:27:16,INFO,AuthService,Health check passed: AuthService,E102,Health check passed: {service}
52578,2026-01-13,17:05:56,INFO,AuthService,Transaction tx198430 completed in 1879ms,E104,Transaction {tx} completed in {time}ms
52579,2026-01-13,17:41:07,INFO,WebServer,Transaction tx126102 completed in 441ms,E104,Transaction {tx} completed in {time}ms
52580,2026-01-13,17:23:40,INFO,AuthService,Health check passed: AuthService,E102,Health check passed: {service}
52581,2026-01-13,17:21:04,CRITICAL,WebServer,KERNEL PANIC: Node node-3 crashed,E601,KERNEL PANIC: Node {node} crashed
52582,2026-01-13,17:44:12,INFO,WebServer,Transaction tx646700 completed in 716ms,E104,Transaction {tx} completed in {time}ms
52583,2026-01-13,17:12:34,INFO,AuthService,Health check passed: AuthService,E102,Health check passed: {service}
52584,2026-01-13,17:16:40,INFO,InventoryDB,Transaction tx612906 completed in 1093ms,E104,Transaction {tx} completed in {time}ms
52585,2026-01-13,17:55:30,INFO,PaymentGateway,Transaction tx419199 completed in 952ms,E104,Transaction {tx} completed in {time}ms
52586,2026-01-13,17:28:47,INFO,WebServer,Transaction tx682646 completed in 269ms,E104,Transaction {tx} completed in {time}ms
52587,2026-01-13,17:18:36,INFO,WebServer,Transaction tx749037 completed in 747ms,E104,Transaction {tx} completed in {time}ms
52588,2026-01-13,17:45:59,INFO,PaymentGateway,Transaction tx893952 completed in 1443ms,E104,Transaction {tx} completed in {time}ms
52589,2026-01-13,17:36:30,INFO,AuthService,User u4231 login successful,E101,User {user} login successful
52590,2026-01-13,17:14:41,INFO,WebServer,User u4980 login successful,E101,User {user} login successful
52591,2026-01-13,17:29:18,WARN,AuthService,Unauthorized access attempt from 10.0.0.45,E401,Unauthorized access attempt from {ip}
52592,2026-01-13,17:54:35,INFO,WebServer,Transaction tx526075 completed in 1972ms,E104,Transaction {tx} completed in {time}ms
52593,2026-01-13,17:11:48,INFO,WebServer,Page view: /home by u2643,E103,Page view: {page} by {user}
52594,2026-01-13,17:11:54,INFO,AuthService,Transaction tx525174 completed in 1265ms,E104,Transaction {tx} completed in {time}ms
52595,2026-01-13,17:40:30,INFO,WebServer,Health check passed: WebServer,E102,Health check passed: {service}
52596,2026-01-13,17:07:02,INFO,AuthService,User u2450 login successful,E101,User {user} login successful
52597,2026-01-13,17:34:55,WARN,WebServer,Disk usage > 85% on node node-4,E202,Disk usage > 85% on node {node}
52598,2026-01-13,17:00:24,INFO,PaymentGateway,Page view: /home by u1193,E103,Page view: {page} by {user}
52599,2026-01-13,17:21:43,INFO,AuthService,Health check passed: AuthService,E102,Health check passed: {service}
52600,2026-01-13,17:17:20,INFO,WebServer,Transaction tx307223 completed in 1940ms,E104,Transaction {tx} completed in {time}ms
52601,2026-01-13,17:01:26,INFO,OrderProcessor,Transaction tx370857 completed in 1076ms,E104,Transaction {tx} completed in {time}ms
52602,2026-01-13,17:30:06,INFO,AuthService,Health check passed: AuthService,E102,Health check passed: {service}
52603,2026-01-13,17:00:28,INFO,WebServer,Page view: /home by u1476,E103,Page view: {page} by {user}
52604,2026-01-13,17:32:05,INFO,WebServer,Health check passed: WebServer,E102,Health check passed: {service}
52605,2026-01-13,17:35:40,INFO,WebServer,Page view: /home by u1567,E103,Page view: {page} by {user}
52606,2026-01-13,17:11:33,INFO,AuthService,Transaction tx677431 completed in 1807ms,E104,Transaction {tx} completed in {time}ms
52607,2026-01-13,17:09:19,INFO,WebServer,Health check passed: WebServer,E102,Health check passed: {service}
52608,2026-01-13,17:05:41,INFO,OrderProcessor,Transaction tx435212 completed in 269ms,E104,Transaction {tx} completed in {time}ms
52609,2026-01-13,17:50:11,INFO,WebServer,User u1754 login successful,E101,User {user} login successful
52610,2026-01-13,17:04:36,INFO,WebServer,Health check passed: WebServer,E102,Health check passed: {service}
52611,2026-01-13,17:12:25,INFO,AuthService,User u2254 login successful,E101,User {user} login successful
52612,2026-01-13,17:30:46,INFO,WebServer,Transaction tx675597 completed in 1969ms,E104,Transaction {tx} completed in {time}ms
52613,2026-01-13,17:23:55,INFO,AuthService,Health check passed: AuthService,E102,Health check passed: {service}
52614,2026-01-13,17:59:09,INFO,WebServer,Transaction tx426022 completed in 691ms,E104,Transaction {tx} completed in {time}ms
52615,2026-01-13,17:04:51,INFO,WebServer,Page view: /home by u1228,E103,Page view: {page} by {user}
52616,2026-01-13,17:02:46,INFO,OrderProcessor,Page view: /home by u2937,E103,Page view: {page} by {user}
52617,2026-01-13,17:45:53,INFO,WebServer,Health check passed: WebServer,E102,Health check passed: {service}
52618,2026-01-13,17:52:47,INFO,WebServer,User u1842 login successful,E101,User {user} login successful
52619,2026-01-13,17:20:46,WARN,WebServer,High latency (798ms) detected on WebServer,E201,High latency ({time}ms) detected on {service}
52620,2026-01-13,17:19:46,INFO,OrderProcessor,Transaction tx661840 completed in 138ms,E104,Transaction {tx} completed in {time}ms
52621,2026-01-13,17:46:54,INFO,OrderProcessor,Page view: /home by u3997,E103,Page view: {page} by {user}
52622,2026-01-13,17:07:12,INFO,OrderProcessor,Health check passed: OrderProcessor,E102,Health check passed: {service}
52623,2026-01-13,17:12:46,INFO,AuthService,User u3726 login successful,E101,User {user} login successful
52624,2026-01-13,17:57:00,INFO,InventoryDB,Page view: /home by u1385,E103,Page view: {page} by {user}
52625,2026-01-13,17:56:04,INFO,WebServer,Page view: /home by u1081,E103,Page view: {page} by {user}
52626,2026-01-13,17:43:35,INFO,OrderProcessor,Transaction tx996888 completed in 200ms,E104,Transaction {tx} completed in {time}ms
52627,2026-01-13,17:56:15,INFO,WebServer,User u1683 login successful,E101,User {user} login successful
52628,2026-01-13,17:01:55,INFO,WebServer,Transaction tx670519 completed in 1633ms,E104,Transaction {tx} completed in {time}ms
52629,2026-01-13,17:37:03,WARN,WebServer,High latency (1826ms) detected on WebServer,E201,High latency ({time}ms) detected on {service}
52630,2026-01-13,17:14:26,INFO,WebServer,Page view: /home by u1262,E103,Page view: {page} by {user}
52631,2026-01-13,17:42:10,INFO,AuthService,Transaction tx229122 completed in 1383ms,E104,Transaction {tx} completed in {time}ms
52632,2026-01-13,17:55:51,INFO,WebServer,Page view: /home by u3845,E103,Page view: {page} by {user}
52633,2026-01-13,17:37:12,INFO,WebServer,Transaction tx536885 completed in 1414ms,E104,Transaction {tx} completed in {time}ms
52634,2026-01-13,17:25:45,INFO,WebServer,User u3164 login successful,E101,User {user} login successful
52635,2026-01-13,17:11:24,INFO,OrderProcessor,Page view: /home by u4751,E103,Page view: {page} by {user}
52636,2026-01-13,17:19:14,INFO,PaymentGateway,Transaction tx656305 completed in 1972ms,E104,Transaction {tx} completed in {time}ms
52637,2026-01-13,17:37:53,INFO,OrderProcessor,Page view: /home by u3124,E103,Page view: {page} by {user}
52638,2026-01-13,17:39:54,INFO,WebServer,Transaction tx259468 completed in 1474ms,E104,Transaction {tx} completed in {time}ms
52639,2026-01-13,17:21:47,INFO,OrderProcessor,Transaction tx574607 completed in 814ms,E104,Transaction {tx} completed in {time}ms
52640,2026-01-13,17:06:40,INFO,PaymentGateway,User u2532 login successful,E101,User {user} login successful
52641,2026-01-13,17:59:46,WARN,WebServer,Unauthorized access attempt from 10.0.0.45,E401,Unauthorized access attempt from {ip}
52642,2026-01-13,17:13:07,INFO,WebServer,Page view: /home by u1119,E103,Page view: {page} by {user}
52643,2026-01-13,17:08:18,WARN,OrderProcessor,High latency (950ms) detected on OrderProcessor,E201,High latency ({time}ms) detected on {service}
52644,2026-01-13,17:20:39,INFO,PaymentGateway,Health check passed: PaymentGateway,E102,Health check passed: {service}
52645,2026-01-13,17:02:03,INFO,AuthService,Health check passed: AuthService,E102,Health check passed: {service}
52646,2026-01-13,17:10:39,INFO,AuthService,Health check passed: AuthService,E102,Health check passed: {service}
52647,2026-01-13,17:02:32,INFO,WebServer,User u4807 login successful,E101,User {user} login successful
52648,2026-01-13,17:19:54,INFO,OrderProcessor,Transaction tx696505 completed in 1296ms,E104,Transaction {tx} completed in {time}ms
52649,2026-01-13,17:03:29,INFO,WebServer,Health check passed: WebServer,E102,Health check passed: {service}
52650,2026-01-13,17:43:47,INFO,WebServer,Transaction tx853208 completed in 911ms,E104,Transaction {tx} completed in {time}ms
52651,2026-01-13,17:49:06,INFO,WebServer,Health check passed: WebServer,E102,Health check passed: {service}
52652,2026-01-13,17:42:52,INFO,WebServer,Transaction tx626303 completed in 1013ms,E104,Transaction {tx} completed in {time}ms
52653,2026-01-13,17:26:09,INFO,PaymentGateway,Health check passed: PaymentGateway,E102,Health check passed: {service}
52654,2026-01-13,17:57:36,WARN,AuthService,Disk usage > 85% on node node-3,E202,Disk usage > 85% on node {node}
52655,2026-01-13,17:42:50,INFO,WebServer,Health check passed: WebServer,E102,Health check passed: {service}
52656,2026-01-13,17:58:29,INFO,WebServer,Health check passed: WebServer,E102,Health check passed: {service}
52657,2026-01-13,17:50:38,INFO,WebServer,Page view: /home by u3319,E103,Page view: {page} by {user}
52658,2026-01-13,17:15:16,INFO,WebServer,Page view: /home by u3422,E103,Page view: {page} by {user}
52659,2026-01-13,17:56:18,WARN,AuthService,Disk usage > 85% on node node-4,E202,Disk usage > 85% on node {node}
52660,2026-01-13,17:40:57,INFO,WebServer,Health check passed: WebServer,E102,Health check passed: {service}
52661,2026-01-13,17:08:50,INFO,PaymentGateway,Page view: /home by u1705,E103,Page view: {page} by {user}
52662,2026-01-13,17:04:57,INFO,AuthService,Transaction tx678263 completed in 1185ms,E104,Transaction {tx} completed in {time}ms
52663,2026-01-13,17:54:26,INFO,InventoryDB,Page view: /home by u1069,E103,Page view: {page} by {user}
52664,2026-01-13,17:19:45,INFO,WebServer,User u4570 login successful,E101,User {user} login successful
52665,2026-01-13,17:43:29,INFO,WebServer,Health check passed: WebServer,E102,Health check passed: {service}
52666,2026-01-13,17:41:14,INFO,WebServer,Page view: /home by u3591,E103,Page view: {page} by {user}
52667,2026-01-13,17:39:15,INFO,PaymentGateway,Page view: /home by u1513,E103,Page view: {page} by {user}
52668,2026-01-13,17:50:40,INFO,WebServer,Transaction tx133447 completed in 1813ms,E104,Transaction {tx} completed in {time}ms
52669,2026-01-13,17:43:34,INFO,WebServer,Transaction tx418073 completed in 63ms,E104,Transaction {tx} completed in {time}ms
52670,2026-01-13,17:31:26,INFO,OrderProcessor,Page view: /home by u2076,E103,Page view: {page} by {user}
52671,2026-01-13,17:53:07,INFO,WebServer,User u2787 login successful,E101,User {user} login successful
52672,2026-01-13,17:39:13,INFO,AuthService,Transaction tx223988 completed in 1442ms,E104,Transaction {tx} completed in {time}ms
52673,2026-01-13,17:03:03,INFO,WebServer,Health check passed: WebServer,E102,Health check passed: {service}
52674,2026-01-13,17:34:18,INFO,PaymentGateway,Page view: /home by u4641,E103,Page view: {page} by {user}
52675,2026-01-13,17:23:57,INFO,OrderProcessor,Page view: /home by u1765,E103,Page view: {page} by {user}
52676,2026-01-13,17:27:58,INFO,PaymentGateway,User u2544 login successful,E101,User {user} login successful
52677,2026-01-13,17:51:55,WARN,OrderProcessor,Unauthorized access attempt from 10.0.0.45,E401,Unauthorized access attempt from {ip}
52678,2026-01-13,17:01:36,INFO,OrderProcessor,Transaction tx542672 completed in 1555ms,E104,Transaction {tx} completed in {time}ms
52679,2026-01-13,17:34:15,INFO,PaymentGateway,Page view: /home by u2857,E103,Page view: {page} by {user}
52680,2026-01-13,17:10:02,INFO,WebServer,Transaction tx319044 completed in 273ms,E104,Transaction {tx} completed in {time}ms
52681,2026-01-13,17:56:03,INFO,WebServer,Health check passed: WebServer,E102,Health check passed: {service}
52682,2026-01-13,17:49:00,INFO,OrderProcessor,Transaction tx117113 completed in 22ms,E104,Transaction {tx} completed in {time}ms
52683,2026-01-13,17:56:59,INFO,AuthService,User u4001 login successful,E101,User {user} login successful
52684,2026-01-13,17:33:49,WARN,PaymentGateway,Disk usage > 85% on node node-5,E202,Disk usage > 85% on node {node}
52685,2026-01-13,17:14:27,INFO,AuthService,Transaction tx905292 completed in 1978ms,E104,Transaction {tx} completed in {time}ms
52686,2026-01-13,17:05:17,INFO,WebServer,User u2442 login successful,E101,User {user} login successful
52687,2026-01-13,17:39:31,INFO,WebServer,User u3771 login successful,E101,User {user} login successful
52688,2026-01-13,17:51:18,INFO,OrderProcessor,Health check passed: OrderProcessor,E102,Health check passed: {service}
52689,2026-01-13,17:49:25,INFO,WebServer,Transaction tx850347 completed in 1725ms,E104,Transaction {tx} completed in {time}ms
52690,2026-01-13,17:37:44,INFO,WebServer,Health check passed: WebServer,E102,Health check passed: {service}
52691,2026-01-13,17:47:38,INFO,WebServer,User u3175 login successful,E101,User {user} login successful
52692,2026-01-13,17:34:56,ERROR,WebServer,Connection refused to WebServer at 10.0.0.45,E501,Connection refused to {service} at {ip}
52693,2026-01-13,17:44:27,INFO,AuthService,Health check passed: AuthService,E102,Health check passed: {service}
52694,2026-01-13,17:42:42,INFO,WebServer,User u1608 login successful,E101,User {user} login successful
52695,2026-01-13,17:08:02,WARN,AuthService,High latency (1183ms) detected on AuthService,E201,High latency ({time}ms) detected on {service}
52696,2026-01-13,17:28:32,INFO,PaymentGateway,Page view: /home by u4247,E103,Page view: {page} by {user}
52697,2026-01-13,17:05:00,WARN,InventoryDB,Disk usage > 85% on node node-5,E202,Disk usage > 85% on node {node}
52698,2026-01-13,17:54:11,INFO,WebServer,User u3452 login successful,E101,User {user} login successful
52699,2026-01-13,17:23:12,INFO,WebServer,User u1335 login successful,E101,User {user} login successful
52700,2026-01-13,17:58:07,INFO,OrderProcessor,Transaction tx830379 completed in 752ms,E104,Transaction {tx} completed in {time}ms
52701,2026-01-13,17:09:29,INFO,WebServer,Page view: /home by u4513,E103,Page view: {page} by {user}
52702,2026-01-13,17:35:40,INFO,WebServer,Transaction tx880775 completed in 888ms,E104,Transaction {tx} completed in {time}ms
52703,2026-01-13,17:53:01,INFO,WebServer,User u1357 login successful,E101,User {user} login successful
52704,2026-01-13,17:06:18,INFO,AuthService,Page view: /home by u1603,E103,Page view: {page} by {user}
52705,2026-01-13,17:43:22,INFO,WebServer,User u1158 login successful,E101,User {user} login successful
52706,2026-01-13,17:08:08,INFO,WebServer,Transaction tx674262 completed in 635ms,E104,Transaction {tx} completed in {time}ms
52707,2026-01-13,17:19:58,INFO,InventoryDB,Health check passed: InventoryDB,E102,Health check passed: {service}
52708,2026-01-13,17:29:34,INFO,OrderProcessor,Page view: /home by u4242,E103,Page view: {page} by {user}
52709,2026-01-13,17:45:25,INFO,WebServer,Page view: /home by u2379,E103,Page view: {page} by {user}
52710,2026-01-13,17:20:34,INFO,WebServer,Health check passed: WebServer,E102,Health check passed: {service}
52711,2026-01-13,17:08:50,INFO,WebServer,Page view: /home by u1290,E103,Page view: {page} by {user}
52712,2026-01-13,17:19:18,INFO,WebServer,Transaction tx288362 completed in 1317ms,E104,Transaction {tx} completed in {time}ms
52713,2026-01-13,17:56:59,INFO,AuthService,User u3346 login successful,E101,User {user} login successful
52714,2026-01-13,17:27:33,INFO,WebServer,Page view: /home by u1842,E103,Page view: {page} by {user}
52715,2026-01-13,17:52:18,INFO,WebServer,Transaction tx120806 completed in 1058ms,E104,Transaction {tx} completed in {time}ms
52716,2026-01-13,17:45:35,INFO,AuthService,Page view: /home by u1640,E103,Page view: {page} by {user}
52717,2026-01-13,17:23:15,INFO,WebServer,Health check passed: WebServer,E102,Health check passed: {service}
52718,2026-01-13,17:35:06,INFO,OrderProcessor,Transaction tx444016 completed in 303ms,E104,Transaction {tx} completed in {time}ms
52719,2026-01-13,17:25:57,INFO,OrderProcessor,Health check passed: OrderProcessor,E102,Health check passed: {service}
52720,2026-01-13,17:41:18,INFO,WebServer,Health check passed: WebServer,E102,Health check passed: {service}
52721,2026-01-13,17:31:11,INFO,WebServer,Transaction tx176260 completed in 1821ms,E104,Transaction {tx} completed in {time}ms
52722,2026-01-13,17:33:09,INFO,AuthService,User u2965 login successful,E101,User {user} login successful
52723,2026-01-13,17:45:55,INFO,WebServer,Transaction tx872490 completed in 1785ms,E104,Transaction {tx} completed in {time}ms
52724,2026-01-13,17:55:53,INFO,InventoryDB,User u2256 login successful,E101,User {user} login successful
52725,2026-01-13,17:56:24,INFO,WebServer,Health check passed: WebServer,E102,Health check passed: {service}
52726,2026-01-13,17:59:36,INFO,WebServer,Health check passed: WebServer,E102,Health check passed: {service}
52727,2026-01-13,17:59:12,INFO,WebServer,Transaction tx820234 completed in 1457ms,E104,Transaction {tx} completed in {time}ms
52728,2026-01-13,17:00:58,INFO,WebServer,Transaction tx163234 completed in 1785ms,E104,Transaction {tx} completed in {time}ms
52729,2026-01-13,17:56:26,INFO,WebServer,Page view: /home by u4076,E103,Page view: {page} by {user}
52730,2026-01-13,17:48:26,INFO,AuthService,User u1590 login successful,E101,User {user} login successful
52731,2026-01-13,17:25:21,INFO,WebServer,Page view: /home by u3392,E103,Page view: {page} by {user}
52732,2026-01-13,17:07:24,INFO,InventoryDB,Health check passed: InventoryDB,E102,Health check passed: {service}
52733,2026-01-13,17:11:07,INFO,WebServer,User u2487 login successful,E101,User {user} login successful
52734,2026-01-13,17:14:18,INFO,WebServer,Page view: /home by u2714,E103,Page view: {page} by {user}
52735,2026-01-13,17:28:41,INFO,WebServer,Health check passed: WebServer,E102,Health check passed: {service}
52736,2026-01-13,17:07:43,INFO,WebServer,Page view: /home by u3952,E103,Page view: {page} by {user}
52737,2026-01-13,17:04:06,INFO,WebServer,Transaction tx448025 completed in 434ms,E104,Transaction {tx} completed in {time}ms
52738,2026-01-13,17:52:05,INFO,PaymentGateway,Transaction tx753669 completed in 217ms,E104,Transaction {tx} completed in {time}ms
52739,2026-01-13,17:56:51,INFO,WebServer,Page view: /home by u1331,E103,Page view: {page} by {user}
52740,2026-01-13,17:50:50,INFO,PaymentGateway,Transaction tx626427 completed in 310ms,E104,Transaction {tx} completed in {time}ms
52741,2026-01-13,17:28:40,INFO,OrderProcessor,Transaction tx297412 completed in 1208ms,E104,Transaction {tx} completed in {time}ms
52742,2026-01-13,17:31:18,INFO,WebServer,Transaction tx488959 completed in 100ms,E104,Transaction {tx} completed in {time}ms
52743,2026-01-13,17:08:07,INFO,WebServer,User u1472 login successful,E101,User {user} login successful
52744,2026-01-13,17:24:24,INFO,WebServer,Page view: /home by u3523,E103,Page view: {page} by {user}
52745,2026-01-13,17:35:04,INFO,WebServer,User u2003 login successful,E101,User {user} login successful
52746,2026-01-13,17:31:42,INFO,WebServer,Health check passed: WebServer,E102,Health check passed: {service}
52747,2026-01-13,17:59:44,INFO,WebServer,Transaction tx469333 completed in 509ms,E104,Transaction {tx} completed in {time}ms
52748,2026-01-13,17:45:56,INFO,OrderProcessor,Transaction tx907012 completed in 277ms,E104,Transaction {tx} completed in {time}ms
52749,2026-01-13,17:28:24,INFO,OrderProcessor,Health check passed: OrderProcessor,E102,Health check passed: {service}
52750,2026-01-13,17:30:12,INFO,PaymentGateway,User u3170 login successful,E101,User {user} login successful
52751,2026-01-13,17:51:53,INFO,WebServer,Transaction tx914347 completed in 1375ms,E104,Transaction {tx} completed in {time}ms
52752,2026-01-13,17:41:46,INFO,AuthService,Page view: /home by u1623,E103,Page view: {page} by {user}
52753,2026-01-13,17:17:29,INFO,AuthService,Health check passed: AuthService,E102,Health check passed: {service}
52754,2026-01-13,17:31:54,INFO,AuthService,Health check passed: AuthService,E102,Health check passed: {service}
52755,2026-01-13,17:23:38,WARN,AuthService,Disk usage > 85% on node node-5,E202,Disk usage > 85% on node {node}
52756,2026-01-13,17:49:37,INFO,OrderProcessor,Page view: /home by u1967,E103,Page view: {page} by {user}
52757,2026-01-13,17:45:08,INFO,OrderProcessor,Page view: /home by u4750,E103,Page view: {page} by {user}
52758,2026-01-13,17:01:51,INFO,WebServer,Page view: /home by u4122,E103,Page view: {page} by {user}
52759,2026-01-13,17:59:17,INFO,OrderProcessor,Health check passed: OrderProcessor,E102,Health check passed: {service}
52760,2026-01-13,17:23:25,INFO,AuthService,Page view: /home by u2457,E103,Page view: {page} by {user}
52761,2026-01-13,17:59:28,INFO,WebServer,User u1801 login successful,E101,User {user} login successful
52762,2026-01-13,17:44:06,INFO,PaymentGateway,User u3446 login successful,E101,User {user} login successful
52763,2026-01-13,17:06:51,INFO,WebServer,Transaction tx932915 completed in 1832ms,E104,Transaction {tx} completed in {time}ms
52764,2026-01-13,17:37:23,INFO,WebServer,User u2414 login successful,E101,User {user} login successful
52765,2026-01-13,17:19:03,INFO,WebServer,Page view: /home by u4373,E103,Page view: {page} by {user}
52766,2026-01-13,17:51:40,WARN,WebServer,Unauthorized access attempt from 10.0.0.88,E401,Unauthorized access attempt from {ip}
52767,2026-01-13,17:20:45,INFO,WebServer,User u3383 login successful,E101,User {user} login successful
52768,2026-01-13,17:50:49,INFO,OrderProcessor,Health check passed: OrderProcessor,E102,Health check passed: {service}
52769,2026-01-13,17:09:15,INFO,WebServer,Health check passed: WebServer,E102,Health check passed: {service}
52770,2026-01-13,17:38:48,INFO,OrderProcessor,User u3632 login successful,E101,User {user} login successful
52771,2026-01-13,17:25:29,INFO,WebServer,Transaction tx833807 completed in 1920ms,E104,Transaction {tx} completed in {time}ms
52772,2026-01-13,17:48:29,INFO,WebServer,User u4076 login successful,E101,User {user} login successful
52773,2026-01-13,17:31:21,INFO,WebServer,Health check passed: WebServer,E102,Health check passed: {service}
52774,2026-01-13,17:39:52,WARN,AuthService,High latency (103ms) detected on AuthService,E201,High latency ({time}ms) detected on {service}
52775,2026-01-13,17:12:14,INFO,WebServer,Transaction tx461269 completed in 517ms,E104,Transaction {tx} completed in {time}ms
52776,2026-01-13,17:30:54,INFO,WebServer,Health check passed: WebServer,E102,Health check passed: {service}
52777,2026-01-13,17:10:37,INFO,WebServer,Health check passed: WebServer,E102,Health check passed: {service}
52778,2026-01-13,17:14:34,INFO,PaymentGateway,Health check passed: PaymentGateway,E102,Health check passed: {service}
52779,2026-01-13,17:23:00,INFO,OrderProcessor,Page view: /home by u1360,E103,Page view: {page} by {user}
52780,2026-01-13,17:10:44,INFO,AuthService,Transaction tx524950 completed in 77ms,E104,Transaction {tx} completed in {time}ms
52781,2026-01-13,17:34:32,INFO,PaymentGateway,Health check passed: PaymentGateway,E102,Health check passed: {service}
52782,2026-01-13,17:57:21,INFO,WebServer,Page view: /home by u1195,E103,Page view: {page} by {user}
52783,2026-01-13,17:19:43,INFO,WebServer,User u1879 login successful,E101,User {user} login successful
52784,2026-01-13,17:23:32,WARN,WebServer,Disk usage > 85% on node node-5,E202,Disk usage > 85% on node {node}
52785,2026-01-13,17:42:14,WARN,WebServer,Disk usage > 85% on node node-1,E202,Disk usage > 85% on node {node}
52786,2026-01-13,17:39:10,INFO,WebServer,User u4833 login successful,E101,User {user} login successful
52787,2026-01-13,17:30:13,INFO,WebServer,Health check passed: WebServer,E102,Health check passed: {service}
52788,2026-01-13,17:49:19,INFO,AuthService,Health check passed: AuthService,E102,Health check passed: {service}
52789,2026-01-13,17:53:14,INFO,OrderProcessor,Transaction tx926030 completed in 1171ms,E104,Transaction {tx} completed in {time}ms
52790,2026-01-13,17:44:30,INFO,WebServer,Page view: /home by u4935,E103,Page view: {page} by {user}
52791,2026-01-13,17:29:21,INFO,OrderProcessor,Page view: /home by u1523,E103,Page view: {page} by {user}
52792,2026-01-13,17:46:36,INFO,WebServer,Health check passed: WebServer,E102,Health check passed: {service}
52793,2026-01-13,17:31:12,INFO,WebServer,Health check passed: WebServer,E102,Health check passed: {service}
52794,2026-01-13,17:47:40,WARN,WebServer,High latency (1148ms) detected on WebServer,E201,High latency ({time}ms) detected on {service}
52795,2026-01-13,17:53:05,INFO,WebServer,Health check passed: WebServer,E102,Health check passed: {service}
52796,2026-01-13,17:44:54,INFO,PaymentGateway,Page view: /home by u4613,E103,Page view: {page} by {user}
52797,2026-01-13,17:06:36,INFO,OrderProcessor,Page view: /home by u4995,E103,Page view: {page} by {user}
52798,2026-01-13,17:27:17,INFO,WebServer,User u1850 login successful,E101,User {user} login successful
52799,2026-01-13,17:51:00,INFO,WebServer,Transaction tx393586 completed in 1081ms,E104,Transaction {tx} completed in {time}ms
52800,2026-01-13,17:08:43,INFO,WebServer,Page view: /home by u2246,E103,Page view: {page} by {user}
52801,2026-01-13,17:16:14,INFO,OrderProcessor,Transaction tx458773 completed in 1996ms,E104,Transaction {tx} completed in {time}ms
52802,2026-01-13,17:13:07,INFO,WebServer,Health check passed: WebServer,E102,Health check passed: {service}
52803,2026-01-13,17:25:53,INFO,WebServer,Health check passed: WebServer,E102,Health check passed: {service}
52804,2026-01-13,17:45:05,INFO,AuthService,Transaction tx822479 completed in 965ms,E104,Transaction {tx} completed in {time}ms
52805,2026-01-13,17:10:04,INFO,AuthService,Health check passed: AuthService,E102,Health check passed: {service}
52806,2026-01-13,17:39:57,INFO,WebServer,Page view: /home by u4681,E103,Page view: {page} by {user}
52807,2026-01-13,17:39:11,INFO,WebServer,Health check passed: WebServer,E102,Health check passed: {service}
52808,2026-01-13,17:37:36,INFO,WebServer,Transaction tx647418 completed in 1603ms,E104,Transaction {tx} completed in {time}ms
52809,2026-01-13,17:07:29,INFO,WebServer,User u4262 login successful,E101,User {user} login successful
52810,2026-01-13,17:57:48,INFO,WebServer,Page view: /home by u4717,E103,Page view: {page} by {user}
52811,2026-01-13,17:01:10,INFO,WebServer,Page view: /home by u2926,E103,Page view: {page} by {user}
52812,2026-01-13,17:15:52,INFO,AuthService,Transaction tx160083 completed in 1172ms,E104,Transaction {tx} completed in {time}ms
52813,2026-01-13,17:00:44,INFO,WebServer,User u3508 login successful,E101,User {user} login successful
52814,2026-01-13,17:15:59,INFO,AuthService,Page view: /home by u2365,E103,Page view: {page} by {user}
52815,2026-01-13,17:27:58,INFO,OrderProcessor,Transaction tx740802 completed in 902ms,E104,Transaction {tx} completed in {time}ms
52816,2026-01-13,17:40:31,INFO,WebServer,User u4938 login successful,E101,User {user} login successful
52817,2026-01-13,17:20:36,INFO,WebServer,Page view: /home by u3371,E103,Page view: {page} by {user}
52818,2026-01-13,17:35:20,INFO,WebServer,Transaction tx158150 completed in 499ms,E104,Transaction {tx} completed in {time}ms
52819,2026-01-13,17:06:03,INFO,OrderProcessor,Page view: /home by u4926,E103,Page view: {page} by {user}
52820,2026-01-13,17:28:11,INFO,PaymentGateway,Page view: /home by u4019,E103,Page view: {page} by {user}
52821,2026-01-13,17:44:03,INFO,OrderProcessor,User u4944 login successful,E101,User {user} login successful
52822,2026-01-13,17:13:02,INFO,WebServer,Health check passed: WebServer,E102,Health check passed: {service}
52823,2026-01-13,17:08:41,INFO,AuthService,Page view: /home by u4947,E103,Page view: {page} by {user}
52824,2026-01-13,17:07:56,INFO,PaymentGateway,Transaction tx664247 completed in 1915ms,E104,Transaction {tx} completed in {time}ms
52825,2026-01-13,18:27:34,INFO,WebServer,Transaction tx299418 completed in 723ms,E104,Transaction {tx} completed in {time}ms
52826,2026-01-13,18:02:40,INFO,WebServer,Page view: /home by u2069,E103,Page view: {page} by {user}
52827,2026-01-13,18:14:26,INFO,AuthService,User u4480 login successful,E101,User {user} login successful
52828,2026-01-13,18:57:39,INFO,WebServer,Page view: /home by u2297,E103,Page view: {page} by {user}
52829,2026-01-13,18:22:04,INFO,WebServer,Transaction tx571653 completed in 956ms,E104,Transaction {tx} completed in {time}ms
52830,2026-01-13,18:55:28,INFO,WebServer,Transaction tx954547 completed in 194ms,E104,Transaction {tx} completed in {time}ms
52831,2026-01-13,18:30:49,INFO,WebServer,User u2670 login successful,E101,User {user} login successful
52832,2026-01-13,18:48:33,INFO,AuthService,User u4615 login successful,E101,User {user} login successful
52833,2026-01-13,18:33:57,WARN,WebServer,High latency (740ms) detected on WebServer,E201,High latency ({time}ms) detected on {service}
52834,2026-01-13,18:16:39,INFO,WebServer,Page view: /home by u4410,E103,Page view: {page} by {user}
52835,2026-01-13,18:12:19,INFO,OrderProcessor,User u2212 login successful,E101,User {user} login successful
52836,2026-01-13,18:49:43,INFO,WebServer,Health check passed: WebServer,E102,Health check passed: {service}
52837,2026-01-13,18:35:50,ERROR,WebServer,Connection refused to WebServer at 10.0.0.10,E501,Connection refused to {service} at {ip}
52838,2026-01-13,18:43:38,INFO,WebServer,Health check passed: WebServer,E102,Health check passed: {service}
52839,2026-01-13,18:30:52,INFO,AuthService,Page view: /home by u4884,E103,Page view: {page} by {user}
52840,2026-01-13,18:26:41,INFO,OrderProcessor,Page view: /home by u2358,E103,Page view: {page} by {user}
52841,2026-01-13,18:22:08,INFO,WebServer,Page view: /home by u2528,E103,Page view: {page} by {user}
52842,2026-01-13,18:54:00,INFO,PaymentGateway,User u1210 login successful,E101,User {user} login successful
52843,2026-01-13,18:55:34,INFO,WebServer,Transaction tx491107 completed in 1946ms,E104,Transaction {tx} completed in {time}ms
52844,2026-01-13,18:54:06,WARN,PaymentGateway,High latency (1341ms) detected on PaymentGateway,E201,High latency ({time}ms) detected on {service}
52845,2026-01-13,18:02:09,WARN,AuthService,Disk usage > 85% on node node-4,E202,Disk usage > 85% on node {node}
52846,2026-01-13,18:01:56,INFO,AuthService,Page view: /home by u3201,E103,Page view: {page} by {user}
52847,2026-01-13,18:49:42,INFO,WebServer,Page view: /home by u2188,E103,Page view: {page} by {user}
52848,2026-01-13,18:36:52,INFO,PaymentGateway,Page view: /home by u4353,E103,Page view: {page} by {user}
52849,2026-01-13,18:22:48,INFO,WebServer,Transaction tx626441 completed in 240ms,E104,Transaction {tx} completed in {time}ms
52850,2026-01-13,18:05:49,INFO,AuthService,Transaction tx252916 completed in 1388ms,E104,Transaction {tx} completed in {time}ms
52851,2026-01-13,18:26:27,WARN,WebServer,High latency (1338ms) detected on WebServer,E201,High latency ({time}ms) detected on {service}
52852,2026-01-13,18:21:54,INFO,WebServer,Page view: /home by u1062,E103,Page view: {page} by {user}
52853,2026-01-13,18:15:33,INFO,InventoryDB,User u2364 login successful,E101,User {user} login successful
52854,2026-01-13,18:10:41,INFO,WebServer,Transaction tx318683 completed in 1258ms,E104,Transaction {tx} completed in {time}ms
52855,2026-01-13,18:23:40,INFO,AuthService,Page view: /home by u2279,E103,Page view: {page} by {user}
52856,2026-01-13,18:43:35,INFO,WebServer,Transaction tx832463 completed in 615ms,E104,Transaction {tx} completed in {time}ms
52857,2026-01-13,18:02:16,INFO,WebServer,Transaction tx452712 completed in 1946ms,E104,Transaction {tx} completed in {time}ms
52858,2026-01-13,18:27:48,INFO,WebServer,User u3629 login successful,E101,User {user} login successful
52859,2026-01-13,18:50:34,INFO,InventoryDB,User u4094 login successful,E101,User {user} login successful
52860,2026-01-13,18:03:32,INFO,AuthService,Health check passed: AuthService,E102,Health check passed: {service}
52861,2026-01-13,18:25:07,WARN,AuthService,Disk usage > 85% on node node-1,E202,Disk usage > 85% on node {node}
52862,2026-01-13,18:25:23,INFO,WebServer,Health check passed: WebServer,E102,Health check passed: {service}
52863,2026-01-13,18:27:58,INFO,AuthService,Page view: /home by u1406,E103,Page view: {page} by {user}
52864,2026-01-13,18:53:14,INFO,AuthService,User u2666 login successful,E101,User {user} login successful
52865,2026-01-13,18:49:47,INFO,WebServer,Transaction tx485574 completed in 770ms,E104,Transaction {tx} completed in {time}ms
52866,2026-01-13,18:01:16,INFO,WebServer,User u4934 login successful,E101,User {user} login successful
52867,2026-01-13,18:12:50,INFO,WebServer,User u1032 login successful,E101,User {user} login successful
52868,2026-01-13,18:12:24,INFO,AuthService,Page view: /home by u2466,E103,Page view: {page} by {user}
52869,2026-01-13,18:56:18,INFO,PaymentGateway,User u3269 login successful,E101,User {user} login successful
52870,2026-01-13,18:25:16,INFO,InventoryDB,Health check passed: InventoryDB,E102,Health check passed: {service}
52871,2026-01-13,18:48:23,INFO,AuthService,Health check passed: AuthService,E102,Health check passed: {service}
52872,2026-01-13,18:39:55,INFO,WebServer,User u4066 login successful,E101,User {user} login successful
52873,2026-01-13,18:48:11,WARN,OrderProcessor,Disk usage > 85% on node node-4,E202,Disk usage > 85% on node {node}
52874,2026-01-13,18:59:57,INFO,AuthService,Health check passed: AuthService,E102,Health check passed: {service}
52875,2026-01-13,18:53:17,WARN,AuthService,High latency (141ms) detected on AuthService,E201,High latency ({time}ms) detected on {service}
52876,2026-01-13,18:09:07,INFO,AuthService,User u1391 login successful,E101,User {user} login successful
52877,2026-01-13,18:24:39,INFO,WebServer,Page view: /home by u4750,E103,Page view: {page} by {user}
52878,2026-01-13,18:46:12,INFO,WebServer,Transaction tx888884 completed in 690ms,E104,Transaction {tx} completed in {time}ms
52879,2026-01-13,18:59:48,INFO,WebServer,Health check passed: WebServer,E102,Health check passed: {service}
52880,2026-01-13,18:24:34,INFO,WebServer,Page view: /home by u1079,E103,Page view: {page} by {user}
52881,2026-01-13,18:15:27,INFO,WebServer,Health check passed: WebServer,E102,Health check passed: {service}
52882,2026-01-13,18:14:19,INFO,AuthService,Health check passed: AuthService,E102,Health check passed: {service}
52883,2026-01-13,18:50:25,INFO,InventoryDB,Health check passed: InventoryDB,E102,Health check passed: {service}
52884,2026-01-13,18:44:49,ERROR,AuthService,Connection refused to AuthService at 10.0.0.12,E501,Connection refused to {service} at {ip}
52885,2026-01-13,18:09:15,INFO,WebServer,Transaction tx445384 completed in 1855ms,E104,Transaction {tx} completed in {time}ms
52886,2026-01-13,18:14:21,INFO,PaymentGateway,Health check passed: PaymentGateway,E102,Health check passed: {service}
52887,2026-01-13,18:13:56,CRITICAL,OrderProcessor,KERNEL PANIC: Node node-4 crashed,E601,KERNEL PANIC: Node {node} crashed
52888,2026-01-13,18:06:40,INFO,WebServer,User u1915 login successful,E101,User {user} login successful
52889,2026-01-13,18:58:57,INFO,WebServer,Transaction tx452269 completed in 872ms,E104,Transaction {tx} completed in {time}ms
52890,2026-01-13,18:10:07,INFO,WebServer,Health check passed: WebServer,E102,Health check passed: {service}
52891,2026-01-13,18:59:43,INFO,WebServer,Health check passed: WebServer,E102,Health check passed: {service}
52892,2026-01-13,18:55:57,INFO,AuthService,Health check passed: AuthService,E102,Health check passed: {service}
52893,2026-01-13,18:58:02,WARN,WebServer,Unauthorized access attempt from 10.0.0.12,E401,Unauthorized access attempt from {ip}
52894,2026-01-13,18:55:58,INFO,PaymentGateway,Transaction tx393763 completed in 1758ms,E104,Transaction {tx} completed in {time}ms
52895,2026-01-13,18:16:30,INFO,OrderProcessor,User u2055 login successful,E101,User {user} login successful
52896,2026-01-13,18:18:47,INFO,AuthService,Transaction tx339252 completed in 1765ms,E104,Transaction {tx} completed in {time}ms
52897,2026-01-13,18:49:19,INFO,WebServer,Health check passed: WebServer,E102,Health check passed: {service}
52898,2026-01-13,18:26:12,INFO,WebServer,User u1651 login successful,E101,User {user} login successful
52899,2026-01-13,18:37:43,INFO,OrderProcessor,Page view: /home by u3533,E103,Page view: {page} by {user}
52900,2026-01-13,18:13:09,INFO,AuthService,User u3902 login successful,E101,User {user} login successful
52901,2026-01-13,18:16:01,INFO,WebServer,User u3614 login successful,E101,User {user} login successful
52902,2026-01-13,18:25:31,INFO,InventoryDB,Page view: /home by u3380,E103,Page view: {page} by {user}
52903,2026-01-13,18:11:06,INFO,InventoryDB,User u3163 login successful,E101,User {user} login successful
52904,2026-01-13,18:50:18,INFO,WebServer,Transaction tx788902 completed in 1873ms,E104,Transaction {tx} completed in {time}ms
52905,2026-01-13,18:02:43,INFO,WebServer,Transaction tx978698 completed in 1463ms,E104,Transaction {tx} completed in {time}ms
52906,2026-01-13,18:48:23,INFO,WebServer,User u2706 login successful,E101,User {user} login successful
52907,2026-01-13,18:38:32,INFO,WebServer,Health check passed: WebServer,E102,Health check passed: {service}
52908,2026-01-13,18:15:23,INFO,WebServer,User u2923 login successful,E101,User {user} login successful
52909,2026-01-13,18:34:13,INFO,AuthService,Page view: /home by u3636,E103,Page view: {page} by {user}
52910,2026-01-13,18:48:27,INFO,PaymentGateway,User u3536 login successful,E101,User {user} login successful
52911,2026-01-13,18:04:36,INFO,PaymentGateway,User u4642 login successful,E101,User {user} login successful
52912,2026-01-13,18:01:03,INFO,OrderProcessor,Transaction tx126681 completed in 1322ms,E104,Transaction {tx} completed in {time}ms
52913,2026-01-13,18:16:33,INFO,AuthService,Transaction tx938722 completed in 840ms,E104,Transaction {tx} completed in {time}ms
52914,2026-01-13,18:19:30,INFO,AuthService,Health check passed: AuthService,E102,Health check passed: {service}
52915,2026-01-13,18:03:55,INFO,WebServer,Page view: /home by u1353,E103,Page view: {page} by {user}
52916,2026-01-13,18:37:15,INFO,WebServer,Page view: /home by u2170,E103,Page view: {page} by {user}
52917,2026-01-13,18:36:02,INFO,WebServer,Transaction tx470525 completed in 1386ms,E104,Transaction {tx} completed in {time}ms
52918,2026-01-13,18:55:48,INFO,PaymentGateway,Transaction tx601800 completed in 1317ms,E104,Transaction {tx} completed in {time}ms
52919,2026-01-13,18:40:46,INFO,WebServer,User u3802 login successful,E101,User {user} login successful
52920,2026-01-13,18:58:15,INFO,WebServer,Health check passed: WebServer,E102,Health check passed: {service}
52921,2026-01-13,18:43:40,WARN,OrderProcessor,Unauthorized access attempt from 10.0.0.88,E401,Unauthorized access attempt from {ip}
52922,2026-01-13,18:15:10,INFO,WebServer,Page view: /home by u2541,E103,Page view: {page} by {user}
52923,2026-01-13,18:10:01,INFO,WebServer,Transaction tx418010 completed in 893ms,E104,Transaction {tx} completed in {time}ms
52924,2026-01-13,18:50:18,INFO,WebServer,Page view: /home by u3715,E103,Page view: {page} by {user}
52925,2026-01-13,18:28:47,INFO,WebServer,User u1874 login successful,E101,User {user} login successful
52926,2026-01-13,18:10:59,INFO,OrderProcessor,Transaction tx845045 completed in 175ms,E104,Transaction {tx} completed in {time}ms
52927,2026-01-13,18:26:20,INFO,AuthService,Page view: /home by u3711,E103,Page view: {page} by {user}
52928,2026-01-13,18:34:45,INFO,WebServer,Health check passed: WebServer,E102,Health check passed: {service}
52929,2026-01-13,18:08:18,INFO,OrderProcessor,Transaction tx741723 completed in 1559ms,E104,Transaction {tx} completed in {time}ms
52930,2026-01-13,18:38:29,INFO,WebServer,Page view: /home by u4362,E103,Page view: {page} by {user}
52931,2026-01-13,18:27:33,INFO,WebServer,Transaction tx356206 completed in 1191ms,E104,Transaction {tx} completed in {time}ms
52932,2026-01-13,18:55:54,INFO,AuthService,Health check passed: AuthService,E102,Health check passed: {service}
52933,2026-01-13,18:42:59,INFO,WebServer,Page view: /home by u3516,E103,Page view: {page} by {user}
52934,2026-01-13,18:35:58,INFO,WebServer,User u3081 login successful,E101,User {user} login successful
52935,2026-01-13,18:09:36,WARN,WebServer,High latency (635ms) detected on WebServer,E201,High latency ({time}ms) detected on {service}
52936,2026-01-13,18:07:12,INFO,WebServer,Page view: /home by u4329,E103,Page view: {page} by {user}
52937,2026-01-13,18:14:24,INFO,WebServer,Page view: /home by u3760,E103,Page view: {page} by {user}
52938,2026-01-13,18:38:14,INFO,AuthService,Page view: /home by u2381,E103,Page view: {page} by {user}
52939,2026-01-13,18:13:29,INFO,WebServer,Health check passed: WebServer,E102,Health check passed: {service}
52940,2026-01-13,18:58:03,INFO,WebServer,User u1784 login successful,E101,User {user} login successful
52941,2026-01-13,18:58:55,INFO,AuthService,Page view: /home by u2972,E103,Page view: {page} by {user}
52942,2026-01-13,18:01:56,INFO,OrderProcessor,Page view: /home by u3806,E103,Page view: {page} by {user}
52943,2026-01-13,18:36:32,INFO,WebServer,User u1677 login successful,E101,User {user} login successful
52944,2026-01-13,18:22:49,INFO,WebServer,Page view: /home by u2365,E103,Page view: {page} by {user}
52945,2026-01-13,18:05:00,INFO,AuthService,Page view: /home by u1813,E103,Page view: {page} by {user}
52946,2026-01-13,18:16:29,INFO,AuthService,Transaction tx106195 completed in 99ms,E104,Transaction {tx} completed in {time}ms
52947,2026-01-13,18:43:29,INFO,AuthService,User u2509 login successful,E101,User {user} login successful
52948,2026-01-13,18:21:13,INFO,OrderProcessor,Health check passed: OrderProcessor,E102,Health check passed: {service}
52949,2026-01-13,18:16:38,INFO,WebServer,Page view: /home by u2639,E103,Page view: {page} by {user}
52950,2026-01-13,18:47:09,INFO,PaymentGateway,User u4096 login successful,E101,User {user} login successful
52951,2026-01-13,18:36:42,INFO,WebServer,Health check passed: WebServer,E102,Health check passed: {service}
52952,2026-01-13,18:58:39,INFO,WebServer,Page view: /home by u4109,E103,Page view: {page} by {user}
52953,2026-01-13,18:58:58,WARN,WebServer,High latency (856ms) detected on WebServer,E201,High latency ({time}ms) detected on {service}
52954,2026-01-13,18:07:12,INFO,AuthService,Health check passed: AuthService,E102,Health check passed: {service}
52955,2026-01-13,18:59:02,WARN,AuthService,Disk usage > 85% on node node-3,E202,Disk usage > 85% on node {node}
52956,2026-01-13,18:53:59,INFO,InventoryDB,Health check passed: InventoryDB,E102,Health check passed: {service}
52957,2026-01-13,18:50:08,INFO,WebServer,Health check passed: WebServer,E102,Health check passed: {service}
52958,2026-01-13,18:52:44,INFO,WebServer,Health check passed: WebServer,E102,Health check passed: {service}
52959,2026-01-13,18:22:13,INFO,PaymentGateway,Transaction tx685388 completed in 978ms,E104,Transaction {tx} completed in {time}ms
52960,2026-01-13,18:58:19,INFO,WebServer,User u2213 login successful,E101,User {user} login successful
52961,2026-01-13,18:54:09,INFO,WebServer,Transaction tx711078 completed in 1062ms,E104,Transaction {tx} completed in {time}ms
52962,2026-01-13,18:21:18,INFO,PaymentGateway,Transaction tx915152 completed in 1476ms,E104,Transaction {tx} completed in {time}ms
52963,2026-01-13,18:52:50,WARN,WebServer,High latency (1482ms) detected on WebServer,E201,High latency ({time}ms) detected on {service}
52964,2026-01-13,18:24:10,INFO,AuthService,Transaction tx900694 completed in 181ms,E104,Transaction {tx} completed in {time}ms
52965,2026-01-13,18:07:30,INFO,WebServer,Health check passed: WebServer,E102,Health check passed: {service}
52966,2026-01-13,18:26:53,INFO,WebServer,Health check passed: WebServer,E102,Health check passed: {service}
52967,2026-01-13,18:48:58,INFO,AuthService,User u4430 login successful,E101,User {user} login successful
52968,2026-01-13,18:21:56,INFO,InventoryDB,User u3305 login successful,E101,User {user} login successful
52969,2026-01-13,18:38:19,INFO,AuthService,Page view: /home by u2478,E103,Page view: {page} by {user}
52970,2026-01-13,18:09:05,ERROR,WebServer,Payment declined: Gateway unavailable,E503,Payment declined: Gateway unavailable
52971,2026-01-13,18:09:14,WARN,WebServer,High latency (674ms) detected on WebServer,E201,High latency ({time}ms) detected on {service}
52972,2026-01-13,18:01:46,INFO,AuthService,Health check passed: AuthService,E102,Health check passed: {service}
52973,2026-01-13,18:48:19,INFO,InventoryDB,Health check passed: InventoryDB,E102,Health check passed: {service}
52974,2026-01-13,18:52:07,INFO,WebServer,Health check passed: WebServer,E102,Health check passed: {service}
52975,2026-01-13,18:01:52,INFO,PaymentGateway,Health check passed: PaymentGateway,E102,Health check passed: {service}
52976,2026-01-13,18:35:01,INFO,OrderProcessor,Page view: /home by u4197,E103,Page view: {page} by {user}
52977,2026-01-13,18:47:58,INFO,WebServer,Transaction tx354210 completed in 1492ms,E104,Transaction {tx} completed in {time}ms
52978,2026-01-13,18:51:57,WARN,OrderProcessor,Disk usage > 85% on node node-4,E202,Disk usage > 85% on node {node}
52979,2026-01-13,18:34:18,INFO,OrderProcessor,User u3379 login successful,E101,User {user} login successful
52980,2026-01-13,18:23:55,INFO,WebServer,Transaction tx488238 completed in 1787ms,E104,Transaction {tx} completed in {time}ms
52981,2026-01-13,18:18:12,INFO,PaymentGateway,User u3365 login successful,E101,User {user} login successful
52982,2026-01-13,18:22:25,INFO,OrderProcessor,User u3310 login successful,E101,User {user} login successful
52983,2026-01-13,18:53:51,INFO,WebServer,User u4526 login successful,E101,User {user} login successful
52984,2026-01-13,18:34:08,INFO,WebServer,User u4077 login successful,E101,User {user} login successful
52985,2026-01-13,18:50:48,INFO,PaymentGateway,Health check passed: PaymentGateway,E102,Health check passed: {service}
52986,2026-01-13,18:56:07,INFO,OrderProcessor,Page view: /home by u2851,E103,Page view: {page} by {user}
52987,2026-01-13,18:53:05,INFO,WebServer,Transaction tx123053 completed in 51ms,E104,Transaction {tx} completed in {time}ms
52988,2026-01-13,18:20:21,INFO,AuthService,Health check passed: AuthService,E102,Health check passed: {service}
52989,2026-01-13,18:44:48,INFO,AuthService,Page view: /home by u4792,E103,Page view: {page} by {user}
52990,2026-01-13,18:28:35,INFO,WebServer,Health check passed: WebServer,E102,Health check passed: {service}
52991,2026-01-13,18:29:31,INFO,WebServer,User u3115 login successful,E101,User {user} login successful
52992,2026-01-13,18:18:37,INFO,OrderProcessor,Page view: /home by u3625,E103,Page view: {page} by {user}
52993,2026-01-13,18:56:13,INFO,WebServer,Transaction tx339664 completed in 1091ms,E104,Transaction {tx} completed in {time}ms
52994,2026-01-13,18:22:53,INFO,WebServer,Health check passed: WebServer,E102,Health check passed: {service}
52995,2026-01-13,18:09:42,INFO,PaymentGateway,User u1280 login successful,E101,User {user} login successful
52996,2026-01-13,18:31:25,INFO,AuthService,Transaction tx106791 completed in 467ms,E104,Transaction {tx} completed in {time}ms
52997,2026-01-13,18:40:06,ERROR,AuthService,Timeout waiting for lock on InventoryDB,E502,Timeout waiting for lock on {db}
52998,2026-01-13,18:34:47,INFO,WebServer,Page view: /home by u3855,E103,Page view: {page} by {user}
52999,2026-01-13,18:12:28,INFO,WebServer,Page view: /home by u3378,E103,Page view: {page} by {user}
53000,2026-01-13,18:59:25,INFO,WebServer,Transaction tx910650 completed in 1438ms,E104,Transaction {tx} completed in {time}ms
53001,2026-01-13,18:45:14,INFO,AuthService,User u2488 login successful,E101,User {user} login successful
53002,2026-01-13,18:30:49,INFO,WebServer,Health check passed: WebServer,E102,Health check passed: {service}
53003,2026-01-13,18:17:03,INFO,InventoryDB,User u2918 login successful,E101,User {user} login successful
53004,2026-01-13,18:05:43,INFO,PaymentGateway,Page view: /home by u1175,E103,Page view: {page} by {user}
53005,2026-01-13,18:29:09,INFO,AuthService,Transaction tx683493 completed in 109ms,E104,Transaction {tx} completed in {time}ms
53006,2026-01-13,18:46:56,INFO,WebServer,Health check passed: WebServer,E102,Health check passed: {service}
53007,2026-01-13,18:43:54,INFO,WebServer,Transaction tx640015 completed in 387ms,E104,Transaction {tx} completed in {time}ms
53008,2026-01-13,18:41:56,INFO,WebServer,Page view: /home by u3942,E103,Page view: {page} by {user}
53009,2026-01-13,18:58:32,INFO,AuthService,Transaction tx417509 completed in 34ms,E104,Transaction {tx} completed in {time}ms
53010,2026-01-13,18:12:04,INFO,AuthService,Page view: /home by u1410,E103,Page view: {page} by {user}
53011,2026-01-13,18:01:06,INFO,WebServer,Transaction tx889439 completed in 301ms,E104,Transaction {tx} completed in {time}ms
53012,2026-01-13,18:33:50,CRITICAL,PaymentGateway,KERNEL PANIC: Node node-5 crashed,E601,KERNEL PANIC: Node {node} crashed
53013,2026-01-13,18:53:44,INFO,OrderProcessor,User u4454 login successful,E101,User {user} login successful
53014,2026-01-13,18:51:06,INFO,WebServer,Transaction tx301994 completed in 84ms,E104,Transaction {tx} completed in {time}ms
53015,2026-01-13,18:39:50,INFO,PaymentGateway,Health check passed: PaymentGateway,E102,Health check passed: {service}
53016,2026-01-13,18:45:30,INFO,AuthService,Page view: /home by u2378,E103,Page view: {page} by {user}
53017,2026-01-13,18:36:37,INFO,WebServer,Transaction tx934510 completed in 1021ms,E104,Transaction {tx} completed in {time}ms
53018,2026-01-13,18:50:21,INFO,WebServer,Health check passed: WebServer,E102,Health check passed: {service}
53019,2026-01-13,18:17:16,INFO,OrderProcessor,User u3930 login successful,E101,User {user} login successful
53020,2026-01-13,18:40:13,INFO,AuthService,Health check passed: AuthService,E102,Health check passed: {service}
53021,2026-01-13,18:39:55,INFO,WebServer,Transaction tx168955 completed in 395ms,E104,Transaction {tx} completed in {time}ms
53022,2026-01-13,18:04:40,INFO,InventoryDB,Health check passed: InventoryDB,E102,Health check passed: {service}
53023,2026-01-13,18:02:26,INFO,OrderProcessor,Transaction tx879327 completed in 381ms,E104,Transaction {tx} completed in {time}ms
53024,2026-01-13,18:14:50,INFO,AuthService,Page view: /home by u3901,E103,Page view: {page} by {user}
53025,2026-01-13,18:41:44,ERROR,WebServer,Timeout waiting for lock on InventoryDB,E502,Timeout waiting for lock on {db}
53026,2026-01-13,18:09:54,INFO,WebServer,User u4684 login successful,E101,User {user} login successful
53027,2026-01-13,18:12:43,WARN,PaymentGateway,Unauthorized access attempt from 10.0.0.12,E401,Unauthorized access attempt from {ip}
53028,2026-01-13,18:25:44,WARN,OrderProcessor,High latency (1983ms) detected on OrderProcessor,E201,High latency ({time}ms) detected on {service}
53029,2026-01-13,18:51:05,INFO,PaymentGateway,Page view: /home by u1135,E103,Page view: {page} by {user}
53030,2026-01-13,18:29:29,INFO,AuthService,Transaction tx148287 completed in 1988ms,E104,Transaction {tx} completed in {time}ms
53031,2026-01-13,18:07:21,INFO,AuthService,Transaction tx528083 completed in 469ms,E104,Transaction {tx} completed in {time}ms
53032,2026-01-13,18:37:06,INFO,AuthService,User u4343 login successful,E101,User {user} login successful
53033,2026-01-13,18:14:23,WARN,OrderProcessor,Unauthorized access attempt from 10.0.0.45,E401,Unauthorized access attempt from {ip}
53034,2026-01-13,18:21:50,INFO,OrderProcessor,User u1655 login successful,E101,User {user} login successful
53035,2026-01-13,18:25:56,INFO,AuthService,Transaction tx910105 completed in 714ms,E104,Transaction {tx} completed in {time}ms
53036,2026-01-13,18:48:48,INFO,OrderProcessor,Page view: /home by u3895,E103,Page view: {page} by {user}
53037,2026-01-13,18:51:54,WARN,WebServer,High latency (1794ms) detected on WebServer,E201,High latency ({time}ms) detected on {service}
53038,2026-01-13,18:56:42,INFO,WebServer,User u1550 login successful,E101,User {user} login successful
53039,2026-01-13,18:23:33,INFO,OrderProcessor,User u3509 login successful,E101,User {user} login successful
53040,2026-01-13,18:14:05,WARN,AuthService,High latency (424ms) detected on AuthService,E201,High latency ({time}ms) detected on {service}
53041,2026-01-13,18:54:39,INFO,WebServer,User u4852 login successful,E101,User {user} login successful
53042,2026-01-13,18:27:31,INFO,AuthService,Transaction tx356549 completed in 1324ms,E104,Transaction {tx} completed in {time}ms
53043,2026-01-13,18:16:17,INFO,WebServer,Transaction tx383894 completed in 1193ms,E104,Transaction {tx} completed in {time}ms
53044,2026-01-13,18:30:23,INFO,AuthService,Page view: /home by u3205,E103,Page view: {page} by {user}
53045,2026-01-13,18:00:23,INFO,AuthService,User u2249 login successful,E101,User {user} login successful
53046,2026-01-13,18:54:44,INFO,WebServer,Health check passed: WebServer,E102,Health check passed: {service}
53047,2026-01-13,18:10:09,INFO,PaymentGateway,Transaction tx319857 completed in 640ms,E104,Transaction {tx} completed in {time}ms
53048,2026-01-13,18:03:17,INFO,AuthService,Health check passed: AuthService,E102,Health check passed: {service}
53049,2026-01-13,18:42:31,INFO,WebServer,Transaction tx896969 completed in 1179ms,E104,Transaction {tx} completed in {time}ms
53050,2026-01-13,18:20:51,INFO,AuthService,Page view: /home by u1006,E103,Page view: {page} by {user}
53051,2026-01-13,18:43:17,INFO,WebServer,Health check passed: WebServer,E102,Health check passed: {service}
53052,2026-01-13,18:56:51,INFO,PaymentGateway,User u1930 login successful,E101,User {user} login successful
53053,2026-01-13,18:53:29,INFO,AuthService,User u2681 login successful,E101,User {user} login successful
53054,2026-01-13,18:03:53,INFO,OrderProcessor,Page view: /home by u1184,E103,Page view: {page} by {user}
53055,2026-01-13,18:48:52,INFO,WebServer,User u1031 login successful,E101,User {user} login successful
53056,2026-01-13,18:25:05,INFO,WebServer,Page view: /home by u1105,E103,Page view: {page} by {user}
53057,2026-01-13,18:27:30,INFO,WebServer,Health check passed: WebServer,E102,Health check passed: {service}
53058,2026-01-13,18:14:19,INFO,PaymentGateway,Transaction tx733410 completed in 1634ms,E104,Transaction {tx} completed in {time}ms
53059,2026-01-13,18:32:48,INFO,WebServer,Transaction tx750522 completed in 287ms,E104,Transaction {tx} completed in {time}ms
53060,2026-01-13,18:02:05,INFO,WebServer,Page view: /home by u3811,E103,Page view: {page} by {user}
53061,2026-01-13,18:40:17,INFO,WebServer,Transaction tx593844 completed in 198ms,E104,Transaction {tx} completed in {time}ms
53062,2026-01-13,18:36:27,INFO,WebServer,Page view: /home by u3413,E103,Page view: {page} by {user}
53063,2026-01-13,18:53:44,INFO,WebServer,Transaction tx647324 completed in 143ms,E104,Transaction {tx} completed in {time}ms
53064,2026-01-13,18:46:33,INFO,WebServer,User u1990 login successful,E101,User {user} login successful
53065,2026-01-13,18:10:46,INFO,AuthService,Transaction tx254604 completed in 496ms,E104,Transaction {tx} completed in {time}ms
53066,2026-01-13,18:33:48,INFO,WebServer,Transaction tx118597 completed in 934ms,E104,Transaction {tx} completed in {time}ms
53067,2026-01-13,18:13:06,INFO,PaymentGateway,User u4805 login successful,E101,User {user} login successful
53068,2026-01-13,18:42:16,INFO,WebServer,Transaction tx937122 completed in 86ms,E104,Transaction {tx} completed in {time}ms
53069,2026-01-13,18:19:54,INFO,WebServer,User u4945 login successful,E101,User {user} login successful
53070,2026-01-13,18:23:58,INFO,WebServer,Health check passed: WebServer,E102,Health check passed: {service}
53071,2026-01-13,18:11:51,INFO,OrderProcessor,Transaction tx876546 completed in 852ms,E104,Transaction {tx} completed in {time}ms
53072,2026-01-13,18:29:06,INFO,AuthService,Health check passed: AuthService,E102,Health check passed: {service}
53073,2026-01-13,18:11:08,INFO,OrderProcessor,Page view: /home by u1683,E103,Page view: {page} by {user}
53074,2026-01-13,18:11:48,INFO,OrderProcessor,User u4074 login successful,E101,User {user} login successful
53075,2026-01-13,18:17:27,INFO,WebServer,Page view: /home by u4505,E103,Page view: {page} by {user}
53076,2026-01-13,18:13:17,INFO,WebServer,User u4291 login successful,E101,User {user} login successful
53077,2026-01-13,18:55:05,INFO,AuthService,Health check passed: AuthService,E102,Health check passed: {service}
53078,2026-01-13,18:05:57,INFO,WebServer,Page view: /home by u3187,E103,Page view: {page} by {user}
53079,2026-01-13,18:18:35,INFO,WebServer,Page view: /home by u1740,E103,Page view: {page} by {user}
53080,2026-01-13,18:43:21,INFO,OrderProcessor,Page view: /home by u2173,E103,Page view: {page} by {user}
53081,2026-01-13,18:55:04,INFO,OrderProcessor,Health check passed: OrderProcessor,E102,Health check passed: {service}
53082,2026-01-13,18:08:05,INFO,PaymentGateway,User u3201 login successful,E101,User {user} login successful
53083,2026-01-13,18:11:52,INFO,WebServer,Transaction tx517897 completed in 709ms,E104,Transaction {tx} completed in {time}ms
53084,2026-01-13,18:54:00,INFO,AuthService,Health check passed: AuthService,E102,Health check passed: {service}
53085,2026-01-13,18:42:10,INFO,WebServer,Health check passed: WebServer,E102,Health check passed: {service}
53086,2026-01-13,18:46:51,INFO,WebServer,Page view: /home by u3075,E103,Page view: {page} by {user}
53087,2026-01-13,18:19:39,INFO,AuthService,User u4914 login successful,E101,User {user} login successful
53088,2026-01-13,18:34:39,INFO,PaymentGateway,Transaction tx328673 completed in 22ms,E104,Transaction {tx} completed in {time}ms
53089,2026-01-13,18:50:05,INFO,PaymentGateway,Transaction tx873459 completed in 1422ms,E104,Transaction {tx} completed in {time}ms
53090,2026-01-13,18:01:37,INFO,WebServer,Health check passed: WebServer,E102,Health check passed: {service}
53091,2026-01-13,18:41:58,INFO,AuthService,User u2121 login successful,E101,User {user} login successful
53092,2026-01-13,18:09:22,INFO,OrderProcessor,User u3825 login successful,E101,User {user} login successful
53093,2026-01-13,18:06:47,INFO,WebServer,Page view: /home by u2095,E103,Page view: {page} by {user}
53094,2026-01-13,18:50:07,INFO,WebServer,Transaction tx729342 completed in 226ms,E104,Transaction {tx} completed in {time}ms
53095,2026-01-13,18:13:30,INFO,WebServer,Page view: /home by u2584,E103,Page view: {page} by {user}
53096,2026-01-13,18:44:55,INFO,PaymentGateway,Page view: /home by u4128,E103,Page view: {page} by {user}
53097,2026-01-13,18:19:13,INFO,WebServer,Transaction tx818882 completed in 300ms,E104,Transaction {tx} completed in {time}ms
53098,2026-01-13,18:10:35,INFO,OrderProcessor,Transaction tx308457 completed in 1282ms,E104,Transaction {tx} completed in {time}ms
53099,2026-01-13,18:04:29,INFO,InventoryDB,Page view: /home by u4029,E103,Page view: {page} by {user}
53100,2026-01-13,18:03:32,INFO,AuthService,Transaction tx450084 completed in 1735ms,E104,Transaction {tx} completed in {time}ms
53101,2026-01-13,18:18:21,INFO,InventoryDB,Transaction tx425922 completed in 1185ms,E104,Transaction {tx} completed in {time}ms
53102,2026-01-13,18:24:06,INFO,WebServer,User u2351 login successful,E101,User {user} login successful
53103,2026-01-13,18:05:27,INFO,WebServer,Page view: /home by u2807,E103,Page view: {page} by {user}
53104,2026-01-13,18:44:52,INFO,OrderProcessor,User u3405 login successful,E101,User {user} login successful
53105,2026-01-13,18:36:23,INFO,OrderProcessor,Page view: /home by u2446,E103,Page view: {page} by {user}
53106,2026-01-13,18:04:24,INFO,AuthService,Transaction tx731048 completed in 1381ms,E104,Transaction {tx} completed in {time}ms
53107,2026-01-13,18:48:57,INFO,WebServer,User u1334 login successful,E101,User {user} login successful
53108,2026-01-13,18:04:20,INFO,AuthService,User u1799 login successful,E101,User {user} login successful
53109,2026-01-13,18:23:02,WARN,WebServer,Unauthorized access attempt from 10.0.0.88,E401,Unauthorized access attempt from {ip}
53110,2026-01-13,18:06:31,INFO,PaymentGateway,Transaction tx729935 completed in 291ms,E104,Transaction {tx} completed in {time}ms
53111,2026-01-13,18:25:36,INFO,AuthService,Health check passed: AuthService,E102,Health check passed: {service}
53112,2026-01-13,18:57:01,INFO,WebServer,Transaction tx960705 completed in 286ms,E104,Transaction {tx} completed in {time}ms
53113,2026-01-13,18:35:38,INFO,WebServer,Page view: /home by u2956,E103,Page view: {page} by {user}
53114,2026-01-13,18:45:09,INFO,AuthService,User u1069 login successful,E101,User {user} login successful
53115,2026-01-13,18:32:42,INFO,WebServer,Transaction tx207301 completed in 1622ms,E104,Transaction {tx} completed in {time}ms
53116,2026-01-13,18:01:48,INFO,PaymentGateway,Health check passed: PaymentGateway,E102,Health check passed: {service}
53117,2026-01-13,18:38:12,INFO,OrderProcessor,User u2355 login successful,E101,User {user} login successful
53118,2026-01-13,18:45:47,INFO,OrderProcessor,Transaction tx838244 completed in 591ms,E104,Transaction {tx} completed in {time}ms
53119,2026-01-13,18:17:02,WARN,PaymentGateway,Unauthorized access attempt from 10.0.0.45,E401,Unauthorized access attempt from {ip}
53120,2026-01-13,18:16:31,INFO,WebServer,Transaction tx298069 completed in 98ms,E104,Transaction {tx} completed in {time}ms
53121,2026-01-13,18:16:38,INFO,WebServer,User u2830 login successful,E101,User {user} login successful
53122,2026-01-13,18:51:35,INFO,InventoryDB,Page view: /home by u3557,E103,Page view: {page} by {user}
53123,2026-01-13,18:56:38,INFO,WebServer,Health check passed: WebServer,E102,Health check passed: {service}
53124,2026-01-13,18:33:58,WARN,AuthService,Unauthorized access attempt from 10.0.0.99,E401,Unauthorized access attempt from {ip}
53125,2026-01-13,18:31:53,INFO,WebServer,Page view: /home by u1186,E103,Page view: {page} by {user}
53126,2026-01-13,18:20:58,INFO,WebServer,User u3650 login successful,E101,User {user} login successful
53127,2026-01-13,18:04:35,INFO,WebServer,Transaction tx199916 completed in 1490ms,E104,Transaction {tx} completed in {time}ms
53128,2026-01-13,18:08:49,INFO,OrderProcessor,Health check passed: OrderProcessor,E102,Health check passed: {service}
53129,2026-01-13,18:31:23,INFO,OrderProcessor,User u1681 login successful,E101,User {user} login successful
53130,2026-01-13,18:33:49,INFO,WebServer,Transaction tx579019 completed in 709ms,E104,Transaction {tx} completed in {time}ms
53131,2026-01-13,18:31:33,INFO,OrderProcessor,Health check passed: OrderProcessor,E102,Health check passed: {service}
53132,2026-01-13,18:25:44,INFO,WebServer,Page view: /home by u3643,E103,Page view: {page} by {user}
53133,2026-01-13,18:30:22,INFO,WebServer,Health check passed: WebServer,E102,Health check passed: {service}
53134,2026-01-13,18:54:56,INFO,AuthService,User u4445 login successful,E101,User {user} login successful
53135,2026-01-13,18:18:35,INFO,AuthService,Health check passed: AuthService,E102,Health check passed: {service}
53136,2026-01-13,18:04:54,INFO,AuthService,User u1529 login successful,E101,User {user} login successful
53137,2026-01-13,18:00:30,INFO,WebServer,User u4058 login successful,E101,User {user} login successful
53138,2026-01-13,18:45:27,INFO,AuthService,Page view: /home by u4428,E103,Page view: {page} by {user}
53139,2026-01-13,18:26:15,INFO,WebServer,Page view: /home by u2987,E103,Page view: {page} by {user}
53140,2026-01-13,18:40:58,INFO,WebServer,User u1869 login successful,E101,User {user} login successful
53141,2026-01-13,18:36:56,INFO,AuthService,Transaction tx113859 completed in 278ms,E104,Transaction {tx} completed in {time}ms
53142,2026-01-13,18:56:52,INFO,OrderProcessor,Health check passed: OrderProcessor,E102,Health check passed: {service}
53143,2026-01-13,18:54:54,INFO,AuthService,Transaction tx762479 completed in 1132ms,E104,Transaction {tx} completed in {time}ms
53144,2026-01-13,18:13:38,INFO,OrderProcessor,Health check passed: OrderProcessor,E102,Health check passed: {service}
53145,2026-01-13,18:04:14,INFO,AuthService,User u4067 login successful,E101,User {user} login successful
53146,2026-01-13,18:10:19,INFO,AuthService,Health check passed: AuthService,E102,Health check passed: {service}
53147,2026-01-13,18:33:35,INFO,AuthService,Page view: /home by u2533,E103,Page view: {page} by {user}
53148,2026-01-13,18:52:26,INFO,OrderProcessor,User u2593 login successful,E101,User {user} login successful
53149,2026-01-13,18:46:58,INFO,WebServer,User u4494 login successful,E101,User {user} login successful
53150,2026-01-13,18:42:26,INFO,WebServer,Page view: /home by u3373,E103,Page view: {page} by {user}
53151,2026-01-13,18:39:54,INFO,AuthService,Transaction tx802506 completed in 1447ms,E104,Transaction {tx} completed in {time}ms
53152,2026-01-13,18:50:52,INFO,OrderProcessor,Health check passed: OrderProcessor,E102,Health check passed: {service}
53153,2026-01-13,18:55:54,INFO,WebServer,Page view: /home by u1322,E103,Page view: {page} by {user}
53154,2026-01-13,18:20:20,INFO,WebServer,User u1456 login successful,E101,User {user} login successful
53155,2026-01-13,18:39:56,INFO,WebServer,Health check passed: WebServer,E102,Health check passed: {service}
53156,2026-01-13,18:20:07,INFO,WebServer,Health check passed: WebServer,E102,Health check passed: {service}
53157,2026-01-13,18:42:53,INFO,AuthService,Page view: /home by u1604,E103,Page view: {page} by {user}
53158,2026-01-13,18:36:33,INFO,WebServer,User u4659 login successful,E101,User {user} login successful
53159,2026-01-13,18:39:43,INFO,WebServer,Health check passed: WebServer,E102,Health check passed: {service}
53160,2026-01-13,18:00:49,ERROR,PaymentGateway,Payment declined: Gateway unavailable,E503,Payment declined: Gateway unavailable
53161,2026-01-13,18:35:45,INFO,OrderProcessor,Health check passed: OrderProcessor,E102,Health check passed: {service}
53162,2026-01-13,18:17:35,INFO,WebServer,Page view: /home by u4822,E103,Page view: {page} by {user}
53163,2026-01-13,18:36:12,INFO,WebServer,Page view: /home by u4742,E103,Page view: {page} by {user}
53164,2026-01-13,18:59:23,INFO,WebServer,Page view: /home by u4339,E103,Page view: {page} by {user}
53165,2026-01-13,18:25:11,INFO,WebServer,User u4860 login successful,E101,User {user} login successful
53166,2026-01-13,18:02:09,INFO,AuthService,User u4497 login successful,E101,User {user} login successful
53167,2026-01-13,18:22:37,INFO,WebServer,Page view: /home by u3838,E103,Page view: {page} by {user}
53168,2026-01-13,18:51:20,INFO,AuthService,Page view: /home by u2126,E103,Page view: {page} by {user}
53169,2026-01-13,18:15:43,INFO,AuthService,Page view: /home by u2142,E103,Page view: {page} by {user}
53170,2026-01-13,18:24:44,INFO,OrderProcessor,Page view: /home by u4681,E103,Page view: {page} by {user}
53171,2026-01-13,18:47:46,INFO,WebServer,Transaction tx671903 completed in 1289ms,E104,Transaction {tx} completed in {time}ms
53172,2026-01-13,18:01:02,INFO,WebServer,User u2115 login successful,E101,User {user} login successful
53173,2026-01-13,18:37:43,INFO,PaymentGateway,Page view: /home by u1929,E103,Page view: {page} by {user}
53174,2026-01-13,18:36:16,INFO,PaymentGateway,Health check passed: PaymentGateway,E102,Health check passed: {service}
53175,2026-01-13,18:11:28,INFO,WebServer,Health check passed: WebServer,E102,Health check passed: {service}
53176,2026-01-13,18:28:44,CRITICAL,WebServer,DATA CORRUPTION detected in sector 905,E602,DATA CORRUPTION detected in sector {sector}
53177,2026-01-13,18:07:14,INFO,PaymentGateway,Page view: /home by u4205,E103,Page view: {page} by {user}
53178,2026-01-13,18:10:16,INFO,AuthService,Health check passed: AuthService,E102,Health check passed: {service}
53179,2026-01-13,18:32:16,INFO,InventoryDB,User u2259 login successful,E101,User {user} login successful
53180,2026-01-13,18:56:32,WARN,AuthService,High latency (872ms) detected on AuthService,E201,High latency ({time}ms) detected on {service}
53181,2026-01-13,18:25:06,INFO,OrderProcessor,Health check passed: OrderProcessor,E102,Health check passed: {service}
53182,2026-01-13,18:43:23,INFO,WebServer,Transaction tx821894 completed in 787ms,E104,Transaction {tx} completed in {time}ms
53183,2026-01-13,18:02:21,INFO,OrderProcessor,Health check passed: OrderProcessor,E102,Health check passed: {service}
53184,2026-01-13,18:36:13,INFO,OrderProcessor,Transaction tx587845 completed in 1127ms,E104,Transaction {tx} completed in {time}ms
53185,2026-01-13,18:14:59,INFO,WebServer,Health check passed: WebServer,E102,Health check passed: {service}
53186,2026-01-13,18:19:39,INFO,WebServer,User u1383 login successful,E101,User {user} login successful
53187,2026-01-13,18:27:34,INFO,WebServer,Health check passed: WebServer,E102,Health check passed: {service}
53188,2026-01-13,18:57:46,INFO,WebServer,Page view: /home by u2057,E103,Page view: {page} by {user}
53189,2026-01-13,18:34:08,WARN,PaymentGateway,Disk usage > 85% on node node-1,E202,Disk usage > 85% on node {node}
53190,2026-01-13,18:12:39,INFO,WebServer,User u3135 login successful,E101,User {user} login successful
53191,2026-01-13,18:43:59,INFO,WebServer,User u1491 login successful,E101,User {user} login successful
53192,2026-01-13,18:22:25,WARN,WebServer,High latency (1664ms) detected on WebServer,E201,High latency ({time}ms) detected on {service}
53193,2026-01-13,18:26:28,INFO,WebServer,Health check passed: WebServer,E102,Health check passed: {service}
53194,2026-01-13,18:52:18,INFO,OrderProcessor,Transaction tx360556 completed in 704ms,E104,Transaction {tx} completed in {time}ms
53195,2026-01-13,18:51:49,INFO,WebServer,Health check passed: WebServer,E102,Health check passed: {service}
53196,2026-01-13,18:56:27,INFO,OrderProcessor,Transaction tx420128 completed in 614ms,E104,Transaction {tx} completed in {time}ms
53197,2026-01-13,18:19:15,WARN,WebServer,Disk usage > 85% on node node-5,E202,Disk usage > 85% on node {node}
53198,2026-01-13,18:36:44,INFO,InventoryDB,Page view: /home by u3670,E103,Page view: {page} by {user}
53199,2026-01-13,18:48:20,INFO,AuthService,User u1288 login successful,E101,User {user} login successful
53200,2026-01-13,18:33:05,INFO,InventoryDB,User u2234 login successful,E101,User {user} login successful
53201,2026-01-13,18:13:37,INFO,OrderProcessor,Page view: /home by u4485,E103,Page view: {page} by {user}
53202,2026-01-13,18:56:50,INFO,AuthService,Page view: /home by u1790,E103,Page view: {page} by {user}
53203,2026-01-13,18:54:29,INFO,WebServer,User u2872 login successful,E101,User {user} login successful
53204,2026-01-13,18:09:30,INFO,WebServer,Page view: /home by u4595,E103,Page view: {page} by {user}
53205,2026-01-13,18:21:53,INFO,OrderProcessor,Transaction tx120798 completed in 187ms,E104,Transaction {tx} completed in {time}ms
53206,2026-01-13,18:04:35,INFO,OrderProcessor,Transaction tx824891 completed in 1283ms,E104,Transaction {tx} completed in {time}ms
53207,2026-01-13,18:50:44,INFO,WebServer,User u1383 login successful,E101,User {user} login successful
53208,2026-01-13,18:26:37,INFO,AuthService,Page view: /home by u2027,E103,Page view: {page} by {user}
53209,2026-01-13,18:25:48,INFO,PaymentGateway,Health check passed: PaymentGateway,E102,Health check passed: {service}
53210,2026-01-13,18:44:51,INFO,PaymentGateway,User u2513 login successful,E101,User {user} login successful
53211,2026-01-13,18:21:29,INFO,WebServer,Transaction tx185664 completed in 354ms,E104,Transaction {tx} completed in {time}ms
53212,2026-01-13,18:08:22,INFO,AuthService,Transaction tx999450 completed in 791ms,E104,Transaction {tx} completed in {time}ms
53213,2026-01-13,18:45:36,INFO,WebServer,Health check passed: WebServer,E102,Health check passed: {service}
53214,2026-01-13,18:30:10,INFO,AuthService,Health check passed: AuthService,E102,Health check passed: {service}
53215,2026-01-13,18:04:07,INFO,AuthService,User u3594 login successful,E101,User {user} login successful
53216,2026-01-13,18:52:32,INFO,WebServer,Health check passed: WebServer,E102,Health check passed: {service}
53217,2026-01-13,18:01:16,INFO,PaymentGateway,Transaction tx146472 completed in 627ms,E104,Transaction {tx} completed in {time}ms
53218,2026-01-13,18:07:08,INFO,OrderProcessor,Transaction tx603307 completed in 1413ms,E104,Transaction {tx} completed in {time}ms
53219,2026-01-13,18:50:27,INFO,WebServer,User u2837 login successful,E101,User {user} login successful
53220,2026-01-13,18:13:24,INFO,OrderProcessor,Health check passed: OrderProcessor,E102,Health check passed: {service}
53221,2026-01-13,18:29:04,INFO,AuthService,Health check passed: AuthService,E102,Health check passed: {service}
53222,2026-01-13,18:24:27,INFO,OrderProcessor,Transaction tx150708 completed in 470ms,E104,Transaction {tx} completed in {time}ms
53223,2026-01-13,18:48:58,INFO,WebServer,Transaction tx334708 completed in 391ms,E104,Transaction {tx} completed in {time}ms
53224,2026-01-13,18:58:05,INFO,WebServer,User u2018 login successful,E101,User {user} login successful
53225,2026-01-13,18:24:45,INFO,OrderProcessor,Transaction tx922388 completed in 264ms,E104,Transaction {tx} completed in {time}ms
53226,2026-01-13,18:52:24,INFO,OrderProcessor,Page view: /home by u2801,E103,Page view: {page} by {user}
53227,2026-01-13,18:10:06,INFO,OrderProcessor,Transaction tx177855 completed in 198ms,E104,Transaction {tx} completed in {time}ms
53228,2026-01-13,18:45:05,INFO,WebServer,Transaction tx499083 completed in 1443ms,E104,Transaction {tx} completed in {time}ms
53229,2026-01-13,18:27:30,WARN,WebServer,Disk usage > 85% on node node-4,E202,Disk usage > 85% on node {node}
53230,2026-01-13,18:08:58,INFO,AuthService,Page view: /home by u1539,E103,Page view: {page} by {user}
53231,2026-01-13,18:38:50,INFO,WebServer,User u2070 login successful,E101,User {user} login successful
53232,2026-01-13,18:10:18,INFO,AuthService,Transaction tx837563 completed in 1860ms,E104,Transaction {tx} completed in {time}ms
53233,2026-01-13,18:00:22,INFO,OrderProcessor,Transaction tx842516 completed in 939ms,E104,Transaction {tx} completed in {time}ms
53234,2026-01-13,18:53:30,CRITICAL,WebServer,KERNEL PANIC: Node node-4 crashed,E601,KERNEL PANIC: Node {node} crashed
53235,2026-01-13,18:08:25,WARN,WebServer,High latency (449ms) detected on WebServer,E201,High latency ({time}ms) detected on {service}
53236,2026-01-13,18:50:19,WARN,AuthService,High latency (499ms) detected on AuthService,E201,High latency ({time}ms) detected on {service}
53237,2026-01-13,18:57:14,INFO,OrderProcessor,Page view: /home by u1739,E103,Page view: {page} by {user}
53238,2026-01-13,18:25:33,INFO,AuthService,Page view: /home by u4507,E103,Page view: {page} by {user}
53239,2026-01-13,18:23:17,INFO,InventoryDB,User u4216 login successful,E101,User {user} login successful
53240,2026-01-13,18:07:01,INFO,OrderProcessor,Transaction tx713980 completed in 1898ms,E104,Transaction {tx} completed in {time}ms
53241,2026-01-13,18:44:02,INFO,WebServer,Page view: /home by u4223,E103,Page view: {page} by {user}
53242,2026-01-13,18:05:53,INFO,WebServer,Transaction tx782976 completed in 1842ms,E104,Transaction {tx} completed in {time}ms
53243,2026-01-13,18:25:33,INFO,AuthService,Page view: /home by u1416,E103,Page view: {page} by {user}
53244,2026-01-13,18:13:33,INFO,AuthService,Page view: /home by u2104,E103,Page view: {page} by {user}
53245,2026-01-13,18:02:47,INFO,WebServer,Health check passed: WebServer,E102,Health check passed: {service}
53246,2026-01-13,18:54:10,INFO,WebServer,Health check passed: WebServer,E102,Health check passed: {service}
53247,2026-01-13,18:46:54,INFO,WebServer,User u4819 login successful,E101,User {user} login successful
53248,2026-01-13,18:55:49,INFO,PaymentGateway,Page view: /home by u1210,E103,Page view: {page} by {user}
53249,2026-01-13,18:51:19,INFO,WebServer,Health check passed: WebServer,E102,Health check passed: {service}
53250,2026-01-13,18:21:39,INFO,WebServer,Page view: /home by u2841,E103,Page view: {page} by {user}
53251,2026-01-13,18:53:35,INFO,WebServer,Health check passed: WebServer,E102,Health check passed: {service}
53252,2026-01-13,18:27:51,INFO,InventoryDB,Page view: /home by u1255,E103,Page view: {page} by {user}
53253,2026-01-13,18:32:30,INFO,WebServer,User u3436 login successful,E101,User {user} login successful
53254,2026-01-13,18:08:53,INFO,OrderProcessor,User u1225 login successful,E101,User {user} login successful
53255,2026-01-13,18:38:47,INFO,WebServer,Health check passed: WebServer,E102,Health check passed: {service}
53256,2026-01-13,18:20:41,INFO,WebServer,User u4389 login successful,E101,User {user} login successful
53257,2026-01-13,18:25:24,WARN,AuthService,Unauthorized access attempt from 10.0.0.88,E401,Unauthorized access attempt from {ip}
53258,2026-01-13,18:42:06,INFO,PaymentGateway,Health check passed: PaymentGateway,E102,Health check passed: {service}
53259,2026-01-13,18:10:53,INFO,AuthService,Page view: /home by u2482,E103,Page view: {page} by {user}
53260,2026-01-13,18:13:51,INFO,AuthService,Transaction tx947021 completed in 920ms,E104,Transaction {tx} completed in {time}ms
53261,2026-01-13,18:10:08,INFO,WebServer,Page view: /home by u4889,E103,Page view: {page} by {user}
53262,2026-01-13,18:08:49,INFO,OrderProcessor,Transaction tx701240 completed in 1017ms,E104,Transaction {tx} completed in {time}ms
53263,2026-01-13,18:20:21,INFO,OrderProcessor,Page view: /home by u3855,E103,Page view: {page} by {user}
53264,2026-01-13,18:53:17,INFO,AuthService,User u3399 login successful,E101,User {user} login successful
53265,2026-01-13,18:02:52,INFO,WebServer,Transaction tx901524 completed in 957ms,E104,Transaction {tx} completed in {time}ms
53266,2026-01-13,18:15:37,INFO,OrderProcessor,User u2985 login successful,E101,User {user} login successful
53267,2026-01-13,18:42:41,INFO,AuthService,Page view: /home by u2427,E103,Page view: {page} by {user}
53268,2026-01-13,18:59:03,INFO,WebServer,Transaction tx337856 completed in 1673ms,E104,Transaction {tx} completed in {time}ms
53269,2026-01-13,18:48:15,ERROR,OrderProcessor,Connection refused to OrderProcessor at 10.0.0.99,E501,Connection refused to {service} at {ip}
53270,2026-01-13,18:22:56,INFO,OrderProcessor,Page view: /home by u3412,E103,Page view: {page} by {user}
53271,2026-01-13,18:45:04,INFO,AuthService,Page view: /home by u1856,E103,Page view: {page} by {user}
53272,2026-01-13,18:18:44,INFO,PaymentGateway,Health check passed: PaymentGateway,E102,Health check passed: {service}
53273,2026-01-13,18:23:23,INFO,AuthService,Health check passed: AuthService,E102,Health check passed: {service}
53274,2026-01-13,18:22:41,INFO,AuthService,Page view: /home by u2480,E103,Page view: {page} by {user}
53275,2026-01-13,18:47:44,INFO,PaymentGateway,User u3541 login successful,E101,User {user} login successful
53276,2026-01-13,18:14:52,WARN,OrderProcessor,Unauthorized access attempt from 10.0.0.45,E401,Unauthorized access attempt from {ip}
53277,2026-01-13,18:24:00,INFO,AuthService,Page view: /home by u2534,E103,Page view: {page} by {user}
53278,2026-01-13,18:48:07,INFO,WebServer,User u3876 login successful,E101,User {user} login successful
53279,2026-01-13,18:57:47,INFO,OrderProcessor,Transaction tx684254 completed in 1606ms,E104,Transaction {tx} completed in {time}ms
53280,2026-01-13,18:40:08,INFO,InventoryDB,Health check passed: InventoryDB,E102,Health check passed: {service}
53281,2026-01-13,18:08:32,INFO,InventoryDB,Health check passed: InventoryDB,E102,Health check passed: {service}
53282,2026-01-13,18:03:29,INFO,PaymentGateway,User u1570 login successful,E101,User {user} login successful
53283,2026-01-13,18:36:01,INFO,WebServer,User u3678 login successful,E101,User {user} login successful
53284,2026-01-13,18:10:39,INFO,OrderProcessor,Health check passed: OrderProcessor,E102,Health check passed: {service}
53285,2026-01-13,18:02:18,INFO,WebServer,Health check passed: WebServer,E102,Health check passed: {service}
53286,2026-01-13,18:42:18,INFO,WebServer,User u1168 login successful,E101,User {user} login successful
53287,2026-01-13,18:41:45,INFO,WebServer,Page view: /home by u1653,E103,Page view: {page} by {user}
53288,2026-01-13,18:26:01,INFO,WebServer,Page view: /home by u4934,E103,Page view: {page} by {user}
53289,2026-01-13,18:13:24,INFO,WebServer,User u2972 login successful,E101,User {user} login successful
53290,2026-01-13,18:01:55,INFO,WebServer,Transaction tx317516 completed in 1497ms,E104,Transaction {tx} completed in {time}ms
53291,2026-01-13,18:30:27,INFO,AuthService,Transaction tx899956 completed in 447ms,E104,Transaction {tx} completed in {time}ms
53292,2026-01-13,18:07:48,INFO,PaymentGateway,User u2632 login successful,E101,User {user} login successful
53293,2026-01-13,18:08:28,INFO,WebServer,Transaction tx128791 completed in 102ms,E104,Transaction {tx} completed in {time}ms
53294,2026-01-13,18:15:49,INFO,AuthService,User u2145 login successful,E101,User {user} login successful
53295,2026-01-13,18:40:55,INFO,AuthService,User u4767 login successful,E101,User {user} login successful
53296,2026-01-13,18:09:12,ERROR,WebServer,Payment declined: Gateway unavailable,E503,Payment declined: Gateway unavailable
53297,2026-01-13,18:52:40,INFO,AuthService,User u4587 login successful,E101,User {user} login successful
53298,2026-01-13,18:44:31,INFO,OrderProcessor,Transaction tx923756 completed in 186ms,E104,Transaction {tx} completed in {time}ms
53299,2026-01-13,18:32:40,INFO,WebServer,Page view: /home by u1941,E103,Page view: {page} by {user}
53300,2026-01-13,18:37:12,INFO,AuthService,User u4318 login successful,E101,User {user} login successful
53301,2026-01-13,18:32:24,INFO,WebServer,User u2328 login successful,E101,User {user} login successful
53302,2026-01-13,18:09:25,INFO,WebServer,Page view: /home by u4477,E103,Page view: {page} by {user}
53303,2026-01-13,18:04:49,INFO,WebServer,Transaction tx206265 completed in 1969ms,E104,Transaction {tx} completed in {time}ms
53304,2026-01-13,18:09:38,INFO,WebServer,Transaction tx413077 completed in 1807ms,E104,Transaction {tx} completed in {time}ms
53305,2026-01-13,18:43:31,INFO,PaymentGateway,User u3360 login successful,E101,User {user} login successful
53306,2026-01-13,18:56:45,INFO,WebServer,Transaction tx933173 completed in 1305ms,E104,Transaction {tx} completed in {time}ms
53307,2026-01-13,18:18:15,INFO,WebServer,Page view: /home by u3688,E103,Page view: {page} by {user}
53308,2026-01-13,18:12:02,INFO,PaymentGateway,Health check passed: PaymentGateway,E102,Health check passed: {service}
53309,2026-01-13,18:37:16,INFO,WebServer,Health check passed: WebServer,E102,Health check passed: {service}
53310,2026-01-13,18:44:52,INFO,PaymentGateway,Health check passed: PaymentGateway,E102,Health check passed: {service}
53311,2026-01-13,18:55:03,INFO,OrderProcessor,Page view: /home by u4485,E103,Page view: {page} by {user}
53312,2026-01-13,18:54:21,INFO,OrderProcessor,User u2381 login successful,E101,User {user} login successful
53313,2026-01-13,18:27:00,INFO,WebServer,Transaction tx670003 completed in 1497ms,E104,Transaction {tx} completed in {time}ms
53314,2026-01-13,18:53:28,INFO,InventoryDB,User u1409 login successful,E101,User {user} login successful
53315,2026-01-13,18:41:18,INFO,OrderProcessor,Health check passed: OrderProcessor,E102,Health check passed: {service}
53316,2026-01-13,18:29:18,WARN,AuthService,High latency (1405ms) detected on AuthService,E201,High latency ({time}ms) detected on {service}
53317,2026-01-13,18:27:48,INFO,OrderProcessor,Page view: /home by u1199,E103,Page view: {page} by {user}
53318,2026-01-13,18:26:02,INFO,WebServer,Health check passed: WebServer,E102,Health check passed: {service}
53319,2026-01-13,18:20:05,INFO,WebServer,Transaction tx153665 completed in 889ms,E104,Transaction {tx} completed in {time}ms
53320,2026-01-13,18:30:31,INFO,AuthService,Transaction tx658743 completed in 1379ms,E104,Transaction {tx} completed in {time}ms
53321,2026-01-13,18:27:31,INFO,WebServer,Health check passed: WebServer,E102,Health check passed: {service}
53322,2026-01-13,18:52:47,INFO,InventoryDB,Page view: /home by u2346,E103,Page view: {page} by {user}
53323,2026-01-13,18:37:39,INFO,OrderProcessor,User u4459 login successful,E101,User {user} login successful
53324,2026-01-13,18:46:19,INFO,AuthService,Page view: /home by u2539,E103,Page view: {page} by {user}
53325,2026-01-13,18:15:14,INFO,WebServer,Health check passed: WebServer,E102,Health check passed: {service}
53326,2026-01-13,18:09:11,INFO,OrderProcessor,Page view: /home by u3554,E103,Page view: {page} by {user}
53327,2026-01-13,18:47:22,WARN,OrderProcessor,High latency (309ms) detected on OrderProcessor,E201,High latency ({time}ms) detected on {service}
53328,2026-01-13,18:07:28,INFO,WebServer,Health check passed: WebServer,E102,Health check passed: {service}
53329,2026-01-13,18:12:32,INFO,WebServer,Health check passed: WebServer,E102,Health check passed: {service}
53330,2026-01-13,18:50:36,INFO,PaymentGateway,User u3942 login successful,E101,User {user} login successful
53331,2026-01-13,18:01:13,INFO,OrderProcessor,Health check passed: OrderProcessor,E102,Health check passed: {service}
53332,2026-01-13,18:54:34,INFO,PaymentGateway,User u1706 login successful,E101,User {user} login successful
53333,2026-01-13,18:15:36,INFO,PaymentGateway,Health check passed: PaymentGateway,E102,Health check passed: {service}
53334,2026-01-13,18:50:38,INFO,AuthService,Page view: /home by u2959,E103,Page view: {page} by {user}
53335,2026-01-13,18:18:33,INFO,InventoryDB,User u3326 login successful,E101,User {user} login successful
53336,2026-01-13,18:36:37,INFO,WebServer,Transaction tx203548 completed in 1140ms,E104,Transaction {tx} completed in {time}ms
53337,2026-01-13,18:36:32,INFO,OrderProcessor,Transaction tx724934 completed in 367ms,E104,Transaction {tx} completed in {time}ms
53338,2026-01-13,18:26:34,INFO,AuthService,User u4454 login successful,E101,User {user} login successful
53339,2026-01-13,18:31:50,INFO,PaymentGateway,Page view: /home by u4614,E103,Page view: {page} by {user}
53340,2026-01-13,18:31:56,INFO,AuthService,Page view: /home by u2995,E103,Page view: {page} by {user}
53341,2026-01-13,18:28:07,INFO,WebServer,Page view: /home by u3362,E103,Page view: {page} by {user}
53342,2026-01-13,18:14:42,WARN,WebServer,Unauthorized access attempt from 10.0.0.88,E401,Unauthorized access attempt from {ip}
53343,2026-01-13,18:07:39,INFO,OrderProcessor,Health check passed: OrderProcessor,E102,Health check passed: {service}
53344,2026-01-13,18:55:08,INFO,OrderProcessor,Transaction tx678930 completed in 90ms,E104,Transaction {tx} completed in {time}ms
53345,2026-01-13,18:59:09,INFO,WebServer,Transaction tx519049 completed in 1145ms,E104,Transaction {tx} completed in {time}ms
53346,2026-01-13,18:04:26,INFO,AuthService,Page view: /home by u2966,E103,Page view: {page} by {user}
53347,2026-01-13,18:24:01,WARN,AuthService,Disk usage > 85% on node node-3,E202,Disk usage > 85% on node {node}
53348,2026-01-13,18:26:19,INFO,WebServer,User u3473 login successful,E101,User {user} login successful
53349,2026-01-13,18:18:40,INFO,PaymentGateway,Transaction tx796505 completed in 1049ms,E104,Transaction {tx} completed in {time}ms
53350,2026-01-13,18:35:15,INFO,WebServer,User u3842 login successful,E101,User {user} login successful
53351,2026-01-13,18:50:10,INFO,WebServer,User u3000 login successful,E101,User {user} login successful
53352,2026-01-13,18:36:20,INFO,WebServer,Health check passed: WebServer,E102,Health check passed: {service}
53353,2026-01-13,18:38:43,INFO,OrderProcessor,Page view: /home by u2614,E103,Page view: {page} by {user}
53354,2026-01-13,18:11:54,WARN,WebServer,Disk usage > 85% on node node-3,E202,Disk usage > 85% on node {node}
53355,2026-01-13,18:45:33,INFO,WebServer,Health check passed: WebServer,E102,Health check passed: {service}
53356,2026-01-13,18:46:40,INFO,WebServer,User u1992 login successful,E101,User {user} login successful
53357,2026-01-13,18:23:40,INFO,WebServer,User u2179 login successful,E101,User {user} login successful
53358,2026-01-13,18:11:01,INFO,AuthService,Transaction tx430317 completed in 1859ms,E104,Transaction {tx} completed in {time}ms
53359,2026-01-13,18:11:24,INFO,AuthService,Health check passed: AuthService,E102,Health check passed: {service}
53360,2026-01-13,18:46:24,INFO,AuthService,User u1518 login successful,E101,User {user} login successful
53361,2026-01-13,18:42:16,INFO,OrderProcessor,Page view: /home by u1056,E103,Page view: {page} by {user}
53362,2026-01-13,18:37:46,WARN,InventoryDB,High latency (1959ms) detected on InventoryDB,E201,High latency ({time}ms) detected on {service}
53363,2026-01-13,18:34:29,ERROR,WebServer,Connection refused to WebServer at 10.0.0.12,E501,Connection refused to {service} at {ip}
53364,2026-01-13,18:38:25,INFO,AuthService,Page view: /home by u4936,E103,Page view: {page} by {user}
53365,2026-01-13,18:56:00,INFO,WebServer,Transaction tx598930 completed in 690ms,E104,Transaction {tx} completed in {time}ms
53366,2026-01-13,18:39:24,INFO,InventoryDB,Page view: /home by u1232,E103,Page view: {page} by {user}
53367,2026-01-13,18:36:16,INFO,WebServer,Transaction tx268889 completed in 368ms,E104,Transaction {tx} completed in {time}ms
53368,2026-01-13,18:17:08,WARN,WebServer,High latency (1419ms) detected on WebServer,E201,High latency ({time}ms) detected on {service}
53369,2026-01-13,18:46:30,INFO,PaymentGateway,Page view: /home by u1947,E103,Page view: {page} by {user}
53370,2026-01-13,18:44:39,INFO,AuthService,Page view: /home by u1793,E103,Page view: {page} by {user}
53371,2026-01-13,18:17:50,INFO,AuthService,Transaction tx626342 completed in 1199ms,E104,Transaction {tx} completed in {time}ms
53372,2026-01-13,18:30:36,INFO,WebServer,Health check passed: WebServer,E102,Health check passed: {service}
53373,2026-01-13,18:28:56,INFO,WebServer,Health check passed: WebServer,E102,Health check passed: {service}
53374,2026-01-13,18:59:39,INFO,AuthService,Health check passed: AuthService,E102,Health check passed: {service}
53375,2026-01-13,18:08:19,INFO,WebServer,Health check passed: WebServer,E102,Health check passed: {service}
53376,2026-01-13,18:56:32,INFO,OrderProcessor,Health check passed: OrderProcessor,E102,Health check passed: {service}
53377,2026-01-13,18:11:03,INFO,WebServer,Transaction tx222834 completed in 62ms,E104,Transaction {tx} completed in {time}ms
53378,2026-01-13,18:21:44,INFO,PaymentGateway,Health check passed: PaymentGateway,E102,Health check passed: {service}
53379,2026-01-13,18:25:51,INFO,WebServer,Transaction tx338565 completed in 718ms,E104,Transaction {tx} completed in {time}ms
53380,2026-01-13,18:13:54,INFO,AuthService,Page view: /home by u4889,E103,Page view: {page} by {user}
53381,2026-01-13,18:57:03,INFO,OrderProcessor,Page view: /home by u3552,E103,Page view: {page} by {user}
53382,2026-01-13,18:36:36,INFO,PaymentGateway,Health check passed: PaymentGateway,E102,Health check passed: {service}
53383,2026-01-13,18:09:11,WARN,WebServer,Unauthorized access attempt from 10.0.0.88,E401,Unauthorized access attempt from {ip}
53384,2026-01-13,18:06:29,INFO,WebServer,Health check passed: WebServer,E102,Health check passed: {service}
53385,2026-01-13,18:25:11,INFO,WebServer,Transaction tx287017 completed in 31ms,E104,Transaction {tx} completed in {time}ms
53386,2026-01-13,18:58:37,INFO,AuthService,Transaction tx303419 completed in 62ms,E104,Transaction {tx} completed in {time}ms
53387,2026-01-13,18:10:14,INFO,OrderProcessor,Transaction tx993358 completed in 274ms,E104,Transaction {tx} completed in {time}ms
53388,2026-01-13,18:54:04,INFO,InventoryDB,Health check passed: InventoryDB,E102,Health check passed: {service}
53389,2026-01-13,18:06:21,WARN,WebServer,High latency (822ms) detected on WebServer,E201,High latency ({time}ms) detected on {service}
53390,2026-01-13,18:31:42,INFO,AuthService,Transaction tx937840 completed in 761ms,E104,Transaction {tx} completed in {time}ms
53391,2026-01-13,18:10:30,INFO,WebServer,Page view: /home by u3867,E103,Page view: {page} by {user}
53392,2026-01-13,18:23:40,INFO,OrderProcessor,Page view: /home by u4429,E103,Page view: {page} by {user}
53393,2026-01-13,18:59:00,INFO,WebServer,User u2723 login successful,E101,User {user} login successful
53394,2026-01-13,18:40:18,INFO,InventoryDB,User u3970 login successful,E101,User {user} login successful
53395,2026-01-13,18:17:22,INFO,OrderProcessor,Transaction tx706100 completed in 1771ms,E104,Transaction {tx} completed in {time}ms
53396,2026-01-13,18:47:27,WARN,OrderProcessor,Disk usage > 85% on node node-3,E202,Disk usage > 85% on node {node}
53397,2026-01-13,18:42:58,INFO,WebServer,Health check passed: WebServer,E102,Health check passed: {service}
53398,2026-01-13,18:52:06,INFO,WebServer,Transaction tx526581 completed in 148ms,E104,Transaction {tx} completed in {time}ms
53399,2026-01-13,18:07:47,INFO,WebServer,User u2774 login successful,E101,User {user} login successful
53400,2026-01-13,18:06:51,INFO,AuthService,Transaction tx162383 completed in 758ms,E104,Transaction {tx} completed in {time}ms
53401,2026-01-13,18:55:08,INFO,WebServer,Page view: /home by u1935,E103,Page view: {page} by {user}
53402,2026-01-13,18:53:22,INFO,OrderProcessor,User u1340 login successful,E101,User {user} login successful
53403,2026-01-13,18:32:48,INFO,WebServer,Page view: /home by u4580,E103,Page view: {page} by {user}
53404,2026-01-13,18:31:27,INFO,AuthService,Page view: /home by u1291,E103,Page view: {page} by {user}
53405,2026-01-13,18:48:49,INFO,OrderProcessor,Page view: /home by u3479,E103,Page view: {page} by {user}
53406,2026-01-13,18:06:43,INFO,OrderProcessor,User u1355 login successful,E101,User {user} login successful
53407,2026-01-13,18:48:40,INFO,WebServer,User u4041 login successful,E101,User {user} login successful
53408,2026-01-13,18:48:37,INFO,AuthService,User u4771 login successful,E101,User {user} login successful
53409,2026-01-13,18:34:39,INFO,AuthService,User u1916 login successful,E101,User {user} login successful
53410,2026-01-13,18:21:46,INFO,WebServer,User u1250 login successful,E101,User {user} login successful
53411,2026-01-13,18:28:04,INFO,OrderProcessor,Health check passed: OrderProcessor,E102,Health check passed: {service}
53412,2026-01-13,18:00:23,INFO,PaymentGateway,Transaction tx223554 completed in 1325ms,E104,Transaction {tx} completed in {time}ms
53413,2026-01-13,18:42:27,WARN,PaymentGateway,Unauthorized access attempt from 10.0.0.12,E401,Unauthorized access attempt from {ip}
53414,2026-01-13,18:24:39,INFO,WebServer,Transaction tx780282 completed in 1977ms,E104,Transaction {tx} completed in {time}ms
53415,2026-01-13,18:23:56,INFO,OrderProcessor,Transaction tx358906 completed in 887ms,E104,Transaction {tx} completed in {time}ms
53416,2026-01-13,18:40:20,INFO,WebServer,Transaction tx777558 completed in 1064ms,E104,Transaction {tx} completed in {time}ms
53417,2026-01-13,18:52:19,INFO,OrderProcessor,Transaction tx895011 completed in 1277ms,E104,Transaction {tx} completed in {time}ms
53418,2026-01-13,18:10:32,INFO,WebServer,User u2125 login successful,E101,User {user} login successful
53419,2026-01-13,18:13:52,INFO,WebServer,User u4837 login successful,E101,User {user} login successful
53420,2026-01-13,19:33:56,INFO,AuthService,Transaction tx965966 completed in 810ms,E104,Transaction {tx} completed in {time}ms
53421,2026-01-13,19:15:47,INFO,AuthService,Page view: /home by u2157,E103,Page view: {page} by {user}
53422,2026-01-13,19:24:42,INFO,AuthService,Transaction tx535165 completed in 1675ms,E104,Transaction {tx} completed in {time}ms
53423,2026-01-13,19:29:04,INFO,InventoryDB,Transaction tx486031 completed in 976ms,E104,Transaction {tx} completed in {time}ms
53424,2026-01-13,19:47:27,WARN,WebServer,Disk usage > 85% on node node-4,E202,Disk usage > 85% on node {node}
53425,2026-01-13,19:39:32,INFO,OrderProcessor,Health check passed: OrderProcessor,E102,Health check passed: {service}
53426,2026-01-13,19:49:01,INFO,WebServer,User u4283 login successful,E101,User {user} login successful
53427,2026-01-13,19:29:32,INFO,WebServer,Transaction tx852581 completed in 1078ms,E104,Transaction {tx} completed in {time}ms
53428,2026-01-13,19:08:32,INFO,WebServer,Health check passed: WebServer,E102,Health check passed: {service}
53429,2026-01-13,19:40:57,INFO,AuthService,Health check passed: AuthService,E102,Health check passed: {service}
53430,2026-01-13,19:24:19,INFO,InventoryDB,User u1867 login successful,E101,User {user} login successful
53431,2026-01-13,19:27:30,INFO,WebServer,Health check passed: WebServer,E102,Health check passed: {service}
53432,2026-01-13,19:26:01,INFO,WebServer,Health check passed: WebServer,E102,Health check passed: {service}
53433,2026-01-13,19:40:37,CRITICAL,PaymentGateway,DATA CORRUPTION detected in sector 228,E602,DATA CORRUPTION detected in sector {sector}
53434,2026-01-13,19:04:39,INFO,OrderProcessor,Page view: /home by u4696,E103,Page view: {page} by {user}
53435,2026-01-13,19:16:36,INFO,WebServer,Page view: /home by u2642,E103,Page view: {page} by {user}
53436,2026-01-13,19:55:42,INFO,WebServer,Page view: /home by u4603,E103,Page view: {page} by {user}
53437,2026-01-13,19:40:02,INFO,WebServer,Page view: /home by u4595,E103,Page view: {page} by {user}
53438,2026-01-13,19:25:54,INFO,WebServer,User u3166 login successful,E101,User {user} login successful
53439,2026-01-13,19:38:01,INFO,OrderProcessor,Page view: /home by u3921,E103,Page view: {page} by {user}
53440,2026-01-13,19:38:04,INFO,AuthService,User u1155 login successful,E101,User {user} login successful
53441,2026-01-13,19:10:05,INFO,OrderProcessor,Transaction tx973242 completed in 1152ms,E104,Transaction {tx} completed in {time}ms
53442,2026-01-13,19:49:29,INFO,AuthService,Transaction tx237571 completed in 1407ms,E104,Transaction {tx} completed in {time}ms
53443,2026-01-13,19:08:36,INFO,WebServer,Health check passed: WebServer,E102,Health check passed: {service}
53444,2026-01-13,19:57:30,INFO,WebServer,Page view: /home by u3325,E103,Page view: {page} by {user}
53445,2026-01-13,19:38:34,INFO,WebServer,Page view: /home by u3483,E103,Page view: {page} by {user}
53446,2026-01-13,19:59:13,INFO,OrderProcessor,Page view: /home by u2728,E103,Page view: {page} by {user}
53447,2026-01-13,19:44:25,INFO,WebServer,User u1935 login successful,E101,User {user} login successful
53448,2026-01-13,19:56:15,INFO,WebServer,Transaction tx920947 completed in 1989ms,E104,Transaction {tx} completed in {time}ms
53449,2026-01-13,19:38:03,INFO,WebServer,Page view: /home by u4547,E103,Page view: {page} by {user}
53450,2026-01-13,19:17:28,INFO,AuthService,Page view: /home by u1107,E103,Page view: {page} by {user}
53451,2026-01-13,19:06:44,INFO,WebServer,Health check passed: WebServer,E102,Health check passed: {service}
53452,2026-01-13,19:58:17,INFO,PaymentGateway,Health check passed: PaymentGateway,E102,Health check passed: {service}
53453,2026-01-13,19:57:00,INFO,WebServer,Page view: /home by u4814,E103,Page view: {page} by {user}
53454,2026-01-13,19:54:34,INFO,WebServer,Health check passed: WebServer,E102,Health check passed: {service}
53455,2026-01-13,19:55:56,INFO,OrderProcessor,Health check passed: OrderProcessor,E102,Health check passed: {service}
53456,2026-01-13,19:49:25,INFO,PaymentGateway,Page view: /home by u4280,E103,Page view: {page} by {user}
53457,2026-01-13,19:32:56,INFO,InventoryDB,Transaction tx511159 completed in 1133ms,E104,Transaction {tx} completed in {time}ms
53458,2026-01-13,19:27:07,INFO,WebServer,Page view: /home by u3386,E103,Page view: {page} by {user}
53459,2026-01-13,19:01:04,INFO,OrderProcessor,Page view: /home by u4097,E103,Page view: {page} by {user}
53460,2026-01-13,19:34:58,INFO,InventoryDB,User u1989 login successful,E101,User {user} login successful
53461,2026-01-13,19:45:19,INFO,PaymentGateway,Health check passed: PaymentGateway,E102,Health check passed: {service}
53462,2026-01-13,19:57:00,INFO,WebServer,Page view: /home by u3500,E103,Page view: {page} by {user}
53463,2026-01-13,19:06:14,INFO,WebServer,Health check passed: WebServer,E102,Health check passed: {service}
53464,2026-01-13,19:51:48,INFO,WebServer,Transaction tx826056 completed in 1500ms,E104,Transaction {tx} completed in {time}ms
53465,2026-01-13,19:01:45,INFO,WebServer,Transaction tx828978 completed in 964ms,E104,Transaction {tx} completed in {time}ms
53466,2026-01-13,19:09:44,INFO,WebServer,Page view: /home by u2126,E103,Page view: {page} by {user}
53467,2026-01-13,19:09:49,INFO,PaymentGateway,User u4072 login successful,E101,User {user} login successful
53468,2026-01-13,19:59:22,INFO,PaymentGateway,User u2093 login successful,E101,User {user} login successful
53469,2026-01-13,19:12:56,INFO,WebServer,Transaction tx916057 completed in 702ms,E104,Transaction {tx} completed in {time}ms
53470,2026-01-13,19:36:15,INFO,InventoryDB,User u1357 login successful,E101,User {user} login successful
53471,2026-01-13,19:56:37,INFO,WebServer,Health check passed: WebServer,E102,Health check passed: {service}
53472,2026-01-13,19:48:28,INFO,WebServer,User u1811 login successful,E101,User {user} login successful
53473,2026-01-13,19:05:39,INFO,OrderProcessor,Transaction tx460849 completed in 1431ms,E104,Transaction {tx} completed in {time}ms
53474,2026-01-13,19:34:24,INFO,WebServer,User u1893 login successful,E101,User {user} login successful
53475,2026-01-13,19:23:13,INFO,AuthService,Page view: /home by u4150,E103,Page view: {page} by {user}
53476,2026-01-13,19:03:03,INFO,WebServer,Page view: /home by u4739,E103,Page view: {page} by {user}
53477,2026-01-13,19:34:52,INFO,WebServer,Health check passed: WebServer,E102,Health check passed: {service}
53478,2026-01-13,19:15:55,INFO,WebServer,Transaction tx806442 completed in 606ms,E104,Transaction {tx} completed in {time}ms
53479,2026-01-13,19:41:42,INFO,WebServer,Health check passed: WebServer,E102,Health check passed: {service}
53480,2026-01-13,19:13:00,INFO,WebServer,Transaction tx860866 completed in 604ms,E104,Transaction {tx} completed in {time}ms
53481,2026-01-13,19:38:07,INFO,AuthService,Health check passed: AuthService,E102,Health check passed: {service}
53482,2026-01-13,19:58:24,INFO,WebServer,Page view: /home by u1576,E103,Page view: {page} by {user}
53483,2026-01-13,19:32:49,INFO,WebServer,Page view: /home by u3306,E103,Page view: {page} by {user}
53484,2026-01-13,19:47:29,INFO,WebServer,Health check passed: WebServer,E102,Health check passed: {service}
53485,2026-01-13,19:19:47,INFO,WebServer,Page view: /home by u3326,E103,Page view: {page} by {user}
53486,2026-01-13,19:27:48,INFO,OrderProcessor,Transaction tx271055 completed in 1569ms,E104,Transaction {tx} completed in {time}ms
53487,2026-01-13,19:01:11,WARN,AuthService,Disk usage > 85% on node node-4,E202,Disk usage > 85% on node {node}
53488,2026-01-13,19:22:26,INFO,WebServer,Health check passed: WebServer,E102,Health check passed: {service}
53489,2026-01-13,19:41:34,INFO,PaymentGateway,Transaction tx607985 completed in 1614ms,E104,Transaction {tx} completed in {time}ms
53490,2026-01-13,19:50:30,INFO,OrderProcessor,Transaction tx209836 completed in 646ms,E104,Transaction {tx} completed in {time}ms
53491,2026-01-13,19:26:38,INFO,OrderProcessor,Transaction tx826156 completed in 1920ms,E104,Transaction {tx} completed in {time}ms
53492,2026-01-13,19:01:53,INFO,AuthService,Transaction tx708257 completed in 1231ms,E104,Transaction {tx} completed in {time}ms
53493,2026-01-13,19:57:50,INFO,WebServer,Transaction tx468499 completed in 468ms,E104,Transaction {tx} completed in {time}ms
53494,2026-01-13,19:35:40,INFO,AuthService,User u1753 login successful,E101,User {user} login successful
53495,2026-01-13,19:57:00,INFO,PaymentGateway,Health check passed: PaymentGateway,E102,Health check passed: {service}
53496,2026-01-13,19:30:20,WARN,WebServer,Unauthorized access attempt from 10.0.0.45,E401,Unauthorized access attempt from {ip}
53497,2026-01-13,19:52:36,INFO,AuthService,Health check passed: AuthService,E102,Health check passed: {service}
53498,2026-01-13,19:16:36,INFO,AuthService,Transaction tx399525 completed in 1488ms,E104,Transaction {tx} completed in {time}ms
53499,2026-01-13,19:41:25,INFO,AuthService,Transaction tx767900 completed in 388ms,E104,Transaction {tx} completed in {time}ms
53500,2026-01-13,19:41:37,INFO,WebServer,Health check passed: WebServer,E102,Health check passed: {service}
53501,2026-01-13,19:39:11,INFO,WebServer,User u2987 login successful,E101,User {user} login successful
53502,2026-01-13,19:22:56,INFO,PaymentGateway,User u3385 login successful,E101,User {user} login successful
53503,2026-01-13,19:51:52,WARN,PaymentGateway,High latency (1653ms) detected on PaymentGateway,E201,High latency ({time}ms) detected on {service}
53504,2026-01-13,19:54:25,INFO,WebServer,Health check passed: WebServer,E102,Health check passed: {service}
53505,2026-01-13,19:07:30,INFO,AuthService,Page view: /home by u1428,E103,Page view: {page} by {user}
53506,2026-01-13,19:06:27,INFO,AuthService,Health check passed: AuthService,E102,Health check passed: {service}
53507,2026-01-13,19:12:45,INFO,WebServer,Page view: /home by u2482,E103,Page view: {page} by {user}
53508,2026-01-13,19:55:52,WARN,WebServer,Disk usage > 85% on node node-1,E202,Disk usage > 85% on node {node}
53509,2026-01-13,19:08:49,WARN,PaymentGateway,Disk usage > 85% on node node-2,E202,Disk usage > 85% on node {node}
53510,2026-01-13,19:36:23,ERROR,InventoryDB,Timeout waiting for lock on InventoryDB,E502,Timeout waiting for lock on {db}
53511,2026-01-13,19:30:21,INFO,AuthService,Page view: /home by u2086,E103,Page view: {page} by {user}
53512,2026-01-13,19:49:01,INFO,InventoryDB,Health check passed: InventoryDB,E102,Health check passed: {service}
53513,2026-01-13,19:54:08,INFO,WebServer,Transaction tx789584 completed in 146ms,E104,Transaction {tx} completed in {time}ms
53514,2026-01-13,19:27:07,INFO,PaymentGateway,Health check passed: PaymentGateway,E102,Health check passed: {service}
53515,2026-01-13,19:28:42,INFO,WebServer,Page view: /home by u2354,E103,Page view: {page} by {user}
53516,2026-01-13,19:58:02,INFO,PaymentGateway,Transaction tx967902 completed in 1607ms,E104,Transaction {tx} completed in {time}ms
53517,2026-01-13,19:59:14,INFO,WebServer,Transaction tx679057 completed in 1260ms,E104,Transaction {tx} completed in {time}ms
53518,2026-01-13,19:09:57,INFO,WebServer,Health check passed: WebServer,E102,Health check passed: {service}
53519,2026-01-13,19:28:26,INFO,AuthService,Transaction tx317223 completed in 1158ms,E104,Transaction {tx} completed in {time}ms
53520,2026-01-13,19:35:26,INFO,WebServer,Health check passed: WebServer,E102,Health check passed: {service}
53521,2026-01-13,19:22:44,INFO,WebServer,User u1156 login successful,E101,User {user} login successful
53522,2026-01-13,19:40:25,INFO,PaymentGateway,Health check passed: PaymentGateway,E102,Health check passed: {service}
53523,2026-01-13,19:22:24,INFO,WebServer,Page view: /home by u3970,E103,Page view: {page} by {user}
53524,2026-01-13,19:39:10,INFO,WebServer,Health check passed: WebServer,E102,Health check passed: {service}
53525,2026-01-13,19:10:24,INFO,AuthService,Transaction tx477570 completed in 290ms,E104,Transaction {tx} completed in {time}ms
53526,2026-01-13,19:42:23,INFO,WebServer,Transaction tx289468 completed in 938ms,E104,Transaction {tx} completed in {time}ms
53527,2026-01-13,19:00:43,INFO,PaymentGateway,Health check passed: PaymentGateway,E102,Health check passed: {service}
53528,2026-01-13,19:48:33,INFO,AuthService,User u4869 login successful,E101,User {user} login successful
53529,2026-01-13,19:10:16,INFO,OrderProcessor,User u1130 login successful,E101,User {user} login successful
53530,2026-01-13,19:38:44,INFO,WebServer,Page view: /home by u2361,E103,Page view: {page} by {user}
53531,2026-01-13,19:53:03,INFO,WebServer,Page view: /home by u4733,E103,Page view: {page} by {user}
53532,2026-01-13,19:26:12,WARN,InventoryDB,High latency (223ms) detected on InventoryDB,E201,High latency ({time}ms) detected on {service}
53533,2026-01-13,19:56:45,INFO,WebServer,User u3602 login successful,E101,User {user} login successful
53534,2026-01-13,19:22:34,INFO,WebServer,Health check passed: WebServer,E102,Health check passed: {service}
53535,2026-01-13,19:24:51,INFO,WebServer,Transaction tx305417 completed in 921ms,E104,Transaction {tx} completed in {time}ms
53536,2026-01-13,19:51:32,INFO,AuthService,User u2234 login successful,E101,User {user} login successful
53537,2026-01-13,19:09:40,INFO,WebServer,Health check passed: WebServer,E102,Health check passed: {service}
53538,2026-01-13,19:13:35,ERROR,WebServer,Payment declined: Gateway unavailable,E503,Payment declined: Gateway unavailable
53539,2026-01-13,19:57:48,INFO,WebServer,User u4106 login successful,E101,User {user} login successful
53540,2026-01-13,19:06:13,INFO,OrderProcessor,Page view: /home by u4682,E103,Page view: {page} by {user}
53541,2026-01-13,19:08:00,INFO,WebServer,Transaction tx842890 completed in 1549ms,E104,Transaction {tx} completed in {time}ms
53542,2026-01-13,19:14:13,INFO,OrderProcessor,User u3867 login successful,E101,User {user} login successful
53543,2026-01-13,19:29:28,INFO,InventoryDB,Transaction tx274543 completed in 30ms,E104,Transaction {tx} completed in {time}ms
53544,2026-01-13,19:36:49,INFO,WebServer,User u2389 login successful,E101,User {user} login successful
53545,2026-01-13,19:45:18,INFO,WebServer,Transaction tx999153 completed in 1891ms,E104,Transaction {tx} completed in {time}ms
53546,2026-01-13,19:57:01,INFO,WebServer,Health check passed: WebServer,E102,Health check passed: {service}
53547,2026-01-13,19:35:43,INFO,PaymentGateway,Health check passed: PaymentGateway,E102,Health check passed: {service}
53548,2026-01-13,19:48:26,INFO,WebServer,User u4471 login successful,E101,User {user} login successful
53549,2026-01-13,19:21:08,INFO,WebServer,Transaction tx482414 completed in 610ms,E104,Transaction {tx} completed in {time}ms
53550,2026-01-13,19:09:57,INFO,WebServer,Health check passed: WebServer,E102,Health check passed: {service}
53551,2026-01-13,19:43:44,INFO,AuthService,Transaction tx404495 completed in 1025ms,E104,Transaction {tx} completed in {time}ms
53552,2026-01-13,19:47:40,INFO,PaymentGateway,Page view: /home by u1463,E103,Page view: {page} by {user}
53553,2026-01-13,19:22:06,INFO,PaymentGateway,Page view: /home by u3608,E103,Page view: {page} by {user}
53554,2026-01-13,19:51:22,INFO,WebServer,User u1013 login successful,E101,User {user} login successful
53555,2026-01-13,19:03:21,ERROR,InventoryDB,Payment declined: Gateway unavailable,E503,Payment declined: Gateway unavailable
53556,2026-01-13,19:59:55,INFO,PaymentGateway,User u1495 login successful,E101,User {user} login successful
53557,2026-01-13,19:52:10,INFO,WebServer,Page view: /home by u4270,E103,Page view: {page} by {user}
53558,2026-01-13,19:51:33,INFO,PaymentGateway,Transaction tx123353 completed in 117ms,E104,Transaction {tx} completed in {time}ms
53559,2026-01-13,19:05:43,INFO,WebServer,User u3764 login successful,E101,User {user} login successful
53560,2026-01-13,19:59:15,INFO,WebServer,User u2767 login successful,E101,User {user} login successful
53561,2026-01-13,19:02:09,INFO,WebServer,Transaction tx333365 completed in 1435ms,E104,Transaction {tx} completed in {time}ms
53562,2026-01-13,19:22:14,INFO,WebServer,Transaction tx708882 completed in 1983ms,E104,Transaction {tx} completed in {time}ms
53563,2026-01-13,19:36:00,INFO,WebServer,Health check passed: WebServer,E102,Health check passed: {service}
53564,2026-01-13,19:53:03,INFO,WebServer,Health check passed: WebServer,E102,Health check passed: {service}
53565,2026-01-13,19:59:35,INFO,WebServer,Transaction tx864075 completed in 1383ms,E104,Transaction {tx} completed in {time}ms
53566,2026-01-13,19:49:56,INFO,AuthService,Page view: /home by u4242,E103,Page view: {page} by {user}
53567,2026-01-13,19:24:25,INFO,WebServer,User u2840 login successful,E101,User {user} login successful
53568,2026-01-13,19:53:08,WARN,PaymentGateway,Disk usage > 85% on node node-1,E202,Disk usage > 85% on node {node}
53569,2026-01-13,19:55:58,INFO,WebServer,Page view: /home by u2091,E103,Page view: {page} by {user}
53570,2026-01-13,19:45:46,INFO,WebServer,Page view: /home by u1282,E103,Page view: {page} by {user}
53571,2026-01-13,19:31:16,INFO,AuthService,Health check passed: AuthService,E102,Health check passed: {service}
53572,2026-01-13,19:53:09,INFO,OrderProcessor,Health check passed: OrderProcessor,E102,Health check passed: {service}
53573,2026-01-13,19:13:47,WARN,OrderProcessor,Unauthorized access attempt from 10.0.0.45,E401,Unauthorized access attempt from {ip}
53574,2026-01-13,19:24:38,INFO,AuthService,Transaction tx598525 completed in 1688ms,E104,Transaction {tx} completed in {time}ms
53575,2026-01-13,19:18:24,INFO,PaymentGateway,User u2200 login successful,E101,User {user} login successful
53576,2026-01-13,19:01:28,INFO,InventoryDB,Health check passed: InventoryDB,E102,Health check passed: {service}
53577,2026-01-13,19:24:07,INFO,WebServer,Transaction tx839817 completed in 740ms,E104,Transaction {tx} completed in {time}ms
53578,2026-01-13,19:35:00,INFO,WebServer,Page view: /home by u3080,E103,Page view: {page} by {user}
53579,2026-01-13,19:29:22,INFO,AuthService,Page view: /home by u3320,E103,Page view: {page} by {user}
53580,2026-01-13,19:47:39,INFO,WebServer,User u4426 login successful,E101,User {user} login successful
53581,2026-01-13,19:38:51,WARN,PaymentGateway,Unauthorized access attempt from 10.0.0.88,E401,Unauthorized access attempt from {ip}
53582,2026-01-13,19:50:00,INFO,WebServer,User u2999 login successful,E101,User {user} login successful
53583,2026-01-13,19:46:06,INFO,AuthService,User u4913 login successful,E101,User {user} login successful
53584,2026-01-13,19:21:56,INFO,OrderProcessor,User u1786 login successful,E101,User {user} login successful
53585,2026-01-13,19:35:27,INFO,PaymentGateway,Transaction tx688067 completed in 753ms,E104,Transaction {tx} completed in {time}ms
53586,2026-01-13,19:51:54,INFO,OrderProcessor,User u1278 login successful,E101,User {user} login successful
53587,2026-01-13,19:22:53,INFO,WebServer,Health check passed: WebServer,E102,Health check passed: {service}
53588,2026-01-13,19:58:39,INFO,AuthService,Page view: /home by u3227,E103,Page view: {page} by {user}
53589,2026-01-13,19:41:17,INFO,AuthService,Page view: /home by u3951,E103,Page view: {page} by {user}
53590,2026-01-13,19:15:41,INFO,WebServer,User u3977 login successful,E101,User {user} login successful
53591,2026-01-13,19:44:00,INFO,OrderProcessor,Health check passed: OrderProcessor,E102,Health check passed: {service}
53592,2026-01-13,19:05:32,INFO,PaymentGateway,Transaction tx983502 completed in 90ms,E104,Transaction {tx} completed in {time}ms
53593,2026-01-13,19:38:25,INFO,AuthService,Transaction tx908663 completed in 132ms,E104,Transaction {tx} completed in {time}ms
53594,2026-01-13,19:40:37,INFO,WebServer,Transaction tx217607 completed in 1516ms,E104,Transaction {tx} completed in {time}ms
53595,2026-01-13,19:35:28,INFO,WebServer,User u4753 login successful,E101,User {user} login successful
53596,2026-01-13,19:28:58,INFO,InventoryDB,User u1108 login successful,E101,User {user} login successful
53597,2026-01-13,19:22:16,INFO,WebServer,Transaction tx484655 completed in 249ms,E104,Transaction {tx} completed in {time}ms
53598,2026-01-13,19:14:56,WARN,AuthService,High latency (129ms) detected on AuthService,E201,High latency ({time}ms) detected on {service}
53599,2026-01-13,19:43:38,INFO,WebServer,Transaction tx887072 completed in 614ms,E104,Transaction {tx} completed in {time}ms
53600,2026-01-13,19:55:27,CRITICAL,WebServer,KERNEL PANIC: Node node-4 crashed,E601,KERNEL PANIC: Node {node} crashed
53601,2026-01-13,19:17:50,INFO,WebServer,User u3700 login successful,E101,User {user} login successful
53602,2026-01-13,19:12:59,INFO,OrderProcessor,User u1820 login successful,E101,User {user} login successful
53603,2026-01-13,19:36:23,INFO,WebServer,Page view: /home by u2586,E103,Page view: {page} by {user}
53604,2026-01-13,19:30:20,INFO,PaymentGateway,Transaction tx586179 completed in 1672ms,E104,Transaction {tx} completed in {time}ms
53605,2026-01-13,19:12:51,WARN,WebServer,High latency (1408ms) detected on WebServer,E201,High latency ({time}ms) detected on {service}
53606,2026-01-13,19:33:52,INFO,WebServer,User u2981 login successful,E101,User {user} login successful
53607,2026-01-13,19:07:18,INFO,WebServer,Health check passed: WebServer,E102,Health check passed: {service}
53608,2026-01-13,19:56:28,INFO,OrderProcessor,Transaction tx717052 completed in 781ms,E104,Transaction {tx} completed in {time}ms
53609,2026-01-13,19:31:40,INFO,WebServer,User u1052 login successful,E101,User {user} login successful
53610,2026-01-13,19:49:08,WARN,WebServer,Disk usage > 85% on node node-3,E202,Disk usage > 85% on node {node}
53611,2026-01-13,19:43:45,INFO,AuthService,Health check passed: AuthService,E102,Health check passed: {service}
53612,2026-01-13,19:29:13,INFO,WebServer,Health check passed: WebServer,E102,Health check passed: {service}
53613,2026-01-13,19:55:54,INFO,AuthService,Health check passed: AuthService,E102,Health check passed: {service}
53614,2026-01-13,19:47:30,INFO,AuthService,Page view: /home by u4119,E103,Page view: {page} by {user}
53615,2026-01-13,19:16:32,INFO,AuthService,Page view: /home by u2431,E103,Page view: {page} by {user}
53616,2026-01-13,19:49:14,INFO,WebServer,User u4479 login successful,E101,User {user} login successful
53617,2026-01-13,19:38:21,INFO,WebServer,Health check passed: WebServer,E102,Health check passed: {service}
53618,2026-01-13,19:15:12,INFO,InventoryDB,User u3806 login successful,E101,User {user} login successful
53619,2026-01-13,19:24:29,WARN,WebServer,High latency (1869ms) detected on WebServer,E201,High latency ({time}ms) detected on {service}
53620,2026-01-13,19:49:12,INFO,WebServer,Health check passed: WebServer,E102,Health check passed: {service}
53621,2026-01-13,19:47:38,INFO,WebServer,Transaction tx420933 completed in 708ms,E104,Transaction {tx} completed in {time}ms
53622,2026-01-13,19:02:27,INFO,WebServer,Transaction tx458448 completed in 924ms,E104,Transaction {tx} completed in {time}ms
53623,2026-01-13,19:51:19,INFO,AuthService,User u4976 login successful,E101,User {user} login successful
53624,2026-01-13,19:52:43,INFO,WebServer,Page view: /home by u1942,E103,Page view: {page} by {user}
53625,2026-01-13,19:02:39,INFO,WebServer,User u3607 login successful,E101,User {user} login successful
53626,2026-01-13,19:05:38,INFO,OrderProcessor,User u2981 login successful,E101,User {user} login successful
53627,2026-01-13,19:53:29,INFO,OrderProcessor,User u4627 login successful,E101,User {user} login successful
53628,2026-01-13,19:15:23,INFO,WebServer,User u1668 login successful,E101,User {user} login successful
53629,2026-01-13,19:04:42,INFO,AuthService,User u4005 login successful,E101,User {user} login successful
53630,2026-01-13,19:12:06,INFO,WebServer,Health check passed: WebServer,E102,Health check passed: {service}
53631,2026-01-13,19:50:37,INFO,WebServer,Transaction tx808386 completed in 1447ms,E104,Transaction {tx} completed in {time}ms
53632,2026-01-13,19:31:18,INFO,WebServer,Transaction tx735230 completed in 1315ms,E104,Transaction {tx} completed in {time}ms
53633,2026-01-13,19:55:38,INFO,AuthService,Page view: /home by u4668,E103,Page view: {page} by {user}
53634,2026-01-13,19:15:20,INFO,OrderProcessor,Health check passed: OrderProcessor,E102,Health check passed: {service}
53635,2026-01-13,19:48:09,INFO,WebServer,Page view: /home by u2512,E103,Page view: {page} by {user}
53636,2026-01-13,19:59:10,INFO,PaymentGateway,User u4869 login successful,E101,User {user} login successful
53637,2026-01-13,19:47:49,INFO,PaymentGateway,User u4795 login successful,E101,User {user} login successful
53638,2026-01-13,19:03:10,INFO,OrderProcessor,Transaction tx169435 completed in 801ms,E104,Transaction {tx} completed in {time}ms
53639,2026-01-13,19:53:29,INFO,WebServer,Page view: /home by u4666,E103,Page view: {page} by {user}
53640,2026-01-13,19:29:12,INFO,WebServer,Page view: /home by u1215,E103,Page view: {page} by {user}
53641,2026-01-13,19:00:53,INFO,WebServer,Health check passed: WebServer,E102,Health check passed: {service}
53642,2026-01-13,19:01:56,INFO,PaymentGateway,Transaction tx259180 completed in 1995ms,E104,Transaction {tx} completed in {time}ms
53643,2026-01-13,19:10:36,INFO,InventoryDB,Transaction tx391644 completed in 340ms,E104,Transaction {tx} completed in {time}ms
53644,2026-01-13,19:16:36,CRITICAL,AuthService,DATA CORRUPTION detected in sector 391,E602,DATA CORRUPTION detected in sector {sector}
53645,2026-01-13,19:59:58,INFO,AuthService,Health check passed: AuthService,E102,Health check passed: {service}
53646,2026-01-13,19:39:05,INFO,InventoryDB,Page view: /home by u3098,E103,Page view: {page} by {user}
53647,2026-01-13,19:06:11,INFO,WebServer,Transaction tx337933 completed in 1795ms,E104,Transaction {tx} completed in {time}ms
53648,2026-01-13,19:35:31,INFO,WebServer,Health check passed: WebServer,E102,Health check passed: {service}
53649,2026-01-13,19:18:37,INFO,OrderProcessor,Transaction tx478674 completed in 354ms,E104,Transaction {tx} completed in {time}ms
53650,2026-01-13,19:10:21,INFO,WebServer,Health check passed: WebServer,E102,Health check passed: {service}
53651,2026-01-13,19:55:14,ERROR,WebServer,Payment declined: Gateway unavailable,E503,Payment declined: Gateway unavailable
53652,2026-01-13,19:07:36,WARN,AuthService,High latency (78ms) detected on AuthService,E201,High latency ({time}ms) detected on {service}
53653,2026-01-13,19:56:02,INFO,OrderProcessor,Health check passed: OrderProcessor,E102,Health check passed: {service}
53654,2026-01-13,19:03:34,INFO,AuthService,Transaction tx146886 completed in 1092ms,E104,Transaction {tx} completed in {time}ms
53655,2026-01-13,19:12:07,INFO,PaymentGateway,Page view: /home by u4524,E103,Page view: {page} by {user}
53656,2026-01-13,19:32:30,WARN,WebServer,Disk usage > 85% on node node-3,E202,Disk usage > 85% on node {node}
53657,2026-01-13,19:20:48,INFO,OrderProcessor,Transaction tx899659 completed in 1555ms,E104,Transaction {tx} completed in {time}ms
53658,2026-01-13,19:08:45,WARN,AuthService,Unauthorized access attempt from 10.0.0.88,E401,Unauthorized access attempt from {ip}
53659,2026-01-13,19:03:50,INFO,WebServer,Transaction tx120733 completed in 211ms,E104,Transaction {tx} completed in {time}ms
53660,2026-01-13,19:29:20,INFO,WebServer,Transaction tx972817 completed in 1954ms,E104,Transaction {tx} completed in {time}ms
53661,2026-01-13,19:31:57,INFO,InventoryDB,User u4892 login successful,E101,User {user} login successful
53662,2026-01-13,19:28:55,INFO,WebServer,Page view: /home by u3384,E103,Page view: {page} by {user}
53663,2026-01-13,19:12:42,INFO,OrderProcessor,Health check passed: OrderProcessor,E102,Health check passed: {service}
53664,2026-01-13,19:49:52,INFO,AuthService,User u1670 login successful,E101,User {user} login successful
53665,2026-01-13,19:10:59,WARN,WebServer,Unauthorized access attempt from 10.0.0.12,E401,Unauthorized access attempt from {ip}
53666,2026-01-13,19:17:20,WARN,PaymentGateway,Unauthorized access attempt from 10.0.0.12,E401,Unauthorized access attempt from {ip}
53667,2026-01-13,19:38:30,WARN,WebServer,Disk usage > 85% on node node-2,E202,Disk usage > 85% on node {node}
53668,2026-01-13,19:38:07,INFO,WebServer,Health check passed: WebServer,E102,Health check passed: {service}
53669,2026-01-13,19:12:22,INFO,WebServer,Health check passed: WebServer,E102,Health check passed: {service}
53670,2026-01-13,19:52:50,INFO,AuthService,Transaction tx188407 completed in 193ms,E104,Transaction {tx} completed in {time}ms
53671,2026-01-13,19:03:39,INFO,WebServer,User u4541 login successful,E101,User {user} login successful
53672,2026-01-13,19:18:13,INFO,WebServer,Transaction tx331450 completed in 1405ms,E104,Transaction {tx} completed in {time}ms
53673,2026-01-13,19:05:52,WARN,AuthService,High latency (1941ms) detected on AuthService,E201,High latency ({time}ms) detected on {service}
53674,2026-01-13,19:06:52,WARN,AuthService,Unauthorized access attempt from 10.0.0.99,E401,Unauthorized access attempt from {ip}
53675,2026-01-13,19:34:04,INFO,WebServer,Transaction tx314076 completed in 802ms,E104,Transaction {tx} completed in {time}ms
53676,2026-01-13,19:50:04,INFO,PaymentGateway,Transaction tx115302 completed in 1092ms,E104,Transaction {tx} completed in {time}ms
53677,2026-01-13,19:18:05,INFO,AuthService,Health check passed: AuthService,E102,Health check passed: {service}
53678,2026-01-13,19:11:44,INFO,AuthService,Page view: /home by u2308,E103,Page view: {page} by {user}
53679,2026-01-13,19:51:48,INFO,WebServer,Page view: /home by u4164,E103,Page view: {page} by {user}
53680,2026-01-13,19:26:26,INFO,OrderProcessor,Page view: /home by u4252,E103,Page view: {page} by {user}
53681,2026-01-13,19:26:02,INFO,OrderProcessor,Transaction tx988522 completed in 1072ms,E104,Transaction {tx} completed in {time}ms
53682,2026-01-13,19:15:01,INFO,WebServer,Health check passed: WebServer,E102,Health check passed: {service}
53683,2026-01-13,19:10:15,INFO,WebServer,Page view: /home by u3209,E103,Page view: {page} by {user}
53684,2026-01-13,19:11:33,INFO,PaymentGateway,Transaction tx430231 completed in 294ms,E104,Transaction {tx} completed in {time}ms
53685,2026-01-13,19:42:38,INFO,WebServer,Transaction tx537297 completed in 969ms,E104,Transaction {tx} completed in {time}ms
53686,2026-01-13,19:04:03,WARN,WebServer,Disk usage > 85% on node node-5,E202,Disk usage > 85% on node {node}
53687,2026-01-13,19:59:15,INFO,WebServer,Transaction tx328055 completed in 525ms,E104,Transaction {tx} completed in {time}ms
53688,2026-01-13,19:42:49,WARN,AuthService,Disk usage > 85% on node node-4,E202,Disk usage > 85% on node {node}
53689,2026-01-13,19:32:05,INFO,WebServer,Page view: /home by u4536,E103,Page view: {page} by {user}
53690,2026-01-13,19:27:17,INFO,OrderProcessor,Page view: /home by u4415,E103,Page view: {page} by {user}
53691,2026-01-13,19:08:53,INFO,WebServer,Transaction tx662627 completed in 178ms,E104,Transaction {tx} completed in {time}ms
53692,2026-01-13,19:31:44,INFO,WebServer,Health check passed: WebServer,E102,Health check passed: {service}
53693,2026-01-13,19:56:22,INFO,WebServer,Page view: /home by u4599,E103,Page view: {page} by {user}
53694,2026-01-13,19:47:49,INFO,WebServer,User u2750 login successful,E101,User {user} login successful
53695,2026-01-13,19:15:00,WARN,InventoryDB,Unauthorized access attempt from 10.0.0.45,E401,Unauthorized access attempt from {ip}
53696,2026-01-13,19:50:13,INFO,WebServer,User u2262 login successful,E101,User {user} login successful
53697,2026-01-13,19:14:49,INFO,PaymentGateway,Page view: /home by u1584,E103,Page view: {page} by {user}
53698,2026-01-13,19:12:13,INFO,WebServer,Page view: /home by u3125,E103,Page view: {page} by {user}
53699,2026-01-13,19:18:35,WARN,WebServer,Disk usage > 85% on node node-1,E202,Disk usage > 85% on node {node}
53700,2026-01-13,19:27:04,INFO,AuthService,Health check passed: AuthService,E102,Health check passed: {service}
53701,2026-01-13,19:07:16,INFO,WebServer,User u2549 login successful,E101,User {user} login successful
53702,2026-01-13,19:42:04,INFO,WebServer,Transaction tx750307 completed in 1037ms,E104,Transaction {tx} completed in {time}ms
53703,2026-01-13,19:48:06,INFO,InventoryDB,Page view: /home by u4311,E103,Page view: {page} by {user}
53704,2026-01-13,19:35:24,INFO,WebServer,User u2566 login successful,E101,User {user} login successful
53705,2026-01-13,19:31:09,INFO,InventoryDB,User u4813 login successful,E101,User {user} login successful
53706,2026-01-13,19:07:08,INFO,OrderProcessor,Transaction tx261861 completed in 1525ms,E104,Transaction {tx} completed in {time}ms
53707,2026-01-13,19:27:25,WARN,WebServer,High latency (1509ms) detected on WebServer,E201,High latency ({time}ms) detected on {service}
53708,2026-01-13,19:13:55,INFO,AuthService,Health check passed: AuthService,E102,Health check passed: {service}
53709,2026-01-13,19:53:54,INFO,WebServer,Health check passed: WebServer,E102,Health check passed: {service}
53710,2026-01-13,19:45:55,INFO,WebServer,User u1975 login successful,E101,User {user} login successful
53711,2026-01-13,19:38:27,INFO,WebServer,Transaction tx487005 completed in 1935ms,E104,Transaction {tx} completed in {time}ms
53712,2026-01-13,19:43:37,INFO,PaymentGateway,User u3614 login successful,E101,User {user} login successful
53713,2026-01-13,19:41:09,CRITICAL,WebServer,KERNEL PANIC: Node node-5 crashed,E601,KERNEL PANIC: Node {node} crashed
53714,2026-01-13,19:09:39,INFO,WebServer,Page view: /home by u3452,E103,Page view: {page} by {user}
53715,2026-01-13,19:23:09,INFO,PaymentGateway,User u4992 login successful,E101,User {user} login successful
53716,2026-01-13,19:35:20,INFO,AuthService,Page view: /home by u1659,E103,Page view: {page} by {user}
53717,2026-01-13,19:48:59,INFO,AuthService,Transaction tx834937 completed in 1601ms,E104,Transaction {tx} completed in {time}ms
53718,2026-01-13,19:37:01,INFO,AuthService,Page view: /home by u3253,E103,Page view: {page} by {user}
53719,2026-01-13,19:30:42,INFO,WebServer,User u2700 login successful,E101,User {user} login successful
53720,2026-01-13,19:36:28,INFO,WebServer,User u4088 login successful,E101,User {user} login successful
53721,2026-01-13,19:47:18,INFO,WebServer,User u2867 login successful,E101,User {user} login successful
53722,2026-01-13,19:43:34,INFO,AuthService,Page view: /home by u2810,E103,Page view: {page} by {user}
53723,2026-01-13,19:31:31,INFO,WebServer,Page view: /home by u3831,E103,Page view: {page} by {user}
53724,2026-01-13,19:41:26,INFO,InventoryDB,User u4412 login successful,E101,User {user} login successful
53725,2026-01-13,19:28:36,INFO,WebServer,Page view: /home by u1949,E103,Page view: {page} by {user}
53726,2026-01-13,19:28:11,INFO,WebServer,User u4835 login successful,E101,User {user} login successful
53727,2026-01-13,19:01:53,INFO,AuthService,Page view: /home by u2095,E103,Page view: {page} by {user}
53728,2026-01-13,19:04:42,INFO,WebServer,Page view: /home by u1189,E103,Page view: {page} by {user}
53729,2026-01-13,19:27:20,INFO,WebServer,User u3044 login successful,E101,User {user} login successful
53730,2026-01-13,19:51:32,INFO,InventoryDB,Health check passed: InventoryDB,E102,Health check passed: {service}
53731,2026-01-13,19:37:50,INFO,OrderProcessor,Page view: /home by u4399,E103,Page view: {page} by {user}
53732,2026-01-13,19:00:58,INFO,WebServer,Transaction tx152387 completed in 1022ms,E104,Transaction {tx} completed in {time}ms
53733,2026-01-13,19:30:09,INFO,WebServer,User u4948 login successful,E101,User {user} login successful
53734,2026-01-13,19:02:17,INFO,WebServer,User u3856 login successful,E101,User {user} login successful
53735,2026-01-13,19:44:46,ERROR,WebServer,Payment declined: Gateway unavailable,E503,Payment declined: Gateway unavailable
53736,2026-01-13,19:47:18,INFO,WebServer,User u1341 login successful,E101,User {user} login successful
53737,2026-01-13,19:31:09,INFO,WebServer,Transaction tx763349 completed in 878ms,E104,Transaction {tx} completed in {time}ms
53738,2026-01-13,19:04:08,INFO,WebServer,Health check passed: WebServer,E102,Health check passed: {service}
53739,2026-01-13,19:46:01,INFO,OrderProcessor,Transaction tx844422 completed in 384ms,E104,Transaction {tx} completed in {time}ms
53740,2026-01-13,19:38:29,INFO,OrderProcessor,Health check passed: OrderProcessor,E102,Health check passed: {service}
53741,2026-01-13,19:02:19,INFO,WebServer,Transaction tx810138 completed in 202ms,E104,Transaction {tx} completed in {time}ms
53742,2026-01-13,19:07:40,INFO,WebServer,Transaction tx104616 completed in 434ms,E104,Transaction {tx} completed in {time}ms
53743,2026-01-13,19:03:52,INFO,WebServer,User u2920 login successful,E101,User {user} login successful
53744,2026-01-13,19:32:40,INFO,WebServer,User u2468 login successful,E101,User {user} login successful
53745,2026-01-13,19:02:14,INFO,WebServer,User u1018 login successful,E101,User {user} login successful
53746,2026-01-13,19:31:15,INFO,PaymentGateway,Transaction tx931641 completed in 1687ms,E104,Transaction {tx} completed in {time}ms
53747,2026-01-13,19:22:08,INFO,InventoryDB,Transaction tx666990 completed in 168ms,E104,Transaction {tx} completed in {time}ms
53748,2026-01-13,19:12:23,INFO,WebServer,Health check passed: WebServer,E102,Health check passed: {service}
53749,2026-01-13,19:31:42,INFO,AuthService,Page view: /home by u3337,E103,Page view: {page} by {user}
53750,2026-01-13,19:44:41,INFO,WebServer,Transaction tx331326 completed in 716ms,E104,Transaction {tx} completed in {time}ms
53751,2026-01-13,19:00:19,INFO,AuthService,Transaction tx476015 completed in 934ms,E104,Transaction {tx} completed in {time}ms
53752,2026-01-13,19:19:29,INFO,WebServer,Transaction tx247098 completed in 1306ms,E104,Transaction {tx} completed in {time}ms
53753,2026-01-13,19:49:47,INFO,AuthService,Page view: /home by u3389,E103,Page view: {page} by {user}
53754,2026-01-13,19:22:44,INFO,WebServer,Health check passed: WebServer,E102,Health check passed: {service}
53755,2026-01-13,19:31:53,INFO,WebServer,User u2898 login successful,E101,User {user} login successful
53756,2026-01-13,19:06:46,INFO,WebServer,User u3116 login successful,E101,User {user} login successful
53757,2026-01-13,19:39:56,INFO,AuthService,Health check passed: AuthService,E102,Health check passed: {service}
53758,2026-01-13,19:33:09,WARN,WebServer,Disk usage > 85% on node node-3,E202,Disk usage > 85% on node {node}
53759,2026-01-13,19:17:24,INFO,PaymentGateway,Transaction tx450070 completed in 709ms,E104,Transaction {tx} completed in {time}ms
53760,2026-01-13,19:25:27,INFO,InventoryDB,Transaction tx266771 completed in 178ms,E104,Transaction {tx} completed in {time}ms
53761,2026-01-13,19:25:20,ERROR,PaymentGateway,Timeout waiting for lock on InventoryDB,E502,Timeout waiting for lock on {db}
53762,2026-01-13,19:59:24,INFO,WebServer,User u2591 login successful,E101,User {user} login successful
53763,2026-01-13,19:24:26,INFO,PaymentGateway,Transaction tx384972 completed in 61ms,E104,Transaction {tx} completed in {time}ms
53764,2026-01-13,19:19:28,INFO,WebServer,Transaction tx168528 completed in 839ms,E104,Transaction {tx} completed in {time}ms
53765,2026-01-13,19:58:40,INFO,WebServer,Health check passed: WebServer,E102,Health check passed: {service}
53766,2026-01-13,19:36:36,INFO,AuthService,User u2041 login successful,E101,User {user} login successful
53767,2026-01-13,19:39:51,INFO,WebServer,Transaction tx349287 completed in 295ms,E104,Transaction {tx} completed in {time}ms
53768,2026-01-13,19:15:15,INFO,AuthService,Health check passed: AuthService,E102,Health check passed: {service}
53769,2026-01-13,19:23:52,INFO,WebServer,Transaction tx297034 completed in 1271ms,E104,Transaction {tx} completed in {time}ms
53770,2026-01-13,19:23:03,INFO,WebServer,User u4656 login successful,E101,User {user} login successful
53771,2026-01-13,19:37:15,INFO,WebServer,Health check passed: WebServer,E102,Health check passed: {service}
53772,2026-01-13,19:14:03,INFO,OrderProcessor,Transaction tx613178 completed in 85ms,E104,Transaction {tx} completed in {time}ms
53773,2026-01-13,19:20:43,INFO,WebServer,Health check passed: WebServer,E102,Health check passed: {service}
53774,2026-01-13,19:33:10,INFO,OrderProcessor,Page view: /home by u2162,E103,Page view: {page} by {user}
53775,2026-01-13,19:41:31,INFO,PaymentGateway,User u3968 login successful,E101,User {user} login successful
53776,2026-01-13,19:54:40,INFO,WebServer,Page view: /home by u2675,E103,Page view: {page} by {user}
53777,2026-01-13,19:49:04,WARN,OrderProcessor,High latency (1121ms) detected on OrderProcessor,E201,High latency ({time}ms) detected on {service}
53778,2026-01-13,19:54:16,INFO,WebServer,User u4711 login successful,E101,User {user} login successful
53779,2026-01-13,19:14:42,INFO,OrderProcessor,Page view: /home by u2250,E103,Page view: {page} by {user}
53780,2026-01-13,19:06:21,INFO,PaymentGateway,Health check passed: PaymentGateway,E102,Health check passed: {service}
53781,2026-01-13,19:13:31,WARN,WebServer,Disk usage > 85% on node node-1,E202,Disk usage > 85% on node {node}
53782,2026-01-13,19:17:32,INFO,OrderProcessor,User u3341 login successful,E101,User {user} login successful
53783,2026-01-13,19:39:10,INFO,AuthService,User u3832 login successful,E101,User {user} login successful
53784,2026-01-13,19:02:24,INFO,WebServer,User u4496 login successful,E101,User {user} login successful
53785,2026-01-13,19:08:06,INFO,WebServer,User u4023 login successful,E101,User {user} login successful
53786,2026-01-13,19:00:29,INFO,AuthService,Page view: /home by u2129,E103,Page view: {page} by {user}
53787,2026-01-13,19:52:37,INFO,WebServer,User u3194 login successful,E101,User {user} login successful
53788,2026-01-13,19:17:00,INFO,AuthService,Page view: /home by u2443,E103,Page view: {page} by {user}
53789,2026-01-13,19:38:42,INFO,WebServer,Page view: /home by u2282,E103,Page view: {page} by {user}
53790,2026-01-13,19:41:45,INFO,AuthService,Transaction tx337450 completed in 1510ms,E104,Transaction {tx} completed in {time}ms
53791,2026-01-13,19:12:17,INFO,OrderProcessor,Health check passed: OrderProcessor,E102,Health check passed: {service}
53792,2026-01-13,19:01:18,INFO,WebServer,Page view: /home by u4834,E103,Page view: {page} by {user}
53793,2026-01-13,19:00:25,INFO,WebServer,Page view: /home by u1612,E103,Page view: {page} by {user}
53794,2026-01-13,19:14:08,INFO,WebServer,User u2524 login successful,E101,User {user} login successful
53795,2026-01-13,19:40:52,INFO,AuthService,Page view: /home by u3300,E103,Page view: {page} by {user}
53796,2026-01-13,19:36:07,INFO,AuthService,Health check passed: AuthService,E102,Health check passed: {service}
53797,2026-01-13,19:46:26,INFO,OrderProcessor,Page view: /home by u3829,E103,Page view: {page} by {user}
53798,2026-01-13,19:26:08,INFO,OrderProcessor,Transaction tx625725 completed in 446ms,E104,Transaction {tx} completed in {time}ms
53799,2026-01-13,19:28:20,INFO,WebServer,Health check passed: WebServer,E102,Health check passed: {service}
53800,2026-01-13,19:15:48,INFO,OrderProcessor,Page view: /home by u2042,E103,Page view: {page} by {user}
53801,2026-01-13,19:48:59,INFO,WebServer,Transaction tx611989 completed in 1283ms,E104,Transaction {tx} completed in {time}ms
53802,2026-01-13,19:49:56,INFO,OrderProcessor,Page view: /home by u3047,E103,Page view: {page} by {user}
53803,2026-01-13,19:29:42,INFO,PaymentGateway,Health check passed: PaymentGateway,E102,Health check passed: {service}
53804,2026-01-13,19:26:26,INFO,WebServer,User u1976 login successful,E101,User {user} login successful
53805,2026-01-13,19:23:15,INFO,AuthService,Page view: /home by u1550,E103,Page view: {page} by {user}
53806,2026-01-13,19:44:19,INFO,WebServer,Health check passed: WebServer,E102,Health check passed: {service}
53807,2026-01-13,19:47:15,INFO,OrderProcessor,User u1430 login successful,E101,User {user} login successful
53808,2026-01-13,19:34:50,INFO,AuthService,User u1916 login successful,E101,User {user} login successful
53809,2026-01-13,19:48:41,INFO,WebServer,User u2952 login successful,E101,User {user} login successful
53810,2026-01-13,19:04:41,INFO,AuthService,Health check passed: AuthService,E102,Health check passed: {service}
53811,2026-01-13,19:15:41,INFO,AuthService,Health check passed: AuthService,E102,Health check passed: {service}
53812,2026-01-13,19:49:58,WARN,WebServer,High latency (1349ms) detected on WebServer,E201,High latency ({time}ms) detected on {service}
53813,2026-01-13,19:05:08,INFO,WebServer,Transaction tx703654 completed in 1041ms,E104,Transaction {tx} completed in {time}ms
53814,2026-01-13,19:51:02,INFO,WebServer,User u4084 login successful,E101,User {user} login successful
53815,2026-01-13,19:39:10,INFO,OrderProcessor,Transaction tx974868 completed in 727ms,E104,Transaction {tx} completed in {time}ms
53816,2026-01-13,19:25:21,INFO,WebServer,Health check passed: WebServer,E102,Health check passed: {service}
53817,2026-01-13,19:39:50,INFO,WebServer,Page view: /home by u1951,E103,Page view: {page} by {user}
53818,2026-01-13,19:07:00,INFO,WebServer,Page view: /home by u3275,E103,Page view: {page} by {user}
53819,2026-01-13,19:20:16,INFO,AuthService,Transaction tx617753 completed in 1565ms,E104,Transaction {tx} completed in {time}ms
53820,2026-01-13,19:03:40,INFO,WebServer,Health check passed: WebServer,E102,Health check passed: {service}
53821,2026-01-13,19:04:48,INFO,InventoryDB,Transaction tx389912 completed in 1509ms,E104,Transaction {tx} completed in {time}ms
53822,2026-01-13,19:32:56,INFO,InventoryDB,User u3209 login successful,E101,User {user} login successful
53823,2026-01-13,19:43:40,INFO,PaymentGateway,Transaction tx624146 completed in 1829ms,E104,Transaction {tx} completed in {time}ms
53824,2026-01-13,19:58:36,WARN,WebServer,High latency (1593ms) detected on WebServer,E201,High latency ({time}ms) detected on {service}
53825,2026-01-13,19:40:57,INFO,WebServer,Page view: /home by u2368,E103,Page view: {page} by {user}
53826,2026-01-13,19:13:11,INFO,WebServer,User u4741 login successful,E101,User {user} login successful
53827,2026-01-13,19:18:59,INFO,AuthService,User u2192 login successful,E101,User {user} login successful
53828,2026-01-13,19:51:38,INFO,OrderProcessor,Page view: /home by u4718,E103,Page view: {page} by {user}
53829,2026-01-13,19:24:34,INFO,PaymentGateway,Transaction tx675710 completed in 1624ms,E104,Transaction {tx} completed in {time}ms
53830,2026-01-13,19:47:33,INFO,AuthService,Transaction tx831898 completed in 849ms,E104,Transaction {tx} completed in {time}ms
53831,2026-01-13,19:55:15,INFO,WebServer,User u3809 login successful,E101,User {user} login successful
53832,2026-01-13,19:24:56,INFO,AuthService,User u2876 login successful,E101,User {user} login successful
53833,2026-01-13,19:33:01,ERROR,WebServer,Payment declined: Gateway unavailable,E503,Payment declined: Gateway unavailable
53834,2026-01-13,19:04:57,INFO,WebServer,Health check passed: WebServer,E102,Health check passed: {service}
53835,2026-01-13,19:04:02,WARN,WebServer,Disk usage > 85% on node node-4,E202,Disk usage > 85% on node {node}
53836,2026-01-13,19:43:51,INFO,WebServer,Transaction tx922739 completed in 1281ms,E104,Transaction {tx} completed in {time}ms
53837,2026-01-13,19:36:43,INFO,OrderProcessor,User u4041 login successful,E101,User {user} login successful
53838,2026-01-13,19:34:53,INFO,AuthService,Page view: /home by u4490,E103,Page view: {page} by {user}
53839,2026-01-13,19:35:57,INFO,WebServer,Health check passed: WebServer,E102,Health check passed: {service}
53840,2026-01-13,19:04:27,INFO,WebServer,Health check passed: WebServer,E102,Health check passed: {service}
53841,2026-01-13,19:28:04,INFO,WebServer,User u3720 login successful,E101,User {user} login successful
53842,2026-01-13,19:58:43,INFO,AuthService,Transaction tx217880 completed in 1444ms,E104,Transaction {tx} completed in {time}ms
53843,2026-01-13,19:53:25,CRITICAL,WebServer,KERNEL PANIC: Node node-1 crashed,E601,KERNEL PANIC: Node {node} crashed
53844,2026-01-13,19:31:14,INFO,AuthService,User u2175 login successful,E101,User {user} login successful
53845,2026-01-13,19:22:50,INFO,OrderProcessor,User u4213 login successful,E101,User {user} login successful
53846,2026-01-13,19:00:47,INFO,AuthService,Page view: /home by u2714,E103,Page view: {page} by {user}
53847,2026-01-13,19:23:58,INFO,WebServer,Page view: /home by u4728,E103,Page view: {page} by {user}
53848,2026-01-13,19:39:04,INFO,AuthService,Transaction tx337900 completed in 889ms,E104,Transaction {tx} completed in {time}ms
53849,2026-01-13,19:06:53,INFO,WebServer,Health check passed: WebServer,E102,Health check passed: {service}
53850,2026-01-13,19:29:34,INFO,AuthService,Health check passed: AuthService,E102,Health check passed: {service}
53851,2026-01-13,19:45:24,INFO,AuthService,Transaction tx265067 completed in 911ms,E104,Transaction {tx} completed in {time}ms
53852,2026-01-13,19:36:26,INFO,AuthService,Transaction tx638982 completed in 220ms,E104,Transaction {tx} completed in {time}ms
53853,2026-01-13,19:08:20,INFO,AuthService,Page view: /home by u4983,E103,Page view: {page} by {user}
53854,2026-01-13,19:09:25,INFO,WebServer,Transaction tx938084 completed in 1639ms,E104,Transaction {tx} completed in {time}ms
53855,2026-01-13,19:05:12,INFO,WebServer,Transaction tx462830 completed in 1949ms,E104,Transaction {tx} completed in {time}ms
53856,2026-01-13,19:00:08,INFO,AuthService,Page view: /home by u1079,E103,Page view: {page} by {user}
53857,2026-01-13,19:10:37,INFO,WebServer,Transaction tx572554 completed in 1006ms,E104,Transaction {tx} completed in {time}ms
53858,2026-01-13,19:25:42,INFO,WebServer,Health check passed: WebServer,E102,Health check passed: {service}
53859,2026-01-13,19:44:38,INFO,WebServer,Transaction tx723708 completed in 490ms,E104,Transaction {tx} completed in {time}ms
53860,2026-01-13,19:42:02,INFO,OrderProcessor,Transaction tx478004 completed in 339ms,E104,Transaction {tx} completed in {time}ms
53861,2026-01-13,19:26:21,INFO,PaymentGateway,Health check passed: PaymentGateway,E102,Health check passed: {service}
53862,2026-01-13,19:14:47,INFO,WebServer,Page view: /home by u2849,E103,Page view: {page} by {user}
53863,2026-01-13,19:50:09,INFO,WebServer,Page view: /home by u1378,E103,Page view: {page} by {user}
53864,2026-01-13,19:09:56,INFO,WebServer,Health check passed: WebServer,E102,Health check passed: {service}
53865,2026-01-13,19:10:46,INFO,AuthService,Transaction tx194279 completed in 1769ms,E104,Transaction {tx} completed in {time}ms
53866,2026-01-13,19:28:55,INFO,WebServer,Page view: /home by u4230,E103,Page view: {page} by {user}
53867,2026-01-13,19:52:36,INFO,WebServer,Page view: /home by u2842,E103,Page view: {page} by {user}
53868,2026-01-13,19:23:28,INFO,WebServer,Page view: /home by u3955,E103,Page view: {page} by {user}
53869,2026-01-13,19:56:27,INFO,WebServer,Transaction tx656643 completed in 1927ms,E104,Transaction {tx} completed in {time}ms
53870,2026-01-13,19:08:01,INFO,WebServer,Page view: /home by u2103,E103,Page view: {page} by {user}
53871,2026-01-13,19:49:12,WARN,OrderProcessor,Unauthorized access attempt from 10.0.0.88,E401,Unauthorized access attempt from {ip}
53872,2026-01-13,19:29:59,INFO,WebServer,User u2351 login successful,E101,User {user} login successful
53873,2026-01-13,19:42:48,INFO,AuthService,Transaction tx615279 completed in 1860ms,E104,Transaction {tx} completed in {time}ms
53874,2026-01-13,19:21:33,CRITICAL,PaymentGateway,DATA CORRUPTION detected in sector 768,E602,DATA CORRUPTION detected in sector {sector}
53875,2026-01-13,19:00:31,INFO,AuthService,Page view: /home by u1819,E103,Page view: {page} by {user}
53876,2026-01-13,19:57:30,INFO,InventoryDB,Health check passed: InventoryDB,E102,Health check passed: {service}
53877,2026-01-13,19:15:23,INFO,OrderProcessor,Health check passed: OrderProcessor,E102,Health check passed: {service}
53878,2026-01-13,19:45:25,WARN,WebServer,Unauthorized access attempt from 10.0.0.45,E401,Unauthorized access attempt from {ip}
53879,2026-01-13,19:31:32,INFO,WebServer,User u3616 login successful,E101,User {user} login successful
53880,2026-01-13,19:45:21,INFO,AuthService,Health check passed: AuthService,E102,Health check passed: {service}
53881,2026-01-13,19:01:25,INFO,WebServer,Page view: /home by u3623,E103,Page view: {page} by {user}
53882,2026-01-13,19:29:59,INFO,WebServer,Page view: /home by u3653,E103,Page view: {page} by {user}
53883,2026-01-13,19:05:41,INFO,WebServer,Page view: /home by u1205,E103,Page view: {page} by {user}
53884,2026-01-13,19:12:31,INFO,AuthService,Page view: /home by u3423,E103,Page view: {page} by {user}
53885,2026-01-13,19:06:50,INFO,AuthService,Health check passed: AuthService,E102,Health check passed: {service}
53886,2026-01-13,19:36:23,INFO,WebServer,User u1569 login successful,E101,User {user} login successful
53887,2026-01-13,19:54:36,INFO,OrderProcessor,Transaction tx390050 completed in 942ms,E104,Transaction {tx} completed in {time}ms
53888,2026-01-13,19:54:59,INFO,InventoryDB,Transaction tx916238 completed in 1442ms,E104,Transaction {tx} completed in {time}ms
53889,2026-01-13,19:08:02,INFO,WebServer,User u3424 login successful,E101,User {user} login successful
53890,2026-01-13,19:15:13,INFO,OrderProcessor,Page view: /home by u2524,E103,Page view: {page} by {user}
53891,2026-01-13,19:42:53,INFO,PaymentGateway,Page view: /home by u1333,E103,Page view: {page} by {user}
53892,2026-01-13,19:26:43,INFO,WebServer,User u2543 login successful,E101,User {user} login successful
53893,2026-01-13,19:06:32,INFO,PaymentGateway,Page view: /home by u3061,E103,Page view: {page} by {user}
53894,2026-01-13,19:30:47,INFO,AuthService,User u3407 login successful,E101,User {user} login successful
53895,2026-01-13,19:05:56,WARN,OrderProcessor,High latency (1398ms) detected on OrderProcessor,E201,High latency ({time}ms) detected on {service}
53896,2026-01-13,19:31:05,INFO,WebServer,Transaction tx919249 completed in 335ms,E104,Transaction {tx} completed in {time}ms
53897,2026-01-13,19:57:18,INFO,AuthService,Health check passed: AuthService,E102,Health check passed: {service}
53898,2026-01-13,19:35:05,INFO,AuthService,Health check passed: AuthService,E102,Health check passed: {service}
53899,2026-01-13,19:59:23,INFO,WebServer,Transaction tx776502 completed in 1297ms,E104,Transaction {tx} completed in {time}ms
53900,2026-01-13,19:20:48,INFO,AuthService,Health check passed: AuthService,E102,Health check passed: {service}
53901,2026-01-13,19:54:10,INFO,AuthService,Health check passed: AuthService,E102,Health check passed: {service}
53902,2026-01-13,19:10:01,INFO,PaymentGateway,User u3226 login successful,E101,User {user} login successful
53903,2026-01-13,19:45:08,INFO,WebServer,User u3207 login successful,E101,User {user} login successful
53904,2026-01-13,19:13:32,INFO,AuthService,Page view: /home by u2703,E103,Page view: {page} by {user}
53905,2026-01-13,19:16:44,INFO,WebServer,User u2820 login successful,E101,User {user} login successful
53906,2026-01-13,19:34:43,INFO,WebServer,Page view: /home by u3589,E103,Page view: {page} by {user}
53907,2026-01-13,19:48:42,INFO,WebServer,Page view: /home by u3530,E103,Page view: {page} by {user}
53908,2026-01-13,19:36:52,INFO,WebServer,User u2964 login successful,E101,User {user} login successful
53909,2026-01-13,19:49:34,INFO,PaymentGateway,User u1445 login successful,E101,User {user} login successful
53910,2026-01-13,19:40:48,INFO,AuthService,Page view: /home by u2384,E103,Page view: {page} by {user}
53911,2026-01-13,19:46:46,INFO,WebServer,Health check passed: WebServer,E102,Health check passed: {service}
53912,2026-01-13,19:01:21,INFO,WebServer,User u3233 login successful,E101,User {user} login successful
53913,2026-01-13,19:19:21,INFO,WebServer,Transaction tx958281 completed in 572ms,E104,Transaction {tx} completed in {time}ms
53914,2026-01-13,19:49:24,INFO,OrderProcessor,Health check passed: OrderProcessor,E102,Health check passed: {service}
53915,2026-01-13,19:07:58,INFO,AuthService,Health check passed: AuthService,E102,Health check passed: {service}
53916,2026-01-13,19:52:50,INFO,AuthService,Health check passed: AuthService,E102,Health check passed: {service}
53917,2026-01-13,19:48:00,INFO,AuthService,Health check passed: AuthService,E102,Health check passed: {service}
53918,2026-01-13,19:32:10,INFO,WebServer,Health check passed: WebServer,E102,Health check passed: {service}
53919,2026-01-13,19:44:08,INFO,WebServer,Health check passed: WebServer,E102,Health check passed: {service}
53920,2026-01-13,19:53:21,INFO,PaymentGateway,User u2684 login successful,E101,User {user} login successful
53921,2026-01-13,19:10:36,INFO,AuthService,Page view: /home by u4027,E103,Page view: {page} by {user}
53922,2026-01-13,19:14:29,INFO,AuthService,Transaction tx316172 completed in 780ms,E104,Transaction {tx} completed in {time}ms
53923,2026-01-13,19:36:35,INFO,WebServer,Health check passed: WebServer,E102,Health check passed: {service}
53924,2026-01-13,19:57:53,INFO,AuthService,Page view: /home by u4861,E103,Page view: {page} by {user}
53925,2026-01-13,19:05:47,INFO,OrderProcessor,Health check passed: OrderProcessor,E102,Health check passed: {service}
53926,2026-01-13,19:43:55,INFO,OrderProcessor,Health check passed: OrderProcessor,E102,Health check passed: {service}
53927,2026-01-13,19:49:23,INFO,PaymentGateway,User u3131 login successful,E101,User {user} login successful
53928,2026-01-13,19:34:10,INFO,PaymentGateway,User u4913 login successful,E101,User {user} login successful
53929,2026-01-13,19:47:22,INFO,WebServer,Transaction tx149001 completed in 479ms,E104,Transaction {tx} completed in {time}ms
53930,2026-01-13,19:32:12,INFO,WebServer,Page view: /home by u4442,E103,Page view: {page} by {user}
53931,2026-01-13,19:47:47,INFO,WebServer,Transaction tx129152 completed in 1446ms,E104,Transaction {tx} completed in {time}ms
53932,2026-01-13,19:15:14,INFO,PaymentGateway,Health check passed: PaymentGateway,E102,Health check passed: {service}
53933,2026-01-13,19:52:46,INFO,WebServer,Transaction tx424921 completed in 189ms,E104,Transaction {tx} completed in {time}ms
53934,2026-01-13,19:56:59,INFO,WebServer,User u2245 login successful,E101,User {user} login successful
53935,2026-01-13,19:39:06,INFO,AuthService,Health check passed: AuthService,E102,Health check passed: {service}
53936,2026-01-13,19:07:28,INFO,AuthService,User u1604 login successful,E101,User {user} login successful
53937,2026-01-13,19:11:03,INFO,WebServer,Health check passed: WebServer,E102,Health check passed: {service}
53938,2026-01-13,19:09:37,INFO,WebServer,Page view: /home by u3632,E103,Page view: {page} by {user}
53939,2026-01-13,19:56:18,INFO,WebServer,Health check passed: WebServer,E102,Health check passed: {service}
53940,2026-01-13,19:44:31,INFO,WebServer,Health check passed: WebServer,E102,Health check passed: {service}
53941,2026-01-13,19:10:27,INFO,AuthService,User u2455 login successful,E101,User {user} login successful
53942,2026-01-13,19:28:56,INFO,WebServer,Health check passed: WebServer,E102,Health check passed: {service}
53943,2026-01-13,19:00:06,INFO,WebServer,Health check passed: WebServer,E102,Health check passed: {service}
53944,2026-01-13,19:52:21,INFO,InventoryDB,Transaction tx155207 completed in 1986ms,E104,Transaction {tx} completed in {time}ms
53945,2026-01-13,19:34:14,INFO,OrderProcessor,Page view: /home by u1017,E103,Page view: {page} by {user}
53946,2026-01-13,19:37:40,INFO,AuthService,Health check passed: AuthService,E102,Health check passed: {service}
53947,2026-01-13,19:13:04,INFO,InventoryDB,User u1684 login successful,E101,User {user} login successful
53948,2026-01-13,19:48:23,INFO,OrderProcessor,Page view: /home by u2399,E103,Page view: {page} by {user}
53949,2026-01-13,19:15:00,INFO,OrderProcessor,Health check passed: OrderProcessor,E102,Health check passed: {service}
53950,2026-01-13,19:57:56,INFO,PaymentGateway,Transaction tx984180 completed in 1849ms,E104,Transaction {tx} completed in {time}ms
53951,2026-01-13,19:50:00,WARN,WebServer,Unauthorized access attempt from 10.0.0.45,E401,Unauthorized access attempt from {ip}
53952,2026-01-13,19:46:49,INFO,InventoryDB,Health check passed: InventoryDB,E102,Health check passed: {service}
53953,2026-01-13,19:52:05,INFO,WebServer,Page view: /home by u4164,E103,Page view: {page} by {user}
53954,2026-01-13,19:14:05,INFO,OrderProcessor,Page view: /home by u3575,E103,Page view: {page} by {user}
53955,2026-01-13,19:07:52,INFO,AuthService,Transaction tx852732 completed in 990ms,E104,Transaction {tx} completed in {time}ms
53956,2026-01-13,19:00:35,INFO,WebServer,Transaction tx475870 completed in 1512ms,E104,Transaction {tx} completed in {time}ms
53957,2026-01-13,19:43:28,INFO,AuthService,User u1703 login successful,E101,User {user} login successful
53958,2026-01-13,19:56:29,INFO,WebServer,Health check passed: WebServer,E102,Health check passed: {service}
53959,2026-01-13,19:49:00,INFO,AuthService,Transaction tx335492 completed in 55ms,E104,Transaction {tx} completed in {time}ms
53960,2026-01-13,19:49:00,WARN,AuthService,Disk usage > 85% on node node-3,E202,Disk usage > 85% on node {node}
53961,2026-01-13,19:47:14,INFO,WebServer,User u3867 login successful,E101,User {user} login successful
53962,2026-01-13,19:27:02,INFO,InventoryDB,Transaction tx352104 completed in 1182ms,E104,Transaction {tx} completed in {time}ms
53963,2026-01-13,19:57:48,INFO,WebServer,Health check passed: WebServer,E102,Health check passed: {service}
53964,2026-01-13,19:05:09,WARN,AuthService,Disk usage > 85% on node node-1,E202,Disk usage > 85% on node {node}
53965,2026-01-13,19:42:04,INFO,WebServer,Transaction tx473363 completed in 431ms,E104,Transaction {tx} completed in {time}ms
53966,2026-01-13,19:48:49,INFO,WebServer,Transaction tx474587 completed in 714ms,E104,Transaction {tx} completed in {time}ms
53967,2026-01-13,19:32:54,INFO,WebServer,User u3268 login successful,E101,User {user} login successful
53968,2026-01-13,19:09:25,INFO,OrderProcessor,Page view: /home by u1838,E103,Page view: {page} by {user}
53969,2026-01-13,19:43:30,INFO,WebServer,User u1755 login successful,E101,User {user} login successful
53970,2026-01-13,19:50:35,INFO,WebServer,Page view: /home by u2621,E103,Page view: {page} by {user}
53971,2026-01-13,19:07:55,INFO,AuthService,Transaction tx749671 completed in 1404ms,E104,Transaction {tx} completed in {time}ms
53972,2026-01-13,19:06:05,INFO,PaymentGateway,Transaction tx456816 completed in 994ms,E104,Transaction {tx} completed in {time}ms
53973,2026-01-13,19:01:52,INFO,PaymentGateway,Health check passed: PaymentGateway,E102,Health check passed: {service}
53974,2026-01-13,19:05:39,INFO,OrderProcessor,Page view: /home by u3576,E103,Page view: {page} by {user}
53975,2026-01-13,19:54:58,INFO,OrderProcessor,Transaction tx372696 completed in 1756ms,E104,Transaction {tx} completed in {time}ms
53976,2026-01-13,19:46:32,INFO,WebServer,Page view: /home by u3848,E103,Page view: {page} by {user}
53977,2026-01-13,19:07:31,INFO,OrderProcessor,Page view: /home by u2240,E103,Page view: {page} by {user}
53978,2026-01-13,19:46:57,INFO,WebServer,Health check passed: WebServer,E102,Health check passed: {service}
53979,2026-01-13,19:22:05,INFO,WebServer,Transaction tx288647 completed in 1065ms,E104,Transaction {tx} completed in {time}ms
53980,2026-01-13,19:47:16,INFO,WebServer,Health check passed: WebServer,E102,Health check passed: {service}
53981,2026-01-13,19:48:03,INFO,AuthService,Page view: /home by u3777,E103,Page view: {page} by {user}
53982,2026-01-13,19:00:49,INFO,PaymentGateway,User u4597 login successful,E101,User {user} login successful
53983,2026-01-13,19:02:40,INFO,OrderProcessor,User u3109 login successful,E101,User {user} login successful
53984,2026-01-13,19:47:48,INFO,WebServer,Page view: /home by u2362,E103,Page view: {page} by {user}
53985,2026-01-13,19:48:05,INFO,WebServer,Transaction tx148792 completed in 1226ms,E104,Transaction {tx} completed in {time}ms
53986,2026-01-13,19:17:07,INFO,PaymentGateway,Health check passed: PaymentGateway,E102,Health check passed: {service}
53987,2026-01-13,19:17:31,INFO,WebServer,User u2713 login successful,E101,User {user} login successful
53988,2026-01-13,19:10:17,INFO,WebServer,Page view: /home by u3463,E103,Page view: {page} by {user}
53989,2026-01-13,19:19:03,INFO,WebServer,User u4192 login successful,E101,User {user} login successful
53990,2026-01-13,19:58:33,INFO,InventoryDB,Health check passed: InventoryDB,E102,Health check passed: {service}
53991,2026-01-13,19:09:00,INFO,WebServer,Transaction tx873792 completed in 706ms,E104,Transaction {tx} completed in {time}ms
53992,2026-01-13,19:31:33,INFO,AuthService,Transaction tx693268 completed in 551ms,E104,Transaction {tx} completed in {time}ms
53993,2026-01-13,19:45:49,INFO,WebServer,User u1118 login successful,E101,User {user} login successful
53994,2026-01-13,19:03:36,INFO,PaymentGateway,Health check passed: PaymentGateway,E102,Health check passed: {service}
53995,2026-01-13,19:28:16,INFO,PaymentGateway,Transaction tx625343 completed in 1865ms,E104,Transaction {tx} completed in {time}ms
53996,2026-01-13,19:58:49,INFO,WebServer,Health check passed: WebServer,E102,Health check passed: {service}
53997,2026-01-13,19:05:46,INFO,WebServer,Transaction tx572904 completed in 691ms,E104,Transaction {tx} completed in {time}ms
53998,2026-01-13,19:04:35,INFO,PaymentGateway,Transaction tx288591 completed in 1942ms,E104,Transaction {tx} completed in {time}ms
53999,2026-01-13,19:18:19,INFO,WebServer,User u2547 login successful,E101,User {user} login successful
54000,2026-01-13,19:33:57,INFO,WebServer,User u2669 login successful,E101,User {user} login successful
54001,2026-01-13,19:04:34,INFO,InventoryDB,Health check passed: InventoryDB,E102,Health check passed: {service}
54002,2026-01-13,19:40:17,INFO,AuthService,User u2511 login successful,E101,User {user} login successful
54003,2026-01-13,19:22:18,WARN,WebServer,Unauthorized access attempt from 10.0.0.10,E401,Unauthorized access attempt from {ip}
54004,2026-01-13,19:34:49,INFO,WebServer,User u1727 login successful,E101,User {user} login successful
54005,2026-01-13,19:17:04,INFO,WebServer,Health check passed: WebServer,E102,Health check passed: {service}
54006,2026-01-13,19:21:47,INFO,WebServer,Transaction tx248434 completed in 813ms,E104,Transaction {tx} completed in {time}ms
54007,2026-01-13,19:50:55,INFO,AuthService,Page view: /home by u1674,E103,Page view: {page} by {user}
54008,2026-01-13,19:48:51,INFO,AuthService,Page view: /home by u3419,E103,Page view: {page} by {user}
54009,2026-01-13,19:53:25,WARN,WebServer,High latency (140ms) detected on WebServer,E201,High latency ({time}ms) detected on {service}
54010,2026-01-13,19:18:22,INFO,WebServer,Page view: /home by u1369,E103,Page view: {page} by {user}
54011,2026-01-13,19:12:06,ERROR,OrderProcessor,Timeout waiting for lock on InventoryDB,E502,Timeout waiting for lock on {db}
54012,2026-01-13,19:49:58,INFO,WebServer,Health check passed: WebServer,E102,Health check passed: {service}
54013,2026-01-13,19:52:12,INFO,OrderProcessor,User u4071 login successful,E101,User {user} login successful
54014,2026-01-13,19:09:45,INFO,WebServer,Transaction tx777038 completed in 1297ms,E104,Transaction {tx} completed in {time}ms
54015,2026-01-13,20:54:03,INFO,PaymentGateway,Transaction tx974704 completed in 349ms,E104,Transaction {tx} completed in {time}ms
54016,2026-01-13,20:31:17,INFO,PaymentGateway,Page view: /home by u1291,E103,Page view: {page} by {user}
54017,2026-01-13,20:41:38,INFO,PaymentGateway,User u3757 login successful,E101,User {user} login successful
54018,2026-01-13,20:51:57,INFO,WebServer,Page view: /home by u4638,E103,Page view: {page} by {user}
54019,2026-01-13,20:20:49,INFO,WebServer,User u4608 login successful,E101,User {user} login successful
54020,2026-01-13,20:23:04,INFO,WebServer,Page view: /home by u1293,E103,Page view: {page} by {user}
54021,2026-01-13,20:36:52,INFO,WebServer,User u3550 login successful,E101,User {user} login successful
54022,2026-01-13,20:16:19,INFO,OrderProcessor,Page view: /home by u4916,E103,Page view: {page} by {user}
54023,2026-01-13,20:57:57,INFO,WebServer,Transaction tx134943 completed in 1984ms,E104,Transaction {tx} completed in {time}ms
54024,2026-01-13,20:13:18,INFO,WebServer,User u1307 login successful,E101,User {user} login successful
54025,2026-01-13,20:47:48,INFO,WebServer,Page view: /home by u1234,E103,Page view: {page} by {user}
54026,2026-01-13,20:40:29,WARN,WebServer,Unauthorized access attempt from 10.0.0.45,E401,Unauthorized access attempt from {ip}
54027,2026-01-13,20:19:53,INFO,WebServer,Transaction tx256702 completed in 362ms,E104,Transaction {tx} completed in {time}ms
54028,2026-01-13,20:02:39,INFO,AuthService,User u3990 login successful,E101,User {user} login successful
54029,2026-01-13,20:12:05,WARN,WebServer,Unauthorized access attempt from 10.0.0.45,E401,Unauthorized access attempt from {ip}
54030,2026-01-13,20:14:12,INFO,OrderProcessor,Health check passed: OrderProcessor,E102,Health check passed: {service}
54031,2026-01-13,20:29:56,INFO,WebServer,User u3772 login successful,E101,User {user} login successful
54032,2026-01-13,20:04:31,INFO,WebServer,Transaction tx466795 completed in 222ms,E104,Transaction {tx} completed in {time}ms
54033,2026-01-13,20:53:27,INFO,WebServer,Page view: /home by u3941,E103,Page view: {page} by {user}
54034,2026-01-13,20:40:19,INFO,WebServer,Transaction tx303896 completed in 125ms,E104,Transaction {tx} completed in {time}ms
54035,2026-01-13,20:59:54,INFO,PaymentGateway,User u2847 login successful,E101,User {user} login successful
54036,2026-01-13,20:03:26,INFO,WebServer,Health check passed: WebServer,E102,Health check passed: {service}
54037,2026-01-13,20:25:51,INFO,WebServer,Page view: /home by u3259,E103,Page view: {page} by {user}
54038,2026-01-13,20:54:27,INFO,InventoryDB,Page view: /home by u2583,E103,Page view: {page} by {user}
54039,2026-01-13,20:06:22,INFO,InventoryDB,Health check passed: InventoryDB,E102,Health check passed: {service}
54040,2026-01-13,20:14:01,INFO,OrderProcessor,Health check passed: OrderProcessor,E102,Health check passed: {service}
54041,2026-01-13,20:37:11,INFO,WebServer,User u1946 login successful,E101,User {user} login successful
54042,2026-01-13,20:47:00,INFO,WebServer,Health check passed: WebServer,E102,Health check passed: {service}
54043,2026-01-13,20:00:52,INFO,OrderProcessor,Page view: /home by u2204,E103,Page view: {page} by {user}
54044,2026-01-13,20:01:53,ERROR,InventoryDB,Payment declined: Gateway unavailable,E503,Payment declined: Gateway unavailable
54045,2026-01-13,20:32:54,INFO,PaymentGateway,Health check passed: PaymentGateway,E102,Health check passed: {service}
54046,2026-01-13,20:49:14,INFO,OrderProcessor,Page view: /home by u2657,E103,Page view: {page} by {user}
54047,2026-01-13,20:24:31,INFO,WebServer,User u4923 login successful,E101,User {user} login successful
54048,2026-01-13,20:19:59,INFO,InventoryDB,Health check passed: InventoryDB,E102,Health check passed: {service}
54049,2026-01-13,20:57:51,INFO,WebServer,User u2434 login successful,E101,User {user} login successful
54050,2026-01-13,20:31:46,INFO,AuthService,Page view: /home by u4641,E103,Page view: {page} by {user}
54051,2026-01-13,20:13:02,INFO,InventoryDB,Transaction tx898237 completed in 1115ms,E104,Transaction {tx} completed in {time}ms
54052,2026-01-13,20:29:54,INFO,InventoryDB,Health check passed: InventoryDB,E102,Health check passed: {service}
54053,2026-01-13,20:12:40,INFO,WebServer,User u1003 login successful,E101,User {user} login successful
54054,2026-01-13,20:36:32,INFO,OrderProcessor,Page view: /home by u1267,E103,Page view: {page} by {user}
54055,2026-01-13,20:53:18,INFO,AuthService,User u3771 login successful,E101,User {user} login successful
54056,2026-01-13,20:36:44,INFO,WebServer,Health check passed: WebServer,E102,Health check passed: {service}
54057,2026-01-13,20:16:41,INFO,WebServer,Health check passed: WebServer,E102,Health check passed: {service}
54058,2026-01-13,20:25:07,INFO,WebServer,Health check passed: WebServer,E102,Health check passed: {service}
54059,2026-01-13,20:45:33,INFO,PaymentGateway,Health check passed: PaymentGateway,E102,Health check passed: {service}
54060,2026-01-13,20:17:22,INFO,AuthService,Page view: /home by u4883,E103,Page view: {page} by {user}
54061,2026-01-13,20:07:41,ERROR,WebServer,Payment declined: Gateway unavailable,E503,Payment declined: Gateway unavailable
54062,2026-01-13,20:42:42,INFO,WebServer,User u3160 login successful,E101,User {user} login successful
54063,2026-01-13,20:22:24,INFO,AuthService,Transaction tx192610 completed in 554ms,E104,Transaction {tx} completed in {time}ms
54064,2026-01-13,20:29:37,INFO,WebServer,User u2173 login successful,E101,User {user} login successful
54065,2026-01-13,20:24:34,INFO,InventoryDB,Transaction tx406826 completed in 1441ms,E104,Transaction {tx} completed in {time}ms
54066,2026-01-13,20:22:35,INFO,WebServer,User u2292 login successful,E101,User {user} login successful
54067,2026-01-13,20:44:54,INFO,AuthService,Page view: /home by u2481,E103,Page view: {page} by {user}
54068,2026-01-13,20:03:23,INFO,PaymentGateway,Page view: /home by u4344,E103,Page view: {page} by {user}
54069,2026-01-13,20:18:25,INFO,PaymentGateway,User u1931 login successful,E101,User {user} login successful
54070,2026-01-13,20:50:19,INFO,PaymentGateway,Health check passed: PaymentGateway,E102,Health check passed: {service}
54071,2026-01-13,20:24:27,INFO,WebServer,Page view: /home by u3681,E103,Page view: {page} by {user}
54072,2026-01-13,20:19:56,INFO,WebServer,Page view: /home by u3064,E103,Page view: {page} by {user}
54073,2026-01-13,20:45:42,ERROR,WebServer,Payment declined: Gateway unavailable,E503,Payment declined: Gateway unavailable
54074,2026-01-13,20:16:01,INFO,PaymentGateway,User u2670 login successful,E101,User {user} login successful
54075,2026-01-13,20:36:13,INFO,WebServer,Health check passed: WebServer,E102,Health check passed: {service}
54076,2026-01-13,20:47:42,INFO,AuthService,Page view: /home by u4723,E103,Page view: {page} by {user}
54077,2026-01-13,20:39:32,INFO,InventoryDB,Page view: /home by u4872,E103,Page view: {page} by {user}
54078,2026-01-13,20:03:32,INFO,WebServer,Page view: /home by u2532,E103,Page view: {page} by {user}
54079,2026-01-13,20:30:20,INFO,OrderProcessor,Transaction tx409289 completed in 1678ms,E104,Transaction {tx} completed in {time}ms
54080,2026-01-13,20:23:20,INFO,OrderProcessor,Page view: /home by u3821,E103,Page view: {page} by {user}
54081,2026-01-13,20:54:56,INFO,AuthService,Health check passed: AuthService,E102,Health check passed: {service}
54082,2026-01-13,20:32:29,INFO,WebServer,Transaction tx222035 completed in 1874ms,E104,Transaction {tx} completed in {time}ms
54083,2026-01-13,20:18:45,WARN,AuthService,Unauthorized access attempt from 10.0.0.10,E401,Unauthorized access attempt from {ip}
54084,2026-01-13,20:31:40,WARN,WebServer,Disk usage > 85% on node node-5,E202,Disk usage > 85% on node {node}
54085,2026-01-13,20:22:04,INFO,PaymentGateway,Transaction tx585650 completed in 1462ms,E104,Transaction {tx} completed in {time}ms
54086,2026-01-13,20:20:42,INFO,PaymentGateway,Health check passed: PaymentGateway,E102,Health check passed: {service}
54087,2026-01-13,20:03:50,INFO,AuthService,Page view: /home by u4565,E103,Page view: {page} by {user}
54088,2026-01-13,20:45:49,INFO,WebServer,Health check passed: WebServer,E102,Health check passed: {service}
54089,2026-01-13,20:10:56,INFO,OrderProcessor,Health check passed: OrderProcessor,E102,Health check passed: {service}
54090,2026-01-13,20:08:29,INFO,WebServer,User u4562 login successful,E101,User {user} login successful
54091,2026-01-13,20:22:50,INFO,WebServer,User u3422 login successful,E101,User {user} login successful
54092,2026-01-13,20:55:48,INFO,WebServer,User u4286 login successful,E101,User {user} login successful
54093,2026-01-13,20:56:41,INFO,WebServer,Transaction tx169086 completed in 836ms,E104,Transaction {tx} completed in {time}ms
54094,2026-01-13,20:58:20,INFO,WebServer,Health check passed: WebServer,E102,Health check passed: {service}
54095,2026-01-13,20:46:44,INFO,WebServer,Health check passed: WebServer,E102,Health check passed: {service}
54096,2026-01-13,20:08:53,INFO,WebServer,Transaction tx526079 completed in 1308ms,E104,Transaction {tx} completed in {time}ms
54097,2026-01-13,20:18:38,INFO,WebServer,Transaction tx674363 completed in 1835ms,E104,Transaction {tx} completed in {time}ms
54098,2026-01-13,20:01:14,INFO,WebServer,Transaction tx465142 completed in 1060ms,E104,Transaction {tx} completed in {time}ms
54099,2026-01-13,20:12:33,INFO,AuthService,Page view: /home by u1811,E103,Page view: {page} by {user}
54100,2026-01-13,20:25:33,INFO,OrderProcessor,Page view: /home by u1442,E103,Page view: {page} by {user}
54101,2026-01-13,20:04:04,INFO,WebServer,Page view: /home by u1368,E103,Page view: {page} by {user}
54102,2026-01-13,20:01:53,INFO,WebServer,Page view: /home by u3184,E103,Page view: {page} by {user}
54103,2026-01-13,20:00:32,INFO,WebServer,User u3784 login successful,E101,User {user} login successful
54104,2026-01-13,20:03:32,WARN,WebServer,High latency (1875ms) detected on WebServer,E201,High latency ({time}ms) detected on {service}
54105,2026-01-13,20:09:17,INFO,WebServer,User u1266 login successful,E101,User {user} login successful
54106,2026-01-13,20:08:15,INFO,WebServer,Transaction tx336545 completed in 1274ms,E104,Transaction {tx} completed in {time}ms
54107,2026-01-13,20:52:09,INFO,AuthService,User u1937 login successful,E101,User {user} login successful
54108,2026-01-13,20:40:08,INFO,WebServer,Transaction tx483932 completed in 1814ms,E104,Transaction {tx} completed in {time}ms
54109,2026-01-13,20:32:09,INFO,WebServer,Health check passed: WebServer,E102,Health check passed: {service}
54110,2026-01-13,20:46:06,INFO,WebServer,Transaction tx463655 completed in 1439ms,E104,Transaction {tx} completed in {time}ms
54111,2026-01-13,20:33:04,INFO,WebServer,Page view: /home by u4253,E103,Page view: {page} by {user}
54112,2026-01-13,20:55:44,INFO,WebServer,Page view: /home by u3550,E103,Page view: {page} by {user}
54113,2026-01-13,20:01:34,INFO,WebServer,Page view: /home by u4449,E103,Page view: {page} by {user}
54114,2026-01-13,20:30:37,ERROR,OrderProcessor,Connection refused to OrderProcessor at 10.0.0.45,E501,Connection refused to {service} at {ip}
54115,2026-01-13,20:25:23,INFO,WebServer,Page view: /home by u2093,E103,Page view: {page} by {user}
54116,2026-01-13,20:37:36,INFO,WebServer,Health check passed: WebServer,E102,Health check passed: {service}
54117,2026-01-13,20:47:38,INFO,AuthService,Transaction tx542154 completed in 1028ms,E104,Transaction {tx} completed in {time}ms
54118,2026-01-13,20:17:58,INFO,WebServer,User u1887 login successful,E101,User {user} login successful
54119,2026-01-13,20:14:25,INFO,WebServer,Health check passed: WebServer,E102,Health check passed: {service}
54120,2026-01-13,20:11:16,INFO,OrderProcessor,User u3150 login successful,E101,User {user} login successful
54121,2026-01-13,20:42:42,INFO,AuthService,Transaction tx983343 completed in 1732ms,E104,Transaction {tx} completed in {time}ms
54122,2026-01-13,20:44:20,INFO,WebServer,Transaction tx538724 completed in 437ms,E104,Transaction {tx} completed in {time}ms
54123,2026-01-13,20:14:52,INFO,InventoryDB,Transaction tx614869 completed in 1009ms,E104,Transaction {tx} completed in {time}ms
54124,2026-01-13,20:48:44,INFO,AuthService,Transaction tx418558 completed in 1344ms,E104,Transaction {tx} completed in {time}ms
54125,2026-01-13,20:08:46,INFO,WebServer,Page view: /home by u2359,E103,Page view: {page} by {user}
54126,2026-01-13,20:37:55,INFO,AuthService,User u3376 login successful,E101,User {user} login successful
54127,2026-01-13,20:28:10,INFO,PaymentGateway,Page view: /home by u3161,E103,Page view: {page} by {user}
54128,2026-01-13,20:53:35,INFO,PaymentGateway,Transaction tx556849 completed in 978ms,E104,Transaction {tx} completed in {time}ms
54129,2026-01-13,20:27:06,INFO,OrderProcessor,User u2805 login successful,E101,User {user} login successful
54130,2026-01-13,20:04:51,INFO,WebServer,Transaction tx514839 completed in 1614ms,E104,Transaction {tx} completed in {time}ms
54131,2026-01-13,20:58:44,INFO,PaymentGateway,Health check passed: PaymentGateway,E102,Health check passed: {service}
54132,2026-01-13,20:28:04,INFO,AuthService,Health check passed: AuthService,E102,Health check passed: {service}
54133,2026-01-13,20:46:25,INFO,WebServer,User u2711 login successful,E101,User {user} login successful
54134,2026-01-13,20:09:16,ERROR,PaymentGateway,Connection refused to PaymentGateway at 10.0.0.45,E501,Connection refused to {service} at {ip}
54135,2026-01-13,20:08:37,INFO,WebServer,Health check passed: WebServer,E102,Health check passed: {service}
54136,2026-01-13,20:30:28,INFO,WebServer,User u2748 login successful,E101,User {user} login successful
54137,2026-01-13,20:07:26,INFO,WebServer,Transaction tx257609 completed in 567ms,E104,Transaction {tx} completed in {time}ms
54138,2026-01-13,20:27:13,INFO,WebServer,Health check passed: WebServer,E102,Health check passed: {service}
54139,2026-01-13,20:51:24,INFO,PaymentGateway,User u3909 login successful,E101,User {user} login successful
54140,2026-01-13,20:02:15,INFO,AuthService,Transaction tx242687 completed in 147ms,E104,Transaction {tx} completed in {time}ms
54141,2026-01-13,20:38:47,INFO,WebServer,User u1868 login successful,E101,User {user} login successful
54142,2026-01-13,20:49:49,INFO,OrderProcessor,Transaction tx448450 completed in 1651ms,E104,Transaction {tx} completed in {time}ms
54143,2026-01-13,20:45:02,INFO,InventoryDB,User u3625 login successful,E101,User {user} login successful
54144,2026-01-13,20:01:50,INFO,OrderProcessor,User u2264 login successful,E101,User {user} login successful
54145,2026-01-13,20:48:03,INFO,WebServer,Transaction tx855049 completed in 985ms,E104,Transaction {tx} completed in {time}ms
54146,2026-01-13,20:02:55,INFO,WebServer,Transaction tx694950 completed in 196ms,E104,Transaction {tx} completed in {time}ms
54147,2026-01-13,20:16:25,INFO,AuthService,User u4745 login successful,E101,User {user} login successful
54148,2026-01-13,20:36:54,INFO,PaymentGateway,Transaction tx852755 completed in 1647ms,E104,Transaction {tx} completed in {time}ms
54149,2026-01-13,20:48:56,INFO,OrderProcessor,Health check passed: OrderProcessor,E102,Health check passed: {service}
54150,2026-01-13,20:09:19,INFO,PaymentGateway,Health check passed: PaymentGateway,E102,Health check passed: {service}
54151,2026-01-13,20:52:09,INFO,PaymentGateway,User u4987 login successful,E101,User {user} login successful
54152,2026-01-13,20:53:16,INFO,WebServer,Health check passed: WebServer,E102,Health check passed: {service}
54153,2026-01-13,20:02:18,INFO,AuthService,Health check passed: AuthService,E102,Health check passed: {service}
54154,2026-01-13,20:12:54,INFO,AuthService,Transaction tx296863 completed in 1820ms,E104,Transaction {tx} completed in {time}ms
54155,2026-01-13,20:25:12,INFO,WebServer,Page view: /home by u1126,E103,Page view: {page} by {user}
54156,2026-01-13,20:08:59,INFO,WebServer,Transaction tx491047 completed in 1302ms,E104,Transaction {tx} completed in {time}ms
54157,2026-01-13,20:48:00,INFO,WebServer,Transaction tx476573 completed in 1429ms,E104,Transaction {tx} completed in {time}ms
54158,2026-01-13,20:12:51,INFO,WebServer,Page view: /home by u4811,E103,Page view: {page} by {user}
54159,2026-01-13,20:34:15,INFO,AuthService,Health check passed: AuthService,E102,Health check passed: {service}
54160,2026-01-13,20:13:51,INFO,PaymentGateway,Transaction tx517383 completed in 861ms,E104,Transaction {tx} completed in {time}ms
54161,2026-01-13,20:37:00,ERROR,WebServer,Payment declined: Gateway unavailable,E503,Payment declined: Gateway unavailable
54162,2026-01-13,20:10:53,WARN,WebServer,Disk usage > 85% on node node-2,E202,Disk usage > 85% on node {node}
54163,2026-01-13,20:09:18,ERROR,AuthService,Connection refused to AuthService at 10.0.0.88,E501,Connection refused to {service} at {ip}
54164,2026-01-13,20:02:31,INFO,OrderProcessor,Health check passed: OrderProcessor,E102,Health check passed: {service}
54165,2026-01-13,20:15:22,INFO,WebServer,User u3522 login successful,E101,User {user} login successful
54166,2026-01-13,20:31:25,WARN,WebServer,High latency (598ms) detected on WebServer,E201,High latency ({time}ms) detected on {service}
54167,2026-01-13,20:23:39,INFO,WebServer,Health check passed: WebServer,E102,Health check passed: {service}
54168,2026-01-13,20:27:14,INFO,AuthService,User u4943 login successful,E101,User {user} login successful
54169,2026-01-13,20:23:17,INFO,InventoryDB,Transaction tx970810 completed in 758ms,E104,Transaction {tx} completed in {time}ms
54170,2026-01-13,20:56:30,WARN,WebServer,Unauthorized access attempt from 10.0.0.45,E401,Unauthorized access attempt from {ip}
54171,2026-01-13,20:45:17,INFO,AuthService,Transaction tx361364 completed in 1930ms,E104,Transaction {tx} completed in {time}ms
54172,2026-01-13,20:52:22,INFO,WebServer,Page view: /home by u2482,E103,Page view: {page} by {user}
54173,2026-01-13,20:31:36,INFO,WebServer,Page view: /home by u1845,E103,Page view: {page} by {user}
54174,2026-01-13,20:10:19,INFO,AuthService,Health check passed: AuthService,E102,Health check passed: {service}
54175,2026-01-13,20:18:24,INFO,PaymentGateway,Health check passed: PaymentGateway,E102,Health check passed: {service}
54176,2026-01-13,20:58:01,INFO,InventoryDB,Transaction tx279905 completed in 1152ms,E104,Transaction {tx} completed in {time}ms
54177,2026-01-13,20:33:36,INFO,WebServer,Transaction tx885783 completed in 1317ms,E104,Transaction {tx} completed in {time}ms
54178,2026-01-13,20:03:21,INFO,AuthService,Transaction tx912492 completed in 811ms,E104,Transaction {tx} completed in {time}ms
54179,2026-01-13,20:42:47,INFO,WebServer,Page view: /home by u1462,E103,Page view: {page} by {user}
54180,2026-01-13,20:35:56,WARN,AuthService,Unauthorized access attempt from 10.0.0.12,E401,Unauthorized access attempt from {ip}
54181,2026-01-13,20:29:17,INFO,OrderProcessor,Health check passed: OrderProcessor,E102,Health check passed: {service}
54182,2026-01-13,20:27:06,WARN,AuthService,Disk usage > 85% on node node-2,E202,Disk usage > 85% on node {node}
54183,2026-01-13,20:27:32,INFO,WebServer,User u2146 login successful,E101,User {user} login successful
54184,2026-01-13,20:03:02,INFO,WebServer,Health check passed: WebServer,E102,Health check passed: {service}
54185,2026-01-13,20:03:39,INFO,WebServer,User u2383 login successful,E101,User {user} login successful
54186,2026-01-13,20:56:08,INFO,OrderProcessor,User u3845 login successful,E101,User {user} login successful
54187,2026-01-13,20:54:35,INFO,PaymentGateway,Health check passed: PaymentGateway,E102,Health check passed: {service}
54188,2026-01-13,20:29:28,INFO,WebServer,Page view: /home by u2715,E103,Page view: {page} by {user}
54189,2026-01-13,20:04:23,INFO,WebServer,Transaction tx844509 completed in 280ms,E104,Transaction {tx} completed in {time}ms
54190,2026-01-13,20:12:05,INFO,WebServer,Transaction tx188427 completed in 1659ms,E104,Transaction {tx} completed in {time}ms
54191,2026-01-13,20:35:48,INFO,InventoryDB,Page view: /home by u4146,E103,Page view: {page} by {user}
54192,2026-01-13,20:55:26,INFO,WebServer,Transaction tx195610 completed in 1508ms,E104,Transaction {tx} completed in {time}ms
54193,2026-01-13,20:33:02,INFO,WebServer,Transaction tx336589 completed in 647ms,E104,Transaction {tx} completed in {time}ms
54194,2026-01-13,20:33:16,INFO,WebServer,Transaction tx335587 completed in 1395ms,E104,Transaction {tx} completed in {time}ms
54195,2026-01-13,20:51:55,INFO,AuthService,Transaction tx201618 completed in 1694ms,E104,Transaction {tx} completed in {time}ms
54196,2026-01-13,20:04:20,INFO,WebServer,Page view: /home by u1659,E103,Page view: {page} by {user}
54197,2026-01-13,20:28:30,INFO,WebServer,Transaction tx923963 completed in 1408ms,E104,Transaction {tx} completed in {time}ms
54198,2026-01-13,20:50:59,INFO,WebServer,Page view: /home by u1029,E103,Page view: {page} by {user}
54199,2026-01-13,20:57:36,INFO,AuthService,Transaction tx552888 completed in 1698ms,E104,Transaction {tx} completed in {time}ms
54200,2026-01-13,20:18:58,INFO,WebServer,User u4736 login successful,E101,User {user} login successful
54201,2026-01-13,20:52:04,INFO,WebServer,User u4285 login successful,E101,User {user} login successful
54202,2026-01-13,20:04:19,INFO,WebServer,Health check passed: WebServer,E102,Health check passed: {service}
54203,2026-01-13,20:00:57,INFO,WebServer,Health check passed: WebServer,E102,Health check passed: {service}
54204,2026-01-13,20:30:15,INFO,AuthService,Health check passed: AuthService,E102,Health check passed: {service}
54205,2026-01-13,20:15:39,INFO,WebServer,Transaction tx843948 completed in 621ms,E104,Transaction {tx} completed in {time}ms
54206,2026-01-13,20:19:28,ERROR,WebServer,Connection refused to WebServer at 10.0.0.10,E501,Connection refused to {service} at {ip}
54207,2026-01-13,20:19:33,INFO,WebServer,Transaction tx263426 completed in 981ms,E104,Transaction {tx} completed in {time}ms
54208,2026-01-13,20:51:54,INFO,WebServer,Health check passed: WebServer,E102,Health check passed: {service}
54209,2026-01-13,20:30:58,INFO,OrderProcessor,Page view: /home by u2875,E103,Page view: {page} by {user}
54210,2026-01-13,20:55:59,INFO,PaymentGateway,Health check passed: PaymentGateway,E102,Health check passed: {service}
54211,2026-01-13,20:57:51,INFO,AuthService,Health check passed: AuthService,E102,Health check passed: {service}
54212,2026-01-13,20:20:06,INFO,AuthService,User u1562 login successful,E101,User {user} login successful
54213,2026-01-13,20:22:53,INFO,AuthService,Transaction tx212188 completed in 1979ms,E104,Transaction {tx} completed in {time}ms
54214,2026-01-13,20:19:05,INFO,AuthService,Transaction tx158398 completed in 1247ms,E104,Transaction {tx} completed in {time}ms
54215,2026-01-13,20:10:09,INFO,AuthService,User u1633 login successful,E101,User {user} login successful
54216,2026-01-13,20:16:24,INFO,WebServer,User u4709 login successful,E101,User {user} login successful
54217,2026-01-13,20:41:45,INFO,WebServer,Health check passed: WebServer,E102,Health check passed: {service}
54218,2026-01-13,20:57:07,WARN,OrderProcessor,Unauthorized access attempt from 10.0.0.45,E401,Unauthorized access attempt from {ip}
54219,2026-01-13,20:45:39,INFO,PaymentGateway,Transaction tx145839 completed in 897ms,E104,Transaction {tx} completed in {time}ms
54220,2026-01-13,20:27:25,INFO,OrderProcessor,Page view: /home by u1321,E103,Page view: {page} by {user}
54221,2026-01-13,20:52:34,INFO,WebServer,Transaction tx414343 completed in 1397ms,E104,Transaction {tx} completed in {time}ms
54222,2026-01-13,20:24:48,WARN,OrderProcessor,High latency (1368ms) detected on OrderProcessor,E201,High latency ({time}ms) detected on {service}
54223,2026-01-13,20:40:32,INFO,WebServer,Transaction tx816151 completed in 401ms,E104,Transaction {tx} completed in {time}ms
54224,2026-01-13,20:25:07,INFO,WebServer,Health check passed: WebServer,E102,Health check passed: {service}
54225,2026-01-13,20:19:08,INFO,WebServer,Transaction tx889018 completed in 1001ms,E104,Transaction {tx} completed in {time}ms
54226,2026-01-13,20:07:57,INFO,OrderProcessor,User u2135 login successful,E101,User {user} login successful
54227,2026-01-13,20:26:13,WARN,OrderProcessor,High latency (1679ms) detected on OrderProcessor,E201,High latency ({time}ms) detected on {service}
54228,2026-01-13,20:03:52,INFO,WebServer,User u1234 login successful,E101,User {user} login successful
54229,2026-01-13,20:49:26,INFO,WebServer,Health check passed: WebServer,E102,Health check passed: {service}
54230,2026-01-13,20:43:06,INFO,WebServer,Transaction tx706295 completed in 200ms,E104,Transaction {tx} completed in {time}ms
54231,2026-01-13,20:44:58,INFO,WebServer,Page view: /home by u3251,E103,Page view: {page} by {user}
54232,2026-01-13,20:24:26,INFO,WebServer,Page view: /home by u3347,E103,Page view: {page} by {user}
54233,2026-01-13,20:05:30,INFO,AuthService,Page view: /home by u1778,E103,Page view: {page} by {user}
54234,2026-01-13,20:14:51,INFO,WebServer,Page view: /home by u4697,E103,Page view: {page} by {user}
54235,2026-01-13,20:34:27,INFO,AuthService,Health check passed: AuthService,E102,Health check passed: {service}
54236,2026-01-13,20:21:52,INFO,WebServer,Health check passed: WebServer,E102,Health check passed: {service}
54237,2026-01-13,20:21:45,INFO,WebServer,User u1928 login successful,E101,User {user} login successful
54238,2026-01-13,20:06:17,INFO,AuthService,Health check passed: AuthService,E102,Health check passed: {service}
54239,2026-01-13,20:05:34,INFO,WebServer,Transaction tx778492 completed in 1928ms,E104,Transaction {tx} completed in {time}ms
54240,2026-01-13,20:51:14,INFO,InventoryDB,Page view: /home by u3894,E103,Page view: {page} by {user}
54241,2026-01-13,20:52:19,INFO,OrderProcessor,User u4655 login successful,E101,User {user} login successful
54242,2026-01-13,20:07:55,INFO,WebServer,User u3065 login successful,E101,User {user} login successful
54243,2026-01-13,20:18:31,INFO,WebServer,User u1999 login successful,E101,User {user} login successful
54244,2026-01-13,20:00:08,INFO,WebServer,Page view: /home by u3652,E103,Page view: {page} by {user}
54245,2026-01-13,20:34:57,INFO,OrderProcessor,Health check passed: OrderProcessor,E102,Health check passed: {service}
54246,2026-01-13,20:51:26,INFO,AuthService,Page view: /home by u3089,E103,Page view: {page} by {user}
54247,2026-01-13,20:27:57,INFO,WebServer,Page view: /home by u1425,E103,Page view: {page} by {user}
54248,2026-01-13,20:52:44,INFO,WebServer,User u1954 login successful,E101,User {user} login successful
54249,2026-01-13,20:15:59,INFO,AuthService,User u2436 login successful,E101,User {user} login successful
54250,2026-01-13,20:37:32,INFO,WebServer,Page view: /home by u4999,E103,Page view: {page} by {user}
54251,2026-01-13,20:47:43,INFO,PaymentGateway,User u2470 login successful,E101,User {user} login successful
54252,2026-01-13,20:55:52,INFO,AuthService,Page view: /home by u3727,E103,Page view: {page} by {user}
54253,2026-01-13,20:24:59,INFO,AuthService,Transaction tx281267 completed in 26ms,E104,Transaction {tx} completed in {time}ms
54254,2026-01-13,20:03:05,INFO,WebServer,User u2923 login successful,E101,User {user} login successful
54255,2026-01-13,20:13:33,INFO,AuthService,Page view: /home by u4635,E103,Page view: {page} by {user}
54256,2026-01-13,20:44:00,INFO,WebServer,Health check passed: WebServer,E102,Health check passed: {service}
54257,2026-01-13,20:01:51,INFO,WebServer,User u3434 login successful,E101,User {user} login successful
54258,2026-01-13,20:59:55,WARN,OrderProcessor,Unauthorized access attempt from 10.0.0.45,E401,Unauthorized access attempt from {ip}
54259,2026-01-13,20:27:43,INFO,AuthService,Page view: /home by u2331,E103,Page view: {page} by {user}
54260,2026-01-13,20:02:24,INFO,WebServer,Transaction tx229497 completed in 1291ms,E104,Transaction {tx} completed in {time}ms
54261,2026-01-13,20:04:38,INFO,WebServer,Health check passed: WebServer,E102,Health check passed: {service}
54262,2026-01-13,20:17:24,INFO,InventoryDB,Page view: /home by u2651,E103,Page view: {page} by {user}
54263,2026-01-13,20:54:57,INFO,OrderProcessor,Page view: /home by u4662,E103,Page view: {page} by {user}
54264,2026-01-13,20:16:37,INFO,AuthService,Transaction tx695734 completed in 1259ms,E104,Transaction {tx} completed in {time}ms
54265,2026-01-13,20:01:06,INFO,WebServer,Health check passed: WebServer,E102,Health check passed: {service}
54266,2026-01-13,20:24:52,INFO,OrderProcessor,Page view: /home by u2556,E103,Page view: {page} by {user}
54267,2026-01-13,20:47:55,WARN,AuthService,High latency (1742ms) detected on AuthService,E201,High latency ({time}ms) detected on {service}
54268,2026-01-13,20:42:46,WARN,WebServer,Disk usage > 85% on node node-4,E202,Disk usage > 85% on node {node}
54269,2026-01-13,20:31:22,INFO,OrderProcessor,User u2657 login successful,E101,User {user} login successful
54270,2026-01-13,20:09:32,INFO,OrderProcessor,Transaction tx517006 completed in 1349ms,E104,Transaction {tx} completed in {time}ms
54271,2026-01-13,20:42:53,ERROR,AuthService,Timeout waiting for lock on InventoryDB,E502,Timeout waiting for lock on {db}
54272,2026-01-13,20:20:49,INFO,OrderProcessor,Page view: /home by u1095,E103,Page view: {page} by {user}
54273,2026-01-13,20:07:22,INFO,WebServer,Transaction tx388064 completed in 1344ms,E104,Transaction {tx} completed in {time}ms
54274,2026-01-13,20:27:37,INFO,AuthService,Transaction tx629198 completed in 862ms,E104,Transaction {tx} completed in {time}ms
54275,2026-01-13,20:05:07,INFO,WebServer,Health check passed: WebServer,E102,Health check passed: {service}
54276,2026-01-13,20:45:34,INFO,AuthService,Page view: /home by u1515,E103,Page view: {page} by {user}
54277,2026-01-13,20:56:15,INFO,WebServer,Health check passed: WebServer,E102,Health check passed: {service}
54278,2026-01-13,20:33:56,INFO,OrderProcessor,Health check passed: OrderProcessor,E102,Health check passed: {service}
54279,2026-01-13,20:41:12,INFO,WebServer,Page view: /home by u1134,E103,Page view: {page} by {user}
54280,2026-01-13,20:23:27,INFO,OrderProcessor,Page view: /home by u4694,E103,Page view: {page} by {user}
54281,2026-01-13,20:05:49,INFO,AuthService,Health check passed: AuthService,E102,Health check passed: {service}
54282,2026-01-13,20:24:33,INFO,OrderProcessor,Health check passed: OrderProcessor,E102,Health check passed: {service}
54283,2026-01-13,20:20:52,INFO,WebServer,User u4483 login successful,E101,User {user} login successful
54284,2026-01-13,20:06:15,INFO,WebServer,Transaction tx761054 completed in 25ms,E104,Transaction {tx} completed in {time}ms
54285,2026-01-13,20:27:54,ERROR,AuthService,Payment declined: Gateway unavailable,E503,Payment declined: Gateway unavailable
54286,2026-01-13,20:29:22,INFO,OrderProcessor,Transaction tx618122 completed in 1140ms,E104,Transaction {tx} completed in {time}ms
54287,2026-01-13,20:44:53,INFO,WebServer,Health check passed: WebServer,E102,Health check passed: {service}
54288,2026-01-13,20:07:36,INFO,WebServer,User u4393 login successful,E101,User {user} login successful
54289,2026-01-13,20:17:27,INFO,WebServer,Health check passed: WebServer,E102,Health check passed: {service}
54290,2026-01-13,20:30:37,INFO,WebServer,User u2988 login successful,E101,User {user} login successful
54291,2026-01-13,20:04:24,INFO,WebServer,Page view: /home by u2161,E103,Page view: {page} by {user}
54292,2026-01-13,20:12:44,INFO,PaymentGateway,Health check passed: PaymentGateway,E102,Health check passed: {service}
54293,2026-01-13,20:17:15,INFO,WebServer,User u1872 login successful,E101,User {user} login successful
54294,2026-01-13,20:57:28,INFO,WebServer,Transaction tx865107 completed in 1957ms,E104,Transaction {tx} completed in {time}ms
54295,2026-01-13,20:37:18,INFO,OrderProcessor,User u2309 login successful,E101,User {user} login successful
54296,2026-01-13,20:30:05,INFO,WebServer,Page view: /home by u3591,E103,Page view: {page} by {user}
54297,2026-01-13,20:37:24,INFO,WebServer,Page view: /home by u1231,E103,Page view: {page} by {user}
54298,2026-01-13,20:10:51,INFO,WebServer,Page view: /home by u4005,E103,Page view: {page} by {user}
54299,2026-01-13,20:47:59,INFO,InventoryDB,Health check passed: InventoryDB,E102,Health check passed: {service}
54300,2026-01-13,20:19:56,INFO,OrderProcessor,User u2720 login successful,E101,User {user} login successful
54301,2026-01-13,20:50:15,INFO,InventoryDB,Health check passed: InventoryDB,E102,Health check passed: {service}
54302,2026-01-13,20:02:46,INFO,WebServer,Health check passed: WebServer,E102,Health check passed: {service}
54303,2026-01-13,20:52:28,INFO,OrderProcessor,Health check passed: OrderProcessor,E102,Health check passed: {service}
54304,2026-01-13,20:11:35,INFO,InventoryDB,Transaction tx625546 completed in 1464ms,E104,Transaction {tx} completed in {time}ms
54305,2026-01-13,20:04:25,INFO,WebServer,User u2971 login successful,E101,User {user} login successful
54306,2026-01-13,20:28:56,INFO,OrderProcessor,User u1613 login successful,E101,User {user} login successful
54307,2026-01-13,20:01:57,INFO,AuthService,Health check passed: AuthService,E102,Health check passed: {service}
54308,2026-01-13,20:47:53,INFO,AuthService,Transaction tx578745 completed in 68ms,E104,Transaction {tx} completed in {time}ms
54309,2026-01-13,20:44:55,INFO,WebServer,Page view: /home by u3805,E103,Page view: {page} by {user}
54310,2026-01-13,20:02:34,INFO,OrderProcessor,Health check passed: OrderProcessor,E102,Health check passed: {service}
54311,2026-01-13,20:38:05,INFO,WebServer,Page view: /home by u2680,E103,Page view: {page} by {user}
54312,2026-01-13,20:23:33,INFO,WebServer,Transaction tx161582 completed in 1187ms,E104,Transaction {tx} completed in {time}ms
54313,2026-01-13,20:00:07,INFO,PaymentGateway,Health check passed: PaymentGateway,E102,Health check passed: {service}
54314,2026-01-13,20:20:49,INFO,WebServer,Health check passed: WebServer,E102,Health check passed: {service}
54315,2026-01-13,20:12:01,INFO,AuthService,User u4441 login successful,E101,User {user} login successful
54316,2026-01-13,20:35:06,INFO,WebServer,User u3843 login successful,E101,User {user} login successful
54317,2026-01-13,20:45:39,INFO,AuthService,Health check passed: AuthService,E102,Health check passed: {service}
54318,2026-01-13,20:32:17,INFO,OrderProcessor,User u3543 login successful,E101,User {user} login successful
54319,2026-01-13,20:34:23,INFO,WebServer,Transaction tx964745 completed in 213ms,E104,Transaction {tx} completed in {time}ms
54320,2026-01-13,20:30:21,INFO,AuthService,User u4580 login successful,E101,User {user} login successful
54321,2026-01-13,20:31:33,INFO,WebServer,Transaction tx736828 completed in 85ms,E104,Transaction {tx} completed in {time}ms
54322,2026-01-13,20:41:34,INFO,OrderProcessor,Health check passed: OrderProcessor,E102,Health check passed: {service}
54323,2026-01-13,20:32:17,INFO,WebServer,User u2441 login successful,E101,User {user} login successful
54324,2026-01-13,20:10:12,INFO,WebServer,User u1654 login successful,E101,User {user} login successful
54325,2026-01-13,20:52:31,INFO,AuthService,Page view: /home by u2594,E103,Page view: {page} by {user}
54326,2026-01-13,20:05:27,INFO,OrderProcessor,Health check passed: OrderProcessor,E102,Health check passed: {service}
54327,2026-01-13,20:31:19,INFO,OrderProcessor,User u4946 login successful,E101,User {user} login successful
54328,2026-01-13,20:48:48,INFO,WebServer,User u1893 login successful,E101,User {user} login successful
54329,2026-01-13,20:56:37,INFO,InventoryDB,Page view: /home by u3862,E103,Page view: {page} by {user}
54330,2026-01-13,20:47:13,INFO,AuthService,Transaction tx349080 completed in 1665ms,E104,Transaction {tx} completed in {time}ms
54331,2026-01-13,20:48:33,INFO,OrderProcessor,Health check passed: OrderProcessor,E102,Health check passed: {service}
54332,2026-01-13,20:29:47,INFO,PaymentGateway,User u4637 login successful,E101,User {user} login successful
54333,2026-01-13,20:39:39,INFO,AuthService,Transaction tx254775 completed in 58ms,E104,Transaction {tx} completed in {time}ms
54334,2026-01-13,20:19:42,INFO,AuthService,User u4828 login successful,E101,User {user} login successful
54335,2026-01-13,20:04:13,INFO,WebServer,User u3473 login successful,E101,User {user} login successful
54336,2026-01-13,20:33:50,INFO,WebServer,Page view: /home by u4895,E103,Page view: {page} by {user}
54337,2026-01-13,20:05:53,INFO,AuthService,User u2178 login successful,E101,User {user} login successful
54338,2026-01-13,20:10:26,INFO,WebServer,Transaction tx944117 completed in 100ms,E104,Transaction {tx} completed in {time}ms
54339,2026-01-13,20:45:38,INFO,WebServer,Page view: /home by u2076,E103,Page view: {page} by {user}
54340,2026-01-13,20:35:03,INFO,OrderProcessor,Transaction tx513590 completed in 130ms,E104,Transaction {tx} completed in {time}ms
54341,2026-01-13,20:36:22,INFO,WebServer,Health check passed: WebServer,E102,Health check passed: {service}
54342,2026-01-13,20:28:45,INFO,OrderProcessor,Transaction tx579730 completed in 1810ms,E104,Transaction {tx} completed in {time}ms
54343,2026-01-13,20:38:04,INFO,WebServer,Transaction tx293846 completed in 1294ms,E104,Transaction {tx} completed in {time}ms
54344,2026-01-13,20:22:04,ERROR,OrderProcessor,Payment declined: Gateway unavailable,E503,Payment declined: Gateway unavailable
54345,2026-01-13,20:38:34,INFO,WebServer,User u4360 login successful,E101,User {user} login successful
54346,2026-01-13,20:23:54,INFO,WebServer,Transaction tx267971 completed in 1999ms,E104,Transaction {tx} completed in {time}ms
54347,2026-01-13,20:49:47,INFO,WebServer,Transaction tx481221 completed in 1628ms,E104,Transaction {tx} completed in {time}ms
54348,2026-01-13,20:49:41,INFO,AuthService,Transaction tx957732 completed in 420ms,E104,Transaction {tx} completed in {time}ms
54349,2026-01-13,20:57:58,INFO,WebServer,User u2096 login successful,E101,User {user} login successful
54350,2026-01-13,20:01:05,INFO,OrderProcessor,Health check passed: OrderProcessor,E102,Health check passed: {service}
54351,2026-01-13,20:08:37,INFO,AuthService,Transaction tx142619 completed in 178ms,E104,Transaction {tx} completed in {time}ms
54352,2026-01-13,20:27:14,INFO,WebServer,User u4109 login successful,E101,User {user} login successful
54353,2026-01-13,20:45:22,INFO,WebServer,User u4489 login successful,E101,User {user} login successful
54354,2026-01-13,20:14:36,WARN,AuthService,Disk usage > 85% on node node-1,E202,Disk usage > 85% on node {node}
54355,2026-01-13,20:46:52,INFO,PaymentGateway,Health check passed: PaymentGateway,E102,Health check passed: {service}
54356,2026-01-13,20:43:40,INFO,AuthService,Health check passed: AuthService,E102,Health check passed: {service}
54357,2026-01-13,20:31:11,INFO,InventoryDB,Health check passed: InventoryDB,E102,Health check passed: {service}
54358,2026-01-13,20:09:27,INFO,WebServer,Transaction tx251212 completed in 921ms,E104,Transaction {tx} completed in {time}ms
54359,2026-01-13,20:50:24,INFO,OrderProcessor,Page view: /home by u4723,E103,Page view: {page} by {user}
54360,2026-01-13,20:01:46,INFO,WebServer,Transaction tx134652 completed in 958ms,E104,Transaction {tx} completed in {time}ms
54361,2026-01-13,20:19:40,INFO,PaymentGateway,Health check passed: PaymentGateway,E102,Health check passed: {service}
54362,2026-01-13,20:30:12,INFO,WebServer,Transaction tx803252 completed in 1685ms,E104,Transaction {tx} completed in {time}ms
54363,2026-01-13,20:51:15,INFO,PaymentGateway,Health check passed: PaymentGateway,E102,Health check passed: {service}
54364,2026-01-13,20:37:19,INFO,WebServer,Transaction tx380679 completed in 1969ms,E104,Transaction {tx} completed in {time}ms
54365,2026-01-13,20:01:47,INFO,WebServer,User u3894 login successful,E101,User {user} login successful
54366,2026-01-13,20:35:26,INFO,WebServer,Transaction tx103436 completed in 1003ms,E104,Transaction {tx} completed in {time}ms
54367,2026-01-13,20:23:18,INFO,OrderProcessor,User u2004 login successful,E101,User {user} login successful
54368,2026-01-13,20:44:55,INFO,InventoryDB,Health check passed: InventoryDB,E102,Health check passed: {service}
54369,2026-01-13,20:13:59,INFO,WebServer,Transaction tx689006 completed in 103ms,E104,Transaction {tx} completed in {time}ms
54370,2026-01-13,20:04:10,INFO,WebServer,Health check passed: WebServer,E102,Health check passed: {service}
54371,2026-01-13,20:32:19,INFO,WebServer,Page view: /home by u1056,E103,Page view: {page} by {user}
54372,2026-01-13,20:46:44,INFO,AuthService,Page view: /home by u4517,E103,Page view: {page} by {user}
54373,2026-01-13,20:09:20,INFO,AuthService,Page view: /home by u4355,E103,Page view: {page} by {user}
54374,2026-01-13,20:42:06,INFO,WebServer,User u3469 login successful,E101,User {user} login successful
54375,2026-01-13,20:04:01,INFO,WebServer,User u4569 login successful,E101,User {user} login successful
54376,2026-01-13,20:12:23,INFO,WebServer,Health check passed: WebServer,E102,Health check passed: {service}
54377,2026-01-13,20:47:41,INFO,WebServer,Page view: /home by u3098,E103,Page view: {page} by {user}
54378,2026-01-13,20:05:26,INFO,WebServer,Transaction tx894578 completed in 1033ms,E104,Transaction {tx} completed in {time}ms
54379,2026-01-13,20:08:51,INFO,InventoryDB,User u2565 login successful,E101,User {user} login successful
54380,2026-01-13,20:31:11,INFO,OrderProcessor,Page view: /home by u2167,E103,Page view: {page} by {user}
54381,2026-01-13,20:27:10,WARN,WebServer,High latency (1043ms) detected on WebServer,E201,High latency ({time}ms) detected on {service}
54382,2026-01-13,20:19:44,INFO,PaymentGateway,Transaction tx927032 completed in 715ms,E104,Transaction {tx} completed in {time}ms
54383,2026-01-13,20:55:22,INFO,WebServer,Health check passed: WebServer,E102,Health check passed: {service}
54384,2026-01-13,20:18:19,INFO,WebServer,Health check passed: WebServer,E102,Health check passed: {service}
54385,2026-01-13,20:10:20,INFO,AuthService,User u1659 login successful,E101,User {user} login successful
54386,2026-01-13,20:11:00,INFO,OrderProcessor,Health check passed: OrderProcessor,E102,Health check passed: {service}
54387,2026-01-13,20:46:39,INFO,WebServer,Page view: /home by u2387,E103,Page view: {page} by {user}
54388,2026-01-13,20:54:31,INFO,PaymentGateway,User u4848 login successful,E101,User {user} login successful
54389,2026-01-13,20:34:34,INFO,OrderProcessor,Page view: /home by u4494,E103,Page view: {page} by {user}
54390,2026-01-13,20:30:12,INFO,WebServer,User u3676 login successful,E101,User {user} login successful
54391,2026-01-13,20:29:38,INFO,WebServer,Health check passed: WebServer,E102,Health check passed: {service}
54392,2026-01-13,20:29:17,INFO,AuthService,User u3721 login successful,E101,User {user} login successful
54393,2026-01-13,20:42:54,INFO,OrderProcessor,Health check passed: OrderProcessor,E102,Health check passed: {service}
54394,2026-01-13,20:22:32,INFO,WebServer,Transaction tx619196 completed in 377ms,E104,Transaction {tx} completed in {time}ms
54395,2026-01-13,20:14:01,INFO,WebServer,Health check passed: WebServer,E102,Health check passed: {service}
54396,2026-01-13,20:26:46,INFO,WebServer,User u3250 login successful,E101,User {user} login successful
54397,2026-01-13,20:38:49,INFO,WebServer,Health check passed: WebServer,E102,Health check passed: {service}
54398,2026-01-13,20:25:28,INFO,WebServer,Transaction tx792283 completed in 1912ms,E104,Transaction {tx} completed in {time}ms
54399,2026-01-13,20:07:54,INFO,WebServer,User u4097 login successful,E101,User {user} login successful
54400,2026-01-13,20:56:20,INFO,AuthService,Health check passed: AuthService,E102,Health check passed: {service}
54401,2026-01-13,20:44:10,INFO,WebServer,Transaction tx697714 completed in 1340ms,E104,Transaction {tx} completed in {time}ms
54402,2026-01-13,20:37:07,INFO,WebServer,Transaction tx837380 completed in 766ms,E104,Transaction {tx} completed in {time}ms
54403,2026-01-13,20:36:39,INFO,WebServer,User u1173 login successful,E101,User {user} login successful
54404,2026-01-13,20:26:57,INFO,AuthService,Page view: /home by u1710,E103,Page view: {page} by {user}
54405,2026-01-13,20:22:26,INFO,InventoryDB,Transaction tx742440 completed in 62ms,E104,Transaction {tx} completed in {time}ms
54406,2026-01-13,20:54:43,INFO,WebServer,Health check passed: WebServer,E102,Health check passed: {service}
54407,2026-01-13,20:25:51,INFO,WebServer,Transaction tx475566 completed in 141ms,E104,Transaction {tx} completed in {time}ms
54408,2026-01-13,20:28:40,INFO,PaymentGateway,Page view: /home by u2736,E103,Page view: {page} by {user}
54409,2026-01-13,20:40:29,INFO,WebServer,Health check passed: WebServer,E102,Health check passed: {service}
54410,2026-01-13,20:04:54,INFO,WebServer,User u3258 login successful,E101,User {user} login successful
54411,2026-01-13,20:02:49,INFO,WebServer,Transaction tx824260 completed in 1458ms,E104,Transaction {tx} completed in {time}ms
54412,2026-01-13,20:10:50,INFO,AuthService,Page view: /home by u4812,E103,Page view: {page} by {user}
54413,2026-01-13,20:52:56,INFO,WebServer,Transaction tx790062 completed in 682ms,E104,Transaction {tx} completed in {time}ms
54414,2026-01-13,20:18:16,INFO,AuthService,Page view: /home by u1931,E103,Page view: {page} by {user}
54415,2026-01-13,20:17:49,INFO,PaymentGateway,Page view: /home by u4019,E103,Page view: {page} by {user}
54416,2026-01-13,20:05:21,INFO,AuthService,Page view: /home by u4193,E103,Page view: {page} by {user}
54417,2026-01-13,20:50:00,INFO,WebServer,Transaction tx797796 completed in 909ms,E104,Transaction {tx} completed in {time}ms
54418,2026-01-13,20:50:24,INFO,AuthService,Transaction tx886492 completed in 646ms,E104,Transaction {tx} completed in {time}ms
54419,2026-01-13,20:58:55,INFO,WebServer,User u4726 login successful,E101,User {user} login successful
54420,2026-01-13,20:44:57,INFO,WebServer,Page view: /home by u4675,E103,Page view: {page} by {user}
54421,2026-01-13,20:39:51,INFO,InventoryDB,Transaction tx780381 completed in 691ms,E104,Transaction {tx} completed in {time}ms
54422,2026-01-13,20:54:55,INFO,WebServer,User u2614 login successful,E101,User {user} login successful
54423,2026-01-13,20:08:16,INFO,WebServer,Page view: /home by u3693,E103,Page view: {page} by {user}
54424,2026-01-13,20:58:56,WARN,WebServer,Disk usage > 85% on node node-2,E202,Disk usage > 85% on node {node}
54425,2026-01-13,20:29:21,INFO,WebServer,Health check passed: WebServer,E102,Health check passed: {service}
54426,2026-01-13,20:24:02,INFO,WebServer,Page view: /home by u4774,E103,Page view: {page} by {user}
54427,2026-01-13,20:07:53,INFO,WebServer,Transaction tx420897 completed in 230ms,E104,Transaction {tx} completed in {time}ms
54428,2026-01-13,20:28:44,WARN,WebServer,Unauthorized access attempt from 10.0.0.45,E401,Unauthorized access attempt from {ip}
54429,2026-01-13,20:17:32,INFO,WebServer,Transaction tx560221 completed in 1875ms,E104,Transaction {tx} completed in {time}ms
54430,2026-01-13,20:07:40,INFO,WebServer,Page view: /home by u3116,E103,Page view: {page} by {user}
54431,2026-01-13,20:45:11,INFO,WebServer,Transaction tx736468 completed in 1705ms,E104,Transaction {tx} completed in {time}ms
54432,2026-01-13,20:06:37,INFO,WebServer,Transaction tx577365 completed in 641ms,E104,Transaction {tx} completed in {time}ms
54433,2026-01-13,20:07:13,INFO,OrderProcessor,Health check passed: OrderProcessor,E102,Health check passed: {service}
54434,2026-01-13,20:47:11,ERROR,AuthService,Connection refused to AuthService at 10.0.0.45,E501,Connection refused to {service} at {ip}
54435,2026-01-13,20:23:51,INFO,WebServer,User u2130 login successful,E101,User {user} login successful
54436,2026-01-13,20:04:57,INFO,InventoryDB,Transaction tx567243 completed in 338ms,E104,Transaction {tx} completed in {time}ms
54437,2026-01-13,20:09:43,INFO,WebServer,User u4037 login successful,E101,User {user} login successful
54438,2026-01-13,20:56:45,INFO,WebServer,Health check passed: WebServer,E102,Health check passed: {service}
54439,2026-01-13,20:05:07,INFO,PaymentGateway,Page view: /home by u2115,E103,Page view: {page} by {user}
54440,2026-01-13,20:30:14,INFO,WebServer,Health check passed: WebServer,E102,Health check passed: {service}
54441,2026-01-13,20:41:07,INFO,WebServer,User u3506 login successful,E101,User {user} login successful
54442,2026-01-13,20:22:41,INFO,WebServer,Transaction tx164054 completed in 1500ms,E104,Transaction {tx} completed in {time}ms
54443,2026-01-13,20:44:07,INFO,WebServer,Page view: /home by u4009,E103,Page view: {page} by {user}
54444,2026-01-13,20:15:59,INFO,WebServer,Health check passed: WebServer,E102,Health check passed: {service}
54445,2026-01-13,20:58:02,INFO,InventoryDB,User u4443 login successful,E101,User {user} login successful
54446,2026-01-13,20:26:45,INFO,WebServer,User u2269 login successful,E101,User {user} login successful
54447,2026-01-13,20:54:26,INFO,WebServer,Health check passed: WebServer,E102,Health check passed: {service}
54448,2026-01-13,20:27:14,INFO,AuthService,Page view: /home by u3211,E103,Page view: {page} by {user}
54449,2026-01-13,20:14:38,WARN,WebServer,Disk usage > 85% on node node-2,E202,Disk usage > 85% on node {node}
54450,2026-01-13,20:42:11,INFO,OrderProcessor,Health check passed: OrderProcessor,E102,Health check passed: {service}
54451,2026-01-13,20:18:09,INFO,WebServer,Health check passed: WebServer,E102,Health check passed: {service}
54452,2026-01-13,20:53:25,WARN,OrderProcessor,Disk usage > 85% on node node-1,E202,Disk usage > 85% on node {node}
54453,2026-01-13,20:38:23,WARN,PaymentGateway,Unauthorized access attempt from 10.0.0.45,E401,Unauthorized access attempt from {ip}
54454,2026-01-13,20:39:29,INFO,WebServer,Health check passed: WebServer,E102,Health check passed: {service}
54455,2026-01-13,20:55:57,INFO,WebServer,Transaction tx247399 completed in 1713ms,E104,Transaction {tx} completed in {time}ms
54456,2026-01-13,20:53:24,INFO,OrderProcessor,Health check passed: OrderProcessor,E102,Health check passed: {service}
54457,2026-01-13,20:59:19,INFO,AuthService,Transaction tx664935 completed in 931ms,E104,Transaction {tx} completed in {time}ms
54458,2026-01-13,20:52:09,INFO,OrderProcessor,Health check passed: OrderProcessor,E102,Health check passed: {service}
54459,2026-01-13,20:03:14,INFO,PaymentGateway,User u1603 login successful,E101,User {user} login successful
54460,2026-01-13,20:49:53,INFO,WebServer,Transaction tx988086 completed in 1098ms,E104,Transaction {tx} completed in {time}ms
54461,2026-01-13,20:56:46,CRITICAL,OrderProcessor,DATA CORRUPTION detected in sector 915,E602,DATA CORRUPTION detected in sector {sector}
54462,2026-01-13,20:15:47,INFO,PaymentGateway,Page view: /home by u1486,E103,Page view: {page} by {user}
54463,2026-01-13,20:53:02,INFO,WebServer,Page view: /home by u2254,E103,Page view: {page} by {user}
54464,2026-01-13,20:17:52,INFO,OrderProcessor,Health check passed: OrderProcessor,E102,Health check passed: {service}
54465,2026-01-13,20:43:16,ERROR,OrderProcessor,Timeout waiting for lock on InventoryDB,E502,Timeout waiting for lock on {db}
54466,2026-01-13,20:30:01,INFO,WebServer,Health check passed: WebServer,E102,Health check passed: {service}
54467,2026-01-13,20:14:56,INFO,WebServer,Transaction tx243794 completed in 498ms,E104,Transaction {tx} completed in {time}ms
54468,2026-01-13,20:02:17,INFO,WebServer,Health check passed: WebServer,E102,Health check passed: {service}
54469,2026-01-13,20:27:52,INFO,AuthService,User u1447 login successful,E101,User {user} login successful
54470,2026-01-13,20:14:19,INFO,WebServer,User u3012 login successful,E101,User {user} login successful
54471,2026-01-13,20:19:17,INFO,OrderProcessor,Page view: /home by u2940,E103,Page view: {page} by {user}
54472,2026-01-13,20:13:00,ERROR,AuthService,Timeout waiting for lock on InventoryDB,E502,Timeout waiting for lock on {db}
54473,2026-01-13,20:17:57,INFO,OrderProcessor,Page view: /home by u1339,E103,Page view: {page} by {user}
54474,2026-01-13,20:35:57,INFO,AuthService,User u4291 login successful,E101,User {user} login successful
54475,2026-01-13,20:11:06,INFO,OrderProcessor,User u1470 login successful,E101,User {user} login successful
54476,2026-01-13,20:49:41,INFO,WebServer,Health check passed: WebServer,E102,Health check passed: {service}
54477,2026-01-13,20:26:11,INFO,WebServer,Page view: /home by u2720,E103,Page view: {page} by {user}
54478,2026-01-13,20:18:35,INFO,WebServer,Page view: /home by u4890,E103,Page view: {page} by {user}
54479,2026-01-13,20:44:35,INFO,WebServer,Health check passed: WebServer,E102,Health check passed: {service}
54480,2026-01-13,20:33:27,INFO,AuthService,Transaction tx206618 completed in 1026ms,E104,Transaction {tx} completed in {time}ms
54481,2026-01-13,20:11:27,INFO,AuthService,Health check passed: AuthService,E102,Health check passed: {service}
54482,2026-01-13,20:57:46,INFO,OrderProcessor,User u1833 login successful,E101,User {user} login successful
54483,2026-01-13,20:10:37,INFO,WebServer,User u3531 login successful,E101,User {user} login successful
54484,2026-01-13,20:12:14,INFO,WebServer,Page view: /home by u3903,E103,Page view: {page} by {user}
54485,2026-01-13,20:28:38,INFO,WebServer,User u4336 login successful,E101,User {user} login successful
54486,2026-01-13,20:31:15,INFO,AuthService,User u1792 login successful,E101,User {user} login successful
54487,2026-01-13,20:22:06,INFO,WebServer,Health check passed: WebServer,E102,Health check passed: {service}
54488,2026-01-13,20:45:38,INFO,WebServer,Transaction tx361080 completed in 1270ms,E104,Transaction {tx} completed in {time}ms
54489,2026-01-13,20:28:11,INFO,OrderProcessor,User u2008 login successful,E101,User {user} login successful
54490,2026-01-13,20:41:27,INFO,OrderProcessor,Health check passed: OrderProcessor,E102,Health check passed: {service}
54491,2026-01-13,20:21:49,INFO,InventoryDB,Transaction tx486627 completed in 1663ms,E104,Transaction {tx} completed in {time}ms
54492,2026-01-13,20:02:48,INFO,OrderProcessor,Transaction tx240832 completed in 831ms,E104,Transaction {tx} completed in {time}ms
54493,2026-01-13,20:18:34,INFO,WebServer,User u2043 login successful,E101,User {user} login successful
54494,2026-01-13,20:08:44,INFO,WebServer,Health check passed: WebServer,E102,Health check passed: {service}
54495,2026-01-13,20:32:18,INFO,WebServer,User u3720 login successful,E101,User {user} login successful
54496,2026-01-13,20:06:01,INFO,OrderProcessor,Transaction tx733600 completed in 1369ms,E104,Transaction {tx} completed in {time}ms
54497,2026-01-13,20:28:53,INFO,WebServer,User u1774 login successful,E101,User {user} login successful
54498,2026-01-13,20:57:51,INFO,AuthService,Transaction tx349344 completed in 708ms,E104,Transaction {tx} completed in {time}ms
54499,2026-01-13,20:45:58,INFO,OrderProcessor,Transaction tx567718 completed in 1144ms,E104,Transaction {tx} completed in {time}ms
54500,2026-01-13,20:02:46,INFO,OrderProcessor,Health check passed: OrderProcessor,E102,Health check passed: {service}
54501,2026-01-13,20:10:55,INFO,OrderProcessor,Health check passed: OrderProcessor,E102,Health check passed: {service}
54502,2026-01-13,20:17:25,INFO,WebServer,User u1902 login successful,E101,User {user} login successful
54503,2026-01-13,20:05:41,INFO,InventoryDB,Transaction tx446558 completed in 93ms,E104,Transaction {tx} completed in {time}ms
54504,2026-01-13,20:31:08,INFO,WebServer,Health check passed: WebServer,E102,Health check passed: {service}
54505,2026-01-13,20:49:51,INFO,WebServer,Health check passed: WebServer,E102,Health check passed: {service}
54506,2026-01-13,20:28:54,INFO,WebServer,Transaction tx909077 completed in 471ms,E104,Transaction {tx} completed in {time}ms
54507,2026-01-13,20:40:28,INFO,AuthService,Health check passed: AuthService,E102,Health check passed: {service}
54508,2026-01-13,20:05:33,INFO,WebServer,Transaction tx126977 completed in 1225ms,E104,Transaction {tx} completed in {time}ms
54509,2026-01-13,20:21:16,INFO,OrderProcessor,Transaction tx939084 completed in 1208ms,E104,Transaction {tx} completed in {time}ms
54510,2026-01-13,20:58:04,INFO,PaymentGateway,Page view: /home by u1252,E103,Page view: {page} by {user}
54511,2026-01-13,20:42:05,INFO,OrderProcessor,User u1060 login successful,E101,User {user} login successful
54512,2026-01-13,20:49:10,ERROR,AuthService,Timeout waiting for lock on InventoryDB,E502,Timeout waiting for lock on {db}
54513,2026-01-13,20:48:24,INFO,InventoryDB,Health check passed: InventoryDB,E102,Health check passed: {service}
54514,2026-01-13,20:33:17,INFO,PaymentGateway,Health check passed: PaymentGateway,E102,Health check passed: {service}
54515,2026-01-13,20:41:33,INFO,WebServer,Health check passed: WebServer,E102,Health check passed: {service}
54516,2026-01-13,20:48:50,INFO,OrderProcessor,Health check passed: OrderProcessor,E102,Health check passed: {service}
54517,2026-01-13,20:43:30,INFO,WebServer,Transaction tx115224 completed in 1563ms,E104,Transaction {tx} completed in {time}ms
54518,2026-01-13,20:12:13,INFO,WebServer,Health check passed: WebServer,E102,Health check passed: {service}
54519,2026-01-13,20:50:16,INFO,PaymentGateway,Health check passed: PaymentGateway,E102,Health check passed: {service}
54520,2026-01-13,20:43:53,INFO,AuthService,User u4093 login successful,E101,User {user} login successful
54521,2026-01-13,20:06:47,INFO,PaymentGateway,Transaction tx656625 completed in 1451ms,E104,Transaction {tx} completed in {time}ms
54522,2026-01-13,20:05:43,INFO,WebServer,Page view: /home by u1416,E103,Page view: {page} by {user}
54523,2026-01-13,20:14:43,INFO,AuthService,Health check passed: AuthService,E102,Health check passed: {service}
54524,2026-01-13,20:19:10,INFO,WebServer,User u3288 login successful,E101,User {user} login successful
54525,2026-01-13,20:55:10,INFO,WebServer,Health check passed: WebServer,E102,Health check passed: {service}
54526,2026-01-13,20:57:46,INFO,OrderProcessor,Health check passed: OrderProcessor,E102,Health check passed: {service}
54527,2026-01-13,20:21:53,INFO,OrderProcessor,User u2326 login successful,E101,User {user} login successful
54528,2026-01-13,20:36:12,INFO,WebServer,Transaction tx169870 completed in 1619ms,E104,Transaction {tx} completed in {time}ms
54529,2026-01-13,20:02:15,ERROR,WebServer,Connection refused to WebServer at 192.168.1.5,E501,Connection refused to {service} at {ip}
54530,2026-01-13,20:58:42,INFO,PaymentGateway,Page view: /home by u4673,E103,Page view: {page} by {user}
54531,2026-01-13,20:14:34,INFO,OrderProcessor,Health check passed: OrderProcessor,E102,Health check passed: {service}
54532,2026-01-13,20:01:34,INFO,AuthService,User u1991 login successful,E101,User {user} login successful
54533,2026-01-13,20:12:13,INFO,OrderProcessor,User u3204 login successful,E101,User {user} login successful
54534,2026-01-13,20:49:20,INFO,AuthService,Page view: /home by u1020,E103,Page view: {page} by {user}
54535,2026-01-13,20:40:08,WARN,WebServer,High latency (160ms) detected on WebServer,E201,High latency ({time}ms) detected on {service}
54536,2026-01-13,20:00:19,INFO,PaymentGateway,Transaction tx877898 completed in 322ms,E104,Transaction {tx} completed in {time}ms
54537,2026-01-13,20:34:26,INFO,WebServer,Page view: /home by u2390,E103,Page view: {page} by {user}
54538,2026-01-13,20:29:55,INFO,OrderProcessor,Transaction tx407744 completed in 36ms,E104,Transaction {tx} completed in {time}ms
54539,2026-01-13,20:55:35,INFO,WebServer,User u3746 login successful,E101,User {user} login successful
54540,2026-01-13,20:18:20,INFO,WebServer,User u2624 login successful,E101,User {user} login successful
54541,2026-01-13,20:55:09,INFO,AuthService,User u1947 login successful,E101,User {user} login successful
54542,2026-01-13,20:21:53,INFO,WebServer,Transaction tx384336 completed in 493ms,E104,Transaction {tx} completed in {time}ms
54543,2026-01-13,20:10:58,INFO,WebServer,Health check passed: WebServer,E102,Health check passed: {service}
54544,2026-01-13,20:21:52,INFO,WebServer,Page view: /home by u1940,E103,Page view: {page} by {user}
54545,2026-01-13,20:20:09,INFO,InventoryDB,Page view: /home by u3010,E103,Page view: {page} by {user}
54546,2026-01-13,20:03:06,INFO,WebServer,User u4531 login successful,E101,User {user} login successful
54547,2026-01-13,20:07:20,INFO,WebServer,User u3150 login successful,E101,User {user} login successful
54548,2026-01-13,20:11:42,INFO,OrderProcessor,Transaction tx972754 completed in 700ms,E104,Transaction {tx} completed in {time}ms
54549,2026-01-13,20:25:13,INFO,WebServer,Health check passed: WebServer,E102,Health check passed: {service}
54550,2026-01-13,20:10:24,INFO,AuthService,Health check passed: AuthService,E102,Health check passed: {service}
54551,2026-01-13,20:05:43,INFO,WebServer,Health check passed: WebServer,E102,Health check passed: {service}
54552,2026-01-13,20:38:51,INFO,OrderProcessor,Transaction tx344812 completed in 1804ms,E104,Transaction {tx} completed in {time}ms
54553,2026-01-13,20:47:02,INFO,WebServer,Transaction tx463735 completed in 1459ms,E104,Transaction {tx} completed in {time}ms
54554,2026-01-13,20:27:28,INFO,WebServer,Page view: /home by u4920,E103,Page view: {page} by {user}
54555,2026-01-13,20:02:16,INFO,AuthService,Health check passed: AuthService,E102,Health check passed: {service}
54556,2026-01-13,20:26:05,INFO,WebServer,Transaction tx291403 completed in 58ms,E104,Transaction {tx} completed in {time}ms
54557,2026-01-13,20:07:02,INFO,WebServer,Transaction tx650276 completed in 1605ms,E104,Transaction {tx} completed in {time}ms
54558,2026-01-13,20:43:06,INFO,OrderProcessor,Transaction tx713385 completed in 1822ms,E104,Transaction {tx} completed in {time}ms
54559,2026-01-13,20:36:04,INFO,WebServer,Page view: /home by u2862,E103,Page view: {page} by {user}
54560,2026-01-13,20:42:32,INFO,WebServer,User u3848 login successful,E101,User {user} login successful
54561,2026-01-13,20:45:05,INFO,AuthService,Transaction tx380696 completed in 1682ms,E104,Transaction {tx} completed in {time}ms
54562,2026-01-13,20:44:23,INFO,WebServer,Page view: /home by u3883,E103,Page view: {page} by {user}
54563,2026-01-13,20:10:47,INFO,WebServer,Transaction tx569709 completed in 1415ms,E104,Transaction {tx} completed in {time}ms
54564,2026-01-13,20:46:26,INFO,WebServer,Health check passed: WebServer,E102,Health check passed: {service}
54565,2026-01-13,20:01:27,INFO,WebServer,User u4880 login successful,E101,User {user} login successful
54566,2026-01-13,20:26:22,INFO,WebServer,Page view: /home by u1785,E103,Page view: {page} by {user}
54567,2026-01-13,20:59:29,WARN,InventoryDB,Unauthorized access attempt from 10.0.0.45,E401,Unauthorized access attempt from {ip}
54568,2026-01-13,20:12:09,INFO,WebServer,Page view: /home by u1185,E103,Page view: {page} by {user}
54569,2026-01-13,20:21:15,INFO,AuthService,User u3673 login successful,E101,User {user} login successful
54570,2026-01-13,20:18:59,INFO,WebServer,Page view: /home by u4776,E103,Page view: {page} by {user}
54571,2026-01-13,20:02:43,INFO,WebServer,Transaction tx623493 completed in 1145ms,E104,Transaction {tx} completed in {time}ms
54572,2026-01-13,20:46:47,INFO,AuthService,User u4244 login successful,E101,User {user} login successful
54573,2026-01-13,20:39:20,INFO,AuthService,Transaction tx292202 completed in 188ms,E104,Transaction {tx} completed in {time}ms
54574,2026-01-13,20:50:26,INFO,AuthService,Transaction tx430408 completed in 1588ms,E104,Transaction {tx} completed in {time}ms
54575,2026-01-13,20:58:55,INFO,WebServer,Page view: /home by u2523,E103,Page view: {page} by {user}
54576,2026-01-13,20:12:10,INFO,WebServer,User u4261 login successful,E101,User {user} login successful
54577,2026-01-13,20:09:47,INFO,AuthService,Health check passed: AuthService,E102,Health check passed: {service}
54578,2026-01-13,20:20:30,ERROR,WebServer,Connection refused to WebServer at 10.0.0.99,E501,Connection refused to {service} at {ip}
54579,2026-01-13,20:48:04,INFO,WebServer,Page view: /home by u4250,E103,Page view: {page} by {user}
54580,2026-01-13,20:31:31,INFO,OrderProcessor,Health check passed: OrderProcessor,E102,Health check passed: {service}
54581,2026-01-13,20:26:19,INFO,AuthService,Page view: /home by u3371,E103,Page view: {page} by {user}
54582,2026-01-13,20:10:45,INFO,WebServer,Transaction tx103112 completed in 424ms,E104,Transaction {tx} completed in {time}ms
54583,2026-01-13,20:37:06,INFO,WebServer,Health check passed: WebServer,E102,Health check passed: {service}
54584,2026-01-13,20:58:55,INFO,OrderProcessor,Page view: /home by u3461,E103,Page view: {page} by {user}
54585,2026-01-13,20:40:28,INFO,PaymentGateway,Health check passed: PaymentGateway,E102,Health check passed: {service}
54586,2026-01-13,20:54:43,INFO,OrderProcessor,Transaction tx856151 completed in 1948ms,E104,Transaction {tx} completed in {time}ms
54587,2026-01-13,20:18:41,INFO,AuthService,User u1324 login successful,E101,User {user} login successful
54588,2026-01-13,20:35:19,INFO,WebServer,Health check passed: WebServer,E102,Health check passed: {service}
54589,2026-01-13,20:38:00,INFO,WebServer,Transaction tx407262 completed in 213ms,E104,Transaction {tx} completed in {time}ms
54590,2026-01-13,20:55:35,INFO,WebServer,User u2700 login successful,E101,User {user} login successful
54591,2026-01-13,20:54:29,INFO,WebServer,Health check passed: WebServer,E102,Health check passed: {service}
54592,2026-01-13,20:19:22,INFO,WebServer,Health check passed: WebServer,E102,Health check passed: {service}
54593,2026-01-13,20:29:24,ERROR,WebServer,Payment declined: Gateway unavailable,E503,Payment declined: Gateway unavailable
54594,2026-01-13,20:49:37,INFO,PaymentGateway,Health check passed: PaymentGateway,E102,Health check passed: {service}
54595,2026-01-13,20:33:02,INFO,WebServer,Health check passed: WebServer,E102,Health check passed: {service}
54596,2026-01-13,20:21:06,INFO,AuthService,Page view: /home by u4698,E103,Page view: {page} by {user}
54597,2026-01-13,20:07:26,INFO,WebServer,Page view: /home by u4061,E103,Page view: {page} by {user}
54598,2026-01-13,20:04:17,INFO,AuthService,Transaction tx793558 completed in 488ms,E104,Transaction {tx} completed in {time}ms
54599,2026-01-13,20:42:05,INFO,OrderProcessor,Health check passed: OrderProcessor,E102,Health check passed: {service}
54600,2026-01-13,20:38:44,INFO,WebServer,Health check passed: WebServer,E102,Health check passed: {service}
54601,2026-01-13,20:37:31,INFO,WebServer,User u4378 login successful,E101,User {user} login successful
54602,2026-01-13,20:25:22,INFO,WebServer,Transaction tx217236 completed in 1499ms,E104,Transaction {tx} completed in {time}ms
54603,2026-01-13,20:00:28,INFO,WebServer,Page view: /home by u1458,E103,Page view: {page} by {user}
54604,2026-01-13,20:38:48,INFO,WebServer,User u4519 login successful,E101,User {user} login successful
54605,2026-01-13,20:01:53,INFO,PaymentGateway,User u2039 login successful,E101,User {user} login successful
54606,2026-01-13,20:09:45,INFO,PaymentGateway,Page view: /home by u3200,E103,Page view: {page} by {user}
54607,2026-01-13,20:46:19,INFO,AuthService,Health check passed: AuthService,E102,Health check passed: {service}
54608,2026-01-13,20:58:17,INFO,WebServer,User u2725 login successful,E101,User {user} login successful
54609,2026-01-13,20:53:28,INFO,WebServer,Page view: /home by u3494,E103,Page view: {page} by {user}
54610,2026-01-13,21:34:12,INFO,WebServer,Transaction tx398872 completed in 1906ms,E104,Transaction {tx} completed in {time}ms
54611,2026-01-13,21:12:27,INFO,WebServer,Page view: /home by u1229,E103,Page view: {page} by {user}
54612,2026-01-13,21:23:34,INFO,WebServer,User u4116 login successful,E101,User {user} login successful
54613,2026-01-13,21:05:44,INFO,WebServer,Page view: /home by u2868,E103,Page view: {page} by {user}
54614,2026-01-13,21:47:26,INFO,WebServer,Transaction tx232814 completed in 1213ms,E104,Transaction {tx} completed in {time}ms
54615,2026-01-13,21:53:56,INFO,AuthService,Transaction tx398740 completed in 293ms,E104,Transaction {tx} completed in {time}ms
54616,2026-01-13,21:45:28,INFO,WebServer,User u4658 login successful,E101,User {user} login successful
54617,2026-01-13,21:10:16,INFO,WebServer,Health check passed: WebServer,E102,Health check passed: {service}
54618,2026-01-13,21:08:20,INFO,WebServer,Transaction tx585918 completed in 522ms,E104,Transaction {tx} completed in {time}ms
54619,2026-01-13,21:33:18,INFO,OrderProcessor,Health check passed: OrderProcessor,E102,Health check passed: {service}
54620,2026-01-13,21:54:44,INFO,WebServer,Transaction tx101881 completed in 1547ms,E104,Transaction {tx} completed in {time}ms
54621,2026-01-13,21:33:38,INFO,WebServer,Transaction tx518283 completed in 1122ms,E104,Transaction {tx} completed in {time}ms
54622,2026-01-13,21:31:12,INFO,AuthService,Transaction tx465581 completed in 1660ms,E104,Transaction {tx} completed in {time}ms
54623,2026-01-13,21:23:49,INFO,WebServer,User u3846 login successful,E101,User {user} login successful
54624,2026-01-13,21:10:23,INFO,WebServer,Transaction tx602674 completed in 1839ms,E104,Transaction {tx} completed in {time}ms
54625,2026-01-13,21:38:20,INFO,AuthService,Transaction tx261684 completed in 1698ms,E104,Transaction {tx} completed in {time}ms
54626,2026-01-13,21:26:43,INFO,OrderProcessor,User u4797 login successful,E101,User {user} login successful
54627,2026-01-13,21:22:19,INFO,AuthService,Health check passed: AuthService,E102,Health check passed: {service}
54628,2026-01-13,21:28:30,INFO,AuthService,Transaction tx884403 completed in 618ms,E104,Transaction {tx} completed in {time}ms
54629,2026-01-13,21:05:41,INFO,OrderProcessor,User u3267 login successful,E101,User {user} login successful
54630,2026-01-13,21:21:31,INFO,OrderProcessor,Page view: /home by u4870,E103,Page view: {page} by {user}
54631,2026-01-13,21:00:44,INFO,WebServer,Transaction tx219919 completed in 488ms,E104,Transaction {tx} completed in {time}ms
54632,2026-01-13,21:22:38,INFO,OrderProcessor,User u2315 login successful,E101,User {user} login successful
54633,2026-01-13,21:07:33,INFO,WebServer,Transaction tx323049 completed in 120ms,E104,Transaction {tx} completed in {time}ms
54634,2026-01-13,21:31:14,INFO,WebServer,Health check passed: WebServer,E102,Health check passed: {service}
54635,2026-01-13,21:45:22,INFO,OrderProcessor,Page view: /home by u4001,E103,Page view: {page} by {user}
54636,2026-01-13,21:32:20,INFO,WebServer,User u1015 login successful,E101,User {user} login successful
54637,2026-01-13,21:25:38,INFO,WebServer,User u4310 login successful,E101,User {user} login successful
54638,2026-01-13,21:34:03,INFO,AuthService,Transaction tx265758 completed in 22ms,E104,Transaction {tx} completed in {time}ms
54639,2026-01-13,21:01:27,INFO,WebServer,Health check passed: WebServer,E102,Health check passed: {service}
54640,2026-01-13,21:02:32,INFO,WebServer,Page view: /home by u4333,E103,Page view: {page} by {user}
54641,2026-01-13,21:50:16,INFO,OrderProcessor,User u2267 login successful,E101,User {user} login successful
54642,2026-01-13,21:36:47,INFO,InventoryDB,Page view: /home by u3831,E103,Page view: {page} by {user}
54643,2026-01-13,21:47:00,INFO,WebServer,Page view: /home by u1566,E103,Page view: {page} by {user}
54644,2026-01-13,21:34:04,ERROR,WebServer,Connection refused to WebServer at 10.0.0.45,E501,Connection refused to {service} at {ip}
54645,2026-01-13,21:25:03,INFO,PaymentGateway,Transaction tx454969 completed in 1492ms,E104,Transaction {tx} completed in {time}ms
54646,2026-01-13,21:35:06,INFO,AuthService,User u2890 login successful,E101,User {user} login successful
54647,2026-01-13,21:15:11,INFO,AuthService,User u2966 login successful,E101,User {user} login successful
54648,2026-01-13,21:03:30,INFO,WebServer,Health check passed: WebServer,E102,Health check passed: {service}
54649,2026-01-13,21:41:18,INFO,AuthService,Page view: /home by u2985,E103,Page view: {page} by {user}
54650,2026-01-13,21:08:38,INFO,WebServer,Page view: /home by u2388,E103,Page view: {page} by {user}
54651,2026-01-13,21:34:44,INFO,OrderProcessor,Health check passed: OrderProcessor,E102,Health check passed: {service}
54652,2026-01-13,21:27:41,INFO,WebServer,Transaction tx929155 completed in 707ms,E104,Transaction {tx} completed in {time}ms
54653,2026-01-13,21:53:25,INFO,WebServer,Health check passed: WebServer,E102,Health check passed: {service}
54654,2026-01-13,21:34:37,INFO,PaymentGateway,Transaction tx226509 completed in 1188ms,E104,Transaction {tx} completed in {time}ms
54655,2026-01-13,21:42:53,INFO,WebServer,Page view: /home by u3018,E103,Page view: {page} by {user}
54656,2026-01-13,21:47:45,INFO,OrderProcessor,Transaction tx507058 completed in 1153ms,E104,Transaction {tx} completed in {time}ms
54657,2026-01-13,21:28:16,WARN,WebServer,Disk usage > 85% on node node-4,E202,Disk usage > 85% on node {node}
54658,2026-01-13,21:24:34,INFO,WebServer,User u4492 login successful,E101,User {user} login successful
54659,2026-01-13,21:20:28,INFO,AuthService,Transaction tx665463 completed in 296ms,E104,Transaction {tx} completed in {time}ms
54660,2026-01-13,21:50:49,INFO,WebServer,Health check passed: WebServer,E102,Health check passed: {service}
54661,2026-01-13,21:51:17,INFO,OrderProcessor,Health check passed: OrderProcessor,E102,Health check passed: {service}
54662,2026-01-13,21:35:52,INFO,OrderProcessor,Page view: /home by u4492,E103,Page view: {page} by {user}
54663,2026-01-13,21:37:28,INFO,WebServer,Page view: /home by u2835,E103,Page view: {page} by {user}
54664,2026-01-13,21:29:23,INFO,WebServer,Page view: /home by u2664,E103,Page view: {page} by {user}
54665,2026-01-13,21:07:26,WARN,InventoryDB,Disk usage > 85% on node node-1,E202,Disk usage > 85% on node {node}
54666,2026-01-13,21:30:47,INFO,WebServer,Page view: /home by u1304,E103,Page view: {page} by {user}
54667,2026-01-13,21:27:33,INFO,PaymentGateway,Health check passed: PaymentGateway,E102,Health check passed: {service}
54668,2026-01-13,21:38:31,INFO,WebServer,Page view: /home by u1044,E103,Page view: {page} by {user}
54669,2026-01-13,21:50:31,INFO,AuthService,Health check passed: AuthService,E102,Health check passed: {service}
54670,2026-01-13,21:17:01,INFO,PaymentGateway,Page view: /home by u1271,E103,Page view: {page} by {user}
54671,2026-01-13,21:16:20,INFO,WebServer,Page view: /home by u3733,E103,Page view: {page} by {user}
54672,2026-01-13,21:58:32,INFO,AuthService,Health check passed: AuthService,E102,Health check passed: {service}
54673,2026-01-13,21:08:46,INFO,AuthService,Transaction tx987392 completed in 1387ms,E104,Transaction {tx} completed in {time}ms
54674,2026-01-13,21:08:45,INFO,PaymentGateway,Health check passed: PaymentGateway,E102,Health check passed: {service}
54675,2026-01-13,21:34:50,INFO,AuthService,User u3548 login successful,E101,User {user} login successful
54676,2026-01-13,21:03:41,INFO,AuthService,User u1197 login successful,E101,User {user} login successful
54677,2026-01-13,21:55:46,INFO,AuthService,User u4248 login successful,E101,User {user} login successful
54678,2026-01-13,21:36:16,INFO,WebServer,Transaction tx275983 completed in 365ms,E104,Transaction {tx} completed in {time}ms
54679,2026-01-13,21:15:27,INFO,OrderProcessor,Transaction tx314876 completed in 1638ms,E104,Transaction {tx} completed in {time}ms
54680,2026-01-13,21:26:51,INFO,WebServer,User u1944 login successful,E101,User {user} login successful
54681,2026-01-13,21:39:30,INFO,WebServer,User u3538 login successful,E101,User {user} login successful
54682,2026-01-13,21:14:55,INFO,WebServer,Health check passed: WebServer,E102,Health check passed: {service}
54683,2026-01-13,21:41:32,INFO,AuthService,Transaction tx792340 completed in 506ms,E104,Transaction {tx} completed in {time}ms
54684,2026-01-13,21:50:25,INFO,AuthService,User u3860 login successful,E101,User {user} login successful
54685,2026-01-13,21:57:48,INFO,OrderProcessor,Health check passed: OrderProcessor,E102,Health check passed: {service}
54686,2026-01-13,21:27:26,INFO,WebServer,User u1612 login successful,E101,User {user} login successful
54687,2026-01-13,21:18:49,INFO,WebServer,User u2195 login successful,E101,User {user} login successful
54688,2026-01-13,21:52:39,INFO,WebServer,Page view: /home by u3730,E103,Page view: {page} by {user}
54689,2026-01-13,21:43:29,INFO,AuthService,Transaction tx877082 completed in 587ms,E104,Transaction {tx} completed in {time}ms
54690,2026-01-13,21:04:32,INFO,WebServer,Page view: /home by u1649,E103,Page view: {page} by {user}
54691,2026-01-13,21:14:19,INFO,AuthService,Transaction tx683355 completed in 491ms,E104,Transaction {tx} completed in {time}ms
54692,2026-01-13,21:33:04,INFO,WebServer,Transaction tx634404 completed in 1146ms,E104,Transaction {tx} completed in {time}ms
54693,2026-01-13,21:19:02,INFO,PaymentGateway,Page view: /home by u2833,E103,Page view: {page} by {user}
54694,2026-01-13,21:58:45,INFO,WebServer,Transaction tx294578 completed in 745ms,E104,Transaction {tx} completed in {time}ms
54695,2026-01-13,21:39:40,INFO,WebServer,Transaction tx468166 completed in 1014ms,E104,Transaction {tx} completed in {time}ms
54696,2026-01-13,21:41:28,INFO,AuthService,Page view: /home by u3705,E103,Page view: {page} by {user}
54697,2026-01-13,21:43:17,INFO,InventoryDB,User u1927 login successful,E101,User {user} login successful
54698,2026-01-13,21:18:56,CRITICAL,OrderProcessor,KERNEL PANIC: Node node-4 crashed,E601,KERNEL PANIC: Node {node} crashed
54699,2026-01-13,21:42:37,WARN,PaymentGateway,Unauthorized access attempt from 10.0.0.45,E401,Unauthorized access attempt from {ip}
54700,2026-01-13,21:13:42,CRITICAL,WebServer,KERNEL PANIC: Node node-5 crashed,E601,KERNEL PANIC: Node {node} crashed
54701,2026-01-13,21:34:31,INFO,WebServer,Transaction tx979499 completed in 1854ms,E104,Transaction {tx} completed in {time}ms
54702,2026-01-13,21:15:37,INFO,InventoryDB,Transaction tx177914 completed in 567ms,E104,Transaction {tx} completed in {time}ms
54703,2026-01-13,21:03:25,INFO,WebServer,Page view: /home by u4809,E103,Page view: {page} by {user}
54704,2026-01-13,21:19:19,INFO,WebServer,User u2444 login successful,E101,User {user} login successful
54705,2026-01-13,21:45:09,INFO,PaymentGateway,Page view: /home by u1912,E103,Page view: {page} by {user}
54706,2026-01-13,21:13:31,INFO,OrderProcessor,Health check passed: OrderProcessor,E102,Health check passed: {service}
54707,2026-01-13,21:16:00,INFO,WebServer,Health check passed: WebServer,E102,Health check passed: {service}
54708,2026-01-13,21:10:36,INFO,WebServer,Page view: /home by u2041,E103,Page view: {page} by {user}
54709,2026-01-13,21:33:54,INFO,WebServer,User u1645 login successful,E101,User {user} login successful
54710,2026-01-13,21:22:21,INFO,InventoryDB,Health check passed: InventoryDB,E102,Health check passed: {service}
54711,2026-01-13,21:20:45,INFO,WebServer,Page view: /home by u1586,E103,Page view: {page} by {user}
54712,2026-01-13,21:39:16,INFO,WebServer,User u2789 login successful,E101,User {user} login successful
54713,2026-01-13,21:13:49,INFO,PaymentGateway,User u4111 login successful,E101,User {user} login successful
54714,2026-01-13,21:29:05,INFO,AuthService,User u3219 login successful,E101,User {user} login successful
54715,2026-01-13,21:06:21,INFO,OrderProcessor,Transaction tx890399 completed in 1766ms,E104,Transaction {tx} completed in {time}ms
54716,2026-01-13,21:57:34,INFO,AuthService,Health check passed: AuthService,E102,Health check passed: {service}
54717,2026-01-13,21:30:41,INFO,WebServer,Transaction tx941808 completed in 1218ms,E104,Transaction {tx} completed in {time}ms
54718,2026-01-13,21:02:47,INFO,WebServer,User u1329 login successful,E101,User {user} login successful
54719,2026-01-13,21:22:58,INFO,OrderProcessor,Health check passed: OrderProcessor,E102,Health check passed: {service}
54720,2026-01-13,21:57:28,INFO,OrderProcessor,Transaction tx107025 completed in 1868ms,E104,Transaction {tx} completed in {time}ms
54721,2026-01-13,21:18:29,INFO,OrderProcessor,Health check passed: OrderProcessor,E102,Health check passed: {service}
54722,2026-01-13,21:55:05,INFO,OrderProcessor,Health check passed: OrderProcessor,E102,Health check passed: {service}
54723,2026-01-13,21:17:15,INFO,PaymentGateway,Transaction tx145514 completed in 1179ms,E104,Transaction {tx} completed in {time}ms
54724,2026-01-13,21:27:32,INFO,WebServer,Page view: /home by u4155,E103,Page view: {page} by {user}
54725,2026-01-13,21:36:37,INFO,WebServer,User u2008 login successful,E101,User {user} login successful
54726,2026-01-13,21:43:01,INFO,WebServer,Transaction tx867883 completed in 1647ms,E104,Transaction {tx} completed in {time}ms
54727,2026-01-13,21:34:13,INFO,OrderProcessor,Page view: /home by u1849,E103,Page view: {page} by {user}
54728,2026-01-13,21:43:26,INFO,AuthService,User u3584 login successful,E101,User {user} login successful
54729,2026-01-13,21:47:04,INFO,PaymentGateway,Health check passed: PaymentGateway,E102,Health check passed: {service}
54730,2026-01-13,21:07:33,INFO,PaymentGateway,Transaction tx137627 completed in 208ms,E104,Transaction {tx} completed in {time}ms
54731,2026-01-13,21:48:36,INFO,OrderProcessor,User u4998 login successful,E101,User {user} login successful
54732,2026-01-13,21:42:07,INFO,WebServer,User u4405 login successful,E101,User {user} login successful
54733,2026-01-13,21:15:22,INFO,WebServer,Page view: /home by u1527,E103,Page view: {page} by {user}
54734,2026-01-13,21:02:34,INFO,WebServer,Health check passed: WebServer,E102,Health check passed: {service}
54735,2026-01-13,21:32:30,INFO,AuthService,User u2390 login successful,E101,User {user} login successful
54736,2026-01-13,21:20:54,INFO,InventoryDB,User u3593 login successful,E101,User {user} login successful
54737,2026-01-13,21:32:57,INFO,WebServer,Page view: /home by u3591,E103,Page view: {page} by {user}
54738,2026-01-13,21:46:57,INFO,AuthService,Transaction tx411388 completed in 905ms,E104,Transaction {tx} completed in {time}ms
54739,2026-01-13,21:05:50,INFO,PaymentGateway,User u3537 login successful,E101,User {user} login successful
54740,2026-01-13,21:09:33,WARN,WebServer,Disk usage > 85% on node node-4,E202,Disk usage > 85% on node {node}
54741,2026-01-13,21:24:29,INFO,WebServer,Transaction tx550606 completed in 361ms,E104,Transaction {tx} completed in {time}ms
54742,2026-01-13,21:13:18,INFO,AuthService,Page view: /home by u2738,E103,Page view: {page} by {user}
54743,2026-01-13,21:37:26,INFO,OrderProcessor,Transaction tx192323 completed in 1882ms,E104,Transaction {tx} completed in {time}ms
54744,2026-01-13,21:02:05,INFO,AuthService,Page view: /home by u2016,E103,Page view: {page} by {user}
54745,2026-01-13,21:43:43,INFO,WebServer,Transaction tx896375 completed in 428ms,E104,Transaction {tx} completed in {time}ms
54746,2026-01-13,21:41:34,INFO,OrderProcessor,Health check passed: OrderProcessor,E102,Health check passed: {service}
54747,2026-01-13,21:46:08,ERROR,OrderProcessor,Payment declined: Gateway unavailable,E503,Payment declined: Gateway unavailable
54748,2026-01-13,21:30:19,INFO,WebServer,Page view: /home by u2348,E103,Page view: {page} by {user}
54749,2026-01-13,21:06:56,INFO,WebServer,Health check passed: WebServer,E102,Health check passed: {service}
54750,2026-01-13,21:25:08,INFO,AuthService,Page view: /home by u4647,E103,Page view: {page} by {user}
54751,2026-01-13,21:02:25,INFO,WebServer,Transaction tx349170 completed in 1449ms,E104,Transaction {tx} completed in {time}ms
54752,2026-01-13,21:43:11,INFO,WebServer,User u3937 login successful,E101,User {user} login successful
54753,2026-01-13,21:26:45,INFO,WebServer,Health check passed: WebServer,E102,Health check passed: {service}
54754,2026-01-13,21:39:44,INFO,WebServer,Health check passed: WebServer,E102,Health check passed: {service}
54755,2026-01-13,21:27:46,INFO,WebServer,Transaction tx297218 completed in 1196ms,E104,Transaction {tx} completed in {time}ms
54756,2026-01-13,21:15:52,INFO,PaymentGateway,Page view: /home by u2982,E103,Page view: {page} by {user}
54757,2026-01-13,21:08:34,INFO,WebServer,Health check passed: WebServer,E102,Health check passed: {service}
54758,2026-01-13,21:54:08,INFO,WebServer,User u2750 login successful,E101,User {user} login successful
54759,2026-01-13,21:28:45,INFO,WebServer,User u2723 login successful,E101,User {user} login successful
54760,2026-01-13,21:21:08,INFO,WebServer,Page view: /home by u4264,E103,Page view: {page} by {user}
54761,2026-01-13,21:22:29,INFO,AuthService,Transaction tx334965 completed in 1744ms,E104,Transaction {tx} completed in {time}ms
54762,2026-01-13,21:03:36,INFO,WebServer,Transaction tx283483 completed in 1000ms,E104,Transaction {tx} completed in {time}ms
54763,2026-01-13,21:15:38,INFO,AuthService,Page view: /home by u2222,E103,Page view: {page} by {user}
54764,2026-01-13,21:53:05,INFO,WebServer,User u3882 login successful,E101,User {user} login successful
54765,2026-01-13,21:52:00,INFO,AuthService,Health check passed: AuthService,E102,Health check passed: {service}
54766,2026-01-13,21:15:03,INFO,WebServer,User u2373 login successful,E101,User {user} login successful
54767,2026-01-13,21:58:01,INFO,OrderProcessor,Transaction tx289336 completed in 924ms,E104,Transaction {tx} completed in {time}ms
54768,2026-01-13,21:44:01,INFO,WebServer,User u3305 login successful,E101,User {user} login successful
54769,2026-01-13,21:09:07,INFO,OrderProcessor,Page view: /home by u3440,E103,Page view: {page} by {user}
54770,2026-01-13,21:19:59,INFO,WebServer,Transaction tx810533 completed in 1469ms,E104,Transaction {tx} completed in {time}ms
54771,2026-01-13,21:26:12,INFO,WebServer,Health check passed: WebServer,E102,Health check passed: {service}
54772,2026-01-13,21:12:59,INFO,WebServer,Health check passed: WebServer,E102,Health check passed: {service}
54773,2026-01-13,21:29:25,INFO,PaymentGateway,Transaction tx995175 completed in 1254ms,E104,Transaction {tx} completed in {time}ms
54774,2026-01-13,21:25:30,INFO,PaymentGateway,User u3084 login successful,E101,User {user} login successful
54775,2026-01-13,21:11:43,INFO,WebServer,User u4228 login successful,E101,User {user} login successful
54776,2026-01-13,21:26:30,INFO,PaymentGateway,User u2024 login successful,E101,User {user} login successful
54777,2026-01-13,21:18:08,INFO,WebServer,User u3257 login successful,E101,User {user} login successful
54778,2026-01-13,21:08:55,INFO,WebServer,Transaction tx132510 completed in 1528ms,E104,Transaction {tx} completed in {time}ms
54779,2026-01-13,21:53:16,INFO,AuthService,User u1299 login successful,E101,User {user} login successful
54780,2026-01-13,21:37:55,INFO,WebServer,Health check passed: WebServer,E102,Health check passed: {service}
54781,2026-01-13,21:47:07,INFO,WebServer,Page view: /home by u3313,E103,Page view: {page} by {user}
54782,2026-01-13,21:01:50,INFO,PaymentGateway,Page view: /home by u2201,E103,Page view: {page} by {user}
54783,2026-01-13,21:21:52,INFO,OrderProcessor,Transaction tx936112 completed in 1502ms,E104,Transaction {tx} completed in {time}ms
54784,2026-01-13,21:42:41,INFO,OrderProcessor,User u4137 login successful,E101,User {user} login successful
54785,2026-01-13,21:21:55,INFO,AuthService,User u1956 login successful,E101,User {user} login successful
54786,2026-01-13,21:31:14,INFO,AuthService,Health check passed: AuthService,E102,Health check passed: {service}
54787,2026-01-13,21:45:51,INFO,WebServer,Page view: /home by u2042,E103,Page view: {page} by {user}
54788,2026-01-13,21:11:19,INFO,WebServer,Transaction tx138218 completed in 884ms,E104,Transaction {tx} completed in {time}ms
54789,2026-01-13,21:20:04,INFO,WebServer,Transaction tx224564 completed in 821ms,E104,Transaction {tx} completed in {time}ms
54790,2026-01-13,21:57:08,INFO,WebServer,Health check passed: WebServer,E102,Health check passed: {service}
54791,2026-01-13,21:36:56,INFO,WebServer,Transaction tx659793 completed in 1262ms,E104,Transaction {tx} completed in {time}ms
54792,2026-01-13,21:56:13,INFO,WebServer,Transaction tx395670 completed in 78ms,E104,Transaction {tx} completed in {time}ms
54793,2026-01-13,21:20:48,INFO,WebServer,Transaction tx790812 completed in 789ms,E104,Transaction {tx} completed in {time}ms
54794,2026-01-13,21:18:34,INFO,WebServer,Page view: /home by u1249,E103,Page view: {page} by {user}
54795,2026-01-13,21:47:41,WARN,WebServer,Disk usage > 85% on node node-2,E202,Disk usage > 85% on node {node}
54796,2026-01-13,21:55:57,INFO,AuthService,Health check passed: AuthService,E102,Health check passed: {service}
54797,2026-01-13,21:45:12,INFO,PaymentGateway,Page view: /home by u2592,E103,Page view: {page} by {user}
54798,2026-01-13,21:40:23,INFO,WebServer,Health check passed: WebServer,E102,Health check passed: {service}
54799,2026-01-13,21:28:03,INFO,OrderProcessor,Transaction tx662128 completed in 507ms,E104,Transaction {tx} completed in {time}ms
54800,2026-01-13,21:30:15,INFO,AuthService,Page view: /home by u3908,E103,Page view: {page} by {user}
54801,2026-01-13,21:28:29,INFO,PaymentGateway,Health check passed: PaymentGateway,E102,Health check passed: {service}
54802,2026-01-13,21:23:00,INFO,AuthService,User u3734 login successful,E101,User {user} login successful
54803,2026-01-13,21:38:19,WARN,AuthService,High latency (839ms) detected on AuthService,E201,High latency ({time}ms) detected on {service}
54804,2026-01-13,21:31:05,INFO,WebServer,Transaction tx851827 completed in 1562ms,E104,Transaction {tx} completed in {time}ms
54805,2026-01-13,21:31:56,INFO,OrderProcessor,Transaction tx577439 completed in 667ms,E104,Transaction {tx} completed in {time}ms
54806,2026-01-13,21:44:05,INFO,WebServer,User u2017 login successful,E101,User {user} login successful
54807,2026-01-13,21:42:55,INFO,AuthService,Health check passed: AuthService,E102,Health check passed: {service}
54808,2026-01-13,21:26:12,INFO,AuthService,User u2485 login successful,E101,User {user} login successful
54809,2026-01-13,21:34:16,INFO,AuthService,Health check passed: AuthService,E102,Health check passed: {service}
54810,2026-01-13,21:35:18,INFO,WebServer,Health check passed: WebServer,E102,Health check passed: {service}
54811,2026-01-13,21:52:59,INFO,WebServer,User u1910 login successful,E101,User {user} login successful
54812,2026-01-13,21:40:01,WARN,AuthService,High latency (269ms) detected on AuthService,E201,High latency ({time}ms) detected on {service}
54813,2026-01-13,21:06:24,INFO,PaymentGateway,Page view: /home by u3600,E103,Page view: {page} by {user}
54814,2026-01-13,21:03:50,INFO,WebServer,Page view: /home by u1493,E103,Page view: {page} by {user}
54815,2026-01-13,21:15:44,INFO,InventoryDB,Health check passed: InventoryDB,E102,Health check passed: {service}
54816,2026-01-13,21:40:40,WARN,WebServer,High latency (861ms) detected on WebServer,E201,High latency ({time}ms) detected on {service}
54817,2026-01-13,21:05:54,ERROR,PaymentGateway,Payment declined: Gateway unavailable,E503,Payment declined: Gateway unavailable
54818,2026-01-13,21:09:10,INFO,WebServer,Transaction tx868936 completed in 479ms,E104,Transaction {tx} completed in {time}ms
54819,2026-01-13,21:29:25,INFO,InventoryDB,User u4844 login successful,E101,User {user} login successful
54820,2026-01-13,21:32:29,INFO,WebServer,Health check passed: WebServer,E102,Health check passed: {service}
54821,2026-01-13,21:52:19,INFO,WebServer,Health check passed: WebServer,E102,Health check passed: {service}
54822,2026-01-13,21:19:38,INFO,OrderProcessor,Health check passed: OrderProcessor,E102,Health check passed: {service}
54823,2026-01-13,21:45:40,INFO,WebServer,Page view: /home by u3929,E103,Page view: {page} by {user}
54824,2026-01-13,21:49:01,INFO,AuthService,Transaction tx391504 completed in 503ms,E104,Transaction {tx} completed in {time}ms
54825,2026-01-13,21:38:58,ERROR,InventoryDB,Payment declined: Gateway unavailable,E503,Payment declined: Gateway unavailable
54826,2026-01-13,21:43:25,INFO,WebServer,Health check passed: WebServer,E102,Health check passed: {service}
54827,2026-01-13,21:06:24,INFO,PaymentGateway,Page view: /home by u3934,E103,Page view: {page} by {user}
54828,2026-01-13,21:33:58,INFO,WebServer,Transaction tx740483 completed in 1217ms,E104,Transaction {tx} completed in {time}ms
54829,2026-01-13,21:10:30,INFO,OrderProcessor,Page view: /home by u3629,E103,Page view: {page} by {user}
54830,2026-01-13,21:29:10,INFO,OrderProcessor,Health check passed: OrderProcessor,E102,Health check passed: {service}
54831,2026-01-13,21:09:58,INFO,WebServer,Transaction tx687162 completed in 1737ms,E104,Transaction {tx} completed in {time}ms
54832,2026-01-13,21:37:43,INFO,WebServer,Transaction tx509875 completed in 1727ms,E104,Transaction {tx} completed in {time}ms
54833,2026-01-13,21:45:42,INFO,WebServer,User u4309 login successful,E101,User {user} login successful
54834,2026-01-13,21:09:01,INFO,WebServer,Health check passed: WebServer,E102,Health check passed: {service}
54835,2026-01-13,21:19:58,INFO,InventoryDB,Health check passed: InventoryDB,E102,Health check passed: {service}
54836,2026-01-13,21:23:28,INFO,AuthService,Transaction tx495296 completed in 290ms,E104,Transaction {tx} completed in {time}ms
54837,2026-01-13,21:34:04,INFO,WebServer,User u4939 login successful,E101,User {user} login successful
54838,2026-01-13,21:45:54,INFO,WebServer,Transaction tx399515 completed in 1017ms,E104,Transaction {tx} completed in {time}ms
54839,2026-01-13,21:08:21,INFO,AuthService,User u4833 login successful,E101,User {user} login successful
54840,2026-01-13,21:14:47,INFO,WebServer,Transaction tx388906 completed in 587ms,E104,Transaction {tx} completed in {time}ms
54841,2026-01-13,21:52:19,INFO,OrderProcessor,Page view: /home by u3190,E103,Page view: {page} by {user}
54842,2026-01-13,21:21:22,INFO,WebServer,User u4267 login successful,E101,User {user} login successful
54843,2026-01-13,21:13:20,INFO,PaymentGateway,Health check passed: PaymentGateway,E102,Health check passed: {service}
54844,2026-01-13,21:22:35,CRITICAL,WebServer,KERNEL PANIC: Node node-4 crashed,E601,KERNEL PANIC: Node {node} crashed
54845,2026-01-13,21:57:18,INFO,AuthService,Page view: /home by u1295,E103,Page view: {page} by {user}
54846,2026-01-13,21:32:00,INFO,OrderProcessor,Page view: /home by u1099,E103,Page view: {page} by {user}
54847,2026-01-13,21:05:58,INFO,WebServer,Health check passed: WebServer,E102,Health check passed: {service}
54848,2026-01-13,21:03:43,INFO,WebServer,Health check passed: WebServer,E102,Health check passed: {service}
54849,2026-01-13,21:17:54,INFO,OrderProcessor,User u2139 login successful,E101,User {user} login successful
54850,2026-01-13,21:00:43,INFO,WebServer,User u2176 login successful,E101,User {user} login successful
54851,2026-01-13,21:56:54,INFO,InventoryDB,User u1672 login successful,E101,User {user} login successful
54852,2026-01-13,21:08:24,INFO,OrderProcessor,Transaction tx439255 completed in 1894ms,E104,Transaction {tx} completed in {time}ms
54853,2026-01-13,21:03:48,INFO,AuthService,Page view: /home by u3653,E103,Page view: {page} by {user}
54854,2026-01-13,21:01:20,INFO,OrderProcessor,Transaction tx596655 completed in 1875ms,E104,Transaction {tx} completed in {time}ms
54855,2026-01-13,21:00:53,INFO,WebServer,Health check passed: WebServer,E102,Health check passed: {service}
54856,2026-01-13,21:04:30,WARN,PaymentGateway,High latency (1390ms) detected on PaymentGateway,E201,High latency ({time}ms) detected on {service}
54857,2026-01-13,21:30:23,INFO,WebServer,Transaction tx523386 completed in 438ms,E104,Transaction {tx} completed in {time}ms
54858,2026-01-13,21:45:30,INFO,PaymentGateway,Health check passed: PaymentGateway,E102,Health check passed: {service}
54859,2026-01-13,21:08:14,INFO,WebServer,Page view: /home by u3351,E103,Page view: {page} by {user}
54860,2026-01-13,21:00:46,INFO,OrderProcessor,Health check passed: OrderProcessor,E102,Health check passed: {service}
54861,2026-01-13,21:56:52,INFO,WebServer,Transaction tx352735 completed in 1720ms,E104,Transaction {tx} completed in {time}ms
54862,2026-01-13,21:51:23,INFO,PaymentGateway,User u3636 login successful,E101,User {user} login successful
54863,2026-01-13,21:07:27,INFO,WebServer,User u1674 login successful,E101,User {user} login successful
54864,2026-01-13,21:25:05,INFO,WebServer,Transaction tx766861 completed in 984ms,E104,Transaction {tx} completed in {time}ms
54865,2026-01-13,21:38:36,INFO,OrderProcessor,Transaction tx150778 completed in 1829ms,E104,Transaction {tx} completed in {time}ms
54866,2026-01-13,21:59:46,INFO,WebServer,User u2124 login successful,E101,User {user} login successful
54867,2026-01-13,21:44:07,INFO,WebServer,User u2132 login successful,E101,User {user} login successful
54868,2026-01-13,21:37:34,INFO,WebServer,Health check passed: WebServer,E102,Health check passed: {service}
54869,2026-01-13,21:05:43,WARN,PaymentGateway,Disk usage > 85% on node node-5,E202,Disk usage > 85% on node {node}
54870,2026-01-13,21:21:40,WARN,WebServer,Disk usage > 85% on node node-2,E202,Disk usage > 85% on node {node}
54871,2026-01-13,21:03:13,INFO,AuthService,Transaction tx711037 completed in 143ms,E104,Transaction {tx} completed in {time}ms
54872,2026-01-13,21:22:39,INFO,AuthService,Health check passed: AuthService,E102,Health check passed: {service}
54873,2026-01-13,21:43:01,INFO,OrderProcessor,Page view: /home by u3343,E103,Page view: {page} by {user}
54874,2026-01-13,21:26:23,INFO,WebServer,Page view: /home by u2983,E103,Page view: {page} by {user}
54875,2026-01-13,21:34:27,INFO,InventoryDB,Page view: /home by u1806,E103,Page view: {page} by {user}
54876,2026-01-13,21:18:05,INFO,WebServer,User u4295 login successful,E101,User {user} login successful
54877,2026-01-13,21:49:45,INFO,WebServer,Transaction tx343976 completed in 1528ms,E104,Transaction {tx} completed in {time}ms
54878,2026-01-13,21:48:28,WARN,WebServer,High latency (414ms) detected on WebServer,E201,High latency ({time}ms) detected on {service}
54879,2026-01-13,21:10:45,INFO,WebServer,Transaction tx402327 completed in 410ms,E104,Transaction {tx} completed in {time}ms
54880,2026-01-13,21:27:10,WARN,AuthService,Unauthorized access attempt from 10.0.0.88,E401,Unauthorized access attempt from {ip}
54881,2026-01-13,21:31:38,INFO,AuthService,Health check passed: AuthService,E102,Health check passed: {service}
54882,2026-01-13,21:57:26,INFO,OrderProcessor,User u2853 login successful,E101,User {user} login successful
54883,2026-01-13,21:10:58,INFO,AuthService,User u2317 login successful,E101,User {user} login successful
54884,2026-01-13,21:55:21,INFO,WebServer,Page view: /home by u2619,E103,Page view: {page} by {user}
54885,2026-01-13,21:39:26,INFO,OrderProcessor,User u1660 login successful,E101,User {user} login successful
54886,2026-01-13,21:41:28,INFO,WebServer,Page view: /home by u2370,E103,Page view: {page} by {user}
54887,2026-01-13,21:54:03,INFO,InventoryDB,Transaction tx471960 completed in 184ms,E104,Transaction {tx} completed in {time}ms
54888,2026-01-13,21:12:15,INFO,OrderProcessor,User u4138 login successful,E101,User {user} login successful
54889,2026-01-13,21:29:07,INFO,WebServer,Page view: /home by u4807,E103,Page view: {page} by {user}
54890,2026-01-13,21:37:18,INFO,WebServer,Transaction tx423960 completed in 1067ms,E104,Transaction {tx} completed in {time}ms
54891,2026-01-13,21:02:16,INFO,WebServer,Page view: /home by u3612,E103,Page view: {page} by {user}
54892,2026-01-13,21:59:09,INFO,OrderProcessor,Page view: /home by u4544,E103,Page view: {page} by {user}
54893,2026-01-13,21:43:03,INFO,WebServer,Transaction tx883990 completed in 223ms,E104,Transaction {tx} completed in {time}ms
54894,2026-01-13,21:22:41,WARN,AuthService,Disk usage > 85% on node node-5,E202,Disk usage > 85% on node {node}
54895,2026-01-13,21:32:58,INFO,WebServer,Page view: /home by u3380,E103,Page view: {page} by {user}
54896,2026-01-13,21:36:56,INFO,AuthService,Transaction tx498801 completed in 1361ms,E104,Transaction {tx} completed in {time}ms
54897,2026-01-13,21:45:18,INFO,WebServer,Transaction tx906057 completed in 624ms,E104,Transaction {tx} completed in {time}ms
54898,2026-01-13,21:31:35,INFO,InventoryDB,Page view: /home by u4284,E103,Page view: {page} by {user}
54899,2026-01-13,21:48:39,INFO,OrderProcessor,Page view: /home by u2975,E103,Page view: {page} by {user}
54900,2026-01-13,21:59:58,INFO,WebServer,Transaction tx310697 completed in 1582ms,E104,Transaction {tx} completed in {time}ms
54901,2026-01-13,21:27:25,WARN,PaymentGateway,Disk usage > 85% on node node-2,E202,Disk usage > 85% on node {node}
54902,2026-01-13,21:38:03,INFO,AuthService,Health check passed: AuthService,E102,Health check passed: {service}
54903,2026-01-13,21:03:17,INFO,OrderProcessor,Page view: /home by u1851,E103,Page view: {page} by {user}
54904,2026-01-13,21:12:21,WARN,WebServer,Unauthorized access attempt from 10.0.0.45,E401,Unauthorized access attempt from {ip}
54905,2026-01-13,21:02:30,INFO,AuthService,Page view: /home by u1966,E103,Page view: {page} by {user}
54906,2026-01-13,21:38:46,INFO,OrderProcessor,Transaction tx924630 completed in 884ms,E104,Transaction {tx} completed in {time}ms
54907,2026-01-13,21:57:25,INFO,AuthService,Transaction tx692569 completed in 613ms,E104,Transaction {tx} completed in {time}ms
54908,2026-01-13,21:46:51,INFO,AuthService,Transaction tx911396 completed in 862ms,E104,Transaction {tx} completed in {time}ms
54909,2026-01-13,21:08:54,INFO,WebServer,User u1740 login successful,E101,User {user} login successful
54910,2026-01-13,21:35:25,INFO,AuthService,Health check passed: AuthService,E102,Health check passed: {service}
54911,2026-01-13,21:40:48,INFO,AuthService,Transaction tx118964 completed in 355ms,E104,Transaction {tx} completed in {time}ms
54912,2026-01-13,21:55:42,INFO,WebServer,Health check passed: WebServer,E102,Health check passed: {service}
54913,2026-01-13,21:58:16,INFO,WebServer,Health check passed: WebServer,E102,Health check passed: {service}
54914,2026-01-13,21:31:29,INFO,OrderProcessor,Health check passed: OrderProcessor,E102,Health check passed: {service}
54915,2026-01-13,21:07:18,INFO,AuthService,Page view: /home by u2491,E103,Page view: {page} by {user}
54916,2026-01-13,21:04:23,INFO,OrderProcessor,Transaction tx260034 completed in 765ms,E104,Transaction {tx} completed in {time}ms
54917,2026-01-13,21:14:14,INFO,AuthService,Transaction tx340837 completed in 849ms,E104,Transaction {tx} completed in {time}ms
54918,2026-01-13,21:34:41,INFO,OrderProcessor,User u4561 login successful,E101,User {user} login successful
54919,2026-01-13,21:55:09,INFO,OrderProcessor,Health check passed: OrderProcessor,E102,Health check passed: {service}
54920,2026-01-13,21:48:23,INFO,WebServer,User u1409 login successful,E101,User {user} login successful
54921,2026-01-13,21:45:31,INFO,AuthService,Health check passed: AuthService,E102,Health check passed: {service}
54922,2026-01-13,21:38:43,INFO,AuthService,Health check passed: AuthService,E102,Health check passed: {service}
54923,2026-01-13,21:20:07,INFO,AuthService,Health check passed: AuthService,E102,Health check passed: {service}
54924,2026-01-13,21:08:25,INFO,OrderProcessor,User u3063 login successful,E101,User {user} login successful
54925,2026-01-13,21:28:46,INFO,WebServer,Health check passed: WebServer,E102,Health check passed: {service}
54926,2026-01-13,21:21:56,INFO,WebServer,User u3503 login successful,E101,User {user} login successful
54927,2026-01-13,21:39:03,INFO,InventoryDB,User u1176 login successful,E101,User {user} login successful
54928,2026-01-13,21:31:06,INFO,WebServer,Health check passed: WebServer,E102,Health check passed: {service}
54929,2026-01-13,21:52:15,INFO,WebServer,User u3151 login successful,E101,User {user} login successful
54930,2026-01-13,21:10:15,INFO,WebServer,Page view: /home by u1790,E103,Page view: {page} by {user}
54931,2026-01-13,21:59:18,INFO,AuthService,Transaction tx787461 completed in 311ms,E104,Transaction {tx} completed in {time}ms
54932,2026-01-13,21:04:15,INFO,AuthService,Page view: /home by u4087,E103,Page view: {page} by {user}
54933,2026-01-13,21:36:50,INFO,WebServer,Transaction tx757979 completed in 123ms,E104,Transaction {tx} completed in {time}ms
54934,2026-01-13,21:26:21,INFO,PaymentGateway,Page view: /home by u1610,E103,Page view: {page} by {user}
54935,2026-01-13,21:16:28,INFO,PaymentGateway,Page view: /home by u3403,E103,Page view: {page} by {user}
54936,2026-01-13,21:16:30,INFO,WebServer,Transaction tx306409 completed in 266ms,E104,Transaction {tx} completed in {time}ms
54937,2026-01-13,21:00:44,INFO,OrderProcessor,Page view: /home by u3777,E103,Page view: {page} by {user}
54938,2026-01-13,21:07:44,INFO,WebServer,Page view: /home by u2511,E103,Page view: {page} by {user}
54939,2026-01-13,21:38:34,INFO,WebServer,User u1319 login successful,E101,User {user} login successful
54940,2026-01-13,21:47:33,INFO,AuthService,Page view: /home by u2132,E103,Page view: {page} by {user}
54941,2026-01-13,21:10:03,INFO,WebServer,Page view: /home by u4095,E103,Page view: {page} by {user}
54942,2026-01-13,21:35:08,INFO,WebServer,Page view: /home by u2733,E103,Page view: {page} by {user}
54943,2026-01-13,21:40:41,INFO,AuthService,Transaction tx791953 completed in 1822ms,E104,Transaction {tx} completed in {time}ms
54944,2026-01-13,21:20:19,WARN,InventoryDB,Unauthorized access attempt from 10.0.0.88,E401,Unauthorized access attempt from {ip}
54945,2026-01-13,21:09:46,INFO,WebServer,Health check passed: WebServer,E102,Health check passed: {service}
54946,2026-01-13,21:55:51,INFO,PaymentGateway,Health check passed: PaymentGateway,E102,Health check passed: {service}
54947,2026-01-13,21:15:47,INFO,OrderProcessor,Transaction tx490898 completed in 1184ms,E104,Transaction {tx} completed in {time}ms
54948,2026-01-13,21:45:29,INFO,WebServer,Health check passed: WebServer,E102,Health check passed: {service}
54949,2026-01-13,21:03:22,INFO,InventoryDB,Health check passed: InventoryDB,E102,Health check passed: {service}
54950,2026-01-13,21:02:08,INFO,OrderProcessor,User u1675 login successful,E101,User {user} login successful
54951,2026-01-13,21:01:50,INFO,WebServer,Page view: /home by u3374,E103,Page view: {page} by {user}
54952,2026-01-13,21:39:46,INFO,PaymentGateway,Transaction tx390883 completed in 1051ms,E104,Transaction {tx} completed in {time}ms
54953,2026-01-13,21:45:12,INFO,OrderProcessor,User u2181 login successful,E101,User {user} login successful
54954,2026-01-13,21:51:48,INFO,WebServer,Page view: /home by u3477,E103,Page view: {page} by {user}
54955,2026-01-13,21:59:23,INFO,WebServer,User u3984 login successful,E101,User {user} login successful
54956,2026-01-13,21:12:51,INFO,WebServer,Health check passed: WebServer,E102,Health check passed: {service}
54957,2026-01-13,21:41:19,INFO,WebServer,User u3428 login successful,E101,User {user} login successful
54958,2026-01-13,21:39:26,INFO,WebServer,Transaction tx851170 completed in 1156ms,E104,Transaction {tx} completed in {time}ms
54959,2026-01-13,21:28:09,INFO,OrderProcessor,Health check passed: OrderProcessor,E102,Health check passed: {service}
54960,2026-01-13,21:58:29,INFO,WebServer,Page view: /home by u2930,E103,Page view: {page} by {user}
54961,2026-01-13,21:48:40,INFO,PaymentGateway,Transaction tx160482 completed in 1873ms,E104,Transaction {tx} completed in {time}ms
54962,2026-01-13,21:41:36,INFO,WebServer,Transaction tx745555 completed in 1588ms,E104,Transaction {tx} completed in {time}ms
54963,2026-01-13,21:00:58,INFO,OrderProcessor,Transaction tx482902 completed in 967ms,E104,Transaction {tx} completed in {time}ms
54964,2026-01-13,21:58:11,INFO,PaymentGateway,Health check passed: PaymentGateway,E102,Health check passed: {service}
54965,2026-01-13,21:13:11,INFO,AuthService,Transaction tx759045 completed in 105ms,E104,Transaction {tx} completed in {time}ms
54966,2026-01-13,21:58:41,INFO,WebServer,Page view: /home by u3362,E103,Page view: {page} by {user}
54967,2026-01-13,21:05:54,INFO,WebServer,User u2404 login successful,E101,User {user} login successful
54968,2026-01-13,21:23:35,ERROR,WebServer,Payment declined: Gateway unavailable,E503,Payment declined: Gateway unavailable
54969,2026-01-13,21:06:29,INFO,InventoryDB,Health check passed: InventoryDB,E102,Health check passed: {service}
54970,2026-01-13,21:59:42,INFO,WebServer,Page view: /home by u1426,E103,Page view: {page} by {user}
54971,2026-01-13,21:23:36,INFO,AuthService,Page view: /home by u3933,E103,Page view: {page} by {user}
54972,2026-01-13,21:39:13,INFO,WebServer,Page view: /home by u1889,E103,Page view: {page} by {user}
54973,2026-01-13,21:33:18,INFO,WebServer,Page view: /home by u3964,E103,Page view: {page} by {user}
54974,2026-01-13,21:10:54,WARN,OrderProcessor,Disk usage > 85% on node node-3,E202,Disk usage > 85% on node {node}
54975,2026-01-13,21:12:20,INFO,WebServer,Page view: /home by u3863,E103,Page view: {page} by {user}
54976,2026-01-13,21:56:25,INFO,InventoryDB,Health check passed: InventoryDB,E102,Health check passed: {service}
54977,2026-01-13,21:13:12,INFO,WebServer,Health check passed: WebServer,E102,Health check passed: {service}
54978,2026-01-13,21:46:23,INFO,WebServer,Transaction tx762197 completed in 1155ms,E104,Transaction {tx} completed in {time}ms
54979,2026-01-13,21:57:05,INFO,AuthService,Page view: /home by u1126,E103,Page view: {page} by {user}
54980,2026-01-13,21:22:06,INFO,WebServer,User u1816 login successful,E101,User {user} login successful
54981,2026-01-13,21:11:17,INFO,InventoryDB,Page view: /home by u3385,E103,Page view: {page} by {user}
54982,2026-01-13,21:48:14,INFO,PaymentGateway,Page view: /home by u3586,E103,Page view: {page} by {user}
54983,2026-01-13,21:06:08,INFO,WebServer,User u4695 login successful,E101,User {user} login successful
54984,2026-01-13,21:06:54,INFO,OrderProcessor,Transaction tx476495 completed in 1734ms,E104,Transaction {tx} completed in {time}ms
54985,2026-01-13,21:07:01,INFO,WebServer,Page view: /home by u3568,E103,Page view: {page} by {user}
54986,2026-01-13,21:59:05,INFO,AuthService,User u1626 login successful,E101,User {user} login successful
54987,2026-01-13,21:19:55,INFO,WebServer,Page view: /home by u2411,E103,Page view: {page} by {user}
54988,2026-01-13,21:15:14,INFO,WebServer,Page view: /home by u4620,E103,Page view: {page} by {user}
54989,2026-01-13,21:48:59,INFO,WebServer,Transaction tx971542 completed in 1786ms,E104,Transaction {tx} completed in {time}ms
54990,2026-01-13,21:33:11,INFO,WebServer,Transaction tx349400 completed in 1955ms,E104,Transaction {tx} completed in {time}ms
54991,2026-01-13,21:21:17,INFO,AuthService,User u2509 login successful,E101,User {user} login successful
54992,2026-01-13,21:13:42,INFO,WebServer,Health check passed: WebServer,E102,Health check passed: {service}
54993,2026-01-13,21:02:11,INFO,WebServer,User u1225 login successful,E101,User {user} login successful
54994,2026-01-13,21:55:36,INFO,WebServer,Transaction tx134603 completed in 807ms,E104,Transaction {tx} completed in {time}ms
54995,2026-01-13,21:59:45,INFO,AuthService,User u2658 login successful,E101,User {user} login successful
54996,2026-01-13,21:24:11,INFO,WebServer,User u4650 login successful,E101,User {user} login successful
54997,2026-01-13,21:54:39,INFO,WebServer,User u3768 login successful,E101,User {user} login successful
54998,2026-01-13,21:00:35,INFO,PaymentGateway,Health check passed: PaymentGateway,E102,Health check passed: {service}
54999,2026-01-13,21:33:49,INFO,WebServer,Health check passed: WebServer,E102,Health check passed: {service}
55000,2026-01-13,21:17:06,INFO,WebServer,Transaction tx987599 completed in 78ms,E104,Transaction {tx} completed in {time}ms
55001,2026-01-13,21:59:07,INFO,WebServer,Page view: /home by u1574,E103,Page view: {page} by {user}
55002,2026-01-13,21:21:09,INFO,WebServer,Transaction tx243805 completed in 508ms,E104,Transaction {tx} completed in {time}ms
55003,2026-01-13,21:14:01,INFO,AuthService,Health check passed: AuthService,E102,Health check passed: {service}
55004,2026-01-13,21:41:55,INFO,WebServer,Page view: /home by u1058,E103,Page view: {page} by {user}
55005,2026-01-13,21:58:25,ERROR,AuthService,Connection refused to AuthService at 10.0.0.45,E501,Connection refused to {service} at {ip}
55006,2026-01-13,21:02:49,INFO,WebServer,Page view: /home by u1234,E103,Page view: {page} by {user}
55007,2026-01-13,21:59:12,INFO,WebServer,Page view: /home by u4572,E103,Page view: {page} by {user}
55008,2026-01-13,21:22:52,INFO,WebServer,Health check passed: WebServer,E102,Health check passed: {service}
55009,2026-01-13,21:23:48,INFO,OrderProcessor,Health check passed: OrderProcessor,E102,Health check passed: {service}
55010,2026-01-13,21:10:23,INFO,WebServer,Health check passed: WebServer,E102,Health check passed: {service}
55011,2026-01-13,21:36:52,INFO,WebServer,Transaction tx970922 completed in 1872ms,E104,Transaction {tx} completed in {time}ms
55012,2026-01-13,21:53:08,INFO,PaymentGateway,Page view: /home by u1080,E103,Page view: {page} by {user}
55013,2026-01-13,21:21:26,WARN,WebServer,Disk usage > 85% on node node-3,E202,Disk usage > 85% on node {node}
55014,2026-01-13,21:38:57,INFO,OrderProcessor,Page view: /home by u3767,E103,Page view: {page} by {user}
55015,2026-01-13,21:23:46,INFO,AuthService,Transaction tx512714 completed in 1440ms,E104,Transaction {tx} completed in {time}ms
55016,2026-01-13,21:40:48,INFO,WebServer,Transaction tx939393 completed in 1244ms,E104,Transaction {tx} completed in {time}ms
55017,2026-01-13,21:50:14,WARN,WebServer,High latency (1159ms) detected on WebServer,E201,High latency ({time}ms) detected on {service}
55018,2026-01-13,21:10:47,INFO,WebServer,Transaction tx121997 completed in 1457ms,E104,Transaction {tx} completed in {time}ms
55019,2026-01-13,21:53:12,INFO,WebServer,Page view: /home by u3106,E103,Page view: {page} by {user}
55020,2026-01-13,21:21:07,INFO,OrderProcessor,User u4337 login successful,E101,User {user} login successful
55021,2026-01-13,21:42:24,INFO,AuthService,Transaction tx537881 completed in 1258ms,E104,Transaction {tx} completed in {time}ms
55022,2026-01-13,21:59:28,INFO,WebServer,Transaction tx813368 completed in 1613ms,E104,Transaction {tx} completed in {time}ms
55023,2026-01-13,21:14:55,INFO,WebServer,User u2410 login successful,E101,User {user} login successful
55024,2026-01-13,21:07:29,INFO,OrderProcessor,User u3120 login successful,E101,User {user} login successful
55025,2026-01-13,21:40:07,INFO,WebServer,Transaction tx128823 completed in 1016ms,E104,Transaction {tx} completed in {time}ms
55026,2026-01-13,21:14:03,INFO,WebServer,Health check passed: WebServer,E102,Health check passed: {service}
55027,2026-01-13,21:30:09,INFO,WebServer,Page view: /home by u2323,E103,Page view: {page} by {user}
55028,2026-01-13,21:04:52,INFO,WebServer,Health check passed: WebServer,E102,Health check passed: {service}
55029,2026-01-13,21:41:33,WARN,OrderProcessor,Unauthorized access attempt from 10.0.0.45,E401,Unauthorized access attempt from {ip}
55030,2026-01-13,21:55:04,INFO,PaymentGateway,Health check passed: PaymentGateway,E102,Health check passed: {service}
55031,2026-01-13,21:47:50,INFO,PaymentGateway,Page view: /home by u3193,E103,Page view: {page} by {user}
55032,2026-01-13,21:51:13,INFO,AuthService,Health check passed: AuthService,E102,Health check passed: {service}
55033,2026-01-13,21:50:47,INFO,PaymentGateway,Page view: /home by u1960,E103,Page view: {page} by {user}
55034,2026-01-13,21:00:36,INFO,OrderProcessor,Page view: /home by u3210,E103,Page view: {page} by {user}
55035,2026-01-13,21:29:19,INFO,WebServer,Health check passed: WebServer,E102,Health check passed: {service}
55036,2026-01-13,21:23:30,INFO,WebServer,Transaction tx191521 completed in 422ms,E104,Transaction {tx} completed in {time}ms
55037,2026-01-13,21:43:31,INFO,PaymentGateway,User u2194 login successful,E101,User {user} login successful
55038,2026-01-13,21:26:25,INFO,AuthService,Health check passed: AuthService,E102,Health check passed: {service}
55039,2026-01-13,21:23:05,WARN,WebServer,Unauthorized access attempt from 10.0.0.45,E401,Unauthorized access attempt from {ip}
55040,2026-01-13,21:30:50,INFO,PaymentGateway,Transaction tx439129 completed in 597ms,E104,Transaction {tx} completed in {time}ms
55041,2026-01-13,21:40:23,INFO,OrderProcessor,Transaction tx369462 completed in 1482ms,E104,Transaction {tx} completed in {time}ms
55042,2026-01-13,21:23:44,INFO,AuthService,User u1824 login successful,E101,User {user} login successful
55043,2026-01-13,21:07:52,INFO,AuthService,Transaction tx737288 completed in 1854ms,E104,Transaction {tx} completed in {time}ms
55044,2026-01-13,21:20:23,INFO,WebServer,Page view: /home by u2086,E103,Page view: {page} by {user}
55045,2026-01-13,21:33:15,INFO,AuthService,Health check passed: AuthService,E102,Health check passed: {service}
55046,2026-01-13,21:15:01,INFO,WebServer,User u4676 login successful,E101,User {user} login successful
55047,2026-01-13,21:55:11,INFO,PaymentGateway,User u2104 login successful,E101,User {user} login successful
55048,2026-01-13,21:02:12,INFO,WebServer,Transaction tx541843 completed in 950ms,E104,Transaction {tx} completed in {time}ms
55049,2026-01-13,21:50:17,INFO,WebServer,Health check passed: WebServer,E102,Health check passed: {service}
55050,2026-01-13,21:32:04,INFO,WebServer,Transaction tx107988 completed in 1315ms,E104,Transaction {tx} completed in {time}ms
55051,2026-01-13,21:14:31,INFO,WebServer,Transaction tx986158 completed in 1204ms,E104,Transaction {tx} completed in {time}ms
55052,2026-01-13,21:47:28,INFO,OrderProcessor,Health check passed: OrderProcessor,E102,Health check passed: {service}
55053,2026-01-13,21:59:29,INFO,WebServer,Page view: /home by u4864,E103,Page view: {page} by {user}
55054,2026-01-13,21:55:07,INFO,WebServer,Health check passed: WebServer,E102,Health check passed: {service}
55055,2026-01-13,21:12:11,INFO,AuthService,Page view: /home by u1558,E103,Page view: {page} by {user}
55056,2026-01-13,21:01:50,INFO,OrderProcessor,Transaction tx394650 completed in 83ms,E104,Transaction {tx} completed in {time}ms
55057,2026-01-13,21:31:34,INFO,AuthService,Transaction tx404209 completed in 943ms,E104,Transaction {tx} completed in {time}ms
55058,2026-01-13,21:17:43,INFO,OrderProcessor,Page view: /home by u2293,E103,Page view: {page} by {user}
55059,2026-01-13,21:48:03,INFO,WebServer,User u4783 login successful,E101,User {user} login successful
55060,2026-01-13,21:19:26,INFO,PaymentGateway,Health check passed: PaymentGateway,E102,Health check passed: {service}
55061,2026-01-13,21:27:02,INFO,AuthService,Health check passed: AuthService,E102,Health check passed: {service}
55062,2026-01-13,21:10:53,INFO,OrderProcessor,Transaction tx393386 completed in 678ms,E104,Transaction {tx} completed in {time}ms
55063,2026-01-13,21:42:44,ERROR,WebServer,Timeout waiting for lock on InventoryDB,E502,Timeout waiting for lock on {db}
55064,2026-01-13,21:58:28,INFO,WebServer,User u1813 login successful,E101,User {user} login successful
55065,2026-01-13,21:57:49,INFO,WebServer,User u4472 login successful,E101,User {user} login successful
55066,2026-01-13,21:19:15,INFO,PaymentGateway,Health check passed: PaymentGateway,E102,Health check passed: {service}
55067,2026-01-13,21:29:01,WARN,InventoryDB,High latency (364ms) detected on InventoryDB,E201,High latency ({time}ms) detected on {service}
55068,2026-01-13,21:18:46,INFO,WebServer,Health check passed: WebServer,E102,Health check passed: {service}
55069,2026-01-13,21:07:40,INFO,WebServer,Health check passed: WebServer,E102,Health check passed: {service}
55070,2026-01-13,21:50:33,INFO,OrderProcessor,Page view: /home by u1696,E103,Page view: {page} by {user}
55071,2026-01-13,21:30:18,INFO,PaymentGateway,User u2577 login successful,E101,User {user} login successful
55072,2026-01-13,21:29:15,INFO,InventoryDB,Transaction tx263819 completed in 267ms,E104,Transaction {tx} completed in {time}ms
55073,2026-01-13,21:46:37,INFO,WebServer,Page view: /home by u4082,E103,Page view: {page} by {user}
55074,2026-01-13,21:27:16,INFO,WebServer,Page view: /home by u1686,E103,Page view: {page} by {user}
55075,2026-01-13,21:08:23,INFO,WebServer,Transaction tx623703 completed in 1279ms,E104,Transaction {tx} completed in {time}ms
55076,2026-01-13,21:38:25,INFO,PaymentGateway,Page view: /home by u2979,E103,Page view: {page} by {user}
55077,2026-01-13,21:36:28,INFO,AuthService,Page view: /home by u4203,E103,Page view: {page} by {user}
55078,2026-01-13,21:46:00,INFO,PaymentGateway,User u3059 login successful,E101,User {user} login successful
55079,2026-01-13,21:29:37,WARN,OrderProcessor,Disk usage > 85% on node node-1,E202,Disk usage > 85% on node {node}
55080,2026-01-13,21:20:55,INFO,WebServer,User u1750 login successful,E101,User {user} login successful
55081,2026-01-13,21:25:36,INFO,AuthService,Health check passed: AuthService,E102,Health check passed: {service}
55082,2026-01-13,21:32:04,INFO,WebServer,Transaction tx164467 completed in 199ms,E104,Transaction {tx} completed in {time}ms
55083,2026-01-13,21:46:48,INFO,WebServer,Transaction tx213119 completed in 1247ms,E104,Transaction {tx} completed in {time}ms
55084,2026-01-13,21:11:00,INFO,WebServer,User u1639 login successful,E101,User {user} login successful
55085,2026-01-13,21:46:28,INFO,WebServer,Transaction tx433630 completed in 628ms,E104,Transaction {tx} completed in {time}ms
55086,2026-01-13,21:39:35,INFO,AuthService,Page view: /home by u4588,E103,Page view: {page} by {user}
55087,2026-01-13,21:31:43,INFO,WebServer,Transaction tx298322 completed in 1172ms,E104,Transaction {tx} completed in {time}ms
55088,2026-01-13,21:56:30,INFO,WebServer,Transaction tx836775 completed in 43ms,E104,Transaction {tx} completed in {time}ms
55089,2026-01-13,21:29:05,INFO,WebServer,Transaction tx838993 completed in 1711ms,E104,Transaction {tx} completed in {time}ms
55090,2026-01-13,21:50:14,INFO,OrderProcessor,Transaction tx333355 completed in 189ms,E104,Transaction {tx} completed in {time}ms
55091,2026-01-13,21:12:48,INFO,WebServer,Health check passed: WebServer,E102,Health check passed: {service}
55092,2026-01-13,21:58:56,INFO,WebServer,Health check passed: WebServer,E102,Health check passed: {service}
55093,2026-01-13,21:46:33,INFO,AuthService,User u4847 login successful,E101,User {user} login successful
55094,2026-01-13,21:41:38,INFO,WebServer,User u3807 login successful,E101,User {user} login successful
55095,2026-01-13,21:50:23,INFO,AuthService,Transaction tx712869 completed in 1969ms,E104,Transaction {tx} completed in {time}ms
55096,2026-01-13,21:04:32,INFO,OrderProcessor,Transaction tx555908 completed in 904ms,E104,Transaction {tx} completed in {time}ms
55097,2026-01-13,21:34:52,INFO,OrderProcessor,Transaction tx679114 completed in 27ms,E104,Transaction {tx} completed in {time}ms
55098,2026-01-13,21:56:03,WARN,WebServer,High latency (1380ms) detected on WebServer,E201,High latency ({time}ms) detected on {service}
55099,2026-01-13,21:58:18,INFO,OrderProcessor,User u4264 login successful,E101,User {user} login successful
55100,2026-01-13,21:18:14,INFO,WebServer,Page view: /home by u2376,E103,Page view: {page} by {user}
55101,2026-01-13,21:46:03,INFO,WebServer,Transaction tx653709 completed in 886ms,E104,Transaction {tx} completed in {time}ms
55102,2026-01-13,21:52:22,INFO,AuthService,Page view: /home by u2590,E103,Page view: {page} by {user}
55103,2026-01-13,21:30:32,INFO,WebServer,Health check passed: WebServer,E102,Health check passed: {service}
55104,2026-01-13,21:35:43,INFO,WebServer,User u4172 login successful,E101,User {user} login successful
55105,2026-01-13,21:14:32,INFO,AuthService,User u3809 login successful,E101,User {user} login successful
55106,2026-01-13,21:49:36,WARN,WebServer,Disk usage > 85% on node node-3,E202,Disk usage > 85% on node {node}
55107,2026-01-13,21:23:16,INFO,WebServer,Page view: /home by u2684,E103,Page view: {page} by {user}
55108,2026-01-13,21:52:48,INFO,WebServer,User u4703 login successful,E101,User {user} login successful
55109,2026-01-13,21:56:34,INFO,WebServer,Transaction tx925167 completed in 882ms,E104,Transaction {tx} completed in {time}ms
55110,2026-01-13,21:11:27,INFO,WebServer,Transaction tx356467 completed in 1677ms,E104,Transaction {tx} completed in {time}ms
55111,2026-01-13,21:48:06,INFO,WebServer,Page view: /home by u3560,E103,Page view: {page} by {user}
55112,2026-01-13,21:02:16,INFO,InventoryDB,Health check passed: InventoryDB,E102,Health check passed: {service}
55113,2026-01-13,21:32:04,INFO,OrderProcessor,Page view: /home by u2477,E103,Page view: {page} by {user}
55114,2026-01-13,21:43:17,INFO,WebServer,User u3712 login successful,E101,User {user} login successful
55115,2026-01-13,21:02:55,INFO,OrderProcessor,Health check passed: OrderProcessor,E102,Health check passed: {service}
55116,2026-01-13,21:32:50,INFO,InventoryDB,Page view: /home by u2130,E103,Page view: {page} by {user}
55117,2026-01-13,21:31:58,INFO,AuthService,User u3002 login successful,E101,User {user} login successful
55118,2026-01-13,21:46:27,INFO,AuthService,Health check passed: AuthService,E102,Health check passed: {service}
55119,2026-01-13,21:16:08,INFO,PaymentGateway,Page view: /home by u1430,E103,Page view: {page} by {user}
55120,2026-01-13,21:17:35,INFO,WebServer,Transaction tx307136 completed in 458ms,E104,Transaction {tx} completed in {time}ms
55121,2026-01-13,21:03:39,INFO,AuthService,Page view: /home by u3437,E103,Page view: {page} by {user}
55122,2026-01-13,21:54:11,INFO,WebServer,Health check passed: WebServer,E102,Health check passed: {service}
55123,2026-01-13,21:03:49,INFO,InventoryDB,User u4535 login successful,E101,User {user} login successful
55124,2026-01-13,21:48:23,INFO,OrderProcessor,User u3907 login successful,E101,User {user} login successful
55125,2026-01-13,21:57:28,INFO,WebServer,Page view: /home by u3519,E103,Page view: {page} by {user}
55126,2026-01-13,21:36:21,INFO,WebServer,Transaction tx515176 completed in 368ms,E104,Transaction {tx} completed in {time}ms
55127,2026-01-13,21:47:13,INFO,AuthService,Page view: /home by u4901,E103,Page view: {page} by {user}
55128,2026-01-13,21:04:06,INFO,AuthService,Transaction tx320809 completed in 1226ms,E104,Transaction {tx} completed in {time}ms
55129,2026-01-13,21:54:41,INFO,WebServer,Transaction tx580340 completed in 129ms,E104,Transaction {tx} completed in {time}ms
55130,2026-01-13,21:42:03,INFO,OrderProcessor,User u1523 login successful,E101,User {user} login successful
55131,2026-01-13,21:17:24,WARN,AuthService,Unauthorized access attempt from 10.0.0.10,E401,Unauthorized access attempt from {ip}
55132,2026-01-13,21:42:21,INFO,AuthService,Page view: /home by u2655,E103,Page view: {page} by {user}
55133,2026-01-13,21:44:22,INFO,WebServer,User u4433 login successful,E101,User {user} login successful
55134,2026-01-13,21:31:46,INFO,WebServer,Transaction tx827704 completed in 1237ms,E104,Transaction {tx} completed in {time}ms
55135,2026-01-13,21:12:49,INFO,OrderProcessor,Transaction tx320511 completed in 159ms,E104,Transaction {tx} completed in {time}ms
55136,2026-01-13,21:24:50,INFO,WebServer,Page view: /home by u1064,E103,Page view: {page} by {user}
55137,2026-01-13,21:41:14,INFO,WebServer,Transaction tx566173 completed in 975ms,E104,Transaction {tx} completed in {time}ms
55138,2026-01-13,21:28:45,INFO,WebServer,Page view: /home by u4855,E103,Page view: {page} by {user}
55139,2026-01-13,21:37:32,INFO,AuthService,User u4326 login successful,E101,User {user} login successful
55140,2026-01-13,21:48:12,INFO,WebServer,Page view: /home by u4289,E103,Page view: {page} by {user}
55141,2026-01-13,21:50:38,INFO,OrderProcessor,Transaction tx202822 completed in 782ms,E104,Transaction {tx} completed in {time}ms
55142,2026-01-13,21:19:33,INFO,WebServer,User u3128 login successful,E101,User {user} login successful
55143,2026-01-13,21:42:11,INFO,AuthService,Health check passed: AuthService,E102,Health check passed: {service}
55144,2026-01-13,21:50:18,INFO,WebServer,Transaction tx478934 completed in 1270ms,E104,Transaction {tx} completed in {time}ms
55145,2026-01-13,21:25:03,INFO,WebServer,Transaction tx459922 completed in 1121ms,E104,Transaction {tx} completed in {time}ms
55146,2026-01-13,21:41:11,INFO,WebServer,Health check passed: WebServer,E102,Health check passed: {service}
55147,2026-01-13,21:30:12,INFO,WebServer,Health check passed: WebServer,E102,Health check passed: {service}
55148,2026-01-13,21:06:13,INFO,WebServer,User u2011 login successful,E101,User {user} login successful
55149,2026-01-13,21:18:15,INFO,AuthService,Health check passed: AuthService,E102,Health check passed: {service}
55150,2026-01-13,21:33:32,INFO,WebServer,Page view: /home by u2993,E103,Page view: {page} by {user}
55151,2026-01-13,21:47:47,INFO,WebServer,Health check passed: WebServer,E102,Health check passed: {service}
55152,2026-01-13,21:00:50,INFO,PaymentGateway,Health check passed: PaymentGateway,E102,Health check passed: {service}
55153,2026-01-13,21:37:37,INFO,WebServer,Health check passed: WebServer,E102,Health check passed: {service}
55154,2026-01-13,21:34:11,INFO,OrderProcessor,Page view: /home by u1743,E103,Page view: {page} by {user}
55155,2026-01-13,21:12:02,INFO,OrderProcessor,User u3573 login successful,E101,User {user} login successful
55156,2026-01-13,21:45:43,INFO,WebServer,Transaction tx295096 completed in 454ms,E104,Transaction {tx} completed in {time}ms
55157,2026-01-13,21:24:28,INFO,WebServer,Transaction tx367804 completed in 1209ms,E104,Transaction {tx} completed in {time}ms
55158,2026-01-13,21:54:00,INFO,AuthService,Page view: /home by u2868,E103,Page view: {page} by {user}
55159,2026-01-13,21:40:26,INFO,OrderProcessor,Transaction tx758510 completed in 1528ms,E104,Transaction {tx} completed in {time}ms
55160,2026-01-13,21:27:55,INFO,AuthService,User u1972 login successful,E101,User {user} login successful
55161,2026-01-13,21:30:09,INFO,WebServer,Transaction tx718978 completed in 1378ms,E104,Transaction {tx} completed in {time}ms
55162,2026-01-13,21:34:36,INFO,InventoryDB,User u1695 login successful,E101,User {user} login successful
55163,2026-01-13,21:48:41,ERROR,WebServer,Connection refused to WebServer at 10.0.0.45,E501,Connection refused to {service} at {ip}
55164,2026-01-13,21:12:17,INFO,AuthService,Transaction tx303296 completed in 1670ms,E104,Transaction {tx} completed in {time}ms
55165,2026-01-13,21:11:26,INFO,WebServer,Transaction tx475987 completed in 658ms,E104,Transaction {tx} completed in {time}ms
55166,2026-01-13,21:52:05,INFO,OrderProcessor,User u1783 login successful,E101,User {user} login successful
55167,2026-01-13,21:03:01,INFO,AuthService,User u1420 login successful,E101,User {user} login successful
55168,2026-01-13,21:49:02,INFO,OrderProcessor,Health check passed: OrderProcessor,E102,Health check passed: {service}
55169,2026-01-13,21:51:00,INFO,WebServer,User u2871 login successful,E101,User {user} login successful
55170,2026-01-13,21:10:01,INFO,PaymentGateway,Transaction tx687451 completed in 953ms,E104,Transaction {tx} completed in {time}ms
55171,2026-01-13,21:24:09,INFO,WebServer,Health check passed: WebServer,E102,Health check passed: {service}
55172,2026-01-13,21:56:30,INFO,WebServer,Transaction tx886407 completed in 1839ms,E104,Transaction {tx} completed in {time}ms
55173,2026-01-13,21:58:04,INFO,PaymentGateway,Transaction tx510217 completed in 445ms,E104,Transaction {tx} completed in {time}ms
55174,2026-01-13,21:05:16,INFO,WebServer,User u2241 login successful,E101,User {user} login successful
55175,2026-01-13,21:49:50,INFO,AuthService,Health check passed: AuthService,E102,Health check passed: {service}
55176,2026-01-13,21:54:47,INFO,WebServer,Page view: /home by u2860,E103,Page view: {page} by {user}
55177,2026-01-13,21:52:04,INFO,AuthService,User u3741 login successful,E101,User {user} login successful
55178,2026-01-13,21:10:51,INFO,WebServer,User u1551 login successful,E101,User {user} login successful
55179,2026-01-13,21:54:44,INFO,WebServer,User u4767 login successful,E101,User {user} login successful
55180,2026-01-13,21:18:59,WARN,WebServer,Disk usage > 85% on node node-2,E202,Disk usage > 85% on node {node}
55181,2026-01-13,21:25:13,INFO,InventoryDB,Health check passed: InventoryDB,E102,Health check passed: {service}
55182,2026-01-13,21:03:05,WARN,OrderProcessor,High latency (42ms) detected on OrderProcessor,E201,High latency ({time}ms) detected on {service}
55183,2026-01-13,21:02:47,INFO,OrderProcessor,User u3999 login successful,E101,User {user} login successful
55184,2026-01-13,21:24:28,INFO,WebServer,User u2147 login successful,E101,User {user} login successful
55185,2026-01-13,21:06:14,INFO,WebServer,Health check passed: WebServer,E102,Health check passed: {service}
55186,2026-01-13,21:37:18,INFO,AuthService,User u3478 login successful,E101,User {user} login successful
55187,2026-01-13,21:29:20,INFO,InventoryDB,Page view: /home by u2159,E103,Page view: {page} by {user}
55188,2026-01-13,21:37:32,WARN,AuthService,High latency (1999ms) detected on AuthService,E201,High latency ({time}ms) detected on {service}
55189,2026-01-13,21:19:22,INFO,WebServer,User u3155 login successful,E101,User {user} login successful
55190,2026-01-13,21:14:08,INFO,AuthService,Transaction tx252611 completed in 1006ms,E104,Transaction {tx} completed in {time}ms
55191,2026-01-13,21:03:47,INFO,PaymentGateway,User u4780 login successful,E101,User {user} login successful
55192,2026-01-13,21:07:56,INFO,WebServer,Health check passed: WebServer,E102,Health check passed: {service}
55193,2026-01-13,21:04:43,INFO,WebServer,Transaction tx981150 completed in 1714ms,E104,Transaction {tx} completed in {time}ms
55194,2026-01-13,21:52:39,INFO,WebServer,Transaction tx341670 completed in 381ms,E104,Transaction {tx} completed in {time}ms
55195,2026-01-13,21:05:59,INFO,WebServer,Transaction tx247110 completed in 551ms,E104,Transaction {tx} completed in {time}ms
55196,2026-01-13,21:44:55,INFO,WebServer,Page view: /home by u1785,E103,Page view: {page} by {user}
55197,2026-01-13,21:05:35,INFO,WebServer,Page view: /home by u4543,E103,Page view: {page} by {user}
55198,2026-01-13,21:01:59,INFO,OrderProcessor,Page view: /home by u2699,E103,Page view: {page} by {user}
55199,2026-01-13,21:14:09,INFO,OrderProcessor,Health check passed: OrderProcessor,E102,Health check passed: {service}
55200,2026-01-13,21:22:19,INFO,WebServer,Page view: /home by u3749,E103,Page view: {page} by {user}
55201,2026-01-13,21:49:49,INFO,OrderProcessor,Health check passed: OrderProcessor,E102,Health check passed: {service}
55202,2026-01-13,21:26:04,INFO,WebServer,Health check passed: WebServer,E102,Health check passed: {service}
55203,2026-01-13,21:20:04,INFO,AuthService,Transaction tx569731 completed in 1857ms,E104,Transaction {tx} completed in {time}ms
55204,2026-01-13,21:24:35,INFO,WebServer,Transaction tx701866 completed in 292ms,E104,Transaction {tx} completed in {time}ms
55205,2026-01-13,22:47:10,INFO,AuthService,User u2263 login successful,E101,User {user} login successful
55206,2026-01-13,22:42:05,INFO,WebServer,Health check passed: WebServer,E102,Health check passed: {service}
55207,2026-01-13,22:49:57,INFO,WebServer,Transaction tx202257 completed in 286ms,E104,Transaction {tx} completed in {time}ms
55208,2026-01-13,22:54:43,INFO,WebServer,Health check passed: WebServer,E102,Health check passed: {service}
55209,2026-01-13,22:00:22,INFO,WebServer,Page view: /home by u2174,E103,Page view: {page} by {user}
55210,2026-01-13,22:09:21,INFO,InventoryDB,User u2650 login successful,E101,User {user} login successful
55211,2026-01-13,22:11:32,INFO,AuthService,User u4039 login successful,E101,User {user} login successful
55212,2026-01-13,22:29:00,INFO,WebServer,Page view: /home by u2576,E103,Page view: {page} by {user}
55213,2026-01-13,22:02:59,INFO,OrderProcessor,Health check passed: OrderProcessor,E102,Health check passed: {service}
55214,2026-01-13,22:09:00,INFO,InventoryDB,Page view: /home by u2603,E103,Page view: {page} by {user}
55215,2026-01-13,22:29:21,INFO,AuthService,Health check passed: AuthService,E102,Health check passed: {service}
55216,2026-01-13,22:25:23,INFO,WebServer,Page view: /home by u3098,E103,Page view: {page} by {user}
55217,2026-01-13,22:31:17,WARN,WebServer,Unauthorized access attempt from 10.0.0.45,E401,Unauthorized access attempt from {ip}
55218,2026-01-13,22:00:42,INFO,WebServer,Page view: /home by u2382,E103,Page view: {page} by {user}
55219,2026-01-13,22:53:17,INFO,WebServer,Page view: /home by u3727,E103,Page view: {page} by {user}
55220,2026-01-13,22:17:20,INFO,OrderProcessor,Health check passed: OrderProcessor,E102,Health check passed: {service}
55221,2026-01-13,22:41:21,INFO,WebServer,Transaction tx738738 completed in 1503ms,E104,Transaction {tx} completed in {time}ms
55222,2026-01-13,22:14:49,INFO,WebServer,User u4995 login successful,E101,User {user} login successful
55223,2026-01-13,22:26:55,INFO,AuthService,Transaction tx938668 completed in 1197ms,E104,Transaction {tx} completed in {time}ms
55224,2026-01-13,22:09:28,INFO,WebServer,Health check passed: WebServer,E102,Health check passed: {service}
55225,2026-01-13,22:44:46,WARN,WebServer,Unauthorized access attempt from 10.0.0.45,E401,Unauthorized access attempt from {ip}
55226,2026-01-13,22:35:30,INFO,WebServer,Transaction tx777213 completed in 912ms,E104,Transaction {tx} completed in {time}ms
55227,2026-01-13,22:51:00,INFO,PaymentGateway,Health check passed: PaymentGateway,E102,Health check passed: {service}
55228,2026-01-13,22:37:46,INFO,PaymentGateway,Health check passed: PaymentGateway,E102,Health check passed: {service}
55229,2026-01-13,22:36:10,INFO,AuthService,Transaction tx789234 completed in 562ms,E104,Transaction {tx} completed in {time}ms
55230,2026-01-13,22:26:24,INFO,OrderProcessor,User u1959 login successful,E101,User {user} login successful
55231,2026-01-13,22:11:55,INFO,WebServer,Page view: /home by u1657,E103,Page view: {page} by {user}
55232,2026-01-13,22:09:54,INFO,WebServer,Page view: /home by u3001,E103,Page view: {page} by {user}
55233,2026-01-13,22:12:04,INFO,WebServer,Transaction tx427353 completed in 1160ms,E104,Transaction {tx} completed in {time}ms
55234,2026-01-13,22:08:03,INFO,WebServer,Page view: /home by u3099,E103,Page view: {page} by {user}
55235,2026-01-13,22:18:29,ERROR,InventoryDB,Timeout waiting for lock on InventoryDB,E502,Timeout waiting for lock on {db}
55236,2026-01-13,22:20:56,INFO,AuthService,Transaction tx367132 completed in 663ms,E104,Transaction {tx} completed in {time}ms
55237,2026-01-13,22:46:41,INFO,OrderProcessor,Health check passed: OrderProcessor,E102,Health check passed: {service}
55238,2026-01-13,22:45:37,INFO,WebServer,Health check passed: WebServer,E102,Health check passed: {service}
55239,2026-01-13,22:06:52,INFO,PaymentGateway,User u4169 login successful,E101,User {user} login successful
55240,2026-01-13,22:36:15,CRITICAL,WebServer,KERNEL PANIC: Node node-3 crashed,E601,KERNEL PANIC: Node {node} crashed
55241,2026-01-13,22:16:47,INFO,AuthService,Page view: /home by u4681,E103,Page view: {page} by {user}
55242,2026-01-13,22:58:49,INFO,WebServer,Page view: /home by u1018,E103,Page view: {page} by {user}
55243,2026-01-13,22:19:45,INFO,OrderProcessor,Transaction tx211483 completed in 1265ms,E104,Transaction {tx} completed in {time}ms
55244,2026-01-13,22:23:16,INFO,AuthService,Page view: /home by u2544,E103,Page view: {page} by {user}
55245,2026-01-13,22:08:05,INFO,WebServer,User u2666 login successful,E101,User {user} login successful
55246,2026-01-13,22:14:36,INFO,WebServer,Page view: /home by u1875,E103,Page view: {page} by {user}
55247,2026-01-13,22:25:47,INFO,InventoryDB,Transaction tx460521 completed in 1647ms,E104,Transaction {tx} completed in {time}ms
55248,2026-01-13,22:34:26,INFO,WebServer,Transaction tx859856 completed in 2000ms,E104,Transaction {tx} completed in {time}ms
55249,2026-01-13,22:21:14,WARN,PaymentGateway,Disk usage > 85% on node node-5,E202,Disk usage > 85% on node {node}
55250,2026-01-13,22:44:27,INFO,AuthService,Health check passed: AuthService,E102,Health check passed: {service}
55251,2026-01-13,22:06:48,INFO,InventoryDB,Page view: /home by u2590,E103,Page view: {page} by {user}
55252,2026-01-13,22:02:42,INFO,WebServer,Health check passed: WebServer,E102,Health check passed: {service}
55253,2026-01-13,22:18:41,INFO,PaymentGateway,Transaction tx234983 completed in 1132ms,E104,Transaction {tx} completed in {time}ms
55254,2026-01-13,22:54:59,INFO,OrderProcessor,User u1213 login successful,E101,User {user} login successful
55255,2026-01-13,22:54:48,INFO,InventoryDB,User u2197 login successful,E101,User {user} login successful
55256,2026-01-13,22:17:11,INFO,OrderProcessor,Page view: /home by u4779,E103,Page view: {page} by {user}
55257,2026-01-13,22:51:13,INFO,PaymentGateway,User u3452 login successful,E101,User {user} login successful
55258,2026-01-13,22:32:42,INFO,OrderProcessor,User u1259 login successful,E101,User {user} login successful
55259,2026-01-13,22:01:24,WARN,AuthService,Unauthorized access attempt from 10.0.0.12,E401,Unauthorized access attempt from {ip}
55260,2026-01-13,22:16:53,INFO,WebServer,Page view: /home by u4859,E103,Page view: {page} by {user}
55261,2026-01-13,22:00:54,INFO,AuthService,Health check passed: AuthService,E102,Health check passed: {service}
55262,2026-01-13,22:25:29,INFO,WebServer,User u4631 login successful,E101,User {user} login successful
55263,2026-01-13,22:52:50,INFO,PaymentGateway,User u1565 login successful,E101,User {user} login successful
55264,2026-01-13,22:43:17,INFO,AuthService,User u4466 login successful,E101,User {user} login successful
55265,2026-01-13,22:55:34,INFO,OrderProcessor,Health check passed: OrderProcessor,E102,Health check passed: {service}
55266,2026-01-13,22:19:52,INFO,AuthService,Health check passed: AuthService,E102,Health check passed: {service}
55267,2026-01-13,22:47:53,INFO,WebServer,Page view: /home by u3854,E103,Page view: {page} by {user}
55268,2026-01-13,22:08:05,INFO,WebServer,Page view: /home by u1363,E103,Page view: {page} by {user}
55269,2026-01-13,22:57:05,INFO,WebServer,Health check passed: WebServer,E102,Health check passed: {service}
55270,2026-01-13,22:34:21,INFO,WebServer,Health check passed: WebServer,E102,Health check passed: {service}
55271,2026-01-13,22:55:07,INFO,AuthService,Page view: /home by u4878,E103,Page view: {page} by {user}
55272,2026-01-13,22:58:35,INFO,OrderProcessor,Transaction tx563455 completed in 116ms,E104,Transaction {tx} completed in {time}ms
55273,2026-01-13,22:41:29,INFO,OrderProcessor,Health check passed: OrderProcessor,E102,Health check passed: {service}
55274,2026-01-13,22:10:07,INFO,PaymentGateway,Health check passed: PaymentGateway,E102,Health check passed: {service}
55275,2026-01-13,22:00:59,INFO,WebServer,Page view: /home by u3476,E103,Page view: {page} by {user}
55276,2026-01-13,22:15:11,INFO,WebServer,User u2230 login successful,E101,User {user} login successful
55277,2026-01-13,22:08:16,INFO,WebServer,Page view: /home by u2092,E103,Page view: {page} by {user}
55278,2026-01-13,22:24:17,INFO,AuthService,Page view: /home by u3186,E103,Page view: {page} by {user}
55279,2026-01-13,22:10:02,INFO,AuthService,Page view: /home by u3690,E103,Page view: {page} by {user}
55280,2026-01-13,22:46:55,INFO,WebServer,Health check passed: WebServer,E102,Health check passed: {service}
55281,2026-01-13,22:50:30,ERROR,OrderProcessor,Timeout waiting for lock on InventoryDB,E502,Timeout waiting for lock on {db}
55282,2026-01-13,22:18:47,INFO,PaymentGateway,Page view: /home by u4670,E103,Page view: {page} by {user}
55283,2026-01-13,22:17:04,INFO,OrderProcessor,Health check passed: OrderProcessor,E102,Health check passed: {service}
55284,2026-01-13,22:05:40,INFO,WebServer,Page view: /home by u2122,E103,Page view: {page} by {user}
55285,2026-01-13,22:00:40,INFO,WebServer,Page view: /home by u1283,E103,Page view: {page} by {user}
55286,2026-01-13,22:58:47,INFO,WebServer,Page view: /home by u1816,E103,Page view: {page} by {user}
55287,2026-01-13,22:36:42,INFO,WebServer,Health check passed: WebServer,E102,Health check passed: {service}
55288,2026-01-13,22:31:02,WARN,PaymentGateway,High latency (393ms) detected on PaymentGateway,E201,High latency ({time}ms) detected on {service}
55289,2026-01-13,22:29:22,INFO,AuthService,Transaction tx392878 completed in 752ms,E104,Transaction {tx} completed in {time}ms
55290,2026-01-13,22:34:31,INFO,WebServer,Page view: /home by u1926,E103,Page view: {page} by {user}
55291,2026-01-13,22:57:13,INFO,InventoryDB,User u4285 login successful,E101,User {user} login successful
55292,2026-01-13,22:36:01,INFO,AuthService,Health check passed: AuthService,E102,Health check passed: {service}
55293,2026-01-13,22:07:47,INFO,OrderProcessor,Health check passed: OrderProcessor,E102,Health check passed: {service}
55294,2026-01-13,22:00:09,WARN,OrderProcessor,High latency (432ms) detected on OrderProcessor,E201,High latency ({time}ms) detected on {service}
55295,2026-01-13,22:01:13,INFO,OrderProcessor,Transaction tx915596 completed in 300ms,E104,Transaction {tx} completed in {time}ms
55296,2026-01-13,22:01:03,INFO,WebServer,User u2327 login successful,E101,User {user} login successful
55297,2026-01-13,22:57:46,INFO,WebServer,User u1770 login successful,E101,User {user} login successful
55298,2026-01-13,22:13:45,INFO,WebServer,Health check passed: WebServer,E102,Health check passed: {service}
55299,2026-01-13,22:05:45,INFO,PaymentGateway,Transaction tx593895 completed in 1121ms,E104,Transaction {tx} completed in {time}ms
55300,2026-01-13,22:22:53,INFO,WebServer,Health check passed: WebServer,E102,Health check passed: {service}
55301,2026-01-13,22:36:33,INFO,WebServer,Health check passed: WebServer,E102,Health check passed: {service}
55302,2026-01-13,22:43:17,INFO,WebServer,Transaction tx777209 completed in 1654ms,E104,Transaction {tx} completed in {time}ms
55303,2026-01-13,22:12:20,INFO,WebServer,Health check passed: WebServer,E102,Health check passed: {service}
55304,2026-01-13,22:18:30,INFO,WebServer,User u3587 login successful,E101,User {user} login successful
55305,2026-01-13,22:18:55,INFO,InventoryDB,User u2380 login successful,E101,User {user} login successful
55306,2026-01-13,22:25:52,INFO,AuthService,Page view: /home by u2156,E103,Page view: {page} by {user}
55307,2026-01-13,22:00:52,INFO,OrderProcessor,Health check passed: OrderProcessor,E102,Health check passed: {service}
55308,2026-01-13,22:14:43,INFO,AuthService,Transaction tx260587 completed in 1921ms,E104,Transaction {tx} completed in {time}ms
55309,2026-01-13,22:51:23,INFO,WebServer,Health check passed: WebServer,E102,Health check passed: {service}
55310,2026-01-13,22:54:25,INFO,WebServer,Health check passed: WebServer,E102,Health check passed: {service}
55311,2026-01-13,22:55:29,ERROR,AuthService,Payment declined: Gateway unavailable,E503,Payment declined: Gateway unavailable
55312,2026-01-13,22:04:38,WARN,WebServer,Unauthorized access attempt from 10.0.0.12,E401,Unauthorized access attempt from {ip}
55313,2026-01-13,22:45:21,INFO,AuthService,User u1504 login successful,E101,User {user} login successful
55314,2026-01-13,22:36:16,INFO,WebServer,User u1031 login successful,E101,User {user} login successful
55315,2026-01-13,22:19:24,WARN,PaymentGateway,Unauthorized access attempt from 10.0.0.12,E401,Unauthorized access attempt from {ip}
55316,2026-01-13,22:52:12,INFO,AuthService,User u2716 login successful,E101,User {user} login successful
55317,2026-01-13,22:18:25,INFO,AuthService,Health check passed: AuthService,E102,Health check passed: {service}
55318,2026-01-13,22:50:32,ERROR,AuthService,Connection refused to AuthService at 10.0.0.45,E501,Connection refused to {service} at {ip}
55319,2026-01-13,22:22:50,INFO,AuthService,Health check passed: AuthService,E102,Health check passed: {service}
55320,2026-01-13,22:50:35,INFO,WebServer,Transaction tx708990 completed in 624ms,E104,Transaction {tx} completed in {time}ms
55321,2026-01-13,22:09:19,INFO,WebServer,Health check passed: WebServer,E102,Health check passed: {service}
55322,2026-01-13,22:36:32,INFO,OrderProcessor,Health check passed: OrderProcessor,E102,Health check passed: {service}
55323,2026-01-13,22:32:04,INFO,AuthService,Health check passed: AuthService,E102,Health check passed: {service}
55324,2026-01-13,22:50:36,WARN,WebServer,High latency (153ms) detected on WebServer,E201,High latency ({time}ms) detected on {service}
55325,2026-01-13,22:26:54,INFO,PaymentGateway,User u1729 login successful,E101,User {user} login successful
55326,2026-01-13,22:16:14,INFO,WebServer,Page view: /home by u2541,E103,Page view: {page} by {user}
55327,2026-01-13,22:33:50,INFO,InventoryDB,User u3701 login successful,E101,User {user} login successful
55328,2026-01-13,22:21:33,INFO,WebServer,Page view: /home by u4054,E103,Page view: {page} by {user}
55329,2026-01-13,22:23:35,INFO,WebServer,User u4783 login successful,E101,User {user} login successful
55330,2026-01-13,22:04:35,INFO,WebServer,Page view: /home by u2024,E103,Page view: {page} by {user}
55331,2026-01-13,22:04:29,INFO,WebServer,Page view: /home by u4995,E103,Page view: {page} by {user}
55332,2026-01-13,22:41:08,INFO,WebServer,Page view: /home by u2743,E103,Page view: {page} by {user}
55333,2026-01-13,22:23:30,INFO,WebServer,User u3116 login successful,E101,User {user} login successful
55334,2026-01-13,22:06:26,INFO,AuthService,Health check passed: AuthService,E102,Health check passed: {service}
55335,2026-01-13,22:42:31,INFO,WebServer,User u4767 login successful,E101,User {user} login successful
55336,2026-01-13,22:15:45,INFO,AuthService,User u2098 login successful,E101,User {user} login successful
55337,2026-01-13,22:57:37,WARN,AuthService,Unauthorized access attempt from 10.0.0.45,E401,Unauthorized access attempt from {ip}
55338,2026-01-13,22:10:05,INFO,AuthService,Page view: /home by u4095,E103,Page view: {page} by {user}
55339,2026-01-13,22:53:41,INFO,WebServer,Health check passed: WebServer,E102,Health check passed: {service}
55340,2026-01-13,22:31:47,INFO,WebServer,User u1630 login successful,E101,User {user} login successful
55341,2026-01-13,22:50:33,INFO,AuthService,Page view: /home by u4622,E103,Page view: {page} by {user}
55342,2026-01-13,22:13:35,INFO,OrderProcessor,Transaction tx126379 completed in 1402ms,E104,Transaction {tx} completed in {time}ms
55343,2026-01-13,22:41:04,INFO,WebServer,User u1426 login successful,E101,User {user} login successful
55344,2026-01-13,22:12:42,INFO,WebServer,Health check passed: WebServer,E102,Health check passed: {service}
55345,2026-01-13,22:18:03,INFO,OrderProcessor,Transaction tx430611 completed in 680ms,E104,Transaction {tx} completed in {time}ms
55346,2026-01-13,22:42:39,INFO,PaymentGateway,User u3451 login successful,E101,User {user} login successful
55347,2026-01-13,22:14:44,INFO,WebServer,Health check passed: WebServer,E102,Health check passed: {service}
55348,2026-01-13,22:12:08,INFO,OrderProcessor,Page view: /home by u3366,E103,Page view: {page} by {user}
55349,2026-01-13,22:25:47,INFO,PaymentGateway,User u2873 login successful,E101,User {user} login successful
55350,2026-01-13,22:37:01,INFO,WebServer,User u3566 login successful,E101,User {user} login successful
55351,2026-01-13,22:06:18,INFO,InventoryDB,Page view: /home by u3835,E103,Page view: {page} by {user}
55352,2026-01-13,22:58:56,ERROR,PaymentGateway,Payment declined: Gateway unavailable,E503,Payment declined: Gateway unavailable
55353,2026-01-13,22:25:08,INFO,AuthService,Page view: /home by u3908,E103,Page view: {page} by {user}
55354,2026-01-13,22:05:23,INFO,WebServer,Transaction tx681346 completed in 660ms,E104,Transaction {tx} completed in {time}ms
55355,2026-01-13,22:30:00,INFO,AuthService,Page view: /home by u4146,E103,Page view: {page} by {user}
55356,2026-01-13,22:31:03,INFO,WebServer,Health check passed: WebServer,E102,Health check passed: {service}
55357,2026-01-13,22:57:11,INFO,WebServer,User u2755 login successful,E101,User {user} login successful
55358,2026-01-13,22:48:20,INFO,WebServer,User u3820 login successful,E101,User {user} login successful
55359,2026-01-13,22:23:29,INFO,WebServer,User u4522 login successful,E101,User {user} login successful
55360,2026-01-13,22:01:17,INFO,WebServer,Transaction tx849312 completed in 551ms,E104,Transaction {tx} completed in {time}ms
55361,2026-01-13,22:41:07,INFO,OrderProcessor,Transaction tx586134 completed in 1016ms,E104,Transaction {tx} completed in {time}ms
55362,2026-01-13,22:35:28,INFO,WebServer,Transaction tx466143 completed in 1598ms,E104,Transaction {tx} completed in {time}ms
55363,2026-01-13,22:48:26,INFO,InventoryDB,User u1612 login successful,E101,User {user} login successful
55364,2026-01-13,22:01:51,INFO,WebServer,Transaction tx139481 completed in 1114ms,E104,Transaction {tx} completed in {time}ms
55365,2026-01-13,22:57:43,ERROR,OrderProcessor,Connection refused to OrderProcessor at 10.0.0.12,E501,Connection refused to {service} at {ip}
55366,2026-01-13,22:04:01,INFO,AuthService,Health check passed: AuthService,E102,Health check passed: {service}
55367,2026-01-13,22:25:54,INFO,WebServer,Page view: /home by u1463,E103,Page view: {page} by {user}
55368,2026-01-13,22:57:38,INFO,InventoryDB,User u3579 login successful,E101,User {user} login successful
55369,2026-01-13,22:09:42,WARN,WebServer,Disk usage > 85% on node node-1,E202,Disk usage > 85% on node {node}
55370,2026-01-13,22:25:38,INFO,AuthService,Page view: /home by u4324,E103,Page view: {page} by {user}
55371,2026-01-13,22:21:19,INFO,AuthService,Transaction tx723920 completed in 1278ms,E104,Transaction {tx} completed in {time}ms
55372,2026-01-13,22:30:26,INFO,WebServer,Page view: /home by u2803,E103,Page view: {page} by {user}
55373,2026-01-13,22:39:28,INFO,PaymentGateway,Health check passed: PaymentGateway,E102,Health check passed: {service}
55374,2026-01-13,22:57:11,INFO,WebServer,Health check passed: WebServer,E102,Health check passed: {service}
55375,2026-01-13,22:36:34,WARN,WebServer,High latency (1231ms) detected on WebServer,E201,High latency ({time}ms) detected on {service}
55376,2026-01-13,22:27:06,INFO,WebServer,Transaction tx778889 completed in 309ms,E104,Transaction {tx} completed in {time}ms
55377,2026-01-13,22:03:10,INFO,AuthService,Page view: /home by u3171,E103,Page view: {page} by {user}
55378,2026-01-13,22:01:22,INFO,AuthService,Health check passed: AuthService,E102,Health check passed: {service}
55379,2026-01-13,22:18:37,INFO,OrderProcessor,Page view: /home by u3024,E103,Page view: {page} by {user}
55380,2026-01-13,22:56:43,INFO,WebServer,User u1608 login successful,E101,User {user} login successful
55381,2026-01-13,22:23:04,INFO,WebServer,Health check passed: WebServer,E102,Health check passed: {service}
55382,2026-01-13,22:50:34,INFO,OrderProcessor,Transaction tx353956 completed in 1610ms,E104,Transaction {tx} completed in {time}ms
55383,2026-01-13,22:31:36,INFO,OrderProcessor,Page view: /home by u1387,E103,Page view: {page} by {user}
55384,2026-01-13,22:26:19,ERROR,PaymentGateway,Connection refused to PaymentGateway at 10.0.0.45,E501,Connection refused to {service} at {ip}
55385,2026-01-13,22:35:52,INFO,WebServer,Page view: /home by u3325,E103,Page view: {page} by {user}
55386,2026-01-13,22:05:52,INFO,PaymentGateway,User u1370 login successful,E101,User {user} login successful
55387,2026-01-13,22:05:07,INFO,WebServer,Health check passed: WebServer,E102,Health check passed: {service}
55388,2026-01-13,22:52:08,INFO,AuthService,Health check passed: AuthService,E102,Health check passed: {service}
55389,2026-01-13,22:30:20,INFO,PaymentGateway,User u2277 login successful,E101,User {user} login successful
55390,2026-01-13,22:01:58,INFO,WebServer,Health check passed: WebServer,E102,Health check passed: {service}
55391,2026-01-13,22:19:30,INFO,WebServer,Health check passed: WebServer,E102,Health check passed: {service}
55392,2026-01-13,22:31:30,INFO,OrderProcessor,Health check passed: OrderProcessor,E102,Health check passed: {service}
55393,2026-01-13,22:40:50,INFO,AuthService,User u2007 login successful,E101,User {user} login successful
55394,2026-01-13,22:32:57,INFO,AuthService,Page view: /home by u4667,E103,Page view: {page} by {user}
55395,2026-01-13,22:19:41,INFO,WebServer,User u2343 login successful,E101,User {user} login successful
55396,2026-01-13,22:39:54,INFO,PaymentGateway,Health check passed: PaymentGateway,E102,Health check passed: {service}
55397,2026-01-13,22:44:28,INFO,AuthService,User u1636 login successful,E101,User {user} login successful
55398,2026-01-13,22:40:56,INFO,PaymentGateway,Page view: /home by u3313,E103,Page view: {page} by {user}
55399,2026-01-13,22:19:15,INFO,OrderProcessor,Health check passed: OrderProcessor,E102,Health check passed: {service}
55400,2026-01-13,22:20:58,INFO,WebServer,Health check passed: WebServer,E102,Health check passed: {service}
55401,2026-01-13,22:39:36,INFO,OrderProcessor,Health check passed: OrderProcessor,E102,Health check passed: {service}
55402,2026-01-13,22:47:42,WARN,WebServer,High latency (782ms) detected on WebServer,E201,High latency ({time}ms) detected on {service}
55403,2026-01-13,22:13:37,INFO,InventoryDB,User u2572 login successful,E101,User {user} login successful
55404,2026-01-13,22:13:23,INFO,WebServer,Transaction tx376525 completed in 881ms,E104,Transaction {tx} completed in {time}ms
55405,2026-01-13,22:18:15,INFO,WebServer,Page view: /home by u4496,E103,Page view: {page} by {user}
55406,2026-01-13,22:58:47,INFO,AuthService,Page view: /home by u4149,E103,Page view: {page} by {user}
55407,2026-01-13,22:38:45,INFO,WebServer,User u3882 login successful,E101,User {user} login successful
55408,2026-01-13,22:45:33,INFO,InventoryDB,Transaction tx431707 completed in 845ms,E104,Transaction {tx} completed in {time}ms
55409,2026-01-13,22:25:28,INFO,WebServer,Page view: /home by u1588,E103,Page view: {page} by {user}
55410,2026-01-13,22:08:12,INFO,InventoryDB,Page view: /home by u2288,E103,Page view: {page} by {user}
55411,2026-01-13,22:57:56,WARN,WebServer,Unauthorized access attempt from 10.0.0.45,E401,Unauthorized access attempt from {ip}
55412,2026-01-13,22:47:24,INFO,WebServer,Health check passed: WebServer,E102,Health check passed: {service}
55413,2026-01-13,22:25:45,INFO,AuthService,Page view: /home by u3301,E103,Page view: {page} by {user}
55414,2026-01-13,22:12:50,INFO,AuthService,Page view: /home by u2892,E103,Page view: {page} by {user}
55415,2026-01-13,22:32:34,INFO,WebServer,Health check passed: WebServer,E102,Health check passed: {service}
55416,2026-01-13,22:39:36,INFO,AuthService,User u1311 login successful,E101,User {user} login successful
55417,2026-01-13,22:07:52,INFO,OrderProcessor,User u4460 login successful,E101,User {user} login successful
55418,2026-01-13,22:56:57,INFO,WebServer,User u1085 login successful,E101,User {user} login successful
55419,2026-01-13,22:41:02,INFO,PaymentGateway,Page view: /home by u1638,E103,Page view: {page} by {user}
55420,2026-01-13,22:51:38,INFO,AuthService,Transaction tx235964 completed in 162ms,E104,Transaction {tx} completed in {time}ms
55421,2026-01-13,22:58:50,INFO,WebServer,User u1188 login successful,E101,User {user} login successful
55422,2026-01-13,22:01:36,INFO,WebServer,Page view: /home by u3279,E103,Page view: {page} by {user}
55423,2026-01-13,22:31:46,INFO,WebServer,Health check passed: WebServer,E102,Health check passed: {service}
55424,2026-01-13,22:14:47,INFO,WebServer,Page view: /home by u2028,E103,Page view: {page} by {user}
55425,2026-01-13,22:02:03,INFO,InventoryDB,Health check passed: InventoryDB,E102,Health check passed: {service}
55426,2026-01-13,22:39:11,INFO,PaymentGateway,Transaction tx288711 completed in 1379ms,E104,Transaction {tx} completed in {time}ms
55427,2026-01-13,22:06:41,INFO,AuthService,User u4039 login successful,E101,User {user} login successful
55428,2026-01-13,22:21:34,INFO,AuthService,Page view: /home by u4172,E103,Page view: {page} by {user}
55429,2026-01-13,22:03:02,INFO,InventoryDB,Transaction tx624756 completed in 1184ms,E104,Transaction {tx} completed in {time}ms
55430,2026-01-13,22:13:59,INFO,OrderProcessor,User u2760 login successful,E101,User {user} login successful
55431,2026-01-13,22:55:07,INFO,WebServer,User u1809 login successful,E101,User {user} login successful
55432,2026-01-13,22:48:32,INFO,InventoryDB,User u4997 login successful,E101,User {user} login successful
55433,2026-01-13,22:11:56,INFO,WebServer,Page view: /home by u3943,E103,Page view: {page} by {user}
55434,2026-01-13,22:32:02,INFO,WebServer,User u2053 login successful,E101,User {user} login successful
55435,2026-01-13,22:02:14,INFO,AuthService,Transaction tx338227 completed in 1513ms,E104,Transaction {tx} completed in {time}ms
55436,2026-01-13,22:18:03,INFO,WebServer,Health check passed: WebServer,E102,Health check passed: {service}
55437,2026-01-13,22:40:44,INFO,PaymentGateway,Transaction tx470959 completed in 171ms,E104,Transaction {tx} completed in {time}ms
55438,2026-01-13,22:54:13,INFO,AuthService,Health check passed: AuthService,E102,Health check passed: {service}
55439,2026-01-13,22:45:00,INFO,WebServer,Transaction tx364248 completed in 1351ms,E104,Transaction {tx} completed in {time}ms
55440,2026-01-13,22:59:45,INFO,AuthService,Transaction tx305017 completed in 643ms,E104,Transaction {tx} completed in {time}ms
55441,2026-01-13,22:33:02,INFO,WebServer,Page view: /home by u1139,E103,Page view: {page} by {user}
55442,2026-01-13,22:12:16,INFO,WebServer,Transaction tx223236 completed in 1720ms,E104,Transaction {tx} completed in {time}ms
55443,2026-01-13,23:48:05,INFO,WebServer,User u3754 login successful,E101,User {user} login successful
55444,2026-01-13,23:41:42,INFO,OrderProcessor,Health check passed: OrderProcessor,E102,Health check passed: {service}
55445,2026-01-13,23:34:12,INFO,AuthService,User u3526 login successful,E101,User {user} login successful
55446,2026-01-13,23:04:26,INFO,AuthService,Page view: /home by u3864,E103,Page view: {page} by {user}
55447,2026-01-13,23:26:26,INFO,AuthService,User u3836 login successful,E101,User {user} login successful
55448,2026-01-13,23:09:50,INFO,InventoryDB,Health check passed: InventoryDB,E102,Health check passed: {service}
55449,2026-01-13,23:19:28,INFO,WebServer,Health check passed: WebServer,E102,Health check passed: {service}
55450,2026-01-13,23:18:10,INFO,WebServer,User u1695 login successful,E101,User {user} login successful
55451,2026-01-13,23:29:29,INFO,InventoryDB,User u2628 login successful,E101,User {user} login successful
55452,2026-01-13,23:08:19,INFO,WebServer,Health check passed: WebServer,E102,Health check passed: {service}
55453,2026-01-13,23:35:00,INFO,PaymentGateway,Page view: /home by u2190,E103,Page view: {page} by {user}
55454,2026-01-13,23:26:47,INFO,OrderProcessor,Health check passed: OrderProcessor,E102,Health check passed: {service}
55455,2026-01-13,23:56:01,INFO,WebServer,Page view: /home by u3853,E103,Page view: {page} by {user}
55456,2026-01-13,23:51:37,INFO,OrderProcessor,Transaction tx889052 completed in 1082ms,E104,Transaction {tx} completed in {time}ms
55457,2026-01-13,23:46:32,INFO,OrderProcessor,Transaction tx194774 completed in 959ms,E104,Transaction {tx} completed in {time}ms
55458,2026-01-13,23:20:41,INFO,WebServer,User u2562 login successful,E101,User {user} login successful
55459,2026-01-13,23:44:54,INFO,OrderProcessor,Transaction tx763254 completed in 1010ms,E104,Transaction {tx} completed in {time}ms
55460,2026-01-13,23:52:14,CRITICAL,WebServer,DATA CORRUPTION detected in sector 425,E602,DATA CORRUPTION detected in sector {sector}
55461,2026-01-13,23:50:43,CRITICAL,WebServer,DATA CORRUPTION detected in sector 494,E602,DATA CORRUPTION detected in sector {sector}
55462,2026-01-13,23:41:57,INFO,AuthService,Transaction tx266849 completed in 1082ms,E104,Transaction {tx} completed in {time}ms
55463,2026-01-13,23:25:38,INFO,AuthService,Transaction tx714660 completed in 1873ms,E104,Transaction {tx} completed in {time}ms
55464,2026-01-13,23:23:07,WARN,WebServer,Unauthorized access attempt from 10.0.0.45,E401,Unauthorized access attempt from {ip}
55465,2026-01-13,23:20:30,INFO,WebServer,Health check passed: WebServer,E102,Health check passed: {service}
55466,2026-01-13,23:08:29,INFO,WebServer,User u2320 login successful,E101,User {user} login successful
55467,2026-01-13,23:17:30,INFO,WebServer,Health check passed: WebServer,E102,Health check passed: {service}
55468,2026-01-13,23:04:16,INFO,AuthService,Health check passed: AuthService,E102,Health check passed: {service}
55469,2026-01-13,23:56:13,INFO,OrderProcessor,Health check passed: OrderProcessor,E102,Health check passed: {service}
55470,2026-01-13,23:44:42,INFO,InventoryDB,Transaction tx346168 completed in 1970ms,E104,Transaction {tx} completed in {time}ms
55471,2026-01-13,23:19:20,INFO,OrderProcessor,User u3747 login successful,E101,User {user} login successful
55472,2026-01-13,23:07:42,INFO,AuthService,Transaction tx435952 completed in 1306ms,E104,Transaction {tx} completed in {time}ms
55473,2026-01-13,23:26:14,INFO,OrderProcessor,Transaction tx545613 completed in 866ms,E104,Transaction {tx} completed in {time}ms
55474,2026-01-13,23:10:27,ERROR,WebServer,Connection refused to WebServer at 10.0.0.45,E501,Connection refused to {service} at {ip}
55475,2026-01-13,23:17:33,INFO,WebServer,Health check passed: WebServer,E102,Health check passed: {service}
55476,2026-01-13,23:08:41,INFO,WebServer,Transaction tx450575 completed in 504ms,E104,Transaction {tx} completed in {time}ms
55477,2026-01-13,23:52:34,INFO,WebServer,Transaction tx630951 completed in 1283ms,E104,Transaction {tx} completed in {time}ms
55478,2026-01-13,23:09:39,INFO,WebServer,Transaction tx885160 completed in 161ms,E104,Transaction {tx} completed in {time}ms
55479,2026-01-13,23:22:01,WARN,AuthService,Unauthorized access attempt from 10.0.0.12,E401,Unauthorized access attempt from {ip}
55480,2026-01-13,23:07:33,INFO,WebServer,Page view: /home by u1529,E103,Page view: {page} by {user}
55481,2026-01-13,23:55:28,INFO,PaymentGateway,Transaction tx869526 completed in 1002ms,E104,Transaction {tx} completed in {time}ms
55482,2026-01-13,23:32:55,INFO,WebServer,Page view: /home by u4415,E103,Page view: {page} by {user}
55483,2026-01-13,23:38:16,INFO,WebServer,Page view: /home by u2769,E103,Page view: {page} by {user}
55484,2026-01-13,23:13:10,INFO,OrderProcessor,User u3672 login successful,E101,User {user} login successful
55485,2026-01-13,23:54:44,INFO,AuthService,User u3371 login successful,E101,User {user} login successful
55486,2026-01-13,23:59:52,INFO,AuthService,User u2071 login successful,E101,User {user} login successful
55487,2026-01-13,23:31:31,INFO,PaymentGateway,Health check passed: PaymentGateway,E102,Health check passed: {service}
55488,2026-01-13,23:38:29,INFO,WebServer,Page view: /home by u2183,E103,Page view: {page} by {user}
55489,2026-01-13,23:44:39,INFO,AuthService,Transaction tx845619 completed in 1504ms,E104,Transaction {tx} completed in {time}ms
55490,2026-01-13,23:59:06,WARN,WebServer,Disk usage > 85% on node node-3,E202,Disk usage > 85% on node {node}
55491,2026-01-13,23:51:40,INFO,WebServer,Transaction tx496471 completed in 1993ms,E104,Transaction {tx} completed in {time}ms
55492,2026-01-13,23:19:36,INFO,WebServer,Page view: /home by u3110,E103,Page view: {page} by {user}
55493,2026-01-13,23:41:03,INFO,WebServer,Health check passed: WebServer,E102,Health check passed: {service}
55494,2026-01-13,23:01:58,INFO,OrderProcessor,Page view: /home by u3830,E103,Page view: {page} by {user}
55495,2026-01-13,23:47:20,INFO,AuthService,Transaction tx867539 completed in 1356ms,E104,Transaction {tx} completed in {time}ms
55496,2026-01-13,23:49:52,INFO,WebServer,User u2358 login successful,E101,User {user} login successful
55497,2026-01-13,23:37:14,INFO,PaymentGateway,Transaction tx223547 completed in 1972ms,E104,Transaction {tx} completed in {time}ms
55498,2026-01-13,23:08:00,INFO,AuthService,Page view: /home by u4733,E103,Page view: {page} by {user}
55499,2026-01-13,23:44:32,INFO,WebServer,Page view: /home by u1497,E103,Page view: {page} by {user}
55500,2026-01-13,23:37:46,WARN,WebServer,High latency (1260ms) detected on WebServer,E201,High latency ({time}ms) detected on {service}
55501,2026-01-13,23:50:37,INFO,WebServer,Health check passed: WebServer,E102,Health check passed: {service}
55502,2026-01-13,23:53:01,INFO,WebServer,User u4873 login successful,E101,User {user} login successful
55503,2026-01-13,23:29:25,INFO,WebServer,Health check passed: WebServer,E102,Health check passed: {service}
55504,2026-01-13,23:54:51,INFO,OrderProcessor,User u1598 login successful,E101,User {user} login successful
55505,2026-01-13,23:19:34,INFO,AuthService,User u3670 login successful,E101,User {user} login successful
55506,2026-01-13,23:27:59,INFO,OrderProcessor,Health check passed: OrderProcessor,E102,Health check passed: {service}
55507,2026-01-13,23:05:43,INFO,PaymentGateway,Health check passed: PaymentGateway,E102,Health check passed: {service}
55508,2026-01-13,23:33:16,INFO,WebServer,Page view: /home by u1937,E103,Page view: {page} by {user}
55509,2026-01-13,23:04:19,INFO,InventoryDB,User u3861 login successful,E101,User {user} login successful
55510,2026-01-13,23:15:40,INFO,AuthService,Transaction tx769304 completed in 736ms,E104,Transaction {tx} completed in {time}ms
55511,2026-01-13,23:46:45,INFO,OrderProcessor,Page view: /home by u2049,E103,Page view: {page} by {user}
55512,2026-01-13,23:24:01,INFO,WebServer,Transaction tx581030 completed in 119ms,E104,Transaction {tx} completed in {time}ms
55513,2026-01-13,23:53:25,INFO,AuthService,Transaction tx745572 completed in 1802ms,E104,Transaction {tx} completed in {time}ms
55514,2026-01-13,23:28:21,INFO,WebServer,Transaction tx266090 completed in 1855ms,E104,Transaction {tx} completed in {time}ms
55515,2026-01-13,23:37:11,INFO,OrderProcessor,Transaction tx755051 completed in 756ms,E104,Transaction {tx} completed in {time}ms
55516,2026-01-13,23:49:53,INFO,WebServer,Page view: /home by u1704,E103,Page view: {page} by {user}
55517,2026-01-13,23:32:57,INFO,AuthService,Page view: /home by u2854,E103,Page view: {page} by {user}
55518,2026-01-13,23:23:10,INFO,PaymentGateway,Health check passed: PaymentGateway,E102,Health check passed: {service}
55519,2026-01-13,23:50:49,INFO,WebServer,User u4599 login successful,E101,User {user} login successful
55520,2026-01-13,23:25:31,WARN,WebServer,High latency (290ms) detected on WebServer,E201,High latency ({time}ms) detected on {service}
55521,2026-01-13,23:10:50,INFO,AuthService,Transaction tx563113 completed in 692ms,E104,Transaction {tx} completed in {time}ms
55522,2026-01-13,23:42:39,INFO,WebServer,Transaction tx114077 completed in 1984ms,E104,Transaction {tx} completed in {time}ms
55523,2026-01-13,23:24:20,INFO,WebServer,Health check passed: WebServer,E102,Health check passed: {service}
55524,2026-01-13,23:50:30,INFO,AuthService,Health check passed: AuthService,E102,Health check passed: {service}
55525,2026-01-13,23:19:50,INFO,WebServer,User u3642 login successful,E101,User {user} login successful
55526,2026-01-13,23:05:18,INFO,AuthService,Health check passed: AuthService,E102,Health check passed: {service}
55527,2026-01-13,23:17:04,INFO,AuthService,Health check passed: AuthService,E102,Health check passed: {service}
55528,2026-01-13,23:05:38,INFO,OrderProcessor,Transaction tx430732 completed in 1099ms,E104,Transaction {tx} completed in {time}ms
55529,2026-01-13,23:21:44,INFO,PaymentGateway,Page view: /home by u3692,E103,Page view: {page} by {user}
55530,2026-01-13,23:19:54,INFO,WebServer,Health check passed: WebServer,E102,Health check passed: {service}
55531,2026-01-13,23:50:27,INFO,OrderProcessor,Page view: /home by u1758,E103,Page view: {page} by {user}
55532,2026-01-13,23:26:46,INFO,WebServer,User u4741 login successful,E101,User {user} login successful
55533,2026-01-13,23:57:12,INFO,WebServer,Health check passed: WebServer,E102,Health check passed: {service}
55534,2026-01-13,23:23:09,INFO,InventoryDB,Health check passed: InventoryDB,E102,Health check passed: {service}
55535,2026-01-13,23:09:08,INFO,OrderProcessor,Health check passed: OrderProcessor,E102,Health check passed: {service}
55536,2026-01-13,23:20:57,INFO,WebServer,Health check passed: WebServer,E102,Health check passed: {service}
55537,2026-01-13,23:39:38,INFO,WebServer,User u4078 login successful,E101,User {user} login successful
55538,2026-01-13,23:37:35,INFO,WebServer,User u1640 login successful,E101,User {user} login successful
55539,2026-01-13,23:56:29,INFO,WebServer,Page view: /home by u4223,E103,Page view: {page} by {user}
55540,2026-01-13,23:27:03,INFO,PaymentGateway,User u4130 login successful,E101,User {user} login successful
55541,2026-01-13,23:51:10,INFO,WebServer,Health check passed: WebServer,E102,Health check passed: {service}
55542,2026-01-13,23:23:05,INFO,WebServer,Health check passed: WebServer,E102,Health check passed: {service}
55543,2026-01-13,23:05:27,INFO,AuthService,Page view: /home by u4380,E103,Page view: {page} by {user}
55544,2026-01-13,23:16:44,INFO,WebServer,Page view: /home by u4488,E103,Page view: {page} by {user}
55545,2026-01-13,23:02:03,INFO,InventoryDB,User u1602 login successful,E101,User {user} login successful
55546,2026-01-13,23:29:41,INFO,OrderProcessor,Page view: /home by u1282,E103,Page view: {page} by {user}
55547,2026-01-13,23:32:14,INFO,WebServer,Page view: /home by u3123,E103,Page view: {page} by {user}
55548,2026-01-13,23:16:45,INFO,OrderProcessor,Transaction tx946791 completed in 961ms,E104,Transaction {tx} completed in {time}ms
55549,2026-01-13,23:27:50,INFO,OrderProcessor,User u1412 login successful,E101,User {user} login successful
55550,2026-01-13,23:35:07,INFO,InventoryDB,Health check passed: InventoryDB,E102,Health check passed: {service}
55551,2026-01-13,23:55:40,INFO,WebServer,Health check passed: WebServer,E102,Health check passed: {service}
55552,2026-01-13,23:55:29,INFO,AuthService,User u1436 login successful,E101,User {user} login successful
55553,2026-01-13,23:58:43,ERROR,OrderProcessor,Connection refused to OrderProcessor at 10.0.0.45,E501,Connection refused to {service} at {ip}
55554,2026-01-13,23:16:56,INFO,PaymentGateway,User u4596 login successful,E101,User {user} login successful
55555,2026-01-13,23:07:12,INFO,OrderProcessor,User u4152 login successful,E101,User {user} login successful
55556,2026-01-13,23:22:52,INFO,WebServer,Page view: /home by u4834,E103,Page view: {page} by {user}
55557,2026-01-13,23:04:44,INFO,WebServer,Transaction tx646663 completed in 965ms,E104,Transaction {tx} completed in {time}ms
55558,2026-01-13,23:50:13,INFO,OrderProcessor,User u1282 login successful,E101,User {user} login successful
55559,2026-01-13,23:52:39,INFO,AuthService,Page view: /home by u2431,E103,Page view: {page} by {user}
55560,2026-01-13,23:51:28,INFO,WebServer,User u4791 login successful,E101,User {user} login successful
55561,2026-01-13,23:12:43,WARN,WebServer,High latency (908ms) detected on WebServer,E201,High latency ({time}ms) detected on {service}
55562,2026-01-13,23:10:26,INFO,WebServer,Transaction tx940713 completed in 960ms,E104,Transaction {tx} completed in {time}ms
55563,2026-01-13,23:35:46,INFO,WebServer,Transaction tx713917 completed in 1311ms,E104,Transaction {tx} completed in {time}ms
55564,2026-01-13,23:52:28,WARN,WebServer,High latency (1287ms) detected on WebServer,E201,High latency ({time}ms) detected on {service}
55565,2026-01-13,23:49:23,INFO,WebServer,Health check passed: WebServer,E102,Health check passed: {service}
55566,2026-01-13,23:49:06,INFO,WebServer,Health check passed: WebServer,E102,Health check passed: {service}
55567,2026-01-13,23:55:54,INFO,WebServer,Page view: /home by u1797,E103,Page view: {page} by {user}
55568,2026-01-13,23:50:57,INFO,WebServer,Health check passed: WebServer,E102,Health check passed: {service}
55569,2026-01-13,23:40:31,INFO,WebServer,User u2816 login successful,E101,User {user} login successful
55570,2026-01-13,23:37:14,INFO,OrderProcessor,User u1089 login successful,E101,User {user} login successful
55571,2026-01-13,23:55:05,INFO,AuthService,Page view: /home by u4400,E103,Page view: {page} by {user}
55572,2026-01-13,23:41:40,INFO,InventoryDB,Health check passed: InventoryDB,E102,Health check passed: {service}
55573,2026-01-13,23:34:40,INFO,WebServer,Transaction tx698453 completed in 672ms,E104,Transaction {tx} completed in {time}ms
55574,2026-01-13,23:04:30,INFO,WebServer,User u4454 login successful,E101,User {user} login successful
55575,2026-01-13,23:13:21,WARN,PaymentGateway,High latency (895ms) detected on PaymentGateway,E201,High latency ({time}ms) detected on {service}
55576,2026-01-13,23:27:41,WARN,PaymentGateway,Disk usage > 85% on node node-3,E202,Disk usage > 85% on node {node}
55577,2026-01-13,23:48:01,INFO,AuthService,Page view: /home by u3667,E103,Page view: {page} by {user}
55578,2026-01-13,23:38:57,INFO,OrderProcessor,Health check passed: OrderProcessor,E102,Health check passed: {service}
55579,2026-01-13,23:32:13,INFO,WebServer,Health check passed: WebServer,E102,Health check passed: {service}
55580,2026-01-13,23:46:43,INFO,WebServer,Transaction tx756548 completed in 615ms,E104,Transaction {tx} completed in {time}ms
55581,2026-01-13,23:09:06,INFO,OrderProcessor,Transaction tx383423 completed in 779ms,E104,Transaction {tx} completed in {time}ms
55582,2026-01-13,23:40:15,ERROR,WebServer,Timeout waiting for lock on InventoryDB,E502,Timeout waiting for lock on {db}
55583,2026-01-13,23:08:09,INFO,PaymentGateway,User u2491 login successful,E101,User {user} login successful
55584,2026-01-13,23:21:46,INFO,AuthService,Transaction tx976615 completed in 835ms,E104,Transaction {tx} completed in {time}ms
55585,2026-01-13,23:56:14,INFO,WebServer,Health check passed: WebServer,E102,Health check passed: {service}
55586,2026-01-13,23:19:25,INFO,PaymentGateway,Health check passed: PaymentGateway,E102,Health check passed: {service}
55587,2026-01-13,23:17:47,INFO,PaymentGateway,Transaction tx179222 completed in 1917ms,E104,Transaction {tx} completed in {time}ms
55588,2026-01-13,23:24:05,INFO,WebServer,Transaction tx985313 completed in 869ms,E104,Transaction {tx} completed in {time}ms
55589,2026-01-13,23:58:28,INFO,WebServer,Transaction tx536697 completed in 1719ms,E104,Transaction {tx} completed in {time}ms
55590,2026-01-13,23:26:55,INFO,OrderProcessor,Health check passed: OrderProcessor,E102,Health check passed: {service}
55591,2026-01-13,23:04:14,INFO,WebServer,User u1547 login successful,E101,User {user} login successful
55592,2026-01-13,23:56:54,INFO,WebServer,Page view: /home by u2184,E103,Page view: {page} by {user}
55593,2026-01-13,23:46:27,INFO,WebServer,Transaction tx190325 completed in 1100ms,E104,Transaction {tx} completed in {time}ms
55594,2026-01-13,23:30:39,INFO,WebServer,Page view: /home by u3901,E103,Page view: {page} by {user}
55595,2026-01-13,23:53:27,INFO,WebServer,Page view: /home by u2241,E103,Page view: {page} by {user}
55596,2026-01-13,23:56:43,ERROR,WebServer,Timeout waiting for lock on InventoryDB,E502,Timeout waiting for lock on {db}
55597,2026-01-13,23:07:54,INFO,AuthService,Transaction tx545143 completed in 948ms,E104,Transaction {tx} completed in {time}ms
55598,2026-01-13,23:48:55,INFO,PaymentGateway,Health check passed: PaymentGateway,E102,Health check passed: {service}
55599,2026-01-13,23:19:10,INFO,WebServer,Health check passed: WebServer,E102,Health check passed: {service}
55600,2026-01-13,23:02:30,INFO,WebServer,Transaction tx637138 completed in 769ms,E104,Transaction {tx} completed in {time}ms
55601,2026-01-13,23:49:27,INFO,OrderProcessor,User u2052 login successful,E101,User {user} login successful
55602,2026-01-13,23:38:17,INFO,AuthService,Page view: /home by u1459,E103,Page view: {page} by {user}
55603,2026-01-13,23:13:32,INFO,OrderProcessor,User u1377 login successful,E101,User {user} login successful
55604,2026-01-13,23:59:07,INFO,WebServer,User u4670 login successful,E101,User {user} login successful
55605,2026-01-13,23:46:40,INFO,WebServer,Page view: /home by u3599,E103,Page view: {page} by {user}
55606,2026-01-13,23:14:38,INFO,WebServer,User u4560 login successful,E101,User {user} login successful
55607,2026-01-13,23:50:00,INFO,WebServer,Page view: /home by u2254,E103,Page view: {page} by {user}
55608,2026-01-13,23:04:22,WARN,AuthService,High latency (1410ms) detected on AuthService,E201,High latency ({time}ms) detected on {service}
55609,2026-01-13,23:51:48,INFO,AuthService,Page view: /home by u2751,E103,Page view: {page} by {user}
55610,2026-01-13,23:47:40,WARN,WebServer,High latency (620ms) detected on WebServer,E201,High latency ({time}ms) detected on {service}
55611,2026-01-13,23:06:13,INFO,OrderProcessor,Health check passed: OrderProcessor,E102,Health check passed: {service}
55612,2026-01-13,23:12:35,INFO,WebServer,Transaction tx803393 completed in 720ms,E104,Transaction {tx} completed in {time}ms
55613,2026-01-13,23:41:19,INFO,WebServer,Transaction tx695137 completed in 1599ms,E104,Transaction {tx} completed in {time}ms
55614,2026-01-13,23:04:12,INFO,WebServer,Page view: /home by u3744,E103,Page view: {page} by {user}
55615,2026-01-13,23:20:33,INFO,WebServer,Health check passed: WebServer,E102,Health check passed: {service}
55616,2026-01-13,23:48:36,INFO,AuthService,Health check passed: AuthService,E102,Health check passed: {service}
55617,2026-01-13,23:27:03,INFO,WebServer,User u4510 login successful,E101,User {user} login successful
55618,2026-01-13,23:31:31,INFO,WebServer,Transaction tx249393 completed in 1489ms,E104,Transaction {tx} completed in {time}ms
55619,2026-01-13,23:47:47,INFO,AuthService,User u3408 login successful,E101,User {user} login successful
55620,2026-01-13,23:24:59,INFO,PaymentGateway,User u1355 login successful,E101,User {user} login successful
55621,2026-01-13,23:53:34,INFO,PaymentGateway,Page view: /home by u3709,E103,Page view: {page} by {user}
55622,2026-01-13,23:56:35,INFO,AuthService,User u1842 login successful,E101,User {user} login successful
55623,2026-01-13,23:31:51,INFO,WebServer,Transaction tx873345 completed in 1650ms,E104,Transaction {tx} completed in {time}ms
55624,2026-01-13,23:37:26,INFO,WebServer,User u2021 login successful,E101,User {user} login successful
55625,2026-01-13,23:15:01,INFO,WebServer,Page view: /home by u2506,E103,Page view: {page} by {user}
55626,2026-01-13,23:40:00,INFO,WebServer,Page view: /home by u2619,E103,Page view: {page} by {user}
55627,2026-01-13,23:24:03,INFO,WebServer,User u3388 login successful,E101,User {user} login successful
55628,2026-01-13,23:50:22,INFO,WebServer,User u2406 login successful,E101,User {user} login successful
55629,2026-01-13,23:38:33,INFO,WebServer,Transaction tx388639 completed in 168ms,E104,Transaction {tx} completed in {time}ms
55630,2026-01-13,23:58:34,INFO,WebServer,Health check passed: WebServer,E102,Health check passed: {service}
55631,2026-01-13,23:05:44,WARN,OrderProcessor,Unauthorized access attempt from 10.0.0.88,E401,Unauthorized access attempt from {ip}
55632,2026-01-13,23:41:46,INFO,AuthService,Health check passed: AuthService,E102,Health check passed: {service}
55633,2026-01-13,23:00:12,INFO,OrderProcessor,Health check passed: OrderProcessor,E102,Health check passed: {service}
55634,2026-01-13,23:47:41,INFO,WebServer,Health check passed: WebServer,E102,Health check passed: {service}
55635,2026-01-13,23:40:18,INFO,PaymentGateway,Transaction tx454572 completed in 1490ms,E104,Transaction {tx} completed in {time}ms
55636,2026-01-13,23:39:28,INFO,WebServer,Page view: /home by u4169,E103,Page view: {page} by {user}
55637,2026-01-13,23:49:09,INFO,PaymentGateway,User u2951 login successful,E101,User {user} login successful
55638,2026-01-13,23:28:57,INFO,PaymentGateway,Page view: /home by u4851,E103,Page view: {page} by {user}
55639,2026-01-13,23:42:18,INFO,WebServer,Transaction tx985501 completed in 1267ms,E104,Transaction {tx} completed in {time}ms
55640,2026-01-13,23:02:42,INFO,WebServer,Transaction tx687988 completed in 645ms,E104,Transaction {tx} completed in {time}ms
55641,2026-01-13,23:15:34,INFO,WebServer,Transaction tx215949 completed in 1969ms,E104,Transaction {tx} completed in {time}ms
55642,2026-01-13,23:34:18,INFO,WebServer,Transaction tx313583 completed in 64ms,E104,Transaction {tx} completed in {time}ms
55643,2026-01-13,23:54:19,INFO,WebServer,Transaction tx315240 completed in 619ms,E104,Transaction {tx} completed in {time}ms
55644,2026-01-13,23:43:53,WARN,AuthService,Disk usage > 85% on node node-2,E202,Disk usage > 85% on node {node}
55645,2026-01-13,23:24:14,INFO,AuthService,User u2295 login successful,E101,User {user} login successful
55646,2026-01-13,23:33:28,INFO,AuthService,Page view: /home by u1545,E103,Page view: {page} by {user}
55647,2026-01-13,23:39:39,INFO,WebServer,Transaction tx648180 completed in 541ms,E104,Transaction {tx} completed in {time}ms
55648,2026-01-13,23:30:09,WARN,AuthService,Disk usage > 85% on node node-5,E202,Disk usage > 85% on node {node}
55649,2026-01-13,23:54:09,WARN,WebServer,Unauthorized access attempt from 10.0.0.45,E401,Unauthorized access attempt from {ip}
55650,2026-01-13,23:11:13,INFO,WebServer,Transaction tx135471 completed in 1476ms,E104,Transaction {tx} completed in {time}ms
55651,2026-01-13,23:14:34,INFO,WebServer,Transaction tx212325 completed in 1824ms,E104,Transaction {tx} completed in {time}ms
55652,2026-01-13,23:25:18,INFO,WebServer,User u2429 login successful,E101,User {user} login successful
55653,2026-01-13,23:01:35,INFO,InventoryDB,User u1538 login successful,E101,User {user} login successful
55654,2026-01-13,23:11:51,INFO,WebServer,Health check passed: WebServer,E102,Health check passed: {service}
55655,2026-01-13,23:25:53,INFO,OrderProcessor,Health check passed: OrderProcessor,E102,Health check passed: {service}
55656,2026-01-13,23:19:35,INFO,WebServer,User u4818 login successful,E101,User {user} login successful
55657,2026-01-13,23:09:51,INFO,PaymentGateway,Transaction tx543775 completed in 1842ms,E104,Transaction {tx} completed in {time}ms
55658,2026-01-13,23:41:42,INFO,AuthService,Transaction tx142773 completed in 1690ms,E104,Transaction {tx} completed in {time}ms
55659,2026-01-13,23:48:48,INFO,PaymentGateway,Health check passed: PaymentGateway,E102,Health check passed: {service}
55660,2026-01-13,23:03:47,INFO,InventoryDB,User u2194 login successful,E101,User {user} login successful
55661,2026-01-13,23:40:46,INFO,AuthService,Transaction tx941338 completed in 1318ms,E104,Transaction {tx} completed in {time}ms
55662,2026-01-13,23:42:43,INFO,AuthService,Page view: /home by u3589,E103,Page view: {page} by {user}
55663,2026-01-13,23:15:26,INFO,WebServer,Transaction tx214396 completed in 246ms,E104,Transaction {tx} completed in {time}ms
55664,2026-01-13,23:10:31,INFO,WebServer,Page view: /home by u4022,E103,Page view: {page} by {user}
55665,2026-01-13,23:43:01,INFO,AuthService,Health check passed: AuthService,E102,Health check passed: {service}
55666,2026-01-13,23:24:58,WARN,OrderProcessor,Unauthorized access attempt from 10.0.0.45,E401,Unauthorized access attempt from {ip}
55667,2026-01-13,23:10:27,WARN,WebServer,Disk usage > 85% on node node-4,E202,Disk usage > 85% on node {node}
55668,2026-01-13,23:49:32,INFO,AuthService,Transaction tx609158 completed in 1375ms,E104,Transaction {tx} completed in {time}ms
55669,2026-01-13,23:56:10,INFO,OrderProcessor,Page view: /home by u2992,E103,Page view: {page} by {user}
55670,2026-01-13,23:06:39,INFO,OrderProcessor,Health check passed: OrderProcessor,E102,Health check passed: {service}
55671,2026-01-13,23:48:37,INFO,AuthService,Health check passed: AuthService,E102,Health check passed: {service}
55672,2026-01-13,23:56:31,INFO,AuthService,Health check passed: AuthService,E102,Health check passed: {service}
55673,2026-01-13,23:43:38,INFO,OrderProcessor,User u1627 login successful,E101,User {user} login successful
55674,2026-01-13,23:58:15,INFO,AuthService,Page view: /home by u1755,E103,Page view: {page} by {user}
55675,2026-01-13,23:59:06,INFO,WebServer,Page view: /home by u1904,E103,Page view: {page} by {user}
55676,2026-01-13,23:14:49,INFO,OrderProcessor,Page view: /home by u4371,E103,Page view: {page} by {user}
55677,2026-01-13,23:32:01,INFO,OrderProcessor,Health check passed: OrderProcessor,E102,Health check passed: {service}
55678,2026-01-13,23:52:18,INFO,WebServer,User u2390 login successful,E101,User {user} login successful
55679,2026-01-13,23:42:24,INFO,OrderProcessor,User u1417 login successful,E101,User {user} login successful
55680,2026-01-13,23:03:51,INFO,PaymentGateway,Page view: /home by u3828,E103,Page view: {page} by {user}
55681,2026-01-14,00:43:50,INFO,PaymentGateway,Page view: /home by u4616,E103,Page view: {page} by {user}
55682,2026-01-14,00:33:22,INFO,WebServer,User u1499 login successful,E101,User {user} login successful
55683,2026-01-14,00:10:20,INFO,PaymentGateway,Page view: /home by u2512,E103,Page view: {page} by {user}
55684,2026-01-14,00:07:11,INFO,OrderProcessor,Health check passed: OrderProcessor,E102,Health check passed: {service}
55685,2026-01-14,00:40:01,WARN,OrderProcessor,Disk usage > 85% on node node-4,E202,Disk usage > 85% on node {node}
55686,2026-01-14,00:21:05,INFO,PaymentGateway,Health check passed: PaymentGateway,E102,Health check passed: {service}
55687,2026-01-14,00:36:15,INFO,WebServer,Page view: /home by u3576,E103,Page view: {page} by {user}
55688,2026-01-14,00:58:31,INFO,WebServer,Transaction tx650609 completed in 144ms,E104,Transaction {tx} completed in {time}ms
55689,2026-01-14,00:41:53,INFO,WebServer,Page view: /home by u4037,E103,Page view: {page} by {user}
55690,2026-01-14,00:37:22,INFO,PaymentGateway,User u2377 login successful,E101,User {user} login successful
55691,2026-01-14,00:52:08,INFO,WebServer,Transaction tx213843 completed in 973ms,E104,Transaction {tx} completed in {time}ms
55692,2026-01-14,00:02:05,INFO,PaymentGateway,Page view: /home by u2528,E103,Page view: {page} by {user}
55693,2026-01-14,00:07:01,INFO,WebServer,User u4578 login successful,E101,User {user} login successful
55694,2026-01-14,00:24:12,INFO,PaymentGateway,User u2982 login successful,E101,User {user} login successful
55695,2026-01-14,00:36:41,INFO,InventoryDB,Page view: /home by u4144,E103,Page view: {page} by {user}
55696,2026-01-14,00:14:43,INFO,WebServer,Transaction tx595627 completed in 886ms,E104,Transaction {tx} completed in {time}ms
55697,2026-01-14,00:55:41,INFO,InventoryDB,Transaction tx138181 completed in 411ms,E104,Transaction {tx} completed in {time}ms
55698,2026-01-14,00:08:44,INFO,WebServer,User u4894 login successful,E101,User {user} login successful
55699,2026-01-14,00:52:57,INFO,AuthService,User u1929 login successful,E101,User {user} login successful
55700,2026-01-14,00:19:22,INFO,AuthService,Page view: /home by u3097,E103,Page view: {page} by {user}
55701,2026-01-14,00:22:15,INFO,WebServer,User u1216 login successful,E101,User {user} login successful
55702,2026-01-14,00:40:33,INFO,WebServer,User u4344 login successful,E101,User {user} login successful
55703,2026-01-14,00:03:15,INFO,WebServer,Page view: /home by u2850,E103,Page view: {page} by {user}
55704,2026-01-14,00:47:33,INFO,OrderProcessor,Health check passed: OrderProcessor,E102,Health check passed: {service}
55705,2026-01-14,00:24:42,INFO,WebServer,Page view: /home by u4667,E103,Page view: {page} by {user}
55706,2026-01-14,00:33:54,INFO,WebServer,Transaction tx764110 completed in 567ms,E104,Transaction {tx} completed in {time}ms
55707,2026-01-14,00:02:13,INFO,OrderProcessor,Transaction tx844484 completed in 1870ms,E104,Transaction {tx} completed in {time}ms
55708,2026-01-14,00:45:42,INFO,WebServer,Health check passed: WebServer,E102,Health check passed: {service}
55709,2026-01-14,00:17:54,INFO,PaymentGateway,User u1726 login successful,E101,User {user} login successful
55710,2026-01-14,00:34:28,INFO,OrderProcessor,Page view: /home by u3445,E103,Page view: {page} by {user}
55711,2026-01-14,00:01:13,INFO,WebServer,Page view: /home by u2317,E103,Page view: {page} by {user}
55712,2026-01-14,00:03:33,INFO,InventoryDB,Page view: /home by u3062,E103,Page view: {page} by {user}
55713,2026-01-14,00:10:32,INFO,OrderProcessor,Transaction tx784691 completed in 446ms,E104,Transaction {tx} completed in {time}ms
55714,2026-01-14,00:46:02,INFO,WebServer,Page view: /home by u1574,E103,Page view: {page} by {user}
55715,2026-01-14,00:42:24,INFO,AuthService,Page view: /home by u4947,E103,Page view: {page} by {user}
55716,2026-01-14,00:47:34,INFO,PaymentGateway,User u1353 login successful,E101,User {user} login successful
55717,2026-01-14,00:47:34,WARN,OrderProcessor,High latency (1814ms) detected on OrderProcessor,E201,High latency ({time}ms) detected on {service}
55718,2026-01-14,00:42:20,INFO,WebServer,Transaction tx185669 completed in 1537ms,E104,Transaction {tx} completed in {time}ms
55719,2026-01-14,00:54:39,INFO,OrderProcessor,User u2335 login successful,E101,User {user} login successful
55720,2026-01-14,00:52:23,INFO,AuthService,User u3210 login successful,E101,User {user} login successful
55721,2026-01-14,00:41:42,INFO,WebServer,User u4297 login successful,E101,User {user} login successful
55722,2026-01-14,00:25:29,INFO,WebServer,User u1269 login successful,E101,User {user} login successful
55723,2026-01-14,00:31:23,INFO,PaymentGateway,Page view: /home by u2513,E103,Page view: {page} by {user}
55724,2026-01-14,00:10:49,INFO,WebServer,User u3729 login successful,E101,User {user} login successful
55725,2026-01-14,00:13:40,INFO,WebServer,User u3367 login successful,E101,User {user} login successful
55726,2026-01-14,00:18:18,INFO,WebServer,User u3811 login successful,E101,User {user} login successful
55727,2026-01-14,00:19:00,INFO,PaymentGateway,Health check passed: PaymentGateway,E102,Health check passed: {service}
55728,2026-01-14,00:46:19,INFO,WebServer,Page view: /home by u1245,E103,Page view: {page} by {user}
55729,2026-01-14,00:50:13,INFO,WebServer,Health check passed: WebServer,E102,Health check passed: {service}
55730,2026-01-14,00:09:48,INFO,WebServer,Page view: /home by u3198,E103,Page view: {page} by {user}
55731,2026-01-14,00:02:13,INFO,WebServer,User u3238 login successful,E101,User {user} login successful
55732,2026-01-14,00:53:09,INFO,WebServer,User u3781 login successful,E101,User {user} login successful
55733,2026-01-14,00:13:48,INFO,OrderProcessor,Transaction tx453927 completed in 963ms,E104,Transaction {tx} completed in {time}ms
55734,2026-01-14,00:19:16,INFO,AuthService,Transaction tx627269 completed in 449ms,E104,Transaction {tx} completed in {time}ms
55735,2026-01-14,00:59:31,WARN,WebServer,Disk usage > 85% on node node-3,E202,Disk usage > 85% on node {node}
55736,2026-01-14,00:07:18,INFO,AuthService,Page view: /home by u1366,E103,Page view: {page} by {user}
55737,2026-01-14,00:30:58,INFO,AuthService,Health check passed: AuthService,E102,Health check passed: {service}
55738,2026-01-14,00:31:33,INFO,OrderProcessor,User u4484 login successful,E101,User {user} login successful
55739,2026-01-14,00:21:43,INFO,AuthService,Transaction tx357072 completed in 1247ms,E104,Transaction {tx} completed in {time}ms
55740,2026-01-14,01:34:19,INFO,WebServer,User u3381 login successful,E101,User {user} login successful
55741,2026-01-14,01:10:32,INFO,WebServer,Page view: /home by u4480,E103,Page view: {page} by {user}
55742,2026-01-14,01:30:28,INFO,InventoryDB,User u3589 login successful,E101,User {user} login successful
55743,2026-01-14,01:23:29,WARN,AuthService,High latency (680ms) detected on AuthService,E201,High latency ({time}ms) detected on {service}
55744,2026-01-14,01:04:13,INFO,OrderProcessor,Transaction tx519543 completed in 609ms,E104,Transaction {tx} completed in {time}ms
55745,2026-01-14,01:43:20,INFO,WebServer,Page view: /home by u4712,E103,Page view: {page} by {user}
55746,2026-01-14,01:16:18,INFO,OrderProcessor,Health check passed: OrderProcessor,E102,Health check passed: {service}
55747,2026-01-14,01:59:26,INFO,WebServer,Transaction tx334867 completed in 1738ms,E104,Transaction {tx} completed in {time}ms
55748,2026-01-14,01:56:09,INFO,WebServer,Transaction tx405742 completed in 363ms,E104,Transaction {tx} completed in {time}ms
55749,2026-01-14,01:41:14,INFO,WebServer,User u4002 login successful,E101,User {user} login successful
55750,2026-01-14,01:45:02,INFO,WebServer,User u3210 login successful,E101,User {user} login successful
55751,2026-01-14,01:37:58,INFO,WebServer,User u1595 login successful,E101,User {user} login successful
55752,2026-01-14,01:53:15,INFO,InventoryDB,Transaction tx156263 completed in 1775ms,E104,Transaction {tx} completed in {time}ms
55753,2026-01-14,01:43:18,INFO,AuthService,User u3159 login successful,E101,User {user} login successful
55754,2026-01-14,01:09:42,INFO,WebServer,Health check passed: WebServer,E102,Health check passed: {service}
55755,2026-01-14,01:29:51,INFO,AuthService,User u2218 login successful,E101,User {user} login successful
55756,2026-01-14,01:15:03,INFO,WebServer,Page view: /home by u4576,E103,Page view: {page} by {user}
55757,2026-01-14,01:10:28,INFO,WebServer,User u3391 login successful,E101,User {user} login successful
55758,2026-01-14,01:23:52,INFO,InventoryDB,Page view: /home by u3095,E103,Page view: {page} by {user}
55759,2026-01-14,01:34:09,INFO,AuthService,Transaction tx412878 completed in 1845ms,E104,Transaction {tx} completed in {time}ms
55760,2026-01-14,01:36:33,WARN,WebServer,Disk usage > 85% on node node-4,E202,Disk usage > 85% on node {node}
55761,2026-01-14,01:09:16,INFO,WebServer,User u4953 login successful,E101,User {user} login successful
55762,2026-01-14,01:41:52,INFO,InventoryDB,Health check passed: InventoryDB,E102,Health check passed: {service}
55763,2026-01-14,01:33:42,INFO,WebServer,Transaction tx301593 completed in 1341ms,E104,Transaction {tx} completed in {time}ms
55764,2026-01-14,01:52:57,INFO,OrderProcessor,Transaction tx975681 completed in 412ms,E104,Transaction {tx} completed in {time}ms
55765,2026-01-14,01:02:16,INFO,WebServer,Page view: /home by u2288,E103,Page view: {page} by {user}
55766,2026-01-14,01:05:23,INFO,InventoryDB,Page view: /home by u1451,E103,Page view: {page} by {user}
55767,2026-01-14,01:13:07,INFO,PaymentGateway,Health check passed: PaymentGateway,E102,Health check passed: {service}
55768,2026-01-14,01:02:41,WARN,PaymentGateway,High latency (348ms) detected on PaymentGateway,E201,High latency ({time}ms) detected on {service}
55769,2026-01-14,01:58:44,INFO,AuthService,Health check passed: AuthService,E102,Health check passed: {service}
55770,2026-01-14,01:57:54,INFO,PaymentGateway,Transaction tx589329 completed in 557ms,E104,Transaction {tx} completed in {time}ms
55771,2026-01-14,01:08:01,INFO,WebServer,Transaction tx780339 completed in 35ms,E104,Transaction {tx} completed in {time}ms
55772,2026-01-14,01:17:59,INFO,AuthService,Transaction tx463681 completed in 700ms,E104,Transaction {tx} completed in {time}ms
55773,2026-01-14,01:30:38,INFO,OrderProcessor,Health check passed: OrderProcessor,E102,Health check passed: {service}
55774,2026-01-14,01:52:11,WARN,WebServer,High latency (1365ms) detected on WebServer,E201,High latency ({time}ms) detected on {service}
55775,2026-01-14,01:55:04,INFO,AuthService,Health check passed: AuthService,E102,Health check passed: {service}
55776,2026-01-14,01:28:13,WARN,WebServer,Disk usage > 85% on node node-1,E202,Disk usage > 85% on node {node}
55777,2026-01-14,01:56:23,INFO,WebServer,Transaction tx240816 completed in 1010ms,E104,Transaction {tx} completed in {time}ms
55778,2026-01-14,01:35:55,INFO,WebServer,Page view: /home by u2629,E103,Page view: {page} by {user}
55779,2026-01-14,01:34:54,INFO,AuthService,Health check passed: AuthService,E102,Health check passed: {service}
55780,2026-01-14,01:10:36,INFO,WebServer,Transaction tx657509 completed in 1076ms,E104,Transaction {tx} completed in {time}ms
55781,2026-01-14,01:04:54,INFO,WebServer,User u3653 login successful,E101,User {user} login successful
55782,2026-01-14,01:44:47,INFO,AuthService,User u1560 login successful,E101,User {user} login successful
55783,2026-01-14,01:05:57,INFO,WebServer,Page view: /home by u4595,E103,Page view: {page} by {user}
55784,2026-01-14,01:26:37,INFO,AuthService,User u2989 login successful,E101,User {user} login successful
55785,2026-01-14,01:57:08,INFO,PaymentGateway,User u2952 login successful,E101,User {user} login successful
55786,2026-01-14,01:52:26,INFO,OrderProcessor,Page view: /home by u1247,E103,Page view: {page} by {user}
55787,2026-01-14,01:00:08,INFO,WebServer,Page view: /home by u1217,E103,Page view: {page} by {user}
55788,2026-01-14,01:13:33,INFO,AuthService,Health check passed: AuthService,E102,Health check passed: {service}
55789,2026-01-14,01:06:23,INFO,PaymentGateway,User u2473 login successful,E101,User {user} login successful
55790,2026-01-14,01:58:47,INFO,WebServer,Transaction tx368394 completed in 1435ms,E104,Transaction {tx} completed in {time}ms
55791,2026-01-14,01:09:48,INFO,AuthService,User u1945 login successful,E101,User {user} login successful
55792,2026-01-14,01:45:59,INFO,OrderProcessor,User u1870 login successful,E101,User {user} login successful
55793,2026-01-14,01:47:17,INFO,PaymentGateway,Transaction tx179220 completed in 236ms,E104,Transaction {tx} completed in {time}ms
55794,2026-01-14,01:03:49,INFO,AuthService,Health check passed: AuthService,E102,Health check passed: {service}
55795,2026-01-14,01:26:47,INFO,WebServer,Page view: /home by u3510,E103,Page view: {page} by {user}
55796,2026-01-14,01:13:54,INFO,AuthService,Health check passed: AuthService,E102,Health check passed: {service}
55797,2026-01-14,01:44:24,INFO,PaymentGateway,User u1825 login successful,E101,User {user} login successful
55798,2026-01-14,01:17:52,INFO,PaymentGateway,Transaction tx979314 completed in 1485ms,E104,Transaction {tx} completed in {time}ms
55799,2026-01-14,02:48:46,INFO,AuthService,Page view: /home by u3805,E103,Page view: {page} by {user}
55800,2026-01-14,02:34:59,INFO,AuthService,Page view: /home by u2068,E103,Page view: {page} by {user}
55801,2026-01-14,02:58:48,INFO,AuthService,Page view: /home by u1926,E103,Page view: {page} by {user}
55802,2026-01-14,02:00:37,INFO,WebServer,Page view: /home by u1346,E103,Page view: {page} by {user}
55803,2026-01-14,02:57:25,INFO,WebServer,Health check passed: WebServer,E102,Health check passed: {service}
55804,2026-01-14,02:10:15,INFO,WebServer,Transaction tx558042 completed in 1478ms,E104,Transaction {tx} completed in {time}ms
55805,2026-01-14,02:44:23,INFO,AuthService,Page view: /home by u4753,E103,Page view: {page} by {user}
55806,2026-01-14,02:41:50,INFO,WebServer,Page view: /home by u1660,E103,Page view: {page} by {user}
55807,2026-01-14,02:52:31,INFO,WebServer,Transaction tx899428 completed in 120ms,E104,Transaction {tx} completed in {time}ms
55808,2026-01-14,02:23:59,INFO,InventoryDB,Health check passed: InventoryDB,E102,Health check passed: {service}
55809,2026-01-14,02:58:08,INFO,WebServer,Health check passed: WebServer,E102,Health check passed: {service}
55810,2026-01-14,02:18:44,INFO,WebServer,Page view: /home by u3769,E103,Page view: {page} by {user}
55811,2026-01-14,02:26:17,INFO,AuthService,User u1950 login successful,E101,User {user} login successful
55812,2026-01-14,02:40:30,INFO,AuthService,User u1867 login successful,E101,User {user} login successful
55813,2026-01-14,02:55:37,INFO,OrderProcessor,Health check passed: OrderProcessor,E102,Health check passed: {service}
55814,2026-01-14,02:29:04,INFO,PaymentGateway,Transaction tx916903 completed in 1245ms,E104,Transaction {tx} completed in {time}ms
55815,2026-01-14,02:28:03,INFO,WebServer,Page view: /home by u2752,E103,Page view: {page} by {user}
55816,2026-01-14,02:11:22,INFO,WebServer,Transaction tx777719 completed in 623ms,E104,Transaction {tx} completed in {time}ms
55817,2026-01-14,02:47:58,INFO,WebServer,Page view: /home by u2487,E103,Page view: {page} by {user}
55818,2026-01-14,02:04:44,INFO,OrderProcessor,User u3252 login successful,E101,User {user} login successful
55819,2026-01-14,02:28:55,INFO,WebServer,Health check passed: WebServer,E102,Health check passed: {service}
55820,2026-01-14,02:14:35,INFO,PaymentGateway,Page view: /home by u1286,E103,Page view: {page} by {user}
55821,2026-01-14,02:40:30,INFO,PaymentGateway,Health check passed: PaymentGateway,E102,Health check passed: {service}
55822,2026-01-14,02:01:35,INFO,WebServer,Health check passed: WebServer,E102,Health check passed: {service}
55823,2026-01-14,02:25:37,INFO,WebServer,Health check passed: WebServer,E102,Health check passed: {service}
55824,2026-01-14,02:21:24,INFO,AuthService,User u2413 login successful,E101,User {user} login successful
55825,2026-01-14,02:28:48,INFO,WebServer,Page view: /home by u2844,E103,Page view: {page} by {user}
55826,2026-01-14,02:29:09,INFO,WebServer,Page view: /home by u1354,E103,Page view: {page} by {user}
55827,2026-01-14,02:32:31,INFO,AuthService,Transaction tx212172 completed in 193ms,E104,Transaction {tx} completed in {time}ms
55828,2026-01-14,02:17:27,INFO,AuthService,Transaction tx981392 completed in 223ms,E104,Transaction {tx} completed in {time}ms
55829,2026-01-14,02:04:03,INFO,WebServer,User u4157 login successful,E101,User {user} login successful
55830,2026-01-14,02:01:54,INFO,OrderProcessor,User u3035 login successful,E101,User {user} login successful
55831,2026-01-14,02:10:04,INFO,AuthService,Page view: /home by u3498,E103,Page view: {page} by {user}
55832,2026-01-14,02:14:49,INFO,PaymentGateway,User u4889 login successful,E101,User {user} login successful
55833,2026-01-14,02:41:20,INFO,OrderProcessor,Page view: /home by u1877,E103,Page view: {page} by {user}
55834,2026-01-14,02:00:38,INFO,AuthService,Transaction tx667594 completed in 320ms,E104,Transaction {tx} completed in {time}ms
55835,2026-01-14,02:59:33,INFO,WebServer,Page view: /home by u1033,E103,Page view: {page} by {user}
55836,2026-01-14,02:01:05,INFO,AuthService,Page view: /home by u1611,E103,Page view: {page} by {user}
55837,2026-01-14,02:00:36,INFO,WebServer,Health check passed: WebServer,E102,Health check passed: {service}
55838,2026-01-14,02:00:57,INFO,OrderProcessor,User u1865 login successful,E101,User {user} login successful
55839,2026-01-14,02:29:19,INFO,OrderProcessor,Page view: /home by u1349,E103,Page view: {page} by {user}
55840,2026-01-14,02:09:03,INFO,AuthService,User u3784 login successful,E101,User {user} login successful
55841,2026-01-14,02:20:40,INFO,WebServer,User u4454 login successful,E101,User {user} login successful
55842,2026-01-14,02:12:41,INFO,OrderProcessor,Health check passed: OrderProcessor,E102,Health check passed: {service}
55843,2026-01-14,02:27:51,INFO,OrderProcessor,User u4270 login successful,E101,User {user} login successful
55844,2026-01-14,02:17:12,INFO,WebServer,Transaction tx764052 completed in 1615ms,E104,Transaction {tx} completed in {time}ms
55845,2026-01-14,02:01:34,INFO,AuthService,Health check passed: AuthService,E102,Health check passed: {service}
55846,2026-01-14,02:41:33,INFO,WebServer,User u4621 login successful,E101,User {user} login successful
55847,2026-01-14,02:54:19,INFO,WebServer,Transaction tx364519 completed in 1205ms,E104,Transaction {tx} completed in {time}ms
55848,2026-01-14,02:48:00,INFO,WebServer,Health check passed: WebServer,E102,Health check passed: {service}
55849,2026-01-14,02:12:50,INFO,OrderProcessor,User u4755 login successful,E101,User {user} login successful
55850,2026-01-14,02:06:20,INFO,InventoryDB,User u2012 login successful,E101,User {user} login successful
55851,2026-01-14,02:38:08,INFO,WebServer,Health check passed: WebServer,E102,Health check passed: {service}
55852,2026-01-14,02:22:12,INFO,OrderProcessor,Page view: /home by u2333,E103,Page view: {page} by {user}
55853,2026-01-14,02:53:30,INFO,WebServer,Page view: /home by u2221,E103,Page view: {page} by {user}
55854,2026-01-14,02:52:49,INFO,PaymentGateway,User u2988 login successful,E101,User {user} login successful
55855,2026-01-14,02:43:44,INFO,AuthService,Page view: /home by u2295,E103,Page view: {page} by {user}
55856,2026-01-14,02:14:25,INFO,WebServer,Health check passed: WebServer,E102,Health check passed: {service}
55857,2026-01-14,02:45:16,INFO,AuthService,Health check passed: AuthService,E102,Health check passed: {service}
55858,2026-01-14,03:04:21,INFO,InventoryDB,Health check passed: InventoryDB,E102,Health check passed: {service}
55859,2026-01-14,03:44:45,WARN,PaymentGateway,High latency (1965ms) detected on PaymentGateway,E201,High latency ({time}ms) detected on {service}
55860,2026-01-14,03:52:23,INFO,WebServer,Health check passed: WebServer,E102,Health check passed: {service}
55861,2026-01-14,03:51:53,INFO,WebServer,Page view: /home by u1173,E103,Page view: {page} by {user}
55862,2026-01-14,03:45:48,INFO,WebServer,Page view: /home by u2443,E103,Page view: {page} by {user}
55863,2026-01-14,03:36:37,WARN,OrderProcessor,Unauthorized access attempt from 10.0.0.12,E401,Unauthorized access attempt from {ip}
55864,2026-01-14,03:48:56,INFO,WebServer,Transaction tx122148 completed in 1238ms,E104,Transaction {tx} completed in {time}ms
55865,2026-01-14,03:28:15,INFO,WebServer,Page view: /home by u1101,E103,Page view: {page} by {user}
55866,2026-01-14,03:48:15,INFO,PaymentGateway,Health check passed: PaymentGateway,E102,Health check passed: {service}
55867,2026-01-14,03:01:19,INFO,WebServer,Health check passed: WebServer,E102,Health check passed: {service}
55868,2026-01-14,03:30:15,INFO,PaymentGateway,Page view: /home by u3164,E103,Page view: {page} by {user}
55869,2026-01-14,03:17:02,INFO,WebServer,User u4687 login successful,E101,User {user} login successful
55870,2026-01-14,03:56:19,INFO,WebServer,Transaction tx626805 completed in 1444ms,E104,Transaction {tx} completed in {time}ms
55871,2026-01-14,03:20:11,INFO,WebServer,Transaction tx667209 completed in 1764ms,E104,Transaction {tx} completed in {time}ms
55872,2026-01-14,03:09:44,INFO,OrderProcessor,User u1989 login successful,E101,User {user} login successful
55873,2026-01-14,03:17:05,INFO,AuthService,Page view: /home by u2595,E103,Page view: {page} by {user}
55874,2026-01-14,03:30:01,INFO,OrderProcessor,User u3191 login successful,E101,User {user} login successful
55875,2026-01-14,03:50:11,INFO,WebServer,User u1625 login successful,E101,User {user} login successful
55876,2026-01-14,03:29:15,INFO,WebServer,Page view: /home by u2942,E103,Page view: {page} by {user}
55877,2026-01-14,03:06:57,INFO,PaymentGateway,User u4503 login successful,E101,User {user} login successful
55878,2026-01-14,03:14:49,WARN,PaymentGateway,Unauthorized access attempt from 10.0.0.45,E401,Unauthorized access attempt from {ip}
55879,2026-01-14,03:27:15,INFO,InventoryDB,Health check passed: InventoryDB,E102,Health check passed: {service}
55880,2026-01-14,03:51:20,INFO,WebServer,Health check passed: WebServer,E102,Health check passed: {service}
55881,2026-01-14,03:34:12,INFO,OrderProcessor,Page view: /home by u4992,E103,Page view: {page} by {user}
55882,2026-01-14,03:20:38,INFO,PaymentGateway,Health check passed: PaymentGateway,E102,Health check passed: {service}
55883,2026-01-14,03:33:08,INFO,WebServer,Transaction tx435325 completed in 447ms,E104,Transaction {tx} completed in {time}ms
55884,2026-01-14,03:16:11,INFO,WebServer,Transaction tx563803 completed in 109ms,E104,Transaction {tx} completed in {time}ms
55885,2026-01-14,03:56:48,INFO,OrderProcessor,User u1057 login successful,E101,User {user} login successful
55886,2026-01-14,03:11:28,INFO,OrderProcessor,Health check passed: OrderProcessor,E102,Health check passed: {service}
55887,2026-01-14,03:58:30,INFO,WebServer,Page view: /home by u2602,E103,Page view: {page} by {user}
55888,2026-01-14,03:00:43,INFO,OrderProcessor,Health check passed: OrderProcessor,E102,Health check passed: {service}
55889,2026-01-14,03:12:30,INFO,AuthService,Health check passed: AuthService,E102,Health check passed: {service}
55890,2026-01-14,03:45:30,INFO,AuthService,Health check passed: AuthService,E102,Health check passed: {service}
55891,2026-01-14,03:55:46,INFO,WebServer,Health check passed: WebServer,E102,Health check passed: {service}
55892,2026-01-14,03:13:18,INFO,AuthService,User u1876 login successful,E101,User {user} login successful
55893,2026-01-14,03:39:18,INFO,OrderProcessor,Transaction tx687339 completed in 1625ms,E104,Transaction {tx} completed in {time}ms
55894,2026-01-14,03:35:16,INFO,WebServer,Page view: /home by u1144,E103,Page view: {page} by {user}
55895,2026-01-14,03:07:19,INFO,AuthService,Health check passed: AuthService,E102,Health check passed: {service}
55896,2026-01-14,03:54:47,INFO,WebServer,User u1283 login successful,E101,User {user} login successful
55897,2026-01-14,03:30:54,INFO,WebServer,Transaction tx385958 completed in 1894ms,E104,Transaction {tx} completed in {time}ms
55898,2026-01-14,03:08:23,INFO,OrderProcessor,Transaction tx284799 completed in 1396ms,E104,Transaction {tx} completed in {time}ms
55899,2026-01-14,03:36:56,INFO,WebServer,Health check passed: WebServer,E102,Health check passed: {service}
55900,2026-01-14,03:23:33,INFO,WebServer,User u4806 login successful,E101,User {user} login successful
55901,2026-01-14,03:17:13,INFO,WebServer,Health check passed: WebServer,E102,Health check passed: {service}
55902,2026-01-14,03:35:47,INFO,AuthService,User u3705 login successful,E101,User {user} login successful
55903,2026-01-14,03:50:43,INFO,PaymentGateway,Health check passed: PaymentGateway,E102,Health check passed: {service}
55904,2026-01-14,03:50:58,INFO,WebServer,User u3636 login successful,E101,User {user} login successful
55905,2026-01-14,03:03:59,INFO,WebServer,User u3708 login successful,E101,User {user} login successful
55906,2026-01-14,03:48:28,INFO,WebServer,User u4092 login successful,E101,User {user} login successful
55907,2026-01-14,03:01:07,INFO,AuthService,User u2481 login successful,E101,User {user} login successful
55908,2026-01-14,03:37:47,INFO,OrderProcessor,User u2074 login successful,E101,User {user} login successful
55909,2026-01-14,03:48:32,INFO,AuthService,User u1653 login successful,E101,User {user} login successful
55910,2026-01-14,03:17:35,INFO,WebServer,Health check passed: WebServer,E102,Health check passed: {service}
55911,2026-01-14,03:07:56,INFO,OrderProcessor,Health check passed: OrderProcessor,E102,Health check passed: {service}
55912,2026-01-14,03:36:31,INFO,WebServer,Health check passed: WebServer,E102,Health check passed: {service}
55913,2026-01-14,03:05:52,INFO,WebServer,User u3530 login successful,E101,User {user} login successful
55914,2026-01-14,03:30:51,INFO,WebServer,User u3676 login successful,E101,User {user} login successful
55915,2026-01-14,03:40:22,INFO,WebServer,Page view: /home by u4251,E103,Page view: {page} by {user}
55916,2026-01-14,03:01:06,INFO,WebServer,User u4114 login successful,E101,User {user} login successful
55917,2026-01-14,04:30:20,INFO,PaymentGateway,User u4550 login successful,E101,User {user} login successful
55918,2026-01-14,04:40:19,INFO,OrderProcessor,Health check passed: OrderProcessor,E102,Health check passed: {service}
55919,2026-01-14,04:11:01,INFO,WebServer,User u4293 login successful,E101,User {user} login successful
55920,2026-01-14,04:33:07,INFO,OrderProcessor,Page view: /home by u1423,E103,Page view: {page} by {user}
55921,2026-01-14,04:40:32,INFO,WebServer,User u3123 login successful,E101,User {user} login successful
55922,2026-01-14,04:54:40,INFO,WebServer,User u2309 login successful,E101,User {user} login successful
55923,2026-01-14,04:50:58,INFO,AuthService,Page view: /home by u4706,E103,Page view: {page} by {user}
55924,2026-01-14,04:19:50,WARN,InventoryDB,Unauthorized access attempt from 10.0.0.45,E401,Unauthorized access attempt from {ip}
55925,2026-01-14,04:15:53,INFO,WebServer,Transaction tx485469 completed in 1603ms,E104,Transaction {tx} completed in {time}ms
55926,2026-01-14,04:55:04,INFO,OrderProcessor,Health check passed: OrderProcessor,E102,Health check passed: {service}
55927,2026-01-14,04:38:29,INFO,WebServer,User u3364 login successful,E101,User {user} login successful
55928,2026-01-14,04:27:06,INFO,OrderProcessor,Transaction tx319439 completed in 900ms,E104,Transaction {tx} completed in {time}ms
55929,2026-01-14,04:42:02,INFO,WebServer,Page view: /home by u2819,E103,Page view: {page} by {user}
55930,2026-01-14,04:16:41,INFO,WebServer,Transaction tx200505 completed in 429ms,E104,Transaction {tx} completed in {time}ms
55931,2026-01-14,04:23:12,WARN,PaymentGateway,High latency (47ms) detected on PaymentGateway,E201,High latency ({time}ms) detected on {service}
55932,2026-01-14,04:36:01,INFO,PaymentGateway,Page view: /home by u3417,E103,Page view: {page} by {user}
55933,2026-01-14,04:01:07,INFO,WebServer,Health check passed: WebServer,E102,Health check passed: {service}
55934,2026-01-14,04:35:54,INFO,WebServer,Page view: /home by u2859,E103,Page view: {page} by {user}
55935,2026-01-14,04:49:02,INFO,PaymentGateway,Page view: /home by u1519,E103,Page view: {page} by {user}
55936,2026-01-14,04:29:03,ERROR,PaymentGateway,Payment declined: Gateway unavailable,E503,Payment declined: Gateway unavailable
55937,2026-01-14,04:26:19,INFO,WebServer,Health check passed: WebServer,E102,Health check passed: {service}
55938,2026-01-14,04:18:40,INFO,WebServer,Transaction tx276143 completed in 1290ms,E104,Transaction {tx} completed in {time}ms
55939,2026-01-14,04:58:38,INFO,OrderProcessor,Page view: /home by u4819,E103,Page view: {page} by {user}
55940,2026-01-14,04:09:57,INFO,WebServer,Transaction tx335659 completed in 1709ms,E104,Transaction {tx} completed in {time}ms
55941,2026-01-14,04:18:56,WARN,WebServer,Disk usage > 85% on node node-4,E202,Disk usage > 85% on node {node}
55942,2026-01-14,04:55:50,INFO,WebServer,Page view: /home by u1414,E103,Page view: {page} by {user}
55943,2026-01-14,04:43:56,INFO,WebServer,Transaction tx342207 completed in 1013ms,E104,Transaction {tx} completed in {time}ms
55944,2026-01-14,04:25:34,INFO,PaymentGateway,Transaction tx362499 completed in 1318ms,E104,Transaction {tx} completed in {time}ms
55945,2026-01-14,04:49:35,INFO,PaymentGateway,Page view: /home by u4526,E103,Page view: {page} by {user}
55946,2026-01-14,04:59:29,INFO,InventoryDB,Transaction tx409921 completed in 1837ms,E104,Transaction {tx} completed in {time}ms
55947,2026-01-14,04:45:37,INFO,AuthService,User u2555 login successful,E101,User {user} login successful
55948,2026-01-14,04:35:18,INFO,PaymentGateway,User u1341 login successful,E101,User {user} login successful
55949,2026-01-14,04:54:27,INFO,WebServer,Transaction tx625618 completed in 1206ms,E104,Transaction {tx} completed in {time}ms
55950,2026-01-14,04:42:40,INFO,WebServer,User u1487 login successful,E101,User {user} login successful
55951,2026-01-14,04:15:33,INFO,PaymentGateway,Transaction tx386962 completed in 1945ms,E104,Transaction {tx} completed in {time}ms
55952,2026-01-14,04:30:47,INFO,PaymentGateway,Health check passed: PaymentGateway,E102,Health check passed: {service}
55953,2026-01-14,04:04:08,INFO,OrderProcessor,Page view: /home by u4137,E103,Page view: {page} by {user}
55954,2026-01-14,04:34:30,INFO,WebServer,User u3596 login successful,E101,User {user} login successful
55955,2026-01-14,04:56:17,INFO,OrderProcessor,Transaction tx633346 completed in 1241ms,E104,Transaction {tx} completed in {time}ms
55956,2026-01-14,04:32:14,INFO,WebServer,Transaction tx411423 completed in 58ms,E104,Transaction {tx} completed in {time}ms
55957,2026-01-14,04:32:00,INFO,WebServer,User u3330 login successful,E101,User {user} login successful
55958,2026-01-14,04:02:56,INFO,PaymentGateway,Page view: /home by u4450,E103,Page view: {page} by {user}
55959,2026-01-14,04:09:36,INFO,WebServer,Transaction tx933346 completed in 176ms,E104,Transaction {tx} completed in {time}ms
55960,2026-01-14,04:31:54,INFO,WebServer,Page view: /home by u1100,E103,Page view: {page} by {user}
55961,2026-01-14,04:02:42,INFO,WebServer,User u4976 login successful,E101,User {user} login successful
55962,2026-01-14,04:16:13,INFO,WebServer,User u3535 login successful,E101,User {user} login successful
55963,2026-01-14,04:08:06,INFO,AuthService,User u2370 login successful,E101,User {user} login successful
55964,2026-01-14,04:19:48,INFO,WebServer,Page view: /home by u2297,E103,Page view: {page} by {user}
55965,2026-01-14,04:03:38,INFO,OrderProcessor,User u3880 login successful,E101,User {user} login successful
55966,2026-01-14,04:12:54,INFO,AuthService,Transaction tx665689 completed in 490ms,E104,Transaction {tx} completed in {time}ms
55967,2026-01-14,04:50:57,INFO,OrderProcessor,User u4485 login successful,E101,User {user} login successful
55968,2026-01-14,04:55:16,INFO,AuthService,Transaction tx893861 completed in 149ms,E104,Transaction {tx} completed in {time}ms
55969,2026-01-14,04:39:42,INFO,WebServer,Transaction tx106018 completed in 1914ms,E104,Transaction {tx} completed in {time}ms
55970,2026-01-14,04:05:44,INFO,AuthService,Page view: /home by u2809,E103,Page view: {page} by {user}
55971,2026-01-14,04:08:07,INFO,OrderProcessor,User u4389 login successful,E101,User {user} login successful
55972,2026-01-14,04:41:22,INFO,AuthService,Health check passed: AuthService,E102,Health check passed: {service}
55973,2026-01-14,04:21:19,INFO,PaymentGateway,Health check passed: PaymentGateway,E102,Health check passed: {service}
55974,2026-01-14,04:29:11,INFO,OrderProcessor,Transaction tx969813 completed in 847ms,E104,Transaction {tx} completed in {time}ms
55975,2026-01-14,04:59:45,INFO,WebServer,Health check passed: WebServer,E102,Health check passed: {service}
55976,2026-01-14,05:31:22,INFO,WebServer,Page view: /home by u4908,E103,Page view: {page} by {user}
55977,2026-01-14,05:09:13,INFO,PaymentGateway,Health check passed: PaymentGateway,E102,Health check passed: {service}
55978,2026-01-14,05:15:44,INFO,WebServer,Health check passed: WebServer,E102,Health check passed: {service}
55979,2026-01-14,05:32:31,INFO,WebServer,Health check passed: WebServer,E102,Health check passed: {service}
55980,2026-01-14,05:51:00,INFO,AuthService,Page view: /home by u3942,E103,Page view: {page} by {user}
55981,2026-01-14,05:51:32,WARN,InventoryDB,High latency (1472ms) detected on InventoryDB,E201,High latency ({time}ms) detected on {service}
55982,2026-01-14,05:16:05,INFO,AuthService,User u1257 login successful,E101,User {user} login successful
55983,2026-01-14,05:58:12,INFO,OrderProcessor,Transaction tx159906 completed in 1159ms,E104,Transaction {tx} completed in {time}ms
55984,2026-01-14,05:53:58,INFO,WebServer,Page view: /home by u1969,E103,Page view: {page} by {user}
55985,2026-01-14,05:25:17,INFO,WebServer,Health check passed: WebServer,E102,Health check passed: {service}
55986,2026-01-14,05:10:08,INFO,WebServer,Transaction tx611522 completed in 317ms,E104,Transaction {tx} completed in {time}ms
55987,2026-01-14,05:56:38,INFO,WebServer,User u1118 login successful,E101,User {user} login successful
55988,2026-01-14,05:46:07,INFO,AuthService,Health check passed: AuthService,E102,Health check passed: {service}
55989,2026-01-14,05:05:17,INFO,OrderProcessor,Page view: /home by u1444,E103,Page view: {page} by {user}
55990,2026-01-14,05:37:44,INFO,PaymentGateway,User u3635 login successful,E101,User {user} login successful
55991,2026-01-14,05:04:04,INFO,OrderProcessor,Page view: /home by u4207,E103,Page view: {page} by {user}
55992,2026-01-14,05:18:20,INFO,WebServer,Transaction tx475350 completed in 694ms,E104,Transaction {tx} completed in {time}ms
55993,2026-01-14,05:20:28,INFO,WebServer,Page view: /home by u3022,E103,Page view: {page} by {user}
55994,2026-01-14,05:53:03,INFO,WebServer,Transaction tx539169 completed in 1261ms,E104,Transaction {tx} completed in {time}ms
55995,2026-01-14,05:33:18,INFO,WebServer,Health check passed: WebServer,E102,Health check passed: {service}
55996,2026-01-14,05:54:47,WARN,InventoryDB,High latency (447ms) detected on InventoryDB,E201,High latency ({time}ms) detected on {service}
55997,2026-01-14,05:55:46,INFO,WebServer,User u3510 login successful,E101,User {user} login successful
55998,2026-01-14,05:09:40,INFO,AuthService,User u1732 login successful,E101,User {user} login successful
55999,2026-01-14,05:27:54,INFO,AuthService,User u3368 login successful,E101,User {user} login successful
56000,2026-01-14,05:57:59,INFO,InventoryDB,Health check passed: InventoryDB,E102,Health check passed: {service}
56001,2026-01-14,05:14:06,INFO,WebServer,User u1199 login successful,E101,User {user} login successful
56002,2026-01-14,05:00:21,INFO,AuthService,Health check passed: AuthService,E102,Health check passed: {service}
56003,2026-01-14,05:20:47,INFO,WebServer,Transaction tx363687 completed in 1809ms,E104,Transaction {tx} completed in {time}ms
56004,2026-01-14,05:02:47,WARN,WebServer,Disk usage > 85% on node node-5,E202,Disk usage > 85% on node {node}
56005,2026-01-14,05:17:50,INFO,WebServer,Transaction tx443513 completed in 1940ms,E104,Transaction {tx} completed in {time}ms
56006,2026-01-14,05:19:23,WARN,PaymentGateway,High latency (1736ms) detected on PaymentGateway,E201,High latency ({time}ms) detected on {service}
56007,2026-01-14,05:20:20,INFO,AuthService,User u1586 login successful,E101,User {user} login successful
56008,2026-01-14,05:23:33,INFO,WebServer,Page view: /home by u4441,E103,Page view: {page} by {user}
56009,2026-01-14,05:51:21,INFO,WebServer,Transaction tx936823 completed in 430ms,E104,Transaction {tx} completed in {time}ms
56010,2026-01-14,05:47:56,INFO,AuthService,User u2066 login successful,E101,User {user} login successful
56011,2026-01-14,05:33:27,INFO,WebServer,Page view: /home by u2026,E103,Page view: {page} by {user}
56012,2026-01-14,05:58:16,INFO,InventoryDB,Transaction tx474758 completed in 1027ms,E104,Transaction {tx} completed in {time}ms
56013,2026-01-14,05:26:32,CRITICAL,AuthService,DATA CORRUPTION detected in sector 602,E602,DATA CORRUPTION detected in sector {sector}
56014,2026-01-14,05:41:56,INFO,OrderProcessor,User u3337 login successful,E101,User {user} login successful
56015,2026-01-14,05:08:31,INFO,WebServer,Transaction tx804118 completed in 458ms,E104,Transaction {tx} completed in {time}ms
56016,2026-01-14,05:29:45,ERROR,WebServer,Payment declined: Gateway unavailable,E503,Payment declined: Gateway unavailable
56017,2026-01-14,05:59:18,INFO,WebServer,Transaction tx621510 completed in 1856ms,E104,Transaction {tx} completed in {time}ms
56018,2026-01-14,05:13:30,INFO,AuthService,User u1380 login successful,E101,User {user} login successful
56019,2026-01-14,05:30:22,INFO,WebServer,User u1941 login successful,E101,User {user} login successful
56020,2026-01-14,05:08:04,INFO,AuthService,User u4468 login successful,E101,User {user} login successful
56021,2026-01-14,05:28:55,INFO,AuthService,Health check passed: AuthService,E102,Health check passed: {service}
56022,2026-01-14,05:23:20,INFO,AuthService,Page view: /home by u2027,E103,Page view: {page} by {user}
56023,2026-01-14,05:29:53,INFO,AuthService,Transaction tx719150 completed in 462ms,E104,Transaction {tx} completed in {time}ms
56024,2026-01-14,05:10:44,WARN,WebServer,Disk usage > 85% on node node-1,E202,Disk usage > 85% on node {node}
56025,2026-01-14,05:56:02,INFO,AuthService,Transaction tx856945 completed in 153ms,E104,Transaction {tx} completed in {time}ms
56026,2026-01-14,05:38:46,INFO,PaymentGateway,User u4637 login successful,E101,User {user} login successful
56027,2026-01-14,05:42:45,INFO,InventoryDB,Health check passed: InventoryDB,E102,Health check passed: {service}
56028,2026-01-14,05:59:41,INFO,WebServer,Transaction tx706361 completed in 997ms,E104,Transaction {tx} completed in {time}ms
56029,2026-01-14,05:44:59,INFO,OrderProcessor,User u3428 login successful,E101,User {user} login successful
56030,2026-01-14,05:29:43,INFO,WebServer,Page view: /home by u2677,E103,Page view: {page} by {user}
56031,2026-01-14,05:37:55,INFO,WebServer,User u1717 login successful,E101,User {user} login successful
56032,2026-01-14,05:50:00,INFO,WebServer,Health check passed: WebServer,E102,Health check passed: {service}
56033,2026-01-14,05:48:16,INFO,WebServer,Transaction tx822021 completed in 1467ms,E104,Transaction {tx} completed in {time}ms
56034,2026-01-14,05:55:02,INFO,PaymentGateway,User u1771 login successful,E101,User {user} login successful
56035,2026-01-14,06:21:12,INFO,WebServer,Health check passed: WebServer,E102,Health check passed: {service}
56036,2026-01-14,06:39:02,INFO,WebServer,Health check passed: WebServer,E102,Health check passed: {service}
56037,2026-01-14,06:20:43,INFO,InventoryDB,Page view: /home by u4846,E103,Page view: {page} by {user}
56038,2026-01-14,06:26:34,INFO,InventoryDB,Transaction tx392502 completed in 390ms,E104,Transaction {tx} completed in {time}ms
56039,2026-01-14,06:56:32,INFO,OrderProcessor,Transaction tx545486 completed in 1761ms,E104,Transaction {tx} completed in {time}ms
56040,2026-01-14,06:30:31,INFO,WebServer,User u1219 login successful,E101,User {user} login successful
56041,2026-01-14,06:23:53,INFO,WebServer,Page view: /home by u3709,E103,Page view: {page} by {user}
56042,2026-01-14,06:51:03,INFO,WebServer,Transaction tx450179 completed in 383ms,E104,Transaction {tx} completed in {time}ms
56043,2026-01-14,06:25:30,INFO,WebServer,Health check passed: WebServer,E102,Health check passed: {service}
56044,2026-01-14,06:59:22,INFO,OrderProcessor,Page view: /home by u4667,E103,Page view: {page} by {user}
56045,2026-01-14,06:26:44,INFO,WebServer,User u2699 login successful,E101,User {user} login successful
56046,2026-01-14,06:38:18,INFO,WebServer,Health check passed: WebServer,E102,Health check passed: {service}
56047,2026-01-14,06:57:04,INFO,OrderProcessor,Transaction tx433558 completed in 1017ms,E104,Transaction {tx} completed in {time}ms
56048,2026-01-14,06:45:01,INFO,WebServer,Page view: /home by u2097,E103,Page view: {page} by {user}
56049,2026-01-14,06:00:00,INFO,PaymentGateway,Transaction tx708300 completed in 1274ms,E104,Transaction {tx} completed in {time}ms
56050,2026-01-14,06:30:48,INFO,PaymentGateway,Health check passed: PaymentGateway,E102,Health check passed: {service}
56051,2026-01-14,06:17:04,INFO,WebServer,Page view: /home by u4048,E103,Page view: {page} by {user}
56052,2026-01-14,06:07:52,INFO,WebServer,Health check passed: WebServer,E102,Health check passed: {service}
56053,2026-01-14,06:53:44,INFO,WebServer,User u3213 login successful,E101,User {user} login successful
56054,2026-01-14,06:21:14,INFO,WebServer,Page view: /home by u2892,E103,Page view: {page} by {user}
56055,2026-01-14,06:51:47,INFO,AuthService,User u1573 login successful,E101,User {user} login successful
56056,2026-01-14,06:19:28,INFO,AuthService,Page view: /home by u1457,E103,Page view: {page} by {user}
56057,2026-01-14,06:28:10,INFO,OrderProcessor,Health check passed: OrderProcessor,E102,Health check passed: {service}
56058,2026-01-14,06:39:14,INFO,WebServer,User u3327 login successful,E101,User {user} login successful
56059,2026-01-14,06:26:34,INFO,WebServer,User u1057 login successful,E101,User {user} login successful
56060,2026-01-14,06:15:33,INFO,WebServer,Transaction tx969081 completed in 1029ms,E104,Transaction {tx} completed in {time}ms
56061,2026-01-14,06:44:44,INFO,WebServer,Transaction tx162917 completed in 709ms,E104,Transaction {tx} completed in {time}ms
56062,2026-01-14,06:46:32,INFO,WebServer,Transaction tx678959 completed in 1268ms,E104,Transaction {tx} completed in {time}ms
56063,2026-01-14,06:38:21,INFO,WebServer,Transaction tx173119 completed in 1927ms,E104,Transaction {tx} completed in {time}ms
56064,2026-01-14,06:02:43,INFO,WebServer,Page view: /home by u2362,E103,Page view: {page} by {user}
56065,2026-01-14,06:27:40,INFO,WebServer,Page view: /home by u1836,E103,Page view: {page} by {user}
56066,2026-01-14,06:49:46,INFO,AuthService,User u1512 login successful,E101,User {user} login successful
56067,2026-01-14,06:02:58,INFO,OrderProcessor,Health check passed: OrderProcessor,E102,Health check passed: {service}
56068,2026-01-14,06:37:20,INFO,WebServer,User u3199 login successful,E101,User {user} login successful
56069,2026-01-14,06:20:45,INFO,OrderProcessor,Health check passed: OrderProcessor,E102,Health check passed: {service}
56070,2026-01-14,06:02:42,INFO,WebServer,Transaction tx581076 completed in 1018ms,E104,Transaction {tx} completed in {time}ms
56071,2026-01-14,06:57:36,WARN,WebServer,Disk usage > 85% on node node-2,E202,Disk usage > 85% on node {node}
56072,2026-01-14,06:29:26,WARN,AuthService,High latency (1826ms) detected on AuthService,E201,High latency ({time}ms) detected on {service}
56073,2026-01-14,06:36:55,WARN,WebServer,High latency (1908ms) detected on WebServer,E201,High latency ({time}ms) detected on {service}
56074,2026-01-14,06:30:45,INFO,WebServer,User u4843 login successful,E101,User {user} login successful
56075,2026-01-14,06:00:20,INFO,WebServer,Transaction tx968085 completed in 867ms,E104,Transaction {tx} completed in {time}ms
56076,2026-01-14,06:33:28,INFO,AuthService,User u2720 login successful,E101,User {user} login successful
56077,2026-01-14,06:52:25,INFO,WebServer,User u2768 login successful,E101,User {user} login successful
56078,2026-01-14,06:40:39,INFO,OrderProcessor,User u2719 login successful,E101,User {user} login successful
56079,2026-01-14,06:23:24,INFO,PaymentGateway,Page view: /home by u1780,E103,Page view: {page} by {user}
56080,2026-01-14,06:19:19,INFO,AuthService,Transaction tx827273 completed in 722ms,E104,Transaction {tx} completed in {time}ms
56081,2026-01-14,06:36:42,INFO,WebServer,Page view: /home by u1418,E103,Page view: {page} by {user}
56082,2026-01-14,06:10:40,INFO,PaymentGateway,Transaction tx287004 completed in 480ms,E104,Transaction {tx} completed in {time}ms
56083,2026-01-14,06:16:04,INFO,AuthService,User u2302 login successful,E101,User {user} login successful
56084,2026-01-14,06:10:03,INFO,WebServer,Transaction tx233545 completed in 1062ms,E104,Transaction {tx} completed in {time}ms
56085,2026-01-14,06:11:45,INFO,WebServer,Health check passed: WebServer,E102,Health check passed: {service}
56086,2026-01-14,06:01:39,INFO,OrderProcessor,User u4528 login successful,E101,User {user} login successful
56087,2026-01-14,06:32:48,INFO,PaymentGateway,Transaction tx721380 completed in 609ms,E104,Transaction {tx} completed in {time}ms
56088,2026-01-14,06:53:08,INFO,OrderProcessor,Health check passed: OrderProcessor,E102,Health check passed: {service}
56089,2026-01-14,06:00:38,INFO,InventoryDB,Health check passed: InventoryDB,E102,Health check passed: {service}
56090,2026-01-14,06:43:24,INFO,WebServer,Health check passed: WebServer,E102,Health check passed: {service}
56091,2026-01-14,06:39:34,INFO,WebServer,Page view: /home by u2067,E103,Page view: {page} by {user}
56092,2026-01-14,06:19:41,CRITICAL,AuthService,DATA CORRUPTION detected in sector 209,E602,DATA CORRUPTION detected in sector {sector}
56093,2026-01-14,06:37:55,INFO,OrderProcessor,Health check passed: OrderProcessor,E102,Health check passed: {service}
56094,2026-01-14,06:57:37,ERROR,WebServer,Payment declined: Gateway unavailable,E503,Payment declined: Gateway unavailable
56095,2026-01-14,06:01:12,INFO,AuthService,Page view: /home by u3869,E103,Page view: {page} by {user}
56096,2026-01-14,06:42:03,INFO,PaymentGateway,Health check passed: PaymentGateway,E102,Health check passed: {service}
56097,2026-01-14,06:00:08,INFO,WebServer,User u1689 login successful,E101,User {user} login successful
56098,2026-01-14,06:29:15,INFO,AuthService,Page view: /home by u1956,E103,Page view: {page} by {user}
56099,2026-01-14,06:10:15,INFO,AuthService,Transaction tx830190 completed in 1246ms,E104,Transaction {tx} completed in {time}ms
56100,2026-01-14,06:55:39,INFO,WebServer,Transaction tx812987 completed in 1077ms,E104,Transaction {tx} completed in {time}ms
56101,2026-01-14,06:27:14,INFO,PaymentGateway,Transaction tx823792 completed in 1581ms,E104,Transaction {tx} completed in {time}ms
56102,2026-01-14,06:46:37,INFO,WebServer,User u3078 login successful,E101,User {user} login successful
56103,2026-01-14,06:34:59,INFO,AuthService,Page view: /home by u2052,E103,Page view: {page} by {user}
56104,2026-01-14,06:07:57,INFO,InventoryDB,Page view: /home by u3493,E103,Page view: {page} by {user}
56105,2026-01-14,06:15:59,INFO,WebServer,User u2976 login successful,E101,User {user} login successful
56106,2026-01-14,06:00:38,INFO,AuthService,Health check passed: AuthService,E102,Health check passed: {service}
56107,2026-01-14,06:23:23,WARN,InventoryDB,Disk usage > 85% on node node-4,E202,Disk usage > 85% on node {node}
56108,2026-01-14,06:53:39,INFO,WebServer,Page view: /home by u4204,E103,Page view: {page} by {user}
56109,2026-01-14,06:18:05,ERROR,PaymentGateway,Timeout waiting for lock on InventoryDB,E502,Timeout waiting for lock on {db}
56110,2026-01-14,06:35:52,INFO,WebServer,User u2787 login successful,E101,User {user} login successful
56111,2026-01-14,06:10:01,INFO,WebServer,Transaction tx446790 completed in 788ms,E104,Transaction {tx} completed in {time}ms
56112,2026-01-14,06:34:11,INFO,PaymentGateway,User u3756 login successful,E101,User {user} login successful
56113,2026-01-14,06:02:23,INFO,OrderProcessor,Page view: /home by u4364,E103,Page view: {page} by {user}
56114,2026-01-14,06:37:12,INFO,WebServer,Health check passed: WebServer,E102,Health check passed: {service}
56115,2026-01-14,06:31:35,INFO,AuthService,User u3535 login successful,E101,User {user} login successful
56116,2026-01-14,06:45:05,INFO,InventoryDB,Health check passed: InventoryDB,E102,Health check passed: {service}
56117,2026-01-14,06:06:23,INFO,WebServer,Health check passed: WebServer,E102,Health check passed: {service}
56118,2026-01-14,06:48:27,INFO,WebServer,User u2036 login successful,E101,User {user} login successful
56119,2026-01-14,06:41:54,INFO,WebServer,Page view: /home by u1260,E103,Page view: {page} by {user}
56120,2026-01-14,06:48:05,INFO,AuthService,Page view: /home by u3270,E103,Page view: {page} by {user}
56121,2026-01-14,06:31:38,INFO,WebServer,Page view: /home by u1667,E103,Page view: {page} by {user}
56122,2026-01-14,06:38:52,INFO,WebServer,Page view: /home by u1029,E103,Page view: {page} by {user}
56123,2026-01-14,06:25:37,INFO,AuthService,User u2707 login successful,E101,User {user} login successful
56124,2026-01-14,06:15:43,WARN,WebServer,High latency (287ms) detected on WebServer,E201,High latency ({time}ms) detected on {service}
56125,2026-01-14,06:55:49,INFO,WebServer,User u1432 login successful,E101,User {user} login successful
56126,2026-01-14,06:36:56,INFO,WebServer,Page view: /home by u3756,E103,Page view: {page} by {user}
56127,2026-01-14,06:54:50,INFO,WebServer,User u2352 login successful,E101,User {user} login successful
56128,2026-01-14,06:55:14,INFO,WebServer,Page view: /home by u4169,E103,Page view: {page} by {user}
56129,2026-01-14,06:49:10,INFO,WebServer,User u3248 login successful,E101,User {user} login successful
56130,2026-01-14,06:44:24,INFO,AuthService,User u3833 login successful,E101,User {user} login successful
56131,2026-01-14,06:34:32,INFO,AuthService,Health check passed: AuthService,E102,Health check passed: {service}
56132,2026-01-14,06:11:16,INFO,OrderProcessor,Page view: /home by u1621,E103,Page view: {page} by {user}
56133,2026-01-14,06:18:35,WARN,WebServer,High latency (571ms) detected on WebServer,E201,High latency ({time}ms) detected on {service}
56134,2026-01-14,06:43:34,INFO,WebServer,Transaction tx477997 completed in 1199ms,E104,Transaction {tx} completed in {time}ms
56135,2026-01-14,06:01:41,INFO,WebServer,Page view: /home by u1596,E103,Page view: {page} by {user}
56136,2026-01-14,06:50:39,INFO,WebServer,Transaction tx496870 completed in 1728ms,E104,Transaction {tx} completed in {time}ms
56137,2026-01-14,06:53:35,INFO,WebServer,User u1488 login successful,E101,User {user} login successful
56138,2026-01-14,06:47:19,INFO,AuthService,Transaction tx698011 completed in 1537ms,E104,Transaction {tx} completed in {time}ms
56139,2026-01-14,06:37:48,INFO,InventoryDB,Page view: /home by u2556,E103,Page view: {page} by {user}
56140,2026-01-14,06:10:47,INFO,OrderProcessor,Health check passed: OrderProcessor,E102,Health check passed: {service}
56141,2026-01-14,06:58:22,INFO,InventoryDB,Page view: /home by u1357,E103,Page view: {page} by {user}
56142,2026-01-14,06:53:40,INFO,InventoryDB,Page view: /home by u3823,E103,Page view: {page} by {user}
56143,2026-01-14,06:53:30,ERROR,PaymentGateway,Timeout waiting for lock on InventoryDB,E502,Timeout waiting for lock on {db}
56144,2026-01-14,06:40:34,INFO,WebServer,User u1250 login successful,E101,User {user} login successful
56145,2026-01-14,06:33:12,INFO,AuthService,Transaction tx342016 completed in 348ms,E104,Transaction {tx} completed in {time}ms
56146,2026-01-14,06:08:24,INFO,AuthService,Page view: /home by u2257,E103,Page view: {page} by {user}
56147,2026-01-14,06:00:14,INFO,PaymentGateway,Page view: /home by u4702,E103,Page view: {page} by {user}
56148,2026-01-14,06:14:43,INFO,AuthService,Page view: /home by u1032,E103,Page view: {page} by {user}
56149,2026-01-14,06:24:37,INFO,WebServer,Page view: /home by u3477,E103,Page view: {page} by {user}
56150,2026-01-14,06:47:20,INFO,PaymentGateway,Transaction tx265732 completed in 1564ms,E104,Transaction {tx} completed in {time}ms
56151,2026-01-14,06:10:51,INFO,PaymentGateway,Health check passed: PaymentGateway,E102,Health check passed: {service}
56152,2026-01-14,06:57:13,INFO,WebServer,Page view: /home by u2168,E103,Page view: {page} by {user}
56153,2026-01-14,06:01:28,INFO,OrderProcessor,Transaction tx527859 completed in 830ms,E104,Transaction {tx} completed in {time}ms
56154,2026-01-14,06:57:50,INFO,OrderProcessor,Transaction tx294205 completed in 231ms,E104,Transaction {tx} completed in {time}ms
56155,2026-01-14,06:30:33,INFO,AuthService,Health check passed: AuthService,E102,Health check passed: {service}
56156,2026-01-14,06:57:41,INFO,WebServer,Health check passed: WebServer,E102,Health check passed: {service}
56157,2026-01-14,06:21:03,INFO,WebServer,Health check passed: WebServer,E102,Health check passed: {service}
56158,2026-01-14,06:10:07,WARN,WebServer,High latency (1419ms) detected on WebServer,E201,High latency ({time}ms) detected on {service}
56159,2026-01-14,06:33:46,INFO,AuthService,Transaction tx475928 completed in 249ms,E104,Transaction {tx} completed in {time}ms
56160,2026-01-14,06:12:34,INFO,AuthService,Health check passed: AuthService,E102,Health check passed: {service}
56161,2026-01-14,06:47:31,INFO,PaymentGateway,Health check passed: PaymentGateway,E102,Health check passed: {service}
56162,2026-01-14,06:30:40,INFO,AuthService,User u1734 login successful,E101,User {user} login successful
56163,2026-01-14,06:00:01,INFO,WebServer,Page view: /home by u4596,E103,Page view: {page} by {user}
56164,2026-01-14,06:13:06,INFO,AuthService,Transaction tx912197 completed in 110ms,E104,Transaction {tx} completed in {time}ms
56165,2026-01-14,06:46:16,INFO,AuthService,Health check passed: AuthService,E102,Health check passed: {service}
56166,2026-01-14,06:31:22,ERROR,WebServer,Connection refused to WebServer at 192.168.1.5,E501,Connection refused to {service} at {ip}
56167,2026-01-14,06:00:40,INFO,WebServer,User u3694 login successful,E101,User {user} login successful
56168,2026-01-14,06:41:44,INFO,AuthService,Transaction tx928324 completed in 1674ms,E104,Transaction {tx} completed in {time}ms
56169,2026-01-14,06:43:59,INFO,WebServer,Page view: /home by u1424,E103,Page view: {page} by {user}
56170,2026-01-14,06:54:23,WARN,InventoryDB,Unauthorized access attempt from 10.0.0.45,E401,Unauthorized access attempt from {ip}
56171,2026-01-14,06:47:29,WARN,OrderProcessor,Disk usage > 85% on node node-2,E202,Disk usage > 85% on node {node}
56172,2026-01-14,06:28:29,INFO,WebServer,Page view: /home by u4599,E103,Page view: {page} by {user}
56173,2026-01-14,06:18:11,INFO,WebServer,Page view: /home by u3835,E103,Page view: {page} by {user}
56174,2026-01-14,06:35:00,INFO,AuthService,User u3459 login successful,E101,User {user} login successful
56175,2026-01-14,06:04:25,INFO,WebServer,Health check passed: WebServer,E102,Health check passed: {service}
56176,2026-01-14,06:44:01,INFO,OrderProcessor,Page view: /home by u3887,E103,Page view: {page} by {user}
56177,2026-01-14,06:45:02,INFO,PaymentGateway,Transaction tx783412 completed in 68ms,E104,Transaction {tx} completed in {time}ms
56178,2026-01-14,06:32:42,WARN,WebServer,Unauthorized access attempt from 10.0.0.88,E401,Unauthorized access attempt from {ip}
56179,2026-01-14,06:25:58,INFO,WebServer,User u2670 login successful,E101,User {user} login successful
56180,2026-01-14,06:55:17,INFO,OrderProcessor,Transaction tx188187 completed in 1601ms,E104,Transaction {tx} completed in {time}ms
56181,2026-01-14,06:25:03,INFO,PaymentGateway,Page view: /home by u1698,E103,Page view: {page} by {user}
56182,2026-01-14,06:52:28,INFO,OrderProcessor,Health check passed: OrderProcessor,E102,Health check passed: {service}
56183,2026-01-14,06:47:20,INFO,WebServer,Health check passed: WebServer,E102,Health check passed: {service}
56184,2026-01-14,06:16:30,INFO,OrderProcessor,Transaction tx557737 completed in 996ms,E104,Transaction {tx} completed in {time}ms
56185,2026-01-14,06:25:16,WARN,WebServer,Unauthorized access attempt from 10.0.0.45,E401,Unauthorized access attempt from {ip}
56186,2026-01-14,06:57:12,INFO,PaymentGateway,Page view: /home by u3293,E103,Page view: {page} by {user}
56187,2026-01-14,06:35:23,INFO,AuthService,Page view: /home by u3533,E103,Page view: {page} by {user}
56188,2026-01-14,06:24:58,INFO,WebServer,Health check passed: WebServer,E102,Health check passed: {service}
56189,2026-01-14,06:31:15,INFO,WebServer,Transaction tx817530 completed in 1632ms,E104,Transaction {tx} completed in {time}ms
56190,2026-01-14,06:00:15,WARN,AuthService,High latency (1893ms) detected on AuthService,E201,High latency ({time}ms) detected on {service}
56191,2026-01-14,06:53:00,INFO,AuthService,Transaction tx970454 completed in 141ms,E104,Transaction {tx} completed in {time}ms
56192,2026-01-14,06:29:37,INFO,WebServer,Page view: /home by u3405,E103,Page view: {page} by {user}
56193,2026-01-14,06:07:49,INFO,AuthService,Health check passed: AuthService,E102,Health check passed: {service}
56194,2026-01-14,06:25:38,INFO,WebServer,User u1913 login successful,E101,User {user} login successful
56195,2026-01-14,06:29:46,INFO,OrderProcessor,User u3819 login successful,E101,User {user} login successful
56196,2026-01-14,06:25:47,INFO,WebServer,Page view: /home by u3680,E103,Page view: {page} by {user}
56197,2026-01-14,06:19:54,INFO,PaymentGateway,Transaction tx820001 completed in 898ms,E104,Transaction {tx} completed in {time}ms
56198,2026-01-14,06:29:03,INFO,WebServer,Page view: /home by u4837,E103,Page view: {page} by {user}
56199,2026-01-14,06:32:54,INFO,WebServer,Health check passed: WebServer,E102,Health check passed: {service}
56200,2026-01-14,06:37:05,INFO,WebServer,Transaction tx778680 completed in 985ms,E104,Transaction {tx} completed in {time}ms
56201,2026-01-14,06:09:03,WARN,WebServer,Disk usage > 85% on node node-1,E202,Disk usage > 85% on node {node}
56202,2026-01-14,06:42:56,INFO,AuthService,User u3961 login successful,E101,User {user} login successful
56203,2026-01-14,06:42:27,INFO,WebServer,Page view: /home by u1320,E103,Page view: {page} by {user}
56204,2026-01-14,06:30:22,INFO,WebServer,User u4786 login successful,E101,User {user} login successful
56205,2026-01-14,06:10:40,INFO,AuthService,Health check passed: AuthService,E102,Health check passed: {service}
56206,2026-01-14,06:02:43,INFO,WebServer,Health check passed: WebServer,E102,Health check passed: {service}
56207,2026-01-14,06:34:00,WARN,OrderProcessor,Disk usage > 85% on node node-5,E202,Disk usage > 85% on node {node}
56208,2026-01-14,06:06:28,INFO,WebServer,User u2323 login successful,E101,User {user} login successful
56209,2026-01-14,06:37:58,INFO,AuthService,Page view: /home by u3086,E103,Page view: {page} by {user}
56210,2026-01-14,06:13:36,INFO,WebServer,Health check passed: WebServer,E102,Health check passed: {service}
56211,2026-01-14,06:13:20,INFO,WebServer,User u2437 login successful,E101,User {user} login successful
56212,2026-01-14,06:26:26,INFO,PaymentGateway,Transaction tx596485 completed in 166ms,E104,Transaction {tx} completed in {time}ms
56213,2026-01-14,06:18:43,INFO,WebServer,User u4899 login successful,E101,User {user} login successful
56214,2026-01-14,06:08:13,WARN,WebServer,Disk usage > 85% on node node-3,E202,Disk usage > 85% on node {node}
56215,2026-01-14,06:33:20,INFO,InventoryDB,Transaction tx628121 completed in 1484ms,E104,Transaction {tx} completed in {time}ms
56216,2026-01-14,06:05:51,INFO,AuthService,User u2714 login successful,E101,User {user} login successful
56217,2026-01-14,06:06:49,INFO,WebServer,Health check passed: WebServer,E102,Health check passed: {service}
56218,2026-01-14,06:21:30,INFO,WebServer,Page view: /home by u3213,E103,Page view: {page} by {user}
56219,2026-01-14,06:34:35,INFO,AuthService,Page view: /home by u3627,E103,Page view: {page} by {user}
56220,2026-01-14,06:05:37,INFO,WebServer,User u4256 login successful,E101,User {user} login successful
56221,2026-01-14,06:53:32,INFO,OrderProcessor,Transaction tx451214 completed in 1988ms,E104,Transaction {tx} completed in {time}ms
56222,2026-01-14,06:29:35,INFO,AuthService,Transaction tx208057 completed in 221ms,E104,Transaction {tx} completed in {time}ms
56223,2026-01-14,06:24:26,WARN,WebServer,High latency (301ms) detected on WebServer,E201,High latency ({time}ms) detected on {service}
56224,2026-01-14,06:40:08,INFO,WebServer,Page view: /home by u3465,E103,Page view: {page} by {user}
56225,2026-01-14,06:01:45,WARN,WebServer,Unauthorized access attempt from 10.0.0.45,E401,Unauthorized access attempt from {ip}
56226,2026-01-14,06:51:39,INFO,OrderProcessor,Transaction tx964407 completed in 92ms,E104,Transaction {tx} completed in {time}ms
56227,2026-01-14,06:28:15,INFO,PaymentGateway,Health check passed: PaymentGateway,E102,Health check passed: {service}
56228,2026-01-14,06:17:02,INFO,WebServer,User u1844 login successful,E101,User {user} login successful
56229,2026-01-14,06:46:40,INFO,OrderProcessor,User u3459 login successful,E101,User {user} login successful
56230,2026-01-14,06:49:57,WARN,PaymentGateway,Unauthorized access attempt from 10.0.0.88,E401,Unauthorized access attempt from {ip}
56231,2026-01-14,06:10:47,INFO,WebServer,Health check passed: WebServer,E102,Health check passed: {service}
56232,2026-01-14,06:54:21,INFO,OrderProcessor,Transaction tx380833 completed in 1775ms,E104,Transaction {tx} completed in {time}ms
56233,2026-01-14,06:55:26,INFO,OrderProcessor,Transaction tx793906 completed in 417ms,E104,Transaction {tx} completed in {time}ms
56234,2026-01-14,06:23:27,INFO,PaymentGateway,Health check passed: PaymentGateway,E102,Health check passed: {service}
56235,2026-01-14,06:52:48,INFO,PaymentGateway,Health check passed: PaymentGateway,E102,Health check passed: {service}
56236,2026-01-14,06:44:27,INFO,WebServer,Transaction tx274865 completed in 1051ms,E104,Transaction {tx} completed in {time}ms
56237,2026-01-14,06:16:33,INFO,WebServer,Health check passed: WebServer,E102,Health check passed: {service}
56238,2026-01-14,06:11:32,CRITICAL,WebServer,KERNEL PANIC: Node node-2 crashed,E601,KERNEL PANIC: Node {node} crashed
56239,2026-01-14,06:24:51,INFO,WebServer,Transaction tx795387 completed in 1257ms,E104,Transaction {tx} completed in {time}ms
56240,2026-01-14,06:49:27,INFO,WebServer,Transaction tx399221 completed in 1828ms,E104,Transaction {tx} completed in {time}ms
56241,2026-01-14,06:50:51,INFO,OrderProcessor,Health check passed: OrderProcessor,E102,Health check passed: {service}
56242,2026-01-14,06:15:36,INFO,AuthService,Health check passed: AuthService,E102,Health check passed: {service}
56243,2026-01-14,06:43:10,INFO,PaymentGateway,Transaction tx474893 completed in 1130ms,E104,Transaction {tx} completed in {time}ms
56244,2026-01-14,06:46:47,INFO,AuthService,Health check passed: AuthService,E102,Health check passed: {service}
56245,2026-01-14,06:19:17,INFO,WebServer,Page view: /home by u4784,E103,Page view: {page} by {user}
56246,2026-01-14,06:18:06,INFO,OrderProcessor,Page view: /home by u4498,E103,Page view: {page} by {user}
56247,2026-01-14,06:42:19,INFO,WebServer,Page view: /home by u1541,E103,Page view: {page} by {user}
56248,2026-01-14,06:51:50,INFO,OrderProcessor,Health check passed: OrderProcessor,E102,Health check passed: {service}
56249,2026-01-14,06:19:52,INFO,AuthService,Transaction tx883410 completed in 906ms,E104,Transaction {tx} completed in {time}ms
56250,2026-01-14,06:48:59,INFO,AuthService,User u4419 login successful,E101,User {user} login successful
56251,2026-01-14,06:19:22,INFO,WebServer,User u4646 login successful,E101,User {user} login successful
56252,2026-01-14,06:32:55,INFO,WebServer,Transaction tx191812 completed in 1498ms,E104,Transaction {tx} completed in {time}ms
56253,2026-01-14,06:30:03,INFO,AuthService,Transaction tx621807 completed in 1353ms,E104,Transaction {tx} completed in {time}ms
56254,2026-01-14,06:42:47,INFO,AuthService,Transaction tx712744 completed in 1097ms,E104,Transaction {tx} completed in {time}ms
56255,2026-01-14,06:58:49,INFO,OrderProcessor,Health check passed: OrderProcessor,E102,Health check passed: {service}
56256,2026-01-14,06:39:49,INFO,WebServer,User u3716 login successful,E101,User {user} login successful
56257,2026-01-14,06:55:07,INFO,AuthService,Transaction tx987689 completed in 646ms,E104,Transaction {tx} completed in {time}ms
56258,2026-01-14,06:02:03,INFO,WebServer,Page view: /home by u1298,E103,Page view: {page} by {user}
56259,2026-01-14,06:15:01,INFO,WebServer,User u4081 login successful,E101,User {user} login successful
56260,2026-01-14,06:22:02,WARN,OrderProcessor,Unauthorized access attempt from 10.0.0.45,E401,Unauthorized access attempt from {ip}
56261,2026-01-14,06:17:17,INFO,WebServer,Health check passed: WebServer,E102,Health check passed: {service}
56262,2026-01-14,06:57:14,INFO,OrderProcessor,Health check passed: OrderProcessor,E102,Health check passed: {service}
56263,2026-01-14,06:05:40,ERROR,WebServer,Payment declined: Gateway unavailable,E503,Payment declined: Gateway unavailable
56264,2026-01-14,06:18:18,INFO,AuthService,Transaction tx494449 completed in 57ms,E104,Transaction {tx} completed in {time}ms
56265,2026-01-14,06:04:17,INFO,WebServer,Page view: /home by u2054,E103,Page view: {page} by {user}
56266,2026-01-14,06:36:46,INFO,AuthService,Health check passed: AuthService,E102,Health check passed: {service}
56267,2026-01-14,06:14:04,INFO,WebServer,Health check passed: WebServer,E102,Health check passed: {service}
56268,2026-01-14,06:40:56,WARN,WebServer,High latency (142ms) detected on WebServer,E201,High latency ({time}ms) detected on {service}
56269,2026-01-14,06:31:44,INFO,InventoryDB,Transaction tx809452 completed in 1489ms,E104,Transaction {tx} completed in {time}ms
56270,2026-01-14,06:20:02,INFO,WebServer,Transaction tx845026 completed in 564ms,E104,Transaction {tx} completed in {time}ms
56271,2026-01-14,06:23:26,INFO,OrderProcessor,Health check passed: OrderProcessor,E102,Health check passed: {service}
56272,2026-01-14,06:57:24,INFO,PaymentGateway,Page view: /home by u2833,E103,Page view: {page} by {user}
56273,2026-01-14,06:34:54,INFO,AuthService,User u4182 login successful,E101,User {user} login successful
56274,2026-01-14,06:10:36,INFO,WebServer,Health check passed: WebServer,E102,Health check passed: {service}
56275,2026-01-14,06:16:19,WARN,WebServer,Unauthorized access attempt from 10.0.0.88,E401,Unauthorized access attempt from {ip}
56276,2026-01-14,06:44:39,INFO,WebServer,Page view: /home by u2405,E103,Page view: {page} by {user}
56277,2026-01-14,06:34:22,ERROR,WebServer,Payment declined: Gateway unavailable,E503,Payment declined: Gateway unavailable
56278,2026-01-14,06:29:41,INFO,OrderProcessor,Page view: /home by u4845,E103,Page view: {page} by {user}
56279,2026-01-14,06:42:10,INFO,AuthService,Transaction tx130796 completed in 775ms,E104,Transaction {tx} completed in {time}ms
56280,2026-01-14,06:34:54,INFO,WebServer,User u3694 login successful,E101,User {user} login successful
56281,2026-01-14,06:01:36,INFO,AuthService,Transaction tx901376 completed in 1139ms,E104,Transaction {tx} completed in {time}ms
56282,2026-01-14,06:48:24,INFO,WebServer,User u2861 login successful,E101,User {user} login successful
56283,2026-01-14,06:33:40,INFO,PaymentGateway,Page view: /home by u4753,E103,Page view: {page} by {user}
56284,2026-01-14,06:35:42,INFO,OrderProcessor,Page view: /home by u3291,E103,Page view: {page} by {user}
56285,2026-01-14,06:57:54,INFO,WebServer,Transaction tx186550 completed in 907ms,E104,Transaction {tx} completed in {time}ms
56286,2026-01-14,06:50:53,INFO,OrderProcessor,Health check passed: OrderProcessor,E102,Health check passed: {service}
56287,2026-01-14,06:50:37,INFO,OrderProcessor,Page view: /home by u3117,E103,Page view: {page} by {user}
56288,2026-01-14,06:34:50,INFO,WebServer,Page view: /home by u3507,E103,Page view: {page} by {user}
56289,2026-01-14,06:32:49,WARN,WebServer,High latency (240ms) detected on WebServer,E201,High latency ({time}ms) detected on {service}
56290,2026-01-14,06:15:18,INFO,AuthService,User u1202 login successful,E101,User {user} login successful
56291,2026-01-14,06:03:39,INFO,AuthService,Transaction tx961097 completed in 397ms,E104,Transaction {tx} completed in {time}ms
56292,2026-01-14,06:35:54,INFO,WebServer,Page view: /home by u2030,E103,Page view: {page} by {user}
56293,2026-01-14,06:19:20,INFO,InventoryDB,User u4812 login successful,E101,User {user} login successful
56294,2026-01-14,06:27:11,INFO,InventoryDB,User u3181 login successful,E101,User {user} login successful
56295,2026-01-14,06:29:27,INFO,WebServer,Transaction tx959346 completed in 947ms,E104,Transaction {tx} completed in {time}ms
56296,2026-01-14,06:55:53,INFO,WebServer,Page view: /home by u2534,E103,Page view: {page} by {user}
56297,2026-01-14,06:19:10,INFO,AuthService,Health check passed: AuthService,E102,Health check passed: {service}
56298,2026-01-14,06:59:45,INFO,WebServer,Page view: /home by u2259,E103,Page view: {page} by {user}
56299,2026-01-14,06:35:09,INFO,OrderProcessor,Health check passed: OrderProcessor,E102,Health check passed: {service}
56300,2026-01-14,06:54:18,INFO,WebServer,User u3115 login successful,E101,User {user} login successful
56301,2026-01-14,06:40:51,INFO,InventoryDB,Health check passed: InventoryDB,E102,Health check passed: {service}
56302,2026-01-14,06:51:17,INFO,OrderProcessor,Health check passed: OrderProcessor,E102,Health check passed: {service}
56303,2026-01-14,06:13:12,WARN,PaymentGateway,High latency (1077ms) detected on PaymentGateway,E201,High latency ({time}ms) detected on {service}
56304,2026-01-14,06:19:42,INFO,InventoryDB,User u4106 login successful,E101,User {user} login successful
56305,2026-01-14,06:47:52,INFO,WebServer,Health check passed: WebServer,E102,Health check passed: {service}
56306,2026-01-14,06:40:21,INFO,AuthService,Transaction tx878209 completed in 872ms,E104,Transaction {tx} completed in {time}ms
56307,2026-01-14,06:56:08,INFO,PaymentGateway,Health check passed: PaymentGateway,E102,Health check passed: {service}
56308,2026-01-14,06:55:16,INFO,OrderProcessor,Health check passed: OrderProcessor,E102,Health check passed: {service}
56309,2026-01-14,06:23:54,INFO,WebServer,Page view: /home by u4229,E103,Page view: {page} by {user}
56310,2026-01-14,06:13:24,INFO,AuthService,Health check passed: AuthService,E102,Health check passed: {service}
56311,2026-01-14,06:44:06,INFO,PaymentGateway,Page view: /home by u2906,E103,Page view: {page} by {user}
56312,2026-01-14,06:49:09,INFO,AuthService,User u1068 login successful,E101,User {user} login successful
56313,2026-01-14,06:10:31,INFO,InventoryDB,Transaction tx448234 completed in 726ms,E104,Transaction {tx} completed in {time}ms
56314,2026-01-14,06:17:31,INFO,PaymentGateway,Health check passed: PaymentGateway,E102,Health check passed: {service}
56315,2026-01-14,06:35:38,INFO,WebServer,User u1374 login successful,E101,User {user} login successful
56316,2026-01-14,06:52:13,INFO,WebServer,User u1980 login successful,E101,User {user} login successful
56317,2026-01-14,06:22:19,INFO,WebServer,Page view: /home by u1396,E103,Page view: {page} by {user}
56318,2026-01-14,06:52:54,INFO,OrderProcessor,Health check passed: OrderProcessor,E102,Health check passed: {service}
56319,2026-01-14,06:53:50,INFO,WebServer,User u2030 login successful,E101,User {user} login successful
56320,2026-01-14,06:35:00,INFO,WebServer,Page view: /home by u3777,E103,Page view: {page} by {user}
56321,2026-01-14,06:24:58,INFO,WebServer,Health check passed: WebServer,E102,Health check passed: {service}
56322,2026-01-14,06:07:39,INFO,OrderProcessor,Health check passed: OrderProcessor,E102,Health check passed: {service}
56323,2026-01-14,06:07:40,INFO,OrderProcessor,Transaction tx860875 completed in 1584ms,E104,Transaction {tx} completed in {time}ms
56324,2026-01-14,06:39:33,INFO,AuthService,Health check passed: AuthService,E102,Health check passed: {service}
56325,2026-01-14,06:41:38,INFO,AuthService,Health check passed: AuthService,E102,Health check passed: {service}
56326,2026-01-14,06:18:55,INFO,InventoryDB,User u1008 login successful,E101,User {user} login successful
56327,2026-01-14,06:47:15,INFO,AuthService,Page view: /home by u1021,E103,Page view: {page} by {user}
56328,2026-01-14,06:23:37,INFO,InventoryDB,Page view: /home by u4063,E103,Page view: {page} by {user}
56329,2026-01-14,06:45:59,INFO,WebServer,Page view: /home by u4920,E103,Page view: {page} by {user}
56330,2026-01-14,06:33:48,INFO,WebServer,Page view: /home by u3612,E103,Page view: {page} by {user}
56331,2026-01-14,06:44:34,INFO,WebServer,Page view: /home by u2305,E103,Page view: {page} by {user}
56332,2026-01-14,06:33:32,INFO,WebServer,Health check passed: WebServer,E102,Health check passed: {service}
56333,2026-01-14,06:52:46,INFO,InventoryDB,Transaction tx228204 completed in 681ms,E104,Transaction {tx} completed in {time}ms
56334,2026-01-14,06:26:40,WARN,WebServer,Disk usage > 85% on node node-2,E202,Disk usage > 85% on node {node}
56335,2026-01-14,06:49:00,INFO,WebServer,Transaction tx773966 completed in 674ms,E104,Transaction {tx} completed in {time}ms
56336,2026-01-14,06:47:45,INFO,InventoryDB,Health check passed: InventoryDB,E102,Health check passed: {service}
56337,2026-01-14,06:29:01,INFO,WebServer,Transaction tx121969 completed in 1585ms,E104,Transaction {tx} completed in {time}ms
56338,2026-01-14,06:08:01,INFO,WebServer,Page view: /home by u1617,E103,Page view: {page} by {user}
56339,2026-01-14,06:03:19,INFO,WebServer,Page view: /home by u1165,E103,Page view: {page} by {user}
56340,2026-01-14,06:57:12,INFO,AuthService,Transaction tx557311 completed in 1161ms,E104,Transaction {tx} completed in {time}ms
56341,2026-01-14,06:12:13,INFO,OrderProcessor,Transaction tx337028 completed in 1071ms,E104,Transaction {tx} completed in {time}ms
56342,2026-01-14,06:38:31,INFO,WebServer,User u4564 login successful,E101,User {user} login successful
56343,2026-01-14,06:47:09,INFO,AuthService,Health check passed: AuthService,E102,Health check passed: {service}
56344,2026-01-14,06:51:24,INFO,AuthService,Page view: /home by u2391,E103,Page view: {page} by {user}
56345,2026-01-14,06:38:28,INFO,WebServer,Health check passed: WebServer,E102,Health check passed: {service}
56346,2026-01-14,06:19:41,INFO,OrderProcessor,Page view: /home by u1650,E103,Page view: {page} by {user}
56347,2026-01-14,06:13:14,INFO,PaymentGateway,User u4151 login successful,E101,User {user} login successful
56348,2026-01-14,06:17:26,INFO,WebServer,Health check passed: WebServer,E102,Health check passed: {service}
56349,2026-01-14,06:49:14,INFO,WebServer,Health check passed: WebServer,E102,Health check passed: {service}
56350,2026-01-14,06:12:02,INFO,OrderProcessor,Health check passed: OrderProcessor,E102,Health check passed: {service}
56351,2026-01-14,06:50:58,INFO,WebServer,Transaction tx774631 completed in 464ms,E104,Transaction {tx} completed in {time}ms
56352,2026-01-14,06:09:58,INFO,AuthService,Transaction tx816074 completed in 723ms,E104,Transaction {tx} completed in {time}ms
56353,2026-01-14,06:11:04,INFO,WebServer,Page view: /home by u3643,E103,Page view: {page} by {user}
56354,2026-01-14,06:31:25,INFO,AuthService,Health check passed: AuthService,E102,Health check passed: {service}
56355,2026-01-14,06:30:17,INFO,WebServer,User u3135 login successful,E101,User {user} login successful
56356,2026-01-14,06:41:20,INFO,WebServer,Health check passed: WebServer,E102,Health check passed: {service}
56357,2026-01-14,06:25:14,INFO,AuthService,Transaction tx450678 completed in 302ms,E104,Transaction {tx} completed in {time}ms
56358,2026-01-14,06:38:19,INFO,WebServer,User u3183 login successful,E101,User {user} login successful
56359,2026-01-14,06:34:51,INFO,InventoryDB,Transaction tx360632 completed in 1880ms,E104,Transaction {tx} completed in {time}ms
56360,2026-01-14,06:02:55,INFO,OrderProcessor,Transaction tx841552 completed in 116ms,E104,Transaction {tx} completed in {time}ms
56361,2026-01-14,06:32:26,INFO,WebServer,Page view: /home by u3082,E103,Page view: {page} by {user}
56362,2026-01-14,06:38:41,INFO,AuthService,Page view: /home by u4022,E103,Page view: {page} by {user}
56363,2026-01-14,06:19:29,INFO,OrderProcessor,Health check passed: OrderProcessor,E102,Health check passed: {service}
56364,2026-01-14,06:12:41,INFO,AuthService,User u1432 login successful,E101,User {user} login successful
56365,2026-01-14,06:28:24,INFO,AuthService,Transaction tx586757 completed in 1989ms,E104,Transaction {tx} completed in {time}ms
56366,2026-01-14,06:14:59,INFO,WebServer,Page view: /home by u1490,E103,Page view: {page} by {user}
56367,2026-01-14,06:51:07,INFO,WebServer,Transaction tx332793 completed in 1552ms,E104,Transaction {tx} completed in {time}ms
56368,2026-01-14,06:59:13,INFO,InventoryDB,Transaction tx971273 completed in 529ms,E104,Transaction {tx} completed in {time}ms
56369,2026-01-14,06:13:24,INFO,WebServer,Page view: /home by u2479,E103,Page view: {page} by {user}
56370,2026-01-14,06:52:59,INFO,InventoryDB,User u1152 login successful,E101,User {user} login successful
56371,2026-01-14,06:46:59,INFO,InventoryDB,User u1476 login successful,E101,User {user} login successful
56372,2026-01-14,06:58:06,INFO,WebServer,Health check passed: WebServer,E102,Health check passed: {service}
56373,2026-01-14,06:48:57,INFO,WebServer,Transaction tx136105 completed in 1569ms,E104,Transaction {tx} completed in {time}ms
56374,2026-01-14,06:21:14,INFO,WebServer,Page view: /home by u4806,E103,Page view: {page} by {user}
56375,2026-01-14,06:24:49,INFO,WebServer,Page view: /home by u1083,E103,Page view: {page} by {user}
56376,2026-01-14,06:39:47,WARN,WebServer,Disk usage > 85% on node node-3,E202,Disk usage > 85% on node {node}
56377,2026-01-14,06:43:40,INFO,WebServer,Transaction tx364977 completed in 1094ms,E104,Transaction {tx} completed in {time}ms
56378,2026-01-14,06:07:32,INFO,AuthService,Health check passed: AuthService,E102,Health check passed: {service}
56379,2026-01-14,06:04:41,INFO,WebServer,User u4537 login successful,E101,User {user} login successful
56380,2026-01-14,06:36:17,INFO,WebServer,Transaction tx139074 completed in 1223ms,E104,Transaction {tx} completed in {time}ms
56381,2026-01-14,06:18:20,INFO,WebServer,Page view: /home by u1219,E103,Page view: {page} by {user}
56382,2026-01-14,06:48:16,WARN,OrderProcessor,Disk usage > 85% on node node-4,E202,Disk usage > 85% on node {node}
56383,2026-01-14,06:48:45,INFO,PaymentGateway,Page view: /home by u3247,E103,Page view: {page} by {user}
56384,2026-01-14,06:51:31,INFO,OrderProcessor,Transaction tx526499 completed in 223ms,E104,Transaction {tx} completed in {time}ms
56385,2026-01-14,06:44:35,CRITICAL,WebServer,KERNEL PANIC: Node node-3 crashed,E601,KERNEL PANIC: Node {node} crashed
56386,2026-01-14,06:46:17,INFO,WebServer,Transaction tx387637 completed in 1117ms,E104,Transaction {tx} completed in {time}ms
56387,2026-01-14,06:01:25,INFO,OrderProcessor,Health check passed: OrderProcessor,E102,Health check passed: {service}
56388,2026-01-14,06:20:21,INFO,InventoryDB,Transaction tx473410 completed in 231ms,E104,Transaction {tx} completed in {time}ms
56389,2026-01-14,06:48:07,INFO,InventoryDB,Page view: /home by u3871,E103,Page view: {page} by {user}
56390,2026-01-14,06:47:12,INFO,WebServer,User u2059 login successful,E101,User {user} login successful
56391,2026-01-14,06:50:38,INFO,WebServer,Health check passed: WebServer,E102,Health check passed: {service}
56392,2026-01-14,06:47:58,ERROR,WebServer,Payment declined: Gateway unavailable,E503,Payment declined: Gateway unavailable
56393,2026-01-14,06:43:33,INFO,OrderProcessor,User u3664 login successful,E101,User {user} login successful
56394,2026-01-14,06:58:19,INFO,AuthService,User u4261 login successful,E101,User {user} login successful
56395,2026-01-14,06:51:00,INFO,AuthService,Transaction tx668810 completed in 1150ms,E104,Transaction {tx} completed in {time}ms
56396,2026-01-14,06:11:32,INFO,WebServer,Transaction tx111168 completed in 697ms,E104,Transaction {tx} completed in {time}ms
56397,2026-01-14,06:59:38,INFO,OrderProcessor,User u3344 login successful,E101,User {user} login successful
56398,2026-01-14,06:51:56,INFO,WebServer,User u2435 login successful,E101,User {user} login successful
56399,2026-01-14,06:33:27,INFO,WebServer,Health check passed: WebServer,E102,Health check passed: {service}
56400,2026-01-14,06:08:30,INFO,WebServer,Page view: /home by u1686,E103,Page view: {page} by {user}
56401,2026-01-14,06:42:09,INFO,OrderProcessor,User u4505 login successful,E101,User {user} login successful
56402,2026-01-14,06:53:35,INFO,PaymentGateway,User u1334 login successful,E101,User {user} login successful
56403,2026-01-14,06:09:18,INFO,WebServer,Page view: /home by u2976,E103,Page view: {page} by {user}
56404,2026-01-14,06:32:36,INFO,WebServer,Page view: /home by u4949,E103,Page view: {page} by {user}
56405,2026-01-14,06:00:08,INFO,OrderProcessor,Page view: /home by u2329,E103,Page view: {page} by {user}
56406,2026-01-14,06:48:41,INFO,WebServer,Transaction tx524968 completed in 493ms,E104,Transaction {tx} completed in {time}ms
56407,2026-01-14,06:13:10,INFO,AuthService,Page view: /home by u2855,E103,Page view: {page} by {user}
56408,2026-01-14,06:58:48,INFO,AuthService,User u2546 login successful,E101,User {user} login successful
56409,2026-01-14,06:52:59,INFO,OrderProcessor,User u1265 login successful,E101,User {user} login successful
56410,2026-01-14,06:04:22,INFO,AuthService,Transaction tx498204 completed in 372ms,E104,Transaction {tx} completed in {time}ms
56411,2026-01-14,06:37:01,INFO,WebServer,Page view: /home by u1917,E103,Page view: {page} by {user}
56412,2026-01-14,06:58:40,INFO,WebServer,Transaction tx234614 completed in 501ms,E104,Transaction {tx} completed in {time}ms
56413,2026-01-14,06:32:33,INFO,AuthService,User u3098 login successful,E101,User {user} login successful
56414,2026-01-14,06:00:46,WARN,WebServer,High latency (1741ms) detected on WebServer,E201,High latency ({time}ms) detected on {service}
56415,2026-01-14,06:22:35,INFO,OrderProcessor,Page view: /home by u4933,E103,Page view: {page} by {user}
56416,2026-01-14,06:05:58,INFO,AuthService,User u3773 login successful,E101,User {user} login successful
56417,2026-01-14,06:16:12,INFO,AuthService,Page view: /home by u3194,E103,Page view: {page} by {user}
56418,2026-01-14,06:36:06,INFO,WebServer,Health check passed: WebServer,E102,Health check passed: {service}
56419,2026-01-14,06:57:53,INFO,WebServer,Transaction tx797132 completed in 1540ms,E104,Transaction {tx} completed in {time}ms
56420,2026-01-14,06:16:14,INFO,WebServer,Page view: /home by u1130,E103,Page view: {page} by {user}
56421,2026-01-14,06:59:36,INFO,PaymentGateway,Health check passed: PaymentGateway,E102,Health check passed: {service}
56422,2026-01-14,06:13:55,INFO,WebServer,Transaction tx128605 completed in 613ms,E104,Transaction {tx} completed in {time}ms
56423,2026-01-14,06:58:55,INFO,WebServer,Health check passed: WebServer,E102,Health check passed: {service}
56424,2026-01-14,06:04:46,INFO,WebServer,Health check passed: WebServer,E102,Health check passed: {service}
56425,2026-01-14,06:44:04,INFO,OrderProcessor,Page view: /home by u3262,E103,Page view: {page} by {user}
56426,2026-01-14,06:08:20,INFO,WebServer,Transaction tx115625 completed in 343ms,E104,Transaction {tx} completed in {time}ms
56427,2026-01-14,06:11:09,INFO,PaymentGateway,Health check passed: PaymentGateway,E102,Health check passed: {service}
56428,2026-01-14,06:57:22,INFO,WebServer,User u4799 login successful,E101,User {user} login successful
56429,2026-01-14,06:30:23,INFO,PaymentGateway,Health check passed: PaymentGateway,E102,Health check passed: {service}
56430,2026-01-14,06:32:24,INFO,OrderProcessor,Transaction tx732445 completed in 306ms,E104,Transaction {tx} completed in {time}ms
56431,2026-01-14,06:06:15,INFO,OrderProcessor,Health check passed: OrderProcessor,E102,Health check passed: {service}
56432,2026-01-14,06:02:42,INFO,AuthService,Health check passed: AuthService,E102,Health check passed: {service}
56433,2026-01-14,06:53:40,WARN,WebServer,Disk usage > 85% on node node-1,E202,Disk usage > 85% on node {node}
56434,2026-01-14,06:40:45,INFO,WebServer,Page view: /home by u3844,E103,Page view: {page} by {user}
56435,2026-01-14,06:53:43,INFO,WebServer,User u4022 login successful,E101,User {user} login successful
56436,2026-01-14,06:47:08,INFO,WebServer,Health check passed: WebServer,E102,Health check passed: {service}
56437,2026-01-14,06:34:57,INFO,WebServer,Transaction tx738953 completed in 578ms,E104,Transaction {tx} completed in {time}ms
56438,2026-01-14,06:09:32,INFO,OrderProcessor,User u3487 login successful,E101,User {user} login successful
56439,2026-01-14,06:05:15,INFO,WebServer,Health check passed: WebServer,E102,Health check passed: {service}
56440,2026-01-14,06:16:03,INFO,WebServer,Page view: /home by u1633,E103,Page view: {page} by {user}
56441,2026-01-14,06:53:44,INFO,OrderProcessor,Transaction tx806847 completed in 547ms,E104,Transaction {tx} completed in {time}ms
56442,2026-01-14,06:23:36,WARN,OrderProcessor,Disk usage > 85% on node node-1,E202,Disk usage > 85% on node {node}
56443,2026-01-14,06:22:30,INFO,WebServer,User u4407 login successful,E101,User {user} login successful
56444,2026-01-14,06:31:36,INFO,WebServer,Transaction tx643134 completed in 852ms,E104,Transaction {tx} completed in {time}ms
56445,2026-01-14,06:01:34,INFO,InventoryDB,Health check passed: InventoryDB,E102,Health check passed: {service}
56446,2026-01-14,06:57:13,INFO,WebServer,Health check passed: WebServer,E102,Health check passed: {service}
56447,2026-01-14,06:17:01,INFO,AuthService,Transaction tx341122 completed in 322ms,E104,Transaction {tx} completed in {time}ms
56448,2026-01-14,06:23:00,INFO,WebServer,Page view: /home by u1448,E103,Page view: {page} by {user}
56449,2026-01-14,06:28:32,INFO,WebServer,Health check passed: WebServer,E102,Health check passed: {service}
56450,2026-01-14,06:21:43,INFO,AuthService,Page view: /home by u2340,E103,Page view: {page} by {user}
56451,2026-01-14,06:41:10,INFO,WebServer,Health check passed: WebServer,E102,Health check passed: {service}
56452,2026-01-14,06:02:58,INFO,WebServer,Health check passed: WebServer,E102,Health check passed: {service}
56453,2026-01-14,06:03:04,INFO,WebServer,Transaction tx995046 completed in 783ms,E104,Transaction {tx} completed in {time}ms
56454,2026-01-14,06:05:08,INFO,AuthService,User u2542 login successful,E101,User {user} login successful
56455,2026-01-14,06:43:46,INFO,OrderProcessor,User u4931 login successful,E101,User {user} login successful
56456,2026-01-14,06:02:02,INFO,WebServer,User u4658 login successful,E101,User {user} login successful
56457,2026-01-14,06:27:13,INFO,WebServer,Page view: /home by u1733,E103,Page view: {page} by {user}
56458,2026-01-14,06:07:41,INFO,WebServer,Page view: /home by u4534,E103,Page view: {page} by {user}
56459,2026-01-14,06:29:30,INFO,WebServer,Transaction tx911555 completed in 286ms,E104,Transaction {tx} completed in {time}ms
56460,2026-01-14,06:34:12,INFO,AuthService,User u3087 login successful,E101,User {user} login successful
56461,2026-01-14,06:27:57,INFO,AuthService,Page view: /home by u1982,E103,Page view: {page} by {user}
56462,2026-01-14,06:25:45,INFO,WebServer,Health check passed: WebServer,E102,Health check passed: {service}
56463,2026-01-14,06:41:40,INFO,WebServer,Transaction tx937202 completed in 1687ms,E104,Transaction {tx} completed in {time}ms
56464,2026-01-14,06:19:07,INFO,WebServer,User u2123 login successful,E101,User {user} login successful
56465,2026-01-14,06:01:37,INFO,WebServer,Page view: /home by u3862,E103,Page view: {page} by {user}
56466,2026-01-14,06:12:13,INFO,OrderProcessor,Transaction tx597473 completed in 558ms,E104,Transaction {tx} completed in {time}ms
56467,2026-01-14,06:33:41,INFO,WebServer,Page view: /home by u2684,E103,Page view: {page} by {user}
56468,2026-01-14,06:29:36,ERROR,OrderProcessor,Timeout waiting for lock on InventoryDB,E502,Timeout waiting for lock on {db}
56469,2026-01-14,06:48:56,INFO,WebServer,Health check passed: WebServer,E102,Health check passed: {service}
56470,2026-01-14,06:06:56,INFO,AuthService,Page view: /home by u1804,E103,Page view: {page} by {user}
56471,2026-01-14,06:51:54,INFO,OrderProcessor,User u4734 login successful,E101,User {user} login successful
56472,2026-01-14,06:08:42,INFO,AuthService,Transaction tx978396 completed in 552ms,E104,Transaction {tx} completed in {time}ms
56473,2026-01-14,06:51:08,INFO,AuthService,User u4822 login successful,E101,User {user} login successful
56474,2026-01-14,06:02:25,INFO,OrderProcessor,Transaction tx927590 completed in 1919ms,E104,Transaction {tx} completed in {time}ms
56475,2026-01-14,06:25:36,INFO,AuthService,Page view: /home by u2852,E103,Page view: {page} by {user}
56476,2026-01-14,06:05:24,INFO,WebServer,User u2800 login successful,E101,User {user} login successful
56477,2026-01-14,06:00:00,INFO,AuthService,User u1447 login successful,E101,User {user} login successful
56478,2026-01-14,06:16:31,INFO,WebServer,Page view: /home by u3066,E103,Page view: {page} by {user}
56479,2026-01-14,06:08:01,INFO,WebServer,Health check passed: WebServer,E102,Health check passed: {service}
56480,2026-01-14,06:45:39,INFO,OrderProcessor,Transaction tx247756 completed in 836ms,E104,Transaction {tx} completed in {time}ms
56481,2026-01-14,06:48:14,INFO,AuthService,Transaction tx189224 completed in 1110ms,E104,Transaction {tx} completed in {time}ms
56482,2026-01-14,06:19:36,INFO,WebServer,User u1118 login successful,E101,User {user} login successful
56483,2026-01-14,06:08:17,INFO,AuthService,User u4524 login successful,E101,User {user} login successful
56484,2026-01-14,06:38:55,INFO,PaymentGateway,Health check passed: PaymentGateway,E102,Health check passed: {service}
56485,2026-01-14,06:52:46,INFO,WebServer,Health check passed: WebServer,E102,Health check passed: {service}
56486,2026-01-14,06:32:35,INFO,PaymentGateway,User u1131 login successful,E101,User {user} login successful
56487,2026-01-14,06:46:02,INFO,AuthService,User u1648 login successful,E101,User {user} login successful
56488,2026-01-14,06:49:02,INFO,AuthService,User u4482 login successful,E101,User {user} login successful
56489,2026-01-14,06:09:43,ERROR,WebServer,Connection refused to WebServer at 10.0.0.45,E501,Connection refused to {service} at {ip}
56490,2026-01-14,06:17:16,INFO,WebServer,Transaction tx118344 completed in 1413ms,E104,Transaction {tx} completed in {time}ms
56491,2026-01-14,06:02:25,INFO,InventoryDB,Page view: /home by u1576,E103,Page view: {page} by {user}
56492,2026-01-14,06:13:48,CRITICAL,AuthService,DATA CORRUPTION detected in sector 109,E602,DATA CORRUPTION detected in sector {sector}
56493,2026-01-14,06:34:29,INFO,OrderProcessor,Page view: /home by u1536,E103,Page view: {page} by {user}
56494,2026-01-14,06:06:59,INFO,WebServer,Transaction tx157551 completed in 206ms,E104,Transaction {tx} completed in {time}ms
56495,2026-01-14,06:30:52,INFO,AuthService,Page view: /home by u2019,E103,Page view: {page} by {user}
56496,2026-01-14,06:30:30,INFO,PaymentGateway,Health check passed: PaymentGateway,E102,Health check passed: {service}
56497,2026-01-14,06:29:43,INFO,WebServer,User u3847 login successful,E101,User {user} login successful
56498,2026-01-14,06:01:56,INFO,WebServer,Page view: /home by u3705,E103,Page view: {page} by {user}
56499,2026-01-14,06:37:31,INFO,AuthService,Transaction tx766751 completed in 655ms,E104,Transaction {tx} completed in {time}ms
56500,2026-01-14,06:52:53,INFO,WebServer,Transaction tx656172 completed in 316ms,E104,Transaction {tx} completed in {time}ms
56501,2026-01-14,06:28:16,INFO,WebServer,Page view: /home by u2216,E103,Page view: {page} by {user}
56502,2026-01-14,06:00:13,INFO,WebServer,User u4866 login successful,E101,User {user} login successful
56503,2026-01-14,06:16:50,INFO,WebServer,Transaction tx386429 completed in 1187ms,E104,Transaction {tx} completed in {time}ms
56504,2026-01-14,06:06:21,INFO,AuthService,Page view: /home by u2980,E103,Page view: {page} by {user}
56505,2026-01-14,06:40:26,INFO,OrderProcessor,Page view: /home by u2202,E103,Page view: {page} by {user}
56506,2026-01-14,06:39:39,INFO,PaymentGateway,User u1672 login successful,E101,User {user} login successful
56507,2026-01-14,06:39:08,INFO,OrderProcessor,Health check passed: OrderProcessor,E102,Health check passed: {service}
56508,2026-01-14,06:12:34,INFO,WebServer,Health check passed: WebServer,E102,Health check passed: {service}
56509,2026-01-14,06:23:28,INFO,WebServer,Page view: /home by u3737,E103,Page view: {page} by {user}
56510,2026-01-14,06:26:19,INFO,WebServer,Page view: /home by u1358,E103,Page view: {page} by {user}
56511,2026-01-14,07:34:04,INFO,AuthService,Health check passed: AuthService,E102,Health check passed: {service}
56512,2026-01-14,07:36:33,INFO,AuthService,Health check passed: AuthService,E102,Health check passed: {service}
56513,2026-01-14,07:34:33,INFO,OrderProcessor,User u2428 login successful,E101,User {user} login successful
56514,2026-01-14,07:42:52,INFO,WebServer,User u1784 login successful,E101,User {user} login successful
56515,2026-01-14,07:38:46,INFO,PaymentGateway,User u1175 login successful,E101,User {user} login successful
56516,2026-01-14,07:35:19,INFO,AuthService,Health check passed: AuthService,E102,Health check passed: {service}
56517,2026-01-14,07:37:37,INFO,WebServer,Health check passed: WebServer,E102,Health check passed: {service}
56518,2026-01-14,07:45:55,INFO,InventoryDB,User u3599 login successful,E101,User {user} login successful
56519,2026-01-14,07:35:28,INFO,WebServer,Transaction tx908742 completed in 1811ms,E104,Transaction {tx} completed in {time}ms
56520,2026-01-14,07:44:27,INFO,AuthService,Health check passed: AuthService,E102,Health check passed: {service}
56521,2026-01-14,07:12:55,INFO,AuthService,Health check passed: AuthService,E102,Health check passed: {service}
56522,2026-01-14,07:25:51,INFO,AuthService,Transaction tx708092 completed in 1423ms,E104,Transaction {tx} completed in {time}ms
56523,2026-01-14,07:25:05,INFO,PaymentGateway,User u4307 login successful,E101,User {user} login successful
56524,2026-01-14,07:35:20,WARN,WebServer,Disk usage > 85% on node node-5,E202,Disk usage > 85% on node {node}
56525,2026-01-14,07:16:55,INFO,WebServer,Transaction tx466129 completed in 493ms,E104,Transaction {tx} completed in {time}ms
56526,2026-01-14,07:03:20,WARN,AuthService,Disk usage > 85% on node node-1,E202,Disk usage > 85% on node {node}
56527,2026-01-14,07:07:33,INFO,WebServer,User u4150 login successful,E101,User {user} login successful
56528,2026-01-14,07:49:36,INFO,PaymentGateway,Health check passed: PaymentGateway,E102,Health check passed: {service}
56529,2026-01-14,07:18:46,INFO,WebServer,Page view: /home by u2281,E103,Page view: {page} by {user}
56530,2026-01-14,07:52:09,INFO,OrderProcessor,User u2371 login successful,E101,User {user} login successful
56531,2026-01-14,07:47:47,INFO,AuthService,Page view: /home by u1544,E103,Page view: {page} by {user}
56532,2026-01-14,07:17:14,INFO,AuthService,Page view: /home by u2994,E103,Page view: {page} by {user}
56533,2026-01-14,07:43:26,INFO,WebServer,User u2893 login successful,E101,User {user} login successful
56534,2026-01-14,07:48:38,INFO,OrderProcessor,Page view: /home by u3311,E103,Page view: {page} by {user}
56535,2026-01-14,07:48:07,WARN,OrderProcessor,High latency (883ms) detected on OrderProcessor,E201,High latency ({time}ms) detected on {service}
56536,2026-01-14,07:30:28,INFO,WebServer,Page view: /home by u4818,E103,Page view: {page} by {user}
56537,2026-01-14,07:44:02,INFO,WebServer,User u1154 login successful,E101,User {user} login successful
56538,2026-01-14,07:47:52,INFO,InventoryDB,Health check passed: InventoryDB,E102,Health check passed: {service}
56539,2026-01-14,07:44:49,INFO,WebServer,Health check passed: WebServer,E102,Health check passed: {service}
56540,2026-01-14,07:24:37,ERROR,OrderProcessor,Timeout waiting for lock on InventoryDB,E502,Timeout waiting for lock on {db}
56541,2026-01-14,07:27:58,INFO,AuthService,Page view: /home by u1669,E103,Page view: {page} by {user}
56542,2026-01-14,07:22:28,WARN,OrderProcessor,Disk usage > 85% on node node-5,E202,Disk usage > 85% on node {node}
56543,2026-01-14,07:37:21,INFO,WebServer,Page view: /home by u3731,E103,Page view: {page} by {user}
56544,2026-01-14,07:57:40,INFO,OrderProcessor,Transaction tx393323 completed in 1854ms,E104,Transaction {tx} completed in {time}ms
56545,2026-01-14,07:44:05,INFO,WebServer,Page view: /home by u2207,E103,Page view: {page} by {user}
56546,2026-01-14,07:29:26,INFO,AuthService,Page view: /home by u1464,E103,Page view: {page} by {user}
56547,2026-01-14,07:33:57,INFO,WebServer,Health check passed: WebServer,E102,Health check passed: {service}
56548,2026-01-14,07:54:21,INFO,AuthService,Health check passed: AuthService,E102,Health check passed: {service}
56549,2026-01-14,07:41:08,INFO,WebServer,Page view: /home by u1444,E103,Page view: {page} by {user}
56550,2026-01-14,07:01:19,INFO,WebServer,Page view: /home by u2643,E103,Page view: {page} by {user}
56551,2026-01-14,07:21:59,INFO,AuthService,User u4907 login successful,E101,User {user} login successful
56552,2026-01-14,07:13:13,INFO,OrderProcessor,Page view: /home by u4552,E103,Page view: {page} by {user}
56553,2026-01-14,07:07:40,INFO,WebServer,User u1697 login successful,E101,User {user} login successful
56554,2026-01-14,07:39:26,INFO,AuthService,Health check passed: AuthService,E102,Health check passed: {service}
56555,2026-01-14,07:58:50,INFO,OrderProcessor,Page view: /home by u4246,E103,Page view: {page} by {user}
56556,2026-01-14,07:28:12,INFO,PaymentGateway,User u1972 login successful,E101,User {user} login successful
56557,2026-01-14,07:13:39,INFO,AuthService,User u4608 login successful,E101,User {user} login successful
56558,2026-01-14,07:56:29,INFO,WebServer,Page view: /home by u3879,E103,Page view: {page} by {user}
56559,2026-01-14,07:35:37,INFO,AuthService,Page view: /home by u4136,E103,Page view: {page} by {user}
56560,2026-01-14,07:48:52,INFO,AuthService,Health check passed: AuthService,E102,Health check passed: {service}
56561,2026-01-14,07:06:48,INFO,WebServer,Health check passed: WebServer,E102,Health check passed: {service}
56562,2026-01-14,07:56:06,ERROR,AuthService,Connection refused to AuthService at 10.0.0.12,E501,Connection refused to {service} at {ip}
56563,2026-01-14,07:40:16,INFO,WebServer,Page view: /home by u2464,E103,Page view: {page} by {user}
56564,2026-01-14,07:04:45,INFO,WebServer,Transaction tx444708 completed in 1230ms,E104,Transaction {tx} completed in {time}ms
56565,2026-01-14,07:32:42,INFO,AuthService,Page view: /home by u3853,E103,Page view: {page} by {user}
56566,2026-01-14,07:13:03,WARN,AuthService,Disk usage > 85% on node node-3,E202,Disk usage > 85% on node {node}
56567,2026-01-14,07:40:29,INFO,OrderProcessor,Page view: /home by u2252,E103,Page view: {page} by {user}
56568,2026-01-14,07:08:23,INFO,AuthService,Page view: /home by u2920,E103,Page view: {page} by {user}
56569,2026-01-14,07:47:02,INFO,AuthService,Page view: /home by u1047,E103,Page view: {page} by {user}
56570,2026-01-14,07:44:48,INFO,AuthService,Page view: /home by u1480,E103,Page view: {page} by {user}
56571,2026-01-14,07:51:21,INFO,AuthService,User u4494 login successful,E101,User {user} login successful
56572,2026-01-14,07:38:26,INFO,WebServer,User u4339 login successful,E101,User {user} login successful
56573,2026-01-14,07:51:53,INFO,WebServer,Page view: /home by u2358,E103,Page view: {page} by {user}
56574,2026-01-14,07:12:06,INFO,WebServer,Health check passed: WebServer,E102,Health check passed: {service}
56575,2026-01-14,07:28:10,INFO,WebServer,User u3503 login successful,E101,User {user} login successful
56576,2026-01-14,07:57:13,INFO,OrderProcessor,Transaction tx903189 completed in 446ms,E104,Transaction {tx} completed in {time}ms
56577,2026-01-14,07:21:41,WARN,OrderProcessor,Unauthorized access attempt from 10.0.0.45,E401,Unauthorized access attempt from {ip}
56578,2026-01-14,07:42:45,INFO,InventoryDB,Transaction tx284540 completed in 282ms,E104,Transaction {tx} completed in {time}ms
56579,2026-01-14,07:01:46,INFO,OrderProcessor,Transaction tx433369 completed in 880ms,E104,Transaction {tx} completed in {time}ms
56580,2026-01-14,07:33:15,INFO,WebServer,Transaction tx326335 completed in 483ms,E104,Transaction {tx} completed in {time}ms
56581,2026-01-14,07:28:26,INFO,WebServer,User u4316 login successful,E101,User {user} login successful
56582,2026-01-14,07:29:18,INFO,AuthService,User u3860 login successful,E101,User {user} login successful
56583,2026-01-14,07:50:42,WARN,OrderProcessor,High latency (159ms) detected on OrderProcessor,E201,High latency ({time}ms) detected on {service}
56584,2026-01-14,07:00:35,INFO,PaymentGateway,Health check passed: PaymentGateway,E102,Health check passed: {service}
56585,2026-01-14,07:34:37,INFO,WebServer,Health check passed: WebServer,E102,Health check passed: {service}
56586,2026-01-14,07:35:39,INFO,WebServer,Page view: /home by u2790,E103,Page view: {page} by {user}
56587,2026-01-14,07:16:00,INFO,WebServer,User u2038 login successful,E101,User {user} login successful
56588,2026-01-14,07:01:14,INFO,WebServer,User u2838 login successful,E101,User {user} login successful
56589,2026-01-14,07:01:58,INFO,PaymentGateway,Page view: /home by u2636,E103,Page view: {page} by {user}
56590,2026-01-14,07:45:44,INFO,PaymentGateway,Health check passed: PaymentGateway,E102,Health check passed: {service}
56591,2026-01-14,07:04:50,INFO,OrderProcessor,User u4628 login successful,E101,User {user} login successful
56592,2026-01-14,07:44:11,INFO,WebServer,Health check passed: WebServer,E102,Health check passed: {service}
56593,2026-01-14,07:47:12,INFO,OrderProcessor,Page view: /home by u4301,E103,Page view: {page} by {user}
56594,2026-01-14,07:34:50,INFO,WebServer,Transaction tx888835 completed in 1774ms,E104,Transaction {tx} completed in {time}ms
56595,2026-01-14,07:10:37,INFO,AuthService,Transaction tx782679 completed in 1613ms,E104,Transaction {tx} completed in {time}ms
56596,2026-01-14,07:18:33,INFO,OrderProcessor,Transaction tx691707 completed in 139ms,E104,Transaction {tx} completed in {time}ms
56597,2026-01-14,07:29:54,INFO,WebServer,User u2181 login successful,E101,User {user} login successful
56598,2026-01-14,07:10:54,INFO,AuthService,User u4376 login successful,E101,User {user} login successful
56599,2026-01-14,07:58:03,INFO,WebServer,User u2270 login successful,E101,User {user} login successful
56600,2026-01-14,07:34:09,INFO,WebServer,Page view: /home by u2441,E103,Page view: {page} by {user}
56601,2026-01-14,07:11:10,INFO,WebServer,Health check passed: WebServer,E102,Health check passed: {service}
56602,2026-01-14,07:10:34,WARN,InventoryDB,Disk usage > 85% on node node-3,E202,Disk usage > 85% on node {node}
56603,2026-01-14,07:14:45,INFO,OrderProcessor,Page view: /home by u1545,E103,Page view: {page} by {user}
56604,2026-01-14,07:17:33,INFO,WebServer,Page view: /home by u2698,E103,Page view: {page} by {user}
56605,2026-01-14,07:24:20,ERROR,WebServer,Payment declined: Gateway unavailable,E503,Payment declined: Gateway unavailable
56606,2026-01-14,07:35:19,INFO,WebServer,Page view: /home by u3345,E103,Page view: {page} by {user}
56607,2026-01-14,07:45:05,INFO,WebServer,Health check passed: WebServer,E102,Health check passed: {service}
56608,2026-01-14,07:28:31,INFO,WebServer,User u2814 login successful,E101,User {user} login successful
56609,2026-01-14,07:31:00,INFO,WebServer,User u4192 login successful,E101,User {user} login successful
56610,2026-01-14,07:09:01,INFO,OrderProcessor,Page view: /home by u3843,E103,Page view: {page} by {user}
56611,2026-01-14,07:39:34,WARN,WebServer,Unauthorized access attempt from 10.0.0.99,E401,Unauthorized access attempt from {ip}
56612,2026-01-14,07:48:41,INFO,WebServer,Health check passed: WebServer,E102,Health check passed: {service}
56613,2026-01-14,07:15:25,INFO,InventoryDB,Page view: /home by u4148,E103,Page view: {page} by {user}
56614,2026-01-14,07:40:21,INFO,InventoryDB,User u1459 login successful,E101,User {user} login successful
56615,2026-01-14,07:25:33,INFO,WebServer,User u1735 login successful,E101,User {user} login successful
56616,2026-01-14,07:31:36,INFO,WebServer,User u1665 login successful,E101,User {user} login successful
56617,2026-01-14,07:30:05,INFO,AuthService,Page view: /home by u3709,E103,Page view: {page} by {user}
56618,2026-01-14,07:59:28,INFO,AuthService,Health check passed: AuthService,E102,Health check passed: {service}
56619,2026-01-14,07:31:22,INFO,AuthService,Health check passed: AuthService,E102,Health check passed: {service}
56620,2026-01-14,07:35:19,INFO,WebServer,Transaction tx387353 completed in 1187ms,E104,Transaction {tx} completed in {time}ms
56621,2026-01-14,07:10:33,INFO,AuthService,Health check passed: AuthService,E102,Health check passed: {service}
56622,2026-01-14,07:10:01,INFO,OrderProcessor,Page view: /home by u3424,E103,Page view: {page} by {user}
56623,2026-01-14,07:40:52,INFO,WebServer,Transaction tx589274 completed in 1938ms,E104,Transaction {tx} completed in {time}ms
56624,2026-01-14,07:53:16,INFO,WebServer,Transaction tx736323 completed in 1742ms,E104,Transaction {tx} completed in {time}ms
56625,2026-01-14,07:03:51,INFO,InventoryDB,Page view: /home by u1648,E103,Page view: {page} by {user}
56626,2026-01-14,07:23:38,INFO,AuthService,Transaction tx411659 completed in 1800ms,E104,Transaction {tx} completed in {time}ms
56627,2026-01-14,07:04:20,INFO,AuthService,Health check passed: AuthService,E102,Health check passed: {service}
56628,2026-01-14,07:17:22,INFO,AuthService,Transaction tx700077 completed in 807ms,E104,Transaction {tx} completed in {time}ms
56629,2026-01-14,07:35:22,INFO,InventoryDB,User u3369 login successful,E101,User {user} login successful
56630,2026-01-14,07:18:24,INFO,PaymentGateway,User u3794 login successful,E101,User {user} login successful
56631,2026-01-14,07:23:34,INFO,AuthService,User u1584 login successful,E101,User {user} login successful
56632,2026-01-14,07:11:21,INFO,WebServer,Transaction tx775389 completed in 261ms,E104,Transaction {tx} completed in {time}ms
56633,2026-01-14,07:30:34,WARN,AuthService,Disk usage > 85% on node node-3,E202,Disk usage > 85% on node {node}
56634,2026-01-14,07:24:44,INFO,InventoryDB,User u3597 login successful,E101,User {user} login successful
56635,2026-01-14,07:48:22,INFO,WebServer,Transaction tx928573 completed in 283ms,E104,Transaction {tx} completed in {time}ms
56636,2026-01-14,07:57:27,ERROR,WebServer,Connection refused to WebServer at 10.0.0.12,E501,Connection refused to {service} at {ip}
56637,2026-01-14,07:55:24,INFO,AuthService,Health check passed: AuthService,E102,Health check passed: {service}
56638,2026-01-14,07:20:55,INFO,OrderProcessor,Page view: /home by u2042,E103,Page view: {page} by {user}
56639,2026-01-14,07:39:15,INFO,InventoryDB,Transaction tx492018 completed in 917ms,E104,Transaction {tx} completed in {time}ms
56640,2026-01-14,07:47:14,INFO,WebServer,Health check passed: WebServer,E102,Health check passed: {service}
56641,2026-01-14,07:52:51,INFO,PaymentGateway,User u3449 login successful,E101,User {user} login successful
56642,2026-01-14,07:12:46,WARN,WebServer,Unauthorized access attempt from 10.0.0.45,E401,Unauthorized access attempt from {ip}
56643,2026-01-14,07:07:12,INFO,WebServer,User u2465 login successful,E101,User {user} login successful
56644,2026-01-14,07:30:54,INFO,WebServer,Health check passed: WebServer,E102,Health check passed: {service}
56645,2026-01-14,07:32:26,INFO,WebServer,Health check passed: WebServer,E102,Health check passed: {service}
56646,2026-01-14,07:32:03,INFO,WebServer,Health check passed: WebServer,E102,Health check passed: {service}
56647,2026-01-14,07:08:10,INFO,AuthService,User u1663 login successful,E101,User {user} login successful
56648,2026-01-14,07:37:21,INFO,AuthService,Page view: /home by u3760,E103,Page view: {page} by {user}
56649,2026-01-14,07:33:11,INFO,PaymentGateway,Health check passed: PaymentGateway,E102,Health check passed: {service}
56650,2026-01-14,07:18:42,INFO,OrderProcessor,Page view: /home by u1468,E103,Page view: {page} by {user}
56651,2026-01-14,07:12:20,INFO,PaymentGateway,User u1524 login successful,E101,User {user} login successful
56652,2026-01-14,07:22:00,INFO,AuthService,Page view: /home by u3314,E103,Page view: {page} by {user}
56653,2026-01-14,07:45:17,INFO,OrderProcessor,User u2598 login successful,E101,User {user} login successful
56654,2026-01-14,07:48:52,INFO,WebServer,Page view: /home by u2345,E103,Page view: {page} by {user}
56655,2026-01-14,07:08:38,INFO,WebServer,Transaction tx898657 completed in 1212ms,E104,Transaction {tx} completed in {time}ms
56656,2026-01-14,07:23:26,INFO,OrderProcessor,Transaction tx224519 completed in 1993ms,E104,Transaction {tx} completed in {time}ms
56657,2026-01-14,07:53:31,INFO,WebServer,User u1755 login successful,E101,User {user} login successful
56658,2026-01-14,07:23:55,INFO,WebServer,Page view: /home by u4711,E103,Page view: {page} by {user}
56659,2026-01-14,07:19:34,INFO,WebServer,Transaction tx825178 completed in 502ms,E104,Transaction {tx} completed in {time}ms
56660,2026-01-14,07:58:36,INFO,WebServer,Page view: /home by u1353,E103,Page view: {page} by {user}
56661,2026-01-14,07:01:43,INFO,OrderProcessor,User u4969 login successful,E101,User {user} login successful
56662,2026-01-14,07:05:33,INFO,WebServer,Transaction tx225818 completed in 1035ms,E104,Transaction {tx} completed in {time}ms
56663,2026-01-14,07:24:37,INFO,WebServer,Transaction tx637422 completed in 942ms,E104,Transaction {tx} completed in {time}ms
56664,2026-01-14,07:40:19,INFO,WebServer,User u2453 login successful,E101,User {user} login successful
56665,2026-01-14,07:32:15,INFO,WebServer,Page view: /home by u3465,E103,Page view: {page} by {user}
56666,2026-01-14,07:34:02,WARN,WebServer,Disk usage > 85% on node node-2,E202,Disk usage > 85% on node {node}
56667,2026-01-14,07:34:42,INFO,WebServer,User u1912 login successful,E101,User {user} login successful
56668,2026-01-14,07:34:23,INFO,OrderProcessor,Page view: /home by u4649,E103,Page view: {page} by {user}
56669,2026-01-14,07:41:21,INFO,WebServer,Transaction tx262320 completed in 1522ms,E104,Transaction {tx} completed in {time}ms
56670,2026-01-14,07:15:45,WARN,PaymentGateway,Unauthorized access attempt from 10.0.0.45,E401,Unauthorized access attempt from {ip}
56671,2026-01-14,07:18:15,INFO,WebServer,Transaction tx581120 completed in 1053ms,E104,Transaction {tx} completed in {time}ms
56672,2026-01-14,07:11:33,INFO,AuthService,User u1508 login successful,E101,User {user} login successful
56673,2026-01-14,07:25:58,INFO,AuthService,Transaction tx638200 completed in 1304ms,E104,Transaction {tx} completed in {time}ms
56674,2026-01-14,07:51:33,INFO,WebServer,User u3077 login successful,E101,User {user} login successful
56675,2026-01-14,07:26:54,INFO,OrderProcessor,Transaction tx212547 completed in 760ms,E104,Transaction {tx} completed in {time}ms
56676,2026-01-14,07:02:28,INFO,AuthService,Page view: /home by u4851,E103,Page view: {page} by {user}
56677,2026-01-14,07:43:14,INFO,WebServer,Transaction tx871402 completed in 275ms,E104,Transaction {tx} completed in {time}ms
56678,2026-01-14,07:23:47,INFO,WebServer,Page view: /home by u4443,E103,Page view: {page} by {user}
56679,2026-01-14,07:31:36,INFO,PaymentGateway,Health check passed: PaymentGateway,E102,Health check passed: {service}
56680,2026-01-14,07:47:18,INFO,WebServer,Health check passed: WebServer,E102,Health check passed: {service}
56681,2026-01-14,07:53:57,INFO,InventoryDB,Health check passed: InventoryDB,E102,Health check passed: {service}
56682,2026-01-14,07:03:03,INFO,InventoryDB,Page view: /home by u1000,E103,Page view: {page} by {user}
56683,2026-01-14,07:51:43,INFO,OrderProcessor,Page view: /home by u3492,E103,Page view: {page} by {user}
56684,2026-01-14,07:11:47,CRITICAL,AuthService,DATA CORRUPTION detected in sector 538,E602,DATA CORRUPTION detected in sector {sector}
56685,2026-01-14,07:39:09,INFO,WebServer,User u4610 login successful,E101,User {user} login successful
56686,2026-01-14,07:42:40,INFO,WebServer,Page view: /home by u2257,E103,Page view: {page} by {user}
56687,2026-01-14,07:53:50,INFO,WebServer,Health check passed: WebServer,E102,Health check passed: {service}
56688,2026-01-14,07:19:45,INFO,WebServer,User u3975 login successful,E101,User {user} login successful
56689,2026-01-14,07:55:49,WARN,AuthService,Unauthorized access attempt from 10.0.0.10,E401,Unauthorized access attempt from {ip}
56690,2026-01-14,07:29:42,INFO,WebServer,Page view: /home by u1675,E103,Page view: {page} by {user}
56691,2026-01-14,07:36:49,INFO,AuthService,User u4410 login successful,E101,User {user} login successful
56692,2026-01-14,07:48:24,INFO,OrderProcessor,Transaction tx617808 completed in 100ms,E104,Transaction {tx} completed in {time}ms
56693,2026-01-14,07:24:28,INFO,WebServer,Page view: /home by u3424,E103,Page view: {page} by {user}
56694,2026-01-14,07:27:58,WARN,InventoryDB,High latency (1400ms) detected on InventoryDB,E201,High latency ({time}ms) detected on {service}
56695,2026-01-14,07:41:26,INFO,PaymentGateway,Page view: /home by u1813,E103,Page view: {page} by {user}
56696,2026-01-14,07:03:08,WARN,OrderProcessor,High latency (776ms) detected on OrderProcessor,E201,High latency ({time}ms) detected on {service}
56697,2026-01-14,07:53:18,INFO,WebServer,Health check passed: WebServer,E102,Health check passed: {service}
56698,2026-01-14,07:07:12,INFO,WebServer,Health check passed: WebServer,E102,Health check passed: {service}
56699,2026-01-14,07:31:32,INFO,WebServer,Health check passed: WebServer,E102,Health check passed: {service}
56700,2026-01-14,07:13:54,WARN,OrderProcessor,Disk usage > 85% on node node-1,E202,Disk usage > 85% on node {node}
56701,2026-01-14,07:38:17,INFO,AuthService,Health check passed: AuthService,E102,Health check passed: {service}
56702,2026-01-14,07:21:16,INFO,WebServer,Transaction tx849071 completed in 930ms,E104,Transaction {tx} completed in {time}ms
56703,2026-01-14,07:24:21,WARN,WebServer,Unauthorized access attempt from 10.0.0.45,E401,Unauthorized access attempt from {ip}
56704,2026-01-14,07:27:45,INFO,WebServer,Page view: /home by u4803,E103,Page view: {page} by {user}
56705,2026-01-14,07:19:21,INFO,WebServer,User u3464 login successful,E101,User {user} login successful
56706,2026-01-14,07:14:05,INFO,WebServer,Page view: /home by u3077,E103,Page view: {page} by {user}
56707,2026-01-14,07:56:49,INFO,WebServer,User u3926 login successful,E101,User {user} login successful
56708,2026-01-14,07:08:10,INFO,OrderProcessor,Transaction tx109085 completed in 1793ms,E104,Transaction {tx} completed in {time}ms
56709,2026-01-14,07:31:28,INFO,OrderProcessor,Transaction tx846190 completed in 496ms,E104,Transaction {tx} completed in {time}ms
56710,2026-01-14,07:54:12,INFO,AuthService,Transaction tx260380 completed in 932ms,E104,Transaction {tx} completed in {time}ms
56711,2026-01-14,07:03:45,INFO,PaymentGateway,Transaction tx443519 completed in 642ms,E104,Transaction {tx} completed in {time}ms
56712,2026-01-14,07:36:08,INFO,WebServer,User u3724 login successful,E101,User {user} login successful
56713,2026-01-14,07:06:13,INFO,AuthService,User u2318 login successful,E101,User {user} login successful
56714,2026-01-14,07:12:39,INFO,OrderProcessor,User u2384 login successful,E101,User {user} login successful
56715,2026-01-14,07:47:24,INFO,AuthService,Transaction tx552824 completed in 1402ms,E104,Transaction {tx} completed in {time}ms
56716,2026-01-14,07:27:27,INFO,OrderProcessor,Transaction tx681814 completed in 1566ms,E104,Transaction {tx} completed in {time}ms
56717,2026-01-14,07:38:47,INFO,PaymentGateway,User u3733 login successful,E101,User {user} login successful
56718,2026-01-14,07:39:41,INFO,WebServer,Transaction tx341945 completed in 260ms,E104,Transaction {tx} completed in {time}ms
56719,2026-01-14,07:56:10,INFO,AuthService,User u1349 login successful,E101,User {user} login successful
56720,2026-01-14,07:54:46,INFO,OrderProcessor,Page view: /home by u4572,E103,Page view: {page} by {user}
56721,2026-01-14,07:00:19,INFO,WebServer,Transaction tx535199 completed in 1249ms,E104,Transaction {tx} completed in {time}ms
56722,2026-01-14,07:55:12,INFO,PaymentGateway,Transaction tx828974 completed in 448ms,E104,Transaction {tx} completed in {time}ms
56723,2026-01-14,07:42:57,INFO,OrderProcessor,User u4722 login successful,E101,User {user} login successful
56724,2026-01-14,07:39:40,INFO,InventoryDB,Page view: /home by u2260,E103,Page view: {page} by {user}
56725,2026-01-14,07:05:09,INFO,WebServer,Page view: /home by u1612,E103,Page view: {page} by {user}
56726,2026-01-14,07:12:27,INFO,InventoryDB,Transaction tx487009 completed in 42ms,E104,Transaction {tx} completed in {time}ms
56727,2026-01-14,07:26:50,INFO,WebServer,Health check passed: WebServer,E102,Health check passed: {service}
56728,2026-01-14,07:49:19,INFO,WebServer,Transaction tx167033 completed in 827ms,E104,Transaction {tx} completed in {time}ms
56729,2026-01-14,07:53:37,INFO,WebServer,Transaction tx588499 completed in 864ms,E104,Transaction {tx} completed in {time}ms
56730,2026-01-14,07:05:51,INFO,PaymentGateway,User u3289 login successful,E101,User {user} login successful
56731,2026-01-14,07:01:23,INFO,AuthService,User u1905 login successful,E101,User {user} login successful
56732,2026-01-14,07:06:30,INFO,AuthService,User u2201 login successful,E101,User {user} login successful
56733,2026-01-14,07:20:14,INFO,AuthService,Transaction tx844382 completed in 1379ms,E104,Transaction {tx} completed in {time}ms
56734,2026-01-14,07:51:47,INFO,WebServer,Health check passed: WebServer,E102,Health check passed: {service}
56735,2026-01-14,07:45:54,INFO,WebServer,Health check passed: WebServer,E102,Health check passed: {service}
56736,2026-01-14,07:10:40,INFO,OrderProcessor,Health check passed: OrderProcessor,E102,Health check passed: {service}
56737,2026-01-14,07:45:34,WARN,AuthService,High latency (257ms) detected on AuthService,E201,High latency ({time}ms) detected on {service}
56738,2026-01-14,07:25:27,INFO,WebServer,Health check passed: WebServer,E102,Health check passed: {service}
56739,2026-01-14,07:17:41,INFO,PaymentGateway,Page view: /home by u4031,E103,Page view: {page} by {user}
56740,2026-01-14,07:10:35,INFO,AuthService,Health check passed: AuthService,E102,Health check passed: {service}
56741,2026-01-14,07:50:29,INFO,OrderProcessor,User u4983 login successful,E101,User {user} login successful
56742,2026-01-14,07:34:54,INFO,AuthService,User u4515 login successful,E101,User {user} login successful
56743,2026-01-14,07:05:57,INFO,PaymentGateway,Page view: /home by u1084,E103,Page view: {page} by {user}
56744,2026-01-14,07:04:23,INFO,WebServer,User u4100 login successful,E101,User {user} login successful
56745,2026-01-14,07:49:33,INFO,WebServer,Page view: /home by u2292,E103,Page view: {page} by {user}
56746,2026-01-14,07:26:23,INFO,OrderProcessor,User u4566 login successful,E101,User {user} login successful
56747,2026-01-14,07:39:18,INFO,WebServer,Health check passed: WebServer,E102,Health check passed: {service}
56748,2026-01-14,07:38:50,INFO,OrderProcessor,Transaction tx530184 completed in 126ms,E104,Transaction {tx} completed in {time}ms
56749,2026-01-14,07:19:30,INFO,WebServer,Health check passed: WebServer,E102,Health check passed: {service}
56750,2026-01-14,07:55:44,CRITICAL,AuthService,KERNEL PANIC: Node node-2 crashed,E601,KERNEL PANIC: Node {node} crashed
56751,2026-01-14,07:40:30,INFO,WebServer,User u4360 login successful,E101,User {user} login successful
56752,2026-01-14,07:57:00,WARN,WebServer,High latency (485ms) detected on WebServer,E201,High latency ({time}ms) detected on {service}
56753,2026-01-14,07:45:40,INFO,WebServer,Transaction tx810600 completed in 433ms,E104,Transaction {tx} completed in {time}ms
56754,2026-01-14,07:40:28,WARN,OrderProcessor,High latency (1130ms) detected on OrderProcessor,E201,High latency ({time}ms) detected on {service}
56755,2026-01-14,07:12:14,INFO,WebServer,Health check passed: WebServer,E102,Health check passed: {service}
56756,2026-01-14,07:56:16,INFO,PaymentGateway,Page view: /home by u1661,E103,Page view: {page} by {user}
56757,2026-01-14,07:08:40,INFO,AuthService,Transaction tx134727 completed in 1844ms,E104,Transaction {tx} completed in {time}ms
56758,2026-01-14,07:33:44,INFO,AuthService,Page view: /home by u2202,E103,Page view: {page} by {user}
56759,2026-01-14,07:55:18,INFO,AuthService,Health check passed: AuthService,E102,Health check passed: {service}
56760,2026-01-14,07:35:55,INFO,WebServer,Page view: /home by u2979,E103,Page view: {page} by {user}
56761,2026-01-14,07:44:51,INFO,WebServer,Transaction tx584431 completed in 1710ms,E104,Transaction {tx} completed in {time}ms
56762,2026-01-14,07:31:52,INFO,OrderProcessor,Health check passed: OrderProcessor,E102,Health check passed: {service}
56763,2026-01-14,07:13:38,INFO,AuthService,Page view: /home by u4135,E103,Page view: {page} by {user}
56764,2026-01-14,07:10:01,INFO,WebServer,Health check passed: WebServer,E102,Health check passed: {service}
56765,2026-01-14,07:45:49,INFO,WebServer,Health check passed: WebServer,E102,Health check passed: {service}
56766,2026-01-14,07:51:44,CRITICAL,WebServer,KERNEL PANIC: Node node-4 crashed,E601,KERNEL PANIC: Node {node} crashed
56767,2026-01-14,07:07:21,INFO,WebServer,User u4958 login successful,E101,User {user} login successful
56768,2026-01-14,07:59:56,WARN,WebServer,High latency (1723ms) detected on WebServer,E201,High latency ({time}ms) detected on {service}
56769,2026-01-14,07:57:49,INFO,AuthService,Transaction tx477731 completed in 1077ms,E104,Transaction {tx} completed in {time}ms
56770,2026-01-14,07:06:57,INFO,OrderProcessor,Page view: /home by u4825,E103,Page view: {page} by {user}
56771,2026-01-14,07:17:09,INFO,OrderProcessor,Transaction tx442912 completed in 420ms,E104,Transaction {tx} completed in {time}ms
56772,2026-01-14,07:23:20,WARN,AuthService,High latency (1298ms) detected on AuthService,E201,High latency ({time}ms) detected on {service}
56773,2026-01-14,07:55:17,INFO,PaymentGateway,Health check passed: PaymentGateway,E102,Health check passed: {service}
56774,2026-01-14,07:15:03,INFO,WebServer,User u1335 login successful,E101,User {user} login successful
56775,2026-01-14,07:39:15,INFO,AuthService,Health check passed: AuthService,E102,Health check passed: {service}
56776,2026-01-14,07:47:09,INFO,WebServer,Transaction tx839440 completed in 1258ms,E104,Transaction {tx} completed in {time}ms
56777,2026-01-14,07:24:38,INFO,AuthService,Page view: /home by u4044,E103,Page view: {page} by {user}
56778,2026-01-14,07:29:30,INFO,WebServer,Transaction tx276706 completed in 1595ms,E104,Transaction {tx} completed in {time}ms
56779,2026-01-14,07:40:02,INFO,InventoryDB,Page view: /home by u1784,E103,Page view: {page} by {user}
56780,2026-01-14,07:08:49,INFO,OrderProcessor,Health check passed: OrderProcessor,E102,Health check passed: {service}
56781,2026-01-14,07:44:16,INFO,PaymentGateway,Health check passed: PaymentGateway,E102,Health check passed: {service}
56782,2026-01-14,07:26:29,INFO,OrderProcessor,User u2943 login successful,E101,User {user} login successful
56783,2026-01-14,07:15:07,INFO,OrderProcessor,User u4395 login successful,E101,User {user} login successful
56784,2026-01-14,07:40:08,INFO,AuthService,Health check passed: AuthService,E102,Health check passed: {service}
56785,2026-01-14,07:09:53,INFO,WebServer,User u1112 login successful,E101,User {user} login successful
56786,2026-01-14,07:31:11,INFO,WebServer,User u2269 login successful,E101,User {user} login successful
56787,2026-01-14,07:34:16,INFO,OrderProcessor,Health check passed: OrderProcessor,E102,Health check passed: {service}
56788,2026-01-14,07:15:29,INFO,WebServer,Page view: /home by u4918,E103,Page view: {page} by {user}
56789,2026-01-14,07:29:38,INFO,PaymentGateway,Page view: /home by u2134,E103,Page view: {page} by {user}
56790,2026-01-14,07:47:05,INFO,OrderProcessor,Health check passed: OrderProcessor,E102,Health check passed: {service}
56791,2026-01-14,07:34:14,INFO,WebServer,User u1244 login successful,E101,User {user} login successful
56792,2026-01-14,07:52:39,INFO,PaymentGateway,Health check passed: PaymentGateway,E102,Health check passed: {service}
56793,2026-01-14,07:24:11,INFO,WebServer,User u2472 login successful,E101,User {user} login successful
56794,2026-01-14,07:20:57,INFO,WebServer,Page view: /home by u4749,E103,Page view: {page} by {user}
56795,2026-01-14,07:35:17,INFO,OrderProcessor,Page view: /home by u1884,E103,Page view: {page} by {user}
56796,2026-01-14,07:31:16,INFO,AuthService,User u3648 login successful,E101,User {user} login successful
56797,2026-01-14,07:09:02,INFO,AuthService,User u1246 login successful,E101,User {user} login successful
56798,2026-01-14,07:35:01,INFO,OrderProcessor,User u4408 login successful,E101,User {user} login successful
56799,2026-01-14,07:42:28,INFO,WebServer,Page view: /home by u3579,E103,Page view: {page} by {user}
56800,2026-01-14,07:01:05,INFO,OrderProcessor,Page view: /home by u3667,E103,Page view: {page} by {user}
56801,2026-01-14,07:51:04,INFO,AuthService,Page view: /home by u1445,E103,Page view: {page} by {user}
56802,2026-01-14,07:40:44,INFO,WebServer,Health check passed: WebServer,E102,Health check passed: {service}
56803,2026-01-14,07:07:36,INFO,AuthService,User u3126 login successful,E101,User {user} login successful
56804,2026-01-14,07:10:31,INFO,AuthService,Transaction tx201837 completed in 874ms,E104,Transaction {tx} completed in {time}ms
56805,2026-01-14,07:08:25,INFO,AuthService,Transaction tx772431 completed in 1048ms,E104,Transaction {tx} completed in {time}ms
56806,2026-01-14,07:49:35,INFO,AuthService,Page view: /home by u2350,E103,Page view: {page} by {user}
56807,2026-01-14,07:50:54,INFO,WebServer,Page view: /home by u4356,E103,Page view: {page} by {user}
56808,2026-01-14,07:58:21,INFO,WebServer,User u3495 login successful,E101,User {user} login successful
56809,2026-01-14,07:18:52,INFO,PaymentGateway,Transaction tx816319 completed in 971ms,E104,Transaction {tx} completed in {time}ms
56810,2026-01-14,07:12:05,INFO,PaymentGateway,Transaction tx199735 completed in 1451ms,E104,Transaction {tx} completed in {time}ms
56811,2026-01-14,07:51:39,INFO,WebServer,Page view: /home by u1539,E103,Page view: {page} by {user}
56812,2026-01-14,07:46:28,INFO,WebServer,Transaction tx546658 completed in 1304ms,E104,Transaction {tx} completed in {time}ms
56813,2026-01-14,07:14:26,INFO,OrderProcessor,User u1599 login successful,E101,User {user} login successful
56814,2026-01-14,07:17:17,INFO,OrderProcessor,Page view: /home by u3102,E103,Page view: {page} by {user}
56815,2026-01-14,07:55:05,INFO,PaymentGateway,User u1380 login successful,E101,User {user} login successful
56816,2026-01-14,07:17:58,INFO,InventoryDB,User u1933 login successful,E101,User {user} login successful
56817,2026-01-14,07:23:07,INFO,AuthService,Health check passed: AuthService,E102,Health check passed: {service}
56818,2026-01-14,07:02:19,INFO,PaymentGateway,Page view: /home by u1273,E103,Page view: {page} by {user}
56819,2026-01-14,07:42:06,INFO,WebServer,Transaction tx990145 completed in 455ms,E104,Transaction {tx} completed in {time}ms
56820,2026-01-14,07:03:16,INFO,WebServer,User u1512 login successful,E101,User {user} login successful
56821,2026-01-14,07:32:32,INFO,WebServer,User u2587 login successful,E101,User {user} login successful
56822,2026-01-14,07:37:24,INFO,WebServer,Transaction tx128594 completed in 1057ms,E104,Transaction {tx} completed in {time}ms
56823,2026-01-14,07:33:36,INFO,WebServer,Health check passed: WebServer,E102,Health check passed: {service}
56824,2026-01-14,07:11:46,INFO,OrderProcessor,Transaction tx608363 completed in 1726ms,E104,Transaction {tx} completed in {time}ms
56825,2026-01-14,07:36:18,INFO,AuthService,User u1674 login successful,E101,User {user} login successful
56826,2026-01-14,07:55:46,INFO,WebServer,Health check passed: WebServer,E102,Health check passed: {service}
56827,2026-01-14,07:46:44,INFO,WebServer,Page view: /home by u4123,E103,Page view: {page} by {user}
56828,2026-01-14,07:01:18,INFO,WebServer,Health check passed: WebServer,E102,Health check passed: {service}
56829,2026-01-14,07:15:18,WARN,AuthService,High latency (1299ms) detected on AuthService,E201,High latency ({time}ms) detected on {service}
56830,2026-01-14,07:00:38,INFO,OrderProcessor,Transaction tx352961 completed in 1613ms,E104,Transaction {tx} completed in {time}ms
56831,2026-01-14,07:15:12,INFO,AuthService,User u2206 login successful,E101,User {user} login successful
56832,2026-01-14,07:25:01,WARN,PaymentGateway,Disk usage > 85% on node node-1,E202,Disk usage > 85% on node {node}
56833,2026-01-14,07:47:41,INFO,WebServer,Transaction tx380011 completed in 1153ms,E104,Transaction {tx} completed in {time}ms
56834,2026-01-14,07:39:34,INFO,WebServer,Health check passed: WebServer,E102,Health check passed: {service}
56835,2026-01-14,07:44:40,INFO,WebServer,Transaction tx851539 completed in 1546ms,E104,Transaction {tx} completed in {time}ms
56836,2026-01-14,07:13:16,INFO,WebServer,Page view: /home by u2381,E103,Page view: {page} by {user}
56837,2026-01-14,07:32:45,INFO,WebServer,User u4866 login successful,E101,User {user} login successful
56838,2026-01-14,07:25:39,INFO,OrderProcessor,Health check passed: OrderProcessor,E102,Health check passed: {service}
56839,2026-01-14,07:23:08,INFO,PaymentGateway,User u3801 login successful,E101,User {user} login successful
56840,2026-01-14,07:00:59,INFO,OrderProcessor,Health check passed: OrderProcessor,E102,Health check passed: {service}
56841,2026-01-14,07:17:32,INFO,OrderProcessor,Transaction tx451490 completed in 970ms,E104,Transaction {tx} completed in {time}ms
56842,2026-01-14,07:00:49,WARN,AuthService,High latency (1503ms) detected on AuthService,E201,High latency ({time}ms) detected on {service}
56843,2026-01-14,07:13:37,INFO,AuthService,Health check passed: AuthService,E102,Health check passed: {service}
56844,2026-01-14,07:48:19,INFO,OrderProcessor,Health check passed: OrderProcessor,E102,Health check passed: {service}
56845,2026-01-14,07:38:18,INFO,WebServer,Page view: /home by u2351,E103,Page view: {page} by {user}
56846,2026-01-14,07:44:37,INFO,AuthService,Health check passed: AuthService,E102,Health check passed: {service}
56847,2026-01-14,07:59:53,INFO,AuthService,Health check passed: AuthService,E102,Health check passed: {service}
56848,2026-01-14,07:54:58,INFO,WebServer,Page view: /home by u2629,E103,Page view: {page} by {user}
56849,2026-01-14,07:35:52,INFO,OrderProcessor,Health check passed: OrderProcessor,E102,Health check passed: {service}
56850,2026-01-14,07:24:53,INFO,PaymentGateway,Page view: /home by u3070,E103,Page view: {page} by {user}
56851,2026-01-14,07:48:35,INFO,WebServer,Health check passed: WebServer,E102,Health check passed: {service}
56852,2026-01-14,07:24:53,INFO,WebServer,Page view: /home by u2246,E103,Page view: {page} by {user}
56853,2026-01-14,07:11:49,INFO,WebServer,Transaction tx523772 completed in 235ms,E104,Transaction {tx} completed in {time}ms
56854,2026-01-14,07:13:01,INFO,WebServer,Transaction tx544266 completed in 1812ms,E104,Transaction {tx} completed in {time}ms
56855,2026-01-14,07:31:13,INFO,OrderProcessor,Health check passed: OrderProcessor,E102,Health check passed: {service}
56856,2026-01-14,07:24:42,INFO,OrderProcessor,Page view: /home by u3918,E103,Page view: {page} by {user}
56857,2026-01-14,07:16:45,INFO,WebServer,Health check passed: WebServer,E102,Health check passed: {service}
56858,2026-01-14,07:18:01,INFO,AuthService,Page view: /home by u1888,E103,Page view: {page} by {user}
56859,2026-01-14,07:02:12,INFO,AuthService,User u3663 login successful,E101,User {user} login successful
56860,2026-01-14,07:46:16,INFO,PaymentGateway,Page view: /home by u4927,E103,Page view: {page} by {user}
56861,2026-01-14,07:26:38,INFO,AuthService,Transaction tx418265 completed in 1248ms,E104,Transaction {tx} completed in {time}ms
56862,2026-01-14,07:44:34,WARN,PaymentGateway,Unauthorized access attempt from 10.0.0.12,E401,Unauthorized access attempt from {ip}
56863,2026-01-14,07:52:36,INFO,WebServer,User u2334 login successful,E101,User {user} login successful
56864,2026-01-14,07:46:07,ERROR,WebServer,Timeout waiting for lock on InventoryDB,E502,Timeout waiting for lock on {db}
56865,2026-01-14,07:48:54,INFO,WebServer,Transaction tx477824 completed in 1142ms,E104,Transaction {tx} completed in {time}ms
56866,2026-01-14,07:07:30,INFO,OrderProcessor,Page view: /home by u1385,E103,Page view: {page} by {user}
56867,2026-01-14,07:04:51,INFO,InventoryDB,Page view: /home by u1049,E103,Page view: {page} by {user}
56868,2026-01-14,07:15:41,INFO,OrderProcessor,Transaction tx741769 completed in 99ms,E104,Transaction {tx} completed in {time}ms
56869,2026-01-14,07:35:33,INFO,PaymentGateway,Transaction tx317567 completed in 572ms,E104,Transaction {tx} completed in {time}ms
56870,2026-01-14,07:29:57,INFO,AuthService,Page view: /home by u2388,E103,Page view: {page} by {user}
56871,2026-01-14,07:33:36,INFO,WebServer,Health check passed: WebServer,E102,Health check passed: {service}
56872,2026-01-14,07:31:14,INFO,OrderProcessor,Transaction tx206053 completed in 1023ms,E104,Transaction {tx} completed in {time}ms
56873,2026-01-14,07:31:40,INFO,PaymentGateway,User u4121 login successful,E101,User {user} login successful
56874,2026-01-14,07:14:36,INFO,OrderProcessor,Health check passed: OrderProcessor,E102,Health check passed: {service}
56875,2026-01-14,07:20:13,INFO,AuthService,Transaction tx858233 completed in 1356ms,E104,Transaction {tx} completed in {time}ms
56876,2026-01-14,07:35:11,ERROR,AuthService,Timeout waiting for lock on InventoryDB,E502,Timeout waiting for lock on {db}
56877,2026-01-14,07:10:59,INFO,WebServer,Health check passed: WebServer,E102,Health check passed: {service}
56878,2026-01-14,07:23:16,INFO,WebServer,Transaction tx525089 completed in 171ms,E104,Transaction {tx} completed in {time}ms
56879,2026-01-14,07:10:57,WARN,OrderProcessor,Disk usage > 85% on node node-5,E202,Disk usage > 85% on node {node}
56880,2026-01-14,07:02:33,INFO,AuthService,Transaction tx814653 completed in 397ms,E104,Transaction {tx} completed in {time}ms
56881,2026-01-14,07:54:17,INFO,AuthService,User u4549 login successful,E101,User {user} login successful
56882,2026-01-14,07:34:18,INFO,AuthService,Transaction tx650052 completed in 1869ms,E104,Transaction {tx} completed in {time}ms
56883,2026-01-14,07:12:27,INFO,WebServer,Page view: /home by u2041,E103,Page view: {page} by {user}
56884,2026-01-14,07:32:56,INFO,AuthService,Page view: /home by u4059,E103,Page view: {page} by {user}
56885,2026-01-14,07:24:21,INFO,WebServer,User u4860 login successful,E101,User {user} login successful
56886,2026-01-14,07:39:42,INFO,AuthService,Transaction tx479302 completed in 72ms,E104,Transaction {tx} completed in {time}ms
56887,2026-01-14,07:15:44,INFO,WebServer,User u4217 login successful,E101,User {user} login successful
56888,2026-01-14,07:18:11,INFO,WebServer,User u2770 login successful,E101,User {user} login successful
56889,2026-01-14,07:44:05,INFO,WebServer,Transaction tx675634 completed in 697ms,E104,Transaction {tx} completed in {time}ms
56890,2026-01-14,07:42:42,INFO,WebServer,Transaction tx461802 completed in 165ms,E104,Transaction {tx} completed in {time}ms
56891,2026-01-14,07:33:34,INFO,AuthService,User u2939 login successful,E101,User {user} login successful
56892,2026-01-14,07:07:15,INFO,WebServer,User u4484 login successful,E101,User {user} login successful
56893,2026-01-14,07:15:20,INFO,AuthService,Page view: /home by u3362,E103,Page view: {page} by {user}
56894,2026-01-14,07:30:42,INFO,WebServer,Health check passed: WebServer,E102,Health check passed: {service}
56895,2026-01-14,07:53:28,INFO,PaymentGateway,Health check passed: PaymentGateway,E102,Health check passed: {service}
56896,2026-01-14,07:22:38,INFO,WebServer,User u4417 login successful,E101,User {user} login successful
56897,2026-01-14,07:12:26,WARN,WebServer,Disk usage > 85% on node node-2,E202,Disk usage > 85% on node {node}
56898,2026-01-14,07:47:30,INFO,WebServer,User u1219 login successful,E101,User {user} login successful
56899,2026-01-14,07:34:35,WARN,PaymentGateway,Disk usage > 85% on node node-4,E202,Disk usage > 85% on node {node}
56900,2026-01-14,07:05:47,INFO,WebServer,Page view: /home by u2291,E103,Page view: {page} by {user}
56901,2026-01-14,07:18:20,INFO,WebServer,Transaction tx907905 completed in 682ms,E104,Transaction {tx} completed in {time}ms
56902,2026-01-14,07:31:59,CRITICAL,PaymentGateway,DATA CORRUPTION detected in sector 222,E602,DATA CORRUPTION detected in sector {sector}
56903,2026-01-14,07:23:59,INFO,AuthService,User u1429 login successful,E101,User {user} login successful
56904,2026-01-14,07:46:04,INFO,WebServer,Page view: /home by u4988,E103,Page view: {page} by {user}
56905,2026-01-14,07:59:51,WARN,OrderProcessor,Unauthorized access attempt from 10.0.0.45,E401,Unauthorized access attempt from {ip}
56906,2026-01-14,07:52:52,INFO,WebServer,Transaction tx998441 completed in 1945ms,E104,Transaction {tx} completed in {time}ms
56907,2026-01-14,07:17:11,INFO,WebServer,Health check passed: WebServer,E102,Health check passed: {service}
56908,2026-01-14,07:43:00,INFO,WebServer,User u4513 login successful,E101,User {user} login successful
56909,2026-01-14,07:05:32,INFO,WebServer,User u1080 login successful,E101,User {user} login successful
56910,2026-01-14,07:31:05,INFO,PaymentGateway,Health check passed: PaymentGateway,E102,Health check passed: {service}
56911,2026-01-14,07:48:20,INFO,AuthService,Transaction tx751814 completed in 340ms,E104,Transaction {tx} completed in {time}ms
56912,2026-01-14,07:07:13,INFO,AuthService,Transaction tx430942 completed in 1406ms,E104,Transaction {tx} completed in {time}ms
56913,2026-01-14,07:37:56,INFO,AuthService,User u3260 login successful,E101,User {user} login successful
56914,2026-01-14,07:31:24,INFO,WebServer,User u3727 login successful,E101,User {user} login successful
56915,2026-01-14,07:54:37,INFO,WebServer,Health check passed: WebServer,E102,Health check passed: {service}
56916,2026-01-14,07:43:15,CRITICAL,InventoryDB,DATA CORRUPTION detected in sector 798,E602,DATA CORRUPTION detected in sector {sector}
56917,2026-01-14,07:25:26,INFO,AuthService,Transaction tx725110 completed in 1600ms,E104,Transaction {tx} completed in {time}ms
56918,2026-01-14,07:49:22,INFO,AuthService,Transaction tx213528 completed in 1953ms,E104,Transaction {tx} completed in {time}ms
56919,2026-01-14,07:49:16,INFO,WebServer,Page view: /home by u3369,E103,Page view: {page} by {user}
56920,2026-01-14,07:35:47,INFO,WebServer,User u4743 login successful,E101,User {user} login successful
56921,2026-01-14,07:07:17,INFO,WebServer,Page view: /home by u4398,E103,Page view: {page} by {user}
56922,2026-01-14,07:28:32,INFO,AuthService,Page view: /home by u2937,E103,Page view: {page} by {user}
56923,2026-01-14,07:19:35,INFO,WebServer,Transaction tx557116 completed in 1754ms,E104,Transaction {tx} completed in {time}ms
56924,2026-01-14,07:47:36,INFO,WebServer,Transaction tx959335 completed in 1624ms,E104,Transaction {tx} completed in {time}ms
56925,2026-01-14,07:16:14,INFO,AuthService,User u2298 login successful,E101,User {user} login successful
56926,2026-01-14,07:37:38,WARN,WebServer,Unauthorized access attempt from 10.0.0.45,E401,Unauthorized access attempt from {ip}
56927,2026-01-14,07:39:44,INFO,PaymentGateway,User u3706 login successful,E101,User {user} login successful
56928,2026-01-14,07:13:31,INFO,AuthService,Page view: /home by u4699,E103,Page view: {page} by {user}
56929,2026-01-14,07:45:21,INFO,WebServer,User u1554 login successful,E101,User {user} login successful
56930,2026-01-14,07:00:38,INFO,PaymentGateway,Transaction tx651898 completed in 825ms,E104,Transaction {tx} completed in {time}ms
56931,2026-01-14,07:10:16,INFO,AuthService,Page view: /home by u2746,E103,Page view: {page} by {user}
56932,2026-01-14,07:41:41,INFO,WebServer,Transaction tx569069 completed in 662ms,E104,Transaction {tx} completed in {time}ms
56933,2026-01-14,07:44:26,INFO,WebServer,Transaction tx889898 completed in 1210ms,E104,Transaction {tx} completed in {time}ms
56934,2026-01-14,07:36:28,WARN,WebServer,Disk usage > 85% on node node-3,E202,Disk usage > 85% on node {node}
56935,2026-01-14,07:18:18,INFO,WebServer,User u2976 login successful,E101,User {user} login successful
56936,2026-01-14,07:53:31,INFO,WebServer,Page view: /home by u2769,E103,Page view: {page} by {user}
56937,2026-01-14,07:40:05,INFO,WebServer,Page view: /home by u2112,E103,Page view: {page} by {user}
56938,2026-01-14,07:48:58,INFO,WebServer,Health check passed: WebServer,E102,Health check passed: {service}
56939,2026-01-14,07:10:41,INFO,WebServer,Transaction tx556143 completed in 895ms,E104,Transaction {tx} completed in {time}ms
56940,2026-01-14,07:24:01,INFO,OrderProcessor,User u2664 login successful,E101,User {user} login successful
56941,2026-01-14,07:40:23,INFO,AuthService,Health check passed: AuthService,E102,Health check passed: {service}
56942,2026-01-14,07:49:43,INFO,PaymentGateway,Health check passed: PaymentGateway,E102,Health check passed: {service}
56943,2026-01-14,07:06:31,INFO,WebServer,Transaction tx703079 completed in 470ms,E104,Transaction {tx} completed in {time}ms
56944,2026-01-14,07:42:02,INFO,WebServer,Transaction tx306608 completed in 84ms,E104,Transaction {tx} completed in {time}ms
56945,2026-01-14,07:46:46,WARN,OrderProcessor,Disk usage > 85% on node node-3,E202,Disk usage > 85% on node {node}
56946,2026-01-14,07:10:51,INFO,AuthService,Transaction tx507412 completed in 1047ms,E104,Transaction {tx} completed in {time}ms
56947,2026-01-14,07:30:36,INFO,WebServer,Health check passed: WebServer,E102,Health check passed: {service}
56948,2026-01-14,07:21:26,INFO,WebServer,User u2705 login successful,E101,User {user} login successful
56949,2026-01-14,07:42:13,INFO,AuthService,User u2542 login successful,E101,User {user} login successful
56950,2026-01-14,07:43:19,INFO,WebServer,Transaction tx232927 completed in 792ms,E104,Transaction {tx} completed in {time}ms
56951,2026-01-14,07:56:06,INFO,WebServer,Transaction tx145951 completed in 1050ms,E104,Transaction {tx} completed in {time}ms
56952,2026-01-14,07:33:39,INFO,WebServer,Page view: /home by u3873,E103,Page view: {page} by {user}
56953,2026-01-14,07:59:58,INFO,WebServer,Page view: /home by u1044,E103,Page view: {page} by {user}
56954,2026-01-14,07:08:43,INFO,AuthService,Health check passed: AuthService,E102,Health check passed: {service}
56955,2026-01-14,07:41:46,INFO,AuthService,Transaction tx648739 completed in 641ms,E104,Transaction {tx} completed in {time}ms
56956,2026-01-14,07:36:07,INFO,WebServer,Health check passed: WebServer,E102,Health check passed: {service}
56957,2026-01-14,07:15:01,INFO,OrderProcessor,User u3080 login successful,E101,User {user} login successful
56958,2026-01-14,07:12:36,INFO,AuthService,Page view: /home by u1713,E103,Page view: {page} by {user}
56959,2026-01-14,07:26:52,INFO,AuthService,User u2268 login successful,E101,User {user} login successful
56960,2026-01-14,07:56:36,INFO,OrderProcessor,User u2879 login successful,E101,User {user} login successful
56961,2026-01-14,07:50:13,INFO,AuthService,Health check passed: AuthService,E102,Health check passed: {service}
56962,2026-01-14,07:57:30,INFO,WebServer,Health check passed: WebServer,E102,Health check passed: {service}
56963,2026-01-14,07:21:04,INFO,WebServer,Transaction tx117154 completed in 849ms,E104,Transaction {tx} completed in {time}ms
56964,2026-01-14,07:42:40,INFO,AuthService,User u1045 login successful,E101,User {user} login successful
56965,2026-01-14,07:41:12,INFO,OrderProcessor,Page view: /home by u1458,E103,Page view: {page} by {user}
56966,2026-01-14,07:11:09,INFO,WebServer,Page view: /home by u4789,E103,Page view: {page} by {user}
56967,2026-01-14,07:09:41,INFO,WebServer,User u2133 login successful,E101,User {user} login successful
56968,2026-01-14,07:21:09,INFO,InventoryDB,Health check passed: InventoryDB,E102,Health check passed: {service}
56969,2026-01-14,07:17:52,INFO,WebServer,User u1738 login successful,E101,User {user} login successful
56970,2026-01-14,07:52:22,INFO,WebServer,Transaction tx191835 completed in 713ms,E104,Transaction {tx} completed in {time}ms
56971,2026-01-14,07:56:52,INFO,AuthService,Health check passed: AuthService,E102,Health check passed: {service}
56972,2026-01-14,07:01:20,INFO,OrderProcessor,Health check passed: OrderProcessor,E102,Health check passed: {service}
56973,2026-01-14,07:28:31,INFO,WebServer,Health check passed: WebServer,E102,Health check passed: {service}
56974,2026-01-14,07:51:05,INFO,OrderProcessor,User u3458 login successful,E101,User {user} login successful
56975,2026-01-14,07:39:50,INFO,WebServer,Health check passed: WebServer,E102,Health check passed: {service}
56976,2026-01-14,07:38:24,WARN,WebServer,Unauthorized access attempt from 10.0.0.10,E401,Unauthorized access attempt from {ip}
56977,2026-01-14,07:36:46,INFO,WebServer,User u4206 login successful,E101,User {user} login successful
56978,2026-01-14,07:03:14,INFO,AuthService,Transaction tx726069 completed in 1952ms,E104,Transaction {tx} completed in {time}ms
56979,2026-01-14,07:02:43,INFO,WebServer,User u3203 login successful,E101,User {user} login successful
56980,2026-01-14,07:53:10,INFO,PaymentGateway,Page view: /home by u2963,E103,Page view: {page} by {user}
56981,2026-01-14,07:59:41,INFO,AuthService,Transaction tx115922 completed in 1634ms,E104,Transaction {tx} completed in {time}ms
56982,2026-01-14,07:54:20,INFO,PaymentGateway,Page view: /home by u1731,E103,Page view: {page} by {user}
56983,2026-01-14,07:38:35,INFO,WebServer,Page view: /home by u1890,E103,Page view: {page} by {user}
56984,2026-01-14,07:25:38,INFO,PaymentGateway,Transaction tx473380 completed in 261ms,E104,Transaction {tx} completed in {time}ms
56985,2026-01-14,07:47:06,INFO,AuthService,Page view: /home by u1046,E103,Page view: {page} by {user}
56986,2026-01-14,07:16:13,INFO,PaymentGateway,Page view: /home by u4961,E103,Page view: {page} by {user}
56987,2026-01-14,08:36:04,INFO,PaymentGateway,Health check passed: PaymentGateway,E102,Health check passed: {service}
56988,2026-01-14,08:25:29,INFO,AuthService,Health check passed: AuthService,E102,Health check passed: {service}
56989,2026-01-14,08:34:24,INFO,WebServer,Page view: /home by u3335,E103,Page view: {page} by {user}
56990,2026-01-14,08:09:05,INFO,WebServer,User u4693 login successful,E101,User {user} login successful
56991,2026-01-14,08:09:36,INFO,OrderProcessor,Health check passed: OrderProcessor,E102,Health check passed: {service}
56992,2026-01-14,08:10:42,INFO,WebServer,User u4840 login successful,E101,User {user} login successful
56993,2026-01-14,08:47:18,INFO,AuthService,Transaction tx825171 completed in 523ms,E104,Transaction {tx} completed in {time}ms
56994,2026-01-14,08:02:18,INFO,WebServer,Health check passed: WebServer,E102,Health check passed: {service}
56995,2026-01-14,08:48:21,INFO,AuthService,Transaction tx117815 completed in 1818ms,E104,Transaction {tx} completed in {time}ms
56996,2026-01-14,08:32:22,INFO,WebServer,Page view: /home by u1989,E103,Page view: {page} by {user}
56997,2026-01-14,08:58:06,INFO,WebServer,User u2635 login successful,E101,User {user} login successful
56998,2026-01-14,08:30:09,INFO,OrderProcessor,User u3584 login successful,E101,User {user} login successful
56999,2026-01-14,08:54:01,INFO,WebServer,Health check passed: WebServer,E102,Health check passed: {service}
57000,2026-01-14,08:39:53,INFO,WebServer,Page view: /home by u2307,E103,Page view: {page} by {user}
57001,2026-01-14,08:40:38,INFO,OrderProcessor,User u3496 login successful,E101,User {user} login successful
57002,2026-01-14,08:07:15,INFO,WebServer,Transaction tx913690 completed in 362ms,E104,Transaction {tx} completed in {time}ms
57003,2026-01-14,08:48:05,INFO,WebServer,Transaction tx557151 completed in 1423ms,E104,Transaction {tx} completed in {time}ms
57004,2026-01-14,08:56:35,INFO,OrderProcessor,Transaction tx936641 completed in 766ms,E104,Transaction {tx} completed in {time}ms
57005,2026-01-14,08:37:08,INFO,OrderProcessor,Health check passed: OrderProcessor,E102,Health check passed: {service}
57006,2026-01-14,08:23:22,INFO,OrderProcessor,Page view: /home by u2646,E103,Page view: {page} by {user}
57007,2026-01-14,08:08:00,INFO,WebServer,Transaction tx673408 completed in 1432ms,E104,Transaction {tx} completed in {time}ms
57008,2026-01-14,08:05:26,INFO,OrderProcessor,Health check passed: OrderProcessor,E102,Health check passed: {service}
57009,2026-01-14,08:23:40,INFO,AuthService,Page view: /home by u1216,E103,Page view: {page} by {user}
57010,2026-01-14,08:49:51,INFO,AuthService,User u1105 login successful,E101,User {user} login successful
57011,2026-01-14,08:23:40,INFO,OrderProcessor,Health check passed: OrderProcessor,E102,Health check passed: {service}
57012,2026-01-14,08:22:33,INFO,WebServer,Page view: /home by u1308,E103,Page view: {page} by {user}
57013,2026-01-14,08:26:29,INFO,PaymentGateway,Health check passed: PaymentGateway,E102,Health check passed: {service}
57014,2026-01-14,08:28:04,INFO,PaymentGateway,User u3239 login successful,E101,User {user} login successful
57015,2026-01-14,08:38:24,INFO,AuthService,Transaction tx514282 completed in 507ms,E104,Transaction {tx} completed in {time}ms
57016,2026-01-14,08:06:31,WARN,AuthService,Disk usage > 85% on node node-2,E202,Disk usage > 85% on node {node}
57017,2026-01-14,08:18:17,INFO,InventoryDB,Health check passed: InventoryDB,E102,Health check passed: {service}
57018,2026-01-14,08:59:35,INFO,WebServer,Transaction tx271452 completed in 366ms,E104,Transaction {tx} completed in {time}ms
57019,2026-01-14,08:00:57,INFO,PaymentGateway,Health check passed: PaymentGateway,E102,Health check passed: {service}
57020,2026-01-14,08:23:08,ERROR,AuthService,Timeout waiting for lock on InventoryDB,E502,Timeout waiting for lock on {db}
57021,2026-01-14,08:11:24,INFO,OrderProcessor,Transaction tx986254 completed in 846ms,E104,Transaction {tx} completed in {time}ms
57022,2026-01-14,08:44:32,INFO,WebServer,User u4034 login successful,E101,User {user} login successful
57023,2026-01-14,08:12:10,INFO,WebServer,Transaction tx458290 completed in 1365ms,E104,Transaction {tx} completed in {time}ms
57024,2026-01-14,08:52:30,WARN,WebServer,High latency (1194ms) detected on WebServer,E201,High latency ({time}ms) detected on {service}
57025,2026-01-14,08:08:18,INFO,PaymentGateway,Page view: /home by u1223,E103,Page view: {page} by {user}
57026,2026-01-14,08:40:28,INFO,OrderProcessor,User u4133 login successful,E101,User {user} login successful
57027,2026-01-14,08:02:49,INFO,WebServer,Health check passed: WebServer,E102,Health check passed: {service}
57028,2026-01-14,08:29:09,INFO,WebServer,Health check passed: WebServer,E102,Health check passed: {service}
57029,2026-01-14,08:41:33,INFO,WebServer,Page view: /home by u1430,E103,Page view: {page} by {user}
57030,2026-01-14,08:43:43,INFO,WebServer,Transaction tx261904 completed in 1390ms,E104,Transaction {tx} completed in {time}ms
57031,2026-01-14,08:05:09,INFO,OrderProcessor,User u4290 login successful,E101,User {user} login successful
57032,2026-01-14,08:34:07,WARN,WebServer,High latency (570ms) detected on WebServer,E201,High latency ({time}ms) detected on {service}
57033,2026-01-14,08:13:06,INFO,AuthService,Health check passed: AuthService,E102,Health check passed: {service}
57034,2026-01-14,08:52:57,INFO,AuthService,Health check passed: AuthService,E102,Health check passed: {service}
57035,2026-01-14,08:46:41,INFO,WebServer,Health check passed: WebServer,E102,Health check passed: {service}
57036,2026-01-14,08:03:02,INFO,WebServer,Page view: /home by u4503,E103,Page view: {page} by {user}
57037,2026-01-14,08:17:03,INFO,OrderProcessor,Transaction tx911677 completed in 495ms,E104,Transaction {tx} completed in {time}ms
57038,2026-01-14,08:31:26,INFO,OrderProcessor,Transaction tx143930 completed in 1496ms,E104,Transaction {tx} completed in {time}ms
57039,2026-01-14,08:06:14,INFO,PaymentGateway,Health check passed: PaymentGateway,E102,Health check passed: {service}
57040,2026-01-14,08:40:25,INFO,WebServer,Page view: /home by u1408,E103,Page view: {page} by {user}
57041,2026-01-14,08:41:20,INFO,WebServer,Health check passed: WebServer,E102,Health check passed: {service}
57042,2026-01-14,08:07:31,INFO,WebServer,Health check passed: WebServer,E102,Health check passed: {service}
57043,2026-01-14,08:37:56,INFO,OrderProcessor,Page view: /home by u3612,E103,Page view: {page} by {user}
57044,2026-01-14,08:45:28,INFO,WebServer,Transaction tx711501 completed in 1037ms,E104,Transaction {tx} completed in {time}ms
57045,2026-01-14,08:53:36,INFO,AuthService,Health check passed: AuthService,E102,Health check passed: {service}
57046,2026-01-14,08:01:45,INFO,WebServer,Page view: /home by u3196,E103,Page view: {page} by {user}
57047,2026-01-14,08:24:10,INFO,AuthService,User u2473 login successful,E101,User {user} login successful
57048,2026-01-14,08:04:51,INFO,WebServer,User u4663 login successful,E101,User {user} login successful
57049,2026-01-14,08:49:31,INFO,AuthService,Health check passed: AuthService,E102,Health check passed: {service}
57050,2026-01-14,08:18:05,INFO,WebServer,Page view: /home by u1520,E103,Page view: {page} by {user}
57051,2026-01-14,08:59:56,INFO,WebServer,User u4486 login successful,E101,User {user} login successful
57052,2026-01-14,08:04:48,WARN,InventoryDB,High latency (342ms) detected on InventoryDB,E201,High latency ({time}ms) detected on {service}
57053,2026-01-14,08:40:50,INFO,WebServer,Health check passed: WebServer,E102,Health check passed: {service}
57054,2026-01-14,08:32:29,INFO,WebServer,Page view: /home by u4848,E103,Page view: {page} by {user}
57055,2026-01-14,08:31:26,INFO,WebServer,User u2128 login successful,E101,User {user} login successful
57056,2026-01-14,08:01:46,ERROR,WebServer,Timeout waiting for lock on InventoryDB,E502,Timeout waiting for lock on {db}
57057,2026-01-14,08:55:08,INFO,WebServer,Transaction tx193820 completed in 1165ms,E104,Transaction {tx} completed in {time}ms
57058,2026-01-14,08:56:39,INFO,InventoryDB,Health check passed: InventoryDB,E102,Health check passed: {service}
57059,2026-01-14,08:48:12,INFO,WebServer,User u2716 login successful,E101,User {user} login successful
57060,2026-01-14,08:58:40,INFO,AuthService,Transaction tx314174 completed in 1064ms,E104,Transaction {tx} completed in {time}ms
57061,2026-01-14,08:56:11,INFO,PaymentGateway,Page view: /home by u2071,E103,Page view: {page} by {user}
57062,2026-01-14,08:34:47,INFO,WebServer,Page view: /home by u2188,E103,Page view: {page} by {user}
57063,2026-01-14,08:51:24,INFO,PaymentGateway,Page view: /home by u4539,E103,Page view: {page} by {user}
57064,2026-01-14,08:40:42,INFO,OrderProcessor,Health check passed: OrderProcessor,E102,Health check passed: {service}
57065,2026-01-14,08:48:38,INFO,AuthService,User u1878 login successful,E101,User {user} login successful
57066,2026-01-14,08:31:31,INFO,WebServer,Page view: /home by u4908,E103,Page view: {page} by {user}
57067,2026-01-14,08:42:49,INFO,WebServer,User u4806 login successful,E101,User {user} login successful
57068,2026-01-14,08:00:39,INFO,OrderProcessor,Health check passed: OrderProcessor,E102,Health check passed: {service}
57069,2026-01-14,08:20:12,INFO,WebServer,User u2121 login successful,E101,User {user} login successful
57070,2026-01-14,08:13:38,INFO,OrderProcessor,Transaction tx597695 completed in 1461ms,E104,Transaction {tx} completed in {time}ms
57071,2026-01-14,08:41:35,INFO,InventoryDB,User u2786 login successful,E101,User {user} login successful
57072,2026-01-14,08:24:55,INFO,AuthService,Page view: /home by u2519,E103,Page view: {page} by {user}
57073,2026-01-14,08:30:04,WARN,PaymentGateway,High latency (456ms) detected on PaymentGateway,E201,High latency ({time}ms) detected on {service}
57074,2026-01-14,08:29:34,INFO,WebServer,Transaction tx651767 completed in 733ms,E104,Transaction {tx} completed in {time}ms
57075,2026-01-14,08:13:31,INFO,WebServer,Page view: /home by u2787,E103,Page view: {page} by {user}
57076,2026-01-14,08:17:52,INFO,OrderProcessor,User u4567 login successful,E101,User {user} login successful
57077,2026-01-14,08:34:44,INFO,PaymentGateway,Transaction tx408920 completed in 581ms,E104,Transaction {tx} completed in {time}ms
57078,2026-01-14,08:57:30,ERROR,WebServer,Payment declined: Gateway unavailable,E503,Payment declined: Gateway unavailable
57079,2026-01-14,08:50:26,INFO,WebServer,Page view: /home by u2899,E103,Page view: {page} by {user}
57080,2026-01-14,08:06:59,INFO,AuthService,Health check passed: AuthService,E102,Health check passed: {service}
57081,2026-01-14,08:02:06,INFO,WebServer,Page view: /home by u4584,E103,Page view: {page} by {user}
57082,2026-01-14,08:30:07,INFO,AuthService,Page view: /home by u4070,E103,Page view: {page} by {user}
57083,2026-01-14,08:07:57,ERROR,WebServer,Connection refused to WebServer at 10.0.0.45,E501,Connection refused to {service} at {ip}
57084,2026-01-14,08:32:37,INFO,AuthService,Health check passed: AuthService,E102,Health check passed: {service}
57085,2026-01-14,08:04:25,INFO,OrderProcessor,Page view: /home by u2745,E103,Page view: {page} by {user}
57086,2026-01-14,08:04:09,INFO,OrderProcessor,Transaction tx828656 completed in 1112ms,E104,Transaction {tx} completed in {time}ms
57087,2026-01-14,08:04:41,INFO,AuthService,User u2464 login successful,E101,User {user} login successful
57088,2026-01-14,08:35:47,INFO,WebServer,User u4429 login successful,E101,User {user} login successful
57089,2026-01-14,08:50:47,INFO,WebServer,Transaction tx989995 completed in 1778ms,E104,Transaction {tx} completed in {time}ms
57090,2026-01-14,08:46:33,INFO,WebServer,Page view: /home by u3269,E103,Page view: {page} by {user}
57091,2026-01-14,08:09:13,INFO,AuthService,Health check passed: AuthService,E102,Health check passed: {service}
57092,2026-01-14,08:27:37,INFO,AuthService,Health check passed: AuthService,E102,Health check passed: {service}
57093,2026-01-14,08:23:40,INFO,PaymentGateway,User u4554 login successful,E101,User {user} login successful
57094,2026-01-14,08:58:32,INFO,PaymentGateway,Transaction tx983072 completed in 1221ms,E104,Transaction {tx} completed in {time}ms
57095,2026-01-14,08:22:44,INFO,WebServer,User u3340 login successful,E101,User {user} login successful
57096,2026-01-14,08:24:03,INFO,AuthService,Health check passed: AuthService,E102,Health check passed: {service}
57097,2026-01-14,08:41:06,ERROR,WebServer,Timeout waiting for lock on InventoryDB,E502,Timeout waiting for lock on {db}
57098,2026-01-14,08:32:44,INFO,AuthService,User u1729 login successful,E101,User {user} login successful
57099,2026-01-14,08:38:20,ERROR,OrderProcessor,Payment declined: Gateway unavailable,E503,Payment declined: Gateway unavailable
57100,2026-01-14,08:53:34,INFO,AuthService,Transaction tx355875 completed in 1674ms,E104,Transaction {tx} completed in {time}ms
57101,2026-01-14,08:40:39,INFO,AuthService,Transaction tx971247 completed in 1279ms,E104,Transaction {tx} completed in {time}ms
57102,2026-01-14,08:08:57,INFO,WebServer,Health check passed: WebServer,E102,Health check passed: {service}
57103,2026-01-14,08:17:21,INFO,PaymentGateway,User u1637 login successful,E101,User {user} login successful
57104,2026-01-14,08:57:01,INFO,OrderProcessor,Transaction tx498217 completed in 1491ms,E104,Transaction {tx} completed in {time}ms
57105,2026-01-14,08:39:20,INFO,PaymentGateway,Page view: /home by u4652,E103,Page view: {page} by {user}
57106,2026-01-14,08:19:18,INFO,OrderProcessor,Transaction tx663606 completed in 1020ms,E104,Transaction {tx} completed in {time}ms
57107,2026-01-14,08:33:15,INFO,AuthService,Page view: /home by u4994,E103,Page view: {page} by {user}
57108,2026-01-14,08:17:00,INFO,InventoryDB,Page view: /home by u3076,E103,Page view: {page} by {user}
57109,2026-01-14,08:02:07,INFO,WebServer,Transaction tx185625 completed in 1836ms,E104,Transaction {tx} completed in {time}ms
57110,2026-01-14,08:25:16,INFO,WebServer,User u2507 login successful,E101,User {user} login successful
57111,2026-01-14,08:25:29,INFO,OrderProcessor,Page view: /home by u3938,E103,Page view: {page} by {user}
57112,2026-01-14,08:16:49,INFO,OrderProcessor,Transaction tx587276 completed in 1062ms,E104,Transaction {tx} completed in {time}ms
57113,2026-01-14,08:41:58,INFO,InventoryDB,Page view: /home by u4589,E103,Page view: {page} by {user}
57114,2026-01-14,08:44:44,INFO,OrderProcessor,User u1256 login successful,E101,User {user} login successful
57115,2026-01-14,08:00:45,INFO,OrderProcessor,Health check passed: OrderProcessor,E102,Health check passed: {service}
57116,2026-01-14,08:46:43,WARN,WebServer,High latency (722ms) detected on WebServer,E201,High latency ({time}ms) detected on {service}
57117,2026-01-14,08:08:55,INFO,WebServer,Health check passed: WebServer,E102,Health check passed: {service}
57118,2026-01-14,08:20:57,INFO,AuthService,User u1788 login successful,E101,User {user} login successful
57119,2026-01-14,08:42:05,INFO,AuthService,Page view: /home by u1276,E103,Page view: {page} by {user}
57120,2026-01-14,08:15:45,INFO,AuthService,Transaction tx558207 completed in 1577ms,E104,Transaction {tx} completed in {time}ms
57121,2026-01-14,08:13:49,INFO,WebServer,User u2597 login successful,E101,User {user} login successful
57122,2026-01-14,08:22:08,INFO,WebServer,Page view: /home by u4941,E103,Page view: {page} by {user}
57123,2026-01-14,08:03:59,INFO,OrderProcessor,Page view: /home by u3115,E103,Page view: {page} by {user}
57124,2026-01-14,08:42:33,WARN,OrderProcessor,High latency (1892ms) detected on OrderProcessor,E201,High latency ({time}ms) detected on {service}
57125,2026-01-14,08:29:53,INFO,OrderProcessor,Transaction tx521240 completed in 1264ms,E104,Transaction {tx} completed in {time}ms
57126,2026-01-14,08:15:43,INFO,AuthService,User u2388 login successful,E101,User {user} login successful
57127,2026-01-14,08:09:37,INFO,WebServer,Health check passed: WebServer,E102,Health check passed: {service}
57128,2026-01-14,08:35:53,INFO,WebServer,Health check passed: WebServer,E102,Health check passed: {service}
57129,2026-01-14,08:47:01,INFO,OrderProcessor,Health check passed: OrderProcessor,E102,Health check passed: {service}
57130,2026-01-14,08:38:03,INFO,WebServer,Transaction tx981452 completed in 96ms,E104,Transaction {tx} completed in {time}ms
57131,2026-01-14,08:33:22,INFO,OrderProcessor,Transaction tx751062 completed in 1148ms,E104,Transaction {tx} completed in {time}ms
57132,2026-01-14,08:19:25,INFO,WebServer,Page view: /home by u3323,E103,Page view: {page} by {user}
57133,2026-01-14,08:17:20,INFO,WebServer,Transaction tx352715 completed in 418ms,E104,Transaction {tx} completed in {time}ms
57134,2026-01-14,08:22:17,INFO,WebServer,Page view: /home by u4305,E103,Page view: {page} by {user}
57135,2026-01-14,08:58:40,INFO,AuthService,Health check passed: AuthService,E102,Health check passed: {service}
57136,2026-01-14,08:33:00,INFO,AuthService,Transaction tx515998 completed in 306ms,E104,Transaction {tx} completed in {time}ms
57137,2026-01-14,08:19:52,INFO,PaymentGateway,Page view: /home by u3018,E103,Page view: {page} by {user}
57138,2026-01-14,08:05:37,INFO,WebServer,Page view: /home by u2970,E103,Page view: {page} by {user}
57139,2026-01-14,08:42:28,INFO,WebServer,Transaction tx709428 completed in 1390ms,E104,Transaction {tx} completed in {time}ms
57140,2026-01-14,08:07:17,INFO,OrderProcessor,User u3236 login successful,E101,User {user} login successful
57141,2026-01-14,08:35:07,INFO,WebServer,User u2504 login successful,E101,User {user} login successful
57142,2026-01-14,08:43:50,INFO,OrderProcessor,Health check passed: OrderProcessor,E102,Health check passed: {service}
57143,2026-01-14,08:13:32,INFO,WebServer,Health check passed: WebServer,E102,Health check passed: {service}
57144,2026-01-14,08:46:14,INFO,WebServer,Health check passed: WebServer,E102,Health check passed: {service}
57145,2026-01-14,08:01:07,INFO,WebServer,Page view: /home by u3038,E103,Page view: {page} by {user}
57146,2026-01-14,08:37:27,INFO,AuthService,Page view: /home by u2657,E103,Page view: {page} by {user}
57147,2026-01-14,08:26:04,INFO,AuthService,Transaction tx104895 completed in 50ms,E104,Transaction {tx} completed in {time}ms
57148,2026-01-14,08:32:12,INFO,WebServer,Page view: /home by u4317,E103,Page view: {page} by {user}
57149,2026-01-14,08:42:37,INFO,WebServer,Transaction tx954387 completed in 738ms,E104,Transaction {tx} completed in {time}ms
57150,2026-01-14,08:43:32,INFO,AuthService,Page view: /home by u2974,E103,Page view: {page} by {user}
57151,2026-01-14,08:31:56,INFO,WebServer,Health check passed: WebServer,E102,Health check passed: {service}
57152,2026-01-14,08:43:37,INFO,InventoryDB,Health check passed: InventoryDB,E102,Health check passed: {service}
57153,2026-01-14,08:01:30,INFO,WebServer,Page view: /home by u2755,E103,Page view: {page} by {user}
57154,2026-01-14,08:06:42,INFO,WebServer,Page view: /home by u2725,E103,Page view: {page} by {user}
57155,2026-01-14,08:35:27,INFO,AuthService,Health check passed: AuthService,E102,Health check passed: {service}
57156,2026-01-14,08:26:31,INFO,WebServer,Page view: /home by u2854,E103,Page view: {page} by {user}
57157,2026-01-14,08:48:25,INFO,WebServer,Transaction tx956767 completed in 1203ms,E104,Transaction {tx} completed in {time}ms
57158,2026-01-14,08:31:49,INFO,WebServer,Transaction tx322265 completed in 1073ms,E104,Transaction {tx} completed in {time}ms
57159,2026-01-14,08:38:59,INFO,WebServer,User u4042 login successful,E101,User {user} login successful
57160,2026-01-14,08:02:20,INFO,OrderProcessor,Health check passed: OrderProcessor,E102,Health check passed: {service}
57161,2026-01-14,08:27:06,INFO,AuthService,User u3286 login successful,E101,User {user} login successful
57162,2026-01-14,08:10:35,WARN,OrderProcessor,Disk usage > 85% on node node-2,E202,Disk usage > 85% on node {node}
57163,2026-01-14,08:40:37,INFO,AuthService,Transaction tx824266 completed in 1703ms,E104,Transaction {tx} completed in {time}ms
57164,2026-01-14,08:29:24,INFO,InventoryDB,User u4196 login successful,E101,User {user} login successful
57165,2026-01-14,08:10:46,INFO,OrderProcessor,Page view: /home by u4607,E103,Page view: {page} by {user}
57166,2026-01-14,08:48:48,INFO,AuthService,Page view: /home by u1551,E103,Page view: {page} by {user}
57167,2026-01-14,08:06:27,INFO,AuthService,Page view: /home by u1073,E103,Page view: {page} by {user}
57168,2026-01-14,08:39:19,INFO,WebServer,Transaction tx519049 completed in 1005ms,E104,Transaction {tx} completed in {time}ms
57169,2026-01-14,08:40:18,INFO,WebServer,Transaction tx775733 completed in 1095ms,E104,Transaction {tx} completed in {time}ms
57170,2026-01-14,08:16:56,INFO,WebServer,Health check passed: WebServer,E102,Health check passed: {service}
57171,2026-01-14,08:35:49,INFO,WebServer,Page view: /home by u3181,E103,Page view: {page} by {user}
57172,2026-01-14,08:31:06,INFO,PaymentGateway,Transaction tx623574 completed in 1324ms,E104,Transaction {tx} completed in {time}ms
57173,2026-01-14,08:56:18,INFO,WebServer,Transaction tx982626 completed in 1072ms,E104,Transaction {tx} completed in {time}ms
57174,2026-01-14,08:40:40,INFO,WebServer,Page view: /home by u4632,E103,Page view: {page} by {user}
57175,2026-01-14,08:12:02,INFO,WebServer,Transaction tx729934 completed in 1814ms,E104,Transaction {tx} completed in {time}ms
57176,2026-01-14,08:43:17,INFO,WebServer,User u2810 login successful,E101,User {user} login successful
57177,2026-01-14,08:48:28,INFO,AuthService,Transaction tx541502 completed in 233ms,E104,Transaction {tx} completed in {time}ms
57178,2026-01-14,08:42:08,INFO,WebServer,Page view: /home by u4944,E103,Page view: {page} by {user}
57179,2026-01-14,08:28:20,INFO,WebServer,Transaction tx721764 completed in 665ms,E104,Transaction {tx} completed in {time}ms
57180,2026-01-14,08:53:53,INFO,OrderProcessor,Health check passed: OrderProcessor,E102,Health check passed: {service}
57181,2026-01-14,08:46:52,INFO,WebServer,Health check passed: WebServer,E102,Health check passed: {service}
57182,2026-01-14,08:42:25,WARN,AuthService,Disk usage > 85% on node node-4,E202,Disk usage > 85% on node {node}
57183,2026-01-14,08:08:11,INFO,OrderProcessor,User u1313 login successful,E101,User {user} login successful
57184,2026-01-14,08:33:48,WARN,OrderProcessor,Unauthorized access attempt from 10.0.0.45,E401,Unauthorized access attempt from {ip}
57185,2026-01-14,08:43:43,INFO,OrderProcessor,User u3340 login successful,E101,User {user} login successful
57186,2026-01-14,08:56:07,INFO,PaymentGateway,Transaction tx715432 completed in 1951ms,E104,Transaction {tx} completed in {time}ms
57187,2026-01-14,08:36:38,INFO,OrderProcessor,Page view: /home by u1158,E103,Page view: {page} by {user}
57188,2026-01-14,08:52:21,INFO,WebServer,Transaction tx944383 completed in 452ms,E104,Transaction {tx} completed in {time}ms
57189,2026-01-14,08:27:35,INFO,WebServer,Health check passed: WebServer,E102,Health check passed: {service}
57190,2026-01-14,08:50:05,INFO,PaymentGateway,Health check passed: PaymentGateway,E102,Health check passed: {service}
57191,2026-01-14,08:13:22,INFO,AuthService,User u3897 login successful,E101,User {user} login successful
57192,2026-01-14,08:33:25,WARN,AuthService,Disk usage > 85% on node node-2,E202,Disk usage > 85% on node {node}
57193,2026-01-14,08:01:13,INFO,OrderProcessor,Page view: /home by u3701,E103,Page view: {page} by {user}
57194,2026-01-14,08:37:10,WARN,WebServer,Unauthorized access attempt from 10.0.0.12,E401,Unauthorized access attempt from {ip}
57195,2026-01-14,08:02:07,INFO,AuthService,User u3245 login successful,E101,User {user} login successful
57196,2026-01-14,08:29:38,INFO,OrderProcessor,Page view: /home by u1569,E103,Page view: {page} by {user}
57197,2026-01-14,08:02:38,WARN,WebServer,High latency (37ms) detected on WebServer,E201,High latency ({time}ms) detected on {service}
57198,2026-01-14,08:10:53,INFO,WebServer,Transaction tx828027 completed in 1611ms,E104,Transaction {tx} completed in {time}ms
57199,2026-01-14,08:40:08,INFO,WebServer,User u1130 login successful,E101,User {user} login successful
57200,2026-01-14,08:33:23,INFO,WebServer,Transaction tx178406 completed in 1570ms,E104,Transaction {tx} completed in {time}ms
57201,2026-01-14,08:36:38,INFO,AuthService,Transaction tx754891 completed in 397ms,E104,Transaction {tx} completed in {time}ms
57202,2026-01-14,08:46:15,INFO,WebServer,Transaction tx226427 completed in 428ms,E104,Transaction {tx} completed in {time}ms
57203,2026-01-14,08:45:31,INFO,InventoryDB,Page view: /home by u1643,E103,Page view: {page} by {user}
57204,2026-01-14,08:20:00,INFO,WebServer,User u1246 login successful,E101,User {user} login successful
57205,2026-01-14,08:54:44,INFO,PaymentGateway,Page view: /home by u4360,E103,Page view: {page} by {user}
57206,2026-01-14,08:05:21,INFO,AuthService,Health check passed: AuthService,E102,Health check passed: {service}
57207,2026-01-14,08:56:24,INFO,WebServer,User u4995 login successful,E101,User {user} login successful
57208,2026-01-14,08:06:35,INFO,InventoryDB,User u3127 login successful,E101,User {user} login successful
57209,2026-01-14,08:04:17,INFO,AuthService,Transaction tx969381 completed in 1232ms,E104,Transaction {tx} completed in {time}ms
57210,2026-01-14,08:39:09,INFO,WebServer,User u4819 login successful,E101,User {user} login successful
57211,2026-01-14,08:41:06,INFO,PaymentGateway,Transaction tx387767 completed in 619ms,E104,Transaction {tx} completed in {time}ms
57212,2026-01-14,08:34:18,INFO,WebServer,Page view: /home by u3781,E103,Page view: {page} by {user}
57213,2026-01-14,08:18:03,INFO,OrderProcessor,Transaction tx359717 completed in 1476ms,E104,Transaction {tx} completed in {time}ms
57214,2026-01-14,08:23:45,INFO,OrderProcessor,User u4551 login successful,E101,User {user} login successful
57215,2026-01-14,08:24:28,INFO,PaymentGateway,Page view: /home by u1031,E103,Page view: {page} by {user}
57216,2026-01-14,08:46:50,INFO,OrderProcessor,Health check passed: OrderProcessor,E102,Health check passed: {service}
57217,2026-01-14,08:20:45,INFO,WebServer,Health check passed: WebServer,E102,Health check passed: {service}
57218,2026-01-14,08:39:11,INFO,AuthService,Transaction tx422481 completed in 720ms,E104,Transaction {tx} completed in {time}ms
57219,2026-01-14,08:45:09,INFO,WebServer,User u2530 login successful,E101,User {user} login successful
57220,2026-01-14,08:06:11,WARN,WebServer,Unauthorized access attempt from 10.0.0.12,E401,Unauthorized access attempt from {ip}
57221,2026-01-14,08:14:51,INFO,OrderProcessor,User u1986 login successful,E101,User {user} login successful
57222,2026-01-14,08:49:12,INFO,AuthService,Health check passed: AuthService,E102,Health check passed: {service}
57223,2026-01-14,08:12:57,INFO,WebServer,Health check passed: WebServer,E102,Health check passed: {service}
57224,2026-01-14,08:31:02,INFO,AuthService,Health check passed: AuthService,E102,Health check passed: {service}
57225,2026-01-14,08:30:47,INFO,WebServer,Health check passed: WebServer,E102,Health check passed: {service}
57226,2026-01-14,08:50:05,WARN,AuthService,Unauthorized access attempt from 10.0.0.88,E401,Unauthorized access attempt from {ip}
57227,2026-01-14,08:20:23,INFO,OrderProcessor,Health check passed: OrderProcessor,E102,Health check passed: {service}
57228,2026-01-14,08:28:50,INFO,OrderProcessor,User u3544 login successful,E101,User {user} login successful
57229,2026-01-14,08:12:26,INFO,PaymentGateway,Page view: /home by u4632,E103,Page view: {page} by {user}
57230,2026-01-14,08:43:29,INFO,WebServer,User u4907 login successful,E101,User {user} login successful
57231,2026-01-14,08:33:59,INFO,WebServer,Page view: /home by u4604,E103,Page view: {page} by {user}
57232,2026-01-14,08:32:12,INFO,WebServer,User u2112 login successful,E101,User {user} login successful
57233,2026-01-14,08:44:10,INFO,WebServer,User u1650 login successful,E101,User {user} login successful
57234,2026-01-14,08:12:03,WARN,WebServer,Unauthorized access attempt from 10.0.0.45,E401,Unauthorized access attempt from {ip}
57235,2026-01-14,08:56:53,INFO,OrderProcessor,Page view: /home by u2101,E103,Page view: {page} by {user}
57236,2026-01-14,08:49:28,INFO,AuthService,Health check passed: AuthService,E102,Health check passed: {service}
57237,2026-01-14,08:42:01,INFO,InventoryDB,User u2294 login successful,E101,User {user} login successful
57238,2026-01-14,08:12:59,INFO,WebServer,Page view: /home by u3001,E103,Page view: {page} by {user}
57239,2026-01-14,08:38:22,INFO,WebServer,Transaction tx379559 completed in 642ms,E104,Transaction {tx} completed in {time}ms
57240,2026-01-14,08:30:06,INFO,AuthService,User u2752 login successful,E101,User {user} login successful
57241,2026-01-14,08:07:14,INFO,AuthService,Page view: /home by u2857,E103,Page view: {page} by {user}
57242,2026-01-14,08:33:08,INFO,WebServer,Page view: /home by u4231,E103,Page view: {page} by {user}
57243,2026-01-14,08:46:10,INFO,AuthService,Transaction tx585906 completed in 410ms,E104,Transaction {tx} completed in {time}ms
57244,2026-01-14,08:08:29,INFO,OrderProcessor,User u4994 login successful,E101,User {user} login successful
57245,2026-01-14,08:04:59,INFO,WebServer,Health check passed: WebServer,E102,Health check passed: {service}
57246,2026-01-14,08:05:10,INFO,AuthService,Page view: /home by u4951,E103,Page view: {page} by {user}
57247,2026-01-14,08:34:20,INFO,AuthService,User u3538 login successful,E101,User {user} login successful
57248,2026-01-14,08:29:31,INFO,AuthService,Page view: /home by u2085,E103,Page view: {page} by {user}
57249,2026-01-14,08:48:44,INFO,InventoryDB,Page view: /home by u1869,E103,Page view: {page} by {user}
57250,2026-01-14,08:44:43,INFO,OrderProcessor,User u4741 login successful,E101,User {user} login successful
57251,2026-01-14,08:42:11,INFO,OrderProcessor,User u3091 login successful,E101,User {user} login successful
57252,2026-01-14,08:07:54,INFO,WebServer,Health check passed: WebServer,E102,Health check passed: {service}
57253,2026-01-14,08:07:34,INFO,WebServer,Health check passed: WebServer,E102,Health check passed: {service}
57254,2026-01-14,08:00:46,INFO,AuthService,Transaction tx905272 completed in 37ms,E104,Transaction {tx} completed in {time}ms
57255,2026-01-14,08:29:36,INFO,OrderProcessor,Health check passed: OrderProcessor,E102,Health check passed: {service}
57256,2026-01-14,08:06:16,INFO,WebServer,Health check passed: WebServer,E102,Health check passed: {service}
57257,2026-01-14,08:17:56,INFO,OrderProcessor,Transaction tx679364 completed in 1557ms,E104,Transaction {tx} completed in {time}ms
57258,2026-01-14,08:56:32,INFO,WebServer,User u3869 login successful,E101,User {user} login successful
57259,2026-01-14,08:40:25,INFO,WebServer,Transaction tx773796 completed in 193ms,E104,Transaction {tx} completed in {time}ms
57260,2026-01-14,08:23:37,INFO,WebServer,Transaction tx561077 completed in 441ms,E104,Transaction {tx} completed in {time}ms
57261,2026-01-14,08:19:44,WARN,AuthService,Unauthorized access attempt from 10.0.0.45,E401,Unauthorized access attempt from {ip}
57262,2026-01-14,08:16:29,INFO,AuthService,Transaction tx884571 completed in 1939ms,E104,Transaction {tx} completed in {time}ms
57263,2026-01-14,08:47:44,INFO,WebServer,Page view: /home by u4739,E103,Page view: {page} by {user}
57264,2026-01-14,08:27:52,CRITICAL,AuthService,DATA CORRUPTION detected in sector 358,E602,DATA CORRUPTION detected in sector {sector}
57265,2026-01-14,08:58:43,WARN,WebServer,Disk usage > 85% on node node-2,E202,Disk usage > 85% on node {node}
57266,2026-01-14,08:30:13,INFO,WebServer,Health check passed: WebServer,E102,Health check passed: {service}
57267,2026-01-14,08:16:40,WARN,WebServer,High latency (584ms) detected on WebServer,E201,High latency ({time}ms) detected on {service}
57268,2026-01-14,08:34:44,INFO,WebServer,User u4747 login successful,E101,User {user} login successful
57269,2026-01-14,08:59:13,INFO,AuthService,User u1559 login successful,E101,User {user} login successful
57270,2026-01-14,08:16:00,INFO,WebServer,Transaction tx528351 completed in 1060ms,E104,Transaction {tx} completed in {time}ms
57271,2026-01-14,08:27:36,ERROR,WebServer,Connection refused to WebServer at 10.0.0.12,E501,Connection refused to {service} at {ip}
57272,2026-01-14,08:57:59,INFO,OrderProcessor,User u3448 login successful,E101,User {user} login successful
57273,2026-01-14,08:49:35,INFO,WebServer,Page view: /home by u2734,E103,Page view: {page} by {user}
57274,2026-01-14,08:06:40,INFO,OrderProcessor,Page view: /home by u3489,E103,Page view: {page} by {user}
57275,2026-01-14,08:34:41,INFO,OrderProcessor,Page view: /home by u4715,E103,Page view: {page} by {user}
57276,2026-01-14,08:51:43,INFO,AuthService,User u2455 login successful,E101,User {user} login successful
57277,2026-01-14,08:11:43,INFO,AuthService,Transaction tx468670 completed in 316ms,E104,Transaction {tx} completed in {time}ms
57278,2026-01-14,08:23:00,INFO,WebServer,Health check passed: WebServer,E102,Health check passed: {service}
57279,2026-01-14,08:37:37,INFO,AuthService,User u1846 login successful,E101,User {user} login successful
57280,2026-01-14,08:00:29,INFO,AuthService,Page view: /home by u4504,E103,Page view: {page} by {user}
57281,2026-01-14,08:47:10,WARN,PaymentGateway,Disk usage > 85% on node node-3,E202,Disk usage > 85% on node {node}
57282,2026-01-14,08:24:18,INFO,InventoryDB,Page view: /home by u2296,E103,Page view: {page} by {user}
57283,2026-01-14,08:58:09,INFO,WebServer,Transaction tx487047 completed in 863ms,E104,Transaction {tx} completed in {time}ms
57284,2026-01-14,08:47:49,INFO,AuthService,Transaction tx144481 completed in 435ms,E104,Transaction {tx} completed in {time}ms
57285,2026-01-14,08:51:06,INFO,WebServer,Transaction tx366202 completed in 629ms,E104,Transaction {tx} completed in {time}ms
57286,2026-01-14,08:24:33,INFO,WebServer,Transaction tx648144 completed in 749ms,E104,Transaction {tx} completed in {time}ms
57287,2026-01-14,08:03:50,INFO,AuthService,Transaction tx877699 completed in 1808ms,E104,Transaction {tx} completed in {time}ms
57288,2026-01-14,08:32:29,INFO,OrderProcessor,User u4377 login successful,E101,User {user} login successful
57289,2026-01-14,08:41:23,INFO,PaymentGateway,Transaction tx622728 completed in 1247ms,E104,Transaction {tx} completed in {time}ms
57290,2026-01-14,08:35:13,INFO,OrderProcessor,Page view: /home by u2249,E103,Page view: {page} by {user}
57291,2026-01-14,08:36:48,INFO,WebServer,Health check passed: WebServer,E102,Health check passed: {service}
57292,2026-01-14,08:15:09,INFO,WebServer,Health check passed: WebServer,E102,Health check passed: {service}
57293,2026-01-14,08:27:27,INFO,WebServer,Transaction tx335787 completed in 256ms,E104,Transaction {tx} completed in {time}ms
57294,2026-01-14,08:31:45,WARN,AuthService,Unauthorized access attempt from 10.0.0.45,E401,Unauthorized access attempt from {ip}
57295,2026-01-14,08:55:41,INFO,AuthService,Page view: /home by u1884,E103,Page view: {page} by {user}
57296,2026-01-14,08:36:04,INFO,WebServer,Health check passed: WebServer,E102,Health check passed: {service}
57297,2026-01-14,08:26:13,WARN,WebServer,Unauthorized access attempt from 10.0.0.12,E401,Unauthorized access attempt from {ip}
57298,2026-01-14,08:12:15,INFO,WebServer,Page view: /home by u1403,E103,Page view: {page} by {user}
57299,2026-01-14,08:42:19,INFO,PaymentGateway,Page view: /home by u3678,E103,Page view: {page} by {user}
57300,2026-01-14,08:01:57,INFO,WebServer,Transaction tx408471 completed in 1524ms,E104,Transaction {tx} completed in {time}ms
57301,2026-01-14,08:29:11,INFO,AuthService,Transaction tx399660 completed in 1397ms,E104,Transaction {tx} completed in {time}ms
57302,2026-01-14,08:51:26,INFO,PaymentGateway,Health check passed: PaymentGateway,E102,Health check passed: {service}
57303,2026-01-14,08:46:21,INFO,PaymentGateway,User u3551 login successful,E101,User {user} login successful
57304,2026-01-14,08:02:02,INFO,WebServer,Health check passed: WebServer,E102,Health check passed: {service}
57305,2026-01-14,08:28:42,INFO,OrderProcessor,User u4162 login successful,E101,User {user} login successful
57306,2026-01-14,08:37:28,INFO,OrderProcessor,Health check passed: OrderProcessor,E102,Health check passed: {service}
57307,2026-01-14,08:37:01,INFO,AuthService,User u3353 login successful,E101,User {user} login successful
57308,2026-01-14,08:39:26,INFO,PaymentGateway,Page view: /home by u3538,E103,Page view: {page} by {user}
57309,2026-01-14,08:17:23,INFO,WebServer,User u3146 login successful,E101,User {user} login successful
57310,2026-01-14,08:38:31,INFO,OrderProcessor,Health check passed: OrderProcessor,E102,Health check passed: {service}
57311,2026-01-14,08:20:23,INFO,PaymentGateway,Page view: /home by u1814,E103,Page view: {page} by {user}
57312,2026-01-14,08:50:03,INFO,WebServer,Page view: /home by u2157,E103,Page view: {page} by {user}
57313,2026-01-14,08:22:28,INFO,InventoryDB,Transaction tx645188 completed in 575ms,E104,Transaction {tx} completed in {time}ms
57314,2026-01-14,08:25:19,INFO,InventoryDB,Page view: /home by u1840,E103,Page view: {page} by {user}
57315,2026-01-14,08:45:49,INFO,AuthService,User u4906 login successful,E101,User {user} login successful
57316,2026-01-14,08:45:45,INFO,AuthService,User u2725 login successful,E101,User {user} login successful
57317,2026-01-14,08:04:18,INFO,AuthService,Health check passed: AuthService,E102,Health check passed: {service}
57318,2026-01-14,08:58:29,INFO,WebServer,Health check passed: WebServer,E102,Health check passed: {service}
57319,2026-01-14,08:08:34,INFO,OrderProcessor,Transaction tx334049 completed in 1104ms,E104,Transaction {tx} completed in {time}ms
57320,2026-01-14,08:10:46,INFO,WebServer,Transaction tx516415 completed in 1817ms,E104,Transaction {tx} completed in {time}ms
57321,2026-01-14,08:42:29,INFO,WebServer,User u3067 login successful,E101,User {user} login successful
57322,2026-01-14,08:04:33,INFO,AuthService,User u3658 login successful,E101,User {user} login successful
57323,2026-01-14,08:16:31,INFO,InventoryDB,Transaction tx130706 completed in 1123ms,E104,Transaction {tx} completed in {time}ms
57324,2026-01-14,08:50:32,INFO,WebServer,Health check passed: WebServer,E102,Health check passed: {service}
57325,2026-01-14,08:15:21,INFO,WebServer,User u2347 login successful,E101,User {user} login successful
57326,2026-01-14,08:10:45,INFO,WebServer,Page view: /home by u4192,E103,Page view: {page} by {user}
57327,2026-01-14,08:19:12,INFO,WebServer,Health check passed: WebServer,E102,Health check passed: {service}
57328,2026-01-14,08:24:49,INFO,WebServer,Health check passed: WebServer,E102,Health check passed: {service}
57329,2026-01-14,08:48:15,INFO,WebServer,User u3482 login successful,E101,User {user} login successful
57330,2026-01-14,08:48:22,INFO,WebServer,User u4279 login successful,E101,User {user} login successful
57331,2026-01-14,08:18:09,INFO,WebServer,Health check passed: WebServer,E102,Health check passed: {service}
57332,2026-01-14,08:10:05,INFO,PaymentGateway,Page view: /home by u4526,E103,Page view: {page} by {user}
57333,2026-01-14,08:41:50,INFO,AuthService,Health check passed: AuthService,E102,Health check passed: {service}
57334,2026-01-14,08:44:47,INFO,OrderProcessor,Transaction tx653267 completed in 1214ms,E104,Transaction {tx} completed in {time}ms
57335,2026-01-14,08:30:34,INFO,WebServer,User u4343 login successful,E101,User {user} login successful
57336,2026-01-14,08:17:31,INFO,OrderProcessor,Transaction tx687235 completed in 1875ms,E104,Transaction {tx} completed in {time}ms
57337,2026-01-14,08:17:04,INFO,PaymentGateway,Page view: /home by u2904,E103,Page view: {page} by {user}
57338,2026-01-14,08:45:23,INFO,AuthService,Transaction tx391309 completed in 1740ms,E104,Transaction {tx} completed in {time}ms
57339,2026-01-14,08:53:38,INFO,WebServer,Page view: /home by u4600,E103,Page view: {page} by {user}
57340,2026-01-14,08:05:52,INFO,InventoryDB,Transaction tx902852 completed in 1435ms,E104,Transaction {tx} completed in {time}ms
57341,2026-01-14,08:49:31,INFO,AuthService,Transaction tx428623 completed in 287ms,E104,Transaction {tx} completed in {time}ms
57342,2026-01-14,08:53:29,INFO,OrderProcessor,Health check passed: OrderProcessor,E102,Health check passed: {service}
57343,2026-01-14,08:18:35,INFO,OrderProcessor,Transaction tx289459 completed in 1020ms,E104,Transaction {tx} completed in {time}ms
57344,2026-01-14,08:08:00,INFO,WebServer,Health check passed: WebServer,E102,Health check passed: {service}
57345,2026-01-14,08:01:40,INFO,WebServer,User u2328 login successful,E101,User {user} login successful
57346,2026-01-14,08:57:05,INFO,InventoryDB,Health check passed: InventoryDB,E102,Health check passed: {service}
57347,2026-01-14,08:41:48,INFO,PaymentGateway,User u1400 login successful,E101,User {user} login successful
57348,2026-01-14,08:29:50,INFO,WebServer,Page view: /home by u1595,E103,Page view: {page} by {user}
57349,2026-01-14,08:50:27,INFO,AuthService,User u2021 login successful,E101,User {user} login successful
57350,2026-01-14,08:01:56,INFO,OrderProcessor,Health check passed: OrderProcessor,E102,Health check passed: {service}
57351,2026-01-14,08:28:44,INFO,WebServer,Page view: /home by u2449,E103,Page view: {page} by {user}
57352,2026-01-14,08:34:02,INFO,InventoryDB,Transaction tx175517 completed in 1618ms,E104,Transaction {tx} completed in {time}ms
57353,2026-01-14,08:54:14,INFO,AuthService,Page view: /home by u2398,E103,Page view: {page} by {user}
57354,2026-01-14,08:29:01,INFO,PaymentGateway,Transaction tx531533 completed in 1510ms,E104,Transaction {tx} completed in {time}ms
57355,2026-01-14,08:21:08,INFO,WebServer,Page view: /home by u1428,E103,Page view: {page} by {user}
57356,2026-01-14,08:06:04,INFO,AuthService,User u3762 login successful,E101,User {user} login successful
57357,2026-01-14,08:28:22,INFO,WebServer,User u1838 login successful,E101,User {user} login successful
57358,2026-01-14,08:19:24,INFO,WebServer,Page view: /home by u3397,E103,Page view: {page} by {user}
57359,2026-01-14,08:10:38,INFO,WebServer,Transaction tx817329 completed in 1389ms,E104,Transaction {tx} completed in {time}ms
57360,2026-01-14,08:23:10,INFO,OrderProcessor,User u1680 login successful,E101,User {user} login successful
57361,2026-01-14,08:26:48,INFO,WebServer,User u2010 login successful,E101,User {user} login successful
57362,2026-01-14,08:34:07,INFO,OrderProcessor,User u4611 login successful,E101,User {user} login successful
57363,2026-01-14,08:56:49,INFO,AuthService,Health check passed: AuthService,E102,Health check passed: {service}
57364,2026-01-14,08:56:50,INFO,AuthService,Health check passed: AuthService,E102,Health check passed: {service}
57365,2026-01-14,08:50:45,INFO,WebServer,User u1179 login successful,E101,User {user} login successful
57366,2026-01-14,08:23:30,INFO,WebServer,Transaction tx608937 completed in 453ms,E104,Transaction {tx} completed in {time}ms
57367,2026-01-14,08:30:30,INFO,WebServer,Page view: /home by u1036,E103,Page view: {page} by {user}
57368,2026-01-14,08:23:03,INFO,OrderProcessor,Transaction tx426719 completed in 883ms,E104,Transaction {tx} completed in {time}ms
57369,2026-01-14,08:40:45,INFO,WebServer,Transaction tx324168 completed in 1409ms,E104,Transaction {tx} completed in {time}ms
57370,2026-01-14,08:12:48,INFO,PaymentGateway,Transaction tx768583 completed in 298ms,E104,Transaction {tx} completed in {time}ms
57371,2026-01-14,08:04:45,ERROR,WebServer,Timeout waiting for lock on InventoryDB,E502,Timeout waiting for lock on {db}
57372,2026-01-14,08:50:06,INFO,PaymentGateway,Page view: /home by u3485,E103,Page view: {page} by {user}
57373,2026-01-14,08:10:33,INFO,AuthService,Transaction tx261305 completed in 1449ms,E104,Transaction {tx} completed in {time}ms
57374,2026-01-14,08:34:55,INFO,OrderProcessor,Page view: /home by u3410,E103,Page view: {page} by {user}
57375,2026-01-14,08:20:27,INFO,OrderProcessor,Health check passed: OrderProcessor,E102,Health check passed: {service}
57376,2026-01-14,08:19:24,INFO,WebServer,Transaction tx476870 completed in 850ms,E104,Transaction {tx} completed in {time}ms
57377,2026-01-14,08:16:30,INFO,OrderProcessor,Page view: /home by u4057,E103,Page view: {page} by {user}
57378,2026-01-14,08:34:20,INFO,WebServer,Transaction tx680466 completed in 1526ms,E104,Transaction {tx} completed in {time}ms
57379,2026-01-14,08:12:02,INFO,OrderProcessor,Transaction tx944371 completed in 36ms,E104,Transaction {tx} completed in {time}ms
57380,2026-01-14,08:29:18,INFO,AuthService,Health check passed: AuthService,E102,Health check passed: {service}
57381,2026-01-14,08:40:11,INFO,WebServer,Page view: /home by u3936,E103,Page view: {page} by {user}
57382,2026-01-14,08:56:19,INFO,WebServer,Page view: /home by u4304,E103,Page view: {page} by {user}
57383,2026-01-14,08:37:18,INFO,AuthService,Health check passed: AuthService,E102,Health check passed: {service}
57384,2026-01-14,08:52:15,INFO,WebServer,Page view: /home by u3511,E103,Page view: {page} by {user}
57385,2026-01-14,08:01:29,INFO,WebServer,Page view: /home by u4895,E103,Page view: {page} by {user}
57386,2026-01-14,08:02:22,INFO,WebServer,User u3117 login successful,E101,User {user} login successful
57387,2026-01-14,08:17:21,INFO,PaymentGateway,Page view: /home by u2973,E103,Page view: {page} by {user}
57388,2026-01-14,08:13:45,INFO,WebServer,Page view: /home by u2012,E103,Page view: {page} by {user}
57389,2026-01-14,08:10:32,INFO,AuthService,Page view: /home by u2849,E103,Page view: {page} by {user}
57390,2026-01-14,08:47:25,WARN,WebServer,Disk usage > 85% on node node-3,E202,Disk usage > 85% on node {node}
57391,2026-01-14,08:36:51,INFO,OrderProcessor,Transaction tx814424 completed in 247ms,E104,Transaction {tx} completed in {time}ms
57392,2026-01-14,08:44:06,INFO,WebServer,Transaction tx300772 completed in 1210ms,E104,Transaction {tx} completed in {time}ms
57393,2026-01-14,08:25:49,INFO,WebServer,Page view: /home by u2512,E103,Page view: {page} by {user}
57394,2026-01-14,08:44:43,INFO,WebServer,Health check passed: WebServer,E102,Health check passed: {service}
57395,2026-01-14,08:56:32,INFO,OrderProcessor,Transaction tx838746 completed in 708ms,E104,Transaction {tx} completed in {time}ms
57396,2026-01-14,08:27:12,INFO,PaymentGateway,Transaction tx413174 completed in 1342ms,E104,Transaction {tx} completed in {time}ms
57397,2026-01-14,08:18:05,INFO,OrderProcessor,User u1877 login successful,E101,User {user} login successful
57398,2026-01-14,08:11:07,INFO,OrderProcessor,Health check passed: OrderProcessor,E102,Health check passed: {service}
57399,2026-01-14,08:13:56,INFO,OrderProcessor,Transaction tx198608 completed in 1970ms,E104,Transaction {tx} completed in {time}ms
57400,2026-01-14,08:45:41,INFO,WebServer,Page view: /home by u3554,E103,Page view: {page} by {user}
57401,2026-01-14,08:49:11,INFO,WebServer,User u1176 login successful,E101,User {user} login successful
57402,2026-01-14,08:12:25,INFO,AuthService,User u4987 login successful,E101,User {user} login successful
57403,2026-01-14,08:20:08,INFO,WebServer,Transaction tx994836 completed in 1792ms,E104,Transaction {tx} completed in {time}ms
57404,2026-01-14,08:42:51,INFO,InventoryDB,Health check passed: InventoryDB,E102,Health check passed: {service}
57405,2026-01-14,08:59:48,ERROR,PaymentGateway,Payment declined: Gateway unavailable,E503,Payment declined: Gateway unavailable
57406,2026-01-14,08:21:58,INFO,WebServer,User u4849 login successful,E101,User {user} login successful
57407,2026-01-14,08:52:21,INFO,PaymentGateway,User u4975 login successful,E101,User {user} login successful
57408,2026-01-14,08:19:28,ERROR,WebServer,Payment declined: Gateway unavailable,E503,Payment declined: Gateway unavailable
57409,2026-01-14,08:52:40,INFO,AuthService,User u2178 login successful,E101,User {user} login successful
57410,2026-01-14,08:04:31,INFO,OrderProcessor,User u4368 login successful,E101,User {user} login successful
57411,2026-01-14,08:13:35,INFO,AuthService,Page view: /home by u1129,E103,Page view: {page} by {user}
57412,2026-01-14,08:32:30,INFO,WebServer,Transaction tx169575 completed in 636ms,E104,Transaction {tx} completed in {time}ms
57413,2026-01-14,08:41:13,INFO,WebServer,User u1240 login successful,E101,User {user} login successful
57414,2026-01-14,08:43:13,ERROR,PaymentGateway,Payment declined: Gateway unavailable,E503,Payment declined: Gateway unavailable
57415,2026-01-14,08:42:17,INFO,PaymentGateway,Page view: /home by u2624,E103,Page view: {page} by {user}
57416,2026-01-14,08:32:27,INFO,WebServer,Page view: /home by u3256,E103,Page view: {page} by {user}
57417,2026-01-14,08:10:24,INFO,AuthService,Page view: /home by u4115,E103,Page view: {page} by {user}
57418,2026-01-14,08:24:31,INFO,WebServer,User u4210 login successful,E101,User {user} login successful
57419,2026-01-14,08:32:13,INFO,AuthService,Health check passed: AuthService,E102,Health check passed: {service}
57420,2026-01-14,08:17:26,INFO,OrderProcessor,Page view: /home by u4152,E103,Page view: {page} by {user}
57421,2026-01-14,08:16:40,INFO,AuthService,User u2348 login successful,E101,User {user} login successful
57422,2026-01-14,08:52:12,INFO,PaymentGateway,User u4264 login successful,E101,User {user} login successful
57423,2026-01-14,08:30:25,INFO,AuthService,Page view: /home by u4474,E103,Page view: {page} by {user}
57424,2026-01-14,08:20:46,INFO,OrderProcessor,Transaction tx144904 completed in 102ms,E104,Transaction {tx} completed in {time}ms
57425,2026-01-14,08:21:11,INFO,WebServer,User u3066 login successful,E101,User {user} login successful
57426,2026-01-14,08:35:58,INFO,WebServer,Health check passed: WebServer,E102,Health check passed: {service}
57427,2026-01-14,08:55:20,INFO,WebServer,Health check passed: WebServer,E102,Health check passed: {service}
57428,2026-01-14,08:37:57,INFO,AuthService,User u3960 login successful,E101,User {user} login successful
57429,2026-01-14,08:05:12,INFO,OrderProcessor,Page view: /home by u3170,E103,Page view: {page} by {user}
57430,2026-01-14,08:03:25,INFO,WebServer,User u3024 login successful,E101,User {user} login successful
57431,2026-01-14,08:20:20,INFO,WebServer,User u4987 login successful,E101,User {user} login successful
57432,2026-01-14,08:55:10,INFO,OrderProcessor,Health check passed: OrderProcessor,E102,Health check passed: {service}
57433,2026-01-14,08:41:57,INFO,OrderProcessor,Health check passed: OrderProcessor,E102,Health check passed: {service}
57434,2026-01-14,08:11:02,INFO,OrderProcessor,Page view: /home by u1220,E103,Page view: {page} by {user}
57435,2026-01-14,08:21:21,INFO,InventoryDB,Page view: /home by u2599,E103,Page view: {page} by {user}
57436,2026-01-14,08:11:01,INFO,AuthService,Transaction tx166622 completed in 1888ms,E104,Transaction {tx} completed in {time}ms
57437,2026-01-14,08:08:11,INFO,WebServer,Health check passed: WebServer,E102,Health check passed: {service}
57438,2026-01-14,08:09:34,INFO,AuthService,Page view: /home by u2381,E103,Page view: {page} by {user}
57439,2026-01-14,08:43:37,INFO,AuthService,Transaction tx760035 completed in 97ms,E104,Transaction {tx} completed in {time}ms
57440,2026-01-14,08:56:11,INFO,InventoryDB,Health check passed: InventoryDB,E102,Health check passed: {service}
57441,2026-01-14,08:01:20,INFO,WebServer,Page view: /home by u2644,E103,Page view: {page} by {user}
57442,2026-01-14,08:02:23,INFO,WebServer,Page view: /home by u4222,E103,Page view: {page} by {user}
57443,2026-01-14,08:38:29,INFO,AuthService,User u1042 login successful,E101,User {user} login successful
57444,2026-01-14,08:16:56,INFO,WebServer,User u3236 login successful,E101,User {user} login successful
57445,2026-01-14,08:02:27,WARN,InventoryDB,Disk usage > 85% on node node-3,E202,Disk usage > 85% on node {node}
57446,2026-01-14,08:16:19,INFO,WebServer,Health check passed: WebServer,E102,Health check passed: {service}
57447,2026-01-14,08:24:31,INFO,AuthService,User u2077 login successful,E101,User {user} login successful
57448,2026-01-14,08:08:53,INFO,InventoryDB,Page view: /home by u4125,E103,Page view: {page} by {user}
57449,2026-01-14,08:46:04,INFO,OrderProcessor,Transaction tx832592 completed in 1139ms,E104,Transaction {tx} completed in {time}ms
57450,2026-01-14,08:53:55,INFO,WebServer,Transaction tx310425 completed in 1256ms,E104,Transaction {tx} completed in {time}ms
57451,2026-01-14,08:24:06,INFO,InventoryDB,Page view: /home by u1602,E103,Page view: {page} by {user}
57452,2026-01-14,08:27:06,INFO,AuthService,Health check passed: AuthService,E102,Health check passed: {service}
57453,2026-01-14,08:15:21,ERROR,OrderProcessor,Payment declined: Gateway unavailable,E503,Payment declined: Gateway unavailable
57454,2026-01-14,08:20:31,INFO,AuthService,Page view: /home by u2728,E103,Page view: {page} by {user}
57455,2026-01-14,08:15:19,INFO,WebServer,Health check passed: WebServer,E102,Health check passed: {service}
57456,2026-01-14,08:45:28,INFO,OrderProcessor,Health check passed: OrderProcessor,E102,Health check passed: {service}
57457,2026-01-14,08:15:07,INFO,WebServer,User u1579 login successful,E101,User {user} login successful
57458,2026-01-14,08:31:23,INFO,WebServer,Transaction tx665825 completed in 1112ms,E104,Transaction {tx} completed in {time}ms
57459,2026-01-14,08:48:21,INFO,PaymentGateway,User u3714 login successful,E101,User {user} login successful
57460,2026-01-14,08:10:48,INFO,WebServer,User u1787 login successful,E101,User {user} login successful
57461,2026-01-14,08:35:27,INFO,OrderProcessor,User u2951 login successful,E101,User {user} login successful
57462,2026-01-14,08:28:55,INFO,AuthService,Page view: /home by u3237,E103,Page view: {page} by {user}
57463,2026-01-14,09:22:52,INFO,PaymentGateway,Transaction tx679833 completed in 736ms,E104,Transaction {tx} completed in {time}ms
57464,2026-01-14,09:34:30,INFO,WebServer,User u1304 login successful,E101,User {user} login successful
57465,2026-01-14,09:22:20,INFO,WebServer,Transaction tx810957 completed in 1552ms,E104,Transaction {tx} completed in {time}ms
57466,2026-01-14,09:49:21,ERROR,OrderProcessor,Payment declined: Gateway unavailable,E503,Payment declined: Gateway unavailable
57467,2026-01-14,09:16:31,INFO,WebServer,Transaction tx817320 completed in 820ms,E104,Transaction {tx} completed in {time}ms
57468,2026-01-14,09:45:28,INFO,WebServer,Health check passed: WebServer,E102,Health check passed: {service}
57469,2026-01-14,09:57:55,INFO,WebServer,Transaction tx458049 completed in 281ms,E104,Transaction {tx} completed in {time}ms
57470,2026-01-14,09:09:33,INFO,WebServer,Page view: /home by u1721,E103,Page view: {page} by {user}
57471,2026-01-14,09:18:11,INFO,WebServer,User u2039 login successful,E101,User {user} login successful
57472,2026-01-14,09:51:55,INFO,OrderProcessor,Transaction tx325541 completed in 1880ms,E104,Transaction {tx} completed in {time}ms
57473,2026-01-14,09:54:23,INFO,WebServer,Page view: /home by u4749,E103,Page view: {page} by {user}
57474,2026-01-14,09:19:09,INFO,OrderProcessor,User u2693 login successful,E101,User {user} login successful
57475,2026-01-14,09:20:10,INFO,WebServer,Health check passed: WebServer,E102,Health check passed: {service}
57476,2026-01-14,09:48:00,INFO,AuthService,Transaction tx944262 completed in 782ms,E104,Transaction {tx} completed in {time}ms
57477,2026-01-14,09:31:32,INFO,AuthService,Page view: /home by u1881,E103,Page view: {page} by {user}
57478,2026-01-14,09:53:33,INFO,AuthService,Transaction tx133273 completed in 1287ms,E104,Transaction {tx} completed in {time}ms
57479,2026-01-14,09:19:58,INFO,WebServer,User u4621 login successful,E101,User {user} login successful
57480,2026-01-14,09:46:53,INFO,OrderProcessor,Health check passed: OrderProcessor,E102,Health check passed: {service}
57481,2026-01-14,09:29:01,INFO,OrderProcessor,Page view: /home by u4640,E103,Page view: {page} by {user}
57482,2026-01-14,09:03:35,ERROR,OrderProcessor,Timeout waiting for lock on InventoryDB,E502,Timeout waiting for lock on {db}
57483,2026-01-14,09:29:08,INFO,InventoryDB,Transaction tx723865 completed in 1199ms,E104,Transaction {tx} completed in {time}ms
57484,2026-01-14,09:01:03,INFO,InventoryDB,Page view: /home by u3142,E103,Page view: {page} by {user}
57485,2026-01-14,09:44:24,INFO,WebServer,Page view: /home by u3495,E103,Page view: {page} by {user}
57486,2026-01-14,09:14:13,INFO,WebServer,Health check passed: WebServer,E102,Health check passed: {service}
57487,2026-01-14,09:05:29,INFO,PaymentGateway,Page view: /home by u3886,E103,Page view: {page} by {user}
57488,2026-01-14,09:12:25,INFO,PaymentGateway,User u4797 login successful,E101,User {user} login successful
57489,2026-01-14,09:15:47,INFO,WebServer,Transaction tx944032 completed in 1807ms,E104,Transaction {tx} completed in {time}ms
57490,2026-01-14,09:14:32,INFO,OrderProcessor,Transaction tx994675 completed in 596ms,E104,Transaction {tx} completed in {time}ms
57491,2026-01-14,09:39:28,INFO,OrderProcessor,User u4719 login successful,E101,User {user} login successful
57492,2026-01-14,09:24:27,INFO,OrderProcessor,Health check passed: OrderProcessor,E102,Health check passed: {service}
57493,2026-01-14,09:54:54,INFO,AuthService,User u2857 login successful,E101,User {user} login successful
57494,2026-01-14,09:34:31,INFO,OrderProcessor,User u4313 login successful,E101,User {user} login successful
57495,2026-01-14,09:43:39,INFO,WebServer,Page view: /home by u2561,E103,Page view: {page} by {user}
57496,2026-01-14,09:23:10,INFO,WebServer,Transaction tx282417 completed in 1296ms,E104,Transaction {tx} completed in {time}ms
57497,2026-01-14,09:16:25,INFO,WebServer,Transaction tx959459 completed in 1592ms,E104,Transaction {tx} completed in {time}ms
57498,2026-01-14,09:04:48,INFO,WebServer,User u1566 login successful,E101,User {user} login successful
57499,2026-01-14,09:50:08,INFO,AuthService,Transaction tx766387 completed in 1490ms,E104,Transaction {tx} completed in {time}ms
57500,2026-01-14,09:45:34,INFO,PaymentGateway,User u1102 login successful,E101,User {user} login successful
57501,2026-01-14,09:32:23,INFO,OrderProcessor,Health check passed: OrderProcessor,E102,Health check passed: {service}
57502,2026-01-14,09:22:57,INFO,AuthService,User u3679 login successful,E101,User {user} login successful
57503,2026-01-14,09:27:17,WARN,WebServer,High latency (571ms) detected on WebServer,E201,High latency ({time}ms) detected on {service}
57504,2026-01-14,09:04:27,INFO,WebServer,Transaction tx103777 completed in 1365ms,E104,Transaction {tx} completed in {time}ms
57505,2026-01-14,09:18:36,INFO,AuthService,Transaction tx297247 completed in 720ms,E104,Transaction {tx} completed in {time}ms
57506,2026-01-14,09:16:33,INFO,OrderProcessor,User u2283 login successful,E101,User {user} login successful
57507,2026-01-14,09:53:00,INFO,AuthService,Health check passed: AuthService,E102,Health check passed: {service}
57508,2026-01-14,09:05:41,INFO,AuthService,User u1453 login successful,E101,User {user} login successful
57509,2026-01-14,09:43:56,ERROR,AuthService,Connection refused to AuthService at 10.0.0.88,E501,Connection refused to {service} at {ip}
57510,2026-01-14,09:36:48,INFO,WebServer,Page view: /home by u4199,E103,Page view: {page} by {user}
57511,2026-01-14,09:49:21,INFO,WebServer,User u4064 login successful,E101,User {user} login successful
57512,2026-01-14,09:51:47,WARN,WebServer,Unauthorized access attempt from 10.0.0.88,E401,Unauthorized access attempt from {ip}
57513,2026-01-14,09:47:36,INFO,WebServer,Health check passed: WebServer,E102,Health check passed: {service}
57514,2026-01-14,09:05:42,CRITICAL,WebServer,DATA CORRUPTION detected in sector 783,E602,DATA CORRUPTION detected in sector {sector}
57515,2026-01-14,09:16:58,INFO,WebServer,Page view: /home by u4503,E103,Page view: {page} by {user}
57516,2026-01-14,09:19:29,INFO,WebServer,Transaction tx180811 completed in 963ms,E104,Transaction {tx} completed in {time}ms
57517,2026-01-14,09:19:45,INFO,WebServer,Transaction tx455252 completed in 1279ms,E104,Transaction {tx} completed in {time}ms
57518,2026-01-14,09:31:52,INFO,OrderProcessor,Health check passed: OrderProcessor,E102,Health check passed: {service}
57519,2026-01-14,09:35:11,INFO,WebServer,Transaction tx951983 completed in 434ms,E104,Transaction {tx} completed in {time}ms
57520,2026-01-14,09:16:55,INFO,AuthService,Page view: /home by u4407,E103,Page view: {page} by {user}
57521,2026-01-14,09:05:24,INFO,WebServer,Health check passed: WebServer,E102,Health check passed: {service}
57522,2026-01-14,09:46:20,INFO,WebServer,Page view: /home by u3044,E103,Page view: {page} by {user}
57523,2026-01-14,09:22:16,INFO,AuthService,Transaction tx678295 completed in 711ms,E104,Transaction {tx} completed in {time}ms
57524,2026-01-14,09:59:50,INFO,WebServer,Health check passed: WebServer,E102,Health check passed: {service}
57525,2026-01-14,09:02:15,INFO,WebServer,Transaction tx603499 completed in 1271ms,E104,Transaction {tx} completed in {time}ms
57526,2026-01-14,09:35:00,INFO,AuthService,User u3842 login successful,E101,User {user} login successful
57527,2026-01-14,09:03:26,INFO,InventoryDB,Health check passed: InventoryDB,E102,Health check passed: {service}
57528,2026-01-14,09:59:00,INFO,AuthService,Health check passed: AuthService,E102,Health check passed: {service}
57529,2026-01-14,09:13:41,INFO,OrderProcessor,User u1707 login successful,E101,User {user} login successful
57530,2026-01-14,09:04:07,INFO,AuthService,Page view: /home by u3995,E103,Page view: {page} by {user}
57531,2026-01-14,09:20:43,WARN,AuthService,High latency (301ms) detected on AuthService,E201,High latency ({time}ms) detected on {service}
57532,2026-01-14,09:45:39,WARN,WebServer,High latency (1542ms) detected on WebServer,E201,High latency ({time}ms) detected on {service}
57533,2026-01-14,09:24:40,INFO,WebServer,Transaction tx582233 completed in 1573ms,E104,Transaction {tx} completed in {time}ms
57534,2026-01-14,09:36:21,INFO,WebServer,Health check passed: WebServer,E102,Health check passed: {service}
57535,2026-01-14,09:12:35,INFO,PaymentGateway,Health check passed: PaymentGateway,E102,Health check passed: {service}
57536,2026-01-14,09:44:43,INFO,AuthService,Transaction tx626200 completed in 344ms,E104,Transaction {tx} completed in {time}ms
57537,2026-01-14,09:02:07,INFO,AuthService,Transaction tx538418 completed in 1740ms,E104,Transaction {tx} completed in {time}ms
57538,2026-01-14,09:38:49,INFO,AuthService,Page view: /home by u1815,E103,Page view: {page} by {user}
57539,2026-01-14,09:25:09,INFO,OrderProcessor,Transaction tx191023 completed in 1470ms,E104,Transaction {tx} completed in {time}ms
57540,2026-01-14,09:42:06,WARN,WebServer,Unauthorized access attempt from 10.0.0.12,E401,Unauthorized access attempt from {ip}
57541,2026-01-14,09:07:03,WARN,WebServer,Unauthorized access attempt from 10.0.0.99,E401,Unauthorized access attempt from {ip}
57542,2026-01-14,09:19:47,INFO,WebServer,Health check passed: WebServer,E102,Health check passed: {service}
57543,2026-01-14,09:29:35,INFO,WebServer,Health check passed: WebServer,E102,Health check passed: {service}
57544,2026-01-14,09:41:05,INFO,PaymentGateway,Page view: /home by u4052,E103,Page view: {page} by {user}
57545,2026-01-14,09:29:21,INFO,OrderProcessor,User u4711 login successful,E101,User {user} login successful
57546,2026-01-14,09:33:55,INFO,WebServer,Health check passed: WebServer,E102,Health check passed: {service}
57547,2026-01-14,09:14:47,INFO,InventoryDB,Transaction tx639419 completed in 364ms,E104,Transaction {tx} completed in {time}ms
57548,2026-01-14,09:07:36,INFO,WebServer,Page view: /home by u1270,E103,Page view: {page} by {user}
57549,2026-01-14,09:27:35,INFO,WebServer,User u4443 login successful,E101,User {user} login successful
57550,2026-01-14,09:41:36,INFO,OrderProcessor,User u1010 login successful,E101,User {user} login successful
57551,2026-01-14,09:06:09,INFO,WebServer,Health check passed: WebServer,E102,Health check passed: {service}
57552,2026-01-14,09:13:04,WARN,OrderProcessor,Unauthorized access attempt from 10.0.0.12,E401,Unauthorized access attempt from {ip}
57553,2026-01-14,09:00:57,INFO,AuthService,Health check passed: AuthService,E102,Health check passed: {service}
57554,2026-01-14,09:34:00,INFO,OrderProcessor,Transaction tx655437 completed in 740ms,E104,Transaction {tx} completed in {time}ms
57555,2026-01-14,09:08:36,INFO,WebServer,Transaction tx662132 completed in 840ms,E104,Transaction {tx} completed in {time}ms
57556,2026-01-14,09:48:06,INFO,PaymentGateway,Transaction tx151149 completed in 1257ms,E104,Transaction {tx} completed in {time}ms
57557,2026-01-14,09:35:31,INFO,AuthService,Health check passed: AuthService,E102,Health check passed: {service}
57558,2026-01-14,09:41:32,INFO,AuthService,Transaction tx923692 completed in 1071ms,E104,Transaction {tx} completed in {time}ms
57559,2026-01-14,09:47:36,INFO,OrderProcessor,Health check passed: OrderProcessor,E102,Health check passed: {service}
57560,2026-01-14,09:15:22,INFO,AuthService,User u3876 login successful,E101,User {user} login successful
57561,2026-01-14,09:11:30,INFO,OrderProcessor,Page view: /home by u2376,E103,Page view: {page} by {user}
57562,2026-01-14,09:13:48,INFO,PaymentGateway,User u3797 login successful,E101,User {user} login successful
57563,2026-01-14,09:35:04,INFO,AuthService,User u2164 login successful,E101,User {user} login successful
57564,2026-01-14,09:07:07,INFO,WebServer,User u2947 login successful,E101,User {user} login successful
57565,2026-01-14,09:14:51,INFO,AuthService,Transaction tx951962 completed in 151ms,E104,Transaction {tx} completed in {time}ms
57566,2026-01-14,09:34:45,INFO,WebServer,User u3951 login successful,E101,User {user} login successful
57567,2026-01-14,09:10:55,INFO,AuthService,Transaction tx973107 completed in 75ms,E104,Transaction {tx} completed in {time}ms
57568,2026-01-14,09:26:49,INFO,WebServer,User u3251 login successful,E101,User {user} login successful
57569,2026-01-14,09:07:21,WARN,AuthService,Unauthorized access attempt from 10.0.0.99,E401,Unauthorized access attempt from {ip}
57570,2026-01-14,09:15:44,INFO,OrderProcessor,Health check passed: OrderProcessor,E102,Health check passed: {service}
57571,2026-01-14,09:24:16,INFO,WebServer,User u1858 login successful,E101,User {user} login successful
57572,2026-01-14,09:27:08,INFO,OrderProcessor,Health check passed: OrderProcessor,E102,Health check passed: {service}
57573,2026-01-14,09:22:03,INFO,OrderProcessor,User u2301 login successful,E101,User {user} login successful
57574,2026-01-14,09:31:29,INFO,AuthService,Health check passed: AuthService,E102,Health check passed: {service}
57575,2026-01-14,09:20:25,INFO,WebServer,Transaction tx381893 completed in 1581ms,E104,Transaction {tx} completed in {time}ms
57576,2026-01-14,09:09:01,INFO,WebServer,User u2332 login successful,E101,User {user} login successful
57577,2026-01-14,09:41:22,INFO,WebServer,Page view: /home by u4458,E103,Page view: {page} by {user}
57578,2026-01-14,09:41:49,INFO,PaymentGateway,User u3571 login successful,E101,User {user} login successful
57579,2026-01-14,09:09:02,INFO,OrderProcessor,Transaction tx887834 completed in 147ms,E104,Transaction {tx} completed in {time}ms
57580,2026-01-14,09:25:22,INFO,WebServer,User u4383 login successful,E101,User {user} login successful
57581,2026-01-14,09:05:16,INFO,WebServer,Transaction tx519091 completed in 1392ms,E104,Transaction {tx} completed in {time}ms
57582,2026-01-14,09:06:19,INFO,AuthService,Transaction tx938202 completed in 1938ms,E104,Transaction {tx} completed in {time}ms
57583,2026-01-14,09:07:16,INFO,WebServer,Transaction tx485314 completed in 1808ms,E104,Transaction {tx} completed in {time}ms
57584,2026-01-14,09:22:33,INFO,OrderProcessor,Health check passed: OrderProcessor,E102,Health check passed: {service}
57585,2026-01-14,09:09:47,INFO,WebServer,User u2491 login successful,E101,User {user} login successful
57586,2026-01-14,09:49:14,INFO,PaymentGateway,Page view: /home by u3130,E103,Page view: {page} by {user}
57587,2026-01-14,09:08:16,INFO,OrderProcessor,Transaction tx796183 completed in 1643ms,E104,Transaction {tx} completed in {time}ms
57588,2026-01-14,09:33:14,INFO,WebServer,Page view: /home by u1250,E103,Page view: {page} by {user}
57589,2026-01-14,09:29:52,INFO,WebServer,Health check passed: WebServer,E102,Health check passed: {service}
57590,2026-01-14,09:31:43,INFO,AuthService,Transaction tx507114 completed in 1612ms,E104,Transaction {tx} completed in {time}ms
57591,2026-01-14,09:55:37,INFO,AuthService,Health check passed: AuthService,E102,Health check passed: {service}
57592,2026-01-14,09:41:47,INFO,AuthService,Transaction tx342649 completed in 1297ms,E104,Transaction {tx} completed in {time}ms
57593,2026-01-14,09:19:41,INFO,WebServer,Transaction tx168688 completed in 1239ms,E104,Transaction {tx} completed in {time}ms
57594,2026-01-14,09:49:43,WARN,WebServer,Unauthorized access attempt from 10.0.0.45,E401,Unauthorized access attempt from {ip}
57595,2026-01-14,09:12:22,WARN,WebServer,High latency (1730ms) detected on WebServer,E201,High latency ({time}ms) detected on {service}
57596,2026-01-14,09:31:42,INFO,OrderProcessor,Page view: /home by u4568,E103,Page view: {page} by {user}
57597,2026-01-14,09:05:35,INFO,WebServer,User u3269 login successful,E101,User {user} login successful
57598,2026-01-14,09:07:39,INFO,AuthService,User u1136 login successful,E101,User {user} login successful
57599,2026-01-14,09:30:41,INFO,WebServer,Transaction tx660750 completed in 417ms,E104,Transaction {tx} completed in {time}ms
57600,2026-01-14,09:07:46,INFO,WebServer,Transaction tx812429 completed in 1530ms,E104,Transaction {tx} completed in {time}ms
57601,2026-01-14,09:14:38,INFO,AuthService,Health check passed: AuthService,E102,Health check passed: {service}
57602,2026-01-14,09:28:32,INFO,WebServer,Page view: /home by u1560,E103,Page view: {page} by {user}
57603,2026-01-14,09:04:27,INFO,WebServer,Page view: /home by u3051,E103,Page view: {page} by {user}
57604,2026-01-14,09:36:00,INFO,WebServer,Page view: /home by u4507,E103,Page view: {page} by {user}
57605,2026-01-14,09:17:52,INFO,WebServer,Health check passed: WebServer,E102,Health check passed: {service}
57606,2026-01-14,09:27:41,INFO,WebServer,Transaction tx599157 completed in 1538ms,E104,Transaction {tx} completed in {time}ms
57607,2026-01-14,09:00:34,INFO,WebServer,Transaction tx578808 completed in 1941ms,E104,Transaction {tx} completed in {time}ms
57608,2026-01-14,09:00:39,INFO,InventoryDB,Page view: /home by u4924,E103,Page view: {page} by {user}
57609,2026-01-14,09:55:36,INFO,WebServer,Transaction tx447800 completed in 1747ms,E104,Transaction {tx} completed in {time}ms
57610,2026-01-14,09:43:37,INFO,WebServer,User u4292 login successful,E101,User {user} login successful
57611,2026-01-14,09:32:34,INFO,AuthService,Transaction tx272170 completed in 1088ms,E104,Transaction {tx} completed in {time}ms
57612,2026-01-14,09:37:28,INFO,WebServer,Health check passed: WebServer,E102,Health check passed: {service}
57613,2026-01-14,09:12:05,INFO,InventoryDB,Health check passed: InventoryDB,E102,Health check passed: {service}
57614,2026-01-14,09:12:48,INFO,WebServer,Health check passed: WebServer,E102,Health check passed: {service}
57615,2026-01-14,09:39:29,INFO,WebServer,User u4734 login successful,E101,User {user} login successful
57616,2026-01-14,09:29:11,INFO,AuthService,Page view: /home by u3694,E103,Page view: {page} by {user}
57617,2026-01-14,09:26:21,INFO,WebServer,Page view: /home by u2922,E103,Page view: {page} by {user}
57618,2026-01-14,09:43:43,INFO,WebServer,User u1349 login successful,E101,User {user} login successful
57619,2026-01-14,09:26:49,INFO,AuthService,Page view: /home by u4996,E103,Page view: {page} by {user}
57620,2026-01-14,09:17:38,INFO,WebServer,Page view: /home by u3762,E103,Page view: {page} by {user}
57621,2026-01-14,09:54:04,INFO,AuthService,Transaction tx943240 completed in 1905ms,E104,Transaction {tx} completed in {time}ms
57622,2026-01-14,09:12:09,INFO,WebServer,Page view: /home by u4056,E103,Page view: {page} by {user}
57623,2026-01-14,09:35:39,INFO,AuthService,Health check passed: AuthService,E102,Health check passed: {service}
57624,2026-01-14,09:57:57,INFO,AuthService,Health check passed: AuthService,E102,Health check passed: {service}
57625,2026-01-14,09:01:29,INFO,WebServer,Health check passed: WebServer,E102,Health check passed: {service}
57626,2026-01-14,09:16:02,INFO,WebServer,Page view: /home by u4773,E103,Page view: {page} by {user}
57627,2026-01-14,09:59:25,ERROR,OrderProcessor,Payment declined: Gateway unavailable,E503,Payment declined: Gateway unavailable
57628,2026-01-14,09:25:18,INFO,OrderProcessor,Transaction tx949154 completed in 1868ms,E104,Transaction {tx} completed in {time}ms
57629,2026-01-14,09:02:27,INFO,WebServer,Transaction tx458916 completed in 1098ms,E104,Transaction {tx} completed in {time}ms
57630,2026-01-14,09:23:25,INFO,PaymentGateway,User u2833 login successful,E101,User {user} login successful
57631,2026-01-14,09:31:41,INFO,WebServer,Page view: /home by u3482,E103,Page view: {page} by {user}
57632,2026-01-14,09:20:32,INFO,WebServer,User u2585 login successful,E101,User {user} login successful
57633,2026-01-14,09:03:09,INFO,PaymentGateway,Transaction tx728461 completed in 330ms,E104,Transaction {tx} completed in {time}ms
57634,2026-01-14,09:43:36,INFO,PaymentGateway,Page view: /home by u2986,E103,Page view: {page} by {user}
57635,2026-01-14,09:35:16,INFO,WebServer,Health check passed: WebServer,E102,Health check passed: {service}
57636,2026-01-14,09:43:17,INFO,AuthService,User u4959 login successful,E101,User {user} login successful
57637,2026-01-14,09:37:41,INFO,OrderProcessor,Page view: /home by u3872,E103,Page view: {page} by {user}
57638,2026-01-14,09:43:23,WARN,WebServer,Unauthorized access attempt from 10.0.0.12,E401,Unauthorized access attempt from {ip}
57639,2026-01-14,09:51:21,WARN,AuthService,Disk usage > 85% on node node-1,E202,Disk usage > 85% on node {node}
57640,2026-01-14,09:05:36,INFO,AuthService,Health check passed: AuthService,E102,Health check passed: {service}
57641,2026-01-14,09:40:15,INFO,WebServer,Transaction tx346532 completed in 580ms,E104,Transaction {tx} completed in {time}ms
57642,2026-01-14,09:03:33,INFO,PaymentGateway,Page view: /home by u3109,E103,Page view: {page} by {user}
57643,2026-01-14,09:11:59,INFO,AuthService,Page view: /home by u4442,E103,Page view: {page} by {user}
57644,2026-01-14,09:33:20,INFO,WebServer,Transaction tx861668 completed in 1915ms,E104,Transaction {tx} completed in {time}ms
57645,2026-01-14,09:46:06,INFO,WebServer,Health check passed: WebServer,E102,Health check passed: {service}
57646,2026-01-14,09:16:29,INFO,WebServer,Transaction tx995857 completed in 154ms,E104,Transaction {tx} completed in {time}ms
57647,2026-01-14,09:39:40,INFO,WebServer,User u4009 login successful,E101,User {user} login successful
57648,2026-01-14,09:25:59,INFO,PaymentGateway,Page view: /home by u3630,E103,Page view: {page} by {user}
57649,2026-01-14,09:57:35,INFO,WebServer,Health check passed: WebServer,E102,Health check passed: {service}
57650,2026-01-14,09:21:06,INFO,AuthService,Transaction tx436325 completed in 1876ms,E104,Transaction {tx} completed in {time}ms
57651,2026-01-14,09:51:12,WARN,WebServer,Unauthorized access attempt from 10.0.0.12,E401,Unauthorized access attempt from {ip}
57652,2026-01-14,09:30:58,INFO,AuthService,Transaction tx871081 completed in 695ms,E104,Transaction {tx} completed in {time}ms
57653,2026-01-14,09:24:06,INFO,WebServer,User u3466 login successful,E101,User {user} login successful
57654,2026-01-14,09:22:06,INFO,WebServer,Transaction tx147098 completed in 1891ms,E104,Transaction {tx} completed in {time}ms
57655,2026-01-14,09:17:44,INFO,OrderProcessor,Page view: /home by u2353,E103,Page view: {page} by {user}
57656,2026-01-14,09:48:06,ERROR,WebServer,Timeout waiting for lock on InventoryDB,E502,Timeout waiting for lock on {db}
57657,2026-01-14,09:21:39,INFO,InventoryDB,Health check passed: InventoryDB,E102,Health check passed: {service}
57658,2026-01-14,09:51:50,INFO,WebServer,Health check passed: WebServer,E102,Health check passed: {service}
57659,2026-01-14,09:43:33,INFO,OrderProcessor,Health check passed: OrderProcessor,E102,Health check passed: {service}
57660,2026-01-14,09:54:30,INFO,WebServer,User u4214 login successful,E101,User {user} login successful
57661,2026-01-14,09:26:31,INFO,PaymentGateway,User u4574 login successful,E101,User {user} login successful
57662,2026-01-14,09:26:00,INFO,WebServer,Transaction tx891514 completed in 292ms,E104,Transaction {tx} completed in {time}ms
57663,2026-01-14,09:26:56,INFO,WebServer,Page view: /home by u2182,E103,Page view: {page} by {user}
57664,2026-01-14,09:53:02,INFO,WebServer,User u2473 login successful,E101,User {user} login successful
57665,2026-01-14,09:23:58,INFO,WebServer,Page view: /home by u1736,E103,Page view: {page} by {user}
57666,2026-01-14,09:13:33,INFO,WebServer,Transaction tx494607 completed in 231ms,E104,Transaction {tx} completed in {time}ms
57667,2026-01-14,09:22:01,INFO,WebServer,User u2909 login successful,E101,User {user} login successful
57668,2026-01-14,09:29:13,INFO,WebServer,Page view: /home by u3968,E103,Page view: {page} by {user}
57669,2026-01-14,09:23:00,INFO,WebServer,Transaction tx956424 completed in 1467ms,E104,Transaction {tx} completed in {time}ms
57670,2026-01-14,09:35:46,INFO,AuthService,Health check passed: AuthService,E102,Health check passed: {service}
57671,2026-01-14,09:09:29,INFO,PaymentGateway,Transaction tx984736 completed in 70ms,E104,Transaction {tx} completed in {time}ms
57672,2026-01-14,09:18:30,INFO,OrderProcessor,Page view: /home by u3428,E103,Page view: {page} by {user}
57673,2026-01-14,09:44:18,INFO,PaymentGateway,Transaction tx647148 completed in 817ms,E104,Transaction {tx} completed in {time}ms
57674,2026-01-14,09:58:21,INFO,WebServer,Transaction tx311181 completed in 612ms,E104,Transaction {tx} completed in {time}ms
57675,2026-01-14,09:28:24,INFO,WebServer,User u2874 login successful,E101,User {user} login successful
57676,2026-01-14,09:32:42,INFO,AuthService,Page view: /home by u4417,E103,Page view: {page} by {user}
57677,2026-01-14,09:05:09,INFO,WebServer,Health check passed: WebServer,E102,Health check passed: {service}
57678,2026-01-14,09:08:16,INFO,AuthService,User u4096 login successful,E101,User {user} login successful
57679,2026-01-14,09:16:47,INFO,WebServer,Health check passed: WebServer,E102,Health check passed: {service}
57680,2026-01-14,09:28:16,WARN,WebServer,Disk usage > 85% on node node-1,E202,Disk usage > 85% on node {node}
57681,2026-01-14,09:31:12,INFO,WebServer,User u4642 login successful,E101,User {user} login successful
57682,2026-01-14,09:55:34,INFO,AuthService,User u3770 login successful,E101,User {user} login successful
57683,2026-01-14,09:36:00,INFO,OrderProcessor,Transaction tx618251 completed in 1672ms,E104,Transaction {tx} completed in {time}ms
57684,2026-01-14,09:27:40,INFO,WebServer,Health check passed: WebServer,E102,Health check passed: {service}
57685,2026-01-14,09:28:48,INFO,WebServer,Health check passed: WebServer,E102,Health check passed: {service}
57686,2026-01-14,09:58:31,INFO,AuthService,Page view: /home by u2025,E103,Page view: {page} by {user}
57687,2026-01-14,09:51:37,INFO,WebServer,Page view: /home by u3220,E103,Page view: {page} by {user}
57688,2026-01-14,09:35:05,INFO,WebServer,User u3429 login successful,E101,User {user} login successful
57689,2026-01-14,09:59:02,INFO,WebServer,Page view: /home by u1674,E103,Page view: {page} by {user}
57690,2026-01-14,09:12:20,INFO,AuthService,Transaction tx215441 completed in 59ms,E104,Transaction {tx} completed in {time}ms
57691,2026-01-14,09:43:56,INFO,OrderProcessor,User u3316 login successful,E101,User {user} login successful
57692,2026-01-14,09:04:00,INFO,WebServer,User u1824 login successful,E101,User {user} login successful
57693,2026-01-14,09:33:07,INFO,WebServer,Page view: /home by u1812,E103,Page view: {page} by {user}
57694,2026-01-14,09:02:15,INFO,AuthService,User u2867 login successful,E101,User {user} login successful
57695,2026-01-14,09:26:04,INFO,AuthService,Page view: /home by u2219,E103,Page view: {page} by {user}
57696,2026-01-14,09:38:53,INFO,WebServer,User u2889 login successful,E101,User {user} login successful
57697,2026-01-14,09:19:29,INFO,WebServer,User u3721 login successful,E101,User {user} login successful
57698,2026-01-14,09:17:13,INFO,WebServer,User u3034 login successful,E101,User {user} login successful
57699,2026-01-14,09:41:38,WARN,AuthService,High latency (611ms) detected on AuthService,E201,High latency ({time}ms) detected on {service}
57700,2026-01-14,09:28:09,INFO,WebServer,User u3484 login successful,E101,User {user} login successful
57701,2026-01-14,09:59:19,INFO,OrderProcessor,User u4391 login successful,E101,User {user} login successful
57702,2026-01-14,09:30:18,INFO,WebServer,Health check passed: WebServer,E102,Health check passed: {service}
57703,2026-01-14,09:27:30,INFO,WebServer,Health check passed: WebServer,E102,Health check passed: {service}
57704,2026-01-14,09:16:53,INFO,WebServer,Transaction tx779726 completed in 1471ms,E104,Transaction {tx} completed in {time}ms
57705,2026-01-14,09:58:09,INFO,InventoryDB,Page view: /home by u4387,E103,Page view: {page} by {user}
57706,2026-01-14,09:30:30,INFO,WebServer,User u2326 login successful,E101,User {user} login successful
57707,2026-01-14,09:49:26,ERROR,WebServer,Payment declined: Gateway unavailable,E503,Payment declined: Gateway unavailable
57708,2026-01-14,09:36:32,INFO,WebServer,Health check passed: WebServer,E102,Health check passed: {service}
57709,2026-01-14,09:16:49,INFO,AuthService,Health check passed: AuthService,E102,Health check passed: {service}
57710,2026-01-14,09:30:14,INFO,WebServer,Health check passed: WebServer,E102,Health check passed: {service}
57711,2026-01-14,09:51:59,INFO,WebServer,Page view: /home by u4540,E103,Page view: {page} by {user}
57712,2026-01-14,09:10:50,INFO,WebServer,Transaction tx670982 completed in 1917ms,E104,Transaction {tx} completed in {time}ms
57713,2026-01-14,09:32:22,INFO,WebServer,Transaction tx973937 completed in 1005ms,E104,Transaction {tx} completed in {time}ms
57714,2026-01-14,09:28:46,INFO,AuthService,Page view: /home by u1968,E103,Page view: {page} by {user}
57715,2026-01-14,09:07:49,INFO,OrderProcessor,Health check passed: OrderProcessor,E102,Health check passed: {service}
57716,2026-01-14,09:58:54,INFO,OrderProcessor,Health check passed: OrderProcessor,E102,Health check passed: {service}
57717,2026-01-14,09:12:19,INFO,WebServer,User u3908 login successful,E101,User {user} login successful
57718,2026-01-14,09:15:20,INFO,AuthService,User u4738 login successful,E101,User {user} login successful
57719,2026-01-14,09:11:36,INFO,WebServer,Health check passed: WebServer,E102,Health check passed: {service}
57720,2026-01-14,09:00:30,INFO,AuthService,Transaction tx147668 completed in 517ms,E104,Transaction {tx} completed in {time}ms
57721,2026-01-14,09:34:21,INFO,OrderProcessor,User u4029 login successful,E101,User {user} login successful
57722,2026-01-14,09:37:24,INFO,OrderProcessor,Health check passed: OrderProcessor,E102,Health check passed: {service}
57723,2026-01-14,09:18:59,INFO,InventoryDB,Page view: /home by u3651,E103,Page view: {page} by {user}
57724,2026-01-14,09:33:56,INFO,WebServer,Health check passed: WebServer,E102,Health check passed: {service}
57725,2026-01-14,09:10:51,INFO,WebServer,User u1502 login successful,E101,User {user} login successful
57726,2026-01-14,09:09:09,INFO,PaymentGateway,Transaction tx570873 completed in 301ms,E104,Transaction {tx} completed in {time}ms
57727,2026-01-14,09:26:12,INFO,AuthService,Transaction tx145710 completed in 248ms,E104,Transaction {tx} completed in {time}ms
57728,2026-01-14,09:37:27,INFO,WebServer,Health check passed: WebServer,E102,Health check passed: {service}
57729,2026-01-14,09:57:20,INFO,AuthService,Page view: /home by u1690,E103,Page view: {page} by {user}
57730,2026-01-14,09:04:06,INFO,AuthService,Health check passed: AuthService,E102,Health check passed: {service}
57731,2026-01-14,09:50:14,INFO,WebServer,Health check passed: WebServer,E102,Health check passed: {service}
57732,2026-01-14,09:43:29,INFO,OrderProcessor,Page view: /home by u3785,E103,Page view: {page} by {user}
57733,2026-01-14,09:02:34,INFO,WebServer,Health check passed: WebServer,E102,Health check passed: {service}
57734,2026-01-14,09:12:22,INFO,AuthService,Health check passed: AuthService,E102,Health check passed: {service}
57735,2026-01-14,09:19:11,INFO,WebServer,Transaction tx927227 completed in 351ms,E104,Transaction {tx} completed in {time}ms
57736,2026-01-14,09:40:17,INFO,AuthService,User u3565 login successful,E101,User {user} login successful
57737,2026-01-14,09:22:17,INFO,PaymentGateway,Page view: /home by u4262,E103,Page view: {page} by {user}
57738,2026-01-14,09:37:15,INFO,WebServer,Transaction tx883113 completed in 1308ms,E104,Transaction {tx} completed in {time}ms
57739,2026-01-14,09:35:49,INFO,AuthService,Health check passed: AuthService,E102,Health check passed: {service}
57740,2026-01-14,09:20:16,INFO,WebServer,Health check passed: WebServer,E102,Health check passed: {service}
57741,2026-01-14,09:32:55,INFO,AuthService,Transaction tx638780 completed in 1284ms,E104,Transaction {tx} completed in {time}ms
57742,2026-01-14,09:34:38,INFO,WebServer,User u4310 login successful,E101,User {user} login successful
57743,2026-01-14,09:39:03,INFO,AuthService,Transaction tx255483 completed in 554ms,E104,Transaction {tx} completed in {time}ms
57744,2026-01-14,09:15:08,INFO,WebServer,Transaction tx222637 completed in 608ms,E104,Transaction {tx} completed in {time}ms
57745,2026-01-14,09:08:28,INFO,WebServer,Health check passed: WebServer,E102,Health check passed: {service}
57746,2026-01-14,09:00:54,INFO,WebServer,Page view: /home by u4742,E103,Page view: {page} by {user}
57747,2026-01-14,09:46:04,INFO,InventoryDB,Transaction tx120565 completed in 1467ms,E104,Transaction {tx} completed in {time}ms
57748,2026-01-14,09:32:35,INFO,AuthService,Page view: /home by u2231,E103,Page view: {page} by {user}
57749,2026-01-14,09:32:10,INFO,AuthService,Health check passed: AuthService,E102,Health check passed: {service}
57750,2026-01-14,09:50:35,INFO,PaymentGateway,User u3611 login successful,E101,User {user} login successful
57751,2026-01-14,09:15:54,INFO,WebServer,Health check passed: WebServer,E102,Health check passed: {service}
57752,2026-01-14,09:26:39,INFO,InventoryDB,Page view: /home by u1719,E103,Page view: {page} by {user}
57753,2026-01-14,09:52:44,INFO,AuthService,User u4327 login successful,E101,User {user} login successful
57754,2026-01-14,09:38:58,INFO,WebServer,User u2330 login successful,E101,User {user} login successful
57755,2026-01-14,09:48:05,WARN,AuthService,Unauthorized access attempt from 10.0.0.99,E401,Unauthorized access attempt from {ip}
57756,2026-01-14,09:15:08,INFO,OrderProcessor,Health check passed: OrderProcessor,E102,Health check passed: {service}
57757,2026-01-14,09:13:43,INFO,AuthService,Transaction tx777626 completed in 451ms,E104,Transaction {tx} completed in {time}ms
57758,2026-01-14,09:18:08,INFO,PaymentGateway,Page view: /home by u2857,E103,Page view: {page} by {user}
57759,2026-01-14,09:08:12,WARN,OrderProcessor,High latency (344ms) detected on OrderProcessor,E201,High latency ({time}ms) detected on {service}
57760,2026-01-14,09:09:11,INFO,WebServer,Health check passed: WebServer,E102,Health check passed: {service}
57761,2026-01-14,09:29:25,INFO,AuthService,Page view: /home by u1343,E103,Page view: {page} by {user}
57762,2026-01-14,09:19:29,INFO,WebServer,Transaction tx401168 completed in 447ms,E104,Transaction {tx} completed in {time}ms
57763,2026-01-14,09:39:24,INFO,AuthService,Page view: /home by u3095,E103,Page view: {page} by {user}
57764,2026-01-14,09:11:33,INFO,WebServer,Page view: /home by u4605,E103,Page view: {page} by {user}
57765,2026-01-14,09:01:09,INFO,WebServer,Page view: /home by u2092,E103,Page view: {page} by {user}
57766,2026-01-14,09:28:25,INFO,WebServer,User u1509 login successful,E101,User {user} login successful
57767,2026-01-14,09:22:16,INFO,PaymentGateway,Health check passed: PaymentGateway,E102,Health check passed: {service}
57768,2026-01-14,09:51:21,INFO,AuthService,User u1318 login successful,E101,User {user} login successful
57769,2026-01-14,09:38:28,INFO,OrderProcessor,Transaction tx931144 completed in 1324ms,E104,Transaction {tx} completed in {time}ms
57770,2026-01-14,09:00:38,INFO,AuthService,Page view: /home by u2318,E103,Page view: {page} by {user}
57771,2026-01-14,09:25:35,INFO,OrderProcessor,User u2753 login successful,E101,User {user} login successful
57772,2026-01-14,09:42:50,INFO,AuthService,User u3017 login successful,E101,User {user} login successful
57773,2026-01-14,09:26:40,WARN,AuthService,High latency (249ms) detected on AuthService,E201,High latency ({time}ms) detected on {service}
57774,2026-01-14,09:42:51,INFO,OrderProcessor,Health check passed: OrderProcessor,E102,Health check passed: {service}
57775,2026-01-14,09:19:10,INFO,AuthService,Health check passed: AuthService,E102,Health check passed: {service}
57776,2026-01-14,09:21:13,INFO,OrderProcessor,User u2114 login successful,E101,User {user} login successful
57777,2026-01-14,09:48:43,INFO,WebServer,Page view: /home by u1011,E103,Page view: {page} by {user}
57778,2026-01-14,09:19:58,INFO,AuthService,User u1774 login successful,E101,User {user} login successful
57779,2026-01-14,09:17:38,WARN,WebServer,Disk usage > 85% on node node-2,E202,Disk usage > 85% on node {node}
57780,2026-01-14,09:42:45,INFO,OrderProcessor,Transaction tx699741 completed in 807ms,E104,Transaction {tx} completed in {time}ms
57781,2026-01-14,09:04:10,INFO,AuthService,Health check passed: AuthService,E102,Health check passed: {service}
57782,2026-01-14,09:41:55,INFO,AuthService,User u1119 login successful,E101,User {user} login successful
57783,2026-01-14,09:49:27,INFO,WebServer,Page view: /home by u2441,E103,Page view: {page} by {user}
57784,2026-01-14,09:40:28,INFO,OrderProcessor,Health check passed: OrderProcessor,E102,Health check passed: {service}
57785,2026-01-14,09:13:45,WARN,InventoryDB,High latency (1844ms) detected on InventoryDB,E201,High latency ({time}ms) detected on {service}
57786,2026-01-14,09:47:39,WARN,WebServer,Disk usage > 85% on node node-3,E202,Disk usage > 85% on node {node}
57787,2026-01-14,09:25:46,INFO,WebServer,Health check passed: WebServer,E102,Health check passed: {service}
57788,2026-01-14,09:02:57,WARN,AuthService,Unauthorized access attempt from 10.0.0.12,E401,Unauthorized access attempt from {ip}
57789,2026-01-14,09:27:31,INFO,OrderProcessor,User u4496 login successful,E101,User {user} login successful
57790,2026-01-14,09:02:56,INFO,WebServer,Health check passed: WebServer,E102,Health check passed: {service}
57791,2026-01-14,09:06:58,INFO,WebServer,User u2999 login successful,E101,User {user} login successful
57792,2026-01-14,09:33:07,INFO,WebServer,Transaction tx282855 completed in 128ms,E104,Transaction {tx} completed in {time}ms
57793,2026-01-14,09:21:32,INFO,AuthService,Transaction tx931435 completed in 1905ms,E104,Transaction {tx} completed in {time}ms
57794,2026-01-14,09:52:25,INFO,WebServer,Page view: /home by u2261,E103,Page view: {page} by {user}
57795,2026-01-14,09:30:26,INFO,WebServer,User u2942 login successful,E101,User {user} login successful
57796,2026-01-14,09:18:12,INFO,WebServer,Transaction tx456646 completed in 738ms,E104,Transaction {tx} completed in {time}ms
57797,2026-01-14,09:46:56,INFO,AuthService,User u3407 login successful,E101,User {user} login successful
57798,2026-01-14,09:48:10,INFO,WebServer,Health check passed: WebServer,E102,Health check passed: {service}
57799,2026-01-14,09:13:04,INFO,AuthService,Page view: /home by u4589,E103,Page view: {page} by {user}
57800,2026-01-14,09:46:24,INFO,WebServer,Transaction tx230075 completed in 1114ms,E104,Transaction {tx} completed in {time}ms
57801,2026-01-14,09:07:54,INFO,WebServer,Health check passed: WebServer,E102,Health check passed: {service}
57802,2026-01-14,09:37:25,INFO,InventoryDB,Page view: /home by u4556,E103,Page view: {page} by {user}
57803,2026-01-14,09:45:20,INFO,PaymentGateway,User u1432 login successful,E101,User {user} login successful
57804,2026-01-14,09:33:13,INFO,OrderProcessor,User u3105 login successful,E101,User {user} login successful
57805,2026-01-14,09:08:53,INFO,WebServer,User u2201 login successful,E101,User {user} login successful
57806,2026-01-14,09:48:19,INFO,WebServer,Page view: /home by u3663,E103,Page view: {page} by {user}
57807,2026-01-14,09:48:35,INFO,WebServer,User u2903 login successful,E101,User {user} login successful
57808,2026-01-14,09:35:21,INFO,PaymentGateway,Transaction tx483898 completed in 1693ms,E104,Transaction {tx} completed in {time}ms
57809,2026-01-14,09:36:49,INFO,WebServer,Health check passed: WebServer,E102,Health check passed: {service}
57810,2026-01-14,09:56:00,INFO,WebServer,Transaction tx928400 completed in 588ms,E104,Transaction {tx} completed in {time}ms
57811,2026-01-14,09:27:26,INFO,WebServer,Transaction tx518167 completed in 371ms,E104,Transaction {tx} completed in {time}ms
57812,2026-01-14,09:06:03,INFO,WebServer,Page view: /home by u4519,E103,Page view: {page} by {user}
57813,2026-01-14,09:50:16,INFO,WebServer,Health check passed: WebServer,E102,Health check passed: {service}
57814,2026-01-14,09:19:13,INFO,OrderProcessor,Transaction tx108695 completed in 1319ms,E104,Transaction {tx} completed in {time}ms
57815,2026-01-14,09:02:47,INFO,WebServer,User u3089 login successful,E101,User {user} login successful
57816,2026-01-14,09:43:40,INFO,AuthService,Transaction tx298916 completed in 67ms,E104,Transaction {tx} completed in {time}ms
57817,2026-01-14,09:36:47,INFO,AuthService,User u2294 login successful,E101,User {user} login successful
57818,2026-01-14,09:22:16,INFO,AuthService,Page view: /home by u2148,E103,Page view: {page} by {user}
57819,2026-01-14,09:05:50,INFO,AuthService,Health check passed: AuthService,E102,Health check passed: {service}
57820,2026-01-14,09:28:20,INFO,PaymentGateway,Health check passed: PaymentGateway,E102,Health check passed: {service}
57821,2026-01-14,09:54:05,INFO,InventoryDB,Health check passed: InventoryDB,E102,Health check passed: {service}
57822,2026-01-14,09:11:31,INFO,InventoryDB,Health check passed: InventoryDB,E102,Health check passed: {service}
57823,2026-01-14,09:06:18,ERROR,InventoryDB,Connection refused to InventoryDB at 10.0.0.45,E501,Connection refused to {service} at {ip}
57824,2026-01-14,09:49:36,WARN,OrderProcessor,Disk usage > 85% on node node-4,E202,Disk usage > 85% on node {node}
57825,2026-01-14,09:43:27,INFO,WebServer,Health check passed: WebServer,E102,Health check passed: {service}
57826,2026-01-14,09:54:00,INFO,PaymentGateway,User u3179 login successful,E101,User {user} login successful
57827,2026-01-14,09:54:19,INFO,OrderProcessor,Health check passed: OrderProcessor,E102,Health check passed: {service}
57828,2026-01-14,09:42:12,INFO,PaymentGateway,Page view: /home by u1672,E103,Page view: {page} by {user}
57829,2026-01-14,09:53:00,INFO,WebServer,Health check passed: WebServer,E102,Health check passed: {service}
57830,2026-01-14,09:46:34,INFO,WebServer,Page view: /home by u4142,E103,Page view: {page} by {user}
57831,2026-01-14,09:49:53,INFO,WebServer,Health check passed: WebServer,E102,Health check passed: {service}
57832,2026-01-14,09:11:25,WARN,WebServer,High latency (1245ms) detected on WebServer,E201,High latency ({time}ms) detected on {service}
57833,2026-01-14,09:56:55,INFO,WebServer,Health check passed: WebServer,E102,Health check passed: {service}
57834,2026-01-14,09:45:48,INFO,InventoryDB,Health check passed: InventoryDB,E102,Health check passed: {service}
57835,2026-01-14,09:50:20,INFO,OrderProcessor,User u1285 login successful,E101,User {user} login successful
57836,2026-01-14,09:11:01,INFO,OrderProcessor,Page view: /home by u1066,E103,Page view: {page} by {user}
57837,2026-01-14,09:04:48,INFO,WebServer,Health check passed: WebServer,E102,Health check passed: {service}
57838,2026-01-14,09:59:41,INFO,OrderProcessor,Page view: /home by u4986,E103,Page view: {page} by {user}
57839,2026-01-14,09:28:22,WARN,WebServer,Disk usage > 85% on node node-1,E202,Disk usage > 85% on node {node}
57840,2026-01-14,09:16:10,INFO,WebServer,Page view: /home by u2609,E103,Page view: {page} by {user}
57841,2026-01-14,09:47:03,INFO,PaymentGateway,Page view: /home by u4686,E103,Page view: {page} by {user}
57842,2026-01-14,09:34:10,INFO,OrderProcessor,Transaction tx573009 completed in 1214ms,E104,Transaction {tx} completed in {time}ms
57843,2026-01-14,09:01:13,WARN,AuthService,High latency (207ms) detected on AuthService,E201,High latency ({time}ms) detected on {service}
57844,2026-01-14,09:58:29,INFO,OrderProcessor,User u1483 login successful,E101,User {user} login successful
57845,2026-01-14,09:42:12,INFO,WebServer,Health check passed: WebServer,E102,Health check passed: {service}
57846,2026-01-14,09:53:52,INFO,AuthService,User u1977 login successful,E101,User {user} login successful
57847,2026-01-14,09:45:04,INFO,InventoryDB,Health check passed: InventoryDB,E102,Health check passed: {service}
57848,2026-01-14,09:42:37,INFO,WebServer,Page view: /home by u4861,E103,Page view: {page} by {user}
57849,2026-01-14,09:07:13,WARN,AuthService,Disk usage > 85% on node node-4,E202,Disk usage > 85% on node {node}
57850,2026-01-14,09:55:52,INFO,OrderProcessor,Transaction tx704414 completed in 1283ms,E104,Transaction {tx} completed in {time}ms
57851,2026-01-14,09:04:14,INFO,WebServer,User u4070 login successful,E101,User {user} login successful
57852,2026-01-14,09:05:18,INFO,WebServer,Transaction tx658263 completed in 1010ms,E104,Transaction {tx} completed in {time}ms
57853,2026-01-14,09:28:20,INFO,PaymentGateway,Transaction tx216496 completed in 678ms,E104,Transaction {tx} completed in {time}ms
57854,2026-01-14,09:33:14,INFO,OrderProcessor,Transaction tx170948 completed in 781ms,E104,Transaction {tx} completed in {time}ms
57855,2026-01-14,09:55:19,INFO,OrderProcessor,Transaction tx450747 completed in 1467ms,E104,Transaction {tx} completed in {time}ms
57856,2026-01-14,09:35:13,INFO,OrderProcessor,Transaction tx353664 completed in 1102ms,E104,Transaction {tx} completed in {time}ms
57857,2026-01-14,09:23:12,INFO,WebServer,Transaction tx461516 completed in 493ms,E104,Transaction {tx} completed in {time}ms
57858,2026-01-14,09:26:01,INFO,AuthService,User u2052 login successful,E101,User {user} login successful
57859,2026-01-14,09:25:27,INFO,WebServer,Page view: /home by u3378,E103,Page view: {page} by {user}
57860,2026-01-14,09:53:49,INFO,OrderProcessor,Transaction tx161963 completed in 398ms,E104,Transaction {tx} completed in {time}ms
57861,2026-01-14,09:18:22,INFO,WebServer,Page view: /home by u1948,E103,Page view: {page} by {user}
57862,2026-01-14,09:21:30,INFO,AuthService,Health check passed: AuthService,E102,Health check passed: {service}
57863,2026-01-14,09:24:18,INFO,AuthService,Page view: /home by u2079,E103,Page view: {page} by {user}
57864,2026-01-14,09:21:41,INFO,AuthService,Transaction tx444597 completed in 1535ms,E104,Transaction {tx} completed in {time}ms
57865,2026-01-14,09:10:06,INFO,OrderProcessor,Health check passed: OrderProcessor,E102,Health check passed: {service}
57866,2026-01-14,09:30:48,INFO,OrderProcessor,Health check passed: OrderProcessor,E102,Health check passed: {service}
57867,2026-01-14,09:31:21,INFO,WebServer,Health check passed: WebServer,E102,Health check passed: {service}
57868,2026-01-14,09:55:01,INFO,WebServer,User u2954 login successful,E101,User {user} login successful
57869,2026-01-14,09:26:54,INFO,OrderProcessor,User u2567 login successful,E101,User {user} login successful
57870,2026-01-14,09:04:11,INFO,WebServer,Health check passed: WebServer,E102,Health check passed: {service}
57871,2026-01-14,09:30:41,INFO,WebServer,Health check passed: WebServer,E102,Health check passed: {service}
57872,2026-01-14,09:12:25,INFO,PaymentGateway,Health check passed: PaymentGateway,E102,Health check passed: {service}
57873,2026-01-14,09:44:37,WARN,WebServer,Disk usage > 85% on node node-2,E202,Disk usage > 85% on node {node}
57874,2026-01-14,09:58:47,INFO,AuthService,Page view: /home by u3701,E103,Page view: {page} by {user}
57875,2026-01-14,09:29:12,WARN,OrderProcessor,Unauthorized access attempt from 10.0.0.45,E401,Unauthorized access attempt from {ip}
57876,2026-01-14,09:14:14,INFO,OrderProcessor,Transaction tx730093 completed in 1652ms,E104,Transaction {tx} completed in {time}ms
57877,2026-01-14,09:59:00,INFO,WebServer,Page view: /home by u1748,E103,Page view: {page} by {user}
57878,2026-01-14,09:32:55,WARN,WebServer,High latency (1063ms) detected on WebServer,E201,High latency ({time}ms) detected on {service}
57879,2026-01-14,09:17:53,INFO,WebServer,User u1868 login successful,E101,User {user} login successful
57880,2026-01-14,09:56:25,INFO,PaymentGateway,User u1349 login successful,E101,User {user} login successful
57881,2026-01-14,09:07:38,INFO,OrderProcessor,Transaction tx652841 completed in 244ms,E104,Transaction {tx} completed in {time}ms
57882,2026-01-14,09:08:11,INFO,AuthService,User u1485 login successful,E101,User {user} login successful
57883,2026-01-14,09:20:08,INFO,OrderProcessor,Page view: /home by u1246,E103,Page view: {page} by {user}
57884,2026-01-14,09:18:58,INFO,PaymentGateway,User u3309 login successful,E101,User {user} login successful
57885,2026-01-14,09:20:11,INFO,WebServer,User u1455 login successful,E101,User {user} login successful
57886,2026-01-14,09:58:57,INFO,WebServer,Health check passed: WebServer,E102,Health check passed: {service}
57887,2026-01-14,09:04:48,INFO,OrderProcessor,User u1982 login successful,E101,User {user} login successful
57888,2026-01-14,09:56:01,ERROR,WebServer,Timeout waiting for lock on InventoryDB,E502,Timeout waiting for lock on {db}
57889,2026-01-14,09:28:21,INFO,WebServer,User u3962 login successful,E101,User {user} login successful
57890,2026-01-14,09:48:24,INFO,InventoryDB,User u3138 login successful,E101,User {user} login successful
57891,2026-01-14,09:21:16,INFO,AuthService,User u4372 login successful,E101,User {user} login successful
57892,2026-01-14,09:26:47,INFO,AuthService,Page view: /home by u4794,E103,Page view: {page} by {user}
57893,2026-01-14,09:35:01,INFO,WebServer,User u1356 login successful,E101,User {user} login successful
57894,2026-01-14,09:43:15,INFO,AuthService,Transaction tx951891 completed in 603ms,E104,Transaction {tx} completed in {time}ms
57895,2026-01-14,09:56:06,INFO,WebServer,User u1062 login successful,E101,User {user} login successful
57896,2026-01-14,09:06:10,INFO,WebServer,Page view: /home by u3145,E103,Page view: {page} by {user}
57897,2026-01-14,09:07:15,INFO,InventoryDB,Page view: /home by u4977,E103,Page view: {page} by {user}
57898,2026-01-14,09:29:36,INFO,WebServer,Transaction tx627596 completed in 359ms,E104,Transaction {tx} completed in {time}ms
57899,2026-01-14,09:26:06,INFO,WebServer,User u3001 login successful,E101,User {user} login successful
57900,2026-01-14,09:59:08,INFO,AuthService,Health check passed: AuthService,E102,Health check passed: {service}
57901,2026-01-14,09:30:41,INFO,AuthService,Page view: /home by u4369,E103,Page view: {page} by {user}
57902,2026-01-14,09:16:46,INFO,WebServer,Transaction tx286120 completed in 962ms,E104,Transaction {tx} completed in {time}ms
57903,2026-01-14,09:28:38,INFO,AuthService,User u1011 login successful,E101,User {user} login successful
57904,2026-01-14,09:10:58,INFO,WebServer,Page view: /home by u2137,E103,Page view: {page} by {user}
57905,2026-01-14,09:07:42,INFO,WebServer,Page view: /home by u3263,E103,Page view: {page} by {user}
57906,2026-01-14,09:25:23,INFO,AuthService,User u3487 login successful,E101,User {user} login successful
57907,2026-01-14,09:29:11,INFO,WebServer,Page view: /home by u2795,E103,Page view: {page} by {user}
57908,2026-01-14,09:09:02,INFO,AuthService,Transaction tx296235 completed in 853ms,E104,Transaction {tx} completed in {time}ms
57909,2026-01-14,09:40:13,INFO,OrderProcessor,User u1187 login successful,E101,User {user} login successful
57910,2026-01-14,09:50:00,INFO,WebServer,Health check passed: WebServer,E102,Health check passed: {service}
57911,2026-01-14,09:07:38,INFO,OrderProcessor,User u2652 login successful,E101,User {user} login successful
57912,2026-01-14,09:35:03,INFO,WebServer,Transaction tx591570 completed in 721ms,E104,Transaction {tx} completed in {time}ms
57913,2026-01-14,09:08:33,INFO,WebServer,Transaction tx878966 completed in 1987ms,E104,Transaction {tx} completed in {time}ms
57914,2026-01-14,09:18:27,INFO,WebServer,Page view: /home by u1198,E103,Page view: {page} by {user}
57915,2026-01-14,09:36:12,INFO,WebServer,Page view: /home by u1150,E103,Page view: {page} by {user}
57916,2026-01-14,09:29:25,INFO,WebServer,Transaction tx163953 completed in 1333ms,E104,Transaction {tx} completed in {time}ms
57917,2026-01-14,09:53:52,INFO,WebServer,Transaction tx510269 completed in 1003ms,E104,Transaction {tx} completed in {time}ms
57918,2026-01-14,09:03:12,INFO,WebServer,User u1802 login successful,E101,User {user} login successful
57919,2026-01-14,09:30:56,INFO,WebServer,Page view: /home by u2613,E103,Page view: {page} by {user}
57920,2026-01-14,09:55:13,INFO,OrderProcessor,Transaction tx837989 completed in 669ms,E104,Transaction {tx} completed in {time}ms
57921,2026-01-14,09:12:02,INFO,PaymentGateway,Page view: /home by u1750,E103,Page view: {page} by {user}
57922,2026-01-14,09:07:27,INFO,OrderProcessor,User u3848 login successful,E101,User {user} login successful
57923,2026-01-14,09:11:03,INFO,InventoryDB,Health check passed: InventoryDB,E102,Health check passed: {service}
57924,2026-01-14,09:36:10,INFO,WebServer,Transaction tx237357 completed in 564ms,E104,Transaction {tx} completed in {time}ms
57925,2026-01-14,09:47:02,INFO,WebServer,Transaction tx149155 completed in 1109ms,E104,Transaction {tx} completed in {time}ms
57926,2026-01-14,09:08:01,INFO,WebServer,User u1232 login successful,E101,User {user} login successful
57927,2026-01-14,09:17:44,INFO,PaymentGateway,User u4687 login successful,E101,User {user} login successful
57928,2026-01-14,09:33:18,INFO,AuthService,Transaction tx981534 completed in 765ms,E104,Transaction {tx} completed in {time}ms
57929,2026-01-14,09:29:25,INFO,OrderProcessor,Health check passed: OrderProcessor,E102,Health check passed: {service}
57930,2026-01-14,09:12:29,INFO,WebServer,User u2858 login successful,E101,User {user} login successful
57931,2026-01-14,09:55:55,INFO,OrderProcessor,Transaction tx695158 completed in 458ms,E104,Transaction {tx} completed in {time}ms
57932,2026-01-14,09:12:56,INFO,PaymentGateway,User u4150 login successful,E101,User {user} login successful
57933,2026-01-14,09:40:28,INFO,PaymentGateway,User u4371 login successful,E101,User {user} login successful
57934,2026-01-14,09:43:16,INFO,WebServer,Transaction tx220516 completed in 1039ms,E104,Transaction {tx} completed in {time}ms
57935,2026-01-14,09:58:31,INFO,AuthService,Transaction tx473542 completed in 231ms,E104,Transaction {tx} completed in {time}ms
57936,2026-01-14,09:27:45,INFO,OrderProcessor,User u2635 login successful,E101,User {user} login successful
57937,2026-01-14,09:35:03,INFO,WebServer,Health check passed: WebServer,E102,Health check passed: {service}
57938,2026-01-14,09:13:46,WARN,OrderProcessor,Disk usage > 85% on node node-2,E202,Disk usage > 85% on node {node}
57939,2026-01-14,09:57:16,INFO,AuthService,Health check passed: AuthService,E102,Health check passed: {service}
57940,2026-01-14,09:44:22,INFO,AuthService,Transaction tx328915 completed in 344ms,E104,Transaction {tx} completed in {time}ms
57941,2026-01-14,09:52:11,CRITICAL,WebServer,KERNEL PANIC: Node node-3 crashed,E601,KERNEL PANIC: Node {node} crashed
57942,2026-01-14,09:19:40,INFO,PaymentGateway,User u3336 login successful,E101,User {user} login successful
57943,2026-01-14,09:44:17,INFO,OrderProcessor,Health check passed: OrderProcessor,E102,Health check passed: {service}
57944,2026-01-14,09:21:31,WARN,WebServer,Unauthorized access attempt from 10.0.0.45,E401,Unauthorized access attempt from {ip}
57945,2026-01-14,09:59:56,INFO,PaymentGateway,User u3065 login successful,E101,User {user} login successful
57946,2026-01-14,09:04:27,INFO,InventoryDB,Health check passed: InventoryDB,E102,Health check passed: {service}
57947,2026-01-14,09:30:30,INFO,WebServer,Page view: /home by u1939,E103,Page view: {page} by {user}
57948,2026-01-14,09:04:01,INFO,AuthService,User u2831 login successful,E101,User {user} login successful
57949,2026-01-14,09:56:36,INFO,PaymentGateway,Page view: /home by u2211,E103,Page view: {page} by {user}
57950,2026-01-14,09:05:46,INFO,WebServer,Health check passed: WebServer,E102,Health check passed: {service}
57951,2026-01-14,09:43:24,INFO,WebServer,Transaction tx634830 completed in 1488ms,E104,Transaction {tx} completed in {time}ms
57952,2026-01-14,09:29:43,INFO,WebServer,Health check passed: WebServer,E102,Health check passed: {service}
57953,2026-01-14,09:34:37,INFO,AuthService,User u4655 login successful,E101,User {user} login successful
57954,2026-01-14,09:30:34,INFO,OrderProcessor,Transaction tx717755 completed in 445ms,E104,Transaction {tx} completed in {time}ms
57955,2026-01-14,09:06:56,INFO,OrderProcessor,User u3908 login successful,E101,User {user} login successful
57956,2026-01-14,09:39:18,INFO,WebServer,User u4529 login successful,E101,User {user} login successful
57957,2026-01-14,09:17:06,INFO,WebServer,User u2053 login successful,E101,User {user} login successful
57958,2026-01-14,09:29:08,INFO,AuthService,Page view: /home by u2749,E103,Page view: {page} by {user}
57959,2026-01-14,09:01:05,INFO,AuthService,Page view: /home by u4233,E103,Page view: {page} by {user}
57960,2026-01-14,09:13:42,INFO,AuthService,Transaction tx402829 completed in 765ms,E104,Transaction {tx} completed in {time}ms
57961,2026-01-14,09:17:14,INFO,WebServer,Health check passed: WebServer,E102,Health check passed: {service}
57962,2026-01-14,09:17:05,INFO,WebServer,User u3678 login successful,E101,User {user} login successful
57963,2026-01-14,09:38:14,INFO,OrderProcessor,Page view: /home by u4781,E103,Page view: {page} by {user}
57964,2026-01-14,09:16:38,INFO,OrderProcessor,Page view: /home by u2194,E103,Page view: {page} by {user}
57965,2026-01-14,09:03:21,INFO,InventoryDB,Health check passed: InventoryDB,E102,Health check passed: {service}
57966,2026-01-14,09:13:32,INFO,InventoryDB,Transaction tx629331 completed in 838ms,E104,Transaction {tx} completed in {time}ms
57967,2026-01-14,09:55:51,INFO,OrderProcessor,Page view: /home by u1350,E103,Page view: {page} by {user}
57968,2026-01-14,09:41:32,INFO,WebServer,Transaction tx356716 completed in 1252ms,E104,Transaction {tx} completed in {time}ms
57969,2026-01-14,09:00:16,INFO,WebServer,User u2395 login successful,E101,User {user} login successful
57970,2026-01-14,09:09:43,INFO,WebServer,Page view: /home by u2140,E103,Page view: {page} by {user}
57971,2026-01-14,09:13:52,INFO,AuthService,Page view: /home by u1436,E103,Page view: {page} by {user}
57972,2026-01-14,09:47:01,INFO,WebServer,User u2953 login successful,E101,User {user} login successful
57973,2026-01-14,09:43:38,INFO,AuthService,User u4538 login successful,E101,User {user} login successful
57974,2026-01-14,09:40:54,INFO,WebServer,User u1484 login successful,E101,User {user} login successful
57975,2026-01-14,09:08:16,INFO,WebServer,User u2675 login successful,E101,User {user} login successful
57976,2026-01-14,09:31:22,INFO,AuthService,Page view: /home by u2295,E103,Page view: {page} by {user}
57977,2026-01-14,09:54:35,INFO,InventoryDB,Health check passed: InventoryDB,E102,Health check passed: {service}
57978,2026-01-14,09:48:06,INFO,AuthService,User u1000 login successful,E101,User {user} login successful
57979,2026-01-14,09:17:01,INFO,AuthService,User u2214 login successful,E101,User {user} login successful
57980,2026-01-14,09:47:25,INFO,WebServer,User u3497 login successful,E101,User {user} login successful
57981,2026-01-14,09:53:50,INFO,WebServer,Transaction tx983653 completed in 85ms,E104,Transaction {tx} completed in {time}ms
57982,2026-01-14,09:53:33,INFO,AuthService,User u2939 login successful,E101,User {user} login successful
57983,2026-01-14,09:51:05,INFO,WebServer,Health check passed: WebServer,E102,Health check passed: {service}
57984,2026-01-14,09:41:56,INFO,OrderProcessor,Transaction tx864898 completed in 191ms,E104,Transaction {tx} completed in {time}ms
57985,2026-01-14,09:21:10,WARN,AuthService,Disk usage > 85% on node node-3,E202,Disk usage > 85% on node {node}
57986,2026-01-14,09:08:07,INFO,WebServer,Health check passed: WebServer,E102,Health check passed: {service}
57987,2026-01-14,09:43:38,INFO,OrderProcessor,Health check passed: OrderProcessor,E102,Health check passed: {service}
57988,2026-01-14,09:59:44,INFO,PaymentGateway,Transaction tx376013 completed in 772ms,E104,Transaction {tx} completed in {time}ms
57989,2026-01-14,09:52:28,INFO,AuthService,Health check passed: AuthService,E102,Health check passed: {service}
57990,2026-01-14,09:19:12,INFO,InventoryDB,Health check passed: InventoryDB,E102,Health check passed: {service}
57991,2026-01-14,09:05:41,INFO,OrderProcessor,Health check passed: OrderProcessor,E102,Health check passed: {service}
57992,2026-01-14,09:27:03,INFO,OrderProcessor,Page view: /home by u2509,E103,Page view: {page} by {user}
57993,2026-01-14,09:20:30,INFO,WebServer,User u4333 login successful,E101,User {user} login successful
57994,2026-01-14,09:11:13,INFO,WebServer,User u3906 login successful,E101,User {user} login successful
57995,2026-01-14,09:05:28,INFO,WebServer,User u2872 login successful,E101,User {user} login successful
57996,2026-01-14,09:35:40,INFO,AuthService,User u4952 login successful,E101,User {user} login successful
57997,2026-01-14,09:57:22,INFO,OrderProcessor,Health check passed: OrderProcessor,E102,Health check passed: {service}
57998,2026-01-14,09:13:36,INFO,OrderProcessor,Transaction tx926085 completed in 377ms,E104,Transaction {tx} completed in {time}ms
57999,2026-01-14,09:06:13,INFO,AuthService,User u1086 login successful,E101,User {user} login successful
58000,2026-01-14,09:28:33,INFO,WebServer,Page view: /home by u2876,E103,Page view: {page} by {user}
58001,2026-01-14,09:34:48,WARN,WebServer,High latency (1742ms) detected on WebServer,E201,High latency ({time}ms) detected on {service}
58002,2026-01-14,09:07:51,INFO,AuthService,Health check passed: AuthService,E102,Health check passed: {service}
58003,2026-01-14,09:30:50,INFO,OrderProcessor,Page view: /home by u3207,E103,Page view: {page} by {user}
58004,2026-01-14,09:25:54,INFO,WebServer,User u4059 login successful,E101,User {user} login successful
58005,2026-01-14,09:09:38,INFO,WebServer,Page view: /home by u3835,E103,Page view: {page} by {user}
58006,2026-01-14,09:54:47,ERROR,WebServer,Payment declined: Gateway unavailable,E503,Payment declined: Gateway unavailable
58007,2026-01-14,09:47:02,INFO,WebServer,Page view: /home by u2774,E103,Page view: {page} by {user}
58008,2026-01-14,09:50:34,INFO,WebServer,Health check passed: WebServer,E102,Health check passed: {service}
58009,2026-01-14,09:04:33,INFO,WebServer,Health check passed: WebServer,E102,Health check passed: {service}
58010,2026-01-14,09:31:19,INFO,WebServer,Health check passed: WebServer,E102,Health check passed: {service}
58011,2026-01-14,09:53:35,INFO,WebServer,Transaction tx630295 completed in 300ms,E104,Transaction {tx} completed in {time}ms
58012,2026-01-14,09:31:33,INFO,WebServer,User u4894 login successful,E101,User {user} login successful
58013,2026-01-14,09:18:59,WARN,WebServer,High latency (517ms) detected on WebServer,E201,High latency ({time}ms) detected on {service}
58014,2026-01-14,09:28:34,INFO,AuthService,User u4229 login successful,E101,User {user} login successful
58015,2026-01-14,09:01:18,INFO,PaymentGateway,Transaction tx781655 completed in 566ms,E104,Transaction {tx} completed in {time}ms
58016,2026-01-14,09:29:54,INFO,AuthService,Health check passed: AuthService,E102,Health check passed: {service}
58017,2026-01-14,09:42:34,INFO,WebServer,Page view: /home by u1367,E103,Page view: {page} by {user}
58018,2026-01-14,09:31:14,INFO,AuthService,Transaction tx579998 completed in 573ms,E104,Transaction {tx} completed in {time}ms
58019,2026-01-14,09:16:29,INFO,OrderProcessor,Transaction tx959983 completed in 1821ms,E104,Transaction {tx} completed in {time}ms
58020,2026-01-14,09:51:31,INFO,OrderProcessor,User u2381 login successful,E101,User {user} login successful
58021,2026-01-14,09:48:59,INFO,AuthService,User u4620 login successful,E101,User {user} login successful
58022,2026-01-14,09:09:40,INFO,AuthService,Health check passed: AuthService,E102,Health check passed: {service}
58023,2026-01-14,09:20:23,INFO,AuthService,Health check passed: AuthService,E102,Health check passed: {service}
58024,2026-01-14,09:36:23,INFO,WebServer,Page view: /home by u3785,E103,Page view: {page} by {user}
58025,2026-01-14,09:48:22,INFO,WebServer,Health check passed: WebServer,E102,Health check passed: {service}
58026,2026-01-14,09:32:50,INFO,WebServer,Transaction tx780589 completed in 1571ms,E104,Transaction {tx} completed in {time}ms
58027,2026-01-14,09:19:46,INFO,OrderProcessor,Transaction tx741594 completed in 1359ms,E104,Transaction {tx} completed in {time}ms
58028,2026-01-14,09:36:42,INFO,AuthService,Health check passed: AuthService,E102,Health check passed: {service}
58029,2026-01-14,09:19:10,ERROR,OrderProcessor,Connection refused to OrderProcessor at 192.168.1.5,E501,Connection refused to {service} at {ip}
58030,2026-01-14,09:31:43,INFO,WebServer,Health check passed: WebServer,E102,Health check passed: {service}
58031,2026-01-14,09:44:04,WARN,PaymentGateway,Disk usage > 85% on node node-1,E202,Disk usage > 85% on node {node}
58032,2026-01-14,09:04:21,INFO,WebServer,Health check passed: WebServer,E102,Health check passed: {service}
58033,2026-01-14,09:30:19,INFO,WebServer,Health check passed: WebServer,E102,Health check passed: {service}
58034,2026-01-14,09:36:31,INFO,WebServer,User u1776 login successful,E101,User {user} login successful
58035,2026-01-14,09:17:15,INFO,AuthService,Transaction tx520367 completed in 131ms,E104,Transaction {tx} completed in {time}ms
58036,2026-01-14,09:02:33,INFO,WebServer,Transaction tx230629 completed in 747ms,E104,Transaction {tx} completed in {time}ms
58037,2026-01-14,09:22:43,INFO,AuthService,Page view: /home by u4916,E103,Page view: {page} by {user}
58038,2026-01-14,09:58:12,INFO,AuthService,Page view: /home by u4120,E103,Page view: {page} by {user}
58039,2026-01-14,09:00:29,INFO,WebServer,Transaction tx402698 completed in 1706ms,E104,Transaction {tx} completed in {time}ms
58040,2026-01-14,09:40:25,INFO,WebServer,Transaction tx520536 completed in 1922ms,E104,Transaction {tx} completed in {time}ms
58041,2026-01-14,09:42:38,INFO,InventoryDB,Transaction tx783516 completed in 1234ms,E104,Transaction {tx} completed in {time}ms
58042,2026-01-14,09:23:08,INFO,WebServer,Page view: /home by u1808,E103,Page view: {page} by {user}
58043,2026-01-14,09:23:14,INFO,PaymentGateway,Page view: /home by u2757,E103,Page view: {page} by {user}
58044,2026-01-14,09:22:13,INFO,AuthService,Health check passed: AuthService,E102,Health check passed: {service}
58045,2026-01-14,09:20:47,INFO,PaymentGateway,Transaction tx685188 completed in 1201ms,E104,Transaction {tx} completed in {time}ms
58046,2026-01-14,09:37:47,INFO,WebServer,User u2088 login successful,E101,User {user} login successful
58047,2026-01-14,09:28:42,INFO,PaymentGateway,Page view: /home by u3989,E103,Page view: {page} by {user}
58048,2026-01-14,09:05:10,INFO,WebServer,User u4828 login successful,E101,User {user} login successful
58049,2026-01-14,09:45:22,INFO,WebServer,User u4111 login successful,E101,User {user} login successful
58050,2026-01-14,09:15:44,INFO,WebServer,Transaction tx270225 completed in 610ms,E104,Transaction {tx} completed in {time}ms
58051,2026-01-14,09:50:45,INFO,WebServer,Transaction tx182237 completed in 1365ms,E104,Transaction {tx} completed in {time}ms
58052,2026-01-14,09:13:40,INFO,WebServer,Transaction tx143301 completed in 278ms,E104,Transaction {tx} completed in {time}ms
58053,2026-01-14,09:18:24,INFO,AuthService,User u1856 login successful,E101,User {user} login successful
58054,2026-01-14,09:38:42,INFO,OrderProcessor,User u1546 login successful,E101,User {user} login successful
58055,2026-01-14,09:16:07,INFO,InventoryDB,Transaction tx326773 completed in 862ms,E104,Transaction {tx} completed in {time}ms
58056,2026-01-14,09:54:02,INFO,PaymentGateway,Health check passed: PaymentGateway,E102,Health check passed: {service}
58057,2026-01-14,09:43:11,INFO,WebServer,User u4819 login successful,E101,User {user} login successful
58058,2026-01-14,09:52:07,INFO,WebServer,Page view: /home by u2565,E103,Page view: {page} by {user}
58059,2026-01-14,09:36:11,INFO,InventoryDB,Health check passed: InventoryDB,E102,Health check passed: {service}
58060,2026-01-14,09:00:07,INFO,InventoryDB,Health check passed: InventoryDB,E102,Health check passed: {service}
58061,2026-01-14,09:04:13,INFO,WebServer,Transaction tx730940 completed in 1547ms,E104,Transaction {tx} completed in {time}ms
58062,2026-01-14,09:40:12,INFO,PaymentGateway,Page view: /home by u4712,E103,Page view: {page} by {user}
58063,2026-01-14,09:33:31,INFO,AuthService,Page view: /home by u1984,E103,Page view: {page} by {user}
58064,2026-01-14,09:53:28,INFO,AuthService,Page view: /home by u1959,E103,Page view: {page} by {user}
58065,2026-01-14,09:17:23,INFO,OrderProcessor,Transaction tx113360 completed in 1048ms,E104,Transaction {tx} completed in {time}ms
58066,2026-01-14,09:53:12,INFO,OrderProcessor,Health check passed: OrderProcessor,E102,Health check passed: {service}
58067,2026-01-14,09:07:26,INFO,WebServer,Page view: /home by u2032,E103,Page view: {page} by {user}
58068,2026-01-14,09:08:55,INFO,WebServer,User u1795 login successful,E101,User {user} login successful
58069,2026-01-14,09:46:38,INFO,WebServer,Page view: /home by u2693,E103,Page view: {page} by {user}
58070,2026-01-14,09:51:42,INFO,AuthService,Page view: /home by u2158,E103,Page view: {page} by {user}
58071,2026-01-14,09:05:35,INFO,OrderProcessor,Transaction tx203870 completed in 1991ms,E104,Transaction {tx} completed in {time}ms
58072,2026-01-14,09:00:16,INFO,AuthService,User u2279 login successful,E101,User {user} login successful
58073,2026-01-14,09:29:59,INFO,WebServer,User u1238 login successful,E101,User {user} login successful
58074,2026-01-14,09:57:01,INFO,WebServer,Transaction tx275811 completed in 1812ms,E104,Transaction {tx} completed in {time}ms
58075,2026-01-14,09:04:35,INFO,OrderProcessor,Page view: /home by u3986,E103,Page view: {page} by {user}
58076,2026-01-14,09:31:19,WARN,WebServer,Disk usage > 85% on node node-3,E202,Disk usage > 85% on node {node}
58077,2026-01-14,09:05:12,INFO,WebServer,Health check passed: WebServer,E102,Health check passed: {service}
58078,2026-01-14,09:33:23,INFO,OrderProcessor,Page view: /home by u4282,E103,Page view: {page} by {user}
58079,2026-01-14,09:38:24,INFO,WebServer,User u3380 login successful,E101,User {user} login successful
58080,2026-01-14,09:35:10,INFO,WebServer,Page view: /home by u2286,E103,Page view: {page} by {user}
58081,2026-01-14,09:52:58,INFO,PaymentGateway,Health check passed: PaymentGateway,E102,Health check passed: {service}
58082,2026-01-14,09:09:24,INFO,OrderProcessor,Page view: /home by u4744,E103,Page view: {page} by {user}
58083,2026-01-14,09:55:49,INFO,OrderProcessor,Health check passed: OrderProcessor,E102,Health check passed: {service}
58084,2026-01-14,09:30:07,CRITICAL,WebServer,KERNEL PANIC: Node node-5 crashed,E601,KERNEL PANIC: Node {node} crashed
58085,2026-01-14,09:50:15,INFO,AuthService,Transaction tx525421 completed in 141ms,E104,Transaction {tx} completed in {time}ms
58086,2026-01-14,09:15:34,INFO,WebServer,Page view: /home by u4594,E103,Page view: {page} by {user}
58087,2026-01-14,09:13:08,INFO,WebServer,Page view: /home by u4136,E103,Page view: {page} by {user}
58088,2026-01-14,09:53:36,INFO,AuthService,User u4296 login successful,E101,User {user} login successful
58089,2026-01-14,09:30:51,INFO,WebServer,Transaction tx433337 completed in 1235ms,E104,Transaction {tx} completed in {time}ms
58090,2026-01-14,09:35:20,INFO,OrderProcessor,Health check passed: OrderProcessor,E102,Health check passed: {service}
58091,2026-01-14,09:54:43,INFO,WebServer,Page view: /home by u4882,E103,Page view: {page} by {user}
58092,2026-01-14,09:48:28,INFO,WebServer,Transaction tx623690 completed in 118ms,E104,Transaction {tx} completed in {time}ms
58093,2026-01-14,09:34:11,INFO,WebServer,User u2875 login successful,E101,User {user} login successful
58094,2026-01-14,09:36:14,INFO,OrderProcessor,Transaction tx151037 completed in 1498ms,E104,Transaction {tx} completed in {time}ms
58095,2026-01-14,09:46:28,INFO,WebServer,User u1246 login successful,E101,User {user} login successful
58096,2026-01-14,09:59:41,INFO,PaymentGateway,Health check passed: PaymentGateway,E102,Health check passed: {service}
58097,2026-01-14,09:39:15,INFO,WebServer,Transaction tx835010 completed in 1537ms,E104,Transaction {tx} completed in {time}ms
58098,2026-01-14,09:27:10,INFO,AuthService,User u4123 login successful,E101,User {user} login successful
58099,2026-01-14,09:42:35,INFO,WebServer,Health check passed: WebServer,E102,Health check passed: {service}
58100,2026-01-14,09:05:03,INFO,OrderProcessor,Health check passed: OrderProcessor,E102,Health check passed: {service}
58101,2026-01-14,09:04:44,INFO,AuthService,Health check passed: AuthService,E102,Health check passed: {service}
58102,2026-01-14,09:41:20,INFO,WebServer,Health check passed: WebServer,E102,Health check passed: {service}
58103,2026-01-14,09:37:09,WARN,OrderProcessor,Disk usage > 85% on node node-4,E202,Disk usage > 85% on node {node}
58104,2026-01-14,09:46:37,INFO,PaymentGateway,Page view: /home by u2181,E103,Page view: {page} by {user}
58105,2026-01-14,09:36:07,INFO,WebServer,User u2807 login successful,E101,User {user} login successful
58106,2026-01-14,09:52:04,INFO,AuthService,Page view: /home by u1644,E103,Page view: {page} by {user}
58107,2026-01-14,09:32:33,INFO,WebServer,Page view: /home by u1263,E103,Page view: {page} by {user}
58108,2026-01-14,09:10:53,INFO,WebServer,Transaction tx757770 completed in 673ms,E104,Transaction {tx} completed in {time}ms
58109,2026-01-14,09:02:29,WARN,PaymentGateway,High latency (178ms) detected on PaymentGateway,E201,High latency ({time}ms) detected on {service}
58110,2026-01-14,09:18:26,INFO,AuthService,User u2159 login successful,E101,User {user} login successful
58111,2026-01-14,09:08:07,INFO,InventoryDB,User u3025 login successful,E101,User {user} login successful
58112,2026-01-14,09:14:26,INFO,WebServer,Page view: /home by u4165,E103,Page view: {page} by {user}
58113,2026-01-14,09:38:09,INFO,OrderProcessor,User u3781 login successful,E101,User {user} login successful
58114,2026-01-14,09:58:14,INFO,AuthService,Health check passed: AuthService,E102,Health check passed: {service}
58115,2026-01-14,09:17:22,INFO,WebServer,User u2545 login successful,E101,User {user} login successful
58116,2026-01-14,09:47:44,ERROR,WebServer,Timeout waiting for lock on InventoryDB,E502,Timeout waiting for lock on {db}
58117,2026-01-14,09:43:46,INFO,WebServer,User u3081 login successful,E101,User {user} login successful
58118,2026-01-14,09:44:23,INFO,PaymentGateway,Health check passed: PaymentGateway,E102,Health check passed: {service}
58119,2026-01-14,09:19:37,INFO,InventoryDB,Transaction tx770512 completed in 1956ms,E104,Transaction {tx} completed in {time}ms
58120,2026-01-14,09:27:58,INFO,WebServer,Health check passed: WebServer,E102,Health check passed: {service}
58121,2026-01-14,09:51:19,INFO,WebServer,Health check passed: WebServer,E102,Health check passed: {service}
58122,2026-01-14,09:43:17,INFO,WebServer,Transaction tx746106 completed in 1999ms,E104,Transaction {tx} completed in {time}ms
58123,2026-01-14,09:09:06,INFO,OrderProcessor,Transaction tx621842 completed in 77ms,E104,Transaction {tx} completed in {time}ms
58124,2026-01-14,09:22:39,INFO,OrderProcessor,Page view: /home by u2822,E103,Page view: {page} by {user}
58125,2026-01-14,09:01:41,INFO,OrderProcessor,Page view: /home by u4466,E103,Page view: {page} by {user}
58126,2026-01-14,09:15:25,INFO,WebServer,Health check passed: WebServer,E102,Health check passed: {service}
58127,2026-01-14,09:33:17,INFO,WebServer,User u3056 login successful,E101,User {user} login successful
58128,2026-01-14,09:51:30,INFO,WebServer,Page view: /home by u3752,E103,Page view: {page} by {user}
58129,2026-01-14,09:28:42,INFO,OrderProcessor,Health check passed: OrderProcessor,E102,Health check passed: {service}
58130,2026-01-14,09:00:11,INFO,AuthService,Page view: /home by u4083,E103,Page view: {page} by {user}
58131,2026-01-14,09:26:00,INFO,WebServer,Health check passed: WebServer,E102,Health check passed: {service}
58132,2026-01-14,09:46:51,INFO,WebServer,Transaction tx676843 completed in 1477ms,E104,Transaction {tx} completed in {time}ms
58133,2026-01-14,09:38:36,INFO,WebServer,Health check passed: WebServer,E102,Health check passed: {service}
58134,2026-01-14,09:53:18,INFO,PaymentGateway,Health check passed: PaymentGateway,E102,Health check passed: {service}
58135,2026-01-14,09:00:14,INFO,OrderProcessor,Health check passed: OrderProcessor,E102,Health check passed: {service}
58136,2026-01-14,09:16:29,INFO,WebServer,User u4446 login successful,E101,User {user} login successful
58137,2026-01-14,09:00:34,INFO,AuthService,Health check passed: AuthService,E102,Health check passed: {service}
58138,2026-01-14,09:46:08,INFO,OrderProcessor,User u3427 login successful,E101,User {user} login successful
58139,2026-01-14,09:22:13,INFO,WebServer,Page view: /home by u4554,E103,Page view: {page} by {user}
58140,2026-01-14,09:47:53,CRITICAL,OrderProcessor,DATA CORRUPTION detected in sector 257,E602,DATA CORRUPTION detected in sector {sector}
58141,2026-01-14,09:50:58,INFO,OrderProcessor,Transaction tx482167 completed in 22ms,E104,Transaction {tx} completed in {time}ms
58142,2026-01-14,09:06:46,INFO,WebServer,User u4754 login successful,E101,User {user} login successful
58143,2026-01-14,09:00:24,INFO,WebServer,Health check passed: WebServer,E102,Health check passed: {service}
58144,2026-01-14,09:33:31,INFO,AuthService,Transaction tx603596 completed in 363ms,E104,Transaction {tx} completed in {time}ms
58145,2026-01-14,09:56:41,INFO,PaymentGateway,Health check passed: PaymentGateway,E102,Health check passed: {service}
58146,2026-01-14,09:32:48,INFO,WebServer,User u1218 login successful,E101,User {user} login successful
58147,2026-01-14,09:13:30,INFO,OrderProcessor,Health check passed: OrderProcessor,E102,Health check passed: {service}
58148,2026-01-14,09:58:13,INFO,WebServer,Page view: /home by u4363,E103,Page view: {page} by {user}
58149,2026-01-14,09:00:50,INFO,WebServer,Health check passed: WebServer,E102,Health check passed: {service}
58150,2026-01-14,09:52:00,INFO,WebServer,User u3635 login successful,E101,User {user} login successful
58151,2026-01-14,09:01:43,INFO,WebServer,User u4664 login successful,E101,User {user} login successful
58152,2026-01-14,09:53:14,WARN,OrderProcessor,Disk usage > 85% on node node-2,E202,Disk usage > 85% on node {node}
58153,2026-01-14,09:59:12,INFO,PaymentGateway,Page view: /home by u4837,E103,Page view: {page} by {user}
58154,2026-01-14,09:50:07,INFO,WebServer,Page view: /home by u2556,E103,Page view: {page} by {user}
58155,2026-01-14,09:28:55,INFO,OrderProcessor,Health check passed: OrderProcessor,E102,Health check passed: {service}
58156,2026-01-14,09:19:26,INFO,PaymentGateway,Transaction tx901034 completed in 1161ms,E104,Transaction {tx} completed in {time}ms
58157,2026-01-14,09:42:24,INFO,OrderProcessor,Page view: /home by u1540,E103,Page view: {page} by {user}
58158,2026-01-14,09:50:48,INFO,WebServer,Health check passed: WebServer,E102,Health check passed: {service}
58159,2026-01-14,09:05:19,INFO,AuthService,User u4046 login successful,E101,User {user} login successful
58160,2026-01-14,09:21:49,ERROR,WebServer,Payment declined: Gateway unavailable,E503,Payment declined: Gateway unavailable
58161,2026-01-14,09:31:59,INFO,OrderProcessor,Health check passed: OrderProcessor,E102,Health check passed: {service}
58162,2026-01-14,09:04:20,INFO,WebServer,Page view: /home by u3161,E103,Page view: {page} by {user}
58163,2026-01-14,09:53:03,INFO,InventoryDB,Page view: /home by u1387,E103,Page view: {page} by {user}
58164,2026-01-14,09:52:41,INFO,AuthService,Transaction tx322875 completed in 297ms,E104,Transaction {tx} completed in {time}ms
58165,2026-01-14,09:41:43,INFO,WebServer,User u1052 login successful,E101,User {user} login successful
58166,2026-01-14,09:00:15,INFO,WebServer,Transaction tx681665 completed in 1121ms,E104,Transaction {tx} completed in {time}ms
58167,2026-01-14,09:11:20,INFO,WebServer,User u4680 login successful,E101,User {user} login successful
58168,2026-01-14,09:59:21,INFO,WebServer,User u3428 login successful,E101,User {user} login successful
58169,2026-01-14,09:47:08,INFO,WebServer,Page view: /home by u2371,E103,Page view: {page} by {user}
58170,2026-01-14,09:18:39,INFO,OrderProcessor,Page view: /home by u1349,E103,Page view: {page} by {user}
58171,2026-01-14,09:07:54,INFO,WebServer,Transaction tx729327 completed in 1708ms,E104,Transaction {tx} completed in {time}ms
58172,2026-01-14,09:46:51,INFO,AuthService,Health check passed: AuthService,E102,Health check passed: {service}
58173,2026-01-14,09:29:42,INFO,OrderProcessor,Health check passed: OrderProcessor,E102,Health check passed: {service}
58174,2026-01-14,09:06:24,INFO,OrderProcessor,Health check passed: OrderProcessor,E102,Health check passed: {service}
58175,2026-01-14,09:01:48,INFO,OrderProcessor,Page view: /home by u1979,E103,Page view: {page} by {user}
58176,2026-01-14,09:48:21,INFO,AuthService,Health check passed: AuthService,E102,Health check passed: {service}
58177,2026-01-14,09:10:10,INFO,InventoryDB,Health check passed: InventoryDB,E102,Health check passed: {service}
58178,2026-01-14,09:11:05,INFO,AuthService,Health check passed: AuthService,E102,Health check passed: {service}
58179,2026-01-14,09:20:04,INFO,WebServer,Page view: /home by u3444,E103,Page view: {page} by {user}
58180,2026-01-14,09:39:25,INFO,WebServer,User u3327 login successful,E101,User {user} login successful
58181,2026-01-14,09:03:28,INFO,WebServer,Page view: /home by u2143,E103,Page view: {page} by {user}
58182,2026-01-14,09:52:05,INFO,AuthService,Page view: /home by u2875,E103,Page view: {page} by {user}
58183,2026-01-14,09:12:56,INFO,AuthService,Health check passed: AuthService,E102,Health check passed: {service}
58184,2026-01-14,09:31:46,INFO,AuthService,User u1484 login successful,E101,User {user} login successful
58185,2026-01-14,09:37:59,INFO,AuthService,Health check passed: AuthService,E102,Health check passed: {service}
58186,2026-01-14,09:14:16,INFO,WebServer,Health check passed: WebServer,E102,Health check passed: {service}
58187,2026-01-14,09:43:08,INFO,PaymentGateway,User u3705 login successful,E101,User {user} login successful
58188,2026-01-14,09:34:03,INFO,WebServer,User u4938 login successful,E101,User {user} login successful
58189,2026-01-14,09:33:47,INFO,OrderProcessor,Page view: /home by u2220,E103,Page view: {page} by {user}
58190,2026-01-14,09:26:44,INFO,WebServer,User u1599 login successful,E101,User {user} login successful
58191,2026-01-14,09:10:03,INFO,WebServer,User u3131 login successful,E101,User {user} login successful
58192,2026-01-14,09:37:23,INFO,WebServer,Health check passed: WebServer,E102,Health check passed: {service}
58193,2026-01-14,09:59:54,INFO,PaymentGateway,User u1236 login successful,E101,User {user} login successful
58194,2026-01-14,09:33:46,INFO,WebServer,User u4067 login successful,E101,User {user} login successful
58195,2026-01-14,09:32:58,INFO,InventoryDB,Transaction tx337307 completed in 1296ms,E104,Transaction {tx} completed in {time}ms
58196,2026-01-14,09:51:14,INFO,WebServer,User u1226 login successful,E101,User {user} login successful
58197,2026-01-14,09:50:17,INFO,AuthService,Transaction tx732860 completed in 1384ms,E104,Transaction {tx} completed in {time}ms
58198,2026-01-14,09:29:20,INFO,AuthService,Page view: /home by u4839,E103,Page view: {page} by {user}
58199,2026-01-14,09:34:29,INFO,AuthService,Page view: /home by u4194,E103,Page view: {page} by {user}
58200,2026-01-14,09:24:17,INFO,AuthService,Transaction tx924829 completed in 1234ms,E104,Transaction {tx} completed in {time}ms
58201,2026-01-14,09:07:10,INFO,AuthService,Health check passed: AuthService,E102,Health check passed: {service}
58202,2026-01-14,09:39:06,INFO,WebServer,Page view: /home by u2398,E103,Page view: {page} by {user}
58203,2026-01-14,09:56:33,INFO,PaymentGateway,Health check passed: PaymentGateway,E102,Health check passed: {service}
58204,2026-01-14,09:03:25,INFO,WebServer,User u1058 login successful,E101,User {user} login successful
58205,2026-01-14,09:00:04,INFO,WebServer,User u3836 login successful,E101,User {user} login successful
58206,2026-01-14,09:00:07,INFO,WebServer,Page view: /home by u3150,E103,Page view: {page} by {user}
58207,2026-01-14,09:10:28,INFO,WebServer,Transaction tx602836 completed in 1585ms,E104,Transaction {tx} completed in {time}ms
58208,2026-01-14,09:56:28,INFO,OrderProcessor,User u3902 login successful,E101,User {user} login successful
58209,2026-01-14,09:07:20,INFO,WebServer,User u2567 login successful,E101,User {user} login successful
58210,2026-01-14,09:16:41,INFO,AuthService,User u2592 login successful,E101,User {user} login successful
58211,2026-01-14,09:49:01,INFO,WebServer,User u4007 login successful,E101,User {user} login successful
58212,2026-01-14,09:54:38,INFO,WebServer,Health check passed: WebServer,E102,Health check passed: {service}
58213,2026-01-14,09:45:40,INFO,WebServer,Page view: /home by u4413,E103,Page view: {page} by {user}
58214,2026-01-14,09:07:28,INFO,WebServer,User u4475 login successful,E101,User {user} login successful
58215,2026-01-14,09:13:48,INFO,AuthService,Page view: /home by u4855,E103,Page view: {page} by {user}
58216,2026-01-14,09:51:59,INFO,AuthService,Page view: /home by u3883,E103,Page view: {page} by {user}
58217,2026-01-14,09:39:28,INFO,OrderProcessor,Page view: /home by u1471,E103,Page view: {page} by {user}
58218,2026-01-14,09:58:42,INFO,WebServer,Health check passed: WebServer,E102,Health check passed: {service}
58219,2026-01-14,09:13:22,INFO,WebServer,Page view: /home by u4466,E103,Page view: {page} by {user}
58220,2026-01-14,09:57:24,INFO,WebServer,Page view: /home by u2007,E103,Page view: {page} by {user}
58221,2026-01-14,09:21:20,INFO,WebServer,Transaction tx911629 completed in 1532ms,E104,Transaction {tx} completed in {time}ms
58222,2026-01-14,09:45:03,WARN,WebServer,Disk usage > 85% on node node-5,E202,Disk usage > 85% on node {node}
58223,2026-01-14,09:43:24,INFO,AuthService,Transaction tx760950 completed in 1506ms,E104,Transaction {tx} completed in {time}ms
58224,2026-01-14,09:33:05,INFO,OrderProcessor,User u3984 login successful,E101,User {user} login successful
58225,2026-01-14,09:00:03,INFO,AuthService,Transaction tx236269 completed in 643ms,E104,Transaction {tx} completed in {time}ms
58226,2026-01-14,09:49:29,INFO,InventoryDB,Health check passed: InventoryDB,E102,Health check passed: {service}
58227,2026-01-14,09:10:39,INFO,PaymentGateway,User u2619 login successful,E101,User {user} login successful
58228,2026-01-14,09:56:20,INFO,PaymentGateway,Health check passed: PaymentGateway,E102,Health check passed: {service}
58229,2026-01-14,09:09:49,INFO,AuthService,Health check passed: AuthService,E102,Health check passed: {service}
58230,2026-01-14,09:49:54,INFO,WebServer,Page view: /home by u1710,E103,Page view: {page} by {user}
58231,2026-01-14,09:11:54,INFO,WebServer,User u3877 login successful,E101,User {user} login successful
58232,2026-01-14,09:51:19,INFO,OrderProcessor,User u2762 login successful,E101,User {user} login successful
58233,2026-01-14,09:13:23,INFO,WebServer,Transaction tx383181 completed in 874ms,E104,Transaction {tx} completed in {time}ms
58234,2026-01-14,09:52:11,INFO,WebServer,User u1028 login successful,E101,User {user} login successful
58235,2026-01-14,09:39:04,INFO,WebServer,Health check passed: WebServer,E102,Health check passed: {service}
58236,2026-01-14,09:52:50,INFO,WebServer,User u3637 login successful,E101,User {user} login successful
58237,2026-01-14,09:55:49,INFO,AuthService,Health check passed: AuthService,E102,Health check passed: {service}
58238,2026-01-14,09:16:43,INFO,WebServer,Page view: /home by u3022,E103,Page view: {page} by {user}
58239,2026-01-14,09:04:46,WARN,WebServer,Unauthorized access attempt from 10.0.0.88,E401,Unauthorized access attempt from {ip}
58240,2026-01-14,09:56:03,INFO,AuthService,User u3038 login successful,E101,User {user} login successful
58241,2026-01-14,09:41:58,INFO,OrderProcessor,User u2049 login successful,E101,User {user} login successful
58242,2026-01-14,09:41:10,INFO,WebServer,Page view: /home by u3003,E103,Page view: {page} by {user}
58243,2026-01-14,09:05:47,INFO,PaymentGateway,User u4970 login successful,E101,User {user} login successful
58244,2026-01-14,09:58:52,INFO,OrderProcessor,Health check passed: OrderProcessor,E102,Health check passed: {service}
58245,2026-01-14,09:19:47,INFO,OrderProcessor,Transaction tx348440 completed in 1765ms,E104,Transaction {tx} completed in {time}ms
58246,2026-01-14,09:51:14,ERROR,WebServer,Connection refused to WebServer at 10.0.0.45,E501,Connection refused to {service} at {ip}
58247,2026-01-14,09:24:30,INFO,WebServer,User u2447 login successful,E101,User {user} login successful
58248,2026-01-14,09:02:18,INFO,WebServer,User u4066 login successful,E101,User {user} login successful
58249,2026-01-14,09:29:11,INFO,WebServer,Health check passed: WebServer,E102,Health check passed: {service}
58250,2026-01-14,09:00:46,ERROR,AuthService,Timeout waiting for lock on InventoryDB,E502,Timeout waiting for lock on {db}
58251,2026-01-14,09:42:38,INFO,AuthService,Transaction tx657615 completed in 528ms,E104,Transaction {tx} completed in {time}ms
58252,2026-01-14,09:45:44,INFO,WebServer,Page view: /home by u3590,E103,Page view: {page} by {user}
58253,2026-01-14,09:06:20,INFO,OrderProcessor,User u3114 login successful,E101,User {user} login successful
58254,2026-01-14,09:17:20,INFO,WebServer,User u4895 login successful,E101,User {user} login successful
58255,2026-01-14,09:27:47,INFO,WebServer,Page view: /home by u2467,E103,Page view: {page} by {user}
58256,2026-01-14,09:32:09,INFO,OrderProcessor,Page view: /home by u4503,E103,Page view: {page} by {user}
58257,2026-01-14,09:31:31,INFO,WebServer,User u2674 login successful,E101,User {user} login successful
58258,2026-01-14,09:45:25,INFO,AuthService,User u1645 login successful,E101,User {user} login successful
58259,2026-01-14,09:11:26,INFO,WebServer,Page view: /home by u2448,E103,Page view: {page} by {user}
58260,2026-01-14,09:03:17,INFO,AuthService,Transaction tx819142 completed in 1277ms,E104,Transaction {tx} completed in {time}ms
58261,2026-01-14,09:33:14,INFO,WebServer,Health check passed: WebServer,E102,Health check passed: {service}
58262,2026-01-14,09:39:28,INFO,AuthService,Transaction tx920818 completed in 1172ms,E104,Transaction {tx} completed in {time}ms
58263,2026-01-14,09:09:13,INFO,OrderProcessor,Page view: /home by u2313,E103,Page view: {page} by {user}
58264,2026-01-14,09:25:31,INFO,WebServer,User u2594 login successful,E101,User {user} login successful
58265,2026-01-14,09:59:41,INFO,WebServer,Transaction tx169872 completed in 591ms,E104,Transaction {tx} completed in {time}ms
58266,2026-01-14,09:43:50,INFO,InventoryDB,Health check passed: InventoryDB,E102,Health check passed: {service}
58267,2026-01-14,09:28:06,INFO,InventoryDB,Transaction tx540665 completed in 1916ms,E104,Transaction {tx} completed in {time}ms
58268,2026-01-14,09:28:24,INFO,WebServer,Health check passed: WebServer,E102,Health check passed: {service}
58269,2026-01-14,09:21:30,INFO,WebServer,Page view: /home by u3280,E103,Page view: {page} by {user}
58270,2026-01-14,09:29:49,INFO,WebServer,User u3177 login successful,E101,User {user} login successful
58271,2026-01-14,09:36:09,INFO,PaymentGateway,Page view: /home by u4587,E103,Page view: {page} by {user}
58272,2026-01-14,09:21:50,INFO,AuthService,Health check passed: AuthService,E102,Health check passed: {service}
58273,2026-01-14,09:34:41,INFO,WebServer,User u4883 login successful,E101,User {user} login successful
58274,2026-01-14,09:46:35,WARN,WebServer,Disk usage > 85% on node node-5,E202,Disk usage > 85% on node {node}
58275,2026-01-14,09:28:49,ERROR,InventoryDB,Connection refused to InventoryDB at 10.0.0.12,E501,Connection refused to {service} at {ip}
58276,2026-01-14,09:29:20,INFO,WebServer,Transaction tx903808 completed in 26ms,E104,Transaction {tx} completed in {time}ms
58277,2026-01-14,09:24:10,INFO,AuthService,Transaction tx747357 completed in 521ms,E104,Transaction {tx} completed in {time}ms
58278,2026-01-14,09:08:23,INFO,OrderProcessor,Page view: /home by u1844,E103,Page view: {page} by {user}
58279,2026-01-14,09:19:08,INFO,WebServer,Transaction tx367460 completed in 1922ms,E104,Transaction {tx} completed in {time}ms
58280,2026-01-14,09:42:59,INFO,InventoryDB,User u3969 login successful,E101,User {user} login successful
58281,2026-01-14,09:55:50,INFO,AuthService,Transaction tx424516 completed in 554ms,E104,Transaction {tx} completed in {time}ms
58282,2026-01-14,09:29:50,WARN,AuthService,Unauthorized access attempt from 10.0.0.45,E401,Unauthorized access attempt from {ip}
58283,2026-01-14,09:48:20,INFO,AuthService,Transaction tx351424 completed in 1277ms,E104,Transaction {tx} completed in {time}ms
58284,2026-01-14,09:18:30,INFO,WebServer,Transaction tx325772 completed in 1212ms,E104,Transaction {tx} completed in {time}ms
58285,2026-01-14,09:08:14,INFO,OrderProcessor,Health check passed: OrderProcessor,E102,Health check passed: {service}
58286,2026-01-14,09:36:50,INFO,AuthService,Page view: /home by u3903,E103,Page view: {page} by {user}
58287,2026-01-14,09:29:29,INFO,WebServer,User u4126 login successful,E101,User {user} login successful
58288,2026-01-14,09:20:22,INFO,OrderProcessor,Page view: /home by u2133,E103,Page view: {page} by {user}
58289,2026-01-14,09:03:25,INFO,OrderProcessor,Page view: /home by u3402,E103,Page view: {page} by {user}
58290,2026-01-14,09:22:28,WARN,AuthService,Unauthorized access attempt from 10.0.0.12,E401,Unauthorized access attempt from {ip}
58291,2026-01-14,09:09:30,INFO,WebServer,Health check passed: WebServer,E102,Health check passed: {service}
58292,2026-01-14,09:32:52,INFO,AuthService,Transaction tx233738 completed in 227ms,E104,Transaction {tx} completed in {time}ms
58293,2026-01-14,09:50:16,INFO,AuthService,Health check passed: AuthService,E102,Health check passed: {service}
58294,2026-01-14,09:38:07,INFO,WebServer,Page view: /home by u3137,E103,Page view: {page} by {user}
58295,2026-01-14,09:35:39,INFO,InventoryDB,Page view: /home by u2638,E103,Page view: {page} by {user}
58296,2026-01-14,09:15:05,INFO,WebServer,User u3190 login successful,E101,User {user} login successful
58297,2026-01-14,09:24:46,INFO,WebServer,Page view: /home by u3078,E103,Page view: {page} by {user}
58298,2026-01-14,09:29:32,INFO,AuthService,Health check passed: AuthService,E102,Health check passed: {service}
58299,2026-01-14,09:43:46,INFO,PaymentGateway,Health check passed: PaymentGateway,E102,Health check passed: {service}
58300,2026-01-14,09:06:25,INFO,WebServer,Transaction tx258206 completed in 154ms,E104,Transaction {tx} completed in {time}ms
58301,2026-01-14,09:45:19,INFO,OrderProcessor,Transaction tx138560 completed in 266ms,E104,Transaction {tx} completed in {time}ms
58302,2026-01-14,09:09:48,INFO,AuthService,User u3471 login successful,E101,User {user} login successful
58303,2026-01-14,09:28:02,INFO,AuthService,Health check passed: AuthService,E102,Health check passed: {service}
58304,2026-01-14,09:00:44,INFO,WebServer,User u1551 login successful,E101,User {user} login successful
58305,2026-01-14,09:35:14,INFO,WebServer,Transaction tx846136 completed in 390ms,E104,Transaction {tx} completed in {time}ms
58306,2026-01-14,09:38:05,INFO,WebServer,User u1271 login successful,E101,User {user} login successful
58307,2026-01-14,09:18:51,INFO,WebServer,Page view: /home by u1830,E103,Page view: {page} by {user}
58308,2026-01-14,09:49:24,INFO,OrderProcessor,User u2846 login successful,E101,User {user} login successful
58309,2026-01-14,09:37:23,INFO,WebServer,Page view: /home by u4571,E103,Page view: {page} by {user}
58310,2026-01-14,09:42:57,WARN,OrderProcessor,Unauthorized access attempt from 10.0.0.45,E401,Unauthorized access attempt from {ip}
58311,2026-01-14,09:07:08,INFO,WebServer,Page view: /home by u3020,E103,Page view: {page} by {user}
58312,2026-01-14,09:53:10,INFO,AuthService,Transaction tx343221 completed in 1648ms,E104,Transaction {tx} completed in {time}ms
58313,2026-01-14,09:40:57,INFO,AuthService,User u2804 login successful,E101,User {user} login successful
58314,2026-01-14,09:38:43,INFO,InventoryDB,Health check passed: InventoryDB,E102,Health check passed: {service}
58315,2026-01-14,09:57:42,INFO,AuthService,User u1927 login successful,E101,User {user} login successful
58316,2026-01-14,09:05:18,INFO,AuthService,User u4075 login successful,E101,User {user} login successful
58317,2026-01-14,09:09:48,INFO,WebServer,User u1798 login successful,E101,User {user} login successful
58318,2026-01-14,09:05:15,INFO,WebServer,Transaction tx470599 completed in 455ms,E104,Transaction {tx} completed in {time}ms
58319,2026-01-14,09:16:01,INFO,WebServer,Health check passed: WebServer,E102,Health check passed: {service}
58320,2026-01-14,09:52:47,INFO,WebServer,User u3195 login successful,E101,User {user} login successful
58321,2026-01-14,09:57:14,INFO,AuthService,Health check passed: AuthService,E102,Health check passed: {service}
58322,2026-01-14,09:38:55,INFO,AuthService,Page view: /home by u3761,E103,Page view: {page} by {user}
58323,2026-01-14,09:15:44,INFO,WebServer,Transaction tx696885 completed in 1795ms,E104,Transaction {tx} completed in {time}ms
58324,2026-01-14,09:56:59,INFO,WebServer,Page view: /home by u2041,E103,Page view: {page} by {user}
58325,2026-01-14,09:47:30,INFO,OrderProcessor,User u2586 login successful,E101,User {user} login successful
58326,2026-01-14,09:49:16,INFO,AuthService,User u2335 login successful,E101,User {user} login successful
58327,2026-01-14,09:23:40,INFO,WebServer,Health check passed: WebServer,E102,Health check passed: {service}
58328,2026-01-14,09:50:05,INFO,WebServer,Page view: /home by u1634,E103,Page view: {page} by {user}
58329,2026-01-14,09:46:58,INFO,WebServer,Health check passed: WebServer,E102,Health check passed: {service}
58330,2026-01-14,09:03:00,WARN,WebServer,Disk usage > 85% on node node-2,E202,Disk usage > 85% on node {node}
58331,2026-01-14,09:01:33,INFO,WebServer,Page view: /home by u4748,E103,Page view: {page} by {user}
58332,2026-01-14,09:12:58,INFO,OrderProcessor,User u2830 login successful,E101,User {user} login successful
58333,2026-01-14,09:48:24,INFO,OrderProcessor,Transaction tx365929 completed in 1008ms,E104,Transaction {tx} completed in {time}ms
58334,2026-01-14,09:12:12,INFO,OrderProcessor,Transaction tx231949 completed in 205ms,E104,Transaction {tx} completed in {time}ms
58335,2026-01-14,09:30:52,INFO,PaymentGateway,Transaction tx705701 completed in 1939ms,E104,Transaction {tx} completed in {time}ms
58336,2026-01-14,09:26:08,INFO,WebServer,Health check passed: WebServer,E102,Health check passed: {service}
58337,2026-01-14,09:10:43,INFO,WebServer,Page view: /home by u4115,E103,Page view: {page} by {user}
58338,2026-01-14,09:33:13,INFO,AuthService,Page view: /home by u2045,E103,Page view: {page} by {user}
58339,2026-01-14,09:10:38,INFO,WebServer,Page view: /home by u2287,E103,Page view: {page} by {user}
58340,2026-01-14,09:50:52,INFO,WebServer,User u3887 login successful,E101,User {user} login successful
58341,2026-01-14,09:37:17,INFO,WebServer,Transaction tx526786 completed in 1981ms,E104,Transaction {tx} completed in {time}ms
58342,2026-01-14,09:18:25,INFO,OrderProcessor,Page view: /home by u1058,E103,Page view: {page} by {user}
58343,2026-01-14,09:40:47,INFO,WebServer,Health check passed: WebServer,E102,Health check passed: {service}
58344,2026-01-14,09:32:25,INFO,WebServer,Health check passed: WebServer,E102,Health check passed: {service}
58345,2026-01-14,09:40:54,INFO,WebServer,User u3244 login successful,E101,User {user} login successful
58346,2026-01-14,09:12:10,INFO,OrderProcessor,User u2717 login successful,E101,User {user} login successful
58347,2026-01-14,09:03:54,INFO,WebServer,User u4431 login successful,E101,User {user} login successful
58348,2026-01-14,09:18:45,INFO,OrderProcessor,User u3560 login successful,E101,User {user} login successful
58349,2026-01-14,09:21:10,INFO,AuthService,Page view: /home by u4985,E103,Page view: {page} by {user}
58350,2026-01-14,09:11:36,INFO,AuthService,Page view: /home by u3463,E103,Page view: {page} by {user}
58351,2026-01-14,09:37:23,INFO,AuthService,Transaction tx199454 completed in 1134ms,E104,Transaction {tx} completed in {time}ms
58352,2026-01-14,09:44:13,INFO,WebServer,Health check passed: WebServer,E102,Health check passed: {service}
58353,2026-01-14,09:29:13,INFO,PaymentGateway,Health check passed: PaymentGateway,E102,Health check passed: {service}
58354,2026-01-14,09:58:24,INFO,PaymentGateway,Health check passed: PaymentGateway,E102,Health check passed: {service}
58355,2026-01-14,09:24:57,ERROR,WebServer,Payment declined: Gateway unavailable,E503,Payment declined: Gateway unavailable
58356,2026-01-14,09:35:08,INFO,WebServer,Transaction tx610636 completed in 493ms,E104,Transaction {tx} completed in {time}ms
58357,2026-01-14,09:12:01,INFO,WebServer,User u2726 login successful,E101,User {user} login successful
58358,2026-01-14,09:34:36,INFO,WebServer,Page view: /home by u1241,E103,Page view: {page} by {user}
58359,2026-01-14,09:35:24,INFO,WebServer,Page view: /home by u4866,E103,Page view: {page} by {user}
58360,2026-01-14,09:24:51,ERROR,OrderProcessor,Timeout waiting for lock on InventoryDB,E502,Timeout waiting for lock on {db}
58361,2026-01-14,09:27:10,INFO,PaymentGateway,Page view: /home by u4336,E103,Page view: {page} by {user}
58362,2026-01-14,09:29:55,INFO,WebServer,Transaction tx879732 completed in 1188ms,E104,Transaction {tx} completed in {time}ms
58363,2026-01-14,09:21:16,INFO,WebServer,Transaction tx116779 completed in 824ms,E104,Transaction {tx} completed in {time}ms
58364,2026-01-14,09:49:52,INFO,WebServer,Transaction tx817635 completed in 1342ms,E104,Transaction {tx} completed in {time}ms
58365,2026-01-14,09:53:00,INFO,WebServer,Transaction tx921835 completed in 1789ms,E104,Transaction {tx} completed in {time}ms
58366,2026-01-14,09:47:33,INFO,PaymentGateway,Health check passed: PaymentGateway,E102,Health check passed: {service}
58367,2026-01-14,09:09:05,INFO,OrderProcessor,Page view: /home by u1956,E103,Page view: {page} by {user}
58368,2026-01-14,09:52:34,INFO,OrderProcessor,Health check passed: OrderProcessor,E102,Health check passed: {service}
58369,2026-01-14,09:15:35,INFO,PaymentGateway,Transaction tx599653 completed in 1897ms,E104,Transaction {tx} completed in {time}ms
58370,2026-01-14,09:51:09,INFO,WebServer,User u1731 login successful,E101,User {user} login successful
58371,2026-01-14,09:42:00,CRITICAL,WebServer,DATA CORRUPTION detected in sector 910,E602,DATA CORRUPTION detected in sector {sector}
58372,2026-01-14,09:53:19,WARN,WebServer,Disk usage > 85% on node node-2,E202,Disk usage > 85% on node {node}
58373,2026-01-14,09:18:27,INFO,WebServer,Page view: /home by u2525,E103,Page view: {page} by {user}
58374,2026-01-14,09:58:58,INFO,WebServer,Transaction tx402180 completed in 1770ms,E104,Transaction {tx} completed in {time}ms
58375,2026-01-14,09:42:11,WARN,WebServer,High latency (1166ms) detected on WebServer,E201,High latency ({time}ms) detected on {service}
58376,2026-01-14,09:25:17,INFO,WebServer,User u1122 login successful,E101,User {user} login successful
58377,2026-01-14,09:18:25,INFO,OrderProcessor,Page view: /home by u3764,E103,Page view: {page} by {user}
58378,2026-01-14,09:21:02,INFO,AuthService,User u2850 login successful,E101,User {user} login successful
58379,2026-01-14,09:15:29,INFO,PaymentGateway,Page view: /home by u2629,E103,Page view: {page} by {user}
58380,2026-01-14,09:23:52,INFO,InventoryDB,User u4146 login successful,E101,User {user} login successful
58381,2026-01-14,09:28:57,INFO,WebServer,Transaction tx498194 completed in 1060ms,E104,Transaction {tx} completed in {time}ms
58382,2026-01-14,09:10:46,INFO,WebServer,User u2636 login successful,E101,User {user} login successful
58383,2026-01-14,09:37:43,INFO,WebServer,Transaction tx733618 completed in 413ms,E104,Transaction {tx} completed in {time}ms
58384,2026-01-14,09:04:32,INFO,OrderProcessor,Health check passed: OrderProcessor,E102,Health check passed: {service}
58385,2026-01-14,09:30:52,INFO,OrderProcessor,Transaction tx864694 completed in 659ms,E104,Transaction {tx} completed in {time}ms
58386,2026-01-14,09:04:36,INFO,AuthService,Health check passed: AuthService,E102,Health check passed: {service}
58387,2026-01-14,09:00:35,INFO,WebServer,Page view: /home by u2995,E103,Page view: {page} by {user}
58388,2026-01-14,09:15:21,INFO,WebServer,Transaction tx416473 completed in 1354ms,E104,Transaction {tx} completed in {time}ms
58389,2026-01-14,09:43:22,CRITICAL,WebServer,DATA CORRUPTION detected in sector 152,E602,DATA CORRUPTION detected in sector {sector}
58390,2026-01-14,09:35:23,INFO,AuthService,Transaction tx521911 completed in 359ms,E104,Transaction {tx} completed in {time}ms
58391,2026-01-14,09:51:10,INFO,OrderProcessor,Health check passed: OrderProcessor,E102,Health check passed: {service}
58392,2026-01-14,09:55:42,INFO,AuthService,User u3321 login successful,E101,User {user} login successful
58393,2026-01-14,09:20:15,INFO,WebServer,Page view: /home by u1579,E103,Page view: {page} by {user}
58394,2026-01-14,09:27:14,INFO,WebServer,Page view: /home by u3209,E103,Page view: {page} by {user}
58395,2026-01-14,09:47:04,INFO,WebServer,Health check passed: WebServer,E102,Health check passed: {service}
58396,2026-01-14,09:37:04,INFO,WebServer,Transaction tx459221 completed in 1045ms,E104,Transaction {tx} completed in {time}ms
58397,2026-01-14,09:01:35,INFO,WebServer,Health check passed: WebServer,E102,Health check passed: {service}
58398,2026-01-14,09:07:32,INFO,OrderProcessor,User u3826 login successful,E101,User {user} login successful
58399,2026-01-14,09:46:44,INFO,WebServer,Transaction tx134098 completed in 1364ms,E104,Transaction {tx} completed in {time}ms
58400,2026-01-14,09:30:58,INFO,WebServer,User u4734 login successful,E101,User {user} login successful
58401,2026-01-14,09:09:50,INFO,WebServer,Transaction tx684417 completed in 728ms,E104,Transaction {tx} completed in {time}ms
58402,2026-01-14,09:34:02,ERROR,AuthService,Timeout waiting for lock on InventoryDB,E502,Timeout waiting for lock on {db}
58403,2026-01-14,09:54:42,INFO,PaymentGateway,User u2407 login successful,E101,User {user} login successful
58404,2026-01-14,09:27:45,INFO,AuthService,Transaction tx423678 completed in 1375ms,E104,Transaction {tx} completed in {time}ms
58405,2026-01-14,09:40:26,INFO,AuthService,Health check passed: AuthService,E102,Health check passed: {service}
58406,2026-01-14,09:02:00,ERROR,WebServer,Payment declined: Gateway unavailable,E503,Payment declined: Gateway unavailable
58407,2026-01-14,09:06:38,INFO,WebServer,User u3297 login successful,E101,User {user} login successful
58408,2026-01-14,09:33:20,INFO,WebServer,Health check passed: WebServer,E102,Health check passed: {service}
58409,2026-01-14,09:45:02,INFO,AuthService,Page view: /home by u4091,E103,Page view: {page} by {user}
58410,2026-01-14,09:20:29,INFO,OrderProcessor,Health check passed: OrderProcessor,E102,Health check passed: {service}
58411,2026-01-14,09:36:10,INFO,WebServer,Page view: /home by u1132,E103,Page view: {page} by {user}
58412,2026-01-14,09:45:48,INFO,AuthService,Transaction tx332436 completed in 1223ms,E104,Transaction {tx} completed in {time}ms
58413,2026-01-14,09:21:04,INFO,WebServer,Health check passed: WebServer,E102,Health check passed: {service}
58414,2026-01-14,09:06:29,INFO,InventoryDB,Transaction tx107182 completed in 1435ms,E104,Transaction {tx} completed in {time}ms
58415,2026-01-14,09:43:29,INFO,WebServer,Page view: /home by u4275,E103,Page view: {page} by {user}
58416,2026-01-14,09:16:48,INFO,WebServer,Page view: /home by u2225,E103,Page view: {page} by {user}
58417,2026-01-14,09:52:28,INFO,WebServer,Health check passed: WebServer,E102,Health check passed: {service}
58418,2026-01-14,09:14:09,INFO,AuthService,Health check passed: AuthService,E102,Health check passed: {service}
58419,2026-01-14,09:54:38,INFO,OrderProcessor,Transaction tx325277 completed in 1349ms,E104,Transaction {tx} completed in {time}ms
58420,2026-01-14,09:34:49,INFO,WebServer,User u4354 login successful,E101,User {user} login successful
58421,2026-01-14,09:49:54,INFO,WebServer,User u4127 login successful,E101,User {user} login successful
58422,2026-01-14,09:22:33,INFO,WebServer,Health check passed: WebServer,E102,Health check passed: {service}
58423,2026-01-14,09:29:11,WARN,OrderProcessor,Disk usage > 85% on node node-5,E202,Disk usage > 85% on node {node}
58424,2026-01-14,09:59:49,INFO,PaymentGateway,Transaction tx459932 completed in 623ms,E104,Transaction {tx} completed in {time}ms
58425,2026-01-14,09:22:26,INFO,WebServer,Transaction tx837822 completed in 867ms,E104,Transaction {tx} completed in {time}ms
58426,2026-01-14,09:34:49,INFO,OrderProcessor,User u3854 login successful,E101,User {user} login successful
58427,2026-01-14,09:51:26,INFO,WebServer,Transaction tx303262 completed in 730ms,E104,Transaction {tx} completed in {time}ms
58428,2026-01-14,09:13:58,WARN,AuthService,Disk usage > 85% on node node-5,E202,Disk usage > 85% on node {node}
58429,2026-01-14,09:54:51,INFO,WebServer,Transaction tx973081 completed in 1450ms,E104,Transaction {tx} completed in {time}ms
58430,2026-01-14,09:52:07,INFO,WebServer,User u4588 login successful,E101,User {user} login successful
58431,2026-01-14,09:49:37,INFO,WebServer,Transaction tx610252 completed in 1512ms,E104,Transaction {tx} completed in {time}ms
58432,2026-01-14,09:00:40,INFO,PaymentGateway,Health check passed: PaymentGateway,E102,Health check passed: {service}
58433,2026-01-14,09:58:04,INFO,AuthService,Page view: /home by u2501,E103,Page view: {page} by {user}
58434,2026-01-14,09:02:43,INFO,WebServer,Transaction tx815264 completed in 1156ms,E104,Transaction {tx} completed in {time}ms
58435,2026-01-14,09:01:26,WARN,WebServer,Disk usage > 85% on node node-2,E202,Disk usage > 85% on node {node}
58436,2026-01-14,09:23:20,INFO,WebServer,Page view: /home by u1916,E103,Page view: {page} by {user}
58437,2026-01-14,09:26:40,INFO,WebServer,Page view: /home by u3882,E103,Page view: {page} by {user}
58438,2026-01-14,09:46:37,INFO,OrderProcessor,Health check passed: OrderProcessor,E102,Health check passed: {service}
58439,2026-01-14,09:50:40,INFO,WebServer,User u4732 login successful,E101,User {user} login successful
58440,2026-01-14,09:59:26,INFO,WebServer,Health check passed: WebServer,E102,Health check passed: {service}
58441,2026-01-14,09:09:27,INFO,WebServer,User u1543 login successful,E101,User {user} login successful
58442,2026-01-14,09:11:01,INFO,AuthService,Transaction tx534356 completed in 472ms,E104,Transaction {tx} completed in {time}ms
58443,2026-01-14,09:42:56,INFO,AuthService,Health check passed: AuthService,E102,Health check passed: {service}
58444,2026-01-14,09:38:33,INFO,WebServer,Health check passed: WebServer,E102,Health check passed: {service}
58445,2026-01-14,09:44:34,INFO,WebServer,Page view: /home by u2869,E103,Page view: {page} by {user}
58446,2026-01-14,09:47:03,INFO,WebServer,User u1581 login successful,E101,User {user} login successful
58447,2026-01-14,09:55:34,INFO,WebServer,User u2340 login successful,E101,User {user} login successful
58448,2026-01-14,09:19:21,INFO,WebServer,Transaction tx454475 completed in 292ms,E104,Transaction {tx} completed in {time}ms
58449,2026-01-14,09:34:37,INFO,WebServer,Transaction tx352838 completed in 1745ms,E104,Transaction {tx} completed in {time}ms
58450,2026-01-14,09:05:01,INFO,PaymentGateway,Transaction tx243337 completed in 421ms,E104,Transaction {tx} completed in {time}ms
58451,2026-01-14,09:59:22,INFO,WebServer,Transaction tx654653 completed in 667ms,E104,Transaction {tx} completed in {time}ms
58452,2026-01-14,09:43:27,INFO,PaymentGateway,Health check passed: PaymentGateway,E102,Health check passed: {service}
58453,2026-01-14,09:36:39,INFO,WebServer,Health check passed: WebServer,E102,Health check passed: {service}
58454,2026-01-14,09:52:30,INFO,OrderProcessor,Transaction tx482034 completed in 531ms,E104,Transaction {tx} completed in {time}ms
58455,2026-01-14,09:04:30,INFO,WebServer,Page view: /home by u2688,E103,Page view: {page} by {user}
58456,2026-01-14,09:33:32,WARN,OrderProcessor,Disk usage > 85% on node node-4,E202,Disk usage > 85% on node {node}
58457,2026-01-14,09:44:38,INFO,WebServer,User u2042 login successful,E101,User {user} login successful
58458,2026-01-14,09:05:21,INFO,WebServer,Transaction tx341121 completed in 1837ms,E104,Transaction {tx} completed in {time}ms
58459,2026-01-14,09:08:52,INFO,WebServer,Page view: /home by u1182,E103,Page view: {page} by {user}
58460,2026-01-14,09:14:28,INFO,WebServer,Page view: /home by u4103,E103,Page view: {page} by {user}
58461,2026-01-14,09:48:57,INFO,WebServer,Health check passed: WebServer,E102,Health check passed: {service}
58462,2026-01-14,09:35:52,INFO,PaymentGateway,User u3516 login successful,E101,User {user} login successful
58463,2026-01-14,09:22:39,INFO,InventoryDB,User u3653 login successful,E101,User {user} login successful
58464,2026-01-14,09:36:21,INFO,OrderProcessor,Page view: /home by u3983,E103,Page view: {page} by {user}
58465,2026-01-14,09:50:02,INFO,OrderProcessor,User u4143 login successful,E101,User {user} login successful
58466,2026-01-14,09:47:29,INFO,WebServer,Health check passed: WebServer,E102,Health check passed: {service}
58467,2026-01-14,09:19:13,INFO,WebServer,Health check passed: WebServer,E102,Health check passed: {service}
58468,2026-01-14,09:29:12,INFO,AuthService,Transaction tx213476 completed in 1732ms,E104,Transaction {tx} completed in {time}ms
58469,2026-01-14,09:58:58,INFO,OrderProcessor,Page view: /home by u4026,E103,Page view: {page} by {user}
58470,2026-01-14,09:18:48,INFO,AuthService,User u3664 login successful,E101,User {user} login successful
58471,2026-01-14,09:27:01,INFO,WebServer,Page view: /home by u4861,E103,Page view: {page} by {user}
58472,2026-01-14,09:17:28,INFO,WebServer,Page view: /home by u3831,E103,Page view: {page} by {user}
58473,2026-01-14,09:52:57,INFO,WebServer,Transaction tx320428 completed in 433ms,E104,Transaction {tx} completed in {time}ms
58474,2026-01-14,09:02:40,INFO,WebServer,Health check passed: WebServer,E102,Health check passed: {service}
58475,2026-01-14,09:53:55,INFO,WebServer,Transaction tx449071 completed in 1998ms,E104,Transaction {tx} completed in {time}ms
58476,2026-01-14,09:33:49,INFO,WebServer,Page view: /home by u1582,E103,Page view: {page} by {user}
58477,2026-01-14,09:06:33,INFO,AuthService,User u2438 login successful,E101,User {user} login successful
58478,2026-01-14,09:38:03,INFO,OrderProcessor,User u4529 login successful,E101,User {user} login successful
58479,2026-01-14,09:28:16,INFO,PaymentGateway,Page view: /home by u4075,E103,Page view: {page} by {user}
58480,2026-01-14,09:17:01,INFO,WebServer,User u4831 login successful,E101,User {user} login successful
58481,2026-01-14,09:08:24,INFO,WebServer,Health check passed: WebServer,E102,Health check passed: {service}
58482,2026-01-14,09:45:17,INFO,AuthService,User u2668 login successful,E101,User {user} login successful
58483,2026-01-14,09:01:02,INFO,WebServer,Health check passed: WebServer,E102,Health check passed: {service}
58484,2026-01-14,09:39:32,INFO,WebServer,Transaction tx253399 completed in 765ms,E104,Transaction {tx} completed in {time}ms
58485,2026-01-14,09:23:10,INFO,AuthService,Transaction tx455188 completed in 1096ms,E104,Transaction {tx} completed in {time}ms
58486,2026-01-14,09:13:23,INFO,AuthService,User u2825 login successful,E101,User {user} login successful
58487,2026-01-14,09:39:40,INFO,OrderProcessor,Health check passed: OrderProcessor,E102,Health check passed: {service}
58488,2026-01-14,09:54:54,INFO,WebServer,Page view: /home by u3194,E103,Page view: {page} by {user}
58489,2026-01-14,09:56:26,INFO,WebServer,Health check passed: WebServer,E102,Health check passed: {service}
58490,2026-01-14,09:56:54,WARN,AuthService,Disk usage > 85% on node node-3,E202,Disk usage > 85% on node {node}
58491,2026-01-14,09:55:55,INFO,WebServer,Page view: /home by u2237,E103,Page view: {page} by {user}
58492,2026-01-14,09:56:01,INFO,PaymentGateway,Transaction tx896435 completed in 574ms,E104,Transaction {tx} completed in {time}ms
58493,2026-01-14,09:06:24,INFO,AuthService,Transaction tx648582 completed in 1438ms,E104,Transaction {tx} completed in {time}ms
58494,2026-01-14,09:35:56,INFO,WebServer,Page view: /home by u1144,E103,Page view: {page} by {user}
58495,2026-01-14,09:44:49,INFO,WebServer,User u2506 login successful,E101,User {user} login successful
58496,2026-01-14,09:48:09,INFO,WebServer,Health check passed: WebServer,E102,Health check passed: {service}
58497,2026-01-14,09:41:17,INFO,InventoryDB,Health check passed: InventoryDB,E102,Health check passed: {service}
58498,2026-01-14,09:03:45,INFO,WebServer,Transaction tx549782 completed in 932ms,E104,Transaction {tx} completed in {time}ms
58499,2026-01-14,09:08:22,INFO,WebServer,Page view: /home by u1257,E103,Page view: {page} by {user}
58500,2026-01-14,09:45:32,INFO,InventoryDB,Transaction tx962264 completed in 200ms,E104,Transaction {tx} completed in {time}ms
58501,2026-01-14,09:01:00,INFO,AuthService,Health check passed: AuthService,E102,Health check passed: {service}
58502,2026-01-14,09:39:24,INFO,WebServer,User u2596 login successful,E101,User {user} login successful
58503,2026-01-14,09:04:29,INFO,AuthService,Transaction tx937887 completed in 189ms,E104,Transaction {tx} completed in {time}ms
58504,2026-01-14,09:26:06,INFO,WebServer,Transaction tx198207 completed in 1195ms,E104,Transaction {tx} completed in {time}ms
58505,2026-01-14,09:33:21,INFO,WebServer,Health check passed: WebServer,E102,Health check passed: {service}
58506,2026-01-14,09:13:53,INFO,AuthService,Transaction tx450437 completed in 343ms,E104,Transaction {tx} completed in {time}ms
58507,2026-01-14,09:23:24,INFO,WebServer,Health check passed: WebServer,E102,Health check passed: {service}
58508,2026-01-14,09:23:24,INFO,InventoryDB,User u2976 login successful,E101,User {user} login successful
58509,2026-01-14,09:30:27,INFO,InventoryDB,User u3613 login successful,E101,User {user} login successful
58510,2026-01-14,09:47:55,INFO,PaymentGateway,Transaction tx659731 completed in 2000ms,E104,Transaction {tx} completed in {time}ms
58511,2026-01-14,09:14:34,INFO,WebServer,Page view: /home by u4974,E103,Page view: {page} by {user}
58512,2026-01-14,09:47:48,INFO,InventoryDB,Transaction tx600973 completed in 879ms,E104,Transaction {tx} completed in {time}ms
58513,2026-01-14,09:23:50,INFO,PaymentGateway,User u4808 login successful,E101,User {user} login successful
58514,2026-01-14,09:26:11,INFO,InventoryDB,User u3989 login successful,E101,User {user} login successful
58515,2026-01-14,09:31:11,INFO,WebServer,Page view: /home by u2895,E103,Page view: {page} by {user}
58516,2026-01-14,09:08:23,INFO,PaymentGateway,Page view: /home by u1398,E103,Page view: {page} by {user}
58517,2026-01-14,09:04:32,INFO,AuthService,User u1325 login successful,E101,User {user} login successful
58518,2026-01-14,09:13:47,INFO,AuthService,Transaction tx759083 completed in 1887ms,E104,Transaction {tx} completed in {time}ms
58519,2026-01-14,09:18:45,INFO,OrderProcessor,Page view: /home by u4171,E103,Page view: {page} by {user}
58520,2026-01-14,09:16:38,WARN,WebServer,High latency (1678ms) detected on WebServer,E201,High latency ({time}ms) detected on {service}
58521,2026-01-14,09:08:57,INFO,AuthService,Page view: /home by u2103,E103,Page view: {page} by {user}
58522,2026-01-14,09:05:06,WARN,WebServer,Unauthorized access attempt from 192.168.1.5,E401,Unauthorized access attempt from {ip}
58523,2026-01-14,09:56:38,INFO,PaymentGateway,Page view: /home by u3378,E103,Page view: {page} by {user}
58524,2026-01-14,09:25:51,INFO,WebServer,Health check passed: WebServer,E102,Health check passed: {service}
58525,2026-01-14,09:46:01,INFO,WebServer,Health check passed: WebServer,E102,Health check passed: {service}
58526,2026-01-14,09:44:13,INFO,AuthService,User u3285 login successful,E101,User {user} login successful
58527,2026-01-14,09:02:10,INFO,WebServer,User u2333 login successful,E101,User {user} login successful
58528,2026-01-14,09:34:02,INFO,WebServer,Health check passed: WebServer,E102,Health check passed: {service}
58529,2026-01-14,09:49:01,INFO,WebServer,Health check passed: WebServer,E102,Health check passed: {service}
58530,2026-01-14,09:54:41,INFO,PaymentGateway,Health check passed: PaymentGateway,E102,Health check passed: {service}
58531,2026-01-14,09:12:30,INFO,AuthService,Health check passed: AuthService,E102,Health check passed: {service}
58532,2026-01-14,09:09:51,INFO,WebServer,Transaction tx888230 completed in 1830ms,E104,Transaction {tx} completed in {time}ms
58533,2026-01-14,09:55:12,INFO,OrderProcessor,Page view: /home by u3838,E103,Page view: {page} by {user}
58534,2026-01-14,09:26:11,INFO,WebServer,Page view: /home by u3882,E103,Page view: {page} by {user}
58535,2026-01-14,09:47:24,INFO,WebServer,User u3858 login successful,E101,User {user} login successful
58536,2026-01-14,09:28:41,INFO,WebServer,User u2776 login successful,E101,User {user} login successful
58537,2026-01-14,09:18:20,INFO,PaymentGateway,Transaction tx375428 completed in 1804ms,E104,Transaction {tx} completed in {time}ms
58538,2026-01-14,09:20:40,INFO,AuthService,Transaction tx872723 completed in 474ms,E104,Transaction {tx} completed in {time}ms
58539,2026-01-14,09:32:31,INFO,AuthService,Page view: /home by u4180,E103,Page view: {page} by {user}
58540,2026-01-14,09:40:24,INFO,WebServer,Health check passed: WebServer,E102,Health check passed: {service}
58541,2026-01-14,09:25:02,INFO,OrderProcessor,Page view: /home by u3603,E103,Page view: {page} by {user}
58542,2026-01-14,09:52:12,INFO,WebServer,User u2766 login successful,E101,User {user} login successful
58543,2026-01-14,09:02:55,INFO,OrderProcessor,User u4199 login successful,E101,User {user} login successful
58544,2026-01-14,09:19:46,INFO,OrderProcessor,Transaction tx445454 completed in 345ms,E104,Transaction {tx} completed in {time}ms
58545,2026-01-14,09:12:45,INFO,OrderProcessor,Transaction tx944987 completed in 1464ms,E104,Transaction {tx} completed in {time}ms
58546,2026-01-14,09:01:16,INFO,AuthService,Page view: /home by u2310,E103,Page view: {page} by {user}
58547,2026-01-14,09:33:01,INFO,WebServer,Health check passed: WebServer,E102,Health check passed: {service}
58548,2026-01-14,09:56:46,INFO,WebServer,User u4746 login successful,E101,User {user} login successful
58549,2026-01-14,09:07:40,INFO,WebServer,Transaction tx919327 completed in 302ms,E104,Transaction {tx} completed in {time}ms
58550,2026-01-14,09:30:24,INFO,AuthService,User u2629 login successful,E101,User {user} login successful
58551,2026-01-14,09:53:21,INFO,InventoryDB,Health check passed: InventoryDB,E102,Health check passed: {service}
58552,2026-01-14,09:39:14,INFO,PaymentGateway,Transaction tx448736 completed in 1189ms,E104,Transaction {tx} completed in {time}ms
58553,2026-01-14,09:10:15,INFO,WebServer,User u4647 login successful,E101,User {user} login successful
58554,2026-01-14,09:41:13,INFO,WebServer,Health check passed: WebServer,E102,Health check passed: {service}
58555,2026-01-14,09:52:14,INFO,AuthService,Page view: /home by u3204,E103,Page view: {page} by {user}
58556,2026-01-14,09:15:04,INFO,OrderProcessor,Transaction tx573190 completed in 803ms,E104,Transaction {tx} completed in {time}ms
58557,2026-01-14,09:17:58,WARN,WebServer,Disk usage > 85% on node node-4,E202,Disk usage > 85% on node {node}
58558,2026-01-14,09:53:30,INFO,AuthService,Transaction tx343664 completed in 1129ms,E104,Transaction {tx} completed in {time}ms
58559,2026-01-14,09:22:47,INFO,PaymentGateway,Transaction tx648145 completed in 1256ms,E104,Transaction {tx} completed in {time}ms
58560,2026-01-14,09:23:04,INFO,WebServer,Transaction tx243623 completed in 1817ms,E104,Transaction {tx} completed in {time}ms
58561,2026-01-14,09:17:34,INFO,AuthService,Health check passed: AuthService,E102,Health check passed: {service}
58562,2026-01-14,09:28:55,INFO,AuthService,Health check passed: AuthService,E102,Health check passed: {service}
58563,2026-01-14,09:20:40,INFO,WebServer,Page view: /home by u3924,E103,Page view: {page} by {user}
58564,2026-01-14,09:48:32,INFO,WebServer,Page view: /home by u4759,E103,Page view: {page} by {user}
58565,2026-01-14,09:42:01,INFO,OrderProcessor,Health check passed: OrderProcessor,E102,Health check passed: {service}
58566,2026-01-14,09:15:10,INFO,OrderProcessor,Health check passed: OrderProcessor,E102,Health check passed: {service}
58567,2026-01-14,09:04:03,INFO,WebServer,Health check passed: WebServer,E102,Health check passed: {service}
58568,2026-01-14,09:13:45,INFO,AuthService,User u4067 login successful,E101,User {user} login successful
58569,2026-01-14,09:43:29,INFO,OrderProcessor,Page view: /home by u2959,E103,Page view: {page} by {user}
58570,2026-01-14,09:18:34,INFO,WebServer,User u2414 login successful,E101,User {user} login successful
58571,2026-01-14,09:53:28,INFO,WebServer,User u1732 login successful,E101,User {user} login successful
58572,2026-01-14,09:21:09,INFO,AuthService,Page view: /home by u4537,E103,Page view: {page} by {user}
58573,2026-01-14,09:07:23,INFO,WebServer,User u2481 login successful,E101,User {user} login successful
58574,2026-01-14,09:01:40,INFO,WebServer,Health check passed: WebServer,E102,Health check passed: {service}
58575,2026-01-14,09:16:55,INFO,WebServer,User u3734 login successful,E101,User {user} login successful
58576,2026-01-14,09:32:49,INFO,PaymentGateway,Page view: /home by u2292,E103,Page view: {page} by {user}
58577,2026-01-14,09:05:06,INFO,WebServer,User u3572 login successful,E101,User {user} login successful
58578,2026-01-14,09:14:50,INFO,WebServer,Health check passed: WebServer,E102,Health check passed: {service}
58579,2026-01-14,09:59:37,INFO,OrderProcessor,Health check passed: OrderProcessor,E102,Health check passed: {service}
58580,2026-01-14,09:32:25,INFO,PaymentGateway,Transaction tx660586 completed in 1495ms,E104,Transaction {tx} completed in {time}ms
58581,2026-01-14,09:07:01,INFO,AuthService,Transaction tx786384 completed in 896ms,E104,Transaction {tx} completed in {time}ms
58582,2026-01-14,09:44:43,INFO,AuthService,Transaction tx101384 completed in 992ms,E104,Transaction {tx} completed in {time}ms
58583,2026-01-14,09:59:21,INFO,WebServer,Transaction tx241739 completed in 1338ms,E104,Transaction {tx} completed in {time}ms
58584,2026-01-14,09:48:32,INFO,AuthService,Transaction tx214761 completed in 1868ms,E104,Transaction {tx} completed in {time}ms
58585,2026-01-14,09:44:43,INFO,AuthService,Health check passed: AuthService,E102,Health check passed: {service}
58586,2026-01-14,09:53:21,INFO,AuthService,Page view: /home by u4354,E103,Page view: {page} by {user}
58587,2026-01-14,09:57:43,INFO,WebServer,Health check passed: WebServer,E102,Health check passed: {service}
58588,2026-01-14,09:35:57,WARN,PaymentGateway,High latency (128ms) detected on PaymentGateway,E201,High latency ({time}ms) detected on {service}
58589,2026-01-14,09:40:58,INFO,AuthService,Transaction tx598447 completed in 1638ms,E104,Transaction {tx} completed in {time}ms
58590,2026-01-14,09:55:59,INFO,AuthService,Transaction tx938240 completed in 586ms,E104,Transaction {tx} completed in {time}ms
58591,2026-01-14,09:57:43,INFO,PaymentGateway,Transaction tx946821 completed in 76ms,E104,Transaction {tx} completed in {time}ms
58592,2026-01-14,09:09:59,INFO,WebServer,Health check passed: WebServer,E102,Health check passed: {service}
58593,2026-01-14,09:17:00,INFO,AuthService,Health check passed: AuthService,E102,Health check passed: {service}
58594,2026-01-14,09:05:36,INFO,OrderProcessor,User u2429 login successful,E101,User {user} login successful
58595,2026-01-14,09:57:00,INFO,AuthService,Page view: /home by u1946,E103,Page view: {page} by {user}
58596,2026-01-14,09:25:01,INFO,WebServer,User u3864 login successful,E101,User {user} login successful
58597,2026-01-14,09:28:03,INFO,PaymentGateway,Transaction tx364968 completed in 1633ms,E104,Transaction {tx} completed in {time}ms
58598,2026-01-14,09:12:54,WARN,WebServer,Disk usage > 85% on node node-5,E202,Disk usage > 85% on node {node}
58599,2026-01-14,09:15:14,INFO,OrderProcessor,Page view: /home by u2259,E103,Page view: {page} by {user}
58600,2026-01-14,09:48:47,INFO,WebServer,Page view: /home by u1709,E103,Page view: {page} by {user}
58601,2026-01-14,09:43:02,INFO,OrderProcessor,Transaction tx518034 completed in 300ms,E104,Transaction {tx} completed in {time}ms
58602,2026-01-14,09:07:36,INFO,OrderProcessor,Page view: /home by u2730,E103,Page view: {page} by {user}
58603,2026-01-14,09:35:33,INFO,OrderProcessor,User u1529 login successful,E101,User {user} login successful
58604,2026-01-14,09:23:57,INFO,AuthService,Transaction tx566399 completed in 884ms,E104,Transaction {tx} completed in {time}ms
58605,2026-01-14,09:44:13,INFO,WebServer,User u2061 login successful,E101,User {user} login successful
58606,2026-01-14,09:30:47,INFO,OrderProcessor,Transaction tx839260 completed in 1270ms,E104,Transaction {tx} completed in {time}ms
58607,2026-01-14,09:56:25,INFO,OrderProcessor,Transaction tx408574 completed in 1585ms,E104,Transaction {tx} completed in {time}ms
58608,2026-01-14,09:10:46,INFO,WebServer,Page view: /home by u2698,E103,Page view: {page} by {user}
58609,2026-01-14,09:41:39,INFO,WebServer,Page view: /home by u2503,E103,Page view: {page} by {user}
58610,2026-01-14,09:53:59,INFO,AuthService,Page view: /home by u2550,E103,Page view: {page} by {user}
58611,2026-01-14,09:51:45,INFO,AuthService,Health check passed: AuthService,E102,Health check passed: {service}
58612,2026-01-14,09:08:14,INFO,WebServer,User u3173 login successful,E101,User {user} login successful
58613,2026-01-14,09:34:12,INFO,AuthService,Health check passed: AuthService,E102,Health check passed: {service}
58614,2026-01-14,09:03:27,INFO,WebServer,Health check passed: WebServer,E102,Health check passed: {service}
58615,2026-01-14,09:05:24,ERROR,OrderProcessor,Connection refused to OrderProcessor at 10.0.0.45,E501,Connection refused to {service} at {ip}
58616,2026-01-14,09:37:21,INFO,WebServer,Health check passed: WebServer,E102,Health check passed: {service}
58617,2026-01-14,09:35:05,INFO,OrderProcessor,Health check passed: OrderProcessor,E102,Health check passed: {service}
58618,2026-01-14,09:25:26,INFO,PaymentGateway,Transaction tx293661 completed in 1411ms,E104,Transaction {tx} completed in {time}ms
58619,2026-01-14,09:46:02,INFO,OrderProcessor,Page view: /home by u3077,E103,Page view: {page} by {user}
58620,2026-01-14,09:42:18,INFO,OrderProcessor,Page view: /home by u4881,E103,Page view: {page} by {user}
58621,2026-01-14,09:49:49,INFO,WebServer,Transaction tx119116 completed in 286ms,E104,Transaction {tx} completed in {time}ms
58622,2026-01-14,09:28:21,INFO,PaymentGateway,User u1082 login successful,E101,User {user} login successful
58623,2026-01-14,09:12:59,INFO,WebServer,Page view: /home by u1239,E103,Page view: {page} by {user}
58624,2026-01-14,09:12:50,INFO,WebServer,Transaction tx189820 completed in 1110ms,E104,Transaction {tx} completed in {time}ms
58625,2026-01-14,09:23:02,INFO,PaymentGateway,Transaction tx948260 completed in 566ms,E104,Transaction {tx} completed in {time}ms
58626,2026-01-14,09:38:46,INFO,AuthService,User u4327 login successful,E101,User {user} login successful
58627,2026-01-14,09:01:15,INFO,PaymentGateway,User u1492 login successful,E101,User {user} login successful
58628,2026-01-14,09:24:22,INFO,WebServer,Transaction tx873125 completed in 1233ms,E104,Transaction {tx} completed in {time}ms
58629,2026-01-14,09:27:17,WARN,WebServer,High latency (1851ms) detected on WebServer,E201,High latency ({time}ms) detected on {service}
58630,2026-01-14,09:05:00,INFO,PaymentGateway,User u2379 login successful,E101,User {user} login successful
58631,2026-01-14,09:14:30,INFO,WebServer,Page view: /home by u2397,E103,Page view: {page} by {user}
58632,2026-01-14,09:48:50,INFO,AuthService,Transaction tx588348 completed in 1229ms,E104,Transaction {tx} completed in {time}ms
58633,2026-01-14,09:15:20,INFO,InventoryDB,Page view: /home by u2394,E103,Page view: {page} by {user}
58634,2026-01-14,09:02:28,INFO,AuthService,User u4750 login successful,E101,User {user} login successful
58635,2026-01-14,09:52:05,INFO,WebServer,Page view: /home by u4097,E103,Page view: {page} by {user}
58636,2026-01-14,09:21:37,INFO,PaymentGateway,Page view: /home by u3778,E103,Page view: {page} by {user}
58637,2026-01-14,09:36:03,INFO,OrderProcessor,Transaction tx294648 completed in 1644ms,E104,Transaction {tx} completed in {time}ms
58638,2026-01-14,09:52:40,INFO,WebServer,Health check passed: WebServer,E102,Health check passed: {service}
58639,2026-01-14,09:46:33,INFO,WebServer,Health check passed: WebServer,E102,Health check passed: {service}
58640,2026-01-14,09:18:39,INFO,WebServer,Page view: /home by u1133,E103,Page view: {page} by {user}
58641,2026-01-14,09:30:29,INFO,WebServer,Page view: /home by u4076,E103,Page view: {page} by {user}
58642,2026-01-14,09:22:12,INFO,WebServer,Transaction tx107706 completed in 840ms,E104,Transaction {tx} completed in {time}ms
58643,2026-01-14,09:19:48,INFO,InventoryDB,User u4068 login successful,E101,User {user} login successful
58644,2026-01-14,09:35:05,INFO,WebServer,User u2989 login successful,E101,User {user} login successful
58645,2026-01-14,09:32:01,INFO,WebServer,User u4600 login successful,E101,User {user} login successful
58646,2026-01-14,09:47:10,WARN,WebServer,Disk usage > 85% on node node-1,E202,Disk usage > 85% on node {node}
58647,2026-01-14,09:23:49,INFO,WebServer,Health check passed: WebServer,E102,Health check passed: {service}
58648,2026-01-14,09:52:05,INFO,InventoryDB,Health check passed: InventoryDB,E102,Health check passed: {service}
58649,2026-01-14,09:15:03,INFO,InventoryDB,User u4760 login successful,E101,User {user} login successful
58650,2026-01-14,09:36:13,WARN,OrderProcessor,Unauthorized access attempt from 10.0.0.10,E401,Unauthorized access attempt from {ip}
58651,2026-01-14,09:04:49,INFO,WebServer,Page view: /home by u2635,E103,Page view: {page} by {user}
58652,2026-01-14,09:55:47,INFO,WebServer,Health check passed: WebServer,E102,Health check passed: {service}
58653,2026-01-14,10:23:00,INFO,WebServer,Page view: /home by u2066,E103,Page view: {page} by {user}
58654,2026-01-14,10:52:58,ERROR,AuthService,Connection refused to AuthService at 10.0.0.10,E501,Connection refused to {service} at {ip}
58655,2026-01-14,10:56:28,INFO,OrderProcessor,Transaction tx464555 completed in 559ms,E104,Transaction {tx} completed in {time}ms
58656,2026-01-14,10:13:04,ERROR,InventoryDB,Timeout waiting for lock on InventoryDB,E502,Timeout waiting for lock on {db}
58657,2026-01-14,10:50:39,INFO,WebServer,User u2207 login successful,E101,User {user} login successful
58658,2026-01-14,10:45:52,INFO,AuthService,User u3848 login successful,E101,User {user} login successful
58659,2026-01-14,10:20:07,INFO,OrderProcessor,Health check passed: OrderProcessor,E102,Health check passed: {service}
58660,2026-01-14,10:26:17,INFO,WebServer,Page view: /home by u3312,E103,Page view: {page} by {user}
58661,2026-01-14,10:13:09,INFO,WebServer,Health check passed: WebServer,E102,Health check passed: {service}
58662,2026-01-14,10:12:05,INFO,WebServer,Health check passed: WebServer,E102,Health check passed: {service}
58663,2026-01-14,10:26:32,INFO,PaymentGateway,Health check passed: PaymentGateway,E102,Health check passed: {service}
58664,2026-01-14,10:31:45,INFO,OrderProcessor,Health check passed: OrderProcessor,E102,Health check passed: {service}
58665,2026-01-14,10:09:20,INFO,OrderProcessor,Health check passed: OrderProcessor,E102,Health check passed: {service}
58666,2026-01-14,10:53:40,INFO,AuthService,Transaction tx221454 completed in 1884ms,E104,Transaction {tx} completed in {time}ms
58667,2026-01-14,10:59:58,INFO,WebServer,Page view: /home by u3602,E103,Page view: {page} by {user}
58668,2026-01-14,10:07:13,INFO,OrderProcessor,Transaction tx647349 completed in 1566ms,E104,Transaction {tx} completed in {time}ms
58669,2026-01-14,10:06:54,INFO,OrderProcessor,Page view: /home by u4216,E103,Page view: {page} by {user}
58670,2026-01-14,10:00:52,INFO,AuthService,Transaction tx693564 completed in 808ms,E104,Transaction {tx} completed in {time}ms
58671,2026-01-14,10:28:34,INFO,WebServer,Page view: /home by u1161,E103,Page view: {page} by {user}
58672,2026-01-14,10:31:59,INFO,WebServer,Health check passed: WebServer,E102,Health check passed: {service}
58673,2026-01-14,10:12:57,INFO,AuthService,Health check passed: AuthService,E102,Health check passed: {service}
58674,2026-01-14,10:34:55,INFO,AuthService,Transaction tx423193 completed in 1973ms,E104,Transaction {tx} completed in {time}ms
58675,2026-01-14,10:33:11,INFO,AuthService,User u2512 login successful,E101,User {user} login successful
58676,2026-01-14,10:04:42,INFO,WebServer,Health check passed: WebServer,E102,Health check passed: {service}
58677,2026-01-14,10:36:21,INFO,OrderProcessor,User u3473 login successful,E101,User {user} login successful
58678,2026-01-14,10:41:56,INFO,WebServer,Transaction tx256604 completed in 280ms,E104,Transaction {tx} completed in {time}ms
58679,2026-01-14,10:15:36,INFO,WebServer,Transaction tx551939 completed in 338ms,E104,Transaction {tx} completed in {time}ms
58680,2026-01-14,10:50:27,INFO,WebServer,Transaction tx201242 completed in 720ms,E104,Transaction {tx} completed in {time}ms
58681,2026-01-14,10:34:04,INFO,WebServer,Transaction tx146022 completed in 1677ms,E104,Transaction {tx} completed in {time}ms
58682,2026-01-14,10:56:51,INFO,OrderProcessor,Page view: /home by u3344,E103,Page view: {page} by {user}
58683,2026-01-14,10:00:23,INFO,WebServer,Page view: /home by u4320,E103,Page view: {page} by {user}
58684,2026-01-14,10:04:48,INFO,OrderProcessor,Transaction tx299386 completed in 1337ms,E104,Transaction {tx} completed in {time}ms
58685,2026-01-14,10:42:59,INFO,PaymentGateway,Page view: /home by u3455,E103,Page view: {page} by {user}
58686,2026-01-14,10:45:41,INFO,WebServer,Page view: /home by u2487,E103,Page view: {page} by {user}
58687,2026-01-14,10:07:43,INFO,AuthService,Page view: /home by u4922,E103,Page view: {page} by {user}
58688,2026-01-14,10:06:02,INFO,InventoryDB,Transaction tx492864 completed in 1213ms,E104,Transaction {tx} completed in {time}ms
58689,2026-01-14,10:23:47,INFO,AuthService,Health check passed: AuthService,E102,Health check passed: {service}
58690,2026-01-14,10:54:00,INFO,OrderProcessor,Transaction tx642417 completed in 795ms,E104,Transaction {tx} completed in {time}ms
58691,2026-01-14,10:06:26,INFO,WebServer,Transaction tx112349 completed in 324ms,E104,Transaction {tx} completed in {time}ms
58692,2026-01-14,10:02:38,INFO,AuthService,Page view: /home by u1582,E103,Page view: {page} by {user}
58693,2026-01-14,10:59:17,INFO,WebServer,Transaction tx297596 completed in 170ms,E104,Transaction {tx} completed in {time}ms
58694,2026-01-14,10:12:02,INFO,InventoryDB,Transaction tx615335 completed in 1012ms,E104,Transaction {tx} completed in {time}ms
58695,2026-01-14,10:48:53,INFO,WebServer,User u3085 login successful,E101,User {user} login successful
58696,2026-01-14,10:42:52,INFO,AuthService,User u1186 login successful,E101,User {user} login successful
58697,2026-01-14,10:39:18,INFO,WebServer,Health check passed: WebServer,E102,Health check passed: {service}
58698,2026-01-14,10:45:53,INFO,WebServer,Health check passed: WebServer,E102,Health check passed: {service}
58699,2026-01-14,10:47:46,INFO,PaymentGateway,Page view: /home by u1305,E103,Page view: {page} by {user}
58700,2026-01-14,10:42:35,INFO,WebServer,Transaction tx118442 completed in 876ms,E104,Transaction {tx} completed in {time}ms
58701,2026-01-14,10:21:58,INFO,OrderProcessor,Health check passed: OrderProcessor,E102,Health check passed: {service}
58702,2026-01-14,10:14:38,WARN,OrderProcessor,Disk usage > 85% on node node-4,E202,Disk usage > 85% on node {node}
58703,2026-01-14,10:02:33,INFO,WebServer,Health check passed: WebServer,E102,Health check passed: {service}
58704,2026-01-14,10:10:01,INFO,AuthService,User u2162 login successful,E101,User {user} login successful
58705,2026-01-14,10:15:33,INFO,WebServer,Health check passed: WebServer,E102,Health check passed: {service}
58706,2026-01-14,10:24:38,INFO,WebServer,Health check passed: WebServer,E102,Health check passed: {service}
58707,2026-01-14,10:05:37,INFO,OrderProcessor,Health check passed: OrderProcessor,E102,Health check passed: {service}
58708,2026-01-14,10:28:18,INFO,AuthService,Transaction tx337102 completed in 859ms,E104,Transaction {tx} completed in {time}ms
58709,2026-01-14,10:09:48,WARN,WebServer,High latency (954ms) detected on WebServer,E201,High latency ({time}ms) detected on {service}
58710,2026-01-14,10:48:35,INFO,WebServer,Health check passed: WebServer,E102,Health check passed: {service}
58711,2026-01-14,10:25:24,INFO,WebServer,Health check passed: WebServer,E102,Health check passed: {service}
58712,2026-01-14,10:43:41,INFO,WebServer,Page view: /home by u4583,E103,Page view: {page} by {user}
58713,2026-01-14,10:48:39,INFO,WebServer,Health check passed: WebServer,E102,Health check passed: {service}
58714,2026-01-14,10:23:53,INFO,WebServer,Transaction tx782477 completed in 1432ms,E104,Transaction {tx} completed in {time}ms
58715,2026-01-14,10:04:11,INFO,AuthService,Page view: /home by u1314,E103,Page view: {page} by {user}
58716,2026-01-14,10:06:32,INFO,WebServer,User u1310 login successful,E101,User {user} login successful
58717,2026-01-14,10:41:41,INFO,WebServer,Transaction tx721274 completed in 657ms,E104,Transaction {tx} completed in {time}ms
58718,2026-01-14,10:51:40,INFO,WebServer,User u3670 login successful,E101,User {user} login successful
58719,2026-01-14,10:28:30,INFO,WebServer,Health check passed: WebServer,E102,Health check passed: {service}
58720,2026-01-14,10:26:50,INFO,OrderProcessor,Health check passed: OrderProcessor,E102,Health check passed: {service}
58721,2026-01-14,10:52:30,INFO,WebServer,Page view: /home by u4329,E103,Page view: {page} by {user}
58722,2026-01-14,10:41:42,WARN,AuthService,Disk usage > 85% on node node-1,E202,Disk usage > 85% on node {node}
58723,2026-01-14,10:57:40,INFO,WebServer,Transaction tx248755 completed in 49ms,E104,Transaction {tx} completed in {time}ms
58724,2026-01-14,10:39:03,INFO,InventoryDB,Page view: /home by u3703,E103,Page view: {page} by {user}
58725,2026-01-14,10:07:09,INFO,WebServer,Transaction tx472509 completed in 173ms,E104,Transaction {tx} completed in {time}ms
58726,2026-01-14,10:35:08,WARN,WebServer,Unauthorized access attempt from 10.0.0.45,E401,Unauthorized access attempt from {ip}
58727,2026-01-14,10:40:46,INFO,WebServer,Health check passed: WebServer,E102,Health check passed: {service}
58728,2026-01-14,10:06:40,ERROR,OrderProcessor,Payment declined: Gateway unavailable,E503,Payment declined: Gateway unavailable
58729,2026-01-14,10:45:44,INFO,OrderProcessor,Health check passed: OrderProcessor,E102,Health check passed: {service}
58730,2026-01-14,10:48:46,INFO,WebServer,Page view: /home by u2247,E103,Page view: {page} by {user}
58731,2026-01-14,10:00:57,INFO,WebServer,Transaction tx564529 completed in 610ms,E104,Transaction {tx} completed in {time}ms
58732,2026-01-14,10:05:31,INFO,WebServer,Page view: /home by u1940,E103,Page view: {page} by {user}
58733,2026-01-14,10:15:26,INFO,WebServer,User u4769 login successful,E101,User {user} login successful
58734,2026-01-14,10:21:50,INFO,WebServer,User u4299 login successful,E101,User {user} login successful
58735,2026-01-14,10:52:03,INFO,WebServer,User u4808 login successful,E101,User {user} login successful
58736,2026-01-14,10:22:29,INFO,PaymentGateway,User u4616 login successful,E101,User {user} login successful
58737,2026-01-14,10:42:13,INFO,WebServer,Health check passed: WebServer,E102,Health check passed: {service}
58738,2026-01-14,10:49:37,INFO,WebServer,Transaction tx651821 completed in 741ms,E104,Transaction {tx} completed in {time}ms
58739,2026-01-14,10:35:37,INFO,PaymentGateway,Page view: /home by u1209,E103,Page view: {page} by {user}
58740,2026-01-14,10:08:58,INFO,OrderProcessor,Health check passed: OrderProcessor,E102,Health check passed: {service}
58741,2026-01-14,10:51:22,INFO,WebServer,Health check passed: WebServer,E102,Health check passed: {service}
58742,2026-01-14,10:26:22,INFO,AuthService,Transaction tx226211 completed in 1379ms,E104,Transaction {tx} completed in {time}ms
58743,2026-01-14,10:18:35,INFO,WebServer,User u4868 login successful,E101,User {user} login successful
58744,2026-01-14,10:37:08,INFO,WebServer,Health check passed: WebServer,E102,Health check passed: {service}
58745,2026-01-14,10:09:42,INFO,AuthService,Health check passed: AuthService,E102,Health check passed: {service}
58746,2026-01-14,10:12:44,INFO,OrderProcessor,Page view: /home by u4274,E103,Page view: {page} by {user}
58747,2026-01-14,10:10:05,INFO,AuthService,Page view: /home by u2547,E103,Page view: {page} by {user}
58748,2026-01-14,10:24:48,INFO,InventoryDB,Health check passed: InventoryDB,E102,Health check passed: {service}
58749,2026-01-14,10:11:12,INFO,OrderProcessor,Transaction tx757266 completed in 1777ms,E104,Transaction {tx} completed in {time}ms
58750,2026-01-14,10:02:35,INFO,WebServer,Page view: /home by u3736,E103,Page view: {page} by {user}
58751,2026-01-14,10:17:27,INFO,WebServer,User u1532 login successful,E101,User {user} login successful
58752,2026-01-14,10:47:29,INFO,WebServer,Health check passed: WebServer,E102,Health check passed: {service}
58753,2026-01-14,10:12:21,INFO,PaymentGateway,Health check passed: PaymentGateway,E102,Health check passed: {service}
58754,2026-01-14,10:06:23,WARN,WebServer,Unauthorized access attempt from 10.0.0.45,E401,Unauthorized access attempt from {ip}
58755,2026-01-14,10:59:44,INFO,AuthService,Transaction tx747350 completed in 1795ms,E104,Transaction {tx} completed in {time}ms
58756,2026-01-14,10:42:08,INFO,AuthService,User u4313 login successful,E101,User {user} login successful
58757,2026-01-14,10:20:57,INFO,PaymentGateway,Transaction tx513035 completed in 526ms,E104,Transaction {tx} completed in {time}ms
58758,2026-01-14,10:10:05,INFO,OrderProcessor,Page view: /home by u4235,E103,Page view: {page} by {user}
58759,2026-01-14,10:32:02,INFO,WebServer,Transaction tx312935 completed in 563ms,E104,Transaction {tx} completed in {time}ms
58760,2026-01-14,10:39:06,INFO,WebServer,Page view: /home by u3583,E103,Page view: {page} by {user}
58761,2026-01-14,10:38:01,WARN,InventoryDB,Unauthorized access attempt from 10.0.0.12,E401,Unauthorized access attempt from {ip}
58762,2026-01-14,10:18:41,INFO,OrderProcessor,Health check passed: OrderProcessor,E102,Health check passed: {service}
58763,2026-01-14,10:35:40,INFO,WebServer,Transaction tx284779 completed in 627ms,E104,Transaction {tx} completed in {time}ms
58764,2026-01-14,10:52:37,INFO,WebServer,Health check passed: WebServer,E102,Health check passed: {service}
58765,2026-01-14,10:20:59,INFO,OrderProcessor,Page view: /home by u3948,E103,Page view: {page} by {user}
58766,2026-01-14,10:16:43,INFO,InventoryDB,Transaction tx878571 completed in 1580ms,E104,Transaction {tx} completed in {time}ms
58767,2026-01-14,10:05:59,INFO,WebServer,Page view: /home by u2286,E103,Page view: {page} by {user}
58768,2026-01-14,10:54:21,INFO,WebServer,Health check passed: WebServer,E102,Health check passed: {service}
58769,2026-01-14,10:11:13,INFO,InventoryDB,Health check passed: InventoryDB,E102,Health check passed: {service}
58770,2026-01-14,10:13:30,INFO,AuthService,User u3009 login successful,E101,User {user} login successful
58771,2026-01-14,10:04:33,INFO,AuthService,User u4978 login successful,E101,User {user} login successful
58772,2026-01-14,10:19:32,INFO,AuthService,Health check passed: AuthService,E102,Health check passed: {service}
58773,2026-01-14,10:00:41,INFO,WebServer,Transaction tx242455 completed in 1567ms,E104,Transaction {tx} completed in {time}ms
58774,2026-01-14,10:07:19,INFO,WebServer,Transaction tx781566 completed in 1414ms,E104,Transaction {tx} completed in {time}ms
58775,2026-01-14,10:30:19,INFO,WebServer,Health check passed: WebServer,E102,Health check passed: {service}
58776,2026-01-14,10:52:03,INFO,WebServer,Health check passed: WebServer,E102,Health check passed: {service}
58777,2026-01-14,10:55:30,INFO,WebServer,User u1616 login successful,E101,User {user} login successful
58778,2026-01-14,10:19:27,INFO,WebServer,Page view: /home by u1019,E103,Page view: {page} by {user}
58779,2026-01-14,10:36:51,INFO,WebServer,Transaction tx354676 completed in 1793ms,E104,Transaction {tx} completed in {time}ms
58780,2026-01-14,10:59:30,INFO,InventoryDB,Transaction tx119897 completed in 665ms,E104,Transaction {tx} completed in {time}ms
58781,2026-01-14,10:05:05,INFO,WebServer,Health check passed: WebServer,E102,Health check passed: {service}
58782,2026-01-14,10:00:58,INFO,OrderProcessor,User u1959 login successful,E101,User {user} login successful
58783,2026-01-14,10:22:54,INFO,WebServer,Transaction tx485042 completed in 1364ms,E104,Transaction {tx} completed in {time}ms
58784,2026-01-14,10:48:44,INFO,WebServer,Transaction tx453515 completed in 1458ms,E104,Transaction {tx} completed in {time}ms
58785,2026-01-14,10:29:24,INFO,PaymentGateway,Transaction tx296522 completed in 1816ms,E104,Transaction {tx} completed in {time}ms
58786,2026-01-14,10:56:16,INFO,PaymentGateway,Page view: /home by u4138,E103,Page view: {page} by {user}
58787,2026-01-14,10:41:44,INFO,WebServer,Transaction tx872082 completed in 958ms,E104,Transaction {tx} completed in {time}ms
58788,2026-01-14,10:57:52,INFO,OrderProcessor,Page view: /home by u2174,E103,Page view: {page} by {user}
58789,2026-01-14,10:59:55,INFO,AuthService,Page view: /home by u4523,E103,Page view: {page} by {user}
58790,2026-01-14,10:13:54,INFO,AuthService,User u3150 login successful,E101,User {user} login successful
58791,2026-01-14,10:09:39,INFO,WebServer,User u4379 login successful,E101,User {user} login successful
58792,2026-01-14,10:14:45,INFO,WebServer,Health check passed: WebServer,E102,Health check passed: {service}
58793,2026-01-14,10:53:27,INFO,AuthService,User u2251 login successful,E101,User {user} login successful
58794,2026-01-14,10:47:59,INFO,WebServer,Health check passed: WebServer,E102,Health check passed: {service}
58795,2026-01-14,10:05:07,INFO,AuthService,User u4627 login successful,E101,User {user} login successful
58796,2026-01-14,10:15:36,WARN,AuthService,Unauthorized access attempt from 10.0.0.88,E401,Unauthorized access attempt from {ip}
58797,2026-01-14,10:35:03,INFO,InventoryDB,Health check passed: InventoryDB,E102,Health check passed: {service}
58798,2026-01-14,10:25:12,INFO,WebServer,Page view: /home by u4481,E103,Page view: {page} by {user}
58799,2026-01-14,10:11:27,INFO,WebServer,Transaction tx265228 completed in 415ms,E104,Transaction {tx} completed in {time}ms
58800,2026-01-14,10:58:21,INFO,WebServer,User u1498 login successful,E101,User {user} login successful
58801,2026-01-14,10:08:36,INFO,AuthService,Transaction tx353639 completed in 131ms,E104,Transaction {tx} completed in {time}ms
58802,2026-01-14,10:10:00,WARN,AuthService,Unauthorized access attempt from 10.0.0.45,E401,Unauthorized access attempt from {ip}
58803,2026-01-14,10:40:39,INFO,PaymentGateway,Health check passed: PaymentGateway,E102,Health check passed: {service}
58804,2026-01-14,10:56:54,INFO,WebServer,Health check passed: WebServer,E102,Health check passed: {service}
58805,2026-01-14,10:31:59,INFO,WebServer,User u3469 login successful,E101,User {user} login successful
58806,2026-01-14,10:26:40,INFO,WebServer,Health check passed: WebServer,E102,Health check passed: {service}
58807,2026-01-14,10:44:53,INFO,OrderProcessor,Transaction tx450729 completed in 1789ms,E104,Transaction {tx} completed in {time}ms
58808,2026-01-14,10:46:43,INFO,WebServer,Transaction tx601756 completed in 1487ms,E104,Transaction {tx} completed in {time}ms
58809,2026-01-14,10:43:59,INFO,AuthService,Health check passed: AuthService,E102,Health check passed: {service}
58810,2026-01-14,10:14:53,INFO,WebServer,Transaction tx551148 completed in 505ms,E104,Transaction {tx} completed in {time}ms
58811,2026-01-14,10:51:30,INFO,WebServer,Page view: /home by u3332,E103,Page view: {page} by {user}
58812,2026-01-14,10:59:23,INFO,WebServer,User u2050 login successful,E101,User {user} login successful
58813,2026-01-14,10:55:10,INFO,PaymentGateway,Page view: /home by u4147,E103,Page view: {page} by {user}
58814,2026-01-14,10:33:21,INFO,WebServer,Health check passed: WebServer,E102,Health check passed: {service}
58815,2026-01-14,10:59:32,INFO,PaymentGateway,Transaction tx107532 completed in 1692ms,E104,Transaction {tx} completed in {time}ms
58816,2026-01-14,10:09:00,INFO,AuthService,Transaction tx135731 completed in 223ms,E104,Transaction {tx} completed in {time}ms
58817,2026-01-14,10:54:32,INFO,AuthService,Page view: /home by u3092,E103,Page view: {page} by {user}
58818,2026-01-14,10:18:00,INFO,WebServer,Page view: /home by u2336,E103,Page view: {page} by {user}
58819,2026-01-14,10:50:15,INFO,PaymentGateway,Page view: /home by u4294,E103,Page view: {page} by {user}
58820,2026-01-14,10:40:06,INFO,PaymentGateway,User u4774 login successful,E101,User {user} login successful
58821,2026-01-14,10:20:43,INFO,WebServer,Transaction tx118938 completed in 538ms,E104,Transaction {tx} completed in {time}ms
58822,2026-01-14,10:56:42,INFO,WebServer,User u2237 login successful,E101,User {user} login successful
58823,2026-01-14,10:26:28,INFO,WebServer,User u3141 login successful,E101,User {user} login successful
58824,2026-01-14,10:07:23,INFO,WebServer,User u2773 login successful,E101,User {user} login successful
58825,2026-01-14,10:58:06,INFO,PaymentGateway,User u4439 login successful,E101,User {user} login successful
58826,2026-01-14,10:33:35,WARN,WebServer,High latency (1112ms) detected on WebServer,E201,High latency ({time}ms) detected on {service}
58827,2026-01-14,10:13:44,INFO,WebServer,Transaction tx298623 completed in 1203ms,E104,Transaction {tx} completed in {time}ms
58828,2026-01-14,10:39:24,INFO,WebServer,User u3167 login successful,E101,User {user} login successful
58829,2026-01-14,10:47:11,INFO,WebServer,User u3051 login successful,E101,User {user} login successful
58830,2026-01-14,10:11:47,INFO,PaymentGateway,Transaction tx472840 completed in 421ms,E104,Transaction {tx} completed in {time}ms
58831,2026-01-14,10:19:01,INFO,WebServer,Transaction tx526382 completed in 1961ms,E104,Transaction {tx} completed in {time}ms
58832,2026-01-14,10:54:01,INFO,WebServer,Page view: /home by u1242,E103,Page view: {page} by {user}
58833,2026-01-14,10:04:57,INFO,PaymentGateway,Page view: /home by u2119,E103,Page view: {page} by {user}
58834,2026-01-14,10:44:21,INFO,WebServer,Health check passed: WebServer,E102,Health check passed: {service}
58835,2026-01-14,10:41:56,INFO,AuthService,Health check passed: AuthService,E102,Health check passed: {service}
58836,2026-01-14,10:24:02,INFO,OrderProcessor,User u2469 login successful,E101,User {user} login successful
58837,2026-01-14,10:32:30,ERROR,WebServer,Connection refused to WebServer at 10.0.0.45,E501,Connection refused to {service} at {ip}
58838,2026-01-14,10:34:58,WARN,PaymentGateway,Disk usage > 85% on node node-4,E202,Disk usage > 85% on node {node}
58839,2026-01-14,10:49:03,INFO,AuthService,Transaction tx935614 completed in 1166ms,E104,Transaction {tx} completed in {time}ms
58840,2026-01-14,10:53:21,INFO,PaymentGateway,Health check passed: PaymentGateway,E102,Health check passed: {service}
58841,2026-01-14,10:44:31,INFO,OrderProcessor,User u4896 login successful,E101,User {user} login successful
58842,2026-01-14,10:23:18,INFO,AuthService,Transaction tx259978 completed in 528ms,E104,Transaction {tx} completed in {time}ms
58843,2026-01-14,10:55:02,INFO,OrderProcessor,Health check passed: OrderProcessor,E102,Health check passed: {service}
58844,2026-01-14,10:36:14,INFO,WebServer,Transaction tx284659 completed in 1980ms,E104,Transaction {tx} completed in {time}ms
58845,2026-01-14,10:07:55,INFO,AuthService,Health check passed: AuthService,E102,Health check passed: {service}
58846,2026-01-14,10:51:19,INFO,WebServer,Health check passed: WebServer,E102,Health check passed: {service}
58847,2026-01-14,10:35:34,INFO,PaymentGateway,Page view: /home by u4638,E103,Page view: {page} by {user}
58848,2026-01-14,10:43:59,INFO,AuthService,Page view: /home by u4222,E103,Page view: {page} by {user}
58849,2026-01-14,10:51:49,INFO,WebServer,Health check passed: WebServer,E102,Health check passed: {service}
58850,2026-01-14,10:49:28,INFO,WebServer,User u2384 login successful,E101,User {user} login successful
58851,2026-01-14,10:45:58,INFO,WebServer,Transaction tx823184 completed in 1953ms,E104,Transaction {tx} completed in {time}ms
58852,2026-01-14,10:09:24,ERROR,PaymentGateway,Timeout waiting for lock on InventoryDB,E502,Timeout waiting for lock on {db}
58853,2026-01-14,10:13:53,INFO,AuthService,User u3900 login successful,E101,User {user} login successful
58854,2026-01-14,10:49:45,INFO,AuthService,Page view: /home by u4022,E103,Page view: {page} by {user}
58855,2026-01-14,10:35:35,INFO,InventoryDB,Transaction tx357326 completed in 233ms,E104,Transaction {tx} completed in {time}ms
58856,2026-01-14,10:38:02,INFO,WebServer,User u1144 login successful,E101,User {user} login successful
58857,2026-01-14,10:40:28,INFO,AuthService,Page view: /home by u2396,E103,Page view: {page} by {user}
58858,2026-01-14,10:53:00,INFO,WebServer,Health check passed: WebServer,E102,Health check passed: {service}
58859,2026-01-14,10:30:01,INFO,PaymentGateway,Transaction tx567418 completed in 999ms,E104,Transaction {tx} completed in {time}ms
58860,2026-01-14,10:22:50,ERROR,AuthService,Timeout waiting for lock on InventoryDB,E502,Timeout waiting for lock on {db}
58861,2026-01-14,10:17:54,WARN,AuthService,Disk usage > 85% on node node-4,E202,Disk usage > 85% on node {node}
58862,2026-01-14,10:37:47,INFO,WebServer,User u4942 login successful,E101,User {user} login successful
58863,2026-01-14,10:19:58,INFO,AuthService,Health check passed: AuthService,E102,Health check passed: {service}
58864,2026-01-14,10:49:34,INFO,WebServer,Health check passed: WebServer,E102,Health check passed: {service}
58865,2026-01-14,10:48:49,INFO,AuthService,Transaction tx796830 completed in 1615ms,E104,Transaction {tx} completed in {time}ms
58866,2026-01-14,10:16:58,INFO,PaymentGateway,User u2827 login successful,E101,User {user} login successful
58867,2026-01-14,10:14:37,INFO,AuthService,User u2152 login successful,E101,User {user} login successful
58868,2026-01-14,10:15:24,INFO,OrderProcessor,Transaction tx714021 completed in 1989ms,E104,Transaction {tx} completed in {time}ms
58869,2026-01-14,10:24:56,INFO,WebServer,User u2900 login successful,E101,User {user} login successful
58870,2026-01-14,10:59:57,INFO,AuthService,Transaction tx190187 completed in 1513ms,E104,Transaction {tx} completed in {time}ms
58871,2026-01-14,10:02:39,INFO,WebServer,Transaction tx478631 completed in 1300ms,E104,Transaction {tx} completed in {time}ms
58872,2026-01-14,10:02:10,INFO,WebServer,Page view: /home by u2058,E103,Page view: {page} by {user}
58873,2026-01-14,10:13:20,INFO,OrderProcessor,Health check passed: OrderProcessor,E102,Health check passed: {service}
58874,2026-01-14,10:03:05,INFO,WebServer,User u2971 login successful,E101,User {user} login successful
58875,2026-01-14,10:04:47,INFO,WebServer,Page view: /home by u3402,E103,Page view: {page} by {user}
58876,2026-01-14,10:55:33,INFO,PaymentGateway,User u4583 login successful,E101,User {user} login successful
58877,2026-01-14,10:06:31,INFO,WebServer,Transaction tx358351 completed in 1168ms,E104,Transaction {tx} completed in {time}ms
58878,2026-01-14,10:41:57,INFO,OrderProcessor,User u3727 login successful,E101,User {user} login successful
58879,2026-01-14,10:37:57,ERROR,WebServer,Connection refused to WebServer at 10.0.0.45,E501,Connection refused to {service} at {ip}
58880,2026-01-14,10:37:19,INFO,OrderProcessor,Health check passed: OrderProcessor,E102,Health check passed: {service}
58881,2026-01-14,10:47:30,INFO,AuthService,User u1806 login successful,E101,User {user} login successful
58882,2026-01-14,10:19:17,INFO,AuthService,Health check passed: AuthService,E102,Health check passed: {service}
58883,2026-01-14,10:34:11,INFO,WebServer,User u4132 login successful,E101,User {user} login successful
58884,2026-01-14,10:39:16,INFO,OrderProcessor,Transaction tx296951 completed in 281ms,E104,Transaction {tx} completed in {time}ms
58885,2026-01-14,10:56:10,INFO,WebServer,Page view: /home by u1526,E103,Page view: {page} by {user}
58886,2026-01-14,10:23:54,INFO,OrderProcessor,User u4010 login successful,E101,User {user} login successful
58887,2026-01-14,10:23:42,INFO,WebServer,Health check passed: WebServer,E102,Health check passed: {service}
58888,2026-01-14,10:17:45,INFO,PaymentGateway,Page view: /home by u1557,E103,Page view: {page} by {user}
58889,2026-01-14,10:22:49,INFO,WebServer,Page view: /home by u3596,E103,Page view: {page} by {user}
58890,2026-01-14,10:07:49,INFO,OrderProcessor,Health check passed: OrderProcessor,E102,Health check passed: {service}
58891,2026-01-14,10:21:27,INFO,AuthService,Health check passed: AuthService,E102,Health check passed: {service}
58892,2026-01-14,10:53:11,INFO,AuthService,Health check passed: AuthService,E102,Health check passed: {service}
58893,2026-01-14,10:05:53,INFO,WebServer,Page view: /home by u3764,E103,Page view: {page} by {user}
58894,2026-01-14,10:29:21,INFO,AuthService,Health check passed: AuthService,E102,Health check passed: {service}
58895,2026-01-14,10:53:30,WARN,WebServer,Disk usage > 85% on node node-1,E202,Disk usage > 85% on node {node}
58896,2026-01-14,10:39:57,INFO,AuthService,Health check passed: AuthService,E102,Health check passed: {service}
58897,2026-01-14,10:17:13,INFO,AuthService,Page view: /home by u1400,E103,Page view: {page} by {user}
58898,2026-01-14,10:50:10,INFO,AuthService,Page view: /home by u2320,E103,Page view: {page} by {user}
58899,2026-01-14,10:41:47,INFO,InventoryDB,User u2470 login successful,E101,User {user} login successful
58900,2026-01-14,10:33:54,INFO,WebServer,User u2896 login successful,E101,User {user} login successful
58901,2026-01-14,10:32:04,INFO,InventoryDB,Health check passed: InventoryDB,E102,Health check passed: {service}
58902,2026-01-14,10:14:42,INFO,WebServer,Health check passed: WebServer,E102,Health check passed: {service}
58903,2026-01-14,10:58:26,INFO,OrderProcessor,Page view: /home by u4641,E103,Page view: {page} by {user}
58904,2026-01-14,10:39:56,INFO,WebServer,User u4659 login successful,E101,User {user} login successful
58905,2026-01-14,10:57:00,INFO,WebServer,User u1545 login successful,E101,User {user} login successful
58906,2026-01-14,10:08:47,INFO,AuthService,Page view: /home by u3770,E103,Page view: {page} by {user}
58907,2026-01-14,10:15:34,INFO,AuthService,Transaction tx899992 completed in 1441ms,E104,Transaction {tx} completed in {time}ms
58908,2026-01-14,10:53:12,INFO,WebServer,Page view: /home by u3795,E103,Page view: {page} by {user}
58909,2026-01-14,10:24:01,INFO,WebServer,User u2006 login successful,E101,User {user} login successful
58910,2026-01-14,10:41:07,INFO,WebServer,Health check passed: WebServer,E102,Health check passed: {service}
58911,2026-01-14,10:06:05,INFO,WebServer,Transaction tx194559 completed in 46ms,E104,Transaction {tx} completed in {time}ms
58912,2026-01-14,10:03:32,INFO,InventoryDB,User u2282 login successful,E101,User {user} login successful
58913,2026-01-14,10:26:56,INFO,WebServer,Transaction tx434121 completed in 470ms,E104,Transaction {tx} completed in {time}ms
58914,2026-01-14,10:30:34,INFO,InventoryDB,Health check passed: InventoryDB,E102,Health check passed: {service}
58915,2026-01-14,10:51:16,INFO,WebServer,Health check passed: WebServer,E102,Health check passed: {service}
58916,2026-01-14,10:28:44,INFO,PaymentGateway,Transaction tx561192 completed in 1400ms,E104,Transaction {tx} completed in {time}ms
58917,2026-01-14,10:55:21,INFO,WebServer,Transaction tx306140 completed in 1287ms,E104,Transaction {tx} completed in {time}ms
58918,2026-01-14,10:30:09,INFO,WebServer,Health check passed: WebServer,E102,Health check passed: {service}
58919,2026-01-14,10:58:49,INFO,WebServer,Health check passed: WebServer,E102,Health check passed: {service}
58920,2026-01-14,10:10:54,INFO,InventoryDB,Page view: /home by u4324,E103,Page view: {page} by {user}
58921,2026-01-14,10:20:23,INFO,AuthService,Page view: /home by u3663,E103,Page view: {page} by {user}
58922,2026-01-14,10:09:25,INFO,OrderProcessor,User u4761 login successful,E101,User {user} login successful
58923,2026-01-14,10:37:24,INFO,WebServer,Page view: /home by u2101,E103,Page view: {page} by {user}
58924,2026-01-14,10:55:22,WARN,AuthService,Disk usage > 85% on node node-5,E202,Disk usage > 85% on node {node}
58925,2026-01-14,10:30:43,INFO,WebServer,Page view: /home by u4631,E103,Page view: {page} by {user}
58926,2026-01-14,10:21:03,INFO,AuthService,Health check passed: AuthService,E102,Health check passed: {service}
58927,2026-01-14,10:23:55,INFO,WebServer,Page view: /home by u1299,E103,Page view: {page} by {user}
58928,2026-01-14,10:31:55,INFO,AuthService,Transaction tx478526 completed in 859ms,E104,Transaction {tx} completed in {time}ms
58929,2026-01-14,10:54:34,INFO,OrderProcessor,Transaction tx542555 completed in 1389ms,E104,Transaction {tx} completed in {time}ms
58930,2026-01-14,10:56:34,INFO,AuthService,Page view: /home by u1144,E103,Page view: {page} by {user}
58931,2026-01-14,10:07:46,INFO,WebServer,Transaction tx527390 completed in 242ms,E104,Transaction {tx} completed in {time}ms
58932,2026-01-14,10:55:20,INFO,OrderProcessor,Transaction tx529874 completed in 1827ms,E104,Transaction {tx} completed in {time}ms
58933,2026-01-14,10:21:23,INFO,PaymentGateway,Page view: /home by u2470,E103,Page view: {page} by {user}
58934,2026-01-14,10:46:19,INFO,OrderProcessor,User u1874 login successful,E101,User {user} login successful
58935,2026-01-14,10:25:21,INFO,WebServer,Health check passed: WebServer,E102,Health check passed: {service}
58936,2026-01-14,10:08:33,ERROR,WebServer,Payment declined: Gateway unavailable,E503,Payment declined: Gateway unavailable
58937,2026-01-14,10:01:40,INFO,WebServer,Page view: /home by u2987,E103,Page view: {page} by {user}
58938,2026-01-14,10:12:43,INFO,AuthService,Transaction tx702686 completed in 573ms,E104,Transaction {tx} completed in {time}ms
58939,2026-01-14,10:29:44,INFO,WebServer,User u1913 login successful,E101,User {user} login successful
58940,2026-01-14,10:16:50,INFO,WebServer,Page view: /home by u2752,E103,Page view: {page} by {user}
58941,2026-01-14,10:01:13,INFO,OrderProcessor,Page view: /home by u3314,E103,Page view: {page} by {user}
58942,2026-01-14,10:53:50,CRITICAL,OrderProcessor,KERNEL PANIC: Node node-4 crashed,E601,KERNEL PANIC: Node {node} crashed
58943,2026-01-14,10:39:59,INFO,WebServer,User u4869 login successful,E101,User {user} login successful
58944,2026-01-14,10:41:36,INFO,WebServer,Transaction tx622583 completed in 826ms,E104,Transaction {tx} completed in {time}ms
58945,2026-01-14,10:36:11,INFO,WebServer,User u2502 login successful,E101,User {user} login successful
58946,2026-01-14,10:25:17,INFO,WebServer,Health check passed: WebServer,E102,Health check passed: {service}
58947,2026-01-14,10:29:34,INFO,PaymentGateway,Transaction tx468977 completed in 1179ms,E104,Transaction {tx} completed in {time}ms
58948,2026-01-14,10:07:53,WARN,PaymentGateway,Disk usage > 85% on node node-5,E202,Disk usage > 85% on node {node}
58949,2026-01-14,10:38:33,INFO,AuthService,Transaction tx765435 completed in 747ms,E104,Transaction {tx} completed in {time}ms
58950,2026-01-14,10:59:14,INFO,WebServer,Page view: /home by u2551,E103,Page view: {page} by {user}
58951,2026-01-14,10:52:46,INFO,WebServer,Health check passed: WebServer,E102,Health check passed: {service}
58952,2026-01-14,10:56:16,INFO,WebServer,Transaction tx227563 completed in 1074ms,E104,Transaction {tx} completed in {time}ms
58953,2026-01-14,10:22:43,INFO,WebServer,Health check passed: WebServer,E102,Health check passed: {service}
58954,2026-01-14,10:18:22,INFO,WebServer,User u1980 login successful,E101,User {user} login successful
58955,2026-01-14,10:50:14,INFO,AuthService,Health check passed: AuthService,E102,Health check passed: {service}
58956,2026-01-14,10:55:42,INFO,AuthService,Health check passed: AuthService,E102,Health check passed: {service}
58957,2026-01-14,10:35:23,INFO,WebServer,Transaction tx147451 completed in 1427ms,E104,Transaction {tx} completed in {time}ms
58958,2026-01-14,10:49:57,INFO,WebServer,User u4490 login successful,E101,User {user} login successful
58959,2026-01-14,10:49:13,INFO,AuthService,Page view: /home by u2002,E103,Page view: {page} by {user}
58960,2026-01-14,10:28:21,WARN,WebServer,Disk usage > 85% on node node-1,E202,Disk usage > 85% on node {node}
58961,2026-01-14,10:14:44,INFO,AuthService,Page view: /home by u2104,E103,Page view: {page} by {user}
58962,2026-01-14,10:34:38,INFO,AuthService,Health check passed: AuthService,E102,Health check passed: {service}
58963,2026-01-14,10:49:03,INFO,InventoryDB,Page view: /home by u3598,E103,Page view: {page} by {user}
58964,2026-01-14,10:39:37,INFO,PaymentGateway,Health check passed: PaymentGateway,E102,Health check passed: {service}
58965,2026-01-14,10:31:34,INFO,WebServer,Page view: /home by u2669,E103,Page view: {page} by {user}
58966,2026-01-14,10:05:56,INFO,AuthService,Page view: /home by u4365,E103,Page view: {page} by {user}
58967,2026-01-14,10:13:38,INFO,WebServer,Page view: /home by u2507,E103,Page view: {page} by {user}
58968,2026-01-14,10:11:53,WARN,OrderProcessor,High latency (317ms) detected on OrderProcessor,E201,High latency ({time}ms) detected on {service}
58969,2026-01-14,10:53:55,INFO,AuthService,Page view: /home by u3573,E103,Page view: {page} by {user}
58970,2026-01-14,10:48:59,INFO,AuthService,User u4024 login successful,E101,User {user} login successful
58971,2026-01-14,10:35:19,INFO,OrderProcessor,Page view: /home by u2974,E103,Page view: {page} by {user}
58972,2026-01-14,10:12:58,INFO,AuthService,User u4867 login successful,E101,User {user} login successful
58973,2026-01-14,10:24:35,INFO,WebServer,Health check passed: WebServer,E102,Health check passed: {service}
58974,2026-01-14,10:26:32,INFO,PaymentGateway,User u1666 login successful,E101,User {user} login successful
58975,2026-01-14,10:13:18,INFO,AuthService,Transaction tx419211 completed in 293ms,E104,Transaction {tx} completed in {time}ms
58976,2026-01-14,10:15:16,INFO,WebServer,Transaction tx700569 completed in 834ms,E104,Transaction {tx} completed in {time}ms
58977,2026-01-14,10:48:43,INFO,InventoryDB,User u4398 login successful,E101,User {user} login successful
58978,2026-01-14,10:20:59,INFO,WebServer,Health check passed: WebServer,E102,Health check passed: {service}
58979,2026-01-14,10:57:17,INFO,PaymentGateway,Transaction tx563658 completed in 1494ms,E104,Transaction {tx} completed in {time}ms
58980,2026-01-14,10:21:41,INFO,AuthService,User u1192 login successful,E101,User {user} login successful
58981,2026-01-14,10:50:16,INFO,OrderProcessor,User u4485 login successful,E101,User {user} login successful
58982,2026-01-14,10:11:34,INFO,PaymentGateway,Health check passed: PaymentGateway,E102,Health check passed: {service}
58983,2026-01-14,10:49:59,INFO,OrderProcessor,Page view: /home by u2810,E103,Page view: {page} by {user}
58984,2026-01-14,10:29:45,INFO,WebServer,Transaction tx970901 completed in 972ms,E104,Transaction {tx} completed in {time}ms
58985,2026-01-14,10:41:52,INFO,WebServer,Health check passed: WebServer,E102,Health check passed: {service}
58986,2026-01-14,10:25:26,INFO,PaymentGateway,Health check passed: PaymentGateway,E102,Health check passed: {service}
58987,2026-01-14,10:20:09,INFO,WebServer,User u1334 login successful,E101,User {user} login successful
58988,2026-01-14,10:20:13,INFO,AuthService,Page view: /home by u3405,E103,Page view: {page} by {user}
58989,2026-01-14,10:37:48,INFO,OrderProcessor,User u3958 login successful,E101,User {user} login successful
58990,2026-01-14,10:34:31,INFO,WebServer,Health check passed: WebServer,E102,Health check passed: {service}
58991,2026-01-14,10:44:11,INFO,WebServer,Health check passed: WebServer,E102,Health check passed: {service}
58992,2026-01-14,10:33:21,INFO,WebServer,Health check passed: WebServer,E102,Health check passed: {service}
58993,2026-01-14,10:25:49,INFO,WebServer,Page view: /home by u3410,E103,Page view: {page} by {user}
58994,2026-01-14,10:50:02,INFO,WebServer,Health check passed: WebServer,E102,Health check passed: {service}
58995,2026-01-14,10:24:19,INFO,OrderProcessor,Health check passed: OrderProcessor,E102,Health check passed: {service}
58996,2026-01-14,10:44:23,INFO,AuthService,User u2906 login successful,E101,User {user} login successful
58997,2026-01-14,10:05:43,INFO,PaymentGateway,User u2648 login successful,E101,User {user} login successful
58998,2026-01-14,10:11:17,INFO,AuthService,User u3675 login successful,E101,User {user} login successful
58999,2026-01-14,10:01:23,INFO,AuthService,User u3691 login successful,E101,User {user} login successful
59000,2026-01-14,10:12:00,INFO,OrderProcessor,Transaction tx303583 completed in 870ms,E104,Transaction {tx} completed in {time}ms
59001,2026-01-14,10:46:31,INFO,WebServer,Transaction tx937430 completed in 1714ms,E104,Transaction {tx} completed in {time}ms
59002,2026-01-14,10:19:20,INFO,AuthService,Transaction tx747276 completed in 1392ms,E104,Transaction {tx} completed in {time}ms
59003,2026-01-14,10:11:40,INFO,OrderProcessor,Health check passed: OrderProcessor,E102,Health check passed: {service}
59004,2026-01-14,10:59:20,INFO,AuthService,User u3792 login successful,E101,User {user} login successful
59005,2026-01-14,10:40:29,INFO,InventoryDB,Page view: /home by u3804,E103,Page view: {page} by {user}
59006,2026-01-14,10:35:43,INFO,OrderProcessor,User u2960 login successful,E101,User {user} login successful
59007,2026-01-14,10:42:59,INFO,WebServer,Page view: /home by u2944,E103,Page view: {page} by {user}
59008,2026-01-14,10:24:46,INFO,OrderProcessor,Health check passed: OrderProcessor,E102,Health check passed: {service}
59009,2026-01-14,10:33:57,INFO,WebServer,User u2378 login successful,E101,User {user} login successful
59010,2026-01-14,10:14:13,INFO,AuthService,User u1471 login successful,E101,User {user} login successful
59011,2026-01-14,10:51:33,INFO,WebServer,Page view: /home by u1096,E103,Page view: {page} by {user}
59012,2026-01-14,10:28:42,INFO,WebServer,Health check passed: WebServer,E102,Health check passed: {service}
59013,2026-01-14,10:51:53,INFO,WebServer,Page view: /home by u3423,E103,Page view: {page} by {user}
59014,2026-01-14,10:33:03,INFO,InventoryDB,Health check passed: InventoryDB,E102,Health check passed: {service}
59015,2026-01-14,10:30:22,INFO,WebServer,Page view: /home by u1712,E103,Page view: {page} by {user}
59016,2026-01-14,10:56:27,INFO,WebServer,Page view: /home by u2291,E103,Page view: {page} by {user}
59017,2026-01-14,10:22:35,INFO,WebServer,Health check passed: WebServer,E102,Health check passed: {service}
59018,2026-01-14,10:57:28,INFO,PaymentGateway,User u2750 login successful,E101,User {user} login successful
59019,2026-01-14,10:26:22,ERROR,WebServer,Payment declined: Gateway unavailable,E503,Payment declined: Gateway unavailable
59020,2026-01-14,10:35:05,INFO,WebServer,Page view: /home by u2011,E103,Page view: {page} by {user}
59021,2026-01-14,10:05:30,INFO,PaymentGateway,Page view: /home by u4113,E103,Page view: {page} by {user}
59022,2026-01-14,10:33:17,INFO,AuthService,Transaction tx439940 completed in 1809ms,E104,Transaction {tx} completed in {time}ms
59023,2026-01-14,10:01:05,INFO,WebServer,Transaction tx387819 completed in 1768ms,E104,Transaction {tx} completed in {time}ms
59024,2026-01-14,10:19:58,INFO,AuthService,Transaction tx661702 completed in 823ms,E104,Transaction {tx} completed in {time}ms
59025,2026-01-14,10:28:12,INFO,OrderProcessor,User u2370 login successful,E101,User {user} login successful
59026,2026-01-14,10:59:44,INFO,WebServer,Health check passed: WebServer,E102,Health check passed: {service}
59027,2026-01-14,10:17:04,INFO,AuthService,Transaction tx907252 completed in 827ms,E104,Transaction {tx} completed in {time}ms
59028,2026-01-14,10:11:38,INFO,AuthService,Page view: /home by u3122,E103,Page view: {page} by {user}
59029,2026-01-14,10:41:44,INFO,OrderProcessor,User u3046 login successful,E101,User {user} login successful
59030,2026-01-14,10:54:28,INFO,WebServer,Transaction tx301576 completed in 1928ms,E104,Transaction {tx} completed in {time}ms
59031,2026-01-14,10:43:14,INFO,InventoryDB,Transaction tx785820 completed in 1388ms,E104,Transaction {tx} completed in {time}ms
59032,2026-01-14,10:19:38,INFO,PaymentGateway,Page view: /home by u1361,E103,Page view: {page} by {user}
59033,2026-01-14,10:09:35,INFO,AuthService,Page view: /home by u2820,E103,Page view: {page} by {user}
59034,2026-01-14,10:17:39,INFO,OrderProcessor,User u3371 login successful,E101,User {user} login successful
59035,2026-01-14,10:01:36,INFO,WebServer,Transaction tx154586 completed in 1129ms,E104,Transaction {tx} completed in {time}ms
59036,2026-01-14,10:21:29,INFO,AuthService,Health check passed: AuthService,E102,Health check passed: {service}
59037,2026-01-14,10:59:52,INFO,AuthService,Transaction tx282549 completed in 150ms,E104,Transaction {tx} completed in {time}ms
59038,2026-01-14,10:47:33,INFO,InventoryDB,Transaction tx767328 completed in 192ms,E104,Transaction {tx} completed in {time}ms
59039,2026-01-14,10:24:15,INFO,WebServer,Page view: /home by u3320,E103,Page view: {page} by {user}
59040,2026-01-14,10:00:47,INFO,WebServer,Page view: /home by u2219,E103,Page view: {page} by {user}
59041,2026-01-14,10:11:06,INFO,WebServer,Page view: /home by u2275,E103,Page view: {page} by {user}
59042,2026-01-14,10:13:14,INFO,AuthService,Page view: /home by u1856,E103,Page view: {page} by {user}
59043,2026-01-14,10:55:07,INFO,OrderProcessor,Health check passed: OrderProcessor,E102,Health check passed: {service}
59044,2026-01-14,10:38:35,INFO,AuthService,Health check passed: AuthService,E102,Health check passed: {service}
59045,2026-01-14,10:51:10,INFO,AuthService,Health check passed: AuthService,E102,Health check passed: {service}
59046,2026-01-14,10:16:51,INFO,InventoryDB,Transaction tx694720 completed in 132ms,E104,Transaction {tx} completed in {time}ms
59047,2026-01-14,10:52:11,INFO,WebServer,Page view: /home by u4922,E103,Page view: {page} by {user}
59048,2026-01-14,10:35:10,WARN,PaymentGateway,High latency (1525ms) detected on PaymentGateway,E201,High latency ({time}ms) detected on {service}
59049,2026-01-14,10:32:12,INFO,OrderProcessor,Page view: /home by u3118,E103,Page view: {page} by {user}
59050,2026-01-14,10:02:31,WARN,WebServer,Unauthorized access attempt from 10.0.0.45,E401,Unauthorized access attempt from {ip}
59051,2026-01-14,10:53:54,INFO,AuthService,Health check passed: AuthService,E102,Health check passed: {service}
59052,2026-01-14,10:12:43,INFO,WebServer,User u2586 login successful,E101,User {user} login successful
59053,2026-01-14,10:40:30,INFO,OrderProcessor,Health check passed: OrderProcessor,E102,Health check passed: {service}
59054,2026-01-14,10:26:22,INFO,WebServer,Transaction tx453696 completed in 782ms,E104,Transaction {tx} completed in {time}ms
59055,2026-01-14,10:15:25,INFO,InventoryDB,Transaction tx359532 completed in 1570ms,E104,Transaction {tx} completed in {time}ms
59056,2026-01-14,10:44:37,INFO,WebServer,Page view: /home by u2493,E103,Page view: {page} by {user}
59057,2026-01-14,10:42:45,INFO,AuthService,Health check passed: AuthService,E102,Health check passed: {service}
59058,2026-01-14,10:04:24,CRITICAL,WebServer,KERNEL PANIC: Node node-4 crashed,E601,KERNEL PANIC: Node {node} crashed
59059,2026-01-14,10:22:11,WARN,WebServer,Unauthorized access attempt from 10.0.0.45,E401,Unauthorized access attempt from {ip}
59060,2026-01-14,10:19:19,INFO,AuthService,Health check passed: AuthService,E102,Health check passed: {service}
59061,2026-01-14,10:47:50,INFO,OrderProcessor,Page view: /home by u1768,E103,Page view: {page} by {user}
59062,2026-01-14,10:09:08,INFO,InventoryDB,Page view: /home by u3799,E103,Page view: {page} by {user}
59063,2026-01-14,10:33:40,INFO,PaymentGateway,User u3879 login successful,E101,User {user} login successful
59064,2026-01-14,10:22:46,INFO,WebServer,User u2347 login successful,E101,User {user} login successful
59065,2026-01-14,10:32:55,INFO,OrderProcessor,Page view: /home by u4962,E103,Page view: {page} by {user}
59066,2026-01-14,10:47:57,INFO,AuthService,User u4169 login successful,E101,User {user} login successful
59067,2026-01-14,10:42:37,INFO,WebServer,Transaction tx292894 completed in 434ms,E104,Transaction {tx} completed in {time}ms
59068,2026-01-14,10:04:28,INFO,PaymentGateway,Page view: /home by u3897,E103,Page view: {page} by {user}
59069,2026-01-14,10:15:00,INFO,PaymentGateway,Transaction tx197152 completed in 543ms,E104,Transaction {tx} completed in {time}ms
59070,2026-01-14,10:28:47,INFO,AuthService,Page view: /home by u1456,E103,Page view: {page} by {user}
59071,2026-01-14,10:35:11,INFO,WebServer,Transaction tx948822 completed in 529ms,E104,Transaction {tx} completed in {time}ms
59072,2026-01-14,10:52:45,INFO,WebServer,Page view: /home by u2949,E103,Page view: {page} by {user}
59073,2026-01-14,10:52:17,INFO,WebServer,Page view: /home by u2925,E103,Page view: {page} by {user}
59074,2026-01-14,10:31:29,INFO,PaymentGateway,Transaction tx458570 completed in 345ms,E104,Transaction {tx} completed in {time}ms
59075,2026-01-14,10:08:08,INFO,OrderProcessor,Health check passed: OrderProcessor,E102,Health check passed: {service}
59076,2026-01-14,10:44:53,INFO,WebServer,Page view: /home by u1534,E103,Page view: {page} by {user}
59077,2026-01-14,10:08:05,INFO,OrderProcessor,Health check passed: OrderProcessor,E102,Health check passed: {service}
59078,2026-01-14,10:32:28,INFO,WebServer,Transaction tx752870 completed in 1749ms,E104,Transaction {tx} completed in {time}ms
59079,2026-01-14,10:22:23,INFO,AuthService,Page view: /home by u3378,E103,Page view: {page} by {user}
59080,2026-01-14,10:09:05,INFO,WebServer,Transaction tx738171 completed in 1167ms,E104,Transaction {tx} completed in {time}ms
59081,2026-01-14,10:59:07,INFO,AuthService,Health check passed: AuthService,E102,Health check passed: {service}
59082,2026-01-14,10:52:13,INFO,WebServer,User u4197 login successful,E101,User {user} login successful
59083,2026-01-14,10:17:13,INFO,WebServer,Page view: /home by u3462,E103,Page view: {page} by {user}
59084,2026-01-14,10:31:57,INFO,PaymentGateway,Page view: /home by u1444,E103,Page view: {page} by {user}
59085,2026-01-14,10:57:31,INFO,WebServer,User u1147 login successful,E101,User {user} login successful
59086,2026-01-14,10:40:38,INFO,AuthService,Health check passed: AuthService,E102,Health check passed: {service}
59087,2026-01-14,10:44:19,WARN,WebServer,Disk usage > 85% on node node-2,E202,Disk usage > 85% on node {node}
59088,2026-01-14,10:22:19,INFO,WebServer,Health check passed: WebServer,E102,Health check passed: {service}
59089,2026-01-14,10:09:53,INFO,WebServer,Transaction tx607197 completed in 1982ms,E104,Transaction {tx} completed in {time}ms
59090,2026-01-14,10:42:59,INFO,OrderProcessor,Health check passed: OrderProcessor,E102,Health check passed: {service}
59091,2026-01-14,10:38:29,INFO,WebServer,Page view: /home by u1924,E103,Page view: {page} by {user}
59092,2026-01-14,10:48:04,INFO,PaymentGateway,User u2281 login successful,E101,User {user} login successful
59093,2026-01-14,10:29:55,INFO,WebServer,Page view: /home by u1006,E103,Page view: {page} by {user}
59094,2026-01-14,10:55:08,INFO,OrderProcessor,Health check passed: OrderProcessor,E102,Health check passed: {service}
59095,2026-01-14,10:43:49,INFO,WebServer,Transaction tx120028 completed in 1487ms,E104,Transaction {tx} completed in {time}ms
59096,2026-01-14,10:59:29,INFO,AuthService,Transaction tx124233 completed in 823ms,E104,Transaction {tx} completed in {time}ms
59097,2026-01-14,10:34:16,INFO,WebServer,Health check passed: WebServer,E102,Health check passed: {service}
59098,2026-01-14,10:26:54,INFO,WebServer,Transaction tx988583 completed in 1864ms,E104,Transaction {tx} completed in {time}ms
59099,2026-01-14,10:31:34,INFO,WebServer,Health check passed: WebServer,E102,Health check passed: {service}
59100,2026-01-14,10:17:43,INFO,PaymentGateway,Transaction tx868229 completed in 271ms,E104,Transaction {tx} completed in {time}ms
59101,2026-01-14,10:13:41,INFO,WebServer,Transaction tx118556 completed in 148ms,E104,Transaction {tx} completed in {time}ms
59102,2026-01-14,10:53:15,INFO,WebServer,Page view: /home by u3501,E103,Page view: {page} by {user}
59103,2026-01-14,10:39:21,INFO,OrderProcessor,Transaction tx403430 completed in 311ms,E104,Transaction {tx} completed in {time}ms
59104,2026-01-14,10:28:30,INFO,PaymentGateway,Transaction tx301973 completed in 916ms,E104,Transaction {tx} completed in {time}ms
59105,2026-01-14,10:58:51,INFO,WebServer,Page view: /home by u2880,E103,Page view: {page} by {user}
59106,2026-01-14,10:55:24,INFO,WebServer,User u2487 login successful,E101,User {user} login successful
59107,2026-01-14,10:24:08,WARN,WebServer,Disk usage > 85% on node node-4,E202,Disk usage > 85% on node {node}
59108,2026-01-14,10:27:25,INFO,PaymentGateway,Health check passed: PaymentGateway,E102,Health check passed: {service}
59109,2026-01-14,10:25:53,INFO,WebServer,User u3196 login successful,E101,User {user} login successful
59110,2026-01-14,10:09:02,INFO,PaymentGateway,Health check passed: PaymentGateway,E102,Health check passed: {service}
59111,2026-01-14,10:22:24,INFO,WebServer,User u4092 login successful,E101,User {user} login successful
59112,2026-01-14,10:56:24,INFO,WebServer,User u3132 login successful,E101,User {user} login successful
59113,2026-01-14,10:32:09,INFO,AuthService,Page view: /home by u3808,E103,Page view: {page} by {user}
59114,2026-01-14,10:22:44,INFO,WebServer,Transaction tx274491 completed in 1222ms,E104,Transaction {tx} completed in {time}ms
59115,2026-01-14,10:10:11,INFO,WebServer,Transaction tx736804 completed in 1461ms,E104,Transaction {tx} completed in {time}ms
59116,2026-01-14,10:14:33,INFO,OrderProcessor,User u1998 login successful,E101,User {user} login successful
59117,2026-01-14,10:52:19,INFO,WebServer,Transaction tx442858 completed in 1887ms,E104,Transaction {tx} completed in {time}ms
59118,2026-01-14,10:27:15,INFO,WebServer,User u3910 login successful,E101,User {user} login successful
59119,2026-01-14,10:32:01,INFO,PaymentGateway,Health check passed: PaymentGateway,E102,Health check passed: {service}
59120,2026-01-14,10:33:15,INFO,WebServer,Page view: /home by u2314,E103,Page view: {page} by {user}
59121,2026-01-14,10:07:30,INFO,WebServer,User u4629 login successful,E101,User {user} login successful
59122,2026-01-14,10:31:29,INFO,AuthService,Health check passed: AuthService,E102,Health check passed: {service}
59123,2026-01-14,10:45:51,INFO,WebServer,Page view: /home by u4026,E103,Page view: {page} by {user}
59124,2026-01-14,10:40:00,INFO,PaymentGateway,Page view: /home by u4859,E103,Page view: {page} by {user}
59125,2026-01-14,10:24:50,INFO,PaymentGateway,Page view: /home by u3548,E103,Page view: {page} by {user}
59126,2026-01-14,10:56:38,INFO,OrderProcessor,Health check passed: OrderProcessor,E102,Health check passed: {service}
59127,2026-01-14,10:31:30,INFO,PaymentGateway,Transaction tx496865 completed in 832ms,E104,Transaction {tx} completed in {time}ms
59128,2026-01-14,10:18:43,INFO,PaymentGateway,Transaction tx872276 completed in 1898ms,E104,Transaction {tx} completed in {time}ms
59129,2026-01-14,10:33:42,INFO,WebServer,User u1022 login successful,E101,User {user} login successful
59130,2026-01-14,10:30:12,INFO,WebServer,Health check passed: WebServer,E102,Health check passed: {service}
59131,2026-01-14,10:38:19,INFO,AuthService,User u4401 login successful,E101,User {user} login successful
59132,2026-01-14,10:31:51,INFO,AuthService,Transaction tx931482 completed in 1960ms,E104,Transaction {tx} completed in {time}ms
59133,2026-01-14,10:03:18,INFO,WebServer,User u1018 login successful,E101,User {user} login successful
59134,2026-01-14,10:41:59,INFO,WebServer,Page view: /home by u4697,E103,Page view: {page} by {user}
59135,2026-01-14,10:24:50,INFO,AuthService,Page view: /home by u1167,E103,Page view: {page} by {user}
59136,2026-01-14,10:51:14,WARN,WebServer,Disk usage > 85% on node node-4,E202,Disk usage > 85% on node {node}
59137,2026-01-14,10:26:37,INFO,OrderProcessor,Transaction tx901533 completed in 31ms,E104,Transaction {tx} completed in {time}ms
59138,2026-01-14,10:08:32,INFO,PaymentGateway,Health check passed: PaymentGateway,E102,Health check passed: {service}
59139,2026-01-14,10:13:03,INFO,AuthService,Health check passed: AuthService,E102,Health check passed: {service}
59140,2026-01-14,10:05:02,INFO,WebServer,User u3356 login successful,E101,User {user} login successful
59141,2026-01-14,10:22:15,INFO,AuthService,User u1057 login successful,E101,User {user} login successful
59142,2026-01-14,10:52:49,INFO,PaymentGateway,User u1550 login successful,E101,User {user} login successful
59143,2026-01-14,10:38:13,INFO,PaymentGateway,User u3000 login successful,E101,User {user} login successful
59144,2026-01-14,10:56:46,INFO,WebServer,User u1624 login successful,E101,User {user} login successful
59145,2026-01-14,10:20:31,INFO,AuthService,Page view: /home by u1791,E103,Page view: {page} by {user}
59146,2026-01-14,10:25:58,INFO,AuthService,Page view: /home by u4818,E103,Page view: {page} by {user}
59147,2026-01-14,10:19:54,INFO,AuthService,Page view: /home by u3044,E103,Page view: {page} by {user}
59148,2026-01-14,10:26:39,WARN,WebServer,Unauthorized access attempt from 10.0.0.45,E401,Unauthorized access attempt from {ip}
59149,2026-01-14,10:57:08,INFO,WebServer,Page view: /home by u4776,E103,Page view: {page} by {user}
59150,2026-01-14,10:07:53,INFO,InventoryDB,Transaction tx521256 completed in 523ms,E104,Transaction {tx} completed in {time}ms
59151,2026-01-14,10:44:01,INFO,OrderProcessor,User u1764 login successful,E101,User {user} login successful
59152,2026-01-14,10:54:48,INFO,OrderProcessor,Page view: /home by u4446,E103,Page view: {page} by {user}
59153,2026-01-14,10:43:14,INFO,OrderProcessor,User u1659 login successful,E101,User {user} login successful
59154,2026-01-14,10:45:45,INFO,WebServer,User u4176 login successful,E101,User {user} login successful
59155,2026-01-14,10:41:36,INFO,AuthService,Transaction tx980570 completed in 1318ms,E104,Transaction {tx} completed in {time}ms
59156,2026-01-14,10:29:56,WARN,WebServer,High latency (1995ms) detected on WebServer,E201,High latency ({time}ms) detected on {service}
59157,2026-01-14,10:58:02,INFO,WebServer,User u1921 login successful,E101,User {user} login successful
59158,2026-01-14,10:54:48,INFO,WebServer,User u3274 login successful,E101,User {user} login successful
59159,2026-01-14,10:49:43,INFO,AuthService,User u3213 login successful,E101,User {user} login successful
59160,2026-01-14,10:57:43,INFO,WebServer,Health check passed: WebServer,E102,Health check passed: {service}
59161,2026-01-14,10:49:14,INFO,WebServer,User u1410 login successful,E101,User {user} login successful
59162,2026-01-14,10:45:15,INFO,WebServer,Page view: /home by u1986,E103,Page view: {page} by {user}
59163,2026-01-14,10:39:40,INFO,OrderProcessor,Transaction tx431249 completed in 1920ms,E104,Transaction {tx} completed in {time}ms
59164,2026-01-14,10:40:18,INFO,OrderProcessor,Transaction tx344761 completed in 1963ms,E104,Transaction {tx} completed in {time}ms
59165,2026-01-14,10:34:21,INFO,WebServer,Page view: /home by u4154,E103,Page view: {page} by {user}
59166,2026-01-14,10:33:02,INFO,WebServer,Transaction tx735443 completed in 630ms,E104,Transaction {tx} completed in {time}ms
59167,2026-01-14,10:23:43,INFO,AuthService,Page view: /home by u2325,E103,Page view: {page} by {user}
59168,2026-01-14,10:06:46,INFO,PaymentGateway,Page view: /home by u4188,E103,Page view: {page} by {user}
59169,2026-01-14,10:15:32,INFO,WebServer,User u3293 login successful,E101,User {user} login successful
59170,2026-01-14,10:04:42,INFO,WebServer,Transaction tx194349 completed in 425ms,E104,Transaction {tx} completed in {time}ms
59171,2026-01-14,10:19:31,INFO,WebServer,Transaction tx733992 completed in 753ms,E104,Transaction {tx} completed in {time}ms
59172,2026-01-14,10:09:39,INFO,WebServer,Page view: /home by u2964,E103,Page view: {page} by {user}
59173,2026-01-14,10:21:06,INFO,WebServer,User u2877 login successful,E101,User {user} login successful
59174,2026-01-14,10:08:35,INFO,WebServer,Transaction tx646607 completed in 1032ms,E104,Transaction {tx} completed in {time}ms
59175,2026-01-14,10:21:41,INFO,PaymentGateway,Health check passed: PaymentGateway,E102,Health check passed: {service}
59176,2026-01-14,10:58:30,INFO,WebServer,Health check passed: WebServer,E102,Health check passed: {service}
59177,2026-01-14,10:36:56,INFO,InventoryDB,Page view: /home by u1442,E103,Page view: {page} by {user}
59178,2026-01-14,10:24:45,ERROR,PaymentGateway,Connection refused to PaymentGateway at 10.0.0.45,E501,Connection refused to {service} at {ip}
59179,2026-01-14,10:48:00,INFO,WebServer,User u2893 login successful,E101,User {user} login successful
59180,2026-01-14,10:39:00,INFO,OrderProcessor,Transaction tx811715 completed in 1545ms,E104,Transaction {tx} completed in {time}ms
59181,2026-01-14,10:22:09,INFO,WebServer,Page view: /home by u4918,E103,Page view: {page} by {user}
59182,2026-01-14,10:31:39,INFO,AuthService,Health check passed: AuthService,E102,Health check passed: {service}
59183,2026-01-14,10:07:38,INFO,WebServer,Health check passed: WebServer,E102,Health check passed: {service}
59184,2026-01-14,10:57:05,INFO,WebServer,User u4075 login successful,E101,User {user} login successful
59185,2026-01-14,10:44:23,INFO,AuthService,Health check passed: AuthService,E102,Health check passed: {service}
59186,2026-01-14,10:58:04,INFO,AuthService,Page view: /home by u4022,E103,Page view: {page} by {user}
59187,2026-01-14,10:27:56,INFO,AuthService,Page view: /home by u3989,E103,Page view: {page} by {user}
59188,2026-01-14,10:44:58,INFO,AuthService,Page view: /home by u4677,E103,Page view: {page} by {user}
59189,2026-01-14,10:47:22,INFO,AuthService,User u3698 login successful,E101,User {user} login successful
59190,2026-01-14,10:12:14,INFO,WebServer,Page view: /home by u2356,E103,Page view: {page} by {user}
59191,2026-01-14,10:39:58,INFO,WebServer,Page view: /home by u1278,E103,Page view: {page} by {user}
59192,2026-01-14,10:29:33,INFO,OrderProcessor,Transaction tx199480 completed in 141ms,E104,Transaction {tx} completed in {time}ms
59193,2026-01-14,10:10:09,INFO,WebServer,Health check passed: WebServer,E102,Health check passed: {service}
59194,2026-01-14,10:18:53,INFO,PaymentGateway,Health check passed: PaymentGateway,E102,Health check passed: {service}
59195,2026-01-14,10:03:47,INFO,PaymentGateway,Transaction tx622186 completed in 1959ms,E104,Transaction {tx} completed in {time}ms
59196,2026-01-14,10:22:52,INFO,WebServer,Health check passed: WebServer,E102,Health check passed: {service}
59197,2026-01-14,10:58:41,INFO,WebServer,Transaction tx373578 completed in 1623ms,E104,Transaction {tx} completed in {time}ms
59198,2026-01-14,10:41:41,INFO,OrderProcessor,User u1298 login successful,E101,User {user} login successful
59199,2026-01-14,10:54:25,WARN,PaymentGateway,Unauthorized access attempt from 10.0.0.45,E401,Unauthorized access attempt from {ip}
59200,2026-01-14,10:14:40,INFO,OrderProcessor,Health check passed: OrderProcessor,E102,Health check passed: {service}
59201,2026-01-14,10:50:45,INFO,OrderProcessor,Transaction tx623559 completed in 1097ms,E104,Transaction {tx} completed in {time}ms
59202,2026-01-14,10:08:24,INFO,OrderProcessor,Health check passed: OrderProcessor,E102,Health check passed: {service}
59203,2026-01-14,10:10:33,INFO,WebServer,Transaction tx861228 completed in 858ms,E104,Transaction {tx} completed in {time}ms
59204,2026-01-14,10:51:49,INFO,AuthService,Health check passed: AuthService,E102,Health check passed: {service}
59205,2026-01-14,10:47:23,INFO,WebServer,User u2494 login successful,E101,User {user} login successful
59206,2026-01-14,10:34:20,WARN,WebServer,High latency (1266ms) detected on WebServer,E201,High latency ({time}ms) detected on {service}
59207,2026-01-14,10:26:45,INFO,AuthService,User u4916 login successful,E101,User {user} login successful
59208,2026-01-14,10:39:08,INFO,AuthService,User u4349 login successful,E101,User {user} login successful
59209,2026-01-14,10:49:51,INFO,InventoryDB,Health check passed: InventoryDB,E102,Health check passed: {service}
59210,2026-01-14,10:30:28,INFO,OrderProcessor,Health check passed: OrderProcessor,E102,Health check passed: {service}
59211,2026-01-14,10:20:53,WARN,WebServer,Unauthorized access attempt from 10.0.0.45,E401,Unauthorized access attempt from {ip}
59212,2026-01-14,10:56:47,INFO,WebServer,Health check passed: WebServer,E102,Health check passed: {service}
59213,2026-01-14,10:42:47,INFO,AuthService,Health check passed: AuthService,E102,Health check passed: {service}
59214,2026-01-14,10:00:56,INFO,WebServer,Page view: /home by u2980,E103,Page view: {page} by {user}
59215,2026-01-14,10:16:12,INFO,WebServer,User u4511 login successful,E101,User {user} login successful
59216,2026-01-14,10:09:51,INFO,WebServer,Health check passed: WebServer,E102,Health check passed: {service}
59217,2026-01-14,10:37:59,INFO,WebServer,Page view: /home by u2415,E103,Page view: {page} by {user}
59218,2026-01-14,10:00:43,INFO,WebServer,Transaction tx361600 completed in 1587ms,E104,Transaction {tx} completed in {time}ms
59219,2026-01-14,10:44:18,INFO,OrderProcessor,Health check passed: OrderProcessor,E102,Health check passed: {service}
59220,2026-01-14,10:04:05,INFO,OrderProcessor,Health check passed: OrderProcessor,E102,Health check passed: {service}
59221,2026-01-14,10:56:30,WARN,PaymentGateway,Disk usage > 85% on node node-4,E202,Disk usage > 85% on node {node}
59222,2026-01-14,10:58:03,INFO,OrderProcessor,Page view: /home by u1897,E103,Page view: {page} by {user}
59223,2026-01-14,10:41:51,INFO,WebServer,Page view: /home by u1666,E103,Page view: {page} by {user}
59224,2026-01-14,10:40:11,INFO,OrderProcessor,User u4418 login successful,E101,User {user} login successful
59225,2026-01-14,10:32:42,INFO,WebServer,Health check passed: WebServer,E102,Health check passed: {service}
59226,2026-01-14,10:21:53,INFO,WebServer,User u1591 login successful,E101,User {user} login successful
59227,2026-01-14,10:14:43,INFO,WebServer,User u2838 login successful,E101,User {user} login successful
59228,2026-01-14,10:00:08,INFO,WebServer,User u3724 login successful,E101,User {user} login successful
59229,2026-01-14,10:06:04,INFO,AuthService,Page view: /home by u3327,E103,Page view: {page} by {user}
59230,2026-01-14,10:07:11,INFO,WebServer,User u3843 login successful,E101,User {user} login successful
59231,2026-01-14,10:22:08,INFO,WebServer,Health check passed: WebServer,E102,Health check passed: {service}
59232,2026-01-14,10:05:09,INFO,WebServer,Page view: /home by u4296,E103,Page view: {page} by {user}
59233,2026-01-14,10:12:34,INFO,WebServer,Page view: /home by u1824,E103,Page view: {page} by {user}
59234,2026-01-14,10:09:47,INFO,WebServer,Health check passed: WebServer,E102,Health check passed: {service}
59235,2026-01-14,10:32:00,INFO,WebServer,User u2467 login successful,E101,User {user} login successful
59236,2026-01-14,10:05:24,INFO,WebServer,Health check passed: WebServer,E102,Health check passed: {service}
59237,2026-01-14,10:24:12,INFO,WebServer,Page view: /home by u2266,E103,Page view: {page} by {user}
59238,2026-01-14,10:36:58,INFO,WebServer,Transaction tx640644 completed in 1138ms,E104,Transaction {tx} completed in {time}ms
59239,2026-01-14,10:24:58,INFO,WebServer,Page view: /home by u1352,E103,Page view: {page} by {user}
59240,2026-01-14,10:36:35,INFO,PaymentGateway,User u1060 login successful,E101,User {user} login successful
59241,2026-01-14,10:13:11,INFO,WebServer,Transaction tx100636 completed in 1263ms,E104,Transaction {tx} completed in {time}ms
59242,2026-01-14,10:27:54,INFO,WebServer,Page view: /home by u1848,E103,Page view: {page} by {user}
59243,2026-01-14,10:09:47,INFO,WebServer,Transaction tx395019 completed in 520ms,E104,Transaction {tx} completed in {time}ms
59244,2026-01-14,10:20:22,INFO,AuthService,Health check passed: AuthService,E102,Health check passed: {service}
59245,2026-01-14,10:26:19,INFO,WebServer,Page view: /home by u2420,E103,Page view: {page} by {user}
59246,2026-01-14,10:07:50,WARN,AuthService,Unauthorized access attempt from 10.0.0.45,E401,Unauthorized access attempt from {ip}
59247,2026-01-14,10:07:11,WARN,WebServer,High latency (310ms) detected on WebServer,E201,High latency ({time}ms) detected on {service}
59248,2026-01-14,10:15:29,INFO,PaymentGateway,Page view: /home by u4013,E103,Page view: {page} by {user}
59249,2026-01-14,10:07:56,INFO,AuthService,User u1658 login successful,E101,User {user} login successful
59250,2026-01-14,10:58:53,INFO,PaymentGateway,Health check passed: PaymentGateway,E102,Health check passed: {service}
59251,2026-01-14,10:42:15,INFO,OrderProcessor,Transaction tx304979 completed in 1354ms,E104,Transaction {tx} completed in {time}ms
59252,2026-01-14,10:54:51,INFO,WebServer,Health check passed: WebServer,E102,Health check passed: {service}
59253,2026-01-14,10:37:44,INFO,WebServer,Page view: /home by u3432,E103,Page view: {page} by {user}
59254,2026-01-14,10:41:02,WARN,WebServer,High latency (888ms) detected on WebServer,E201,High latency ({time}ms) detected on {service}
59255,2026-01-14,10:17:38,INFO,PaymentGateway,User u3900 login successful,E101,User {user} login successful
59256,2026-01-14,10:07:41,INFO,InventoryDB,Health check passed: InventoryDB,E102,Health check passed: {service}
59257,2026-01-14,10:45:45,INFO,WebServer,User u1044 login successful,E101,User {user} login successful
59258,2026-01-14,10:52:10,INFO,OrderProcessor,Page view: /home by u4789,E103,Page view: {page} by {user}
59259,2026-01-14,10:07:11,INFO,WebServer,User u1106 login successful,E101,User {user} login successful
59260,2026-01-14,10:42:11,INFO,WebServer,Transaction tx954452 completed in 393ms,E104,Transaction {tx} completed in {time}ms
59261,2026-01-14,10:13:04,INFO,WebServer,User u1327 login successful,E101,User {user} login successful
59262,2026-01-14,10:05:35,INFO,AuthService,Page view: /home by u3564,E103,Page view: {page} by {user}
59263,2026-01-14,10:04:27,INFO,OrderProcessor,Transaction tx741326 completed in 696ms,E104,Transaction {tx} completed in {time}ms
59264,2026-01-14,10:03:02,INFO,WebServer,Transaction tx258295 completed in 775ms,E104,Transaction {tx} completed in {time}ms
59265,2026-01-14,10:19:38,INFO,WebServer,Health check passed: WebServer,E102,Health check passed: {service}
59266,2026-01-14,10:26:51,INFO,InventoryDB,Page view: /home by u3051,E103,Page view: {page} by {user}
59267,2026-01-14,10:50:06,INFO,OrderProcessor,User u1624 login successful,E101,User {user} login successful
59268,2026-01-14,10:28:03,INFO,AuthService,User u2841 login successful,E101,User {user} login successful
59269,2026-01-14,10:52:56,INFO,PaymentGateway,Transaction tx952659 completed in 119ms,E104,Transaction {tx} completed in {time}ms
59270,2026-01-14,10:48:40,INFO,AuthService,User u1884 login successful,E101,User {user} login successful
59271,2026-01-14,10:20:02,INFO,WebServer,Page view: /home by u4170,E103,Page view: {page} by {user}
59272,2026-01-14,10:01:20,INFO,AuthService,Transaction tx426325 completed in 1895ms,E104,Transaction {tx} completed in {time}ms
59273,2026-01-14,10:14:36,INFO,WebServer,Page view: /home by u4475,E103,Page view: {page} by {user}
59274,2026-01-14,10:52:42,INFO,WebServer,Page view: /home by u2022,E103,Page view: {page} by {user}
59275,2026-01-14,10:18:21,INFO,WebServer,Health check passed: WebServer,E102,Health check passed: {service}
59276,2026-01-14,10:29:10,INFO,WebServer,Transaction tx648787 completed in 306ms,E104,Transaction {tx} completed in {time}ms
59277,2026-01-14,10:47:17,INFO,AuthService,User u1516 login successful,E101,User {user} login successful
59278,2026-01-14,10:55:58,INFO,WebServer,Health check passed: WebServer,E102,Health check passed: {service}
59279,2026-01-14,10:22:34,INFO,WebServer,Page view: /home by u3025,E103,Page view: {page} by {user}
59280,2026-01-14,10:34:48,INFO,OrderProcessor,User u2550 login successful,E101,User {user} login successful
59281,2026-01-14,10:21:35,INFO,WebServer,User u1421 login successful,E101,User {user} login successful
59282,2026-01-14,10:31:41,WARN,OrderProcessor,Unauthorized access attempt from 10.0.0.45,E401,Unauthorized access attempt from {ip}
59283,2026-01-14,10:40:07,INFO,WebServer,Page view: /home by u1296,E103,Page view: {page} by {user}
59284,2026-01-14,10:56:25,INFO,AuthService,User u3414 login successful,E101,User {user} login successful
59285,2026-01-14,10:04:37,INFO,WebServer,Page view: /home by u2941,E103,Page view: {page} by {user}
59286,2026-01-14,10:34:19,INFO,AuthService,Health check passed: AuthService,E102,Health check passed: {service}
59287,2026-01-14,10:37:57,INFO,WebServer,Page view: /home by u2416,E103,Page view: {page} by {user}
59288,2026-01-14,10:21:07,WARN,WebServer,High latency (521ms) detected on WebServer,E201,High latency ({time}ms) detected on {service}
59289,2026-01-14,10:21:29,INFO,WebServer,Page view: /home by u1635,E103,Page view: {page} by {user}
59290,2026-01-14,10:35:58,INFO,PaymentGateway,Transaction tx262755 completed in 403ms,E104,Transaction {tx} completed in {time}ms
59291,2026-01-14,10:16:16,CRITICAL,AuthService,DATA CORRUPTION detected in sector 452,E602,DATA CORRUPTION detected in sector {sector}
59292,2026-01-14,10:39:25,INFO,OrderProcessor,Health check passed: OrderProcessor,E102,Health check passed: {service}
59293,2026-01-14,10:32:44,INFO,InventoryDB,Page view: /home by u1772,E103,Page view: {page} by {user}
59294,2026-01-14,10:23:05,INFO,AuthService,Transaction tx916215 completed in 1160ms,E104,Transaction {tx} completed in {time}ms
59295,2026-01-14,10:48:08,INFO,WebServer,Health check passed: WebServer,E102,Health check passed: {service}
59296,2026-01-14,10:25:08,INFO,AuthService,Health check passed: AuthService,E102,Health check passed: {service}
59297,2026-01-14,10:09:57,INFO,WebServer,Transaction tx372510 completed in 245ms,E104,Transaction {tx} completed in {time}ms
59298,2026-01-14,10:17:19,INFO,WebServer,User u4309 login successful,E101,User {user} login successful
59299,2026-01-14,10:13:58,INFO,WebServer,Health check passed: WebServer,E102,Health check passed: {service}
59300,2026-01-14,10:10:14,INFO,OrderProcessor,User u2881 login successful,E101,User {user} login successful
59301,2026-01-14,10:10:37,INFO,WebServer,Health check passed: WebServer,E102,Health check passed: {service}
59302,2026-01-14,10:14:49,INFO,InventoryDB,Page view: /home by u2833,E103,Page view: {page} by {user}
59303,2026-01-14,10:31:40,INFO,WebServer,Transaction tx884690 completed in 1594ms,E104,Transaction {tx} completed in {time}ms
59304,2026-01-14,10:41:22,INFO,InventoryDB,Transaction tx709384 completed in 127ms,E104,Transaction {tx} completed in {time}ms
59305,2026-01-14,10:22:24,WARN,InventoryDB,High latency (587ms) detected on InventoryDB,E201,High latency ({time}ms) detected on {service}
59306,2026-01-14,10:20:33,INFO,WebServer,User u3588 login successful,E101,User {user} login successful
59307,2026-01-14,10:51:02,INFO,WebServer,Health check passed: WebServer,E102,Health check passed: {service}
59308,2026-01-14,10:27:42,WARN,OrderProcessor,Unauthorized access attempt from 10.0.0.45,E401,Unauthorized access attempt from {ip}
59309,2026-01-14,10:46:30,INFO,OrderProcessor,Page view: /home by u1248,E103,Page view: {page} by {user}
59310,2026-01-14,10:24:04,INFO,OrderProcessor,Transaction tx551710 completed in 338ms,E104,Transaction {tx} completed in {time}ms
59311,2026-01-14,10:28:04,INFO,WebServer,Health check passed: WebServer,E102,Health check passed: {service}
59312,2026-01-14,10:20:58,INFO,OrderProcessor,Health check passed: OrderProcessor,E102,Health check passed: {service}
59313,2026-01-14,10:15:58,INFO,WebServer,Transaction tx332297 completed in 1351ms,E104,Transaction {tx} completed in {time}ms
59314,2026-01-14,10:43:32,INFO,WebServer,Page view: /home by u4628,E103,Page view: {page} by {user}
59315,2026-01-14,10:27:35,INFO,WebServer,User u2896 login successful,E101,User {user} login successful
59316,2026-01-14,10:16:19,INFO,PaymentGateway,User u2450 login successful,E101,User {user} login successful
59317,2026-01-14,10:25:46,INFO,WebServer,Page view: /home by u4786,E103,Page view: {page} by {user}
59318,2026-01-14,10:43:25,INFO,WebServer,Health check passed: WebServer,E102,Health check passed: {service}
59319,2026-01-14,10:53:19,INFO,AuthService,Page view: /home by u1297,E103,Page view: {page} by {user}
59320,2026-01-14,10:54:27,INFO,WebServer,Page view: /home by u2176,E103,Page view: {page} by {user}
59321,2026-01-14,10:01:01,INFO,PaymentGateway,Transaction tx838622 completed in 167ms,E104,Transaction {tx} completed in {time}ms
59322,2026-01-14,10:31:58,INFO,PaymentGateway,Health check passed: PaymentGateway,E102,Health check passed: {service}
59323,2026-01-14,10:02:13,INFO,WebServer,Page view: /home by u1343,E103,Page view: {page} by {user}
59324,2026-01-14,10:23:37,INFO,WebServer,Page view: /home by u4763,E103,Page view: {page} by {user}
59325,2026-01-14,10:34:08,WARN,WebServer,Unauthorized access attempt from 10.0.0.45,E401,Unauthorized access attempt from {ip}
59326,2026-01-14,10:11:14,INFO,WebServer,Transaction tx274690 completed in 387ms,E104,Transaction {tx} completed in {time}ms
59327,2026-01-14,10:29:16,INFO,WebServer,Page view: /home by u3042,E103,Page view: {page} by {user}
59328,2026-01-14,10:05:06,INFO,WebServer,User u1188 login successful,E101,User {user} login successful
59329,2026-01-14,10:42:15,INFO,InventoryDB,Transaction tx644624 completed in 1165ms,E104,Transaction {tx} completed in {time}ms
59330,2026-01-14,10:29:06,INFO,OrderProcessor,Transaction tx777901 completed in 41ms,E104,Transaction {tx} completed in {time}ms
59331,2026-01-14,10:21:30,WARN,WebServer,Unauthorized access attempt from 10.0.0.45,E401,Unauthorized access attempt from {ip}
59332,2026-01-14,10:57:16,INFO,AuthService,Health check passed: AuthService,E102,Health check passed: {service}
59333,2026-01-14,10:07:37,INFO,AuthService,Health check passed: AuthService,E102,Health check passed: {service}
59334,2026-01-14,10:31:51,INFO,OrderProcessor,Health check passed: OrderProcessor,E102,Health check passed: {service}
59335,2026-01-14,10:37:17,INFO,OrderProcessor,Health check passed: OrderProcessor,E102,Health check passed: {service}
59336,2026-01-14,10:38:49,INFO,WebServer,Transaction tx283979 completed in 1492ms,E104,Transaction {tx} completed in {time}ms
59337,2026-01-14,10:30:11,INFO,AuthService,Page view: /home by u3251,E103,Page view: {page} by {user}
59338,2026-01-14,10:31:48,WARN,WebServer,Disk usage > 85% on node node-4,E202,Disk usage > 85% on node {node}
59339,2026-01-14,10:02:32,INFO,WebServer,Transaction tx824455 completed in 1483ms,E104,Transaction {tx} completed in {time}ms
59340,2026-01-14,10:03:31,INFO,WebServer,Page view: /home by u3856,E103,Page view: {page} by {user}
59341,2026-01-14,10:10:40,INFO,WebServer,User u2866 login successful,E101,User {user} login successful
59342,2026-01-14,10:09:42,INFO,WebServer,Page view: /home by u3520,E103,Page view: {page} by {user}
59343,2026-01-14,10:33:53,INFO,AuthService,Health check passed: AuthService,E102,Health check passed: {service}
59344,2026-01-14,10:08:27,INFO,AuthService,Transaction tx163724 completed in 412ms,E104,Transaction {tx} completed in {time}ms
59345,2026-01-14,10:13:59,INFO,WebServer,Health check passed: WebServer,E102,Health check passed: {service}
59346,2026-01-14,10:04:10,INFO,WebServer,User u4593 login successful,E101,User {user} login successful
59347,2026-01-14,10:16:42,INFO,PaymentGateway,Page view: /home by u2282,E103,Page view: {page} by {user}
59348,2026-01-14,10:01:22,INFO,WebServer,Page view: /home by u3852,E103,Page view: {page} by {user}
59349,2026-01-14,10:42:07,INFO,WebServer,Page view: /home by u2683,E103,Page view: {page} by {user}
59350,2026-01-14,10:47:36,INFO,WebServer,Page view: /home by u2659,E103,Page view: {page} by {user}
59351,2026-01-14,10:57:40,INFO,WebServer,Page view: /home by u2956,E103,Page view: {page} by {user}
59352,2026-01-14,10:04:11,INFO,AuthService,Transaction tx394934 completed in 1521ms,E104,Transaction {tx} completed in {time}ms
59353,2026-01-14,10:04:23,INFO,OrderProcessor,User u2186 login successful,E101,User {user} login successful
59354,2026-01-14,10:04:47,INFO,WebServer,Transaction tx880609 completed in 343ms,E104,Transaction {tx} completed in {time}ms
59355,2026-01-14,10:15:16,INFO,WebServer,Transaction tx705763 completed in 898ms,E104,Transaction {tx} completed in {time}ms
59356,2026-01-14,10:12:10,INFO,WebServer,Health check passed: WebServer,E102,Health check passed: {service}
59357,2026-01-14,10:42:24,INFO,AuthService,Page view: /home by u1522,E103,Page view: {page} by {user}
59358,2026-01-14,10:40:24,INFO,WebServer,Page view: /home by u3412,E103,Page view: {page} by {user}
59359,2026-01-14,10:52:48,INFO,WebServer,User u1862 login successful,E101,User {user} login successful
59360,2026-01-14,10:24:27,INFO,AuthService,Health check passed: AuthService,E102,Health check passed: {service}
59361,2026-01-14,10:40:34,INFO,AuthService,User u4298 login successful,E101,User {user} login successful
59362,2026-01-14,10:46:24,INFO,WebServer,Transaction tx332550 completed in 988ms,E104,Transaction {tx} completed in {time}ms
59363,2026-01-14,10:34:18,INFO,AuthService,Page view: /home by u4065,E103,Page view: {page} by {user}
59364,2026-01-14,10:29:16,INFO,WebServer,Page view: /home by u1388,E103,Page view: {page} by {user}
59365,2026-01-14,10:04:16,INFO,AuthService,User u2277 login successful,E101,User {user} login successful
59366,2026-01-14,10:22:38,INFO,OrderProcessor,Health check passed: OrderProcessor,E102,Health check passed: {service}
59367,2026-01-14,10:17:12,INFO,AuthService,User u4314 login successful,E101,User {user} login successful
59368,2026-01-14,10:27:29,INFO,WebServer,Health check passed: WebServer,E102,Health check passed: {service}
59369,2026-01-14,10:22:37,INFO,OrderProcessor,Health check passed: OrderProcessor,E102,Health check passed: {service}
59370,2026-01-14,10:32:52,INFO,WebServer,Page view: /home by u2541,E103,Page view: {page} by {user}
59371,2026-01-14,10:25:15,INFO,PaymentGateway,Health check passed: PaymentGateway,E102,Health check passed: {service}
59372,2026-01-14,10:02:43,INFO,WebServer,User u3718 login successful,E101,User {user} login successful
59373,2026-01-14,10:40:29,INFO,AuthService,User u4438 login successful,E101,User {user} login successful
59374,2026-01-14,10:07:18,INFO,PaymentGateway,User u3581 login successful,E101,User {user} login successful
59375,2026-01-14,10:49:33,INFO,AuthService,Transaction tx280955 completed in 1911ms,E104,Transaction {tx} completed in {time}ms
59376,2026-01-14,10:37:27,INFO,WebServer,User u1044 login successful,E101,User {user} login successful
59377,2026-01-14,10:45:21,INFO,OrderProcessor,Page view: /home by u2727,E103,Page view: {page} by {user}
59378,2026-01-14,10:11:47,INFO,AuthService,Page view: /home by u1192,E103,Page view: {page} by {user}
59379,2026-01-14,10:34:04,INFO,PaymentGateway,User u1870 login successful,E101,User {user} login successful
59380,2026-01-14,10:56:50,INFO,AuthService,User u2992 login successful,E101,User {user} login successful
59381,2026-01-14,10:07:33,INFO,PaymentGateway,User u4382 login successful,E101,User {user} login successful
59382,2026-01-14,10:31:49,INFO,OrderProcessor,Page view: /home by u4451,E103,Page view: {page} by {user}
59383,2026-01-14,10:26:33,INFO,WebServer,User u4060 login successful,E101,User {user} login successful
59384,2026-01-14,10:50:19,INFO,WebServer,User u2663 login successful,E101,User {user} login successful
59385,2026-01-14,10:52:59,INFO,AuthService,User u1973 login successful,E101,User {user} login successful
59386,2026-01-14,10:22:17,INFO,WebServer,User u4138 login successful,E101,User {user} login successful
59387,2026-01-14,10:17:15,INFO,WebServer,Page view: /home by u2870,E103,Page view: {page} by {user}
59388,2026-01-14,10:25:05,INFO,PaymentGateway,Health check passed: PaymentGateway,E102,Health check passed: {service}
59389,2026-01-14,10:33:09,INFO,WebServer,User u3594 login successful,E101,User {user} login successful
59390,2026-01-14,10:18:11,INFO,AuthService,Health check passed: AuthService,E102,Health check passed: {service}
59391,2026-01-14,10:24:03,INFO,WebServer,Transaction tx348850 completed in 164ms,E104,Transaction {tx} completed in {time}ms
59392,2026-01-14,10:45:03,INFO,AuthService,User u3635 login successful,E101,User {user} login successful
59393,2026-01-14,10:55:57,INFO,WebServer,Page view: /home by u2233,E103,Page view: {page} by {user}
59394,2026-01-14,10:44:04,INFO,WebServer,Health check passed: WebServer,E102,Health check passed: {service}
59395,2026-01-14,10:56:38,INFO,OrderProcessor,Transaction tx277840 completed in 1708ms,E104,Transaction {tx} completed in {time}ms
59396,2026-01-14,10:30:23,INFO,OrderProcessor,User u4196 login successful,E101,User {user} login successful
59397,2026-01-14,10:41:59,INFO,AuthService,Health check passed: AuthService,E102,Health check passed: {service}
59398,2026-01-14,10:23:02,INFO,WebServer,Health check passed: WebServer,E102,Health check passed: {service}
59399,2026-01-14,10:54:58,INFO,OrderProcessor,Health check passed: OrderProcessor,E102,Health check passed: {service}
59400,2026-01-14,10:49:39,INFO,WebServer,Page view: /home by u2976,E103,Page view: {page} by {user}
59401,2026-01-14,10:26:07,INFO,AuthService,Health check passed: AuthService,E102,Health check passed: {service}
59402,2026-01-14,10:44:08,INFO,WebServer,Health check passed: WebServer,E102,Health check passed: {service}
59403,2026-01-14,10:28:53,INFO,WebServer,User u2739 login successful,E101,User {user} login successful
59404,2026-01-14,10:55:35,INFO,OrderProcessor,Health check passed: OrderProcessor,E102,Health check passed: {service}
59405,2026-01-14,10:07:37,ERROR,WebServer,Timeout waiting for lock on InventoryDB,E502,Timeout waiting for lock on {db}
59406,2026-01-14,10:40:42,INFO,OrderProcessor,User u3482 login successful,E101,User {user} login successful
59407,2026-01-14,10:32:28,INFO,InventoryDB,Page view: /home by u3499,E103,Page view: {page} by {user}
59408,2026-01-14,10:31:52,ERROR,OrderProcessor,Payment declined: Gateway unavailable,E503,Payment declined: Gateway unavailable
59409,2026-01-14,10:09:36,INFO,WebServer,Page view: /home by u3105,E103,Page view: {page} by {user}
59410,2026-01-14,10:11:05,INFO,WebServer,Transaction tx609138 completed in 1298ms,E104,Transaction {tx} completed in {time}ms
59411,2026-01-14,10:29:45,INFO,WebServer,User u1117 login successful,E101,User {user} login successful
59412,2026-01-14,10:01:59,INFO,OrderProcessor,Transaction tx481550 completed in 1711ms,E104,Transaction {tx} completed in {time}ms
59413,2026-01-14,10:41:09,INFO,OrderProcessor,User u4984 login successful,E101,User {user} login successful
59414,2026-01-14,10:10:43,INFO,WebServer,Transaction tx630981 completed in 874ms,E104,Transaction {tx} completed in {time}ms
59415,2026-01-14,10:53:12,INFO,WebServer,User u4016 login successful,E101,User {user} login successful
59416,2026-01-14,10:24:47,INFO,InventoryDB,Page view: /home by u1927,E103,Page view: {page} by {user}
59417,2026-01-14,10:43:32,INFO,OrderProcessor,Page view: /home by u2594,E103,Page view: {page} by {user}
59418,2026-01-14,10:37:48,INFO,AuthService,Health check passed: AuthService,E102,Health check passed: {service}
59419,2026-01-14,10:51:28,INFO,AuthService,User u4063 login successful,E101,User {user} login successful
59420,2026-01-14,10:11:58,INFO,WebServer,Health check passed: WebServer,E102,Health check passed: {service}
59421,2026-01-14,10:24:18,INFO,WebServer,Health check passed: WebServer,E102,Health check passed: {service}
59422,2026-01-14,10:56:38,INFO,OrderProcessor,Transaction tx617113 completed in 1718ms,E104,Transaction {tx} completed in {time}ms
59423,2026-01-14,10:10:30,INFO,WebServer,User u2682 login successful,E101,User {user} login successful
59424,2026-01-14,10:56:23,INFO,WebServer,Transaction tx967673 completed in 358ms,E104,Transaction {tx} completed in {time}ms
59425,2026-01-14,10:23:46,INFO,WebServer,Health check passed: WebServer,E102,Health check passed: {service}
59426,2026-01-14,10:58:51,INFO,WebServer,Transaction tx373364 completed in 385ms,E104,Transaction {tx} completed in {time}ms
59427,2026-01-14,10:23:20,INFO,AuthService,Page view: /home by u2068,E103,Page view: {page} by {user}
59428,2026-01-14,10:34:30,INFO,WebServer,User u3303 login successful,E101,User {user} login successful
59429,2026-01-14,10:46:06,INFO,WebServer,Transaction tx534358 completed in 363ms,E104,Transaction {tx} completed in {time}ms
59430,2026-01-14,10:41:20,INFO,AuthService,Transaction tx937288 completed in 148ms,E104,Transaction {tx} completed in {time}ms
59431,2026-01-14,10:20:07,INFO,WebServer,Page view: /home by u2451,E103,Page view: {page} by {user}
59432,2026-01-14,10:01:36,INFO,WebServer,User u3218 login successful,E101,User {user} login successful
59433,2026-01-14,10:19:55,INFO,AuthService,Page view: /home by u3733,E103,Page view: {page} by {user}
59434,2026-01-14,10:00:02,INFO,InventoryDB,Transaction tx279388 completed in 1034ms,E104,Transaction {tx} completed in {time}ms
59435,2026-01-14,10:06:26,WARN,WebServer,High latency (1879ms) detected on WebServer,E201,High latency ({time}ms) detected on {service}
59436,2026-01-14,10:10:25,INFO,InventoryDB,User u1421 login successful,E101,User {user} login successful
59437,2026-01-14,10:44:06,INFO,WebServer,Health check passed: WebServer,E102,Health check passed: {service}
59438,2026-01-14,10:03:01,INFO,WebServer,Page view: /home by u2319,E103,Page view: {page} by {user}
59439,2026-01-14,10:10:32,INFO,OrderProcessor,Transaction tx289450 completed in 904ms,E104,Transaction {tx} completed in {time}ms
59440,2026-01-14,10:25:53,INFO,WebServer,Page view: /home by u4632,E103,Page view: {page} by {user}
59441,2026-01-14,10:01:21,INFO,WebServer,Page view: /home by u3894,E103,Page view: {page} by {user}
59442,2026-01-14,10:18:41,INFO,PaymentGateway,Page view: /home by u4678,E103,Page view: {page} by {user}
59443,2026-01-14,10:17:19,WARN,WebServer,Disk usage > 85% on node node-5,E202,Disk usage > 85% on node {node}
59444,2026-01-14,10:07:51,INFO,PaymentGateway,Page view: /home by u2431,E103,Page view: {page} by {user}
59445,2026-01-14,10:47:59,INFO,AuthService,Transaction tx236339 completed in 910ms,E104,Transaction {tx} completed in {time}ms
59446,2026-01-14,10:29:09,INFO,PaymentGateway,Transaction tx506106 completed in 1197ms,E104,Transaction {tx} completed in {time}ms
59447,2026-01-14,10:09:41,INFO,WebServer,User u4501 login successful,E101,User {user} login successful
59448,2026-01-14,10:27:57,INFO,PaymentGateway,Health check passed: PaymentGateway,E102,Health check passed: {service}
59449,2026-01-14,10:40:25,INFO,WebServer,Health check passed: WebServer,E102,Health check passed: {service}
59450,2026-01-14,10:01:05,INFO,WebServer,Transaction tx330030 completed in 115ms,E104,Transaction {tx} completed in {time}ms
59451,2026-01-14,10:38:56,INFO,AuthService,User u1213 login successful,E101,User {user} login successful
59452,2026-01-14,10:30:20,INFO,WebServer,Page view: /home by u3362,E103,Page view: {page} by {user}
59453,2026-01-14,10:01:16,INFO,InventoryDB,User u3163 login successful,E101,User {user} login successful
59454,2026-01-14,10:37:21,INFO,PaymentGateway,Transaction tx823819 completed in 926ms,E104,Transaction {tx} completed in {time}ms
59455,2026-01-14,10:10:13,INFO,WebServer,Health check passed: WebServer,E102,Health check passed: {service}
59456,2026-01-14,10:20:32,INFO,InventoryDB,Page view: /home by u3913,E103,Page view: {page} by {user}
59457,2026-01-14,10:08:01,INFO,WebServer,Page view: /home by u2283,E103,Page view: {page} by {user}
59458,2026-01-14,10:48:40,INFO,AuthService,Transaction tx604197 completed in 816ms,E104,Transaction {tx} completed in {time}ms
59459,2026-01-14,10:39:54,INFO,WebServer,Transaction tx693691 completed in 1465ms,E104,Transaction {tx} completed in {time}ms
59460,2026-01-14,10:04:45,INFO,PaymentGateway,User u3915 login successful,E101,User {user} login successful
59461,2026-01-14,10:32:47,INFO,WebServer,User u2613 login successful,E101,User {user} login successful
59462,2026-01-14,10:18:59,INFO,WebServer,Transaction tx465035 completed in 1754ms,E104,Transaction {tx} completed in {time}ms
59463,2026-01-14,10:25:24,INFO,OrderProcessor,Health check passed: OrderProcessor,E102,Health check passed: {service}
59464,2026-01-14,10:08:56,INFO,AuthService,Transaction tx249596 completed in 1302ms,E104,Transaction {tx} completed in {time}ms
59465,2026-01-14,10:28:08,INFO,AuthService,Page view: /home by u1813,E103,Page view: {page} by {user}
59466,2026-01-14,10:14:05,INFO,AuthService,Page view: /home by u1440,E103,Page view: {page} by {user}
59467,2026-01-14,10:07:47,INFO,WebServer,Transaction tx558442 completed in 1473ms,E104,Transaction {tx} completed in {time}ms
59468,2026-01-14,10:17:06,INFO,WebServer,User u1204 login successful,E101,User {user} login successful
59469,2026-01-14,10:46:06,INFO,AuthService,Health check passed: AuthService,E102,Health check passed: {service}
59470,2026-01-14,10:50:41,INFO,AuthService,Page view: /home by u1007,E103,Page view: {page} by {user}
59471,2026-01-14,10:02:11,WARN,OrderProcessor,Disk usage > 85% on node node-4,E202,Disk usage > 85% on node {node}
59472,2026-01-14,10:56:15,INFO,WebServer,Page view: /home by u2519,E103,Page view: {page} by {user}
59473,2026-01-14,10:34:03,INFO,AuthService,User u3924 login successful,E101,User {user} login successful
59474,2026-01-14,10:10:57,CRITICAL,WebServer,KERNEL PANIC: Node node-5 crashed,E601,KERNEL PANIC: Node {node} crashed
59475,2026-01-14,10:53:26,WARN,OrderProcessor,High latency (1391ms) detected on OrderProcessor,E201,High latency ({time}ms) detected on {service}
59476,2026-01-14,10:51:43,INFO,WebServer,Health check passed: WebServer,E102,Health check passed: {service}
59477,2026-01-14,10:12:40,INFO,WebServer,Health check passed: WebServer,E102,Health check passed: {service}
59478,2026-01-14,10:21:53,INFO,AuthService,User u2810 login successful,E101,User {user} login successful
59479,2026-01-14,10:53:42,INFO,AuthService,User u3670 login successful,E101,User {user} login successful
59480,2026-01-14,10:11:46,INFO,AuthService,Health check passed: AuthService,E102,Health check passed: {service}
59481,2026-01-14,10:58:07,INFO,WebServer,Page view: /home by u4513,E103,Page view: {page} by {user}
59482,2026-01-14,10:58:39,INFO,OrderProcessor,Health check passed: OrderProcessor,E102,Health check passed: {service}
59483,2026-01-14,10:57:59,INFO,InventoryDB,User u4605 login successful,E101,User {user} login successful
59484,2026-01-14,10:55:51,INFO,WebServer,Transaction tx855164 completed in 1173ms,E104,Transaction {tx} completed in {time}ms
59485,2026-01-14,10:57:33,INFO,WebServer,Page view: /home by u3215,E103,Page view: {page} by {user}
59486,2026-01-14,10:30:12,INFO,InventoryDB,Page view: /home by u3800,E103,Page view: {page} by {user}
59487,2026-01-14,10:30:32,INFO,PaymentGateway,Health check passed: PaymentGateway,E102,Health check passed: {service}
59488,2026-01-14,10:22:34,INFO,OrderProcessor,Transaction tx430848 completed in 1655ms,E104,Transaction {tx} completed in {time}ms
59489,2026-01-14,10:29:41,INFO,WebServer,Health check passed: WebServer,E102,Health check passed: {service}
59490,2026-01-14,10:17:42,INFO,AuthService,Page view: /home by u1919,E103,Page view: {page} by {user}
59491,2026-01-14,10:53:17,INFO,OrderProcessor,User u3858 login successful,E101,User {user} login successful
59492,2026-01-14,10:45:38,INFO,OrderProcessor,User u3592 login successful,E101,User {user} login successful
59493,2026-01-14,10:24:30,INFO,WebServer,Transaction tx685533 completed in 672ms,E104,Transaction {tx} completed in {time}ms
59494,2026-01-14,10:05:38,INFO,OrderProcessor,Transaction tx165005 completed in 1871ms,E104,Transaction {tx} completed in {time}ms
59495,2026-01-14,10:22:32,INFO,OrderProcessor,User u2491 login successful,E101,User {user} login successful
59496,2026-01-14,10:45:17,INFO,AuthService,Health check passed: AuthService,E102,Health check passed: {service}
59497,2026-01-14,10:37:38,INFO,AuthService,Health check passed: AuthService,E102,Health check passed: {service}
59498,2026-01-14,10:28:07,INFO,WebServer,Health check passed: WebServer,E102,Health check passed: {service}
59499,2026-01-14,10:16:14,INFO,WebServer,Page view: /home by u3842,E103,Page view: {page} by {user}
59500,2026-01-14,10:35:27,WARN,PaymentGateway,Disk usage > 85% on node node-3,E202,Disk usage > 85% on node {node}
59501,2026-01-14,10:23:36,INFO,OrderProcessor,Transaction tx423236 completed in 344ms,E104,Transaction {tx} completed in {time}ms
59502,2026-01-14,10:40:45,INFO,WebServer,Page view: /home by u2717,E103,Page view: {page} by {user}
59503,2026-01-14,10:00:37,INFO,AuthService,Health check passed: AuthService,E102,Health check passed: {service}
59504,2026-01-14,10:46:10,INFO,PaymentGateway,Transaction tx363247 completed in 140ms,E104,Transaction {tx} completed in {time}ms
59505,2026-01-14,10:09:04,INFO,PaymentGateway,User u2971 login successful,E101,User {user} login successful
59506,2026-01-14,10:05:35,INFO,WebServer,Transaction tx991775 completed in 346ms,E104,Transaction {tx} completed in {time}ms
59507,2026-01-14,10:14:37,INFO,WebServer,User u1039 login successful,E101,User {user} login successful
59508,2026-01-14,10:03:23,INFO,PaymentGateway,User u1916 login successful,E101,User {user} login successful
59509,2026-01-14,10:12:44,INFO,WebServer,User u4421 login successful,E101,User {user} login successful
59510,2026-01-14,10:35:26,INFO,OrderProcessor,Health check passed: OrderProcessor,E102,Health check passed: {service}
59511,2026-01-14,10:00:45,INFO,WebServer,Transaction tx627640 completed in 1627ms,E104,Transaction {tx} completed in {time}ms
59512,2026-01-14,10:56:11,INFO,WebServer,User u2139 login successful,E101,User {user} login successful
59513,2026-01-14,10:25:19,INFO,PaymentGateway,Health check passed: PaymentGateway,E102,Health check passed: {service}
59514,2026-01-14,10:47:33,INFO,WebServer,User u2840 login successful,E101,User {user} login successful
59515,2026-01-14,10:57:01,INFO,InventoryDB,Health check passed: InventoryDB,E102,Health check passed: {service}
59516,2026-01-14,10:37:25,INFO,AuthService,Transaction tx123226 completed in 1862ms,E104,Transaction {tx} completed in {time}ms
59517,2026-01-14,10:22:18,INFO,WebServer,Page view: /home by u2544,E103,Page view: {page} by {user}
59518,2026-01-14,10:01:30,INFO,AuthService,Page view: /home by u4500,E103,Page view: {page} by {user}
59519,2026-01-14,10:59:16,INFO,WebServer,Health check passed: WebServer,E102,Health check passed: {service}
59520,2026-01-14,10:27:55,INFO,WebServer,User u2800 login successful,E101,User {user} login successful
59521,2026-01-14,10:06:56,INFO,AuthService,Page view: /home by u3704,E103,Page view: {page} by {user}
59522,2026-01-14,10:13:07,INFO,WebServer,Transaction tx981365 completed in 323ms,E104,Transaction {tx} completed in {time}ms
59523,2026-01-14,10:06:37,INFO,WebServer,Page view: /home by u3284,E103,Page view: {page} by {user}
59524,2026-01-14,10:15:50,INFO,WebServer,Page view: /home by u2861,E103,Page view: {page} by {user}
59525,2026-01-14,10:38:51,INFO,PaymentGateway,Health check passed: PaymentGateway,E102,Health check passed: {service}
59526,2026-01-14,10:04:20,INFO,WebServer,Health check passed: WebServer,E102,Health check passed: {service}
59527,2026-01-14,10:42:10,INFO,PaymentGateway,Page view: /home by u1353,E103,Page view: {page} by {user}
59528,2026-01-14,10:24:38,INFO,WebServer,Health check passed: WebServer,E102,Health check passed: {service}
59529,2026-01-14,10:11:54,INFO,WebServer,User u3616 login successful,E101,User {user} login successful
59530,2026-01-14,10:40:30,INFO,WebServer,Transaction tx770112 completed in 230ms,E104,Transaction {tx} completed in {time}ms
59531,2026-01-14,10:52:16,INFO,PaymentGateway,Page view: /home by u1392,E103,Page view: {page} by {user}
59532,2026-01-14,10:31:27,WARN,WebServer,High latency (1744ms) detected on WebServer,E201,High latency ({time}ms) detected on {service}
59533,2026-01-14,10:43:47,INFO,InventoryDB,User u4162 login successful,E101,User {user} login successful
59534,2026-01-14,10:01:33,INFO,WebServer,Page view: /home by u2816,E103,Page view: {page} by {user}
59535,2026-01-14,10:15:46,INFO,OrderProcessor,Transaction tx646097 completed in 480ms,E104,Transaction {tx} completed in {time}ms
59536,2026-01-14,10:32:51,WARN,WebServer,High latency (1221ms) detected on WebServer,E201,High latency ({time}ms) detected on {service}
59537,2026-01-14,10:49:18,INFO,OrderProcessor,Transaction tx605931 completed in 528ms,E104,Transaction {tx} completed in {time}ms
59538,2026-01-14,10:32:12,INFO,OrderProcessor,Page view: /home by u2638,E103,Page view: {page} by {user}
59539,2026-01-14,10:18:57,INFO,AuthService,Transaction tx229384 completed in 1898ms,E104,Transaction {tx} completed in {time}ms
59540,2026-01-14,10:10:42,INFO,PaymentGateway,Health check passed: PaymentGateway,E102,Health check passed: {service}
59541,2026-01-14,10:17:44,INFO,WebServer,Page view: /home by u4685,E103,Page view: {page} by {user}
59542,2026-01-14,10:25:04,INFO,WebServer,Transaction tx933954 completed in 1164ms,E104,Transaction {tx} completed in {time}ms
59543,2026-01-14,10:45:50,INFO,WebServer,Page view: /home by u2825,E103,Page view: {page} by {user}
59544,2026-01-14,10:40:18,INFO,WebServer,Page view: /home by u4039,E103,Page view: {page} by {user}
59545,2026-01-14,10:50:26,INFO,WebServer,Health check passed: WebServer,E102,Health check passed: {service}
59546,2026-01-14,10:19:17,INFO,WebServer,Health check passed: WebServer,E102,Health check passed: {service}
59547,2026-01-14,10:22:33,INFO,WebServer,Page view: /home by u1507,E103,Page view: {page} by {user}
59548,2026-01-14,10:49:57,INFO,PaymentGateway,Transaction tx732587 completed in 1490ms,E104,Transaction {tx} completed in {time}ms
59549,2026-01-14,10:41:11,INFO,WebServer,User u3170 login successful,E101,User {user} login successful
59550,2026-01-14,10:22:54,INFO,WebServer,User u3551 login successful,E101,User {user} login successful
59551,2026-01-14,10:28:25,INFO,WebServer,User u3363 login successful,E101,User {user} login successful
59552,2026-01-14,10:01:59,INFO,WebServer,User u3299 login successful,E101,User {user} login successful
59553,2026-01-14,10:56:08,INFO,WebServer,Page view: /home by u1247,E103,Page view: {page} by {user}
59554,2026-01-14,10:04:21,INFO,AuthService,Page view: /home by u2091,E103,Page view: {page} by {user}
59555,2026-01-14,10:43:06,INFO,WebServer,User u1182 login successful,E101,User {user} login successful
59556,2026-01-14,10:48:53,INFO,InventoryDB,Transaction tx103382 completed in 1191ms,E104,Transaction {tx} completed in {time}ms
59557,2026-01-14,10:06:23,INFO,OrderProcessor,Transaction tx274671 completed in 1377ms,E104,Transaction {tx} completed in {time}ms
59558,2026-01-14,10:57:27,INFO,OrderProcessor,User u4367 login successful,E101,User {user} login successful
59559,2026-01-14,10:47:43,INFO,WebServer,Health check passed: WebServer,E102,Health check passed: {service}
59560,2026-01-14,10:51:12,INFO,WebServer,Health check passed: WebServer,E102,Health check passed: {service}
59561,2026-01-14,10:26:45,INFO,WebServer,Health check passed: WebServer,E102,Health check passed: {service}
59562,2026-01-14,10:44:46,INFO,AuthService,User u4905 login successful,E101,User {user} login successful
59563,2026-01-14,10:18:27,WARN,WebServer,Disk usage > 85% on node node-5,E202,Disk usage > 85% on node {node}
59564,2026-01-14,10:20:25,INFO,WebServer,Page view: /home by u4854,E103,Page view: {page} by {user}
59565,2026-01-14,10:32:46,INFO,WebServer,Page view: /home by u3999,E103,Page view: {page} by {user}
59566,2026-01-14,10:29:25,INFO,PaymentGateway,Page view: /home by u3571,E103,Page view: {page} by {user}
59567,2026-01-14,10:03:28,INFO,InventoryDB,Page view: /home by u2439,E103,Page view: {page} by {user}
59568,2026-01-14,10:01:35,INFO,WebServer,Page view: /home by u3195,E103,Page view: {page} by {user}
59569,2026-01-14,10:21:28,INFO,PaymentGateway,User u4707 login successful,E101,User {user} login successful
59570,2026-01-14,10:09:41,INFO,WebServer,Page view: /home by u1921,E103,Page view: {page} by {user}
59571,2026-01-14,10:40:00,INFO,PaymentGateway,User u2902 login successful,E101,User {user} login successful
59572,2026-01-14,10:34:46,INFO,WebServer,Page view: /home by u2169,E103,Page view: {page} by {user}
59573,2026-01-14,10:29:23,WARN,OrderProcessor,Disk usage > 85% on node node-4,E202,Disk usage > 85% on node {node}
59574,2026-01-14,10:26:02,INFO,WebServer,Health check passed: WebServer,E102,Health check passed: {service}
59575,2026-01-14,10:10:06,INFO,AuthService,User u3854 login successful,E101,User {user} login successful
59576,2026-01-14,10:32:06,ERROR,WebServer,Connection refused to WebServer at 10.0.0.12,E501,Connection refused to {service} at {ip}
59577,2026-01-14,10:59:19,INFO,WebServer,Transaction tx234683 completed in 1514ms,E104,Transaction {tx} completed in {time}ms
59578,2026-01-14,10:03:36,INFO,AuthService,Health check passed: AuthService,E102,Health check passed: {service}
59579,2026-01-14,10:52:54,INFO,InventoryDB,User u2544 login successful,E101,User {user} login successful
59580,2026-01-14,10:10:51,INFO,OrderProcessor,Page view: /home by u1503,E103,Page view: {page} by {user}
59581,2026-01-14,10:10:01,INFO,OrderProcessor,User u3120 login successful,E101,User {user} login successful
59582,2026-01-14,10:24:48,INFO,AuthService,Transaction tx450967 completed in 754ms,E104,Transaction {tx} completed in {time}ms
59583,2026-01-14,10:20:09,INFO,WebServer,Transaction tx923859 completed in 1322ms,E104,Transaction {tx} completed in {time}ms
59584,2026-01-14,10:20:11,INFO,AuthService,Health check passed: AuthService,E102,Health check passed: {service}
59585,2026-01-14,10:35:05,WARN,OrderProcessor,High latency (1502ms) detected on OrderProcessor,E201,High latency ({time}ms) detected on {service}
59586,2026-01-14,10:35:48,INFO,OrderProcessor,User u4348 login successful,E101,User {user} login successful
59587,2026-01-14,10:51:23,INFO,WebServer,Health check passed: WebServer,E102,Health check passed: {service}
59588,2026-01-14,10:44:20,CRITICAL,InventoryDB,KERNEL PANIC: Node node-3 crashed,E601,KERNEL PANIC: Node {node} crashed
59589,2026-01-14,10:13:29,INFO,WebServer,Health check passed: WebServer,E102,Health check passed: {service}
59590,2026-01-14,10:23:48,INFO,AuthService,Page view: /home by u2926,E103,Page view: {page} by {user}
59591,2026-01-14,10:52:12,INFO,PaymentGateway,User u1060 login successful,E101,User {user} login successful
59592,2026-01-14,10:23:15,INFO,WebServer,Page view: /home by u2978,E103,Page view: {page} by {user}
59593,2026-01-14,10:12:37,INFO,AuthService,Health check passed: AuthService,E102,Health check passed: {service}
59594,2026-01-14,10:27:29,INFO,WebServer,User u2093 login successful,E101,User {user} login successful
59595,2026-01-14,10:31:34,INFO,PaymentGateway,Health check passed: PaymentGateway,E102,Health check passed: {service}
59596,2026-01-14,10:48:06,INFO,WebServer,Page view: /home by u2774,E103,Page view: {page} by {user}
59597,2026-01-14,10:51:26,INFO,OrderProcessor,Health check passed: OrderProcessor,E102,Health check passed: {service}
59598,2026-01-14,10:54:46,INFO,InventoryDB,Page view: /home by u3151,E103,Page view: {page} by {user}
59599,2026-01-14,10:17:36,INFO,OrderProcessor,Health check passed: OrderProcessor,E102,Health check passed: {service}
59600,2026-01-14,10:47:15,INFO,WebServer,Transaction tx370310 completed in 509ms,E104,Transaction {tx} completed in {time}ms
59601,2026-01-14,10:44:20,INFO,WebServer,Page view: /home by u2875,E103,Page view: {page} by {user}
59602,2026-01-14,10:08:15,INFO,WebServer,Health check passed: WebServer,E102,Health check passed: {service}
59603,2026-01-14,10:09:25,INFO,AuthService,User u1232 login successful,E101,User {user} login successful
59604,2026-01-14,10:53:12,INFO,OrderProcessor,Health check passed: OrderProcessor,E102,Health check passed: {service}
59605,2026-01-14,10:39:44,INFO,OrderProcessor,Health check passed: OrderProcessor,E102,Health check passed: {service}
59606,2026-01-14,10:21:29,INFO,WebServer,Transaction tx491946 completed in 303ms,E104,Transaction {tx} completed in {time}ms
59607,2026-01-14,10:37:23,INFO,WebServer,Transaction tx301144 completed in 862ms,E104,Transaction {tx} completed in {time}ms
59608,2026-01-14,10:37:08,INFO,OrderProcessor,Transaction tx669980 completed in 1501ms,E104,Transaction {tx} completed in {time}ms
59609,2026-01-14,10:09:23,INFO,AuthService,User u3330 login successful,E101,User {user} login successful
59610,2026-01-14,10:39:28,INFO,WebServer,Transaction tx822822 completed in 753ms,E104,Transaction {tx} completed in {time}ms
59611,2026-01-14,10:12:37,INFO,OrderProcessor,User u2126 login successful,E101,User {user} login successful
59612,2026-01-14,10:39:29,INFO,PaymentGateway,User u4155 login successful,E101,User {user} login successful
59613,2026-01-14,10:13:44,INFO,WebServer,Health check passed: WebServer,E102,Health check passed: {service}
59614,2026-01-14,10:37:30,INFO,PaymentGateway,User u3556 login successful,E101,User {user} login successful
59615,2026-01-14,10:26:49,INFO,OrderProcessor,Health check passed: OrderProcessor,E102,Health check passed: {service}
59616,2026-01-14,10:22:51,INFO,WebServer,User u1369 login successful,E101,User {user} login successful
59617,2026-01-14,10:17:09,INFO,WebServer,Page view: /home by u3754,E103,Page view: {page} by {user}
59618,2026-01-14,10:36:38,INFO,PaymentGateway,Health check passed: PaymentGateway,E102,Health check passed: {service}
59619,2026-01-14,10:10:55,INFO,PaymentGateway,Health check passed: PaymentGateway,E102,Health check passed: {service}
59620,2026-01-14,10:06:52,INFO,AuthService,Health check passed: AuthService,E102,Health check passed: {service}
59621,2026-01-14,10:18:21,INFO,AuthService,User u4372 login successful,E101,User {user} login successful
59622,2026-01-14,10:17:53,INFO,AuthService,Transaction tx939868 completed in 1323ms,E104,Transaction {tx} completed in {time}ms
59623,2026-01-14,10:10:26,INFO,WebServer,User u3943 login successful,E101,User {user} login successful
59624,2026-01-14,10:01:38,INFO,OrderProcessor,Transaction tx371624 completed in 1756ms,E104,Transaction {tx} completed in {time}ms
59625,2026-01-14,10:16:00,INFO,PaymentGateway,Health check passed: PaymentGateway,E102,Health check passed: {service}
59626,2026-01-14,10:35:32,INFO,WebServer,Transaction tx180176 completed in 1995ms,E104,Transaction {tx} completed in {time}ms
59627,2026-01-14,10:01:14,INFO,PaymentGateway,Health check passed: PaymentGateway,E102,Health check passed: {service}
59628,2026-01-14,10:12:07,INFO,AuthService,Health check passed: AuthService,E102,Health check passed: {service}
59629,2026-01-14,10:40:46,INFO,WebServer,User u4869 login successful,E101,User {user} login successful
59630,2026-01-14,10:47:07,INFO,WebServer,Page view: /home by u3827,E103,Page view: {page} by {user}
59631,2026-01-14,10:48:19,INFO,AuthService,Transaction tx555491 completed in 634ms,E104,Transaction {tx} completed in {time}ms
59632,2026-01-14,10:09:08,INFO,AuthService,Transaction tx618876 completed in 25ms,E104,Transaction {tx} completed in {time}ms
59633,2026-01-14,10:44:23,INFO,OrderProcessor,Transaction tx525168 completed in 194ms,E104,Transaction {tx} completed in {time}ms
59634,2026-01-14,10:18:33,INFO,WebServer,Page view: /home by u1101,E103,Page view: {page} by {user}
59635,2026-01-14,10:59:45,INFO,WebServer,Page view: /home by u4723,E103,Page view: {page} by {user}
59636,2026-01-14,10:25:24,INFO,WebServer,Page view: /home by u4822,E103,Page view: {page} by {user}
59637,2026-01-14,10:14:07,INFO,OrderProcessor,Page view: /home by u1715,E103,Page view: {page} by {user}
59638,2026-01-14,10:20:57,INFO,InventoryDB,Transaction tx758191 completed in 1065ms,E104,Transaction {tx} completed in {time}ms
59639,2026-01-14,10:40:02,WARN,WebServer,Disk usage > 85% on node node-5,E202,Disk usage > 85% on node {node}
59640,2026-01-14,10:42:27,INFO,OrderProcessor,Health check passed: OrderProcessor,E102,Health check passed: {service}
59641,2026-01-14,10:03:58,INFO,WebServer,User u3520 login successful,E101,User {user} login successful
59642,2026-01-14,10:40:38,INFO,PaymentGateway,User u3603 login successful,E101,User {user} login successful
59643,2026-01-14,10:31:58,INFO,OrderProcessor,Page view: /home by u3777,E103,Page view: {page} by {user}
59644,2026-01-14,10:35:00,INFO,AuthService,User u4936 login successful,E101,User {user} login successful
59645,2026-01-14,10:03:30,ERROR,WebServer,Connection refused to WebServer at 10.0.0.88,E501,Connection refused to {service} at {ip}
59646,2026-01-14,10:10:37,INFO,WebServer,Transaction tx395833 completed in 732ms,E104,Transaction {tx} completed in {time}ms
59647,2026-01-14,10:23:04,INFO,AuthService,Page view: /home by u3294,E103,Page view: {page} by {user}
59648,2026-01-14,10:56:59,INFO,WebServer,User u1314 login successful,E101,User {user} login successful
59649,2026-01-14,10:46:36,INFO,PaymentGateway,Health check passed: PaymentGateway,E102,Health check passed: {service}
59650,2026-01-14,10:58:43,INFO,WebServer,Health check passed: WebServer,E102,Health check passed: {service}
59651,2026-01-14,10:19:59,INFO,OrderProcessor,Transaction tx556433 completed in 1076ms,E104,Transaction {tx} completed in {time}ms
59652,2026-01-14,10:39:25,INFO,WebServer,Page view: /home by u1622,E103,Page view: {page} by {user}
59653,2026-01-14,10:56:15,INFO,WebServer,Health check passed: WebServer,E102,Health check passed: {service}
59654,2026-01-14,10:02:48,ERROR,WebServer,Timeout waiting for lock on InventoryDB,E502,Timeout waiting for lock on {db}
59655,2026-01-14,10:05:14,INFO,WebServer,Health check passed: WebServer,E102,Health check passed: {service}
59656,2026-01-14,10:27:05,INFO,PaymentGateway,Page view: /home by u3820,E103,Page view: {page} by {user}
59657,2026-01-14,10:03:48,INFO,WebServer,Health check passed: WebServer,E102,Health check passed: {service}
59658,2026-01-14,10:59:50,INFO,PaymentGateway,Health check passed: PaymentGateway,E102,Health check passed: {service}
59659,2026-01-14,10:12:29,INFO,OrderProcessor,Health check passed: OrderProcessor,E102,Health check passed: {service}
59660,2026-01-14,10:42:34,WARN,WebServer,Unauthorized access attempt from 10.0.0.45,E401,Unauthorized access attempt from {ip}
59661,2026-01-14,10:01:53,INFO,PaymentGateway,User u1480 login successful,E101,User {user} login successful
59662,2026-01-14,10:36:49,INFO,PaymentGateway,Transaction tx803220 completed in 1161ms,E104,Transaction {tx} completed in {time}ms
59663,2026-01-14,10:31:38,INFO,OrderProcessor,Page view: /home by u1170,E103,Page view: {page} by {user}
59664,2026-01-14,10:50:41,INFO,WebServer,User u4375 login successful,E101,User {user} login successful
59665,2026-01-14,10:35:14,INFO,WebServer,Transaction tx570696 completed in 916ms,E104,Transaction {tx} completed in {time}ms
59666,2026-01-14,10:51:17,INFO,AuthService,User u2406 login successful,E101,User {user} login successful
59667,2026-01-14,10:32:47,INFO,WebServer,User u1226 login successful,E101,User {user} login successful
59668,2026-01-14,10:07:27,INFO,WebServer,Transaction tx256183 completed in 575ms,E104,Transaction {tx} completed in {time}ms
59669,2026-01-14,10:28:16,INFO,AuthService,Transaction tx584771 completed in 173ms,E104,Transaction {tx} completed in {time}ms
59670,2026-01-14,10:37:43,INFO,OrderProcessor,User u3001 login successful,E101,User {user} login successful
59671,2026-01-14,10:00:24,INFO,WebServer,Transaction tx634484 completed in 1549ms,E104,Transaction {tx} completed in {time}ms
59672,2026-01-14,10:46:27,INFO,WebServer,Health check passed: WebServer,E102,Health check passed: {service}
59673,2026-01-14,10:38:33,INFO,AuthService,Health check passed: AuthService,E102,Health check passed: {service}
59674,2026-01-14,10:22:24,INFO,OrderProcessor,User u4083 login successful,E101,User {user} login successful
59675,2026-01-14,10:03:50,INFO,WebServer,Transaction tx738616 completed in 585ms,E104,Transaction {tx} completed in {time}ms
59676,2026-01-14,10:05:30,INFO,AuthService,User u4342 login successful,E101,User {user} login successful
59677,2026-01-14,10:47:50,INFO,WebServer,Health check passed: WebServer,E102,Health check passed: {service}
59678,2026-01-14,10:52:57,INFO,InventoryDB,Transaction tx310076 completed in 1201ms,E104,Transaction {tx} completed in {time}ms
59679,2026-01-14,10:14:39,INFO,WebServer,Transaction tx763761 completed in 789ms,E104,Transaction {tx} completed in {time}ms
59680,2026-01-14,10:10:50,INFO,WebServer,Transaction tx662939 completed in 1703ms,E104,Transaction {tx} completed in {time}ms
59681,2026-01-14,10:27:26,WARN,AuthService,Disk usage > 85% on node node-1,E202,Disk usage > 85% on node {node}
59682,2026-01-14,10:04:36,INFO,WebServer,Transaction tx997081 completed in 1989ms,E104,Transaction {tx} completed in {time}ms
59683,2026-01-14,10:12:00,INFO,PaymentGateway,Page view: /home by u3264,E103,Page view: {page} by {user}
59684,2026-01-14,10:31:10,INFO,WebServer,Transaction tx996251 completed in 941ms,E104,Transaction {tx} completed in {time}ms
59685,2026-01-14,10:24:38,INFO,WebServer,Page view: /home by u2200,E103,Page view: {page} by {user}
59686,2026-01-14,10:09:17,INFO,WebServer,Transaction tx443101 completed in 1501ms,E104,Transaction {tx} completed in {time}ms
59687,2026-01-14,10:12:46,INFO,AuthService,User u2285 login successful,E101,User {user} login successful
59688,2026-01-14,10:01:31,INFO,OrderProcessor,User u1587 login successful,E101,User {user} login successful
59689,2026-01-14,10:28:39,INFO,WebServer,Transaction tx331108 completed in 661ms,E104,Transaction {tx} completed in {time}ms
59690,2026-01-14,10:35:58,WARN,AuthService,High latency (944ms) detected on AuthService,E201,High latency ({time}ms) detected on {service}
59691,2026-01-14,10:01:48,INFO,AuthService,User u3037 login successful,E101,User {user} login successful
59692,2026-01-14,10:19:52,INFO,WebServer,Page view: /home by u2887,E103,Page view: {page} by {user}
59693,2026-01-14,10:25:00,INFO,PaymentGateway,Page view: /home by u3843,E103,Page view: {page} by {user}
59694,2026-01-14,10:15:11,INFO,OrderProcessor,User u4482 login successful,E101,User {user} login successful
59695,2026-01-14,10:00:58,INFO,WebServer,Page view: /home by u2923,E103,Page view: {page} by {user}
59696,2026-01-14,10:12:16,WARN,WebServer,Disk usage > 85% on node node-3,E202,Disk usage > 85% on node {node}
59697,2026-01-14,10:16:34,INFO,WebServer,Transaction tx958668 completed in 391ms,E104,Transaction {tx} completed in {time}ms
59698,2026-01-14,10:53:15,INFO,WebServer,Transaction tx624276 completed in 1864ms,E104,Transaction {tx} completed in {time}ms
59699,2026-01-14,10:14:51,INFO,InventoryDB,Transaction tx263835 completed in 1205ms,E104,Transaction {tx} completed in {time}ms
59700,2026-01-14,10:51:16,INFO,WebServer,User u4023 login successful,E101,User {user} login successful
59701,2026-01-14,10:04:53,ERROR,WebServer,Payment declined: Gateway unavailable,E503,Payment declined: Gateway unavailable
59702,2026-01-14,10:42:38,INFO,AuthService,Page view: /home by u3912,E103,Page view: {page} by {user}
59703,2026-01-14,10:51:39,INFO,WebServer,User u3869 login successful,E101,User {user} login successful
59704,2026-01-14,10:32:01,INFO,WebServer,Health check passed: WebServer,E102,Health check passed: {service}
59705,2026-01-14,10:52:59,INFO,OrderProcessor,User u1473 login successful,E101,User {user} login successful
59706,2026-01-14,10:27:07,INFO,WebServer,User u4340 login successful,E101,User {user} login successful
59707,2026-01-14,10:38:06,INFO,AuthService,User u3689 login successful,E101,User {user} login successful
59708,2026-01-14,10:54:09,INFO,AuthService,User u4658 login successful,E101,User {user} login successful
59709,2026-01-14,10:26:18,INFO,InventoryDB,Page view: /home by u2218,E103,Page view: {page} by {user}
59710,2026-01-14,10:02:40,INFO,WebServer,Page view: /home by u4826,E103,Page view: {page} by {user}
59711,2026-01-14,10:50:18,WARN,WebServer,Unauthorized access attempt from 10.0.0.12,E401,Unauthorized access attempt from {ip}
59712,2026-01-14,10:21:08,INFO,WebServer,Health check passed: WebServer,E102,Health check passed: {service}
59713,2026-01-14,10:43:00,INFO,AuthService,Transaction tx268552 completed in 524ms,E104,Transaction {tx} completed in {time}ms
59714,2026-01-14,10:14:50,INFO,AuthService,Page view: /home by u4531,E103,Page view: {page} by {user}
59715,2026-01-14,10:16:45,INFO,WebServer,Transaction tx553082 completed in 1918ms,E104,Transaction {tx} completed in {time}ms
59716,2026-01-14,10:17:28,INFO,PaymentGateway,Transaction tx966581 completed in 1985ms,E104,Transaction {tx} completed in {time}ms
59717,2026-01-14,10:22:24,INFO,OrderProcessor,Health check passed: OrderProcessor,E102,Health check passed: {service}
59718,2026-01-14,10:45:34,INFO,WebServer,Transaction tx807203 completed in 674ms,E104,Transaction {tx} completed in {time}ms
59719,2026-01-14,10:47:25,INFO,PaymentGateway,Transaction tx763379 completed in 1903ms,E104,Transaction {tx} completed in {time}ms
59720,2026-01-14,10:00:07,INFO,AuthService,User u3677 login successful,E101,User {user} login successful
59721,2026-01-14,10:43:52,INFO,WebServer,Health check passed: WebServer,E102,Health check passed: {service}
59722,2026-01-14,10:41:08,INFO,InventoryDB,User u3232 login successful,E101,User {user} login successful
59723,2026-01-14,10:27:14,INFO,WebServer,Transaction tx657636 completed in 632ms,E104,Transaction {tx} completed in {time}ms
59724,2026-01-14,10:26:43,INFO,PaymentGateway,Transaction tx444557 completed in 1700ms,E104,Transaction {tx} completed in {time}ms
59725,2026-01-14,10:08:54,INFO,OrderProcessor,Page view: /home by u1842,E103,Page view: {page} by {user}
59726,2026-01-14,10:05:49,INFO,WebServer,Page view: /home by u2377,E103,Page view: {page} by {user}
59727,2026-01-14,10:35:50,INFO,WebServer,User u1288 login successful,E101,User {user} login successful
59728,2026-01-14,10:09:41,INFO,AuthService,Page view: /home by u2277,E103,Page view: {page} by {user}
59729,2026-01-14,10:07:15,INFO,WebServer,Health check passed: WebServer,E102,Health check passed: {service}
59730,2026-01-14,10:55:33,INFO,WebServer,Page view: /home by u2556,E103,Page view: {page} by {user}
59731,2026-01-14,10:52:04,INFO,PaymentGateway,Page view: /home by u3467,E103,Page view: {page} by {user}
59732,2026-01-14,10:47:03,WARN,AuthService,Unauthorized access attempt from 10.0.0.45,E401,Unauthorized access attempt from {ip}
59733,2026-01-14,10:56:58,INFO,PaymentGateway,Health check passed: PaymentGateway,E102,Health check passed: {service}
59734,2026-01-14,10:42:12,INFO,AuthService,Transaction tx416799 completed in 1104ms,E104,Transaction {tx} completed in {time}ms
59735,2026-01-14,10:00:34,INFO,OrderProcessor,Transaction tx174481 completed in 642ms,E104,Transaction {tx} completed in {time}ms
59736,2026-01-14,10:31:58,INFO,WebServer,Health check passed: WebServer,E102,Health check passed: {service}
59737,2026-01-14,10:25:09,INFO,WebServer,Page view: /home by u1700,E103,Page view: {page} by {user}
59738,2026-01-14,10:44:24,INFO,AuthService,Transaction tx821282 completed in 1955ms,E104,Transaction {tx} completed in {time}ms
59739,2026-01-14,10:27:33,INFO,PaymentGateway,Page view: /home by u1141,E103,Page view: {page} by {user}
59740,2026-01-14,10:10:35,INFO,OrderProcessor,Transaction tx287177 completed in 541ms,E104,Transaction {tx} completed in {time}ms
59741,2026-01-14,10:00:33,INFO,PaymentGateway,Transaction tx131929 completed in 143ms,E104,Transaction {tx} completed in {time}ms
59742,2026-01-14,10:30:29,WARN,WebServer,Disk usage > 85% on node node-1,E202,Disk usage > 85% on node {node}
59743,2026-01-14,10:45:47,INFO,AuthService,Page view: /home by u3392,E103,Page view: {page} by {user}
59744,2026-01-14,10:49:50,INFO,PaymentGateway,User u2332 login successful,E101,User {user} login successful
59745,2026-01-14,10:37:38,INFO,WebServer,Health check passed: WebServer,E102,Health check passed: {service}
59746,2026-01-14,10:32:33,ERROR,OrderProcessor,Timeout waiting for lock on InventoryDB,E502,Timeout waiting for lock on {db}
59747,2026-01-14,10:34:42,INFO,WebServer,Health check passed: WebServer,E102,Health check passed: {service}
59748,2026-01-14,10:09:59,INFO,WebServer,Page view: /home by u2213,E103,Page view: {page} by {user}
59749,2026-01-14,10:04:31,INFO,WebServer,Health check passed: WebServer,E102,Health check passed: {service}
59750,2026-01-14,10:05:16,INFO,WebServer,User u2255 login successful,E101,User {user} login successful
59751,2026-01-14,10:11:15,INFO,WebServer,User u4034 login successful,E101,User {user} login successful
59752,2026-01-14,10:21:38,INFO,AuthService,Health check passed: AuthService,E102,Health check passed: {service}
59753,2026-01-14,10:06:17,INFO,WebServer,Transaction tx645303 completed in 266ms,E104,Transaction {tx} completed in {time}ms
59754,2026-01-14,10:02:49,INFO,AuthService,User u4279 login successful,E101,User {user} login successful
59755,2026-01-14,10:53:04,INFO,AuthService,Health check passed: AuthService,E102,Health check passed: {service}
59756,2026-01-14,10:00:07,INFO,WebServer,Health check passed: WebServer,E102,Health check passed: {service}
59757,2026-01-14,10:39:37,INFO,WebServer,Page view: /home by u3162,E103,Page view: {page} by {user}
59758,2026-01-14,10:10:31,INFO,WebServer,User u1260 login successful,E101,User {user} login successful
59759,2026-01-14,10:46:06,INFO,PaymentGateway,Health check passed: PaymentGateway,E102,Health check passed: {service}
59760,2026-01-14,10:18:06,INFO,WebServer,User u2110 login successful,E101,User {user} login successful
59761,2026-01-14,10:30:08,INFO,WebServer,Page view: /home by u2831,E103,Page view: {page} by {user}
59762,2026-01-14,10:02:35,INFO,WebServer,Page view: /home by u4663,E103,Page view: {page} by {user}
59763,2026-01-14,10:49:41,INFO,WebServer,Health check passed: WebServer,E102,Health check passed: {service}
59764,2026-01-14,10:12:56,INFO,WebServer,User u2566 login successful,E101,User {user} login successful
59765,2026-01-14,10:30:21,INFO,AuthService,Transaction tx265566 completed in 1595ms,E104,Transaction {tx} completed in {time}ms
59766,2026-01-14,10:59:46,INFO,AuthService,Transaction tx665665 completed in 887ms,E104,Transaction {tx} completed in {time}ms
59767,2026-01-14,10:37:51,INFO,OrderProcessor,Page view: /home by u1511,E103,Page view: {page} by {user}
59768,2026-01-14,10:46:35,INFO,WebServer,Transaction tx863247 completed in 1517ms,E104,Transaction {tx} completed in {time}ms
59769,2026-01-14,10:36:35,INFO,WebServer,Page view: /home by u1087,E103,Page view: {page} by {user}
59770,2026-01-14,10:48:40,INFO,OrderProcessor,Page view: /home by u2463,E103,Page view: {page} by {user}
59771,2026-01-14,10:59:53,INFO,WebServer,Page view: /home by u4702,E103,Page view: {page} by {user}
59772,2026-01-14,10:02:49,INFO,OrderProcessor,Transaction tx518887 completed in 1145ms,E104,Transaction {tx} completed in {time}ms
59773,2026-01-14,10:57:56,INFO,PaymentGateway,Page view: /home by u2355,E103,Page view: {page} by {user}
59774,2026-01-14,10:00:11,INFO,WebServer,User u3752 login successful,E101,User {user} login successful
59775,2026-01-14,10:16:30,INFO,WebServer,Health check passed: WebServer,E102,Health check passed: {service}
59776,2026-01-14,10:52:23,INFO,WebServer,Transaction tx470260 completed in 1952ms,E104,Transaction {tx} completed in {time}ms
59777,2026-01-14,10:34:02,INFO,WebServer,Page view: /home by u1818,E103,Page view: {page} by {user}
59778,2026-01-14,10:09:21,INFO,WebServer,Health check passed: WebServer,E102,Health check passed: {service}
59779,2026-01-14,10:29:48,INFO,OrderProcessor,Transaction tx121462 completed in 1234ms,E104,Transaction {tx} completed in {time}ms
59780,2026-01-14,10:45:10,INFO,WebServer,Transaction tx912158 completed in 1049ms,E104,Transaction {tx} completed in {time}ms
59781,2026-01-14,10:37:29,INFO,AuthService,User u1488 login successful,E101,User {user} login successful
59782,2026-01-14,10:15:47,INFO,WebServer,User u1572 login successful,E101,User {user} login successful
59783,2026-01-14,10:11:26,INFO,OrderProcessor,Page view: /home by u4842,E103,Page view: {page} by {user}
59784,2026-01-14,10:53:45,INFO,PaymentGateway,Health check passed: PaymentGateway,E102,Health check passed: {service}
59785,2026-01-14,10:38:48,INFO,WebServer,Transaction tx881689 completed in 997ms,E104,Transaction {tx} completed in {time}ms
59786,2026-01-14,10:18:04,INFO,OrderProcessor,Health check passed: OrderProcessor,E102,Health check passed: {service}
59787,2026-01-14,10:08:17,INFO,OrderProcessor,Page view: /home by u4632,E103,Page view: {page} by {user}
59788,2026-01-14,10:15:02,INFO,AuthService,Health check passed: AuthService,E102,Health check passed: {service}
59789,2026-01-14,10:10:20,INFO,WebServer,User u3317 login successful,E101,User {user} login successful
59790,2026-01-14,10:48:34,INFO,AuthService,Health check passed: AuthService,E102,Health check passed: {service}
59791,2026-01-14,10:45:04,INFO,AuthService,User u3681 login successful,E101,User {user} login successful
59792,2026-01-14,10:03:57,INFO,WebServer,User u1681 login successful,E101,User {user} login successful
59793,2026-01-14,10:01:44,INFO,WebServer,Page view: /home by u1247,E103,Page view: {page} by {user}
59794,2026-01-14,10:53:34,INFO,WebServer,Health check passed: WebServer,E102,Health check passed: {service}
59795,2026-01-14,10:17:33,INFO,InventoryDB,Health check passed: InventoryDB,E102,Health check passed: {service}
59796,2026-01-14,10:57:42,INFO,WebServer,User u4426 login successful,E101,User {user} login successful
59797,2026-01-14,10:09:06,INFO,WebServer,User u3697 login successful,E101,User {user} login successful
59798,2026-01-14,10:54:20,INFO,WebServer,Health check passed: WebServer,E102,Health check passed: {service}
59799,2026-01-14,10:31:47,INFO,WebServer,Health check passed: WebServer,E102,Health check passed: {service}
59800,2026-01-14,10:00:31,INFO,WebServer,User u3713 login successful,E101,User {user} login successful
59801,2026-01-14,10:29:40,INFO,WebServer,Health check passed: WebServer,E102,Health check passed: {service}
59802,2026-01-14,10:44:06,INFO,AuthService,User u2765 login successful,E101,User {user} login successful
59803,2026-01-14,10:58:48,INFO,OrderProcessor,Page view: /home by u3031,E103,Page view: {page} by {user}
59804,2026-01-14,10:29:49,INFO,OrderProcessor,Transaction tx219348 completed in 281ms,E104,Transaction {tx} completed in {time}ms
59805,2026-01-14,10:11:19,INFO,PaymentGateway,User u1375 login successful,E101,User {user} login successful
59806,2026-01-14,10:54:48,INFO,WebServer,Page view: /home by u4911,E103,Page view: {page} by {user}
59807,2026-01-14,10:48:03,INFO,AuthService,Page view: /home by u1924,E103,Page view: {page} by {user}
59808,2026-01-14,10:40:41,INFO,OrderProcessor,Transaction tx377964 completed in 1751ms,E104,Transaction {tx} completed in {time}ms
59809,2026-01-14,10:26:51,INFO,WebServer,Page view: /home by u2450,E103,Page view: {page} by {user}
59810,2026-01-14,10:00:32,INFO,OrderProcessor,Page view: /home by u2316,E103,Page view: {page} by {user}
59811,2026-01-14,10:12:05,INFO,PaymentGateway,User u3785 login successful,E101,User {user} login successful
59812,2026-01-14,10:09:28,INFO,OrderProcessor,User u4181 login successful,E101,User {user} login successful
59813,2026-01-14,10:20:36,INFO,AuthService,User u3548 login successful,E101,User {user} login successful
59814,2026-01-14,10:13:02,INFO,AuthService,Page view: /home by u4576,E103,Page view: {page} by {user}
59815,2026-01-14,10:21:46,INFO,WebServer,User u3028 login successful,E101,User {user} login successful
59816,2026-01-14,10:16:49,INFO,WebServer,User u1389 login successful,E101,User {user} login successful
59817,2026-01-14,10:43:26,INFO,PaymentGateway,Transaction tx135131 completed in 1086ms,E104,Transaction {tx} completed in {time}ms
59818,2026-01-14,10:10:19,INFO,OrderProcessor,User u2396 login successful,E101,User {user} login successful
59819,2026-01-14,10:14:30,INFO,WebServer,Page view: /home by u3855,E103,Page view: {page} by {user}
59820,2026-01-14,10:54:31,INFO,WebServer,Health check passed: WebServer,E102,Health check passed: {service}
59821,2026-01-14,10:11:21,INFO,AuthService,Page view: /home by u3243,E103,Page view: {page} by {user}
59822,2026-01-14,10:22:25,INFO,OrderProcessor,Page view: /home by u4233,E103,Page view: {page} by {user}
59823,2026-01-14,10:48:56,INFO,WebServer,Health check passed: WebServer,E102,Health check passed: {service}
59824,2026-01-14,10:52:20,INFO,WebServer,Health check passed: WebServer,E102,Health check passed: {service}
59825,2026-01-14,10:48:59,INFO,OrderProcessor,User u1209 login successful,E101,User {user} login successful
59826,2026-01-14,10:34:59,INFO,WebServer,User u3377 login successful,E101,User {user} login successful
59827,2026-01-14,10:39:52,INFO,WebServer,Transaction tx433026 completed in 1811ms,E104,Transaction {tx} completed in {time}ms
59828,2026-01-14,10:09:32,INFO,OrderProcessor,Health check passed: OrderProcessor,E102,Health check passed: {service}
59829,2026-01-14,10:15:43,INFO,InventoryDB,User u4438 login successful,E101,User {user} login successful
59830,2026-01-14,10:22:47,INFO,WebServer,Health check passed: WebServer,E102,Health check passed: {service}
59831,2026-01-14,10:11:50,WARN,WebServer,Disk usage > 85% on node node-3,E202,Disk usage > 85% on node {node}
59832,2026-01-14,10:04:53,INFO,AuthService,Health check passed: AuthService,E102,Health check passed: {service}
59833,2026-01-14,10:02:10,WARN,OrderProcessor,Disk usage > 85% on node node-3,E202,Disk usage > 85% on node {node}
59834,2026-01-14,10:37:37,INFO,WebServer,Health check passed: WebServer,E102,Health check passed: {service}
59835,2026-01-14,10:29:29,INFO,WebServer,Page view: /home by u2695,E103,Page view: {page} by {user}
59836,2026-01-14,10:35:47,INFO,AuthService,Health check passed: AuthService,E102,Health check passed: {service}
59837,2026-01-14,10:24:35,INFO,OrderProcessor,Transaction tx915357 completed in 1037ms,E104,Transaction {tx} completed in {time}ms
59838,2026-01-14,10:28:11,WARN,WebServer,Unauthorized access attempt from 10.0.0.12,E401,Unauthorized access attempt from {ip}
59839,2026-01-14,10:05:04,INFO,PaymentGateway,User u3391 login successful,E101,User {user} login successful
59840,2026-01-14,10:11:06,INFO,OrderProcessor,Page view: /home by u1160,E103,Page view: {page} by {user}
59841,2026-01-14,10:45:24,INFO,OrderProcessor,Transaction tx566002 completed in 1034ms,E104,Transaction {tx} completed in {time}ms
59842,2026-01-14,10:58:50,INFO,WebServer,Page view: /home by u1918,E103,Page view: {page} by {user}
59843,2026-01-14,11:36:37,WARN,AuthService,High latency (1192ms) detected on AuthService,E201,High latency ({time}ms) detected on {service}
59844,2026-01-14,11:08:53,INFO,WebServer,Health check passed: WebServer,E102,Health check passed: {service}
59845,2026-01-14,11:08:21,INFO,WebServer,Page view: /home by u2614,E103,Page view: {page} by {user}
59846,2026-01-14,11:30:41,INFO,WebServer,Transaction tx759704 completed in 1019ms,E104,Transaction {tx} completed in {time}ms
59847,2026-01-14,11:29:53,ERROR,WebServer,Payment declined: Gateway unavailable,E503,Payment declined: Gateway unavailable
59848,2026-01-14,11:41:15,INFO,OrderProcessor,User u1227 login successful,E101,User {user} login successful
59849,2026-01-14,11:48:45,INFO,InventoryDB,Page view: /home by u3316,E103,Page view: {page} by {user}
59850,2026-01-14,11:16:38,INFO,AuthService,User u3031 login successful,E101,User {user} login successful
59851,2026-01-14,11:14:38,INFO,AuthService,User u1436 login successful,E101,User {user} login successful
59852,2026-01-14,11:03:27,INFO,WebServer,Transaction tx939494 completed in 1756ms,E104,Transaction {tx} completed in {time}ms
59853,2026-01-14,11:14:40,INFO,WebServer,Transaction tx627689 completed in 1322ms,E104,Transaction {tx} completed in {time}ms
59854,2026-01-14,11:10:03,INFO,WebServer,User u4226 login successful,E101,User {user} login successful
59855,2026-01-14,11:34:52,WARN,OrderProcessor,Unauthorized access attempt from 10.0.0.12,E401,Unauthorized access attempt from {ip}
59856,2026-01-14,11:08:39,INFO,AuthService,Transaction tx528718 completed in 1582ms,E104,Transaction {tx} completed in {time}ms
59857,2026-01-14,11:41:35,INFO,WebServer,Health check passed: WebServer,E102,Health check passed: {service}
59858,2026-01-14,11:21:26,WARN,PaymentGateway,High latency (875ms) detected on PaymentGateway,E201,High latency ({time}ms) detected on {service}
59859,2026-01-14,11:20:48,INFO,WebServer,Health check passed: WebServer,E102,Health check passed: {service}
59860,2026-01-14,11:36:46,INFO,OrderProcessor,Health check passed: OrderProcessor,E102,Health check passed: {service}
59861,2026-01-14,11:05:40,INFO,WebServer,Page view: /home by u4864,E103,Page view: {page} by {user}
59862,2026-01-14,11:31:56,INFO,WebServer,Page view: /home by u4460,E103,Page view: {page} by {user}
59863,2026-01-14,11:23:51,INFO,WebServer,Transaction tx386101 completed in 634ms,E104,Transaction {tx} completed in {time}ms
59864,2026-01-14,11:35:15,INFO,WebServer,Transaction tx851436 completed in 1308ms,E104,Transaction {tx} completed in {time}ms
59865,2026-01-14,11:14:03,INFO,WebServer,User u1488 login successful,E101,User {user} login successful
59866,2026-01-14,11:59:48,INFO,OrderProcessor,User u3708 login successful,E101,User {user} login successful
59867,2026-01-14,11:52:05,INFO,WebServer,Health check passed: WebServer,E102,Health check passed: {service}
59868,2026-01-14,11:15:21,INFO,WebServer,User u2060 login successful,E101,User {user} login successful
59869,2026-01-14,11:35:54,INFO,WebServer,Page view: /home by u3081,E103,Page view: {page} by {user}
59870,2026-01-14,11:18:16,INFO,PaymentGateway,User u2672 login successful,E101,User {user} login successful
59871,2026-01-14,11:22:42,INFO,WebServer,Transaction tx586814 completed in 1855ms,E104,Transaction {tx} completed in {time}ms
59872,2026-01-14,11:10:49,WARN,WebServer,Unauthorized access attempt from 10.0.0.45,E401,Unauthorized access attempt from {ip}
59873,2026-01-14,11:12:29,INFO,OrderProcessor,Page view: /home by u4730,E103,Page view: {page} by {user}
59874,2026-01-14,11:24:59,INFO,AuthService,User u4683 login successful,E101,User {user} login successful
59875,2026-01-14,11:50:18,INFO,OrderProcessor,Transaction tx255044 completed in 1618ms,E104,Transaction {tx} completed in {time}ms
59876,2026-01-14,11:05:27,WARN,WebServer,High latency (1766ms) detected on WebServer,E201,High latency ({time}ms) detected on {service}
59877,2026-01-14,11:29:04,INFO,WebServer,Page view: /home by u2675,E103,Page view: {page} by {user}
59878,2026-01-14,11:26:23,INFO,PaymentGateway,User u4980 login successful,E101,User {user} login successful
59879,2026-01-14,11:11:12,INFO,WebServer,User u1107 login successful,E101,User {user} login successful
59880,2026-01-14,11:33:49,INFO,WebServer,Page view: /home by u3315,E103,Page view: {page} by {user}
59881,2026-01-14,11:04:15,INFO,OrderProcessor,Health check passed: OrderProcessor,E102,Health check passed: {service}
59882,2026-01-14,11:45:58,INFO,WebServer,User u3406 login successful,E101,User {user} login successful
59883,2026-01-14,11:54:40,INFO,OrderProcessor,Health check passed: OrderProcessor,E102,Health check passed: {service}
59884,2026-01-14,11:59:02,WARN,AuthService,Unauthorized access attempt from 10.0.0.45,E401,Unauthorized access attempt from {ip}
59885,2026-01-14,11:51:09,INFO,OrderProcessor,Health check passed: OrderProcessor,E102,Health check passed: {service}
59886,2026-01-14,11:27:29,INFO,WebServer,Page view: /home by u3414,E103,Page view: {page} by {user}
59887,2026-01-14,11:52:58,INFO,WebServer,Transaction tx101713 completed in 243ms,E104,Transaction {tx} completed in {time}ms
59888,2026-01-14,11:49:44,INFO,WebServer,Health check passed: WebServer,E102,Health check passed: {service}
59889,2026-01-14,11:25:22,INFO,WebServer,Transaction tx341243 completed in 739ms,E104,Transaction {tx} completed in {time}ms
59890,2026-01-14,11:15:05,INFO,WebServer,User u2579 login successful,E101,User {user} login successful
59891,2026-01-14,11:21:24,INFO,AuthService,Transaction tx332196 completed in 87ms,E104,Transaction {tx} completed in {time}ms
59892,2026-01-14,11:52:56,INFO,PaymentGateway,User u4700 login successful,E101,User {user} login successful
59893,2026-01-14,11:18:15,INFO,PaymentGateway,Page view: /home by u1267,E103,Page view: {page} by {user}
59894,2026-01-14,11:59:21,INFO,WebServer,Transaction tx514003 completed in 1854ms,E104,Transaction {tx} completed in {time}ms
59895,2026-01-14,11:34:34,INFO,WebServer,User u2246 login successful,E101,User {user} login successful
59896,2026-01-14,11:19:08,INFO,WebServer,Health check passed: WebServer,E102,Health check passed: {service}
59897,2026-01-14,11:44:17,INFO,WebServer,Health check passed: WebServer,E102,Health check passed: {service}
59898,2026-01-14,11:10:33,INFO,PaymentGateway,Transaction tx709357 completed in 956ms,E104,Transaction {tx} completed in {time}ms
59899,2026-01-14,11:01:29,INFO,PaymentGateway,Transaction tx391053 completed in 581ms,E104,Transaction {tx} completed in {time}ms
59900,2026-01-14,11:33:26,INFO,PaymentGateway,Health check passed: PaymentGateway,E102,Health check passed: {service}
59901,2026-01-14,11:29:48,WARN,WebServer,Unauthorized access attempt from 10.0.0.45,E401,Unauthorized access attempt from {ip}
59902,2026-01-14,11:39:20,INFO,WebServer,Page view: /home by u1759,E103,Page view: {page} by {user}
59903,2026-01-14,11:27:35,WARN,WebServer,Disk usage > 85% on node node-4,E202,Disk usage > 85% on node {node}
59904,2026-01-14,11:45:52,INFO,WebServer,Health check passed: WebServer,E102,Health check passed: {service}
59905,2026-01-14,11:34:30,INFO,OrderProcessor,Transaction tx822836 completed in 1012ms,E104,Transaction {tx} completed in {time}ms
59906,2026-01-14,11:54:56,INFO,WebServer,Page view: /home by u2909,E103,Page view: {page} by {user}
59907,2026-01-14,11:48:48,INFO,AuthService,Page view: /home by u4261,E103,Page view: {page} by {user}
59908,2026-01-14,11:33:00,INFO,WebServer,User u2317 login successful,E101,User {user} login successful
59909,2026-01-14,11:11:41,INFO,OrderProcessor,User u3189 login successful,E101,User {user} login successful
59910,2026-01-14,11:06:21,INFO,WebServer,Transaction tx613389 completed in 1056ms,E104,Transaction {tx} completed in {time}ms
59911,2026-01-14,11:54:32,INFO,WebServer,Health check passed: WebServer,E102,Health check passed: {service}
59912,2026-01-14,11:21:06,INFO,WebServer,Health check passed: WebServer,E102,Health check passed: {service}
59913,2026-01-14,11:30:33,INFO,WebServer,Page view: /home by u4164,E103,Page view: {page} by {user}
59914,2026-01-14,11:13:32,INFO,OrderProcessor,Transaction tx789106 completed in 204ms,E104,Transaction {tx} completed in {time}ms
59915,2026-01-14,11:59:04,INFO,WebServer,User u2711 login successful,E101,User {user} login successful
59916,2026-01-14,11:11:26,INFO,AuthService,Health check passed: AuthService,E102,Health check passed: {service}
59917,2026-01-14,11:42:41,INFO,AuthService,Health check passed: AuthService,E102,Health check passed: {service}
59918,2026-01-14,11:14:11,INFO,PaymentGateway,Page view: /home by u1882,E103,Page view: {page} by {user}
59919,2026-01-14,11:09:27,INFO,WebServer,User u4090 login successful,E101,User {user} login successful
59920,2026-01-14,11:28:58,INFO,PaymentGateway,Transaction tx490066 completed in 468ms,E104,Transaction {tx} completed in {time}ms
59921,2026-01-14,11:21:21,INFO,WebServer,User u3325 login successful,E101,User {user} login successful
59922,2026-01-14,11:49:49,INFO,WebServer,Page view: /home by u2769,E103,Page view: {page} by {user}
59923,2026-01-14,11:48:16,INFO,AuthService,Transaction tx197298 completed in 910ms,E104,Transaction {tx} completed in {time}ms
59924,2026-01-14,11:27:01,INFO,WebServer,Page view: /home by u1015,E103,Page view: {page} by {user}
59925,2026-01-14,11:45:41,INFO,OrderProcessor,Page view: /home by u2759,E103,Page view: {page} by {user}
59926,2026-01-14,11:10:55,INFO,OrderProcessor,Page view: /home by u1531,E103,Page view: {page} by {user}
59927,2026-01-14,11:11:44,INFO,OrderProcessor,Health check passed: OrderProcessor,E102,Health check passed: {service}
59928,2026-01-14,11:25:07,INFO,OrderProcessor,Health check passed: OrderProcessor,E102,Health check passed: {service}
59929,2026-01-14,11:28:24,INFO,AuthService,Page view: /home by u2613,E103,Page view: {page} by {user}
59930,2026-01-14,11:13:13,INFO,AuthService,Page view: /home by u3992,E103,Page view: {page} by {user}
59931,2026-01-14,11:23:07,INFO,InventoryDB,Page view: /home by u1768,E103,Page view: {page} by {user}
59932,2026-01-14,11:06:35,INFO,InventoryDB,Page view: /home by u2011,E103,Page view: {page} by {user}
59933,2026-01-14,11:08:42,INFO,OrderProcessor,Page view: /home by u3075,E103,Page view: {page} by {user}
59934,2026-01-14,11:12:24,INFO,WebServer,Health check passed: WebServer,E102,Health check passed: {service}
59935,2026-01-14,11:03:44,INFO,PaymentGateway,Health check passed: PaymentGateway,E102,Health check passed: {service}
59936,2026-01-14,11:28:07,INFO,WebServer,Page view: /home by u4432,E103,Page view: {page} by {user}
59937,2026-01-14,11:52:06,INFO,OrderProcessor,User u3038 login successful,E101,User {user} login successful
59938,2026-01-14,11:02:31,INFO,InventoryDB,Transaction tx124373 completed in 1099ms,E104,Transaction {tx} completed in {time}ms
59939,2026-01-14,11:03:14,INFO,AuthService,Page view: /home by u3700,E103,Page view: {page} by {user}
59940,2026-01-14,11:40:53,WARN,OrderProcessor,High latency (1235ms) detected on OrderProcessor,E201,High latency ({time}ms) detected on {service}
59941,2026-01-14,11:42:37,INFO,AuthService,Health check passed: AuthService,E102,Health check passed: {service}
59942,2026-01-14,11:38:25,INFO,WebServer,User u3563 login successful,E101,User {user} login successful
59943,2026-01-14,11:51:44,INFO,AuthService,Transaction tx698651 completed in 1914ms,E104,Transaction {tx} completed in {time}ms
59944,2026-01-14,11:58:12,INFO,OrderProcessor,Health check passed: OrderProcessor,E102,Health check passed: {service}
59945,2026-01-14,11:17:05,INFO,PaymentGateway,Health check passed: PaymentGateway,E102,Health check passed: {service}
59946,2026-01-14,11:36:17,INFO,AuthService,Page view: /home by u4608,E103,Page view: {page} by {user}
59947,2026-01-14,11:10:24,INFO,InventoryDB,Transaction tx166426 completed in 66ms,E104,Transaction {tx} completed in {time}ms
59948,2026-01-14,11:33:26,INFO,AuthService,User u3857 login successful,E101,User {user} login successful
59949,2026-01-14,11:38:12,INFO,PaymentGateway,Health check passed: PaymentGateway,E102,Health check passed: {service}
59950,2026-01-14,11:49:30,INFO,WebServer,Health check passed: WebServer,E102,Health check passed: {service}
59951,2026-01-14,11:31:18,INFO,AuthService,Page view: /home by u3318,E103,Page view: {page} by {user}
59952,2026-01-14,11:18:53,INFO,AuthService,Transaction tx705738 completed in 472ms,E104,Transaction {tx} completed in {time}ms
59953,2026-01-14,11:39:12,INFO,AuthService,Health check passed: AuthService,E102,Health check passed: {service}
59954,2026-01-14,11:25:36,INFO,WebServer,User u3526 login successful,E101,User {user} login successful
59955,2026-01-14,11:56:43,INFO,WebServer,Page view: /home by u1533,E103,Page view: {page} by {user}
59956,2026-01-14,11:04:39,INFO,WebServer,User u2605 login successful,E101,User {user} login successful
59957,2026-01-14,11:57:55,INFO,WebServer,Health check passed: WebServer,E102,Health check passed: {service}
59958,2026-01-14,11:40:11,INFO,WebServer,Page view: /home by u4721,E103,Page view: {page} by {user}
59959,2026-01-14,11:12:47,INFO,AuthService,Transaction tx172073 completed in 121ms,E104,Transaction {tx} completed in {time}ms
59960,2026-01-14,11:53:10,INFO,AuthService,Page view: /home by u3378,E103,Page view: {page} by {user}
59961,2026-01-14,11:10:49,INFO,WebServer,Page view: /home by u3785,E103,Page view: {page} by {user}
59962,2026-01-14,11:33:47,INFO,WebServer,Page view: /home by u1488,E103,Page view: {page} by {user}
59963,2026-01-14,11:34:51,INFO,WebServer,User u3719 login successful,E101,User {user} login successful
59964,2026-01-14,11:19:00,INFO,OrderProcessor,Health check passed: OrderProcessor,E102,Health check passed: {service}
59965,2026-01-14,11:22:13,INFO,InventoryDB,User u2106 login successful,E101,User {user} login successful
59966,2026-01-14,11:28:12,INFO,OrderProcessor,Transaction tx925088 completed in 1368ms,E104,Transaction {tx} completed in {time}ms
59967,2026-01-14,11:31:20,INFO,WebServer,User u3533 login successful,E101,User {user} login successful
59968,2026-01-14,11:11:35,INFO,OrderProcessor,Transaction tx834625 completed in 640ms,E104,Transaction {tx} completed in {time}ms
59969,2026-01-14,11:04:39,INFO,InventoryDB,User u4737 login successful,E101,User {user} login successful
59970,2026-01-14,11:55:38,INFO,WebServer,User u3880 login successful,E101,User {user} login successful
59971,2026-01-14,11:01:22,INFO,WebServer,User u3862 login successful,E101,User {user} login successful
59972,2026-01-14,11:25:16,WARN,OrderProcessor,Unauthorized access attempt from 10.0.0.12,E401,Unauthorized access attempt from {ip}
59973,2026-01-14,11:55:42,INFO,AuthService,Transaction tx129230 completed in 1102ms,E104,Transaction {tx} completed in {time}ms
59974,2026-01-14,11:22:43,INFO,OrderProcessor,Page view: /home by u3774,E103,Page view: {page} by {user}
59975,2026-01-14,11:26:31,INFO,WebServer,Transaction tx777568 completed in 1524ms,E104,Transaction {tx} completed in {time}ms
59976,2026-01-14,11:13:35,INFO,OrderProcessor,User u2829 login successful,E101,User {user} login successful
59977,2026-01-14,11:25:02,INFO,AuthService,Transaction tx810980 completed in 28ms,E104,Transaction {tx} completed in {time}ms
59978,2026-01-14,11:09:23,INFO,PaymentGateway,User u4040 login successful,E101,User {user} login successful
59979,2026-01-14,11:10:17,WARN,OrderProcessor,High latency (1306ms) detected on OrderProcessor,E201,High latency ({time}ms) detected on {service}
59980,2026-01-14,11:31:35,INFO,WebServer,Transaction tx908643 completed in 527ms,E104,Transaction {tx} completed in {time}ms
59981,2026-01-14,11:22:54,INFO,WebServer,Transaction tx902808 completed in 1865ms,E104,Transaction {tx} completed in {time}ms
59982,2026-01-14,11:07:16,INFO,AuthService,Health check passed: AuthService,E102,Health check passed: {service}
59983,2026-01-14,11:52:20,INFO,WebServer,Transaction tx316994 completed in 1903ms,E104,Transaction {tx} completed in {time}ms
59984,2026-01-14,11:23:20,INFO,AuthService,User u1305 login successful,E101,User {user} login successful
59985,2026-01-14,11:15:45,WARN,WebServer,Disk usage > 85% on node node-5,E202,Disk usage > 85% on node {node}
59986,2026-01-14,11:17:00,INFO,WebServer,Page view: /home by u1047,E103,Page view: {page} by {user}
59987,2026-01-14,11:49:20,INFO,AuthService,User u2667 login successful,E101,User {user} login successful
59988,2026-01-14,11:32:42,INFO,InventoryDB,User u4522 login successful,E101,User {user} login successful
59989,2026-01-14,11:49:58,INFO,OrderProcessor,User u3173 login successful,E101,User {user} login successful
59990,2026-01-14,11:37:59,INFO,WebServer,Transaction tx996012 completed in 533ms,E104,Transaction {tx} completed in {time}ms
59991,2026-01-14,11:14:21,WARN,WebServer,High latency (59ms) detected on WebServer,E201,High latency ({time}ms) detected on {service}
59992,2026-01-14,11:41:13,INFO,OrderProcessor,Transaction tx280068 completed in 443ms,E104,Transaction {tx} completed in {time}ms
59993,2026-01-14,11:48:44,INFO,WebServer,Transaction tx675657 completed in 1978ms,E104,Transaction {tx} completed in {time}ms
59994,2026-01-14,11:54:45,INFO,WebServer,User u4829 login successful,E101,User {user} login successful
59995,2026-01-14,11:26:16,INFO,WebServer,User u4195 login successful,E101,User {user} login successful
59996,2026-01-14,11:16:10,INFO,WebServer,Page view: /home by u3568,E103,Page view: {page} by {user}
59997,2026-01-14,11:35:59,INFO,WebServer,Transaction tx800488 completed in 1220ms,E104,Transaction {tx} completed in {time}ms
59998,2026-01-14,11:29:49,INFO,PaymentGateway,Page view: /home by u3861,E103,Page view: {page} by {user}
59999,2026-01-14,11:06:39,INFO,WebServer,Page view: /home by u4387,E103,Page view: {page} by {user}
60000,2026-01-14,11:24:31,INFO,OrderProcessor,Page view: /home by u4914,E103,Page view: {page} by {user}
60001,2026-01-14,11:38:59,INFO,OrderProcessor,Page view: /home by u4471,E103,Page view: {page} by {user}
60002,2026-01-14,11:05:14,INFO,WebServer,Page view: /home by u4329,E103,Page view: {page} by {user}
60003,2026-01-14,11:49:44,ERROR,WebServer,Payment declined: Gateway unavailable,E503,Payment declined: Gateway unavailable
60004,2026-01-14,11:31:39,INFO,WebServer,Transaction tx320297 completed in 271ms,E104,Transaction {tx} completed in {time}ms
60005,2026-01-14,11:22:40,INFO,WebServer,Health check passed: WebServer,E102,Health check passed: {service}
60006,2026-01-14,11:31:04,INFO,AuthService,User u2509 login successful,E101,User {user} login successful
60007,2026-01-14,11:03:49,INFO,OrderProcessor,Transaction tx424344 completed in 1132ms,E104,Transaction {tx} completed in {time}ms
60008,2026-01-14,11:06:14,INFO,WebServer,Health check passed: WebServer,E102,Health check passed: {service}
60009,2026-01-14,11:27:22,INFO,OrderProcessor,Page view: /home by u2945,E103,Page view: {page} by {user}
60010,2026-01-14,11:15:35,WARN,WebServer,Unauthorized access attempt from 10.0.0.45,E401,Unauthorized access attempt from {ip}
60011,2026-01-14,11:11:37,ERROR,WebServer,Payment declined: Gateway unavailable,E503,Payment declined: Gateway unavailable
60012,2026-01-14,11:37:25,INFO,OrderProcessor,Health check passed: OrderProcessor,E102,Health check passed: {service}
60013,2026-01-14,11:19:03,INFO,AuthService,Transaction tx871500 completed in 497ms,E104,Transaction {tx} completed in {time}ms
60014,2026-01-14,11:26:41,WARN,PaymentGateway,Disk usage > 85% on node node-3,E202,Disk usage > 85% on node {node}
60015,2026-01-14,11:47:11,INFO,WebServer,Transaction tx732145 completed in 963ms,E104,Transaction {tx} completed in {time}ms
60016,2026-01-14,11:18:40,INFO,WebServer,Transaction tx713584 completed in 341ms,E104,Transaction {tx} completed in {time}ms
60017,2026-01-14,11:57:12,INFO,PaymentGateway,Page view: /home by u4920,E103,Page view: {page} by {user}
60018,2026-01-14,11:21:13,INFO,WebServer,Transaction tx151152 completed in 409ms,E104,Transaction {tx} completed in {time}ms
60019,2026-01-14,11:57:45,INFO,WebServer,Page view: /home by u2793,E103,Page view: {page} by {user}
60020,2026-01-14,11:17:20,INFO,AuthService,Transaction tx791765 completed in 1304ms,E104,Transaction {tx} completed in {time}ms
60021,2026-01-14,11:52:03,INFO,WebServer,Transaction tx783340 completed in 1182ms,E104,Transaction {tx} completed in {time}ms
60022,2026-01-14,11:35:24,INFO,WebServer,Transaction tx519292 completed in 1580ms,E104,Transaction {tx} completed in {time}ms
60023,2026-01-14,11:24:54,INFO,AuthService,Page view: /home by u1399,E103,Page view: {page} by {user}
60024,2026-01-14,11:34:17,INFO,OrderProcessor,Health check passed: OrderProcessor,E102,Health check passed: {service}
60025,2026-01-14,11:04:11,INFO,WebServer,Page view: /home by u4852,E103,Page view: {page} by {user}
60026,2026-01-14,11:14:57,INFO,WebServer,Page view: /home by u2549,E103,Page view: {page} by {user}
60027,2026-01-14,11:03:29,WARN,OrderProcessor,Disk usage > 85% on node node-2,E202,Disk usage > 85% on node {node}
60028,2026-01-14,11:40:51,INFO,WebServer,Page view: /home by u4890,E103,Page view: {page} by {user}
60029,2026-01-14,11:58:21,INFO,WebServer,Transaction tx798593 completed in 1703ms,E104,Transaction {tx} completed in {time}ms
60030,2026-01-14,11:27:31,INFO,WebServer,Page view: /home by u4619,E103,Page view: {page} by {user}
60031,2026-01-14,11:37:37,INFO,PaymentGateway,Health check passed: PaymentGateway,E102,Health check passed: {service}
60032,2026-01-14,11:37:46,INFO,PaymentGateway,User u2276 login successful,E101,User {user} login successful
60033,2026-01-14,11:31:56,INFO,WebServer,Transaction tx483459 completed in 1827ms,E104,Transaction {tx} completed in {time}ms
60034,2026-01-14,11:47:11,INFO,AuthService,User u3452 login successful,E101,User {user} login successful
60035,2026-01-14,11:54:46,INFO,OrderProcessor,Page view: /home by u4857,E103,Page view: {page} by {user}
60036,2026-01-14,11:39:49,INFO,AuthService,Transaction tx558764 completed in 710ms,E104,Transaction {tx} completed in {time}ms
60037,2026-01-14,11:14:24,INFO,WebServer,Page view: /home by u4722,E103,Page view: {page} by {user}
60038,2026-01-14,11:21:04,INFO,WebServer,Page view: /home by u1037,E103,Page view: {page} by {user}
60039,2026-01-14,11:39:02,INFO,AuthService,Health check passed: AuthService,E102,Health check passed: {service}
60040,2026-01-14,11:51:49,INFO,AuthService,Page view: /home by u2519,E103,Page view: {page} by {user}
60041,2026-01-14,11:50:29,INFO,OrderProcessor,Transaction tx236140 completed in 712ms,E104,Transaction {tx} completed in {time}ms
60042,2026-01-14,11:24:49,INFO,OrderProcessor,Health check passed: OrderProcessor,E102,Health check passed: {service}
60043,2026-01-14,11:37:42,INFO,WebServer,User u1917 login successful,E101,User {user} login successful
60044,2026-01-14,11:27:57,INFO,AuthService,Transaction tx190365 completed in 1801ms,E104,Transaction {tx} completed in {time}ms
60045,2026-01-14,11:54:26,INFO,OrderProcessor,Page view: /home by u3366,E103,Page view: {page} by {user}
60046,2026-01-14,11:40:41,INFO,WebServer,Health check passed: WebServer,E102,Health check passed: {service}
60047,2026-01-14,11:56:18,INFO,OrderProcessor,User u3650 login successful,E101,User {user} login successful
60048,2026-01-14,11:18:19,INFO,PaymentGateway,Health check passed: PaymentGateway,E102,Health check passed: {service}
60049,2026-01-14,11:11:17,INFO,OrderProcessor,Page view: /home by u4351,E103,Page view: {page} by {user}
60050,2026-01-14,11:10:21,INFO,WebServer,Health check passed: WebServer,E102,Health check passed: {service}
60051,2026-01-14,11:15:14,ERROR,WebServer,Connection refused to WebServer at 10.0.0.45,E501,Connection refused to {service} at {ip}
60052,2026-01-14,11:45:23,INFO,OrderProcessor,Page view: /home by u2482,E103,Page view: {page} by {user}
60053,2026-01-14,11:41:41,INFO,OrderProcessor,Page view: /home by u3065,E103,Page view: {page} by {user}
60054,2026-01-14,11:57:13,INFO,WebServer,Transaction tx995761 completed in 38ms,E104,Transaction {tx} completed in {time}ms
60055,2026-01-14,11:06:55,INFO,PaymentGateway,Transaction tx354704 completed in 326ms,E104,Transaction {tx} completed in {time}ms
60056,2026-01-14,11:49:18,INFO,WebServer,Page view: /home by u1305,E103,Page view: {page} by {user}
60057,2026-01-14,11:57:00,INFO,WebServer,Transaction tx488117 completed in 226ms,E104,Transaction {tx} completed in {time}ms
60058,2026-01-14,11:50:51,INFO,WebServer,Transaction tx623648 completed in 1280ms,E104,Transaction {tx} completed in {time}ms
60059,2026-01-14,11:30:53,INFO,OrderProcessor,Transaction tx343012 completed in 1578ms,E104,Transaction {tx} completed in {time}ms
60060,2026-01-14,11:46:24,INFO,PaymentGateway,Transaction tx148020 completed in 974ms,E104,Transaction {tx} completed in {time}ms
60061,2026-01-14,11:28:57,INFO,WebServer,Health check passed: WebServer,E102,Health check passed: {service}
60062,2026-01-14,11:44:46,WARN,WebServer,Unauthorized access attempt from 10.0.0.45,E401,Unauthorized access attempt from {ip}
60063,2026-01-14,11:59:16,INFO,WebServer,User u1633 login successful,E101,User {user} login successful
60064,2026-01-14,11:16:45,INFO,AuthService,Transaction tx766284 completed in 1364ms,E104,Transaction {tx} completed in {time}ms
60065,2026-01-14,11:12:41,INFO,WebServer,User u2219 login successful,E101,User {user} login successful
60066,2026-01-14,11:32:41,INFO,WebServer,User u1258 login successful,E101,User {user} login successful
60067,2026-01-14,11:07:38,INFO,WebServer,Health check passed: WebServer,E102,Health check passed: {service}
60068,2026-01-14,11:39:56,INFO,AuthService,Health check passed: AuthService,E102,Health check passed: {service}
60069,2026-01-14,11:00:34,INFO,WebServer,Page view: /home by u3669,E103,Page view: {page} by {user}
60070,2026-01-14,11:22:10,INFO,PaymentGateway,User u3651 login successful,E101,User {user} login successful
60071,2026-01-14,11:04:42,INFO,WebServer,Page view: /home by u1684,E103,Page view: {page} by {user}
60072,2026-01-14,11:22:24,INFO,WebServer,Page view: /home by u1534,E103,Page view: {page} by {user}
60073,2026-01-14,11:20:39,INFO,OrderProcessor,Transaction tx624590 completed in 407ms,E104,Transaction {tx} completed in {time}ms
60074,2026-01-14,11:14:10,INFO,WebServer,Health check passed: WebServer,E102,Health check passed: {service}
60075,2026-01-14,11:16:52,INFO,WebServer,User u3523 login successful,E101,User {user} login successful
60076,2026-01-14,11:58:30,INFO,OrderProcessor,User u3423 login successful,E101,User {user} login successful
60077,2026-01-14,11:02:37,INFO,PaymentGateway,Transaction tx679756 completed in 1172ms,E104,Transaction {tx} completed in {time}ms
60078,2026-01-14,11:44:21,INFO,WebServer,Health check passed: WebServer,E102,Health check passed: {service}
60079,2026-01-14,11:08:42,INFO,WebServer,Page view: /home by u1164,E103,Page view: {page} by {user}
60080,2026-01-14,11:20:59,INFO,InventoryDB,Page view: /home by u1854,E103,Page view: {page} by {user}
60081,2026-01-14,11:49:43,INFO,PaymentGateway,Page view: /home by u1753,E103,Page view: {page} by {user}
60082,2026-01-14,11:49:50,INFO,OrderProcessor,Page view: /home by u2620,E103,Page view: {page} by {user}
60083,2026-01-14,11:26:05,INFO,WebServer,Transaction tx746197 completed in 858ms,E104,Transaction {tx} completed in {time}ms
60084,2026-01-14,11:15:17,INFO,PaymentGateway,Transaction tx369937 completed in 145ms,E104,Transaction {tx} completed in {time}ms
60085,2026-01-14,11:26:33,INFO,AuthService,Transaction tx162771 completed in 1969ms,E104,Transaction {tx} completed in {time}ms
60086,2026-01-14,11:13:52,INFO,WebServer,Page view: /home by u1782,E103,Page view: {page} by {user}
60087,2026-01-14,11:44:34,INFO,PaymentGateway,User u2023 login successful,E101,User {user} login successful
60088,2026-01-14,11:26:25,WARN,WebServer,High latency (967ms) detected on WebServer,E201,High latency ({time}ms) detected on {service}
60089,2026-01-14,11:03:10,INFO,OrderProcessor,Page view: /home by u2034,E103,Page view: {page} by {user}
60090,2026-01-14,11:39:28,INFO,OrderProcessor,User u4658 login successful,E101,User {user} login successful
60091,2026-01-14,11:00:12,INFO,AuthService,Page view: /home by u1806,E103,Page view: {page} by {user}
60092,2026-01-14,11:26:19,CRITICAL,WebServer,KERNEL PANIC: Node node-4 crashed,E601,KERNEL PANIC: Node {node} crashed
60093,2026-01-14,11:44:10,INFO,OrderProcessor,Transaction tx527282 completed in 1362ms,E104,Transaction {tx} completed in {time}ms
60094,2026-01-14,11:42:51,INFO,WebServer,Health check passed: WebServer,E102,Health check passed: {service}
60095,2026-01-14,11:32:15,INFO,AuthService,User u4706 login successful,E101,User {user} login successful
60096,2026-01-14,11:41:51,INFO,AuthService,Transaction tx504560 completed in 166ms,E104,Transaction {tx} completed in {time}ms
60097,2026-01-14,11:51:10,ERROR,InventoryDB,Connection refused to InventoryDB at 10.0.0.45,E501,Connection refused to {service} at {ip}
60098,2026-01-14,11:12:36,INFO,OrderProcessor,Page view: /home by u1987,E103,Page view: {page} by {user}
60099,2026-01-14,11:55:22,INFO,WebServer,Page view: /home by u1840,E103,Page view: {page} by {user}
60100,2026-01-14,11:49:56,INFO,OrderProcessor,Health check passed: OrderProcessor,E102,Health check passed: {service}
60101,2026-01-14,11:31:12,INFO,OrderProcessor,User u2306 login successful,E101,User {user} login successful
60102,2026-01-14,11:13:25,INFO,WebServer,Transaction tx276072 completed in 1644ms,E104,Transaction {tx} completed in {time}ms
60103,2026-01-14,11:52:15,INFO,WebServer,Health check passed: WebServer,E102,Health check passed: {service}
60104,2026-01-14,11:27:29,INFO,WebServer,Page view: /home by u1206,E103,Page view: {page} by {user}
60105,2026-01-14,11:57:57,INFO,WebServer,Health check passed: WebServer,E102,Health check passed: {service}
60106,2026-01-14,11:16:01,INFO,PaymentGateway,Health check passed: PaymentGateway,E102,Health check passed: {service}
60107,2026-01-14,11:12:12,INFO,WebServer,User u1767 login successful,E101,User {user} login successful
60108,2026-01-14,11:43:07,INFO,OrderProcessor,Page view: /home by u4440,E103,Page view: {page} by {user}
60109,2026-01-14,11:52:02,INFO,WebServer,Page view: /home by u1415,E103,Page view: {page} by {user}
60110,2026-01-14,11:30:14,INFO,WebServer,Transaction tx642925 completed in 712ms,E104,Transaction {tx} completed in {time}ms
60111,2026-01-14,11:36:24,INFO,WebServer,Page view: /home by u3713,E103,Page view: {page} by {user}
60112,2026-01-14,11:23:54,INFO,OrderProcessor,Health check passed: OrderProcessor,E102,Health check passed: {service}
60113,2026-01-14,11:00:33,INFO,WebServer,Transaction tx686138 completed in 779ms,E104,Transaction {tx} completed in {time}ms
60114,2026-01-14,11:04:09,INFO,OrderProcessor,Page view: /home by u3940,E103,Page view: {page} by {user}
60115,2026-01-14,11:56:04,INFO,WebServer,Page view: /home by u2929,E103,Page view: {page} by {user}
60116,2026-01-14,11:34:02,INFO,WebServer,Health check passed: WebServer,E102,Health check passed: {service}
60117,2026-01-14,11:40:54,INFO,WebServer,Transaction tx648303 completed in 328ms,E104,Transaction {tx} completed in {time}ms
60118,2026-01-14,11:40:34,INFO,OrderProcessor,User u3547 login successful,E101,User {user} login successful
60119,2026-01-14,11:16:03,INFO,OrderProcessor,Page view: /home by u2109,E103,Page view: {page} by {user}
60120,2026-01-14,11:51:05,INFO,AuthService,User u2655 login successful,E101,User {user} login successful
60121,2026-01-14,11:13:52,INFO,PaymentGateway,User u4799 login successful,E101,User {user} login successful
60122,2026-01-14,11:45:52,INFO,WebServer,Health check passed: WebServer,E102,Health check passed: {service}
60123,2026-01-14,11:19:37,INFO,AuthService,User u3331 login successful,E101,User {user} login successful
60124,2026-01-14,11:28:53,INFO,OrderProcessor,Transaction tx168755 completed in 419ms,E104,Transaction {tx} completed in {time}ms
60125,2026-01-14,11:09:23,INFO,WebServer,Transaction tx908486 completed in 358ms,E104,Transaction {tx} completed in {time}ms
60126,2026-01-14,11:30:37,INFO,AuthService,Transaction tx781591 completed in 1233ms,E104,Transaction {tx} completed in {time}ms
60127,2026-01-14,11:28:35,INFO,WebServer,Page view: /home by u1932,E103,Page view: {page} by {user}
60128,2026-01-14,11:38:02,INFO,WebServer,Health check passed: WebServer,E102,Health check passed: {service}
60129,2026-01-14,11:47:26,WARN,WebServer,Disk usage > 85% on node node-4,E202,Disk usage > 85% on node {node}
60130,2026-01-14,11:47:47,INFO,InventoryDB,User u4934 login successful,E101,User {user} login successful
60131,2026-01-14,11:08:36,INFO,WebServer,Health check passed: WebServer,E102,Health check passed: {service}
60132,2026-01-14,11:51:33,INFO,WebServer,User u4366 login successful,E101,User {user} login successful
60133,2026-01-14,11:17:57,INFO,AuthService,Page view: /home by u4429,E103,Page view: {page} by {user}
60134,2026-01-14,11:53:04,INFO,WebServer,Health check passed: WebServer,E102,Health check passed: {service}
60135,2026-01-14,11:37:02,INFO,PaymentGateway,Health check passed: PaymentGateway,E102,Health check passed: {service}
60136,2026-01-14,11:01:22,INFO,PaymentGateway,Transaction tx575350 completed in 1323ms,E104,Transaction {tx} completed in {time}ms
60137,2026-01-14,11:29:46,INFO,WebServer,User u1761 login successful,E101,User {user} login successful
60138,2026-01-14,11:52:56,INFO,OrderProcessor,Health check passed: OrderProcessor,E102,Health check passed: {service}
60139,2026-01-14,11:01:37,INFO,WebServer,User u2610 login successful,E101,User {user} login successful
60140,2026-01-14,11:39:58,INFO,WebServer,Page view: /home by u3036,E103,Page view: {page} by {user}
60141,2026-01-14,11:29:23,INFO,WebServer,Page view: /home by u1586,E103,Page view: {page} by {user}
60142,2026-01-14,11:24:24,INFO,WebServer,Transaction tx776400 completed in 479ms,E104,Transaction {tx} completed in {time}ms
60143,2026-01-14,11:24:26,INFO,WebServer,Transaction tx828370 completed in 734ms,E104,Transaction {tx} completed in {time}ms
60144,2026-01-14,11:06:19,INFO,AuthService,Transaction tx281670 completed in 649ms,E104,Transaction {tx} completed in {time}ms
60145,2026-01-14,11:13:07,INFO,OrderProcessor,User u3536 login successful,E101,User {user} login successful
60146,2026-01-14,11:46:33,INFO,WebServer,Page view: /home by u1274,E103,Page view: {page} by {user}
60147,2026-01-14,11:11:21,INFO,OrderProcessor,Health check passed: OrderProcessor,E102,Health check passed: {service}
60148,2026-01-14,11:12:26,INFO,OrderProcessor,Transaction tx882242 completed in 1279ms,E104,Transaction {tx} completed in {time}ms
60149,2026-01-14,11:24:46,INFO,PaymentGateway,Transaction tx672755 completed in 924ms,E104,Transaction {tx} completed in {time}ms
60150,2026-01-14,11:45:06,INFO,AuthService,Transaction tx941937 completed in 1120ms,E104,Transaction {tx} completed in {time}ms
60151,2026-01-14,11:12:44,CRITICAL,WebServer,DATA CORRUPTION detected in sector 750,E602,DATA CORRUPTION detected in sector {sector}
60152,2026-01-14,11:22:56,INFO,WebServer,User u1023 login successful,E101,User {user} login successful
60153,2026-01-14,11:40:49,INFO,WebServer,Transaction tx621950 completed in 237ms,E104,Transaction {tx} completed in {time}ms
60154,2026-01-14,11:27:03,INFO,InventoryDB,Transaction tx364195 completed in 1148ms,E104,Transaction {tx} completed in {time}ms
60155,2026-01-14,11:28:21,INFO,AuthService,Page view: /home by u1166,E103,Page view: {page} by {user}
60156,2026-01-14,11:49:19,INFO,WebServer,User u1260 login successful,E101,User {user} login successful
60157,2026-01-14,11:30:59,INFO,AuthService,Transaction tx868043 completed in 1210ms,E104,Transaction {tx} completed in {time}ms
60158,2026-01-14,11:19:31,INFO,WebServer,Health check passed: WebServer,E102,Health check passed: {service}
60159,2026-01-14,11:44:28,INFO,AuthService,Health check passed: AuthService,E102,Health check passed: {service}
60160,2026-01-14,11:16:03,INFO,AuthService,Health check passed: AuthService,E102,Health check passed: {service}
60161,2026-01-14,11:02:04,WARN,WebServer,High latency (372ms) detected on WebServer,E201,High latency ({time}ms) detected on {service}
60162,2026-01-14,11:43:41,INFO,WebServer,Health check passed: WebServer,E102,Health check passed: {service}
60163,2026-01-14,11:41:49,INFO,OrderProcessor,Health check passed: OrderProcessor,E102,Health check passed: {service}
60164,2026-01-14,11:17:51,INFO,WebServer,Transaction tx907838 completed in 1632ms,E104,Transaction {tx} completed in {time}ms
60165,2026-01-14,11:24:55,INFO,WebServer,User u4361 login successful,E101,User {user} login successful
60166,2026-01-14,11:30:56,INFO,OrderProcessor,User u2251 login successful,E101,User {user} login successful
60167,2026-01-14,11:19:34,INFO,AuthService,Page view: /home by u2141,E103,Page view: {page} by {user}
60168,2026-01-14,11:55:03,INFO,WebServer,Transaction tx646328 completed in 1823ms,E104,Transaction {tx} completed in {time}ms
60169,2026-01-14,11:18:18,INFO,OrderProcessor,User u3949 login successful,E101,User {user} login successful
60170,2026-01-14,11:32:23,INFO,WebServer,User u4313 login successful,E101,User {user} login successful
60171,2026-01-14,11:06:38,INFO,WebServer,User u3756 login successful,E101,User {user} login successful
60172,2026-01-14,11:59:41,INFO,PaymentGateway,Transaction tx237883 completed in 1096ms,E104,Transaction {tx} completed in {time}ms
60173,2026-01-14,11:01:55,INFO,OrderProcessor,Transaction tx276363 completed in 326ms,E104,Transaction {tx} completed in {time}ms
60174,2026-01-14,11:12:28,INFO,OrderProcessor,Transaction tx662282 completed in 1670ms,E104,Transaction {tx} completed in {time}ms
60175,2026-01-14,11:00:13,INFO,OrderProcessor,User u4726 login successful,E101,User {user} login successful
60176,2026-01-14,11:24:03,INFO,WebServer,Transaction tx117800 completed in 168ms,E104,Transaction {tx} completed in {time}ms
60177,2026-01-14,11:30:01,INFO,PaymentGateway,Health check passed: PaymentGateway,E102,Health check passed: {service}
60178,2026-01-14,11:01:41,INFO,WebServer,User u4139 login successful,E101,User {user} login successful
60179,2026-01-14,11:04:36,INFO,WebServer,Page view: /home by u4711,E103,Page view: {page} by {user}
60180,2026-01-14,11:25:18,INFO,OrderProcessor,Health check passed: OrderProcessor,E102,Health check passed: {service}
60181,2026-01-14,11:30:55,INFO,OrderProcessor,User u1736 login successful,E101,User {user} login successful
60182,2026-01-14,11:09:15,INFO,WebServer,Health check passed: WebServer,E102,Health check passed: {service}
60183,2026-01-14,11:51:21,INFO,WebServer,Health check passed: WebServer,E102,Health check passed: {service}
60184,2026-01-14,11:16:40,INFO,OrderProcessor,Health check passed: OrderProcessor,E102,Health check passed: {service}
60185,2026-01-14,11:41:22,INFO,OrderProcessor,Transaction tx817396 completed in 1548ms,E104,Transaction {tx} completed in {time}ms
60186,2026-01-14,11:01:10,INFO,WebServer,Page view: /home by u1957,E103,Page view: {page} by {user}
60187,2026-01-14,11:54:42,INFO,OrderProcessor,Page view: /home by u3694,E103,Page view: {page} by {user}
60188,2026-01-14,11:44:30,INFO,PaymentGateway,Health check passed: PaymentGateway,E102,Health check passed: {service}
60189,2026-01-14,11:46:59,INFO,WebServer,User u3272 login successful,E101,User {user} login successful
60190,2026-01-14,11:25:47,INFO,PaymentGateway,Transaction tx831208 completed in 704ms,E104,Transaction {tx} completed in {time}ms
60191,2026-01-14,11:16:41,INFO,WebServer,User u2141 login successful,E101,User {user} login successful
60192,2026-01-14,11:21:59,INFO,WebServer,User u4844 login successful,E101,User {user} login successful
60193,2026-01-14,11:20:44,INFO,WebServer,Health check passed: WebServer,E102,Health check passed: {service}
60194,2026-01-14,11:09:09,INFO,OrderProcessor,Health check passed: OrderProcessor,E102,Health check passed: {service}
60195,2026-01-14,11:03:05,INFO,InventoryDB,User u2570 login successful,E101,User {user} login successful
60196,2026-01-14,11:00:07,INFO,OrderProcessor,Transaction tx116576 completed in 1831ms,E104,Transaction {tx} completed in {time}ms
60197,2026-01-14,11:56:19,INFO,WebServer,Transaction tx294239 completed in 104ms,E104,Transaction {tx} completed in {time}ms
60198,2026-01-14,11:54:08,INFO,WebServer,Health check passed: WebServer,E102,Health check passed: {service}
60199,2026-01-14,11:42:56,INFO,WebServer,Transaction tx344134 completed in 1927ms,E104,Transaction {tx} completed in {time}ms
60200,2026-01-14,11:50:02,INFO,WebServer,Transaction tx797013 completed in 1570ms,E104,Transaction {tx} completed in {time}ms
60201,2026-01-14,11:07:45,INFO,InventoryDB,User u3784 login successful,E101,User {user} login successful
60202,2026-01-14,11:12:50,INFO,AuthService,Transaction tx532666 completed in 1089ms,E104,Transaction {tx} completed in {time}ms
60203,2026-01-14,11:48:53,INFO,WebServer,User u3705 login successful,E101,User {user} login successful
60204,2026-01-14,11:54:19,INFO,OrderProcessor,User u2743 login successful,E101,User {user} login successful
60205,2026-01-14,11:04:54,INFO,WebServer,User u1322 login successful,E101,User {user} login successful
60206,2026-01-14,11:07:41,INFO,WebServer,Page view: /home by u3961,E103,Page view: {page} by {user}
60207,2026-01-14,11:16:57,INFO,AuthService,Page view: /home by u3379,E103,Page view: {page} by {user}
60208,2026-01-14,11:03:01,INFO,WebServer,Health check passed: WebServer,E102,Health check passed: {service}
60209,2026-01-14,11:45:26,INFO,AuthService,Transaction tx293675 completed in 1598ms,E104,Transaction {tx} completed in {time}ms
60210,2026-01-14,11:05:10,INFO,OrderProcessor,Transaction tx462007 completed in 1604ms,E104,Transaction {tx} completed in {time}ms
60211,2026-01-14,11:48:37,INFO,OrderProcessor,Page view: /home by u4434,E103,Page view: {page} by {user}
60212,2026-01-14,11:15:40,WARN,WebServer,High latency (970ms) detected on WebServer,E201,High latency ({time}ms) detected on {service}
60213,2026-01-14,11:35:37,INFO,WebServer,User u3905 login successful,E101,User {user} login successful
60214,2026-01-14,11:21:01,INFO,WebServer,Page view: /home by u3708,E103,Page view: {page} by {user}
60215,2026-01-14,11:19:58,INFO,OrderProcessor,User u1503 login successful,E101,User {user} login successful
60216,2026-01-14,11:58:36,INFO,WebServer,Page view: /home by u2000,E103,Page view: {page} by {user}
60217,2026-01-14,11:11:24,INFO,AuthService,Transaction tx140913 completed in 351ms,E104,Transaction {tx} completed in {time}ms
60218,2026-01-14,11:30:08,INFO,OrderProcessor,User u4774 login successful,E101,User {user} login successful
60219,2026-01-14,11:43:18,INFO,WebServer,Transaction tx846566 completed in 541ms,E104,Transaction {tx} completed in {time}ms
60220,2026-01-14,11:37:02,INFO,OrderProcessor,Transaction tx407732 completed in 1509ms,E104,Transaction {tx} completed in {time}ms
60221,2026-01-14,11:05:42,INFO,AuthService,Page view: /home by u2231,E103,Page view: {page} by {user}
60222,2026-01-14,11:27:03,INFO,OrderProcessor,Health check passed: OrderProcessor,E102,Health check passed: {service}
60223,2026-01-14,11:05:56,INFO,WebServer,Health check passed: WebServer,E102,Health check passed: {service}
60224,2026-01-14,11:25:34,INFO,WebServer,Page view: /home by u2017,E103,Page view: {page} by {user}
60225,2026-01-14,11:50:07,INFO,WebServer,Page view: /home by u3800,E103,Page view: {page} by {user}
60226,2026-01-14,11:53:08,INFO,OrderProcessor,User u1161 login successful,E101,User {user} login successful
60227,2026-01-14,11:49:50,INFO,WebServer,Page view: /home by u3693,E103,Page view: {page} by {user}
60228,2026-01-14,11:53:00,INFO,WebServer,Transaction tx369951 completed in 531ms,E104,Transaction {tx} completed in {time}ms
60229,2026-01-14,11:31:47,INFO,AuthService,Health check passed: AuthService,E102,Health check passed: {service}
60230,2026-01-14,11:07:20,INFO,WebServer,Page view: /home by u1876,E103,Page view: {page} by {user}
60231,2026-01-14,11:41:26,INFO,WebServer,User u2623 login successful,E101,User {user} login successful
60232,2026-01-14,11:59:15,INFO,AuthService,User u3339 login successful,E101,User {user} login successful
60233,2026-01-14,11:54:01,INFO,PaymentGateway,Transaction tx486185 completed in 1149ms,E104,Transaction {tx} completed in {time}ms
60234,2026-01-14,11:51:20,INFO,WebServer,User u4446 login successful,E101,User {user} login successful
60235,2026-01-14,11:31:07,INFO,OrderProcessor,Page view: /home by u1825,E103,Page view: {page} by {user}
60236,2026-01-14,11:57:43,INFO,AuthService,User u4974 login successful,E101,User {user} login successful
60237,2026-01-14,11:09:31,INFO,WebServer,Page view: /home by u4650,E103,Page view: {page} by {user}
60238,2026-01-14,11:07:23,INFO,OrderProcessor,Health check passed: OrderProcessor,E102,Health check passed: {service}
60239,2026-01-14,11:30:08,INFO,WebServer,User u4708 login successful,E101,User {user} login successful
60240,2026-01-14,11:42:13,INFO,AuthService,Page view: /home by u2422,E103,Page view: {page} by {user}
60241,2026-01-14,11:07:22,INFO,AuthService,Transaction tx777026 completed in 257ms,E104,Transaction {tx} completed in {time}ms
60242,2026-01-14,11:52:47,INFO,WebServer,Page view: /home by u2734,E103,Page view: {page} by {user}
60243,2026-01-14,11:02:01,INFO,OrderProcessor,Transaction tx713585 completed in 442ms,E104,Transaction {tx} completed in {time}ms
60244,2026-01-14,11:45:32,INFO,PaymentGateway,Transaction tx646349 completed in 658ms,E104,Transaction {tx} completed in {time}ms
60245,2026-01-14,11:54:28,INFO,WebServer,Health check passed: WebServer,E102,Health check passed: {service}
60246,2026-01-14,11:40:29,INFO,AuthService,Health check passed: AuthService,E102,Health check passed: {service}
60247,2026-01-14,11:21:59,INFO,WebServer,User u4104 login successful,E101,User {user} login successful
60248,2026-01-14,11:50:38,INFO,WebServer,Page view: /home by u2226,E103,Page view: {page} by {user}
60249,2026-01-14,11:09:44,INFO,WebServer,Health check passed: WebServer,E102,Health check passed: {service}
60250,2026-01-14,11:30:29,INFO,OrderProcessor,Health check passed: OrderProcessor,E102,Health check passed: {service}
60251,2026-01-14,11:41:58,INFO,InventoryDB,Transaction tx153071 completed in 1618ms,E104,Transaction {tx} completed in {time}ms
60252,2026-01-14,11:33:44,INFO,WebServer,Transaction tx815146 completed in 368ms,E104,Transaction {tx} completed in {time}ms
60253,2026-01-14,11:41:12,INFO,AuthService,Health check passed: AuthService,E102,Health check passed: {service}
60254,2026-01-14,11:48:27,INFO,InventoryDB,Health check passed: InventoryDB,E102,Health check passed: {service}
60255,2026-01-14,11:01:29,INFO,WebServer,Transaction tx796650 completed in 1725ms,E104,Transaction {tx} completed in {time}ms
60256,2026-01-14,11:25:25,INFO,InventoryDB,Health check passed: InventoryDB,E102,Health check passed: {service}
60257,2026-01-14,11:07:29,INFO,InventoryDB,Page view: /home by u1969,E103,Page view: {page} by {user}
60258,2026-01-14,11:26:50,INFO,WebServer,Transaction tx313730 completed in 434ms,E104,Transaction {tx} completed in {time}ms
60259,2026-01-14,11:52:37,INFO,AuthService,Page view: /home by u2113,E103,Page view: {page} by {user}
60260,2026-01-14,11:38:21,INFO,AuthService,Transaction tx599857 completed in 1672ms,E104,Transaction {tx} completed in {time}ms
60261,2026-01-14,11:16:02,INFO,AuthService,User u4954 login successful,E101,User {user} login successful
60262,2026-01-14,11:46:24,ERROR,WebServer,Timeout waiting for lock on InventoryDB,E502,Timeout waiting for lock on {db}
60263,2026-01-14,11:45:30,INFO,AuthService,Health check passed: AuthService,E102,Health check passed: {service}
60264,2026-01-14,11:25:03,INFO,WebServer,Transaction tx515593 completed in 1009ms,E104,Transaction {tx} completed in {time}ms
60265,2026-01-14,11:08:44,INFO,WebServer,Health check passed: WebServer,E102,Health check passed: {service}
60266,2026-01-14,11:10:59,INFO,AuthService,Transaction tx218380 completed in 396ms,E104,Transaction {tx} completed in {time}ms
60267,2026-01-14,11:28:03,INFO,WebServer,User u3130 login successful,E101,User {user} login successful
60268,2026-01-14,11:42:48,WARN,WebServer,Unauthorized access attempt from 10.0.0.45,E401,Unauthorized access attempt from {ip}
60269,2026-01-14,11:57:15,INFO,AuthService,Transaction tx923956 completed in 796ms,E104,Transaction {tx} completed in {time}ms
60270,2026-01-14,11:15:57,INFO,WebServer,Transaction tx115799 completed in 1703ms,E104,Transaction {tx} completed in {time}ms
60271,2026-01-14,11:17:36,ERROR,AuthService,Timeout waiting for lock on InventoryDB,E502,Timeout waiting for lock on {db}
60272,2026-01-14,11:02:28,WARN,WebServer,Disk usage > 85% on node node-3,E202,Disk usage > 85% on node {node}
60273,2026-01-14,11:01:59,INFO,OrderProcessor,Health check passed: OrderProcessor,E102,Health check passed: {service}
60274,2026-01-14,11:34:14,INFO,WebServer,Health check passed: WebServer,E102,Health check passed: {service}
60275,2026-01-14,11:35:48,INFO,WebServer,Health check passed: WebServer,E102,Health check passed: {service}
60276,2026-01-14,11:07:42,INFO,AuthService,Transaction tx635759 completed in 1455ms,E104,Transaction {tx} completed in {time}ms
60277,2026-01-14,11:53:54,INFO,InventoryDB,Page view: /home by u3211,E103,Page view: {page} by {user}
60278,2026-01-14,11:08:35,INFO,InventoryDB,Transaction tx654886 completed in 1408ms,E104,Transaction {tx} completed in {time}ms
60279,2026-01-14,11:23:30,INFO,WebServer,User u2251 login successful,E101,User {user} login successful
60280,2026-01-14,11:24:26,INFO,InventoryDB,Transaction tx322560 completed in 1372ms,E104,Transaction {tx} completed in {time}ms
60281,2026-01-14,11:13:19,INFO,OrderProcessor,Health check passed: OrderProcessor,E102,Health check passed: {service}
60282,2026-01-14,11:43:01,INFO,WebServer,Transaction tx552080 completed in 196ms,E104,Transaction {tx} completed in {time}ms
60283,2026-01-14,11:32:31,INFO,WebServer,Health check passed: WebServer,E102,Health check passed: {service}
60284,2026-01-14,11:07:37,INFO,OrderProcessor,User u1912 login successful,E101,User {user} login successful
60285,2026-01-14,11:19:19,INFO,WebServer,User u4075 login successful,E101,User {user} login successful
60286,2026-01-14,11:53:57,INFO,WebServer,Page view: /home by u2673,E103,Page view: {page} by {user}
60287,2026-01-14,11:55:40,INFO,PaymentGateway,Page view: /home by u4265,E103,Page view: {page} by {user}
60288,2026-01-14,11:06:26,INFO,AuthService,Page view: /home by u4357,E103,Page view: {page} by {user}
60289,2026-01-14,11:11:24,INFO,WebServer,Page view: /home by u3927,E103,Page view: {page} by {user}
60290,2026-01-14,11:59:28,INFO,WebServer,Health check passed: WebServer,E102,Health check passed: {service}
60291,2026-01-14,11:07:11,INFO,AuthService,User u3359 login successful,E101,User {user} login successful
60292,2026-01-14,11:38:42,INFO,AuthService,Transaction tx126689 completed in 1474ms,E104,Transaction {tx} completed in {time}ms
60293,2026-01-14,11:12:43,INFO,AuthService,Page view: /home by u3532,E103,Page view: {page} by {user}
60294,2026-01-14,11:56:24,INFO,AuthService,Page view: /home by u4868,E103,Page view: {page} by {user}
60295,2026-01-14,11:30:23,INFO,WebServer,User u2111 login successful,E101,User {user} login successful
60296,2026-01-14,11:47:45,INFO,OrderProcessor,Page view: /home by u2327,E103,Page view: {page} by {user}
60297,2026-01-14,11:07:29,INFO,WebServer,Transaction tx289004 completed in 967ms,E104,Transaction {tx} completed in {time}ms
60298,2026-01-14,11:41:06,INFO,InventoryDB,Transaction tx576555 completed in 1662ms,E104,Transaction {tx} completed in {time}ms
60299,2026-01-14,11:13:56,INFO,WebServer,User u4799 login successful,E101,User {user} login successful
60300,2026-01-14,11:36:37,INFO,WebServer,User u1209 login successful,E101,User {user} login successful
60301,2026-01-14,11:15:28,INFO,WebServer,Transaction tx230699 completed in 1964ms,E104,Transaction {tx} completed in {time}ms
60302,2026-01-14,11:12:18,INFO,WebServer,Health check passed: WebServer,E102,Health check passed: {service}
60303,2026-01-14,11:46:12,INFO,AuthService,Transaction tx550874 completed in 995ms,E104,Transaction {tx} completed in {time}ms
60304,2026-01-14,11:32:20,INFO,AuthService,Health check passed: AuthService,E102,Health check passed: {service}
60305,2026-01-14,11:50:20,WARN,WebServer,Disk usage > 85% on node node-1,E202,Disk usage > 85% on node {node}
60306,2026-01-14,11:16:58,INFO,OrderProcessor,Transaction tx557715 completed in 1575ms,E104,Transaction {tx} completed in {time}ms
60307,2026-01-14,11:35:14,INFO,WebServer,Transaction tx583782 completed in 495ms,E104,Transaction {tx} completed in {time}ms
60308,2026-01-14,11:50:25,INFO,WebServer,Transaction tx170660 completed in 1985ms,E104,Transaction {tx} completed in {time}ms
60309,2026-01-14,11:12:56,INFO,WebServer,User u3074 login successful,E101,User {user} login successful
60310,2026-01-14,11:52:40,WARN,AuthService,Disk usage > 85% on node node-5,E202,Disk usage > 85% on node {node}
60311,2026-01-14,11:56:03,INFO,WebServer,Page view: /home by u2426,E103,Page view: {page} by {user}
60312,2026-01-14,11:07:24,INFO,WebServer,Health check passed: WebServer,E102,Health check passed: {service}
60313,2026-01-14,11:30:47,INFO,PaymentGateway,User u3845 login successful,E101,User {user} login successful
60314,2026-01-14,11:56:22,INFO,WebServer,Transaction tx535589 completed in 700ms,E104,Transaction {tx} completed in {time}ms
60315,2026-01-14,11:03:50,INFO,InventoryDB,Transaction tx779053 completed in 740ms,E104,Transaction {tx} completed in {time}ms
60316,2026-01-14,11:38:15,INFO,InventoryDB,User u4322 login successful,E101,User {user} login successful
60317,2026-01-14,11:14:50,INFO,WebServer,Health check passed: WebServer,E102,Health check passed: {service}
60318,2026-01-14,11:10:40,INFO,OrderProcessor,User u4488 login successful,E101,User {user} login successful
60319,2026-01-14,11:09:21,INFO,AuthService,Health check passed: AuthService,E102,Health check passed: {service}
60320,2026-01-14,11:15:09,INFO,WebServer,Health check passed: WebServer,E102,Health check passed: {service}
60321,2026-01-14,11:16:28,INFO,WebServer,Health check passed: WebServer,E102,Health check passed: {service}
60322,2026-01-14,11:10:59,INFO,WebServer,User u2384 login successful,E101,User {user} login successful
60323,2026-01-14,11:11:15,INFO,WebServer,Health check passed: WebServer,E102,Health check passed: {service}
60324,2026-01-14,11:49:42,INFO,WebServer,Health check passed: WebServer,E102,Health check passed: {service}
60325,2026-01-14,11:16:28,INFO,WebServer,User u3776 login successful,E101,User {user} login successful
60326,2026-01-14,11:16:32,INFO,PaymentGateway,Page view: /home by u4358,E103,Page view: {page} by {user}
60327,2026-01-14,11:57:41,INFO,AuthService,Health check passed: AuthService,E102,Health check passed: {service}
60328,2026-01-14,11:56:11,INFO,OrderProcessor,Page view: /home by u3132,E103,Page view: {page} by {user}
60329,2026-01-14,11:08:28,INFO,WebServer,Health check passed: WebServer,E102,Health check passed: {service}
60330,2026-01-14,11:43:27,INFO,WebServer,Transaction tx464476 completed in 1177ms,E104,Transaction {tx} completed in {time}ms
60331,2026-01-14,11:30:15,INFO,InventoryDB,Transaction tx706530 completed in 417ms,E104,Transaction {tx} completed in {time}ms
60332,2026-01-14,11:26:18,WARN,AuthService,Unauthorized access attempt from 10.0.0.45,E401,Unauthorized access attempt from {ip}
60333,2026-01-14,11:32:32,INFO,WebServer,User u3685 login successful,E101,User {user} login successful
60334,2026-01-14,11:06:14,INFO,AuthService,Transaction tx266372 completed in 935ms,E104,Transaction {tx} completed in {time}ms
60335,2026-01-14,11:52:13,INFO,WebServer,Transaction tx759750 completed in 1257ms,E104,Transaction {tx} completed in {time}ms
60336,2026-01-14,11:46:58,INFO,OrderProcessor,Page view: /home by u3120,E103,Page view: {page} by {user}
60337,2026-01-14,11:49:29,INFO,WebServer,Health check passed: WebServer,E102,Health check passed: {service}
60338,2026-01-14,11:00:58,INFO,WebServer,Health check passed: WebServer,E102,Health check passed: {service}
60339,2026-01-14,11:51:37,INFO,InventoryDB,User u3464 login successful,E101,User {user} login successful
60340,2026-01-14,11:15:56,INFO,WebServer,Health check passed: WebServer,E102,Health check passed: {service}
60341,2026-01-14,11:13:12,INFO,WebServer,User u2986 login successful,E101,User {user} login successful
60342,2026-01-14,11:20:35,CRITICAL,WebServer,KERNEL PANIC: Node node-4 crashed,E601,KERNEL PANIC: Node {node} crashed
60343,2026-01-14,11:38:58,INFO,InventoryDB,Page view: /home by u3713,E103,Page view: {page} by {user}
60344,2026-01-14,11:35:33,INFO,OrderProcessor,User u4589 login successful,E101,User {user} login successful
60345,2026-01-14,11:29:55,INFO,WebServer,Transaction tx773187 completed in 629ms,E104,Transaction {tx} completed in {time}ms
60346,2026-01-14,11:14:44,INFO,WebServer,Transaction tx797636 completed in 372ms,E104,Transaction {tx} completed in {time}ms
60347,2026-01-14,11:52:39,INFO,WebServer,Health check passed: WebServer,E102,Health check passed: {service}
60348,2026-01-14,11:10:57,INFO,WebServer,Transaction tx620731 completed in 1201ms,E104,Transaction {tx} completed in {time}ms
60349,2026-01-14,11:32:29,INFO,PaymentGateway,User u2319 login successful,E101,User {user} login successful
60350,2026-01-14,11:16:57,INFO,WebServer,Transaction tx280979 completed in 1716ms,E104,Transaction {tx} completed in {time}ms
60351,2026-01-14,11:05:44,INFO,WebServer,Health check passed: WebServer,E102,Health check passed: {service}
60352,2026-01-14,11:39:48,INFO,WebServer,Health check passed: WebServer,E102,Health check passed: {service}
60353,2026-01-14,11:24:36,INFO,AuthService,Health check passed: AuthService,E102,Health check passed: {service}
60354,2026-01-14,11:43:46,INFO,OrderProcessor,User u2728 login successful,E101,User {user} login successful
60355,2026-01-14,11:45:26,INFO,WebServer,Page view: /home by u3612,E103,Page view: {page} by {user}
60356,2026-01-14,11:40:46,INFO,AuthService,Page view: /home by u4269,E103,Page view: {page} by {user}
60357,2026-01-14,11:59:14,INFO,AuthService,Health check passed: AuthService,E102,Health check passed: {service}
60358,2026-01-14,11:46:52,INFO,InventoryDB,Page view: /home by u1519,E103,Page view: {page} by {user}
60359,2026-01-14,11:14:38,INFO,WebServer,Page view: /home by u3663,E103,Page view: {page} by {user}
60360,2026-01-14,11:32:30,INFO,OrderProcessor,Page view: /home by u1987,E103,Page view: {page} by {user}
60361,2026-01-14,11:10:13,INFO,WebServer,Transaction tx630741 completed in 160ms,E104,Transaction {tx} completed in {time}ms
60362,2026-01-14,11:27:41,INFO,WebServer,Page view: /home by u1958,E103,Page view: {page} by {user}
60363,2026-01-14,11:33:27,INFO,PaymentGateway,Page view: /home by u2027,E103,Page view: {page} by {user}
60364,2026-01-14,11:09:59,INFO,OrderProcessor,User u3404 login successful,E101,User {user} login successful
60365,2026-01-14,11:53:52,INFO,PaymentGateway,Transaction tx261949 completed in 679ms,E104,Transaction {tx} completed in {time}ms
60366,2026-01-14,11:59:57,INFO,OrderProcessor,Transaction tx722778 completed in 1210ms,E104,Transaction {tx} completed in {time}ms
60367,2026-01-14,11:53:27,INFO,WebServer,Health check passed: WebServer,E102,Health check passed: {service}
60368,2026-01-14,11:37:05,INFO,WebServer,Health check passed: WebServer,E102,Health check passed: {service}
60369,2026-01-14,11:36:03,INFO,OrderProcessor,Transaction tx840709 completed in 90ms,E104,Transaction {tx} completed in {time}ms
60370,2026-01-14,11:03:11,INFO,AuthService,Transaction tx791502 completed in 1831ms,E104,Transaction {tx} completed in {time}ms
60371,2026-01-14,11:12:38,WARN,WebServer,High latency (1689ms) detected on WebServer,E201,High latency ({time}ms) detected on {service}
60372,2026-01-14,11:53:08,INFO,WebServer,Page view: /home by u2426,E103,Page view: {page} by {user}
60373,2026-01-14,11:09:24,INFO,WebServer,Transaction tx825073 completed in 1004ms,E104,Transaction {tx} completed in {time}ms
60374,2026-01-14,11:49:41,INFO,OrderProcessor,Page view: /home by u3388,E103,Page view: {page} by {user}
60375,2026-01-14,11:49:57,WARN,WebServer,Disk usage > 85% on node node-5,E202,Disk usage > 85% on node {node}
60376,2026-01-14,11:34:36,INFO,WebServer,Health check passed: WebServer,E102,Health check passed: {service}
60377,2026-01-14,11:20:03,ERROR,WebServer,Timeout waiting for lock on InventoryDB,E502,Timeout waiting for lock on {db}
60378,2026-01-14,11:53:23,INFO,WebServer,User u3828 login successful,E101,User {user} login successful
60379,2026-01-14,11:33:47,INFO,OrderProcessor,Health check passed: OrderProcessor,E102,Health check passed: {service}
60380,2026-01-14,11:24:17,INFO,WebServer,Health check passed: WebServer,E102,Health check passed: {service}
60381,2026-01-14,11:27:02,INFO,WebServer,Health check passed: WebServer,E102,Health check passed: {service}
60382,2026-01-14,11:06:52,INFO,OrderProcessor,Page view: /home by u2250,E103,Page view: {page} by {user}
60383,2026-01-14,11:01:45,INFO,WebServer,Health check passed: WebServer,E102,Health check passed: {service}
60384,2026-01-14,11:06:55,INFO,AuthService,User u4088 login successful,E101,User {user} login successful
60385,2026-01-14,11:58:14,INFO,WebServer,User u4118 login successful,E101,User {user} login successful
60386,2026-01-14,11:52:03,INFO,AuthService,Health check passed: AuthService,E102,Health check passed: {service}
60387,2026-01-14,11:07:19,INFO,WebServer,User u3303 login successful,E101,User {user} login successful
60388,2026-01-14,11:37:46,INFO,WebServer,Page view: /home by u3135,E103,Page view: {page} by {user}
60389,2026-01-14,11:40:43,INFO,WebServer,Transaction tx600732 completed in 1328ms,E104,Transaction {tx} completed in {time}ms
60390,2026-01-14,11:00:09,INFO,WebServer,User u2719 login successful,E101,User {user} login successful
60391,2026-01-14,11:52:03,INFO,WebServer,Health check passed: WebServer,E102,Health check passed: {service}
60392,2026-01-14,11:16:59,INFO,WebServer,Health check passed: WebServer,E102,Health check passed: {service}
60393,2026-01-14,11:50:02,INFO,InventoryDB,User u4355 login successful,E101,User {user} login successful
60394,2026-01-14,11:58:33,INFO,WebServer,Page view: /home by u3948,E103,Page view: {page} by {user}
60395,2026-01-14,11:10:37,INFO,AuthService,Transaction tx799039 completed in 1133ms,E104,Transaction {tx} completed in {time}ms
60396,2026-01-14,11:48:18,INFO,WebServer,User u3231 login successful,E101,User {user} login successful
60397,2026-01-14,11:36:22,INFO,AuthService,Page view: /home by u3381,E103,Page view: {page} by {user}
60398,2026-01-14,11:40:02,INFO,WebServer,Transaction tx173612 completed in 1020ms,E104,Transaction {tx} completed in {time}ms
60399,2026-01-14,11:17:28,INFO,WebServer,Transaction tx539972 completed in 906ms,E104,Transaction {tx} completed in {time}ms
60400,2026-01-14,11:12:29,INFO,WebServer,Page view: /home by u2476,E103,Page view: {page} by {user}
60401,2026-01-14,11:26:02,INFO,WebServer,Page view: /home by u2897,E103,Page view: {page} by {user}
60402,2026-01-14,11:47:22,INFO,AuthService,Health check passed: AuthService,E102,Health check passed: {service}
60403,2026-01-14,11:23:58,INFO,AuthService,Health check passed: AuthService,E102,Health check passed: {service}
60404,2026-01-14,11:46:27,INFO,AuthService,Transaction tx364329 completed in 88ms,E104,Transaction {tx} completed in {time}ms
60405,2026-01-14,11:24:15,ERROR,WebServer,Timeout waiting for lock on InventoryDB,E502,Timeout waiting for lock on {db}
60406,2026-01-14,11:24:45,INFO,AuthService,Health check passed: AuthService,E102,Health check passed: {service}
60407,2026-01-14,11:50:58,WARN,AuthService,High latency (538ms) detected on AuthService,E201,High latency ({time}ms) detected on {service}
60408,2026-01-14,11:15:22,INFO,AuthService,Transaction tx325464 completed in 1739ms,E104,Transaction {tx} completed in {time}ms
60409,2026-01-14,11:43:42,INFO,WebServer,Page view: /home by u1568,E103,Page view: {page} by {user}
60410,2026-01-14,11:26:04,INFO,WebServer,Health check passed: WebServer,E102,Health check passed: {service}
60411,2026-01-14,11:52:43,INFO,WebServer,User u1079 login successful,E101,User {user} login successful
60412,2026-01-14,11:51:09,INFO,OrderProcessor,Page view: /home by u3974,E103,Page view: {page} by {user}
60413,2026-01-14,11:06:14,INFO,AuthService,Transaction tx751381 completed in 1827ms,E104,Transaction {tx} completed in {time}ms
60414,2026-01-14,11:02:16,INFO,WebServer,Transaction tx953860 completed in 1168ms,E104,Transaction {tx} completed in {time}ms
60415,2026-01-14,11:54:54,INFO,WebServer,User u3020 login successful,E101,User {user} login successful
60416,2026-01-14,11:01:21,INFO,WebServer,Page view: /home by u2561,E103,Page view: {page} by {user}
60417,2026-01-14,11:36:17,INFO,WebServer,Transaction tx116894 completed in 822ms,E104,Transaction {tx} completed in {time}ms
60418,2026-01-14,11:43:40,INFO,WebServer,User u3032 login successful,E101,User {user} login successful
60419,2026-01-14,11:36:19,INFO,WebServer,Health check passed: WebServer,E102,Health check passed: {service}
60420,2026-01-14,11:06:17,INFO,WebServer,Health check passed: WebServer,E102,Health check passed: {service}
60421,2026-01-14,11:24:17,INFO,AuthService,Transaction tx477233 completed in 584ms,E104,Transaction {tx} completed in {time}ms
60422,2026-01-14,11:54:51,INFO,OrderProcessor,User u2115 login successful,E101,User {user} login successful
60423,2026-01-14,11:37:03,INFO,AuthService,Health check passed: AuthService,E102,Health check passed: {service}
60424,2026-01-14,11:32:40,INFO,WebServer,Page view: /home by u4544,E103,Page view: {page} by {user}
60425,2026-01-14,11:45:39,INFO,AuthService,User u4485 login successful,E101,User {user} login successful
60426,2026-01-14,11:35:21,INFO,PaymentGateway,Health check passed: PaymentGateway,E102,Health check passed: {service}
60427,2026-01-14,11:41:38,INFO,OrderProcessor,Page view: /home by u3060,E103,Page view: {page} by {user}
60428,2026-01-14,11:06:52,INFO,WebServer,Health check passed: WebServer,E102,Health check passed: {service}
60429,2026-01-14,11:32:48,INFO,WebServer,Page view: /home by u3030,E103,Page view: {page} by {user}
60430,2026-01-14,11:44:10,INFO,WebServer,Health check passed: WebServer,E102,Health check passed: {service}
60431,2026-01-14,11:12:51,INFO,WebServer,User u2077 login successful,E101,User {user} login successful
60432,2026-01-14,11:58:22,INFO,OrderProcessor,User u2402 login successful,E101,User {user} login successful
60433,2026-01-14,11:57:16,INFO,WebServer,Page view: /home by u4118,E103,Page view: {page} by {user}
60434,2026-01-14,11:29:39,INFO,PaymentGateway,Transaction tx133683 completed in 1948ms,E104,Transaction {tx} completed in {time}ms
60435,2026-01-14,11:18:58,INFO,AuthService,Health check passed: AuthService,E102,Health check passed: {service}
60436,2026-01-14,11:06:05,INFO,InventoryDB,User u4724 login successful,E101,User {user} login successful
60437,2026-01-14,11:30:28,INFO,WebServer,Transaction tx337154 completed in 841ms,E104,Transaction {tx} completed in {time}ms
60438,2026-01-14,11:55:48,INFO,AuthService,Health check passed: AuthService,E102,Health check passed: {service}
60439,2026-01-14,11:16:50,INFO,OrderProcessor,Health check passed: OrderProcessor,E102,Health check passed: {service}
60440,2026-01-14,11:34:31,INFO,AuthService,Page view: /home by u1508,E103,Page view: {page} by {user}
60441,2026-01-14,11:27:22,ERROR,AuthService,Payment declined: Gateway unavailable,E503,Payment declined: Gateway unavailable
60442,2026-01-14,11:28:44,INFO,WebServer,Page view: /home by u2548,E103,Page view: {page} by {user}
60443,2026-01-14,11:00:50,INFO,WebServer,Page view: /home by u3552,E103,Page view: {page} by {user}
60444,2026-01-14,11:05:28,INFO,PaymentGateway,User u4876 login successful,E101,User {user} login successful
60445,2026-01-14,11:22:20,WARN,OrderProcessor,Unauthorized access attempt from 10.0.0.45,E401,Unauthorized access attempt from {ip}
60446,2026-01-14,11:10:31,INFO,AuthService,Health check passed: AuthService,E102,Health check passed: {service}
60447,2026-01-14,11:22:23,INFO,AuthService,Health check passed: AuthService,E102,Health check passed: {service}
60448,2026-01-14,11:15:35,INFO,OrderProcessor,Health check passed: OrderProcessor,E102,Health check passed: {service}
60449,2026-01-14,11:39:53,INFO,OrderProcessor,Page view: /home by u2107,E103,Page view: {page} by {user}
60450,2026-01-14,11:34:23,INFO,WebServer,Health check passed: WebServer,E102,Health check passed: {service}
60451,2026-01-14,11:49:16,INFO,AuthService,Health check passed: AuthService,E102,Health check passed: {service}
60452,2026-01-14,11:28:33,INFO,WebServer,User u2056 login successful,E101,User {user} login successful
60453,2026-01-14,11:03:35,WARN,WebServer,High latency (1551ms) detected on WebServer,E201,High latency ({time}ms) detected on {service}
60454,2026-01-14,11:43:32,INFO,OrderProcessor,Transaction tx586469 completed in 1383ms,E104,Transaction {tx} completed in {time}ms
60455,2026-01-14,11:02:52,INFO,WebServer,Transaction tx295282 completed in 587ms,E104,Transaction {tx} completed in {time}ms
60456,2026-01-14,11:44:02,INFO,OrderProcessor,User u4392 login successful,E101,User {user} login successful
60457,2026-01-14,11:13:58,INFO,WebServer,Page view: /home by u2899,E103,Page view: {page} by {user}
60458,2026-01-14,11:55:37,INFO,OrderProcessor,Health check passed: OrderProcessor,E102,Health check passed: {service}
60459,2026-01-14,11:42:31,INFO,WebServer,Transaction tx726536 completed in 918ms,E104,Transaction {tx} completed in {time}ms
60460,2026-01-14,11:45:07,INFO,PaymentGateway,User u3744 login successful,E101,User {user} login successful
60461,2026-01-14,11:12:41,INFO,WebServer,Health check passed: WebServer,E102,Health check passed: {service}
60462,2026-01-14,11:05:47,INFO,WebServer,Page view: /home by u2484,E103,Page view: {page} by {user}
60463,2026-01-14,11:29:18,INFO,InventoryDB,User u3287 login successful,E101,User {user} login successful
60464,2026-01-14,11:54:29,INFO,WebServer,User u3514 login successful,E101,User {user} login successful
60465,2026-01-14,11:04:55,INFO,AuthService,Page view: /home by u3000,E103,Page view: {page} by {user}
60466,2026-01-14,11:06:19,INFO,WebServer,Transaction tx273078 completed in 1621ms,E104,Transaction {tx} completed in {time}ms
60467,2026-01-14,11:44:27,INFO,PaymentGateway,User u4661 login successful,E101,User {user} login successful
60468,2026-01-14,11:35:31,INFO,WebServer,User u4241 login successful,E101,User {user} login successful
60469,2026-01-14,11:23:26,INFO,PaymentGateway,Health check passed: PaymentGateway,E102,Health check passed: {service}
60470,2026-01-14,11:52:39,INFO,WebServer,Health check passed: WebServer,E102,Health check passed: {service}
60471,2026-01-14,11:12:20,INFO,WebServer,Health check passed: WebServer,E102,Health check passed: {service}
60472,2026-01-14,11:01:55,INFO,InventoryDB,Health check passed: InventoryDB,E102,Health check passed: {service}
60473,2026-01-14,11:52:22,WARN,WebServer,Disk usage > 85% on node node-2,E202,Disk usage > 85% on node {node}
60474,2026-01-14,11:03:46,INFO,WebServer,Health check passed: WebServer,E102,Health check passed: {service}
60475,2026-01-14,11:53:33,INFO,WebServer,Health check passed: WebServer,E102,Health check passed: {service}
60476,2026-01-14,11:57:47,INFO,AuthService,Transaction tx178703 completed in 1843ms,E104,Transaction {tx} completed in {time}ms
60477,2026-01-14,11:26:38,INFO,WebServer,Page view: /home by u4216,E103,Page view: {page} by {user}
60478,2026-01-14,11:18:57,INFO,OrderProcessor,Transaction tx273180 completed in 1247ms,E104,Transaction {tx} completed in {time}ms
60479,2026-01-14,11:10:41,INFO,OrderProcessor,Health check passed: OrderProcessor,E102,Health check passed: {service}
60480,2026-01-14,11:56:41,ERROR,WebServer,Timeout waiting for lock on InventoryDB,E502,Timeout waiting for lock on {db}
60481,2026-01-14,11:54:20,INFO,WebServer,User u2532 login successful,E101,User {user} login successful
60482,2026-01-14,11:19:46,INFO,OrderProcessor,User u4033 login successful,E101,User {user} login successful
60483,2026-01-14,11:34:52,INFO,WebServer,User u2382 login successful,E101,User {user} login successful
60484,2026-01-14,11:56:28,INFO,OrderProcessor,Transaction tx504556 completed in 843ms,E104,Transaction {tx} completed in {time}ms
60485,2026-01-14,11:58:36,INFO,OrderProcessor,Health check passed: OrderProcessor,E102,Health check passed: {service}
60486,2026-01-14,11:53:23,INFO,PaymentGateway,Health check passed: PaymentGateway,E102,Health check passed: {service}
60487,2026-01-14,11:41:46,INFO,WebServer,User u2263 login successful,E101,User {user} login successful
60488,2026-01-14,11:11:49,INFO,WebServer,Health check passed: WebServer,E102,Health check passed: {service}
60489,2026-01-14,11:05:42,WARN,OrderProcessor,High latency (1924ms) detected on OrderProcessor,E201,High latency ({time}ms) detected on {service}
60490,2026-01-14,11:42:13,INFO,AuthService,Transaction tx112020 completed in 361ms,E104,Transaction {tx} completed in {time}ms
60491,2026-01-14,11:09:26,INFO,WebServer,Page view: /home by u2510,E103,Page view: {page} by {user}
60492,2026-01-14,11:19:32,INFO,InventoryDB,User u3751 login successful,E101,User {user} login successful
60493,2026-01-14,11:27:25,INFO,WebServer,User u2726 login successful,E101,User {user} login successful
60494,2026-01-14,11:05:21,WARN,PaymentGateway,Unauthorized access attempt from 10.0.0.45,E401,Unauthorized access attempt from {ip}
60495,2026-01-14,11:41:20,INFO,WebServer,Health check passed: WebServer,E102,Health check passed: {service}
60496,2026-01-14,11:43:51,INFO,PaymentGateway,Transaction tx760195 completed in 77ms,E104,Transaction {tx} completed in {time}ms
60497,2026-01-14,11:15:35,INFO,WebServer,Page view: /home by u3244,E103,Page view: {page} by {user}
60498,2026-01-14,11:12:13,INFO,WebServer,User u2278 login successful,E101,User {user} login successful
60499,2026-01-14,11:29:30,INFO,WebServer,Transaction tx572062 completed in 309ms,E104,Transaction {tx} completed in {time}ms
60500,2026-01-14,11:04:23,INFO,WebServer,User u1760 login successful,E101,User {user} login successful
60501,2026-01-14,11:01:05,INFO,OrderProcessor,Health check passed: OrderProcessor,E102,Health check passed: {service}
60502,2026-01-14,11:13:37,INFO,OrderProcessor,User u2697 login successful,E101,User {user} login successful
60503,2026-01-14,11:05:08,WARN,AuthService,Unauthorized access attempt from 10.0.0.12,E401,Unauthorized access attempt from {ip}
60504,2026-01-14,11:25:43,INFO,PaymentGateway,User u3973 login successful,E101,User {user} login successful
60505,2026-01-14,11:15:29,INFO,WebServer,Health check passed: WebServer,E102,Health check passed: {service}
60506,2026-01-14,11:43:29,WARN,WebServer,High latency (563ms) detected on WebServer,E201,High latency ({time}ms) detected on {service}
60507,2026-01-14,11:44:30,INFO,WebServer,Transaction tx675152 completed in 197ms,E104,Transaction {tx} completed in {time}ms
60508,2026-01-14,11:29:51,INFO,OrderProcessor,Page view: /home by u3204,E103,Page view: {page} by {user}
60509,2026-01-14,11:43:47,INFO,OrderProcessor,Transaction tx993800 completed in 156ms,E104,Transaction {tx} completed in {time}ms
60510,2026-01-14,11:48:08,INFO,OrderProcessor,Page view: /home by u4975,E103,Page view: {page} by {user}
60511,2026-01-14,11:07:39,INFO,WebServer,Transaction tx365397 completed in 925ms,E104,Transaction {tx} completed in {time}ms
60512,2026-01-14,11:53:29,WARN,WebServer,High latency (960ms) detected on WebServer,E201,High latency ({time}ms) detected on {service}
60513,2026-01-14,11:24:38,INFO,OrderProcessor,Transaction tx991110 completed in 761ms,E104,Transaction {tx} completed in {time}ms
60514,2026-01-14,11:02:14,INFO,WebServer,User u1024 login successful,E101,User {user} login successful
60515,2026-01-14,11:53:01,INFO,OrderProcessor,User u5000 login successful,E101,User {user} login successful
60516,2026-01-14,11:42:48,INFO,InventoryDB,User u2272 login successful,E101,User {user} login successful
60517,2026-01-14,11:33:25,INFO,WebServer,Page view: /home by u2675,E103,Page view: {page} by {user}
60518,2026-01-14,11:54:59,INFO,WebServer,Page view: /home by u3654,E103,Page view: {page} by {user}
60519,2026-01-14,11:53:57,WARN,PaymentGateway,Disk usage > 85% on node node-1,E202,Disk usage > 85% on node {node}
60520,2026-01-14,11:00:32,INFO,OrderProcessor,User u3841 login successful,E101,User {user} login successful
60521,2026-01-14,11:51:20,INFO,WebServer,Health check passed: WebServer,E102,Health check passed: {service}
60522,2026-01-14,11:24:09,INFO,InventoryDB,User u2953 login successful,E101,User {user} login successful
60523,2026-01-14,11:56:07,INFO,WebServer,User u2465 login successful,E101,User {user} login successful
60524,2026-01-14,11:28:16,INFO,AuthService,Page view: /home by u4671,E103,Page view: {page} by {user}
60525,2026-01-14,11:58:14,INFO,OrderProcessor,Page view: /home by u2424,E103,Page view: {page} by {user}
60526,2026-01-14,11:43:46,INFO,OrderProcessor,User u2553 login successful,E101,User {user} login successful
60527,2026-01-14,11:33:37,WARN,WebServer,Disk usage > 85% on node node-5,E202,Disk usage > 85% on node {node}
60528,2026-01-14,11:14:20,CRITICAL,OrderProcessor,KERNEL PANIC: Node node-5 crashed,E601,KERNEL PANIC: Node {node} crashed
60529,2026-01-14,11:11:32,INFO,WebServer,Transaction tx945508 completed in 1866ms,E104,Transaction {tx} completed in {time}ms
60530,2026-01-14,11:08:22,INFO,AuthService,Page view: /home by u4071,E103,Page view: {page} by {user}
60531,2026-01-14,11:58:36,INFO,WebServer,Health check passed: WebServer,E102,Health check passed: {service}
60532,2026-01-14,11:39:54,INFO,AuthService,User u4317 login successful,E101,User {user} login successful
60533,2026-01-14,11:28:51,INFO,WebServer,Page view: /home by u3202,E103,Page view: {page} by {user}
60534,2026-01-14,11:00:38,INFO,OrderProcessor,Health check passed: OrderProcessor,E102,Health check passed: {service}
60535,2026-01-14,11:11:18,INFO,WebServer,Page view: /home by u1287,E103,Page view: {page} by {user}
60536,2026-01-14,11:33:04,INFO,AuthService,Health check passed: AuthService,E102,Health check passed: {service}
60537,2026-01-14,11:53:25,INFO,WebServer,Transaction tx606623 completed in 724ms,E104,Transaction {tx} completed in {time}ms
60538,2026-01-14,11:01:07,INFO,PaymentGateway,Transaction tx817238 completed in 449ms,E104,Transaction {tx} completed in {time}ms
60539,2026-01-14,11:26:45,INFO,WebServer,Page view: /home by u1158,E103,Page view: {page} by {user}
60540,2026-01-14,11:51:21,INFO,AuthService,Health check passed: AuthService,E102,Health check passed: {service}
60541,2026-01-14,11:41:07,INFO,AuthService,Health check passed: AuthService,E102,Health check passed: {service}
60542,2026-01-14,11:31:55,INFO,OrderProcessor,Page view: /home by u1896,E103,Page view: {page} by {user}
60543,2026-01-14,11:46:59,INFO,WebServer,Health check passed: WebServer,E102,Health check passed: {service}
60544,2026-01-14,11:26:15,INFO,WebServer,Health check passed: WebServer,E102,Health check passed: {service}
60545,2026-01-14,11:17:45,INFO,WebServer,Health check passed: WebServer,E102,Health check passed: {service}
60546,2026-01-14,11:16:21,WARN,AuthService,Unauthorized access attempt from 10.0.0.88,E401,Unauthorized access attempt from {ip}
60547,2026-01-14,11:47:55,INFO,WebServer,User u4018 login successful,E101,User {user} login successful
60548,2026-01-14,11:52:17,INFO,WebServer,Transaction tx395192 completed in 1840ms,E104,Transaction {tx} completed in {time}ms
60549,2026-01-14,11:56:28,INFO,AuthService,Health check passed: AuthService,E102,Health check passed: {service}
60550,2026-01-14,11:33:44,INFO,WebServer,Transaction tx574939 completed in 726ms,E104,Transaction {tx} completed in {time}ms
60551,2026-01-14,11:22:44,INFO,AuthService,User u1717 login successful,E101,User {user} login successful
60552,2026-01-14,11:17:01,INFO,WebServer,Health check passed: WebServer,E102,Health check passed: {service}
60553,2026-01-14,11:21:45,INFO,WebServer,Page view: /home by u4742,E103,Page view: {page} by {user}
60554,2026-01-14,11:45:41,INFO,OrderProcessor,User u2050 login successful,E101,User {user} login successful
60555,2026-01-14,11:45:40,INFO,WebServer,Transaction tx804261 completed in 1231ms,E104,Transaction {tx} completed in {time}ms
60556,2026-01-14,11:36:29,INFO,AuthService,User u3417 login successful,E101,User {user} login successful
60557,2026-01-14,11:18:37,INFO,WebServer,Health check passed: WebServer,E102,Health check passed: {service}
60558,2026-01-14,11:05:32,INFO,WebServer,Health check passed: WebServer,E102,Health check passed: {service}
60559,2026-01-14,11:56:17,INFO,WebServer,Health check passed: WebServer,E102,Health check passed: {service}
60560,2026-01-14,11:01:19,INFO,InventoryDB,Transaction tx127806 completed in 667ms,E104,Transaction {tx} completed in {time}ms
60561,2026-01-14,11:39:01,INFO,WebServer,Page view: /home by u2228,E103,Page view: {page} by {user}
60562,2026-01-14,11:34:48,INFO,WebServer,Page view: /home by u3446,E103,Page view: {page} by {user}
60563,2026-01-14,11:49:18,WARN,InventoryDB,Unauthorized access attempt from 10.0.0.45,E401,Unauthorized access attempt from {ip}
60564,2026-01-14,11:35:02,INFO,WebServer,Health check passed: WebServer,E102,Health check passed: {service}
60565,2026-01-14,11:38:23,INFO,WebServer,Health check passed: WebServer,E102,Health check passed: {service}
60566,2026-01-14,11:09:45,WARN,WebServer,High latency (939ms) detected on WebServer,E201,High latency ({time}ms) detected on {service}
60567,2026-01-14,11:09:28,WARN,AuthService,Disk usage > 85% on node node-3,E202,Disk usage > 85% on node {node}
60568,2026-01-14,11:17:32,INFO,AuthService,Health check passed: AuthService,E102,Health check passed: {service}
60569,2026-01-14,11:50:39,INFO,OrderProcessor,Health check passed: OrderProcessor,E102,Health check passed: {service}
60570,2026-01-14,11:41:26,INFO,PaymentGateway,Page view: /home by u3689,E103,Page view: {page} by {user}
60571,2026-01-14,11:19:30,INFO,WebServer,Transaction tx957471 completed in 1843ms,E104,Transaction {tx} completed in {time}ms
60572,2026-01-14,11:06:39,INFO,AuthService,Transaction tx396577 completed in 522ms,E104,Transaction {tx} completed in {time}ms
60573,2026-01-14,11:59:20,WARN,AuthService,High latency (1345ms) detected on AuthService,E201,High latency ({time}ms) detected on {service}
60574,2026-01-14,11:10:39,INFO,WebServer,Transaction tx174769 completed in 107ms,E104,Transaction {tx} completed in {time}ms
60575,2026-01-14,11:18:56,WARN,WebServer,High latency (1295ms) detected on WebServer,E201,High latency ({time}ms) detected on {service}
60576,2026-01-14,11:52:18,INFO,OrderProcessor,Page view: /home by u1160,E103,Page view: {page} by {user}
60577,2026-01-14,11:44:48,INFO,WebServer,Page view: /home by u2046,E103,Page view: {page} by {user}
60578,2026-01-14,11:08:30,INFO,PaymentGateway,User u2406 login successful,E101,User {user} login successful
60579,2026-01-14,11:48:40,INFO,AuthService,User u2695 login successful,E101,User {user} login successful
60580,2026-01-14,11:42:35,INFO,WebServer,Health check passed: WebServer,E102,Health check passed: {service}
60581,2026-01-14,11:33:18,INFO,PaymentGateway,User u1838 login successful,E101,User {user} login successful
60582,2026-01-14,11:10:41,INFO,AuthService,User u3185 login successful,E101,User {user} login successful
60583,2026-01-14,11:43:06,INFO,InventoryDB,Transaction tx179379 completed in 1194ms,E104,Transaction {tx} completed in {time}ms
60584,2026-01-14,11:50:01,INFO,WebServer,Page view: /home by u1453,E103,Page view: {page} by {user}
60585,2026-01-14,11:03:13,INFO,WebServer,User u2986 login successful,E101,User {user} login successful
60586,2026-01-14,11:40:47,INFO,WebServer,User u4909 login successful,E101,User {user} login successful
60587,2026-01-14,11:47:44,INFO,WebServer,Health check passed: WebServer,E102,Health check passed: {service}
60588,2026-01-14,11:21:42,INFO,WebServer,Page view: /home by u3543,E103,Page view: {page} by {user}
60589,2026-01-14,11:52:17,INFO,WebServer,Page view: /home by u4660,E103,Page view: {page} by {user}
60590,2026-01-14,11:12:47,INFO,PaymentGateway,Transaction tx474889 completed in 212ms,E104,Transaction {tx} completed in {time}ms
60591,2026-01-14,11:38:18,INFO,WebServer,Health check passed: WebServer,E102,Health check passed: {service}
60592,2026-01-14,11:39:36,INFO,OrderProcessor,Transaction tx219044 completed in 599ms,E104,Transaction {tx} completed in {time}ms
60593,2026-01-14,11:38:35,INFO,AuthService,Health check passed: AuthService,E102,Health check passed: {service}
60594,2026-01-14,11:52:34,INFO,AuthService,User u3149 login successful,E101,User {user} login successful
60595,2026-01-14,11:23:55,INFO,OrderProcessor,User u4109 login successful,E101,User {user} login successful
60596,2026-01-14,11:19:54,INFO,WebServer,User u4978 login successful,E101,User {user} login successful
60597,2026-01-14,11:30:37,INFO,AuthService,Page view: /home by u1716,E103,Page view: {page} by {user}
60598,2026-01-14,11:12:35,INFO,AuthService,Transaction tx485626 completed in 1395ms,E104,Transaction {tx} completed in {time}ms
60599,2026-01-14,11:09:38,INFO,WebServer,Health check passed: WebServer,E102,Health check passed: {service}
60600,2026-01-14,11:39:45,INFO,OrderProcessor,Page view: /home by u1591,E103,Page view: {page} by {user}
60601,2026-01-14,11:41:39,INFO,PaymentGateway,Transaction tx550085 completed in 1121ms,E104,Transaction {tx} completed in {time}ms
60602,2026-01-14,11:09:55,INFO,WebServer,Page view: /home by u2907,E103,Page view: {page} by {user}
60603,2026-01-14,11:30:06,INFO,WebServer,Transaction tx237214 completed in 947ms,E104,Transaction {tx} completed in {time}ms
60604,2026-01-14,11:48:12,INFO,WebServer,Transaction tx525057 completed in 777ms,E104,Transaction {tx} completed in {time}ms
60605,2026-01-14,11:29:29,INFO,PaymentGateway,Health check passed: PaymentGateway,E102,Health check passed: {service}
60606,2026-01-14,11:02:30,INFO,AuthService,User u3153 login successful,E101,User {user} login successful
60607,2026-01-14,11:58:42,INFO,WebServer,Page view: /home by u4394,E103,Page view: {page} by {user}
60608,2026-01-14,11:08:30,INFO,WebServer,Transaction tx438209 completed in 580ms,E104,Transaction {tx} completed in {time}ms
60609,2026-01-14,11:43:40,INFO,WebServer,Transaction tx835243 completed in 1317ms,E104,Transaction {tx} completed in {time}ms
60610,2026-01-14,11:01:51,INFO,AuthService,Page view: /home by u4146,E103,Page view: {page} by {user}
60611,2026-01-14,11:04:39,INFO,AuthService,Transaction tx888636 completed in 961ms,E104,Transaction {tx} completed in {time}ms
60612,2026-01-14,11:22:37,INFO,PaymentGateway,Transaction tx340014 completed in 959ms,E104,Transaction {tx} completed in {time}ms
60613,2026-01-14,11:30:01,INFO,WebServer,Health check passed: WebServer,E102,Health check passed: {service}
60614,2026-01-14,11:42:23,INFO,OrderProcessor,Transaction tx463387 completed in 745ms,E104,Transaction {tx} completed in {time}ms
60615,2026-01-14,11:15:41,INFO,WebServer,Transaction tx535735 completed in 289ms,E104,Transaction {tx} completed in {time}ms
60616,2026-01-14,11:52:35,INFO,AuthService,User u3771 login successful,E101,User {user} login successful
60617,2026-01-14,11:33:26,INFO,WebServer,User u1198 login successful,E101,User {user} login successful
60618,2026-01-14,11:17:46,INFO,PaymentGateway,Transaction tx900939 completed in 1921ms,E104,Transaction {tx} completed in {time}ms
60619,2026-01-14,11:32:12,INFO,WebServer,Health check passed: WebServer,E102,Health check passed: {service}
60620,2026-01-14,11:15:33,INFO,InventoryDB,Health check passed: InventoryDB,E102,Health check passed: {service}
60621,2026-01-14,11:24:03,INFO,PaymentGateway,Page view: /home by u3164,E103,Page view: {page} by {user}
60622,2026-01-14,11:35:25,INFO,WebServer,Page view: /home by u3431,E103,Page view: {page} by {user}
60623,2026-01-14,11:54:53,INFO,OrderProcessor,User u3857 login successful,E101,User {user} login successful
60624,2026-01-14,11:46:43,INFO,WebServer,Transaction tx977559 completed in 880ms,E104,Transaction {tx} completed in {time}ms
60625,2026-01-14,11:41:35,INFO,AuthService,Transaction tx785473 completed in 1895ms,E104,Transaction {tx} completed in {time}ms
60626,2026-01-14,11:43:12,INFO,WebServer,Health check passed: WebServer,E102,Health check passed: {service}
60627,2026-01-14,11:08:27,INFO,PaymentGateway,Page view: /home by u4576,E103,Page view: {page} by {user}
60628,2026-01-14,11:19:23,INFO,AuthService,Health check passed: AuthService,E102,Health check passed: {service}
60629,2026-01-14,11:33:21,INFO,PaymentGateway,User u3865 login successful,E101,User {user} login successful
60630,2026-01-14,11:47:52,INFO,OrderProcessor,User u3489 login successful,E101,User {user} login successful
60631,2026-01-14,11:44:53,WARN,PaymentGateway,Unauthorized access attempt from 10.0.0.45,E401,Unauthorized access attempt from {ip}
60632,2026-01-14,11:58:44,INFO,WebServer,Transaction tx614279 completed in 304ms,E104,Transaction {tx} completed in {time}ms
60633,2026-01-14,11:03:54,INFO,OrderProcessor,Transaction tx272175 completed in 174ms,E104,Transaction {tx} completed in {time}ms
60634,2026-01-14,11:32:26,INFO,OrderProcessor,User u3316 login successful,E101,User {user} login successful
60635,2026-01-14,11:26:56,INFO,WebServer,User u2529 login successful,E101,User {user} login successful
60636,2026-01-14,11:41:19,INFO,AuthService,Transaction tx898803 completed in 1874ms,E104,Transaction {tx} completed in {time}ms
60637,2026-01-14,11:05:37,INFO,OrderProcessor,User u1028 login successful,E101,User {user} login successful
60638,2026-01-14,11:26:44,INFO,AuthService,Page view: /home by u3087,E103,Page view: {page} by {user}
60639,2026-01-14,11:08:06,INFO,WebServer,Transaction tx992502 completed in 444ms,E104,Transaction {tx} completed in {time}ms
60640,2026-01-14,11:49:33,INFO,PaymentGateway,Health check passed: PaymentGateway,E102,Health check passed: {service}
60641,2026-01-14,11:42:38,INFO,OrderProcessor,Transaction tx159623 completed in 789ms,E104,Transaction {tx} completed in {time}ms
60642,2026-01-14,11:01:53,INFO,WebServer,Page view: /home by u3946,E103,Page view: {page} by {user}
60643,2026-01-14,11:11:12,WARN,AuthService,Unauthorized access attempt from 10.0.0.99,E401,Unauthorized access attempt from {ip}
60644,2026-01-14,11:14:59,INFO,PaymentGateway,Transaction tx772724 completed in 1447ms,E104,Transaction {tx} completed in {time}ms
60645,2026-01-14,11:18:57,WARN,AuthService,High latency (1673ms) detected on AuthService,E201,High latency ({time}ms) detected on {service}
60646,2026-01-14,11:10:39,INFO,OrderProcessor,Transaction tx177669 completed in 1402ms,E104,Transaction {tx} completed in {time}ms
60647,2026-01-14,11:06:32,INFO,WebServer,Page view: /home by u4810,E103,Page view: {page} by {user}
60648,2026-01-14,11:24:26,INFO,WebServer,Health check passed: WebServer,E102,Health check passed: {service}
60649,2026-01-14,11:00:44,INFO,WebServer,Transaction tx297960 completed in 1880ms,E104,Transaction {tx} completed in {time}ms
60650,2026-01-14,11:00:33,INFO,AuthService,Page view: /home by u4111,E103,Page view: {page} by {user}
60651,2026-01-14,11:55:51,INFO,WebServer,Transaction tx222438 completed in 1070ms,E104,Transaction {tx} completed in {time}ms
60652,2026-01-14,11:13:43,INFO,WebServer,Transaction tx261168 completed in 59ms,E104,Transaction {tx} completed in {time}ms
60653,2026-01-14,11:13:56,INFO,WebServer,Health check passed: WebServer,E102,Health check passed: {service}
60654,2026-01-14,11:04:13,INFO,OrderProcessor,User u4467 login successful,E101,User {user} login successful
60655,2026-01-14,11:55:44,INFO,PaymentGateway,Transaction tx323792 completed in 1144ms,E104,Transaction {tx} completed in {time}ms
60656,2026-01-14,11:21:36,INFO,WebServer,Health check passed: WebServer,E102,Health check passed: {service}
60657,2026-01-14,11:45:39,INFO,WebServer,Transaction tx282207 completed in 290ms,E104,Transaction {tx} completed in {time}ms
60658,2026-01-14,11:45:14,INFO,AuthService,Health check passed: AuthService,E102,Health check passed: {service}
60659,2026-01-14,11:39:36,INFO,WebServer,Health check passed: WebServer,E102,Health check passed: {service}
60660,2026-01-14,11:35:40,INFO,WebServer,User u4744 login successful,E101,User {user} login successful
60661,2026-01-14,11:12:45,INFO,OrderProcessor,Transaction tx991721 completed in 1031ms,E104,Transaction {tx} completed in {time}ms
60662,2026-01-14,11:28:13,INFO,WebServer,Transaction tx313789 completed in 1225ms,E104,Transaction {tx} completed in {time}ms
60663,2026-01-14,11:25:27,INFO,WebServer,User u4568 login successful,E101,User {user} login successful
60664,2026-01-14,11:08:35,INFO,WebServer,Health check passed: WebServer,E102,Health check passed: {service}
60665,2026-01-14,11:05:56,INFO,WebServer,Health check passed: WebServer,E102,Health check passed: {service}
60666,2026-01-14,11:38:28,INFO,WebServer,Transaction tx520069 completed in 239ms,E104,Transaction {tx} completed in {time}ms
60667,2026-01-14,11:18:00,INFO,WebServer,Transaction tx282262 completed in 1632ms,E104,Transaction {tx} completed in {time}ms
60668,2026-01-14,11:30:09,INFO,WebServer,Health check passed: WebServer,E102,Health check passed: {service}
60669,2026-01-14,11:10:41,INFO,WebServer,Health check passed: WebServer,E102,Health check passed: {service}
60670,2026-01-14,11:34:03,INFO,WebServer,Transaction tx542715 completed in 509ms,E104,Transaction {tx} completed in {time}ms
60671,2026-01-14,11:59:50,INFO,WebServer,Health check passed: WebServer,E102,Health check passed: {service}
60672,2026-01-14,11:51:59,INFO,WebServer,User u1872 login successful,E101,User {user} login successful
60673,2026-01-14,11:36:17,INFO,OrderProcessor,Health check passed: OrderProcessor,E102,Health check passed: {service}
60674,2026-01-14,11:44:03,INFO,WebServer,User u2846 login successful,E101,User {user} login successful
60675,2026-01-14,11:51:18,INFO,PaymentGateway,User u4026 login successful,E101,User {user} login successful
60676,2026-01-14,11:45:22,INFO,WebServer,Transaction tx803372 completed in 431ms,E104,Transaction {tx} completed in {time}ms
60677,2026-01-14,11:34:26,INFO,OrderProcessor,Health check passed: OrderProcessor,E102,Health check passed: {service}
60678,2026-01-14,11:08:55,INFO,WebServer,Health check passed: WebServer,E102,Health check passed: {service}
60679,2026-01-14,11:31:34,INFO,WebServer,User u1209 login successful,E101,User {user} login successful
60680,2026-01-14,11:01:47,INFO,OrderProcessor,User u2454 login successful,E101,User {user} login successful
60681,2026-01-14,11:59:37,INFO,OrderProcessor,Transaction tx928632 completed in 1730ms,E104,Transaction {tx} completed in {time}ms
60682,2026-01-14,11:47:15,INFO,WebServer,Page view: /home by u3496,E103,Page view: {page} by {user}
60683,2026-01-14,11:14:49,INFO,WebServer,User u4121 login successful,E101,User {user} login successful
60684,2026-01-14,11:40:35,INFO,OrderProcessor,Transaction tx928823 completed in 258ms,E104,Transaction {tx} completed in {time}ms
60685,2026-01-14,11:20:25,INFO,WebServer,Page view: /home by u4707,E103,Page view: {page} by {user}
60686,2026-01-14,11:01:35,INFO,PaymentGateway,User u2252 login successful,E101,User {user} login successful
60687,2026-01-14,11:41:54,INFO,PaymentGateway,Health check passed: PaymentGateway,E102,Health check passed: {service}
60688,2026-01-14,11:47:26,INFO,WebServer,User u1231 login successful,E101,User {user} login successful
60689,2026-01-14,11:05:07,INFO,OrderProcessor,Health check passed: OrderProcessor,E102,Health check passed: {service}
60690,2026-01-14,11:19:52,INFO,WebServer,Transaction tx349323 completed in 1517ms,E104,Transaction {tx} completed in {time}ms
60691,2026-01-14,11:21:53,WARN,PaymentGateway,Unauthorized access attempt from 10.0.0.45,E401,Unauthorized access attempt from {ip}
60692,2026-01-14,11:36:36,INFO,WebServer,Transaction tx834482 completed in 1082ms,E104,Transaction {tx} completed in {time}ms
60693,2026-01-14,11:19:39,INFO,AuthService,Transaction tx854507 completed in 20ms,E104,Transaction {tx} completed in {time}ms
60694,2026-01-14,11:07:37,WARN,WebServer,Unauthorized access attempt from 10.0.0.45,E401,Unauthorized access attempt from {ip}
60695,2026-01-14,11:58:57,INFO,AuthService,Page view: /home by u2600,E103,Page view: {page} by {user}
60696,2026-01-14,11:38:55,INFO,AuthService,Page view: /home by u3582,E103,Page view: {page} by {user}
60697,2026-01-14,11:53:19,INFO,WebServer,Page view: /home by u3559,E103,Page view: {page} by {user}
60698,2026-01-14,11:37:48,INFO,PaymentGateway,Page view: /home by u1942,E103,Page view: {page} by {user}
60699,2026-01-14,11:24:54,INFO,WebServer,Page view: /home by u1929,E103,Page view: {page} by {user}
60700,2026-01-14,11:35:54,INFO,WebServer,Page view: /home by u1543,E103,Page view: {page} by {user}
60701,2026-01-14,11:57:53,INFO,WebServer,Page view: /home by u2715,E103,Page view: {page} by {user}
60702,2026-01-14,11:49:19,INFO,PaymentGateway,Health check passed: PaymentGateway,E102,Health check passed: {service}
60703,2026-01-14,11:38:32,INFO,WebServer,Transaction tx206139 completed in 1738ms,E104,Transaction {tx} completed in {time}ms
60704,2026-01-14,11:59:38,INFO,WebServer,Transaction tx906307 completed in 1919ms,E104,Transaction {tx} completed in {time}ms
60705,2026-01-14,11:55:31,WARN,OrderProcessor,High latency (1807ms) detected on OrderProcessor,E201,High latency ({time}ms) detected on {service}
60706,2026-01-14,11:11:49,INFO,OrderProcessor,Page view: /home by u1513,E103,Page view: {page} by {user}
60707,2026-01-14,11:28:59,INFO,OrderProcessor,Health check passed: OrderProcessor,E102,Health check passed: {service}
60708,2026-01-14,11:03:01,INFO,WebServer,User u1479 login successful,E101,User {user} login successful
60709,2026-01-14,11:41:04,INFO,WebServer,Health check passed: WebServer,E102,Health check passed: {service}
60710,2026-01-14,11:35:49,INFO,WebServer,User u4795 login successful,E101,User {user} login successful
60711,2026-01-14,11:14:51,INFO,WebServer,Page view: /home by u1464,E103,Page view: {page} by {user}
60712,2026-01-14,11:01:50,INFO,WebServer,Transaction tx504691 completed in 1241ms,E104,Transaction {tx} completed in {time}ms
60713,2026-01-14,11:00:42,INFO,InventoryDB,Page view: /home by u3669,E103,Page view: {page} by {user}
60714,2026-01-14,11:07:48,INFO,WebServer,Health check passed: WebServer,E102,Health check passed: {service}
60715,2026-01-14,11:45:26,INFO,WebServer,Page view: /home by u3965,E103,Page view: {page} by {user}
60716,2026-01-14,11:07:47,INFO,PaymentGateway,Page view: /home by u1321,E103,Page view: {page} by {user}
60717,2026-01-14,11:27:06,INFO,WebServer,Page view: /home by u4653,E103,Page view: {page} by {user}
60718,2026-01-14,11:39:18,INFO,PaymentGateway,User u1902 login successful,E101,User {user} login successful
60719,2026-01-14,11:42:31,INFO,WebServer,Transaction tx426362 completed in 441ms,E104,Transaction {tx} completed in {time}ms
60720,2026-01-14,11:19:49,INFO,InventoryDB,Transaction tx837891 completed in 400ms,E104,Transaction {tx} completed in {time}ms
60721,2026-01-14,11:50:14,ERROR,WebServer,Connection refused to WebServer at 10.0.0.88,E501,Connection refused to {service} at {ip}
60722,2026-01-14,11:28:59,INFO,PaymentGateway,Page view: /home by u2926,E103,Page view: {page} by {user}
60723,2026-01-14,11:20:54,INFO,AuthService,Transaction tx204807 completed in 1331ms,E104,Transaction {tx} completed in {time}ms
60724,2026-01-14,11:22:50,INFO,AuthService,Page view: /home by u3855,E103,Page view: {page} by {user}
60725,2026-01-14,11:20:35,INFO,WebServer,Health check passed: WebServer,E102,Health check passed: {service}
60726,2026-01-14,11:34:49,INFO,PaymentGateway,User u3492 login successful,E101,User {user} login successful
60727,2026-01-14,11:30:28,INFO,WebServer,User u2037 login successful,E101,User {user} login successful
60728,2026-01-14,11:37:06,INFO,WebServer,User u4978 login successful,E101,User {user} login successful
60729,2026-01-14,11:36:23,INFO,AuthService,Page view: /home by u2412,E103,Page view: {page} by {user}
60730,2026-01-14,11:47:16,WARN,WebServer,Disk usage > 85% on node node-3,E202,Disk usage > 85% on node {node}
60731,2026-01-14,11:00:57,INFO,OrderProcessor,Page view: /home by u3812,E103,Page view: {page} by {user}
60732,2026-01-14,11:05:01,INFO,WebServer,User u3627 login successful,E101,User {user} login successful
60733,2026-01-14,11:25:29,INFO,WebServer,Page view: /home by u2144,E103,Page view: {page} by {user}
60734,2026-01-14,11:17:19,INFO,AuthService,User u3196 login successful,E101,User {user} login successful
60735,2026-01-14,11:53:51,INFO,WebServer,Page view: /home by u2861,E103,Page view: {page} by {user}
60736,2026-01-14,11:10:38,INFO,WebServer,Transaction tx259163 completed in 1578ms,E104,Transaction {tx} completed in {time}ms
60737,2026-01-14,11:28:44,INFO,WebServer,Transaction tx714068 completed in 332ms,E104,Transaction {tx} completed in {time}ms
60738,2026-01-14,11:56:02,INFO,AuthService,Page view: /home by u3994,E103,Page view: {page} by {user}
60739,2026-01-14,11:30:27,INFO,AuthService,Page view: /home by u2875,E103,Page view: {page} by {user}
60740,2026-01-14,11:18:38,INFO,WebServer,Health check passed: WebServer,E102,Health check passed: {service}
60741,2026-01-14,11:34:33,INFO,WebServer,Transaction tx792532 completed in 888ms,E104,Transaction {tx} completed in {time}ms
60742,2026-01-14,11:37:22,INFO,OrderProcessor,Health check passed: OrderProcessor,E102,Health check passed: {service}
60743,2026-01-14,11:10:01,INFO,WebServer,Page view: /home by u4746,E103,Page view: {page} by {user}
60744,2026-01-14,11:53:43,INFO,WebServer,User u2676 login successful,E101,User {user} login successful
60745,2026-01-14,11:00:42,WARN,WebServer,Disk usage > 85% on node node-4,E202,Disk usage > 85% on node {node}
60746,2026-01-14,11:08:28,INFO,WebServer,User u4936 login successful,E101,User {user} login successful
60747,2026-01-14,11:18:17,INFO,WebServer,Page view: /home by u4321,E103,Page view: {page} by {user}
60748,2026-01-14,11:02:13,INFO,WebServer,User u4896 login successful,E101,User {user} login successful
60749,2026-01-14,11:06:08,INFO,WebServer,Health check passed: WebServer,E102,Health check passed: {service}
60750,2026-01-14,11:51:20,INFO,WebServer,User u3549 login successful,E101,User {user} login successful
60751,2026-01-14,11:00:36,INFO,WebServer,Health check passed: WebServer,E102,Health check passed: {service}
60752,2026-01-14,11:30:07,INFO,AuthService,User u1994 login successful,E101,User {user} login successful
60753,2026-01-14,11:13:43,INFO,OrderProcessor,User u4028 login successful,E101,User {user} login successful
60754,2026-01-14,11:28:38,INFO,WebServer,Page view: /home by u2015,E103,Page view: {page} by {user}
60755,2026-01-14,11:41:33,INFO,WebServer,Transaction tx309970 completed in 1238ms,E104,Transaction {tx} completed in {time}ms
60756,2026-01-14,11:49:07,INFO,WebServer,Page view: /home by u4967,E103,Page view: {page} by {user}
60757,2026-01-14,11:19:05,INFO,WebServer,Transaction tx524632 completed in 1270ms,E104,Transaction {tx} completed in {time}ms
60758,2026-01-14,11:56:47,INFO,OrderProcessor,User u2235 login successful,E101,User {user} login successful
60759,2026-01-14,11:07:43,INFO,WebServer,Transaction tx613474 completed in 308ms,E104,Transaction {tx} completed in {time}ms
60760,2026-01-14,11:14:43,INFO,WebServer,Transaction tx730123 completed in 495ms,E104,Transaction {tx} completed in {time}ms
60761,2026-01-14,11:17:56,WARN,AuthService,Disk usage > 85% on node node-5,E202,Disk usage > 85% on node {node}
60762,2026-01-14,11:36:37,INFO,InventoryDB,Page view: /home by u1810,E103,Page view: {page} by {user}
60763,2026-01-14,11:11:52,INFO,WebServer,Page view: /home by u1334,E103,Page view: {page} by {user}
60764,2026-01-14,11:49:30,INFO,AuthService,Transaction tx606078 completed in 1170ms,E104,Transaction {tx} completed in {time}ms
60765,2026-01-14,11:51:57,INFO,AuthService,Transaction tx264993 completed in 1167ms,E104,Transaction {tx} completed in {time}ms
60766,2026-01-14,11:50:16,INFO,OrderProcessor,Health check passed: OrderProcessor,E102,Health check passed: {service}
60767,2026-01-14,11:54:39,INFO,AuthService,Page view: /home by u4357,E103,Page view: {page} by {user}
60768,2026-01-14,11:01:54,INFO,WebServer,Page view: /home by u1718,E103,Page view: {page} by {user}
60769,2026-01-14,11:02:05,INFO,PaymentGateway,Health check passed: PaymentGateway,E102,Health check passed: {service}
60770,2026-01-14,11:38:40,INFO,WebServer,Transaction tx640668 completed in 1300ms,E104,Transaction {tx} completed in {time}ms
60771,2026-01-14,11:09:16,INFO,WebServer,Transaction tx280236 completed in 1818ms,E104,Transaction {tx} completed in {time}ms
60772,2026-01-14,11:06:39,INFO,PaymentGateway,Health check passed: PaymentGateway,E102,Health check passed: {service}
60773,2026-01-14,11:43:50,WARN,AuthService,Unauthorized access attempt from 10.0.0.45,E401,Unauthorized access attempt from {ip}
60774,2026-01-14,11:57:24,INFO,WebServer,Transaction tx952429 completed in 1311ms,E104,Transaction {tx} completed in {time}ms
60775,2026-01-14,11:18:07,INFO,WebServer,Transaction tx304664 completed in 437ms,E104,Transaction {tx} completed in {time}ms
60776,2026-01-14,11:01:25,INFO,WebServer,User u2835 login successful,E101,User {user} login successful
60777,2026-01-14,11:48:06,INFO,AuthService,Transaction tx665224 completed in 262ms,E104,Transaction {tx} completed in {time}ms
60778,2026-01-14,11:21:54,INFO,WebServer,User u3315 login successful,E101,User {user} login successful
60779,2026-01-14,11:24:09,INFO,AuthService,User u1616 login successful,E101,User {user} login successful
60780,2026-01-14,11:47:25,INFO,OrderProcessor,Page view: /home by u3814,E103,Page view: {page} by {user}
60781,2026-01-14,11:08:10,INFO,OrderProcessor,Transaction tx928562 completed in 1204ms,E104,Transaction {tx} completed in {time}ms
60782,2026-01-14,11:10:57,INFO,OrderProcessor,User u2478 login successful,E101,User {user} login successful
60783,2026-01-14,11:11:49,INFO,WebServer,Health check passed: WebServer,E102,Health check passed: {service}
60784,2026-01-14,11:31:05,WARN,InventoryDB,Unauthorized access attempt from 10.0.0.12,E401,Unauthorized access attempt from {ip}
60785,2026-01-14,11:20:02,INFO,WebServer,User u3354 login successful,E101,User {user} login successful
60786,2026-01-14,11:44:30,INFO,PaymentGateway,Page view: /home by u3398,E103,Page view: {page} by {user}
60787,2026-01-14,11:17:18,INFO,PaymentGateway,Page view: /home by u3381,E103,Page view: {page} by {user}
60788,2026-01-14,11:26:52,INFO,WebServer,Page view: /home by u1628,E103,Page view: {page} by {user}
60789,2026-01-14,11:04:42,INFO,OrderProcessor,Health check passed: OrderProcessor,E102,Health check passed: {service}
60790,2026-01-14,11:51:08,INFO,WebServer,User u4713 login successful,E101,User {user} login successful
60791,2026-01-14,11:46:29,INFO,WebServer,User u2127 login successful,E101,User {user} login successful
60792,2026-01-14,11:53:49,INFO,PaymentGateway,Health check passed: PaymentGateway,E102,Health check passed: {service}
60793,2026-01-14,11:03:32,INFO,OrderProcessor,User u2607 login successful,E101,User {user} login successful
60794,2026-01-14,11:18:32,INFO,WebServer,User u3532 login successful,E101,User {user} login successful
60795,2026-01-14,11:55:49,WARN,WebServer,Unauthorized access attempt from 10.0.0.45,E401,Unauthorized access attempt from {ip}
60796,2026-01-14,11:48:32,INFO,WebServer,Transaction tx185193 completed in 817ms,E104,Transaction {tx} completed in {time}ms
60797,2026-01-14,11:48:48,INFO,AuthService,User u2915 login successful,E101,User {user} login successful
60798,2026-01-14,11:31:00,INFO,OrderProcessor,Health check passed: OrderProcessor,E102,Health check passed: {service}
60799,2026-01-14,11:24:29,INFO,WebServer,Transaction tx932564 completed in 199ms,E104,Transaction {tx} completed in {time}ms
60800,2026-01-14,11:22:23,INFO,WebServer,Transaction tx205348 completed in 835ms,E104,Transaction {tx} completed in {time}ms
60801,2026-01-14,11:09:12,INFO,WebServer,Transaction tx265710 completed in 1732ms,E104,Transaction {tx} completed in {time}ms
60802,2026-01-14,11:36:54,INFO,OrderProcessor,Transaction tx213063 completed in 1984ms,E104,Transaction {tx} completed in {time}ms
60803,2026-01-14,11:36:20,INFO,WebServer,Page view: /home by u2001,E103,Page view: {page} by {user}
60804,2026-01-14,11:40:49,INFO,AuthService,Page view: /home by u3602,E103,Page view: {page} by {user}
60805,2026-01-14,11:06:43,INFO,PaymentGateway,User u4793 login successful,E101,User {user} login successful
60806,2026-01-14,11:18:27,INFO,WebServer,Transaction tx393507 completed in 780ms,E104,Transaction {tx} completed in {time}ms
60807,2026-01-14,11:55:44,INFO,AuthService,Health check passed: AuthService,E102,Health check passed: {service}
60808,2026-01-14,11:32:29,INFO,AuthService,Transaction tx107802 completed in 1476ms,E104,Transaction {tx} completed in {time}ms
60809,2026-01-14,11:45:30,INFO,OrderProcessor,Page view: /home by u2927,E103,Page view: {page} by {user}
60810,2026-01-14,11:19:57,INFO,OrderProcessor,Transaction tx102874 completed in 904ms,E104,Transaction {tx} completed in {time}ms
60811,2026-01-14,11:11:30,INFO,AuthService,User u3549 login successful,E101,User {user} login successful
60812,2026-01-14,11:12:45,INFO,WebServer,Page view: /home by u2136,E103,Page view: {page} by {user}
60813,2026-01-14,11:40:35,WARN,InventoryDB,Disk usage > 85% on node node-3,E202,Disk usage > 85% on node {node}
60814,2026-01-14,11:12:56,INFO,WebServer,User u2099 login successful,E101,User {user} login successful
60815,2026-01-14,11:48:39,INFO,AuthService,Health check passed: AuthService,E102,Health check passed: {service}
60816,2026-01-14,11:58:30,INFO,WebServer,Transaction tx253693 completed in 1596ms,E104,Transaction {tx} completed in {time}ms
60817,2026-01-14,11:44:50,INFO,OrderProcessor,Health check passed: OrderProcessor,E102,Health check passed: {service}
60818,2026-01-14,11:42:27,INFO,OrderProcessor,Page view: /home by u4318,E103,Page view: {page} by {user}
60819,2026-01-14,11:23:05,INFO,WebServer,Health check passed: WebServer,E102,Health check passed: {service}
60820,2026-01-14,11:35:37,INFO,AuthService,Health check passed: AuthService,E102,Health check passed: {service}
60821,2026-01-14,11:02:05,INFO,WebServer,User u1115 login successful,E101,User {user} login successful
60822,2026-01-14,11:44:31,INFO,WebServer,Page view: /home by u1634,E103,Page view: {page} by {user}
60823,2026-01-14,11:10:00,INFO,PaymentGateway,Health check passed: PaymentGateway,E102,Health check passed: {service}
60824,2026-01-14,11:21:54,INFO,PaymentGateway,Page view: /home by u4483,E103,Page view: {page} by {user}
60825,2026-01-14,11:05:47,ERROR,AuthService,Connection refused to AuthService at 10.0.0.88,E501,Connection refused to {service} at {ip}
60826,2026-01-14,11:51:30,INFO,WebServer,Transaction tx547251 completed in 373ms,E104,Transaction {tx} completed in {time}ms
60827,2026-01-14,11:37:17,INFO,PaymentGateway,Transaction tx546797 completed in 1976ms,E104,Transaction {tx} completed in {time}ms
60828,2026-01-14,11:40:03,INFO,AuthService,Transaction tx595693 completed in 1182ms,E104,Transaction {tx} completed in {time}ms
60829,2026-01-14,11:38:39,INFO,WebServer,Health check passed: WebServer,E102,Health check passed: {service}
60830,2026-01-14,11:05:52,WARN,WebServer,Disk usage > 85% on node node-5,E202,Disk usage > 85% on node {node}
60831,2026-01-14,11:44:09,WARN,WebServer,Unauthorized access attempt from 10.0.0.45,E401,Unauthorized access attempt from {ip}
60832,2026-01-14,11:54:33,INFO,OrderProcessor,Health check passed: OrderProcessor,E102,Health check passed: {service}
60833,2026-01-14,11:52:10,INFO,InventoryDB,Health check passed: InventoryDB,E102,Health check passed: {service}
60834,2026-01-14,11:24:26,INFO,AuthService,Health check passed: AuthService,E102,Health check passed: {service}
60835,2026-01-14,11:15:19,INFO,WebServer,Page view: /home by u2539,E103,Page view: {page} by {user}
60836,2026-01-14,11:02:27,INFO,WebServer,Transaction tx144437 completed in 1638ms,E104,Transaction {tx} completed in {time}ms
60837,2026-01-14,11:33:50,INFO,WebServer,Health check passed: WebServer,E102,Health check passed: {service}
60838,2026-01-14,11:07:32,INFO,AuthService,Transaction tx122388 completed in 109ms,E104,Transaction {tx} completed in {time}ms
60839,2026-01-14,11:31:12,INFO,AuthService,Page view: /home by u3707,E103,Page view: {page} by {user}
60840,2026-01-14,11:50:36,INFO,PaymentGateway,Health check passed: PaymentGateway,E102,Health check passed: {service}
60841,2026-01-14,11:25:19,INFO,WebServer,Transaction tx211308 completed in 1641ms,E104,Transaction {tx} completed in {time}ms
60842,2026-01-14,11:39:47,INFO,WebServer,Page view: /home by u1819,E103,Page view: {page} by {user}
60843,2026-01-14,11:07:53,INFO,OrderProcessor,Transaction tx907037 completed in 215ms,E104,Transaction {tx} completed in {time}ms
60844,2026-01-14,11:05:32,INFO,OrderProcessor,Page view: /home by u4111,E103,Page view: {page} by {user}
60845,2026-01-14,11:47:14,INFO,InventoryDB,Health check passed: InventoryDB,E102,Health check passed: {service}
60846,2026-01-14,11:04:28,INFO,WebServer,Health check passed: WebServer,E102,Health check passed: {service}
60847,2026-01-14,11:33:09,INFO,AuthService,Health check passed: AuthService,E102,Health check passed: {service}
60848,2026-01-14,11:18:50,INFO,WebServer,User u3450 login successful,E101,User {user} login successful
60849,2026-01-14,11:02:35,INFO,OrderProcessor,User u2207 login successful,E101,User {user} login successful
60850,2026-01-14,11:01:25,INFO,WebServer,Health check passed: WebServer,E102,Health check passed: {service}
60851,2026-01-14,11:51:47,INFO,AuthService,Health check passed: AuthService,E102,Health check passed: {service}
60852,2026-01-14,11:29:52,INFO,WebServer,User u1779 login successful,E101,User {user} login successful
60853,2026-01-14,11:40:22,INFO,OrderProcessor,Transaction tx304531 completed in 680ms,E104,Transaction {tx} completed in {time}ms
60854,2026-01-14,11:29:54,INFO,AuthService,Health check passed: AuthService,E102,Health check passed: {service}
60855,2026-01-14,11:04:03,INFO,OrderProcessor,Page view: /home by u3291,E103,Page view: {page} by {user}
60856,2026-01-14,11:08:44,INFO,InventoryDB,Transaction tx128723 completed in 1702ms,E104,Transaction {tx} completed in {time}ms
60857,2026-01-14,11:45:57,INFO,InventoryDB,Health check passed: InventoryDB,E102,Health check passed: {service}
60858,2026-01-14,11:21:07,INFO,AuthService,Health check passed: AuthService,E102,Health check passed: {service}
60859,2026-01-14,11:55:44,INFO,AuthService,Page view: /home by u2902,E103,Page view: {page} by {user}
60860,2026-01-14,11:40:47,INFO,WebServer,User u1430 login successful,E101,User {user} login successful
60861,2026-01-14,11:23:06,INFO,AuthService,Transaction tx898023 completed in 244ms,E104,Transaction {tx} completed in {time}ms
60862,2026-01-14,11:56:23,INFO,WebServer,Health check passed: WebServer,E102,Health check passed: {service}
60863,2026-01-14,11:47:36,WARN,AuthService,Unauthorized access attempt from 10.0.0.45,E401,Unauthorized access attempt from {ip}
60864,2026-01-14,11:09:06,WARN,WebServer,Unauthorized access attempt from 10.0.0.45,E401,Unauthorized access attempt from {ip}
60865,2026-01-14,11:02:13,INFO,AuthService,Health check passed: AuthService,E102,Health check passed: {service}
60866,2026-01-14,11:11:31,INFO,WebServer,Page view: /home by u1175,E103,Page view: {page} by {user}
60867,2026-01-14,11:05:34,INFO,OrderProcessor,Health check passed: OrderProcessor,E102,Health check passed: {service}
60868,2026-01-14,11:56:36,INFO,WebServer,User u1429 login successful,E101,User {user} login successful
60869,2026-01-14,11:36:53,INFO,OrderProcessor,User u4473 login successful,E101,User {user} login successful
60870,2026-01-14,11:28:08,INFO,WebServer,Page view: /home by u1386,E103,Page view: {page} by {user}
60871,2026-01-14,11:19:57,WARN,OrderProcessor,High latency (1979ms) detected on OrderProcessor,E201,High latency ({time}ms) detected on {service}
60872,2026-01-14,11:06:03,INFO,AuthService,User u2844 login successful,E101,User {user} login successful
60873,2026-01-14,11:54:03,INFO,InventoryDB,Transaction tx442407 completed in 1957ms,E104,Transaction {tx} completed in {time}ms
60874,2026-01-14,11:56:12,INFO,WebServer,Transaction tx140488 completed in 158ms,E104,Transaction {tx} completed in {time}ms
60875,2026-01-14,11:33:12,INFO,PaymentGateway,Transaction tx168190 completed in 499ms,E104,Transaction {tx} completed in {time}ms
60876,2026-01-14,11:53:45,INFO,WebServer,Health check passed: WebServer,E102,Health check passed: {service}
60877,2026-01-14,11:58:45,INFO,WebServer,Transaction tx576486 completed in 610ms,E104,Transaction {tx} completed in {time}ms
60878,2026-01-14,11:56:42,INFO,WebServer,Transaction tx223441 completed in 1491ms,E104,Transaction {tx} completed in {time}ms
60879,2026-01-14,11:14:04,INFO,WebServer,User u2840 login successful,E101,User {user} login successful
60880,2026-01-14,11:32:54,INFO,WebServer,Page view: /home by u2610,E103,Page view: {page} by {user}
60881,2026-01-14,11:34:39,INFO,PaymentGateway,Health check passed: PaymentGateway,E102,Health check passed: {service}
60882,2026-01-14,11:35:43,WARN,WebServer,Disk usage > 85% on node node-3,E202,Disk usage > 85% on node {node}
60883,2026-01-14,11:33:58,INFO,WebServer,Page view: /home by u3962,E103,Page view: {page} by {user}
60884,2026-01-14,11:40:55,INFO,WebServer,Transaction tx881311 completed in 966ms,E104,Transaction {tx} completed in {time}ms
60885,2026-01-14,11:11:27,INFO,WebServer,Health check passed: WebServer,E102,Health check passed: {service}
60886,2026-01-14,11:10:51,ERROR,PaymentGateway,Timeout waiting for lock on InventoryDB,E502,Timeout waiting for lock on {db}
60887,2026-01-14,11:39:31,INFO,AuthService,Page view: /home by u1519,E103,Page view: {page} by {user}
60888,2026-01-14,11:47:41,INFO,WebServer,Health check passed: WebServer,E102,Health check passed: {service}
60889,2026-01-14,11:21:23,INFO,PaymentGateway,Health check passed: PaymentGateway,E102,Health check passed: {service}
60890,2026-01-14,11:08:02,INFO,AuthService,User u2683 login successful,E101,User {user} login successful
60891,2026-01-14,11:06:56,INFO,WebServer,User u3097 login successful,E101,User {user} login successful
60892,2026-01-14,11:23:54,INFO,WebServer,Transaction tx909191 completed in 622ms,E104,Transaction {tx} completed in {time}ms
60893,2026-01-14,11:12:43,INFO,PaymentGateway,Transaction tx778490 completed in 777ms,E104,Transaction {tx} completed in {time}ms
60894,2026-01-14,11:07:58,INFO,AuthService,Page view: /home by u4532,E103,Page view: {page} by {user}
60895,2026-01-14,11:18:12,INFO,InventoryDB,Transaction tx833533 completed in 678ms,E104,Transaction {tx} completed in {time}ms
60896,2026-01-14,11:34:41,INFO,WebServer,Health check passed: WebServer,E102,Health check passed: {service}
60897,2026-01-14,11:06:11,INFO,OrderProcessor,Transaction tx971113 completed in 850ms,E104,Transaction {tx} completed in {time}ms
60898,2026-01-14,11:58:24,INFO,WebServer,Page view: /home by u3023,E103,Page view: {page} by {user}
60899,2026-01-14,11:48:56,INFO,OrderProcessor,Health check passed: OrderProcessor,E102,Health check passed: {service}
60900,2026-01-14,11:11:01,INFO,WebServer,Transaction tx747730 completed in 1666ms,E104,Transaction {tx} completed in {time}ms
60901,2026-01-14,11:08:47,INFO,InventoryDB,Health check passed: InventoryDB,E102,Health check passed: {service}
60902,2026-01-14,11:42:19,INFO,AuthService,Page view: /home by u2825,E103,Page view: {page} by {user}
60903,2026-01-14,11:44:06,WARN,OrderProcessor,High latency (1116ms) detected on OrderProcessor,E201,High latency ({time}ms) detected on {service}
60904,2026-01-14,11:48:25,INFO,WebServer,Page view: /home by u2845,E103,Page view: {page} by {user}
60905,2026-01-14,11:53:05,INFO,InventoryDB,Health check passed: InventoryDB,E102,Health check passed: {service}
60906,2026-01-14,11:35:14,INFO,WebServer,Health check passed: WebServer,E102,Health check passed: {service}
60907,2026-01-14,11:13:47,WARN,WebServer,High latency (948ms) detected on WebServer,E201,High latency ({time}ms) detected on {service}
60908,2026-01-14,11:33:15,INFO,AuthService,Page view: /home by u1814,E103,Page view: {page} by {user}
60909,2026-01-14,11:14:21,INFO,PaymentGateway,User u2223 login successful,E101,User {user} login successful
60910,2026-01-14,11:05:37,INFO,WebServer,Transaction tx252429 completed in 813ms,E104,Transaction {tx} completed in {time}ms
60911,2026-01-14,11:04:41,INFO,WebServer,Transaction tx853242 completed in 1971ms,E104,Transaction {tx} completed in {time}ms
60912,2026-01-14,11:01:59,INFO,OrderProcessor,Transaction tx747712 completed in 1527ms,E104,Transaction {tx} completed in {time}ms
60913,2026-01-14,11:46:36,INFO,WebServer,Page view: /home by u4781,E103,Page view: {page} by {user}
60914,2026-01-14,11:07:33,INFO,OrderProcessor,Page view: /home by u1968,E103,Page view: {page} by {user}
60915,2026-01-14,11:35:17,INFO,WebServer,User u1667 login successful,E101,User {user} login successful
60916,2026-01-14,11:14:58,INFO,WebServer,User u2164 login successful,E101,User {user} login successful
60917,2026-01-14,11:55:32,INFO,PaymentGateway,Page view: /home by u1849,E103,Page view: {page} by {user}
60918,2026-01-14,11:23:27,INFO,AuthService,User u1079 login successful,E101,User {user} login successful
60919,2026-01-14,11:39:17,INFO,WebServer,Health check passed: WebServer,E102,Health check passed: {service}
60920,2026-01-14,11:47:43,INFO,WebServer,Health check passed: WebServer,E102,Health check passed: {service}
60921,2026-01-14,11:23:02,INFO,WebServer,Health check passed: WebServer,E102,Health check passed: {service}
60922,2026-01-14,11:57:05,INFO,AuthService,Health check passed: AuthService,E102,Health check passed: {service}
60923,2026-01-14,11:54:31,INFO,WebServer,User u2737 login successful,E101,User {user} login successful
60924,2026-01-14,11:08:58,INFO,WebServer,Health check passed: WebServer,E102,Health check passed: {service}
60925,2026-01-14,11:52:26,INFO,AuthService,Page view: /home by u3108,E103,Page view: {page} by {user}
60926,2026-01-14,11:50:26,INFO,AuthService,Page view: /home by u1781,E103,Page view: {page} by {user}
60927,2026-01-14,11:20:45,INFO,WebServer,Page view: /home by u1468,E103,Page view: {page} by {user}
60928,2026-01-14,11:03:51,INFO,AuthService,Page view: /home by u2303,E103,Page view: {page} by {user}
60929,2026-01-14,11:32:04,INFO,WebServer,User u2763 login successful,E101,User {user} login successful
60930,2026-01-14,11:56:23,INFO,AuthService,Health check passed: AuthService,E102,Health check passed: {service}
60931,2026-01-14,11:50:07,INFO,AuthService,Transaction tx210525 completed in 1327ms,E104,Transaction {tx} completed in {time}ms
60932,2026-01-14,11:28:17,CRITICAL,WebServer,KERNEL PANIC: Node node-1 crashed,E601,KERNEL PANIC: Node {node} crashed
60933,2026-01-14,11:37:48,INFO,WebServer,Page view: /home by u3158,E103,Page view: {page} by {user}
60934,2026-01-14,11:16:03,INFO,WebServer,Health check passed: WebServer,E102,Health check passed: {service}
60935,2026-01-14,11:55:45,WARN,PaymentGateway,Unauthorized access attempt from 10.0.0.45,E401,Unauthorized access attempt from {ip}
60936,2026-01-14,11:13:53,INFO,OrderProcessor,Health check passed: OrderProcessor,E102,Health check passed: {service}
60937,2026-01-14,11:58:29,INFO,OrderProcessor,Page view: /home by u3068,E103,Page view: {page} by {user}
60938,2026-01-14,11:11:01,INFO,AuthService,Health check passed: AuthService,E102,Health check passed: {service}
60939,2026-01-14,11:05:21,WARN,OrderProcessor,Unauthorized access attempt from 10.0.0.45,E401,Unauthorized access attempt from {ip}
60940,2026-01-14,11:14:02,INFO,WebServer,Health check passed: WebServer,E102,Health check passed: {service}
60941,2026-01-14,11:09:02,INFO,WebServer,Transaction tx529074 completed in 27ms,E104,Transaction {tx} completed in {time}ms
60942,2026-01-14,11:31:12,INFO,WebServer,Transaction tx754166 completed in 1670ms,E104,Transaction {tx} completed in {time}ms
60943,2026-01-14,11:52:43,INFO,WebServer,Page view: /home by u2438,E103,Page view: {page} by {user}
60944,2026-01-14,11:46:12,INFO,OrderProcessor,User u3843 login successful,E101,User {user} login successful
60945,2026-01-14,11:54:40,INFO,OrderProcessor,Health check passed: OrderProcessor,E102,Health check passed: {service}
60946,2026-01-14,11:32:15,INFO,AuthService,Health check passed: AuthService,E102,Health check passed: {service}
60947,2026-01-14,11:31:56,INFO,PaymentGateway,Transaction tx939868 completed in 357ms,E104,Transaction {tx} completed in {time}ms
60948,2026-01-14,11:47:56,INFO,WebServer,User u2578 login successful,E101,User {user} login successful
60949,2026-01-14,11:43:35,INFO,AuthService,Health check passed: AuthService,E102,Health check passed: {service}
60950,2026-01-14,11:26:13,INFO,OrderProcessor,Transaction tx793935 completed in 577ms,E104,Transaction {tx} completed in {time}ms
60951,2026-01-14,11:53:30,INFO,AuthService,Health check passed: AuthService,E102,Health check passed: {service}
60952,2026-01-14,11:00:27,INFO,PaymentGateway,User u1020 login successful,E101,User {user} login successful
60953,2026-01-14,11:08:45,INFO,WebServer,User u1691 login successful,E101,User {user} login successful
60954,2026-01-14,11:59:57,INFO,WebServer,Health check passed: WebServer,E102,Health check passed: {service}
60955,2026-01-14,11:13:23,INFO,InventoryDB,Page view: /home by u3777,E103,Page view: {page} by {user}
60956,2026-01-14,11:06:45,INFO,WebServer,Transaction tx611803 completed in 585ms,E104,Transaction {tx} completed in {time}ms
60957,2026-01-14,11:59:57,INFO,AuthService,Transaction tx669670 completed in 1969ms,E104,Transaction {tx} completed in {time}ms
60958,2026-01-14,11:33:47,INFO,WebServer,Transaction tx458408 completed in 1218ms,E104,Transaction {tx} completed in {time}ms
60959,2026-01-14,11:34:00,INFO,WebServer,Page view: /home by u1858,E103,Page view: {page} by {user}
60960,2026-01-14,11:58:15,WARN,OrderProcessor,Disk usage > 85% on node node-1,E202,Disk usage > 85% on node {node}
60961,2026-01-14,11:38:20,INFO,WebServer,Health check passed: WebServer,E102,Health check passed: {service}
60962,2026-01-14,11:37:37,INFO,InventoryDB,User u2790 login successful,E101,User {user} login successful
60963,2026-01-14,11:11:41,INFO,WebServer,Transaction tx804589 completed in 200ms,E104,Transaction {tx} completed in {time}ms
60964,2026-01-14,11:57:46,INFO,WebServer,Health check passed: WebServer,E102,Health check passed: {service}
60965,2026-01-14,11:00:41,INFO,OrderProcessor,Page view: /home by u1309,E103,Page view: {page} by {user}
60966,2026-01-14,11:35:35,INFO,OrderProcessor,Health check passed: OrderProcessor,E102,Health check passed: {service}
60967,2026-01-14,11:59:20,INFO,WebServer,Health check passed: WebServer,E102,Health check passed: {service}
60968,2026-01-14,11:20:53,INFO,WebServer,Transaction tx414028 completed in 1802ms,E104,Transaction {tx} completed in {time}ms
60969,2026-01-14,11:18:55,INFO,WebServer,User u1823 login successful,E101,User {user} login successful
60970,2026-01-14,11:00:15,INFO,OrderProcessor,Page view: /home by u1213,E103,Page view: {page} by {user}
60971,2026-01-14,11:24:57,INFO,AuthService,User u1074 login successful,E101,User {user} login successful
60972,2026-01-14,11:29:35,INFO,AuthService,Health check passed: AuthService,E102,Health check passed: {service}
60973,2026-01-14,11:06:23,INFO,OrderProcessor,User u4922 login successful,E101,User {user} login successful
60974,2026-01-14,11:03:12,INFO,InventoryDB,Page view: /home by u2069,E103,Page view: {page} by {user}
60975,2026-01-14,11:38:45,WARN,AuthService,High latency (393ms) detected on AuthService,E201,High latency ({time}ms) detected on {service}
60976,2026-01-14,11:01:40,INFO,WebServer,Health check passed: WebServer,E102,Health check passed: {service}
60977,2026-01-14,11:39:12,INFO,OrderProcessor,Page view: /home by u3231,E103,Page view: {page} by {user}
60978,2026-01-14,11:53:38,INFO,WebServer,Health check passed: WebServer,E102,Health check passed: {service}
60979,2026-01-14,11:38:40,INFO,AuthService,User u3007 login successful,E101,User {user} login successful
60980,2026-01-14,11:57:39,INFO,WebServer,Health check passed: WebServer,E102,Health check passed: {service}
60981,2026-01-14,11:22:55,INFO,InventoryDB,Health check passed: InventoryDB,E102,Health check passed: {service}
60982,2026-01-14,11:44:33,INFO,AuthService,User u2253 login successful,E101,User {user} login successful
60983,2026-01-14,11:40:45,INFO,PaymentGateway,Health check passed: PaymentGateway,E102,Health check passed: {service}
60984,2026-01-14,11:10:58,INFO,PaymentGateway,Transaction tx779850 completed in 703ms,E104,Transaction {tx} completed in {time}ms
60985,2026-01-14,11:39:44,INFO,AuthService,Transaction tx729091 completed in 881ms,E104,Transaction {tx} completed in {time}ms
60986,2026-01-14,11:18:38,INFO,OrderProcessor,Health check passed: OrderProcessor,E102,Health check passed: {service}
60987,2026-01-14,11:24:25,INFO,WebServer,Health check passed: WebServer,E102,Health check passed: {service}
60988,2026-01-14,11:27:32,INFO,AuthService,Health check passed: AuthService,E102,Health check passed: {service}
60989,2026-01-14,11:38:30,INFO,AuthService,Health check passed: AuthService,E102,Health check passed: {service}
60990,2026-01-14,11:56:39,WARN,WebServer,Disk usage > 85% on node node-2,E202,Disk usage > 85% on node {node}
60991,2026-01-14,11:14:04,INFO,AuthService,Health check passed: AuthService,E102,Health check passed: {service}
60992,2026-01-14,11:44:00,INFO,WebServer,Page view: /home by u2602,E103,Page view: {page} by {user}
60993,2026-01-14,11:33:21,INFO,WebServer,Page view: /home by u4067,E103,Page view: {page} by {user}
60994,2026-01-14,11:55:45,INFO,OrderProcessor,User u1586 login successful,E101,User {user} login successful
60995,2026-01-14,11:49:45,INFO,OrderProcessor,Page view: /home by u1759,E103,Page view: {page} by {user}
60996,2026-01-14,11:57:24,INFO,WebServer,Health check passed: WebServer,E102,Health check passed: {service}
60997,2026-01-14,11:14:00,INFO,OrderProcessor,Page view: /home by u4869,E103,Page view: {page} by {user}
60998,2026-01-14,11:15:32,INFO,OrderProcessor,User u4188 login successful,E101,User {user} login successful
60999,2026-01-14,11:21:26,INFO,AuthService,Health check passed: AuthService,E102,Health check passed: {service}
61000,2026-01-14,11:37:53,WARN,OrderProcessor,Disk usage > 85% on node node-4,E202,Disk usage > 85% on node {node}
61001,2026-01-14,11:49:56,INFO,AuthService,Transaction tx136355 completed in 1217ms,E104,Transaction {tx} completed in {time}ms
61002,2026-01-14,11:43:09,INFO,InventoryDB,Page view: /home by u4417,E103,Page view: {page} by {user}
61003,2026-01-14,11:29:14,INFO,WebServer,Transaction tx661722 completed in 1016ms,E104,Transaction {tx} completed in {time}ms
61004,2026-01-14,11:34:52,INFO,PaymentGateway,User u4937 login successful,E101,User {user} login successful
61005,2026-01-14,11:42:06,INFO,WebServer,Health check passed: WebServer,E102,Health check passed: {service}
61006,2026-01-14,11:51:58,WARN,AuthService,Unauthorized access attempt from 10.0.0.45,E401,Unauthorized access attempt from {ip}
61007,2026-01-14,11:16:54,INFO,PaymentGateway,Transaction tx239197 completed in 325ms,E104,Transaction {tx} completed in {time}ms
61008,2026-01-14,11:11:49,INFO,WebServer,Health check passed: WebServer,E102,Health check passed: {service}
61009,2026-01-14,11:19:30,INFO,WebServer,Transaction tx400217 completed in 1966ms,E104,Transaction {tx} completed in {time}ms
61010,2026-01-14,11:24:24,INFO,WebServer,Transaction tx526668 completed in 450ms,E104,Transaction {tx} completed in {time}ms
61011,2026-01-14,11:43:56,INFO,InventoryDB,User u3031 login successful,E101,User {user} login successful
61012,2026-01-14,11:40:10,INFO,AuthService,Transaction tx675038 completed in 171ms,E104,Transaction {tx} completed in {time}ms
61013,2026-01-14,11:22:40,INFO,OrderProcessor,Page view: /home by u2912,E103,Page view: {page} by {user}
61014,2026-01-14,11:36:45,INFO,PaymentGateway,Health check passed: PaymentGateway,E102,Health check passed: {service}
61015,2026-01-14,11:23:05,INFO,WebServer,Transaction tx253121 completed in 1463ms,E104,Transaction {tx} completed in {time}ms
61016,2026-01-14,11:06:08,WARN,WebServer,High latency (1960ms) detected on WebServer,E201,High latency ({time}ms) detected on {service}
61017,2026-01-14,11:16:02,WARN,AuthService,High latency (186ms) detected on AuthService,E201,High latency ({time}ms) detected on {service}
61018,2026-01-14,11:24:41,INFO,OrderProcessor,Page view: /home by u3296,E103,Page view: {page} by {user}
61019,2026-01-14,11:20:17,INFO,WebServer,Page view: /home by u3922,E103,Page view: {page} by {user}
61020,2026-01-14,11:39:44,INFO,PaymentGateway,Page view: /home by u3200,E103,Page view: {page} by {user}
61021,2026-01-14,11:22:30,INFO,WebServer,Health check passed: WebServer,E102,Health check passed: {service}
61022,2026-01-14,11:21:47,INFO,InventoryDB,Transaction tx318617 completed in 1085ms,E104,Transaction {tx} completed in {time}ms
61023,2026-01-14,11:12:23,INFO,WebServer,User u2278 login successful,E101,User {user} login successful
61024,2026-01-14,11:22:45,WARN,AuthService,Unauthorized access attempt from 192.168.1.5,E401,Unauthorized access attempt from {ip}
61025,2026-01-14,11:34:18,INFO,OrderProcessor,User u2376 login successful,E101,User {user} login successful
61026,2026-01-14,11:24:06,WARN,WebServer,Unauthorized access attempt from 10.0.0.45,E401,Unauthorized access attempt from {ip}
61027,2026-01-14,11:49:16,INFO,OrderProcessor,Page view: /home by u2350,E103,Page view: {page} by {user}
61028,2026-01-14,11:38:59,INFO,WebServer,Transaction tx222410 completed in 1329ms,E104,Transaction {tx} completed in {time}ms
61029,2026-01-14,11:40:37,INFO,PaymentGateway,User u1976 login successful,E101,User {user} login successful
61030,2026-01-14,11:18:07,WARN,InventoryDB,Unauthorized access attempt from 10.0.0.45,E401,Unauthorized access attempt from {ip}
61031,2026-01-14,11:15:05,CRITICAL,OrderProcessor,DATA CORRUPTION detected in sector 901,E602,DATA CORRUPTION detected in sector {sector}
61032,2026-01-14,11:57:35,INFO,WebServer,Page view: /home by u2964,E103,Page view: {page} by {user}
61033,2026-01-14,12:32:02,INFO,AuthService,Health check passed: AuthService,E102,Health check passed: {service}
61034,2026-01-14,12:17:36,INFO,WebServer,Page view: /home by u3923,E103,Page view: {page} by {user}
61035,2026-01-14,12:45:27,INFO,WebServer,User u2597 login successful,E101,User {user} login successful
61036,2026-01-14,12:05:39,INFO,OrderProcessor,Transaction tx965211 completed in 340ms,E104,Transaction {tx} completed in {time}ms
61037,2026-01-14,12:48:40,INFO,OrderProcessor,Page view: /home by u3453,E103,Page view: {page} by {user}
61038,2026-01-14,12:21:50,INFO,AuthService,Transaction tx948468 completed in 1756ms,E104,Transaction {tx} completed in {time}ms
61039,2026-01-14,12:18:31,INFO,OrderProcessor,User u4090 login successful,E101,User {user} login successful
61040,2026-01-14,12:46:07,INFO,WebServer,Health check passed: WebServer,E102,Health check passed: {service}
61041,2026-01-14,12:45:47,INFO,WebServer,Transaction tx641184 completed in 1147ms,E104,Transaction {tx} completed in {time}ms
61042,2026-01-14,12:08:19,INFO,PaymentGateway,Transaction tx424270 completed in 491ms,E104,Transaction {tx} completed in {time}ms
61043,2026-01-14,12:42:24,INFO,WebServer,Transaction tx212622 completed in 156ms,E104,Transaction {tx} completed in {time}ms
61044,2026-01-14,12:51:28,INFO,WebServer,User u1831 login successful,E101,User {user} login successful
61045,2026-01-14,12:51:47,INFO,OrderProcessor,User u3628 login successful,E101,User {user} login successful
61046,2026-01-14,12:56:19,WARN,WebServer,Unauthorized access attempt from 192.168.1.5,E401,Unauthorized access attempt from {ip}
61047,2026-01-14,12:21:37,INFO,WebServer,Page view: /home by u2057,E103,Page view: {page} by {user}
61048,2026-01-14,12:33:24,INFO,PaymentGateway,Page view: /home by u1752,E103,Page view: {page} by {user}
61049,2026-01-14,12:31:48,INFO,PaymentGateway,Page view: /home by u3095,E103,Page view: {page} by {user}
61050,2026-01-14,12:01:23,INFO,PaymentGateway,Page view: /home by u1636,E103,Page view: {page} by {user}
61051,2026-01-14,12:07:00,INFO,WebServer,Transaction tx229325 completed in 131ms,E104,Transaction {tx} completed in {time}ms
61052,2026-01-14,12:08:29,INFO,InventoryDB,Page view: /home by u4543,E103,Page view: {page} by {user}
61053,2026-01-14,12:52:23,INFO,PaymentGateway,User u3565 login successful,E101,User {user} login successful
61054,2026-01-14,12:30:39,WARN,WebServer,Unauthorized access attempt from 10.0.0.12,E401,Unauthorized access attempt from {ip}
61055,2026-01-14,12:23:17,INFO,OrderProcessor,Health check passed: OrderProcessor,E102,Health check passed: {service}
61056,2026-01-14,12:38:43,INFO,WebServer,Transaction tx882894 completed in 1057ms,E104,Transaction {tx} completed in {time}ms
61057,2026-01-14,12:35:16,INFO,WebServer,Transaction tx292797 completed in 643ms,E104,Transaction {tx} completed in {time}ms
61058,2026-01-14,12:16:02,INFO,InventoryDB,User u4141 login successful,E101,User {user} login successful
61059,2026-01-14,12:51:50,INFO,WebServer,Health check passed: WebServer,E102,Health check passed: {service}
61060,2026-01-14,12:18:42,WARN,WebServer,High latency (1853ms) detected on WebServer,E201,High latency ({time}ms) detected on {service}
61061,2026-01-14,12:11:24,INFO,AuthService,User u1359 login successful,E101,User {user} login successful
61062,2026-01-14,12:23:01,INFO,InventoryDB,Health check passed: InventoryDB,E102,Health check passed: {service}
61063,2026-01-14,12:15:25,INFO,OrderProcessor,Page view: /home by u3357,E103,Page view: {page} by {user}
61064,2026-01-14,12:39:02,INFO,OrderProcessor,Health check passed: OrderProcessor,E102,Health check passed: {service}
61065,2026-01-14,12:48:00,ERROR,WebServer,Connection refused to WebServer at 10.0.0.99,E501,Connection refused to {service} at {ip}
61066,2026-01-14,12:56:24,INFO,AuthService,Transaction tx123101 completed in 1213ms,E104,Transaction {tx} completed in {time}ms
61067,2026-01-14,12:43:28,INFO,WebServer,Transaction tx434451 completed in 1155ms,E104,Transaction {tx} completed in {time}ms
61068,2026-01-14,12:18:18,INFO,WebServer,Health check passed: WebServer,E102,Health check passed: {service}
61069,2026-01-14,12:22:14,INFO,AuthService,Transaction tx266199 completed in 1553ms,E104,Transaction {tx} completed in {time}ms
61070,2026-01-14,12:55:19,INFO,AuthService,Transaction tx223886 completed in 1596ms,E104,Transaction {tx} completed in {time}ms
61071,2026-01-14,12:37:03,INFO,WebServer,Transaction tx559071 completed in 1268ms,E104,Transaction {tx} completed in {time}ms
61072,2026-01-14,12:03:22,INFO,WebServer,Health check passed: WebServer,E102,Health check passed: {service}
61073,2026-01-14,12:30:40,INFO,PaymentGateway,Transaction tx215333 completed in 1986ms,E104,Transaction {tx} completed in {time}ms
61074,2026-01-14,12:20:44,INFO,AuthService,Transaction tx730551 completed in 907ms,E104,Transaction {tx} completed in {time}ms
61075,2026-01-14,12:34:33,INFO,WebServer,User u4464 login successful,E101,User {user} login successful
61076,2026-01-14,12:37:16,WARN,WebServer,High latency (1914ms) detected on WebServer,E201,High latency ({time}ms) detected on {service}
61077,2026-01-14,12:19:22,INFO,WebServer,Page view: /home by u3317,E103,Page view: {page} by {user}
61078,2026-01-14,12:39:19,INFO,PaymentGateway,Health check passed: PaymentGateway,E102,Health check passed: {service}
61079,2026-01-14,12:01:05,INFO,WebServer,User u4883 login successful,E101,User {user} login successful
61080,2026-01-14,12:50:02,INFO,WebServer,Health check passed: WebServer,E102,Health check passed: {service}
61081,2026-01-14,12:42:39,INFO,AuthService,Transaction tx114360 completed in 1357ms,E104,Transaction {tx} completed in {time}ms
61082,2026-01-14,12:02:01,INFO,AuthService,Page view: /home by u3142,E103,Page view: {page} by {user}
61083,2026-01-14,12:34:39,INFO,WebServer,Health check passed: WebServer,E102,Health check passed: {service}
61084,2026-01-14,12:18:27,INFO,OrderProcessor,Transaction tx498276 completed in 256ms,E104,Transaction {tx} completed in {time}ms
61085,2026-01-14,12:19:55,WARN,PaymentGateway,High latency (1979ms) detected on PaymentGateway,E201,High latency ({time}ms) detected on {service}
61086,2026-01-14,12:22:12,INFO,WebServer,Page view: /home by u1059,E103,Page view: {page} by {user}
61087,2026-01-14,12:20:33,INFO,AuthService,Transaction tx384143 completed in 1893ms,E104,Transaction {tx} completed in {time}ms
61088,2026-01-14,12:14:38,INFO,InventoryDB,Health check passed: InventoryDB,E102,Health check passed: {service}
61089,2026-01-14,12:37:30,INFO,PaymentGateway,Transaction tx448481 completed in 667ms,E104,Transaction {tx} completed in {time}ms
61090,2026-01-14,12:39:29,INFO,AuthService,Health check passed: AuthService,E102,Health check passed: {service}
61091,2026-01-14,12:03:20,INFO,WebServer,Page view: /home by u4611,E103,Page view: {page} by {user}
61092,2026-01-14,12:08:34,INFO,WebServer,Page view: /home by u3076,E103,Page view: {page} by {user}
61093,2026-01-14,12:34:44,INFO,AuthService,Page view: /home by u1950,E103,Page view: {page} by {user}
61094,2026-01-14,12:22:13,INFO,AuthService,Health check passed: AuthService,E102,Health check passed: {service}
61095,2026-01-14,12:20:54,INFO,AuthService,Health check passed: AuthService,E102,Health check passed: {service}
61096,2026-01-14,12:25:17,INFO,WebServer,Health check passed: WebServer,E102,Health check passed: {service}
61097,2026-01-14,12:52:18,ERROR,WebServer,Connection refused to WebServer at 10.0.0.12,E501,Connection refused to {service} at {ip}
61098,2026-01-14,12:44:30,INFO,OrderProcessor,Transaction tx438063 completed in 994ms,E104,Transaction {tx} completed in {time}ms
61099,2026-01-14,12:19:17,INFO,WebServer,Health check passed: WebServer,E102,Health check passed: {service}
61100,2026-01-14,12:31:03,INFO,PaymentGateway,Transaction tx477111 completed in 1885ms,E104,Transaction {tx} completed in {time}ms
61101,2026-01-14,12:10:33,INFO,WebServer,User u3974 login successful,E101,User {user} login successful
61102,2026-01-14,12:04:22,INFO,WebServer,Page view: /home by u3903,E103,Page view: {page} by {user}
61103,2026-01-14,12:00:00,INFO,PaymentGateway,User u2502 login successful,E101,User {user} login successful
61104,2026-01-14,12:32:26,INFO,OrderProcessor,Health check passed: OrderProcessor,E102,Health check passed: {service}
61105,2026-01-14,12:29:59,INFO,WebServer,User u2856 login successful,E101,User {user} login successful
61106,2026-01-14,12:43:37,INFO,AuthService,User u2591 login successful,E101,User {user} login successful
61107,2026-01-14,12:21:41,INFO,WebServer,Health check passed: WebServer,E102,Health check passed: {service}
61108,2026-01-14,12:10:35,INFO,WebServer,User u3130 login successful,E101,User {user} login successful
61109,2026-01-14,12:48:20,INFO,WebServer,Transaction tx246105 completed in 1288ms,E104,Transaction {tx} completed in {time}ms
61110,2026-01-14,12:15:48,INFO,AuthService,Page view: /home by u3313,E103,Page view: {page} by {user}
61111,2026-01-14,12:47:48,INFO,WebServer,Health check passed: WebServer,E102,Health check passed: {service}
61112,2026-01-14,12:16:07,INFO,OrderProcessor,Transaction tx253475 completed in 191ms,E104,Transaction {tx} completed in {time}ms
61113,2026-01-14,12:06:07,INFO,OrderProcessor,Health check passed: OrderProcessor,E102,Health check passed: {service}
61114,2026-01-14,12:52:27,INFO,WebServer,Page view: /home by u2139,E103,Page view: {page} by {user}
61115,2026-01-14,12:56:30,INFO,AuthService,Health check passed: AuthService,E102,Health check passed: {service}
61116,2026-01-14,12:11:54,INFO,WebServer,Health check passed: WebServer,E102,Health check passed: {service}
61117,2026-01-14,12:49:46,INFO,AuthService,Transaction tx167944 completed in 145ms,E104,Transaction {tx} completed in {time}ms
61118,2026-01-14,12:26:48,INFO,AuthService,Health check passed: AuthService,E102,Health check passed: {service}
61119,2026-01-14,12:10:32,INFO,WebServer,Health check passed: WebServer,E102,Health check passed: {service}
61120,2026-01-14,12:00:43,INFO,WebServer,Health check passed: WebServer,E102,Health check passed: {service}
61121,2026-01-14,12:10:11,INFO,AuthService,Health check passed: AuthService,E102,Health check passed: {service}
61122,2026-01-14,12:17:27,INFO,WebServer,Transaction tx547419 completed in 848ms,E104,Transaction {tx} completed in {time}ms
61123,2026-01-14,12:48:34,INFO,OrderProcessor,User u2809 login successful,E101,User {user} login successful
61124,2026-01-14,12:48:35,INFO,WebServer,Page view: /home by u3748,E103,Page view: {page} by {user}
61125,2026-01-14,12:20:28,INFO,WebServer,User u2479 login successful,E101,User {user} login successful
61126,2026-01-14,12:10:41,INFO,WebServer,Health check passed: WebServer,E102,Health check passed: {service}
61127,2026-01-14,12:57:34,INFO,AuthService,User u4847 login successful,E101,User {user} login successful
61128,2026-01-14,12:43:42,INFO,AuthService,Transaction tx342636 completed in 328ms,E104,Transaction {tx} completed in {time}ms
61129,2026-01-14,12:32:35,INFO,WebServer,Health check passed: WebServer,E102,Health check passed: {service}
61130,2026-01-14,12:39:54,INFO,WebServer,Health check passed: WebServer,E102,Health check passed: {service}
61131,2026-01-14,12:53:40,INFO,PaymentGateway,User u1713 login successful,E101,User {user} login successful
61132,2026-01-14,12:04:25,INFO,InventoryDB,Page view: /home by u1460,E103,Page view: {page} by {user}
61133,2026-01-14,12:53:37,INFO,WebServer,User u3435 login successful,E101,User {user} login successful
61134,2026-01-14,12:50:36,INFO,WebServer,Page view: /home by u1273,E103,Page view: {page} by {user}
61135,2026-01-14,12:25:34,INFO,AuthService,Transaction tx746263 completed in 1237ms,E104,Transaction {tx} completed in {time}ms
61136,2026-01-14,12:32:49,WARN,WebServer,High latency (482ms) detected on WebServer,E201,High latency ({time}ms) detected on {service}
61137,2026-01-14,12:56:29,INFO,AuthService,Transaction tx499821 completed in 519ms,E104,Transaction {tx} completed in {time}ms
61138,2026-01-14,12:23:03,INFO,WebServer,Health check passed: WebServer,E102,Health check passed: {service}
61139,2026-01-14,12:55:23,INFO,WebServer,User u4840 login successful,E101,User {user} login successful
61140,2026-01-14,12:16:46,INFO,WebServer,User u3149 login successful,E101,User {user} login successful
61141,2026-01-14,12:50:19,INFO,OrderProcessor,Page view: /home by u4644,E103,Page view: {page} by {user}
61142,2026-01-14,12:08:50,INFO,WebServer,User u1041 login successful,E101,User {user} login successful
61143,2026-01-14,12:28:27,INFO,AuthService,Health check passed: AuthService,E102,Health check passed: {service}
61144,2026-01-14,12:19:18,INFO,WebServer,User u3233 login successful,E101,User {user} login successful
61145,2026-01-14,12:47:10,INFO,AuthService,User u3990 login successful,E101,User {user} login successful
61146,2026-01-14,12:03:09,INFO,AuthService,User u3488 login successful,E101,User {user} login successful
61147,2026-01-14,12:50:53,INFO,InventoryDB,Health check passed: InventoryDB,E102,Health check passed: {service}
61148,2026-01-14,12:27:01,INFO,WebServer,Page view: /home by u1856,E103,Page view: {page} by {user}
61149,2026-01-14,12:10:37,INFO,WebServer,Health check passed: WebServer,E102,Health check passed: {service}
61150,2026-01-14,12:59:06,INFO,OrderProcessor,Transaction tx533806 completed in 1295ms,E104,Transaction {tx} completed in {time}ms
61151,2026-01-14,12:57:44,INFO,WebServer,Transaction tx426931 completed in 937ms,E104,Transaction {tx} completed in {time}ms
61152,2026-01-14,12:13:06,INFO,OrderProcessor,Health check passed: OrderProcessor,E102,Health check passed: {service}
61153,2026-01-14,12:08:29,ERROR,PaymentGateway,Payment declined: Gateway unavailable,E503,Payment declined: Gateway unavailable
61154,2026-01-14,12:38:33,INFO,WebServer,Page view: /home by u3520,E103,Page view: {page} by {user}
61155,2026-01-14,12:57:58,INFO,WebServer,Transaction tx118088 completed in 733ms,E104,Transaction {tx} completed in {time}ms
61156,2026-01-14,12:06:25,INFO,WebServer,Transaction tx612051 completed in 612ms,E104,Transaction {tx} completed in {time}ms
61157,2026-01-14,12:45:34,INFO,OrderProcessor,User u3803 login successful,E101,User {user} login successful
61158,2026-01-14,12:09:19,INFO,OrderProcessor,Transaction tx155965 completed in 869ms,E104,Transaction {tx} completed in {time}ms
61159,2026-01-14,12:06:16,INFO,InventoryDB,Health check passed: InventoryDB,E102,Health check passed: {service}
61160,2026-01-14,12:33:16,INFO,AuthService,User u1294 login successful,E101,User {user} login successful
61161,2026-01-14,12:48:44,INFO,AuthService,Health check passed: AuthService,E102,Health check passed: {service}
61162,2026-01-14,12:08:12,INFO,InventoryDB,User u2909 login successful,E101,User {user} login successful
61163,2026-01-14,12:33:08,INFO,WebServer,Health check passed: WebServer,E102,Health check passed: {service}
61164,2026-01-14,12:18:38,INFO,AuthService,Page view: /home by u4097,E103,Page view: {page} by {user}
61165,2026-01-14,12:10:20,INFO,OrderProcessor,Health check passed: OrderProcessor,E102,Health check passed: {service}
61166,2026-01-14,12:44:31,INFO,WebServer,Health check passed: WebServer,E102,Health check passed: {service}
61167,2026-01-14,12:10:56,INFO,WebServer,Page view: /home by u1158,E103,Page view: {page} by {user}
61168,2026-01-14,12:04:16,INFO,WebServer,Page view: /home by u4829,E103,Page view: {page} by {user}
61169,2026-01-14,12:32:49,INFO,PaymentGateway,Transaction tx781599 completed in 964ms,E104,Transaction {tx} completed in {time}ms
61170,2026-01-14,12:52:36,INFO,PaymentGateway,Health check passed: PaymentGateway,E102,Health check passed: {service}
61171,2026-01-14,12:34:16,INFO,PaymentGateway,Page view: /home by u2572,E103,Page view: {page} by {user}
61172,2026-01-14,12:45:00,INFO,WebServer,Health check passed: WebServer,E102,Health check passed: {service}
61173,2026-01-14,12:36:33,INFO,AuthService,Transaction tx999536 completed in 1614ms,E104,Transaction {tx} completed in {time}ms
61174,2026-01-14,12:50:19,INFO,WebServer,Transaction tx391411 completed in 1160ms,E104,Transaction {tx} completed in {time}ms
61175,2026-01-14,12:40:08,WARN,WebServer,Unauthorized access attempt from 10.0.0.45,E401,Unauthorized access attempt from {ip}
61176,2026-01-14,12:54:36,INFO,OrderProcessor,Transaction tx898098 completed in 363ms,E104,Transaction {tx} completed in {time}ms
61177,2026-01-14,12:30:45,WARN,WebServer,High latency (262ms) detected on WebServer,E201,High latency ({time}ms) detected on {service}
61178,2026-01-14,12:46:53,INFO,WebServer,Health check passed: WebServer,E102,Health check passed: {service}
61179,2026-01-14,12:53:47,INFO,AuthService,User u2758 login successful,E101,User {user} login successful
61180,2026-01-14,12:10:00,INFO,WebServer,Health check passed: WebServer,E102,Health check passed: {service}
61181,2026-01-14,12:20:21,INFO,OrderProcessor,User u2628 login successful,E101,User {user} login successful
61182,2026-01-14,12:00:20,INFO,WebServer,Page view: /home by u3135,E103,Page view: {page} by {user}
61183,2026-01-14,12:54:30,INFO,AuthService,Transaction tx423706 completed in 1308ms,E104,Transaction {tx} completed in {time}ms
61184,2026-01-14,12:28:57,WARN,WebServer,Disk usage > 85% on node node-2,E202,Disk usage > 85% on node {node}
61185,2026-01-14,12:47:57,INFO,WebServer,Page view: /home by u2432,E103,Page view: {page} by {user}
61186,2026-01-14,12:43:08,INFO,WebServer,Health check passed: WebServer,E102,Health check passed: {service}
61187,2026-01-14,12:22:25,INFO,AuthService,User u4665 login successful,E101,User {user} login successful
61188,2026-01-14,12:22:02,INFO,WebServer,Health check passed: WebServer,E102,Health check passed: {service}
61189,2026-01-14,12:37:24,INFO,WebServer,User u2808 login successful,E101,User {user} login successful
61190,2026-01-14,12:39:43,INFO,OrderProcessor,Health check passed: OrderProcessor,E102,Health check passed: {service}
61191,2026-01-14,12:45:15,WARN,OrderProcessor,Disk usage > 85% on node node-2,E202,Disk usage > 85% on node {node}
61192,2026-01-14,12:46:56,INFO,AuthService,User u3803 login successful,E101,User {user} login successful
61193,2026-01-14,12:06:31,INFO,WebServer,Transaction tx769115 completed in 29ms,E104,Transaction {tx} completed in {time}ms
61194,2026-01-14,12:38:05,WARN,WebServer,Unauthorized access attempt from 10.0.0.12,E401,Unauthorized access attempt from {ip}
61195,2026-01-14,12:00:06,INFO,AuthService,User u3608 login successful,E101,User {user} login successful
61196,2026-01-14,12:18:25,INFO,WebServer,Health check passed: WebServer,E102,Health check passed: {service}
61197,2026-01-14,12:05:48,INFO,WebServer,Page view: /home by u3411,E103,Page view: {page} by {user}
61198,2026-01-14,12:46:36,INFO,WebServer,User u2032 login successful,E101,User {user} login successful
61199,2026-01-14,12:58:28,INFO,InventoryDB,Health check passed: InventoryDB,E102,Health check passed: {service}
61200,2026-01-14,12:45:12,INFO,WebServer,Page view: /home by u4102,E103,Page view: {page} by {user}
61201,2026-01-14,12:40:52,INFO,AuthService,Page view: /home by u3442,E103,Page view: {page} by {user}
61202,2026-01-14,12:51:39,INFO,AuthService,Transaction tx373646 completed in 463ms,E104,Transaction {tx} completed in {time}ms
61203,2026-01-14,12:34:08,INFO,OrderProcessor,User u1929 login successful,E101,User {user} login successful
61204,2026-01-14,12:37:18,INFO,PaymentGateway,Transaction tx808934 completed in 1562ms,E104,Transaction {tx} completed in {time}ms
61205,2026-01-14,12:18:35,INFO,WebServer,Health check passed: WebServer,E102,Health check passed: {service}
61206,2026-01-14,12:13:19,INFO,OrderProcessor,Page view: /home by u4794,E103,Page view: {page} by {user}
61207,2026-01-14,12:08:44,INFO,WebServer,User u2388 login successful,E101,User {user} login successful
61208,2026-01-14,12:17:12,INFO,WebServer,User u1025 login successful,E101,User {user} login successful
61209,2026-01-14,12:28:36,INFO,WebServer,Health check passed: WebServer,E102,Health check passed: {service}
61210,2026-01-14,12:03:04,INFO,WebServer,Page view: /home by u2390,E103,Page view: {page} by {user}
61211,2026-01-14,12:46:12,WARN,WebServer,Unauthorized access attempt from 10.0.0.45,E401,Unauthorized access attempt from {ip}
61212,2026-01-14,12:05:47,INFO,WebServer,Health check passed: WebServer,E102,Health check passed: {service}
61213,2026-01-14,12:13:07,INFO,WebServer,Health check passed: WebServer,E102,Health check passed: {service}
61214,2026-01-14,12:31:18,INFO,PaymentGateway,User u1708 login successful,E101,User {user} login successful
61215,2026-01-14,12:49:16,INFO,AuthService,User u4651 login successful,E101,User {user} login successful
61216,2026-01-14,12:58:42,INFO,AuthService,Page view: /home by u3020,E103,Page view: {page} by {user}
61217,2026-01-14,12:06:52,INFO,WebServer,Page view: /home by u2836,E103,Page view: {page} by {user}
61218,2026-01-14,12:54:19,INFO,AuthService,User u3224 login successful,E101,User {user} login successful
61219,2026-01-14,12:53:09,INFO,OrderProcessor,Transaction tx215907 completed in 1705ms,E104,Transaction {tx} completed in {time}ms
61220,2026-01-14,12:31:34,INFO,WebServer,Health check passed: WebServer,E102,Health check passed: {service}
61221,2026-01-14,12:35:23,INFO,WebServer,Health check passed: WebServer,E102,Health check passed: {service}
61222,2026-01-14,12:18:26,INFO,WebServer,User u2082 login successful,E101,User {user} login successful
61223,2026-01-14,12:24:07,INFO,WebServer,User u1540 login successful,E101,User {user} login successful
61224,2026-01-14,12:24:05,INFO,AuthService,Transaction tx455330 completed in 1565ms,E104,Transaction {tx} completed in {time}ms
61225,2026-01-14,12:58:37,INFO,PaymentGateway,Transaction tx923723 completed in 1080ms,E104,Transaction {tx} completed in {time}ms
61226,2026-01-14,12:59:22,INFO,OrderProcessor,Page view: /home by u3323,E103,Page view: {page} by {user}
61227,2026-01-14,12:28:12,WARN,InventoryDB,Unauthorized access attempt from 10.0.0.45,E401,Unauthorized access attempt from {ip}
61228,2026-01-14,12:11:26,WARN,AuthService,Disk usage > 85% on node node-5,E202,Disk usage > 85% on node {node}
61229,2026-01-14,12:06:10,INFO,OrderProcessor,Transaction tx967333 completed in 54ms,E104,Transaction {tx} completed in {time}ms
61230,2026-01-14,12:10:32,INFO,PaymentGateway,Page view: /home by u3693,E103,Page view: {page} by {user}
61231,2026-01-14,12:12:21,INFO,OrderProcessor,Health check passed: OrderProcessor,E102,Health check passed: {service}
61232,2026-01-14,12:21:52,INFO,WebServer,Transaction tx171058 completed in 1253ms,E104,Transaction {tx} completed in {time}ms
61233,2026-01-14,12:53:26,INFO,WebServer,Page view: /home by u1591,E103,Page view: {page} by {user}
61234,2026-01-14,12:20:39,INFO,WebServer,Health check passed: WebServer,E102,Health check passed: {service}
61235,2026-01-14,12:01:08,INFO,WebServer,Health check passed: WebServer,E102,Health check passed: {service}
61236,2026-01-14,12:14:57,INFO,WebServer,Transaction tx217515 completed in 98ms,E104,Transaction {tx} completed in {time}ms
61237,2026-01-14,12:56:24,INFO,OrderProcessor,Transaction tx959231 completed in 202ms,E104,Transaction {tx} completed in {time}ms
61238,2026-01-14,12:01:38,INFO,AuthService,Page view: /home by u1819,E103,Page view: {page} by {user}
61239,2026-01-14,12:35:44,INFO,PaymentGateway,Health check passed: PaymentGateway,E102,Health check passed: {service}
61240,2026-01-14,12:21:53,INFO,WebServer,Page view: /home by u1197,E103,Page view: {page} by {user}
61241,2026-01-14,12:44:06,INFO,OrderProcessor,User u1655 login successful,E101,User {user} login successful
61242,2026-01-14,12:45:15,INFO,WebServer,User u4104 login successful,E101,User {user} login successful
61243,2026-01-14,12:21:50,INFO,WebServer,Transaction tx466016 completed in 1614ms,E104,Transaction {tx} completed in {time}ms
61244,2026-01-14,12:40:04,INFO,InventoryDB,Transaction tx449106 completed in 1984ms,E104,Transaction {tx} completed in {time}ms
61245,2026-01-14,12:02:16,INFO,WebServer,Health check passed: WebServer,E102,Health check passed: {service}
61246,2026-01-14,12:55:08,INFO,WebServer,User u3087 login successful,E101,User {user} login successful
61247,2026-01-14,12:31:30,INFO,AuthService,Page view: /home by u4845,E103,Page view: {page} by {user}
61248,2026-01-14,12:43:45,INFO,InventoryDB,User u4749 login successful,E101,User {user} login successful
61249,2026-01-14,12:21:17,INFO,WebServer,User u3155 login successful,E101,User {user} login successful
61250,2026-01-14,12:09:04,INFO,WebServer,User u3126 login successful,E101,User {user} login successful
61251,2026-01-14,12:59:26,WARN,WebServer,High latency (1181ms) detected on WebServer,E201,High latency ({time}ms) detected on {service}
61252,2026-01-14,12:03:10,WARN,AuthService,Unauthorized access attempt from 10.0.0.12,E401,Unauthorized access attempt from {ip}
61253,2026-01-14,12:11:05,INFO,AuthService,User u4193 login successful,E101,User {user} login successful
61254,2026-01-14,12:21:54,INFO,WebServer,User u3798 login successful,E101,User {user} login successful
61255,2026-01-14,12:00:59,INFO,WebServer,Transaction tx343007 completed in 974ms,E104,Transaction {tx} completed in {time}ms
61256,2026-01-14,12:24:17,INFO,WebServer,Health check passed: WebServer,E102,Health check passed: {service}
61257,2026-01-14,12:18:12,WARN,WebServer,Disk usage > 85% on node node-1,E202,Disk usage > 85% on node {node}
61258,2026-01-14,12:22:01,INFO,WebServer,User u1573 login successful,E101,User {user} login successful
61259,2026-01-14,12:21:17,INFO,AuthService,User u1902 login successful,E101,User {user} login successful
61260,2026-01-14,12:26:53,INFO,WebServer,Page view: /home by u4332,E103,Page view: {page} by {user}
61261,2026-01-14,12:53:42,INFO,InventoryDB,User u1311 login successful,E101,User {user} login successful
61262,2026-01-14,12:35:55,INFO,WebServer,Transaction tx181383 completed in 663ms,E104,Transaction {tx} completed in {time}ms
61263,2026-01-14,12:09:47,INFO,AuthService,Health check passed: AuthService,E102,Health check passed: {service}
61264,2026-01-14,12:23:26,INFO,WebServer,Transaction tx744905 completed in 1549ms,E104,Transaction {tx} completed in {time}ms
61265,2026-01-14,12:03:43,INFO,WebServer,Health check passed: WebServer,E102,Health check passed: {service}
61266,2026-01-14,12:09:56,INFO,InventoryDB,User u4154 login successful,E101,User {user} login successful
61267,2026-01-14,12:19:19,INFO,WebServer,Health check passed: WebServer,E102,Health check passed: {service}
61268,2026-01-14,12:04:30,INFO,WebServer,User u4555 login successful,E101,User {user} login successful
61269,2026-01-14,12:34:52,INFO,OrderProcessor,Health check passed: OrderProcessor,E102,Health check passed: {service}
61270,2026-01-14,12:52:39,WARN,PaymentGateway,Disk usage > 85% on node node-5,E202,Disk usage > 85% on node {node}
61271,2026-01-14,12:48:47,INFO,AuthService,Page view: /home by u2600,E103,Page view: {page} by {user}
61272,2026-01-14,12:57:28,INFO,WebServer,User u1391 login successful,E101,User {user} login successful
61273,2026-01-14,12:18:39,INFO,OrderProcessor,Page view: /home by u2416,E103,Page view: {page} by {user}
61274,2026-01-14,12:50:13,INFO,WebServer,User u1588 login successful,E101,User {user} login successful
61275,2026-01-14,12:41:00,INFO,WebServer,Page view: /home by u1910,E103,Page view: {page} by {user}
61276,2026-01-14,12:28:56,INFO,AuthService,Page view: /home by u1163,E103,Page view: {page} by {user}
61277,2026-01-14,12:57:37,INFO,WebServer,Page view: /home by u2190,E103,Page view: {page} by {user}
61278,2026-01-14,12:11:49,INFO,PaymentGateway,Transaction tx798390 completed in 273ms,E104,Transaction {tx} completed in {time}ms
61279,2026-01-14,12:26:22,INFO,WebServer,User u1449 login successful,E101,User {user} login successful
61280,2026-01-14,12:07:33,WARN,AuthService,Disk usage > 85% on node node-2,E202,Disk usage > 85% on node {node}
61281,2026-01-14,12:21:33,INFO,WebServer,Transaction tx940595 completed in 1071ms,E104,Transaction {tx} completed in {time}ms
61282,2026-01-14,12:00:01,INFO,WebServer,Page view: /home by u3347,E103,Page view: {page} by {user}
61283,2026-01-14,12:20:34,INFO,AuthService,Health check passed: AuthService,E102,Health check passed: {service}
61284,2026-01-14,12:11:53,INFO,AuthService,Health check passed: AuthService,E102,Health check passed: {service}
61285,2026-01-14,12:37:53,INFO,WebServer,Transaction tx499189 completed in 1422ms,E104,Transaction {tx} completed in {time}ms
61286,2026-01-14,12:37:58,INFO,AuthService,Page view: /home by u3499,E103,Page view: {page} by {user}
61287,2026-01-14,12:31:36,INFO,AuthService,Health check passed: AuthService,E102,Health check passed: {service}
61288,2026-01-14,12:19:12,INFO,AuthService,User u4273 login successful,E101,User {user} login successful
61289,2026-01-14,12:03:28,INFO,AuthService,User u2181 login successful,E101,User {user} login successful
61290,2026-01-14,12:36:15,INFO,WebServer,User u3042 login successful,E101,User {user} login successful
61291,2026-01-14,12:06:24,INFO,WebServer,User u1926 login successful,E101,User {user} login successful
61292,2026-01-14,12:31:32,INFO,OrderProcessor,Transaction tx684507 completed in 703ms,E104,Transaction {tx} completed in {time}ms
61293,2026-01-14,12:09:30,INFO,OrderProcessor,Page view: /home by u3348,E103,Page view: {page} by {user}
61294,2026-01-14,12:11:09,INFO,WebServer,Health check passed: WebServer,E102,Health check passed: {service}
61295,2026-01-14,12:10:58,INFO,WebServer,User u3203 login successful,E101,User {user} login successful
61296,2026-01-14,12:13:51,WARN,AuthService,Disk usage > 85% on node node-3,E202,Disk usage > 85% on node {node}
61297,2026-01-14,12:11:51,INFO,WebServer,Health check passed: WebServer,E102,Health check passed: {service}
61298,2026-01-14,12:37:38,INFO,PaymentGateway,Health check passed: PaymentGateway,E102,Health check passed: {service}
61299,2026-01-14,12:22:31,INFO,WebServer,User u2081 login successful,E101,User {user} login successful
61300,2026-01-14,12:50:18,INFO,AuthService,Transaction tx113607 completed in 540ms,E104,Transaction {tx} completed in {time}ms
61301,2026-01-14,12:25:50,INFO,OrderProcessor,Page view: /home by u4791,E103,Page view: {page} by {user}
61302,2026-01-14,12:30:56,INFO,WebServer,Transaction tx424930 completed in 144ms,E104,Transaction {tx} completed in {time}ms
61303,2026-01-14,12:13:57,INFO,InventoryDB,User u2903 login successful,E101,User {user} login successful
61304,2026-01-14,12:38:28,INFO,AuthService,User u2093 login successful,E101,User {user} login successful
61305,2026-01-14,12:49:07,INFO,AuthService,User u3205 login successful,E101,User {user} login successful
61306,2026-01-14,12:24:52,INFO,AuthService,User u4970 login successful,E101,User {user} login successful
61307,2026-01-14,12:39:10,INFO,InventoryDB,Transaction tx246540 completed in 1204ms,E104,Transaction {tx} completed in {time}ms
61308,2026-01-14,12:34:57,INFO,WebServer,Transaction tx467165 completed in 1742ms,E104,Transaction {tx} completed in {time}ms
61309,2026-01-14,12:25:49,INFO,WebServer,Page view: /home by u3163,E103,Page view: {page} by {user}
61310,2026-01-14,12:54:36,INFO,WebServer,User u1375 login successful,E101,User {user} login successful
61311,2026-01-14,12:03:42,INFO,WebServer,User u2037 login successful,E101,User {user} login successful
61312,2026-01-14,12:01:20,WARN,AuthService,High latency (1387ms) detected on AuthService,E201,High latency ({time}ms) detected on {service}
61313,2026-01-14,12:38:50,INFO,OrderProcessor,User u3676 login successful,E101,User {user} login successful
61314,2026-01-14,12:52:36,INFO,WebServer,Health check passed: WebServer,E102,Health check passed: {service}
61315,2026-01-14,12:40:51,INFO,AuthService,Health check passed: AuthService,E102,Health check passed: {service}
61316,2026-01-14,12:57:55,INFO,WebServer,User u2187 login successful,E101,User {user} login successful
61317,2026-01-14,12:09:21,INFO,PaymentGateway,Health check passed: PaymentGateway,E102,Health check passed: {service}
61318,2026-01-14,12:57:46,WARN,WebServer,High latency (1300ms) detected on WebServer,E201,High latency ({time}ms) detected on {service}
61319,2026-01-14,12:39:28,INFO,PaymentGateway,Health check passed: PaymentGateway,E102,Health check passed: {service}
61320,2026-01-14,12:33:14,INFO,PaymentGateway,Page view: /home by u1656,E103,Page view: {page} by {user}
61321,2026-01-14,12:52:54,INFO,WebServer,Health check passed: WebServer,E102,Health check passed: {service}
61322,2026-01-14,12:00:57,INFO,WebServer,Health check passed: WebServer,E102,Health check passed: {service}
61323,2026-01-14,12:36:41,INFO,WebServer,User u4268 login successful,E101,User {user} login successful
61324,2026-01-14,12:47:08,INFO,WebServer,User u2741 login successful,E101,User {user} login successful
61325,2026-01-14,12:17:54,INFO,WebServer,Health check passed: WebServer,E102,Health check passed: {service}
61326,2026-01-14,12:09:14,INFO,WebServer,Health check passed: WebServer,E102,Health check passed: {service}
61327,2026-01-14,12:25:58,INFO,OrderProcessor,Transaction tx183459 completed in 448ms,E104,Transaction {tx} completed in {time}ms
61328,2026-01-14,12:08:55,WARN,WebServer,Disk usage > 85% on node node-2,E202,Disk usage > 85% on node {node}
61329,2026-01-14,12:16:27,INFO,WebServer,Page view: /home by u1488,E103,Page view: {page} by {user}
61330,2026-01-14,12:19:58,INFO,WebServer,Health check passed: WebServer,E102,Health check passed: {service}
61331,2026-01-14,12:54:45,INFO,OrderProcessor,Transaction tx948099 completed in 1701ms,E104,Transaction {tx} completed in {time}ms
61332,2026-01-14,12:42:41,INFO,OrderProcessor,User u1145 login successful,E101,User {user} login successful
61333,2026-01-14,12:22:57,INFO,InventoryDB,Page view: /home by u2864,E103,Page view: {page} by {user}
61334,2026-01-14,12:53:00,INFO,WebServer,Page view: /home by u4024,E103,Page view: {page} by {user}
61335,2026-01-14,12:43:42,INFO,WebServer,User u2705 login successful,E101,User {user} login successful
61336,2026-01-14,12:25:50,INFO,OrderProcessor,Health check passed: OrderProcessor,E102,Health check passed: {service}
61337,2026-01-14,12:19:44,WARN,WebServer,Unauthorized access attempt from 10.0.0.45,E401,Unauthorized access attempt from {ip}
61338,2026-01-14,12:04:19,WARN,PaymentGateway,Disk usage > 85% on node node-5,E202,Disk usage > 85% on node {node}
61339,2026-01-14,12:12:17,INFO,PaymentGateway,Health check passed: PaymentGateway,E102,Health check passed: {service}
61340,2026-01-14,12:59:54,WARN,WebServer,High latency (1229ms) detected on WebServer,E201,High latency ({time}ms) detected on {service}
61341,2026-01-14,12:33:12,INFO,WebServer,User u4399 login successful,E101,User {user} login successful
61342,2026-01-14,12:26:53,INFO,WebServer,User u2970 login successful,E101,User {user} login successful
61343,2026-01-14,12:15:44,INFO,AuthService,User u3074 login successful,E101,User {user} login successful
61344,2026-01-14,12:56:31,INFO,AuthService,Page view: /home by u4616,E103,Page view: {page} by {user}
61345,2026-01-14,12:37:30,INFO,InventoryDB,Page view: /home by u4389,E103,Page view: {page} by {user}
61346,2026-01-14,12:35:19,INFO,AuthService,User u4039 login successful,E101,User {user} login successful
61347,2026-01-14,12:32:34,ERROR,OrderProcessor,Connection refused to OrderProcessor at 10.0.0.10,E501,Connection refused to {service} at {ip}
61348,2026-01-14,12:04:23,WARN,OrderProcessor,Disk usage > 85% on node node-1,E202,Disk usage > 85% on node {node}
61349,2026-01-14,12:50:31,INFO,WebServer,Health check passed: WebServer,E102,Health check passed: {service}
61350,2026-01-14,12:29:18,INFO,AuthService,Health check passed: AuthService,E102,Health check passed: {service}
61351,2026-01-14,12:29:05,INFO,AuthService,Health check passed: AuthService,E102,Health check passed: {service}
61352,2026-01-14,12:07:04,INFO,WebServer,Health check passed: WebServer,E102,Health check passed: {service}
61353,2026-01-14,12:11:17,INFO,OrderProcessor,Transaction tx182884 completed in 1580ms,E104,Transaction {tx} completed in {time}ms
61354,2026-01-14,12:22:53,INFO,WebServer,Health check passed: WebServer,E102,Health check passed: {service}
61355,2026-01-14,12:21:47,INFO,OrderProcessor,User u1065 login successful,E101,User {user} login successful
61356,2026-01-14,12:24:17,INFO,WebServer,Health check passed: WebServer,E102,Health check passed: {service}
61357,2026-01-14,12:21:29,WARN,InventoryDB,Unauthorized access attempt from 10.0.0.45,E401,Unauthorized access attempt from {ip}
61358,2026-01-14,12:15:12,INFO,WebServer,Page view: /home by u1930,E103,Page view: {page} by {user}
61359,2026-01-14,12:22:36,INFO,OrderProcessor,Health check passed: OrderProcessor,E102,Health check passed: {service}
61360,2026-01-14,12:38:29,INFO,WebServer,Transaction tx690298 completed in 1451ms,E104,Transaction {tx} completed in {time}ms
61361,2026-01-14,12:26:10,INFO,WebServer,Transaction tx438728 completed in 46ms,E104,Transaction {tx} completed in {time}ms
61362,2026-01-14,12:27:30,INFO,WebServer,Page view: /home by u4179,E103,Page view: {page} by {user}
61363,2026-01-14,12:29:37,INFO,WebServer,Health check passed: WebServer,E102,Health check passed: {service}
61364,2026-01-14,12:59:01,INFO,WebServer,Health check passed: WebServer,E102,Health check passed: {service}
61365,2026-01-14,12:30:36,INFO,AuthService,User u4729 login successful,E101,User {user} login successful
61366,2026-01-14,12:55:20,INFO,WebServer,Health check passed: WebServer,E102,Health check passed: {service}
61367,2026-01-14,12:37:56,INFO,OrderProcessor,Health check passed: OrderProcessor,E102,Health check passed: {service}
61368,2026-01-14,12:41:23,INFO,InventoryDB,User u1009 login successful,E101,User {user} login successful
61369,2026-01-14,12:18:50,INFO,WebServer,Transaction tx454074 completed in 1065ms,E104,Transaction {tx} completed in {time}ms
61370,2026-01-14,12:23:22,INFO,PaymentGateway,User u2416 login successful,E101,User {user} login successful
61371,2026-01-14,12:53:50,INFO,PaymentGateway,Page view: /home by u1011,E103,Page view: {page} by {user}
61372,2026-01-14,12:56:06,INFO,WebServer,Transaction tx524146 completed in 369ms,E104,Transaction {tx} completed in {time}ms
61373,2026-01-14,12:14:41,INFO,PaymentGateway,Page view: /home by u3177,E103,Page view: {page} by {user}
61374,2026-01-14,12:43:24,INFO,WebServer,Health check passed: WebServer,E102,Health check passed: {service}
61375,2026-01-14,12:37:59,INFO,WebServer,Page view: /home by u4117,E103,Page view: {page} by {user}
61376,2026-01-14,12:54:37,INFO,OrderProcessor,Page view: /home by u3166,E103,Page view: {page} by {user}
61377,2026-01-14,12:59:45,INFO,OrderProcessor,Health check passed: OrderProcessor,E102,Health check passed: {service}
61378,2026-01-14,12:24:50,INFO,WebServer,Page view: /home by u2629,E103,Page view: {page} by {user}
61379,2026-01-14,12:44:20,INFO,AuthService,Health check passed: AuthService,E102,Health check passed: {service}
61380,2026-01-14,12:38:20,INFO,AuthService,User u2663 login successful,E101,User {user} login successful
61381,2026-01-14,12:25:46,INFO,InventoryDB,Page view: /home by u1983,E103,Page view: {page} by {user}
61382,2026-01-14,12:22:02,INFO,AuthService,Page view: /home by u3172,E103,Page view: {page} by {user}
61383,2026-01-14,12:20:45,INFO,OrderProcessor,User u1604 login successful,E101,User {user} login successful
61384,2026-01-14,12:12:04,INFO,WebServer,Health check passed: WebServer,E102,Health check passed: {service}
61385,2026-01-14,12:30:38,INFO,PaymentGateway,Health check passed: PaymentGateway,E102,Health check passed: {service}
61386,2026-01-14,12:53:11,INFO,OrderProcessor,Page view: /home by u2962,E103,Page view: {page} by {user}
61387,2026-01-14,12:04:43,INFO,PaymentGateway,Health check passed: PaymentGateway,E102,Health check passed: {service}
61388,2026-01-14,12:05:28,INFO,WebServer,User u3539 login successful,E101,User {user} login successful
61389,2026-01-14,12:58:57,WARN,InventoryDB,Disk usage > 85% on node node-2,E202,Disk usage > 85% on node {node}
61390,2026-01-14,12:09:29,INFO,AuthService,Page view: /home by u2532,E103,Page view: {page} by {user}
61391,2026-01-14,12:47:39,INFO,WebServer,Transaction tx396854 completed in 661ms,E104,Transaction {tx} completed in {time}ms
61392,2026-01-14,12:32:29,CRITICAL,OrderProcessor,DATA CORRUPTION detected in sector 607,E602,DATA CORRUPTION detected in sector {sector}
61393,2026-01-14,12:29:24,INFO,InventoryDB,Transaction tx562090 completed in 539ms,E104,Transaction {tx} completed in {time}ms
61394,2026-01-14,12:07:33,INFO,PaymentGateway,User u2382 login successful,E101,User {user} login successful
61395,2026-01-14,12:18:38,INFO,InventoryDB,User u4735 login successful,E101,User {user} login successful
61396,2026-01-14,12:56:18,INFO,WebServer,Transaction tx171206 completed in 495ms,E104,Transaction {tx} completed in {time}ms
61397,2026-01-14,12:42:39,INFO,WebServer,Transaction tx475041 completed in 1167ms,E104,Transaction {tx} completed in {time}ms
61398,2026-01-14,12:27:53,INFO,WebServer,User u1613 login successful,E101,User {user} login successful
61399,2026-01-14,12:02:12,INFO,WebServer,Page view: /home by u2099,E103,Page view: {page} by {user}
61400,2026-01-14,12:59:23,INFO,OrderProcessor,Transaction tx723401 completed in 163ms,E104,Transaction {tx} completed in {time}ms
61401,2026-01-14,12:04:29,INFO,PaymentGateway,Page view: /home by u4011,E103,Page view: {page} by {user}
61402,2026-01-14,12:38:36,INFO,WebServer,Transaction tx550771 completed in 1974ms,E104,Transaction {tx} completed in {time}ms
61403,2026-01-14,12:47:31,INFO,PaymentGateway,Transaction tx749230 completed in 1103ms,E104,Transaction {tx} completed in {time}ms
61404,2026-01-14,12:50:04,INFO,WebServer,Transaction tx902262 completed in 997ms,E104,Transaction {tx} completed in {time}ms
61405,2026-01-14,12:28:20,INFO,OrderProcessor,Transaction tx788694 completed in 1070ms,E104,Transaction {tx} completed in {time}ms
61406,2026-01-14,12:29:38,INFO,AuthService,Transaction tx990822 completed in 1769ms,E104,Transaction {tx} completed in {time}ms
61407,2026-01-14,12:41:28,INFO,WebServer,Health check passed: WebServer,E102,Health check passed: {service}
61408,2026-01-14,12:38:17,INFO,AuthService,Page view: /home by u4588,E103,Page view: {page} by {user}
61409,2026-01-14,12:05:54,INFO,InventoryDB,Transaction tx498829 completed in 810ms,E104,Transaction {tx} completed in {time}ms
61410,2026-01-14,12:24:30,INFO,WebServer,Health check passed: WebServer,E102,Health check passed: {service}
61411,2026-01-14,12:16:23,INFO,InventoryDB,Page view: /home by u3764,E103,Page view: {page} by {user}
61412,2026-01-14,12:53:58,INFO,WebServer,Health check passed: WebServer,E102,Health check passed: {service}
61413,2026-01-14,12:52:44,INFO,PaymentGateway,Transaction tx399627 completed in 1346ms,E104,Transaction {tx} completed in {time}ms
61414,2026-01-14,12:48:45,INFO,WebServer,Transaction tx474962 completed in 1100ms,E104,Transaction {tx} completed in {time}ms
61415,2026-01-14,12:01:01,INFO,WebServer,Health check passed: WebServer,E102,Health check passed: {service}
61416,2026-01-14,12:15:04,INFO,OrderProcessor,User u1147 login successful,E101,User {user} login successful
61417,2026-01-14,12:40:46,INFO,AuthService,Transaction tx831995 completed in 1153ms,E104,Transaction {tx} completed in {time}ms
61418,2026-01-14,12:24:25,INFO,PaymentGateway,Transaction tx662637 completed in 961ms,E104,Transaction {tx} completed in {time}ms
61419,2026-01-14,12:58:36,INFO,AuthService,User u3601 login successful,E101,User {user} login successful
61420,2026-01-14,12:38:06,INFO,WebServer,User u1001 login successful,E101,User {user} login successful
61421,2026-01-14,12:06:25,INFO,InventoryDB,Health check passed: InventoryDB,E102,Health check passed: {service}
61422,2026-01-14,12:07:05,ERROR,WebServer,Connection refused to WebServer at 10.0.0.45,E501,Connection refused to {service} at {ip}
61423,2026-01-14,12:09:25,INFO,AuthService,Health check passed: AuthService,E102,Health check passed: {service}
61424,2026-01-14,12:33:22,INFO,PaymentGateway,Transaction tx151115 completed in 787ms,E104,Transaction {tx} completed in {time}ms
61425,2026-01-14,12:30:11,INFO,AuthService,Transaction tx135618 completed in 364ms,E104,Transaction {tx} completed in {time}ms
61426,2026-01-14,12:36:40,INFO,WebServer,Page view: /home by u2786,E103,Page view: {page} by {user}
61427,2026-01-14,12:01:14,INFO,WebServer,Health check passed: WebServer,E102,Health check passed: {service}
61428,2026-01-14,12:52:07,INFO,WebServer,Transaction tx277112 completed in 1429ms,E104,Transaction {tx} completed in {time}ms
61429,2026-01-14,12:31:53,INFO,WebServer,User u2300 login successful,E101,User {user} login successful
61430,2026-01-14,12:32:58,INFO,OrderProcessor,Transaction tx954115 completed in 938ms,E104,Transaction {tx} completed in {time}ms
61431,2026-01-14,12:21:28,INFO,WebServer,Page view: /home by u3764,E103,Page view: {page} by {user}
61432,2026-01-14,12:15:56,INFO,WebServer,Health check passed: WebServer,E102,Health check passed: {service}
61433,2026-01-14,12:36:46,INFO,WebServer,Health check passed: WebServer,E102,Health check passed: {service}
61434,2026-01-14,12:31:07,INFO,WebServer,Transaction tx667631 completed in 934ms,E104,Transaction {tx} completed in {time}ms
61435,2026-01-14,12:29:12,ERROR,AuthService,Timeout waiting for lock on InventoryDB,E502,Timeout waiting for lock on {db}
61436,2026-01-14,12:57:17,INFO,WebServer,Transaction tx985224 completed in 1011ms,E104,Transaction {tx} completed in {time}ms
61437,2026-01-14,12:22:35,WARN,OrderProcessor,Unauthorized access attempt from 10.0.0.99,E401,Unauthorized access attempt from {ip}
61438,2026-01-14,12:26:32,INFO,OrderProcessor,Page view: /home by u2172,E103,Page view: {page} by {user}
61439,2026-01-14,12:56:20,INFO,OrderProcessor,Page view: /home by u2536,E103,Page view: {page} by {user}
61440,2026-01-14,12:46:59,INFO,WebServer,Health check passed: WebServer,E102,Health check passed: {service}
61441,2026-01-14,12:32:17,INFO,OrderProcessor,User u4769 login successful,E101,User {user} login successful
61442,2026-01-14,12:14:48,INFO,AuthService,Health check passed: AuthService,E102,Health check passed: {service}
61443,2026-01-14,12:50:56,INFO,WebServer,Page view: /home by u2245,E103,Page view: {page} by {user}
61444,2026-01-14,12:17:24,INFO,OrderProcessor,User u2251 login successful,E101,User {user} login successful
61445,2026-01-14,12:19:14,INFO,WebServer,Health check passed: WebServer,E102,Health check passed: {service}
61446,2026-01-14,12:49:56,INFO,PaymentGateway,Transaction tx819416 completed in 1674ms,E104,Transaction {tx} completed in {time}ms
61447,2026-01-14,12:13:37,INFO,WebServer,Health check passed: WebServer,E102,Health check passed: {service}
61448,2026-01-14,12:42:57,INFO,InventoryDB,User u2743 login successful,E101,User {user} login successful
61449,2026-01-14,12:28:28,INFO,WebServer,Transaction tx258347 completed in 854ms,E104,Transaction {tx} completed in {time}ms
61450,2026-01-14,12:36:06,INFO,WebServer,User u1854 login successful,E101,User {user} login successful
61451,2026-01-14,12:35:09,INFO,OrderProcessor,Health check passed: OrderProcessor,E102,Health check passed: {service}
61452,2026-01-14,12:40:57,INFO,AuthService,Transaction tx218180 completed in 543ms,E104,Transaction {tx} completed in {time}ms
61453,2026-01-14,12:58:06,INFO,AuthService,User u3285 login successful,E101,User {user} login successful
61454,2026-01-14,12:49:11,INFO,AuthService,Transaction tx577271 completed in 90ms,E104,Transaction {tx} completed in {time}ms
61455,2026-01-14,12:51:26,INFO,WebServer,Page view: /home by u1605,E103,Page view: {page} by {user}
61456,2026-01-14,12:10:45,INFO,WebServer,User u1556 login successful,E101,User {user} login successful
61457,2026-01-14,12:43:19,INFO,WebServer,Health check passed: WebServer,E102,Health check passed: {service}
61458,2026-01-14,12:18:04,INFO,OrderProcessor,Transaction tx107473 completed in 1682ms,E104,Transaction {tx} completed in {time}ms
61459,2026-01-14,12:03:53,WARN,WebServer,Unauthorized access attempt from 10.0.0.10,E401,Unauthorized access attempt from {ip}
61460,2026-01-14,12:41:24,INFO,AuthService,Transaction tx998520 completed in 1498ms,E104,Transaction {tx} completed in {time}ms
61461,2026-01-14,12:50:36,INFO,WebServer,User u3050 login successful,E101,User {user} login successful
61462,2026-01-14,12:29:48,INFO,AuthService,User u2933 login successful,E101,User {user} login successful
61463,2026-01-14,12:29:53,WARN,WebServer,Unauthorized access attempt from 10.0.0.45,E401,Unauthorized access attempt from {ip}
61464,2026-01-14,12:58:04,INFO,WebServer,Page view: /home by u2947,E103,Page view: {page} by {user}
61465,2026-01-14,12:12:30,INFO,AuthService,Page view: /home by u4611,E103,Page view: {page} by {user}
61466,2026-01-14,12:22:56,INFO,WebServer,User u3815 login successful,E101,User {user} login successful
61467,2026-01-14,12:57:48,INFO,WebServer,Health check passed: WebServer,E102,Health check passed: {service}
61468,2026-01-14,12:08:25,INFO,AuthService,Health check passed: AuthService,E102,Health check passed: {service}
61469,2026-01-14,12:36:36,INFO,WebServer,Transaction tx937146 completed in 1827ms,E104,Transaction {tx} completed in {time}ms
61470,2026-01-14,12:27:49,INFO,OrderProcessor,User u2369 login successful,E101,User {user} login successful
61471,2026-01-14,12:35:01,INFO,WebServer,Transaction tx781467 completed in 852ms,E104,Transaction {tx} completed in {time}ms
61472,2026-01-14,12:04:43,INFO,WebServer,Health check passed: WebServer,E102,Health check passed: {service}
61473,2026-01-14,12:33:10,INFO,WebServer,Page view: /home by u3691,E103,Page view: {page} by {user}
61474,2026-01-14,12:33:35,INFO,WebServer,Health check passed: WebServer,E102,Health check passed: {service}
61475,2026-01-14,12:00:41,INFO,AuthService,Transaction tx603730 completed in 1173ms,E104,Transaction {tx} completed in {time}ms
61476,2026-01-14,12:34:22,INFO,WebServer,User u4049 login successful,E101,User {user} login successful
61477,2026-01-14,12:19:13,INFO,PaymentGateway,Transaction tx429299 completed in 1958ms,E104,Transaction {tx} completed in {time}ms
61478,2026-01-14,12:01:26,INFO,WebServer,Transaction tx400756 completed in 1941ms,E104,Transaction {tx} completed in {time}ms
61479,2026-01-14,12:41:05,INFO,OrderProcessor,User u2734 login successful,E101,User {user} login successful
61480,2026-01-14,12:00:23,INFO,WebServer,Page view: /home by u3473,E103,Page view: {page} by {user}
61481,2026-01-14,12:16:22,INFO,InventoryDB,Transaction tx678918 completed in 1427ms,E104,Transaction {tx} completed in {time}ms
61482,2026-01-14,12:09:13,INFO,OrderProcessor,User u1214 login successful,E101,User {user} login successful
61483,2026-01-14,12:52:53,INFO,PaymentGateway,User u3804 login successful,E101,User {user} login successful
61484,2026-01-14,12:51:51,INFO,WebServer,Page view: /home by u2985,E103,Page view: {page} by {user}
61485,2026-01-14,12:23:17,INFO,PaymentGateway,Transaction tx648770 completed in 139ms,E104,Transaction {tx} completed in {time}ms
61486,2026-01-14,12:46:17,INFO,WebServer,User u4088 login successful,E101,User {user} login successful
61487,2026-01-14,12:41:21,INFO,WebServer,User u2646 login successful,E101,User {user} login successful
61488,2026-01-14,12:33:52,INFO,WebServer,User u4412 login successful,E101,User {user} login successful
61489,2026-01-14,12:58:46,INFO,WebServer,Transaction tx874012 completed in 1184ms,E104,Transaction {tx} completed in {time}ms
61490,2026-01-14,12:31:50,INFO,WebServer,Page view: /home by u4494,E103,Page view: {page} by {user}
61491,2026-01-14,12:46:01,INFO,WebServer,Health check passed: WebServer,E102,Health check passed: {service}
61492,2026-01-14,12:21:46,INFO,PaymentGateway,User u2308 login successful,E101,User {user} login successful
61493,2026-01-14,12:10:47,INFO,AuthService,User u3671 login successful,E101,User {user} login successful
61494,2026-01-14,12:34:18,INFO,OrderProcessor,User u2927 login successful,E101,User {user} login successful
61495,2026-01-14,12:19:10,INFO,InventoryDB,Health check passed: InventoryDB,E102,Health check passed: {service}
61496,2026-01-14,12:27:33,INFO,OrderProcessor,User u2400 login successful,E101,User {user} login successful
61497,2026-01-14,12:15:09,INFO,AuthService,Transaction tx774392 completed in 328ms,E104,Transaction {tx} completed in {time}ms
61498,2026-01-14,12:24:02,INFO,WebServer,Transaction tx153035 completed in 216ms,E104,Transaction {tx} completed in {time}ms
61499,2026-01-14,12:55:33,INFO,AuthService,Health check passed: AuthService,E102,Health check passed: {service}
61500,2026-01-14,12:11:06,INFO,AuthService,Transaction tx484433 completed in 628ms,E104,Transaction {tx} completed in {time}ms
61501,2026-01-14,12:13:59,INFO,OrderProcessor,Health check passed: OrderProcessor,E102,Health check passed: {service}
61502,2026-01-14,12:47:29,INFO,AuthService,Page view: /home by u1448,E103,Page view: {page} by {user}
61503,2026-01-14,12:03:12,INFO,PaymentGateway,User u3331 login successful,E101,User {user} login successful
61504,2026-01-14,12:56:08,INFO,OrderProcessor,Page view: /home by u2810,E103,Page view: {page} by {user}
61505,2026-01-14,12:21:41,INFO,WebServer,Transaction tx832119 completed in 1878ms,E104,Transaction {tx} completed in {time}ms
61506,2026-01-14,12:09:40,INFO,AuthService,User u4212 login successful,E101,User {user} login successful
61507,2026-01-14,12:35:19,INFO,AuthService,Health check passed: AuthService,E102,Health check passed: {service}
61508,2026-01-14,12:19:52,INFO,WebServer,Transaction tx457916 completed in 633ms,E104,Transaction {tx} completed in {time}ms
61509,2026-01-14,12:52:42,INFO,WebServer,Page view: /home by u1422,E103,Page view: {page} by {user}
61510,2026-01-14,12:36:18,INFO,AuthService,User u2230 login successful,E101,User {user} login successful
61511,2026-01-14,12:55:36,WARN,WebServer,Disk usage > 85% on node node-3,E202,Disk usage > 85% on node {node}
61512,2026-01-14,12:09:01,INFO,AuthService,Health check passed: AuthService,E102,Health check passed: {service}
61513,2026-01-14,12:11:28,INFO,WebServer,User u3176 login successful,E101,User {user} login successful
61514,2026-01-14,12:44:43,INFO,AuthService,Page view: /home by u3725,E103,Page view: {page} by {user}
61515,2026-01-14,12:44:25,INFO,WebServer,Transaction tx992891 completed in 877ms,E104,Transaction {tx} completed in {time}ms
61516,2026-01-14,12:25:30,INFO,WebServer,Transaction tx992660 completed in 1944ms,E104,Transaction {tx} completed in {time}ms
61517,2026-01-14,12:41:35,INFO,AuthService,Health check passed: AuthService,E102,Health check passed: {service}
61518,2026-01-14,12:48:32,INFO,WebServer,Health check passed: WebServer,E102,Health check passed: {service}
61519,2026-01-14,12:57:28,INFO,WebServer,Transaction tx453532 completed in 1876ms,E104,Transaction {tx} completed in {time}ms
61520,2026-01-14,12:34:12,INFO,WebServer,Health check passed: WebServer,E102,Health check passed: {service}
61521,2026-01-14,12:17:02,INFO,WebServer,Page view: /home by u3089,E103,Page view: {page} by {user}
61522,2026-01-14,12:02:22,INFO,WebServer,Transaction tx787564 completed in 1813ms,E104,Transaction {tx} completed in {time}ms
61523,2026-01-14,12:26:48,INFO,InventoryDB,User u4753 login successful,E101,User {user} login successful
61524,2026-01-14,12:42:43,INFO,WebServer,Health check passed: WebServer,E102,Health check passed: {service}
61525,2026-01-14,12:40:19,CRITICAL,WebServer,KERNEL PANIC: Node node-2 crashed,E601,KERNEL PANIC: Node {node} crashed
61526,2026-01-14,12:11:28,INFO,WebServer,Health check passed: WebServer,E102,Health check passed: {service}
61527,2026-01-14,12:50:36,INFO,WebServer,User u2739 login successful,E101,User {user} login successful
61528,2026-01-14,12:55:54,INFO,WebServer,Health check passed: WebServer,E102,Health check passed: {service}
61529,2026-01-14,12:47:08,INFO,WebServer,Health check passed: WebServer,E102,Health check passed: {service}
61530,2026-01-14,12:19:25,INFO,WebServer,Health check passed: WebServer,E102,Health check passed: {service}
61531,2026-01-14,12:03:24,INFO,WebServer,User u2436 login successful,E101,User {user} login successful
61532,2026-01-14,12:02:48,INFO,WebServer,Transaction tx477358 completed in 1044ms,E104,Transaction {tx} completed in {time}ms
61533,2026-01-14,12:43:03,INFO,WebServer,Health check passed: WebServer,E102,Health check passed: {service}
61534,2026-01-14,12:30:37,INFO,WebServer,Transaction tx207531 completed in 335ms,E104,Transaction {tx} completed in {time}ms
61535,2026-01-14,12:53:41,INFO,WebServer,Health check passed: WebServer,E102,Health check passed: {service}
61536,2026-01-14,12:36:27,INFO,WebServer,User u3113 login successful,E101,User {user} login successful
61537,2026-01-14,12:08:13,INFO,WebServer,Page view: /home by u2932,E103,Page view: {page} by {user}
61538,2026-01-14,12:53:00,INFO,AuthService,Health check passed: AuthService,E102,Health check passed: {service}
61539,2026-01-14,12:44:56,INFO,AuthService,Transaction tx820233 completed in 248ms,E104,Transaction {tx} completed in {time}ms
61540,2026-01-14,12:29:12,INFO,WebServer,Transaction tx425669 completed in 745ms,E104,Transaction {tx} completed in {time}ms
61541,2026-01-14,12:05:18,INFO,WebServer,User u3599 login successful,E101,User {user} login successful
61542,2026-01-14,12:16:17,ERROR,PaymentGateway,Payment declined: Gateway unavailable,E503,Payment declined: Gateway unavailable
61543,2026-01-14,12:59:28,WARN,WebServer,Disk usage > 85% on node node-5,E202,Disk usage > 85% on node {node}
61544,2026-01-14,12:25:52,INFO,OrderProcessor,Transaction tx554038 completed in 417ms,E104,Transaction {tx} completed in {time}ms
61545,2026-01-14,12:35:11,INFO,PaymentGateway,Page view: /home by u3482,E103,Page view: {page} by {user}
61546,2026-01-14,12:43:23,INFO,WebServer,Page view: /home by u3325,E103,Page view: {page} by {user}
61547,2026-01-14,12:20:17,INFO,WebServer,Page view: /home by u2225,E103,Page view: {page} by {user}
61548,2026-01-14,12:08:01,INFO,WebServer,Health check passed: WebServer,E102,Health check passed: {service}
61549,2026-01-14,12:35:38,INFO,OrderProcessor,User u3549 login successful,E101,User {user} login successful
61550,2026-01-14,12:43:17,INFO,PaymentGateway,User u1911 login successful,E101,User {user} login successful
61551,2026-01-14,12:58:46,INFO,InventoryDB,Transaction tx423994 completed in 961ms,E104,Transaction {tx} completed in {time}ms
61552,2026-01-14,12:10:18,INFO,WebServer,Page view: /home by u1593,E103,Page view: {page} by {user}
61553,2026-01-14,12:45:26,INFO,WebServer,Health check passed: WebServer,E102,Health check passed: {service}
61554,2026-01-14,12:07:17,INFO,OrderProcessor,Page view: /home by u4222,E103,Page view: {page} by {user}
61555,2026-01-14,12:12:45,INFO,AuthService,User u1525 login successful,E101,User {user} login successful
61556,2026-01-14,12:43:50,INFO,WebServer,Health check passed: WebServer,E102,Health check passed: {service}
61557,2026-01-14,12:22:20,INFO,WebServer,Page view: /home by u2524,E103,Page view: {page} by {user}
61558,2026-01-14,12:33:48,INFO,PaymentGateway,Health check passed: PaymentGateway,E102,Health check passed: {service}
61559,2026-01-14,12:18:41,INFO,WebServer,Page view: /home by u1876,E103,Page view: {page} by {user}
61560,2026-01-14,12:04:39,INFO,PaymentGateway,Health check passed: PaymentGateway,E102,Health check passed: {service}
61561,2026-01-14,12:32:22,INFO,AuthService,Page view: /home by u1050,E103,Page view: {page} by {user}
61562,2026-01-14,12:03:42,INFO,InventoryDB,Health check passed: InventoryDB,E102,Health check passed: {service}
61563,2026-01-14,12:27:10,INFO,WebServer,User u3665 login successful,E101,User {user} login successful
61564,2026-01-14,12:49:16,INFO,InventoryDB,Page view: /home by u4585,E103,Page view: {page} by {user}
61565,2026-01-14,12:37:24,INFO,WebServer,Transaction tx636394 completed in 1987ms,E104,Transaction {tx} completed in {time}ms
61566,2026-01-14,12:18:41,ERROR,WebServer,Connection refused to WebServer at 10.0.0.45,E501,Connection refused to {service} at {ip}
61567,2026-01-14,12:31:29,INFO,WebServer,User u3448 login successful,E101,User {user} login successful
61568,2026-01-14,12:22:57,INFO,PaymentGateway,Page view: /home by u4507,E103,Page view: {page} by {user}
61569,2026-01-14,12:17:44,INFO,WebServer,Transaction tx724971 completed in 1279ms,E104,Transaction {tx} completed in {time}ms
61570,2026-01-14,12:37:58,INFO,WebServer,Page view: /home by u3711,E103,Page view: {page} by {user}
61571,2026-01-14,12:51:58,INFO,WebServer,Health check passed: WebServer,E102,Health check passed: {service}
61572,2026-01-14,12:21:01,INFO,WebServer,Transaction tx521785 completed in 761ms,E104,Transaction {tx} completed in {time}ms
61573,2026-01-14,12:08:04,INFO,WebServer,Transaction tx169747 completed in 1504ms,E104,Transaction {tx} completed in {time}ms
61574,2026-01-14,12:20:32,INFO,WebServer,Page view: /home by u3824,E103,Page view: {page} by {user}
61575,2026-01-14,12:43:09,INFO,OrderProcessor,Transaction tx152717 completed in 44ms,E104,Transaction {tx} completed in {time}ms
61576,2026-01-14,12:34:04,INFO,AuthService,User u2500 login successful,E101,User {user} login successful
61577,2026-01-14,12:59:43,INFO,WebServer,Page view: /home by u3245,E103,Page view: {page} by {user}
61578,2026-01-14,12:39:05,INFO,WebServer,Page view: /home by u1294,E103,Page view: {page} by {user}
61579,2026-01-14,12:56:44,INFO,AuthService,Page view: /home by u2574,E103,Page view: {page} by {user}
61580,2026-01-14,12:32:03,INFO,OrderProcessor,Health check passed: OrderProcessor,E102,Health check passed: {service}
61581,2026-01-14,12:33:21,INFO,WebServer,Health check passed: WebServer,E102,Health check passed: {service}
61582,2026-01-14,12:53:44,INFO,WebServer,User u2371 login successful,E101,User {user} login successful
61583,2026-01-14,12:58:06,INFO,WebServer,Health check passed: WebServer,E102,Health check passed: {service}
61584,2026-01-14,12:24:16,INFO,InventoryDB,User u1450 login successful,E101,User {user} login successful
61585,2026-01-14,12:55:18,INFO,WebServer,Health check passed: WebServer,E102,Health check passed: {service}
61586,2026-01-14,12:51:15,INFO,AuthService,Health check passed: AuthService,E102,Health check passed: {service}
61587,2026-01-14,12:05:56,INFO,WebServer,Page view: /home by u3213,E103,Page view: {page} by {user}
61588,2026-01-14,12:37:14,INFO,InventoryDB,Transaction tx386246 completed in 542ms,E104,Transaction {tx} completed in {time}ms
61589,2026-01-14,12:53:48,INFO,OrderProcessor,User u1721 login successful,E101,User {user} login successful
61590,2026-01-14,12:07:15,ERROR,PaymentGateway,Timeout waiting for lock on InventoryDB,E502,Timeout waiting for lock on {db}
61591,2026-01-14,12:43:06,INFO,WebServer,Health check passed: WebServer,E102,Health check passed: {service}
61592,2026-01-14,12:16:47,INFO,OrderProcessor,User u3272 login successful,E101,User {user} login successful
61593,2026-01-14,12:19:04,INFO,WebServer,Page view: /home by u1502,E103,Page view: {page} by {user}
61594,2026-01-14,12:20:26,INFO,WebServer,User u2866 login successful,E101,User {user} login successful
61595,2026-01-14,12:28:38,INFO,AuthService,Health check passed: AuthService,E102,Health check passed: {service}
61596,2026-01-14,12:00:20,INFO,WebServer,User u1619 login successful,E101,User {user} login successful
61597,2026-01-14,12:24:28,INFO,InventoryDB,Page view: /home by u2169,E103,Page view: {page} by {user}
61598,2026-01-14,12:35:11,INFO,OrderProcessor,Page view: /home by u2011,E103,Page view: {page} by {user}
61599,2026-01-14,12:38:32,ERROR,OrderProcessor,Payment declined: Gateway unavailable,E503,Payment declined: Gateway unavailable
61600,2026-01-14,12:24:01,INFO,AuthService,Page view: /home by u4057,E103,Page view: {page} by {user}
61601,2026-01-14,12:23:36,INFO,WebServer,Transaction tx706773 completed in 1919ms,E104,Transaction {tx} completed in {time}ms
61602,2026-01-14,12:36:16,INFO,OrderProcessor,Transaction tx990879 completed in 676ms,E104,Transaction {tx} completed in {time}ms
61603,2026-01-14,12:37:04,INFO,WebServer,User u3168 login successful,E101,User {user} login successful
61604,2026-01-14,12:32:51,INFO,PaymentGateway,Page view: /home by u2521,E103,Page view: {page} by {user}
61605,2026-01-14,12:20:52,INFO,WebServer,Transaction tx199219 completed in 1533ms,E104,Transaction {tx} completed in {time}ms
61606,2026-01-14,12:56:10,INFO,WebServer,Transaction tx241437 completed in 1740ms,E104,Transaction {tx} completed in {time}ms
61607,2026-01-14,12:47:01,INFO,WebServer,Page view: /home by u1658,E103,Page view: {page} by {user}
61608,2026-01-14,12:40:32,INFO,WebServer,Page view: /home by u1919,E103,Page view: {page} by {user}
61609,2026-01-14,12:39:11,INFO,WebServer,Health check passed: WebServer,E102,Health check passed: {service}
61610,2026-01-14,12:50:09,INFO,WebServer,User u3349 login successful,E101,User {user} login successful
61611,2026-01-14,12:17:19,INFO,WebServer,Health check passed: WebServer,E102,Health check passed: {service}
61612,2026-01-14,12:29:22,INFO,OrderProcessor,Transaction tx970298 completed in 1490ms,E104,Transaction {tx} completed in {time}ms
61613,2026-01-14,12:07:35,CRITICAL,WebServer,DATA CORRUPTION detected in sector 609,E602,DATA CORRUPTION detected in sector {sector}
61614,2026-01-14,12:07:08,INFO,WebServer,User u1898 login successful,E101,User {user} login successful
61615,2026-01-14,12:47:27,INFO,AuthService,Health check passed: AuthService,E102,Health check passed: {service}
61616,2026-01-14,12:29:08,INFO,WebServer,Health check passed: WebServer,E102,Health check passed: {service}
61617,2026-01-14,12:26:52,INFO,WebServer,Transaction tx658265 completed in 623ms,E104,Transaction {tx} completed in {time}ms
61618,2026-01-14,12:54:18,INFO,WebServer,Transaction tx470516 completed in 104ms,E104,Transaction {tx} completed in {time}ms
61619,2026-01-14,12:40:35,INFO,AuthService,Transaction tx728817 completed in 403ms,E104,Transaction {tx} completed in {time}ms
61620,2026-01-14,12:01:02,INFO,WebServer,Health check passed: WebServer,E102,Health check passed: {service}
61621,2026-01-14,12:45:07,WARN,WebServer,Unauthorized access attempt from 10.0.0.45,E401,Unauthorized access attempt from {ip}
61622,2026-01-14,12:05:38,INFO,WebServer,User u3475 login successful,E101,User {user} login successful
61623,2026-01-14,12:02:24,INFO,WebServer,Health check passed: WebServer,E102,Health check passed: {service}
61624,2026-01-14,12:25:00,INFO,OrderProcessor,Page view: /home by u2273,E103,Page view: {page} by {user}
61625,2026-01-14,12:13:05,INFO,AuthService,Page view: /home by u1079,E103,Page view: {page} by {user}
61626,2026-01-14,12:48:15,INFO,OrderProcessor,Health check passed: OrderProcessor,E102,Health check passed: {service}
61627,2026-01-14,12:14:12,WARN,WebServer,Unauthorized access attempt from 10.0.0.45,E401,Unauthorized access attempt from {ip}
61628,2026-01-14,12:19:35,INFO,PaymentGateway,Health check passed: PaymentGateway,E102,Health check passed: {service}
61629,2026-01-14,12:08:10,INFO,AuthService,User u1684 login successful,E101,User {user} login successful
61630,2026-01-14,12:37:10,INFO,WebServer,Health check passed: WebServer,E102,Health check passed: {service}
61631,2026-01-14,12:04:48,CRITICAL,WebServer,DATA CORRUPTION detected in sector 333,E602,DATA CORRUPTION detected in sector {sector}
61632,2026-01-14,12:39:16,INFO,WebServer,User u3499 login successful,E101,User {user} login successful
61633,2026-01-14,12:58:14,INFO,WebServer,Transaction tx971013 completed in 739ms,E104,Transaction {tx} completed in {time}ms
61634,2026-01-14,12:44:17,INFO,WebServer,Page view: /home by u4649,E103,Page view: {page} by {user}
61635,2026-01-14,12:21:27,INFO,OrderProcessor,Health check passed: OrderProcessor,E102,Health check passed: {service}
61636,2026-01-14,12:46:28,INFO,PaymentGateway,Health check passed: PaymentGateway,E102,Health check passed: {service}
61637,2026-01-14,12:07:38,INFO,WebServer,User u3331 login successful,E101,User {user} login successful
61638,2026-01-14,12:54:54,INFO,WebServer,Page view: /home by u1580,E103,Page view: {page} by {user}
61639,2026-01-14,12:34:44,INFO,InventoryDB,Page view: /home by u3669,E103,Page view: {page} by {user}
61640,2026-01-14,12:53:39,INFO,PaymentGateway,Page view: /home by u3758,E103,Page view: {page} by {user}
61641,2026-01-14,12:54:56,WARN,WebServer,High latency (883ms) detected on WebServer,E201,High latency ({time}ms) detected on {service}
61642,2026-01-14,12:45:14,INFO,WebServer,User u1224 login successful,E101,User {user} login successful
61643,2026-01-14,12:54:28,INFO,WebServer,Page view: /home by u4387,E103,Page view: {page} by {user}
61644,2026-01-14,12:39:18,INFO,OrderProcessor,Page view: /home by u3171,E103,Page view: {page} by {user}
61645,2026-01-14,12:38:37,INFO,WebServer,Page view: /home by u3358,E103,Page view: {page} by {user}
61646,2026-01-14,12:09:44,INFO,WebServer,Page view: /home by u2441,E103,Page view: {page} by {user}
61647,2026-01-14,12:15:07,INFO,OrderProcessor,Page view: /home by u2992,E103,Page view: {page} by {user}
61648,2026-01-14,12:07:16,INFO,WebServer,Health check passed: WebServer,E102,Health check passed: {service}
61649,2026-01-14,12:50:45,INFO,OrderProcessor,Transaction tx222881 completed in 1692ms,E104,Transaction {tx} completed in {time}ms
61650,2026-01-14,12:24:12,INFO,AuthService,User u4561 login successful,E101,User {user} login successful
61651,2026-01-14,12:14:33,INFO,AuthService,User u1766 login successful,E101,User {user} login successful
61652,2026-01-14,12:29:29,INFO,WebServer,User u4712 login successful,E101,User {user} login successful
61653,2026-01-14,12:42:04,INFO,AuthService,Health check passed: AuthService,E102,Health check passed: {service}
61654,2026-01-14,12:15:28,INFO,AuthService,User u2305 login successful,E101,User {user} login successful
61655,2026-01-14,12:31:35,INFO,WebServer,Transaction tx500206 completed in 209ms,E104,Transaction {tx} completed in {time}ms
61656,2026-01-14,12:29:31,INFO,AuthService,User u1518 login successful,E101,User {user} login successful
61657,2026-01-14,12:48:07,INFO,WebServer,User u1274 login successful,E101,User {user} login successful
61658,2026-01-14,12:38:55,INFO,AuthService,Transaction tx279458 completed in 1540ms,E104,Transaction {tx} completed in {time}ms
61659,2026-01-14,12:33:07,INFO,PaymentGateway,User u1277 login successful,E101,User {user} login successful
61660,2026-01-14,12:53:00,INFO,WebServer,User u4899 login successful,E101,User {user} login successful
61661,2026-01-14,12:47:57,INFO,WebServer,Page view: /home by u1514,E103,Page view: {page} by {user}
61662,2026-01-14,12:25:20,INFO,AuthService,Page view: /home by u3119,E103,Page view: {page} by {user}
61663,2026-01-14,12:48:51,INFO,AuthService,Transaction tx765716 completed in 1592ms,E104,Transaction {tx} completed in {time}ms
61664,2026-01-14,12:11:27,INFO,WebServer,User u3010 login successful,E101,User {user} login successful
61665,2026-01-14,12:31:57,INFO,AuthService,Transaction tx509372 completed in 752ms,E104,Transaction {tx} completed in {time}ms
61666,2026-01-14,12:32:59,INFO,WebServer,User u1390 login successful,E101,User {user} login successful
61667,2026-01-14,12:25:52,INFO,PaymentGateway,Page view: /home by u2338,E103,Page view: {page} by {user}
61668,2026-01-14,12:57:56,INFO,AuthService,Transaction tx206665 completed in 668ms,E104,Transaction {tx} completed in {time}ms
61669,2026-01-14,12:54:32,INFO,OrderProcessor,Transaction tx391087 completed in 1737ms,E104,Transaction {tx} completed in {time}ms
61670,2026-01-14,12:46:29,INFO,AuthService,User u1619 login successful,E101,User {user} login successful
61671,2026-01-14,12:41:20,INFO,WebServer,User u4285 login successful,E101,User {user} login successful
61672,2026-01-14,12:05:08,INFO,AuthService,User u2565 login successful,E101,User {user} login successful
61673,2026-01-14,12:26:41,INFO,WebServer,Health check passed: WebServer,E102,Health check passed: {service}
61674,2026-01-14,12:13:01,INFO,PaymentGateway,Transaction tx412941 completed in 783ms,E104,Transaction {tx} completed in {time}ms
61675,2026-01-14,12:05:55,INFO,OrderProcessor,User u1277 login successful,E101,User {user} login successful
61676,2026-01-14,12:16:32,INFO,AuthService,Health check passed: AuthService,E102,Health check passed: {service}
61677,2026-01-14,12:01:19,INFO,WebServer,Page view: /home by u4114,E103,Page view: {page} by {user}
61678,2026-01-14,12:45:54,INFO,WebServer,User u4495 login successful,E101,User {user} login successful
61679,2026-01-14,12:21:08,INFO,WebServer,User u1006 login successful,E101,User {user} login successful
61680,2026-01-14,12:30:44,INFO,AuthService,User u1901 login successful,E101,User {user} login successful
61681,2026-01-14,12:29:56,INFO,OrderProcessor,User u2004 login successful,E101,User {user} login successful
61682,2026-01-14,12:20:07,INFO,WebServer,Transaction tx207357 completed in 1753ms,E104,Transaction {tx} completed in {time}ms
61683,2026-01-14,12:24:51,INFO,WebServer,Page view: /home by u4184,E103,Page view: {page} by {user}
61684,2026-01-14,12:04:50,INFO,WebServer,Health check passed: WebServer,E102,Health check passed: {service}
61685,2026-01-14,12:56:58,INFO,WebServer,Health check passed: WebServer,E102,Health check passed: {service}
61686,2026-01-14,12:58:25,INFO,OrderProcessor,Page view: /home by u2653,E103,Page view: {page} by {user}
61687,2026-01-14,12:55:34,INFO,PaymentGateway,Transaction tx112285 completed in 1091ms,E104,Transaction {tx} completed in {time}ms
61688,2026-01-14,12:50:30,INFO,PaymentGateway,Page view: /home by u3080,E103,Page view: {page} by {user}
61689,2026-01-14,12:55:05,INFO,OrderProcessor,User u3193 login successful,E101,User {user} login successful
61690,2026-01-14,12:19:33,INFO,WebServer,User u1234 login successful,E101,User {user} login successful
61691,2026-01-14,12:12:20,INFO,WebServer,Page view: /home by u3748,E103,Page view: {page} by {user}
61692,2026-01-14,12:35:09,INFO,OrderProcessor,Transaction tx992052 completed in 1958ms,E104,Transaction {tx} completed in {time}ms
61693,2026-01-14,12:38:07,INFO,InventoryDB,Health check passed: InventoryDB,E102,Health check passed: {service}
61694,2026-01-14,12:17:42,INFO,OrderProcessor,Health check passed: OrderProcessor,E102,Health check passed: {service}
61695,2026-01-14,12:05:29,INFO,WebServer,Health check passed: WebServer,E102,Health check passed: {service}
61696,2026-01-14,12:04:41,INFO,PaymentGateway,Page view: /home by u4908,E103,Page view: {page} by {user}
61697,2026-01-14,12:14:40,INFO,WebServer,Health check passed: WebServer,E102,Health check passed: {service}
61698,2026-01-14,12:46:12,INFO,AuthService,Health check passed: AuthService,E102,Health check passed: {service}
61699,2026-01-14,12:15:30,INFO,AuthService,Transaction tx695120 completed in 1558ms,E104,Transaction {tx} completed in {time}ms
61700,2026-01-14,12:57:04,INFO,PaymentGateway,Health check passed: PaymentGateway,E102,Health check passed: {service}
61701,2026-01-14,12:06:32,INFO,WebServer,Page view: /home by u3288,E103,Page view: {page} by {user}
61702,2026-01-14,12:56:07,INFO,AuthService,Page view: /home by u2879,E103,Page view: {page} by {user}
61703,2026-01-14,12:50:10,INFO,OrderProcessor,Page view: /home by u3534,E103,Page view: {page} by {user}
61704,2026-01-14,12:53:31,INFO,WebServer,User u4112 login successful,E101,User {user} login successful
61705,2026-01-14,12:14:59,INFO,WebServer,User u1292 login successful,E101,User {user} login successful
61706,2026-01-14,12:36:08,INFO,WebServer,Health check passed: WebServer,E102,Health check passed: {service}
61707,2026-01-14,12:11:06,INFO,WebServer,Transaction tx418338 completed in 750ms,E104,Transaction {tx} completed in {time}ms
61708,2026-01-14,12:04:21,INFO,OrderProcessor,Health check passed: OrderProcessor,E102,Health check passed: {service}
61709,2026-01-14,12:47:27,WARN,WebServer,High latency (430ms) detected on WebServer,E201,High latency ({time}ms) detected on {service}
61710,2026-01-14,12:36:58,INFO,OrderProcessor,User u4647 login successful,E101,User {user} login successful
61711,2026-01-14,12:46:41,INFO,AuthService,Page view: /home by u4416,E103,Page view: {page} by {user}
61712,2026-01-14,12:29:00,INFO,WebServer,Transaction tx995797 completed in 649ms,E104,Transaction {tx} completed in {time}ms
61713,2026-01-14,12:45:25,INFO,WebServer,Health check passed: WebServer,E102,Health check passed: {service}
61714,2026-01-14,12:44:17,INFO,OrderProcessor,User u3556 login successful,E101,User {user} login successful
61715,2026-01-14,12:26:12,INFO,WebServer,Health check passed: WebServer,E102,Health check passed: {service}
61716,2026-01-14,12:17:42,INFO,OrderProcessor,Transaction tx817579 completed in 557ms,E104,Transaction {tx} completed in {time}ms
61717,2026-01-14,12:24:31,INFO,AuthService,Page view: /home by u4459,E103,Page view: {page} by {user}
61718,2026-01-14,12:40:48,INFO,WebServer,Health check passed: WebServer,E102,Health check passed: {service}
61719,2026-01-14,12:10:11,INFO,PaymentGateway,Transaction tx676207 completed in 1494ms,E104,Transaction {tx} completed in {time}ms
61720,2026-01-14,12:21:41,INFO,WebServer,Health check passed: WebServer,E102,Health check passed: {service}
61721,2026-01-14,12:35:58,INFO,WebServer,Transaction tx196828 completed in 1827ms,E104,Transaction {tx} completed in {time}ms
61722,2026-01-14,12:36:49,INFO,WebServer,User u4321 login successful,E101,User {user} login successful
61723,2026-01-14,12:50:27,INFO,WebServer,Page view: /home by u1603,E103,Page view: {page} by {user}
61724,2026-01-14,12:34:11,INFO,OrderProcessor,Health check passed: OrderProcessor,E102,Health check passed: {service}
61725,2026-01-14,12:52:55,INFO,PaymentGateway,User u2795 login successful,E101,User {user} login successful
61726,2026-01-14,12:44:11,INFO,OrderProcessor,Transaction tx444756 completed in 1737ms,E104,Transaction {tx} completed in {time}ms
61727,2026-01-14,12:00:17,INFO,WebServer,Transaction tx607467 completed in 1144ms,E104,Transaction {tx} completed in {time}ms
61728,2026-01-14,12:09:56,INFO,WebServer,Health check passed: WebServer,E102,Health check passed: {service}
61729,2026-01-14,12:33:28,INFO,OrderProcessor,Health check passed: OrderProcessor,E102,Health check passed: {service}
61730,2026-01-14,12:56:17,INFO,AuthService,Health check passed: AuthService,E102,Health check passed: {service}
61731,2026-01-14,12:41:51,INFO,AuthService,Transaction tx719691 completed in 1487ms,E104,Transaction {tx} completed in {time}ms
61732,2026-01-14,12:28:56,INFO,WebServer,Transaction tx370567 completed in 1822ms,E104,Transaction {tx} completed in {time}ms
61733,2026-01-14,12:22:05,INFO,WebServer,Transaction tx183175 completed in 1455ms,E104,Transaction {tx} completed in {time}ms
61734,2026-01-14,12:40:10,INFO,OrderProcessor,Transaction tx759776 completed in 939ms,E104,Transaction {tx} completed in {time}ms
61735,2026-01-14,12:28:15,INFO,AuthService,User u1310 login successful,E101,User {user} login successful
61736,2026-01-14,12:37:29,INFO,WebServer,User u1278 login successful,E101,User {user} login successful
61737,2026-01-14,12:15:27,INFO,PaymentGateway,Transaction tx268151 completed in 1532ms,E104,Transaction {tx} completed in {time}ms
61738,2026-01-14,12:56:48,INFO,WebServer,Page view: /home by u1498,E103,Page view: {page} by {user}
61739,2026-01-14,12:56:16,INFO,WebServer,Transaction tx484847 completed in 154ms,E104,Transaction {tx} completed in {time}ms
61740,2026-01-14,12:19:20,INFO,WebServer,Page view: /home by u4121,E103,Page view: {page} by {user}
61741,2026-01-14,12:09:17,INFO,WebServer,Page view: /home by u4768,E103,Page view: {page} by {user}
61742,2026-01-14,12:10:45,WARN,AuthService,High latency (1056ms) detected on AuthService,E201,High latency ({time}ms) detected on {service}
61743,2026-01-14,12:28:16,INFO,AuthService,Transaction tx917255 completed in 1673ms,E104,Transaction {tx} completed in {time}ms
61744,2026-01-14,12:14:06,INFO,WebServer,Transaction tx829491 completed in 1785ms,E104,Transaction {tx} completed in {time}ms
61745,2026-01-14,12:49:21,INFO,WebServer,Page view: /home by u2519,E103,Page view: {page} by {user}
61746,2026-01-14,12:08:03,INFO,WebServer,Page view: /home by u2597,E103,Page view: {page} by {user}
61747,2026-01-14,12:00:24,INFO,OrderProcessor,Health check passed: OrderProcessor,E102,Health check passed: {service}
61748,2026-01-14,12:50:32,INFO,AuthService,Transaction tx685603 completed in 885ms,E104,Transaction {tx} completed in {time}ms
61749,2026-01-14,12:51:47,INFO,WebServer,Health check passed: WebServer,E102,Health check passed: {service}
61750,2026-01-14,12:57:44,INFO,PaymentGateway,Transaction tx301320 completed in 1995ms,E104,Transaction {tx} completed in {time}ms
61751,2026-01-14,12:24:01,INFO,WebServer,Page view: /home by u2247,E103,Page view: {page} by {user}
61752,2026-01-14,12:51:12,INFO,OrderProcessor,Transaction tx130475 completed in 970ms,E104,Transaction {tx} completed in {time}ms
61753,2026-01-14,12:37:18,INFO,AuthService,Transaction tx521693 completed in 1686ms,E104,Transaction {tx} completed in {time}ms
61754,2026-01-14,12:40:15,INFO,OrderProcessor,Health check passed: OrderProcessor,E102,Health check passed: {service}
61755,2026-01-14,12:01:32,INFO,WebServer,Transaction tx509690 completed in 117ms,E104,Transaction {tx} completed in {time}ms
61756,2026-01-14,12:52:10,INFO,WebServer,Health check passed: WebServer,E102,Health check passed: {service}
61757,2026-01-14,12:00:36,INFO,WebServer,Transaction tx957934 completed in 1225ms,E104,Transaction {tx} completed in {time}ms
61758,2026-01-14,12:56:47,INFO,InventoryDB,Transaction tx416653 completed in 1162ms,E104,Transaction {tx} completed in {time}ms
61759,2026-01-14,12:00:58,INFO,PaymentGateway,Health check passed: PaymentGateway,E102,Health check passed: {service}
61760,2026-01-14,12:51:58,INFO,InventoryDB,Transaction tx178605 completed in 555ms,E104,Transaction {tx} completed in {time}ms
61761,2026-01-14,12:48:57,WARN,AuthService,Unauthorized access attempt from 10.0.0.12,E401,Unauthorized access attempt from {ip}
61762,2026-01-14,12:30:26,INFO,AuthService,User u2177 login successful,E101,User {user} login successful
61763,2026-01-14,12:29:15,INFO,PaymentGateway,User u2018 login successful,E101,User {user} login successful
61764,2026-01-14,12:18:18,INFO,WebServer,Transaction tx701451 completed in 1576ms,E104,Transaction {tx} completed in {time}ms
61765,2026-01-14,12:05:29,WARN,AuthService,Disk usage > 85% on node node-1,E202,Disk usage > 85% on node {node}
61766,2026-01-14,12:59:51,INFO,WebServer,User u2918 login successful,E101,User {user} login successful
61767,2026-01-14,12:49:40,INFO,InventoryDB,Page view: /home by u2822,E103,Page view: {page} by {user}
61768,2026-01-14,12:41:28,INFO,AuthService,User u4058 login successful,E101,User {user} login successful
61769,2026-01-14,12:28:14,INFO,WebServer,Transaction tx304216 completed in 239ms,E104,Transaction {tx} completed in {time}ms
61770,2026-01-14,12:30:26,INFO,WebServer,Health check passed: WebServer,E102,Health check passed: {service}
61771,2026-01-14,12:01:08,INFO,WebServer,Page view: /home by u3220,E103,Page view: {page} by {user}
61772,2026-01-14,12:34:49,INFO,WebServer,Transaction tx429337 completed in 1108ms,E104,Transaction {tx} completed in {time}ms
61773,2026-01-14,12:22:13,INFO,InventoryDB,User u1585 login successful,E101,User {user} login successful
61774,2026-01-14,12:29:16,INFO,PaymentGateway,Transaction tx844460 completed in 1504ms,E104,Transaction {tx} completed in {time}ms
61775,2026-01-14,12:54:20,INFO,WebServer,Page view: /home by u3459,E103,Page view: {page} by {user}
61776,2026-01-14,12:54:28,INFO,AuthService,Transaction tx863617 completed in 1402ms,E104,Transaction {tx} completed in {time}ms
61777,2026-01-14,12:38:40,INFO,WebServer,Page view: /home by u2492,E103,Page view: {page} by {user}
61778,2026-01-14,12:51:32,WARN,WebServer,Disk usage > 85% on node node-1,E202,Disk usage > 85% on node {node}
61779,2026-01-14,12:56:53,INFO,OrderProcessor,User u3580 login successful,E101,User {user} login successful
61780,2026-01-14,12:26:17,INFO,PaymentGateway,User u2997 login successful,E101,User {user} login successful
61781,2026-01-14,12:06:48,INFO,PaymentGateway,User u2783 login successful,E101,User {user} login successful
61782,2026-01-14,12:51:13,INFO,WebServer,Health check passed: WebServer,E102,Health check passed: {service}
61783,2026-01-14,12:51:34,INFO,WebServer,User u3844 login successful,E101,User {user} login successful
61784,2026-01-14,12:05:17,WARN,OrderProcessor,Disk usage > 85% on node node-5,E202,Disk usage > 85% on node {node}
61785,2026-01-14,12:17:49,INFO,PaymentGateway,Page view: /home by u4466,E103,Page view: {page} by {user}
61786,2026-01-14,12:28:37,INFO,AuthService,User u1936 login successful,E101,User {user} login successful
61787,2026-01-14,12:53:35,INFO,AuthService,Transaction tx271394 completed in 1278ms,E104,Transaction {tx} completed in {time}ms
61788,2026-01-14,12:08:36,INFO,WebServer,Page view: /home by u2374,E103,Page view: {page} by {user}
61789,2026-01-14,12:53:24,INFO,AuthService,Health check passed: AuthService,E102,Health check passed: {service}
61790,2026-01-14,12:13:15,INFO,WebServer,Page view: /home by u3640,E103,Page view: {page} by {user}
61791,2026-01-14,12:24:02,INFO,WebServer,Health check passed: WebServer,E102,Health check passed: {service}
61792,2026-01-14,12:30:00,INFO,WebServer,Health check passed: WebServer,E102,Health check passed: {service}
61793,2026-01-14,12:52:13,INFO,WebServer,Transaction tx180483 completed in 730ms,E104,Transaction {tx} completed in {time}ms
61794,2026-01-14,12:34:33,INFO,InventoryDB,Health check passed: InventoryDB,E102,Health check passed: {service}
61795,2026-01-14,12:12:52,INFO,WebServer,Health check passed: WebServer,E102,Health check passed: {service}
61796,2026-01-14,12:51:35,INFO,WebServer,User u3403 login successful,E101,User {user} login successful
61797,2026-01-14,12:57:55,INFO,PaymentGateway,User u2521 login successful,E101,User {user} login successful
61798,2026-01-14,12:10:03,INFO,OrderProcessor,Transaction tx894327 completed in 601ms,E104,Transaction {tx} completed in {time}ms
61799,2026-01-14,12:35:38,INFO,AuthService,Health check passed: AuthService,E102,Health check passed: {service}
61800,2026-01-14,12:13:21,INFO,WebServer,User u2626 login successful,E101,User {user} login successful
61801,2026-01-14,12:58:57,INFO,WebServer,Transaction tx892007 completed in 1320ms,E104,Transaction {tx} completed in {time}ms
61802,2026-01-14,12:35:39,INFO,PaymentGateway,Page view: /home by u2116,E103,Page view: {page} by {user}
61803,2026-01-14,12:33:13,WARN,InventoryDB,Unauthorized access attempt from 10.0.0.88,E401,Unauthorized access attempt from {ip}
61804,2026-01-14,12:33:11,ERROR,WebServer,Timeout waiting for lock on InventoryDB,E502,Timeout waiting for lock on {db}
61805,2026-01-14,12:40:24,INFO,InventoryDB,Page view: /home by u1861,E103,Page view: {page} by {user}
61806,2026-01-14,12:55:56,INFO,AuthService,Health check passed: AuthService,E102,Health check passed: {service}
61807,2026-01-14,12:05:46,INFO,AuthService,Health check passed: AuthService,E102,Health check passed: {service}
61808,2026-01-14,12:56:19,INFO,AuthService,Transaction tx102406 completed in 1943ms,E104,Transaction {tx} completed in {time}ms
61809,2026-01-14,12:08:09,INFO,WebServer,Page view: /home by u1792,E103,Page view: {page} by {user}
61810,2026-01-14,12:02:26,INFO,WebServer,Page view: /home by u4054,E103,Page view: {page} by {user}
61811,2026-01-14,12:33:40,INFO,WebServer,Page view: /home by u4855,E103,Page view: {page} by {user}
61812,2026-01-14,12:38:24,INFO,WebServer,Health check passed: WebServer,E102,Health check passed: {service}
61813,2026-01-14,12:51:39,INFO,WebServer,User u1562 login successful,E101,User {user} login successful
61814,2026-01-14,12:09:33,INFO,PaymentGateway,User u2197 login successful,E101,User {user} login successful
61815,2026-01-14,12:55:55,INFO,AuthService,Transaction tx512858 completed in 1624ms,E104,Transaction {tx} completed in {time}ms
61816,2026-01-14,12:49:13,INFO,WebServer,Health check passed: WebServer,E102,Health check passed: {service}
61817,2026-01-14,12:46:03,INFO,PaymentGateway,User u1921 login successful,E101,User {user} login successful
61818,2026-01-14,12:58:49,WARN,OrderProcessor,Unauthorized access attempt from 10.0.0.45,E401,Unauthorized access attempt from {ip}
61819,2026-01-14,12:47:43,INFO,OrderProcessor,Health check passed: OrderProcessor,E102,Health check passed: {service}
61820,2026-01-14,12:59:10,INFO,WebServer,Page view: /home by u4162,E103,Page view: {page} by {user}
61821,2026-01-14,12:14:23,INFO,WebServer,User u2797 login successful,E101,User {user} login successful
61822,2026-01-14,12:10:07,WARN,WebServer,Unauthorized access attempt from 10.0.0.12,E401,Unauthorized access attempt from {ip}
61823,2026-01-14,12:43:33,INFO,AuthService,Page view: /home by u1720,E103,Page view: {page} by {user}
61824,2026-01-14,12:26:01,INFO,WebServer,Transaction tx415277 completed in 148ms,E104,Transaction {tx} completed in {time}ms
61825,2026-01-14,12:08:23,INFO,WebServer,Page view: /home by u2513,E103,Page view: {page} by {user}
61826,2026-01-14,12:04:24,INFO,OrderProcessor,Transaction tx333116 completed in 444ms,E104,Transaction {tx} completed in {time}ms
61827,2026-01-14,12:18:54,INFO,WebServer,Health check passed: WebServer,E102,Health check passed: {service}
61828,2026-01-14,12:31:59,INFO,WebServer,Page view: /home by u1827,E103,Page view: {page} by {user}
61829,2026-01-14,12:34:44,INFO,PaymentGateway,Transaction tx167023 completed in 364ms,E104,Transaction {tx} completed in {time}ms
61830,2026-01-14,12:41:22,INFO,OrderProcessor,User u3307 login successful,E101,User {user} login successful
61831,2026-01-14,12:53:43,INFO,WebServer,Health check passed: WebServer,E102,Health check passed: {service}
61832,2026-01-14,12:36:57,INFO,WebServer,Transaction tx271390 completed in 293ms,E104,Transaction {tx} completed in {time}ms
61833,2026-01-14,12:16:51,INFO,WebServer,Transaction tx283853 completed in 308ms,E104,Transaction {tx} completed in {time}ms
61834,2026-01-14,12:22:30,INFO,WebServer,Health check passed: WebServer,E102,Health check passed: {service}
61835,2026-01-14,12:54:24,INFO,WebServer,Health check passed: WebServer,E102,Health check passed: {service}
61836,2026-01-14,12:36:10,INFO,AuthService,User u4881 login successful,E101,User {user} login successful
61837,2026-01-14,12:05:04,INFO,OrderProcessor,Health check passed: OrderProcessor,E102,Health check passed: {service}
61838,2026-01-14,12:01:35,INFO,WebServer,User u1623 login successful,E101,User {user} login successful
61839,2026-01-14,12:50:30,INFO,WebServer,Page view: /home by u2317,E103,Page view: {page} by {user}
61840,2026-01-14,12:38:20,INFO,PaymentGateway,Health check passed: PaymentGateway,E102,Health check passed: {service}
61841,2026-01-14,12:59:37,INFO,PaymentGateway,Transaction tx584009 completed in 803ms,E104,Transaction {tx} completed in {time}ms
61842,2026-01-14,12:17:13,INFO,PaymentGateway,User u3220 login successful,E101,User {user} login successful
61843,2026-01-14,12:09:03,INFO,InventoryDB,User u2485 login successful,E101,User {user} login successful
61844,2026-01-14,12:30:24,INFO,WebServer,Transaction tx376289 completed in 924ms,E104,Transaction {tx} completed in {time}ms
61845,2026-01-14,12:32:27,INFO,WebServer,Transaction tx541033 completed in 736ms,E104,Transaction {tx} completed in {time}ms
61846,2026-01-14,12:12:26,INFO,AuthService,Page view: /home by u4321,E103,Page view: {page} by {user}
61847,2026-01-14,12:46:04,INFO,WebServer,Health check passed: WebServer,E102,Health check passed: {service}
61848,2026-01-14,12:45:21,INFO,WebServer,User u4230 login successful,E101,User {user} login successful
61849,2026-01-14,12:16:30,INFO,OrderProcessor,Health check passed: OrderProcessor,E102,Health check passed: {service}
61850,2026-01-14,12:06:58,INFO,AuthService,Transaction tx373751 completed in 480ms,E104,Transaction {tx} completed in {time}ms
61851,2026-01-14,12:21:49,INFO,WebServer,User u2668 login successful,E101,User {user} login successful
61852,2026-01-14,12:39:59,INFO,WebServer,Health check passed: WebServer,E102,Health check passed: {service}
61853,2026-01-14,12:01:27,INFO,WebServer,User u4768 login successful,E101,User {user} login successful
61854,2026-01-14,12:30:36,INFO,AuthService,Transaction tx714722 completed in 194ms,E104,Transaction {tx} completed in {time}ms
61855,2026-01-14,12:05:19,INFO,WebServer,Health check passed: WebServer,E102,Health check passed: {service}
61856,2026-01-14,12:45:28,INFO,WebServer,User u2000 login successful,E101,User {user} login successful
61857,2026-01-14,12:09:00,INFO,WebServer,Transaction tx366129 completed in 1675ms,E104,Transaction {tx} completed in {time}ms
61858,2026-01-14,12:36:23,INFO,AuthService,User u1587 login successful,E101,User {user} login successful
61859,2026-01-14,12:20:05,INFO,WebServer,Health check passed: WebServer,E102,Health check passed: {service}
61860,2026-01-14,12:53:29,INFO,WebServer,Transaction tx801834 completed in 124ms,E104,Transaction {tx} completed in {time}ms
61861,2026-01-14,12:15:10,INFO,AuthService,Health check passed: AuthService,E102,Health check passed: {service}
61862,2026-01-14,12:56:53,INFO,OrderProcessor,Transaction tx533571 completed in 1007ms,E104,Transaction {tx} completed in {time}ms
61863,2026-01-14,12:53:10,INFO,OrderProcessor,Page view: /home by u3067,E103,Page view: {page} by {user}
61864,2026-01-14,12:34:20,INFO,PaymentGateway,Page view: /home by u2915,E103,Page view: {page} by {user}
61865,2026-01-14,12:58:50,INFO,PaymentGateway,User u4302 login successful,E101,User {user} login successful
61866,2026-01-14,13:19:47,INFO,OrderProcessor,User u4176 login successful,E101,User {user} login successful
61867,2026-01-14,13:00:19,INFO,WebServer,Transaction tx520328 completed in 1077ms,E104,Transaction {tx} completed in {time}ms
61868,2026-01-14,13:39:43,INFO,AuthService,User u1956 login successful,E101,User {user} login successful
61869,2026-01-14,13:22:56,INFO,WebServer,Page view: /home by u4037,E103,Page view: {page} by {user}
61870,2026-01-14,13:22:28,WARN,InventoryDB,Unauthorized access attempt from 10.0.0.45,E401,Unauthorized access attempt from {ip}
61871,2026-01-14,13:49:33,INFO,WebServer,Health check passed: WebServer,E102,Health check passed: {service}
61872,2026-01-14,13:00:04,INFO,OrderProcessor,Health check passed: OrderProcessor,E102,Health check passed: {service}
61873,2026-01-14,13:01:40,INFO,WebServer,Health check passed: WebServer,E102,Health check passed: {service}
61874,2026-01-14,13:22:45,INFO,AuthService,User u3203 login successful,E101,User {user} login successful
61875,2026-01-14,13:12:37,INFO,OrderProcessor,Health check passed: OrderProcessor,E102,Health check passed: {service}
61876,2026-01-14,13:31:39,INFO,WebServer,Transaction tx809408 completed in 766ms,E104,Transaction {tx} completed in {time}ms
61877,2026-01-14,13:18:35,INFO,AuthService,Health check passed: AuthService,E102,Health check passed: {service}
61878,2026-01-14,13:43:42,INFO,WebServer,Transaction tx532907 completed in 1742ms,E104,Transaction {tx} completed in {time}ms
61879,2026-01-14,13:52:22,INFO,AuthService,Health check passed: AuthService,E102,Health check passed: {service}
61880,2026-01-14,13:04:28,INFO,WebServer,Page view: /home by u3614,E103,Page view: {page} by {user}
61881,2026-01-14,13:17:19,INFO,OrderProcessor,Health check passed: OrderProcessor,E102,Health check passed: {service}
61882,2026-01-14,13:40:25,INFO,InventoryDB,Health check passed: InventoryDB,E102,Health check passed: {service}
61883,2026-01-14,13:12:21,INFO,WebServer,Transaction tx689542 completed in 1360ms,E104,Transaction {tx} completed in {time}ms
61884,2026-01-14,13:02:04,ERROR,WebServer,Timeout waiting for lock on InventoryDB,E502,Timeout waiting for lock on {db}
61885,2026-01-14,13:32:04,INFO,AuthService,Transaction tx976809 completed in 1539ms,E104,Transaction {tx} completed in {time}ms
61886,2026-01-14,13:56:39,INFO,PaymentGateway,User u1574 login successful,E101,User {user} login successful
61887,2026-01-14,13:43:22,INFO,PaymentGateway,User u1196 login successful,E101,User {user} login successful
61888,2026-01-14,13:55:23,INFO,WebServer,User u1683 login successful,E101,User {user} login successful
61889,2026-01-14,13:20:23,INFO,WebServer,Transaction tx774537 completed in 604ms,E104,Transaction {tx} completed in {time}ms
61890,2026-01-14,13:54:37,INFO,AuthService,Page view: /home by u2791,E103,Page view: {page} by {user}
61891,2026-01-14,13:54:03,WARN,AuthService,Disk usage > 85% on node node-3,E202,Disk usage > 85% on node {node}
61892,2026-01-14,13:08:41,INFO,WebServer,User u1129 login successful,E101,User {user} login successful
61893,2026-01-14,13:06:14,INFO,AuthService,Transaction tx278718 completed in 1452ms,E104,Transaction {tx} completed in {time}ms
61894,2026-01-14,13:15:05,INFO,AuthService,Page view: /home by u1441,E103,Page view: {page} by {user}
61895,2026-01-14,13:15:34,INFO,AuthService,Transaction tx977082 completed in 259ms,E104,Transaction {tx} completed in {time}ms
61896,2026-01-14,13:33:18,INFO,PaymentGateway,User u4096 login successful,E101,User {user} login successful
61897,2026-01-14,13:43:59,INFO,OrderProcessor,Page view: /home by u4369,E103,Page view: {page} by {user}
61898,2026-01-14,13:41:01,INFO,PaymentGateway,Transaction tx848209 completed in 1738ms,E104,Transaction {tx} completed in {time}ms
61899,2026-01-14,13:28:29,INFO,OrderProcessor,Transaction tx999919 completed in 1425ms,E104,Transaction {tx} completed in {time}ms
61900,2026-01-14,13:15:35,INFO,AuthService,Transaction tx463094 completed in 418ms,E104,Transaction {tx} completed in {time}ms
61901,2026-01-14,13:13:07,INFO,InventoryDB,Transaction tx718017 completed in 1102ms,E104,Transaction {tx} completed in {time}ms
61902,2026-01-14,13:49:35,INFO,WebServer,User u3390 login successful,E101,User {user} login successful
61903,2026-01-14,13:12:12,INFO,InventoryDB,Health check passed: InventoryDB,E102,Health check passed: {service}
61904,2026-01-14,13:02:24,INFO,PaymentGateway,Health check passed: PaymentGateway,E102,Health check passed: {service}
61905,2026-01-14,13:42:31,INFO,WebServer,Transaction tx357620 completed in 929ms,E104,Transaction {tx} completed in {time}ms
61906,2026-01-14,13:52:00,INFO,WebServer,Transaction tx741989 completed in 567ms,E104,Transaction {tx} completed in {time}ms
61907,2026-01-14,13:27:04,INFO,WebServer,User u3927 login successful,E101,User {user} login successful
61908,2026-01-14,13:52:16,INFO,WebServer,User u4931 login successful,E101,User {user} login successful
61909,2026-01-14,13:53:05,INFO,AuthService,Health check passed: AuthService,E102,Health check passed: {service}
61910,2026-01-14,13:50:07,WARN,WebServer,Unauthorized access attempt from 10.0.0.45,E401,Unauthorized access attempt from {ip}
61911,2026-01-14,13:08:40,INFO,WebServer,Page view: /home by u3520,E103,Page view: {page} by {user}
61912,2026-01-14,13:54:56,INFO,PaymentGateway,Health check passed: PaymentGateway,E102,Health check passed: {service}
61913,2026-01-14,13:16:58,INFO,WebServer,Page view: /home by u2574,E103,Page view: {page} by {user}
61914,2026-01-14,13:40:25,INFO,AuthService,Page view: /home by u1816,E103,Page view: {page} by {user}
61915,2026-01-14,13:23:41,INFO,AuthService,Transaction tx126463 completed in 1241ms,E104,Transaction {tx} completed in {time}ms
61916,2026-01-14,13:20:49,INFO,InventoryDB,Page view: /home by u2608,E103,Page view: {page} by {user}
61917,2026-01-14,13:26:15,INFO,OrderProcessor,Health check passed: OrderProcessor,E102,Health check passed: {service}
61918,2026-01-14,13:01:57,INFO,PaymentGateway,User u1324 login successful,E101,User {user} login successful
61919,2026-01-14,13:48:43,INFO,WebServer,User u2398 login successful,E101,User {user} login successful
61920,2026-01-14,13:02:11,INFO,OrderProcessor,Page view: /home by u1279,E103,Page view: {page} by {user}
61921,2026-01-14,13:47:55,INFO,WebServer,Page view: /home by u2676,E103,Page view: {page} by {user}
61922,2026-01-14,13:27:33,INFO,AuthService,Health check passed: AuthService,E102,Health check passed: {service}
61923,2026-01-14,13:55:51,INFO,WebServer,User u1690 login successful,E101,User {user} login successful
61924,2026-01-14,13:30:55,INFO,WebServer,Transaction tx621640 completed in 626ms,E104,Transaction {tx} completed in {time}ms
61925,2026-01-14,13:49:26,INFO,AuthService,User u3351 login successful,E101,User {user} login successful
61926,2026-01-14,13:11:17,INFO,WebServer,User u3614 login successful,E101,User {user} login successful
61927,2026-01-14,13:10:53,INFO,AuthService,Page view: /home by u2965,E103,Page view: {page} by {user}
61928,2026-01-14,13:28:17,WARN,PaymentGateway,Disk usage > 85% on node node-1,E202,Disk usage > 85% on node {node}
61929,2026-01-14,13:04:03,INFO,OrderProcessor,Page view: /home by u2345,E103,Page view: {page} by {user}
61930,2026-01-14,13:54:25,INFO,WebServer,User u2406 login successful,E101,User {user} login successful
61931,2026-01-14,13:16:04,INFO,WebServer,Page view: /home by u1049,E103,Page view: {page} by {user}
61932,2026-01-14,13:50:15,INFO,OrderProcessor,Health check passed: OrderProcessor,E102,Health check passed: {service}
61933,2026-01-14,13:03:07,INFO,AuthService,User u1828 login successful,E101,User {user} login successful
61934,2026-01-14,13:59:57,INFO,AuthService,User u4878 login successful,E101,User {user} login successful
61935,2026-01-14,13:13:06,INFO,OrderProcessor,User u1519 login successful,E101,User {user} login successful
61936,2026-01-14,13:41:19,INFO,AuthService,Transaction tx947666 completed in 121ms,E104,Transaction {tx} completed in {time}ms
61937,2026-01-14,13:42:54,WARN,OrderProcessor,Disk usage > 85% on node node-5,E202,Disk usage > 85% on node {node}
61938,2026-01-14,13:26:02,INFO,PaymentGateway,Health check passed: PaymentGateway,E102,Health check passed: {service}
61939,2026-01-14,13:58:37,INFO,OrderProcessor,Health check passed: OrderProcessor,E102,Health check passed: {service}
61940,2026-01-14,13:07:25,INFO,WebServer,Page view: /home by u4136,E103,Page view: {page} by {user}
61941,2026-01-14,13:36:04,INFO,WebServer,Transaction tx132702 completed in 1353ms,E104,Transaction {tx} completed in {time}ms
61942,2026-01-14,13:13:13,WARN,OrderProcessor,High latency (1061ms) detected on OrderProcessor,E201,High latency ({time}ms) detected on {service}
61943,2026-01-14,13:38:44,INFO,WebServer,Page view: /home by u1649,E103,Page view: {page} by {user}
61944,2026-01-14,13:35:15,INFO,AuthService,User u1670 login successful,E101,User {user} login successful
61945,2026-01-14,13:47:29,INFO,WebServer,User u4154 login successful,E101,User {user} login successful
61946,2026-01-14,13:40:01,INFO,WebServer,Transaction tx860311 completed in 1199ms,E104,Transaction {tx} completed in {time}ms
61947,2026-01-14,13:26:51,INFO,WebServer,Health check passed: WebServer,E102,Health check passed: {service}
61948,2026-01-14,13:22:52,INFO,WebServer,Transaction tx510086 completed in 1766ms,E104,Transaction {tx} completed in {time}ms
61949,2026-01-14,13:00:09,INFO,OrderProcessor,User u2273 login successful,E101,User {user} login successful
61950,2026-01-14,13:17:24,INFO,WebServer,User u2583 login successful,E101,User {user} login successful
61951,2026-01-14,13:59:58,INFO,WebServer,Transaction tx622513 completed in 320ms,E104,Transaction {tx} completed in {time}ms
61952,2026-01-14,13:00:33,INFO,WebServer,Transaction tx698506 completed in 707ms,E104,Transaction {tx} completed in {time}ms
61953,2026-01-14,13:09:41,INFO,WebServer,User u4320 login successful,E101,User {user} login successful
61954,2026-01-14,13:35:23,INFO,PaymentGateway,Transaction tx527119 completed in 1710ms,E104,Transaction {tx} completed in {time}ms
61955,2026-01-14,13:43:32,INFO,WebServer,Health check passed: WebServer,E102,Health check passed: {service}
61956,2026-01-14,13:31:22,INFO,AuthService,Transaction tx494524 completed in 1419ms,E104,Transaction {tx} completed in {time}ms
61957,2026-01-14,13:33:22,INFO,WebServer,Transaction tx914253 completed in 345ms,E104,Transaction {tx} completed in {time}ms
61958,2026-01-14,13:01:20,INFO,AuthService,User u4406 login successful,E101,User {user} login successful
61959,2026-01-14,13:38:16,INFO,WebServer,Page view: /home by u4079,E103,Page view: {page} by {user}
61960,2026-01-14,13:35:56,INFO,WebServer,Page view: /home by u4445,E103,Page view: {page} by {user}
61961,2026-01-14,13:32:12,INFO,AuthService,Transaction tx561452 completed in 1158ms,E104,Transaction {tx} completed in {time}ms
61962,2026-01-14,13:17:25,INFO,AuthService,Page view: /home by u3785,E103,Page view: {page} by {user}
61963,2026-01-14,13:23:16,INFO,WebServer,Page view: /home by u2999,E103,Page view: {page} by {user}
61964,2026-01-14,13:50:49,INFO,WebServer,User u4815 login successful,E101,User {user} login successful
61965,2026-01-14,13:46:26,INFO,InventoryDB,Health check passed: InventoryDB,E102,Health check passed: {service}
61966,2026-01-14,13:23:31,INFO,WebServer,User u4133 login successful,E101,User {user} login successful
61967,2026-01-14,13:38:35,INFO,OrderProcessor,User u3245 login successful,E101,User {user} login successful
61968,2026-01-14,13:32:35,INFO,WebServer,Health check passed: WebServer,E102,Health check passed: {service}
61969,2026-01-14,13:59:10,INFO,WebServer,Page view: /home by u4192,E103,Page view: {page} by {user}
61970,2026-01-14,13:10:50,WARN,WebServer,High latency (621ms) detected on WebServer,E201,High latency ({time}ms) detected on {service}
61971,2026-01-14,13:21:54,INFO,WebServer,Health check passed: WebServer,E102,Health check passed: {service}
61972,2026-01-14,13:21:19,INFO,AuthService,User u3455 login successful,E101,User {user} login successful
61973,2026-01-14,13:45:29,INFO,AuthService,Health check passed: AuthService,E102,Health check passed: {service}
61974,2026-01-14,13:37:38,INFO,OrderProcessor,Transaction tx955452 completed in 921ms,E104,Transaction {tx} completed in {time}ms
61975,2026-01-14,13:17:00,INFO,WebServer,User u3473 login successful,E101,User {user} login successful
61976,2026-01-14,13:42:11,INFO,OrderProcessor,Transaction tx841559 completed in 639ms,E104,Transaction {tx} completed in {time}ms
61977,2026-01-14,13:02:09,INFO,WebServer,Transaction tx919870 completed in 1734ms,E104,Transaction {tx} completed in {time}ms
61978,2026-01-14,13:29:43,INFO,WebServer,User u3450 login successful,E101,User {user} login successful
61979,2026-01-14,13:29:33,INFO,WebServer,Health check passed: WebServer,E102,Health check passed: {service}
61980,2026-01-14,13:27:12,INFO,OrderProcessor,User u3326 login successful,E101,User {user} login successful
61981,2026-01-14,13:33:56,INFO,WebServer,Transaction tx843073 completed in 432ms,E104,Transaction {tx} completed in {time}ms
61982,2026-01-14,13:22:52,INFO,WebServer,User u4111 login successful,E101,User {user} login successful
61983,2026-01-14,13:38:20,INFO,OrderProcessor,Page view: /home by u2295,E103,Page view: {page} by {user}
61984,2026-01-14,13:41:50,INFO,WebServer,Health check passed: WebServer,E102,Health check passed: {service}
61985,2026-01-14,13:12:04,INFO,InventoryDB,Transaction tx273492 completed in 640ms,E104,Transaction {tx} completed in {time}ms
61986,2026-01-14,13:48:31,INFO,OrderProcessor,User u2510 login successful,E101,User {user} login successful
61987,2026-01-14,13:38:28,INFO,WebServer,User u3565 login successful,E101,User {user} login successful
61988,2026-01-14,13:12:32,INFO,InventoryDB,User u3438 login successful,E101,User {user} login successful
61989,2026-01-14,13:53:33,INFO,AuthService,Page view: /home by u2495,E103,Page view: {page} by {user}
61990,2026-01-14,13:49:00,INFO,AuthService,User u2284 login successful,E101,User {user} login successful
61991,2026-01-14,13:01:14,INFO,WebServer,User u2831 login successful,E101,User {user} login successful
61992,2026-01-14,13:51:20,INFO,OrderProcessor,Page view: /home by u2225,E103,Page view: {page} by {user}
61993,2026-01-14,13:44:57,INFO,WebServer,Transaction tx336621 completed in 912ms,E104,Transaction {tx} completed in {time}ms
61994,2026-01-14,13:54:19,INFO,WebServer,Page view: /home by u3297,E103,Page view: {page} by {user}
61995,2026-01-14,13:11:14,INFO,WebServer,Health check passed: WebServer,E102,Health check passed: {service}
61996,2026-01-14,13:34:35,INFO,WebServer,Transaction tx510294 completed in 1434ms,E104,Transaction {tx} completed in {time}ms
61997,2026-01-14,13:39:48,INFO,OrderProcessor,Transaction tx950400 completed in 1193ms,E104,Transaction {tx} completed in {time}ms
61998,2026-01-14,13:30:00,INFO,WebServer,Page view: /home by u2069,E103,Page view: {page} by {user}
61999,2026-01-14,13:31:16,INFO,WebServer,Page view: /home by u2350,E103,Page view: {page} by {user}
62000,2026-01-14,13:02:37,INFO,InventoryDB,Page view: /home by u2772,E103,Page view: {page} by {user}
62001,2026-01-14,13:23:09,INFO,WebServer,Page view: /home by u2605,E103,Page view: {page} by {user}
62002,2026-01-14,13:04:27,INFO,WebServer,User u3727 login successful,E101,User {user} login successful
62003,2026-01-14,13:50:42,INFO,WebServer,Page view: /home by u3831,E103,Page view: {page} by {user}
62004,2026-01-14,13:52:58,INFO,AuthService,Health check passed: AuthService,E102,Health check passed: {service}
62005,2026-01-14,13:01:00,INFO,PaymentGateway,Health check passed: PaymentGateway,E102,Health check passed: {service}
62006,2026-01-14,13:33:51,INFO,WebServer,Health check passed: WebServer,E102,Health check passed: {service}
62007,2026-01-14,13:21:26,INFO,InventoryDB,Page view: /home by u4708,E103,Page view: {page} by {user}
62008,2026-01-14,13:41:33,INFO,WebServer,Transaction tx248156 completed in 828ms,E104,Transaction {tx} completed in {time}ms
62009,2026-01-14,13:22:21,INFO,WebServer,User u4810 login successful,E101,User {user} login successful
62010,2026-01-14,13:40:02,INFO,AuthService,Transaction tx763732 completed in 1294ms,E104,Transaction {tx} completed in {time}ms
62011,2026-01-14,13:26:06,INFO,AuthService,Transaction tx202694 completed in 1602ms,E104,Transaction {tx} completed in {time}ms
62012,2026-01-14,13:10:47,INFO,PaymentGateway,Page view: /home by u1167,E103,Page view: {page} by {user}
62013,2026-01-14,13:21:44,INFO,WebServer,Health check passed: WebServer,E102,Health check passed: {service}
62014,2026-01-14,13:44:32,INFO,WebServer,Page view: /home by u1476,E103,Page view: {page} by {user}
62015,2026-01-14,13:39:41,INFO,WebServer,User u2574 login successful,E101,User {user} login successful
62016,2026-01-14,13:54:29,INFO,AuthService,Transaction tx959364 completed in 234ms,E104,Transaction {tx} completed in {time}ms
62017,2026-01-14,13:26:28,INFO,WebServer,Page view: /home by u2917,E103,Page view: {page} by {user}
62018,2026-01-14,13:16:42,INFO,PaymentGateway,Page view: /home by u2815,E103,Page view: {page} by {user}
62019,2026-01-14,13:50:02,INFO,OrderProcessor,Transaction tx754945 completed in 1576ms,E104,Transaction {tx} completed in {time}ms
62020,2026-01-14,13:42:05,INFO,OrderProcessor,Transaction tx607856 completed in 1342ms,E104,Transaction {tx} completed in {time}ms
62021,2026-01-14,13:00:42,INFO,PaymentGateway,User u3212 login successful,E101,User {user} login successful
62022,2026-01-14,13:18:56,INFO,WebServer,User u4413 login successful,E101,User {user} login successful
62023,2026-01-14,13:16:05,INFO,WebServer,Transaction tx202025 completed in 1095ms,E104,Transaction {tx} completed in {time}ms
62024,2026-01-14,13:21:31,INFO,WebServer,Transaction tx850834 completed in 1929ms,E104,Transaction {tx} completed in {time}ms
62025,2026-01-14,13:02:06,INFO,WebServer,User u4662 login successful,E101,User {user} login successful
62026,2026-01-14,13:07:16,INFO,OrderProcessor,Health check passed: OrderProcessor,E102,Health check passed: {service}
62027,2026-01-14,13:28:05,ERROR,WebServer,Timeout waiting for lock on InventoryDB,E502,Timeout waiting for lock on {db}
62028,2026-01-14,13:54:36,INFO,OrderProcessor,User u2504 login successful,E101,User {user} login successful
62029,2026-01-14,13:00:45,INFO,AuthService,User u1765 login successful,E101,User {user} login successful
62030,2026-01-14,13:26:15,INFO,WebServer,Health check passed: WebServer,E102,Health check passed: {service}
62031,2026-01-14,13:36:12,INFO,WebServer,Transaction tx526464 completed in 690ms,E104,Transaction {tx} completed in {time}ms
62032,2026-01-14,13:14:29,INFO,WebServer,Page view: /home by u3161,E103,Page view: {page} by {user}
62033,2026-01-14,13:35:20,INFO,PaymentGateway,Transaction tx986919 completed in 728ms,E104,Transaction {tx} completed in {time}ms
62034,2026-01-14,13:12:45,INFO,WebServer,Health check passed: WebServer,E102,Health check passed: {service}
62035,2026-01-14,13:20:34,INFO,WebServer,Transaction tx558310 completed in 522ms,E104,Transaction {tx} completed in {time}ms
62036,2026-01-14,13:50:22,INFO,AuthService,Transaction tx934124 completed in 1436ms,E104,Transaction {tx} completed in {time}ms
62037,2026-01-14,13:12:45,INFO,PaymentGateway,User u4218 login successful,E101,User {user} login successful
62038,2026-01-14,13:09:16,INFO,AuthService,User u4606 login successful,E101,User {user} login successful
62039,2026-01-14,13:35:21,INFO,AuthService,User u4232 login successful,E101,User {user} login successful
62040,2026-01-14,13:22:50,INFO,WebServer,Health check passed: WebServer,E102,Health check passed: {service}
62041,2026-01-14,13:59:21,WARN,AuthService,Unauthorized access attempt from 10.0.0.12,E401,Unauthorized access attempt from {ip}
62042,2026-01-14,13:53:04,INFO,WebServer,Page view: /home by u3054,E103,Page view: {page} by {user}
62043,2026-01-14,13:54:45,INFO,PaymentGateway,Transaction tx489538 completed in 938ms,E104,Transaction {tx} completed in {time}ms
62044,2026-01-14,13:56:15,CRITICAL,WebServer,DATA CORRUPTION detected in sector 395,E602,DATA CORRUPTION detected in sector {sector}
62045,2026-01-14,13:00:16,INFO,PaymentGateway,Transaction tx338026 completed in 1065ms,E104,Transaction {tx} completed in {time}ms
62046,2026-01-14,13:16:28,INFO,AuthService,Health check passed: AuthService,E102,Health check passed: {service}
62047,2026-01-14,13:30:05,INFO,AuthService,Health check passed: AuthService,E102,Health check passed: {service}
62048,2026-01-14,13:07:05,INFO,WebServer,Page view: /home by u2300,E103,Page view: {page} by {user}
62049,2026-01-14,13:32:12,INFO,WebServer,User u2897 login successful,E101,User {user} login successful
62050,2026-01-14,13:19:41,INFO,AuthService,Health check passed: AuthService,E102,Health check passed: {service}
62051,2026-01-14,13:52:24,INFO,OrderProcessor,Page view: /home by u2885,E103,Page view: {page} by {user}
62052,2026-01-14,13:48:09,INFO,WebServer,User u2046 login successful,E101,User {user} login successful
62053,2026-01-14,13:31:47,INFO,InventoryDB,Transaction tx100816 completed in 1145ms,E104,Transaction {tx} completed in {time}ms
62054,2026-01-14,13:58:31,INFO,WebServer,User u4322 login successful,E101,User {user} login successful
62055,2026-01-14,13:43:34,INFO,WebServer,Page view: /home by u1050,E103,Page view: {page} by {user}
62056,2026-01-14,13:52:56,INFO,OrderProcessor,User u1244 login successful,E101,User {user} login successful
62057,2026-01-14,13:01:18,INFO,WebServer,Page view: /home by u1411,E103,Page view: {page} by {user}
62058,2026-01-14,13:00:19,INFO,OrderProcessor,Transaction tx769154 completed in 1716ms,E104,Transaction {tx} completed in {time}ms
62059,2026-01-14,13:59:08,INFO,WebServer,User u1639 login successful,E101,User {user} login successful
62060,2026-01-14,13:35:53,INFO,WebServer,Health check passed: WebServer,E102,Health check passed: {service}
62061,2026-01-14,13:31:45,INFO,WebServer,User u4128 login successful,E101,User {user} login successful
62062,2026-01-14,13:55:47,INFO,OrderProcessor,Health check passed: OrderProcessor,E102,Health check passed: {service}
62063,2026-01-14,13:12:28,INFO,WebServer,Transaction tx598565 completed in 1650ms,E104,Transaction {tx} completed in {time}ms
62064,2026-01-14,13:31:11,INFO,WebServer,Transaction tx946455 completed in 1144ms,E104,Transaction {tx} completed in {time}ms
62065,2026-01-14,13:16:30,INFO,WebServer,Transaction tx918201 completed in 58ms,E104,Transaction {tx} completed in {time}ms
62066,2026-01-14,13:57:14,INFO,WebServer,User u3956 login successful,E101,User {user} login successful
62067,2026-01-14,13:51:00,WARN,WebServer,Disk usage > 85% on node node-2,E202,Disk usage > 85% on node {node}
62068,2026-01-14,13:12:23,INFO,PaymentGateway,Page view: /home by u2407,E103,Page view: {page} by {user}
62069,2026-01-14,13:11:32,INFO,WebServer,User u1075 login successful,E101,User {user} login successful
62070,2026-01-14,13:12:46,INFO,AuthService,Page view: /home by u1059,E103,Page view: {page} by {user}
62071,2026-01-14,13:43:33,INFO,AuthService,User u1690 login successful,E101,User {user} login successful
62072,2026-01-14,13:48:31,INFO,WebServer,User u1399 login successful,E101,User {user} login successful
62073,2026-01-14,13:44:25,INFO,WebServer,Health check passed: WebServer,E102,Health check passed: {service}
62074,2026-01-14,13:06:49,INFO,AuthService,Transaction tx276490 completed in 1879ms,E104,Transaction {tx} completed in {time}ms
62075,2026-01-14,13:32:57,INFO,WebServer,Page view: /home by u3664,E103,Page view: {page} by {user}
62076,2026-01-14,13:04:45,INFO,WebServer,User u4002 login successful,E101,User {user} login successful
62077,2026-01-14,13:41:16,INFO,OrderProcessor,Health check passed: OrderProcessor,E102,Health check passed: {service}
62078,2026-01-14,13:48:03,INFO,OrderProcessor,User u1455 login successful,E101,User {user} login successful
62079,2026-01-14,13:42:42,INFO,WebServer,Transaction tx339044 completed in 1814ms,E104,Transaction {tx} completed in {time}ms
62080,2026-01-14,13:38:36,INFO,AuthService,Health check passed: AuthService,E102,Health check passed: {service}
62081,2026-01-14,13:33:50,INFO,OrderProcessor,Transaction tx976373 completed in 1971ms,E104,Transaction {tx} completed in {time}ms
62082,2026-01-14,13:24:20,INFO,WebServer,Transaction tx311801 completed in 198ms,E104,Transaction {tx} completed in {time}ms
62083,2026-01-14,13:06:01,INFO,AuthService,Health check passed: AuthService,E102,Health check passed: {service}
62084,2026-01-14,13:47:44,INFO,WebServer,Transaction tx833406 completed in 1512ms,E104,Transaction {tx} completed in {time}ms
62085,2026-01-14,13:28:43,INFO,WebServer,Transaction tx566769 completed in 214ms,E104,Transaction {tx} completed in {time}ms
62086,2026-01-14,13:22:12,INFO,WebServer,Transaction tx591466 completed in 863ms,E104,Transaction {tx} completed in {time}ms
62087,2026-01-14,13:07:12,INFO,OrderProcessor,Transaction tx539798 completed in 1257ms,E104,Transaction {tx} completed in {time}ms
62088,2026-01-14,13:50:32,INFO,WebServer,Health check passed: WebServer,E102,Health check passed: {service}
62089,2026-01-14,13:06:58,INFO,WebServer,User u3660 login successful,E101,User {user} login successful
62090,2026-01-14,13:46:11,INFO,AuthService,Page view: /home by u3428,E103,Page view: {page} by {user}
62091,2026-01-14,13:08:31,INFO,WebServer,Page view: /home by u1205,E103,Page view: {page} by {user}
62092,2026-01-14,13:40:47,INFO,OrderProcessor,Page view: /home by u2753,E103,Page view: {page} by {user}
62093,2026-01-14,13:31:14,INFO,InventoryDB,Transaction tx235043 completed in 1227ms,E104,Transaction {tx} completed in {time}ms
62094,2026-01-14,13:20:16,INFO,InventoryDB,Transaction tx951746 completed in 1329ms,E104,Transaction {tx} completed in {time}ms
62095,2026-01-14,13:06:12,INFO,WebServer,Health check passed: WebServer,E102,Health check passed: {service}
62096,2026-01-14,13:31:40,INFO,WebServer,Page view: /home by u4692,E103,Page view: {page} by {user}
62097,2026-01-14,13:55:51,INFO,OrderProcessor,Page view: /home by u1165,E103,Page view: {page} by {user}
62098,2026-01-14,13:35:30,INFO,WebServer,Page view: /home by u4191,E103,Page view: {page} by {user}
62099,2026-01-14,13:07:36,INFO,InventoryDB,Health check passed: InventoryDB,E102,Health check passed: {service}
62100,2026-01-14,13:05:43,INFO,WebServer,Transaction tx385476 completed in 147ms,E104,Transaction {tx} completed in {time}ms
62101,2026-01-14,13:56:50,INFO,WebServer,Transaction tx685285 completed in 407ms,E104,Transaction {tx} completed in {time}ms
62102,2026-01-14,13:18:15,INFO,AuthService,Page view: /home by u4240,E103,Page view: {page} by {user}
62103,2026-01-14,13:24:00,INFO,WebServer,Transaction tx105937 completed in 1933ms,E104,Transaction {tx} completed in {time}ms
62104,2026-01-14,13:51:58,INFO,OrderProcessor,User u4380 login successful,E101,User {user} login successful
62105,2026-01-14,13:18:52,INFO,AuthService,Page view: /home by u1052,E103,Page view: {page} by {user}
62106,2026-01-14,13:53:20,INFO,WebServer,User u3297 login successful,E101,User {user} login successful
62107,2026-01-14,13:45:13,INFO,WebServer,Health check passed: WebServer,E102,Health check passed: {service}
62108,2026-01-14,13:15:27,INFO,OrderProcessor,Page view: /home by u2165,E103,Page view: {page} by {user}
62109,2026-01-14,13:34:11,INFO,WebServer,Page view: /home by u3621,E103,Page view: {page} by {user}
62110,2026-01-14,13:30:14,INFO,AuthService,Page view: /home by u1565,E103,Page view: {page} by {user}
62111,2026-01-14,13:51:43,WARN,WebServer,High latency (860ms) detected on WebServer,E201,High latency ({time}ms) detected on {service}
62112,2026-01-14,13:44:17,INFO,OrderProcessor,Page view: /home by u1746,E103,Page view: {page} by {user}
62113,2026-01-14,13:44:17,INFO,WebServer,Transaction tx364019 completed in 1365ms,E104,Transaction {tx} completed in {time}ms
62114,2026-01-14,13:24:02,INFO,WebServer,Health check passed: WebServer,E102,Health check passed: {service}
62115,2026-01-14,13:10:26,INFO,AuthService,Health check passed: AuthService,E102,Health check passed: {service}
62116,2026-01-14,13:09:34,INFO,OrderProcessor,Transaction tx392254 completed in 472ms,E104,Transaction {tx} completed in {time}ms
62117,2026-01-14,13:05:25,INFO,OrderProcessor,Page view: /home by u4199,E103,Page view: {page} by {user}
62118,2026-01-14,13:35:03,INFO,PaymentGateway,User u4429 login successful,E101,User {user} login successful
62119,2026-01-14,13:57:06,ERROR,AuthService,Connection refused to AuthService at 10.0.0.88,E501,Connection refused to {service} at {ip}
62120,2026-01-14,13:57:04,INFO,WebServer,Health check passed: WebServer,E102,Health check passed: {service}
62121,2026-01-14,13:34:01,INFO,OrderProcessor,Health check passed: OrderProcessor,E102,Health check passed: {service}
62122,2026-01-14,13:22:17,INFO,OrderProcessor,Health check passed: OrderProcessor,E102,Health check passed: {service}
62123,2026-01-14,13:30:10,INFO,WebServer,Page view: /home by u1977,E103,Page view: {page} by {user}
62124,2026-01-14,13:34:23,INFO,WebServer,Health check passed: WebServer,E102,Health check passed: {service}
62125,2026-01-14,13:03:19,INFO,OrderProcessor,Page view: /home by u3340,E103,Page view: {page} by {user}
62126,2026-01-14,13:29:23,INFO,InventoryDB,User u4637 login successful,E101,User {user} login successful
62127,2026-01-14,13:09:49,INFO,AuthService,Transaction tx709100 completed in 620ms,E104,Transaction {tx} completed in {time}ms
62128,2026-01-14,13:56:24,INFO,AuthService,User u4699 login successful,E101,User {user} login successful
62129,2026-01-14,13:14:41,INFO,AuthService,Health check passed: AuthService,E102,Health check passed: {service}
62130,2026-01-14,13:27:00,INFO,InventoryDB,Health check passed: InventoryDB,E102,Health check passed: {service}
62131,2026-01-14,13:23:15,INFO,WebServer,Health check passed: WebServer,E102,Health check passed: {service}
62132,2026-01-14,13:38:41,INFO,AuthService,Page view: /home by u4840,E103,Page view: {page} by {user}
62133,2026-01-14,13:14:18,WARN,WebServer,High latency (1012ms) detected on WebServer,E201,High latency ({time}ms) detected on {service}
62134,2026-01-14,13:27:52,INFO,PaymentGateway,User u1442 login successful,E101,User {user} login successful
62135,2026-01-14,13:35:37,INFO,WebServer,Health check passed: WebServer,E102,Health check passed: {service}
62136,2026-01-14,13:45:58,INFO,OrderProcessor,Transaction tx464106 completed in 1926ms,E104,Transaction {tx} completed in {time}ms
62137,2026-01-14,13:00:15,INFO,AuthService,Transaction tx801815 completed in 594ms,E104,Transaction {tx} completed in {time}ms
62138,2026-01-14,13:16:40,INFO,WebServer,Health check passed: WebServer,E102,Health check passed: {service}
62139,2026-01-14,13:51:43,INFO,InventoryDB,Transaction tx989617 completed in 1910ms,E104,Transaction {tx} completed in {time}ms
62140,2026-01-14,13:06:18,INFO,WebServer,User u4214 login successful,E101,User {user} login successful
62141,2026-01-14,13:03:13,INFO,WebServer,Health check passed: WebServer,E102,Health check passed: {service}
62142,2026-01-14,13:45:16,INFO,WebServer,Transaction tx712557 completed in 615ms,E104,Transaction {tx} completed in {time}ms
62143,2026-01-14,13:56:06,INFO,AuthService,User u2617 login successful,E101,User {user} login successful
62144,2026-01-14,13:44:34,INFO,InventoryDB,User u3181 login successful,E101,User {user} login successful
62145,2026-01-14,13:34:30,INFO,WebServer,Health check passed: WebServer,E102,Health check passed: {service}
62146,2026-01-14,13:34:53,INFO,WebServer,Page view: /home by u2414,E103,Page view: {page} by {user}
62147,2026-01-14,13:23:00,INFO,WebServer,Transaction tx991836 completed in 540ms,E104,Transaction {tx} completed in {time}ms
62148,2026-01-14,13:38:06,INFO,PaymentGateway,Page view: /home by u2383,E103,Page view: {page} by {user}
62149,2026-01-14,13:26:49,ERROR,AuthService,Payment declined: Gateway unavailable,E503,Payment declined: Gateway unavailable
62150,2026-01-14,13:03:03,INFO,PaymentGateway,Page view: /home by u2237,E103,Page view: {page} by {user}
62151,2026-01-14,13:38:13,INFO,AuthService,User u4110 login successful,E101,User {user} login successful
62152,2026-01-14,13:50:27,INFO,WebServer,Transaction tx890413 completed in 538ms,E104,Transaction {tx} completed in {time}ms
62153,2026-01-14,13:18:42,INFO,WebServer,Transaction tx618620 completed in 55ms,E104,Transaction {tx} completed in {time}ms
62154,2026-01-14,13:16:11,WARN,WebServer,Unauthorized access attempt from 10.0.0.45,E401,Unauthorized access attempt from {ip}
62155,2026-01-14,13:19:28,WARN,WebServer,High latency (51ms) detected on WebServer,E201,High latency ({time}ms) detected on {service}
62156,2026-01-14,13:10:44,INFO,WebServer,Health check passed: WebServer,E102,Health check passed: {service}
62157,2026-01-14,13:16:54,ERROR,WebServer,Timeout waiting for lock on InventoryDB,E502,Timeout waiting for lock on {db}
62158,2026-01-14,13:04:24,INFO,AuthService,User u2098 login successful,E101,User {user} login successful
62159,2026-01-14,13:54:53,INFO,WebServer,User u3438 login successful,E101,User {user} login successful
62160,2026-01-14,13:10:25,INFO,OrderProcessor,Health check passed: OrderProcessor,E102,Health check passed: {service}
62161,2026-01-14,13:40:05,INFO,WebServer,Transaction tx901261 completed in 662ms,E104,Transaction {tx} completed in {time}ms
62162,2026-01-14,13:17:42,WARN,InventoryDB,Disk usage > 85% on node node-4,E202,Disk usage > 85% on node {node}
62163,2026-01-14,13:29:25,INFO,AuthService,Page view: /home by u2609,E103,Page view: {page} by {user}
62164,2026-01-14,13:04:12,INFO,AuthService,Page view: /home by u1024,E103,Page view: {page} by {user}
62165,2026-01-14,13:50:53,INFO,AuthService,Transaction tx755762 completed in 832ms,E104,Transaction {tx} completed in {time}ms
62166,2026-01-14,13:17:50,INFO,AuthService,User u1464 login successful,E101,User {user} login successful
62167,2026-01-14,13:14:57,WARN,WebServer,Unauthorized access attempt from 10.0.0.45,E401,Unauthorized access attempt from {ip}
62168,2026-01-14,13:47:06,INFO,AuthService,Health check passed: AuthService,E102,Health check passed: {service}
62169,2026-01-14,13:39:31,INFO,AuthService,Transaction tx175248 completed in 1723ms,E104,Transaction {tx} completed in {time}ms
62170,2026-01-14,13:50:09,WARN,OrderProcessor,High latency (612ms) detected on OrderProcessor,E201,High latency ({time}ms) detected on {service}
62171,2026-01-14,13:23:34,INFO,WebServer,Health check passed: WebServer,E102,Health check passed: {service}
62172,2026-01-14,13:48:13,INFO,WebServer,Transaction tx761748 completed in 884ms,E104,Transaction {tx} completed in {time}ms
62173,2026-01-14,13:03:39,INFO,AuthService,Page view: /home by u2049,E103,Page view: {page} by {user}
62174,2026-01-14,13:39:34,INFO,WebServer,Transaction tx691909 completed in 744ms,E104,Transaction {tx} completed in {time}ms
62175,2026-01-14,13:19:54,INFO,AuthService,Transaction tx828280 completed in 729ms,E104,Transaction {tx} completed in {time}ms
62176,2026-01-14,13:46:48,INFO,WebServer,Health check passed: WebServer,E102,Health check passed: {service}
62177,2026-01-14,13:01:13,INFO,OrderProcessor,User u2115 login successful,E101,User {user} login successful
62178,2026-01-14,13:45:00,INFO,AuthService,User u1783 login successful,E101,User {user} login successful
62179,2026-01-14,13:01:01,INFO,WebServer,Transaction tx893783 completed in 1118ms,E104,Transaction {tx} completed in {time}ms
62180,2026-01-14,13:45:06,INFO,WebServer,Page view: /home by u4403,E103,Page view: {page} by {user}
62181,2026-01-14,13:33:12,INFO,WebServer,User u4210 login successful,E101,User {user} login successful
62182,2026-01-14,13:19:50,INFO,WebServer,Health check passed: WebServer,E102,Health check passed: {service}
62183,2026-01-14,13:50:25,INFO,WebServer,Transaction tx745431 completed in 1965ms,E104,Transaction {tx} completed in {time}ms
62184,2026-01-14,13:54:29,INFO,OrderProcessor,Transaction tx289549 completed in 712ms,E104,Transaction {tx} completed in {time}ms
62185,2026-01-14,13:26:56,INFO,WebServer,User u1900 login successful,E101,User {user} login successful
62186,2026-01-14,13:29:09,INFO,WebServer,Transaction tx410095 completed in 261ms,E104,Transaction {tx} completed in {time}ms
62187,2026-01-14,13:51:44,INFO,WebServer,Transaction tx465799 completed in 1555ms,E104,Transaction {tx} completed in {time}ms
62188,2026-01-14,13:48:55,WARN,OrderProcessor,Disk usage > 85% on node node-5,E202,Disk usage > 85% on node {node}
62189,2026-01-14,13:31:32,INFO,OrderProcessor,Page view: /home by u2321,E103,Page view: {page} by {user}
62190,2026-01-14,13:36:41,INFO,WebServer,Health check passed: WebServer,E102,Health check passed: {service}
62191,2026-01-14,13:30:12,INFO,WebServer,Transaction tx216734 completed in 1154ms,E104,Transaction {tx} completed in {time}ms
62192,2026-01-14,13:48:48,INFO,WebServer,Transaction tx378387 completed in 1197ms,E104,Transaction {tx} completed in {time}ms
62193,2026-01-14,13:10:30,INFO,PaymentGateway,User u2467 login successful,E101,User {user} login successful
62194,2026-01-14,13:24:36,INFO,OrderProcessor,Transaction tx754893 completed in 783ms,E104,Transaction {tx} completed in {time}ms
62195,2026-01-14,13:23:56,INFO,OrderProcessor,User u3352 login successful,E101,User {user} login successful
62196,2026-01-14,13:54:05,INFO,WebServer,User u3505 login successful,E101,User {user} login successful
62197,2026-01-14,13:42:54,INFO,PaymentGateway,User u1036 login successful,E101,User {user} login successful
62198,2026-01-14,13:01:37,INFO,OrderProcessor,User u3093 login successful,E101,User {user} login successful
62199,2026-01-14,13:58:52,INFO,AuthService,Page view: /home by u3714,E103,Page view: {page} by {user}
62200,2026-01-14,13:28:05,INFO,WebServer,Health check passed: WebServer,E102,Health check passed: {service}
62201,2026-01-14,13:23:44,INFO,OrderProcessor,Transaction tx528322 completed in 1216ms,E104,Transaction {tx} completed in {time}ms
62202,2026-01-14,13:21:27,INFO,AuthService,User u1399 login successful,E101,User {user} login successful
62203,2026-01-14,13:25:46,INFO,WebServer,Transaction tx896680 completed in 701ms,E104,Transaction {tx} completed in {time}ms
62204,2026-01-14,13:25:20,INFO,WebServer,Transaction tx836474 completed in 231ms,E104,Transaction {tx} completed in {time}ms
62205,2026-01-14,13:35:46,INFO,AuthService,User u4816 login successful,E101,User {user} login successful
62206,2026-01-14,13:28:17,INFO,WebServer,Page view: /home by u1669,E103,Page view: {page} by {user}
62207,2026-01-14,13:23:01,INFO,AuthService,Health check passed: AuthService,E102,Health check passed: {service}
62208,2026-01-14,13:01:55,INFO,WebServer,User u4108 login successful,E101,User {user} login successful
62209,2026-01-14,13:45:09,INFO,WebServer,Health check passed: WebServer,E102,Health check passed: {service}
62210,2026-01-14,13:13:45,WARN,WebServer,Unauthorized access attempt from 192.168.1.5,E401,Unauthorized access attempt from {ip}
62211,2026-01-14,13:23:45,INFO,WebServer,Page view: /home by u1930,E103,Page view: {page} by {user}
62212,2026-01-14,13:01:45,INFO,PaymentGateway,Health check passed: PaymentGateway,E102,Health check passed: {service}
62213,2026-01-14,13:22:48,INFO,WebServer,Transaction tx596179 completed in 148ms,E104,Transaction {tx} completed in {time}ms
62214,2026-01-14,13:56:00,INFO,OrderProcessor,Page view: /home by u2262,E103,Page view: {page} by {user}
62215,2026-01-14,13:48:15,INFO,WebServer,User u3941 login successful,E101,User {user} login successful
62216,2026-01-14,13:56:22,INFO,InventoryDB,User u1115 login successful,E101,User {user} login successful
62217,2026-01-14,13:08:01,INFO,PaymentGateway,Transaction tx846609 completed in 519ms,E104,Transaction {tx} completed in {time}ms
62218,2026-01-14,13:29:07,INFO,AuthService,Page view: /home by u4566,E103,Page view: {page} by {user}
62219,2026-01-14,13:54:06,INFO,AuthService,User u3340 login successful,E101,User {user} login successful
62220,2026-01-14,13:35:34,INFO,OrderProcessor,Transaction tx241427 completed in 1155ms,E104,Transaction {tx} completed in {time}ms
62221,2026-01-14,13:17:09,INFO,WebServer,Page view: /home by u1897,E103,Page view: {page} by {user}
62222,2026-01-14,13:36:41,INFO,WebServer,Health check passed: WebServer,E102,Health check passed: {service}
62223,2026-01-14,13:01:30,INFO,WebServer,Health check passed: WebServer,E102,Health check passed: {service}
62224,2026-01-14,13:09:49,INFO,WebServer,Transaction tx851492 completed in 1126ms,E104,Transaction {tx} completed in {time}ms
62225,2026-01-14,13:33:33,INFO,OrderProcessor,Page view: /home by u1601,E103,Page view: {page} by {user}
62226,2026-01-14,13:30:52,INFO,WebServer,Transaction tx275939 completed in 1447ms,E104,Transaction {tx} completed in {time}ms
62227,2026-01-14,13:05:27,INFO,WebServer,Transaction tx837157 completed in 74ms,E104,Transaction {tx} completed in {time}ms
62228,2026-01-14,13:38:22,INFO,PaymentGateway,Transaction tx725054 completed in 555ms,E104,Transaction {tx} completed in {time}ms
62229,2026-01-14,13:47:28,WARN,OrderProcessor,Unauthorized access attempt from 10.0.0.99,E401,Unauthorized access attempt from {ip}
62230,2026-01-14,13:22:33,INFO,WebServer,Page view: /home by u3438,E103,Page view: {page} by {user}
62231,2026-01-14,13:10:00,INFO,WebServer,Transaction tx894867 completed in 860ms,E104,Transaction {tx} completed in {time}ms
62232,2026-01-14,13:28:52,ERROR,OrderProcessor,Connection refused to OrderProcessor at 10.0.0.45,E501,Connection refused to {service} at {ip}
62233,2026-01-14,13:32:38,INFO,OrderProcessor,User u2692 login successful,E101,User {user} login successful
62234,2026-01-14,13:54:26,INFO,AuthService,User u4090 login successful,E101,User {user} login successful
62235,2026-01-14,13:32:39,INFO,OrderProcessor,Page view: /home by u4584,E103,Page view: {page} by {user}
62236,2026-01-14,13:03:44,INFO,AuthService,User u2317 login successful,E101,User {user} login successful
62237,2026-01-14,13:03:34,INFO,WebServer,Transaction tx857715 completed in 1385ms,E104,Transaction {tx} completed in {time}ms
62238,2026-01-14,13:56:57,INFO,PaymentGateway,Transaction tx960309 completed in 1887ms,E104,Transaction {tx} completed in {time}ms
62239,2026-01-14,13:20:29,INFO,OrderProcessor,User u1662 login successful,E101,User {user} login successful
62240,2026-01-14,13:03:09,INFO,WebServer,User u2048 login successful,E101,User {user} login successful
62241,2026-01-14,13:54:39,INFO,PaymentGateway,Transaction tx296828 completed in 1682ms,E104,Transaction {tx} completed in {time}ms
62242,2026-01-14,13:11:47,INFO,OrderProcessor,Health check passed: OrderProcessor,E102,Health check passed: {service}
62243,2026-01-14,13:34:11,ERROR,WebServer,Timeout waiting for lock on InventoryDB,E502,Timeout waiting for lock on {db}
62244,2026-01-14,13:33:23,ERROR,PaymentGateway,Payment declined: Gateway unavailable,E503,Payment declined: Gateway unavailable
62245,2026-01-14,13:27:20,INFO,WebServer,Transaction tx328943 completed in 1401ms,E104,Transaction {tx} completed in {time}ms
62246,2026-01-14,13:45:07,INFO,AuthService,Page view: /home by u3774,E103,Page view: {page} by {user}
62247,2026-01-14,13:13:17,INFO,PaymentGateway,Transaction tx103907 completed in 381ms,E104,Transaction {tx} completed in {time}ms
62248,2026-01-14,13:12:47,INFO,WebServer,Transaction tx765319 completed in 432ms,E104,Transaction {tx} completed in {time}ms
62249,2026-01-14,13:35:48,WARN,WebServer,High latency (1268ms) detected on WebServer,E201,High latency ({time}ms) detected on {service}
62250,2026-01-14,13:28:27,INFO,WebServer,Page view: /home by u4996,E103,Page view: {page} by {user}
62251,2026-01-14,13:23:56,INFO,OrderProcessor,Transaction tx493049 completed in 124ms,E104,Transaction {tx} completed in {time}ms
62252,2026-01-14,13:08:01,INFO,OrderProcessor,User u2686 login successful,E101,User {user} login successful
62253,2026-01-14,13:47:00,INFO,WebServer,User u4198 login successful,E101,User {user} login successful
62254,2026-01-14,13:35:23,INFO,WebServer,User u1725 login successful,E101,User {user} login successful
62255,2026-01-14,13:41:00,INFO,WebServer,Health check passed: WebServer,E102,Health check passed: {service}
62256,2026-01-14,13:41:02,INFO,WebServer,Health check passed: WebServer,E102,Health check passed: {service}
62257,2026-01-14,13:09:26,INFO,AuthService,Page view: /home by u3009,E103,Page view: {page} by {user}
62258,2026-01-14,13:34:30,INFO,OrderProcessor,User u2768 login successful,E101,User {user} login successful
62259,2026-01-14,13:01:50,INFO,WebServer,Transaction tx399426 completed in 1968ms,E104,Transaction {tx} completed in {time}ms
62260,2026-01-14,13:28:54,INFO,WebServer,Health check passed: WebServer,E102,Health check passed: {service}
62261,2026-01-14,13:32:53,INFO,WebServer,Page view: /home by u1632,E103,Page view: {page} by {user}
62262,2026-01-14,13:25:28,WARN,WebServer,High latency (208ms) detected on WebServer,E201,High latency ({time}ms) detected on {service}
62263,2026-01-14,13:16:51,INFO,WebServer,User u3412 login successful,E101,User {user} login successful
62264,2026-01-14,13:28:42,WARN,WebServer,Disk usage > 85% on node node-4,E202,Disk usage > 85% on node {node}
62265,2026-01-14,13:54:55,INFO,AuthService,Health check passed: AuthService,E102,Health check passed: {service}
62266,2026-01-14,13:12:28,INFO,AuthService,Page view: /home by u1325,E103,Page view: {page} by {user}
62267,2026-01-14,13:07:18,INFO,WebServer,Health check passed: WebServer,E102,Health check passed: {service}
62268,2026-01-14,13:27:41,INFO,AuthService,User u3673 login successful,E101,User {user} login successful
62269,2026-01-14,13:28:43,INFO,InventoryDB,User u4446 login successful,E101,User {user} login successful
62270,2026-01-14,13:26:35,INFO,OrderProcessor,Transaction tx665866 completed in 240ms,E104,Transaction {tx} completed in {time}ms
62271,2026-01-14,13:00:15,INFO,WebServer,Transaction tx632225 completed in 1460ms,E104,Transaction {tx} completed in {time}ms
62272,2026-01-14,13:05:17,INFO,WebServer,Page view: /home by u2562,E103,Page view: {page} by {user}
62273,2026-01-14,13:40:54,INFO,PaymentGateway,Health check passed: PaymentGateway,E102,Health check passed: {service}
62274,2026-01-14,13:31:19,INFO,PaymentGateway,User u3013 login successful,E101,User {user} login successful
62275,2026-01-14,13:07:16,ERROR,OrderProcessor,Payment declined: Gateway unavailable,E503,Payment declined: Gateway unavailable
62276,2026-01-14,13:24:08,INFO,AuthService,Transaction tx154594 completed in 1941ms,E104,Transaction {tx} completed in {time}ms
62277,2026-01-14,13:13:17,INFO,WebServer,Page view: /home by u1850,E103,Page view: {page} by {user}
62278,2026-01-14,13:51:46,INFO,WebServer,User u1630 login successful,E101,User {user} login successful
62279,2026-01-14,13:36:48,INFO,AuthService,User u3121 login successful,E101,User {user} login successful
62280,2026-01-14,13:01:45,INFO,AuthService,Transaction tx849310 completed in 1669ms,E104,Transaction {tx} completed in {time}ms
62281,2026-01-14,13:05:41,WARN,WebServer,Unauthorized access attempt from 10.0.0.12,E401,Unauthorized access attempt from {ip}
62282,2026-01-14,13:23:27,INFO,OrderProcessor,Health check passed: OrderProcessor,E102,Health check passed: {service}
62283,2026-01-14,13:44:28,INFO,WebServer,Health check passed: WebServer,E102,Health check passed: {service}
62284,2026-01-14,13:03:37,INFO,AuthService,Transaction tx492938 completed in 758ms,E104,Transaction {tx} completed in {time}ms
62285,2026-01-14,13:28:16,INFO,OrderProcessor,Health check passed: OrderProcessor,E102,Health check passed: {service}
62286,2026-01-14,13:45:36,INFO,PaymentGateway,User u2235 login successful,E101,User {user} login successful
62287,2026-01-14,13:48:12,INFO,WebServer,Page view: /home by u4788,E103,Page view: {page} by {user}
62288,2026-01-14,13:55:48,WARN,WebServer,High latency (212ms) detected on WebServer,E201,High latency ({time}ms) detected on {service}
62289,2026-01-14,13:54:39,INFO,AuthService,User u1611 login successful,E101,User {user} login successful
62290,2026-01-14,13:36:51,INFO,AuthService,Health check passed: AuthService,E102,Health check passed: {service}
62291,2026-01-14,13:41:40,INFO,OrderProcessor,Health check passed: OrderProcessor,E102,Health check passed: {service}
62292,2026-01-14,13:31:45,INFO,WebServer,Health check passed: WebServer,E102,Health check passed: {service}
62293,2026-01-14,13:34:03,INFO,AuthService,User u3969 login successful,E101,User {user} login successful
62294,2026-01-14,13:37:52,INFO,WebServer,Page view: /home by u4474,E103,Page view: {page} by {user}
62295,2026-01-14,13:33:29,INFO,WebServer,Page view: /home by u4321,E103,Page view: {page} by {user}
62296,2026-01-14,13:32:25,INFO,WebServer,Page view: /home by u3351,E103,Page view: {page} by {user}
62297,2026-01-14,13:29:48,INFO,WebServer,User u2038 login successful,E101,User {user} login successful
62298,2026-01-14,13:46:03,WARN,AuthService,Unauthorized access attempt from 10.0.0.45,E401,Unauthorized access attempt from {ip}
62299,2026-01-14,13:18:28,INFO,OrderProcessor,User u3225 login successful,E101,User {user} login successful
62300,2026-01-14,13:07:44,WARN,InventoryDB,Unauthorized access attempt from 10.0.0.10,E401,Unauthorized access attempt from {ip}
62301,2026-01-14,13:25:57,INFO,AuthService,Health check passed: AuthService,E102,Health check passed: {service}
62302,2026-01-14,13:13:35,INFO,WebServer,Health check passed: WebServer,E102,Health check passed: {service}
62303,2026-01-14,13:53:17,INFO,WebServer,Transaction tx702792 completed in 549ms,E104,Transaction {tx} completed in {time}ms
62304,2026-01-14,13:59:28,INFO,WebServer,User u1735 login successful,E101,User {user} login successful
62305,2026-01-14,13:49:15,INFO,WebServer,Transaction tx281044 completed in 935ms,E104,Transaction {tx} completed in {time}ms
62306,2026-01-14,13:42:16,INFO,WebServer,User u2373 login successful,E101,User {user} login successful
62307,2026-01-14,13:01:25,INFO,WebServer,Health check passed: WebServer,E102,Health check passed: {service}
62308,2026-01-14,13:54:15,INFO,InventoryDB,Page view: /home by u3503,E103,Page view: {page} by {user}
62309,2026-01-14,13:00:02,INFO,WebServer,Page view: /home by u1934,E103,Page view: {page} by {user}
62310,2026-01-14,13:16:16,INFO,AuthService,User u2006 login successful,E101,User {user} login successful
62311,2026-01-14,13:26:35,INFO,AuthService,Page view: /home by u3597,E103,Page view: {page} by {user}
62312,2026-01-14,13:25:25,WARN,OrderProcessor,Disk usage > 85% on node node-4,E202,Disk usage > 85% on node {node}
62313,2026-01-14,13:29:41,INFO,WebServer,User u3298 login successful,E101,User {user} login successful
62314,2026-01-14,13:54:06,INFO,WebServer,Transaction tx400658 completed in 1955ms,E104,Transaction {tx} completed in {time}ms
62315,2026-01-14,13:19:44,WARN,AuthService,Disk usage > 85% on node node-4,E202,Disk usage > 85% on node {node}
62316,2026-01-14,13:05:36,INFO,WebServer,User u1056 login successful,E101,User {user} login successful
62317,2026-01-14,13:02:24,INFO,PaymentGateway,User u1997 login successful,E101,User {user} login successful
62318,2026-01-14,13:29:25,WARN,WebServer,Unauthorized access attempt from 10.0.0.88,E401,Unauthorized access attempt from {ip}
62319,2026-01-14,13:58:34,INFO,AuthService,Health check passed: AuthService,E102,Health check passed: {service}
62320,2026-01-14,13:17:33,INFO,WebServer,Page view: /home by u3064,E103,Page view: {page} by {user}
62321,2026-01-14,13:15:01,INFO,WebServer,User u4535 login successful,E101,User {user} login successful
62322,2026-01-14,13:31:07,INFO,OrderProcessor,User u4533 login successful,E101,User {user} login successful
62323,2026-01-14,13:07:15,INFO,AuthService,Page view: /home by u2212,E103,Page view: {page} by {user}
62324,2026-01-14,13:36:32,INFO,OrderProcessor,Transaction tx430789 completed in 797ms,E104,Transaction {tx} completed in {time}ms
62325,2026-01-14,13:42:53,INFO,PaymentGateway,Health check passed: PaymentGateway,E102,Health check passed: {service}
62326,2026-01-14,13:13:27,WARN,OrderProcessor,Disk usage > 85% on node node-1,E202,Disk usage > 85% on node {node}
62327,2026-01-14,13:17:05,INFO,WebServer,Transaction tx870607 completed in 1717ms,E104,Transaction {tx} completed in {time}ms
62328,2026-01-14,13:31:51,INFO,OrderProcessor,Transaction tx776328 completed in 1429ms,E104,Transaction {tx} completed in {time}ms
62329,2026-01-14,13:52:29,INFO,WebServer,Page view: /home by u2675,E103,Page view: {page} by {user}
62330,2026-01-14,13:36:58,INFO,AuthService,Health check passed: AuthService,E102,Health check passed: {service}
62331,2026-01-14,13:59:20,INFO,AuthService,User u3457 login successful,E101,User {user} login successful
62332,2026-01-14,13:58:11,WARN,InventoryDB,Unauthorized access attempt from 10.0.0.45,E401,Unauthorized access attempt from {ip}
62333,2026-01-14,13:09:35,INFO,WebServer,Transaction tx587798 completed in 446ms,E104,Transaction {tx} completed in {time}ms
62334,2026-01-14,13:08:38,INFO,WebServer,Health check passed: WebServer,E102,Health check passed: {service}
62335,2026-01-14,13:18:53,INFO,AuthService,Page view: /home by u4701,E103,Page view: {page} by {user}
62336,2026-01-14,13:07:45,INFO,WebServer,Page view: /home by u3453,E103,Page view: {page} by {user}
62337,2026-01-14,13:24:57,INFO,WebServer,Health check passed: WebServer,E102,Health check passed: {service}
62338,2026-01-14,13:02:07,INFO,AuthService,User u2759 login successful,E101,User {user} login successful
62339,2026-01-14,13:52:21,WARN,WebServer,Unauthorized access attempt from 10.0.0.12,E401,Unauthorized access attempt from {ip}
62340,2026-01-14,13:10:32,INFO,WebServer,Health check passed: WebServer,E102,Health check passed: {service}
62341,2026-01-14,13:55:39,INFO,OrderProcessor,Health check passed: OrderProcessor,E102,Health check passed: {service}
62342,2026-01-14,13:37:22,INFO,WebServer,Transaction tx152867 completed in 1891ms,E104,Transaction {tx} completed in {time}ms
62343,2026-01-14,13:51:36,INFO,WebServer,Page view: /home by u1186,E103,Page view: {page} by {user}
62344,2026-01-14,13:24:34,INFO,PaymentGateway,User u2961 login successful,E101,User {user} login successful
62345,2026-01-14,13:55:13,INFO,WebServer,Health check passed: WebServer,E102,Health check passed: {service}
62346,2026-01-14,13:01:16,INFO,AuthService,Transaction tx715821 completed in 1060ms,E104,Transaction {tx} completed in {time}ms
62347,2026-01-14,13:09:37,INFO,WebServer,Health check passed: WebServer,E102,Health check passed: {service}
62348,2026-01-14,13:20:45,INFO,WebServer,Page view: /home by u4171,E103,Page view: {page} by {user}
62349,2026-01-14,13:18:01,WARN,WebServer,Unauthorized access attempt from 10.0.0.45,E401,Unauthorized access attempt from {ip}
62350,2026-01-14,13:08:55,INFO,OrderProcessor,Transaction tx536019 completed in 1964ms,E104,Transaction {tx} completed in {time}ms
62351,2026-01-14,13:48:14,INFO,OrderProcessor,Health check passed: OrderProcessor,E102,Health check passed: {service}
62352,2026-01-14,13:51:52,INFO,AuthService,User u2927 login successful,E101,User {user} login successful
62353,2026-01-14,13:11:15,INFO,WebServer,User u4358 login successful,E101,User {user} login successful
62354,2026-01-14,13:23:54,INFO,WebServer,Health check passed: WebServer,E102,Health check passed: {service}
62355,2026-01-14,13:37:22,INFO,WebServer,Health check passed: WebServer,E102,Health check passed: {service}
62356,2026-01-14,13:47:42,INFO,WebServer,Transaction tx789515 completed in 170ms,E104,Transaction {tx} completed in {time}ms
62357,2026-01-14,13:46:35,WARN,WebServer,Disk usage > 85% on node node-1,E202,Disk usage > 85% on node {node}
62358,2026-01-14,13:36:16,INFO,WebServer,User u4674 login successful,E101,User {user} login successful
62359,2026-01-14,13:25:56,INFO,AuthService,Transaction tx878855 completed in 1262ms,E104,Transaction {tx} completed in {time}ms
62360,2026-01-14,13:27:50,INFO,WebServer,User u4198 login successful,E101,User {user} login successful
62361,2026-01-14,13:17:02,INFO,WebServer,Health check passed: WebServer,E102,Health check passed: {service}
62362,2026-01-14,13:34:11,INFO,WebServer,User u4877 login successful,E101,User {user} login successful
62363,2026-01-14,13:50:09,WARN,OrderProcessor,Unauthorized access attempt from 192.168.1.5,E401,Unauthorized access attempt from {ip}
62364,2026-01-14,13:49:21,INFO,OrderProcessor,Health check passed: OrderProcessor,E102,Health check passed: {service}
62365,2026-01-14,13:31:40,INFO,PaymentGateway,Page view: /home by u4932,E103,Page view: {page} by {user}
62366,2026-01-14,13:27:23,INFO,WebServer,Transaction tx482763 completed in 1128ms,E104,Transaction {tx} completed in {time}ms
62367,2026-01-14,13:50:59,INFO,WebServer,Page view: /home by u3144,E103,Page view: {page} by {user}
62368,2026-01-14,13:23:21,INFO,InventoryDB,Health check passed: InventoryDB,E102,Health check passed: {service}
62369,2026-01-14,13:23:37,INFO,PaymentGateway,User u3321 login successful,E101,User {user} login successful
62370,2026-01-14,13:04:23,INFO,AuthService,Transaction tx242439 completed in 1985ms,E104,Transaction {tx} completed in {time}ms
62371,2026-01-14,13:44:26,INFO,WebServer,Transaction tx135177 completed in 1587ms,E104,Transaction {tx} completed in {time}ms
62372,2026-01-14,13:19:06,INFO,WebServer,Health check passed: WebServer,E102,Health check passed: {service}
62373,2026-01-14,13:39:17,INFO,PaymentGateway,Health check passed: PaymentGateway,E102,Health check passed: {service}
62374,2026-01-14,13:41:50,INFO,AuthService,Page view: /home by u1010,E103,Page view: {page} by {user}
62375,2026-01-14,13:58:11,INFO,WebServer,User u3468 login successful,E101,User {user} login successful
62376,2026-01-14,13:31:39,INFO,InventoryDB,Transaction tx451177 completed in 1842ms,E104,Transaction {tx} completed in {time}ms
62377,2026-01-14,13:29:15,INFO,PaymentGateway,Health check passed: PaymentGateway,E102,Health check passed: {service}
62378,2026-01-14,13:52:57,INFO,InventoryDB,Health check passed: InventoryDB,E102,Health check passed: {service}
62379,2026-01-14,13:19:02,INFO,WebServer,User u1707 login successful,E101,User {user} login successful
62380,2026-01-14,13:37:09,INFO,AuthService,Page view: /home by u2593,E103,Page view: {page} by {user}
62381,2026-01-14,13:24:19,INFO,WebServer,Health check passed: WebServer,E102,Health check passed: {service}
62382,2026-01-14,13:26:15,INFO,WebServer,User u2965 login successful,E101,User {user} login successful
62383,2026-01-14,13:34:51,INFO,AuthService,User u3302 login successful,E101,User {user} login successful
62384,2026-01-14,13:54:33,INFO,WebServer,User u3868 login successful,E101,User {user} login successful
62385,2026-01-14,13:06:41,WARN,WebServer,Unauthorized access attempt from 10.0.0.12,E401,Unauthorized access attempt from {ip}
62386,2026-01-14,13:32:59,INFO,InventoryDB,Health check passed: InventoryDB,E102,Health check passed: {service}
62387,2026-01-14,13:00:27,INFO,InventoryDB,User u4755 login successful,E101,User {user} login successful
62388,2026-01-14,13:40:30,INFO,PaymentGateway,Transaction tx932113 completed in 1921ms,E104,Transaction {tx} completed in {time}ms
62389,2026-01-14,13:14:04,INFO,WebServer,Page view: /home by u4650,E103,Page view: {page} by {user}
62390,2026-01-14,13:54:28,WARN,OrderProcessor,Disk usage > 85% on node node-3,E202,Disk usage > 85% on node {node}
62391,2026-01-14,13:04:36,INFO,OrderProcessor,Transaction tx611306 completed in 115ms,E104,Transaction {tx} completed in {time}ms
62392,2026-01-14,13:20:52,INFO,WebServer,Health check passed: WebServer,E102,Health check passed: {service}
62393,2026-01-14,13:52:53,INFO,WebServer,User u2614 login successful,E101,User {user} login successful
62394,2026-01-14,13:19:35,INFO,WebServer,Health check passed: WebServer,E102,Health check passed: {service}
62395,2026-01-14,13:13:03,INFO,WebServer,Health check passed: WebServer,E102,Health check passed: {service}
62396,2026-01-14,13:24:25,INFO,WebServer,User u3702 login successful,E101,User {user} login successful
62397,2026-01-14,13:59:30,INFO,WebServer,User u3349 login successful,E101,User {user} login successful
62398,2026-01-14,13:51:16,INFO,AuthService,Transaction tx703037 completed in 770ms,E104,Transaction {tx} completed in {time}ms
62399,2026-01-14,13:36:14,INFO,AuthService,Transaction tx797045 completed in 1929ms,E104,Transaction {tx} completed in {time}ms
62400,2026-01-14,13:17:03,INFO,WebServer,Page view: /home by u4208,E103,Page view: {page} by {user}
62401,2026-01-14,13:51:53,INFO,WebServer,User u1247 login successful,E101,User {user} login successful
62402,2026-01-14,13:57:54,INFO,OrderProcessor,Page view: /home by u3597,E103,Page view: {page} by {user}
62403,2026-01-14,13:49:26,INFO,AuthService,User u1700 login successful,E101,User {user} login successful
62404,2026-01-14,13:11:02,INFO,AuthService,Health check passed: AuthService,E102,Health check passed: {service}
62405,2026-01-14,13:28:29,INFO,WebServer,Health check passed: WebServer,E102,Health check passed: {service}
62406,2026-01-14,13:43:12,INFO,WebServer,Page view: /home by u3162,E103,Page view: {page} by {user}
62407,2026-01-14,13:10:11,INFO,AuthService,Page view: /home by u1319,E103,Page view: {page} by {user}
62408,2026-01-14,13:50:54,INFO,WebServer,Health check passed: WebServer,E102,Health check passed: {service}
62409,2026-01-14,13:30:48,INFO,AuthService,Transaction tx675536 completed in 474ms,E104,Transaction {tx} completed in {time}ms
62410,2026-01-14,13:24:28,INFO,WebServer,Page view: /home by u1711,E103,Page view: {page} by {user}
62411,2026-01-14,13:04:55,INFO,WebServer,Transaction tx171180 completed in 831ms,E104,Transaction {tx} completed in {time}ms
62412,2026-01-14,13:27:41,INFO,OrderProcessor,User u2618 login successful,E101,User {user} login successful
62413,2026-01-14,13:30:47,INFO,AuthService,Health check passed: AuthService,E102,Health check passed: {service}
62414,2026-01-14,13:19:55,INFO,WebServer,Health check passed: WebServer,E102,Health check passed: {service}
62415,2026-01-14,13:43:19,INFO,WebServer,Transaction tx258922 completed in 1769ms,E104,Transaction {tx} completed in {time}ms
62416,2026-01-14,13:19:39,WARN,WebServer,Disk usage > 85% on node node-3,E202,Disk usage > 85% on node {node}
62417,2026-01-14,13:26:29,INFO,WebServer,Transaction tx466436 completed in 712ms,E104,Transaction {tx} completed in {time}ms
62418,2026-01-14,13:22:32,INFO,PaymentGateway,Health check passed: PaymentGateway,E102,Health check passed: {service}
62419,2026-01-14,13:21:48,WARN,AuthService,Unauthorized access attempt from 10.0.0.12,E401,Unauthorized access attempt from {ip}
62420,2026-01-14,13:07:08,INFO,OrderProcessor,User u3918 login successful,E101,User {user} login successful
62421,2026-01-14,13:13:26,INFO,PaymentGateway,Transaction tx592252 completed in 1354ms,E104,Transaction {tx} completed in {time}ms
62422,2026-01-14,13:32:54,INFO,WebServer,Health check passed: WebServer,E102,Health check passed: {service}
62423,2026-01-14,13:49:33,INFO,WebServer,Page view: /home by u3333,E103,Page view: {page} by {user}
62424,2026-01-14,13:05:07,INFO,AuthService,Page view: /home by u4892,E103,Page view: {page} by {user}
62425,2026-01-14,13:20:12,INFO,AuthService,Health check passed: AuthService,E102,Health check passed: {service}
62426,2026-01-14,13:58:36,INFO,WebServer,Health check passed: WebServer,E102,Health check passed: {service}
62427,2026-01-14,13:30:48,INFO,WebServer,Page view: /home by u1216,E103,Page view: {page} by {user}
62428,2026-01-14,13:03:38,INFO,WebServer,User u4778 login successful,E101,User {user} login successful
62429,2026-01-14,13:23:53,INFO,AuthService,Page view: /home by u1280,E103,Page view: {page} by {user}
62430,2026-01-14,13:12:53,INFO,WebServer,Page view: /home by u3535,E103,Page view: {page} by {user}
62431,2026-01-14,13:36:57,INFO,WebServer,Page view: /home by u2107,E103,Page view: {page} by {user}
62432,2026-01-14,13:04:21,INFO,WebServer,Health check passed: WebServer,E102,Health check passed: {service}
62433,2026-01-14,13:13:48,INFO,PaymentGateway,User u3645 login successful,E101,User {user} login successful
62434,2026-01-14,13:10:13,INFO,WebServer,Transaction tx240512 completed in 1222ms,E104,Transaction {tx} completed in {time}ms
62435,2026-01-14,13:16:16,INFO,WebServer,User u4529 login successful,E101,User {user} login successful
62436,2026-01-14,13:21:47,INFO,OrderProcessor,Health check passed: OrderProcessor,E102,Health check passed: {service}
62437,2026-01-14,13:49:27,INFO,WebServer,Transaction tx667664 completed in 1523ms,E104,Transaction {tx} completed in {time}ms
62438,2026-01-14,13:18:00,INFO,WebServer,Transaction tx522336 completed in 648ms,E104,Transaction {tx} completed in {time}ms
62439,2026-01-14,13:45:38,INFO,OrderProcessor,Page view: /home by u4820,E103,Page view: {page} by {user}
62440,2026-01-14,13:55:44,INFO,OrderProcessor,Transaction tx833968 completed in 1417ms,E104,Transaction {tx} completed in {time}ms
62441,2026-01-14,13:59:20,INFO,OrderProcessor,Transaction tx171140 completed in 727ms,E104,Transaction {tx} completed in {time}ms
62442,2026-01-14,13:43:40,CRITICAL,WebServer,DATA CORRUPTION detected in sector 573,E602,DATA CORRUPTION detected in sector {sector}
62443,2026-01-14,13:18:30,INFO,OrderProcessor,User u1868 login successful,E101,User {user} login successful
62444,2026-01-14,13:33:44,INFO,AuthService,Transaction tx466967 completed in 1278ms,E104,Transaction {tx} completed in {time}ms
62445,2026-01-14,13:08:19,INFO,WebServer,User u4661 login successful,E101,User {user} login successful
62446,2026-01-14,13:54:46,INFO,AuthService,User u2657 login successful,E101,User {user} login successful
62447,2026-01-14,13:31:03,INFO,WebServer,User u4882 login successful,E101,User {user} login successful
62448,2026-01-14,13:53:40,INFO,WebServer,Transaction tx514376 completed in 1667ms,E104,Transaction {tx} completed in {time}ms
62449,2026-01-14,13:19:54,INFO,WebServer,Health check passed: WebServer,E102,Health check passed: {service}
62450,2026-01-14,13:59:38,INFO,WebServer,Page view: /home by u4535,E103,Page view: {page} by {user}
62451,2026-01-14,13:10:43,INFO,AuthService,Health check passed: AuthService,E102,Health check passed: {service}
62452,2026-01-14,13:59:03,INFO,PaymentGateway,User u2592 login successful,E101,User {user} login successful
62453,2026-01-14,13:35:35,INFO,AuthService,Health check passed: AuthService,E102,Health check passed: {service}
62454,2026-01-14,13:25:54,INFO,InventoryDB,Page view: /home by u4530,E103,Page view: {page} by {user}
62455,2026-01-14,13:25:56,INFO,AuthService,Page view: /home by u3877,E103,Page view: {page} by {user}
62456,2026-01-14,13:28:22,INFO,WebServer,Page view: /home by u3184,E103,Page view: {page} by {user}
62457,2026-01-14,13:44:35,INFO,WebServer,Health check passed: WebServer,E102,Health check passed: {service}
62458,2026-01-14,13:22:13,INFO,WebServer,Page view: /home by u2768,E103,Page view: {page} by {user}
62459,2026-01-14,13:18:02,INFO,WebServer,Page view: /home by u1948,E103,Page view: {page} by {user}
62460,2026-01-14,13:30:36,WARN,OrderProcessor,Unauthorized access attempt from 10.0.0.45,E401,Unauthorized access attempt from {ip}
62461,2026-01-14,13:57:36,INFO,PaymentGateway,User u1274 login successful,E101,User {user} login successful
62462,2026-01-14,13:05:48,INFO,AuthService,Transaction tx950071 completed in 1819ms,E104,Transaction {tx} completed in {time}ms
62463,2026-01-14,13:17:18,INFO,WebServer,User u4699 login successful,E101,User {user} login successful
62464,2026-01-14,13:15:03,INFO,WebServer,Page view: /home by u2920,E103,Page view: {page} by {user}
62465,2026-01-14,13:32:53,INFO,PaymentGateway,Page view: /home by u2309,E103,Page view: {page} by {user}
62466,2026-01-14,13:53:52,INFO,WebServer,Health check passed: WebServer,E102,Health check passed: {service}
62467,2026-01-14,13:05:03,INFO,AuthService,User u4117 login successful,E101,User {user} login successful
62468,2026-01-14,13:07:17,INFO,WebServer,Transaction tx748930 completed in 167ms,E104,Transaction {tx} completed in {time}ms
62469,2026-01-14,13:15:03,INFO,WebServer,Transaction tx846720 completed in 461ms,E104,Transaction {tx} completed in {time}ms
62470,2026-01-14,13:38:24,INFO,WebServer,Page view: /home by u4426,E103,Page view: {page} by {user}
62471,2026-01-14,13:47:39,INFO,PaymentGateway,Health check passed: PaymentGateway,E102,Health check passed: {service}
62472,2026-01-14,13:35:23,INFO,PaymentGateway,User u3916 login successful,E101,User {user} login successful
62473,2026-01-14,13:49:11,INFO,PaymentGateway,Transaction tx305637 completed in 1796ms,E104,Transaction {tx} completed in {time}ms
62474,2026-01-14,13:56:50,INFO,PaymentGateway,Page view: /home by u4889,E103,Page view: {page} by {user}
62475,2026-01-14,13:14:02,INFO,WebServer,User u3309 login successful,E101,User {user} login successful
62476,2026-01-14,13:23:44,WARN,AuthService,Disk usage > 85% on node node-5,E202,Disk usage > 85% on node {node}
62477,2026-01-14,13:53:05,INFO,PaymentGateway,User u2254 login successful,E101,User {user} login successful
62478,2026-01-14,13:53:49,INFO,AuthService,User u2361 login successful,E101,User {user} login successful
62479,2026-01-14,13:21:08,INFO,WebServer,Health check passed: WebServer,E102,Health check passed: {service}
62480,2026-01-14,13:21:27,WARN,PaymentGateway,Disk usage > 85% on node node-4,E202,Disk usage > 85% on node {node}
62481,2026-01-14,13:22:19,INFO,AuthService,Transaction tx343333 completed in 965ms,E104,Transaction {tx} completed in {time}ms
62482,2026-01-14,13:32:55,INFO,AuthService,Transaction tx982072 completed in 1902ms,E104,Transaction {tx} completed in {time}ms
62483,2026-01-14,13:51:35,INFO,AuthService,Transaction tx804908 completed in 179ms,E104,Transaction {tx} completed in {time}ms
62484,2026-01-14,13:55:16,INFO,WebServer,User u4525 login successful,E101,User {user} login successful
62485,2026-01-14,13:07:00,INFO,AuthService,User u4686 login successful,E101,User {user} login successful
62486,2026-01-14,13:13:12,INFO,WebServer,Transaction tx597761 completed in 730ms,E104,Transaction {tx} completed in {time}ms
62487,2026-01-14,13:01:00,INFO,AuthService,User u4469 login successful,E101,User {user} login successful
62488,2026-01-14,13:09:11,INFO,WebServer,Health check passed: WebServer,E102,Health check passed: {service}
62489,2026-01-14,13:29:46,INFO,WebServer,Page view: /home by u2925,E103,Page view: {page} by {user}
62490,2026-01-14,13:55:53,INFO,OrderProcessor,Health check passed: OrderProcessor,E102,Health check passed: {service}
62491,2026-01-14,13:39:28,INFO,WebServer,Page view: /home by u4794,E103,Page view: {page} by {user}
62492,2026-01-14,13:44:08,INFO,AuthService,Health check passed: AuthService,E102,Health check passed: {service}
62493,2026-01-14,13:55:03,INFO,InventoryDB,Health check passed: InventoryDB,E102,Health check passed: {service}
62494,2026-01-14,13:50:03,INFO,OrderProcessor,User u4128 login successful,E101,User {user} login successful
62495,2026-01-14,13:54:25,INFO,PaymentGateway,Page view: /home by u4879,E103,Page view: {page} by {user}
62496,2026-01-14,13:30:52,INFO,OrderProcessor,Health check passed: OrderProcessor,E102,Health check passed: {service}
62497,2026-01-14,13:24:22,WARN,PaymentGateway,Unauthorized access attempt from 10.0.0.10,E401,Unauthorized access attempt from {ip}
62498,2026-01-14,13:52:21,INFO,AuthService,Health check passed: AuthService,E102,Health check passed: {service}
62499,2026-01-14,13:41:11,INFO,WebServer,Page view: /home by u4304,E103,Page view: {page} by {user}
62500,2026-01-14,13:19:02,WARN,WebServer,High latency (197ms) detected on WebServer,E201,High latency ({time}ms) detected on {service}
62501,2026-01-14,13:52:07,INFO,AuthService,Page view: /home by u1707,E103,Page view: {page} by {user}
62502,2026-01-14,13:07:48,INFO,OrderProcessor,Health check passed: OrderProcessor,E102,Health check passed: {service}
62503,2026-01-14,13:29:55,INFO,OrderProcessor,Transaction tx938899 completed in 1100ms,E104,Transaction {tx} completed in {time}ms
62504,2026-01-14,13:18:02,INFO,WebServer,Health check passed: WebServer,E102,Health check passed: {service}
62505,2026-01-14,13:23:40,INFO,WebServer,Page view: /home by u2556,E103,Page view: {page} by {user}
62506,2026-01-14,13:41:08,INFO,WebServer,Transaction tx108607 completed in 121ms,E104,Transaction {tx} completed in {time}ms
62507,2026-01-14,13:06:25,INFO,WebServer,Health check passed: WebServer,E102,Health check passed: {service}
62508,2026-01-14,13:34:04,INFO,WebServer,Transaction tx740174 completed in 464ms,E104,Transaction {tx} completed in {time}ms
62509,2026-01-14,13:20:28,INFO,WebServer,User u3965 login successful,E101,User {user} login successful
62510,2026-01-14,13:37:14,INFO,PaymentGateway,Health check passed: PaymentGateway,E102,Health check passed: {service}
62511,2026-01-14,13:42:45,INFO,WebServer,User u1025 login successful,E101,User {user} login successful
62512,2026-01-14,13:29:29,WARN,PaymentGateway,Unauthorized access attempt from 10.0.0.45,E401,Unauthorized access attempt from {ip}
62513,2026-01-14,13:10:11,INFO,AuthService,Page view: /home by u4284,E103,Page view: {page} by {user}
62514,2026-01-14,13:07:59,INFO,WebServer,Health check passed: WebServer,E102,Health check passed: {service}
62515,2026-01-14,13:43:53,WARN,WebServer,Disk usage > 85% on node node-5,E202,Disk usage > 85% on node {node}
62516,2026-01-14,13:15:36,ERROR,WebServer,Connection refused to WebServer at 10.0.0.45,E501,Connection refused to {service} at {ip}
62517,2026-01-14,13:22:56,INFO,InventoryDB,Page view: /home by u3185,E103,Page view: {page} by {user}
62518,2026-01-14,13:05:42,INFO,InventoryDB,User u1479 login successful,E101,User {user} login successful
62519,2026-01-14,13:34:02,INFO,WebServer,Page view: /home by u3324,E103,Page view: {page} by {user}
62520,2026-01-14,13:37:15,WARN,WebServer,High latency (1683ms) detected on WebServer,E201,High latency ({time}ms) detected on {service}
62521,2026-01-14,13:10:49,INFO,AuthService,Health check passed: AuthService,E102,Health check passed: {service}
62522,2026-01-14,13:51:32,INFO,AuthService,Transaction tx522491 completed in 1923ms,E104,Transaction {tx} completed in {time}ms
62523,2026-01-14,13:10:07,INFO,WebServer,Transaction tx134544 completed in 738ms,E104,Transaction {tx} completed in {time}ms
62524,2026-01-14,13:28:43,INFO,WebServer,Transaction tx835616 completed in 193ms,E104,Transaction {tx} completed in {time}ms
62525,2026-01-14,13:25:38,INFO,WebServer,User u4654 login successful,E101,User {user} login successful
62526,2026-01-14,13:26:31,INFO,WebServer,Page view: /home by u2054,E103,Page view: {page} by {user}
62527,2026-01-14,13:29:00,INFO,OrderProcessor,Health check passed: OrderProcessor,E102,Health check passed: {service}
62528,2026-01-14,13:17:34,INFO,PaymentGateway,Health check passed: PaymentGateway,E102,Health check passed: {service}
62529,2026-01-14,13:51:11,INFO,OrderProcessor,Transaction tx664424 completed in 627ms,E104,Transaction {tx} completed in {time}ms
62530,2026-01-14,13:45:50,INFO,WebServer,Page view: /home by u1290,E103,Page view: {page} by {user}
62531,2026-01-14,13:15:02,INFO,WebServer,Health check passed: WebServer,E102,Health check passed: {service}
62532,2026-01-14,13:26:59,INFO,WebServer,Health check passed: WebServer,E102,Health check passed: {service}
62533,2026-01-14,13:44:35,INFO,WebServer,Transaction tx833287 completed in 1547ms,E104,Transaction {tx} completed in {time}ms
62534,2026-01-14,13:10:40,INFO,PaymentGateway,User u4272 login successful,E101,User {user} login successful
62535,2026-01-14,13:52:17,INFO,InventoryDB,Page view: /home by u2625,E103,Page view: {page} by {user}
62536,2026-01-14,13:55:56,INFO,OrderProcessor,Page view: /home by u3944,E103,Page view: {page} by {user}
62537,2026-01-14,13:02:56,INFO,PaymentGateway,Health check passed: PaymentGateway,E102,Health check passed: {service}
62538,2026-01-14,13:28:00,INFO,AuthService,Health check passed: AuthService,E102,Health check passed: {service}
62539,2026-01-14,13:06:49,INFO,WebServer,Health check passed: WebServer,E102,Health check passed: {service}
62540,2026-01-14,13:31:29,INFO,AuthService,User u4709 login successful,E101,User {user} login successful
62541,2026-01-14,13:45:03,INFO,AuthService,Page view: /home by u2603,E103,Page view: {page} by {user}
62542,2026-01-14,13:47:48,INFO,OrderProcessor,Health check passed: OrderProcessor,E102,Health check passed: {service}
62543,2026-01-14,13:26:12,INFO,AuthService,Health check passed: AuthService,E102,Health check passed: {service}
62544,2026-01-14,13:34:32,INFO,WebServer,Transaction tx850916 completed in 691ms,E104,Transaction {tx} completed in {time}ms
62545,2026-01-14,13:42:07,INFO,WebServer,Transaction tx780321 completed in 106ms,E104,Transaction {tx} completed in {time}ms
62546,2026-01-14,13:36:22,INFO,WebServer,User u4773 login successful,E101,User {user} login successful
62547,2026-01-14,13:27:16,INFO,WebServer,Page view: /home by u4482,E103,Page view: {page} by {user}
62548,2026-01-14,13:47:15,INFO,WebServer,Health check passed: WebServer,E102,Health check passed: {service}
62549,2026-01-14,13:36:30,INFO,WebServer,Transaction tx709995 completed in 1382ms,E104,Transaction {tx} completed in {time}ms
62550,2026-01-14,13:46:58,INFO,WebServer,Health check passed: WebServer,E102,Health check passed: {service}
62551,2026-01-14,13:01:28,INFO,WebServer,Page view: /home by u2479,E103,Page view: {page} by {user}
62552,2026-01-14,13:14:20,INFO,InventoryDB,User u4935 login successful,E101,User {user} login successful
62553,2026-01-14,13:34:36,INFO,OrderProcessor,Page view: /home by u4015,E103,Page view: {page} by {user}
62554,2026-01-14,13:24:44,INFO,OrderProcessor,Transaction tx567439 completed in 181ms,E104,Transaction {tx} completed in {time}ms
62555,2026-01-14,13:07:28,INFO,OrderProcessor,User u3620 login successful,E101,User {user} login successful
62556,2026-01-14,13:30:45,INFO,WebServer,Transaction tx762889 completed in 753ms,E104,Transaction {tx} completed in {time}ms
62557,2026-01-14,13:47:24,INFO,AuthService,Health check passed: AuthService,E102,Health check passed: {service}
62558,2026-01-14,13:44:53,INFO,PaymentGateway,Health check passed: PaymentGateway,E102,Health check passed: {service}
62559,2026-01-14,13:16:17,INFO,WebServer,Transaction tx836479 completed in 1869ms,E104,Transaction {tx} completed in {time}ms
62560,2026-01-14,13:16:46,INFO,WebServer,Transaction tx276443 completed in 1900ms,E104,Transaction {tx} completed in {time}ms
62561,2026-01-14,13:10:46,INFO,AuthService,Transaction tx837024 completed in 1329ms,E104,Transaction {tx} completed in {time}ms
62562,2026-01-14,13:11:52,INFO,WebServer,User u4193 login successful,E101,User {user} login successful
62563,2026-01-14,13:40:26,WARN,WebServer,Disk usage > 85% on node node-4,E202,Disk usage > 85% on node {node}
62564,2026-01-14,13:28:51,INFO,PaymentGateway,Transaction tx937360 completed in 393ms,E104,Transaction {tx} completed in {time}ms
62565,2026-01-14,13:40:46,INFO,WebServer,Page view: /home by u1450,E103,Page view: {page} by {user}
62566,2026-01-14,13:08:13,INFO,WebServer,Page view: /home by u2816,E103,Page view: {page} by {user}
62567,2026-01-14,13:27:19,INFO,OrderProcessor,Health check passed: OrderProcessor,E102,Health check passed: {service}
62568,2026-01-14,13:12:00,INFO,PaymentGateway,User u1843 login successful,E101,User {user} login successful
62569,2026-01-14,13:41:09,INFO,WebServer,User u4827 login successful,E101,User {user} login successful
62570,2026-01-14,13:20:59,INFO,InventoryDB,Health check passed: InventoryDB,E102,Health check passed: {service}
62571,2026-01-14,13:51:29,INFO,WebServer,User u1483 login successful,E101,User {user} login successful
62572,2026-01-14,13:05:25,INFO,AuthService,Page view: /home by u3688,E103,Page view: {page} by {user}
62573,2026-01-14,13:09:58,INFO,WebServer,User u2911 login successful,E101,User {user} login successful
62574,2026-01-14,13:19:11,INFO,OrderProcessor,User u2645 login successful,E101,User {user} login successful
62575,2026-01-14,13:26:48,INFO,AuthService,Health check passed: AuthService,E102,Health check passed: {service}
62576,2026-01-14,13:20:09,WARN,WebServer,Unauthorized access attempt from 10.0.0.45,E401,Unauthorized access attempt from {ip}
62577,2026-01-14,13:09:32,ERROR,PaymentGateway,Connection refused to PaymentGateway at 10.0.0.12,E501,Connection refused to {service} at {ip}
62578,2026-01-14,13:17:32,INFO,OrderProcessor,Transaction tx292087 completed in 1069ms,E104,Transaction {tx} completed in {time}ms
62579,2026-01-14,13:58:53,INFO,WebServer,User u4248 login successful,E101,User {user} login successful
62580,2026-01-14,13:41:28,INFO,WebServer,Page view: /home by u3229,E103,Page view: {page} by {user}
62581,2026-01-14,13:53:24,INFO,OrderProcessor,Health check passed: OrderProcessor,E102,Health check passed: {service}
62582,2026-01-14,13:51:15,INFO,AuthService,Transaction tx952685 completed in 1208ms,E104,Transaction {tx} completed in {time}ms
62583,2026-01-14,13:09:33,INFO,WebServer,Page view: /home by u2600,E103,Page view: {page} by {user}
62584,2026-01-14,13:32:28,INFO,WebServer,User u4304 login successful,E101,User {user} login successful
62585,2026-01-14,13:55:01,INFO,OrderProcessor,Health check passed: OrderProcessor,E102,Health check passed: {service}
62586,2026-01-14,13:23:24,INFO,WebServer,Transaction tx888948 completed in 724ms,E104,Transaction {tx} completed in {time}ms
62587,2026-01-14,13:06:04,INFO,AuthService,User u1497 login successful,E101,User {user} login successful
62588,2026-01-14,13:15:10,INFO,PaymentGateway,User u1784 login successful,E101,User {user} login successful
62589,2026-01-14,13:25:46,INFO,OrderProcessor,Health check passed: OrderProcessor,E102,Health check passed: {service}
62590,2026-01-14,13:59:18,INFO,OrderProcessor,User u4182 login successful,E101,User {user} login successful
62591,2026-01-14,13:28:14,INFO,InventoryDB,Page view: /home by u1676,E103,Page view: {page} by {user}
62592,2026-01-14,13:53:44,WARN,AuthService,High latency (597ms) detected on AuthService,E201,High latency ({time}ms) detected on {service}
62593,2026-01-14,13:38:03,INFO,PaymentGateway,User u4821 login successful,E101,User {user} login successful
62594,2026-01-14,13:10:38,INFO,WebServer,Page view: /home by u4387,E103,Page view: {page} by {user}
62595,2026-01-14,13:09:40,INFO,OrderProcessor,Health check passed: OrderProcessor,E102,Health check passed: {service}
62596,2026-01-14,13:11:06,INFO,WebServer,Page view: /home by u2463,E103,Page view: {page} by {user}
62597,2026-01-14,13:02:42,INFO,AuthService,User u1367 login successful,E101,User {user} login successful
62598,2026-01-14,13:48:43,INFO,WebServer,User u4521 login successful,E101,User {user} login successful
62599,2026-01-14,13:45:27,INFO,WebServer,Health check passed: WebServer,E102,Health check passed: {service}
62600,2026-01-14,13:18:46,INFO,WebServer,Page view: /home by u1270,E103,Page view: {page} by {user}
62601,2026-01-14,13:04:16,INFO,WebServer,User u3139 login successful,E101,User {user} login successful
62602,2026-01-14,13:24:14,INFO,AuthService,Page view: /home by u1846,E103,Page view: {page} by {user}
62603,2026-01-14,13:55:39,INFO,AuthService,Transaction tx750921 completed in 570ms,E104,Transaction {tx} completed in {time}ms
62604,2026-01-14,13:18:31,INFO,PaymentGateway,User u3021 login successful,E101,User {user} login successful
62605,2026-01-14,13:34:14,INFO,OrderProcessor,Transaction tx495137 completed in 52ms,E104,Transaction {tx} completed in {time}ms
62606,2026-01-14,13:21:07,INFO,WebServer,Health check passed: WebServer,E102,Health check passed: {service}
62607,2026-01-14,13:33:36,INFO,WebServer,Health check passed: WebServer,E102,Health check passed: {service}
62608,2026-01-14,13:43:23,INFO,PaymentGateway,Page view: /home by u1455,E103,Page view: {page} by {user}
62609,2026-01-14,13:14:12,INFO,WebServer,Page view: /home by u1688,E103,Page view: {page} by {user}
62610,2026-01-14,13:45:53,INFO,InventoryDB,Transaction tx797859 completed in 229ms,E104,Transaction {tx} completed in {time}ms
62611,2026-01-14,13:50:18,INFO,WebServer,Page view: /home by u2258,E103,Page view: {page} by {user}
62612,2026-01-14,13:11:03,INFO,WebServer,Transaction tx999724 completed in 722ms,E104,Transaction {tx} completed in {time}ms
62613,2026-01-14,13:37:57,INFO,WebServer,Transaction tx469590 completed in 368ms,E104,Transaction {tx} completed in {time}ms
62614,2026-01-14,13:59:08,INFO,WebServer,Page view: /home by u1617,E103,Page view: {page} by {user}
62615,2026-01-14,13:57:56,INFO,WebServer,Transaction tx380518 completed in 1538ms,E104,Transaction {tx} completed in {time}ms
62616,2026-01-14,13:17:29,INFO,WebServer,User u1432 login successful,E101,User {user} login successful
62617,2026-01-14,13:15:55,INFO,AuthService,Transaction tx906659 completed in 1180ms,E104,Transaction {tx} completed in {time}ms
62618,2026-01-14,13:21:18,INFO,WebServer,Transaction tx489242 completed in 1217ms,E104,Transaction {tx} completed in {time}ms
62619,2026-01-14,13:14:28,INFO,WebServer,User u3783 login successful,E101,User {user} login successful
62620,2026-01-14,13:42:44,INFO,WebServer,Transaction tx525120 completed in 546ms,E104,Transaction {tx} completed in {time}ms
62621,2026-01-14,13:59:02,INFO,OrderProcessor,Transaction tx322797 completed in 521ms,E104,Transaction {tx} completed in {time}ms
62622,2026-01-14,13:38:24,INFO,PaymentGateway,Page view: /home by u2848,E103,Page view: {page} by {user}
62623,2026-01-14,13:39:33,INFO,PaymentGateway,Health check passed: PaymentGateway,E102,Health check passed: {service}
62624,2026-01-14,13:57:45,INFO,WebServer,User u3320 login successful,E101,User {user} login successful
62625,2026-01-14,13:56:52,INFO,AuthService,Health check passed: AuthService,E102,Health check passed: {service}
62626,2026-01-14,13:36:30,INFO,WebServer,Transaction tx828327 completed in 1982ms,E104,Transaction {tx} completed in {time}ms
62627,2026-01-14,13:42:20,INFO,OrderProcessor,Page view: /home by u2401,E103,Page view: {page} by {user}
62628,2026-01-14,13:56:58,INFO,WebServer,Transaction tx980970 completed in 253ms,E104,Transaction {tx} completed in {time}ms
62629,2026-01-14,13:42:46,INFO,InventoryDB,Page view: /home by u1658,E103,Page view: {page} by {user}
62630,2026-01-14,13:50:42,INFO,WebServer,Transaction tx716705 completed in 2000ms,E104,Transaction {tx} completed in {time}ms
62631,2026-01-14,13:59:14,INFO,OrderProcessor,User u2734 login successful,E101,User {user} login successful
62632,2026-01-14,13:47:34,INFO,PaymentGateway,User u1255 login successful,E101,User {user} login successful
62633,2026-01-14,13:14:18,INFO,InventoryDB,Health check passed: InventoryDB,E102,Health check passed: {service}
62634,2026-01-14,13:04:48,WARN,PaymentGateway,High latency (718ms) detected on PaymentGateway,E201,High latency ({time}ms) detected on {service}
62635,2026-01-14,13:21:50,INFO,AuthService,User u2676 login successful,E101,User {user} login successful
62636,2026-01-14,13:39:52,INFO,AuthService,Page view: /home by u1087,E103,Page view: {page} by {user}
62637,2026-01-14,13:18:38,INFO,OrderProcessor,User u4144 login successful,E101,User {user} login successful
62638,2026-01-14,13:29:54,INFO,PaymentGateway,Health check passed: PaymentGateway,E102,Health check passed: {service}
62639,2026-01-14,13:25:32,INFO,OrderProcessor,Page view: /home by u1426,E103,Page view: {page} by {user}
62640,2026-01-14,13:00:46,INFO,AuthService,Transaction tx434307 completed in 636ms,E104,Transaction {tx} completed in {time}ms
62641,2026-01-14,13:13:24,INFO,WebServer,User u3933 login successful,E101,User {user} login successful
62642,2026-01-14,13:30:55,INFO,WebServer,Page view: /home by u2032,E103,Page view: {page} by {user}
62643,2026-01-14,13:41:24,INFO,WebServer,Page view: /home by u2510,E103,Page view: {page} by {user}
62644,2026-01-14,13:49:14,INFO,OrderProcessor,Health check passed: OrderProcessor,E102,Health check passed: {service}
62645,2026-01-14,13:43:40,INFO,WebServer,Health check passed: WebServer,E102,Health check passed: {service}
62646,2026-01-14,13:48:29,INFO,PaymentGateway,Page view: /home by u3836,E103,Page view: {page} by {user}
62647,2026-01-14,13:16:06,INFO,WebServer,User u3076 login successful,E101,User {user} login successful
62648,2026-01-14,13:22:07,INFO,WebServer,Transaction tx169647 completed in 1370ms,E104,Transaction {tx} completed in {time}ms
62649,2026-01-14,13:48:02,INFO,AuthService,User u2513 login successful,E101,User {user} login successful
62650,2026-01-14,13:01:04,INFO,WebServer,Transaction tx333512 completed in 1101ms,E104,Transaction {tx} completed in {time}ms
62651,2026-01-14,13:48:25,CRITICAL,OrderProcessor,DATA CORRUPTION detected in sector 374,E602,DATA CORRUPTION detected in sector {sector}
62652,2026-01-14,13:59:57,INFO,WebServer,Transaction tx584644 completed in 350ms,E104,Transaction {tx} completed in {time}ms
62653,2026-01-14,13:21:52,INFO,OrderProcessor,Health check passed: OrderProcessor,E102,Health check passed: {service}
62654,2026-01-14,13:50:12,INFO,OrderProcessor,Page view: /home by u3979,E103,Page view: {page} by {user}
62655,2026-01-14,13:37:48,INFO,WebServer,Page view: /home by u1844,E103,Page view: {page} by {user}
62656,2026-01-14,13:02:22,INFO,AuthService,Page view: /home by u1348,E103,Page view: {page} by {user}
62657,2026-01-14,13:51:11,INFO,WebServer,User u3484 login successful,E101,User {user} login successful
62658,2026-01-14,13:36:20,INFO,PaymentGateway,User u4245 login successful,E101,User {user} login successful
62659,2026-01-14,13:28:44,INFO,PaymentGateway,Transaction tx612245 completed in 333ms,E104,Transaction {tx} completed in {time}ms
62660,2026-01-14,13:18:50,INFO,WebServer,User u2348 login successful,E101,User {user} login successful
62661,2026-01-14,13:02:25,INFO,AuthService,User u1321 login successful,E101,User {user} login successful
62662,2026-01-14,13:08:18,INFO,AuthService,Page view: /home by u3850,E103,Page view: {page} by {user}
62663,2026-01-14,13:41:33,INFO,WebServer,User u3911 login successful,E101,User {user} login successful
62664,2026-01-14,13:27:04,INFO,AuthService,Health check passed: AuthService,E102,Health check passed: {service}
62665,2026-01-14,13:38:16,INFO,WebServer,Transaction tx673721 completed in 1123ms,E104,Transaction {tx} completed in {time}ms
62666,2026-01-14,13:01:54,INFO,InventoryDB,Transaction tx565593 completed in 1556ms,E104,Transaction {tx} completed in {time}ms
62667,2026-01-14,13:33:32,INFO,OrderProcessor,Health check passed: OrderProcessor,E102,Health check passed: {service}
62668,2026-01-14,13:57:45,INFO,WebServer,Transaction tx622490 completed in 1771ms,E104,Transaction {tx} completed in {time}ms
62669,2026-01-14,13:07:50,INFO,AuthService,User u1034 login successful,E101,User {user} login successful
62670,2026-01-14,13:13:25,INFO,WebServer,Transaction tx374645 completed in 1588ms,E104,Transaction {tx} completed in {time}ms
62671,2026-01-14,13:53:28,INFO,WebServer,Transaction tx922795 completed in 1219ms,E104,Transaction {tx} completed in {time}ms
62672,2026-01-14,13:25:56,INFO,AuthService,Page view: /home by u3673,E103,Page view: {page} by {user}
62673,2026-01-14,13:03:26,WARN,WebServer,Unauthorized access attempt from 10.0.0.12,E401,Unauthorized access attempt from {ip}
62674,2026-01-14,13:38:19,INFO,PaymentGateway,User u2716 login successful,E101,User {user} login successful
62675,2026-01-14,13:18:28,INFO,AuthService,Page view: /home by u2201,E103,Page view: {page} by {user}
62676,2026-01-14,13:24:44,INFO,PaymentGateway,Page view: /home by u4970,E103,Page view: {page} by {user}
62677,2026-01-14,13:42:28,INFO,PaymentGateway,User u4072 login successful,E101,User {user} login successful
62678,2026-01-14,13:38:55,INFO,AuthService,Health check passed: AuthService,E102,Health check passed: {service}
62679,2026-01-14,13:48:24,INFO,AuthService,Health check passed: AuthService,E102,Health check passed: {service}
62680,2026-01-14,13:57:25,INFO,WebServer,Transaction tx725776 completed in 133ms,E104,Transaction {tx} completed in {time}ms
62681,2026-01-14,13:22:54,INFO,AuthService,Page view: /home by u2668,E103,Page view: {page} by {user}
62682,2026-01-14,13:29:38,INFO,WebServer,Health check passed: WebServer,E102,Health check passed: {service}
62683,2026-01-14,13:44:08,INFO,OrderProcessor,Transaction tx704413 completed in 1135ms,E104,Transaction {tx} completed in {time}ms
62684,2026-01-14,13:05:11,INFO,WebServer,Page view: /home by u1660,E103,Page view: {page} by {user}
62685,2026-01-14,13:37:26,INFO,OrderProcessor,Transaction tx320274 completed in 891ms,E104,Transaction {tx} completed in {time}ms
62686,2026-01-14,13:29:59,INFO,OrderProcessor,Transaction tx166002 completed in 782ms,E104,Transaction {tx} completed in {time}ms
62687,2026-01-14,13:50:46,WARN,PaymentGateway,Disk usage > 85% on node node-2,E202,Disk usage > 85% on node {node}
62688,2026-01-14,13:38:32,WARN,WebServer,High latency (1269ms) detected on WebServer,E201,High latency ({time}ms) detected on {service}
62689,2026-01-14,13:34:52,INFO,PaymentGateway,Transaction tx379696 completed in 1457ms,E104,Transaction {tx} completed in {time}ms
62690,2026-01-14,13:55:37,INFO,AuthService,Health check passed: AuthService,E102,Health check passed: {service}
62691,2026-01-14,13:00:13,INFO,WebServer,Transaction tx190781 completed in 949ms,E104,Transaction {tx} completed in {time}ms
62692,2026-01-14,13:41:32,WARN,WebServer,Unauthorized access attempt from 10.0.0.10,E401,Unauthorized access attempt from {ip}
62693,2026-01-14,13:41:24,INFO,WebServer,Transaction tx787160 completed in 71ms,E104,Transaction {tx} completed in {time}ms
62694,2026-01-14,13:51:03,INFO,WebServer,Page view: /home by u2906,E103,Page view: {page} by {user}
62695,2026-01-14,13:48:01,INFO,WebServer,Transaction tx567195 completed in 486ms,E104,Transaction {tx} completed in {time}ms
62696,2026-01-14,13:16:40,INFO,PaymentGateway,Transaction tx528293 completed in 932ms,E104,Transaction {tx} completed in {time}ms
62697,2026-01-14,13:46:50,INFO,PaymentGateway,Transaction tx445761 completed in 1571ms,E104,Transaction {tx} completed in {time}ms
62698,2026-01-14,13:09:54,INFO,AuthService,User u2208 login successful,E101,User {user} login successful
62699,2026-01-14,13:31:25,INFO,WebServer,Transaction tx312597 completed in 63ms,E104,Transaction {tx} completed in {time}ms
62700,2026-01-14,13:42:07,INFO,AuthService,Page view: /home by u2764,E103,Page view: {page} by {user}
62701,2026-01-14,13:56:50,INFO,AuthService,Page view: /home by u4305,E103,Page view: {page} by {user}
62702,2026-01-14,13:02:59,INFO,AuthService,User u4400 login successful,E101,User {user} login successful
62703,2026-01-14,13:25:36,INFO,WebServer,Transaction tx664227 completed in 1989ms,E104,Transaction {tx} completed in {time}ms
62704,2026-01-14,13:25:40,INFO,WebServer,Page view: /home by u3464,E103,Page view: {page} by {user}
62705,2026-01-14,13:07:08,INFO,WebServer,Transaction tx951853 completed in 521ms,E104,Transaction {tx} completed in {time}ms
62706,2026-01-14,13:51:57,INFO,WebServer,User u2606 login successful,E101,User {user} login successful
62707,2026-01-14,13:10:28,INFO,WebServer,User u4100 login successful,E101,User {user} login successful
62708,2026-01-14,13:07:03,INFO,WebServer,Health check passed: WebServer,E102,Health check passed: {service}
62709,2026-01-14,13:51:03,INFO,PaymentGateway,Page view: /home by u3738,E103,Page view: {page} by {user}
62710,2026-01-14,13:35:24,INFO,AuthService,User u2521 login successful,E101,User {user} login successful
62711,2026-01-14,13:35:45,INFO,WebServer,Transaction tx802361 completed in 1650ms,E104,Transaction {tx} completed in {time}ms
62712,2026-01-14,13:40:09,INFO,WebServer,Health check passed: WebServer,E102,Health check passed: {service}
62713,2026-01-14,13:07:30,INFO,WebServer,Page view: /home by u4526,E103,Page view: {page} by {user}
62714,2026-01-14,13:46:14,INFO,WebServer,Health check passed: WebServer,E102,Health check passed: {service}
62715,2026-01-14,13:34:05,INFO,WebServer,Transaction tx377179 completed in 534ms,E104,Transaction {tx} completed in {time}ms
62716,2026-01-14,13:50:07,INFO,WebServer,User u2522 login successful,E101,User {user} login successful
62717,2026-01-14,13:47:47,INFO,OrderProcessor,User u2318 login successful,E101,User {user} login successful
62718,2026-01-14,13:26:41,INFO,WebServer,Page view: /home by u4961,E103,Page view: {page} by {user}
62719,2026-01-14,13:57:20,INFO,WebServer,User u4037 login successful,E101,User {user} login successful
62720,2026-01-14,13:23:21,INFO,WebServer,User u4772 login successful,E101,User {user} login successful
62721,2026-01-14,13:28:22,INFO,WebServer,Transaction tx240890 completed in 1001ms,E104,Transaction {tx} completed in {time}ms
62722,2026-01-14,13:53:13,INFO,WebServer,Transaction tx831142 completed in 1338ms,E104,Transaction {tx} completed in {time}ms
62723,2026-01-14,13:44:37,INFO,OrderProcessor,Health check passed: OrderProcessor,E102,Health check passed: {service}
62724,2026-01-14,13:59:41,INFO,WebServer,User u1899 login successful,E101,User {user} login successful
62725,2026-01-14,13:25:50,WARN,AuthService,High latency (776ms) detected on AuthService,E201,High latency ({time}ms) detected on {service}
62726,2026-01-14,13:04:10,INFO,WebServer,Transaction tx739667 completed in 101ms,E104,Transaction {tx} completed in {time}ms
62727,2026-01-14,13:28:10,INFO,WebServer,Page view: /home by u3624,E103,Page view: {page} by {user}
62728,2026-01-14,13:06:46,INFO,WebServer,Health check passed: WebServer,E102,Health check passed: {service}
62729,2026-01-14,13:53:30,INFO,OrderProcessor,User u2922 login successful,E101,User {user} login successful
62730,2026-01-14,13:30:47,INFO,WebServer,Page view: /home by u4260,E103,Page view: {page} by {user}
62731,2026-01-14,13:21:53,INFO,AuthService,Transaction tx318901 completed in 1983ms,E104,Transaction {tx} completed in {time}ms
62732,2026-01-14,13:40:26,INFO,WebServer,Health check passed: WebServer,E102,Health check passed: {service}
62733,2026-01-14,13:33:27,INFO,AuthService,Health check passed: AuthService,E102,Health check passed: {service}
62734,2026-01-14,13:55:51,INFO,PaymentGateway,User u2759 login successful,E101,User {user} login successful
62735,2026-01-14,13:56:28,INFO,WebServer,Health check passed: WebServer,E102,Health check passed: {service}
62736,2026-01-14,13:24:17,INFO,WebServer,User u3080 login successful,E101,User {user} login successful
62737,2026-01-14,13:12:13,INFO,WebServer,User u3276 login successful,E101,User {user} login successful
62738,2026-01-14,13:07:08,INFO,WebServer,Transaction tx691964 completed in 1963ms,E104,Transaction {tx} completed in {time}ms
62739,2026-01-14,13:13:22,INFO,WebServer,Transaction tx289292 completed in 1297ms,E104,Transaction {tx} completed in {time}ms
62740,2026-01-14,13:51:54,INFO,OrderProcessor,User u2593 login successful,E101,User {user} login successful
62741,2026-01-14,13:34:59,INFO,WebServer,User u2558 login successful,E101,User {user} login successful
62742,2026-01-14,13:06:27,INFO,WebServer,Transaction tx441936 completed in 1145ms,E104,Transaction {tx} completed in {time}ms
62743,2026-01-14,13:45:41,INFO,WebServer,Page view: /home by u3411,E103,Page view: {page} by {user}
62744,2026-01-14,13:20:46,WARN,WebServer,Disk usage > 85% on node node-3,E202,Disk usage > 85% on node {node}
62745,2026-01-14,13:20:32,INFO,AuthService,Transaction tx775928 completed in 190ms,E104,Transaction {tx} completed in {time}ms
62746,2026-01-14,13:37:51,INFO,InventoryDB,Health check passed: InventoryDB,E102,Health check passed: {service}
62747,2026-01-14,13:20:41,INFO,AuthService,Health check passed: AuthService,E102,Health check passed: {service}
62748,2026-01-14,13:18:16,INFO,OrderProcessor,Transaction tx648754 completed in 986ms,E104,Transaction {tx} completed in {time}ms
62749,2026-01-14,13:26:30,INFO,WebServer,Transaction tx262173 completed in 145ms,E104,Transaction {tx} completed in {time}ms
62750,2026-01-14,13:08:55,INFO,WebServer,User u2059 login successful,E101,User {user} login successful
62751,2026-01-14,13:36:44,INFO,WebServer,Transaction tx483311 completed in 1915ms,E104,Transaction {tx} completed in {time}ms
62752,2026-01-14,13:40:11,INFO,WebServer,Transaction tx133697 completed in 1692ms,E104,Transaction {tx} completed in {time}ms
62753,2026-01-14,13:58:23,INFO,OrderProcessor,User u1816 login successful,E101,User {user} login successful
62754,2026-01-14,13:27:56,INFO,AuthService,User u2014 login successful,E101,User {user} login successful
62755,2026-01-14,13:00:17,INFO,WebServer,Health check passed: WebServer,E102,Health check passed: {service}
62756,2026-01-14,13:38:58,INFO,InventoryDB,Transaction tx775295 completed in 1123ms,E104,Transaction {tx} completed in {time}ms
62757,2026-01-14,13:48:14,INFO,OrderProcessor,User u3159 login successful,E101,User {user} login successful
62758,2026-01-14,13:15:52,INFO,AuthService,Transaction tx678253 completed in 1972ms,E104,Transaction {tx} completed in {time}ms
62759,2026-01-14,13:49:49,INFO,WebServer,Health check passed: WebServer,E102,Health check passed: {service}
62760,2026-01-14,13:10:52,INFO,AuthService,User u1927 login successful,E101,User {user} login successful
62761,2026-01-14,13:04:30,INFO,InventoryDB,User u3050 login successful,E101,User {user} login successful
62762,2026-01-14,13:10:30,INFO,WebServer,Health check passed: WebServer,E102,Health check passed: {service}
62763,2026-01-14,13:35:05,INFO,AuthService,Page view: /home by u4721,E103,Page view: {page} by {user}
62764,2026-01-14,13:55:11,INFO,WebServer,Transaction tx901068 completed in 1694ms,E104,Transaction {tx} completed in {time}ms
62765,2026-01-14,13:09:02,INFO,PaymentGateway,Transaction tx789536 completed in 1407ms,E104,Transaction {tx} completed in {time}ms
62766,2026-01-14,13:30:29,INFO,WebServer,Health check passed: WebServer,E102,Health check passed: {service}
62767,2026-01-14,13:07:44,INFO,WebServer,Health check passed: WebServer,E102,Health check passed: {service}
62768,2026-01-14,13:01:10,INFO,WebServer,User u4277 login successful,E101,User {user} login successful
62769,2026-01-14,13:05:00,INFO,PaymentGateway,User u2380 login successful,E101,User {user} login successful
62770,2026-01-14,13:15:09,INFO,WebServer,User u4811 login successful,E101,User {user} login successful
62771,2026-01-14,13:40:03,INFO,WebServer,User u4606 login successful,E101,User {user} login successful
62772,2026-01-14,13:31:33,INFO,AuthService,User u1428 login successful,E101,User {user} login successful
62773,2026-01-14,13:04:14,INFO,WebServer,Transaction tx637674 completed in 1008ms,E104,Transaction {tx} completed in {time}ms
62774,2026-01-14,13:53:10,INFO,OrderProcessor,Transaction tx715540 completed in 484ms,E104,Transaction {tx} completed in {time}ms
62775,2026-01-14,13:03:27,INFO,AuthService,User u2150 login successful,E101,User {user} login successful
62776,2026-01-14,13:58:45,INFO,AuthService,User u2718 login successful,E101,User {user} login successful
62777,2026-01-14,13:56:18,INFO,InventoryDB,Health check passed: InventoryDB,E102,Health check passed: {service}
62778,2026-01-14,13:49:57,INFO,WebServer,Transaction tx325477 completed in 496ms,E104,Transaction {tx} completed in {time}ms
62779,2026-01-14,13:46:37,INFO,OrderProcessor,User u1549 login successful,E101,User {user} login successful
62780,2026-01-14,13:48:26,INFO,PaymentGateway,Health check passed: PaymentGateway,E102,Health check passed: {service}
62781,2026-01-14,13:13:28,INFO,PaymentGateway,Page view: /home by u1457,E103,Page view: {page} by {user}
62782,2026-01-14,13:50:24,INFO,WebServer,Page view: /home by u1548,E103,Page view: {page} by {user}
62783,2026-01-14,13:39:01,INFO,WebServer,User u4989 login successful,E101,User {user} login successful
62784,2026-01-14,13:07:11,WARN,WebServer,Disk usage > 85% on node node-3,E202,Disk usage > 85% on node {node}
62785,2026-01-14,13:41:58,INFO,WebServer,User u4254 login successful,E101,User {user} login successful
62786,2026-01-14,13:32:54,INFO,OrderProcessor,Health check passed: OrderProcessor,E102,Health check passed: {service}
62787,2026-01-14,13:33:21,INFO,WebServer,User u2872 login successful,E101,User {user} login successful
62788,2026-01-14,13:02:26,WARN,AuthService,Unauthorized access attempt from 10.0.0.88,E401,Unauthorized access attempt from {ip}
62789,2026-01-14,13:21:41,INFO,AuthService,Page view: /home by u3545,E103,Page view: {page} by {user}
62790,2026-01-14,13:07:45,INFO,WebServer,Transaction tx181758 completed in 1839ms,E104,Transaction {tx} completed in {time}ms
62791,2026-01-14,13:44:48,INFO,OrderProcessor,Transaction tx555874 completed in 991ms,E104,Transaction {tx} completed in {time}ms
62792,2026-01-14,13:47:27,INFO,WebServer,User u4885 login successful,E101,User {user} login successful
62793,2026-01-14,13:21:25,INFO,PaymentGateway,Health check passed: PaymentGateway,E102,Health check passed: {service}
62794,2026-01-14,13:26:41,WARN,WebServer,Disk usage > 85% on node node-2,E202,Disk usage > 85% on node {node}
62795,2026-01-14,13:42:47,INFO,WebServer,Page view: /home by u1462,E103,Page view: {page} by {user}
62796,2026-01-14,13:07:49,INFO,WebServer,Transaction tx685763 completed in 1525ms,E104,Transaction {tx} completed in {time}ms
62797,2026-01-14,13:27:26,INFO,AuthService,Health check passed: AuthService,E102,Health check passed: {service}
62798,2026-01-14,13:48:57,INFO,PaymentGateway,Health check passed: PaymentGateway,E102,Health check passed: {service}
62799,2026-01-14,13:36:15,INFO,WebServer,User u2949 login successful,E101,User {user} login successful
62800,2026-01-14,13:13:00,INFO,WebServer,Page view: /home by u2274,E103,Page view: {page} by {user}
62801,2026-01-14,13:36:32,INFO,PaymentGateway,User u4919 login successful,E101,User {user} login successful
62802,2026-01-14,13:07:25,INFO,WebServer,Page view: /home by u4585,E103,Page view: {page} by {user}
62803,2026-01-14,13:34:06,INFO,InventoryDB,Transaction tx864999 completed in 1663ms,E104,Transaction {tx} completed in {time}ms
62804,2026-01-14,13:45:30,INFO,OrderProcessor,Health check passed: OrderProcessor,E102,Health check passed: {service}
62805,2026-01-14,13:30:14,INFO,AuthService,User u2817 login successful,E101,User {user} login successful
62806,2026-01-14,13:49:07,INFO,AuthService,Health check passed: AuthService,E102,Health check passed: {service}
62807,2026-01-14,13:30:13,INFO,WebServer,Page view: /home by u2011,E103,Page view: {page} by {user}
62808,2026-01-14,13:32:52,WARN,WebServer,Unauthorized access attempt from 10.0.0.88,E401,Unauthorized access attempt from {ip}
62809,2026-01-14,13:00:24,INFO,PaymentGateway,Transaction tx615970 completed in 575ms,E104,Transaction {tx} completed in {time}ms
62810,2026-01-14,13:57:56,INFO,WebServer,Page view: /home by u3212,E103,Page view: {page} by {user}
62811,2026-01-14,13:56:25,INFO,OrderProcessor,User u2586 login successful,E101,User {user} login successful
62812,2026-01-14,13:18:17,INFO,WebServer,Transaction tx453446 completed in 1996ms,E104,Transaction {tx} completed in {time}ms
62813,2026-01-14,13:17:51,INFO,InventoryDB,Health check passed: InventoryDB,E102,Health check passed: {service}
62814,2026-01-14,13:06:38,INFO,WebServer,Transaction tx590184 completed in 1985ms,E104,Transaction {tx} completed in {time}ms
62815,2026-01-14,13:57:59,INFO,OrderProcessor,User u2329 login successful,E101,User {user} login successful
62816,2026-01-14,13:31:05,INFO,OrderProcessor,User u1365 login successful,E101,User {user} login successful
62817,2026-01-14,13:35:10,INFO,AuthService,Transaction tx359805 completed in 402ms,E104,Transaction {tx} completed in {time}ms
62818,2026-01-14,13:07:38,INFO,OrderProcessor,Transaction tx296583 completed in 161ms,E104,Transaction {tx} completed in {time}ms
62819,2026-01-14,13:28:27,WARN,AuthService,Unauthorized access attempt from 10.0.0.45,E401,Unauthorized access attempt from {ip}
62820,2026-01-14,13:10:08,INFO,OrderProcessor,Transaction tx222785 completed in 583ms,E104,Transaction {tx} completed in {time}ms
62821,2026-01-14,13:37:55,INFO,OrderProcessor,Health check passed: OrderProcessor,E102,Health check passed: {service}
62822,2026-01-14,13:47:57,INFO,PaymentGateway,Page view: /home by u4333,E103,Page view: {page} by {user}
62823,2026-01-14,13:33:47,INFO,WebServer,Page view: /home by u3911,E103,Page view: {page} by {user}
62824,2026-01-14,13:35:58,INFO,OrderProcessor,Transaction tx630810 completed in 1220ms,E104,Transaction {tx} completed in {time}ms
62825,2026-01-14,13:39:01,INFO,WebServer,Transaction tx670348 completed in 1364ms,E104,Transaction {tx} completed in {time}ms
62826,2026-01-14,13:59:36,INFO,PaymentGateway,Transaction tx494966 completed in 92ms,E104,Transaction {tx} completed in {time}ms
62827,2026-01-14,13:37:39,INFO,InventoryDB,User u1260 login successful,E101,User {user} login successful
62828,2026-01-14,13:18:39,INFO,OrderProcessor,User u4879 login successful,E101,User {user} login successful
62829,2026-01-14,13:44:21,INFO,WebServer,User u2233 login successful,E101,User {user} login successful
62830,2026-01-14,13:09:14,INFO,WebServer,Transaction tx252913 completed in 734ms,E104,Transaction {tx} completed in {time}ms
62831,2026-01-14,13:09:37,ERROR,WebServer,Payment declined: Gateway unavailable,E503,Payment declined: Gateway unavailable
62832,2026-01-14,13:47:15,INFO,WebServer,User u2838 login successful,E101,User {user} login successful
62833,2026-01-14,13:29:26,INFO,PaymentGateway,User u4321 login successful,E101,User {user} login successful
62834,2026-01-14,13:48:17,INFO,AuthService,Health check passed: AuthService,E102,Health check passed: {service}
62835,2026-01-14,13:14:39,INFO,AuthService,User u2455 login successful,E101,User {user} login successful
62836,2026-01-14,13:31:26,INFO,InventoryDB,Health check passed: InventoryDB,E102,Health check passed: {service}
62837,2026-01-14,13:54:43,WARN,WebServer,High latency (1022ms) detected on WebServer,E201,High latency ({time}ms) detected on {service}
62838,2026-01-14,13:10:40,INFO,AuthService,User u4431 login successful,E101,User {user} login successful
62839,2026-01-14,13:20:51,INFO,WebServer,Health check passed: WebServer,E102,Health check passed: {service}
62840,2026-01-14,13:53:36,INFO,WebServer,Health check passed: WebServer,E102,Health check passed: {service}
62841,2026-01-14,13:28:31,INFO,WebServer,User u4077 login successful,E101,User {user} login successful
62842,2026-01-14,13:05:03,INFO,WebServer,User u2660 login successful,E101,User {user} login successful
62843,2026-01-14,13:19:21,INFO,WebServer,User u4354 login successful,E101,User {user} login successful
62844,2026-01-14,13:11:43,INFO,OrderProcessor,User u2949 login successful,E101,User {user} login successful
62845,2026-01-14,13:57:10,INFO,OrderProcessor,Health check passed: OrderProcessor,E102,Health check passed: {service}
62846,2026-01-14,13:32:55,WARN,WebServer,Unauthorized access attempt from 10.0.0.99,E401,Unauthorized access attempt from {ip}
62847,2026-01-14,13:49:59,INFO,WebServer,User u3146 login successful,E101,User {user} login successful
62848,2026-01-14,13:43:24,INFO,WebServer,User u3403 login successful,E101,User {user} login successful
62849,2026-01-14,13:28:31,INFO,WebServer,Health check passed: WebServer,E102,Health check passed: {service}
62850,2026-01-14,13:52:57,INFO,WebServer,Health check passed: WebServer,E102,Health check passed: {service}
62851,2026-01-14,13:50:39,INFO,WebServer,User u4233 login successful,E101,User {user} login successful
62852,2026-01-14,13:54:43,INFO,OrderProcessor,User u4124 login successful,E101,User {user} login successful
62853,2026-01-14,13:39:30,INFO,OrderProcessor,Page view: /home by u4281,E103,Page view: {page} by {user}
62854,2026-01-14,13:13:56,INFO,PaymentGateway,User u1263 login successful,E101,User {user} login successful
62855,2026-01-14,13:54:41,INFO,WebServer,Health check passed: WebServer,E102,Health check passed: {service}
62856,2026-01-14,13:39:00,INFO,WebServer,Health check passed: WebServer,E102,Health check passed: {service}
62857,2026-01-14,13:27:22,INFO,WebServer,User u1560 login successful,E101,User {user} login successful
62858,2026-01-14,13:14:05,INFO,WebServer,Health check passed: WebServer,E102,Health check passed: {service}
62859,2026-01-14,13:32:31,INFO,WebServer,User u4376 login successful,E101,User {user} login successful
62860,2026-01-14,13:29:06,INFO,WebServer,Page view: /home by u1792,E103,Page view: {page} by {user}
62861,2026-01-14,13:41:39,INFO,WebServer,User u1976 login successful,E101,User {user} login successful
62862,2026-01-14,13:51:45,INFO,PaymentGateway,Transaction tx551744 completed in 719ms,E104,Transaction {tx} completed in {time}ms
62863,2026-01-14,13:04:43,INFO,AuthService,Transaction tx603331 completed in 954ms,E104,Transaction {tx} completed in {time}ms
62864,2026-01-14,13:56:15,INFO,WebServer,User u3588 login successful,E101,User {user} login successful
62865,2026-01-14,13:36:39,INFO,WebServer,Health check passed: WebServer,E102,Health check passed: {service}
62866,2026-01-14,13:29:28,INFO,WebServer,Health check passed: WebServer,E102,Health check passed: {service}
62867,2026-01-14,13:27:39,INFO,WebServer,Page view: /home by u3896,E103,Page view: {page} by {user}
62868,2026-01-14,13:07:06,INFO,OrderProcessor,Health check passed: OrderProcessor,E102,Health check passed: {service}
62869,2026-01-14,13:41:57,INFO,WebServer,User u1178 login successful,E101,User {user} login successful
62870,2026-01-14,13:34:04,INFO,WebServer,Health check passed: WebServer,E102,Health check passed: {service}
62871,2026-01-14,13:30:32,INFO,WebServer,Transaction tx913578 completed in 511ms,E104,Transaction {tx} completed in {time}ms
62872,2026-01-14,13:57:42,INFO,WebServer,User u1707 login successful,E101,User {user} login successful
62873,2026-01-14,13:26:00,INFO,OrderProcessor,User u4014 login successful,E101,User {user} login successful
62874,2026-01-14,13:52:38,INFO,InventoryDB,Transaction tx871736 completed in 1452ms,E104,Transaction {tx} completed in {time}ms
62875,2026-01-14,13:03:18,INFO,WebServer,Transaction tx310193 completed in 442ms,E104,Transaction {tx} completed in {time}ms
62876,2026-01-14,13:23:21,INFO,OrderProcessor,User u1159 login successful,E101,User {user} login successful
62877,2026-01-14,13:10:55,INFO,PaymentGateway,Transaction tx492446 completed in 1496ms,E104,Transaction {tx} completed in {time}ms
62878,2026-01-14,13:34:39,INFO,WebServer,Transaction tx492661 completed in 997ms,E104,Transaction {tx} completed in {time}ms
62879,2026-01-14,13:00:35,INFO,WebServer,Transaction tx897703 completed in 1404ms,E104,Transaction {tx} completed in {time}ms
62880,2026-01-14,13:13:54,INFO,OrderProcessor,Health check passed: OrderProcessor,E102,Health check passed: {service}
62881,2026-01-14,13:53:49,INFO,OrderProcessor,Health check passed: OrderProcessor,E102,Health check passed: {service}
62882,2026-01-14,13:39:06,INFO,WebServer,Health check passed: WebServer,E102,Health check passed: {service}
62883,2026-01-14,13:17:47,INFO,WebServer,Transaction tx912838 completed in 1731ms,E104,Transaction {tx} completed in {time}ms
62884,2026-01-14,13:17:55,INFO,OrderProcessor,Transaction tx744193 completed in 432ms,E104,Transaction {tx} completed in {time}ms
62885,2026-01-14,13:28:26,INFO,OrderProcessor,User u2696 login successful,E101,User {user} login successful
62886,2026-01-14,13:28:16,WARN,PaymentGateway,Disk usage > 85% on node node-3,E202,Disk usage > 85% on node {node}
62887,2026-01-14,13:07:18,INFO,OrderProcessor,User u3126 login successful,E101,User {user} login successful
62888,2026-01-14,13:16:22,INFO,OrderProcessor,Page view: /home by u2918,E103,Page view: {page} by {user}
62889,2026-01-14,13:51:16,INFO,WebServer,Page view: /home by u3526,E103,Page view: {page} by {user}
62890,2026-01-14,13:20:23,INFO,AuthService,Page view: /home by u4057,E103,Page view: {page} by {user}
62891,2026-01-14,13:16:25,INFO,WebServer,Transaction tx115508 completed in 1603ms,E104,Transaction {tx} completed in {time}ms
62892,2026-01-14,13:56:34,INFO,WebServer,Health check passed: WebServer,E102,Health check passed: {service}
62893,2026-01-14,13:54:12,INFO,AuthService,User u2108 login successful,E101,User {user} login successful
62894,2026-01-14,13:30:40,INFO,WebServer,User u4353 login successful,E101,User {user} login successful
62895,2026-01-14,13:11:31,ERROR,AuthService,Connection refused to AuthService at 10.0.0.45,E501,Connection refused to {service} at {ip}
62896,2026-01-14,13:05:51,INFO,WebServer,Transaction tx638190 completed in 1081ms,E104,Transaction {tx} completed in {time}ms
62897,2026-01-14,13:43:00,INFO,WebServer,Health check passed: WebServer,E102,Health check passed: {service}
62898,2026-01-14,13:35:54,INFO,WebServer,Health check passed: WebServer,E102,Health check passed: {service}
62899,2026-01-14,13:55:59,INFO,WebServer,User u2446 login successful,E101,User {user} login successful
62900,2026-01-14,13:35:43,WARN,WebServer,High latency (471ms) detected on WebServer,E201,High latency ({time}ms) detected on {service}
62901,2026-01-14,13:38:06,INFO,WebServer,Transaction tx712661 completed in 505ms,E104,Transaction {tx} completed in {time}ms
62902,2026-01-14,13:58:22,INFO,AuthService,Health check passed: AuthService,E102,Health check passed: {service}
62903,2026-01-14,13:28:47,INFO,WebServer,Transaction tx461746 completed in 484ms,E104,Transaction {tx} completed in {time}ms
62904,2026-01-14,13:58:59,WARN,WebServer,Disk usage > 85% on node node-2,E202,Disk usage > 85% on node {node}
62905,2026-01-14,13:35:23,INFO,WebServer,User u3457 login successful,E101,User {user} login successful
62906,2026-01-14,13:33:03,INFO,AuthService,Page view: /home by u2772,E103,Page view: {page} by {user}
62907,2026-01-14,13:03:30,INFO,WebServer,Transaction tx452605 completed in 582ms,E104,Transaction {tx} completed in {time}ms
62908,2026-01-14,13:32:41,INFO,OrderProcessor,Transaction tx536119 completed in 498ms,E104,Transaction {tx} completed in {time}ms
62909,2026-01-14,13:33:41,INFO,WebServer,Page view: /home by u4890,E103,Page view: {page} by {user}
62910,2026-01-14,13:13:37,INFO,WebServer,User u2283 login successful,E101,User {user} login successful
62911,2026-01-14,13:44:33,INFO,WebServer,Health check passed: WebServer,E102,Health check passed: {service}
62912,2026-01-14,13:20:53,INFO,AuthService,User u3203 login successful,E101,User {user} login successful
62913,2026-01-14,13:43:56,INFO,WebServer,Transaction tx555949 completed in 146ms,E104,Transaction {tx} completed in {time}ms
62914,2026-01-14,13:22:36,INFO,AuthService,Page view: /home by u1040,E103,Page view: {page} by {user}
62915,2026-01-14,13:43:22,INFO,WebServer,Page view: /home by u1451,E103,Page view: {page} by {user}
62916,2026-01-14,13:51:05,INFO,WebServer,Transaction tx813333 completed in 1082ms,E104,Transaction {tx} completed in {time}ms
62917,2026-01-14,13:59:56,INFO,WebServer,Page view: /home by u3292,E103,Page view: {page} by {user}
62918,2026-01-14,13:50:18,INFO,WebServer,User u2214 login successful,E101,User {user} login successful
62919,2026-01-14,13:27:17,INFO,WebServer,Transaction tx382456 completed in 659ms,E104,Transaction {tx} completed in {time}ms
62920,2026-01-14,13:29:20,INFO,WebServer,Health check passed: WebServer,E102,Health check passed: {service}
62921,2026-01-14,13:26:08,INFO,WebServer,Transaction tx833120 completed in 1664ms,E104,Transaction {tx} completed in {time}ms
62922,2026-01-14,13:17:25,INFO,WebServer,User u1838 login successful,E101,User {user} login successful
62923,2026-01-14,13:14:42,INFO,WebServer,User u3464 login successful,E101,User {user} login successful
62924,2026-01-14,13:23:07,WARN,PaymentGateway,High latency (1715ms) detected on PaymentGateway,E201,High latency ({time}ms) detected on {service}
62925,2026-01-14,13:15:19,INFO,OrderProcessor,User u2646 login successful,E101,User {user} login successful
62926,2026-01-14,13:50:52,INFO,OrderProcessor,Transaction tx558625 completed in 782ms,E104,Transaction {tx} completed in {time}ms
62927,2026-01-14,13:02:20,INFO,AuthService,Health check passed: AuthService,E102,Health check passed: {service}
62928,2026-01-14,13:20:52,INFO,AuthService,Transaction tx457274 completed in 669ms,E104,Transaction {tx} completed in {time}ms
62929,2026-01-14,13:17:30,INFO,WebServer,Transaction tx192872 completed in 1762ms,E104,Transaction {tx} completed in {time}ms
62930,2026-01-14,13:45:30,INFO,PaymentGateway,Health check passed: PaymentGateway,E102,Health check passed: {service}
62931,2026-01-14,13:00:32,INFO,WebServer,Health check passed: WebServer,E102,Health check passed: {service}
62932,2026-01-14,13:32:35,INFO,WebServer,Page view: /home by u3283,E103,Page view: {page} by {user}
62933,2026-01-14,13:45:41,INFO,WebServer,User u3892 login successful,E101,User {user} login successful
62934,2026-01-14,13:46:27,INFO,WebServer,Transaction tx619503 completed in 532ms,E104,Transaction {tx} completed in {time}ms
62935,2026-01-14,13:51:45,ERROR,OrderProcessor,Payment declined: Gateway unavailable,E503,Payment declined: Gateway unavailable
62936,2026-01-14,13:09:48,INFO,WebServer,Health check passed: WebServer,E102,Health check passed: {service}
62937,2026-01-14,14:34:17,INFO,InventoryDB,Health check passed: InventoryDB,E102,Health check passed: {service}
62938,2026-01-14,14:26:12,INFO,WebServer,Health check passed: WebServer,E102,Health check passed: {service}
62939,2026-01-14,14:34:54,WARN,WebServer,High latency (629ms) detected on WebServer,E201,High latency ({time}ms) detected on {service}
62940,2026-01-14,14:08:28,INFO,OrderProcessor,Transaction tx110462 completed in 880ms,E104,Transaction {tx} completed in {time}ms
62941,2026-01-14,14:49:12,INFO,WebServer,User u4589 login successful,E101,User {user} login successful
62942,2026-01-14,14:36:37,INFO,AuthService,Health check passed: AuthService,E102,Health check passed: {service}
62943,2026-01-14,14:35:35,INFO,WebServer,User u3206 login successful,E101,User {user} login successful
62944,2026-01-14,14:21:42,INFO,AuthService,Transaction tx226525 completed in 1593ms,E104,Transaction {tx} completed in {time}ms
62945,2026-01-14,14:41:13,INFO,AuthService,User u2957 login successful,E101,User {user} login successful
62946,2026-01-14,14:11:14,INFO,WebServer,Transaction tx310745 completed in 542ms,E104,Transaction {tx} completed in {time}ms
62947,2026-01-14,14:09:47,INFO,WebServer,Health check passed: WebServer,E102,Health check passed: {service}
62948,2026-01-14,14:06:35,INFO,AuthService,Health check passed: AuthService,E102,Health check passed: {service}
62949,2026-01-14,14:37:19,INFO,WebServer,User u4720 login successful,E101,User {user} login successful
62950,2026-01-14,14:04:16,INFO,AuthService,User u2247 login successful,E101,User {user} login successful
62951,2026-01-14,14:24:20,INFO,AuthService,Health check passed: AuthService,E102,Health check passed: {service}
62952,2026-01-14,14:52:02,INFO,OrderProcessor,User u1147 login successful,E101,User {user} login successful
62953,2026-01-14,14:29:33,INFO,WebServer,User u4521 login successful,E101,User {user} login successful
62954,2026-01-14,14:04:23,INFO,AuthService,Page view: /home by u3308,E103,Page view: {page} by {user}
62955,2026-01-14,14:22:37,INFO,WebServer,Health check passed: WebServer,E102,Health check passed: {service}
62956,2026-01-14,14:08:32,INFO,OrderProcessor,Transaction tx296776 completed in 486ms,E104,Transaction {tx} completed in {time}ms
62957,2026-01-14,14:31:07,INFO,WebServer,Page view: /home by u4401,E103,Page view: {page} by {user}
62958,2026-01-14,14:59:14,INFO,WebServer,Page view: /home by u1081,E103,Page view: {page} by {user}
62959,2026-01-14,14:52:19,INFO,WebServer,Health check passed: WebServer,E102,Health check passed: {service}
62960,2026-01-14,14:23:51,INFO,WebServer,Transaction tx469792 completed in 269ms,E104,Transaction {tx} completed in {time}ms
62961,2026-01-14,14:18:34,INFO,PaymentGateway,Health check passed: PaymentGateway,E102,Health check passed: {service}
62962,2026-01-14,14:16:04,INFO,WebServer,Page view: /home by u2442,E103,Page view: {page} by {user}
62963,2026-01-14,14:33:51,INFO,WebServer,Page view: /home by u1215,E103,Page view: {page} by {user}
62964,2026-01-14,14:39:32,INFO,WebServer,Transaction tx869754 completed in 76ms,E104,Transaction {tx} completed in {time}ms
62965,2026-01-14,14:19:19,INFO,AuthService,Health check passed: AuthService,E102,Health check passed: {service}
62966,2026-01-14,14:47:10,INFO,OrderProcessor,Page view: /home by u3596,E103,Page view: {page} by {user}
62967,2026-01-14,14:40:27,INFO,WebServer,Health check passed: WebServer,E102,Health check passed: {service}
62968,2026-01-14,14:10:21,INFO,OrderProcessor,Transaction tx473529 completed in 1669ms,E104,Transaction {tx} completed in {time}ms
62969,2026-01-14,14:33:48,WARN,WebServer,High latency (1155ms) detected on WebServer,E201,High latency ({time}ms) detected on {service}
62970,2026-01-14,14:38:55,INFO,OrderProcessor,Health check passed: OrderProcessor,E102,Health check passed: {service}
62971,2026-01-14,14:35:25,INFO,WebServer,Health check passed: WebServer,E102,Health check passed: {service}
62972,2026-01-14,14:23:53,INFO,OrderProcessor,User u1498 login successful,E101,User {user} login successful
62973,2026-01-14,14:46:27,INFO,AuthService,Transaction tx960821 completed in 1114ms,E104,Transaction {tx} completed in {time}ms
62974,2026-01-14,14:28:36,INFO,AuthService,Page view: /home by u3901,E103,Page view: {page} by {user}
62975,2026-01-14,14:51:11,INFO,InventoryDB,Transaction tx319580 completed in 754ms,E104,Transaction {tx} completed in {time}ms
62976,2026-01-14,14:45:26,INFO,OrderProcessor,User u3409 login successful,E101,User {user} login successful
62977,2026-01-14,14:12:04,INFO,InventoryDB,Transaction tx387600 completed in 703ms,E104,Transaction {tx} completed in {time}ms
62978,2026-01-14,14:14:53,INFO,WebServer,User u4088 login successful,E101,User {user} login successful
62979,2026-01-14,14:32:47,INFO,AuthService,Page view: /home by u1426,E103,Page view: {page} by {user}
62980,2026-01-14,14:29:03,INFO,AuthService,User u4949 login successful,E101,User {user} login successful
62981,2026-01-14,14:49:38,INFO,WebServer,Health check passed: WebServer,E102,Health check passed: {service}
62982,2026-01-14,14:28:41,INFO,WebServer,Transaction tx901929 completed in 1492ms,E104,Transaction {tx} completed in {time}ms
62983,2026-01-14,14:49:10,INFO,PaymentGateway,Transaction tx276265 completed in 1611ms,E104,Transaction {tx} completed in {time}ms
62984,2026-01-14,14:28:11,INFO,WebServer,Health check passed: WebServer,E102,Health check passed: {service}
62985,2026-01-14,14:24:03,INFO,WebServer,Page view: /home by u1234,E103,Page view: {page} by {user}
62986,2026-01-14,14:10:00,INFO,WebServer,User u1907 login successful,E101,User {user} login successful
62987,2026-01-14,14:43:19,INFO,OrderProcessor,User u3777 login successful,E101,User {user} login successful
62988,2026-01-14,14:48:49,INFO,WebServer,Transaction tx232188 completed in 83ms,E104,Transaction {tx} completed in {time}ms
62989,2026-01-14,14:00:27,INFO,WebServer,Transaction tx167501 completed in 622ms,E104,Transaction {tx} completed in {time}ms
62990,2026-01-14,14:51:04,INFO,WebServer,User u2841 login successful,E101,User {user} login successful
62991,2026-01-14,14:46:41,INFO,AuthService,User u1904 login successful,E101,User {user} login successful
62992,2026-01-14,14:16:44,INFO,WebServer,User u3037 login successful,E101,User {user} login successful
62993,2026-01-14,14:15:39,INFO,WebServer,User u4539 login successful,E101,User {user} login successful
62994,2026-01-14,14:59:44,INFO,OrderProcessor,User u3362 login successful,E101,User {user} login successful
62995,2026-01-14,14:24:26,INFO,PaymentGateway,Health check passed: PaymentGateway,E102,Health check passed: {service}
62996,2026-01-14,14:46:46,WARN,WebServer,High latency (955ms) detected on WebServer,E201,High latency ({time}ms) detected on {service}
62997,2026-01-14,14:58:12,INFO,WebServer,Transaction tx294880 completed in 1540ms,E104,Transaction {tx} completed in {time}ms
62998,2026-01-14,14:17:57,INFO,AuthService,User u4729 login successful,E101,User {user} login successful
62999,2026-01-14,14:46:15,INFO,PaymentGateway,Transaction tx539541 completed in 384ms,E104,Transaction {tx} completed in {time}ms
63000,2026-01-14,14:22:45,INFO,AuthService,User u2346 login successful,E101,User {user} login successful
63001,2026-01-14,14:11:29,INFO,WebServer,Transaction tx729363 completed in 1200ms,E104,Transaction {tx} completed in {time}ms
63002,2026-01-14,14:34:48,INFO,WebServer,Health check passed: WebServer,E102,Health check passed: {service}
63003,2026-01-14,14:08:11,INFO,OrderProcessor,Page view: /home by u4629,E103,Page view: {page} by {user}
63004,2026-01-14,14:38:44,INFO,WebServer,Transaction tx268345 completed in 713ms,E104,Transaction {tx} completed in {time}ms
63005,2026-01-14,14:07:48,WARN,WebServer,Disk usage > 85% on node node-4,E202,Disk usage > 85% on node {node}
63006,2026-01-14,14:05:10,INFO,PaymentGateway,Health check passed: PaymentGateway,E102,Health check passed: {service}
63007,2026-01-14,14:55:41,INFO,WebServer,Page view: /home by u1091,E103,Page view: {page} by {user}
63008,2026-01-14,14:55:49,WARN,WebServer,High latency (151ms) detected on WebServer,E201,High latency ({time}ms) detected on {service}
63009,2026-01-14,14:05:34,INFO,WebServer,User u3542 login successful,E101,User {user} login successful
63010,2026-01-14,14:01:02,INFO,AuthService,Health check passed: AuthService,E102,Health check passed: {service}
63011,2026-01-14,14:53:36,INFO,AuthService,Page view: /home by u3625,E103,Page view: {page} by {user}
63012,2026-01-14,14:04:12,INFO,WebServer,User u4791 login successful,E101,User {user} login successful
63013,2026-01-14,14:39:40,INFO,OrderProcessor,Page view: /home by u2146,E103,Page view: {page} by {user}
63014,2026-01-14,14:10:16,INFO,WebServer,Health check passed: WebServer,E102,Health check passed: {service}
63015,2026-01-14,14:33:56,INFO,WebServer,User u3461 login successful,E101,User {user} login successful
63016,2026-01-14,14:41:06,INFO,PaymentGateway,Health check passed: PaymentGateway,E102,Health check passed: {service}
63017,2026-01-14,14:53:31,INFO,PaymentGateway,User u1966 login successful,E101,User {user} login successful
63018,2026-01-14,14:43:35,INFO,PaymentGateway,Transaction tx153413 completed in 171ms,E104,Transaction {tx} completed in {time}ms
63019,2026-01-14,14:27:55,INFO,WebServer,Health check passed: WebServer,E102,Health check passed: {service}
63020,2026-01-14,14:46:06,WARN,PaymentGateway,Unauthorized access attempt from 10.0.0.45,E401,Unauthorized access attempt from {ip}
63021,2026-01-14,14:39:02,INFO,WebServer,User u3839 login successful,E101,User {user} login successful
63022,2026-01-14,14:43:27,INFO,WebServer,User u4625 login successful,E101,User {user} login successful
63023,2026-01-14,14:36:35,INFO,AuthService,User u2416 login successful,E101,User {user} login successful
63024,2026-01-14,14:31:06,INFO,WebServer,Health check passed: WebServer,E102,Health check passed: {service}
63025,2026-01-14,14:22:26,INFO,InventoryDB,Health check passed: InventoryDB,E102,Health check passed: {service}
63026,2026-01-14,14:12:28,INFO,AuthService,Transaction tx242918 completed in 68ms,E104,Transaction {tx} completed in {time}ms
63027,2026-01-14,14:01:12,INFO,WebServer,Health check passed: WebServer,E102,Health check passed: {service}
63028,2026-01-14,14:34:30,INFO,AuthService,User u3909 login successful,E101,User {user} login successful
63029,2026-01-14,14:27:27,INFO,WebServer,Health check passed: WebServer,E102,Health check passed: {service}
63030,2026-01-14,14:20:24,INFO,WebServer,Health check passed: WebServer,E102,Health check passed: {service}
63031,2026-01-14,14:30:58,INFO,WebServer,Health check passed: WebServer,E102,Health check passed: {service}
63032,2026-01-14,14:09:23,INFO,WebServer,User u3461 login successful,E101,User {user} login successful
63033,2026-01-14,14:12:25,WARN,PaymentGateway,Disk usage > 85% on node node-1,E202,Disk usage > 85% on node {node}
63034,2026-01-14,14:54:19,INFO,WebServer,Transaction tx649356 completed in 970ms,E104,Transaction {tx} completed in {time}ms
63035,2026-01-14,14:52:32,INFO,InventoryDB,User u4810 login successful,E101,User {user} login successful
63036,2026-01-14,14:21:42,INFO,AuthService,User u2046 login successful,E101,User {user} login successful
63037,2026-01-14,14:10:51,INFO,WebServer,User u1418 login successful,E101,User {user} login successful
63038,2026-01-14,14:31:10,INFO,WebServer,Page view: /home by u2034,E103,Page view: {page} by {user}
63039,2026-01-14,14:41:40,INFO,WebServer,Page view: /home by u4866,E103,Page view: {page} by {user}
63040,2026-01-14,14:49:14,INFO,WebServer,Page view: /home by u3305,E103,Page view: {page} by {user}
63041,2026-01-14,14:31:41,INFO,PaymentGateway,Health check passed: PaymentGateway,E102,Health check passed: {service}
63042,2026-01-14,14:00:07,INFO,WebServer,Transaction tx513585 completed in 458ms,E104,Transaction {tx} completed in {time}ms
63043,2026-01-14,14:25:44,INFO,WebServer,User u2174 login successful,E101,User {user} login successful
63044,2026-01-14,14:41:20,INFO,WebServer,Health check passed: WebServer,E102,Health check passed: {service}
63045,2026-01-14,14:36:53,INFO,PaymentGateway,Page view: /home by u2315,E103,Page view: {page} by {user}
63046,2026-01-14,14:04:10,INFO,WebServer,Health check passed: WebServer,E102,Health check passed: {service}
63047,2026-01-14,14:31:15,INFO,WebServer,Health check passed: WebServer,E102,Health check passed: {service}
63048,2026-01-14,14:21:52,INFO,OrderProcessor,Health check passed: OrderProcessor,E102,Health check passed: {service}
63049,2026-01-14,14:13:51,INFO,WebServer,User u3596 login successful,E101,User {user} login successful
63050,2026-01-14,14:47:29,INFO,PaymentGateway,User u4222 login successful,E101,User {user} login successful
63051,2026-01-14,14:22:41,INFO,AuthService,Transaction tx594086 completed in 1832ms,E104,Transaction {tx} completed in {time}ms
63052,2026-01-14,14:13:43,INFO,WebServer,User u1632 login successful,E101,User {user} login successful
63053,2026-01-14,14:01:13,INFO,WebServer,Transaction tx579028 completed in 1489ms,E104,Transaction {tx} completed in {time}ms
63054,2026-01-14,14:32:23,INFO,WebServer,Health check passed: WebServer,E102,Health check passed: {service}
63055,2026-01-14,14:26:19,INFO,WebServer,Transaction tx967643 completed in 1197ms,E104,Transaction {tx} completed in {time}ms
63056,2026-01-14,14:50:36,INFO,PaymentGateway,Transaction tx455551 completed in 1891ms,E104,Transaction {tx} completed in {time}ms
63057,2026-01-14,14:41:37,INFO,PaymentGateway,Transaction tx261950 completed in 1482ms,E104,Transaction {tx} completed in {time}ms
63058,2026-01-14,14:31:29,INFO,WebServer,Transaction tx740599 completed in 67ms,E104,Transaction {tx} completed in {time}ms
63059,2026-01-14,14:32:14,INFO,WebServer,User u2533 login successful,E101,User {user} login successful
63060,2026-01-14,14:33:23,INFO,WebServer,Transaction tx626373 completed in 1802ms,E104,Transaction {tx} completed in {time}ms
63061,2026-01-14,14:16:49,INFO,AuthService,Transaction tx597870 completed in 658ms,E104,Transaction {tx} completed in {time}ms
63062,2026-01-14,14:00:56,INFO,PaymentGateway,User u4505 login successful,E101,User {user} login successful
63063,2026-01-14,14:39:52,INFO,InventoryDB,User u4348 login successful,E101,User {user} login successful
63064,2026-01-14,14:48:27,INFO,OrderProcessor,User u4874 login successful,E101,User {user} login successful
63065,2026-01-14,14:46:31,INFO,OrderProcessor,User u1744 login successful,E101,User {user} login successful
63066,2026-01-14,14:21:35,INFO,OrderProcessor,Health check passed: OrderProcessor,E102,Health check passed: {service}
63067,2026-01-14,14:52:16,INFO,AuthService,Page view: /home by u2556,E103,Page view: {page} by {user}
63068,2026-01-14,14:54:57,INFO,WebServer,User u4608 login successful,E101,User {user} login successful
63069,2026-01-14,14:42:33,INFO,WebServer,Transaction tx331516 completed in 1523ms,E104,Transaction {tx} completed in {time}ms
63070,2026-01-14,14:34:28,INFO,WebServer,Health check passed: WebServer,E102,Health check passed: {service}
63071,2026-01-14,14:59:50,INFO,AuthService,Health check passed: AuthService,E102,Health check passed: {service}
63072,2026-01-14,14:08:42,INFO,OrderProcessor,User u4365 login successful,E101,User {user} login successful
63073,2026-01-14,14:41:25,INFO,OrderProcessor,User u2419 login successful,E101,User {user} login successful
63074,2026-01-14,14:37:38,INFO,WebServer,Page view: /home by u2801,E103,Page view: {page} by {user}
63075,2026-01-14,14:08:31,INFO,AuthService,User u2812 login successful,E101,User {user} login successful
63076,2026-01-14,14:45:18,INFO,WebServer,User u1490 login successful,E101,User {user} login successful
63077,2026-01-14,14:19:14,INFO,AuthService,Health check passed: AuthService,E102,Health check passed: {service}
63078,2026-01-14,14:48:25,INFO,PaymentGateway,User u2148 login successful,E101,User {user} login successful
63079,2026-01-14,14:58:17,INFO,WebServer,Transaction tx890284 completed in 1898ms,E104,Transaction {tx} completed in {time}ms
63080,2026-01-14,14:11:40,INFO,WebServer,Health check passed: WebServer,E102,Health check passed: {service}
63081,2026-01-14,14:19:31,INFO,WebServer,Transaction tx124538 completed in 1122ms,E104,Transaction {tx} completed in {time}ms
63082,2026-01-14,14:41:38,WARN,OrderProcessor,Unauthorized access attempt from 10.0.0.45,E401,Unauthorized access attempt from {ip}
63083,2026-01-14,14:09:06,INFO,OrderProcessor,Page view: /home by u4381,E103,Page view: {page} by {user}
63084,2026-01-14,14:08:01,INFO,WebServer,Page view: /home by u3176,E103,Page view: {page} by {user}
63085,2026-01-14,14:23:42,INFO,InventoryDB,Page view: /home by u2313,E103,Page view: {page} by {user}
63086,2026-01-14,14:47:08,INFO,AuthService,Transaction tx962268 completed in 1487ms,E104,Transaction {tx} completed in {time}ms
63087,2026-01-14,14:35:49,INFO,AuthService,Transaction tx282879 completed in 574ms,E104,Transaction {tx} completed in {time}ms
63088,2026-01-14,14:26:24,INFO,WebServer,User u4689 login successful,E101,User {user} login successful
63089,2026-01-14,14:35:13,CRITICAL,AuthService,KERNEL PANIC: Node node-1 crashed,E601,KERNEL PANIC: Node {node} crashed
63090,2026-01-14,14:17:45,INFO,PaymentGateway,Page view: /home by u3112,E103,Page view: {page} by {user}
63091,2026-01-14,14:30:22,INFO,AuthService,Transaction tx285919 completed in 987ms,E104,Transaction {tx} completed in {time}ms
63092,2026-01-14,14:52:17,INFO,InventoryDB,Transaction tx770706 completed in 1520ms,E104,Transaction {tx} completed in {time}ms
63093,2026-01-14,14:37:52,INFO,WebServer,Transaction tx562392 completed in 842ms,E104,Transaction {tx} completed in {time}ms
63094,2026-01-14,14:11:47,INFO,AuthService,Health check passed: AuthService,E102,Health check passed: {service}
63095,2026-01-14,14:04:17,INFO,PaymentGateway,User u2265 login successful,E101,User {user} login successful
63096,2026-01-14,14:47:17,INFO,PaymentGateway,User u1203 login successful,E101,User {user} login successful
63097,2026-01-14,14:35:29,INFO,InventoryDB,Transaction tx904375 completed in 1732ms,E104,Transaction {tx} completed in {time}ms
63098,2026-01-14,14:38:44,INFO,OrderProcessor,Health check passed: OrderProcessor,E102,Health check passed: {service}
63099,2026-01-14,14:59:26,INFO,AuthService,User u1793 login successful,E101,User {user} login successful
63100,2026-01-14,14:59:06,INFO,AuthService,Transaction tx992761 completed in 1999ms,E104,Transaction {tx} completed in {time}ms
63101,2026-01-14,14:08:55,WARN,WebServer,High latency (1228ms) detected on WebServer,E201,High latency ({time}ms) detected on {service}
63102,2026-01-14,14:17:30,INFO,WebServer,Health check passed: WebServer,E102,Health check passed: {service}
63103,2026-01-14,14:42:08,INFO,WebServer,Page view: /home by u1899,E103,Page view: {page} by {user}
63104,2026-01-14,14:32:16,INFO,WebServer,Page view: /home by u4399,E103,Page view: {page} by {user}
63105,2026-01-14,14:12:33,INFO,OrderProcessor,Transaction tx795190 completed in 1303ms,E104,Transaction {tx} completed in {time}ms
63106,2026-01-14,14:08:23,INFO,WebServer,Health check passed: WebServer,E102,Health check passed: {service}
63107,2026-01-14,14:10:38,INFO,WebServer,Transaction tx997970 completed in 1015ms,E104,Transaction {tx} completed in {time}ms
63108,2026-01-14,14:18:33,INFO,PaymentGateway,Health check passed: PaymentGateway,E102,Health check passed: {service}
63109,2026-01-14,14:03:38,INFO,OrderProcessor,Transaction tx509497 completed in 649ms,E104,Transaction {tx} completed in {time}ms
63110,2026-01-14,14:08:13,INFO,OrderProcessor,Health check passed: OrderProcessor,E102,Health check passed: {service}
63111,2026-01-14,14:44:09,INFO,WebServer,Page view: /home by u1190,E103,Page view: {page} by {user}
63112,2026-01-14,14:00:56,INFO,PaymentGateway,User u2781 login successful,E101,User {user} login successful
63113,2026-01-14,14:48:33,INFO,WebServer,Page view: /home by u4301,E103,Page view: {page} by {user}
63114,2026-01-14,14:24:30,INFO,WebServer,Transaction tx398946 completed in 181ms,E104,Transaction {tx} completed in {time}ms
63115,2026-01-14,14:09:05,INFO,WebServer,Transaction tx220331 completed in 1930ms,E104,Transaction {tx} completed in {time}ms
63116,2026-01-14,14:20:57,WARN,WebServer,Disk usage > 85% on node node-1,E202,Disk usage > 85% on node {node}
63117,2026-01-14,14:06:59,INFO,OrderProcessor,Transaction tx656761 completed in 763ms,E104,Transaction {tx} completed in {time}ms
63118,2026-01-14,14:59:05,INFO,WebServer,Health check passed: WebServer,E102,Health check passed: {service}
63119,2026-01-14,14:02:56,WARN,WebServer,Disk usage > 85% on node node-3,E202,Disk usage > 85% on node {node}
63120,2026-01-14,14:10:33,INFO,OrderProcessor,Health check passed: OrderProcessor,E102,Health check passed: {service}
63121,2026-01-14,14:41:47,INFO,WebServer,Page view: /home by u4542,E103,Page view: {page} by {user}
63122,2026-01-14,14:58:42,INFO,OrderProcessor,Health check passed: OrderProcessor,E102,Health check passed: {service}
63123,2026-01-14,14:52:21,INFO,AuthService,Transaction tx857937 completed in 1267ms,E104,Transaction {tx} completed in {time}ms
63124,2026-01-14,14:38:04,INFO,AuthService,Page view: /home by u3142,E103,Page view: {page} by {user}
63125,2026-01-14,14:59:21,INFO,WebServer,Transaction tx944568 completed in 458ms,E104,Transaction {tx} completed in {time}ms
63126,2026-01-14,14:55:07,INFO,AuthService,Page view: /home by u4882,E103,Page view: {page} by {user}
63127,2026-01-14,14:09:14,INFO,WebServer,Page view: /home by u3215,E103,Page view: {page} by {user}
63128,2026-01-14,14:36:32,INFO,OrderProcessor,Page view: /home by u4947,E103,Page view: {page} by {user}
63129,2026-01-14,14:41:55,INFO,AuthService,Page view: /home by u4449,E103,Page view: {page} by {user}
63130,2026-01-14,14:47:34,INFO,PaymentGateway,Health check passed: PaymentGateway,E102,Health check passed: {service}
63131,2026-01-14,14:50:17,INFO,OrderProcessor,Page view: /home by u3727,E103,Page view: {page} by {user}
63132,2026-01-14,14:57:30,INFO,WebServer,User u3707 login successful,E101,User {user} login successful
63133,2026-01-14,14:19:03,INFO,PaymentGateway,User u1984 login successful,E101,User {user} login successful
63134,2026-01-14,14:08:53,INFO,WebServer,Health check passed: WebServer,E102,Health check passed: {service}
63135,2026-01-14,14:45:20,INFO,WebServer,Page view: /home by u1058,E103,Page view: {page} by {user}
63136,2026-01-14,14:39:14,INFO,AuthService,User u1220 login successful,E101,User {user} login successful
63137,2026-01-14,14:22:05,INFO,OrderProcessor,User u3700 login successful,E101,User {user} login successful
63138,2026-01-14,14:14:29,INFO,PaymentGateway,Page view: /home by u2307,E103,Page view: {page} by {user}
63139,2026-01-14,14:50:48,INFO,AuthService,Health check passed: AuthService,E102,Health check passed: {service}
63140,2026-01-14,14:03:20,INFO,WebServer,Transaction tx249295 completed in 1625ms,E104,Transaction {tx} completed in {time}ms
63141,2026-01-14,14:22:32,INFO,PaymentGateway,Health check passed: PaymentGateway,E102,Health check passed: {service}
63142,2026-01-14,14:35:19,INFO,AuthService,Transaction tx253320 completed in 907ms,E104,Transaction {tx} completed in {time}ms
63143,2026-01-14,14:09:45,INFO,WebServer,Health check passed: WebServer,E102,Health check passed: {service}
63144,2026-01-14,14:27:31,INFO,AuthService,User u4526 login successful,E101,User {user} login successful
63145,2026-01-14,14:27:13,INFO,PaymentGateway,Health check passed: PaymentGateway,E102,Health check passed: {service}
63146,2026-01-14,14:07:03,INFO,OrderProcessor,Transaction tx690681 completed in 1424ms,E104,Transaction {tx} completed in {time}ms
63147,2026-01-14,14:09:50,INFO,OrderProcessor,Transaction tx116655 completed in 1101ms,E104,Transaction {tx} completed in {time}ms
63148,2026-01-14,14:46:00,INFO,WebServer,Health check passed: WebServer,E102,Health check passed: {service}
63149,2026-01-14,14:51:54,INFO,AuthService,Page view: /home by u4408,E103,Page view: {page} by {user}
63150,2026-01-14,14:46:41,INFO,InventoryDB,User u3360 login successful,E101,User {user} login successful
63151,2026-01-14,14:01:07,INFO,WebServer,Health check passed: WebServer,E102,Health check passed: {service}
63152,2026-01-14,14:02:25,INFO,AuthService,Page view: /home by u4674,E103,Page view: {page} by {user}
63153,2026-01-14,14:28:14,CRITICAL,AuthService,DATA CORRUPTION detected in sector 219,E602,DATA CORRUPTION detected in sector {sector}
63154,2026-01-14,14:53:20,INFO,WebServer,User u4010 login successful,E101,User {user} login successful
63155,2026-01-14,14:16:20,INFO,OrderProcessor,User u3655 login successful,E101,User {user} login successful
63156,2026-01-14,14:32:34,INFO,WebServer,User u1142 login successful,E101,User {user} login successful
63157,2026-01-14,14:36:47,ERROR,PaymentGateway,Connection refused to PaymentGateway at 10.0.0.12,E501,Connection refused to {service} at {ip}
63158,2026-01-14,14:26:53,INFO,AuthService,Page view: /home by u1428,E103,Page view: {page} by {user}
63159,2026-01-14,14:50:31,INFO,WebServer,User u3744 login successful,E101,User {user} login successful
63160,2026-01-14,14:46:35,INFO,PaymentGateway,Transaction tx999465 completed in 857ms,E104,Transaction {tx} completed in {time}ms
63161,2026-01-14,14:39:41,INFO,WebServer,Page view: /home by u2478,E103,Page view: {page} by {user}
63162,2026-01-14,14:05:28,INFO,WebServer,User u1934 login successful,E101,User {user} login successful
63163,2026-01-14,14:02:52,INFO,AuthService,Page view: /home by u1030,E103,Page view: {page} by {user}
63164,2026-01-14,14:59:25,INFO,OrderProcessor,User u3492 login successful,E101,User {user} login successful
63165,2026-01-14,14:22:43,INFO,WebServer,Transaction tx345534 completed in 1429ms,E104,Transaction {tx} completed in {time}ms
63166,2026-01-14,14:43:02,WARN,OrderProcessor,Disk usage > 85% on node node-1,E202,Disk usage > 85% on node {node}
63167,2026-01-14,14:53:57,INFO,InventoryDB,Transaction tx244528 completed in 1356ms,E104,Transaction {tx} completed in {time}ms
63168,2026-01-14,14:03:28,INFO,WebServer,Page view: /home by u4681,E103,Page view: {page} by {user}
63169,2026-01-14,14:48:45,INFO,AuthService,Health check passed: AuthService,E102,Health check passed: {service}
63170,2026-01-14,14:46:48,WARN,AuthService,High latency (1918ms) detected on AuthService,E201,High latency ({time}ms) detected on {service}
63171,2026-01-14,14:09:40,INFO,AuthService,Page view: /home by u3139,E103,Page view: {page} by {user}
63172,2026-01-14,14:21:25,INFO,WebServer,Transaction tx267450 completed in 72ms,E104,Transaction {tx} completed in {time}ms
63173,2026-01-14,14:39:57,INFO,WebServer,Transaction tx539607 completed in 1714ms,E104,Transaction {tx} completed in {time}ms
63174,2026-01-14,14:09:43,INFO,AuthService,Transaction tx794491 completed in 824ms,E104,Transaction {tx} completed in {time}ms
63175,2026-01-14,14:59:06,INFO,AuthService,Page view: /home by u4132,E103,Page view: {page} by {user}
63176,2026-01-14,14:33:24,INFO,AuthService,Transaction tx495233 completed in 465ms,E104,Transaction {tx} completed in {time}ms
63177,2026-01-14,14:08:59,INFO,OrderProcessor,Page view: /home by u4094,E103,Page view: {page} by {user}
63178,2026-01-14,14:31:52,INFO,InventoryDB,User u1415 login successful,E101,User {user} login successful
63179,2026-01-14,14:12:46,INFO,WebServer,Page view: /home by u3761,E103,Page view: {page} by {user}
63180,2026-01-14,14:15:42,INFO,WebServer,Health check passed: WebServer,E102,Health check passed: {service}
63181,2026-01-14,14:55:06,INFO,OrderProcessor,User u2356 login successful,E101,User {user} login successful
63182,2026-01-14,14:35:04,INFO,WebServer,Page view: /home by u1385,E103,Page view: {page} by {user}
63183,2026-01-14,14:35:39,INFO,WebServer,User u3725 login successful,E101,User {user} login successful
63184,2026-01-14,14:46:52,INFO,WebServer,Page view: /home by u4310,E103,Page view: {page} by {user}
63185,2026-01-14,14:37:45,INFO,OrderProcessor,User u3683 login successful,E101,User {user} login successful
63186,2026-01-14,14:58:59,INFO,PaymentGateway,Page view: /home by u2150,E103,Page view: {page} by {user}
63187,2026-01-14,14:41:48,INFO,OrderProcessor,Page view: /home by u3272,E103,Page view: {page} by {user}
63188,2026-01-14,14:28:00,INFO,AuthService,Transaction tx601249 completed in 1305ms,E104,Transaction {tx} completed in {time}ms
63189,2026-01-14,14:19:31,INFO,InventoryDB,Transaction tx875867 completed in 702ms,E104,Transaction {tx} completed in {time}ms
63190,2026-01-14,14:22:18,INFO,WebServer,Page view: /home by u2648,E103,Page view: {page} by {user}
63191,2026-01-14,14:37:14,INFO,WebServer,Transaction tx273665 completed in 231ms,E104,Transaction {tx} completed in {time}ms
63192,2026-01-14,14:41:01,INFO,AuthService,User u4497 login successful,E101,User {user} login successful
63193,2026-01-14,14:38:30,INFO,WebServer,Transaction tx943833 completed in 1504ms,E104,Transaction {tx} completed in {time}ms
63194,2026-01-14,14:35:38,INFO,WebServer,Health check passed: WebServer,E102,Health check passed: {service}
63195,2026-01-14,14:38:18,INFO,AuthService,Page view: /home by u4989,E103,Page view: {page} by {user}
63196,2026-01-14,14:21:06,INFO,WebServer,Transaction tx848030 completed in 1039ms,E104,Transaction {tx} completed in {time}ms
63197,2026-01-14,14:49:40,INFO,WebServer,Page view: /home by u1484,E103,Page view: {page} by {user}
63198,2026-01-14,14:17:16,INFO,AuthService,User u2990 login successful,E101,User {user} login successful
63199,2026-01-14,14:09:43,INFO,PaymentGateway,Health check passed: PaymentGateway,E102,Health check passed: {service}
63200,2026-01-14,14:10:14,INFO,WebServer,User u1744 login successful,E101,User {user} login successful
63201,2026-01-14,14:16:46,INFO,WebServer,Health check passed: WebServer,E102,Health check passed: {service}
63202,2026-01-14,14:23:13,INFO,WebServer,Transaction tx596522 completed in 776ms,E104,Transaction {tx} completed in {time}ms
63203,2026-01-14,14:45:57,INFO,WebServer,Transaction tx176232 completed in 783ms,E104,Transaction {tx} completed in {time}ms
63204,2026-01-14,14:39:22,INFO,WebServer,User u4724 login successful,E101,User {user} login successful
63205,2026-01-14,14:48:25,INFO,PaymentGateway,Health check passed: PaymentGateway,E102,Health check passed: {service}
63206,2026-01-14,14:46:30,INFO,WebServer,User u3670 login successful,E101,User {user} login successful
63207,2026-01-14,14:49:04,WARN,WebServer,Disk usage > 85% on node node-5,E202,Disk usage > 85% on node {node}
63208,2026-01-14,14:28:26,INFO,AuthService,Transaction tx333694 completed in 1644ms,E104,Transaction {tx} completed in {time}ms
63209,2026-01-14,14:39:21,INFO,WebServer,User u3947 login successful,E101,User {user} login successful
63210,2026-01-14,14:08:34,INFO,OrderProcessor,Health check passed: OrderProcessor,E102,Health check passed: {service}
63211,2026-01-14,14:19:00,INFO,PaymentGateway,User u1449 login successful,E101,User {user} login successful
63212,2026-01-14,14:45:23,INFO,WebServer,Page view: /home by u1570,E103,Page view: {page} by {user}
63213,2026-01-14,14:48:49,INFO,PaymentGateway,Transaction tx326437 completed in 1933ms,E104,Transaction {tx} completed in {time}ms
63214,2026-01-14,14:38:58,INFO,WebServer,Transaction tx496013 completed in 1051ms,E104,Transaction {tx} completed in {time}ms
63215,2026-01-14,14:28:27,INFO,WebServer,User u1362 login successful,E101,User {user} login successful
63216,2026-01-14,14:41:18,INFO,InventoryDB,Page view: /home by u2003,E103,Page view: {page} by {user}
63217,2026-01-14,14:00:57,INFO,OrderProcessor,Health check passed: OrderProcessor,E102,Health check passed: {service}
63218,2026-01-14,14:29:30,INFO,OrderProcessor,Page view: /home by u1949,E103,Page view: {page} by {user}
63219,2026-01-14,14:53:42,INFO,OrderProcessor,Health check passed: OrderProcessor,E102,Health check passed: {service}
63220,2026-01-14,14:18:14,INFO,WebServer,Page view: /home by u4419,E103,Page view: {page} by {user}
63221,2026-01-14,14:17:30,INFO,AuthService,User u3921 login successful,E101,User {user} login successful
63222,2026-01-14,14:27:18,INFO,OrderProcessor,Page view: /home by u2006,E103,Page view: {page} by {user}
63223,2026-01-14,14:43:24,INFO,InventoryDB,Health check passed: InventoryDB,E102,Health check passed: {service}
63224,2026-01-14,14:28:37,INFO,WebServer,Page view: /home by u4628,E103,Page view: {page} by {user}
63225,2026-01-14,14:14:10,WARN,WebServer,Disk usage > 85% on node node-1,E202,Disk usage > 85% on node {node}
63226,2026-01-14,14:44:23,INFO,AuthService,Transaction tx210573 completed in 396ms,E104,Transaction {tx} completed in {time}ms
63227,2026-01-14,14:51:51,INFO,OrderProcessor,Health check passed: OrderProcessor,E102,Health check passed: {service}
63228,2026-01-14,14:37:09,INFO,AuthService,Page view: /home by u3769,E103,Page view: {page} by {user}
63229,2026-01-14,14:19:08,INFO,WebServer,User u4156 login successful,E101,User {user} login successful
63230,2026-01-14,14:24:57,INFO,WebServer,Transaction tx224548 completed in 1526ms,E104,Transaction {tx} completed in {time}ms
63231,2026-01-14,14:52:29,INFO,WebServer,Transaction tx960500 completed in 954ms,E104,Transaction {tx} completed in {time}ms
63232,2026-01-14,14:59:10,INFO,AuthService,Health check passed: AuthService,E102,Health check passed: {service}
63233,2026-01-14,14:34:31,INFO,WebServer,Health check passed: WebServer,E102,Health check passed: {service}
63234,2026-01-14,14:22:39,INFO,WebServer,User u3749 login successful,E101,User {user} login successful
63235,2026-01-14,14:19:35,INFO,PaymentGateway,Transaction tx776848 completed in 326ms,E104,Transaction {tx} completed in {time}ms
63236,2026-01-14,14:33:41,INFO,AuthService,Page view: /home by u4671,E103,Page view: {page} by {user}
63237,2026-01-14,14:14:11,INFO,WebServer,Transaction tx959661 completed in 41ms,E104,Transaction {tx} completed in {time}ms
63238,2026-01-14,14:01:56,INFO,AuthService,User u1680 login successful,E101,User {user} login successful
63239,2026-01-14,14:01:45,INFO,WebServer,Page view: /home by u2707,E103,Page view: {page} by {user}
63240,2026-01-14,14:48:49,INFO,OrderProcessor,Health check passed: OrderProcessor,E102,Health check passed: {service}
63241,2026-01-14,14:59:09,ERROR,WebServer,Timeout waiting for lock on InventoryDB,E502,Timeout waiting for lock on {db}
63242,2026-01-14,14:58:26,WARN,AuthService,Unauthorized access attempt from 10.0.0.12,E401,Unauthorized access attempt from {ip}
63243,2026-01-14,14:21:40,INFO,WebServer,User u2389 login successful,E101,User {user} login successful
63244,2026-01-14,14:14:27,INFO,WebServer,Health check passed: WebServer,E102,Health check passed: {service}
63245,2026-01-14,14:55:38,INFO,OrderProcessor,Page view: /home by u1588,E103,Page view: {page} by {user}
63246,2026-01-14,14:00:01,INFO,InventoryDB,Health check passed: InventoryDB,E102,Health check passed: {service}
63247,2026-01-14,14:21:25,INFO,WebServer,User u1742 login successful,E101,User {user} login successful
63248,2026-01-14,14:30:10,INFO,WebServer,Page view: /home by u2520,E103,Page view: {page} by {user}
63249,2026-01-14,14:28:04,INFO,InventoryDB,Health check passed: InventoryDB,E102,Health check passed: {service}
63250,2026-01-14,14:00:26,INFO,AuthService,User u3800 login successful,E101,User {user} login successful
63251,2026-01-14,14:47:22,INFO,InventoryDB,Health check passed: InventoryDB,E102,Health check passed: {service}
63252,2026-01-14,14:55:57,INFO,AuthService,Health check passed: AuthService,E102,Health check passed: {service}
63253,2026-01-14,14:54:25,INFO,AuthService,Page view: /home by u3126,E103,Page view: {page} by {user}
63254,2026-01-14,14:45:55,INFO,WebServer,Health check passed: WebServer,E102,Health check passed: {service}
63255,2026-01-14,14:22:05,INFO,WebServer,User u4774 login successful,E101,User {user} login successful
63256,2026-01-14,14:21:54,INFO,WebServer,User u1605 login successful,E101,User {user} login successful
63257,2026-01-14,14:10:50,INFO,WebServer,User u2382 login successful,E101,User {user} login successful
63258,2026-01-14,14:55:22,INFO,WebServer,Transaction tx464905 completed in 1185ms,E104,Transaction {tx} completed in {time}ms
63259,2026-01-14,14:41:32,INFO,OrderProcessor,User u4715 login successful,E101,User {user} login successful
63260,2026-01-14,14:50:32,INFO,AuthService,Health check passed: AuthService,E102,Health check passed: {service}
63261,2026-01-14,14:12:53,INFO,AuthService,Health check passed: AuthService,E102,Health check passed: {service}
63262,2026-01-14,14:42:46,INFO,WebServer,Transaction tx237278 completed in 199ms,E104,Transaction {tx} completed in {time}ms
63263,2026-01-14,14:52:12,WARN,WebServer,High latency (43ms) detected on WebServer,E201,High latency ({time}ms) detected on {service}
63264,2026-01-14,14:09:04,INFO,WebServer,Health check passed: WebServer,E102,Health check passed: {service}
63265,2026-01-14,14:31:29,INFO,OrderProcessor,Health check passed: OrderProcessor,E102,Health check passed: {service}
63266,2026-01-14,14:06:48,INFO,AuthService,User u4082 login successful,E101,User {user} login successful
63267,2026-01-14,14:51:42,INFO,PaymentGateway,Transaction tx437543 completed in 1626ms,E104,Transaction {tx} completed in {time}ms
63268,2026-01-14,14:52:45,INFO,WebServer,Health check passed: WebServer,E102,Health check passed: {service}
63269,2026-01-14,14:07:14,INFO,WebServer,User u3064 login successful,E101,User {user} login successful
63270,2026-01-14,14:31:06,INFO,WebServer,Health check passed: WebServer,E102,Health check passed: {service}
63271,2026-01-14,14:30:10,INFO,PaymentGateway,Page view: /home by u2292,E103,Page view: {page} by {user}
63272,2026-01-14,14:44:00,INFO,WebServer,Health check passed: WebServer,E102,Health check passed: {service}
63273,2026-01-14,14:57:35,INFO,OrderProcessor,User u4437 login successful,E101,User {user} login successful
63274,2026-01-14,14:41:23,INFO,PaymentGateway,User u1776 login successful,E101,User {user} login successful
63275,2026-01-14,14:44:01,INFO,AuthService,Page view: /home by u3206,E103,Page view: {page} by {user}
63276,2026-01-14,14:34:20,INFO,AuthService,Health check passed: AuthService,E102,Health check passed: {service}
63277,2026-01-14,14:28:43,INFO,OrderProcessor,Transaction tx500167 completed in 128ms,E104,Transaction {tx} completed in {time}ms
63278,2026-01-14,14:30:36,INFO,AuthService,Health check passed: AuthService,E102,Health check passed: {service}
63279,2026-01-14,14:45:29,INFO,WebServer,Page view: /home by u1755,E103,Page view: {page} by {user}
63280,2026-01-14,14:36:53,INFO,OrderProcessor,Transaction tx749909 completed in 926ms,E104,Transaction {tx} completed in {time}ms
63281,2026-01-14,14:18:19,INFO,PaymentGateway,Transaction tx750569 completed in 1685ms,E104,Transaction {tx} completed in {time}ms
63282,2026-01-14,14:25:10,INFO,WebServer,User u2731 login successful,E101,User {user} login successful
63283,2026-01-14,14:13:26,INFO,PaymentGateway,Transaction tx349804 completed in 1959ms,E104,Transaction {tx} completed in {time}ms
63284,2026-01-14,14:29:38,INFO,WebServer,User u4388 login successful,E101,User {user} login successful
63285,2026-01-14,14:15:05,INFO,WebServer,User u2434 login successful,E101,User {user} login successful
63286,2026-01-14,14:14:55,INFO,WebServer,Health check passed: WebServer,E102,Health check passed: {service}
63287,2026-01-14,14:27:47,WARN,OrderProcessor,Disk usage > 85% on node node-5,E202,Disk usage > 85% on node {node}
63288,2026-01-14,14:42:58,INFO,PaymentGateway,Transaction tx677277 completed in 648ms,E104,Transaction {tx} completed in {time}ms
63289,2026-01-14,14:02:04,INFO,WebServer,Page view: /home by u2886,E103,Page view: {page} by {user}
63290,2026-01-14,14:31:41,INFO,WebServer,User u2106 login successful,E101,User {user} login successful
63291,2026-01-14,14:54:03,INFO,WebServer,User u4195 login successful,E101,User {user} login successful
63292,2026-01-14,14:55:38,ERROR,OrderProcessor,Connection refused to OrderProcessor at 10.0.0.45,E501,Connection refused to {service} at {ip}
63293,2026-01-14,14:28:13,INFO,InventoryDB,Page view: /home by u3640,E103,Page view: {page} by {user}
63294,2026-01-14,14:47:06,INFO,AuthService,Transaction tx629487 completed in 491ms,E104,Transaction {tx} completed in {time}ms
63295,2026-01-14,14:53:23,INFO,WebServer,Transaction tx946310 completed in 935ms,E104,Transaction {tx} completed in {time}ms
63296,2026-01-14,14:34:00,WARN,OrderProcessor,Disk usage > 85% on node node-3,E202,Disk usage > 85% on node {node}
63297,2026-01-14,14:24:00,INFO,WebServer,Page view: /home by u4623,E103,Page view: {page} by {user}
63298,2026-01-14,14:51:25,INFO,OrderProcessor,User u3071 login successful,E101,User {user} login successful
63299,2026-01-14,14:43:59,INFO,WebServer,Transaction tx190228 completed in 1864ms,E104,Transaction {tx} completed in {time}ms
63300,2026-01-14,14:24:56,INFO,WebServer,Page view: /home by u1120,E103,Page view: {page} by {user}
63301,2026-01-14,14:06:08,INFO,WebServer,Page view: /home by u4679,E103,Page view: {page} by {user}
63302,2026-01-14,14:34:32,INFO,AuthService,User u3249 login successful,E101,User {user} login successful
63303,2026-01-14,14:25:27,INFO,WebServer,User u3179 login successful,E101,User {user} login successful
63304,2026-01-14,14:08:15,INFO,WebServer,Health check passed: WebServer,E102,Health check passed: {service}
63305,2026-01-14,14:16:49,INFO,InventoryDB,Health check passed: InventoryDB,E102,Health check passed: {service}
63306,2026-01-14,14:24:34,WARN,WebServer,Disk usage > 85% on node node-1,E202,Disk usage > 85% on node {node}
63307,2026-01-14,14:57:46,INFO,AuthService,User u1003 login successful,E101,User {user} login successful
63308,2026-01-14,14:59:13,INFO,OrderProcessor,Page view: /home by u3325,E103,Page view: {page} by {user}
63309,2026-01-14,14:20:44,INFO,AuthService,User u3943 login successful,E101,User {user} login successful
63310,2026-01-14,14:27:09,INFO,WebServer,User u1324 login successful,E101,User {user} login successful
63311,2026-01-14,14:54:08,INFO,PaymentGateway,Page view: /home by u2495,E103,Page view: {page} by {user}
63312,2026-01-14,14:57:39,INFO,AuthService,Health check passed: AuthService,E102,Health check passed: {service}
63313,2026-01-14,14:27:20,INFO,WebServer,Transaction tx760680 completed in 893ms,E104,Transaction {tx} completed in {time}ms
63314,2026-01-14,14:07:43,INFO,OrderProcessor,Health check passed: OrderProcessor,E102,Health check passed: {service}
63315,2026-01-14,14:10:27,INFO,AuthService,User u4597 login successful,E101,User {user} login successful
63316,2026-01-14,14:01:09,INFO,AuthService,Health check passed: AuthService,E102,Health check passed: {service}
63317,2026-01-14,14:09:08,INFO,PaymentGateway,Page view: /home by u2762,E103,Page view: {page} by {user}
63318,2026-01-14,14:26:28,INFO,AuthService,Transaction tx260554 completed in 136ms,E104,Transaction {tx} completed in {time}ms
63319,2026-01-14,14:43:55,INFO,PaymentGateway,Transaction tx976036 completed in 1241ms,E104,Transaction {tx} completed in {time}ms
63320,2026-01-14,14:41:22,INFO,AuthService,Transaction tx181039 completed in 586ms,E104,Transaction {tx} completed in {time}ms
63321,2026-01-14,14:19:56,INFO,WebServer,Transaction tx689255 completed in 642ms,E104,Transaction {tx} completed in {time}ms
63322,2026-01-14,14:49:41,INFO,AuthService,Transaction tx247991 completed in 1190ms,E104,Transaction {tx} completed in {time}ms
63323,2026-01-14,14:25:32,INFO,WebServer,Health check passed: WebServer,E102,Health check passed: {service}
63324,2026-01-14,14:11:14,INFO,AuthService,User u3325 login successful,E101,User {user} login successful
63325,2026-01-14,14:19:36,WARN,AuthService,Disk usage > 85% on node node-1,E202,Disk usage > 85% on node {node}
63326,2026-01-14,14:50:20,INFO,WebServer,Transaction tx879350 completed in 941ms,E104,Transaction {tx} completed in {time}ms
63327,2026-01-14,14:50:23,INFO,OrderProcessor,Page view: /home by u3320,E103,Page view: {page} by {user}
63328,2026-01-14,14:12:40,INFO,PaymentGateway,User u3842 login successful,E101,User {user} login successful
63329,2026-01-14,14:54:12,INFO,WebServer,Page view: /home by u1369,E103,Page view: {page} by {user}
63330,2026-01-14,14:52:47,INFO,WebServer,Transaction tx412782 completed in 1442ms,E104,Transaction {tx} completed in {time}ms
63331,2026-01-14,14:37:22,INFO,OrderProcessor,User u2297 login successful,E101,User {user} login successful
63332,2026-01-14,14:02:07,INFO,AuthService,Page view: /home by u2957,E103,Page view: {page} by {user}
63333,2026-01-14,14:09:31,INFO,AuthService,Transaction tx326238 completed in 397ms,E104,Transaction {tx} completed in {time}ms
63334,2026-01-14,14:18:14,INFO,WebServer,Health check passed: WebServer,E102,Health check passed: {service}
63335,2026-01-14,14:59:01,WARN,InventoryDB,Unauthorized access attempt from 10.0.0.45,E401,Unauthorized access attempt from {ip}
63336,2026-01-14,14:59:49,INFO,WebServer,Health check passed: WebServer,E102,Health check passed: {service}
63337,2026-01-14,14:55:19,INFO,WebServer,Health check passed: WebServer,E102,Health check passed: {service}
63338,2026-01-14,14:40:07,INFO,WebServer,Health check passed: WebServer,E102,Health check passed: {service}
63339,2026-01-14,14:13:52,INFO,InventoryDB,Transaction tx875115 completed in 1131ms,E104,Transaction {tx} completed in {time}ms
63340,2026-01-14,14:27:24,INFO,PaymentGateway,User u4819 login successful,E101,User {user} login successful
63341,2026-01-14,14:24:51,INFO,WebServer,Health check passed: WebServer,E102,Health check passed: {service}
63342,2026-01-14,14:47:46,ERROR,WebServer,Timeout waiting for lock on InventoryDB,E502,Timeout waiting for lock on {db}
63343,2026-01-14,14:37:48,INFO,AuthService,User u4532 login successful,E101,User {user} login successful
63344,2026-01-14,14:25:08,INFO,WebServer,Page view: /home by u1361,E103,Page view: {page} by {user}
63345,2026-01-14,14:46:39,INFO,OrderProcessor,Health check passed: OrderProcessor,E102,Health check passed: {service}
63346,2026-01-14,14:48:17,INFO,WebServer,User u2940 login successful,E101,User {user} login successful
63347,2026-01-14,14:32:05,INFO,OrderProcessor,User u4042 login successful,E101,User {user} login successful
63348,2026-01-14,14:28:41,INFO,PaymentGateway,User u2525 login successful,E101,User {user} login successful
63349,2026-01-14,14:29:49,INFO,PaymentGateway,User u4278 login successful,E101,User {user} login successful
63350,2026-01-14,14:20:27,INFO,OrderProcessor,Health check passed: OrderProcessor,E102,Health check passed: {service}
63351,2026-01-14,14:50:09,INFO,AuthService,Transaction tx495003 completed in 452ms,E104,Transaction {tx} completed in {time}ms
63352,2026-01-14,14:50:01,INFO,OrderProcessor,Health check passed: OrderProcessor,E102,Health check passed: {service}
63353,2026-01-14,14:26:28,INFO,WebServer,Page view: /home by u2053,E103,Page view: {page} by {user}
63354,2026-01-14,14:14:08,INFO,WebServer,Page view: /home by u4972,E103,Page view: {page} by {user}
63355,2026-01-14,14:58:37,INFO,PaymentGateway,Page view: /home by u1443,E103,Page view: {page} by {user}
63356,2026-01-14,14:10:39,WARN,WebServer,Disk usage > 85% on node node-2,E202,Disk usage > 85% on node {node}
63357,2026-01-14,14:41:27,INFO,OrderProcessor,Health check passed: OrderProcessor,E102,Health check passed: {service}
63358,2026-01-14,14:12:33,INFO,WebServer,User u3345 login successful,E101,User {user} login successful
63359,2026-01-14,14:19:28,INFO,AuthService,Health check passed: AuthService,E102,Health check passed: {service}
63360,2026-01-14,14:25:55,INFO,WebServer,User u1148 login successful,E101,User {user} login successful
63361,2026-01-14,14:15:35,INFO,WebServer,Health check passed: WebServer,E102,Health check passed: {service}
63362,2026-01-14,14:26:26,INFO,AuthService,Health check passed: AuthService,E102,Health check passed: {service}
63363,2026-01-14,14:02:26,INFO,InventoryDB,Page view: /home by u1834,E103,Page view: {page} by {user}
63364,2026-01-14,14:57:11,INFO,WebServer,Health check passed: WebServer,E102,Health check passed: {service}
63365,2026-01-14,14:01:32,INFO,WebServer,User u1683 login successful,E101,User {user} login successful
63366,2026-01-14,14:11:38,INFO,AuthService,Transaction tx314457 completed in 1950ms,E104,Transaction {tx} completed in {time}ms
63367,2026-01-14,14:11:52,INFO,WebServer,Health check passed: WebServer,E102,Health check passed: {service}
63368,2026-01-14,14:29:46,INFO,OrderProcessor,User u1414 login successful,E101,User {user} login successful
63369,2026-01-14,14:05:46,INFO,InventoryDB,Page view: /home by u1330,E103,Page view: {page} by {user}
63370,2026-01-14,14:20:36,INFO,AuthService,User u2446 login successful,E101,User {user} login successful
63371,2026-01-14,14:03:50,INFO,PaymentGateway,Page view: /home by u4547,E103,Page view: {page} by {user}
63372,2026-01-14,14:30:42,INFO,WebServer,Page view: /home by u2356,E103,Page view: {page} by {user}
63373,2026-01-14,14:55:21,INFO,OrderProcessor,Page view: /home by u4235,E103,Page view: {page} by {user}
63374,2026-01-14,14:08:22,INFO,WebServer,Transaction tx539645 completed in 547ms,E104,Transaction {tx} completed in {time}ms
63375,2026-01-14,14:42:41,INFO,WebServer,User u2470 login successful,E101,User {user} login successful
63376,2026-01-14,14:34:22,INFO,WebServer,Health check passed: WebServer,E102,Health check passed: {service}
63377,2026-01-14,14:48:52,INFO,WebServer,Health check passed: WebServer,E102,Health check passed: {service}
63378,2026-01-14,14:07:01,INFO,WebServer,User u4871 login successful,E101,User {user} login successful
63379,2026-01-14,14:55:35,INFO,WebServer,Page view: /home by u3543,E103,Page view: {page} by {user}
63380,2026-01-14,14:38:02,INFO,WebServer,Page view: /home by u3652,E103,Page view: {page} by {user}
63381,2026-01-14,14:16:39,INFO,OrderProcessor,Transaction tx278966 completed in 1715ms,E104,Transaction {tx} completed in {time}ms
63382,2026-01-14,14:43:39,INFO,WebServer,Health check passed: WebServer,E102,Health check passed: {service}
63383,2026-01-14,14:01:30,INFO,WebServer,Transaction tx484907 completed in 918ms,E104,Transaction {tx} completed in {time}ms
63384,2026-01-14,14:28:04,ERROR,OrderProcessor,Payment declined: Gateway unavailable,E503,Payment declined: Gateway unavailable
63385,2026-01-14,14:34:01,INFO,WebServer,User u2442 login successful,E101,User {user} login successful
63386,2026-01-14,14:45:29,INFO,WebServer,Transaction tx524929 completed in 1654ms,E104,Transaction {tx} completed in {time}ms
63387,2026-01-14,14:46:43,CRITICAL,PaymentGateway,KERNEL PANIC: Node node-1 crashed,E601,KERNEL PANIC: Node {node} crashed
63388,2026-01-14,14:50:02,INFO,OrderProcessor,Transaction tx237011 completed in 1458ms,E104,Transaction {tx} completed in {time}ms
63389,2026-01-14,14:24:37,INFO,AuthService,Transaction tx183186 completed in 767ms,E104,Transaction {tx} completed in {time}ms
63390,2026-01-14,14:15:44,INFO,AuthService,Page view: /home by u2924,E103,Page view: {page} by {user}
63391,2026-01-14,14:35:17,INFO,OrderProcessor,User u1201 login successful,E101,User {user} login successful
63392,2026-01-14,14:07:13,INFO,WebServer,Health check passed: WebServer,E102,Health check passed: {service}
63393,2026-01-14,14:35:00,INFO,InventoryDB,User u4511 login successful,E101,User {user} login successful
63394,2026-01-14,14:18:00,INFO,PaymentGateway,Page view: /home by u1113,E103,Page view: {page} by {user}
63395,2026-01-14,14:39:31,INFO,WebServer,Transaction tx124637 completed in 504ms,E104,Transaction {tx} completed in {time}ms
63396,2026-01-14,14:05:42,WARN,OrderProcessor,High latency (775ms) detected on OrderProcessor,E201,High latency ({time}ms) detected on {service}
63397,2026-01-14,14:43:59,INFO,WebServer,Page view: /home by u2223,E103,Page view: {page} by {user}
63398,2026-01-14,14:19:01,INFO,OrderProcessor,Health check passed: OrderProcessor,E102,Health check passed: {service}
63399,2026-01-14,14:00:32,WARN,WebServer,High latency (87ms) detected on WebServer,E201,High latency ({time}ms) detected on {service}
63400,2026-01-14,14:36:44,INFO,WebServer,Page view: /home by u3561,E103,Page view: {page} by {user}
63401,2026-01-14,14:21:38,INFO,WebServer,User u4231 login successful,E101,User {user} login successful
63402,2026-01-14,14:36:45,INFO,WebServer,User u4084 login successful,E101,User {user} login successful
63403,2026-01-14,14:47:20,INFO,AuthService,Transaction tx812305 completed in 413ms,E104,Transaction {tx} completed in {time}ms
63404,2026-01-14,14:00:59,INFO,AuthService,Health check passed: AuthService,E102,Health check passed: {service}
63405,2026-01-14,14:47:43,INFO,AuthService,User u2748 login successful,E101,User {user} login successful
63406,2026-01-14,14:00:04,INFO,AuthService,Page view: /home by u2159,E103,Page view: {page} by {user}
63407,2026-01-14,14:18:09,INFO,OrderProcessor,Health check passed: OrderProcessor,E102,Health check passed: {service}
63408,2026-01-14,14:30:22,INFO,WebServer,Transaction tx626568 completed in 805ms,E104,Transaction {tx} completed in {time}ms
63409,2026-01-14,14:34:07,INFO,AuthService,Page view: /home by u2647,E103,Page view: {page} by {user}
63410,2026-01-14,14:31:34,INFO,WebServer,Page view: /home by u4305,E103,Page view: {page} by {user}
63411,2026-01-14,14:57:45,INFO,AuthService,Page view: /home by u2760,E103,Page view: {page} by {user}
63412,2026-01-14,14:06:35,INFO,AuthService,Transaction tx595830 completed in 1729ms,E104,Transaction {tx} completed in {time}ms
63413,2026-01-14,14:08:59,INFO,OrderProcessor,Health check passed: OrderProcessor,E102,Health check passed: {service}
63414,2026-01-14,14:07:33,INFO,WebServer,Health check passed: WebServer,E102,Health check passed: {service}
63415,2026-01-14,14:47:25,INFO,OrderProcessor,User u3050 login successful,E101,User {user} login successful
63416,2026-01-14,14:54:03,INFO,OrderProcessor,Page view: /home by u4465,E103,Page view: {page} by {user}
63417,2026-01-14,14:44:39,INFO,WebServer,Transaction tx756536 completed in 288ms,E104,Transaction {tx} completed in {time}ms
63418,2026-01-14,14:41:19,INFO,WebServer,User u3239 login successful,E101,User {user} login successful
63419,2026-01-14,14:47:35,INFO,AuthService,Transaction tx243559 completed in 1996ms,E104,Transaction {tx} completed in {time}ms
63420,2026-01-14,14:25:51,INFO,AuthService,Page view: /home by u1179,E103,Page view: {page} by {user}
63421,2026-01-14,14:35:21,INFO,OrderProcessor,Page view: /home by u1314,E103,Page view: {page} by {user}
63422,2026-01-14,14:43:42,INFO,WebServer,User u3885 login successful,E101,User {user} login successful
63423,2026-01-14,14:40:36,INFO,WebServer,Transaction tx956333 completed in 1107ms,E104,Transaction {tx} completed in {time}ms
63424,2026-01-14,14:24:27,INFO,WebServer,User u3758 login successful,E101,User {user} login successful
63425,2026-01-14,14:01:46,INFO,AuthService,Health check passed: AuthService,E102,Health check passed: {service}
63426,2026-01-14,14:19:37,INFO,WebServer,Health check passed: WebServer,E102,Health check passed: {service}
63427,2026-01-14,14:57:59,INFO,AuthService,Health check passed: AuthService,E102,Health check passed: {service}
63428,2026-01-14,14:29:15,INFO,OrderProcessor,Transaction tx130231 completed in 851ms,E104,Transaction {tx} completed in {time}ms
63429,2026-01-14,14:33:42,INFO,OrderProcessor,Transaction tx516543 completed in 350ms,E104,Transaction {tx} completed in {time}ms
63430,2026-01-14,14:23:49,INFO,AuthService,Transaction tx690200 completed in 181ms,E104,Transaction {tx} completed in {time}ms
63431,2026-01-14,14:40:33,INFO,WebServer,Page view: /home by u1183,E103,Page view: {page} by {user}
63432,2026-01-14,14:44:29,INFO,WebServer,Page view: /home by u4004,E103,Page view: {page} by {user}
63433,2026-01-14,14:56:15,INFO,WebServer,User u4421 login successful,E101,User {user} login successful
63434,2026-01-14,14:16:52,INFO,WebServer,Transaction tx493848 completed in 1110ms,E104,Transaction {tx} completed in {time}ms
63435,2026-01-14,14:49:51,INFO,WebServer,Page view: /home by u3459,E103,Page view: {page} by {user}
63436,2026-01-14,14:03:57,INFO,PaymentGateway,Page view: /home by u4363,E103,Page view: {page} by {user}
63437,2026-01-14,14:04:35,INFO,AuthService,User u3380 login successful,E101,User {user} login successful
63438,2026-01-14,14:58:30,INFO,WebServer,Health check passed: WebServer,E102,Health check passed: {service}
63439,2026-01-14,14:23:53,INFO,PaymentGateway,Page view: /home by u3423,E103,Page view: {page} by {user}
63440,2026-01-14,14:53:59,INFO,AuthService,Transaction tx580716 completed in 1034ms,E104,Transaction {tx} completed in {time}ms
63441,2026-01-14,14:07:50,INFO,WebServer,Page view: /home by u3172,E103,Page view: {page} by {user}
63442,2026-01-14,14:26:52,INFO,AuthService,Health check passed: AuthService,E102,Health check passed: {service}
63443,2026-01-14,14:00:42,INFO,PaymentGateway,User u3165 login successful,E101,User {user} login successful
63444,2026-01-14,14:48:07,INFO,WebServer,Page view: /home by u4905,E103,Page view: {page} by {user}
63445,2026-01-14,14:17:28,INFO,WebServer,Health check passed: WebServer,E102,Health check passed: {service}
63446,2026-01-14,14:42:32,INFO,WebServer,Transaction tx836354 completed in 1168ms,E104,Transaction {tx} completed in {time}ms
63447,2026-01-14,14:49:17,INFO,WebServer,Health check passed: WebServer,E102,Health check passed: {service}
63448,2026-01-14,14:53:54,INFO,InventoryDB,Page view: /home by u4789,E103,Page view: {page} by {user}
63449,2026-01-14,14:28:48,INFO,OrderProcessor,Transaction tx787272 completed in 588ms,E104,Transaction {tx} completed in {time}ms
63450,2026-01-14,14:23:25,INFO,WebServer,Page view: /home by u3998,E103,Page view: {page} by {user}
63451,2026-01-14,14:07:40,INFO,OrderProcessor,Page view: /home by u4029,E103,Page view: {page} by {user}
63452,2026-01-14,14:00:04,INFO,WebServer,Transaction tx492487 completed in 89ms,E104,Transaction {tx} completed in {time}ms
63453,2026-01-14,14:20:19,INFO,WebServer,Page view: /home by u4789,E103,Page view: {page} by {user}
63454,2026-01-14,14:17:22,INFO,OrderProcessor,Transaction tx128292 completed in 1580ms,E104,Transaction {tx} completed in {time}ms
63455,2026-01-14,14:46:03,INFO,WebServer,User u1881 login successful,E101,User {user} login successful
63456,2026-01-14,14:54:36,INFO,WebServer,Transaction tx581109 completed in 91ms,E104,Transaction {tx} completed in {time}ms
63457,2026-01-14,14:19:48,INFO,OrderProcessor,Health check passed: OrderProcessor,E102,Health check passed: {service}
63458,2026-01-14,14:26:40,INFO,WebServer,Transaction tx344712 completed in 995ms,E104,Transaction {tx} completed in {time}ms
63459,2026-01-14,14:18:19,INFO,AuthService,Page view: /home by u1728,E103,Page view: {page} by {user}
63460,2026-01-14,14:19:03,INFO,AuthService,Transaction tx492063 completed in 773ms,E104,Transaction {tx} completed in {time}ms
63461,2026-01-14,14:25:16,INFO,WebServer,Transaction tx423611 completed in 674ms,E104,Transaction {tx} completed in {time}ms
63462,2026-01-14,14:19:12,INFO,WebServer,Transaction tx192838 completed in 1715ms,E104,Transaction {tx} completed in {time}ms
63463,2026-01-14,14:26:17,INFO,WebServer,Page view: /home by u3500,E103,Page view: {page} by {user}
63464,2026-01-14,14:25:55,INFO,WebServer,Page view: /home by u3038,E103,Page view: {page} by {user}
63465,2026-01-14,14:50:26,INFO,WebServer,Transaction tx987759 completed in 1955ms,E104,Transaction {tx} completed in {time}ms
63466,2026-01-14,14:34:43,INFO,WebServer,User u3452 login successful,E101,User {user} login successful
63467,2026-01-14,14:05:03,INFO,WebServer,Page view: /home by u4180,E103,Page view: {page} by {user}
63468,2026-01-14,14:01:37,INFO,OrderProcessor,Health check passed: OrderProcessor,E102,Health check passed: {service}
63469,2026-01-14,14:07:42,INFO,WebServer,Page view: /home by u2735,E103,Page view: {page} by {user}
63470,2026-01-14,14:38:21,WARN,WebServer,High latency (1096ms) detected on WebServer,E201,High latency ({time}ms) detected on {service}
63471,2026-01-14,14:14:15,INFO,AuthService,Health check passed: AuthService,E102,Health check passed: {service}
63472,2026-01-14,14:06:00,INFO,InventoryDB,User u1905 login successful,E101,User {user} login successful
63473,2026-01-14,14:14:09,INFO,WebServer,Transaction tx755218 completed in 198ms,E104,Transaction {tx} completed in {time}ms
63474,2026-01-14,14:40:57,INFO,AuthService,Page view: /home by u2861,E103,Page view: {page} by {user}
63475,2026-01-14,14:36:03,INFO,PaymentGateway,Page view: /home by u2975,E103,Page view: {page} by {user}
63476,2026-01-14,14:02:58,INFO,AuthService,Health check passed: AuthService,E102,Health check passed: {service}
63477,2026-01-14,14:22:23,INFO,OrderProcessor,User u1118 login successful,E101,User {user} login successful
63478,2026-01-14,14:09:40,INFO,PaymentGateway,Health check passed: PaymentGateway,E102,Health check passed: {service}
63479,2026-01-14,14:33:32,INFO,PaymentGateway,Health check passed: PaymentGateway,E102,Health check passed: {service}
63480,2026-01-14,14:20:51,INFO,PaymentGateway,Health check passed: PaymentGateway,E102,Health check passed: {service}
63481,2026-01-14,14:05:19,INFO,WebServer,Health check passed: WebServer,E102,Health check passed: {service}
63482,2026-01-14,14:55:08,INFO,OrderProcessor,Health check passed: OrderProcessor,E102,Health check passed: {service}
63483,2026-01-14,14:01:14,INFO,WebServer,Health check passed: WebServer,E102,Health check passed: {service}
63484,2026-01-14,14:33:59,INFO,PaymentGateway,User u2505 login successful,E101,User {user} login successful
63485,2026-01-14,14:01:10,INFO,WebServer,Page view: /home by u3024,E103,Page view: {page} by {user}
63486,2026-01-14,14:56:26,INFO,PaymentGateway,User u1914 login successful,E101,User {user} login successful
63487,2026-01-14,14:21:47,INFO,WebServer,Health check passed: WebServer,E102,Health check passed: {service}
63488,2026-01-14,14:51:05,INFO,WebServer,User u1107 login successful,E101,User {user} login successful
63489,2026-01-14,14:34:44,INFO,PaymentGateway,Page view: /home by u3260,E103,Page view: {page} by {user}
63490,2026-01-14,14:21:55,INFO,OrderProcessor,Health check passed: OrderProcessor,E102,Health check passed: {service}
63491,2026-01-14,14:54:48,WARN,WebServer,Disk usage > 85% on node node-5,E202,Disk usage > 85% on node {node}
63492,2026-01-14,14:22:41,WARN,WebServer,Unauthorized access attempt from 10.0.0.12,E401,Unauthorized access attempt from {ip}
63493,2026-01-14,14:43:11,INFO,WebServer,Transaction tx705596 completed in 941ms,E104,Transaction {tx} completed in {time}ms
63494,2026-01-14,14:39:13,INFO,OrderProcessor,Page view: /home by u4122,E103,Page view: {page} by {user}
63495,2026-01-14,14:01:06,INFO,OrderProcessor,User u3577 login successful,E101,User {user} login successful
63496,2026-01-14,14:30:10,INFO,AuthService,User u4167 login successful,E101,User {user} login successful
63497,2026-01-14,14:27:07,INFO,OrderProcessor,Page view: /home by u2873,E103,Page view: {page} by {user}
63498,2026-01-14,14:14:53,INFO,WebServer,Health check passed: WebServer,E102,Health check passed: {service}
63499,2026-01-14,14:29:33,INFO,WebServer,Page view: /home by u2411,E103,Page view: {page} by {user}
63500,2026-01-14,14:25:37,INFO,AuthService,Transaction tx550272 completed in 1253ms,E104,Transaction {tx} completed in {time}ms
63501,2026-01-14,14:37:49,INFO,AuthService,Health check passed: AuthService,E102,Health check passed: {service}
63502,2026-01-14,14:40:26,INFO,WebServer,Transaction tx171407 completed in 1306ms,E104,Transaction {tx} completed in {time}ms
63503,2026-01-14,14:54:19,INFO,WebServer,Health check passed: WebServer,E102,Health check passed: {service}
63504,2026-01-14,14:30:21,INFO,WebServer,User u2836 login successful,E101,User {user} login successful
63505,2026-01-14,14:00:15,INFO,WebServer,Health check passed: WebServer,E102,Health check passed: {service}
63506,2026-01-14,14:20:13,INFO,AuthService,Page view: /home by u1320,E103,Page view: {page} by {user}
63507,2026-01-14,14:49:12,INFO,WebServer,Health check passed: WebServer,E102,Health check passed: {service}
63508,2026-01-14,14:19:54,INFO,WebServer,Transaction tx612498 completed in 1745ms,E104,Transaction {tx} completed in {time}ms
63509,2026-01-14,14:27:11,INFO,WebServer,User u1266 login successful,E101,User {user} login successful
63510,2026-01-14,14:34:20,INFO,WebServer,User u4560 login successful,E101,User {user} login successful
63511,2026-01-14,14:19:40,CRITICAL,OrderProcessor,DATA CORRUPTION detected in sector 251,E602,DATA CORRUPTION detected in sector {sector}
63512,2026-01-14,14:57:27,INFO,WebServer,Transaction tx533076 completed in 1543ms,E104,Transaction {tx} completed in {time}ms
63513,2026-01-14,14:07:40,INFO,InventoryDB,User u2472 login successful,E101,User {user} login successful
63514,2026-01-14,14:42:26,INFO,OrderProcessor,Transaction tx749466 completed in 1996ms,E104,Transaction {tx} completed in {time}ms
63515,2026-01-14,14:32:34,INFO,OrderProcessor,Transaction tx721292 completed in 1121ms,E104,Transaction {tx} completed in {time}ms
63516,2026-01-14,14:36:41,WARN,WebServer,High latency (76ms) detected on WebServer,E201,High latency ({time}ms) detected on {service}
63517,2026-01-14,14:53:47,INFO,WebServer,User u4645 login successful,E101,User {user} login successful
63518,2026-01-14,14:17:28,INFO,WebServer,Transaction tx494542 completed in 352ms,E104,Transaction {tx} completed in {time}ms
63519,2026-01-14,14:54:04,INFO,WebServer,User u3797 login successful,E101,User {user} login successful
63520,2026-01-14,14:31:46,INFO,AuthService,Transaction tx730589 completed in 1530ms,E104,Transaction {tx} completed in {time}ms
63521,2026-01-14,14:28:14,INFO,WebServer,User u3835 login successful,E101,User {user} login successful
63522,2026-01-14,14:49:11,INFO,OrderProcessor,User u1139 login successful,E101,User {user} login successful
63523,2026-01-14,14:31:12,INFO,WebServer,Health check passed: WebServer,E102,Health check passed: {service}
63524,2026-01-14,14:40:32,ERROR,AuthService,Connection refused to AuthService at 10.0.0.45,E501,Connection refused to {service} at {ip}
63525,2026-01-14,14:53:54,INFO,AuthService,Transaction tx359669 completed in 1876ms,E104,Transaction {tx} completed in {time}ms
63526,2026-01-14,14:58:48,WARN,PaymentGateway,Unauthorized access attempt from 10.0.0.45,E401,Unauthorized access attempt from {ip}
63527,2026-01-14,14:20:27,INFO,AuthService,Transaction tx768454 completed in 1080ms,E104,Transaction {tx} completed in {time}ms
63528,2026-01-14,14:17:32,INFO,PaymentGateway,Transaction tx245843 completed in 1681ms,E104,Transaction {tx} completed in {time}ms
63529,2026-01-14,14:22:52,INFO,WebServer,Transaction tx994364 completed in 1744ms,E104,Transaction {tx} completed in {time}ms
63530,2026-01-14,14:34:02,WARN,WebServer,High latency (1825ms) detected on WebServer,E201,High latency ({time}ms) detected on {service}
63531,2026-01-14,14:29:19,INFO,WebServer,User u3738 login successful,E101,User {user} login successful
63532,2026-01-14,14:34:17,INFO,WebServer,User u2850 login successful,E101,User {user} login successful
63533,2026-01-14,14:16:07,INFO,WebServer,User u4518 login successful,E101,User {user} login successful
63534,2026-01-14,14:53:24,INFO,AuthService,User u1665 login successful,E101,User {user} login successful
63535,2026-01-14,14:38:49,INFO,WebServer,User u4581 login successful,E101,User {user} login successful
63536,2026-01-14,14:54:56,INFO,PaymentGateway,Health check passed: PaymentGateway,E102,Health check passed: {service}
63537,2026-01-14,14:15:44,INFO,OrderProcessor,User u1584 login successful,E101,User {user} login successful
63538,2026-01-14,14:52:07,INFO,WebServer,Page view: /home by u2231,E103,Page view: {page} by {user}
63539,2026-01-14,14:10:37,INFO,OrderProcessor,Transaction tx453413 completed in 1265ms,E104,Transaction {tx} completed in {time}ms
63540,2026-01-14,14:33:47,CRITICAL,WebServer,KERNEL PANIC: Node node-3 crashed,E601,KERNEL PANIC: Node {node} crashed
63541,2026-01-14,14:31:50,INFO,WebServer,Health check passed: WebServer,E102,Health check passed: {service}
63542,2026-01-14,14:10:47,INFO,WebServer,User u2241 login successful,E101,User {user} login successful
63543,2026-01-14,14:44:39,INFO,AuthService,Transaction tx754545 completed in 449ms,E104,Transaction {tx} completed in {time}ms
63544,2026-01-14,14:11:59,INFO,AuthService,Transaction tx909042 completed in 1162ms,E104,Transaction {tx} completed in {time}ms
63545,2026-01-14,14:36:47,INFO,WebServer,User u1030 login successful,E101,User {user} login successful
63546,2026-01-14,14:28:51,INFO,WebServer,Page view: /home by u3342,E103,Page view: {page} by {user}
63547,2026-01-14,14:27:28,INFO,PaymentGateway,Transaction tx465376 completed in 378ms,E104,Transaction {tx} completed in {time}ms
63548,2026-01-14,14:01:17,INFO,WebServer,Health check passed: WebServer,E102,Health check passed: {service}
63549,2026-01-14,14:50:25,INFO,OrderProcessor,User u4156 login successful,E101,User {user} login successful
63550,2026-01-14,14:57:27,INFO,WebServer,Page view: /home by u2512,E103,Page view: {page} by {user}
63551,2026-01-14,14:43:36,INFO,WebServer,Transaction tx595994 completed in 1942ms,E104,Transaction {tx} completed in {time}ms
63552,2026-01-14,14:20:04,INFO,InventoryDB,Health check passed: InventoryDB,E102,Health check passed: {service}
63553,2026-01-14,14:17:57,INFO,AuthService,Transaction tx238045 completed in 1866ms,E104,Transaction {tx} completed in {time}ms
63554,2026-01-14,14:05:36,INFO,WebServer,User u1672 login successful,E101,User {user} login successful
63555,2026-01-14,14:58:05,INFO,OrderProcessor,User u3554 login successful,E101,User {user} login successful
63556,2026-01-14,14:59:41,INFO,PaymentGateway,Transaction tx134967 completed in 367ms,E104,Transaction {tx} completed in {time}ms
63557,2026-01-14,14:33:38,INFO,AuthService,Health check passed: AuthService,E102,Health check passed: {service}
63558,2026-01-14,14:54:32,INFO,WebServer,Health check passed: WebServer,E102,Health check passed: {service}
63559,2026-01-14,14:27:40,INFO,AuthService,Transaction tx516634 completed in 1299ms,E104,Transaction {tx} completed in {time}ms
63560,2026-01-14,14:39:39,INFO,WebServer,Health check passed: WebServer,E102,Health check passed: {service}
63561,2026-01-14,14:58:04,INFO,AuthService,Page view: /home by u4138,E103,Page view: {page} by {user}
63562,2026-01-14,14:45:11,WARN,WebServer,Disk usage > 85% on node node-1,E202,Disk usage > 85% on node {node}
63563,2026-01-14,14:37:10,INFO,OrderProcessor,Page view: /home by u4093,E103,Page view: {page} by {user}
63564,2026-01-14,14:54:07,WARN,AuthService,Disk usage > 85% on node node-5,E202,Disk usage > 85% on node {node}
63565,2026-01-14,14:58:44,INFO,WebServer,Transaction tx559612 completed in 1467ms,E104,Transaction {tx} completed in {time}ms
63566,2026-01-14,14:21:42,INFO,OrderProcessor,Health check passed: OrderProcessor,E102,Health check passed: {service}
63567,2026-01-14,14:31:39,INFO,WebServer,Page view: /home by u1204,E103,Page view: {page} by {user}
63568,2026-01-14,14:52:59,WARN,WebServer,Disk usage > 85% on node node-3,E202,Disk usage > 85% on node {node}
63569,2026-01-14,14:39:30,INFO,OrderProcessor,User u4181 login successful,E101,User {user} login successful
63570,2026-01-14,14:43:14,INFO,AuthService,Health check passed: AuthService,E102,Health check passed: {service}
63571,2026-01-14,14:57:20,INFO,WebServer,Transaction tx387083 completed in 1976ms,E104,Transaction {tx} completed in {time}ms
63572,2026-01-14,14:51:08,INFO,WebServer,Transaction tx273237 completed in 397ms,E104,Transaction {tx} completed in {time}ms
63573,2026-01-14,14:57:42,INFO,WebServer,Page view: /home by u2054,E103,Page view: {page} by {user}
63574,2026-01-14,14:56:03,INFO,OrderProcessor,User u2430 login successful,E101,User {user} login successful
63575,2026-01-14,14:03:42,INFO,WebServer,User u2007 login successful,E101,User {user} login successful
63576,2026-01-14,14:11:47,WARN,WebServer,High latency (861ms) detected on WebServer,E201,High latency ({time}ms) detected on {service}
63577,2026-01-14,14:25:05,INFO,WebServer,Health check passed: WebServer,E102,Health check passed: {service}
63578,2026-01-14,14:33:47,INFO,WebServer,Transaction tx522812 completed in 1460ms,E104,Transaction {tx} completed in {time}ms
63579,2026-01-14,14:57:45,INFO,PaymentGateway,Page view: /home by u2719,E103,Page view: {page} by {user}
63580,2026-01-14,14:18:22,INFO,WebServer,User u2233 login successful,E101,User {user} login successful
63581,2026-01-14,14:50:16,INFO,InventoryDB,Page view: /home by u1426,E103,Page view: {page} by {user}
63582,2026-01-14,14:27:58,INFO,WebServer,Transaction tx903083 completed in 1146ms,E104,Transaction {tx} completed in {time}ms
63583,2026-01-14,14:11:52,INFO,WebServer,User u3965 login successful,E101,User {user} login successful
63584,2026-01-14,14:37:36,INFO,WebServer,Transaction tx684065 completed in 1175ms,E104,Transaction {tx} completed in {time}ms
63585,2026-01-14,14:31:27,WARN,WebServer,High latency (675ms) detected on WebServer,E201,High latency ({time}ms) detected on {service}
63586,2026-01-14,14:12:13,INFO,WebServer,User u4550 login successful,E101,User {user} login successful
63587,2026-01-14,14:55:23,INFO,PaymentGateway,Health check passed: PaymentGateway,E102,Health check passed: {service}
63588,2026-01-14,14:12:02,INFO,AuthService,User u4258 login successful,E101,User {user} login successful
63589,2026-01-14,14:32:44,INFO,OrderProcessor,User u4728 login successful,E101,User {user} login successful
63590,2026-01-14,14:22:57,INFO,WebServer,User u3081 login successful,E101,User {user} login successful
63591,2026-01-14,14:35:48,INFO,WebServer,Transaction tx217363 completed in 1516ms,E104,Transaction {tx} completed in {time}ms
63592,2026-01-14,14:36:21,INFO,WebServer,Transaction tx732414 completed in 66ms,E104,Transaction {tx} completed in {time}ms
63593,2026-01-14,14:50:25,INFO,AuthService,Transaction tx784934 completed in 302ms,E104,Transaction {tx} completed in {time}ms
63594,2026-01-14,14:13:42,INFO,WebServer,User u3001 login successful,E101,User {user} login successful
63595,2026-01-14,14:57:26,INFO,WebServer,Health check passed: WebServer,E102,Health check passed: {service}
63596,2026-01-14,14:23:43,INFO,WebServer,User u3363 login successful,E101,User {user} login successful
63597,2026-01-14,14:52:15,INFO,AuthService,Page view: /home by u1294,E103,Page view: {page} by {user}
63598,2026-01-14,14:45:46,INFO,AuthService,Page view: /home by u3149,E103,Page view: {page} by {user}
63599,2026-01-14,14:13:41,INFO,WebServer,User u1523 login successful,E101,User {user} login successful
63600,2026-01-14,14:27:29,INFO,WebServer,Health check passed: WebServer,E102,Health check passed: {service}
63601,2026-01-14,14:34:50,INFO,WebServer,Transaction tx336362 completed in 1246ms,E104,Transaction {tx} completed in {time}ms
63602,2026-01-14,14:55:00,INFO,AuthService,Health check passed: AuthService,E102,Health check passed: {service}
63603,2026-01-14,14:55:03,INFO,WebServer,Health check passed: WebServer,E102,Health check passed: {service}
63604,2026-01-14,14:03:15,INFO,PaymentGateway,Health check passed: PaymentGateway,E102,Health check passed: {service}
63605,2026-01-14,14:57:39,INFO,AuthService,Health check passed: AuthService,E102,Health check passed: {service}
63606,2026-01-14,14:00:17,INFO,WebServer,Transaction tx104367 completed in 352ms,E104,Transaction {tx} completed in {time}ms
63607,2026-01-14,14:42:46,INFO,WebServer,Transaction tx135396 completed in 878ms,E104,Transaction {tx} completed in {time}ms
63608,2026-01-14,14:25:42,INFO,PaymentGateway,User u3358 login successful,E101,User {user} login successful
63609,2026-01-14,14:30:09,INFO,WebServer,User u2430 login successful,E101,User {user} login successful
63610,2026-01-14,14:00:51,INFO,AuthService,Health check passed: AuthService,E102,Health check passed: {service}
63611,2026-01-14,14:20:42,INFO,AuthService,Transaction tx126916 completed in 1794ms,E104,Transaction {tx} completed in {time}ms
63612,2026-01-14,14:40:59,INFO,WebServer,Transaction tx281445 completed in 1591ms,E104,Transaction {tx} completed in {time}ms
63613,2026-01-14,14:28:33,INFO,AuthService,Page view: /home by u3784,E103,Page view: {page} by {user}
63614,2026-01-14,14:17:55,WARN,OrderProcessor,Unauthorized access attempt from 10.0.0.45,E401,Unauthorized access attempt from {ip}
63615,2026-01-14,14:59:58,INFO,AuthService,User u4927 login successful,E101,User {user} login successful
63616,2026-01-14,14:53:59,INFO,PaymentGateway,User u4763 login successful,E101,User {user} login successful
63617,2026-01-14,14:10:39,INFO,WebServer,User u3024 login successful,E101,User {user} login successful
63618,2026-01-14,14:32:20,INFO,InventoryDB,Page view: /home by u1377,E103,Page view: {page} by {user}
63619,2026-01-14,14:35:10,INFO,InventoryDB,User u3786 login successful,E101,User {user} login successful
63620,2026-01-14,14:16:32,INFO,AuthService,User u4451 login successful,E101,User {user} login successful
63621,2026-01-14,14:01:19,INFO,WebServer,User u1825 login successful,E101,User {user} login successful
63622,2026-01-14,14:28:28,INFO,AuthService,Transaction tx250817 completed in 160ms,E104,Transaction {tx} completed in {time}ms
63623,2026-01-14,14:20:56,INFO,WebServer,User u1133 login successful,E101,User {user} login successful
63624,2026-01-14,14:29:49,INFO,AuthService,Health check passed: AuthService,E102,Health check passed: {service}
63625,2026-01-14,14:26:15,INFO,OrderProcessor,Health check passed: OrderProcessor,E102,Health check passed: {service}
63626,2026-01-14,14:37:29,ERROR,OrderProcessor,Payment declined: Gateway unavailable,E503,Payment declined: Gateway unavailable
63627,2026-01-14,14:45:39,INFO,AuthService,Transaction tx479324 completed in 68ms,E104,Transaction {tx} completed in {time}ms
63628,2026-01-14,14:21:09,INFO,OrderProcessor,Transaction tx596423 completed in 87ms,E104,Transaction {tx} completed in {time}ms
63629,2026-01-14,14:48:51,INFO,OrderProcessor,Health check passed: OrderProcessor,E102,Health check passed: {service}
63630,2026-01-14,14:51:31,INFO,WebServer,Transaction tx915727 completed in 1064ms,E104,Transaction {tx} completed in {time}ms
63631,2026-01-14,14:15:25,INFO,PaymentGateway,Health check passed: PaymentGateway,E102,Health check passed: {service}
63632,2026-01-14,14:29:53,WARN,WebServer,High latency (1302ms) detected on WebServer,E201,High latency ({time}ms) detected on {service}
63633,2026-01-14,14:59:28,INFO,InventoryDB,User u3710 login successful,E101,User {user} login successful
63634,2026-01-14,14:35:21,INFO,AuthService,Health check passed: AuthService,E102,Health check passed: {service}
63635,2026-01-14,14:23:11,WARN,OrderProcessor,High latency (69ms) detected on OrderProcessor,E201,High latency ({time}ms) detected on {service}
63636,2026-01-14,14:38:41,INFO,WebServer,Health check passed: WebServer,E102,Health check passed: {service}
63637,2026-01-14,14:52:14,INFO,WebServer,User u3600 login successful,E101,User {user} login successful
63638,2026-01-14,14:16:24,INFO,AuthService,Transaction tx993762 completed in 830ms,E104,Transaction {tx} completed in {time}ms
63639,2026-01-14,14:07:58,INFO,WebServer,Transaction tx981655 completed in 1128ms,E104,Transaction {tx} completed in {time}ms
63640,2026-01-14,14:25:06,INFO,WebServer,User u4048 login successful,E101,User {user} login successful
63641,2026-01-14,14:03:05,INFO,WebServer,Transaction tx409524 completed in 265ms,E104,Transaction {tx} completed in {time}ms
63642,2026-01-14,14:43:08,INFO,WebServer,Health check passed: WebServer,E102,Health check passed: {service}
63643,2026-01-14,14:37:27,WARN,OrderProcessor,Unauthorized access attempt from 10.0.0.10,E401,Unauthorized access attempt from {ip}
63644,2026-01-14,14:48:12,INFO,OrderProcessor,Health check passed: OrderProcessor,E102,Health check passed: {service}
63645,2026-01-14,14:12:41,INFO,WebServer,Transaction tx542004 completed in 984ms,E104,Transaction {tx} completed in {time}ms
63646,2026-01-14,14:42:55,INFO,AuthService,User u4906 login successful,E101,User {user} login successful
63647,2026-01-14,14:32:42,INFO,WebServer,User u4387 login successful,E101,User {user} login successful
63648,2026-01-14,14:36:25,INFO,PaymentGateway,Transaction tx303224 completed in 1775ms,E104,Transaction {tx} completed in {time}ms
63649,2026-01-14,14:41:18,WARN,AuthService,High latency (913ms) detected on AuthService,E201,High latency ({time}ms) detected on {service}
63650,2026-01-14,14:00:40,INFO,PaymentGateway,Health check passed: PaymentGateway,E102,Health check passed: {service}
63651,2026-01-14,14:57:23,INFO,AuthService,User u4782 login successful,E101,User {user} login successful
63652,2026-01-14,14:51:06,INFO,WebServer,Health check passed: WebServer,E102,Health check passed: {service}
63653,2026-01-14,14:32:22,INFO,OrderProcessor,Transaction tx315896 completed in 30ms,E104,Transaction {tx} completed in {time}ms
63654,2026-01-14,14:56:21,INFO,OrderProcessor,Transaction tx132064 completed in 167ms,E104,Transaction {tx} completed in {time}ms
63655,2026-01-14,14:27:48,INFO,PaymentGateway,Transaction tx704157 completed in 637ms,E104,Transaction {tx} completed in {time}ms
63656,2026-01-14,14:33:17,INFO,WebServer,Health check passed: WebServer,E102,Health check passed: {service}
63657,2026-01-14,14:46:51,WARN,PaymentGateway,Disk usage > 85% on node node-5,E202,Disk usage > 85% on node {node}
63658,2026-01-14,14:05:34,INFO,OrderProcessor,User u2252 login successful,E101,User {user} login successful
63659,2026-01-14,14:16:52,WARN,PaymentGateway,Unauthorized access attempt from 10.0.0.45,E401,Unauthorized access attempt from {ip}
63660,2026-01-14,14:22:33,INFO,PaymentGateway,Transaction tx420577 completed in 405ms,E104,Transaction {tx} completed in {time}ms
63661,2026-01-14,14:49:04,INFO,AuthService,User u4757 login successful,E101,User {user} login successful
63662,2026-01-14,14:54:04,WARN,WebServer,Disk usage > 85% on node node-2,E202,Disk usage > 85% on node {node}
63663,2026-01-14,14:24:45,INFO,PaymentGateway,Page view: /home by u4398,E103,Page view: {page} by {user}
63664,2026-01-14,14:00:38,INFO,WebServer,Transaction tx775579 completed in 1659ms,E104,Transaction {tx} completed in {time}ms
63665,2026-01-14,14:58:20,INFO,AuthService,Transaction tx570989 completed in 750ms,E104,Transaction {tx} completed in {time}ms
63666,2026-01-14,14:24:22,INFO,AuthService,Health check passed: AuthService,E102,Health check passed: {service}
63667,2026-01-14,14:57:32,INFO,AuthService,Transaction tx509037 completed in 1276ms,E104,Transaction {tx} completed in {time}ms
63668,2026-01-14,14:46:00,INFO,AuthService,Health check passed: AuthService,E102,Health check passed: {service}
63669,2026-01-14,14:24:26,INFO,WebServer,Transaction tx791459 completed in 1637ms,E104,Transaction {tx} completed in {time}ms
63670,2026-01-14,14:45:04,INFO,InventoryDB,Health check passed: InventoryDB,E102,Health check passed: {service}
63671,2026-01-14,14:42:32,INFO,PaymentGateway,Transaction tx624382 completed in 854ms,E104,Transaction {tx} completed in {time}ms
63672,2026-01-14,14:07:28,INFO,AuthService,Health check passed: AuthService,E102,Health check passed: {service}
63673,2026-01-14,14:29:14,INFO,AuthService,Health check passed: AuthService,E102,Health check passed: {service}
63674,2026-01-14,14:08:41,WARN,WebServer,Unauthorized access attempt from 10.0.0.12,E401,Unauthorized access attempt from {ip}
63675,2026-01-14,14:20:26,INFO,WebServer,Transaction tx435150 completed in 1804ms,E104,Transaction {tx} completed in {time}ms
63676,2026-01-14,14:05:05,INFO,AuthService,Transaction tx680031 completed in 297ms,E104,Transaction {tx} completed in {time}ms
63677,2026-01-14,14:21:26,INFO,PaymentGateway,Page view: /home by u1891,E103,Page view: {page} by {user}
63678,2026-01-14,14:34:12,INFO,PaymentGateway,Transaction tx486658 completed in 1405ms,E104,Transaction {tx} completed in {time}ms
63679,2026-01-14,14:25:36,INFO,WebServer,Page view: /home by u3532,E103,Page view: {page} by {user}
63680,2026-01-14,14:24:30,INFO,AuthService,User u1841 login successful,E101,User {user} login successful
63681,2026-01-14,14:10:20,INFO,InventoryDB,Health check passed: InventoryDB,E102,Health check passed: {service}
63682,2026-01-14,14:06:00,INFO,WebServer,User u3513 login successful,E101,User {user} login successful
63683,2026-01-14,14:38:25,INFO,PaymentGateway,Page view: /home by u4171,E103,Page view: {page} by {user}
63684,2026-01-14,14:33:55,INFO,PaymentGateway,Page view: /home by u1659,E103,Page view: {page} by {user}
63685,2026-01-14,14:57:49,INFO,WebServer,Page view: /home by u4896,E103,Page view: {page} by {user}
63686,2026-01-14,14:29:48,INFO,WebServer,User u3262 login successful,E101,User {user} login successful
63687,2026-01-14,14:29:28,INFO,OrderProcessor,User u1228 login successful,E101,User {user} login successful
63688,2026-01-14,14:22:47,INFO,WebServer,User u1477 login successful,E101,User {user} login successful
63689,2026-01-14,14:10:29,INFO,OrderProcessor,Health check passed: OrderProcessor,E102,Health check passed: {service}
63690,2026-01-14,14:27:58,INFO,OrderProcessor,User u1346 login successful,E101,User {user} login successful
63691,2026-01-14,14:11:57,INFO,AuthService,User u4038 login successful,E101,User {user} login successful
63692,2026-01-14,14:09:25,INFO,WebServer,Page view: /home by u1077,E103,Page view: {page} by {user}
63693,2026-01-14,14:17:28,INFO,WebServer,Page view: /home by u4182,E103,Page view: {page} by {user}
63694,2026-01-14,14:57:21,INFO,WebServer,Page view: /home by u1418,E103,Page view: {page} by {user}
63695,2026-01-14,14:21:46,INFO,PaymentGateway,Page view: /home by u2085,E103,Page view: {page} by {user}
63696,2026-01-14,14:00:12,INFO,WebServer,User u1027 login successful,E101,User {user} login successful
63697,2026-01-14,14:08:13,INFO,WebServer,User u4987 login successful,E101,User {user} login successful
63698,2026-01-14,14:38:19,INFO,InventoryDB,User u1907 login successful,E101,User {user} login successful
63699,2026-01-14,14:16:36,INFO,OrderProcessor,Health check passed: OrderProcessor,E102,Health check passed: {service}
63700,2026-01-14,14:23:13,INFO,WebServer,User u1112 login successful,E101,User {user} login successful
63701,2026-01-14,14:41:11,INFO,WebServer,Transaction tx284911 completed in 882ms,E104,Transaction {tx} completed in {time}ms
63702,2026-01-14,14:19:28,INFO,WebServer,Transaction tx890456 completed in 942ms,E104,Transaction {tx} completed in {time}ms
63703,2026-01-14,14:35:00,INFO,WebServer,Health check passed: WebServer,E102,Health check passed: {service}
63704,2026-01-14,14:37:55,INFO,WebServer,Transaction tx465666 completed in 65ms,E104,Transaction {tx} completed in {time}ms
63705,2026-01-14,14:08:55,INFO,WebServer,Health check passed: WebServer,E102,Health check passed: {service}
63706,2026-01-14,14:58:27,INFO,WebServer,Page view: /home by u4167,E103,Page view: {page} by {user}
63707,2026-01-14,14:50:11,INFO,WebServer,Page view: /home by u3130,E103,Page view: {page} by {user}
63708,2026-01-14,14:30:44,INFO,WebServer,Page view: /home by u4777,E103,Page view: {page} by {user}
63709,2026-01-14,14:06:03,INFO,WebServer,Transaction tx876825 completed in 165ms,E104,Transaction {tx} completed in {time}ms
63710,2026-01-14,14:59:56,INFO,WebServer,Transaction tx306723 completed in 1537ms,E104,Transaction {tx} completed in {time}ms
63711,2026-01-14,14:59:05,INFO,WebServer,Page view: /home by u2820,E103,Page view: {page} by {user}
63712,2026-01-14,14:30:02,INFO,WebServer,Transaction tx678952 completed in 158ms,E104,Transaction {tx} completed in {time}ms
63713,2026-01-14,14:04:35,INFO,OrderProcessor,Health check passed: OrderProcessor,E102,Health check passed: {service}
63714,2026-01-14,14:50:34,INFO,OrderProcessor,Health check passed: OrderProcessor,E102,Health check passed: {service}
63715,2026-01-14,14:25:21,INFO,PaymentGateway,Transaction tx305884 completed in 1065ms,E104,Transaction {tx} completed in {time}ms
63716,2026-01-14,14:30:20,INFO,AuthService,Page view: /home by u3641,E103,Page view: {page} by {user}
63717,2026-01-14,14:07:18,INFO,WebServer,Health check passed: WebServer,E102,Health check passed: {service}
63718,2026-01-14,14:13:16,INFO,PaymentGateway,User u2277 login successful,E101,User {user} login successful
63719,2026-01-14,14:24:59,INFO,AuthService,User u3916 login successful,E101,User {user} login successful
63720,2026-01-14,14:07:08,ERROR,InventoryDB,Connection refused to InventoryDB at 10.0.0.12,E501,Connection refused to {service} at {ip}
63721,2026-01-14,14:03:39,INFO,WebServer,Transaction tx377945 completed in 1549ms,E104,Transaction {tx} completed in {time}ms
63722,2026-01-14,14:51:54,INFO,PaymentGateway,Transaction tx659392 completed in 1910ms,E104,Transaction {tx} completed in {time}ms
63723,2026-01-14,14:06:31,INFO,OrderProcessor,Health check passed: OrderProcessor,E102,Health check passed: {service}
63724,2026-01-14,14:38:54,INFO,WebServer,User u4803 login successful,E101,User {user} login successful
63725,2026-01-14,14:09:28,INFO,AuthService,User u1119 login successful,E101,User {user} login successful
63726,2026-01-14,14:19:25,INFO,OrderProcessor,Page view: /home by u1562,E103,Page view: {page} by {user}
63727,2026-01-14,14:37:45,INFO,PaymentGateway,User u2681 login successful,E101,User {user} login successful
63728,2026-01-14,14:50:06,INFO,OrderProcessor,User u1571 login successful,E101,User {user} login successful
63729,2026-01-14,14:53:38,INFO,WebServer,Transaction tx425712 completed in 851ms,E104,Transaction {tx} completed in {time}ms
63730,2026-01-14,14:44:48,INFO,WebServer,User u1866 login successful,E101,User {user} login successful
63731,2026-01-14,14:55:01,INFO,WebServer,Page view: /home by u4603,E103,Page view: {page} by {user}
63732,2026-01-14,14:27:09,INFO,WebServer,Transaction tx799201 completed in 1813ms,E104,Transaction {tx} completed in {time}ms
63733,2026-01-14,14:11:02,INFO,AuthService,Transaction tx846377 completed in 842ms,E104,Transaction {tx} completed in {time}ms
63734,2026-01-14,14:21:49,INFO,AuthService,Page view: /home by u2728,E103,Page view: {page} by {user}
63735,2026-01-14,14:21:29,INFO,WebServer,User u3983 login successful,E101,User {user} login successful
63736,2026-01-14,14:37:33,INFO,WebServer,Transaction tx306112 completed in 977ms,E104,Transaction {tx} completed in {time}ms
63737,2026-01-14,14:57:22,INFO,WebServer,User u1988 login successful,E101,User {user} login successful
63738,2026-01-14,14:04:59,CRITICAL,WebServer,DATA CORRUPTION detected in sector 956,E602,DATA CORRUPTION detected in sector {sector}
63739,2026-01-14,14:07:47,INFO,WebServer,User u3151 login successful,E101,User {user} login successful
63740,2026-01-14,14:16:18,INFO,OrderProcessor,Health check passed: OrderProcessor,E102,Health check passed: {service}
63741,2026-01-14,14:28:11,INFO,AuthService,Page view: /home by u4097,E103,Page view: {page} by {user}
63742,2026-01-14,14:49:25,INFO,WebServer,Health check passed: WebServer,E102,Health check passed: {service}
63743,2026-01-14,14:35:15,INFO,AuthService,Page view: /home by u4052,E103,Page view: {page} by {user}
63744,2026-01-14,14:18:46,INFO,WebServer,Transaction tx544533 completed in 450ms,E104,Transaction {tx} completed in {time}ms
63745,2026-01-14,14:24:44,INFO,WebServer,Transaction tx721539 completed in 43ms,E104,Transaction {tx} completed in {time}ms
63746,2026-01-14,14:35:31,INFO,WebServer,Page view: /home by u4410,E103,Page view: {page} by {user}
63747,2026-01-14,14:49:10,INFO,InventoryDB,User u3711 login successful,E101,User {user} login successful
63748,2026-01-14,14:17:32,INFO,InventoryDB,Transaction tx879910 completed in 453ms,E104,Transaction {tx} completed in {time}ms
63749,2026-01-14,14:34:00,INFO,WebServer,Transaction tx701123 completed in 441ms,E104,Transaction {tx} completed in {time}ms
63750,2026-01-14,14:17:32,INFO,WebServer,Transaction tx508001 completed in 836ms,E104,Transaction {tx} completed in {time}ms
63751,2026-01-14,14:01:36,INFO,WebServer,Page view: /home by u4708,E103,Page view: {page} by {user}
63752,2026-01-14,14:52:25,INFO,AuthService,Health check passed: AuthService,E102,Health check passed: {service}
63753,2026-01-14,14:31:55,INFO,WebServer,Page view: /home by u1704,E103,Page view: {page} by {user}
63754,2026-01-14,14:09:16,INFO,WebServer,Transaction tx265126 completed in 519ms,E104,Transaction {tx} completed in {time}ms
63755,2026-01-14,14:34:37,INFO,PaymentGateway,Health check passed: PaymentGateway,E102,Health check passed: {service}
63756,2026-01-14,14:19:10,INFO,AuthService,Transaction tx614504 completed in 1893ms,E104,Transaction {tx} completed in {time}ms
63757,2026-01-14,14:56:37,INFO,AuthService,Page view: /home by u3297,E103,Page view: {page} by {user}
63758,2026-01-14,14:04:50,INFO,WebServer,Health check passed: WebServer,E102,Health check passed: {service}
63759,2026-01-14,14:26:53,INFO,WebServer,Transaction tx178216 completed in 227ms,E104,Transaction {tx} completed in {time}ms
63760,2026-01-14,14:44:02,INFO,OrderProcessor,Transaction tx312027 completed in 1646ms,E104,Transaction {tx} completed in {time}ms
63761,2026-01-14,14:51:26,INFO,WebServer,Health check passed: WebServer,E102,Health check passed: {service}
63762,2026-01-14,14:33:58,INFO,AuthService,Health check passed: AuthService,E102,Health check passed: {service}
63763,2026-01-14,14:58:44,INFO,AuthService,Transaction tx512804 completed in 821ms,E104,Transaction {tx} completed in {time}ms
63764,2026-01-14,14:39:37,INFO,WebServer,Page view: /home by u3216,E103,Page view: {page} by {user}
63765,2026-01-14,14:45:08,INFO,AuthService,Page view: /home by u3724,E103,Page view: {page} by {user}
63766,2026-01-14,14:38:48,INFO,WebServer,Page view: /home by u3673,E103,Page view: {page} by {user}
63767,2026-01-14,14:57:18,ERROR,AuthService,Connection refused to AuthService at 10.0.0.45,E501,Connection refused to {service} at {ip}
63768,2026-01-14,14:08:30,INFO,WebServer,Transaction tx315675 completed in 55ms,E104,Transaction {tx} completed in {time}ms
63769,2026-01-14,14:03:12,INFO,OrderProcessor,Page view: /home by u1528,E103,Page view: {page} by {user}
63770,2026-01-14,14:18:03,INFO,AuthService,User u4337 login successful,E101,User {user} login successful
63771,2026-01-14,14:32:09,INFO,WebServer,User u3400 login successful,E101,User {user} login successful
63772,2026-01-14,14:54:16,INFO,WebServer,Page view: /home by u4615,E103,Page view: {page} by {user}
63773,2026-01-14,14:21:57,INFO,AuthService,Transaction tx984281 completed in 674ms,E104,Transaction {tx} completed in {time}ms
63774,2026-01-14,14:25:48,INFO,WebServer,User u2682 login successful,E101,User {user} login successful
63775,2026-01-14,14:25:32,INFO,WebServer,Transaction tx521636 completed in 1740ms,E104,Transaction {tx} completed in {time}ms
63776,2026-01-14,14:54:02,INFO,OrderProcessor,Health check passed: OrderProcessor,E102,Health check passed: {service}
63777,2026-01-14,14:24:37,INFO,PaymentGateway,Page view: /home by u4028,E103,Page view: {page} by {user}
63778,2026-01-14,14:41:45,INFO,WebServer,Transaction tx800004 completed in 527ms,E104,Transaction {tx} completed in {time}ms
63779,2026-01-14,14:34:03,INFO,AuthService,Transaction tx263228 completed in 453ms,E104,Transaction {tx} completed in {time}ms
63780,2026-01-14,14:29:40,INFO,WebServer,Page view: /home by u2920,E103,Page view: {page} by {user}
63781,2026-01-14,14:51:13,INFO,WebServer,User u3361 login successful,E101,User {user} login successful
63782,2026-01-14,14:54:56,INFO,WebServer,Health check passed: WebServer,E102,Health check passed: {service}
63783,2026-01-14,14:49:12,INFO,WebServer,Transaction tx744862 completed in 1941ms,E104,Transaction {tx} completed in {time}ms
63784,2026-01-14,14:59:31,INFO,WebServer,Health check passed: WebServer,E102,Health check passed: {service}
63785,2026-01-14,14:38:49,INFO,OrderProcessor,Health check passed: OrderProcessor,E102,Health check passed: {service}
63786,2026-01-14,14:38:28,INFO,OrderProcessor,User u2473 login successful,E101,User {user} login successful
63787,2026-01-14,14:36:46,INFO,WebServer,Health check passed: WebServer,E102,Health check passed: {service}
63788,2026-01-14,14:12:05,INFO,WebServer,Transaction tx114489 completed in 1891ms,E104,Transaction {tx} completed in {time}ms
63789,2026-01-14,14:51:33,INFO,WebServer,Transaction tx231192 completed in 269ms,E104,Transaction {tx} completed in {time}ms
63790,2026-01-14,14:42:11,INFO,WebServer,Transaction tx956792 completed in 1202ms,E104,Transaction {tx} completed in {time}ms
63791,2026-01-14,14:22:52,ERROR,WebServer,Connection refused to WebServer at 192.168.1.5,E501,Connection refused to {service} at {ip}
63792,2026-01-14,14:11:39,INFO,AuthService,User u4397 login successful,E101,User {user} login successful
63793,2026-01-14,14:14:13,INFO,WebServer,User u2241 login successful,E101,User {user} login successful
63794,2026-01-14,14:13:58,INFO,OrderProcessor,Health check passed: OrderProcessor,E102,Health check passed: {service}
63795,2026-01-14,14:55:39,INFO,WebServer,Page view: /home by u4474,E103,Page view: {page} by {user}
63796,2026-01-14,14:53:03,INFO,WebServer,Page view: /home by u2784,E103,Page view: {page} by {user}
63797,2026-01-14,14:55:09,INFO,WebServer,Page view: /home by u1403,E103,Page view: {page} by {user}
63798,2026-01-14,14:29:57,INFO,InventoryDB,Health check passed: InventoryDB,E102,Health check passed: {service}
63799,2026-01-14,14:46:57,INFO,WebServer,Page view: /home by u2406,E103,Page view: {page} by {user}
63800,2026-01-14,14:45:04,INFO,WebServer,User u4761 login successful,E101,User {user} login successful
63801,2026-01-14,14:59:05,INFO,PaymentGateway,Page view: /home by u4165,E103,Page view: {page} by {user}
63802,2026-01-14,14:14:42,INFO,AuthService,User u1348 login successful,E101,User {user} login successful
63803,2026-01-14,14:10:46,WARN,WebServer,Disk usage > 85% on node node-1,E202,Disk usage > 85% on node {node}
63804,2026-01-14,14:37:41,INFO,OrderProcessor,Transaction tx660718 completed in 821ms,E104,Transaction {tx} completed in {time}ms
63805,2026-01-14,14:34:55,INFO,AuthService,Transaction tx574116 completed in 1513ms,E104,Transaction {tx} completed in {time}ms
63806,2026-01-14,14:45:29,INFO,WebServer,Page view: /home by u2364,E103,Page view: {page} by {user}
63807,2026-01-14,14:27:28,INFO,WebServer,Page view: /home by u4645,E103,Page view: {page} by {user}
63808,2026-01-14,14:39:42,INFO,OrderProcessor,Health check passed: OrderProcessor,E102,Health check passed: {service}
63809,2026-01-14,14:33:32,INFO,WebServer,Page view: /home by u4442,E103,Page view: {page} by {user}
63810,2026-01-14,14:50:29,INFO,AuthService,User u1375 login successful,E101,User {user} login successful
63811,2026-01-14,14:27:57,INFO,WebServer,Transaction tx821222 completed in 582ms,E104,Transaction {tx} completed in {time}ms
63812,2026-01-14,14:35:40,INFO,AuthService,Transaction tx582732 completed in 1852ms,E104,Transaction {tx} completed in {time}ms
63813,2026-01-14,14:34:31,INFO,WebServer,Page view: /home by u4515,E103,Page view: {page} by {user}
63814,2026-01-14,14:42:33,INFO,OrderProcessor,Health check passed: OrderProcessor,E102,Health check passed: {service}
63815,2026-01-14,14:14:57,INFO,PaymentGateway,Transaction tx967544 completed in 211ms,E104,Transaction {tx} completed in {time}ms
63816,2026-01-14,14:16:59,INFO,WebServer,Transaction tx317461 completed in 1179ms,E104,Transaction {tx} completed in {time}ms
63817,2026-01-14,14:02:04,INFO,WebServer,Transaction tx881862 completed in 874ms,E104,Transaction {tx} completed in {time}ms
63818,2026-01-14,14:25:33,INFO,PaymentGateway,Health check passed: PaymentGateway,E102,Health check passed: {service}
63819,2026-01-14,14:55:25,INFO,AuthService,Page view: /home by u4814,E103,Page view: {page} by {user}
63820,2026-01-14,14:03:52,INFO,WebServer,User u3810 login successful,E101,User {user} login successful
63821,2026-01-14,14:33:51,INFO,WebServer,Page view: /home by u1359,E103,Page view: {page} by {user}
63822,2026-01-14,14:42:52,WARN,WebServer,High latency (1964ms) detected on WebServer,E201,High latency ({time}ms) detected on {service}
63823,2026-01-14,14:12:01,INFO,WebServer,User u1946 login successful,E101,User {user} login successful
63824,2026-01-14,14:59:50,INFO,AuthService,User u2041 login successful,E101,User {user} login successful
63825,2026-01-14,14:52:05,WARN,WebServer,Disk usage > 85% on node node-4,E202,Disk usage > 85% on node {node}
63826,2026-01-14,14:36:46,INFO,AuthService,Transaction tx542436 completed in 1259ms,E104,Transaction {tx} completed in {time}ms
63827,2026-01-14,14:02:36,INFO,WebServer,Transaction tx424171 completed in 1066ms,E104,Transaction {tx} completed in {time}ms
63828,2026-01-14,14:54:51,INFO,WebServer,User u1893 login successful,E101,User {user} login successful
63829,2026-01-14,14:44:09,INFO,WebServer,Page view: /home by u1657,E103,Page view: {page} by {user}
63830,2026-01-14,14:00:52,INFO,WebServer,User u4191 login successful,E101,User {user} login successful
63831,2026-01-14,14:31:32,INFO,PaymentGateway,Health check passed: PaymentGateway,E102,Health check passed: {service}
63832,2026-01-14,14:41:16,INFO,WebServer,User u4730 login successful,E101,User {user} login successful
63833,2026-01-14,14:01:05,INFO,AuthService,Transaction tx364435 completed in 1554ms,E104,Transaction {tx} completed in {time}ms
63834,2026-01-14,14:58:36,INFO,WebServer,User u2472 login successful,E101,User {user} login successful
63835,2026-01-14,14:33:56,INFO,WebServer,Transaction tx542410 completed in 969ms,E104,Transaction {tx} completed in {time}ms
63836,2026-01-14,14:43:50,INFO,WebServer,Page view: /home by u2226,E103,Page view: {page} by {user}
63837,2026-01-14,14:13:38,INFO,OrderProcessor,Transaction tx287352 completed in 376ms,E104,Transaction {tx} completed in {time}ms
63838,2026-01-14,14:11:08,INFO,OrderProcessor,Health check passed: OrderProcessor,E102,Health check passed: {service}
63839,2026-01-14,14:30:49,INFO,OrderProcessor,Transaction tx438653 completed in 1513ms,E104,Transaction {tx} completed in {time}ms
63840,2026-01-14,14:59:36,INFO,AuthService,Page view: /home by u3751,E103,Page view: {page} by {user}
63841,2026-01-14,14:05:04,INFO,WebServer,Page view: /home by u2477,E103,Page view: {page} by {user}
63842,2026-01-14,14:53:35,INFO,WebServer,Page view: /home by u3329,E103,Page view: {page} by {user}
63843,2026-01-14,14:07:09,INFO,WebServer,Transaction tx379106 completed in 1928ms,E104,Transaction {tx} completed in {time}ms
63844,2026-01-14,14:21:47,INFO,OrderProcessor,Transaction tx677009 completed in 1397ms,E104,Transaction {tx} completed in {time}ms
63845,2026-01-14,14:39:34,INFO,AuthService,Transaction tx889090 completed in 1447ms,E104,Transaction {tx} completed in {time}ms
63846,2026-01-14,14:42:20,INFO,InventoryDB,User u4622 login successful,E101,User {user} login successful
63847,2026-01-14,14:02:48,INFO,AuthService,User u4780 login successful,E101,User {user} login successful
63848,2026-01-14,14:34:22,INFO,AuthService,Transaction tx849281 completed in 1026ms,E104,Transaction {tx} completed in {time}ms
63849,2026-01-14,14:50:11,INFO,PaymentGateway,Health check passed: PaymentGateway,E102,Health check passed: {service}
63850,2026-01-14,14:37:13,INFO,AuthService,Page view: /home by u4864,E103,Page view: {page} by {user}
63851,2026-01-14,14:48:58,INFO,WebServer,User u4907 login successful,E101,User {user} login successful
63852,2026-01-14,14:09:15,INFO,AuthService,User u2958 login successful,E101,User {user} login successful
63853,2026-01-14,14:03:26,INFO,WebServer,Transaction tx585707 completed in 499ms,E104,Transaction {tx} completed in {time}ms
63854,2026-01-14,14:05:10,INFO,AuthService,Health check passed: AuthService,E102,Health check passed: {service}
63855,2026-01-14,14:30:47,INFO,WebServer,User u3334 login successful,E101,User {user} login successful
63856,2026-01-14,14:36:04,INFO,WebServer,User u1944 login successful,E101,User {user} login successful
63857,2026-01-14,14:08:44,INFO,WebServer,User u3805 login successful,E101,User {user} login successful
63858,2026-01-14,14:47:48,INFO,WebServer,Transaction tx930572 completed in 1531ms,E104,Transaction {tx} completed in {time}ms
63859,2026-01-14,14:15:06,INFO,WebServer,Transaction tx799349 completed in 400ms,E104,Transaction {tx} completed in {time}ms
63860,2026-01-14,14:24:54,WARN,PaymentGateway,Disk usage > 85% on node node-1,E202,Disk usage > 85% on node {node}
63861,2026-01-14,14:53:50,INFO,WebServer,Health check passed: WebServer,E102,Health check passed: {service}
63862,2026-01-14,14:21:24,INFO,AuthService,Page view: /home by u1346,E103,Page view: {page} by {user}
63863,2026-01-14,14:05:19,INFO,PaymentGateway,Page view: /home by u1377,E103,Page view: {page} by {user}
63864,2026-01-14,14:58:56,INFO,WebServer,Page view: /home by u4776,E103,Page view: {page} by {user}
63865,2026-01-14,14:21:20,INFO,WebServer,User u4042 login successful,E101,User {user} login successful
63866,2026-01-14,14:59:27,INFO,PaymentGateway,Health check passed: PaymentGateway,E102,Health check passed: {service}
63867,2026-01-14,14:35:54,WARN,WebServer,Unauthorized access attempt from 10.0.0.45,E401,Unauthorized access attempt from {ip}
63868,2026-01-14,14:11:49,WARN,WebServer,Disk usage > 85% on node node-1,E202,Disk usage > 85% on node {node}
63869,2026-01-14,14:55:32,INFO,AuthService,Health check passed: AuthService,E102,Health check passed: {service}
63870,2026-01-14,14:12:37,INFO,OrderProcessor,Page view: /home by u2208,E103,Page view: {page} by {user}
63871,2026-01-14,14:22:18,INFO,WebServer,Transaction tx884789 completed in 1077ms,E104,Transaction {tx} completed in {time}ms
63872,2026-01-14,14:19:46,WARN,PaymentGateway,High latency (1312ms) detected on PaymentGateway,E201,High latency ({time}ms) detected on {service}
63873,2026-01-14,14:43:11,WARN,WebServer,Disk usage > 85% on node node-5,E202,Disk usage > 85% on node {node}
63874,2026-01-14,14:05:47,INFO,WebServer,Health check passed: WebServer,E102,Health check passed: {service}
63875,2026-01-14,14:21:42,WARN,PaymentGateway,Unauthorized access attempt from 10.0.0.45,E401,Unauthorized access attempt from {ip}
63876,2026-01-14,14:14:26,INFO,WebServer,Transaction tx529100 completed in 29ms,E104,Transaction {tx} completed in {time}ms
63877,2026-01-14,14:04:18,INFO,OrderProcessor,User u2300 login successful,E101,User {user} login successful
63878,2026-01-14,14:18:45,INFO,WebServer,Transaction tx137818 completed in 174ms,E104,Transaction {tx} completed in {time}ms
63879,2026-01-14,14:35:46,INFO,WebServer,User u2852 login successful,E101,User {user} login successful
63880,2026-01-14,14:15:17,INFO,WebServer,Health check passed: WebServer,E102,Health check passed: {service}
63881,2026-01-14,14:01:29,ERROR,WebServer,Timeout waiting for lock on InventoryDB,E502,Timeout waiting for lock on {db}
63882,2026-01-14,14:32:11,INFO,PaymentGateway,User u4009 login successful,E101,User {user} login successful
63883,2026-01-14,14:32:05,INFO,OrderProcessor,Page view: /home by u1313,E103,Page view: {page} by {user}
63884,2026-01-14,14:15:10,INFO,WebServer,Health check passed: WebServer,E102,Health check passed: {service}
63885,2026-01-14,14:46:03,INFO,PaymentGateway,Page view: /home by u2296,E103,Page view: {page} by {user}
63886,2026-01-14,14:36:03,INFO,WebServer,Transaction tx790377 completed in 164ms,E104,Transaction {tx} completed in {time}ms
63887,2026-01-14,14:06:58,INFO,AuthService,User u3972 login successful,E101,User {user} login successful
63888,2026-01-14,14:08:01,INFO,WebServer,User u1976 login successful,E101,User {user} login successful
63889,2026-01-14,14:42:58,INFO,PaymentGateway,Page view: /home by u4292,E103,Page view: {page} by {user}
63890,2026-01-14,14:44:21,INFO,WebServer,Page view: /home by u2540,E103,Page view: {page} by {user}
63891,2026-01-14,14:32:09,INFO,WebServer,User u1595 login successful,E101,User {user} login successful
63892,2026-01-14,14:57:46,INFO,OrderProcessor,Transaction tx413150 completed in 1347ms,E104,Transaction {tx} completed in {time}ms
63893,2026-01-14,14:23:01,INFO,WebServer,Page view: /home by u2114,E103,Page view: {page} by {user}
63894,2026-01-14,14:12:18,INFO,WebServer,Page view: /home by u2656,E103,Page view: {page} by {user}
63895,2026-01-14,14:35:16,INFO,WebServer,Health check passed: WebServer,E102,Health check passed: {service}
63896,2026-01-14,14:41:59,INFO,AuthService,Transaction tx534940 completed in 174ms,E104,Transaction {tx} completed in {time}ms
63897,2026-01-14,14:25:38,WARN,WebServer,Disk usage > 85% on node node-2,E202,Disk usage > 85% on node {node}
63898,2026-01-14,14:07:01,INFO,WebServer,Health check passed: WebServer,E102,Health check passed: {service}
63899,2026-01-14,14:40:39,INFO,PaymentGateway,User u3616 login successful,E101,User {user} login successful
63900,2026-01-14,14:34:57,INFO,WebServer,Health check passed: WebServer,E102,Health check passed: {service}
63901,2026-01-14,14:14:37,INFO,WebServer,Health check passed: WebServer,E102,Health check passed: {service}
63902,2026-01-14,14:39:24,INFO,PaymentGateway,User u1532 login successful,E101,User {user} login successful
63903,2026-01-14,14:31:05,INFO,AuthService,Page view: /home by u1435,E103,Page view: {page} by {user}
63904,2026-01-14,14:58:47,INFO,OrderProcessor,Page view: /home by u3409,E103,Page view: {page} by {user}
63905,2026-01-14,14:13:41,INFO,OrderProcessor,Transaction tx860209 completed in 568ms,E104,Transaction {tx} completed in {time}ms
63906,2026-01-14,14:57:48,INFO,WebServer,Page view: /home by u4873,E103,Page view: {page} by {user}
63907,2026-01-14,14:42:05,INFO,WebServer,Page view: /home by u3424,E103,Page view: {page} by {user}
63908,2026-01-14,14:54:41,WARN,AuthService,Unauthorized access attempt from 10.0.0.45,E401,Unauthorized access attempt from {ip}
63909,2026-01-14,14:07:38,INFO,OrderProcessor,Health check passed: OrderProcessor,E102,Health check passed: {service}
63910,2026-01-14,14:50:53,INFO,InventoryDB,Transaction tx668162 completed in 1171ms,E104,Transaction {tx} completed in {time}ms
63911,2026-01-14,14:39:54,INFO,AuthService,Page view: /home by u2943,E103,Page view: {page} by {user}
63912,2026-01-14,14:22:17,INFO,PaymentGateway,Page view: /home by u1257,E103,Page view: {page} by {user}
63913,2026-01-14,14:18:56,ERROR,AuthService,Payment declined: Gateway unavailable,E503,Payment declined: Gateway unavailable
63914,2026-01-14,14:47:13,INFO,AuthService,Page view: /home by u3689,E103,Page view: {page} by {user}
63915,2026-01-14,14:32:49,INFO,WebServer,Transaction tx565314 completed in 332ms,E104,Transaction {tx} completed in {time}ms
63916,2026-01-14,14:37:55,INFO,WebServer,Health check passed: WebServer,E102,Health check passed: {service}
63917,2026-01-14,14:31:31,INFO,InventoryDB,User u4331 login successful,E101,User {user} login successful
63918,2026-01-14,14:44:49,INFO,WebServer,Health check passed: WebServer,E102,Health check passed: {service}
63919,2026-01-14,14:04:38,INFO,WebServer,Health check passed: WebServer,E102,Health check passed: {service}
63920,2026-01-14,14:22:56,INFO,WebServer,Health check passed: WebServer,E102,Health check passed: {service}
63921,2026-01-14,14:43:35,INFO,PaymentGateway,Transaction tx881213 completed in 1182ms,E104,Transaction {tx} completed in {time}ms
63922,2026-01-14,14:20:46,INFO,WebServer,User u4092 login successful,E101,User {user} login successful
63923,2026-01-14,14:36:40,INFO,AuthService,Health check passed: AuthService,E102,Health check passed: {service}
63924,2026-01-14,14:48:51,INFO,AuthService,Transaction tx152465 completed in 1032ms,E104,Transaction {tx} completed in {time}ms
63925,2026-01-14,14:51:47,INFO,PaymentGateway,Transaction tx977551 completed in 722ms,E104,Transaction {tx} completed in {time}ms
63926,2026-01-14,14:52:49,WARN,WebServer,High latency (306ms) detected on WebServer,E201,High latency ({time}ms) detected on {service}
63927,2026-01-14,14:32:49,INFO,PaymentGateway,Transaction tx438678 completed in 334ms,E104,Transaction {tx} completed in {time}ms
63928,2026-01-14,14:06:02,INFO,OrderProcessor,Transaction tx700576 completed in 451ms,E104,Transaction {tx} completed in {time}ms
63929,2026-01-14,14:26:58,INFO,WebServer,Page view: /home by u2449,E103,Page view: {page} by {user}
63930,2026-01-14,14:38:17,INFO,WebServer,Page view: /home by u3850,E103,Page view: {page} by {user}
63931,2026-01-14,14:19:41,INFO,OrderProcessor,Health check passed: OrderProcessor,E102,Health check passed: {service}
63932,2026-01-14,14:47:00,INFO,WebServer,User u3468 login successful,E101,User {user} login successful
63933,2026-01-14,14:48:54,INFO,AuthService,Health check passed: AuthService,E102,Health check passed: {service}
63934,2026-01-14,14:45:23,INFO,OrderProcessor,Health check passed: OrderProcessor,E102,Health check passed: {service}
63935,2026-01-14,14:14:13,INFO,PaymentGateway,Page view: /home by u4088,E103,Page view: {page} by {user}
63936,2026-01-14,14:44:49,INFO,WebServer,Transaction tx941667 completed in 568ms,E104,Transaction {tx} completed in {time}ms
63937,2026-01-14,14:47:53,INFO,WebServer,Page view: /home by u4153,E103,Page view: {page} by {user}
63938,2026-01-14,14:47:37,INFO,WebServer,Page view: /home by u3228,E103,Page view: {page} by {user}
63939,2026-01-14,14:51:14,INFO,PaymentGateway,Transaction tx699664 completed in 1274ms,E104,Transaction {tx} completed in {time}ms
63940,2026-01-14,14:25:12,INFO,InventoryDB,Page view: /home by u1770,E103,Page view: {page} by {user}
63941,2026-01-14,14:52:32,INFO,InventoryDB,User u3327 login successful,E101,User {user} login successful
63942,2026-01-14,14:01:34,INFO,AuthService,Transaction tx941830 completed in 1939ms,E104,Transaction {tx} completed in {time}ms
63943,2026-01-14,14:49:53,INFO,WebServer,Health check passed: WebServer,E102,Health check passed: {service}
63944,2026-01-14,14:09:35,INFO,PaymentGateway,Page view: /home by u3917,E103,Page view: {page} by {user}
63945,2026-01-14,14:15:26,INFO,AuthService,Health check passed: AuthService,E102,Health check passed: {service}
63946,2026-01-14,14:50:36,INFO,OrderProcessor,Page view: /home by u4113,E103,Page view: {page} by {user}
63947,2026-01-14,14:33:12,INFO,InventoryDB,User u1725 login successful,E101,User {user} login successful
63948,2026-01-14,14:51:01,INFO,PaymentGateway,Health check passed: PaymentGateway,E102,Health check passed: {service}
63949,2026-01-14,14:31:05,INFO,WebServer,Transaction tx716477 completed in 1017ms,E104,Transaction {tx} completed in {time}ms
63950,2026-01-14,14:32:39,INFO,OrderProcessor,User u3537 login successful,E101,User {user} login successful
63951,2026-01-14,14:17:03,INFO,PaymentGateway,User u1792 login successful,E101,User {user} login successful
63952,2026-01-14,14:00:07,INFO,WebServer,Transaction tx400302 completed in 104ms,E104,Transaction {tx} completed in {time}ms
63953,2026-01-14,14:37:35,INFO,WebServer,Transaction tx404395 completed in 1070ms,E104,Transaction {tx} completed in {time}ms
63954,2026-01-14,14:08:35,INFO,PaymentGateway,Page view: /home by u3516,E103,Page view: {page} by {user}
63955,2026-01-14,14:42:55,INFO,WebServer,Health check passed: WebServer,E102,Health check passed: {service}
63956,2026-01-14,14:44:50,INFO,PaymentGateway,Transaction tx935517 completed in 31ms,E104,Transaction {tx} completed in {time}ms
63957,2026-01-14,14:50:33,INFO,WebServer,Page view: /home by u2799,E103,Page view: {page} by {user}
63958,2026-01-14,14:30:17,INFO,WebServer,Page view: /home by u4443,E103,Page view: {page} by {user}
63959,2026-01-14,14:05:49,INFO,WebServer,Transaction tx951169 completed in 1660ms,E104,Transaction {tx} completed in {time}ms
63960,2026-01-14,14:22:15,INFO,PaymentGateway,Page view: /home by u3496,E103,Page view: {page} by {user}
63961,2026-01-14,14:41:13,INFO,WebServer,Health check passed: WebServer,E102,Health check passed: {service}
63962,2026-01-14,14:43:42,INFO,WebServer,User u2126 login successful,E101,User {user} login successful
63963,2026-01-14,14:26:33,WARN,InventoryDB,High latency (728ms) detected on InventoryDB,E201,High latency ({time}ms) detected on {service}
63964,2026-01-14,14:22:28,INFO,WebServer,User u3742 login successful,E101,User {user} login successful
63965,2026-01-14,14:22:04,INFO,WebServer,Page view: /home by u2750,E103,Page view: {page} by {user}
63966,2026-01-14,14:50:27,INFO,WebServer,Transaction tx916084 completed in 253ms,E104,Transaction {tx} completed in {time}ms
63967,2026-01-14,14:54:47,INFO,WebServer,Health check passed: WebServer,E102,Health check passed: {service}
63968,2026-01-14,14:09:30,INFO,PaymentGateway,Page view: /home by u2131,E103,Page view: {page} by {user}
63969,2026-01-14,14:44:25,INFO,PaymentGateway,Transaction tx216183 completed in 68ms,E104,Transaction {tx} completed in {time}ms
63970,2026-01-14,14:42:26,INFO,WebServer,Transaction tx854035 completed in 254ms,E104,Transaction {tx} completed in {time}ms
63971,2026-01-14,14:58:16,INFO,PaymentGateway,Transaction tx988643 completed in 557ms,E104,Transaction {tx} completed in {time}ms
63972,2026-01-14,14:49:49,WARN,AuthService,Disk usage > 85% on node node-3,E202,Disk usage > 85% on node {node}
63973,2026-01-14,14:00:28,INFO,PaymentGateway,Page view: /home by u2058,E103,Page view: {page} by {user}
63974,2026-01-14,14:27:22,INFO,InventoryDB,Page view: /home by u4397,E103,Page view: {page} by {user}
63975,2026-01-14,14:01:07,INFO,WebServer,Page view: /home by u1596,E103,Page view: {page} by {user}
63976,2026-01-14,14:47:38,INFO,AuthService,Health check passed: AuthService,E102,Health check passed: {service}
63977,2026-01-14,14:44:37,INFO,WebServer,Transaction tx391120 completed in 656ms,E104,Transaction {tx} completed in {time}ms
63978,2026-01-14,14:55:22,INFO,AuthService,User u2605 login successful,E101,User {user} login successful
63979,2026-01-14,14:53:53,INFO,AuthService,Page view: /home by u2035,E103,Page view: {page} by {user}
63980,2026-01-14,14:29:59,INFO,WebServer,User u4213 login successful,E101,User {user} login successful
63981,2026-01-14,14:37:25,INFO,WebServer,User u3937 login successful,E101,User {user} login successful
63982,2026-01-14,14:03:56,INFO,WebServer,Page view: /home by u3661,E103,Page view: {page} by {user}
63983,2026-01-14,14:55:34,INFO,AuthService,Health check passed: AuthService,E102,Health check passed: {service}
63984,2026-01-14,14:09:49,INFO,WebServer,Page view: /home by u3590,E103,Page view: {page} by {user}
63985,2026-01-14,14:44:12,INFO,WebServer,User u4843 login successful,E101,User {user} login successful
63986,2026-01-14,14:09:43,INFO,WebServer,Health check passed: WebServer,E102,Health check passed: {service}
63987,2026-01-14,14:40:25,INFO,WebServer,Transaction tx396533 completed in 986ms,E104,Transaction {tx} completed in {time}ms
63988,2026-01-14,14:20:14,INFO,AuthService,User u3914 login successful,E101,User {user} login successful
63989,2026-01-14,14:14:27,INFO,OrderProcessor,Health check passed: OrderProcessor,E102,Health check passed: {service}
63990,2026-01-14,14:03:50,INFO,WebServer,Health check passed: WebServer,E102,Health check passed: {service}
63991,2026-01-14,14:42:11,INFO,WebServer,Health check passed: WebServer,E102,Health check passed: {service}
63992,2026-01-14,14:35:11,INFO,WebServer,User u3810 login successful,E101,User {user} login successful
63993,2026-01-14,14:17:26,INFO,PaymentGateway,Page view: /home by u2672,E103,Page view: {page} by {user}
63994,2026-01-14,14:03:39,INFO,AuthService,Transaction tx246246 completed in 1919ms,E104,Transaction {tx} completed in {time}ms
63995,2026-01-14,14:22:49,INFO,WebServer,Transaction tx777151 completed in 430ms,E104,Transaction {tx} completed in {time}ms
63996,2026-01-14,14:23:48,INFO,OrderProcessor,Health check passed: OrderProcessor,E102,Health check passed: {service}
63997,2026-01-14,14:18:36,INFO,WebServer,User u1919 login successful,E101,User {user} login successful
63998,2026-01-14,14:28:08,WARN,WebServer,Disk usage > 85% on node node-1,E202,Disk usage > 85% on node {node}
63999,2026-01-14,14:16:55,WARN,AuthService,High latency (1250ms) detected on AuthService,E201,High latency ({time}ms) detected on {service}
64000,2026-01-14,14:51:05,INFO,WebServer,User u3365 login successful,E101,User {user} login successful
64001,2026-01-14,14:10:19,INFO,WebServer,Health check passed: WebServer,E102,Health check passed: {service}
64002,2026-01-14,14:31:10,INFO,AuthService,Transaction tx415944 completed in 793ms,E104,Transaction {tx} completed in {time}ms
64003,2026-01-14,14:31:08,INFO,WebServer,Transaction tx355768 completed in 852ms,E104,Transaction {tx} completed in {time}ms
64004,2026-01-14,14:27:30,WARN,WebServer,Disk usage > 85% on node node-3,E202,Disk usage > 85% on node {node}
64005,2026-01-14,14:08:55,INFO,PaymentGateway,Transaction tx787028 completed in 1576ms,E104,Transaction {tx} completed in {time}ms
64006,2026-01-14,14:28:48,INFO,WebServer,Page view: /home by u3826,E103,Page view: {page} by {user}
64007,2026-01-14,14:41:10,INFO,WebServer,Health check passed: WebServer,E102,Health check passed: {service}
64008,2026-01-14,15:01:48,INFO,WebServer,Page view: /home by u3101,E103,Page view: {page} by {user}
64009,2026-01-14,15:12:44,INFO,AuthService,User u3241 login successful,E101,User {user} login successful
64010,2026-01-14,15:01:04,WARN,OrderProcessor,Disk usage > 85% on node node-3,E202,Disk usage > 85% on node {node}
64011,2026-01-14,15:46:01,WARN,WebServer,Disk usage > 85% on node node-3,E202,Disk usage > 85% on node {node}
64012,2026-01-14,15:57:47,INFO,OrderProcessor,Health check passed: OrderProcessor,E102,Health check passed: {service}
64013,2026-01-14,15:47:46,INFO,WebServer,Health check passed: WebServer,E102,Health check passed: {service}
64014,2026-01-14,15:37:33,INFO,AuthService,Health check passed: AuthService,E102,Health check passed: {service}
64015,2026-01-14,15:44:19,INFO,PaymentGateway,Health check passed: PaymentGateway,E102,Health check passed: {service}
64016,2026-01-14,15:36:30,INFO,OrderProcessor,Transaction tx172249 completed in 447ms,E104,Transaction {tx} completed in {time}ms
64017,2026-01-14,15:00:50,INFO,AuthService,Transaction tx155372 completed in 520ms,E104,Transaction {tx} completed in {time}ms
64018,2026-01-14,15:44:06,INFO,InventoryDB,Health check passed: InventoryDB,E102,Health check passed: {service}
64019,2026-01-14,15:44:21,INFO,AuthService,User u4522 login successful,E101,User {user} login successful
64020,2026-01-14,15:58:52,INFO,WebServer,Transaction tx693369 completed in 248ms,E104,Transaction {tx} completed in {time}ms
64021,2026-01-14,15:45:02,INFO,InventoryDB,Health check passed: InventoryDB,E102,Health check passed: {service}
64022,2026-01-14,15:37:57,INFO,WebServer,User u1949 login successful,E101,User {user} login successful
64023,2026-01-14,15:40:59,INFO,AuthService,User u3395 login successful,E101,User {user} login successful
64024,2026-01-14,15:56:56,INFO,WebServer,Health check passed: WebServer,E102,Health check passed: {service}
64025,2026-01-14,15:35:22,INFO,PaymentGateway,Health check passed: PaymentGateway,E102,Health check passed: {service}
64026,2026-01-14,15:35:11,INFO,WebServer,Page view: /home by u1332,E103,Page view: {page} by {user}
64027,2026-01-14,15:30:57,INFO,AuthService,Health check passed: AuthService,E102,Health check passed: {service}
64028,2026-01-14,15:16:50,INFO,WebServer,Transaction tx596951 completed in 478ms,E104,Transaction {tx} completed in {time}ms
64029,2026-01-14,15:48:12,INFO,WebServer,Health check passed: WebServer,E102,Health check passed: {service}
64030,2026-01-14,15:13:54,INFO,WebServer,Page view: /home by u4511,E103,Page view: {page} by {user}
64031,2026-01-14,15:04:13,INFO,WebServer,Page view: /home by u2724,E103,Page view: {page} by {user}
64032,2026-01-14,15:32:59,INFO,WebServer,Transaction tx246542 completed in 590ms,E104,Transaction {tx} completed in {time}ms
64033,2026-01-14,15:50:19,INFO,WebServer,Health check passed: WebServer,E102,Health check passed: {service}
64034,2026-01-14,15:17:37,INFO,AuthService,User u2457 login successful,E101,User {user} login successful
64035,2026-01-14,15:26:59,INFO,WebServer,Transaction tx194486 completed in 125ms,E104,Transaction {tx} completed in {time}ms
64036,2026-01-14,15:14:02,INFO,InventoryDB,Page view: /home by u1197,E103,Page view: {page} by {user}
64037,2026-01-14,15:04:54,INFO,AuthService,Health check passed: AuthService,E102,Health check passed: {service}
64038,2026-01-14,15:26:04,INFO,OrderProcessor,Health check passed: OrderProcessor,E102,Health check passed: {service}
64039,2026-01-14,15:23:18,INFO,AuthService,Page view: /home by u2103,E103,Page view: {page} by {user}
64040,2026-01-14,15:52:35,INFO,WebServer,Health check passed: WebServer,E102,Health check passed: {service}
64041,2026-01-14,15:59:26,INFO,AuthService,Page view: /home by u1264,E103,Page view: {page} by {user}
64042,2026-01-14,15:28:11,INFO,WebServer,Health check passed: WebServer,E102,Health check passed: {service}
64043,2026-01-14,15:16:18,INFO,WebServer,User u4517 login successful,E101,User {user} login successful
64044,2026-01-14,15:15:15,INFO,WebServer,Page view: /home by u2481,E103,Page view: {page} by {user}
64045,2026-01-14,15:39:47,INFO,InventoryDB,Page view: /home by u1679,E103,Page view: {page} by {user}
64046,2026-01-14,15:27:43,INFO,PaymentGateway,Health check passed: PaymentGateway,E102,Health check passed: {service}
64047,2026-01-14,15:19:39,INFO,OrderProcessor,Transaction tx354511 completed in 1668ms,E104,Transaction {tx} completed in {time}ms
64048,2026-01-14,15:06:53,INFO,WebServer,Transaction tx370460 completed in 1648ms,E104,Transaction {tx} completed in {time}ms
64049,2026-01-14,15:01:17,INFO,WebServer,Page view: /home by u4494,E103,Page view: {page} by {user}
64050,2026-01-14,15:12:52,INFO,OrderProcessor,Transaction tx895354 completed in 57ms,E104,Transaction {tx} completed in {time}ms
64051,2026-01-14,15:41:43,INFO,WebServer,Page view: /home by u3713,E103,Page view: {page} by {user}
64052,2026-01-14,15:22:37,INFO,OrderProcessor,Transaction tx387603 completed in 1682ms,E104,Transaction {tx} completed in {time}ms
64053,2026-01-14,15:06:20,INFO,PaymentGateway,Transaction tx779122 completed in 721ms,E104,Transaction {tx} completed in {time}ms
64054,2026-01-14,15:32:15,INFO,WebServer,Transaction tx313623 completed in 1422ms,E104,Transaction {tx} completed in {time}ms
64055,2026-01-14,15:07:44,INFO,AuthService,Page view: /home by u1146,E103,Page view: {page} by {user}
64056,2026-01-14,15:34:16,INFO,WebServer,Page view: /home by u3403,E103,Page view: {page} by {user}
64057,2026-01-14,15:18:40,INFO,PaymentGateway,Page view: /home by u1750,E103,Page view: {page} by {user}
64058,2026-01-14,15:08:56,INFO,WebServer,Health check passed: WebServer,E102,Health check passed: {service}
64059,2026-01-14,15:27:42,INFO,AuthService,Transaction tx811597 completed in 1553ms,E104,Transaction {tx} completed in {time}ms
64060,2026-01-14,15:37:22,INFO,PaymentGateway,Page view: /home by u1534,E103,Page view: {page} by {user}
64061,2026-01-14,15:13:53,INFO,OrderProcessor,Transaction tx592571 completed in 644ms,E104,Transaction {tx} completed in {time}ms
64062,2026-01-14,15:19:32,INFO,AuthService,Page view: /home by u1263,E103,Page view: {page} by {user}
64063,2026-01-14,15:57:13,INFO,WebServer,User u4745 login successful,E101,User {user} login successful
64064,2026-01-14,15:42:46,INFO,AuthService,Health check passed: AuthService,E102,Health check passed: {service}
64065,2026-01-14,15:03:50,INFO,PaymentGateway,Page view: /home by u4845,E103,Page view: {page} by {user}
64066,2026-01-14,15:58:48,INFO,AuthService,Page view: /home by u2458,E103,Page view: {page} by {user}
64067,2026-01-14,15:21:11,INFO,AuthService,User u2167 login successful,E101,User {user} login successful
64068,2026-01-14,15:53:54,INFO,OrderProcessor,Health check passed: OrderProcessor,E102,Health check passed: {service}
64069,2026-01-14,15:46:32,INFO,OrderProcessor,User u3457 login successful,E101,User {user} login successful
64070,2026-01-14,15:38:23,INFO,WebServer,Page view: /home by u3965,E103,Page view: {page} by {user}
64071,2026-01-14,15:01:44,INFO,WebServer,Page view: /home by u1946,E103,Page view: {page} by {user}
64072,2026-01-14,15:01:12,INFO,WebServer,Transaction tx256639 completed in 1052ms,E104,Transaction {tx} completed in {time}ms
64073,2026-01-14,15:34:12,INFO,AuthService,Page view: /home by u3829,E103,Page view: {page} by {user}
64074,2026-01-14,15:16:38,INFO,WebServer,Page view: /home by u3556,E103,Page view: {page} by {user}
64075,2026-01-14,15:46:13,INFO,OrderProcessor,User u2970 login successful,E101,User {user} login successful
64076,2026-01-14,15:58:11,INFO,OrderProcessor,Page view: /home by u2926,E103,Page view: {page} by {user}
64077,2026-01-14,15:17:17,INFO,WebServer,Health check passed: WebServer,E102,Health check passed: {service}
64078,2026-01-14,15:05:10,INFO,InventoryDB,Page view: /home by u3829,E103,Page view: {page} by {user}
64079,2026-01-14,15:57:26,INFO,OrderProcessor,Transaction tx843158 completed in 333ms,E104,Transaction {tx} completed in {time}ms
64080,2026-01-14,15:38:29,INFO,PaymentGateway,Transaction tx814301 completed in 1115ms,E104,Transaction {tx} completed in {time}ms
64081,2026-01-14,15:54:17,INFO,WebServer,Page view: /home by u2291,E103,Page view: {page} by {user}
64082,2026-01-14,15:22:04,WARN,WebServer,Unauthorized access attempt from 10.0.0.12,E401,Unauthorized access attempt from {ip}
64083,2026-01-14,15:02:01,INFO,OrderProcessor,Health check passed: OrderProcessor,E102,Health check passed: {service}
64084,2026-01-14,15:35:58,INFO,AuthService,Page view: /home by u2638,E103,Page view: {page} by {user}
64085,2026-01-14,15:21:29,INFO,WebServer,Page view: /home by u2215,E103,Page view: {page} by {user}
64086,2026-01-14,15:03:14,INFO,WebServer,User u2776 login successful,E101,User {user} login successful
64087,2026-01-14,15:14:14,INFO,AuthService,User u1490 login successful,E101,User {user} login successful
64088,2026-01-14,15:36:30,INFO,WebServer,Transaction tx464722 completed in 475ms,E104,Transaction {tx} completed in {time}ms
64089,2026-01-14,15:40:23,INFO,WebServer,Page view: /home by u4526,E103,Page view: {page} by {user}
64090,2026-01-14,15:05:52,INFO,OrderProcessor,Transaction tx714376 completed in 1524ms,E104,Transaction {tx} completed in {time}ms
64091,2026-01-14,15:05:04,INFO,WebServer,Health check passed: WebServer,E102,Health check passed: {service}
64092,2026-01-14,15:26:48,INFO,WebServer,Health check passed: WebServer,E102,Health check passed: {service}
64093,2026-01-14,15:07:25,INFO,WebServer,Transaction tx374810 completed in 694ms,E104,Transaction {tx} completed in {time}ms
64094,2026-01-14,15:40:03,INFO,WebServer,Transaction tx936307 completed in 1858ms,E104,Transaction {tx} completed in {time}ms
64095,2026-01-14,15:05:46,INFO,PaymentGateway,Health check passed: PaymentGateway,E102,Health check passed: {service}
64096,2026-01-14,15:30:36,INFO,WebServer,Page view: /home by u2731,E103,Page view: {page} by {user}
64097,2026-01-14,15:03:06,INFO,WebServer,User u1242 login successful,E101,User {user} login successful
64098,2026-01-14,15:20:15,INFO,AuthService,Page view: /home by u3186,E103,Page view: {page} by {user}
64099,2026-01-14,15:21:24,INFO,WebServer,Health check passed: WebServer,E102,Health check passed: {service}
64100,2026-01-14,15:59:31,INFO,WebServer,Transaction tx161619 completed in 1031ms,E104,Transaction {tx} completed in {time}ms
64101,2026-01-14,15:29:36,INFO,WebServer,Transaction tx521313 completed in 1068ms,E104,Transaction {tx} completed in {time}ms
64102,2026-01-14,15:46:27,INFO,OrderProcessor,Transaction tx483632 completed in 1434ms,E104,Transaction {tx} completed in {time}ms
64103,2026-01-14,15:59:32,INFO,AuthService,User u4168 login successful,E101,User {user} login successful
64104,2026-01-14,15:08:38,INFO,WebServer,Transaction tx898385 completed in 908ms,E104,Transaction {tx} completed in {time}ms
64105,2026-01-14,15:57:46,INFO,WebServer,Page view: /home by u3991,E103,Page view: {page} by {user}
64106,2026-01-14,15:41:00,INFO,AuthService,User u1706 login successful,E101,User {user} login successful
64107,2026-01-14,15:51:11,INFO,AuthService,Transaction tx364600 completed in 1424ms,E104,Transaction {tx} completed in {time}ms
64108,2026-01-14,15:35:18,INFO,WebServer,Transaction tx595076 completed in 1029ms,E104,Transaction {tx} completed in {time}ms
64109,2026-01-14,15:44:08,WARN,OrderProcessor,Unauthorized access attempt from 10.0.0.12,E401,Unauthorized access attempt from {ip}
64110,2026-01-14,15:38:12,INFO,AuthService,Health check passed: AuthService,E102,Health check passed: {service}
64111,2026-01-14,15:42:51,INFO,WebServer,Health check passed: WebServer,E102,Health check passed: {service}
64112,2026-01-14,15:56:21,INFO,AuthService,Health check passed: AuthService,E102,Health check passed: {service}
64113,2026-01-14,15:05:31,INFO,WebServer,User u2856 login successful,E101,User {user} login successful
64114,2026-01-14,15:48:43,INFO,PaymentGateway,User u2297 login successful,E101,User {user} login successful
64115,2026-01-14,15:50:11,INFO,WebServer,Page view: /home by u1812,E103,Page view: {page} by {user}
64116,2026-01-14,15:13:02,INFO,WebServer,Page view: /home by u3579,E103,Page view: {page} by {user}
64117,2026-01-14,15:38:24,INFO,WebServer,Page view: /home by u1727,E103,Page view: {page} by {user}
64118,2026-01-14,15:13:11,INFO,PaymentGateway,User u2623 login successful,E101,User {user} login successful
64119,2026-01-14,15:31:31,INFO,OrderProcessor,Health check passed: OrderProcessor,E102,Health check passed: {service}
64120,2026-01-14,15:02:56,INFO,WebServer,Health check passed: WebServer,E102,Health check passed: {service}
64121,2026-01-14,15:35:23,WARN,WebServer,High latency (1133ms) detected on WebServer,E201,High latency ({time}ms) detected on {service}
64122,2026-01-14,15:23:21,INFO,PaymentGateway,User u2415 login successful,E101,User {user} login successful
64123,2026-01-14,15:24:40,INFO,AuthService,Page view: /home by u3210,E103,Page view: {page} by {user}
64124,2026-01-14,15:49:15,INFO,AuthService,User u1462 login successful,E101,User {user} login successful
64125,2026-01-14,15:17:37,INFO,WebServer,Health check passed: WebServer,E102,Health check passed: {service}
64126,2026-01-14,15:25:43,INFO,WebServer,User u3023 login successful,E101,User {user} login successful
64127,2026-01-14,15:54:50,INFO,WebServer,User u2862 login successful,E101,User {user} login successful
64128,2026-01-14,15:47:16,INFO,WebServer,User u1117 login successful,E101,User {user} login successful
64129,2026-01-14,15:45:19,INFO,AuthService,Health check passed: AuthService,E102,Health check passed: {service}
64130,2026-01-14,15:44:05,INFO,AuthService,User u1563 login successful,E101,User {user} login successful
64131,2026-01-14,15:30:19,INFO,WebServer,Health check passed: WebServer,E102,Health check passed: {service}
64132,2026-01-14,15:09:39,INFO,AuthService,Transaction tx531945 completed in 881ms,E104,Transaction {tx} completed in {time}ms
64133,2026-01-14,15:24:22,INFO,OrderProcessor,User u4906 login successful,E101,User {user} login successful
64134,2026-01-14,15:44:07,INFO,PaymentGateway,Health check passed: PaymentGateway,E102,Health check passed: {service}
64135,2026-01-14,15:29:29,INFO,WebServer,Page view: /home by u1804,E103,Page view: {page} by {user}
64136,2026-01-14,15:57:10,ERROR,AuthService,Timeout waiting for lock on InventoryDB,E502,Timeout waiting for lock on {db}
64137,2026-01-14,15:07:02,INFO,AuthService,Page view: /home by u3122,E103,Page view: {page} by {user}
64138,2026-01-14,15:17:27,INFO,WebServer,Transaction tx986264 completed in 214ms,E104,Transaction {tx} completed in {time}ms
64139,2026-01-14,15:26:53,INFO,AuthService,Page view: /home by u3417,E103,Page view: {page} by {user}
64140,2026-01-14,15:15:34,INFO,InventoryDB,Transaction tx145748 completed in 650ms,E104,Transaction {tx} completed in {time}ms
64141,2026-01-14,15:13:03,INFO,WebServer,Page view: /home by u3700,E103,Page view: {page} by {user}
64142,2026-01-14,15:58:52,INFO,AuthService,User u4094 login successful,E101,User {user} login successful
64143,2026-01-14,15:00:48,INFO,WebServer,Page view: /home by u3751,E103,Page view: {page} by {user}
64144,2026-01-14,15:12:26,INFO,AuthService,Health check passed: AuthService,E102,Health check passed: {service}
64145,2026-01-14,15:04:59,INFO,WebServer,User u4876 login successful,E101,User {user} login successful
64146,2026-01-14,15:21:11,INFO,AuthService,Transaction tx836768 completed in 1530ms,E104,Transaction {tx} completed in {time}ms
64147,2026-01-14,15:26:02,INFO,WebServer,User u2411 login successful,E101,User {user} login successful
64148,2026-01-14,15:30:35,INFO,AuthService,User u2089 login successful,E101,User {user} login successful
64149,2026-01-14,15:10:03,INFO,PaymentGateway,User u4406 login successful,E101,User {user} login successful
64150,2026-01-14,15:32:46,INFO,WebServer,Page view: /home by u3951,E103,Page view: {page} by {user}
64151,2026-01-14,15:53:34,INFO,WebServer,User u2694 login successful,E101,User {user} login successful
64152,2026-01-14,15:45:49,INFO,OrderProcessor,Health check passed: OrderProcessor,E102,Health check passed: {service}
64153,2026-01-14,15:25:01,INFO,OrderProcessor,Transaction tx156542 completed in 55ms,E104,Transaction {tx} completed in {time}ms
64154,2026-01-14,15:32:08,INFO,OrderProcessor,User u3756 login successful,E101,User {user} login successful
64155,2026-01-14,15:28:16,INFO,WebServer,Page view: /home by u2205,E103,Page view: {page} by {user}
64156,2026-01-14,15:45:05,INFO,WebServer,User u4262 login successful,E101,User {user} login successful
64157,2026-01-14,15:51:55,INFO,WebServer,User u1637 login successful,E101,User {user} login successful
64158,2026-01-14,15:40:02,INFO,OrderProcessor,Page view: /home by u4501,E103,Page view: {page} by {user}
64159,2026-01-14,15:25:51,INFO,PaymentGateway,User u1932 login successful,E101,User {user} login successful
64160,2026-01-14,15:30:50,INFO,PaymentGateway,Transaction tx268795 completed in 1016ms,E104,Transaction {tx} completed in {time}ms
64161,2026-01-14,15:00:29,INFO,AuthService,User u1535 login successful,E101,User {user} login successful
64162,2026-01-14,15:47:54,INFO,AuthService,Transaction tx694014 completed in 869ms,E104,Transaction {tx} completed in {time}ms
64163,2026-01-14,15:21:08,INFO,PaymentGateway,Health check passed: PaymentGateway,E102,Health check passed: {service}
64164,2026-01-14,15:23:01,INFO,OrderProcessor,Transaction tx306136 completed in 1501ms,E104,Transaction {tx} completed in {time}ms
64165,2026-01-14,15:38:49,INFO,OrderProcessor,Health check passed: OrderProcessor,E102,Health check passed: {service}
64166,2026-01-14,15:05:19,INFO,AuthService,User u4274 login successful,E101,User {user} login successful
64167,2026-01-14,15:48:22,INFO,PaymentGateway,Page view: /home by u1847,E103,Page view: {page} by {user}
64168,2026-01-14,15:58:27,INFO,InventoryDB,User u2173 login successful,E101,User {user} login successful
64169,2026-01-14,15:39:41,ERROR,WebServer,Timeout waiting for lock on InventoryDB,E502,Timeout waiting for lock on {db}
64170,2026-01-14,15:44:15,ERROR,WebServer,Payment declined: Gateway unavailable,E503,Payment declined: Gateway unavailable
64171,2026-01-14,15:38:15,INFO,WebServer,Transaction tx540224 completed in 846ms,E104,Transaction {tx} completed in {time}ms
64172,2026-01-14,15:55:21,INFO,AuthService,Transaction tx879204 completed in 991ms,E104,Transaction {tx} completed in {time}ms
64173,2026-01-14,15:44:00,WARN,WebServer,Unauthorized access attempt from 10.0.0.45,E401,Unauthorized access attempt from {ip}
64174,2026-01-14,15:13:52,INFO,OrderProcessor,User u3779 login successful,E101,User {user} login successful
64175,2026-01-14,15:31:20,INFO,WebServer,Health check passed: WebServer,E102,Health check passed: {service}
64176,2026-01-14,15:31:55,INFO,OrderProcessor,User u4878 login successful,E101,User {user} login successful
64177,2026-01-14,15:23:35,INFO,AuthService,Page view: /home by u1340,E103,Page view: {page} by {user}
64178,2026-01-14,15:21:19,INFO,WebServer,Transaction tx851381 completed in 1436ms,E104,Transaction {tx} completed in {time}ms
64179,2026-01-14,15:28:32,INFO,AuthService,Health check passed: AuthService,E102,Health check passed: {service}
64180,2026-01-14,15:22:40,INFO,AuthService,Transaction tx512613 completed in 1135ms,E104,Transaction {tx} completed in {time}ms
64181,2026-01-14,15:14:14,INFO,WebServer,Transaction tx920334 completed in 1965ms,E104,Transaction {tx} completed in {time}ms
64182,2026-01-14,15:11:36,INFO,WebServer,Page view: /home by u4014,E103,Page view: {page} by {user}
64183,2026-01-14,15:23:14,INFO,AuthService,Page view: /home by u2996,E103,Page view: {page} by {user}
64184,2026-01-14,15:19:56,INFO,WebServer,Health check passed: WebServer,E102,Health check passed: {service}
64185,2026-01-14,15:30:21,WARN,WebServer,Disk usage > 85% on node node-2,E202,Disk usage > 85% on node {node}
64186,2026-01-14,15:49:29,INFO,OrderProcessor,Health check passed: OrderProcessor,E102,Health check passed: {service}
64187,2026-01-14,15:53:46,INFO,AuthService,Page view: /home by u2486,E103,Page view: {page} by {user}
64188,2026-01-14,15:47:55,INFO,WebServer,Page view: /home by u3894,E103,Page view: {page} by {user}
64189,2026-01-14,15:07:20,INFO,AuthService,Health check passed: AuthService,E102,Health check passed: {service}
64190,2026-01-14,15:47:02,INFO,PaymentGateway,Transaction tx448593 completed in 1746ms,E104,Transaction {tx} completed in {time}ms
64191,2026-01-14,15:49:46,INFO,AuthService,Transaction tx678478 completed in 678ms,E104,Transaction {tx} completed in {time}ms
64192,2026-01-14,15:38:15,WARN,WebServer,Unauthorized access attempt from 10.0.0.45,E401,Unauthorized access attempt from {ip}
64193,2026-01-14,15:08:57,INFO,WebServer,Page view: /home by u3243,E103,Page view: {page} by {user}
64194,2026-01-14,15:29:41,INFO,OrderProcessor,Transaction tx168453 completed in 1812ms,E104,Transaction {tx} completed in {time}ms
64195,2026-01-14,15:00:09,INFO,WebServer,Page view: /home by u2061,E103,Page view: {page} by {user}
64196,2026-01-14,15:31:43,INFO,WebServer,Transaction tx900791 completed in 1834ms,E104,Transaction {tx} completed in {time}ms
64197,2026-01-14,15:05:22,WARN,OrderProcessor,Disk usage > 85% on node node-2,E202,Disk usage > 85% on node {node}
64198,2026-01-14,15:16:40,INFO,PaymentGateway,User u4862 login successful,E101,User {user} login successful
64199,2026-01-14,15:28:15,INFO,OrderProcessor,User u3995 login successful,E101,User {user} login successful
64200,2026-01-14,15:13:29,INFO,WebServer,User u3643 login successful,E101,User {user} login successful
64201,2026-01-14,15:59:35,INFO,WebServer,Page view: /home by u1664,E103,Page view: {page} by {user}
64202,2026-01-14,15:21:21,INFO,OrderProcessor,Transaction tx264337 completed in 236ms,E104,Transaction {tx} completed in {time}ms
64203,2026-01-14,15:25:27,INFO,OrderProcessor,Health check passed: OrderProcessor,E102,Health check passed: {service}
64204,2026-01-14,15:54:33,INFO,WebServer,Health check passed: WebServer,E102,Health check passed: {service}
64205,2026-01-14,15:37:22,INFO,OrderProcessor,User u2073 login successful,E101,User {user} login successful
64206,2026-01-14,15:58:24,INFO,AuthService,Page view: /home by u2215,E103,Page view: {page} by {user}
64207,2026-01-14,15:01:47,INFO,WebServer,Transaction tx371922 completed in 1776ms,E104,Transaction {tx} completed in {time}ms
64208,2026-01-14,15:20:19,INFO,WebServer,User u1127 login successful,E101,User {user} login successful
64209,2026-01-14,15:13:15,INFO,WebServer,User u2859 login successful,E101,User {user} login successful
64210,2026-01-14,15:54:00,WARN,PaymentGateway,Unauthorized access attempt from 10.0.0.45,E401,Unauthorized access attempt from {ip}
64211,2026-01-14,15:13:02,INFO,WebServer,Health check passed: WebServer,E102,Health check passed: {service}
64212,2026-01-14,15:27:53,WARN,OrderProcessor,Disk usage > 85% on node node-1,E202,Disk usage > 85% on node {node}
64213,2026-01-14,15:35:21,INFO,WebServer,Health check passed: WebServer,E102,Health check passed: {service}
64214,2026-01-14,15:21:23,INFO,AuthService,User u4655 login successful,E101,User {user} login successful
64215,2026-01-14,15:51:20,INFO,AuthService,Page view: /home by u1832,E103,Page view: {page} by {user}
64216,2026-01-14,15:23:16,INFO,WebServer,User u4743 login successful,E101,User {user} login successful
64217,2026-01-14,15:29:08,INFO,WebServer,Transaction tx967040 completed in 1124ms,E104,Transaction {tx} completed in {time}ms
64218,2026-01-14,15:34:41,INFO,WebServer,Page view: /home by u2488,E103,Page view: {page} by {user}
64219,2026-01-14,15:02:03,INFO,WebServer,Transaction tx994067 completed in 506ms,E104,Transaction {tx} completed in {time}ms
64220,2026-01-14,15:36:58,INFO,WebServer,Page view: /home by u1415,E103,Page view: {page} by {user}
64221,2026-01-14,15:36:40,INFO,AuthService,Transaction tx840870 completed in 1666ms,E104,Transaction {tx} completed in {time}ms
64222,2026-01-14,15:21:02,INFO,OrderProcessor,Page view: /home by u4723,E103,Page view: {page} by {user}
64223,2026-01-14,15:50:06,INFO,PaymentGateway,Page view: /home by u4603,E103,Page view: {page} by {user}
64224,2026-01-14,15:54:52,INFO,WebServer,Page view: /home by u4250,E103,Page view: {page} by {user}
64225,2026-01-14,15:31:32,INFO,WebServer,Transaction tx303066 completed in 1410ms,E104,Transaction {tx} completed in {time}ms
64226,2026-01-14,15:51:27,INFO,WebServer,Transaction tx929069 completed in 594ms,E104,Transaction {tx} completed in {time}ms
64227,2026-01-14,15:02:48,INFO,AuthService,User u3139 login successful,E101,User {user} login successful
64228,2026-01-14,15:50:44,INFO,AuthService,Health check passed: AuthService,E102,Health check passed: {service}
64229,2026-01-14,15:02:48,INFO,AuthService,Health check passed: AuthService,E102,Health check passed: {service}
64230,2026-01-14,15:43:52,INFO,OrderProcessor,Page view: /home by u4245,E103,Page view: {page} by {user}
64231,2026-01-14,15:19:57,INFO,WebServer,User u1041 login successful,E101,User {user} login successful
64232,2026-01-14,15:54:44,INFO,AuthService,Transaction tx925519 completed in 1260ms,E104,Transaction {tx} completed in {time}ms
64233,2026-01-14,15:03:15,INFO,OrderProcessor,Health check passed: OrderProcessor,E102,Health check passed: {service}
64234,2026-01-14,15:29:47,INFO,WebServer,Health check passed: WebServer,E102,Health check passed: {service}
64235,2026-01-14,15:03:03,INFO,WebServer,Transaction tx717385 completed in 477ms,E104,Transaction {tx} completed in {time}ms
64236,2026-01-14,15:46:26,WARN,WebServer,Unauthorized access attempt from 10.0.0.45,E401,Unauthorized access attempt from {ip}
64237,2026-01-14,15:50:53,INFO,WebServer,Page view: /home by u1497,E103,Page view: {page} by {user}
64238,2026-01-14,15:36:29,INFO,WebServer,Health check passed: WebServer,E102,Health check passed: {service}
64239,2026-01-14,15:07:27,INFO,AuthService,User u3447 login successful,E101,User {user} login successful
64240,2026-01-14,15:40:17,INFO,WebServer,User u1713 login successful,E101,User {user} login successful
64241,2026-01-14,15:40:11,INFO,WebServer,Page view: /home by u1841,E103,Page view: {page} by {user}
64242,2026-01-14,15:43:11,INFO,WebServer,Page view: /home by u1050,E103,Page view: {page} by {user}
64243,2026-01-14,15:02:31,INFO,WebServer,Page view: /home by u1051,E103,Page view: {page} by {user}
64244,2026-01-14,15:38:31,INFO,AuthService,Page view: /home by u1294,E103,Page view: {page} by {user}
64245,2026-01-14,15:57:48,INFO,WebServer,Transaction tx138443 completed in 1428ms,E104,Transaction {tx} completed in {time}ms
64246,2026-01-14,15:31:48,INFO,WebServer,Transaction tx781372 completed in 1820ms,E104,Transaction {tx} completed in {time}ms
64247,2026-01-14,15:36:13,INFO,WebServer,Transaction tx425177 completed in 1121ms,E104,Transaction {tx} completed in {time}ms
64248,2026-01-14,15:15:10,INFO,PaymentGateway,Health check passed: PaymentGateway,E102,Health check passed: {service}
64249,2026-01-14,15:37:01,INFO,InventoryDB,Health check passed: InventoryDB,E102,Health check passed: {service}
64250,2026-01-14,15:19:08,INFO,WebServer,Transaction tx239397 completed in 787ms,E104,Transaction {tx} completed in {time}ms
64251,2026-01-14,15:14:26,INFO,PaymentGateway,Transaction tx214963 completed in 1790ms,E104,Transaction {tx} completed in {time}ms
64252,2026-01-14,15:47:59,INFO,InventoryDB,Page view: /home by u1492,E103,Page view: {page} by {user}
64253,2026-01-14,15:13:04,INFO,OrderProcessor,Page view: /home by u1125,E103,Page view: {page} by {user}
64254,2026-01-14,15:35:21,INFO,WebServer,Health check passed: WebServer,E102,Health check passed: {service}
64255,2026-01-14,15:29:47,INFO,WebServer,User u3701 login successful,E101,User {user} login successful
64256,2026-01-14,15:42:08,INFO,InventoryDB,Transaction tx724472 completed in 543ms,E104,Transaction {tx} completed in {time}ms
64257,2026-01-14,15:32:30,INFO,OrderProcessor,Health check passed: OrderProcessor,E102,Health check passed: {service}
64258,2026-01-14,15:32:28,INFO,WebServer,Transaction tx645552 completed in 1151ms,E104,Transaction {tx} completed in {time}ms
64259,2026-01-14,15:57:00,INFO,WebServer,Transaction tx481558 completed in 904ms,E104,Transaction {tx} completed in {time}ms
64260,2026-01-14,15:06:28,INFO,OrderProcessor,Transaction tx609968 completed in 681ms,E104,Transaction {tx} completed in {time}ms
64261,2026-01-14,15:43:01,INFO,AuthService,Transaction tx540921 completed in 377ms,E104,Transaction {tx} completed in {time}ms
64262,2026-01-14,15:20:59,INFO,OrderProcessor,Page view: /home by u3839,E103,Page view: {page} by {user}
64263,2026-01-14,15:19:06,INFO,PaymentGateway,Health check passed: PaymentGateway,E102,Health check passed: {service}
64264,2026-01-14,15:46:09,INFO,WebServer,Health check passed: WebServer,E102,Health check passed: {service}
64265,2026-01-14,15:29:53,INFO,WebServer,Page view: /home by u2072,E103,Page view: {page} by {user}
64266,2026-01-14,15:48:29,INFO,WebServer,Health check passed: WebServer,E102,Health check passed: {service}
64267,2026-01-14,15:03:00,WARN,OrderProcessor,High latency (1588ms) detected on OrderProcessor,E201,High latency ({time}ms) detected on {service}
64268,2026-01-14,15:10:12,WARN,WebServer,High latency (254ms) detected on WebServer,E201,High latency ({time}ms) detected on {service}
64269,2026-01-14,15:15:36,INFO,OrderProcessor,Transaction tx304356 completed in 1603ms,E104,Transaction {tx} completed in {time}ms
64270,2026-01-14,15:43:42,INFO,WebServer,Health check passed: WebServer,E102,Health check passed: {service}
64271,2026-01-14,15:22:22,INFO,WebServer,Transaction tx864845 completed in 1732ms,E104,Transaction {tx} completed in {time}ms
64272,2026-01-14,15:33:43,INFO,WebServer,User u2633 login successful,E101,User {user} login successful
64273,2026-01-14,15:13:50,INFO,WebServer,Page view: /home by u3425,E103,Page view: {page} by {user}
64274,2026-01-14,15:21:16,INFO,WebServer,Health check passed: WebServer,E102,Health check passed: {service}
64275,2026-01-14,15:33:08,INFO,WebServer,Health check passed: WebServer,E102,Health check passed: {service}
64276,2026-01-14,15:24:11,WARN,WebServer,Unauthorized access attempt from 10.0.0.45,E401,Unauthorized access attempt from {ip}
64277,2026-01-14,15:08:08,INFO,InventoryDB,Health check passed: InventoryDB,E102,Health check passed: {service}
64278,2026-01-14,15:59:46,INFO,WebServer,User u1699 login successful,E101,User {user} login successful
64279,2026-01-14,15:17:59,INFO,AuthService,Transaction tx888338 completed in 1734ms,E104,Transaction {tx} completed in {time}ms
64280,2026-01-14,15:45:44,INFO,OrderProcessor,User u3387 login successful,E101,User {user} login successful
64281,2026-01-14,15:13:12,INFO,InventoryDB,Transaction tx556432 completed in 409ms,E104,Transaction {tx} completed in {time}ms
64282,2026-01-14,15:34:26,INFO,AuthService,User u4751 login successful,E101,User {user} login successful
64283,2026-01-14,15:20:18,WARN,PaymentGateway,Unauthorized access attempt from 10.0.0.45,E401,Unauthorized access attempt from {ip}
64284,2026-01-14,15:41:14,INFO,WebServer,User u2203 login successful,E101,User {user} login successful
64285,2026-01-14,15:46:06,INFO,AuthService,User u2129 login successful,E101,User {user} login successful
64286,2026-01-14,15:11:38,INFO,WebServer,Page view: /home by u4792,E103,Page view: {page} by {user}
64287,2026-01-14,15:40:30,INFO,WebServer,Page view: /home by u1080,E103,Page view: {page} by {user}
64288,2026-01-14,15:14:25,INFO,WebServer,Page view: /home by u3753,E103,Page view: {page} by {user}
64289,2026-01-14,15:58:48,INFO,WebServer,Health check passed: WebServer,E102,Health check passed: {service}
64290,2026-01-14,15:08:22,INFO,WebServer,Transaction tx826417 completed in 353ms,E104,Transaction {tx} completed in {time}ms
64291,2026-01-14,15:18:00,INFO,AuthService,User u4265 login successful,E101,User {user} login successful
64292,2026-01-14,15:44:15,INFO,AuthService,Page view: /home by u2463,E103,Page view: {page} by {user}
64293,2026-01-14,15:15:05,INFO,OrderProcessor,Health check passed: OrderProcessor,E102,Health check passed: {service}
64294,2026-01-14,15:12:41,INFO,OrderProcessor,Page view: /home by u4023,E103,Page view: {page} by {user}
64295,2026-01-14,15:10:33,INFO,WebServer,User u3772 login successful,E101,User {user} login successful
64296,2026-01-14,15:27:36,WARN,OrderProcessor,Unauthorized access attempt from 192.168.1.5,E401,Unauthorized access attempt from {ip}
64297,2026-01-14,15:56:07,INFO,OrderProcessor,Health check passed: OrderProcessor,E102,Health check passed: {service}
64298,2026-01-14,15:21:31,INFO,PaymentGateway,User u3159 login successful,E101,User {user} login successful
64299,2026-01-14,15:39:24,INFO,AuthService,User u1360 login successful,E101,User {user} login successful
64300,2026-01-14,15:46:22,INFO,OrderProcessor,Health check passed: OrderProcessor,E102,Health check passed: {service}
64301,2026-01-14,15:03:07,INFO,WebServer,Page view: /home by u4450,E103,Page view: {page} by {user}
64302,2026-01-14,15:34:48,WARN,PaymentGateway,High latency (1292ms) detected on PaymentGateway,E201,High latency ({time}ms) detected on {service}
64303,2026-01-14,15:14:51,INFO,AuthService,Page view: /home by u2393,E103,Page view: {page} by {user}
64304,2026-01-14,15:27:28,INFO,OrderProcessor,Health check passed: OrderProcessor,E102,Health check passed: {service}
64305,2026-01-14,15:00:26,INFO,WebServer,Health check passed: WebServer,E102,Health check passed: {service}
64306,2026-01-14,15:15:44,INFO,InventoryDB,User u3025 login successful,E101,User {user} login successful
64307,2026-01-14,15:52:41,INFO,PaymentGateway,Health check passed: PaymentGateway,E102,Health check passed: {service}
64308,2026-01-14,15:58:49,INFO,WebServer,Transaction tx909109 completed in 1977ms,E104,Transaction {tx} completed in {time}ms
64309,2026-01-14,15:47:07,INFO,WebServer,Page view: /home by u4861,E103,Page view: {page} by {user}
64310,2026-01-14,15:13:40,INFO,WebServer,Transaction tx467824 completed in 466ms,E104,Transaction {tx} completed in {time}ms
64311,2026-01-14,15:20:59,INFO,WebServer,Transaction tx982281 completed in 1351ms,E104,Transaction {tx} completed in {time}ms
64312,2026-01-14,15:44:06,WARN,AuthService,High latency (600ms) detected on AuthService,E201,High latency ({time}ms) detected on {service}
64313,2026-01-14,15:08:47,INFO,WebServer,User u3781 login successful,E101,User {user} login successful
64314,2026-01-14,15:10:35,INFO,AuthService,Page view: /home by u3544,E103,Page view: {page} by {user}
64315,2026-01-14,15:21:42,INFO,AuthService,User u1938 login successful,E101,User {user} login successful
64316,2026-01-14,15:47:40,INFO,WebServer,Page view: /home by u1761,E103,Page view: {page} by {user}
64317,2026-01-14,15:31:11,INFO,WebServer,Health check passed: WebServer,E102,Health check passed: {service}
64318,2026-01-14,15:22:26,WARN,AuthService,High latency (1365ms) detected on AuthService,E201,High latency ({time}ms) detected on {service}
64319,2026-01-14,15:58:02,INFO,InventoryDB,User u1035 login successful,E101,User {user} login successful
64320,2026-01-14,15:33:33,INFO,AuthService,Page view: /home by u1290,E103,Page view: {page} by {user}
64321,2026-01-14,15:52:26,INFO,AuthService,User u2853 login successful,E101,User {user} login successful
64322,2026-01-14,15:59:52,INFO,AuthService,Page view: /home by u2284,E103,Page view: {page} by {user}
64323,2026-01-14,15:42:57,INFO,AuthService,User u4231 login successful,E101,User {user} login successful
64324,2026-01-14,15:52:59,INFO,WebServer,Transaction tx716245 completed in 279ms,E104,Transaction {tx} completed in {time}ms
64325,2026-01-14,15:52:08,INFO,AuthService,Page view: /home by u2477,E103,Page view: {page} by {user}
64326,2026-01-14,15:56:56,INFO,AuthService,Health check passed: AuthService,E102,Health check passed: {service}
64327,2026-01-14,15:55:36,INFO,WebServer,Page view: /home by u3901,E103,Page view: {page} by {user}
64328,2026-01-14,15:01:07,INFO,PaymentGateway,Health check passed: PaymentGateway,E102,Health check passed: {service}
64329,2026-01-14,15:02:47,INFO,WebServer,Health check passed: WebServer,E102,Health check passed: {service}
64330,2026-01-14,15:11:56,INFO,PaymentGateway,Health check passed: PaymentGateway,E102,Health check passed: {service}
64331,2026-01-14,15:40:42,WARN,OrderProcessor,Unauthorized access attempt from 10.0.0.88,E401,Unauthorized access attempt from {ip}
64332,2026-01-14,15:32:13,INFO,WebServer,User u3691 login successful,E101,User {user} login successful
64333,2026-01-14,15:27:44,INFO,OrderProcessor,Health check passed: OrderProcessor,E102,Health check passed: {service}
64334,2026-01-14,15:51:49,INFO,WebServer,Page view: /home by u1428,E103,Page view: {page} by {user}
64335,2026-01-14,15:25:24,INFO,WebServer,Page view: /home by u2844,E103,Page view: {page} by {user}
64336,2026-01-14,15:49:28,INFO,AuthService,User u2269 login successful,E101,User {user} login successful
64337,2026-01-14,15:25:56,INFO,WebServer,User u2266 login successful,E101,User {user} login successful
64338,2026-01-14,15:25:28,INFO,WebServer,User u3485 login successful,E101,User {user} login successful
64339,2026-01-14,15:30:14,INFO,WebServer,Transaction tx438024 completed in 792ms,E104,Transaction {tx} completed in {time}ms
64340,2026-01-14,15:21:46,INFO,WebServer,Page view: /home by u3875,E103,Page view: {page} by {user}
64341,2026-01-14,15:34:19,INFO,PaymentGateway,Transaction tx925349 completed in 1327ms,E104,Transaction {tx} completed in {time}ms
64342,2026-01-14,15:06:20,INFO,OrderProcessor,Transaction tx992729 completed in 976ms,E104,Transaction {tx} completed in {time}ms
64343,2026-01-14,15:32:55,INFO,AuthService,Transaction tx389515 completed in 413ms,E104,Transaction {tx} completed in {time}ms
64344,2026-01-14,15:36:41,INFO,WebServer,Health check passed: WebServer,E102,Health check passed: {service}
64345,2026-01-14,15:39:09,INFO,WebServer,Health check passed: WebServer,E102,Health check passed: {service}
64346,2026-01-14,15:31:40,INFO,WebServer,Health check passed: WebServer,E102,Health check passed: {service}
64347,2026-01-14,15:25:07,INFO,WebServer,Health check passed: WebServer,E102,Health check passed: {service}
64348,2026-01-14,15:16:36,INFO,AuthService,Page view: /home by u1782,E103,Page view: {page} by {user}
64349,2026-01-14,15:45:34,INFO,OrderProcessor,User u3037 login successful,E101,User {user} login successful
64350,2026-01-14,15:38:21,INFO,WebServer,Page view: /home by u1236,E103,Page view: {page} by {user}
64351,2026-01-14,15:24:33,INFO,WebServer,User u1188 login successful,E101,User {user} login successful
64352,2026-01-14,15:07:26,INFO,WebServer,Health check passed: WebServer,E102,Health check passed: {service}
64353,2026-01-14,15:43:35,INFO,OrderProcessor,Health check passed: OrderProcessor,E102,Health check passed: {service}
64354,2026-01-14,15:14:50,INFO,WebServer,Health check passed: WebServer,E102,Health check passed: {service}
64355,2026-01-14,15:19:42,WARN,WebServer,High latency (110ms) detected on WebServer,E201,High latency ({time}ms) detected on {service}
64356,2026-01-14,15:03:59,INFO,WebServer,User u1172 login successful,E101,User {user} login successful
64357,2026-01-14,15:56:18,INFO,OrderProcessor,Transaction tx596580 completed in 1178ms,E104,Transaction {tx} completed in {time}ms
64358,2026-01-14,15:24:38,INFO,WebServer,Health check passed: WebServer,E102,Health check passed: {service}
64359,2026-01-14,15:04:58,INFO,WebServer,Page view: /home by u3638,E103,Page view: {page} by {user}
64360,2026-01-14,15:41:08,INFO,WebServer,Page view: /home by u2078,E103,Page view: {page} by {user}
64361,2026-01-14,15:28:33,INFO,WebServer,Transaction tx393295 completed in 1102ms,E104,Transaction {tx} completed in {time}ms
64362,2026-01-14,15:16:53,INFO,WebServer,Health check passed: WebServer,E102,Health check passed: {service}
64363,2026-01-14,15:37:14,INFO,PaymentGateway,Health check passed: PaymentGateway,E102,Health check passed: {service}
64364,2026-01-14,15:20:40,INFO,OrderProcessor,Transaction tx420785 completed in 991ms,E104,Transaction {tx} completed in {time}ms
64365,2026-01-14,15:26:02,INFO,WebServer,Page view: /home by u2688,E103,Page view: {page} by {user}
64366,2026-01-14,15:08:13,INFO,WebServer,Page view: /home by u3943,E103,Page view: {page} by {user}
64367,2026-01-14,15:14:19,INFO,WebServer,User u2292 login successful,E101,User {user} login successful
64368,2026-01-14,15:29:41,INFO,AuthService,Transaction tx570682 completed in 1443ms,E104,Transaction {tx} completed in {time}ms
64369,2026-01-14,15:10:36,INFO,AuthService,Page view: /home by u4412,E103,Page view: {page} by {user}
64370,2026-01-14,15:40:39,INFO,WebServer,User u3850 login successful,E101,User {user} login successful
64371,2026-01-14,15:52:30,INFO,WebServer,Transaction tx894236 completed in 370ms,E104,Transaction {tx} completed in {time}ms
64372,2026-01-14,15:18:45,INFO,PaymentGateway,Health check passed: PaymentGateway,E102,Health check passed: {service}
64373,2026-01-14,15:45:28,INFO,WebServer,Transaction tx668613 completed in 992ms,E104,Transaction {tx} completed in {time}ms
64374,2026-01-14,15:20:01,INFO,WebServer,Transaction tx671794 completed in 1840ms,E104,Transaction {tx} completed in {time}ms
64375,2026-01-14,15:25:06,INFO,WebServer,Transaction tx715971 completed in 1566ms,E104,Transaction {tx} completed in {time}ms
64376,2026-01-14,15:05:18,INFO,AuthService,User u3968 login successful,E101,User {user} login successful
64377,2026-01-14,15:16:31,WARN,AuthService,Unauthorized access attempt from 10.0.0.45,E401,Unauthorized access attempt from {ip}
64378,2026-01-14,15:15:53,INFO,WebServer,User u2598 login successful,E101,User {user} login successful
64379,2026-01-14,15:23:23,INFO,WebServer,User u2494 login successful,E101,User {user} login successful
64380,2026-01-14,15:33:41,INFO,AuthService,User u2111 login successful,E101,User {user} login successful
64381,2026-01-14,15:12:40,INFO,AuthService,Page view: /home by u3933,E103,Page view: {page} by {user}
64382,2026-01-14,15:24:25,INFO,WebServer,Health check passed: WebServer,E102,Health check passed: {service}
64383,2026-01-14,15:50:16,INFO,WebServer,Page view: /home by u2114,E103,Page view: {page} by {user}
64384,2026-01-14,15:49:47,INFO,PaymentGateway,Transaction tx350015 completed in 280ms,E104,Transaction {tx} completed in {time}ms
64385,2026-01-14,15:30:13,INFO,WebServer,User u3859 login successful,E101,User {user} login successful
64386,2026-01-14,15:23:05,INFO,PaymentGateway,User u1929 login successful,E101,User {user} login successful
64387,2026-01-14,15:41:28,INFO,WebServer,Health check passed: WebServer,E102,Health check passed: {service}
64388,2026-01-14,15:14:18,INFO,OrderProcessor,User u1844 login successful,E101,User {user} login successful
64389,2026-01-14,15:53:13,INFO,PaymentGateway,User u1921 login successful,E101,User {user} login successful
64390,2026-01-14,15:39:09,INFO,AuthService,Page view: /home by u3170,E103,Page view: {page} by {user}
64391,2026-01-14,15:03:26,INFO,AuthService,Transaction tx645060 completed in 1436ms,E104,Transaction {tx} completed in {time}ms
64392,2026-01-14,15:43:06,INFO,WebServer,Page view: /home by u2106,E103,Page view: {page} by {user}
64393,2026-01-14,15:06:31,INFO,AuthService,Health check passed: AuthService,E102,Health check passed: {service}
64394,2026-01-14,15:29:07,WARN,WebServer,Unauthorized access attempt from 10.0.0.45,E401,Unauthorized access attempt from {ip}
64395,2026-01-14,15:56:35,INFO,AuthService,Health check passed: AuthService,E102,Health check passed: {service}
64396,2026-01-14,15:32:09,INFO,AuthService,Page view: /home by u1503,E103,Page view: {page} by {user}
64397,2026-01-14,15:52:39,INFO,WebServer,Health check passed: WebServer,E102,Health check passed: {service}
64398,2026-01-14,15:45:08,INFO,WebServer,User u2250 login successful,E101,User {user} login successful
64399,2026-01-14,15:00:25,INFO,AuthService,Health check passed: AuthService,E102,Health check passed: {service}
64400,2026-01-14,15:17:22,INFO,WebServer,Health check passed: WebServer,E102,Health check passed: {service}
64401,2026-01-14,15:45:12,INFO,WebServer,Transaction tx743998 completed in 364ms,E104,Transaction {tx} completed in {time}ms
64402,2026-01-14,15:04:45,INFO,AuthService,Health check passed: AuthService,E102,Health check passed: {service}
64403,2026-01-14,15:38:32,INFO,AuthService,Health check passed: AuthService,E102,Health check passed: {service}
64404,2026-01-14,15:14:25,INFO,WebServer,Transaction tx202097 completed in 1852ms,E104,Transaction {tx} completed in {time}ms
64405,2026-01-14,15:50:40,INFO,OrderProcessor,Transaction tx717070 completed in 1392ms,E104,Transaction {tx} completed in {time}ms
64406,2026-01-14,15:08:46,INFO,OrderProcessor,User u2182 login successful,E101,User {user} login successful
64407,2026-01-14,15:22:00,INFO,AuthService,Transaction tx748107 completed in 1631ms,E104,Transaction {tx} completed in {time}ms
64408,2026-01-14,15:13:47,INFO,WebServer,Page view: /home by u1831,E103,Page view: {page} by {user}
64409,2026-01-14,15:48:05,INFO,WebServer,Transaction tx296547 completed in 1241ms,E104,Transaction {tx} completed in {time}ms
64410,2026-01-14,15:17:27,INFO,PaymentGateway,User u3254 login successful,E101,User {user} login successful
64411,2026-01-14,15:45:03,INFO,PaymentGateway,Page view: /home by u2902,E103,Page view: {page} by {user}
64412,2026-01-14,15:30:32,INFO,AuthService,Page view: /home by u3254,E103,Page view: {page} by {user}
64413,2026-01-14,15:32:31,INFO,WebServer,Page view: /home by u1289,E103,Page view: {page} by {user}
64414,2026-01-14,15:01:13,INFO,WebServer,Health check passed: WebServer,E102,Health check passed: {service}
64415,2026-01-14,15:39:23,WARN,WebServer,Unauthorized access attempt from 10.0.0.45,E401,Unauthorized access attempt from {ip}
64416,2026-01-14,15:27:25,INFO,WebServer,Page view: /home by u2416,E103,Page view: {page} by {user}
64417,2026-01-14,15:49:41,INFO,OrderProcessor,Health check passed: OrderProcessor,E102,Health check passed: {service}
64418,2026-01-14,15:21:08,INFO,PaymentGateway,User u3791 login successful,E101,User {user} login successful
64419,2026-01-14,15:37:59,INFO,AuthService,Health check passed: AuthService,E102,Health check passed: {service}
64420,2026-01-14,15:21:28,INFO,WebServer,Transaction tx446361 completed in 1259ms,E104,Transaction {tx} completed in {time}ms
64421,2026-01-14,15:18:04,INFO,WebServer,Health check passed: WebServer,E102,Health check passed: {service}
64422,2026-01-14,15:15:48,INFO,OrderProcessor,Transaction tx478538 completed in 261ms,E104,Transaction {tx} completed in {time}ms
64423,2026-01-14,15:58:06,INFO,WebServer,Transaction tx314629 completed in 182ms,E104,Transaction {tx} completed in {time}ms
64424,2026-01-14,15:58:59,INFO,PaymentGateway,Transaction tx721048 completed in 106ms,E104,Transaction {tx} completed in {time}ms
64425,2026-01-14,15:42:29,INFO,WebServer,Transaction tx724000 completed in 915ms,E104,Transaction {tx} completed in {time}ms
64426,2026-01-14,15:21:38,INFO,PaymentGateway,Page view: /home by u3271,E103,Page view: {page} by {user}
64427,2026-01-14,15:10:26,INFO,OrderProcessor,Health check passed: OrderProcessor,E102,Health check passed: {service}
64428,2026-01-14,15:42:18,INFO,AuthService,Health check passed: AuthService,E102,Health check passed: {service}
64429,2026-01-14,15:36:15,INFO,WebServer,User u4088 login successful,E101,User {user} login successful
64430,2026-01-14,15:22:28,INFO,WebServer,User u3315 login successful,E101,User {user} login successful
64431,2026-01-14,15:49:22,INFO,WebServer,User u1630 login successful,E101,User {user} login successful
64432,2026-01-14,15:30:12,INFO,AuthService,User u1865 login successful,E101,User {user} login successful
64433,2026-01-14,15:44:15,INFO,AuthService,Health check passed: AuthService,E102,Health check passed: {service}
64434,2026-01-14,15:53:01,INFO,WebServer,Health check passed: WebServer,E102,Health check passed: {service}
64435,2026-01-14,15:28:59,INFO,WebServer,User u2147 login successful,E101,User {user} login successful
64436,2026-01-14,15:02:18,ERROR,WebServer,Payment declined: Gateway unavailable,E503,Payment declined: Gateway unavailable
64437,2026-01-14,15:36:42,INFO,WebServer,User u3245 login successful,E101,User {user} login successful
64438,2026-01-14,15:58:58,INFO,OrderProcessor,Transaction tx305467 completed in 1497ms,E104,Transaction {tx} completed in {time}ms
64439,2026-01-14,15:12:12,INFO,PaymentGateway,Transaction tx566663 completed in 1988ms,E104,Transaction {tx} completed in {time}ms
64440,2026-01-14,15:29:35,INFO,WebServer,Transaction tx492627 completed in 1471ms,E104,Transaction {tx} completed in {time}ms
64441,2026-01-14,15:22:18,INFO,OrderProcessor,Transaction tx414978 completed in 1782ms,E104,Transaction {tx} completed in {time}ms
64442,2026-01-14,15:47:34,WARN,AuthService,Disk usage > 85% on node node-4,E202,Disk usage > 85% on node {node}
64443,2026-01-14,15:07:01,INFO,WebServer,Page view: /home by u1748,E103,Page view: {page} by {user}
64444,2026-01-14,15:35:14,INFO,AuthService,Page view: /home by u1208,E103,Page view: {page} by {user}
64445,2026-01-14,15:14:48,INFO,WebServer,Transaction tx306222 completed in 1186ms,E104,Transaction {tx} completed in {time}ms
64446,2026-01-14,15:05:17,INFO,WebServer,Page view: /home by u4408,E103,Page view: {page} by {user}
64447,2026-01-14,15:34:36,INFO,InventoryDB,Transaction tx269486 completed in 123ms,E104,Transaction {tx} completed in {time}ms
64448,2026-01-14,15:50:34,INFO,WebServer,User u2990 login successful,E101,User {user} login successful
64449,2026-01-14,15:10:22,INFO,WebServer,Health check passed: WebServer,E102,Health check passed: {service}
64450,2026-01-14,15:29:34,INFO,OrderProcessor,Transaction tx448316 completed in 1007ms,E104,Transaction {tx} completed in {time}ms
64451,2026-01-14,15:42:20,INFO,OrderProcessor,User u2750 login successful,E101,User {user} login successful
64452,2026-01-14,15:35:45,INFO,AuthService,Health check passed: AuthService,E102,Health check passed: {service}
64453,2026-01-14,15:02:22,INFO,AuthService,Health check passed: AuthService,E102,Health check passed: {service}
64454,2026-01-14,15:38:28,WARN,WebServer,Unauthorized access attempt from 192.168.1.5,E401,Unauthorized access attempt from {ip}
64455,2026-01-14,15:00:03,INFO,WebServer,User u4360 login successful,E101,User {user} login successful
64456,2026-01-14,15:00:07,INFO,AuthService,Transaction tx258390 completed in 724ms,E104,Transaction {tx} completed in {time}ms
64457,2026-01-14,15:56:43,WARN,AuthService,Unauthorized access attempt from 192.168.1.5,E401,Unauthorized access attempt from {ip}
64458,2026-01-14,15:41:47,INFO,OrderProcessor,User u1241 login successful,E101,User {user} login successful
64459,2026-01-14,15:32:43,INFO,AuthService,User u2893 login successful,E101,User {user} login successful
64460,2026-01-14,15:28:39,INFO,InventoryDB,Health check passed: InventoryDB,E102,Health check passed: {service}
64461,2026-01-14,15:13:48,INFO,WebServer,Transaction tx573928 completed in 186ms,E104,Transaction {tx} completed in {time}ms
64462,2026-01-14,15:30:12,INFO,WebServer,Health check passed: WebServer,E102,Health check passed: {service}
64463,2026-01-14,15:39:57,INFO,WebServer,User u4664 login successful,E101,User {user} login successful
64464,2026-01-14,15:57:55,INFO,OrderProcessor,Health check passed: OrderProcessor,E102,Health check passed: {service}
64465,2026-01-14,15:18:10,INFO,WebServer,User u4941 login successful,E101,User {user} login successful
64466,2026-01-14,15:32:36,INFO,WebServer,User u3026 login successful,E101,User {user} login successful
64467,2026-01-14,15:16:54,INFO,WebServer,Page view: /home by u1459,E103,Page view: {page} by {user}
64468,2026-01-14,15:21:26,INFO,OrderProcessor,Health check passed: OrderProcessor,E102,Health check passed: {service}
64469,2026-01-14,15:14:16,INFO,AuthService,Health check passed: AuthService,E102,Health check passed: {service}
64470,2026-01-14,15:53:37,INFO,WebServer,User u1749 login successful,E101,User {user} login successful
64471,2026-01-14,15:43:38,INFO,WebServer,Transaction tx182275 completed in 1192ms,E104,Transaction {tx} completed in {time}ms
64472,2026-01-14,15:52:12,INFO,WebServer,Health check passed: WebServer,E102,Health check passed: {service}
64473,2026-01-14,15:41:37,WARN,WebServer,Disk usage > 85% on node node-5,E202,Disk usage > 85% on node {node}
64474,2026-01-14,15:35:35,INFO,PaymentGateway,User u2224 login successful,E101,User {user} login successful
64475,2026-01-14,15:09:39,INFO,WebServer,Page view: /home by u1671,E103,Page view: {page} by {user}
64476,2026-01-14,15:33:23,CRITICAL,OrderProcessor,DATA CORRUPTION detected in sector 860,E602,DATA CORRUPTION detected in sector {sector}
64477,2026-01-14,15:15:29,WARN,PaymentGateway,High latency (382ms) detected on PaymentGateway,E201,High latency ({time}ms) detected on {service}
64478,2026-01-14,15:45:44,INFO,PaymentGateway,Transaction tx314555 completed in 1522ms,E104,Transaction {tx} completed in {time}ms
64479,2026-01-14,15:42:38,CRITICAL,PaymentGateway,KERNEL PANIC: Node node-4 crashed,E601,KERNEL PANIC: Node {node} crashed
64480,2026-01-14,15:23:31,INFO,WebServer,Page view: /home by u2347,E103,Page view: {page} by {user}
64481,2026-01-14,15:34:00,INFO,WebServer,Transaction tx826252 completed in 1668ms,E104,Transaction {tx} completed in {time}ms
64482,2026-01-14,15:41:13,INFO,WebServer,Page view: /home by u2947,E103,Page view: {page} by {user}
64483,2026-01-14,15:20:09,INFO,WebServer,Page view: /home by u1796,E103,Page view: {page} by {user}
64484,2026-01-14,15:55:58,INFO,WebServer,Transaction tx507870 completed in 365ms,E104,Transaction {tx} completed in {time}ms
64485,2026-01-14,15:44:27,INFO,OrderProcessor,Health check passed: OrderProcessor,E102,Health check passed: {service}
64486,2026-01-14,15:48:41,INFO,InventoryDB,Health check passed: InventoryDB,E102,Health check passed: {service}
64487,2026-01-14,15:29:10,INFO,PaymentGateway,Health check passed: PaymentGateway,E102,Health check passed: {service}
64488,2026-01-14,15:54:49,INFO,OrderProcessor,Transaction tx517620 completed in 1076ms,E104,Transaction {tx} completed in {time}ms
64489,2026-01-14,15:25:23,INFO,WebServer,Health check passed: WebServer,E102,Health check passed: {service}
64490,2026-01-14,15:45:33,INFO,WebServer,User u1549 login successful,E101,User {user} login successful
64491,2026-01-14,15:33:18,INFO,WebServer,Transaction tx786114 completed in 291ms,E104,Transaction {tx} completed in {time}ms
64492,2026-01-14,15:09:08,WARN,WebServer,Unauthorized access attempt from 10.0.0.12,E401,Unauthorized access attempt from {ip}
64493,2026-01-14,15:45:48,INFO,PaymentGateway,Page view: /home by u3374,E103,Page view: {page} by {user}
64494,2026-01-14,15:27:18,INFO,WebServer,User u3262 login successful,E101,User {user} login successful
64495,2026-01-14,15:17:18,INFO,WebServer,Health check passed: WebServer,E102,Health check passed: {service}
64496,2026-01-14,15:56:28,INFO,WebServer,User u2099 login successful,E101,User {user} login successful
64497,2026-01-14,15:51:56,INFO,PaymentGateway,Page view: /home by u3372,E103,Page view: {page} by {user}
64498,2026-01-14,15:09:47,INFO,WebServer,Health check passed: WebServer,E102,Health check passed: {service}
64499,2026-01-14,15:03:32,INFO,WebServer,User u4102 login successful,E101,User {user} login successful
64500,2026-01-14,15:17:11,INFO,WebServer,Health check passed: WebServer,E102,Health check passed: {service}
64501,2026-01-14,15:21:29,INFO,AuthService,Transaction tx540089 completed in 1180ms,E104,Transaction {tx} completed in {time}ms
64502,2026-01-14,15:22:09,INFO,WebServer,Health check passed: WebServer,E102,Health check passed: {service}
64503,2026-01-14,15:26:41,INFO,WebServer,Page view: /home by u2275,E103,Page view: {page} by {user}
64504,2026-01-14,15:51:04,INFO,AuthService,User u1497 login successful,E101,User {user} login successful
64505,2026-01-14,15:22:18,INFO,WebServer,Page view: /home by u4771,E103,Page view: {page} by {user}
64506,2026-01-14,15:52:32,INFO,WebServer,Health check passed: WebServer,E102,Health check passed: {service}
64507,2026-01-14,15:22:38,INFO,AuthService,Health check passed: AuthService,E102,Health check passed: {service}
64508,2026-01-14,15:07:12,INFO,WebServer,Transaction tx111851 completed in 503ms,E104,Transaction {tx} completed in {time}ms
64509,2026-01-14,15:24:47,INFO,AuthService,Health check passed: AuthService,E102,Health check passed: {service}
64510,2026-01-14,15:22:42,INFO,WebServer,Page view: /home by u1607,E103,Page view: {page} by {user}
64511,2026-01-14,15:13:36,INFO,PaymentGateway,Health check passed: PaymentGateway,E102,Health check passed: {service}
64512,2026-01-14,15:34:45,INFO,WebServer,Page view: /home by u3329,E103,Page view: {page} by {user}
64513,2026-01-14,15:47:15,INFO,WebServer,User u4017 login successful,E101,User {user} login successful
64514,2026-01-14,15:00:48,INFO,WebServer,Health check passed: WebServer,E102,Health check passed: {service}
64515,2026-01-14,15:42:01,INFO,WebServer,Health check passed: WebServer,E102,Health check passed: {service}
64516,2026-01-14,15:14:22,INFO,PaymentGateway,Health check passed: PaymentGateway,E102,Health check passed: {service}
64517,2026-01-14,15:57:33,INFO,OrderProcessor,Page view: /home by u4468,E103,Page view: {page} by {user}
64518,2026-01-14,15:33:08,INFO,OrderProcessor,Transaction tx585141 completed in 382ms,E104,Transaction {tx} completed in {time}ms
64519,2026-01-14,15:54:00,CRITICAL,WebServer,DATA CORRUPTION detected in sector 580,E602,DATA CORRUPTION detected in sector {sector}
64520,2026-01-14,15:10:11,INFO,AuthService,Health check passed: AuthService,E102,Health check passed: {service}
64521,2026-01-14,15:31:27,INFO,WebServer,Health check passed: WebServer,E102,Health check passed: {service}
64522,2026-01-14,15:01:37,INFO,PaymentGateway,Page view: /home by u4039,E103,Page view: {page} by {user}
64523,2026-01-14,15:45:38,INFO,WebServer,Health check passed: WebServer,E102,Health check passed: {service}
64524,2026-01-14,15:22:36,INFO,OrderProcessor,User u2191 login successful,E101,User {user} login successful
64525,2026-01-14,15:42:30,INFO,OrderProcessor,Page view: /home by u1317,E103,Page view: {page} by {user}
64526,2026-01-14,15:42:53,INFO,AuthService,User u2360 login successful,E101,User {user} login successful
64527,2026-01-14,15:31:38,INFO,AuthService,Transaction tx356300 completed in 1929ms,E104,Transaction {tx} completed in {time}ms
64528,2026-01-14,15:43:54,INFO,WebServer,User u2733 login successful,E101,User {user} login successful
64529,2026-01-14,15:55:58,INFO,PaymentGateway,Transaction tx606827 completed in 1754ms,E104,Transaction {tx} completed in {time}ms
64530,2026-01-14,15:17:07,INFO,OrderProcessor,Page view: /home by u1586,E103,Page view: {page} by {user}
64531,2026-01-14,15:33:55,INFO,WebServer,User u1388 login successful,E101,User {user} login successful
64532,2026-01-14,15:50:35,INFO,WebServer,Page view: /home by u1574,E103,Page view: {page} by {user}
64533,2026-01-14,15:41:42,INFO,WebServer,Page view: /home by u2509,E103,Page view: {page} by {user}
64534,2026-01-14,15:12:49,INFO,OrderProcessor,Page view: /home by u3461,E103,Page view: {page} by {user}
64535,2026-01-14,15:32:33,INFO,OrderProcessor,Page view: /home by u4491,E103,Page view: {page} by {user}
64536,2026-01-14,15:55:00,INFO,AuthService,Health check passed: AuthService,E102,Health check passed: {service}
64537,2026-01-14,15:28:19,INFO,WebServer,Health check passed: WebServer,E102,Health check passed: {service}
64538,2026-01-14,15:40:34,INFO,AuthService,Transaction tx940038 completed in 875ms,E104,Transaction {tx} completed in {time}ms
64539,2026-01-14,15:51:03,WARN,WebServer,High latency (240ms) detected on WebServer,E201,High latency ({time}ms) detected on {service}
64540,2026-01-14,15:47:10,INFO,PaymentGateway,Health check passed: PaymentGateway,E102,Health check passed: {service}
64541,2026-01-14,15:45:15,INFO,PaymentGateway,Transaction tx924866 completed in 551ms,E104,Transaction {tx} completed in {time}ms
64542,2026-01-14,15:17:54,INFO,AuthService,Transaction tx368114 completed in 758ms,E104,Transaction {tx} completed in {time}ms
64543,2026-01-14,15:45:46,INFO,WebServer,User u3662 login successful,E101,User {user} login successful
64544,2026-01-14,15:49:24,WARN,InventoryDB,Unauthorized access attempt from 10.0.0.88,E401,Unauthorized access attempt from {ip}
64545,2026-01-14,15:28:47,INFO,OrderProcessor,User u2198 login successful,E101,User {user} login successful
64546,2026-01-14,15:12:50,WARN,WebServer,High latency (1614ms) detected on WebServer,E201,High latency ({time}ms) detected on {service}
64547,2026-01-14,15:40:02,INFO,AuthService,Transaction tx397949 completed in 558ms,E104,Transaction {tx} completed in {time}ms
64548,2026-01-14,15:10:21,INFO,WebServer,Page view: /home by u4421,E103,Page view: {page} by {user}
64549,2026-01-14,15:33:25,INFO,AuthService,Transaction tx275974 completed in 379ms,E104,Transaction {tx} completed in {time}ms
64550,2026-01-14,15:03:07,INFO,OrderProcessor,User u1356 login successful,E101,User {user} login successful
64551,2026-01-14,15:02:15,WARN,WebServer,Unauthorized access attempt from 10.0.0.88,E401,Unauthorized access attempt from {ip}
64552,2026-01-14,15:54:13,INFO,PaymentGateway,Health check passed: PaymentGateway,E102,Health check passed: {service}
64553,2026-01-14,15:10:34,INFO,WebServer,Health check passed: WebServer,E102,Health check passed: {service}
64554,2026-01-14,15:31:30,WARN,WebServer,Unauthorized access attempt from 10.0.0.10,E401,Unauthorized access attempt from {ip}
64555,2026-01-14,15:28:43,INFO,AuthService,Health check passed: AuthService,E102,Health check passed: {service}
64556,2026-01-14,15:33:48,INFO,AuthService,Page view: /home by u1849,E103,Page view: {page} by {user}
64557,2026-01-14,15:04:39,INFO,PaymentGateway,Page view: /home by u4155,E103,Page view: {page} by {user}
64558,2026-01-14,15:23:43,INFO,WebServer,User u3248 login successful,E101,User {user} login successful
64559,2026-01-14,15:47:51,INFO,AuthService,Page view: /home by u4007,E103,Page view: {page} by {user}
64560,2026-01-14,15:41:23,INFO,WebServer,Health check passed: WebServer,E102,Health check passed: {service}
64561,2026-01-14,15:14:34,INFO,WebServer,User u1963 login successful,E101,User {user} login successful
64562,2026-01-14,15:57:21,ERROR,PaymentGateway,Payment declined: Gateway unavailable,E503,Payment declined: Gateway unavailable
64563,2026-01-14,15:47:38,INFO,WebServer,Transaction tx833072 completed in 1952ms,E104,Transaction {tx} completed in {time}ms
64564,2026-01-14,15:14:21,WARN,WebServer,Unauthorized access attempt from 10.0.0.45,E401,Unauthorized access attempt from {ip}
64565,2026-01-14,15:07:10,WARN,PaymentGateway,High latency (439ms) detected on PaymentGateway,E201,High latency ({time}ms) detected on {service}
64566,2026-01-14,15:59:01,INFO,WebServer,Page view: /home by u1000,E103,Page view: {page} by {user}
64567,2026-01-14,15:02:42,INFO,WebServer,Health check passed: WebServer,E102,Health check passed: {service}
64568,2026-01-14,15:02:47,INFO,OrderProcessor,Page view: /home by u4014,E103,Page view: {page} by {user}
64569,2026-01-14,15:47:57,INFO,OrderProcessor,Health check passed: OrderProcessor,E102,Health check passed: {service}
64570,2026-01-14,15:51:31,INFO,WebServer,User u2995 login successful,E101,User {user} login successful
64571,2026-01-14,15:06:46,INFO,WebServer,Page view: /home by u3860,E103,Page view: {page} by {user}
64572,2026-01-14,15:21:32,WARN,WebServer,Unauthorized access attempt from 10.0.0.99,E401,Unauthorized access attempt from {ip}
64573,2026-01-14,15:57:47,INFO,AuthService,Transaction tx693114 completed in 806ms,E104,Transaction {tx} completed in {time}ms
64574,2026-01-14,15:13:04,INFO,WebServer,Page view: /home by u2346,E103,Page view: {page} by {user}
64575,2026-01-14,15:05:16,INFO,WebServer,User u3356 login successful,E101,User {user} login successful
64576,2026-01-14,15:13:26,INFO,WebServer,Health check passed: WebServer,E102,Health check passed: {service}
64577,2026-01-14,15:10:26,INFO,WebServer,Health check passed: WebServer,E102,Health check passed: {service}
64578,2026-01-14,15:33:46,INFO,WebServer,User u3004 login successful,E101,User {user} login successful
64579,2026-01-14,15:39:30,ERROR,WebServer,Connection refused to WebServer at 192.168.1.5,E501,Connection refused to {service} at {ip}
64580,2026-01-14,15:49:18,INFO,WebServer,Transaction tx796928 completed in 1686ms,E104,Transaction {tx} completed in {time}ms
64581,2026-01-14,15:10:01,INFO,PaymentGateway,User u4447 login successful,E101,User {user} login successful
64582,2026-01-14,15:03:51,INFO,OrderProcessor,User u1900 login successful,E101,User {user} login successful
64583,2026-01-14,15:20:26,INFO,AuthService,Page view: /home by u1553,E103,Page view: {page} by {user}
64584,2026-01-14,15:57:31,WARN,WebServer,Disk usage > 85% on node node-2,E202,Disk usage > 85% on node {node}
64585,2026-01-14,15:50:03,INFO,OrderProcessor,Transaction tx744506 completed in 106ms,E104,Transaction {tx} completed in {time}ms
64586,2026-01-14,15:30:28,INFO,WebServer,Health check passed: WebServer,E102,Health check passed: {service}
64587,2026-01-14,15:04:24,INFO,WebServer,Page view: /home by u2880,E103,Page view: {page} by {user}
64588,2026-01-14,15:10:25,INFO,AuthService,Health check passed: AuthService,E102,Health check passed: {service}
64589,2026-01-14,15:48:07,INFO,WebServer,User u1017 login successful,E101,User {user} login successful
64590,2026-01-14,15:50:48,INFO,InventoryDB,Health check passed: InventoryDB,E102,Health check passed: {service}
64591,2026-01-14,15:45:39,INFO,WebServer,User u2113 login successful,E101,User {user} login successful
64592,2026-01-14,15:49:16,INFO,WebServer,Health check passed: WebServer,E102,Health check passed: {service}
64593,2026-01-14,15:15:54,INFO,AuthService,Health check passed: AuthService,E102,Health check passed: {service}
64594,2026-01-14,15:31:36,INFO,PaymentGateway,Health check passed: PaymentGateway,E102,Health check passed: {service}
64595,2026-01-14,15:22:45,INFO,WebServer,Page view: /home by u2099,E103,Page view: {page} by {user}
64596,2026-01-14,15:20:35,WARN,PaymentGateway,Unauthorized access attempt from 10.0.0.45,E401,Unauthorized access attempt from {ip}
64597,2026-01-14,15:56:28,INFO,AuthService,Page view: /home by u2866,E103,Page view: {page} by {user}
64598,2026-01-14,15:50:10,INFO,WebServer,Transaction tx612826 completed in 892ms,E104,Transaction {tx} completed in {time}ms
64599,2026-01-14,15:18:54,INFO,WebServer,Page view: /home by u4269,E103,Page view: {page} by {user}
64600,2026-01-14,15:53:29,INFO,OrderProcessor,Page view: /home by u3292,E103,Page view: {page} by {user}
64601,2026-01-14,15:09:24,ERROR,WebServer,Timeout waiting for lock on InventoryDB,E502,Timeout waiting for lock on {db}
64602,2026-01-14,15:04:08,INFO,PaymentGateway,Page view: /home by u1410,E103,Page view: {page} by {user}
64603,2026-01-14,15:45:16,INFO,WebServer,Page view: /home by u3217,E103,Page view: {page} by {user}
64604,2026-01-14,15:09:15,INFO,WebServer,Health check passed: WebServer,E102,Health check passed: {service}
64605,2026-01-14,15:28:08,INFO,WebServer,Page view: /home by u4517,E103,Page view: {page} by {user}
64606,2026-01-14,15:58:59,INFO,WebServer,Transaction tx717183 completed in 1158ms,E104,Transaction {tx} completed in {time}ms
64607,2026-01-14,15:43:04,INFO,WebServer,Transaction tx936970 completed in 1584ms,E104,Transaction {tx} completed in {time}ms
64608,2026-01-14,15:03:38,INFO,AuthService,Transaction tx520482 completed in 692ms,E104,Transaction {tx} completed in {time}ms
64609,2026-01-14,15:40:14,INFO,WebServer,Transaction tx519247 completed in 446ms,E104,Transaction {tx} completed in {time}ms
64610,2026-01-14,15:47:11,INFO,AuthService,Health check passed: AuthService,E102,Health check passed: {service}
64611,2026-01-14,15:02:10,INFO,WebServer,Page view: /home by u2307,E103,Page view: {page} by {user}
64612,2026-01-14,15:31:31,INFO,InventoryDB,Transaction tx260484 completed in 1336ms,E104,Transaction {tx} completed in {time}ms
64613,2026-01-14,15:40:53,INFO,OrderProcessor,User u2755 login successful,E101,User {user} login successful
64614,2026-01-14,15:21:33,INFO,AuthService,Transaction tx364127 completed in 735ms,E104,Transaction {tx} completed in {time}ms
64615,2026-01-14,15:59:30,INFO,WebServer,Page view: /home by u2651,E103,Page view: {page} by {user}
64616,2026-01-14,15:29:24,INFO,WebServer,User u2812 login successful,E101,User {user} login successful
64617,2026-01-14,15:12:51,INFO,PaymentGateway,Page view: /home by u1350,E103,Page view: {page} by {user}
64618,2026-01-14,15:09:08,INFO,OrderProcessor,Page view: /home by u4348,E103,Page view: {page} by {user}
64619,2026-01-14,15:42:31,INFO,WebServer,Page view: /home by u1776,E103,Page view: {page} by {user}
64620,2026-01-14,15:14:33,INFO,WebServer,Health check passed: WebServer,E102,Health check passed: {service}
64621,2026-01-14,15:52:03,INFO,AuthService,Health check passed: AuthService,E102,Health check passed: {service}
64622,2026-01-14,15:30:48,INFO,InventoryDB,Health check passed: InventoryDB,E102,Health check passed: {service}
64623,2026-01-14,15:08:57,INFO,OrderProcessor,User u1339 login successful,E101,User {user} login successful
64624,2026-01-14,15:39:12,INFO,OrderProcessor,Health check passed: OrderProcessor,E102,Health check passed: {service}
64625,2026-01-14,15:25:11,INFO,PaymentGateway,Health check passed: PaymentGateway,E102,Health check passed: {service}
64626,2026-01-14,15:14:01,INFO,OrderProcessor,Page view: /home by u3701,E103,Page view: {page} by {user}
64627,2026-01-14,15:26:13,INFO,WebServer,Page view: /home by u1414,E103,Page view: {page} by {user}
64628,2026-01-14,15:59:41,INFO,WebServer,User u2168 login successful,E101,User {user} login successful
64629,2026-01-14,15:48:56,INFO,PaymentGateway,User u2026 login successful,E101,User {user} login successful
64630,2026-01-14,15:51:59,INFO,WebServer,Transaction tx553427 completed in 1237ms,E104,Transaction {tx} completed in {time}ms
64631,2026-01-14,15:51:11,INFO,InventoryDB,Health check passed: InventoryDB,E102,Health check passed: {service}
64632,2026-01-14,15:48:12,INFO,PaymentGateway,Page view: /home by u4988,E103,Page view: {page} by {user}
64633,2026-01-14,15:49:30,INFO,WebServer,Page view: /home by u1280,E103,Page view: {page} by {user}
64634,2026-01-14,15:47:27,INFO,OrderProcessor,Transaction tx807138 completed in 1865ms,E104,Transaction {tx} completed in {time}ms
64635,2026-01-14,15:22:01,WARN,AuthService,High latency (1756ms) detected on AuthService,E201,High latency ({time}ms) detected on {service}
64636,2026-01-14,15:52:43,INFO,WebServer,Health check passed: WebServer,E102,Health check passed: {service}
64637,2026-01-14,15:50:00,INFO,WebServer,Transaction tx440560 completed in 1074ms,E104,Transaction {tx} completed in {time}ms
64638,2026-01-14,15:31:52,INFO,WebServer,User u2617 login successful,E101,User {user} login successful
64639,2026-01-14,15:40:53,WARN,AuthService,High latency (1960ms) detected on AuthService,E201,High latency ({time}ms) detected on {service}
64640,2026-01-14,15:14:36,INFO,InventoryDB,Transaction tx190040 completed in 1703ms,E104,Transaction {tx} completed in {time}ms
64641,2026-01-14,15:56:30,INFO,PaymentGateway,Health check passed: PaymentGateway,E102,Health check passed: {service}
64642,2026-01-14,15:48:45,INFO,OrderProcessor,Health check passed: OrderProcessor,E102,Health check passed: {service}
64643,2026-01-14,15:04:11,INFO,WebServer,User u4475 login successful,E101,User {user} login successful
64644,2026-01-14,15:01:46,INFO,WebServer,Health check passed: WebServer,E102,Health check passed: {service}
64645,2026-01-14,15:02:58,INFO,AuthService,Page view: /home by u2985,E103,Page view: {page} by {user}
64646,2026-01-14,15:39:31,INFO,OrderProcessor,Page view: /home by u1678,E103,Page view: {page} by {user}
64647,2026-01-14,15:06:46,INFO,PaymentGateway,Health check passed: PaymentGateway,E102,Health check passed: {service}
64648,2026-01-14,15:42:27,INFO,AuthService,Health check passed: AuthService,E102,Health check passed: {service}
64649,2026-01-14,15:40:17,INFO,PaymentGateway,User u3678 login successful,E101,User {user} login successful
64650,2026-01-14,15:53:13,INFO,AuthService,Health check passed: AuthService,E102,Health check passed: {service}
64651,2026-01-14,15:19:58,INFO,WebServer,Transaction tx757855 completed in 565ms,E104,Transaction {tx} completed in {time}ms
64652,2026-01-14,15:30:05,INFO,WebServer,Page view: /home by u4063,E103,Page view: {page} by {user}
64653,2026-01-14,15:33:46,INFO,PaymentGateway,User u3879 login successful,E101,User {user} login successful
64654,2026-01-14,15:40:56,INFO,PaymentGateway,Transaction tx486439 completed in 904ms,E104,Transaction {tx} completed in {time}ms
64655,2026-01-14,15:02:48,INFO,WebServer,Transaction tx652851 completed in 447ms,E104,Transaction {tx} completed in {time}ms
64656,2026-01-14,15:39:42,INFO,WebServer,Transaction tx972434 completed in 592ms,E104,Transaction {tx} completed in {time}ms
64657,2026-01-14,15:40:26,INFO,PaymentGateway,Page view: /home by u1378,E103,Page view: {page} by {user}
64658,2026-01-14,15:30:29,INFO,WebServer,Health check passed: WebServer,E102,Health check passed: {service}
64659,2026-01-14,15:16:00,INFO,WebServer,User u3928 login successful,E101,User {user} login successful
64660,2026-01-14,15:36:59,INFO,WebServer,Page view: /home by u1630,E103,Page view: {page} by {user}
64661,2026-01-14,15:23:19,WARN,WebServer,Disk usage > 85% on node node-2,E202,Disk usage > 85% on node {node}
64662,2026-01-14,15:44:52,INFO,WebServer,User u3544 login successful,E101,User {user} login successful
64663,2026-01-14,15:40:00,INFO,OrderProcessor,Health check passed: OrderProcessor,E102,Health check passed: {service}
64664,2026-01-14,15:37:19,INFO,WebServer,User u3513 login successful,E101,User {user} login successful
64665,2026-01-14,15:07:18,INFO,AuthService,Page view: /home by u3427,E103,Page view: {page} by {user}
64666,2026-01-14,15:44:49,INFO,OrderProcessor,Transaction tx226242 completed in 1202ms,E104,Transaction {tx} completed in {time}ms
64667,2026-01-14,15:18:32,INFO,WebServer,Page view: /home by u2312,E103,Page view: {page} by {user}
64668,2026-01-14,15:20:21,INFO,WebServer,User u4346 login successful,E101,User {user} login successful
64669,2026-01-14,15:59:37,INFO,AuthService,Health check passed: AuthService,E102,Health check passed: {service}
64670,2026-01-14,15:42:16,INFO,InventoryDB,Health check passed: InventoryDB,E102,Health check passed: {service}
64671,2026-01-14,15:01:56,INFO,WebServer,Page view: /home by u1532,E103,Page view: {page} by {user}
64672,2026-01-14,15:07:16,INFO,WebServer,Transaction tx675151 completed in 1329ms,E104,Transaction {tx} completed in {time}ms
64673,2026-01-14,15:38:52,INFO,InventoryDB,User u4094 login successful,E101,User {user} login successful
64674,2026-01-14,15:59:09,INFO,WebServer,Page view: /home by u1657,E103,Page view: {page} by {user}
64675,2026-01-14,15:26:32,INFO,AuthService,Transaction tx487822 completed in 1353ms,E104,Transaction {tx} completed in {time}ms
64676,2026-01-14,15:12:32,INFO,OrderProcessor,Health check passed: OrderProcessor,E102,Health check passed: {service}
64677,2026-01-14,15:02:22,WARN,OrderProcessor,High latency (1812ms) detected on OrderProcessor,E201,High latency ({time}ms) detected on {service}
64678,2026-01-14,15:18:41,INFO,WebServer,Health check passed: WebServer,E102,Health check passed: {service}
64679,2026-01-14,15:06:22,INFO,AuthService,Health check passed: AuthService,E102,Health check passed: {service}
64680,2026-01-14,15:57:44,INFO,OrderProcessor,Health check passed: OrderProcessor,E102,Health check passed: {service}
64681,2026-01-14,15:39:06,INFO,WebServer,Transaction tx634943 completed in 706ms,E104,Transaction {tx} completed in {time}ms
64682,2026-01-14,15:34:08,INFO,WebServer,Transaction tx880617 completed in 989ms,E104,Transaction {tx} completed in {time}ms
64683,2026-01-14,15:42:32,INFO,AuthService,Transaction tx868274 completed in 1649ms,E104,Transaction {tx} completed in {time}ms
64684,2026-01-14,15:33:29,INFO,WebServer,Health check passed: WebServer,E102,Health check passed: {service}
64685,2026-01-14,15:27:20,INFO,InventoryDB,Page view: /home by u3422,E103,Page view: {page} by {user}
64686,2026-01-14,15:50:40,INFO,AuthService,Page view: /home by u2405,E103,Page view: {page} by {user}
64687,2026-01-14,15:31:47,INFO,WebServer,Transaction tx465501 completed in 1820ms,E104,Transaction {tx} completed in {time}ms
64688,2026-01-14,15:33:14,CRITICAL,AuthService,KERNEL PANIC: Node node-2 crashed,E601,KERNEL PANIC: Node {node} crashed
64689,2026-01-14,15:31:22,INFO,WebServer,User u3595 login successful,E101,User {user} login successful
64690,2026-01-14,15:14:42,INFO,OrderProcessor,Health check passed: OrderProcessor,E102,Health check passed: {service}
64691,2026-01-14,15:40:08,INFO,WebServer,User u4885 login successful,E101,User {user} login successful
64692,2026-01-14,15:08:29,INFO,WebServer,Page view: /home by u3891,E103,Page view: {page} by {user}
64693,2026-01-14,15:46:45,INFO,PaymentGateway,Page view: /home by u3201,E103,Page view: {page} by {user}
64694,2026-01-14,15:01:07,INFO,AuthService,Transaction tx236009 completed in 1563ms,E104,Transaction {tx} completed in {time}ms
64695,2026-01-14,15:24:52,ERROR,OrderProcessor,Connection refused to OrderProcessor at 10.0.0.45,E501,Connection refused to {service} at {ip}
64696,2026-01-14,15:48:17,INFO,AuthService,Health check passed: AuthService,E102,Health check passed: {service}
64697,2026-01-14,15:59:53,INFO,PaymentGateway,Page view: /home by u4895,E103,Page view: {page} by {user}
64698,2026-01-14,15:21:40,INFO,WebServer,User u2119 login successful,E101,User {user} login successful
64699,2026-01-14,15:12:11,INFO,OrderProcessor,Transaction tx876938 completed in 71ms,E104,Transaction {tx} completed in {time}ms
64700,2026-01-14,15:38:36,INFO,InventoryDB,Page view: /home by u2162,E103,Page view: {page} by {user}
64701,2026-01-14,15:21:36,INFO,OrderProcessor,Transaction tx743134 completed in 1939ms,E104,Transaction {tx} completed in {time}ms
64702,2026-01-14,15:00:29,INFO,WebServer,Page view: /home by u4037,E103,Page view: {page} by {user}
64703,2026-01-14,15:05:05,INFO,AuthService,Transaction tx901648 completed in 1768ms,E104,Transaction {tx} completed in {time}ms
64704,2026-01-14,15:46:05,INFO,InventoryDB,Health check passed: InventoryDB,E102,Health check passed: {service}
64705,2026-01-14,15:26:21,INFO,PaymentGateway,User u3463 login successful,E101,User {user} login successful
64706,2026-01-14,15:07:39,INFO,AuthService,User u4489 login successful,E101,User {user} login successful
64707,2026-01-14,15:47:58,INFO,OrderProcessor,Health check passed: OrderProcessor,E102,Health check passed: {service}
64708,2026-01-14,15:48:06,INFO,PaymentGateway,User u3579 login successful,E101,User {user} login successful
64709,2026-01-14,15:29:40,INFO,OrderProcessor,Page view: /home by u3367,E103,Page view: {page} by {user}
64710,2026-01-14,15:20:26,INFO,AuthService,Health check passed: AuthService,E102,Health check passed: {service}
64711,2026-01-14,15:34:05,INFO,OrderProcessor,Transaction tx709073 completed in 163ms,E104,Transaction {tx} completed in {time}ms
64712,2026-01-14,15:29:29,INFO,WebServer,Health check passed: WebServer,E102,Health check passed: {service}
64713,2026-01-14,15:52:57,INFO,AuthService,Page view: /home by u2900,E103,Page view: {page} by {user}
64714,2026-01-14,15:51:12,INFO,WebServer,Transaction tx916214 completed in 268ms,E104,Transaction {tx} completed in {time}ms
64715,2026-01-14,15:47:53,INFO,WebServer,User u3730 login successful,E101,User {user} login successful
64716,2026-01-14,15:08:37,WARN,WebServer,Unauthorized access attempt from 10.0.0.10,E401,Unauthorized access attempt from {ip}
64717,2026-01-14,15:04:24,INFO,PaymentGateway,Transaction tx988557 completed in 1639ms,E104,Transaction {tx} completed in {time}ms
64718,2026-01-14,15:21:14,INFO,AuthService,User u4442 login successful,E101,User {user} login successful
64719,2026-01-14,15:33:32,INFO,OrderProcessor,User u3436 login successful,E101,User {user} login successful
64720,2026-01-14,15:12:12,INFO,PaymentGateway,Page view: /home by u1255,E103,Page view: {page} by {user}
64721,2026-01-14,15:57:32,INFO,WebServer,Page view: /home by u1332,E103,Page view: {page} by {user}
64722,2026-01-14,15:30:02,INFO,AuthService,Page view: /home by u2968,E103,Page view: {page} by {user}
64723,2026-01-14,15:15:19,INFO,WebServer,Transaction tx545376 completed in 547ms,E104,Transaction {tx} completed in {time}ms
64724,2026-01-14,15:30:13,INFO,WebServer,Health check passed: WebServer,E102,Health check passed: {service}
64725,2026-01-14,15:41:42,INFO,WebServer,User u1365 login successful,E101,User {user} login successful
64726,2026-01-14,15:35:40,INFO,InventoryDB,User u4133 login successful,E101,User {user} login successful
64727,2026-01-14,15:35:53,INFO,WebServer,Health check passed: WebServer,E102,Health check passed: {service}
64728,2026-01-14,15:14:31,INFO,WebServer,User u2267 login successful,E101,User {user} login successful
64729,2026-01-14,15:16:04,INFO,AuthService,Page view: /home by u2787,E103,Page view: {page} by {user}
64730,2026-01-14,15:36:22,INFO,AuthService,Page view: /home by u4073,E103,Page view: {page} by {user}
64731,2026-01-14,15:58:46,INFO,AuthService,Transaction tx595728 completed in 1794ms,E104,Transaction {tx} completed in {time}ms
64732,2026-01-14,15:36:21,INFO,PaymentGateway,Page view: /home by u4871,E103,Page view: {page} by {user}
64733,2026-01-14,15:19:19,INFO,WebServer,Health check passed: WebServer,E102,Health check passed: {service}
64734,2026-01-14,15:13:37,INFO,PaymentGateway,Transaction tx324431 completed in 606ms,E104,Transaction {tx} completed in {time}ms
64735,2026-01-14,15:46:20,WARN,OrderProcessor,Unauthorized access attempt from 10.0.0.88,E401,Unauthorized access attempt from {ip}
64736,2026-01-14,15:58:31,WARN,AuthService,Unauthorized access attempt from 10.0.0.45,E401,Unauthorized access attempt from {ip}
64737,2026-01-14,15:12:05,INFO,WebServer,Page view: /home by u1762,E103,Page view: {page} by {user}
64738,2026-01-14,15:30:59,INFO,OrderProcessor,Transaction tx682233 completed in 1572ms,E104,Transaction {tx} completed in {time}ms
64739,2026-01-14,15:45:41,INFO,OrderProcessor,Page view: /home by u1485,E103,Page view: {page} by {user}
64740,2026-01-14,15:30:46,INFO,WebServer,Transaction tx634440 completed in 394ms,E104,Transaction {tx} completed in {time}ms
64741,2026-01-14,15:16:35,INFO,AuthService,Health check passed: AuthService,E102,Health check passed: {service}
64742,2026-01-14,15:34:21,INFO,OrderProcessor,Page view: /home by u4733,E103,Page view: {page} by {user}
64743,2026-01-14,15:08:01,INFO,WebServer,Health check passed: WebServer,E102,Health check passed: {service}
64744,2026-01-14,15:00:59,INFO,PaymentGateway,Health check passed: PaymentGateway,E102,Health check passed: {service}
64745,2026-01-14,15:53:46,INFO,AuthService,Page view: /home by u2893,E103,Page view: {page} by {user}
64746,2026-01-14,15:19:50,INFO,WebServer,Health check passed: WebServer,E102,Health check passed: {service}
64747,2026-01-14,15:23:47,INFO,WebServer,User u3914 login successful,E101,User {user} login successful
64748,2026-01-14,15:32:44,INFO,InventoryDB,Page view: /home by u2780,E103,Page view: {page} by {user}
64749,2026-01-14,15:50:57,INFO,AuthService,Health check passed: AuthService,E102,Health check passed: {service}
64750,2026-01-14,15:16:06,INFO,WebServer,User u4579 login successful,E101,User {user} login successful
64751,2026-01-14,15:41:00,INFO,WebServer,Page view: /home by u2425,E103,Page view: {page} by {user}
64752,2026-01-14,15:22:34,ERROR,WebServer,Payment declined: Gateway unavailable,E503,Payment declined: Gateway unavailable
64753,2026-01-14,15:18:54,INFO,AuthService,User u4441 login successful,E101,User {user} login successful
64754,2026-01-14,15:23:23,INFO,AuthService,User u4958 login successful,E101,User {user} login successful
64755,2026-01-14,15:17:26,INFO,OrderProcessor,Transaction tx932084 completed in 1928ms,E104,Transaction {tx} completed in {time}ms
64756,2026-01-14,15:11:36,INFO,AuthService,Page view: /home by u3374,E103,Page view: {page} by {user}
64757,2026-01-14,15:06:16,INFO,WebServer,Page view: /home by u3221,E103,Page view: {page} by {user}
64758,2026-01-14,15:43:58,INFO,WebServer,Page view: /home by u4226,E103,Page view: {page} by {user}
64759,2026-01-14,15:51:40,INFO,InventoryDB,User u1169 login successful,E101,User {user} login successful
64760,2026-01-14,15:29:53,INFO,AuthService,User u1332 login successful,E101,User {user} login successful
64761,2026-01-14,15:21:12,INFO,OrderProcessor,User u3168 login successful,E101,User {user} login successful
64762,2026-01-14,15:05:17,INFO,WebServer,Transaction tx840520 completed in 1418ms,E104,Transaction {tx} completed in {time}ms
64763,2026-01-14,15:48:03,ERROR,WebServer,Payment declined: Gateway unavailable,E503,Payment declined: Gateway unavailable
64764,2026-01-14,15:31:19,INFO,OrderProcessor,Page view: /home by u2078,E103,Page view: {page} by {user}
64765,2026-01-14,15:11:49,INFO,AuthService,User u3806 login successful,E101,User {user} login successful
64766,2026-01-14,15:57:28,INFO,OrderProcessor,Health check passed: OrderProcessor,E102,Health check passed: {service}
64767,2026-01-14,15:17:16,INFO,AuthService,Page view: /home by u1692,E103,Page view: {page} by {user}
64768,2026-01-14,15:54:56,INFO,AuthService,User u2969 login successful,E101,User {user} login successful
64769,2026-01-14,15:27:09,INFO,OrderProcessor,Transaction tx437187 completed in 1132ms,E104,Transaction {tx} completed in {time}ms
64770,2026-01-14,15:40:37,INFO,InventoryDB,Transaction tx294148 completed in 454ms,E104,Transaction {tx} completed in {time}ms
64771,2026-01-14,15:03:08,INFO,WebServer,User u4085 login successful,E101,User {user} login successful
64772,2026-01-14,15:33:45,INFO,WebServer,Health check passed: WebServer,E102,Health check passed: {service}
64773,2026-01-14,15:41:30,INFO,WebServer,Health check passed: WebServer,E102,Health check passed: {service}
64774,2026-01-14,15:05:11,INFO,AuthService,Page view: /home by u3811,E103,Page view: {page} by {user}
64775,2026-01-14,15:25:30,INFO,OrderProcessor,User u2399 login successful,E101,User {user} login successful
64776,2026-01-14,15:17:15,INFO,AuthService,Health check passed: AuthService,E102,Health check passed: {service}
64777,2026-01-14,15:42:58,INFO,AuthService,Health check passed: AuthService,E102,Health check passed: {service}
64778,2026-01-14,15:48:12,INFO,WebServer,Transaction tx829175 completed in 1378ms,E104,Transaction {tx} completed in {time}ms
64779,2026-01-14,15:10:38,INFO,WebServer,Page view: /home by u3590,E103,Page view: {page} by {user}
64780,2026-01-14,15:38:21,INFO,OrderProcessor,User u4072 login successful,E101,User {user} login successful
64781,2026-01-14,15:10:47,INFO,WebServer,Health check passed: WebServer,E102,Health check passed: {service}
64782,2026-01-14,15:04:01,INFO,WebServer,Health check passed: WebServer,E102,Health check passed: {service}
64783,2026-01-14,15:34:24,INFO,WebServer,User u1262 login successful,E101,User {user} login successful
64784,2026-01-14,15:56:38,INFO,WebServer,Page view: /home by u3655,E103,Page view: {page} by {user}
64785,2026-01-14,15:17:10,INFO,WebServer,Transaction tx689670 completed in 1950ms,E104,Transaction {tx} completed in {time}ms
64786,2026-01-14,15:55:21,INFO,WebServer,User u4170 login successful,E101,User {user} login successful
64787,2026-01-14,15:38:53,INFO,AuthService,User u4795 login successful,E101,User {user} login successful
64788,2026-01-14,15:02:03,INFO,WebServer,Page view: /home by u2769,E103,Page view: {page} by {user}
64789,2026-01-14,15:13:23,INFO,AuthService,Transaction tx352297 completed in 1415ms,E104,Transaction {tx} completed in {time}ms
64790,2026-01-14,15:09:27,INFO,WebServer,Page view: /home by u2254,E103,Page view: {page} by {user}
64791,2026-01-14,15:49:31,INFO,AuthService,Transaction tx322559 completed in 527ms,E104,Transaction {tx} completed in {time}ms
64792,2026-01-14,15:32:35,INFO,WebServer,Page view: /home by u3288,E103,Page view: {page} by {user}
64793,2026-01-14,15:30:41,INFO,WebServer,Health check passed: WebServer,E102,Health check passed: {service}
64794,2026-01-14,15:16:29,ERROR,WebServer,Connection refused to WebServer at 10.0.0.45,E501,Connection refused to {service} at {ip}
64795,2026-01-14,15:38:15,INFO,PaymentGateway,Transaction tx950932 completed in 1714ms,E104,Transaction {tx} completed in {time}ms
64796,2026-01-14,15:22:24,INFO,WebServer,User u2298 login successful,E101,User {user} login successful
64797,2026-01-14,15:39:12,INFO,WebServer,Transaction tx202098 completed in 1182ms,E104,Transaction {tx} completed in {time}ms
64798,2026-01-14,15:39:05,CRITICAL,OrderProcessor,DATA CORRUPTION detected in sector 780,E602,DATA CORRUPTION detected in sector {sector}
64799,2026-01-14,15:45:48,INFO,AuthService,Transaction tx547187 completed in 492ms,E104,Transaction {tx} completed in {time}ms
64800,2026-01-14,15:05:05,INFO,PaymentGateway,Health check passed: PaymentGateway,E102,Health check passed: {service}
64801,2026-01-14,15:21:03,INFO,WebServer,Health check passed: WebServer,E102,Health check passed: {service}
64802,2026-01-14,15:52:42,INFO,WebServer,Page view: /home by u2461,E103,Page view: {page} by {user}
64803,2026-01-14,15:30:39,INFO,AuthService,User u1383 login successful,E101,User {user} login successful
64804,2026-01-14,15:08:50,INFO,WebServer,Page view: /home by u2434,E103,Page view: {page} by {user}
64805,2026-01-14,15:26:08,INFO,WebServer,Transaction tx559291 completed in 1508ms,E104,Transaction {tx} completed in {time}ms
64806,2026-01-14,15:50:22,INFO,OrderProcessor,Page view: /home by u2967,E103,Page view: {page} by {user}
64807,2026-01-14,15:00:04,INFO,OrderProcessor,User u1732 login successful,E101,User {user} login successful
64808,2026-01-14,15:12:55,INFO,PaymentGateway,User u4335 login successful,E101,User {user} login successful
64809,2026-01-14,15:43:49,INFO,AuthService,Page view: /home by u3595,E103,Page view: {page} by {user}
64810,2026-01-14,15:49:42,INFO,OrderProcessor,User u1497 login successful,E101,User {user} login successful
64811,2026-01-14,15:23:17,INFO,WebServer,User u3600 login successful,E101,User {user} login successful
64812,2026-01-14,15:25:26,INFO,AuthService,Health check passed: AuthService,E102,Health check passed: {service}
64813,2026-01-14,15:13:31,INFO,WebServer,User u4627 login successful,E101,User {user} login successful
64814,2026-01-14,15:34:14,INFO,WebServer,Health check passed: WebServer,E102,Health check passed: {service}
64815,2026-01-14,15:08:19,INFO,WebServer,Transaction tx495102 completed in 188ms,E104,Transaction {tx} completed in {time}ms
64816,2026-01-14,15:17:43,INFO,WebServer,User u2913 login successful,E101,User {user} login successful
64817,2026-01-14,15:10:04,INFO,WebServer,User u3759 login successful,E101,User {user} login successful
64818,2026-01-14,15:19:51,INFO,WebServer,Health check passed: WebServer,E102,Health check passed: {service}
64819,2026-01-14,15:08:55,INFO,WebServer,User u2253 login successful,E101,User {user} login successful
64820,2026-01-14,15:44:46,INFO,WebServer,Page view: /home by u1510,E103,Page view: {page} by {user}
64821,2026-01-14,15:17:37,INFO,PaymentGateway,Page view: /home by u4248,E103,Page view: {page} by {user}
64822,2026-01-14,15:32:58,INFO,WebServer,Health check passed: WebServer,E102,Health check passed: {service}
64823,2026-01-14,15:09:06,INFO,WebServer,Transaction tx339565 completed in 1996ms,E104,Transaction {tx} completed in {time}ms
64824,2026-01-14,15:42:03,INFO,WebServer,Page view: /home by u4770,E103,Page view: {page} by {user}
64825,2026-01-14,15:05:57,INFO,WebServer,Page view: /home by u2200,E103,Page view: {page} by {user}
64826,2026-01-14,15:05:32,INFO,InventoryDB,Page view: /home by u2329,E103,Page view: {page} by {user}
64827,2026-01-14,15:48:51,INFO,WebServer,Page view: /home by u1272,E103,Page view: {page} by {user}
64828,2026-01-14,15:02:15,INFO,AuthService,User u2227 login successful,E101,User {user} login successful
64829,2026-01-14,15:16:48,INFO,AuthService,Page view: /home by u2133,E103,Page view: {page} by {user}
64830,2026-01-14,15:06:53,INFO,WebServer,Transaction tx518085 completed in 1695ms,E104,Transaction {tx} completed in {time}ms
64831,2026-01-14,15:07:40,INFO,WebServer,User u3747 login successful,E101,User {user} login successful
64832,2026-01-14,15:55:05,INFO,WebServer,Page view: /home by u2345,E103,Page view: {page} by {user}
64833,2026-01-14,15:11:56,INFO,WebServer,Transaction tx779195 completed in 1989ms,E104,Transaction {tx} completed in {time}ms
64834,2026-01-14,15:25:57,INFO,WebServer,Page view: /home by u4855,E103,Page view: {page} by {user}
64835,2026-01-14,15:03:00,INFO,WebServer,Page view: /home by u1498,E103,Page view: {page} by {user}
64836,2026-01-14,15:33:57,INFO,OrderProcessor,User u2863 login successful,E101,User {user} login successful
64837,2026-01-14,15:18:21,INFO,OrderProcessor,User u1151 login successful,E101,User {user} login successful
64838,2026-01-14,15:03:11,INFO,WebServer,Page view: /home by u3621,E103,Page view: {page} by {user}
64839,2026-01-14,15:39:54,INFO,WebServer,Transaction tx861826 completed in 397ms,E104,Transaction {tx} completed in {time}ms
64840,2026-01-14,15:41:06,INFO,InventoryDB,Transaction tx313141 completed in 1657ms,E104,Transaction {tx} completed in {time}ms
64841,2026-01-14,15:05:45,INFO,OrderProcessor,User u1371 login successful,E101,User {user} login successful
64842,2026-01-14,15:50:43,INFO,WebServer,Transaction tx600084 completed in 1200ms,E104,Transaction {tx} completed in {time}ms
64843,2026-01-14,15:27:45,INFO,InventoryDB,Page view: /home by u3671,E103,Page view: {page} by {user}
64844,2026-01-14,15:45:12,INFO,AuthService,Page view: /home by u3779,E103,Page view: {page} by {user}
64845,2026-01-14,15:55:53,INFO,OrderProcessor,Transaction tx520722 completed in 88ms,E104,Transaction {tx} completed in {time}ms
64846,2026-01-14,15:10:01,INFO,WebServer,Health check passed: WebServer,E102,Health check passed: {service}
64847,2026-01-14,15:02:45,INFO,WebServer,Health check passed: WebServer,E102,Health check passed: {service}
64848,2026-01-14,15:46:53,INFO,WebServer,Health check passed: WebServer,E102,Health check passed: {service}
64849,2026-01-14,15:52:20,INFO,OrderProcessor,Health check passed: OrderProcessor,E102,Health check passed: {service}
64850,2026-01-14,15:48:18,INFO,WebServer,Page view: /home by u4578,E103,Page view: {page} by {user}
64851,2026-01-14,15:16:38,INFO,WebServer,Health check passed: WebServer,E102,Health check passed: {service}
64852,2026-01-14,15:32:14,INFO,WebServer,Transaction tx559116 completed in 1572ms,E104,Transaction {tx} completed in {time}ms
64853,2026-01-14,15:53:35,INFO,WebServer,Health check passed: WebServer,E102,Health check passed: {service}
64854,2026-01-14,15:15:11,INFO,AuthService,Health check passed: AuthService,E102,Health check passed: {service}
64855,2026-01-14,15:02:02,INFO,WebServer,User u2391 login successful,E101,User {user} login successful
64856,2026-01-14,15:07:56,INFO,OrderProcessor,Health check passed: OrderProcessor,E102,Health check passed: {service}
64857,2026-01-14,15:05:30,INFO,WebServer,Transaction tx702815 completed in 643ms,E104,Transaction {tx} completed in {time}ms
64858,2026-01-14,15:59:32,WARN,OrderProcessor,High latency (1891ms) detected on OrderProcessor,E201,High latency ({time}ms) detected on {service}
64859,2026-01-14,15:26:41,INFO,PaymentGateway,User u4433 login successful,E101,User {user} login successful
64860,2026-01-14,15:42:55,INFO,PaymentGateway,Transaction tx792993 completed in 366ms,E104,Transaction {tx} completed in {time}ms
64861,2026-01-14,15:04:13,INFO,WebServer,Page view: /home by u4716,E103,Page view: {page} by {user}
64862,2026-01-14,15:01:16,INFO,AuthService,User u1701 login successful,E101,User {user} login successful
64863,2026-01-14,15:14:13,INFO,PaymentGateway,User u4099 login successful,E101,User {user} login successful
64864,2026-01-14,15:02:38,INFO,AuthService,Page view: /home by u1032,E103,Page view: {page} by {user}
64865,2026-01-14,15:53:48,INFO,OrderProcessor,Page view: /home by u4836,E103,Page view: {page} by {user}
64866,2026-01-14,15:27:05,INFO,WebServer,Page view: /home by u3570,E103,Page view: {page} by {user}
64867,2026-01-14,15:26:36,INFO,PaymentGateway,Page view: /home by u2551,E103,Page view: {page} by {user}
64868,2026-01-14,15:41:37,INFO,AuthService,Transaction tx445808 completed in 89ms,E104,Transaction {tx} completed in {time}ms
64869,2026-01-14,15:11:08,INFO,AuthService,Page view: /home by u1117,E103,Page view: {page} by {user}
64870,2026-01-14,15:43:28,WARN,WebServer,Disk usage > 85% on node node-1,E202,Disk usage > 85% on node {node}
64871,2026-01-14,15:18:12,INFO,AuthService,Page view: /home by u4717,E103,Page view: {page} by {user}
64872,2026-01-14,15:37:08,INFO,WebServer,Transaction tx331305 completed in 1608ms,E104,Transaction {tx} completed in {time}ms
64873,2026-01-14,15:03:25,INFO,OrderProcessor,User u4581 login successful,E101,User {user} login successful
64874,2026-01-14,15:08:39,INFO,WebServer,Health check passed: WebServer,E102,Health check passed: {service}
64875,2026-01-14,15:35:39,CRITICAL,WebServer,DATA CORRUPTION detected in sector 260,E602,DATA CORRUPTION detected in sector {sector}
64876,2026-01-14,15:04:27,INFO,PaymentGateway,Page view: /home by u3219,E103,Page view: {page} by {user}
64877,2026-01-14,15:42:33,INFO,PaymentGateway,User u3196 login successful,E101,User {user} login successful
64878,2026-01-14,15:47:53,INFO,InventoryDB,Page view: /home by u1525,E103,Page view: {page} by {user}
64879,2026-01-14,15:27:03,INFO,OrderProcessor,User u3620 login successful,E101,User {user} login successful
64880,2026-01-14,15:29:38,INFO,WebServer,Transaction tx437483 completed in 1192ms,E104,Transaction {tx} completed in {time}ms
64881,2026-01-14,15:13:34,INFO,AuthService,User u4318 login successful,E101,User {user} login successful
64882,2026-01-14,15:13:27,INFO,PaymentGateway,User u3359 login successful,E101,User {user} login successful
64883,2026-01-14,15:05:55,WARN,PaymentGateway,Disk usage > 85% on node node-2,E202,Disk usage > 85% on node {node}
64884,2026-01-14,15:12:37,INFO,WebServer,Health check passed: WebServer,E102,Health check passed: {service}
64885,2026-01-14,15:13:52,INFO,OrderProcessor,Health check passed: OrderProcessor,E102,Health check passed: {service}
64886,2026-01-14,15:23:33,INFO,AuthService,User u3365 login successful,E101,User {user} login successful
64887,2026-01-14,15:45:23,INFO,WebServer,Page view: /home by u3732,E103,Page view: {page} by {user}
64888,2026-01-14,15:15:41,INFO,AuthService,Health check passed: AuthService,E102,Health check passed: {service}
64889,2026-01-14,15:44:20,INFO,WebServer,Health check passed: WebServer,E102,Health check passed: {service}
64890,2026-01-14,15:01:10,INFO,PaymentGateway,User u3906 login successful,E101,User {user} login successful
64891,2026-01-14,15:35:00,INFO,WebServer,Transaction tx449656 completed in 350ms,E104,Transaction {tx} completed in {time}ms
64892,2026-01-14,15:29:37,INFO,InventoryDB,Page view: /home by u3981,E103,Page view: {page} by {user}
64893,2026-01-14,15:44:36,INFO,InventoryDB,Transaction tx943317 completed in 141ms,E104,Transaction {tx} completed in {time}ms
64894,2026-01-14,15:34:29,INFO,PaymentGateway,Transaction tx936060 completed in 1592ms,E104,Transaction {tx} completed in {time}ms
64895,2026-01-14,15:07:08,INFO,WebServer,Health check passed: WebServer,E102,Health check passed: {service}
64896,2026-01-14,15:04:42,INFO,WebServer,User u4454 login successful,E101,User {user} login successful
64897,2026-01-14,15:13:18,INFO,AuthService,Transaction tx424091 completed in 439ms,E104,Transaction {tx} completed in {time}ms
64898,2026-01-14,15:55:26,INFO,WebServer,Page view: /home by u2596,E103,Page view: {page} by {user}
64899,2026-01-14,15:36:42,INFO,OrderProcessor,User u3387 login successful,E101,User {user} login successful
64900,2026-01-14,15:54:29,WARN,WebServer,Unauthorized access attempt from 10.0.0.12,E401,Unauthorized access attempt from {ip}
64901,2026-01-14,15:54:55,WARN,WebServer,Unauthorized access attempt from 10.0.0.45,E401,Unauthorized access attempt from {ip}
64902,2026-01-14,15:13:35,INFO,OrderProcessor,Health check passed: OrderProcessor,E102,Health check passed: {service}
64903,2026-01-14,15:15:51,INFO,WebServer,Health check passed: WebServer,E102,Health check passed: {service}
64904,2026-01-14,15:16:30,INFO,WebServer,User u2661 login successful,E101,User {user} login successful
64905,2026-01-14,15:07:32,INFO,WebServer,Health check passed: WebServer,E102,Health check passed: {service}
64906,2026-01-14,15:12:37,INFO,WebServer,Health check passed: WebServer,E102,Health check passed: {service}
64907,2026-01-14,15:37:54,INFO,WebServer,Page view: /home by u3763,E103,Page view: {page} by {user}
64908,2026-01-14,15:40:54,INFO,WebServer,Page view: /home by u3981,E103,Page view: {page} by {user}
64909,2026-01-14,15:40:09,INFO,WebServer,Transaction tx815808 completed in 1776ms,E104,Transaction {tx} completed in {time}ms
64910,2026-01-14,15:16:43,INFO,WebServer,User u2282 login successful,E101,User {user} login successful
64911,2026-01-14,15:20:06,INFO,WebServer,Page view: /home by u2295,E103,Page view: {page} by {user}
64912,2026-01-14,15:15:19,INFO,AuthService,Page view: /home by u2759,E103,Page view: {page} by {user}
64913,2026-01-14,15:45:48,INFO,InventoryDB,Page view: /home by u3456,E103,Page view: {page} by {user}
64914,2026-01-14,15:13:49,WARN,WebServer,High latency (663ms) detected on WebServer,E201,High latency ({time}ms) detected on {service}
64915,2026-01-14,15:53:18,INFO,OrderProcessor,Page view: /home by u1486,E103,Page view: {page} by {user}
64916,2026-01-14,15:57:47,INFO,AuthService,Page view: /home by u4037,E103,Page view: {page} by {user}
64917,2026-01-14,15:58:12,INFO,AuthService,User u2302 login successful,E101,User {user} login successful
64918,2026-01-14,15:56:58,INFO,WebServer,Transaction tx567013 completed in 64ms,E104,Transaction {tx} completed in {time}ms
64919,2026-01-14,15:29:05,INFO,WebServer,Page view: /home by u4506,E103,Page view: {page} by {user}
64920,2026-01-14,15:38:49,INFO,WebServer,Page view: /home by u2203,E103,Page view: {page} by {user}
64921,2026-01-14,15:18:18,INFO,AuthService,Transaction tx356305 completed in 1307ms,E104,Transaction {tx} completed in {time}ms
64922,2026-01-14,15:59:28,INFO,OrderProcessor,Transaction tx138998 completed in 315ms,E104,Transaction {tx} completed in {time}ms
64923,2026-01-14,15:28:27,INFO,AuthService,User u2506 login successful,E101,User {user} login successful
64924,2026-01-14,15:41:05,INFO,WebServer,Page view: /home by u4941,E103,Page view: {page} by {user}
64925,2026-01-14,15:10:11,INFO,AuthService,User u2287 login successful,E101,User {user} login successful
64926,2026-01-14,15:37:51,INFO,WebServer,User u3595 login successful,E101,User {user} login successful
64927,2026-01-14,15:57:54,INFO,WebServer,Transaction tx804399 completed in 612ms,E104,Transaction {tx} completed in {time}ms
64928,2026-01-14,15:36:24,INFO,PaymentGateway,User u2522 login successful,E101,User {user} login successful
64929,2026-01-14,15:31:20,INFO,WebServer,Page view: /home by u1527,E103,Page view: {page} by {user}
64930,2026-01-14,15:36:20,INFO,WebServer,Transaction tx188332 completed in 1908ms,E104,Transaction {tx} completed in {time}ms
64931,2026-01-14,15:21:49,INFO,AuthService,Transaction tx298354 completed in 519ms,E104,Transaction {tx} completed in {time}ms
64932,2026-01-14,15:21:01,INFO,AuthService,User u4289 login successful,E101,User {user} login successful
64933,2026-01-14,15:07:08,INFO,OrderProcessor,Health check passed: OrderProcessor,E102,Health check passed: {service}
64934,2026-01-14,15:26:37,INFO,WebServer,User u4765 login successful,E101,User {user} login successful
64935,2026-01-14,15:10:02,INFO,WebServer,Transaction tx277830 completed in 76ms,E104,Transaction {tx} completed in {time}ms
64936,2026-01-14,15:12:39,INFO,AuthService,Transaction tx547404 completed in 1787ms,E104,Transaction {tx} completed in {time}ms
64937,2026-01-14,15:27:35,INFO,WebServer,Transaction tx911483 completed in 763ms,E104,Transaction {tx} completed in {time}ms
64938,2026-01-14,15:04:06,INFO,InventoryDB,Transaction tx235618 completed in 332ms,E104,Transaction {tx} completed in {time}ms
64939,2026-01-14,15:51:31,INFO,WebServer,Page view: /home by u2360,E103,Page view: {page} by {user}
64940,2026-01-14,15:40:41,ERROR,WebServer,Payment declined: Gateway unavailable,E503,Payment declined: Gateway unavailable
64941,2026-01-14,15:29:23,INFO,WebServer,Transaction tx914917 completed in 156ms,E104,Transaction {tx} completed in {time}ms
64942,2026-01-14,15:18:22,INFO,AuthService,User u2285 login successful,E101,User {user} login successful
64943,2026-01-14,15:15:53,INFO,InventoryDB,Health check passed: InventoryDB,E102,Health check passed: {service}
64944,2026-01-14,15:06:14,INFO,AuthService,Transaction tx746820 completed in 432ms,E104,Transaction {tx} completed in {time}ms
64945,2026-01-14,15:42:58,INFO,WebServer,Page view: /home by u1520,E103,Page view: {page} by {user}
64946,2026-01-14,15:29:25,INFO,WebServer,Health check passed: WebServer,E102,Health check passed: {service}
64947,2026-01-14,15:32:22,INFO,WebServer,Transaction tx289192 completed in 1455ms,E104,Transaction {tx} completed in {time}ms
64948,2026-01-14,15:27:32,INFO,WebServer,Transaction tx707528 completed in 1739ms,E104,Transaction {tx} completed in {time}ms
64949,2026-01-14,15:02:47,INFO,OrderProcessor,Transaction tx556324 completed in 1682ms,E104,Transaction {tx} completed in {time}ms
64950,2026-01-14,15:20:58,INFO,AuthService,Page view: /home by u4219,E103,Page view: {page} by {user}
64951,2026-01-14,15:41:55,INFO,WebServer,Page view: /home by u1585,E103,Page view: {page} by {user}
64952,2026-01-14,15:57:00,INFO,WebServer,Page view: /home by u2192,E103,Page view: {page} by {user}
64953,2026-01-14,15:33:41,INFO,PaymentGateway,Page view: /home by u3556,E103,Page view: {page} by {user}
64954,2026-01-14,15:38:14,INFO,AuthService,User u3897 login successful,E101,User {user} login successful
64955,2026-01-14,15:07:55,INFO,WebServer,Health check passed: WebServer,E102,Health check passed: {service}
64956,2026-01-14,15:56:09,INFO,WebServer,Transaction tx246181 completed in 1106ms,E104,Transaction {tx} completed in {time}ms
64957,2026-01-14,15:01:12,INFO,WebServer,User u4993 login successful,E101,User {user} login successful
64958,2026-01-14,15:38:17,INFO,WebServer,Transaction tx771935 completed in 1338ms,E104,Transaction {tx} completed in {time}ms
64959,2026-01-14,15:29:34,INFO,WebServer,User u4141 login successful,E101,User {user} login successful
64960,2026-01-14,15:35:38,INFO,AuthService,Transaction tx165227 completed in 1136ms,E104,Transaction {tx} completed in {time}ms
64961,2026-01-14,15:48:42,INFO,WebServer,Page view: /home by u1300,E103,Page view: {page} by {user}
64962,2026-01-14,15:25:52,INFO,OrderProcessor,Page view: /home by u4995,E103,Page view: {page} by {user}
64963,2026-01-14,15:06:50,INFO,WebServer,Page view: /home by u1099,E103,Page view: {page} by {user}
64964,2026-01-14,15:51:28,INFO,WebServer,Transaction tx218766 completed in 1717ms,E104,Transaction {tx} completed in {time}ms
64965,2026-01-14,15:06:18,INFO,AuthService,Health check passed: AuthService,E102,Health check passed: {service}
64966,2026-01-14,15:22:46,INFO,OrderProcessor,Page view: /home by u2317,E103,Page view: {page} by {user}
64967,2026-01-14,15:09:25,INFO,OrderProcessor,User u1989 login successful,E101,User {user} login successful
64968,2026-01-14,15:17:50,INFO,WebServer,Page view: /home by u2762,E103,Page view: {page} by {user}
64969,2026-01-14,15:20:42,WARN,WebServer,Disk usage > 85% on node node-1,E202,Disk usage > 85% on node {node}
64970,2026-01-14,15:23:08,INFO,OrderProcessor,Page view: /home by u3965,E103,Page view: {page} by {user}
64971,2026-01-14,15:59:38,INFO,OrderProcessor,Page view: /home by u2416,E103,Page view: {page} by {user}
64972,2026-01-14,15:54:15,ERROR,OrderProcessor,Connection refused to OrderProcessor at 10.0.0.45,E501,Connection refused to {service} at {ip}
64973,2026-01-14,15:50:10,INFO,WebServer,Page view: /home by u3567,E103,Page view: {page} by {user}
64974,2026-01-14,15:57:35,INFO,AuthService,Page view: /home by u1526,E103,Page view: {page} by {user}
64975,2026-01-14,15:18:44,INFO,AuthService,Health check passed: AuthService,E102,Health check passed: {service}
64976,2026-01-14,15:18:53,INFO,WebServer,Page view: /home by u2160,E103,Page view: {page} by {user}
64977,2026-01-14,15:27:22,INFO,OrderProcessor,User u2715 login successful,E101,User {user} login successful
64978,2026-01-14,15:55:34,INFO,OrderProcessor,Page view: /home by u2328,E103,Page view: {page} by {user}
64979,2026-01-14,15:04:51,INFO,AuthService,Transaction tx248126 completed in 1771ms,E104,Transaction {tx} completed in {time}ms
64980,2026-01-14,15:06:27,INFO,WebServer,Page view: /home by u3123,E103,Page view: {page} by {user}
64981,2026-01-14,15:13:21,INFO,AuthService,Health check passed: AuthService,E102,Health check passed: {service}
64982,2026-01-14,15:45:03,INFO,PaymentGateway,Health check passed: PaymentGateway,E102,Health check passed: {service}
64983,2026-01-14,15:44:20,INFO,AuthService,Page view: /home by u3965,E103,Page view: {page} by {user}
64984,2026-01-14,15:40:10,INFO,OrderProcessor,Transaction tx450048 completed in 1584ms,E104,Transaction {tx} completed in {time}ms
64985,2026-01-14,15:59:39,INFO,OrderProcessor,Page view: /home by u4823,E103,Page view: {page} by {user}
64986,2026-01-14,15:40:37,INFO,AuthService,Transaction tx989453 completed in 1616ms,E104,Transaction {tx} completed in {time}ms
64987,2026-01-14,15:17:05,INFO,WebServer,User u1496 login successful,E101,User {user} login successful
64988,2026-01-14,15:12:25,INFO,OrderProcessor,Transaction tx376033 completed in 851ms,E104,Transaction {tx} completed in {time}ms
64989,2026-01-14,15:00:16,INFO,InventoryDB,Health check passed: InventoryDB,E102,Health check passed: {service}
64990,2026-01-14,15:25:27,INFO,WebServer,Health check passed: WebServer,E102,Health check passed: {service}
64991,2026-01-14,15:32:48,INFO,AuthService,Transaction tx547807 completed in 1377ms,E104,Transaction {tx} completed in {time}ms
64992,2026-01-14,15:48:19,WARN,WebServer,Unauthorized access attempt from 10.0.0.45,E401,Unauthorized access attempt from {ip}
64993,2026-01-14,15:16:41,INFO,AuthService,Health check passed: AuthService,E102,Health check passed: {service}
64994,2026-01-14,15:22:44,INFO,WebServer,Transaction tx329042 completed in 265ms,E104,Transaction {tx} completed in {time}ms
64995,2026-01-14,15:55:03,INFO,AuthService,Page view: /home by u2915,E103,Page view: {page} by {user}
64996,2026-01-14,15:06:59,INFO,WebServer,Transaction tx818952 completed in 76ms,E104,Transaction {tx} completed in {time}ms
64997,2026-01-14,15:44:32,INFO,PaymentGateway,Page view: /home by u2605,E103,Page view: {page} by {user}
64998,2026-01-14,15:40:48,INFO,WebServer,Health check passed: WebServer,E102,Health check passed: {service}
64999,2026-01-14,15:50:05,INFO,WebServer,Health check passed: WebServer,E102,Health check passed: {service}
65000,2026-01-14,15:01:42,INFO,OrderProcessor,Health check passed: OrderProcessor,E102,Health check passed: {service}
65001,2026-01-14,15:41:39,INFO,WebServer,Page view: /home by u2455,E103,Page view: {page} by {user}
65002,2026-01-14,15:50:24,INFO,WebServer,User u4787 login successful,E101,User {user} login successful
65003,2026-01-14,15:18:29,INFO,AuthService,Page view: /home by u2720,E103,Page view: {page} by {user}
65004,2026-01-14,15:31:41,INFO,PaymentGateway,Page view: /home by u4132,E103,Page view: {page} by {user}
65005,2026-01-14,15:44:18,INFO,PaymentGateway,User u3895 login successful,E101,User {user} login successful
65006,2026-01-14,15:27:10,INFO,WebServer,User u1742 login successful,E101,User {user} login successful
65007,2026-01-14,15:18:26,INFO,AuthService,User u1580 login successful,E101,User {user} login successful
65008,2026-01-14,15:56:49,INFO,WebServer,Transaction tx511243 completed in 1002ms,E104,Transaction {tx} completed in {time}ms
65009,2026-01-14,15:49:20,INFO,WebServer,Health check passed: WebServer,E102,Health check passed: {service}
65010,2026-01-14,15:35:28,INFO,WebServer,Health check passed: WebServer,E102,Health check passed: {service}
65011,2026-01-14,15:32:23,INFO,InventoryDB,User u1651 login successful,E101,User {user} login successful
65012,2026-01-14,15:22:55,INFO,InventoryDB,User u4912 login successful,E101,User {user} login successful
65013,2026-01-14,15:36:20,INFO,WebServer,Page view: /home by u3401,E103,Page view: {page} by {user}
65014,2026-01-14,15:33:54,INFO,WebServer,Health check passed: WebServer,E102,Health check passed: {service}
65015,2026-01-14,15:39:31,INFO,AuthService,Health check passed: AuthService,E102,Health check passed: {service}
65016,2026-01-14,15:41:11,INFO,OrderProcessor,Transaction tx629651 completed in 1317ms,E104,Transaction {tx} completed in {time}ms
65017,2026-01-14,15:45:51,INFO,WebServer,User u1139 login successful,E101,User {user} login successful
65018,2026-01-14,15:53:17,INFO,OrderProcessor,Health check passed: OrderProcessor,E102,Health check passed: {service}
65019,2026-01-14,15:42:51,INFO,AuthService,User u3368 login successful,E101,User {user} login successful
65020,2026-01-14,15:29:52,INFO,WebServer,User u1440 login successful,E101,User {user} login successful
65021,2026-01-14,15:57:26,INFO,PaymentGateway,User u3857 login successful,E101,User {user} login successful
65022,2026-01-14,15:43:25,ERROR,OrderProcessor,Timeout waiting for lock on InventoryDB,E502,Timeout waiting for lock on {db}
65023,2026-01-14,15:19:27,INFO,WebServer,Health check passed: WebServer,E102,Health check passed: {service}
65024,2026-01-14,15:06:18,INFO,WebServer,Transaction tx716656 completed in 1547ms,E104,Transaction {tx} completed in {time}ms
65025,2026-01-14,15:01:41,INFO,PaymentGateway,Health check passed: PaymentGateway,E102,Health check passed: {service}
65026,2026-01-14,15:16:49,INFO,AuthService,User u4696 login successful,E101,User {user} login successful
65027,2026-01-14,15:14:39,ERROR,OrderProcessor,Connection refused to OrderProcessor at 10.0.0.88,E501,Connection refused to {service} at {ip}
65028,2026-01-14,15:52:14,INFO,WebServer,Transaction tx637259 completed in 314ms,E104,Transaction {tx} completed in {time}ms
65029,2026-01-14,15:38:13,INFO,WebServer,Page view: /home by u4079,E103,Page view: {page} by {user}
65030,2026-01-14,15:56:01,INFO,OrderProcessor,Page view: /home by u1903,E103,Page view: {page} by {user}
65031,2026-01-14,15:33:18,INFO,WebServer,User u3731 login successful,E101,User {user} login successful
65032,2026-01-14,15:00:50,INFO,WebServer,User u2408 login successful,E101,User {user} login successful
65033,2026-01-14,15:37:50,INFO,WebServer,Page view: /home by u3763,E103,Page view: {page} by {user}
65034,2026-01-14,15:51:12,INFO,InventoryDB,User u4841 login successful,E101,User {user} login successful
65035,2026-01-14,15:27:03,INFO,WebServer,Page view: /home by u3208,E103,Page view: {page} by {user}
65036,2026-01-14,15:35:36,INFO,WebServer,Transaction tx485185 completed in 547ms,E104,Transaction {tx} completed in {time}ms
65037,2026-01-14,15:45:54,INFO,AuthService,Page view: /home by u2652,E103,Page view: {page} by {user}
65038,2026-01-14,15:23:19,INFO,WebServer,Health check passed: WebServer,E102,Health check passed: {service}
65039,2026-01-14,15:03:19,INFO,WebServer,Health check passed: WebServer,E102,Health check passed: {service}
65040,2026-01-14,15:55:22,INFO,AuthService,User u2957 login successful,E101,User {user} login successful
65041,2026-01-14,15:15:22,INFO,OrderProcessor,Health check passed: OrderProcessor,E102,Health check passed: {service}
65042,2026-01-14,15:50:54,INFO,AuthService,Transaction tx192345 completed in 1709ms,E104,Transaction {tx} completed in {time}ms
65043,2026-01-14,15:30:25,INFO,WebServer,Transaction tx823494 completed in 1018ms,E104,Transaction {tx} completed in {time}ms
65044,2026-01-14,15:31:25,CRITICAL,WebServer,KERNEL PANIC: Node node-2 crashed,E601,KERNEL PANIC: Node {node} crashed
65045,2026-01-14,15:05:44,INFO,PaymentGateway,Health check passed: PaymentGateway,E102,Health check passed: {service}
65046,2026-01-14,15:23:38,INFO,WebServer,Transaction tx874233 completed in 1841ms,E104,Transaction {tx} completed in {time}ms
65047,2026-01-14,15:46:00,INFO,AuthService,Page view: /home by u2722,E103,Page view: {page} by {user}
65048,2026-01-14,15:09:52,INFO,PaymentGateway,Health check passed: PaymentGateway,E102,Health check passed: {service}
65049,2026-01-14,15:19:34,INFO,PaymentGateway,Page view: /home by u2608,E103,Page view: {page} by {user}
65050,2026-01-14,15:49:47,INFO,OrderProcessor,User u3444 login successful,E101,User {user} login successful
65051,2026-01-14,15:58:17,INFO,WebServer,Page view: /home by u2219,E103,Page view: {page} by {user}
65052,2026-01-14,15:45:22,INFO,WebServer,User u3080 login successful,E101,User {user} login successful
65053,2026-01-14,15:40:06,INFO,WebServer,Page view: /home by u4241,E103,Page view: {page} by {user}
65054,2026-01-14,15:57:44,INFO,WebServer,User u4227 login successful,E101,User {user} login successful
65055,2026-01-14,15:34:47,INFO,OrderProcessor,Page view: /home by u2781,E103,Page view: {page} by {user}
65056,2026-01-14,15:55:19,INFO,AuthService,Health check passed: AuthService,E102,Health check passed: {service}
65057,2026-01-14,15:50:28,INFO,WebServer,Page view: /home by u2688,E103,Page view: {page} by {user}
65058,2026-01-14,15:45:42,INFO,OrderProcessor,Page view: /home by u2773,E103,Page view: {page} by {user}
65059,2026-01-14,15:57:22,INFO,WebServer,Health check passed: WebServer,E102,Health check passed: {service}
65060,2026-01-14,15:52:00,INFO,AuthService,Page view: /home by u1142,E103,Page view: {page} by {user}
65061,2026-01-14,15:14:08,INFO,WebServer,Transaction tx569486 completed in 1559ms,E104,Transaction {tx} completed in {time}ms
65062,2026-01-14,15:27:30,INFO,WebServer,User u4945 login successful,E101,User {user} login successful
65063,2026-01-14,15:41:33,INFO,WebServer,Health check passed: WebServer,E102,Health check passed: {service}
65064,2026-01-14,15:23:32,INFO,AuthService,Page view: /home by u4086,E103,Page view: {page} by {user}
65065,2026-01-14,15:36:21,INFO,WebServer,Transaction tx497505 completed in 360ms,E104,Transaction {tx} completed in {time}ms
65066,2026-01-14,15:08:07,WARN,AuthService,Unauthorized access attempt from 10.0.0.45,E401,Unauthorized access attempt from {ip}
65067,2026-01-14,15:19:03,INFO,AuthService,User u1096 login successful,E101,User {user} login successful
65068,2026-01-14,15:38:28,INFO,WebServer,Health check passed: WebServer,E102,Health check passed: {service}
65069,2026-01-14,15:30:00,INFO,AuthService,Transaction tx703149 completed in 1376ms,E104,Transaction {tx} completed in {time}ms
65070,2026-01-14,15:54:35,INFO,OrderProcessor,Health check passed: OrderProcessor,E102,Health check passed: {service}
65071,2026-01-14,15:05:50,INFO,PaymentGateway,Page view: /home by u4167,E103,Page view: {page} by {user}
65072,2026-01-14,15:42:48,INFO,WebServer,Health check passed: WebServer,E102,Health check passed: {service}
65073,2026-01-14,15:55:09,INFO,WebServer,Health check passed: WebServer,E102,Health check passed: {service}
65074,2026-01-14,15:08:28,INFO,InventoryDB,Page view: /home by u3521,E103,Page view: {page} by {user}
65075,2026-01-14,15:41:44,INFO,WebServer,User u4860 login successful,E101,User {user} login successful
65076,2026-01-14,15:25:26,INFO,AuthService,User u1813 login successful,E101,User {user} login successful
65077,2026-01-14,15:20:08,INFO,PaymentGateway,User u1638 login successful,E101,User {user} login successful
65078,2026-01-14,15:55:20,INFO,WebServer,Page view: /home by u3578,E103,Page view: {page} by {user}
65079,2026-01-14,16:27:24,INFO,WebServer,Transaction tx471309 completed in 1914ms,E104,Transaction {tx} completed in {time}ms
65080,2026-01-14,16:25:50,INFO,PaymentGateway,User u2337 login successful,E101,User {user} login successful
65081,2026-01-14,16:36:36,INFO,AuthService,User u3537 login successful,E101,User {user} login successful
65082,2026-01-14,16:28:33,INFO,InventoryDB,User u3306 login successful,E101,User {user} login successful
65083,2026-01-14,16:26:49,INFO,WebServer,Transaction tx474687 completed in 999ms,E104,Transaction {tx} completed in {time}ms
65084,2026-01-14,16:32:14,INFO,AuthService,User u2738 login successful,E101,User {user} login successful
65085,2026-01-14,16:22:21,INFO,WebServer,Page view: /home by u2441,E103,Page view: {page} by {user}
65086,2026-01-14,16:26:03,INFO,AuthService,Page view: /home by u1040,E103,Page view: {page} by {user}
65087,2026-01-14,16:02:45,INFO,AuthService,Page view: /home by u3139,E103,Page view: {page} by {user}
65088,2026-01-14,16:59:56,INFO,WebServer,Transaction tx172527 completed in 88ms,E104,Transaction {tx} completed in {time}ms
65089,2026-01-14,16:32:06,INFO,AuthService,Transaction tx765204 completed in 1037ms,E104,Transaction {tx} completed in {time}ms
65090,2026-01-14,16:53:01,INFO,WebServer,User u3950 login successful,E101,User {user} login successful
65091,2026-01-14,16:26:51,INFO,WebServer,Health check passed: WebServer,E102,Health check passed: {service}
65092,2026-01-14,16:12:10,INFO,WebServer,Page view: /home by u3572,E103,Page view: {page} by {user}
65093,2026-01-14,16:37:21,CRITICAL,OrderProcessor,KERNEL PANIC: Node node-4 crashed,E601,KERNEL PANIC: Node {node} crashed
65094,2026-01-14,16:55:08,INFO,AuthService,Health check passed: AuthService,E102,Health check passed: {service}
65095,2026-01-14,16:41:25,INFO,AuthService,User u1521 login successful,E101,User {user} login successful
65096,2026-01-14,16:33:05,WARN,InventoryDB,Unauthorized access attempt from 10.0.0.45,E401,Unauthorized access attempt from {ip}
65097,2026-01-14,16:50:50,INFO,AuthService,Transaction tx339070 completed in 1350ms,E104,Transaction {tx} completed in {time}ms
65098,2026-01-14,16:11:21,INFO,WebServer,Health check passed: WebServer,E102,Health check passed: {service}
65099,2026-01-14,16:37:53,INFO,AuthService,Transaction tx526607 completed in 96ms,E104,Transaction {tx} completed in {time}ms
65100,2026-01-14,16:21:22,INFO,WebServer,Transaction tx658915 completed in 340ms,E104,Transaction {tx} completed in {time}ms
65101,2026-01-14,16:45:16,INFO,PaymentGateway,Transaction tx763262 completed in 461ms,E104,Transaction {tx} completed in {time}ms
65102,2026-01-14,16:46:07,INFO,WebServer,Health check passed: WebServer,E102,Health check passed: {service}
65103,2026-01-14,16:37:48,INFO,AuthService,Health check passed: AuthService,E102,Health check passed: {service}
65104,2026-01-14,16:34:23,INFO,WebServer,Page view: /home by u2733,E103,Page view: {page} by {user}
65105,2026-01-14,16:24:58,INFO,WebServer,Page view: /home by u1237,E103,Page view: {page} by {user}
65106,2026-01-14,16:02:11,INFO,PaymentGateway,Health check passed: PaymentGateway,E102,Health check passed: {service}
65107,2026-01-14,16:18:12,INFO,InventoryDB,Page view: /home by u1871,E103,Page view: {page} by {user}
65108,2026-01-14,16:44:18,INFO,PaymentGateway,User u4715 login successful,E101,User {user} login successful
65109,2026-01-14,16:23:02,INFO,WebServer,User u4727 login successful,E101,User {user} login successful
65110,2026-01-14,16:27:31,INFO,WebServer,Health check passed: WebServer,E102,Health check passed: {service}
65111,2026-01-14,16:23:45,INFO,WebServer,Transaction tx767959 completed in 1132ms,E104,Transaction {tx} completed in {time}ms
65112,2026-01-14,16:44:50,WARN,WebServer,Unauthorized access attempt from 10.0.0.88,E401,Unauthorized access attempt from {ip}
65113,2026-01-14,16:35:54,INFO,WebServer,Transaction tx489068 completed in 810ms,E104,Transaction {tx} completed in {time}ms
65114,2026-01-14,16:19:29,INFO,AuthService,Health check passed: AuthService,E102,Health check passed: {service}
65115,2026-01-14,16:00:20,INFO,AuthService,Page view: /home by u1575,E103,Page view: {page} by {user}
65116,2026-01-14,16:30:55,WARN,PaymentGateway,Disk usage > 85% on node node-3,E202,Disk usage > 85% on node {node}
65117,2026-01-14,16:15:51,INFO,OrderProcessor,Health check passed: OrderProcessor,E102,Health check passed: {service}
65118,2026-01-14,16:55:28,INFO,WebServer,User u1488 login successful,E101,User {user} login successful
65119,2026-01-14,16:52:13,INFO,OrderProcessor,Health check passed: OrderProcessor,E102,Health check passed: {service}
65120,2026-01-14,16:49:53,INFO,WebServer,User u1039 login successful,E101,User {user} login successful
65121,2026-01-14,16:32:53,INFO,WebServer,Transaction tx534292 completed in 441ms,E104,Transaction {tx} completed in {time}ms
65122,2026-01-14,16:00:47,INFO,WebServer,Transaction tx184272 completed in 1464ms,E104,Transaction {tx} completed in {time}ms
65123,2026-01-14,16:12:55,INFO,WebServer,User u2293 login successful,E101,User {user} login successful
65124,2026-01-14,16:32:28,INFO,WebServer,User u3981 login successful,E101,User {user} login successful
65125,2026-01-14,16:22:05,INFO,OrderProcessor,Health check passed: OrderProcessor,E102,Health check passed: {service}
65126,2026-01-14,16:31:53,INFO,WebServer,User u1838 login successful,E101,User {user} login successful
65127,2026-01-14,16:40:49,INFO,WebServer,Health check passed: WebServer,E102,Health check passed: {service}
65128,2026-01-14,16:50:51,INFO,PaymentGateway,Page view: /home by u2272,E103,Page view: {page} by {user}
65129,2026-01-14,16:10:39,INFO,PaymentGateway,Transaction tx690408 completed in 806ms,E104,Transaction {tx} completed in {time}ms
65130,2026-01-14,16:39:51,INFO,PaymentGateway,Page view: /home by u4374,E103,Page view: {page} by {user}
65131,2026-01-14,16:04:50,INFO,WebServer,User u4666 login successful,E101,User {user} login successful
65132,2026-01-14,16:55:12,INFO,AuthService,Transaction tx536810 completed in 247ms,E104,Transaction {tx} completed in {time}ms
65133,2026-01-14,16:45:42,INFO,OrderProcessor,User u3476 login successful,E101,User {user} login successful
65134,2026-01-14,16:14:18,INFO,WebServer,User u3356 login successful,E101,User {user} login successful
65135,2026-01-14,16:27:55,INFO,AuthService,Transaction tx960381 completed in 1036ms,E104,Transaction {tx} completed in {time}ms
65136,2026-01-14,16:37:31,INFO,WebServer,User u1613 login successful,E101,User {user} login successful
65137,2026-01-14,16:52:39,WARN,OrderProcessor,Unauthorized access attempt from 10.0.0.45,E401,Unauthorized access attempt from {ip}
65138,2026-01-14,16:48:05,INFO,AuthService,Health check passed: AuthService,E102,Health check passed: {service}
65139,2026-01-14,16:42:50,INFO,WebServer,Health check passed: WebServer,E102,Health check passed: {service}
65140,2026-01-14,16:51:02,INFO,OrderProcessor,Transaction tx320201 completed in 1614ms,E104,Transaction {tx} completed in {time}ms
65141,2026-01-14,16:37:47,INFO,WebServer,User u1526 login successful,E101,User {user} login successful
65142,2026-01-14,16:23:18,INFO,WebServer,User u3649 login successful,E101,User {user} login successful
65143,2026-01-14,16:32:03,INFO,WebServer,Page view: /home by u3401,E103,Page view: {page} by {user}
65144,2026-01-14,16:27:45,INFO,WebServer,User u4062 login successful,E101,User {user} login successful
65145,2026-01-14,16:22:43,INFO,WebServer,Health check passed: WebServer,E102,Health check passed: {service}
65146,2026-01-14,16:17:59,CRITICAL,WebServer,KERNEL PANIC: Node node-3 crashed,E601,KERNEL PANIC: Node {node} crashed
65147,2026-01-14,16:13:28,INFO,PaymentGateway,Health check passed: PaymentGateway,E102,Health check passed: {service}
65148,2026-01-14,16:08:52,INFO,InventoryDB,Page view: /home by u2179,E103,Page view: {page} by {user}
65149,2026-01-14,16:45:31,INFO,PaymentGateway,Transaction tx583657 completed in 1818ms,E104,Transaction {tx} completed in {time}ms
65150,2026-01-14,16:48:31,INFO,WebServer,Page view: /home by u3186,E103,Page view: {page} by {user}
65151,2026-01-14,16:47:00,INFO,PaymentGateway,Transaction tx923256 completed in 1714ms,E104,Transaction {tx} completed in {time}ms
65152,2026-01-14,16:47:25,INFO,InventoryDB,Page view: /home by u2928,E103,Page view: {page} by {user}
65153,2026-01-14,16:56:51,INFO,AuthService,Health check passed: AuthService,E102,Health check passed: {service}
65154,2026-01-14,16:50:33,INFO,AuthService,Page view: /home by u4348,E103,Page view: {page} by {user}
65155,2026-01-14,16:27:18,INFO,WebServer,User u1971 login successful,E101,User {user} login successful
65156,2026-01-14,16:07:10,INFO,WebServer,User u4580 login successful,E101,User {user} login successful
65157,2026-01-14,16:28:10,INFO,OrderProcessor,Transaction tx486221 completed in 324ms,E104,Transaction {tx} completed in {time}ms
65158,2026-01-14,16:04:39,INFO,WebServer,Health check passed: WebServer,E102,Health check passed: {service}
65159,2026-01-14,16:36:31,INFO,WebServer,Page view: /home by u1829,E103,Page view: {page} by {user}
65160,2026-01-14,16:10:08,INFO,WebServer,Transaction tx737772 completed in 1862ms,E104,Transaction {tx} completed in {time}ms
65161,2026-01-14,16:26:54,INFO,InventoryDB,Transaction tx628038 completed in 1754ms,E104,Transaction {tx} completed in {time}ms
65162,2026-01-14,16:33:06,INFO,AuthService,Page view: /home by u1742,E103,Page view: {page} by {user}
65163,2026-01-14,16:25:14,INFO,WebServer,Health check passed: WebServer,E102,Health check passed: {service}
65164,2026-01-14,16:49:14,INFO,PaymentGateway,User u3543 login successful,E101,User {user} login successful
65165,2026-01-14,16:06:13,INFO,WebServer,User u1438 login successful,E101,User {user} login successful
65166,2026-01-14,16:48:21,INFO,AuthService,Transaction tx828013 completed in 1082ms,E104,Transaction {tx} completed in {time}ms
65167,2026-01-14,16:24:56,INFO,WebServer,Transaction tx227333 completed in 1735ms,E104,Transaction {tx} completed in {time}ms
65168,2026-01-14,16:38:05,INFO,AuthService,Transaction tx331261 completed in 820ms,E104,Transaction {tx} completed in {time}ms
65169,2026-01-14,16:37:02,INFO,WebServer,Health check passed: WebServer,E102,Health check passed: {service}
65170,2026-01-14,16:09:01,INFO,WebServer,Health check passed: WebServer,E102,Health check passed: {service}
65171,2026-01-14,16:07:53,INFO,PaymentGateway,Transaction tx667196 completed in 1919ms,E104,Transaction {tx} completed in {time}ms
65172,2026-01-14,16:21:22,INFO,WebServer,User u2096 login successful,E101,User {user} login successful
65173,2026-01-14,16:33:55,INFO,InventoryDB,User u1390 login successful,E101,User {user} login successful
65174,2026-01-14,16:28:58,INFO,WebServer,Health check passed: WebServer,E102,Health check passed: {service}
65175,2026-01-14,16:09:36,INFO,InventoryDB,Transaction tx420710 completed in 157ms,E104,Transaction {tx} completed in {time}ms
65176,2026-01-14,16:57:59,INFO,WebServer,Transaction tx250223 completed in 921ms,E104,Transaction {tx} completed in {time}ms
65177,2026-01-14,16:43:04,INFO,AuthService,Transaction tx771129 completed in 1282ms,E104,Transaction {tx} completed in {time}ms
65178,2026-01-14,16:50:31,INFO,PaymentGateway,Transaction tx726814 completed in 906ms,E104,Transaction {tx} completed in {time}ms
65179,2026-01-14,16:35:01,INFO,OrderProcessor,Transaction tx940932 completed in 658ms,E104,Transaction {tx} completed in {time}ms
65180,2026-01-14,16:44:43,INFO,PaymentGateway,Page view: /home by u4138,E103,Page view: {page} by {user}
65181,2026-01-14,16:37:54,INFO,AuthService,Health check passed: AuthService,E102,Health check passed: {service}
65182,2026-01-14,16:03:43,INFO,WebServer,Health check passed: WebServer,E102,Health check passed: {service}
65183,2026-01-14,16:40:25,INFO,PaymentGateway,Transaction tx206240 completed in 1407ms,E104,Transaction {tx} completed in {time}ms
65184,2026-01-14,16:41:46,WARN,AuthService,High latency (1713ms) detected on AuthService,E201,High latency ({time}ms) detected on {service}
65185,2026-01-14,16:34:50,INFO,WebServer,Transaction tx761252 completed in 1288ms,E104,Transaction {tx} completed in {time}ms
65186,2026-01-14,16:39:42,INFO,OrderProcessor,User u3586 login successful,E101,User {user} login successful
65187,2026-01-14,16:02:30,INFO,WebServer,Health check passed: WebServer,E102,Health check passed: {service}
65188,2026-01-14,16:55:12,INFO,PaymentGateway,User u1473 login successful,E101,User {user} login successful
65189,2026-01-14,16:46:05,INFO,AuthService,Health check passed: AuthService,E102,Health check passed: {service}
65190,2026-01-14,16:34:06,INFO,WebServer,Page view: /home by u2588,E103,Page view: {page} by {user}
65191,2026-01-14,16:40:28,INFO,OrderProcessor,Transaction tx191942 completed in 74ms,E104,Transaction {tx} completed in {time}ms
65192,2026-01-14,16:53:06,INFO,AuthService,Health check passed: AuthService,E102,Health check passed: {service}
65193,2026-01-14,16:02:53,INFO,InventoryDB,Health check passed: InventoryDB,E102,Health check passed: {service}
65194,2026-01-14,16:12:26,INFO,PaymentGateway,User u2861 login successful,E101,User {user} login successful
65195,2026-01-14,16:55:52,WARN,WebServer,High latency (404ms) detected on WebServer,E201,High latency ({time}ms) detected on {service}
65196,2026-01-14,16:09:21,INFO,WebServer,Page view: /home by u3562,E103,Page view: {page} by {user}
65197,2026-01-14,16:52:59,INFO,WebServer,Page view: /home by u2516,E103,Page view: {page} by {user}
65198,2026-01-14,16:34:23,INFO,OrderProcessor,Health check passed: OrderProcessor,E102,Health check passed: {service}
65199,2026-01-14,16:24:22,INFO,WebServer,User u2142 login successful,E101,User {user} login successful
65200,2026-01-14,16:37:27,INFO,WebServer,User u1693 login successful,E101,User {user} login successful
65201,2026-01-14,16:14:12,INFO,WebServer,Health check passed: WebServer,E102,Health check passed: {service}
65202,2026-01-14,16:34:23,INFO,WebServer,User u4938 login successful,E101,User {user} login successful
65203,2026-01-14,16:42:12,INFO,OrderProcessor,User u1192 login successful,E101,User {user} login successful
65204,2026-01-14,16:38:17,INFO,AuthService,Transaction tx429900 completed in 663ms,E104,Transaction {tx} completed in {time}ms
65205,2026-01-14,16:48:06,INFO,PaymentGateway,User u4746 login successful,E101,User {user} login successful
65206,2026-01-14,16:10:12,INFO,WebServer,Page view: /home by u3976,E103,Page view: {page} by {user}
65207,2026-01-14,16:47:39,INFO,InventoryDB,Page view: /home by u3827,E103,Page view: {page} by {user}
65208,2026-01-14,16:53:30,INFO,WebServer,Health check passed: WebServer,E102,Health check passed: {service}
65209,2026-01-14,16:46:18,INFO,InventoryDB,Health check passed: InventoryDB,E102,Health check passed: {service}
65210,2026-01-14,16:01:02,INFO,WebServer,User u2843 login successful,E101,User {user} login successful
65211,2026-01-14,16:27:49,INFO,AuthService,Page view: /home by u1516,E103,Page view: {page} by {user}
65212,2026-01-14,16:18:56,INFO,WebServer,User u1786 login successful,E101,User {user} login successful
65213,2026-01-14,16:36:55,INFO,WebServer,Transaction tx218766 completed in 998ms,E104,Transaction {tx} completed in {time}ms
65214,2026-01-14,16:20:20,INFO,AuthService,Transaction tx759849 completed in 731ms,E104,Transaction {tx} completed in {time}ms
65215,2026-01-14,16:06:32,INFO,WebServer,Page view: /home by u2586,E103,Page view: {page} by {user}
65216,2026-01-14,16:12:27,INFO,WebServer,Health check passed: WebServer,E102,Health check passed: {service}
65217,2026-01-14,16:01:50,INFO,AuthService,Page view: /home by u4813,E103,Page view: {page} by {user}
65218,2026-01-14,16:18:48,INFO,OrderProcessor,Page view: /home by u3690,E103,Page view: {page} by {user}
65219,2026-01-14,16:36:59,INFO,PaymentGateway,User u3703 login successful,E101,User {user} login successful
65220,2026-01-14,16:12:04,INFO,InventoryDB,Transaction tx963487 completed in 1663ms,E104,Transaction {tx} completed in {time}ms
65221,2026-01-14,16:12:45,WARN,WebServer,High latency (1420ms) detected on WebServer,E201,High latency ({time}ms) detected on {service}
65222,2026-01-14,16:37:45,INFO,WebServer,Health check passed: WebServer,E102,Health check passed: {service}
65223,2026-01-14,16:17:52,INFO,WebServer,User u3958 login successful,E101,User {user} login successful
65224,2026-01-14,16:53:47,INFO,OrderProcessor,Transaction tx675685 completed in 901ms,E104,Transaction {tx} completed in {time}ms
65225,2026-01-14,16:40:27,INFO,InventoryDB,Health check passed: InventoryDB,E102,Health check passed: {service}
65226,2026-01-14,16:16:57,INFO,WebServer,Transaction tx614028 completed in 1937ms,E104,Transaction {tx} completed in {time}ms
65227,2026-01-14,16:58:51,INFO,AuthService,Health check passed: AuthService,E102,Health check passed: {service}
65228,2026-01-14,16:44:48,INFO,OrderProcessor,Health check passed: OrderProcessor,E102,Health check passed: {service}
65229,2026-01-14,16:27:30,INFO,WebServer,Health check passed: WebServer,E102,Health check passed: {service}
65230,2026-01-14,16:26:56,INFO,WebServer,Transaction tx461476 completed in 1481ms,E104,Transaction {tx} completed in {time}ms
65231,2026-01-14,16:02:45,INFO,PaymentGateway,User u1154 login successful,E101,User {user} login successful
65232,2026-01-14,16:58:19,INFO,AuthService,Transaction tx175202 completed in 1309ms,E104,Transaction {tx} completed in {time}ms
65233,2026-01-14,16:09:43,INFO,WebServer,Page view: /home by u3395,E103,Page view: {page} by {user}
65234,2026-01-14,16:05:47,INFO,OrderProcessor,Page view: /home by u3819,E103,Page view: {page} by {user}
65235,2026-01-14,16:01:08,INFO,WebServer,Page view: /home by u2680,E103,Page view: {page} by {user}
65236,2026-01-14,16:55:35,INFO,AuthService,User u2275 login successful,E101,User {user} login successful
65237,2026-01-14,16:34:52,INFO,OrderProcessor,Transaction tx823897 completed in 1858ms,E104,Transaction {tx} completed in {time}ms
65238,2026-01-14,16:58:55,ERROR,WebServer,Connection refused to WebServer at 10.0.0.10,E501,Connection refused to {service} at {ip}
65239,2026-01-14,16:49:24,INFO,WebServer,Transaction tx381016 completed in 1175ms,E104,Transaction {tx} completed in {time}ms
65240,2026-01-14,16:49:43,INFO,WebServer,User u2527 login successful,E101,User {user} login successful
65241,2026-01-14,16:19:41,INFO,InventoryDB,Transaction tx471158 completed in 607ms,E104,Transaction {tx} completed in {time}ms
65242,2026-01-14,16:34:28,INFO,AuthService,Transaction tx755493 completed in 1920ms,E104,Transaction {tx} completed in {time}ms
65243,2026-01-14,16:32:13,INFO,AuthService,Health check passed: AuthService,E102,Health check passed: {service}
65244,2026-01-14,16:48:15,INFO,OrderProcessor,Page view: /home by u4409,E103,Page view: {page} by {user}
65245,2026-01-14,16:26:08,INFO,AuthService,Transaction tx225060 completed in 1618ms,E104,Transaction {tx} completed in {time}ms
65246,2026-01-14,16:01:35,ERROR,WebServer,Timeout waiting for lock on InventoryDB,E502,Timeout waiting for lock on {db}
65247,2026-01-14,16:17:04,INFO,WebServer,Health check passed: WebServer,E102,Health check passed: {service}
65248,2026-01-14,16:05:35,INFO,OrderProcessor,Health check passed: OrderProcessor,E102,Health check passed: {service}
65249,2026-01-14,16:56:25,INFO,AuthService,Page view: /home by u1317,E103,Page view: {page} by {user}
65250,2026-01-14,16:49:33,INFO,WebServer,Transaction tx248034 completed in 1491ms,E104,Transaction {tx} completed in {time}ms
65251,2026-01-14,16:24:14,INFO,AuthService,Transaction tx524664 completed in 80ms,E104,Transaction {tx} completed in {time}ms
65252,2026-01-14,16:35:28,WARN,AuthService,High latency (388ms) detected on AuthService,E201,High latency ({time}ms) detected on {service}
65253,2026-01-14,16:31:04,INFO,AuthService,Page view: /home by u3490,E103,Page view: {page} by {user}
65254,2026-01-14,16:33:05,INFO,AuthService,Health check passed: AuthService,E102,Health check passed: {service}
65255,2026-01-14,16:56:40,INFO,OrderProcessor,Page view: /home by u4830,E103,Page view: {page} by {user}
65256,2026-01-14,16:59:28,WARN,WebServer,High latency (376ms) detected on WebServer,E201,High latency ({time}ms) detected on {service}
65257,2026-01-14,16:42:04,INFO,WebServer,User u1004 login successful,E101,User {user} login successful
65258,2026-01-14,16:51:13,ERROR,AuthService,Timeout waiting for lock on InventoryDB,E502,Timeout waiting for lock on {db}
65259,2026-01-14,16:12:59,INFO,WebServer,User u3640 login successful,E101,User {user} login successful
65260,2026-01-14,16:19:44,INFO,PaymentGateway,Page view: /home by u4165,E103,Page view: {page} by {user}
65261,2026-01-14,16:48:22,INFO,WebServer,Health check passed: WebServer,E102,Health check passed: {service}
65262,2026-01-14,16:04:33,INFO,AuthService,Transaction tx352164 completed in 1019ms,E104,Transaction {tx} completed in {time}ms
65263,2026-01-14,16:46:47,INFO,AuthService,Transaction tx507570 completed in 171ms,E104,Transaction {tx} completed in {time}ms
65264,2026-01-14,16:55:51,INFO,AuthService,Page view: /home by u3502,E103,Page view: {page} by {user}
65265,2026-01-14,16:33:10,ERROR,WebServer,Payment declined: Gateway unavailable,E503,Payment declined: Gateway unavailable
65266,2026-01-14,16:17:17,INFO,WebServer,Page view: /home by u1392,E103,Page view: {page} by {user}
65267,2026-01-14,16:21:33,INFO,WebServer,Page view: /home by u4982,E103,Page view: {page} by {user}
65268,2026-01-14,16:04:13,INFO,AuthService,Page view: /home by u2106,E103,Page view: {page} by {user}
65269,2026-01-14,16:24:43,INFO,OrderProcessor,Transaction tx476563 completed in 1624ms,E104,Transaction {tx} completed in {time}ms
65270,2026-01-14,16:17:15,INFO,AuthService,User u4614 login successful,E101,User {user} login successful
65271,2026-01-14,16:02:07,INFO,WebServer,Page view: /home by u1666,E103,Page view: {page} by {user}
65272,2026-01-14,16:24:10,INFO,WebServer,Health check passed: WebServer,E102,Health check passed: {service}
65273,2026-01-14,16:44:51,INFO,OrderProcessor,Page view: /home by u2192,E103,Page view: {page} by {user}
65274,2026-01-14,16:33:17,INFO,WebServer,User u2176 login successful,E101,User {user} login successful
65275,2026-01-14,16:31:40,INFO,InventoryDB,Health check passed: InventoryDB,E102,Health check passed: {service}
65276,2026-01-14,16:56:11,INFO,WebServer,Page view: /home by u1604,E103,Page view: {page} by {user}
65277,2026-01-14,16:27:59,INFO,WebServer,Health check passed: WebServer,E102,Health check passed: {service}
65278,2026-01-14,16:21:34,INFO,WebServer,Health check passed: WebServer,E102,Health check passed: {service}
65279,2026-01-14,16:42:22,INFO,WebServer,Page view: /home by u2434,E103,Page view: {page} by {user}
65280,2026-01-14,16:18:52,INFO,WebServer,User u4855 login successful,E101,User {user} login successful
65281,2026-01-14,16:54:35,INFO,WebServer,Health check passed: WebServer,E102,Health check passed: {service}
65282,2026-01-14,16:49:42,INFO,WebServer,User u4767 login successful,E101,User {user} login successful
65283,2026-01-14,16:56:45,INFO,InventoryDB,Health check passed: InventoryDB,E102,Health check passed: {service}
65284,2026-01-14,16:49:14,INFO,WebServer,User u3820 login successful,E101,User {user} login successful
65285,2026-01-14,16:30:39,INFO,WebServer,Transaction tx711505 completed in 40ms,E104,Transaction {tx} completed in {time}ms
65286,2026-01-14,16:05:10,INFO,WebServer,Transaction tx510689 completed in 122ms,E104,Transaction {tx} completed in {time}ms
65287,2026-01-14,16:46:31,INFO,AuthService,Health check passed: AuthService,E102,Health check passed: {service}
65288,2026-01-14,16:58:34,INFO,WebServer,User u1455 login successful,E101,User {user} login successful
65289,2026-01-14,16:34:56,INFO,OrderProcessor,Health check passed: OrderProcessor,E102,Health check passed: {service}
65290,2026-01-14,16:52:51,INFO,OrderProcessor,Health check passed: OrderProcessor,E102,Health check passed: {service}
65291,2026-01-14,16:40:59,INFO,WebServer,User u1292 login successful,E101,User {user} login successful
65292,2026-01-14,16:44:33,WARN,WebServer,Disk usage > 85% on node node-4,E202,Disk usage > 85% on node {node}
65293,2026-01-14,16:13:21,INFO,PaymentGateway,Health check passed: PaymentGateway,E102,Health check passed: {service}
65294,2026-01-14,16:26:42,ERROR,WebServer,Timeout waiting for lock on InventoryDB,E502,Timeout waiting for lock on {db}
65295,2026-01-14,16:53:57,INFO,PaymentGateway,Health check passed: PaymentGateway,E102,Health check passed: {service}
65296,2026-01-14,16:12:11,INFO,AuthService,Health check passed: AuthService,E102,Health check passed: {service}
65297,2026-01-14,16:19:57,INFO,WebServer,Health check passed: WebServer,E102,Health check passed: {service}
65298,2026-01-14,16:54:06,INFO,AuthService,Health check passed: AuthService,E102,Health check passed: {service}
65299,2026-01-14,16:46:15,INFO,AuthService,User u1627 login successful,E101,User {user} login successful
65300,2026-01-14,16:52:44,INFO,WebServer,Transaction tx587909 completed in 1479ms,E104,Transaction {tx} completed in {time}ms
65301,2026-01-14,16:31:23,INFO,WebServer,Transaction tx894724 completed in 363ms,E104,Transaction {tx} completed in {time}ms
65302,2026-01-14,16:07:20,WARN,WebServer,Unauthorized access attempt from 10.0.0.45,E401,Unauthorized access attempt from {ip}
65303,2026-01-14,16:06:06,INFO,WebServer,Page view: /home by u2922,E103,Page view: {page} by {user}
65304,2026-01-14,16:52:24,INFO,WebServer,Page view: /home by u3527,E103,Page view: {page} by {user}
65305,2026-01-14,16:50:36,INFO,WebServer,Transaction tx275766 completed in 944ms,E104,Transaction {tx} completed in {time}ms
65306,2026-01-14,16:25:49,INFO,WebServer,Transaction tx236338 completed in 399ms,E104,Transaction {tx} completed in {time}ms
65307,2026-01-14,16:37:16,INFO,AuthService,User u4867 login successful,E101,User {user} login successful
65308,2026-01-14,16:23:29,INFO,PaymentGateway,Health check passed: PaymentGateway,E102,Health check passed: {service}
65309,2026-01-14,16:44:49,INFO,WebServer,Page view: /home by u4188,E103,Page view: {page} by {user}
65310,2026-01-14,16:59:37,INFO,PaymentGateway,Health check passed: PaymentGateway,E102,Health check passed: {service}
65311,2026-01-14,16:50:34,INFO,WebServer,User u3985 login successful,E101,User {user} login successful
65312,2026-01-14,16:38:26,INFO,OrderProcessor,User u1588 login successful,E101,User {user} login successful
65313,2026-01-14,16:12:30,INFO,WebServer,Transaction tx856685 completed in 300ms,E104,Transaction {tx} completed in {time}ms
65314,2026-01-14,16:28:38,INFO,WebServer,User u1828 login successful,E101,User {user} login successful
65315,2026-01-14,16:28:18,INFO,WebServer,Transaction tx829688 completed in 1627ms,E104,Transaction {tx} completed in {time}ms
65316,2026-01-14,16:42:07,INFO,AuthService,Page view: /home by u1599,E103,Page view: {page} by {user}
65317,2026-01-14,16:41:09,INFO,AuthService,Page view: /home by u3511,E103,Page view: {page} by {user}
65318,2026-01-14,16:18:31,INFO,WebServer,Page view: /home by u1709,E103,Page view: {page} by {user}
65319,2026-01-14,16:41:43,INFO,WebServer,Page view: /home by u2082,E103,Page view: {page} by {user}
65320,2026-01-14,16:44:46,INFO,WebServer,User u2876 login successful,E101,User {user} login successful
65321,2026-01-14,16:02:53,INFO,WebServer,User u2682 login successful,E101,User {user} login successful
65322,2026-01-14,16:29:14,INFO,AuthService,Health check passed: AuthService,E102,Health check passed: {service}
65323,2026-01-14,16:55:34,INFO,WebServer,Transaction tx703793 completed in 1315ms,E104,Transaction {tx} completed in {time}ms
65324,2026-01-14,16:00:36,INFO,WebServer,Health check passed: WebServer,E102,Health check passed: {service}
65325,2026-01-14,16:57:34,INFO,WebServer,User u2653 login successful,E101,User {user} login successful
65326,2026-01-14,16:25:46,INFO,WebServer,Page view: /home by u4367,E103,Page view: {page} by {user}
65327,2026-01-14,16:04:13,INFO,WebServer,Transaction tx113301 completed in 1141ms,E104,Transaction {tx} completed in {time}ms
65328,2026-01-14,16:48:15,INFO,WebServer,Transaction tx403744 completed in 173ms,E104,Transaction {tx} completed in {time}ms
65329,2026-01-14,16:27:27,INFO,PaymentGateway,Page view: /home by u3129,E103,Page view: {page} by {user}
65330,2026-01-14,16:00:16,INFO,PaymentGateway,Page view: /home by u2435,E103,Page view: {page} by {user}
65331,2026-01-14,16:48:24,INFO,WebServer,Transaction tx905342 completed in 1435ms,E104,Transaction {tx} completed in {time}ms
65332,2026-01-14,16:11:05,INFO,AuthService,Transaction tx171982 completed in 1994ms,E104,Transaction {tx} completed in {time}ms
65333,2026-01-14,16:30:29,INFO,PaymentGateway,Transaction tx299266 completed in 1643ms,E104,Transaction {tx} completed in {time}ms
65334,2026-01-14,16:39:16,INFO,WebServer,Page view: /home by u1169,E103,Page view: {page} by {user}
65335,2026-01-14,16:59:01,INFO,InventoryDB,Transaction tx370383 completed in 250ms,E104,Transaction {tx} completed in {time}ms
65336,2026-01-14,16:26:48,CRITICAL,WebServer,DATA CORRUPTION detected in sector 931,E602,DATA CORRUPTION detected in sector {sector}
65337,2026-01-14,16:30:07,INFO,AuthService,Transaction tx776364 completed in 1300ms,E104,Transaction {tx} completed in {time}ms
65338,2026-01-14,16:09:08,INFO,WebServer,Health check passed: WebServer,E102,Health check passed: {service}
65339,2026-01-14,16:05:34,INFO,OrderProcessor,Page view: /home by u4684,E103,Page view: {page} by {user}
65340,2026-01-14,16:49:27,INFO,PaymentGateway,Health check passed: PaymentGateway,E102,Health check passed: {service}
65341,2026-01-14,16:27:19,INFO,WebServer,Transaction tx630731 completed in 1300ms,E104,Transaction {tx} completed in {time}ms
65342,2026-01-14,16:15:12,INFO,WebServer,Health check passed: WebServer,E102,Health check passed: {service}
65343,2026-01-14,16:00:09,INFO,WebServer,User u4292 login successful,E101,User {user} login successful
65344,2026-01-14,16:25:38,INFO,OrderProcessor,Transaction tx502555 completed in 666ms,E104,Transaction {tx} completed in {time}ms
65345,2026-01-14,16:31:32,WARN,WebServer,Unauthorized access attempt from 10.0.0.99,E401,Unauthorized access attempt from {ip}
65346,2026-01-14,16:19:55,WARN,WebServer,Unauthorized access attempt from 10.0.0.45,E401,Unauthorized access attempt from {ip}
65347,2026-01-14,16:18:18,INFO,AuthService,Page view: /home by u4035,E103,Page view: {page} by {user}
65348,2026-01-14,16:19:27,INFO,OrderProcessor,Transaction tx911909 completed in 1274ms,E104,Transaction {tx} completed in {time}ms
65349,2026-01-14,16:58:45,INFO,OrderProcessor,Transaction tx554765 completed in 479ms,E104,Transaction {tx} completed in {time}ms
65350,2026-01-14,16:12:04,INFO,OrderProcessor,Health check passed: OrderProcessor,E102,Health check passed: {service}
65351,2026-01-14,16:51:44,INFO,AuthService,Page view: /home by u1620,E103,Page view: {page} by {user}
65352,2026-01-14,16:28:46,INFO,WebServer,Health check passed: WebServer,E102,Health check passed: {service}
65353,2026-01-14,16:58:14,INFO,WebServer,User u4113 login successful,E101,User {user} login successful
65354,2026-01-14,16:55:01,INFO,WebServer,User u2131 login successful,E101,User {user} login successful
65355,2026-01-14,16:17:42,INFO,WebServer,Page view: /home by u3012,E103,Page view: {page} by {user}
65356,2026-01-14,16:00:35,INFO,PaymentGateway,Page view: /home by u4900,E103,Page view: {page} by {user}
65357,2026-01-14,16:10:41,INFO,WebServer,User u2177 login successful,E101,User {user} login successful
65358,2026-01-14,16:47:12,INFO,WebServer,Transaction tx339146 completed in 152ms,E104,Transaction {tx} completed in {time}ms
65359,2026-01-14,16:41:11,INFO,PaymentGateway,Page view: /home by u1318,E103,Page view: {page} by {user}
65360,2026-01-14,16:53:53,INFO,AuthService,Page view: /home by u4406,E103,Page view: {page} by {user}
65361,2026-01-14,16:34:00,INFO,AuthService,Health check passed: AuthService,E102,Health check passed: {service}
65362,2026-01-14,16:26:14,INFO,InventoryDB,Page view: /home by u2872,E103,Page view: {page} by {user}
65363,2026-01-14,16:26:50,INFO,OrderProcessor,Page view: /home by u1909,E103,Page view: {page} by {user}
65364,2026-01-14,16:19:57,ERROR,WebServer,Connection refused to WebServer at 10.0.0.45,E501,Connection refused to {service} at {ip}
65365,2026-01-14,16:39:26,INFO,PaymentGateway,Transaction tx134107 completed in 1868ms,E104,Transaction {tx} completed in {time}ms
65366,2026-01-14,16:45:07,INFO,WebServer,Health check passed: WebServer,E102,Health check passed: {service}
65367,2026-01-14,16:59:42,INFO,WebServer,Health check passed: WebServer,E102,Health check passed: {service}
65368,2026-01-14,16:00:32,INFO,WebServer,User u4152 login successful,E101,User {user} login successful
65369,2026-01-14,16:22:23,INFO,OrderProcessor,Health check passed: OrderProcessor,E102,Health check passed: {service}
65370,2026-01-14,16:17:36,INFO,AuthService,Health check passed: AuthService,E102,Health check passed: {service}
65371,2026-01-14,16:50:29,INFO,WebServer,Health check passed: WebServer,E102,Health check passed: {service}
65372,2026-01-14,16:09:00,INFO,AuthService,User u1032 login successful,E101,User {user} login successful
65373,2026-01-14,16:31:58,WARN,PaymentGateway,High latency (93ms) detected on PaymentGateway,E201,High latency ({time}ms) detected on {service}
65374,2026-01-14,16:29:28,INFO,WebServer,Health check passed: WebServer,E102,Health check passed: {service}
65375,2026-01-14,16:11:48,INFO,AuthService,Transaction tx523976 completed in 1297ms,E104,Transaction {tx} completed in {time}ms
65376,2026-01-14,16:25:47,INFO,WebServer,Health check passed: WebServer,E102,Health check passed: {service}
65377,2026-01-14,16:07:14,INFO,WebServer,User u4764 login successful,E101,User {user} login successful
65378,2026-01-14,16:32:22,INFO,WebServer,Transaction tx790826 completed in 81ms,E104,Transaction {tx} completed in {time}ms
65379,2026-01-14,16:26:45,INFO,InventoryDB,User u1963 login successful,E101,User {user} login successful
65380,2026-01-14,16:33:09,ERROR,AuthService,Payment declined: Gateway unavailable,E503,Payment declined: Gateway unavailable
65381,2026-01-14,16:39:34,INFO,WebServer,Health check passed: WebServer,E102,Health check passed: {service}
65382,2026-01-14,16:10:13,INFO,WebServer,Health check passed: WebServer,E102,Health check passed: {service}
65383,2026-01-14,16:39:43,INFO,WebServer,Page view: /home by u2934,E103,Page view: {page} by {user}
65384,2026-01-14,16:55:26,CRITICAL,WebServer,DATA CORRUPTION detected in sector 964,E602,DATA CORRUPTION detected in sector {sector}
65385,2026-01-14,16:03:29,INFO,OrderProcessor,Health check passed: OrderProcessor,E102,Health check passed: {service}
65386,2026-01-14,16:23:49,INFO,PaymentGateway,User u1659 login successful,E101,User {user} login successful
65387,2026-01-14,16:29:14,INFO,WebServer,Health check passed: WebServer,E102,Health check passed: {service}
65388,2026-01-14,16:44:56,INFO,WebServer,Page view: /home by u3306,E103,Page view: {page} by {user}
65389,2026-01-14,16:37:38,INFO,WebServer,Health check passed: WebServer,E102,Health check passed: {service}
65390,2026-01-14,16:40:37,INFO,InventoryDB,Health check passed: InventoryDB,E102,Health check passed: {service}
65391,2026-01-14,16:09:30,INFO,PaymentGateway,Health check passed: PaymentGateway,E102,Health check passed: {service}
65392,2026-01-14,16:57:34,INFO,AuthService,User u4150 login successful,E101,User {user} login successful
65393,2026-01-14,16:02:09,INFO,WebServer,Transaction tx527524 completed in 872ms,E104,Transaction {tx} completed in {time}ms
65394,2026-01-14,16:27:53,INFO,WebServer,Page view: /home by u3991,E103,Page view: {page} by {user}
65395,2026-01-14,16:31:57,INFO,AuthService,Page view: /home by u4257,E103,Page view: {page} by {user}
65396,2026-01-14,16:51:49,ERROR,WebServer,Connection refused to WebServer at 10.0.0.12,E501,Connection refused to {service} at {ip}
65397,2026-01-14,16:34:49,INFO,WebServer,Health check passed: WebServer,E102,Health check passed: {service}
65398,2026-01-14,16:21:02,ERROR,WebServer,Payment declined: Gateway unavailable,E503,Payment declined: Gateway unavailable
65399,2026-01-14,16:44:18,INFO,WebServer,User u3163 login successful,E101,User {user} login successful
65400,2026-01-14,16:50:31,INFO,AuthService,Page view: /home by u1140,E103,Page view: {page} by {user}
65401,2026-01-14,16:28:43,INFO,PaymentGateway,Page view: /home by u1341,E103,Page view: {page} by {user}
65402,2026-01-14,16:11:55,INFO,WebServer,Transaction tx852760 completed in 903ms,E104,Transaction {tx} completed in {time}ms
65403,2026-01-14,16:58:29,INFO,WebServer,User u4933 login successful,E101,User {user} login successful
65404,2026-01-14,16:52:41,INFO,WebServer,User u3922 login successful,E101,User {user} login successful
65405,2026-01-14,16:41:27,INFO,WebServer,Transaction tx497641 completed in 1441ms,E104,Transaction {tx} completed in {time}ms
65406,2026-01-14,16:57:54,INFO,AuthService,User u4563 login successful,E101,User {user} login successful
65407,2026-01-14,16:49:58,INFO,WebServer,User u3277 login successful,E101,User {user} login successful
65408,2026-01-14,16:48:20,INFO,AuthService,Health check passed: AuthService,E102,Health check passed: {service}
65409,2026-01-14,16:15:13,INFO,WebServer,Page view: /home by u3128,E103,Page view: {page} by {user}
65410,2026-01-14,16:45:37,INFO,WebServer,Page view: /home by u1079,E103,Page view: {page} by {user}
65411,2026-01-14,16:16:07,INFO,WebServer,User u3161 login successful,E101,User {user} login successful
65412,2026-01-14,16:34:37,INFO,AuthService,Page view: /home by u2193,E103,Page view: {page} by {user}
65413,2026-01-14,16:48:59,INFO,WebServer,User u3466 login successful,E101,User {user} login successful
65414,2026-01-14,16:56:07,ERROR,WebServer,Payment declined: Gateway unavailable,E503,Payment declined: Gateway unavailable
65415,2026-01-14,16:11:43,INFO,WebServer,Transaction tx288111 completed in 1508ms,E104,Transaction {tx} completed in {time}ms
65416,2026-01-14,16:38:27,INFO,OrderProcessor,Health check passed: OrderProcessor,E102,Health check passed: {service}
65417,2026-01-14,16:24:42,INFO,AuthService,User u4159 login successful,E101,User {user} login successful
65418,2026-01-14,16:01:13,INFO,WebServer,Page view: /home by u2337,E103,Page view: {page} by {user}
65419,2026-01-14,16:03:07,INFO,AuthService,Page view: /home by u4899,E103,Page view: {page} by {user}
65420,2026-01-14,16:27:41,INFO,WebServer,Transaction tx339495 completed in 1474ms,E104,Transaction {tx} completed in {time}ms
65421,2026-01-14,16:11:34,INFO,WebServer,Transaction tx995418 completed in 1085ms,E104,Transaction {tx} completed in {time}ms
65422,2026-01-14,16:34:06,INFO,AuthService,Health check passed: AuthService,E102,Health check passed: {service}
65423,2026-01-14,16:16:45,INFO,AuthService,User u2509 login successful,E101,User {user} login successful
65424,2026-01-14,16:07:46,INFO,WebServer,User u4127 login successful,E101,User {user} login successful
65425,2026-01-14,16:02:51,INFO,OrderProcessor,Page view: /home by u2549,E103,Page view: {page} by {user}
65426,2026-01-14,16:40:04,INFO,WebServer,Health check passed: WebServer,E102,Health check passed: {service}
65427,2026-01-14,16:32:01,INFO,InventoryDB,Page view: /home by u2806,E103,Page view: {page} by {user}
65428,2026-01-14,16:09:30,INFO,OrderProcessor,Page view: /home by u4428,E103,Page view: {page} by {user}
65429,2026-01-14,16:26:37,INFO,AuthService,Health check passed: AuthService,E102,Health check passed: {service}
65430,2026-01-14,16:16:34,INFO,AuthService,Health check passed: AuthService,E102,Health check passed: {service}
65431,2026-01-14,16:24:34,INFO,WebServer,Page view: /home by u3088,E103,Page view: {page} by {user}
65432,2026-01-14,16:43:49,INFO,InventoryDB,Transaction tx252206 completed in 508ms,E104,Transaction {tx} completed in {time}ms
65433,2026-01-14,16:58:35,INFO,AuthService,Page view: /home by u2926,E103,Page view: {page} by {user}
65434,2026-01-14,16:13:58,INFO,OrderProcessor,Page view: /home by u4707,E103,Page view: {page} by {user}
65435,2026-01-14,16:25:36,INFO,PaymentGateway,User u3777 login successful,E101,User {user} login successful
65436,2026-01-14,16:11:30,INFO,OrderProcessor,Transaction tx341675 completed in 632ms,E104,Transaction {tx} completed in {time}ms
65437,2026-01-14,16:54:35,INFO,WebServer,User u2093 login successful,E101,User {user} login successful
65438,2026-01-14,16:57:13,WARN,InventoryDB,Disk usage > 85% on node node-3,E202,Disk usage > 85% on node {node}
65439,2026-01-14,16:48:18,INFO,WebServer,Health check passed: WebServer,E102,Health check passed: {service}
65440,2026-01-14,16:30:28,INFO,WebServer,Transaction tx215737 completed in 1752ms,E104,Transaction {tx} completed in {time}ms
65441,2026-01-14,16:36:56,INFO,WebServer,User u3995 login successful,E101,User {user} login successful
65442,2026-01-14,16:09:37,INFO,WebServer,User u2951 login successful,E101,User {user} login successful
65443,2026-01-14,16:59:58,INFO,PaymentGateway,Page view: /home by u4712,E103,Page view: {page} by {user}
65444,2026-01-14,16:46:19,INFO,WebServer,Health check passed: WebServer,E102,Health check passed: {service}
65445,2026-01-14,16:07:17,INFO,OrderProcessor,Health check passed: OrderProcessor,E102,Health check passed: {service}
65446,2026-01-14,16:16:40,WARN,AuthService,High latency (1053ms) detected on AuthService,E201,High latency ({time}ms) detected on {service}
65447,2026-01-14,16:18:11,INFO,OrderProcessor,Transaction tx309414 completed in 1317ms,E104,Transaction {tx} completed in {time}ms
65448,2026-01-14,16:28:01,INFO,WebServer,Health check passed: WebServer,E102,Health check passed: {service}
65449,2026-01-14,16:38:44,INFO,AuthService,Transaction tx204640 completed in 320ms,E104,Transaction {tx} completed in {time}ms
65450,2026-01-14,16:31:47,INFO,PaymentGateway,User u2660 login successful,E101,User {user} login successful
65451,2026-01-14,16:13:02,INFO,PaymentGateway,Page view: /home by u1244,E103,Page view: {page} by {user}
65452,2026-01-14,16:11:24,INFO,AuthService,Page view: /home by u1721,E103,Page view: {page} by {user}
65453,2026-01-14,16:44:39,INFO,PaymentGateway,Transaction tx733809 completed in 882ms,E104,Transaction {tx} completed in {time}ms
65454,2026-01-14,16:44:43,INFO,WebServer,Page view: /home by u4083,E103,Page view: {page} by {user}
65455,2026-01-14,16:35:44,INFO,PaymentGateway,Health check passed: PaymentGateway,E102,Health check passed: {service}
65456,2026-01-14,16:03:00,INFO,OrderProcessor,Transaction tx572264 completed in 1627ms,E104,Transaction {tx} completed in {time}ms
65457,2026-01-14,16:03:46,INFO,AuthService,Page view: /home by u2061,E103,Page view: {page} by {user}
65458,2026-01-14,16:02:29,INFO,WebServer,User u1880 login successful,E101,User {user} login successful
65459,2026-01-14,16:50:03,INFO,WebServer,User u1123 login successful,E101,User {user} login successful
65460,2026-01-14,16:25:17,INFO,PaymentGateway,Health check passed: PaymentGateway,E102,Health check passed: {service}
65461,2026-01-14,16:47:20,INFO,PaymentGateway,Transaction tx116837 completed in 212ms,E104,Transaction {tx} completed in {time}ms
65462,2026-01-14,16:04:07,INFO,WebServer,Page view: /home by u1178,E103,Page view: {page} by {user}
65463,2026-01-14,16:42:20,INFO,InventoryDB,Page view: /home by u2622,E103,Page view: {page} by {user}
65464,2026-01-14,16:12:08,INFO,AuthService,Page view: /home by u3433,E103,Page view: {page} by {user}
65465,2026-01-14,16:46:45,INFO,WebServer,User u1232 login successful,E101,User {user} login successful
65466,2026-01-14,16:08:32,INFO,OrderProcessor,Health check passed: OrderProcessor,E102,Health check passed: {service}
65467,2026-01-14,16:17:41,INFO,WebServer,Transaction tx146356 completed in 1080ms,E104,Transaction {tx} completed in {time}ms
65468,2026-01-14,16:18:44,INFO,WebServer,User u2286 login successful,E101,User {user} login successful
65469,2026-01-14,16:22:21,INFO,WebServer,Page view: /home by u4430,E103,Page view: {page} by {user}
65470,2026-01-14,16:08:00,INFO,PaymentGateway,Page view: /home by u3635,E103,Page view: {page} by {user}
65471,2026-01-14,16:06:37,INFO,WebServer,Page view: /home by u2378,E103,Page view: {page} by {user}
65472,2026-01-14,16:03:43,INFO,WebServer,Health check passed: WebServer,E102,Health check passed: {service}
65473,2026-01-14,16:29:17,INFO,OrderProcessor,Health check passed: OrderProcessor,E102,Health check passed: {service}
65474,2026-01-14,16:19:39,INFO,OrderProcessor,Page view: /home by u1342,E103,Page view: {page} by {user}
65475,2026-01-14,16:01:55,INFO,AuthService,Page view: /home by u1360,E103,Page view: {page} by {user}
65476,2026-01-14,16:55:01,INFO,WebServer,Page view: /home by u4162,E103,Page view: {page} by {user}
65477,2026-01-14,16:14:39,INFO,WebServer,Transaction tx660405 completed in 568ms,E104,Transaction {tx} completed in {time}ms
65478,2026-01-14,16:44:08,INFO,AuthService,Health check passed: AuthService,E102,Health check passed: {service}
65479,2026-01-14,16:16:03,INFO,AuthService,Page view: /home by u2621,E103,Page view: {page} by {user}
65480,2026-01-14,16:39:23,INFO,OrderProcessor,User u3464 login successful,E101,User {user} login successful
65481,2026-01-14,16:47:13,INFO,AuthService,Page view: /home by u2841,E103,Page view: {page} by {user}
65482,2026-01-14,16:20:26,INFO,WebServer,Health check passed: WebServer,E102,Health check passed: {service}
65483,2026-01-14,16:57:18,INFO,WebServer,Transaction tx191217 completed in 453ms,E104,Transaction {tx} completed in {time}ms
65484,2026-01-14,16:50:38,INFO,OrderProcessor,Health check passed: OrderProcessor,E102,Health check passed: {service}
65485,2026-01-14,16:41:32,INFO,WebServer,Health check passed: WebServer,E102,Health check passed: {service}
65486,2026-01-14,16:45:49,INFO,AuthService,Page view: /home by u4817,E103,Page view: {page} by {user}
65487,2026-01-14,16:06:03,INFO,WebServer,Page view: /home by u3598,E103,Page view: {page} by {user}
65488,2026-01-14,16:40:50,INFO,WebServer,Transaction tx671626 completed in 1633ms,E104,Transaction {tx} completed in {time}ms
65489,2026-01-14,16:28:30,WARN,InventoryDB,Disk usage > 85% on node node-1,E202,Disk usage > 85% on node {node}
65490,2026-01-14,16:00:44,INFO,WebServer,User u4026 login successful,E101,User {user} login successful
65491,2026-01-14,16:06:54,INFO,WebServer,User u2929 login successful,E101,User {user} login successful
65492,2026-01-14,16:47:44,WARN,WebServer,Disk usage > 85% on node node-4,E202,Disk usage > 85% on node {node}
65493,2026-01-14,16:56:16,INFO,AuthService,Transaction tx746998 completed in 828ms,E104,Transaction {tx} completed in {time}ms
65494,2026-01-14,16:04:41,INFO,WebServer,Page view: /home by u3271,E103,Page view: {page} by {user}
65495,2026-01-14,16:16:10,INFO,InventoryDB,Transaction tx583204 completed in 1865ms,E104,Transaction {tx} completed in {time}ms
65496,2026-01-14,16:30:14,INFO,AuthService,Health check passed: AuthService,E102,Health check passed: {service}
65497,2026-01-14,16:56:43,INFO,WebServer,User u4366 login successful,E101,User {user} login successful
65498,2026-01-14,16:51:21,INFO,AuthService,User u4612 login successful,E101,User {user} login successful
65499,2026-01-14,16:45:04,INFO,WebServer,Page view: /home by u1072,E103,Page view: {page} by {user}
65500,2026-01-14,16:24:45,WARN,OrderProcessor,Disk usage > 85% on node node-5,E202,Disk usage > 85% on node {node}
65501,2026-01-14,16:40:37,INFO,WebServer,Health check passed: WebServer,E102,Health check passed: {service}
65502,2026-01-14,16:20:26,INFO,WebServer,Health check passed: WebServer,E102,Health check passed: {service}
65503,2026-01-14,16:22:56,INFO,PaymentGateway,User u3966 login successful,E101,User {user} login successful
65504,2026-01-14,16:32:26,INFO,WebServer,Health check passed: WebServer,E102,Health check passed: {service}
65505,2026-01-14,16:05:03,WARN,PaymentGateway,High latency (1756ms) detected on PaymentGateway,E201,High latency ({time}ms) detected on {service}
65506,2026-01-14,16:23:36,INFO,WebServer,User u2010 login successful,E101,User {user} login successful
65507,2026-01-14,16:25:37,INFO,WebServer,User u3304 login successful,E101,User {user} login successful
65508,2026-01-14,16:46:21,INFO,PaymentGateway,User u3719 login successful,E101,User {user} login successful
65509,2026-01-14,16:06:59,INFO,WebServer,Transaction tx104306 completed in 638ms,E104,Transaction {tx} completed in {time}ms
65510,2026-01-14,16:43:47,INFO,WebServer,Page view: /home by u4219,E103,Page view: {page} by {user}
65511,2026-01-14,16:03:29,INFO,PaymentGateway,Transaction tx194654 completed in 155ms,E104,Transaction {tx} completed in {time}ms
65512,2026-01-14,16:08:59,INFO,PaymentGateway,User u3840 login successful,E101,User {user} login successful
65513,2026-01-14,16:53:49,INFO,PaymentGateway,Page view: /home by u1385,E103,Page view: {page} by {user}
65514,2026-01-14,16:41:38,INFO,PaymentGateway,User u1669 login successful,E101,User {user} login successful
65515,2026-01-14,16:56:52,INFO,WebServer,Transaction tx310736 completed in 953ms,E104,Transaction {tx} completed in {time}ms
65516,2026-01-14,16:25:23,INFO,AuthService,Health check passed: AuthService,E102,Health check passed: {service}
65517,2026-01-14,16:56:54,INFO,OrderProcessor,Page view: /home by u3032,E103,Page view: {page} by {user}
65518,2026-01-14,16:20:56,INFO,WebServer,User u4089 login successful,E101,User {user} login successful
65519,2026-01-14,16:57:11,INFO,OrderProcessor,User u1345 login successful,E101,User {user} login successful
65520,2026-01-14,16:55:02,INFO,WebServer,Transaction tx427929 completed in 245ms,E104,Transaction {tx} completed in {time}ms
65521,2026-01-14,16:48:26,INFO,AuthService,Health check passed: AuthService,E102,Health check passed: {service}
65522,2026-01-14,16:39:44,INFO,WebServer,Health check passed: WebServer,E102,Health check passed: {service}
65523,2026-01-14,16:22:55,INFO,WebServer,Page view: /home by u2851,E103,Page view: {page} by {user}
65524,2026-01-14,16:32:46,INFO,InventoryDB,Page view: /home by u3023,E103,Page view: {page} by {user}
65525,2026-01-14,16:28:15,INFO,AuthService,Transaction tx104981 completed in 827ms,E104,Transaction {tx} completed in {time}ms
65526,2026-01-14,16:08:00,ERROR,AuthService,Connection refused to AuthService at 10.0.0.88,E501,Connection refused to {service} at {ip}
65527,2026-01-14,16:41:58,WARN,PaymentGateway,Disk usage > 85% on node node-2,E202,Disk usage > 85% on node {node}
65528,2026-01-14,16:46:58,INFO,WebServer,Health check passed: WebServer,E102,Health check passed: {service}
65529,2026-01-14,16:57:50,INFO,PaymentGateway,Transaction tx527142 completed in 27ms,E104,Transaction {tx} completed in {time}ms
65530,2026-01-14,16:26:15,INFO,WebServer,Page view: /home by u1552,E103,Page view: {page} by {user}
65531,2026-01-14,16:05:59,INFO,WebServer,Health check passed: WebServer,E102,Health check passed: {service}
65532,2026-01-14,16:55:40,INFO,WebServer,Health check passed: WebServer,E102,Health check passed: {service}
65533,2026-01-14,16:40:06,INFO,PaymentGateway,Page view: /home by u3928,E103,Page view: {page} by {user}
65534,2026-01-14,16:59:20,INFO,WebServer,Transaction tx628566 completed in 1905ms,E104,Transaction {tx} completed in {time}ms
65535,2026-01-14,16:30:21,INFO,PaymentGateway,Page view: /home by u2027,E103,Page view: {page} by {user}
65536,2026-01-14,16:46:32,WARN,PaymentGateway,Unauthorized access attempt from 10.0.0.45,E401,Unauthorized access attempt from {ip}
65537,2026-01-14,16:08:18,INFO,WebServer,User u3807 login successful,E101,User {user} login successful
65538,2026-01-14,16:55:33,INFO,WebServer,Page view: /home by u4010,E103,Page view: {page} by {user}
65539,2026-01-14,16:26:42,INFO,WebServer,User u2691 login successful,E101,User {user} login successful
65540,2026-01-14,16:18:11,INFO,AuthService,User u2057 login successful,E101,User {user} login successful
65541,2026-01-14,16:22:25,INFO,AuthService,Health check passed: AuthService,E102,Health check passed: {service}
65542,2026-01-14,16:09:58,INFO,WebServer,Transaction tx110856 completed in 1245ms,E104,Transaction {tx} completed in {time}ms
65543,2026-01-14,16:06:19,WARN,WebServer,High latency (1615ms) detected on WebServer,E201,High latency ({time}ms) detected on {service}
65544,2026-01-14,16:12:43,INFO,WebServer,Page view: /home by u1165,E103,Page view: {page} by {user}
65545,2026-01-14,16:54:11,INFO,WebServer,Page view: /home by u2597,E103,Page view: {page} by {user}
65546,2026-01-14,16:09:45,INFO,WebServer,Health check passed: WebServer,E102,Health check passed: {service}
65547,2026-01-14,16:20:34,INFO,AuthService,Transaction tx189849 completed in 1293ms,E104,Transaction {tx} completed in {time}ms
65548,2026-01-14,16:43:21,INFO,OrderProcessor,User u2869 login successful,E101,User {user} login successful
65549,2026-01-14,16:52:38,INFO,WebServer,Page view: /home by u4277,E103,Page view: {page} by {user}
65550,2026-01-14,16:02:14,WARN,AuthService,Unauthorized access attempt from 10.0.0.45,E401,Unauthorized access attempt from {ip}
65551,2026-01-14,16:02:19,INFO,WebServer,Health check passed: WebServer,E102,Health check passed: {service}
65552,2026-01-14,16:10:22,INFO,AuthService,Page view: /home by u4664,E103,Page view: {page} by {user}
65553,2026-01-14,16:44:13,INFO,PaymentGateway,Page view: /home by u2501,E103,Page view: {page} by {user}
65554,2026-01-14,16:35:26,INFO,WebServer,Page view: /home by u1206,E103,Page view: {page} by {user}
65555,2026-01-14,16:46:00,ERROR,AuthService,Timeout waiting for lock on InventoryDB,E502,Timeout waiting for lock on {db}
65556,2026-01-14,16:09:15,INFO,WebServer,Health check passed: WebServer,E102,Health check passed: {service}
65557,2026-01-14,16:31:08,INFO,OrderProcessor,Transaction tx353390 completed in 861ms,E104,Transaction {tx} completed in {time}ms
65558,2026-01-14,16:50:17,INFO,WebServer,User u3476 login successful,E101,User {user} login successful
65559,2026-01-14,16:34:14,INFO,AuthService,Page view: /home by u1056,E103,Page view: {page} by {user}
65560,2026-01-14,16:47:23,INFO,OrderProcessor,Page view: /home by u3706,E103,Page view: {page} by {user}
65561,2026-01-14,16:54:07,WARN,WebServer,Unauthorized access attempt from 10.0.0.45,E401,Unauthorized access attempt from {ip}
65562,2026-01-14,16:39:02,INFO,WebServer,Health check passed: WebServer,E102,Health check passed: {service}
65563,2026-01-14,16:26:22,INFO,OrderProcessor,User u1382 login successful,E101,User {user} login successful
65564,2026-01-14,16:00:43,INFO,OrderProcessor,Transaction tx316881 completed in 1252ms,E104,Transaction {tx} completed in {time}ms
65565,2026-01-14,16:04:08,WARN,PaymentGateway,Disk usage > 85% on node node-5,E202,Disk usage > 85% on node {node}
65566,2026-01-14,16:15:50,INFO,WebServer,User u3749 login successful,E101,User {user} login successful
65567,2026-01-14,16:22:15,INFO,OrderProcessor,User u2106 login successful,E101,User {user} login successful
65568,2026-01-14,16:22:11,INFO,WebServer,User u4543 login successful,E101,User {user} login successful
65569,2026-01-14,16:34:31,INFO,WebServer,Transaction tx969844 completed in 1624ms,E104,Transaction {tx} completed in {time}ms
65570,2026-01-14,16:04:43,INFO,WebServer,User u1466 login successful,E101,User {user} login successful
65571,2026-01-14,16:42:21,INFO,WebServer,User u3091 login successful,E101,User {user} login successful
65572,2026-01-14,16:13:03,INFO,PaymentGateway,Page view: /home by u1285,E103,Page view: {page} by {user}
65573,2026-01-14,16:33:03,INFO,AuthService,Health check passed: AuthService,E102,Health check passed: {service}
65574,2026-01-14,16:55:21,INFO,WebServer,Transaction tx157556 completed in 1038ms,E104,Transaction {tx} completed in {time}ms
65575,2026-01-14,16:04:07,INFO,InventoryDB,User u1629 login successful,E101,User {user} login successful
65576,2026-01-14,16:04:44,INFO,OrderProcessor,Page view: /home by u1405,E103,Page view: {page} by {user}
65577,2026-01-14,16:49:51,INFO,AuthService,Health check passed: AuthService,E102,Health check passed: {service}
65578,2026-01-14,16:30:56,INFO,OrderProcessor,Health check passed: OrderProcessor,E102,Health check passed: {service}
65579,2026-01-14,16:29:19,INFO,WebServer,Transaction tx193612 completed in 543ms,E104,Transaction {tx} completed in {time}ms
65580,2026-01-14,16:22:13,INFO,WebServer,Health check passed: WebServer,E102,Health check passed: {service}
65581,2026-01-14,16:01:02,INFO,PaymentGateway,User u1445 login successful,E101,User {user} login successful
65582,2026-01-14,16:27:34,INFO,PaymentGateway,User u1128 login successful,E101,User {user} login successful
65583,2026-01-14,16:08:54,INFO,OrderProcessor,Transaction tx147154 completed in 1410ms,E104,Transaction {tx} completed in {time}ms
65584,2026-01-14,16:45:12,INFO,WebServer,Page view: /home by u2507,E103,Page view: {page} by {user}
65585,2026-01-14,16:06:56,INFO,AuthService,Transaction tx426896 completed in 1710ms,E104,Transaction {tx} completed in {time}ms
65586,2026-01-14,16:00:24,INFO,WebServer,Transaction tx769165 completed in 1246ms,E104,Transaction {tx} completed in {time}ms
65587,2026-01-14,16:58:01,INFO,WebServer,Page view: /home by u3759,E103,Page view: {page} by {user}
65588,2026-01-14,16:56:48,INFO,WebServer,Transaction tx899046 completed in 1822ms,E104,Transaction {tx} completed in {time}ms
65589,2026-01-14,16:05:07,INFO,WebServer,Health check passed: WebServer,E102,Health check passed: {service}
65590,2026-01-14,16:08:01,INFO,OrderProcessor,Transaction tx461091 completed in 1126ms,E104,Transaction {tx} completed in {time}ms
65591,2026-01-14,16:01:26,INFO,WebServer,Transaction tx540494 completed in 1730ms,E104,Transaction {tx} completed in {time}ms
65592,2026-01-14,16:15:01,INFO,WebServer,Page view: /home by u4781,E103,Page view: {page} by {user}
65593,2026-01-14,16:24:47,INFO,AuthService,Health check passed: AuthService,E102,Health check passed: {service}
65594,2026-01-14,16:19:28,INFO,AuthService,User u2417 login successful,E101,User {user} login successful
65595,2026-01-14,16:20:57,INFO,WebServer,Page view: /home by u3673,E103,Page view: {page} by {user}
65596,2026-01-14,16:45:33,INFO,WebServer,Transaction tx668061 completed in 770ms,E104,Transaction {tx} completed in {time}ms
65597,2026-01-14,16:23:17,INFO,WebServer,Health check passed: WebServer,E102,Health check passed: {service}
65598,2026-01-14,16:13:31,INFO,WebServer,Page view: /home by u3547,E103,Page view: {page} by {user}
65599,2026-01-14,16:04:01,WARN,AuthService,Unauthorized access attempt from 10.0.0.45,E401,Unauthorized access attempt from {ip}
65600,2026-01-14,16:34:20,INFO,WebServer,Page view: /home by u1938,E103,Page view: {page} by {user}
65601,2026-01-14,16:53:03,INFO,WebServer,Health check passed: WebServer,E102,Health check passed: {service}
65602,2026-01-14,16:14:39,INFO,OrderProcessor,User u1880 login successful,E101,User {user} login successful
65603,2026-01-14,16:42:50,INFO,PaymentGateway,Transaction tx261124 completed in 874ms,E104,Transaction {tx} completed in {time}ms
65604,2026-01-14,16:16:36,INFO,WebServer,Transaction tx843182 completed in 41ms,E104,Transaction {tx} completed in {time}ms
65605,2026-01-14,16:09:45,INFO,PaymentGateway,Transaction tx576531 completed in 662ms,E104,Transaction {tx} completed in {time}ms
65606,2026-01-14,16:10:18,INFO,WebServer,Page view: /home by u3913,E103,Page view: {page} by {user}
65607,2026-01-14,16:56:29,INFO,OrderProcessor,Transaction tx481390 completed in 311ms,E104,Transaction {tx} completed in {time}ms
65608,2026-01-14,16:02:55,INFO,WebServer,User u2614 login successful,E101,User {user} login successful
65609,2026-01-14,16:31:20,INFO,WebServer,Page view: /home by u3940,E103,Page view: {page} by {user}
65610,2026-01-14,16:34:19,INFO,WebServer,Health check passed: WebServer,E102,Health check passed: {service}
65611,2026-01-14,16:31:38,INFO,WebServer,Health check passed: WebServer,E102,Health check passed: {service}
65612,2026-01-14,16:57:16,INFO,WebServer,Page view: /home by u2950,E103,Page view: {page} by {user}
65613,2026-01-14,16:11:56,INFO,WebServer,Page view: /home by u2970,E103,Page view: {page} by {user}
65614,2026-01-14,16:51:13,INFO,WebServer,Page view: /home by u1047,E103,Page view: {page} by {user}
65615,2026-01-14,16:00:00,INFO,AuthService,User u4379 login successful,E101,User {user} login successful
65616,2026-01-14,16:52:53,INFO,WebServer,Health check passed: WebServer,E102,Health check passed: {service}
65617,2026-01-14,16:44:23,INFO,WebServer,Health check passed: WebServer,E102,Health check passed: {service}
65618,2026-01-14,16:05:05,INFO,OrderProcessor,Page view: /home by u3760,E103,Page view: {page} by {user}
65619,2026-01-14,16:39:07,INFO,OrderProcessor,Health check passed: OrderProcessor,E102,Health check passed: {service}
65620,2026-01-14,16:37:26,INFO,WebServer,Transaction tx948020 completed in 940ms,E104,Transaction {tx} completed in {time}ms
65621,2026-01-14,16:15:39,INFO,AuthService,User u1368 login successful,E101,User {user} login successful
65622,2026-01-14,16:16:25,INFO,OrderProcessor,Transaction tx860535 completed in 543ms,E104,Transaction {tx} completed in {time}ms
65623,2026-01-14,16:58:35,INFO,AuthService,User u4910 login successful,E101,User {user} login successful
65624,2026-01-14,16:23:18,INFO,OrderProcessor,Page view: /home by u1576,E103,Page view: {page} by {user}
65625,2026-01-14,16:31:23,INFO,WebServer,Page view: /home by u2659,E103,Page view: {page} by {user}
65626,2026-01-14,16:24:08,INFO,WebServer,Transaction tx867249 completed in 1019ms,E104,Transaction {tx} completed in {time}ms
65627,2026-01-14,16:25:57,INFO,WebServer,User u3313 login successful,E101,User {user} login successful
65628,2026-01-14,16:16:54,INFO,OrderProcessor,Transaction tx449565 completed in 129ms,E104,Transaction {tx} completed in {time}ms
65629,2026-01-14,16:53:28,INFO,WebServer,Transaction tx232561 completed in 1327ms,E104,Transaction {tx} completed in {time}ms
65630,2026-01-14,16:43:53,INFO,InventoryDB,Page view: /home by u3060,E103,Page view: {page} by {user}
65631,2026-01-14,16:18:37,INFO,WebServer,Page view: /home by u4742,E103,Page view: {page} by {user}
65632,2026-01-14,16:33:45,INFO,AuthService,Transaction tx220889 completed in 1977ms,E104,Transaction {tx} completed in {time}ms
65633,2026-01-14,16:53:01,INFO,AuthService,Page view: /home by u3602,E103,Page view: {page} by {user}
65634,2026-01-14,16:38:48,INFO,WebServer,Health check passed: WebServer,E102,Health check passed: {service}
65635,2026-01-14,16:50:13,INFO,PaymentGateway,Transaction tx845737 completed in 1896ms,E104,Transaction {tx} completed in {time}ms
65636,2026-01-14,16:22:27,INFO,AuthService,User u2919 login successful,E101,User {user} login successful
65637,2026-01-14,16:04:22,INFO,WebServer,Health check passed: WebServer,E102,Health check passed: {service}
65638,2026-01-14,16:37:46,INFO,OrderProcessor,Transaction tx916566 completed in 824ms,E104,Transaction {tx} completed in {time}ms
65639,2026-01-14,16:04:39,INFO,WebServer,User u4458 login successful,E101,User {user} login successful
65640,2026-01-14,16:19:45,INFO,PaymentGateway,User u1031 login successful,E101,User {user} login successful
65641,2026-01-14,16:42:21,INFO,WebServer,Page view: /home by u1529,E103,Page view: {page} by {user}
65642,2026-01-14,16:44:55,INFO,WebServer,User u3596 login successful,E101,User {user} login successful
65643,2026-01-14,16:30:30,INFO,PaymentGateway,Page view: /home by u2221,E103,Page view: {page} by {user}
65644,2026-01-14,16:06:39,INFO,WebServer,User u4192 login successful,E101,User {user} login successful
65645,2026-01-14,16:08:37,INFO,PaymentGateway,User u1656 login successful,E101,User {user} login successful
65646,2026-01-14,16:43:56,WARN,AuthService,High latency (1774ms) detected on AuthService,E201,High latency ({time}ms) detected on {service}
65647,2026-01-14,16:31:13,INFO,WebServer,Health check passed: WebServer,E102,Health check passed: {service}
65648,2026-01-14,16:09:27,INFO,AuthService,Transaction tx660604 completed in 1330ms,E104,Transaction {tx} completed in {time}ms
65649,2026-01-14,16:34:08,INFO,AuthService,Page view: /home by u3728,E103,Page view: {page} by {user}
65650,2026-01-14,16:23:18,INFO,OrderProcessor,Transaction tx607936 completed in 1158ms,E104,Transaction {tx} completed in {time}ms
65651,2026-01-14,16:54:56,ERROR,WebServer,Connection refused to WebServer at 10.0.0.12,E501,Connection refused to {service} at {ip}
65652,2026-01-14,16:36:40,INFO,OrderProcessor,Page view: /home by u3050,E103,Page view: {page} by {user}
65653,2026-01-14,16:27:28,INFO,WebServer,Page view: /home by u3418,E103,Page view: {page} by {user}
65654,2026-01-14,16:09:05,INFO,PaymentGateway,Page view: /home by u1330,E103,Page view: {page} by {user}
65655,2026-01-14,16:21:59,INFO,WebServer,Page view: /home by u3144,E103,Page view: {page} by {user}
65656,2026-01-14,16:18:09,CRITICAL,WebServer,KERNEL PANIC: Node node-5 crashed,E601,KERNEL PANIC: Node {node} crashed
65657,2026-01-14,16:45:24,INFO,WebServer,Transaction tx867420 completed in 324ms,E104,Transaction {tx} completed in {time}ms
65658,2026-01-14,16:59:58,INFO,WebServer,User u2337 login successful,E101,User {user} login successful
65659,2026-01-14,16:14:31,INFO,WebServer,User u1413 login successful,E101,User {user} login successful
65660,2026-01-14,16:37:14,INFO,InventoryDB,User u3418 login successful,E101,User {user} login successful
65661,2026-01-14,16:21:29,INFO,AuthService,Health check passed: AuthService,E102,Health check passed: {service}
65662,2026-01-14,16:56:53,INFO,OrderProcessor,User u3085 login successful,E101,User {user} login successful
65663,2026-01-14,16:58:16,INFO,WebServer,Page view: /home by u3217,E103,Page view: {page} by {user}
65664,2026-01-14,16:31:22,WARN,WebServer,Disk usage > 85% on node node-1,E202,Disk usage > 85% on node {node}
65665,2026-01-14,16:08:53,INFO,WebServer,User u4435 login successful,E101,User {user} login successful
65666,2026-01-14,16:11:37,INFO,OrderProcessor,Page view: /home by u1227,E103,Page view: {page} by {user}
65667,2026-01-14,16:52:01,INFO,AuthService,Page view: /home by u1021,E103,Page view: {page} by {user}
65668,2026-01-14,16:23:26,INFO,WebServer,Transaction tx415967 completed in 1480ms,E104,Transaction {tx} completed in {time}ms
65669,2026-01-14,16:51:22,INFO,WebServer,User u3997 login successful,E101,User {user} login successful
65670,2026-01-14,16:22:18,INFO,AuthService,Transaction tx790337 completed in 1677ms,E104,Transaction {tx} completed in {time}ms
65671,2026-01-14,16:47:49,INFO,WebServer,Page view: /home by u4007,E103,Page view: {page} by {user}
65672,2026-01-14,16:10:13,INFO,PaymentGateway,Page view: /home by u1001,E103,Page view: {page} by {user}
65673,2026-01-14,16:03:13,INFO,AuthService,User u1260 login successful,E101,User {user} login successful
65674,2026-01-14,16:20:49,INFO,WebServer,Health check passed: WebServer,E102,Health check passed: {service}
65675,2026-01-14,16:51:26,INFO,InventoryDB,Page view: /home by u3735,E103,Page view: {page} by {user}
65676,2026-01-14,16:07:33,INFO,WebServer,Health check passed: WebServer,E102,Health check passed: {service}
65677,2026-01-14,16:35:42,INFO,OrderProcessor,Transaction tx785200 completed in 732ms,E104,Transaction {tx} completed in {time}ms
65678,2026-01-14,16:55:05,INFO,AuthService,Health check passed: AuthService,E102,Health check passed: {service}
65679,2026-01-14,16:07:15,INFO,AuthService,Health check passed: AuthService,E102,Health check passed: {service}
65680,2026-01-14,16:05:48,INFO,WebServer,Health check passed: WebServer,E102,Health check passed: {service}
65681,2026-01-14,16:36:51,INFO,WebServer,User u2876 login successful,E101,User {user} login successful
65682,2026-01-14,16:19:55,INFO,PaymentGateway,Page view: /home by u4000,E103,Page view: {page} by {user}
65683,2026-01-14,16:08:25,INFO,OrderProcessor,Page view: /home by u1359,E103,Page view: {page} by {user}
65684,2026-01-14,16:02:08,INFO,OrderProcessor,User u2095 login successful,E101,User {user} login successful
65685,2026-01-14,16:01:17,INFO,WebServer,Page view: /home by u3410,E103,Page view: {page} by {user}
65686,2026-01-14,16:06:02,INFO,WebServer,Health check passed: WebServer,E102,Health check passed: {service}
65687,2026-01-14,16:54:41,WARN,AuthService,Unauthorized access attempt from 10.0.0.45,E401,Unauthorized access attempt from {ip}
65688,2026-01-14,16:52:37,WARN,WebServer,High latency (731ms) detected on WebServer,E201,High latency ({time}ms) detected on {service}
65689,2026-01-14,16:05:43,INFO,OrderProcessor,User u2921 login successful,E101,User {user} login successful
65690,2026-01-14,16:25:43,WARN,WebServer,Disk usage > 85% on node node-3,E202,Disk usage > 85% on node {node}
65691,2026-01-14,16:33:56,INFO,WebServer,User u4295 login successful,E101,User {user} login successful
65692,2026-01-14,16:16:27,INFO,WebServer,Transaction tx331680 completed in 1120ms,E104,Transaction {tx} completed in {time}ms
65693,2026-01-14,16:34:57,INFO,InventoryDB,User u1530 login successful,E101,User {user} login successful
65694,2026-01-14,16:22:34,INFO,AuthService,Transaction tx775203 completed in 837ms,E104,Transaction {tx} completed in {time}ms
65695,2026-01-14,16:25:23,INFO,WebServer,Page view: /home by u3970,E103,Page view: {page} by {user}
65696,2026-01-14,16:26:18,INFO,WebServer,Health check passed: WebServer,E102,Health check passed: {service}
65697,2026-01-14,16:50:45,ERROR,WebServer,Connection refused to WebServer at 192.168.1.5,E501,Connection refused to {service} at {ip}
65698,2026-01-14,16:15:52,INFO,WebServer,Transaction tx311839 completed in 1233ms,E104,Transaction {tx} completed in {time}ms
65699,2026-01-14,16:00:29,INFO,WebServer,Health check passed: WebServer,E102,Health check passed: {service}
65700,2026-01-14,16:58:43,INFO,WebServer,Page view: /home by u2189,E103,Page view: {page} by {user}
65701,2026-01-14,16:20:16,ERROR,WebServer,Payment declined: Gateway unavailable,E503,Payment declined: Gateway unavailable
65702,2026-01-14,16:46:46,INFO,InventoryDB,Page view: /home by u2597,E103,Page view: {page} by {user}
65703,2026-01-14,16:18:04,INFO,OrderProcessor,Health check passed: OrderProcessor,E102,Health check passed: {service}
65704,2026-01-14,16:25:53,INFO,OrderProcessor,Transaction tx973434 completed in 880ms,E104,Transaction {tx} completed in {time}ms
65705,2026-01-14,16:41:37,WARN,PaymentGateway,Unauthorized access attempt from 10.0.0.99,E401,Unauthorized access attempt from {ip}
65706,2026-01-14,16:45:52,INFO,WebServer,User u1012 login successful,E101,User {user} login successful
65707,2026-01-14,16:23:38,WARN,OrderProcessor,Disk usage > 85% on node node-3,E202,Disk usage > 85% on node {node}
65708,2026-01-14,16:22:45,INFO,OrderProcessor,Page view: /home by u2844,E103,Page view: {page} by {user}
65709,2026-01-14,16:37:17,INFO,OrderProcessor,Page view: /home by u3241,E103,Page view: {page} by {user}
65710,2026-01-14,16:33:28,INFO,AuthService,Health check passed: AuthService,E102,Health check passed: {service}
65711,2026-01-14,16:10:59,INFO,WebServer,Transaction tx300451 completed in 1605ms,E104,Transaction {tx} completed in {time}ms
65712,2026-01-14,16:31:53,INFO,WebServer,Transaction tx674881 completed in 1368ms,E104,Transaction {tx} completed in {time}ms
65713,2026-01-14,16:01:02,ERROR,WebServer,Timeout waiting for lock on InventoryDB,E502,Timeout waiting for lock on {db}
65714,2026-01-14,16:07:10,INFO,WebServer,Health check passed: WebServer,E102,Health check passed: {service}
65715,2026-01-14,16:09:42,INFO,WebServer,Health check passed: WebServer,E102,Health check passed: {service}
65716,2026-01-14,16:51:10,INFO,AuthService,Page view: /home by u3523,E103,Page view: {page} by {user}
65717,2026-01-14,16:43:22,INFO,WebServer,Health check passed: WebServer,E102,Health check passed: {service}
65718,2026-01-14,16:08:07,INFO,OrderProcessor,Transaction tx823496 completed in 417ms,E104,Transaction {tx} completed in {time}ms
65719,2026-01-14,16:38:28,INFO,InventoryDB,Health check passed: InventoryDB,E102,Health check passed: {service}
65720,2026-01-14,16:34:39,INFO,WebServer,Health check passed: WebServer,E102,Health check passed: {service}
65721,2026-01-14,16:08:23,INFO,PaymentGateway,User u2102 login successful,E101,User {user} login successful
65722,2026-01-14,16:58:10,INFO,WebServer,Page view: /home by u3069,E103,Page view: {page} by {user}
65723,2026-01-14,16:49:37,INFO,WebServer,User u2513 login successful,E101,User {user} login successful
65724,2026-01-14,16:55:42,INFO,AuthService,Page view: /home by u4306,E103,Page view: {page} by {user}
65725,2026-01-14,16:06:45,INFO,WebServer,Transaction tx150325 completed in 1317ms,E104,Transaction {tx} completed in {time}ms
65726,2026-01-14,16:38:43,INFO,WebServer,Health check passed: WebServer,E102,Health check passed: {service}
65727,2026-01-14,16:50:03,INFO,WebServer,Health check passed: WebServer,E102,Health check passed: {service}
65728,2026-01-14,16:41:09,INFO,WebServer,User u4220 login successful,E101,User {user} login successful
65729,2026-01-14,16:37:18,INFO,WebServer,Transaction tx929006 completed in 1915ms,E104,Transaction {tx} completed in {time}ms
65730,2026-01-14,16:29:10,INFO,InventoryDB,User u2584 login successful,E101,User {user} login successful
65731,2026-01-14,16:26:50,INFO,WebServer,Health check passed: WebServer,E102,Health check passed: {service}
65732,2026-01-14,16:14:02,INFO,WebServer,Page view: /home by u2611,E103,Page view: {page} by {user}
65733,2026-01-14,16:17:21,INFO,WebServer,User u3156 login successful,E101,User {user} login successful
65734,2026-01-14,16:37:05,INFO,OrderProcessor,Health check passed: OrderProcessor,E102,Health check passed: {service}
65735,2026-01-14,16:30:39,INFO,WebServer,Transaction tx812860 completed in 932ms,E104,Transaction {tx} completed in {time}ms
65736,2026-01-14,16:41:37,INFO,WebServer,Health check passed: WebServer,E102,Health check passed: {service}
65737,2026-01-14,16:12:07,INFO,WebServer,Transaction tx351279 completed in 1970ms,E104,Transaction {tx} completed in {time}ms
65738,2026-01-14,16:00:33,INFO,WebServer,Transaction tx168043 completed in 73ms,E104,Transaction {tx} completed in {time}ms
65739,2026-01-14,16:25:50,INFO,AuthService,Health check passed: AuthService,E102,Health check passed: {service}
65740,2026-01-14,16:11:10,INFO,WebServer,User u1050 login successful,E101,User {user} login successful
65741,2026-01-14,16:32:45,INFO,PaymentGateway,User u2468 login successful,E101,User {user} login successful
65742,2026-01-14,16:14:23,INFO,WebServer,Page view: /home by u1096,E103,Page view: {page} by {user}
65743,2026-01-14,16:06:36,INFO,WebServer,Page view: /home by u2136,E103,Page view: {page} by {user}
65744,2026-01-14,16:42:04,INFO,WebServer,Transaction tx234523 completed in 963ms,E104,Transaction {tx} completed in {time}ms
65745,2026-01-14,16:21:47,INFO,PaymentGateway,Transaction tx453399 completed in 1710ms,E104,Transaction {tx} completed in {time}ms
65746,2026-01-14,16:45:14,INFO,InventoryDB,Page view: /home by u1683,E103,Page view: {page} by {user}
65747,2026-01-14,16:28:16,INFO,AuthService,Page view: /home by u3650,E103,Page view: {page} by {user}
65748,2026-01-14,16:06:43,INFO,WebServer,User u1702 login successful,E101,User {user} login successful
65749,2026-01-14,16:55:32,INFO,WebServer,User u3397 login successful,E101,User {user} login successful
65750,2026-01-14,16:24:30,INFO,PaymentGateway,Page view: /home by u2035,E103,Page view: {page} by {user}
65751,2026-01-14,16:47:29,INFO,WebServer,Health check passed: WebServer,E102,Health check passed: {service}
65752,2026-01-14,16:01:32,INFO,WebServer,User u1879 login successful,E101,User {user} login successful
65753,2026-01-14,16:47:44,WARN,OrderProcessor,Disk usage > 85% on node node-4,E202,Disk usage > 85% on node {node}
65754,2026-01-14,16:43:11,INFO,WebServer,User u1495 login successful,E101,User {user} login successful
65755,2026-01-14,16:43:39,INFO,PaymentGateway,Page view: /home by u2549,E103,Page view: {page} by {user}
65756,2026-01-14,16:36:44,INFO,OrderProcessor,Transaction tx316834 completed in 70ms,E104,Transaction {tx} completed in {time}ms
65757,2026-01-14,16:30:34,INFO,AuthService,Page view: /home by u3727,E103,Page view: {page} by {user}
65758,2026-01-14,16:00:29,INFO,AuthService,Page view: /home by u2879,E103,Page view: {page} by {user}
65759,2026-01-14,16:32:39,INFO,AuthService,Page view: /home by u1994,E103,Page view: {page} by {user}
65760,2026-01-14,16:13:43,INFO,WebServer,User u1267 login successful,E101,User {user} login successful
65761,2026-01-14,16:32:12,INFO,PaymentGateway,Health check passed: PaymentGateway,E102,Health check passed: {service}
65762,2026-01-14,16:48:02,INFO,WebServer,User u1226 login successful,E101,User {user} login successful
65763,2026-01-14,16:39:34,INFO,InventoryDB,Transaction tx142827 completed in 333ms,E104,Transaction {tx} completed in {time}ms
65764,2026-01-14,16:43:15,INFO,WebServer,Transaction tx941796 completed in 276ms,E104,Transaction {tx} completed in {time}ms
65765,2026-01-14,16:35:42,INFO,WebServer,Health check passed: WebServer,E102,Health check passed: {service}
65766,2026-01-14,16:44:20,WARN,WebServer,Disk usage > 85% on node node-4,E202,Disk usage > 85% on node {node}
65767,2026-01-14,16:59:16,INFO,OrderProcessor,User u3723 login successful,E101,User {user} login successful
65768,2026-01-14,16:27:01,INFO,OrderProcessor,Health check passed: OrderProcessor,E102,Health check passed: {service}
65769,2026-01-14,16:29:25,INFO,InventoryDB,Page view: /home by u2379,E103,Page view: {page} by {user}
65770,2026-01-14,16:34:43,INFO,WebServer,User u2211 login successful,E101,User {user} login successful
65771,2026-01-14,16:01:03,WARN,OrderProcessor,Unauthorized access attempt from 10.0.0.45,E401,Unauthorized access attempt from {ip}
65772,2026-01-14,16:29:10,INFO,WebServer,User u2917 login successful,E101,User {user} login successful
65773,2026-01-14,16:04:48,INFO,AuthService,Health check passed: AuthService,E102,Health check passed: {service}
65774,2026-01-14,16:32:47,INFO,PaymentGateway,Page view: /home by u2439,E103,Page view: {page} by {user}
65775,2026-01-14,16:39:16,INFO,PaymentGateway,User u2186 login successful,E101,User {user} login successful
65776,2026-01-14,16:37:22,INFO,WebServer,Page view: /home by u3261,E103,Page view: {page} by {user}
65777,2026-01-14,16:30:46,INFO,InventoryDB,Page view: /home by u3841,E103,Page view: {page} by {user}
65778,2026-01-14,16:53:42,INFO,AuthService,User u4292 login successful,E101,User {user} login successful
65779,2026-01-14,16:57:55,INFO,AuthService,Page view: /home by u3139,E103,Page view: {page} by {user}
65780,2026-01-14,16:38:45,INFO,WebServer,Transaction tx988324 completed in 1759ms,E104,Transaction {tx} completed in {time}ms
65781,2026-01-14,16:27:46,INFO,AuthService,Transaction tx534301 completed in 616ms,E104,Transaction {tx} completed in {time}ms
65782,2026-01-14,16:14:45,INFO,WebServer,Health check passed: WebServer,E102,Health check passed: {service}
65783,2026-01-14,16:21:13,INFO,PaymentGateway,User u2882 login successful,E101,User {user} login successful
65784,2026-01-14,16:47:53,INFO,WebServer,Page view: /home by u1182,E103,Page view: {page} by {user}
65785,2026-01-14,16:24:46,INFO,WebServer,Transaction tx564656 completed in 614ms,E104,Transaction {tx} completed in {time}ms
65786,2026-01-14,16:17:54,INFO,OrderProcessor,Health check passed: OrderProcessor,E102,Health check passed: {service}
65787,2026-01-14,16:04:36,INFO,OrderProcessor,Health check passed: OrderProcessor,E102,Health check passed: {service}
65788,2026-01-14,16:16:26,INFO,OrderProcessor,Transaction tx568134 completed in 1264ms,E104,Transaction {tx} completed in {time}ms
65789,2026-01-14,16:12:09,INFO,AuthService,User u1043 login successful,E101,User {user} login successful
65790,2026-01-14,16:14:27,INFO,PaymentGateway,Health check passed: PaymentGateway,E102,Health check passed: {service}
65791,2026-01-14,16:13:45,INFO,WebServer,Transaction tx184806 completed in 1502ms,E104,Transaction {tx} completed in {time}ms
65792,2026-01-14,16:24:50,INFO,AuthService,User u4355 login successful,E101,User {user} login successful
65793,2026-01-14,16:49:00,INFO,AuthService,Health check passed: AuthService,E102,Health check passed: {service}
65794,2026-01-14,16:36:04,INFO,AuthService,Health check passed: AuthService,E102,Health check passed: {service}
65795,2026-01-14,16:27:00,INFO,OrderProcessor,User u2422 login successful,E101,User {user} login successful
65796,2026-01-14,16:33:44,WARN,WebServer,Unauthorized access attempt from 10.0.0.45,E401,Unauthorized access attempt from {ip}
65797,2026-01-14,16:27:13,INFO,WebServer,Health check passed: WebServer,E102,Health check passed: {service}
65798,2026-01-14,16:23:06,INFO,OrderProcessor,Page view: /home by u3019,E103,Page view: {page} by {user}
65799,2026-01-14,16:01:57,INFO,WebServer,Transaction tx900860 completed in 1446ms,E104,Transaction {tx} completed in {time}ms
65800,2026-01-14,16:17:11,INFO,AuthService,User u1471 login successful,E101,User {user} login successful
65801,2026-01-14,16:54:16,INFO,PaymentGateway,Transaction tx872681 completed in 1194ms,E104,Transaction {tx} completed in {time}ms
65802,2026-01-14,16:16:28,INFO,PaymentGateway,User u1776 login successful,E101,User {user} login successful
65803,2026-01-14,16:04:32,INFO,AuthService,Health check passed: AuthService,E102,Health check passed: {service}
65804,2026-01-14,16:53:59,INFO,WebServer,Transaction tx218529 completed in 148ms,E104,Transaction {tx} completed in {time}ms
65805,2026-01-14,16:19:50,INFO,PaymentGateway,Transaction tx857966 completed in 124ms,E104,Transaction {tx} completed in {time}ms
65806,2026-01-14,16:42:08,INFO,WebServer,Transaction tx473927 completed in 92ms,E104,Transaction {tx} completed in {time}ms
65807,2026-01-14,16:07:33,INFO,AuthService,User u1241 login successful,E101,User {user} login successful
65808,2026-01-14,16:51:55,INFO,OrderProcessor,Page view: /home by u3179,E103,Page view: {page} by {user}
65809,2026-01-14,16:20:52,INFO,PaymentGateway,Transaction tx588749 completed in 1628ms,E104,Transaction {tx} completed in {time}ms
65810,2026-01-14,16:06:20,INFO,WebServer,Transaction tx978528 completed in 688ms,E104,Transaction {tx} completed in {time}ms
65811,2026-01-14,16:42:03,INFO,AuthService,Transaction tx433209 completed in 1268ms,E104,Transaction {tx} completed in {time}ms
65812,2026-01-14,16:59:53,INFO,WebServer,Health check passed: WebServer,E102,Health check passed: {service}
65813,2026-01-14,16:56:05,INFO,WebServer,Health check passed: WebServer,E102,Health check passed: {service}
65814,2026-01-14,16:17:18,INFO,AuthService,Transaction tx305514 completed in 1519ms,E104,Transaction {tx} completed in {time}ms
65815,2026-01-14,16:33:28,INFO,InventoryDB,Health check passed: InventoryDB,E102,Health check passed: {service}
65816,2026-01-14,16:41:37,INFO,OrderProcessor,Health check passed: OrderProcessor,E102,Health check passed: {service}
65817,2026-01-14,16:49:29,INFO,InventoryDB,Health check passed: InventoryDB,E102,Health check passed: {service}
65818,2026-01-14,16:54:23,INFO,OrderProcessor,Transaction tx250227 completed in 356ms,E104,Transaction {tx} completed in {time}ms
65819,2026-01-14,16:29:18,INFO,AuthService,User u1632 login successful,E101,User {user} login successful
65820,2026-01-14,16:48:48,INFO,PaymentGateway,Health check passed: PaymentGateway,E102,Health check passed: {service}
65821,2026-01-14,16:10:24,INFO,PaymentGateway,Page view: /home by u4210,E103,Page view: {page} by {user}
65822,2026-01-14,16:39:56,INFO,PaymentGateway,Health check passed: PaymentGateway,E102,Health check passed: {service}
65823,2026-01-14,16:28:15,INFO,WebServer,Health check passed: WebServer,E102,Health check passed: {service}
65824,2026-01-14,16:56:45,INFO,WebServer,Health check passed: WebServer,E102,Health check passed: {service}
65825,2026-01-14,16:59:57,INFO,AuthService,Page view: /home by u2187,E103,Page view: {page} by {user}
65826,2026-01-14,16:46:40,INFO,WebServer,Transaction tx381032 completed in 717ms,E104,Transaction {tx} completed in {time}ms
65827,2026-01-14,16:05:01,WARN,AuthService,High latency (819ms) detected on AuthService,E201,High latency ({time}ms) detected on {service}
65828,2026-01-14,16:32:48,INFO,OrderProcessor,Page view: /home by u3329,E103,Page view: {page} by {user}
65829,2026-01-14,16:49:18,INFO,OrderProcessor,User u2771 login successful,E101,User {user} login successful
65830,2026-01-14,16:33:03,INFO,InventoryDB,Health check passed: InventoryDB,E102,Health check passed: {service}
65831,2026-01-14,16:49:43,INFO,AuthService,Health check passed: AuthService,E102,Health check passed: {service}
65832,2026-01-14,16:17:21,WARN,WebServer,Disk usage > 85% on node node-2,E202,Disk usage > 85% on node {node}
65833,2026-01-14,16:52:50,INFO,WebServer,User u4867 login successful,E101,User {user} login successful
65834,2026-01-14,16:02:08,INFO,AuthService,Page view: /home by u1663,E103,Page view: {page} by {user}
65835,2026-01-14,16:39:35,INFO,WebServer,User u4615 login successful,E101,User {user} login successful
65836,2026-01-14,16:33:37,INFO,WebServer,Transaction tx691189 completed in 1718ms,E104,Transaction {tx} completed in {time}ms
65837,2026-01-14,16:38:32,INFO,WebServer,Transaction tx945022 completed in 971ms,E104,Transaction {tx} completed in {time}ms
65838,2026-01-14,16:20:12,INFO,PaymentGateway,Transaction tx360854 completed in 374ms,E104,Transaction {tx} completed in {time}ms
65839,2026-01-14,16:02:51,INFO,WebServer,Page view: /home by u3828,E103,Page view: {page} by {user}
65840,2026-01-14,16:42:37,INFO,WebServer,User u4873 login successful,E101,User {user} login successful
65841,2026-01-14,16:27:11,INFO,OrderProcessor,Page view: /home by u1513,E103,Page view: {page} by {user}
65842,2026-01-14,16:03:10,WARN,WebServer,Unauthorized access attempt from 10.0.0.45,E401,Unauthorized access attempt from {ip}
65843,2026-01-14,16:29:40,WARN,WebServer,Disk usage > 85% on node node-2,E202,Disk usage > 85% on node {node}
65844,2026-01-14,16:55:59,INFO,WebServer,User u2641 login successful,E101,User {user} login successful
65845,2026-01-14,16:30:11,INFO,AuthService,Page view: /home by u1319,E103,Page view: {page} by {user}
65846,2026-01-14,16:46:15,INFO,WebServer,User u2411 login successful,E101,User {user} login successful
65847,2026-01-14,16:56:23,INFO,WebServer,User u3949 login successful,E101,User {user} login successful
65848,2026-01-14,16:48:39,INFO,AuthService,Page view: /home by u1557,E103,Page view: {page} by {user}
65849,2026-01-14,16:15:05,INFO,WebServer,Page view: /home by u1813,E103,Page view: {page} by {user}
65850,2026-01-14,16:01:05,INFO,PaymentGateway,Page view: /home by u1407,E103,Page view: {page} by {user}
65851,2026-01-14,16:08:52,INFO,InventoryDB,Page view: /home by u4766,E103,Page view: {page} by {user}
65852,2026-01-14,16:35:54,INFO,WebServer,Health check passed: WebServer,E102,Health check passed: {service}
65853,2026-01-14,16:10:56,INFO,OrderProcessor,Page view: /home by u2339,E103,Page view: {page} by {user}
65854,2026-01-14,16:21:50,INFO,WebServer,Transaction tx225996 completed in 1621ms,E104,Transaction {tx} completed in {time}ms
65855,2026-01-14,16:26:16,INFO,OrderProcessor,Health check passed: OrderProcessor,E102,Health check passed: {service}
65856,2026-01-14,16:28:02,INFO,WebServer,Page view: /home by u3568,E103,Page view: {page} by {user}
65857,2026-01-14,16:17:42,INFO,WebServer,User u1573 login successful,E101,User {user} login successful
65858,2026-01-14,16:32:59,INFO,AuthService,User u4770 login successful,E101,User {user} login successful
65859,2026-01-14,16:30:50,INFO,WebServer,Page view: /home by u4221,E103,Page view: {page} by {user}
65860,2026-01-14,16:28:58,INFO,PaymentGateway,Transaction tx239610 completed in 96ms,E104,Transaction {tx} completed in {time}ms
65861,2026-01-14,16:29:57,INFO,WebServer,Health check passed: WebServer,E102,Health check passed: {service}
65862,2026-01-14,16:27:25,INFO,WebServer,Page view: /home by u3990,E103,Page view: {page} by {user}
65863,2026-01-14,16:52:18,INFO,WebServer,User u3289 login successful,E101,User {user} login successful
65864,2026-01-14,16:18:11,INFO,WebServer,Transaction tx635026 completed in 262ms,E104,Transaction {tx} completed in {time}ms
65865,2026-01-14,16:01:45,INFO,WebServer,User u2602 login successful,E101,User {user} login successful
65866,2026-01-14,16:31:07,INFO,WebServer,Health check passed: WebServer,E102,Health check passed: {service}
65867,2026-01-14,16:35:41,INFO,OrderProcessor,Health check passed: OrderProcessor,E102,Health check passed: {service}
65868,2026-01-14,16:07:35,INFO,OrderProcessor,Page view: /home by u2480,E103,Page view: {page} by {user}
65869,2026-01-14,16:30:35,INFO,WebServer,Transaction tx418178 completed in 1576ms,E104,Transaction {tx} completed in {time}ms
65870,2026-01-14,16:01:29,INFO,WebServer,Health check passed: WebServer,E102,Health check passed: {service}
65871,2026-01-14,16:44:54,INFO,PaymentGateway,Page view: /home by u1209,E103,Page view: {page} by {user}
65872,2026-01-14,16:40:44,INFO,WebServer,Transaction tx858824 completed in 556ms,E104,Transaction {tx} completed in {time}ms
65873,2026-01-14,16:07:04,INFO,WebServer,Transaction tx453338 completed in 20ms,E104,Transaction {tx} completed in {time}ms
65874,2026-01-14,16:31:07,INFO,WebServer,Page view: /home by u4217,E103,Page view: {page} by {user}
65875,2026-01-14,16:58:23,INFO,AuthService,User u2436 login successful,E101,User {user} login successful
65876,2026-01-14,16:35:53,ERROR,WebServer,Connection refused to WebServer at 10.0.0.45,E501,Connection refused to {service} at {ip}
65877,2026-01-14,16:06:31,INFO,WebServer,Transaction tx718260 completed in 625ms,E104,Transaction {tx} completed in {time}ms
65878,2026-01-14,16:20:26,INFO,WebServer,Transaction tx953755 completed in 1486ms,E104,Transaction {tx} completed in {time}ms
65879,2026-01-14,16:18:46,INFO,AuthService,Health check passed: AuthService,E102,Health check passed: {service}
65880,2026-01-14,16:36:32,INFO,PaymentGateway,Health check passed: PaymentGateway,E102,Health check passed: {service}
65881,2026-01-14,16:45:33,INFO,WebServer,User u3743 login successful,E101,User {user} login successful
65882,2026-01-14,16:27:56,INFO,AuthService,Transaction tx248589 completed in 28ms,E104,Transaction {tx} completed in {time}ms
65883,2026-01-14,16:55:10,WARN,WebServer,Disk usage > 85% on node node-5,E202,Disk usage > 85% on node {node}
65884,2026-01-14,16:18:40,INFO,WebServer,Health check passed: WebServer,E102,Health check passed: {service}
65885,2026-01-14,16:32:22,INFO,WebServer,User u1050 login successful,E101,User {user} login successful
65886,2026-01-14,16:30:28,INFO,WebServer,Transaction tx122625 completed in 580ms,E104,Transaction {tx} completed in {time}ms
65887,2026-01-14,16:53:48,INFO,PaymentGateway,User u1695 login successful,E101,User {user} login successful
65888,2026-01-14,16:29:53,INFO,PaymentGateway,User u3934 login successful,E101,User {user} login successful
65889,2026-01-14,16:09:50,INFO,WebServer,Transaction tx979291 completed in 947ms,E104,Transaction {tx} completed in {time}ms
65890,2026-01-14,16:51:26,INFO,WebServer,User u3645 login successful,E101,User {user} login successful
65891,2026-01-14,16:04:48,INFO,AuthService,User u2343 login successful,E101,User {user} login successful
65892,2026-01-14,16:12:24,ERROR,AuthService,Payment declined: Gateway unavailable,E503,Payment declined: Gateway unavailable
65893,2026-01-14,16:58:43,INFO,WebServer,User u2436 login successful,E101,User {user} login successful
65894,2026-01-14,16:47:05,INFO,AuthService,Transaction tx162217 completed in 1045ms,E104,Transaction {tx} completed in {time}ms
65895,2026-01-14,16:34:38,WARN,WebServer,High latency (1295ms) detected on WebServer,E201,High latency ({time}ms) detected on {service}
65896,2026-01-14,16:32:28,INFO,WebServer,Page view: /home by u2130,E103,Page view: {page} by {user}
65897,2026-01-14,16:35:09,INFO,WebServer,User u2264 login successful,E101,User {user} login successful
65898,2026-01-14,16:19:37,INFO,AuthService,User u3417 login successful,E101,User {user} login successful
65899,2026-01-14,16:47:50,INFO,WebServer,User u1950 login successful,E101,User {user} login successful
65900,2026-01-14,16:17:51,INFO,WebServer,User u4643 login successful,E101,User {user} login successful
65901,2026-01-14,16:07:40,INFO,WebServer,User u3577 login successful,E101,User {user} login successful
65902,2026-01-14,16:54:13,INFO,WebServer,Health check passed: WebServer,E102,Health check passed: {service}
65903,2026-01-14,16:42:25,INFO,WebServer,Health check passed: WebServer,E102,Health check passed: {service}
65904,2026-01-14,16:42:59,INFO,PaymentGateway,User u2684 login successful,E101,User {user} login successful
65905,2026-01-14,16:41:39,INFO,WebServer,Page view: /home by u2937,E103,Page view: {page} by {user}
65906,2026-01-14,16:48:42,INFO,WebServer,Page view: /home by u3209,E103,Page view: {page} by {user}
65907,2026-01-14,16:28:21,INFO,InventoryDB,Transaction tx410693 completed in 980ms,E104,Transaction {tx} completed in {time}ms
65908,2026-01-14,16:03:32,INFO,AuthService,Transaction tx960886 completed in 1658ms,E104,Transaction {tx} completed in {time}ms
65909,2026-01-14,16:00:36,INFO,InventoryDB,Transaction tx543728 completed in 1007ms,E104,Transaction {tx} completed in {time}ms
65910,2026-01-14,16:47:50,INFO,WebServer,Transaction tx898504 completed in 1856ms,E104,Transaction {tx} completed in {time}ms
65911,2026-01-14,16:16:40,INFO,InventoryDB,User u1286 login successful,E101,User {user} login successful
65912,2026-01-14,16:20:23,INFO,AuthService,User u3735 login successful,E101,User {user} login successful
65913,2026-01-14,16:29:04,INFO,AuthService,Page view: /home by u4841,E103,Page view: {page} by {user}
65914,2026-01-14,16:52:49,INFO,AuthService,Transaction tx472417 completed in 1531ms,E104,Transaction {tx} completed in {time}ms
65915,2026-01-14,16:52:00,WARN,OrderProcessor,Unauthorized access attempt from 10.0.0.45,E401,Unauthorized access attempt from {ip}
65916,2026-01-14,16:00:42,INFO,WebServer,Health check passed: WebServer,E102,Health check passed: {service}
65917,2026-01-14,16:09:55,INFO,AuthService,Health check passed: AuthService,E102,Health check passed: {service}
65918,2026-01-14,16:17:35,INFO,WebServer,User u2232 login successful,E101,User {user} login successful
65919,2026-01-14,16:41:30,INFO,WebServer,Transaction tx581373 completed in 1032ms,E104,Transaction {tx} completed in {time}ms
65920,2026-01-14,16:34:36,INFO,WebServer,Health check passed: WebServer,E102,Health check passed: {service}
65921,2026-01-14,16:14:31,INFO,WebServer,Page view: /home by u4421,E103,Page view: {page} by {user}
65922,2026-01-14,16:51:08,INFO,PaymentGateway,Health check passed: PaymentGateway,E102,Health check passed: {service}
65923,2026-01-14,16:15:51,INFO,WebServer,User u4613 login successful,E101,User {user} login successful
65924,2026-01-14,16:43:25,WARN,WebServer,Disk usage > 85% on node node-2,E202,Disk usage > 85% on node {node}
65925,2026-01-14,16:08:38,INFO,WebServer,Transaction tx537526 completed in 82ms,E104,Transaction {tx} completed in {time}ms
65926,2026-01-14,16:08:12,INFO,WebServer,Transaction tx659959 completed in 1948ms,E104,Transaction {tx} completed in {time}ms
65927,2026-01-14,16:36:03,INFO,AuthService,Page view: /home by u1536,E103,Page view: {page} by {user}
65928,2026-01-14,16:33:09,INFO,WebServer,Health check passed: WebServer,E102,Health check passed: {service}
65929,2026-01-14,16:24:08,INFO,PaymentGateway,Transaction tx277000 completed in 167ms,E104,Transaction {tx} completed in {time}ms
65930,2026-01-14,16:29:02,INFO,WebServer,Page view: /home by u2939,E103,Page view: {page} by {user}
65931,2026-01-14,16:11:07,INFO,WebServer,Health check passed: WebServer,E102,Health check passed: {service}
65932,2026-01-14,16:57:13,ERROR,AuthService,Payment declined: Gateway unavailable,E503,Payment declined: Gateway unavailable
65933,2026-01-14,16:24:49,INFO,OrderProcessor,Health check passed: OrderProcessor,E102,Health check passed: {service}
65934,2026-01-14,16:55:19,INFO,AuthService,Page view: /home by u1018,E103,Page view: {page} by {user}
65935,2026-01-14,16:52:37,INFO,AuthService,Health check passed: AuthService,E102,Health check passed: {service}
65936,2026-01-14,16:45:57,INFO,OrderProcessor,Page view: /home by u4681,E103,Page view: {page} by {user}
65937,2026-01-14,16:52:28,INFO,WebServer,Page view: /home by u4468,E103,Page view: {page} by {user}
65938,2026-01-14,16:37:32,INFO,WebServer,Page view: /home by u3800,E103,Page view: {page} by {user}
65939,2026-01-14,16:05:52,INFO,AuthService,User u4460 login successful,E101,User {user} login successful
65940,2026-01-14,16:37:15,ERROR,WebServer,Payment declined: Gateway unavailable,E503,Payment declined: Gateway unavailable
65941,2026-01-14,16:12:54,INFO,AuthService,Transaction tx496046 completed in 562ms,E104,Transaction {tx} completed in {time}ms
65942,2026-01-14,16:28:56,INFO,WebServer,Transaction tx975295 completed in 1094ms,E104,Transaction {tx} completed in {time}ms
65943,2026-01-14,16:18:58,INFO,WebServer,User u2581 login successful,E101,User {user} login successful
65944,2026-01-14,16:38:46,INFO,WebServer,Health check passed: WebServer,E102,Health check passed: {service}
65945,2026-01-14,16:45:08,INFO,OrderProcessor,Page view: /home by u4548,E103,Page view: {page} by {user}
65946,2026-01-14,16:50:38,INFO,AuthService,Page view: /home by u1748,E103,Page view: {page} by {user}
65947,2026-01-14,16:29:53,INFO,AuthService,Transaction tx928068 completed in 594ms,E104,Transaction {tx} completed in {time}ms
65948,2026-01-14,16:29:40,INFO,WebServer,User u4190 login successful,E101,User {user} login successful
65949,2026-01-14,16:58:08,INFO,OrderProcessor,Health check passed: OrderProcessor,E102,Health check passed: {service}
65950,2026-01-14,16:44:36,INFO,WebServer,User u1642 login successful,E101,User {user} login successful
65951,2026-01-14,16:32:01,INFO,OrderProcessor,Transaction tx737850 completed in 626ms,E104,Transaction {tx} completed in {time}ms
65952,2026-01-14,16:51:07,INFO,WebServer,Transaction tx799086 completed in 571ms,E104,Transaction {tx} completed in {time}ms
65953,2026-01-14,16:05:06,INFO,WebServer,Health check passed: WebServer,E102,Health check passed: {service}
65954,2026-01-14,16:48:30,INFO,AuthService,Health check passed: AuthService,E102,Health check passed: {service}
65955,2026-01-14,16:31:00,INFO,WebServer,Transaction tx660699 completed in 1827ms,E104,Transaction {tx} completed in {time}ms
65956,2026-01-14,16:58:02,INFO,WebServer,User u4562 login successful,E101,User {user} login successful
65957,2026-01-14,16:53:16,INFO,WebServer,User u1601 login successful,E101,User {user} login successful
65958,2026-01-14,16:02:26,INFO,AuthService,Page view: /home by u2817,E103,Page view: {page} by {user}
65959,2026-01-14,16:39:26,INFO,WebServer,Health check passed: WebServer,E102,Health check passed: {service}
65960,2026-01-14,16:28:24,INFO,AuthService,Transaction tx129998 completed in 1010ms,E104,Transaction {tx} completed in {time}ms
65961,2026-01-14,16:19:30,INFO,AuthService,Page view: /home by u4251,E103,Page view: {page} by {user}
65962,2026-01-14,16:39:52,INFO,PaymentGateway,Transaction tx522993 completed in 1277ms,E104,Transaction {tx} completed in {time}ms
65963,2026-01-14,16:12:33,INFO,AuthService,Page view: /home by u4898,E103,Page view: {page} by {user}
65964,2026-01-14,16:57:28,WARN,WebServer,High latency (1221ms) detected on WebServer,E201,High latency ({time}ms) detected on {service}
65965,2026-01-14,16:35:12,INFO,WebServer,User u2037 login successful,E101,User {user} login successful
65966,2026-01-14,16:19:09,INFO,AuthService,Transaction tx471648 completed in 1828ms,E104,Transaction {tx} completed in {time}ms
65967,2026-01-14,16:44:33,ERROR,AuthService,Timeout waiting for lock on InventoryDB,E502,Timeout waiting for lock on {db}
65968,2026-01-14,16:01:32,INFO,WebServer,Transaction tx378343 completed in 1377ms,E104,Transaction {tx} completed in {time}ms
65969,2026-01-14,16:25:39,INFO,PaymentGateway,Health check passed: PaymentGateway,E102,Health check passed: {service}
65970,2026-01-14,16:56:19,INFO,WebServer,Health check passed: WebServer,E102,Health check passed: {service}
65971,2026-01-14,16:04:29,INFO,InventoryDB,Page view: /home by u3864,E103,Page view: {page} by {user}
65972,2026-01-14,16:40:52,INFO,AuthService,User u4633 login successful,E101,User {user} login successful
65973,2026-01-14,16:12:27,ERROR,WebServer,Payment declined: Gateway unavailable,E503,Payment declined: Gateway unavailable
65974,2026-01-14,16:52:38,INFO,PaymentGateway,Page view: /home by u2710,E103,Page view: {page} by {user}
65975,2026-01-14,16:34:05,INFO,WebServer,Transaction tx556506 completed in 1555ms,E104,Transaction {tx} completed in {time}ms
65976,2026-01-14,16:00:39,INFO,AuthService,Health check passed: AuthService,E102,Health check passed: {service}
65977,2026-01-14,16:37:07,INFO,WebServer,Page view: /home by u2545,E103,Page view: {page} by {user}
65978,2026-01-14,16:14:09,INFO,PaymentGateway,Health check passed: PaymentGateway,E102,Health check passed: {service}
65979,2026-01-14,16:27:00,INFO,PaymentGateway,User u3359 login successful,E101,User {user} login successful
65980,2026-01-14,16:07:12,INFO,WebServer,User u4450 login successful,E101,User {user} login successful
65981,2026-01-14,16:33:57,INFO,WebServer,Health check passed: WebServer,E102,Health check passed: {service}
65982,2026-01-14,16:59:13,INFO,WebServer,Page view: /home by u3699,E103,Page view: {page} by {user}
65983,2026-01-14,16:25:53,INFO,PaymentGateway,Transaction tx299160 completed in 906ms,E104,Transaction {tx} completed in {time}ms
65984,2026-01-14,16:35:59,INFO,WebServer,Transaction tx956049 completed in 415ms,E104,Transaction {tx} completed in {time}ms
65985,2026-01-14,16:01:00,INFO,WebServer,Health check passed: WebServer,E102,Health check passed: {service}
65986,2026-01-14,16:24:36,INFO,PaymentGateway,Health check passed: PaymentGateway,E102,Health check passed: {service}
65987,2026-01-14,16:56:52,INFO,WebServer,Transaction tx523217 completed in 578ms,E104,Transaction {tx} completed in {time}ms
65988,2026-01-14,16:13:58,INFO,PaymentGateway,Health check passed: PaymentGateway,E102,Health check passed: {service}
65989,2026-01-14,16:28:15,INFO,WebServer,User u3360 login successful,E101,User {user} login successful
65990,2026-01-14,16:38:40,INFO,OrderProcessor,Transaction tx146976 completed in 1776ms,E104,Transaction {tx} completed in {time}ms
65991,2026-01-14,16:30:08,INFO,WebServer,Health check passed: WebServer,E102,Health check passed: {service}
65992,2026-01-14,16:12:35,INFO,WebServer,Transaction tx532887 completed in 1755ms,E104,Transaction {tx} completed in {time}ms
65993,2026-01-14,16:43:37,WARN,WebServer,Unauthorized access attempt from 10.0.0.88,E401,Unauthorized access attempt from {ip}
65994,2026-01-14,16:11:38,INFO,OrderProcessor,User u4605 login successful,E101,User {user} login successful
65995,2026-01-14,16:12:04,INFO,InventoryDB,Transaction tx741470 completed in 1468ms,E104,Transaction {tx} completed in {time}ms
65996,2026-01-14,16:12:09,INFO,WebServer,User u2219 login successful,E101,User {user} login successful
65997,2026-01-14,16:42:08,INFO,InventoryDB,User u4141 login successful,E101,User {user} login successful
65998,2026-01-14,16:21:00,INFO,AuthService,Health check passed: AuthService,E102,Health check passed: {service}
65999,2026-01-14,16:45:30,INFO,PaymentGateway,User u2706 login successful,E101,User {user} login successful
66000,2026-01-14,16:23:39,INFO,WebServer,Health check passed: WebServer,E102,Health check passed: {service}
66001,2026-01-14,16:37:49,INFO,OrderProcessor,Transaction tx970712 completed in 35ms,E104,Transaction {tx} completed in {time}ms
66002,2026-01-14,16:44:06,INFO,AuthService,Page view: /home by u4663,E103,Page view: {page} by {user}
66003,2026-01-14,16:51:17,CRITICAL,PaymentGateway,KERNEL PANIC: Node node-3 crashed,E601,KERNEL PANIC: Node {node} crashed
66004,2026-01-14,16:58:53,INFO,WebServer,Health check passed: WebServer,E102,Health check passed: {service}
66005,2026-01-14,16:28:35,INFO,AuthService,Health check passed: AuthService,E102,Health check passed: {service}
66006,2026-01-14,16:08:50,INFO,AuthService,Transaction tx274071 completed in 761ms,E104,Transaction {tx} completed in {time}ms
66007,2026-01-14,16:46:35,INFO,WebServer,User u4921 login successful,E101,User {user} login successful
66008,2026-01-14,16:32:37,INFO,OrderProcessor,Transaction tx143545 completed in 1144ms,E104,Transaction {tx} completed in {time}ms
66009,2026-01-14,16:40:21,INFO,WebServer,Transaction tx644349 completed in 1772ms,E104,Transaction {tx} completed in {time}ms
66010,2026-01-14,16:06:34,INFO,AuthService,Page view: /home by u2879,E103,Page view: {page} by {user}
66011,2026-01-14,16:20:14,INFO,WebServer,Health check passed: WebServer,E102,Health check passed: {service}
66012,2026-01-14,16:40:08,INFO,WebServer,Transaction tx696052 completed in 1129ms,E104,Transaction {tx} completed in {time}ms
66013,2026-01-14,16:26:25,INFO,OrderProcessor,Health check passed: OrderProcessor,E102,Health check passed: {service}
66014,2026-01-14,16:50:44,INFO,AuthService,Health check passed: AuthService,E102,Health check passed: {service}
66015,2026-01-14,16:47:01,INFO,WebServer,Health check passed: WebServer,E102,Health check passed: {service}
66016,2026-01-14,16:16:46,INFO,OrderProcessor,Health check passed: OrderProcessor,E102,Health check passed: {service}
66017,2026-01-14,16:27:05,INFO,WebServer,User u1693 login successful,E101,User {user} login successful
66018,2026-01-14,16:11:51,INFO,WebServer,User u1032 login successful,E101,User {user} login successful
66019,2026-01-14,16:47:26,INFO,AuthService,Transaction tx753974 completed in 51ms,E104,Transaction {tx} completed in {time}ms
66020,2026-01-14,16:19:14,INFO,WebServer,Page view: /home by u2692,E103,Page view: {page} by {user}
66021,2026-01-14,16:11:04,WARN,OrderProcessor,High latency (530ms) detected on OrderProcessor,E201,High latency ({time}ms) detected on {service}
66022,2026-01-14,16:24:19,CRITICAL,AuthService,KERNEL PANIC: Node node-4 crashed,E601,KERNEL PANIC: Node {node} crashed
66023,2026-01-14,16:44:37,INFO,PaymentGateway,Health check passed: PaymentGateway,E102,Health check passed: {service}
66024,2026-01-14,16:53:56,INFO,OrderProcessor,Transaction tx629703 completed in 71ms,E104,Transaction {tx} completed in {time}ms
66025,2026-01-14,16:41:49,INFO,WebServer,Page view: /home by u1348,E103,Page view: {page} by {user}
66026,2026-01-14,16:24:28,INFO,WebServer,Page view: /home by u1340,E103,Page view: {page} by {user}
66027,2026-01-14,16:15:15,INFO,WebServer,Transaction tx886678 completed in 161ms,E104,Transaction {tx} completed in {time}ms
66028,2026-01-14,16:54:30,INFO,WebServer,Page view: /home by u2484,E103,Page view: {page} by {user}
66029,2026-01-14,16:21:28,INFO,AuthService,Transaction tx619397 completed in 473ms,E104,Transaction {tx} completed in {time}ms
66030,2026-01-14,16:55:32,INFO,AuthService,Page view: /home by u3437,E103,Page view: {page} by {user}
66031,2026-01-14,16:45:11,INFO,WebServer,Health check passed: WebServer,E102,Health check passed: {service}
66032,2026-01-14,16:40:29,INFO,WebServer,Transaction tx657675 completed in 1405ms,E104,Transaction {tx} completed in {time}ms
66033,2026-01-14,16:15:51,INFO,WebServer,User u1336 login successful,E101,User {user} login successful
66034,2026-01-14,16:36:01,INFO,WebServer,Page view: /home by u2288,E103,Page view: {page} by {user}
66035,2026-01-14,16:29:32,INFO,WebServer,User u2303 login successful,E101,User {user} login successful
66036,2026-01-14,16:16:16,INFO,WebServer,Transaction tx485371 completed in 1282ms,E104,Transaction {tx} completed in {time}ms
66037,2026-01-14,16:24:06,INFO,OrderProcessor,Transaction tx521403 completed in 840ms,E104,Transaction {tx} completed in {time}ms
66038,2026-01-14,16:45:52,INFO,WebServer,Health check passed: WebServer,E102,Health check passed: {service}
66039,2026-01-14,16:26:11,INFO,WebServer,Page view: /home by u4515,E103,Page view: {page} by {user}
66040,2026-01-14,16:09:23,WARN,OrderProcessor,Disk usage > 85% on node node-4,E202,Disk usage > 85% on node {node}
66041,2026-01-14,16:30:01,INFO,WebServer,Page view: /home by u1789,E103,Page view: {page} by {user}
66042,2026-01-14,16:50:12,WARN,OrderProcessor,Disk usage > 85% on node node-5,E202,Disk usage > 85% on node {node}
66043,2026-01-14,16:30:03,ERROR,WebServer,Payment declined: Gateway unavailable,E503,Payment declined: Gateway unavailable
66044,2026-01-14,16:59:19,INFO,WebServer,Transaction tx126232 completed in 1473ms,E104,Transaction {tx} completed in {time}ms
66045,2026-01-14,16:04:39,INFO,InventoryDB,Page view: /home by u3844,E103,Page view: {page} by {user}
66046,2026-01-14,16:53:15,INFO,WebServer,Transaction tx562442 completed in 1434ms,E104,Transaction {tx} completed in {time}ms
66047,2026-01-14,16:45:13,INFO,WebServer,Health check passed: WebServer,E102,Health check passed: {service}
66048,2026-01-14,16:40:02,INFO,AuthService,Transaction tx699942 completed in 1217ms,E104,Transaction {tx} completed in {time}ms
66049,2026-01-14,16:08:37,INFO,WebServer,Transaction tx739537 completed in 302ms,E104,Transaction {tx} completed in {time}ms
66050,2026-01-14,16:01:00,INFO,WebServer,User u2990 login successful,E101,User {user} login successful
66051,2026-01-14,16:41:30,INFO,WebServer,Health check passed: WebServer,E102,Health check passed: {service}
66052,2026-01-14,16:29:36,INFO,AuthService,User u4604 login successful,E101,User {user} login successful
66053,2026-01-14,16:09:02,INFO,PaymentGateway,Transaction tx488309 completed in 1083ms,E104,Transaction {tx} completed in {time}ms
66054,2026-01-14,16:22:42,INFO,AuthService,Page view: /home by u1390,E103,Page view: {page} by {user}
66055,2026-01-14,16:30:13,INFO,AuthService,Transaction tx370755 completed in 1732ms,E104,Transaction {tx} completed in {time}ms
66056,2026-01-14,16:49:43,INFO,WebServer,Page view: /home by u4337,E103,Page view: {page} by {user}
66057,2026-01-14,16:34:32,WARN,InventoryDB,Disk usage > 85% on node node-3,E202,Disk usage > 85% on node {node}
66058,2026-01-14,16:30:32,INFO,WebServer,Health check passed: WebServer,E102,Health check passed: {service}
66059,2026-01-14,16:38:19,INFO,AuthService,Transaction tx286936 completed in 386ms,E104,Transaction {tx} completed in {time}ms
66060,2026-01-14,16:09:32,INFO,OrderProcessor,User u4284 login successful,E101,User {user} login successful
66061,2026-01-14,16:49:31,INFO,WebServer,Page view: /home by u4611,E103,Page view: {page} by {user}
66062,2026-01-14,16:42:15,INFO,WebServer,Health check passed: WebServer,E102,Health check passed: {service}
66063,2026-01-14,16:58:45,INFO,WebServer,User u3865 login successful,E101,User {user} login successful
66064,2026-01-14,16:56:47,INFO,AuthService,User u1193 login successful,E101,User {user} login successful
66065,2026-01-14,16:37:55,INFO,WebServer,Health check passed: WebServer,E102,Health check passed: {service}
66066,2026-01-14,16:10:16,INFO,WebServer,Page view: /home by u1469,E103,Page view: {page} by {user}
66067,2026-01-14,16:24:41,INFO,WebServer,Page view: /home by u1592,E103,Page view: {page} by {user}
66068,2026-01-14,16:01:15,INFO,AuthService,Page view: /home by u2372,E103,Page view: {page} by {user}
66069,2026-01-14,16:31:56,INFO,WebServer,Transaction tx725960 completed in 1834ms,E104,Transaction {tx} completed in {time}ms
66070,2026-01-14,16:45:40,WARN,InventoryDB,Unauthorized access attempt from 10.0.0.10,E401,Unauthorized access attempt from {ip}
66071,2026-01-14,16:10:16,INFO,WebServer,User u3616 login successful,E101,User {user} login successful
66072,2026-01-14,16:45:16,INFO,WebServer,Health check passed: WebServer,E102,Health check passed: {service}
66073,2026-01-14,16:46:54,INFO,InventoryDB,Page view: /home by u3419,E103,Page view: {page} by {user}
66074,2026-01-14,16:05:49,INFO,AuthService,Transaction tx557316 completed in 404ms,E104,Transaction {tx} completed in {time}ms
66075,2026-01-14,16:10:29,WARN,AuthService,High latency (122ms) detected on AuthService,E201,High latency ({time}ms) detected on {service}
66076,2026-01-14,16:45:25,INFO,OrderProcessor,Page view: /home by u2882,E103,Page view: {page} by {user}
66077,2026-01-14,16:12:12,INFO,WebServer,Health check passed: WebServer,E102,Health check passed: {service}
66078,2026-01-14,16:01:55,INFO,WebServer,Health check passed: WebServer,E102,Health check passed: {service}
66079,2026-01-14,16:17:45,INFO,WebServer,User u2515 login successful,E101,User {user} login successful
66080,2026-01-14,16:00:05,INFO,AuthService,Health check passed: AuthService,E102,Health check passed: {service}
66081,2026-01-14,16:59:21,INFO,PaymentGateway,Page view: /home by u4805,E103,Page view: {page} by {user}
66082,2026-01-14,16:02:47,INFO,WebServer,Transaction tx176758 completed in 1182ms,E104,Transaction {tx} completed in {time}ms
66083,2026-01-14,16:37:21,INFO,WebServer,User u3359 login successful,E101,User {user} login successful
66084,2026-01-14,16:18:47,INFO,AuthService,Transaction tx390245 completed in 1702ms,E104,Transaction {tx} completed in {time}ms
66085,2026-01-14,16:25:41,INFO,WebServer,User u3559 login successful,E101,User {user} login successful
66086,2026-01-14,16:26:52,INFO,WebServer,Page view: /home by u2537,E103,Page view: {page} by {user}
66087,2026-01-14,16:37:04,INFO,WebServer,User u4064 login successful,E101,User {user} login successful
66088,2026-01-14,16:45:14,INFO,OrderProcessor,User u2208 login successful,E101,User {user} login successful
66089,2026-01-14,16:33:50,INFO,WebServer,Page view: /home by u1634,E103,Page view: {page} by {user}
66090,2026-01-14,16:57:33,INFO,AuthService,User u3515 login successful,E101,User {user} login successful
66091,2026-01-14,16:45:01,INFO,PaymentGateway,Health check passed: PaymentGateway,E102,Health check passed: {service}
66092,2026-01-14,16:33:44,INFO,WebServer,Health check passed: WebServer,E102,Health check passed: {service}
66093,2026-01-14,16:39:44,INFO,WebServer,Health check passed: WebServer,E102,Health check passed: {service}
66094,2026-01-14,16:10:14,WARN,OrderProcessor,Unauthorized access attempt from 10.0.0.12,E401,Unauthorized access attempt from {ip}
66095,2026-01-14,16:29:41,INFO,WebServer,User u2205 login successful,E101,User {user} login successful
66096,2026-01-14,16:10:02,INFO,WebServer,User u4603 login successful,E101,User {user} login successful
66097,2026-01-14,16:11:32,INFO,WebServer,Page view: /home by u4775,E103,Page view: {page} by {user}
66098,2026-01-14,16:27:02,WARN,WebServer,Unauthorized access attempt from 10.0.0.12,E401,Unauthorized access attempt from {ip}
66099,2026-01-14,16:32:30,INFO,OrderProcessor,Page view: /home by u4534,E103,Page view: {page} by {user}
66100,2026-01-14,16:27:58,INFO,WebServer,User u1896 login successful,E101,User {user} login successful
66101,2026-01-14,16:57:36,INFO,AuthService,Page view: /home by u2356,E103,Page view: {page} by {user}
66102,2026-01-14,16:43:13,INFO,WebServer,Page view: /home by u4265,E103,Page view: {page} by {user}
66103,2026-01-14,16:58:27,INFO,PaymentGateway,Health check passed: PaymentGateway,E102,Health check passed: {service}
66104,2026-01-14,16:35:12,INFO,PaymentGateway,Health check passed: PaymentGateway,E102,Health check passed: {service}
66105,2026-01-14,16:48:06,INFO,WebServer,User u2982 login successful,E101,User {user} login successful
66106,2026-01-14,16:05:20,INFO,AuthService,Page view: /home by u4224,E103,Page view: {page} by {user}
66107,2026-01-14,16:37:07,INFO,PaymentGateway,Transaction tx375874 completed in 1977ms,E104,Transaction {tx} completed in {time}ms
66108,2026-01-14,16:50:53,INFO,WebServer,Page view: /home by u3761,E103,Page view: {page} by {user}
66109,2026-01-14,16:11:10,INFO,AuthService,Health check passed: AuthService,E102,Health check passed: {service}
66110,2026-01-14,16:34:30,INFO,WebServer,Transaction tx895050 completed in 246ms,E104,Transaction {tx} completed in {time}ms
66111,2026-01-14,16:33:13,INFO,WebServer,Page view: /home by u4249,E103,Page view: {page} by {user}
66112,2026-01-14,16:57:31,INFO,WebServer,Page view: /home by u2385,E103,Page view: {page} by {user}
66113,2026-01-14,16:20:58,INFO,AuthService,User u3576 login successful,E101,User {user} login successful
66114,2026-01-14,16:37:38,INFO,AuthService,Transaction tx266483 completed in 195ms,E104,Transaction {tx} completed in {time}ms
66115,2026-01-14,16:08:03,INFO,PaymentGateway,Health check passed: PaymentGateway,E102,Health check passed: {service}
66116,2026-01-14,16:54:19,INFO,AuthService,User u3443 login successful,E101,User {user} login successful
66117,2026-01-14,16:43:06,INFO,InventoryDB,Health check passed: InventoryDB,E102,Health check passed: {service}
66118,2026-01-14,16:48:39,INFO,PaymentGateway,User u1443 login successful,E101,User {user} login successful
66119,2026-01-14,16:16:16,INFO,OrderProcessor,Page view: /home by u3656,E103,Page view: {page} by {user}
66120,2026-01-14,16:14:31,INFO,WebServer,User u3286 login successful,E101,User {user} login successful
66121,2026-01-14,16:08:32,INFO,AuthService,Health check passed: AuthService,E102,Health check passed: {service}
66122,2026-01-14,16:21:29,INFO,OrderProcessor,Transaction tx594733 completed in 785ms,E104,Transaction {tx} completed in {time}ms
66123,2026-01-14,16:12:59,INFO,AuthService,Transaction tx194685 completed in 1925ms,E104,Transaction {tx} completed in {time}ms
66124,2026-01-14,16:38:36,INFO,WebServer,Page view: /home by u3910,E103,Page view: {page} by {user}
66125,2026-01-14,16:49:51,INFO,WebServer,User u4608 login successful,E101,User {user} login successful
66126,2026-01-14,16:47:43,INFO,WebServer,Page view: /home by u2656,E103,Page view: {page} by {user}
66127,2026-01-14,16:21:07,INFO,WebServer,Page view: /home by u4587,E103,Page view: {page} by {user}
66128,2026-01-14,16:06:55,INFO,WebServer,User u4266 login successful,E101,User {user} login successful
66129,2026-01-14,16:16:16,INFO,AuthService,Health check passed: AuthService,E102,Health check passed: {service}
66130,2026-01-14,16:42:01,INFO,WebServer,Transaction tx530504 completed in 439ms,E104,Transaction {tx} completed in {time}ms
66131,2026-01-14,16:58:45,INFO,WebServer,Transaction tx719495 completed in 1191ms,E104,Transaction {tx} completed in {time}ms
66132,2026-01-14,16:42:33,INFO,InventoryDB,Page view: /home by u4506,E103,Page view: {page} by {user}
66133,2026-01-14,16:29:04,INFO,AuthService,Health check passed: AuthService,E102,Health check passed: {service}
66134,2026-01-14,16:37:33,INFO,WebServer,User u4050 login successful,E101,User {user} login successful
66135,2026-01-14,16:32:35,WARN,WebServer,Unauthorized access attempt from 10.0.0.45,E401,Unauthorized access attempt from {ip}
66136,2026-01-14,16:53:49,INFO,WebServer,Transaction tx935112 completed in 619ms,E104,Transaction {tx} completed in {time}ms
66137,2026-01-14,16:10:06,INFO,AuthService,User u4253 login successful,E101,User {user} login successful
66138,2026-01-14,16:29:58,INFO,WebServer,Health check passed: WebServer,E102,Health check passed: {service}
66139,2026-01-14,16:05:49,INFO,AuthService,Transaction tx835230 completed in 1059ms,E104,Transaction {tx} completed in {time}ms
66140,2026-01-14,16:03:49,INFO,WebServer,Page view: /home by u2232,E103,Page view: {page} by {user}
66141,2026-01-14,16:55:46,INFO,WebServer,Page view: /home by u3199,E103,Page view: {page} by {user}
66142,2026-01-14,16:20:18,INFO,WebServer,User u2071 login successful,E101,User {user} login successful
66143,2026-01-14,16:18:42,INFO,OrderProcessor,User u1906 login successful,E101,User {user} login successful
66144,2026-01-14,16:58:36,INFO,WebServer,Health check passed: WebServer,E102,Health check passed: {service}
66145,2026-01-14,16:35:10,INFO,WebServer,Transaction tx996632 completed in 1682ms,E104,Transaction {tx} completed in {time}ms
66146,2026-01-14,16:32:05,INFO,WebServer,Health check passed: WebServer,E102,Health check passed: {service}
66147,2026-01-14,16:18:02,INFO,WebServer,Transaction tx131695 completed in 1575ms,E104,Transaction {tx} completed in {time}ms
66148,2026-01-14,16:22:45,INFO,WebServer,Health check passed: WebServer,E102,Health check passed: {service}
66149,2026-01-14,16:07:28,INFO,WebServer,Transaction tx970503 completed in 1663ms,E104,Transaction {tx} completed in {time}ms
66150,2026-01-14,17:26:28,INFO,AuthService,Health check passed: AuthService,E102,Health check passed: {service}
66151,2026-01-14,17:42:43,INFO,WebServer,Health check passed: WebServer,E102,Health check passed: {service}
66152,2026-01-14,17:20:43,INFO,OrderProcessor,Page view: /home by u3095,E103,Page view: {page} by {user}
66153,2026-01-14,17:39:14,INFO,WebServer,Health check passed: WebServer,E102,Health check passed: {service}
66154,2026-01-14,17:37:16,WARN,AuthService,High latency (1875ms) detected on AuthService,E201,High latency ({time}ms) detected on {service}
66155,2026-01-14,17:09:11,INFO,WebServer,Transaction tx412811 completed in 1837ms,E104,Transaction {tx} completed in {time}ms
66156,2026-01-14,17:47:15,INFO,AuthService,Page view: /home by u4701,E103,Page view: {page} by {user}
66157,2026-01-14,17:19:45,WARN,WebServer,High latency (818ms) detected on WebServer,E201,High latency ({time}ms) detected on {service}
66158,2026-01-14,17:31:41,INFO,InventoryDB,Transaction tx761394 completed in 168ms,E104,Transaction {tx} completed in {time}ms
66159,2026-01-14,17:54:08,INFO,PaymentGateway,Page view: /home by u1387,E103,Page view: {page} by {user}
66160,2026-01-14,17:08:33,INFO,PaymentGateway,Page view: /home by u4005,E103,Page view: {page} by {user}
66161,2026-01-14,17:22:18,INFO,WebServer,Transaction tx630843 completed in 904ms,E104,Transaction {tx} completed in {time}ms
66162,2026-01-14,17:26:58,INFO,InventoryDB,Health check passed: InventoryDB,E102,Health check passed: {service}
66163,2026-01-14,17:13:07,INFO,WebServer,User u3859 login successful,E101,User {user} login successful
66164,2026-01-14,17:57:49,INFO,AuthService,Transaction tx385534 completed in 1655ms,E104,Transaction {tx} completed in {time}ms
66165,2026-01-14,17:32:30,INFO,AuthService,Page view: /home by u3527,E103,Page view: {page} by {user}
66166,2026-01-14,17:17:14,INFO,WebServer,Page view: /home by u4461,E103,Page view: {page} by {user}
66167,2026-01-14,17:04:31,INFO,WebServer,Page view: /home by u2132,E103,Page view: {page} by {user}
66168,2026-01-14,17:54:50,INFO,WebServer,Page view: /home by u1010,E103,Page view: {page} by {user}
66169,2026-01-14,17:17:15,INFO,WebServer,Health check passed: WebServer,E102,Health check passed: {service}
66170,2026-01-14,17:35:45,INFO,OrderProcessor,Transaction tx906515 completed in 951ms,E104,Transaction {tx} completed in {time}ms
66171,2026-01-14,17:35:17,INFO,AuthService,Transaction tx174936 completed in 1754ms,E104,Transaction {tx} completed in {time}ms
66172,2026-01-14,17:34:40,INFO,OrderProcessor,Health check passed: OrderProcessor,E102,Health check passed: {service}
66173,2026-01-14,17:44:10,INFO,InventoryDB,Page view: /home by u3448,E103,Page view: {page} by {user}
66174,2026-01-14,17:17:26,INFO,InventoryDB,User u4703 login successful,E101,User {user} login successful
66175,2026-01-14,17:36:00,INFO,OrderProcessor,Health check passed: OrderProcessor,E102,Health check passed: {service}
66176,2026-01-14,17:58:25,INFO,WebServer,Transaction tx374210 completed in 651ms,E104,Transaction {tx} completed in {time}ms
66177,2026-01-14,17:43:22,WARN,InventoryDB,High latency (961ms) detected on InventoryDB,E201,High latency ({time}ms) detected on {service}
66178,2026-01-14,17:33:38,WARN,AuthService,Disk usage > 85% on node node-2,E202,Disk usage > 85% on node {node}
66179,2026-01-14,17:35:03,INFO,WebServer,Transaction tx602954 completed in 1661ms,E104,Transaction {tx} completed in {time}ms
66180,2026-01-14,17:41:51,INFO,WebServer,Page view: /home by u2365,E103,Page view: {page} by {user}
66181,2026-01-14,17:54:10,INFO,PaymentGateway,User u1292 login successful,E101,User {user} login successful
66182,2026-01-14,17:38:02,INFO,WebServer,Page view: /home by u3851,E103,Page view: {page} by {user}
66183,2026-01-14,17:38:41,INFO,InventoryDB,Page view: /home by u2487,E103,Page view: {page} by {user}
66184,2026-01-14,17:50:49,INFO,WebServer,Page view: /home by u1860,E103,Page view: {page} by {user}
66185,2026-01-14,17:07:23,INFO,WebServer,User u1192 login successful,E101,User {user} login successful
66186,2026-01-14,17:18:39,INFO,OrderProcessor,Health check passed: OrderProcessor,E102,Health check passed: {service}
66187,2026-01-14,17:32:43,INFO,AuthService,User u2453 login successful,E101,User {user} login successful
66188,2026-01-14,17:09:10,INFO,WebServer,Page view: /home by u3000,E103,Page view: {page} by {user}
66189,2026-01-14,17:00:52,INFO,WebServer,User u1645 login successful,E101,User {user} login successful
66190,2026-01-14,17:59:54,INFO,WebServer,Page view: /home by u2927,E103,Page view: {page} by {user}
66191,2026-01-14,17:12:18,INFO,AuthService,User u1999 login successful,E101,User {user} login successful
66192,2026-01-14,17:13:41,INFO,InventoryDB,Transaction tx937489 completed in 648ms,E104,Transaction {tx} completed in {time}ms
66193,2026-01-14,17:19:29,INFO,WebServer,Transaction tx752094 completed in 1986ms,E104,Transaction {tx} completed in {time}ms
66194,2026-01-14,17:30:44,INFO,WebServer,Page view: /home by u3345,E103,Page view: {page} by {user}
66195,2026-01-14,17:02:09,INFO,OrderProcessor,User u1322 login successful,E101,User {user} login successful
66196,2026-01-14,17:58:29,INFO,AuthService,Health check passed: AuthService,E102,Health check passed: {service}
66197,2026-01-14,17:12:41,INFO,WebServer,Page view: /home by u4741,E103,Page view: {page} by {user}
66198,2026-01-14,17:59:19,INFO,WebServer,User u3433 login successful,E101,User {user} login successful
66199,2026-01-14,17:44:38,INFO,WebServer,User u2102 login successful,E101,User {user} login successful
66200,2026-01-14,17:50:41,INFO,AuthService,User u2673 login successful,E101,User {user} login successful
66201,2026-01-14,17:53:46,INFO,WebServer,Page view: /home by u3612,E103,Page view: {page} by {user}
66202,2026-01-14,17:41:08,INFO,WebServer,Transaction tx148648 completed in 998ms,E104,Transaction {tx} completed in {time}ms
66203,2026-01-14,17:19:31,INFO,OrderProcessor,User u3770 login successful,E101,User {user} login successful
66204,2026-01-14,17:17:39,INFO,WebServer,Health check passed: WebServer,E102,Health check passed: {service}
66205,2026-01-14,17:19:40,INFO,WebServer,Page view: /home by u3900,E103,Page view: {page} by {user}
66206,2026-01-14,17:33:49,INFO,PaymentGateway,Transaction tx475279 completed in 1804ms,E104,Transaction {tx} completed in {time}ms
66207,2026-01-14,17:43:44,INFO,WebServer,User u1423 login successful,E101,User {user} login successful
66208,2026-01-14,17:33:36,INFO,PaymentGateway,Page view: /home by u1307,E103,Page view: {page} by {user}
66209,2026-01-14,17:19:52,INFO,WebServer,User u3296 login successful,E101,User {user} login successful
66210,2026-01-14,17:21:10,INFO,AuthService,Transaction tx868971 completed in 483ms,E104,Transaction {tx} completed in {time}ms
66211,2026-01-14,17:01:44,INFO,WebServer,Page view: /home by u1404,E103,Page view: {page} by {user}
66212,2026-01-14,17:53:30,INFO,WebServer,Health check passed: WebServer,E102,Health check passed: {service}
66213,2026-01-14,17:29:42,INFO,AuthService,Health check passed: AuthService,E102,Health check passed: {service}
66214,2026-01-14,17:53:42,INFO,AuthService,Health check passed: AuthService,E102,Health check passed: {service}
66215,2026-01-14,17:08:25,INFO,OrderProcessor,Page view: /home by u3088,E103,Page view: {page} by {user}
66216,2026-01-14,17:33:13,INFO,InventoryDB,User u2442 login successful,E101,User {user} login successful
66217,2026-01-14,17:27:13,INFO,AuthService,Page view: /home by u4864,E103,Page view: {page} by {user}
66218,2026-01-14,17:23:51,INFO,WebServer,Health check passed: WebServer,E102,Health check passed: {service}
66219,2026-01-14,17:30:45,INFO,WebServer,User u3026 login successful,E101,User {user} login successful
66220,2026-01-14,17:58:17,INFO,WebServer,Transaction tx990702 completed in 234ms,E104,Transaction {tx} completed in {time}ms
66221,2026-01-14,17:35:57,INFO,WebServer,Page view: /home by u2639,E103,Page view: {page} by {user}
66222,2026-01-14,17:06:02,INFO,WebServer,User u2783 login successful,E101,User {user} login successful
66223,2026-01-14,17:10:13,INFO,WebServer,User u3484 login successful,E101,User {user} login successful
66224,2026-01-14,17:21:19,INFO,WebServer,Health check passed: WebServer,E102,Health check passed: {service}
66225,2026-01-14,17:16:45,INFO,AuthService,Page view: /home by u3620,E103,Page view: {page} by {user}
66226,2026-01-14,17:24:29,INFO,OrderProcessor,Transaction tx339814 completed in 533ms,E104,Transaction {tx} completed in {time}ms
66227,2026-01-14,17:41:14,INFO,OrderProcessor,User u2588 login successful,E101,User {user} login successful
66228,2026-01-14,17:26:23,INFO,WebServer,Page view: /home by u1374,E103,Page view: {page} by {user}
66229,2026-01-14,17:29:36,INFO,WebServer,Page view: /home by u3881,E103,Page view: {page} by {user}
66230,2026-01-14,17:00:45,INFO,WebServer,Page view: /home by u3171,E103,Page view: {page} by {user}
66231,2026-01-14,17:10:33,INFO,WebServer,User u4848 login successful,E101,User {user} login successful
66232,2026-01-14,17:26:39,INFO,WebServer,Health check passed: WebServer,E102,Health check passed: {service}
66233,2026-01-14,17:56:34,INFO,WebServer,User u3990 login successful,E101,User {user} login successful
66234,2026-01-14,17:50:11,INFO,PaymentGateway,Transaction tx253012 completed in 1594ms,E104,Transaction {tx} completed in {time}ms
66235,2026-01-14,17:46:24,INFO,WebServer,User u2954 login successful,E101,User {user} login successful
66236,2026-01-14,17:55:55,INFO,InventoryDB,Transaction tx243304 completed in 1837ms,E104,Transaction {tx} completed in {time}ms
66237,2026-01-14,17:28:30,WARN,WebServer,High latency (537ms) detected on WebServer,E201,High latency ({time}ms) detected on {service}
66238,2026-01-14,17:36:53,INFO,WebServer,Transaction tx746100 completed in 862ms,E104,Transaction {tx} completed in {time}ms
66239,2026-01-14,17:56:12,INFO,PaymentGateway,Health check passed: PaymentGateway,E102,Health check passed: {service}
66240,2026-01-14,17:58:44,INFO,OrderProcessor,Page view: /home by u4546,E103,Page view: {page} by {user}
66241,2026-01-14,17:15:53,INFO,AuthService,Page view: /home by u3305,E103,Page view: {page} by {user}
66242,2026-01-14,17:52:09,INFO,OrderProcessor,Page view: /home by u4423,E103,Page view: {page} by {user}
66243,2026-01-14,17:13:58,INFO,AuthService,User u2453 login successful,E101,User {user} login successful
66244,2026-01-14,17:04:02,INFO,WebServer,Health check passed: WebServer,E102,Health check passed: {service}
66245,2026-01-14,17:23:18,INFO,WebServer,User u1844 login successful,E101,User {user} login successful
66246,2026-01-14,17:50:02,INFO,PaymentGateway,User u1863 login successful,E101,User {user} login successful
66247,2026-01-14,17:46:04,INFO,InventoryDB,Page view: /home by u2547,E103,Page view: {page} by {user}
66248,2026-01-14,17:39:29,INFO,WebServer,Page view: /home by u1673,E103,Page view: {page} by {user}
66249,2026-01-14,17:03:55,INFO,PaymentGateway,Page view: /home by u4328,E103,Page view: {page} by {user}
66250,2026-01-14,17:21:13,INFO,WebServer,Health check passed: WebServer,E102,Health check passed: {service}
66251,2026-01-14,17:02:01,INFO,WebServer,Health check passed: WebServer,E102,Health check passed: {service}
66252,2026-01-14,17:30:59,INFO,PaymentGateway,Transaction tx261304 completed in 610ms,E104,Transaction {tx} completed in {time}ms
66253,2026-01-14,17:58:54,WARN,WebServer,High latency (1160ms) detected on WebServer,E201,High latency ({time}ms) detected on {service}
66254,2026-01-14,17:47:09,INFO,WebServer,Page view: /home by u3664,E103,Page view: {page} by {user}
66255,2026-01-14,17:38:14,INFO,WebServer,User u4256 login successful,E101,User {user} login successful
66256,2026-01-14,17:51:45,WARN,InventoryDB,High latency (1162ms) detected on InventoryDB,E201,High latency ({time}ms) detected on {service}
66257,2026-01-14,17:05:14,INFO,WebServer,Transaction tx718692 completed in 62ms,E104,Transaction {tx} completed in {time}ms
66258,2026-01-14,17:27:43,INFO,WebServer,Page view: /home by u1088,E103,Page view: {page} by {user}
66259,2026-01-14,17:25:16,INFO,WebServer,Page view: /home by u2788,E103,Page view: {page} by {user}
66260,2026-01-14,17:03:55,INFO,AuthService,Health check passed: AuthService,E102,Health check passed: {service}
66261,2026-01-14,17:48:48,INFO,WebServer,Page view: /home by u4559,E103,Page view: {page} by {user}
66262,2026-01-14,17:57:24,INFO,WebServer,Page view: /home by u1988,E103,Page view: {page} by {user}
66263,2026-01-14,17:49:16,INFO,WebServer,User u2271 login successful,E101,User {user} login successful
66264,2026-01-14,17:44:42,INFO,PaymentGateway,Transaction tx353067 completed in 375ms,E104,Transaction {tx} completed in {time}ms
66265,2026-01-14,17:26:17,INFO,WebServer,Health check passed: WebServer,E102,Health check passed: {service}
66266,2026-01-14,17:17:58,INFO,OrderProcessor,Transaction tx350397 completed in 1597ms,E104,Transaction {tx} completed in {time}ms
66267,2026-01-14,17:25:27,INFO,WebServer,User u4014 login successful,E101,User {user} login successful
66268,2026-01-14,17:41:43,INFO,OrderProcessor,Health check passed: OrderProcessor,E102,Health check passed: {service}
66269,2026-01-14,17:35:24,INFO,OrderProcessor,User u2308 login successful,E101,User {user} login successful
66270,2026-01-14,17:51:35,INFO,WebServer,User u2318 login successful,E101,User {user} login successful
66271,2026-01-14,17:21:29,INFO,WebServer,Health check passed: WebServer,E102,Health check passed: {service}
66272,2026-01-14,17:33:31,INFO,AuthService,Health check passed: AuthService,E102,Health check passed: {service}
66273,2026-01-14,17:18:15,INFO,WebServer,Transaction tx486223 completed in 1346ms,E104,Transaction {tx} completed in {time}ms
66274,2026-01-14,17:56:58,INFO,AuthService,Health check passed: AuthService,E102,Health check passed: {service}
66275,2026-01-14,17:17:47,INFO,OrderProcessor,Transaction tx975367 completed in 556ms,E104,Transaction {tx} completed in {time}ms
66276,2026-01-14,17:31:08,INFO,WebServer,Health check passed: WebServer,E102,Health check passed: {service}
66277,2026-01-14,17:29:27,INFO,WebServer,User u4292 login successful,E101,User {user} login successful
66278,2026-01-14,17:07:01,INFO,AuthService,Page view: /home by u3586,E103,Page view: {page} by {user}
66279,2026-01-14,17:24:51,WARN,OrderProcessor,High latency (1352ms) detected on OrderProcessor,E201,High latency ({time}ms) detected on {service}
66280,2026-01-14,17:33:12,INFO,OrderProcessor,Transaction tx977673 completed in 431ms,E104,Transaction {tx} completed in {time}ms
66281,2026-01-14,17:12:58,INFO,WebServer,User u2134 login successful,E101,User {user} login successful
66282,2026-01-14,17:48:04,INFO,OrderProcessor,User u3071 login successful,E101,User {user} login successful
66283,2026-01-14,17:54:41,INFO,WebServer,Transaction tx797788 completed in 595ms,E104,Transaction {tx} completed in {time}ms
66284,2026-01-14,17:28:32,INFO,OrderProcessor,Health check passed: OrderProcessor,E102,Health check passed: {service}
66285,2026-01-14,17:02:09,INFO,WebServer,Transaction tx195213 completed in 964ms,E104,Transaction {tx} completed in {time}ms
66286,2026-01-14,17:43:45,INFO,InventoryDB,Transaction tx602078 completed in 1197ms,E104,Transaction {tx} completed in {time}ms
66287,2026-01-14,17:49:28,INFO,PaymentGateway,Page view: /home by u4792,E103,Page view: {page} by {user}
66288,2026-01-14,17:34:39,INFO,WebServer,User u3423 login successful,E101,User {user} login successful
66289,2026-01-14,17:30:21,INFO,PaymentGateway,Transaction tx837331 completed in 1612ms,E104,Transaction {tx} completed in {time}ms
66290,2026-01-14,17:25:57,WARN,WebServer,Disk usage > 85% on node node-2,E202,Disk usage > 85% on node {node}
66291,2026-01-14,17:39:42,INFO,OrderProcessor,Transaction tx628610 completed in 1898ms,E104,Transaction {tx} completed in {time}ms
66292,2026-01-14,17:40:37,INFO,WebServer,Page view: /home by u1899,E103,Page view: {page} by {user}
66293,2026-01-14,17:19:25,INFO,OrderProcessor,User u2111 login successful,E101,User {user} login successful
66294,2026-01-14,17:29:04,INFO,AuthService,Transaction tx165236 completed in 1682ms,E104,Transaction {tx} completed in {time}ms
66295,2026-01-14,17:29:41,INFO,PaymentGateway,Health check passed: PaymentGateway,E102,Health check passed: {service}
66296,2026-01-14,17:03:55,INFO,PaymentGateway,User u3108 login successful,E101,User {user} login successful
66297,2026-01-14,17:59:15,INFO,AuthService,Health check passed: AuthService,E102,Health check passed: {service}
66298,2026-01-14,17:25:40,INFO,WebServer,Page view: /home by u4291,E103,Page view: {page} by {user}
66299,2026-01-14,17:45:06,INFO,WebServer,Page view: /home by u4762,E103,Page view: {page} by {user}
66300,2026-01-14,17:44:54,INFO,WebServer,Transaction tx365821 completed in 1821ms,E104,Transaction {tx} completed in {time}ms
66301,2026-01-14,17:15:03,INFO,OrderProcessor,User u3494 login successful,E101,User {user} login successful
66302,2026-01-14,17:55:33,INFO,AuthService,Transaction tx153040 completed in 1414ms,E104,Transaction {tx} completed in {time}ms
66303,2026-01-14,17:02:04,INFO,OrderProcessor,Health check passed: OrderProcessor,E102,Health check passed: {service}
66304,2026-01-14,17:28:43,INFO,WebServer,Health check passed: WebServer,E102,Health check passed: {service}
66305,2026-01-14,17:25:29,INFO,InventoryDB,Transaction tx659700 completed in 1606ms,E104,Transaction {tx} completed in {time}ms
66306,2026-01-14,17:29:31,INFO,OrderProcessor,Transaction tx691130 completed in 371ms,E104,Transaction {tx} completed in {time}ms
66307,2026-01-14,17:23:35,INFO,OrderProcessor,User u1039 login successful,E101,User {user} login successful
66308,2026-01-14,17:51:22,INFO,WebServer,Transaction tx297009 completed in 1010ms,E104,Transaction {tx} completed in {time}ms
66309,2026-01-14,17:08:20,INFO,OrderProcessor,Health check passed: OrderProcessor,E102,Health check passed: {service}
66310,2026-01-14,17:49:45,INFO,WebServer,Health check passed: WebServer,E102,Health check passed: {service}
66311,2026-01-14,17:13:48,INFO,WebServer,Transaction tx241815 completed in 299ms,E104,Transaction {tx} completed in {time}ms
66312,2026-01-14,17:42:32,ERROR,OrderProcessor,Connection refused to OrderProcessor at 10.0.0.12,E501,Connection refused to {service} at {ip}
66313,2026-01-14,17:55:23,INFO,WebServer,Page view: /home by u1413,E103,Page view: {page} by {user}
66314,2026-01-14,17:38:10,INFO,OrderProcessor,User u1181 login successful,E101,User {user} login successful
66315,2026-01-14,17:36:34,INFO,WebServer,Transaction tx866379 completed in 647ms,E104,Transaction {tx} completed in {time}ms
66316,2026-01-14,17:26:50,INFO,WebServer,Page view: /home by u2348,E103,Page view: {page} by {user}
66317,2026-01-14,17:10:23,INFO,WebServer,Page view: /home by u4469,E103,Page view: {page} by {user}
66318,2026-01-14,17:01:37,INFO,WebServer,Transaction tx942512 completed in 1410ms,E104,Transaction {tx} completed in {time}ms
66319,2026-01-14,17:49:44,INFO,WebServer,Page view: /home by u2310,E103,Page view: {page} by {user}
66320,2026-01-14,17:33:50,INFO,WebServer,User u1596 login successful,E101,User {user} login successful
66321,2026-01-14,17:22:46,INFO,AuthService,Transaction tx862444 completed in 1494ms,E104,Transaction {tx} completed in {time}ms
66322,2026-01-14,17:06:06,INFO,PaymentGateway,Health check passed: PaymentGateway,E102,Health check passed: {service}
66323,2026-01-14,17:05:08,INFO,WebServer,Page view: /home by u4326,E103,Page view: {page} by {user}
66324,2026-01-14,17:46:12,INFO,WebServer,Health check passed: WebServer,E102,Health check passed: {service}
66325,2026-01-14,17:09:41,INFO,PaymentGateway,Page view: /home by u3835,E103,Page view: {page} by {user}
66326,2026-01-14,17:34:35,INFO,AuthService,Transaction tx706357 completed in 717ms,E104,Transaction {tx} completed in {time}ms
66327,2026-01-14,17:58:34,WARN,PaymentGateway,Unauthorized access attempt from 10.0.0.45,E401,Unauthorized access attempt from {ip}
66328,2026-01-14,17:18:56,ERROR,AuthService,Timeout waiting for lock on InventoryDB,E502,Timeout waiting for lock on {db}
66329,2026-01-14,17:14:49,INFO,InventoryDB,Transaction tx207111 completed in 1157ms,E104,Transaction {tx} completed in {time}ms
66330,2026-01-14,17:00:49,INFO,WebServer,User u1513 login successful,E101,User {user} login successful
66331,2026-01-14,17:01:47,INFO,WebServer,Page view: /home by u2759,E103,Page view: {page} by {user}
66332,2026-01-14,17:51:28,INFO,AuthService,User u3876 login successful,E101,User {user} login successful
66333,2026-01-14,17:41:14,INFO,PaymentGateway,Health check passed: PaymentGateway,E102,Health check passed: {service}
66334,2026-01-14,17:31:05,INFO,PaymentGateway,Health check passed: PaymentGateway,E102,Health check passed: {service}
66335,2026-01-14,17:07:53,INFO,AuthService,User u1268 login successful,E101,User {user} login successful
66336,2026-01-14,17:46:48,INFO,OrderProcessor,Transaction tx982436 completed in 233ms,E104,Transaction {tx} completed in {time}ms
66337,2026-01-14,17:45:45,INFO,WebServer,Page view: /home by u1638,E103,Page view: {page} by {user}
66338,2026-01-14,17:39:47,INFO,AuthService,Page view: /home by u1032,E103,Page view: {page} by {user}
66339,2026-01-14,17:19:10,WARN,AuthService,Disk usage > 85% on node node-4,E202,Disk usage > 85% on node {node}
66340,2026-01-14,17:52:25,INFO,WebServer,Transaction tx310481 completed in 702ms,E104,Transaction {tx} completed in {time}ms
66341,2026-01-14,17:36:39,INFO,WebServer,Transaction tx507227 completed in 1609ms,E104,Transaction {tx} completed in {time}ms
66342,2026-01-14,17:14:49,WARN,OrderProcessor,Unauthorized access attempt from 10.0.0.12,E401,Unauthorized access attempt from {ip}
66343,2026-01-14,17:23:15,INFO,WebServer,Transaction tx778104 completed in 979ms,E104,Transaction {tx} completed in {time}ms
66344,2026-01-14,17:56:16,INFO,WebServer,User u1269 login successful,E101,User {user} login successful
66345,2026-01-14,17:02:45,INFO,WebServer,Health check passed: WebServer,E102,Health check passed: {service}
66346,2026-01-14,17:42:39,INFO,PaymentGateway,Transaction tx374238 completed in 41ms,E104,Transaction {tx} completed in {time}ms
66347,2026-01-14,17:37:08,INFO,WebServer,Health check passed: WebServer,E102,Health check passed: {service}
66348,2026-01-14,17:05:58,ERROR,WebServer,Payment declined: Gateway unavailable,E503,Payment declined: Gateway unavailable
66349,2026-01-14,17:47:30,INFO,WebServer,Page view: /home by u1201,E103,Page view: {page} by {user}
66350,2026-01-14,17:03:04,INFO,WebServer,User u4085 login successful,E101,User {user} login successful
66351,2026-01-14,17:42:42,INFO,WebServer,User u4745 login successful,E101,User {user} login successful
66352,2026-01-14,17:47:12,INFO,WebServer,Health check passed: WebServer,E102,Health check passed: {service}
66353,2026-01-14,17:36:48,INFO,WebServer,User u3190 login successful,E101,User {user} login successful
66354,2026-01-14,17:21:08,INFO,WebServer,User u2202 login successful,E101,User {user} login successful
66355,2026-01-14,17:49:13,INFO,WebServer,Transaction tx773736 completed in 1557ms,E104,Transaction {tx} completed in {time}ms
66356,2026-01-14,17:19:48,INFO,OrderProcessor,User u2331 login successful,E101,User {user} login successful
66357,2026-01-14,17:59:05,INFO,WebServer,Page view: /home by u4488,E103,Page view: {page} by {user}
66358,2026-01-14,17:45:22,INFO,AuthService,Health check passed: AuthService,E102,Health check passed: {service}
66359,2026-01-14,17:14:18,INFO,OrderProcessor,User u2555 login successful,E101,User {user} login successful
66360,2026-01-14,17:11:43,INFO,PaymentGateway,Page view: /home by u1010,E103,Page view: {page} by {user}
66361,2026-01-14,17:34:44,INFO,OrderProcessor,User u3412 login successful,E101,User {user} login successful
66362,2026-01-14,17:19:11,INFO,PaymentGateway,Transaction tx764753 completed in 1197ms,E104,Transaction {tx} completed in {time}ms
66363,2026-01-14,17:47:05,INFO,WebServer,Transaction tx106387 completed in 227ms,E104,Transaction {tx} completed in {time}ms
66364,2026-01-14,17:00:13,INFO,AuthService,Health check passed: AuthService,E102,Health check passed: {service}
66365,2026-01-14,17:58:27,INFO,PaymentGateway,Health check passed: PaymentGateway,E102,Health check passed: {service}
66366,2026-01-14,17:06:48,INFO,WebServer,Transaction tx152912 completed in 43ms,E104,Transaction {tx} completed in {time}ms
66367,2026-01-14,17:11:38,INFO,InventoryDB,Health check passed: InventoryDB,E102,Health check passed: {service}
66368,2026-01-14,17:17:47,WARN,AuthService,Disk usage > 85% on node node-3,E202,Disk usage > 85% on node {node}
66369,2026-01-14,17:39:44,INFO,WebServer,Health check passed: WebServer,E102,Health check passed: {service}
66370,2026-01-14,17:07:39,INFO,AuthService,Page view: /home by u3700,E103,Page view: {page} by {user}
66371,2026-01-14,17:02:52,INFO,AuthService,Transaction tx829702 completed in 347ms,E104,Transaction {tx} completed in {time}ms
66372,2026-01-14,17:41:05,INFO,AuthService,User u2179 login successful,E101,User {user} login successful
66373,2026-01-14,17:40:07,INFO,PaymentGateway,Page view: /home by u3858,E103,Page view: {page} by {user}
66374,2026-01-14,17:33:18,INFO,InventoryDB,Page view: /home by u4570,E103,Page view: {page} by {user}
66375,2026-01-14,17:26:42,INFO,WebServer,Transaction tx218194 completed in 793ms,E104,Transaction {tx} completed in {time}ms
66376,2026-01-14,17:23:13,INFO,PaymentGateway,User u2297 login successful,E101,User {user} login successful
66377,2026-01-14,17:35:17,INFO,PaymentGateway,Health check passed: PaymentGateway,E102,Health check passed: {service}
66378,2026-01-14,17:33:10,INFO,WebServer,Page view: /home by u3832,E103,Page view: {page} by {user}
66379,2026-01-14,17:14:20,INFO,AuthService,Health check passed: AuthService,E102,Health check passed: {service}
66380,2026-01-14,17:01:42,INFO,WebServer,Page view: /home by u1952,E103,Page view: {page} by {user}
66381,2026-01-14,17:32:34,INFO,InventoryDB,User u2444 login successful,E101,User {user} login successful
66382,2026-01-14,17:01:25,INFO,OrderProcessor,Transaction tx756315 completed in 618ms,E104,Transaction {tx} completed in {time}ms
66383,2026-01-14,17:44:56,INFO,OrderProcessor,Health check passed: OrderProcessor,E102,Health check passed: {service}
66384,2026-01-14,17:38:06,INFO,PaymentGateway,Transaction tx192356 completed in 754ms,E104,Transaction {tx} completed in {time}ms
66385,2026-01-14,17:19:38,INFO,WebServer,Page view: /home by u2780,E103,Page view: {page} by {user}
66386,2026-01-14,17:41:04,INFO,WebServer,User u4089 login successful,E101,User {user} login successful
66387,2026-01-14,17:33:43,INFO,WebServer,Health check passed: WebServer,E102,Health check passed: {service}
66388,2026-01-14,17:21:46,INFO,AuthService,Health check passed: AuthService,E102,Health check passed: {service}
66389,2026-01-14,17:06:32,INFO,WebServer,Transaction tx561442 completed in 1072ms,E104,Transaction {tx} completed in {time}ms
66390,2026-01-14,17:06:09,INFO,OrderProcessor,Page view: /home by u3802,E103,Page view: {page} by {user}
66391,2026-01-14,17:20:09,INFO,WebServer,Transaction tx657109 completed in 560ms,E104,Transaction {tx} completed in {time}ms
66392,2026-01-14,17:49:57,INFO,WebServer,Page view: /home by u1859,E103,Page view: {page} by {user}
66393,2026-01-14,17:36:59,WARN,WebServer,Disk usage > 85% on node node-3,E202,Disk usage > 85% on node {node}
66394,2026-01-14,17:02:54,INFO,WebServer,Transaction tx255509 completed in 1375ms,E104,Transaction {tx} completed in {time}ms
66395,2026-01-14,17:07:51,INFO,WebServer,Transaction tx869589 completed in 1420ms,E104,Transaction {tx} completed in {time}ms
66396,2026-01-14,17:27:30,INFO,WebServer,Health check passed: WebServer,E102,Health check passed: {service}
66397,2026-01-14,17:20:38,INFO,WebServer,Health check passed: WebServer,E102,Health check passed: {service}
66398,2026-01-14,17:06:35,INFO,PaymentGateway,User u4267 login successful,E101,User {user} login successful
66399,2026-01-14,17:00:03,INFO,AuthService,Health check passed: AuthService,E102,Health check passed: {service}
66400,2026-01-14,17:58:14,INFO,WebServer,Page view: /home by u3757,E103,Page view: {page} by {user}
66401,2026-01-14,17:38:23,INFO,WebServer,User u2957 login successful,E101,User {user} login successful
66402,2026-01-14,17:50:18,INFO,OrderProcessor,Health check passed: OrderProcessor,E102,Health check passed: {service}
66403,2026-01-14,17:05:59,INFO,AuthService,Transaction tx491259 completed in 811ms,E104,Transaction {tx} completed in {time}ms
66404,2026-01-14,17:44:41,INFO,InventoryDB,Transaction tx992402 completed in 1271ms,E104,Transaction {tx} completed in {time}ms
66405,2026-01-14,17:07:54,INFO,OrderProcessor,Health check passed: OrderProcessor,E102,Health check passed: {service}
66406,2026-01-14,17:30:21,INFO,WebServer,Health check passed: WebServer,E102,Health check passed: {service}
66407,2026-01-14,17:07:17,INFO,WebServer,Transaction tx467530 completed in 1126ms,E104,Transaction {tx} completed in {time}ms
66408,2026-01-14,17:30:01,INFO,WebServer,User u3733 login successful,E101,User {user} login successful
66409,2026-01-14,17:40:09,INFO,WebServer,User u3173 login successful,E101,User {user} login successful
66410,2026-01-14,17:07:44,INFO,WebServer,Health check passed: WebServer,E102,Health check passed: {service}
66411,2026-01-14,17:39:14,INFO,WebServer,Transaction tx908788 completed in 330ms,E104,Transaction {tx} completed in {time}ms
66412,2026-01-14,17:15:10,INFO,WebServer,Transaction tx774058 completed in 42ms,E104,Transaction {tx} completed in {time}ms
66413,2026-01-14,17:17:40,INFO,InventoryDB,Page view: /home by u2790,E103,Page view: {page} by {user}
66414,2026-01-14,17:58:38,INFO,AuthService,Health check passed: AuthService,E102,Health check passed: {service}
66415,2026-01-14,17:54:04,INFO,WebServer,User u2983 login successful,E101,User {user} login successful
66416,2026-01-14,17:36:06,INFO,WebServer,Health check passed: WebServer,E102,Health check passed: {service}
66417,2026-01-14,17:23:51,WARN,WebServer,Unauthorized access attempt from 10.0.0.10,E401,Unauthorized access attempt from {ip}
66418,2026-01-14,17:05:29,INFO,OrderProcessor,Transaction tx203608 completed in 1739ms,E104,Transaction {tx} completed in {time}ms
66419,2026-01-14,17:32:49,INFO,InventoryDB,Health check passed: InventoryDB,E102,Health check passed: {service}
66420,2026-01-14,17:06:31,INFO,OrderProcessor,User u3110 login successful,E101,User {user} login successful
66421,2026-01-14,17:48:47,INFO,WebServer,User u1043 login successful,E101,User {user} login successful
66422,2026-01-14,17:30:12,INFO,WebServer,Transaction tx259787 completed in 26ms,E104,Transaction {tx} completed in {time}ms
66423,2026-01-14,17:26:02,INFO,PaymentGateway,Page view: /home by u4220,E103,Page view: {page} by {user}
66424,2026-01-14,17:31:35,INFO,WebServer,Health check passed: WebServer,E102,Health check passed: {service}
66425,2026-01-14,17:58:43,INFO,PaymentGateway,User u3310 login successful,E101,User {user} login successful
66426,2026-01-14,17:37:53,INFO,AuthService,User u3187 login successful,E101,User {user} login successful
66427,2026-01-14,17:15:11,WARN,AuthService,Disk usage > 85% on node node-5,E202,Disk usage > 85% on node {node}
66428,2026-01-14,17:47:23,INFO,AuthService,Health check passed: AuthService,E102,Health check passed: {service}
66429,2026-01-14,17:30:49,INFO,PaymentGateway,Transaction tx409754 completed in 178ms,E104,Transaction {tx} completed in {time}ms
66430,2026-01-14,17:18:40,INFO,WebServer,Transaction tx826022 completed in 1042ms,E104,Transaction {tx} completed in {time}ms
66431,2026-01-14,17:59:59,INFO,WebServer,User u1090 login successful,E101,User {user} login successful
66432,2026-01-14,17:08:02,INFO,AuthService,Page view: /home by u2874,E103,Page view: {page} by {user}
66433,2026-01-14,17:30:17,INFO,AuthService,Page view: /home by u3268,E103,Page view: {page} by {user}
66434,2026-01-14,17:16:27,INFO,AuthService,Page view: /home by u4505,E103,Page view: {page} by {user}
66435,2026-01-14,17:25:36,INFO,AuthService,Transaction tx517020 completed in 1267ms,E104,Transaction {tx} completed in {time}ms
66436,2026-01-14,17:21:30,INFO,AuthService,User u4530 login successful,E101,User {user} login successful
66437,2026-01-14,17:33:15,INFO,OrderProcessor,Page view: /home by u2753,E103,Page view: {page} by {user}
66438,2026-01-14,17:19:33,INFO,WebServer,User u1684 login successful,E101,User {user} login successful
66439,2026-01-14,17:12:47,INFO,WebServer,User u2368 login successful,E101,User {user} login successful
66440,2026-01-14,17:09:23,INFO,WebServer,Transaction tx189963 completed in 1748ms,E104,Transaction {tx} completed in {time}ms
66441,2026-01-14,17:28:07,INFO,InventoryDB,User u4555 login successful,E101,User {user} login successful
66442,2026-01-14,17:54:20,INFO,WebServer,Transaction tx829922 completed in 1108ms,E104,Transaction {tx} completed in {time}ms
66443,2026-01-14,17:32:01,INFO,AuthService,Health check passed: AuthService,E102,Health check passed: {service}
66444,2026-01-14,17:54:57,INFO,WebServer,User u2964 login successful,E101,User {user} login successful
66445,2026-01-14,17:20:35,INFO,WebServer,Health check passed: WebServer,E102,Health check passed: {service}
66446,2026-01-14,17:36:39,INFO,WebServer,Health check passed: WebServer,E102,Health check passed: {service}
66447,2026-01-14,17:26:40,ERROR,OrderProcessor,Payment declined: Gateway unavailable,E503,Payment declined: Gateway unavailable
66448,2026-01-14,17:57:16,INFO,PaymentGateway,Transaction tx184837 completed in 1221ms,E104,Transaction {tx} completed in {time}ms
66449,2026-01-14,17:00:00,INFO,OrderProcessor,Page view: /home by u4008,E103,Page view: {page} by {user}
66450,2026-01-14,17:30:28,WARN,WebServer,Disk usage > 85% on node node-5,E202,Disk usage > 85% on node {node}
66451,2026-01-14,17:55:25,INFO,WebServer,Transaction tx463572 completed in 630ms,E104,Transaction {tx} completed in {time}ms
66452,2026-01-14,17:29:09,ERROR,PaymentGateway,Payment declined: Gateway unavailable,E503,Payment declined: Gateway unavailable
66453,2026-01-14,17:42:45,INFO,PaymentGateway,User u4601 login successful,E101,User {user} login successful
66454,2026-01-14,17:29:08,INFO,AuthService,Page view: /home by u4866,E103,Page view: {page} by {user}
66455,2026-01-14,17:59:58,INFO,OrderProcessor,Page view: /home by u4471,E103,Page view: {page} by {user}
66456,2026-01-14,17:04:07,INFO,InventoryDB,Transaction tx227514 completed in 593ms,E104,Transaction {tx} completed in {time}ms
66457,2026-01-14,17:12:44,INFO,AuthService,Transaction tx563557 completed in 930ms,E104,Transaction {tx} completed in {time}ms
66458,2026-01-14,17:52:38,INFO,PaymentGateway,User u2874 login successful,E101,User {user} login successful
66459,2026-01-14,17:36:35,INFO,WebServer,Transaction tx639625 completed in 647ms,E104,Transaction {tx} completed in {time}ms
66460,2026-01-14,17:05:58,WARN,PaymentGateway,Disk usage > 85% on node node-5,E202,Disk usage > 85% on node {node}
66461,2026-01-14,17:22:17,WARN,WebServer,High latency (86ms) detected on WebServer,E201,High latency ({time}ms) detected on {service}
66462,2026-01-14,17:37:16,INFO,WebServer,Health check passed: WebServer,E102,Health check passed: {service}
66463,2026-01-14,17:30:43,INFO,WebServer,Page view: /home by u3652,E103,Page view: {page} by {user}
66464,2026-01-14,17:43:40,INFO,PaymentGateway,Transaction tx440520 completed in 1022ms,E104,Transaction {tx} completed in {time}ms
66465,2026-01-14,17:01:24,INFO,WebServer,Health check passed: WebServer,E102,Health check passed: {service}
66466,2026-01-14,17:38:56,INFO,AuthService,Transaction tx599811 completed in 864ms,E104,Transaction {tx} completed in {time}ms
66467,2026-01-14,17:19:53,INFO,WebServer,User u3820 login successful,E101,User {user} login successful
66468,2026-01-14,17:48:26,INFO,OrderProcessor,Health check passed: OrderProcessor,E102,Health check passed: {service}
66469,2026-01-14,17:20:20,INFO,AuthService,Transaction tx690442 completed in 141ms,E104,Transaction {tx} completed in {time}ms
66470,2026-01-14,17:58:40,INFO,WebServer,Transaction tx438574 completed in 350ms,E104,Transaction {tx} completed in {time}ms
66471,2026-01-14,17:12:58,INFO,PaymentGateway,Health check passed: PaymentGateway,E102,Health check passed: {service}
66472,2026-01-14,17:51:43,INFO,WebServer,User u2057 login successful,E101,User {user} login successful
66473,2026-01-14,17:49:47,INFO,WebServer,Health check passed: WebServer,E102,Health check passed: {service}
66474,2026-01-14,17:19:50,ERROR,OrderProcessor,Connection refused to OrderProcessor at 10.0.0.45,E501,Connection refused to {service} at {ip}
66475,2026-01-14,17:55:28,INFO,WebServer,User u4821 login successful,E101,User {user} login successful
66476,2026-01-14,17:04:06,INFO,WebServer,Health check passed: WebServer,E102,Health check passed: {service}
66477,2026-01-14,17:39:48,INFO,AuthService,User u3312 login successful,E101,User {user} login successful
66478,2026-01-14,17:52:52,INFO,PaymentGateway,User u3109 login successful,E101,User {user} login successful
66479,2026-01-14,17:56:50,INFO,WebServer,Transaction tx497052 completed in 1775ms,E104,Transaction {tx} completed in {time}ms
66480,2026-01-14,17:51:41,INFO,PaymentGateway,User u3176 login successful,E101,User {user} login successful
66481,2026-01-14,17:11:18,INFO,PaymentGateway,Transaction tx914066 completed in 61ms,E104,Transaction {tx} completed in {time}ms
66482,2026-01-14,17:14:01,WARN,WebServer,High latency (186ms) detected on WebServer,E201,High latency ({time}ms) detected on {service}
66483,2026-01-14,17:30:18,INFO,OrderProcessor,Health check passed: OrderProcessor,E102,Health check passed: {service}
66484,2026-01-14,17:12:44,INFO,WebServer,Transaction tx919270 completed in 37ms,E104,Transaction {tx} completed in {time}ms
66485,2026-01-14,17:49:33,INFO,AuthService,Page view: /home by u2595,E103,Page view: {page} by {user}
66486,2026-01-14,17:02:08,INFO,OrderProcessor,Health check passed: OrderProcessor,E102,Health check passed: {service}
66487,2026-01-14,17:15:40,INFO,AuthService,Transaction tx547069 completed in 237ms,E104,Transaction {tx} completed in {time}ms
66488,2026-01-14,17:46:29,WARN,WebServer,Disk usage > 85% on node node-1,E202,Disk usage > 85% on node {node}
66489,2026-01-14,17:44:13,INFO,WebServer,Transaction tx304688 completed in 1082ms,E104,Transaction {tx} completed in {time}ms
66490,2026-01-14,17:42:18,INFO,WebServer,User u2621 login successful,E101,User {user} login successful
66491,2026-01-14,17:48:52,INFO,WebServer,User u1386 login successful,E101,User {user} login successful
66492,2026-01-14,17:43:30,INFO,WebServer,Transaction tx621284 completed in 1838ms,E104,Transaction {tx} completed in {time}ms
66493,2026-01-14,17:08:29,INFO,AuthService,Health check passed: AuthService,E102,Health check passed: {service}
66494,2026-01-14,17:07:20,INFO,WebServer,Transaction tx437182 completed in 1729ms,E104,Transaction {tx} completed in {time}ms
66495,2026-01-14,17:57:23,INFO,WebServer,User u2363 login successful,E101,User {user} login successful
66496,2026-01-14,17:36:31,INFO,WebServer,Health check passed: WebServer,E102,Health check passed: {service}
66497,2026-01-14,17:17:21,INFO,WebServer,Transaction tx455235 completed in 1924ms,E104,Transaction {tx} completed in {time}ms
66498,2026-01-14,17:51:26,INFO,OrderProcessor,User u4044 login successful,E101,User {user} login successful
66499,2026-01-14,17:44:54,INFO,WebServer,Health check passed: WebServer,E102,Health check passed: {service}
66500,2026-01-14,17:16:01,INFO,PaymentGateway,Transaction tx291784 completed in 642ms,E104,Transaction {tx} completed in {time}ms
66501,2026-01-14,17:55:08,INFO,WebServer,User u2527 login successful,E101,User {user} login successful
66502,2026-01-14,17:29:02,INFO,WebServer,Health check passed: WebServer,E102,Health check passed: {service}
66503,2026-01-14,17:25:40,INFO,AuthService,Health check passed: AuthService,E102,Health check passed: {service}
66504,2026-01-14,17:37:51,INFO,OrderProcessor,Health check passed: OrderProcessor,E102,Health check passed: {service}
66505,2026-01-14,17:31:52,INFO,WebServer,Health check passed: WebServer,E102,Health check passed: {service}
66506,2026-01-14,17:34:53,INFO,WebServer,Health check passed: WebServer,E102,Health check passed: {service}
66507,2026-01-14,17:26:41,INFO,WebServer,Health check passed: WebServer,E102,Health check passed: {service}
66508,2026-01-14,17:05:38,INFO,WebServer,User u1918 login successful,E101,User {user} login successful
66509,2026-01-14,17:08:14,INFO,PaymentGateway,User u3299 login successful,E101,User {user} login successful
66510,2026-01-14,17:24:47,INFO,WebServer,Page view: /home by u3348,E103,Page view: {page} by {user}
66511,2026-01-14,17:18:45,INFO,WebServer,Transaction tx468635 completed in 1143ms,E104,Transaction {tx} completed in {time}ms
66512,2026-01-14,17:10:24,WARN,WebServer,Disk usage > 85% on node node-4,E202,Disk usage > 85% on node {node}
66513,2026-01-14,17:00:02,INFO,OrderProcessor,Health check passed: OrderProcessor,E102,Health check passed: {service}
66514,2026-01-14,17:25:05,INFO,OrderProcessor,User u2379 login successful,E101,User {user} login successful
66515,2026-01-14,17:55:52,INFO,WebServer,Transaction tx421197 completed in 1376ms,E104,Transaction {tx} completed in {time}ms
66516,2026-01-14,17:27:03,INFO,WebServer,Health check passed: WebServer,E102,Health check passed: {service}
66517,2026-01-14,17:51:39,INFO,WebServer,Transaction tx450051 completed in 508ms,E104,Transaction {tx} completed in {time}ms
66518,2026-01-14,17:56:37,INFO,WebServer,User u2462 login successful,E101,User {user} login successful
66519,2026-01-14,17:14:47,INFO,AuthService,Page view: /home by u1752,E103,Page view: {page} by {user}
66520,2026-01-14,17:11:25,INFO,OrderProcessor,Transaction tx301663 completed in 1630ms,E104,Transaction {tx} completed in {time}ms
66521,2026-01-14,17:36:12,INFO,AuthService,Transaction tx740824 completed in 947ms,E104,Transaction {tx} completed in {time}ms
66522,2026-01-14,17:56:54,INFO,OrderProcessor,Health check passed: OrderProcessor,E102,Health check passed: {service}
66523,2026-01-14,17:44:23,INFO,WebServer,Page view: /home by u3487,E103,Page view: {page} by {user}
66524,2026-01-14,17:19:46,INFO,WebServer,Health check passed: WebServer,E102,Health check passed: {service}
66525,2026-01-14,17:57:05,INFO,WebServer,Health check passed: WebServer,E102,Health check passed: {service}
66526,2026-01-14,17:40:56,INFO,WebServer,Health check passed: WebServer,E102,Health check passed: {service}
66527,2026-01-14,17:21:56,INFO,WebServer,Health check passed: WebServer,E102,Health check passed: {service}
66528,2026-01-14,17:52:06,INFO,WebServer,Health check passed: WebServer,E102,Health check passed: {service}
66529,2026-01-14,17:24:50,INFO,WebServer,Health check passed: WebServer,E102,Health check passed: {service}
66530,2026-01-14,17:51:25,INFO,WebServer,Page view: /home by u2764,E103,Page view: {page} by {user}
66531,2026-01-14,17:37:22,INFO,OrderProcessor,Health check passed: OrderProcessor,E102,Health check passed: {service}
66532,2026-01-14,17:01:47,WARN,AuthService,Disk usage > 85% on node node-1,E202,Disk usage > 85% on node {node}
66533,2026-01-14,17:00:57,INFO,AuthService,Health check passed: AuthService,E102,Health check passed: {service}
66534,2026-01-14,17:45:39,INFO,WebServer,User u2761 login successful,E101,User {user} login successful
66535,2026-01-14,17:33:14,INFO,PaymentGateway,User u3405 login successful,E101,User {user} login successful
66536,2026-01-14,17:27:03,INFO,AuthService,User u4669 login successful,E101,User {user} login successful
66537,2026-01-14,17:42:03,INFO,OrderProcessor,Page view: /home by u3266,E103,Page view: {page} by {user}
66538,2026-01-14,17:31:00,INFO,WebServer,Health check passed: WebServer,E102,Health check passed: {service}
66539,2026-01-14,17:07:14,INFO,WebServer,Transaction tx192408 completed in 1894ms,E104,Transaction {tx} completed in {time}ms
66540,2026-01-14,17:05:36,INFO,PaymentGateway,Health check passed: PaymentGateway,E102,Health check passed: {service}
66541,2026-01-14,17:08:39,INFO,WebServer,Page view: /home by u3040,E103,Page view: {page} by {user}
66542,2026-01-14,17:57:10,INFO,WebServer,Health check passed: WebServer,E102,Health check passed: {service}
66543,2026-01-14,17:15:39,INFO,OrderProcessor,Health check passed: OrderProcessor,E102,Health check passed: {service}
66544,2026-01-14,17:58:50,INFO,InventoryDB,Health check passed: InventoryDB,E102,Health check passed: {service}
66545,2026-01-14,17:59:04,INFO,PaymentGateway,User u1257 login successful,E101,User {user} login successful
66546,2026-01-14,17:54:36,INFO,WebServer,Page view: /home by u2912,E103,Page view: {page} by {user}
66547,2026-01-14,17:49:58,INFO,OrderProcessor,User u2601 login successful,E101,User {user} login successful
66548,2026-01-14,17:46:00,INFO,InventoryDB,Page view: /home by u3642,E103,Page view: {page} by {user}
66549,2026-01-14,17:34:38,INFO,OrderProcessor,Health check passed: OrderProcessor,E102,Health check passed: {service}
66550,2026-01-14,17:40:09,ERROR,AuthService,Connection refused to AuthService at 10.0.0.45,E501,Connection refused to {service} at {ip}
66551,2026-01-14,17:10:34,INFO,WebServer,Health check passed: WebServer,E102,Health check passed: {service}
66552,2026-01-14,17:49:55,ERROR,WebServer,Timeout waiting for lock on InventoryDB,E502,Timeout waiting for lock on {db}
66553,2026-01-14,17:10:21,INFO,WebServer,User u1324 login successful,E101,User {user} login successful
66554,2026-01-14,17:32:40,INFO,AuthService,Health check passed: AuthService,E102,Health check passed: {service}
66555,2026-01-14,17:04:02,INFO,WebServer,Health check passed: WebServer,E102,Health check passed: {service}
66556,2026-01-14,17:47:11,INFO,OrderProcessor,Health check passed: OrderProcessor,E102,Health check passed: {service}
66557,2026-01-14,17:30:28,INFO,OrderProcessor,User u1601 login successful,E101,User {user} login successful
66558,2026-01-14,17:02:09,INFO,PaymentGateway,User u1728 login successful,E101,User {user} login successful
66559,2026-01-14,17:50:50,INFO,WebServer,Transaction tx707385 completed in 189ms,E104,Transaction {tx} completed in {time}ms
66560,2026-01-14,17:26:04,INFO,AuthService,Health check passed: AuthService,E102,Health check passed: {service}
66561,2026-01-14,17:28:14,INFO,PaymentGateway,Transaction tx104812 completed in 771ms,E104,Transaction {tx} completed in {time}ms
66562,2026-01-14,17:16:00,INFO,OrderProcessor,Health check passed: OrderProcessor,E102,Health check passed: {service}
66563,2026-01-14,17:03:05,INFO,PaymentGateway,User u4961 login successful,E101,User {user} login successful
66564,2026-01-14,17:14:54,INFO,PaymentGateway,Health check passed: PaymentGateway,E102,Health check passed: {service}
66565,2026-01-14,17:13:08,INFO,AuthService,User u1602 login successful,E101,User {user} login successful
66566,2026-01-14,17:22:38,INFO,WebServer,User u1268 login successful,E101,User {user} login successful
66567,2026-01-14,17:27:34,INFO,WebServer,Health check passed: WebServer,E102,Health check passed: {service}
66568,2026-01-14,17:41:40,WARN,AuthService,High latency (690ms) detected on AuthService,E201,High latency ({time}ms) detected on {service}
66569,2026-01-14,17:07:17,INFO,OrderProcessor,User u4857 login successful,E101,User {user} login successful
66570,2026-01-14,17:36:36,INFO,WebServer,Transaction tx781190 completed in 303ms,E104,Transaction {tx} completed in {time}ms
66571,2026-01-14,17:14:08,INFO,PaymentGateway,Health check passed: PaymentGateway,E102,Health check passed: {service}
66572,2026-01-14,17:43:52,INFO,InventoryDB,User u3320 login successful,E101,User {user} login successful
66573,2026-01-14,17:24:55,INFO,WebServer,Health check passed: WebServer,E102,Health check passed: {service}
66574,2026-01-14,17:07:40,INFO,WebServer,Health check passed: WebServer,E102,Health check passed: {service}
66575,2026-01-14,17:01:35,INFO,PaymentGateway,Page view: /home by u2271,E103,Page view: {page} by {user}
66576,2026-01-14,17:31:14,INFO,OrderProcessor,User u1979 login successful,E101,User {user} login successful
66577,2026-01-14,17:44:57,INFO,WebServer,User u2250 login successful,E101,User {user} login successful
66578,2026-01-14,17:01:52,INFO,OrderProcessor,Health check passed: OrderProcessor,E102,Health check passed: {service}
66579,2026-01-14,17:03:23,WARN,PaymentGateway,Disk usage > 85% on node node-3,E202,Disk usage > 85% on node {node}
66580,2026-01-14,17:01:38,INFO,WebServer,User u1198 login successful,E101,User {user} login successful
66581,2026-01-14,17:47:56,INFO,AuthService,Page view: /home by u1904,E103,Page view: {page} by {user}
66582,2026-01-14,17:51:08,INFO,WebServer,Health check passed: WebServer,E102,Health check passed: {service}
66583,2026-01-14,17:35:10,INFO,OrderProcessor,Health check passed: OrderProcessor,E102,Health check passed: {service}
66584,2026-01-14,17:31:30,INFO,OrderProcessor,User u1174 login successful,E101,User {user} login successful
66585,2026-01-14,17:31:12,INFO,AuthService,Transaction tx798787 completed in 591ms,E104,Transaction {tx} completed in {time}ms
66586,2026-01-14,17:34:35,INFO,AuthService,User u3784 login successful,E101,User {user} login successful
66587,2026-01-14,17:21:22,INFO,AuthService,User u2584 login successful,E101,User {user} login successful
66588,2026-01-14,17:42:51,INFO,AuthService,Health check passed: AuthService,E102,Health check passed: {service}
66589,2026-01-14,17:16:25,INFO,PaymentGateway,Health check passed: PaymentGateway,E102,Health check passed: {service}
66590,2026-01-14,17:32:34,INFO,AuthService,Health check passed: AuthService,E102,Health check passed: {service}
66591,2026-01-14,17:19:25,INFO,WebServer,Health check passed: WebServer,E102,Health check passed: {service}
66592,2026-01-14,17:03:30,INFO,WebServer,Health check passed: WebServer,E102,Health check passed: {service}
66593,2026-01-14,17:27:19,WARN,WebServer,High latency (1578ms) detected on WebServer,E201,High latency ({time}ms) detected on {service}
66594,2026-01-14,17:00:43,INFO,OrderProcessor,Transaction tx443721 completed in 552ms,E104,Transaction {tx} completed in {time}ms
66595,2026-01-14,17:59:07,INFO,WebServer,Page view: /home by u3750,E103,Page view: {page} by {user}
66596,2026-01-14,17:38:17,INFO,WebServer,Health check passed: WebServer,E102,Health check passed: {service}
66597,2026-01-14,17:16:36,INFO,WebServer,User u3905 login successful,E101,User {user} login successful
66598,2026-01-14,17:28:26,INFO,OrderProcessor,Transaction tx300280 completed in 305ms,E104,Transaction {tx} completed in {time}ms
66599,2026-01-14,17:10:00,INFO,WebServer,Page view: /home by u2396,E103,Page view: {page} by {user}
66600,2026-01-14,17:03:57,WARN,OrderProcessor,Unauthorized access attempt from 10.0.0.45,E401,Unauthorized access attempt from {ip}
66601,2026-01-14,17:00:51,INFO,WebServer,Transaction tx529656 completed in 798ms,E104,Transaction {tx} completed in {time}ms
66602,2026-01-14,17:34:24,INFO,InventoryDB,Transaction tx639982 completed in 637ms,E104,Transaction {tx} completed in {time}ms
66603,2026-01-14,17:06:53,INFO,OrderProcessor,Transaction tx316098 completed in 283ms,E104,Transaction {tx} completed in {time}ms
66604,2026-01-14,17:35:43,INFO,PaymentGateway,User u1242 login successful,E101,User {user} login successful
66605,2026-01-14,17:03:36,INFO,WebServer,Page view: /home by u3091,E103,Page view: {page} by {user}
66606,2026-01-14,17:29:07,INFO,WebServer,User u2768 login successful,E101,User {user} login successful
66607,2026-01-14,17:37:30,INFO,WebServer,Page view: /home by u1574,E103,Page view: {page} by {user}
66608,2026-01-14,17:29:51,INFO,AuthService,Page view: /home by u3348,E103,Page view: {page} by {user}
66609,2026-01-14,17:38:13,INFO,PaymentGateway,Page view: /home by u4323,E103,Page view: {page} by {user}
66610,2026-01-14,17:16:33,INFO,WebServer,Health check passed: WebServer,E102,Health check passed: {service}
66611,2026-01-14,17:23:09,INFO,WebServer,Health check passed: WebServer,E102,Health check passed: {service}
66612,2026-01-14,17:08:40,INFO,AuthService,Page view: /home by u1299,E103,Page view: {page} by {user}
66613,2026-01-14,17:49:55,INFO,WebServer,Transaction tx203863 completed in 1335ms,E104,Transaction {tx} completed in {time}ms
66614,2026-01-14,17:06:00,INFO,WebServer,User u3442 login successful,E101,User {user} login successful
66615,2026-01-14,17:32:17,INFO,AuthService,Page view: /home by u3225,E103,Page view: {page} by {user}
66616,2026-01-14,17:00:15,INFO,WebServer,User u1250 login successful,E101,User {user} login successful
66617,2026-01-14,17:46:23,INFO,WebServer,Transaction tx287629 completed in 1523ms,E104,Transaction {tx} completed in {time}ms
66618,2026-01-14,17:36:27,WARN,OrderProcessor,High latency (521ms) detected on OrderProcessor,E201,High latency ({time}ms) detected on {service}
66619,2026-01-14,17:01:55,INFO,InventoryDB,Transaction tx623041 completed in 1414ms,E104,Transaction {tx} completed in {time}ms
66620,2026-01-14,17:52:50,INFO,WebServer,Page view: /home by u1685,E103,Page view: {page} by {user}
66621,2026-01-14,17:52:25,INFO,PaymentGateway,Health check passed: PaymentGateway,E102,Health check passed: {service}
66622,2026-01-14,17:44:09,INFO,PaymentGateway,User u2477 login successful,E101,User {user} login successful
66623,2026-01-14,17:25:09,INFO,PaymentGateway,Transaction tx588923 completed in 1356ms,E104,Transaction {tx} completed in {time}ms
66624,2026-01-14,17:01:38,INFO,WebServer,Health check passed: WebServer,E102,Health check passed: {service}
66625,2026-01-14,17:56:40,INFO,WebServer,Health check passed: WebServer,E102,Health check passed: {service}
66626,2026-01-14,17:13:02,INFO,AuthService,Transaction tx121819 completed in 518ms,E104,Transaction {tx} completed in {time}ms
66627,2026-01-14,17:55:24,WARN,AuthService,High latency (401ms) detected on AuthService,E201,High latency ({time}ms) detected on {service}
66628,2026-01-14,17:29:44,INFO,PaymentGateway,User u3173 login successful,E101,User {user} login successful
66629,2026-01-14,17:32:29,INFO,WebServer,Transaction tx760010 completed in 461ms,E104,Transaction {tx} completed in {time}ms
66630,2026-01-14,17:29:31,INFO,OrderProcessor,Health check passed: OrderProcessor,E102,Health check passed: {service}
66631,2026-01-14,17:10:15,INFO,OrderProcessor,Page view: /home by u4676,E103,Page view: {page} by {user}
66632,2026-01-14,17:04:34,INFO,WebServer,Health check passed: WebServer,E102,Health check passed: {service}
66633,2026-01-14,17:54:26,INFO,AuthService,Health check passed: AuthService,E102,Health check passed: {service}
66634,2026-01-14,17:11:57,INFO,WebServer,Transaction tx213583 completed in 1084ms,E104,Transaction {tx} completed in {time}ms
66635,2026-01-14,17:45:22,INFO,WebServer,Health check passed: WebServer,E102,Health check passed: {service}
66636,2026-01-14,17:18:14,INFO,OrderProcessor,Health check passed: OrderProcessor,E102,Health check passed: {service}
66637,2026-01-14,17:29:28,INFO,AuthService,User u3418 login successful,E101,User {user} login successful
66638,2026-01-14,17:28:52,INFO,OrderProcessor,Page view: /home by u2891,E103,Page view: {page} by {user}
66639,2026-01-14,17:33:28,ERROR,WebServer,Payment declined: Gateway unavailable,E503,Payment declined: Gateway unavailable
66640,2026-01-14,17:17:18,INFO,OrderProcessor,Transaction tx745867 completed in 93ms,E104,Transaction {tx} completed in {time}ms
66641,2026-01-14,17:11:21,INFO,WebServer,Health check passed: WebServer,E102,Health check passed: {service}
66642,2026-01-14,17:45:48,INFO,PaymentGateway,Health check passed: PaymentGateway,E102,Health check passed: {service}
66643,2026-01-14,17:25:21,INFO,WebServer,Transaction tx605531 completed in 1084ms,E104,Transaction {tx} completed in {time}ms
66644,2026-01-14,17:18:40,INFO,AuthService,Health check passed: AuthService,E102,Health check passed: {service}
66645,2026-01-14,17:13:16,INFO,WebServer,Page view: /home by u2485,E103,Page view: {page} by {user}
66646,2026-01-14,17:02:10,INFO,InventoryDB,Page view: /home by u3472,E103,Page view: {page} by {user}
66647,2026-01-14,17:56:40,INFO,WebServer,Transaction tx705388 completed in 613ms,E104,Transaction {tx} completed in {time}ms
66648,2026-01-14,17:58:41,INFO,WebServer,Health check passed: WebServer,E102,Health check passed: {service}
66649,2026-01-14,17:44:41,INFO,OrderProcessor,User u4983 login successful,E101,User {user} login successful
66650,2026-01-14,17:11:19,INFO,WebServer,Health check passed: WebServer,E102,Health check passed: {service}
66651,2026-01-14,17:34:57,INFO,WebServer,Transaction tx672788 completed in 1242ms,E104,Transaction {tx} completed in {time}ms
66652,2026-01-14,17:19:07,INFO,WebServer,Transaction tx898720 completed in 1261ms,E104,Transaction {tx} completed in {time}ms
66653,2026-01-14,17:35:39,INFO,WebServer,Transaction tx360853 completed in 1750ms,E104,Transaction {tx} completed in {time}ms
66654,2026-01-14,17:50:59,INFO,WebServer,Health check passed: WebServer,E102,Health check passed: {service}
66655,2026-01-14,17:38:43,INFO,PaymentGateway,Health check passed: PaymentGateway,E102,Health check passed: {service}
66656,2026-01-14,17:41:47,INFO,PaymentGateway,Transaction tx832589 completed in 542ms,E104,Transaction {tx} completed in {time}ms
66657,2026-01-14,17:04:23,INFO,OrderProcessor,Page view: /home by u3343,E103,Page view: {page} by {user}
66658,2026-01-14,17:31:18,INFO,AuthService,Transaction tx661419 completed in 394ms,E104,Transaction {tx} completed in {time}ms
66659,2026-01-14,17:09:09,INFO,WebServer,User u4719 login successful,E101,User {user} login successful
66660,2026-01-14,17:29:41,INFO,PaymentGateway,Transaction tx610991 completed in 1851ms,E104,Transaction {tx} completed in {time}ms
66661,2026-01-14,17:20:55,INFO,WebServer,Page view: /home by u1941,E103,Page view: {page} by {user}
66662,2026-01-14,17:27:20,INFO,WebServer,Transaction tx867077 completed in 1892ms,E104,Transaction {tx} completed in {time}ms
66663,2026-01-14,17:29:44,INFO,WebServer,User u2208 login successful,E101,User {user} login successful
66664,2026-01-14,17:42:49,INFO,OrderProcessor,User u3304 login successful,E101,User {user} login successful
66665,2026-01-14,17:35:08,INFO,AuthService,Transaction tx830191 completed in 1597ms,E104,Transaction {tx} completed in {time}ms
66666,2026-01-14,17:34:50,INFO,AuthService,Page view: /home by u4232,E103,Page view: {page} by {user}
66667,2026-01-14,17:54:39,INFO,WebServer,Transaction tx961859 completed in 927ms,E104,Transaction {tx} completed in {time}ms
66668,2026-01-14,17:25:03,INFO,PaymentGateway,Page view: /home by u1300,E103,Page view: {page} by {user}
66669,2026-01-14,17:31:39,INFO,WebServer,Transaction tx147118 completed in 113ms,E104,Transaction {tx} completed in {time}ms
66670,2026-01-14,17:58:15,INFO,WebServer,Health check passed: WebServer,E102,Health check passed: {service}
66671,2026-01-14,17:01:55,INFO,WebServer,Transaction tx253005 completed in 865ms,E104,Transaction {tx} completed in {time}ms
66672,2026-01-14,17:24:28,INFO,AuthService,User u1613 login successful,E101,User {user} login successful
66673,2026-01-14,17:28:20,ERROR,OrderProcessor,Timeout waiting for lock on InventoryDB,E502,Timeout waiting for lock on {db}
66674,2026-01-14,17:33:45,INFO,WebServer,User u2334 login successful,E101,User {user} login successful
66675,2026-01-14,17:39:36,INFO,AuthService,User u4495 login successful,E101,User {user} login successful
66676,2026-01-14,17:22:02,INFO,OrderProcessor,Health check passed: OrderProcessor,E102,Health check passed: {service}
66677,2026-01-14,17:02:53,INFO,OrderProcessor,Transaction tx136432 completed in 1391ms,E104,Transaction {tx} completed in {time}ms
66678,2026-01-14,17:49:38,INFO,WebServer,User u4421 login successful,E101,User {user} login successful
66679,2026-01-14,17:09:11,INFO,PaymentGateway,Transaction tx691063 completed in 623ms,E104,Transaction {tx} completed in {time}ms
66680,2026-01-14,17:09:09,INFO,WebServer,Transaction tx295835 completed in 1404ms,E104,Transaction {tx} completed in {time}ms
66681,2026-01-14,17:48:32,INFO,AuthService,User u3120 login successful,E101,User {user} login successful
66682,2026-01-14,17:39:39,INFO,WebServer,User u4938 login successful,E101,User {user} login successful
66683,2026-01-14,17:07:22,INFO,WebServer,Page view: /home by u1970,E103,Page view: {page} by {user}
66684,2026-01-14,17:17:22,WARN,PaymentGateway,Unauthorized access attempt from 10.0.0.99,E401,Unauthorized access attempt from {ip}
66685,2026-01-14,17:57:01,INFO,WebServer,Page view: /home by u3217,E103,Page view: {page} by {user}
66686,2026-01-14,17:44:34,INFO,PaymentGateway,Transaction tx216469 completed in 304ms,E104,Transaction {tx} completed in {time}ms
66687,2026-01-14,17:53:47,INFO,WebServer,Page view: /home by u4403,E103,Page view: {page} by {user}
66688,2026-01-14,17:14:30,INFO,OrderProcessor,User u3822 login successful,E101,User {user} login successful
66689,2026-01-14,17:17:10,INFO,AuthService,Page view: /home by u4206,E103,Page view: {page} by {user}
66690,2026-01-14,17:32:25,INFO,OrderProcessor,User u2778 login successful,E101,User {user} login successful
66691,2026-01-14,17:19:23,INFO,AuthService,Transaction tx698443 completed in 694ms,E104,Transaction {tx} completed in {time}ms
66692,2026-01-14,17:04:48,INFO,WebServer,User u3789 login successful,E101,User {user} login successful
66693,2026-01-14,17:59:50,INFO,OrderProcessor,Page view: /home by u4264,E103,Page view: {page} by {user}
66694,2026-01-14,17:02:04,INFO,PaymentGateway,Transaction tx523632 completed in 183ms,E104,Transaction {tx} completed in {time}ms
66695,2026-01-14,17:36:46,INFO,AuthService,Page view: /home by u3988,E103,Page view: {page} by {user}
66696,2026-01-14,17:09:20,INFO,PaymentGateway,Page view: /home by u1542,E103,Page view: {page} by {user}
66697,2026-01-14,17:19:51,INFO,WebServer,Page view: /home by u3473,E103,Page view: {page} by {user}
66698,2026-01-14,17:04:40,WARN,WebServer,High latency (787ms) detected on WebServer,E201,High latency ({time}ms) detected on {service}
66699,2026-01-14,17:27:21,INFO,InventoryDB,Transaction tx569822 completed in 1632ms,E104,Transaction {tx} completed in {time}ms
66700,2026-01-14,17:52:10,INFO,PaymentGateway,User u2186 login successful,E101,User {user} login successful
66701,2026-01-14,17:59:18,INFO,PaymentGateway,Transaction tx732329 completed in 586ms,E104,Transaction {tx} completed in {time}ms
66702,2026-01-14,17:02:54,INFO,WebServer,User u2974 login successful,E101,User {user} login successful
66703,2026-01-14,17:00:39,INFO,AuthService,Transaction tx549928 completed in 363ms,E104,Transaction {tx} completed in {time}ms
66704,2026-01-14,17:45:28,INFO,WebServer,User u4145 login successful,E101,User {user} login successful
66705,2026-01-14,17:18:09,INFO,PaymentGateway,User u4517 login successful,E101,User {user} login successful
66706,2026-01-14,17:39:19,INFO,WebServer,Page view: /home by u3758,E103,Page view: {page} by {user}
66707,2026-01-14,17:35:08,INFO,InventoryDB,User u2946 login successful,E101,User {user} login successful
66708,2026-01-14,17:56:57,INFO,OrderProcessor,Health check passed: OrderProcessor,E102,Health check passed: {service}
66709,2026-01-14,17:11:20,INFO,PaymentGateway,User u3972 login successful,E101,User {user} login successful
66710,2026-01-14,17:41:31,INFO,WebServer,User u4989 login successful,E101,User {user} login successful
66711,2026-01-14,17:10:59,INFO,WebServer,Health check passed: WebServer,E102,Health check passed: {service}
66712,2026-01-14,17:32:37,WARN,WebServer,High latency (1960ms) detected on WebServer,E201,High latency ({time}ms) detected on {service}
66713,2026-01-14,17:45:00,INFO,OrderProcessor,Health check passed: OrderProcessor,E102,Health check passed: {service}
66714,2026-01-14,17:22:52,INFO,WebServer,Transaction tx241144 completed in 1275ms,E104,Transaction {tx} completed in {time}ms
66715,2026-01-14,17:52:48,INFO,WebServer,Health check passed: WebServer,E102,Health check passed: {service}
66716,2026-01-14,17:46:33,INFO,WebServer,User u4986 login successful,E101,User {user} login successful
66717,2026-01-14,17:18:58,INFO,OrderProcessor,Health check passed: OrderProcessor,E102,Health check passed: {service}
66718,2026-01-14,17:39:47,INFO,WebServer,Page view: /home by u2402,E103,Page view: {page} by {user}
66719,2026-01-14,17:55:28,INFO,InventoryDB,User u2507 login successful,E101,User {user} login successful
66720,2026-01-14,17:43:22,INFO,PaymentGateway,Page view: /home by u3333,E103,Page view: {page} by {user}
66721,2026-01-14,17:00:44,INFO,InventoryDB,Page view: /home by u3631,E103,Page view: {page} by {user}
66722,2026-01-14,17:44:12,INFO,AuthService,Health check passed: AuthService,E102,Health check passed: {service}
66723,2026-01-14,17:10:55,INFO,InventoryDB,Health check passed: InventoryDB,E102,Health check passed: {service}
66724,2026-01-14,17:51:56,INFO,AuthService,User u1895 login successful,E101,User {user} login successful
66725,2026-01-14,17:30:46,INFO,WebServer,Health check passed: WebServer,E102,Health check passed: {service}
66726,2026-01-14,17:30:55,INFO,AuthService,Page view: /home by u2576,E103,Page view: {page} by {user}
66727,2026-01-14,17:00:11,INFO,AuthService,User u1689 login successful,E101,User {user} login successful
66728,2026-01-14,17:15:15,INFO,WebServer,Health check passed: WebServer,E102,Health check passed: {service}
66729,2026-01-14,17:38:31,INFO,InventoryDB,User u2624 login successful,E101,User {user} login successful
66730,2026-01-14,17:24:13,INFO,WebServer,User u2717 login successful,E101,User {user} login successful
66731,2026-01-14,17:05:09,WARN,AuthService,Disk usage > 85% on node node-5,E202,Disk usage > 85% on node {node}
66732,2026-01-14,17:02:39,INFO,AuthService,Transaction tx597091 completed in 566ms,E104,Transaction {tx} completed in {time}ms
66733,2026-01-14,17:21:46,INFO,AuthService,Health check passed: AuthService,E102,Health check passed: {service}
66734,2026-01-14,17:23:10,INFO,AuthService,Health check passed: AuthService,E102,Health check passed: {service}
66735,2026-01-14,17:27:25,INFO,WebServer,Health check passed: WebServer,E102,Health check passed: {service}
66736,2026-01-14,17:34:53,INFO,InventoryDB,User u1445 login successful,E101,User {user} login successful
66737,2026-01-14,17:37:43,INFO,InventoryDB,Page view: /home by u2463,E103,Page view: {page} by {user}
66738,2026-01-14,17:28:25,INFO,WebServer,Transaction tx162745 completed in 384ms,E104,Transaction {tx} completed in {time}ms
66739,2026-01-14,17:30:24,INFO,WebServer,User u3569 login successful,E101,User {user} login successful
66740,2026-01-14,17:30:20,INFO,WebServer,Page view: /home by u3982,E103,Page view: {page} by {user}
66741,2026-01-14,17:18:40,INFO,WebServer,Page view: /home by u4412,E103,Page view: {page} by {user}
66742,2026-01-14,17:27:00,INFO,WebServer,Page view: /home by u2844,E103,Page view: {page} by {user}
66743,2026-01-14,17:28:22,INFO,WebServer,Page view: /home by u2150,E103,Page view: {page} by {user}
66744,2026-01-14,17:26:39,INFO,WebServer,Page view: /home by u3815,E103,Page view: {page} by {user}
66745,2026-01-14,18:10:42,INFO,OrderProcessor,Health check passed: OrderProcessor,E102,Health check passed: {service}
66746,2026-01-14,18:37:00,INFO,WebServer,Health check passed: WebServer,E102,Health check passed: {service}
66747,2026-01-14,18:05:46,INFO,WebServer,Transaction tx620342 completed in 1776ms,E104,Transaction {tx} completed in {time}ms
66748,2026-01-14,18:55:57,INFO,PaymentGateway,Transaction tx591407 completed in 675ms,E104,Transaction {tx} completed in {time}ms
66749,2026-01-14,18:30:19,INFO,WebServer,Transaction tx216852 completed in 354ms,E104,Transaction {tx} completed in {time}ms
66750,2026-01-14,18:39:52,INFO,OrderProcessor,Page view: /home by u4018,E103,Page view: {page} by {user}
66751,2026-01-14,18:34:34,INFO,WebServer,User u4291 login successful,E101,User {user} login successful
66752,2026-01-14,18:18:15,INFO,WebServer,Health check passed: WebServer,E102,Health check passed: {service}
66753,2026-01-14,18:09:16,CRITICAL,OrderProcessor,DATA CORRUPTION detected in sector 851,E602,DATA CORRUPTION detected in sector {sector}
66754,2026-01-14,18:01:44,INFO,PaymentGateway,Page view: /home by u1534,E103,Page view: {page} by {user}
66755,2026-01-14,18:38:01,INFO,WebServer,Health check passed: WebServer,E102,Health check passed: {service}
66756,2026-01-14,18:17:33,INFO,WebServer,Page view: /home by u3014,E103,Page view: {page} by {user}
66757,2026-01-14,18:18:03,INFO,WebServer,Transaction tx168681 completed in 1442ms,E104,Transaction {tx} completed in {time}ms
66758,2026-01-14,18:24:02,INFO,InventoryDB,Page view: /home by u1042,E103,Page view: {page} by {user}
66759,2026-01-14,18:16:09,INFO,WebServer,Health check passed: WebServer,E102,Health check passed: {service}
66760,2026-01-14,18:50:06,INFO,WebServer,Page view: /home by u2758,E103,Page view: {page} by {user}
66761,2026-01-14,18:20:07,INFO,AuthService,Transaction tx140849 completed in 1027ms,E104,Transaction {tx} completed in {time}ms
66762,2026-01-14,18:31:29,INFO,WebServer,Page view: /home by u2162,E103,Page view: {page} by {user}
66763,2026-01-14,18:40:38,INFO,PaymentGateway,Health check passed: PaymentGateway,E102,Health check passed: {service}
66764,2026-01-14,18:36:13,WARN,WebServer,High latency (1041ms) detected on WebServer,E201,High latency ({time}ms) detected on {service}
66765,2026-01-14,18:52:50,INFO,AuthService,Page view: /home by u3255,E103,Page view: {page} by {user}
66766,2026-01-14,18:42:58,INFO,WebServer,Page view: /home by u1661,E103,Page view: {page} by {user}
66767,2026-01-14,18:19:15,INFO,AuthService,Health check passed: AuthService,E102,Health check passed: {service}
66768,2026-01-14,18:16:20,INFO,OrderProcessor,Transaction tx792310 completed in 834ms,E104,Transaction {tx} completed in {time}ms
66769,2026-01-14,18:24:17,INFO,WebServer,Transaction tx127684 completed in 1528ms,E104,Transaction {tx} completed in {time}ms
66770,2026-01-14,18:04:08,WARN,PaymentGateway,Unauthorized access attempt from 10.0.0.45,E401,Unauthorized access attempt from {ip}
66771,2026-01-14,18:39:23,INFO,OrderProcessor,Health check passed: OrderProcessor,E102,Health check passed: {service}
66772,2026-01-14,18:23:14,INFO,WebServer,Transaction tx308475 completed in 724ms,E104,Transaction {tx} completed in {time}ms
66773,2026-01-14,18:40:22,INFO,OrderProcessor,Health check passed: OrderProcessor,E102,Health check passed: {service}
66774,2026-01-14,18:20:33,INFO,AuthService,Health check passed: AuthService,E102,Health check passed: {service}
66775,2026-01-14,18:12:15,INFO,AuthService,Health check passed: AuthService,E102,Health check passed: {service}
66776,2026-01-14,18:01:12,INFO,InventoryDB,Transaction tx668527 completed in 104ms,E104,Transaction {tx} completed in {time}ms
66777,2026-01-14,18:41:11,INFO,OrderProcessor,Transaction tx714894 completed in 1406ms,E104,Transaction {tx} completed in {time}ms
66778,2026-01-14,18:11:57,INFO,PaymentGateway,Page view: /home by u4510,E103,Page view: {page} by {user}
66779,2026-01-14,18:57:10,INFO,WebServer,Transaction tx652412 completed in 930ms,E104,Transaction {tx} completed in {time}ms
66780,2026-01-14,18:35:11,INFO,OrderProcessor,Health check passed: OrderProcessor,E102,Health check passed: {service}
66781,2026-01-14,18:32:54,INFO,AuthService,Transaction tx624517 completed in 1353ms,E104,Transaction {tx} completed in {time}ms
66782,2026-01-14,18:03:17,INFO,WebServer,Health check passed: WebServer,E102,Health check passed: {service}
66783,2026-01-14,18:52:43,INFO,OrderProcessor,Transaction tx901480 completed in 359ms,E104,Transaction {tx} completed in {time}ms
66784,2026-01-14,18:49:40,INFO,WebServer,Page view: /home by u2140,E103,Page view: {page} by {user}
66785,2026-01-14,18:55:12,INFO,AuthService,Health check passed: AuthService,E102,Health check passed: {service}
66786,2026-01-14,18:30:45,INFO,WebServer,User u4493 login successful,E101,User {user} login successful
66787,2026-01-14,18:13:39,INFO,AuthService,Page view: /home by u1713,E103,Page view: {page} by {user}
66788,2026-01-14,18:23:40,INFO,WebServer,User u2149 login successful,E101,User {user} login successful
66789,2026-01-14,18:56:36,INFO,WebServer,Transaction tx482165 completed in 1626ms,E104,Transaction {tx} completed in {time}ms
66790,2026-01-14,18:19:44,INFO,WebServer,User u1983 login successful,E101,User {user} login successful
66791,2026-01-14,18:42:25,INFO,OrderProcessor,Transaction tx146339 completed in 543ms,E104,Transaction {tx} completed in {time}ms
66792,2026-01-14,18:01:39,INFO,OrderProcessor,Transaction tx833282 completed in 430ms,E104,Transaction {tx} completed in {time}ms
66793,2026-01-14,18:58:24,INFO,AuthService,User u3323 login successful,E101,User {user} login successful
66794,2026-01-14,18:04:49,INFO,OrderProcessor,Page view: /home by u3612,E103,Page view: {page} by {user}
66795,2026-01-14,18:04:30,INFO,WebServer,Page view: /home by u1309,E103,Page view: {page} by {user}
66796,2026-01-14,18:23:00,INFO,WebServer,Page view: /home by u3066,E103,Page view: {page} by {user}
66797,2026-01-14,18:05:50,WARN,PaymentGateway,Unauthorized access attempt from 10.0.0.99,E401,Unauthorized access attempt from {ip}
66798,2026-01-14,18:02:20,INFO,WebServer,Page view: /home by u4890,E103,Page view: {page} by {user}
66799,2026-01-14,18:54:30,INFO,AuthService,User u2894 login successful,E101,User {user} login successful
66800,2026-01-14,18:50:40,INFO,OrderProcessor,Page view: /home by u2659,E103,Page view: {page} by {user}
66801,2026-01-14,18:35:51,INFO,WebServer,User u4434 login successful,E101,User {user} login successful
66802,2026-01-14,18:27:42,INFO,WebServer,Page view: /home by u4464,E103,Page view: {page} by {user}
66803,2026-01-14,18:11:44,INFO,PaymentGateway,User u2616 login successful,E101,User {user} login successful
66804,2026-01-14,18:48:10,INFO,WebServer,Page view: /home by u3959,E103,Page view: {page} by {user}
66805,2026-01-14,18:30:33,INFO,InventoryDB,Health check passed: InventoryDB,E102,Health check passed: {service}
66806,2026-01-14,18:51:43,INFO,OrderProcessor,User u4165 login successful,E101,User {user} login successful
66807,2026-01-14,18:23:15,INFO,PaymentGateway,Transaction tx988210 completed in 1071ms,E104,Transaction {tx} completed in {time}ms
66808,2026-01-14,18:31:50,INFO,PaymentGateway,Page view: /home by u2032,E103,Page view: {page} by {user}
66809,2026-01-14,18:32:36,INFO,WebServer,Health check passed: WebServer,E102,Health check passed: {service}
66810,2026-01-14,18:27:24,INFO,InventoryDB,Page view: /home by u2404,E103,Page view: {page} by {user}
66811,2026-01-14,18:27:14,INFO,AuthService,Page view: /home by u4106,E103,Page view: {page} by {user}
66812,2026-01-14,18:19:04,INFO,WebServer,Transaction tx702083 completed in 128ms,E104,Transaction {tx} completed in {time}ms
66813,2026-01-14,18:23:34,INFO,WebServer,Page view: /home by u1387,E103,Page view: {page} by {user}
66814,2026-01-14,18:05:57,INFO,OrderProcessor,Transaction tx592415 completed in 53ms,E104,Transaction {tx} completed in {time}ms
66815,2026-01-14,18:49:21,INFO,AuthService,Transaction tx249415 completed in 1725ms,E104,Transaction {tx} completed in {time}ms
66816,2026-01-14,18:56:00,INFO,WebServer,Transaction tx171868 completed in 882ms,E104,Transaction {tx} completed in {time}ms
66817,2026-01-14,18:31:21,INFO,OrderProcessor,User u1207 login successful,E101,User {user} login successful
66818,2026-01-14,18:52:59,INFO,WebServer,User u1588 login successful,E101,User {user} login successful
66819,2026-01-14,18:45:36,INFO,AuthService,User u2796 login successful,E101,User {user} login successful
66820,2026-01-14,18:29:18,INFO,WebServer,User u1577 login successful,E101,User {user} login successful
66821,2026-01-14,18:53:58,INFO,WebServer,Health check passed: WebServer,E102,Health check passed: {service}
66822,2026-01-14,18:37:06,INFO,AuthService,User u4214 login successful,E101,User {user} login successful
66823,2026-01-14,18:54:40,INFO,AuthService,Transaction tx337064 completed in 1545ms,E104,Transaction {tx} completed in {time}ms
66824,2026-01-14,18:55:50,INFO,OrderProcessor,Page view: /home by u4578,E103,Page view: {page} by {user}
66825,2026-01-14,18:10:32,INFO,AuthService,Page view: /home by u2494,E103,Page view: {page} by {user}
66826,2026-01-14,18:00:05,INFO,WebServer,Transaction tx778216 completed in 1973ms,E104,Transaction {tx} completed in {time}ms
66827,2026-01-14,18:15:17,INFO,AuthService,Page view: /home by u2409,E103,Page view: {page} by {user}
66828,2026-01-14,18:30:40,INFO,PaymentGateway,Transaction tx844427 completed in 1609ms,E104,Transaction {tx} completed in {time}ms
66829,2026-01-14,18:22:52,INFO,WebServer,User u1872 login successful,E101,User {user} login successful
66830,2026-01-14,18:40:16,INFO,OrderProcessor,User u1624 login successful,E101,User {user} login successful
66831,2026-01-14,18:14:14,INFO,WebServer,Health check passed: WebServer,E102,Health check passed: {service}
66832,2026-01-14,18:56:34,ERROR,OrderProcessor,Timeout waiting for lock on InventoryDB,E502,Timeout waiting for lock on {db}
66833,2026-01-14,18:13:00,INFO,WebServer,Page view: /home by u3977,E103,Page view: {page} by {user}
66834,2026-01-14,18:48:56,INFO,WebServer,Page view: /home by u1050,E103,Page view: {page} by {user}
66835,2026-01-14,18:58:52,ERROR,OrderProcessor,Connection refused to OrderProcessor at 10.0.0.45,E501,Connection refused to {service} at {ip}
66836,2026-01-14,18:25:09,INFO,WebServer,Health check passed: WebServer,E102,Health check passed: {service}
66837,2026-01-14,18:08:54,INFO,AuthService,User u2606 login successful,E101,User {user} login successful
66838,2026-01-14,18:59:59,INFO,WebServer,Health check passed: WebServer,E102,Health check passed: {service}
66839,2026-01-14,18:59:15,INFO,PaymentGateway,User u3493 login successful,E101,User {user} login successful
66840,2026-01-14,18:25:50,INFO,AuthService,Transaction tx125399 completed in 1824ms,E104,Transaction {tx} completed in {time}ms
66841,2026-01-14,18:23:56,INFO,WebServer,Transaction tx374852 completed in 1488ms,E104,Transaction {tx} completed in {time}ms
66842,2026-01-14,18:34:18,INFO,AuthService,User u1718 login successful,E101,User {user} login successful
66843,2026-01-14,18:26:54,INFO,OrderProcessor,Health check passed: OrderProcessor,E102,Health check passed: {service}
66844,2026-01-14,18:11:55,INFO,WebServer,User u3402 login successful,E101,User {user} login successful
66845,2026-01-14,18:00:51,INFO,OrderProcessor,Page view: /home by u4260,E103,Page view: {page} by {user}
66846,2026-01-14,18:06:15,INFO,WebServer,Health check passed: WebServer,E102,Health check passed: {service}
66847,2026-01-14,18:07:18,INFO,WebServer,Health check passed: WebServer,E102,Health check passed: {service}
66848,2026-01-14,18:50:56,WARN,PaymentGateway,Unauthorized access attempt from 10.0.0.10,E401,Unauthorized access attempt from {ip}
66849,2026-01-14,18:26:29,INFO,WebServer,User u3548 login successful,E101,User {user} login successful
66850,2026-01-14,18:30:08,INFO,PaymentGateway,Health check passed: PaymentGateway,E102,Health check passed: {service}
66851,2026-01-14,18:37:03,INFO,OrderProcessor,Health check passed: OrderProcessor,E102,Health check passed: {service}
66852,2026-01-14,18:04:38,INFO,WebServer,Transaction tx675998 completed in 1270ms,E104,Transaction {tx} completed in {time}ms
66853,2026-01-14,18:25:24,INFO,WebServer,Page view: /home by u4850,E103,Page view: {page} by {user}
66854,2026-01-14,18:02:11,INFO,OrderProcessor,User u2335 login successful,E101,User {user} login successful
66855,2026-01-14,18:23:20,INFO,WebServer,Transaction tx998973 completed in 1606ms,E104,Transaction {tx} completed in {time}ms
66856,2026-01-14,18:19:03,INFO,WebServer,Health check passed: WebServer,E102,Health check passed: {service}
66857,2026-01-14,18:25:22,INFO,AuthService,Health check passed: AuthService,E102,Health check passed: {service}
66858,2026-01-14,18:37:46,INFO,WebServer,Transaction tx102496 completed in 1951ms,E104,Transaction {tx} completed in {time}ms
66859,2026-01-14,18:28:45,ERROR,AuthService,Payment declined: Gateway unavailable,E503,Payment declined: Gateway unavailable
66860,2026-01-14,18:16:57,WARN,WebServer,Unauthorized access attempt from 10.0.0.88,E401,Unauthorized access attempt from {ip}
66861,2026-01-14,18:42:45,INFO,OrderProcessor,User u4956 login successful,E101,User {user} login successful
66862,2026-01-14,18:31:32,INFO,PaymentGateway,Health check passed: PaymentGateway,E102,Health check passed: {service}
66863,2026-01-14,18:01:24,INFO,WebServer,Transaction tx965495 completed in 858ms,E104,Transaction {tx} completed in {time}ms
66864,2026-01-14,18:12:43,INFO,WebServer,Page view: /home by u1867,E103,Page view: {page} by {user}
66865,2026-01-14,18:34:34,INFO,PaymentGateway,Transaction tx179791 completed in 1741ms,E104,Transaction {tx} completed in {time}ms
66866,2026-01-14,18:06:08,INFO,InventoryDB,Transaction tx219020 completed in 1415ms,E104,Transaction {tx} completed in {time}ms
66867,2026-01-14,18:24:04,INFO,WebServer,User u3894 login successful,E101,User {user} login successful
66868,2026-01-14,18:04:33,ERROR,WebServer,Payment declined: Gateway unavailable,E503,Payment declined: Gateway unavailable
66869,2026-01-14,18:46:47,INFO,WebServer,Transaction tx859143 completed in 1494ms,E104,Transaction {tx} completed in {time}ms
66870,2026-01-14,18:09:02,INFO,AuthService,User u1836 login successful,E101,User {user} login successful
66871,2026-01-14,18:34:11,INFO,OrderProcessor,Page view: /home by u1778,E103,Page view: {page} by {user}
66872,2026-01-14,18:37:40,INFO,OrderProcessor,User u3877 login successful,E101,User {user} login successful
66873,2026-01-14,18:04:19,INFO,WebServer,User u3654 login successful,E101,User {user} login successful
66874,2026-01-14,18:13:43,INFO,WebServer,Transaction tx307669 completed in 918ms,E104,Transaction {tx} completed in {time}ms
66875,2026-01-14,18:20:53,INFO,AuthService,Health check passed: AuthService,E102,Health check passed: {service}
66876,2026-01-14,18:50:10,INFO,WebServer,Transaction tx733011 completed in 1978ms,E104,Transaction {tx} completed in {time}ms
66877,2026-01-14,18:58:40,INFO,OrderProcessor,User u4822 login successful,E101,User {user} login successful
66878,2026-01-14,18:23:11,INFO,WebServer,Health check passed: WebServer,E102,Health check passed: {service}
66879,2026-01-14,18:34:54,INFO,WebServer,User u2090 login successful,E101,User {user} login successful
66880,2026-01-14,18:20:44,INFO,WebServer,Health check passed: WebServer,E102,Health check passed: {service}
66881,2026-01-14,18:00:22,INFO,WebServer,Page view: /home by u4164,E103,Page view: {page} by {user}
66882,2026-01-14,18:58:15,INFO,OrderProcessor,Page view: /home by u2319,E103,Page view: {page} by {user}
66883,2026-01-14,18:41:03,INFO,WebServer,Page view: /home by u2318,E103,Page view: {page} by {user}
66884,2026-01-14,18:40:44,INFO,WebServer,Transaction tx899226 completed in 1148ms,E104,Transaction {tx} completed in {time}ms
66885,2026-01-14,18:34:43,INFO,WebServer,User u1408 login successful,E101,User {user} login successful
66886,2026-01-14,18:49:27,INFO,OrderProcessor,Health check passed: OrderProcessor,E102,Health check passed: {service}
66887,2026-01-14,18:54:27,INFO,WebServer,Page view: /home by u1684,E103,Page view: {page} by {user}
66888,2026-01-14,18:32:06,INFO,OrderProcessor,Health check passed: OrderProcessor,E102,Health check passed: {service}
66889,2026-01-14,18:39:50,INFO,WebServer,Page view: /home by u3835,E103,Page view: {page} by {user}
66890,2026-01-14,18:33:54,INFO,AuthService,User u3560 login successful,E101,User {user} login successful
66891,2026-01-14,18:16:19,INFO,InventoryDB,Health check passed: InventoryDB,E102,Health check passed: {service}
66892,2026-01-14,18:36:45,INFO,AuthService,Health check passed: AuthService,E102,Health check passed: {service}
66893,2026-01-14,18:38:19,INFO,WebServer,User u1161 login successful,E101,User {user} login successful
66894,2026-01-14,18:49:43,INFO,OrderProcessor,User u3545 login successful,E101,User {user} login successful
66895,2026-01-14,18:38:51,INFO,WebServer,User u3676 login successful,E101,User {user} login successful
66896,2026-01-14,18:43:53,INFO,AuthService,Transaction tx793196 completed in 1324ms,E104,Transaction {tx} completed in {time}ms
66897,2026-01-14,18:02:30,INFO,AuthService,User u2306 login successful,E101,User {user} login successful
66898,2026-01-14,18:45:58,INFO,AuthService,Transaction tx554142 completed in 278ms,E104,Transaction {tx} completed in {time}ms
66899,2026-01-14,18:19:53,INFO,OrderProcessor,Page view: /home by u3514,E103,Page view: {page} by {user}
66900,2026-01-14,18:23:56,CRITICAL,WebServer,KERNEL PANIC: Node node-4 crashed,E601,KERNEL PANIC: Node {node} crashed
66901,2026-01-14,18:39:43,INFO,AuthService,User u4605 login successful,E101,User {user} login successful
66902,2026-01-14,18:00:35,INFO,InventoryDB,Health check passed: InventoryDB,E102,Health check passed: {service}
66903,2026-01-14,18:13:08,INFO,WebServer,User u3456 login successful,E101,User {user} login successful
66904,2026-01-14,18:29:03,INFO,OrderProcessor,User u1945 login successful,E101,User {user} login successful
66905,2026-01-14,18:23:51,INFO,WebServer,User u4315 login successful,E101,User {user} login successful
66906,2026-01-14,18:48:16,CRITICAL,WebServer,KERNEL PANIC: Node node-2 crashed,E601,KERNEL PANIC: Node {node} crashed
66907,2026-01-14,18:06:03,INFO,AuthService,User u4606 login successful,E101,User {user} login successful
66908,2026-01-14,18:03:24,WARN,PaymentGateway,Disk usage > 85% on node node-4,E202,Disk usage > 85% on node {node}
66909,2026-01-14,18:38:20,INFO,WebServer,Page view: /home by u1726,E103,Page view: {page} by {user}
66910,2026-01-14,18:49:07,INFO,WebServer,Transaction tx897131 completed in 1601ms,E104,Transaction {tx} completed in {time}ms
66911,2026-01-14,18:59:28,INFO,AuthService,User u1669 login successful,E101,User {user} login successful
66912,2026-01-14,18:48:35,INFO,WebServer,User u4199 login successful,E101,User {user} login successful
66913,2026-01-14,18:09:09,INFO,WebServer,User u1407 login successful,E101,User {user} login successful
66914,2026-01-14,18:01:59,INFO,WebServer,Page view: /home by u1152,E103,Page view: {page} by {user}
66915,2026-01-14,18:39:53,INFO,AuthService,Transaction tx789170 completed in 1944ms,E104,Transaction {tx} completed in {time}ms
66916,2026-01-14,18:13:52,INFO,WebServer,Page view: /home by u3168,E103,Page view: {page} by {user}
66917,2026-01-14,18:25:45,INFO,WebServer,Page view: /home by u2507,E103,Page view: {page} by {user}
66918,2026-01-14,18:42:21,INFO,OrderProcessor,Transaction tx513554 completed in 1223ms,E104,Transaction {tx} completed in {time}ms
66919,2026-01-14,18:20:45,INFO,WebServer,Health check passed: WebServer,E102,Health check passed: {service}
66920,2026-01-14,18:22:25,INFO,WebServer,Health check passed: WebServer,E102,Health check passed: {service}
66921,2026-01-14,18:31:09,INFO,WebServer,Health check passed: WebServer,E102,Health check passed: {service}
66922,2026-01-14,18:26:55,INFO,WebServer,User u2439 login successful,E101,User {user} login successful
66923,2026-01-14,18:24:19,INFO,OrderProcessor,Transaction tx943371 completed in 1814ms,E104,Transaction {tx} completed in {time}ms
66924,2026-01-14,18:29:05,INFO,WebServer,User u3910 login successful,E101,User {user} login successful
66925,2026-01-14,18:17:02,WARN,OrderProcessor,High latency (1840ms) detected on OrderProcessor,E201,High latency ({time}ms) detected on {service}
66926,2026-01-14,18:24:00,WARN,PaymentGateway,Unauthorized access attempt from 10.0.0.88,E401,Unauthorized access attempt from {ip}
66927,2026-01-14,18:13:15,INFO,WebServer,User u4307 login successful,E101,User {user} login successful
66928,2026-01-14,18:01:50,INFO,WebServer,Transaction tx602472 completed in 188ms,E104,Transaction {tx} completed in {time}ms
66929,2026-01-14,18:12:00,ERROR,OrderProcessor,Payment declined: Gateway unavailable,E503,Payment declined: Gateway unavailable
66930,2026-01-14,18:40:56,INFO,WebServer,User u1227 login successful,E101,User {user} login successful
66931,2026-01-14,18:25:13,INFO,WebServer,Transaction tx202986 completed in 1942ms,E104,Transaction {tx} completed in {time}ms
66932,2026-01-14,18:18:09,INFO,WebServer,Page view: /home by u1878,E103,Page view: {page} by {user}
66933,2026-01-14,18:04:15,INFO,AuthService,User u1505 login successful,E101,User {user} login successful
66934,2026-01-14,18:03:51,INFO,WebServer,Page view: /home by u1978,E103,Page view: {page} by {user}
66935,2026-01-14,18:10:12,INFO,InventoryDB,Transaction tx880029 completed in 756ms,E104,Transaction {tx} completed in {time}ms
66936,2026-01-14,18:08:38,INFO,WebServer,Health check passed: WebServer,E102,Health check passed: {service}
66937,2026-01-14,18:00:19,INFO,AuthService,Page view: /home by u3240,E103,Page view: {page} by {user}
66938,2026-01-14,18:31:05,INFO,OrderProcessor,Page view: /home by u2418,E103,Page view: {page} by {user}
66939,2026-01-14,18:57:39,INFO,AuthService,Page view: /home by u2785,E103,Page view: {page} by {user}
66940,2026-01-14,18:56:13,INFO,OrderProcessor,Health check passed: OrderProcessor,E102,Health check passed: {service}
66941,2026-01-14,18:22:06,INFO,PaymentGateway,Transaction tx486833 completed in 1751ms,E104,Transaction {tx} completed in {time}ms
66942,2026-01-14,18:20:25,INFO,WebServer,User u1059 login successful,E101,User {user} login successful
66943,2026-01-14,18:22:49,INFO,WebServer,User u4489 login successful,E101,User {user} login successful
66944,2026-01-14,18:54:21,INFO,OrderProcessor,Health check passed: OrderProcessor,E102,Health check passed: {service}
66945,2026-01-14,18:20:58,INFO,WebServer,Page view: /home by u1226,E103,Page view: {page} by {user}
66946,2026-01-14,18:43:16,INFO,WebServer,Page view: /home by u2162,E103,Page view: {page} by {user}
66947,2026-01-14,18:03:06,INFO,WebServer,Page view: /home by u2694,E103,Page view: {page} by {user}
66948,2026-01-14,18:23:32,INFO,WebServer,Health check passed: WebServer,E102,Health check passed: {service}
66949,2026-01-14,18:01:27,INFO,WebServer,Transaction tx931058 completed in 74ms,E104,Transaction {tx} completed in {time}ms
66950,2026-01-14,18:38:39,INFO,WebServer,Transaction tx538867 completed in 1233ms,E104,Transaction {tx} completed in {time}ms
66951,2026-01-14,18:57:40,INFO,WebServer,Health check passed: WebServer,E102,Health check passed: {service}
66952,2026-01-14,18:49:41,INFO,OrderProcessor,Page view: /home by u4227,E103,Page view: {page} by {user}
66953,2026-01-14,18:31:36,INFO,AuthService,Transaction tx253067 completed in 1334ms,E104,Transaction {tx} completed in {time}ms
66954,2026-01-14,18:00:35,INFO,WebServer,Health check passed: WebServer,E102,Health check passed: {service}
66955,2026-01-14,18:23:58,WARN,AuthService,High latency (258ms) detected on AuthService,E201,High latency ({time}ms) detected on {service}
66956,2026-01-14,18:14:03,INFO,WebServer,User u4554 login successful,E101,User {user} login successful
66957,2026-01-14,18:30:49,INFO,WebServer,User u4265 login successful,E101,User {user} login successful
66958,2026-01-14,18:24:20,INFO,PaymentGateway,User u1695 login successful,E101,User {user} login successful
66959,2026-01-14,18:52:02,INFO,AuthService,Transaction tx893133 completed in 1831ms,E104,Transaction {tx} completed in {time}ms
66960,2026-01-14,18:17:17,INFO,OrderProcessor,Transaction tx456643 completed in 348ms,E104,Transaction {tx} completed in {time}ms
66961,2026-01-14,18:44:59,INFO,AuthService,Health check passed: AuthService,E102,Health check passed: {service}
66962,2026-01-14,18:57:28,INFO,OrderProcessor,Transaction tx662783 completed in 1551ms,E104,Transaction {tx} completed in {time}ms
66963,2026-01-14,18:18:59,INFO,OrderProcessor,User u1016 login successful,E101,User {user} login successful
66964,2026-01-14,18:18:38,INFO,WebServer,Page view: /home by u1585,E103,Page view: {page} by {user}
66965,2026-01-14,18:21:23,INFO,WebServer,Page view: /home by u4864,E103,Page view: {page} by {user}
66966,2026-01-14,18:22:32,INFO,WebServer,Health check passed: WebServer,E102,Health check passed: {service}
66967,2026-01-14,18:46:49,INFO,OrderProcessor,User u3762 login successful,E101,User {user} login successful
66968,2026-01-14,18:48:46,INFO,PaymentGateway,Page view: /home by u4667,E103,Page view: {page} by {user}
66969,2026-01-14,18:46:59,INFO,WebServer,User u4796 login successful,E101,User {user} login successful
66970,2026-01-14,18:01:36,INFO,WebServer,Health check passed: WebServer,E102,Health check passed: {service}
66971,2026-01-14,18:03:22,INFO,WebServer,User u1564 login successful,E101,User {user} login successful
66972,2026-01-14,18:53:53,INFO,OrderProcessor,Page view: /home by u3074,E103,Page view: {page} by {user}
66973,2026-01-14,18:14:22,INFO,WebServer,User u2370 login successful,E101,User {user} login successful
66974,2026-01-14,18:14:03,INFO,AuthService,Transaction tx892010 completed in 1463ms,E104,Transaction {tx} completed in {time}ms
66975,2026-01-14,18:25:35,INFO,WebServer,Transaction tx319324 completed in 978ms,E104,Transaction {tx} completed in {time}ms
66976,2026-01-14,18:38:05,INFO,OrderProcessor,Health check passed: OrderProcessor,E102,Health check passed: {service}
66977,2026-01-14,18:43:36,WARN,WebServer,Unauthorized access attempt from 10.0.0.45,E401,Unauthorized access attempt from {ip}
66978,2026-01-14,18:21:59,INFO,WebServer,User u2809 login successful,E101,User {user} login successful
66979,2026-01-14,18:00:16,WARN,PaymentGateway,Unauthorized access attempt from 10.0.0.45,E401,Unauthorized access attempt from {ip}
66980,2026-01-14,18:31:01,INFO,PaymentGateway,User u4210 login successful,E101,User {user} login successful
66981,2026-01-14,18:55:47,INFO,WebServer,Health check passed: WebServer,E102,Health check passed: {service}
66982,2026-01-14,18:15:14,INFO,OrderProcessor,Page view: /home by u1466,E103,Page view: {page} by {user}
66983,2026-01-14,18:04:33,INFO,WebServer,Health check passed: WebServer,E102,Health check passed: {service}
66984,2026-01-14,18:00:01,INFO,WebServer,Page view: /home by u4114,E103,Page view: {page} by {user}
66985,2026-01-14,18:30:54,INFO,AuthService,User u2023 login successful,E101,User {user} login successful
66986,2026-01-14,18:22:04,INFO,WebServer,Page view: /home by u1073,E103,Page view: {page} by {user}
66987,2026-01-14,18:37:52,INFO,WebServer,Transaction tx503573 completed in 817ms,E104,Transaction {tx} completed in {time}ms
66988,2026-01-14,18:13:31,INFO,WebServer,User u4669 login successful,E101,User {user} login successful
66989,2026-01-14,18:11:40,INFO,AuthService,Health check passed: AuthService,E102,Health check passed: {service}
66990,2026-01-14,18:16:03,INFO,WebServer,User u4241 login successful,E101,User {user} login successful
66991,2026-01-14,18:47:49,INFO,AuthService,User u4400 login successful,E101,User {user} login successful
66992,2026-01-14,18:26:45,INFO,AuthService,Transaction tx347512 completed in 1714ms,E104,Transaction {tx} completed in {time}ms
66993,2026-01-14,18:36:09,INFO,PaymentGateway,Transaction tx946715 completed in 205ms,E104,Transaction {tx} completed in {time}ms
66994,2026-01-14,18:36:41,CRITICAL,OrderProcessor,DATA CORRUPTION detected in sector 688,E602,DATA CORRUPTION detected in sector {sector}
66995,2026-01-14,18:04:31,CRITICAL,InventoryDB,DATA CORRUPTION detected in sector 508,E602,DATA CORRUPTION detected in sector {sector}
66996,2026-01-14,18:33:07,ERROR,WebServer,Connection refused to WebServer at 10.0.0.45,E501,Connection refused to {service} at {ip}
66997,2026-01-14,18:01:01,INFO,AuthService,Health check passed: AuthService,E102,Health check passed: {service}
66998,2026-01-14,18:37:51,INFO,WebServer,Page view: /home by u2274,E103,Page view: {page} by {user}
66999,2026-01-14,18:13:59,INFO,InventoryDB,Page view: /home by u4617,E103,Page view: {page} by {user}
67000,2026-01-14,18:06:40,INFO,InventoryDB,User u1802 login successful,E101,User {user} login successful
67001,2026-01-14,18:09:46,INFO,OrderProcessor,Health check passed: OrderProcessor,E102,Health check passed: {service}
67002,2026-01-14,18:40:32,INFO,OrderProcessor,User u4132 login successful,E101,User {user} login successful
67003,2026-01-14,18:11:51,INFO,AuthService,Transaction tx713083 completed in 1506ms,E104,Transaction {tx} completed in {time}ms
67004,2026-01-14,18:19:17,INFO,WebServer,Transaction tx362905 completed in 1670ms,E104,Transaction {tx} completed in {time}ms
67005,2026-01-14,18:05:43,INFO,WebServer,Page view: /home by u2055,E103,Page view: {page} by {user}
67006,2026-01-14,18:28:38,INFO,OrderProcessor,Health check passed: OrderProcessor,E102,Health check passed: {service}
67007,2026-01-14,18:33:52,INFO,OrderProcessor,Transaction tx458329 completed in 389ms,E104,Transaction {tx} completed in {time}ms
67008,2026-01-14,18:13:30,INFO,AuthService,Page view: /home by u4971,E103,Page view: {page} by {user}
67009,2026-01-14,18:28:34,INFO,OrderProcessor,Health check passed: OrderProcessor,E102,Health check passed: {service}
67010,2026-01-14,18:01:44,INFO,WebServer,Page view: /home by u3943,E103,Page view: {page} by {user}
67011,2026-01-14,18:20:21,WARN,WebServer,Disk usage > 85% on node node-4,E202,Disk usage > 85% on node {node}
67012,2026-01-14,18:12:35,INFO,WebServer,User u4729 login successful,E101,User {user} login successful
67013,2026-01-14,18:44:47,INFO,OrderProcessor,Page view: /home by u4982,E103,Page view: {page} by {user}
67014,2026-01-14,18:44:07,INFO,AuthService,Page view: /home by u2229,E103,Page view: {page} by {user}
67015,2026-01-14,18:13:38,INFO,AuthService,User u1192 login successful,E101,User {user} login successful
67016,2026-01-14,18:10:46,INFO,WebServer,User u3293 login successful,E101,User {user} login successful
67017,2026-01-14,18:38:38,INFO,WebServer,Page view: /home by u1181,E103,Page view: {page} by {user}
67018,2026-01-14,18:02:58,INFO,WebServer,Health check passed: WebServer,E102,Health check passed: {service}
67019,2026-01-14,18:52:18,INFO,AuthService,User u4712 login successful,E101,User {user} login successful
67020,2026-01-14,18:43:29,INFO,WebServer,Health check passed: WebServer,E102,Health check passed: {service}
67021,2026-01-14,18:41:53,INFO,AuthService,Transaction tx529719 completed in 1781ms,E104,Transaction {tx} completed in {time}ms
67022,2026-01-14,18:21:35,INFO,WebServer,Transaction tx836341 completed in 980ms,E104,Transaction {tx} completed in {time}ms
67023,2026-01-14,18:27:50,INFO,WebServer,Health check passed: WebServer,E102,Health check passed: {service}
67024,2026-01-14,18:29:33,INFO,AuthService,Transaction tx705016 completed in 1876ms,E104,Transaction {tx} completed in {time}ms
67025,2026-01-14,18:43:08,INFO,WebServer,Transaction tx286175 completed in 620ms,E104,Transaction {tx} completed in {time}ms
67026,2026-01-14,18:09:40,INFO,WebServer,Page view: /home by u1380,E103,Page view: {page} by {user}
67027,2026-01-14,18:32:15,INFO,OrderProcessor,Health check passed: OrderProcessor,E102,Health check passed: {service}
67028,2026-01-14,18:58:58,WARN,WebServer,High latency (1668ms) detected on WebServer,E201,High latency ({time}ms) detected on {service}
67029,2026-01-14,18:37:14,INFO,WebServer,User u3490 login successful,E101,User {user} login successful
67030,2026-01-14,18:38:22,INFO,WebServer,User u1621 login successful,E101,User {user} login successful
67031,2026-01-14,18:07:20,INFO,WebServer,User u2539 login successful,E101,User {user} login successful
67032,2026-01-14,18:30:59,INFO,OrderProcessor,Transaction tx168277 completed in 1080ms,E104,Transaction {tx} completed in {time}ms
67033,2026-01-14,18:26:52,INFO,AuthService,User u1379 login successful,E101,User {user} login successful
67034,2026-01-14,18:48:27,INFO,AuthService,Transaction tx387253 completed in 797ms,E104,Transaction {tx} completed in {time}ms
67035,2026-01-14,18:09:52,INFO,OrderProcessor,Page view: /home by u4788,E103,Page view: {page} by {user}
67036,2026-01-14,18:13:01,INFO,PaymentGateway,Transaction tx510768 completed in 328ms,E104,Transaction {tx} completed in {time}ms
67037,2026-01-14,18:28:32,INFO,AuthService,Transaction tx694460 completed in 1359ms,E104,Transaction {tx} completed in {time}ms
67038,2026-01-14,18:25:22,INFO,AuthService,User u4363 login successful,E101,User {user} login successful
67039,2026-01-14,18:13:08,WARN,WebServer,Unauthorized access attempt from 10.0.0.99,E401,Unauthorized access attempt from {ip}
67040,2026-01-14,18:43:09,INFO,WebServer,Page view: /home by u1716,E103,Page view: {page} by {user}
67041,2026-01-14,18:50:43,INFO,PaymentGateway,Transaction tx831725 completed in 1720ms,E104,Transaction {tx} completed in {time}ms
67042,2026-01-14,18:56:45,INFO,WebServer,User u3655 login successful,E101,User {user} login successful
67043,2026-01-14,18:32:19,CRITICAL,WebServer,DATA CORRUPTION detected in sector 746,E602,DATA CORRUPTION detected in sector {sector}
67044,2026-01-14,18:26:54,INFO,InventoryDB,Health check passed: InventoryDB,E102,Health check passed: {service}
67045,2026-01-14,18:30:17,INFO,AuthService,Transaction tx612901 completed in 1439ms,E104,Transaction {tx} completed in {time}ms
67046,2026-01-14,18:57:47,INFO,PaymentGateway,Page view: /home by u4183,E103,Page view: {page} by {user}
67047,2026-01-14,18:21:04,INFO,WebServer,Health check passed: WebServer,E102,Health check passed: {service}
67048,2026-01-14,18:04:42,INFO,WebServer,Health check passed: WebServer,E102,Health check passed: {service}
67049,2026-01-14,18:40:53,INFO,WebServer,User u3137 login successful,E101,User {user} login successful
67050,2026-01-14,18:32:58,INFO,PaymentGateway,User u4520 login successful,E101,User {user} login successful
67051,2026-01-14,18:08:25,INFO,InventoryDB,User u4899 login successful,E101,User {user} login successful
67052,2026-01-14,18:54:29,INFO,WebServer,Health check passed: WebServer,E102,Health check passed: {service}
67053,2026-01-14,18:27:24,INFO,AuthService,Page view: /home by u1298,E103,Page view: {page} by {user}
67054,2026-01-14,18:36:14,INFO,AuthService,Transaction tx850082 completed in 1479ms,E104,Transaction {tx} completed in {time}ms
67055,2026-01-14,18:17:31,INFO,OrderProcessor,Page view: /home by u4853,E103,Page view: {page} by {user}
67056,2026-01-14,18:29:51,INFO,WebServer,Health check passed: WebServer,E102,Health check passed: {service}
67057,2026-01-14,18:27:14,INFO,WebServer,Page view: /home by u3915,E103,Page view: {page} by {user}
67058,2026-01-14,18:35:38,WARN,PaymentGateway,Unauthorized access attempt from 10.0.0.45,E401,Unauthorized access attempt from {ip}
67059,2026-01-14,18:14:39,INFO,WebServer,User u4051 login successful,E101,User {user} login successful
67060,2026-01-14,18:10:17,INFO,WebServer,Health check passed: WebServer,E102,Health check passed: {service}
67061,2026-01-14,18:43:38,INFO,PaymentGateway,Transaction tx291038 completed in 603ms,E104,Transaction {tx} completed in {time}ms
67062,2026-01-14,18:43:33,INFO,PaymentGateway,Transaction tx105250 completed in 1349ms,E104,Transaction {tx} completed in {time}ms
67063,2026-01-14,18:03:06,INFO,OrderProcessor,Page view: /home by u2890,E103,Page view: {page} by {user}
67064,2026-01-14,18:07:59,INFO,WebServer,Transaction tx959586 completed in 896ms,E104,Transaction {tx} completed in {time}ms
67065,2026-01-14,18:23:09,INFO,WebServer,Health check passed: WebServer,E102,Health check passed: {service}
67066,2026-01-14,18:23:13,INFO,PaymentGateway,User u4411 login successful,E101,User {user} login successful
67067,2026-01-14,18:05:50,INFO,WebServer,Transaction tx906971 completed in 924ms,E104,Transaction {tx} completed in {time}ms
67068,2026-01-14,18:17:24,INFO,WebServer,Health check passed: WebServer,E102,Health check passed: {service}
67069,2026-01-14,18:37:05,INFO,AuthService,Health check passed: AuthService,E102,Health check passed: {service}
67070,2026-01-14,18:21:12,WARN,OrderProcessor,Disk usage > 85% on node node-5,E202,Disk usage > 85% on node {node}
67071,2026-01-14,18:43:19,INFO,AuthService,Transaction tx914144 completed in 1869ms,E104,Transaction {tx} completed in {time}ms
67072,2026-01-14,18:09:48,INFO,PaymentGateway,Health check passed: PaymentGateway,E102,Health check passed: {service}
67073,2026-01-14,18:21:56,INFO,OrderProcessor,Page view: /home by u2333,E103,Page view: {page} by {user}
67074,2026-01-14,18:53:05,INFO,InventoryDB,User u1710 login successful,E101,User {user} login successful
67075,2026-01-14,18:16:55,INFO,AuthService,User u4477 login successful,E101,User {user} login successful
67076,2026-01-14,18:32:42,INFO,InventoryDB,Health check passed: InventoryDB,E102,Health check passed: {service}
67077,2026-01-14,18:09:51,INFO,InventoryDB,Transaction tx168663 completed in 1096ms,E104,Transaction {tx} completed in {time}ms
67078,2026-01-14,18:51:27,INFO,WebServer,Transaction tx787238 completed in 1399ms,E104,Transaction {tx} completed in {time}ms
67079,2026-01-14,18:40:35,INFO,PaymentGateway,Page view: /home by u3368,E103,Page view: {page} by {user}
67080,2026-01-14,18:51:39,INFO,WebServer,Page view: /home by u3311,E103,Page view: {page} by {user}
67081,2026-01-14,18:36:40,INFO,WebServer,Health check passed: WebServer,E102,Health check passed: {service}
67082,2026-01-14,18:30:34,INFO,WebServer,User u3439 login successful,E101,User {user} login successful
67083,2026-01-14,18:42:55,INFO,WebServer,Health check passed: WebServer,E102,Health check passed: {service}
67084,2026-01-14,18:19:51,INFO,AuthService,Health check passed: AuthService,E102,Health check passed: {service}
67085,2026-01-14,18:49:34,INFO,WebServer,Health check passed: WebServer,E102,Health check passed: {service}
67086,2026-01-14,18:24:38,INFO,AuthService,Transaction tx647246 completed in 189ms,E104,Transaction {tx} completed in {time}ms
67087,2026-01-14,18:35:28,INFO,PaymentGateway,User u2668 login successful,E101,User {user} login successful
67088,2026-01-14,18:20:47,INFO,AuthService,Page view: /home by u2882,E103,Page view: {page} by {user}
67089,2026-01-14,18:04:16,INFO,AuthService,User u1215 login successful,E101,User {user} login successful
67090,2026-01-14,18:45:11,INFO,WebServer,Transaction tx212986 completed in 121ms,E104,Transaction {tx} completed in {time}ms
67091,2026-01-14,18:08:09,INFO,WebServer,User u1982 login successful,E101,User {user} login successful
67092,2026-01-14,18:44:02,INFO,AuthService,Page view: /home by u4772,E103,Page view: {page} by {user}
67093,2026-01-14,18:32:36,INFO,InventoryDB,Transaction tx361479 completed in 851ms,E104,Transaction {tx} completed in {time}ms
67094,2026-01-14,18:08:11,INFO,AuthService,User u4886 login successful,E101,User {user} login successful
67095,2026-01-14,18:46:44,INFO,AuthService,Page view: /home by u4109,E103,Page view: {page} by {user}
67096,2026-01-14,18:08:08,INFO,AuthService,Transaction tx787618 completed in 1190ms,E104,Transaction {tx} completed in {time}ms
67097,2026-01-14,18:29:25,INFO,WebServer,Page view: /home by u3135,E103,Page view: {page} by {user}
67098,2026-01-14,18:40:03,INFO,WebServer,Health check passed: WebServer,E102,Health check passed: {service}
67099,2026-01-14,18:19:31,INFO,WebServer,User u3838 login successful,E101,User {user} login successful
67100,2026-01-14,18:01:44,INFO,WebServer,User u1881 login successful,E101,User {user} login successful
67101,2026-01-14,18:23:07,INFO,AuthService,Health check passed: AuthService,E102,Health check passed: {service}
67102,2026-01-14,18:24:53,INFO,WebServer,User u2566 login successful,E101,User {user} login successful
67103,2026-01-14,18:07:03,INFO,PaymentGateway,Health check passed: PaymentGateway,E102,Health check passed: {service}
67104,2026-01-14,18:35:42,INFO,OrderProcessor,Page view: /home by u1424,E103,Page view: {page} by {user}
67105,2026-01-14,18:51:27,INFO,PaymentGateway,Transaction tx931069 completed in 610ms,E104,Transaction {tx} completed in {time}ms
67106,2026-01-14,18:12:10,INFO,PaymentGateway,Health check passed: PaymentGateway,E102,Health check passed: {service}
67107,2026-01-14,18:40:53,WARN,WebServer,High latency (1287ms) detected on WebServer,E201,High latency ({time}ms) detected on {service}
67108,2026-01-14,18:18:27,INFO,InventoryDB,Transaction tx532907 completed in 289ms,E104,Transaction {tx} completed in {time}ms
67109,2026-01-14,18:14:13,INFO,PaymentGateway,Page view: /home by u3140,E103,Page view: {page} by {user}
67110,2026-01-14,18:59:35,INFO,AuthService,Transaction tx354133 completed in 421ms,E104,Transaction {tx} completed in {time}ms
67111,2026-01-14,18:37:54,INFO,PaymentGateway,Health check passed: PaymentGateway,E102,Health check passed: {service}
67112,2026-01-14,18:52:22,INFO,OrderProcessor,Health check passed: OrderProcessor,E102,Health check passed: {service}
67113,2026-01-14,18:10:25,INFO,WebServer,Transaction tx530520 completed in 541ms,E104,Transaction {tx} completed in {time}ms
67114,2026-01-14,18:52:56,INFO,AuthService,Page view: /home by u3533,E103,Page view: {page} by {user}
67115,2026-01-14,18:52:14,INFO,OrderProcessor,Transaction tx424936 completed in 1740ms,E104,Transaction {tx} completed in {time}ms
67116,2026-01-14,18:29:11,INFO,WebServer,Page view: /home by u3674,E103,Page view: {page} by {user}
67117,2026-01-14,18:28:21,INFO,OrderProcessor,Health check passed: OrderProcessor,E102,Health check passed: {service}
67118,2026-01-14,18:05:27,INFO,WebServer,Page view: /home by u3994,E103,Page view: {page} by {user}
67119,2026-01-14,18:30:27,ERROR,WebServer,Payment declined: Gateway unavailable,E503,Payment declined: Gateway unavailable
67120,2026-01-14,18:23:25,INFO,PaymentGateway,Health check passed: PaymentGateway,E102,Health check passed: {service}
67121,2026-01-14,18:48:10,INFO,WebServer,User u1488 login successful,E101,User {user} login successful
67122,2026-01-14,18:32:04,INFO,PaymentGateway,Health check passed: PaymentGateway,E102,Health check passed: {service}
67123,2026-01-14,18:14:32,INFO,AuthService,Page view: /home by u2205,E103,Page view: {page} by {user}
67124,2026-01-14,18:52:18,INFO,InventoryDB,Health check passed: InventoryDB,E102,Health check passed: {service}
67125,2026-01-14,18:20:14,INFO,WebServer,User u2262 login successful,E101,User {user} login successful
67126,2026-01-14,18:56:21,INFO,OrderProcessor,User u4434 login successful,E101,User {user} login successful
67127,2026-01-14,18:10:22,INFO,AuthService,Page view: /home by u3793,E103,Page view: {page} by {user}
67128,2026-01-14,18:16:14,INFO,AuthService,Transaction tx487352 completed in 1479ms,E104,Transaction {tx} completed in {time}ms
67129,2026-01-14,18:33:16,INFO,WebServer,Page view: /home by u4098,E103,Page view: {page} by {user}
67130,2026-01-14,18:53:31,INFO,AuthService,Health check passed: AuthService,E102,Health check passed: {service}
67131,2026-01-14,18:01:28,INFO,WebServer,Health check passed: WebServer,E102,Health check passed: {service}
67132,2026-01-14,18:57:11,INFO,OrderProcessor,User u4393 login successful,E101,User {user} login successful
67133,2026-01-14,18:20:50,INFO,OrderProcessor,Page view: /home by u2597,E103,Page view: {page} by {user}
67134,2026-01-14,18:04:43,INFO,PaymentGateway,Page view: /home by u4251,E103,Page view: {page} by {user}
67135,2026-01-14,18:48:21,INFO,OrderProcessor,Health check passed: OrderProcessor,E102,Health check passed: {service}
67136,2026-01-14,18:25:39,INFO,WebServer,Health check passed: WebServer,E102,Health check passed: {service}
67137,2026-01-14,18:14:48,INFO,WebServer,Health check passed: WebServer,E102,Health check passed: {service}
67138,2026-01-14,18:08:21,INFO,WebServer,Page view: /home by u1756,E103,Page view: {page} by {user}
67139,2026-01-14,18:06:29,INFO,PaymentGateway,Health check passed: PaymentGateway,E102,Health check passed: {service}
67140,2026-01-14,18:48:25,INFO,PaymentGateway,Transaction tx234852 completed in 631ms,E104,Transaction {tx} completed in {time}ms
67141,2026-01-14,18:53:07,INFO,WebServer,Health check passed: WebServer,E102,Health check passed: {service}
67142,2026-01-14,18:37:17,INFO,PaymentGateway,User u1680 login successful,E101,User {user} login successful
67143,2026-01-14,18:12:04,WARN,WebServer,High latency (1502ms) detected on WebServer,E201,High latency ({time}ms) detected on {service}
67144,2026-01-14,18:41:15,INFO,WebServer,Health check passed: WebServer,E102,Health check passed: {service}
67145,2026-01-14,18:28:22,INFO,WebServer,Page view: /home by u3144,E103,Page view: {page} by {user}
67146,2026-01-14,18:14:56,INFO,AuthService,User u4932 login successful,E101,User {user} login successful
67147,2026-01-14,18:10:02,INFO,WebServer,User u1137 login successful,E101,User {user} login successful
67148,2026-01-14,18:01:07,INFO,OrderProcessor,User u1159 login successful,E101,User {user} login successful
67149,2026-01-14,18:28:39,INFO,WebServer,Page view: /home by u1464,E103,Page view: {page} by {user}
67150,2026-01-14,18:13:27,INFO,AuthService,Page view: /home by u4159,E103,Page view: {page} by {user}
67151,2026-01-14,18:19:24,INFO,WebServer,User u4650 login successful,E101,User {user} login successful
67152,2026-01-14,18:00:34,INFO,AuthService,Page view: /home by u4393,E103,Page view: {page} by {user}
67153,2026-01-14,18:34:17,INFO,WebServer,Health check passed: WebServer,E102,Health check passed: {service}
67154,2026-01-14,18:28:29,INFO,WebServer,User u1327 login successful,E101,User {user} login successful
67155,2026-01-14,18:42:41,INFO,WebServer,Page view: /home by u3552,E103,Page view: {page} by {user}
67156,2026-01-14,18:10:58,INFO,PaymentGateway,Health check passed: PaymentGateway,E102,Health check passed: {service}
67157,2026-01-14,18:01:43,INFO,OrderProcessor,Transaction tx482307 completed in 1731ms,E104,Transaction {tx} completed in {time}ms
67158,2026-01-14,18:01:33,INFO,AuthService,Page view: /home by u2458,E103,Page view: {page} by {user}
67159,2026-01-14,18:45:19,INFO,OrderProcessor,User u2397 login successful,E101,User {user} login successful
67160,2026-01-14,18:32:43,INFO,AuthService,User u1470 login successful,E101,User {user} login successful
67161,2026-01-14,18:26:25,INFO,WebServer,User u1944 login successful,E101,User {user} login successful
67162,2026-01-14,18:19:49,INFO,InventoryDB,Page view: /home by u1632,E103,Page view: {page} by {user}
67163,2026-01-14,18:46:47,INFO,AuthService,User u2540 login successful,E101,User {user} login successful
67164,2026-01-14,18:30:01,INFO,PaymentGateway,Page view: /home by u4673,E103,Page view: {page} by {user}
67165,2026-01-14,18:43:58,INFO,WebServer,Page view: /home by u2884,E103,Page view: {page} by {user}
67166,2026-01-14,18:53:18,INFO,WebServer,Transaction tx705457 completed in 1374ms,E104,Transaction {tx} completed in {time}ms
67167,2026-01-14,18:35:56,INFO,OrderProcessor,Health check passed: OrderProcessor,E102,Health check passed: {service}
67168,2026-01-14,18:34:51,WARN,WebServer,Unauthorized access attempt from 10.0.0.45,E401,Unauthorized access attempt from {ip}
67169,2026-01-14,18:27:17,INFO,AuthService,Transaction tx789835 completed in 1025ms,E104,Transaction {tx} completed in {time}ms
67170,2026-01-14,18:16:36,INFO,AuthService,Transaction tx451551 completed in 101ms,E104,Transaction {tx} completed in {time}ms
67171,2026-01-14,18:39:19,INFO,AuthService,Health check passed: AuthService,E102,Health check passed: {service}
67172,2026-01-14,18:01:05,INFO,WebServer,User u2990 login successful,E101,User {user} login successful
67173,2026-01-14,18:01:24,INFO,WebServer,User u3178 login successful,E101,User {user} login successful
67174,2026-01-14,18:41:08,INFO,WebServer,User u2849 login successful,E101,User {user} login successful
67175,2026-01-14,18:17:18,INFO,WebServer,Transaction tx685922 completed in 1361ms,E104,Transaction {tx} completed in {time}ms
67176,2026-01-14,18:28:23,WARN,WebServer,High latency (1490ms) detected on WebServer,E201,High latency ({time}ms) detected on {service}
67177,2026-01-14,18:35:56,INFO,WebServer,Page view: /home by u1929,E103,Page view: {page} by {user}
67178,2026-01-14,18:05:46,INFO,AuthService,User u2579 login successful,E101,User {user} login successful
67179,2026-01-14,18:00:30,INFO,WebServer,Page view: /home by u1725,E103,Page view: {page} by {user}
67180,2026-01-14,18:28:41,INFO,WebServer,Transaction tx495071 completed in 1548ms,E104,Transaction {tx} completed in {time}ms
67181,2026-01-14,18:29:39,INFO,WebServer,Health check passed: WebServer,E102,Health check passed: {service}
67182,2026-01-14,18:17:19,ERROR,WebServer,Payment declined: Gateway unavailable,E503,Payment declined: Gateway unavailable
67183,2026-01-14,18:09:43,INFO,WebServer,Health check passed: WebServer,E102,Health check passed: {service}
67184,2026-01-14,18:28:17,INFO,AuthService,Page view: /home by u2750,E103,Page view: {page} by {user}
67185,2026-01-14,18:13:42,INFO,WebServer,Health check passed: WebServer,E102,Health check passed: {service}
67186,2026-01-14,18:49:12,INFO,PaymentGateway,Transaction tx232146 completed in 1643ms,E104,Transaction {tx} completed in {time}ms
67187,2026-01-14,18:32:43,INFO,WebServer,Health check passed: WebServer,E102,Health check passed: {service}
67188,2026-01-14,18:40:46,INFO,WebServer,Health check passed: WebServer,E102,Health check passed: {service}
67189,2026-01-14,18:20:16,INFO,AuthService,User u4327 login successful,E101,User {user} login successful
67190,2026-01-14,18:46:52,INFO,InventoryDB,User u1231 login successful,E101,User {user} login successful
67191,2026-01-14,18:45:21,INFO,WebServer,Health check passed: WebServer,E102,Health check passed: {service}
67192,2026-01-14,18:01:49,WARN,WebServer,High latency (1476ms) detected on WebServer,E201,High latency ({time}ms) detected on {service}
67193,2026-01-14,18:44:39,INFO,WebServer,Health check passed: WebServer,E102,Health check passed: {service}
67194,2026-01-14,18:01:11,INFO,WebServer,Page view: /home by u3778,E103,Page view: {page} by {user}
67195,2026-01-14,18:42:32,INFO,WebServer,Transaction tx310638 completed in 94ms,E104,Transaction {tx} completed in {time}ms
67196,2026-01-14,18:27:57,INFO,InventoryDB,User u3484 login successful,E101,User {user} login successful
67197,2026-01-14,18:04:05,INFO,WebServer,Health check passed: WebServer,E102,Health check passed: {service}
67198,2026-01-14,18:52:28,INFO,WebServer,Page view: /home by u2964,E103,Page view: {page} by {user}
67199,2026-01-14,18:33:32,INFO,WebServer,Health check passed: WebServer,E102,Health check passed: {service}
67200,2026-01-14,18:29:37,INFO,OrderProcessor,Page view: /home by u2093,E103,Page view: {page} by {user}
67201,2026-01-14,18:27:43,INFO,WebServer,Transaction tx609742 completed in 1705ms,E104,Transaction {tx} completed in {time}ms
67202,2026-01-14,18:39:44,WARN,AuthService,Disk usage > 85% on node node-1,E202,Disk usage > 85% on node {node}
67203,2026-01-14,18:18:56,INFO,AuthService,Health check passed: AuthService,E102,Health check passed: {service}
67204,2026-01-14,18:27:14,INFO,OrderProcessor,Page view: /home by u3570,E103,Page view: {page} by {user}
67205,2026-01-14,18:52:00,INFO,WebServer,Transaction tx198102 completed in 1547ms,E104,Transaction {tx} completed in {time}ms
67206,2026-01-14,18:54:54,INFO,WebServer,Page view: /home by u1607,E103,Page view: {page} by {user}
67207,2026-01-14,18:55:45,INFO,PaymentGateway,Health check passed: PaymentGateway,E102,Health check passed: {service}
67208,2026-01-14,18:15:12,INFO,PaymentGateway,Page view: /home by u4676,E103,Page view: {page} by {user}
67209,2026-01-14,18:54:19,INFO,OrderProcessor,Page view: /home by u4792,E103,Page view: {page} by {user}
67210,2026-01-14,18:15:11,INFO,AuthService,Transaction tx105411 completed in 665ms,E104,Transaction {tx} completed in {time}ms
67211,2026-01-14,18:38:29,INFO,WebServer,Page view: /home by u1880,E103,Page view: {page} by {user}
67212,2026-01-14,18:34:35,INFO,WebServer,User u3521 login successful,E101,User {user} login successful
67213,2026-01-14,18:09:43,INFO,WebServer,User u1482 login successful,E101,User {user} login successful
67214,2026-01-14,18:14:15,INFO,OrderProcessor,Transaction tx132061 completed in 353ms,E104,Transaction {tx} completed in {time}ms
67215,2026-01-14,18:41:53,INFO,AuthService,Transaction tx403302 completed in 1593ms,E104,Transaction {tx} completed in {time}ms
67216,2026-01-14,18:11:29,INFO,AuthService,Page view: /home by u3597,E103,Page view: {page} by {user}
67217,2026-01-14,18:02:04,WARN,OrderProcessor,High latency (1919ms) detected on OrderProcessor,E201,High latency ({time}ms) detected on {service}
67218,2026-01-14,18:01:09,INFO,AuthService,Health check passed: AuthService,E102,Health check passed: {service}
67219,2026-01-14,18:47:16,INFO,AuthService,User u4028 login successful,E101,User {user} login successful
67220,2026-01-14,18:33:48,INFO,AuthService,User u1084 login successful,E101,User {user} login successful
67221,2026-01-14,18:29:19,INFO,InventoryDB,Health check passed: InventoryDB,E102,Health check passed: {service}
67222,2026-01-14,18:27:10,INFO,PaymentGateway,Page view: /home by u1181,E103,Page view: {page} by {user}
67223,2026-01-14,18:37:55,INFO,AuthService,Health check passed: AuthService,E102,Health check passed: {service}
67224,2026-01-14,18:24:55,INFO,AuthService,Transaction tx125963 completed in 402ms,E104,Transaction {tx} completed in {time}ms
67225,2026-01-14,18:51:18,INFO,AuthService,Transaction tx587068 completed in 1527ms,E104,Transaction {tx} completed in {time}ms
67226,2026-01-14,18:06:23,INFO,PaymentGateway,Transaction tx802294 completed in 1066ms,E104,Transaction {tx} completed in {time}ms
67227,2026-01-14,18:05:11,INFO,WebServer,Health check passed: WebServer,E102,Health check passed: {service}
67228,2026-01-14,18:13:58,INFO,WebServer,User u1438 login successful,E101,User {user} login successful
67229,2026-01-14,18:30:10,INFO,OrderProcessor,Page view: /home by u4895,E103,Page view: {page} by {user}
67230,2026-01-14,18:51:18,INFO,AuthService,Page view: /home by u2474,E103,Page view: {page} by {user}
67231,2026-01-14,18:39:01,INFO,WebServer,Transaction tx722205 completed in 1882ms,E104,Transaction {tx} completed in {time}ms
67232,2026-01-14,18:44:20,INFO,PaymentGateway,User u4702 login successful,E101,User {user} login successful
67233,2026-01-14,18:20:11,INFO,OrderProcessor,Transaction tx354759 completed in 428ms,E104,Transaction {tx} completed in {time}ms
67234,2026-01-14,18:36:49,INFO,WebServer,Page view: /home by u3275,E103,Page view: {page} by {user}
67235,2026-01-14,18:14:46,WARN,OrderProcessor,Disk usage > 85% on node node-3,E202,Disk usage > 85% on node {node}
67236,2026-01-14,18:36:20,INFO,WebServer,Page view: /home by u4579,E103,Page view: {page} by {user}
67237,2026-01-14,18:09:04,WARN,PaymentGateway,High latency (989ms) detected on PaymentGateway,E201,High latency ({time}ms) detected on {service}
67238,2026-01-14,18:22:32,INFO,AuthService,User u4174 login successful,E101,User {user} login successful
67239,2026-01-14,18:35:05,INFO,PaymentGateway,User u4603 login successful,E101,User {user} login successful
67240,2026-01-14,18:10:43,INFO,AuthService,User u3082 login successful,E101,User {user} login successful
67241,2026-01-14,18:41:22,INFO,WebServer,Transaction tx220845 completed in 1491ms,E104,Transaction {tx} completed in {time}ms
67242,2026-01-14,18:45:42,INFO,WebServer,Page view: /home by u3012,E103,Page view: {page} by {user}
67243,2026-01-14,18:19:53,INFO,WebServer,Page view: /home by u1573,E103,Page view: {page} by {user}
67244,2026-01-14,18:58:15,INFO,OrderProcessor,Page view: /home by u1862,E103,Page view: {page} by {user}
67245,2026-01-14,18:42:16,INFO,PaymentGateway,Transaction tx900037 completed in 1320ms,E104,Transaction {tx} completed in {time}ms
67246,2026-01-14,18:06:01,INFO,WebServer,Page view: /home by u4612,E103,Page view: {page} by {user}
67247,2026-01-14,18:00:46,INFO,AuthService,Transaction tx314593 completed in 1959ms,E104,Transaction {tx} completed in {time}ms
67248,2026-01-14,18:44:16,ERROR,PaymentGateway,Payment declined: Gateway unavailable,E503,Payment declined: Gateway unavailable
67249,2026-01-14,18:10:28,INFO,AuthService,Page view: /home by u1495,E103,Page view: {page} by {user}
67250,2026-01-14,18:21:17,INFO,AuthService,Health check passed: AuthService,E102,Health check passed: {service}
67251,2026-01-14,18:03:44,INFO,WebServer,Page view: /home by u2142,E103,Page view: {page} by {user}
67252,2026-01-14,18:28:12,INFO,WebServer,Transaction tx284632 completed in 1661ms,E104,Transaction {tx} completed in {time}ms
67253,2026-01-14,18:11:50,INFO,WebServer,Transaction tx980536 completed in 444ms,E104,Transaction {tx} completed in {time}ms
67254,2026-01-14,18:53:13,INFO,WebServer,Health check passed: WebServer,E102,Health check passed: {service}
67255,2026-01-14,18:28:42,INFO,InventoryDB,Health check passed: InventoryDB,E102,Health check passed: {service}
67256,2026-01-14,18:30:27,INFO,AuthService,Health check passed: AuthService,E102,Health check passed: {service}
67257,2026-01-14,18:10:41,INFO,InventoryDB,User u3343 login successful,E101,User {user} login successful
67258,2026-01-14,18:40:05,INFO,AuthService,Page view: /home by u3188,E103,Page view: {page} by {user}
67259,2026-01-14,18:45:50,INFO,OrderProcessor,Health check passed: OrderProcessor,E102,Health check passed: {service}
67260,2026-01-14,18:23:39,INFO,OrderProcessor,Health check passed: OrderProcessor,E102,Health check passed: {service}
67261,2026-01-14,18:52:07,INFO,WebServer,Health check passed: WebServer,E102,Health check passed: {service}
67262,2026-01-14,18:19:08,INFO,OrderProcessor,User u3759 login successful,E101,User {user} login successful
67263,2026-01-14,18:38:43,INFO,InventoryDB,Health check passed: InventoryDB,E102,Health check passed: {service}
67264,2026-01-14,18:23:44,INFO,AuthService,Transaction tx881507 completed in 664ms,E104,Transaction {tx} completed in {time}ms
67265,2026-01-14,18:52:27,WARN,OrderProcessor,Unauthorized access attempt from 10.0.0.88,E401,Unauthorized access attempt from {ip}
67266,2026-01-14,18:28:12,INFO,WebServer,Page view: /home by u4253,E103,Page view: {page} by {user}
67267,2026-01-14,18:00:06,ERROR,InventoryDB,Connection refused to InventoryDB at 10.0.0.45,E501,Connection refused to {service} at {ip}
67268,2026-01-14,18:06:34,INFO,PaymentGateway,Health check passed: PaymentGateway,E102,Health check passed: {service}
67269,2026-01-14,18:18:37,INFO,AuthService,User u1448 login successful,E101,User {user} login successful
67270,2026-01-14,18:52:28,INFO,WebServer,Transaction tx961490 completed in 753ms,E104,Transaction {tx} completed in {time}ms
67271,2026-01-14,18:48:39,INFO,WebServer,Health check passed: WebServer,E102,Health check passed: {service}
67272,2026-01-14,18:32:16,INFO,WebServer,User u2644 login successful,E101,User {user} login successful
67273,2026-01-14,18:28:30,INFO,WebServer,Health check passed: WebServer,E102,Health check passed: {service}
67274,2026-01-14,18:43:50,INFO,WebServer,Transaction tx279385 completed in 662ms,E104,Transaction {tx} completed in {time}ms
67275,2026-01-14,18:49:50,INFO,OrderProcessor,Page view: /home by u2422,E103,Page view: {page} by {user}
67276,2026-01-14,18:08:00,INFO,InventoryDB,User u2263 login successful,E101,User {user} login successful
67277,2026-01-14,18:56:02,INFO,PaymentGateway,Page view: /home by u2607,E103,Page view: {page} by {user}
67278,2026-01-14,18:55:42,INFO,AuthService,Transaction tx854516 completed in 1324ms,E104,Transaction {tx} completed in {time}ms
67279,2026-01-14,18:58:07,INFO,WebServer,User u1929 login successful,E101,User {user} login successful
67280,2026-01-14,18:00:59,WARN,WebServer,Unauthorized access attempt from 10.0.0.45,E401,Unauthorized access attempt from {ip}
67281,2026-01-14,18:07:49,INFO,AuthService,Transaction tx570324 completed in 503ms,E104,Transaction {tx} completed in {time}ms
67282,2026-01-14,18:35:44,ERROR,OrderProcessor,Connection refused to OrderProcessor at 10.0.0.45,E501,Connection refused to {service} at {ip}
67283,2026-01-14,18:31:38,INFO,WebServer,User u4711 login successful,E101,User {user} login successful
67284,2026-01-14,18:07:33,INFO,WebServer,Page view: /home by u4802,E103,Page view: {page} by {user}
67285,2026-01-14,18:38:09,INFO,OrderProcessor,Page view: /home by u4590,E103,Page view: {page} by {user}
67286,2026-01-14,18:46:27,INFO,WebServer,Page view: /home by u1350,E103,Page view: {page} by {user}
67287,2026-01-14,18:28:12,INFO,WebServer,Page view: /home by u3635,E103,Page view: {page} by {user}
67288,2026-01-14,18:13:12,WARN,InventoryDB,Unauthorized access attempt from 10.0.0.12,E401,Unauthorized access attempt from {ip}
67289,2026-01-14,18:31:56,INFO,WebServer,Transaction tx779168 completed in 534ms,E104,Transaction {tx} completed in {time}ms
67290,2026-01-14,18:36:24,INFO,PaymentGateway,Health check passed: PaymentGateway,E102,Health check passed: {service}
67291,2026-01-14,18:20:37,INFO,AuthService,Health check passed: AuthService,E102,Health check passed: {service}
67292,2026-01-14,18:28:54,INFO,InventoryDB,Transaction tx689177 completed in 539ms,E104,Transaction {tx} completed in {time}ms
67293,2026-01-14,18:30:27,INFO,WebServer,Health check passed: WebServer,E102,Health check passed: {service}
67294,2026-01-14,18:58:30,INFO,WebServer,Health check passed: WebServer,E102,Health check passed: {service}
67295,2026-01-14,18:49:29,INFO,WebServer,Health check passed: WebServer,E102,Health check passed: {service}
67296,2026-01-14,18:44:01,INFO,AuthService,Transaction tx424825 completed in 722ms,E104,Transaction {tx} completed in {time}ms
67297,2026-01-14,18:04:25,INFO,WebServer,Health check passed: WebServer,E102,Health check passed: {service}
67298,2026-01-14,18:28:58,WARN,AuthService,Disk usage > 85% on node node-1,E202,Disk usage > 85% on node {node}
67299,2026-01-14,18:55:42,INFO,PaymentGateway,User u2040 login successful,E101,User {user} login successful
67300,2026-01-14,18:34:24,INFO,PaymentGateway,Transaction tx473883 completed in 1973ms,E104,Transaction {tx} completed in {time}ms
67301,2026-01-14,18:18:34,INFO,AuthService,User u4682 login successful,E101,User {user} login successful
67302,2026-01-14,18:44:48,INFO,PaymentGateway,User u3334 login successful,E101,User {user} login successful
67303,2026-01-14,18:03:52,INFO,WebServer,User u4874 login successful,E101,User {user} login successful
67304,2026-01-14,18:37:24,INFO,WebServer,User u1233 login successful,E101,User {user} login successful
67305,2026-01-14,18:30:13,INFO,PaymentGateway,User u3771 login successful,E101,User {user} login successful
67306,2026-01-14,18:09:01,INFO,PaymentGateway,Transaction tx561875 completed in 633ms,E104,Transaction {tx} completed in {time}ms
67307,2026-01-14,18:25:20,INFO,WebServer,User u3211 login successful,E101,User {user} login successful
67308,2026-01-14,18:03:27,INFO,PaymentGateway,Health check passed: PaymentGateway,E102,Health check passed: {service}
67309,2026-01-14,18:45:53,INFO,OrderProcessor,Transaction tx866113 completed in 578ms,E104,Transaction {tx} completed in {time}ms
67310,2026-01-14,18:39:02,INFO,WebServer,Page view: /home by u1437,E103,Page view: {page} by {user}
67311,2026-01-14,18:28:16,INFO,AuthService,Health check passed: AuthService,E102,Health check passed: {service}
67312,2026-01-14,18:49:21,INFO,OrderProcessor,Page view: /home by u4375,E103,Page view: {page} by {user}
67313,2026-01-14,18:54:54,INFO,OrderProcessor,Transaction tx992536 completed in 236ms,E104,Transaction {tx} completed in {time}ms
67314,2026-01-14,18:21:17,INFO,AuthService,Health check passed: AuthService,E102,Health check passed: {service}
67315,2026-01-14,18:11:00,INFO,WebServer,Transaction tx949578 completed in 410ms,E104,Transaction {tx} completed in {time}ms
67316,2026-01-14,18:20:40,INFO,OrderProcessor,Transaction tx722651 completed in 1895ms,E104,Transaction {tx} completed in {time}ms
67317,2026-01-14,18:01:42,INFO,WebServer,Page view: /home by u1351,E103,Page view: {page} by {user}
67318,2026-01-14,18:34:13,INFO,WebServer,Transaction tx891329 completed in 64ms,E104,Transaction {tx} completed in {time}ms
67319,2026-01-14,18:12:22,INFO,AuthService,Transaction tx621550 completed in 541ms,E104,Transaction {tx} completed in {time}ms
67320,2026-01-14,18:14:52,INFO,AuthService,User u3947 login successful,E101,User {user} login successful
67321,2026-01-14,18:34:09,INFO,AuthService,Health check passed: AuthService,E102,Health check passed: {service}
67322,2026-01-14,18:16:36,INFO,WebServer,Transaction tx689622 completed in 746ms,E104,Transaction {tx} completed in {time}ms
67323,2026-01-14,18:24:24,INFO,OrderProcessor,Page view: /home by u3750,E103,Page view: {page} by {user}
67324,2026-01-14,18:45:46,INFO,WebServer,Health check passed: WebServer,E102,Health check passed: {service}
67325,2026-01-14,18:23:33,INFO,PaymentGateway,Health check passed: PaymentGateway,E102,Health check passed: {service}
67326,2026-01-14,18:47:16,INFO,WebServer,Health check passed: WebServer,E102,Health check passed: {service}
67327,2026-01-14,18:14:44,INFO,WebServer,User u3869 login successful,E101,User {user} login successful
67328,2026-01-14,18:57:05,INFO,OrderProcessor,User u3853 login successful,E101,User {user} login successful
67329,2026-01-14,18:03:07,INFO,WebServer,Health check passed: WebServer,E102,Health check passed: {service}
67330,2026-01-14,18:46:24,INFO,InventoryDB,Health check passed: InventoryDB,E102,Health check passed: {service}
67331,2026-01-14,18:53:56,INFO,WebServer,Health check passed: WebServer,E102,Health check passed: {service}
67332,2026-01-14,18:33:53,INFO,AuthService,Transaction tx778782 completed in 1381ms,E104,Transaction {tx} completed in {time}ms
67333,2026-01-14,18:35:33,INFO,WebServer,Transaction tx520140 completed in 936ms,E104,Transaction {tx} completed in {time}ms
67334,2026-01-14,18:37:13,INFO,WebServer,Page view: /home by u2049,E103,Page view: {page} by {user}
67335,2026-01-14,18:11:27,INFO,WebServer,User u3616 login successful,E101,User {user} login successful
67336,2026-01-14,18:52:39,INFO,OrderProcessor,User u4994 login successful,E101,User {user} login successful
67337,2026-01-14,18:46:39,INFO,WebServer,Health check passed: WebServer,E102,Health check passed: {service}
67338,2026-01-14,18:03:09,INFO,AuthService,Transaction tx485493 completed in 1143ms,E104,Transaction {tx} completed in {time}ms
67339,2026-01-14,18:22:00,INFO,AuthService,User u2197 login successful,E101,User {user} login successful
67340,2026-01-14,19:39:18,INFO,WebServer,Health check passed: WebServer,E102,Health check passed: {service}
67341,2026-01-14,19:03:30,INFO,WebServer,Page view: /home by u3314,E103,Page view: {page} by {user}
67342,2026-01-14,19:03:59,INFO,WebServer,Page view: /home by u3943,E103,Page view: {page} by {user}
67343,2026-01-14,19:35:20,INFO,WebServer,Page view: /home by u2673,E103,Page view: {page} by {user}
67344,2026-01-14,19:45:14,INFO,AuthService,Transaction tx136520 completed in 423ms,E104,Transaction {tx} completed in {time}ms
67345,2026-01-14,19:22:07,INFO,PaymentGateway,Transaction tx924893 completed in 53ms,E104,Transaction {tx} completed in {time}ms
67346,2026-01-14,19:19:03,INFO,PaymentGateway,Transaction tx613794 completed in 371ms,E104,Transaction {tx} completed in {time}ms
67347,2026-01-14,19:25:27,INFO,AuthService,Transaction tx873949 completed in 1134ms,E104,Transaction {tx} completed in {time}ms
67348,2026-01-14,19:38:53,INFO,WebServer,Health check passed: WebServer,E102,Health check passed: {service}
67349,2026-01-14,19:18:21,INFO,WebServer,Health check passed: WebServer,E102,Health check passed: {service}
67350,2026-01-14,19:51:48,INFO,AuthService,Page view: /home by u2687,E103,Page view: {page} by {user}
67351,2026-01-14,19:59:01,INFO,WebServer,User u4636 login successful,E101,User {user} login successful
67352,2026-01-14,19:44:43,INFO,WebServer,User u4579 login successful,E101,User {user} login successful
67353,2026-01-14,19:13:07,INFO,WebServer,Page view: /home by u1508,E103,Page view: {page} by {user}
67354,2026-01-14,19:18:50,WARN,InventoryDB,Unauthorized access attempt from 10.0.0.88,E401,Unauthorized access attempt from {ip}
67355,2026-01-14,19:42:45,INFO,WebServer,Page view: /home by u4519,E103,Page view: {page} by {user}
67356,2026-01-14,19:14:47,INFO,AuthService,User u1278 login successful,E101,User {user} login successful
67357,2026-01-14,19:45:43,INFO,WebServer,Transaction tx431523 completed in 854ms,E104,Transaction {tx} completed in {time}ms
67358,2026-01-14,19:39:49,WARN,WebServer,Unauthorized access attempt from 10.0.0.45,E401,Unauthorized access attempt from {ip}
67359,2026-01-14,19:51:50,INFO,WebServer,Transaction tx333705 completed in 307ms,E104,Transaction {tx} completed in {time}ms
67360,2026-01-14,19:58:38,INFO,WebServer,Page view: /home by u3088,E103,Page view: {page} by {user}
67361,2026-01-14,19:22:27,INFO,AuthService,Page view: /home by u4601,E103,Page view: {page} by {user}
67362,2026-01-14,19:53:20,INFO,WebServer,Transaction tx691818 completed in 1800ms,E104,Transaction {tx} completed in {time}ms
67363,2026-01-14,19:44:41,INFO,WebServer,Page view: /home by u2761,E103,Page view: {page} by {user}
67364,2026-01-14,19:36:47,INFO,WebServer,Page view: /home by u4416,E103,Page view: {page} by {user}
67365,2026-01-14,19:00:27,INFO,OrderProcessor,Page view: /home by u4935,E103,Page view: {page} by {user}
67366,2026-01-14,19:05:43,INFO,WebServer,Health check passed: WebServer,E102,Health check passed: {service}
67367,2026-01-14,19:46:58,INFO,WebServer,Page view: /home by u3395,E103,Page view: {page} by {user}
67368,2026-01-14,19:16:03,INFO,OrderProcessor,Health check passed: OrderProcessor,E102,Health check passed: {service}
67369,2026-01-14,19:07:41,INFO,WebServer,Transaction tx169103 completed in 1469ms,E104,Transaction {tx} completed in {time}ms
67370,2026-01-14,19:28:35,INFO,PaymentGateway,Page view: /home by u4020,E103,Page view: {page} by {user}
67371,2026-01-14,19:52:35,INFO,OrderProcessor,Transaction tx535943 completed in 1917ms,E104,Transaction {tx} completed in {time}ms
67372,2026-01-14,19:25:53,INFO,WebServer,Transaction tx908447 completed in 1543ms,E104,Transaction {tx} completed in {time}ms
67373,2026-01-14,19:23:07,INFO,WebServer,Health check passed: WebServer,E102,Health check passed: {service}
67374,2026-01-14,19:09:29,INFO,AuthService,Transaction tx570328 completed in 943ms,E104,Transaction {tx} completed in {time}ms
67375,2026-01-14,19:38:27,INFO,WebServer,Transaction tx267646 completed in 1512ms,E104,Transaction {tx} completed in {time}ms
67376,2026-01-14,19:26:11,INFO,AuthService,Health check passed: AuthService,E102,Health check passed: {service}
67377,2026-01-14,19:59:22,INFO,WebServer,Page view: /home by u3299,E103,Page view: {page} by {user}
67378,2026-01-14,19:35:38,INFO,WebServer,Page view: /home by u4991,E103,Page view: {page} by {user}
67379,2026-01-14,19:14:50,INFO,AuthService,Health check passed: AuthService,E102,Health check passed: {service}
67380,2026-01-14,19:04:47,INFO,WebServer,Health check passed: WebServer,E102,Health check passed: {service}
67381,2026-01-14,19:01:15,INFO,WebServer,Health check passed: WebServer,E102,Health check passed: {service}
67382,2026-01-14,19:31:11,INFO,WebServer,Health check passed: WebServer,E102,Health check passed: {service}
67383,2026-01-14,19:33:49,INFO,OrderProcessor,User u2282 login successful,E101,User {user} login successful
67384,2026-01-14,19:55:16,INFO,InventoryDB,Transaction tx514175 completed in 1129ms,E104,Transaction {tx} completed in {time}ms
67385,2026-01-14,19:02:59,INFO,WebServer,Health check passed: WebServer,E102,Health check passed: {service}
67386,2026-01-14,19:00:34,INFO,WebServer,Page view: /home by u1225,E103,Page view: {page} by {user}
67387,2026-01-14,19:08:39,INFO,WebServer,User u4055 login successful,E101,User {user} login successful
67388,2026-01-14,19:34:58,WARN,AuthService,High latency (1538ms) detected on AuthService,E201,High latency ({time}ms) detected on {service}
67389,2026-01-14,19:49:46,INFO,OrderProcessor,Health check passed: OrderProcessor,E102,Health check passed: {service}
67390,2026-01-14,19:09:28,INFO,AuthService,Health check passed: AuthService,E102,Health check passed: {service}
67391,2026-01-14,19:17:02,INFO,InventoryDB,User u1209 login successful,E101,User {user} login successful
67392,2026-01-14,19:58:15,WARN,WebServer,Disk usage > 85% on node node-5,E202,Disk usage > 85% on node {node}
67393,2026-01-14,19:51:52,WARN,AuthService,Disk usage > 85% on node node-2,E202,Disk usage > 85% on node {node}
67394,2026-01-14,19:08:22,INFO,WebServer,Page view: /home by u4267,E103,Page view: {page} by {user}
67395,2026-01-14,19:12:58,INFO,WebServer,Health check passed: WebServer,E102,Health check passed: {service}
67396,2026-01-14,19:40:12,INFO,WebServer,Transaction tx668532 completed in 1057ms,E104,Transaction {tx} completed in {time}ms
67397,2026-01-14,19:36:33,INFO,WebServer,Page view: /home by u4045,E103,Page view: {page} by {user}
67398,2026-01-14,19:38:36,INFO,AuthService,Page view: /home by u3616,E103,Page view: {page} by {user}
67399,2026-01-14,19:04:31,INFO,AuthService,User u4378 login successful,E101,User {user} login successful
67400,2026-01-14,19:53:40,INFO,WebServer,User u1047 login successful,E101,User {user} login successful
67401,2026-01-14,19:35:11,INFO,AuthService,Health check passed: AuthService,E102,Health check passed: {service}
67402,2026-01-14,19:28:55,INFO,WebServer,Health check passed: WebServer,E102,Health check passed: {service}
67403,2026-01-14,19:45:39,INFO,OrderProcessor,Health check passed: OrderProcessor,E102,Health check passed: {service}
67404,2026-01-14,19:23:33,INFO,WebServer,Health check passed: WebServer,E102,Health check passed: {service}
67405,2026-01-14,19:58:02,INFO,AuthService,Page view: /home by u3095,E103,Page view: {page} by {user}
67406,2026-01-14,19:04:08,INFO,PaymentGateway,User u4276 login successful,E101,User {user} login successful
67407,2026-01-14,19:01:08,INFO,WebServer,Transaction tx672032 completed in 1591ms,E104,Transaction {tx} completed in {time}ms
67408,2026-01-14,19:26:16,INFO,WebServer,Health check passed: WebServer,E102,Health check passed: {service}
67409,2026-01-14,19:18:33,INFO,AuthService,Health check passed: AuthService,E102,Health check passed: {service}
67410,2026-01-14,19:35:07,WARN,WebServer,High latency (893ms) detected on WebServer,E201,High latency ({time}ms) detected on {service}
67411,2026-01-14,19:26:06,INFO,OrderProcessor,Page view: /home by u2707,E103,Page view: {page} by {user}
67412,2026-01-14,19:32:20,INFO,WebServer,Page view: /home by u4387,E103,Page view: {page} by {user}
67413,2026-01-14,19:43:37,INFO,PaymentGateway,Health check passed: PaymentGateway,E102,Health check passed: {service}
67414,2026-01-14,19:24:03,INFO,OrderProcessor,User u1986 login successful,E101,User {user} login successful
67415,2026-01-14,19:08:10,INFO,WebServer,Transaction tx902615 completed in 333ms,E104,Transaction {tx} completed in {time}ms
67416,2026-01-14,19:43:41,INFO,AuthService,Transaction tx989629 completed in 682ms,E104,Transaction {tx} completed in {time}ms
67417,2026-01-14,19:34:33,INFO,WebServer,Transaction tx177766 completed in 1111ms,E104,Transaction {tx} completed in {time}ms
67418,2026-01-14,19:12:22,INFO,WebServer,User u1872 login successful,E101,User {user} login successful
67419,2026-01-14,19:49:46,INFO,WebServer,User u4387 login successful,E101,User {user} login successful
67420,2026-01-14,19:39:05,INFO,WebServer,User u2582 login successful,E101,User {user} login successful
67421,2026-01-14,19:53:05,WARN,WebServer,Disk usage > 85% on node node-5,E202,Disk usage > 85% on node {node}
67422,2026-01-14,19:12:07,INFO,WebServer,User u2856 login successful,E101,User {user} login successful
67423,2026-01-14,19:27:23,INFO,PaymentGateway,Page view: /home by u1915,E103,Page view: {page} by {user}
67424,2026-01-14,19:55:03,INFO,AuthService,User u3748 login successful,E101,User {user} login successful
67425,2026-01-14,19:06:35,INFO,AuthService,User u1922 login successful,E101,User {user} login successful
67426,2026-01-14,19:43:05,INFO,WebServer,Page view: /home by u4161,E103,Page view: {page} by {user}
67427,2026-01-14,19:19:30,INFO,AuthService,Transaction tx749589 completed in 443ms,E104,Transaction {tx} completed in {time}ms
67428,2026-01-14,19:13:31,INFO,WebServer,User u4715 login successful,E101,User {user} login successful
67429,2026-01-14,19:37:32,INFO,OrderProcessor,Transaction tx318886 completed in 1905ms,E104,Transaction {tx} completed in {time}ms
67430,2026-01-14,19:02:19,INFO,OrderProcessor,Health check passed: OrderProcessor,E102,Health check passed: {service}
67431,2026-01-14,19:11:41,INFO,WebServer,Page view: /home by u2357,E103,Page view: {page} by {user}
67432,2026-01-14,19:44:42,INFO,WebServer,Transaction tx304894 completed in 1995ms,E104,Transaction {tx} completed in {time}ms
67433,2026-01-14,19:04:44,INFO,WebServer,Page view: /home by u2588,E103,Page view: {page} by {user}
67434,2026-01-14,19:24:55,WARN,WebServer,Unauthorized access attempt from 10.0.0.45,E401,Unauthorized access attempt from {ip}
67435,2026-01-14,19:30:04,INFO,InventoryDB,User u1556 login successful,E101,User {user} login successful
67436,2026-01-14,19:19:10,INFO,PaymentGateway,User u4352 login successful,E101,User {user} login successful
67437,2026-01-14,19:55:20,WARN,WebServer,High latency (337ms) detected on WebServer,E201,High latency ({time}ms) detected on {service}
67438,2026-01-14,19:08:27,INFO,WebServer,Page view: /home by u4951,E103,Page view: {page} by {user}
67439,2026-01-14,19:16:26,INFO,InventoryDB,Page view: /home by u2805,E103,Page view: {page} by {user}
67440,2026-01-14,19:52:20,ERROR,OrderProcessor,Timeout waiting for lock on InventoryDB,E502,Timeout waiting for lock on {db}
67441,2026-01-14,19:50:00,INFO,WebServer,User u3545 login successful,E101,User {user} login successful
67442,2026-01-14,19:57:52,INFO,OrderProcessor,Transaction tx160203 completed in 1377ms,E104,Transaction {tx} completed in {time}ms
67443,2026-01-14,19:18:15,INFO,WebServer,Page view: /home by u2635,E103,Page view: {page} by {user}
67444,2026-01-14,19:25:59,INFO,WebServer,User u1887 login successful,E101,User {user} login successful
67445,2026-01-14,19:51:29,INFO,OrderProcessor,Page view: /home by u1369,E103,Page view: {page} by {user}
67446,2026-01-14,19:14:41,INFO,WebServer,Page view: /home by u2946,E103,Page view: {page} by {user}
67447,2026-01-14,19:30:09,INFO,PaymentGateway,User u1526 login successful,E101,User {user} login successful
67448,2026-01-14,19:49:15,INFO,WebServer,Page view: /home by u2998,E103,Page view: {page} by {user}
67449,2026-01-14,19:51:16,INFO,WebServer,Transaction tx773136 completed in 282ms,E104,Transaction {tx} completed in {time}ms
67450,2026-01-14,19:42:55,INFO,WebServer,Transaction tx226031 completed in 793ms,E104,Transaction {tx} completed in {time}ms
67451,2026-01-14,19:51:23,WARN,WebServer,Unauthorized access attempt from 10.0.0.12,E401,Unauthorized access attempt from {ip}
67452,2026-01-14,19:09:51,INFO,AuthService,User u3987 login successful,E101,User {user} login successful
67453,2026-01-14,19:44:28,INFO,WebServer,Health check passed: WebServer,E102,Health check passed: {service}
67454,2026-01-14,19:15:09,INFO,WebServer,Transaction tx402396 completed in 123ms,E104,Transaction {tx} completed in {time}ms
67455,2026-01-14,19:59:32,ERROR,OrderProcessor,Timeout waiting for lock on InventoryDB,E502,Timeout waiting for lock on {db}
67456,2026-01-14,19:54:24,INFO,InventoryDB,User u2678 login successful,E101,User {user} login successful
67457,2026-01-14,19:10:55,INFO,AuthService,Health check passed: AuthService,E102,Health check passed: {service}
67458,2026-01-14,19:39:46,INFO,PaymentGateway,Health check passed: PaymentGateway,E102,Health check passed: {service}
67459,2026-01-14,19:30:51,INFO,OrderProcessor,User u3627 login successful,E101,User {user} login successful
67460,2026-01-14,19:04:31,INFO,AuthService,Transaction tx771473 completed in 479ms,E104,Transaction {tx} completed in {time}ms
67461,2026-01-14,19:51:04,INFO,OrderProcessor,Health check passed: OrderProcessor,E102,Health check passed: {service}
67462,2026-01-14,19:35:39,INFO,PaymentGateway,Health check passed: PaymentGateway,E102,Health check passed: {service}
67463,2026-01-14,19:50:01,INFO,WebServer,Health check passed: WebServer,E102,Health check passed: {service}
67464,2026-01-14,19:40:47,WARN,AuthService,Unauthorized access attempt from 10.0.0.45,E401,Unauthorized access attempt from {ip}
67465,2026-01-14,19:38:46,INFO,AuthService,Health check passed: AuthService,E102,Health check passed: {service}
67466,2026-01-14,19:27:36,INFO,OrderProcessor,Page view: /home by u3409,E103,Page view: {page} by {user}
67467,2026-01-14,19:28:16,INFO,WebServer,Page view: /home by u4162,E103,Page view: {page} by {user}
67468,2026-01-14,19:28:04,INFO,WebServer,User u4250 login successful,E101,User {user} login successful
67469,2026-01-14,19:45:39,INFO,WebServer,Health check passed: WebServer,E102,Health check passed: {service}
67470,2026-01-14,19:07:45,INFO,WebServer,Page view: /home by u2396,E103,Page view: {page} by {user}
67471,2026-01-14,19:19:53,INFO,WebServer,Health check passed: WebServer,E102,Health check passed: {service}
67472,2026-01-14,19:02:30,INFO,WebServer,Transaction tx295059 completed in 1842ms,E104,Transaction {tx} completed in {time}ms
67473,2026-01-14,19:38:08,INFO,WebServer,Health check passed: WebServer,E102,Health check passed: {service}
67474,2026-01-14,19:52:12,INFO,OrderProcessor,Health check passed: OrderProcessor,E102,Health check passed: {service}
67475,2026-01-14,19:52:29,INFO,WebServer,User u2183 login successful,E101,User {user} login successful
67476,2026-01-14,19:23:47,WARN,WebServer,Unauthorized access attempt from 10.0.0.88,E401,Unauthorized access attempt from {ip}
67477,2026-01-14,19:54:25,WARN,AuthService,High latency (1321ms) detected on AuthService,E201,High latency ({time}ms) detected on {service}
67478,2026-01-14,19:17:08,INFO,AuthService,Transaction tx477627 completed in 888ms,E104,Transaction {tx} completed in {time}ms
67479,2026-01-14,19:18:08,INFO,AuthService,Transaction tx288973 completed in 1311ms,E104,Transaction {tx} completed in {time}ms
67480,2026-01-14,19:24:58,INFO,WebServer,Health check passed: WebServer,E102,Health check passed: {service}
67481,2026-01-14,19:10:25,INFO,WebServer,User u3229 login successful,E101,User {user} login successful
67482,2026-01-14,19:35:13,INFO,WebServer,User u4131 login successful,E101,User {user} login successful
67483,2026-01-14,19:04:54,INFO,WebServer,User u2618 login successful,E101,User {user} login successful
67484,2026-01-14,19:24:42,INFO,InventoryDB,Health check passed: InventoryDB,E102,Health check passed: {service}
67485,2026-01-14,19:42:55,INFO,InventoryDB,Health check passed: InventoryDB,E102,Health check passed: {service}
67486,2026-01-14,19:22:39,INFO,WebServer,Page view: /home by u2075,E103,Page view: {page} by {user}
67487,2026-01-14,19:28:13,INFO,PaymentGateway,Health check passed: PaymentGateway,E102,Health check passed: {service}
67488,2026-01-14,19:36:23,INFO,AuthService,Page view: /home by u2182,E103,Page view: {page} by {user}
67489,2026-01-14,19:30:40,INFO,WebServer,Health check passed: WebServer,E102,Health check passed: {service}
67490,2026-01-14,19:37:36,INFO,WebServer,Page view: /home by u3985,E103,Page view: {page} by {user}
67491,2026-01-14,19:40:40,INFO,WebServer,Page view: /home by u4407,E103,Page view: {page} by {user}
67492,2026-01-14,19:59:25,INFO,InventoryDB,User u3286 login successful,E101,User {user} login successful
67493,2026-01-14,19:47:41,INFO,WebServer,Transaction tx276979 completed in 985ms,E104,Transaction {tx} completed in {time}ms
67494,2026-01-14,19:57:29,INFO,OrderProcessor,Page view: /home by u3534,E103,Page view: {page} by {user}
67495,2026-01-14,19:49:07,INFO,AuthService,User u1010 login successful,E101,User {user} login successful
67496,2026-01-14,19:18:29,INFO,WebServer,Transaction tx650904 completed in 1794ms,E104,Transaction {tx} completed in {time}ms
67497,2026-01-14,19:07:42,INFO,AuthService,Transaction tx765809 completed in 862ms,E104,Transaction {tx} completed in {time}ms
67498,2026-01-14,19:36:58,INFO,WebServer,Health check passed: WebServer,E102,Health check passed: {service}
67499,2026-01-14,19:14:54,ERROR,OrderProcessor,Payment declined: Gateway unavailable,E503,Payment declined: Gateway unavailable
67500,2026-01-14,19:32:20,INFO,WebServer,Transaction tx363598 completed in 462ms,E104,Transaction {tx} completed in {time}ms
67501,2026-01-14,19:55:29,INFO,WebServer,User u2730 login successful,E101,User {user} login successful
67502,2026-01-14,19:01:56,INFO,WebServer,User u3418 login successful,E101,User {user} login successful
67503,2026-01-14,19:32:58,INFO,WebServer,Health check passed: WebServer,E102,Health check passed: {service}
67504,2026-01-14,19:13:52,INFO,OrderProcessor,Page view: /home by u2256,E103,Page view: {page} by {user}
67505,2026-01-14,19:19:52,INFO,WebServer,Health check passed: WebServer,E102,Health check passed: {service}
67506,2026-01-14,19:05:22,WARN,WebServer,Unauthorized access attempt from 10.0.0.45,E401,Unauthorized access attempt from {ip}
67507,2026-01-14,19:16:31,INFO,WebServer,Transaction tx920653 completed in 59ms,E104,Transaction {tx} completed in {time}ms
67508,2026-01-14,19:58:11,INFO,WebServer,Page view: /home by u3521,E103,Page view: {page} by {user}
67509,2026-01-14,19:55:48,INFO,OrderProcessor,Health check passed: OrderProcessor,E102,Health check passed: {service}
67510,2026-01-14,19:44:14,INFO,WebServer,Health check passed: WebServer,E102,Health check passed: {service}
67511,2026-01-14,19:02:41,INFO,WebServer,Page view: /home by u1957,E103,Page view: {page} by {user}
67512,2026-01-14,19:38:24,INFO,WebServer,Page view: /home by u2003,E103,Page view: {page} by {user}
67513,2026-01-14,19:37:46,INFO,WebServer,Transaction tx927051 completed in 1822ms,E104,Transaction {tx} completed in {time}ms
67514,2026-01-14,19:32:26,INFO,WebServer,User u3302 login successful,E101,User {user} login successful
67515,2026-01-14,19:21:20,INFO,WebServer,Page view: /home by u4980,E103,Page view: {page} by {user}
67516,2026-01-14,19:01:39,WARN,WebServer,High latency (313ms) detected on WebServer,E201,High latency ({time}ms) detected on {service}
67517,2026-01-14,19:15:43,INFO,WebServer,Health check passed: WebServer,E102,Health check passed: {service}
67518,2026-01-14,19:53:18,INFO,WebServer,Transaction tx109213 completed in 1152ms,E104,Transaction {tx} completed in {time}ms
67519,2026-01-14,19:36:54,WARN,PaymentGateway,High latency (494ms) detected on PaymentGateway,E201,High latency ({time}ms) detected on {service}
67520,2026-01-14,19:30:37,INFO,OrderProcessor,User u3892 login successful,E101,User {user} login successful
67521,2026-01-14,19:13:44,INFO,WebServer,Health check passed: WebServer,E102,Health check passed: {service}
67522,2026-01-14,19:52:42,INFO,InventoryDB,Transaction tx502491 completed in 1715ms,E104,Transaction {tx} completed in {time}ms
67523,2026-01-14,19:39:05,INFO,PaymentGateway,Health check passed: PaymentGateway,E102,Health check passed: {service}
67524,2026-01-14,19:21:34,INFO,OrderProcessor,Page view: /home by u4237,E103,Page view: {page} by {user}
67525,2026-01-14,19:13:00,INFO,AuthService,Transaction tx439192 completed in 238ms,E104,Transaction {tx} completed in {time}ms
67526,2026-01-14,19:55:32,INFO,AuthService,User u1194 login successful,E101,User {user} login successful
67527,2026-01-14,19:25:07,INFO,AuthService,Health check passed: AuthService,E102,Health check passed: {service}
67528,2026-01-14,19:51:02,INFO,WebServer,Page view: /home by u1214,E103,Page view: {page} by {user}
67529,2026-01-14,19:44:20,INFO,AuthService,Transaction tx422581 completed in 483ms,E104,Transaction {tx} completed in {time}ms
67530,2026-01-14,19:05:53,INFO,WebServer,Transaction tx115500 completed in 764ms,E104,Transaction {tx} completed in {time}ms
67531,2026-01-14,19:40:51,INFO,AuthService,Transaction tx264862 completed in 1124ms,E104,Transaction {tx} completed in {time}ms
67532,2026-01-14,19:47:33,INFO,WebServer,Transaction tx931986 completed in 1361ms,E104,Transaction {tx} completed in {time}ms
67533,2026-01-14,19:53:15,WARN,PaymentGateway,Unauthorized access attempt from 10.0.0.88,E401,Unauthorized access attempt from {ip}
67534,2026-01-14,19:52:26,INFO,PaymentGateway,Transaction tx336618 completed in 1879ms,E104,Transaction {tx} completed in {time}ms
67535,2026-01-14,19:03:47,INFO,AuthService,Health check passed: AuthService,E102,Health check passed: {service}
67536,2026-01-14,19:07:57,INFO,OrderProcessor,Transaction tx899252 completed in 978ms,E104,Transaction {tx} completed in {time}ms
67537,2026-01-14,19:57:46,INFO,WebServer,Page view: /home by u4102,E103,Page view: {page} by {user}
67538,2026-01-14,19:28:49,INFO,WebServer,Transaction tx148064 completed in 1839ms,E104,Transaction {tx} completed in {time}ms
67539,2026-01-14,19:01:44,INFO,PaymentGateway,User u4060 login successful,E101,User {user} login successful
67540,2026-01-14,19:34:50,INFO,WebServer,Page view: /home by u3921,E103,Page view: {page} by {user}
67541,2026-01-14,19:52:08,INFO,InventoryDB,Transaction tx648369 completed in 275ms,E104,Transaction {tx} completed in {time}ms
67542,2026-01-14,19:30:16,INFO,AuthService,User u4883 login successful,E101,User {user} login successful
67543,2026-01-14,19:14:38,INFO,WebServer,Page view: /home by u4231,E103,Page view: {page} by {user}
67544,2026-01-14,19:04:13,INFO,WebServer,User u3529 login successful,E101,User {user} login successful
67545,2026-01-14,19:49:10,INFO,WebServer,User u3634 login successful,E101,User {user} login successful
67546,2026-01-14,19:31:50,INFO,InventoryDB,User u3254 login successful,E101,User {user} login successful
67547,2026-01-14,19:51:40,INFO,OrderProcessor,User u3793 login successful,E101,User {user} login successful
67548,2026-01-14,19:59:12,INFO,PaymentGateway,User u1081 login successful,E101,User {user} login successful
67549,2026-01-14,19:17:17,INFO,OrderProcessor,Health check passed: OrderProcessor,E102,Health check passed: {service}
67550,2026-01-14,19:16:48,INFO,WebServer,User u4282 login successful,E101,User {user} login successful
67551,2026-01-14,19:56:46,INFO,WebServer,Health check passed: WebServer,E102,Health check passed: {service}
67552,2026-01-14,19:27:51,INFO,WebServer,User u4402 login successful,E101,User {user} login successful
67553,2026-01-14,19:51:35,INFO,PaymentGateway,Page view: /home by u2349,E103,Page view: {page} by {user}
67554,2026-01-14,19:35:58,INFO,WebServer,Page view: /home by u4152,E103,Page view: {page} by {user}
67555,2026-01-14,19:25:27,INFO,OrderProcessor,Health check passed: OrderProcessor,E102,Health check passed: {service}
67556,2026-01-14,19:54:33,INFO,InventoryDB,Page view: /home by u3100,E103,Page view: {page} by {user}
67557,2026-01-14,19:14:31,INFO,AuthService,User u1094 login successful,E101,User {user} login successful
67558,2026-01-14,19:39:01,INFO,WebServer,Health check passed: WebServer,E102,Health check passed: {service}
67559,2026-01-14,19:47:11,INFO,WebServer,Health check passed: WebServer,E102,Health check passed: {service}
67560,2026-01-14,19:20:22,INFO,WebServer,Health check passed: WebServer,E102,Health check passed: {service}
67561,2026-01-14,19:43:15,WARN,WebServer,High latency (1860ms) detected on WebServer,E201,High latency ({time}ms) detected on {service}
67562,2026-01-14,19:33:51,INFO,AuthService,User u3167 login successful,E101,User {user} login successful
67563,2026-01-14,19:53:10,INFO,OrderProcessor,Transaction tx246199 completed in 1358ms,E104,Transaction {tx} completed in {time}ms
67564,2026-01-14,19:13:15,INFO,WebServer,Health check passed: WebServer,E102,Health check passed: {service}
67565,2026-01-14,19:58:44,INFO,WebServer,Health check passed: WebServer,E102,Health check passed: {service}
67566,2026-01-14,19:15:55,INFO,WebServer,Transaction tx119965 completed in 884ms,E104,Transaction {tx} completed in {time}ms
67567,2026-01-14,19:24:27,INFO,WebServer,Health check passed: WebServer,E102,Health check passed: {service}
67568,2026-01-14,19:25:39,INFO,AuthService,Health check passed: AuthService,E102,Health check passed: {service}
67569,2026-01-14,19:24:46,INFO,WebServer,Page view: /home by u4666,E103,Page view: {page} by {user}
67570,2026-01-14,19:17:59,INFO,OrderProcessor,Transaction tx995706 completed in 551ms,E104,Transaction {tx} completed in {time}ms
67571,2026-01-14,19:47:57,INFO,AuthService,Page view: /home by u4523,E103,Page view: {page} by {user}
67572,2026-01-14,19:08:10,INFO,OrderProcessor,Page view: /home by u3787,E103,Page view: {page} by {user}
67573,2026-01-14,19:10:59,INFO,WebServer,Transaction tx529377 completed in 1808ms,E104,Transaction {tx} completed in {time}ms
67574,2026-01-14,19:36:03,INFO,WebServer,Page view: /home by u2038,E103,Page view: {page} by {user}
67575,2026-01-14,19:27:46,INFO,WebServer,User u2500 login successful,E101,User {user} login successful
67576,2026-01-14,19:33:53,INFO,WebServer,User u4463 login successful,E101,User {user} login successful
67577,2026-01-14,19:11:06,INFO,WebServer,Health check passed: WebServer,E102,Health check passed: {service}
67578,2026-01-14,19:09:45,INFO,WebServer,Health check passed: WebServer,E102,Health check passed: {service}
67579,2026-01-14,19:47:36,INFO,WebServer,User u1136 login successful,E101,User {user} login successful
67580,2026-01-14,19:58:47,INFO,WebServer,Page view: /home by u3633,E103,Page view: {page} by {user}
67581,2026-01-14,19:27:29,INFO,PaymentGateway,User u4254 login successful,E101,User {user} login successful
67582,2026-01-14,19:19:39,INFO,WebServer,Page view: /home by u2943,E103,Page view: {page} by {user}
67583,2026-01-14,19:13:04,INFO,WebServer,Health check passed: WebServer,E102,Health check passed: {service}
67584,2026-01-14,19:12:47,INFO,AuthService,Health check passed: AuthService,E102,Health check passed: {service}
67585,2026-01-14,19:30:44,INFO,WebServer,Page view: /home by u4184,E103,Page view: {page} by {user}
67586,2026-01-14,19:08:56,INFO,OrderProcessor,Page view: /home by u2665,E103,Page view: {page} by {user}
67587,2026-01-14,19:11:19,INFO,WebServer,Health check passed: WebServer,E102,Health check passed: {service}
67588,2026-01-14,19:21:36,INFO,OrderProcessor,Health check passed: OrderProcessor,E102,Health check passed: {service}
67589,2026-01-14,19:35:12,INFO,WebServer,Transaction tx424156 completed in 168ms,E104,Transaction {tx} completed in {time}ms
67590,2026-01-14,19:03:32,INFO,AuthService,User u4103 login successful,E101,User {user} login successful
67591,2026-01-14,19:40:44,INFO,AuthService,Transaction tx689797 completed in 1317ms,E104,Transaction {tx} completed in {time}ms
67592,2026-01-14,19:49:52,INFO,WebServer,Page view: /home by u1719,E103,Page view: {page} by {user}
67593,2026-01-14,19:28:31,INFO,AuthService,Transaction tx464262 completed in 257ms,E104,Transaction {tx} completed in {time}ms
67594,2026-01-14,19:44:26,INFO,AuthService,Page view: /home by u3744,E103,Page view: {page} by {user}
67595,2026-01-14,19:57:31,INFO,WebServer,Page view: /home by u4663,E103,Page view: {page} by {user}
67596,2026-01-14,19:12:00,INFO,WebServer,Page view: /home by u4992,E103,Page view: {page} by {user}
67597,2026-01-14,19:57:25,WARN,AuthService,Disk usage > 85% on node node-2,E202,Disk usage > 85% on node {node}
67598,2026-01-14,19:14:01,INFO,WebServer,Page view: /home by u2643,E103,Page view: {page} by {user}
67599,2026-01-14,19:46:10,INFO,WebServer,Page view: /home by u1716,E103,Page view: {page} by {user}
67600,2026-01-14,19:00:07,INFO,AuthService,Page view: /home by u2026,E103,Page view: {page} by {user}
67601,2026-01-14,19:51:28,INFO,WebServer,Transaction tx792837 completed in 472ms,E104,Transaction {tx} completed in {time}ms
67602,2026-01-14,19:30:44,INFO,WebServer,Health check passed: WebServer,E102,Health check passed: {service}
67603,2026-01-14,19:06:56,INFO,WebServer,Health check passed: WebServer,E102,Health check passed: {service}
67604,2026-01-14,19:49:41,WARN,WebServer,High latency (726ms) detected on WebServer,E201,High latency ({time}ms) detected on {service}
67605,2026-01-14,19:02:13,INFO,AuthService,User u2457 login successful,E101,User {user} login successful
67606,2026-01-14,19:57:04,INFO,AuthService,Health check passed: AuthService,E102,Health check passed: {service}
67607,2026-01-14,19:19:46,INFO,OrderProcessor,User u3527 login successful,E101,User {user} login successful
67608,2026-01-14,19:27:42,INFO,WebServer,Health check passed: WebServer,E102,Health check passed: {service}
67609,2026-01-14,19:18:02,WARN,PaymentGateway,Unauthorized access attempt from 10.0.0.45,E401,Unauthorized access attempt from {ip}
67610,2026-01-14,19:04:53,INFO,PaymentGateway,Health check passed: PaymentGateway,E102,Health check passed: {service}
67611,2026-01-14,19:44:22,INFO,PaymentGateway,User u1432 login successful,E101,User {user} login successful
67612,2026-01-14,19:28:11,INFO,AuthService,Health check passed: AuthService,E102,Health check passed: {service}
67613,2026-01-14,19:49:00,INFO,AuthService,Health check passed: AuthService,E102,Health check passed: {service}
67614,2026-01-14,19:40:58,INFO,AuthService,Page view: /home by u4975,E103,Page view: {page} by {user}
67615,2026-01-14,19:18:06,INFO,WebServer,Transaction tx595898 completed in 1449ms,E104,Transaction {tx} completed in {time}ms
67616,2026-01-14,19:48:32,INFO,PaymentGateway,User u1187 login successful,E101,User {user} login successful
67617,2026-01-14,19:54:37,INFO,WebServer,Transaction tx978043 completed in 1678ms,E104,Transaction {tx} completed in {time}ms
67618,2026-01-14,19:44:48,INFO,WebServer,Page view: /home by u4773,E103,Page view: {page} by {user}
67619,2026-01-14,19:59:44,INFO,WebServer,Page view: /home by u3748,E103,Page view: {page} by {user}
67620,2026-01-14,19:52:26,INFO,WebServer,User u2809 login successful,E101,User {user} login successful
67621,2026-01-14,19:02:22,INFO,WebServer,Page view: /home by u4768,E103,Page view: {page} by {user}
67622,2026-01-14,19:13:12,INFO,WebServer,Transaction tx696045 completed in 1643ms,E104,Transaction {tx} completed in {time}ms
67623,2026-01-14,19:48:21,INFO,InventoryDB,Health check passed: InventoryDB,E102,Health check passed: {service}
67624,2026-01-14,19:22:52,INFO,AuthService,Page view: /home by u4445,E103,Page view: {page} by {user}
67625,2026-01-14,19:27:06,INFO,OrderProcessor,Transaction tx452659 completed in 40ms,E104,Transaction {tx} completed in {time}ms
67626,2026-01-14,19:58:47,INFO,WebServer,Page view: /home by u2070,E103,Page view: {page} by {user}
67627,2026-01-14,19:13:36,INFO,WebServer,User u1657 login successful,E101,User {user} login successful
67628,2026-01-14,19:15:41,INFO,WebServer,Health check passed: WebServer,E102,Health check passed: {service}
67629,2026-01-14,19:13:50,INFO,WebServer,Health check passed: WebServer,E102,Health check passed: {service}
67630,2026-01-14,19:08:42,INFO,PaymentGateway,Transaction tx354171 completed in 845ms,E104,Transaction {tx} completed in {time}ms
67631,2026-01-14,19:19:21,INFO,AuthService,Transaction tx516690 completed in 651ms,E104,Transaction {tx} completed in {time}ms
67632,2026-01-14,19:30:06,INFO,OrderProcessor,Page view: /home by u3517,E103,Page view: {page} by {user}
67633,2026-01-14,19:01:36,INFO,AuthService,Transaction tx288113 completed in 147ms,E104,Transaction {tx} completed in {time}ms
67634,2026-01-14,19:42:22,INFO,OrderProcessor,Health check passed: OrderProcessor,E102,Health check passed: {service}
67635,2026-01-14,19:40:26,INFO,AuthService,Health check passed: AuthService,E102,Health check passed: {service}
67636,2026-01-14,19:20:01,INFO,WebServer,User u2293 login successful,E101,User {user} login successful
67637,2026-01-14,19:46:55,INFO,OrderProcessor,Page view: /home by u1870,E103,Page view: {page} by {user}
67638,2026-01-14,19:40:28,INFO,WebServer,Transaction tx236865 completed in 1687ms,E104,Transaction {tx} completed in {time}ms
67639,2026-01-14,19:12:57,INFO,PaymentGateway,User u2221 login successful,E101,User {user} login successful
67640,2026-01-14,19:00:42,INFO,AuthService,Transaction tx433697 completed in 1535ms,E104,Transaction {tx} completed in {time}ms
67641,2026-01-14,19:23:28,INFO,WebServer,Page view: /home by u2206,E103,Page view: {page} by {user}
67642,2026-01-14,19:43:16,INFO,WebServer,Health check passed: WebServer,E102,Health check passed: {service}
67643,2026-01-14,19:47:18,INFO,AuthService,User u1682 login successful,E101,User {user} login successful
67644,2026-01-14,19:40:26,INFO,AuthService,Page view: /home by u2539,E103,Page view: {page} by {user}
67645,2026-01-14,19:48:32,INFO,WebServer,Transaction tx301239 completed in 24ms,E104,Transaction {tx} completed in {time}ms
67646,2026-01-14,19:45:50,INFO,OrderProcessor,Health check passed: OrderProcessor,E102,Health check passed: {service}
67647,2026-01-14,19:42:49,INFO,OrderProcessor,User u3541 login successful,E101,User {user} login successful
67648,2026-01-14,19:32:11,INFO,WebServer,Transaction tx895735 completed in 30ms,E104,Transaction {tx} completed in {time}ms
67649,2026-01-14,19:55:57,INFO,AuthService,Transaction tx633135 completed in 1323ms,E104,Transaction {tx} completed in {time}ms
67650,2026-01-14,19:06:50,INFO,WebServer,Page view: /home by u4358,E103,Page view: {page} by {user}
67651,2026-01-14,19:21:18,INFO,WebServer,Page view: /home by u1792,E103,Page view: {page} by {user}
67652,2026-01-14,19:07:52,INFO,WebServer,Transaction tx299394 completed in 564ms,E104,Transaction {tx} completed in {time}ms
67653,2026-01-14,19:34:24,INFO,WebServer,Page view: /home by u3247,E103,Page view: {page} by {user}
67654,2026-01-14,19:21:03,INFO,OrderProcessor,User u2567 login successful,E101,User {user} login successful
67655,2026-01-14,19:55:24,INFO,InventoryDB,User u4266 login successful,E101,User {user} login successful
67656,2026-01-14,19:16:11,INFO,OrderProcessor,Health check passed: OrderProcessor,E102,Health check passed: {service}
67657,2026-01-14,19:56:42,INFO,WebServer,User u1924 login successful,E101,User {user} login successful
67658,2026-01-14,19:20:09,INFO,WebServer,Transaction tx250729 completed in 1979ms,E104,Transaction {tx} completed in {time}ms
67659,2026-01-14,19:16:49,INFO,InventoryDB,Transaction tx497199 completed in 1452ms,E104,Transaction {tx} completed in {time}ms
67660,2026-01-14,19:05:41,INFO,WebServer,Transaction tx529518 completed in 1906ms,E104,Transaction {tx} completed in {time}ms
67661,2026-01-14,19:01:28,INFO,WebServer,Health check passed: WebServer,E102,Health check passed: {service}
67662,2026-01-14,19:17:05,INFO,WebServer,Transaction tx380166 completed in 1534ms,E104,Transaction {tx} completed in {time}ms
67663,2026-01-14,19:41:15,INFO,WebServer,Transaction tx850458 completed in 90ms,E104,Transaction {tx} completed in {time}ms
67664,2026-01-14,19:56:40,INFO,WebServer,Page view: /home by u4848,E103,Page view: {page} by {user}
67665,2026-01-14,19:24:02,INFO,OrderProcessor,Health check passed: OrderProcessor,E102,Health check passed: {service}
67666,2026-01-14,19:43:47,INFO,WebServer,Page view: /home by u2984,E103,Page view: {page} by {user}
67667,2026-01-14,19:24:47,INFO,PaymentGateway,Page view: /home by u1256,E103,Page view: {page} by {user}
67668,2026-01-14,19:53:49,WARN,OrderProcessor,High latency (1048ms) detected on OrderProcessor,E201,High latency ({time}ms) detected on {service}
67669,2026-01-14,19:29:31,INFO,AuthService,Page view: /home by u1662,E103,Page view: {page} by {user}
67670,2026-01-14,19:05:09,INFO,WebServer,User u4554 login successful,E101,User {user} login successful
67671,2026-01-14,19:42:44,INFO,AuthService,Transaction tx555812 completed in 1427ms,E104,Transaction {tx} completed in {time}ms
67672,2026-01-14,19:42:09,INFO,PaymentGateway,User u3758 login successful,E101,User {user} login successful
67673,2026-01-14,19:48:24,WARN,AuthService,Unauthorized access attempt from 10.0.0.45,E401,Unauthorized access attempt from {ip}
67674,2026-01-14,19:16:58,INFO,WebServer,User u2304 login successful,E101,User {user} login successful
67675,2026-01-14,19:23:47,INFO,InventoryDB,Health check passed: InventoryDB,E102,Health check passed: {service}
67676,2026-01-14,19:06:36,INFO,AuthService,User u4094 login successful,E101,User {user} login successful
67677,2026-01-14,19:34:41,INFO,WebServer,Transaction tx428666 completed in 760ms,E104,Transaction {tx} completed in {time}ms
67678,2026-01-14,19:09:49,INFO,PaymentGateway,Health check passed: PaymentGateway,E102,Health check passed: {service}
67679,2026-01-14,19:56:18,INFO,WebServer,Health check passed: WebServer,E102,Health check passed: {service}
67680,2026-01-14,19:57:21,INFO,WebServer,Health check passed: WebServer,E102,Health check passed: {service}
67681,2026-01-14,19:07:21,INFO,PaymentGateway,User u2572 login successful,E101,User {user} login successful
67682,2026-01-14,19:57:18,ERROR,WebServer,Payment declined: Gateway unavailable,E503,Payment declined: Gateway unavailable
67683,2026-01-14,19:39:56,INFO,AuthService,Transaction tx657740 completed in 732ms,E104,Transaction {tx} completed in {time}ms
67684,2026-01-14,19:17:25,INFO,WebServer,Transaction tx797379 completed in 862ms,E104,Transaction {tx} completed in {time}ms
67685,2026-01-14,19:52:19,INFO,InventoryDB,Page view: /home by u3967,E103,Page view: {page} by {user}
67686,2026-01-14,19:06:33,INFO,WebServer,Transaction tx985811 completed in 1638ms,E104,Transaction {tx} completed in {time}ms
67687,2026-01-14,19:59:48,INFO,AuthService,Transaction tx118164 completed in 1351ms,E104,Transaction {tx} completed in {time}ms
67688,2026-01-14,19:46:33,INFO,OrderProcessor,Transaction tx969303 completed in 1514ms,E104,Transaction {tx} completed in {time}ms
67689,2026-01-14,19:43:26,INFO,OrderProcessor,Transaction tx180809 completed in 412ms,E104,Transaction {tx} completed in {time}ms
67690,2026-01-14,19:33:28,INFO,WebServer,Health check passed: WebServer,E102,Health check passed: {service}
67691,2026-01-14,19:44:07,INFO,OrderProcessor,User u1856 login successful,E101,User {user} login successful
67692,2026-01-14,19:38:02,INFO,PaymentGateway,User u3402 login successful,E101,User {user} login successful
67693,2026-01-14,19:30:05,INFO,OrderProcessor,Transaction tx530955 completed in 316ms,E104,Transaction {tx} completed in {time}ms
67694,2026-01-14,19:01:56,INFO,WebServer,User u4083 login successful,E101,User {user} login successful
67695,2026-01-14,19:16:19,INFO,WebServer,Transaction tx661137 completed in 1158ms,E104,Transaction {tx} completed in {time}ms
67696,2026-01-14,19:24:01,INFO,WebServer,Transaction tx482604 completed in 1720ms,E104,Transaction {tx} completed in {time}ms
67697,2026-01-14,19:53:10,INFO,AuthService,Transaction tx227168 completed in 1787ms,E104,Transaction {tx} completed in {time}ms
67698,2026-01-14,19:26:36,INFO,AuthService,Page view: /home by u4728,E103,Page view: {page} by {user}
67699,2026-01-14,19:35:57,INFO,AuthService,User u2202 login successful,E101,User {user} login successful
67700,2026-01-14,19:54:21,WARN,WebServer,Unauthorized access attempt from 10.0.0.45,E401,Unauthorized access attempt from {ip}
67701,2026-01-14,19:04:53,INFO,WebServer,User u2099 login successful,E101,User {user} login successful
67702,2026-01-14,19:15:17,INFO,PaymentGateway,Transaction tx145415 completed in 906ms,E104,Transaction {tx} completed in {time}ms
67703,2026-01-14,19:52:53,INFO,WebServer,Transaction tx297112 completed in 275ms,E104,Transaction {tx} completed in {time}ms
67704,2026-01-14,19:28:13,INFO,OrderProcessor,Health check passed: OrderProcessor,E102,Health check passed: {service}
67705,2026-01-14,19:51:04,INFO,WebServer,User u3978 login successful,E101,User {user} login successful
67706,2026-01-14,19:58:37,INFO,WebServer,Transaction tx295848 completed in 1662ms,E104,Transaction {tx} completed in {time}ms
67707,2026-01-14,19:51:36,INFO,AuthService,Health check passed: AuthService,E102,Health check passed: {service}
67708,2026-01-14,19:45:22,INFO,WebServer,User u4490 login successful,E101,User {user} login successful
67709,2026-01-14,19:18:17,INFO,OrderProcessor,User u3112 login successful,E101,User {user} login successful
67710,2026-01-14,19:19:22,INFO,WebServer,Health check passed: WebServer,E102,Health check passed: {service}
67711,2026-01-14,19:00:29,INFO,PaymentGateway,Transaction tx116238 completed in 595ms,E104,Transaction {tx} completed in {time}ms
67712,2026-01-14,19:32:50,INFO,PaymentGateway,User u1885 login successful,E101,User {user} login successful
67713,2026-01-14,19:30:00,INFO,OrderProcessor,Health check passed: OrderProcessor,E102,Health check passed: {service}
67714,2026-01-14,19:55:00,INFO,WebServer,Transaction tx223203 completed in 1898ms,E104,Transaction {tx} completed in {time}ms
67715,2026-01-14,19:25:14,WARN,WebServer,Unauthorized access attempt from 10.0.0.45,E401,Unauthorized access attempt from {ip}
67716,2026-01-14,19:43:54,INFO,PaymentGateway,User u2779 login successful,E101,User {user} login successful
67717,2026-01-14,19:22:45,INFO,AuthService,Transaction tx586069 completed in 1028ms,E104,Transaction {tx} completed in {time}ms
67718,2026-01-14,19:31:26,INFO,WebServer,Health check passed: WebServer,E102,Health check passed: {service}
67719,2026-01-14,19:15:15,INFO,AuthService,Health check passed: AuthService,E102,Health check passed: {service}
67720,2026-01-14,19:44:11,WARN,OrderProcessor,Disk usage > 85% on node node-4,E202,Disk usage > 85% on node {node}
67721,2026-01-14,19:35:42,INFO,WebServer,User u1629 login successful,E101,User {user} login successful
67722,2026-01-14,19:29:27,WARN,PaymentGateway,High latency (518ms) detected on PaymentGateway,E201,High latency ({time}ms) detected on {service}
67723,2026-01-14,19:24:13,INFO,AuthService,Page view: /home by u4429,E103,Page view: {page} by {user}
67724,2026-01-14,19:56:47,INFO,WebServer,User u3832 login successful,E101,User {user} login successful
67725,2026-01-14,19:24:16,INFO,AuthService,Transaction tx721066 completed in 1840ms,E104,Transaction {tx} completed in {time}ms
67726,2026-01-14,19:05:56,ERROR,AuthService,Connection refused to AuthService at 10.0.0.88,E501,Connection refused to {service} at {ip}
67727,2026-01-14,19:57:13,INFO,OrderProcessor,Health check passed: OrderProcessor,E102,Health check passed: {service}
67728,2026-01-14,19:11:43,INFO,OrderProcessor,Health check passed: OrderProcessor,E102,Health check passed: {service}
67729,2026-01-14,19:46:18,WARN,WebServer,Disk usage > 85% on node node-4,E202,Disk usage > 85% on node {node}
67730,2026-01-14,19:31:22,INFO,AuthService,User u2728 login successful,E101,User {user} login successful
67731,2026-01-14,19:18:21,INFO,AuthService,User u1971 login successful,E101,User {user} login successful
67732,2026-01-14,19:19:31,INFO,WebServer,User u3994 login successful,E101,User {user} login successful
67733,2026-01-14,19:34:30,INFO,WebServer,User u2852 login successful,E101,User {user} login successful
67734,2026-01-14,19:09:28,INFO,WebServer,Health check passed: WebServer,E102,Health check passed: {service}
67735,2026-01-14,19:58:02,INFO,WebServer,Health check passed: WebServer,E102,Health check passed: {service}
67736,2026-01-14,19:08:56,INFO,OrderProcessor,Transaction tx395463 completed in 1596ms,E104,Transaction {tx} completed in {time}ms
67737,2026-01-14,19:17:15,INFO,PaymentGateway,Transaction tx100232 completed in 1141ms,E104,Transaction {tx} completed in {time}ms
67738,2026-01-14,19:50:11,INFO,OrderProcessor,Health check passed: OrderProcessor,E102,Health check passed: {service}
67739,2026-01-14,19:41:31,WARN,WebServer,Unauthorized access attempt from 10.0.0.45,E401,Unauthorized access attempt from {ip}
67740,2026-01-14,19:53:03,WARN,OrderProcessor,Disk usage > 85% on node node-4,E202,Disk usage > 85% on node {node}
67741,2026-01-14,19:29:04,INFO,WebServer,User u3990 login successful,E101,User {user} login successful
67742,2026-01-14,19:56:48,INFO,WebServer,Transaction tx152534 completed in 1379ms,E104,Transaction {tx} completed in {time}ms
67743,2026-01-14,19:34:09,INFO,AuthService,User u3299 login successful,E101,User {user} login successful
67744,2026-01-14,19:18:05,INFO,WebServer,Page view: /home by u1740,E103,Page view: {page} by {user}
67745,2026-01-14,19:51:15,INFO,WebServer,User u4899 login successful,E101,User {user} login successful
67746,2026-01-14,19:51:17,INFO,AuthService,Transaction tx173550 completed in 878ms,E104,Transaction {tx} completed in {time}ms
67747,2026-01-14,19:29:26,WARN,WebServer,Disk usage > 85% on node node-4,E202,Disk usage > 85% on node {node}
67748,2026-01-14,19:20:32,INFO,WebServer,Page view: /home by u4050,E103,Page view: {page} by {user}
67749,2026-01-14,19:21:44,INFO,OrderProcessor,User u3956 login successful,E101,User {user} login successful
67750,2026-01-14,19:20:29,INFO,WebServer,Page view: /home by u3349,E103,Page view: {page} by {user}
67751,2026-01-14,19:51:52,INFO,WebServer,Transaction tx253098 completed in 585ms,E104,Transaction {tx} completed in {time}ms
67752,2026-01-14,19:59:24,WARN,AuthService,High latency (1269ms) detected on AuthService,E201,High latency ({time}ms) detected on {service}
67753,2026-01-14,19:46:07,INFO,OrderProcessor,Health check passed: OrderProcessor,E102,Health check passed: {service}
67754,2026-01-14,19:32:50,INFO,WebServer,Page view: /home by u4896,E103,Page view: {page} by {user}
67755,2026-01-14,19:04:02,INFO,WebServer,User u2300 login successful,E101,User {user} login successful
67756,2026-01-14,19:17:14,INFO,WebServer,User u2420 login successful,E101,User {user} login successful
67757,2026-01-14,19:42:07,INFO,InventoryDB,Transaction tx838887 completed in 1765ms,E104,Transaction {tx} completed in {time}ms
67758,2026-01-14,19:17:57,INFO,WebServer,Transaction tx861309 completed in 1915ms,E104,Transaction {tx} completed in {time}ms
67759,2026-01-14,19:36:33,INFO,WebServer,User u1298 login successful,E101,User {user} login successful
67760,2026-01-14,19:49:51,INFO,AuthService,Page view: /home by u3860,E103,Page view: {page} by {user}
67761,2026-01-14,19:49:50,INFO,WebServer,Transaction tx856606 completed in 1663ms,E104,Transaction {tx} completed in {time}ms
67762,2026-01-14,19:53:02,WARN,AuthService,Disk usage > 85% on node node-5,E202,Disk usage > 85% on node {node}
67763,2026-01-14,19:59:54,INFO,OrderProcessor,Health check passed: OrderProcessor,E102,Health check passed: {service}
67764,2026-01-14,19:54:27,INFO,OrderProcessor,Transaction tx517509 completed in 845ms,E104,Transaction {tx} completed in {time}ms
67765,2026-01-14,19:07:22,INFO,AuthService,Health check passed: AuthService,E102,Health check passed: {service}
67766,2026-01-14,19:28:19,INFO,WebServer,Transaction tx622488 completed in 1880ms,E104,Transaction {tx} completed in {time}ms
67767,2026-01-14,19:32:55,INFO,WebServer,Health check passed: WebServer,E102,Health check passed: {service}
67768,2026-01-14,19:29:02,INFO,AuthService,User u3349 login successful,E101,User {user} login successful
67769,2026-01-14,19:00:45,INFO,AuthService,User u4548 login successful,E101,User {user} login successful
67770,2026-01-14,19:04:30,INFO,OrderProcessor,Transaction tx384064 completed in 655ms,E104,Transaction {tx} completed in {time}ms
67771,2026-01-14,19:03:19,INFO,AuthService,Page view: /home by u1440,E103,Page view: {page} by {user}
67772,2026-01-14,19:56:37,INFO,WebServer,User u2215 login successful,E101,User {user} login successful
67773,2026-01-14,19:51:09,INFO,OrderProcessor,Transaction tx762952 completed in 206ms,E104,Transaction {tx} completed in {time}ms
67774,2026-01-14,19:38:39,INFO,WebServer,User u2784 login successful,E101,User {user} login successful
67775,2026-01-14,19:30:16,INFO,WebServer,Page view: /home by u1981,E103,Page view: {page} by {user}
67776,2026-01-14,19:43:24,INFO,WebServer,User u2183 login successful,E101,User {user} login successful
67777,2026-01-14,19:18:44,INFO,PaymentGateway,User u2073 login successful,E101,User {user} login successful
67778,2026-01-14,19:59:33,INFO,WebServer,User u2624 login successful,E101,User {user} login successful
67779,2026-01-14,19:07:24,INFO,OrderProcessor,Page view: /home by u1455,E103,Page view: {page} by {user}
67780,2026-01-14,19:47:46,INFO,WebServer,Page view: /home by u4420,E103,Page view: {page} by {user}
67781,2026-01-14,19:13:57,INFO,PaymentGateway,User u2103 login successful,E101,User {user} login successful
67782,2026-01-14,19:52:31,INFO,PaymentGateway,Page view: /home by u2552,E103,Page view: {page} by {user}
67783,2026-01-14,19:35:28,INFO,WebServer,User u4193 login successful,E101,User {user} login successful
67784,2026-01-14,19:44:13,WARN,WebServer,Unauthorized access attempt from 10.0.0.45,E401,Unauthorized access attempt from {ip}
67785,2026-01-14,19:37:27,INFO,WebServer,User u2379 login successful,E101,User {user} login successful
67786,2026-01-14,19:58:30,INFO,OrderProcessor,Page view: /home by u1459,E103,Page view: {page} by {user}
67787,2026-01-14,19:12:05,INFO,WebServer,Page view: /home by u4195,E103,Page view: {page} by {user}
67788,2026-01-14,19:42:14,INFO,WebServer,Page view: /home by u1372,E103,Page view: {page} by {user}
67789,2026-01-14,19:29:38,INFO,AuthService,Page view: /home by u2339,E103,Page view: {page} by {user}
67790,2026-01-14,19:24:47,INFO,WebServer,Page view: /home by u1869,E103,Page view: {page} by {user}
67791,2026-01-14,19:20:14,INFO,WebServer,User u4785 login successful,E101,User {user} login successful
67792,2026-01-14,19:22:44,INFO,WebServer,Health check passed: WebServer,E102,Health check passed: {service}
67793,2026-01-14,19:50:48,INFO,WebServer,Health check passed: WebServer,E102,Health check passed: {service}
67794,2026-01-14,19:16:23,INFO,OrderProcessor,Page view: /home by u2790,E103,Page view: {page} by {user}
67795,2026-01-14,19:07:24,INFO,PaymentGateway,Health check passed: PaymentGateway,E102,Health check passed: {service}
67796,2026-01-14,19:05:10,INFO,WebServer,Health check passed: WebServer,E102,Health check passed: {service}
67797,2026-01-14,19:41:40,INFO,OrderProcessor,User u3383 login successful,E101,User {user} login successful
67798,2026-01-14,19:32:48,INFO,AuthService,Health check passed: AuthService,E102,Health check passed: {service}
67799,2026-01-14,19:08:40,INFO,PaymentGateway,Transaction tx594133 completed in 1692ms,E104,Transaction {tx} completed in {time}ms
67800,2026-01-14,19:41:01,INFO,AuthService,Health check passed: AuthService,E102,Health check passed: {service}
67801,2026-01-14,19:23:33,INFO,OrderProcessor,Page view: /home by u1578,E103,Page view: {page} by {user}
67802,2026-01-14,19:50:46,INFO,AuthService,Transaction tx570375 completed in 797ms,E104,Transaction {tx} completed in {time}ms
67803,2026-01-14,19:43:46,INFO,WebServer,User u1774 login successful,E101,User {user} login successful
67804,2026-01-14,19:54:46,INFO,WebServer,Page view: /home by u4678,E103,Page view: {page} by {user}
67805,2026-01-14,19:08:19,INFO,WebServer,User u3847 login successful,E101,User {user} login successful
67806,2026-01-14,19:04:44,WARN,WebServer,High latency (1541ms) detected on WebServer,E201,High latency ({time}ms) detected on {service}
67807,2026-01-14,19:45:26,INFO,WebServer,Health check passed: WebServer,E102,Health check passed: {service}
67808,2026-01-14,19:11:48,INFO,WebServer,Health check passed: WebServer,E102,Health check passed: {service}
67809,2026-01-14,19:26:44,INFO,AuthService,User u4198 login successful,E101,User {user} login successful
67810,2026-01-14,19:20:23,INFO,WebServer,Transaction tx189974 completed in 107ms,E104,Transaction {tx} completed in {time}ms
67811,2026-01-14,19:14:05,INFO,AuthService,Health check passed: AuthService,E102,Health check passed: {service}
67812,2026-01-14,19:11:17,INFO,WebServer,Health check passed: WebServer,E102,Health check passed: {service}
67813,2026-01-14,19:56:38,INFO,OrderProcessor,Page view: /home by u3337,E103,Page view: {page} by {user}
67814,2026-01-14,19:55:16,INFO,WebServer,Transaction tx821180 completed in 1217ms,E104,Transaction {tx} completed in {time}ms
67815,2026-01-14,19:26:00,INFO,WebServer,Health check passed: WebServer,E102,Health check passed: {service}
67816,2026-01-14,19:13:18,INFO,WebServer,Page view: /home by u1250,E103,Page view: {page} by {user}
67817,2026-01-14,19:08:58,INFO,WebServer,User u4925 login successful,E101,User {user} login successful
67818,2026-01-14,19:47:59,INFO,AuthService,Health check passed: AuthService,E102,Health check passed: {service}
67819,2026-01-14,19:27:21,INFO,InventoryDB,Transaction tx826736 completed in 386ms,E104,Transaction {tx} completed in {time}ms
67820,2026-01-14,19:38:55,INFO,PaymentGateway,Health check passed: PaymentGateway,E102,Health check passed: {service}
67821,2026-01-14,19:05:11,INFO,WebServer,Transaction tx157720 completed in 1564ms,E104,Transaction {tx} completed in {time}ms
67822,2026-01-14,19:42:00,INFO,AuthService,User u4972 login successful,E101,User {user} login successful
67823,2026-01-14,19:47:13,ERROR,WebServer,Connection refused to WebServer at 10.0.0.99,E501,Connection refused to {service} at {ip}
67824,2026-01-14,19:44:11,INFO,WebServer,Transaction tx297970 completed in 1907ms,E104,Transaction {tx} completed in {time}ms
67825,2026-01-14,19:25:05,INFO,AuthService,Transaction tx528781 completed in 1865ms,E104,Transaction {tx} completed in {time}ms
67826,2026-01-14,19:07:59,INFO,AuthService,Page view: /home by u2793,E103,Page view: {page} by {user}
67827,2026-01-14,19:59:49,INFO,AuthService,Transaction tx953232 completed in 1170ms,E104,Transaction {tx} completed in {time}ms
67828,2026-01-14,19:29:31,INFO,AuthService,Health check passed: AuthService,E102,Health check passed: {service}
67829,2026-01-14,19:11:07,INFO,OrderProcessor,Transaction tx254154 completed in 1442ms,E104,Transaction {tx} completed in {time}ms
67830,2026-01-14,19:42:17,INFO,AuthService,User u4369 login successful,E101,User {user} login successful
67831,2026-01-14,19:49:09,INFO,WebServer,User u3583 login successful,E101,User {user} login successful
67832,2026-01-14,19:46:31,INFO,WebServer,User u2355 login successful,E101,User {user} login successful
67833,2026-01-14,19:45:51,INFO,WebServer,Page view: /home by u2277,E103,Page view: {page} by {user}
67834,2026-01-14,19:26:24,INFO,AuthService,User u2245 login successful,E101,User {user} login successful
67835,2026-01-14,19:58:57,INFO,WebServer,Health check passed: WebServer,E102,Health check passed: {service}
67836,2026-01-14,19:08:00,INFO,WebServer,Page view: /home by u2035,E103,Page view: {page} by {user}
67837,2026-01-14,19:41:42,INFO,OrderProcessor,Health check passed: OrderProcessor,E102,Health check passed: {service}
67838,2026-01-14,19:28:29,INFO,WebServer,User u2117 login successful,E101,User {user} login successful
67839,2026-01-14,19:53:49,INFO,PaymentGateway,Transaction tx530792 completed in 1415ms,E104,Transaction {tx} completed in {time}ms
67840,2026-01-14,19:03:26,INFO,AuthService,Transaction tx989198 completed in 1579ms,E104,Transaction {tx} completed in {time}ms
67841,2026-01-14,19:40:33,INFO,AuthService,Transaction tx886834 completed in 1019ms,E104,Transaction {tx} completed in {time}ms
67842,2026-01-14,19:33:01,WARN,WebServer,Disk usage > 85% on node node-2,E202,Disk usage > 85% on node {node}
67843,2026-01-14,19:02:43,INFO,AuthService,Health check passed: AuthService,E102,Health check passed: {service}
67844,2026-01-14,19:05:47,INFO,AuthService,Health check passed: AuthService,E102,Health check passed: {service}
67845,2026-01-14,19:31:39,INFO,InventoryDB,Page view: /home by u2919,E103,Page view: {page} by {user}
67846,2026-01-14,19:22:26,INFO,PaymentGateway,Health check passed: PaymentGateway,E102,Health check passed: {service}
67847,2026-01-14,19:41:43,INFO,WebServer,Health check passed: WebServer,E102,Health check passed: {service}
67848,2026-01-14,19:02:55,INFO,WebServer,Transaction tx911452 completed in 1489ms,E104,Transaction {tx} completed in {time}ms
67849,2026-01-14,19:12:39,INFO,AuthService,Health check passed: AuthService,E102,Health check passed: {service}
67850,2026-01-14,19:00:50,INFO,PaymentGateway,Transaction tx122343 completed in 375ms,E104,Transaction {tx} completed in {time}ms
67851,2026-01-14,19:37:13,INFO,OrderProcessor,Page view: /home by u1622,E103,Page view: {page} by {user}
67852,2026-01-14,19:16:27,INFO,AuthService,Page view: /home by u1726,E103,Page view: {page} by {user}
67853,2026-01-14,19:59:45,INFO,WebServer,Health check passed: WebServer,E102,Health check passed: {service}
67854,2026-01-14,19:14:53,INFO,PaymentGateway,User u4555 login successful,E101,User {user} login successful
67855,2026-01-14,19:12:32,INFO,WebServer,Page view: /home by u4625,E103,Page view: {page} by {user}
67856,2026-01-14,19:08:44,INFO,WebServer,User u4815 login successful,E101,User {user} login successful
67857,2026-01-14,19:23:49,INFO,WebServer,Transaction tx439762 completed in 788ms,E104,Transaction {tx} completed in {time}ms
67858,2026-01-14,19:48:11,INFO,WebServer,Page view: /home by u2169,E103,Page view: {page} by {user}
67859,2026-01-14,19:15:14,INFO,OrderProcessor,Transaction tx696128 completed in 1418ms,E104,Transaction {tx} completed in {time}ms
67860,2026-01-14,19:09:00,INFO,WebServer,Health check passed: WebServer,E102,Health check passed: {service}
67861,2026-01-14,19:43:24,INFO,WebServer,Transaction tx701754 completed in 1149ms,E104,Transaction {tx} completed in {time}ms
67862,2026-01-14,19:53:28,INFO,AuthService,Page view: /home by u2588,E103,Page view: {page} by {user}
67863,2026-01-14,19:34:27,INFO,WebServer,User u3548 login successful,E101,User {user} login successful
67864,2026-01-14,19:38:15,INFO,WebServer,Page view: /home by u3043,E103,Page view: {page} by {user}
67865,2026-01-14,19:48:53,INFO,WebServer,Transaction tx571122 completed in 924ms,E104,Transaction {tx} completed in {time}ms
67866,2026-01-14,19:22:28,INFO,WebServer,Transaction tx100499 completed in 1015ms,E104,Transaction {tx} completed in {time}ms
67867,2026-01-14,19:44:22,INFO,WebServer,User u4586 login successful,E101,User {user} login successful
67868,2026-01-14,19:17:44,INFO,WebServer,Transaction tx497336 completed in 1736ms,E104,Transaction {tx} completed in {time}ms
67869,2026-01-14,19:22:08,INFO,OrderProcessor,User u1302 login successful,E101,User {user} login successful
67870,2026-01-14,19:07:06,INFO,PaymentGateway,Transaction tx555540 completed in 1888ms,E104,Transaction {tx} completed in {time}ms
67871,2026-01-14,19:15:01,INFO,PaymentGateway,Health check passed: PaymentGateway,E102,Health check passed: {service}
67872,2026-01-14,19:45:11,INFO,WebServer,Health check passed: WebServer,E102,Health check passed: {service}
67873,2026-01-14,19:52:52,INFO,WebServer,User u1651 login successful,E101,User {user} login successful
67874,2026-01-14,19:30:36,INFO,WebServer,Health check passed: WebServer,E102,Health check passed: {service}
67875,2026-01-14,19:31:08,INFO,WebServer,User u4498 login successful,E101,User {user} login successful
67876,2026-01-14,19:50:43,INFO,WebServer,Health check passed: WebServer,E102,Health check passed: {service}
67877,2026-01-14,19:24:55,INFO,InventoryDB,User u1913 login successful,E101,User {user} login successful
67878,2026-01-14,19:29:29,INFO,OrderProcessor,Health check passed: OrderProcessor,E102,Health check passed: {service}
67879,2026-01-14,19:30:19,INFO,AuthService,Health check passed: AuthService,E102,Health check passed: {service}
67880,2026-01-14,19:01:48,INFO,OrderProcessor,Transaction tx274821 completed in 882ms,E104,Transaction {tx} completed in {time}ms
67881,2026-01-14,19:42:09,INFO,WebServer,Health check passed: WebServer,E102,Health check passed: {service}
67882,2026-01-14,19:15:45,INFO,AuthService,Health check passed: AuthService,E102,Health check passed: {service}
67883,2026-01-14,19:49:37,INFO,PaymentGateway,Health check passed: PaymentGateway,E102,Health check passed: {service}
67884,2026-01-14,19:12:56,INFO,AuthService,Page view: /home by u2371,E103,Page view: {page} by {user}
67885,2026-01-14,19:57:38,INFO,WebServer,Health check passed: WebServer,E102,Health check passed: {service}
67886,2026-01-14,19:43:45,WARN,PaymentGateway,Unauthorized access attempt from 10.0.0.45,E401,Unauthorized access attempt from {ip}
67887,2026-01-14,19:36:07,INFO,OrderProcessor,User u1177 login successful,E101,User {user} login successful
67888,2026-01-14,19:33:24,ERROR,WebServer,Connection refused to WebServer at 10.0.0.45,E501,Connection refused to {service} at {ip}
67889,2026-01-14,19:37:50,INFO,AuthService,Health check passed: AuthService,E102,Health check passed: {service}
67890,2026-01-14,19:50:08,INFO,PaymentGateway,Health check passed: PaymentGateway,E102,Health check passed: {service}
67891,2026-01-14,19:22:28,INFO,WebServer,Page view: /home by u2998,E103,Page view: {page} by {user}
67892,2026-01-14,19:55:23,INFO,WebServer,Transaction tx491042 completed in 881ms,E104,Transaction {tx} completed in {time}ms
67893,2026-01-14,19:53:45,INFO,AuthService,Page view: /home by u1685,E103,Page view: {page} by {user}
67894,2026-01-14,19:16:34,INFO,PaymentGateway,Health check passed: PaymentGateway,E102,Health check passed: {service}
67895,2026-01-14,19:56:37,INFO,AuthService,Page view: /home by u4420,E103,Page view: {page} by {user}
67896,2026-01-14,19:48:09,INFO,WebServer,Transaction tx799988 completed in 1639ms,E104,Transaction {tx} completed in {time}ms
67897,2026-01-14,19:47:33,INFO,InventoryDB,Page view: /home by u2914,E103,Page view: {page} by {user}
67898,2026-01-14,19:19:20,INFO,InventoryDB,Transaction tx136766 completed in 585ms,E104,Transaction {tx} completed in {time}ms
67899,2026-01-14,19:07:44,INFO,AuthService,Health check passed: AuthService,E102,Health check passed: {service}
67900,2026-01-14,19:40:01,INFO,OrderProcessor,Transaction tx538294 completed in 760ms,E104,Transaction {tx} completed in {time}ms
67901,2026-01-14,19:51:58,INFO,WebServer,Page view: /home by u2378,E103,Page view: {page} by {user}
67902,2026-01-14,19:19:57,INFO,AuthService,Health check passed: AuthService,E102,Health check passed: {service}
67903,2026-01-14,19:19:40,INFO,InventoryDB,Transaction tx776270 completed in 1256ms,E104,Transaction {tx} completed in {time}ms
67904,2026-01-14,19:58:23,ERROR,PaymentGateway,Payment declined: Gateway unavailable,E503,Payment declined: Gateway unavailable
67905,2026-01-14,19:22:17,INFO,WebServer,Transaction tx217283 completed in 499ms,E104,Transaction {tx} completed in {time}ms
67906,2026-01-14,19:03:49,WARN,PaymentGateway,Unauthorized access attempt from 10.0.0.12,E401,Unauthorized access attempt from {ip}
67907,2026-01-14,19:35:00,INFO,PaymentGateway,Page view: /home by u3759,E103,Page view: {page} by {user}
67908,2026-01-14,19:05:42,INFO,AuthService,Transaction tx883351 completed in 158ms,E104,Transaction {tx} completed in {time}ms
67909,2026-01-14,19:11:16,INFO,OrderProcessor,Health check passed: OrderProcessor,E102,Health check passed: {service}
67910,2026-01-14,19:00:32,INFO,OrderProcessor,Transaction tx988630 completed in 1082ms,E104,Transaction {tx} completed in {time}ms
67911,2026-01-14,19:48:57,WARN,OrderProcessor,High latency (105ms) detected on OrderProcessor,E201,High latency ({time}ms) detected on {service}
67912,2026-01-14,19:03:57,INFO,AuthService,Page view: /home by u4565,E103,Page view: {page} by {user}
67913,2026-01-14,19:02:59,INFO,WebServer,Page view: /home by u3654,E103,Page view: {page} by {user}
67914,2026-01-14,19:46:12,INFO,PaymentGateway,Health check passed: PaymentGateway,E102,Health check passed: {service}
67915,2026-01-14,19:50:38,INFO,WebServer,Page view: /home by u2117,E103,Page view: {page} by {user}
67916,2026-01-14,19:19:57,INFO,WebServer,Transaction tx422076 completed in 1303ms,E104,Transaction {tx} completed in {time}ms
67917,2026-01-14,19:00:19,INFO,AuthService,User u3142 login successful,E101,User {user} login successful
67918,2026-01-14,19:34:32,INFO,PaymentGateway,Page view: /home by u3303,E103,Page view: {page} by {user}
67919,2026-01-14,19:06:39,INFO,WebServer,Page view: /home by u4437,E103,Page view: {page} by {user}
67920,2026-01-14,19:02:52,ERROR,InventoryDB,Payment declined: Gateway unavailable,E503,Payment declined: Gateway unavailable
67921,2026-01-14,19:17:40,WARN,AuthService,Unauthorized access attempt from 10.0.0.45,E401,Unauthorized access attempt from {ip}
67922,2026-01-14,19:37:26,INFO,InventoryDB,User u3957 login successful,E101,User {user} login successful
67923,2026-01-14,19:35:37,INFO,WebServer,Page view: /home by u4459,E103,Page view: {page} by {user}
67924,2026-01-14,19:32:52,INFO,OrderProcessor,Health check passed: OrderProcessor,E102,Health check passed: {service}
67925,2026-01-14,19:14:11,INFO,PaymentGateway,Transaction tx324027 completed in 976ms,E104,Transaction {tx} completed in {time}ms
67926,2026-01-14,19:14:25,INFO,WebServer,Page view: /home by u3552,E103,Page view: {page} by {user}
67927,2026-01-14,19:41:44,INFO,WebServer,Transaction tx996351 completed in 1439ms,E104,Transaction {tx} completed in {time}ms
67928,2026-01-14,19:28:54,WARN,WebServer,Unauthorized access attempt from 10.0.0.45,E401,Unauthorized access attempt from {ip}
67929,2026-01-14,19:12:56,INFO,WebServer,User u3828 login successful,E101,User {user} login successful
67930,2026-01-14,19:56:26,INFO,WebServer,Transaction tx512467 completed in 1722ms,E104,Transaction {tx} completed in {time}ms
67931,2026-01-14,19:47:27,INFO,WebServer,User u1668 login successful,E101,User {user} login successful
67932,2026-01-14,19:37:30,INFO,WebServer,User u4499 login successful,E101,User {user} login successful
67933,2026-01-14,19:17:49,INFO,AuthService,Page view: /home by u4950,E103,Page view: {page} by {user}
67934,2026-01-14,19:56:58,INFO,WebServer,User u2844 login successful,E101,User {user} login successful
67935,2026-01-14,20:23:25,INFO,WebServer,User u1060 login successful,E101,User {user} login successful
67936,2026-01-14,20:05:45,INFO,WebServer,User u4180 login successful,E101,User {user} login successful
67937,2026-01-14,20:35:23,INFO,WebServer,Health check passed: WebServer,E102,Health check passed: {service}
67938,2026-01-14,20:19:25,INFO,AuthService,User u3226 login successful,E101,User {user} login successful
67939,2026-01-14,20:03:09,INFO,InventoryDB,Health check passed: InventoryDB,E102,Health check passed: {service}
67940,2026-01-14,20:43:42,INFO,WebServer,Transaction tx548213 completed in 1809ms,E104,Transaction {tx} completed in {time}ms
67941,2026-01-14,20:42:34,INFO,InventoryDB,Page view: /home by u2865,E103,Page view: {page} by {user}
67942,2026-01-14,20:27:30,CRITICAL,AuthService,KERNEL PANIC: Node node-4 crashed,E601,KERNEL PANIC: Node {node} crashed
67943,2026-01-14,20:13:17,INFO,WebServer,Transaction tx464498 completed in 1873ms,E104,Transaction {tx} completed in {time}ms
67944,2026-01-14,20:48:39,INFO,AuthService,User u3872 login successful,E101,User {user} login successful
67945,2026-01-14,20:15:58,INFO,WebServer,Health check passed: WebServer,E102,Health check passed: {service}
67946,2026-01-14,20:12:03,INFO,WebServer,Page view: /home by u2575,E103,Page view: {page} by {user}
67947,2026-01-14,20:10:05,INFO,PaymentGateway,Transaction tx783877 completed in 1431ms,E104,Transaction {tx} completed in {time}ms
67948,2026-01-14,20:12:54,INFO,AuthService,Health check passed: AuthService,E102,Health check passed: {service}
67949,2026-01-14,20:12:18,INFO,WebServer,Page view: /home by u4904,E103,Page view: {page} by {user}
67950,2026-01-14,20:19:31,INFO,WebServer,Page view: /home by u3746,E103,Page view: {page} by {user}
67951,2026-01-14,20:38:17,INFO,AuthService,Health check passed: AuthService,E102,Health check passed: {service}
67952,2026-01-14,20:05:21,INFO,WebServer,Page view: /home by u4361,E103,Page view: {page} by {user}
67953,2026-01-14,20:25:22,WARN,AuthService,Disk usage > 85% on node node-3,E202,Disk usage > 85% on node {node}
67954,2026-01-14,20:15:27,INFO,OrderProcessor,Page view: /home by u1176,E103,Page view: {page} by {user}
67955,2026-01-14,20:39:27,INFO,OrderProcessor,Transaction tx320039 completed in 472ms,E104,Transaction {tx} completed in {time}ms
67956,2026-01-14,20:31:41,INFO,AuthService,Transaction tx277543 completed in 1441ms,E104,Transaction {tx} completed in {time}ms
67957,2026-01-14,20:24:27,INFO,WebServer,Health check passed: WebServer,E102,Health check passed: {service}
67958,2026-01-14,20:11:36,INFO,WebServer,User u2413 login successful,E101,User {user} login successful
67959,2026-01-14,20:55:44,INFO,PaymentGateway,Page view: /home by u1526,E103,Page view: {page} by {user}
67960,2026-01-14,20:21:00,INFO,PaymentGateway,Page view: /home by u2754,E103,Page view: {page} by {user}
67961,2026-01-14,20:36:47,INFO,OrderProcessor,Transaction tx442331 completed in 359ms,E104,Transaction {tx} completed in {time}ms
67962,2026-01-14,20:25:56,INFO,OrderProcessor,Transaction tx214236 completed in 1984ms,E104,Transaction {tx} completed in {time}ms
67963,2026-01-14,20:30:41,INFO,WebServer,Page view: /home by u4291,E103,Page view: {page} by {user}
67964,2026-01-14,20:04:43,INFO,WebServer,Page view: /home by u1178,E103,Page view: {page} by {user}
67965,2026-01-14,20:14:25,INFO,WebServer,Transaction tx361761 completed in 898ms,E104,Transaction {tx} completed in {time}ms
67966,2026-01-14,20:38:06,INFO,InventoryDB,Health check passed: InventoryDB,E102,Health check passed: {service}
67967,2026-01-14,20:17:30,INFO,WebServer,Transaction tx132467 completed in 1446ms,E104,Transaction {tx} completed in {time}ms
67968,2026-01-14,20:18:12,WARN,WebServer,Disk usage > 85% on node node-5,E202,Disk usage > 85% on node {node}
67969,2026-01-14,20:10:35,INFO,WebServer,Health check passed: WebServer,E102,Health check passed: {service}
67970,2026-01-14,20:19:16,INFO,PaymentGateway,Page view: /home by u4551,E103,Page view: {page} by {user}
67971,2026-01-14,20:36:27,INFO,AuthService,Transaction tx623891 completed in 436ms,E104,Transaction {tx} completed in {time}ms
67972,2026-01-14,20:19:03,INFO,AuthService,User u3725 login successful,E101,User {user} login successful
67973,2026-01-14,20:06:40,INFO,PaymentGateway,Health check passed: PaymentGateway,E102,Health check passed: {service}
67974,2026-01-14,20:23:17,INFO,WebServer,User u1140 login successful,E101,User {user} login successful
67975,2026-01-14,20:11:38,INFO,AuthService,Transaction tx475250 completed in 314ms,E104,Transaction {tx} completed in {time}ms
67976,2026-01-14,20:01:48,INFO,OrderProcessor,User u1811 login successful,E101,User {user} login successful
67977,2026-01-14,20:48:40,INFO,WebServer,User u3673 login successful,E101,User {user} login successful
67978,2026-01-14,20:23:26,INFO,OrderProcessor,User u4655 login successful,E101,User {user} login successful
67979,2026-01-14,20:13:37,INFO,WebServer,Transaction tx712197 completed in 1407ms,E104,Transaction {tx} completed in {time}ms
67980,2026-01-14,20:09:06,INFO,AuthService,Transaction tx226325 completed in 1726ms,E104,Transaction {tx} completed in {time}ms
67981,2026-01-14,20:52:03,INFO,WebServer,Page view: /home by u4070,E103,Page view: {page} by {user}
67982,2026-01-14,20:36:55,INFO,PaymentGateway,Health check passed: PaymentGateway,E102,Health check passed: {service}
67983,2026-01-14,20:35:29,INFO,PaymentGateway,Health check passed: PaymentGateway,E102,Health check passed: {service}
67984,2026-01-14,20:25:32,INFO,InventoryDB,Transaction tx993045 completed in 1648ms,E104,Transaction {tx} completed in {time}ms
67985,2026-01-14,20:11:05,INFO,OrderProcessor,Page view: /home by u4960,E103,Page view: {page} by {user}
67986,2026-01-14,20:06:18,INFO,OrderProcessor,Page view: /home by u1395,E103,Page view: {page} by {user}
67987,2026-01-14,20:17:10,INFO,AuthService,Page view: /home by u4766,E103,Page view: {page} by {user}
67988,2026-01-14,20:38:49,INFO,WebServer,User u4492 login successful,E101,User {user} login successful
67989,2026-01-14,20:16:03,INFO,WebServer,Health check passed: WebServer,E102,Health check passed: {service}
67990,2026-01-14,20:58:50,INFO,AuthService,Transaction tx379710 completed in 1098ms,E104,Transaction {tx} completed in {time}ms
67991,2026-01-14,20:41:20,INFO,AuthService,Health check passed: AuthService,E102,Health check passed: {service}
67992,2026-01-14,20:30:29,INFO,PaymentGateway,Page view: /home by u3555,E103,Page view: {page} by {user}
67993,2026-01-14,20:36:20,INFO,AuthService,Health check passed: AuthService,E102,Health check passed: {service}
67994,2026-01-14,20:07:48,INFO,WebServer,Transaction tx606913 completed in 1335ms,E104,Transaction {tx} completed in {time}ms
67995,2026-01-14,20:37:36,INFO,AuthService,Transaction tx787130 completed in 1841ms,E104,Transaction {tx} completed in {time}ms
67996,2026-01-14,20:46:19,INFO,OrderProcessor,Transaction tx906971 completed in 1899ms,E104,Transaction {tx} completed in {time}ms
67997,2026-01-14,20:38:46,INFO,WebServer,Transaction tx858822 completed in 1216ms,E104,Transaction {tx} completed in {time}ms
67998,2026-01-14,20:18:59,INFO,WebServer,Health check passed: WebServer,E102,Health check passed: {service}
67999,2026-01-14,20:44:25,INFO,PaymentGateway,Health check passed: PaymentGateway,E102,Health check passed: {service}
68000,2026-01-14,20:30:52,INFO,WebServer,Page view: /home by u1189,E103,Page view: {page} by {user}
68001,2026-01-14,20:35:12,INFO,WebServer,Transaction tx194119 completed in 457ms,E104,Transaction {tx} completed in {time}ms
68002,2026-01-14,20:17:44,INFO,WebServer,Transaction tx208662 completed in 1682ms,E104,Transaction {tx} completed in {time}ms
68003,2026-01-14,20:42:02,WARN,WebServer,High latency (530ms) detected on WebServer,E201,High latency ({time}ms) detected on {service}
68004,2026-01-14,20:51:03,INFO,WebServer,Page view: /home by u1811,E103,Page view: {page} by {user}
68005,2026-01-14,20:45:12,INFO,OrderProcessor,Transaction tx754605 completed in 753ms,E104,Transaction {tx} completed in {time}ms
68006,2026-01-14,20:01:15,INFO,OrderProcessor,Page view: /home by u3149,E103,Page view: {page} by {user}
68007,2026-01-14,20:32:31,INFO,AuthService,User u3504 login successful,E101,User {user} login successful
68008,2026-01-14,20:18:56,INFO,WebServer,Health check passed: WebServer,E102,Health check passed: {service}
68009,2026-01-14,20:02:24,INFO,WebServer,Health check passed: WebServer,E102,Health check passed: {service}
68010,2026-01-14,20:50:39,INFO,WebServer,Page view: /home by u1344,E103,Page view: {page} by {user}
68011,2026-01-14,20:42:43,INFO,WebServer,Health check passed: WebServer,E102,Health check passed: {service}
68012,2026-01-14,20:23:31,INFO,WebServer,Transaction tx550627 completed in 1751ms,E104,Transaction {tx} completed in {time}ms
68013,2026-01-14,20:31:33,INFO,WebServer,Health check passed: WebServer,E102,Health check passed: {service}
68014,2026-01-14,20:22:04,INFO,WebServer,User u4775 login successful,E101,User {user} login successful
68015,2026-01-14,20:35:08,INFO,WebServer,Transaction tx177672 completed in 834ms,E104,Transaction {tx} completed in {time}ms
68016,2026-01-14,20:10:38,INFO,OrderProcessor,User u1022 login successful,E101,User {user} login successful
68017,2026-01-14,20:16:21,INFO,OrderProcessor,Health check passed: OrderProcessor,E102,Health check passed: {service}
68018,2026-01-14,20:04:20,INFO,WebServer,Transaction tx991881 completed in 68ms,E104,Transaction {tx} completed in {time}ms
68019,2026-01-14,20:23:48,INFO,WebServer,Health check passed: WebServer,E102,Health check passed: {service}
68020,2026-01-14,20:33:15,INFO,WebServer,Health check passed: WebServer,E102,Health check passed: {service}
68021,2026-01-14,20:38:03,INFO,OrderProcessor,Page view: /home by u2447,E103,Page view: {page} by {user}
68022,2026-01-14,20:03:57,INFO,AuthService,Page view: /home by u1718,E103,Page view: {page} by {user}
68023,2026-01-14,20:37:05,INFO,OrderProcessor,Transaction tx415672 completed in 352ms,E104,Transaction {tx} completed in {time}ms
68024,2026-01-14,20:29:48,INFO,OrderProcessor,Transaction tx497232 completed in 1424ms,E104,Transaction {tx} completed in {time}ms
68025,2026-01-14,20:21:54,INFO,WebServer,Transaction tx988001 completed in 116ms,E104,Transaction {tx} completed in {time}ms
68026,2026-01-14,20:33:00,INFO,AuthService,User u3244 login successful,E101,User {user} login successful
68027,2026-01-14,20:33:43,INFO,WebServer,Health check passed: WebServer,E102,Health check passed: {service}
68028,2026-01-14,20:34:25,INFO,OrderProcessor,User u3461 login successful,E101,User {user} login successful
68029,2026-01-14,20:17:07,INFO,WebServer,Transaction tx941847 completed in 1592ms,E104,Transaction {tx} completed in {time}ms
68030,2026-01-14,20:35:42,INFO,WebServer,Health check passed: WebServer,E102,Health check passed: {service}
68031,2026-01-14,20:30:42,INFO,WebServer,Health check passed: WebServer,E102,Health check passed: {service}
68032,2026-01-14,20:09:15,INFO,WebServer,Page view: /home by u4455,E103,Page view: {page} by {user}
68033,2026-01-14,20:56:43,INFO,AuthService,User u3754 login successful,E101,User {user} login successful
68034,2026-01-14,20:16:45,INFO,InventoryDB,Health check passed: InventoryDB,E102,Health check passed: {service}
68035,2026-01-14,20:09:17,INFO,WebServer,Transaction tx215738 completed in 1485ms,E104,Transaction {tx} completed in {time}ms
68036,2026-01-14,20:29:25,INFO,WebServer,User u3919 login successful,E101,User {user} login successful
68037,2026-01-14,20:04:45,INFO,WebServer,Health check passed: WebServer,E102,Health check passed: {service}
68038,2026-01-14,20:18:39,INFO,WebServer,Page view: /home by u3504,E103,Page view: {page} by {user}
68039,2026-01-14,20:14:36,INFO,WebServer,Health check passed: WebServer,E102,Health check passed: {service}
68040,2026-01-14,20:51:38,INFO,AuthService,User u2671 login successful,E101,User {user} login successful
68041,2026-01-14,20:00:40,INFO,WebServer,User u4543 login successful,E101,User {user} login successful
68042,2026-01-14,20:12:16,INFO,WebServer,Page view: /home by u3197,E103,Page view: {page} by {user}
68043,2026-01-14,20:46:52,INFO,WebServer,Transaction tx853957 completed in 916ms,E104,Transaction {tx} completed in {time}ms
68044,2026-01-14,20:55:54,INFO,AuthService,Transaction tx377871 completed in 1550ms,E104,Transaction {tx} completed in {time}ms
68045,2026-01-14,20:19:17,INFO,AuthService,Page view: /home by u3437,E103,Page view: {page} by {user}
68046,2026-01-14,20:18:17,INFO,OrderProcessor,Health check passed: OrderProcessor,E102,Health check passed: {service}
68047,2026-01-14,20:15:49,INFO,AuthService,Transaction tx988090 completed in 944ms,E104,Transaction {tx} completed in {time}ms
68048,2026-01-14,20:58:19,INFO,WebServer,Page view: /home by u3341,E103,Page view: {page} by {user}
68049,2026-01-14,20:29:23,ERROR,WebServer,Timeout waiting for lock on InventoryDB,E502,Timeout waiting for lock on {db}
68050,2026-01-14,20:02:09,INFO,WebServer,User u3340 login successful,E101,User {user} login successful
68051,2026-01-14,20:42:39,INFO,WebServer,Page view: /home by u4881,E103,Page view: {page} by {user}
68052,2026-01-14,20:03:42,INFO,WebServer,Health check passed: WebServer,E102,Health check passed: {service}
68053,2026-01-14,20:02:56,INFO,AuthService,Page view: /home by u3770,E103,Page view: {page} by {user}
68054,2026-01-14,20:04:57,INFO,WebServer,Transaction tx473745 completed in 1330ms,E104,Transaction {tx} completed in {time}ms
68055,2026-01-14,20:50:21,WARN,WebServer,Unauthorized access attempt from 10.0.0.45,E401,Unauthorized access attempt from {ip}
68056,2026-01-14,20:51:20,INFO,AuthService,Page view: /home by u3844,E103,Page view: {page} by {user}
68057,2026-01-14,20:08:48,INFO,WebServer,User u1825 login successful,E101,User {user} login successful
68058,2026-01-14,20:58:11,INFO,AuthService,Health check passed: AuthService,E102,Health check passed: {service}
68059,2026-01-14,20:58:44,INFO,WebServer,Page view: /home by u3033,E103,Page view: {page} by {user}
68060,2026-01-14,20:58:59,ERROR,PaymentGateway,Connection refused to PaymentGateway at 10.0.0.45,E501,Connection refused to {service} at {ip}
68061,2026-01-14,20:36:31,INFO,WebServer,User u2926 login successful,E101,User {user} login successful
68062,2026-01-14,20:14:24,INFO,WebServer,Page view: /home by u2076,E103,Page view: {page} by {user}
68063,2026-01-14,20:33:50,INFO,WebServer,User u2310 login successful,E101,User {user} login successful
68064,2026-01-14,20:14:03,INFO,OrderProcessor,Health check passed: OrderProcessor,E102,Health check passed: {service}
68065,2026-01-14,20:58:15,INFO,InventoryDB,Health check passed: InventoryDB,E102,Health check passed: {service}
68066,2026-01-14,20:47:42,INFO,AuthService,Transaction tx970072 completed in 1479ms,E104,Transaction {tx} completed in {time}ms
68067,2026-01-14,20:06:12,INFO,PaymentGateway,Health check passed: PaymentGateway,E102,Health check passed: {service}
68068,2026-01-14,20:03:41,INFO,AuthService,Page view: /home by u1195,E103,Page view: {page} by {user}
68069,2026-01-14,20:32:38,INFO,InventoryDB,Transaction tx941068 completed in 1915ms,E104,Transaction {tx} completed in {time}ms
68070,2026-01-14,20:21:28,WARN,OrderProcessor,High latency (804ms) detected on OrderProcessor,E201,High latency ({time}ms) detected on {service}
68071,2026-01-14,20:22:23,INFO,WebServer,Health check passed: WebServer,E102,Health check passed: {service}
68072,2026-01-14,20:53:09,INFO,WebServer,Transaction tx334500 completed in 734ms,E104,Transaction {tx} completed in {time}ms
68073,2026-01-14,20:08:35,ERROR,WebServer,Connection refused to WebServer at 10.0.0.45,E501,Connection refused to {service} at {ip}
68074,2026-01-14,20:07:59,INFO,WebServer,Health check passed: WebServer,E102,Health check passed: {service}
68075,2026-01-14,20:43:49,INFO,OrderProcessor,Health check passed: OrderProcessor,E102,Health check passed: {service}
68076,2026-01-14,20:18:13,INFO,PaymentGateway,User u3948 login successful,E101,User {user} login successful
68077,2026-01-14,20:51:00,INFO,WebServer,Page view: /home by u4791,E103,Page view: {page} by {user}
68078,2026-01-14,20:01:55,ERROR,PaymentGateway,Payment declined: Gateway unavailable,E503,Payment declined: Gateway unavailable
68079,2026-01-14,20:54:13,INFO,WebServer,Transaction tx169645 completed in 140ms,E104,Transaction {tx} completed in {time}ms
68080,2026-01-14,20:20:04,INFO,WebServer,Page view: /home by u2115,E103,Page view: {page} by {user}
68081,2026-01-14,20:13:02,INFO,OrderProcessor,Health check passed: OrderProcessor,E102,Health check passed: {service}
68082,2026-01-14,20:44:42,INFO,WebServer,Health check passed: WebServer,E102,Health check passed: {service}
68083,2026-01-14,20:37:29,INFO,InventoryDB,User u3434 login successful,E101,User {user} login successful
68084,2026-01-14,20:46:12,INFO,WebServer,User u1694 login successful,E101,User {user} login successful
68085,2026-01-14,20:46:05,WARN,WebServer,Disk usage > 85% on node node-5,E202,Disk usage > 85% on node {node}
68086,2026-01-14,20:46:04,INFO,WebServer,Page view: /home by u2574,E103,Page view: {page} by {user}
68087,2026-01-14,20:12:15,INFO,PaymentGateway,Transaction tx639945 completed in 1538ms,E104,Transaction {tx} completed in {time}ms
68088,2026-01-14,20:52:30,INFO,WebServer,Transaction tx404421 completed in 381ms,E104,Transaction {tx} completed in {time}ms
68089,2026-01-14,20:43:39,INFO,InventoryDB,Transaction tx137709 completed in 121ms,E104,Transaction {tx} completed in {time}ms
68090,2026-01-14,20:56:20,INFO,PaymentGateway,Health check passed: PaymentGateway,E102,Health check passed: {service}
68091,2026-01-14,20:02:37,INFO,WebServer,Health check passed: WebServer,E102,Health check passed: {service}
68092,2026-01-14,20:37:01,INFO,WebServer,Transaction tx443203 completed in 457ms,E104,Transaction {tx} completed in {time}ms
68093,2026-01-14,20:12:39,INFO,WebServer,User u2704 login successful,E101,User {user} login successful
68094,2026-01-14,20:51:40,INFO,WebServer,Health check passed: WebServer,E102,Health check passed: {service}
68095,2026-01-14,20:48:34,INFO,InventoryDB,User u2059 login successful,E101,User {user} login successful
68096,2026-01-14,20:27:05,INFO,PaymentGateway,Transaction tx238626 completed in 304ms,E104,Transaction {tx} completed in {time}ms
68097,2026-01-14,20:57:23,INFO,WebServer,Health check passed: WebServer,E102,Health check passed: {service}
68098,2026-01-14,20:42:58,INFO,OrderProcessor,Health check passed: OrderProcessor,E102,Health check passed: {service}
68099,2026-01-14,20:31:10,INFO,WebServer,Transaction tx736444 completed in 1859ms,E104,Transaction {tx} completed in {time}ms
68100,2026-01-14,20:35:00,INFO,InventoryDB,Transaction tx851009 completed in 1228ms,E104,Transaction {tx} completed in {time}ms
68101,2026-01-14,20:30:24,WARN,WebServer,Disk usage > 85% on node node-3,E202,Disk usage > 85% on node {node}
68102,2026-01-14,20:29:13,INFO,WebServer,Transaction tx824437 completed in 127ms,E104,Transaction {tx} completed in {time}ms
68103,2026-01-14,20:05:00,INFO,WebServer,User u2242 login successful,E101,User {user} login successful
68104,2026-01-14,20:43:00,INFO,WebServer,Page view: /home by u1090,E103,Page view: {page} by {user}
68105,2026-01-14,20:34:23,INFO,AuthService,User u3610 login successful,E101,User {user} login successful
68106,2026-01-14,20:44:24,WARN,WebServer,Unauthorized access attempt from 10.0.0.45,E401,Unauthorized access attempt from {ip}
68107,2026-01-14,20:19:34,INFO,WebServer,Health check passed: WebServer,E102,Health check passed: {service}
68108,2026-01-14,20:37:12,WARN,AuthService,Unauthorized access attempt from 10.0.0.45,E401,Unauthorized access attempt from {ip}
68109,2026-01-14,20:39:17,INFO,WebServer,Page view: /home by u4117,E103,Page view: {page} by {user}
68110,2026-01-14,20:21:17,WARN,OrderProcessor,Disk usage > 85% on node node-1,E202,Disk usage > 85% on node {node}
68111,2026-01-14,20:32:01,INFO,WebServer,Transaction tx562987 completed in 301ms,E104,Transaction {tx} completed in {time}ms
68112,2026-01-14,20:30:49,INFO,AuthService,Page view: /home by u3815,E103,Page view: {page} by {user}
68113,2026-01-14,20:43:38,INFO,OrderProcessor,User u1904 login successful,E101,User {user} login successful
68114,2026-01-14,20:41:23,INFO,PaymentGateway,User u1413 login successful,E101,User {user} login successful
68115,2026-01-14,20:28:25,INFO,WebServer,User u1360 login successful,E101,User {user} login successful
68116,2026-01-14,20:12:26,INFO,WebServer,Health check passed: WebServer,E102,Health check passed: {service}
68117,2026-01-14,20:28:06,INFO,OrderProcessor,Transaction tx175163 completed in 913ms,E104,Transaction {tx} completed in {time}ms
68118,2026-01-14,20:01:53,ERROR,WebServer,Connection refused to WebServer at 10.0.0.12,E501,Connection refused to {service} at {ip}
68119,2026-01-14,20:31:19,INFO,InventoryDB,Page view: /home by u4592,E103,Page view: {page} by {user}
68120,2026-01-14,20:48:56,INFO,OrderProcessor,Transaction tx510612 completed in 338ms,E104,Transaction {tx} completed in {time}ms
68121,2026-01-14,20:59:10,INFO,PaymentGateway,Page view: /home by u4498,E103,Page view: {page} by {user}
68122,2026-01-14,20:56:55,INFO,WebServer,Transaction tx695713 completed in 683ms,E104,Transaction {tx} completed in {time}ms
68123,2026-01-14,20:10:36,WARN,WebServer,Disk usage > 85% on node node-4,E202,Disk usage > 85% on node {node}
68124,2026-01-14,20:55:03,INFO,WebServer,Health check passed: WebServer,E102,Health check passed: {service}
68125,2026-01-14,20:03:30,INFO,PaymentGateway,Page view: /home by u1061,E103,Page view: {page} by {user}
68126,2026-01-14,20:45:05,INFO,AuthService,Health check passed: AuthService,E102,Health check passed: {service}
68127,2026-01-14,20:05:59,INFO,WebServer,Page view: /home by u4546,E103,Page view: {page} by {user}
68128,2026-01-14,20:53:27,INFO,OrderProcessor,Page view: /home by u1482,E103,Page view: {page} by {user}
68129,2026-01-14,20:20:04,INFO,AuthService,Transaction tx873669 completed in 110ms,E104,Transaction {tx} completed in {time}ms
68130,2026-01-14,20:16:53,INFO,PaymentGateway,User u2722 login successful,E101,User {user} login successful
68131,2026-01-14,20:15:09,INFO,OrderProcessor,Page view: /home by u3379,E103,Page view: {page} by {user}
68132,2026-01-14,20:22:44,INFO,OrderProcessor,Health check passed: OrderProcessor,E102,Health check passed: {service}
68133,2026-01-14,20:53:45,INFO,OrderProcessor,Transaction tx859862 completed in 652ms,E104,Transaction {tx} completed in {time}ms
68134,2026-01-14,20:35:56,INFO,AuthService,Transaction tx955283 completed in 1437ms,E104,Transaction {tx} completed in {time}ms
68135,2026-01-14,20:55:33,INFO,OrderProcessor,Page view: /home by u1423,E103,Page view: {page} by {user}
68136,2026-01-14,20:07:22,INFO,OrderProcessor,Page view: /home by u4959,E103,Page view: {page} by {user}
68137,2026-01-14,20:10:11,INFO,OrderProcessor,User u1185 login successful,E101,User {user} login successful
68138,2026-01-14,20:19:42,INFO,OrderProcessor,Health check passed: OrderProcessor,E102,Health check passed: {service}
68139,2026-01-14,20:51:28,INFO,WebServer,Page view: /home by u4780,E103,Page view: {page} by {user}
68140,2026-01-14,20:11:13,INFO,WebServer,Health check passed: WebServer,E102,Health check passed: {service}
68141,2026-01-14,20:50:28,INFO,WebServer,Page view: /home by u2812,E103,Page view: {page} by {user}
68142,2026-01-14,20:05:23,INFO,OrderProcessor,Page view: /home by u4310,E103,Page view: {page} by {user}
68143,2026-01-14,20:43:42,INFO,WebServer,Page view: /home by u2853,E103,Page view: {page} by {user}
68144,2026-01-14,20:37:56,INFO,AuthService,Page view: /home by u3427,E103,Page view: {page} by {user}
68145,2026-01-14,20:03:09,INFO,WebServer,Page view: /home by u2565,E103,Page view: {page} by {user}
68146,2026-01-14,20:58:17,WARN,WebServer,Disk usage > 85% on node node-1,E202,Disk usage > 85% on node {node}
68147,2026-01-14,20:25:03,INFO,WebServer,Page view: /home by u3670,E103,Page view: {page} by {user}
68148,2026-01-14,20:05:57,INFO,AuthService,Transaction tx184836 completed in 1292ms,E104,Transaction {tx} completed in {time}ms
68149,2026-01-14,20:24:39,INFO,WebServer,Page view: /home by u3597,E103,Page view: {page} by {user}
68150,2026-01-14,20:21:20,INFO,WebServer,User u3548 login successful,E101,User {user} login successful
68151,2026-01-14,20:26:54,INFO,InventoryDB,User u2065 login successful,E101,User {user} login successful
68152,2026-01-14,20:20:36,INFO,OrderProcessor,Transaction tx713126 completed in 213ms,E104,Transaction {tx} completed in {time}ms
68153,2026-01-14,20:53:12,INFO,PaymentGateway,Page view: /home by u3103,E103,Page view: {page} by {user}
68154,2026-01-14,20:04:21,INFO,WebServer,Transaction tx560281 completed in 610ms,E104,Transaction {tx} completed in {time}ms
68155,2026-01-14,20:44:20,INFO,WebServer,Page view: /home by u3891,E103,Page view: {page} by {user}
68156,2026-01-14,20:19:47,INFO,WebServer,User u1046 login successful,E101,User {user} login successful
68157,2026-01-14,20:47:19,INFO,AuthService,Health check passed: AuthService,E102,Health check passed: {service}
68158,2026-01-14,20:16:34,INFO,OrderProcessor,User u1473 login successful,E101,User {user} login successful
68159,2026-01-14,20:09:04,WARN,OrderProcessor,Disk usage > 85% on node node-1,E202,Disk usage > 85% on node {node}
68160,2026-01-14,20:47:07,WARN,WebServer,High latency (1562ms) detected on WebServer,E201,High latency ({time}ms) detected on {service}
68161,2026-01-14,20:05:40,INFO,InventoryDB,Transaction tx829283 completed in 1909ms,E104,Transaction {tx} completed in {time}ms
68162,2026-01-14,20:59:55,INFO,OrderProcessor,Page view: /home by u2762,E103,Page view: {page} by {user}
68163,2026-01-14,20:16:04,INFO,WebServer,Page view: /home by u4655,E103,Page view: {page} by {user}
68164,2026-01-14,20:27:25,INFO,WebServer,Page view: /home by u4443,E103,Page view: {page} by {user}
68165,2026-01-14,20:22:52,INFO,PaymentGateway,Page view: /home by u2580,E103,Page view: {page} by {user}
68166,2026-01-14,20:25:39,INFO,WebServer,Page view: /home by u1840,E103,Page view: {page} by {user}
68167,2026-01-14,20:01:22,INFO,WebServer,User u4757 login successful,E101,User {user} login successful
68168,2026-01-14,20:31:27,INFO,AuthService,Page view: /home by u3287,E103,Page view: {page} by {user}
68169,2026-01-14,20:30:11,INFO,WebServer,Page view: /home by u2688,E103,Page view: {page} by {user}
68170,2026-01-14,20:17:02,INFO,AuthService,Health check passed: AuthService,E102,Health check passed: {service}
68171,2026-01-14,20:50:02,ERROR,AuthService,Connection refused to AuthService at 10.0.0.12,E501,Connection refused to {service} at {ip}
68172,2026-01-14,20:50:41,INFO,WebServer,Page view: /home by u1110,E103,Page view: {page} by {user}
68173,2026-01-14,20:50:01,INFO,WebServer,User u1566 login successful,E101,User {user} login successful
68174,2026-01-14,20:06:51,INFO,WebServer,Page view: /home by u1286,E103,Page view: {page} by {user}
68175,2026-01-14,20:40:29,INFO,WebServer,Transaction tx898640 completed in 1037ms,E104,Transaction {tx} completed in {time}ms
68176,2026-01-14,20:45:37,INFO,AuthService,Transaction tx467707 completed in 1739ms,E104,Transaction {tx} completed in {time}ms
68177,2026-01-14,20:26:17,INFO,PaymentGateway,Health check passed: PaymentGateway,E102,Health check passed: {service}
68178,2026-01-14,20:18:03,INFO,WebServer,Page view: /home by u3487,E103,Page view: {page} by {user}
68179,2026-01-14,20:47:15,INFO,PaymentGateway,User u1658 login successful,E101,User {user} login successful
68180,2026-01-14,20:38:49,INFO,OrderProcessor,Page view: /home by u1927,E103,Page view: {page} by {user}
68181,2026-01-14,20:10:54,INFO,AuthService,Health check passed: AuthService,E102,Health check passed: {service}
68182,2026-01-14,20:18:33,INFO,WebServer,Page view: /home by u3552,E103,Page view: {page} by {user}
68183,2026-01-14,20:55:34,INFO,AuthService,User u4410 login successful,E101,User {user} login successful
68184,2026-01-14,20:47:52,INFO,WebServer,Health check passed: WebServer,E102,Health check passed: {service}
68185,2026-01-14,20:27:33,INFO,PaymentGateway,Health check passed: PaymentGateway,E102,Health check passed: {service}
68186,2026-01-14,20:38:51,INFO,OrderProcessor,Page view: /home by u3817,E103,Page view: {page} by {user}
68187,2026-01-14,20:20:07,INFO,WebServer,Health check passed: WebServer,E102,Health check passed: {service}
68188,2026-01-14,20:34:38,INFO,PaymentGateway,Health check passed: PaymentGateway,E102,Health check passed: {service}
68189,2026-01-14,20:41:32,INFO,OrderProcessor,Page view: /home by u1161,E103,Page view: {page} by {user}
68190,2026-01-14,20:46:13,INFO,WebServer,Transaction tx331298 completed in 1349ms,E104,Transaction {tx} completed in {time}ms
68191,2026-01-14,20:43:11,INFO,AuthService,Health check passed: AuthService,E102,Health check passed: {service}
68192,2026-01-14,20:35:03,INFO,WebServer,Transaction tx672860 completed in 614ms,E104,Transaction {tx} completed in {time}ms
68193,2026-01-14,20:34:03,INFO,PaymentGateway,Transaction tx371214 completed in 1131ms,E104,Transaction {tx} completed in {time}ms
68194,2026-01-14,20:46:50,INFO,WebServer,Health check passed: WebServer,E102,Health check passed: {service}
68195,2026-01-14,20:01:08,INFO,AuthService,Transaction tx607558 completed in 511ms,E104,Transaction {tx} completed in {time}ms
68196,2026-01-14,20:32:12,INFO,WebServer,Transaction tx908331 completed in 1867ms,E104,Transaction {tx} completed in {time}ms
68197,2026-01-14,20:30:58,INFO,WebServer,Page view: /home by u3606,E103,Page view: {page} by {user}
68198,2026-01-14,20:26:46,INFO,AuthService,Transaction tx916435 completed in 197ms,E104,Transaction {tx} completed in {time}ms
68199,2026-01-14,20:02:26,INFO,PaymentGateway,Transaction tx179322 completed in 1339ms,E104,Transaction {tx} completed in {time}ms
68200,2026-01-14,20:08:33,INFO,WebServer,Transaction tx314662 completed in 1849ms,E104,Transaction {tx} completed in {time}ms
68201,2026-01-14,20:44:53,INFO,WebServer,Health check passed: WebServer,E102,Health check passed: {service}
68202,2026-01-14,20:14:46,INFO,PaymentGateway,Page view: /home by u1973,E103,Page view: {page} by {user}
68203,2026-01-14,20:28:06,INFO,WebServer,Page view: /home by u3600,E103,Page view: {page} by {user}
68204,2026-01-14,20:40:44,WARN,PaymentGateway,Unauthorized access attempt from 10.0.0.10,E401,Unauthorized access attempt from {ip}
68205,2026-01-14,20:04:46,INFO,PaymentGateway,User u1458 login successful,E101,User {user} login successful
68206,2026-01-14,20:21:13,INFO,PaymentGateway,Page view: /home by u4502,E103,Page view: {page} by {user}
68207,2026-01-14,20:18:58,INFO,PaymentGateway,Health check passed: PaymentGateway,E102,Health check passed: {service}
68208,2026-01-14,20:24:12,INFO,AuthService,Health check passed: AuthService,E102,Health check passed: {service}
68209,2026-01-14,20:45:48,WARN,WebServer,Disk usage > 85% on node node-4,E202,Disk usage > 85% on node {node}
68210,2026-01-14,20:18:27,INFO,WebServer,Health check passed: WebServer,E102,Health check passed: {service}
68211,2026-01-14,20:31:41,INFO,PaymentGateway,Page view: /home by u4383,E103,Page view: {page} by {user}
68212,2026-01-14,20:45:49,INFO,WebServer,Page view: /home by u3525,E103,Page view: {page} by {user}
68213,2026-01-14,20:50:47,INFO,PaymentGateway,Transaction tx981524 completed in 1043ms,E104,Transaction {tx} completed in {time}ms
68214,2026-01-14,20:07:36,INFO,PaymentGateway,Transaction tx924381 completed in 1025ms,E104,Transaction {tx} completed in {time}ms
68215,2026-01-14,20:08:59,INFO,AuthService,Page view: /home by u4792,E103,Page view: {page} by {user}
68216,2026-01-14,20:52:26,INFO,WebServer,Transaction tx132865 completed in 1848ms,E104,Transaction {tx} completed in {time}ms
68217,2026-01-14,20:46:06,INFO,WebServer,User u1184 login successful,E101,User {user} login successful
68218,2026-01-14,20:27:27,INFO,WebServer,Transaction tx337392 completed in 1642ms,E104,Transaction {tx} completed in {time}ms
68219,2026-01-14,20:13:35,WARN,PaymentGateway,High latency (1859ms) detected on PaymentGateway,E201,High latency ({time}ms) detected on {service}
68220,2026-01-14,20:50:10,INFO,InventoryDB,Health check passed: InventoryDB,E102,Health check passed: {service}
68221,2026-01-14,20:12:42,WARN,WebServer,High latency (1050ms) detected on WebServer,E201,High latency ({time}ms) detected on {service}
68222,2026-01-14,20:35:44,INFO,WebServer,Page view: /home by u1541,E103,Page view: {page} by {user}
68223,2026-01-14,20:05:57,INFO,WebServer,Page view: /home by u2865,E103,Page view: {page} by {user}
68224,2026-01-14,20:27:25,INFO,WebServer,Health check passed: WebServer,E102,Health check passed: {service}
68225,2026-01-14,20:48:28,INFO,WebServer,Health check passed: WebServer,E102,Health check passed: {service}
68226,2026-01-14,20:42:30,INFO,WebServer,Transaction tx201807 completed in 1400ms,E104,Transaction {tx} completed in {time}ms
68227,2026-01-14,20:46:43,INFO,AuthService,User u1476 login successful,E101,User {user} login successful
68228,2026-01-14,20:11:32,INFO,AuthService,Health check passed: AuthService,E102,Health check passed: {service}
68229,2026-01-14,20:22:31,INFO,WebServer,Health check passed: WebServer,E102,Health check passed: {service}
68230,2026-01-14,20:52:44,INFO,OrderProcessor,User u3833 login successful,E101,User {user} login successful
68231,2026-01-14,20:02:53,WARN,PaymentGateway,Unauthorized access attempt from 10.0.0.88,E401,Unauthorized access attempt from {ip}
68232,2026-01-14,20:34:15,INFO,OrderProcessor,Health check passed: OrderProcessor,E102,Health check passed: {service}
68233,2026-01-14,20:38:38,INFO,WebServer,Page view: /home by u2817,E103,Page view: {page} by {user}
68234,2026-01-14,20:15:29,INFO,WebServer,User u2799 login successful,E101,User {user} login successful
68235,2026-01-14,20:32:49,WARN,WebServer,High latency (648ms) detected on WebServer,E201,High latency ({time}ms) detected on {service}
68236,2026-01-14,20:14:20,WARN,WebServer,High latency (1467ms) detected on WebServer,E201,High latency ({time}ms) detected on {service}
68237,2026-01-14,20:11:41,INFO,WebServer,Page view: /home by u1641,E103,Page view: {page} by {user}
68238,2026-01-14,20:10:40,INFO,AuthService,User u2539 login successful,E101,User {user} login successful
68239,2026-01-14,20:57:40,INFO,WebServer,User u3002 login successful,E101,User {user} login successful
68240,2026-01-14,20:58:50,INFO,WebServer,Health check passed: WebServer,E102,Health check passed: {service}
68241,2026-01-14,20:32:32,ERROR,AuthService,Connection refused to AuthService at 10.0.0.88,E501,Connection refused to {service} at {ip}
68242,2026-01-14,20:24:21,INFO,PaymentGateway,Page view: /home by u3878,E103,Page view: {page} by {user}
68243,2026-01-14,20:32:37,INFO,AuthService,User u2183 login successful,E101,User {user} login successful
68244,2026-01-14,20:13:21,INFO,AuthService,Page view: /home by u3596,E103,Page view: {page} by {user}
68245,2026-01-14,20:11:29,INFO,PaymentGateway,Page view: /home by u4965,E103,Page view: {page} by {user}
68246,2026-01-14,20:49:54,INFO,WebServer,Transaction tx974485 completed in 1176ms,E104,Transaction {tx} completed in {time}ms
68247,2026-01-14,20:56:11,INFO,WebServer,Health check passed: WebServer,E102,Health check passed: {service}
68248,2026-01-14,20:24:36,INFO,WebServer,Page view: /home by u4908,E103,Page view: {page} by {user}
68249,2026-01-14,20:01:29,INFO,InventoryDB,Transaction tx601260 completed in 1035ms,E104,Transaction {tx} completed in {time}ms
68250,2026-01-14,20:21:26,INFO,WebServer,Transaction tx202466 completed in 914ms,E104,Transaction {tx} completed in {time}ms
68251,2026-01-14,20:44:16,INFO,WebServer,Page view: /home by u2663,E103,Page view: {page} by {user}
68252,2026-01-14,20:24:05,INFO,PaymentGateway,Transaction tx237568 completed in 1566ms,E104,Transaction {tx} completed in {time}ms
68253,2026-01-14,20:44:12,INFO,WebServer,User u2182 login successful,E101,User {user} login successful
68254,2026-01-14,20:29:56,WARN,AuthService,High latency (340ms) detected on AuthService,E201,High latency ({time}ms) detected on {service}
68255,2026-01-14,20:53:31,WARN,OrderProcessor,High latency (1800ms) detected on OrderProcessor,E201,High latency ({time}ms) detected on {service}
68256,2026-01-14,20:47:20,INFO,WebServer,Health check passed: WebServer,E102,Health check passed: {service}
68257,2026-01-14,20:52:08,INFO,WebServer,Health check passed: WebServer,E102,Health check passed: {service}
68258,2026-01-14,20:13:37,INFO,PaymentGateway,Health check passed: PaymentGateway,E102,Health check passed: {service}
68259,2026-01-14,20:02:20,INFO,AuthService,Transaction tx649195 completed in 1288ms,E104,Transaction {tx} completed in {time}ms
68260,2026-01-14,20:45:27,INFO,AuthService,Transaction tx967885 completed in 1083ms,E104,Transaction {tx} completed in {time}ms
68261,2026-01-14,20:30:36,INFO,WebServer,Health check passed: WebServer,E102,Health check passed: {service}
68262,2026-01-14,20:12:38,INFO,OrderProcessor,User u4131 login successful,E101,User {user} login successful
68263,2026-01-14,20:26:22,INFO,WebServer,User u2947 login successful,E101,User {user} login successful
68264,2026-01-14,20:07:53,INFO,InventoryDB,User u2944 login successful,E101,User {user} login successful
68265,2026-01-14,20:59:05,INFO,WebServer,Transaction tx769392 completed in 172ms,E104,Transaction {tx} completed in {time}ms
68266,2026-01-14,20:27:39,INFO,OrderProcessor,Page view: /home by u2434,E103,Page view: {page} by {user}
68267,2026-01-14,20:25:23,INFO,WebServer,Transaction tx739076 completed in 1323ms,E104,Transaction {tx} completed in {time}ms
68268,2026-01-14,20:48:49,INFO,WebServer,Page view: /home by u2777,E103,Page view: {page} by {user}
68269,2026-01-14,20:22:12,INFO,WebServer,Health check passed: WebServer,E102,Health check passed: {service}
68270,2026-01-14,20:05:26,INFO,WebServer,User u3458 login successful,E101,User {user} login successful
68271,2026-01-14,20:04:37,INFO,AuthService,User u3356 login successful,E101,User {user} login successful
68272,2026-01-14,20:06:07,INFO,AuthService,Transaction tx775337 completed in 749ms,E104,Transaction {tx} completed in {time}ms
68273,2026-01-14,20:08:38,INFO,PaymentGateway,User u2925 login successful,E101,User {user} login successful
68274,2026-01-14,20:46:58,INFO,WebServer,User u2403 login successful,E101,User {user} login successful
68275,2026-01-14,20:26:06,INFO,AuthService,User u1285 login successful,E101,User {user} login successful
68276,2026-01-14,20:04:05,INFO,AuthService,Health check passed: AuthService,E102,Health check passed: {service}
68277,2026-01-14,20:48:20,INFO,WebServer,Health check passed: WebServer,E102,Health check passed: {service}
68278,2026-01-14,20:08:22,INFO,AuthService,Page view: /home by u4395,E103,Page view: {page} by {user}
68279,2026-01-14,20:34:29,INFO,OrderProcessor,Transaction tx538529 completed in 1573ms,E104,Transaction {tx} completed in {time}ms
68280,2026-01-14,20:31:49,INFO,WebServer,Page view: /home by u3094,E103,Page view: {page} by {user}
68281,2026-01-14,20:16:43,INFO,AuthService,Transaction tx380975 completed in 1447ms,E104,Transaction {tx} completed in {time}ms
68282,2026-01-14,20:22:50,INFO,OrderProcessor,Page view: /home by u1728,E103,Page view: {page} by {user}
68283,2026-01-14,20:40:09,INFO,AuthService,User u3610 login successful,E101,User {user} login successful
68284,2026-01-14,20:11:27,INFO,WebServer,Page view: /home by u4857,E103,Page view: {page} by {user}
68285,2026-01-14,20:29:10,INFO,WebServer,Transaction tx329920 completed in 1778ms,E104,Transaction {tx} completed in {time}ms
68286,2026-01-14,20:16:54,INFO,AuthService,Transaction tx736573 completed in 634ms,E104,Transaction {tx} completed in {time}ms
68287,2026-01-14,20:49:01,INFO,AuthService,Transaction tx913132 completed in 413ms,E104,Transaction {tx} completed in {time}ms
68288,2026-01-14,20:16:15,INFO,WebServer,Health check passed: WebServer,E102,Health check passed: {service}
68289,2026-01-14,20:48:52,INFO,OrderProcessor,Transaction tx595419 completed in 1340ms,E104,Transaction {tx} completed in {time}ms
68290,2026-01-14,20:59:14,INFO,WebServer,Transaction tx831761 completed in 390ms,E104,Transaction {tx} completed in {time}ms
68291,2026-01-14,20:24:13,INFO,OrderProcessor,User u3481 login successful,E101,User {user} login successful
68292,2026-01-14,20:53:38,INFO,PaymentGateway,Health check passed: PaymentGateway,E102,Health check passed: {service}
68293,2026-01-14,20:50:16,INFO,AuthService,User u3514 login successful,E101,User {user} login successful
68294,2026-01-14,20:02:51,INFO,WebServer,User u4195 login successful,E101,User {user} login successful
68295,2026-01-14,20:48:53,INFO,WebServer,Page view: /home by u1326,E103,Page view: {page} by {user}
68296,2026-01-14,20:34:34,INFO,WebServer,Transaction tx561554 completed in 874ms,E104,Transaction {tx} completed in {time}ms
68297,2026-01-14,20:06:49,INFO,WebServer,User u1446 login successful,E101,User {user} login successful
68298,2026-01-14,20:30:09,INFO,WebServer,Health check passed: WebServer,E102,Health check passed: {service}
68299,2026-01-14,20:50:13,INFO,WebServer,User u3396 login successful,E101,User {user} login successful
68300,2026-01-14,20:50:06,INFO,WebServer,Transaction tx257177 completed in 102ms,E104,Transaction {tx} completed in {time}ms
68301,2026-01-14,20:27:39,INFO,WebServer,User u4465 login successful,E101,User {user} login successful
68302,2026-01-14,20:57:23,WARN,PaymentGateway,High latency (1369ms) detected on PaymentGateway,E201,High latency ({time}ms) detected on {service}
68303,2026-01-14,20:45:10,INFO,PaymentGateway,Transaction tx511688 completed in 574ms,E104,Transaction {tx} completed in {time}ms
68304,2026-01-14,20:44:58,ERROR,AuthService,Connection refused to AuthService at 10.0.0.45,E501,Connection refused to {service} at {ip}
68305,2026-01-14,20:58:22,INFO,WebServer,Health check passed: WebServer,E102,Health check passed: {service}
68306,2026-01-14,20:41:29,INFO,WebServer,Health check passed: WebServer,E102,Health check passed: {service}
68307,2026-01-14,20:55:43,INFO,PaymentGateway,Health check passed: PaymentGateway,E102,Health check passed: {service}
68308,2026-01-14,20:43:09,INFO,AuthService,Transaction tx479266 completed in 1028ms,E104,Transaction {tx} completed in {time}ms
68309,2026-01-14,20:41:06,INFO,WebServer,Page view: /home by u3249,E103,Page view: {page} by {user}
68310,2026-01-14,20:15:05,INFO,WebServer,Transaction tx188808 completed in 1937ms,E104,Transaction {tx} completed in {time}ms
68311,2026-01-14,20:59:47,INFO,WebServer,Transaction tx879339 completed in 1279ms,E104,Transaction {tx} completed in {time}ms
68312,2026-01-14,20:27:18,INFO,WebServer,Health check passed: WebServer,E102,Health check passed: {service}
68313,2026-01-14,20:34:15,INFO,AuthService,Page view: /home by u2000,E103,Page view: {page} by {user}
68314,2026-01-14,20:14:45,WARN,WebServer,Unauthorized access attempt from 10.0.0.45,E401,Unauthorized access attempt from {ip}
68315,2026-01-14,20:18:40,WARN,OrderProcessor,Unauthorized access attempt from 10.0.0.45,E401,Unauthorized access attempt from {ip}
68316,2026-01-14,20:46:49,INFO,WebServer,Transaction tx917693 completed in 1971ms,E104,Transaction {tx} completed in {time}ms
68317,2026-01-14,20:16:18,INFO,WebServer,Page view: /home by u3492,E103,Page view: {page} by {user}
68318,2026-01-14,20:37:10,INFO,WebServer,User u2867 login successful,E101,User {user} login successful
68319,2026-01-14,20:05:24,INFO,AuthService,Health check passed: AuthService,E102,Health check passed: {service}
68320,2026-01-14,20:07:27,INFO,WebServer,Transaction tx425709 completed in 562ms,E104,Transaction {tx} completed in {time}ms
68321,2026-01-14,20:47:37,INFO,WebServer,Transaction tx724089 completed in 245ms,E104,Transaction {tx} completed in {time}ms
68322,2026-01-14,20:22:29,INFO,OrderProcessor,Health check passed: OrderProcessor,E102,Health check passed: {service}
68323,2026-01-14,20:03:59,INFO,WebServer,Health check passed: WebServer,E102,Health check passed: {service}
68324,2026-01-14,20:41:42,INFO,WebServer,Page view: /home by u2565,E103,Page view: {page} by {user}
68325,2026-01-14,20:43:33,INFO,AuthService,Health check passed: AuthService,E102,Health check passed: {service}
68326,2026-01-14,20:16:51,INFO,InventoryDB,Health check passed: InventoryDB,E102,Health check passed: {service}
68327,2026-01-14,20:44:01,INFO,AuthService,Health check passed: AuthService,E102,Health check passed: {service}
68328,2026-01-14,20:52:52,INFO,OrderProcessor,User u2837 login successful,E101,User {user} login successful
68329,2026-01-14,20:17:15,INFO,OrderProcessor,User u2824 login successful,E101,User {user} login successful
68330,2026-01-14,20:10:50,INFO,OrderProcessor,Transaction tx388178 completed in 1603ms,E104,Transaction {tx} completed in {time}ms
68331,2026-01-14,20:54:14,INFO,WebServer,Health check passed: WebServer,E102,Health check passed: {service}
68332,2026-01-14,20:16:49,INFO,InventoryDB,User u4590 login successful,E101,User {user} login successful
68333,2026-01-14,20:09:36,INFO,WebServer,User u1208 login successful,E101,User {user} login successful
68334,2026-01-14,20:14:47,INFO,WebServer,User u3370 login successful,E101,User {user} login successful
68335,2026-01-14,20:51:49,INFO,InventoryDB,User u2569 login successful,E101,User {user} login successful
68336,2026-01-14,20:57:16,INFO,WebServer,Page view: /home by u3017,E103,Page view: {page} by {user}
68337,2026-01-14,20:44:31,INFO,WebServer,User u3401 login successful,E101,User {user} login successful
68338,2026-01-14,20:28:05,INFO,WebServer,Health check passed: WebServer,E102,Health check passed: {service}
68339,2026-01-14,20:44:59,INFO,OrderProcessor,User u4721 login successful,E101,User {user} login successful
68340,2026-01-14,20:06:35,INFO,WebServer,User u3362 login successful,E101,User {user} login successful
68341,2026-01-14,20:47:52,INFO,WebServer,User u4918 login successful,E101,User {user} login successful
68342,2026-01-14,20:36:50,INFO,WebServer,Transaction tx560314 completed in 787ms,E104,Transaction {tx} completed in {time}ms
68343,2026-01-14,20:46:16,INFO,WebServer,Transaction tx619981 completed in 196ms,E104,Transaction {tx} completed in {time}ms
68344,2026-01-14,20:01:55,INFO,WebServer,Health check passed: WebServer,E102,Health check passed: {service}
68345,2026-01-14,20:20:46,INFO,WebServer,Transaction tx957998 completed in 1695ms,E104,Transaction {tx} completed in {time}ms
68346,2026-01-14,20:24:31,INFO,WebServer,User u1386 login successful,E101,User {user} login successful
68347,2026-01-14,20:19:36,INFO,OrderProcessor,Health check passed: OrderProcessor,E102,Health check passed: {service}
68348,2026-01-14,20:13:26,INFO,WebServer,User u3502 login successful,E101,User {user} login successful
68349,2026-01-14,20:38:37,INFO,AuthService,Page view: /home by u2216,E103,Page view: {page} by {user}
68350,2026-01-14,20:35:17,INFO,WebServer,Transaction tx965160 completed in 504ms,E104,Transaction {tx} completed in {time}ms
68351,2026-01-14,20:12:08,INFO,WebServer,User u4682 login successful,E101,User {user} login successful
68352,2026-01-14,20:00:51,INFO,WebServer,Page view: /home by u2248,E103,Page view: {page} by {user}
68353,2026-01-14,20:59:06,INFO,WebServer,Health check passed: WebServer,E102,Health check passed: {service}
68354,2026-01-14,20:45:30,INFO,InventoryDB,Health check passed: InventoryDB,E102,Health check passed: {service}
68355,2026-01-14,20:24:30,INFO,PaymentGateway,Transaction tx519767 completed in 1442ms,E104,Transaction {tx} completed in {time}ms
68356,2026-01-14,20:21:20,INFO,OrderProcessor,Transaction tx412649 completed in 806ms,E104,Transaction {tx} completed in {time}ms
68357,2026-01-14,20:50:45,INFO,WebServer,User u4893 login successful,E101,User {user} login successful
68358,2026-01-14,20:59:40,INFO,WebServer,User u3706 login successful,E101,User {user} login successful
68359,2026-01-14,20:21:52,INFO,AuthService,Transaction tx286497 completed in 420ms,E104,Transaction {tx} completed in {time}ms
68360,2026-01-14,20:30:48,INFO,AuthService,Health check passed: AuthService,E102,Health check passed: {service}
68361,2026-01-14,20:29:18,INFO,WebServer,Health check passed: WebServer,E102,Health check passed: {service}
68362,2026-01-14,20:29:38,WARN,AuthService,Unauthorized access attempt from 192.168.1.5,E401,Unauthorized access attempt from {ip}
68363,2026-01-14,20:09:44,WARN,AuthService,Disk usage > 85% on node node-1,E202,Disk usage > 85% on node {node}
68364,2026-01-14,20:28:17,INFO,WebServer,Page view: /home by u3704,E103,Page view: {page} by {user}
68365,2026-01-14,20:42:12,INFO,WebServer,Page view: /home by u2445,E103,Page view: {page} by {user}
68366,2026-01-14,20:01:58,INFO,WebServer,Transaction tx380456 completed in 1986ms,E104,Transaction {tx} completed in {time}ms
68367,2026-01-14,20:50:40,INFO,WebServer,User u4996 login successful,E101,User {user} login successful
68368,2026-01-14,20:58:21,ERROR,WebServer,Payment declined: Gateway unavailable,E503,Payment declined: Gateway unavailable
68369,2026-01-14,20:21:50,INFO,AuthService,Transaction tx749065 completed in 1581ms,E104,Transaction {tx} completed in {time}ms
68370,2026-01-14,20:44:12,INFO,WebServer,Page view: /home by u3588,E103,Page view: {page} by {user}
68371,2026-01-14,20:25:33,INFO,WebServer,Health check passed: WebServer,E102,Health check passed: {service}
68372,2026-01-14,20:03:50,INFO,PaymentGateway,Health check passed: PaymentGateway,E102,Health check passed: {service}
68373,2026-01-14,20:37:33,INFO,WebServer,Transaction tx798701 completed in 455ms,E104,Transaction {tx} completed in {time}ms
68374,2026-01-14,20:08:04,INFO,WebServer,User u2821 login successful,E101,User {user} login successful
68375,2026-01-14,20:39:45,INFO,WebServer,Health check passed: WebServer,E102,Health check passed: {service}
68376,2026-01-14,20:29:35,WARN,InventoryDB,High latency (1802ms) detected on InventoryDB,E201,High latency ({time}ms) detected on {service}
68377,2026-01-14,20:52:37,INFO,WebServer,User u1574 login successful,E101,User {user} login successful
68378,2026-01-14,20:51:41,INFO,WebServer,Page view: /home by u3818,E103,Page view: {page} by {user}
68379,2026-01-14,20:25:26,INFO,AuthService,Transaction tx740684 completed in 1326ms,E104,Transaction {tx} completed in {time}ms
68380,2026-01-14,20:22:49,INFO,WebServer,Page view: /home by u3962,E103,Page view: {page} by {user}
68381,2026-01-14,20:17:19,INFO,WebServer,Health check passed: WebServer,E102,Health check passed: {service}
68382,2026-01-14,20:43:47,INFO,WebServer,Transaction tx597160 completed in 261ms,E104,Transaction {tx} completed in {time}ms
68383,2026-01-14,20:28:06,INFO,WebServer,Health check passed: WebServer,E102,Health check passed: {service}
68384,2026-01-14,20:38:11,INFO,AuthService,User u2591 login successful,E101,User {user} login successful
68385,2026-01-14,20:20:57,INFO,WebServer,User u3204 login successful,E101,User {user} login successful
68386,2026-01-14,20:04:29,INFO,WebServer,User u3363 login successful,E101,User {user} login successful
68387,2026-01-14,20:08:31,INFO,PaymentGateway,User u2815 login successful,E101,User {user} login successful
68388,2026-01-14,20:49:40,INFO,WebServer,Transaction tx374950 completed in 60ms,E104,Transaction {tx} completed in {time}ms
68389,2026-01-14,20:50:09,WARN,OrderProcessor,Disk usage > 85% on node node-3,E202,Disk usage > 85% on node {node}
68390,2026-01-14,20:56:49,INFO,AuthService,Health check passed: AuthService,E102,Health check passed: {service}
68391,2026-01-14,20:38:35,INFO,OrderProcessor,User u4354 login successful,E101,User {user} login successful
68392,2026-01-14,20:09:29,INFO,WebServer,User u4761 login successful,E101,User {user} login successful
68393,2026-01-14,20:48:22,INFO,OrderProcessor,Page view: /home by u1099,E103,Page view: {page} by {user}
68394,2026-01-14,20:54:20,INFO,OrderProcessor,Page view: /home by u2587,E103,Page view: {page} by {user}
68395,2026-01-14,20:37:34,INFO,AuthService,Page view: /home by u4127,E103,Page view: {page} by {user}
68396,2026-01-14,20:07:49,INFO,PaymentGateway,Transaction tx773752 completed in 331ms,E104,Transaction {tx} completed in {time}ms
68397,2026-01-14,20:30:39,INFO,WebServer,User u1772 login successful,E101,User {user} login successful
68398,2026-01-14,20:15:31,INFO,AuthService,Health check passed: AuthService,E102,Health check passed: {service}
68399,2026-01-14,20:41:29,INFO,AuthService,Health check passed: AuthService,E102,Health check passed: {service}
68400,2026-01-14,20:24:05,WARN,AuthService,Disk usage > 85% on node node-1,E202,Disk usage > 85% on node {node}
68401,2026-01-14,20:58:59,WARN,WebServer,Disk usage > 85% on node node-3,E202,Disk usage > 85% on node {node}
68402,2026-01-14,20:42:55,INFO,OrderProcessor,Transaction tx705152 completed in 1369ms,E104,Transaction {tx} completed in {time}ms
68403,2026-01-14,20:30:34,INFO,WebServer,User u2939 login successful,E101,User {user} login successful
68404,2026-01-14,20:35:34,INFO,WebServer,Health check passed: WebServer,E102,Health check passed: {service}
68405,2026-01-14,20:00:07,INFO,OrderProcessor,Health check passed: OrderProcessor,E102,Health check passed: {service}
68406,2026-01-14,20:44:07,INFO,WebServer,Health check passed: WebServer,E102,Health check passed: {service}
68407,2026-01-14,20:38:53,INFO,WebServer,Page view: /home by u4075,E103,Page view: {page} by {user}
68408,2026-01-14,20:16:32,INFO,AuthService,Health check passed: AuthService,E102,Health check passed: {service}
68409,2026-01-14,20:47:23,INFO,InventoryDB,Transaction tx890001 completed in 960ms,E104,Transaction {tx} completed in {time}ms
68410,2026-01-14,20:33:30,INFO,WebServer,Health check passed: WebServer,E102,Health check passed: {service}
68411,2026-01-14,20:29:14,INFO,OrderProcessor,Health check passed: OrderProcessor,E102,Health check passed: {service}
68412,2026-01-14,20:47:15,INFO,AuthService,Page view: /home by u3256,E103,Page view: {page} by {user}
68413,2026-01-14,20:32:04,INFO,WebServer,User u3796 login successful,E101,User {user} login successful
68414,2026-01-14,20:50:55,WARN,PaymentGateway,Unauthorized access attempt from 10.0.0.45,E401,Unauthorized access attempt from {ip}
68415,2026-01-14,20:29:59,INFO,WebServer,Health check passed: WebServer,E102,Health check passed: {service}
68416,2026-01-14,20:56:01,INFO,WebServer,Transaction tx261800 completed in 1572ms,E104,Transaction {tx} completed in {time}ms
68417,2026-01-14,20:02:35,INFO,WebServer,Transaction tx158890 completed in 60ms,E104,Transaction {tx} completed in {time}ms
68418,2026-01-14,20:49:02,ERROR,AuthService,Timeout waiting for lock on InventoryDB,E502,Timeout waiting for lock on {db}
68419,2026-01-14,20:14:11,INFO,WebServer,Page view: /home by u2969,E103,Page view: {page} by {user}
68420,2026-01-14,20:28:58,INFO,OrderProcessor,Page view: /home by u1381,E103,Page view: {page} by {user}
68421,2026-01-14,20:27:21,INFO,WebServer,Health check passed: WebServer,E102,Health check passed: {service}
68422,2026-01-14,20:29:13,INFO,PaymentGateway,Page view: /home by u2560,E103,Page view: {page} by {user}
68423,2026-01-14,20:41:33,INFO,WebServer,Health check passed: WebServer,E102,Health check passed: {service}
68424,2026-01-14,20:54:20,INFO,AuthService,Health check passed: AuthService,E102,Health check passed: {service}
68425,2026-01-14,20:58:00,INFO,AuthService,Health check passed: AuthService,E102,Health check passed: {service}
68426,2026-01-14,20:19:26,INFO,OrderProcessor,Health check passed: OrderProcessor,E102,Health check passed: {service}
68427,2026-01-14,20:33:45,INFO,WebServer,User u3525 login successful,E101,User {user} login successful
68428,2026-01-14,20:50:57,INFO,AuthService,Page view: /home by u2693,E103,Page view: {page} by {user}
68429,2026-01-14,20:13:35,WARN,WebServer,Disk usage > 85% on node node-4,E202,Disk usage > 85% on node {node}
68430,2026-01-14,20:23:24,INFO,WebServer,Page view: /home by u2572,E103,Page view: {page} by {user}
68431,2026-01-14,20:46:09,INFO,WebServer,User u2550 login successful,E101,User {user} login successful
68432,2026-01-14,20:16:16,INFO,WebServer,Transaction tx731907 completed in 1768ms,E104,Transaction {tx} completed in {time}ms
68433,2026-01-14,20:53:58,INFO,WebServer,Page view: /home by u2434,E103,Page view: {page} by {user}
68434,2026-01-14,20:48:30,INFO,WebServer,Page view: /home by u2613,E103,Page view: {page} by {user}
68435,2026-01-14,20:20:52,INFO,WebServer,User u2647 login successful,E101,User {user} login successful
68436,2026-01-14,20:02:37,INFO,WebServer,User u2211 login successful,E101,User {user} login successful
68437,2026-01-14,20:37:47,INFO,WebServer,User u4294 login successful,E101,User {user} login successful
68438,2026-01-14,20:38:55,INFO,PaymentGateway,User u4198 login successful,E101,User {user} login successful
68439,2026-01-14,20:28:50,INFO,PaymentGateway,Health check passed: PaymentGateway,E102,Health check passed: {service}
68440,2026-01-14,20:08:49,INFO,WebServer,Health check passed: WebServer,E102,Health check passed: {service}
68441,2026-01-14,20:51:37,INFO,WebServer,User u4191 login successful,E101,User {user} login successful
68442,2026-01-14,20:56:17,ERROR,WebServer,Payment declined: Gateway unavailable,E503,Payment declined: Gateway unavailable
68443,2026-01-14,20:03:31,INFO,PaymentGateway,Health check passed: PaymentGateway,E102,Health check passed: {service}
68444,2026-01-14,20:02:53,INFO,WebServer,Transaction tx669650 completed in 234ms,E104,Transaction {tx} completed in {time}ms
68445,2026-01-14,20:29:21,INFO,WebServer,Health check passed: WebServer,E102,Health check passed: {service}
68446,2026-01-14,20:37:23,INFO,WebServer,Health check passed: WebServer,E102,Health check passed: {service}
68447,2026-01-14,20:01:56,INFO,WebServer,Page view: /home by u4775,E103,Page view: {page} by {user}
68448,2026-01-14,20:24:25,INFO,OrderProcessor,Page view: /home by u2645,E103,Page view: {page} by {user}
68449,2026-01-14,20:32:49,INFO,WebServer,User u3379 login successful,E101,User {user} login successful
68450,2026-01-14,20:11:11,INFO,AuthService,Transaction tx619298 completed in 155ms,E104,Transaction {tx} completed in {time}ms
68451,2026-01-14,20:34:43,INFO,InventoryDB,Page view: /home by u4736,E103,Page view: {page} by {user}
68452,2026-01-14,20:15:33,INFO,WebServer,User u3402 login successful,E101,User {user} login successful
68453,2026-01-14,20:38:51,INFO,WebServer,Transaction tx925881 completed in 82ms,E104,Transaction {tx} completed in {time}ms
68454,2026-01-14,20:19:19,INFO,WebServer,Page view: /home by u3697,E103,Page view: {page} by {user}
68455,2026-01-14,20:49:00,WARN,AuthService,Unauthorized access attempt from 10.0.0.45,E401,Unauthorized access attempt from {ip}
68456,2026-01-14,20:32:45,INFO,WebServer,Health check passed: WebServer,E102,Health check passed: {service}
68457,2026-01-14,20:46:00,INFO,AuthService,User u3000 login successful,E101,User {user} login successful
68458,2026-01-14,20:30:41,WARN,AuthService,Unauthorized access attempt from 10.0.0.45,E401,Unauthorized access attempt from {ip}
68459,2026-01-14,20:46:02,INFO,AuthService,User u4969 login successful,E101,User {user} login successful
68460,2026-01-14,20:04:14,INFO,WebServer,Transaction tx795074 completed in 1303ms,E104,Transaction {tx} completed in {time}ms
68461,2026-01-14,20:55:55,INFO,AuthService,Health check passed: AuthService,E102,Health check passed: {service}
68462,2026-01-14,20:19:57,INFO,OrderProcessor,Transaction tx898334 completed in 1173ms,E104,Transaction {tx} completed in {time}ms
68463,2026-01-14,20:15:07,INFO,AuthService,User u2807 login successful,E101,User {user} login successful
68464,2026-01-14,20:13:42,INFO,OrderProcessor,Page view: /home by u4771,E103,Page view: {page} by {user}
68465,2026-01-14,20:57:54,INFO,WebServer,Transaction tx450144 completed in 651ms,E104,Transaction {tx} completed in {time}ms
68466,2026-01-14,20:03:00,INFO,AuthService,Page view: /home by u4045,E103,Page view: {page} by {user}
68467,2026-01-14,20:47:05,INFO,WebServer,Page view: /home by u1424,E103,Page view: {page} by {user}
68468,2026-01-14,20:28:23,INFO,WebServer,Page view: /home by u1272,E103,Page view: {page} by {user}
68469,2026-01-14,20:49:41,ERROR,WebServer,Connection refused to WebServer at 10.0.0.45,E501,Connection refused to {service} at {ip}
68470,2026-01-14,20:33:56,INFO,WebServer,User u2125 login successful,E101,User {user} login successful
68471,2026-01-14,20:02:46,INFO,WebServer,User u4808 login successful,E101,User {user} login successful
68472,2026-01-14,20:37:39,INFO,OrderProcessor,Transaction tx159990 completed in 1360ms,E104,Transaction {tx} completed in {time}ms
68473,2026-01-14,20:55:48,INFO,WebServer,Health check passed: WebServer,E102,Health check passed: {service}
68474,2026-01-14,20:35:22,INFO,WebServer,Transaction tx417643 completed in 672ms,E104,Transaction {tx} completed in {time}ms
68475,2026-01-14,20:35:12,INFO,WebServer,User u3057 login successful,E101,User {user} login successful
68476,2026-01-14,20:49:35,INFO,AuthService,Page view: /home by u3247,E103,Page view: {page} by {user}
68477,2026-01-14,20:24:36,INFO,WebServer,Transaction tx399054 completed in 1960ms,E104,Transaction {tx} completed in {time}ms
68478,2026-01-14,20:56:22,INFO,OrderProcessor,Transaction tx792499 completed in 918ms,E104,Transaction {tx} completed in {time}ms
68479,2026-01-14,20:08:47,INFO,AuthService,User u4305 login successful,E101,User {user} login successful
68480,2026-01-14,20:21:45,INFO,WebServer,Transaction tx826621 completed in 871ms,E104,Transaction {tx} completed in {time}ms
68481,2026-01-14,20:53:40,WARN,AuthService,High latency (147ms) detected on AuthService,E201,High latency ({time}ms) detected on {service}
68482,2026-01-14,20:38:28,INFO,WebServer,Transaction tx469339 completed in 1861ms,E104,Transaction {tx} completed in {time}ms
68483,2026-01-14,20:23:38,INFO,AuthService,Transaction tx631951 completed in 1226ms,E104,Transaction {tx} completed in {time}ms
68484,2026-01-14,20:38:21,INFO,WebServer,Health check passed: WebServer,E102,Health check passed: {service}
68485,2026-01-14,20:09:47,WARN,WebServer,High latency (855ms) detected on WebServer,E201,High latency ({time}ms) detected on {service}
68486,2026-01-14,20:09:52,INFO,WebServer,Page view: /home by u1829,E103,Page view: {page} by {user}
68487,2026-01-14,20:07:39,INFO,WebServer,Transaction tx260839 completed in 1132ms,E104,Transaction {tx} completed in {time}ms
68488,2026-01-14,20:11:30,INFO,WebServer,User u4370 login successful,E101,User {user} login successful
68489,2026-01-14,20:11:51,INFO,AuthService,User u3412 login successful,E101,User {user} login successful
68490,2026-01-14,20:05:18,INFO,AuthService,User u1429 login successful,E101,User {user} login successful
68491,2026-01-14,20:20:29,INFO,PaymentGateway,User u4386 login successful,E101,User {user} login successful
68492,2026-01-14,20:03:07,INFO,PaymentGateway,Page view: /home by u1327,E103,Page view: {page} by {user}
68493,2026-01-14,20:04:56,INFO,InventoryDB,Page view: /home by u2843,E103,Page view: {page} by {user}
68494,2026-01-14,20:00:29,INFO,OrderProcessor,Health check passed: OrderProcessor,E102,Health check passed: {service}
68495,2026-01-14,20:01:54,WARN,AuthService,High latency (108ms) detected on AuthService,E201,High latency ({time}ms) detected on {service}
68496,2026-01-14,20:18:17,INFO,WebServer,Transaction tx640192 completed in 1549ms,E104,Transaction {tx} completed in {time}ms
68497,2026-01-14,20:21:21,INFO,WebServer,User u1174 login successful,E101,User {user} login successful
68498,2026-01-14,20:05:20,INFO,WebServer,User u2398 login successful,E101,User {user} login successful
68499,2026-01-14,20:08:17,INFO,WebServer,Health check passed: WebServer,E102,Health check passed: {service}
68500,2026-01-14,20:45:23,INFO,OrderProcessor,Page view: /home by u3040,E103,Page view: {page} by {user}
68501,2026-01-14,20:06:26,INFO,WebServer,User u1974 login successful,E101,User {user} login successful
68502,2026-01-14,20:37:18,INFO,WebServer,User u1133 login successful,E101,User {user} login successful
68503,2026-01-14,20:39:46,INFO,OrderProcessor,Page view: /home by u3689,E103,Page view: {page} by {user}
68504,2026-01-14,20:11:18,INFO,WebServer,Transaction tx396247 completed in 594ms,E104,Transaction {tx} completed in {time}ms
68505,2026-01-14,20:10:00,INFO,WebServer,Transaction tx602975 completed in 42ms,E104,Transaction {tx} completed in {time}ms
68506,2026-01-14,20:28:28,WARN,WebServer,Unauthorized access attempt from 10.0.0.45,E401,Unauthorized access attempt from {ip}
68507,2026-01-14,20:03:30,INFO,WebServer,Page view: /home by u1285,E103,Page view: {page} by {user}
68508,2026-01-14,20:52:32,INFO,OrderProcessor,Health check passed: OrderProcessor,E102,Health check passed: {service}
68509,2026-01-14,20:32:56,INFO,AuthService,Health check passed: AuthService,E102,Health check passed: {service}
68510,2026-01-14,20:38:21,INFO,WebServer,Health check passed: WebServer,E102,Health check passed: {service}
68511,2026-01-14,20:28:46,ERROR,PaymentGateway,Payment declined: Gateway unavailable,E503,Payment declined: Gateway unavailable
68512,2026-01-14,20:18:01,INFO,AuthService,Page view: /home by u3189,E103,Page view: {page} by {user}
68513,2026-01-14,20:29:02,INFO,AuthService,Page view: /home by u2117,E103,Page view: {page} by {user}
68514,2026-01-14,20:02:55,WARN,AuthService,Disk usage > 85% on node node-5,E202,Disk usage > 85% on node {node}
68515,2026-01-14,20:03:37,INFO,OrderProcessor,Transaction tx801409 completed in 1008ms,E104,Transaction {tx} completed in {time}ms
68516,2026-01-14,20:45:32,INFO,WebServer,Health check passed: WebServer,E102,Health check passed: {service}
68517,2026-01-14,20:14:09,INFO,AuthService,Page view: /home by u2431,E103,Page view: {page} by {user}
68518,2026-01-14,20:49:00,INFO,WebServer,Page view: /home by u1913,E103,Page view: {page} by {user}
68519,2026-01-14,20:39:48,INFO,AuthService,User u2921 login successful,E101,User {user} login successful
68520,2026-01-14,20:39:37,INFO,WebServer,User u1499 login successful,E101,User {user} login successful
68521,2026-01-14,20:10:25,INFO,AuthService,Health check passed: AuthService,E102,Health check passed: {service}
68522,2026-01-14,20:57:05,INFO,WebServer,User u3922 login successful,E101,User {user} login successful
68523,2026-01-14,20:58:16,INFO,WebServer,Transaction tx364789 completed in 1294ms,E104,Transaction {tx} completed in {time}ms
68524,2026-01-14,20:43:53,INFO,AuthService,Health check passed: AuthService,E102,Health check passed: {service}
68525,2026-01-14,20:13:29,INFO,WebServer,Transaction tx239200 completed in 1188ms,E104,Transaction {tx} completed in {time}ms
68526,2026-01-14,20:27:45,INFO,AuthService,Page view: /home by u3325,E103,Page view: {page} by {user}
68527,2026-01-14,20:36:10,INFO,WebServer,Transaction tx550967 completed in 226ms,E104,Transaction {tx} completed in {time}ms
68528,2026-01-14,20:08:02,INFO,WebServer,Page view: /home by u1690,E103,Page view: {page} by {user}
68529,2026-01-14,20:35:49,INFO,OrderProcessor,Health check passed: OrderProcessor,E102,Health check passed: {service}
68530,2026-01-14,21:45:55,INFO,OrderProcessor,Health check passed: OrderProcessor,E102,Health check passed: {service}
68531,2026-01-14,21:06:54,INFO,PaymentGateway,Health check passed: PaymentGateway,E102,Health check passed: {service}
68532,2026-01-14,21:32:28,ERROR,WebServer,Timeout waiting for lock on InventoryDB,E502,Timeout waiting for lock on {db}
68533,2026-01-14,21:58:19,INFO,OrderProcessor,Page view: /home by u3296,E103,Page view: {page} by {user}
68534,2026-01-14,21:58:05,INFO,InventoryDB,Page view: /home by u4749,E103,Page view: {page} by {user}
68535,2026-01-14,21:43:11,INFO,OrderProcessor,Page view: /home by u1963,E103,Page view: {page} by {user}
68536,2026-01-14,21:14:36,WARN,WebServer,High latency (25ms) detected on WebServer,E201,High latency ({time}ms) detected on {service}
68537,2026-01-14,21:32:09,INFO,PaymentGateway,Health check passed: PaymentGateway,E102,Health check passed: {service}
68538,2026-01-14,21:00:43,INFO,WebServer,Page view: /home by u3003,E103,Page view: {page} by {user}
68539,2026-01-14,21:01:24,INFO,WebServer,User u1266 login successful,E101,User {user} login successful
68540,2026-01-14,21:35:06,INFO,WebServer,User u3139 login successful,E101,User {user} login successful
68541,2026-01-14,21:26:15,INFO,WebServer,Page view: /home by u2699,E103,Page view: {page} by {user}
68542,2026-01-14,21:47:56,INFO,WebServer,User u2855 login successful,E101,User {user} login successful
68543,2026-01-14,21:08:10,INFO,WebServer,Page view: /home by u3895,E103,Page view: {page} by {user}
68544,2026-01-14,21:03:27,INFO,InventoryDB,User u2689 login successful,E101,User {user} login successful
68545,2026-01-14,21:18:04,INFO,OrderProcessor,Transaction tx300675 completed in 427ms,E104,Transaction {tx} completed in {time}ms
68546,2026-01-14,21:53:32,ERROR,InventoryDB,Connection refused to InventoryDB at 10.0.0.99,E501,Connection refused to {service} at {ip}
68547,2026-01-14,21:42:25,INFO,WebServer,Health check passed: WebServer,E102,Health check passed: {service}
68548,2026-01-14,21:35:27,INFO,WebServer,User u2083 login successful,E101,User {user} login successful
68549,2026-01-14,21:36:00,INFO,WebServer,User u2017 login successful,E101,User {user} login successful
68550,2026-01-14,21:30:24,INFO,PaymentGateway,Transaction tx350735 completed in 998ms,E104,Transaction {tx} completed in {time}ms
68551,2026-01-14,21:07:03,INFO,WebServer,Page view: /home by u1054,E103,Page view: {page} by {user}
68552,2026-01-14,21:30:40,INFO,AuthService,Health check passed: AuthService,E102,Health check passed: {service}
68553,2026-01-14,21:26:24,INFO,OrderProcessor,Health check passed: OrderProcessor,E102,Health check passed: {service}
68554,2026-01-14,21:50:12,INFO,OrderProcessor,Health check passed: OrderProcessor,E102,Health check passed: {service}
68555,2026-01-14,21:25:38,INFO,WebServer,Page view: /home by u1819,E103,Page view: {page} by {user}
68556,2026-01-14,21:28:28,INFO,OrderProcessor,Health check passed: OrderProcessor,E102,Health check passed: {service}
68557,2026-01-14,21:01:24,INFO,OrderProcessor,User u3740 login successful,E101,User {user} login successful
68558,2026-01-14,21:38:53,INFO,AuthService,Page view: /home by u4323,E103,Page view: {page} by {user}
68559,2026-01-14,21:23:49,INFO,OrderProcessor,Page view: /home by u4201,E103,Page view: {page} by {user}
68560,2026-01-14,21:39:21,INFO,OrderProcessor,Page view: /home by u4882,E103,Page view: {page} by {user}
68561,2026-01-14,21:23:26,INFO,WebServer,Health check passed: WebServer,E102,Health check passed: {service}
68562,2026-01-14,21:55:15,INFO,InventoryDB,User u1918 login successful,E101,User {user} login successful
68563,2026-01-14,21:33:32,WARN,WebServer,Unauthorized access attempt from 10.0.0.12,E401,Unauthorized access attempt from {ip}
68564,2026-01-14,21:18:12,INFO,OrderProcessor,Transaction tx855688 completed in 317ms,E104,Transaction {tx} completed in {time}ms
68565,2026-01-14,21:26:23,INFO,InventoryDB,Health check passed: InventoryDB,E102,Health check passed: {service}
68566,2026-01-14,21:59:32,INFO,WebServer,Page view: /home by u3871,E103,Page view: {page} by {user}
68567,2026-01-14,21:16:12,INFO,WebServer,Health check passed: WebServer,E102,Health check passed: {service}
68568,2026-01-14,21:36:51,INFO,AuthService,Transaction tx592537 completed in 1032ms,E104,Transaction {tx} completed in {time}ms
68569,2026-01-14,21:22:18,INFO,AuthService,Page view: /home by u1583,E103,Page view: {page} by {user}
68570,2026-01-14,21:50:25,INFO,WebServer,Page view: /home by u2132,E103,Page view: {page} by {user}
68571,2026-01-14,21:25:34,INFO,PaymentGateway,Transaction tx839078 completed in 869ms,E104,Transaction {tx} completed in {time}ms
68572,2026-01-14,21:20:23,INFO,PaymentGateway,Page view: /home by u4749,E103,Page view: {page} by {user}
68573,2026-01-14,21:48:09,INFO,WebServer,Page view: /home by u1243,E103,Page view: {page} by {user}
68574,2026-01-14,21:28:23,INFO,PaymentGateway,Health check passed: PaymentGateway,E102,Health check passed: {service}
68575,2026-01-14,21:12:49,INFO,AuthService,Page view: /home by u3959,E103,Page view: {page} by {user}
68576,2026-01-14,21:47:42,INFO,AuthService,Health check passed: AuthService,E102,Health check passed: {service}
68577,2026-01-14,21:14:34,INFO,WebServer,Transaction tx573488 completed in 93ms,E104,Transaction {tx} completed in {time}ms
68578,2026-01-14,21:03:00,INFO,WebServer,Page view: /home by u1196,E103,Page view: {page} by {user}
68579,2026-01-14,21:39:47,INFO,OrderProcessor,Transaction tx954822 completed in 137ms,E104,Transaction {tx} completed in {time}ms
68580,2026-01-14,21:39:54,INFO,PaymentGateway,Page view: /home by u2576,E103,Page view: {page} by {user}
68581,2026-01-14,21:08:56,INFO,PaymentGateway,Page view: /home by u4072,E103,Page view: {page} by {user}
68582,2026-01-14,21:10:29,INFO,PaymentGateway,Health check passed: PaymentGateway,E102,Health check passed: {service}
68583,2026-01-14,21:23:57,INFO,OrderProcessor,Page view: /home by u1229,E103,Page view: {page} by {user}
68584,2026-01-14,21:11:12,INFO,WebServer,Transaction tx981720 completed in 829ms,E104,Transaction {tx} completed in {time}ms
68585,2026-01-14,21:56:20,INFO,AuthService,User u3489 login successful,E101,User {user} login successful
68586,2026-01-14,21:09:41,INFO,WebServer,Health check passed: WebServer,E102,Health check passed: {service}
68587,2026-01-14,21:05:51,INFO,WebServer,User u1503 login successful,E101,User {user} login successful
68588,2026-01-14,21:28:09,INFO,AuthService,User u1598 login successful,E101,User {user} login successful
68589,2026-01-14,21:53:33,INFO,AuthService,Page view: /home by u2627,E103,Page view: {page} by {user}
68590,2026-01-14,21:38:30,INFO,WebServer,User u4458 login successful,E101,User {user} login successful
68591,2026-01-14,21:57:44,INFO,WebServer,Health check passed: WebServer,E102,Health check passed: {service}
68592,2026-01-14,21:54:53,INFO,WebServer,Page view: /home by u4126,E103,Page view: {page} by {user}
68593,2026-01-14,21:16:52,INFO,WebServer,Page view: /home by u4074,E103,Page view: {page} by {user}
68594,2026-01-14,21:47:32,INFO,WebServer,Page view: /home by u4398,E103,Page view: {page} by {user}
68595,2026-01-14,21:01:36,INFO,WebServer,Page view: /home by u4302,E103,Page view: {page} by {user}
68596,2026-01-14,21:22:06,INFO,OrderProcessor,Page view: /home by u3886,E103,Page view: {page} by {user}
68597,2026-01-14,21:27:57,INFO,WebServer,User u1782 login successful,E101,User {user} login successful
68598,2026-01-14,21:50:02,INFO,InventoryDB,Page view: /home by u1099,E103,Page view: {page} by {user}
68599,2026-01-14,21:52:53,INFO,PaymentGateway,Transaction tx558738 completed in 1687ms,E104,Transaction {tx} completed in {time}ms
68600,2026-01-14,21:56:35,INFO,PaymentGateway,Transaction tx254043 completed in 258ms,E104,Transaction {tx} completed in {time}ms
68601,2026-01-14,21:36:06,INFO,AuthService,User u3078 login successful,E101,User {user} login successful
68602,2026-01-14,21:16:52,WARN,WebServer,Disk usage > 85% on node node-3,E202,Disk usage > 85% on node {node}
68603,2026-01-14,21:59:41,INFO,WebServer,User u2859 login successful,E101,User {user} login successful
68604,2026-01-14,21:43:33,INFO,WebServer,Page view: /home by u3515,E103,Page view: {page} by {user}
68605,2026-01-14,21:12:04,INFO,AuthService,User u1647 login successful,E101,User {user} login successful
68606,2026-01-14,21:45:43,INFO,WebServer,User u2371 login successful,E101,User {user} login successful
68607,2026-01-14,21:38:14,INFO,WebServer,Page view: /home by u3118,E103,Page view: {page} by {user}
68608,2026-01-14,21:29:05,INFO,AuthService,Health check passed: AuthService,E102,Health check passed: {service}
68609,2026-01-14,21:08:59,INFO,WebServer,Page view: /home by u4324,E103,Page view: {page} by {user}
68610,2026-01-14,21:18:35,WARN,PaymentGateway,Disk usage > 85% on node node-3,E202,Disk usage > 85% on node {node}
68611,2026-01-14,21:25:49,INFO,WebServer,User u4505 login successful,E101,User {user} login successful
68612,2026-01-14,21:04:51,INFO,WebServer,Transaction tx166060 completed in 884ms,E104,Transaction {tx} completed in {time}ms
68613,2026-01-14,21:27:36,INFO,AuthService,Page view: /home by u2229,E103,Page view: {page} by {user}
68614,2026-01-14,21:18:07,INFO,WebServer,Health check passed: WebServer,E102,Health check passed: {service}
68615,2026-01-14,21:48:09,INFO,AuthService,Health check passed: AuthService,E102,Health check passed: {service}
68616,2026-01-14,21:04:35,INFO,WebServer,Page view: /home by u1924,E103,Page view: {page} by {user}
68617,2026-01-14,21:26:41,WARN,WebServer,Unauthorized access attempt from 10.0.0.45,E401,Unauthorized access attempt from {ip}
68618,2026-01-14,21:56:29,INFO,OrderProcessor,Health check passed: OrderProcessor,E102,Health check passed: {service}
68619,2026-01-14,21:56:41,INFO,WebServer,User u3048 login successful,E101,User {user} login successful
68620,2026-01-14,21:44:53,INFO,WebServer,User u3292 login successful,E101,User {user} login successful
68621,2026-01-14,21:12:21,INFO,PaymentGateway,Health check passed: PaymentGateway,E102,Health check passed: {service}
68622,2026-01-14,21:00:46,INFO,WebServer,Health check passed: WebServer,E102,Health check passed: {service}
68623,2026-01-14,21:25:55,INFO,AuthService,Health check passed: AuthService,E102,Health check passed: {service}
68624,2026-01-14,21:25:49,WARN,WebServer,High latency (308ms) detected on WebServer,E201,High latency ({time}ms) detected on {service}
68625,2026-01-14,21:16:30,INFO,WebServer,Health check passed: WebServer,E102,Health check passed: {service}
68626,2026-01-14,21:32:29,INFO,AuthService,Transaction tx719115 completed in 1783ms,E104,Transaction {tx} completed in {time}ms
68627,2026-01-14,21:27:07,INFO,OrderProcessor,User u2565 login successful,E101,User {user} login successful
68628,2026-01-14,21:40:27,INFO,OrderProcessor,Transaction tx719381 completed in 1137ms,E104,Transaction {tx} completed in {time}ms
68629,2026-01-14,21:18:03,INFO,OrderProcessor,User u1750 login successful,E101,User {user} login successful
68630,2026-01-14,21:04:24,INFO,AuthService,Health check passed: AuthService,E102,Health check passed: {service}
68631,2026-01-14,21:41:48,INFO,OrderProcessor,Page view: /home by u2728,E103,Page view: {page} by {user}
68632,2026-01-14,21:23:57,INFO,OrderProcessor,Transaction tx757900 completed in 423ms,E104,Transaction {tx} completed in {time}ms
68633,2026-01-14,21:50:53,INFO,PaymentGateway,User u4774 login successful,E101,User {user} login successful
68634,2026-01-14,21:56:58,WARN,AuthService,Disk usage > 85% on node node-2,E202,Disk usage > 85% on node {node}
68635,2026-01-14,21:00:29,INFO,WebServer,Health check passed: WebServer,E102,Health check passed: {service}
68636,2026-01-14,21:35:36,INFO,WebServer,User u2809 login successful,E101,User {user} login successful
68637,2026-01-14,21:05:09,INFO,PaymentGateway,User u3265 login successful,E101,User {user} login successful
68638,2026-01-14,21:42:19,INFO,WebServer,Health check passed: WebServer,E102,Health check passed: {service}
68639,2026-01-14,21:30:18,INFO,WebServer,Page view: /home by u3868,E103,Page view: {page} by {user}
68640,2026-01-14,21:35:01,INFO,OrderProcessor,Health check passed: OrderProcessor,E102,Health check passed: {service}
68641,2026-01-14,21:30:29,INFO,OrderProcessor,Health check passed: OrderProcessor,E102,Health check passed: {service}
68642,2026-01-14,21:40:34,INFO,OrderProcessor,Page view: /home by u1982,E103,Page view: {page} by {user}
68643,2026-01-14,21:37:20,INFO,WebServer,Page view: /home by u1691,E103,Page view: {page} by {user}
68644,2026-01-14,21:36:31,INFO,WebServer,User u4903 login successful,E101,User {user} login successful
68645,2026-01-14,21:46:30,INFO,AuthService,Transaction tx153654 completed in 171ms,E104,Transaction {tx} completed in {time}ms
68646,2026-01-14,21:58:36,ERROR,WebServer,Connection refused to WebServer at 10.0.0.45,E501,Connection refused to {service} at {ip}
68647,2026-01-14,21:48:45,INFO,WebServer,User u3980 login successful,E101,User {user} login successful
68648,2026-01-14,21:15:14,INFO,OrderProcessor,Health check passed: OrderProcessor,E102,Health check passed: {service}
68649,2026-01-14,21:21:20,INFO,AuthService,User u2240 login successful,E101,User {user} login successful
68650,2026-01-14,21:05:26,INFO,OrderProcessor,User u3491 login successful,E101,User {user} login successful
68651,2026-01-14,21:50:40,INFO,AuthService,Transaction tx518213 completed in 92ms,E104,Transaction {tx} completed in {time}ms
68652,2026-01-14,21:56:55,INFO,WebServer,Health check passed: WebServer,E102,Health check passed: {service}
68653,2026-01-14,21:21:37,INFO,WebServer,Health check passed: WebServer,E102,Health check passed: {service}
68654,2026-01-14,21:10:24,INFO,OrderProcessor,Health check passed: OrderProcessor,E102,Health check passed: {service}
68655,2026-01-14,21:28:57,INFO,InventoryDB,Health check passed: InventoryDB,E102,Health check passed: {service}
68656,2026-01-14,21:31:27,INFO,PaymentGateway,User u2099 login successful,E101,User {user} login successful
68657,2026-01-14,21:32:45,INFO,OrderProcessor,Transaction tx432777 completed in 1364ms,E104,Transaction {tx} completed in {time}ms
68658,2026-01-14,21:43:49,INFO,WebServer,User u2444 login successful,E101,User {user} login successful
68659,2026-01-14,21:14:48,WARN,WebServer,Unauthorized access attempt from 10.0.0.12,E401,Unauthorized access attempt from {ip}
68660,2026-01-14,21:58:24,INFO,AuthService,Health check passed: AuthService,E102,Health check passed: {service}
68661,2026-01-14,21:03:57,INFO,WebServer,User u2633 login successful,E101,User {user} login successful
68662,2026-01-14,21:53:54,INFO,WebServer,Transaction tx563899 completed in 1517ms,E104,Transaction {tx} completed in {time}ms
68663,2026-01-14,21:49:50,INFO,WebServer,Health check passed: WebServer,E102,Health check passed: {service}
68664,2026-01-14,21:04:57,INFO,AuthService,Page view: /home by u2017,E103,Page view: {page} by {user}
68665,2026-01-14,21:50:15,INFO,OrderProcessor,Health check passed: OrderProcessor,E102,Health check passed: {service}
68666,2026-01-14,21:15:27,INFO,AuthService,Transaction tx637618 completed in 574ms,E104,Transaction {tx} completed in {time}ms
68667,2026-01-14,21:41:07,INFO,AuthService,Transaction tx867232 completed in 1213ms,E104,Transaction {tx} completed in {time}ms
68668,2026-01-14,21:07:52,INFO,WebServer,Health check passed: WebServer,E102,Health check passed: {service}
68669,2026-01-14,21:51:39,INFO,WebServer,Health check passed: WebServer,E102,Health check passed: {service}
68670,2026-01-14,21:10:44,INFO,AuthService,Transaction tx393982 completed in 645ms,E104,Transaction {tx} completed in {time}ms
68671,2026-01-14,21:41:48,INFO,WebServer,Transaction tx642712 completed in 1928ms,E104,Transaction {tx} completed in {time}ms
68672,2026-01-14,21:41:36,INFO,WebServer,Page view: /home by u3516,E103,Page view: {page} by {user}
68673,2026-01-14,21:16:55,INFO,WebServer,Page view: /home by u2080,E103,Page view: {page} by {user}
68674,2026-01-14,21:23:20,INFO,WebServer,Page view: /home by u2680,E103,Page view: {page} by {user}
68675,2026-01-14,21:31:40,INFO,WebServer,User u3710 login successful,E101,User {user} login successful
68676,2026-01-14,21:14:47,INFO,AuthService,Page view: /home by u4862,E103,Page view: {page} by {user}
68677,2026-01-14,21:54:35,INFO,WebServer,Transaction tx910425 completed in 1483ms,E104,Transaction {tx} completed in {time}ms
68678,2026-01-14,21:27:56,INFO,WebServer,Page view: /home by u3301,E103,Page view: {page} by {user}
68679,2026-01-14,21:24:44,INFO,AuthService,User u2606 login successful,E101,User {user} login successful
68680,2026-01-14,21:31:56,INFO,OrderProcessor,User u1411 login successful,E101,User {user} login successful
68681,2026-01-14,21:27:38,INFO,OrderProcessor,Transaction tx483282 completed in 1291ms,E104,Transaction {tx} completed in {time}ms
68682,2026-01-14,21:20:18,INFO,OrderProcessor,Transaction tx168359 completed in 996ms,E104,Transaction {tx} completed in {time}ms
68683,2026-01-14,21:50:46,INFO,WebServer,Health check passed: WebServer,E102,Health check passed: {service}
68684,2026-01-14,21:04:00,INFO,WebServer,Transaction tx842300 completed in 179ms,E104,Transaction {tx} completed in {time}ms
68685,2026-01-14,21:26:29,INFO,AuthService,Page view: /home by u3404,E103,Page view: {page} by {user}
68686,2026-01-14,21:37:08,INFO,PaymentGateway,Health check passed: PaymentGateway,E102,Health check passed: {service}
68687,2026-01-14,21:26:44,INFO,PaymentGateway,Transaction tx513827 completed in 1379ms,E104,Transaction {tx} completed in {time}ms
68688,2026-01-14,21:20:04,INFO,WebServer,Health check passed: WebServer,E102,Health check passed: {service}
68689,2026-01-14,21:32:40,INFO,OrderProcessor,Page view: /home by u3692,E103,Page view: {page} by {user}
68690,2026-01-14,21:28:20,INFO,WebServer,Health check passed: WebServer,E102,Health check passed: {service}
68691,2026-01-14,21:33:47,INFO,WebServer,Health check passed: WebServer,E102,Health check passed: {service}
68692,2026-01-14,21:19:54,INFO,OrderProcessor,Transaction tx427139 completed in 1033ms,E104,Transaction {tx} completed in {time}ms
68693,2026-01-14,21:34:11,INFO,WebServer,User u4678 login successful,E101,User {user} login successful
68694,2026-01-14,21:34:35,INFO,WebServer,Transaction tx916504 completed in 1131ms,E104,Transaction {tx} completed in {time}ms
68695,2026-01-14,21:34:56,INFO,PaymentGateway,Page view: /home by u4213,E103,Page view: {page} by {user}
68696,2026-01-14,21:38:26,INFO,WebServer,User u4050 login successful,E101,User {user} login successful
68697,2026-01-14,21:06:08,INFO,OrderProcessor,Transaction tx791351 completed in 20ms,E104,Transaction {tx} completed in {time}ms
68698,2026-01-14,21:40:07,INFO,WebServer,User u4281 login successful,E101,User {user} login successful
68699,2026-01-14,21:22:23,INFO,OrderProcessor,Health check passed: OrderProcessor,E102,Health check passed: {service}
68700,2026-01-14,21:57:28,INFO,WebServer,Page view: /home by u3624,E103,Page view: {page} by {user}
68701,2026-01-14,21:44:05,INFO,AuthService,User u3494 login successful,E101,User {user} login successful
68702,2026-01-14,21:39:28,INFO,WebServer,User u4075 login successful,E101,User {user} login successful
68703,2026-01-14,21:00:29,INFO,AuthService,User u2694 login successful,E101,User {user} login successful
68704,2026-01-14,21:22:21,INFO,WebServer,Transaction tx144287 completed in 75ms,E104,Transaction {tx} completed in {time}ms
68705,2026-01-14,21:11:36,INFO,AuthService,User u1827 login successful,E101,User {user} login successful
68706,2026-01-14,21:26:21,INFO,InventoryDB,Transaction tx897275 completed in 804ms,E104,Transaction {tx} completed in {time}ms
68707,2026-01-14,21:10:36,INFO,WebServer,User u3866 login successful,E101,User {user} login successful
68708,2026-01-14,21:12:25,INFO,WebServer,User u3191 login successful,E101,User {user} login successful
68709,2026-01-14,21:20:55,INFO,WebServer,Transaction tx687107 completed in 286ms,E104,Transaction {tx} completed in {time}ms
68710,2026-01-14,21:41:24,INFO,WebServer,User u2952 login successful,E101,User {user} login successful
68711,2026-01-14,21:12:13,INFO,WebServer,Transaction tx511240 completed in 1388ms,E104,Transaction {tx} completed in {time}ms
68712,2026-01-14,21:07:39,INFO,WebServer,Transaction tx640894 completed in 872ms,E104,Transaction {tx} completed in {time}ms
68713,2026-01-14,21:27:03,INFO,WebServer,Health check passed: WebServer,E102,Health check passed: {service}
68714,2026-01-14,21:29:00,INFO,PaymentGateway,Transaction tx850974 completed in 449ms,E104,Transaction {tx} completed in {time}ms
68715,2026-01-14,21:45:10,INFO,AuthService,Transaction tx884309 completed in 756ms,E104,Transaction {tx} completed in {time}ms
68716,2026-01-14,21:09:43,INFO,AuthService,User u2316 login successful,E101,User {user} login successful
68717,2026-01-14,21:42:04,CRITICAL,WebServer,DATA CORRUPTION detected in sector 790,E602,DATA CORRUPTION detected in sector {sector}
68718,2026-01-14,21:39:37,INFO,WebServer,Transaction tx527701 completed in 1740ms,E104,Transaction {tx} completed in {time}ms
68719,2026-01-14,21:15:24,INFO,AuthService,Health check passed: AuthService,E102,Health check passed: {service}
68720,2026-01-14,21:46:54,INFO,WebServer,Transaction tx715234 completed in 47ms,E104,Transaction {tx} completed in {time}ms
68721,2026-01-14,21:30:59,INFO,OrderProcessor,Health check passed: OrderProcessor,E102,Health check passed: {service}
68722,2026-01-14,21:29:58,INFO,WebServer,Transaction tx217256 completed in 1132ms,E104,Transaction {tx} completed in {time}ms
68723,2026-01-14,21:01:19,INFO,AuthService,Transaction tx381142 completed in 1001ms,E104,Transaction {tx} completed in {time}ms
68724,2026-01-14,21:20:39,INFO,WebServer,Transaction tx353678 completed in 1282ms,E104,Transaction {tx} completed in {time}ms
68725,2026-01-14,21:59:33,INFO,WebServer,Page view: /home by u2537,E103,Page view: {page} by {user}
68726,2026-01-14,21:18:30,INFO,WebServer,User u2291 login successful,E101,User {user} login successful
68727,2026-01-14,21:12:43,INFO,WebServer,Page view: /home by u3804,E103,Page view: {page} by {user}
68728,2026-01-14,21:45:17,INFO,AuthService,User u3258 login successful,E101,User {user} login successful
68729,2026-01-14,21:39:53,INFO,AuthService,User u2294 login successful,E101,User {user} login successful
68730,2026-01-14,21:04:11,INFO,AuthService,User u4544 login successful,E101,User {user} login successful
68731,2026-01-14,21:12:21,INFO,AuthService,Health check passed: AuthService,E102,Health check passed: {service}
68732,2026-01-14,21:01:18,INFO,PaymentGateway,Transaction tx228235 completed in 454ms,E104,Transaction {tx} completed in {time}ms
68733,2026-01-14,21:40:56,INFO,WebServer,Page view: /home by u1083,E103,Page view: {page} by {user}
68734,2026-01-14,21:40:41,INFO,PaymentGateway,Page view: /home by u2464,E103,Page view: {page} by {user}
68735,2026-01-14,21:15:49,INFO,PaymentGateway,Page view: /home by u1866,E103,Page view: {page} by {user}
68736,2026-01-14,21:09:59,INFO,OrderProcessor,Health check passed: OrderProcessor,E102,Health check passed: {service}
68737,2026-01-14,21:47:44,INFO,WebServer,Page view: /home by u1690,E103,Page view: {page} by {user}
68738,2026-01-14,21:11:01,INFO,AuthService,Health check passed: AuthService,E102,Health check passed: {service}
68739,2026-01-14,21:12:27,INFO,WebServer,Transaction tx419640 completed in 1511ms,E104,Transaction {tx} completed in {time}ms
68740,2026-01-14,21:29:30,INFO,OrderProcessor,User u4131 login successful,E101,User {user} login successful
68741,2026-01-14,21:30:45,INFO,OrderProcessor,User u4570 login successful,E101,User {user} login successful
68742,2026-01-14,21:44:42,INFO,WebServer,Page view: /home by u3901,E103,Page view: {page} by {user}
68743,2026-01-14,21:45:14,WARN,WebServer,Unauthorized access attempt from 10.0.0.45,E401,Unauthorized access attempt from {ip}
68744,2026-01-14,21:00:08,INFO,AuthService,User u2314 login successful,E101,User {user} login successful
68745,2026-01-14,21:51:22,INFO,PaymentGateway,Transaction tx339871 completed in 1558ms,E104,Transaction {tx} completed in {time}ms
68746,2026-01-14,21:42:14,WARN,WebServer,High latency (1625ms) detected on WebServer,E201,High latency ({time}ms) detected on {service}
68747,2026-01-14,21:38:15,INFO,WebServer,Health check passed: WebServer,E102,Health check passed: {service}
68748,2026-01-14,21:16:57,INFO,OrderProcessor,User u3572 login successful,E101,User {user} login successful
68749,2026-01-14,21:56:06,INFO,WebServer,Page view: /home by u4181,E103,Page view: {page} by {user}
68750,2026-01-14,21:02:54,INFO,AuthService,Transaction tx169408 completed in 1291ms,E104,Transaction {tx} completed in {time}ms
68751,2026-01-14,21:12:54,INFO,AuthService,User u1607 login successful,E101,User {user} login successful
68752,2026-01-14,21:09:56,INFO,AuthService,User u3853 login successful,E101,User {user} login successful
68753,2026-01-14,21:54:09,INFO,OrderProcessor,Page view: /home by u4055,E103,Page view: {page} by {user}
68754,2026-01-14,21:57:58,INFO,OrderProcessor,Page view: /home by u2555,E103,Page view: {page} by {user}
68755,2026-01-14,21:12:38,INFO,OrderProcessor,Page view: /home by u1589,E103,Page view: {page} by {user}
68756,2026-01-14,21:24:54,INFO,WebServer,User u4881 login successful,E101,User {user} login successful
68757,2026-01-14,21:10:07,INFO,WebServer,User u4892 login successful,E101,User {user} login successful
68758,2026-01-14,21:59:23,INFO,WebServer,Page view: /home by u2076,E103,Page view: {page} by {user}
68759,2026-01-14,21:54:13,WARN,WebServer,Unauthorized access attempt from 10.0.0.45,E401,Unauthorized access attempt from {ip}
68760,2026-01-14,21:08:14,INFO,OrderProcessor,Transaction tx648242 completed in 409ms,E104,Transaction {tx} completed in {time}ms
68761,2026-01-14,21:11:09,INFO,WebServer,Transaction tx323845 completed in 814ms,E104,Transaction {tx} completed in {time}ms
68762,2026-01-14,21:46:14,INFO,WebServer,Health check passed: WebServer,E102,Health check passed: {service}
68763,2026-01-14,21:49:49,INFO,WebServer,User u3699 login successful,E101,User {user} login successful
68764,2026-01-14,21:37:11,INFO,PaymentGateway,Health check passed: PaymentGateway,E102,Health check passed: {service}
68765,2026-01-14,21:56:58,INFO,OrderProcessor,User u2008 login successful,E101,User {user} login successful
68766,2026-01-14,21:26:00,INFO,AuthService,Health check passed: AuthService,E102,Health check passed: {service}
68767,2026-01-14,21:52:21,INFO,OrderProcessor,Page view: /home by u2698,E103,Page view: {page} by {user}
68768,2026-01-14,21:31:55,INFO,OrderProcessor,User u3069 login successful,E101,User {user} login successful
68769,2026-01-14,21:27:24,INFO,AuthService,Health check passed: AuthService,E102,Health check passed: {service}
68770,2026-01-14,21:34:31,INFO,WebServer,User u3656 login successful,E101,User {user} login successful
68771,2026-01-14,21:56:04,ERROR,WebServer,Connection refused to WebServer at 10.0.0.88,E501,Connection refused to {service} at {ip}
68772,2026-01-14,21:35:31,INFO,WebServer,User u1699 login successful,E101,User {user} login successful
68773,2026-01-14,21:39:37,INFO,WebServer,Page view: /home by u3054,E103,Page view: {page} by {user}
68774,2026-01-14,21:15:27,INFO,WebServer,User u3590 login successful,E101,User {user} login successful
68775,2026-01-14,21:58:45,INFO,WebServer,Health check passed: WebServer,E102,Health check passed: {service}
68776,2026-01-14,21:16:57,INFO,WebServer,Transaction tx907342 completed in 1743ms,E104,Transaction {tx} completed in {time}ms
68777,2026-01-14,21:01:48,INFO,WebServer,User u3247 login successful,E101,User {user} login successful
68778,2026-01-14,21:59:28,INFO,WebServer,Health check passed: WebServer,E102,Health check passed: {service}
68779,2026-01-14,21:05:44,INFO,AuthService,User u4986 login successful,E101,User {user} login successful
68780,2026-01-14,21:10:31,INFO,OrderProcessor,Page view: /home by u2172,E103,Page view: {page} by {user}
68781,2026-01-14,21:45:53,WARN,WebServer,Disk usage > 85% on node node-1,E202,Disk usage > 85% on node {node}
68782,2026-01-14,21:47:58,INFO,WebServer,User u4498 login successful,E101,User {user} login successful
68783,2026-01-14,21:19:07,WARN,AuthService,Unauthorized access attempt from 10.0.0.12,E401,Unauthorized access attempt from {ip}
68784,2026-01-14,21:23:22,INFO,WebServer,Page view: /home by u2629,E103,Page view: {page} by {user}
68785,2026-01-14,21:47:44,INFO,OrderProcessor,Transaction tx923918 completed in 754ms,E104,Transaction {tx} completed in {time}ms
68786,2026-01-14,21:34:13,INFO,WebServer,Health check passed: WebServer,E102,Health check passed: {service}
68787,2026-01-14,21:27:32,INFO,WebServer,Transaction tx865960 completed in 1484ms,E104,Transaction {tx} completed in {time}ms
68788,2026-01-14,21:59:04,INFO,OrderProcessor,Page view: /home by u2089,E103,Page view: {page} by {user}
68789,2026-01-14,21:45:31,INFO,WebServer,User u1519 login successful,E101,User {user} login successful
68790,2026-01-14,21:14:35,INFO,WebServer,Page view: /home by u3841,E103,Page view: {page} by {user}
68791,2026-01-14,21:56:42,INFO,OrderProcessor,Transaction tx636443 completed in 1298ms,E104,Transaction {tx} completed in {time}ms
68792,2026-01-14,21:32:53,INFO,OrderProcessor,Health check passed: OrderProcessor,E102,Health check passed: {service}
68793,2026-01-14,21:02:21,INFO,WebServer,Page view: /home by u3648,E103,Page view: {page} by {user}
68794,2026-01-14,21:35:55,INFO,WebServer,Health check passed: WebServer,E102,Health check passed: {service}
68795,2026-01-14,21:52:19,WARN,PaymentGateway,High latency (521ms) detected on PaymentGateway,E201,High latency ({time}ms) detected on {service}
68796,2026-01-14,21:29:32,INFO,WebServer,Page view: /home by u2468,E103,Page view: {page} by {user}
68797,2026-01-14,21:12:29,WARN,WebServer,Disk usage > 85% on node node-5,E202,Disk usage > 85% on node {node}
68798,2026-01-14,21:27:38,INFO,WebServer,User u1508 login successful,E101,User {user} login successful
68799,2026-01-14,21:10:47,WARN,WebServer,High latency (439ms) detected on WebServer,E201,High latency ({time}ms) detected on {service}
68800,2026-01-14,21:57:33,INFO,WebServer,Transaction tx216930 completed in 1016ms,E104,Transaction {tx} completed in {time}ms
68801,2026-01-14,21:57:38,INFO,WebServer,Transaction tx208441 completed in 746ms,E104,Transaction {tx} completed in {time}ms
68802,2026-01-14,21:28:14,INFO,AuthService,Transaction tx875217 completed in 204ms,E104,Transaction {tx} completed in {time}ms
68803,2026-01-14,21:26:31,INFO,WebServer,Transaction tx726424 completed in 701ms,E104,Transaction {tx} completed in {time}ms
68804,2026-01-14,21:26:05,INFO,WebServer,User u1186 login successful,E101,User {user} login successful
68805,2026-01-14,21:32:54,INFO,PaymentGateway,Page view: /home by u3981,E103,Page view: {page} by {user}
68806,2026-01-14,21:38:51,INFO,AuthService,Page view: /home by u4185,E103,Page view: {page} by {user}
68807,2026-01-14,21:03:30,INFO,WebServer,Transaction tx445631 completed in 1015ms,E104,Transaction {tx} completed in {time}ms
68808,2026-01-14,21:58:48,WARN,WebServer,High latency (364ms) detected on WebServer,E201,High latency ({time}ms) detected on {service}
68809,2026-01-14,21:54:38,INFO,WebServer,Transaction tx701322 completed in 1006ms,E104,Transaction {tx} completed in {time}ms
68810,2026-01-14,21:57:11,INFO,AuthService,User u1423 login successful,E101,User {user} login successful
68811,2026-01-14,21:29:43,INFO,WebServer,Health check passed: WebServer,E102,Health check passed: {service}
68812,2026-01-14,21:49:37,INFO,PaymentGateway,Health check passed: PaymentGateway,E102,Health check passed: {service}
68813,2026-01-14,21:59:21,INFO,WebServer,Health check passed: WebServer,E102,Health check passed: {service}
68814,2026-01-14,21:24:08,INFO,WebServer,Page view: /home by u3376,E103,Page view: {page} by {user}
68815,2026-01-14,21:39:17,INFO,InventoryDB,Transaction tx745046 completed in 1640ms,E104,Transaction {tx} completed in {time}ms
68816,2026-01-14,21:31:36,INFO,AuthService,Transaction tx692977 completed in 694ms,E104,Transaction {tx} completed in {time}ms
68817,2026-01-14,21:17:16,INFO,WebServer,Page view: /home by u4192,E103,Page view: {page} by {user}
68818,2026-01-14,21:49:59,INFO,OrderProcessor,User u1455 login successful,E101,User {user} login successful
68819,2026-01-14,21:26:25,INFO,WebServer,User u1645 login successful,E101,User {user} login successful
68820,2026-01-14,21:40:46,INFO,OrderProcessor,User u2360 login successful,E101,User {user} login successful
68821,2026-01-14,21:05:00,INFO,WebServer,Page view: /home by u2015,E103,Page view: {page} by {user}
68822,2026-01-14,21:41:53,WARN,AuthService,Disk usage > 85% on node node-2,E202,Disk usage > 85% on node {node}
68823,2026-01-14,21:59:56,INFO,WebServer,Transaction tx811675 completed in 547ms,E104,Transaction {tx} completed in {time}ms
68824,2026-01-14,21:30:39,INFO,WebServer,Health check passed: WebServer,E102,Health check passed: {service}
68825,2026-01-14,21:10:24,INFO,AuthService,Health check passed: AuthService,E102,Health check passed: {service}
68826,2026-01-14,21:35:52,INFO,AuthService,User u4593 login successful,E101,User {user} login successful
68827,2026-01-14,21:27:30,INFO,PaymentGateway,User u3703 login successful,E101,User {user} login successful
68828,2026-01-14,21:22:57,INFO,InventoryDB,Transaction tx359113 completed in 1308ms,E104,Transaction {tx} completed in {time}ms
68829,2026-01-14,21:57:09,WARN,AuthService,High latency (878ms) detected on AuthService,E201,High latency ({time}ms) detected on {service}
68830,2026-01-14,21:46:41,ERROR,AuthService,Timeout waiting for lock on InventoryDB,E502,Timeout waiting for lock on {db}
68831,2026-01-14,21:37:34,INFO,PaymentGateway,Transaction tx329702 completed in 237ms,E104,Transaction {tx} completed in {time}ms
68832,2026-01-14,21:27:52,INFO,OrderProcessor,Transaction tx189500 completed in 644ms,E104,Transaction {tx} completed in {time}ms
68833,2026-01-14,21:44:50,INFO,AuthService,User u1821 login successful,E101,User {user} login successful
68834,2026-01-14,21:22:44,INFO,AuthService,Page view: /home by u2685,E103,Page view: {page} by {user}
68835,2026-01-14,21:20:14,INFO,AuthService,Page view: /home by u3031,E103,Page view: {page} by {user}
68836,2026-01-14,21:41:52,INFO,WebServer,Page view: /home by u2048,E103,Page view: {page} by {user}
68837,2026-01-14,21:22:47,INFO,PaymentGateway,Transaction tx112378 completed in 1876ms,E104,Transaction {tx} completed in {time}ms
68838,2026-01-14,21:52:06,INFO,OrderProcessor,Page view: /home by u4961,E103,Page view: {page} by {user}
68839,2026-01-14,21:14:19,INFO,WebServer,Transaction tx829602 completed in 507ms,E104,Transaction {tx} completed in {time}ms
68840,2026-01-14,21:41:13,INFO,WebServer,Page view: /home by u1159,E103,Page view: {page} by {user}
68841,2026-01-14,21:24:04,INFO,WebServer,User u1101 login successful,E101,User {user} login successful
68842,2026-01-14,21:25:27,INFO,AuthService,User u4727 login successful,E101,User {user} login successful
68843,2026-01-14,21:48:09,INFO,OrderProcessor,User u2597 login successful,E101,User {user} login successful
68844,2026-01-14,21:52:31,INFO,WebServer,Page view: /home by u2596,E103,Page view: {page} by {user}
68845,2026-01-14,21:57:53,INFO,WebServer,Transaction tx342050 completed in 1126ms,E104,Transaction {tx} completed in {time}ms
68846,2026-01-14,21:21:52,INFO,InventoryDB,Page view: /home by u3976,E103,Page view: {page} by {user}
68847,2026-01-14,21:54:28,INFO,WebServer,Health check passed: WebServer,E102,Health check passed: {service}
68848,2026-01-14,21:43:35,INFO,WebServer,Page view: /home by u3056,E103,Page view: {page} by {user}
68849,2026-01-14,21:27:24,INFO,WebServer,Page view: /home by u1727,E103,Page view: {page} by {user}
68850,2026-01-14,21:28:54,INFO,WebServer,Transaction tx658503 completed in 143ms,E104,Transaction {tx} completed in {time}ms
68851,2026-01-14,21:26:33,INFO,AuthService,Health check passed: AuthService,E102,Health check passed: {service}
68852,2026-01-14,21:07:44,INFO,AuthService,Page view: /home by u1867,E103,Page view: {page} by {user}
68853,2026-01-14,21:58:29,INFO,WebServer,Page view: /home by u1619,E103,Page view: {page} by {user}
68854,2026-01-14,21:43:33,INFO,WebServer,Transaction tx349024 completed in 1115ms,E104,Transaction {tx} completed in {time}ms
68855,2026-01-14,21:40:15,INFO,WebServer,Health check passed: WebServer,E102,Health check passed: {service}
68856,2026-01-14,21:13:21,INFO,PaymentGateway,Transaction tx522292 completed in 62ms,E104,Transaction {tx} completed in {time}ms
68857,2026-01-14,21:13:25,WARN,AuthService,Unauthorized access attempt from 10.0.0.99,E401,Unauthorized access attempt from {ip}
68858,2026-01-14,21:22:18,INFO,InventoryDB,Health check passed: InventoryDB,E102,Health check passed: {service}
68859,2026-01-14,21:24:14,INFO,PaymentGateway,Transaction tx969144 completed in 352ms,E104,Transaction {tx} completed in {time}ms
68860,2026-01-14,21:55:49,INFO,WebServer,Page view: /home by u4299,E103,Page view: {page} by {user}
68861,2026-01-14,21:38:56,INFO,InventoryDB,Transaction tx839065 completed in 1923ms,E104,Transaction {tx} completed in {time}ms
68862,2026-01-14,21:26:18,INFO,AuthService,User u3119 login successful,E101,User {user} login successful
68863,2026-01-14,21:37:37,INFO,WebServer,Health check passed: WebServer,E102,Health check passed: {service}
68864,2026-01-14,21:50:43,INFO,OrderProcessor,Transaction tx368130 completed in 294ms,E104,Transaction {tx} completed in {time}ms
68865,2026-01-14,21:18:13,INFO,PaymentGateway,User u3297 login successful,E101,User {user} login successful
68866,2026-01-14,21:55:52,INFO,AuthService,User u4385 login successful,E101,User {user} login successful
68867,2026-01-14,21:05:31,INFO,OrderProcessor,User u1028 login successful,E101,User {user} login successful
68868,2026-01-14,21:43:01,INFO,PaymentGateway,Page view: /home by u1622,E103,Page view: {page} by {user}
68869,2026-01-14,21:41:33,INFO,WebServer,User u1014 login successful,E101,User {user} login successful
68870,2026-01-14,21:05:10,INFO,WebServer,Page view: /home by u1147,E103,Page view: {page} by {user}
68871,2026-01-14,21:40:28,INFO,AuthService,User u1085 login successful,E101,User {user} login successful
68872,2026-01-14,21:14:24,INFO,OrderProcessor,Transaction tx800082 completed in 1131ms,E104,Transaction {tx} completed in {time}ms
68873,2026-01-14,21:09:38,INFO,WebServer,Page view: /home by u3430,E103,Page view: {page} by {user}
68874,2026-01-14,21:05:33,INFO,AuthService,Health check passed: AuthService,E102,Health check passed: {service}
68875,2026-01-14,21:39:19,INFO,WebServer,Transaction tx262273 completed in 431ms,E104,Transaction {tx} completed in {time}ms
68876,2026-01-14,21:03:03,INFO,WebServer,Page view: /home by u4590,E103,Page view: {page} by {user}
68877,2026-01-14,21:41:45,INFO,AuthService,Health check passed: AuthService,E102,Health check passed: {service}
68878,2026-01-14,21:36:00,INFO,OrderProcessor,Page view: /home by u4343,E103,Page view: {page} by {user}
68879,2026-01-14,21:28:12,INFO,AuthService,Page view: /home by u2699,E103,Page view: {page} by {user}
68880,2026-01-14,21:45:44,INFO,AuthService,Health check passed: AuthService,E102,Health check passed: {service}
68881,2026-01-14,21:41:57,INFO,WebServer,Page view: /home by u3197,E103,Page view: {page} by {user}
68882,2026-01-14,21:58:01,INFO,WebServer,Transaction tx510969 completed in 975ms,E104,Transaction {tx} completed in {time}ms
68883,2026-01-14,21:41:38,INFO,WebServer,Health check passed: WebServer,E102,Health check passed: {service}
68884,2026-01-14,21:13:44,INFO,OrderProcessor,User u3552 login successful,E101,User {user} login successful
68885,2026-01-14,21:09:38,INFO,AuthService,Transaction tx266124 completed in 784ms,E104,Transaction {tx} completed in {time}ms
68886,2026-01-14,21:40:32,INFO,WebServer,Health check passed: WebServer,E102,Health check passed: {service}
68887,2026-01-14,21:36:25,INFO,WebServer,Page view: /home by u1803,E103,Page view: {page} by {user}
68888,2026-01-14,21:06:26,INFO,AuthService,Health check passed: AuthService,E102,Health check passed: {service}
68889,2026-01-14,21:09:58,INFO,AuthService,User u4728 login successful,E101,User {user} login successful
68890,2026-01-14,21:55:12,INFO,WebServer,User u1849 login successful,E101,User {user} login successful
68891,2026-01-14,21:45:57,INFO,AuthService,User u2717 login successful,E101,User {user} login successful
68892,2026-01-14,21:21:59,INFO,WebServer,User u4686 login successful,E101,User {user} login successful
68893,2026-01-14,21:59:18,INFO,WebServer,Health check passed: WebServer,E102,Health check passed: {service}
68894,2026-01-14,21:01:47,INFO,PaymentGateway,Page view: /home by u3390,E103,Page view: {page} by {user}
68895,2026-01-14,21:26:58,INFO,WebServer,Page view: /home by u3823,E103,Page view: {page} by {user}
68896,2026-01-14,21:05:09,INFO,AuthService,User u4735 login successful,E101,User {user} login successful
68897,2026-01-14,21:18:01,INFO,AuthService,User u2652 login successful,E101,User {user} login successful
68898,2026-01-14,21:24:19,INFO,WebServer,Health check passed: WebServer,E102,Health check passed: {service}
68899,2026-01-14,21:51:26,INFO,WebServer,Health check passed: WebServer,E102,Health check passed: {service}
68900,2026-01-14,21:02:50,INFO,WebServer,Transaction tx348803 completed in 878ms,E104,Transaction {tx} completed in {time}ms
68901,2026-01-14,21:36:25,INFO,OrderProcessor,Health check passed: OrderProcessor,E102,Health check passed: {service}
68902,2026-01-14,21:31:21,INFO,WebServer,Health check passed: WebServer,E102,Health check passed: {service}
68903,2026-01-14,21:44:45,INFO,WebServer,User u3721 login successful,E101,User {user} login successful
68904,2026-01-14,21:40:19,INFO,WebServer,Transaction tx515120 completed in 425ms,E104,Transaction {tx} completed in {time}ms
68905,2026-01-14,21:37:07,INFO,WebServer,User u2774 login successful,E101,User {user} login successful
68906,2026-01-14,21:10:02,INFO,OrderProcessor,Health check passed: OrderProcessor,E102,Health check passed: {service}
68907,2026-01-14,21:13:27,INFO,WebServer,User u4595 login successful,E101,User {user} login successful
68908,2026-01-14,21:18:14,INFO,WebServer,User u3807 login successful,E101,User {user} login successful
68909,2026-01-14,21:11:03,INFO,OrderProcessor,Page view: /home by u4628,E103,Page view: {page} by {user}
68910,2026-01-14,21:55:02,INFO,WebServer,Transaction tx322960 completed in 630ms,E104,Transaction {tx} completed in {time}ms
68911,2026-01-14,21:04:50,INFO,PaymentGateway,Transaction tx770880 completed in 89ms,E104,Transaction {tx} completed in {time}ms
68912,2026-01-14,21:31:36,INFO,WebServer,Page view: /home by u3544,E103,Page view: {page} by {user}
68913,2026-01-14,21:19:29,INFO,WebServer,Health check passed: WebServer,E102,Health check passed: {service}
68914,2026-01-14,21:54:13,INFO,PaymentGateway,Transaction tx794202 completed in 1418ms,E104,Transaction {tx} completed in {time}ms
68915,2026-01-14,21:26:09,INFO,WebServer,Page view: /home by u2041,E103,Page view: {page} by {user}
68916,2026-01-14,21:30:08,INFO,WebServer,Transaction tx558899 completed in 690ms,E104,Transaction {tx} completed in {time}ms
68917,2026-01-14,21:27:59,INFO,AuthService,User u3777 login successful,E101,User {user} login successful
68918,2026-01-14,21:55:48,INFO,WebServer,Transaction tx725697 completed in 1427ms,E104,Transaction {tx} completed in {time}ms
68919,2026-01-14,21:09:43,INFO,WebServer,Transaction tx453779 completed in 1722ms,E104,Transaction {tx} completed in {time}ms
68920,2026-01-14,21:16:52,INFO,WebServer,User u3712 login successful,E101,User {user} login successful
68921,2026-01-14,21:04:02,INFO,WebServer,Page view: /home by u2439,E103,Page view: {page} by {user}
68922,2026-01-14,21:42:10,INFO,PaymentGateway,User u3861 login successful,E101,User {user} login successful
68923,2026-01-14,21:27:05,INFO,InventoryDB,User u3544 login successful,E101,User {user} login successful
68924,2026-01-14,21:44:52,WARN,WebServer,High latency (512ms) detected on WebServer,E201,High latency ({time}ms) detected on {service}
68925,2026-01-14,21:14:53,INFO,WebServer,Health check passed: WebServer,E102,Health check passed: {service}
68926,2026-01-14,21:51:28,INFO,WebServer,Page view: /home by u3239,E103,Page view: {page} by {user}
68927,2026-01-14,21:17:02,INFO,OrderProcessor,Transaction tx645160 completed in 950ms,E104,Transaction {tx} completed in {time}ms
68928,2026-01-14,21:33:56,INFO,AuthService,Health check passed: AuthService,E102,Health check passed: {service}
68929,2026-01-14,21:26:51,INFO,OrderProcessor,User u2614 login successful,E101,User {user} login successful
68930,2026-01-14,21:43:25,INFO,WebServer,User u2744 login successful,E101,User {user} login successful
68931,2026-01-14,21:02:01,WARN,WebServer,Disk usage > 85% on node node-2,E202,Disk usage > 85% on node {node}
68932,2026-01-14,21:23:42,INFO,WebServer,User u1631 login successful,E101,User {user} login successful
68933,2026-01-14,21:27:04,INFO,WebServer,Page view: /home by u1893,E103,Page view: {page} by {user}
68934,2026-01-14,21:57:52,INFO,AuthService,User u4891 login successful,E101,User {user} login successful
68935,2026-01-14,21:45:44,INFO,AuthService,User u3782 login successful,E101,User {user} login successful
68936,2026-01-14,21:56:43,INFO,WebServer,Transaction tx155574 completed in 1984ms,E104,Transaction {tx} completed in {time}ms
68937,2026-01-14,21:07:40,INFO,WebServer,Health check passed: WebServer,E102,Health check passed: {service}
68938,2026-01-14,21:20:43,INFO,WebServer,User u3220 login successful,E101,User {user} login successful
68939,2026-01-14,21:51:43,INFO,WebServer,Transaction tx912167 completed in 1544ms,E104,Transaction {tx} completed in {time}ms
68940,2026-01-14,21:06:24,WARN,AuthService,Unauthorized access attempt from 10.0.0.45,E401,Unauthorized access attempt from {ip}
68941,2026-01-14,21:59:53,INFO,AuthService,Transaction tx916685 completed in 1155ms,E104,Transaction {tx} completed in {time}ms
68942,2026-01-14,21:51:53,WARN,WebServer,High latency (1282ms) detected on WebServer,E201,High latency ({time}ms) detected on {service}
68943,2026-01-14,21:40:10,INFO,WebServer,Health check passed: WebServer,E102,Health check passed: {service}
68944,2026-01-14,21:01:43,INFO,OrderProcessor,Page view: /home by u1473,E103,Page view: {page} by {user}
68945,2026-01-14,21:50:55,INFO,WebServer,Transaction tx117416 completed in 1688ms,E104,Transaction {tx} completed in {time}ms
68946,2026-01-14,21:19:02,INFO,WebServer,Transaction tx894798 completed in 1986ms,E104,Transaction {tx} completed in {time}ms
68947,2026-01-14,21:59:05,INFO,WebServer,Health check passed: WebServer,E102,Health check passed: {service}
68948,2026-01-14,21:11:36,WARN,WebServer,Disk usage > 85% on node node-4,E202,Disk usage > 85% on node {node}
68949,2026-01-14,21:27:36,INFO,WebServer,User u1049 login successful,E101,User {user} login successful
68950,2026-01-14,21:46:52,INFO,OrderProcessor,Page view: /home by u4016,E103,Page view: {page} by {user}
68951,2026-01-14,21:54:21,WARN,OrderProcessor,Unauthorized access attempt from 10.0.0.12,E401,Unauthorized access attempt from {ip}
68952,2026-01-14,21:26:12,INFO,AuthService,Page view: /home by u4323,E103,Page view: {page} by {user}
68953,2026-01-14,21:21:52,INFO,OrderProcessor,Page view: /home by u2046,E103,Page view: {page} by {user}
68954,2026-01-14,21:13:32,INFO,WebServer,Page view: /home by u1620,E103,Page view: {page} by {user}
68955,2026-01-14,21:08:44,INFO,WebServer,Transaction tx903837 completed in 738ms,E104,Transaction {tx} completed in {time}ms
68956,2026-01-14,21:37:12,INFO,AuthService,Page view: /home by u3388,E103,Page view: {page} by {user}
68957,2026-01-14,21:39:14,WARN,PaymentGateway,High latency (1290ms) detected on PaymentGateway,E201,High latency ({time}ms) detected on {service}
68958,2026-01-14,21:14:48,CRITICAL,AuthService,DATA CORRUPTION detected in sector 732,E602,DATA CORRUPTION detected in sector {sector}
68959,2026-01-14,21:53:49,INFO,AuthService,Page view: /home by u4199,E103,Page view: {page} by {user}
68960,2026-01-14,21:45:16,INFO,OrderProcessor,Health check passed: OrderProcessor,E102,Health check passed: {service}
68961,2026-01-14,21:34:08,INFO,WebServer,Transaction tx425958 completed in 777ms,E104,Transaction {tx} completed in {time}ms
68962,2026-01-14,21:23:21,INFO,WebServer,Transaction tx221360 completed in 781ms,E104,Transaction {tx} completed in {time}ms
68963,2026-01-14,21:41:18,INFO,AuthService,Health check passed: AuthService,E102,Health check passed: {service}
68964,2026-01-14,21:27:07,INFO,WebServer,Transaction tx981280 completed in 543ms,E104,Transaction {tx} completed in {time}ms
68965,2026-01-14,21:58:25,INFO,WebServer,Page view: /home by u1501,E103,Page view: {page} by {user}
68966,2026-01-14,21:01:41,INFO,PaymentGateway,User u1264 login successful,E101,User {user} login successful
68967,2026-01-14,21:49:56,INFO,WebServer,Health check passed: WebServer,E102,Health check passed: {service}
68968,2026-01-14,21:39:31,WARN,WebServer,Disk usage > 85% on node node-2,E202,Disk usage > 85% on node {node}
68969,2026-01-14,21:13:17,INFO,WebServer,Transaction tx317124 completed in 306ms,E104,Transaction {tx} completed in {time}ms
68970,2026-01-14,21:55:35,INFO,AuthService,Page view: /home by u3792,E103,Page view: {page} by {user}
68971,2026-01-14,21:48:48,INFO,PaymentGateway,Health check passed: PaymentGateway,E102,Health check passed: {service}
68972,2026-01-14,21:51:08,INFO,WebServer,Transaction tx232667 completed in 276ms,E104,Transaction {tx} completed in {time}ms
68973,2026-01-14,21:12:39,INFO,OrderProcessor,Page view: /home by u3456,E103,Page view: {page} by {user}
68974,2026-01-14,21:27:50,INFO,WebServer,Transaction tx997773 completed in 726ms,E104,Transaction {tx} completed in {time}ms
68975,2026-01-14,21:28:01,INFO,WebServer,Transaction tx431503 completed in 1726ms,E104,Transaction {tx} completed in {time}ms
68976,2026-01-14,21:26:53,INFO,WebServer,Transaction tx922822 completed in 132ms,E104,Transaction {tx} completed in {time}ms
68977,2026-01-14,21:25:53,INFO,PaymentGateway,Transaction tx282033 completed in 106ms,E104,Transaction {tx} completed in {time}ms
68978,2026-01-14,21:24:43,INFO,PaymentGateway,Page view: /home by u4852,E103,Page view: {page} by {user}
68979,2026-01-14,21:24:07,INFO,AuthService,Page view: /home by u4690,E103,Page view: {page} by {user}
68980,2026-01-14,21:59:15,INFO,AuthService,Transaction tx374509 completed in 298ms,E104,Transaction {tx} completed in {time}ms
68981,2026-01-14,21:26:34,WARN,WebServer,Disk usage > 85% on node node-3,E202,Disk usage > 85% on node {node}
68982,2026-01-14,21:22:58,INFO,AuthService,Transaction tx977690 completed in 1798ms,E104,Transaction {tx} completed in {time}ms
68983,2026-01-14,21:18:37,INFO,WebServer,Transaction tx596857 completed in 724ms,E104,Transaction {tx} completed in {time}ms
68984,2026-01-14,21:36:17,INFO,WebServer,Health check passed: WebServer,E102,Health check passed: {service}
68985,2026-01-14,21:59:10,INFO,WebServer,User u1048 login successful,E101,User {user} login successful
68986,2026-01-14,21:43:18,INFO,PaymentGateway,Health check passed: PaymentGateway,E102,Health check passed: {service}
68987,2026-01-14,21:52:55,INFO,WebServer,Page view: /home by u4399,E103,Page view: {page} by {user}
68988,2026-01-14,21:39:44,INFO,AuthService,User u2658 login successful,E101,User {user} login successful
68989,2026-01-14,21:18:07,INFO,WebServer,Health check passed: WebServer,E102,Health check passed: {service}
68990,2026-01-14,21:40:56,INFO,WebServer,Transaction tx222988 completed in 872ms,E104,Transaction {tx} completed in {time}ms
68991,2026-01-14,21:30:39,ERROR,WebServer,Timeout waiting for lock on InventoryDB,E502,Timeout waiting for lock on {db}
68992,2026-01-14,21:37:40,INFO,OrderProcessor,Health check passed: OrderProcessor,E102,Health check passed: {service}
68993,2026-01-14,21:00:21,INFO,WebServer,Transaction tx540334 completed in 474ms,E104,Transaction {tx} completed in {time}ms
68994,2026-01-14,21:31:54,INFO,OrderProcessor,Page view: /home by u2132,E103,Page view: {page} by {user}
68995,2026-01-14,21:46:21,INFO,WebServer,Health check passed: WebServer,E102,Health check passed: {service}
68996,2026-01-14,21:36:46,INFO,PaymentGateway,User u2344 login successful,E101,User {user} login successful
68997,2026-01-14,21:53:44,WARN,WebServer,Disk usage > 85% on node node-4,E202,Disk usage > 85% on node {node}
68998,2026-01-14,21:23:42,INFO,WebServer,Transaction tx693807 completed in 608ms,E104,Transaction {tx} completed in {time}ms
68999,2026-01-14,21:20:49,INFO,WebServer,Page view: /home by u2763,E103,Page view: {page} by {user}
69000,2026-01-14,21:35:18,INFO,WebServer,User u2714 login successful,E101,User {user} login successful
69001,2026-01-14,21:29:19,INFO,AuthService,Page view: /home by u1490,E103,Page view: {page} by {user}
69002,2026-01-14,21:57:56,INFO,WebServer,Health check passed: WebServer,E102,Health check passed: {service}
69003,2026-01-14,21:04:58,INFO,PaymentGateway,Page view: /home by u2427,E103,Page view: {page} by {user}
69004,2026-01-14,21:20:28,INFO,WebServer,Page view: /home by u2563,E103,Page view: {page} by {user}
69005,2026-01-14,21:53:28,INFO,OrderProcessor,Transaction tx396337 completed in 930ms,E104,Transaction {tx} completed in {time}ms
69006,2026-01-14,21:44:32,INFO,WebServer,User u4640 login successful,E101,User {user} login successful
69007,2026-01-14,21:44:45,INFO,PaymentGateway,User u1957 login successful,E101,User {user} login successful
69008,2026-01-14,21:34:13,INFO,WebServer,Health check passed: WebServer,E102,Health check passed: {service}
69009,2026-01-14,21:27:06,INFO,OrderProcessor,User u4001 login successful,E101,User {user} login successful
69010,2026-01-14,21:27:24,WARN,WebServer,Unauthorized access attempt from 10.0.0.45,E401,Unauthorized access attempt from {ip}
69011,2026-01-14,21:02:54,INFO,WebServer,Transaction tx950949 completed in 829ms,E104,Transaction {tx} completed in {time}ms
69012,2026-01-14,21:14:31,INFO,AuthService,Health check passed: AuthService,E102,Health check passed: {service}
69013,2026-01-14,21:20:24,INFO,WebServer,Page view: /home by u3302,E103,Page view: {page} by {user}
69014,2026-01-14,21:25:24,INFO,OrderProcessor,User u3950 login successful,E101,User {user} login successful
69015,2026-01-14,21:43:51,INFO,AuthService,Transaction tx553754 completed in 697ms,E104,Transaction {tx} completed in {time}ms
69016,2026-01-14,21:13:42,INFO,WebServer,Health check passed: WebServer,E102,Health check passed: {service}
69017,2026-01-14,21:31:08,INFO,WebServer,Health check passed: WebServer,E102,Health check passed: {service}
69018,2026-01-14,21:48:47,INFO,PaymentGateway,Page view: /home by u2476,E103,Page view: {page} by {user}
69019,2026-01-14,21:57:32,INFO,AuthService,Transaction tx214736 completed in 1489ms,E104,Transaction {tx} completed in {time}ms
69020,2026-01-14,21:32:10,INFO,OrderProcessor,Health check passed: OrderProcessor,E102,Health check passed: {service}
69021,2026-01-14,21:43:58,INFO,WebServer,User u1957 login successful,E101,User {user} login successful
69022,2026-01-14,21:13:25,INFO,WebServer,Transaction tx234142 completed in 1770ms,E104,Transaction {tx} completed in {time}ms
69023,2026-01-14,21:16:03,INFO,OrderProcessor,Transaction tx539949 completed in 996ms,E104,Transaction {tx} completed in {time}ms
69024,2026-01-14,21:38:03,INFO,InventoryDB,Page view: /home by u2551,E103,Page view: {page} by {user}
69025,2026-01-14,21:43:22,INFO,AuthService,Page view: /home by u4865,E103,Page view: {page} by {user}
69026,2026-01-14,21:19:34,INFO,WebServer,Transaction tx673067 completed in 1177ms,E104,Transaction {tx} completed in {time}ms
69027,2026-01-14,21:02:12,INFO,AuthService,Transaction tx586216 completed in 1068ms,E104,Transaction {tx} completed in {time}ms
69028,2026-01-14,21:42:30,INFO,WebServer,Transaction tx267923 completed in 541ms,E104,Transaction {tx} completed in {time}ms
69029,2026-01-14,21:12:35,INFO,AuthService,Transaction tx637960 completed in 357ms,E104,Transaction {tx} completed in {time}ms
69030,2026-01-14,21:39:25,INFO,OrderProcessor,Transaction tx404967 completed in 1297ms,E104,Transaction {tx} completed in {time}ms
69031,2026-01-14,21:13:10,INFO,OrderProcessor,Health check passed: OrderProcessor,E102,Health check passed: {service}
69032,2026-01-14,21:50:27,WARN,PaymentGateway,Unauthorized access attempt from 10.0.0.99,E401,Unauthorized access attempt from {ip}
69033,2026-01-14,21:17:38,INFO,WebServer,Health check passed: WebServer,E102,Health check passed: {service}
69034,2026-01-14,21:47:52,INFO,WebServer,Transaction tx441911 completed in 958ms,E104,Transaction {tx} completed in {time}ms
69035,2026-01-14,21:16:43,WARN,WebServer,Unauthorized access attempt from 10.0.0.45,E401,Unauthorized access attempt from {ip}
69036,2026-01-14,21:48:32,INFO,WebServer,User u2360 login successful,E101,User {user} login successful
69037,2026-01-14,21:53:12,INFO,OrderProcessor,Transaction tx505651 completed in 374ms,E104,Transaction {tx} completed in {time}ms
69038,2026-01-14,21:43:43,INFO,PaymentGateway,Health check passed: PaymentGateway,E102,Health check passed: {service}
69039,2026-01-14,21:26:32,INFO,OrderProcessor,Health check passed: OrderProcessor,E102,Health check passed: {service}
69040,2026-01-14,21:31:16,INFO,WebServer,Transaction tx654808 completed in 1404ms,E104,Transaction {tx} completed in {time}ms
69041,2026-01-14,21:37:41,INFO,PaymentGateway,Page view: /home by u2089,E103,Page view: {page} by {user}
69042,2026-01-14,21:32:19,INFO,WebServer,Transaction tx170593 completed in 875ms,E104,Transaction {tx} completed in {time}ms
69043,2026-01-14,21:03:15,INFO,WebServer,Page view: /home by u4950,E103,Page view: {page} by {user}
69044,2026-01-14,21:43:56,INFO,PaymentGateway,Page view: /home by u1051,E103,Page view: {page} by {user}
69045,2026-01-14,21:17:16,INFO,AuthService,User u1928 login successful,E101,User {user} login successful
69046,2026-01-14,21:34:54,INFO,WebServer,User u3493 login successful,E101,User {user} login successful
69047,2026-01-14,21:00:38,INFO,WebServer,User u1918 login successful,E101,User {user} login successful
69048,2026-01-14,21:14:20,WARN,WebServer,High latency (277ms) detected on WebServer,E201,High latency ({time}ms) detected on {service}
69049,2026-01-14,21:27:11,INFO,WebServer,User u4848 login successful,E101,User {user} login successful
69050,2026-01-14,21:05:50,INFO,AuthService,Transaction tx155696 completed in 1084ms,E104,Transaction {tx} completed in {time}ms
69051,2026-01-14,21:45:03,INFO,AuthService,Transaction tx862777 completed in 1428ms,E104,Transaction {tx} completed in {time}ms
69052,2026-01-14,21:53:23,INFO,WebServer,Health check passed: WebServer,E102,Health check passed: {service}
69053,2026-01-14,21:43:12,INFO,PaymentGateway,User u4088 login successful,E101,User {user} login successful
69054,2026-01-14,21:53:14,INFO,WebServer,Page view: /home by u4720,E103,Page view: {page} by {user}
69055,2026-01-14,21:37:08,INFO,WebServer,Health check passed: WebServer,E102,Health check passed: {service}
69056,2026-01-14,21:03:29,INFO,WebServer,User u4781 login successful,E101,User {user} login successful
69057,2026-01-14,21:41:33,INFO,AuthService,Transaction tx318742 completed in 1465ms,E104,Transaction {tx} completed in {time}ms
69058,2026-01-14,21:07:11,INFO,AuthService,Transaction tx301991 completed in 1243ms,E104,Transaction {tx} completed in {time}ms
69059,2026-01-14,21:35:11,INFO,WebServer,Transaction tx170288 completed in 1700ms,E104,Transaction {tx} completed in {time}ms
69060,2026-01-14,21:12:06,INFO,WebServer,Health check passed: WebServer,E102,Health check passed: {service}
69061,2026-01-14,21:59:23,INFO,AuthService,Health check passed: AuthService,E102,Health check passed: {service}
69062,2026-01-14,21:40:32,INFO,OrderProcessor,Transaction tx963006 completed in 1796ms,E104,Transaction {tx} completed in {time}ms
69063,2026-01-14,21:25:57,INFO,OrderProcessor,Health check passed: OrderProcessor,E102,Health check passed: {service}
69064,2026-01-14,21:41:08,INFO,WebServer,Health check passed: WebServer,E102,Health check passed: {service}
69065,2026-01-14,21:18:08,INFO,WebServer,Transaction tx737019 completed in 703ms,E104,Transaction {tx} completed in {time}ms
69066,2026-01-14,21:39:47,INFO,WebServer,Transaction tx207578 completed in 134ms,E104,Transaction {tx} completed in {time}ms
69067,2026-01-14,21:52:24,INFO,WebServer,User u2305 login successful,E101,User {user} login successful
69068,2026-01-14,21:51:34,INFO,AuthService,Transaction tx901649 completed in 1256ms,E104,Transaction {tx} completed in {time}ms
69069,2026-01-14,21:22:19,INFO,AuthService,User u1207 login successful,E101,User {user} login successful
69070,2026-01-14,21:32:06,INFO,PaymentGateway,Health check passed: PaymentGateway,E102,Health check passed: {service}
69071,2026-01-14,21:11:35,INFO,PaymentGateway,User u4540 login successful,E101,User {user} login successful
69072,2026-01-14,21:58:17,INFO,WebServer,Transaction tx620225 completed in 342ms,E104,Transaction {tx} completed in {time}ms
69073,2026-01-14,21:18:05,INFO,PaymentGateway,Transaction tx233784 completed in 828ms,E104,Transaction {tx} completed in {time}ms
69074,2026-01-14,21:51:19,INFO,WebServer,Health check passed: WebServer,E102,Health check passed: {service}
69075,2026-01-14,21:11:51,INFO,PaymentGateway,User u4252 login successful,E101,User {user} login successful
69076,2026-01-14,21:31:23,INFO,PaymentGateway,User u1925 login successful,E101,User {user} login successful
69077,2026-01-14,21:46:55,INFO,OrderProcessor,User u4447 login successful,E101,User {user} login successful
69078,2026-01-14,21:53:55,INFO,OrderProcessor,Transaction tx317446 completed in 1789ms,E104,Transaction {tx} completed in {time}ms
69079,2026-01-14,21:07:11,INFO,WebServer,Transaction tx538526 completed in 896ms,E104,Transaction {tx} completed in {time}ms
69080,2026-01-14,21:07:42,INFO,WebServer,User u1004 login successful,E101,User {user} login successful
69081,2026-01-14,21:07:39,INFO,OrderProcessor,Page view: /home by u3897,E103,Page view: {page} by {user}
69082,2026-01-14,21:36:29,INFO,PaymentGateway,Page view: /home by u4627,E103,Page view: {page} by {user}
69083,2026-01-14,21:26:19,INFO,WebServer,Page view: /home by u2753,E103,Page view: {page} by {user}
69084,2026-01-14,21:37:24,INFO,WebServer,Page view: /home by u3259,E103,Page view: {page} by {user}
69085,2026-01-14,21:36:50,INFO,OrderProcessor,Page view: /home by u3700,E103,Page view: {page} by {user}
69086,2026-01-14,21:19:32,INFO,WebServer,Health check passed: WebServer,E102,Health check passed: {service}
69087,2026-01-14,21:46:58,INFO,WebServer,Transaction tx946099 completed in 445ms,E104,Transaction {tx} completed in {time}ms
69088,2026-01-14,21:26:11,INFO,OrderProcessor,Page view: /home by u3715,E103,Page view: {page} by {user}
69089,2026-01-14,21:48:01,INFO,WebServer,User u4741 login successful,E101,User {user} login successful
69090,2026-01-14,21:38:53,INFO,WebServer,User u4314 login successful,E101,User {user} login successful
69091,2026-01-14,21:41:05,INFO,WebServer,Health check passed: WebServer,E102,Health check passed: {service}
69092,2026-01-14,21:59:25,INFO,AuthService,Transaction tx617678 completed in 40ms,E104,Transaction {tx} completed in {time}ms
69093,2026-01-14,21:56:22,INFO,WebServer,User u1858 login successful,E101,User {user} login successful
69094,2026-01-14,21:32:21,INFO,AuthService,Page view: /home by u1310,E103,Page view: {page} by {user}
69095,2026-01-14,21:50:03,INFO,WebServer,Page view: /home by u3005,E103,Page view: {page} by {user}
69096,2026-01-14,21:53:19,INFO,AuthService,Transaction tx872896 completed in 139ms,E104,Transaction {tx} completed in {time}ms
69097,2026-01-14,21:52:13,INFO,WebServer,Page view: /home by u3341,E103,Page view: {page} by {user}
69098,2026-01-14,21:24:46,INFO,PaymentGateway,Transaction tx204635 completed in 358ms,E104,Transaction {tx} completed in {time}ms
69099,2026-01-14,21:41:42,INFO,WebServer,Transaction tx697739 completed in 1464ms,E104,Transaction {tx} completed in {time}ms
69100,2026-01-14,21:37:12,INFO,WebServer,User u3623 login successful,E101,User {user} login successful
69101,2026-01-14,21:27:44,INFO,WebServer,User u1232 login successful,E101,User {user} login successful
69102,2026-01-14,21:11:42,INFO,AuthService,Health check passed: AuthService,E102,Health check passed: {service}
69103,2026-01-14,21:35:19,WARN,WebServer,High latency (1552ms) detected on WebServer,E201,High latency ({time}ms) detected on {service}
69104,2026-01-14,21:05:25,WARN,WebServer,Disk usage > 85% on node node-1,E202,Disk usage > 85% on node {node}
69105,2026-01-14,21:13:04,INFO,PaymentGateway,User u4130 login successful,E101,User {user} login successful
69106,2026-01-14,21:30:44,INFO,AuthService,Transaction tx579764 completed in 1179ms,E104,Transaction {tx} completed in {time}ms
69107,2026-01-14,21:52:28,INFO,WebServer,Page view: /home by u1312,E103,Page view: {page} by {user}
69108,2026-01-14,21:12:08,INFO,AuthService,Health check passed: AuthService,E102,Health check passed: {service}
69109,2026-01-14,21:42:26,INFO,WebServer,User u4837 login successful,E101,User {user} login successful
69110,2026-01-14,21:15:58,INFO,OrderProcessor,Transaction tx148791 completed in 597ms,E104,Transaction {tx} completed in {time}ms
69111,2026-01-14,21:11:14,INFO,WebServer,User u3661 login successful,E101,User {user} login successful
69112,2026-01-14,21:15:16,CRITICAL,OrderProcessor,DATA CORRUPTION detected in sector 417,E602,DATA CORRUPTION detected in sector {sector}
69113,2026-01-14,21:58:35,INFO,WebServer,Transaction tx755968 completed in 676ms,E104,Transaction {tx} completed in {time}ms
69114,2026-01-14,21:03:47,INFO,PaymentGateway,Transaction tx514752 completed in 836ms,E104,Transaction {tx} completed in {time}ms
69115,2026-01-14,21:28:12,INFO,AuthService,Health check passed: AuthService,E102,Health check passed: {service}
69116,2026-01-14,21:16:19,INFO,WebServer,User u3728 login successful,E101,User {user} login successful
69117,2026-01-14,21:10:00,INFO,WebServer,Health check passed: WebServer,E102,Health check passed: {service}
69118,2026-01-14,21:36:30,INFO,OrderProcessor,Transaction tx588706 completed in 1953ms,E104,Transaction {tx} completed in {time}ms
69119,2026-01-14,21:50:17,INFO,AuthService,Health check passed: AuthService,E102,Health check passed: {service}
69120,2026-01-14,21:22:51,INFO,WebServer,User u2065 login successful,E101,User {user} login successful
69121,2026-01-14,21:48:20,WARN,WebServer,Unauthorized access attempt from 10.0.0.12,E401,Unauthorized access attempt from {ip}
69122,2026-01-14,21:30:20,INFO,WebServer,Transaction tx306956 completed in 190ms,E104,Transaction {tx} completed in {time}ms
69123,2026-01-14,21:44:33,INFO,WebServer,User u1779 login successful,E101,User {user} login successful
69124,2026-01-14,21:57:34,INFO,AuthService,Page view: /home by u3796,E103,Page view: {page} by {user}
69125,2026-01-14,22:30:44,INFO,WebServer,Health check passed: WebServer,E102,Health check passed: {service}
69126,2026-01-14,22:25:10,INFO,WebServer,User u1981 login successful,E101,User {user} login successful
69127,2026-01-14,22:47:03,INFO,WebServer,Health check passed: WebServer,E102,Health check passed: {service}
69128,2026-01-14,22:52:49,INFO,AuthService,Health check passed: AuthService,E102,Health check passed: {service}
69129,2026-01-14,22:18:00,INFO,PaymentGateway,Transaction tx346684 completed in 1950ms,E104,Transaction {tx} completed in {time}ms
69130,2026-01-14,22:22:42,INFO,WebServer,Page view: /home by u4793,E103,Page view: {page} by {user}
69131,2026-01-14,22:32:55,INFO,WebServer,Health check passed: WebServer,E102,Health check passed: {service}
69132,2026-01-14,22:12:10,INFO,OrderProcessor,User u4027 login successful,E101,User {user} login successful
69133,2026-01-14,22:58:03,INFO,WebServer,Page view: /home by u2095,E103,Page view: {page} by {user}
69134,2026-01-14,22:34:28,INFO,PaymentGateway,Health check passed: PaymentGateway,E102,Health check passed: {service}
69135,2026-01-14,22:50:26,INFO,PaymentGateway,Transaction tx115756 completed in 1401ms,E104,Transaction {tx} completed in {time}ms
69136,2026-01-14,22:56:00,INFO,WebServer,User u1323 login successful,E101,User {user} login successful
69137,2026-01-14,22:11:22,INFO,AuthService,Page view: /home by u2550,E103,Page view: {page} by {user}
69138,2026-01-14,22:56:39,INFO,PaymentGateway,Transaction tx311888 completed in 1382ms,E104,Transaction {tx} completed in {time}ms
69139,2026-01-14,22:31:56,INFO,WebServer,User u1954 login successful,E101,User {user} login successful
69140,2026-01-14,22:42:11,INFO,OrderProcessor,Page view: /home by u4103,E103,Page view: {page} by {user}
69141,2026-01-14,22:16:03,INFO,WebServer,User u4396 login successful,E101,User {user} login successful
69142,2026-01-14,22:14:34,INFO,WebServer,Health check passed: WebServer,E102,Health check passed: {service}
69143,2026-01-14,22:15:27,INFO,AuthService,Health check passed: AuthService,E102,Health check passed: {service}
69144,2026-01-14,22:57:40,INFO,PaymentGateway,Page view: /home by u4844,E103,Page view: {page} by {user}
69145,2026-01-14,22:06:12,INFO,PaymentGateway,Health check passed: PaymentGateway,E102,Health check passed: {service}
69146,2026-01-14,22:08:43,INFO,OrderProcessor,User u2134 login successful,E101,User {user} login successful
69147,2026-01-14,22:16:18,INFO,WebServer,Page view: /home by u1852,E103,Page view: {page} by {user}
69148,2026-01-14,22:37:52,INFO,WebServer,Page view: /home by u2718,E103,Page view: {page} by {user}
69149,2026-01-14,22:47:57,INFO,AuthService,Page view: /home by u1820,E103,Page view: {page} by {user}
69150,2026-01-14,22:13:49,INFO,WebServer,Transaction tx826567 completed in 1647ms,E104,Transaction {tx} completed in {time}ms
69151,2026-01-14,22:33:13,INFO,AuthService,Transaction tx330062 completed in 552ms,E104,Transaction {tx} completed in {time}ms
69152,2026-01-14,22:01:59,INFO,WebServer,User u2028 login successful,E101,User {user} login successful
69153,2026-01-14,22:06:25,INFO,AuthService,User u2698 login successful,E101,User {user} login successful
69154,2026-01-14,22:50:39,INFO,WebServer,User u4204 login successful,E101,User {user} login successful
69155,2026-01-14,22:20:21,INFO,AuthService,User u1784 login successful,E101,User {user} login successful
69156,2026-01-14,22:53:09,INFO,AuthService,User u3634 login successful,E101,User {user} login successful
69157,2026-01-14,22:28:37,INFO,WebServer,Transaction tx875919 completed in 1058ms,E104,Transaction {tx} completed in {time}ms
69158,2026-01-14,22:08:32,INFO,AuthService,Health check passed: AuthService,E102,Health check passed: {service}
69159,2026-01-14,22:49:08,INFO,PaymentGateway,Transaction tx782767 completed in 283ms,E104,Transaction {tx} completed in {time}ms
69160,2026-01-14,22:38:49,INFO,AuthService,User u2931 login successful,E101,User {user} login successful
69161,2026-01-14,22:11:41,INFO,AuthService,Health check passed: AuthService,E102,Health check passed: {service}
69162,2026-01-14,22:34:06,INFO,AuthService,Page view: /home by u2343,E103,Page view: {page} by {user}
69163,2026-01-14,22:14:22,INFO,WebServer,Transaction tx833436 completed in 1087ms,E104,Transaction {tx} completed in {time}ms
69164,2026-01-14,22:17:26,INFO,InventoryDB,Transaction tx529082 completed in 1044ms,E104,Transaction {tx} completed in {time}ms
69165,2026-01-14,22:31:17,INFO,OrderProcessor,Health check passed: OrderProcessor,E102,Health check passed: {service}
69166,2026-01-14,22:22:46,INFO,InventoryDB,User u4263 login successful,E101,User {user} login successful
69167,2026-01-14,22:12:44,INFO,WebServer,Transaction tx359842 completed in 1339ms,E104,Transaction {tx} completed in {time}ms
69168,2026-01-14,22:10:16,INFO,WebServer,Page view: /home by u2177,E103,Page view: {page} by {user}
69169,2026-01-14,22:40:58,INFO,WebServer,User u1161 login successful,E101,User {user} login successful
69170,2026-01-14,22:28:24,INFO,InventoryDB,Health check passed: InventoryDB,E102,Health check passed: {service}
69171,2026-01-14,22:10:06,INFO,AuthService,User u2238 login successful,E101,User {user} login successful
69172,2026-01-14,22:44:09,INFO,AuthService,Transaction tx908373 completed in 1766ms,E104,Transaction {tx} completed in {time}ms
69173,2026-01-14,22:00:27,INFO,OrderProcessor,Transaction tx252018 completed in 1357ms,E104,Transaction {tx} completed in {time}ms
69174,2026-01-14,22:54:07,INFO,PaymentGateway,User u1368 login successful,E101,User {user} login successful
69175,2026-01-14,22:10:33,INFO,WebServer,Health check passed: WebServer,E102,Health check passed: {service}
69176,2026-01-14,22:12:16,INFO,AuthService,User u1769 login successful,E101,User {user} login successful
69177,2026-01-14,22:48:10,INFO,AuthService,Transaction tx524273 completed in 297ms,E104,Transaction {tx} completed in {time}ms
69178,2026-01-14,22:30:04,INFO,AuthService,Transaction tx398099 completed in 1431ms,E104,Transaction {tx} completed in {time}ms
69179,2026-01-14,22:17:14,INFO,WebServer,Page view: /home by u2561,E103,Page view: {page} by {user}
69180,2026-01-14,22:18:21,INFO,PaymentGateway,User u3891 login successful,E101,User {user} login successful
69181,2026-01-14,22:02:38,INFO,PaymentGateway,User u2855 login successful,E101,User {user} login successful
69182,2026-01-14,22:12:11,INFO,WebServer,Transaction tx848101 completed in 1724ms,E104,Transaction {tx} completed in {time}ms
69183,2026-01-14,22:12:45,INFO,WebServer,User u1179 login successful,E101,User {user} login successful
69184,2026-01-14,22:28:04,INFO,WebServer,Page view: /home by u4242,E103,Page view: {page} by {user}
69185,2026-01-14,22:52:26,INFO,WebServer,Transaction tx205825 completed in 984ms,E104,Transaction {tx} completed in {time}ms
69186,2026-01-14,22:46:35,INFO,WebServer,Health check passed: WebServer,E102,Health check passed: {service}
69187,2026-01-14,22:28:05,INFO,PaymentGateway,User u2080 login successful,E101,User {user} login successful
69188,2026-01-14,22:36:31,INFO,WebServer,Page view: /home by u3177,E103,Page view: {page} by {user}
69189,2026-01-14,22:18:51,INFO,WebServer,User u4541 login successful,E101,User {user} login successful
69190,2026-01-14,22:11:24,INFO,WebServer,Health check passed: WebServer,E102,Health check passed: {service}
69191,2026-01-14,22:45:30,INFO,AuthService,User u2967 login successful,E101,User {user} login successful
69192,2026-01-14,22:39:31,INFO,AuthService,User u2605 login successful,E101,User {user} login successful
69193,2026-01-14,22:16:38,WARN,InventoryDB,Disk usage > 85% on node node-4,E202,Disk usage > 85% on node {node}
69194,2026-01-14,22:09:23,INFO,WebServer,Page view: /home by u4849,E103,Page view: {page} by {user}
69195,2026-01-14,22:44:05,WARN,AuthService,Unauthorized access attempt from 10.0.0.45,E401,Unauthorized access attempt from {ip}
69196,2026-01-14,22:38:06,ERROR,AuthService,Connection refused to AuthService at 10.0.0.45,E501,Connection refused to {service} at {ip}
69197,2026-01-14,22:09:49,INFO,WebServer,Page view: /home by u1114,E103,Page view: {page} by {user}
69198,2026-01-14,22:21:29,INFO,PaymentGateway,User u2751 login successful,E101,User {user} login successful
69199,2026-01-14,22:28:12,INFO,PaymentGateway,Health check passed: PaymentGateway,E102,Health check passed: {service}
69200,2026-01-14,22:03:55,INFO,PaymentGateway,Page view: /home by u1605,E103,Page view: {page} by {user}
69201,2026-01-14,22:52:55,INFO,PaymentGateway,Transaction tx807234 completed in 143ms,E104,Transaction {tx} completed in {time}ms
69202,2026-01-14,22:11:17,INFO,WebServer,Page view: /home by u4483,E103,Page view: {page} by {user}
69203,2026-01-14,22:00:28,INFO,PaymentGateway,User u2802 login successful,E101,User {user} login successful
69204,2026-01-14,22:47:38,INFO,OrderProcessor,Transaction tx896993 completed in 120ms,E104,Transaction {tx} completed in {time}ms
69205,2026-01-14,22:14:36,INFO,AuthService,Page view: /home by u2587,E103,Page view: {page} by {user}
69206,2026-01-14,22:56:11,INFO,OrderProcessor,Transaction tx810012 completed in 401ms,E104,Transaction {tx} completed in {time}ms
69207,2026-01-14,22:15:29,INFO,PaymentGateway,Health check passed: PaymentGateway,E102,Health check passed: {service}
69208,2026-01-14,22:56:53,WARN,PaymentGateway,Unauthorized access attempt from 10.0.0.45,E401,Unauthorized access attempt from {ip}
69209,2026-01-14,22:16:52,INFO,WebServer,User u1996 login successful,E101,User {user} login successful
69210,2026-01-14,22:09:26,INFO,WebServer,Transaction tx994496 completed in 927ms,E104,Transaction {tx} completed in {time}ms
69211,2026-01-14,22:35:49,INFO,AuthService,Transaction tx947673 completed in 315ms,E104,Transaction {tx} completed in {time}ms
69212,2026-01-14,22:27:07,INFO,WebServer,User u2342 login successful,E101,User {user} login successful
69213,2026-01-14,22:20:15,INFO,WebServer,User u1321 login successful,E101,User {user} login successful
69214,2026-01-14,22:41:38,INFO,InventoryDB,Transaction tx425421 completed in 1394ms,E104,Transaction {tx} completed in {time}ms
69215,2026-01-14,22:54:19,WARN,WebServer,Disk usage > 85% on node node-2,E202,Disk usage > 85% on node {node}
69216,2026-01-14,22:28:40,INFO,OrderProcessor,Page view: /home by u2008,E103,Page view: {page} by {user}
69217,2026-01-14,22:46:13,INFO,AuthService,User u4703 login successful,E101,User {user} login successful
69218,2026-01-14,22:59:36,INFO,WebServer,Page view: /home by u4920,E103,Page view: {page} by {user}
69219,2026-01-14,22:18:31,INFO,AuthService,Page view: /home by u3774,E103,Page view: {page} by {user}
69220,2026-01-14,22:30:39,INFO,OrderProcessor,User u4568 login successful,E101,User {user} login successful
69221,2026-01-14,22:04:03,INFO,WebServer,Transaction tx803678 completed in 1923ms,E104,Transaction {tx} completed in {time}ms
69222,2026-01-14,22:16:42,INFO,WebServer,Page view: /home by u2880,E103,Page view: {page} by {user}
69223,2026-01-14,22:04:58,INFO,OrderProcessor,Page view: /home by u4686,E103,Page view: {page} by {user}
69224,2026-01-14,22:43:12,INFO,AuthService,Page view: /home by u1957,E103,Page view: {page} by {user}
69225,2026-01-14,22:07:58,INFO,WebServer,Page view: /home by u2360,E103,Page view: {page} by {user}
69226,2026-01-14,22:34:04,INFO,PaymentGateway,Health check passed: PaymentGateway,E102,Health check passed: {service}
69227,2026-01-14,22:09:29,INFO,WebServer,User u1120 login successful,E101,User {user} login successful
69228,2026-01-14,22:41:09,INFO,WebServer,Health check passed: WebServer,E102,Health check passed: {service}
69229,2026-01-14,22:33:25,INFO,OrderProcessor,Page view: /home by u3378,E103,Page view: {page} by {user}
69230,2026-01-14,22:43:05,INFO,WebServer,User u4115 login successful,E101,User {user} login successful
69231,2026-01-14,22:05:36,INFO,AuthService,User u2936 login successful,E101,User {user} login successful
69232,2026-01-14,22:37:56,INFO,OrderProcessor,Transaction tx708013 completed in 1803ms,E104,Transaction {tx} completed in {time}ms
69233,2026-01-14,22:11:12,INFO,AuthService,Health check passed: AuthService,E102,Health check passed: {service}
69234,2026-01-14,22:41:50,INFO,WebServer,User u1047 login successful,E101,User {user} login successful
69235,2026-01-14,22:04:32,INFO,WebServer,Page view: /home by u4355,E103,Page view: {page} by {user}
69236,2026-01-14,22:58:59,INFO,PaymentGateway,Page view: /home by u2401,E103,Page view: {page} by {user}
69237,2026-01-14,22:31:12,INFO,WebServer,Page view: /home by u3733,E103,Page view: {page} by {user}
69238,2026-01-14,22:27:23,INFO,WebServer,Page view: /home by u1881,E103,Page view: {page} by {user}
69239,2026-01-14,22:54:50,INFO,WebServer,Page view: /home by u2023,E103,Page view: {page} by {user}
69240,2026-01-14,22:41:01,INFO,WebServer,Page view: /home by u4243,E103,Page view: {page} by {user}
69241,2026-01-14,22:54:12,INFO,AuthService,User u1006 login successful,E101,User {user} login successful
69242,2026-01-14,22:22:57,INFO,AuthService,Transaction tx556486 completed in 1280ms,E104,Transaction {tx} completed in {time}ms
69243,2026-01-14,22:29:30,INFO,WebServer,User u3074 login successful,E101,User {user} login successful
69244,2026-01-14,22:57:16,INFO,AuthService,Page view: /home by u2079,E103,Page view: {page} by {user}
69245,2026-01-14,22:29:05,INFO,PaymentGateway,Health check passed: PaymentGateway,E102,Health check passed: {service}
69246,2026-01-14,22:47:53,INFO,AuthService,User u3706 login successful,E101,User {user} login successful
69247,2026-01-14,22:25:01,INFO,WebServer,Transaction tx886460 completed in 765ms,E104,Transaction {tx} completed in {time}ms
69248,2026-01-14,22:46:40,INFO,WebServer,Page view: /home by u2885,E103,Page view: {page} by {user}
69249,2026-01-14,22:11:44,INFO,WebServer,User u1924 login successful,E101,User {user} login successful
69250,2026-01-14,22:00:14,INFO,WebServer,Page view: /home by u3973,E103,Page view: {page} by {user}
69251,2026-01-14,22:21:46,INFO,WebServer,Page view: /home by u3567,E103,Page view: {page} by {user}
69252,2026-01-14,22:51:26,INFO,WebServer,Transaction tx775651 completed in 487ms,E104,Transaction {tx} completed in {time}ms
69253,2026-01-14,22:13:38,INFO,WebServer,Page view: /home by u2305,E103,Page view: {page} by {user}
69254,2026-01-14,22:50:52,INFO,PaymentGateway,User u1566 login successful,E101,User {user} login successful
69255,2026-01-14,22:47:54,INFO,PaymentGateway,Transaction tx130186 completed in 1890ms,E104,Transaction {tx} completed in {time}ms
69256,2026-01-14,22:41:17,INFO,AuthService,Transaction tx545190 completed in 1754ms,E104,Transaction {tx} completed in {time}ms
69257,2026-01-14,22:18:33,INFO,WebServer,Page view: /home by u3168,E103,Page view: {page} by {user}
69258,2026-01-14,22:13:47,INFO,WebServer,Transaction tx472400 completed in 1915ms,E104,Transaction {tx} completed in {time}ms
69259,2026-01-14,22:11:50,INFO,PaymentGateway,Transaction tx513483 completed in 1670ms,E104,Transaction {tx} completed in {time}ms
69260,2026-01-14,22:39:31,INFO,AuthService,Health check passed: AuthService,E102,Health check passed: {service}
69261,2026-01-14,22:09:24,INFO,WebServer,Transaction tx869286 completed in 1513ms,E104,Transaction {tx} completed in {time}ms
69262,2026-01-14,22:17:57,INFO,OrderProcessor,User u4841 login successful,E101,User {user} login successful
69263,2026-01-14,22:49:37,INFO,WebServer,Health check passed: WebServer,E102,Health check passed: {service}
69264,2026-01-14,22:34:11,INFO,OrderProcessor,Page view: /home by u1114,E103,Page view: {page} by {user}
69265,2026-01-14,22:38:09,INFO,PaymentGateway,User u1140 login successful,E101,User {user} login successful
69266,2026-01-14,22:20:45,INFO,WebServer,Page view: /home by u4365,E103,Page view: {page} by {user}
69267,2026-01-14,22:53:08,INFO,WebServer,Transaction tx912542 completed in 1800ms,E104,Transaction {tx} completed in {time}ms
69268,2026-01-14,22:43:07,INFO,AuthService,Transaction tx704063 completed in 1475ms,E104,Transaction {tx} completed in {time}ms
69269,2026-01-14,22:17:25,INFO,AuthService,Health check passed: AuthService,E102,Health check passed: {service}
69270,2026-01-14,22:22:23,INFO,WebServer,Page view: /home by u4650,E103,Page view: {page} by {user}
69271,2026-01-14,22:07:29,INFO,WebServer,Page view: /home by u1349,E103,Page view: {page} by {user}
69272,2026-01-14,22:27:49,INFO,WebServer,Health check passed: WebServer,E102,Health check passed: {service}
69273,2026-01-14,22:13:40,INFO,PaymentGateway,Transaction tx315983 completed in 1401ms,E104,Transaction {tx} completed in {time}ms
69274,2026-01-14,22:11:40,INFO,WebServer,User u2409 login successful,E101,User {user} login successful
69275,2026-01-14,22:12:45,INFO,OrderProcessor,Health check passed: OrderProcessor,E102,Health check passed: {service}
69276,2026-01-14,22:13:22,INFO,OrderProcessor,User u4438 login successful,E101,User {user} login successful
69277,2026-01-14,22:28:28,INFO,OrderProcessor,Health check passed: OrderProcessor,E102,Health check passed: {service}
69278,2026-01-14,22:50:38,WARN,WebServer,Unauthorized access attempt from 10.0.0.45,E401,Unauthorized access attempt from {ip}
69279,2026-01-14,22:38:49,INFO,AuthService,User u4002 login successful,E101,User {user} login successful
69280,2026-01-14,22:13:49,INFO,OrderProcessor,Health check passed: OrderProcessor,E102,Health check passed: {service}
69281,2026-01-14,22:04:12,INFO,WebServer,User u2197 login successful,E101,User {user} login successful
69282,2026-01-14,22:51:36,INFO,WebServer,Transaction tx975485 completed in 1069ms,E104,Transaction {tx} completed in {time}ms
69283,2026-01-14,22:50:53,INFO,AuthService,Health check passed: AuthService,E102,Health check passed: {service}
69284,2026-01-14,22:20:56,INFO,AuthService,Health check passed: AuthService,E102,Health check passed: {service}
69285,2026-01-14,22:16:51,INFO,WebServer,Page view: /home by u4643,E103,Page view: {page} by {user}
69286,2026-01-14,22:38:49,INFO,WebServer,User u2142 login successful,E101,User {user} login successful
69287,2026-01-14,22:08:08,INFO,PaymentGateway,Health check passed: PaymentGateway,E102,Health check passed: {service}
69288,2026-01-14,22:39:08,INFO,AuthService,Transaction tx519509 completed in 1067ms,E104,Transaction {tx} completed in {time}ms
69289,2026-01-14,22:09:18,INFO,InventoryDB,User u1142 login successful,E101,User {user} login successful
69290,2026-01-14,22:48:24,INFO,WebServer,Health check passed: WebServer,E102,Health check passed: {service}
69291,2026-01-14,22:19:39,INFO,WebServer,Transaction tx312611 completed in 223ms,E104,Transaction {tx} completed in {time}ms
69292,2026-01-14,22:42:04,INFO,WebServer,Transaction tx149149 completed in 1026ms,E104,Transaction {tx} completed in {time}ms
69293,2026-01-14,22:49:51,INFO,WebServer,Health check passed: WebServer,E102,Health check passed: {service}
69294,2026-01-14,22:39:41,INFO,OrderProcessor,User u3808 login successful,E101,User {user} login successful
69295,2026-01-14,22:58:06,INFO,OrderProcessor,Page view: /home by u4283,E103,Page view: {page} by {user}
69296,2026-01-14,22:56:21,INFO,WebServer,Transaction tx255020 completed in 1125ms,E104,Transaction {tx} completed in {time}ms
69297,2026-01-14,22:59:05,INFO,AuthService,Page view: /home by u1141,E103,Page view: {page} by {user}
69298,2026-01-14,22:55:54,INFO,WebServer,Transaction tx850491 completed in 1458ms,E104,Transaction {tx} completed in {time}ms
69299,2026-01-14,22:24:02,INFO,WebServer,Page view: /home by u3871,E103,Page view: {page} by {user}
69300,2026-01-14,22:52:38,INFO,InventoryDB,Transaction tx352100 completed in 464ms,E104,Transaction {tx} completed in {time}ms
69301,2026-01-14,22:59:39,INFO,OrderProcessor,User u1624 login successful,E101,User {user} login successful
69302,2026-01-14,22:10:32,INFO,OrderProcessor,User u1678 login successful,E101,User {user} login successful
69303,2026-01-14,22:17:37,WARN,AuthService,High latency (300ms) detected on AuthService,E201,High latency ({time}ms) detected on {service}
69304,2026-01-14,22:03:08,INFO,AuthService,Transaction tx126138 completed in 455ms,E104,Transaction {tx} completed in {time}ms
69305,2026-01-14,22:47:58,INFO,AuthService,Page view: /home by u1916,E103,Page view: {page} by {user}
69306,2026-01-14,22:34:46,INFO,WebServer,Health check passed: WebServer,E102,Health check passed: {service}
69307,2026-01-14,22:32:33,INFO,WebServer,User u4351 login successful,E101,User {user} login successful
69308,2026-01-14,22:57:12,INFO,WebServer,User u4386 login successful,E101,User {user} login successful
69309,2026-01-14,22:52:22,INFO,WebServer,Health check passed: WebServer,E102,Health check passed: {service}
69310,2026-01-14,22:26:58,INFO,PaymentGateway,Transaction tx898661 completed in 589ms,E104,Transaction {tx} completed in {time}ms
69311,2026-01-14,22:27:07,INFO,AuthService,Transaction tx969567 completed in 1789ms,E104,Transaction {tx} completed in {time}ms
69312,2026-01-14,22:30:49,INFO,WebServer,User u1240 login successful,E101,User {user} login successful
69313,2026-01-14,22:35:37,INFO,AuthService,Transaction tx922899 completed in 318ms,E104,Transaction {tx} completed in {time}ms
69314,2026-01-14,22:17:35,INFO,OrderProcessor,Transaction tx704218 completed in 1551ms,E104,Transaction {tx} completed in {time}ms
69315,2026-01-14,22:03:54,INFO,OrderProcessor,Page view: /home by u3819,E103,Page view: {page} by {user}
69316,2026-01-14,22:43:32,INFO,WebServer,Transaction tx994066 completed in 1859ms,E104,Transaction {tx} completed in {time}ms
69317,2026-01-14,22:43:45,INFO,WebServer,Health check passed: WebServer,E102,Health check passed: {service}
69318,2026-01-14,22:36:51,INFO,AuthService,Health check passed: AuthService,E102,Health check passed: {service}
69319,2026-01-14,22:19:58,INFO,AuthService,Page view: /home by u3004,E103,Page view: {page} by {user}
69320,2026-01-14,22:58:25,INFO,WebServer,Health check passed: WebServer,E102,Health check passed: {service}
69321,2026-01-14,22:45:12,INFO,InventoryDB,Page view: /home by u3934,E103,Page view: {page} by {user}
69322,2026-01-14,22:08:40,INFO,OrderProcessor,Transaction tx525755 completed in 174ms,E104,Transaction {tx} completed in {time}ms
69323,2026-01-14,22:45:52,INFO,AuthService,User u2603 login successful,E101,User {user} login successful
69324,2026-01-14,22:35:59,INFO,AuthService,User u2262 login successful,E101,User {user} login successful
69325,2026-01-14,22:44:39,INFO,PaymentGateway,Transaction tx519024 completed in 1447ms,E104,Transaction {tx} completed in {time}ms
69326,2026-01-14,22:21:07,INFO,OrderProcessor,Page view: /home by u3863,E103,Page view: {page} by {user}
69327,2026-01-14,22:35:35,WARN,PaymentGateway,High latency (823ms) detected on PaymentGateway,E201,High latency ({time}ms) detected on {service}
69328,2026-01-14,22:00:18,INFO,WebServer,Page view: /home by u2555,E103,Page view: {page} by {user}
69329,2026-01-14,22:40:03,INFO,PaymentGateway,User u1028 login successful,E101,User {user} login successful
69330,2026-01-14,22:29:13,INFO,AuthService,Health check passed: AuthService,E102,Health check passed: {service}
69331,2026-01-14,22:06:58,INFO,AuthService,Page view: /home by u3048,E103,Page view: {page} by {user}
69332,2026-01-14,22:23:13,INFO,OrderProcessor,User u4276 login successful,E101,User {user} login successful
69333,2026-01-14,22:33:53,INFO,InventoryDB,User u1718 login successful,E101,User {user} login successful
69334,2026-01-14,22:51:41,INFO,WebServer,Page view: /home by u3080,E103,Page view: {page} by {user}
69335,2026-01-14,22:05:30,INFO,WebServer,User u3663 login successful,E101,User {user} login successful
69336,2026-01-14,22:30:03,INFO,WebServer,User u4404 login successful,E101,User {user} login successful
69337,2026-01-14,22:56:53,INFO,AuthService,Health check passed: AuthService,E102,Health check passed: {service}
69338,2026-01-14,22:25:29,INFO,WebServer,Health check passed: WebServer,E102,Health check passed: {service}
69339,2026-01-14,22:38:28,INFO,InventoryDB,Transaction tx930268 completed in 860ms,E104,Transaction {tx} completed in {time}ms
69340,2026-01-14,22:35:31,INFO,PaymentGateway,Page view: /home by u2709,E103,Page view: {page} by {user}
69341,2026-01-14,22:28:34,INFO,InventoryDB,User u2114 login successful,E101,User {user} login successful
69342,2026-01-14,22:43:45,INFO,WebServer,Page view: /home by u1270,E103,Page view: {page} by {user}
69343,2026-01-14,22:27:19,INFO,WebServer,User u2851 login successful,E101,User {user} login successful
69344,2026-01-14,22:13:59,INFO,OrderProcessor,Page view: /home by u1153,E103,Page view: {page} by {user}
69345,2026-01-14,22:23:42,INFO,InventoryDB,User u3917 login successful,E101,User {user} login successful
69346,2026-01-14,22:10:09,INFO,OrderProcessor,Transaction tx219692 completed in 1754ms,E104,Transaction {tx} completed in {time}ms
69347,2026-01-14,22:35:35,INFO,OrderProcessor,Transaction tx551246 completed in 903ms,E104,Transaction {tx} completed in {time}ms
69348,2026-01-14,22:03:25,INFO,WebServer,Health check passed: WebServer,E102,Health check passed: {service}
69349,2026-01-14,22:00:50,INFO,WebServer,Transaction tx489210 completed in 966ms,E104,Transaction {tx} completed in {time}ms
69350,2026-01-14,22:04:48,INFO,WebServer,Health check passed: WebServer,E102,Health check passed: {service}
69351,2026-01-14,22:43:44,INFO,AuthService,Page view: /home by u2833,E103,Page view: {page} by {user}
69352,2026-01-14,22:43:58,INFO,OrderProcessor,User u1455 login successful,E101,User {user} login successful
69353,2026-01-14,22:26:23,INFO,WebServer,Page view: /home by u4905,E103,Page view: {page} by {user}
69354,2026-01-14,22:06:58,INFO,OrderProcessor,Health check passed: OrderProcessor,E102,Health check passed: {service}
69355,2026-01-14,22:04:35,INFO,OrderProcessor,Page view: /home by u2417,E103,Page view: {page} by {user}
69356,2026-01-14,22:57:55,INFO,WebServer,Page view: /home by u2612,E103,Page view: {page} by {user}
69357,2026-01-14,22:51:13,INFO,OrderProcessor,Page view: /home by u2349,E103,Page view: {page} by {user}
69358,2026-01-14,22:04:47,INFO,AuthService,Transaction tx721370 completed in 318ms,E104,Transaction {tx} completed in {time}ms
69359,2026-01-14,22:27:54,INFO,WebServer,Transaction tx267256 completed in 646ms,E104,Transaction {tx} completed in {time}ms
69360,2026-01-14,22:20:09,INFO,OrderProcessor,Health check passed: OrderProcessor,E102,Health check passed: {service}
69361,2026-01-14,22:37:35,INFO,AuthService,Health check passed: AuthService,E102,Health check passed: {service}
69362,2026-01-14,22:24:34,INFO,OrderProcessor,Page view: /home by u2314,E103,Page view: {page} by {user}
69363,2026-01-14,23:32:09,INFO,AuthService,User u3108 login successful,E101,User {user} login successful
69364,2026-01-14,23:51:31,INFO,WebServer,User u3677 login successful,E101,User {user} login successful
69365,2026-01-14,23:58:13,INFO,AuthService,Health check passed: AuthService,E102,Health check passed: {service}
69366,2026-01-14,23:30:58,INFO,PaymentGateway,Transaction tx168714 completed in 380ms,E104,Transaction {tx} completed in {time}ms
69367,2026-01-14,23:06:36,INFO,AuthService,Health check passed: AuthService,E102,Health check passed: {service}
69368,2026-01-14,23:31:53,INFO,WebServer,Health check passed: WebServer,E102,Health check passed: {service}
69369,2026-01-14,23:39:10,INFO,AuthService,User u1178 login successful,E101,User {user} login successful
69370,2026-01-14,23:08:24,INFO,OrderProcessor,User u2853 login successful,E101,User {user} login successful
69371,2026-01-14,23:10:42,INFO,WebServer,Page view: /home by u2696,E103,Page view: {page} by {user}
69372,2026-01-14,23:36:48,INFO,WebServer,Page view: /home by u3149,E103,Page view: {page} by {user}
69373,2026-01-14,23:12:02,INFO,OrderProcessor,Health check passed: OrderProcessor,E102,Health check passed: {service}
69374,2026-01-14,23:44:10,INFO,InventoryDB,User u1416 login successful,E101,User {user} login successful
69375,2026-01-14,23:41:21,INFO,WebServer,Health check passed: WebServer,E102,Health check passed: {service}
69376,2026-01-14,23:40:13,INFO,InventoryDB,User u2480 login successful,E101,User {user} login successful
69377,2026-01-14,23:22:25,INFO,OrderProcessor,Health check passed: OrderProcessor,E102,Health check passed: {service}
69378,2026-01-14,23:23:58,INFO,OrderProcessor,Transaction tx624488 completed in 1790ms,E104,Transaction {tx} completed in {time}ms
69379,2026-01-14,23:03:18,INFO,WebServer,Page view: /home by u4275,E103,Page view: {page} by {user}
69380,2026-01-14,23:37:50,WARN,PaymentGateway,Disk usage > 85% on node node-4,E202,Disk usage > 85% on node {node}
69381,2026-01-14,23:33:36,INFO,WebServer,Page view: /home by u2014,E103,Page view: {page} by {user}
69382,2026-01-14,23:10:48,INFO,WebServer,Page view: /home by u1919,E103,Page view: {page} by {user}
69383,2026-01-14,23:11:21,WARN,PaymentGateway,Unauthorized access attempt from 10.0.0.12,E401,Unauthorized access attempt from {ip}
69384,2026-01-14,23:42:37,INFO,WebServer,User u1233 login successful,E101,User {user} login successful
69385,2026-01-14,23:20:42,WARN,WebServer,Disk usage > 85% on node node-5,E202,Disk usage > 85% on node {node}
69386,2026-01-14,23:02:25,ERROR,WebServer,Connection refused to WebServer at 10.0.0.88,E501,Connection refused to {service} at {ip}
69387,2026-01-14,23:19:14,INFO,WebServer,Page view: /home by u4665,E103,Page view: {page} by {user}
69388,2026-01-14,23:52:25,INFO,WebServer,Transaction tx626051 completed in 1920ms,E104,Transaction {tx} completed in {time}ms
69389,2026-01-14,23:01:54,INFO,WebServer,Transaction tx110906 completed in 1507ms,E104,Transaction {tx} completed in {time}ms
69390,2026-01-14,23:34:37,INFO,WebServer,Transaction tx233202 completed in 480ms,E104,Transaction {tx} completed in {time}ms
69391,2026-01-14,23:38:31,INFO,AuthService,User u3098 login successful,E101,User {user} login successful
69392,2026-01-14,23:34:50,INFO,WebServer,User u3434 login successful,E101,User {user} login successful
69393,2026-01-14,23:29:50,INFO,AuthService,Transaction tx528400 completed in 970ms,E104,Transaction {tx} completed in {time}ms
69394,2026-01-14,23:33:42,WARN,PaymentGateway,High latency (1045ms) detected on PaymentGateway,E201,High latency ({time}ms) detected on {service}
69395,2026-01-14,23:32:15,INFO,WebServer,Health check passed: WebServer,E102,Health check passed: {service}
69396,2026-01-14,23:56:23,INFO,OrderProcessor,Transaction tx105446 completed in 1723ms,E104,Transaction {tx} completed in {time}ms
69397,2026-01-14,23:38:29,INFO,WebServer,User u3585 login successful,E101,User {user} login successful
69398,2026-01-14,23:13:26,INFO,AuthService,Transaction tx543996 completed in 153ms,E104,Transaction {tx} completed in {time}ms
69399,2026-01-14,23:30:40,INFO,WebServer,Transaction tx509085 completed in 1567ms,E104,Transaction {tx} completed in {time}ms
69400,2026-01-14,23:16:53,INFO,InventoryDB,Transaction tx531884 completed in 1456ms,E104,Transaction {tx} completed in {time}ms
69401,2026-01-14,23:34:59,WARN,AuthService,Unauthorized access attempt from 10.0.0.88,E401,Unauthorized access attempt from {ip}
69402,2026-01-14,23:54:17,INFO,WebServer,Health check passed: WebServer,E102,Health check passed: {service}
69403,2026-01-14,23:14:46,INFO,OrderProcessor,Transaction tx911811 completed in 774ms,E104,Transaction {tx} completed in {time}ms
69404,2026-01-14,23:47:05,INFO,WebServer,User u4701 login successful,E101,User {user} login successful
69405,2026-01-14,23:04:54,INFO,InventoryDB,User u3324 login successful,E101,User {user} login successful
69406,2026-01-14,23:41:14,INFO,WebServer,User u2237 login successful,E101,User {user} login successful
69407,2026-01-14,23:20:20,WARN,AuthService,High latency (475ms) detected on AuthService,E201,High latency ({time}ms) detected on {service}
69408,2026-01-14,23:40:27,INFO,WebServer,Page view: /home by u3414,E103,Page view: {page} by {user}
69409,2026-01-14,23:05:06,INFO,WebServer,Transaction tx779410 completed in 366ms,E104,Transaction {tx} completed in {time}ms
69410,2026-01-14,23:12:23,INFO,AuthService,Transaction tx884672 completed in 500ms,E104,Transaction {tx} completed in {time}ms
69411,2026-01-14,23:49:56,INFO,InventoryDB,Transaction tx857798 completed in 1754ms,E104,Transaction {tx} completed in {time}ms
69412,2026-01-14,23:14:01,INFO,WebServer,Page view: /home by u1688,E103,Page view: {page} by {user}
69413,2026-01-14,23:45:23,INFO,WebServer,Transaction tx915028 completed in 510ms,E104,Transaction {tx} completed in {time}ms
69414,2026-01-14,23:42:24,INFO,InventoryDB,Page view: /home by u3433,E103,Page view: {page} by {user}
69415,2026-01-14,23:45:21,INFO,AuthService,User u1796 login successful,E101,User {user} login successful
69416,2026-01-14,23:26:47,INFO,AuthService,Page view: /home by u1318,E103,Page view: {page} by {user}
69417,2026-01-14,23:19:48,INFO,AuthService,Transaction tx288364 completed in 1691ms,E104,Transaction {tx} completed in {time}ms
69418,2026-01-14,23:48:43,INFO,AuthService,Health check passed: AuthService,E102,Health check passed: {service}
69419,2026-01-14,23:19:45,INFO,WebServer,Health check passed: WebServer,E102,Health check passed: {service}
69420,2026-01-14,23:21:57,INFO,WebServer,User u4784 login successful,E101,User {user} login successful
69421,2026-01-14,23:29:13,INFO,OrderProcessor,Transaction tx771190 completed in 1964ms,E104,Transaction {tx} completed in {time}ms
69422,2026-01-14,23:39:05,INFO,WebServer,Page view: /home by u4139,E103,Page view: {page} by {user}
69423,2026-01-14,23:44:42,INFO,PaymentGateway,Page view: /home by u2357,E103,Page view: {page} by {user}
69424,2026-01-14,23:50:42,INFO,WebServer,User u3591 login successful,E101,User {user} login successful
69425,2026-01-14,23:30:29,INFO,AuthService,Health check passed: AuthService,E102,Health check passed: {service}
69426,2026-01-14,23:28:27,INFO,PaymentGateway,User u4965 login successful,E101,User {user} login successful
69427,2026-01-14,23:43:08,INFO,WebServer,User u2423 login successful,E101,User {user} login successful
69428,2026-01-14,23:09:52,INFO,WebServer,Transaction tx160306 completed in 775ms,E104,Transaction {tx} completed in {time}ms
69429,2026-01-14,23:14:13,INFO,OrderProcessor,Page view: /home by u1214,E103,Page view: {page} by {user}
69430,2026-01-14,23:48:00,INFO,WebServer,Transaction tx412400 completed in 1782ms,E104,Transaction {tx} completed in {time}ms
69431,2026-01-14,23:55:08,INFO,AuthService,Page view: /home by u4082,E103,Page view: {page} by {user}
69432,2026-01-14,23:39:04,INFO,WebServer,Health check passed: WebServer,E102,Health check passed: {service}
69433,2026-01-14,23:46:55,INFO,OrderProcessor,Health check passed: OrderProcessor,E102,Health check passed: {service}
69434,2026-01-14,23:12:42,INFO,AuthService,Transaction tx711800 completed in 295ms,E104,Transaction {tx} completed in {time}ms
69435,2026-01-14,23:12:51,INFO,OrderProcessor,Health check passed: OrderProcessor,E102,Health check passed: {service}
69436,2026-01-14,23:51:11,INFO,WebServer,Health check passed: WebServer,E102,Health check passed: {service}
69437,2026-01-14,23:37:20,INFO,WebServer,Health check passed: WebServer,E102,Health check passed: {service}
69438,2026-01-14,23:03:25,INFO,OrderProcessor,User u2120 login successful,E101,User {user} login successful
69439,2026-01-14,23:48:18,INFO,WebServer,Page view: /home by u4658,E103,Page view: {page} by {user}
69440,2026-01-14,23:40:47,INFO,AuthService,Health check passed: AuthService,E102,Health check passed: {service}
69441,2026-01-14,23:47:31,INFO,WebServer,User u4538 login successful,E101,User {user} login successful
69442,2026-01-14,23:03:32,INFO,WebServer,Page view: /home by u2631,E103,Page view: {page} by {user}
69443,2026-01-14,23:02:43,WARN,WebServer,Disk usage > 85% on node node-5,E202,Disk usage > 85% on node {node}
69444,2026-01-14,23:06:18,INFO,OrderProcessor,Page view: /home by u3333,E103,Page view: {page} by {user}
69445,2026-01-14,23:18:22,INFO,WebServer,User u4378 login successful,E101,User {user} login successful
69446,2026-01-14,23:59:27,INFO,WebServer,User u1828 login successful,E101,User {user} login successful
69447,2026-01-14,23:56:00,INFO,OrderProcessor,Transaction tx917407 completed in 773ms,E104,Transaction {tx} completed in {time}ms
69448,2026-01-14,23:32:24,INFO,AuthService,User u2682 login successful,E101,User {user} login successful
69449,2026-01-14,23:42:51,INFO,WebServer,Transaction tx930128 completed in 1345ms,E104,Transaction {tx} completed in {time}ms
69450,2026-01-14,23:00:36,INFO,AuthService,Page view: /home by u3111,E103,Page view: {page} by {user}
69451,2026-01-14,23:05:38,INFO,PaymentGateway,Page view: /home by u1507,E103,Page view: {page} by {user}
69452,2026-01-14,23:49:17,INFO,AuthService,User u4859 login successful,E101,User {user} login successful
69453,2026-01-14,23:55:54,INFO,WebServer,Page view: /home by u2021,E103,Page view: {page} by {user}
69454,2026-01-14,23:29:08,INFO,OrderProcessor,Health check passed: OrderProcessor,E102,Health check passed: {service}
69455,2026-01-14,23:18:12,INFO,WebServer,Page view: /home by u3679,E103,Page view: {page} by {user}
69456,2026-01-14,23:34:33,INFO,OrderProcessor,Health check passed: OrderProcessor,E102,Health check passed: {service}
69457,2026-01-14,23:17:19,INFO,WebServer,Page view: /home by u3289,E103,Page view: {page} by {user}
69458,2026-01-14,23:05:52,INFO,OrderProcessor,Page view: /home by u1874,E103,Page view: {page} by {user}
69459,2026-01-14,23:58:59,INFO,WebServer,User u1096 login successful,E101,User {user} login successful
69460,2026-01-14,23:12:17,INFO,WebServer,Page view: /home by u4749,E103,Page view: {page} by {user}
69461,2026-01-14,23:07:48,INFO,AuthService,User u2712 login successful,E101,User {user} login successful
69462,2026-01-14,23:22:54,INFO,AuthService,User u2550 login successful,E101,User {user} login successful
69463,2026-01-14,23:47:16,INFO,AuthService,Transaction tx222067 completed in 1452ms,E104,Transaction {tx} completed in {time}ms
69464,2026-01-14,23:26:35,INFO,InventoryDB,User u2819 login successful,E101,User {user} login successful
69465,2026-01-14,23:30:57,INFO,WebServer,Page view: /home by u2395,E103,Page view: {page} by {user}
69466,2026-01-14,23:58:26,INFO,OrderProcessor,User u2577 login successful,E101,User {user} login successful
69467,2026-01-14,23:19:06,INFO,OrderProcessor,Page view: /home by u4506,E103,Page view: {page} by {user}
69468,2026-01-14,23:50:11,INFO,WebServer,Page view: /home by u2948,E103,Page view: {page} by {user}
69469,2026-01-14,23:01:16,INFO,WebServer,Page view: /home by u3558,E103,Page view: {page} by {user}
69470,2026-01-14,23:27:24,INFO,AuthService,Page view: /home by u1742,E103,Page view: {page} by {user}
69471,2026-01-14,23:24:03,INFO,AuthService,Health check passed: AuthService,E102,Health check passed: {service}
69472,2026-01-14,23:45:17,INFO,OrderProcessor,Page view: /home by u3296,E103,Page view: {page} by {user}
69473,2026-01-14,23:15:01,INFO,WebServer,User u1616 login successful,E101,User {user} login successful
69474,2026-01-14,23:37:11,INFO,WebServer,Transaction tx838157 completed in 708ms,E104,Transaction {tx} completed in {time}ms
69475,2026-01-14,23:51:12,INFO,OrderProcessor,Transaction tx715489 completed in 502ms,E104,Transaction {tx} completed in {time}ms
69476,2026-01-14,23:31:11,INFO,WebServer,User u3062 login successful,E101,User {user} login successful
69477,2026-01-14,23:16:56,INFO,AuthService,Transaction tx193794 completed in 115ms,E104,Transaction {tx} completed in {time}ms
69478,2026-01-14,23:03:54,INFO,WebServer,Transaction tx486472 completed in 990ms,E104,Transaction {tx} completed in {time}ms
69479,2026-01-14,23:21:27,INFO,WebServer,Health check passed: WebServer,E102,Health check passed: {service}
69480,2026-01-14,23:14:19,INFO,WebServer,User u2521 login successful,E101,User {user} login successful
69481,2026-01-14,23:23:24,WARN,WebServer,Disk usage > 85% on node node-1,E202,Disk usage > 85% on node {node}
69482,2026-01-14,23:56:02,INFO,OrderProcessor,Health check passed: OrderProcessor,E102,Health check passed: {service}
69483,2026-01-14,23:17:03,INFO,WebServer,User u3568 login successful,E101,User {user} login successful
69484,2026-01-14,23:06:59,INFO,WebServer,Health check passed: WebServer,E102,Health check passed: {service}
69485,2026-01-14,23:29:11,INFO,WebServer,Transaction tx243182 completed in 57ms,E104,Transaction {tx} completed in {time}ms
69486,2026-01-14,23:58:16,INFO,WebServer,Transaction tx648142 completed in 190ms,E104,Transaction {tx} completed in {time}ms
69487,2026-01-14,23:03:26,INFO,AuthService,Page view: /home by u2149,E103,Page view: {page} by {user}
69488,2026-01-14,23:52:57,WARN,WebServer,High latency (1897ms) detected on WebServer,E201,High latency ({time}ms) detected on {service}
69489,2026-01-14,23:31:42,INFO,WebServer,Health check passed: WebServer,E102,Health check passed: {service}
69490,2026-01-14,23:04:35,INFO,AuthService,Transaction tx427416 completed in 726ms,E104,Transaction {tx} completed in {time}ms
69491,2026-01-14,23:41:29,INFO,OrderProcessor,Transaction tx868209 completed in 499ms,E104,Transaction {tx} completed in {time}ms
69492,2026-01-14,23:35:07,INFO,WebServer,Page view: /home by u3014,E103,Page view: {page} by {user}
69493,2026-01-14,23:38:44,INFO,OrderProcessor,Health check passed: OrderProcessor,E102,Health check passed: {service}
69494,2026-01-14,23:16:19,INFO,WebServer,Page view: /home by u3800,E103,Page view: {page} by {user}
69495,2026-01-14,23:03:28,INFO,WebServer,User u3787 login successful,E101,User {user} login successful
69496,2026-01-14,23:08:46,INFO,OrderProcessor,User u2403 login successful,E101,User {user} login successful
69497,2026-01-14,23:09:42,INFO,WebServer,Transaction tx201587 completed in 358ms,E104,Transaction {tx} completed in {time}ms
69498,2026-01-14,23:04:19,INFO,OrderProcessor,User u2596 login successful,E101,User {user} login successful
69499,2026-01-14,23:46:23,INFO,WebServer,User u1305 login successful,E101,User {user} login successful
69500,2026-01-14,23:44:05,INFO,WebServer,Page view: /home by u4675,E103,Page view: {page} by {user}
69501,2026-01-14,23:37:53,INFO,OrderProcessor,User u3724 login successful,E101,User {user} login successful
69502,2026-01-14,23:47:48,ERROR,WebServer,Connection refused to WebServer at 10.0.0.12,E501,Connection refused to {service} at {ip}
69503,2026-01-14,23:51:03,INFO,AuthService,Page view: /home by u2680,E103,Page view: {page} by {user}
69504,2026-01-14,23:50:23,INFO,WebServer,Health check passed: WebServer,E102,Health check passed: {service}
69505,2026-01-14,23:44:55,INFO,AuthService,User u1964 login successful,E101,User {user} login successful
69506,2026-01-14,23:48:48,INFO,WebServer,Page view: /home by u3262,E103,Page view: {page} by {user}
69507,2026-01-14,23:26:15,INFO,AuthService,Transaction tx788946 completed in 881ms,E104,Transaction {tx} completed in {time}ms
69508,2026-01-14,23:06:38,INFO,PaymentGateway,Page view: /home by u1465,E103,Page view: {page} by {user}
69509,2026-01-14,23:25:45,INFO,WebServer,Transaction tx591080 completed in 1409ms,E104,Transaction {tx} completed in {time}ms
69510,2026-01-14,23:09:17,INFO,WebServer,User u3050 login successful,E101,User {user} login successful
69511,2026-01-14,23:23:17,INFO,AuthService,Health check passed: AuthService,E102,Health check passed: {service}
69512,2026-01-14,23:09:23,INFO,InventoryDB,Health check passed: InventoryDB,E102,Health check passed: {service}
69513,2026-01-14,23:37:20,INFO,AuthService,User u2948 login successful,E101,User {user} login successful
69514,2026-01-14,23:38:12,INFO,WebServer,Health check passed: WebServer,E102,Health check passed: {service}
69515,2026-01-14,23:32:12,INFO,WebServer,Health check passed: WebServer,E102,Health check passed: {service}
69516,2026-01-14,23:26:58,INFO,OrderProcessor,Health check passed: OrderProcessor,E102,Health check passed: {service}
69517,2026-01-14,23:20:37,INFO,WebServer,Page view: /home by u3363,E103,Page view: {page} by {user}
69518,2026-01-14,23:15:07,INFO,OrderProcessor,User u3682 login successful,E101,User {user} login successful
69519,2026-01-14,23:45:23,INFO,WebServer,Transaction tx547757 completed in 1054ms,E104,Transaction {tx} completed in {time}ms
69520,2026-01-14,23:00:36,INFO,WebServer,Transaction tx431899 completed in 943ms,E104,Transaction {tx} completed in {time}ms
69521,2026-01-14,23:54:51,INFO,WebServer,User u4004 login successful,E101,User {user} login successful
69522,2026-01-14,23:58:58,INFO,AuthService,Transaction tx417550 completed in 1258ms,E104,Transaction {tx} completed in {time}ms
69523,2026-01-14,23:54:06,INFO,AuthService,User u1170 login successful,E101,User {user} login successful
69524,2026-01-14,23:59:06,INFO,WebServer,Health check passed: WebServer,E102,Health check passed: {service}
69525,2026-01-14,23:09:34,INFO,WebServer,User u4494 login successful,E101,User {user} login successful
69526,2026-01-14,23:20:38,INFO,AuthService,Page view: /home by u4063,E103,Page view: {page} by {user}
69527,2026-01-14,23:05:38,INFO,OrderProcessor,Transaction tx289455 completed in 1341ms,E104,Transaction {tx} completed in {time}ms
69528,2026-01-14,23:42:41,ERROR,WebServer,Connection refused to WebServer at 10.0.0.45,E501,Connection refused to {service} at {ip}
69529,2026-01-14,23:43:46,WARN,InventoryDB,Unauthorized access attempt from 10.0.0.88,E401,Unauthorized access attempt from {ip}
69530,2026-01-14,23:18:10,WARN,AuthService,Unauthorized access attempt from 10.0.0.45,E401,Unauthorized access attempt from {ip}
69531,2026-01-14,23:31:33,INFO,WebServer,Health check passed: WebServer,E102,Health check passed: {service}
69532,2026-01-14,23:19:17,INFO,WebServer,Health check passed: WebServer,E102,Health check passed: {service}
69533,2026-01-14,23:57:29,INFO,WebServer,Page view: /home by u1403,E103,Page view: {page} by {user}
69534,2026-01-14,23:53:20,INFO,WebServer,User u2195 login successful,E101,User {user} login successful
69535,2026-01-14,23:33:09,INFO,OrderProcessor,Health check passed: OrderProcessor,E102,Health check passed: {service}
69536,2026-01-14,23:20:38,INFO,AuthService,User u1623 login successful,E101,User {user} login successful
69537,2026-01-14,23:09:07,INFO,OrderProcessor,Health check passed: OrderProcessor,E102,Health check passed: {service}
69538,2026-01-14,23:03:18,INFO,OrderProcessor,Health check passed: OrderProcessor,E102,Health check passed: {service}
69539,2026-01-14,23:39:01,INFO,AuthService,User u3296 login successful,E101,User {user} login successful
69540,2026-01-14,23:19:47,INFO,OrderProcessor,Health check passed: OrderProcessor,E102,Health check passed: {service}
69541,2026-01-14,23:38:32,INFO,WebServer,Transaction tx487546 completed in 1479ms,E104,Transaction {tx} completed in {time}ms
69542,2026-01-14,23:16:22,INFO,WebServer,User u1138 login successful,E101,User {user} login successful
69543,2026-01-14,23:13:46,WARN,WebServer,Disk usage > 85% on node node-5,E202,Disk usage > 85% on node {node}
69544,2026-01-14,23:40:52,INFO,InventoryDB,Page view: /home by u3697,E103,Page view: {page} by {user}
69545,2026-01-14,23:23:02,INFO,WebServer,Transaction tx817777 completed in 276ms,E104,Transaction {tx} completed in {time}ms
69546,2026-01-14,23:34:29,INFO,PaymentGateway,Health check passed: PaymentGateway,E102,Health check passed: {service}
69547,2026-01-14,23:56:36,CRITICAL,InventoryDB,DATA CORRUPTION detected in sector 112,E602,DATA CORRUPTION detected in sector {sector}
69548,2026-01-14,23:53:39,INFO,WebServer,Transaction tx203518 completed in 1557ms,E104,Transaction {tx} completed in {time}ms
69549,2026-01-14,23:27:36,INFO,WebServer,Health check passed: WebServer,E102,Health check passed: {service}
69550,2026-01-14,23:25:48,INFO,WebServer,Health check passed: WebServer,E102,Health check passed: {service}
69551,2026-01-14,23:10:53,INFO,WebServer,Health check passed: WebServer,E102,Health check passed: {service}
69552,2026-01-14,23:49:52,INFO,AuthService,User u2855 login successful,E101,User {user} login successful
69553,2026-01-14,23:09:59,INFO,WebServer,Page view: /home by u2844,E103,Page view: {page} by {user}
69554,2026-01-14,23:28:43,INFO,InventoryDB,User u4703 login successful,E101,User {user} login successful
69555,2026-01-14,23:29:02,INFO,PaymentGateway,Transaction tx909383 completed in 317ms,E104,Transaction {tx} completed in {time}ms
69556,2026-01-14,23:05:48,INFO,WebServer,Transaction tx921728 completed in 1838ms,E104,Transaction {tx} completed in {time}ms
69557,2026-01-14,23:33:56,INFO,WebServer,Page view: /home by u3422,E103,Page view: {page} by {user}
69558,2026-01-14,23:55:02,INFO,WebServer,Transaction tx222492 completed in 1090ms,E104,Transaction {tx} completed in {time}ms
69559,2026-01-14,23:01:36,INFO,WebServer,Page view: /home by u2485,E103,Page view: {page} by {user}
69560,2026-01-14,23:12:05,INFO,WebServer,Transaction tx512812 completed in 1954ms,E104,Transaction {tx} completed in {time}ms
69561,2026-01-14,23:20:52,INFO,AuthService,Transaction tx913438 completed in 1003ms,E104,Transaction {tx} completed in {time}ms
69562,2026-01-14,23:30:04,INFO,WebServer,Transaction tx913596 completed in 1321ms,E104,Transaction {tx} completed in {time}ms
69563,2026-01-14,23:20:14,INFO,WebServer,Transaction tx531567 completed in 309ms,E104,Transaction {tx} completed in {time}ms
69564,2026-01-14,23:27:40,INFO,AuthService,Page view: /home by u1479,E103,Page view: {page} by {user}
69565,2026-01-14,23:49:34,INFO,WebServer,User u1567 login successful,E101,User {user} login successful
69566,2026-01-14,23:33:11,INFO,WebServer,Health check passed: WebServer,E102,Health check passed: {service}
69567,2026-01-14,23:26:28,INFO,InventoryDB,Page view: /home by u1712,E103,Page view: {page} by {user}
69568,2026-01-14,23:14:55,INFO,AuthService,Transaction tx744927 completed in 1747ms,E104,Transaction {tx} completed in {time}ms
69569,2026-01-14,23:33:16,INFO,AuthService,Page view: /home by u1971,E103,Page view: {page} by {user}
69570,2026-01-14,23:42:41,INFO,OrderProcessor,Health check passed: OrderProcessor,E102,Health check passed: {service}
69571,2026-01-14,23:00:44,INFO,WebServer,User u4293 login successful,E101,User {user} login successful
69572,2026-01-14,23:20:55,INFO,WebServer,Page view: /home by u2444,E103,Page view: {page} by {user}
69573,2026-01-14,23:49:54,INFO,PaymentGateway,Page view: /home by u4399,E103,Page view: {page} by {user}
69574,2026-01-14,23:04:55,INFO,OrderProcessor,User u3419 login successful,E101,User {user} login successful
69575,2026-01-14,23:38:51,INFO,WebServer,User u3414 login successful,E101,User {user} login successful
69576,2026-01-14,23:15:29,INFO,InventoryDB,Transaction tx171259 completed in 1946ms,E104,Transaction {tx} completed in {time}ms
69577,2026-01-14,23:16:33,INFO,WebServer,User u4264 login successful,E101,User {user} login successful
69578,2026-01-14,23:23:35,WARN,WebServer,Disk usage > 85% on node node-2,E202,Disk usage > 85% on node {node}
69579,2026-01-14,23:52:15,INFO,OrderProcessor,Page view: /home by u1614,E103,Page view: {page} by {user}
69580,2026-01-14,23:55:29,INFO,WebServer,Page view: /home by u4949,E103,Page view: {page} by {user}
69581,2026-01-14,23:05:21,INFO,AuthService,User u4038 login successful,E101,User {user} login successful
69582,2026-01-14,23:26:22,INFO,PaymentGateway,User u4334 login successful,E101,User {user} login successful
69583,2026-01-14,23:44:46,INFO,WebServer,User u3968 login successful,E101,User {user} login successful
69584,2026-01-14,23:40:14,INFO,WebServer,Transaction tx927852 completed in 1803ms,E104,Transaction {tx} completed in {time}ms
69585,2026-01-14,23:00:08,INFO,WebServer,Health check passed: WebServer,E102,Health check passed: {service}
69586,2026-01-14,23:05:03,INFO,WebServer,User u3331 login successful,E101,User {user} login successful
69587,2026-01-14,23:50:29,INFO,OrderProcessor,Transaction tx685882 completed in 1044ms,E104,Transaction {tx} completed in {time}ms
69588,2026-01-14,23:39:55,INFO,WebServer,User u1649 login successful,E101,User {user} login successful
69589,2026-01-14,23:16:01,INFO,OrderProcessor,User u3160 login successful,E101,User {user} login successful
69590,2026-01-14,23:36:40,INFO,PaymentGateway,User u1429 login successful,E101,User {user} login successful
69591,2026-01-14,23:48:31,INFO,WebServer,Health check passed: WebServer,E102,Health check passed: {service}
69592,2026-01-14,23:35:17,INFO,InventoryDB,User u3220 login successful,E101,User {user} login successful
69593,2026-01-14,23:15:02,INFO,WebServer,Transaction tx999608 completed in 585ms,E104,Transaction {tx} completed in {time}ms
69594,2026-01-14,23:26:31,WARN,PaymentGateway,High latency (192ms) detected on PaymentGateway,E201,High latency ({time}ms) detected on {service}
69595,2026-01-14,23:54:29,INFO,WebServer,Transaction tx187972 completed in 1994ms,E104,Transaction {tx} completed in {time}ms
69596,2026-01-14,23:45:34,INFO,WebServer,Health check passed: WebServer,E102,Health check passed: {service}
69597,2026-01-14,23:31:04,INFO,WebServer,Page view: /home by u4894,E103,Page view: {page} by {user}
69598,2026-01-14,23:13:29,INFO,WebServer,Page view: /home by u2297,E103,Page view: {page} by {user}
69599,2026-01-14,23:01:03,INFO,WebServer,Page view: /home by u4997,E103,Page view: {page} by {user}
69600,2026-01-14,23:57:43,INFO,WebServer,Health check passed: WebServer,E102,Health check passed: {service}
69601,2026-01-15,00:19:55,INFO,InventoryDB,Page view: /home by u1728,E103,Page view: {page} by {user}
69602,2026-01-15,00:30:37,INFO,OrderProcessor,Health check passed: OrderProcessor,E102,Health check passed: {service}
69603,2026-01-15,00:38:47,INFO,AuthService,Page view: /home by u3908,E103,Page view: {page} by {user}
69604,2026-01-15,00:20:35,INFO,WebServer,Page view: /home by u1858,E103,Page view: {page} by {user}
69605,2026-01-15,00:27:40,INFO,WebServer,Page view: /home by u4930,E103,Page view: {page} by {user}
69606,2026-01-15,00:57:21,INFO,AuthService,User u4075 login successful,E101,User {user} login successful
69607,2026-01-15,00:56:16,INFO,OrderProcessor,Health check passed: OrderProcessor,E102,Health check passed: {service}
69608,2026-01-15,00:23:24,INFO,InventoryDB,Page view: /home by u3510,E103,Page view: {page} by {user}
69609,2026-01-15,00:22:11,INFO,WebServer,Transaction tx320971 completed in 792ms,E104,Transaction {tx} completed in {time}ms
69610,2026-01-15,00:46:02,INFO,WebServer,User u1493 login successful,E101,User {user} login successful
69611,2026-01-15,00:43:29,INFO,PaymentGateway,Page view: /home by u1303,E103,Page view: {page} by {user}
69612,2026-01-15,00:14:37,INFO,AuthService,Transaction tx764334 completed in 135ms,E104,Transaction {tx} completed in {time}ms
69613,2026-01-15,00:18:42,INFO,InventoryDB,Page view: /home by u2006,E103,Page view: {page} by {user}
69614,2026-01-15,00:29:22,INFO,AuthService,Transaction tx856208 completed in 1624ms,E104,Transaction {tx} completed in {time}ms
69615,2026-01-15,00:27:04,INFO,PaymentGateway,Health check passed: PaymentGateway,E102,Health check passed: {service}
69616,2026-01-15,00:42:42,ERROR,OrderProcessor,Connection refused to OrderProcessor at 10.0.0.45,E501,Connection refused to {service} at {ip}
69617,2026-01-15,00:06:56,INFO,AuthService,Health check passed: AuthService,E102,Health check passed: {service}
69618,2026-01-15,00:18:49,INFO,AuthService,Page view: /home by u1394,E103,Page view: {page} by {user}
69619,2026-01-15,00:03:57,INFO,WebServer,Page view: /home by u4884,E103,Page view: {page} by {user}
69620,2026-01-15,00:03:17,INFO,WebServer,Transaction tx342136 completed in 1528ms,E104,Transaction {tx} completed in {time}ms
69621,2026-01-15,00:24:21,INFO,WebServer,Transaction tx415345 completed in 1817ms,E104,Transaction {tx} completed in {time}ms
69622,2026-01-15,00:08:45,INFO,WebServer,Transaction tx513424 completed in 117ms,E104,Transaction {tx} completed in {time}ms
69623,2026-01-15,00:08:02,WARN,WebServer,Disk usage > 85% on node node-1,E202,Disk usage > 85% on node {node}
69624,2026-01-15,00:06:00,INFO,PaymentGateway,User u2212 login successful,E101,User {user} login successful
69625,2026-01-15,00:45:17,INFO,WebServer,Health check passed: WebServer,E102,Health check passed: {service}
69626,2026-01-15,00:59:15,INFO,OrderProcessor,Transaction tx744290 completed in 76ms,E104,Transaction {tx} completed in {time}ms
69627,2026-01-15,00:27:15,WARN,WebServer,High latency (1623ms) detected on WebServer,E201,High latency ({time}ms) detected on {service}
69628,2026-01-15,00:26:55,INFO,WebServer,Transaction tx494131 completed in 573ms,E104,Transaction {tx} completed in {time}ms
69629,2026-01-15,00:40:47,INFO,InventoryDB,Page view: /home by u2692,E103,Page view: {page} by {user}
69630,2026-01-15,00:56:25,INFO,OrderProcessor,Page view: /home by u3086,E103,Page view: {page} by {user}
69631,2026-01-15,00:19:52,ERROR,WebServer,Timeout waiting for lock on InventoryDB,E502,Timeout waiting for lock on {db}
69632,2026-01-15,00:03:21,INFO,InventoryDB,Transaction tx485935 completed in 1208ms,E104,Transaction {tx} completed in {time}ms
69633,2026-01-15,00:32:47,INFO,WebServer,Health check passed: WebServer,E102,Health check passed: {service}
69634,2026-01-15,00:41:10,INFO,AuthService,Transaction tx359678 completed in 1831ms,E104,Transaction {tx} completed in {time}ms
69635,2026-01-15,00:54:35,INFO,WebServer,Health check passed: WebServer,E102,Health check passed: {service}
69636,2026-01-15,00:59:56,INFO,PaymentGateway,Health check passed: PaymentGateway,E102,Health check passed: {service}
69637,2026-01-15,00:42:35,INFO,OrderProcessor,User u4197 login successful,E101,User {user} login successful
69638,2026-01-15,00:11:07,INFO,AuthService,Health check passed: AuthService,E102,Health check passed: {service}
69639,2026-01-15,00:14:59,INFO,WebServer,Health check passed: WebServer,E102,Health check passed: {service}
69640,2026-01-15,00:26:36,INFO,WebServer,User u3355 login successful,E101,User {user} login successful
69641,2026-01-15,00:33:16,INFO,OrderProcessor,Transaction tx304637 completed in 1951ms,E104,Transaction {tx} completed in {time}ms
69642,2026-01-15,00:18:20,INFO,WebServer,Health check passed: WebServer,E102,Health check passed: {service}
69643,2026-01-15,00:07:24,INFO,WebServer,Page view: /home by u2692,E103,Page view: {page} by {user}
69644,2026-01-15,00:51:44,INFO,WebServer,Health check passed: WebServer,E102,Health check passed: {service}
69645,2026-01-15,00:35:04,INFO,WebServer,Health check passed: WebServer,E102,Health check passed: {service}
69646,2026-01-15,00:55:26,INFO,WebServer,Page view: /home by u2813,E103,Page view: {page} by {user}
69647,2026-01-15,00:53:36,INFO,OrderProcessor,Transaction tx917577 completed in 1830ms,E104,Transaction {tx} completed in {time}ms
69648,2026-01-15,00:02:26,INFO,WebServer,User u3145 login successful,E101,User {user} login successful
69649,2026-01-15,00:41:42,INFO,PaymentGateway,Health check passed: PaymentGateway,E102,Health check passed: {service}
69650,2026-01-15,00:28:48,WARN,OrderProcessor,Unauthorized access attempt from 10.0.0.12,E401,Unauthorized access attempt from {ip}
69651,2026-01-15,00:16:22,INFO,WebServer,Page view: /home by u2092,E103,Page view: {page} by {user}
69652,2026-01-15,00:15:29,INFO,WebServer,Page view: /home by u4229,E103,Page view: {page} by {user}
69653,2026-01-15,00:03:37,INFO,WebServer,Transaction tx236660 completed in 844ms,E104,Transaction {tx} completed in {time}ms
69654,2026-01-15,00:32:10,INFO,PaymentGateway,User u2425 login successful,E101,User {user} login successful
69655,2026-01-15,00:19:07,INFO,WebServer,Health check passed: WebServer,E102,Health check passed: {service}
69656,2026-01-15,00:39:13,INFO,WebServer,User u4758 login successful,E101,User {user} login successful
69657,2026-01-15,00:45:56,INFO,AuthService,User u1048 login successful,E101,User {user} login successful
69658,2026-01-15,00:21:49,INFO,WebServer,Transaction tx597142 completed in 1182ms,E104,Transaction {tx} completed in {time}ms
69659,2026-01-15,00:48:04,INFO,WebServer,Transaction tx355848 completed in 1163ms,E104,Transaction {tx} completed in {time}ms
69660,2026-01-15,01:47:34,INFO,WebServer,Health check passed: WebServer,E102,Health check passed: {service}
69661,2026-01-15,01:09:54,INFO,WebServer,User u4854 login successful,E101,User {user} login successful
69662,2026-01-15,01:16:18,INFO,WebServer,Transaction tx808980 completed in 877ms,E104,Transaction {tx} completed in {time}ms
69663,2026-01-15,01:21:02,INFO,OrderProcessor,Page view: /home by u4700,E103,Page view: {page} by {user}
69664,2026-01-15,01:08:43,INFO,WebServer,Transaction tx243256 completed in 770ms,E104,Transaction {tx} completed in {time}ms
69665,2026-01-15,01:34:58,INFO,WebServer,Transaction tx673104 completed in 609ms,E104,Transaction {tx} completed in {time}ms
69666,2026-01-15,01:00:15,INFO,PaymentGateway,Transaction tx285791 completed in 1564ms,E104,Transaction {tx} completed in {time}ms
69667,2026-01-15,01:59:53,INFO,WebServer,User u3102 login successful,E101,User {user} login successful
69668,2026-01-15,01:06:51,INFO,WebServer,Health check passed: WebServer,E102,Health check passed: {service}
69669,2026-01-15,01:52:13,INFO,AuthService,Page view: /home by u4828,E103,Page view: {page} by {user}
69670,2026-01-15,01:33:16,WARN,WebServer,Unauthorized access attempt from 10.0.0.45,E401,Unauthorized access attempt from {ip}
69671,2026-01-15,01:27:11,INFO,WebServer,User u4847 login successful,E101,User {user} login successful
69672,2026-01-15,01:20:01,INFO,WebServer,User u2638 login successful,E101,User {user} login successful
69673,2026-01-15,01:49:18,INFO,AuthService,Page view: /home by u2599,E103,Page view: {page} by {user}
69674,2026-01-15,01:58:55,INFO,AuthService,User u2138 login successful,E101,User {user} login successful
69675,2026-01-15,01:21:58,INFO,OrderProcessor,User u4168 login successful,E101,User {user} login successful
69676,2026-01-15,01:41:05,INFO,WebServer,Transaction tx506848 completed in 1405ms,E104,Transaction {tx} completed in {time}ms
69677,2026-01-15,01:02:50,INFO,WebServer,Page view: /home by u4964,E103,Page view: {page} by {user}
69678,2026-01-15,01:46:15,INFO,OrderProcessor,Transaction tx565941 completed in 541ms,E104,Transaction {tx} completed in {time}ms
69679,2026-01-15,01:34:43,INFO,WebServer,Page view: /home by u1181,E103,Page view: {page} by {user}
69680,2026-01-15,01:57:42,WARN,PaymentGateway,Disk usage > 85% on node node-3,E202,Disk usage > 85% on node {node}
69681,2026-01-15,01:07:22,INFO,PaymentGateway,Health check passed: PaymentGateway,E102,Health check passed: {service}
69682,2026-01-15,01:30:55,INFO,WebServer,User u2567 login successful,E101,User {user} login successful
69683,2026-01-15,01:40:55,INFO,AuthService,Health check passed: AuthService,E102,Health check passed: {service}
69684,2026-01-15,01:13:10,INFO,OrderProcessor,Health check passed: OrderProcessor,E102,Health check passed: {service}
69685,2026-01-15,01:31:27,INFO,PaymentGateway,Transaction tx151360 completed in 619ms,E104,Transaction {tx} completed in {time}ms
69686,2026-01-15,01:32:20,INFO,AuthService,Transaction tx886529 completed in 864ms,E104,Transaction {tx} completed in {time}ms
69687,2026-01-15,01:25:33,INFO,AuthService,Health check passed: AuthService,E102,Health check passed: {service}
69688,2026-01-15,01:27:15,INFO,OrderProcessor,User u2509 login successful,E101,User {user} login successful
69689,2026-01-15,01:14:32,INFO,WebServer,Page view: /home by u1798,E103,Page view: {page} by {user}
69690,2026-01-15,01:24:42,INFO,WebServer,Health check passed: WebServer,E102,Health check passed: {service}
69691,2026-01-15,01:07:11,INFO,InventoryDB,User u4354 login successful,E101,User {user} login successful
69692,2026-01-15,01:16:21,INFO,WebServer,Page view: /home by u2403,E103,Page view: {page} by {user}
69693,2026-01-15,01:41:44,INFO,WebServer,Page view: /home by u2899,E103,Page view: {page} by {user}
69694,2026-01-15,01:17:34,INFO,OrderProcessor,User u3102 login successful,E101,User {user} login successful
69695,2026-01-15,01:40:18,INFO,InventoryDB,Page view: /home by u1886,E103,Page view: {page} by {user}
69696,2026-01-15,01:11:57,INFO,OrderProcessor,Transaction tx791095 completed in 1465ms,E104,Transaction {tx} completed in {time}ms
69697,2026-01-15,01:17:30,INFO,WebServer,Health check passed: WebServer,E102,Health check passed: {service}
69698,2026-01-15,01:11:44,INFO,AuthService,Transaction tx521690 completed in 1537ms,E104,Transaction {tx} completed in {time}ms
69699,2026-01-15,01:05:35,INFO,OrderProcessor,Health check passed: OrderProcessor,E102,Health check passed: {service}
69700,2026-01-15,01:08:40,INFO,AuthService,Transaction tx613341 completed in 199ms,E104,Transaction {tx} completed in {time}ms
69701,2026-01-15,01:53:45,INFO,WebServer,Health check passed: WebServer,E102,Health check passed: {service}
69702,2026-01-15,01:56:31,INFO,WebServer,Transaction tx862217 completed in 494ms,E104,Transaction {tx} completed in {time}ms
69703,2026-01-15,01:56:58,WARN,WebServer,Disk usage > 85% on node node-1,E202,Disk usage > 85% on node {node}
69704,2026-01-15,01:59:36,INFO,AuthService,User u3676 login successful,E101,User {user} login successful
69705,2026-01-15,01:43:03,WARN,WebServer,High latency (1208ms) detected on WebServer,E201,High latency ({time}ms) detected on {service}
69706,2026-01-15,01:38:02,INFO,WebServer,Health check passed: WebServer,E102,Health check passed: {service}
69707,2026-01-15,01:40:48,INFO,AuthService,Page view: /home by u1713,E103,Page view: {page} by {user}
69708,2026-01-15,01:12:26,INFO,WebServer,Health check passed: WebServer,E102,Health check passed: {service}
69709,2026-01-15,01:07:13,INFO,WebServer,User u3356 login successful,E101,User {user} login successful
69710,2026-01-15,01:54:56,INFO,WebServer,User u2591 login successful,E101,User {user} login successful
69711,2026-01-15,01:10:35,INFO,WebServer,Transaction tx176792 completed in 1255ms,E104,Transaction {tx} completed in {time}ms
69712,2026-01-15,01:57:46,INFO,AuthService,Health check passed: AuthService,E102,Health check passed: {service}
69713,2026-01-15,01:16:17,INFO,WebServer,Page view: /home by u2018,E103,Page view: {page} by {user}
69714,2026-01-15,01:16:09,INFO,AuthService,Transaction tx523766 completed in 104ms,E104,Transaction {tx} completed in {time}ms
69715,2026-01-15,01:50:48,INFO,OrderProcessor,Page view: /home by u4414,E103,Page view: {page} by {user}
69716,2026-01-15,01:00:15,INFO,WebServer,Page view: /home by u2367,E103,Page view: {page} by {user}
69717,2026-01-15,01:52:40,INFO,WebServer,Health check passed: WebServer,E102,Health check passed: {service}
69718,2026-01-15,01:37:15,INFO,WebServer,Transaction tx777651 completed in 1728ms,E104,Transaction {tx} completed in {time}ms
69719,2026-01-15,02:46:32,INFO,WebServer,Transaction tx871054 completed in 888ms,E104,Transaction {tx} completed in {time}ms
69720,2026-01-15,02:28:23,INFO,InventoryDB,User u1112 login successful,E101,User {user} login successful
69721,2026-01-15,02:34:52,INFO,PaymentGateway,Page view: /home by u1516,E103,Page view: {page} by {user}
69722,2026-01-15,02:10:47,INFO,WebServer,Transaction tx894355 completed in 1987ms,E104,Transaction {tx} completed in {time}ms
69723,2026-01-15,02:15:04,INFO,WebServer,Health check passed: WebServer,E102,Health check passed: {service}
69724,2026-01-15,02:39:14,INFO,WebServer,User u4934 login successful,E101,User {user} login successful
69725,2026-01-15,02:05:23,INFO,AuthService,Page view: /home by u4274,E103,Page view: {page} by {user}
69726,2026-01-15,02:09:39,INFO,WebServer,Health check passed: WebServer,E102,Health check passed: {service}
69727,2026-01-15,02:57:07,INFO,PaymentGateway,Transaction tx139261 completed in 694ms,E104,Transaction {tx} completed in {time}ms
69728,2026-01-15,02:17:00,INFO,WebServer,Health check passed: WebServer,E102,Health check passed: {service}
69729,2026-01-15,02:18:26,INFO,WebServer,Health check passed: WebServer,E102,Health check passed: {service}
69730,2026-01-15,02:37:26,INFO,AuthService,Page view: /home by u2518,E103,Page view: {page} by {user}
69731,2026-01-15,02:36:40,INFO,WebServer,User u3460 login successful,E101,User {user} login successful
69732,2026-01-15,02:28:32,INFO,AuthService,User u3382 login successful,E101,User {user} login successful
69733,2026-01-15,02:38:20,INFO,PaymentGateway,Health check passed: PaymentGateway,E102,Health check passed: {service}
69734,2026-01-15,02:26:47,INFO,WebServer,Transaction tx254525 completed in 1455ms,E104,Transaction {tx} completed in {time}ms
69735,2026-01-15,02:26:08,INFO,AuthService,User u1464 login successful,E101,User {user} login successful
69736,2026-01-15,02:04:45,INFO,OrderProcessor,Page view: /home by u2683,E103,Page view: {page} by {user}
69737,2026-01-15,02:42:01,INFO,WebServer,User u1655 login successful,E101,User {user} login successful
69738,2026-01-15,02:48:01,INFO,AuthService,Transaction tx698694 completed in 787ms,E104,Transaction {tx} completed in {time}ms
69739,2026-01-15,02:56:36,INFO,PaymentGateway,Health check passed: PaymentGateway,E102,Health check passed: {service}
69740,2026-01-15,02:54:43,INFO,AuthService,Page view: /home by u3776,E103,Page view: {page} by {user}
69741,2026-01-15,02:56:26,INFO,OrderProcessor,User u3795 login successful,E101,User {user} login successful
69742,2026-01-15,02:09:22,INFO,WebServer,Transaction tx631791 completed in 583ms,E104,Transaction {tx} completed in {time}ms
69743,2026-01-15,02:29:10,INFO,OrderProcessor,User u4281 login successful,E101,User {user} login successful
69744,2026-01-15,02:19:45,INFO,OrderProcessor,Page view: /home by u3558,E103,Page view: {page} by {user}
69745,2026-01-15,02:07:17,INFO,WebServer,Health check passed: WebServer,E102,Health check passed: {service}
69746,2026-01-15,02:16:20,INFO,WebServer,Page view: /home by u3670,E103,Page view: {page} by {user}
69747,2026-01-15,02:41:17,INFO,WebServer,Transaction tx480408 completed in 128ms,E104,Transaction {tx} completed in {time}ms
69748,2026-01-15,02:32:38,INFO,AuthService,Health check passed: AuthService,E102,Health check passed: {service}
69749,2026-01-15,02:40:58,INFO,WebServer,User u1480 login successful,E101,User {user} login successful
69750,2026-01-15,02:39:16,INFO,AuthService,User u4208 login successful,E101,User {user} login successful
69751,2026-01-15,02:35:42,INFO,AuthService,Transaction tx523759 completed in 894ms,E104,Transaction {tx} completed in {time}ms
69752,2026-01-15,02:27:42,INFO,WebServer,Transaction tx198835 completed in 1270ms,E104,Transaction {tx} completed in {time}ms
69753,2026-01-15,02:03:19,INFO,WebServer,User u3047 login successful,E101,User {user} login successful
69754,2026-01-15,02:49:49,INFO,AuthService,Page view: /home by u3460,E103,Page view: {page} by {user}
69755,2026-01-15,02:03:33,INFO,WebServer,Transaction tx578773 completed in 36ms,E104,Transaction {tx} completed in {time}ms
69756,2026-01-15,02:49:42,INFO,OrderProcessor,User u4422 login successful,E101,User {user} login successful
69757,2026-01-15,02:58:26,INFO,AuthService,Health check passed: AuthService,E102,Health check passed: {service}
69758,2026-01-15,02:25:06,INFO,AuthService,Transaction tx939446 completed in 1710ms,E104,Transaction {tx} completed in {time}ms
69759,2026-01-15,02:40:42,INFO,WebServer,Transaction tx159442 completed in 1468ms,E104,Transaction {tx} completed in {time}ms
69760,2026-01-15,02:44:46,INFO,WebServer,Page view: /home by u2542,E103,Page view: {page} by {user}
69761,2026-01-15,02:42:24,INFO,InventoryDB,Health check passed: InventoryDB,E102,Health check passed: {service}
69762,2026-01-15,02:40:10,INFO,AuthService,Health check passed: AuthService,E102,Health check passed: {service}
69763,2026-01-15,02:08:03,INFO,WebServer,User u1276 login successful,E101,User {user} login successful
69764,2026-01-15,02:50:22,INFO,OrderProcessor,User u4719 login successful,E101,User {user} login successful
69765,2026-01-15,02:50:05,INFO,AuthService,User u3497 login successful,E101,User {user} login successful
69766,2026-01-15,02:36:38,INFO,PaymentGateway,Health check passed: PaymentGateway,E102,Health check passed: {service}
69767,2026-01-15,02:11:12,INFO,WebServer,User u3439 login successful,E101,User {user} login successful
69768,2026-01-15,02:44:22,INFO,WebServer,Transaction tx985201 completed in 689ms,E104,Transaction {tx} completed in {time}ms
69769,2026-01-15,02:57:03,INFO,WebServer,User u1567 login successful,E101,User {user} login successful
69770,2026-01-15,02:53:50,INFO,AuthService,Health check passed: AuthService,E102,Health check passed: {service}
69771,2026-01-15,02:07:55,INFO,WebServer,Health check passed: WebServer,E102,Health check passed: {service}
69772,2026-01-15,02:21:08,INFO,OrderProcessor,User u4119 login successful,E101,User {user} login successful
69773,2026-01-15,02:17:25,INFO,WebServer,Transaction tx897301 completed in 1829ms,E104,Transaction {tx} completed in {time}ms
69774,2026-01-15,02:35:36,INFO,OrderProcessor,Health check passed: OrderProcessor,E102,Health check passed: {service}
69775,2026-01-15,02:03:08,INFO,WebServer,Transaction tx202745 completed in 24ms,E104,Transaction {tx} completed in {time}ms
69776,2026-01-15,02:49:03,INFO,WebServer,Page view: /home by u2925,E103,Page view: {page} by {user}
69777,2026-01-15,02:23:18,INFO,WebServer,Page view: /home by u3840,E103,Page view: {page} by {user}
69778,2026-01-15,03:11:43,INFO,WebServer,Page view: /home by u4573,E103,Page view: {page} by {user}
69779,2026-01-15,03:07:37,WARN,AuthService,High latency (1667ms) detected on AuthService,E201,High latency ({time}ms) detected on {service}
69780,2026-01-15,03:32:40,INFO,WebServer,Health check passed: WebServer,E102,Health check passed: {service}
69781,2026-01-15,03:57:53,INFO,WebServer,Health check passed: WebServer,E102,Health check passed: {service}
69782,2026-01-15,03:37:01,INFO,AuthService,Health check passed: AuthService,E102,Health check passed: {service}
69783,2026-01-15,03:42:44,INFO,WebServer,User u4691 login successful,E101,User {user} login successful
69784,2026-01-15,03:19:54,INFO,WebServer,Transaction tx190373 completed in 1789ms,E104,Transaction {tx} completed in {time}ms
69785,2026-01-15,03:32:38,INFO,AuthService,Page view: /home by u1301,E103,Page view: {page} by {user}
69786,2026-01-15,03:48:33,INFO,WebServer,Transaction tx985542 completed in 692ms,E104,Transaction {tx} completed in {time}ms
69787,2026-01-15,03:40:12,INFO,WebServer,Page view: /home by u1147,E103,Page view: {page} by {user}
69788,2026-01-15,03:13:06,WARN,WebServer,Unauthorized access attempt from 10.0.0.10,E401,Unauthorized access attempt from {ip}
69789,2026-01-15,03:26:07,INFO,WebServer,User u2930 login successful,E101,User {user} login successful
69790,2026-01-15,03:31:19,INFO,OrderProcessor,Transaction tx856037 completed in 1027ms,E104,Transaction {tx} completed in {time}ms
69791,2026-01-15,03:05:38,WARN,InventoryDB,Unauthorized access attempt from 10.0.0.45,E401,Unauthorized access attempt from {ip}
69792,2026-01-15,03:06:58,INFO,WebServer,User u2568 login successful,E101,User {user} login successful
69793,2026-01-15,03:28:23,INFO,AuthService,User u2394 login successful,E101,User {user} login successful
69794,2026-01-15,03:29:33,INFO,AuthService,Transaction tx126700 completed in 1867ms,E104,Transaction {tx} completed in {time}ms
69795,2026-01-15,03:34:39,INFO,PaymentGateway,Health check passed: PaymentGateway,E102,Health check passed: {service}
69796,2026-01-15,03:20:25,INFO,WebServer,Transaction tx891724 completed in 1752ms,E104,Transaction {tx} completed in {time}ms
69797,2026-01-15,03:24:41,INFO,AuthService,Health check passed: AuthService,E102,Health check passed: {service}
69798,2026-01-15,03:26:38,INFO,WebServer,Health check passed: WebServer,E102,Health check passed: {service}
69799,2026-01-15,03:52:48,INFO,WebServer,Page view: /home by u1662,E103,Page view: {page} by {user}
69800,2026-01-15,03:08:53,INFO,WebServer,Transaction tx252541 completed in 1460ms,E104,Transaction {tx} completed in {time}ms
69801,2026-01-15,03:50:49,INFO,WebServer,Transaction tx180853 completed in 1775ms,E104,Transaction {tx} completed in {time}ms
69802,2026-01-15,03:46:37,CRITICAL,WebServer,DATA CORRUPTION detected in sector 821,E602,DATA CORRUPTION detected in sector {sector}
69803,2026-01-15,03:44:45,INFO,WebServer,User u4013 login successful,E101,User {user} login successful
69804,2026-01-15,03:31:31,INFO,PaymentGateway,Transaction tx693213 completed in 1715ms,E104,Transaction {tx} completed in {time}ms
69805,2026-01-15,03:05:16,INFO,OrderProcessor,User u2507 login successful,E101,User {user} login successful
69806,2026-01-15,03:00:11,INFO,PaymentGateway,Health check passed: PaymentGateway,E102,Health check passed: {service}
69807,2026-01-15,03:58:50,INFO,AuthService,Transaction tx803671 completed in 692ms,E104,Transaction {tx} completed in {time}ms
69808,2026-01-15,03:30:20,INFO,AuthService,Page view: /home by u2261,E103,Page view: {page} by {user}
69809,2026-01-15,03:12:17,INFO,AuthService,Page view: /home by u2631,E103,Page view: {page} by {user}
69810,2026-01-15,03:07:56,INFO,InventoryDB,Page view: /home by u3477,E103,Page view: {page} by {user}
69811,2026-01-15,03:51:51,INFO,WebServer,User u1595 login successful,E101,User {user} login successful
69812,2026-01-15,03:56:36,INFO,WebServer,Transaction tx409963 completed in 60ms,E104,Transaction {tx} completed in {time}ms
69813,2026-01-15,03:21:28,INFO,OrderProcessor,Transaction tx933551 completed in 1957ms,E104,Transaction {tx} completed in {time}ms
69814,2026-01-15,03:07:46,INFO,WebServer,Page view: /home by u3573,E103,Page view: {page} by {user}
69815,2026-01-15,03:22:50,WARN,InventoryDB,Unauthorized access attempt from 10.0.0.45,E401,Unauthorized access attempt from {ip}
69816,2026-01-15,03:57:39,INFO,AuthService,User u2236 login successful,E101,User {user} login successful
69817,2026-01-15,03:27:13,INFO,PaymentGateway,Transaction tx788571 completed in 1391ms,E104,Transaction {tx} completed in {time}ms
69818,2026-01-15,03:32:50,INFO,AuthService,Health check passed: AuthService,E102,Health check passed: {service}
69819,2026-01-15,03:10:21,INFO,OrderProcessor,Health check passed: OrderProcessor,E102,Health check passed: {service}
69820,2026-01-15,03:40:18,ERROR,WebServer,Timeout waiting for lock on InventoryDB,E502,Timeout waiting for lock on {db}
69821,2026-01-15,03:17:09,INFO,WebServer,User u3458 login successful,E101,User {user} login successful
69822,2026-01-15,03:26:35,INFO,OrderProcessor,User u4829 login successful,E101,User {user} login successful
69823,2026-01-15,03:53:19,INFO,WebServer,Transaction tx204528 completed in 1578ms,E104,Transaction {tx} completed in {time}ms
69824,2026-01-15,03:00:11,INFO,WebServer,User u2277 login successful,E101,User {user} login successful
69825,2026-01-15,03:52:48,INFO,WebServer,Transaction tx221840 completed in 533ms,E104,Transaction {tx} completed in {time}ms
69826,2026-01-15,03:38:15,INFO,WebServer,Page view: /home by u3735,E103,Page view: {page} by {user}
69827,2026-01-15,03:56:40,INFO,WebServer,Page view: /home by u1959,E103,Page view: {page} by {user}
69828,2026-01-15,03:06:44,INFO,OrderProcessor,Page view: /home by u4712,E103,Page view: {page} by {user}
69829,2026-01-15,03:01:07,INFO,WebServer,User u4380 login successful,E101,User {user} login successful
69830,2026-01-15,03:15:24,INFO,WebServer,Health check passed: WebServer,E102,Health check passed: {service}
69831,2026-01-15,03:14:36,INFO,WebServer,Transaction tx267035 completed in 519ms,E104,Transaction {tx} completed in {time}ms
69832,2026-01-15,03:05:32,INFO,WebServer,Transaction tx669758 completed in 1313ms,E104,Transaction {tx} completed in {time}ms
69833,2026-01-15,03:13:38,INFO,PaymentGateway,Page view: /home by u1791,E103,Page view: {page} by {user}
69834,2026-01-15,03:25:03,INFO,PaymentGateway,Page view: /home by u1257,E103,Page view: {page} by {user}
69835,2026-01-15,03:24:46,INFO,OrderProcessor,Health check passed: OrderProcessor,E102,Health check passed: {service}
69836,2026-01-15,03:07:41,INFO,WebServer,User u1512 login successful,E101,User {user} login successful
69837,2026-01-15,04:34:16,INFO,WebServer,Transaction tx600823 completed in 384ms,E104,Transaction {tx} completed in {time}ms
69838,2026-01-15,04:22:17,WARN,WebServer,Disk usage > 85% on node node-5,E202,Disk usage > 85% on node {node}
69839,2026-01-15,04:31:55,INFO,AuthService,User u3190 login successful,E101,User {user} login successful
69840,2026-01-15,04:24:36,CRITICAL,WebServer,KERNEL PANIC: Node node-4 crashed,E601,KERNEL PANIC: Node {node} crashed
69841,2026-01-15,04:00:22,INFO,AuthService,Transaction tx448062 completed in 1880ms,E104,Transaction {tx} completed in {time}ms
69842,2026-01-15,04:46:12,INFO,WebServer,User u1812 login successful,E101,User {user} login successful
69843,2026-01-15,04:19:59,WARN,WebServer,Disk usage > 85% on node node-4,E202,Disk usage > 85% on node {node}
69844,2026-01-15,04:03:00,INFO,WebServer,Health check passed: WebServer,E102,Health check passed: {service}
69845,2026-01-15,04:06:35,INFO,AuthService,Transaction tx727975 completed in 1822ms,E104,Transaction {tx} completed in {time}ms
69846,2026-01-15,04:24:17,WARN,OrderProcessor,Disk usage > 85% on node node-3,E202,Disk usage > 85% on node {node}
69847,2026-01-15,04:14:17,INFO,WebServer,Page view: /home by u3528,E103,Page view: {page} by {user}
69848,2026-01-15,04:16:27,INFO,AuthService,Transaction tx771786 completed in 876ms,E104,Transaction {tx} completed in {time}ms
69849,2026-01-15,04:31:05,INFO,WebServer,Health check passed: WebServer,E102,Health check passed: {service}
69850,2026-01-15,04:19:46,INFO,OrderProcessor,Health check passed: OrderProcessor,E102,Health check passed: {service}
69851,2026-01-15,04:17:34,INFO,WebServer,Health check passed: WebServer,E102,Health check passed: {service}
69852,2026-01-15,04:43:34,INFO,AuthService,Health check passed: AuthService,E102,Health check passed: {service}
69853,2026-01-15,04:45:09,INFO,AuthService,Health check passed: AuthService,E102,Health check passed: {service}
69854,2026-01-15,04:24:27,INFO,PaymentGateway,Transaction tx800337 completed in 419ms,E104,Transaction {tx} completed in {time}ms
69855,2026-01-15,04:27:58,INFO,OrderProcessor,Transaction tx486817 completed in 148ms,E104,Transaction {tx} completed in {time}ms
69856,2026-01-15,04:25:44,INFO,AuthService,Transaction tx413677 completed in 835ms,E104,Transaction {tx} completed in {time}ms
69857,2026-01-15,04:06:29,WARN,WebServer,Disk usage > 85% on node node-2,E202,Disk usage > 85% on node {node}
69858,2026-01-15,04:38:55,INFO,WebServer,Health check passed: WebServer,E102,Health check passed: {service}
69859,2026-01-15,04:27:23,INFO,WebServer,User u1568 login successful,E101,User {user} login successful
69860,2026-01-15,04:24:45,INFO,OrderProcessor,User u3338 login successful,E101,User {user} login successful
69861,2026-01-15,04:18:01,INFO,WebServer,Transaction tx729353 completed in 308ms,E104,Transaction {tx} completed in {time}ms
69862,2026-01-15,04:51:16,WARN,WebServer,High latency (109ms) detected on WebServer,E201,High latency ({time}ms) detected on {service}
69863,2026-01-15,04:33:18,INFO,PaymentGateway,User u3098 login successful,E101,User {user} login successful
69864,2026-01-15,04:45:43,INFO,PaymentGateway,Page view: /home by u3019,E103,Page view: {page} by {user}
69865,2026-01-15,04:40:26,INFO,PaymentGateway,Transaction tx458795 completed in 613ms,E104,Transaction {tx} completed in {time}ms
69866,2026-01-15,04:33:43,INFO,OrderProcessor,User u3481 login successful,E101,User {user} login successful
69867,2026-01-15,04:23:26,INFO,AuthService,Page view: /home by u2725,E103,Page view: {page} by {user}
69868,2026-01-15,04:54:16,INFO,OrderProcessor,Transaction tx681356 completed in 1416ms,E104,Transaction {tx} completed in {time}ms
69869,2026-01-15,04:09:27,INFO,WebServer,Page view: /home by u1356,E103,Page view: {page} by {user}
69870,2026-01-15,04:59:58,WARN,WebServer,Disk usage > 85% on node node-3,E202,Disk usage > 85% on node {node}
69871,2026-01-15,04:44:34,WARN,WebServer,Unauthorized access attempt from 10.0.0.88,E401,Unauthorized access attempt from {ip}
69872,2026-01-15,04:17:45,INFO,WebServer,Page view: /home by u2395,E103,Page view: {page} by {user}
69873,2026-01-15,04:49:19,INFO,AuthService,User u4070 login successful,E101,User {user} login successful
69874,2026-01-15,04:31:56,INFO,WebServer,Transaction tx859915 completed in 771ms,E104,Transaction {tx} completed in {time}ms
69875,2026-01-15,04:05:38,INFO,WebServer,Transaction tx584398 completed in 509ms,E104,Transaction {tx} completed in {time}ms
69876,2026-01-15,04:38:38,INFO,PaymentGateway,Transaction tx865948 completed in 1095ms,E104,Transaction {tx} completed in {time}ms
69877,2026-01-15,04:59:05,INFO,OrderProcessor,Health check passed: OrderProcessor,E102,Health check passed: {service}
69878,2026-01-15,04:35:05,INFO,WebServer,Transaction tx123012 completed in 1168ms,E104,Transaction {tx} completed in {time}ms
69879,2026-01-15,04:43:39,INFO,WebServer,Page view: /home by u4432,E103,Page view: {page} by {user}
69880,2026-01-15,04:17:14,INFO,AuthService,User u1585 login successful,E101,User {user} login successful
69881,2026-01-15,04:26:26,INFO,WebServer,Page view: /home by u2989,E103,Page view: {page} by {user}
69882,2026-01-15,04:13:05,INFO,WebServer,Page view: /home by u1054,E103,Page view: {page} by {user}
69883,2026-01-15,04:46:51,WARN,WebServer,High latency (1904ms) detected on WebServer,E201,High latency ({time}ms) detected on {service}
69884,2026-01-15,04:17:49,INFO,WebServer,Health check passed: WebServer,E102,Health check passed: {service}
69885,2026-01-15,04:38:37,INFO,AuthService,Transaction tx505326 completed in 1603ms,E104,Transaction {tx} completed in {time}ms
69886,2026-01-15,04:30:45,INFO,AuthService,Health check passed: AuthService,E102,Health check passed: {service}
69887,2026-01-15,04:25:28,CRITICAL,WebServer,KERNEL PANIC: Node node-2 crashed,E601,KERNEL PANIC: Node {node} crashed
69888,2026-01-15,04:52:22,WARN,WebServer,Unauthorized access attempt from 10.0.0.45,E401,Unauthorized access attempt from {ip}
69889,2026-01-15,04:55:38,WARN,WebServer,High latency (1931ms) detected on WebServer,E201,High latency ({time}ms) detected on {service}
69890,2026-01-15,04:09:31,INFO,InventoryDB,User u2521 login successful,E101,User {user} login successful
69891,2026-01-15,04:39:36,INFO,WebServer,Transaction tx435478 completed in 244ms,E104,Transaction {tx} completed in {time}ms
69892,2026-01-15,04:44:52,INFO,AuthService,Health check passed: AuthService,E102,Health check passed: {service}
69893,2026-01-15,04:57:44,INFO,WebServer,User u4118 login successful,E101,User {user} login successful
69894,2026-01-15,04:17:59,INFO,OrderProcessor,Health check passed: OrderProcessor,E102,Health check passed: {service}
69895,2026-01-15,04:58:16,INFO,OrderProcessor,Page view: /home by u4708,E103,Page view: {page} by {user}
69896,2026-01-15,05:02:25,INFO,WebServer,Health check passed: WebServer,E102,Health check passed: {service}
69897,2026-01-15,05:07:56,INFO,OrderProcessor,Transaction tx416769 completed in 433ms,E104,Transaction {tx} completed in {time}ms
69898,2026-01-15,05:47:06,INFO,PaymentGateway,Page view: /home by u1924,E103,Page view: {page} by {user}
69899,2026-01-15,05:35:10,INFO,InventoryDB,Page view: /home by u4336,E103,Page view: {page} by {user}
69900,2026-01-15,05:46:23,INFO,InventoryDB,Page view: /home by u3545,E103,Page view: {page} by {user}
69901,2026-01-15,05:21:56,INFO,AuthService,Page view: /home by u2082,E103,Page view: {page} by {user}
69902,2026-01-15,05:00:02,INFO,WebServer,Transaction tx535653 completed in 1400ms,E104,Transaction {tx} completed in {time}ms
69903,2026-01-15,05:59:51,INFO,WebServer,User u4560 login successful,E101,User {user} login successful
69904,2026-01-15,05:39:12,INFO,WebServer,User u2756 login successful,E101,User {user} login successful
69905,2026-01-15,05:25:44,INFO,AuthService,Page view: /home by u3721,E103,Page view: {page} by {user}
69906,2026-01-15,05:25:14,INFO,AuthService,Page view: /home by u4892,E103,Page view: {page} by {user}
69907,2026-01-15,05:30:57,INFO,WebServer,User u2129 login successful,E101,User {user} login successful
69908,2026-01-15,05:00:22,WARN,AuthService,High latency (1378ms) detected on AuthService,E201,High latency ({time}ms) detected on {service}
69909,2026-01-15,05:11:02,INFO,WebServer,Health check passed: WebServer,E102,Health check passed: {service}
69910,2026-01-15,05:47:36,INFO,WebServer,User u4798 login successful,E101,User {user} login successful
69911,2026-01-15,05:47:46,INFO,OrderProcessor,Health check passed: OrderProcessor,E102,Health check passed: {service}
69912,2026-01-15,05:20:50,INFO,OrderProcessor,Transaction tx344747 completed in 1675ms,E104,Transaction {tx} completed in {time}ms
69913,2026-01-15,05:48:34,WARN,AuthService,Disk usage > 85% on node node-5,E202,Disk usage > 85% on node {node}
69914,2026-01-15,05:53:12,INFO,OrderProcessor,Health check passed: OrderProcessor,E102,Health check passed: {service}
69915,2026-01-15,05:44:26,INFO,OrderProcessor,User u1722 login successful,E101,User {user} login successful
69916,2026-01-15,05:49:47,INFO,WebServer,Page view: /home by u1693,E103,Page view: {page} by {user}
69917,2026-01-15,05:44:22,INFO,OrderProcessor,Transaction tx585441 completed in 1674ms,E104,Transaction {tx} completed in {time}ms
69918,2026-01-15,05:32:37,INFO,WebServer,User u1267 login successful,E101,User {user} login successful
69919,2026-01-15,05:48:48,INFO,WebServer,Transaction tx839988 completed in 1025ms,E104,Transaction {tx} completed in {time}ms
69920,2026-01-15,05:12:27,INFO,WebServer,Page view: /home by u4755,E103,Page view: {page} by {user}
69921,2026-01-15,05:19:23,INFO,WebServer,Transaction tx807503 completed in 1491ms,E104,Transaction {tx} completed in {time}ms
69922,2026-01-15,05:57:48,INFO,WebServer,Page view: /home by u4138,E103,Page view: {page} by {user}
69923,2026-01-15,05:33:50,INFO,PaymentGateway,Page view: /home by u3790,E103,Page view: {page} by {user}
69924,2026-01-15,05:34:23,WARN,InventoryDB,High latency (1913ms) detected on InventoryDB,E201,High latency ({time}ms) detected on {service}
69925,2026-01-15,05:52:14,INFO,WebServer,User u1696 login successful,E101,User {user} login successful
69926,2026-01-15,05:22:50,INFO,WebServer,User u3302 login successful,E101,User {user} login successful
69927,2026-01-15,05:24:54,INFO,WebServer,Transaction tx203199 completed in 481ms,E104,Transaction {tx} completed in {time}ms
69928,2026-01-15,05:18:01,CRITICAL,WebServer,DATA CORRUPTION detected in sector 693,E602,DATA CORRUPTION detected in sector {sector}
69929,2026-01-15,05:56:23,INFO,WebServer,Page view: /home by u1748,E103,Page view: {page} by {user}
69930,2026-01-15,05:45:54,WARN,WebServer,Unauthorized access attempt from 10.0.0.99,E401,Unauthorized access attempt from {ip}
69931,2026-01-15,05:07:30,INFO,WebServer,Health check passed: WebServer,E102,Health check passed: {service}
69932,2026-01-15,05:45:13,INFO,InventoryDB,Transaction tx958773 completed in 536ms,E104,Transaction {tx} completed in {time}ms
69933,2026-01-15,05:48:08,INFO,WebServer,Page view: /home by u4257,E103,Page view: {page} by {user}
69934,2026-01-15,05:17:59,WARN,WebServer,High latency (820ms) detected on WebServer,E201,High latency ({time}ms) detected on {service}
69935,2026-01-15,05:59:45,INFO,OrderProcessor,Health check passed: OrderProcessor,E102,Health check passed: {service}
69936,2026-01-15,05:17:25,INFO,AuthService,User u4405 login successful,E101,User {user} login successful
69937,2026-01-15,05:25:58,INFO,WebServer,User u1155 login successful,E101,User {user} login successful
69938,2026-01-15,05:31:30,INFO,PaymentGateway,User u4884 login successful,E101,User {user} login successful
69939,2026-01-15,05:20:56,INFO,OrderProcessor,User u1814 login successful,E101,User {user} login successful
69940,2026-01-15,05:05:51,INFO,PaymentGateway,Health check passed: PaymentGateway,E102,Health check passed: {service}
69941,2026-01-15,05:35:37,INFO,WebServer,Health check passed: WebServer,E102,Health check passed: {service}
69942,2026-01-15,05:10:44,INFO,PaymentGateway,Transaction tx532329 completed in 1653ms,E104,Transaction {tx} completed in {time}ms
69943,2026-01-15,05:34:08,INFO,WebServer,Transaction tx632267 completed in 365ms,E104,Transaction {tx} completed in {time}ms
69944,2026-01-15,05:38:57,INFO,WebServer,User u1142 login successful,E101,User {user} login successful
69945,2026-01-15,05:43:02,INFO,WebServer,Health check passed: WebServer,E102,Health check passed: {service}
69946,2026-01-15,05:05:55,INFO,WebServer,User u2384 login successful,E101,User {user} login successful
69947,2026-01-15,05:58:14,INFO,WebServer,User u3129 login successful,E101,User {user} login successful
69948,2026-01-15,05:05:56,INFO,WebServer,Transaction tx911131 completed in 77ms,E104,Transaction {tx} completed in {time}ms
69949,2026-01-15,05:48:45,INFO,WebServer,Transaction tx156165 completed in 1851ms,E104,Transaction {tx} completed in {time}ms
69950,2026-01-15,05:45:20,INFO,WebServer,Health check passed: WebServer,E102,Health check passed: {service}
69951,2026-01-15,05:06:32,INFO,WebServer,User u1384 login successful,E101,User {user} login successful
69952,2026-01-15,05:29:48,INFO,WebServer,User u4031 login successful,E101,User {user} login successful
69953,2026-01-15,05:19:45,INFO,WebServer,Transaction tx149036 completed in 1903ms,E104,Transaction {tx} completed in {time}ms
69954,2026-01-15,05:03:58,INFO,WebServer,Page view: /home by u2665,E103,Page view: {page} by {user}
69955,2026-01-15,06:53:35,INFO,WebServer,Transaction tx738155 completed in 481ms,E104,Transaction {tx} completed in {time}ms
69956,2026-01-15,06:03:17,INFO,AuthService,Health check passed: AuthService,E102,Health check passed: {service}
69957,2026-01-15,06:30:34,INFO,OrderProcessor,Health check passed: OrderProcessor,E102,Health check passed: {service}
69958,2026-01-15,06:12:54,INFO,AuthService,Transaction tx994860 completed in 1695ms,E104,Transaction {tx} completed in {time}ms
69959,2026-01-15,06:45:16,INFO,OrderProcessor,Transaction tx196638 completed in 1783ms,E104,Transaction {tx} completed in {time}ms
69960,2026-01-15,06:50:21,INFO,OrderProcessor,Transaction tx651515 completed in 1165ms,E104,Transaction {tx} completed in {time}ms
69961,2026-01-15,06:35:57,INFO,AuthService,User u3127 login successful,E101,User {user} login successful
69962,2026-01-15,06:02:19,INFO,WebServer,Page view: /home by u1126,E103,Page view: {page} by {user}
69963,2026-01-15,06:01:39,WARN,PaymentGateway,Disk usage > 85% on node node-1,E202,Disk usage > 85% on node {node}
69964,2026-01-15,06:01:27,INFO,AuthService,User u2132 login successful,E101,User {user} login successful
69965,2026-01-15,06:49:54,INFO,WebServer,User u3819 login successful,E101,User {user} login successful
69966,2026-01-15,06:41:51,INFO,AuthService,Page view: /home by u3141,E103,Page view: {page} by {user}
69967,2026-01-15,06:22:53,INFO,AuthService,Transaction tx633945 completed in 272ms,E104,Transaction {tx} completed in {time}ms
69968,2026-01-15,06:11:37,INFO,OrderProcessor,Page view: /home by u2689,E103,Page view: {page} by {user}
69969,2026-01-15,06:25:58,INFO,AuthService,Transaction tx744416 completed in 357ms,E104,Transaction {tx} completed in {time}ms
69970,2026-01-15,06:45:39,INFO,OrderProcessor,Page view: /home by u3274,E103,Page view: {page} by {user}
69971,2026-01-15,06:42:18,INFO,OrderProcessor,Transaction tx491783 completed in 771ms,E104,Transaction {tx} completed in {time}ms
69972,2026-01-15,06:12:56,INFO,AuthService,Health check passed: AuthService,E102,Health check passed: {service}
69973,2026-01-15,06:30:00,WARN,OrderProcessor,Disk usage > 85% on node node-5,E202,Disk usage > 85% on node {node}
69974,2026-01-15,06:53:00,INFO,WebServer,Transaction tx153700 completed in 1463ms,E104,Transaction {tx} completed in {time}ms
69975,2026-01-15,06:37:34,INFO,AuthService,Health check passed: AuthService,E102,Health check passed: {service}
69976,2026-01-15,06:47:51,INFO,WebServer,Page view: /home by u4105,E103,Page view: {page} by {user}
69977,2026-01-15,06:03:17,INFO,WebServer,Transaction tx464126 completed in 1166ms,E104,Transaction {tx} completed in {time}ms
69978,2026-01-15,06:27:58,INFO,WebServer,Transaction tx197455 completed in 422ms,E104,Transaction {tx} completed in {time}ms
69979,2026-01-15,06:02:24,INFO,OrderProcessor,Transaction tx557548 completed in 472ms,E104,Transaction {tx} completed in {time}ms
69980,2026-01-15,06:54:16,WARN,WebServer,High latency (1463ms) detected on WebServer,E201,High latency ({time}ms) detected on {service}
69981,2026-01-15,06:10:58,INFO,PaymentGateway,Page view: /home by u1270,E103,Page view: {page} by {user}
69982,2026-01-15,06:08:56,ERROR,WebServer,Timeout waiting for lock on InventoryDB,E502,Timeout waiting for lock on {db}
69983,2026-01-15,06:40:10,INFO,WebServer,User u3978 login successful,E101,User {user} login successful
69984,2026-01-15,06:49:59,INFO,WebServer,Transaction tx783264 completed in 25ms,E104,Transaction {tx} completed in {time}ms
69985,2026-01-15,06:42:04,INFO,AuthService,Page view: /home by u3178,E103,Page view: {page} by {user}
69986,2026-01-15,06:50:28,INFO,OrderProcessor,Health check passed: OrderProcessor,E102,Health check passed: {service}
69987,2026-01-15,06:15:43,INFO,InventoryDB,Health check passed: InventoryDB,E102,Health check passed: {service}
69988,2026-01-15,06:12:16,INFO,AuthService,Transaction tx964056 completed in 1275ms,E104,Transaction {tx} completed in {time}ms
69989,2026-01-15,06:10:42,INFO,AuthService,User u3322 login successful,E101,User {user} login successful
69990,2026-01-15,06:58:35,INFO,OrderProcessor,Transaction tx480994 completed in 1709ms,E104,Transaction {tx} completed in {time}ms
69991,2026-01-15,06:04:29,INFO,WebServer,Page view: /home by u2611,E103,Page view: {page} by {user}
69992,2026-01-15,06:12:25,INFO,WebServer,Page view: /home by u2747,E103,Page view: {page} by {user}
69993,2026-01-15,06:41:04,INFO,WebServer,Health check passed: WebServer,E102,Health check passed: {service}
69994,2026-01-15,06:06:02,INFO,WebServer,Page view: /home by u3666,E103,Page view: {page} by {user}
69995,2026-01-15,06:18:18,WARN,AuthService,High latency (1664ms) detected on AuthService,E201,High latency ({time}ms) detected on {service}
69996,2026-01-15,06:32:24,INFO,AuthService,Health check passed: AuthService,E102,Health check passed: {service}
69997,2026-01-15,06:09:53,INFO,InventoryDB,Health check passed: InventoryDB,E102,Health check passed: {service}
69998,2026-01-15,06:56:02,INFO,WebServer,Health check passed: WebServer,E102,Health check passed: {service}
69999,2026-01-15,06:02:38,INFO,OrderProcessor,User u1102 login successful,E101,User {user} login successful
70000,2026-01-15,06:59:50,INFO,OrderProcessor,Health check passed: OrderProcessor,E102,Health check passed: {service}
70001,2026-01-15,06:42:00,INFO,OrderProcessor,Health check passed: OrderProcessor,E102,Health check passed: {service}
70002,2026-01-15,06:06:31,INFO,WebServer,Health check passed: WebServer,E102,Health check passed: {service}
70003,2026-01-15,06:18:44,WARN,WebServer,Disk usage > 85% on node node-2,E202,Disk usage > 85% on node {node}
70004,2026-01-15,06:25:59,INFO,OrderProcessor,Health check passed: OrderProcessor,E102,Health check passed: {service}
70005,2026-01-15,06:24:01,INFO,OrderProcessor,Transaction tx460174 completed in 42ms,E104,Transaction {tx} completed in {time}ms
70006,2026-01-15,06:49:13,INFO,WebServer,Transaction tx466705 completed in 1172ms,E104,Transaction {tx} completed in {time}ms
70007,2026-01-15,06:44:31,INFO,WebServer,User u1647 login successful,E101,User {user} login successful
70008,2026-01-15,06:02:41,INFO,WebServer,Transaction tx717869 completed in 512ms,E104,Transaction {tx} completed in {time}ms
70009,2026-01-15,06:08:39,INFO,WebServer,Page view: /home by u2667,E103,Page view: {page} by {user}
70010,2026-01-15,06:55:38,INFO,OrderProcessor,Transaction tx897820 completed in 585ms,E104,Transaction {tx} completed in {time}ms
70011,2026-01-15,06:06:51,INFO,WebServer,Page view: /home by u4373,E103,Page view: {page} by {user}
70012,2026-01-15,06:07:32,INFO,PaymentGateway,Page view: /home by u1354,E103,Page view: {page} by {user}
70013,2026-01-15,06:24:01,INFO,AuthService,Health check passed: AuthService,E102,Health check passed: {service}
70014,2026-01-15,06:56:11,INFO,PaymentGateway,User u1764 login successful,E101,User {user} login successful
70015,2026-01-15,06:05:43,WARN,WebServer,Unauthorized access attempt from 10.0.0.45,E401,Unauthorized access attempt from {ip}
70016,2026-01-15,06:48:43,INFO,WebServer,User u1919 login successful,E101,User {user} login successful
70017,2026-01-15,06:37:39,INFO,AuthService,Transaction tx999952 completed in 33ms,E104,Transaction {tx} completed in {time}ms
70018,2026-01-15,06:19:57,INFO,WebServer,Health check passed: WebServer,E102,Health check passed: {service}
70019,2026-01-15,06:58:30,INFO,WebServer,Page view: /home by u3609,E103,Page view: {page} by {user}
70020,2026-01-15,06:14:57,INFO,InventoryDB,User u3420 login successful,E101,User {user} login successful
70021,2026-01-15,06:30:47,INFO,WebServer,Page view: /home by u3141,E103,Page view: {page} by {user}
70022,2026-01-15,06:17:17,WARN,OrderProcessor,Disk usage > 85% on node node-2,E202,Disk usage > 85% on node {node}
70023,2026-01-15,06:02:21,INFO,AuthService,Health check passed: AuthService,E102,Health check passed: {service}
70024,2026-01-15,06:11:20,ERROR,WebServer,Connection refused to WebServer at 10.0.0.45,E501,Connection refused to {service} at {ip}
70025,2026-01-15,06:12:14,INFO,AuthService,Transaction tx163770 completed in 1887ms,E104,Transaction {tx} completed in {time}ms
70026,2026-01-15,06:52:54,INFO,WebServer,Page view: /home by u1572,E103,Page view: {page} by {user}
70027,2026-01-15,06:19:10,INFO,WebServer,User u2495 login successful,E101,User {user} login successful
70028,2026-01-15,06:54:31,INFO,WebServer,User u2263 login successful,E101,User {user} login successful
70029,2026-01-15,06:42:26,INFO,WebServer,User u3898 login successful,E101,User {user} login successful
70030,2026-01-15,06:46:39,INFO,WebServer,Transaction tx203806 completed in 1162ms,E104,Transaction {tx} completed in {time}ms
70031,2026-01-15,06:32:36,INFO,WebServer,Page view: /home by u3823,E103,Page view: {page} by {user}
70032,2026-01-15,06:06:54,INFO,PaymentGateway,User u4382 login successful,E101,User {user} login successful
70033,2026-01-15,06:21:02,INFO,WebServer,Health check passed: WebServer,E102,Health check passed: {service}
70034,2026-01-15,06:30:23,INFO,AuthService,Transaction tx225637 completed in 1653ms,E104,Transaction {tx} completed in {time}ms
70035,2026-01-15,06:40:03,INFO,AuthService,Page view: /home by u2280,E103,Page view: {page} by {user}
70036,2026-01-15,06:37:10,INFO,WebServer,Transaction tx582198 completed in 1955ms,E104,Transaction {tx} completed in {time}ms
70037,2026-01-15,06:27:35,INFO,AuthService,Transaction tx504113 completed in 929ms,E104,Transaction {tx} completed in {time}ms
70038,2026-01-15,06:20:09,INFO,WebServer,User u2916 login successful,E101,User {user} login successful
70039,2026-01-15,06:44:48,INFO,AuthService,Health check passed: AuthService,E102,Health check passed: {service}
70040,2026-01-15,06:25:32,INFO,WebServer,Transaction tx701252 completed in 937ms,E104,Transaction {tx} completed in {time}ms
70041,2026-01-15,06:32:04,INFO,WebServer,User u1057 login successful,E101,User {user} login successful
70042,2026-01-15,06:13:05,INFO,InventoryDB,Health check passed: InventoryDB,E102,Health check passed: {service}
70043,2026-01-15,06:58:06,INFO,AuthService,User u4549 login successful,E101,User {user} login successful
70044,2026-01-15,06:50:07,INFO,WebServer,Page view: /home by u4950,E103,Page view: {page} by {user}
70045,2026-01-15,06:25:18,INFO,AuthService,Page view: /home by u3544,E103,Page view: {page} by {user}
70046,2026-01-15,06:43:22,INFO,WebServer,Transaction tx632083 completed in 845ms,E104,Transaction {tx} completed in {time}ms
70047,2026-01-15,06:47:47,INFO,WebServer,Transaction tx776853 completed in 177ms,E104,Transaction {tx} completed in {time}ms
70048,2026-01-15,06:28:44,WARN,WebServer,Disk usage > 85% on node node-5,E202,Disk usage > 85% on node {node}
70049,2026-01-15,06:43:45,INFO,PaymentGateway,Health check passed: PaymentGateway,E102,Health check passed: {service}
70050,2026-01-15,06:40:10,INFO,OrderProcessor,Page view: /home by u4146,E103,Page view: {page} by {user}
70051,2026-01-15,06:40:57,INFO,WebServer,Transaction tx353000 completed in 240ms,E104,Transaction {tx} completed in {time}ms
70052,2026-01-15,06:31:01,INFO,WebServer,User u3924 login successful,E101,User {user} login successful
70053,2026-01-15,06:09:17,WARN,WebServer,Disk usage > 85% on node node-3,E202,Disk usage > 85% on node {node}
70054,2026-01-15,06:02:21,ERROR,WebServer,Connection refused to WebServer at 10.0.0.45,E501,Connection refused to {service} at {ip}
70055,2026-01-15,06:35:02,INFO,WebServer,Page view: /home by u2320,E103,Page view: {page} by {user}
70056,2026-01-15,06:10:35,INFO,WebServer,Page view: /home by u3060,E103,Page view: {page} by {user}
70057,2026-01-15,06:18:53,INFO,OrderProcessor,Page view: /home by u2646,E103,Page view: {page} by {user}
70058,2026-01-15,06:50:10,INFO,WebServer,Transaction tx216080 completed in 1155ms,E104,Transaction {tx} completed in {time}ms
70059,2026-01-15,06:07:51,INFO,OrderProcessor,User u3256 login successful,E101,User {user} login successful
70060,2026-01-15,06:47:51,INFO,OrderProcessor,Transaction tx513207 completed in 452ms,E104,Transaction {tx} completed in {time}ms
70061,2026-01-15,06:48:49,INFO,WebServer,Page view: /home by u2448,E103,Page view: {page} by {user}
70062,2026-01-15,06:29:16,INFO,WebServer,User u1777 login successful,E101,User {user} login successful
70063,2026-01-15,06:52:18,INFO,WebServer,Page view: /home by u4782,E103,Page view: {page} by {user}
70064,2026-01-15,06:24:57,INFO,WebServer,Page view: /home by u3256,E103,Page view: {page} by {user}
70065,2026-01-15,06:13:47,WARN,WebServer,Unauthorized access attempt from 10.0.0.45,E401,Unauthorized access attempt from {ip}
70066,2026-01-15,06:28:49,INFO,OrderProcessor,Health check passed: OrderProcessor,E102,Health check passed: {service}
70067,2026-01-15,06:58:26,INFO,WebServer,User u3684 login successful,E101,User {user} login successful
70068,2026-01-15,06:54:01,WARN,WebServer,Unauthorized access attempt from 10.0.0.45,E401,Unauthorized access attempt from {ip}
70069,2026-01-15,06:22:19,INFO,WebServer,User u1464 login successful,E101,User {user} login successful
70070,2026-01-15,06:16:33,INFO,PaymentGateway,Transaction tx412835 completed in 1242ms,E104,Transaction {tx} completed in {time}ms
70071,2026-01-15,06:35:57,INFO,OrderProcessor,Transaction tx630865 completed in 1874ms,E104,Transaction {tx} completed in {time}ms
70072,2026-01-15,06:06:37,INFO,WebServer,Health check passed: WebServer,E102,Health check passed: {service}
70073,2026-01-15,06:01:59,INFO,WebServer,Health check passed: WebServer,E102,Health check passed: {service}
70074,2026-01-15,06:02:54,INFO,WebServer,Page view: /home by u1342,E103,Page view: {page} by {user}
70075,2026-01-15,06:17:24,INFO,WebServer,User u1118 login successful,E101,User {user} login successful
70076,2026-01-15,06:27:06,INFO,WebServer,Transaction tx110719 completed in 1765ms,E104,Transaction {tx} completed in {time}ms
70077,2026-01-15,06:03:32,INFO,WebServer,Transaction tx542087 completed in 1920ms,E104,Transaction {tx} completed in {time}ms
70078,2026-01-15,06:21:03,INFO,WebServer,Health check passed: WebServer,E102,Health check passed: {service}
70079,2026-01-15,06:38:49,INFO,OrderProcessor,Transaction tx566149 completed in 33ms,E104,Transaction {tx} completed in {time}ms
70080,2026-01-15,06:36:25,INFO,WebServer,Page view: /home by u1384,E103,Page view: {page} by {user}
70081,2026-01-15,06:55:30,INFO,WebServer,Health check passed: WebServer,E102,Health check passed: {service}
70082,2026-01-15,06:42:07,INFO,WebServer,Page view: /home by u1437,E103,Page view: {page} by {user}
70083,2026-01-15,06:34:25,INFO,PaymentGateway,Transaction tx901574 completed in 1086ms,E104,Transaction {tx} completed in {time}ms
70084,2026-01-15,06:22:29,INFO,OrderProcessor,Health check passed: OrderProcessor,E102,Health check passed: {service}
70085,2026-01-15,06:21:19,INFO,WebServer,Transaction tx526206 completed in 679ms,E104,Transaction {tx} completed in {time}ms
70086,2026-01-15,06:22:08,WARN,OrderProcessor,Unauthorized access attempt from 10.0.0.45,E401,Unauthorized access attempt from {ip}
70087,2026-01-15,06:36:53,INFO,WebServer,Page view: /home by u1011,E103,Page view: {page} by {user}
70088,2026-01-15,06:52:41,INFO,WebServer,Health check passed: WebServer,E102,Health check passed: {service}
70089,2026-01-15,06:10:35,INFO,WebServer,Page view: /home by u4968,E103,Page view: {page} by {user}
70090,2026-01-15,06:00:35,INFO,OrderProcessor,User u1638 login successful,E101,User {user} login successful
70091,2026-01-15,06:09:16,INFO,WebServer,Transaction tx703184 completed in 942ms,E104,Transaction {tx} completed in {time}ms
70092,2026-01-15,06:17:17,INFO,InventoryDB,Health check passed: InventoryDB,E102,Health check passed: {service}
70093,2026-01-15,06:59:53,INFO,WebServer,Page view: /home by u1259,E103,Page view: {page} by {user}
70094,2026-01-15,06:21:15,WARN,WebServer,Unauthorized access attempt from 10.0.0.12,E401,Unauthorized access attempt from {ip}
70095,2026-01-15,06:20:52,INFO,AuthService,Page view: /home by u3036,E103,Page view: {page} by {user}
70096,2026-01-15,06:48:39,INFO,AuthService,Transaction tx234567 completed in 684ms,E104,Transaction {tx} completed in {time}ms
70097,2026-01-15,06:52:30,INFO,OrderProcessor,Transaction tx274467 completed in 1721ms,E104,Transaction {tx} completed in {time}ms
70098,2026-01-15,06:31:41,INFO,WebServer,Health check passed: WebServer,E102,Health check passed: {service}
70099,2026-01-15,06:51:36,INFO,AuthService,Page view: /home by u4063,E103,Page view: {page} by {user}
70100,2026-01-15,06:32:29,INFO,WebServer,User u4147 login successful,E101,User {user} login successful
70101,2026-01-15,06:16:54,INFO,WebServer,User u1478 login successful,E101,User {user} login successful
70102,2026-01-15,06:59:03,INFO,OrderProcessor,Page view: /home by u3554,E103,Page view: {page} by {user}
70103,2026-01-15,06:15:23,INFO,WebServer,Page view: /home by u2588,E103,Page view: {page} by {user}
70104,2026-01-15,06:05:33,INFO,WebServer,Page view: /home by u1009,E103,Page view: {page} by {user}
70105,2026-01-15,06:40:23,INFO,WebServer,Transaction tx528635 completed in 1517ms,E104,Transaction {tx} completed in {time}ms
70106,2026-01-15,06:03:54,INFO,WebServer,Page view: /home by u1812,E103,Page view: {page} by {user}
70107,2026-01-15,06:27:48,INFO,AuthService,User u2100 login successful,E101,User {user} login successful
70108,2026-01-15,06:30:25,INFO,WebServer,Transaction tx344768 completed in 1147ms,E104,Transaction {tx} completed in {time}ms
70109,2026-01-15,06:24:20,INFO,AuthService,Health check passed: AuthService,E102,Health check passed: {service}
70110,2026-01-15,06:58:15,INFO,WebServer,User u4584 login successful,E101,User {user} login successful
70111,2026-01-15,06:00:32,INFO,PaymentGateway,Transaction tx194793 completed in 1381ms,E104,Transaction {tx} completed in {time}ms
70112,2026-01-15,06:01:37,INFO,WebServer,Transaction tx820630 completed in 962ms,E104,Transaction {tx} completed in {time}ms
70113,2026-01-15,06:01:17,INFO,PaymentGateway,User u1285 login successful,E101,User {user} login successful
70114,2026-01-15,06:40:49,INFO,OrderProcessor,Transaction tx867111 completed in 303ms,E104,Transaction {tx} completed in {time}ms
70115,2026-01-15,06:46:50,INFO,OrderProcessor,User u2095 login successful,E101,User {user} login successful
70116,2026-01-15,06:17:07,INFO,WebServer,Health check passed: WebServer,E102,Health check passed: {service}
70117,2026-01-15,06:12:13,INFO,AuthService,Page view: /home by u2183,E103,Page view: {page} by {user}
70118,2026-01-15,06:23:37,INFO,WebServer,Health check passed: WebServer,E102,Health check passed: {service}
70119,2026-01-15,06:24:10,INFO,InventoryDB,User u1940 login successful,E101,User {user} login successful
70120,2026-01-15,06:24:31,INFO,PaymentGateway,Transaction tx602919 completed in 630ms,E104,Transaction {tx} completed in {time}ms
70121,2026-01-15,06:15:02,INFO,WebServer,Health check passed: WebServer,E102,Health check passed: {service}
70122,2026-01-15,06:39:30,INFO,AuthService,Transaction tx350563 completed in 1349ms,E104,Transaction {tx} completed in {time}ms
70123,2026-01-15,06:15:34,INFO,WebServer,Health check passed: WebServer,E102,Health check passed: {service}
70124,2026-01-15,06:13:24,INFO,OrderProcessor,Page view: /home by u1090,E103,Page view: {page} by {user}
70125,2026-01-15,06:08:16,INFO,WebServer,Health check passed: WebServer,E102,Health check passed: {service}
70126,2026-01-15,06:15:12,WARN,OrderProcessor,Unauthorized access attempt from 10.0.0.45,E401,Unauthorized access attempt from {ip}
70127,2026-01-15,06:02:40,INFO,AuthService,Page view: /home by u3302,E103,Page view: {page} by {user}
70128,2026-01-15,06:13:42,INFO,InventoryDB,Transaction tx273949 completed in 310ms,E104,Transaction {tx} completed in {time}ms
70129,2026-01-15,06:04:37,INFO,WebServer,Page view: /home by u4134,E103,Page view: {page} by {user}
70130,2026-01-15,06:52:35,INFO,WebServer,User u3750 login successful,E101,User {user} login successful
70131,2026-01-15,06:36:40,INFO,AuthService,Health check passed: AuthService,E102,Health check passed: {service}
70132,2026-01-15,06:12:45,INFO,WebServer,Page view: /home by u3612,E103,Page view: {page} by {user}
70133,2026-01-15,06:06:46,INFO,WebServer,Health check passed: WebServer,E102,Health check passed: {service}
70134,2026-01-15,06:31:38,INFO,WebServer,User u2596 login successful,E101,User {user} login successful
70135,2026-01-15,06:22:35,INFO,WebServer,Health check passed: WebServer,E102,Health check passed: {service}
70136,2026-01-15,06:29:19,INFO,WebServer,Page view: /home by u3907,E103,Page view: {page} by {user}
70137,2026-01-15,06:34:43,INFO,AuthService,Health check passed: AuthService,E102,Health check passed: {service}
70138,2026-01-15,06:43:24,INFO,WebServer,Health check passed: WebServer,E102,Health check passed: {service}
70139,2026-01-15,06:56:41,INFO,AuthService,Page view: /home by u2183,E103,Page view: {page} by {user}
70140,2026-01-15,06:01:24,INFO,PaymentGateway,User u2800 login successful,E101,User {user} login successful
70141,2026-01-15,06:57:05,INFO,OrderProcessor,Page view: /home by u3811,E103,Page view: {page} by {user}
70142,2026-01-15,06:57:15,INFO,WebServer,Transaction tx201747 completed in 1116ms,E104,Transaction {tx} completed in {time}ms
70143,2026-01-15,06:20:26,INFO,OrderProcessor,Transaction tx213352 completed in 1629ms,E104,Transaction {tx} completed in {time}ms
70144,2026-01-15,06:21:33,INFO,WebServer,Health check passed: WebServer,E102,Health check passed: {service}
70145,2026-01-15,06:00:14,INFO,WebServer,Page view: /home by u2913,E103,Page view: {page} by {user}
70146,2026-01-15,06:47:18,INFO,AuthService,Health check passed: AuthService,E102,Health check passed: {service}
70147,2026-01-15,06:09:19,INFO,AuthService,Page view: /home by u2555,E103,Page view: {page} by {user}
70148,2026-01-15,06:30:05,INFO,WebServer,Transaction tx147400 completed in 166ms,E104,Transaction {tx} completed in {time}ms
70149,2026-01-15,06:29:36,INFO,OrderProcessor,Health check passed: OrderProcessor,E102,Health check passed: {service}
70150,2026-01-15,06:43:17,INFO,WebServer,User u4629 login successful,E101,User {user} login successful
70151,2026-01-15,06:31:38,INFO,WebServer,Transaction tx288021 completed in 1311ms,E104,Transaction {tx} completed in {time}ms
70152,2026-01-15,06:31:23,INFO,WebServer,Page view: /home by u1057,E103,Page view: {page} by {user}
70153,2026-01-15,06:39:32,INFO,AuthService,Transaction tx816234 completed in 940ms,E104,Transaction {tx} completed in {time}ms
70154,2026-01-15,06:56:58,WARN,InventoryDB,Unauthorized access attempt from 10.0.0.88,E401,Unauthorized access attempt from {ip}
70155,2026-01-15,06:33:19,WARN,WebServer,High latency (889ms) detected on WebServer,E201,High latency ({time}ms) detected on {service}
70156,2026-01-15,06:50:19,INFO,WebServer,Health check passed: WebServer,E102,Health check passed: {service}
70157,2026-01-15,06:44:35,INFO,AuthService,Page view: /home by u4748,E103,Page view: {page} by {user}
70158,2026-01-15,06:23:56,INFO,AuthService,Transaction tx704474 completed in 220ms,E104,Transaction {tx} completed in {time}ms
70159,2026-01-15,06:13:55,INFO,WebServer,Transaction tx322942 completed in 234ms,E104,Transaction {tx} completed in {time}ms
70160,2026-01-15,06:40:34,INFO,WebServer,Transaction tx518252 completed in 1128ms,E104,Transaction {tx} completed in {time}ms
70161,2026-01-15,06:11:52,INFO,OrderProcessor,Transaction tx589612 completed in 1766ms,E104,Transaction {tx} completed in {time}ms
70162,2026-01-15,06:58:10,WARN,OrderProcessor,Disk usage > 85% on node node-5,E202,Disk usage > 85% on node {node}
70163,2026-01-15,06:53:27,INFO,WebServer,Health check passed: WebServer,E102,Health check passed: {service}
70164,2026-01-15,06:42:41,WARN,WebServer,Unauthorized access attempt from 10.0.0.45,E401,Unauthorized access attempt from {ip}
70165,2026-01-15,06:00:20,INFO,AuthService,Transaction tx694096 completed in 128ms,E104,Transaction {tx} completed in {time}ms
70166,2026-01-15,06:20:54,INFO,OrderProcessor,User u3966 login successful,E101,User {user} login successful
70167,2026-01-15,06:36:09,INFO,AuthService,User u2218 login successful,E101,User {user} login successful
70168,2026-01-15,06:54:18,INFO,WebServer,Transaction tx399523 completed in 1829ms,E104,Transaction {tx} completed in {time}ms
70169,2026-01-15,06:05:47,INFO,PaymentGateway,Health check passed: PaymentGateway,E102,Health check passed: {service}
70170,2026-01-15,06:25:10,INFO,WebServer,Health check passed: WebServer,E102,Health check passed: {service}
70171,2026-01-15,06:08:01,INFO,WebServer,Transaction tx331448 completed in 1082ms,E104,Transaction {tx} completed in {time}ms
70172,2026-01-15,06:19:53,INFO,WebServer,Health check passed: WebServer,E102,Health check passed: {service}
70173,2026-01-15,06:10:39,INFO,WebServer,User u3630 login successful,E101,User {user} login successful
70174,2026-01-15,06:21:28,INFO,InventoryDB,Page view: /home by u2189,E103,Page view: {page} by {user}
70175,2026-01-15,06:39:58,INFO,PaymentGateway,Page view: /home by u4576,E103,Page view: {page} by {user}
70176,2026-01-15,06:25:09,INFO,OrderProcessor,Transaction tx888604 completed in 563ms,E104,Transaction {tx} completed in {time}ms
70177,2026-01-15,06:18:20,INFO,WebServer,Page view: /home by u4715,E103,Page view: {page} by {user}
70178,2026-01-15,06:58:33,INFO,WebServer,Page view: /home by u3309,E103,Page view: {page} by {user}
70179,2026-01-15,06:19:50,INFO,WebServer,Page view: /home by u3792,E103,Page view: {page} by {user}
70180,2026-01-15,06:04:55,INFO,PaymentGateway,User u1482 login successful,E101,User {user} login successful
70181,2026-01-15,06:43:10,INFO,WebServer,User u3017 login successful,E101,User {user} login successful
70182,2026-01-15,06:35:44,INFO,OrderProcessor,User u1757 login successful,E101,User {user} login successful
70183,2026-01-15,06:52:44,INFO,WebServer,User u2203 login successful,E101,User {user} login successful
70184,2026-01-15,06:53:57,INFO,WebServer,Transaction tx177088 completed in 1239ms,E104,Transaction {tx} completed in {time}ms
70185,2026-01-15,06:07:52,INFO,OrderProcessor,Transaction tx191782 completed in 1804ms,E104,Transaction {tx} completed in {time}ms
70186,2026-01-15,06:09:34,INFO,PaymentGateway,User u1170 login successful,E101,User {user} login successful
70187,2026-01-15,06:35:00,INFO,WebServer,User u4626 login successful,E101,User {user} login successful
70188,2026-01-15,06:25:18,INFO,WebServer,User u1707 login successful,E101,User {user} login successful
70189,2026-01-15,06:53:21,WARN,OrderProcessor,High latency (226ms) detected on OrderProcessor,E201,High latency ({time}ms) detected on {service}
70190,2026-01-15,06:54:49,INFO,WebServer,User u2252 login successful,E101,User {user} login successful
70191,2026-01-15,06:15:40,INFO,WebServer,Page view: /home by u2660,E103,Page view: {page} by {user}
70192,2026-01-15,06:58:00,INFO,OrderProcessor,Transaction tx163351 completed in 695ms,E104,Transaction {tx} completed in {time}ms
70193,2026-01-15,06:39:56,INFO,AuthService,Page view: /home by u2903,E103,Page view: {page} by {user}
70194,2026-01-15,06:41:42,INFO,AuthService,Page view: /home by u2363,E103,Page view: {page} by {user}
70195,2026-01-15,06:20:18,INFO,OrderProcessor,User u4773 login successful,E101,User {user} login successful
70196,2026-01-15,06:10:16,INFO,AuthService,User u3909 login successful,E101,User {user} login successful
70197,2026-01-15,06:43:46,INFO,OrderProcessor,User u3953 login successful,E101,User {user} login successful
70198,2026-01-15,06:35:29,INFO,AuthService,Transaction tx596534 completed in 1869ms,E104,Transaction {tx} completed in {time}ms
70199,2026-01-15,06:43:07,INFO,AuthService,User u3281 login successful,E101,User {user} login successful
70200,2026-01-15,06:53:59,INFO,WebServer,Health check passed: WebServer,E102,Health check passed: {service}
70201,2026-01-15,06:02:37,WARN,WebServer,Unauthorized access attempt from 10.0.0.12,E401,Unauthorized access attempt from {ip}
70202,2026-01-15,06:19:22,WARN,PaymentGateway,Disk usage > 85% on node node-1,E202,Disk usage > 85% on node {node}
70203,2026-01-15,06:27:24,INFO,WebServer,Transaction tx180837 completed in 414ms,E104,Transaction {tx} completed in {time}ms
70204,2026-01-15,06:36:07,INFO,OrderProcessor,Page view: /home by u4021,E103,Page view: {page} by {user}
70205,2026-01-15,06:16:19,INFO,OrderProcessor,User u1587 login successful,E101,User {user} login successful
70206,2026-01-15,06:08:51,INFO,AuthService,Page view: /home by u1051,E103,Page view: {page} by {user}
70207,2026-01-15,06:38:00,INFO,WebServer,User u1239 login successful,E101,User {user} login successful
70208,2026-01-15,06:23:38,INFO,OrderProcessor,User u4089 login successful,E101,User {user} login successful
70209,2026-01-15,06:53:16,INFO,WebServer,User u1844 login successful,E101,User {user} login successful
70210,2026-01-15,06:46:49,INFO,WebServer,Transaction tx930215 completed in 1853ms,E104,Transaction {tx} completed in {time}ms
70211,2026-01-15,06:49:07,INFO,InventoryDB,Health check passed: InventoryDB,E102,Health check passed: {service}
70212,2026-01-15,06:27:46,INFO,AuthService,Transaction tx175891 completed in 952ms,E104,Transaction {tx} completed in {time}ms
70213,2026-01-15,06:34:49,INFO,WebServer,Transaction tx398785 completed in 1412ms,E104,Transaction {tx} completed in {time}ms
70214,2026-01-15,06:34:52,INFO,OrderProcessor,User u2991 login successful,E101,User {user} login successful
70215,2026-01-15,06:38:23,INFO,PaymentGateway,Transaction tx480495 completed in 1699ms,E104,Transaction {tx} completed in {time}ms
70216,2026-01-15,06:35:49,INFO,PaymentGateway,Page view: /home by u3520,E103,Page view: {page} by {user}
70217,2026-01-15,06:50:19,INFO,WebServer,Transaction tx282507 completed in 113ms,E104,Transaction {tx} completed in {time}ms
70218,2026-01-15,06:54:41,INFO,WebServer,User u3521 login successful,E101,User {user} login successful
70219,2026-01-15,06:32:14,WARN,AuthService,Unauthorized access attempt from 10.0.0.45,E401,Unauthorized access attempt from {ip}
70220,2026-01-15,06:06:40,ERROR,WebServer,Payment declined: Gateway unavailable,E503,Payment declined: Gateway unavailable
70221,2026-01-15,06:31:50,INFO,WebServer,Transaction tx404509 completed in 563ms,E104,Transaction {tx} completed in {time}ms
70222,2026-01-15,06:02:09,INFO,WebServer,Health check passed: WebServer,E102,Health check passed: {service}
70223,2026-01-15,06:48:16,INFO,WebServer,Health check passed: WebServer,E102,Health check passed: {service}
70224,2026-01-15,06:24:54,INFO,OrderProcessor,Page view: /home by u2740,E103,Page view: {page} by {user}
70225,2026-01-15,06:52:51,WARN,PaymentGateway,Unauthorized access attempt from 10.0.0.45,E401,Unauthorized access attempt from {ip}
70226,2026-01-15,06:30:30,INFO,AuthService,Health check passed: AuthService,E102,Health check passed: {service}
70227,2026-01-15,06:07:23,WARN,OrderProcessor,Unauthorized access attempt from 192.168.1.5,E401,Unauthorized access attempt from {ip}
70228,2026-01-15,06:59:02,INFO,InventoryDB,Health check passed: InventoryDB,E102,Health check passed: {service}
70229,2026-01-15,06:32:03,INFO,PaymentGateway,Health check passed: PaymentGateway,E102,Health check passed: {service}
70230,2026-01-15,06:16:28,INFO,OrderProcessor,Health check passed: OrderProcessor,E102,Health check passed: {service}
70231,2026-01-15,06:46:41,INFO,WebServer,Health check passed: WebServer,E102,Health check passed: {service}
70232,2026-01-15,06:54:55,INFO,WebServer,Page view: /home by u1438,E103,Page view: {page} by {user}
70233,2026-01-15,06:29:55,INFO,InventoryDB,Transaction tx907276 completed in 143ms,E104,Transaction {tx} completed in {time}ms
70234,2026-01-15,06:16:43,INFO,AuthService,Page view: /home by u4128,E103,Page view: {page} by {user}
70235,2026-01-15,06:54:28,INFO,OrderProcessor,User u2499 login successful,E101,User {user} login successful
70236,2026-01-15,06:13:13,INFO,WebServer,Transaction tx228161 completed in 500ms,E104,Transaction {tx} completed in {time}ms
70237,2026-01-15,06:23:56,ERROR,WebServer,Connection refused to WebServer at 10.0.0.99,E501,Connection refused to {service} at {ip}
70238,2026-01-15,06:06:31,INFO,WebServer,Health check passed: WebServer,E102,Health check passed: {service}
70239,2026-01-15,06:45:55,WARN,WebServer,High latency (278ms) detected on WebServer,E201,High latency ({time}ms) detected on {service}
70240,2026-01-15,06:57:41,ERROR,PaymentGateway,Connection refused to PaymentGateway at 10.0.0.12,E501,Connection refused to {service} at {ip}
70241,2026-01-15,06:08:46,INFO,AuthService,Page view: /home by u1938,E103,Page view: {page} by {user}
70242,2026-01-15,06:31:05,INFO,PaymentGateway,User u3331 login successful,E101,User {user} login successful
70243,2026-01-15,06:52:29,INFO,WebServer,Page view: /home by u1104,E103,Page view: {page} by {user}
70244,2026-01-15,06:06:16,INFO,WebServer,Page view: /home by u2106,E103,Page view: {page} by {user}
70245,2026-01-15,06:25:22,INFO,WebServer,User u3421 login successful,E101,User {user} login successful
70246,2026-01-15,06:18:02,INFO,AuthService,Transaction tx889703 completed in 476ms,E104,Transaction {tx} completed in {time}ms
70247,2026-01-15,06:57:48,INFO,WebServer,Health check passed: WebServer,E102,Health check passed: {service}
70248,2026-01-15,06:08:51,INFO,AuthService,Transaction tx620506 completed in 687ms,E104,Transaction {tx} completed in {time}ms
70249,2026-01-15,06:01:05,INFO,WebServer,Health check passed: WebServer,E102,Health check passed: {service}
70250,2026-01-15,06:10:31,INFO,OrderProcessor,Page view: /home by u2877,E103,Page view: {page} by {user}
70251,2026-01-15,06:05:00,INFO,WebServer,Health check passed: WebServer,E102,Health check passed: {service}
70252,2026-01-15,06:21:58,INFO,AuthService,Page view: /home by u2185,E103,Page view: {page} by {user}
70253,2026-01-15,06:53:06,INFO,WebServer,Health check passed: WebServer,E102,Health check passed: {service}
70254,2026-01-15,06:50:59,INFO,AuthService,Transaction tx800283 completed in 620ms,E104,Transaction {tx} completed in {time}ms
70255,2026-01-15,06:26:09,INFO,AuthService,User u4117 login successful,E101,User {user} login successful
70256,2026-01-15,06:49:18,INFO,WebServer,Page view: /home by u4389,E103,Page view: {page} by {user}
70257,2026-01-15,06:21:15,INFO,WebServer,Transaction tx985184 completed in 65ms,E104,Transaction {tx} completed in {time}ms
70258,2026-01-15,06:28:34,INFO,AuthService,Health check passed: AuthService,E102,Health check passed: {service}
70259,2026-01-15,06:17:03,INFO,WebServer,Transaction tx505084 completed in 861ms,E104,Transaction {tx} completed in {time}ms
70260,2026-01-15,06:45:32,INFO,PaymentGateway,Transaction tx340671 completed in 580ms,E104,Transaction {tx} completed in {time}ms
70261,2026-01-15,06:12:08,INFO,AuthService,User u1039 login successful,E101,User {user} login successful
70262,2026-01-15,06:01:07,INFO,AuthService,Health check passed: AuthService,E102,Health check passed: {service}
70263,2026-01-15,06:11:45,INFO,OrderProcessor,User u3030 login successful,E101,User {user} login successful
70264,2026-01-15,06:04:01,INFO,WebServer,User u2211 login successful,E101,User {user} login successful
70265,2026-01-15,06:22:20,INFO,OrderProcessor,Page view: /home by u4935,E103,Page view: {page} by {user}
70266,2026-01-15,06:19:40,INFO,AuthService,Page view: /home by u3537,E103,Page view: {page} by {user}
70267,2026-01-15,06:11:16,INFO,WebServer,Health check passed: WebServer,E102,Health check passed: {service}
70268,2026-01-15,06:10:21,INFO,OrderProcessor,Transaction tx829014 completed in 577ms,E104,Transaction {tx} completed in {time}ms
70269,2026-01-15,06:37:48,WARN,OrderProcessor,High latency (1396ms) detected on OrderProcessor,E201,High latency ({time}ms) detected on {service}
70270,2026-01-15,06:00:55,INFO,WebServer,Health check passed: WebServer,E102,Health check passed: {service}
70271,2026-01-15,06:12:54,INFO,WebServer,Page view: /home by u3059,E103,Page view: {page} by {user}
70272,2026-01-15,06:48:25,INFO,InventoryDB,Transaction tx301473 completed in 1284ms,E104,Transaction {tx} completed in {time}ms
70273,2026-01-15,06:30:51,INFO,AuthService,Page view: /home by u2730,E103,Page view: {page} by {user}
70274,2026-01-15,06:20:25,INFO,AuthService,Transaction tx162471 completed in 1366ms,E104,Transaction {tx} completed in {time}ms
70275,2026-01-15,06:52:15,INFO,PaymentGateway,Page view: /home by u1566,E103,Page view: {page} by {user}
70276,2026-01-15,06:24:33,INFO,WebServer,Health check passed: WebServer,E102,Health check passed: {service}
70277,2026-01-15,06:13:21,INFO,AuthService,Health check passed: AuthService,E102,Health check passed: {service}
70278,2026-01-15,06:33:28,INFO,OrderProcessor,User u2130 login successful,E101,User {user} login successful
70279,2026-01-15,06:51:42,INFO,OrderProcessor,User u4874 login successful,E101,User {user} login successful
70280,2026-01-15,06:14:37,INFO,WebServer,Transaction tx847694 completed in 857ms,E104,Transaction {tx} completed in {time}ms
70281,2026-01-15,06:35:11,INFO,WebServer,Transaction tx789444 completed in 1293ms,E104,Transaction {tx} completed in {time}ms
70282,2026-01-15,06:25:08,INFO,WebServer,User u1800 login successful,E101,User {user} login successful
70283,2026-01-15,06:38:23,INFO,PaymentGateway,Transaction tx681106 completed in 1377ms,E104,Transaction {tx} completed in {time}ms
70284,2026-01-15,06:20:48,INFO,WebServer,Transaction tx886702 completed in 1148ms,E104,Transaction {tx} completed in {time}ms
70285,2026-01-15,06:03:06,WARN,InventoryDB,Unauthorized access attempt from 10.0.0.45,E401,Unauthorized access attempt from {ip}
70286,2026-01-15,06:54:18,INFO,WebServer,Transaction tx516741 completed in 105ms,E104,Transaction {tx} completed in {time}ms
70287,2026-01-15,06:54:20,INFO,AuthService,User u2499 login successful,E101,User {user} login successful
70288,2026-01-15,06:06:49,INFO,WebServer,Transaction tx997829 completed in 572ms,E104,Transaction {tx} completed in {time}ms
70289,2026-01-15,06:59:47,WARN,WebServer,Disk usage > 85% on node node-4,E202,Disk usage > 85% on node {node}
70290,2026-01-15,06:36:02,INFO,OrderProcessor,User u2185 login successful,E101,User {user} login successful
70291,2026-01-15,06:32:43,INFO,AuthService,Health check passed: AuthService,E102,Health check passed: {service}
70292,2026-01-15,06:59:46,INFO,WebServer,Transaction tx548967 completed in 1393ms,E104,Transaction {tx} completed in {time}ms
70293,2026-01-15,06:28:58,INFO,InventoryDB,Health check passed: InventoryDB,E102,Health check passed: {service}
70294,2026-01-15,06:12:48,INFO,WebServer,Transaction tx659229 completed in 1383ms,E104,Transaction {tx} completed in {time}ms
70295,2026-01-15,06:59:54,INFO,WebServer,Transaction tx267889 completed in 572ms,E104,Transaction {tx} completed in {time}ms
70296,2026-01-15,06:51:21,INFO,PaymentGateway,Health check passed: PaymentGateway,E102,Health check passed: {service}
70297,2026-01-15,06:51:58,ERROR,AuthService,Payment declined: Gateway unavailable,E503,Payment declined: Gateway unavailable
70298,2026-01-15,06:03:06,INFO,WebServer,Transaction tx538375 completed in 351ms,E104,Transaction {tx} completed in {time}ms
70299,2026-01-15,06:14:50,INFO,AuthService,Health check passed: AuthService,E102,Health check passed: {service}
70300,2026-01-15,06:07:13,ERROR,OrderProcessor,Connection refused to OrderProcessor at 10.0.0.45,E501,Connection refused to {service} at {ip}
70301,2026-01-15,06:01:46,INFO,AuthService,Page view: /home by u3761,E103,Page view: {page} by {user}
70302,2026-01-15,06:32:31,INFO,WebServer,Transaction tx147648 completed in 1483ms,E104,Transaction {tx} completed in {time}ms
70303,2026-01-15,06:51:26,INFO,AuthService,Page view: /home by u1775,E103,Page view: {page} by {user}
70304,2026-01-15,06:37:38,INFO,InventoryDB,Health check passed: InventoryDB,E102,Health check passed: {service}
70305,2026-01-15,06:38:44,INFO,WebServer,Health check passed: WebServer,E102,Health check passed: {service}
70306,2026-01-15,06:29:45,INFO,WebServer,Transaction tx806989 completed in 664ms,E104,Transaction {tx} completed in {time}ms
70307,2026-01-15,06:38:52,WARN,AuthService,High latency (936ms) detected on AuthService,E201,High latency ({time}ms) detected on {service}
70308,2026-01-15,06:20:12,INFO,OrderProcessor,Transaction tx331207 completed in 999ms,E104,Transaction {tx} completed in {time}ms
70309,2026-01-15,06:08:53,INFO,WebServer,Health check passed: WebServer,E102,Health check passed: {service}
70310,2026-01-15,06:54:03,INFO,WebServer,Page view: /home by u4089,E103,Page view: {page} by {user}
70311,2026-01-15,06:15:23,INFO,WebServer,User u2488 login successful,E101,User {user} login successful
70312,2026-01-15,06:02:03,INFO,WebServer,Transaction tx180356 completed in 998ms,E104,Transaction {tx} completed in {time}ms
70313,2026-01-15,06:22:08,INFO,PaymentGateway,Transaction tx666737 completed in 1358ms,E104,Transaction {tx} completed in {time}ms
70314,2026-01-15,06:10:58,INFO,AuthService,Health check passed: AuthService,E102,Health check passed: {service}
70315,2026-01-15,06:59:34,INFO,WebServer,Transaction tx792421 completed in 110ms,E104,Transaction {tx} completed in {time}ms
70316,2026-01-15,06:32:14,INFO,OrderProcessor,Page view: /home by u4523,E103,Page view: {page} by {user}
70317,2026-01-15,06:02:26,INFO,WebServer,Health check passed: WebServer,E102,Health check passed: {service}
70318,2026-01-15,06:46:25,INFO,WebServer,Page view: /home by u3586,E103,Page view: {page} by {user}
70319,2026-01-15,06:34:40,INFO,PaymentGateway,Health check passed: PaymentGateway,E102,Health check passed: {service}
70320,2026-01-15,06:53:55,INFO,OrderProcessor,Health check passed: OrderProcessor,E102,Health check passed: {service}
70321,2026-01-15,06:43:49,INFO,AuthService,Transaction tx819439 completed in 199ms,E104,Transaction {tx} completed in {time}ms
70322,2026-01-15,06:04:58,INFO,OrderProcessor,User u3595 login successful,E101,User {user} login successful
70323,2026-01-15,06:38:14,INFO,OrderProcessor,Transaction tx897621 completed in 336ms,E104,Transaction {tx} completed in {time}ms
70324,2026-01-15,06:00:52,INFO,WebServer,Transaction tx183705 completed in 703ms,E104,Transaction {tx} completed in {time}ms
70325,2026-01-15,06:12:43,INFO,OrderProcessor,Page view: /home by u2594,E103,Page view: {page} by {user}
70326,2026-01-15,06:37:44,INFO,WebServer,Health check passed: WebServer,E102,Health check passed: {service}
70327,2026-01-15,06:13:51,INFO,OrderProcessor,Transaction tx209188 completed in 1961ms,E104,Transaction {tx} completed in {time}ms
70328,2026-01-15,06:08:38,INFO,WebServer,User u4530 login successful,E101,User {user} login successful
70329,2026-01-15,06:55:23,INFO,WebServer,Health check passed: WebServer,E102,Health check passed: {service}
70330,2026-01-15,06:39:00,INFO,InventoryDB,Page view: /home by u1257,E103,Page view: {page} by {user}
70331,2026-01-15,06:58:10,INFO,OrderProcessor,Health check passed: OrderProcessor,E102,Health check passed: {service}
70332,2026-01-15,06:43:03,INFO,PaymentGateway,Page view: /home by u1044,E103,Page view: {page} by {user}
70333,2026-01-15,06:15:33,INFO,AuthService,Transaction tx156701 completed in 69ms,E104,Transaction {tx} completed in {time}ms
70334,2026-01-15,06:55:41,INFO,OrderProcessor,User u2784 login successful,E101,User {user} login successful
70335,2026-01-15,06:38:14,INFO,WebServer,Health check passed: WebServer,E102,Health check passed: {service}
70336,2026-01-15,06:13:33,INFO,InventoryDB,Health check passed: InventoryDB,E102,Health check passed: {service}
70337,2026-01-15,06:08:52,INFO,WebServer,Transaction tx117964 completed in 696ms,E104,Transaction {tx} completed in {time}ms
70338,2026-01-15,06:15:25,INFO,OrderProcessor,User u2556 login successful,E101,User {user} login successful
70339,2026-01-15,06:33:01,INFO,WebServer,Page view: /home by u3943,E103,Page view: {page} by {user}
70340,2026-01-15,06:03:07,INFO,AuthService,Transaction tx825627 completed in 1710ms,E104,Transaction {tx} completed in {time}ms
70341,2026-01-15,06:25:08,INFO,AuthService,Health check passed: AuthService,E102,Health check passed: {service}
70342,2026-01-15,06:48:36,INFO,WebServer,Transaction tx389000 completed in 137ms,E104,Transaction {tx} completed in {time}ms
70343,2026-01-15,06:40:33,INFO,InventoryDB,Page view: /home by u2983,E103,Page view: {page} by {user}
70344,2026-01-15,06:35:06,INFO,WebServer,Health check passed: WebServer,E102,Health check passed: {service}
70345,2026-01-15,06:50:15,WARN,WebServer,Unauthorized access attempt from 10.0.0.45,E401,Unauthorized access attempt from {ip}
70346,2026-01-15,06:37:13,INFO,WebServer,Transaction tx108944 completed in 885ms,E104,Transaction {tx} completed in {time}ms
70347,2026-01-15,06:29:06,INFO,InventoryDB,User u2811 login successful,E101,User {user} login successful
70348,2026-01-15,06:55:41,INFO,WebServer,User u3870 login successful,E101,User {user} login successful
70349,2026-01-15,06:15:39,INFO,OrderProcessor,Page view: /home by u2273,E103,Page view: {page} by {user}
70350,2026-01-15,06:44:13,INFO,WebServer,User u3094 login successful,E101,User {user} login successful
70351,2026-01-15,06:38:16,INFO,AuthService,Health check passed: AuthService,E102,Health check passed: {service}
70352,2026-01-15,06:52:02,INFO,WebServer,Health check passed: WebServer,E102,Health check passed: {service}
70353,2026-01-15,06:14:39,INFO,PaymentGateway,Page view: /home by u2121,E103,Page view: {page} by {user}
70354,2026-01-15,06:51:24,INFO,OrderProcessor,Health check passed: OrderProcessor,E102,Health check passed: {service}
70355,2026-01-15,06:18:42,INFO,OrderProcessor,Health check passed: OrderProcessor,E102,Health check passed: {service}
70356,2026-01-15,06:20:24,INFO,OrderProcessor,Health check passed: OrderProcessor,E102,Health check passed: {service}
70357,2026-01-15,06:11:14,WARN,WebServer,Disk usage > 85% on node node-5,E202,Disk usage > 85% on node {node}
70358,2026-01-15,06:05:52,INFO,WebServer,Page view: /home by u4616,E103,Page view: {page} by {user}
70359,2026-01-15,06:35:32,INFO,OrderProcessor,Page view: /home by u1077,E103,Page view: {page} by {user}
70360,2026-01-15,06:01:24,INFO,WebServer,Page view: /home by u3474,E103,Page view: {page} by {user}
70361,2026-01-15,06:36:59,INFO,PaymentGateway,Page view: /home by u4261,E103,Page view: {page} by {user}
70362,2026-01-15,06:12:26,INFO,WebServer,User u3007 login successful,E101,User {user} login successful
70363,2026-01-15,06:42:43,INFO,AuthService,User u4466 login successful,E101,User {user} login successful
70364,2026-01-15,06:54:22,INFO,WebServer,Health check passed: WebServer,E102,Health check passed: {service}
70365,2026-01-15,06:02:02,INFO,OrderProcessor,Transaction tx912672 completed in 880ms,E104,Transaction {tx} completed in {time}ms
70366,2026-01-15,06:41:24,INFO,WebServer,Health check passed: WebServer,E102,Health check passed: {service}
70367,2026-01-15,06:02:54,INFO,WebServer,User u4787 login successful,E101,User {user} login successful
70368,2026-01-15,06:13:40,WARN,PaymentGateway,High latency (1764ms) detected on PaymentGateway,E201,High latency ({time}ms) detected on {service}
70369,2026-01-15,06:43:14,INFO,WebServer,User u1819 login successful,E101,User {user} login successful
70370,2026-01-15,06:12:22,INFO,AuthService,Page view: /home by u3866,E103,Page view: {page} by {user}
70371,2026-01-15,06:19:48,INFO,PaymentGateway,Health check passed: PaymentGateway,E102,Health check passed: {service}
70372,2026-01-15,06:16:32,WARN,WebServer,Disk usage > 85% on node node-1,E202,Disk usage > 85% on node {node}
70373,2026-01-15,06:29:33,INFO,AuthService,Page view: /home by u3623,E103,Page view: {page} by {user}
70374,2026-01-15,06:21:20,INFO,AuthService,Health check passed: AuthService,E102,Health check passed: {service}
70375,2026-01-15,06:41:50,INFO,AuthService,Transaction tx369775 completed in 150ms,E104,Transaction {tx} completed in {time}ms
70376,2026-01-15,06:41:20,WARN,WebServer,Disk usage > 85% on node node-1,E202,Disk usage > 85% on node {node}
70377,2026-01-15,06:19:31,INFO,OrderProcessor,Health check passed: OrderProcessor,E102,Health check passed: {service}
70378,2026-01-15,06:35:35,INFO,WebServer,User u1318 login successful,E101,User {user} login successful
70379,2026-01-15,06:30:29,INFO,OrderProcessor,Health check passed: OrderProcessor,E102,Health check passed: {service}
70380,2026-01-15,06:45:56,INFO,AuthService,Health check passed: AuthService,E102,Health check passed: {service}
70381,2026-01-15,06:50:45,INFO,AuthService,Page view: /home by u4343,E103,Page view: {page} by {user}
70382,2026-01-15,06:57:08,INFO,WebServer,Health check passed: WebServer,E102,Health check passed: {service}
70383,2026-01-15,06:12:52,INFO,AuthService,User u2356 login successful,E101,User {user} login successful
70384,2026-01-15,06:09:33,INFO,WebServer,Health check passed: WebServer,E102,Health check passed: {service}
70385,2026-01-15,06:00:34,INFO,WebServer,Health check passed: WebServer,E102,Health check passed: {service}
70386,2026-01-15,06:02:50,WARN,AuthService,Disk usage > 85% on node node-2,E202,Disk usage > 85% on node {node}
70387,2026-01-15,06:39:28,WARN,AuthService,High latency (348ms) detected on AuthService,E201,High latency ({time}ms) detected on {service}
70388,2026-01-15,06:47:41,INFO,OrderProcessor,Page view: /home by u2832,E103,Page view: {page} by {user}
70389,2026-01-15,06:10:03,INFO,InventoryDB,Transaction tx722364 completed in 820ms,E104,Transaction {tx} completed in {time}ms
70390,2026-01-15,06:25:20,ERROR,WebServer,Connection refused to WebServer at 10.0.0.12,E501,Connection refused to {service} at {ip}
70391,2026-01-15,06:57:03,INFO,PaymentGateway,Transaction tx508109 completed in 1749ms,E104,Transaction {tx} completed in {time}ms
70392,2026-01-15,06:22:05,INFO,WebServer,User u1660 login successful,E101,User {user} login successful
70393,2026-01-15,06:52:20,INFO,AuthService,User u3926 login successful,E101,User {user} login successful
70394,2026-01-15,06:25:37,INFO,WebServer,Health check passed: WebServer,E102,Health check passed: {service}
70395,2026-01-15,06:39:43,INFO,WebServer,Page view: /home by u3700,E103,Page view: {page} by {user}
70396,2026-01-15,06:04:51,INFO,OrderProcessor,Transaction tx367726 completed in 1676ms,E104,Transaction {tx} completed in {time}ms
70397,2026-01-15,06:58:18,INFO,WebServer,Health check passed: WebServer,E102,Health check passed: {service}
70398,2026-01-15,06:20:16,INFO,PaymentGateway,Health check passed: PaymentGateway,E102,Health check passed: {service}
70399,2026-01-15,06:53:41,INFO,OrderProcessor,Page view: /home by u1089,E103,Page view: {page} by {user}
70400,2026-01-15,06:00:40,INFO,OrderProcessor,Health check passed: OrderProcessor,E102,Health check passed: {service}
70401,2026-01-15,06:53:52,INFO,WebServer,Page view: /home by u3205,E103,Page view: {page} by {user}
70402,2026-01-15,06:32:34,INFO,WebServer,Transaction tx822057 completed in 1887ms,E104,Transaction {tx} completed in {time}ms
70403,2026-01-15,06:53:32,INFO,AuthService,Page view: /home by u4899,E103,Page view: {page} by {user}
70404,2026-01-15,06:31:12,INFO,WebServer,Page view: /home by u4824,E103,Page view: {page} by {user}
70405,2026-01-15,06:19:47,INFO,AuthService,Transaction tx495107 completed in 1190ms,E104,Transaction {tx} completed in {time}ms
70406,2026-01-15,06:34:05,INFO,PaymentGateway,Health check passed: PaymentGateway,E102,Health check passed: {service}
70407,2026-01-15,06:28:18,INFO,WebServer,Health check passed: WebServer,E102,Health check passed: {service}
70408,2026-01-15,06:42:57,INFO,WebServer,Page view: /home by u4327,E103,Page view: {page} by {user}
70409,2026-01-15,06:15:14,WARN,PaymentGateway,High latency (1093ms) detected on PaymentGateway,E201,High latency ({time}ms) detected on {service}
70410,2026-01-15,06:39:32,INFO,InventoryDB,User u2457 login successful,E101,User {user} login successful
70411,2026-01-15,06:00:24,INFO,WebServer,Transaction tx508026 completed in 941ms,E104,Transaction {tx} completed in {time}ms
70412,2026-01-15,06:58:29,INFO,WebServer,Page view: /home by u2360,E103,Page view: {page} by {user}
70413,2026-01-15,06:48:20,INFO,InventoryDB,Page view: /home by u4952,E103,Page view: {page} by {user}
70414,2026-01-15,06:19:42,INFO,OrderProcessor,Health check passed: OrderProcessor,E102,Health check passed: {service}
70415,2026-01-15,06:12:57,INFO,InventoryDB,User u1043 login successful,E101,User {user} login successful
70416,2026-01-15,06:47:43,INFO,WebServer,Health check passed: WebServer,E102,Health check passed: {service}
70417,2026-01-15,06:58:57,INFO,WebServer,User u2296 login successful,E101,User {user} login successful
70418,2026-01-15,06:31:03,INFO,OrderProcessor,Health check passed: OrderProcessor,E102,Health check passed: {service}
70419,2026-01-15,06:58:15,INFO,WebServer,User u1446 login successful,E101,User {user} login successful
70420,2026-01-15,06:58:43,INFO,WebServer,Health check passed: WebServer,E102,Health check passed: {service}
70421,2026-01-15,06:52:49,WARN,OrderProcessor,Disk usage > 85% on node node-4,E202,Disk usage > 85% on node {node}
70422,2026-01-15,06:21:00,INFO,WebServer,User u2914 login successful,E101,User {user} login successful
70423,2026-01-15,06:53:11,INFO,WebServer,Transaction tx990144 completed in 435ms,E104,Transaction {tx} completed in {time}ms
70424,2026-01-15,06:38:50,INFO,AuthService,Health check passed: AuthService,E102,Health check passed: {service}
70425,2026-01-15,06:15:03,INFO,WebServer,Page view: /home by u4058,E103,Page view: {page} by {user}
70426,2026-01-15,06:29:18,INFO,WebServer,User u1179 login successful,E101,User {user} login successful
70427,2026-01-15,06:58:09,INFO,PaymentGateway,Health check passed: PaymentGateway,E102,Health check passed: {service}
70428,2026-01-15,06:43:12,INFO,WebServer,User u1358 login successful,E101,User {user} login successful
70429,2026-01-15,06:58:49,INFO,OrderProcessor,Health check passed: OrderProcessor,E102,Health check passed: {service}
70430,2026-01-15,06:09:31,INFO,WebServer,Transaction tx530359 completed in 457ms,E104,Transaction {tx} completed in {time}ms
70431,2026-01-15,07:52:23,INFO,WebServer,User u3343 login successful,E101,User {user} login successful
70432,2026-01-15,07:04:25,INFO,WebServer,User u3132 login successful,E101,User {user} login successful
70433,2026-01-15,07:29:12,INFO,WebServer,Transaction tx245383 completed in 1192ms,E104,Transaction {tx} completed in {time}ms
70434,2026-01-15,07:09:05,INFO,AuthService,Page view: /home by u1791,E103,Page view: {page} by {user}
70435,2026-01-15,07:08:27,WARN,WebServer,Unauthorized access attempt from 10.0.0.12,E401,Unauthorized access attempt from {ip}
70436,2026-01-15,07:16:30,INFO,WebServer,Health check passed: WebServer,E102,Health check passed: {service}
70437,2026-01-15,07:49:38,INFO,WebServer,Health check passed: WebServer,E102,Health check passed: {service}
70438,2026-01-15,07:24:31,INFO,WebServer,Health check passed: WebServer,E102,Health check passed: {service}
70439,2026-01-15,07:00:42,WARN,WebServer,Unauthorized access attempt from 10.0.0.45,E401,Unauthorized access attempt from {ip}
70440,2026-01-15,07:38:18,INFO,OrderProcessor,Page view: /home by u3015,E103,Page view: {page} by {user}
70441,2026-01-15,07:59:08,INFO,AuthService,Transaction tx563415 completed in 1159ms,E104,Transaction {tx} completed in {time}ms
70442,2026-01-15,07:54:03,INFO,WebServer,Transaction tx514528 completed in 1833ms,E104,Transaction {tx} completed in {time}ms
70443,2026-01-15,07:13:42,INFO,WebServer,Page view: /home by u4898,E103,Page view: {page} by {user}
70444,2026-01-15,07:07:02,WARN,WebServer,Unauthorized access attempt from 10.0.0.45,E401,Unauthorized access attempt from {ip}
70445,2026-01-15,07:07:21,INFO,PaymentGateway,User u2929 login successful,E101,User {user} login successful
70446,2026-01-15,07:02:42,INFO,WebServer,Health check passed: WebServer,E102,Health check passed: {service}
70447,2026-01-15,07:43:27,INFO,WebServer,Page view: /home by u4084,E103,Page view: {page} by {user}
70448,2026-01-15,07:48:45,INFO,AuthService,Page view: /home by u4005,E103,Page view: {page} by {user}
70449,2026-01-15,07:49:21,INFO,OrderProcessor,Page view: /home by u1600,E103,Page view: {page} by {user}
70450,2026-01-15,07:00:36,INFO,OrderProcessor,User u2688 login successful,E101,User {user} login successful
70451,2026-01-15,07:38:54,INFO,OrderProcessor,Transaction tx582805 completed in 843ms,E104,Transaction {tx} completed in {time}ms
70452,2026-01-15,07:51:52,INFO,WebServer,Transaction tx338372 completed in 1249ms,E104,Transaction {tx} completed in {time}ms
70453,2026-01-15,07:23:09,INFO,WebServer,Page view: /home by u1659,E103,Page view: {page} by {user}
70454,2026-01-15,07:46:58,INFO,PaymentGateway,User u3998 login successful,E101,User {user} login successful
70455,2026-01-15,07:23:11,WARN,AuthService,Disk usage > 85% on node node-3,E202,Disk usage > 85% on node {node}
70456,2026-01-15,07:06:44,INFO,WebServer,Transaction tx557365 completed in 481ms,E104,Transaction {tx} completed in {time}ms
70457,2026-01-15,07:10:08,INFO,AuthService,Page view: /home by u4284,E103,Page view: {page} by {user}
70458,2026-01-15,07:05:37,INFO,WebServer,Transaction tx260881 completed in 774ms,E104,Transaction {tx} completed in {time}ms
70459,2026-01-15,07:22:05,INFO,PaymentGateway,Page view: /home by u3543,E103,Page view: {page} by {user}
70460,2026-01-15,07:08:51,INFO,InventoryDB,Health check passed: InventoryDB,E102,Health check passed: {service}
70461,2026-01-15,07:22:09,INFO,WebServer,Transaction tx530364 completed in 397ms,E104,Transaction {tx} completed in {time}ms
70462,2026-01-15,07:55:10,INFO,WebServer,Transaction tx261554 completed in 1114ms,E104,Transaction {tx} completed in {time}ms
70463,2026-01-15,07:55:48,INFO,WebServer,Transaction tx497621 completed in 1316ms,E104,Transaction {tx} completed in {time}ms
70464,2026-01-15,07:18:28,INFO,WebServer,Page view: /home by u3740,E103,Page view: {page} by {user}
70465,2026-01-15,07:06:53,INFO,WebServer,Transaction tx169944 completed in 250ms,E104,Transaction {tx} completed in {time}ms
70466,2026-01-15,07:03:49,INFO,WebServer,Transaction tx558941 completed in 651ms,E104,Transaction {tx} completed in {time}ms
70467,2026-01-15,07:59:18,INFO,WebServer,User u4612 login successful,E101,User {user} login successful
70468,2026-01-15,07:59:51,INFO,OrderProcessor,Page view: /home by u2232,E103,Page view: {page} by {user}
70469,2026-01-15,07:58:49,INFO,OrderProcessor,Page view: /home by u1994,E103,Page view: {page} by {user}
70470,2026-01-15,07:40:55,INFO,AuthService,Page view: /home by u4890,E103,Page view: {page} by {user}
70471,2026-01-15,07:09:38,INFO,OrderProcessor,Page view: /home by u2838,E103,Page view: {page} by {user}
70472,2026-01-15,07:57:02,INFO,OrderProcessor,User u2428 login successful,E101,User {user} login successful
70473,2026-01-15,07:14:26,INFO,OrderProcessor,User u2993 login successful,E101,User {user} login successful
70474,2026-01-15,07:42:36,INFO,WebServer,Page view: /home by u1043,E103,Page view: {page} by {user}
70475,2026-01-15,07:27:40,INFO,AuthService,Transaction tx684753 completed in 1895ms,E104,Transaction {tx} completed in {time}ms
70476,2026-01-15,07:43:26,INFO,WebServer,Page view: /home by u1528,E103,Page view: {page} by {user}
70477,2026-01-15,07:01:00,INFO,WebServer,Page view: /home by u1174,E103,Page view: {page} by {user}
70478,2026-01-15,07:10:28,ERROR,AuthService,Timeout waiting for lock on InventoryDB,E502,Timeout waiting for lock on {db}
70479,2026-01-15,07:01:48,INFO,AuthService,Page view: /home by u2213,E103,Page view: {page} by {user}
70480,2026-01-15,07:46:03,INFO,InventoryDB,User u2666 login successful,E101,User {user} login successful
70481,2026-01-15,07:16:51,INFO,InventoryDB,Page view: /home by u3722,E103,Page view: {page} by {user}
70482,2026-01-15,07:39:33,ERROR,AuthService,Payment declined: Gateway unavailable,E503,Payment declined: Gateway unavailable
70483,2026-01-15,07:30:22,INFO,WebServer,Health check passed: WebServer,E102,Health check passed: {service}
70484,2026-01-15,07:42:21,INFO,WebServer,Health check passed: WebServer,E102,Health check passed: {service}
70485,2026-01-15,07:28:55,INFO,OrderProcessor,Health check passed: OrderProcessor,E102,Health check passed: {service}
70486,2026-01-15,07:58:37,INFO,WebServer,Transaction tx377817 completed in 554ms,E104,Transaction {tx} completed in {time}ms
70487,2026-01-15,07:18:44,INFO,WebServer,Page view: /home by u3063,E103,Page view: {page} by {user}
70488,2026-01-15,07:47:29,INFO,OrderProcessor,Health check passed: OrderProcessor,E102,Health check passed: {service}
70489,2026-01-15,07:25:26,INFO,WebServer,Transaction tx109917 completed in 624ms,E104,Transaction {tx} completed in {time}ms
70490,2026-01-15,07:31:23,WARN,AuthService,Disk usage > 85% on node node-4,E202,Disk usage > 85% on node {node}
70491,2026-01-15,07:35:27,INFO,WebServer,Health check passed: WebServer,E102,Health check passed: {service}
70492,2026-01-15,07:48:53,INFO,AuthService,Health check passed: AuthService,E102,Health check passed: {service}
70493,2026-01-15,07:19:03,INFO,WebServer,Transaction tx107557 completed in 407ms,E104,Transaction {tx} completed in {time}ms
70494,2026-01-15,07:04:42,INFO,WebServer,Transaction tx905155 completed in 641ms,E104,Transaction {tx} completed in {time}ms
70495,2026-01-15,07:07:46,INFO,WebServer,Health check passed: WebServer,E102,Health check passed: {service}
70496,2026-01-15,07:02:30,INFO,AuthService,User u3501 login successful,E101,User {user} login successful
70497,2026-01-15,07:49:50,INFO,WebServer,User u2044 login successful,E101,User {user} login successful
70498,2026-01-15,07:18:50,INFO,WebServer,Transaction tx174913 completed in 1361ms,E104,Transaction {tx} completed in {time}ms
70499,2026-01-15,07:11:18,INFO,PaymentGateway,User u2173 login successful,E101,User {user} login successful
70500,2026-01-15,07:10:18,INFO,WebServer,Health check passed: WebServer,E102,Health check passed: {service}
70501,2026-01-15,07:07:21,ERROR,PaymentGateway,Connection refused to PaymentGateway at 10.0.0.12,E501,Connection refused to {service} at {ip}
70502,2026-01-15,07:41:12,INFO,OrderProcessor,User u3724 login successful,E101,User {user} login successful
70503,2026-01-15,07:14:25,INFO,WebServer,Transaction tx103169 completed in 1515ms,E104,Transaction {tx} completed in {time}ms
70504,2026-01-15,07:00:07,INFO,WebServer,Health check passed: WebServer,E102,Health check passed: {service}
70505,2026-01-15,07:14:07,INFO,WebServer,User u1706 login successful,E101,User {user} login successful
70506,2026-01-15,07:53:44,WARN,OrderProcessor,Unauthorized access attempt from 10.0.0.45,E401,Unauthorized access attempt from {ip}
70507,2026-01-15,07:09:39,INFO,OrderProcessor,User u3669 login successful,E101,User {user} login successful
70508,2026-01-15,07:20:19,INFO,InventoryDB,Page view: /home by u1022,E103,Page view: {page} by {user}
70509,2026-01-15,07:32:27,INFO,WebServer,Page view: /home by u2197,E103,Page view: {page} by {user}
70510,2026-01-15,07:49:04,INFO,WebServer,Page view: /home by u2741,E103,Page view: {page} by {user}
70511,2026-01-15,07:16:23,INFO,WebServer,User u2174 login successful,E101,User {user} login successful
70512,2026-01-15,07:10:54,INFO,WebServer,Health check passed: WebServer,E102,Health check passed: {service}
70513,2026-01-15,07:44:58,INFO,WebServer,Page view: /home by u3601,E103,Page view: {page} by {user}
70514,2026-01-15,07:03:53,INFO,WebServer,Page view: /home by u2413,E103,Page view: {page} by {user}
70515,2026-01-15,07:30:07,INFO,WebServer,User u1188 login successful,E101,User {user} login successful
70516,2026-01-15,07:05:21,INFO,WebServer,Page view: /home by u4895,E103,Page view: {page} by {user}
70517,2026-01-15,07:44:30,INFO,WebServer,Page view: /home by u2117,E103,Page view: {page} by {user}
70518,2026-01-15,07:13:08,INFO,WebServer,Page view: /home by u2593,E103,Page view: {page} by {user}
70519,2026-01-15,07:45:55,INFO,WebServer,Health check passed: WebServer,E102,Health check passed: {service}
70520,2026-01-15,07:18:52,WARN,WebServer,Disk usage > 85% on node node-1,E202,Disk usage > 85% on node {node}
70521,2026-01-15,07:40:15,INFO,WebServer,Page view: /home by u3928,E103,Page view: {page} by {user}
70522,2026-01-15,07:37:44,INFO,PaymentGateway,Health check passed: PaymentGateway,E102,Health check passed: {service}
70523,2026-01-15,07:53:03,INFO,AuthService,User u1319 login successful,E101,User {user} login successful
70524,2026-01-15,07:03:29,INFO,WebServer,Health check passed: WebServer,E102,Health check passed: {service}
70525,2026-01-15,07:27:58,INFO,WebServer,Transaction tx292779 completed in 336ms,E104,Transaction {tx} completed in {time}ms
70526,2026-01-15,07:11:17,INFO,OrderProcessor,Transaction tx688083 completed in 216ms,E104,Transaction {tx} completed in {time}ms
70527,2026-01-15,07:12:21,INFO,OrderProcessor,Page view: /home by u1240,E103,Page view: {page} by {user}
70528,2026-01-15,07:08:17,INFO,WebServer,Page view: /home by u2269,E103,Page view: {page} by {user}
70529,2026-01-15,07:35:40,INFO,WebServer,User u3848 login successful,E101,User {user} login successful
70530,2026-01-15,07:19:29,INFO,WebServer,User u1399 login successful,E101,User {user} login successful
70531,2026-01-15,07:22:28,INFO,AuthService,Health check passed: AuthService,E102,Health check passed: {service}
70532,2026-01-15,07:18:24,WARN,PaymentGateway,Unauthorized access attempt from 10.0.0.45,E401,Unauthorized access attempt from {ip}
70533,2026-01-15,07:19:31,INFO,WebServer,Page view: /home by u1263,E103,Page view: {page} by {user}
70534,2026-01-15,07:47:14,INFO,WebServer,User u3100 login successful,E101,User {user} login successful
70535,2026-01-15,07:04:14,WARN,AuthService,Unauthorized access attempt from 10.0.0.45,E401,Unauthorized access attempt from {ip}
70536,2026-01-15,07:21:54,WARN,WebServer,High latency (1248ms) detected on WebServer,E201,High latency ({time}ms) detected on {service}
70537,2026-01-15,07:50:20,WARN,AuthService,High latency (806ms) detected on AuthService,E201,High latency ({time}ms) detected on {service}
70538,2026-01-15,07:45:48,INFO,AuthService,Transaction tx489120 completed in 1675ms,E104,Transaction {tx} completed in {time}ms
70539,2026-01-15,07:29:09,INFO,WebServer,Health check passed: WebServer,E102,Health check passed: {service}
70540,2026-01-15,07:16:57,INFO,WebServer,User u3627 login successful,E101,User {user} login successful
70541,2026-01-15,07:06:49,INFO,WebServer,User u4864 login successful,E101,User {user} login successful
70542,2026-01-15,07:47:35,INFO,WebServer,Transaction tx517450 completed in 93ms,E104,Transaction {tx} completed in {time}ms
70543,2026-01-15,07:22:42,INFO,AuthService,Page view: /home by u2339,E103,Page view: {page} by {user}
70544,2026-01-15,07:18:16,WARN,WebServer,Unauthorized access attempt from 10.0.0.45,E401,Unauthorized access attempt from {ip}
70545,2026-01-15,07:35:12,INFO,WebServer,User u2705 login successful,E101,User {user} login successful
70546,2026-01-15,07:17:19,INFO,OrderProcessor,User u2777 login successful,E101,User {user} login successful
70547,2026-01-15,07:21:34,INFO,OrderProcessor,User u4543 login successful,E101,User {user} login successful
70548,2026-01-15,07:27:48,INFO,WebServer,Transaction tx872423 completed in 383ms,E104,Transaction {tx} completed in {time}ms
70549,2026-01-15,07:12:58,INFO,OrderProcessor,Transaction tx744160 completed in 1972ms,E104,Transaction {tx} completed in {time}ms
70550,2026-01-15,07:40:31,INFO,OrderProcessor,Page view: /home by u4230,E103,Page view: {page} by {user}
70551,2026-01-15,07:23:55,INFO,WebServer,Transaction tx879616 completed in 1293ms,E104,Transaction {tx} completed in {time}ms
70552,2026-01-15,07:59:30,INFO,WebServer,Page view: /home by u3555,E103,Page view: {page} by {user}
70553,2026-01-15,07:39:54,WARN,AuthService,Disk usage > 85% on node node-4,E202,Disk usage > 85% on node {node}
70554,2026-01-15,07:11:22,INFO,WebServer,Transaction tx895692 completed in 1883ms,E104,Transaction {tx} completed in {time}ms
70555,2026-01-15,07:30:11,INFO,WebServer,User u1693 login successful,E101,User {user} login successful
70556,2026-01-15,07:16:30,ERROR,WebServer,Connection refused to WebServer at 10.0.0.45,E501,Connection refused to {service} at {ip}
70557,2026-01-15,07:20:02,ERROR,AuthService,Timeout waiting for lock on InventoryDB,E502,Timeout waiting for lock on {db}
70558,2026-01-15,07:56:26,WARN,PaymentGateway,High latency (1130ms) detected on PaymentGateway,E201,High latency ({time}ms) detected on {service}
70559,2026-01-15,07:33:49,INFO,AuthService,Page view: /home by u3292,E103,Page view: {page} by {user}
70560,2026-01-15,07:32:20,ERROR,WebServer,Timeout waiting for lock on InventoryDB,E502,Timeout waiting for lock on {db}
70561,2026-01-15,07:11:39,INFO,WebServer,User u4029 login successful,E101,User {user} login successful
70562,2026-01-15,07:06:48,INFO,AuthService,Page view: /home by u3795,E103,Page view: {page} by {user}
70563,2026-01-15,07:27:41,INFO,AuthService,User u3482 login successful,E101,User {user} login successful
70564,2026-01-15,07:41:33,INFO,WebServer,Health check passed: WebServer,E102,Health check passed: {service}
70565,2026-01-15,07:50:01,INFO,WebServer,User u1428 login successful,E101,User {user} login successful
70566,2026-01-15,07:25:41,INFO,OrderProcessor,Health check passed: OrderProcessor,E102,Health check passed: {service}
70567,2026-01-15,07:05:06,INFO,WebServer,Page view: /home by u1453,E103,Page view: {page} by {user}
70568,2026-01-15,07:56:11,INFO,WebServer,Health check passed: WebServer,E102,Health check passed: {service}
70569,2026-01-15,07:25:02,INFO,WebServer,Page view: /home by u4675,E103,Page view: {page} by {user}
70570,2026-01-15,07:14:19,INFO,WebServer,User u1740 login successful,E101,User {user} login successful
70571,2026-01-15,07:28:58,INFO,WebServer,Transaction tx848480 completed in 921ms,E104,Transaction {tx} completed in {time}ms
70572,2026-01-15,07:02:19,INFO,WebServer,Page view: /home by u3556,E103,Page view: {page} by {user}
70573,2026-01-15,07:49:46,INFO,WebServer,Health check passed: WebServer,E102,Health check passed: {service}
70574,2026-01-15,07:08:02,INFO,WebServer,Page view: /home by u2220,E103,Page view: {page} by {user}
70575,2026-01-15,07:45:54,INFO,AuthService,Health check passed: AuthService,E102,Health check passed: {service}
70576,2026-01-15,07:05:29,INFO,AuthService,Transaction tx612435 completed in 93ms,E104,Transaction {tx} completed in {time}ms
70577,2026-01-15,07:05:48,INFO,WebServer,User u4586 login successful,E101,User {user} login successful
70578,2026-01-15,07:08:05,INFO,WebServer,Health check passed: WebServer,E102,Health check passed: {service}
70579,2026-01-15,07:02:13,INFO,OrderProcessor,Transaction tx936535 completed in 1704ms,E104,Transaction {tx} completed in {time}ms
70580,2026-01-15,07:19:50,INFO,AuthService,User u1309 login successful,E101,User {user} login successful
70581,2026-01-15,07:29:19,INFO,OrderProcessor,User u1269 login successful,E101,User {user} login successful
70582,2026-01-15,07:58:46,INFO,OrderProcessor,Health check passed: OrderProcessor,E102,Health check passed: {service}
70583,2026-01-15,07:01:29,INFO,AuthService,Transaction tx796897 completed in 1734ms,E104,Transaction {tx} completed in {time}ms
70584,2026-01-15,07:36:50,INFO,PaymentGateway,User u3833 login successful,E101,User {user} login successful
70585,2026-01-15,07:02:19,INFO,WebServer,Health check passed: WebServer,E102,Health check passed: {service}
70586,2026-01-15,07:24:06,WARN,WebServer,Unauthorized access attempt from 10.0.0.12,E401,Unauthorized access attempt from {ip}
70587,2026-01-15,07:40:38,INFO,PaymentGateway,User u4731 login successful,E101,User {user} login successful
70588,2026-01-15,07:35:58,WARN,OrderProcessor,High latency (705ms) detected on OrderProcessor,E201,High latency ({time}ms) detected on {service}
70589,2026-01-15,07:02:37,INFO,WebServer,Transaction tx148698 completed in 229ms,E104,Transaction {tx} completed in {time}ms
70590,2026-01-15,07:31:42,INFO,WebServer,Transaction tx973629 completed in 869ms,E104,Transaction {tx} completed in {time}ms
70591,2026-01-15,07:30:56,INFO,AuthService,Health check passed: AuthService,E102,Health check passed: {service}
70592,2026-01-15,07:45:20,INFO,OrderProcessor,Health check passed: OrderProcessor,E102,Health check passed: {service}
70593,2026-01-15,07:47:56,INFO,OrderProcessor,User u1159 login successful,E101,User {user} login successful
70594,2026-01-15,07:28:25,INFO,WebServer,Transaction tx641098 completed in 1419ms,E104,Transaction {tx} completed in {time}ms
70595,2026-01-15,07:16:47,INFO,PaymentGateway,Page view: /home by u3386,E103,Page view: {page} by {user}
70596,2026-01-15,07:11:15,INFO,PaymentGateway,User u3082 login successful,E101,User {user} login successful
70597,2026-01-15,07:45:18,WARN,PaymentGateway,Unauthorized access attempt from 10.0.0.99,E401,Unauthorized access attempt from {ip}
70598,2026-01-15,07:11:15,INFO,InventoryDB,Transaction tx342801 completed in 262ms,E104,Transaction {tx} completed in {time}ms
70599,2026-01-15,07:45:57,INFO,OrderProcessor,User u4532 login successful,E101,User {user} login successful
70600,2026-01-15,07:15:49,INFO,WebServer,Page view: /home by u3245,E103,Page view: {page} by {user}
70601,2026-01-15,07:28:24,INFO,AuthService,User u2144 login successful,E101,User {user} login successful
70602,2026-01-15,07:34:05,WARN,WebServer,Unauthorized access attempt from 10.0.0.45,E401,Unauthorized access attempt from {ip}
70603,2026-01-15,07:55:43,INFO,AuthService,Transaction tx183691 completed in 1620ms,E104,Transaction {tx} completed in {time}ms
70604,2026-01-15,07:48:04,INFO,WebServer,Health check passed: WebServer,E102,Health check passed: {service}
70605,2026-01-15,07:28:33,INFO,WebServer,Transaction tx732459 completed in 233ms,E104,Transaction {tx} completed in {time}ms
70606,2026-01-15,07:17:35,INFO,OrderProcessor,User u1265 login successful,E101,User {user} login successful
70607,2026-01-15,07:17:01,WARN,WebServer,Disk usage > 85% on node node-2,E202,Disk usage > 85% on node {node}
70608,2026-01-15,07:08:01,WARN,AuthService,Unauthorized access attempt from 10.0.0.45,E401,Unauthorized access attempt from {ip}
70609,2026-01-15,07:15:05,INFO,WebServer,Page view: /home by u4294,E103,Page view: {page} by {user}
70610,2026-01-15,07:55:07,INFO,WebServer,Health check passed: WebServer,E102,Health check passed: {service}
70611,2026-01-15,07:10:24,INFO,AuthService,Transaction tx335574 completed in 1148ms,E104,Transaction {tx} completed in {time}ms
70612,2026-01-15,07:26:31,INFO,WebServer,User u4567 login successful,E101,User {user} login successful
70613,2026-01-15,07:02:20,INFO,AuthService,User u4987 login successful,E101,User {user} login successful
70614,2026-01-15,07:39:39,INFO,AuthService,Transaction tx229569 completed in 368ms,E104,Transaction {tx} completed in {time}ms
70615,2026-01-15,07:19:30,INFO,WebServer,Transaction tx764433 completed in 1562ms,E104,Transaction {tx} completed in {time}ms
70616,2026-01-15,07:36:46,INFO,OrderProcessor,Transaction tx842854 completed in 1852ms,E104,Transaction {tx} completed in {time}ms
70617,2026-01-15,07:24:05,INFO,PaymentGateway,Page view: /home by u1580,E103,Page view: {page} by {user}
70618,2026-01-15,07:04:31,INFO,WebServer,User u2337 login successful,E101,User {user} login successful
70619,2026-01-15,07:53:29,INFO,OrderProcessor,Health check passed: OrderProcessor,E102,Health check passed: {service}
70620,2026-01-15,07:07:37,INFO,PaymentGateway,User u4465 login successful,E101,User {user} login successful
70621,2026-01-15,07:43:46,INFO,WebServer,Health check passed: WebServer,E102,Health check passed: {service}
70622,2026-01-15,07:54:07,INFO,WebServer,Transaction tx480806 completed in 1570ms,E104,Transaction {tx} completed in {time}ms
70623,2026-01-15,07:37:28,INFO,WebServer,Health check passed: WebServer,E102,Health check passed: {service}
70624,2026-01-15,07:29:01,INFO,WebServer,Health check passed: WebServer,E102,Health check passed: {service}
70625,2026-01-15,07:26:22,INFO,WebServer,Transaction tx272521 completed in 1290ms,E104,Transaction {tx} completed in {time}ms
70626,2026-01-15,07:09:07,INFO,AuthService,User u3211 login successful,E101,User {user} login successful
70627,2026-01-15,07:44:03,INFO,InventoryDB,User u1352 login successful,E101,User {user} login successful
70628,2026-01-15,07:04:54,INFO,PaymentGateway,Transaction tx715390 completed in 45ms,E104,Transaction {tx} completed in {time}ms
70629,2026-01-15,07:49:26,INFO,AuthService,Transaction tx881606 completed in 373ms,E104,Transaction {tx} completed in {time}ms
70630,2026-01-15,07:50:00,INFO,AuthService,Transaction tx550915 completed in 1947ms,E104,Transaction {tx} completed in {time}ms
70631,2026-01-15,07:38:29,INFO,WebServer,Page view: /home by u2288,E103,Page view: {page} by {user}
70632,2026-01-15,07:28:22,INFO,OrderProcessor,Health check passed: OrderProcessor,E102,Health check passed: {service}
70633,2026-01-15,07:51:16,INFO,AuthService,Page view: /home by u4666,E103,Page view: {page} by {user}
70634,2026-01-15,07:58:39,INFO,WebServer,Page view: /home by u4244,E103,Page view: {page} by {user}
70635,2026-01-15,07:12:13,INFO,WebServer,Page view: /home by u1808,E103,Page view: {page} by {user}
70636,2026-01-15,07:56:30,INFO,AuthService,Transaction tx500076 completed in 587ms,E104,Transaction {tx} completed in {time}ms
70637,2026-01-15,07:35:16,INFO,PaymentGateway,Transaction tx850856 completed in 701ms,E104,Transaction {tx} completed in {time}ms
70638,2026-01-15,07:43:32,INFO,WebServer,Transaction tx288344 completed in 1617ms,E104,Transaction {tx} completed in {time}ms
70639,2026-01-15,07:32:34,INFO,WebServer,Transaction tx953943 completed in 855ms,E104,Transaction {tx} completed in {time}ms
70640,2026-01-15,07:55:35,INFO,WebServer,User u1760 login successful,E101,User {user} login successful
70641,2026-01-15,07:00:25,INFO,WebServer,Transaction tx140975 completed in 475ms,E104,Transaction {tx} completed in {time}ms
70642,2026-01-15,07:06:23,INFO,WebServer,User u2303 login successful,E101,User {user} login successful
70643,2026-01-15,07:24:21,INFO,WebServer,Health check passed: WebServer,E102,Health check passed: {service}
70644,2026-01-15,07:34:31,INFO,AuthService,User u3751 login successful,E101,User {user} login successful
70645,2026-01-15,07:51:34,ERROR,WebServer,Payment declined: Gateway unavailable,E503,Payment declined: Gateway unavailable
70646,2026-01-15,07:35:53,INFO,WebServer,User u2763 login successful,E101,User {user} login successful
70647,2026-01-15,07:32:27,INFO,WebServer,Health check passed: WebServer,E102,Health check passed: {service}
70648,2026-01-15,07:26:26,INFO,OrderProcessor,Page view: /home by u3095,E103,Page view: {page} by {user}
70649,2026-01-15,07:00:05,INFO,WebServer,Transaction tx244459 completed in 1598ms,E104,Transaction {tx} completed in {time}ms
70650,2026-01-15,07:06:54,INFO,AuthService,Transaction tx696063 completed in 1050ms,E104,Transaction {tx} completed in {time}ms
70651,2026-01-15,07:40:32,INFO,WebServer,Health check passed: WebServer,E102,Health check passed: {service}
70652,2026-01-15,07:19:35,INFO,WebServer,Page view: /home by u2165,E103,Page view: {page} by {user}
70653,2026-01-15,07:40:09,INFO,WebServer,Health check passed: WebServer,E102,Health check passed: {service}
70654,2026-01-15,07:01:55,INFO,WebServer,User u1600 login successful,E101,User {user} login successful
70655,2026-01-15,07:44:43,INFO,AuthService,Transaction tx328305 completed in 1395ms,E104,Transaction {tx} completed in {time}ms
70656,2026-01-15,07:07:07,INFO,AuthService,Page view: /home by u2660,E103,Page view: {page} by {user}
70657,2026-01-15,07:47:18,INFO,WebServer,Transaction tx796825 completed in 1992ms,E104,Transaction {tx} completed in {time}ms
70658,2026-01-15,07:48:34,INFO,OrderProcessor,Transaction tx283523 completed in 253ms,E104,Transaction {tx} completed in {time}ms
70659,2026-01-15,07:02:40,INFO,PaymentGateway,Health check passed: PaymentGateway,E102,Health check passed: {service}
70660,2026-01-15,07:16:38,INFO,WebServer,User u3937 login successful,E101,User {user} login successful
70661,2026-01-15,07:05:46,INFO,AuthService,Page view: /home by u4872,E103,Page view: {page} by {user}
70662,2026-01-15,07:29:41,INFO,OrderProcessor,Page view: /home by u2755,E103,Page view: {page} by {user}
70663,2026-01-15,07:34:49,INFO,WebServer,Transaction tx311474 completed in 1821ms,E104,Transaction {tx} completed in {time}ms
70664,2026-01-15,07:04:47,INFO,WebServer,Transaction tx835491 completed in 635ms,E104,Transaction {tx} completed in {time}ms
70665,2026-01-15,07:38:14,INFO,WebServer,Page view: /home by u4394,E103,Page view: {page} by {user}
70666,2026-01-15,07:53:45,INFO,InventoryDB,User u2502 login successful,E101,User {user} login successful
70667,2026-01-15,07:21:54,INFO,AuthService,Health check passed: AuthService,E102,Health check passed: {service}
70668,2026-01-15,07:15:09,INFO,OrderProcessor,Health check passed: OrderProcessor,E102,Health check passed: {service}
70669,2026-01-15,07:42:42,INFO,WebServer,Transaction tx849227 completed in 763ms,E104,Transaction {tx} completed in {time}ms
70670,2026-01-15,07:36:45,WARN,WebServer,Unauthorized access attempt from 10.0.0.10,E401,Unauthorized access attempt from {ip}
70671,2026-01-15,07:07:41,WARN,WebServer,High latency (590ms) detected on WebServer,E201,High latency ({time}ms) detected on {service}
70672,2026-01-15,07:04:31,INFO,WebServer,Page view: /home by u1731,E103,Page view: {page} by {user}
70673,2026-01-15,07:55:02,INFO,AuthService,Page view: /home by u4338,E103,Page view: {page} by {user}
70674,2026-01-15,07:08:28,INFO,PaymentGateway,Page view: /home by u1630,E103,Page view: {page} by {user}
70675,2026-01-15,07:20:58,INFO,WebServer,Page view: /home by u1970,E103,Page view: {page} by {user}
70676,2026-01-15,07:25:04,WARN,OrderProcessor,Unauthorized access attempt from 10.0.0.12,E401,Unauthorized access attempt from {ip}
70677,2026-01-15,07:13:21,INFO,OrderProcessor,Page view: /home by u3782,E103,Page view: {page} by {user}
70678,2026-01-15,07:43:14,ERROR,OrderProcessor,Connection refused to OrderProcessor at 10.0.0.45,E501,Connection refused to {service} at {ip}
70679,2026-01-15,07:23:01,INFO,OrderProcessor,Health check passed: OrderProcessor,E102,Health check passed: {service}
70680,2026-01-15,07:59:04,INFO,InventoryDB,Health check passed: InventoryDB,E102,Health check passed: {service}
70681,2026-01-15,07:35:06,INFO,InventoryDB,Transaction tx156299 completed in 23ms,E104,Transaction {tx} completed in {time}ms
70682,2026-01-15,07:01:35,INFO,WebServer,Page view: /home by u4862,E103,Page view: {page} by {user}
70683,2026-01-15,07:00:29,INFO,WebServer,Transaction tx103832 completed in 609ms,E104,Transaction {tx} completed in {time}ms
70684,2026-01-15,07:42:21,INFO,WebServer,Health check passed: WebServer,E102,Health check passed: {service}
70685,2026-01-15,07:33:32,INFO,WebServer,User u1953 login successful,E101,User {user} login successful
70686,2026-01-15,07:50:28,INFO,OrderProcessor,Health check passed: OrderProcessor,E102,Health check passed: {service}
70687,2026-01-15,07:50:49,INFO,PaymentGateway,Transaction tx881747 completed in 1936ms,E104,Transaction {tx} completed in {time}ms
70688,2026-01-15,07:46:23,INFO,AuthService,User u4985 login successful,E101,User {user} login successful
70689,2026-01-15,07:23:49,INFO,OrderProcessor,User u2909 login successful,E101,User {user} login successful
70690,2026-01-15,07:29:24,INFO,AuthService,Health check passed: AuthService,E102,Health check passed: {service}
70691,2026-01-15,07:38:36,INFO,PaymentGateway,User u3630 login successful,E101,User {user} login successful
70692,2026-01-15,07:17:29,INFO,AuthService,Page view: /home by u2278,E103,Page view: {page} by {user}
70693,2026-01-15,07:02:03,INFO,WebServer,Transaction tx166824 completed in 1575ms,E104,Transaction {tx} completed in {time}ms
70694,2026-01-15,07:47:28,INFO,AuthService,Health check passed: AuthService,E102,Health check passed: {service}
70695,2026-01-15,07:46:50,INFO,WebServer,Health check passed: WebServer,E102,Health check passed: {service}
70696,2026-01-15,07:53:36,INFO,WebServer,Transaction tx725196 completed in 921ms,E104,Transaction {tx} completed in {time}ms
70697,2026-01-15,07:27:24,INFO,AuthService,Transaction tx439173 completed in 336ms,E104,Transaction {tx} completed in {time}ms
70698,2026-01-15,07:53:19,INFO,PaymentGateway,Transaction tx167016 completed in 1188ms,E104,Transaction {tx} completed in {time}ms
70699,2026-01-15,07:05:46,INFO,WebServer,User u1212 login successful,E101,User {user} login successful
70700,2026-01-15,07:15:35,INFO,OrderProcessor,User u1489 login successful,E101,User {user} login successful
70701,2026-01-15,07:51:22,INFO,WebServer,User u3447 login successful,E101,User {user} login successful
70702,2026-01-15,07:02:29,INFO,WebServer,Health check passed: WebServer,E102,Health check passed: {service}
70703,2026-01-15,07:34:37,WARN,PaymentGateway,High latency (1329ms) detected on PaymentGateway,E201,High latency ({time}ms) detected on {service}
70704,2026-01-15,07:31:03,INFO,WebServer,User u1864 login successful,E101,User {user} login successful
70705,2026-01-15,07:33:05,INFO,WebServer,Health check passed: WebServer,E102,Health check passed: {service}
70706,2026-01-15,07:17:49,ERROR,AuthService,Connection refused to AuthService at 10.0.0.12,E501,Connection refused to {service} at {ip}
70707,2026-01-15,07:35:23,INFO,WebServer,Page view: /home by u4649,E103,Page view: {page} by {user}
70708,2026-01-15,07:15:05,INFO,AuthService,Health check passed: AuthService,E102,Health check passed: {service}
70709,2026-01-15,07:14:22,INFO,PaymentGateway,Health check passed: PaymentGateway,E102,Health check passed: {service}
70710,2026-01-15,07:27:56,INFO,WebServer,Health check passed: WebServer,E102,Health check passed: {service}
70711,2026-01-15,07:36:00,INFO,OrderProcessor,Page view: /home by u4292,E103,Page view: {page} by {user}
70712,2026-01-15,07:48:06,INFO,PaymentGateway,User u3441 login successful,E101,User {user} login successful
70713,2026-01-15,07:26:43,INFO,WebServer,Transaction tx968075 completed in 727ms,E104,Transaction {tx} completed in {time}ms
70714,2026-01-15,07:04:36,INFO,WebServer,User u3631 login successful,E101,User {user} login successful
70715,2026-01-15,07:12:43,INFO,AuthService,Transaction tx520469 completed in 1678ms,E104,Transaction {tx} completed in {time}ms
70716,2026-01-15,07:24:18,INFO,InventoryDB,Transaction tx223339 completed in 1555ms,E104,Transaction {tx} completed in {time}ms
70717,2026-01-15,07:02:17,INFO,OrderProcessor,Transaction tx259348 completed in 1037ms,E104,Transaction {tx} completed in {time}ms
70718,2026-01-15,07:55:59,INFO,InventoryDB,User u4759 login successful,E101,User {user} login successful
70719,2026-01-15,07:09:46,INFO,WebServer,Page view: /home by u2126,E103,Page view: {page} by {user}
70720,2026-01-15,07:24:38,INFO,WebServer,Health check passed: WebServer,E102,Health check passed: {service}
70721,2026-01-15,07:15:06,INFO,WebServer,User u2289 login successful,E101,User {user} login successful
70722,2026-01-15,07:25:32,INFO,OrderProcessor,Page view: /home by u1867,E103,Page view: {page} by {user}
70723,2026-01-15,07:52:45,INFO,WebServer,Page view: /home by u3631,E103,Page view: {page} by {user}
70724,2026-01-15,07:04:29,INFO,PaymentGateway,Transaction tx105170 completed in 1338ms,E104,Transaction {tx} completed in {time}ms
70725,2026-01-15,07:48:32,INFO,AuthService,Health check passed: AuthService,E102,Health check passed: {service}
70726,2026-01-15,07:07:20,INFO,AuthService,User u2392 login successful,E101,User {user} login successful
70727,2026-01-15,07:59:10,INFO,WebServer,Page view: /home by u3224,E103,Page view: {page} by {user}
70728,2026-01-15,07:27:15,INFO,AuthService,Page view: /home by u1561,E103,Page view: {page} by {user}
70729,2026-01-15,07:31:29,INFO,WebServer,User u1555 login successful,E101,User {user} login successful
70730,2026-01-15,07:49:46,INFO,AuthService,User u2629 login successful,E101,User {user} login successful
70731,2026-01-15,07:27:42,INFO,AuthService,Page view: /home by u4071,E103,Page view: {page} by {user}
70732,2026-01-15,07:01:54,INFO,WebServer,User u1923 login successful,E101,User {user} login successful
70733,2026-01-15,07:27:56,INFO,WebServer,Health check passed: WebServer,E102,Health check passed: {service}
70734,2026-01-15,07:01:12,INFO,InventoryDB,Page view: /home by u1248,E103,Page view: {page} by {user}
70735,2026-01-15,07:01:31,INFO,OrderProcessor,Page view: /home by u3186,E103,Page view: {page} by {user}
70736,2026-01-15,07:53:09,INFO,WebServer,User u4353 login successful,E101,User {user} login successful
70737,2026-01-15,07:37:20,WARN,InventoryDB,Unauthorized access attempt from 10.0.0.99,E401,Unauthorized access attempt from {ip}
70738,2026-01-15,07:40:28,INFO,WebServer,User u4154 login successful,E101,User {user} login successful
70739,2026-01-15,07:47:39,INFO,AuthService,Page view: /home by u4631,E103,Page view: {page} by {user}
70740,2026-01-15,07:13:46,INFO,AuthService,Health check passed: AuthService,E102,Health check passed: {service}
70741,2026-01-15,07:01:55,INFO,WebServer,Page view: /home by u1244,E103,Page view: {page} by {user}
70742,2026-01-15,07:40:11,WARN,WebServer,Disk usage > 85% on node node-3,E202,Disk usage > 85% on node {node}
70743,2026-01-15,07:56:53,INFO,WebServer,User u2200 login successful,E101,User {user} login successful
70744,2026-01-15,07:24:33,INFO,OrderProcessor,Transaction tx414556 completed in 502ms,E104,Transaction {tx} completed in {time}ms
70745,2026-01-15,07:54:12,INFO,PaymentGateway,Transaction tx744617 completed in 1818ms,E104,Transaction {tx} completed in {time}ms
70746,2026-01-15,07:24:23,WARN,OrderProcessor,High latency (905ms) detected on OrderProcessor,E201,High latency ({time}ms) detected on {service}
70747,2026-01-15,07:51:24,INFO,AuthService,Transaction tx113399 completed in 1427ms,E104,Transaction {tx} completed in {time}ms
70748,2026-01-15,07:51:03,INFO,WebServer,Health check passed: WebServer,E102,Health check passed: {service}
70749,2026-01-15,07:52:09,INFO,AuthService,User u1706 login successful,E101,User {user} login successful
70750,2026-01-15,07:51:33,ERROR,InventoryDB,Timeout waiting for lock on InventoryDB,E502,Timeout waiting for lock on {db}
70751,2026-01-15,07:57:18,INFO,PaymentGateway,User u1740 login successful,E101,User {user} login successful
70752,2026-01-15,07:02:35,INFO,WebServer,User u4363 login successful,E101,User {user} login successful
70753,2026-01-15,07:23:12,INFO,WebServer,User u4225 login successful,E101,User {user} login successful
70754,2026-01-15,07:01:30,INFO,AuthService,User u1132 login successful,E101,User {user} login successful
70755,2026-01-15,07:32:27,INFO,WebServer,Transaction tx189918 completed in 1152ms,E104,Transaction {tx} completed in {time}ms
70756,2026-01-15,07:52:18,INFO,AuthService,Health check passed: AuthService,E102,Health check passed: {service}
70757,2026-01-15,07:51:32,INFO,AuthService,Page view: /home by u2076,E103,Page view: {page} by {user}
70758,2026-01-15,07:16:11,INFO,WebServer,User u2558 login successful,E101,User {user} login successful
70759,2026-01-15,07:34:05,INFO,WebServer,Transaction tx849430 completed in 1614ms,E104,Transaction {tx} completed in {time}ms
70760,2026-01-15,07:48:29,INFO,OrderProcessor,User u1640 login successful,E101,User {user} login successful
70761,2026-01-15,07:07:59,INFO,OrderProcessor,Transaction tx941971 completed in 1042ms,E104,Transaction {tx} completed in {time}ms
70762,2026-01-15,07:22:30,INFO,InventoryDB,Health check passed: InventoryDB,E102,Health check passed: {service}
70763,2026-01-15,07:57:00,INFO,WebServer,User u2342 login successful,E101,User {user} login successful
70764,2026-01-15,07:48:52,WARN,WebServer,High latency (1352ms) detected on WebServer,E201,High latency ({time}ms) detected on {service}
70765,2026-01-15,07:44:07,INFO,WebServer,Transaction tx597343 completed in 1210ms,E104,Transaction {tx} completed in {time}ms
70766,2026-01-15,07:01:05,INFO,WebServer,Health check passed: WebServer,E102,Health check passed: {service}
70767,2026-01-15,07:33:02,INFO,WebServer,Page view: /home by u4120,E103,Page view: {page} by {user}
70768,2026-01-15,07:24:03,INFO,AuthService,User u2644 login successful,E101,User {user} login successful
70769,2026-01-15,07:35:15,INFO,WebServer,Health check passed: WebServer,E102,Health check passed: {service}
70770,2026-01-15,07:47:09,INFO,WebServer,Health check passed: WebServer,E102,Health check passed: {service}
70771,2026-01-15,07:25:41,INFO,PaymentGateway,User u2618 login successful,E101,User {user} login successful
70772,2026-01-15,07:53:11,INFO,WebServer,Health check passed: WebServer,E102,Health check passed: {service}
70773,2026-01-15,07:19:03,INFO,WebServer,User u3389 login successful,E101,User {user} login successful
70774,2026-01-15,07:41:05,ERROR,OrderProcessor,Timeout waiting for lock on InventoryDB,E502,Timeout waiting for lock on {db}
70775,2026-01-15,07:55:30,INFO,PaymentGateway,User u3173 login successful,E101,User {user} login successful
70776,2026-01-15,07:20:41,INFO,WebServer,Health check passed: WebServer,E102,Health check passed: {service}
70777,2026-01-15,07:57:53,INFO,OrderProcessor,Transaction tx559685 completed in 1271ms,E104,Transaction {tx} completed in {time}ms
70778,2026-01-15,07:46:44,INFO,WebServer,Transaction tx250785 completed in 1336ms,E104,Transaction {tx} completed in {time}ms
70779,2026-01-15,07:21:47,WARN,WebServer,Unauthorized access attempt from 10.0.0.45,E401,Unauthorized access attempt from {ip}
70780,2026-01-15,07:06:36,INFO,AuthService,User u2710 login successful,E101,User {user} login successful
70781,2026-01-15,07:57:36,INFO,InventoryDB,Health check passed: InventoryDB,E102,Health check passed: {service}
70782,2026-01-15,07:18:17,INFO,AuthService,User u2225 login successful,E101,User {user} login successful
70783,2026-01-15,07:27:54,INFO,WebServer,User u2865 login successful,E101,User {user} login successful
70784,2026-01-15,07:14:27,INFO,WebServer,User u2838 login successful,E101,User {user} login successful
70785,2026-01-15,07:14:27,INFO,PaymentGateway,Health check passed: PaymentGateway,E102,Health check passed: {service}
70786,2026-01-15,07:59:12,INFO,OrderProcessor,Transaction tx493455 completed in 265ms,E104,Transaction {tx} completed in {time}ms
70787,2026-01-15,07:44:54,INFO,WebServer,Health check passed: WebServer,E102,Health check passed: {service}
70788,2026-01-15,07:31:56,INFO,WebServer,User u1602 login successful,E101,User {user} login successful
70789,2026-01-15,07:13:19,INFO,PaymentGateway,Transaction tx498745 completed in 746ms,E104,Transaction {tx} completed in {time}ms
70790,2026-01-15,07:47:47,INFO,AuthService,Transaction tx899765 completed in 1142ms,E104,Transaction {tx} completed in {time}ms
70791,2026-01-15,07:26:14,INFO,PaymentGateway,Transaction tx620106 completed in 1824ms,E104,Transaction {tx} completed in {time}ms
70792,2026-01-15,07:36:01,INFO,AuthService,Health check passed: AuthService,E102,Health check passed: {service}
70793,2026-01-15,07:54:52,INFO,WebServer,Page view: /home by u2955,E103,Page view: {page} by {user}
70794,2026-01-15,07:43:41,INFO,WebServer,User u1391 login successful,E101,User {user} login successful
70795,2026-01-15,07:51:54,INFO,AuthService,User u3786 login successful,E101,User {user} login successful
70796,2026-01-15,07:40:20,INFO,AuthService,Transaction tx630298 completed in 1225ms,E104,Transaction {tx} completed in {time}ms
70797,2026-01-15,07:03:21,INFO,WebServer,Page view: /home by u4408,E103,Page view: {page} by {user}
70798,2026-01-15,07:47:35,INFO,AuthService,Transaction tx377369 completed in 1230ms,E104,Transaction {tx} completed in {time}ms
70799,2026-01-15,07:31:30,INFO,WebServer,Page view: /home by u3740,E103,Page view: {page} by {user}
70800,2026-01-15,07:05:48,INFO,WebServer,Transaction tx421909 completed in 943ms,E104,Transaction {tx} completed in {time}ms
70801,2026-01-15,07:10:59,INFO,WebServer,Transaction tx719603 completed in 1206ms,E104,Transaction {tx} completed in {time}ms
70802,2026-01-15,07:23:51,INFO,AuthService,Health check passed: AuthService,E102,Health check passed: {service}
70803,2026-01-15,07:33:27,INFO,WebServer,User u2669 login successful,E101,User {user} login successful
70804,2026-01-15,07:15:06,INFO,AuthService,User u3934 login successful,E101,User {user} login successful
70805,2026-01-15,07:00:06,INFO,WebServer,User u2826 login successful,E101,User {user} login successful
70806,2026-01-15,07:04:38,INFO,PaymentGateway,Transaction tx865538 completed in 1959ms,E104,Transaction {tx} completed in {time}ms
70807,2026-01-15,07:01:36,INFO,InventoryDB,Page view: /home by u1121,E103,Page view: {page} by {user}
70808,2026-01-15,07:05:10,ERROR,WebServer,Payment declined: Gateway unavailable,E503,Payment declined: Gateway unavailable
70809,2026-01-15,07:05:40,INFO,WebServer,Page view: /home by u2116,E103,Page view: {page} by {user}
70810,2026-01-15,07:17:56,WARN,WebServer,Disk usage > 85% on node node-5,E202,Disk usage > 85% on node {node}
70811,2026-01-15,07:49:21,INFO,AuthService,Transaction tx511343 completed in 1315ms,E104,Transaction {tx} completed in {time}ms
70812,2026-01-15,07:46:11,INFO,AuthService,Health check passed: AuthService,E102,Health check passed: {service}
70813,2026-01-15,07:45:09,INFO,WebServer,Page view: /home by u1123,E103,Page view: {page} by {user}
70814,2026-01-15,07:34:58,INFO,WebServer,User u1845 login successful,E101,User {user} login successful
70815,2026-01-15,07:11:58,INFO,WebServer,Page view: /home by u2275,E103,Page view: {page} by {user}
70816,2026-01-15,07:05:12,INFO,PaymentGateway,Transaction tx526634 completed in 271ms,E104,Transaction {tx} completed in {time}ms
70817,2026-01-15,07:22:50,INFO,AuthService,Page view: /home by u1114,E103,Page view: {page} by {user}
70818,2026-01-15,07:08:52,INFO,WebServer,Page view: /home by u1528,E103,Page view: {page} by {user}
70819,2026-01-15,07:06:28,INFO,AuthService,Transaction tx685419 completed in 878ms,E104,Transaction {tx} completed in {time}ms
70820,2026-01-15,07:45:22,INFO,AuthService,User u1627 login successful,E101,User {user} login successful
70821,2026-01-15,07:08:07,INFO,WebServer,Health check passed: WebServer,E102,Health check passed: {service}
70822,2026-01-15,07:19:14,INFO,WebServer,User u4453 login successful,E101,User {user} login successful
70823,2026-01-15,07:41:17,INFO,InventoryDB,Page view: /home by u1463,E103,Page view: {page} by {user}
70824,2026-01-15,07:44:08,INFO,WebServer,User u2550 login successful,E101,User {user} login successful
70825,2026-01-15,07:44:18,INFO,PaymentGateway,Page view: /home by u2647,E103,Page view: {page} by {user}
70826,2026-01-15,07:19:45,INFO,WebServer,Transaction tx912559 completed in 1298ms,E104,Transaction {tx} completed in {time}ms
70827,2026-01-15,07:46:55,INFO,AuthService,Page view: /home by u2779,E103,Page view: {page} by {user}
70828,2026-01-15,07:11:54,CRITICAL,WebServer,DATA CORRUPTION detected in sector 489,E602,DATA CORRUPTION detected in sector {sector}
70829,2026-01-15,07:30:46,INFO,PaymentGateway,Page view: /home by u2023,E103,Page view: {page} by {user}
70830,2026-01-15,07:20:25,INFO,WebServer,Health check passed: WebServer,E102,Health check passed: {service}
70831,2026-01-15,07:39:28,INFO,AuthService,Transaction tx317955 completed in 1339ms,E104,Transaction {tx} completed in {time}ms
70832,2026-01-15,07:36:51,INFO,AuthService,Transaction tx452723 completed in 110ms,E104,Transaction {tx} completed in {time}ms
70833,2026-01-15,07:50:50,INFO,AuthService,User u2917 login successful,E101,User {user} login successful
70834,2026-01-15,07:31:58,INFO,WebServer,Transaction tx296047 completed in 423ms,E104,Transaction {tx} completed in {time}ms
70835,2026-01-15,07:09:56,INFO,AuthService,User u2442 login successful,E101,User {user} login successful
70836,2026-01-15,07:10:47,INFO,OrderProcessor,Page view: /home by u1696,E103,Page view: {page} by {user}
70837,2026-01-15,07:12:02,INFO,PaymentGateway,Transaction tx645271 completed in 990ms,E104,Transaction {tx} completed in {time}ms
70838,2026-01-15,07:23:56,INFO,OrderProcessor,Page view: /home by u3148,E103,Page view: {page} by {user}
70839,2026-01-15,07:54:16,WARN,WebServer,Unauthorized access attempt from 10.0.0.99,E401,Unauthorized access attempt from {ip}
70840,2026-01-15,07:33:18,INFO,InventoryDB,Page view: /home by u4991,E103,Page view: {page} by {user}
70841,2026-01-15,07:22:32,INFO,OrderProcessor,Health check passed: OrderProcessor,E102,Health check passed: {service}
70842,2026-01-15,07:09:31,INFO,AuthService,Health check passed: AuthService,E102,Health check passed: {service}
70843,2026-01-15,07:21:29,INFO,OrderProcessor,Health check passed: OrderProcessor,E102,Health check passed: {service}
70844,2026-01-15,07:18:28,WARN,OrderProcessor,Disk usage > 85% on node node-3,E202,Disk usage > 85% on node {node}
70845,2026-01-15,07:44:04,INFO,OrderProcessor,Transaction tx508603 completed in 1660ms,E104,Transaction {tx} completed in {time}ms
70846,2026-01-15,07:53:35,INFO,AuthService,Page view: /home by u4096,E103,Page view: {page} by {user}
70847,2026-01-15,07:49:47,INFO,WebServer,User u2720 login successful,E101,User {user} login successful
70848,2026-01-15,07:08:44,INFO,PaymentGateway,Transaction tx446687 completed in 523ms,E104,Transaction {tx} completed in {time}ms
70849,2026-01-15,07:46:57,INFO,AuthService,Page view: /home by u2040,E103,Page view: {page} by {user}
70850,2026-01-15,07:09:47,INFO,WebServer,User u4487 login successful,E101,User {user} login successful
70851,2026-01-15,07:17:52,INFO,AuthService,Transaction tx726816 completed in 1526ms,E104,Transaction {tx} completed in {time}ms
70852,2026-01-15,07:09:08,INFO,OrderProcessor,User u4709 login successful,E101,User {user} login successful
70853,2026-01-15,07:04:08,INFO,OrderProcessor,Transaction tx681778 completed in 1302ms,E104,Transaction {tx} completed in {time}ms
70854,2026-01-15,07:42:56,INFO,AuthService,Transaction tx265386 completed in 966ms,E104,Transaction {tx} completed in {time}ms
70855,2026-01-15,07:49:00,INFO,AuthService,Page view: /home by u2161,E103,Page view: {page} by {user}
70856,2026-01-15,07:17:52,INFO,AuthService,Page view: /home by u3787,E103,Page view: {page} by {user}
70857,2026-01-15,07:11:09,INFO,WebServer,Health check passed: WebServer,E102,Health check passed: {service}
70858,2026-01-15,07:32:09,INFO,AuthService,User u4727 login successful,E101,User {user} login successful
70859,2026-01-15,07:54:38,INFO,WebServer,Transaction tx879644 completed in 1695ms,E104,Transaction {tx} completed in {time}ms
70860,2026-01-15,07:14:32,INFO,WebServer,User u3169 login successful,E101,User {user} login successful
70861,2026-01-15,07:04:48,INFO,WebServer,Transaction tx404612 completed in 1271ms,E104,Transaction {tx} completed in {time}ms
70862,2026-01-15,07:31:32,INFO,WebServer,User u1356 login successful,E101,User {user} login successful
70863,2026-01-15,07:24:39,INFO,AuthService,Transaction tx289677 completed in 227ms,E104,Transaction {tx} completed in {time}ms
70864,2026-01-15,07:33:07,INFO,InventoryDB,Page view: /home by u2518,E103,Page view: {page} by {user}
70865,2026-01-15,07:24:03,INFO,WebServer,Transaction tx812763 completed in 1155ms,E104,Transaction {tx} completed in {time}ms
70866,2026-01-15,07:00:12,INFO,AuthService,Page view: /home by u4301,E103,Page view: {page} by {user}
70867,2026-01-15,07:20:26,INFO,OrderProcessor,Health check passed: OrderProcessor,E102,Health check passed: {service}
70868,2026-01-15,07:07:18,INFO,AuthService,Page view: /home by u4353,E103,Page view: {page} by {user}
70869,2026-01-15,07:26:57,INFO,WebServer,Health check passed: WebServer,E102,Health check passed: {service}
70870,2026-01-15,07:08:25,INFO,AuthService,Transaction tx486374 completed in 1997ms,E104,Transaction {tx} completed in {time}ms
70871,2026-01-15,07:25:36,INFO,WebServer,Health check passed: WebServer,E102,Health check passed: {service}
70872,2026-01-15,07:16:12,INFO,WebServer,User u2912 login successful,E101,User {user} login successful
70873,2026-01-15,07:58:36,INFO,AuthService,Page view: /home by u2371,E103,Page view: {page} by {user}
70874,2026-01-15,07:46:41,INFO,AuthService,User u1603 login successful,E101,User {user} login successful
70875,2026-01-15,07:50:07,INFO,WebServer,Page view: /home by u3528,E103,Page view: {page} by {user}
70876,2026-01-15,07:07:49,INFO,PaymentGateway,Transaction tx802536 completed in 1640ms,E104,Transaction {tx} completed in {time}ms
70877,2026-01-15,07:15:01,INFO,AuthService,Health check passed: AuthService,E102,Health check passed: {service}
70878,2026-01-15,07:45:40,WARN,WebServer,Unauthorized access attempt from 10.0.0.12,E401,Unauthorized access attempt from {ip}
70879,2026-01-15,07:07:40,INFO,OrderProcessor,Transaction tx978477 completed in 672ms,E104,Transaction {tx} completed in {time}ms
70880,2026-01-15,07:38:19,INFO,PaymentGateway,Health check passed: PaymentGateway,E102,Health check passed: {service}
70881,2026-01-15,07:07:51,INFO,PaymentGateway,Transaction tx823738 completed in 1920ms,E104,Transaction {tx} completed in {time}ms
70882,2026-01-15,07:58:42,INFO,WebServer,Health check passed: WebServer,E102,Health check passed: {service}
70883,2026-01-15,07:12:04,INFO,WebServer,User u3566 login successful,E101,User {user} login successful
70884,2026-01-15,07:23:30,INFO,AuthService,User u3975 login successful,E101,User {user} login successful
70885,2026-01-15,07:25:46,INFO,PaymentGateway,Page view: /home by u1635,E103,Page view: {page} by {user}
70886,2026-01-15,07:06:40,INFO,WebServer,User u4829 login successful,E101,User {user} login successful
70887,2026-01-15,07:45:19,INFO,WebServer,Health check passed: WebServer,E102,Health check passed: {service}
70888,2026-01-15,07:44:55,INFO,WebServer,Page view: /home by u2129,E103,Page view: {page} by {user}
70889,2026-01-15,07:48:12,INFO,WebServer,Health check passed: WebServer,E102,Health check passed: {service}
70890,2026-01-15,07:18:25,INFO,WebServer,Transaction tx705109 completed in 1870ms,E104,Transaction {tx} completed in {time}ms
70891,2026-01-15,07:00:42,INFO,AuthService,User u4045 login successful,E101,User {user} login successful
70892,2026-01-15,07:01:50,INFO,OrderProcessor,Page view: /home by u1075,E103,Page view: {page} by {user}
70893,2026-01-15,07:55:02,INFO,InventoryDB,User u1325 login successful,E101,User {user} login successful
70894,2026-01-15,07:46:56,INFO,AuthService,Transaction tx222051 completed in 1903ms,E104,Transaction {tx} completed in {time}ms
70895,2026-01-15,07:02:46,INFO,AuthService,User u1047 login successful,E101,User {user} login successful
70896,2026-01-15,07:51:23,INFO,AuthService,Health check passed: AuthService,E102,Health check passed: {service}
70897,2026-01-15,07:52:11,INFO,PaymentGateway,Page view: /home by u2485,E103,Page view: {page} by {user}
70898,2026-01-15,07:12:17,INFO,OrderProcessor,User u2345 login successful,E101,User {user} login successful
70899,2026-01-15,07:42:37,INFO,WebServer,Page view: /home by u4135,E103,Page view: {page} by {user}
70900,2026-01-15,07:56:01,INFO,AuthService,Page view: /home by u4470,E103,Page view: {page} by {user}
70901,2026-01-15,07:19:51,INFO,WebServer,Page view: /home by u2353,E103,Page view: {page} by {user}
70902,2026-01-15,07:35:46,INFO,AuthService,Page view: /home by u4540,E103,Page view: {page} by {user}
70903,2026-01-15,07:37:28,INFO,WebServer,User u3574 login successful,E101,User {user} login successful
70904,2026-01-15,07:32:55,INFO,WebServer,Health check passed: WebServer,E102,Health check passed: {service}
70905,2026-01-15,07:28:41,INFO,WebServer,Page view: /home by u3466,E103,Page view: {page} by {user}
70906,2026-01-15,07:22:08,INFO,AuthService,Health check passed: AuthService,E102,Health check passed: {service}
70907,2026-01-15,08:45:15,INFO,WebServer,User u2736 login successful,E101,User {user} login successful
70908,2026-01-15,08:07:17,INFO,AuthService,User u1784 login successful,E101,User {user} login successful
70909,2026-01-15,08:31:15,INFO,AuthService,User u4306 login successful,E101,User {user} login successful
70910,2026-01-15,08:34:44,INFO,PaymentGateway,Transaction tx759242 completed in 670ms,E104,Transaction {tx} completed in {time}ms
70911,2026-01-15,08:46:23,WARN,WebServer,High latency (222ms) detected on WebServer,E201,High latency ({time}ms) detected on {service}
70912,2026-01-15,08:00:37,INFO,WebServer,Health check passed: WebServer,E102,Health check passed: {service}
70913,2026-01-15,08:14:59,INFO,WebServer,Transaction tx425401 completed in 1875ms,E104,Transaction {tx} completed in {time}ms
70914,2026-01-15,08:20:06,INFO,WebServer,Health check passed: WebServer,E102,Health check passed: {service}
70915,2026-01-15,08:41:02,INFO,WebServer,Transaction tx500483 completed in 1877ms,E104,Transaction {tx} completed in {time}ms
70916,2026-01-15,08:10:05,INFO,WebServer,Page view: /home by u2149,E103,Page view: {page} by {user}
70917,2026-01-15,08:53:48,INFO,PaymentGateway,Transaction tx918573 completed in 1469ms,E104,Transaction {tx} completed in {time}ms
70918,2026-01-15,08:38:36,INFO,WebServer,User u3919 login successful,E101,User {user} login successful
70919,2026-01-15,08:06:44,INFO,AuthService,Page view: /home by u4978,E103,Page view: {page} by {user}
70920,2026-01-15,08:54:53,INFO,AuthService,Page view: /home by u4550,E103,Page view: {page} by {user}
70921,2026-01-15,08:49:37,INFO,AuthService,Health check passed: AuthService,E102,Health check passed: {service}
70922,2026-01-15,08:01:13,INFO,OrderProcessor,Page view: /home by u3104,E103,Page view: {page} by {user}
70923,2026-01-15,08:46:58,INFO,WebServer,User u2406 login successful,E101,User {user} login successful
70924,2026-01-15,08:14:31,WARN,WebServer,High latency (365ms) detected on WebServer,E201,High latency ({time}ms) detected on {service}
70925,2026-01-15,08:26:10,INFO,InventoryDB,Health check passed: InventoryDB,E102,Health check passed: {service}
70926,2026-01-15,08:47:07,INFO,InventoryDB,User u1415 login successful,E101,User {user} login successful
70927,2026-01-15,08:44:56,INFO,PaymentGateway,Transaction tx294736 completed in 1746ms,E104,Transaction {tx} completed in {time}ms
70928,2026-01-15,08:17:23,INFO,PaymentGateway,Health check passed: PaymentGateway,E102,Health check passed: {service}
70929,2026-01-15,08:58:21,INFO,AuthService,User u1161 login successful,E101,User {user} login successful
70930,2026-01-15,08:33:05,INFO,WebServer,Page view: /home by u3860,E103,Page view: {page} by {user}
70931,2026-01-15,08:23:25,INFO,WebServer,Transaction tx324560 completed in 1188ms,E104,Transaction {tx} completed in {time}ms
70932,2026-01-15,08:59:26,INFO,InventoryDB,Health check passed: InventoryDB,E102,Health check passed: {service}
70933,2026-01-15,08:27:17,INFO,OrderProcessor,Transaction tx277063 completed in 470ms,E104,Transaction {tx} completed in {time}ms
70934,2026-01-15,08:52:00,INFO,WebServer,Page view: /home by u4972,E103,Page view: {page} by {user}
70935,2026-01-15,08:12:16,INFO,WebServer,User u2684 login successful,E101,User {user} login successful
70936,2026-01-15,08:44:05,INFO,WebServer,Health check passed: WebServer,E102,Health check passed: {service}
70937,2026-01-15,08:57:06,INFO,AuthService,Page view: /home by u2483,E103,Page view: {page} by {user}
70938,2026-01-15,08:34:20,INFO,WebServer,Page view: /home by u1713,E103,Page view: {page} by {user}
70939,2026-01-15,08:10:03,INFO,WebServer,Page view: /home by u1477,E103,Page view: {page} by {user}
70940,2026-01-15,08:29:52,INFO,OrderProcessor,Health check passed: OrderProcessor,E102,Health check passed: {service}
70941,2026-01-15,08:06:37,INFO,WebServer,Health check passed: WebServer,E102,Health check passed: {service}
70942,2026-01-15,08:04:33,INFO,WebServer,Health check passed: WebServer,E102,Health check passed: {service}
70943,2026-01-15,08:00:51,INFO,WebServer,Health check passed: WebServer,E102,Health check passed: {service}
70944,2026-01-15,08:27:52,INFO,AuthService,Health check passed: AuthService,E102,Health check passed: {service}
70945,2026-01-15,08:25:33,INFO,WebServer,Transaction tx534040 completed in 706ms,E104,Transaction {tx} completed in {time}ms
70946,2026-01-15,08:35:45,INFO,WebServer,Page view: /home by u1120,E103,Page view: {page} by {user}
70947,2026-01-15,08:04:48,INFO,WebServer,Page view: /home by u4714,E103,Page view: {page} by {user}
70948,2026-01-15,08:59:48,INFO,AuthService,Transaction tx548401 completed in 515ms,E104,Transaction {tx} completed in {time}ms
70949,2026-01-15,08:51:15,INFO,PaymentGateway,Page view: /home by u2861,E103,Page view: {page} by {user}
70950,2026-01-15,08:23:52,INFO,AuthService,User u3365 login successful,E101,User {user} login successful
70951,2026-01-15,08:23:41,INFO,PaymentGateway,User u3180 login successful,E101,User {user} login successful
70952,2026-01-15,08:53:23,INFO,WebServer,User u1298 login successful,E101,User {user} login successful
70953,2026-01-15,08:17:06,INFO,AuthService,Health check passed: AuthService,E102,Health check passed: {service}
70954,2026-01-15,08:51:29,INFO,WebServer,Transaction tx815641 completed in 1086ms,E104,Transaction {tx} completed in {time}ms
70955,2026-01-15,08:23:58,INFO,AuthService,User u2625 login successful,E101,User {user} login successful
70956,2026-01-15,08:18:54,INFO,WebServer,Page view: /home by u2685,E103,Page view: {page} by {user}
70957,2026-01-15,08:12:35,INFO,WebServer,User u3002 login successful,E101,User {user} login successful
70958,2026-01-15,08:26:17,INFO,WebServer,Transaction tx755881 completed in 1643ms,E104,Transaction {tx} completed in {time}ms
70959,2026-01-15,08:34:39,INFO,WebServer,User u2320 login successful,E101,User {user} login successful
70960,2026-01-15,08:09:45,CRITICAL,PaymentGateway,KERNEL PANIC: Node node-5 crashed,E601,KERNEL PANIC: Node {node} crashed
70961,2026-01-15,08:43:00,INFO,AuthService,Transaction tx393773 completed in 1936ms,E104,Transaction {tx} completed in {time}ms
70962,2026-01-15,08:24:47,INFO,OrderProcessor,Transaction tx125032 completed in 127ms,E104,Transaction {tx} completed in {time}ms
70963,2026-01-15,08:02:46,INFO,AuthService,Health check passed: AuthService,E102,Health check passed: {service}
70964,2026-01-15,08:54:27,INFO,WebServer,Health check passed: WebServer,E102,Health check passed: {service}
70965,2026-01-15,08:53:36,INFO,AuthService,Health check passed: AuthService,E102,Health check passed: {service}
70966,2026-01-15,08:20:40,INFO,PaymentGateway,Health check passed: PaymentGateway,E102,Health check passed: {service}
70967,2026-01-15,08:07:14,INFO,InventoryDB,Page view: /home by u3131,E103,Page view: {page} by {user}
70968,2026-01-15,08:20:13,INFO,AuthService,User u2479 login successful,E101,User {user} login successful
70969,2026-01-15,08:30:41,INFO,WebServer,User u3778 login successful,E101,User {user} login successful
70970,2026-01-15,08:58:53,INFO,WebServer,Page view: /home by u4020,E103,Page view: {page} by {user}
70971,2026-01-15,08:34:15,INFO,WebServer,Health check passed: WebServer,E102,Health check passed: {service}
70972,2026-01-15,08:50:42,INFO,WebServer,Transaction tx466198 completed in 1746ms,E104,Transaction {tx} completed in {time}ms
70973,2026-01-15,08:43:25,INFO,WebServer,Page view: /home by u2622,E103,Page view: {page} by {user}
70974,2026-01-15,08:52:26,INFO,AuthService,User u1883 login successful,E101,User {user} login successful
70975,2026-01-15,08:30:15,INFO,PaymentGateway,Health check passed: PaymentGateway,E102,Health check passed: {service}
70976,2026-01-15,08:02:49,INFO,PaymentGateway,Health check passed: PaymentGateway,E102,Health check passed: {service}
70977,2026-01-15,08:19:45,INFO,WebServer,Transaction tx162679 completed in 1363ms,E104,Transaction {tx} completed in {time}ms
70978,2026-01-15,08:03:50,INFO,WebServer,Health check passed: WebServer,E102,Health check passed: {service}
70979,2026-01-15,08:08:54,INFO,PaymentGateway,Transaction tx774643 completed in 1430ms,E104,Transaction {tx} completed in {time}ms
70980,2026-01-15,08:20:56,INFO,OrderProcessor,Health check passed: OrderProcessor,E102,Health check passed: {service}
70981,2026-01-15,08:08:11,INFO,WebServer,User u1577 login successful,E101,User {user} login successful
70982,2026-01-15,08:39:02,INFO,WebServer,User u3005 login successful,E101,User {user} login successful
70983,2026-01-15,08:43:47,INFO,OrderProcessor,Health check passed: OrderProcessor,E102,Health check passed: {service}
70984,2026-01-15,08:58:53,INFO,WebServer,Page view: /home by u1257,E103,Page view: {page} by {user}
70985,2026-01-15,08:06:13,INFO,PaymentGateway,Health check passed: PaymentGateway,E102,Health check passed: {service}
70986,2026-01-15,08:27:37,INFO,PaymentGateway,Health check passed: PaymentGateway,E102,Health check passed: {service}
70987,2026-01-15,08:44:29,INFO,AuthService,Page view: /home by u1014,E103,Page view: {page} by {user}
70988,2026-01-15,08:06:22,INFO,InventoryDB,User u1053 login successful,E101,User {user} login successful
70989,2026-01-15,08:12:05,INFO,WebServer,Health check passed: WebServer,E102,Health check passed: {service}
70990,2026-01-15,08:39:02,INFO,WebServer,User u3822 login successful,E101,User {user} login successful
70991,2026-01-15,08:43:14,INFO,AuthService,User u1932 login successful,E101,User {user} login successful
70992,2026-01-15,08:44:36,INFO,OrderProcessor,Health check passed: OrderProcessor,E102,Health check passed: {service}
70993,2026-01-15,08:08:12,ERROR,OrderProcessor,Connection refused to OrderProcessor at 10.0.0.45,E501,Connection refused to {service} at {ip}
70994,2026-01-15,08:11:54,WARN,WebServer,High latency (531ms) detected on WebServer,E201,High latency ({time}ms) detected on {service}
70995,2026-01-15,08:25:33,INFO,PaymentGateway,Transaction tx830477 completed in 686ms,E104,Transaction {tx} completed in {time}ms
70996,2026-01-15,08:46:07,INFO,WebServer,Page view: /home by u2906,E103,Page view: {page} by {user}
70997,2026-01-15,08:36:05,INFO,WebServer,User u4624 login successful,E101,User {user} login successful
70998,2026-01-15,08:51:05,INFO,WebServer,User u2474 login successful,E101,User {user} login successful
70999,2026-01-15,08:15:25,INFO,OrderProcessor,Page view: /home by u1668,E103,Page view: {page} by {user}
71000,2026-01-15,08:42:39,INFO,WebServer,Page view: /home by u4986,E103,Page view: {page} by {user}
71001,2026-01-15,08:07:10,INFO,PaymentGateway,User u2503 login successful,E101,User {user} login successful
71002,2026-01-15,08:02:14,INFO,OrderProcessor,Page view: /home by u2520,E103,Page view: {page} by {user}
71003,2026-01-15,08:27:18,INFO,WebServer,Health check passed: WebServer,E102,Health check passed: {service}
71004,2026-01-15,08:23:49,INFO,OrderProcessor,User u2918 login successful,E101,User {user} login successful
71005,2026-01-15,08:52:45,INFO,AuthService,Page view: /home by u3211,E103,Page view: {page} by {user}
71006,2026-01-15,08:21:27,INFO,OrderProcessor,Page view: /home by u4898,E103,Page view: {page} by {user}
71007,2026-01-15,08:28:32,INFO,WebServer,Health check passed: WebServer,E102,Health check passed: {service}
71008,2026-01-15,08:56:19,INFO,OrderProcessor,Page view: /home by u1710,E103,Page view: {page} by {user}
71009,2026-01-15,08:57:17,INFO,WebServer,Health check passed: WebServer,E102,Health check passed: {service}
71010,2026-01-15,08:11:11,INFO,WebServer,Health check passed: WebServer,E102,Health check passed: {service}
71011,2026-01-15,08:59:36,INFO,AuthService,User u4197 login successful,E101,User {user} login successful
71012,2026-01-15,08:21:51,INFO,AuthService,Page view: /home by u3952,E103,Page view: {page} by {user}
71013,2026-01-15,08:39:17,INFO,WebServer,User u4007 login successful,E101,User {user} login successful
71014,2026-01-15,08:19:39,INFO,InventoryDB,Health check passed: InventoryDB,E102,Health check passed: {service}
71015,2026-01-15,08:03:18,INFO,WebServer,Page view: /home by u4308,E103,Page view: {page} by {user}
71016,2026-01-15,08:15:57,INFO,AuthService,Page view: /home by u1971,E103,Page view: {page} by {user}
71017,2026-01-15,08:15:51,INFO,PaymentGateway,User u4343 login successful,E101,User {user} login successful
71018,2026-01-15,08:56:03,INFO,OrderProcessor,User u2228 login successful,E101,User {user} login successful
71019,2026-01-15,08:40:56,INFO,InventoryDB,User u2909 login successful,E101,User {user} login successful
71020,2026-01-15,08:58:28,INFO,WebServer,Page view: /home by u1681,E103,Page view: {page} by {user}
71021,2026-01-15,08:56:18,WARN,PaymentGateway,Unauthorized access attempt from 10.0.0.45,E401,Unauthorized access attempt from {ip}
71022,2026-01-15,08:17:33,INFO,AuthService,Page view: /home by u3657,E103,Page view: {page} by {user}
71023,2026-01-15,08:31:15,INFO,WebServer,Transaction tx955274 completed in 1665ms,E104,Transaction {tx} completed in {time}ms
71024,2026-01-15,08:59:45,INFO,AuthService,Page view: /home by u1629,E103,Page view: {page} by {user}
71025,2026-01-15,08:39:08,INFO,WebServer,Page view: /home by u4891,E103,Page view: {page} by {user}
71026,2026-01-15,08:17:25,INFO,WebServer,Transaction tx886772 completed in 787ms,E104,Transaction {tx} completed in {time}ms
71027,2026-01-15,08:42:29,INFO,PaymentGateway,Transaction tx540372 completed in 262ms,E104,Transaction {tx} completed in {time}ms
71028,2026-01-15,08:13:30,INFO,AuthService,User u2316 login successful,E101,User {user} login successful
71029,2026-01-15,08:29:30,INFO,PaymentGateway,Health check passed: PaymentGateway,E102,Health check passed: {service}
71030,2026-01-15,08:15:00,INFO,AuthService,Health check passed: AuthService,E102,Health check passed: {service}
71031,2026-01-15,08:39:11,INFO,AuthService,User u1853 login successful,E101,User {user} login successful
71032,2026-01-15,08:41:58,INFO,PaymentGateway,User u3392 login successful,E101,User {user} login successful
71033,2026-01-15,08:43:22,INFO,AuthService,Transaction tx394999 completed in 444ms,E104,Transaction {tx} completed in {time}ms
71034,2026-01-15,08:07:11,INFO,AuthService,User u2237 login successful,E101,User {user} login successful
71035,2026-01-15,08:49:26,INFO,WebServer,Page view: /home by u2042,E103,Page view: {page} by {user}
71036,2026-01-15,08:11:47,INFO,AuthService,Transaction tx843779 completed in 1011ms,E104,Transaction {tx} completed in {time}ms
71037,2026-01-15,08:08:20,INFO,PaymentGateway,Page view: /home by u2154,E103,Page view: {page} by {user}
71038,2026-01-15,08:23:47,INFO,AuthService,Page view: /home by u1073,E103,Page view: {page} by {user}
71039,2026-01-15,08:14:03,INFO,WebServer,Health check passed: WebServer,E102,Health check passed: {service}
71040,2026-01-15,08:05:56,INFO,AuthService,Health check passed: AuthService,E102,Health check passed: {service}
71041,2026-01-15,08:33:22,WARN,OrderProcessor,Unauthorized access attempt from 10.0.0.10,E401,Unauthorized access attempt from {ip}
71042,2026-01-15,08:40:25,INFO,WebServer,Page view: /home by u3065,E103,Page view: {page} by {user}
71043,2026-01-15,08:22:08,INFO,WebServer,Health check passed: WebServer,E102,Health check passed: {service}
71044,2026-01-15,08:19:57,INFO,WebServer,Page view: /home by u3569,E103,Page view: {page} by {user}
71045,2026-01-15,08:43:45,INFO,WebServer,Page view: /home by u3672,E103,Page view: {page} by {user}
71046,2026-01-15,08:08:14,INFO,WebServer,Transaction tx152613 completed in 1622ms,E104,Transaction {tx} completed in {time}ms
71047,2026-01-15,08:07:04,INFO,WebServer,Page view: /home by u3955,E103,Page view: {page} by {user}
71048,2026-01-15,08:42:25,INFO,WebServer,User u2991 login successful,E101,User {user} login successful
71049,2026-01-15,08:05:11,INFO,PaymentGateway,Transaction tx857456 completed in 426ms,E104,Transaction {tx} completed in {time}ms
71050,2026-01-15,08:48:42,WARN,WebServer,Disk usage > 85% on node node-1,E202,Disk usage > 85% on node {node}
71051,2026-01-15,08:33:21,INFO,AuthService,User u4846 login successful,E101,User {user} login successful
71052,2026-01-15,08:53:35,WARN,AuthService,High latency (982ms) detected on AuthService,E201,High latency ({time}ms) detected on {service}
71053,2026-01-15,08:36:46,INFO,WebServer,User u2458 login successful,E101,User {user} login successful
71054,2026-01-15,08:07:31,INFO,WebServer,Transaction tx379561 completed in 966ms,E104,Transaction {tx} completed in {time}ms
71055,2026-01-15,08:52:04,INFO,OrderProcessor,User u2540 login successful,E101,User {user} login successful
71056,2026-01-15,08:21:50,INFO,WebServer,Page view: /home by u4009,E103,Page view: {page} by {user}
71057,2026-01-15,08:56:16,INFO,WebServer,User u2987 login successful,E101,User {user} login successful
71058,2026-01-15,08:45:21,INFO,WebServer,Health check passed: WebServer,E102,Health check passed: {service}
71059,2026-01-15,08:19:41,INFO,WebServer,Transaction tx527320 completed in 270ms,E104,Transaction {tx} completed in {time}ms
71060,2026-01-15,08:19:19,INFO,WebServer,Page view: /home by u2735,E103,Page view: {page} by {user}
71061,2026-01-15,08:45:48,INFO,WebServer,Transaction tx573058 completed in 803ms,E104,Transaction {tx} completed in {time}ms
71062,2026-01-15,08:55:46,INFO,InventoryDB,Page view: /home by u4943,E103,Page view: {page} by {user}
71063,2026-01-15,08:11:49,INFO,PaymentGateway,User u3536 login successful,E101,User {user} login successful
71064,2026-01-15,08:32:51,INFO,WebServer,Transaction tx417213 completed in 155ms,E104,Transaction {tx} completed in {time}ms
71065,2026-01-15,08:22:16,INFO,InventoryDB,Health check passed: InventoryDB,E102,Health check passed: {service}
71066,2026-01-15,08:25:09,INFO,AuthService,Transaction tx840448 completed in 1993ms,E104,Transaction {tx} completed in {time}ms
71067,2026-01-15,08:50:28,INFO,OrderProcessor,Page view: /home by u1081,E103,Page view: {page} by {user}
71068,2026-01-15,08:36:49,WARN,OrderProcessor,Unauthorized access attempt from 10.0.0.45,E401,Unauthorized access attempt from {ip}
71069,2026-01-15,08:36:53,INFO,WebServer,Transaction tx681801 completed in 195ms,E104,Transaction {tx} completed in {time}ms
71070,2026-01-15,08:17:37,INFO,PaymentGateway,User u2829 login successful,E101,User {user} login successful
71071,2026-01-15,08:52:15,INFO,WebServer,User u2014 login successful,E101,User {user} login successful
71072,2026-01-15,08:55:32,INFO,WebServer,User u4594 login successful,E101,User {user} login successful
71073,2026-01-15,08:15:39,INFO,AuthService,Page view: /home by u1443,E103,Page view: {page} by {user}
71074,2026-01-15,08:12:03,INFO,PaymentGateway,Health check passed: PaymentGateway,E102,Health check passed: {service}
71075,2026-01-15,08:19:46,INFO,WebServer,Transaction tx678062 completed in 1299ms,E104,Transaction {tx} completed in {time}ms
71076,2026-01-15,08:54:49,INFO,WebServer,Page view: /home by u3890,E103,Page view: {page} by {user}
71077,2026-01-15,08:16:56,INFO,PaymentGateway,Transaction tx875546 completed in 1046ms,E104,Transaction {tx} completed in {time}ms
71078,2026-01-15,08:47:50,INFO,PaymentGateway,Page view: /home by u4601,E103,Page view: {page} by {user}
71079,2026-01-15,08:27:23,ERROR,AuthService,Payment declined: Gateway unavailable,E503,Payment declined: Gateway unavailable
71080,2026-01-15,08:10:44,INFO,WebServer,User u3791 login successful,E101,User {user} login successful
71081,2026-01-15,08:17:06,INFO,AuthService,Health check passed: AuthService,E102,Health check passed: {service}
71082,2026-01-15,08:45:25,INFO,PaymentGateway,Transaction tx135626 completed in 1005ms,E104,Transaction {tx} completed in {time}ms
71083,2026-01-15,08:25:34,INFO,AuthService,Transaction tx122733 completed in 950ms,E104,Transaction {tx} completed in {time}ms
71084,2026-01-15,08:39:11,ERROR,WebServer,Timeout waiting for lock on InventoryDB,E502,Timeout waiting for lock on {db}
71085,2026-01-15,08:56:29,INFO,AuthService,User u1930 login successful,E101,User {user} login successful
71086,2026-01-15,08:41:50,INFO,WebServer,Page view: /home by u1044,E103,Page view: {page} by {user}
71087,2026-01-15,08:22:22,INFO,AuthService,Health check passed: AuthService,E102,Health check passed: {service}
71088,2026-01-15,08:09:06,INFO,WebServer,Page view: /home by u4803,E103,Page view: {page} by {user}
71089,2026-01-15,08:55:31,ERROR,PaymentGateway,Payment declined: Gateway unavailable,E503,Payment declined: Gateway unavailable
71090,2026-01-15,08:40:41,INFO,WebServer,Transaction tx207139 completed in 751ms,E104,Transaction {tx} completed in {time}ms
71091,2026-01-15,08:52:02,INFO,AuthService,User u1816 login successful,E101,User {user} login successful
71092,2026-01-15,08:04:25,INFO,WebServer,Page view: /home by u3899,E103,Page view: {page} by {user}
71093,2026-01-15,08:00:30,INFO,WebServer,Transaction tx546461 completed in 1236ms,E104,Transaction {tx} completed in {time}ms
71094,2026-01-15,08:21:44,INFO,WebServer,Transaction tx470678 completed in 1886ms,E104,Transaction {tx} completed in {time}ms
71095,2026-01-15,08:55:43,INFO,AuthService,Transaction tx687784 completed in 1448ms,E104,Transaction {tx} completed in {time}ms
71096,2026-01-15,08:59:29,INFO,WebServer,Page view: /home by u4531,E103,Page view: {page} by {user}
71097,2026-01-15,08:06:21,INFO,AuthService,Health check passed: AuthService,E102,Health check passed: {service}
71098,2026-01-15,08:25:12,INFO,AuthService,User u2016 login successful,E101,User {user} login successful
71099,2026-01-15,08:33:36,INFO,WebServer,User u4782 login successful,E101,User {user} login successful
71100,2026-01-15,08:51:29,INFO,WebServer,User u1860 login successful,E101,User {user} login successful
71101,2026-01-15,08:49:51,INFO,PaymentGateway,Health check passed: PaymentGateway,E102,Health check passed: {service}
71102,2026-01-15,08:12:32,INFO,AuthService,Health check passed: AuthService,E102,Health check passed: {service}
71103,2026-01-15,08:39:21,INFO,PaymentGateway,Health check passed: PaymentGateway,E102,Health check passed: {service}
71104,2026-01-15,08:28:28,INFO,AuthService,Page view: /home by u4111,E103,Page view: {page} by {user}
71105,2026-01-15,08:30:49,INFO,OrderProcessor,Health check passed: OrderProcessor,E102,Health check passed: {service}
71106,2026-01-15,08:55:41,INFO,WebServer,Transaction tx571645 completed in 251ms,E104,Transaction {tx} completed in {time}ms
71107,2026-01-15,08:57:34,INFO,WebServer,Health check passed: WebServer,E102,Health check passed: {service}
71108,2026-01-15,08:35:27,INFO,WebServer,Health check passed: WebServer,E102,Health check passed: {service}
71109,2026-01-15,08:37:15,INFO,WebServer,Page view: /home by u3002,E103,Page view: {page} by {user}
71110,2026-01-15,08:55:22,INFO,WebServer,Page view: /home by u3288,E103,Page view: {page} by {user}
71111,2026-01-15,08:00:22,INFO,WebServer,User u3458 login successful,E101,User {user} login successful
71112,2026-01-15,08:18:39,INFO,AuthService,User u4850 login successful,E101,User {user} login successful
71113,2026-01-15,08:09:57,INFO,AuthService,Page view: /home by u3878,E103,Page view: {page} by {user}
71114,2026-01-15,08:53:43,INFO,WebServer,Page view: /home by u2660,E103,Page view: {page} by {user}
71115,2026-01-15,08:35:45,INFO,WebServer,User u3254 login successful,E101,User {user} login successful
71116,2026-01-15,08:07:40,CRITICAL,WebServer,KERNEL PANIC: Node node-3 crashed,E601,KERNEL PANIC: Node {node} crashed
71117,2026-01-15,08:23:47,INFO,AuthService,User u4261 login successful,E101,User {user} login successful
71118,2026-01-15,08:35:04,INFO,WebServer,Transaction tx905916 completed in 137ms,E104,Transaction {tx} completed in {time}ms
71119,2026-01-15,08:44:04,INFO,OrderProcessor,User u4786 login successful,E101,User {user} login successful
71120,2026-01-15,08:48:48,INFO,WebServer,User u1450 login successful,E101,User {user} login successful
71121,2026-01-15,08:34:31,INFO,WebServer,Transaction tx851093 completed in 847ms,E104,Transaction {tx} completed in {time}ms
71122,2026-01-15,08:46:19,INFO,WebServer,Page view: /home by u3231,E103,Page view: {page} by {user}
71123,2026-01-15,08:45:59,INFO,OrderProcessor,Health check passed: OrderProcessor,E102,Health check passed: {service}
71124,2026-01-15,08:43:05,INFO,WebServer,Page view: /home by u2702,E103,Page view: {page} by {user}
71125,2026-01-15,08:19:20,INFO,OrderProcessor,Health check passed: OrderProcessor,E102,Health check passed: {service}
71126,2026-01-15,08:08:42,INFO,WebServer,Transaction tx266837 completed in 794ms,E104,Transaction {tx} completed in {time}ms
71127,2026-01-15,08:25:07,INFO,PaymentGateway,Page view: /home by u3651,E103,Page view: {page} by {user}
71128,2026-01-15,08:14:44,INFO,WebServer,Transaction tx327868 completed in 1984ms,E104,Transaction {tx} completed in {time}ms
71129,2026-01-15,08:45:51,INFO,WebServer,Health check passed: WebServer,E102,Health check passed: {service}
71130,2026-01-15,08:59:35,INFO,WebServer,Transaction tx741777 completed in 517ms,E104,Transaction {tx} completed in {time}ms
71131,2026-01-15,08:38:26,INFO,InventoryDB,Health check passed: InventoryDB,E102,Health check passed: {service}
71132,2026-01-15,08:25:20,INFO,WebServer,Page view: /home by u3831,E103,Page view: {page} by {user}
71133,2026-01-15,08:49:49,INFO,WebServer,User u2821 login successful,E101,User {user} login successful
71134,2026-01-15,08:21:47,WARN,AuthService,Unauthorized access attempt from 10.0.0.45,E401,Unauthorized access attempt from {ip}
71135,2026-01-15,08:35:09,INFO,WebServer,Health check passed: WebServer,E102,Health check passed: {service}
71136,2026-01-15,08:02:51,INFO,WebServer,Page view: /home by u1877,E103,Page view: {page} by {user}
71137,2026-01-15,08:59:47,INFO,PaymentGateway,User u1956 login successful,E101,User {user} login successful
71138,2026-01-15,08:22:16,INFO,WebServer,Page view: /home by u2902,E103,Page view: {page} by {user}
71139,2026-01-15,08:47:37,INFO,WebServer,User u1269 login successful,E101,User {user} login successful
71140,2026-01-15,08:34:49,INFO,InventoryDB,Page view: /home by u4424,E103,Page view: {page} by {user}
71141,2026-01-15,08:54:05,INFO,WebServer,User u1955 login successful,E101,User {user} login successful
71142,2026-01-15,08:03:05,INFO,WebServer,Page view: /home by u4645,E103,Page view: {page} by {user}
71143,2026-01-15,08:01:37,INFO,InventoryDB,Health check passed: InventoryDB,E102,Health check passed: {service}
71144,2026-01-15,08:42:09,WARN,PaymentGateway,Unauthorized access attempt from 10.0.0.45,E401,Unauthorized access attempt from {ip}
71145,2026-01-15,08:29:18,INFO,OrderProcessor,Page view: /home by u2452,E103,Page view: {page} by {user}
71146,2026-01-15,08:22:47,INFO,OrderProcessor,Health check passed: OrderProcessor,E102,Health check passed: {service}
71147,2026-01-15,08:22:32,INFO,PaymentGateway,Health check passed: PaymentGateway,E102,Health check passed: {service}
71148,2026-01-15,08:16:08,INFO,WebServer,Transaction tx794877 completed in 442ms,E104,Transaction {tx} completed in {time}ms
71149,2026-01-15,08:41:01,INFO,PaymentGateway,Transaction tx789215 completed in 1342ms,E104,Transaction {tx} completed in {time}ms
71150,2026-01-15,08:27:08,INFO,AuthService,Page view: /home by u4081,E103,Page view: {page} by {user}
71151,2026-01-15,08:32:55,INFO,OrderProcessor,Transaction tx721043 completed in 1095ms,E104,Transaction {tx} completed in {time}ms
71152,2026-01-15,08:32:58,INFO,WebServer,Page view: /home by u3410,E103,Page view: {page} by {user}
71153,2026-01-15,08:18:06,INFO,WebServer,Health check passed: WebServer,E102,Health check passed: {service}
71154,2026-01-15,08:00:24,INFO,WebServer,Health check passed: WebServer,E102,Health check passed: {service}
71155,2026-01-15,08:50:20,INFO,OrderProcessor,User u1154 login successful,E101,User {user} login successful
71156,2026-01-15,08:58:54,INFO,InventoryDB,User u1952 login successful,E101,User {user} login successful
71157,2026-01-15,08:05:52,INFO,AuthService,User u3754 login successful,E101,User {user} login successful
71158,2026-01-15,08:49:26,INFO,WebServer,Page view: /home by u2438,E103,Page view: {page} by {user}
71159,2026-01-15,08:56:28,INFO,WebServer,Transaction tx529353 completed in 810ms,E104,Transaction {tx} completed in {time}ms
71160,2026-01-15,08:35:41,INFO,WebServer,Transaction tx648698 completed in 410ms,E104,Transaction {tx} completed in {time}ms
71161,2026-01-15,08:50:08,INFO,WebServer,Transaction tx453376 completed in 1963ms,E104,Transaction {tx} completed in {time}ms
71162,2026-01-15,08:13:09,INFO,WebServer,Health check passed: WebServer,E102,Health check passed: {service}
71163,2026-01-15,08:24:15,WARN,WebServer,Unauthorized access attempt from 10.0.0.45,E401,Unauthorized access attempt from {ip}
71164,2026-01-15,08:54:36,INFO,WebServer,User u2555 login successful,E101,User {user} login successful
71165,2026-01-15,08:35:37,INFO,WebServer,Health check passed: WebServer,E102,Health check passed: {service}
71166,2026-01-15,08:52:52,INFO,AuthService,Transaction tx545204 completed in 382ms,E104,Transaction {tx} completed in {time}ms
71167,2026-01-15,08:06:47,INFO,AuthService,Health check passed: AuthService,E102,Health check passed: {service}
71168,2026-01-15,08:29:59,INFO,WebServer,User u1605 login successful,E101,User {user} login successful
71169,2026-01-15,08:24:19,INFO,OrderProcessor,User u3823 login successful,E101,User {user} login successful
71170,2026-01-15,08:44:28,INFO,WebServer,Page view: /home by u2591,E103,Page view: {page} by {user}
71171,2026-01-15,08:30:43,INFO,WebServer,Page view: /home by u1005,E103,Page view: {page} by {user}
71172,2026-01-15,08:05:42,INFO,PaymentGateway,Transaction tx142874 completed in 886ms,E104,Transaction {tx} completed in {time}ms
71173,2026-01-15,08:02:17,INFO,WebServer,Page view: /home by u1664,E103,Page view: {page} by {user}
71174,2026-01-15,08:12:20,INFO,OrderProcessor,Health check passed: OrderProcessor,E102,Health check passed: {service}
71175,2026-01-15,08:24:41,INFO,AuthService,Page view: /home by u3948,E103,Page view: {page} by {user}
71176,2026-01-15,08:44:49,INFO,WebServer,User u4250 login successful,E101,User {user} login successful
71177,2026-01-15,08:17:33,INFO,WebServer,User u2387 login successful,E101,User {user} login successful
71178,2026-01-15,08:30:36,INFO,WebServer,Page view: /home by u2598,E103,Page view: {page} by {user}
71179,2026-01-15,08:25:45,INFO,WebServer,Transaction tx662738 completed in 1994ms,E104,Transaction {tx} completed in {time}ms
71180,2026-01-15,08:40:10,INFO,WebServer,User u4658 login successful,E101,User {user} login successful
71181,2026-01-15,08:25:29,INFO,OrderProcessor,Page view: /home by u3995,E103,Page view: {page} by {user}
71182,2026-01-15,08:55:22,INFO,WebServer,Health check passed: WebServer,E102,Health check passed: {service}
71183,2026-01-15,08:15:56,INFO,WebServer,Page view: /home by u2296,E103,Page view: {page} by {user}
71184,2026-01-15,08:55:57,INFO,InventoryDB,User u3896 login successful,E101,User {user} login successful
71185,2026-01-15,08:51:34,INFO,OrderProcessor,Page view: /home by u1275,E103,Page view: {page} by {user}
71186,2026-01-15,08:00:32,INFO,WebServer,Transaction tx137275 completed in 633ms,E104,Transaction {tx} completed in {time}ms
71187,2026-01-15,08:33:38,INFO,AuthService,User u2257 login successful,E101,User {user} login successful
71188,2026-01-15,08:13:05,INFO,OrderProcessor,User u3088 login successful,E101,User {user} login successful
71189,2026-01-15,08:34:17,INFO,AuthService,Health check passed: AuthService,E102,Health check passed: {service}
71190,2026-01-15,08:21:59,INFO,WebServer,Transaction tx838453 completed in 20ms,E104,Transaction {tx} completed in {time}ms
71191,2026-01-15,08:59:40,INFO,WebServer,Page view: /home by u1398,E103,Page view: {page} by {user}
71192,2026-01-15,08:11:18,INFO,WebServer,Page view: /home by u3997,E103,Page view: {page} by {user}
71193,2026-01-15,08:53:36,INFO,AuthService,Health check passed: AuthService,E102,Health check passed: {service}
71194,2026-01-15,08:15:29,INFO,WebServer,User u4913 login successful,E101,User {user} login successful
71195,2026-01-15,08:24:39,INFO,OrderProcessor,Health check passed: OrderProcessor,E102,Health check passed: {service}
71196,2026-01-15,08:50:48,INFO,WebServer,User u4374 login successful,E101,User {user} login successful
71197,2026-01-15,08:52:21,INFO,WebServer,Health check passed: WebServer,E102,Health check passed: {service}
71198,2026-01-15,08:43:43,INFO,WebServer,Transaction tx857769 completed in 1079ms,E104,Transaction {tx} completed in {time}ms
71199,2026-01-15,08:15:24,INFO,AuthService,Transaction tx641315 completed in 1447ms,E104,Transaction {tx} completed in {time}ms
71200,2026-01-15,08:20:00,INFO,AuthService,Page view: /home by u4747,E103,Page view: {page} by {user}
71201,2026-01-15,08:17:12,INFO,WebServer,Page view: /home by u3440,E103,Page view: {page} by {user}
71202,2026-01-15,08:41:39,INFO,WebServer,Transaction tx188967 completed in 575ms,E104,Transaction {tx} completed in {time}ms
71203,2026-01-15,08:38:56,INFO,PaymentGateway,User u3500 login successful,E101,User {user} login successful
71204,2026-01-15,08:06:39,INFO,OrderProcessor,Transaction tx760992 completed in 971ms,E104,Transaction {tx} completed in {time}ms
71205,2026-01-15,08:35:14,INFO,InventoryDB,Page view: /home by u4749,E103,Page view: {page} by {user}
71206,2026-01-15,08:35:16,INFO,WebServer,User u2760 login successful,E101,User {user} login successful
71207,2026-01-15,08:55:23,INFO,PaymentGateway,Transaction tx832359 completed in 320ms,E104,Transaction {tx} completed in {time}ms
71208,2026-01-15,08:50:48,INFO,WebServer,Transaction tx373057 completed in 1060ms,E104,Transaction {tx} completed in {time}ms
71209,2026-01-15,08:28:12,INFO,PaymentGateway,Transaction tx825577 completed in 308ms,E104,Transaction {tx} completed in {time}ms
71210,2026-01-15,08:09:03,WARN,OrderProcessor,High latency (1170ms) detected on OrderProcessor,E201,High latency ({time}ms) detected on {service}
71211,2026-01-15,08:33:34,INFO,WebServer,Transaction tx126356 completed in 164ms,E104,Transaction {tx} completed in {time}ms
71212,2026-01-15,08:08:23,INFO,WebServer,Health check passed: WebServer,E102,Health check passed: {service}
71213,2026-01-15,08:55:24,INFO,WebServer,User u3840 login successful,E101,User {user} login successful
71214,2026-01-15,08:01:54,INFO,WebServer,User u1496 login successful,E101,User {user} login successful
71215,2026-01-15,08:07:24,INFO,AuthService,Health check passed: AuthService,E102,Health check passed: {service}
71216,2026-01-15,08:24:05,INFO,AuthService,Page view: /home by u4668,E103,Page view: {page} by {user}
71217,2026-01-15,08:58:08,INFO,WebServer,Health check passed: WebServer,E102,Health check passed: {service}
71218,2026-01-15,08:28:16,INFO,AuthService,Health check passed: AuthService,E102,Health check passed: {service}
71219,2026-01-15,08:56:14,INFO,WebServer,Page view: /home by u3735,E103,Page view: {page} by {user}
71220,2026-01-15,08:09:28,INFO,AuthService,Transaction tx435882 completed in 1462ms,E104,Transaction {tx} completed in {time}ms
71221,2026-01-15,08:12:37,INFO,PaymentGateway,Page view: /home by u2060,E103,Page view: {page} by {user}
71222,2026-01-15,08:09:56,INFO,InventoryDB,Transaction tx566439 completed in 471ms,E104,Transaction {tx} completed in {time}ms
71223,2026-01-15,08:42:55,INFO,InventoryDB,User u4306 login successful,E101,User {user} login successful
71224,2026-01-15,08:05:54,INFO,WebServer,Page view: /home by u3637,E103,Page view: {page} by {user}
71225,2026-01-15,08:07:52,INFO,WebServer,Health check passed: WebServer,E102,Health check passed: {service}
71226,2026-01-15,08:36:11,INFO,WebServer,Page view: /home by u1789,E103,Page view: {page} by {user}
71227,2026-01-15,08:54:45,INFO,AuthService,Page view: /home by u2690,E103,Page view: {page} by {user}
71228,2026-01-15,08:01:09,INFO,AuthService,Health check passed: AuthService,E102,Health check passed: {service}
71229,2026-01-15,08:15:51,WARN,OrderProcessor,Unauthorized access attempt from 192.168.1.5,E401,Unauthorized access attempt from {ip}
71230,2026-01-15,08:28:56,INFO,AuthService,Health check passed: AuthService,E102,Health check passed: {service}
71231,2026-01-15,08:56:10,INFO,WebServer,Health check passed: WebServer,E102,Health check passed: {service}
71232,2026-01-15,08:39:07,INFO,WebServer,Page view: /home by u2494,E103,Page view: {page} by {user}
71233,2026-01-15,08:11:21,INFO,WebServer,Transaction tx606876 completed in 1397ms,E104,Transaction {tx} completed in {time}ms
71234,2026-01-15,08:52:16,INFO,PaymentGateway,Health check passed: PaymentGateway,E102,Health check passed: {service}
71235,2026-01-15,08:10:17,INFO,AuthService,Page view: /home by u1367,E103,Page view: {page} by {user}
71236,2026-01-15,08:25:10,INFO,WebServer,User u2374 login successful,E101,User {user} login successful
71237,2026-01-15,08:14:50,INFO,WebServer,Transaction tx408336 completed in 153ms,E104,Transaction {tx} completed in {time}ms
71238,2026-01-15,08:26:08,INFO,WebServer,Health check passed: WebServer,E102,Health check passed: {service}
71239,2026-01-15,08:22:00,INFO,WebServer,Transaction tx625048 completed in 290ms,E104,Transaction {tx} completed in {time}ms
71240,2026-01-15,08:18:30,INFO,AuthService,Health check passed: AuthService,E102,Health check passed: {service}
71241,2026-01-15,08:47:17,INFO,OrderProcessor,Health check passed: OrderProcessor,E102,Health check passed: {service}
71242,2026-01-15,08:07:31,INFO,InventoryDB,Transaction tx576140 completed in 744ms,E104,Transaction {tx} completed in {time}ms
71243,2026-01-15,08:57:39,INFO,PaymentGateway,Health check passed: PaymentGateway,E102,Health check passed: {service}
71244,2026-01-15,08:11:23,INFO,WebServer,Page view: /home by u2141,E103,Page view: {page} by {user}
71245,2026-01-15,08:08:23,INFO,WebServer,Transaction tx498531 completed in 889ms,E104,Transaction {tx} completed in {time}ms
71246,2026-01-15,08:31:54,INFO,WebServer,User u4497 login successful,E101,User {user} login successful
71247,2026-01-15,08:06:10,INFO,OrderProcessor,Transaction tx912478 completed in 1992ms,E104,Transaction {tx} completed in {time}ms
71248,2026-01-15,08:58:36,INFO,AuthService,Health check passed: AuthService,E102,Health check passed: {service}
71249,2026-01-15,08:48:45,INFO,AuthService,Page view: /home by u3151,E103,Page view: {page} by {user}
71250,2026-01-15,08:35:12,INFO,InventoryDB,Health check passed: InventoryDB,E102,Health check passed: {service}
71251,2026-01-15,08:35:11,INFO,WebServer,Page view: /home by u3003,E103,Page view: {page} by {user}
71252,2026-01-15,08:08:50,INFO,WebServer,Health check passed: WebServer,E102,Health check passed: {service}
71253,2026-01-15,08:59:33,INFO,WebServer,User u4755 login successful,E101,User {user} login successful
71254,2026-01-15,08:22:51,INFO,WebServer,Page view: /home by u1708,E103,Page view: {page} by {user}
71255,2026-01-15,08:17:35,INFO,WebServer,Page view: /home by u2711,E103,Page view: {page} by {user}
71256,2026-01-15,08:28:51,INFO,WebServer,Health check passed: WebServer,E102,Health check passed: {service}
71257,2026-01-15,08:44:57,INFO,WebServer,User u2982 login successful,E101,User {user} login successful
71258,2026-01-15,08:11:45,INFO,WebServer,Health check passed: WebServer,E102,Health check passed: {service}
71259,2026-01-15,08:00:00,INFO,PaymentGateway,Transaction tx454725 completed in 1008ms,E104,Transaction {tx} completed in {time}ms
71260,2026-01-15,08:33:23,INFO,OrderProcessor,Transaction tx284138 completed in 1802ms,E104,Transaction {tx} completed in {time}ms
71261,2026-01-15,08:33:49,INFO,WebServer,Page view: /home by u4271,E103,Page view: {page} by {user}
71262,2026-01-15,08:10:43,INFO,WebServer,Page view: /home by u1956,E103,Page view: {page} by {user}
71263,2026-01-15,08:35:24,INFO,WebServer,User u1012 login successful,E101,User {user} login successful
71264,2026-01-15,08:49:55,INFO,WebServer,Health check passed: WebServer,E102,Health check passed: {service}
71265,2026-01-15,08:56:29,INFO,AuthService,User u3635 login successful,E101,User {user} login successful
71266,2026-01-15,08:35:15,INFO,AuthService,User u3771 login successful,E101,User {user} login successful
71267,2026-01-15,08:19:00,INFO,AuthService,Transaction tx236360 completed in 955ms,E104,Transaction {tx} completed in {time}ms
71268,2026-01-15,08:41:42,INFO,WebServer,Health check passed: WebServer,E102,Health check passed: {service}
71269,2026-01-15,08:22:40,INFO,AuthService,Health check passed: AuthService,E102,Health check passed: {service}
71270,2026-01-15,08:41:53,INFO,WebServer,Page view: /home by u1269,E103,Page view: {page} by {user}
71271,2026-01-15,08:14:43,WARN,WebServer,High latency (1860ms) detected on WebServer,E201,High latency ({time}ms) detected on {service}
71272,2026-01-15,08:19:24,INFO,PaymentGateway,Page view: /home by u1202,E103,Page view: {page} by {user}
71273,2026-01-15,08:33:14,INFO,OrderProcessor,User u2360 login successful,E101,User {user} login successful
71274,2026-01-15,08:10:54,INFO,OrderProcessor,User u3114 login successful,E101,User {user} login successful
71275,2026-01-15,08:26:10,INFO,WebServer,Transaction tx311814 completed in 1545ms,E104,Transaction {tx} completed in {time}ms
71276,2026-01-15,08:23:24,INFO,AuthService,User u2982 login successful,E101,User {user} login successful
71277,2026-01-15,08:12:04,INFO,PaymentGateway,User u4212 login successful,E101,User {user} login successful
71278,2026-01-15,08:58:01,INFO,OrderProcessor,Page view: /home by u1960,E103,Page view: {page} by {user}
71279,2026-01-15,08:17:09,INFO,WebServer,Page view: /home by u1076,E103,Page view: {page} by {user}
71280,2026-01-15,08:49:45,INFO,AuthService,Page view: /home by u2420,E103,Page view: {page} by {user}
71281,2026-01-15,08:44:38,INFO,WebServer,Health check passed: WebServer,E102,Health check passed: {service}
71282,2026-01-15,08:23:32,INFO,WebServer,Page view: /home by u4906,E103,Page view: {page} by {user}
71283,2026-01-15,08:27:25,INFO,WebServer,Transaction tx657262 completed in 1763ms,E104,Transaction {tx} completed in {time}ms
71284,2026-01-15,08:16:53,INFO,OrderProcessor,Health check passed: OrderProcessor,E102,Health check passed: {service}
71285,2026-01-15,08:12:57,WARN,WebServer,Unauthorized access attempt from 10.0.0.45,E401,Unauthorized access attempt from {ip}
71286,2026-01-15,08:01:42,INFO,WebServer,Page view: /home by u3663,E103,Page view: {page} by {user}
71287,2026-01-15,08:32:26,INFO,AuthService,Health check passed: AuthService,E102,Health check passed: {service}
71288,2026-01-15,08:49:36,INFO,WebServer,Health check passed: WebServer,E102,Health check passed: {service}
71289,2026-01-15,08:30:40,INFO,OrderProcessor,Transaction tx644559 completed in 75ms,E104,Transaction {tx} completed in {time}ms
71290,2026-01-15,08:00:12,INFO,WebServer,Transaction tx207241 completed in 1315ms,E104,Transaction {tx} completed in {time}ms
71291,2026-01-15,08:41:56,INFO,OrderProcessor,Page view: /home by u4126,E103,Page view: {page} by {user}
71292,2026-01-15,08:02:10,ERROR,WebServer,Payment declined: Gateway unavailable,E503,Payment declined: Gateway unavailable
71293,2026-01-15,08:59:08,INFO,WebServer,Page view: /home by u2661,E103,Page view: {page} by {user}
71294,2026-01-15,08:06:48,INFO,WebServer,Page view: /home by u2563,E103,Page view: {page} by {user}
71295,2026-01-15,08:55:01,INFO,OrderProcessor,User u3494 login successful,E101,User {user} login successful
71296,2026-01-15,08:30:44,INFO,WebServer,Page view: /home by u1187,E103,Page view: {page} by {user}
71297,2026-01-15,08:32:57,INFO,OrderProcessor,Page view: /home by u1573,E103,Page view: {page} by {user}
71298,2026-01-15,08:56:44,INFO,WebServer,Page view: /home by u2186,E103,Page view: {page} by {user}
71299,2026-01-15,08:50:16,INFO,WebServer,Transaction tx372998 completed in 1401ms,E104,Transaction {tx} completed in {time}ms
71300,2026-01-15,08:04:30,INFO,WebServer,Page view: /home by u1475,E103,Page view: {page} by {user}
71301,2026-01-15,08:45:34,INFO,PaymentGateway,Page view: /home by u1728,E103,Page view: {page} by {user}
71302,2026-01-15,08:24:32,INFO,OrderProcessor,Health check passed: OrderProcessor,E102,Health check passed: {service}
71303,2026-01-15,08:36:02,INFO,OrderProcessor,Transaction tx776627 completed in 1113ms,E104,Transaction {tx} completed in {time}ms
71304,2026-01-15,08:31:54,INFO,AuthService,Transaction tx208291 completed in 1021ms,E104,Transaction {tx} completed in {time}ms
71305,2026-01-15,08:45:21,INFO,WebServer,User u4059 login successful,E101,User {user} login successful
71306,2026-01-15,08:31:39,INFO,WebServer,Page view: /home by u3891,E103,Page view: {page} by {user}
71307,2026-01-15,08:35:59,INFO,AuthService,Page view: /home by u3263,E103,Page view: {page} by {user}
71308,2026-01-15,08:25:47,INFO,AuthService,User u1010 login successful,E101,User {user} login successful
71309,2026-01-15,08:14:01,INFO,WebServer,User u2839 login successful,E101,User {user} login successful
71310,2026-01-15,08:14:08,INFO,OrderProcessor,User u2001 login successful,E101,User {user} login successful
71311,2026-01-15,08:23:13,INFO,WebServer,Health check passed: WebServer,E102,Health check passed: {service}
71312,2026-01-15,08:00:35,INFO,WebServer,Transaction tx741773 completed in 1957ms,E104,Transaction {tx} completed in {time}ms
71313,2026-01-15,08:51:26,INFO,WebServer,Health check passed: WebServer,E102,Health check passed: {service}
71314,2026-01-15,08:42:06,INFO,PaymentGateway,Page view: /home by u3417,E103,Page view: {page} by {user}
71315,2026-01-15,08:50:58,INFO,WebServer,Health check passed: WebServer,E102,Health check passed: {service}
71316,2026-01-15,08:42:57,WARN,WebServer,Unauthorized access attempt from 10.0.0.88,E401,Unauthorized access attempt from {ip}
71317,2026-01-15,08:32:30,INFO,WebServer,Transaction tx429118 completed in 1747ms,E104,Transaction {tx} completed in {time}ms
71318,2026-01-15,08:48:28,INFO,InventoryDB,Health check passed: InventoryDB,E102,Health check passed: {service}
71319,2026-01-15,08:20:42,INFO,AuthService,Health check passed: AuthService,E102,Health check passed: {service}
71320,2026-01-15,08:56:03,INFO,WebServer,Transaction tx786059 completed in 1939ms,E104,Transaction {tx} completed in {time}ms
71321,2026-01-15,08:01:25,INFO,OrderProcessor,Page view: /home by u2350,E103,Page view: {page} by {user}
71322,2026-01-15,08:15:14,INFO,OrderProcessor,Page view: /home by u3206,E103,Page view: {page} by {user}
71323,2026-01-15,08:49:21,INFO,WebServer,User u3957 login successful,E101,User {user} login successful
71324,2026-01-15,08:15:14,INFO,WebServer,User u4860 login successful,E101,User {user} login successful
71325,2026-01-15,08:40:11,INFO,WebServer,Health check passed: WebServer,E102,Health check passed: {service}
71326,2026-01-15,08:53:39,INFO,WebServer,Page view: /home by u4804,E103,Page view: {page} by {user}
71327,2026-01-15,08:48:05,INFO,WebServer,Page view: /home by u2196,E103,Page view: {page} by {user}
71328,2026-01-15,08:52:02,INFO,WebServer,Transaction tx516526 completed in 614ms,E104,Transaction {tx} completed in {time}ms
71329,2026-01-15,08:35:39,INFO,OrderProcessor,Health check passed: OrderProcessor,E102,Health check passed: {service}
71330,2026-01-15,08:29:20,INFO,AuthService,Health check passed: AuthService,E102,Health check passed: {service}
71331,2026-01-15,08:28:53,INFO,AuthService,Transaction tx321061 completed in 1260ms,E104,Transaction {tx} completed in {time}ms
71332,2026-01-15,08:58:48,INFO,WebServer,Page view: /home by u4024,E103,Page view: {page} by {user}
71333,2026-01-15,08:05:19,INFO,AuthService,Transaction tx511201 completed in 1616ms,E104,Transaction {tx} completed in {time}ms
71334,2026-01-15,08:41:10,INFO,WebServer,Page view: /home by u4121,E103,Page view: {page} by {user}
71335,2026-01-15,08:33:03,INFO,OrderProcessor,Page view: /home by u1988,E103,Page view: {page} by {user}
71336,2026-01-15,08:44:41,INFO,AuthService,Health check passed: AuthService,E102,Health check passed: {service}
71337,2026-01-15,08:33:34,INFO,OrderProcessor,Page view: /home by u3226,E103,Page view: {page} by {user}
71338,2026-01-15,08:10:06,INFO,WebServer,User u1567 login successful,E101,User {user} login successful
71339,2026-01-15,08:01:29,INFO,WebServer,Transaction tx581882 completed in 1428ms,E104,Transaction {tx} completed in {time}ms
71340,2026-01-15,08:28:37,INFO,WebServer,Page view: /home by u1069,E103,Page view: {page} by {user}
71341,2026-01-15,08:18:32,INFO,WebServer,Transaction tx973668 completed in 1967ms,E104,Transaction {tx} completed in {time}ms
71342,2026-01-15,08:32:54,INFO,OrderProcessor,Page view: /home by u1946,E103,Page view: {page} by {user}
71343,2026-01-15,08:16:14,INFO,WebServer,Transaction tx427150 completed in 1428ms,E104,Transaction {tx} completed in {time}ms
71344,2026-01-15,08:44:24,INFO,WebServer,Page view: /home by u2208,E103,Page view: {page} by {user}
71345,2026-01-15,08:41:36,INFO,WebServer,Health check passed: WebServer,E102,Health check passed: {service}
71346,2026-01-15,08:51:22,INFO,WebServer,Transaction tx622330 completed in 1516ms,E104,Transaction {tx} completed in {time}ms
71347,2026-01-15,08:34:25,WARN,InventoryDB,Unauthorized access attempt from 10.0.0.45,E401,Unauthorized access attempt from {ip}
71348,2026-01-15,08:10:02,INFO,WebServer,User u3284 login successful,E101,User {user} login successful
71349,2026-01-15,08:17:47,INFO,WebServer,Page view: /home by u1336,E103,Page view: {page} by {user}
71350,2026-01-15,08:05:03,INFO,WebServer,User u4631 login successful,E101,User {user} login successful
71351,2026-01-15,08:09:37,INFO,WebServer,Health check passed: WebServer,E102,Health check passed: {service}
71352,2026-01-15,08:10:24,INFO,AuthService,Transaction tx853474 completed in 1599ms,E104,Transaction {tx} completed in {time}ms
71353,2026-01-15,08:17:21,INFO,OrderProcessor,User u4209 login successful,E101,User {user} login successful
71354,2026-01-15,08:24:31,INFO,AuthService,Health check passed: AuthService,E102,Health check passed: {service}
71355,2026-01-15,08:37:11,INFO,PaymentGateway,Health check passed: PaymentGateway,E102,Health check passed: {service}
71356,2026-01-15,08:14:34,INFO,WebServer,User u1581 login successful,E101,User {user} login successful
71357,2026-01-15,08:26:16,INFO,WebServer,Transaction tx364270 completed in 677ms,E104,Transaction {tx} completed in {time}ms
71358,2026-01-15,08:57:36,INFO,WebServer,Page view: /home by u2781,E103,Page view: {page} by {user}
71359,2026-01-15,08:21:59,INFO,WebServer,Transaction tx183909 completed in 1309ms,E104,Transaction {tx} completed in {time}ms
71360,2026-01-15,08:27:34,INFO,OrderProcessor,Transaction tx957008 completed in 1308ms,E104,Transaction {tx} completed in {time}ms
71361,2026-01-15,08:48:15,INFO,WebServer,Transaction tx693849 completed in 295ms,E104,Transaction {tx} completed in {time}ms
71362,2026-01-15,08:44:28,INFO,WebServer,Health check passed: WebServer,E102,Health check passed: {service}
71363,2026-01-15,08:10:03,CRITICAL,PaymentGateway,DATA CORRUPTION detected in sector 962,E602,DATA CORRUPTION detected in sector {sector}
71364,2026-01-15,08:33:53,INFO,AuthService,Transaction tx222036 completed in 951ms,E104,Transaction {tx} completed in {time}ms
71365,2026-01-15,08:13:45,INFO,AuthService,User u1867 login successful,E101,User {user} login successful
71366,2026-01-15,08:48:47,INFO,InventoryDB,Health check passed: InventoryDB,E102,Health check passed: {service}
71367,2026-01-15,08:22:48,INFO,InventoryDB,Page view: /home by u2394,E103,Page view: {page} by {user}
71368,2026-01-15,08:12:56,INFO,WebServer,Transaction tx472891 completed in 1289ms,E104,Transaction {tx} completed in {time}ms
71369,2026-01-15,08:47:22,WARN,WebServer,High latency (458ms) detected on WebServer,E201,High latency ({time}ms) detected on {service}
71370,2026-01-15,08:55:35,INFO,WebServer,User u4621 login successful,E101,User {user} login successful
71371,2026-01-15,08:05:25,INFO,AuthService,Transaction tx354068 completed in 1158ms,E104,Transaction {tx} completed in {time}ms
71372,2026-01-15,08:06:45,INFO,WebServer,Transaction tx377112 completed in 607ms,E104,Transaction {tx} completed in {time}ms
71373,2026-01-15,08:31:41,INFO,AuthService,User u4499 login successful,E101,User {user} login successful
71374,2026-01-15,08:34:41,INFO,AuthService,Page view: /home by u4895,E103,Page view: {page} by {user}
71375,2026-01-15,08:57:40,INFO,WebServer,Health check passed: WebServer,E102,Health check passed: {service}
71376,2026-01-15,08:42:51,INFO,InventoryDB,User u1848 login successful,E101,User {user} login successful
71377,2026-01-15,08:10:05,INFO,AuthService,Transaction tx305624 completed in 553ms,E104,Transaction {tx} completed in {time}ms
71378,2026-01-15,08:13:56,WARN,AuthService,Unauthorized access attempt from 10.0.0.88,E401,Unauthorized access attempt from {ip}
71379,2026-01-15,08:29:01,INFO,WebServer,User u2292 login successful,E101,User {user} login successful
71380,2026-01-15,08:28:46,INFO,PaymentGateway,Health check passed: PaymentGateway,E102,Health check passed: {service}
71381,2026-01-15,08:36:40,INFO,PaymentGateway,Page view: /home by u1507,E103,Page view: {page} by {user}
71382,2026-01-15,08:24:01,INFO,WebServer,Health check passed: WebServer,E102,Health check passed: {service}
71383,2026-01-15,09:14:46,INFO,WebServer,User u4612 login successful,E101,User {user} login successful
71384,2026-01-15,09:42:59,INFO,WebServer,Health check passed: WebServer,E102,Health check passed: {service}
71385,2026-01-15,09:26:01,INFO,WebServer,Health check passed: WebServer,E102,Health check passed: {service}
71386,2026-01-15,09:22:52,INFO,AuthService,User u4045 login successful,E101,User {user} login successful
71387,2026-01-15,09:20:59,INFO,WebServer,Transaction tx980822 completed in 1632ms,E104,Transaction {tx} completed in {time}ms
71388,2026-01-15,09:51:32,WARN,WebServer,Unauthorized access attempt from 10.0.0.45,E401,Unauthorized access attempt from {ip}
71389,2026-01-15,09:35:57,INFO,WebServer,Health check passed: WebServer,E102,Health check passed: {service}
71390,2026-01-15,09:57:40,INFO,AuthService,Transaction tx898083 completed in 736ms,E104,Transaction {tx} completed in {time}ms
71391,2026-01-15,09:00:09,INFO,PaymentGateway,Health check passed: PaymentGateway,E102,Health check passed: {service}
71392,2026-01-15,09:52:58,INFO,AuthService,Transaction tx452950 completed in 1590ms,E104,Transaction {tx} completed in {time}ms
71393,2026-01-15,09:33:18,INFO,OrderProcessor,User u2386 login successful,E101,User {user} login successful
71394,2026-01-15,09:00:12,INFO,AuthService,Transaction tx728817 completed in 671ms,E104,Transaction {tx} completed in {time}ms
71395,2026-01-15,09:06:19,INFO,WebServer,User u2294 login successful,E101,User {user} login successful
71396,2026-01-15,09:32:19,INFO,WebServer,Page view: /home by u1918,E103,Page view: {page} by {user}
71397,2026-01-15,09:33:42,INFO,WebServer,Page view: /home by u1422,E103,Page view: {page} by {user}
71398,2026-01-15,09:57:44,INFO,PaymentGateway,User u3377 login successful,E101,User {user} login successful
71399,2026-01-15,09:46:16,INFO,PaymentGateway,Transaction tx323279 completed in 270ms,E104,Transaction {tx} completed in {time}ms
71400,2026-01-15,09:29:54,INFO,OrderProcessor,Page view: /home by u1536,E103,Page view: {page} by {user}
71401,2026-01-15,09:05:39,INFO,InventoryDB,Transaction tx386218 completed in 523ms,E104,Transaction {tx} completed in {time}ms
71402,2026-01-15,09:55:30,INFO,AuthService,Page view: /home by u1690,E103,Page view: {page} by {user}
71403,2026-01-15,09:00:15,INFO,InventoryDB,Health check passed: InventoryDB,E102,Health check passed: {service}
71404,2026-01-15,09:42:12,INFO,WebServer,User u4516 login successful,E101,User {user} login successful
71405,2026-01-15,09:53:08,INFO,WebServer,Page view: /home by u4873,E103,Page view: {page} by {user}
71406,2026-01-15,09:55:19,INFO,WebServer,Page view: /home by u2406,E103,Page view: {page} by {user}
71407,2026-01-15,09:48:00,INFO,PaymentGateway,Health check passed: PaymentGateway,E102,Health check passed: {service}
71408,2026-01-15,09:56:41,INFO,OrderProcessor,Transaction tx638879 completed in 1455ms,E104,Transaction {tx} completed in {time}ms
71409,2026-01-15,09:44:14,INFO,OrderProcessor,Health check passed: OrderProcessor,E102,Health check passed: {service}
71410,2026-01-15,09:20:54,INFO,AuthService,User u4999 login successful,E101,User {user} login successful
71411,2026-01-15,09:53:59,WARN,WebServer,High latency (628ms) detected on WebServer,E201,High latency ({time}ms) detected on {service}
71412,2026-01-15,09:53:02,INFO,PaymentGateway,Page view: /home by u4036,E103,Page view: {page} by {user}
71413,2026-01-15,09:55:59,INFO,WebServer,Health check passed: WebServer,E102,Health check passed: {service}
71414,2026-01-15,09:05:51,INFO,PaymentGateway,Health check passed: PaymentGateway,E102,Health check passed: {service}
71415,2026-01-15,09:09:31,WARN,WebServer,High latency (1266ms) detected on WebServer,E201,High latency ({time}ms) detected on {service}
71416,2026-01-15,09:19:44,INFO,WebServer,Page view: /home by u4246,E103,Page view: {page} by {user}
71417,2026-01-15,09:34:21,INFO,WebServer,User u2448 login successful,E101,User {user} login successful
71418,2026-01-15,09:25:04,INFO,WebServer,Page view: /home by u4011,E103,Page view: {page} by {user}
71419,2026-01-15,09:37:36,INFO,AuthService,Health check passed: AuthService,E102,Health check passed: {service}
71420,2026-01-15,09:10:35,INFO,WebServer,Health check passed: WebServer,E102,Health check passed: {service}
71421,2026-01-15,09:07:50,INFO,AuthService,Health check passed: AuthService,E102,Health check passed: {service}
71422,2026-01-15,09:45:50,INFO,AuthService,Transaction tx609268 completed in 798ms,E104,Transaction {tx} completed in {time}ms
71423,2026-01-15,09:58:58,INFO,OrderProcessor,Health check passed: OrderProcessor,E102,Health check passed: {service}
71424,2026-01-15,09:53:58,INFO,PaymentGateway,Transaction tx668080 completed in 1399ms,E104,Transaction {tx} completed in {time}ms
71425,2026-01-15,09:11:12,INFO,WebServer,User u3739 login successful,E101,User {user} login successful
71426,2026-01-15,09:56:49,INFO,WebServer,Health check passed: WebServer,E102,Health check passed: {service}
71427,2026-01-15,09:46:01,INFO,OrderProcessor,Transaction tx886888 completed in 693ms,E104,Transaction {tx} completed in {time}ms
71428,2026-01-15,09:52:58,INFO,WebServer,Health check passed: WebServer,E102,Health check passed: {service}
71429,2026-01-15,09:37:22,INFO,OrderProcessor,Transaction tx338880 completed in 1467ms,E104,Transaction {tx} completed in {time}ms
71430,2026-01-15,09:59:39,INFO,WebServer,Health check passed: WebServer,E102,Health check passed: {service}
71431,2026-01-15,09:20:21,INFO,WebServer,Transaction tx831253 completed in 769ms,E104,Transaction {tx} completed in {time}ms
71432,2026-01-15,09:21:25,INFO,WebServer,User u1865 login successful,E101,User {user} login successful
71433,2026-01-15,09:07:34,INFO,WebServer,Transaction tx977943 completed in 1237ms,E104,Transaction {tx} completed in {time}ms
71434,2026-01-15,09:33:07,WARN,OrderProcessor,High latency (1388ms) detected on OrderProcessor,E201,High latency ({time}ms) detected on {service}
71435,2026-01-15,09:42:48,INFO,WebServer,Health check passed: WebServer,E102,Health check passed: {service}
71436,2026-01-15,09:18:44,INFO,AuthService,Health check passed: AuthService,E102,Health check passed: {service}
71437,2026-01-15,09:11:22,INFO,OrderProcessor,Page view: /home by u4081,E103,Page view: {page} by {user}
71438,2026-01-15,09:45:33,INFO,WebServer,Page view: /home by u1281,E103,Page view: {page} by {user}
71439,2026-01-15,09:12:59,INFO,WebServer,Page view: /home by u1070,E103,Page view: {page} by {user}
71440,2026-01-15,09:19:14,INFO,WebServer,Transaction tx217471 completed in 1436ms,E104,Transaction {tx} completed in {time}ms
71441,2026-01-15,09:32:14,INFO,AuthService,Page view: /home by u1073,E103,Page view: {page} by {user}
71442,2026-01-15,09:14:09,INFO,OrderProcessor,Page view: /home by u3080,E103,Page view: {page} by {user}
71443,2026-01-15,09:30:05,INFO,PaymentGateway,Transaction tx247767 completed in 470ms,E104,Transaction {tx} completed in {time}ms
71444,2026-01-15,09:58:50,INFO,WebServer,User u4691 login successful,E101,User {user} login successful
71445,2026-01-15,09:43:02,INFO,WebServer,Transaction tx492440 completed in 922ms,E104,Transaction {tx} completed in {time}ms
71446,2026-01-15,09:14:20,INFO,WebServer,Page view: /home by u4839,E103,Page view: {page} by {user}
71447,2026-01-15,09:30:41,INFO,AuthService,Transaction tx345370 completed in 244ms,E104,Transaction {tx} completed in {time}ms
71448,2026-01-15,09:32:29,INFO,WebServer,User u1453 login successful,E101,User {user} login successful
71449,2026-01-15,09:16:06,INFO,WebServer,User u4710 login successful,E101,User {user} login successful
71450,2026-01-15,09:07:54,INFO,PaymentGateway,User u1799 login successful,E101,User {user} login successful
71451,2026-01-15,09:39:37,INFO,WebServer,Page view: /home by u4270,E103,Page view: {page} by {user}
71452,2026-01-15,09:14:59,INFO,WebServer,Health check passed: WebServer,E102,Health check passed: {service}
71453,2026-01-15,09:31:26,INFO,WebServer,Transaction tx788318 completed in 1679ms,E104,Transaction {tx} completed in {time}ms
71454,2026-01-15,09:39:23,INFO,AuthService,User u3777 login successful,E101,User {user} login successful
71455,2026-01-15,09:23:07,INFO,WebServer,User u2797 login successful,E101,User {user} login successful
71456,2026-01-15,09:25:13,INFO,AuthService,Page view: /home by u2981,E103,Page view: {page} by {user}
71457,2026-01-15,09:45:08,INFO,OrderProcessor,Page view: /home by u2782,E103,Page view: {page} by {user}
71458,2026-01-15,09:30:54,INFO,WebServer,Page view: /home by u4093,E103,Page view: {page} by {user}
71459,2026-01-15,09:35:07,INFO,AuthService,User u1250 login successful,E101,User {user} login successful
71460,2026-01-15,09:07:14,INFO,OrderProcessor,Page view: /home by u2961,E103,Page view: {page} by {user}
71461,2026-01-15,09:07:51,INFO,WebServer,Health check passed: WebServer,E102,Health check passed: {service}
71462,2026-01-15,09:33:03,INFO,WebServer,Transaction tx363672 completed in 579ms,E104,Transaction {tx} completed in {time}ms
71463,2026-01-15,09:01:40,INFO,OrderProcessor,Transaction tx420844 completed in 1192ms,E104,Transaction {tx} completed in {time}ms
71464,2026-01-15,09:34:29,INFO,WebServer,User u3679 login successful,E101,User {user} login successful
71465,2026-01-15,09:29:49,INFO,WebServer,Page view: /home by u1870,E103,Page view: {page} by {user}
71466,2026-01-15,09:37:26,WARN,WebServer,Unauthorized access attempt from 10.0.0.45,E401,Unauthorized access attempt from {ip}
71467,2026-01-15,09:59:34,INFO,OrderProcessor,User u3391 login successful,E101,User {user} login successful
71468,2026-01-15,09:50:02,INFO,WebServer,User u2519 login successful,E101,User {user} login successful
71469,2026-01-15,09:36:17,INFO,WebServer,Health check passed: WebServer,E102,Health check passed: {service}
71470,2026-01-15,09:20:50,INFO,WebServer,Health check passed: WebServer,E102,Health check passed: {service}
71471,2026-01-15,09:38:51,INFO,WebServer,Transaction tx485270 completed in 1088ms,E104,Transaction {tx} completed in {time}ms
71472,2026-01-15,09:48:02,INFO,AuthService,Transaction tx440016 completed in 533ms,E104,Transaction {tx} completed in {time}ms
71473,2026-01-15,09:57:59,INFO,PaymentGateway,User u3763 login successful,E101,User {user} login successful
71474,2026-01-15,09:44:32,INFO,OrderProcessor,User u4718 login successful,E101,User {user} login successful
71475,2026-01-15,09:10:16,INFO,WebServer,Page view: /home by u4694,E103,Page view: {page} by {user}
71476,2026-01-15,09:09:08,INFO,OrderProcessor,Health check passed: OrderProcessor,E102,Health check passed: {service}
71477,2026-01-15,09:40:14,INFO,PaymentGateway,Page view: /home by u1634,E103,Page view: {page} by {user}
71478,2026-01-15,09:47:28,INFO,WebServer,User u2012 login successful,E101,User {user} login successful
71479,2026-01-15,09:01:46,INFO,WebServer,User u3586 login successful,E101,User {user} login successful
71480,2026-01-15,09:11:50,INFO,WebServer,Transaction tx743086 completed in 442ms,E104,Transaction {tx} completed in {time}ms
71481,2026-01-15,09:21:20,INFO,AuthService,User u4359 login successful,E101,User {user} login successful
71482,2026-01-15,09:06:03,INFO,OrderProcessor,Page view: /home by u1790,E103,Page view: {page} by {user}
71483,2026-01-15,09:21:32,INFO,WebServer,Transaction tx948302 completed in 1240ms,E104,Transaction {tx} completed in {time}ms
71484,2026-01-15,09:14:37,INFO,AuthService,User u2258 login successful,E101,User {user} login successful
71485,2026-01-15,09:26:08,INFO,WebServer,User u3877 login successful,E101,User {user} login successful
71486,2026-01-15,09:50:50,INFO,AuthService,User u3733 login successful,E101,User {user} login successful
71487,2026-01-15,09:57:28,INFO,PaymentGateway,Page view: /home by u2087,E103,Page view: {page} by {user}
71488,2026-01-15,09:05:01,INFO,WebServer,User u4357 login successful,E101,User {user} login successful
71489,2026-01-15,09:27:44,INFO,WebServer,Page view: /home by u4023,E103,Page view: {page} by {user}
71490,2026-01-15,09:30:07,WARN,WebServer,Unauthorized access attempt from 10.0.0.45,E401,Unauthorized access attempt from {ip}
71491,2026-01-15,09:47:34,INFO,WebServer,Health check passed: WebServer,E102,Health check passed: {service}
71492,2026-01-15,09:16:20,INFO,WebServer,User u2015 login successful,E101,User {user} login successful
71493,2026-01-15,09:35:42,WARN,AuthService,High latency (1888ms) detected on AuthService,E201,High latency ({time}ms) detected on {service}
71494,2026-01-15,09:51:53,INFO,InventoryDB,User u4195 login successful,E101,User {user} login successful
71495,2026-01-15,09:00:26,INFO,AuthService,User u1136 login successful,E101,User {user} login successful
71496,2026-01-15,09:48:32,INFO,WebServer,Page view: /home by u2727,E103,Page view: {page} by {user}
71497,2026-01-15,09:22:27,INFO,WebServer,Transaction tx647308 completed in 425ms,E104,Transaction {tx} completed in {time}ms
71498,2026-01-15,09:35:39,INFO,WebServer,Health check passed: WebServer,E102,Health check passed: {service}
71499,2026-01-15,09:17:34,INFO,PaymentGateway,User u1194 login successful,E101,User {user} login successful
71500,2026-01-15,09:26:40,WARN,WebServer,Disk usage > 85% on node node-3,E202,Disk usage > 85% on node {node}
71501,2026-01-15,09:08:58,INFO,AuthService,Health check passed: AuthService,E102,Health check passed: {service}
71502,2026-01-15,09:09:31,WARN,WebServer,Unauthorized access attempt from 10.0.0.12,E401,Unauthorized access attempt from {ip}
71503,2026-01-15,09:46:44,INFO,PaymentGateway,Transaction tx718916 completed in 1981ms,E104,Transaction {tx} completed in {time}ms
71504,2026-01-15,09:14:03,INFO,WebServer,Page view: /home by u3455,E103,Page view: {page} by {user}
71505,2026-01-15,09:54:45,INFO,AuthService,Page view: /home by u3600,E103,Page view: {page} by {user}
71506,2026-01-15,09:42:22,INFO,WebServer,User u4408 login successful,E101,User {user} login successful
71507,2026-01-15,09:53:14,INFO,AuthService,User u3785 login successful,E101,User {user} login successful
71508,2026-01-15,09:01:37,INFO,WebServer,User u1552 login successful,E101,User {user} login successful
71509,2026-01-15,09:12:29,INFO,PaymentGateway,User u1736 login successful,E101,User {user} login successful
71510,2026-01-15,09:20:51,INFO,InventoryDB,Transaction tx645915 completed in 494ms,E104,Transaction {tx} completed in {time}ms
71511,2026-01-15,09:53:02,INFO,WebServer,Health check passed: WebServer,E102,Health check passed: {service}
71512,2026-01-15,09:48:35,INFO,PaymentGateway,User u4346 login successful,E101,User {user} login successful
71513,2026-01-15,09:27:52,INFO,WebServer,Page view: /home by u4772,E103,Page view: {page} by {user}
71514,2026-01-15,09:46:56,INFO,AuthService,Transaction tx629830 completed in 1307ms,E104,Transaction {tx} completed in {time}ms
71515,2026-01-15,09:27:35,INFO,WebServer,Page view: /home by u2001,E103,Page view: {page} by {user}
71516,2026-01-15,09:27:49,INFO,AuthService,Transaction tx543689 completed in 1988ms,E104,Transaction {tx} completed in {time}ms
71517,2026-01-15,09:15:58,INFO,WebServer,Health check passed: WebServer,E102,Health check passed: {service}
71518,2026-01-15,09:37:06,INFO,OrderProcessor,Transaction tx899741 completed in 1865ms,E104,Transaction {tx} completed in {time}ms
71519,2026-01-15,09:04:25,INFO,WebServer,Transaction tx286128 completed in 1858ms,E104,Transaction {tx} completed in {time}ms
71520,2026-01-15,09:44:40,INFO,OrderProcessor,Page view: /home by u3234,E103,Page view: {page} by {user}
71521,2026-01-15,09:04:07,INFO,WebServer,User u4216 login successful,E101,User {user} login successful
71522,2026-01-15,09:01:49,INFO,WebServer,Health check passed: WebServer,E102,Health check passed: {service}
71523,2026-01-15,09:50:38,INFO,AuthService,Page view: /home by u3835,E103,Page view: {page} by {user}
71524,2026-01-15,09:41:43,INFO,AuthService,User u3804 login successful,E101,User {user} login successful
71525,2026-01-15,09:42:50,INFO,AuthService,Page view: /home by u3203,E103,Page view: {page} by {user}
71526,2026-01-15,09:02:45,INFO,OrderProcessor,Transaction tx241089 completed in 538ms,E104,Transaction {tx} completed in {time}ms
71527,2026-01-15,09:36:48,INFO,WebServer,User u2717 login successful,E101,User {user} login successful
71528,2026-01-15,09:23:14,INFO,PaymentGateway,Health check passed: PaymentGateway,E102,Health check passed: {service}
71529,2026-01-15,09:49:19,INFO,WebServer,Health check passed: WebServer,E102,Health check passed: {service}
71530,2026-01-15,09:02:17,INFO,PaymentGateway,Health check passed: PaymentGateway,E102,Health check passed: {service}
71531,2026-01-15,09:40:56,INFO,WebServer,User u1420 login successful,E101,User {user} login successful
71532,2026-01-15,09:08:43,INFO,OrderProcessor,Page view: /home by u4411,E103,Page view: {page} by {user}
71533,2026-01-15,09:31:32,INFO,PaymentGateway,Page view: /home by u3057,E103,Page view: {page} by {user}
71534,2026-01-15,09:18:34,INFO,WebServer,Transaction tx767469 completed in 1045ms,E104,Transaction {tx} completed in {time}ms
71535,2026-01-15,09:11:36,INFO,WebServer,Page view: /home by u4373,E103,Page view: {page} by {user}
71536,2026-01-15,09:02:45,INFO,WebServer,Page view: /home by u1764,E103,Page view: {page} by {user}
71537,2026-01-15,09:28:53,WARN,AuthService,Unauthorized access attempt from 10.0.0.45,E401,Unauthorized access attempt from {ip}
71538,2026-01-15,09:38:45,INFO,WebServer,User u4030 login successful,E101,User {user} login successful
71539,2026-01-15,09:12:06,INFO,WebServer,Transaction tx645205 completed in 1101ms,E104,Transaction {tx} completed in {time}ms
71540,2026-01-15,09:27:44,INFO,OrderProcessor,User u2165 login successful,E101,User {user} login successful
71541,2026-01-15,09:42:00,INFO,WebServer,User u4482 login successful,E101,User {user} login successful
71542,2026-01-15,09:06:09,INFO,WebServer,Transaction tx911346 completed in 1427ms,E104,Transaction {tx} completed in {time}ms
71543,2026-01-15,09:07:32,WARN,AuthService,Unauthorized access attempt from 10.0.0.45,E401,Unauthorized access attempt from {ip}
71544,2026-01-15,09:02:12,INFO,WebServer,User u3251 login successful,E101,User {user} login successful
71545,2026-01-15,09:18:21,INFO,OrderProcessor,Page view: /home by u3850,E103,Page view: {page} by {user}
71546,2026-01-15,09:37:37,INFO,AuthService,User u3946 login successful,E101,User {user} login successful
71547,2026-01-15,09:54:58,INFO,InventoryDB,Page view: /home by u3691,E103,Page view: {page} by {user}
71548,2026-01-15,09:57:48,INFO,WebServer,Page view: /home by u3564,E103,Page view: {page} by {user}
71549,2026-01-15,09:15:05,INFO,WebServer,Health check passed: WebServer,E102,Health check passed: {service}
71550,2026-01-15,09:19:33,INFO,WebServer,Transaction tx384606 completed in 1459ms,E104,Transaction {tx} completed in {time}ms
71551,2026-01-15,09:28:50,INFO,OrderProcessor,User u1372 login successful,E101,User {user} login successful
71552,2026-01-15,09:13:39,WARN,AuthService,Unauthorized access attempt from 10.0.0.10,E401,Unauthorized access attempt from {ip}
71553,2026-01-15,09:53:38,INFO,WebServer,Health check passed: WebServer,E102,Health check passed: {service}
71554,2026-01-15,09:29:02,INFO,AuthService,Health check passed: AuthService,E102,Health check passed: {service}
71555,2026-01-15,09:54:11,INFO,OrderProcessor,Transaction tx884871 completed in 1630ms,E104,Transaction {tx} completed in {time}ms
71556,2026-01-15,09:59:41,INFO,WebServer,Transaction tx498532 completed in 1049ms,E104,Transaction {tx} completed in {time}ms
71557,2026-01-15,09:39:52,INFO,OrderProcessor,Health check passed: OrderProcessor,E102,Health check passed: {service}
71558,2026-01-15,09:59:19,INFO,AuthService,Page view: /home by u2965,E103,Page view: {page} by {user}
71559,2026-01-15,09:43:06,INFO,WebServer,Health check passed: WebServer,E102,Health check passed: {service}
71560,2026-01-15,09:53:09,WARN,WebServer,Disk usage > 85% on node node-5,E202,Disk usage > 85% on node {node}
71561,2026-01-15,09:57:06,INFO,WebServer,User u3624 login successful,E101,User {user} login successful
71562,2026-01-15,09:13:52,INFO,PaymentGateway,User u1745 login successful,E101,User {user} login successful
71563,2026-01-15,09:30:44,INFO,WebServer,Page view: /home by u3788,E103,Page view: {page} by {user}
71564,2026-01-15,09:45:31,INFO,WebServer,User u3334 login successful,E101,User {user} login successful
71565,2026-01-15,09:27:32,WARN,AuthService,High latency (1338ms) detected on AuthService,E201,High latency ({time}ms) detected on {service}
71566,2026-01-15,09:29:24,INFO,WebServer,Transaction tx509505 completed in 1752ms,E104,Transaction {tx} completed in {time}ms
71567,2026-01-15,09:59:55,INFO,WebServer,User u2830 login successful,E101,User {user} login successful
71568,2026-01-15,09:38:38,INFO,WebServer,User u1682 login successful,E101,User {user} login successful
71569,2026-01-15,09:46:14,INFO,WebServer,Health check passed: WebServer,E102,Health check passed: {service}
71570,2026-01-15,09:23:54,INFO,WebServer,Transaction tx925499 completed in 593ms,E104,Transaction {tx} completed in {time}ms
71571,2026-01-15,09:21:21,WARN,WebServer,Unauthorized access attempt from 10.0.0.45,E401,Unauthorized access attempt from {ip}
71572,2026-01-15,09:35:07,INFO,WebServer,Transaction tx555150 completed in 861ms,E104,Transaction {tx} completed in {time}ms
71573,2026-01-15,09:29:08,WARN,OrderProcessor,Unauthorized access attempt from 10.0.0.45,E401,Unauthorized access attempt from {ip}
71574,2026-01-15,09:20:22,INFO,PaymentGateway,Page view: /home by u2273,E103,Page view: {page} by {user}
71575,2026-01-15,09:00:39,INFO,AuthService,Health check passed: AuthService,E102,Health check passed: {service}
71576,2026-01-15,09:42:27,INFO,InventoryDB,Page view: /home by u2917,E103,Page view: {page} by {user}
71577,2026-01-15,09:34:08,INFO,OrderProcessor,Transaction tx776600 completed in 813ms,E104,Transaction {tx} completed in {time}ms
71578,2026-01-15,09:02:11,INFO,WebServer,Transaction tx499533 completed in 1038ms,E104,Transaction {tx} completed in {time}ms
71579,2026-01-15,09:22:15,INFO,PaymentGateway,User u4702 login successful,E101,User {user} login successful
71580,2026-01-15,09:59:02,INFO,WebServer,Transaction tx582413 completed in 575ms,E104,Transaction {tx} completed in {time}ms
71581,2026-01-15,09:42:32,INFO,OrderProcessor,User u2101 login successful,E101,User {user} login successful
71582,2026-01-15,09:44:56,INFO,WebServer,Transaction tx234428 completed in 1122ms,E104,Transaction {tx} completed in {time}ms
71583,2026-01-15,09:20:04,WARN,WebServer,Unauthorized access attempt from 10.0.0.45,E401,Unauthorized access attempt from {ip}
71584,2026-01-15,09:26:40,WARN,AuthService,Unauthorized access attempt from 10.0.0.45,E401,Unauthorized access attempt from {ip}
71585,2026-01-15,09:17:00,INFO,PaymentGateway,Page view: /home by u4177,E103,Page view: {page} by {user}
71586,2026-01-15,09:15:19,INFO,AuthService,Health check passed: AuthService,E102,Health check passed: {service}
71587,2026-01-15,09:42:07,INFO,WebServer,Page view: /home by u1451,E103,Page view: {page} by {user}
71588,2026-01-15,09:19:56,INFO,WebServer,Page view: /home by u4310,E103,Page view: {page} by {user}
71589,2026-01-15,09:40:28,INFO,OrderProcessor,Page view: /home by u4508,E103,Page view: {page} by {user}
71590,2026-01-15,09:11:40,INFO,WebServer,Health check passed: WebServer,E102,Health check passed: {service}
71591,2026-01-15,09:52:19,INFO,PaymentGateway,Health check passed: PaymentGateway,E102,Health check passed: {service}
71592,2026-01-15,09:26:13,INFO,PaymentGateway,Page view: /home by u1746,E103,Page view: {page} by {user}
71593,2026-01-15,09:35:40,INFO,WebServer,Transaction tx531261 completed in 1628ms,E104,Transaction {tx} completed in {time}ms
71594,2026-01-15,09:05:52,INFO,AuthService,Health check passed: AuthService,E102,Health check passed: {service}
71595,2026-01-15,09:02:59,INFO,OrderProcessor,Page view: /home by u4697,E103,Page view: {page} by {user}
71596,2026-01-15,09:51:30,INFO,AuthService,Health check passed: AuthService,E102,Health check passed: {service}
71597,2026-01-15,09:41:40,WARN,WebServer,Disk usage > 85% on node node-2,E202,Disk usage > 85% on node {node}
71598,2026-01-15,09:23:08,INFO,InventoryDB,User u4101 login successful,E101,User {user} login successful
71599,2026-01-15,09:15:52,INFO,WebServer,User u4664 login successful,E101,User {user} login successful
71600,2026-01-15,09:03:29,INFO,WebServer,Page view: /home by u4121,E103,Page view: {page} by {user}
71601,2026-01-15,09:50:11,INFO,WebServer,Page view: /home by u4163,E103,Page view: {page} by {user}
71602,2026-01-15,09:03:51,WARN,WebServer,Disk usage > 85% on node node-1,E202,Disk usage > 85% on node {node}
71603,2026-01-15,09:32:43,INFO,AuthService,User u4812 login successful,E101,User {user} login successful
71604,2026-01-15,09:50:07,INFO,OrderProcessor,User u1628 login successful,E101,User {user} login successful
71605,2026-01-15,09:53:59,INFO,InventoryDB,Transaction tx370932 completed in 72ms,E104,Transaction {tx} completed in {time}ms
71606,2026-01-15,09:14:52,WARN,OrderProcessor,Unauthorized access attempt from 10.0.0.45,E401,Unauthorized access attempt from {ip}
71607,2026-01-15,09:25:06,INFO,OrderProcessor,Health check passed: OrderProcessor,E102,Health check passed: {service}
71608,2026-01-15,09:23:34,INFO,WebServer,Page view: /home by u1997,E103,Page view: {page} by {user}
71609,2026-01-15,09:10:29,INFO,InventoryDB,Transaction tx763705 completed in 966ms,E104,Transaction {tx} completed in {time}ms
71610,2026-01-15,09:57:24,INFO,AuthService,Health check passed: AuthService,E102,Health check passed: {service}
71611,2026-01-15,09:13:32,INFO,AuthService,User u3832 login successful,E101,User {user} login successful
71612,2026-01-15,09:53:15,INFO,WebServer,Transaction tx299163 completed in 438ms,E104,Transaction {tx} completed in {time}ms
71613,2026-01-15,09:43:50,WARN,AuthService,Unauthorized access attempt from 10.0.0.99,E401,Unauthorized access attempt from {ip}
71614,2026-01-15,09:24:49,INFO,WebServer,User u3821 login successful,E101,User {user} login successful
71615,2026-01-15,09:54:49,INFO,OrderProcessor,Transaction tx668708 completed in 569ms,E104,Transaction {tx} completed in {time}ms
71616,2026-01-15,09:31:07,INFO,WebServer,Transaction tx962059 completed in 1706ms,E104,Transaction {tx} completed in {time}ms
71617,2026-01-15,09:13:44,INFO,PaymentGateway,User u2020 login successful,E101,User {user} login successful
71618,2026-01-15,09:57:37,INFO,AuthService,Health check passed: AuthService,E102,Health check passed: {service}
71619,2026-01-15,09:07:41,INFO,PaymentGateway,User u2064 login successful,E101,User {user} login successful
71620,2026-01-15,09:28:51,INFO,WebServer,Transaction tx815366 completed in 30ms,E104,Transaction {tx} completed in {time}ms
71621,2026-01-15,09:41:33,INFO,OrderProcessor,User u4827 login successful,E101,User {user} login successful
71622,2026-01-15,09:13:08,INFO,AuthService,Transaction tx784662 completed in 205ms,E104,Transaction {tx} completed in {time}ms
71623,2026-01-15,09:45:01,INFO,PaymentGateway,Health check passed: PaymentGateway,E102,Health check passed: {service}
71624,2026-01-15,09:03:20,INFO,AuthService,Health check passed: AuthService,E102,Health check passed: {service}
71625,2026-01-15,09:45:13,INFO,WebServer,Page view: /home by u2471,E103,Page view: {page} by {user}
71626,2026-01-15,09:22:16,INFO,PaymentGateway,Transaction tx896654 completed in 1512ms,E104,Transaction {tx} completed in {time}ms
71627,2026-01-15,09:16:36,WARN,OrderProcessor,Disk usage > 85% on node node-5,E202,Disk usage > 85% on node {node}
71628,2026-01-15,09:43:26,INFO,PaymentGateway,Transaction tx723693 completed in 213ms,E104,Transaction {tx} completed in {time}ms
71629,2026-01-15,09:09:23,INFO,WebServer,Page view: /home by u2280,E103,Page view: {page} by {user}
71630,2026-01-15,09:17:17,INFO,WebServer,Page view: /home by u4703,E103,Page view: {page} by {user}
71631,2026-01-15,09:51:12,INFO,WebServer,Page view: /home by u1050,E103,Page view: {page} by {user}
71632,2026-01-15,09:40:10,ERROR,WebServer,Connection refused to WebServer at 10.0.0.45,E501,Connection refused to {service} at {ip}
71633,2026-01-15,09:42:43,INFO,AuthService,Page view: /home by u1623,E103,Page view: {page} by {user}
71634,2026-01-15,09:30:13,INFO,OrderProcessor,Page view: /home by u4873,E103,Page view: {page} by {user}
71635,2026-01-15,09:59:11,INFO,WebServer,Health check passed: WebServer,E102,Health check passed: {service}
71636,2026-01-15,09:06:33,INFO,OrderProcessor,Transaction tx932435 completed in 1455ms,E104,Transaction {tx} completed in {time}ms
71637,2026-01-15,09:12:29,INFO,AuthService,User u3251 login successful,E101,User {user} login successful
71638,2026-01-15,09:22:09,INFO,AuthService,Transaction tx835436 completed in 1006ms,E104,Transaction {tx} completed in {time}ms
71639,2026-01-15,09:10:34,INFO,InventoryDB,User u3746 login successful,E101,User {user} login successful
71640,2026-01-15,09:32:13,INFO,OrderProcessor,Transaction tx529575 completed in 784ms,E104,Transaction {tx} completed in {time}ms
71641,2026-01-15,09:22:46,INFO,PaymentGateway,Page view: /home by u2020,E103,Page view: {page} by {user}
71642,2026-01-15,09:50:37,INFO,OrderProcessor,Page view: /home by u1130,E103,Page view: {page} by {user}
71643,2026-01-15,09:05:48,INFO,OrderProcessor,Page view: /home by u3166,E103,Page view: {page} by {user}
71644,2026-01-15,09:21:06,INFO,AuthService,Page view: /home by u1749,E103,Page view: {page} by {user}
71645,2026-01-15,09:29:52,INFO,PaymentGateway,User u1375 login successful,E101,User {user} login successful
71646,2026-01-15,09:05:07,INFO,AuthService,User u1168 login successful,E101,User {user} login successful
71647,2026-01-15,09:49:09,INFO,OrderProcessor,User u1166 login successful,E101,User {user} login successful
71648,2026-01-15,09:47:34,INFO,AuthService,Health check passed: AuthService,E102,Health check passed: {service}
71649,2026-01-15,09:26:42,INFO,WebServer,Health check passed: WebServer,E102,Health check passed: {service}
71650,2026-01-15,09:58:17,INFO,PaymentGateway,Page view: /home by u2502,E103,Page view: {page} by {user}
71651,2026-01-15,09:25:09,INFO,WebServer,Transaction tx710951 completed in 1972ms,E104,Transaction {tx} completed in {time}ms
71652,2026-01-15,09:16:58,INFO,WebServer,Transaction tx869063 completed in 897ms,E104,Transaction {tx} completed in {time}ms
71653,2026-01-15,09:11:46,INFO,WebServer,Page view: /home by u2289,E103,Page view: {page} by {user}
71654,2026-01-15,09:51:09,INFO,WebServer,Health check passed: WebServer,E102,Health check passed: {service}
71655,2026-01-15,09:42:54,INFO,OrderProcessor,User u2866 login successful,E101,User {user} login successful
71656,2026-01-15,09:19:40,INFO,OrderProcessor,User u4877 login successful,E101,User {user} login successful
71657,2026-01-15,09:44:33,INFO,OrderProcessor,Health check passed: OrderProcessor,E102,Health check passed: {service}
71658,2026-01-15,09:21:55,INFO,AuthService,Transaction tx600181 completed in 1867ms,E104,Transaction {tx} completed in {time}ms
71659,2026-01-15,09:39:09,INFO,AuthService,Page view: /home by u3237,E103,Page view: {page} by {user}
71660,2026-01-15,09:16:26,INFO,WebServer,Page view: /home by u2355,E103,Page view: {page} by {user}
71661,2026-01-15,09:55:50,INFO,WebServer,User u2535 login successful,E101,User {user} login successful
71662,2026-01-15,09:44:17,WARN,OrderProcessor,High latency (450ms) detected on OrderProcessor,E201,High latency ({time}ms) detected on {service}
71663,2026-01-15,09:38:57,INFO,WebServer,Health check passed: WebServer,E102,Health check passed: {service}
71664,2026-01-15,09:00:00,INFO,WebServer,Page view: /home by u1223,E103,Page view: {page} by {user}
71665,2026-01-15,09:20:22,ERROR,WebServer,Connection refused to WebServer at 10.0.0.88,E501,Connection refused to {service} at {ip}
71666,2026-01-15,09:14:53,CRITICAL,PaymentGateway,DATA CORRUPTION detected in sector 374,E602,DATA CORRUPTION detected in sector {sector}
71667,2026-01-15,09:24:11,INFO,WebServer,User u1540 login successful,E101,User {user} login successful
71668,2026-01-15,09:50:19,INFO,WebServer,User u4255 login successful,E101,User {user} login successful
71669,2026-01-15,09:52:52,INFO,OrderProcessor,User u4271 login successful,E101,User {user} login successful
71670,2026-01-15,09:33:04,INFO,PaymentGateway,User u4213 login successful,E101,User {user} login successful
71671,2026-01-15,09:41:58,INFO,InventoryDB,User u1981 login successful,E101,User {user} login successful
71672,2026-01-15,09:10:48,INFO,WebServer,User u1688 login successful,E101,User {user} login successful
71673,2026-01-15,09:25:52,INFO,InventoryDB,Health check passed: InventoryDB,E102,Health check passed: {service}
71674,2026-01-15,09:05:33,INFO,WebServer,User u1397 login successful,E101,User {user} login successful
71675,2026-01-15,09:58:33,INFO,WebServer,Transaction tx352501 completed in 465ms,E104,Transaction {tx} completed in {time}ms
71676,2026-01-15,09:16:16,INFO,WebServer,Transaction tx555701 completed in 655ms,E104,Transaction {tx} completed in {time}ms
71677,2026-01-15,09:56:35,INFO,WebServer,Page view: /home by u4238,E103,Page view: {page} by {user}
71678,2026-01-15,09:41:30,INFO,WebServer,Transaction tx791038 completed in 104ms,E104,Transaction {tx} completed in {time}ms
71679,2026-01-15,09:19:03,INFO,PaymentGateway,Page view: /home by u4841,E103,Page view: {page} by {user}
71680,2026-01-15,09:42:47,INFO,PaymentGateway,Transaction tx110477 completed in 711ms,E104,Transaction {tx} completed in {time}ms
71681,2026-01-15,09:40:46,INFO,PaymentGateway,Health check passed: PaymentGateway,E102,Health check passed: {service}
71682,2026-01-15,09:49:07,INFO,WebServer,Transaction tx638298 completed in 204ms,E104,Transaction {tx} completed in {time}ms
71683,2026-01-15,09:22:49,INFO,WebServer,User u1706 login successful,E101,User {user} login successful
71684,2026-01-15,09:13:35,INFO,PaymentGateway,Page view: /home by u4914,E103,Page view: {page} by {user}
71685,2026-01-15,09:49:08,INFO,PaymentGateway,Transaction tx595369 completed in 1872ms,E104,Transaction {tx} completed in {time}ms
71686,2026-01-15,09:50:05,INFO,PaymentGateway,User u4623 login successful,E101,User {user} login successful
71687,2026-01-15,09:11:46,INFO,WebServer,Page view: /home by u1071,E103,Page view: {page} by {user}
71688,2026-01-15,09:45:12,INFO,PaymentGateway,Health check passed: PaymentGateway,E102,Health check passed: {service}
71689,2026-01-15,09:45:14,INFO,WebServer,Health check passed: WebServer,E102,Health check passed: {service}
71690,2026-01-15,09:58:00,INFO,OrderProcessor,User u4750 login successful,E101,User {user} login successful
71691,2026-01-15,09:46:16,INFO,WebServer,Page view: /home by u3445,E103,Page view: {page} by {user}
71692,2026-01-15,09:27:45,INFO,OrderProcessor,Page view: /home by u3609,E103,Page view: {page} by {user}
71693,2026-01-15,09:33:36,INFO,WebServer,Page view: /home by u3079,E103,Page view: {page} by {user}
71694,2026-01-15,09:01:25,INFO,WebServer,User u3554 login successful,E101,User {user} login successful
71695,2026-01-15,09:38:14,INFO,OrderProcessor,Transaction tx872839 completed in 1969ms,E104,Transaction {tx} completed in {time}ms
71696,2026-01-15,09:06:07,INFO,AuthService,User u1524 login successful,E101,User {user} login successful
71697,2026-01-15,09:58:34,INFO,OrderProcessor,Page view: /home by u4141,E103,Page view: {page} by {user}
71698,2026-01-15,09:30:25,INFO,AuthService,User u3521 login successful,E101,User {user} login successful
71699,2026-01-15,09:26:46,INFO,WebServer,Health check passed: WebServer,E102,Health check passed: {service}
71700,2026-01-15,09:19:20,INFO,WebServer,Transaction tx848447 completed in 441ms,E104,Transaction {tx} completed in {time}ms
71701,2026-01-15,09:54:56,INFO,AuthService,User u3432 login successful,E101,User {user} login successful
71702,2026-01-15,09:24:55,INFO,WebServer,User u2164 login successful,E101,User {user} login successful
71703,2026-01-15,09:04:52,INFO,PaymentGateway,Page view: /home by u2014,E103,Page view: {page} by {user}
71704,2026-01-15,09:05:22,INFO,WebServer,Page view: /home by u3618,E103,Page view: {page} by {user}
71705,2026-01-15,09:44:07,INFO,WebServer,Page view: /home by u2783,E103,Page view: {page} by {user}
71706,2026-01-15,09:13:14,INFO,WebServer,Health check passed: WebServer,E102,Health check passed: {service}
71707,2026-01-15,09:11:24,WARN,WebServer,High latency (662ms) detected on WebServer,E201,High latency ({time}ms) detected on {service}
71708,2026-01-15,09:30:25,INFO,WebServer,Health check passed: WebServer,E102,Health check passed: {service}
71709,2026-01-15,09:29:44,INFO,AuthService,Page view: /home by u1024,E103,Page view: {page} by {user}
71710,2026-01-15,09:56:21,INFO,InventoryDB,User u3854 login successful,E101,User {user} login successful
71711,2026-01-15,09:27:48,INFO,WebServer,Transaction tx367913 completed in 1325ms,E104,Transaction {tx} completed in {time}ms
71712,2026-01-15,09:00:44,INFO,OrderProcessor,Page view: /home by u3258,E103,Page view: {page} by {user}
71713,2026-01-15,09:24:23,INFO,WebServer,Transaction tx377890 completed in 313ms,E104,Transaction {tx} completed in {time}ms
71714,2026-01-15,09:05:35,INFO,OrderProcessor,Transaction tx686375 completed in 61ms,E104,Transaction {tx} completed in {time}ms
71715,2026-01-15,09:10:23,INFO,WebServer,User u2928 login successful,E101,User {user} login successful
71716,2026-01-15,09:04:54,INFO,PaymentGateway,User u3124 login successful,E101,User {user} login successful
71717,2026-01-15,09:48:31,INFO,WebServer,Transaction tx390438 completed in 1719ms,E104,Transaction {tx} completed in {time}ms
71718,2026-01-15,09:44:35,INFO,OrderProcessor,Page view: /home by u2313,E103,Page view: {page} by {user}
71719,2026-01-15,09:30:14,INFO,AuthService,Page view: /home by u3827,E103,Page view: {page} by {user}
71720,2026-01-15,09:31:39,INFO,PaymentGateway,User u4069 login successful,E101,User {user} login successful
71721,2026-01-15,09:36:14,INFO,WebServer,User u1210 login successful,E101,User {user} login successful
71722,2026-01-15,09:52:51,INFO,WebServer,Page view: /home by u2211,E103,Page view: {page} by {user}
71723,2026-01-15,09:50:25,INFO,WebServer,Page view: /home by u4081,E103,Page view: {page} by {user}
71724,2026-01-15,09:48:03,INFO,AuthService,Transaction tx594787 completed in 1022ms,E104,Transaction {tx} completed in {time}ms
71725,2026-01-15,09:43:28,INFO,InventoryDB,Page view: /home by u3869,E103,Page view: {page} by {user}
71726,2026-01-15,09:35:48,INFO,WebServer,Transaction tx940841 completed in 766ms,E104,Transaction {tx} completed in {time}ms
71727,2026-01-15,09:26:16,INFO,OrderProcessor,Transaction tx631332 completed in 1046ms,E104,Transaction {tx} completed in {time}ms
71728,2026-01-15,09:35:56,INFO,WebServer,Health check passed: WebServer,E102,Health check passed: {service}
71729,2026-01-15,09:17:47,INFO,PaymentGateway,Transaction tx511063 completed in 1576ms,E104,Transaction {tx} completed in {time}ms
71730,2026-01-15,09:40:29,INFO,AuthService,User u4422 login successful,E101,User {user} login successful
71731,2026-01-15,09:23:09,INFO,WebServer,Transaction tx918418 completed in 320ms,E104,Transaction {tx} completed in {time}ms
71732,2026-01-15,09:12:05,INFO,OrderProcessor,Health check passed: OrderProcessor,E102,Health check passed: {service}
71733,2026-01-15,09:09:57,INFO,PaymentGateway,Transaction tx125747 completed in 1227ms,E104,Transaction {tx} completed in {time}ms
71734,2026-01-15,09:46:46,INFO,PaymentGateway,Health check passed: PaymentGateway,E102,Health check passed: {service}
71735,2026-01-15,09:44:33,INFO,WebServer,Page view: /home by u4815,E103,Page view: {page} by {user}
71736,2026-01-15,09:42:04,INFO,WebServer,User u2364 login successful,E101,User {user} login successful
71737,2026-01-15,09:11:42,INFO,WebServer,Health check passed: WebServer,E102,Health check passed: {service}
71738,2026-01-15,09:26:31,INFO,OrderProcessor,User u1736 login successful,E101,User {user} login successful
71739,2026-01-15,09:49:41,INFO,AuthService,User u4580 login successful,E101,User {user} login successful
71740,2026-01-15,09:39:46,INFO,AuthService,Transaction tx136653 completed in 1819ms,E104,Transaction {tx} completed in {time}ms
71741,2026-01-15,09:09:48,INFO,WebServer,User u2921 login successful,E101,User {user} login successful
71742,2026-01-15,09:27:36,INFO,InventoryDB,Health check passed: InventoryDB,E102,Health check passed: {service}
71743,2026-01-15,09:36:16,INFO,AuthService,Health check passed: AuthService,E102,Health check passed: {service}
71744,2026-01-15,09:47:55,INFO,OrderProcessor,Health check passed: OrderProcessor,E102,Health check passed: {service}
71745,2026-01-15,09:13:59,INFO,OrderProcessor,Health check passed: OrderProcessor,E102,Health check passed: {service}
71746,2026-01-15,09:35:36,INFO,AuthService,Transaction tx326476 completed in 725ms,E104,Transaction {tx} completed in {time}ms
71747,2026-01-15,09:21:12,INFO,WebServer,Transaction tx285159 completed in 791ms,E104,Transaction {tx} completed in {time}ms
71748,2026-01-15,09:43:42,INFO,AuthService,Transaction tx158900 completed in 620ms,E104,Transaction {tx} completed in {time}ms
71749,2026-01-15,09:52:38,INFO,WebServer,Page view: /home by u4992,E103,Page view: {page} by {user}
71750,2026-01-15,09:22:24,INFO,PaymentGateway,User u4251 login successful,E101,User {user} login successful
71751,2026-01-15,09:55:01,WARN,PaymentGateway,High latency (1336ms) detected on PaymentGateway,E201,High latency ({time}ms) detected on {service}
71752,2026-01-15,09:26:58,INFO,WebServer,User u2825 login successful,E101,User {user} login successful
71753,2026-01-15,09:44:25,INFO,WebServer,Page view: /home by u4829,E103,Page view: {page} by {user}
71754,2026-01-15,09:48:56,WARN,AuthService,Disk usage > 85% on node node-3,E202,Disk usage > 85% on node {node}
71755,2026-01-15,09:33:44,INFO,OrderProcessor,Health check passed: OrderProcessor,E102,Health check passed: {service}
71756,2026-01-15,09:24:14,INFO,WebServer,Transaction tx903584 completed in 385ms,E104,Transaction {tx} completed in {time}ms
71757,2026-01-15,09:45:32,INFO,WebServer,Page view: /home by u1725,E103,Page view: {page} by {user}
71758,2026-01-15,09:18:37,ERROR,WebServer,Payment declined: Gateway unavailable,E503,Payment declined: Gateway unavailable
71759,2026-01-15,09:44:59,INFO,WebServer,Page view: /home by u3102,E103,Page view: {page} by {user}
71760,2026-01-15,09:02:30,INFO,WebServer,Transaction tx160875 completed in 741ms,E104,Transaction {tx} completed in {time}ms
71761,2026-01-15,09:02:48,INFO,AuthService,Transaction tx632571 completed in 1610ms,E104,Transaction {tx} completed in {time}ms
71762,2026-01-15,09:41:27,INFO,WebServer,Page view: /home by u4892,E103,Page view: {page} by {user}
71763,2026-01-15,09:55:02,INFO,WebServer,User u1754 login successful,E101,User {user} login successful
71764,2026-01-15,09:44:37,INFO,OrderProcessor,User u3666 login successful,E101,User {user} login successful
71765,2026-01-15,09:31:46,INFO,WebServer,Health check passed: WebServer,E102,Health check passed: {service}
71766,2026-01-15,09:48:45,INFO,WebServer,Page view: /home by u4754,E103,Page view: {page} by {user}
71767,2026-01-15,09:11:28,INFO,WebServer,Transaction tx511043 completed in 1558ms,E104,Transaction {tx} completed in {time}ms
71768,2026-01-15,09:18:43,INFO,AuthService,Transaction tx494436 completed in 1395ms,E104,Transaction {tx} completed in {time}ms
71769,2026-01-15,09:14:50,INFO,InventoryDB,Health check passed: InventoryDB,E102,Health check passed: {service}
71770,2026-01-15,09:14:15,INFO,WebServer,Health check passed: WebServer,E102,Health check passed: {service}
71771,2026-01-15,09:04:13,INFO,WebServer,User u4511 login successful,E101,User {user} login successful
71772,2026-01-15,09:55:27,INFO,WebServer,Health check passed: WebServer,E102,Health check passed: {service}
71773,2026-01-15,09:04:43,INFO,AuthService,Transaction tx877537 completed in 387ms,E104,Transaction {tx} completed in {time}ms
71774,2026-01-15,09:46:31,INFO,WebServer,Transaction tx595720 completed in 608ms,E104,Transaction {tx} completed in {time}ms
71775,2026-01-15,09:52:25,INFO,WebServer,User u2862 login successful,E101,User {user} login successful
71776,2026-01-15,09:30:10,INFO,OrderProcessor,User u2805 login successful,E101,User {user} login successful
71777,2026-01-15,09:52:35,INFO,WebServer,Transaction tx748607 completed in 851ms,E104,Transaction {tx} completed in {time}ms
71778,2026-01-15,09:17:12,INFO,AuthService,User u3985 login successful,E101,User {user} login successful
71779,2026-01-15,09:19:12,INFO,AuthService,Health check passed: AuthService,E102,Health check passed: {service}
71780,2026-01-15,09:23:18,WARN,AuthService,Unauthorized access attempt from 10.0.0.45,E401,Unauthorized access attempt from {ip}
71781,2026-01-15,09:38:28,INFO,WebServer,Health check passed: WebServer,E102,Health check passed: {service}
71782,2026-01-15,09:34:08,WARN,WebServer,Disk usage > 85% on node node-1,E202,Disk usage > 85% on node {node}
71783,2026-01-15,09:57:06,INFO,WebServer,Health check passed: WebServer,E102,Health check passed: {service}
71784,2026-01-15,09:06:23,INFO,AuthService,Page view: /home by u1129,E103,Page view: {page} by {user}
71785,2026-01-15,09:50:23,INFO,OrderProcessor,Transaction tx803629 completed in 146ms,E104,Transaction {tx} completed in {time}ms
71786,2026-01-15,09:41:41,WARN,WebServer,Unauthorized access attempt from 10.0.0.45,E401,Unauthorized access attempt from {ip}
71787,2026-01-15,09:12:00,INFO,WebServer,Transaction tx115276 completed in 21ms,E104,Transaction {tx} completed in {time}ms
71788,2026-01-15,09:54:55,INFO,OrderProcessor,Page view: /home by u4079,E103,Page view: {page} by {user}
71789,2026-01-15,09:55:58,INFO,PaymentGateway,Health check passed: PaymentGateway,E102,Health check passed: {service}
71790,2026-01-15,09:21:09,INFO,AuthService,Page view: /home by u4940,E103,Page view: {page} by {user}
71791,2026-01-15,09:12:54,INFO,OrderProcessor,User u3894 login successful,E101,User {user} login successful
71792,2026-01-15,09:09:52,INFO,WebServer,Transaction tx388625 completed in 1573ms,E104,Transaction {tx} completed in {time}ms
71793,2026-01-15,09:41:21,INFO,WebServer,Page view: /home by u4624,E103,Page view: {page} by {user}
71794,2026-01-15,09:48:30,INFO,OrderProcessor,User u1014 login successful,E101,User {user} login successful
71795,2026-01-15,09:19:54,INFO,InventoryDB,Page view: /home by u1697,E103,Page view: {page} by {user}
71796,2026-01-15,09:17:38,INFO,WebServer,Health check passed: WebServer,E102,Health check passed: {service}
71797,2026-01-15,09:52:44,INFO,WebServer,Transaction tx652574 completed in 460ms,E104,Transaction {tx} completed in {time}ms
71798,2026-01-15,09:40:28,INFO,AuthService,User u3828 login successful,E101,User {user} login successful
71799,2026-01-15,09:33:57,INFO,WebServer,Page view: /home by u4604,E103,Page view: {page} by {user}
71800,2026-01-15,09:32:45,INFO,OrderProcessor,User u4018 login successful,E101,User {user} login successful
71801,2026-01-15,09:02:22,INFO,WebServer,Page view: /home by u4573,E103,Page view: {page} by {user}
71802,2026-01-15,09:37:42,INFO,WebServer,Health check passed: WebServer,E102,Health check passed: {service}
71803,2026-01-15,09:32:56,INFO,AuthService,User u1069 login successful,E101,User {user} login successful
71804,2026-01-15,09:45:18,INFO,AuthService,Page view: /home by u1078,E103,Page view: {page} by {user}
71805,2026-01-15,09:28:27,INFO,WebServer,User u3078 login successful,E101,User {user} login successful
71806,2026-01-15,09:19:58,INFO,PaymentGateway,User u3462 login successful,E101,User {user} login successful
71807,2026-01-15,09:57:23,WARN,AuthService,Unauthorized access attempt from 10.0.0.45,E401,Unauthorized access attempt from {ip}
71808,2026-01-15,09:04:12,INFO,AuthService,Health check passed: AuthService,E102,Health check passed: {service}
71809,2026-01-15,09:03:50,INFO,PaymentGateway,Page view: /home by u4087,E103,Page view: {page} by {user}
71810,2026-01-15,09:33:56,INFO,WebServer,Health check passed: WebServer,E102,Health check passed: {service}
71811,2026-01-15,09:11:01,INFO,InventoryDB,User u3108 login successful,E101,User {user} login successful
71812,2026-01-15,09:29:00,INFO,WebServer,Health check passed: WebServer,E102,Health check passed: {service}
71813,2026-01-15,09:39:53,INFO,PaymentGateway,Page view: /home by u1358,E103,Page view: {page} by {user}
71814,2026-01-15,09:02:04,INFO,WebServer,Transaction tx472777 completed in 1302ms,E104,Transaction {tx} completed in {time}ms
71815,2026-01-15,09:16:25,INFO,OrderProcessor,User u4574 login successful,E101,User {user} login successful
71816,2026-01-15,09:02:07,INFO,WebServer,Page view: /home by u2471,E103,Page view: {page} by {user}
71817,2026-01-15,09:51:34,INFO,WebServer,User u4485 login successful,E101,User {user} login successful
71818,2026-01-15,09:09:55,INFO,AuthService,User u1647 login successful,E101,User {user} login successful
71819,2026-01-15,09:24:39,INFO,WebServer,Page view: /home by u4874,E103,Page view: {page} by {user}
71820,2026-01-15,09:16:36,INFO,WebServer,User u1605 login successful,E101,User {user} login successful
71821,2026-01-15,09:12:00,INFO,WebServer,Transaction tx114359 completed in 922ms,E104,Transaction {tx} completed in {time}ms
71822,2026-01-15,09:58:37,INFO,PaymentGateway,Transaction tx780372 completed in 508ms,E104,Transaction {tx} completed in {time}ms
71823,2026-01-15,09:44:25,INFO,WebServer,Transaction tx222835 completed in 880ms,E104,Transaction {tx} completed in {time}ms
71824,2026-01-15,09:56:56,INFO,PaymentGateway,Page view: /home by u1748,E103,Page view: {page} by {user}
71825,2026-01-15,09:00:07,INFO,WebServer,Page view: /home by u3332,E103,Page view: {page} by {user}
71826,2026-01-15,09:54:52,INFO,OrderProcessor,Health check passed: OrderProcessor,E102,Health check passed: {service}
71827,2026-01-15,09:40:30,INFO,OrderProcessor,Page view: /home by u4535,E103,Page view: {page} by {user}
71828,2026-01-15,09:09:33,INFO,WebServer,User u2514 login successful,E101,User {user} login successful
71829,2026-01-15,09:32:23,WARN,AuthService,Disk usage > 85% on node node-4,E202,Disk usage > 85% on node {node}
71830,2026-01-15,09:15:07,INFO,WebServer,Transaction tx587690 completed in 1689ms,E104,Transaction {tx} completed in {time}ms
71831,2026-01-15,09:34:52,INFO,WebServer,Health check passed: WebServer,E102,Health check passed: {service}
71832,2026-01-15,09:18:36,INFO,WebServer,Health check passed: WebServer,E102,Health check passed: {service}
71833,2026-01-15,09:07:34,INFO,WebServer,Page view: /home by u4657,E103,Page view: {page} by {user}
71834,2026-01-15,09:37:22,INFO,WebServer,Health check passed: WebServer,E102,Health check passed: {service}
71835,2026-01-15,09:36:45,INFO,PaymentGateway,Health check passed: PaymentGateway,E102,Health check passed: {service}
71836,2026-01-15,09:34:09,INFO,PaymentGateway,Page view: /home by u3179,E103,Page view: {page} by {user}
71837,2026-01-15,09:20:37,INFO,OrderProcessor,Health check passed: OrderProcessor,E102,Health check passed: {service}
71838,2026-01-15,09:37:17,INFO,PaymentGateway,Page view: /home by u3697,E103,Page view: {page} by {user}
71839,2026-01-15,09:29:23,INFO,WebServer,Health check passed: WebServer,E102,Health check passed: {service}
71840,2026-01-15,09:56:24,INFO,PaymentGateway,Page view: /home by u4726,E103,Page view: {page} by {user}
71841,2026-01-15,09:44:50,INFO,WebServer,User u3817 login successful,E101,User {user} login successful
71842,2026-01-15,09:24:38,INFO,WebServer,Health check passed: WebServer,E102,Health check passed: {service}
71843,2026-01-15,09:20:37,INFO,PaymentGateway,Health check passed: PaymentGateway,E102,Health check passed: {service}
71844,2026-01-15,09:20:51,INFO,OrderProcessor,Transaction tx111141 completed in 1279ms,E104,Transaction {tx} completed in {time}ms
71845,2026-01-15,09:38:47,INFO,AuthService,User u4156 login successful,E101,User {user} login successful
71846,2026-01-15,09:28:35,INFO,WebServer,Transaction tx653411 completed in 1725ms,E104,Transaction {tx} completed in {time}ms
71847,2026-01-15,09:58:33,INFO,WebServer,Transaction tx829197 completed in 985ms,E104,Transaction {tx} completed in {time}ms
71848,2026-01-15,09:09:51,INFO,AuthService,Health check passed: AuthService,E102,Health check passed: {service}
71849,2026-01-15,09:26:57,INFO,PaymentGateway,User u1386 login successful,E101,User {user} login successful
71850,2026-01-15,09:08:24,INFO,WebServer,User u4422 login successful,E101,User {user} login successful
71851,2026-01-15,09:21:27,INFO,WebServer,Transaction tx786522 completed in 32ms,E104,Transaction {tx} completed in {time}ms
71852,2026-01-15,09:07:22,INFO,WebServer,User u2554 login successful,E101,User {user} login successful
71853,2026-01-15,09:46:26,INFO,WebServer,Page view: /home by u2332,E103,Page view: {page} by {user}
71854,2026-01-15,09:01:17,INFO,AuthService,Transaction tx946178 completed in 1832ms,E104,Transaction {tx} completed in {time}ms
71855,2026-01-15,09:00:59,INFO,PaymentGateway,Page view: /home by u3897,E103,Page view: {page} by {user}
71856,2026-01-15,09:10:59,INFO,WebServer,User u3195 login successful,E101,User {user} login successful
71857,2026-01-15,09:27:24,WARN,PaymentGateway,Unauthorized access attempt from 10.0.0.45,E401,Unauthorized access attempt from {ip}
71858,2026-01-15,09:00:54,INFO,WebServer,Page view: /home by u3698,E103,Page view: {page} by {user}
71859,2026-01-15,09:10:53,INFO,WebServer,Page view: /home by u3705,E103,Page view: {page} by {user}
71860,2026-01-15,09:12:12,INFO,AuthService,User u3031 login successful,E101,User {user} login successful
71861,2026-01-15,09:13:04,INFO,WebServer,Transaction tx752952 completed in 806ms,E104,Transaction {tx} completed in {time}ms
71862,2026-01-15,09:30:35,INFO,PaymentGateway,Health check passed: PaymentGateway,E102,Health check passed: {service}
71863,2026-01-15,09:15:17,INFO,OrderProcessor,Health check passed: OrderProcessor,E102,Health check passed: {service}
71864,2026-01-15,09:14:56,INFO,WebServer,Transaction tx359752 completed in 310ms,E104,Transaction {tx} completed in {time}ms
71865,2026-01-15,09:35:32,INFO,WebServer,User u2109 login successful,E101,User {user} login successful
71866,2026-01-15,09:04:29,INFO,WebServer,Page view: /home by u2822,E103,Page view: {page} by {user}
71867,2026-01-15,09:47:39,INFO,AuthService,Health check passed: AuthService,E102,Health check passed: {service}
71868,2026-01-15,09:09:22,INFO,WebServer,User u4970 login successful,E101,User {user} login successful
71869,2026-01-15,09:47:34,INFO,WebServer,Health check passed: WebServer,E102,Health check passed: {service}
71870,2026-01-15,09:46:24,INFO,WebServer,Health check passed: WebServer,E102,Health check passed: {service}
71871,2026-01-15,09:47:39,INFO,WebServer,Page view: /home by u1514,E103,Page view: {page} by {user}
71872,2026-01-15,09:40:02,INFO,WebServer,User u3925 login successful,E101,User {user} login successful
71873,2026-01-15,09:45:15,INFO,WebServer,Transaction tx970941 completed in 1124ms,E104,Transaction {tx} completed in {time}ms
71874,2026-01-15,09:20:45,INFO,AuthService,Page view: /home by u3851,E103,Page view: {page} by {user}
71875,2026-01-15,09:20:40,INFO,WebServer,Page view: /home by u3331,E103,Page view: {page} by {user}
71876,2026-01-15,09:42:04,INFO,PaymentGateway,Transaction tx325842 completed in 114ms,E104,Transaction {tx} completed in {time}ms
71877,2026-01-15,09:17:05,INFO,OrderProcessor,Page view: /home by u1518,E103,Page view: {page} by {user}
71878,2026-01-15,09:50:30,WARN,AuthService,Disk usage > 85% on node node-3,E202,Disk usage > 85% on node {node}
71879,2026-01-15,09:49:05,INFO,AuthService,Health check passed: AuthService,E102,Health check passed: {service}
71880,2026-01-15,09:10:45,INFO,AuthService,Transaction tx592222 completed in 1312ms,E104,Transaction {tx} completed in {time}ms
71881,2026-01-15,09:09:49,INFO,WebServer,Page view: /home by u4391,E103,Page view: {page} by {user}
71882,2026-01-15,09:00:51,INFO,PaymentGateway,Health check passed: PaymentGateway,E102,Health check passed: {service}
71883,2026-01-15,09:11:48,INFO,OrderProcessor,Page view: /home by u1790,E103,Page view: {page} by {user}
71884,2026-01-15,09:25:14,WARN,WebServer,Disk usage > 85% on node node-2,E202,Disk usage > 85% on node {node}
71885,2026-01-15,09:08:50,INFO,AuthService,User u4342 login successful,E101,User {user} login successful
71886,2026-01-15,09:44:21,INFO,InventoryDB,User u4661 login successful,E101,User {user} login successful
71887,2026-01-15,09:05:37,INFO,WebServer,Health check passed: WebServer,E102,Health check passed: {service}
71888,2026-01-15,09:24:07,INFO,InventoryDB,Transaction tx671887 completed in 1445ms,E104,Transaction {tx} completed in {time}ms
71889,2026-01-15,09:18:30,WARN,AuthService,High latency (216ms) detected on AuthService,E201,High latency ({time}ms) detected on {service}
71890,2026-01-15,09:33:37,INFO,WebServer,User u4651 login successful,E101,User {user} login successful
71891,2026-01-15,09:26:13,INFO,WebServer,User u2355 login successful,E101,User {user} login successful
71892,2026-01-15,09:53:02,INFO,WebServer,User u4009 login successful,E101,User {user} login successful
71893,2026-01-15,09:51:08,INFO,WebServer,User u1774 login successful,E101,User {user} login successful
71894,2026-01-15,09:19:28,INFO,WebServer,Page view: /home by u4385,E103,Page view: {page} by {user}
71895,2026-01-15,09:40:48,INFO,WebServer,User u2520 login successful,E101,User {user} login successful
71896,2026-01-15,09:23:24,INFO,OrderProcessor,User u4762 login successful,E101,User {user} login successful
71897,2026-01-15,09:33:50,INFO,AuthService,Transaction tx211097 completed in 796ms,E104,Transaction {tx} completed in {time}ms
71898,2026-01-15,09:10:44,INFO,AuthService,User u4245 login successful,E101,User {user} login successful
71899,2026-01-15,09:57:59,INFO,WebServer,Health check passed: WebServer,E102,Health check passed: {service}
71900,2026-01-15,09:45:59,ERROR,PaymentGateway,Timeout waiting for lock on InventoryDB,E502,Timeout waiting for lock on {db}
71901,2026-01-15,09:42:00,INFO,WebServer,Transaction tx414480 completed in 1056ms,E104,Transaction {tx} completed in {time}ms
71902,2026-01-15,09:05:35,INFO,AuthService,Page view: /home by u4314,E103,Page view: {page} by {user}
71903,2026-01-15,09:40:39,INFO,AuthService,Health check passed: AuthService,E102,Health check passed: {service}
71904,2026-01-15,09:43:52,INFO,WebServer,User u1801 login successful,E101,User {user} login successful
71905,2026-01-15,09:10:36,INFO,WebServer,Health check passed: WebServer,E102,Health check passed: {service}
71906,2026-01-15,09:36:24,INFO,WebServer,User u2752 login successful,E101,User {user} login successful
71907,2026-01-15,09:42:59,INFO,OrderProcessor,User u3190 login successful,E101,User {user} login successful
71908,2026-01-15,09:12:57,INFO,WebServer,Page view: /home by u4442,E103,Page view: {page} by {user}
71909,2026-01-15,09:18:16,INFO,PaymentGateway,Page view: /home by u3230,E103,Page view: {page} by {user}
71910,2026-01-15,09:02:02,INFO,WebServer,Page view: /home by u4576,E103,Page view: {page} by {user}
71911,2026-01-15,09:32:13,INFO,AuthService,Page view: /home by u1415,E103,Page view: {page} by {user}
71912,2026-01-15,09:15:01,INFO,AuthService,Transaction tx553656 completed in 83ms,E104,Transaction {tx} completed in {time}ms
71913,2026-01-15,09:47:50,INFO,PaymentGateway,Health check passed: PaymentGateway,E102,Health check passed: {service}
71914,2026-01-15,09:53:11,INFO,WebServer,Page view: /home by u2593,E103,Page view: {page} by {user}
71915,2026-01-15,09:42:11,INFO,WebServer,Health check passed: WebServer,E102,Health check passed: {service}
71916,2026-01-15,09:49:11,INFO,OrderProcessor,User u2370 login successful,E101,User {user} login successful
71917,2026-01-15,09:04:18,INFO,AuthService,Transaction tx395215 completed in 1835ms,E104,Transaction {tx} completed in {time}ms
71918,2026-01-15,09:41:35,INFO,WebServer,Transaction tx236123 completed in 1591ms,E104,Transaction {tx} completed in {time}ms
71919,2026-01-15,09:59:12,INFO,PaymentGateway,Page view: /home by u2332,E103,Page view: {page} by {user}
71920,2026-01-15,09:00:41,WARN,WebServer,High latency (207ms) detected on WebServer,E201,High latency ({time}ms) detected on {service}
71921,2026-01-15,09:07:19,INFO,WebServer,Page view: /home by u2055,E103,Page view: {page} by {user}
71922,2026-01-15,09:21:52,INFO,WebServer,User u4718 login successful,E101,User {user} login successful
71923,2026-01-15,09:14:16,INFO,AuthService,Page view: /home by u1241,E103,Page view: {page} by {user}
71924,2026-01-15,09:31:34,INFO,PaymentGateway,Health check passed: PaymentGateway,E102,Health check passed: {service}
71925,2026-01-15,09:24:37,INFO,AuthService,Page view: /home by u1817,E103,Page view: {page} by {user}
71926,2026-01-15,09:18:45,INFO,WebServer,User u1398 login successful,E101,User {user} login successful
71927,2026-01-15,09:38:37,INFO,AuthService,Transaction tx717353 completed in 118ms,E104,Transaction {tx} completed in {time}ms
71928,2026-01-15,09:52:08,INFO,InventoryDB,Page view: /home by u2845,E103,Page view: {page} by {user}
71929,2026-01-15,09:15:40,INFO,WebServer,Transaction tx831624 completed in 555ms,E104,Transaction {tx} completed in {time}ms
71930,2026-01-15,09:19:27,WARN,WebServer,High latency (1531ms) detected on WebServer,E201,High latency ({time}ms) detected on {service}
71931,2026-01-15,09:02:29,INFO,WebServer,Page view: /home by u1100,E103,Page view: {page} by {user}
71932,2026-01-15,09:54:59,INFO,WebServer,Transaction tx642258 completed in 891ms,E104,Transaction {tx} completed in {time}ms
71933,2026-01-15,09:05:17,INFO,WebServer,User u2930 login successful,E101,User {user} login successful
71934,2026-01-15,09:12:44,INFO,WebServer,User u3262 login successful,E101,User {user} login successful
71935,2026-01-15,09:15:16,INFO,WebServer,Health check passed: WebServer,E102,Health check passed: {service}
71936,2026-01-15,09:32:13,WARN,WebServer,High latency (351ms) detected on WebServer,E201,High latency ({time}ms) detected on {service}
71937,2026-01-15,09:04:45,INFO,OrderProcessor,User u4486 login successful,E101,User {user} login successful
71938,2026-01-15,09:03:10,INFO,AuthService,Page view: /home by u1103,E103,Page view: {page} by {user}
71939,2026-01-15,09:27:53,INFO,WebServer,User u3293 login successful,E101,User {user} login successful
71940,2026-01-15,09:57:10,INFO,WebServer,Health check passed: WebServer,E102,Health check passed: {service}
71941,2026-01-15,09:14:53,INFO,PaymentGateway,Page view: /home by u2530,E103,Page view: {page} by {user}
71942,2026-01-15,09:22:41,INFO,WebServer,Health check passed: WebServer,E102,Health check passed: {service}
71943,2026-01-15,09:27:21,INFO,WebServer,Health check passed: WebServer,E102,Health check passed: {service}
71944,2026-01-15,09:30:15,INFO,WebServer,User u4282 login successful,E101,User {user} login successful
71945,2026-01-15,09:27:57,INFO,WebServer,Transaction tx704549 completed in 1642ms,E104,Transaction {tx} completed in {time}ms
71946,2026-01-15,09:00:21,INFO,AuthService,Health check passed: AuthService,E102,Health check passed: {service}
71947,2026-01-15,09:49:47,INFO,OrderProcessor,User u3149 login successful,E101,User {user} login successful
71948,2026-01-15,09:42:39,INFO,WebServer,Transaction tx418879 completed in 712ms,E104,Transaction {tx} completed in {time}ms
71949,2026-01-15,09:03:28,INFO,PaymentGateway,Transaction tx933925 completed in 1010ms,E104,Transaction {tx} completed in {time}ms
71950,2026-01-15,09:46:13,INFO,PaymentGateway,User u1263 login successful,E101,User {user} login successful
71951,2026-01-15,09:44:53,INFO,AuthService,Page view: /home by u2815,E103,Page view: {page} by {user}
71952,2026-01-15,09:40:37,INFO,WebServer,User u3924 login successful,E101,User {user} login successful
71953,2026-01-15,09:27:31,INFO,WebServer,Transaction tx879187 completed in 1743ms,E104,Transaction {tx} completed in {time}ms
71954,2026-01-15,09:17:42,INFO,OrderProcessor,Page view: /home by u2025,E103,Page view: {page} by {user}
71955,2026-01-15,09:13:10,INFO,AuthService,Health check passed: AuthService,E102,Health check passed: {service}
71956,2026-01-15,09:44:26,INFO,InventoryDB,Transaction tx685502 completed in 1450ms,E104,Transaction {tx} completed in {time}ms
71957,2026-01-15,09:24:36,WARN,OrderProcessor,High latency (1777ms) detected on OrderProcessor,E201,High latency ({time}ms) detected on {service}
71958,2026-01-15,09:36:20,ERROR,AuthService,Timeout waiting for lock on InventoryDB,E502,Timeout waiting for lock on {db}
71959,2026-01-15,09:01:33,INFO,PaymentGateway,Health check passed: PaymentGateway,E102,Health check passed: {service}
71960,2026-01-15,09:48:44,INFO,AuthService,Transaction tx536878 completed in 543ms,E104,Transaction {tx} completed in {time}ms
71961,2026-01-15,09:47:31,INFO,OrderProcessor,Health check passed: OrderProcessor,E102,Health check passed: {service}
71962,2026-01-15,09:27:30,INFO,WebServer,Page view: /home by u1898,E103,Page view: {page} by {user}
71963,2026-01-15,09:51:33,INFO,PaymentGateway,Transaction tx603719 completed in 1726ms,E104,Transaction {tx} completed in {time}ms
71964,2026-01-15,09:25:48,INFO,WebServer,Page view: /home by u4420,E103,Page view: {page} by {user}
71965,2026-01-15,09:01:44,INFO,OrderProcessor,Page view: /home by u3186,E103,Page view: {page} by {user}
71966,2026-01-15,09:39:08,INFO,WebServer,Page view: /home by u4253,E103,Page view: {page} by {user}
71967,2026-01-15,09:04:03,INFO,PaymentGateway,Health check passed: PaymentGateway,E102,Health check passed: {service}
71968,2026-01-15,09:26:47,INFO,WebServer,Health check passed: WebServer,E102,Health check passed: {service}
71969,2026-01-15,09:41:29,INFO,WebServer,Page view: /home by u4327,E103,Page view: {page} by {user}
71970,2026-01-15,09:03:44,INFO,WebServer,Page view: /home by u2596,E103,Page view: {page} by {user}
71971,2026-01-15,09:26:24,INFO,InventoryDB,Page view: /home by u4206,E103,Page view: {page} by {user}
71972,2026-01-15,09:13:45,INFO,AuthService,Page view: /home by u4484,E103,Page view: {page} by {user}
71973,2026-01-15,09:46:15,WARN,WebServer,Disk usage > 85% on node node-3,E202,Disk usage > 85% on node {node}
71974,2026-01-15,09:32:47,INFO,OrderProcessor,Transaction tx326369 completed in 1775ms,E104,Transaction {tx} completed in {time}ms
71975,2026-01-15,09:42:44,INFO,OrderProcessor,User u4069 login successful,E101,User {user} login successful
71976,2026-01-15,09:48:46,INFO,PaymentGateway,Transaction tx317353 completed in 956ms,E104,Transaction {tx} completed in {time}ms
71977,2026-01-15,09:33:44,INFO,AuthService,User u3123 login successful,E101,User {user} login successful
71978,2026-01-15,09:59:58,INFO,PaymentGateway,User u3448 login successful,E101,User {user} login successful
71979,2026-01-15,09:12:03,INFO,PaymentGateway,User u4838 login successful,E101,User {user} login successful
71980,2026-01-15,09:37:35,INFO,WebServer,User u3955 login successful,E101,User {user} login successful
71981,2026-01-15,09:12:12,INFO,OrderProcessor,Page view: /home by u2939,E103,Page view: {page} by {user}
71982,2026-01-15,09:20:37,INFO,WebServer,Page view: /home by u1306,E103,Page view: {page} by {user}
71983,2026-01-15,09:16:08,WARN,AuthService,Disk usage > 85% on node node-4,E202,Disk usage > 85% on node {node}
71984,2026-01-15,09:42:49,INFO,WebServer,Health check passed: WebServer,E102,Health check passed: {service}
71985,2026-01-15,09:20:12,INFO,OrderProcessor,Page view: /home by u3628,E103,Page view: {page} by {user}
71986,2026-01-15,09:36:01,INFO,WebServer,Transaction tx529679 completed in 1186ms,E104,Transaction {tx} completed in {time}ms
71987,2026-01-15,09:35:37,INFO,OrderProcessor,Transaction tx442579 completed in 967ms,E104,Transaction {tx} completed in {time}ms
71988,2026-01-15,09:40:23,INFO,WebServer,Page view: /home by u1808,E103,Page view: {page} by {user}
71989,2026-01-15,09:31:42,INFO,WebServer,Health check passed: WebServer,E102,Health check passed: {service}
71990,2026-01-15,09:57:12,INFO,WebServer,Page view: /home by u1419,E103,Page view: {page} by {user}
71991,2026-01-15,09:48:30,INFO,AuthService,Health check passed: AuthService,E102,Health check passed: {service}
71992,2026-01-15,09:30:57,INFO,PaymentGateway,Health check passed: PaymentGateway,E102,Health check passed: {service}
71993,2026-01-15,09:22:16,INFO,WebServer,Health check passed: WebServer,E102,Health check passed: {service}
71994,2026-01-15,09:09:49,INFO,WebServer,User u3470 login successful,E101,User {user} login successful
71995,2026-01-15,09:40:03,INFO,OrderProcessor,Page view: /home by u2893,E103,Page view: {page} by {user}
71996,2026-01-15,09:40:46,WARN,OrderProcessor,Unauthorized access attempt from 10.0.0.45,E401,Unauthorized access attempt from {ip}
71997,2026-01-15,09:26:39,INFO,OrderProcessor,Transaction tx217198 completed in 139ms,E104,Transaction {tx} completed in {time}ms
71998,2026-01-15,09:29:34,INFO,WebServer,User u1947 login successful,E101,User {user} login successful
71999,2026-01-15,09:59:02,INFO,OrderProcessor,Health check passed: OrderProcessor,E102,Health check passed: {service}
72000,2026-01-15,09:41:22,INFO,WebServer,Page view: /home by u4802,E103,Page view: {page} by {user}
72001,2026-01-15,09:43:13,WARN,WebServer,High latency (1361ms) detected on WebServer,E201,High latency ({time}ms) detected on {service}
72002,2026-01-15,09:51:19,INFO,AuthService,User u1775 login successful,E101,User {user} login successful
72003,2026-01-15,09:44:37,INFO,AuthService,Page view: /home by u4545,E103,Page view: {page} by {user}
72004,2026-01-15,09:04:39,INFO,AuthService,Health check passed: AuthService,E102,Health check passed: {service}
72005,2026-01-15,09:56:55,INFO,WebServer,Transaction tx355987 completed in 650ms,E104,Transaction {tx} completed in {time}ms
72006,2026-01-15,09:31:49,INFO,AuthService,User u2498 login successful,E101,User {user} login successful
72007,2026-01-15,09:21:49,INFO,AuthService,Transaction tx672313 completed in 287ms,E104,Transaction {tx} completed in {time}ms
72008,2026-01-15,09:03:44,INFO,PaymentGateway,Page view: /home by u2881,E103,Page view: {page} by {user}
72009,2026-01-15,09:54:16,INFO,AuthService,Transaction tx685958 completed in 890ms,E104,Transaction {tx} completed in {time}ms
72010,2026-01-15,09:48:14,INFO,AuthService,Health check passed: AuthService,E102,Health check passed: {service}
72011,2026-01-15,09:27:41,INFO,WebServer,Page view: /home by u2438,E103,Page view: {page} by {user}
72012,2026-01-15,09:46:09,INFO,AuthService,Health check passed: AuthService,E102,Health check passed: {service}
72013,2026-01-15,09:49:29,INFO,AuthService,Page view: /home by u3442,E103,Page view: {page} by {user}
72014,2026-01-15,09:48:59,INFO,PaymentGateway,Transaction tx693978 completed in 95ms,E104,Transaction {tx} completed in {time}ms
72015,2026-01-15,09:10:34,INFO,WebServer,User u4615 login successful,E101,User {user} login successful
72016,2026-01-15,09:43:08,INFO,AuthService,Page view: /home by u3705,E103,Page view: {page} by {user}
72017,2026-01-15,09:19:46,INFO,WebServer,Page view: /home by u1786,E103,Page view: {page} by {user}
72018,2026-01-15,09:21:11,INFO,AuthService,Health check passed: AuthService,E102,Health check passed: {service}
72019,2026-01-15,09:08:17,INFO,WebServer,Page view: /home by u2968,E103,Page view: {page} by {user}
72020,2026-01-15,09:20:54,INFO,WebServer,Page view: /home by u1584,E103,Page view: {page} by {user}
72021,2026-01-15,09:58:12,INFO,AuthService,User u1485 login successful,E101,User {user} login successful
72022,2026-01-15,09:30:16,INFO,WebServer,Transaction tx687928 completed in 1032ms,E104,Transaction {tx} completed in {time}ms
72023,2026-01-15,09:48:56,INFO,WebServer,Health check passed: WebServer,E102,Health check passed: {service}
72024,2026-01-15,09:39:51,INFO,WebServer,Page view: /home by u4314,E103,Page view: {page} by {user}
72025,2026-01-15,09:50:37,WARN,WebServer,Disk usage > 85% on node node-5,E202,Disk usage > 85% on node {node}
72026,2026-01-15,09:59:04,INFO,WebServer,User u1838 login successful,E101,User {user} login successful
72027,2026-01-15,09:11:31,INFO,WebServer,Page view: /home by u4132,E103,Page view: {page} by {user}
72028,2026-01-15,09:59:33,INFO,PaymentGateway,Page view: /home by u3362,E103,Page view: {page} by {user}
72029,2026-01-15,09:22:19,INFO,WebServer,Health check passed: WebServer,E102,Health check passed: {service}
72030,2026-01-15,09:24:28,INFO,WebServer,Health check passed: WebServer,E102,Health check passed: {service}
72031,2026-01-15,09:33:31,INFO,AuthService,Page view: /home by u4709,E103,Page view: {page} by {user}
72032,2026-01-15,09:21:25,INFO,WebServer,Transaction tx385602 completed in 1146ms,E104,Transaction {tx} completed in {time}ms
72033,2026-01-15,09:26:27,INFO,WebServer,Health check passed: WebServer,E102,Health check passed: {service}
72034,2026-01-15,09:18:22,INFO,WebServer,User u1015 login successful,E101,User {user} login successful
72035,2026-01-15,09:53:08,INFO,WebServer,Health check passed: WebServer,E102,Health check passed: {service}
72036,2026-01-15,09:45:35,INFO,OrderProcessor,Page view: /home by u4516,E103,Page view: {page} by {user}
72037,2026-01-15,09:45:08,INFO,WebServer,Health check passed: WebServer,E102,Health check passed: {service}
72038,2026-01-15,09:15:12,INFO,OrderProcessor,Page view: /home by u2008,E103,Page view: {page} by {user}
72039,2026-01-15,09:49:48,INFO,WebServer,Page view: /home by u1916,E103,Page view: {page} by {user}
72040,2026-01-15,09:15:05,INFO,WebServer,Transaction tx181296 completed in 1908ms,E104,Transaction {tx} completed in {time}ms
72041,2026-01-15,09:57:55,INFO,WebServer,Page view: /home by u4999,E103,Page view: {page} by {user}
72042,2026-01-15,09:28:31,INFO,AuthService,User u1448 login successful,E101,User {user} login successful
72043,2026-01-15,09:28:08,WARN,WebServer,Unauthorized access attempt from 10.0.0.45,E401,Unauthorized access attempt from {ip}
72044,2026-01-15,09:56:49,INFO,WebServer,Page view: /home by u4346,E103,Page view: {page} by {user}
72045,2026-01-15,09:22:20,INFO,WebServer,Page view: /home by u4890,E103,Page view: {page} by {user}
72046,2026-01-15,09:44:12,INFO,PaymentGateway,User u4361 login successful,E101,User {user} login successful
72047,2026-01-15,09:52:59,INFO,WebServer,Transaction tx419417 completed in 175ms,E104,Transaction {tx} completed in {time}ms
72048,2026-01-15,09:43:04,INFO,WebServer,Page view: /home by u1561,E103,Page view: {page} by {user}
72049,2026-01-15,09:10:24,INFO,PaymentGateway,Transaction tx484445 completed in 676ms,E104,Transaction {tx} completed in {time}ms
72050,2026-01-15,09:20:43,INFO,PaymentGateway,Page view: /home by u4151,E103,Page view: {page} by {user}
72051,2026-01-15,09:55:45,INFO,WebServer,User u1610 login successful,E101,User {user} login successful
72052,2026-01-15,09:48:55,INFO,OrderProcessor,Page view: /home by u2084,E103,Page view: {page} by {user}
72053,2026-01-15,09:39:58,INFO,PaymentGateway,Health check passed: PaymentGateway,E102,Health check passed: {service}
72054,2026-01-15,09:37:11,INFO,WebServer,Transaction tx890901 completed in 600ms,E104,Transaction {tx} completed in {time}ms
72055,2026-01-15,09:05:14,WARN,WebServer,Unauthorized access attempt from 10.0.0.12,E401,Unauthorized access attempt from {ip}
72056,2026-01-15,09:55:57,INFO,AuthService,Health check passed: AuthService,E102,Health check passed: {service}
72057,2026-01-15,09:52:25,INFO,WebServer,User u3279 login successful,E101,User {user} login successful
72058,2026-01-15,09:58:48,WARN,WebServer,High latency (1990ms) detected on WebServer,E201,High latency ({time}ms) detected on {service}
72059,2026-01-15,09:26:19,INFO,AuthService,Transaction tx710129 completed in 756ms,E104,Transaction {tx} completed in {time}ms
72060,2026-01-15,09:46:35,INFO,WebServer,Transaction tx840745 completed in 289ms,E104,Transaction {tx} completed in {time}ms
72061,2026-01-15,09:53:47,INFO,WebServer,Health check passed: WebServer,E102,Health check passed: {service}
72062,2026-01-15,09:06:46,INFO,WebServer,Health check passed: WebServer,E102,Health check passed: {service}
72063,2026-01-15,09:42:02,INFO,AuthService,Page view: /home by u3266,E103,Page view: {page} by {user}
72064,2026-01-15,09:02:33,INFO,OrderProcessor,Page view: /home by u3089,E103,Page view: {page} by {user}
72065,2026-01-15,09:56:59,INFO,AuthService,User u4346 login successful,E101,User {user} login successful
72066,2026-01-15,09:32:55,INFO,WebServer,Page view: /home by u4501,E103,Page view: {page} by {user}
72067,2026-01-15,09:14:49,INFO,WebServer,Page view: /home by u1560,E103,Page view: {page} by {user}
72068,2026-01-15,09:56:23,INFO,WebServer,Page view: /home by u1821,E103,Page view: {page} by {user}
72069,2026-01-15,09:12:38,INFO,AuthService,User u2755 login successful,E101,User {user} login successful
72070,2026-01-15,09:34:11,INFO,PaymentGateway,Transaction tx390899 completed in 463ms,E104,Transaction {tx} completed in {time}ms
72071,2026-01-15,09:30:21,INFO,WebServer,Page view: /home by u1337,E103,Page view: {page} by {user}
72072,2026-01-15,09:30:15,INFO,AuthService,Health check passed: AuthService,E102,Health check passed: {service}
72073,2026-01-15,09:36:35,INFO,WebServer,Transaction tx903979 completed in 1886ms,E104,Transaction {tx} completed in {time}ms
72074,2026-01-15,09:59:44,INFO,WebServer,Health check passed: WebServer,E102,Health check passed: {service}
72075,2026-01-15,09:06:30,INFO,WebServer,Transaction tx577445 completed in 586ms,E104,Transaction {tx} completed in {time}ms
72076,2026-01-15,09:22:23,INFO,AuthService,Transaction tx638849 completed in 1652ms,E104,Transaction {tx} completed in {time}ms
72077,2026-01-15,09:54:00,INFO,OrderProcessor,Health check passed: OrderProcessor,E102,Health check passed: {service}
72078,2026-01-15,09:22:02,INFO,WebServer,Health check passed: WebServer,E102,Health check passed: {service}
72079,2026-01-15,09:49:26,INFO,WebServer,User u4181 login successful,E101,User {user} login successful
72080,2026-01-15,09:14:38,INFO,WebServer,Health check passed: WebServer,E102,Health check passed: {service}
72081,2026-01-15,09:56:26,WARN,AuthService,High latency (474ms) detected on AuthService,E201,High latency ({time}ms) detected on {service}
72082,2026-01-15,09:52:46,INFO,AuthService,Transaction tx367654 completed in 697ms,E104,Transaction {tx} completed in {time}ms
72083,2026-01-15,09:50:55,INFO,WebServer,Transaction tx696217 completed in 776ms,E104,Transaction {tx} completed in {time}ms
72084,2026-01-15,09:52:36,INFO,WebServer,Page view: /home by u1725,E103,Page view: {page} by {user}
72085,2026-01-15,09:02:26,INFO,OrderProcessor,Page view: /home by u2669,E103,Page view: {page} by {user}
72086,2026-01-15,09:40:45,INFO,AuthService,Transaction tx397527 completed in 998ms,E104,Transaction {tx} completed in {time}ms
72087,2026-01-15,09:24:31,INFO,WebServer,Page view: /home by u4720,E103,Page view: {page} by {user}
72088,2026-01-15,09:30:16,INFO,AuthService,Page view: /home by u4333,E103,Page view: {page} by {user}
72089,2026-01-15,09:01:02,INFO,PaymentGateway,Page view: /home by u2186,E103,Page view: {page} by {user}
72090,2026-01-15,09:06:15,INFO,PaymentGateway,Page view: /home by u3820,E103,Page view: {page} by {user}
72091,2026-01-15,09:18:06,INFO,WebServer,User u3727 login successful,E101,User {user} login successful
72092,2026-01-15,09:26:58,INFO,AuthService,Health check passed: AuthService,E102,Health check passed: {service}
72093,2026-01-15,09:28:12,ERROR,WebServer,Payment declined: Gateway unavailable,E503,Payment declined: Gateway unavailable
72094,2026-01-15,09:38:21,WARN,WebServer,Unauthorized access attempt from 10.0.0.45,E401,Unauthorized access attempt from {ip}
72095,2026-01-15,09:25:46,INFO,PaymentGateway,Transaction tx501846 completed in 966ms,E104,Transaction {tx} completed in {time}ms
72096,2026-01-15,09:52:07,INFO,PaymentGateway,Health check passed: PaymentGateway,E102,Health check passed: {service}
72097,2026-01-15,09:52:39,INFO,WebServer,Page view: /home by u2686,E103,Page view: {page} by {user}
72098,2026-01-15,09:46:54,INFO,AuthService,Transaction tx773183 completed in 749ms,E104,Transaction {tx} completed in {time}ms
72099,2026-01-15,09:05:31,INFO,WebServer,Transaction tx278752 completed in 1726ms,E104,Transaction {tx} completed in {time}ms
72100,2026-01-15,09:00:37,INFO,PaymentGateway,Health check passed: PaymentGateway,E102,Health check passed: {service}
72101,2026-01-15,09:18:19,INFO,PaymentGateway,Page view: /home by u1080,E103,Page view: {page} by {user}
72102,2026-01-15,09:55:47,INFO,InventoryDB,User u1770 login successful,E101,User {user} login successful
72103,2026-01-15,09:35:33,INFO,WebServer,User u1759 login successful,E101,User {user} login successful
72104,2026-01-15,09:35:56,INFO,OrderProcessor,Page view: /home by u4478,E103,Page view: {page} by {user}
72105,2026-01-15,09:47:17,INFO,OrderProcessor,Page view: /home by u3874,E103,Page view: {page} by {user}
72106,2026-01-15,09:34:42,INFO,WebServer,User u4919 login successful,E101,User {user} login successful
72107,2026-01-15,09:45:48,INFO,WebServer,Health check passed: WebServer,E102,Health check passed: {service}
72108,2026-01-15,09:14:32,INFO,OrderProcessor,User u1972 login successful,E101,User {user} login successful
72109,2026-01-15,09:03:19,INFO,AuthService,Health check passed: AuthService,E102,Health check passed: {service}
72110,2026-01-15,09:50:30,INFO,WebServer,Health check passed: WebServer,E102,Health check passed: {service}
72111,2026-01-15,09:58:08,INFO,WebServer,User u1503 login successful,E101,User {user} login successful
72112,2026-01-15,09:15:53,INFO,WebServer,Page view: /home by u4269,E103,Page view: {page} by {user}
72113,2026-01-15,09:38:41,INFO,AuthService,Health check passed: AuthService,E102,Health check passed: {service}
72114,2026-01-15,09:59:13,WARN,PaymentGateway,Unauthorized access attempt from 10.0.0.45,E401,Unauthorized access attempt from {ip}
72115,2026-01-15,09:13:46,INFO,AuthService,User u4461 login successful,E101,User {user} login successful
72116,2026-01-15,09:37:52,INFO,WebServer,Transaction tx428521 completed in 1654ms,E104,Transaction {tx} completed in {time}ms
72117,2026-01-15,09:38:03,INFO,OrderProcessor,Page view: /home by u3960,E103,Page view: {page} by {user}
72118,2026-01-15,09:01:41,INFO,WebServer,Health check passed: WebServer,E102,Health check passed: {service}
72119,2026-01-15,09:31:25,INFO,WebServer,Health check passed: WebServer,E102,Health check passed: {service}
72120,2026-01-15,09:12:46,INFO,WebServer,User u4253 login successful,E101,User {user} login successful
72121,2026-01-15,09:38:06,INFO,WebServer,Transaction tx966373 completed in 351ms,E104,Transaction {tx} completed in {time}ms
72122,2026-01-15,09:55:03,INFO,PaymentGateway,Page view: /home by u3918,E103,Page view: {page} by {user}
72123,2026-01-15,09:10:47,INFO,AuthService,Transaction tx985524 completed in 1409ms,E104,Transaction {tx} completed in {time}ms
72124,2026-01-15,09:52:27,INFO,AuthService,User u2360 login successful,E101,User {user} login successful
72125,2026-01-15,09:02:29,INFO,WebServer,Transaction tx301489 completed in 1769ms,E104,Transaction {tx} completed in {time}ms
72126,2026-01-15,09:40:05,INFO,WebServer,Health check passed: WebServer,E102,Health check passed: {service}
72127,2026-01-15,09:09:39,INFO,PaymentGateway,User u2541 login successful,E101,User {user} login successful
72128,2026-01-15,09:06:10,INFO,WebServer,Health check passed: WebServer,E102,Health check passed: {service}
72129,2026-01-15,09:17:32,INFO,PaymentGateway,Page view: /home by u2222,E103,Page view: {page} by {user}
72130,2026-01-15,09:45:12,INFO,WebServer,Page view: /home by u4467,E103,Page view: {page} by {user}
72131,2026-01-15,09:36:12,INFO,InventoryDB,User u1606 login successful,E101,User {user} login successful
72132,2026-01-15,09:38:55,INFO,WebServer,User u2470 login successful,E101,User {user} login successful
72133,2026-01-15,09:22:25,CRITICAL,WebServer,DATA CORRUPTION detected in sector 472,E602,DATA CORRUPTION detected in sector {sector}
72134,2026-01-15,09:20:00,INFO,AuthService,User u2796 login successful,E101,User {user} login successful
72135,2026-01-15,09:16:19,INFO,OrderProcessor,Page view: /home by u4428,E103,Page view: {page} by {user}
72136,2026-01-15,09:06:53,INFO,PaymentGateway,Transaction tx517016 completed in 264ms,E104,Transaction {tx} completed in {time}ms
72137,2026-01-15,09:10:10,INFO,WebServer,Health check passed: WebServer,E102,Health check passed: {service}
72138,2026-01-15,09:46:47,INFO,OrderProcessor,Health check passed: OrderProcessor,E102,Health check passed: {service}
72139,2026-01-15,09:02:20,INFO,WebServer,Transaction tx886468 completed in 1715ms,E104,Transaction {tx} completed in {time}ms
72140,2026-01-15,09:22:17,INFO,WebServer,Health check passed: WebServer,E102,Health check passed: {service}
72141,2026-01-15,09:21:38,WARN,AuthService,High latency (1315ms) detected on AuthService,E201,High latency ({time}ms) detected on {service}
72142,2026-01-15,09:36:42,INFO,WebServer,Page view: /home by u3794,E103,Page view: {page} by {user}
72143,2026-01-15,09:37:00,INFO,WebServer,Transaction tx567012 completed in 713ms,E104,Transaction {tx} completed in {time}ms
72144,2026-01-15,09:23:46,WARN,WebServer,Unauthorized access attempt from 10.0.0.12,E401,Unauthorized access attempt from {ip}
72145,2026-01-15,09:35:20,INFO,PaymentGateway,Page view: /home by u3682,E103,Page view: {page} by {user}
72146,2026-01-15,09:32:57,INFO,PaymentGateway,Health check passed: PaymentGateway,E102,Health check passed: {service}
72147,2026-01-15,09:14:00,INFO,WebServer,Transaction tx261500 completed in 146ms,E104,Transaction {tx} completed in {time}ms
72148,2026-01-15,09:46:01,INFO,AuthService,Health check passed: AuthService,E102,Health check passed: {service}
72149,2026-01-15,09:44:32,INFO,AuthService,Page view: /home by u4462,E103,Page view: {page} by {user}
72150,2026-01-15,09:13:26,INFO,AuthService,User u1696 login successful,E101,User {user} login successful
72151,2026-01-15,09:18:35,INFO,WebServer,Page view: /home by u1829,E103,Page view: {page} by {user}
72152,2026-01-15,09:24:19,INFO,OrderProcessor,User u1776 login successful,E101,User {user} login successful
72153,2026-01-15,09:33:05,INFO,AuthService,Page view: /home by u3914,E103,Page view: {page} by {user}
72154,2026-01-15,09:06:55,INFO,WebServer,User u1120 login successful,E101,User {user} login successful
72155,2026-01-15,09:18:00,INFO,WebServer,Transaction tx283129 completed in 718ms,E104,Transaction {tx} completed in {time}ms
72156,2026-01-15,09:45:55,WARN,PaymentGateway,High latency (1915ms) detected on PaymentGateway,E201,High latency ({time}ms) detected on {service}
72157,2026-01-15,09:38:07,INFO,WebServer,Transaction tx361471 completed in 661ms,E104,Transaction {tx} completed in {time}ms
72158,2026-01-15,09:18:35,INFO,WebServer,Page view: /home by u4083,E103,Page view: {page} by {user}
72159,2026-01-15,09:55:30,INFO,AuthService,Transaction tx231362 completed in 466ms,E104,Transaction {tx} completed in {time}ms
72160,2026-01-15,09:30:59,INFO,AuthService,Transaction tx530039 completed in 1790ms,E104,Transaction {tx} completed in {time}ms
72161,2026-01-15,09:39:54,INFO,InventoryDB,Transaction tx270036 completed in 64ms,E104,Transaction {tx} completed in {time}ms
72162,2026-01-15,09:28:37,INFO,InventoryDB,User u3009 login successful,E101,User {user} login successful
72163,2026-01-15,09:31:31,INFO,AuthService,Page view: /home by u2415,E103,Page view: {page} by {user}
72164,2026-01-15,09:46:49,INFO,WebServer,Health check passed: WebServer,E102,Health check passed: {service}
72165,2026-01-15,09:12:51,INFO,PaymentGateway,User u3159 login successful,E101,User {user} login successful
72166,2026-01-15,09:46:41,INFO,WebServer,Page view: /home by u1380,E103,Page view: {page} by {user}
72167,2026-01-15,09:47:32,INFO,AuthService,Page view: /home by u1071,E103,Page view: {page} by {user}
72168,2026-01-15,09:02:53,INFO,WebServer,Health check passed: WebServer,E102,Health check passed: {service}
72169,2026-01-15,09:33:06,INFO,WebServer,Health check passed: WebServer,E102,Health check passed: {service}
72170,2026-01-15,09:49:54,INFO,AuthService,User u1122 login successful,E101,User {user} login successful
72171,2026-01-15,09:57:14,INFO,WebServer,Page view: /home by u1712,E103,Page view: {page} by {user}
72172,2026-01-15,09:41:17,INFO,WebServer,User u4916 login successful,E101,User {user} login successful
72173,2026-01-15,09:31:38,INFO,WebServer,User u4040 login successful,E101,User {user} login successful
72174,2026-01-15,09:09:20,INFO,AuthService,User u3003 login successful,E101,User {user} login successful
72175,2026-01-15,09:52:19,INFO,WebServer,Transaction tx384255 completed in 208ms,E104,Transaction {tx} completed in {time}ms
72176,2026-01-15,09:55:25,INFO,WebServer,Health check passed: WebServer,E102,Health check passed: {service}
72177,2026-01-15,09:34:31,INFO,AuthService,Health check passed: AuthService,E102,Health check passed: {service}
72178,2026-01-15,09:59:06,INFO,WebServer,Page view: /home by u4618,E103,Page view: {page} by {user}
72179,2026-01-15,09:38:12,INFO,AuthService,User u3523 login successful,E101,User {user} login successful
72180,2026-01-15,09:58:56,INFO,PaymentGateway,Transaction tx270050 completed in 1546ms,E104,Transaction {tx} completed in {time}ms
72181,2026-01-15,09:18:38,INFO,WebServer,Transaction tx356697 completed in 1101ms,E104,Transaction {tx} completed in {time}ms
72182,2026-01-15,09:52:18,WARN,WebServer,High latency (1753ms) detected on WebServer,E201,High latency ({time}ms) detected on {service}
72183,2026-01-15,09:57:40,INFO,WebServer,Transaction tx210283 completed in 651ms,E104,Transaction {tx} completed in {time}ms
72184,2026-01-15,09:13:31,INFO,PaymentGateway,Page view: /home by u3326,E103,Page view: {page} by {user}
72185,2026-01-15,09:18:47,INFO,WebServer,Health check passed: WebServer,E102,Health check passed: {service}
72186,2026-01-15,09:04:53,WARN,WebServer,Unauthorized access attempt from 10.0.0.45,E401,Unauthorized access attempt from {ip}
72187,2026-01-15,09:12:28,INFO,WebServer,Page view: /home by u2028,E103,Page view: {page} by {user}
72188,2026-01-15,09:50:01,INFO,WebServer,Health check passed: WebServer,E102,Health check passed: {service}
72189,2026-01-15,09:22:04,INFO,AuthService,User u4469 login successful,E101,User {user} login successful
72190,2026-01-15,09:29:20,INFO,OrderProcessor,Transaction tx408534 completed in 1334ms,E104,Transaction {tx} completed in {time}ms
72191,2026-01-15,09:59:02,INFO,WebServer,Page view: /home by u1080,E103,Page view: {page} by {user}
72192,2026-01-15,09:12:45,INFO,WebServer,User u1933 login successful,E101,User {user} login successful
72193,2026-01-15,09:15:27,INFO,WebServer,Transaction tx667862 completed in 1758ms,E104,Transaction {tx} completed in {time}ms
72194,2026-01-15,09:14:17,INFO,OrderProcessor,Page view: /home by u3732,E103,Page view: {page} by {user}
72195,2026-01-15,09:18:55,INFO,WebServer,Page view: /home by u1686,E103,Page view: {page} by {user}
72196,2026-01-15,09:03:10,INFO,AuthService,User u1002 login successful,E101,User {user} login successful
72197,2026-01-15,09:42:27,INFO,OrderProcessor,Page view: /home by u3062,E103,Page view: {page} by {user}
72198,2026-01-15,09:25:48,INFO,WebServer,Health check passed: WebServer,E102,Health check passed: {service}
72199,2026-01-15,09:42:42,INFO,WebServer,Transaction tx800284 completed in 500ms,E104,Transaction {tx} completed in {time}ms
72200,2026-01-15,09:02:40,INFO,WebServer,User u4219 login successful,E101,User {user} login successful
72201,2026-01-15,09:03:47,INFO,AuthService,User u2125 login successful,E101,User {user} login successful
72202,2026-01-15,09:42:54,INFO,WebServer,User u4668 login successful,E101,User {user} login successful
72203,2026-01-15,09:08:22,INFO,WebServer,User u1206 login successful,E101,User {user} login successful
72204,2026-01-15,09:37:43,INFO,AuthService,User u2758 login successful,E101,User {user} login successful
72205,2026-01-15,09:18:50,INFO,OrderProcessor,User u2199 login successful,E101,User {user} login successful
72206,2026-01-15,09:15:09,INFO,PaymentGateway,User u1061 login successful,E101,User {user} login successful
72207,2026-01-15,09:39:20,INFO,WebServer,Health check passed: WebServer,E102,Health check passed: {service}
72208,2026-01-15,09:50:36,INFO,InventoryDB,Transaction tx163538 completed in 1378ms,E104,Transaction {tx} completed in {time}ms
72209,2026-01-15,09:48:07,INFO,AuthService,Transaction tx739171 completed in 1800ms,E104,Transaction {tx} completed in {time}ms
72210,2026-01-15,09:05:43,INFO,WebServer,Transaction tx620465 completed in 763ms,E104,Transaction {tx} completed in {time}ms
72211,2026-01-15,09:53:43,INFO,PaymentGateway,Page view: /home by u4204,E103,Page view: {page} by {user}
72212,2026-01-15,09:45:08,INFO,WebServer,Page view: /home by u3051,E103,Page view: {page} by {user}
72213,2026-01-15,09:56:54,INFO,OrderProcessor,Page view: /home by u4312,E103,Page view: {page} by {user}
72214,2026-01-15,09:50:41,INFO,WebServer,Page view: /home by u3884,E103,Page view: {page} by {user}
72215,2026-01-15,09:25:28,INFO,WebServer,Page view: /home by u3530,E103,Page view: {page} by {user}
72216,2026-01-15,09:21:52,INFO,WebServer,Page view: /home by u2173,E103,Page view: {page} by {user}
72217,2026-01-15,09:33:56,INFO,OrderProcessor,Page view: /home by u2913,E103,Page view: {page} by {user}
72218,2026-01-15,09:02:22,INFO,WebServer,User u2088 login successful,E101,User {user} login successful
72219,2026-01-15,09:50:05,INFO,WebServer,Page view: /home by u1503,E103,Page view: {page} by {user}
72220,2026-01-15,09:35:32,INFO,OrderProcessor,Transaction tx876567 completed in 1483ms,E104,Transaction {tx} completed in {time}ms
72221,2026-01-15,09:48:04,INFO,WebServer,Page view: /home by u3100,E103,Page view: {page} by {user}
72222,2026-01-15,09:42:23,INFO,OrderProcessor,Page view: /home by u3445,E103,Page view: {page} by {user}
72223,2026-01-15,09:23:02,INFO,WebServer,User u1527 login successful,E101,User {user} login successful
72224,2026-01-15,09:30:19,INFO,WebServer,Health check passed: WebServer,E102,Health check passed: {service}
72225,2026-01-15,09:34:17,INFO,AuthService,Health check passed: AuthService,E102,Health check passed: {service}
72226,2026-01-15,09:30:24,INFO,WebServer,Transaction tx763295 completed in 1572ms,E104,Transaction {tx} completed in {time}ms
72227,2026-01-15,09:18:03,INFO,WebServer,Health check passed: WebServer,E102,Health check passed: {service}
72228,2026-01-15,09:08:12,INFO,WebServer,Health check passed: WebServer,E102,Health check passed: {service}
72229,2026-01-15,09:44:13,INFO,OrderProcessor,Transaction tx980516 completed in 321ms,E104,Transaction {tx} completed in {time}ms
72230,2026-01-15,09:46:16,INFO,WebServer,User u3194 login successful,E101,User {user} login successful
72231,2026-01-15,09:59:44,INFO,PaymentGateway,User u1379 login successful,E101,User {user} login successful
72232,2026-01-15,09:10:34,INFO,WebServer,Transaction tx408942 completed in 1008ms,E104,Transaction {tx} completed in {time}ms
72233,2026-01-15,09:58:04,INFO,PaymentGateway,Transaction tx565201 completed in 1521ms,E104,Transaction {tx} completed in {time}ms
72234,2026-01-15,09:29:13,INFO,PaymentGateway,User u3091 login successful,E101,User {user} login successful
72235,2026-01-15,09:15:03,INFO,WebServer,Page view: /home by u2681,E103,Page view: {page} by {user}
72236,2026-01-15,09:37:15,INFO,WebServer,Health check passed: WebServer,E102,Health check passed: {service}
72237,2026-01-15,09:22:14,INFO,WebServer,Transaction tx491659 completed in 130ms,E104,Transaction {tx} completed in {time}ms
72238,2026-01-15,09:22:29,INFO,WebServer,Page view: /home by u4760,E103,Page view: {page} by {user}
72239,2026-01-15,09:46:02,INFO,WebServer,Transaction tx480673 completed in 1728ms,E104,Transaction {tx} completed in {time}ms
72240,2026-01-15,09:42:00,INFO,WebServer,User u1248 login successful,E101,User {user} login successful
72241,2026-01-15,09:09:13,INFO,PaymentGateway,Health check passed: PaymentGateway,E102,Health check passed: {service}
72242,2026-01-15,09:49:07,INFO,OrderProcessor,User u2567 login successful,E101,User {user} login successful
72243,2026-01-15,09:59:20,WARN,AuthService,Disk usage > 85% on node node-5,E202,Disk usage > 85% on node {node}
72244,2026-01-15,09:22:08,INFO,WebServer,Page view: /home by u4517,E103,Page view: {page} by {user}
72245,2026-01-15,09:56:50,INFO,PaymentGateway,Transaction tx241805 completed in 1946ms,E104,Transaction {tx} completed in {time}ms
72246,2026-01-15,09:13:46,INFO,AuthService,Transaction tx799444 completed in 826ms,E104,Transaction {tx} completed in {time}ms
72247,2026-01-15,09:45:44,INFO,WebServer,Transaction tx441369 completed in 893ms,E104,Transaction {tx} completed in {time}ms
72248,2026-01-15,09:28:39,INFO,WebServer,Transaction tx731467 completed in 1685ms,E104,Transaction {tx} completed in {time}ms
72249,2026-01-15,09:59:06,INFO,WebServer,Page view: /home by u2874,E103,Page view: {page} by {user}
72250,2026-01-15,09:47:27,INFO,OrderProcessor,Health check passed: OrderProcessor,E102,Health check passed: {service}
72251,2026-01-15,09:15:00,INFO,AuthService,Transaction tx493845 completed in 1139ms,E104,Transaction {tx} completed in {time}ms
72252,2026-01-15,09:56:27,INFO,PaymentGateway,Transaction tx205750 completed in 1523ms,E104,Transaction {tx} completed in {time}ms
72253,2026-01-15,09:12:29,INFO,WebServer,Health check passed: WebServer,E102,Health check passed: {service}
72254,2026-01-15,09:12:54,WARN,WebServer,Unauthorized access attempt from 10.0.0.88,E401,Unauthorized access attempt from {ip}
72255,2026-01-15,09:45:17,INFO,WebServer,Page view: /home by u2707,E103,Page view: {page} by {user}
72256,2026-01-15,09:27:42,INFO,WebServer,User u1031 login successful,E101,User {user} login successful
72257,2026-01-15,09:01:53,INFO,WebServer,Health check passed: WebServer,E102,Health check passed: {service}
72258,2026-01-15,09:35:32,INFO,WebServer,User u4632 login successful,E101,User {user} login successful
72259,2026-01-15,09:13:54,WARN,WebServer,High latency (383ms) detected on WebServer,E201,High latency ({time}ms) detected on {service}
72260,2026-01-15,09:25:19,INFO,PaymentGateway,Page view: /home by u4959,E103,Page view: {page} by {user}
72261,2026-01-15,09:13:38,INFO,OrderProcessor,Health check passed: OrderProcessor,E102,Health check passed: {service}
72262,2026-01-15,09:55:28,INFO,WebServer,User u3914 login successful,E101,User {user} login successful
72263,2026-01-15,09:09:23,INFO,WebServer,User u1546 login successful,E101,User {user} login successful
72264,2026-01-15,09:43:34,INFO,WebServer,User u4748 login successful,E101,User {user} login successful
72265,2026-01-15,09:16:03,INFO,WebServer,Page view: /home by u2077,E103,Page view: {page} by {user}
72266,2026-01-15,09:14:01,INFO,WebServer,Health check passed: WebServer,E102,Health check passed: {service}
72267,2026-01-15,09:14:31,INFO,AuthService,User u3942 login successful,E101,User {user} login successful
72268,2026-01-15,09:57:53,WARN,WebServer,High latency (499ms) detected on WebServer,E201,High latency ({time}ms) detected on {service}
72269,2026-01-15,09:12:23,INFO,WebServer,Health check passed: WebServer,E102,Health check passed: {service}
72270,2026-01-15,09:47:06,INFO,WebServer,User u2221 login successful,E101,User {user} login successful
72271,2026-01-15,09:56:18,ERROR,PaymentGateway,Connection refused to PaymentGateway at 10.0.0.88,E501,Connection refused to {service} at {ip}
72272,2026-01-15,09:16:17,INFO,WebServer,Transaction tx675880 completed in 1800ms,E104,Transaction {tx} completed in {time}ms
72273,2026-01-15,09:05:34,INFO,WebServer,User u2312 login successful,E101,User {user} login successful
72274,2026-01-15,09:34:43,INFO,WebServer,Health check passed: WebServer,E102,Health check passed: {service}
72275,2026-01-15,09:41:24,WARN,AuthService,High latency (1198ms) detected on AuthService,E201,High latency ({time}ms) detected on {service}
72276,2026-01-15,09:26:42,INFO,OrderProcessor,User u3296 login successful,E101,User {user} login successful
72277,2026-01-15,09:49:42,INFO,AuthService,User u2179 login successful,E101,User {user} login successful
72278,2026-01-15,09:55:24,INFO,WebServer,Transaction tx495286 completed in 1662ms,E104,Transaction {tx} completed in {time}ms
72279,2026-01-15,09:09:44,INFO,AuthService,Page view: /home by u4722,E103,Page view: {page} by {user}
72280,2026-01-15,09:33:44,INFO,AuthService,User u1070 login successful,E101,User {user} login successful
72281,2026-01-15,09:59:13,INFO,WebServer,Transaction tx297176 completed in 312ms,E104,Transaction {tx} completed in {time}ms
72282,2026-01-15,09:29:39,WARN,PaymentGateway,High latency (1331ms) detected on PaymentGateway,E201,High latency ({time}ms) detected on {service}
72283,2026-01-15,09:08:13,INFO,OrderProcessor,Health check passed: OrderProcessor,E102,Health check passed: {service}
72284,2026-01-15,09:14:50,INFO,OrderProcessor,User u4913 login successful,E101,User {user} login successful
72285,2026-01-15,09:20:31,INFO,PaymentGateway,Health check passed: PaymentGateway,E102,Health check passed: {service}
72286,2026-01-15,09:11:46,CRITICAL,AuthService,KERNEL PANIC: Node node-3 crashed,E601,KERNEL PANIC: Node {node} crashed
72287,2026-01-15,09:48:07,INFO,WebServer,Health check passed: WebServer,E102,Health check passed: {service}
72288,2026-01-15,09:20:20,INFO,WebServer,Health check passed: WebServer,E102,Health check passed: {service}
72289,2026-01-15,09:41:11,INFO,PaymentGateway,Health check passed: PaymentGateway,E102,Health check passed: {service}
72290,2026-01-15,09:33:24,INFO,WebServer,Transaction tx144985 completed in 589ms,E104,Transaction {tx} completed in {time}ms
72291,2026-01-15,09:25:14,INFO,WebServer,Page view: /home by u3686,E103,Page view: {page} by {user}
72292,2026-01-15,09:52:43,WARN,AuthService,High latency (1581ms) detected on AuthService,E201,High latency ({time}ms) detected on {service}
72293,2026-01-15,09:45:43,INFO,WebServer,Health check passed: WebServer,E102,Health check passed: {service}
72294,2026-01-15,09:44:03,INFO,PaymentGateway,Health check passed: PaymentGateway,E102,Health check passed: {service}
72295,2026-01-15,09:13:19,INFO,WebServer,User u2675 login successful,E101,User {user} login successful
72296,2026-01-15,09:07:02,INFO,WebServer,Transaction tx762252 completed in 1147ms,E104,Transaction {tx} completed in {time}ms
72297,2026-01-15,09:23:05,INFO,OrderProcessor,User u1174 login successful,E101,User {user} login successful
72298,2026-01-15,09:48:28,INFO,InventoryDB,Health check passed: InventoryDB,E102,Health check passed: {service}
72299,2026-01-15,09:03:02,INFO,AuthService,User u1697 login successful,E101,User {user} login successful
72300,2026-01-15,09:27:16,INFO,WebServer,Health check passed: WebServer,E102,Health check passed: {service}
72301,2026-01-15,09:16:34,INFO,WebServer,Health check passed: WebServer,E102,Health check passed: {service}
72302,2026-01-15,09:16:41,INFO,WebServer,User u2397 login successful,E101,User {user} login successful
72303,2026-01-15,09:50:21,INFO,PaymentGateway,Page view: /home by u4799,E103,Page view: {page} by {user}
72304,2026-01-15,09:27:06,INFO,WebServer,Transaction tx700992 completed in 379ms,E104,Transaction {tx} completed in {time}ms
72305,2026-01-15,09:07:16,INFO,WebServer,Health check passed: WebServer,E102,Health check passed: {service}
72306,2026-01-15,09:22:41,INFO,WebServer,Transaction tx194554 completed in 1962ms,E104,Transaction {tx} completed in {time}ms
72307,2026-01-15,09:37:59,INFO,PaymentGateway,Health check passed: PaymentGateway,E102,Health check passed: {service}
72308,2026-01-15,09:16:59,INFO,WebServer,Transaction tx728506 completed in 184ms,E104,Transaction {tx} completed in {time}ms
72309,2026-01-15,09:59:26,INFO,InventoryDB,User u1168 login successful,E101,User {user} login successful
72310,2026-01-15,09:33:51,INFO,AuthService,User u4026 login successful,E101,User {user} login successful
72311,2026-01-15,09:42:31,INFO,AuthService,Transaction tx190993 completed in 1555ms,E104,Transaction {tx} completed in {time}ms
72312,2026-01-15,09:52:54,INFO,AuthService,Health check passed: AuthService,E102,Health check passed: {service}
72313,2026-01-15,09:24:19,INFO,PaymentGateway,Page view: /home by u4628,E103,Page view: {page} by {user}
72314,2026-01-15,09:04:53,INFO,InventoryDB,User u1491 login successful,E101,User {user} login successful
72315,2026-01-15,09:18:13,INFO,PaymentGateway,Page view: /home by u4139,E103,Page view: {page} by {user}
72316,2026-01-15,09:50:25,INFO,OrderProcessor,Page view: /home by u2737,E103,Page view: {page} by {user}
72317,2026-01-15,09:08:50,INFO,WebServer,Page view: /home by u3539,E103,Page view: {page} by {user}
72318,2026-01-15,09:00:24,INFO,WebServer,Transaction tx652293 completed in 660ms,E104,Transaction {tx} completed in {time}ms
72319,2026-01-15,09:08:41,INFO,WebServer,Page view: /home by u3153,E103,Page view: {page} by {user}
72320,2026-01-15,09:54:20,INFO,WebServer,User u4028 login successful,E101,User {user} login successful
72321,2026-01-15,09:32:48,INFO,AuthService,Page view: /home by u3285,E103,Page view: {page} by {user}
72322,2026-01-15,09:07:38,WARN,WebServer,Disk usage > 85% on node node-2,E202,Disk usage > 85% on node {node}
72323,2026-01-15,09:11:01,INFO,WebServer,Health check passed: WebServer,E102,Health check passed: {service}
72324,2026-01-15,09:42:31,ERROR,WebServer,Payment declined: Gateway unavailable,E503,Payment declined: Gateway unavailable
72325,2026-01-15,09:55:15,INFO,WebServer,User u2937 login successful,E101,User {user} login successful
72326,2026-01-15,09:45:07,INFO,WebServer,Page view: /home by u2537,E103,Page view: {page} by {user}
72327,2026-01-15,09:06:03,INFO,AuthService,Health check passed: AuthService,E102,Health check passed: {service}
72328,2026-01-15,09:38:55,INFO,WebServer,User u1016 login successful,E101,User {user} login successful
72329,2026-01-15,09:01:27,INFO,WebServer,Transaction tx372577 completed in 910ms,E104,Transaction {tx} completed in {time}ms
72330,2026-01-15,09:48:41,INFO,PaymentGateway,Page view: /home by u1790,E103,Page view: {page} by {user}
72331,2026-01-15,09:12:37,INFO,AuthService,User u3137 login successful,E101,User {user} login successful
72332,2026-01-15,09:05:52,INFO,PaymentGateway,User u4672 login successful,E101,User {user} login successful
72333,2026-01-15,09:51:21,INFO,AuthService,User u3660 login successful,E101,User {user} login successful
72334,2026-01-15,09:53:58,INFO,WebServer,Health check passed: WebServer,E102,Health check passed: {service}
72335,2026-01-15,09:13:13,WARN,AuthService,Unauthorized access attempt from 10.0.0.45,E401,Unauthorized access attempt from {ip}
72336,2026-01-15,09:55:24,INFO,OrderProcessor,Health check passed: OrderProcessor,E102,Health check passed: {service}
72337,2026-01-15,09:06:11,INFO,AuthService,Transaction tx376483 completed in 797ms,E104,Transaction {tx} completed in {time}ms
72338,2026-01-15,09:48:50,INFO,AuthService,Health check passed: AuthService,E102,Health check passed: {service}
72339,2026-01-15,09:42:09,INFO,OrderProcessor,Transaction tx602337 completed in 366ms,E104,Transaction {tx} completed in {time}ms
72340,2026-01-15,09:50:33,INFO,OrderProcessor,Page view: /home by u1411,E103,Page view: {page} by {user}
72341,2026-01-15,09:59:56,INFO,PaymentGateway,Health check passed: PaymentGateway,E102,Health check passed: {service}
72342,2026-01-15,09:20:49,INFO,PaymentGateway,Page view: /home by u2550,E103,Page view: {page} by {user}
72343,2026-01-15,09:36:24,INFO,WebServer,Page view: /home by u2261,E103,Page view: {page} by {user}
72344,2026-01-15,09:20:35,INFO,OrderProcessor,Transaction tx370847 completed in 1962ms,E104,Transaction {tx} completed in {time}ms
72345,2026-01-15,09:58:40,WARN,InventoryDB,High latency (400ms) detected on InventoryDB,E201,High latency ({time}ms) detected on {service}
72346,2026-01-15,09:12:34,INFO,WebServer,Page view: /home by u1953,E103,Page view: {page} by {user}
72347,2026-01-15,09:08:12,INFO,PaymentGateway,Page view: /home by u3362,E103,Page view: {page} by {user}
72348,2026-01-15,09:15:47,INFO,AuthService,Page view: /home by u4228,E103,Page view: {page} by {user}
72349,2026-01-15,09:29:34,INFO,WebServer,Health check passed: WebServer,E102,Health check passed: {service}
72350,2026-01-15,09:58:45,INFO,WebServer,Transaction tx627567 completed in 168ms,E104,Transaction {tx} completed in {time}ms
72351,2026-01-15,09:42:37,INFO,OrderProcessor,Page view: /home by u1957,E103,Page view: {page} by {user}
72352,2026-01-15,09:09:59,INFO,WebServer,Page view: /home by u1686,E103,Page view: {page} by {user}
72353,2026-01-15,09:53:18,INFO,PaymentGateway,Transaction tx700155 completed in 1132ms,E104,Transaction {tx} completed in {time}ms
72354,2026-01-15,09:51:27,INFO,InventoryDB,Health check passed: InventoryDB,E102,Health check passed: {service}
72355,2026-01-15,09:15:37,INFO,AuthService,Transaction tx361932 completed in 888ms,E104,Transaction {tx} completed in {time}ms
72356,2026-01-15,09:04:42,INFO,InventoryDB,Page view: /home by u1131,E103,Page view: {page} by {user}
72357,2026-01-15,09:18:16,INFO,WebServer,Page view: /home by u3734,E103,Page view: {page} by {user}
72358,2026-01-15,09:55:22,WARN,AuthService,Disk usage > 85% on node node-2,E202,Disk usage > 85% on node {node}
72359,2026-01-15,09:09:39,INFO,WebServer,Transaction tx970192 completed in 1217ms,E104,Transaction {tx} completed in {time}ms
72360,2026-01-15,09:04:07,WARN,WebServer,High latency (755ms) detected on WebServer,E201,High latency ({time}ms) detected on {service}
72361,2026-01-15,09:34:24,INFO,WebServer,Health check passed: WebServer,E102,Health check passed: {service}
72362,2026-01-15,09:34:58,INFO,PaymentGateway,User u3459 login successful,E101,User {user} login successful
72363,2026-01-15,09:14:17,INFO,AuthService,Page view: /home by u1147,E103,Page view: {page} by {user}
72364,2026-01-15,09:11:49,INFO,InventoryDB,Transaction tx375292 completed in 1710ms,E104,Transaction {tx} completed in {time}ms
72365,2026-01-15,09:41:42,INFO,InventoryDB,Health check passed: InventoryDB,E102,Health check passed: {service}
72366,2026-01-15,09:30:42,INFO,AuthService,Transaction tx897319 completed in 1730ms,E104,Transaction {tx} completed in {time}ms
72367,2026-01-15,09:04:06,INFO,WebServer,Transaction tx138602 completed in 1334ms,E104,Transaction {tx} completed in {time}ms
72368,2026-01-15,09:49:32,INFO,OrderProcessor,Page view: /home by u2229,E103,Page view: {page} by {user}
72369,2026-01-15,09:13:11,INFO,OrderProcessor,Page view: /home by u2086,E103,Page view: {page} by {user}
72370,2026-01-15,09:30:55,INFO,AuthService,Page view: /home by u3872,E103,Page view: {page} by {user}
72371,2026-01-15,09:38:01,INFO,OrderProcessor,User u3887 login successful,E101,User {user} login successful
72372,2026-01-15,09:14:40,INFO,AuthService,User u3510 login successful,E101,User {user} login successful
72373,2026-01-15,09:14:45,INFO,WebServer,Health check passed: WebServer,E102,Health check passed: {service}
72374,2026-01-15,09:32:03,INFO,WebServer,Health check passed: WebServer,E102,Health check passed: {service}
72375,2026-01-15,09:27:57,ERROR,AuthService,Timeout waiting for lock on InventoryDB,E502,Timeout waiting for lock on {db}
72376,2026-01-15,09:06:29,INFO,AuthService,User u2555 login successful,E101,User {user} login successful
72377,2026-01-15,09:24:37,INFO,PaymentGateway,User u4338 login successful,E101,User {user} login successful
72378,2026-01-15,09:03:44,INFO,PaymentGateway,User u4110 login successful,E101,User {user} login successful
72379,2026-01-15,09:03:49,INFO,WebServer,Page view: /home by u4079,E103,Page view: {page} by {user}
72380,2026-01-15,09:42:01,INFO,WebServer,Health check passed: WebServer,E102,Health check passed: {service}
72381,2026-01-15,09:04:48,INFO,WebServer,Health check passed: WebServer,E102,Health check passed: {service}
72382,2026-01-15,09:42:38,INFO,WebServer,Transaction tx831861 completed in 109ms,E104,Transaction {tx} completed in {time}ms
72383,2026-01-15,09:33:57,INFO,OrderProcessor,Transaction tx915935 completed in 1703ms,E104,Transaction {tx} completed in {time}ms
72384,2026-01-15,09:00:35,INFO,OrderProcessor,Health check passed: OrderProcessor,E102,Health check passed: {service}
72385,2026-01-15,09:54:47,INFO,WebServer,User u4761 login successful,E101,User {user} login successful
72386,2026-01-15,09:05:45,INFO,WebServer,Transaction tx443978 completed in 1248ms,E104,Transaction {tx} completed in {time}ms
72387,2026-01-15,09:54:08,INFO,WebServer,Health check passed: WebServer,E102,Health check passed: {service}
72388,2026-01-15,09:47:53,INFO,AuthService,Health check passed: AuthService,E102,Health check passed: {service}
72389,2026-01-15,09:33:02,INFO,OrderProcessor,Page view: /home by u3785,E103,Page view: {page} by {user}
72390,2026-01-15,09:59:53,INFO,WebServer,User u2236 login successful,E101,User {user} login successful
72391,2026-01-15,09:00:59,INFO,WebServer,Health check passed: WebServer,E102,Health check passed: {service}
72392,2026-01-15,09:55:00,INFO,WebServer,Page view: /home by u1721,E103,Page view: {page} by {user}
72393,2026-01-15,09:23:12,INFO,WebServer,Transaction tx535675 completed in 1508ms,E104,Transaction {tx} completed in {time}ms
72394,2026-01-15,09:30:58,INFO,AuthService,User u4609 login successful,E101,User {user} login successful
72395,2026-01-15,09:55:15,INFO,WebServer,Transaction tx669204 completed in 521ms,E104,Transaction {tx} completed in {time}ms
72396,2026-01-15,09:56:55,WARN,AuthService,High latency (687ms) detected on AuthService,E201,High latency ({time}ms) detected on {service}
72397,2026-01-15,09:19:14,INFO,OrderProcessor,Health check passed: OrderProcessor,E102,Health check passed: {service}
72398,2026-01-15,09:49:13,INFO,WebServer,Transaction tx739896 completed in 872ms,E104,Transaction {tx} completed in {time}ms
72399,2026-01-15,09:27:24,INFO,AuthService,User u2930 login successful,E101,User {user} login successful
72400,2026-01-15,09:23:17,INFO,WebServer,Transaction tx623002 completed in 1855ms,E104,Transaction {tx} completed in {time}ms
72401,2026-01-15,09:30:58,INFO,WebServer,Transaction tx426205 completed in 1140ms,E104,Transaction {tx} completed in {time}ms
72402,2026-01-15,09:13:20,INFO,OrderProcessor,Transaction tx343823 completed in 693ms,E104,Transaction {tx} completed in {time}ms
72403,2026-01-15,09:10:43,INFO,OrderProcessor,User u4465 login successful,E101,User {user} login successful
72404,2026-01-15,09:58:41,INFO,WebServer,Page view: /home by u2541,E103,Page view: {page} by {user}
72405,2026-01-15,09:30:22,INFO,WebServer,User u4342 login successful,E101,User {user} login successful
72406,2026-01-15,09:13:08,INFO,WebServer,Transaction tx126474 completed in 444ms,E104,Transaction {tx} completed in {time}ms
72407,2026-01-15,09:12:15,INFO,WebServer,Page view: /home by u3831,E103,Page view: {page} by {user}
72408,2026-01-15,09:16:59,INFO,AuthService,Health check passed: AuthService,E102,Health check passed: {service}
72409,2026-01-15,09:20:47,WARN,WebServer,Unauthorized access attempt from 10.0.0.10,E401,Unauthorized access attempt from {ip}
72410,2026-01-15,09:57:09,INFO,PaymentGateway,Health check passed: PaymentGateway,E102,Health check passed: {service}
72411,2026-01-15,09:25:46,INFO,WebServer,User u3701 login successful,E101,User {user} login successful
72412,2026-01-15,09:26:14,INFO,WebServer,Health check passed: WebServer,E102,Health check passed: {service}
72413,2026-01-15,09:12:45,INFO,WebServer,Page view: /home by u2424,E103,Page view: {page} by {user}
72414,2026-01-15,09:51:20,INFO,AuthService,User u1607 login successful,E101,User {user} login successful
72415,2026-01-15,09:44:06,INFO,WebServer,User u3162 login successful,E101,User {user} login successful
72416,2026-01-15,09:40:27,INFO,WebServer,Health check passed: WebServer,E102,Health check passed: {service}
72417,2026-01-15,09:56:36,INFO,OrderProcessor,User u2818 login successful,E101,User {user} login successful
72418,2026-01-15,09:16:50,INFO,PaymentGateway,Health check passed: PaymentGateway,E102,Health check passed: {service}
72419,2026-01-15,09:36:09,INFO,WebServer,User u4936 login successful,E101,User {user} login successful
72420,2026-01-15,09:09:06,INFO,AuthService,Health check passed: AuthService,E102,Health check passed: {service}
72421,2026-01-15,09:31:11,INFO,WebServer,Health check passed: WebServer,E102,Health check passed: {service}
72422,2026-01-15,09:21:58,INFO,WebServer,Transaction tx760017 completed in 528ms,E104,Transaction {tx} completed in {time}ms
72423,2026-01-15,09:31:34,INFO,WebServer,Transaction tx780995 completed in 1274ms,E104,Transaction {tx} completed in {time}ms
72424,2026-01-15,09:41:38,INFO,PaymentGateway,User u4594 login successful,E101,User {user} login successful
72425,2026-01-15,09:53:31,INFO,WebServer,User u1248 login successful,E101,User {user} login successful
72426,2026-01-15,09:34:29,INFO,PaymentGateway,Transaction tx203643 completed in 966ms,E104,Transaction {tx} completed in {time}ms
72427,2026-01-15,09:34:08,INFO,OrderProcessor,Transaction tx784885 completed in 557ms,E104,Transaction {tx} completed in {time}ms
72428,2026-01-15,09:39:53,INFO,AuthService,Page view: /home by u4797,E103,Page view: {page} by {user}
72429,2026-01-15,09:19:11,INFO,WebServer,User u1090 login successful,E101,User {user} login successful
72430,2026-01-15,09:31:06,INFO,AuthService,User u1292 login successful,E101,User {user} login successful
72431,2026-01-15,09:03:42,ERROR,OrderProcessor,Connection refused to OrderProcessor at 10.0.0.12,E501,Connection refused to {service} at {ip}
72432,2026-01-15,09:28:39,INFO,OrderProcessor,User u2297 login successful,E101,User {user} login successful
72433,2026-01-15,09:19:33,INFO,AuthService,Transaction tx788787 completed in 31ms,E104,Transaction {tx} completed in {time}ms
72434,2026-01-15,09:41:49,INFO,WebServer,Page view: /home by u1126,E103,Page view: {page} by {user}
72435,2026-01-15,09:35:59,INFO,AuthService,Page view: /home by u3954,E103,Page view: {page} by {user}
72436,2026-01-15,09:10:44,INFO,WebServer,Page view: /home by u1878,E103,Page view: {page} by {user}
72437,2026-01-15,09:22:07,WARN,WebServer,Disk usage > 85% on node node-2,E202,Disk usage > 85% on node {node}
72438,2026-01-15,09:37:03,INFO,AuthService,Page view: /home by u3726,E103,Page view: {page} by {user}
72439,2026-01-15,09:34:55,INFO,AuthService,Page view: /home by u2969,E103,Page view: {page} by {user}
72440,2026-01-15,09:24:21,INFO,WebServer,Page view: /home by u2526,E103,Page view: {page} by {user}
72441,2026-01-15,09:44:43,INFO,WebServer,User u3819 login successful,E101,User {user} login successful
72442,2026-01-15,09:05:58,INFO,InventoryDB,Page view: /home by u3510,E103,Page view: {page} by {user}
72443,2026-01-15,09:34:35,INFO,WebServer,Page view: /home by u4128,E103,Page view: {page} by {user}
72444,2026-01-15,09:41:52,INFO,WebServer,Transaction tx522012 completed in 955ms,E104,Transaction {tx} completed in {time}ms
72445,2026-01-15,09:31:14,INFO,WebServer,Page view: /home by u2714,E103,Page view: {page} by {user}
72446,2026-01-15,09:04:08,INFO,WebServer,User u3967 login successful,E101,User {user} login successful
72447,2026-01-15,09:25:49,INFO,AuthService,Page view: /home by u1426,E103,Page view: {page} by {user}
72448,2026-01-15,09:30:55,INFO,AuthService,Page view: /home by u2569,E103,Page view: {page} by {user}
72449,2026-01-15,09:33:06,INFO,AuthService,Health check passed: AuthService,E102,Health check passed: {service}
72450,2026-01-15,09:56:34,INFO,AuthService,Transaction tx387024 completed in 235ms,E104,Transaction {tx} completed in {time}ms
72451,2026-01-15,09:05:27,INFO,PaymentGateway,Transaction tx665908 completed in 300ms,E104,Transaction {tx} completed in {time}ms
72452,2026-01-15,09:12:07,INFO,AuthService,Page view: /home by u1041,E103,Page view: {page} by {user}
72453,2026-01-15,09:57:27,INFO,AuthService,Transaction tx613592 completed in 1297ms,E104,Transaction {tx} completed in {time}ms
72454,2026-01-15,09:57:25,INFO,AuthService,Health check passed: AuthService,E102,Health check passed: {service}
72455,2026-01-15,09:36:53,INFO,InventoryDB,Health check passed: InventoryDB,E102,Health check passed: {service}
72456,2026-01-15,09:25:03,INFO,WebServer,User u2561 login successful,E101,User {user} login successful
72457,2026-01-15,09:06:43,INFO,WebServer,Health check passed: WebServer,E102,Health check passed: {service}
72458,2026-01-15,09:06:13,INFO,AuthService,User u4254 login successful,E101,User {user} login successful
72459,2026-01-15,09:17:45,INFO,WebServer,Page view: /home by u1294,E103,Page view: {page} by {user}
72460,2026-01-15,09:47:54,INFO,OrderProcessor,Health check passed: OrderProcessor,E102,Health check passed: {service}
72461,2026-01-15,09:54:26,INFO,AuthService,Health check passed: AuthService,E102,Health check passed: {service}
72462,2026-01-15,09:34:00,INFO,AuthService,Health check passed: AuthService,E102,Health check passed: {service}
72463,2026-01-15,09:38:13,INFO,PaymentGateway,Health check passed: PaymentGateway,E102,Health check passed: {service}
72464,2026-01-15,09:12:47,INFO,OrderProcessor,Health check passed: OrderProcessor,E102,Health check passed: {service}
72465,2026-01-15,09:57:22,INFO,WebServer,User u3430 login successful,E101,User {user} login successful
72466,2026-01-15,09:56:41,INFO,WebServer,User u4023 login successful,E101,User {user} login successful
72467,2026-01-15,09:56:45,INFO,OrderProcessor,Health check passed: OrderProcessor,E102,Health check passed: {service}
72468,2026-01-15,09:16:29,INFO,WebServer,Health check passed: WebServer,E102,Health check passed: {service}
72469,2026-01-15,09:24:43,WARN,OrderProcessor,Unauthorized access attempt from 10.0.0.12,E401,Unauthorized access attempt from {ip}
72470,2026-01-15,09:32:33,INFO,PaymentGateway,Health check passed: PaymentGateway,E102,Health check passed: {service}
72471,2026-01-15,09:03:36,INFO,WebServer,Health check passed: WebServer,E102,Health check passed: {service}
72472,2026-01-15,09:49:29,INFO,OrderProcessor,Transaction tx437799 completed in 1094ms,E104,Transaction {tx} completed in {time}ms
72473,2026-01-15,09:42:24,INFO,WebServer,Page view: /home by u2859,E103,Page view: {page} by {user}
72474,2026-01-15,09:05:29,INFO,OrderProcessor,Transaction tx559138 completed in 243ms,E104,Transaction {tx} completed in {time}ms
72475,2026-01-15,09:56:31,INFO,OrderProcessor,Transaction tx328189 completed in 696ms,E104,Transaction {tx} completed in {time}ms
72476,2026-01-15,09:02:44,INFO,WebServer,User u4416 login successful,E101,User {user} login successful
72477,2026-01-15,09:53:19,INFO,WebServer,Transaction tx121540 completed in 1834ms,E104,Transaction {tx} completed in {time}ms
72478,2026-01-15,09:05:13,INFO,PaymentGateway,User u3629 login successful,E101,User {user} login successful
72479,2026-01-15,09:12:47,INFO,WebServer,User u1836 login successful,E101,User {user} login successful
72480,2026-01-15,09:15:26,INFO,PaymentGateway,Health check passed: PaymentGateway,E102,Health check passed: {service}
72481,2026-01-15,09:46:27,INFO,WebServer,Transaction tx324120 completed in 1894ms,E104,Transaction {tx} completed in {time}ms
72482,2026-01-15,09:47:21,INFO,WebServer,Transaction tx132065 completed in 694ms,E104,Transaction {tx} completed in {time}ms
72483,2026-01-15,09:53:20,INFO,WebServer,Page view: /home by u4783,E103,Page view: {page} by {user}
72484,2026-01-15,09:05:14,INFO,AuthService,Transaction tx369211 completed in 1471ms,E104,Transaction {tx} completed in {time}ms
72485,2026-01-15,09:42:06,INFO,WebServer,Transaction tx830700 completed in 1333ms,E104,Transaction {tx} completed in {time}ms
72486,2026-01-15,09:56:31,INFO,InventoryDB,User u2639 login successful,E101,User {user} login successful
72487,2026-01-15,09:33:20,INFO,PaymentGateway,Transaction tx929762 completed in 582ms,E104,Transaction {tx} completed in {time}ms
72488,2026-01-15,09:47:36,INFO,WebServer,Health check passed: WebServer,E102,Health check passed: {service}
72489,2026-01-15,09:20:22,INFO,WebServer,User u1570 login successful,E101,User {user} login successful
72490,2026-01-15,09:42:40,INFO,AuthService,User u4274 login successful,E101,User {user} login successful
72491,2026-01-15,09:19:43,INFO,WebServer,User u3207 login successful,E101,User {user} login successful
72492,2026-01-15,09:31:47,INFO,AuthService,User u2441 login successful,E101,User {user} login successful
72493,2026-01-15,09:42:19,INFO,AuthService,Transaction tx819876 completed in 1314ms,E104,Transaction {tx} completed in {time}ms
72494,2026-01-15,09:54:52,INFO,InventoryDB,User u4966 login successful,E101,User {user} login successful
72495,2026-01-15,09:03:54,INFO,WebServer,Page view: /home by u1774,E103,Page view: {page} by {user}
72496,2026-01-15,09:08:24,INFO,OrderProcessor,Page view: /home by u1396,E103,Page view: {page} by {user}
72497,2026-01-15,09:10:26,INFO,WebServer,Transaction tx699098 completed in 1681ms,E104,Transaction {tx} completed in {time}ms
72498,2026-01-15,09:33:45,INFO,WebServer,Health check passed: WebServer,E102,Health check passed: {service}
72499,2026-01-15,09:49:39,INFO,WebServer,Health check passed: WebServer,E102,Health check passed: {service}
72500,2026-01-15,09:41:57,INFO,WebServer,Health check passed: WebServer,E102,Health check passed: {service}
72501,2026-01-15,09:18:19,INFO,InventoryDB,User u1592 login successful,E101,User {user} login successful
72502,2026-01-15,09:35:01,INFO,WebServer,Page view: /home by u4455,E103,Page view: {page} by {user}
72503,2026-01-15,09:31:07,INFO,WebServer,User u2261 login successful,E101,User {user} login successful
72504,2026-01-15,09:09:19,INFO,WebServer,Page view: /home by u2464,E103,Page view: {page} by {user}
72505,2026-01-15,09:10:19,INFO,WebServer,Health check passed: WebServer,E102,Health check passed: {service}
72506,2026-01-15,09:51:57,WARN,OrderProcessor,High latency (1367ms) detected on OrderProcessor,E201,High latency ({time}ms) detected on {service}
72507,2026-01-15,09:38:07,INFO,OrderProcessor,Page view: /home by u4453,E103,Page view: {page} by {user}
72508,2026-01-15,09:08:13,INFO,WebServer,Transaction tx339953 completed in 1350ms,E104,Transaction {tx} completed in {time}ms
72509,2026-01-15,09:32:40,INFO,AuthService,Health check passed: AuthService,E102,Health check passed: {service}
72510,2026-01-15,09:29:00,INFO,PaymentGateway,Page view: /home by u4491,E103,Page view: {page} by {user}
72511,2026-01-15,09:08:04,INFO,WebServer,Page view: /home by u4446,E103,Page view: {page} by {user}
72512,2026-01-15,09:30:08,INFO,OrderProcessor,User u3412 login successful,E101,User {user} login successful
72513,2026-01-15,09:33:15,INFO,AuthService,Health check passed: AuthService,E102,Health check passed: {service}
72514,2026-01-15,09:21:56,INFO,WebServer,Transaction tx624165 completed in 1120ms,E104,Transaction {tx} completed in {time}ms
72515,2026-01-15,09:37:07,WARN,AuthService,Disk usage > 85% on node node-5,E202,Disk usage > 85% on node {node}
72516,2026-01-15,09:45:49,INFO,AuthService,Transaction tx441866 completed in 1613ms,E104,Transaction {tx} completed in {time}ms
72517,2026-01-15,09:37:11,INFO,AuthService,Transaction tx981431 completed in 1345ms,E104,Transaction {tx} completed in {time}ms
72518,2026-01-15,09:03:32,INFO,OrderProcessor,Transaction tx479057 completed in 821ms,E104,Transaction {tx} completed in {time}ms
72519,2026-01-15,09:46:36,WARN,PaymentGateway,Disk usage > 85% on node node-3,E202,Disk usage > 85% on node {node}
72520,2026-01-15,09:18:05,INFO,WebServer,Page view: /home by u4797,E103,Page view: {page} by {user}
72521,2026-01-15,09:00:36,INFO,AuthService,Transaction tx158060 completed in 647ms,E104,Transaction {tx} completed in {time}ms
72522,2026-01-15,09:42:36,INFO,AuthService,Health check passed: AuthService,E102,Health check passed: {service}
72523,2026-01-15,09:14:49,INFO,AuthService,Page view: /home by u3018,E103,Page view: {page} by {user}
72524,2026-01-15,09:23:48,INFO,OrderProcessor,Transaction tx803490 completed in 282ms,E104,Transaction {tx} completed in {time}ms
72525,2026-01-15,09:12:12,WARN,PaymentGateway,Disk usage > 85% on node node-1,E202,Disk usage > 85% on node {node}
72526,2026-01-15,09:50:53,INFO,AuthService,User u4144 login successful,E101,User {user} login successful
72527,2026-01-15,09:22:51,INFO,WebServer,Health check passed: WebServer,E102,Health check passed: {service}
72528,2026-01-15,09:45:51,CRITICAL,WebServer,DATA CORRUPTION detected in sector 649,E602,DATA CORRUPTION detected in sector {sector}
72529,2026-01-15,09:34:48,INFO,AuthService,Transaction tx203536 completed in 128ms,E104,Transaction {tx} completed in {time}ms
72530,2026-01-15,09:50:22,INFO,OrderProcessor,Transaction tx116717 completed in 1695ms,E104,Transaction {tx} completed in {time}ms
72531,2026-01-15,09:57:03,INFO,WebServer,User u2409 login successful,E101,User {user} login successful
72532,2026-01-15,09:57:53,INFO,WebServer,Health check passed: WebServer,E102,Health check passed: {service}
72533,2026-01-15,09:04:35,WARN,OrderProcessor,Disk usage > 85% on node node-3,E202,Disk usage > 85% on node {node}
72534,2026-01-15,09:53:00,INFO,AuthService,User u2409 login successful,E101,User {user} login successful
72535,2026-01-15,09:50:59,INFO,WebServer,Health check passed: WebServer,E102,Health check passed: {service}
72536,2026-01-15,09:08:37,INFO,AuthService,Page view: /home by u2767,E103,Page view: {page} by {user}
72537,2026-01-15,09:08:20,INFO,AuthService,Page view: /home by u2518,E103,Page view: {page} by {user}
72538,2026-01-15,09:55:10,INFO,AuthService,Health check passed: AuthService,E102,Health check passed: {service}
72539,2026-01-15,09:20:16,INFO,WebServer,Page view: /home by u4533,E103,Page view: {page} by {user}
72540,2026-01-15,09:01:36,INFO,AuthService,User u1990 login successful,E101,User {user} login successful
72541,2026-01-15,09:06:55,INFO,WebServer,Health check passed: WebServer,E102,Health check passed: {service}
72542,2026-01-15,09:44:25,INFO,OrderProcessor,Transaction tx253016 completed in 758ms,E104,Transaction {tx} completed in {time}ms
72543,2026-01-15,09:24:18,INFO,AuthService,User u1333 login successful,E101,User {user} login successful
72544,2026-01-15,09:23:25,INFO,WebServer,Page view: /home by u1470,E103,Page view: {page} by {user}
72545,2026-01-15,09:57:07,WARN,AuthService,Unauthorized access attempt from 192.168.1.5,E401,Unauthorized access attempt from {ip}
72546,2026-01-15,09:54:24,INFO,WebServer,User u2138 login successful,E101,User {user} login successful
72547,2026-01-15,09:35:09,INFO,WebServer,Page view: /home by u1731,E103,Page view: {page} by {user}
72548,2026-01-15,09:11:49,INFO,WebServer,Health check passed: WebServer,E102,Health check passed: {service}
72549,2026-01-15,09:08:27,ERROR,WebServer,Timeout waiting for lock on InventoryDB,E502,Timeout waiting for lock on {db}
72550,2026-01-15,09:57:13,INFO,PaymentGateway,Health check passed: PaymentGateway,E102,Health check passed: {service}
72551,2026-01-15,09:29:20,INFO,AuthService,Page view: /home by u4766,E103,Page view: {page} by {user}
72552,2026-01-15,09:47:26,INFO,WebServer,Health check passed: WebServer,E102,Health check passed: {service}
72553,2026-01-15,09:15:09,INFO,AuthService,Transaction tx781573 completed in 1047ms,E104,Transaction {tx} completed in {time}ms
72554,2026-01-15,09:21:16,INFO,AuthService,Page view: /home by u2055,E103,Page view: {page} by {user}
72555,2026-01-15,09:18:21,INFO,WebServer,User u2394 login successful,E101,User {user} login successful
72556,2026-01-15,09:29:18,INFO,WebServer,Health check passed: WebServer,E102,Health check passed: {service}
72557,2026-01-15,09:48:10,INFO,OrderProcessor,Page view: /home by u1153,E103,Page view: {page} by {user}
72558,2026-01-15,09:24:29,INFO,AuthService,Transaction tx841159 completed in 653ms,E104,Transaction {tx} completed in {time}ms
72559,2026-01-15,09:22:02,INFO,WebServer,Health check passed: WebServer,E102,Health check passed: {service}
72560,2026-01-15,09:45:20,INFO,OrderProcessor,Page view: /home by u1240,E103,Page view: {page} by {user}
72561,2026-01-15,09:32:13,INFO,PaymentGateway,Health check passed: PaymentGateway,E102,Health check passed: {service}
72562,2026-01-15,09:13:28,INFO,OrderProcessor,User u1148 login successful,E101,User {user} login successful
72563,2026-01-15,09:21:32,INFO,PaymentGateway,Page view: /home by u4116,E103,Page view: {page} by {user}
72564,2026-01-15,09:21:02,INFO,OrderProcessor,Health check passed: OrderProcessor,E102,Health check passed: {service}
72565,2026-01-15,09:16:31,INFO,AuthService,User u4469 login successful,E101,User {user} login successful
72566,2026-01-15,09:03:57,INFO,AuthService,User u4442 login successful,E101,User {user} login successful
72567,2026-01-15,09:01:48,INFO,WebServer,Page view: /home by u3580,E103,Page view: {page} by {user}
72568,2026-01-15,09:14:17,INFO,PaymentGateway,Page view: /home by u2688,E103,Page view: {page} by {user}
72569,2026-01-15,09:25:58,INFO,WebServer,Transaction tx862422 completed in 1241ms,E104,Transaction {tx} completed in {time}ms
72570,2026-01-15,09:43:26,INFO,OrderProcessor,User u3296 login successful,E101,User {user} login successful
72571,2026-01-15,09:10:01,INFO,WebServer,Health check passed: WebServer,E102,Health check passed: {service}
72572,2026-01-15,09:18:06,INFO,OrderProcessor,Page view: /home by u4879,E103,Page view: {page} by {user}
72573,2026-01-15,10:04:08,INFO,PaymentGateway,Health check passed: PaymentGateway,E102,Health check passed: {service}
72574,2026-01-15,10:40:28,INFO,AuthService,Health check passed: AuthService,E102,Health check passed: {service}
72575,2026-01-15,10:19:26,INFO,WebServer,Transaction tx322886 completed in 267ms,E104,Transaction {tx} completed in {time}ms
72576,2026-01-15,10:52:36,WARN,PaymentGateway,High latency (1787ms) detected on PaymentGateway,E201,High latency ({time}ms) detected on {service}
72577,2026-01-15,10:42:40,INFO,OrderProcessor,Transaction tx927358 completed in 219ms,E104,Transaction {tx} completed in {time}ms
72578,2026-01-15,10:09:52,INFO,WebServer,User u4586 login successful,E101,User {user} login successful
72579,2026-01-15,10:34:38,INFO,WebServer,User u4832 login successful,E101,User {user} login successful
72580,2026-01-15,10:52:12,INFO,AuthService,User u1647 login successful,E101,User {user} login successful
72581,2026-01-15,10:03:33,INFO,OrderProcessor,User u4518 login successful,E101,User {user} login successful
72582,2026-01-15,10:58:20,INFO,InventoryDB,User u3880 login successful,E101,User {user} login successful
72583,2026-01-15,10:29:22,INFO,AuthService,Transaction tx626993 completed in 1892ms,E104,Transaction {tx} completed in {time}ms
72584,2026-01-15,10:42:19,INFO,WebServer,Transaction tx178762 completed in 1348ms,E104,Transaction {tx} completed in {time}ms
72585,2026-01-15,10:39:30,INFO,WebServer,User u1431 login successful,E101,User {user} login successful
72586,2026-01-15,10:04:20,INFO,WebServer,Health check passed: WebServer,E102,Health check passed: {service}
72587,2026-01-15,10:37:39,INFO,OrderProcessor,Transaction tx128879 completed in 1353ms,E104,Transaction {tx} completed in {time}ms
72588,2026-01-15,10:35:42,INFO,WebServer,User u2295 login successful,E101,User {user} login successful
72589,2026-01-15,10:39:42,CRITICAL,AuthService,KERNEL PANIC: Node node-4 crashed,E601,KERNEL PANIC: Node {node} crashed
72590,2026-01-15,10:59:03,INFO,WebServer,Health check passed: WebServer,E102,Health check passed: {service}
72591,2026-01-15,10:52:03,INFO,WebServer,Transaction tx525378 completed in 1966ms,E104,Transaction {tx} completed in {time}ms
72592,2026-01-15,10:00:08,INFO,AuthService,Page view: /home by u1136,E103,Page view: {page} by {user}
72593,2026-01-15,10:55:25,INFO,WebServer,Health check passed: WebServer,E102,Health check passed: {service}
72594,2026-01-15,10:47:25,INFO,WebServer,User u1627 login successful,E101,User {user} login successful
72595,2026-01-15,10:24:10,INFO,WebServer,User u1598 login successful,E101,User {user} login successful
72596,2026-01-15,10:59:44,INFO,WebServer,Page view: /home by u2654,E103,Page view: {page} by {user}
72597,2026-01-15,10:05:12,INFO,WebServer,Transaction tx167457 completed in 1251ms,E104,Transaction {tx} completed in {time}ms
72598,2026-01-15,10:05:52,INFO,OrderProcessor,User u1652 login successful,E101,User {user} login successful
72599,2026-01-15,10:08:01,INFO,AuthService,Transaction tx998274 completed in 1460ms,E104,Transaction {tx} completed in {time}ms
72600,2026-01-15,10:41:26,INFO,WebServer,Health check passed: WebServer,E102,Health check passed: {service}
72601,2026-01-15,10:42:23,INFO,AuthService,User u1382 login successful,E101,User {user} login successful
72602,2026-01-15,10:13:46,INFO,OrderProcessor,Transaction tx280092 completed in 442ms,E104,Transaction {tx} completed in {time}ms
72603,2026-01-15,10:46:09,INFO,WebServer,Page view: /home by u2581,E103,Page view: {page} by {user}
72604,2026-01-15,10:48:25,INFO,WebServer,Health check passed: WebServer,E102,Health check passed: {service}
72605,2026-01-15,10:16:26,INFO,WebServer,Page view: /home by u1756,E103,Page view: {page} by {user}
72606,2026-01-15,10:28:22,INFO,WebServer,Page view: /home by u1699,E103,Page view: {page} by {user}
72607,2026-01-15,10:17:13,INFO,WebServer,Health check passed: WebServer,E102,Health check passed: {service}
72608,2026-01-15,10:31:52,INFO,PaymentGateway,Health check passed: PaymentGateway,E102,Health check passed: {service}
72609,2026-01-15,10:48:54,INFO,OrderProcessor,Health check passed: OrderProcessor,E102,Health check passed: {service}
72610,2026-01-15,10:38:17,INFO,PaymentGateway,User u3052 login successful,E101,User {user} login successful
72611,2026-01-15,10:21:58,INFO,WebServer,Health check passed: WebServer,E102,Health check passed: {service}
72612,2026-01-15,10:39:14,INFO,WebServer,User u3917 login successful,E101,User {user} login successful
72613,2026-01-15,10:58:01,WARN,WebServer,Unauthorized access attempt from 10.0.0.45,E401,Unauthorized access attempt from {ip}
72614,2026-01-15,10:49:18,INFO,AuthService,Page view: /home by u3506,E103,Page view: {page} by {user}
72615,2026-01-15,10:00:57,INFO,WebServer,Page view: /home by u2087,E103,Page view: {page} by {user}
72616,2026-01-15,10:29:24,INFO,AuthService,Health check passed: AuthService,E102,Health check passed: {service}
72617,2026-01-15,10:49:51,INFO,InventoryDB,Transaction tx597055 completed in 1961ms,E104,Transaction {tx} completed in {time}ms
72618,2026-01-15,10:40:27,INFO,AuthService,Health check passed: AuthService,E102,Health check passed: {service}
72619,2026-01-15,10:12:39,INFO,WebServer,Transaction tx289728 completed in 826ms,E104,Transaction {tx} completed in {time}ms
72620,2026-01-15,10:37:44,INFO,AuthService,Transaction tx808036 completed in 975ms,E104,Transaction {tx} completed in {time}ms
72621,2026-01-15,10:24:12,INFO,InventoryDB,User u3406 login successful,E101,User {user} login successful
72622,2026-01-15,10:37:46,INFO,InventoryDB,User u3621 login successful,E101,User {user} login successful
72623,2026-01-15,10:47:02,INFO,WebServer,User u2215 login successful,E101,User {user} login successful
72624,2026-01-15,10:02:30,INFO,AuthService,Health check passed: AuthService,E102,Health check passed: {service}
72625,2026-01-15,10:09:18,INFO,WebServer,Health check passed: WebServer,E102,Health check passed: {service}
72626,2026-01-15,10:05:49,ERROR,WebServer,Timeout waiting for lock on InventoryDB,E502,Timeout waiting for lock on {db}
72627,2026-01-15,10:46:23,INFO,WebServer,Health check passed: WebServer,E102,Health check passed: {service}
72628,2026-01-15,10:15:09,INFO,WebServer,Health check passed: WebServer,E102,Health check passed: {service}
72629,2026-01-15,10:33:56,INFO,OrderProcessor,Health check passed: OrderProcessor,E102,Health check passed: {service}
72630,2026-01-15,10:06:23,INFO,AuthService,Transaction tx985448 completed in 1804ms,E104,Transaction {tx} completed in {time}ms
72631,2026-01-15,10:37:18,INFO,WebServer,User u2591 login successful,E101,User {user} login successful
72632,2026-01-15,10:16:15,WARN,WebServer,High latency (1100ms) detected on WebServer,E201,High latency ({time}ms) detected on {service}
72633,2026-01-15,10:18:07,INFO,WebServer,User u2651 login successful,E101,User {user} login successful
72634,2026-01-15,10:52:09,WARN,InventoryDB,Disk usage > 85% on node node-3,E202,Disk usage > 85% on node {node}
72635,2026-01-15,10:18:08,INFO,WebServer,User u3392 login successful,E101,User {user} login successful
72636,2026-01-15,10:28:30,INFO,InventoryDB,Page view: /home by u3666,E103,Page view: {page} by {user}
72637,2026-01-15,10:58:14,INFO,WebServer,User u2699 login successful,E101,User {user} login successful
72638,2026-01-15,10:43:51,ERROR,WebServer,Payment declined: Gateway unavailable,E503,Payment declined: Gateway unavailable
72639,2026-01-15,10:09:55,INFO,WebServer,Transaction tx589908 completed in 1398ms,E104,Transaction {tx} completed in {time}ms
72640,2026-01-15,10:05:36,INFO,PaymentGateway,Transaction tx187269 completed in 1584ms,E104,Transaction {tx} completed in {time}ms
72641,2026-01-15,10:49:55,INFO,WebServer,Health check passed: WebServer,E102,Health check passed: {service}
72642,2026-01-15,10:24:14,INFO,WebServer,Page view: /home by u3487,E103,Page view: {page} by {user}
72643,2026-01-15,10:26:07,INFO,OrderProcessor,Page view: /home by u2149,E103,Page view: {page} by {user}
72644,2026-01-15,10:22:02,INFO,WebServer,Transaction tx770334 completed in 590ms,E104,Transaction {tx} completed in {time}ms
72645,2026-01-15,10:40:17,INFO,InventoryDB,User u3254 login successful,E101,User {user} login successful
72646,2026-01-15,10:13:00,INFO,InventoryDB,Health check passed: InventoryDB,E102,Health check passed: {service}
72647,2026-01-15,10:23:11,WARN,PaymentGateway,Disk usage > 85% on node node-4,E202,Disk usage > 85% on node {node}
72648,2026-01-15,10:26:33,INFO,WebServer,Page view: /home by u1951,E103,Page view: {page} by {user}
72649,2026-01-15,10:59:58,INFO,WebServer,User u2610 login successful,E101,User {user} login successful
72650,2026-01-15,10:33:57,INFO,WebServer,Page view: /home by u4972,E103,Page view: {page} by {user}
72651,2026-01-15,10:58:48,INFO,PaymentGateway,Transaction tx874045 completed in 1587ms,E104,Transaction {tx} completed in {time}ms
72652,2026-01-15,10:17:02,INFO,WebServer,Page view: /home by u2859,E103,Page view: {page} by {user}
72653,2026-01-15,10:04:14,INFO,WebServer,Health check passed: WebServer,E102,Health check passed: {service}
72654,2026-01-15,10:39:54,INFO,AuthService,Transaction tx871003 completed in 836ms,E104,Transaction {tx} completed in {time}ms
72655,2026-01-15,10:47:11,INFO,WebServer,Transaction tx451042 completed in 1233ms,E104,Transaction {tx} completed in {time}ms
72656,2026-01-15,10:48:52,ERROR,PaymentGateway,Connection refused to PaymentGateway at 10.0.0.45,E501,Connection refused to {service} at {ip}
72657,2026-01-15,10:01:28,INFO,WebServer,Transaction tx258856 completed in 64ms,E104,Transaction {tx} completed in {time}ms
72658,2026-01-15,10:42:40,ERROR,WebServer,Payment declined: Gateway unavailable,E503,Payment declined: Gateway unavailable
72659,2026-01-15,10:35:35,INFO,AuthService,Page view: /home by u1715,E103,Page view: {page} by {user}
72660,2026-01-15,10:21:48,INFO,InventoryDB,User u2273 login successful,E101,User {user} login successful
72661,2026-01-15,10:56:54,WARN,OrderProcessor,High latency (372ms) detected on OrderProcessor,E201,High latency ({time}ms) detected on {service}
72662,2026-01-15,10:50:16,INFO,AuthService,User u1978 login successful,E101,User {user} login successful
72663,2026-01-15,10:19:33,INFO,WebServer,Page view: /home by u1472,E103,Page view: {page} by {user}
72664,2026-01-15,10:51:05,INFO,OrderProcessor,Page view: /home by u4869,E103,Page view: {page} by {user}
72665,2026-01-15,10:25:21,INFO,WebServer,Transaction tx724560 completed in 1212ms,E104,Transaction {tx} completed in {time}ms
72666,2026-01-15,10:58:58,INFO,WebServer,Health check passed: WebServer,E102,Health check passed: {service}
72667,2026-01-15,10:42:39,INFO,WebServer,User u4427 login successful,E101,User {user} login successful
72668,2026-01-15,10:27:46,INFO,WebServer,Page view: /home by u4125,E103,Page view: {page} by {user}
72669,2026-01-15,10:11:45,ERROR,AuthService,Payment declined: Gateway unavailable,E503,Payment declined: Gateway unavailable
72670,2026-01-15,10:57:31,INFO,WebServer,Page view: /home by u3473,E103,Page view: {page} by {user}
72671,2026-01-15,10:17:34,INFO,WebServer,User u4217 login successful,E101,User {user} login successful
72672,2026-01-15,10:54:10,INFO,WebServer,Transaction tx455013 completed in 278ms,E104,Transaction {tx} completed in {time}ms
72673,2026-01-15,10:47:23,INFO,WebServer,User u1555 login successful,E101,User {user} login successful
72674,2026-01-15,10:52:21,INFO,WebServer,Transaction tx987462 completed in 977ms,E104,Transaction {tx} completed in {time}ms
72675,2026-01-15,10:49:57,INFO,PaymentGateway,User u1068 login successful,E101,User {user} login successful
72676,2026-01-15,10:59:31,INFO,OrderProcessor,User u1086 login successful,E101,User {user} login successful
72677,2026-01-15,10:00:57,INFO,OrderProcessor,Health check passed: OrderProcessor,E102,Health check passed: {service}
72678,2026-01-15,10:11:54,INFO,WebServer,Health check passed: WebServer,E102,Health check passed: {service}
72679,2026-01-15,10:44:28,INFO,OrderProcessor,Transaction tx479900 completed in 193ms,E104,Transaction {tx} completed in {time}ms
72680,2026-01-15,10:04:12,INFO,WebServer,Page view: /home by u4685,E103,Page view: {page} by {user}
72681,2026-01-15,10:07:24,INFO,PaymentGateway,User u3769 login successful,E101,User {user} login successful
72682,2026-01-15,10:53:47,INFO,WebServer,Page view: /home by u2137,E103,Page view: {page} by {user}
72683,2026-01-15,10:53:39,INFO,AuthService,Transaction tx244230 completed in 561ms,E104,Transaction {tx} completed in {time}ms
72684,2026-01-15,10:07:14,INFO,AuthService,Page view: /home by u3413,E103,Page view: {page} by {user}
72685,2026-01-15,10:48:38,INFO,PaymentGateway,Transaction tx373717 completed in 735ms,E104,Transaction {tx} completed in {time}ms
72686,2026-01-15,10:06:22,INFO,AuthService,Transaction tx474541 completed in 646ms,E104,Transaction {tx} completed in {time}ms
72687,2026-01-15,10:32:47,INFO,WebServer,Health check passed: WebServer,E102,Health check passed: {service}
72688,2026-01-15,10:29:50,INFO,WebServer,User u1519 login successful,E101,User {user} login successful
72689,2026-01-15,10:35:31,INFO,WebServer,User u4418 login successful,E101,User {user} login successful
72690,2026-01-15,10:42:31,INFO,AuthService,Page view: /home by u1098,E103,Page view: {page} by {user}
72691,2026-01-15,10:05:14,INFO,AuthService,Transaction tx884049 completed in 737ms,E104,Transaction {tx} completed in {time}ms
72692,2026-01-15,10:57:36,INFO,AuthService,Page view: /home by u3468,E103,Page view: {page} by {user}
72693,2026-01-15,10:47:46,INFO,WebServer,Health check passed: WebServer,E102,Health check passed: {service}
72694,2026-01-15,10:37:55,INFO,PaymentGateway,User u4764 login successful,E101,User {user} login successful
72695,2026-01-15,10:40:02,INFO,AuthService,Page view: /home by u3926,E103,Page view: {page} by {user}
72696,2026-01-15,10:53:13,INFO,WebServer,Transaction tx597725 completed in 1136ms,E104,Transaction {tx} completed in {time}ms
72697,2026-01-15,10:39:47,INFO,WebServer,Transaction tx149582 completed in 517ms,E104,Transaction {tx} completed in {time}ms
72698,2026-01-15,10:21:07,INFO,WebServer,Health check passed: WebServer,E102,Health check passed: {service}
72699,2026-01-15,10:51:04,INFO,PaymentGateway,User u1423 login successful,E101,User {user} login successful
72700,2026-01-15,10:46:47,INFO,WebServer,Transaction tx813559 completed in 235ms,E104,Transaction {tx} completed in {time}ms
72701,2026-01-15,10:06:40,INFO,AuthService,Transaction tx263177 completed in 1780ms,E104,Transaction {tx} completed in {time}ms
72702,2026-01-15,10:17:42,INFO,PaymentGateway,User u2451 login successful,E101,User {user} login successful
72703,2026-01-15,10:48:06,INFO,PaymentGateway,Transaction tx935502 completed in 1394ms,E104,Transaction {tx} completed in {time}ms
72704,2026-01-15,10:14:24,INFO,InventoryDB,Health check passed: InventoryDB,E102,Health check passed: {service}
72705,2026-01-15,10:14:49,INFO,WebServer,Page view: /home by u4929,E103,Page view: {page} by {user}
72706,2026-01-15,10:00:52,INFO,OrderProcessor,Transaction tx941213 completed in 398ms,E104,Transaction {tx} completed in {time}ms
72707,2026-01-15,10:59:42,INFO,WebServer,Transaction tx674621 completed in 1259ms,E104,Transaction {tx} completed in {time}ms
72708,2026-01-15,10:19:46,INFO,WebServer,Transaction tx185640 completed in 1250ms,E104,Transaction {tx} completed in {time}ms
72709,2026-01-15,10:57:51,INFO,WebServer,Health check passed: WebServer,E102,Health check passed: {service}
72710,2026-01-15,10:59:13,INFO,OrderProcessor,Page view: /home by u1053,E103,Page view: {page} by {user}
72711,2026-01-15,10:14:47,INFO,WebServer,Transaction tx826855 completed in 977ms,E104,Transaction {tx} completed in {time}ms
72712,2026-01-15,10:31:28,INFO,WebServer,Health check passed: WebServer,E102,Health check passed: {service}
72713,2026-01-15,10:58:33,INFO,OrderProcessor,User u4004 login successful,E101,User {user} login successful
72714,2026-01-15,10:28:17,INFO,OrderProcessor,Page view: /home by u1972,E103,Page view: {page} by {user}
72715,2026-01-15,10:59:28,INFO,InventoryDB,Health check passed: InventoryDB,E102,Health check passed: {service}
72716,2026-01-15,10:30:45,INFO,AuthService,Page view: /home by u3185,E103,Page view: {page} by {user}
72717,2026-01-15,10:30:17,INFO,WebServer,Health check passed: WebServer,E102,Health check passed: {service}
72718,2026-01-15,10:25:38,INFO,OrderProcessor,Health check passed: OrderProcessor,E102,Health check passed: {service}
72719,2026-01-15,10:15:42,INFO,OrderProcessor,Page view: /home by u1701,E103,Page view: {page} by {user}
72720,2026-01-15,10:48:31,INFO,WebServer,Health check passed: WebServer,E102,Health check passed: {service}
72721,2026-01-15,10:09:02,INFO,PaymentGateway,Health check passed: PaymentGateway,E102,Health check passed: {service}
72722,2026-01-15,10:07:51,INFO,PaymentGateway,Page view: /home by u3670,E103,Page view: {page} by {user}
72723,2026-01-15,10:53:18,INFO,WebServer,Transaction tx730124 completed in 1239ms,E104,Transaction {tx} completed in {time}ms
72724,2026-01-15,10:13:51,INFO,WebServer,Health check passed: WebServer,E102,Health check passed: {service}
72725,2026-01-15,10:29:39,INFO,WebServer,Page view: /home by u1648,E103,Page view: {page} by {user}
72726,2026-01-15,10:06:48,INFO,PaymentGateway,User u4023 login successful,E101,User {user} login successful
72727,2026-01-15,10:21:28,INFO,AuthService,Transaction tx875019 completed in 456ms,E104,Transaction {tx} completed in {time}ms
72728,2026-01-15,10:45:57,INFO,OrderProcessor,Health check passed: OrderProcessor,E102,Health check passed: {service}
72729,2026-01-15,10:55:46,INFO,WebServer,Page view: /home by u1556,E103,Page view: {page} by {user}
72730,2026-01-15,10:20:29,INFO,WebServer,Transaction tx133191 completed in 1683ms,E104,Transaction {tx} completed in {time}ms
72731,2026-01-15,10:41:42,INFO,OrderProcessor,User u4737 login successful,E101,User {user} login successful
72732,2026-01-15,10:30:39,INFO,WebServer,Health check passed: WebServer,E102,Health check passed: {service}
72733,2026-01-15,10:53:23,INFO,WebServer,Transaction tx900591 completed in 1109ms,E104,Transaction {tx} completed in {time}ms
72734,2026-01-15,10:03:04,INFO,WebServer,Health check passed: WebServer,E102,Health check passed: {service}
72735,2026-01-15,10:20:54,INFO,OrderProcessor,Transaction tx237599 completed in 728ms,E104,Transaction {tx} completed in {time}ms
72736,2026-01-15,10:40:25,INFO,WebServer,Page view: /home by u3594,E103,Page view: {page} by {user}
72737,2026-01-15,10:14:11,INFO,WebServer,Page view: /home by u4817,E103,Page view: {page} by {user}
72738,2026-01-15,10:58:54,INFO,WebServer,User u4894 login successful,E101,User {user} login successful
72739,2026-01-15,10:22:17,INFO,InventoryDB,Transaction tx795138 completed in 586ms,E104,Transaction {tx} completed in {time}ms
72740,2026-01-15,10:42:28,INFO,AuthService,Page view: /home by u1732,E103,Page view: {page} by {user}
72741,2026-01-15,10:20:54,INFO,WebServer,Page view: /home by u2782,E103,Page view: {page} by {user}
72742,2026-01-15,10:41:57,INFO,WebServer,User u1076 login successful,E101,User {user} login successful
72743,2026-01-15,10:40:47,INFO,OrderProcessor,User u2515 login successful,E101,User {user} login successful
72744,2026-01-15,10:48:37,INFO,WebServer,Transaction tx362806 completed in 1030ms,E104,Transaction {tx} completed in {time}ms
72745,2026-01-15,10:05:03,INFO,WebServer,Page view: /home by u1853,E103,Page view: {page} by {user}
72746,2026-01-15,10:50:29,INFO,WebServer,User u3680 login successful,E101,User {user} login successful
72747,2026-01-15,10:37:59,INFO,AuthService,Page view: /home by u3636,E103,Page view: {page} by {user}
72748,2026-01-15,10:59:02,WARN,InventoryDB,Unauthorized access attempt from 10.0.0.45,E401,Unauthorized access attempt from {ip}
72749,2026-01-15,10:34:24,INFO,AuthService,User u4258 login successful,E101,User {user} login successful
72750,2026-01-15,10:00:05,INFO,PaymentGateway,Page view: /home by u3563,E103,Page view: {page} by {user}
72751,2026-01-15,10:37:49,INFO,InventoryDB,Page view: /home by u4762,E103,Page view: {page} by {user}
72752,2026-01-15,10:23:27,INFO,WebServer,Page view: /home by u2571,E103,Page view: {page} by {user}
72753,2026-01-15,10:18:08,INFO,InventoryDB,Page view: /home by u3479,E103,Page view: {page} by {user}
72754,2026-01-15,10:44:18,INFO,WebServer,Transaction tx683978 completed in 1265ms,E104,Transaction {tx} completed in {time}ms
72755,2026-01-15,10:27:14,INFO,AuthService,User u4547 login successful,E101,User {user} login successful
72756,2026-01-15,10:12:42,INFO,WebServer,Page view: /home by u1545,E103,Page view: {page} by {user}
72757,2026-01-15,10:34:26,INFO,AuthService,Page view: /home by u3010,E103,Page view: {page} by {user}
72758,2026-01-15,10:03:42,INFO,OrderProcessor,Transaction tx312296 completed in 427ms,E104,Transaction {tx} completed in {time}ms
72759,2026-01-15,10:21:24,INFO,OrderProcessor,User u4418 login successful,E101,User {user} login successful
72760,2026-01-15,10:11:15,INFO,OrderProcessor,User u3094 login successful,E101,User {user} login successful
72761,2026-01-15,10:30:05,INFO,WebServer,User u4511 login successful,E101,User {user} login successful
72762,2026-01-15,10:27:16,ERROR,PaymentGateway,Connection refused to PaymentGateway at 10.0.0.45,E501,Connection refused to {service} at {ip}
72763,2026-01-15,10:13:53,CRITICAL,WebServer,KERNEL PANIC: Node node-1 crashed,E601,KERNEL PANIC: Node {node} crashed
72764,2026-01-15,10:07:25,INFO,WebServer,Health check passed: WebServer,E102,Health check passed: {service}
72765,2026-01-15,10:09:35,INFO,OrderProcessor,User u4401 login successful,E101,User {user} login successful
72766,2026-01-15,10:37:11,INFO,InventoryDB,Health check passed: InventoryDB,E102,Health check passed: {service}
72767,2026-01-15,10:43:14,WARN,WebServer,Disk usage > 85% on node node-5,E202,Disk usage > 85% on node {node}
72768,2026-01-15,10:01:16,INFO,WebServer,User u2773 login successful,E101,User {user} login successful
72769,2026-01-15,10:39:28,INFO,WebServer,Health check passed: WebServer,E102,Health check passed: {service}
72770,2026-01-15,10:25:48,INFO,PaymentGateway,Transaction tx144889 completed in 1834ms,E104,Transaction {tx} completed in {time}ms
72771,2026-01-15,10:30:48,INFO,AuthService,Page view: /home by u2740,E103,Page view: {page} by {user}
72772,2026-01-15,10:07:40,INFO,WebServer,Health check passed: WebServer,E102,Health check passed: {service}
72773,2026-01-15,10:10:49,INFO,OrderProcessor,User u3444 login successful,E101,User {user} login successful
72774,2026-01-15,10:34:52,INFO,AuthService,User u4493 login successful,E101,User {user} login successful
72775,2026-01-15,10:15:28,INFO,WebServer,Page view: /home by u2642,E103,Page view: {page} by {user}
72776,2026-01-15,10:03:35,INFO,WebServer,Transaction tx143334 completed in 1396ms,E104,Transaction {tx} completed in {time}ms
72777,2026-01-15,10:01:03,INFO,InventoryDB,User u2032 login successful,E101,User {user} login successful
72778,2026-01-15,10:30:57,INFO,WebServer,Transaction tx987307 completed in 970ms,E104,Transaction {tx} completed in {time}ms
72779,2026-01-15,10:59:30,INFO,WebServer,User u3028 login successful,E101,User {user} login successful
72780,2026-01-15,10:33:00,INFO,AuthService,Page view: /home by u4589,E103,Page view: {page} by {user}
72781,2026-01-15,10:31:11,INFO,WebServer,Health check passed: WebServer,E102,Health check passed: {service}
72782,2026-01-15,10:24:57,INFO,WebServer,User u3607 login successful,E101,User {user} login successful
72783,2026-01-15,10:58:57,INFO,WebServer,Health check passed: WebServer,E102,Health check passed: {service}
72784,2026-01-15,10:45:30,INFO,WebServer,Page view: /home by u4568,E103,Page view: {page} by {user}
72785,2026-01-15,10:11:55,INFO,WebServer,Health check passed: WebServer,E102,Health check passed: {service}
72786,2026-01-15,10:06:03,INFO,WebServer,Health check passed: WebServer,E102,Health check passed: {service}
72787,2026-01-15,10:16:02,WARN,OrderProcessor,High latency (693ms) detected on OrderProcessor,E201,High latency ({time}ms) detected on {service}
72788,2026-01-15,10:26:25,INFO,WebServer,Transaction tx291832 completed in 1163ms,E104,Transaction {tx} completed in {time}ms
72789,2026-01-15,10:06:33,INFO,WebServer,User u4018 login successful,E101,User {user} login successful
72790,2026-01-15,10:51:57,INFO,InventoryDB,Transaction tx757155 completed in 1928ms,E104,Transaction {tx} completed in {time}ms
72791,2026-01-15,10:06:40,INFO,WebServer,Transaction tx607439 completed in 1472ms,E104,Transaction {tx} completed in {time}ms
72792,2026-01-15,10:47:06,INFO,WebServer,Page view: /home by u2326,E103,Page view: {page} by {user}
72793,2026-01-15,10:34:21,INFO,AuthService,Health check passed: AuthService,E102,Health check passed: {service}
72794,2026-01-15,10:50:52,INFO,AuthService,Page view: /home by u1818,E103,Page view: {page} by {user}
72795,2026-01-15,10:13:56,INFO,AuthService,Health check passed: AuthService,E102,Health check passed: {service}
72796,2026-01-15,10:19:00,INFO,WebServer,Page view: /home by u4675,E103,Page view: {page} by {user}
72797,2026-01-15,10:12:51,INFO,WebServer,Health check passed: WebServer,E102,Health check passed: {service}
72798,2026-01-15,10:15:05,INFO,WebServer,Transaction tx682912 completed in 1025ms,E104,Transaction {tx} completed in {time}ms
72799,2026-01-15,10:54:00,INFO,WebServer,User u2478 login successful,E101,User {user} login successful
72800,2026-01-15,10:31:44,INFO,AuthService,Transaction tx646957 completed in 1936ms,E104,Transaction {tx} completed in {time}ms
72801,2026-01-15,10:37:44,INFO,OrderProcessor,Health check passed: OrderProcessor,E102,Health check passed: {service}
72802,2026-01-15,10:34:15,INFO,WebServer,User u1443 login successful,E101,User {user} login successful
72803,2026-01-15,10:44:50,INFO,WebServer,User u3449 login successful,E101,User {user} login successful
72804,2026-01-15,10:19:35,INFO,WebServer,Transaction tx655195 completed in 967ms,E104,Transaction {tx} completed in {time}ms
72805,2026-01-15,10:22:06,INFO,AuthService,Health check passed: AuthService,E102,Health check passed: {service}
72806,2026-01-15,10:45:04,INFO,WebServer,Transaction tx371891 completed in 1884ms,E104,Transaction {tx} completed in {time}ms
72807,2026-01-15,10:37:17,INFO,WebServer,User u3060 login successful,E101,User {user} login successful
72808,2026-01-15,10:07:46,INFO,WebServer,Health check passed: WebServer,E102,Health check passed: {service}
72809,2026-01-15,10:46:39,INFO,WebServer,Health check passed: WebServer,E102,Health check passed: {service}
72810,2026-01-15,10:02:45,INFO,WebServer,Transaction tx309199 completed in 242ms,E104,Transaction {tx} completed in {time}ms
72811,2026-01-15,10:00:11,INFO,AuthService,Transaction tx618194 completed in 1703ms,E104,Transaction {tx} completed in {time}ms
72812,2026-01-15,10:42:27,CRITICAL,WebServer,KERNEL PANIC: Node node-5 crashed,E601,KERNEL PANIC: Node {node} crashed
72813,2026-01-15,10:12:59,INFO,AuthService,Health check passed: AuthService,E102,Health check passed: {service}
72814,2026-01-15,10:51:13,INFO,OrderProcessor,User u2349 login successful,E101,User {user} login successful
72815,2026-01-15,10:38:33,INFO,PaymentGateway,Transaction tx489123 completed in 1963ms,E104,Transaction {tx} completed in {time}ms
72816,2026-01-15,10:41:48,INFO,AuthService,Transaction tx365352 completed in 1405ms,E104,Transaction {tx} completed in {time}ms
72817,2026-01-15,10:54:17,INFO,WebServer,Page view: /home by u1026,E103,Page view: {page} by {user}
72818,2026-01-15,10:32:31,INFO,WebServer,User u3864 login successful,E101,User {user} login successful
72819,2026-01-15,10:02:35,INFO,PaymentGateway,Page view: /home by u3385,E103,Page view: {page} by {user}
72820,2026-01-15,10:47:54,INFO,OrderProcessor,Transaction tx835666 completed in 758ms,E104,Transaction {tx} completed in {time}ms
72821,2026-01-15,10:24:12,INFO,OrderProcessor,Transaction tx571480 completed in 576ms,E104,Transaction {tx} completed in {time}ms
72822,2026-01-15,10:08:48,INFO,WebServer,Transaction tx967109 completed in 1560ms,E104,Transaction {tx} completed in {time}ms
72823,2026-01-15,10:23:37,INFO,WebServer,Transaction tx319035 completed in 1217ms,E104,Transaction {tx} completed in {time}ms
72824,2026-01-15,10:42:09,INFO,PaymentGateway,User u3694 login successful,E101,User {user} login successful
72825,2026-01-15,10:08:28,INFO,WebServer,Health check passed: WebServer,E102,Health check passed: {service}
72826,2026-01-15,10:13:08,INFO,PaymentGateway,Page view: /home by u1045,E103,Page view: {page} by {user}
72827,2026-01-15,10:52:48,INFO,AuthService,User u3041 login successful,E101,User {user} login successful
72828,2026-01-15,10:47:05,INFO,AuthService,Health check passed: AuthService,E102,Health check passed: {service}
72829,2026-01-15,10:43:12,WARN,WebServer,Disk usage > 85% on node node-1,E202,Disk usage > 85% on node {node}
72830,2026-01-15,10:11:35,INFO,WebServer,Transaction tx336408 completed in 989ms,E104,Transaction {tx} completed in {time}ms
72831,2026-01-15,10:02:42,INFO,WebServer,Transaction tx490421 completed in 1310ms,E104,Transaction {tx} completed in {time}ms
72832,2026-01-15,10:45:59,INFO,WebServer,User u3915 login successful,E101,User {user} login successful
72833,2026-01-15,10:32:11,INFO,WebServer,User u4175 login successful,E101,User {user} login successful
72834,2026-01-15,10:08:41,INFO,PaymentGateway,Transaction tx820019 completed in 1554ms,E104,Transaction {tx} completed in {time}ms
72835,2026-01-15,10:21:25,INFO,WebServer,Page view: /home by u3506,E103,Page view: {page} by {user}
72836,2026-01-15,10:34:09,INFO,AuthService,Transaction tx807344 completed in 1977ms,E104,Transaction {tx} completed in {time}ms
72837,2026-01-15,10:10:25,INFO,OrderProcessor,Page view: /home by u4372,E103,Page view: {page} by {user}
72838,2026-01-15,10:39:20,INFO,PaymentGateway,Health check passed: PaymentGateway,E102,Health check passed: {service}
72839,2026-01-15,10:02:08,INFO,WebServer,Health check passed: WebServer,E102,Health check passed: {service}
72840,2026-01-15,10:57:21,INFO,InventoryDB,User u2222 login successful,E101,User {user} login successful
72841,2026-01-15,10:29:21,INFO,WebServer,User u3883 login successful,E101,User {user} login successful
72842,2026-01-15,10:22:18,INFO,WebServer,Health check passed: WebServer,E102,Health check passed: {service}
72843,2026-01-15,10:28:25,INFO,PaymentGateway,Transaction tx819949 completed in 175ms,E104,Transaction {tx} completed in {time}ms
72844,2026-01-15,10:54:09,INFO,WebServer,User u4116 login successful,E101,User {user} login successful
72845,2026-01-15,10:20:19,INFO,OrderProcessor,Health check passed: OrderProcessor,E102,Health check passed: {service}
72846,2026-01-15,10:11:21,INFO,WebServer,Page view: /home by u1818,E103,Page view: {page} by {user}
72847,2026-01-15,10:02:46,INFO,WebServer,Page view: /home by u3571,E103,Page view: {page} by {user}
72848,2026-01-15,10:56:37,INFO,WebServer,User u4223 login successful,E101,User {user} login successful
72849,2026-01-15,10:32:00,INFO,WebServer,Health check passed: WebServer,E102,Health check passed: {service}
72850,2026-01-15,10:08:36,INFO,AuthService,Page view: /home by u2040,E103,Page view: {page} by {user}
72851,2026-01-15,10:57:06,INFO,OrderProcessor,Health check passed: OrderProcessor,E102,Health check passed: {service}
72852,2026-01-15,10:48:05,INFO,InventoryDB,User u2993 login successful,E101,User {user} login successful
72853,2026-01-15,10:12:48,INFO,WebServer,Transaction tx466302 completed in 993ms,E104,Transaction {tx} completed in {time}ms
72854,2026-01-15,10:29:00,WARN,AuthService,Unauthorized access attempt from 10.0.0.45,E401,Unauthorized access attempt from {ip}
72855,2026-01-15,10:46:32,INFO,OrderProcessor,Health check passed: OrderProcessor,E102,Health check passed: {service}
72856,2026-01-15,10:31:14,INFO,PaymentGateway,Transaction tx698116 completed in 710ms,E104,Transaction {tx} completed in {time}ms
72857,2026-01-15,10:13:36,INFO,PaymentGateway,Transaction tx270674 completed in 996ms,E104,Transaction {tx} completed in {time}ms
72858,2026-01-15,10:21:53,INFO,WebServer,Health check passed: WebServer,E102,Health check passed: {service}
72859,2026-01-15,10:44:38,INFO,OrderProcessor,Transaction tx440368 completed in 278ms,E104,Transaction {tx} completed in {time}ms
72860,2026-01-15,10:50:42,INFO,WebServer,User u4227 login successful,E101,User {user} login successful
72861,2026-01-15,10:06:24,INFO,AuthService,Transaction tx382251 completed in 1320ms,E104,Transaction {tx} completed in {time}ms
72862,2026-01-15,10:10:45,INFO,AuthService,Transaction tx116475 completed in 132ms,E104,Transaction {tx} completed in {time}ms
72863,2026-01-15,10:07:14,INFO,WebServer,Page view: /home by u3594,E103,Page view: {page} by {user}
72864,2026-01-15,10:03:33,INFO,WebServer,User u4062 login successful,E101,User {user} login successful
72865,2026-01-15,10:54:54,INFO,InventoryDB,Transaction tx646409 completed in 442ms,E104,Transaction {tx} completed in {time}ms
72866,2026-01-15,10:47:39,WARN,OrderProcessor,Disk usage > 85% on node node-2,E202,Disk usage > 85% on node {node}
72867,2026-01-15,10:41:07,INFO,PaymentGateway,Page view: /home by u3392,E103,Page view: {page} by {user}
72868,2026-01-15,10:10:07,INFO,OrderProcessor,Health check passed: OrderProcessor,E102,Health check passed: {service}
72869,2026-01-15,10:54:31,INFO,WebServer,User u3553 login successful,E101,User {user} login successful
72870,2026-01-15,10:30:27,INFO,WebServer,Health check passed: WebServer,E102,Health check passed: {service}
72871,2026-01-15,10:37:02,INFO,WebServer,Transaction tx342415 completed in 49ms,E104,Transaction {tx} completed in {time}ms
72872,2026-01-15,10:28:03,INFO,WebServer,Page view: /home by u2679,E103,Page view: {page} by {user}
72873,2026-01-15,10:58:35,INFO,AuthService,Health check passed: AuthService,E102,Health check passed: {service}
72874,2026-01-15,10:50:46,WARN,WebServer,High latency (1933ms) detected on WebServer,E201,High latency ({time}ms) detected on {service}
72875,2026-01-15,10:57:48,INFO,OrderProcessor,Page view: /home by u4701,E103,Page view: {page} by {user}
72876,2026-01-15,10:04:17,INFO,WebServer,User u1335 login successful,E101,User {user} login successful
72877,2026-01-15,10:30:17,INFO,OrderProcessor,Health check passed: OrderProcessor,E102,Health check passed: {service}
72878,2026-01-15,10:10:26,WARN,PaymentGateway,Disk usage > 85% on node node-3,E202,Disk usage > 85% on node {node}
72879,2026-01-15,10:49:58,INFO,WebServer,User u2891 login successful,E101,User {user} login successful
72880,2026-01-15,10:23:35,INFO,WebServer,User u4907 login successful,E101,User {user} login successful
72881,2026-01-15,10:35:56,INFO,PaymentGateway,Transaction tx456978 completed in 649ms,E104,Transaction {tx} completed in {time}ms
72882,2026-01-15,10:52:51,INFO,AuthService,Health check passed: AuthService,E102,Health check passed: {service}
72883,2026-01-15,10:50:05,INFO,WebServer,Health check passed: WebServer,E102,Health check passed: {service}
72884,2026-01-15,10:21:36,INFO,WebServer,User u3043 login successful,E101,User {user} login successful
72885,2026-01-15,10:37:52,INFO,WebServer,Transaction tx612004 completed in 1913ms,E104,Transaction {tx} completed in {time}ms
72886,2026-01-15,10:30:27,INFO,AuthService,Transaction tx681174 completed in 834ms,E104,Transaction {tx} completed in {time}ms
72887,2026-01-15,10:46:25,INFO,WebServer,User u2236 login successful,E101,User {user} login successful
72888,2026-01-15,10:57:39,INFO,WebServer,Health check passed: WebServer,E102,Health check passed: {service}
72889,2026-01-15,10:39:24,INFO,WebServer,Page view: /home by u2791,E103,Page view: {page} by {user}
72890,2026-01-15,10:40:42,INFO,WebServer,Page view: /home by u2392,E103,Page view: {page} by {user}
72891,2026-01-15,10:07:08,INFO,WebServer,Health check passed: WebServer,E102,Health check passed: {service}
72892,2026-01-15,10:18:32,INFO,AuthService,Transaction tx274878 completed in 707ms,E104,Transaction {tx} completed in {time}ms
72893,2026-01-15,10:48:57,INFO,PaymentGateway,User u3605 login successful,E101,User {user} login successful
72894,2026-01-15,10:05:42,INFO,WebServer,User u2546 login successful,E101,User {user} login successful
72895,2026-01-15,10:35:47,INFO,WebServer,User u1301 login successful,E101,User {user} login successful
72896,2026-01-15,10:45:23,INFO,PaymentGateway,User u1702 login successful,E101,User {user} login successful
72897,2026-01-15,10:00:35,INFO,WebServer,User u1948 login successful,E101,User {user} login successful
72898,2026-01-15,10:47:31,INFO,OrderProcessor,Page view: /home by u1197,E103,Page view: {page} by {user}
72899,2026-01-15,10:45:02,INFO,WebServer,User u4127 login successful,E101,User {user} login successful
72900,2026-01-15,10:45:52,WARN,WebServer,High latency (443ms) detected on WebServer,E201,High latency ({time}ms) detected on {service}
72901,2026-01-15,10:49:25,INFO,AuthService,User u1783 login successful,E101,User {user} login successful
72902,2026-01-15,10:29:49,INFO,AuthService,Transaction tx417968 completed in 695ms,E104,Transaction {tx} completed in {time}ms
72903,2026-01-15,10:53:18,INFO,OrderProcessor,Page view: /home by u3026,E103,Page view: {page} by {user}
72904,2026-01-15,10:33:28,INFO,WebServer,Transaction tx900033 completed in 1309ms,E104,Transaction {tx} completed in {time}ms
72905,2026-01-15,10:12:39,INFO,PaymentGateway,Health check passed: PaymentGateway,E102,Health check passed: {service}
72906,2026-01-15,10:53:48,WARN,WebServer,High latency (851ms) detected on WebServer,E201,High latency ({time}ms) detected on {service}
72907,2026-01-15,10:04:50,INFO,OrderProcessor,Page view: /home by u2246,E103,Page view: {page} by {user}
72908,2026-01-15,10:48:37,INFO,AuthService,Page view: /home by u4931,E103,Page view: {page} by {user}
72909,2026-01-15,10:48:28,INFO,WebServer,Transaction tx584618 completed in 1541ms,E104,Transaction {tx} completed in {time}ms
72910,2026-01-15,10:28:55,WARN,WebServer,Unauthorized access attempt from 10.0.0.10,E401,Unauthorized access attempt from {ip}
72911,2026-01-15,10:21:36,INFO,AuthService,User u1724 login successful,E101,User {user} login successful
72912,2026-01-15,10:38:27,INFO,WebServer,Page view: /home by u1909,E103,Page view: {page} by {user}
72913,2026-01-15,10:18:42,INFO,PaymentGateway,Transaction tx238417 completed in 1748ms,E104,Transaction {tx} completed in {time}ms
72914,2026-01-15,10:00:09,INFO,WebServer,User u3983 login successful,E101,User {user} login successful
72915,2026-01-15,10:30:51,INFO,WebServer,Page view: /home by u2017,E103,Page view: {page} by {user}
72916,2026-01-15,10:45:14,INFO,WebServer,User u1026 login successful,E101,User {user} login successful
72917,2026-01-15,10:29:54,INFO,PaymentGateway,Health check passed: PaymentGateway,E102,Health check passed: {service}
72918,2026-01-15,10:30:05,INFO,AuthService,Transaction tx573729 completed in 485ms,E104,Transaction {tx} completed in {time}ms
72919,2026-01-15,10:49:03,INFO,PaymentGateway,Transaction tx622684 completed in 495ms,E104,Transaction {tx} completed in {time}ms
72920,2026-01-15,10:18:50,INFO,WebServer,Page view: /home by u4205,E103,Page view: {page} by {user}
72921,2026-01-15,10:34:24,INFO,WebServer,User u3525 login successful,E101,User {user} login successful
72922,2026-01-15,10:13:17,INFO,WebServer,Page view: /home by u1420,E103,Page view: {page} by {user}
72923,2026-01-15,10:40:31,INFO,OrderProcessor,User u1569 login successful,E101,User {user} login successful
72924,2026-01-15,10:15:25,INFO,PaymentGateway,User u1096 login successful,E101,User {user} login successful
72925,2026-01-15,10:38:40,INFO,AuthService,Transaction tx476728 completed in 68ms,E104,Transaction {tx} completed in {time}ms
72926,2026-01-15,10:07:59,INFO,WebServer,User u1491 login successful,E101,User {user} login successful
72927,2026-01-15,10:13:15,INFO,WebServer,Transaction tx683502 completed in 1214ms,E104,Transaction {tx} completed in {time}ms
72928,2026-01-15,10:29:07,INFO,AuthService,Transaction tx518205 completed in 1447ms,E104,Transaction {tx} completed in {time}ms
72929,2026-01-15,10:10:39,WARN,WebServer,Disk usage > 85% on node node-5,E202,Disk usage > 85% on node {node}
72930,2026-01-15,10:29:40,INFO,WebServer,User u3329 login successful,E101,User {user} login successful
72931,2026-01-15,10:44:00,INFO,PaymentGateway,Health check passed: PaymentGateway,E102,Health check passed: {service}
72932,2026-01-15,10:49:13,INFO,WebServer,User u4773 login successful,E101,User {user} login successful
72933,2026-01-15,10:11:16,INFO,OrderProcessor,Transaction tx331786 completed in 305ms,E104,Transaction {tx} completed in {time}ms
72934,2026-01-15,10:03:43,INFO,OrderProcessor,Page view: /home by u4502,E103,Page view: {page} by {user}
72935,2026-01-15,10:34:07,INFO,WebServer,Page view: /home by u3301,E103,Page view: {page} by {user}
72936,2026-01-15,10:12:50,INFO,OrderProcessor,Transaction tx740729 completed in 371ms,E104,Transaction {tx} completed in {time}ms
72937,2026-01-15,10:54:13,INFO,WebServer,Page view: /home by u3864,E103,Page view: {page} by {user}
72938,2026-01-15,10:30:30,INFO,WebServer,Transaction tx841321 completed in 1323ms,E104,Transaction {tx} completed in {time}ms
72939,2026-01-15,10:19:03,INFO,WebServer,Page view: /home by u3596,E103,Page view: {page} by {user}
72940,2026-01-15,10:07:03,INFO,WebServer,Page view: /home by u1345,E103,Page view: {page} by {user}
72941,2026-01-15,10:37:27,INFO,WebServer,User u3078 login successful,E101,User {user} login successful
72942,2026-01-15,10:07:57,INFO,AuthService,User u1746 login successful,E101,User {user} login successful
72943,2026-01-15,10:51:46,INFO,WebServer,User u2362 login successful,E101,User {user} login successful
72944,2026-01-15,10:39:54,INFO,PaymentGateway,Transaction tx859319 completed in 1143ms,E104,Transaction {tx} completed in {time}ms
72945,2026-01-15,10:39:55,INFO,AuthService,User u2669 login successful,E101,User {user} login successful
72946,2026-01-15,10:55:06,INFO,AuthService,Transaction tx390121 completed in 1527ms,E104,Transaction {tx} completed in {time}ms
72947,2026-01-15,10:55:06,INFO,AuthService,User u2229 login successful,E101,User {user} login successful
72948,2026-01-15,10:56:13,INFO,AuthService,Page view: /home by u3993,E103,Page view: {page} by {user}
72949,2026-01-15,10:06:12,INFO,WebServer,User u4931 login successful,E101,User {user} login successful
72950,2026-01-15,10:36:25,INFO,WebServer,Transaction tx676607 completed in 1098ms,E104,Transaction {tx} completed in {time}ms
72951,2026-01-15,10:17:40,INFO,WebServer,Page view: /home by u3928,E103,Page view: {page} by {user}
72952,2026-01-15,10:33:18,INFO,WebServer,Health check passed: WebServer,E102,Health check passed: {service}
72953,2026-01-15,10:07:51,INFO,OrderProcessor,Transaction tx850786 completed in 433ms,E104,Transaction {tx} completed in {time}ms
72954,2026-01-15,10:27:02,WARN,InventoryDB,Unauthorized access attempt from 10.0.0.45,E401,Unauthorized access attempt from {ip}
72955,2026-01-15,10:16:34,INFO,WebServer,User u2937 login successful,E101,User {user} login successful
72956,2026-01-15,10:51:22,INFO,WebServer,Transaction tx976599 completed in 774ms,E104,Transaction {tx} completed in {time}ms
72957,2026-01-15,10:02:55,INFO,WebServer,Page view: /home by u3188,E103,Page view: {page} by {user}
72958,2026-01-15,10:07:48,INFO,AuthService,Transaction tx985342 completed in 1901ms,E104,Transaction {tx} completed in {time}ms
72959,2026-01-15,10:28:43,INFO,WebServer,Page view: /home by u3649,E103,Page view: {page} by {user}
72960,2026-01-15,10:21:17,INFO,WebServer,Health check passed: WebServer,E102,Health check passed: {service}
72961,2026-01-15,10:49:58,INFO,WebServer,Page view: /home by u3986,E103,Page view: {page} by {user}
72962,2026-01-15,10:29:56,INFO,WebServer,Page view: /home by u4096,E103,Page view: {page} by {user}
72963,2026-01-15,10:35:30,INFO,PaymentGateway,Page view: /home by u2077,E103,Page view: {page} by {user}
72964,2026-01-15,10:07:37,INFO,WebServer,Page view: /home by u4526,E103,Page view: {page} by {user}
72965,2026-01-15,10:56:11,INFO,AuthService,Health check passed: AuthService,E102,Health check passed: {service}
72966,2026-01-15,10:46:33,WARN,PaymentGateway,Unauthorized access attempt from 10.0.0.45,E401,Unauthorized access attempt from {ip}
72967,2026-01-15,10:38:17,INFO,WebServer,Page view: /home by u2233,E103,Page view: {page} by {user}
72968,2026-01-15,10:13:55,INFO,InventoryDB,Page view: /home by u4339,E103,Page view: {page} by {user}
72969,2026-01-15,10:49:46,INFO,WebServer,Transaction tx890553 completed in 1149ms,E104,Transaction {tx} completed in {time}ms
72970,2026-01-15,10:39:31,INFO,AuthService,Page view: /home by u3548,E103,Page view: {page} by {user}
72971,2026-01-15,10:32:14,INFO,WebServer,Page view: /home by u4822,E103,Page view: {page} by {user}
72972,2026-01-15,10:58:28,INFO,WebServer,Transaction tx645643 completed in 292ms,E104,Transaction {tx} completed in {time}ms
72973,2026-01-15,10:42:41,INFO,PaymentGateway,Page view: /home by u1650,E103,Page view: {page} by {user}
72974,2026-01-15,10:56:03,INFO,AuthService,Transaction tx857713 completed in 208ms,E104,Transaction {tx} completed in {time}ms
72975,2026-01-15,10:23:04,ERROR,OrderProcessor,Connection refused to OrderProcessor at 10.0.0.10,E501,Connection refused to {service} at {ip}
72976,2026-01-15,10:22:28,INFO,WebServer,Page view: /home by u2462,E103,Page view: {page} by {user}
72977,2026-01-15,10:47:13,INFO,PaymentGateway,Health check passed: PaymentGateway,E102,Health check passed: {service}
72978,2026-01-15,10:04:33,INFO,WebServer,Page view: /home by u1397,E103,Page view: {page} by {user}
72979,2026-01-15,10:56:27,INFO,WebServer,Page view: /home by u4981,E103,Page view: {page} by {user}
72980,2026-01-15,10:31:09,INFO,WebServer,Transaction tx866477 completed in 1367ms,E104,Transaction {tx} completed in {time}ms
72981,2026-01-15,10:53:22,INFO,PaymentGateway,Transaction tx894891 completed in 1905ms,E104,Transaction {tx} completed in {time}ms
72982,2026-01-15,10:10:32,INFO,WebServer,Health check passed: WebServer,E102,Health check passed: {service}
72983,2026-01-15,10:51:00,INFO,WebServer,Transaction tx377537 completed in 1946ms,E104,Transaction {tx} completed in {time}ms
72984,2026-01-15,10:19:05,INFO,WebServer,Health check passed: WebServer,E102,Health check passed: {service}
72985,2026-01-15,10:51:12,INFO,OrderProcessor,User u1758 login successful,E101,User {user} login successful
72986,2026-01-15,10:16:00,INFO,AuthService,Page view: /home by u2278,E103,Page view: {page} by {user}
72987,2026-01-15,10:34:41,INFO,WebServer,User u4189 login successful,E101,User {user} login successful
72988,2026-01-15,10:17:37,INFO,WebServer,Transaction tx208718 completed in 771ms,E104,Transaction {tx} completed in {time}ms
72989,2026-01-15,10:55:44,INFO,WebServer,Transaction tx291648 completed in 318ms,E104,Transaction {tx} completed in {time}ms
72990,2026-01-15,10:34:10,INFO,AuthService,Transaction tx530870 completed in 1418ms,E104,Transaction {tx} completed in {time}ms
72991,2026-01-15,10:07:26,INFO,WebServer,Health check passed: WebServer,E102,Health check passed: {service}
72992,2026-01-15,10:52:18,INFO,WebServer,Health check passed: WebServer,E102,Health check passed: {service}
72993,2026-01-15,10:06:10,INFO,AuthService,User u1340 login successful,E101,User {user} login successful
72994,2026-01-15,10:21:04,INFO,AuthService,Page view: /home by u2376,E103,Page view: {page} by {user}
72995,2026-01-15,10:23:11,INFO,OrderProcessor,Page view: /home by u4388,E103,Page view: {page} by {user}
72996,2026-01-15,10:31:37,INFO,WebServer,User u4587 login successful,E101,User {user} login successful
72997,2026-01-15,10:53:53,INFO,AuthService,Transaction tx252355 completed in 1516ms,E104,Transaction {tx} completed in {time}ms
72998,2026-01-15,10:20:19,INFO,WebServer,Transaction tx407187 completed in 1190ms,E104,Transaction {tx} completed in {time}ms
72999,2026-01-15,10:58:52,INFO,WebServer,Transaction tx392719 completed in 787ms,E104,Transaction {tx} completed in {time}ms
73000,2026-01-15,10:40:12,INFO,InventoryDB,User u4498 login successful,E101,User {user} login successful
73001,2026-01-15,10:56:53,INFO,WebServer,Transaction tx498452 completed in 706ms,E104,Transaction {tx} completed in {time}ms
73002,2026-01-15,10:25:57,INFO,AuthService,User u1289 login successful,E101,User {user} login successful
73003,2026-01-15,10:31:52,INFO,PaymentGateway,User u1565 login successful,E101,User {user} login successful
73004,2026-01-15,10:03:46,INFO,WebServer,Transaction tx750622 completed in 849ms,E104,Transaction {tx} completed in {time}ms
73005,2026-01-15,10:31:08,WARN,AuthService,High latency (1548ms) detected on AuthService,E201,High latency ({time}ms) detected on {service}
73006,2026-01-15,10:14:46,INFO,InventoryDB,User u4995 login successful,E101,User {user} login successful
73007,2026-01-15,10:07:23,INFO,InventoryDB,User u1557 login successful,E101,User {user} login successful
73008,2026-01-15,10:27:03,INFO,WebServer,Health check passed: WebServer,E102,Health check passed: {service}
73009,2026-01-15,10:05:41,INFO,PaymentGateway,Transaction tx840258 completed in 371ms,E104,Transaction {tx} completed in {time}ms
73010,2026-01-15,10:54:50,INFO,OrderProcessor,User u2092 login successful,E101,User {user} login successful
73011,2026-01-15,10:35:22,INFO,WebServer,Transaction tx675875 completed in 547ms,E104,Transaction {tx} completed in {time}ms
73012,2026-01-15,10:39:43,INFO,WebServer,Page view: /home by u4481,E103,Page view: {page} by {user}
73013,2026-01-15,10:10:43,INFO,OrderProcessor,Health check passed: OrderProcessor,E102,Health check passed: {service}
73014,2026-01-15,10:29:44,INFO,WebServer,Health check passed: WebServer,E102,Health check passed: {service}
73015,2026-01-15,10:32:46,INFO,PaymentGateway,User u2459 login successful,E101,User {user} login successful
73016,2026-01-15,10:09:45,INFO,OrderProcessor,Page view: /home by u2829,E103,Page view: {page} by {user}
73017,2026-01-15,10:44:28,INFO,WebServer,User u1181 login successful,E101,User {user} login successful
73018,2026-01-15,10:46:52,INFO,OrderProcessor,User u1197 login successful,E101,User {user} login successful
73019,2026-01-15,10:12:18,INFO,WebServer,Transaction tx640885 completed in 1773ms,E104,Transaction {tx} completed in {time}ms
73020,2026-01-15,10:36:43,INFO,PaymentGateway,User u2597 login successful,E101,User {user} login successful
73021,2026-01-15,10:03:59,INFO,AuthService,Health check passed: AuthService,E102,Health check passed: {service}
73022,2026-01-15,10:10:03,INFO,OrderProcessor,Health check passed: OrderProcessor,E102,Health check passed: {service}
73023,2026-01-15,10:59:45,INFO,WebServer,Page view: /home by u4910,E103,Page view: {page} by {user}
73024,2026-01-15,10:42:52,INFO,AuthService,Health check passed: AuthService,E102,Health check passed: {service}
73025,2026-01-15,10:56:57,INFO,WebServer,Transaction tx785423 completed in 1597ms,E104,Transaction {tx} completed in {time}ms
73026,2026-01-15,10:42:41,INFO,AuthService,Transaction tx954366 completed in 1373ms,E104,Transaction {tx} completed in {time}ms
73027,2026-01-15,10:36:53,INFO,WebServer,User u3269 login successful,E101,User {user} login successful
73028,2026-01-15,10:34:06,INFO,WebServer,Transaction tx848677 completed in 104ms,E104,Transaction {tx} completed in {time}ms
73029,2026-01-15,10:30:16,INFO,OrderProcessor,User u1108 login successful,E101,User {user} login successful
73030,2026-01-15,10:26:04,INFO,AuthService,User u1009 login successful,E101,User {user} login successful
73031,2026-01-15,10:37:15,INFO,OrderProcessor,Transaction tx479104 completed in 323ms,E104,Transaction {tx} completed in {time}ms
73032,2026-01-15,10:57:37,INFO,WebServer,Health check passed: WebServer,E102,Health check passed: {service}
73033,2026-01-15,10:00:47,INFO,WebServer,Transaction tx623876 completed in 537ms,E104,Transaction {tx} completed in {time}ms
73034,2026-01-15,10:28:19,INFO,AuthService,Health check passed: AuthService,E102,Health check passed: {service}
73035,2026-01-15,10:58:17,INFO,WebServer,User u3171 login successful,E101,User {user} login successful
73036,2026-01-15,10:56:22,INFO,InventoryDB,Page view: /home by u1001,E103,Page view: {page} by {user}
73037,2026-01-15,10:22:53,INFO,WebServer,Transaction tx210383 completed in 443ms,E104,Transaction {tx} completed in {time}ms
73038,2026-01-15,10:47:07,INFO,AuthService,User u2599 login successful,E101,User {user} login successful
73039,2026-01-15,10:40:59,INFO,WebServer,Transaction tx992036 completed in 331ms,E104,Transaction {tx} completed in {time}ms
73040,2026-01-15,10:50:34,INFO,WebServer,User u2240 login successful,E101,User {user} login successful
73041,2026-01-15,10:11:59,INFO,AuthService,User u4014 login successful,E101,User {user} login successful
73042,2026-01-15,10:07:16,INFO,AuthService,Health check passed: AuthService,E102,Health check passed: {service}
73043,2026-01-15,10:13:51,INFO,AuthService,Transaction tx163957 completed in 763ms,E104,Transaction {tx} completed in {time}ms
73044,2026-01-15,10:37:23,INFO,AuthService,Health check passed: AuthService,E102,Health check passed: {service}
73045,2026-01-15,10:48:56,INFO,WebServer,Health check passed: WebServer,E102,Health check passed: {service}
73046,2026-01-15,10:32:57,INFO,AuthService,Transaction tx555862 completed in 737ms,E104,Transaction {tx} completed in {time}ms
73047,2026-01-15,10:08:08,INFO,AuthService,Health check passed: AuthService,E102,Health check passed: {service}
73048,2026-01-15,10:38:29,INFO,WebServer,User u2467 login successful,E101,User {user} login successful
73049,2026-01-15,10:17:15,INFO,WebServer,Health check passed: WebServer,E102,Health check passed: {service}
73050,2026-01-15,10:54:44,INFO,PaymentGateway,Transaction tx337117 completed in 1130ms,E104,Transaction {tx} completed in {time}ms
73051,2026-01-15,10:23:27,INFO,WebServer,User u4992 login successful,E101,User {user} login successful
73052,2026-01-15,10:06:09,INFO,WebServer,Transaction tx307730 completed in 643ms,E104,Transaction {tx} completed in {time}ms
73053,2026-01-15,10:15:21,INFO,PaymentGateway,Transaction tx778753 completed in 1077ms,E104,Transaction {tx} completed in {time}ms
73054,2026-01-15,10:30:33,INFO,WebServer,Page view: /home by u4434,E103,Page view: {page} by {user}
73055,2026-01-15,10:26:29,INFO,WebServer,User u3721 login successful,E101,User {user} login successful
73056,2026-01-15,10:23:59,WARN,PaymentGateway,Disk usage > 85% on node node-5,E202,Disk usage > 85% on node {node}
73057,2026-01-15,10:59:15,INFO,AuthService,Health check passed: AuthService,E102,Health check passed: {service}
73058,2026-01-15,10:54:51,INFO,WebServer,Page view: /home by u3082,E103,Page view: {page} by {user}
73059,2026-01-15,10:31:47,INFO,PaymentGateway,Page view: /home by u1284,E103,Page view: {page} by {user}
73060,2026-01-15,10:26:25,INFO,WebServer,Transaction tx556537 completed in 418ms,E104,Transaction {tx} completed in {time}ms
73061,2026-01-15,10:12:57,INFO,WebServer,Health check passed: WebServer,E102,Health check passed: {service}
73062,2026-01-15,10:11:03,INFO,WebServer,User u1255 login successful,E101,User {user} login successful
73063,2026-01-15,10:39:22,INFO,WebServer,Health check passed: WebServer,E102,Health check passed: {service}
73064,2026-01-15,10:35:23,INFO,AuthService,Page view: /home by u3601,E103,Page view: {page} by {user}
73065,2026-01-15,10:24:26,INFO,PaymentGateway,Page view: /home by u2143,E103,Page view: {page} by {user}
73066,2026-01-15,10:14:30,INFO,PaymentGateway,Health check passed: PaymentGateway,E102,Health check passed: {service}
73067,2026-01-15,10:39:17,INFO,OrderProcessor,Page view: /home by u3042,E103,Page view: {page} by {user}
73068,2026-01-15,10:12:43,INFO,AuthService,Health check passed: AuthService,E102,Health check passed: {service}
73069,2026-01-15,10:33:43,INFO,OrderProcessor,Page view: /home by u2797,E103,Page view: {page} by {user}
73070,2026-01-15,10:02:53,INFO,WebServer,Transaction tx579730 completed in 1994ms,E104,Transaction {tx} completed in {time}ms
73071,2026-01-15,10:28:30,INFO,OrderProcessor,Transaction tx530110 completed in 182ms,E104,Transaction {tx} completed in {time}ms
73072,2026-01-15,10:59:18,INFO,WebServer,Health check passed: WebServer,E102,Health check passed: {service}
73073,2026-01-15,10:44:42,INFO,InventoryDB,Transaction tx549951 completed in 1639ms,E104,Transaction {tx} completed in {time}ms
73074,2026-01-15,10:32:05,INFO,WebServer,Transaction tx966560 completed in 929ms,E104,Transaction {tx} completed in {time}ms
73075,2026-01-15,10:15:59,INFO,WebServer,User u4188 login successful,E101,User {user} login successful
73076,2026-01-15,10:45:22,INFO,PaymentGateway,User u4797 login successful,E101,User {user} login successful
73077,2026-01-15,10:56:39,INFO,WebServer,Transaction tx136925 completed in 927ms,E104,Transaction {tx} completed in {time}ms
73078,2026-01-15,10:47:11,INFO,WebServer,Page view: /home by u1744,E103,Page view: {page} by {user}
73079,2026-01-15,10:44:08,INFO,WebServer,Transaction tx495451 completed in 628ms,E104,Transaction {tx} completed in {time}ms
73080,2026-01-15,10:40:28,INFO,PaymentGateway,Page view: /home by u2911,E103,Page view: {page} by {user}
73081,2026-01-15,10:13:56,INFO,OrderProcessor,Health check passed: OrderProcessor,E102,Health check passed: {service}
73082,2026-01-15,10:04:36,ERROR,WebServer,Timeout waiting for lock on InventoryDB,E502,Timeout waiting for lock on {db}
73083,2026-01-15,10:21:55,INFO,WebServer,Page view: /home by u4546,E103,Page view: {page} by {user}
73084,2026-01-15,10:18:47,INFO,OrderProcessor,Transaction tx352363 completed in 732ms,E104,Transaction {tx} completed in {time}ms
73085,2026-01-15,10:12:24,INFO,PaymentGateway,Transaction tx220402 completed in 144ms,E104,Transaction {tx} completed in {time}ms
73086,2026-01-15,10:10:34,INFO,OrderProcessor,Transaction tx371896 completed in 792ms,E104,Transaction {tx} completed in {time}ms
73087,2026-01-15,10:07:05,INFO,WebServer,Page view: /home by u2074,E103,Page view: {page} by {user}
73088,2026-01-15,10:43:55,WARN,OrderProcessor,Disk usage > 85% on node node-3,E202,Disk usage > 85% on node {node}
73089,2026-01-15,10:19:58,WARN,WebServer,High latency (703ms) detected on WebServer,E201,High latency ({time}ms) detected on {service}
73090,2026-01-15,10:10:29,INFO,OrderProcessor,User u3653 login successful,E101,User {user} login successful
73091,2026-01-15,10:16:21,WARN,OrderProcessor,High latency (1359ms) detected on OrderProcessor,E201,High latency ({time}ms) detected on {service}
73092,2026-01-15,10:28:40,INFO,WebServer,Transaction tx197944 completed in 903ms,E104,Transaction {tx} completed in {time}ms
73093,2026-01-15,10:07:58,INFO,PaymentGateway,Page view: /home by u1281,E103,Page view: {page} by {user}
73094,2026-01-15,10:29:15,INFO,WebServer,Page view: /home by u2502,E103,Page view: {page} by {user}
73095,2026-01-15,10:01:59,INFO,WebServer,Transaction tx493982 completed in 165ms,E104,Transaction {tx} completed in {time}ms
73096,2026-01-15,10:44:37,INFO,WebServer,Health check passed: WebServer,E102,Health check passed: {service}
73097,2026-01-15,10:35:26,INFO,WebServer,Health check passed: WebServer,E102,Health check passed: {service}
73098,2026-01-15,10:00:56,INFO,PaymentGateway,User u4653 login successful,E101,User {user} login successful
73099,2026-01-15,10:57:58,INFO,AuthService,User u3627 login successful,E101,User {user} login successful
73100,2026-01-15,10:49:43,INFO,WebServer,Health check passed: WebServer,E102,Health check passed: {service}
73101,2026-01-15,10:22:46,INFO,WebServer,Transaction tx347389 completed in 1971ms,E104,Transaction {tx} completed in {time}ms
73102,2026-01-15,10:38:30,INFO,WebServer,Health check passed: WebServer,E102,Health check passed: {service}
73103,2026-01-15,10:16:22,INFO,WebServer,Page view: /home by u2334,E103,Page view: {page} by {user}
73104,2026-01-15,10:28:09,INFO,WebServer,Health check passed: WebServer,E102,Health check passed: {service}
73105,2026-01-15,10:48:59,INFO,InventoryDB,Health check passed: InventoryDB,E102,Health check passed: {service}
73106,2026-01-15,10:04:40,INFO,AuthService,Health check passed: AuthService,E102,Health check passed: {service}
73107,2026-01-15,10:20:39,WARN,WebServer,High latency (605ms) detected on WebServer,E201,High latency ({time}ms) detected on {service}
73108,2026-01-15,10:14:05,INFO,WebServer,User u3431 login successful,E101,User {user} login successful
73109,2026-01-15,10:02:27,INFO,WebServer,Page view: /home by u3585,E103,Page view: {page} by {user}
73110,2026-01-15,10:47:36,INFO,AuthService,User u3822 login successful,E101,User {user} login successful
73111,2026-01-15,10:55:25,CRITICAL,WebServer,DATA CORRUPTION detected in sector 752,E602,DATA CORRUPTION detected in sector {sector}
73112,2026-01-15,10:06:42,INFO,WebServer,Transaction tx513573 completed in 433ms,E104,Transaction {tx} completed in {time}ms
73113,2026-01-15,10:40:42,INFO,AuthService,Transaction tx698809 completed in 1157ms,E104,Transaction {tx} completed in {time}ms
73114,2026-01-15,10:29:42,INFO,OrderProcessor,Page view: /home by u2263,E103,Page view: {page} by {user}
73115,2026-01-15,10:23:06,INFO,WebServer,User u3215 login successful,E101,User {user} login successful
73116,2026-01-15,10:50:08,INFO,OrderProcessor,Health check passed: OrderProcessor,E102,Health check passed: {service}
73117,2026-01-15,10:39:12,INFO,WebServer,Health check passed: WebServer,E102,Health check passed: {service}
73118,2026-01-15,10:56:34,INFO,AuthService,User u3017 login successful,E101,User {user} login successful
73119,2026-01-15,10:26:27,INFO,WebServer,Transaction tx424633 completed in 32ms,E104,Transaction {tx} completed in {time}ms
73120,2026-01-15,10:42:11,INFO,WebServer,User u1311 login successful,E101,User {user} login successful
73121,2026-01-15,10:42:03,INFO,OrderProcessor,Health check passed: OrderProcessor,E102,Health check passed: {service}
73122,2026-01-15,10:36:47,INFO,AuthService,Transaction tx607692 completed in 1715ms,E104,Transaction {tx} completed in {time}ms
73123,2026-01-15,10:44:36,INFO,InventoryDB,User u3306 login successful,E101,User {user} login successful
73124,2026-01-15,10:06:28,INFO,WebServer,Health check passed: WebServer,E102,Health check passed: {service}
73125,2026-01-15,10:17:12,INFO,WebServer,Page view: /home by u1597,E103,Page view: {page} by {user}
73126,2026-01-15,10:20:43,INFO,WebServer,User u3886 login successful,E101,User {user} login successful
73127,2026-01-15,10:57:51,INFO,AuthService,Page view: /home by u3427,E103,Page view: {page} by {user}
73128,2026-01-15,10:49:23,INFO,PaymentGateway,Page view: /home by u2780,E103,Page view: {page} by {user}
73129,2026-01-15,10:34:03,INFO,WebServer,User u1063 login successful,E101,User {user} login successful
73130,2026-01-15,10:05:32,INFO,WebServer,User u2171 login successful,E101,User {user} login successful
73131,2026-01-15,10:51:39,INFO,OrderProcessor,Page view: /home by u4426,E103,Page view: {page} by {user}
73132,2026-01-15,10:54:25,INFO,OrderProcessor,Transaction tx689606 completed in 1124ms,E104,Transaction {tx} completed in {time}ms
73133,2026-01-15,10:02:29,INFO,WebServer,Transaction tx976689 completed in 811ms,E104,Transaction {tx} completed in {time}ms
73134,2026-01-15,10:01:47,INFO,AuthService,Transaction tx736993 completed in 1758ms,E104,Transaction {tx} completed in {time}ms
73135,2026-01-15,10:07:01,INFO,PaymentGateway,Transaction tx411537 completed in 630ms,E104,Transaction {tx} completed in {time}ms
73136,2026-01-15,10:12:47,INFO,WebServer,Page view: /home by u2513,E103,Page view: {page} by {user}
73137,2026-01-15,10:05:27,INFO,WebServer,Page view: /home by u1374,E103,Page view: {page} by {user}
73138,2026-01-15,10:25:57,INFO,OrderProcessor,Page view: /home by u1712,E103,Page view: {page} by {user}
73139,2026-01-15,10:39:18,INFO,PaymentGateway,Health check passed: PaymentGateway,E102,Health check passed: {service}
73140,2026-01-15,10:10:27,INFO,WebServer,User u3068 login successful,E101,User {user} login successful
73141,2026-01-15,10:32:40,WARN,WebServer,High latency (941ms) detected on WebServer,E201,High latency ({time}ms) detected on {service}
73142,2026-01-15,10:10:53,INFO,AuthService,Page view: /home by u2830,E103,Page view: {page} by {user}
73143,2026-01-15,10:26:40,INFO,WebServer,Transaction tx444749 completed in 497ms,E104,Transaction {tx} completed in {time}ms
73144,2026-01-15,10:19:54,INFO,WebServer,Transaction tx124822 completed in 1315ms,E104,Transaction {tx} completed in {time}ms
73145,2026-01-15,10:10:13,INFO,AuthService,User u1708 login successful,E101,User {user} login successful
73146,2026-01-15,10:33:20,INFO,OrderProcessor,User u4475 login successful,E101,User {user} login successful
73147,2026-01-15,10:07:19,INFO,WebServer,User u1757 login successful,E101,User {user} login successful
73148,2026-01-15,10:51:16,INFO,InventoryDB,User u3183 login successful,E101,User {user} login successful
73149,2026-01-15,10:20:32,INFO,PaymentGateway,Health check passed: PaymentGateway,E102,Health check passed: {service}
73150,2026-01-15,10:00:14,INFO,AuthService,Health check passed: AuthService,E102,Health check passed: {service}
73151,2026-01-15,10:37:21,INFO,OrderProcessor,Health check passed: OrderProcessor,E102,Health check passed: {service}
73152,2026-01-15,10:19:26,INFO,InventoryDB,User u3005 login successful,E101,User {user} login successful
73153,2026-01-15,10:15:49,INFO,AuthService,Transaction tx177493 completed in 1907ms,E104,Transaction {tx} completed in {time}ms
73154,2026-01-15,10:45:33,INFO,WebServer,User u1342 login successful,E101,User {user} login successful
73155,2026-01-15,10:50:36,INFO,WebServer,Page view: /home by u2689,E103,Page view: {page} by {user}
73156,2026-01-15,10:26:45,INFO,WebServer,Transaction tx110728 completed in 421ms,E104,Transaction {tx} completed in {time}ms
73157,2026-01-15,10:29:56,INFO,AuthService,Transaction tx994620 completed in 1065ms,E104,Transaction {tx} completed in {time}ms
73158,2026-01-15,10:26:12,INFO,AuthService,User u3143 login successful,E101,User {user} login successful
73159,2026-01-15,10:09:05,INFO,PaymentGateway,Health check passed: PaymentGateway,E102,Health check passed: {service}
73160,2026-01-15,10:50:24,INFO,WebServer,User u3996 login successful,E101,User {user} login successful
73161,2026-01-15,10:24:05,INFO,WebServer,Health check passed: WebServer,E102,Health check passed: {service}
73162,2026-01-15,10:05:33,INFO,OrderProcessor,User u3290 login successful,E101,User {user} login successful
73163,2026-01-15,10:29:49,INFO,WebServer,Health check passed: WebServer,E102,Health check passed: {service}
73164,2026-01-15,10:18:47,INFO,WebServer,Page view: /home by u1316,E103,Page view: {page} by {user}
73165,2026-01-15,10:52:06,INFO,OrderProcessor,Page view: /home by u2338,E103,Page view: {page} by {user}
73166,2026-01-15,10:28:27,INFO,AuthService,Health check passed: AuthService,E102,Health check passed: {service}
73167,2026-01-15,10:54:11,INFO,OrderProcessor,User u4544 login successful,E101,User {user} login successful
73168,2026-01-15,10:35:30,INFO,WebServer,Health check passed: WebServer,E102,Health check passed: {service}
73169,2026-01-15,10:30:49,INFO,PaymentGateway,User u3182 login successful,E101,User {user} login successful
73170,2026-01-15,10:12:56,INFO,PaymentGateway,Transaction tx454217 completed in 696ms,E104,Transaction {tx} completed in {time}ms
73171,2026-01-15,10:06:15,INFO,AuthService,User u2214 login successful,E101,User {user} login successful
73172,2026-01-15,10:02:41,INFO,OrderProcessor,User u2012 login successful,E101,User {user} login successful
73173,2026-01-15,10:06:41,INFO,OrderProcessor,User u1523 login successful,E101,User {user} login successful
73174,2026-01-15,10:51:35,INFO,WebServer,Page view: /home by u2158,E103,Page view: {page} by {user}
73175,2026-01-15,10:06:54,INFO,WebServer,Page view: /home by u2077,E103,Page view: {page} by {user}
73176,2026-01-15,10:22:53,INFO,WebServer,User u3987 login successful,E101,User {user} login successful
73177,2026-01-15,10:03:04,INFO,InventoryDB,Page view: /home by u2612,E103,Page view: {page} by {user}
73178,2026-01-15,10:08:20,INFO,WebServer,Transaction tx976983 completed in 1901ms,E104,Transaction {tx} completed in {time}ms
73179,2026-01-15,10:26:54,INFO,WebServer,Page view: /home by u1502,E103,Page view: {page} by {user}
73180,2026-01-15,10:42:07,INFO,WebServer,Health check passed: WebServer,E102,Health check passed: {service}
73181,2026-01-15,10:53:10,INFO,WebServer,Page view: /home by u2082,E103,Page view: {page} by {user}
73182,2026-01-15,10:01:09,INFO,WebServer,Health check passed: WebServer,E102,Health check passed: {service}
73183,2026-01-15,10:26:46,INFO,PaymentGateway,Transaction tx327411 completed in 22ms,E104,Transaction {tx} completed in {time}ms
73184,2026-01-15,10:54:32,INFO,PaymentGateway,Page view: /home by u2748,E103,Page view: {page} by {user}
73185,2026-01-15,10:46:56,INFO,WebServer,Page view: /home by u2656,E103,Page view: {page} by {user}
73186,2026-01-15,10:07:56,INFO,WebServer,Transaction tx990834 completed in 1898ms,E104,Transaction {tx} completed in {time}ms
73187,2026-01-15,10:17:42,INFO,WebServer,User u3541 login successful,E101,User {user} login successful
73188,2026-01-15,10:36:41,INFO,WebServer,Health check passed: WebServer,E102,Health check passed: {service}
73189,2026-01-15,10:48:14,INFO,WebServer,Transaction tx114519 completed in 62ms,E104,Transaction {tx} completed in {time}ms
73190,2026-01-15,10:58:05,INFO,AuthService,User u1836 login successful,E101,User {user} login successful
73191,2026-01-15,10:44:50,WARN,OrderProcessor,High latency (724ms) detected on OrderProcessor,E201,High latency ({time}ms) detected on {service}
73192,2026-01-15,10:20:35,INFO,WebServer,Page view: /home by u3329,E103,Page view: {page} by {user}
73193,2026-01-15,10:39:42,INFO,WebServer,User u2123 login successful,E101,User {user} login successful
73194,2026-01-15,10:53:01,INFO,WebServer,Transaction tx234143 completed in 45ms,E104,Transaction {tx} completed in {time}ms
73195,2026-01-15,10:14:27,INFO,WebServer,Health check passed: WebServer,E102,Health check passed: {service}
73196,2026-01-15,10:52:15,INFO,WebServer,Page view: /home by u3572,E103,Page view: {page} by {user}
73197,2026-01-15,10:44:55,INFO,WebServer,Health check passed: WebServer,E102,Health check passed: {service}
73198,2026-01-15,10:02:45,INFO,WebServer,Page view: /home by u1480,E103,Page view: {page} by {user}
73199,2026-01-15,10:01:13,INFO,AuthService,Health check passed: AuthService,E102,Health check passed: {service}
73200,2026-01-15,10:52:06,INFO,AuthService,User u4453 login successful,E101,User {user} login successful
73201,2026-01-15,10:43:59,INFO,AuthService,Page view: /home by u2674,E103,Page view: {page} by {user}
73202,2026-01-15,10:30:04,INFO,WebServer,Page view: /home by u4300,E103,Page view: {page} by {user}
73203,2026-01-15,10:09:12,INFO,PaymentGateway,Health check passed: PaymentGateway,E102,Health check passed: {service}
73204,2026-01-15,10:35:11,INFO,PaymentGateway,User u3528 login successful,E101,User {user} login successful
73205,2026-01-15,10:18:06,CRITICAL,InventoryDB,DATA CORRUPTION detected in sector 238,E602,DATA CORRUPTION detected in sector {sector}
73206,2026-01-15,10:04:16,INFO,WebServer,User u3636 login successful,E101,User {user} login successful
73207,2026-01-15,10:38:13,INFO,WebServer,Page view: /home by u4741,E103,Page view: {page} by {user}
73208,2026-01-15,10:02:32,INFO,AuthService,Transaction tx488166 completed in 994ms,E104,Transaction {tx} completed in {time}ms
73209,2026-01-15,10:39:27,INFO,PaymentGateway,Transaction tx220511 completed in 1586ms,E104,Transaction {tx} completed in {time}ms
73210,2026-01-15,10:01:43,INFO,PaymentGateway,User u3274 login successful,E101,User {user} login successful
73211,2026-01-15,10:43:30,INFO,InventoryDB,User u3163 login successful,E101,User {user} login successful
73212,2026-01-15,10:47:15,INFO,WebServer,Page view: /home by u3189,E103,Page view: {page} by {user}
73213,2026-01-15,10:45:10,INFO,WebServer,Health check passed: WebServer,E102,Health check passed: {service}
73214,2026-01-15,10:37:40,INFO,WebServer,Transaction tx848444 completed in 1625ms,E104,Transaction {tx} completed in {time}ms
73215,2026-01-15,10:01:46,INFO,WebServer,Health check passed: WebServer,E102,Health check passed: {service}
73216,2026-01-15,10:23:58,INFO,WebServer,Transaction tx244375 completed in 1646ms,E104,Transaction {tx} completed in {time}ms
73217,2026-01-15,10:10:48,INFO,OrderProcessor,Transaction tx756485 completed in 939ms,E104,Transaction {tx} completed in {time}ms
73218,2026-01-15,10:37:08,INFO,WebServer,Health check passed: WebServer,E102,Health check passed: {service}
73219,2026-01-15,10:26:28,INFO,WebServer,Transaction tx731900 completed in 206ms,E104,Transaction {tx} completed in {time}ms
73220,2026-01-15,10:38:23,INFO,WebServer,Health check passed: WebServer,E102,Health check passed: {service}
73221,2026-01-15,10:14:00,INFO,InventoryDB,Transaction tx523204 completed in 1264ms,E104,Transaction {tx} completed in {time}ms
73222,2026-01-15,10:18:21,INFO,WebServer,User u3397 login successful,E101,User {user} login successful
73223,2026-01-15,10:33:47,INFO,WebServer,Page view: /home by u3057,E103,Page view: {page} by {user}
73224,2026-01-15,10:19:26,INFO,AuthService,User u4045 login successful,E101,User {user} login successful
73225,2026-01-15,10:17:10,INFO,WebServer,User u2190 login successful,E101,User {user} login successful
73226,2026-01-15,10:44:28,INFO,WebServer,Health check passed: WebServer,E102,Health check passed: {service}
73227,2026-01-15,10:29:56,INFO,WebServer,Transaction tx496455 completed in 310ms,E104,Transaction {tx} completed in {time}ms
73228,2026-01-15,10:25:02,INFO,WebServer,Transaction tx684141 completed in 840ms,E104,Transaction {tx} completed in {time}ms
73229,2026-01-15,10:09:08,INFO,PaymentGateway,Page view: /home by u4270,E103,Page view: {page} by {user}
73230,2026-01-15,10:28:19,INFO,WebServer,User u3841 login successful,E101,User {user} login successful
73231,2026-01-15,10:41:18,INFO,PaymentGateway,Health check passed: PaymentGateway,E102,Health check passed: {service}
73232,2026-01-15,10:35:40,INFO,AuthService,Transaction tx805852 completed in 767ms,E104,Transaction {tx} completed in {time}ms
73233,2026-01-15,10:06:56,INFO,WebServer,Transaction tx105385 completed in 336ms,E104,Transaction {tx} completed in {time}ms
73234,2026-01-15,10:22:14,INFO,OrderProcessor,User u1801 login successful,E101,User {user} login successful
73235,2026-01-15,10:12:12,INFO,OrderProcessor,Transaction tx609204 completed in 930ms,E104,Transaction {tx} completed in {time}ms
73236,2026-01-15,10:16:00,INFO,PaymentGateway,User u4988 login successful,E101,User {user} login successful
73237,2026-01-15,10:26:01,INFO,PaymentGateway,User u1045 login successful,E101,User {user} login successful
73238,2026-01-15,10:06:27,INFO,AuthService,Page view: /home by u3309,E103,Page view: {page} by {user}
73239,2026-01-15,10:15:06,INFO,OrderProcessor,User u2457 login successful,E101,User {user} login successful
73240,2026-01-15,10:14:29,WARN,WebServer,Unauthorized access attempt from 10.0.0.45,E401,Unauthorized access attempt from {ip}
73241,2026-01-15,10:40:58,INFO,WebServer,Health check passed: WebServer,E102,Health check passed: {service}
73242,2026-01-15,10:23:51,INFO,AuthService,User u2761 login successful,E101,User {user} login successful
73243,2026-01-15,10:17:28,INFO,WebServer,Health check passed: WebServer,E102,Health check passed: {service}
73244,2026-01-15,10:13:41,INFO,WebServer,Health check passed: WebServer,E102,Health check passed: {service}
73245,2026-01-15,10:59:54,INFO,WebServer,Page view: /home by u3051,E103,Page view: {page} by {user}
73246,2026-01-15,10:26:22,INFO,WebServer,User u3886 login successful,E101,User {user} login successful
73247,2026-01-15,10:35:58,INFO,InventoryDB,Page view: /home by u4935,E103,Page view: {page} by {user}
73248,2026-01-15,10:41:19,INFO,WebServer,Health check passed: WebServer,E102,Health check passed: {service}
73249,2026-01-15,10:34:30,INFO,AuthService,Health check passed: AuthService,E102,Health check passed: {service}
73250,2026-01-15,10:32:36,INFO,WebServer,User u2220 login successful,E101,User {user} login successful
73251,2026-01-15,10:27:51,INFO,WebServer,Transaction tx754175 completed in 158ms,E104,Transaction {tx} completed in {time}ms
73252,2026-01-15,10:52:05,INFO,WebServer,User u3712 login successful,E101,User {user} login successful
73253,2026-01-15,10:20:28,INFO,PaymentGateway,Page view: /home by u1844,E103,Page view: {page} by {user}
73254,2026-01-15,10:10:22,INFO,OrderProcessor,Page view: /home by u2881,E103,Page view: {page} by {user}
73255,2026-01-15,10:40:14,INFO,WebServer,User u2608 login successful,E101,User {user} login successful
73256,2026-01-15,10:14:57,INFO,WebServer,User u4859 login successful,E101,User {user} login successful
73257,2026-01-15,10:47:30,INFO,WebServer,Health check passed: WebServer,E102,Health check passed: {service}
73258,2026-01-15,10:05:34,INFO,WebServer,Health check passed: WebServer,E102,Health check passed: {service}
73259,2026-01-15,10:47:41,INFO,OrderProcessor,User u4255 login successful,E101,User {user} login successful
73260,2026-01-15,10:55:27,WARN,AuthService,High latency (1767ms) detected on AuthService,E201,High latency ({time}ms) detected on {service}
73261,2026-01-15,10:59:09,INFO,PaymentGateway,Page view: /home by u3566,E103,Page view: {page} by {user}
73262,2026-01-15,10:58:58,WARN,WebServer,Unauthorized access attempt from 10.0.0.45,E401,Unauthorized access attempt from {ip}
73263,2026-01-15,10:27:23,INFO,PaymentGateway,Page view: /home by u3468,E103,Page view: {page} by {user}
73264,2026-01-15,10:29:28,INFO,OrderProcessor,User u1765 login successful,E101,User {user} login successful
73265,2026-01-15,10:55:20,INFO,PaymentGateway,Health check passed: PaymentGateway,E102,Health check passed: {service}
73266,2026-01-15,10:11:18,INFO,PaymentGateway,Transaction tx493340 completed in 290ms,E104,Transaction {tx} completed in {time}ms
73267,2026-01-15,10:41:53,INFO,WebServer,Transaction tx714258 completed in 320ms,E104,Transaction {tx} completed in {time}ms
73268,2026-01-15,10:59:44,INFO,AuthService,Health check passed: AuthService,E102,Health check passed: {service}
73269,2026-01-15,10:40:50,INFO,InventoryDB,Health check passed: InventoryDB,E102,Health check passed: {service}
73270,2026-01-15,10:44:44,INFO,WebServer,User u4130 login successful,E101,User {user} login successful
73271,2026-01-15,10:05:23,INFO,WebServer,Health check passed: WebServer,E102,Health check passed: {service}
73272,2026-01-15,10:43:45,ERROR,OrderProcessor,Connection refused to OrderProcessor at 10.0.0.45,E501,Connection refused to {service} at {ip}
73273,2026-01-15,10:30:02,INFO,AuthService,Health check passed: AuthService,E102,Health check passed: {service}
73274,2026-01-15,10:45:10,INFO,WebServer,User u4630 login successful,E101,User {user} login successful
73275,2026-01-15,10:01:56,INFO,PaymentGateway,User u1763 login successful,E101,User {user} login successful
73276,2026-01-15,10:14:18,INFO,AuthService,Health check passed: AuthService,E102,Health check passed: {service}
73277,2026-01-15,10:18:33,INFO,WebServer,Page view: /home by u1136,E103,Page view: {page} by {user}
73278,2026-01-15,10:51:21,INFO,PaymentGateway,Health check passed: PaymentGateway,E102,Health check passed: {service}
73279,2026-01-15,10:51:18,INFO,PaymentGateway,Health check passed: PaymentGateway,E102,Health check passed: {service}
73280,2026-01-15,10:36:07,INFO,WebServer,User u4781 login successful,E101,User {user} login successful
73281,2026-01-15,10:08:24,INFO,WebServer,Transaction tx453242 completed in 626ms,E104,Transaction {tx} completed in {time}ms
73282,2026-01-15,10:30:45,INFO,WebServer,Transaction tx128647 completed in 1998ms,E104,Transaction {tx} completed in {time}ms
73283,2026-01-15,10:37:16,INFO,WebServer,Page view: /home by u2665,E103,Page view: {page} by {user}
73284,2026-01-15,10:59:34,INFO,OrderProcessor,User u3237 login successful,E101,User {user} login successful
73285,2026-01-15,10:36:01,INFO,WebServer,User u1612 login successful,E101,User {user} login successful
73286,2026-01-15,10:34:46,INFO,InventoryDB,Transaction tx662052 completed in 1267ms,E104,Transaction {tx} completed in {time}ms
73287,2026-01-15,10:21:00,INFO,WebServer,User u1819 login successful,E101,User {user} login successful
73288,2026-01-15,10:28:19,INFO,WebServer,Page view: /home by u4044,E103,Page view: {page} by {user}
73289,2026-01-15,10:51:29,INFO,WebServer,User u3679 login successful,E101,User {user} login successful
73290,2026-01-15,10:07:18,INFO,OrderProcessor,Transaction tx258206 completed in 250ms,E104,Transaction {tx} completed in {time}ms
73291,2026-01-15,10:01:46,INFO,WebServer,Health check passed: WebServer,E102,Health check passed: {service}
73292,2026-01-15,10:45:34,INFO,WebServer,Transaction tx352598 completed in 1215ms,E104,Transaction {tx} completed in {time}ms
73293,2026-01-15,10:09:10,INFO,WebServer,User u4010 login successful,E101,User {user} login successful
73294,2026-01-15,10:49:56,INFO,WebServer,Health check passed: WebServer,E102,Health check passed: {service}
73295,2026-01-15,10:18:09,INFO,AuthService,Page view: /home by u2833,E103,Page view: {page} by {user}
73296,2026-01-15,10:36:51,INFO,AuthService,User u4305 login successful,E101,User {user} login successful
73297,2026-01-15,10:49:17,INFO,AuthService,User u2250 login successful,E101,User {user} login successful
73298,2026-01-15,10:33:34,INFO,PaymentGateway,User u4247 login successful,E101,User {user} login successful
73299,2026-01-15,10:15:05,INFO,WebServer,Page view: /home by u1110,E103,Page view: {page} by {user}
73300,2026-01-15,10:31:05,INFO,WebServer,Page view: /home by u3623,E103,Page view: {page} by {user}
73301,2026-01-15,10:17:33,INFO,AuthService,Transaction tx495778 completed in 817ms,E104,Transaction {tx} completed in {time}ms
73302,2026-01-15,10:52:43,INFO,WebServer,Transaction tx836458 completed in 183ms,E104,Transaction {tx} completed in {time}ms
73303,2026-01-15,10:31:26,INFO,WebServer,Page view: /home by u1863,E103,Page view: {page} by {user}
73304,2026-01-15,10:35:45,INFO,WebServer,Transaction tx735763 completed in 391ms,E104,Transaction {tx} completed in {time}ms
73305,2026-01-15,10:04:16,INFO,WebServer,Page view: /home by u3768,E103,Page view: {page} by {user}
73306,2026-01-15,10:16:33,INFO,WebServer,Transaction tx766414 completed in 1270ms,E104,Transaction {tx} completed in {time}ms
73307,2026-01-15,10:22:43,INFO,OrderProcessor,Health check passed: OrderProcessor,E102,Health check passed: {service}
73308,2026-01-15,10:00:04,INFO,WebServer,Transaction tx408647 completed in 1685ms,E104,Transaction {tx} completed in {time}ms
73309,2026-01-15,10:55:03,INFO,WebServer,Health check passed: WebServer,E102,Health check passed: {service}
73310,2026-01-15,10:33:15,INFO,WebServer,User u2117 login successful,E101,User {user} login successful
73311,2026-01-15,10:04:17,INFO,WebServer,Page view: /home by u2959,E103,Page view: {page} by {user}
73312,2026-01-15,10:46:56,INFO,InventoryDB,Transaction tx917782 completed in 809ms,E104,Transaction {tx} completed in {time}ms
73313,2026-01-15,10:22:22,INFO,OrderProcessor,Health check passed: OrderProcessor,E102,Health check passed: {service}
73314,2026-01-15,10:40:08,INFO,WebServer,User u4981 login successful,E101,User {user} login successful
73315,2026-01-15,10:24:54,INFO,WebServer,User u1840 login successful,E101,User {user} login successful
73316,2026-01-15,10:41:34,INFO,WebServer,Health check passed: WebServer,E102,Health check passed: {service}
73317,2026-01-15,10:33:12,INFO,OrderProcessor,Health check passed: OrderProcessor,E102,Health check passed: {service}
73318,2026-01-15,10:11:02,WARN,InventoryDB,High latency (839ms) detected on InventoryDB,E201,High latency ({time}ms) detected on {service}
73319,2026-01-15,10:53:07,INFO,WebServer,Health check passed: WebServer,E102,Health check passed: {service}
73320,2026-01-15,10:06:19,INFO,AuthService,Health check passed: AuthService,E102,Health check passed: {service}
73321,2026-01-15,10:20:44,INFO,AuthService,User u3347 login successful,E101,User {user} login successful
73322,2026-01-15,10:05:49,INFO,WebServer,User u3033 login successful,E101,User {user} login successful
73323,2026-01-15,10:06:20,INFO,AuthService,Transaction tx618297 completed in 319ms,E104,Transaction {tx} completed in {time}ms
73324,2026-01-15,10:51:32,INFO,WebServer,Health check passed: WebServer,E102,Health check passed: {service}
73325,2026-01-15,10:27:23,INFO,InventoryDB,Transaction tx174511 completed in 1964ms,E104,Transaction {tx} completed in {time}ms
73326,2026-01-15,10:23:12,INFO,OrderProcessor,Page view: /home by u3430,E103,Page view: {page} by {user}
73327,2026-01-15,10:52:35,INFO,WebServer,Health check passed: WebServer,E102,Health check passed: {service}
73328,2026-01-15,10:28:03,INFO,AuthService,User u1293 login successful,E101,User {user} login successful
73329,2026-01-15,10:59:13,INFO,OrderProcessor,Transaction tx809951 completed in 79ms,E104,Transaction {tx} completed in {time}ms
73330,2026-01-15,10:44:22,INFO,WebServer,Health check passed: WebServer,E102,Health check passed: {service}
73331,2026-01-15,10:15:54,INFO,WebServer,User u1178 login successful,E101,User {user} login successful
73332,2026-01-15,10:12:05,INFO,WebServer,Page view: /home by u1010,E103,Page view: {page} by {user}
73333,2026-01-15,10:35:42,INFO,AuthService,Health check passed: AuthService,E102,Health check passed: {service}
73334,2026-01-15,10:31:36,INFO,WebServer,Transaction tx982918 completed in 1638ms,E104,Transaction {tx} completed in {time}ms
73335,2026-01-15,10:24:44,INFO,PaymentGateway,Transaction tx477249 completed in 1471ms,E104,Transaction {tx} completed in {time}ms
73336,2026-01-15,10:34:13,INFO,WebServer,Health check passed: WebServer,E102,Health check passed: {service}
73337,2026-01-15,10:40:36,INFO,WebServer,Page view: /home by u3197,E103,Page view: {page} by {user}
73338,2026-01-15,10:29:44,INFO,WebServer,Page view: /home by u3858,E103,Page view: {page} by {user}
73339,2026-01-15,10:04:49,INFO,WebServer,Health check passed: WebServer,E102,Health check passed: {service}
73340,2026-01-15,10:00:06,INFO,WebServer,Transaction tx721994 completed in 1293ms,E104,Transaction {tx} completed in {time}ms
73341,2026-01-15,10:10:29,INFO,WebServer,Transaction tx896497 completed in 1079ms,E104,Transaction {tx} completed in {time}ms
73342,2026-01-15,10:42:22,INFO,WebServer,Page view: /home by u1224,E103,Page view: {page} by {user}
73343,2026-01-15,10:04:40,INFO,PaymentGateway,User u1287 login successful,E101,User {user} login successful
73344,2026-01-15,10:21:10,INFO,InventoryDB,User u3926 login successful,E101,User {user} login successful
73345,2026-01-15,10:19:33,WARN,PaymentGateway,Unauthorized access attempt from 10.0.0.12,E401,Unauthorized access attempt from {ip}
73346,2026-01-15,10:46:59,INFO,InventoryDB,User u4144 login successful,E101,User {user} login successful
73347,2026-01-15,10:01:35,INFO,WebServer,Health check passed: WebServer,E102,Health check passed: {service}
73348,2026-01-15,10:52:50,INFO,WebServer,Page view: /home by u3358,E103,Page view: {page} by {user}
73349,2026-01-15,10:56:28,INFO,OrderProcessor,Health check passed: OrderProcessor,E102,Health check passed: {service}
73350,2026-01-15,10:57:55,ERROR,WebServer,Timeout waiting for lock on InventoryDB,E502,Timeout waiting for lock on {db}
73351,2026-01-15,10:14:36,INFO,WebServer,User u1307 login successful,E101,User {user} login successful
73352,2026-01-15,10:22:25,ERROR,AuthService,Timeout waiting for lock on InventoryDB,E502,Timeout waiting for lock on {db}
73353,2026-01-15,10:19:38,INFO,WebServer,Transaction tx472685 completed in 1785ms,E104,Transaction {tx} completed in {time}ms
73354,2026-01-15,10:52:54,WARN,OrderProcessor,High latency (954ms) detected on OrderProcessor,E201,High latency ({time}ms) detected on {service}
73355,2026-01-15,10:31:50,CRITICAL,WebServer,DATA CORRUPTION detected in sector 201,E602,DATA CORRUPTION detected in sector {sector}
73356,2026-01-15,10:38:08,INFO,InventoryDB,User u1215 login successful,E101,User {user} login successful
73357,2026-01-15,10:01:37,INFO,WebServer,User u3285 login successful,E101,User {user} login successful
73358,2026-01-15,10:52:42,INFO,AuthService,Page view: /home by u1262,E103,Page view: {page} by {user}
73359,2026-01-15,10:28:51,INFO,WebServer,Page view: /home by u4788,E103,Page view: {page} by {user}
73360,2026-01-15,10:22:27,INFO,WebServer,User u2603 login successful,E101,User {user} login successful
73361,2026-01-15,10:56:41,INFO,AuthService,User u1865 login successful,E101,User {user} login successful
73362,2026-01-15,10:59:10,INFO,AuthService,User u1514 login successful,E101,User {user} login successful
73363,2026-01-15,10:17:52,INFO,WebServer,User u3116 login successful,E101,User {user} login successful
73364,2026-01-15,10:16:51,INFO,WebServer,Page view: /home by u2887,E103,Page view: {page} by {user}
73365,2026-01-15,10:14:42,INFO,WebServer,Health check passed: WebServer,E102,Health check passed: {service}
73366,2026-01-15,10:55:03,INFO,WebServer,Transaction tx681416 completed in 232ms,E104,Transaction {tx} completed in {time}ms
73367,2026-01-15,10:21:30,INFO,OrderProcessor,User u1605 login successful,E101,User {user} login successful
73368,2026-01-15,10:28:39,INFO,WebServer,User u2608 login successful,E101,User {user} login successful
73369,2026-01-15,10:12:44,INFO,WebServer,Health check passed: WebServer,E102,Health check passed: {service}
73370,2026-01-15,10:29:27,INFO,WebServer,Transaction tx869329 completed in 1582ms,E104,Transaction {tx} completed in {time}ms
73371,2026-01-15,10:51:00,INFO,WebServer,Page view: /home by u3281,E103,Page view: {page} by {user}
73372,2026-01-15,10:47:24,INFO,WebServer,Health check passed: WebServer,E102,Health check passed: {service}
73373,2026-01-15,10:02:45,INFO,WebServer,User u4374 login successful,E101,User {user} login successful
73374,2026-01-15,10:10:02,INFO,InventoryDB,Health check passed: InventoryDB,E102,Health check passed: {service}
73375,2026-01-15,10:04:19,WARN,WebServer,High latency (1785ms) detected on WebServer,E201,High latency ({time}ms) detected on {service}
73376,2026-01-15,10:23:26,INFO,AuthService,Transaction tx428332 completed in 637ms,E104,Transaction {tx} completed in {time}ms
73377,2026-01-15,10:43:03,INFO,WebServer,Transaction tx715657 completed in 805ms,E104,Transaction {tx} completed in {time}ms
73378,2026-01-15,10:54:10,WARN,PaymentGateway,Unauthorized access attempt from 10.0.0.12,E401,Unauthorized access attempt from {ip}
73379,2026-01-15,10:41:18,INFO,WebServer,Health check passed: WebServer,E102,Health check passed: {service}
73380,2026-01-15,10:46:06,INFO,WebServer,Page view: /home by u4155,E103,Page view: {page} by {user}
73381,2026-01-15,10:02:44,INFO,AuthService,Transaction tx692238 completed in 1726ms,E104,Transaction {tx} completed in {time}ms
73382,2026-01-15,10:32:52,INFO,WebServer,Health check passed: WebServer,E102,Health check passed: {service}
73383,2026-01-15,10:17:57,INFO,WebServer,Page view: /home by u1364,E103,Page view: {page} by {user}
73384,2026-01-15,10:40:00,INFO,WebServer,Health check passed: WebServer,E102,Health check passed: {service}
73385,2026-01-15,10:56:10,INFO,AuthService,Transaction tx403989 completed in 543ms,E104,Transaction {tx} completed in {time}ms
73386,2026-01-15,10:12:18,INFO,AuthService,Transaction tx482656 completed in 489ms,E104,Transaction {tx} completed in {time}ms
73387,2026-01-15,10:26:57,INFO,PaymentGateway,Page view: /home by u4865,E103,Page view: {page} by {user}
73388,2026-01-15,10:25:16,INFO,AuthService,User u1315 login successful,E101,User {user} login successful
73389,2026-01-15,10:59:07,INFO,WebServer,Health check passed: WebServer,E102,Health check passed: {service}
73390,2026-01-15,10:58:12,INFO,WebServer,Page view: /home by u3697,E103,Page view: {page} by {user}
73391,2026-01-15,10:16:59,INFO,WebServer,Health check passed: WebServer,E102,Health check passed: {service}
73392,2026-01-15,10:58:36,INFO,OrderProcessor,Page view: /home by u2756,E103,Page view: {page} by {user}
73393,2026-01-15,10:58:25,INFO,WebServer,Transaction tx933300 completed in 1835ms,E104,Transaction {tx} completed in {time}ms
73394,2026-01-15,10:51:26,INFO,AuthService,Health check passed: AuthService,E102,Health check passed: {service}
73395,2026-01-15,10:26:19,INFO,WebServer,User u2974 login successful,E101,User {user} login successful
73396,2026-01-15,10:51:37,INFO,WebServer,Health check passed: WebServer,E102,Health check passed: {service}
73397,2026-01-15,10:03:11,INFO,AuthService,Health check passed: AuthService,E102,Health check passed: {service}
73398,2026-01-15,10:55:39,INFO,WebServer,Transaction tx591506 completed in 1046ms,E104,Transaction {tx} completed in {time}ms
73399,2026-01-15,10:36:38,WARN,AuthService,Disk usage > 85% on node node-5,E202,Disk usage > 85% on node {node}
73400,2026-01-15,10:59:20,INFO,PaymentGateway,Health check passed: PaymentGateway,E102,Health check passed: {service}
73401,2026-01-15,10:53:02,INFO,AuthService,User u2636 login successful,E101,User {user} login successful
73402,2026-01-15,10:16:32,INFO,WebServer,Transaction tx719371 completed in 751ms,E104,Transaction {tx} completed in {time}ms
73403,2026-01-15,10:49:38,INFO,InventoryDB,User u1485 login successful,E101,User {user} login successful
73404,2026-01-15,10:08:48,INFO,WebServer,Health check passed: WebServer,E102,Health check passed: {service}
73405,2026-01-15,10:10:51,INFO,WebServer,Page view: /home by u1907,E103,Page view: {page} by {user}
73406,2026-01-15,10:20:09,INFO,PaymentGateway,Page view: /home by u1732,E103,Page view: {page} by {user}
73407,2026-01-15,10:10:48,INFO,WebServer,Page view: /home by u1442,E103,Page view: {page} by {user}
73408,2026-01-15,10:48:17,INFO,PaymentGateway,User u1449 login successful,E101,User {user} login successful
73409,2026-01-15,10:39:30,INFO,PaymentGateway,Transaction tx504180 completed in 902ms,E104,Transaction {tx} completed in {time}ms
73410,2026-01-15,10:20:54,INFO,WebServer,Transaction tx838756 completed in 848ms,E104,Transaction {tx} completed in {time}ms
73411,2026-01-15,10:45:38,INFO,AuthService,Page view: /home by u2987,E103,Page view: {page} by {user}
73412,2026-01-15,10:06:11,INFO,WebServer,Health check passed: WebServer,E102,Health check passed: {service}
73413,2026-01-15,10:10:11,INFO,WebServer,Page view: /home by u2112,E103,Page view: {page} by {user}
73414,2026-01-15,10:56:37,INFO,WebServer,Transaction tx586801 completed in 1268ms,E104,Transaction {tx} completed in {time}ms
73415,2026-01-15,10:21:26,INFO,AuthService,Transaction tx520268 completed in 641ms,E104,Transaction {tx} completed in {time}ms
73416,2026-01-15,10:13:06,INFO,AuthService,Transaction tx451262 completed in 255ms,E104,Transaction {tx} completed in {time}ms
73417,2026-01-15,10:00:25,INFO,WebServer,Page view: /home by u2721,E103,Page view: {page} by {user}
73418,2026-01-15,10:30:28,INFO,OrderProcessor,Page view: /home by u3422,E103,Page view: {page} by {user}
73419,2026-01-15,10:24:55,INFO,WebServer,User u2278 login successful,E101,User {user} login successful
73420,2026-01-15,10:13:10,INFO,WebServer,User u4892 login successful,E101,User {user} login successful
73421,2026-01-15,10:56:25,INFO,WebServer,Page view: /home by u1613,E103,Page view: {page} by {user}
73422,2026-01-15,10:28:02,INFO,AuthService,User u1556 login successful,E101,User {user} login successful
73423,2026-01-15,10:47:45,INFO,WebServer,User u1703 login successful,E101,User {user} login successful
73424,2026-01-15,10:53:44,INFO,WebServer,Health check passed: WebServer,E102,Health check passed: {service}
73425,2026-01-15,10:11:41,INFO,OrderProcessor,Health check passed: OrderProcessor,E102,Health check passed: {service}
73426,2026-01-15,10:44:14,INFO,WebServer,Transaction tx862695 completed in 1614ms,E104,Transaction {tx} completed in {time}ms
73427,2026-01-15,10:57:43,INFO,WebServer,Page view: /home by u3635,E103,Page view: {page} by {user}
73428,2026-01-15,10:29:23,INFO,WebServer,Transaction tx499512 completed in 629ms,E104,Transaction {tx} completed in {time}ms
73429,2026-01-15,10:36:11,INFO,OrderProcessor,Page view: /home by u1060,E103,Page view: {page} by {user}
73430,2026-01-15,10:50:14,INFO,OrderProcessor,User u3843 login successful,E101,User {user} login successful
73431,2026-01-15,10:08:10,INFO,PaymentGateway,Transaction tx157042 completed in 1838ms,E104,Transaction {tx} completed in {time}ms
73432,2026-01-15,10:45:53,INFO,WebServer,Health check passed: WebServer,E102,Health check passed: {service}
73433,2026-01-15,10:47:11,INFO,OrderProcessor,User u1053 login successful,E101,User {user} login successful
73434,2026-01-15,10:26:50,WARN,AuthService,Disk usage > 85% on node node-4,E202,Disk usage > 85% on node {node}
73435,2026-01-15,10:03:08,INFO,WebServer,Page view: /home by u2666,E103,Page view: {page} by {user}
73436,2026-01-15,10:46:29,INFO,AuthService,User u4271 login successful,E101,User {user} login successful
73437,2026-01-15,10:53:10,WARN,OrderProcessor,Unauthorized access attempt from 10.0.0.45,E401,Unauthorized access attempt from {ip}
73438,2026-01-15,10:19:51,INFO,WebServer,Page view: /home by u1721,E103,Page view: {page} by {user}
73439,2026-01-15,10:42:29,INFO,WebServer,Health check passed: WebServer,E102,Health check passed: {service}
73440,2026-01-15,10:27:16,INFO,InventoryDB,Health check passed: InventoryDB,E102,Health check passed: {service}
73441,2026-01-15,10:58:05,INFO,WebServer,Page view: /home by u3195,E103,Page view: {page} by {user}
73442,2026-01-15,10:38:40,INFO,WebServer,Health check passed: WebServer,E102,Health check passed: {service}
73443,2026-01-15,10:20:15,INFO,PaymentGateway,Page view: /home by u3668,E103,Page view: {page} by {user}
73444,2026-01-15,10:47:55,INFO,WebServer,Page view: /home by u4090,E103,Page view: {page} by {user}
73445,2026-01-15,10:13:35,WARN,AuthService,Unauthorized access attempt from 10.0.0.45,E401,Unauthorized access attempt from {ip}
73446,2026-01-15,10:00:19,INFO,PaymentGateway,Page view: /home by u3760,E103,Page view: {page} by {user}
73447,2026-01-15,10:08:44,INFO,AuthService,User u2050 login successful,E101,User {user} login successful
73448,2026-01-15,10:02:38,WARN,AuthService,High latency (429ms) detected on AuthService,E201,High latency ({time}ms) detected on {service}
73449,2026-01-15,10:36:03,WARN,WebServer,High latency (1950ms) detected on WebServer,E201,High latency ({time}ms) detected on {service}
73450,2026-01-15,10:02:44,INFO,PaymentGateway,Page view: /home by u2076,E103,Page view: {page} by {user}
73451,2026-01-15,10:41:45,INFO,WebServer,Transaction tx862973 completed in 335ms,E104,Transaction {tx} completed in {time}ms
73452,2026-01-15,10:36:20,INFO,OrderProcessor,Page view: /home by u3409,E103,Page view: {page} by {user}
73453,2026-01-15,10:24:08,INFO,WebServer,Health check passed: WebServer,E102,Health check passed: {service}
73454,2026-01-15,10:38:26,INFO,WebServer,Health check passed: WebServer,E102,Health check passed: {service}
73455,2026-01-15,10:00:14,INFO,AuthService,Transaction tx326203 completed in 1948ms,E104,Transaction {tx} completed in {time}ms
73456,2026-01-15,10:41:46,WARN,WebServer,Disk usage > 85% on node node-3,E202,Disk usage > 85% on node {node}
73457,2026-01-15,10:46:02,INFO,AuthService,Health check passed: AuthService,E102,Health check passed: {service}
73458,2026-01-15,10:26:07,INFO,WebServer,Transaction tx507601 completed in 1870ms,E104,Transaction {tx} completed in {time}ms
73459,2026-01-15,10:20:23,INFO,AuthService,Transaction tx776514 completed in 812ms,E104,Transaction {tx} completed in {time}ms
73460,2026-01-15,10:52:22,INFO,WebServer,User u3040 login successful,E101,User {user} login successful
73461,2026-01-15,10:43:50,INFO,WebServer,User u1518 login successful,E101,User {user} login successful
73462,2026-01-15,10:26:15,INFO,PaymentGateway,Health check passed: PaymentGateway,E102,Health check passed: {service}
73463,2026-01-15,10:49:29,INFO,AuthService,Health check passed: AuthService,E102,Health check passed: {service}
73464,2026-01-15,10:46:33,INFO,InventoryDB,Page view: /home by u4765,E103,Page view: {page} by {user}
73465,2026-01-15,10:33:20,INFO,InventoryDB,User u4324 login successful,E101,User {user} login successful
73466,2026-01-15,10:33:00,INFO,InventoryDB,User u3494 login successful,E101,User {user} login successful
73467,2026-01-15,10:18:55,INFO,WebServer,User u1977 login successful,E101,User {user} login successful
73468,2026-01-15,10:39:54,INFO,WebServer,Page view: /home by u4451,E103,Page view: {page} by {user}
73469,2026-01-15,10:18:33,INFO,WebServer,Page view: /home by u4296,E103,Page view: {page} by {user}
73470,2026-01-15,10:14:08,INFO,OrderProcessor,Health check passed: OrderProcessor,E102,Health check passed: {service}
73471,2026-01-15,10:24:58,INFO,OrderProcessor,Health check passed: OrderProcessor,E102,Health check passed: {service}
73472,2026-01-15,10:12:17,INFO,WebServer,Transaction tx541845 completed in 1266ms,E104,Transaction {tx} completed in {time}ms
73473,2026-01-15,10:23:37,INFO,WebServer,User u1532 login successful,E101,User {user} login successful
73474,2026-01-15,10:20:20,INFO,WebServer,Transaction tx991272 completed in 1280ms,E104,Transaction {tx} completed in {time}ms
73475,2026-01-15,10:24:41,INFO,WebServer,Page view: /home by u4688,E103,Page view: {page} by {user}
73476,2026-01-15,10:53:50,INFO,WebServer,Health check passed: WebServer,E102,Health check passed: {service}
73477,2026-01-15,10:33:34,INFO,OrderProcessor,User u2336 login successful,E101,User {user} login successful
73478,2026-01-15,10:25:28,WARN,WebServer,Unauthorized access attempt from 10.0.0.45,E401,Unauthorized access attempt from {ip}
73479,2026-01-15,10:49:43,INFO,AuthService,Page view: /home by u1804,E103,Page view: {page} by {user}
73480,2026-01-15,10:05:33,INFO,WebServer,Transaction tx393990 completed in 1613ms,E104,Transaction {tx} completed in {time}ms
73481,2026-01-15,10:33:38,INFO,PaymentGateway,User u2211 login successful,E101,User {user} login successful
73482,2026-01-15,10:28:35,INFO,AuthService,Page view: /home by u2962,E103,Page view: {page} by {user}
73483,2026-01-15,10:08:00,INFO,WebServer,Health check passed: WebServer,E102,Health check passed: {service}
73484,2026-01-15,10:53:37,INFO,PaymentGateway,User u4508 login successful,E101,User {user} login successful
73485,2026-01-15,10:16:14,CRITICAL,OrderProcessor,DATA CORRUPTION detected in sector 394,E602,DATA CORRUPTION detected in sector {sector}
73486,2026-01-15,10:33:18,INFO,WebServer,User u2006 login successful,E101,User {user} login successful
73487,2026-01-15,10:43:15,INFO,PaymentGateway,Transaction tx623040 completed in 973ms,E104,Transaction {tx} completed in {time}ms
73488,2026-01-15,10:14:35,INFO,OrderProcessor,Page view: /home by u3353,E103,Page view: {page} by {user}
73489,2026-01-15,10:02:51,INFO,InventoryDB,Transaction tx335716 completed in 765ms,E104,Transaction {tx} completed in {time}ms
73490,2026-01-15,10:49:43,INFO,WebServer,Transaction tx460351 completed in 903ms,E104,Transaction {tx} completed in {time}ms
73491,2026-01-15,10:52:47,INFO,WebServer,Transaction tx918581 completed in 619ms,E104,Transaction {tx} completed in {time}ms
73492,2026-01-15,10:01:44,INFO,WebServer,User u1691 login successful,E101,User {user} login successful
73493,2026-01-15,10:12:58,INFO,WebServer,Page view: /home by u3743,E103,Page view: {page} by {user}
73494,2026-01-15,10:11:14,INFO,WebServer,User u4037 login successful,E101,User {user} login successful
73495,2026-01-15,10:58:17,INFO,AuthService,User u4988 login successful,E101,User {user} login successful
73496,2026-01-15,10:19:15,INFO,PaymentGateway,Health check passed: PaymentGateway,E102,Health check passed: {service}
73497,2026-01-15,10:27:15,INFO,WebServer,User u2767 login successful,E101,User {user} login successful
73498,2026-01-15,10:23:26,INFO,OrderProcessor,Transaction tx340926 completed in 764ms,E104,Transaction {tx} completed in {time}ms
73499,2026-01-15,10:06:32,INFO,WebServer,Page view: /home by u4603,E103,Page view: {page} by {user}
73500,2026-01-15,10:06:48,INFO,WebServer,Health check passed: WebServer,E102,Health check passed: {service}
73501,2026-01-15,10:44:03,INFO,WebServer,Health check passed: WebServer,E102,Health check passed: {service}
73502,2026-01-15,10:24:50,INFO,WebServer,Health check passed: WebServer,E102,Health check passed: {service}
73503,2026-01-15,10:22:26,INFO,WebServer,Page view: /home by u2150,E103,Page view: {page} by {user}
73504,2026-01-15,10:32:40,INFO,AuthService,User u1289 login successful,E101,User {user} login successful
73505,2026-01-15,10:46:37,INFO,WebServer,Health check passed: WebServer,E102,Health check passed: {service}
73506,2026-01-15,10:53:34,INFO,WebServer,Page view: /home by u4192,E103,Page view: {page} by {user}
73507,2026-01-15,10:33:25,INFO,WebServer,Transaction tx493266 completed in 896ms,E104,Transaction {tx} completed in {time}ms
73508,2026-01-15,10:19:29,INFO,WebServer,User u2244 login successful,E101,User {user} login successful
73509,2026-01-15,10:38:10,INFO,OrderProcessor,Health check passed: OrderProcessor,E102,Health check passed: {service}
73510,2026-01-15,10:03:54,INFO,WebServer,Health check passed: WebServer,E102,Health check passed: {service}
73511,2026-01-15,10:11:37,INFO,OrderProcessor,User u2204 login successful,E101,User {user} login successful
73512,2026-01-15,10:24:33,INFO,WebServer,User u2259 login successful,E101,User {user} login successful
73513,2026-01-15,10:30:48,INFO,AuthService,User u2614 login successful,E101,User {user} login successful
73514,2026-01-15,10:11:01,WARN,OrderProcessor,High latency (844ms) detected on OrderProcessor,E201,High latency ({time}ms) detected on {service}
73515,2026-01-15,10:18:11,INFO,WebServer,Health check passed: WebServer,E102,Health check passed: {service}
73516,2026-01-15,10:39:04,INFO,WebServer,Health check passed: WebServer,E102,Health check passed: {service}
73517,2026-01-15,10:45:25,INFO,OrderProcessor,Transaction tx144941 completed in 1641ms,E104,Transaction {tx} completed in {time}ms
73518,2026-01-15,10:07:43,ERROR,WebServer,Payment declined: Gateway unavailable,E503,Payment declined: Gateway unavailable
73519,2026-01-15,10:05:50,INFO,WebServer,Transaction tx625073 completed in 1321ms,E104,Transaction {tx} completed in {time}ms
73520,2026-01-15,10:05:40,INFO,WebServer,User u3668 login successful,E101,User {user} login successful
73521,2026-01-15,10:46:10,WARN,PaymentGateway,Disk usage > 85% on node node-1,E202,Disk usage > 85% on node {node}
73522,2026-01-15,10:42:48,INFO,OrderProcessor,Page view: /home by u4629,E103,Page view: {page} by {user}
73523,2026-01-15,10:04:31,INFO,PaymentGateway,User u2346 login successful,E101,User {user} login successful
73524,2026-01-15,10:28:43,INFO,PaymentGateway,Page view: /home by u4456,E103,Page view: {page} by {user}
73525,2026-01-15,10:19:52,INFO,AuthService,Health check passed: AuthService,E102,Health check passed: {service}
73526,2026-01-15,10:52:35,INFO,OrderProcessor,Health check passed: OrderProcessor,E102,Health check passed: {service}
73527,2026-01-15,10:44:22,INFO,PaymentGateway,Health check passed: PaymentGateway,E102,Health check passed: {service}
73528,2026-01-15,10:19:05,INFO,AuthService,Page view: /home by u1925,E103,Page view: {page} by {user}
73529,2026-01-15,10:58:56,INFO,PaymentGateway,User u3997 login successful,E101,User {user} login successful
73530,2026-01-15,10:04:29,INFO,WebServer,Page view: /home by u4372,E103,Page view: {page} by {user}
73531,2026-01-15,10:05:55,INFO,InventoryDB,User u3830 login successful,E101,User {user} login successful
73532,2026-01-15,10:39:54,WARN,AuthService,Unauthorized access attempt from 10.0.0.45,E401,Unauthorized access attempt from {ip}
73533,2026-01-15,10:31:23,INFO,WebServer,Transaction tx188953 completed in 1355ms,E104,Transaction {tx} completed in {time}ms
73534,2026-01-15,10:49:47,INFO,WebServer,Health check passed: WebServer,E102,Health check passed: {service}
73535,2026-01-15,10:23:23,INFO,WebServer,Page view: /home by u3858,E103,Page view: {page} by {user}
73536,2026-01-15,10:37:44,INFO,AuthService,Health check passed: AuthService,E102,Health check passed: {service}
73537,2026-01-15,10:04:11,INFO,WebServer,Transaction tx130837 completed in 1531ms,E104,Transaction {tx} completed in {time}ms
73538,2026-01-15,10:22:47,INFO,InventoryDB,Page view: /home by u3397,E103,Page view: {page} by {user}
73539,2026-01-15,10:00:09,INFO,InventoryDB,Health check passed: InventoryDB,E102,Health check passed: {service}
73540,2026-01-15,10:50:16,WARN,InventoryDB,Unauthorized access attempt from 10.0.0.45,E401,Unauthorized access attempt from {ip}
73541,2026-01-15,10:38:59,INFO,WebServer,Transaction tx135973 completed in 849ms,E104,Transaction {tx} completed in {time}ms
73542,2026-01-15,10:19:58,INFO,WebServer,Health check passed: WebServer,E102,Health check passed: {service}
73543,2026-01-15,10:09:47,WARN,WebServer,Disk usage > 85% on node node-4,E202,Disk usage > 85% on node {node}
73544,2026-01-15,10:11:12,INFO,PaymentGateway,User u4469 login successful,E101,User {user} login successful
73545,2026-01-15,10:27:03,INFO,WebServer,Health check passed: WebServer,E102,Health check passed: {service}
73546,2026-01-15,10:11:01,INFO,PaymentGateway,Health check passed: PaymentGateway,E102,Health check passed: {service}
73547,2026-01-15,10:26:51,INFO,WebServer,Page view: /home by u3878,E103,Page view: {page} by {user}
73548,2026-01-15,10:30:27,INFO,WebServer,Health check passed: WebServer,E102,Health check passed: {service}
73549,2026-01-15,10:57:48,INFO,WebServer,Page view: /home by u2061,E103,Page view: {page} by {user}
73550,2026-01-15,10:39:02,INFO,WebServer,Page view: /home by u3645,E103,Page view: {page} by {user}
73551,2026-01-15,10:35:48,INFO,WebServer,Health check passed: WebServer,E102,Health check passed: {service}
73552,2026-01-15,10:13:21,INFO,PaymentGateway,Health check passed: PaymentGateway,E102,Health check passed: {service}
73553,2026-01-15,10:47:02,INFO,WebServer,User u4915 login successful,E101,User {user} login successful
73554,2026-01-15,10:50:40,INFO,WebServer,Health check passed: WebServer,E102,Health check passed: {service}
73555,2026-01-15,10:07:08,INFO,PaymentGateway,Page view: /home by u1801,E103,Page view: {page} by {user}
73556,2026-01-15,10:18:07,INFO,InventoryDB,User u4126 login successful,E101,User {user} login successful
73557,2026-01-15,10:05:48,INFO,InventoryDB,User u4953 login successful,E101,User {user} login successful
73558,2026-01-15,10:47:34,INFO,OrderProcessor,Health check passed: OrderProcessor,E102,Health check passed: {service}
73559,2026-01-15,10:49:47,WARN,InventoryDB,Unauthorized access attempt from 10.0.0.12,E401,Unauthorized access attempt from {ip}
73560,2026-01-15,10:34:08,INFO,WebServer,User u1658 login successful,E101,User {user} login successful
73561,2026-01-15,10:33:24,INFO,WebServer,Page view: /home by u1952,E103,Page view: {page} by {user}
73562,2026-01-15,10:21:25,WARN,PaymentGateway,High latency (244ms) detected on PaymentGateway,E201,High latency ({time}ms) detected on {service}
73563,2026-01-15,10:01:43,INFO,WebServer,Page view: /home by u2678,E103,Page view: {page} by {user}
73564,2026-01-15,10:48:56,INFO,AuthService,Health check passed: AuthService,E102,Health check passed: {service}
73565,2026-01-15,10:33:31,INFO,PaymentGateway,Page view: /home by u2777,E103,Page view: {page} by {user}
73566,2026-01-15,10:33:45,INFO,OrderProcessor,Health check passed: OrderProcessor,E102,Health check passed: {service}
73567,2026-01-15,10:28:15,INFO,AuthService,Health check passed: AuthService,E102,Health check passed: {service}
73568,2026-01-15,10:05:58,WARN,WebServer,Disk usage > 85% on node node-2,E202,Disk usage > 85% on node {node}
73569,2026-01-15,10:47:47,WARN,AuthService,Disk usage > 85% on node node-3,E202,Disk usage > 85% on node {node}
73570,2026-01-15,10:09:02,ERROR,OrderProcessor,Connection refused to OrderProcessor at 10.0.0.45,E501,Connection refused to {service} at {ip}
73571,2026-01-15,10:59:38,INFO,WebServer,Health check passed: WebServer,E102,Health check passed: {service}
73572,2026-01-15,10:27:21,INFO,OrderProcessor,Transaction tx691050 completed in 1937ms,E104,Transaction {tx} completed in {time}ms
73573,2026-01-15,10:45:40,INFO,OrderProcessor,Page view: /home by u2035,E103,Page view: {page} by {user}
73574,2026-01-15,10:03:31,INFO,WebServer,Health check passed: WebServer,E102,Health check passed: {service}
73575,2026-01-15,10:40:08,INFO,WebServer,Transaction tx186765 completed in 1026ms,E104,Transaction {tx} completed in {time}ms
73576,2026-01-15,10:10:03,INFO,AuthService,User u4831 login successful,E101,User {user} login successful
73577,2026-01-15,10:26:20,INFO,AuthService,Page view: /home by u4640,E103,Page view: {page} by {user}
73578,2026-01-15,10:36:14,INFO,WebServer,Page view: /home by u4908,E103,Page view: {page} by {user}
73579,2026-01-15,10:15:20,INFO,InventoryDB,Transaction tx835888 completed in 493ms,E104,Transaction {tx} completed in {time}ms
73580,2026-01-15,10:19:26,INFO,OrderProcessor,Transaction tx681952 completed in 1556ms,E104,Transaction {tx} completed in {time}ms
73581,2026-01-15,10:24:39,INFO,InventoryDB,Transaction tx257360 completed in 291ms,E104,Transaction {tx} completed in {time}ms
73582,2026-01-15,10:40:16,ERROR,WebServer,Timeout waiting for lock on InventoryDB,E502,Timeout waiting for lock on {db}
73583,2026-01-15,10:42:49,INFO,WebServer,Health check passed: WebServer,E102,Health check passed: {service}
73584,2026-01-15,10:42:33,ERROR,AuthService,Payment declined: Gateway unavailable,E503,Payment declined: Gateway unavailable
73585,2026-01-15,10:13:47,INFO,WebServer,User u1311 login successful,E101,User {user} login successful
73586,2026-01-15,10:18:18,INFO,WebServer,User u4109 login successful,E101,User {user} login successful
73587,2026-01-15,10:50:17,INFO,PaymentGateway,Page view: /home by u1963,E103,Page view: {page} by {user}
73588,2026-01-15,10:16:53,INFO,WebServer,Health check passed: WebServer,E102,Health check passed: {service}
73589,2026-01-15,10:13:11,INFO,AuthService,Health check passed: AuthService,E102,Health check passed: {service}
73590,2026-01-15,10:54:56,INFO,WebServer,Page view: /home by u3351,E103,Page view: {page} by {user}
73591,2026-01-15,10:58:31,INFO,AuthService,Page view: /home by u1443,E103,Page view: {page} by {user}
73592,2026-01-15,10:59:33,INFO,WebServer,Page view: /home by u1986,E103,Page view: {page} by {user}
73593,2026-01-15,10:07:56,INFO,PaymentGateway,Transaction tx334376 completed in 1822ms,E104,Transaction {tx} completed in {time}ms
73594,2026-01-15,10:19:54,WARN,WebServer,High latency (243ms) detected on WebServer,E201,High latency ({time}ms) detected on {service}
73595,2026-01-15,10:01:58,INFO,WebServer,Page view: /home by u4350,E103,Page view: {page} by {user}
73596,2026-01-15,10:24:07,CRITICAL,WebServer,KERNEL PANIC: Node node-5 crashed,E601,KERNEL PANIC: Node {node} crashed
73597,2026-01-15,10:41:44,INFO,WebServer,Transaction tx683160 completed in 1004ms,E104,Transaction {tx} completed in {time}ms
73598,2026-01-15,10:11:02,INFO,AuthService,Page view: /home by u2471,E103,Page view: {page} by {user}
73599,2026-01-15,10:49:36,INFO,WebServer,Health check passed: WebServer,E102,Health check passed: {service}
73600,2026-01-15,10:51:09,INFO,WebServer,User u3293 login successful,E101,User {user} login successful
73601,2026-01-15,10:47:17,INFO,InventoryDB,Page view: /home by u4932,E103,Page view: {page} by {user}
73602,2026-01-15,10:14:36,INFO,WebServer,Page view: /home by u1708,E103,Page view: {page} by {user}
73603,2026-01-15,10:25:43,INFO,WebServer,Transaction tx642139 completed in 588ms,E104,Transaction {tx} completed in {time}ms
73604,2026-01-15,10:07:51,INFO,WebServer,Page view: /home by u3469,E103,Page view: {page} by {user}
73605,2026-01-15,10:33:36,INFO,AuthService,Health check passed: AuthService,E102,Health check passed: {service}
73606,2026-01-15,10:44:00,INFO,WebServer,Transaction tx931152 completed in 315ms,E104,Transaction {tx} completed in {time}ms
73607,2026-01-15,10:39:24,INFO,PaymentGateway,Page view: /home by u2735,E103,Page view: {page} by {user}
73608,2026-01-15,10:04:24,WARN,WebServer,Disk usage > 85% on node node-4,E202,Disk usage > 85% on node {node}
73609,2026-01-15,10:20:19,INFO,WebServer,Health check passed: WebServer,E102,Health check passed: {service}
73610,2026-01-15,10:45:03,ERROR,OrderProcessor,Payment declined: Gateway unavailable,E503,Payment declined: Gateway unavailable
73611,2026-01-15,10:14:23,INFO,PaymentGateway,Page view: /home by u4670,E103,Page view: {page} by {user}
73612,2026-01-15,10:41:51,INFO,WebServer,User u2353 login successful,E101,User {user} login successful
73613,2026-01-15,10:22:41,INFO,WebServer,Transaction tx696694 completed in 1383ms,E104,Transaction {tx} completed in {time}ms
73614,2026-01-15,10:18:38,INFO,WebServer,Health check passed: WebServer,E102,Health check passed: {service}
73615,2026-01-15,10:22:11,INFO,AuthService,Transaction tx858337 completed in 1283ms,E104,Transaction {tx} completed in {time}ms
73616,2026-01-15,10:21:37,INFO,AuthService,Health check passed: AuthService,E102,Health check passed: {service}
73617,2026-01-15,10:14:18,INFO,AuthService,Page view: /home by u3441,E103,Page view: {page} by {user}
73618,2026-01-15,10:07:44,INFO,WebServer,Page view: /home by u4004,E103,Page view: {page} by {user}
73619,2026-01-15,10:38:37,INFO,AuthService,Transaction tx615742 completed in 364ms,E104,Transaction {tx} completed in {time}ms
73620,2026-01-15,10:15:53,INFO,WebServer,Transaction tx536419 completed in 1035ms,E104,Transaction {tx} completed in {time}ms
73621,2026-01-15,10:24:43,INFO,WebServer,Transaction tx738020 completed in 1237ms,E104,Transaction {tx} completed in {time}ms
73622,2026-01-15,10:22:15,INFO,InventoryDB,Transaction tx187519 completed in 517ms,E104,Transaction {tx} completed in {time}ms
73623,2026-01-15,10:51:20,INFO,WebServer,Health check passed: WebServer,E102,Health check passed: {service}
73624,2026-01-15,10:46:36,INFO,AuthService,Health check passed: AuthService,E102,Health check passed: {service}
73625,2026-01-15,10:20:57,INFO,WebServer,Transaction tx436286 completed in 1759ms,E104,Transaction {tx} completed in {time}ms
73626,2026-01-15,10:48:45,INFO,AuthService,User u1855 login successful,E101,User {user} login successful
73627,2026-01-15,10:19:10,INFO,OrderProcessor,Transaction tx414969 completed in 1665ms,E104,Transaction {tx} completed in {time}ms
73628,2026-01-15,10:11:04,INFO,OrderProcessor,Health check passed: OrderProcessor,E102,Health check passed: {service}
73629,2026-01-15,10:31:27,INFO,WebServer,User u4445 login successful,E101,User {user} login successful
73630,2026-01-15,10:56:38,INFO,AuthService,Transaction tx207929 completed in 858ms,E104,Transaction {tx} completed in {time}ms
73631,2026-01-15,10:15:52,INFO,WebServer,User u1537 login successful,E101,User {user} login successful
73632,2026-01-15,10:38:33,INFO,AuthService,User u1672 login successful,E101,User {user} login successful
73633,2026-01-15,10:41:49,INFO,InventoryDB,Page view: /home by u3027,E103,Page view: {page} by {user}
73634,2026-01-15,10:22:07,INFO,AuthService,Page view: /home by u1634,E103,Page view: {page} by {user}
73635,2026-01-15,10:14:12,INFO,OrderProcessor,Page view: /home by u2287,E103,Page view: {page} by {user}
73636,2026-01-15,10:45:11,INFO,WebServer,User u2602 login successful,E101,User {user} login successful
73637,2026-01-15,10:08:45,INFO,WebServer,Page view: /home by u4256,E103,Page view: {page} by {user}
73638,2026-01-15,10:26:43,INFO,AuthService,Transaction tx157950 completed in 712ms,E104,Transaction {tx} completed in {time}ms
73639,2026-01-15,10:04:04,INFO,AuthService,Health check passed: AuthService,E102,Health check passed: {service}
73640,2026-01-15,10:22:46,WARN,PaymentGateway,Unauthorized access attempt from 10.0.0.88,E401,Unauthorized access attempt from {ip}
73641,2026-01-15,10:08:24,INFO,PaymentGateway,Transaction tx917889 completed in 885ms,E104,Transaction {tx} completed in {time}ms
73642,2026-01-15,10:11:13,INFO,WebServer,Health check passed: WebServer,E102,Health check passed: {service}
73643,2026-01-15,10:13:30,INFO,InventoryDB,User u1212 login successful,E101,User {user} login successful
73644,2026-01-15,10:15:01,ERROR,WebServer,Timeout waiting for lock on InventoryDB,E502,Timeout waiting for lock on {db}
73645,2026-01-15,10:27:05,INFO,InventoryDB,Health check passed: InventoryDB,E102,Health check passed: {service}
73646,2026-01-15,10:06:43,INFO,WebServer,Page view: /home by u3979,E103,Page view: {page} by {user}
73647,2026-01-15,10:14:56,INFO,WebServer,Page view: /home by u2760,E103,Page view: {page} by {user}
73648,2026-01-15,10:45:39,INFO,InventoryDB,Transaction tx139554 completed in 1180ms,E104,Transaction {tx} completed in {time}ms
73649,2026-01-15,10:29:39,INFO,PaymentGateway,Transaction tx733081 completed in 175ms,E104,Transaction {tx} completed in {time}ms
73650,2026-01-15,10:01:13,INFO,WebServer,User u4755 login successful,E101,User {user} login successful
73651,2026-01-15,10:27:42,INFO,AuthService,Health check passed: AuthService,E102,Health check passed: {service}
73652,2026-01-15,10:28:35,INFO,WebServer,Transaction tx305563 completed in 1412ms,E104,Transaction {tx} completed in {time}ms
73653,2026-01-15,10:40:25,INFO,WebServer,Health check passed: WebServer,E102,Health check passed: {service}
73654,2026-01-15,10:24:07,INFO,AuthService,Page view: /home by u1376,E103,Page view: {page} by {user}
73655,2026-01-15,10:14:51,INFO,PaymentGateway,Health check passed: PaymentGateway,E102,Health check passed: {service}
73656,2026-01-15,10:30:09,INFO,OrderProcessor,Page view: /home by u4846,E103,Page view: {page} by {user}
73657,2026-01-15,10:10:52,WARN,WebServer,Unauthorized access attempt from 10.0.0.45,E401,Unauthorized access attempt from {ip}
73658,2026-01-15,10:32:06,ERROR,WebServer,Timeout waiting for lock on InventoryDB,E502,Timeout waiting for lock on {db}
73659,2026-01-15,10:02:56,INFO,AuthService,User u4232 login successful,E101,User {user} login successful
73660,2026-01-15,10:41:18,INFO,WebServer,User u3207 login successful,E101,User {user} login successful
73661,2026-01-15,10:46:22,INFO,WebServer,Transaction tx618110 completed in 109ms,E104,Transaction {tx} completed in {time}ms
73662,2026-01-15,10:42:19,INFO,PaymentGateway,Page view: /home by u3095,E103,Page view: {page} by {user}
73663,2026-01-15,10:51:49,INFO,InventoryDB,User u2094 login successful,E101,User {user} login successful
73664,2026-01-15,10:11:30,INFO,WebServer,Page view: /home by u4418,E103,Page view: {page} by {user}
73665,2026-01-15,10:31:00,INFO,WebServer,Page view: /home by u2600,E103,Page view: {page} by {user}
73666,2026-01-15,10:14:10,INFO,WebServer,Page view: /home by u2654,E103,Page view: {page} by {user}
73667,2026-01-15,10:45:11,INFO,AuthService,User u1460 login successful,E101,User {user} login successful
73668,2026-01-15,10:01:03,INFO,AuthService,Page view: /home by u3501,E103,Page view: {page} by {user}
73669,2026-01-15,10:31:22,INFO,WebServer,Transaction tx914012 completed in 1145ms,E104,Transaction {tx} completed in {time}ms
73670,2026-01-15,10:01:10,WARN,WebServer,Disk usage > 85% on node node-4,E202,Disk usage > 85% on node {node}
73671,2026-01-15,10:48:33,INFO,AuthService,User u1759 login successful,E101,User {user} login successful
73672,2026-01-15,10:14:27,INFO,WebServer,Page view: /home by u1299,E103,Page view: {page} by {user}
73673,2026-01-15,10:28:51,INFO,WebServer,Page view: /home by u3784,E103,Page view: {page} by {user}
73674,2026-01-15,10:49:36,INFO,WebServer,User u2793 login successful,E101,User {user} login successful
73675,2026-01-15,10:09:08,INFO,AuthService,Page view: /home by u2249,E103,Page view: {page} by {user}
73676,2026-01-15,10:29:58,INFO,InventoryDB,Page view: /home by u2124,E103,Page view: {page} by {user}
73677,2026-01-15,10:25:00,INFO,WebServer,Health check passed: WebServer,E102,Health check passed: {service}
73678,2026-01-15,10:14:40,INFO,WebServer,User u2645 login successful,E101,User {user} login successful
73679,2026-01-15,10:35:30,INFO,AuthService,Health check passed: AuthService,E102,Health check passed: {service}
73680,2026-01-15,10:56:05,INFO,WebServer,Transaction tx689970 completed in 1696ms,E104,Transaction {tx} completed in {time}ms
73681,2026-01-15,10:25:16,INFO,PaymentGateway,Transaction tx625432 completed in 1800ms,E104,Transaction {tx} completed in {time}ms
73682,2026-01-15,10:43:01,INFO,AuthService,Transaction tx758697 completed in 1488ms,E104,Transaction {tx} completed in {time}ms
73683,2026-01-15,10:26:31,INFO,PaymentGateway,Health check passed: PaymentGateway,E102,Health check passed: {service}
73684,2026-01-15,10:46:00,INFO,WebServer,Page view: /home by u1163,E103,Page view: {page} by {user}
73685,2026-01-15,10:40:06,INFO,InventoryDB,Health check passed: InventoryDB,E102,Health check passed: {service}
73686,2026-01-15,10:42:58,INFO,WebServer,Health check passed: WebServer,E102,Health check passed: {service}
73687,2026-01-15,10:31:07,INFO,AuthService,Page view: /home by u4574,E103,Page view: {page} by {user}
73688,2026-01-15,10:20:58,INFO,WebServer,Page view: /home by u4360,E103,Page view: {page} by {user}
73689,2026-01-15,10:37:00,INFO,WebServer,Health check passed: WebServer,E102,Health check passed: {service}
73690,2026-01-15,10:13:00,INFO,WebServer,Page view: /home by u4140,E103,Page view: {page} by {user}
73691,2026-01-15,10:54:08,INFO,PaymentGateway,User u3932 login successful,E101,User {user} login successful
73692,2026-01-15,10:47:59,ERROR,AuthService,Payment declined: Gateway unavailable,E503,Payment declined: Gateway unavailable
73693,2026-01-15,10:01:49,INFO,WebServer,Page view: /home by u1475,E103,Page view: {page} by {user}
73694,2026-01-15,10:30:47,INFO,PaymentGateway,Transaction tx472233 completed in 1908ms,E104,Transaction {tx} completed in {time}ms
73695,2026-01-15,10:49:01,INFO,WebServer,Page view: /home by u2985,E103,Page view: {page} by {user}
73696,2026-01-15,10:54:03,WARN,InventoryDB,Unauthorized access attempt from 10.0.0.88,E401,Unauthorized access attempt from {ip}
73697,2026-01-15,10:22:11,INFO,WebServer,User u2150 login successful,E101,User {user} login successful
73698,2026-01-15,10:44:17,INFO,WebServer,Page view: /home by u4656,E103,Page view: {page} by {user}
73699,2026-01-15,10:40:27,INFO,OrderProcessor,Health check passed: OrderProcessor,E102,Health check passed: {service}
73700,2026-01-15,10:22:53,WARN,WebServer,Disk usage > 85% on node node-4,E202,Disk usage > 85% on node {node}
73701,2026-01-15,10:03:42,INFO,WebServer,User u4772 login successful,E101,User {user} login successful
73702,2026-01-15,10:44:49,INFO,WebServer,Transaction tx335140 completed in 231ms,E104,Transaction {tx} completed in {time}ms
73703,2026-01-15,10:50:14,INFO,AuthService,Health check passed: AuthService,E102,Health check passed: {service}
73704,2026-01-15,10:56:05,INFO,WebServer,Page view: /home by u2055,E103,Page view: {page} by {user}
73705,2026-01-15,10:34:45,INFO,InventoryDB,Page view: /home by u1173,E103,Page view: {page} by {user}
73706,2026-01-15,10:31:44,INFO,WebServer,Transaction tx901255 completed in 1186ms,E104,Transaction {tx} completed in {time}ms
73707,2026-01-15,10:27:50,INFO,PaymentGateway,Page view: /home by u2725,E103,Page view: {page} by {user}
73708,2026-01-15,10:45:19,INFO,WebServer,Page view: /home by u4015,E103,Page view: {page} by {user}
73709,2026-01-15,10:24:59,INFO,WebServer,User u4988 login successful,E101,User {user} login successful
73710,2026-01-15,10:20:12,INFO,WebServer,Transaction tx272069 completed in 1844ms,E104,Transaction {tx} completed in {time}ms
73711,2026-01-15,10:53:21,INFO,PaymentGateway,Page view: /home by u1437,E103,Page view: {page} by {user}
73712,2026-01-15,10:41:14,INFO,WebServer,Health check passed: WebServer,E102,Health check passed: {service}
73713,2026-01-15,10:08:58,INFO,WebServer,Transaction tx612660 completed in 353ms,E104,Transaction {tx} completed in {time}ms
73714,2026-01-15,10:07:14,INFO,WebServer,Page view: /home by u1913,E103,Page view: {page} by {user}
73715,2026-01-15,10:23:30,INFO,WebServer,User u2609 login successful,E101,User {user} login successful
73716,2026-01-15,10:24:30,INFO,AuthService,Transaction tx241002 completed in 598ms,E104,Transaction {tx} completed in {time}ms
73717,2026-01-15,10:01:17,INFO,WebServer,Page view: /home by u3434,E103,Page view: {page} by {user}
73718,2026-01-15,10:44:20,INFO,WebServer,User u1595 login successful,E101,User {user} login successful
73719,2026-01-15,10:16:37,INFO,OrderProcessor,Transaction tx940746 completed in 1754ms,E104,Transaction {tx} completed in {time}ms
73720,2026-01-15,10:55:34,INFO,AuthService,Transaction tx525008 completed in 1427ms,E104,Transaction {tx} completed in {time}ms
73721,2026-01-15,10:59:17,INFO,AuthService,Page view: /home by u2606,E103,Page view: {page} by {user}
73722,2026-01-15,10:22:17,INFO,OrderProcessor,Health check passed: OrderProcessor,E102,Health check passed: {service}
73723,2026-01-15,10:47:41,INFO,PaymentGateway,Page view: /home by u3966,E103,Page view: {page} by {user}
73724,2026-01-15,10:43:42,INFO,AuthService,Page view: /home by u3190,E103,Page view: {page} by {user}
73725,2026-01-15,10:48:42,INFO,WebServer,Health check passed: WebServer,E102,Health check passed: {service}
73726,2026-01-15,10:53:39,INFO,WebServer,Health check passed: WebServer,E102,Health check passed: {service}
73727,2026-01-15,10:44:50,INFO,InventoryDB,Page view: /home by u3842,E103,Page view: {page} by {user}
73728,2026-01-15,10:54:12,INFO,WebServer,Health check passed: WebServer,E102,Health check passed: {service}
73729,2026-01-15,10:21:50,INFO,WebServer,Health check passed: WebServer,E102,Health check passed: {service}
73730,2026-01-15,10:01:34,INFO,AuthService,User u1393 login successful,E101,User {user} login successful
73731,2026-01-15,10:46:53,INFO,PaymentGateway,Page view: /home by u2252,E103,Page view: {page} by {user}
73732,2026-01-15,10:40:57,INFO,AuthService,User u1505 login successful,E101,User {user} login successful
73733,2026-01-15,10:12:10,INFO,WebServer,User u3112 login successful,E101,User {user} login successful
73734,2026-01-15,10:17:07,INFO,OrderProcessor,User u3993 login successful,E101,User {user} login successful
73735,2026-01-15,10:20:29,INFO,OrderProcessor,Transaction tx488978 completed in 1959ms,E104,Transaction {tx} completed in {time}ms
73736,2026-01-15,10:06:39,INFO,WebServer,Page view: /home by u4354,E103,Page view: {page} by {user}
73737,2026-01-15,10:40:13,INFO,WebServer,User u4445 login successful,E101,User {user} login successful
73738,2026-01-15,10:45:11,INFO,WebServer,Page view: /home by u3427,E103,Page view: {page} by {user}
73739,2026-01-15,10:41:15,INFO,OrderProcessor,User u4995 login successful,E101,User {user} login successful
73740,2026-01-15,10:11:25,INFO,WebServer,Health check passed: WebServer,E102,Health check passed: {service}
73741,2026-01-15,10:58:58,INFO,WebServer,User u3640 login successful,E101,User {user} login successful
73742,2026-01-15,10:37:47,INFO,WebServer,Page view: /home by u3953,E103,Page view: {page} by {user}
73743,2026-01-15,10:23:18,INFO,AuthService,User u3682 login successful,E101,User {user} login successful
73744,2026-01-15,10:50:44,WARN,WebServer,Disk usage > 85% on node node-1,E202,Disk usage > 85% on node {node}
73745,2026-01-15,10:23:42,INFO,OrderProcessor,User u1748 login successful,E101,User {user} login successful
73746,2026-01-15,10:09:39,WARN,WebServer,Unauthorized access attempt from 10.0.0.45,E401,Unauthorized access attempt from {ip}
73747,2026-01-15,10:04:32,INFO,OrderProcessor,User u2994 login successful,E101,User {user} login successful
73748,2026-01-15,10:50:22,INFO,WebServer,Page view: /home by u4038,E103,Page view: {page} by {user}
73749,2026-01-15,10:45:26,INFO,OrderProcessor,Page view: /home by u1275,E103,Page view: {page} by {user}
73750,2026-01-15,10:25:25,WARN,AuthService,Disk usage > 85% on node node-3,E202,Disk usage > 85% on node {node}
73751,2026-01-15,10:23:43,INFO,OrderProcessor,Page view: /home by u4721,E103,Page view: {page} by {user}
73752,2026-01-15,10:10:03,INFO,WebServer,Page view: /home by u4902,E103,Page view: {page} by {user}
73753,2026-01-15,10:10:53,INFO,WebServer,Transaction tx741461 completed in 1203ms,E104,Transaction {tx} completed in {time}ms
73754,2026-01-15,10:08:53,INFO,PaymentGateway,User u1312 login successful,E101,User {user} login successful
73755,2026-01-15,10:22:34,INFO,PaymentGateway,Transaction tx602176 completed in 332ms,E104,Transaction {tx} completed in {time}ms
73756,2026-01-15,10:47:22,INFO,WebServer,Transaction tx979603 completed in 1170ms,E104,Transaction {tx} completed in {time}ms
73757,2026-01-15,10:16:26,INFO,AuthService,User u2077 login successful,E101,User {user} login successful
73758,2026-01-15,10:05:16,INFO,PaymentGateway,Transaction tx407179 completed in 1698ms,E104,Transaction {tx} completed in {time}ms
73759,2026-01-15,10:42:37,INFO,InventoryDB,User u1554 login successful,E101,User {user} login successful
73760,2026-01-15,10:55:52,INFO,OrderProcessor,User u1485 login successful,E101,User {user} login successful
73761,2026-01-15,10:23:51,INFO,OrderProcessor,Transaction tx494261 completed in 1910ms,E104,Transaction {tx} completed in {time}ms
73762,2026-01-15,10:40:30,INFO,WebServer,Health check passed: WebServer,E102,Health check passed: {service}
73763,2026-01-15,11:35:09,INFO,PaymentGateway,Transaction tx905030 completed in 1948ms,E104,Transaction {tx} completed in {time}ms
73764,2026-01-15,11:20:56,INFO,OrderProcessor,Page view: /home by u4532,E103,Page view: {page} by {user}
73765,2026-01-15,11:59:18,INFO,AuthService,Transaction tx312679 completed in 154ms,E104,Transaction {tx} completed in {time}ms
73766,2026-01-15,11:03:53,INFO,PaymentGateway,User u3292 login successful,E101,User {user} login successful
73767,2026-01-15,11:02:32,INFO,AuthService,Transaction tx269581 completed in 981ms,E104,Transaction {tx} completed in {time}ms
73768,2026-01-15,11:56:54,INFO,WebServer,Page view: /home by u4191,E103,Page view: {page} by {user}
73769,2026-01-15,11:16:05,INFO,WebServer,Transaction tx179246 completed in 1229ms,E104,Transaction {tx} completed in {time}ms
73770,2026-01-15,11:58:10,INFO,WebServer,User u2730 login successful,E101,User {user} login successful
73771,2026-01-15,11:53:12,INFO,OrderProcessor,Page view: /home by u2010,E103,Page view: {page} by {user}
73772,2026-01-15,11:18:22,INFO,WebServer,Transaction tx364817 completed in 1680ms,E104,Transaction {tx} completed in {time}ms
73773,2026-01-15,11:53:56,INFO,OrderProcessor,Page view: /home by u2593,E103,Page view: {page} by {user}
73774,2026-01-15,11:55:16,INFO,WebServer,User u3370 login successful,E101,User {user} login successful
73775,2026-01-15,11:58:22,INFO,WebServer,Transaction tx286013 completed in 379ms,E104,Transaction {tx} completed in {time}ms
73776,2026-01-15,11:39:39,INFO,WebServer,Page view: /home by u2459,E103,Page view: {page} by {user}
73777,2026-01-15,11:35:09,INFO,WebServer,Health check passed: WebServer,E102,Health check passed: {service}
73778,2026-01-15,11:38:16,INFO,OrderProcessor,Page view: /home by u2951,E103,Page view: {page} by {user}
73779,2026-01-15,11:24:12,INFO,WebServer,Health check passed: WebServer,E102,Health check passed: {service}
73780,2026-01-15,11:30:07,INFO,WebServer,Transaction tx843641 completed in 680ms,E104,Transaction {tx} completed in {time}ms
73781,2026-01-15,11:29:58,INFO,OrderProcessor,User u2056 login successful,E101,User {user} login successful
73782,2026-01-15,11:09:54,INFO,PaymentGateway,User u3179 login successful,E101,User {user} login successful
73783,2026-01-15,11:19:20,WARN,AuthService,Disk usage > 85% on node node-1,E202,Disk usage > 85% on node {node}
73784,2026-01-15,11:26:31,WARN,WebServer,Unauthorized access attempt from 10.0.0.45,E401,Unauthorized access attempt from {ip}
73785,2026-01-15,11:41:22,INFO,WebServer,Health check passed: WebServer,E102,Health check passed: {service}
73786,2026-01-15,11:05:46,INFO,AuthService,User u1824 login successful,E101,User {user} login successful
73787,2026-01-15,11:35:29,INFO,WebServer,User u3719 login successful,E101,User {user} login successful
73788,2026-01-15,11:14:55,INFO,PaymentGateway,User u4658 login successful,E101,User {user} login successful
73789,2026-01-15,11:43:55,INFO,WebServer,Health check passed: WebServer,E102,Health check passed: {service}
73790,2026-01-15,11:21:58,INFO,WebServer,User u2900 login successful,E101,User {user} login successful
73791,2026-01-15,11:20:38,INFO,PaymentGateway,Page view: /home by u1265,E103,Page view: {page} by {user}
73792,2026-01-15,11:07:35,INFO,InventoryDB,Health check passed: InventoryDB,E102,Health check passed: {service}
73793,2026-01-15,11:45:54,INFO,AuthService,Transaction tx197917 completed in 1239ms,E104,Transaction {tx} completed in {time}ms
73794,2026-01-15,11:44:15,INFO,AuthService,User u4823 login successful,E101,User {user} login successful
73795,2026-01-15,11:07:00,INFO,OrderProcessor,Transaction tx332029 completed in 240ms,E104,Transaction {tx} completed in {time}ms
73796,2026-01-15,11:42:46,INFO,WebServer,User u2736 login successful,E101,User {user} login successful
73797,2026-01-15,11:40:10,INFO,PaymentGateway,User u4601 login successful,E101,User {user} login successful
73798,2026-01-15,11:45:49,INFO,WebServer,Health check passed: WebServer,E102,Health check passed: {service}
73799,2026-01-15,11:01:38,INFO,OrderProcessor,Page view: /home by u1072,E103,Page view: {page} by {user}
73800,2026-01-15,11:24:54,INFO,AuthService,Health check passed: AuthService,E102,Health check passed: {service}
73801,2026-01-15,11:32:55,INFO,PaymentGateway,User u3037 login successful,E101,User {user} login successful
73802,2026-01-15,11:28:40,INFO,AuthService,Transaction tx853217 completed in 1285ms,E104,Transaction {tx} completed in {time}ms
73803,2026-01-15,11:29:10,INFO,OrderProcessor,Page view: /home by u2166,E103,Page view: {page} by {user}
73804,2026-01-15,11:53:23,INFO,OrderProcessor,Page view: /home by u2879,E103,Page view: {page} by {user}
73805,2026-01-15,11:20:11,INFO,WebServer,Page view: /home by u1572,E103,Page view: {page} by {user}
73806,2026-01-15,11:06:59,INFO,AuthService,Transaction tx747667 completed in 396ms,E104,Transaction {tx} completed in {time}ms
73807,2026-01-15,11:50:12,INFO,WebServer,Transaction tx763364 completed in 697ms,E104,Transaction {tx} completed in {time}ms
73808,2026-01-15,11:22:17,INFO,WebServer,Transaction tx735489 completed in 826ms,E104,Transaction {tx} completed in {time}ms
73809,2026-01-15,11:52:14,INFO,WebServer,Health check passed: WebServer,E102,Health check passed: {service}
73810,2026-01-15,11:04:33,INFO,WebServer,Page view: /home by u1045,E103,Page view: {page} by {user}
73811,2026-01-15,11:06:58,INFO,PaymentGateway,Transaction tx370186 completed in 735ms,E104,Transaction {tx} completed in {time}ms
73812,2026-01-15,11:42:12,INFO,WebServer,Transaction tx500273 completed in 1541ms,E104,Transaction {tx} completed in {time}ms
73813,2026-01-15,11:46:38,INFO,WebServer,Page view: /home by u2747,E103,Page view: {page} by {user}
73814,2026-01-15,11:19:48,INFO,WebServer,Page view: /home by u1589,E103,Page view: {page} by {user}
73815,2026-01-15,11:27:11,INFO,WebServer,Page view: /home by u2616,E103,Page view: {page} by {user}
73816,2026-01-15,11:16:20,INFO,WebServer,Page view: /home by u1097,E103,Page view: {page} by {user}
73817,2026-01-15,11:42:27,INFO,AuthService,Page view: /home by u4552,E103,Page view: {page} by {user}
73818,2026-01-15,11:13:33,INFO,WebServer,Page view: /home by u3988,E103,Page view: {page} by {user}
73819,2026-01-15,11:10:38,WARN,WebServer,High latency (770ms) detected on WebServer,E201,High latency ({time}ms) detected on {service}
73820,2026-01-15,11:13:48,INFO,AuthService,Health check passed: AuthService,E102,Health check passed: {service}
73821,2026-01-15,11:36:11,INFO,AuthService,Page view: /home by u2834,E103,Page view: {page} by {user}
73822,2026-01-15,11:48:24,WARN,WebServer,High latency (1919ms) detected on WebServer,E201,High latency ({time}ms) detected on {service}
73823,2026-01-15,11:25:49,CRITICAL,OrderProcessor,DATA CORRUPTION detected in sector 551,E602,DATA CORRUPTION detected in sector {sector}
73824,2026-01-15,11:28:18,INFO,PaymentGateway,Transaction tx887966 completed in 1541ms,E104,Transaction {tx} completed in {time}ms
73825,2026-01-15,11:53:25,INFO,WebServer,Page view: /home by u2479,E103,Page view: {page} by {user}
73826,2026-01-15,11:00:08,INFO,AuthService,Health check passed: AuthService,E102,Health check passed: {service}
73827,2026-01-15,11:19:40,INFO,WebServer,Page view: /home by u3188,E103,Page view: {page} by {user}
73828,2026-01-15,11:38:21,INFO,OrderProcessor,User u4048 login successful,E101,User {user} login successful
73829,2026-01-15,11:30:24,INFO,AuthService,Health check passed: AuthService,E102,Health check passed: {service}
73830,2026-01-15,11:38:20,INFO,WebServer,User u2679 login successful,E101,User {user} login successful
73831,2026-01-15,11:43:34,INFO,InventoryDB,Page view: /home by u4769,E103,Page view: {page} by {user}
73832,2026-01-15,11:06:14,INFO,AuthService,Page view: /home by u3634,E103,Page view: {page} by {user}
73833,2026-01-15,11:38:53,INFO,WebServer,Page view: /home by u1709,E103,Page view: {page} by {user}
73834,2026-01-15,11:37:59,INFO,WebServer,Health check passed: WebServer,E102,Health check passed: {service}
73835,2026-01-15,11:05:56,INFO,PaymentGateway,Page view: /home by u2443,E103,Page view: {page} by {user}
73836,2026-01-15,11:16:16,INFO,OrderProcessor,Transaction tx294757 completed in 1961ms,E104,Transaction {tx} completed in {time}ms
73837,2026-01-15,11:34:24,INFO,OrderProcessor,Health check passed: OrderProcessor,E102,Health check passed: {service}
73838,2026-01-15,11:39:53,INFO,AuthService,Page view: /home by u4426,E103,Page view: {page} by {user}
73839,2026-01-15,11:20:25,INFO,OrderProcessor,User u3536 login successful,E101,User {user} login successful
73840,2026-01-15,11:31:57,CRITICAL,WebServer,KERNEL PANIC: Node node-1 crashed,E601,KERNEL PANIC: Node {node} crashed
73841,2026-01-15,11:18:43,INFO,AuthService,Health check passed: AuthService,E102,Health check passed: {service}
73842,2026-01-15,11:16:15,INFO,AuthService,User u4078 login successful,E101,User {user} login successful
73843,2026-01-15,11:14:39,INFO,AuthService,Transaction tx888305 completed in 163ms,E104,Transaction {tx} completed in {time}ms
73844,2026-01-15,11:38:30,INFO,WebServer,Page view: /home by u4259,E103,Page view: {page} by {user}
73845,2026-01-15,11:47:20,INFO,OrderProcessor,Health check passed: OrderProcessor,E102,Health check passed: {service}
73846,2026-01-15,11:59:26,INFO,WebServer,User u4532 login successful,E101,User {user} login successful
73847,2026-01-15,11:52:13,INFO,WebServer,Page view: /home by u4553,E103,Page view: {page} by {user}
73848,2026-01-15,11:28:47,INFO,AuthService,Health check passed: AuthService,E102,Health check passed: {service}
73849,2026-01-15,11:00:29,INFO,OrderProcessor,Transaction tx278197 completed in 558ms,E104,Transaction {tx} completed in {time}ms
73850,2026-01-15,11:11:15,INFO,InventoryDB,Health check passed: InventoryDB,E102,Health check passed: {service}
73851,2026-01-15,11:45:52,INFO,OrderProcessor,Health check passed: OrderProcessor,E102,Health check passed: {service}
73852,2026-01-15,11:52:17,INFO,WebServer,Health check passed: WebServer,E102,Health check passed: {service}
73853,2026-01-15,11:39:51,INFO,OrderProcessor,User u3562 login successful,E101,User {user} login successful
73854,2026-01-15,11:13:09,INFO,OrderProcessor,User u2514 login successful,E101,User {user} login successful
73855,2026-01-15,11:32:12,INFO,WebServer,Health check passed: WebServer,E102,Health check passed: {service}
73856,2026-01-15,11:04:40,INFO,WebServer,Page view: /home by u1641,E103,Page view: {page} by {user}
73857,2026-01-15,11:30:14,INFO,PaymentGateway,User u3416 login successful,E101,User {user} login successful
73858,2026-01-15,11:27:35,INFO,InventoryDB,User u4828 login successful,E101,User {user} login successful
73859,2026-01-15,11:40:56,INFO,WebServer,Page view: /home by u4231,E103,Page view: {page} by {user}
73860,2026-01-15,11:52:14,INFO,AuthService,Page view: /home by u3871,E103,Page view: {page} by {user}
73861,2026-01-15,11:02:41,INFO,WebServer,User u2573 login successful,E101,User {user} login successful
73862,2026-01-15,11:16:11,INFO,AuthService,User u2451 login successful,E101,User {user} login successful
73863,2026-01-15,11:04:03,INFO,WebServer,User u4119 login successful,E101,User {user} login successful
73864,2026-01-15,11:09:38,INFO,AuthService,User u3947 login successful,E101,User {user} login successful
73865,2026-01-15,11:31:35,INFO,WebServer,User u4921 login successful,E101,User {user} login successful
73866,2026-01-15,11:57:35,INFO,OrderProcessor,Transaction tx461588 completed in 1784ms,E104,Transaction {tx} completed in {time}ms
73867,2026-01-15,11:39:59,INFO,WebServer,Health check passed: WebServer,E102,Health check passed: {service}
73868,2026-01-15,11:52:34,INFO,WebServer,User u1382 login successful,E101,User {user} login successful
73869,2026-01-15,11:53:56,INFO,WebServer,Transaction tx482068 completed in 1826ms,E104,Transaction {tx} completed in {time}ms
73870,2026-01-15,11:05:15,INFO,AuthService,Transaction tx625826 completed in 399ms,E104,Transaction {tx} completed in {time}ms
73871,2026-01-15,11:42:25,WARN,InventoryDB,High latency (1210ms) detected on InventoryDB,E201,High latency ({time}ms) detected on {service}
73872,2026-01-15,11:31:31,INFO,PaymentGateway,User u4043 login successful,E101,User {user} login successful
73873,2026-01-15,11:10:52,INFO,WebServer,Health check passed: WebServer,E102,Health check passed: {service}
73874,2026-01-15,11:24:04,INFO,WebServer,Transaction tx822200 completed in 1520ms,E104,Transaction {tx} completed in {time}ms
73875,2026-01-15,11:21:41,INFO,AuthService,Transaction tx663308 completed in 566ms,E104,Transaction {tx} completed in {time}ms
73876,2026-01-15,11:04:07,INFO,WebServer,User u2916 login successful,E101,User {user} login successful
73877,2026-01-15,11:42:10,INFO,WebServer,Transaction tx532182 completed in 260ms,E104,Transaction {tx} completed in {time}ms
73878,2026-01-15,11:30:26,INFO,WebServer,Transaction tx366868 completed in 894ms,E104,Transaction {tx} completed in {time}ms
73879,2026-01-15,11:58:01,INFO,PaymentGateway,Page view: /home by u2183,E103,Page view: {page} by {user}
73880,2026-01-15,11:19:40,INFO,PaymentGateway,Page view: /home by u1481,E103,Page view: {page} by {user}
73881,2026-01-15,11:35:00,INFO,InventoryDB,User u3283 login successful,E101,User {user} login successful
73882,2026-01-15,11:45:42,WARN,PaymentGateway,Unauthorized access attempt from 10.0.0.45,E401,Unauthorized access attempt from {ip}
73883,2026-01-15,11:57:03,INFO,PaymentGateway,Transaction tx390477 completed in 733ms,E104,Transaction {tx} completed in {time}ms
73884,2026-01-15,11:20:01,INFO,AuthService,User u3436 login successful,E101,User {user} login successful
73885,2026-01-15,11:12:48,WARN,AuthService,Unauthorized access attempt from 10.0.0.88,E401,Unauthorized access attempt from {ip}
73886,2026-01-15,11:01:59,INFO,AuthService,Health check passed: AuthService,E102,Health check passed: {service}
73887,2026-01-15,11:49:27,INFO,PaymentGateway,Transaction tx809450 completed in 1749ms,E104,Transaction {tx} completed in {time}ms
73888,2026-01-15,11:23:42,INFO,WebServer,User u1162 login successful,E101,User {user} login successful
73889,2026-01-15,11:21:51,INFO,InventoryDB,Transaction tx135081 completed in 425ms,E104,Transaction {tx} completed in {time}ms
73890,2026-01-15,11:46:36,INFO,OrderProcessor,Health check passed: OrderProcessor,E102,Health check passed: {service}
73891,2026-01-15,11:55:26,INFO,AuthService,Transaction tx212636 completed in 824ms,E104,Transaction {tx} completed in {time}ms
73892,2026-01-15,11:35:41,INFO,OrderProcessor,User u4984 login successful,E101,User {user} login successful
73893,2026-01-15,11:41:03,INFO,OrderProcessor,Page view: /home by u2434,E103,Page view: {page} by {user}
73894,2026-01-15,11:51:04,INFO,AuthService,Page view: /home by u4787,E103,Page view: {page} by {user}
73895,2026-01-15,11:49:38,INFO,AuthService,Transaction tx484957 completed in 1508ms,E104,Transaction {tx} completed in {time}ms
73896,2026-01-15,11:57:26,INFO,OrderProcessor,User u2529 login successful,E101,User {user} login successful
73897,2026-01-15,11:30:24,INFO,WebServer,User u4685 login successful,E101,User {user} login successful
73898,2026-01-15,11:24:10,INFO,WebServer,User u1127 login successful,E101,User {user} login successful
73899,2026-01-15,11:32:07,INFO,WebServer,Transaction tx608775 completed in 1297ms,E104,Transaction {tx} completed in {time}ms
73900,2026-01-15,11:39:56,INFO,InventoryDB,Page view: /home by u4967,E103,Page view: {page} by {user}
73901,2026-01-15,11:02:16,INFO,PaymentGateway,User u4351 login successful,E101,User {user} login successful
73902,2026-01-15,11:08:09,INFO,AuthService,Transaction tx830754 completed in 826ms,E104,Transaction {tx} completed in {time}ms
73903,2026-01-15,11:46:32,INFO,AuthService,Page view: /home by u3587,E103,Page view: {page} by {user}
73904,2026-01-15,11:42:52,INFO,WebServer,User u1169 login successful,E101,User {user} login successful
73905,2026-01-15,11:03:16,INFO,WebServer,Health check passed: WebServer,E102,Health check passed: {service}
73906,2026-01-15,11:35:18,INFO,OrderProcessor,Page view: /home by u1811,E103,Page view: {page} by {user}
73907,2026-01-15,11:34:31,INFO,WebServer,Transaction tx485709 completed in 268ms,E104,Transaction {tx} completed in {time}ms
73908,2026-01-15,11:31:09,INFO,WebServer,Health check passed: WebServer,E102,Health check passed: {service}
73909,2026-01-15,11:34:48,INFO,WebServer,Page view: /home by u2945,E103,Page view: {page} by {user}
73910,2026-01-15,11:30:44,WARN,WebServer,Disk usage > 85% on node node-2,E202,Disk usage > 85% on node {node}
73911,2026-01-15,11:41:46,INFO,WebServer,Transaction tx711783 completed in 1846ms,E104,Transaction {tx} completed in {time}ms
73912,2026-01-15,11:09:20,INFO,OrderProcessor,User u3946 login successful,E101,User {user} login successful
73913,2026-01-15,11:03:52,INFO,InventoryDB,Page view: /home by u4478,E103,Page view: {page} by {user}
73914,2026-01-15,11:50:27,INFO,WebServer,User u4998 login successful,E101,User {user} login successful
73915,2026-01-15,11:01:47,INFO,WebServer,Health check passed: WebServer,E102,Health check passed: {service}
73916,2026-01-15,11:02:59,INFO,AuthService,Page view: /home by u2777,E103,Page view: {page} by {user}
73917,2026-01-15,11:39:09,INFO,PaymentGateway,Transaction tx797960 completed in 678ms,E104,Transaction {tx} completed in {time}ms
73918,2026-01-15,11:22:15,INFO,OrderProcessor,Health check passed: OrderProcessor,E102,Health check passed: {service}
73919,2026-01-15,11:49:13,INFO,OrderProcessor,User u2137 login successful,E101,User {user} login successful
73920,2026-01-15,11:37:21,INFO,WebServer,Transaction tx235244 completed in 682ms,E104,Transaction {tx} completed in {time}ms
73921,2026-01-15,11:15:26,INFO,WebServer,Health check passed: WebServer,E102,Health check passed: {service}
73922,2026-01-15,11:01:21,INFO,AuthService,User u4933 login successful,E101,User {user} login successful
73923,2026-01-15,11:34:57,INFO,AuthService,Health check passed: AuthService,E102,Health check passed: {service}
73924,2026-01-15,11:08:54,INFO,AuthService,Health check passed: AuthService,E102,Health check passed: {service}
73925,2026-01-15,11:42:01,INFO,WebServer,Health check passed: WebServer,E102,Health check passed: {service}
73926,2026-01-15,11:06:32,INFO,AuthService,Page view: /home by u3999,E103,Page view: {page} by {user}
73927,2026-01-15,11:43:21,INFO,WebServer,User u1595 login successful,E101,User {user} login successful
73928,2026-01-15,11:57:51,INFO,WebServer,Page view: /home by u4449,E103,Page view: {page} by {user}
73929,2026-01-15,11:47:33,WARN,WebServer,Disk usage > 85% on node node-4,E202,Disk usage > 85% on node {node}
73930,2026-01-15,11:30:54,INFO,WebServer,Transaction tx120460 completed in 1665ms,E104,Transaction {tx} completed in {time}ms
73931,2026-01-15,11:13:45,INFO,OrderProcessor,Page view: /home by u4845,E103,Page view: {page} by {user}
73932,2026-01-15,11:59:53,INFO,OrderProcessor,Transaction tx626794 completed in 1533ms,E104,Transaction {tx} completed in {time}ms
73933,2026-01-15,11:56:07,INFO,AuthService,User u4908 login successful,E101,User {user} login successful
73934,2026-01-15,11:08:28,INFO,WebServer,Page view: /home by u4364,E103,Page view: {page} by {user}
73935,2026-01-15,11:54:00,INFO,WebServer,Page view: /home by u3775,E103,Page view: {page} by {user}
73936,2026-01-15,11:18:24,INFO,OrderProcessor,Transaction tx712062 completed in 216ms,E104,Transaction {tx} completed in {time}ms
73937,2026-01-15,11:41:35,INFO,WebServer,User u2150 login successful,E101,User {user} login successful
73938,2026-01-15,11:27:21,INFO,WebServer,Page view: /home by u4556,E103,Page view: {page} by {user}
73939,2026-01-15,11:02:05,WARN,WebServer,High latency (1005ms) detected on WebServer,E201,High latency ({time}ms) detected on {service}
73940,2026-01-15,11:26:29,INFO,PaymentGateway,User u1275 login successful,E101,User {user} login successful
73941,2026-01-15,11:48:47,INFO,WebServer,User u4193 login successful,E101,User {user} login successful
73942,2026-01-15,11:25:27,INFO,WebServer,Transaction tx854826 completed in 1475ms,E104,Transaction {tx} completed in {time}ms
73943,2026-01-15,11:52:08,INFO,AuthService,User u4065 login successful,E101,User {user} login successful
73944,2026-01-15,11:56:24,INFO,OrderProcessor,Transaction tx744430 completed in 1700ms,E104,Transaction {tx} completed in {time}ms
73945,2026-01-15,11:13:39,INFO,OrderProcessor,Transaction tx437240 completed in 1934ms,E104,Transaction {tx} completed in {time}ms
73946,2026-01-15,11:06:18,INFO,AuthService,User u2584 login successful,E101,User {user} login successful
73947,2026-01-15,11:09:41,INFO,WebServer,User u3491 login successful,E101,User {user} login successful
73948,2026-01-15,11:33:45,INFO,WebServer,Health check passed: WebServer,E102,Health check passed: {service}
73949,2026-01-15,11:01:03,INFO,WebServer,Transaction tx534777 completed in 90ms,E104,Transaction {tx} completed in {time}ms
73950,2026-01-15,11:43:39,INFO,PaymentGateway,User u3099 login successful,E101,User {user} login successful
73951,2026-01-15,11:10:36,INFO,AuthService,Health check passed: AuthService,E102,Health check passed: {service}
73952,2026-01-15,11:02:24,INFO,AuthService,Transaction tx621704 completed in 1815ms,E104,Transaction {tx} completed in {time}ms
73953,2026-01-15,11:01:00,INFO,WebServer,Page view: /home by u3812,E103,Page view: {page} by {user}
73954,2026-01-15,11:33:39,INFO,OrderProcessor,User u2016 login successful,E101,User {user} login successful
73955,2026-01-15,11:27:09,INFO,WebServer,User u2391 login successful,E101,User {user} login successful
73956,2026-01-15,11:34:47,INFO,WebServer,User u3969 login successful,E101,User {user} login successful
73957,2026-01-15,11:43:50,INFO,WebServer,Transaction tx143233 completed in 983ms,E104,Transaction {tx} completed in {time}ms
73958,2026-01-15,11:42:44,INFO,PaymentGateway,User u2829 login successful,E101,User {user} login successful
73959,2026-01-15,11:04:42,INFO,WebServer,User u4710 login successful,E101,User {user} login successful
73960,2026-01-15,11:11:21,INFO,WebServer,Transaction tx294505 completed in 633ms,E104,Transaction {tx} completed in {time}ms
73961,2026-01-15,11:01:04,INFO,AuthService,User u3387 login successful,E101,User {user} login successful
73962,2026-01-15,11:37:39,INFO,WebServer,Transaction tx296975 completed in 998ms,E104,Transaction {tx} completed in {time}ms
73963,2026-01-15,11:53:43,INFO,OrderProcessor,User u1764 login successful,E101,User {user} login successful
73964,2026-01-15,11:00:21,INFO,WebServer,User u2843 login successful,E101,User {user} login successful
73965,2026-01-15,11:11:06,INFO,PaymentGateway,Health check passed: PaymentGateway,E102,Health check passed: {service}
73966,2026-01-15,11:00:46,INFO,PaymentGateway,User u2057 login successful,E101,User {user} login successful
73967,2026-01-15,11:26:53,WARN,AuthService,Unauthorized access attempt from 10.0.0.45,E401,Unauthorized access attempt from {ip}
73968,2026-01-15,11:59:10,INFO,WebServer,Transaction tx836027 completed in 1280ms,E104,Transaction {tx} completed in {time}ms
73969,2026-01-15,11:16:08,INFO,WebServer,Transaction tx178959 completed in 37ms,E104,Transaction {tx} completed in {time}ms
73970,2026-01-15,11:53:03,INFO,WebServer,Transaction tx239109 completed in 1048ms,E104,Transaction {tx} completed in {time}ms
73971,2026-01-15,11:12:01,INFO,WebServer,Transaction tx689557 completed in 1668ms,E104,Transaction {tx} completed in {time}ms
73972,2026-01-15,11:55:59,INFO,WebServer,Health check passed: WebServer,E102,Health check passed: {service}
73973,2026-01-15,11:39:24,INFO,OrderProcessor,Health check passed: OrderProcessor,E102,Health check passed: {service}
73974,2026-01-15,11:28:52,INFO,AuthService,Transaction tx714420 completed in 892ms,E104,Transaction {tx} completed in {time}ms
73975,2026-01-15,11:16:28,INFO,WebServer,Transaction tx302995 completed in 483ms,E104,Transaction {tx} completed in {time}ms
73976,2026-01-15,11:53:20,INFO,WebServer,User u4710 login successful,E101,User {user} login successful
73977,2026-01-15,11:56:36,INFO,PaymentGateway,Page view: /home by u3374,E103,Page view: {page} by {user}
73978,2026-01-15,11:50:20,INFO,OrderProcessor,Page view: /home by u1160,E103,Page view: {page} by {user}
73979,2026-01-15,11:55:23,INFO,WebServer,User u1038 login successful,E101,User {user} login successful
73980,2026-01-15,11:30:59,INFO,AuthService,Health check passed: AuthService,E102,Health check passed: {service}
73981,2026-01-15,11:14:02,INFO,WebServer,Transaction tx821295 completed in 370ms,E104,Transaction {tx} completed in {time}ms
73982,2026-01-15,11:31:42,INFO,InventoryDB,Health check passed: InventoryDB,E102,Health check passed: {service}
73983,2026-01-15,11:07:10,INFO,WebServer,Health check passed: WebServer,E102,Health check passed: {service}
73984,2026-01-15,11:25:04,INFO,WebServer,Page view: /home by u2095,E103,Page view: {page} by {user}
73985,2026-01-15,11:44:34,INFO,AuthService,Page view: /home by u1621,E103,Page view: {page} by {user}
73986,2026-01-15,11:25:54,INFO,PaymentGateway,User u4329 login successful,E101,User {user} login successful
73987,2026-01-15,11:03:23,ERROR,WebServer,Payment declined: Gateway unavailable,E503,Payment declined: Gateway unavailable
73988,2026-01-15,11:51:46,INFO,WebServer,Health check passed: WebServer,E102,Health check passed: {service}
73989,2026-01-15,11:52:48,INFO,AuthService,Page view: /home by u1548,E103,Page view: {page} by {user}
73990,2026-01-15,11:01:18,INFO,AuthService,Health check passed: AuthService,E102,Health check passed: {service}
73991,2026-01-15,11:08:01,INFO,WebServer,Transaction tx231364 completed in 531ms,E104,Transaction {tx} completed in {time}ms
73992,2026-01-15,11:28:40,INFO,WebServer,User u3086 login successful,E101,User {user} login successful
73993,2026-01-15,11:08:54,INFO,PaymentGateway,Page view: /home by u1761,E103,Page view: {page} by {user}
73994,2026-01-15,11:21:02,INFO,WebServer,Transaction tx874485 completed in 1126ms,E104,Transaction {tx} completed in {time}ms
73995,2026-01-15,11:17:26,INFO,WebServer,User u3776 login successful,E101,User {user} login successful
73996,2026-01-15,11:03:42,INFO,WebServer,Health check passed: WebServer,E102,Health check passed: {service}
73997,2026-01-15,11:28:37,INFO,AuthService,Transaction tx540426 completed in 1192ms,E104,Transaction {tx} completed in {time}ms
73998,2026-01-15,11:56:00,INFO,WebServer,Page view: /home by u1667,E103,Page view: {page} by {user}
73999,2026-01-15,11:29:20,INFO,PaymentGateway,User u1277 login successful,E101,User {user} login successful
74000,2026-01-15,11:30:20,INFO,AuthService,User u4716 login successful,E101,User {user} login successful
74001,2026-01-15,11:11:21,INFO,WebServer,Health check passed: WebServer,E102,Health check passed: {service}
74002,2026-01-15,11:33:53,INFO,AuthService,User u1704 login successful,E101,User {user} login successful
74003,2026-01-15,11:35:26,INFO,OrderProcessor,Health check passed: OrderProcessor,E102,Health check passed: {service}
74004,2026-01-15,11:01:33,INFO,WebServer,User u1669 login successful,E101,User {user} login successful
74005,2026-01-15,11:39:20,INFO,AuthService,Transaction tx618727 completed in 959ms,E104,Transaction {tx} completed in {time}ms
74006,2026-01-15,11:19:33,WARN,AuthService,Disk usage > 85% on node node-5,E202,Disk usage > 85% on node {node}
74007,2026-01-15,11:19:20,WARN,OrderProcessor,Unauthorized access attempt from 10.0.0.12,E401,Unauthorized access attempt from {ip}
74008,2026-01-15,11:18:34,INFO,WebServer,Transaction tx122856 completed in 1767ms,E104,Transaction {tx} completed in {time}ms
74009,2026-01-15,11:50:11,INFO,WebServer,User u2496 login successful,E101,User {user} login successful
74010,2026-01-15,11:36:19,INFO,WebServer,User u3553 login successful,E101,User {user} login successful
74011,2026-01-15,11:08:24,INFO,WebServer,User u3670 login successful,E101,User {user} login successful
74012,2026-01-15,11:03:51,INFO,OrderProcessor,User u3950 login successful,E101,User {user} login successful
74013,2026-01-15,11:45:45,WARN,AuthService,High latency (1689ms) detected on AuthService,E201,High latency ({time}ms) detected on {service}
74014,2026-01-15,11:37:40,INFO,OrderProcessor,User u3712 login successful,E101,User {user} login successful
74015,2026-01-15,11:18:26,INFO,InventoryDB,Health check passed: InventoryDB,E102,Health check passed: {service}
74016,2026-01-15,11:27:47,INFO,WebServer,Health check passed: WebServer,E102,Health check passed: {service}
74017,2026-01-15,11:50:41,INFO,WebServer,Transaction tx737527 completed in 1390ms,E104,Transaction {tx} completed in {time}ms
74018,2026-01-15,11:27:56,INFO,OrderProcessor,Transaction tx356657 completed in 1311ms,E104,Transaction {tx} completed in {time}ms
74019,2026-01-15,11:19:37,INFO,AuthService,Page view: /home by u4041,E103,Page view: {page} by {user}
74020,2026-01-15,11:48:31,INFO,AuthService,User u4433 login successful,E101,User {user} login successful
74021,2026-01-15,11:56:22,INFO,WebServer,Transaction tx246967 completed in 520ms,E104,Transaction {tx} completed in {time}ms
74022,2026-01-15,11:08:26,ERROR,WebServer,Payment declined: Gateway unavailable,E503,Payment declined: Gateway unavailable
74023,2026-01-15,11:38:51,INFO,WebServer,User u3297 login successful,E101,User {user} login successful
74024,2026-01-15,11:17:57,INFO,PaymentGateway,User u3570 login successful,E101,User {user} login successful
74025,2026-01-15,11:05:56,INFO,AuthService,Page view: /home by u2631,E103,Page view: {page} by {user}
74026,2026-01-15,11:09:45,INFO,WebServer,Page view: /home by u2224,E103,Page view: {page} by {user}
74027,2026-01-15,11:09:13,INFO,WebServer,Health check passed: WebServer,E102,Health check passed: {service}
74028,2026-01-15,11:59:17,WARN,WebServer,Disk usage > 85% on node node-2,E202,Disk usage > 85% on node {node}
74029,2026-01-15,11:51:02,INFO,WebServer,User u3799 login successful,E101,User {user} login successful
74030,2026-01-15,11:42:59,INFO,WebServer,Health check passed: WebServer,E102,Health check passed: {service}
74031,2026-01-15,11:09:05,INFO,WebServer,Transaction tx326868 completed in 54ms,E104,Transaction {tx} completed in {time}ms
74032,2026-01-15,11:14:48,INFO,PaymentGateway,Transaction tx540753 completed in 1443ms,E104,Transaction {tx} completed in {time}ms
74033,2026-01-15,11:30:23,INFO,WebServer,Transaction tx260362 completed in 1863ms,E104,Transaction {tx} completed in {time}ms
74034,2026-01-15,11:39:25,INFO,OrderProcessor,Health check passed: OrderProcessor,E102,Health check passed: {service}
74035,2026-01-15,11:33:40,INFO,OrderProcessor,Transaction tx841915 completed in 606ms,E104,Transaction {tx} completed in {time}ms
74036,2026-01-15,11:22:17,INFO,WebServer,Page view: /home by u3079,E103,Page view: {page} by {user}
74037,2026-01-15,11:49:14,INFO,AuthService,Health check passed: AuthService,E102,Health check passed: {service}
74038,2026-01-15,11:53:18,INFO,OrderProcessor,Health check passed: OrderProcessor,E102,Health check passed: {service}
74039,2026-01-15,11:42:18,INFO,WebServer,User u2187 login successful,E101,User {user} login successful
74040,2026-01-15,11:48:52,WARN,PaymentGateway,High latency (1090ms) detected on PaymentGateway,E201,High latency ({time}ms) detected on {service}
74041,2026-01-15,11:15:02,INFO,WebServer,User u4887 login successful,E101,User {user} login successful
74042,2026-01-15,11:59:13,INFO,OrderProcessor,Health check passed: OrderProcessor,E102,Health check passed: {service}
74043,2026-01-15,11:01:45,INFO,WebServer,User u3072 login successful,E101,User {user} login successful
74044,2026-01-15,11:17:16,INFO,WebServer,Transaction tx446869 completed in 435ms,E104,Transaction {tx} completed in {time}ms
74045,2026-01-15,11:22:26,INFO,WebServer,Transaction tx615557 completed in 1877ms,E104,Transaction {tx} completed in {time}ms
74046,2026-01-15,11:28:24,INFO,WebServer,Health check passed: WebServer,E102,Health check passed: {service}
74047,2026-01-15,11:22:45,INFO,WebServer,Page view: /home by u4737,E103,Page view: {page} by {user}
74048,2026-01-15,11:04:04,INFO,WebServer,Page view: /home by u4108,E103,Page view: {page} by {user}
74049,2026-01-15,11:30:37,INFO,AuthService,Transaction tx221967 completed in 1905ms,E104,Transaction {tx} completed in {time}ms
74050,2026-01-15,11:03:29,WARN,OrderProcessor,Disk usage > 85% on node node-3,E202,Disk usage > 85% on node {node}
74051,2026-01-15,11:03:33,INFO,InventoryDB,Page view: /home by u2337,E103,Page view: {page} by {user}
74052,2026-01-15,11:29:41,INFO,WebServer,Health check passed: WebServer,E102,Health check passed: {service}
74053,2026-01-15,11:35:30,INFO,WebServer,Transaction tx509408 completed in 1953ms,E104,Transaction {tx} completed in {time}ms
74054,2026-01-15,11:35:42,INFO,AuthService,Page view: /home by u2713,E103,Page view: {page} by {user}
74055,2026-01-15,11:58:15,WARN,WebServer,Unauthorized access attempt from 10.0.0.45,E401,Unauthorized access attempt from {ip}
74056,2026-01-15,11:28:32,INFO,WebServer,Health check passed: WebServer,E102,Health check passed: {service}
74057,2026-01-15,11:51:18,INFO,WebServer,Health check passed: WebServer,E102,Health check passed: {service}
74058,2026-01-15,11:51:18,INFO,AuthService,Transaction tx563068 completed in 108ms,E104,Transaction {tx} completed in {time}ms
74059,2026-01-15,11:44:16,INFO,AuthService,User u1354 login successful,E101,User {user} login successful
74060,2026-01-15,11:19:41,INFO,OrderProcessor,Transaction tx998154 completed in 1338ms,E104,Transaction {tx} completed in {time}ms
74061,2026-01-15,11:39:10,INFO,AuthService,Health check passed: AuthService,E102,Health check passed: {service}
74062,2026-01-15,11:30:53,INFO,WebServer,Page view: /home by u3574,E103,Page view: {page} by {user}
74063,2026-01-15,11:47:19,INFO,WebServer,User u3005 login successful,E101,User {user} login successful
74064,2026-01-15,11:57:58,INFO,WebServer,Health check passed: WebServer,E102,Health check passed: {service}
74065,2026-01-15,11:02:06,INFO,WebServer,Transaction tx875560 completed in 417ms,E104,Transaction {tx} completed in {time}ms
74066,2026-01-15,11:59:36,INFO,PaymentGateway,Health check passed: PaymentGateway,E102,Health check passed: {service}
74067,2026-01-15,11:13:44,INFO,WebServer,Page view: /home by u4794,E103,Page view: {page} by {user}
74068,2026-01-15,11:27:30,INFO,AuthService,Page view: /home by u4612,E103,Page view: {page} by {user}
74069,2026-01-15,11:39:52,WARN,AuthService,High latency (21ms) detected on AuthService,E201,High latency ({time}ms) detected on {service}
74070,2026-01-15,11:52:49,INFO,AuthService,User u3137 login successful,E101,User {user} login successful
74071,2026-01-15,11:14:01,INFO,WebServer,User u2800 login successful,E101,User {user} login successful
74072,2026-01-15,11:15:03,INFO,WebServer,Transaction tx913011 completed in 1215ms,E104,Transaction {tx} completed in {time}ms
74073,2026-01-15,11:09:37,INFO,AuthService,Page view: /home by u4976,E103,Page view: {page} by {user}
74074,2026-01-15,11:48:09,INFO,PaymentGateway,User u4079 login successful,E101,User {user} login successful
74075,2026-01-15,11:30:45,INFO,OrderProcessor,Page view: /home by u3592,E103,Page view: {page} by {user}
74076,2026-01-15,11:05:18,INFO,WebServer,Page view: /home by u1061,E103,Page view: {page} by {user}
74077,2026-01-15,11:10:37,INFO,PaymentGateway,Page view: /home by u3328,E103,Page view: {page} by {user}
74078,2026-01-15,11:27:35,INFO,WebServer,Transaction tx712037 completed in 1301ms,E104,Transaction {tx} completed in {time}ms
74079,2026-01-15,11:19:51,INFO,WebServer,Page view: /home by u4513,E103,Page view: {page} by {user}
74080,2026-01-15,11:11:15,INFO,WebServer,User u4238 login successful,E101,User {user} login successful
74081,2026-01-15,11:39:11,INFO,WebServer,Health check passed: WebServer,E102,Health check passed: {service}
74082,2026-01-15,11:33:03,INFO,WebServer,Transaction tx568663 completed in 1880ms,E104,Transaction {tx} completed in {time}ms
74083,2026-01-15,11:50:59,INFO,WebServer,Page view: /home by u3634,E103,Page view: {page} by {user}
74084,2026-01-15,11:32:04,INFO,WebServer,Health check passed: WebServer,E102,Health check passed: {service}
74085,2026-01-15,11:36:59,INFO,WebServer,Transaction tx769987 completed in 1553ms,E104,Transaction {tx} completed in {time}ms
74086,2026-01-15,11:09:05,INFO,AuthService,Page view: /home by u1062,E103,Page view: {page} by {user}
74087,2026-01-15,11:04:32,INFO,OrderProcessor,Page view: /home by u4262,E103,Page view: {page} by {user}
74088,2026-01-15,11:09:31,CRITICAL,WebServer,KERNEL PANIC: Node node-3 crashed,E601,KERNEL PANIC: Node {node} crashed
74089,2026-01-15,11:53:39,ERROR,WebServer,Payment declined: Gateway unavailable,E503,Payment declined: Gateway unavailable
74090,2026-01-15,11:46:31,INFO,WebServer,Health check passed: WebServer,E102,Health check passed: {service}
74091,2026-01-15,11:53:35,INFO,AuthService,Health check passed: AuthService,E102,Health check passed: {service}
74092,2026-01-15,11:05:22,INFO,WebServer,Transaction tx786200 completed in 1952ms,E104,Transaction {tx} completed in {time}ms
74093,2026-01-15,11:26:47,INFO,WebServer,Page view: /home by u4955,E103,Page view: {page} by {user}
74094,2026-01-15,11:01:45,INFO,WebServer,Page view: /home by u2556,E103,Page view: {page} by {user}
74095,2026-01-15,11:11:39,INFO,AuthService,Transaction tx137427 completed in 1242ms,E104,Transaction {tx} completed in {time}ms
74096,2026-01-15,11:10:34,INFO,WebServer,Health check passed: WebServer,E102,Health check passed: {service}
74097,2026-01-15,11:15:16,INFO,InventoryDB,Page view: /home by u3997,E103,Page view: {page} by {user}
74098,2026-01-15,11:42:39,INFO,WebServer,Health check passed: WebServer,E102,Health check passed: {service}
74099,2026-01-15,11:58:26,INFO,WebServer,User u4594 login successful,E101,User {user} login successful
74100,2026-01-15,11:03:52,INFO,WebServer,Health check passed: WebServer,E102,Health check passed: {service}
74101,2026-01-15,11:49:54,INFO,AuthService,Page view: /home by u2128,E103,Page view: {page} by {user}
74102,2026-01-15,11:20:20,INFO,OrderProcessor,Page view: /home by u4672,E103,Page view: {page} by {user}
74103,2026-01-15,11:28:44,INFO,InventoryDB,Transaction tx671078 completed in 30ms,E104,Transaction {tx} completed in {time}ms
74104,2026-01-15,11:58:56,INFO,WebServer,Transaction tx141433 completed in 1869ms,E104,Transaction {tx} completed in {time}ms
74105,2026-01-15,11:45:12,INFO,WebServer,Page view: /home by u4551,E103,Page view: {page} by {user}
74106,2026-01-15,11:09:21,INFO,AuthService,Health check passed: AuthService,E102,Health check passed: {service}
74107,2026-01-15,11:00:29,INFO,WebServer,User u2056 login successful,E101,User {user} login successful
74108,2026-01-15,11:00:45,INFO,WebServer,User u2774 login successful,E101,User {user} login successful
74109,2026-01-15,11:34:08,INFO,AuthService,Page view: /home by u2452,E103,Page view: {page} by {user}
74110,2026-01-15,11:50:57,WARN,PaymentGateway,High latency (1233ms) detected on PaymentGateway,E201,High latency ({time}ms) detected on {service}
74111,2026-01-15,11:35:44,INFO,WebServer,Page view: /home by u2498,E103,Page view: {page} by {user}
74112,2026-01-15,11:29:11,INFO,OrderProcessor,Health check passed: OrderProcessor,E102,Health check passed: {service}
74113,2026-01-15,11:55:40,INFO,InventoryDB,Page view: /home by u2937,E103,Page view: {page} by {user}
74114,2026-01-15,11:44:35,INFO,OrderProcessor,User u3723 login successful,E101,User {user} login successful
74115,2026-01-15,11:43:22,INFO,AuthService,User u1102 login successful,E101,User {user} login successful
74116,2026-01-15,11:06:15,INFO,WebServer,Page view: /home by u4790,E103,Page view: {page} by {user}
74117,2026-01-15,11:26:23,INFO,WebServer,User u3859 login successful,E101,User {user} login successful
74118,2026-01-15,11:40:33,INFO,PaymentGateway,Transaction tx860654 completed in 1456ms,E104,Transaction {tx} completed in {time}ms
74119,2026-01-15,11:44:35,INFO,OrderProcessor,Health check passed: OrderProcessor,E102,Health check passed: {service}
74120,2026-01-15,11:55:50,INFO,WebServer,Page view: /home by u2047,E103,Page view: {page} by {user}
74121,2026-01-15,11:28:02,INFO,WebServer,Transaction tx394160 completed in 422ms,E104,Transaction {tx} completed in {time}ms
74122,2026-01-15,11:14:28,INFO,WebServer,User u1252 login successful,E101,User {user} login successful
74123,2026-01-15,11:30:01,INFO,WebServer,Health check passed: WebServer,E102,Health check passed: {service}
74124,2026-01-15,11:55:03,INFO,WebServer,Transaction tx743778 completed in 1067ms,E104,Transaction {tx} completed in {time}ms
74125,2026-01-15,11:56:31,INFO,WebServer,User u3088 login successful,E101,User {user} login successful
74126,2026-01-15,11:31:13,WARN,OrderProcessor,Unauthorized access attempt from 10.0.0.45,E401,Unauthorized access attempt from {ip}
74127,2026-01-15,11:12:02,INFO,AuthService,Transaction tx758052 completed in 1886ms,E104,Transaction {tx} completed in {time}ms
74128,2026-01-15,11:44:45,INFO,AuthService,User u1888 login successful,E101,User {user} login successful
74129,2026-01-15,11:50:02,INFO,AuthService,Transaction tx224884 completed in 1163ms,E104,Transaction {tx} completed in {time}ms
74130,2026-01-15,11:13:10,INFO,PaymentGateway,Page view: /home by u2348,E103,Page view: {page} by {user}
74131,2026-01-15,11:02:24,INFO,WebServer,Health check passed: WebServer,E102,Health check passed: {service}
74132,2026-01-15,11:55:09,INFO,WebServer,User u2096 login successful,E101,User {user} login successful
74133,2026-01-15,11:16:07,INFO,WebServer,Page view: /home by u4338,E103,Page view: {page} by {user}
74134,2026-01-15,11:20:21,INFO,PaymentGateway,Transaction tx784240 completed in 325ms,E104,Transaction {tx} completed in {time}ms
74135,2026-01-15,11:08:40,INFO,AuthService,Health check passed: AuthService,E102,Health check passed: {service}
74136,2026-01-15,11:21:18,INFO,WebServer,Health check passed: WebServer,E102,Health check passed: {service}
74137,2026-01-15,11:09:44,INFO,AuthService,User u3239 login successful,E101,User {user} login successful
74138,2026-01-15,11:59:44,INFO,WebServer,Page view: /home by u1596,E103,Page view: {page} by {user}
74139,2026-01-15,11:54:22,ERROR,OrderProcessor,Timeout waiting for lock on InventoryDB,E502,Timeout waiting for lock on {db}
74140,2026-01-15,11:28:32,INFO,OrderProcessor,User u3358 login successful,E101,User {user} login successful
74141,2026-01-15,11:12:45,WARN,WebServer,High latency (589ms) detected on WebServer,E201,High latency ({time}ms) detected on {service}
74142,2026-01-15,11:24:38,INFO,WebServer,User u4702 login successful,E101,User {user} login successful
74143,2026-01-15,11:45:21,INFO,WebServer,User u3857 login successful,E101,User {user} login successful
74144,2026-01-15,11:55:37,INFO,WebServer,Health check passed: WebServer,E102,Health check passed: {service}
74145,2026-01-15,11:45:31,INFO,WebServer,Transaction tx359815 completed in 1906ms,E104,Transaction {tx} completed in {time}ms
74146,2026-01-15,11:31:41,INFO,AuthService,Health check passed: AuthService,E102,Health check passed: {service}
74147,2026-01-15,11:26:35,WARN,AuthService,High latency (212ms) detected on AuthService,E201,High latency ({time}ms) detected on {service}
74148,2026-01-15,11:56:07,INFO,WebServer,Transaction tx514629 completed in 737ms,E104,Transaction {tx} completed in {time}ms
74149,2026-01-15,11:15:15,INFO,WebServer,User u4090 login successful,E101,User {user} login successful
74150,2026-01-15,11:09:37,WARN,WebServer,Disk usage > 85% on node node-1,E202,Disk usage > 85% on node {node}
74151,2026-01-15,11:08:25,INFO,WebServer,Transaction tx495614 completed in 1421ms,E104,Transaction {tx} completed in {time}ms
74152,2026-01-15,11:01:58,INFO,WebServer,Health check passed: WebServer,E102,Health check passed: {service}
74153,2026-01-15,11:19:00,INFO,OrderProcessor,Health check passed: OrderProcessor,E102,Health check passed: {service}
74154,2026-01-15,11:41:02,INFO,OrderProcessor,Transaction tx380405 completed in 575ms,E104,Transaction {tx} completed in {time}ms
74155,2026-01-15,11:31:48,INFO,AuthService,Page view: /home by u4099,E103,Page view: {page} by {user}
74156,2026-01-15,11:47:06,INFO,AuthService,Page view: /home by u4191,E103,Page view: {page} by {user}
74157,2026-01-15,11:34:13,INFO,WebServer,User u3832 login successful,E101,User {user} login successful
74158,2026-01-15,11:47:27,INFO,OrderProcessor,Health check passed: OrderProcessor,E102,Health check passed: {service}
74159,2026-01-15,11:43:57,INFO,AuthService,Transaction tx279094 completed in 1598ms,E104,Transaction {tx} completed in {time}ms
74160,2026-01-15,11:24:40,INFO,WebServer,Page view: /home by u1501,E103,Page view: {page} by {user}
74161,2026-01-15,11:18:52,INFO,WebServer,Transaction tx985762 completed in 997ms,E104,Transaction {tx} completed in {time}ms
74162,2026-01-15,11:06:22,INFO,WebServer,Health check passed: WebServer,E102,Health check passed: {service}
74163,2026-01-15,11:42:12,INFO,WebServer,Page view: /home by u3025,E103,Page view: {page} by {user}
74164,2026-01-15,11:18:31,INFO,InventoryDB,Transaction tx306828 completed in 387ms,E104,Transaction {tx} completed in {time}ms
74165,2026-01-15,11:14:40,INFO,WebServer,Transaction tx788779 completed in 1744ms,E104,Transaction {tx} completed in {time}ms
74166,2026-01-15,11:38:50,INFO,WebServer,Page view: /home by u2802,E103,Page view: {page} by {user}
74167,2026-01-15,11:46:07,INFO,AuthService,Transaction tx617694 completed in 708ms,E104,Transaction {tx} completed in {time}ms
74168,2026-01-15,11:36:38,INFO,PaymentGateway,Page view: /home by u1388,E103,Page view: {page} by {user}
74169,2026-01-15,11:33:43,INFO,OrderProcessor,Transaction tx115643 completed in 761ms,E104,Transaction {tx} completed in {time}ms
74170,2026-01-15,11:25:07,INFO,WebServer,Page view: /home by u3657,E103,Page view: {page} by {user}
74171,2026-01-15,11:18:37,INFO,WebServer,Transaction tx821054 completed in 21ms,E104,Transaction {tx} completed in {time}ms
74172,2026-01-15,11:12:51,INFO,OrderProcessor,Transaction tx804592 completed in 1453ms,E104,Transaction {tx} completed in {time}ms
74173,2026-01-15,11:46:32,INFO,OrderProcessor,Page view: /home by u2723,E103,Page view: {page} by {user}
74174,2026-01-15,11:42:21,INFO,WebServer,Page view: /home by u2124,E103,Page view: {page} by {user}
74175,2026-01-15,11:48:21,INFO,PaymentGateway,Page view: /home by u2338,E103,Page view: {page} by {user}
74176,2026-01-15,11:48:38,INFO,AuthService,User u4033 login successful,E101,User {user} login successful
74177,2026-01-15,11:53:00,INFO,OrderProcessor,Page view: /home by u4494,E103,Page view: {page} by {user}
74178,2026-01-15,11:32:56,INFO,WebServer,Health check passed: WebServer,E102,Health check passed: {service}
74179,2026-01-15,11:36:18,INFO,WebServer,User u2077 login successful,E101,User {user} login successful
74180,2026-01-15,11:31:15,INFO,WebServer,Health check passed: WebServer,E102,Health check passed: {service}
74181,2026-01-15,11:19:40,INFO,WebServer,Page view: /home by u1444,E103,Page view: {page} by {user}
74182,2026-01-15,11:18:10,INFO,OrderProcessor,Transaction tx433997 completed in 1171ms,E104,Transaction {tx} completed in {time}ms
74183,2026-01-15,11:40:14,INFO,WebServer,User u4692 login successful,E101,User {user} login successful
74184,2026-01-15,11:29:40,INFO,WebServer,Transaction tx423289 completed in 477ms,E104,Transaction {tx} completed in {time}ms
74185,2026-01-15,11:11:21,INFO,WebServer,Transaction tx969999 completed in 776ms,E104,Transaction {tx} completed in {time}ms
74186,2026-01-15,11:13:16,INFO,AuthService,Health check passed: AuthService,E102,Health check passed: {service}
74187,2026-01-15,11:22:02,INFO,WebServer,Health check passed: WebServer,E102,Health check passed: {service}
74188,2026-01-15,11:21:33,INFO,WebServer,Health check passed: WebServer,E102,Health check passed: {service}
74189,2026-01-15,11:21:30,INFO,AuthService,Transaction tx286023 completed in 1985ms,E104,Transaction {tx} completed in {time}ms
74190,2026-01-15,11:58:03,INFO,OrderProcessor,Health check passed: OrderProcessor,E102,Health check passed: {service}
74191,2026-01-15,11:03:33,INFO,WebServer,Page view: /home by u3781,E103,Page view: {page} by {user}
74192,2026-01-15,11:33:47,INFO,InventoryDB,Health check passed: InventoryDB,E102,Health check passed: {service}
74193,2026-01-15,11:46:35,INFO,OrderProcessor,Transaction tx540180 completed in 182ms,E104,Transaction {tx} completed in {time}ms
74194,2026-01-15,11:44:21,INFO,OrderProcessor,Page view: /home by u4557,E103,Page view: {page} by {user}
74195,2026-01-15,11:02:16,INFO,OrderProcessor,Transaction tx897700 completed in 976ms,E104,Transaction {tx} completed in {time}ms
74196,2026-01-15,11:54:53,INFO,WebServer,Health check passed: WebServer,E102,Health check passed: {service}
74197,2026-01-15,11:15:17,INFO,AuthService,Transaction tx167755 completed in 1755ms,E104,Transaction {tx} completed in {time}ms
74198,2026-01-15,11:45:39,WARN,PaymentGateway,High latency (1724ms) detected on PaymentGateway,E201,High latency ({time}ms) detected on {service}
74199,2026-01-15,11:52:04,INFO,PaymentGateway,Health check passed: PaymentGateway,E102,Health check passed: {service}
74200,2026-01-15,11:52:48,INFO,WebServer,Health check passed: WebServer,E102,Health check passed: {service}
74201,2026-01-15,11:20:59,INFO,WebServer,Page view: /home by u4248,E103,Page view: {page} by {user}
74202,2026-01-15,11:16:26,INFO,WebServer,Health check passed: WebServer,E102,Health check passed: {service}
74203,2026-01-15,11:05:13,INFO,WebServer,User u3249 login successful,E101,User {user} login successful
74204,2026-01-15,11:44:32,INFO,AuthService,Health check passed: AuthService,E102,Health check passed: {service}
74205,2026-01-15,11:33:37,INFO,AuthService,User u4288 login successful,E101,User {user} login successful
74206,2026-01-15,11:44:46,INFO,WebServer,Transaction tx530195 completed in 453ms,E104,Transaction {tx} completed in {time}ms
74207,2026-01-15,11:15:48,ERROR,WebServer,Payment declined: Gateway unavailable,E503,Payment declined: Gateway unavailable
74208,2026-01-15,11:23:40,INFO,WebServer,Transaction tx475377 completed in 788ms,E104,Transaction {tx} completed in {time}ms
74209,2026-01-15,11:28:05,INFO,AuthService,Transaction tx773228 completed in 963ms,E104,Transaction {tx} completed in {time}ms
74210,2026-01-15,11:45:54,INFO,InventoryDB,User u4731 login successful,E101,User {user} login successful
74211,2026-01-15,11:10:21,INFO,WebServer,Health check passed: WebServer,E102,Health check passed: {service}
74212,2026-01-15,11:49:20,INFO,WebServer,Transaction tx416488 completed in 1785ms,E104,Transaction {tx} completed in {time}ms
74213,2026-01-15,11:42:22,INFO,WebServer,User u2771 login successful,E101,User {user} login successful
74214,2026-01-15,11:21:24,INFO,WebServer,Transaction tx303357 completed in 1763ms,E104,Transaction {tx} completed in {time}ms
74215,2026-01-15,11:44:20,INFO,OrderProcessor,User u2569 login successful,E101,User {user} login successful
74216,2026-01-15,11:18:06,INFO,InventoryDB,Page view: /home by u2290,E103,Page view: {page} by {user}
74217,2026-01-15,11:46:02,INFO,PaymentGateway,User u3743 login successful,E101,User {user} login successful
74218,2026-01-15,11:26:22,INFO,WebServer,Page view: /home by u3260,E103,Page view: {page} by {user}
74219,2026-01-15,11:08:40,INFO,WebServer,User u3095 login successful,E101,User {user} login successful
74220,2026-01-15,11:12:26,INFO,WebServer,Transaction tx889129 completed in 1180ms,E104,Transaction {tx} completed in {time}ms
74221,2026-01-15,11:07:01,INFO,WebServer,Transaction tx684564 completed in 781ms,E104,Transaction {tx} completed in {time}ms
74222,2026-01-15,11:14:05,CRITICAL,WebServer,DATA CORRUPTION detected in sector 556,E602,DATA CORRUPTION detected in sector {sector}
74223,2026-01-15,11:23:05,WARN,WebServer,High latency (461ms) detected on WebServer,E201,High latency ({time}ms) detected on {service}
74224,2026-01-15,11:51:14,INFO,PaymentGateway,User u1421 login successful,E101,User {user} login successful
74225,2026-01-15,11:07:49,INFO,WebServer,Health check passed: WebServer,E102,Health check passed: {service}
74226,2026-01-15,11:30:08,INFO,InventoryDB,Page view: /home by u1260,E103,Page view: {page} by {user}
74227,2026-01-15,11:32:09,INFO,WebServer,Page view: /home by u4766,E103,Page view: {page} by {user}
74228,2026-01-15,11:25:28,INFO,AuthService,Health check passed: AuthService,E102,Health check passed: {service}
74229,2026-01-15,11:38:28,INFO,WebServer,Transaction tx138397 completed in 766ms,E104,Transaction {tx} completed in {time}ms
74230,2026-01-15,11:14:07,INFO,AuthService,Page view: /home by u1494,E103,Page view: {page} by {user}
74231,2026-01-15,11:24:04,INFO,WebServer,Page view: /home by u4015,E103,Page view: {page} by {user}
74232,2026-01-15,11:36:25,INFO,OrderProcessor,Health check passed: OrderProcessor,E102,Health check passed: {service}
74233,2026-01-15,11:33:41,WARN,WebServer,Disk usage > 85% on node node-3,E202,Disk usage > 85% on node {node}
74234,2026-01-15,11:43:26,INFO,WebServer,Transaction tx604587 completed in 1839ms,E104,Transaction {tx} completed in {time}ms
74235,2026-01-15,11:27:27,INFO,OrderProcessor,User u4441 login successful,E101,User {user} login successful
74236,2026-01-15,11:43:00,INFO,AuthService,User u1119 login successful,E101,User {user} login successful
74237,2026-01-15,11:54:40,INFO,AuthService,Transaction tx983876 completed in 223ms,E104,Transaction {tx} completed in {time}ms
74238,2026-01-15,11:16:11,INFO,WebServer,User u4862 login successful,E101,User {user} login successful
74239,2026-01-15,11:27:23,INFO,AuthService,Health check passed: AuthService,E102,Health check passed: {service}
74240,2026-01-15,11:22:07,WARN,WebServer,Disk usage > 85% on node node-1,E202,Disk usage > 85% on node {node}
74241,2026-01-15,11:02:53,INFO,OrderProcessor,Page view: /home by u1390,E103,Page view: {page} by {user}
74242,2026-01-15,11:01:32,INFO,WebServer,Page view: /home by u2179,E103,Page view: {page} by {user}
74243,2026-01-15,11:14:40,INFO,WebServer,Transaction tx901712 completed in 638ms,E104,Transaction {tx} completed in {time}ms
74244,2026-01-15,11:21:23,INFO,WebServer,Page view: /home by u1017,E103,Page view: {page} by {user}
74245,2026-01-15,11:55:48,INFO,WebServer,Transaction tx580134 completed in 511ms,E104,Transaction {tx} completed in {time}ms
74246,2026-01-15,11:04:08,INFO,OrderProcessor,User u2417 login successful,E101,User {user} login successful
74247,2026-01-15,11:36:50,INFO,WebServer,Health check passed: WebServer,E102,Health check passed: {service}
74248,2026-01-15,11:24:27,ERROR,OrderProcessor,Connection refused to OrderProcessor at 10.0.0.45,E501,Connection refused to {service} at {ip}
74249,2026-01-15,11:38:58,INFO,WebServer,Health check passed: WebServer,E102,Health check passed: {service}
74250,2026-01-15,11:43:27,INFO,WebServer,Page view: /home by u2325,E103,Page view: {page} by {user}
74251,2026-01-15,11:22:23,INFO,AuthService,Transaction tx369629 completed in 37ms,E104,Transaction {tx} completed in {time}ms
74252,2026-01-15,11:18:38,INFO,WebServer,Transaction tx429132 completed in 132ms,E104,Transaction {tx} completed in {time}ms
74253,2026-01-15,11:09:57,INFO,WebServer,Page view: /home by u4333,E103,Page view: {page} by {user}
74254,2026-01-15,11:02:15,INFO,WebServer,User u1236 login successful,E101,User {user} login successful
74255,2026-01-15,11:20:50,INFO,InventoryDB,Page view: /home by u2632,E103,Page view: {page} by {user}
74256,2026-01-15,11:48:28,INFO,AuthService,Health check passed: AuthService,E102,Health check passed: {service}
74257,2026-01-15,11:12:11,INFO,WebServer,Health check passed: WebServer,E102,Health check passed: {service}
74258,2026-01-15,11:56:07,INFO,OrderProcessor,User u1728 login successful,E101,User {user} login successful
74259,2026-01-15,11:34:22,INFO,AuthService,Health check passed: AuthService,E102,Health check passed: {service}
74260,2026-01-15,11:19:47,INFO,WebServer,Page view: /home by u4063,E103,Page view: {page} by {user}
74261,2026-01-15,11:50:59,WARN,OrderProcessor,Unauthorized access attempt from 10.0.0.12,E401,Unauthorized access attempt from {ip}
74262,2026-01-15,11:19:55,INFO,InventoryDB,Health check passed: InventoryDB,E102,Health check passed: {service}
74263,2026-01-15,11:59:32,INFO,WebServer,User u3208 login successful,E101,User {user} login successful
74264,2026-01-15,11:25:26,INFO,WebServer,Page view: /home by u4300,E103,Page view: {page} by {user}
74265,2026-01-15,11:24:42,INFO,PaymentGateway,Page view: /home by u4220,E103,Page view: {page} by {user}
74266,2026-01-15,11:02:06,INFO,AuthService,Transaction tx729995 completed in 1010ms,E104,Transaction {tx} completed in {time}ms
74267,2026-01-15,11:29:01,INFO,WebServer,Health check passed: WebServer,E102,Health check passed: {service}
74268,2026-01-15,11:56:24,INFO,OrderProcessor,Transaction tx702778 completed in 1083ms,E104,Transaction {tx} completed in {time}ms
74269,2026-01-15,11:38:30,INFO,OrderProcessor,Transaction tx999850 completed in 554ms,E104,Transaction {tx} completed in {time}ms
74270,2026-01-15,11:36:02,INFO,WebServer,Transaction tx502609 completed in 374ms,E104,Transaction {tx} completed in {time}ms
74271,2026-01-15,11:28:36,INFO,WebServer,User u2602 login successful,E101,User {user} login successful
74272,2026-01-15,11:49:33,INFO,OrderProcessor,Transaction tx290577 completed in 546ms,E104,Transaction {tx} completed in {time}ms
74273,2026-01-15,11:13:30,INFO,WebServer,Transaction tx808279 completed in 202ms,E104,Transaction {tx} completed in {time}ms
74274,2026-01-15,11:28:31,INFO,WebServer,User u4846 login successful,E101,User {user} login successful
74275,2026-01-15,11:52:29,INFO,AuthService,Health check passed: AuthService,E102,Health check passed: {service}
74276,2026-01-15,11:16:00,INFO,OrderProcessor,User u2447 login successful,E101,User {user} login successful
74277,2026-01-15,11:04:58,ERROR,WebServer,Timeout waiting for lock on InventoryDB,E502,Timeout waiting for lock on {db}
74278,2026-01-15,11:21:58,INFO,AuthService,Transaction tx483999 completed in 423ms,E104,Transaction {tx} completed in {time}ms
74279,2026-01-15,11:02:07,INFO,InventoryDB,Page view: /home by u1815,E103,Page view: {page} by {user}
74280,2026-01-15,11:52:40,INFO,OrderProcessor,User u1844 login successful,E101,User {user} login successful
74281,2026-01-15,11:52:06,INFO,OrderProcessor,Health check passed: OrderProcessor,E102,Health check passed: {service}
74282,2026-01-15,11:12:08,INFO,PaymentGateway,Page view: /home by u4540,E103,Page view: {page} by {user}
74283,2026-01-15,11:13:16,INFO,PaymentGateway,Health check passed: PaymentGateway,E102,Health check passed: {service}
74284,2026-01-15,11:07:40,WARN,PaymentGateway,Disk usage > 85% on node node-2,E202,Disk usage > 85% on node {node}
74285,2026-01-15,11:04:35,INFO,AuthService,Transaction tx190845 completed in 564ms,E104,Transaction {tx} completed in {time}ms
74286,2026-01-15,11:29:41,INFO,WebServer,Health check passed: WebServer,E102,Health check passed: {service}
74287,2026-01-15,11:30:19,INFO,WebServer,User u3519 login successful,E101,User {user} login successful
74288,2026-01-15,11:34:48,INFO,PaymentGateway,User u1165 login successful,E101,User {user} login successful
74289,2026-01-15,11:10:28,INFO,OrderProcessor,Page view: /home by u3334,E103,Page view: {page} by {user}
74290,2026-01-15,11:00:54,INFO,OrderProcessor,User u3815 login successful,E101,User {user} login successful
74291,2026-01-15,11:28:33,INFO,WebServer,Page view: /home by u3184,E103,Page view: {page} by {user}
74292,2026-01-15,11:28:33,INFO,AuthService,Health check passed: AuthService,E102,Health check passed: {service}
74293,2026-01-15,11:47:55,INFO,WebServer,User u1711 login successful,E101,User {user} login successful
74294,2026-01-15,11:14:28,INFO,WebServer,Transaction tx391002 completed in 711ms,E104,Transaction {tx} completed in {time}ms
74295,2026-01-15,11:12:49,WARN,WebServer,High latency (165ms) detected on WebServer,E201,High latency ({time}ms) detected on {service}
74296,2026-01-15,11:56:44,INFO,AuthService,User u3079 login successful,E101,User {user} login successful
74297,2026-01-15,11:10:38,INFO,WebServer,User u1528 login successful,E101,User {user} login successful
74298,2026-01-15,11:30:56,INFO,AuthService,Page view: /home by u3619,E103,Page view: {page} by {user}
74299,2026-01-15,11:54:03,INFO,OrderProcessor,Page view: /home by u4376,E103,Page view: {page} by {user}
74300,2026-01-15,11:56:19,INFO,AuthService,Page view: /home by u4437,E103,Page view: {page} by {user}
74301,2026-01-15,11:53:44,INFO,InventoryDB,User u1078 login successful,E101,User {user} login successful
74302,2026-01-15,11:37:53,INFO,OrderProcessor,User u4872 login successful,E101,User {user} login successful
74303,2026-01-15,11:22:52,INFO,WebServer,Transaction tx874846 completed in 1814ms,E104,Transaction {tx} completed in {time}ms
74304,2026-01-15,11:35:05,INFO,WebServer,Transaction tx648237 completed in 1237ms,E104,Transaction {tx} completed in {time}ms
74305,2026-01-15,11:50:43,INFO,PaymentGateway,Transaction tx818333 completed in 638ms,E104,Transaction {tx} completed in {time}ms
74306,2026-01-15,11:24:00,WARN,WebServer,Disk usage > 85% on node node-4,E202,Disk usage > 85% on node {node}
74307,2026-01-15,11:19:11,INFO,WebServer,Health check passed: WebServer,E102,Health check passed: {service}
74308,2026-01-15,11:21:48,INFO,PaymentGateway,Page view: /home by u2627,E103,Page view: {page} by {user}
74309,2026-01-15,11:58:05,INFO,OrderProcessor,User u1201 login successful,E101,User {user} login successful
74310,2026-01-15,11:40:27,INFO,OrderProcessor,Health check passed: OrderProcessor,E102,Health check passed: {service}
74311,2026-01-15,11:17:19,INFO,OrderProcessor,Health check passed: OrderProcessor,E102,Health check passed: {service}
74312,2026-01-15,11:37:53,INFO,WebServer,Page view: /home by u2304,E103,Page view: {page} by {user}
74313,2026-01-15,11:33:25,INFO,InventoryDB,Health check passed: InventoryDB,E102,Health check passed: {service}
74314,2026-01-15,11:22:05,INFO,OrderProcessor,Health check passed: OrderProcessor,E102,Health check passed: {service}
74315,2026-01-15,11:09:12,INFO,WebServer,Health check passed: WebServer,E102,Health check passed: {service}
74316,2026-01-15,11:20:18,INFO,WebServer,Page view: /home by u3165,E103,Page view: {page} by {user}
74317,2026-01-15,11:56:37,INFO,WebServer,Transaction tx851424 completed in 951ms,E104,Transaction {tx} completed in {time}ms
74318,2026-01-15,11:08:11,INFO,OrderProcessor,Health check passed: OrderProcessor,E102,Health check passed: {service}
74319,2026-01-15,11:27:36,INFO,PaymentGateway,Transaction tx238082 completed in 1916ms,E104,Transaction {tx} completed in {time}ms
74320,2026-01-15,11:35:42,INFO,WebServer,Transaction tx802287 completed in 859ms,E104,Transaction {tx} completed in {time}ms
74321,2026-01-15,11:41:47,INFO,WebServer,Page view: /home by u1506,E103,Page view: {page} by {user}
74322,2026-01-15,11:54:11,INFO,WebServer,User u3657 login successful,E101,User {user} login successful
74323,2026-01-15,11:35:27,INFO,WebServer,Page view: /home by u4466,E103,Page view: {page} by {user}
74324,2026-01-15,11:50:28,INFO,WebServer,Health check passed: WebServer,E102,Health check passed: {service}
74325,2026-01-15,11:05:41,INFO,WebServer,User u3562 login successful,E101,User {user} login successful
74326,2026-01-15,11:50:32,INFO,OrderProcessor,Transaction tx258067 completed in 1021ms,E104,Transaction {tx} completed in {time}ms
74327,2026-01-15,11:49:03,INFO,AuthService,Page view: /home by u1438,E103,Page view: {page} by {user}
74328,2026-01-15,11:25:18,INFO,AuthService,Health check passed: AuthService,E102,Health check passed: {service}
74329,2026-01-15,11:34:30,INFO,PaymentGateway,Health check passed: PaymentGateway,E102,Health check passed: {service}
74330,2026-01-15,11:26:45,CRITICAL,WebServer,DATA CORRUPTION detected in sector 572,E602,DATA CORRUPTION detected in sector {sector}
74331,2026-01-15,11:31:24,INFO,WebServer,Transaction tx992254 completed in 1438ms,E104,Transaction {tx} completed in {time}ms
74332,2026-01-15,11:00:44,INFO,OrderProcessor,User u1290 login successful,E101,User {user} login successful
74333,2026-01-15,11:03:27,ERROR,OrderProcessor,Timeout waiting for lock on InventoryDB,E502,Timeout waiting for lock on {db}
74334,2026-01-15,11:05:56,INFO,WebServer,Transaction tx299366 completed in 40ms,E104,Transaction {tx} completed in {time}ms
74335,2026-01-15,11:25:55,INFO,WebServer,Health check passed: WebServer,E102,Health check passed: {service}
74336,2026-01-15,11:17:18,INFO,WebServer,Transaction tx591201 completed in 1910ms,E104,Transaction {tx} completed in {time}ms
74337,2026-01-15,11:42:22,INFO,WebServer,Transaction tx426327 completed in 598ms,E104,Transaction {tx} completed in {time}ms
74338,2026-01-15,11:56:58,INFO,WebServer,Transaction tx419476 completed in 249ms,E104,Transaction {tx} completed in {time}ms
74339,2026-01-15,11:22:52,INFO,AuthService,Health check passed: AuthService,E102,Health check passed: {service}
74340,2026-01-15,11:26:46,INFO,OrderProcessor,Page view: /home by u1764,E103,Page view: {page} by {user}
74341,2026-01-15,11:26:01,INFO,WebServer,User u2670 login successful,E101,User {user} login successful
74342,2026-01-15,11:13:25,INFO,WebServer,Page view: /home by u3531,E103,Page view: {page} by {user}
74343,2026-01-15,11:39:28,INFO,WebServer,Transaction tx350986 completed in 639ms,E104,Transaction {tx} completed in {time}ms
74344,2026-01-15,11:53:06,INFO,OrderProcessor,Health check passed: OrderProcessor,E102,Health check passed: {service}
74345,2026-01-15,11:52:27,INFO,WebServer,Transaction tx215338 completed in 228ms,E104,Transaction {tx} completed in {time}ms
74346,2026-01-15,11:31:48,INFO,WebServer,User u2007 login successful,E101,User {user} login successful
74347,2026-01-15,11:02:07,INFO,WebServer,Health check passed: WebServer,E102,Health check passed: {service}
74348,2026-01-15,11:56:18,WARN,AuthService,High latency (1980ms) detected on AuthService,E201,High latency ({time}ms) detected on {service}
74349,2026-01-15,11:35:13,WARN,OrderProcessor,High latency (1606ms) detected on OrderProcessor,E201,High latency ({time}ms) detected on {service}
74350,2026-01-15,11:14:46,INFO,WebServer,Page view: /home by u2160,E103,Page view: {page} by {user}
74351,2026-01-15,11:49:36,INFO,AuthService,Health check passed: AuthService,E102,Health check passed: {service}
74352,2026-01-15,11:50:45,INFO,AuthService,User u4952 login successful,E101,User {user} login successful
74353,2026-01-15,11:40:46,INFO,InventoryDB,User u2106 login successful,E101,User {user} login successful
74354,2026-01-15,11:33:23,WARN,WebServer,Unauthorized access attempt from 10.0.0.45,E401,Unauthorized access attempt from {ip}
74355,2026-01-15,11:06:40,INFO,WebServer,User u4443 login successful,E101,User {user} login successful
74356,2026-01-15,11:08:35,INFO,WebServer,Transaction tx784748 completed in 1782ms,E104,Transaction {tx} completed in {time}ms
74357,2026-01-15,11:38:29,INFO,WebServer,Health check passed: WebServer,E102,Health check passed: {service}
74358,2026-01-15,11:50:38,INFO,WebServer,Transaction tx688965 completed in 642ms,E104,Transaction {tx} completed in {time}ms
74359,2026-01-15,11:26:41,INFO,WebServer,Transaction tx304643 completed in 1651ms,E104,Transaction {tx} completed in {time}ms
74360,2026-01-15,11:28:57,INFO,WebServer,Transaction tx492074 completed in 143ms,E104,Transaction {tx} completed in {time}ms
74361,2026-01-15,11:52:31,INFO,AuthService,Health check passed: AuthService,E102,Health check passed: {service}
74362,2026-01-15,11:42:32,INFO,WebServer,Health check passed: WebServer,E102,Health check passed: {service}
74363,2026-01-15,11:42:53,INFO,WebServer,Transaction tx150942 completed in 1255ms,E104,Transaction {tx} completed in {time}ms
74364,2026-01-15,11:32:54,INFO,AuthService,Page view: /home by u1841,E103,Page view: {page} by {user}
74365,2026-01-15,11:23:34,INFO,AuthService,Transaction tx818437 completed in 1370ms,E104,Transaction {tx} completed in {time}ms
74366,2026-01-15,11:32:31,INFO,WebServer,User u2618 login successful,E101,User {user} login successful
74367,2026-01-15,11:11:42,INFO,WebServer,Page view: /home by u3580,E103,Page view: {page} by {user}
74368,2026-01-15,11:18:09,INFO,WebServer,Health check passed: WebServer,E102,Health check passed: {service}
74369,2026-01-15,11:40:48,INFO,WebServer,Transaction tx589621 completed in 457ms,E104,Transaction {tx} completed in {time}ms
74370,2026-01-15,11:59:39,INFO,OrderProcessor,User u2637 login successful,E101,User {user} login successful
74371,2026-01-15,11:26:35,INFO,WebServer,User u2111 login successful,E101,User {user} login successful
74372,2026-01-15,11:59:52,INFO,AuthService,User u1499 login successful,E101,User {user} login successful
74373,2026-01-15,11:05:47,INFO,AuthService,User u2414 login successful,E101,User {user} login successful
74374,2026-01-15,11:08:59,INFO,WebServer,User u2462 login successful,E101,User {user} login successful
74375,2026-01-15,11:46:46,WARN,AuthService,Disk usage > 85% on node node-5,E202,Disk usage > 85% on node {node}
74376,2026-01-15,11:35:17,INFO,WebServer,Page view: /home by u2119,E103,Page view: {page} by {user}
74377,2026-01-15,11:31:55,INFO,WebServer,Page view: /home by u1942,E103,Page view: {page} by {user}
74378,2026-01-15,11:57:24,INFO,WebServer,Health check passed: WebServer,E102,Health check passed: {service}
74379,2026-01-15,11:52:58,INFO,WebServer,User u2400 login successful,E101,User {user} login successful
74380,2026-01-15,11:04:12,INFO,PaymentGateway,Page view: /home by u4904,E103,Page view: {page} by {user}
74381,2026-01-15,11:49:18,INFO,WebServer,Health check passed: WebServer,E102,Health check passed: {service}
74382,2026-01-15,11:32:35,INFO,WebServer,Page view: /home by u2475,E103,Page view: {page} by {user}
74383,2026-01-15,11:59:04,INFO,WebServer,Transaction tx624567 completed in 22ms,E104,Transaction {tx} completed in {time}ms
74384,2026-01-15,11:32:42,INFO,WebServer,Transaction tx844379 completed in 730ms,E104,Transaction {tx} completed in {time}ms
74385,2026-01-15,11:41:38,INFO,AuthService,Transaction tx597773 completed in 1295ms,E104,Transaction {tx} completed in {time}ms
74386,2026-01-15,11:28:50,INFO,OrderProcessor,Page view: /home by u3937,E103,Page view: {page} by {user}
74387,2026-01-15,11:55:51,WARN,WebServer,Disk usage > 85% on node node-1,E202,Disk usage > 85% on node {node}
74388,2026-01-15,11:59:12,INFO,OrderProcessor,Health check passed: OrderProcessor,E102,Health check passed: {service}
74389,2026-01-15,11:02:28,INFO,AuthService,Page view: /home by u2963,E103,Page view: {page} by {user}
74390,2026-01-15,11:51:18,WARN,WebServer,Unauthorized access attempt from 192.168.1.5,E401,Unauthorized access attempt from {ip}
74391,2026-01-15,11:53:19,INFO,WebServer,Health check passed: WebServer,E102,Health check passed: {service}
74392,2026-01-15,11:02:50,INFO,WebServer,Transaction tx495450 completed in 612ms,E104,Transaction {tx} completed in {time}ms
74393,2026-01-15,11:18:59,INFO,WebServer,Health check passed: WebServer,E102,Health check passed: {service}
74394,2026-01-15,11:07:00,INFO,WebServer,Page view: /home by u3857,E103,Page view: {page} by {user}
74395,2026-01-15,11:03:33,INFO,PaymentGateway,User u3180 login successful,E101,User {user} login successful
74396,2026-01-15,11:01:21,INFO,WebServer,Health check passed: WebServer,E102,Health check passed: {service}
74397,2026-01-15,11:47:59,INFO,WebServer,Transaction tx800729 completed in 73ms,E104,Transaction {tx} completed in {time}ms
74398,2026-01-15,11:23:58,INFO,PaymentGateway,Page view: /home by u2972,E103,Page view: {page} by {user}
74399,2026-01-15,11:28:31,INFO,AuthService,Page view: /home by u1104,E103,Page view: {page} by {user}
74400,2026-01-15,11:03:10,INFO,AuthService,Page view: /home by u1223,E103,Page view: {page} by {user}
74401,2026-01-15,11:37:38,INFO,PaymentGateway,Page view: /home by u3113,E103,Page view: {page} by {user}
74402,2026-01-15,11:21:05,INFO,AuthService,User u4486 login successful,E101,User {user} login successful
74403,2026-01-15,11:10:34,INFO,PaymentGateway,Health check passed: PaymentGateway,E102,Health check passed: {service}
74404,2026-01-15,11:16:16,INFO,OrderProcessor,Health check passed: OrderProcessor,E102,Health check passed: {service}
74405,2026-01-15,11:24:21,INFO,AuthService,Transaction tx950786 completed in 1813ms,E104,Transaction {tx} completed in {time}ms
74406,2026-01-15,11:14:53,INFO,WebServer,User u4698 login successful,E101,User {user} login successful
74407,2026-01-15,11:22:05,INFO,WebServer,Transaction tx443648 completed in 26ms,E104,Transaction {tx} completed in {time}ms
74408,2026-01-15,11:44:47,INFO,PaymentGateway,User u2410 login successful,E101,User {user} login successful
74409,2026-01-15,11:48:38,INFO,WebServer,Transaction tx465611 completed in 767ms,E104,Transaction {tx} completed in {time}ms
74410,2026-01-15,11:52:00,INFO,PaymentGateway,Transaction tx554296 completed in 806ms,E104,Transaction {tx} completed in {time}ms
74411,2026-01-15,11:11:08,INFO,PaymentGateway,Health check passed: PaymentGateway,E102,Health check passed: {service}
74412,2026-01-15,11:26:15,INFO,OrderProcessor,Transaction tx131287 completed in 834ms,E104,Transaction {tx} completed in {time}ms
74413,2026-01-15,11:24:41,INFO,OrderProcessor,User u4076 login successful,E101,User {user} login successful
74414,2026-01-15,11:38:09,INFO,WebServer,Health check passed: WebServer,E102,Health check passed: {service}
74415,2026-01-15,11:24:07,INFO,WebServer,Health check passed: WebServer,E102,Health check passed: {service}
74416,2026-01-15,11:11:05,INFO,WebServer,User u3953 login successful,E101,User {user} login successful
74417,2026-01-15,11:32:15,INFO,WebServer,Transaction tx319631 completed in 900ms,E104,Transaction {tx} completed in {time}ms
74418,2026-01-15,11:14:49,INFO,OrderProcessor,Page view: /home by u1433,E103,Page view: {page} by {user}
74419,2026-01-15,11:24:24,INFO,WebServer,User u3813 login successful,E101,User {user} login successful
74420,2026-01-15,11:52:52,INFO,WebServer,Transaction tx633849 completed in 533ms,E104,Transaction {tx} completed in {time}ms
74421,2026-01-15,11:32:18,INFO,PaymentGateway,Transaction tx397876 completed in 1545ms,E104,Transaction {tx} completed in {time}ms
74422,2026-01-15,11:10:51,INFO,WebServer,Page view: /home by u1764,E103,Page view: {page} by {user}
74423,2026-01-15,11:11:19,WARN,WebServer,Disk usage > 85% on node node-3,E202,Disk usage > 85% on node {node}
74424,2026-01-15,11:50:27,INFO,WebServer,User u3915 login successful,E101,User {user} login successful
74425,2026-01-15,11:16:33,INFO,WebServer,User u1892 login successful,E101,User {user} login successful
74426,2026-01-15,11:07:13,INFO,WebServer,User u3796 login successful,E101,User {user} login successful
74427,2026-01-15,11:35:10,INFO,WebServer,Health check passed: WebServer,E102,Health check passed: {service}
74428,2026-01-15,11:38:27,WARN,OrderProcessor,High latency (776ms) detected on OrderProcessor,E201,High latency ({time}ms) detected on {service}
74429,2026-01-15,11:23:21,INFO,WebServer,User u3770 login successful,E101,User {user} login successful
74430,2026-01-15,11:40:54,INFO,PaymentGateway,Transaction tx706129 completed in 1047ms,E104,Transaction {tx} completed in {time}ms
74431,2026-01-15,11:45:33,INFO,WebServer,Health check passed: WebServer,E102,Health check passed: {service}
74432,2026-01-15,11:40:49,INFO,PaymentGateway,User u4231 login successful,E101,User {user} login successful
74433,2026-01-15,11:26:43,INFO,InventoryDB,User u2009 login successful,E101,User {user} login successful
74434,2026-01-15,11:51:14,INFO,WebServer,User u4312 login successful,E101,User {user} login successful
74435,2026-01-15,11:01:58,INFO,PaymentGateway,Page view: /home by u4252,E103,Page view: {page} by {user}
74436,2026-01-15,11:00:23,INFO,WebServer,Page view: /home by u2914,E103,Page view: {page} by {user}
74437,2026-01-15,11:39:33,INFO,WebServer,Transaction tx492489 completed in 1705ms,E104,Transaction {tx} completed in {time}ms
74438,2026-01-15,11:50:04,INFO,OrderProcessor,Health check passed: OrderProcessor,E102,Health check passed: {service}
74439,2026-01-15,11:39:28,INFO,WebServer,Transaction tx434142 completed in 32ms,E104,Transaction {tx} completed in {time}ms
74440,2026-01-15,11:36:02,INFO,PaymentGateway,Transaction tx204442 completed in 62ms,E104,Transaction {tx} completed in {time}ms
74441,2026-01-15,11:41:47,INFO,AuthService,Health check passed: AuthService,E102,Health check passed: {service}
74442,2026-01-15,11:59:11,INFO,OrderProcessor,User u1324 login successful,E101,User {user} login successful
74443,2026-01-15,11:02:14,INFO,WebServer,Transaction tx676900 completed in 1694ms,E104,Transaction {tx} completed in {time}ms
74444,2026-01-15,11:45:11,INFO,PaymentGateway,Page view: /home by u1768,E103,Page view: {page} by {user}
74445,2026-01-15,11:40:18,INFO,WebServer,Health check passed: WebServer,E102,Health check passed: {service}
74446,2026-01-15,11:32:43,INFO,WebServer,Transaction tx153793 completed in 1556ms,E104,Transaction {tx} completed in {time}ms
74447,2026-01-15,11:55:11,INFO,WebServer,Page view: /home by u1877,E103,Page view: {page} by {user}
74448,2026-01-15,11:40:23,INFO,WebServer,Transaction tx871007 completed in 1968ms,E104,Transaction {tx} completed in {time}ms
74449,2026-01-15,11:23:17,INFO,InventoryDB,Page view: /home by u2204,E103,Page view: {page} by {user}
74450,2026-01-15,11:48:47,INFO,WebServer,Health check passed: WebServer,E102,Health check passed: {service}
74451,2026-01-15,11:11:54,INFO,AuthService,Health check passed: AuthService,E102,Health check passed: {service}
74452,2026-01-15,11:18:59,INFO,AuthService,Health check passed: AuthService,E102,Health check passed: {service}
74453,2026-01-15,11:18:29,INFO,WebServer,Transaction tx447623 completed in 786ms,E104,Transaction {tx} completed in {time}ms
74454,2026-01-15,11:53:07,INFO,WebServer,Health check passed: WebServer,E102,Health check passed: {service}
74455,2026-01-15,11:47:23,INFO,PaymentGateway,User u3703 login successful,E101,User {user} login successful
74456,2026-01-15,11:11:43,INFO,WebServer,Health check passed: WebServer,E102,Health check passed: {service}
74457,2026-01-15,11:44:29,INFO,WebServer,Page view: /home by u4796,E103,Page view: {page} by {user}
74458,2026-01-15,11:55:23,INFO,AuthService,Health check passed: AuthService,E102,Health check passed: {service}
74459,2026-01-15,11:22:12,INFO,WebServer,Page view: /home by u3322,E103,Page view: {page} by {user}
74460,2026-01-15,11:50:07,WARN,WebServer,High latency (1430ms) detected on WebServer,E201,High latency ({time}ms) detected on {service}
74461,2026-01-15,11:49:14,INFO,WebServer,Transaction tx937272 completed in 1302ms,E104,Transaction {tx} completed in {time}ms
74462,2026-01-15,11:14:23,INFO,PaymentGateway,User u2185 login successful,E101,User {user} login successful
74463,2026-01-15,11:44:26,INFO,AuthService,User u3826 login successful,E101,User {user} login successful
74464,2026-01-15,11:13:05,INFO,AuthService,Transaction tx589309 completed in 637ms,E104,Transaction {tx} completed in {time}ms
74465,2026-01-15,11:52:56,INFO,WebServer,Page view: /home by u1013,E103,Page view: {page} by {user}
74466,2026-01-15,11:53:51,INFO,AuthService,Health check passed: AuthService,E102,Health check passed: {service}
74467,2026-01-15,11:29:44,INFO,WebServer,Health check passed: WebServer,E102,Health check passed: {service}
74468,2026-01-15,11:22:06,INFO,PaymentGateway,User u2050 login successful,E101,User {user} login successful
74469,2026-01-15,11:55:17,INFO,AuthService,Transaction tx996312 completed in 1309ms,E104,Transaction {tx} completed in {time}ms
74470,2026-01-15,11:44:24,INFO,WebServer,Page view: /home by u4136,E103,Page view: {page} by {user}
74471,2026-01-15,11:28:21,INFO,AuthService,Transaction tx546131 completed in 769ms,E104,Transaction {tx} completed in {time}ms
74472,2026-01-15,11:17:25,INFO,WebServer,Health check passed: WebServer,E102,Health check passed: {service}
74473,2026-01-15,11:58:44,INFO,WebServer,Transaction tx515123 completed in 736ms,E104,Transaction {tx} completed in {time}ms
74474,2026-01-15,11:07:21,INFO,InventoryDB,User u1496 login successful,E101,User {user} login successful
74475,2026-01-15,11:02:02,INFO,WebServer,Transaction tx583875 completed in 47ms,E104,Transaction {tx} completed in {time}ms
74476,2026-01-15,11:45:34,INFO,WebServer,User u3790 login successful,E101,User {user} login successful
74477,2026-01-15,11:38:41,INFO,AuthService,Page view: /home by u4207,E103,Page view: {page} by {user}
74478,2026-01-15,11:59:13,INFO,WebServer,User u1699 login successful,E101,User {user} login successful
74479,2026-01-15,11:02:11,INFO,WebServer,Transaction tx874107 completed in 1848ms,E104,Transaction {tx} completed in {time}ms
74480,2026-01-15,11:28:42,INFO,AuthService,Health check passed: AuthService,E102,Health check passed: {service}
74481,2026-01-15,11:09:21,INFO,AuthService,Page view: /home by u1882,E103,Page view: {page} by {user}
74482,2026-01-15,11:02:31,INFO,WebServer,Transaction tx740129 completed in 808ms,E104,Transaction {tx} completed in {time}ms
74483,2026-01-15,11:05:37,INFO,WebServer,Health check passed: WebServer,E102,Health check passed: {service}
74484,2026-01-15,11:16:27,INFO,WebServer,Transaction tx142047 completed in 1938ms,E104,Transaction {tx} completed in {time}ms
74485,2026-01-15,11:01:44,INFO,WebServer,Transaction tx242925 completed in 1833ms,E104,Transaction {tx} completed in {time}ms
74486,2026-01-15,11:28:26,INFO,WebServer,Health check passed: WebServer,E102,Health check passed: {service}
74487,2026-01-15,11:15:37,INFO,PaymentGateway,User u2946 login successful,E101,User {user} login successful
74488,2026-01-15,11:00:03,INFO,PaymentGateway,User u4763 login successful,E101,User {user} login successful
74489,2026-01-15,11:37:23,INFO,WebServer,Transaction tx650316 completed in 1520ms,E104,Transaction {tx} completed in {time}ms
74490,2026-01-15,11:20:31,INFO,WebServer,Page view: /home by u2637,E103,Page view: {page} by {user}
74491,2026-01-15,11:10:06,INFO,AuthService,User u2760 login successful,E101,User {user} login successful
74492,2026-01-15,11:45:57,INFO,WebServer,Health check passed: WebServer,E102,Health check passed: {service}
74493,2026-01-15,11:48:24,INFO,AuthService,Transaction tx412507 completed in 1996ms,E104,Transaction {tx} completed in {time}ms
74494,2026-01-15,11:07:09,INFO,WebServer,User u1535 login successful,E101,User {user} login successful
74495,2026-01-15,11:18:12,INFO,WebServer,Transaction tx300207 completed in 1121ms,E104,Transaction {tx} completed in {time}ms
74496,2026-01-15,11:23:35,INFO,WebServer,Transaction tx571620 completed in 1314ms,E104,Transaction {tx} completed in {time}ms
74497,2026-01-15,11:59:34,INFO,WebServer,Transaction tx888540 completed in 1789ms,E104,Transaction {tx} completed in {time}ms
74498,2026-01-15,11:12:30,WARN,WebServer,Disk usage > 85% on node node-4,E202,Disk usage > 85% on node {node}
74499,2026-01-15,11:46:16,INFO,AuthService,Page view: /home by u2334,E103,Page view: {page} by {user}
74500,2026-01-15,11:09:14,INFO,WebServer,User u4804 login successful,E101,User {user} login successful
74501,2026-01-15,11:49:54,INFO,OrderProcessor,User u2862 login successful,E101,User {user} login successful
74502,2026-01-15,11:17:36,INFO,PaymentGateway,Transaction tx317151 completed in 1714ms,E104,Transaction {tx} completed in {time}ms
74503,2026-01-15,11:49:27,INFO,WebServer,Health check passed: WebServer,E102,Health check passed: {service}
74504,2026-01-15,11:15:47,INFO,PaymentGateway,Health check passed: PaymentGateway,E102,Health check passed: {service}
74505,2026-01-15,11:14:11,INFO,WebServer,Page view: /home by u1101,E103,Page view: {page} by {user}
74506,2026-01-15,11:58:35,INFO,AuthService,Health check passed: AuthService,E102,Health check passed: {service}
74507,2026-01-15,11:10:09,INFO,AuthService,Page view: /home by u2384,E103,Page view: {page} by {user}
74508,2026-01-15,11:13:17,INFO,WebServer,User u3707 login successful,E101,User {user} login successful
74509,2026-01-15,11:27:12,INFO,WebServer,Health check passed: WebServer,E102,Health check passed: {service}
74510,2026-01-15,11:48:16,INFO,WebServer,User u1318 login successful,E101,User {user} login successful
74511,2026-01-15,11:23:48,INFO,WebServer,Page view: /home by u2898,E103,Page view: {page} by {user}
74512,2026-01-15,11:15:56,INFO,PaymentGateway,User u1440 login successful,E101,User {user} login successful
74513,2026-01-15,11:31:34,INFO,OrderProcessor,Page view: /home by u3107,E103,Page view: {page} by {user}
74514,2026-01-15,11:13:46,INFO,WebServer,Page view: /home by u1634,E103,Page view: {page} by {user}
74515,2026-01-15,11:31:37,INFO,PaymentGateway,Page view: /home by u1644,E103,Page view: {page} by {user}
74516,2026-01-15,11:08:36,INFO,WebServer,Page view: /home by u1461,E103,Page view: {page} by {user}
74517,2026-01-15,11:55:23,INFO,PaymentGateway,Page view: /home by u2849,E103,Page view: {page} by {user}
74518,2026-01-15,11:41:21,INFO,InventoryDB,Transaction tx361335 completed in 1829ms,E104,Transaction {tx} completed in {time}ms
74519,2026-01-15,11:57:11,INFO,WebServer,User u2078 login successful,E101,User {user} login successful
74520,2026-01-15,11:13:11,WARN,OrderProcessor,Unauthorized access attempt from 10.0.0.12,E401,Unauthorized access attempt from {ip}
74521,2026-01-15,11:42:08,INFO,InventoryDB,Page view: /home by u2747,E103,Page view: {page} by {user}
74522,2026-01-15,11:57:42,INFO,AuthService,Transaction tx163200 completed in 1960ms,E104,Transaction {tx} completed in {time}ms
74523,2026-01-15,11:40:29,INFO,WebServer,Health check passed: WebServer,E102,Health check passed: {service}
74524,2026-01-15,11:29:29,INFO,WebServer,User u1893 login successful,E101,User {user} login successful
74525,2026-01-15,11:28:37,INFO,WebServer,Health check passed: WebServer,E102,Health check passed: {service}
74526,2026-01-15,11:34:33,INFO,WebServer,Transaction tx373449 completed in 228ms,E104,Transaction {tx} completed in {time}ms
74527,2026-01-15,11:13:38,INFO,AuthService,Transaction tx281630 completed in 1708ms,E104,Transaction {tx} completed in {time}ms
74528,2026-01-15,11:08:43,INFO,WebServer,Page view: /home by u2904,E103,Page view: {page} by {user}
74529,2026-01-15,11:22:35,INFO,OrderProcessor,Transaction tx564779 completed in 1712ms,E104,Transaction {tx} completed in {time}ms
74530,2026-01-15,11:03:39,INFO,WebServer,User u1629 login successful,E101,User {user} login successful
74531,2026-01-15,11:11:08,INFO,WebServer,Transaction tx818101 completed in 321ms,E104,Transaction {tx} completed in {time}ms
74532,2026-01-15,11:20:09,INFO,WebServer,Transaction tx401971 completed in 1416ms,E104,Transaction {tx} completed in {time}ms
74533,2026-01-15,11:54:57,INFO,WebServer,Transaction tx208375 completed in 1918ms,E104,Transaction {tx} completed in {time}ms
74534,2026-01-15,11:54:53,INFO,InventoryDB,Health check passed: InventoryDB,E102,Health check passed: {service}
74535,2026-01-15,11:39:56,WARN,WebServer,High latency (220ms) detected on WebServer,E201,High latency ({time}ms) detected on {service}
74536,2026-01-15,11:10:01,INFO,OrderProcessor,Health check passed: OrderProcessor,E102,Health check passed: {service}
74537,2026-01-15,11:04:03,INFO,WebServer,Health check passed: WebServer,E102,Health check passed: {service}
74538,2026-01-15,11:03:40,WARN,WebServer,Disk usage > 85% on node node-5,E202,Disk usage > 85% on node {node}
74539,2026-01-15,11:15:47,INFO,PaymentGateway,User u4325 login successful,E101,User {user} login successful
74540,2026-01-15,11:49:58,INFO,PaymentGateway,Transaction tx805735 completed in 623ms,E104,Transaction {tx} completed in {time}ms
74541,2026-01-15,11:15:33,INFO,WebServer,Transaction tx479486 completed in 813ms,E104,Transaction {tx} completed in {time}ms
74542,2026-01-15,11:59:30,INFO,AuthService,Health check passed: AuthService,E102,Health check passed: {service}
74543,2026-01-15,11:35:51,INFO,PaymentGateway,User u3863 login successful,E101,User {user} login successful
74544,2026-01-15,11:42:23,INFO,WebServer,Page view: /home by u4371,E103,Page view: {page} by {user}
74545,2026-01-15,11:00:52,INFO,WebServer,Page view: /home by u4011,E103,Page view: {page} by {user}
74546,2026-01-15,11:25:54,INFO,OrderProcessor,Health check passed: OrderProcessor,E102,Health check passed: {service}
74547,2026-01-15,11:02:36,INFO,WebServer,Transaction tx622975 completed in 1445ms,E104,Transaction {tx} completed in {time}ms
74548,2026-01-15,11:33:21,INFO,PaymentGateway,Transaction tx353604 completed in 625ms,E104,Transaction {tx} completed in {time}ms
74549,2026-01-15,11:37:48,INFO,WebServer,Health check passed: WebServer,E102,Health check passed: {service}
74550,2026-01-15,11:00:37,INFO,WebServer,Page view: /home by u3340,E103,Page view: {page} by {user}
74551,2026-01-15,11:00:32,INFO,OrderProcessor,Transaction tx821491 completed in 262ms,E104,Transaction {tx} completed in {time}ms
74552,2026-01-15,11:21:01,INFO,WebServer,Transaction tx988255 completed in 1855ms,E104,Transaction {tx} completed in {time}ms
74553,2026-01-15,11:37:39,INFO,WebServer,Health check passed: WebServer,E102,Health check passed: {service}
74554,2026-01-15,11:19:17,ERROR,WebServer,Payment declined: Gateway unavailable,E503,Payment declined: Gateway unavailable
74555,2026-01-15,11:57:49,INFO,InventoryDB,Transaction tx948070 completed in 993ms,E104,Transaction {tx} completed in {time}ms
74556,2026-01-15,11:53:28,INFO,WebServer,Page view: /home by u3100,E103,Page view: {page} by {user}
74557,2026-01-15,11:44:53,INFO,PaymentGateway,Health check passed: PaymentGateway,E102,Health check passed: {service}
74558,2026-01-15,11:39:42,INFO,WebServer,Health check passed: WebServer,E102,Health check passed: {service}
74559,2026-01-15,11:26:47,INFO,WebServer,Health check passed: WebServer,E102,Health check passed: {service}
74560,2026-01-15,11:45:38,INFO,WebServer,Page view: /home by u3718,E103,Page view: {page} by {user}
74561,2026-01-15,11:49:30,INFO,WebServer,Page view: /home by u3515,E103,Page view: {page} by {user}
74562,2026-01-15,11:03:29,INFO,WebServer,Transaction tx195292 completed in 768ms,E104,Transaction {tx} completed in {time}ms
74563,2026-01-15,11:21:45,INFO,WebServer,Transaction tx895778 completed in 840ms,E104,Transaction {tx} completed in {time}ms
74564,2026-01-15,11:42:38,INFO,WebServer,Health check passed: WebServer,E102,Health check passed: {service}
74565,2026-01-15,11:36:02,INFO,WebServer,Transaction tx276614 completed in 330ms,E104,Transaction {tx} completed in {time}ms
74566,2026-01-15,11:56:07,WARN,WebServer,Unauthorized access attempt from 10.0.0.12,E401,Unauthorized access attempt from {ip}
74567,2026-01-15,11:47:43,INFO,WebServer,Health check passed: WebServer,E102,Health check passed: {service}
74568,2026-01-15,11:41:04,INFO,WebServer,Page view: /home by u2481,E103,Page view: {page} by {user}
74569,2026-01-15,11:22:18,INFO,WebServer,Transaction tx932454 completed in 138ms,E104,Transaction {tx} completed in {time}ms
74570,2026-01-15,11:50:10,INFO,OrderProcessor,Health check passed: OrderProcessor,E102,Health check passed: {service}
74571,2026-01-15,11:20:11,INFO,PaymentGateway,User u2863 login successful,E101,User {user} login successful
74572,2026-01-15,11:45:35,INFO,WebServer,Transaction tx437599 completed in 1734ms,E104,Transaction {tx} completed in {time}ms
74573,2026-01-15,11:24:58,INFO,WebServer,Health check passed: WebServer,E102,Health check passed: {service}
74574,2026-01-15,11:28:59,INFO,WebServer,Page view: /home by u4990,E103,Page view: {page} by {user}
74575,2026-01-15,11:22:47,INFO,InventoryDB,User u2691 login successful,E101,User {user} login successful
74576,2026-01-15,11:18:59,WARN,WebServer,Unauthorized access attempt from 10.0.0.12,E401,Unauthorized access attempt from {ip}
74577,2026-01-15,11:32:25,INFO,AuthService,User u3858 login successful,E101,User {user} login successful
74578,2026-01-15,11:24:28,INFO,WebServer,Page view: /home by u4475,E103,Page view: {page} by {user}
74579,2026-01-15,11:36:08,INFO,InventoryDB,Page view: /home by u3466,E103,Page view: {page} by {user}
74580,2026-01-15,11:01:07,INFO,WebServer,Transaction tx466290 completed in 1609ms,E104,Transaction {tx} completed in {time}ms
74581,2026-01-15,11:50:11,INFO,WebServer,User u4919 login successful,E101,User {user} login successful
74582,2026-01-15,11:28:51,INFO,OrderProcessor,Health check passed: OrderProcessor,E102,Health check passed: {service}
74583,2026-01-15,11:51:30,INFO,WebServer,Health check passed: WebServer,E102,Health check passed: {service}
74584,2026-01-15,11:52:23,INFO,InventoryDB,User u1430 login successful,E101,User {user} login successful
74585,2026-01-15,11:39:43,INFO,OrderProcessor,Transaction tx891771 completed in 1467ms,E104,Transaction {tx} completed in {time}ms
74586,2026-01-15,11:56:44,INFO,WebServer,Transaction tx104572 completed in 189ms,E104,Transaction {tx} completed in {time}ms
74587,2026-01-15,11:11:26,INFO,AuthService,Transaction tx799932 completed in 702ms,E104,Transaction {tx} completed in {time}ms
74588,2026-01-15,11:46:33,INFO,OrderProcessor,Transaction tx697001 completed in 1053ms,E104,Transaction {tx} completed in {time}ms
74589,2026-01-15,11:03:54,INFO,WebServer,Transaction tx428899 completed in 1679ms,E104,Transaction {tx} completed in {time}ms
74590,2026-01-15,11:54:45,INFO,WebServer,Transaction tx648199 completed in 635ms,E104,Transaction {tx} completed in {time}ms
74591,2026-01-15,11:45:03,INFO,OrderProcessor,User u4545 login successful,E101,User {user} login successful
74592,2026-01-15,11:36:12,INFO,WebServer,Health check passed: WebServer,E102,Health check passed: {service}
74593,2026-01-15,11:20:54,INFO,AuthService,Page view: /home by u3905,E103,Page view: {page} by {user}
74594,2026-01-15,11:47:22,INFO,WebServer,Page view: /home by u3193,E103,Page view: {page} by {user}
74595,2026-01-15,11:04:24,INFO,WebServer,Page view: /home by u1628,E103,Page view: {page} by {user}
74596,2026-01-15,11:39:25,INFO,WebServer,Transaction tx376493 completed in 1622ms,E104,Transaction {tx} completed in {time}ms
74597,2026-01-15,11:29:24,INFO,WebServer,Health check passed: WebServer,E102,Health check passed: {service}
74598,2026-01-15,11:46:23,INFO,WebServer,Transaction tx863671 completed in 1871ms,E104,Transaction {tx} completed in {time}ms
74599,2026-01-15,11:06:56,INFO,WebServer,Page view: /home by u3533,E103,Page view: {page} by {user}
74600,2026-01-15,11:51:29,INFO,WebServer,User u4134 login successful,E101,User {user} login successful
74601,2026-01-15,11:15:29,INFO,WebServer,Health check passed: WebServer,E102,Health check passed: {service}
74602,2026-01-15,11:05:58,INFO,WebServer,Page view: /home by u1953,E103,Page view: {page} by {user}
74603,2026-01-15,11:50:50,INFO,WebServer,Health check passed: WebServer,E102,Health check passed: {service}
74604,2026-01-15,11:24:56,INFO,WebServer,User u4872 login successful,E101,User {user} login successful
74605,2026-01-15,11:32:51,WARN,WebServer,Disk usage > 85% on node node-4,E202,Disk usage > 85% on node {node}
74606,2026-01-15,11:03:46,INFO,AuthService,Health check passed: AuthService,E102,Health check passed: {service}
74607,2026-01-15,11:23:44,INFO,AuthService,Page view: /home by u1958,E103,Page view: {page} by {user}
74608,2026-01-15,11:37:25,INFO,PaymentGateway,Page view: /home by u4470,E103,Page view: {page} by {user}
74609,2026-01-15,11:34:36,INFO,WebServer,Health check passed: WebServer,E102,Health check passed: {service}
74610,2026-01-15,11:22:31,INFO,AuthService,User u3517 login successful,E101,User {user} login successful
74611,2026-01-15,11:03:09,INFO,WebServer,Page view: /home by u4091,E103,Page view: {page} by {user}
74612,2026-01-15,11:17:10,INFO,WebServer,Page view: /home by u2929,E103,Page view: {page} by {user}
74613,2026-01-15,11:54:11,INFO,WebServer,User u3551 login successful,E101,User {user} login successful
74614,2026-01-15,11:44:26,INFO,WebServer,Transaction tx250455 completed in 942ms,E104,Transaction {tx} completed in {time}ms
74615,2026-01-15,11:09:53,INFO,AuthService,Transaction tx498636 completed in 1536ms,E104,Transaction {tx} completed in {time}ms
74616,2026-01-15,11:02:16,INFO,WebServer,User u1425 login successful,E101,User {user} login successful
74617,2026-01-15,11:03:01,INFO,OrderProcessor,Health check passed: OrderProcessor,E102,Health check passed: {service}
74618,2026-01-15,11:30:20,INFO,WebServer,Page view: /home by u4912,E103,Page view: {page} by {user}
74619,2026-01-15,11:43:15,WARN,AuthService,Unauthorized access attempt from 10.0.0.45,E401,Unauthorized access attempt from {ip}
74620,2026-01-15,11:14:38,INFO,WebServer,Health check passed: WebServer,E102,Health check passed: {service}
74621,2026-01-15,11:50:45,INFO,AuthService,Health check passed: AuthService,E102,Health check passed: {service}
74622,2026-01-15,11:07:16,INFO,WebServer,Health check passed: WebServer,E102,Health check passed: {service}
74623,2026-01-15,11:06:55,INFO,PaymentGateway,User u2563 login successful,E101,User {user} login successful
74624,2026-01-15,11:18:40,INFO,OrderProcessor,Health check passed: OrderProcessor,E102,Health check passed: {service}
74625,2026-01-15,11:44:08,INFO,WebServer,Transaction tx159162 completed in 534ms,E104,Transaction {tx} completed in {time}ms
74626,2026-01-15,11:15:58,INFO,WebServer,Health check passed: WebServer,E102,Health check passed: {service}
74627,2026-01-15,11:11:41,INFO,OrderProcessor,User u3483 login successful,E101,User {user} login successful
74628,2026-01-15,11:52:47,INFO,WebServer,Page view: /home by u2807,E103,Page view: {page} by {user}
74629,2026-01-15,11:03:06,INFO,WebServer,User u4980 login successful,E101,User {user} login successful
74630,2026-01-15,11:23:39,INFO,PaymentGateway,Page view: /home by u1824,E103,Page view: {page} by {user}
74631,2026-01-15,11:31:56,INFO,WebServer,User u4920 login successful,E101,User {user} login successful
74632,2026-01-15,11:00:40,INFO,WebServer,User u4946 login successful,E101,User {user} login successful
74633,2026-01-15,11:10:17,INFO,AuthService,Transaction tx148330 completed in 816ms,E104,Transaction {tx} completed in {time}ms
74634,2026-01-15,11:40:32,WARN,AuthService,Disk usage > 85% on node node-2,E202,Disk usage > 85% on node {node}
74635,2026-01-15,11:22:43,INFO,WebServer,Transaction tx650599 completed in 601ms,E104,Transaction {tx} completed in {time}ms
74636,2026-01-15,11:21:49,INFO,WebServer,User u1630 login successful,E101,User {user} login successful
74637,2026-01-15,11:56:58,WARN,WebServer,Unauthorized access attempt from 10.0.0.99,E401,Unauthorized access attempt from {ip}
74638,2026-01-15,11:11:07,ERROR,WebServer,Timeout waiting for lock on InventoryDB,E502,Timeout waiting for lock on {db}
74639,2026-01-15,11:03:44,INFO,WebServer,Health check passed: WebServer,E102,Health check passed: {service}
74640,2026-01-15,11:25:02,INFO,WebServer,User u3371 login successful,E101,User {user} login successful
74641,2026-01-15,11:40:56,INFO,WebServer,Page view: /home by u1813,E103,Page view: {page} by {user}
74642,2026-01-15,11:28:34,INFO,WebServer,Health check passed: WebServer,E102,Health check passed: {service}
74643,2026-01-15,11:04:54,INFO,WebServer,Transaction tx665748 completed in 506ms,E104,Transaction {tx} completed in {time}ms
74644,2026-01-15,11:59:00,INFO,WebServer,Health check passed: WebServer,E102,Health check passed: {service}
74645,2026-01-15,11:32:42,INFO,PaymentGateway,User u3682 login successful,E101,User {user} login successful
74646,2026-01-15,11:24:56,INFO,InventoryDB,User u2571 login successful,E101,User {user} login successful
74647,2026-01-15,11:23:13,INFO,WebServer,User u2678 login successful,E101,User {user} login successful
74648,2026-01-15,11:46:57,INFO,PaymentGateway,Transaction tx165835 completed in 461ms,E104,Transaction {tx} completed in {time}ms
74649,2026-01-15,11:53:58,INFO,InventoryDB,Health check passed: InventoryDB,E102,Health check passed: {service}
74650,2026-01-15,11:13:34,INFO,InventoryDB,Page view: /home by u4547,E103,Page view: {page} by {user}
74651,2026-01-15,11:53:33,INFO,WebServer,User u3717 login successful,E101,User {user} login successful
74652,2026-01-15,11:38:33,INFO,PaymentGateway,Health check passed: PaymentGateway,E102,Health check passed: {service}
74653,2026-01-15,11:58:34,INFO,AuthService,Page view: /home by u1686,E103,Page view: {page} by {user}
74654,2026-01-15,11:13:46,INFO,AuthService,Transaction tx124866 completed in 184ms,E104,Transaction {tx} completed in {time}ms
74655,2026-01-15,11:32:48,INFO,AuthService,Page view: /home by u2637,E103,Page view: {page} by {user}
74656,2026-01-15,11:03:13,INFO,WebServer,Transaction tx238501 completed in 1312ms,E104,Transaction {tx} completed in {time}ms
74657,2026-01-15,11:54:05,INFO,WebServer,Transaction tx303041 completed in 1972ms,E104,Transaction {tx} completed in {time}ms
74658,2026-01-15,11:58:32,INFO,OrderProcessor,User u4610 login successful,E101,User {user} login successful
74659,2026-01-15,11:18:28,INFO,OrderProcessor,Health check passed: OrderProcessor,E102,Health check passed: {service}
74660,2026-01-15,11:25:51,INFO,AuthService,Page view: /home by u2723,E103,Page view: {page} by {user}
74661,2026-01-15,11:48:37,INFO,OrderProcessor,Transaction tx334253 completed in 291ms,E104,Transaction {tx} completed in {time}ms
74662,2026-01-15,11:15:04,INFO,WebServer,Transaction tx328904 completed in 311ms,E104,Transaction {tx} completed in {time}ms
74663,2026-01-15,11:42:06,INFO,WebServer,Transaction tx787001 completed in 1915ms,E104,Transaction {tx} completed in {time}ms
74664,2026-01-15,11:06:10,INFO,AuthService,Page view: /home by u3023,E103,Page view: {page} by {user}
74665,2026-01-15,11:46:04,INFO,WebServer,User u3423 login successful,E101,User {user} login successful
74666,2026-01-15,11:26:46,INFO,PaymentGateway,Health check passed: PaymentGateway,E102,Health check passed: {service}
74667,2026-01-15,11:18:36,INFO,WebServer,User u1666 login successful,E101,User {user} login successful
74668,2026-01-15,11:01:21,INFO,OrderProcessor,Health check passed: OrderProcessor,E102,Health check passed: {service}
74669,2026-01-15,11:23:43,INFO,WebServer,Page view: /home by u1733,E103,Page view: {page} by {user}
74670,2026-01-15,11:17:17,INFO,AuthService,Health check passed: AuthService,E102,Health check passed: {service}
74671,2026-01-15,11:14:59,INFO,WebServer,User u4495 login successful,E101,User {user} login successful
74672,2026-01-15,11:54:55,INFO,WebServer,User u4529 login successful,E101,User {user} login successful
74673,2026-01-15,11:23:52,INFO,WebServer,Page view: /home by u4297,E103,Page view: {page} by {user}
74674,2026-01-15,11:52:08,INFO,PaymentGateway,Health check passed: PaymentGateway,E102,Health check passed: {service}
74675,2026-01-15,11:23:39,INFO,WebServer,Transaction tx304937 completed in 1474ms,E104,Transaction {tx} completed in {time}ms
74676,2026-01-15,11:00:00,INFO,WebServer,Transaction tx241639 completed in 1891ms,E104,Transaction {tx} completed in {time}ms
74677,2026-01-15,11:52:54,INFO,OrderProcessor,User u2424 login successful,E101,User {user} login successful
74678,2026-01-15,11:09:59,INFO,WebServer,Health check passed: WebServer,E102,Health check passed: {service}
74679,2026-01-15,11:02:45,INFO,WebServer,Page view: /home by u1159,E103,Page view: {page} by {user}
74680,2026-01-15,11:19:02,INFO,WebServer,Transaction tx670091 completed in 1542ms,E104,Transaction {tx} completed in {time}ms
74681,2026-01-15,11:17:18,INFO,AuthService,Health check passed: AuthService,E102,Health check passed: {service}
74682,2026-01-15,11:52:05,INFO,WebServer,Page view: /home by u2347,E103,Page view: {page} by {user}
74683,2026-01-15,11:09:34,INFO,WebServer,Health check passed: WebServer,E102,Health check passed: {service}
74684,2026-01-15,11:25:58,INFO,InventoryDB,Transaction tx142974 completed in 1711ms,E104,Transaction {tx} completed in {time}ms
74685,2026-01-15,11:34:01,INFO,WebServer,Transaction tx383553 completed in 465ms,E104,Transaction {tx} completed in {time}ms
74686,2026-01-15,11:26:13,INFO,AuthService,Page view: /home by u4240,E103,Page view: {page} by {user}
74687,2026-01-15,11:06:32,WARN,OrderProcessor,Unauthorized access attempt from 192.168.1.5,E401,Unauthorized access attempt from {ip}
74688,2026-01-15,11:46:44,WARN,OrderProcessor,Disk usage > 85% on node node-4,E202,Disk usage > 85% on node {node}
74689,2026-01-15,11:37:14,INFO,WebServer,User u4721 login successful,E101,User {user} login successful
74690,2026-01-15,11:02:17,INFO,OrderProcessor,User u2563 login successful,E101,User {user} login successful
74691,2026-01-15,11:55:17,INFO,InventoryDB,Transaction tx141450 completed in 1719ms,E104,Transaction {tx} completed in {time}ms
74692,2026-01-15,11:02:42,INFO,WebServer,User u1887 login successful,E101,User {user} login successful
74693,2026-01-15,11:58:33,INFO,WebServer,Transaction tx346534 completed in 47ms,E104,Transaction {tx} completed in {time}ms
74694,2026-01-15,11:46:11,INFO,PaymentGateway,User u1747 login successful,E101,User {user} login successful
74695,2026-01-15,11:31:32,INFO,WebServer,User u2948 login successful,E101,User {user} login successful
74696,2026-01-15,11:50:45,INFO,WebServer,Health check passed: WebServer,E102,Health check passed: {service}
74697,2026-01-15,11:08:24,INFO,OrderProcessor,Health check passed: OrderProcessor,E102,Health check passed: {service}
74698,2026-01-15,11:44:11,INFO,AuthService,Health check passed: AuthService,E102,Health check passed: {service}
74699,2026-01-15,11:32:43,INFO,WebServer,Health check passed: WebServer,E102,Health check passed: {service}
74700,2026-01-15,11:04:38,INFO,WebServer,Page view: /home by u2078,E103,Page view: {page} by {user}
74701,2026-01-15,11:02:04,INFO,AuthService,Page view: /home by u2438,E103,Page view: {page} by {user}
74702,2026-01-15,11:16:30,INFO,WebServer,Transaction tx445809 completed in 561ms,E104,Transaction {tx} completed in {time}ms
74703,2026-01-15,11:35:47,INFO,WebServer,Page view: /home by u1577,E103,Page view: {page} by {user}
74704,2026-01-15,11:17:17,INFO,WebServer,User u3133 login successful,E101,User {user} login successful
74705,2026-01-15,11:10:38,INFO,OrderProcessor,Page view: /home by u1323,E103,Page view: {page} by {user}
74706,2026-01-15,11:44:07,INFO,WebServer,Transaction tx554852 completed in 301ms,E104,Transaction {tx} completed in {time}ms
74707,2026-01-15,11:31:58,INFO,AuthService,Page view: /home by u3362,E103,Page view: {page} by {user}
74708,2026-01-15,11:20:02,WARN,PaymentGateway,High latency (428ms) detected on PaymentGateway,E201,High latency ({time}ms) detected on {service}
74709,2026-01-15,11:06:25,INFO,PaymentGateway,Health check passed: PaymentGateway,E102,Health check passed: {service}
74710,2026-01-15,11:48:13,INFO,WebServer,Transaction tx729132 completed in 1435ms,E104,Transaction {tx} completed in {time}ms
74711,2026-01-15,11:38:35,INFO,WebServer,User u3860 login successful,E101,User {user} login successful
74712,2026-01-15,11:07:51,INFO,OrderProcessor,Transaction tx706826 completed in 1633ms,E104,Transaction {tx} completed in {time}ms
74713,2026-01-15,11:25:55,INFO,WebServer,User u4350 login successful,E101,User {user} login successful
74714,2026-01-15,11:00:04,WARN,WebServer,High latency (1079ms) detected on WebServer,E201,High latency ({time}ms) detected on {service}
74715,2026-01-15,11:20:13,INFO,OrderProcessor,Page view: /home by u1754,E103,Page view: {page} by {user}
74716,2026-01-15,11:33:51,INFO,WebServer,Page view: /home by u2158,E103,Page view: {page} by {user}
74717,2026-01-15,11:26:42,INFO,OrderProcessor,User u4131 login successful,E101,User {user} login successful
74718,2026-01-15,11:08:43,INFO,WebServer,Page view: /home by u3811,E103,Page view: {page} by {user}
74719,2026-01-15,11:09:12,INFO,WebServer,Page view: /home by u4341,E103,Page view: {page} by {user}
74720,2026-01-15,11:25:03,WARN,WebServer,Unauthorized access attempt from 10.0.0.88,E401,Unauthorized access attempt from {ip}
74721,2026-01-15,11:23:55,INFO,OrderProcessor,User u3255 login successful,E101,User {user} login successful
74722,2026-01-15,11:10:12,WARN,InventoryDB,Disk usage > 85% on node node-2,E202,Disk usage > 85% on node {node}
74723,2026-01-15,11:57:12,INFO,PaymentGateway,Transaction tx740424 completed in 243ms,E104,Transaction {tx} completed in {time}ms
74724,2026-01-15,11:07:41,INFO,WebServer,Transaction tx110378 completed in 1191ms,E104,Transaction {tx} completed in {time}ms
74725,2026-01-15,11:13:15,INFO,WebServer,Page view: /home by u4696,E103,Page view: {page} by {user}
74726,2026-01-15,11:11:17,INFO,AuthService,User u3788 login successful,E101,User {user} login successful
74727,2026-01-15,11:49:37,INFO,AuthService,Page view: /home by u3197,E103,Page view: {page} by {user}
74728,2026-01-15,11:25:00,INFO,AuthService,User u2308 login successful,E101,User {user} login successful
74729,2026-01-15,11:33:37,INFO,OrderProcessor,Transaction tx330970 completed in 1982ms,E104,Transaction {tx} completed in {time}ms
74730,2026-01-15,11:29:53,INFO,InventoryDB,Page view: /home by u2172,E103,Page view: {page} by {user}
74731,2026-01-15,11:33:15,INFO,WebServer,Page view: /home by u4677,E103,Page view: {page} by {user}
74732,2026-01-15,11:26:02,INFO,PaymentGateway,Health check passed: PaymentGateway,E102,Health check passed: {service}
74733,2026-01-15,11:10:53,WARN,AuthService,High latency (1619ms) detected on AuthService,E201,High latency ({time}ms) detected on {service}
74734,2026-01-15,11:23:26,INFO,InventoryDB,User u3389 login successful,E101,User {user} login successful
74735,2026-01-15,11:19:03,INFO,WebServer,Page view: /home by u1736,E103,Page view: {page} by {user}
74736,2026-01-15,11:53:35,INFO,WebServer,Health check passed: WebServer,E102,Health check passed: {service}
74737,2026-01-15,11:00:04,INFO,WebServer,Transaction tx648653 completed in 789ms,E104,Transaction {tx} completed in {time}ms
74738,2026-01-15,11:35:35,WARN,InventoryDB,High latency (882ms) detected on InventoryDB,E201,High latency ({time}ms) detected on {service}
74739,2026-01-15,11:02:51,INFO,WebServer,Transaction tx873709 completed in 77ms,E104,Transaction {tx} completed in {time}ms
74740,2026-01-15,11:37:11,INFO,WebServer,Transaction tx966791 completed in 430ms,E104,Transaction {tx} completed in {time}ms
74741,2026-01-15,11:23:58,INFO,WebServer,Health check passed: WebServer,E102,Health check passed: {service}
74742,2026-01-15,11:25:52,INFO,WebServer,Page view: /home by u2187,E103,Page view: {page} by {user}
74743,2026-01-15,11:53:05,INFO,AuthService,Transaction tx934997 completed in 1791ms,E104,Transaction {tx} completed in {time}ms
74744,2026-01-15,11:43:31,INFO,AuthService,Health check passed: AuthService,E102,Health check passed: {service}
74745,2026-01-15,11:53:35,INFO,OrderProcessor,Page view: /home by u2044,E103,Page view: {page} by {user}
74746,2026-01-15,11:53:59,INFO,WebServer,Page view: /home by u1785,E103,Page view: {page} by {user}
74747,2026-01-15,11:41:50,WARN,WebServer,Disk usage > 85% on node node-2,E202,Disk usage > 85% on node {node}
74748,2026-01-15,11:00:01,INFO,AuthService,Page view: /home by u3195,E103,Page view: {page} by {user}
74749,2026-01-15,11:52:10,INFO,InventoryDB,Page view: /home by u1890,E103,Page view: {page} by {user}
74750,2026-01-15,11:18:46,INFO,OrderProcessor,User u2759 login successful,E101,User {user} login successful
74751,2026-01-15,11:30:59,INFO,AuthService,User u1994 login successful,E101,User {user} login successful
74752,2026-01-15,11:54:08,WARN,AuthService,High latency (750ms) detected on AuthService,E201,High latency ({time}ms) detected on {service}
74753,2026-01-15,11:06:15,INFO,AuthService,Transaction tx131166 completed in 61ms,E104,Transaction {tx} completed in {time}ms
74754,2026-01-15,11:28:20,INFO,WebServer,Transaction tx350802 completed in 761ms,E104,Transaction {tx} completed in {time}ms
74755,2026-01-15,11:37:06,INFO,WebServer,Page view: /home by u3156,E103,Page view: {page} by {user}
74756,2026-01-15,11:32:05,INFO,WebServer,Health check passed: WebServer,E102,Health check passed: {service}
74757,2026-01-15,11:21:19,INFO,WebServer,Transaction tx647249 completed in 1606ms,E104,Transaction {tx} completed in {time}ms
74758,2026-01-15,11:51:23,INFO,PaymentGateway,Transaction tx271974 completed in 1125ms,E104,Transaction {tx} completed in {time}ms
74759,2026-01-15,11:34:07,INFO,WebServer,Transaction tx940822 completed in 529ms,E104,Transaction {tx} completed in {time}ms
74760,2026-01-15,11:05:23,INFO,AuthService,User u2122 login successful,E101,User {user} login successful
74761,2026-01-15,11:24:31,INFO,WebServer,User u3098 login successful,E101,User {user} login successful
74762,2026-01-15,11:31:09,INFO,OrderProcessor,User u2430 login successful,E101,User {user} login successful
74763,2026-01-15,11:53:59,INFO,WebServer,Transaction tx549363 completed in 1707ms,E104,Transaction {tx} completed in {time}ms
74764,2026-01-15,11:34:37,INFO,WebServer,Transaction tx444308 completed in 1540ms,E104,Transaction {tx} completed in {time}ms
74765,2026-01-15,11:18:35,INFO,AuthService,Page view: /home by u1150,E103,Page view: {page} by {user}
74766,2026-01-15,11:08:33,INFO,WebServer,Health check passed: WebServer,E102,Health check passed: {service}
74767,2026-01-15,11:58:08,INFO,PaymentGateway,Health check passed: PaymentGateway,E102,Health check passed: {service}
74768,2026-01-15,11:43:58,INFO,WebServer,Health check passed: WebServer,E102,Health check passed: {service}
74769,2026-01-15,11:17:04,INFO,WebServer,Health check passed: WebServer,E102,Health check passed: {service}
74770,2026-01-15,11:56:35,INFO,WebServer,Health check passed: WebServer,E102,Health check passed: {service}
74771,2026-01-15,11:11:22,INFO,WebServer,User u2839 login successful,E101,User {user} login successful
74772,2026-01-15,11:03:50,INFO,WebServer,Transaction tx370203 completed in 399ms,E104,Transaction {tx} completed in {time}ms
74773,2026-01-15,11:21:26,INFO,WebServer,Transaction tx505113 completed in 38ms,E104,Transaction {tx} completed in {time}ms
74774,2026-01-15,11:46:04,INFO,WebServer,Transaction tx292190 completed in 1521ms,E104,Transaction {tx} completed in {time}ms
74775,2026-01-15,11:06:33,INFO,WebServer,Health check passed: WebServer,E102,Health check passed: {service}
74776,2026-01-15,11:07:31,INFO,AuthService,Health check passed: AuthService,E102,Health check passed: {service}
74777,2026-01-15,11:37:43,INFO,WebServer,Transaction tx709091 completed in 1908ms,E104,Transaction {tx} completed in {time}ms
74778,2026-01-15,11:41:24,INFO,WebServer,Health check passed: WebServer,E102,Health check passed: {service}
74779,2026-01-15,11:10:52,INFO,AuthService,Page view: /home by u4709,E103,Page view: {page} by {user}
74780,2026-01-15,11:05:55,INFO,WebServer,User u2342 login successful,E101,User {user} login successful
74781,2026-01-15,11:24:39,INFO,AuthService,Page view: /home by u4142,E103,Page view: {page} by {user}
74782,2026-01-15,11:50:17,INFO,WebServer,Page view: /home by u4458,E103,Page view: {page} by {user}
74783,2026-01-15,11:25:41,INFO,AuthService,User u2951 login successful,E101,User {user} login successful
74784,2026-01-15,11:27:00,WARN,AuthService,Disk usage > 85% on node node-5,E202,Disk usage > 85% on node {node}
74785,2026-01-15,11:18:40,INFO,WebServer,Page view: /home by u4198,E103,Page view: {page} by {user}
74786,2026-01-15,11:38:18,INFO,WebServer,Health check passed: WebServer,E102,Health check passed: {service}
74787,2026-01-15,11:33:54,INFO,InventoryDB,User u4464 login successful,E101,User {user} login successful
74788,2026-01-15,11:06:17,INFO,WebServer,Page view: /home by u1333,E103,Page view: {page} by {user}
74789,2026-01-15,11:52:54,INFO,WebServer,Page view: /home by u2283,E103,Page view: {page} by {user}
74790,2026-01-15,11:16:21,INFO,OrderProcessor,User u4985 login successful,E101,User {user} login successful
74791,2026-01-15,11:10:10,INFO,AuthService,User u2369 login successful,E101,User {user} login successful
74792,2026-01-15,11:48:11,INFO,AuthService,Transaction tx368507 completed in 1157ms,E104,Transaction {tx} completed in {time}ms
74793,2026-01-15,11:07:55,INFO,WebServer,User u1029 login successful,E101,User {user} login successful
74794,2026-01-15,11:35:11,INFO,WebServer,Page view: /home by u3871,E103,Page view: {page} by {user}
74795,2026-01-15,11:54:00,INFO,WebServer,Health check passed: WebServer,E102,Health check passed: {service}
74796,2026-01-15,11:31:40,INFO,OrderProcessor,Health check passed: OrderProcessor,E102,Health check passed: {service}
74797,2026-01-15,11:11:04,INFO,OrderProcessor,Page view: /home by u3341,E103,Page view: {page} by {user}
74798,2026-01-15,11:55:18,INFO,AuthService,Transaction tx818109 completed in 168ms,E104,Transaction {tx} completed in {time}ms
74799,2026-01-15,11:21:34,INFO,WebServer,Health check passed: WebServer,E102,Health check passed: {service}
74800,2026-01-15,11:34:21,INFO,OrderProcessor,Health check passed: OrderProcessor,E102,Health check passed: {service}
74801,2026-01-15,11:30:56,INFO,AuthService,User u4416 login successful,E101,User {user} login successful
74802,2026-01-15,11:14:06,INFO,OrderProcessor,Health check passed: OrderProcessor,E102,Health check passed: {service}
74803,2026-01-15,11:54:44,INFO,AuthService,Transaction tx971992 completed in 1479ms,E104,Transaction {tx} completed in {time}ms
74804,2026-01-15,11:18:08,INFO,AuthService,Transaction tx884064 completed in 1155ms,E104,Transaction {tx} completed in {time}ms
74805,2026-01-15,11:11:43,INFO,OrderProcessor,Transaction tx855018 completed in 1347ms,E104,Transaction {tx} completed in {time}ms
74806,2026-01-15,11:40:29,INFO,WebServer,Health check passed: WebServer,E102,Health check passed: {service}
74807,2026-01-15,11:46:03,INFO,WebServer,Page view: /home by u4567,E103,Page view: {page} by {user}
74808,2026-01-15,11:11:07,INFO,InventoryDB,Page view: /home by u1817,E103,Page view: {page} by {user}
74809,2026-01-15,11:17:35,INFO,AuthService,User u3151 login successful,E101,User {user} login successful
74810,2026-01-15,11:34:31,INFO,WebServer,Transaction tx559240 completed in 702ms,E104,Transaction {tx} completed in {time}ms
74811,2026-01-15,11:19:42,INFO,WebServer,User u4466 login successful,E101,User {user} login successful
74812,2026-01-15,11:49:28,INFO,OrderProcessor,User u4948 login successful,E101,User {user} login successful
74813,2026-01-15,11:54:46,INFO,OrderProcessor,Health check passed: OrderProcessor,E102,Health check passed: {service}
74814,2026-01-15,11:11:28,INFO,WebServer,Transaction tx977549 completed in 509ms,E104,Transaction {tx} completed in {time}ms
74815,2026-01-15,11:21:15,INFO,WebServer,Page view: /home by u4010,E103,Page view: {page} by {user}
74816,2026-01-15,11:37:41,INFO,PaymentGateway,Page view: /home by u3700,E103,Page view: {page} by {user}
74817,2026-01-15,11:08:10,INFO,PaymentGateway,Health check passed: PaymentGateway,E102,Health check passed: {service}
74818,2026-01-15,11:46:49,INFO,AuthService,Health check passed: AuthService,E102,Health check passed: {service}
74819,2026-01-15,11:40:12,INFO,WebServer,Page view: /home by u3070,E103,Page view: {page} by {user}
74820,2026-01-15,11:05:14,INFO,WebServer,Health check passed: WebServer,E102,Health check passed: {service}
74821,2026-01-15,11:15:25,INFO,OrderProcessor,Transaction tx846059 completed in 336ms,E104,Transaction {tx} completed in {time}ms
74822,2026-01-15,11:15:15,INFO,WebServer,Page view: /home by u1100,E103,Page view: {page} by {user}
74823,2026-01-15,11:54:38,INFO,WebServer,Health check passed: WebServer,E102,Health check passed: {service}
74824,2026-01-15,11:07:49,INFO,InventoryDB,Page view: /home by u4020,E103,Page view: {page} by {user}
74825,2026-01-15,11:25:13,INFO,WebServer,Health check passed: WebServer,E102,Health check passed: {service}
74826,2026-01-15,11:00:44,INFO,AuthService,Page view: /home by u4407,E103,Page view: {page} by {user}
74827,2026-01-15,11:17:26,INFO,PaymentGateway,User u4180 login successful,E101,User {user} login successful
74828,2026-01-15,11:26:37,INFO,AuthService,Page view: /home by u2064,E103,Page view: {page} by {user}
74829,2026-01-15,11:30:49,WARN,WebServer,Disk usage > 85% on node node-5,E202,Disk usage > 85% on node {node}
74830,2026-01-15,11:40:15,INFO,WebServer,User u3921 login successful,E101,User {user} login successful
74831,2026-01-15,11:19:27,INFO,WebServer,Transaction tx850232 completed in 1146ms,E104,Transaction {tx} completed in {time}ms
74832,2026-01-15,11:14:28,INFO,WebServer,Page view: /home by u2149,E103,Page view: {page} by {user}
74833,2026-01-15,11:42:04,INFO,WebServer,Health check passed: WebServer,E102,Health check passed: {service}
74834,2026-01-15,11:00:50,ERROR,WebServer,Payment declined: Gateway unavailable,E503,Payment declined: Gateway unavailable
74835,2026-01-15,11:03:02,INFO,AuthService,Transaction tx261640 completed in 1374ms,E104,Transaction {tx} completed in {time}ms
74836,2026-01-15,11:17:06,INFO,WebServer,Page view: /home by u2840,E103,Page view: {page} by {user}
74837,2026-01-15,11:44:43,INFO,WebServer,Page view: /home by u1370,E103,Page view: {page} by {user}
74838,2026-01-15,11:29:53,INFO,WebServer,User u1030 login successful,E101,User {user} login successful
74839,2026-01-15,11:33:52,ERROR,WebServer,Timeout waiting for lock on InventoryDB,E502,Timeout waiting for lock on {db}
74840,2026-01-15,11:57:58,INFO,AuthService,Health check passed: AuthService,E102,Health check passed: {service}
74841,2026-01-15,11:55:14,INFO,WebServer,Transaction tx457047 completed in 559ms,E104,Transaction {tx} completed in {time}ms
74842,2026-01-15,11:17:50,WARN,WebServer,High latency (1880ms) detected on WebServer,E201,High latency ({time}ms) detected on {service}
74843,2026-01-15,11:38:33,INFO,WebServer,User u4036 login successful,E101,User {user} login successful
74844,2026-01-15,11:41:32,INFO,WebServer,Transaction tx730970 completed in 407ms,E104,Transaction {tx} completed in {time}ms
74845,2026-01-15,11:23:44,INFO,WebServer,Transaction tx250218 completed in 369ms,E104,Transaction {tx} completed in {time}ms
74846,2026-01-15,11:22:25,INFO,WebServer,Transaction tx268845 completed in 1974ms,E104,Transaction {tx} completed in {time}ms
74847,2026-01-15,11:15:19,INFO,AuthService,Health check passed: AuthService,E102,Health check passed: {service}
74848,2026-01-15,11:13:51,INFO,PaymentGateway,Health check passed: PaymentGateway,E102,Health check passed: {service}
74849,2026-01-15,11:31:53,INFO,PaymentGateway,User u3261 login successful,E101,User {user} login successful
74850,2026-01-15,11:52:47,INFO,WebServer,Page view: /home by u2923,E103,Page view: {page} by {user}
74851,2026-01-15,11:25:00,INFO,WebServer,Transaction tx408550 completed in 1353ms,E104,Transaction {tx} completed in {time}ms
74852,2026-01-15,11:39:06,INFO,WebServer,User u2292 login successful,E101,User {user} login successful
74853,2026-01-15,11:56:02,INFO,OrderProcessor,Page view: /home by u4928,E103,Page view: {page} by {user}
74854,2026-01-15,11:28:21,INFO,AuthService,Health check passed: AuthService,E102,Health check passed: {service}
74855,2026-01-15,11:26:10,INFO,WebServer,Health check passed: WebServer,E102,Health check passed: {service}
74856,2026-01-15,11:30:40,INFO,AuthService,User u1945 login successful,E101,User {user} login successful
74857,2026-01-15,11:27:16,INFO,WebServer,Transaction tx924399 completed in 1350ms,E104,Transaction {tx} completed in {time}ms
74858,2026-01-15,11:50:52,INFO,WebServer,Page view: /home by u4285,E103,Page view: {page} by {user}
74859,2026-01-15,11:44:24,INFO,AuthService,User u4145 login successful,E101,User {user} login successful
74860,2026-01-15,11:00:57,INFO,AuthService,Health check passed: AuthService,E102,Health check passed: {service}
74861,2026-01-15,11:05:21,INFO,WebServer,Health check passed: WebServer,E102,Health check passed: {service}
74862,2026-01-15,11:52:55,INFO,WebServer,Health check passed: WebServer,E102,Health check passed: {service}
74863,2026-01-15,11:34:58,INFO,OrderProcessor,Health check passed: OrderProcessor,E102,Health check passed: {service}
74864,2026-01-15,11:15:19,INFO,PaymentGateway,Health check passed: PaymentGateway,E102,Health check passed: {service}
74865,2026-01-15,11:23:43,INFO,AuthService,Page view: /home by u2240,E103,Page view: {page} by {user}
74866,2026-01-15,11:19:38,INFO,OrderProcessor,Health check passed: OrderProcessor,E102,Health check passed: {service}
74867,2026-01-15,11:31:50,INFO,WebServer,User u1380 login successful,E101,User {user} login successful
74868,2026-01-15,11:06:10,INFO,PaymentGateway,User u4883 login successful,E101,User {user} login successful
74869,2026-01-15,11:52:49,INFO,WebServer,Page view: /home by u1884,E103,Page view: {page} by {user}
74870,2026-01-15,11:47:34,INFO,WebServer,Transaction tx570656 completed in 928ms,E104,Transaction {tx} completed in {time}ms
74871,2026-01-15,11:13:52,INFO,WebServer,Page view: /home by u4808,E103,Page view: {page} by {user}
74872,2026-01-15,11:09:40,WARN,WebServer,High latency (625ms) detected on WebServer,E201,High latency ({time}ms) detected on {service}
74873,2026-01-15,11:58:24,INFO,WebServer,User u4455 login successful,E101,User {user} login successful
74874,2026-01-15,11:16:43,INFO,WebServer,User u4911 login successful,E101,User {user} login successful
74875,2026-01-15,11:26:01,INFO,WebServer,Transaction tx748928 completed in 602ms,E104,Transaction {tx} completed in {time}ms
74876,2026-01-15,11:11:24,INFO,PaymentGateway,Page view: /home by u1368,E103,Page view: {page} by {user}
74877,2026-01-15,11:48:12,INFO,WebServer,User u4969 login successful,E101,User {user} login successful
74878,2026-01-15,11:25:00,WARN,WebServer,Disk usage > 85% on node node-3,E202,Disk usage > 85% on node {node}
74879,2026-01-15,11:22:16,INFO,WebServer,Health check passed: WebServer,E102,Health check passed: {service}
74880,2026-01-15,11:52:39,INFO,WebServer,Transaction tx178997 completed in 659ms,E104,Transaction {tx} completed in {time}ms
74881,2026-01-15,11:14:21,INFO,WebServer,Page view: /home by u1578,E103,Page view: {page} by {user}
74882,2026-01-15,11:50:12,INFO,WebServer,User u1520 login successful,E101,User {user} login successful
74883,2026-01-15,11:52:40,INFO,AuthService,User u3331 login successful,E101,User {user} login successful
74884,2026-01-15,11:10:46,INFO,OrderProcessor,User u4686 login successful,E101,User {user} login successful
74885,2026-01-15,11:15:26,INFO,InventoryDB,Transaction tx937274 completed in 1996ms,E104,Transaction {tx} completed in {time}ms
74886,2026-01-15,11:52:18,INFO,WebServer,Page view: /home by u3807,E103,Page view: {page} by {user}
74887,2026-01-15,11:15:51,INFO,AuthService,Health check passed: AuthService,E102,Health check passed: {service}
74888,2026-01-15,11:53:57,INFO,AuthService,Health check passed: AuthService,E102,Health check passed: {service}
74889,2026-01-15,11:52:59,INFO,WebServer,Page view: /home by u2475,E103,Page view: {page} by {user}
74890,2026-01-15,11:44:42,INFO,WebServer,Transaction tx381897 completed in 298ms,E104,Transaction {tx} completed in {time}ms
74891,2026-01-15,11:10:24,INFO,PaymentGateway,Health check passed: PaymentGateway,E102,Health check passed: {service}
74892,2026-01-15,11:02:01,INFO,WebServer,Health check passed: WebServer,E102,Health check passed: {service}
74893,2026-01-15,11:45:56,INFO,WebServer,Page view: /home by u4877,E103,Page view: {page} by {user}
74894,2026-01-15,11:56:46,INFO,AuthService,Page view: /home by u2267,E103,Page view: {page} by {user}
74895,2026-01-15,11:30:37,INFO,OrderProcessor,Transaction tx729342 completed in 556ms,E104,Transaction {tx} completed in {time}ms
74896,2026-01-15,11:15:20,INFO,WebServer,Transaction tx309627 completed in 1999ms,E104,Transaction {tx} completed in {time}ms
74897,2026-01-15,11:07:42,INFO,WebServer,Transaction tx878126 completed in 1463ms,E104,Transaction {tx} completed in {time}ms
74898,2026-01-15,11:15:28,INFO,WebServer,Page view: /home by u1317,E103,Page view: {page} by {user}
74899,2026-01-15,11:16:20,INFO,WebServer,User u1183 login successful,E101,User {user} login successful
74900,2026-01-15,11:07:28,INFO,AuthService,Page view: /home by u3401,E103,Page view: {page} by {user}
74901,2026-01-15,11:52:26,INFO,WebServer,Page view: /home by u1186,E103,Page view: {page} by {user}
74902,2026-01-15,11:57:15,INFO,WebServer,User u2497 login successful,E101,User {user} login successful
74903,2026-01-15,11:26:53,INFO,WebServer,Page view: /home by u3335,E103,Page view: {page} by {user}
74904,2026-01-15,11:17:26,INFO,AuthService,Transaction tx382149 completed in 772ms,E104,Transaction {tx} completed in {time}ms
74905,2026-01-15,11:35:48,INFO,WebServer,User u4972 login successful,E101,User {user} login successful
74906,2026-01-15,11:09:07,INFO,WebServer,Transaction tx594631 completed in 1795ms,E104,Transaction {tx} completed in {time}ms
74907,2026-01-15,11:27:48,INFO,PaymentGateway,Page view: /home by u2074,E103,Page view: {page} by {user}
74908,2026-01-15,11:02:57,INFO,InventoryDB,Health check passed: InventoryDB,E102,Health check passed: {service}
74909,2026-01-15,11:16:04,INFO,PaymentGateway,Health check passed: PaymentGateway,E102,Health check passed: {service}
74910,2026-01-15,11:44:48,INFO,AuthService,User u2106 login successful,E101,User {user} login successful
74911,2026-01-15,11:56:15,INFO,WebServer,Page view: /home by u3100,E103,Page view: {page} by {user}
74912,2026-01-15,11:53:28,INFO,OrderProcessor,User u1405 login successful,E101,User {user} login successful
74913,2026-01-15,11:08:21,INFO,OrderProcessor,Page view: /home by u2351,E103,Page view: {page} by {user}
74914,2026-01-15,11:32:41,INFO,PaymentGateway,Health check passed: PaymentGateway,E102,Health check passed: {service}
74915,2026-01-15,11:21:18,INFO,PaymentGateway,Page view: /home by u1387,E103,Page view: {page} by {user}
74916,2026-01-15,11:45:32,INFO,WebServer,Transaction tx824821 completed in 1509ms,E104,Transaction {tx} completed in {time}ms
74917,2026-01-15,11:39:07,INFO,WebServer,Page view: /home by u2031,E103,Page view: {page} by {user}
74918,2026-01-15,11:58:31,INFO,WebServer,Health check passed: WebServer,E102,Health check passed: {service}
74919,2026-01-15,11:22:50,INFO,WebServer,Page view: /home by u2866,E103,Page view: {page} by {user}
74920,2026-01-15,11:11:19,INFO,AuthService,User u4261 login successful,E101,User {user} login successful
74921,2026-01-15,11:26:54,INFO,OrderProcessor,Page view: /home by u4970,E103,Page view: {page} by {user}
74922,2026-01-15,11:49:49,INFO,WebServer,Transaction tx949163 completed in 100ms,E104,Transaction {tx} completed in {time}ms
74923,2026-01-15,11:26:36,INFO,PaymentGateway,Transaction tx800519 completed in 466ms,E104,Transaction {tx} completed in {time}ms
74924,2026-01-15,11:00:00,INFO,AuthService,Transaction tx462662 completed in 588ms,E104,Transaction {tx} completed in {time}ms
74925,2026-01-15,11:42:44,INFO,OrderProcessor,Transaction tx891172 completed in 540ms,E104,Transaction {tx} completed in {time}ms
74926,2026-01-15,11:35:26,INFO,OrderProcessor,Health check passed: OrderProcessor,E102,Health check passed: {service}
74927,2026-01-15,11:23:02,INFO,WebServer,User u4991 login successful,E101,User {user} login successful
74928,2026-01-15,11:49:00,INFO,AuthService,Transaction tx665395 completed in 1725ms,E104,Transaction {tx} completed in {time}ms
74929,2026-01-15,11:47:00,INFO,PaymentGateway,Page view: /home by u1043,E103,Page view: {page} by {user}
74930,2026-01-15,11:33:58,WARN,PaymentGateway,Unauthorized access attempt from 10.0.0.88,E401,Unauthorized access attempt from {ip}
74931,2026-01-15,11:03:51,INFO,WebServer,Page view: /home by u1528,E103,Page view: {page} by {user}
74932,2026-01-15,11:20:02,INFO,PaymentGateway,Transaction tx123763 completed in 457ms,E104,Transaction {tx} completed in {time}ms
74933,2026-01-15,11:26:20,INFO,PaymentGateway,Health check passed: PaymentGateway,E102,Health check passed: {service}
74934,2026-01-15,11:39:48,INFO,OrderProcessor,User u4792 login successful,E101,User {user} login successful
74935,2026-01-15,11:42:43,INFO,WebServer,User u1767 login successful,E101,User {user} login successful
74936,2026-01-15,11:56:09,INFO,WebServer,Transaction tx660982 completed in 854ms,E104,Transaction {tx} completed in {time}ms
74937,2026-01-15,11:43:46,INFO,WebServer,Health check passed: WebServer,E102,Health check passed: {service}
74938,2026-01-15,11:48:27,INFO,AuthService,Transaction tx951290 completed in 1482ms,E104,Transaction {tx} completed in {time}ms
74939,2026-01-15,11:10:28,INFO,WebServer,Page view: /home by u3157,E103,Page view: {page} by {user}
74940,2026-01-15,11:40:41,INFO,WebServer,Page view: /home by u3652,E103,Page view: {page} by {user}
74941,2026-01-15,11:08:45,INFO,PaymentGateway,Transaction tx786108 completed in 1249ms,E104,Transaction {tx} completed in {time}ms
74942,2026-01-15,11:18:28,INFO,AuthService,Page view: /home by u1116,E103,Page view: {page} by {user}
74943,2026-01-15,11:44:46,INFO,PaymentGateway,Page view: /home by u4600,E103,Page view: {page} by {user}
74944,2026-01-15,11:50:57,WARN,WebServer,Unauthorized access attempt from 10.0.0.45,E401,Unauthorized access attempt from {ip}
74945,2026-01-15,11:19:53,INFO,OrderProcessor,User u1881 login successful,E101,User {user} login successful
74946,2026-01-15,11:54:39,INFO,WebServer,User u1897 login successful,E101,User {user} login successful
74947,2026-01-15,11:43:11,INFO,PaymentGateway,Page view: /home by u3894,E103,Page view: {page} by {user}
74948,2026-01-15,11:41:44,INFO,AuthService,Page view: /home by u4831,E103,Page view: {page} by {user}
74949,2026-01-15,11:57:42,INFO,OrderProcessor,User u3637 login successful,E101,User {user} login successful
74950,2026-01-15,11:58:21,INFO,AuthService,Page view: /home by u2152,E103,Page view: {page} by {user}
74951,2026-01-15,11:16:50,INFO,WebServer,Page view: /home by u1364,E103,Page view: {page} by {user}
74952,2026-01-15,11:11:03,INFO,WebServer,Health check passed: WebServer,E102,Health check passed: {service}
74953,2026-01-15,12:45:43,INFO,WebServer,User u2744 login successful,E101,User {user} login successful
74954,2026-01-15,12:55:48,INFO,WebServer,Page view: /home by u1373,E103,Page view: {page} by {user}
74955,2026-01-15,12:06:22,INFO,WebServer,User u4645 login successful,E101,User {user} login successful
74956,2026-01-15,12:23:47,INFO,WebServer,Transaction tx459315 completed in 692ms,E104,Transaction {tx} completed in {time}ms
74957,2026-01-15,12:29:19,INFO,OrderProcessor,User u2582 login successful,E101,User {user} login successful
74958,2026-01-15,12:31:25,INFO,PaymentGateway,User u2010 login successful,E101,User {user} login successful
74959,2026-01-15,12:33:38,INFO,WebServer,Page view: /home by u4897,E103,Page view: {page} by {user}
74960,2026-01-15,12:49:36,INFO,WebServer,Transaction tx520088 completed in 878ms,E104,Transaction {tx} completed in {time}ms
74961,2026-01-15,12:40:42,INFO,OrderProcessor,Transaction tx466342 completed in 303ms,E104,Transaction {tx} completed in {time}ms
74962,2026-01-15,12:49:54,INFO,WebServer,Transaction tx433000 completed in 509ms,E104,Transaction {tx} completed in {time}ms
74963,2026-01-15,12:31:50,INFO,WebServer,User u3766 login successful,E101,User {user} login successful
74964,2026-01-15,12:15:23,INFO,WebServer,User u4576 login successful,E101,User {user} login successful
74965,2026-01-15,12:38:03,INFO,WebServer,Page view: /home by u3839,E103,Page view: {page} by {user}
74966,2026-01-15,12:48:02,INFO,InventoryDB,Health check passed: InventoryDB,E102,Health check passed: {service}
74967,2026-01-15,12:31:32,INFO,WebServer,Page view: /home by u2727,E103,Page view: {page} by {user}
74968,2026-01-15,12:46:55,INFO,WebServer,Page view: /home by u3275,E103,Page view: {page} by {user}
74969,2026-01-15,12:31:08,INFO,WebServer,Transaction tx975232 completed in 1414ms,E104,Transaction {tx} completed in {time}ms
74970,2026-01-15,12:54:28,INFO,AuthService,User u1952 login successful,E101,User {user} login successful
74971,2026-01-15,12:04:46,INFO,WebServer,Health check passed: WebServer,E102,Health check passed: {service}
74972,2026-01-15,12:34:19,INFO,PaymentGateway,User u4234 login successful,E101,User {user} login successful
74973,2026-01-15,12:21:54,INFO,WebServer,User u3738 login successful,E101,User {user} login successful
74974,2026-01-15,12:03:14,INFO,WebServer,Transaction tx435296 completed in 169ms,E104,Transaction {tx} completed in {time}ms
74975,2026-01-15,12:04:05,INFO,AuthService,Transaction tx390721 completed in 28ms,E104,Transaction {tx} completed in {time}ms
74976,2026-01-15,12:36:57,INFO,WebServer,Transaction tx961505 completed in 904ms,E104,Transaction {tx} completed in {time}ms
74977,2026-01-15,12:33:36,INFO,WebServer,Health check passed: WebServer,E102,Health check passed: {service}
74978,2026-01-15,12:43:07,INFO,AuthService,Health check passed: AuthService,E102,Health check passed: {service}
74979,2026-01-15,12:21:02,INFO,WebServer,Health check passed: WebServer,E102,Health check passed: {service}
74980,2026-01-15,12:59:41,INFO,PaymentGateway,User u4667 login successful,E101,User {user} login successful
74981,2026-01-15,12:28:04,INFO,AuthService,User u4251 login successful,E101,User {user} login successful
74982,2026-01-15,12:54:03,INFO,WebServer,User u4002 login successful,E101,User {user} login successful
74983,2026-01-15,12:53:20,INFO,WebServer,User u3181 login successful,E101,User {user} login successful
74984,2026-01-15,12:55:32,INFO,PaymentGateway,User u2070 login successful,E101,User {user} login successful
74985,2026-01-15,12:58:50,INFO,OrderProcessor,Page view: /home by u1539,E103,Page view: {page} by {user}
74986,2026-01-15,12:25:09,INFO,AuthService,User u1091 login successful,E101,User {user} login successful
74987,2026-01-15,12:34:13,INFO,AuthService,User u2368 login successful,E101,User {user} login successful
74988,2026-01-15,12:33:51,INFO,WebServer,User u3950 login successful,E101,User {user} login successful
74989,2026-01-15,12:39:49,INFO,AuthService,Transaction tx312169 completed in 545ms,E104,Transaction {tx} completed in {time}ms
74990,2026-01-15,12:13:56,ERROR,AuthService,Timeout waiting for lock on InventoryDB,E502,Timeout waiting for lock on {db}
74991,2026-01-15,12:10:39,INFO,OrderProcessor,Page view: /home by u2869,E103,Page view: {page} by {user}
74992,2026-01-15,12:45:29,INFO,WebServer,User u4674 login successful,E101,User {user} login successful
74993,2026-01-15,12:30:37,INFO,WebServer,Transaction tx376756 completed in 1873ms,E104,Transaction {tx} completed in {time}ms
74994,2026-01-15,12:25:32,WARN,AuthService,Disk usage > 85% on node node-1,E202,Disk usage > 85% on node {node}
74995,2026-01-15,12:34:33,INFO,PaymentGateway,Page view: /home by u1673,E103,Page view: {page} by {user}
74996,2026-01-15,12:33:48,INFO,WebServer,Health check passed: WebServer,E102,Health check passed: {service}
74997,2026-01-15,12:09:19,INFO,PaymentGateway,User u1393 login successful,E101,User {user} login successful
74998,2026-01-15,12:32:52,INFO,WebServer,Transaction tx144624 completed in 764ms,E104,Transaction {tx} completed in {time}ms
74999,2026-01-15,12:46:20,INFO,WebServer,Page view: /home by u3914,E103,Page view: {page} by {user}
75000,2026-01-15,12:40:35,INFO,AuthService,User u2438 login successful,E101,User {user} login successful
75001,2026-01-15,12:26:02,INFO,PaymentGateway,Transaction tx891448 completed in 1138ms,E104,Transaction {tx} completed in {time}ms
75002,2026-01-15,12:01:35,INFO,InventoryDB,User u2963 login successful,E101,User {user} login successful
75003,2026-01-15,12:18:27,INFO,WebServer,Page view: /home by u4812,E103,Page view: {page} by {user}
75004,2026-01-15,12:44:16,INFO,WebServer,Transaction tx214470 completed in 909ms,E104,Transaction {tx} completed in {time}ms
75005,2026-01-15,12:30:49,INFO,WebServer,User u3014 login successful,E101,User {user} login successful
75006,2026-01-15,12:58:20,INFO,WebServer,User u1341 login successful,E101,User {user} login successful
75007,2026-01-15,12:02:22,INFO,InventoryDB,Page view: /home by u3099,E103,Page view: {page} by {user}
75008,2026-01-15,12:24:10,INFO,AuthService,User u1746 login successful,E101,User {user} login successful
75009,2026-01-15,12:45:19,CRITICAL,WebServer,KERNEL PANIC: Node node-2 crashed,E601,KERNEL PANIC: Node {node} crashed
75010,2026-01-15,12:54:23,INFO,WebServer,Transaction tx129245 completed in 844ms,E104,Transaction {tx} completed in {time}ms
75011,2026-01-15,12:06:29,INFO,WebServer,Health check passed: WebServer,E102,Health check passed: {service}
75012,2026-01-15,12:25:30,INFO,PaymentGateway,Transaction tx810992 completed in 888ms,E104,Transaction {tx} completed in {time}ms
75013,2026-01-15,12:51:43,INFO,WebServer,Transaction tx517326 completed in 304ms,E104,Transaction {tx} completed in {time}ms
75014,2026-01-15,12:53:45,INFO,InventoryDB,Page view: /home by u4339,E103,Page view: {page} by {user}
75015,2026-01-15,12:39:14,INFO,WebServer,Transaction tx976090 completed in 728ms,E104,Transaction {tx} completed in {time}ms
75016,2026-01-15,12:21:48,INFO,AuthService,Transaction tx629103 completed in 802ms,E104,Transaction {tx} completed in {time}ms
75017,2026-01-15,12:59:58,INFO,OrderProcessor,User u2699 login successful,E101,User {user} login successful
75018,2026-01-15,12:32:04,INFO,AuthService,User u2478 login successful,E101,User {user} login successful
75019,2026-01-15,12:12:21,INFO,PaymentGateway,Health check passed: PaymentGateway,E102,Health check passed: {service}
75020,2026-01-15,12:39:21,INFO,WebServer,Page view: /home by u3803,E103,Page view: {page} by {user}
75021,2026-01-15,12:26:06,INFO,WebServer,User u4938 login successful,E101,User {user} login successful
75022,2026-01-15,12:40:36,INFO,WebServer,User u1816 login successful,E101,User {user} login successful
75023,2026-01-15,12:30:03,INFO,PaymentGateway,Health check passed: PaymentGateway,E102,Health check passed: {service}
75024,2026-01-15,12:56:35,INFO,OrderProcessor,Health check passed: OrderProcessor,E102,Health check passed: {service}
75025,2026-01-15,12:21:11,INFO,WebServer,User u1544 login successful,E101,User {user} login successful
75026,2026-01-15,12:29:50,INFO,WebServer,Page view: /home by u4957,E103,Page view: {page} by {user}
75027,2026-01-15,12:28:36,INFO,WebServer,User u1465 login successful,E101,User {user} login successful
75028,2026-01-15,12:44:10,INFO,OrderProcessor,Health check passed: OrderProcessor,E102,Health check passed: {service}
75029,2026-01-15,12:09:22,INFO,AuthService,Health check passed: AuthService,E102,Health check passed: {service}
75030,2026-01-15,12:13:39,INFO,WebServer,Page view: /home by u4247,E103,Page view: {page} by {user}
75031,2026-01-15,12:22:18,INFO,WebServer,User u1751 login successful,E101,User {user} login successful
75032,2026-01-15,12:01:04,INFO,OrderProcessor,Page view: /home by u3231,E103,Page view: {page} by {user}
75033,2026-01-15,12:03:52,INFO,WebServer,User u4037 login successful,E101,User {user} login successful
75034,2026-01-15,12:41:52,INFO,WebServer,User u2239 login successful,E101,User {user} login successful
75035,2026-01-15,12:58:07,INFO,AuthService,User u4379 login successful,E101,User {user} login successful
75036,2026-01-15,12:39:25,INFO,AuthService,Health check passed: AuthService,E102,Health check passed: {service}
75037,2026-01-15,12:28:25,INFO,WebServer,Page view: /home by u2919,E103,Page view: {page} by {user}
75038,2026-01-15,12:40:18,INFO,WebServer,Page view: /home by u2634,E103,Page view: {page} by {user}
75039,2026-01-15,12:55:44,INFO,WebServer,Page view: /home by u3316,E103,Page view: {page} by {user}
75040,2026-01-15,12:14:04,INFO,WebServer,Transaction tx326958 completed in 925ms,E104,Transaction {tx} completed in {time}ms
75041,2026-01-15,12:44:33,INFO,PaymentGateway,Health check passed: PaymentGateway,E102,Health check passed: {service}
75042,2026-01-15,12:10:23,INFO,OrderProcessor,Transaction tx834141 completed in 584ms,E104,Transaction {tx} completed in {time}ms
75043,2026-01-15,12:09:45,INFO,AuthService,Page view: /home by u2932,E103,Page view: {page} by {user}
75044,2026-01-15,12:28:27,INFO,AuthService,User u1301 login successful,E101,User {user} login successful
75045,2026-01-15,12:22:54,INFO,OrderProcessor,User u3219 login successful,E101,User {user} login successful
75046,2026-01-15,12:46:10,INFO,WebServer,Health check passed: WebServer,E102,Health check passed: {service}
75047,2026-01-15,12:28:45,INFO,WebServer,User u2591 login successful,E101,User {user} login successful
75048,2026-01-15,12:35:11,INFO,WebServer,Health check passed: WebServer,E102,Health check passed: {service}
75049,2026-01-15,12:21:29,INFO,OrderProcessor,User u1028 login successful,E101,User {user} login successful
75050,2026-01-15,12:51:44,INFO,AuthService,Health check passed: AuthService,E102,Health check passed: {service}
75051,2026-01-15,12:32:25,INFO,PaymentGateway,Health check passed: PaymentGateway,E102,Health check passed: {service}
75052,2026-01-15,12:07:49,INFO,PaymentGateway,Health check passed: PaymentGateway,E102,Health check passed: {service}
75053,2026-01-15,12:38:51,INFO,OrderProcessor,User u2683 login successful,E101,User {user} login successful
75054,2026-01-15,12:41:39,INFO,AuthService,Page view: /home by u3251,E103,Page view: {page} by {user}
75055,2026-01-15,12:54:05,INFO,WebServer,User u2273 login successful,E101,User {user} login successful
75056,2026-01-15,12:29:21,INFO,WebServer,User u2247 login successful,E101,User {user} login successful
75057,2026-01-15,12:03:28,INFO,OrderProcessor,Health check passed: OrderProcessor,E102,Health check passed: {service}
75058,2026-01-15,12:12:44,INFO,WebServer,Transaction tx790861 completed in 1886ms,E104,Transaction {tx} completed in {time}ms
75059,2026-01-15,12:57:15,INFO,WebServer,Health check passed: WebServer,E102,Health check passed: {service}
75060,2026-01-15,12:24:12,INFO,WebServer,Transaction tx875664 completed in 1738ms,E104,Transaction {tx} completed in {time}ms
75061,2026-01-15,12:29:59,INFO,AuthService,User u2780 login successful,E101,User {user} login successful
75062,2026-01-15,12:30:24,INFO,PaymentGateway,Page view: /home by u2160,E103,Page view: {page} by {user}
75063,2026-01-15,12:34:39,INFO,WebServer,Page view: /home by u2473,E103,Page view: {page} by {user}
75064,2026-01-15,12:53:15,INFO,WebServer,User u2906 login successful,E101,User {user} login successful
75065,2026-01-15,12:53:10,INFO,WebServer,Health check passed: WebServer,E102,Health check passed: {service}
75066,2026-01-15,12:37:16,INFO,WebServer,User u2767 login successful,E101,User {user} login successful
75067,2026-01-15,12:40:29,INFO,AuthService,Transaction tx882733 completed in 1529ms,E104,Transaction {tx} completed in {time}ms
75068,2026-01-15,12:45:27,INFO,PaymentGateway,User u4577 login successful,E101,User {user} login successful
75069,2026-01-15,12:19:25,INFO,WebServer,Health check passed: WebServer,E102,Health check passed: {service}
75070,2026-01-15,12:36:52,INFO,WebServer,Health check passed: WebServer,E102,Health check passed: {service}
75071,2026-01-15,12:19:54,INFO,OrderProcessor,Page view: /home by u3697,E103,Page view: {page} by {user}
75072,2026-01-15,12:59:20,INFO,WebServer,Page view: /home by u1694,E103,Page view: {page} by {user}
75073,2026-01-15,12:38:53,WARN,WebServer,Disk usage > 85% on node node-4,E202,Disk usage > 85% on node {node}
75074,2026-01-15,12:25:26,INFO,PaymentGateway,User u4245 login successful,E101,User {user} login successful
75075,2026-01-15,12:48:36,INFO,WebServer,Health check passed: WebServer,E102,Health check passed: {service}
75076,2026-01-15,12:53:31,INFO,WebServer,Transaction tx881242 completed in 1906ms,E104,Transaction {tx} completed in {time}ms
75077,2026-01-15,12:34:18,INFO,InventoryDB,Page view: /home by u3469,E103,Page view: {page} by {user}
75078,2026-01-15,12:23:30,INFO,WebServer,Page view: /home by u2948,E103,Page view: {page} by {user}
75079,2026-01-15,12:52:58,INFO,WebServer,Transaction tx204555 completed in 826ms,E104,Transaction {tx} completed in {time}ms
75080,2026-01-15,12:33:54,INFO,AuthService,Transaction tx979892 completed in 62ms,E104,Transaction {tx} completed in {time}ms
75081,2026-01-15,12:51:10,INFO,OrderProcessor,Page view: /home by u4461,E103,Page view: {page} by {user}
75082,2026-01-15,12:32:35,INFO,PaymentGateway,Transaction tx905014 completed in 1492ms,E104,Transaction {tx} completed in {time}ms
75083,2026-01-15,12:02:34,INFO,WebServer,Health check passed: WebServer,E102,Health check passed: {service}
75084,2026-01-15,12:08:20,INFO,WebServer,Transaction tx712622 completed in 826ms,E104,Transaction {tx} completed in {time}ms
75085,2026-01-15,12:02:11,INFO,PaymentGateway,User u1640 login successful,E101,User {user} login successful
75086,2026-01-15,12:42:03,INFO,AuthService,Page view: /home by u2412,E103,Page view: {page} by {user}
75087,2026-01-15,12:23:54,INFO,OrderProcessor,Transaction tx173649 completed in 521ms,E104,Transaction {tx} completed in {time}ms
75088,2026-01-15,12:16:54,INFO,OrderProcessor,Transaction tx372945 completed in 914ms,E104,Transaction {tx} completed in {time}ms
75089,2026-01-15,12:13:17,INFO,WebServer,Health check passed: WebServer,E102,Health check passed: {service}
75090,2026-01-15,12:40:07,INFO,WebServer,User u2315 login successful,E101,User {user} login successful
75091,2026-01-15,12:21:30,INFO,WebServer,Transaction tx160535 completed in 762ms,E104,Transaction {tx} completed in {time}ms
75092,2026-01-15,12:58:38,INFO,InventoryDB,User u3190 login successful,E101,User {user} login successful
75093,2026-01-15,12:58:09,INFO,OrderProcessor,User u3637 login successful,E101,User {user} login successful
75094,2026-01-15,12:19:57,INFO,WebServer,Transaction tx405864 completed in 1163ms,E104,Transaction {tx} completed in {time}ms
75095,2026-01-15,12:02:31,INFO,WebServer,Page view: /home by u1502,E103,Page view: {page} by {user}
75096,2026-01-15,12:21:53,INFO,WebServer,Health check passed: WebServer,E102,Health check passed: {service}
75097,2026-01-15,12:26:13,INFO,WebServer,Health check passed: WebServer,E102,Health check passed: {service}
75098,2026-01-15,12:57:57,INFO,AuthService,Health check passed: AuthService,E102,Health check passed: {service}
75099,2026-01-15,12:54:52,INFO,AuthService,Transaction tx335982 completed in 1260ms,E104,Transaction {tx} completed in {time}ms
75100,2026-01-15,12:09:13,INFO,WebServer,Page view: /home by u3401,E103,Page view: {page} by {user}
75101,2026-01-15,12:30:37,INFO,WebServer,User u2747 login successful,E101,User {user} login successful
75102,2026-01-15,12:06:01,INFO,WebServer,Health check passed: WebServer,E102,Health check passed: {service}
75103,2026-01-15,12:21:40,INFO,PaymentGateway,Health check passed: PaymentGateway,E102,Health check passed: {service}
75104,2026-01-15,12:43:10,INFO,WebServer,Health check passed: WebServer,E102,Health check passed: {service}
75105,2026-01-15,12:52:13,INFO,PaymentGateway,Health check passed: PaymentGateway,E102,Health check passed: {service}
75106,2026-01-15,12:39:49,INFO,InventoryDB,Health check passed: InventoryDB,E102,Health check passed: {service}
75107,2026-01-15,12:20:15,INFO,PaymentGateway,User u1761 login successful,E101,User {user} login successful
75108,2026-01-15,12:10:46,INFO,PaymentGateway,Transaction tx195575 completed in 395ms,E104,Transaction {tx} completed in {time}ms
75109,2026-01-15,12:25:08,INFO,WebServer,Health check passed: WebServer,E102,Health check passed: {service}
75110,2026-01-15,12:37:11,WARN,PaymentGateway,Unauthorized access attempt from 10.0.0.99,E401,Unauthorized access attempt from {ip}
75111,2026-01-15,12:48:48,INFO,WebServer,Transaction tx149996 completed in 1008ms,E104,Transaction {tx} completed in {time}ms
75112,2026-01-15,12:39:25,INFO,WebServer,User u4612 login successful,E101,User {user} login successful
75113,2026-01-15,12:57:42,INFO,AuthService,Transaction tx823617 completed in 1758ms,E104,Transaction {tx} completed in {time}ms
75114,2026-01-15,12:58:13,CRITICAL,OrderProcessor,DATA CORRUPTION detected in sector 613,E602,DATA CORRUPTION detected in sector {sector}
75115,2026-01-15,12:09:31,INFO,WebServer,Page view: /home by u4575,E103,Page view: {page} by {user}
75116,2026-01-15,12:50:21,INFO,AuthService,Health check passed: AuthService,E102,Health check passed: {service}
75117,2026-01-15,12:31:12,INFO,WebServer,Health check passed: WebServer,E102,Health check passed: {service}
75118,2026-01-15,12:06:36,INFO,InventoryDB,Health check passed: InventoryDB,E102,Health check passed: {service}
75119,2026-01-15,12:56:51,INFO,WebServer,Page view: /home by u1458,E103,Page view: {page} by {user}
75120,2026-01-15,12:29:40,INFO,WebServer,User u4401 login successful,E101,User {user} login successful
75121,2026-01-15,12:16:38,INFO,WebServer,Transaction tx733256 completed in 531ms,E104,Transaction {tx} completed in {time}ms
75122,2026-01-15,12:07:07,ERROR,OrderProcessor,Timeout waiting for lock on InventoryDB,E502,Timeout waiting for lock on {db}
75123,2026-01-15,12:37:43,INFO,WebServer,Health check passed: WebServer,E102,Health check passed: {service}
75124,2026-01-15,12:51:30,INFO,AuthService,Health check passed: AuthService,E102,Health check passed: {service}
75125,2026-01-15,12:33:59,INFO,AuthService,Transaction tx589294 completed in 1793ms,E104,Transaction {tx} completed in {time}ms
75126,2026-01-15,12:15:28,INFO,AuthService,User u1686 login successful,E101,User {user} login successful
75127,2026-01-15,12:37:54,INFO,WebServer,User u2779 login successful,E101,User {user} login successful
75128,2026-01-15,12:17:37,INFO,AuthService,User u2066 login successful,E101,User {user} login successful
75129,2026-01-15,12:40:22,INFO,WebServer,Transaction tx871742 completed in 349ms,E104,Transaction {tx} completed in {time}ms
75130,2026-01-15,12:35:17,INFO,AuthService,Health check passed: AuthService,E102,Health check passed: {service}
75131,2026-01-15,12:44:21,INFO,OrderProcessor,Page view: /home by u1625,E103,Page view: {page} by {user}
75132,2026-01-15,12:07:04,INFO,WebServer,Health check passed: WebServer,E102,Health check passed: {service}
75133,2026-01-15,12:20:17,INFO,WebServer,Transaction tx371362 completed in 1842ms,E104,Transaction {tx} completed in {time}ms
75134,2026-01-15,12:20:08,INFO,OrderProcessor,User u3799 login successful,E101,User {user} login successful
75135,2026-01-15,12:57:59,INFO,WebServer,User u4765 login successful,E101,User {user} login successful
75136,2026-01-15,12:35:48,INFO,AuthService,Health check passed: AuthService,E102,Health check passed: {service}
75137,2026-01-15,12:39:03,INFO,InventoryDB,Transaction tx282582 completed in 1869ms,E104,Transaction {tx} completed in {time}ms
75138,2026-01-15,12:38:06,INFO,PaymentGateway,User u3519 login successful,E101,User {user} login successful
75139,2026-01-15,12:57:08,INFO,AuthService,Page view: /home by u2188,E103,Page view: {page} by {user}
75140,2026-01-15,12:35:30,INFO,OrderProcessor,Transaction tx153588 completed in 648ms,E104,Transaction {tx} completed in {time}ms
75141,2026-01-15,12:53:34,INFO,WebServer,Page view: /home by u4113,E103,Page view: {page} by {user}
75142,2026-01-15,12:24:53,INFO,OrderProcessor,Transaction tx278931 completed in 1354ms,E104,Transaction {tx} completed in {time}ms
75143,2026-01-15,12:47:32,INFO,WebServer,User u3208 login successful,E101,User {user} login successful
75144,2026-01-15,12:03:00,WARN,WebServer,Disk usage > 85% on node node-5,E202,Disk usage > 85% on node {node}
75145,2026-01-15,12:57:08,INFO,PaymentGateway,User u3399 login successful,E101,User {user} login successful
75146,2026-01-15,12:43:04,INFO,AuthService,Health check passed: AuthService,E102,Health check passed: {service}
75147,2026-01-15,12:50:25,INFO,AuthService,Page view: /home by u2547,E103,Page view: {page} by {user}
75148,2026-01-15,12:25:22,INFO,AuthService,User u1841 login successful,E101,User {user} login successful
75149,2026-01-15,12:56:14,INFO,WebServer,Transaction tx377805 completed in 1025ms,E104,Transaction {tx} completed in {time}ms
75150,2026-01-15,12:03:30,INFO,OrderProcessor,Transaction tx628810 completed in 937ms,E104,Transaction {tx} completed in {time}ms
75151,2026-01-15,12:32:07,INFO,WebServer,Transaction tx433350 completed in 1339ms,E104,Transaction {tx} completed in {time}ms
75152,2026-01-15,12:31:41,INFO,AuthService,Transaction tx289296 completed in 1135ms,E104,Transaction {tx} completed in {time}ms
75153,2026-01-15,12:54:59,INFO,AuthService,Page view: /home by u3625,E103,Page view: {page} by {user}
75154,2026-01-15,12:32:15,INFO,OrderProcessor,Transaction tx513961 completed in 1374ms,E104,Transaction {tx} completed in {time}ms
75155,2026-01-15,12:17:02,INFO,AuthService,User u1605 login successful,E101,User {user} login successful
75156,2026-01-15,12:11:36,INFO,OrderProcessor,Health check passed: OrderProcessor,E102,Health check passed: {service}
75157,2026-01-15,12:33:27,INFO,WebServer,Health check passed: WebServer,E102,Health check passed: {service}
75158,2026-01-15,12:31:06,INFO,InventoryDB,Page view: /home by u2571,E103,Page view: {page} by {user}
75159,2026-01-15,12:53:03,INFO,OrderProcessor,Health check passed: OrderProcessor,E102,Health check passed: {service}
75160,2026-01-15,12:13:52,INFO,WebServer,Health check passed: WebServer,E102,Health check passed: {service}
75161,2026-01-15,12:33:50,INFO,AuthService,Health check passed: AuthService,E102,Health check passed: {service}
75162,2026-01-15,12:05:18,INFO,OrderProcessor,User u4539 login successful,E101,User {user} login successful
75163,2026-01-15,12:13:28,INFO,WebServer,Page view: /home by u1548,E103,Page view: {page} by {user}
75164,2026-01-15,12:52:11,INFO,PaymentGateway,Health check passed: PaymentGateway,E102,Health check passed: {service}
75165,2026-01-15,12:55:38,INFO,OrderProcessor,User u4075 login successful,E101,User {user} login successful
75166,2026-01-15,12:16:55,INFO,PaymentGateway,User u2419 login successful,E101,User {user} login successful
75167,2026-01-15,12:13:28,INFO,AuthService,User u4487 login successful,E101,User {user} login successful
75168,2026-01-15,12:54:53,INFO,OrderProcessor,User u2244 login successful,E101,User {user} login successful
75169,2026-01-15,12:02:10,INFO,WebServer,User u1163 login successful,E101,User {user} login successful
75170,2026-01-15,12:06:52,ERROR,WebServer,Connection refused to WebServer at 10.0.0.45,E501,Connection refused to {service} at {ip}
75171,2026-01-15,12:13:59,INFO,WebServer,Transaction tx482855 completed in 956ms,E104,Transaction {tx} completed in {time}ms
75172,2026-01-15,12:45:04,INFO,WebServer,User u2017 login successful,E101,User {user} login successful
75173,2026-01-15,12:28:11,WARN,WebServer,Disk usage > 85% on node node-2,E202,Disk usage > 85% on node {node}
75174,2026-01-15,12:09:53,INFO,PaymentGateway,Health check passed: PaymentGateway,E102,Health check passed: {service}
75175,2026-01-15,12:03:49,INFO,AuthService,User u2802 login successful,E101,User {user} login successful
75176,2026-01-15,12:12:42,INFO,AuthService,User u4568 login successful,E101,User {user} login successful
75177,2026-01-15,12:37:20,INFO,WebServer,Page view: /home by u2059,E103,Page view: {page} by {user}
75178,2026-01-15,12:18:27,INFO,AuthService,Transaction tx944251 completed in 1767ms,E104,Transaction {tx} completed in {time}ms
75179,2026-01-15,12:50:14,INFO,PaymentGateway,User u2375 login successful,E101,User {user} login successful
75180,2026-01-15,12:16:19,INFO,AuthService,Health check passed: AuthService,E102,Health check passed: {service}
75181,2026-01-15,12:05:24,INFO,PaymentGateway,Transaction tx258704 completed in 1112ms,E104,Transaction {tx} completed in {time}ms
75182,2026-01-15,12:52:57,INFO,PaymentGateway,Page view: /home by u4709,E103,Page view: {page} by {user}
75183,2026-01-15,12:05:09,INFO,WebServer,Health check passed: WebServer,E102,Health check passed: {service}
75184,2026-01-15,12:46:13,INFO,AuthService,Health check passed: AuthService,E102,Health check passed: {service}
75185,2026-01-15,12:24:45,INFO,AuthService,User u4882 login successful,E101,User {user} login successful
75186,2026-01-15,12:49:19,INFO,WebServer,Page view: /home by u4753,E103,Page view: {page} by {user}
75187,2026-01-15,12:38:45,INFO,WebServer,Transaction tx723605 completed in 1875ms,E104,Transaction {tx} completed in {time}ms
75188,2026-01-15,12:22:14,INFO,WebServer,Page view: /home by u4565,E103,Page view: {page} by {user}
75189,2026-01-15,12:49:38,INFO,WebServer,Transaction tx625320 completed in 1811ms,E104,Transaction {tx} completed in {time}ms
75190,2026-01-15,12:53:25,INFO,OrderProcessor,Health check passed: OrderProcessor,E102,Health check passed: {service}
75191,2026-01-15,12:18:28,INFO,WebServer,User u1114 login successful,E101,User {user} login successful
75192,2026-01-15,12:24:22,INFO,AuthService,Page view: /home by u1950,E103,Page view: {page} by {user}
75193,2026-01-15,12:32:48,INFO,AuthService,Transaction tx824537 completed in 209ms,E104,Transaction {tx} completed in {time}ms
75194,2026-01-15,12:06:49,INFO,WebServer,Page view: /home by u2785,E103,Page view: {page} by {user}
75195,2026-01-15,12:19:28,INFO,PaymentGateway,User u1007 login successful,E101,User {user} login successful
75196,2026-01-15,12:35:54,INFO,PaymentGateway,Page view: /home by u1261,E103,Page view: {page} by {user}
75197,2026-01-15,12:53:26,INFO,WebServer,User u2197 login successful,E101,User {user} login successful
75198,2026-01-15,12:46:44,INFO,WebServer,User u4268 login successful,E101,User {user} login successful
75199,2026-01-15,12:58:28,INFO,WebServer,User u2970 login successful,E101,User {user} login successful
75200,2026-01-15,12:58:31,INFO,WebServer,Page view: /home by u2244,E103,Page view: {page} by {user}
75201,2026-01-15,12:44:23,INFO,PaymentGateway,Health check passed: PaymentGateway,E102,Health check passed: {service}
75202,2026-01-15,12:36:59,INFO,WebServer,Health check passed: WebServer,E102,Health check passed: {service}
75203,2026-01-15,12:56:51,INFO,WebServer,Transaction tx966122 completed in 1001ms,E104,Transaction {tx} completed in {time}ms
75204,2026-01-15,12:37:42,INFO,InventoryDB,User u2529 login successful,E101,User {user} login successful
75205,2026-01-15,12:47:08,INFO,WebServer,User u3058 login successful,E101,User {user} login successful
75206,2026-01-15,12:54:36,INFO,PaymentGateway,Health check passed: PaymentGateway,E102,Health check passed: {service}
75207,2026-01-15,12:00:43,INFO,WebServer,Transaction tx768473 completed in 455ms,E104,Transaction {tx} completed in {time}ms
75208,2026-01-15,12:15:58,WARN,AuthService,High latency (938ms) detected on AuthService,E201,High latency ({time}ms) detected on {service}
75209,2026-01-15,12:45:22,INFO,WebServer,User u3770 login successful,E101,User {user} login successful
75210,2026-01-15,12:40:59,INFO,WebServer,Health check passed: WebServer,E102,Health check passed: {service}
75211,2026-01-15,12:47:39,INFO,WebServer,Health check passed: WebServer,E102,Health check passed: {service}
75212,2026-01-15,12:38:52,INFO,PaymentGateway,Transaction tx269410 completed in 1698ms,E104,Transaction {tx} completed in {time}ms
75213,2026-01-15,12:15:09,INFO,WebServer,User u2411 login successful,E101,User {user} login successful
75214,2026-01-15,12:06:33,INFO,WebServer,User u4919 login successful,E101,User {user} login successful
75215,2026-01-15,12:25:23,INFO,AuthService,Page view: /home by u1271,E103,Page view: {page} by {user}
75216,2026-01-15,12:41:16,ERROR,AuthService,Connection refused to AuthService at 10.0.0.45,E501,Connection refused to {service} at {ip}
75217,2026-01-15,12:38:58,INFO,AuthService,Page view: /home by u1032,E103,Page view: {page} by {user}
75218,2026-01-15,12:52:01,INFO,AuthService,Page view: /home by u3149,E103,Page view: {page} by {user}
75219,2026-01-15,12:28:18,WARN,AuthService,Unauthorized access attempt from 10.0.0.12,E401,Unauthorized access attempt from {ip}
75220,2026-01-15,12:51:17,INFO,OrderProcessor,User u2552 login successful,E101,User {user} login successful
75221,2026-01-15,12:22:45,INFO,AuthService,Page view: /home by u3329,E103,Page view: {page} by {user}
75222,2026-01-15,12:16:30,INFO,PaymentGateway,User u4362 login successful,E101,User {user} login successful
75223,2026-01-15,12:26:51,INFO,WebServer,User u1851 login successful,E101,User {user} login successful
75224,2026-01-15,12:47:14,INFO,AuthService,Page view: /home by u3050,E103,Page view: {page} by {user}
75225,2026-01-15,12:09:56,INFO,AuthService,User u4390 login successful,E101,User {user} login successful
75226,2026-01-15,12:44:24,INFO,WebServer,Transaction tx747512 completed in 1570ms,E104,Transaction {tx} completed in {time}ms
75227,2026-01-15,12:35:05,INFO,AuthService,User u3086 login successful,E101,User {user} login successful
75228,2026-01-15,12:02:21,ERROR,OrderProcessor,Payment declined: Gateway unavailable,E503,Payment declined: Gateway unavailable
75229,2026-01-15,12:25:42,INFO,PaymentGateway,Health check passed: PaymentGateway,E102,Health check passed: {service}
75230,2026-01-15,12:46:49,INFO,AuthService,Transaction tx622463 completed in 429ms,E104,Transaction {tx} completed in {time}ms
75231,2026-01-15,12:45:35,INFO,WebServer,Page view: /home by u3420,E103,Page view: {page} by {user}
75232,2026-01-15,12:56:16,INFO,WebServer,Health check passed: WebServer,E102,Health check passed: {service}
75233,2026-01-15,12:19:10,INFO,WebServer,Transaction tx549491 completed in 1370ms,E104,Transaction {tx} completed in {time}ms
75234,2026-01-15,12:37:44,INFO,WebServer,User u3309 login successful,E101,User {user} login successful
75235,2026-01-15,12:52:28,INFO,AuthService,Transaction tx579622 completed in 559ms,E104,Transaction {tx} completed in {time}ms
75236,2026-01-15,12:52:04,INFO,WebServer,User u1410 login successful,E101,User {user} login successful
75237,2026-01-15,12:43:21,INFO,WebServer,Health check passed: WebServer,E102,Health check passed: {service}
75238,2026-01-15,12:05:50,INFO,WebServer,Page view: /home by u1006,E103,Page view: {page} by {user}
75239,2026-01-15,12:08:27,INFO,WebServer,User u1691 login successful,E101,User {user} login successful
75240,2026-01-15,12:01:26,INFO,WebServer,Page view: /home by u1817,E103,Page view: {page} by {user}
75241,2026-01-15,12:49:33,INFO,OrderProcessor,Transaction tx827703 completed in 368ms,E104,Transaction {tx} completed in {time}ms
75242,2026-01-15,12:31:57,INFO,WebServer,Page view: /home by u4041,E103,Page view: {page} by {user}
75243,2026-01-15,12:26:10,INFO,WebServer,Page view: /home by u2432,E103,Page view: {page} by {user}
75244,2026-01-15,12:48:34,INFO,WebServer,Page view: /home by u3019,E103,Page view: {page} by {user}
75245,2026-01-15,12:11:11,INFO,WebServer,Health check passed: WebServer,E102,Health check passed: {service}
75246,2026-01-15,12:49:47,INFO,InventoryDB,Transaction tx800388 completed in 711ms,E104,Transaction {tx} completed in {time}ms
75247,2026-01-15,12:25:03,INFO,AuthService,User u2004 login successful,E101,User {user} login successful
75248,2026-01-15,12:24:30,INFO,WebServer,Page view: /home by u2801,E103,Page view: {page} by {user}
75249,2026-01-15,12:04:53,INFO,PaymentGateway,Page view: /home by u2761,E103,Page view: {page} by {user}
75250,2026-01-15,12:51:14,INFO,OrderProcessor,Page view: /home by u3000,E103,Page view: {page} by {user}
75251,2026-01-15,12:11:24,INFO,PaymentGateway,User u1632 login successful,E101,User {user} login successful
75252,2026-01-15,12:49:12,INFO,WebServer,Transaction tx736739 completed in 1462ms,E104,Transaction {tx} completed in {time}ms
75253,2026-01-15,12:38:43,INFO,OrderProcessor,User u3723 login successful,E101,User {user} login successful
75254,2026-01-15,12:53:02,INFO,AuthService,User u1746 login successful,E101,User {user} login successful
75255,2026-01-15,12:54:35,INFO,WebServer,Health check passed: WebServer,E102,Health check passed: {service}
75256,2026-01-15,12:46:50,INFO,WebServer,Transaction tx937997 completed in 1101ms,E104,Transaction {tx} completed in {time}ms
75257,2026-01-15,12:30:06,WARN,WebServer,Unauthorized access attempt from 10.0.0.45,E401,Unauthorized access attempt from {ip}
75258,2026-01-15,12:07:31,INFO,WebServer,Transaction tx801518 completed in 1230ms,E104,Transaction {tx} completed in {time}ms
75259,2026-01-15,12:12:15,INFO,WebServer,Page view: /home by u1930,E103,Page view: {page} by {user}
75260,2026-01-15,12:27:08,INFO,WebServer,Health check passed: WebServer,E102,Health check passed: {service}
75261,2026-01-15,12:21:23,INFO,WebServer,Page view: /home by u4008,E103,Page view: {page} by {user}
75262,2026-01-15,12:41:47,INFO,WebServer,Page view: /home by u3369,E103,Page view: {page} by {user}
75263,2026-01-15,12:49:14,INFO,WebServer,Page view: /home by u2653,E103,Page view: {page} by {user}
75264,2026-01-15,12:42:01,INFO,AuthService,Page view: /home by u1678,E103,Page view: {page} by {user}
75265,2026-01-15,12:30:46,INFO,PaymentGateway,Page view: /home by u4072,E103,Page view: {page} by {user}
75266,2026-01-15,12:39:50,INFO,WebServer,Transaction tx240297 completed in 938ms,E104,Transaction {tx} completed in {time}ms
75267,2026-01-15,12:03:07,INFO,WebServer,Page view: /home by u3721,E103,Page view: {page} by {user}
75268,2026-01-15,12:45:17,INFO,PaymentGateway,Health check passed: PaymentGateway,E102,Health check passed: {service}
75269,2026-01-15,12:31:56,INFO,WebServer,Health check passed: WebServer,E102,Health check passed: {service}
75270,2026-01-15,12:50:28,INFO,OrderProcessor,Health check passed: OrderProcessor,E102,Health check passed: {service}
75271,2026-01-15,12:32:06,INFO,WebServer,Page view: /home by u2758,E103,Page view: {page} by {user}
75272,2026-01-15,12:18:22,INFO,AuthService,Health check passed: AuthService,E102,Health check passed: {service}
75273,2026-01-15,12:42:18,INFO,AuthService,Health check passed: AuthService,E102,Health check passed: {service}
75274,2026-01-15,12:21:37,INFO,WebServer,Transaction tx830017 completed in 477ms,E104,Transaction {tx} completed in {time}ms
75275,2026-01-15,12:33:48,WARN,WebServer,Disk usage > 85% on node node-1,E202,Disk usage > 85% on node {node}
75276,2026-01-15,12:09:03,INFO,WebServer,User u1315 login successful,E101,User {user} login successful
75277,2026-01-15,12:00:57,INFO,PaymentGateway,Page view: /home by u2531,E103,Page view: {page} by {user}
75278,2026-01-15,12:43:08,INFO,WebServer,Page view: /home by u3298,E103,Page view: {page} by {user}
75279,2026-01-15,12:13:06,INFO,WebServer,Health check passed: WebServer,E102,Health check passed: {service}
75280,2026-01-15,12:57:02,INFO,WebServer,Transaction tx187050 completed in 1700ms,E104,Transaction {tx} completed in {time}ms
75281,2026-01-15,12:28:32,INFO,WebServer,Transaction tx845336 completed in 440ms,E104,Transaction {tx} completed in {time}ms
75282,2026-01-15,12:49:45,INFO,WebServer,Health check passed: WebServer,E102,Health check passed: {service}
75283,2026-01-15,12:56:11,INFO,AuthService,Transaction tx996402 completed in 1541ms,E104,Transaction {tx} completed in {time}ms
75284,2026-01-15,12:38:33,INFO,WebServer,Health check passed: WebServer,E102,Health check passed: {service}
75285,2026-01-15,12:04:01,INFO,WebServer,Page view: /home by u1927,E103,Page view: {page} by {user}
75286,2026-01-15,12:26:23,INFO,InventoryDB,Health check passed: InventoryDB,E102,Health check passed: {service}
75287,2026-01-15,12:21:33,INFO,WebServer,User u4648 login successful,E101,User {user} login successful
75288,2026-01-15,12:49:31,INFO,WebServer,Health check passed: WebServer,E102,Health check passed: {service}
75289,2026-01-15,12:15:21,INFO,AuthService,User u4216 login successful,E101,User {user} login successful
75290,2026-01-15,12:52:38,INFO,OrderProcessor,Page view: /home by u4343,E103,Page view: {page} by {user}
75291,2026-01-15,12:47:46,INFO,InventoryDB,User u4109 login successful,E101,User {user} login successful
75292,2026-01-15,12:58:20,INFO,WebServer,User u3852 login successful,E101,User {user} login successful
75293,2026-01-15,12:53:04,INFO,WebServer,Transaction tx977068 completed in 1726ms,E104,Transaction {tx} completed in {time}ms
75294,2026-01-15,12:08:57,INFO,PaymentGateway,Page view: /home by u4440,E103,Page view: {page} by {user}
75295,2026-01-15,12:55:13,INFO,AuthService,Page view: /home by u2470,E103,Page view: {page} by {user}
75296,2026-01-15,12:58:52,INFO,PaymentGateway,Page view: /home by u4478,E103,Page view: {page} by {user}
75297,2026-01-15,12:18:49,INFO,WebServer,Health check passed: WebServer,E102,Health check passed: {service}
75298,2026-01-15,12:44:55,INFO,OrderProcessor,Health check passed: OrderProcessor,E102,Health check passed: {service}
75299,2026-01-15,12:10:43,INFO,WebServer,Health check passed: WebServer,E102,Health check passed: {service}
75300,2026-01-15,12:55:38,INFO,OrderProcessor,Page view: /home by u3808,E103,Page view: {page} by {user}
75301,2026-01-15,12:06:57,INFO,OrderProcessor,Transaction tx539770 completed in 316ms,E104,Transaction {tx} completed in {time}ms
75302,2026-01-15,12:43:41,INFO,OrderProcessor,Page view: /home by u2211,E103,Page view: {page} by {user}
75303,2026-01-15,12:23:21,INFO,WebServer,Transaction tx434122 completed in 787ms,E104,Transaction {tx} completed in {time}ms
75304,2026-01-15,12:42:50,CRITICAL,PaymentGateway,KERNEL PANIC: Node node-3 crashed,E601,KERNEL PANIC: Node {node} crashed
75305,2026-01-15,12:59:37,INFO,InventoryDB,Page view: /home by u1779,E103,Page view: {page} by {user}
75306,2026-01-15,12:07:24,INFO,AuthService,Transaction tx162514 completed in 458ms,E104,Transaction {tx} completed in {time}ms
75307,2026-01-15,12:42:29,INFO,WebServer,User u4984 login successful,E101,User {user} login successful
75308,2026-01-15,12:48:58,INFO,OrderProcessor,Transaction tx582672 completed in 1093ms,E104,Transaction {tx} completed in {time}ms
75309,2026-01-15,12:01:10,INFO,AuthService,User u4238 login successful,E101,User {user} login successful
75310,2026-01-15,12:35:02,INFO,WebServer,User u2481 login successful,E101,User {user} login successful
75311,2026-01-15,12:37:52,INFO,OrderProcessor,Health check passed: OrderProcessor,E102,Health check passed: {service}
75312,2026-01-15,12:08:48,INFO,AuthService,Page view: /home by u2893,E103,Page view: {page} by {user}
75313,2026-01-15,12:09:56,INFO,AuthService,Page view: /home by u1658,E103,Page view: {page} by {user}
75314,2026-01-15,12:25:54,WARN,WebServer,Unauthorized access attempt from 10.0.0.45,E401,Unauthorized access attempt from {ip}
75315,2026-01-15,12:41:49,INFO,OrderProcessor,Page view: /home by u4312,E103,Page view: {page} by {user}
75316,2026-01-15,12:07:10,INFO,WebServer,Page view: /home by u4074,E103,Page view: {page} by {user}
75317,2026-01-15,12:58:30,INFO,WebServer,User u2018 login successful,E101,User {user} login successful
75318,2026-01-15,12:47:49,INFO,OrderProcessor,User u1510 login successful,E101,User {user} login successful
75319,2026-01-15,12:49:43,INFO,WebServer,User u3432 login successful,E101,User {user} login successful
75320,2026-01-15,12:11:03,WARN,PaymentGateway,Disk usage > 85% on node node-3,E202,Disk usage > 85% on node {node}
75321,2026-01-15,12:23:41,INFO,AuthService,User u4934 login successful,E101,User {user} login successful
75322,2026-01-15,12:15:14,INFO,AuthService,User u4961 login successful,E101,User {user} login successful
75323,2026-01-15,12:50:32,INFO,PaymentGateway,User u1405 login successful,E101,User {user} login successful
75324,2026-01-15,12:33:34,INFO,WebServer,Health check passed: WebServer,E102,Health check passed: {service}
75325,2026-01-15,12:34:19,INFO,WebServer,Transaction tx932538 completed in 783ms,E104,Transaction {tx} completed in {time}ms
75326,2026-01-15,12:07:57,INFO,WebServer,User u2540 login successful,E101,User {user} login successful
75327,2026-01-15,12:29:01,INFO,OrderProcessor,User u3705 login successful,E101,User {user} login successful
75328,2026-01-15,12:51:07,WARN,PaymentGateway,Unauthorized access attempt from 10.0.0.10,E401,Unauthorized access attempt from {ip}
75329,2026-01-15,12:22:01,INFO,WebServer,Page view: /home by u3607,E103,Page view: {page} by {user}
75330,2026-01-15,12:45:28,INFO,PaymentGateway,User u2310 login successful,E101,User {user} login successful
75331,2026-01-15,12:36:00,INFO,WebServer,Page view: /home by u4078,E103,Page view: {page} by {user}
75332,2026-01-15,12:58:22,INFO,InventoryDB,Page view: /home by u4028,E103,Page view: {page} by {user}
75333,2026-01-15,12:31:14,WARN,AuthService,Unauthorized access attempt from 10.0.0.10,E401,Unauthorized access attempt from {ip}
75334,2026-01-15,12:35:02,INFO,AuthService,Page view: /home by u3922,E103,Page view: {page} by {user}
75335,2026-01-15,12:52:09,INFO,InventoryDB,User u3006 login successful,E101,User {user} login successful
75336,2026-01-15,12:14:39,INFO,OrderProcessor,Health check passed: OrderProcessor,E102,Health check passed: {service}
75337,2026-01-15,12:53:30,INFO,PaymentGateway,Transaction tx290921 completed in 1338ms,E104,Transaction {tx} completed in {time}ms
75338,2026-01-15,12:33:40,INFO,OrderProcessor,User u4215 login successful,E101,User {user} login successful
75339,2026-01-15,12:39:54,INFO,OrderProcessor,Page view: /home by u4118,E103,Page view: {page} by {user}
75340,2026-01-15,12:58:25,INFO,AuthService,Page view: /home by u3119,E103,Page view: {page} by {user}
75341,2026-01-15,12:24:17,INFO,AuthService,Transaction tx691530 completed in 239ms,E104,Transaction {tx} completed in {time}ms
75342,2026-01-15,12:11:58,INFO,AuthService,Health check passed: AuthService,E102,Health check passed: {service}
75343,2026-01-15,12:34:01,INFO,WebServer,Page view: /home by u4148,E103,Page view: {page} by {user}
75344,2026-01-15,12:32:13,INFO,AuthService,Transaction tx661469 completed in 1393ms,E104,Transaction {tx} completed in {time}ms
75345,2026-01-15,12:59:24,INFO,WebServer,Transaction tx147657 completed in 64ms,E104,Transaction {tx} completed in {time}ms
75346,2026-01-15,12:51:51,INFO,WebServer,Health check passed: WebServer,E102,Health check passed: {service}
75347,2026-01-15,12:55:59,INFO,WebServer,Health check passed: WebServer,E102,Health check passed: {service}
75348,2026-01-15,12:07:20,INFO,WebServer,Page view: /home by u3276,E103,Page view: {page} by {user}
75349,2026-01-15,12:29:05,INFO,AuthService,Page view: /home by u1358,E103,Page view: {page} by {user}
75350,2026-01-15,12:41:03,INFO,InventoryDB,Transaction tx633771 completed in 1903ms,E104,Transaction {tx} completed in {time}ms
75351,2026-01-15,12:14:26,INFO,WebServer,Health check passed: WebServer,E102,Health check passed: {service}
75352,2026-01-15,12:21:45,INFO,OrderProcessor,User u4273 login successful,E101,User {user} login successful
75353,2026-01-15,12:24:30,INFO,WebServer,Page view: /home by u2158,E103,Page view: {page} by {user}
75354,2026-01-15,12:13:03,ERROR,AuthService,Connection refused to AuthService at 10.0.0.88,E501,Connection refused to {service} at {ip}
75355,2026-01-15,12:03:03,INFO,AuthService,Page view: /home by u3603,E103,Page view: {page} by {user}
75356,2026-01-15,12:37:55,INFO,WebServer,User u2703 login successful,E101,User {user} login successful
75357,2026-01-15,12:17:09,INFO,WebServer,Transaction tx733309 completed in 608ms,E104,Transaction {tx} completed in {time}ms
75358,2026-01-15,12:17:35,INFO,WebServer,Health check passed: WebServer,E102,Health check passed: {service}
75359,2026-01-15,12:26:47,INFO,OrderProcessor,User u3539 login successful,E101,User {user} login successful
75360,2026-01-15,12:37:00,INFO,WebServer,Transaction tx461566 completed in 1240ms,E104,Transaction {tx} completed in {time}ms
75361,2026-01-15,12:15:41,INFO,WebServer,Health check passed: WebServer,E102,Health check passed: {service}
75362,2026-01-15,12:57:12,INFO,OrderProcessor,Transaction tx251941 completed in 1007ms,E104,Transaction {tx} completed in {time}ms
75363,2026-01-15,12:29:42,INFO,WebServer,Page view: /home by u1410,E103,Page view: {page} by {user}
75364,2026-01-15,12:35:15,INFO,OrderProcessor,Page view: /home by u2518,E103,Page view: {page} by {user}
75365,2026-01-15,12:31:44,INFO,OrderProcessor,User u1680 login successful,E101,User {user} login successful
75366,2026-01-15,12:25:39,INFO,AuthService,Health check passed: AuthService,E102,Health check passed: {service}
75367,2026-01-15,12:04:23,INFO,WebServer,User u4047 login successful,E101,User {user} login successful
75368,2026-01-15,12:57:06,INFO,WebServer,User u3775 login successful,E101,User {user} login successful
75369,2026-01-15,12:45:41,INFO,WebServer,User u2347 login successful,E101,User {user} login successful
75370,2026-01-15,12:45:49,INFO,AuthService,User u3026 login successful,E101,User {user} login successful
75371,2026-01-15,12:45:58,INFO,OrderProcessor,Page view: /home by u2412,E103,Page view: {page} by {user}
75372,2026-01-15,12:34:24,INFO,OrderProcessor,Page view: /home by u3118,E103,Page view: {page} by {user}
75373,2026-01-15,12:51:15,INFO,WebServer,User u4507 login successful,E101,User {user} login successful
75374,2026-01-15,12:23:44,INFO,WebServer,Transaction tx957926 completed in 1695ms,E104,Transaction {tx} completed in {time}ms
75375,2026-01-15,12:20:38,INFO,WebServer,User u3345 login successful,E101,User {user} login successful
75376,2026-01-15,12:59:29,INFO,InventoryDB,Page view: /home by u1310,E103,Page view: {page} by {user}
75377,2026-01-15,12:00:57,INFO,AuthService,Page view: /home by u3342,E103,Page view: {page} by {user}
75378,2026-01-15,12:01:48,INFO,AuthService,User u2620 login successful,E101,User {user} login successful
75379,2026-01-15,12:16:14,INFO,WebServer,Health check passed: WebServer,E102,Health check passed: {service}
75380,2026-01-15,12:30:06,INFO,WebServer,User u3082 login successful,E101,User {user} login successful
75381,2026-01-15,12:10:43,INFO,AuthService,User u3967 login successful,E101,User {user} login successful
75382,2026-01-15,12:49:06,ERROR,WebServer,Payment declined: Gateway unavailable,E503,Payment declined: Gateway unavailable
75383,2026-01-15,12:57:06,INFO,AuthService,Page view: /home by u3785,E103,Page view: {page} by {user}
75384,2026-01-15,12:12:51,INFO,WebServer,Transaction tx147001 completed in 169ms,E104,Transaction {tx} completed in {time}ms
75385,2026-01-15,12:33:17,INFO,PaymentGateway,User u3958 login successful,E101,User {user} login successful
75386,2026-01-15,12:32:40,INFO,AuthService,Transaction tx763769 completed in 1587ms,E104,Transaction {tx} completed in {time}ms
75387,2026-01-15,12:33:52,INFO,WebServer,Health check passed: WebServer,E102,Health check passed: {service}
75388,2026-01-15,12:55:00,INFO,WebServer,Transaction tx818364 completed in 1870ms,E104,Transaction {tx} completed in {time}ms
75389,2026-01-15,12:04:17,INFO,OrderProcessor,Page view: /home by u1701,E103,Page view: {page} by {user}
75390,2026-01-15,12:40:06,INFO,WebServer,User u2556 login successful,E101,User {user} login successful
75391,2026-01-15,12:38:55,INFO,AuthService,Page view: /home by u2428,E103,Page view: {page} by {user}
75392,2026-01-15,12:54:54,INFO,WebServer,Health check passed: WebServer,E102,Health check passed: {service}
75393,2026-01-15,12:50:24,INFO,WebServer,User u3522 login successful,E101,User {user} login successful
75394,2026-01-15,12:20:06,INFO,PaymentGateway,Health check passed: PaymentGateway,E102,Health check passed: {service}
75395,2026-01-15,12:12:29,INFO,AuthService,Health check passed: AuthService,E102,Health check passed: {service}
75396,2026-01-15,12:06:56,INFO,OrderProcessor,Transaction tx726763 completed in 1140ms,E104,Transaction {tx} completed in {time}ms
75397,2026-01-15,12:05:29,INFO,AuthService,Transaction tx317317 completed in 686ms,E104,Transaction {tx} completed in {time}ms
75398,2026-01-15,12:16:06,INFO,InventoryDB,User u2788 login successful,E101,User {user} login successful
75399,2026-01-15,12:03:33,INFO,OrderProcessor,User u1848 login successful,E101,User {user} login successful
75400,2026-01-15,12:57:30,INFO,PaymentGateway,Transaction tx130625 completed in 1351ms,E104,Transaction {tx} completed in {time}ms
75401,2026-01-15,12:44:49,INFO,AuthService,Transaction tx237347 completed in 1394ms,E104,Transaction {tx} completed in {time}ms
75402,2026-01-15,12:48:13,ERROR,PaymentGateway,Timeout waiting for lock on InventoryDB,E502,Timeout waiting for lock on {db}
75403,2026-01-15,12:36:52,INFO,WebServer,Transaction tx897674 completed in 755ms,E104,Transaction {tx} completed in {time}ms
75404,2026-01-15,12:20:19,INFO,WebServer,Page view: /home by u1094,E103,Page view: {page} by {user}
75405,2026-01-15,12:26:17,INFO,InventoryDB,User u1341 login successful,E101,User {user} login successful
75406,2026-01-15,12:31:35,INFO,PaymentGateway,User u4744 login successful,E101,User {user} login successful
75407,2026-01-15,12:39:59,INFO,AuthService,Page view: /home by u4528,E103,Page view: {page} by {user}
75408,2026-01-15,12:33:29,WARN,OrderProcessor,Disk usage > 85% on node node-3,E202,Disk usage > 85% on node {node}
75409,2026-01-15,12:52:18,INFO,InventoryDB,User u1005 login successful,E101,User {user} login successful
75410,2026-01-15,12:11:11,INFO,WebServer,Transaction tx591598 completed in 885ms,E104,Transaction {tx} completed in {time}ms
75411,2026-01-15,12:35:39,INFO,WebServer,Page view: /home by u1183,E103,Page view: {page} by {user}
75412,2026-01-15,12:58:51,INFO,WebServer,Health check passed: WebServer,E102,Health check passed: {service}
75413,2026-01-15,12:47:52,INFO,WebServer,Health check passed: WebServer,E102,Health check passed: {service}
75414,2026-01-15,12:33:36,INFO,WebServer,Transaction tx753832 completed in 1789ms,E104,Transaction {tx} completed in {time}ms
75415,2026-01-15,12:23:18,INFO,WebServer,Page view: /home by u4726,E103,Page view: {page} by {user}
75416,2026-01-15,12:10:41,INFO,OrderProcessor,User u4856 login successful,E101,User {user} login successful
75417,2026-01-15,12:24:01,INFO,WebServer,Page view: /home by u2582,E103,Page view: {page} by {user}
75418,2026-01-15,12:43:03,INFO,PaymentGateway,Transaction tx284596 completed in 239ms,E104,Transaction {tx} completed in {time}ms
75419,2026-01-15,12:26:12,INFO,WebServer,Transaction tx357856 completed in 1336ms,E104,Transaction {tx} completed in {time}ms
75420,2026-01-15,12:02:21,INFO,WebServer,Health check passed: WebServer,E102,Health check passed: {service}
75421,2026-01-15,12:23:34,WARN,WebServer,Disk usage > 85% on node node-5,E202,Disk usage > 85% on node {node}
75422,2026-01-15,12:20:03,INFO,InventoryDB,User u2794 login successful,E101,User {user} login successful
75423,2026-01-15,12:41:25,INFO,WebServer,Health check passed: WebServer,E102,Health check passed: {service}
75424,2026-01-15,12:03:43,INFO,WebServer,Transaction tx458414 completed in 1389ms,E104,Transaction {tx} completed in {time}ms
75425,2026-01-15,12:14:09,INFO,WebServer,Health check passed: WebServer,E102,Health check passed: {service}
75426,2026-01-15,12:30:23,INFO,WebServer,Health check passed: WebServer,E102,Health check passed: {service}
75427,2026-01-15,12:06:19,INFO,WebServer,Page view: /home by u1181,E103,Page view: {page} by {user}
75428,2026-01-15,12:15:31,INFO,WebServer,Health check passed: WebServer,E102,Health check passed: {service}
75429,2026-01-15,12:35:59,WARN,OrderProcessor,High latency (1916ms) detected on OrderProcessor,E201,High latency ({time}ms) detected on {service}
75430,2026-01-15,12:12:15,INFO,WebServer,Page view: /home by u4652,E103,Page view: {page} by {user}
75431,2026-01-15,12:58:03,INFO,WebServer,Transaction tx909693 completed in 1772ms,E104,Transaction {tx} completed in {time}ms
75432,2026-01-15,12:59:27,INFO,InventoryDB,Transaction tx449990 completed in 1299ms,E104,Transaction {tx} completed in {time}ms
75433,2026-01-15,12:22:42,INFO,OrderProcessor,Health check passed: OrderProcessor,E102,Health check passed: {service}
75434,2026-01-15,12:59:36,INFO,WebServer,User u2205 login successful,E101,User {user} login successful
75435,2026-01-15,12:54:09,INFO,WebServer,Health check passed: WebServer,E102,Health check passed: {service}
75436,2026-01-15,12:29:06,INFO,OrderProcessor,User u1090 login successful,E101,User {user} login successful
75437,2026-01-15,12:58:45,INFO,WebServer,Health check passed: WebServer,E102,Health check passed: {service}
75438,2026-01-15,12:20:12,INFO,PaymentGateway,Page view: /home by u4135,E103,Page view: {page} by {user}
75439,2026-01-15,12:51:29,INFO,WebServer,User u2771 login successful,E101,User {user} login successful
75440,2026-01-15,12:11:30,INFO,InventoryDB,Health check passed: InventoryDB,E102,Health check passed: {service}
75441,2026-01-15,12:32:50,INFO,OrderProcessor,User u4406 login successful,E101,User {user} login successful
75442,2026-01-15,12:58:31,INFO,AuthService,Page view: /home by u2023,E103,Page view: {page} by {user}
75443,2026-01-15,12:00:29,INFO,OrderProcessor,Page view: /home by u4568,E103,Page view: {page} by {user}
75444,2026-01-15,12:29:37,INFO,WebServer,User u1705 login successful,E101,User {user} login successful
75445,2026-01-15,12:28:15,INFO,WebServer,Transaction tx516614 completed in 1072ms,E104,Transaction {tx} completed in {time}ms
75446,2026-01-15,12:45:43,INFO,OrderProcessor,Page view: /home by u4461,E103,Page view: {page} by {user}
75447,2026-01-15,12:46:28,INFO,WebServer,User u3215 login successful,E101,User {user} login successful
75448,2026-01-15,12:49:49,INFO,WebServer,Health check passed: WebServer,E102,Health check passed: {service}
75449,2026-01-15,12:07:40,INFO,AuthService,Page view: /home by u1621,E103,Page view: {page} by {user}
75450,2026-01-15,12:49:24,INFO,WebServer,User u3326 login successful,E101,User {user} login successful
75451,2026-01-15,12:13:57,INFO,WebServer,User u4178 login successful,E101,User {user} login successful
75452,2026-01-15,12:23:09,INFO,PaymentGateway,User u4920 login successful,E101,User {user} login successful
75453,2026-01-15,12:30:56,WARN,PaymentGateway,Disk usage > 85% on node node-1,E202,Disk usage > 85% on node {node}
75454,2026-01-15,12:48:23,INFO,WebServer,Transaction tx798247 completed in 151ms,E104,Transaction {tx} completed in {time}ms
75455,2026-01-15,12:45:14,INFO,WebServer,Health check passed: WebServer,E102,Health check passed: {service}
75456,2026-01-15,12:40:40,INFO,AuthService,Health check passed: AuthService,E102,Health check passed: {service}
75457,2026-01-15,12:18:47,INFO,AuthService,Page view: /home by u4747,E103,Page view: {page} by {user}
75458,2026-01-15,12:16:23,INFO,WebServer,Page view: /home by u2839,E103,Page view: {page} by {user}
75459,2026-01-15,12:55:38,WARN,WebServer,Disk usage > 85% on node node-1,E202,Disk usage > 85% on node {node}
75460,2026-01-15,12:39:32,INFO,OrderProcessor,Health check passed: OrderProcessor,E102,Health check passed: {service}
75461,2026-01-15,12:06:06,WARN,AuthService,Unauthorized access attempt from 10.0.0.45,E401,Unauthorized access attempt from {ip}
75462,2026-01-15,12:10:23,INFO,OrderProcessor,Health check passed: OrderProcessor,E102,Health check passed: {service}
75463,2026-01-15,12:54:28,INFO,InventoryDB,Transaction tx414781 completed in 169ms,E104,Transaction {tx} completed in {time}ms
75464,2026-01-15,12:52:48,INFO,PaymentGateway,Transaction tx283653 completed in 976ms,E104,Transaction {tx} completed in {time}ms
75465,2026-01-15,12:25:47,INFO,InventoryDB,Health check passed: InventoryDB,E102,Health check passed: {service}
75466,2026-01-15,12:33:04,INFO,AuthService,Page view: /home by u1429,E103,Page view: {page} by {user}
75467,2026-01-15,12:24:15,INFO,WebServer,Transaction tx121751 completed in 1039ms,E104,Transaction {tx} completed in {time}ms
75468,2026-01-15,12:15:40,INFO,WebServer,Page view: /home by u1566,E103,Page view: {page} by {user}
75469,2026-01-15,12:53:10,INFO,WebServer,Page view: /home by u2207,E103,Page view: {page} by {user}
75470,2026-01-15,12:27:03,INFO,AuthService,Transaction tx610996 completed in 1612ms,E104,Transaction {tx} completed in {time}ms
75471,2026-01-15,12:05:45,INFO,WebServer,User u2317 login successful,E101,User {user} login successful
75472,2026-01-15,12:52:40,INFO,OrderProcessor,User u3321 login successful,E101,User {user} login successful
75473,2026-01-15,12:29:03,INFO,WebServer,Page view: /home by u4167,E103,Page view: {page} by {user}
75474,2026-01-15,12:57:21,INFO,WebServer,Transaction tx982896 completed in 1030ms,E104,Transaction {tx} completed in {time}ms
75475,2026-01-15,12:50:02,INFO,OrderProcessor,User u1542 login successful,E101,User {user} login successful
75476,2026-01-15,12:04:58,INFO,PaymentGateway,Transaction tx422814 completed in 1024ms,E104,Transaction {tx} completed in {time}ms
75477,2026-01-15,12:44:15,INFO,AuthService,User u4253 login successful,E101,User {user} login successful
75478,2026-01-15,12:58:50,INFO,OrderProcessor,User u4003 login successful,E101,User {user} login successful
75479,2026-01-15,12:51:52,INFO,WebServer,Health check passed: WebServer,E102,Health check passed: {service}
75480,2026-01-15,12:01:15,INFO,WebServer,User u3523 login successful,E101,User {user} login successful
75481,2026-01-15,12:56:23,INFO,WebServer,Page view: /home by u1544,E103,Page view: {page} by {user}
75482,2026-01-15,12:48:22,INFO,WebServer,Page view: /home by u4291,E103,Page view: {page} by {user}
75483,2026-01-15,12:50:27,INFO,OrderProcessor,User u2411 login successful,E101,User {user} login successful
75484,2026-01-15,12:17:47,INFO,OrderProcessor,User u3697 login successful,E101,User {user} login successful
75485,2026-01-15,12:45:33,WARN,WebServer,Unauthorized access attempt from 192.168.1.5,E401,Unauthorized access attempt from {ip}
75486,2026-01-15,12:34:13,WARN,WebServer,High latency (170ms) detected on WebServer,E201,High latency ({time}ms) detected on {service}
75487,2026-01-15,12:46:11,INFO,WebServer,Transaction tx658718 completed in 1789ms,E104,Transaction {tx} completed in {time}ms
75488,2026-01-15,12:26:59,INFO,AuthService,Health check passed: AuthService,E102,Health check passed: {service}
75489,2026-01-15,12:52:41,INFO,AuthService,Health check passed: AuthService,E102,Health check passed: {service}
75490,2026-01-15,12:59:44,INFO,OrderProcessor,Health check passed: OrderProcessor,E102,Health check passed: {service}
75491,2026-01-15,12:56:33,INFO,AuthService,Transaction tx373196 completed in 890ms,E104,Transaction {tx} completed in {time}ms
75492,2026-01-15,12:35:00,INFO,WebServer,Transaction tx358022 completed in 1065ms,E104,Transaction {tx} completed in {time}ms
75493,2026-01-15,12:29:44,INFO,AuthService,User u3942 login successful,E101,User {user} login successful
75494,2026-01-15,12:23:12,INFO,WebServer,User u2049 login successful,E101,User {user} login successful
75495,2026-01-15,12:42:44,INFO,OrderProcessor,Page view: /home by u2652,E103,Page view: {page} by {user}
75496,2026-01-15,12:50:00,INFO,WebServer,Health check passed: WebServer,E102,Health check passed: {service}
75497,2026-01-15,12:51:22,INFO,WebServer,Health check passed: WebServer,E102,Health check passed: {service}
75498,2026-01-15,12:27:04,INFO,AuthService,Page view: /home by u3846,E103,Page view: {page} by {user}
75499,2026-01-15,12:06:30,INFO,WebServer,User u3439 login successful,E101,User {user} login successful
75500,2026-01-15,12:21:33,INFO,AuthService,User u3777 login successful,E101,User {user} login successful
75501,2026-01-15,12:26:56,INFO,PaymentGateway,User u2852 login successful,E101,User {user} login successful
75502,2026-01-15,12:18:47,INFO,WebServer,Page view: /home by u2053,E103,Page view: {page} by {user}
75503,2026-01-15,12:28:58,WARN,OrderProcessor,Unauthorized access attempt from 10.0.0.99,E401,Unauthorized access attempt from {ip}
75504,2026-01-15,12:45:32,INFO,WebServer,User u4962 login successful,E101,User {user} login successful
75505,2026-01-15,12:00:42,INFO,OrderProcessor,Health check passed: OrderProcessor,E102,Health check passed: {service}
75506,2026-01-15,12:10:59,INFO,WebServer,Health check passed: WebServer,E102,Health check passed: {service}
75507,2026-01-15,12:20:37,INFO,InventoryDB,Transaction tx365516 completed in 1642ms,E104,Transaction {tx} completed in {time}ms
75508,2026-01-15,12:31:41,INFO,OrderProcessor,Page view: /home by u1089,E103,Page view: {page} by {user}
75509,2026-01-15,12:39:14,INFO,WebServer,User u3516 login successful,E101,User {user} login successful
75510,2026-01-15,12:04:17,INFO,AuthService,Health check passed: AuthService,E102,Health check passed: {service}
75511,2026-01-15,12:56:11,INFO,WebServer,Transaction tx322950 completed in 452ms,E104,Transaction {tx} completed in {time}ms
75512,2026-01-15,12:05:33,INFO,WebServer,User u2804 login successful,E101,User {user} login successful
75513,2026-01-15,12:40:13,INFO,WebServer,Health check passed: WebServer,E102,Health check passed: {service}
75514,2026-01-15,12:38:18,INFO,WebServer,Health check passed: WebServer,E102,Health check passed: {service}
75515,2026-01-15,12:14:56,INFO,WebServer,Page view: /home by u4995,E103,Page view: {page} by {user}
75516,2026-01-15,12:15:25,INFO,PaymentGateway,Health check passed: PaymentGateway,E102,Health check passed: {service}
75517,2026-01-15,12:23:53,INFO,WebServer,User u4802 login successful,E101,User {user} login successful
75518,2026-01-15,12:25:20,INFO,AuthService,User u1662 login successful,E101,User {user} login successful
75519,2026-01-15,12:30:41,INFO,WebServer,Page view: /home by u1148,E103,Page view: {page} by {user}
75520,2026-01-15,12:12:50,INFO,AuthService,Transaction tx713258 completed in 1689ms,E104,Transaction {tx} completed in {time}ms
75521,2026-01-15,12:13:41,INFO,WebServer,Transaction tx473174 completed in 448ms,E104,Transaction {tx} completed in {time}ms
75522,2026-01-15,12:37:00,ERROR,WebServer,Timeout waiting for lock on InventoryDB,E502,Timeout waiting for lock on {db}
75523,2026-01-15,12:10:56,INFO,WebServer,Page view: /home by u2411,E103,Page view: {page} by {user}
75524,2026-01-15,12:38:46,INFO,InventoryDB,Transaction tx234557 completed in 260ms,E104,Transaction {tx} completed in {time}ms
75525,2026-01-15,12:19:26,INFO,OrderProcessor,Page view: /home by u3497,E103,Page view: {page} by {user}
75526,2026-01-15,12:54:17,INFO,AuthService,Health check passed: AuthService,E102,Health check passed: {service}
75527,2026-01-15,12:44:11,INFO,AuthService,Transaction tx643004 completed in 1381ms,E104,Transaction {tx} completed in {time}ms
75528,2026-01-15,12:13:12,INFO,WebServer,User u3722 login successful,E101,User {user} login successful
75529,2026-01-15,12:11:17,INFO,PaymentGateway,Transaction tx330840 completed in 166ms,E104,Transaction {tx} completed in {time}ms
75530,2026-01-15,12:37:46,INFO,PaymentGateway,User u1696 login successful,E101,User {user} login successful
75531,2026-01-15,12:11:24,INFO,WebServer,Transaction tx564450 completed in 1262ms,E104,Transaction {tx} completed in {time}ms
75532,2026-01-15,12:17:28,INFO,WebServer,Transaction tx562321 completed in 1888ms,E104,Transaction {tx} completed in {time}ms
75533,2026-01-15,12:39:31,INFO,PaymentGateway,Health check passed: PaymentGateway,E102,Health check passed: {service}
75534,2026-01-15,12:07:02,INFO,PaymentGateway,Page view: /home by u4749,E103,Page view: {page} by {user}
75535,2026-01-15,12:23:57,INFO,InventoryDB,Health check passed: InventoryDB,E102,Health check passed: {service}
75536,2026-01-15,12:04:46,INFO,WebServer,Page view: /home by u3358,E103,Page view: {page} by {user}
75537,2026-01-15,12:10:26,INFO,AuthService,User u3926 login successful,E101,User {user} login successful
75538,2026-01-15,12:15:21,INFO,AuthService,Page view: /home by u4367,E103,Page view: {page} by {user}
75539,2026-01-15,12:46:05,INFO,AuthService,Transaction tx699807 completed in 1904ms,E104,Transaction {tx} completed in {time}ms
75540,2026-01-15,12:01:56,INFO,AuthService,Page view: /home by u2220,E103,Page view: {page} by {user}
75541,2026-01-15,12:28:04,INFO,WebServer,User u3705 login successful,E101,User {user} login successful
75542,2026-01-15,12:04:32,WARN,OrderProcessor,High latency (1943ms) detected on OrderProcessor,E201,High latency ({time}ms) detected on {service}
75543,2026-01-15,12:55:16,INFO,WebServer,Transaction tx773734 completed in 797ms,E104,Transaction {tx} completed in {time}ms
75544,2026-01-15,12:10:07,INFO,AuthService,User u1996 login successful,E101,User {user} login successful
75545,2026-01-15,12:50:44,INFO,AuthService,Transaction tx870867 completed in 780ms,E104,Transaction {tx} completed in {time}ms
75546,2026-01-15,12:36:44,INFO,AuthService,User u3523 login successful,E101,User {user} login successful
75547,2026-01-15,12:03:47,INFO,WebServer,Page view: /home by u3715,E103,Page view: {page} by {user}
75548,2026-01-15,12:52:35,INFO,WebServer,Transaction tx548786 completed in 1227ms,E104,Transaction {tx} completed in {time}ms
75549,2026-01-15,12:18:28,INFO,WebServer,User u1900 login successful,E101,User {user} login successful
75550,2026-01-15,12:33:04,INFO,OrderProcessor,Health check passed: OrderProcessor,E102,Health check passed: {service}
75551,2026-01-15,12:31:17,INFO,OrderProcessor,Transaction tx309364 completed in 1765ms,E104,Transaction {tx} completed in {time}ms
75552,2026-01-15,12:20:43,INFO,InventoryDB,User u4837 login successful,E101,User {user} login successful
75553,2026-01-15,12:40:08,INFO,WebServer,Health check passed: WebServer,E102,Health check passed: {service}
75554,2026-01-15,12:45:28,INFO,AuthService,Page view: /home by u2418,E103,Page view: {page} by {user}
75555,2026-01-15,12:29:29,INFO,WebServer,Transaction tx345612 completed in 1053ms,E104,Transaction {tx} completed in {time}ms
75556,2026-01-15,12:52:45,ERROR,WebServer,Timeout waiting for lock on InventoryDB,E502,Timeout waiting for lock on {db}
75557,2026-01-15,12:28:25,INFO,WebServer,Transaction tx182815 completed in 1628ms,E104,Transaction {tx} completed in {time}ms
75558,2026-01-15,12:47:50,INFO,PaymentGateway,Health check passed: PaymentGateway,E102,Health check passed: {service}
75559,2026-01-15,12:22:31,INFO,PaymentGateway,Transaction tx678694 completed in 804ms,E104,Transaction {tx} completed in {time}ms
75560,2026-01-15,12:38:11,INFO,WebServer,Health check passed: WebServer,E102,Health check passed: {service}
75561,2026-01-15,12:19:54,WARN,InventoryDB,Unauthorized access attempt from 10.0.0.45,E401,Unauthorized access attempt from {ip}
75562,2026-01-15,12:21:55,INFO,InventoryDB,User u3582 login successful,E101,User {user} login successful
75563,2026-01-15,12:30:39,INFO,WebServer,Transaction tx114423 completed in 769ms,E104,Transaction {tx} completed in {time}ms
75564,2026-01-15,12:07:05,INFO,AuthService,Page view: /home by u4784,E103,Page view: {page} by {user}
75565,2026-01-15,12:24:17,INFO,WebServer,Health check passed: WebServer,E102,Health check passed: {service}
75566,2026-01-15,12:52:46,INFO,PaymentGateway,Transaction tx172770 completed in 1420ms,E104,Transaction {tx} completed in {time}ms
75567,2026-01-15,12:54:13,INFO,WebServer,User u3174 login successful,E101,User {user} login successful
75568,2026-01-15,12:11:25,INFO,AuthService,Health check passed: AuthService,E102,Health check passed: {service}
75569,2026-01-15,12:08:38,INFO,OrderProcessor,User u4298 login successful,E101,User {user} login successful
75570,2026-01-15,12:18:35,INFO,WebServer,User u1213 login successful,E101,User {user} login successful
75571,2026-01-15,12:05:46,INFO,WebServer,Health check passed: WebServer,E102,Health check passed: {service}
75572,2026-01-15,12:47:39,INFO,WebServer,Health check passed: WebServer,E102,Health check passed: {service}
75573,2026-01-15,12:47:59,INFO,PaymentGateway,Health check passed: PaymentGateway,E102,Health check passed: {service}
75574,2026-01-15,12:30:00,INFO,WebServer,User u2995 login successful,E101,User {user} login successful
75575,2026-01-15,12:09:16,INFO,AuthService,Page view: /home by u3307,E103,Page view: {page} by {user}
75576,2026-01-15,12:19:21,INFO,PaymentGateway,Health check passed: PaymentGateway,E102,Health check passed: {service}
75577,2026-01-15,12:36:25,INFO,OrderProcessor,Page view: /home by u3370,E103,Page view: {page} by {user}
75578,2026-01-15,12:40:38,INFO,WebServer,User u3489 login successful,E101,User {user} login successful
75579,2026-01-15,12:28:06,WARN,AuthService,High latency (1173ms) detected on AuthService,E201,High latency ({time}ms) detected on {service}
75580,2026-01-15,12:27:04,INFO,PaymentGateway,User u1920 login successful,E101,User {user} login successful
75581,2026-01-15,12:08:42,INFO,WebServer,User u2199 login successful,E101,User {user} login successful
75582,2026-01-15,12:55:19,INFO,WebServer,Page view: /home by u1415,E103,Page view: {page} by {user}
75583,2026-01-15,12:17:25,INFO,InventoryDB,Transaction tx727142 completed in 243ms,E104,Transaction {tx} completed in {time}ms
75584,2026-01-15,12:59:12,INFO,WebServer,Health check passed: WebServer,E102,Health check passed: {service}
75585,2026-01-15,12:02:22,INFO,WebServer,Health check passed: WebServer,E102,Health check passed: {service}
75586,2026-01-15,12:56:21,WARN,WebServer,Disk usage > 85% on node node-4,E202,Disk usage > 85% on node {node}
75587,2026-01-15,12:16:26,WARN,AuthService,High latency (793ms) detected on AuthService,E201,High latency ({time}ms) detected on {service}
75588,2026-01-15,12:40:39,INFO,WebServer,Health check passed: WebServer,E102,Health check passed: {service}
75589,2026-01-15,12:56:46,INFO,WebServer,Health check passed: WebServer,E102,Health check passed: {service}
75590,2026-01-15,12:56:55,INFO,WebServer,Transaction tx191879 completed in 761ms,E104,Transaction {tx} completed in {time}ms
75591,2026-01-15,12:19:26,WARN,WebServer,Disk usage > 85% on node node-2,E202,Disk usage > 85% on node {node}
75592,2026-01-15,12:58:46,INFO,WebServer,Health check passed: WebServer,E102,Health check passed: {service}
75593,2026-01-15,12:15:13,INFO,PaymentGateway,Page view: /home by u2088,E103,Page view: {page} by {user}
75594,2026-01-15,12:27:55,INFO,AuthService,User u2303 login successful,E101,User {user} login successful
75595,2026-01-15,12:54:58,INFO,WebServer,Health check passed: WebServer,E102,Health check passed: {service}
75596,2026-01-15,12:56:03,INFO,WebServer,Health check passed: WebServer,E102,Health check passed: {service}
75597,2026-01-15,12:42:19,INFO,WebServer,User u3209 login successful,E101,User {user} login successful
75598,2026-01-15,12:30:51,INFO,WebServer,User u1275 login successful,E101,User {user} login successful
75599,2026-01-15,12:45:31,INFO,PaymentGateway,Transaction tx269098 completed in 409ms,E104,Transaction {tx} completed in {time}ms
75600,2026-01-15,12:47:05,INFO,WebServer,Page view: /home by u4223,E103,Page view: {page} by {user}
75601,2026-01-15,12:10:29,INFO,AuthService,Transaction tx251583 completed in 1851ms,E104,Transaction {tx} completed in {time}ms
75602,2026-01-15,12:04:09,INFO,InventoryDB,Page view: /home by u1361,E103,Page view: {page} by {user}
75603,2026-01-15,12:25:00,INFO,AuthService,User u4820 login successful,E101,User {user} login successful
75604,2026-01-15,12:13:22,INFO,WebServer,User u1353 login successful,E101,User {user} login successful
75605,2026-01-15,12:45:23,INFO,PaymentGateway,Health check passed: PaymentGateway,E102,Health check passed: {service}
75606,2026-01-15,12:17:40,INFO,AuthService,Page view: /home by u2712,E103,Page view: {page} by {user}
75607,2026-01-15,12:51:25,INFO,WebServer,Transaction tx374635 completed in 1540ms,E104,Transaction {tx} completed in {time}ms
75608,2026-01-15,12:41:53,INFO,AuthService,Transaction tx399801 completed in 126ms,E104,Transaction {tx} completed in {time}ms
75609,2026-01-15,12:11:02,INFO,WebServer,Health check passed: WebServer,E102,Health check passed: {service}
75610,2026-01-15,12:32:12,INFO,PaymentGateway,Transaction tx926179 completed in 1085ms,E104,Transaction {tx} completed in {time}ms
75611,2026-01-15,12:55:52,INFO,AuthService,Health check passed: AuthService,E102,Health check passed: {service}
75612,2026-01-15,12:03:28,INFO,WebServer,Transaction tx251864 completed in 785ms,E104,Transaction {tx} completed in {time}ms
75613,2026-01-15,12:14:06,INFO,InventoryDB,Health check passed: InventoryDB,E102,Health check passed: {service}
75614,2026-01-15,12:40:43,INFO,WebServer,User u3955 login successful,E101,User {user} login successful
75615,2026-01-15,12:43:39,INFO,PaymentGateway,Health check passed: PaymentGateway,E102,Health check passed: {service}
75616,2026-01-15,12:35:19,INFO,WebServer,Health check passed: WebServer,E102,Health check passed: {service}
75617,2026-01-15,12:14:18,INFO,WebServer,Transaction tx398177 completed in 654ms,E104,Transaction {tx} completed in {time}ms
75618,2026-01-15,12:48:11,INFO,WebServer,Health check passed: WebServer,E102,Health check passed: {service}
75619,2026-01-15,12:29:46,INFO,WebServer,User u3115 login successful,E101,User {user} login successful
75620,2026-01-15,12:02:23,WARN,OrderProcessor,High latency (1688ms) detected on OrderProcessor,E201,High latency ({time}ms) detected on {service}
75621,2026-01-15,12:42:45,INFO,AuthService,User u3117 login successful,E101,User {user} login successful
75622,2026-01-15,12:22:29,INFO,WebServer,Health check passed: WebServer,E102,Health check passed: {service}
75623,2026-01-15,12:00:48,INFO,WebServer,Transaction tx210205 completed in 275ms,E104,Transaction {tx} completed in {time}ms
75624,2026-01-15,12:20:36,INFO,PaymentGateway,Health check passed: PaymentGateway,E102,Health check passed: {service}
75625,2026-01-15,12:16:17,INFO,PaymentGateway,User u2733 login successful,E101,User {user} login successful
75626,2026-01-15,12:18:29,INFO,WebServer,User u1481 login successful,E101,User {user} login successful
75627,2026-01-15,12:43:01,INFO,PaymentGateway,Health check passed: PaymentGateway,E102,Health check passed: {service}
75628,2026-01-15,12:27:09,INFO,OrderProcessor,User u3243 login successful,E101,User {user} login successful
75629,2026-01-15,12:18:39,INFO,WebServer,Page view: /home by u1546,E103,Page view: {page} by {user}
75630,2026-01-15,12:10:31,INFO,InventoryDB,Transaction tx319963 completed in 1875ms,E104,Transaction {tx} completed in {time}ms
75631,2026-01-15,12:18:51,INFO,AuthService,Transaction tx924113 completed in 1666ms,E104,Transaction {tx} completed in {time}ms
75632,2026-01-15,12:35:39,INFO,WebServer,Page view: /home by u3542,E103,Page view: {page} by {user}
75633,2026-01-15,12:56:53,INFO,OrderProcessor,User u3307 login successful,E101,User {user} login successful
75634,2026-01-15,12:14:11,INFO,WebServer,Health check passed: WebServer,E102,Health check passed: {service}
75635,2026-01-15,12:28:54,INFO,AuthService,Health check passed: AuthService,E102,Health check passed: {service}
75636,2026-01-15,12:00:53,INFO,AuthService,Health check passed: AuthService,E102,Health check passed: {service}
75637,2026-01-15,12:47:03,INFO,WebServer,Health check passed: WebServer,E102,Health check passed: {service}
75638,2026-01-15,12:08:55,ERROR,WebServer,Timeout waiting for lock on InventoryDB,E502,Timeout waiting for lock on {db}
75639,2026-01-15,12:26:54,INFO,PaymentGateway,Transaction tx286291 completed in 519ms,E104,Transaction {tx} completed in {time}ms
75640,2026-01-15,12:45:28,INFO,PaymentGateway,User u1399 login successful,E101,User {user} login successful
75641,2026-01-15,12:49:15,INFO,WebServer,Health check passed: WebServer,E102,Health check passed: {service}
75642,2026-01-15,12:54:52,INFO,InventoryDB,Transaction tx623294 completed in 532ms,E104,Transaction {tx} completed in {time}ms
75643,2026-01-15,12:04:23,INFO,WebServer,Health check passed: WebServer,E102,Health check passed: {service}
75644,2026-01-15,12:34:19,INFO,WebServer,Transaction tx114887 completed in 1634ms,E104,Transaction {tx} completed in {time}ms
75645,2026-01-15,12:06:44,INFO,WebServer,User u3712 login successful,E101,User {user} login successful
75646,2026-01-15,12:34:14,WARN,WebServer,Unauthorized access attempt from 10.0.0.88,E401,Unauthorized access attempt from {ip}
75647,2026-01-15,12:09:38,INFO,WebServer,User u1944 login successful,E101,User {user} login successful
75648,2026-01-15,12:32:03,ERROR,InventoryDB,Payment declined: Gateway unavailable,E503,Payment declined: Gateway unavailable
75649,2026-01-15,12:35:53,INFO,WebServer,Transaction tx675768 completed in 81ms,E104,Transaction {tx} completed in {time}ms
75650,2026-01-15,12:40:36,WARN,AuthService,Unauthorized access attempt from 10.0.0.45,E401,Unauthorized access attempt from {ip}
75651,2026-01-15,12:44:23,INFO,WebServer,Transaction tx445838 completed in 591ms,E104,Transaction {tx} completed in {time}ms
75652,2026-01-15,12:12:41,INFO,OrderProcessor,Page view: /home by u4958,E103,Page view: {page} by {user}
75653,2026-01-15,12:00:21,INFO,WebServer,Health check passed: WebServer,E102,Health check passed: {service}
75654,2026-01-15,12:59:52,INFO,AuthService,Health check passed: AuthService,E102,Health check passed: {service}
75655,2026-01-15,12:45:54,ERROR,WebServer,Payment declined: Gateway unavailable,E503,Payment declined: Gateway unavailable
75656,2026-01-15,12:18:35,INFO,WebServer,Page view: /home by u3860,E103,Page view: {page} by {user}
75657,2026-01-15,12:07:01,INFO,WebServer,Health check passed: WebServer,E102,Health check passed: {service}
75658,2026-01-15,12:00:29,INFO,AuthService,Transaction tx127050 completed in 530ms,E104,Transaction {tx} completed in {time}ms
75659,2026-01-15,12:25:00,INFO,AuthService,Transaction tx161553 completed in 143ms,E104,Transaction {tx} completed in {time}ms
75660,2026-01-15,12:27:15,INFO,OrderProcessor,Transaction tx688307 completed in 565ms,E104,Transaction {tx} completed in {time}ms
75661,2026-01-15,12:38:11,INFO,InventoryDB,Health check passed: InventoryDB,E102,Health check passed: {service}
75662,2026-01-15,12:02:23,INFO,WebServer,Page view: /home by u4810,E103,Page view: {page} by {user}
75663,2026-01-15,12:49:55,INFO,PaymentGateway,User u4460 login successful,E101,User {user} login successful
75664,2026-01-15,12:05:32,INFO,OrderProcessor,Page view: /home by u4380,E103,Page view: {page} by {user}
75665,2026-01-15,12:21:36,INFO,WebServer,Page view: /home by u1611,E103,Page view: {page} by {user}
75666,2026-01-15,12:09:06,INFO,WebServer,Transaction tx671934 completed in 219ms,E104,Transaction {tx} completed in {time}ms
75667,2026-01-15,12:21:59,INFO,PaymentGateway,Transaction tx783911 completed in 259ms,E104,Transaction {tx} completed in {time}ms
75668,2026-01-15,12:50:01,INFO,WebServer,Transaction tx387552 completed in 22ms,E104,Transaction {tx} completed in {time}ms
75669,2026-01-15,12:26:06,INFO,PaymentGateway,Health check passed: PaymentGateway,E102,Health check passed: {service}
75670,2026-01-15,12:57:16,ERROR,WebServer,Connection refused to WebServer at 10.0.0.45,E501,Connection refused to {service} at {ip}
75671,2026-01-15,12:59:06,INFO,AuthService,User u4379 login successful,E101,User {user} login successful
75672,2026-01-15,12:50:11,INFO,AuthService,Page view: /home by u1464,E103,Page view: {page} by {user}
75673,2026-01-15,12:21:53,INFO,WebServer,Health check passed: WebServer,E102,Health check passed: {service}
75674,2026-01-15,12:09:09,INFO,WebServer,Page view: /home by u1466,E103,Page view: {page} by {user}
75675,2026-01-15,12:42:16,ERROR,OrderProcessor,Timeout waiting for lock on InventoryDB,E502,Timeout waiting for lock on {db}
75676,2026-01-15,12:42:16,INFO,AuthService,Page view: /home by u2931,E103,Page view: {page} by {user}
75677,2026-01-15,12:28:25,INFO,WebServer,User u1623 login successful,E101,User {user} login successful
75678,2026-01-15,12:28:35,INFO,AuthService,Transaction tx713240 completed in 437ms,E104,Transaction {tx} completed in {time}ms
75679,2026-01-15,12:06:18,INFO,WebServer,Page view: /home by u3877,E103,Page view: {page} by {user}
75680,2026-01-15,12:24:50,INFO,PaymentGateway,Transaction tx258872 completed in 1326ms,E104,Transaction {tx} completed in {time}ms
75681,2026-01-15,12:14:10,INFO,InventoryDB,User u4787 login successful,E101,User {user} login successful
75682,2026-01-15,12:59:10,INFO,WebServer,Page view: /home by u3706,E103,Page view: {page} by {user}
75683,2026-01-15,12:58:57,INFO,WebServer,Health check passed: WebServer,E102,Health check passed: {service}
75684,2026-01-15,12:19:37,INFO,PaymentGateway,User u3473 login successful,E101,User {user} login successful
75685,2026-01-15,12:06:53,INFO,WebServer,Transaction tx108067 completed in 1001ms,E104,Transaction {tx} completed in {time}ms
75686,2026-01-15,12:15:31,INFO,AuthService,Health check passed: AuthService,E102,Health check passed: {service}
75687,2026-01-15,12:44:03,INFO,WebServer,Page view: /home by u1961,E103,Page view: {page} by {user}
75688,2026-01-15,12:29:40,INFO,WebServer,Health check passed: WebServer,E102,Health check passed: {service}
75689,2026-01-15,12:59:12,INFO,AuthService,Transaction tx450484 completed in 1952ms,E104,Transaction {tx} completed in {time}ms
75690,2026-01-15,12:03:58,INFO,AuthService,Page view: /home by u1547,E103,Page view: {page} by {user}
75691,2026-01-15,12:07:16,INFO,WebServer,Health check passed: WebServer,E102,Health check passed: {service}
75692,2026-01-15,12:52:56,INFO,WebServer,User u3075 login successful,E101,User {user} login successful
75693,2026-01-15,12:48:17,INFO,WebServer,User u2817 login successful,E101,User {user} login successful
75694,2026-01-15,12:44:47,INFO,WebServer,Page view: /home by u2263,E103,Page view: {page} by {user}
75695,2026-01-15,12:26:29,INFO,InventoryDB,Health check passed: InventoryDB,E102,Health check passed: {service}
75696,2026-01-15,12:42:39,INFO,WebServer,Page view: /home by u4663,E103,Page view: {page} by {user}
75697,2026-01-15,12:11:41,INFO,WebServer,Transaction tx458693 completed in 746ms,E104,Transaction {tx} completed in {time}ms
75698,2026-01-15,12:55:43,INFO,WebServer,Health check passed: WebServer,E102,Health check passed: {service}
75699,2026-01-15,12:35:34,INFO,PaymentGateway,Transaction tx801918 completed in 1574ms,E104,Transaction {tx} completed in {time}ms
75700,2026-01-15,12:37:48,INFO,PaymentGateway,Transaction tx132836 completed in 314ms,E104,Transaction {tx} completed in {time}ms
75701,2026-01-15,12:21:55,INFO,AuthService,Health check passed: AuthService,E102,Health check passed: {service}
75702,2026-01-15,12:27:55,INFO,OrderProcessor,Transaction tx186676 completed in 1091ms,E104,Transaction {tx} completed in {time}ms
75703,2026-01-15,12:22:04,WARN,OrderProcessor,Unauthorized access attempt from 192.168.1.5,E401,Unauthorized access attempt from {ip}
75704,2026-01-15,12:11:02,INFO,AuthService,Transaction tx415543 completed in 377ms,E104,Transaction {tx} completed in {time}ms
75705,2026-01-15,12:16:53,INFO,AuthService,Health check passed: AuthService,E102,Health check passed: {service}
75706,2026-01-15,12:21:50,INFO,InventoryDB,Transaction tx212938 completed in 66ms,E104,Transaction {tx} completed in {time}ms
75707,2026-01-15,12:39:44,INFO,PaymentGateway,User u1496 login successful,E101,User {user} login successful
75708,2026-01-15,12:10:03,INFO,WebServer,Health check passed: WebServer,E102,Health check passed: {service}
75709,2026-01-15,12:20:46,INFO,WebServer,Page view: /home by u3286,E103,Page view: {page} by {user}
75710,2026-01-15,12:52:48,INFO,WebServer,Health check passed: WebServer,E102,Health check passed: {service}
75711,2026-01-15,12:17:15,WARN,AuthService,Disk usage > 85% on node node-2,E202,Disk usage > 85% on node {node}
75712,2026-01-15,12:28:02,INFO,WebServer,User u2874 login successful,E101,User {user} login successful
75713,2026-01-15,12:18:09,INFO,AuthService,User u1673 login successful,E101,User {user} login successful
75714,2026-01-15,12:01:19,INFO,WebServer,Health check passed: WebServer,E102,Health check passed: {service}
75715,2026-01-15,12:34:36,INFO,WebServer,Health check passed: WebServer,E102,Health check passed: {service}
75716,2026-01-15,12:12:58,INFO,OrderProcessor,Health check passed: OrderProcessor,E102,Health check passed: {service}
75717,2026-01-15,12:07:34,INFO,OrderProcessor,Page view: /home by u1380,E103,Page view: {page} by {user}
75718,2026-01-15,12:53:55,INFO,PaymentGateway,Transaction tx956703 completed in 119ms,E104,Transaction {tx} completed in {time}ms
75719,2026-01-15,12:42:53,INFO,AuthService,User u1831 login successful,E101,User {user} login successful
75720,2026-01-15,12:58:31,INFO,AuthService,Transaction tx930214 completed in 76ms,E104,Transaction {tx} completed in {time}ms
75721,2026-01-15,12:57:52,INFO,AuthService,Page view: /home by u1873,E103,Page view: {page} by {user}
75722,2026-01-15,12:39:40,WARN,PaymentGateway,High latency (1512ms) detected on PaymentGateway,E201,High latency ({time}ms) detected on {service}
75723,2026-01-15,12:26:42,INFO,WebServer,Health check passed: WebServer,E102,Health check passed: {service}
75724,2026-01-15,12:13:22,INFO,PaymentGateway,Health check passed: PaymentGateway,E102,Health check passed: {service}
75725,2026-01-15,12:47:26,INFO,AuthService,Page view: /home by u4899,E103,Page view: {page} by {user}
75726,2026-01-15,12:05:34,INFO,WebServer,User u2224 login successful,E101,User {user} login successful
75727,2026-01-15,12:53:01,WARN,WebServer,Disk usage > 85% on node node-3,E202,Disk usage > 85% on node {node}
75728,2026-01-15,12:48:35,INFO,PaymentGateway,Health check passed: PaymentGateway,E102,Health check passed: {service}
75729,2026-01-15,12:27:43,INFO,WebServer,User u3647 login successful,E101,User {user} login successful
75730,2026-01-15,12:29:41,INFO,WebServer,Page view: /home by u2258,E103,Page view: {page} by {user}
75731,2026-01-15,12:01:03,INFO,WebServer,Transaction tx363773 completed in 685ms,E104,Transaction {tx} completed in {time}ms
75732,2026-01-15,12:56:20,INFO,OrderProcessor,Transaction tx915993 completed in 728ms,E104,Transaction {tx} completed in {time}ms
75733,2026-01-15,12:38:41,INFO,WebServer,Transaction tx427396 completed in 1363ms,E104,Transaction {tx} completed in {time}ms
75734,2026-01-15,12:29:07,INFO,WebServer,Health check passed: WebServer,E102,Health check passed: {service}
75735,2026-01-15,12:57:44,INFO,OrderProcessor,Page view: /home by u4762,E103,Page view: {page} by {user}
75736,2026-01-15,12:51:15,INFO,OrderProcessor,Page view: /home by u2241,E103,Page view: {page} by {user}
75737,2026-01-15,12:08:39,INFO,WebServer,User u2301 login successful,E101,User {user} login successful
75738,2026-01-15,12:52:31,INFO,WebServer,Health check passed: WebServer,E102,Health check passed: {service}
75739,2026-01-15,12:19:00,INFO,OrderProcessor,User u2437 login successful,E101,User {user} login successful
75740,2026-01-15,12:49:54,WARN,OrderProcessor,Unauthorized access attempt from 10.0.0.45,E401,Unauthorized access attempt from {ip}
75741,2026-01-15,12:35:47,INFO,AuthService,Page view: /home by u4605,E103,Page view: {page} by {user}
75742,2026-01-15,12:28:36,INFO,WebServer,Transaction tx266641 completed in 732ms,E104,Transaction {tx} completed in {time}ms
75743,2026-01-15,12:24:31,INFO,WebServer,User u2896 login successful,E101,User {user} login successful
75744,2026-01-15,12:14:55,INFO,AuthService,Health check passed: AuthService,E102,Health check passed: {service}
75745,2026-01-15,12:54:32,INFO,WebServer,Health check passed: WebServer,E102,Health check passed: {service}
75746,2026-01-15,12:26:56,INFO,WebServer,Page view: /home by u3689,E103,Page view: {page} by {user}
75747,2026-01-15,12:28:16,INFO,OrderProcessor,Health check passed: OrderProcessor,E102,Health check passed: {service}
75748,2026-01-15,12:01:06,INFO,WebServer,Transaction tx834740 completed in 1392ms,E104,Transaction {tx} completed in {time}ms
75749,2026-01-15,12:42:09,INFO,AuthService,Page view: /home by u2915,E103,Page view: {page} by {user}
75750,2026-01-15,12:36:44,INFO,PaymentGateway,Health check passed: PaymentGateway,E102,Health check passed: {service}
75751,2026-01-15,12:49:06,INFO,WebServer,Page view: /home by u4119,E103,Page view: {page} by {user}
75752,2026-01-15,12:01:14,INFO,WebServer,Page view: /home by u4186,E103,Page view: {page} by {user}
75753,2026-01-15,12:56:03,INFO,OrderProcessor,User u4082 login successful,E101,User {user} login successful
75754,2026-01-15,12:16:07,INFO,WebServer,Transaction tx943931 completed in 309ms,E104,Transaction {tx} completed in {time}ms
75755,2026-01-15,12:32:10,INFO,AuthService,Health check passed: AuthService,E102,Health check passed: {service}
75756,2026-01-15,12:02:47,INFO,WebServer,Transaction tx572457 completed in 871ms,E104,Transaction {tx} completed in {time}ms
75757,2026-01-15,12:16:37,INFO,AuthService,Transaction tx638586 completed in 173ms,E104,Transaction {tx} completed in {time}ms
75758,2026-01-15,12:51:30,INFO,WebServer,Health check passed: WebServer,E102,Health check passed: {service}
75759,2026-01-15,12:43:58,INFO,AuthService,Page view: /home by u2812,E103,Page view: {page} by {user}
75760,2026-01-15,12:26:34,INFO,WebServer,Transaction tx840097 completed in 676ms,E104,Transaction {tx} completed in {time}ms
75761,2026-01-15,12:12:29,INFO,OrderProcessor,User u4639 login successful,E101,User {user} login successful
75762,2026-01-15,12:13:16,INFO,WebServer,Transaction tx733756 completed in 1343ms,E104,Transaction {tx} completed in {time}ms
75763,2026-01-15,12:17:20,INFO,PaymentGateway,Transaction tx285795 completed in 1540ms,E104,Transaction {tx} completed in {time}ms
75764,2026-01-15,12:23:08,INFO,InventoryDB,Transaction tx524136 completed in 273ms,E104,Transaction {tx} completed in {time}ms
75765,2026-01-15,12:06:03,INFO,WebServer,Page view: /home by u3967,E103,Page view: {page} by {user}
75766,2026-01-15,12:58:53,INFO,WebServer,User u4144 login successful,E101,User {user} login successful
75767,2026-01-15,12:44:43,ERROR,WebServer,Payment declined: Gateway unavailable,E503,Payment declined: Gateway unavailable
75768,2026-01-15,12:56:48,INFO,WebServer,Page view: /home by u4015,E103,Page view: {page} by {user}
75769,2026-01-15,12:27:43,WARN,WebServer,Unauthorized access attempt from 10.0.0.45,E401,Unauthorized access attempt from {ip}
75770,2026-01-15,12:07:04,INFO,AuthService,Page view: /home by u4083,E103,Page view: {page} by {user}
75771,2026-01-15,12:55:24,INFO,OrderProcessor,Health check passed: OrderProcessor,E102,Health check passed: {service}
75772,2026-01-15,12:30:48,INFO,OrderProcessor,Page view: /home by u4794,E103,Page view: {page} by {user}
75773,2026-01-15,12:05:57,WARN,WebServer,High latency (629ms) detected on WebServer,E201,High latency ({time}ms) detected on {service}
75774,2026-01-15,12:23:29,INFO,WebServer,Health check passed: WebServer,E102,Health check passed: {service}
75775,2026-01-15,12:39:14,INFO,InventoryDB,User u2770 login successful,E101,User {user} login successful
75776,2026-01-15,12:36:40,INFO,WebServer,Transaction tx830359 completed in 1540ms,E104,Transaction {tx} completed in {time}ms
75777,2026-01-15,12:20:26,INFO,WebServer,Page view: /home by u2621,E103,Page view: {page} by {user}
75778,2026-01-15,12:00:56,INFO,AuthService,User u1581 login successful,E101,User {user} login successful
75779,2026-01-15,12:03:36,INFO,WebServer,Page view: /home by u2317,E103,Page view: {page} by {user}
75780,2026-01-15,12:00:57,INFO,WebServer,Transaction tx644120 completed in 1419ms,E104,Transaction {tx} completed in {time}ms
75781,2026-01-15,12:54:38,INFO,OrderProcessor,Page view: /home by u3579,E103,Page view: {page} by {user}
75782,2026-01-15,12:49:46,ERROR,WebServer,Timeout waiting for lock on InventoryDB,E502,Timeout waiting for lock on {db}
75783,2026-01-15,12:33:40,INFO,WebServer,Health check passed: WebServer,E102,Health check passed: {service}
75784,2026-01-15,12:49:50,WARN,WebServer,Unauthorized access attempt from 10.0.0.88,E401,Unauthorized access attempt from {ip}
75785,2026-01-15,12:39:26,INFO,AuthService,Page view: /home by u2196,E103,Page view: {page} by {user}
75786,2026-01-15,13:31:37,INFO,WebServer,Page view: /home by u3960,E103,Page view: {page} by {user}
75787,2026-01-15,13:03:30,INFO,WebServer,Page view: /home by u2471,E103,Page view: {page} by {user}
75788,2026-01-15,13:01:54,INFO,WebServer,Page view: /home by u1103,E103,Page view: {page} by {user}
75789,2026-01-15,13:45:25,INFO,WebServer,Page view: /home by u1651,E103,Page view: {page} by {user}
75790,2026-01-15,13:06:20,INFO,OrderProcessor,User u1729 login successful,E101,User {user} login successful
75791,2026-01-15,13:02:36,INFO,WebServer,User u3341 login successful,E101,User {user} login successful
75792,2026-01-15,13:41:42,INFO,PaymentGateway,Transaction tx419755 completed in 36ms,E104,Transaction {tx} completed in {time}ms
75793,2026-01-15,13:21:12,INFO,AuthService,Health check passed: AuthService,E102,Health check passed: {service}
75794,2026-01-15,13:58:27,WARN,WebServer,High latency (1471ms) detected on WebServer,E201,High latency ({time}ms) detected on {service}
75795,2026-01-15,13:21:10,INFO,WebServer,Transaction tx510943 completed in 1853ms,E104,Transaction {tx} completed in {time}ms
75796,2026-01-15,13:16:12,INFO,WebServer,Health check passed: WebServer,E102,Health check passed: {service}
75797,2026-01-15,13:53:24,INFO,WebServer,Page view: /home by u2945,E103,Page view: {page} by {user}
75798,2026-01-15,13:32:44,INFO,AuthService,Page view: /home by u2059,E103,Page view: {page} by {user}
75799,2026-01-15,13:26:49,INFO,WebServer,Page view: /home by u3995,E103,Page view: {page} by {user}
75800,2026-01-15,13:00:30,INFO,WebServer,Health check passed: WebServer,E102,Health check passed: {service}
75801,2026-01-15,13:30:05,INFO,OrderProcessor,User u4373 login successful,E101,User {user} login successful
75802,2026-01-15,13:01:55,INFO,WebServer,Health check passed: WebServer,E102,Health check passed: {service}
75803,2026-01-15,13:56:02,INFO,OrderProcessor,Transaction tx288431 completed in 1986ms,E104,Transaction {tx} completed in {time}ms
75804,2026-01-15,13:25:43,INFO,OrderProcessor,Health check passed: OrderProcessor,E102,Health check passed: {service}
75805,2026-01-15,13:46:38,INFO,OrderProcessor,Page view: /home by u4731,E103,Page view: {page} by {user}
75806,2026-01-15,13:12:48,ERROR,PaymentGateway,Connection refused to PaymentGateway at 10.0.0.45,E501,Connection refused to {service} at {ip}
75807,2026-01-15,13:33:37,INFO,WebServer,Page view: /home by u2743,E103,Page view: {page} by {user}
75808,2026-01-15,13:31:25,INFO,WebServer,User u3347 login successful,E101,User {user} login successful
75809,2026-01-15,13:51:56,INFO,WebServer,Transaction tx409175 completed in 1141ms,E104,Transaction {tx} completed in {time}ms
75810,2026-01-15,13:51:58,INFO,AuthService,Health check passed: AuthService,E102,Health check passed: {service}
75811,2026-01-15,13:48:18,INFO,WebServer,Health check passed: WebServer,E102,Health check passed: {service}
75812,2026-01-15,13:55:16,INFO,OrderProcessor,Health check passed: OrderProcessor,E102,Health check passed: {service}
75813,2026-01-15,13:12:45,INFO,AuthService,Health check passed: AuthService,E102,Health check passed: {service}
75814,2026-01-15,13:28:35,WARN,PaymentGateway,High latency (789ms) detected on PaymentGateway,E201,High latency ({time}ms) detected on {service}
75815,2026-01-15,13:58:32,INFO,WebServer,Health check passed: WebServer,E102,Health check passed: {service}
75816,2026-01-15,13:20:51,INFO,WebServer,User u1240 login successful,E101,User {user} login successful
75817,2026-01-15,13:11:34,INFO,WebServer,User u3831 login successful,E101,User {user} login successful
75818,2026-01-15,13:46:28,INFO,WebServer,User u2624 login successful,E101,User {user} login successful
75819,2026-01-15,13:56:29,INFO,WebServer,Health check passed: WebServer,E102,Health check passed: {service}
75820,2026-01-15,13:43:00,INFO,AuthService,Page view: /home by u1038,E103,Page view: {page} by {user}
75821,2026-01-15,13:48:25,INFO,WebServer,Health check passed: WebServer,E102,Health check passed: {service}
75822,2026-01-15,13:00:59,INFO,WebServer,Transaction tx217155 completed in 118ms,E104,Transaction {tx} completed in {time}ms
75823,2026-01-15,13:32:48,INFO,AuthService,Health check passed: AuthService,E102,Health check passed: {service}
75824,2026-01-15,13:30:14,INFO,InventoryDB,Page view: /home by u1741,E103,Page view: {page} by {user}
75825,2026-01-15,13:08:26,INFO,WebServer,User u4513 login successful,E101,User {user} login successful
75826,2026-01-15,13:12:26,CRITICAL,WebServer,DATA CORRUPTION detected in sector 455,E602,DATA CORRUPTION detected in sector {sector}
75827,2026-01-15,13:17:56,INFO,WebServer,Page view: /home by u4255,E103,Page view: {page} by {user}
75828,2026-01-15,13:52:15,INFO,OrderProcessor,User u3122 login successful,E101,User {user} login successful
75829,2026-01-15,13:29:53,INFO,OrderProcessor,User u1198 login successful,E101,User {user} login successful
75830,2026-01-15,13:51:59,INFO,WebServer,User u2912 login successful,E101,User {user} login successful
75831,2026-01-15,13:14:38,INFO,PaymentGateway,Health check passed: PaymentGateway,E102,Health check passed: {service}
75832,2026-01-15,13:21:12,INFO,WebServer,Transaction tx610658 completed in 1645ms,E104,Transaction {tx} completed in {time}ms
75833,2026-01-15,13:32:31,INFO,WebServer,Transaction tx191702 completed in 1918ms,E104,Transaction {tx} completed in {time}ms
75834,2026-01-15,13:06:58,INFO,WebServer,User u3954 login successful,E101,User {user} login successful
75835,2026-01-15,13:49:48,INFO,WebServer,Page view: /home by u3804,E103,Page view: {page} by {user}
75836,2026-01-15,13:22:54,INFO,WebServer,Health check passed: WebServer,E102,Health check passed: {service}
75837,2026-01-15,13:46:20,INFO,OrderProcessor,Health check passed: OrderProcessor,E102,Health check passed: {service}
75838,2026-01-15,13:32:15,INFO,WebServer,Transaction tx928951 completed in 918ms,E104,Transaction {tx} completed in {time}ms
75839,2026-01-15,13:53:36,INFO,WebServer,Transaction tx339715 completed in 176ms,E104,Transaction {tx} completed in {time}ms
75840,2026-01-15,13:34:34,INFO,AuthService,User u2565 login successful,E101,User {user} login successful
75841,2026-01-15,13:40:21,INFO,OrderProcessor,Health check passed: OrderProcessor,E102,Health check passed: {service}
75842,2026-01-15,13:13:36,INFO,AuthService,User u4626 login successful,E101,User {user} login successful
75843,2026-01-15,13:13:33,INFO,AuthService,Page view: /home by u4750,E103,Page view: {page} by {user}
75844,2026-01-15,13:49:22,INFO,OrderProcessor,Page view: /home by u1443,E103,Page view: {page} by {user}
75845,2026-01-15,13:12:38,INFO,OrderProcessor,User u1442 login successful,E101,User {user} login successful
75846,2026-01-15,13:29:13,INFO,WebServer,Page view: /home by u4391,E103,Page view: {page} by {user}
75847,2026-01-15,13:58:14,INFO,WebServer,Transaction tx318096 completed in 225ms,E104,Transaction {tx} completed in {time}ms
75848,2026-01-15,13:12:30,INFO,AuthService,Transaction tx372631 completed in 254ms,E104,Transaction {tx} completed in {time}ms
75849,2026-01-15,13:25:19,ERROR,WebServer,Payment declined: Gateway unavailable,E503,Payment declined: Gateway unavailable
75850,2026-01-15,13:44:03,INFO,WebServer,Transaction tx420280 completed in 1290ms,E104,Transaction {tx} completed in {time}ms
75851,2026-01-15,13:51:24,INFO,OrderProcessor,Transaction tx548707 completed in 122ms,E104,Transaction {tx} completed in {time}ms
75852,2026-01-15,13:15:39,INFO,WebServer,Transaction tx482133 completed in 1860ms,E104,Transaction {tx} completed in {time}ms
75853,2026-01-15,13:36:35,INFO,PaymentGateway,Transaction tx860320 completed in 295ms,E104,Transaction {tx} completed in {time}ms
75854,2026-01-15,13:17:48,INFO,WebServer,Page view: /home by u1986,E103,Page view: {page} by {user}
75855,2026-01-15,13:57:40,INFO,AuthService,Transaction tx391583 completed in 761ms,E104,Transaction {tx} completed in {time}ms
75856,2026-01-15,13:54:48,INFO,OrderProcessor,Health check passed: OrderProcessor,E102,Health check passed: {service}
75857,2026-01-15,13:46:53,INFO,WebServer,Page view: /home by u4649,E103,Page view: {page} by {user}
75858,2026-01-15,13:37:43,INFO,OrderProcessor,Transaction tx139768 completed in 1096ms,E104,Transaction {tx} completed in {time}ms
75859,2026-01-15,13:44:20,INFO,WebServer,Transaction tx243485 completed in 1631ms,E104,Transaction {tx} completed in {time}ms
75860,2026-01-15,13:25:22,INFO,WebServer,User u4340 login successful,E101,User {user} login successful
75861,2026-01-15,13:30:50,INFO,WebServer,Health check passed: WebServer,E102,Health check passed: {service}
75862,2026-01-15,13:06:39,WARN,WebServer,High latency (1519ms) detected on WebServer,E201,High latency ({time}ms) detected on {service}
75863,2026-01-15,13:42:48,INFO,AuthService,Health check passed: AuthService,E102,Health check passed: {service}
75864,2026-01-15,13:00:17,INFO,AuthService,Health check passed: AuthService,E102,Health check passed: {service}
75865,2026-01-15,13:08:50,INFO,WebServer,Transaction tx842134 completed in 1519ms,E104,Transaction {tx} completed in {time}ms
75866,2026-01-15,13:21:51,INFO,WebServer,Page view: /home by u3425,E103,Page view: {page} by {user}
75867,2026-01-15,13:36:26,INFO,WebServer,Transaction tx473660 completed in 1798ms,E104,Transaction {tx} completed in {time}ms
75868,2026-01-15,13:32:59,INFO,OrderProcessor,Health check passed: OrderProcessor,E102,Health check passed: {service}
75869,2026-01-15,13:40:00,INFO,WebServer,Health check passed: WebServer,E102,Health check passed: {service}
75870,2026-01-15,13:34:04,INFO,OrderProcessor,Transaction tx361490 completed in 1396ms,E104,Transaction {tx} completed in {time}ms
75871,2026-01-15,13:21:48,INFO,WebServer,Health check passed: WebServer,E102,Health check passed: {service}
75872,2026-01-15,13:21:27,INFO,WebServer,Page view: /home by u3567,E103,Page view: {page} by {user}
75873,2026-01-15,13:04:56,INFO,OrderProcessor,Health check passed: OrderProcessor,E102,Health check passed: {service}
75874,2026-01-15,13:55:57,INFO,AuthService,Health check passed: AuthService,E102,Health check passed: {service}
75875,2026-01-15,13:02:02,INFO,WebServer,Page view: /home by u2828,E103,Page view: {page} by {user}
75876,2026-01-15,13:02:38,INFO,AuthService,User u3087 login successful,E101,User {user} login successful
75877,2026-01-15,13:22:04,INFO,WebServer,Transaction tx559146 completed in 355ms,E104,Transaction {tx} completed in {time}ms
75878,2026-01-15,13:25:08,INFO,WebServer,Health check passed: WebServer,E102,Health check passed: {service}
75879,2026-01-15,13:54:19,INFO,AuthService,User u1925 login successful,E101,User {user} login successful
75880,2026-01-15,13:47:45,INFO,PaymentGateway,Health check passed: PaymentGateway,E102,Health check passed: {service}
75881,2026-01-15,13:57:24,INFO,PaymentGateway,Transaction tx675571 completed in 1263ms,E104,Transaction {tx} completed in {time}ms
75882,2026-01-15,13:07:29,WARN,AuthService,Disk usage > 85% on node node-2,E202,Disk usage > 85% on node {node}
75883,2026-01-15,13:06:45,INFO,WebServer,Transaction tx681474 completed in 1037ms,E104,Transaction {tx} completed in {time}ms
75884,2026-01-15,13:56:33,WARN,AuthService,High latency (1718ms) detected on AuthService,E201,High latency ({time}ms) detected on {service}
75885,2026-01-15,13:59:28,INFO,WebServer,Page view: /home by u2095,E103,Page view: {page} by {user}
75886,2026-01-15,13:37:34,INFO,WebServer,Transaction tx145148 completed in 282ms,E104,Transaction {tx} completed in {time}ms
75887,2026-01-15,13:19:48,INFO,WebServer,Page view: /home by u4965,E103,Page view: {page} by {user}
75888,2026-01-15,13:42:48,INFO,WebServer,User u4859 login successful,E101,User {user} login successful
75889,2026-01-15,13:58:36,INFO,InventoryDB,Transaction tx493763 completed in 717ms,E104,Transaction {tx} completed in {time}ms
75890,2026-01-15,13:23:13,INFO,WebServer,Page view: /home by u1999,E103,Page view: {page} by {user}
75891,2026-01-15,13:22:25,INFO,OrderProcessor,Health check passed: OrderProcessor,E102,Health check passed: {service}
75892,2026-01-15,13:37:24,WARN,WebServer,High latency (100ms) detected on WebServer,E201,High latency ({time}ms) detected on {service}
75893,2026-01-15,13:59:43,INFO,PaymentGateway,Health check passed: PaymentGateway,E102,Health check passed: {service}
75894,2026-01-15,13:57:12,INFO,WebServer,Page view: /home by u3666,E103,Page view: {page} by {user}
75895,2026-01-15,13:23:32,INFO,WebServer,User u3573 login successful,E101,User {user} login successful
75896,2026-01-15,13:29:27,INFO,WebServer,Transaction tx625193 completed in 378ms,E104,Transaction {tx} completed in {time}ms
75897,2026-01-15,13:31:59,INFO,WebServer,Health check passed: WebServer,E102,Health check passed: {service}
75898,2026-01-15,13:04:04,INFO,WebServer,User u4935 login successful,E101,User {user} login successful
75899,2026-01-15,13:58:13,INFO,WebServer,Transaction tx193919 completed in 236ms,E104,Transaction {tx} completed in {time}ms
75900,2026-01-15,13:45:56,INFO,WebServer,User u4550 login successful,E101,User {user} login successful
75901,2026-01-15,13:59:13,INFO,WebServer,Transaction tx825082 completed in 1729ms,E104,Transaction {tx} completed in {time}ms
75902,2026-01-15,13:41:13,INFO,WebServer,User u1690 login successful,E101,User {user} login successful
75903,2026-01-15,13:24:45,INFO,WebServer,User u3256 login successful,E101,User {user} login successful
75904,2026-01-15,13:38:20,INFO,OrderProcessor,Page view: /home by u4576,E103,Page view: {page} by {user}
75905,2026-01-15,13:10:35,INFO,WebServer,Health check passed: WebServer,E102,Health check passed: {service}
75906,2026-01-15,13:57:13,INFO,WebServer,Page view: /home by u3692,E103,Page view: {page} by {user}
75907,2026-01-15,13:23:23,INFO,OrderProcessor,Health check passed: OrderProcessor,E102,Health check passed: {service}
75908,2026-01-15,13:28:03,INFO,OrderProcessor,Transaction tx737940 completed in 1564ms,E104,Transaction {tx} completed in {time}ms
75909,2026-01-15,13:40:34,INFO,PaymentGateway,User u1716 login successful,E101,User {user} login successful
75910,2026-01-15,13:36:01,INFO,PaymentGateway,User u2057 login successful,E101,User {user} login successful
75911,2026-01-15,13:28:40,INFO,PaymentGateway,User u3427 login successful,E101,User {user} login successful
75912,2026-01-15,13:22:10,INFO,OrderProcessor,Page view: /home by u1288,E103,Page view: {page} by {user}
75913,2026-01-15,13:33:33,INFO,OrderProcessor,User u1347 login successful,E101,User {user} login successful
75914,2026-01-15,13:27:35,INFO,PaymentGateway,User u3185 login successful,E101,User {user} login successful
75915,2026-01-15,13:11:02,INFO,AuthService,User u3318 login successful,E101,User {user} login successful
75916,2026-01-15,13:52:47,INFO,PaymentGateway,User u1054 login successful,E101,User {user} login successful
75917,2026-01-15,13:18:25,INFO,WebServer,User u3806 login successful,E101,User {user} login successful
75918,2026-01-15,13:58:19,INFO,InventoryDB,User u4185 login successful,E101,User {user} login successful
75919,2026-01-15,13:24:05,INFO,WebServer,Transaction tx200081 completed in 336ms,E104,Transaction {tx} completed in {time}ms
75920,2026-01-15,13:11:52,INFO,AuthService,Health check passed: AuthService,E102,Health check passed: {service}
75921,2026-01-15,13:23:20,INFO,WebServer,Health check passed: WebServer,E102,Health check passed: {service}
75922,2026-01-15,13:39:53,WARN,OrderProcessor,High latency (1388ms) detected on OrderProcessor,E201,High latency ({time}ms) detected on {service}
75923,2026-01-15,13:21:39,INFO,WebServer,User u1717 login successful,E101,User {user} login successful
75924,2026-01-15,13:14:46,INFO,PaymentGateway,User u4814 login successful,E101,User {user} login successful
75925,2026-01-15,13:34:51,INFO,WebServer,Health check passed: WebServer,E102,Health check passed: {service}
75926,2026-01-15,13:13:14,INFO,WebServer,User u1488 login successful,E101,User {user} login successful
75927,2026-01-15,13:21:41,INFO,WebServer,Page view: /home by u2430,E103,Page view: {page} by {user}
75928,2026-01-15,13:42:38,WARN,AuthService,Disk usage > 85% on node node-2,E202,Disk usage > 85% on node {node}
75929,2026-01-15,13:08:20,INFO,WebServer,Health check passed: WebServer,E102,Health check passed: {service}
75930,2026-01-15,13:12:50,INFO,WebServer,User u2283 login successful,E101,User {user} login successful
75931,2026-01-15,13:08:35,INFO,WebServer,Page view: /home by u2185,E103,Page view: {page} by {user}
75932,2026-01-15,13:24:18,INFO,WebServer,Transaction tx916610 completed in 702ms,E104,Transaction {tx} completed in {time}ms
75933,2026-01-15,13:52:21,INFO,OrderProcessor,Page view: /home by u4434,E103,Page view: {page} by {user}
75934,2026-01-15,13:08:14,INFO,WebServer,Page view: /home by u4757,E103,Page view: {page} by {user}
75935,2026-01-15,13:13:09,WARN,OrderProcessor,Unauthorized access attempt from 10.0.0.12,E401,Unauthorized access attempt from {ip}
75936,2026-01-15,13:12:20,INFO,OrderProcessor,User u4731 login successful,E101,User {user} login successful
75937,2026-01-15,13:59:27,INFO,WebServer,Transaction tx628667 completed in 1942ms,E104,Transaction {tx} completed in {time}ms
75938,2026-01-15,13:08:32,INFO,OrderProcessor,Health check passed: OrderProcessor,E102,Health check passed: {service}
75939,2026-01-15,13:02:33,INFO,WebServer,User u3657 login successful,E101,User {user} login successful
75940,2026-01-15,13:06:21,INFO,OrderProcessor,User u2738 login successful,E101,User {user} login successful
75941,2026-01-15,13:55:11,INFO,OrderProcessor,Health check passed: OrderProcessor,E102,Health check passed: {service}
75942,2026-01-15,13:38:29,INFO,AuthService,Health check passed: AuthService,E102,Health check passed: {service}
75943,2026-01-15,13:14:52,INFO,PaymentGateway,User u4298 login successful,E101,User {user} login successful
75944,2026-01-15,13:01:27,INFO,WebServer,Page view: /home by u2470,E103,Page view: {page} by {user}
75945,2026-01-15,13:54:46,WARN,PaymentGateway,High latency (381ms) detected on PaymentGateway,E201,High latency ({time}ms) detected on {service}
75946,2026-01-15,13:08:47,INFO,PaymentGateway,Page view: /home by u2554,E103,Page view: {page} by {user}
75947,2026-01-15,13:33:50,INFO,WebServer,User u1730 login successful,E101,User {user} login successful
75948,2026-01-15,13:58:29,INFO,OrderProcessor,Transaction tx691104 completed in 1829ms,E104,Transaction {tx} completed in {time}ms
75949,2026-01-15,13:03:47,INFO,AuthService,Health check passed: AuthService,E102,Health check passed: {service}
75950,2026-01-15,13:14:32,INFO,WebServer,User u2328 login successful,E101,User {user} login successful
75951,2026-01-15,13:36:44,INFO,PaymentGateway,Transaction tx510097 completed in 1129ms,E104,Transaction {tx} completed in {time}ms
75952,2026-01-15,13:19:20,INFO,AuthService,Page view: /home by u2275,E103,Page view: {page} by {user}
75953,2026-01-15,13:30:49,INFO,WebServer,User u2162 login successful,E101,User {user} login successful
75954,2026-01-15,13:47:49,INFO,WebServer,Health check passed: WebServer,E102,Health check passed: {service}
75955,2026-01-15,13:32:35,INFO,PaymentGateway,Page view: /home by u1677,E103,Page view: {page} by {user}
75956,2026-01-15,13:25:42,INFO,OrderProcessor,User u4407 login successful,E101,User {user} login successful
75957,2026-01-15,13:21:07,INFO,AuthService,Page view: /home by u3421,E103,Page view: {page} by {user}
75958,2026-01-15,13:19:30,INFO,AuthService,User u2665 login successful,E101,User {user} login successful
75959,2026-01-15,13:43:00,INFO,WebServer,Health check passed: WebServer,E102,Health check passed: {service}
75960,2026-01-15,13:46:56,INFO,OrderProcessor,Page view: /home by u4431,E103,Page view: {page} by {user}
75961,2026-01-15,13:02:32,INFO,AuthService,Health check passed: AuthService,E102,Health check passed: {service}
75962,2026-01-15,13:23:29,INFO,AuthService,Page view: /home by u4146,E103,Page view: {page} by {user}
75963,2026-01-15,13:08:30,INFO,WebServer,Health check passed: WebServer,E102,Health check passed: {service}
75964,2026-01-15,13:26:36,ERROR,OrderProcessor,Connection refused to OrderProcessor at 10.0.0.45,E501,Connection refused to {service} at {ip}
75965,2026-01-15,13:07:21,INFO,WebServer,Page view: /home by u2918,E103,Page view: {page} by {user}
75966,2026-01-15,13:19:12,INFO,WebServer,User u3661 login successful,E101,User {user} login successful
75967,2026-01-15,13:10:27,INFO,WebServer,Page view: /home by u3483,E103,Page view: {page} by {user}
75968,2026-01-15,13:06:29,INFO,InventoryDB,Page view: /home by u2009,E103,Page view: {page} by {user}
75969,2026-01-15,13:34:52,INFO,WebServer,User u1666 login successful,E101,User {user} login successful
75970,2026-01-15,13:02:36,INFO,WebServer,Page view: /home by u1221,E103,Page view: {page} by {user}
75971,2026-01-15,13:52:49,INFO,PaymentGateway,Health check passed: PaymentGateway,E102,Health check passed: {service}
75972,2026-01-15,13:52:20,INFO,WebServer,Page view: /home by u2283,E103,Page view: {page} by {user}
75973,2026-01-15,13:34:47,INFO,WebServer,User u4580 login successful,E101,User {user} login successful
75974,2026-01-15,13:06:56,INFO,OrderProcessor,User u4063 login successful,E101,User {user} login successful
75975,2026-01-15,13:35:51,INFO,AuthService,User u4158 login successful,E101,User {user} login successful
75976,2026-01-15,13:29:37,INFO,OrderProcessor,Transaction tx339349 completed in 1850ms,E104,Transaction {tx} completed in {time}ms
75977,2026-01-15,13:42:05,INFO,WebServer,Health check passed: WebServer,E102,Health check passed: {service}
75978,2026-01-15,13:31:44,INFO,WebServer,User u1072 login successful,E101,User {user} login successful
75979,2026-01-15,13:17:06,INFO,PaymentGateway,User u1639 login successful,E101,User {user} login successful
75980,2026-01-15,13:18:47,INFO,WebServer,Health check passed: WebServer,E102,Health check passed: {service}
75981,2026-01-15,13:23:11,INFO,OrderProcessor,Health check passed: OrderProcessor,E102,Health check passed: {service}
75982,2026-01-15,13:24:00,INFO,WebServer,Health check passed: WebServer,E102,Health check passed: {service}
75983,2026-01-15,13:32:27,INFO,WebServer,Health check passed: WebServer,E102,Health check passed: {service}
75984,2026-01-15,13:13:00,INFO,WebServer,Health check passed: WebServer,E102,Health check passed: {service}
75985,2026-01-15,13:01:45,INFO,InventoryDB,Transaction tx836945 completed in 1079ms,E104,Transaction {tx} completed in {time}ms
75986,2026-01-15,13:27:25,INFO,AuthService,Health check passed: AuthService,E102,Health check passed: {service}
75987,2026-01-15,13:19:24,INFO,AuthService,Transaction tx304455 completed in 1604ms,E104,Transaction {tx} completed in {time}ms
75988,2026-01-15,13:10:05,INFO,OrderProcessor,Transaction tx728332 completed in 1868ms,E104,Transaction {tx} completed in {time}ms
75989,2026-01-15,13:33:06,INFO,AuthService,Health check passed: AuthService,E102,Health check passed: {service}
75990,2026-01-15,13:47:12,INFO,WebServer,User u4612 login successful,E101,User {user} login successful
75991,2026-01-15,13:53:03,INFO,AuthService,Health check passed: AuthService,E102,Health check passed: {service}
75992,2026-01-15,13:54:58,INFO,WebServer,Health check passed: WebServer,E102,Health check passed: {service}
75993,2026-01-15,13:04:12,INFO,WebServer,Page view: /home by u2404,E103,Page view: {page} by {user}
75994,2026-01-15,13:55:05,WARN,OrderProcessor,High latency (1246ms) detected on OrderProcessor,E201,High latency ({time}ms) detected on {service}
75995,2026-01-15,13:34:55,INFO,WebServer,Transaction tx257990 completed in 702ms,E104,Transaction {tx} completed in {time}ms
75996,2026-01-15,13:29:25,INFO,WebServer,Health check passed: WebServer,E102,Health check passed: {service}
75997,2026-01-15,13:46:12,INFO,PaymentGateway,User u3200 login successful,E101,User {user} login successful
75998,2026-01-15,13:24:57,INFO,WebServer,Page view: /home by u4041,E103,Page view: {page} by {user}
75999,2026-01-15,13:34:52,INFO,AuthService,Health check passed: AuthService,E102,Health check passed: {service}
76000,2026-01-15,13:36:39,WARN,AuthService,Disk usage > 85% on node node-4,E202,Disk usage > 85% on node {node}
76001,2026-01-15,13:58:13,WARN,PaymentGateway,Disk usage > 85% on node node-4,E202,Disk usage > 85% on node {node}
76002,2026-01-15,13:18:04,INFO,WebServer,Page view: /home by u2845,E103,Page view: {page} by {user}
76003,2026-01-15,13:12:11,INFO,OrderProcessor,User u2168 login successful,E101,User {user} login successful
76004,2026-01-15,13:43:49,INFO,InventoryDB,Transaction tx910897 completed in 1637ms,E104,Transaction {tx} completed in {time}ms
76005,2026-01-15,13:48:58,INFO,AuthService,Transaction tx181531 completed in 633ms,E104,Transaction {tx} completed in {time}ms
76006,2026-01-15,13:40:05,INFO,OrderProcessor,Page view: /home by u2564,E103,Page view: {page} by {user}
76007,2026-01-15,13:08:03,INFO,OrderProcessor,Transaction tx253352 completed in 1991ms,E104,Transaction {tx} completed in {time}ms
76008,2026-01-15,13:25:27,INFO,WebServer,User u2596 login successful,E101,User {user} login successful
76009,2026-01-15,13:31:38,INFO,WebServer,Page view: /home by u2487,E103,Page view: {page} by {user}
76010,2026-01-15,13:30:10,INFO,WebServer,Transaction tx179756 completed in 540ms,E104,Transaction {tx} completed in {time}ms
76011,2026-01-15,13:04:09,INFO,WebServer,Health check passed: WebServer,E102,Health check passed: {service}
76012,2026-01-15,13:44:25,INFO,InventoryDB,Health check passed: InventoryDB,E102,Health check passed: {service}
76013,2026-01-15,13:50:20,INFO,OrderProcessor,Page view: /home by u2916,E103,Page view: {page} by {user}
76014,2026-01-15,13:25:19,INFO,OrderProcessor,Page view: /home by u1066,E103,Page view: {page} by {user}
76015,2026-01-15,13:49:02,INFO,WebServer,Health check passed: WebServer,E102,Health check passed: {service}
76016,2026-01-15,13:13:36,INFO,WebServer,Health check passed: WebServer,E102,Health check passed: {service}
76017,2026-01-15,13:19:22,INFO,PaymentGateway,Page view: /home by u2622,E103,Page view: {page} by {user}
76018,2026-01-15,13:35:24,INFO,WebServer,Transaction tx472881 completed in 1502ms,E104,Transaction {tx} completed in {time}ms
76019,2026-01-15,13:46:30,INFO,WebServer,Page view: /home by u3227,E103,Page view: {page} by {user}
76020,2026-01-15,13:03:57,INFO,AuthService,User u1920 login successful,E101,User {user} login successful
76021,2026-01-15,13:11:22,ERROR,WebServer,Payment declined: Gateway unavailable,E503,Payment declined: Gateway unavailable
76022,2026-01-15,13:02:39,INFO,WebServer,Transaction tx982474 completed in 1109ms,E104,Transaction {tx} completed in {time}ms
76023,2026-01-15,13:33:43,INFO,WebServer,Page view: /home by u2824,E103,Page view: {page} by {user}
76024,2026-01-15,13:52:52,INFO,OrderProcessor,Health check passed: OrderProcessor,E102,Health check passed: {service}
76025,2026-01-15,13:44:05,INFO,WebServer,Page view: /home by u3435,E103,Page view: {page} by {user}
76026,2026-01-15,13:39:52,WARN,WebServer,High latency (189ms) detected on WebServer,E201,High latency ({time}ms) detected on {service}
76027,2026-01-15,13:46:26,INFO,AuthService,User u2641 login successful,E101,User {user} login successful
76028,2026-01-15,13:51:01,INFO,WebServer,Page view: /home by u3534,E103,Page view: {page} by {user}
76029,2026-01-15,13:03:41,INFO,AuthService,Health check passed: AuthService,E102,Health check passed: {service}
76030,2026-01-15,13:45:00,INFO,WebServer,Health check passed: WebServer,E102,Health check passed: {service}
76031,2026-01-15,13:32:10,INFO,OrderProcessor,Transaction tx296335 completed in 158ms,E104,Transaction {tx} completed in {time}ms
76032,2026-01-15,13:24:48,INFO,AuthService,User u3776 login successful,E101,User {user} login successful
76033,2026-01-15,13:35:26,INFO,PaymentGateway,Health check passed: PaymentGateway,E102,Health check passed: {service}
76034,2026-01-15,13:27:39,INFO,WebServer,User u4653 login successful,E101,User {user} login successful
76035,2026-01-15,13:29:09,INFO,WebServer,Transaction tx573059 completed in 204ms,E104,Transaction {tx} completed in {time}ms
76036,2026-01-15,13:20:36,INFO,AuthService,User u4058 login successful,E101,User {user} login successful
76037,2026-01-15,13:54:50,INFO,WebServer,Page view: /home by u2177,E103,Page view: {page} by {user}
76038,2026-01-15,13:44:46,INFO,OrderProcessor,Page view: /home by u2880,E103,Page view: {page} by {user}
76039,2026-01-15,13:04:26,INFO,AuthService,User u1618 login successful,E101,User {user} login successful
76040,2026-01-15,13:48:03,INFO,InventoryDB,User u1027 login successful,E101,User {user} login successful
76041,2026-01-15,13:23:49,INFO,AuthService,Transaction tx647680 completed in 318ms,E104,Transaction {tx} completed in {time}ms
76042,2026-01-15,13:23:09,INFO,AuthService,Page view: /home by u1491,E103,Page view: {page} by {user}
76043,2026-01-15,13:38:42,INFO,WebServer,Health check passed: WebServer,E102,Health check passed: {service}
76044,2026-01-15,13:28:38,INFO,OrderProcessor,Page view: /home by u4592,E103,Page view: {page} by {user}
76045,2026-01-15,13:30:00,INFO,WebServer,Health check passed: WebServer,E102,Health check passed: {service}
76046,2026-01-15,13:09:57,INFO,WebServer,User u2713 login successful,E101,User {user} login successful
76047,2026-01-15,13:12:44,INFO,OrderProcessor,Page view: /home by u2447,E103,Page view: {page} by {user}
76048,2026-01-15,13:21:50,WARN,OrderProcessor,High latency (1156ms) detected on OrderProcessor,E201,High latency ({time}ms) detected on {service}
76049,2026-01-15,13:15:30,INFO,WebServer,Transaction tx175090 completed in 940ms,E104,Transaction {tx} completed in {time}ms
76050,2026-01-15,13:34:04,INFO,WebServer,Transaction tx796545 completed in 520ms,E104,Transaction {tx} completed in {time}ms
76051,2026-01-15,13:09:43,ERROR,WebServer,Payment declined: Gateway unavailable,E503,Payment declined: Gateway unavailable
76052,2026-01-15,13:33:27,INFO,AuthService,Transaction tx234595 completed in 1034ms,E104,Transaction {tx} completed in {time}ms
76053,2026-01-15,13:36:10,INFO,OrderProcessor,Page view: /home by u1343,E103,Page view: {page} by {user}
76054,2026-01-15,13:11:04,INFO,AuthService,Transaction tx888148 completed in 204ms,E104,Transaction {tx} completed in {time}ms
76055,2026-01-15,13:55:22,INFO,AuthService,User u2285 login successful,E101,User {user} login successful
76056,2026-01-15,13:49:09,CRITICAL,WebServer,KERNEL PANIC: Node node-1 crashed,E601,KERNEL PANIC: Node {node} crashed
76057,2026-01-15,13:39:45,INFO,InventoryDB,Health check passed: InventoryDB,E102,Health check passed: {service}
76058,2026-01-15,13:36:10,INFO,AuthService,Transaction tx701203 completed in 116ms,E104,Transaction {tx} completed in {time}ms
76059,2026-01-15,13:38:05,INFO,WebServer,Health check passed: WebServer,E102,Health check passed: {service}
76060,2026-01-15,13:28:44,INFO,WebServer,Health check passed: WebServer,E102,Health check passed: {service}
76061,2026-01-15,13:05:38,INFO,WebServer,User u3245 login successful,E101,User {user} login successful
76062,2026-01-15,13:03:30,INFO,AuthService,User u2311 login successful,E101,User {user} login successful
76063,2026-01-15,13:43:51,INFO,InventoryDB,Page view: /home by u2045,E103,Page view: {page} by {user}
76064,2026-01-15,13:34:15,INFO,WebServer,Health check passed: WebServer,E102,Health check passed: {service}
76065,2026-01-15,13:11:50,WARN,WebServer,Unauthorized access attempt from 10.0.0.88,E401,Unauthorized access attempt from {ip}
76066,2026-01-15,13:15:18,INFO,WebServer,Page view: /home by u2765,E103,Page view: {page} by {user}
76067,2026-01-15,13:54:16,INFO,WebServer,Page view: /home by u2302,E103,Page view: {page} by {user}
76068,2026-01-15,13:55:49,INFO,PaymentGateway,Transaction tx365183 completed in 1839ms,E104,Transaction {tx} completed in {time}ms
76069,2026-01-15,13:32:20,WARN,WebServer,Disk usage > 85% on node node-3,E202,Disk usage > 85% on node {node}
76070,2026-01-15,13:50:44,INFO,AuthService,Transaction tx265840 completed in 889ms,E104,Transaction {tx} completed in {time}ms
76071,2026-01-15,13:01:34,INFO,WebServer,Transaction tx248798 completed in 876ms,E104,Transaction {tx} completed in {time}ms
76072,2026-01-15,13:50:34,INFO,PaymentGateway,Page view: /home by u4961,E103,Page view: {page} by {user}
76073,2026-01-15,13:12:23,INFO,WebServer,Health check passed: WebServer,E102,Health check passed: {service}
76074,2026-01-15,13:04:57,INFO,WebServer,Transaction tx982989 completed in 1532ms,E104,Transaction {tx} completed in {time}ms
76075,2026-01-15,13:38:54,INFO,AuthService,Health check passed: AuthService,E102,Health check passed: {service}
76076,2026-01-15,13:33:33,INFO,WebServer,User u3448 login successful,E101,User {user} login successful
76077,2026-01-15,13:11:29,INFO,PaymentGateway,User u1684 login successful,E101,User {user} login successful
76078,2026-01-15,13:53:19,INFO,WebServer,Page view: /home by u4016,E103,Page view: {page} by {user}
76079,2026-01-15,13:28:09,INFO,WebServer,Transaction tx548266 completed in 1406ms,E104,Transaction {tx} completed in {time}ms
76080,2026-01-15,13:03:34,INFO,WebServer,Health check passed: WebServer,E102,Health check passed: {service}
76081,2026-01-15,13:23:49,INFO,AuthService,Page view: /home by u3623,E103,Page view: {page} by {user}
76082,2026-01-15,13:02:53,INFO,WebServer,Transaction tx140068 completed in 612ms,E104,Transaction {tx} completed in {time}ms
76083,2026-01-15,13:43:03,INFO,AuthService,User u3448 login successful,E101,User {user} login successful
76084,2026-01-15,13:58:24,INFO,WebServer,User u1475 login successful,E101,User {user} login successful
76085,2026-01-15,13:49:34,INFO,WebServer,User u3396 login successful,E101,User {user} login successful
76086,2026-01-15,13:58:44,INFO,AuthService,Health check passed: AuthService,E102,Health check passed: {service}
76087,2026-01-15,13:06:43,INFO,WebServer,Health check passed: WebServer,E102,Health check passed: {service}
76088,2026-01-15,13:41:06,INFO,WebServer,Page view: /home by u3941,E103,Page view: {page} by {user}
76089,2026-01-15,13:20:29,INFO,WebServer,Transaction tx722165 completed in 1072ms,E104,Transaction {tx} completed in {time}ms
76090,2026-01-15,13:51:35,WARN,AuthService,High latency (672ms) detected on AuthService,E201,High latency ({time}ms) detected on {service}
76091,2026-01-15,13:28:38,INFO,WebServer,User u2790 login successful,E101,User {user} login successful
76092,2026-01-15,13:19:48,INFO,AuthService,Page view: /home by u2704,E103,Page view: {page} by {user}
76093,2026-01-15,13:20:46,INFO,WebServer,Transaction tx141269 completed in 544ms,E104,Transaction {tx} completed in {time}ms
76094,2026-01-15,13:03:33,INFO,WebServer,Transaction tx225121 completed in 1878ms,E104,Transaction {tx} completed in {time}ms
76095,2026-01-15,13:14:28,INFO,WebServer,Transaction tx418102 completed in 312ms,E104,Transaction {tx} completed in {time}ms
76096,2026-01-15,13:52:03,INFO,WebServer,Health check passed: WebServer,E102,Health check passed: {service}
76097,2026-01-15,13:38:37,INFO,WebServer,Transaction tx771603 completed in 1564ms,E104,Transaction {tx} completed in {time}ms
76098,2026-01-15,13:03:23,WARN,AuthService,Disk usage > 85% on node node-5,E202,Disk usage > 85% on node {node}
76099,2026-01-15,13:57:52,INFO,WebServer,User u1513 login successful,E101,User {user} login successful
76100,2026-01-15,13:44:08,INFO,AuthService,User u4056 login successful,E101,User {user} login successful
76101,2026-01-15,13:44:04,INFO,PaymentGateway,User u2884 login successful,E101,User {user} login successful
76102,2026-01-15,13:43:09,INFO,OrderProcessor,Health check passed: OrderProcessor,E102,Health check passed: {service}
76103,2026-01-15,13:32:25,INFO,WebServer,Page view: /home by u3943,E103,Page view: {page} by {user}
76104,2026-01-15,13:58:42,INFO,OrderProcessor,Health check passed: OrderProcessor,E102,Health check passed: {service}
76105,2026-01-15,13:06:06,INFO,InventoryDB,User u3027 login successful,E101,User {user} login successful
76106,2026-01-15,13:22:28,INFO,WebServer,Health check passed: WebServer,E102,Health check passed: {service}
76107,2026-01-15,13:59:40,INFO,WebServer,Transaction tx481111 completed in 397ms,E104,Transaction {tx} completed in {time}ms
76108,2026-01-15,13:41:14,INFO,InventoryDB,Health check passed: InventoryDB,E102,Health check passed: {service}
76109,2026-01-15,13:13:25,ERROR,PaymentGateway,Timeout waiting for lock on InventoryDB,E502,Timeout waiting for lock on {db}
76110,2026-01-15,13:49:24,INFO,OrderProcessor,User u4154 login successful,E101,User {user} login successful
76111,2026-01-15,13:14:50,INFO,WebServer,Page view: /home by u4240,E103,Page view: {page} by {user}
76112,2026-01-15,13:56:46,WARN,WebServer,Unauthorized access attempt from 10.0.0.12,E401,Unauthorized access attempt from {ip}
76113,2026-01-15,13:51:30,INFO,AuthService,Health check passed: AuthService,E102,Health check passed: {service}
76114,2026-01-15,13:30:21,INFO,AuthService,Page view: /home by u1888,E103,Page view: {page} by {user}
76115,2026-01-15,13:49:36,INFO,WebServer,Page view: /home by u2348,E103,Page view: {page} by {user}
76116,2026-01-15,13:23:58,INFO,AuthService,User u3790 login successful,E101,User {user} login successful
76117,2026-01-15,13:27:54,INFO,WebServer,Page view: /home by u2705,E103,Page view: {page} by {user}
76118,2026-01-15,13:12:38,INFO,AuthService,Health check passed: AuthService,E102,Health check passed: {service}
76119,2026-01-15,13:07:38,INFO,WebServer,User u3793 login successful,E101,User {user} login successful
76120,2026-01-15,13:04:43,INFO,AuthService,Transaction tx146672 completed in 279ms,E104,Transaction {tx} completed in {time}ms
76121,2026-01-15,13:59:30,INFO,OrderProcessor,User u1718 login successful,E101,User {user} login successful
76122,2026-01-15,13:58:23,INFO,OrderProcessor,Health check passed: OrderProcessor,E102,Health check passed: {service}
76123,2026-01-15,13:08:51,INFO,WebServer,Health check passed: WebServer,E102,Health check passed: {service}
76124,2026-01-15,13:35:47,INFO,AuthService,Transaction tx313696 completed in 331ms,E104,Transaction {tx} completed in {time}ms
76125,2026-01-15,13:40:28,INFO,OrderProcessor,User u1742 login successful,E101,User {user} login successful
76126,2026-01-15,13:18:19,INFO,PaymentGateway,User u4740 login successful,E101,User {user} login successful
76127,2026-01-15,13:52:27,INFO,WebServer,Page view: /home by u4263,E103,Page view: {page} by {user}
76128,2026-01-15,13:30:08,INFO,WebServer,Health check passed: WebServer,E102,Health check passed: {service}
76129,2026-01-15,13:48:15,INFO,AuthService,User u1938 login successful,E101,User {user} login successful
76130,2026-01-15,13:18:25,INFO,AuthService,Page view: /home by u1599,E103,Page view: {page} by {user}
76131,2026-01-15,13:59:14,INFO,AuthService,User u3173 login successful,E101,User {user} login successful
76132,2026-01-15,13:46:56,WARN,WebServer,Unauthorized access attempt from 10.0.0.45,E401,Unauthorized access attempt from {ip}
76133,2026-01-15,13:28:07,INFO,InventoryDB,Page view: /home by u3961,E103,Page view: {page} by {user}
76134,2026-01-15,13:22:29,INFO,WebServer,Page view: /home by u1827,E103,Page view: {page} by {user}
76135,2026-01-15,13:05:12,INFO,PaymentGateway,User u3518 login successful,E101,User {user} login successful
76136,2026-01-15,13:07:41,ERROR,WebServer,Connection refused to WebServer at 10.0.0.45,E501,Connection refused to {service} at {ip}
76137,2026-01-15,13:35:10,INFO,AuthService,Health check passed: AuthService,E102,Health check passed: {service}
76138,2026-01-15,13:02:02,INFO,AuthService,Health check passed: AuthService,E102,Health check passed: {service}
76139,2026-01-15,13:46:35,INFO,OrderProcessor,Page view: /home by u1183,E103,Page view: {page} by {user}
76140,2026-01-15,13:21:58,INFO,WebServer,Page view: /home by u2738,E103,Page view: {page} by {user}
76141,2026-01-15,13:37:07,INFO,WebServer,Health check passed: WebServer,E102,Health check passed: {service}
76142,2026-01-15,13:04:41,INFO,WebServer,User u2306 login successful,E101,User {user} login successful
76143,2026-01-15,13:48:12,INFO,WebServer,User u2068 login successful,E101,User {user} login successful
76144,2026-01-15,13:55:03,INFO,OrderProcessor,Page view: /home by u4929,E103,Page view: {page} by {user}
76145,2026-01-15,13:05:24,INFO,WebServer,Health check passed: WebServer,E102,Health check passed: {service}
76146,2026-01-15,13:09:32,INFO,AuthService,Health check passed: AuthService,E102,Health check passed: {service}
76147,2026-01-15,13:18:21,INFO,WebServer,User u2579 login successful,E101,User {user} login successful
76148,2026-01-15,13:48:41,INFO,WebServer,Health check passed: WebServer,E102,Health check passed: {service}
76149,2026-01-15,13:03:14,INFO,AuthService,User u4455 login successful,E101,User {user} login successful
76150,2026-01-15,13:16:10,INFO,AuthService,Health check passed: AuthService,E102,Health check passed: {service}
76151,2026-01-15,13:12:06,INFO,OrderProcessor,User u1649 login successful,E101,User {user} login successful
76152,2026-01-15,13:11:20,INFO,WebServer,Transaction tx448141 completed in 360ms,E104,Transaction {tx} completed in {time}ms
76153,2026-01-15,13:15:54,WARN,WebServer,Unauthorized access attempt from 10.0.0.45,E401,Unauthorized access attempt from {ip}
76154,2026-01-15,13:38:14,INFO,WebServer,Transaction tx430211 completed in 1273ms,E104,Transaction {tx} completed in {time}ms
76155,2026-01-15,13:42:16,INFO,WebServer,Transaction tx907371 completed in 626ms,E104,Transaction {tx} completed in {time}ms
76156,2026-01-15,13:34:52,INFO,AuthService,Page view: /home by u4176,E103,Page view: {page} by {user}
76157,2026-01-15,13:35:41,INFO,WebServer,Transaction tx794829 completed in 1843ms,E104,Transaction {tx} completed in {time}ms
76158,2026-01-15,13:18:05,WARN,WebServer,High latency (1841ms) detected on WebServer,E201,High latency ({time}ms) detected on {service}
76159,2026-01-15,13:44:59,INFO,InventoryDB,Health check passed: InventoryDB,E102,Health check passed: {service}
76160,2026-01-15,13:46:33,INFO,OrderProcessor,Transaction tx957177 completed in 319ms,E104,Transaction {tx} completed in {time}ms
76161,2026-01-15,13:43:16,INFO,AuthService,Page view: /home by u4711,E103,Page view: {page} by {user}
76162,2026-01-15,13:10:41,INFO,InventoryDB,Transaction tx743641 completed in 1472ms,E104,Transaction {tx} completed in {time}ms
76163,2026-01-15,13:48:37,INFO,OrderProcessor,User u2098 login successful,E101,User {user} login successful
76164,2026-01-15,13:57:21,INFO,PaymentGateway,User u2444 login successful,E101,User {user} login successful
76165,2026-01-15,13:05:50,INFO,WebServer,Page view: /home by u4682,E103,Page view: {page} by {user}
76166,2026-01-15,13:02:36,INFO,OrderProcessor,Health check passed: OrderProcessor,E102,Health check passed: {service}
76167,2026-01-15,13:19:02,INFO,WebServer,Transaction tx228782 completed in 953ms,E104,Transaction {tx} completed in {time}ms
76168,2026-01-15,13:45:11,INFO,AuthService,Page view: /home by u2022,E103,Page view: {page} by {user}
76169,2026-01-15,13:51:44,INFO,WebServer,Health check passed: WebServer,E102,Health check passed: {service}
76170,2026-01-15,13:56:40,INFO,WebServer,Health check passed: WebServer,E102,Health check passed: {service}
76171,2026-01-15,13:41:20,INFO,WebServer,Page view: /home by u1958,E103,Page view: {page} by {user}
76172,2026-01-15,13:15:13,INFO,PaymentGateway,Health check passed: PaymentGateway,E102,Health check passed: {service}
76173,2026-01-15,13:04:40,WARN,WebServer,Unauthorized access attempt from 192.168.1.5,E401,Unauthorized access attempt from {ip}
76174,2026-01-15,13:32:12,INFO,PaymentGateway,Health check passed: PaymentGateway,E102,Health check passed: {service}
76175,2026-01-15,13:10:26,INFO,AuthService,Health check passed: AuthService,E102,Health check passed: {service}
76176,2026-01-15,13:35:47,INFO,PaymentGateway,Transaction tx655354 completed in 1953ms,E104,Transaction {tx} completed in {time}ms
76177,2026-01-15,13:39:42,ERROR,OrderProcessor,Payment declined: Gateway unavailable,E503,Payment declined: Gateway unavailable
76178,2026-01-15,13:18:37,INFO,WebServer,Health check passed: WebServer,E102,Health check passed: {service}
76179,2026-01-15,13:56:08,INFO,WebServer,Transaction tx586256 completed in 1029ms,E104,Transaction {tx} completed in {time}ms
76180,2026-01-15,13:44:33,INFO,PaymentGateway,Page view: /home by u2424,E103,Page view: {page} by {user}
76181,2026-01-15,13:30:48,INFO,PaymentGateway,Health check passed: PaymentGateway,E102,Health check passed: {service}
76182,2026-01-15,13:30:19,INFO,WebServer,User u2941 login successful,E101,User {user} login successful
76183,2026-01-15,13:15:34,INFO,AuthService,Page view: /home by u2168,E103,Page view: {page} by {user}
76184,2026-01-15,13:36:59,INFO,AuthService,Health check passed: AuthService,E102,Health check passed: {service}
76185,2026-01-15,13:06:40,INFO,WebServer,Transaction tx939152 completed in 952ms,E104,Transaction {tx} completed in {time}ms
76186,2026-01-15,13:02:23,INFO,WebServer,User u4498 login successful,E101,User {user} login successful
76187,2026-01-15,13:50:18,WARN,WebServer,Unauthorized access attempt from 10.0.0.88,E401,Unauthorized access attempt from {ip}
76188,2026-01-15,13:17:51,INFO,WebServer,User u2582 login successful,E101,User {user} login successful
76189,2026-01-15,13:54:13,INFO,PaymentGateway,Transaction tx105500 completed in 935ms,E104,Transaction {tx} completed in {time}ms
76190,2026-01-15,13:51:33,INFO,PaymentGateway,Page view: /home by u3213,E103,Page view: {page} by {user}
76191,2026-01-15,13:31:52,INFO,PaymentGateway,Health check passed: PaymentGateway,E102,Health check passed: {service}
76192,2026-01-15,13:41:37,INFO,AuthService,Page view: /home by u4228,E103,Page view: {page} by {user}
76193,2026-01-15,13:51:34,INFO,PaymentGateway,Health check passed: PaymentGateway,E102,Health check passed: {service}
76194,2026-01-15,13:19:58,INFO,WebServer,Page view: /home by u1108,E103,Page view: {page} by {user}
76195,2026-01-15,13:12:09,INFO,WebServer,Page view: /home by u2601,E103,Page view: {page} by {user}
76196,2026-01-15,13:23:25,INFO,InventoryDB,Transaction tx585506 completed in 850ms,E104,Transaction {tx} completed in {time}ms
76197,2026-01-15,13:22:46,INFO,AuthService,Health check passed: AuthService,E102,Health check passed: {service}
76198,2026-01-15,13:40:31,INFO,AuthService,User u2257 login successful,E101,User {user} login successful
76199,2026-01-15,13:05:38,INFO,AuthService,Transaction tx767161 completed in 710ms,E104,Transaction {tx} completed in {time}ms
76200,2026-01-15,13:46:47,ERROR,WebServer,Timeout waiting for lock on InventoryDB,E502,Timeout waiting for lock on {db}
76201,2026-01-15,13:42:29,INFO,WebServer,Page view: /home by u1484,E103,Page view: {page} by {user}
76202,2026-01-15,13:08:57,INFO,OrderProcessor,Transaction tx845209 completed in 209ms,E104,Transaction {tx} completed in {time}ms
76203,2026-01-15,13:26:06,INFO,WebServer,Health check passed: WebServer,E102,Health check passed: {service}
76204,2026-01-15,13:34:13,INFO,AuthService,Page view: /home by u4943,E103,Page view: {page} by {user}
76205,2026-01-15,13:19:16,INFO,InventoryDB,Page view: /home by u4449,E103,Page view: {page} by {user}
76206,2026-01-15,13:31:47,WARN,WebServer,High latency (1002ms) detected on WebServer,E201,High latency ({time}ms) detected on {service}
76207,2026-01-15,13:39:43,INFO,AuthService,Transaction tx153367 completed in 715ms,E104,Transaction {tx} completed in {time}ms
76208,2026-01-15,13:58:00,INFO,WebServer,Health check passed: WebServer,E102,Health check passed: {service}
76209,2026-01-15,13:53:05,INFO,PaymentGateway,Health check passed: PaymentGateway,E102,Health check passed: {service}
76210,2026-01-15,13:38:55,INFO,WebServer,Health check passed: WebServer,E102,Health check passed: {service}
76211,2026-01-15,13:21:11,INFO,WebServer,Transaction tx740487 completed in 1219ms,E104,Transaction {tx} completed in {time}ms
76212,2026-01-15,13:26:32,INFO,WebServer,User u4782 login successful,E101,User {user} login successful
76213,2026-01-15,13:38:00,INFO,AuthService,Health check passed: AuthService,E102,Health check passed: {service}
76214,2026-01-15,13:15:35,INFO,WebServer,Transaction tx904614 completed in 355ms,E104,Transaction {tx} completed in {time}ms
76215,2026-01-15,13:43:09,INFO,AuthService,Transaction tx926369 completed in 1641ms,E104,Transaction {tx} completed in {time}ms
76216,2026-01-15,13:00:11,INFO,WebServer,Page view: /home by u2038,E103,Page view: {page} by {user}
76217,2026-01-15,13:03:20,INFO,AuthService,Page view: /home by u1355,E103,Page view: {page} by {user}
76218,2026-01-15,13:35:51,CRITICAL,InventoryDB,KERNEL PANIC: Node node-3 crashed,E601,KERNEL PANIC: Node {node} crashed
76219,2026-01-15,13:37:26,INFO,AuthService,User u2038 login successful,E101,User {user} login successful
76220,2026-01-15,13:40:56,INFO,PaymentGateway,Health check passed: PaymentGateway,E102,Health check passed: {service}
76221,2026-01-15,13:04:08,INFO,OrderProcessor,User u4859 login successful,E101,User {user} login successful
76222,2026-01-15,13:30:35,INFO,WebServer,Health check passed: WebServer,E102,Health check passed: {service}
76223,2026-01-15,13:30:55,INFO,WebServer,Page view: /home by u1357,E103,Page view: {page} by {user}
76224,2026-01-15,13:30:42,INFO,AuthService,Transaction tx293279 completed in 1540ms,E104,Transaction {tx} completed in {time}ms
76225,2026-01-15,13:26:01,INFO,PaymentGateway,Health check passed: PaymentGateway,E102,Health check passed: {service}
76226,2026-01-15,13:10:58,INFO,WebServer,Health check passed: WebServer,E102,Health check passed: {service}
76227,2026-01-15,13:54:41,INFO,WebServer,Transaction tx528740 completed in 562ms,E104,Transaction {tx} completed in {time}ms
76228,2026-01-15,13:25:31,INFO,OrderProcessor,Health check passed: OrderProcessor,E102,Health check passed: {service}
76229,2026-01-15,13:58:58,INFO,WebServer,Health check passed: WebServer,E102,Health check passed: {service}
76230,2026-01-15,13:17:25,INFO,WebServer,Page view: /home by u1907,E103,Page view: {page} by {user}
76231,2026-01-15,13:56:51,INFO,AuthService,Page view: /home by u3453,E103,Page view: {page} by {user}
76232,2026-01-15,13:52:14,INFO,AuthService,User u2796 login successful,E101,User {user} login successful
76233,2026-01-15,13:00:25,WARN,OrderProcessor,Disk usage > 85% on node node-2,E202,Disk usage > 85% on node {node}
76234,2026-01-15,13:17:10,INFO,AuthService,User u3657 login successful,E101,User {user} login successful
76235,2026-01-15,13:56:39,INFO,OrderProcessor,User u2339 login successful,E101,User {user} login successful
76236,2026-01-15,13:58:59,INFO,InventoryDB,Health check passed: InventoryDB,E102,Health check passed: {service}
76237,2026-01-15,13:06:28,INFO,WebServer,Health check passed: WebServer,E102,Health check passed: {service}
76238,2026-01-15,13:54:14,INFO,PaymentGateway,Health check passed: PaymentGateway,E102,Health check passed: {service}
76239,2026-01-15,13:19:10,WARN,WebServer,Unauthorized access attempt from 10.0.0.45,E401,Unauthorized access attempt from {ip}
76240,2026-01-15,13:48:21,INFO,WebServer,User u1213 login successful,E101,User {user} login successful
76241,2026-01-15,13:03:25,INFO,OrderProcessor,Health check passed: OrderProcessor,E102,Health check passed: {service}
76242,2026-01-15,13:03:18,INFO,OrderProcessor,User u4830 login successful,E101,User {user} login successful
76243,2026-01-15,13:25:33,INFO,WebServer,User u1447 login successful,E101,User {user} login successful
76244,2026-01-15,13:12:28,INFO,OrderProcessor,Page view: /home by u3151,E103,Page view: {page} by {user}
76245,2026-01-15,13:45:15,INFO,AuthService,User u1290 login successful,E101,User {user} login successful
76246,2026-01-15,13:41:45,INFO,WebServer,Page view: /home by u3002,E103,Page view: {page} by {user}
76247,2026-01-15,13:21:39,INFO,WebServer,Page view: /home by u3809,E103,Page view: {page} by {user}
76248,2026-01-15,13:03:05,INFO,PaymentGateway,User u2323 login successful,E101,User {user} login successful
76249,2026-01-15,13:27:58,WARN,WebServer,Unauthorized access attempt from 192.168.1.5,E401,Unauthorized access attempt from {ip}
76250,2026-01-15,13:22:01,INFO,OrderProcessor,Page view: /home by u3567,E103,Page view: {page} by {user}
76251,2026-01-15,13:09:00,INFO,PaymentGateway,User u3758 login successful,E101,User {user} login successful
76252,2026-01-15,13:24:11,WARN,WebServer,High latency (272ms) detected on WebServer,E201,High latency ({time}ms) detected on {service}
76253,2026-01-15,13:45:17,INFO,AuthService,Health check passed: AuthService,E102,Health check passed: {service}
76254,2026-01-15,13:26:47,INFO,AuthService,User u2891 login successful,E101,User {user} login successful
76255,2026-01-15,13:04:18,INFO,WebServer,User u1959 login successful,E101,User {user} login successful
76256,2026-01-15,13:07:02,INFO,OrderProcessor,Health check passed: OrderProcessor,E102,Health check passed: {service}
76257,2026-01-15,13:12:53,INFO,WebServer,User u3603 login successful,E101,User {user} login successful
76258,2026-01-15,13:23:02,INFO,AuthService,Health check passed: AuthService,E102,Health check passed: {service}
76259,2026-01-15,13:58:09,INFO,WebServer,Transaction tx348885 completed in 1079ms,E104,Transaction {tx} completed in {time}ms
76260,2026-01-15,13:26:33,INFO,OrderProcessor,Health check passed: OrderProcessor,E102,Health check passed: {service}
76261,2026-01-15,13:46:34,WARN,AuthService,Disk usage > 85% on node node-2,E202,Disk usage > 85% on node {node}
76262,2026-01-15,13:23:25,INFO,InventoryDB,Health check passed: InventoryDB,E102,Health check passed: {service}
76263,2026-01-15,13:42:18,INFO,WebServer,User u3571 login successful,E101,User {user} login successful
76264,2026-01-15,13:29:42,INFO,WebServer,Health check passed: WebServer,E102,Health check passed: {service}
76265,2026-01-15,13:35:53,INFO,WebServer,Page view: /home by u1167,E103,Page view: {page} by {user}
76266,2026-01-15,13:43:37,INFO,AuthService,Transaction tx845105 completed in 1590ms,E104,Transaction {tx} completed in {time}ms
76267,2026-01-15,13:15:27,INFO,WebServer,Page view: /home by u3126,E103,Page view: {page} by {user}
76268,2026-01-15,13:21:17,INFO,OrderProcessor,User u3093 login successful,E101,User {user} login successful
76269,2026-01-15,13:22:14,INFO,AuthService,User u3725 login successful,E101,User {user} login successful
76270,2026-01-15,13:29:23,INFO,AuthService,Health check passed: AuthService,E102,Health check passed: {service}
76271,2026-01-15,13:51:57,INFO,OrderProcessor,User u4376 login successful,E101,User {user} login successful
76272,2026-01-15,13:34:34,INFO,OrderProcessor,User u4234 login successful,E101,User {user} login successful
76273,2026-01-15,13:28:52,INFO,OrderProcessor,Transaction tx577551 completed in 1585ms,E104,Transaction {tx} completed in {time}ms
76274,2026-01-15,13:08:07,INFO,OrderProcessor,Page view: /home by u4493,E103,Page view: {page} by {user}
76275,2026-01-15,13:34:12,INFO,WebServer,Health check passed: WebServer,E102,Health check passed: {service}
76276,2026-01-15,13:05:25,INFO,WebServer,User u4756 login successful,E101,User {user} login successful
76277,2026-01-15,13:58:41,INFO,PaymentGateway,Page view: /home by u1328,E103,Page view: {page} by {user}
76278,2026-01-15,13:34:54,INFO,OrderProcessor,Transaction tx756663 completed in 26ms,E104,Transaction {tx} completed in {time}ms
76279,2026-01-15,13:19:14,INFO,AuthService,Transaction tx235047 completed in 575ms,E104,Transaction {tx} completed in {time}ms
76280,2026-01-15,13:25:26,INFO,InventoryDB,Transaction tx441095 completed in 456ms,E104,Transaction {tx} completed in {time}ms
76281,2026-01-15,13:46:55,INFO,WebServer,Page view: /home by u3914,E103,Page view: {page} by {user}
76282,2026-01-15,13:04:22,INFO,WebServer,User u2269 login successful,E101,User {user} login successful
76283,2026-01-15,13:23:54,INFO,WebServer,Page view: /home by u2883,E103,Page view: {page} by {user}
76284,2026-01-15,13:35:41,INFO,WebServer,Health check passed: WebServer,E102,Health check passed: {service}
76285,2026-01-15,13:42:37,INFO,AuthService,User u2775 login successful,E101,User {user} login successful
76286,2026-01-15,13:31:10,INFO,PaymentGateway,Transaction tx895512 completed in 1023ms,E104,Transaction {tx} completed in {time}ms
76287,2026-01-15,13:19:26,INFO,AuthService,Transaction tx118568 completed in 1164ms,E104,Transaction {tx} completed in {time}ms
76288,2026-01-15,13:54:53,INFO,InventoryDB,Transaction tx276889 completed in 28ms,E104,Transaction {tx} completed in {time}ms
76289,2026-01-15,13:30:39,WARN,AuthService,High latency (1752ms) detected on AuthService,E201,High latency ({time}ms) detected on {service}
76290,2026-01-15,13:34:47,INFO,WebServer,Health check passed: WebServer,E102,Health check passed: {service}
76291,2026-01-15,13:42:20,WARN,OrderProcessor,Disk usage > 85% on node node-2,E202,Disk usage > 85% on node {node}
76292,2026-01-15,13:29:38,INFO,InventoryDB,Health check passed: InventoryDB,E102,Health check passed: {service}
76293,2026-01-15,13:56:01,INFO,WebServer,Health check passed: WebServer,E102,Health check passed: {service}
76294,2026-01-15,13:56:39,INFO,OrderProcessor,Page view: /home by u2523,E103,Page view: {page} by {user}
76295,2026-01-15,13:46:07,INFO,AuthService,Page view: /home by u3552,E103,Page view: {page} by {user}
76296,2026-01-15,13:32:13,INFO,OrderProcessor,Health check passed: OrderProcessor,E102,Health check passed: {service}
76297,2026-01-15,13:04:06,INFO,AuthService,Page view: /home by u4414,E103,Page view: {page} by {user}
76298,2026-01-15,13:43:43,INFO,WebServer,User u3569 login successful,E101,User {user} login successful
76299,2026-01-15,13:16:10,INFO,InventoryDB,Health check passed: InventoryDB,E102,Health check passed: {service}
76300,2026-01-15,13:13:08,INFO,PaymentGateway,Health check passed: PaymentGateway,E102,Health check passed: {service}
76301,2026-01-15,13:42:02,INFO,WebServer,User u4501 login successful,E101,User {user} login successful
76302,2026-01-15,13:11:00,INFO,WebServer,Health check passed: WebServer,E102,Health check passed: {service}
76303,2026-01-15,13:30:29,INFO,AuthService,Transaction tx399701 completed in 1068ms,E104,Transaction {tx} completed in {time}ms
76304,2026-01-15,13:32:55,INFO,InventoryDB,User u4359 login successful,E101,User {user} login successful
76305,2026-01-15,13:14:01,INFO,WebServer,Transaction tx342019 completed in 458ms,E104,Transaction {tx} completed in {time}ms
76306,2026-01-15,13:53:18,INFO,OrderProcessor,Transaction tx356567 completed in 1687ms,E104,Transaction {tx} completed in {time}ms
76307,2026-01-15,13:42:26,INFO,AuthService,Page view: /home by u1930,E103,Page view: {page} by {user}
76308,2026-01-15,13:01:49,INFO,WebServer,Transaction tx343004 completed in 444ms,E104,Transaction {tx} completed in {time}ms
76309,2026-01-15,13:49:54,INFO,WebServer,User u3705 login successful,E101,User {user} login successful
76310,2026-01-15,13:40:14,INFO,WebServer,Transaction tx439090 completed in 678ms,E104,Transaction {tx} completed in {time}ms
76311,2026-01-15,13:36:23,INFO,OrderProcessor,Transaction tx438690 completed in 956ms,E104,Transaction {tx} completed in {time}ms
76312,2026-01-15,13:26:54,INFO,WebServer,User u2571 login successful,E101,User {user} login successful
76313,2026-01-15,13:30:00,INFO,InventoryDB,Health check passed: InventoryDB,E102,Health check passed: {service}
76314,2026-01-15,13:14:35,INFO,AuthService,Page view: /home by u2322,E103,Page view: {page} by {user}
76315,2026-01-15,13:09:13,INFO,OrderProcessor,Transaction tx594367 completed in 1627ms,E104,Transaction {tx} completed in {time}ms
76316,2026-01-15,13:51:46,INFO,WebServer,User u4084 login successful,E101,User {user} login successful
76317,2026-01-15,13:39:53,INFO,WebServer,Page view: /home by u3119,E103,Page view: {page} by {user}
76318,2026-01-15,13:26:10,INFO,WebServer,Page view: /home by u2921,E103,Page view: {page} by {user}
76319,2026-01-15,13:01:23,INFO,WebServer,Transaction tx649642 completed in 111ms,E104,Transaction {tx} completed in {time}ms
76320,2026-01-15,13:28:33,INFO,PaymentGateway,Page view: /home by u4164,E103,Page view: {page} by {user}
76321,2026-01-15,13:30:09,WARN,WebServer,Unauthorized access attempt from 10.0.0.12,E401,Unauthorized access attempt from {ip}
76322,2026-01-15,13:39:45,INFO,WebServer,User u3305 login successful,E101,User {user} login successful
76323,2026-01-15,13:06:57,INFO,AuthService,Health check passed: AuthService,E102,Health check passed: {service}
76324,2026-01-15,13:40:55,INFO,WebServer,Page view: /home by u1302,E103,Page view: {page} by {user}
76325,2026-01-15,13:56:47,INFO,AuthService,Health check passed: AuthService,E102,Health check passed: {service}
76326,2026-01-15,13:35:09,INFO,PaymentGateway,Health check passed: PaymentGateway,E102,Health check passed: {service}
76327,2026-01-15,13:33:26,INFO,WebServer,Transaction tx929531 completed in 278ms,E104,Transaction {tx} completed in {time}ms
76328,2026-01-15,13:49:51,INFO,InventoryDB,Transaction tx854635 completed in 948ms,E104,Transaction {tx} completed in {time}ms
76329,2026-01-15,13:08:03,INFO,AuthService,Health check passed: AuthService,E102,Health check passed: {service}
76330,2026-01-15,13:42:44,INFO,WebServer,Health check passed: WebServer,E102,Health check passed: {service}
76331,2026-01-15,13:33:14,INFO,WebServer,Health check passed: WebServer,E102,Health check passed: {service}
76332,2026-01-15,13:09:45,INFO,InventoryDB,Page view: /home by u3479,E103,Page view: {page} by {user}
76333,2026-01-15,13:10:08,INFO,WebServer,Page view: /home by u2290,E103,Page view: {page} by {user}
76334,2026-01-15,13:17:07,INFO,AuthService,Transaction tx776798 completed in 279ms,E104,Transaction {tx} completed in {time}ms
76335,2026-01-15,13:54:23,INFO,InventoryDB,Health check passed: InventoryDB,E102,Health check passed: {service}
76336,2026-01-15,13:42:37,INFO,InventoryDB,Transaction tx266878 completed in 1824ms,E104,Transaction {tx} completed in {time}ms
76337,2026-01-15,13:50:53,INFO,WebServer,Page view: /home by u3906,E103,Page view: {page} by {user}
76338,2026-01-15,13:34:17,INFO,AuthService,Page view: /home by u2167,E103,Page view: {page} by {user}
76339,2026-01-15,13:27:23,INFO,AuthService,User u4616 login successful,E101,User {user} login successful
76340,2026-01-15,13:29:50,INFO,OrderProcessor,Health check passed: OrderProcessor,E102,Health check passed: {service}
76341,2026-01-15,13:20:20,INFO,AuthService,Transaction tx786482 completed in 1188ms,E104,Transaction {tx} completed in {time}ms
76342,2026-01-15,13:07:39,INFO,WebServer,User u1065 login successful,E101,User {user} login successful
76343,2026-01-15,13:54:19,INFO,AuthService,Transaction tx319084 completed in 308ms,E104,Transaction {tx} completed in {time}ms
76344,2026-01-15,13:53:36,INFO,PaymentGateway,Transaction tx758208 completed in 1322ms,E104,Transaction {tx} completed in {time}ms
76345,2026-01-15,13:25:12,INFO,OrderProcessor,Page view: /home by u3152,E103,Page view: {page} by {user}
76346,2026-01-15,13:42:17,INFO,OrderProcessor,Transaction tx503777 completed in 482ms,E104,Transaction {tx} completed in {time}ms
76347,2026-01-15,13:25:52,INFO,AuthService,Transaction tx773564 completed in 1609ms,E104,Transaction {tx} completed in {time}ms
76348,2026-01-15,13:45:34,INFO,PaymentGateway,Transaction tx277996 completed in 1244ms,E104,Transaction {tx} completed in {time}ms
76349,2026-01-15,13:37:31,INFO,OrderProcessor,User u3103 login successful,E101,User {user} login successful
76350,2026-01-15,13:05:53,INFO,AuthService,User u2731 login successful,E101,User {user} login successful
76351,2026-01-15,13:42:19,INFO,AuthService,User u2919 login successful,E101,User {user} login successful
76352,2026-01-15,13:59:03,INFO,OrderProcessor,User u2349 login successful,E101,User {user} login successful
76353,2026-01-15,13:43:01,INFO,WebServer,Health check passed: WebServer,E102,Health check passed: {service}
76354,2026-01-15,13:49:10,INFO,WebServer,User u3028 login successful,E101,User {user} login successful
76355,2026-01-15,13:01:40,INFO,WebServer,Health check passed: WebServer,E102,Health check passed: {service}
76356,2026-01-15,13:51:02,INFO,WebServer,Health check passed: WebServer,E102,Health check passed: {service}
76357,2026-01-15,13:26:43,INFO,OrderProcessor,User u2688 login successful,E101,User {user} login successful
76358,2026-01-15,13:16:18,INFO,OrderProcessor,Transaction tx534180 completed in 1140ms,E104,Transaction {tx} completed in {time}ms
76359,2026-01-15,13:32:40,INFO,WebServer,Transaction tx460669 completed in 1085ms,E104,Transaction {tx} completed in {time}ms
76360,2026-01-15,13:28:10,INFO,WebServer,User u3991 login successful,E101,User {user} login successful
76361,2026-01-15,13:11:35,INFO,PaymentGateway,User u2412 login successful,E101,User {user} login successful
76362,2026-01-15,13:38:45,INFO,OrderProcessor,Transaction tx527814 completed in 1772ms,E104,Transaction {tx} completed in {time}ms
76363,2026-01-15,13:14:35,INFO,WebServer,Page view: /home by u3423,E103,Page view: {page} by {user}
76364,2026-01-15,13:20:37,INFO,WebServer,Transaction tx336152 completed in 785ms,E104,Transaction {tx} completed in {time}ms
76365,2026-01-15,13:08:28,INFO,PaymentGateway,User u2307 login successful,E101,User {user} login successful
76366,2026-01-15,13:41:46,INFO,WebServer,User u1026 login successful,E101,User {user} login successful
76367,2026-01-15,13:52:28,INFO,WebServer,User u1754 login successful,E101,User {user} login successful
76368,2026-01-15,13:24:29,INFO,WebServer,User u4073 login successful,E101,User {user} login successful
76369,2026-01-15,13:11:20,INFO,AuthService,Page view: /home by u4126,E103,Page view: {page} by {user}
76370,2026-01-15,13:21:06,INFO,AuthService,User u4782 login successful,E101,User {user} login successful
76371,2026-01-15,13:21:56,INFO,PaymentGateway,Health check passed: PaymentGateway,E102,Health check passed: {service}
76372,2026-01-15,13:00:43,INFO,WebServer,User u2839 login successful,E101,User {user} login successful
76373,2026-01-15,13:47:05,INFO,WebServer,Page view: /home by u2068,E103,Page view: {page} by {user}
76374,2026-01-15,13:09:28,INFO,WebServer,Page view: /home by u1109,E103,Page view: {page} by {user}
76375,2026-01-15,13:09:57,INFO,WebServer,Page view: /home by u2246,E103,Page view: {page} by {user}
76376,2026-01-15,13:11:51,INFO,WebServer,User u3821 login successful,E101,User {user} login successful
76377,2026-01-15,13:43:41,INFO,WebServer,Health check passed: WebServer,E102,Health check passed: {service}
76378,2026-01-15,13:39:15,INFO,AuthService,Health check passed: AuthService,E102,Health check passed: {service}
76379,2026-01-15,13:51:48,INFO,OrderProcessor,User u1686 login successful,E101,User {user} login successful
76380,2026-01-15,13:13:49,INFO,WebServer,User u1954 login successful,E101,User {user} login successful
76381,2026-01-15,13:31:10,INFO,WebServer,Health check passed: WebServer,E102,Health check passed: {service}
76382,2026-01-15,13:34:40,INFO,OrderProcessor,Page view: /home by u1067,E103,Page view: {page} by {user}
76383,2026-01-15,13:02:03,WARN,WebServer,Unauthorized access attempt from 10.0.0.45,E401,Unauthorized access attempt from {ip}
76384,2026-01-15,13:48:36,INFO,WebServer,Health check passed: WebServer,E102,Health check passed: {service}
76385,2026-01-15,13:38:00,WARN,PaymentGateway,High latency (62ms) detected on PaymentGateway,E201,High latency ({time}ms) detected on {service}
76386,2026-01-15,13:39:43,INFO,AuthService,Transaction tx509883 completed in 885ms,E104,Transaction {tx} completed in {time}ms
76387,2026-01-15,13:30:13,INFO,WebServer,Health check passed: WebServer,E102,Health check passed: {service}
76388,2026-01-15,13:45:06,INFO,PaymentGateway,Page view: /home by u1043,E103,Page view: {page} by {user}
76389,2026-01-15,13:25:38,INFO,WebServer,User u3692 login successful,E101,User {user} login successful
76390,2026-01-15,13:20:41,INFO,WebServer,User u2296 login successful,E101,User {user} login successful
76391,2026-01-15,13:20:49,INFO,PaymentGateway,Transaction tx952920 completed in 1701ms,E104,Transaction {tx} completed in {time}ms
76392,2026-01-15,13:06:05,INFO,WebServer,Transaction tx340023 completed in 1684ms,E104,Transaction {tx} completed in {time}ms
76393,2026-01-15,13:54:37,INFO,WebServer,Page view: /home by u1734,E103,Page view: {page} by {user}
76394,2026-01-15,13:25:03,INFO,WebServer,Page view: /home by u1975,E103,Page view: {page} by {user}
76395,2026-01-15,13:31:16,INFO,WebServer,Transaction tx526717 completed in 35ms,E104,Transaction {tx} completed in {time}ms
76396,2026-01-15,13:18:41,ERROR,WebServer,Connection refused to WebServer at 10.0.0.88,E501,Connection refused to {service} at {ip}
76397,2026-01-15,13:31:32,INFO,WebServer,Health check passed: WebServer,E102,Health check passed: {service}
76398,2026-01-15,13:31:47,INFO,InventoryDB,Transaction tx788166 completed in 698ms,E104,Transaction {tx} completed in {time}ms
76399,2026-01-15,13:04:38,INFO,WebServer,Transaction tx911531 completed in 1819ms,E104,Transaction {tx} completed in {time}ms
76400,2026-01-15,13:34:41,INFO,WebServer,Page view: /home by u2524,E103,Page view: {page} by {user}
76401,2026-01-15,13:27:24,INFO,AuthService,Transaction tx819680 completed in 649ms,E104,Transaction {tx} completed in {time}ms
76402,2026-01-15,13:16:26,INFO,AuthService,Transaction tx585974 completed in 133ms,E104,Transaction {tx} completed in {time}ms
76403,2026-01-15,13:44:39,INFO,WebServer,Health check passed: WebServer,E102,Health check passed: {service}
76404,2026-01-15,13:00:44,INFO,AuthService,Page view: /home by u1873,E103,Page view: {page} by {user}
76405,2026-01-15,13:59:54,INFO,OrderProcessor,Transaction tx681122 completed in 115ms,E104,Transaction {tx} completed in {time}ms
76406,2026-01-15,13:01:02,INFO,WebServer,Transaction tx139332 completed in 177ms,E104,Transaction {tx} completed in {time}ms
76407,2026-01-15,13:22:12,INFO,WebServer,Page view: /home by u1066,E103,Page view: {page} by {user}
76408,2026-01-15,13:33:08,INFO,PaymentGateway,Transaction tx300945 completed in 1358ms,E104,Transaction {tx} completed in {time}ms
76409,2026-01-15,13:31:38,INFO,PaymentGateway,Page view: /home by u1446,E103,Page view: {page} by {user}
76410,2026-01-15,13:39:24,INFO,WebServer,Page view: /home by u4786,E103,Page view: {page} by {user}
76411,2026-01-15,13:04:34,INFO,OrderProcessor,Health check passed: OrderProcessor,E102,Health check passed: {service}
76412,2026-01-15,13:28:05,INFO,WebServer,Transaction tx295138 completed in 1758ms,E104,Transaction {tx} completed in {time}ms
76413,2026-01-15,13:41:28,INFO,WebServer,Transaction tx934171 completed in 1832ms,E104,Transaction {tx} completed in {time}ms
76414,2026-01-15,13:54:38,INFO,AuthService,User u2864 login successful,E101,User {user} login successful
76415,2026-01-15,13:42:22,INFO,AuthService,Transaction tx207809 completed in 1382ms,E104,Transaction {tx} completed in {time}ms
76416,2026-01-15,13:16:37,INFO,InventoryDB,Health check passed: InventoryDB,E102,Health check passed: {service}
76417,2026-01-15,13:35:06,INFO,WebServer,Page view: /home by u2633,E103,Page view: {page} by {user}
76418,2026-01-15,13:45:30,WARN,OrderProcessor,Unauthorized access attempt from 10.0.0.45,E401,Unauthorized access attempt from {ip}
76419,2026-01-15,13:00:17,INFO,WebServer,Page view: /home by u3925,E103,Page view: {page} by {user}
76420,2026-01-15,13:47:53,INFO,PaymentGateway,Health check passed: PaymentGateway,E102,Health check passed: {service}
76421,2026-01-15,13:48:38,INFO,OrderProcessor,Transaction tx805536 completed in 816ms,E104,Transaction {tx} completed in {time}ms
76422,2026-01-15,13:10:13,INFO,WebServer,Health check passed: WebServer,E102,Health check passed: {service}
76423,2026-01-15,13:02:18,INFO,WebServer,Health check passed: WebServer,E102,Health check passed: {service}
76424,2026-01-15,13:39:22,INFO,PaymentGateway,Transaction tx937155 completed in 427ms,E104,Transaction {tx} completed in {time}ms
76425,2026-01-15,13:54:18,INFO,WebServer,User u1451 login successful,E101,User {user} login successful
76426,2026-01-15,13:01:59,INFO,WebServer,User u2227 login successful,E101,User {user} login successful
76427,2026-01-15,13:11:55,INFO,WebServer,Transaction tx366091 completed in 1494ms,E104,Transaction {tx} completed in {time}ms
76428,2026-01-15,13:21:12,INFO,AuthService,Page view: /home by u2844,E103,Page view: {page} by {user}
76429,2026-01-15,13:11:46,WARN,OrderProcessor,Unauthorized access attempt from 10.0.0.88,E401,Unauthorized access attempt from {ip}
76430,2026-01-15,13:35:45,INFO,WebServer,Health check passed: WebServer,E102,Health check passed: {service}
76431,2026-01-15,13:43:09,INFO,WebServer,Transaction tx560081 completed in 1423ms,E104,Transaction {tx} completed in {time}ms
76432,2026-01-15,13:12:57,INFO,WebServer,User u4309 login successful,E101,User {user} login successful
76433,2026-01-15,13:00:43,INFO,WebServer,Health check passed: WebServer,E102,Health check passed: {service}
76434,2026-01-15,13:25:06,INFO,WebServer,User u2026 login successful,E101,User {user} login successful
76435,2026-01-15,13:33:43,INFO,WebServer,Health check passed: WebServer,E102,Health check passed: {service}
76436,2026-01-15,13:27:06,INFO,InventoryDB,User u2233 login successful,E101,User {user} login successful
76437,2026-01-15,13:52:56,INFO,AuthService,Page view: /home by u4082,E103,Page view: {page} by {user}
76438,2026-01-15,13:54:13,INFO,WebServer,User u3967 login successful,E101,User {user} login successful
76439,2026-01-15,13:13:06,INFO,PaymentGateway,User u2561 login successful,E101,User {user} login successful
76440,2026-01-15,13:46:40,INFO,WebServer,Health check passed: WebServer,E102,Health check passed: {service}
76441,2026-01-15,13:28:10,INFO,AuthService,Health check passed: AuthService,E102,Health check passed: {service}
76442,2026-01-15,13:47:49,WARN,PaymentGateway,Unauthorized access attempt from 10.0.0.12,E401,Unauthorized access attempt from {ip}
76443,2026-01-15,13:24:50,INFO,WebServer,User u4413 login successful,E101,User {user} login successful
76444,2026-01-15,13:54:03,INFO,AuthService,Health check passed: AuthService,E102,Health check passed: {service}
76445,2026-01-15,13:20:00,INFO,WebServer,User u1448 login successful,E101,User {user} login successful
76446,2026-01-15,13:54:42,WARN,AuthService,Disk usage > 85% on node node-4,E202,Disk usage > 85% on node {node}
76447,2026-01-15,13:40:45,WARN,WebServer,Unauthorized access attempt from 10.0.0.45,E401,Unauthorized access attempt from {ip}
76448,2026-01-15,13:39:53,WARN,AuthService,Disk usage > 85% on node node-3,E202,Disk usage > 85% on node {node}
76449,2026-01-15,13:16:55,INFO,AuthService,Health check passed: AuthService,E102,Health check passed: {service}
76450,2026-01-15,13:58:32,INFO,WebServer,Health check passed: WebServer,E102,Health check passed: {service}
76451,2026-01-15,13:33:22,INFO,AuthService,User u4981 login successful,E101,User {user} login successful
76452,2026-01-15,13:54:35,INFO,OrderProcessor,Health check passed: OrderProcessor,E102,Health check passed: {service}
76453,2026-01-15,13:12:24,WARN,AuthService,Disk usage > 85% on node node-3,E202,Disk usage > 85% on node {node}
76454,2026-01-15,13:29:07,INFO,WebServer,Page view: /home by u2599,E103,Page view: {page} by {user}
76455,2026-01-15,13:42:38,INFO,PaymentGateway,Transaction tx809060 completed in 1536ms,E104,Transaction {tx} completed in {time}ms
76456,2026-01-15,13:44:31,INFO,WebServer,Page view: /home by u1796,E103,Page view: {page} by {user}
76457,2026-01-15,13:48:49,INFO,WebServer,Page view: /home by u4421,E103,Page view: {page} by {user}
76458,2026-01-15,13:39:38,INFO,PaymentGateway,Health check passed: PaymentGateway,E102,Health check passed: {service}
76459,2026-01-15,13:52:02,INFO,WebServer,User u3576 login successful,E101,User {user} login successful
76460,2026-01-15,13:45:17,INFO,OrderProcessor,Health check passed: OrderProcessor,E102,Health check passed: {service}
76461,2026-01-15,13:51:24,INFO,OrderProcessor,Page view: /home by u3073,E103,Page view: {page} by {user}
76462,2026-01-15,13:53:25,INFO,WebServer,User u2136 login successful,E101,User {user} login successful
76463,2026-01-15,13:54:20,INFO,WebServer,Page view: /home by u4368,E103,Page view: {page} by {user}
76464,2026-01-15,13:33:33,INFO,InventoryDB,Health check passed: InventoryDB,E102,Health check passed: {service}
76465,2026-01-15,13:12:45,INFO,WebServer,Transaction tx576194 completed in 68ms,E104,Transaction {tx} completed in {time}ms
76466,2026-01-15,13:43:52,INFO,WebServer,Health check passed: WebServer,E102,Health check passed: {service}
76467,2026-01-15,13:19:26,INFO,WebServer,User u1327 login successful,E101,User {user} login successful
76468,2026-01-15,13:59:34,INFO,PaymentGateway,Health check passed: PaymentGateway,E102,Health check passed: {service}
76469,2026-01-15,13:52:17,INFO,WebServer,Transaction tx192179 completed in 971ms,E104,Transaction {tx} completed in {time}ms
76470,2026-01-15,13:10:55,INFO,AuthService,User u1247 login successful,E101,User {user} login successful
76471,2026-01-15,13:49:11,WARN,WebServer,High latency (1625ms) detected on WebServer,E201,High latency ({time}ms) detected on {service}
76472,2026-01-15,13:22:06,INFO,AuthService,User u3231 login successful,E101,User {user} login successful
76473,2026-01-15,13:08:22,INFO,WebServer,Page view: /home by u3610,E103,Page view: {page} by {user}
76474,2026-01-15,13:52:05,INFO,WebServer,User u1209 login successful,E101,User {user} login successful
76475,2026-01-15,13:26:50,INFO,OrderProcessor,User u1491 login successful,E101,User {user} login successful
76476,2026-01-15,13:12:20,INFO,AuthService,Transaction tx620596 completed in 623ms,E104,Transaction {tx} completed in {time}ms
76477,2026-01-15,13:49:22,INFO,WebServer,Page view: /home by u2290,E103,Page view: {page} by {user}
76478,2026-01-15,13:01:19,WARN,OrderProcessor,Unauthorized access attempt from 10.0.0.88,E401,Unauthorized access attempt from {ip}
76479,2026-01-15,13:13:17,INFO,AuthService,Health check passed: AuthService,E102,Health check passed: {service}
76480,2026-01-15,13:54:19,INFO,AuthService,Transaction tx145085 completed in 1808ms,E104,Transaction {tx} completed in {time}ms
76481,2026-01-15,13:45:58,INFO,WebServer,Page view: /home by u3404,E103,Page view: {page} by {user}
76482,2026-01-15,13:18:05,INFO,WebServer,User u4344 login successful,E101,User {user} login successful
76483,2026-01-15,13:20:30,INFO,WebServer,Page view: /home by u4023,E103,Page view: {page} by {user}
76484,2026-01-15,13:23:29,INFO,WebServer,Transaction tx272990 completed in 1769ms,E104,Transaction {tx} completed in {time}ms
76485,2026-01-15,13:44:29,INFO,InventoryDB,Transaction tx552817 completed in 1181ms,E104,Transaction {tx} completed in {time}ms
76486,2026-01-15,13:29:28,WARN,PaymentGateway,High latency (809ms) detected on PaymentGateway,E201,High latency ({time}ms) detected on {service}
76487,2026-01-15,13:36:28,INFO,WebServer,Transaction tx590303 completed in 272ms,E104,Transaction {tx} completed in {time}ms
76488,2026-01-15,13:22:13,INFO,WebServer,Transaction tx623110 completed in 247ms,E104,Transaction {tx} completed in {time}ms
76489,2026-01-15,13:10:23,WARN,WebServer,Disk usage > 85% on node node-3,E202,Disk usage > 85% on node {node}
76490,2026-01-15,13:08:59,INFO,PaymentGateway,Transaction tx324419 completed in 253ms,E104,Transaction {tx} completed in {time}ms
76491,2026-01-15,13:00:46,INFO,WebServer,Page view: /home by u2493,E103,Page view: {page} by {user}
76492,2026-01-15,13:16:39,INFO,AuthService,User u2866 login successful,E101,User {user} login successful
76493,2026-01-15,13:04:31,INFO,WebServer,Transaction tx370588 completed in 1932ms,E104,Transaction {tx} completed in {time}ms
76494,2026-01-15,13:28:34,INFO,WebServer,User u2272 login successful,E101,User {user} login successful
76495,2026-01-15,13:01:13,WARN,AuthService,Unauthorized access attempt from 10.0.0.45,E401,Unauthorized access attempt from {ip}
76496,2026-01-15,13:10:30,INFO,OrderProcessor,User u1376 login successful,E101,User {user} login successful
76497,2026-01-15,13:46:05,INFO,WebServer,Page view: /home by u1186,E103,Page view: {page} by {user}
76498,2026-01-15,13:07:31,INFO,WebServer,User u2616 login successful,E101,User {user} login successful
76499,2026-01-15,13:01:11,INFO,OrderProcessor,User u1774 login successful,E101,User {user} login successful
76500,2026-01-15,13:05:25,INFO,WebServer,Health check passed: WebServer,E102,Health check passed: {service}
76501,2026-01-15,13:32:41,INFO,AuthService,Health check passed: AuthService,E102,Health check passed: {service}
76502,2026-01-15,13:46:14,INFO,WebServer,Health check passed: WebServer,E102,Health check passed: {service}
76503,2026-01-15,13:06:30,INFO,AuthService,Transaction tx985271 completed in 542ms,E104,Transaction {tx} completed in {time}ms
76504,2026-01-15,13:27:03,INFO,InventoryDB,User u1194 login successful,E101,User {user} login successful
76505,2026-01-15,13:48:13,INFO,AuthService,Health check passed: AuthService,E102,Health check passed: {service}
76506,2026-01-15,13:22:53,INFO,WebServer,User u4023 login successful,E101,User {user} login successful
76507,2026-01-15,13:33:28,INFO,AuthService,User u1565 login successful,E101,User {user} login successful
76508,2026-01-15,13:42:45,INFO,WebServer,User u3152 login successful,E101,User {user} login successful
76509,2026-01-15,13:44:56,INFO,PaymentGateway,User u4872 login successful,E101,User {user} login successful
76510,2026-01-15,13:40:48,INFO,WebServer,Health check passed: WebServer,E102,Health check passed: {service}
76511,2026-01-15,13:02:36,INFO,WebServer,Page view: /home by u1452,E103,Page view: {page} by {user}
76512,2026-01-15,13:22:00,INFO,WebServer,Transaction tx934882 completed in 1094ms,E104,Transaction {tx} completed in {time}ms
76513,2026-01-15,13:59:54,INFO,WebServer,Transaction tx437672 completed in 1609ms,E104,Transaction {tx} completed in {time}ms
76514,2026-01-15,13:18:46,INFO,OrderProcessor,Transaction tx575934 completed in 875ms,E104,Transaction {tx} completed in {time}ms
76515,2026-01-15,13:31:54,INFO,WebServer,User u2614 login successful,E101,User {user} login successful
76516,2026-01-15,13:01:37,INFO,WebServer,Transaction tx576179 completed in 116ms,E104,Transaction {tx} completed in {time}ms
76517,2026-01-15,13:14:39,INFO,OrderProcessor,Transaction tx216165 completed in 162ms,E104,Transaction {tx} completed in {time}ms
76518,2026-01-15,13:20:03,INFO,PaymentGateway,Page view: /home by u4727,E103,Page view: {page} by {user}
76519,2026-01-15,13:17:44,INFO,AuthService,Transaction tx496287 completed in 1650ms,E104,Transaction {tx} completed in {time}ms
76520,2026-01-15,13:44:43,INFO,OrderProcessor,Transaction tx498979 completed in 63ms,E104,Transaction {tx} completed in {time}ms
76521,2026-01-15,13:00:29,INFO,WebServer,User u3082 login successful,E101,User {user} login successful
76522,2026-01-15,13:40:28,INFO,OrderProcessor,User u2023 login successful,E101,User {user} login successful
76523,2026-01-15,13:31:57,INFO,WebServer,User u1926 login successful,E101,User {user} login successful
76524,2026-01-15,13:35:48,INFO,PaymentGateway,User u3468 login successful,E101,User {user} login successful
76525,2026-01-15,13:57:05,INFO,WebServer,User u4866 login successful,E101,User {user} login successful
76526,2026-01-15,13:15:48,INFO,AuthService,Transaction tx844135 completed in 1101ms,E104,Transaction {tx} completed in {time}ms
76527,2026-01-15,13:36:02,INFO,OrderProcessor,Health check passed: OrderProcessor,E102,Health check passed: {service}
76528,2026-01-15,13:21:54,INFO,WebServer,User u2485 login successful,E101,User {user} login successful
76529,2026-01-15,13:39:35,INFO,WebServer,User u3883 login successful,E101,User {user} login successful
76530,2026-01-15,13:59:04,INFO,WebServer,Health check passed: WebServer,E102,Health check passed: {service}
76531,2026-01-15,13:32:54,INFO,WebServer,User u1145 login successful,E101,User {user} login successful
76532,2026-01-15,13:27:14,INFO,WebServer,Transaction tx270839 completed in 842ms,E104,Transaction {tx} completed in {time}ms
76533,2026-01-15,13:29:25,INFO,WebServer,Transaction tx959485 completed in 572ms,E104,Transaction {tx} completed in {time}ms
76534,2026-01-15,13:11:42,INFO,WebServer,Transaction tx749981 completed in 1863ms,E104,Transaction {tx} completed in {time}ms
76535,2026-01-15,13:10:03,INFO,AuthService,Page view: /home by u2262,E103,Page view: {page} by {user}
76536,2026-01-15,13:20:36,INFO,WebServer,Page view: /home by u4073,E103,Page view: {page} by {user}
76537,2026-01-15,13:44:58,INFO,WebServer,Health check passed: WebServer,E102,Health check passed: {service}
76538,2026-01-15,13:59:40,INFO,AuthService,Page view: /home by u2435,E103,Page view: {page} by {user}
76539,2026-01-15,13:52:36,INFO,OrderProcessor,User u4174 login successful,E101,User {user} login successful
76540,2026-01-15,13:23:35,INFO,WebServer,Health check passed: WebServer,E102,Health check passed: {service}
76541,2026-01-15,13:47:28,INFO,InventoryDB,Transaction tx265461 completed in 457ms,E104,Transaction {tx} completed in {time}ms
76542,2026-01-15,13:01:49,INFO,InventoryDB,Transaction tx643834 completed in 617ms,E104,Transaction {tx} completed in {time}ms
76543,2026-01-15,13:38:22,INFO,AuthService,Transaction tx930231 completed in 420ms,E104,Transaction {tx} completed in {time}ms
76544,2026-01-15,13:50:15,WARN,WebServer,High latency (447ms) detected on WebServer,E201,High latency ({time}ms) detected on {service}
76545,2026-01-15,13:48:04,INFO,AuthService,Health check passed: AuthService,E102,Health check passed: {service}
76546,2026-01-15,13:27:24,INFO,WebServer,Transaction tx429281 completed in 995ms,E104,Transaction {tx} completed in {time}ms
76547,2026-01-15,13:27:19,INFO,PaymentGateway,Health check passed: PaymentGateway,E102,Health check passed: {service}
76548,2026-01-15,13:32:37,INFO,WebServer,Page view: /home by u1899,E103,Page view: {page} by {user}
76549,2026-01-15,13:43:12,WARN,PaymentGateway,High latency (522ms) detected on PaymentGateway,E201,High latency ({time}ms) detected on {service}
76550,2026-01-15,13:59:27,INFO,WebServer,User u1908 login successful,E101,User {user} login successful
76551,2026-01-15,13:14:17,WARN,AuthService,High latency (1018ms) detected on AuthService,E201,High latency ({time}ms) detected on {service}
76552,2026-01-15,13:53:38,INFO,PaymentGateway,User u4833 login successful,E101,User {user} login successful
76553,2026-01-15,13:21:09,INFO,WebServer,Health check passed: WebServer,E102,Health check passed: {service}
76554,2026-01-15,13:32:34,INFO,AuthService,Transaction tx570412 completed in 845ms,E104,Transaction {tx} completed in {time}ms
76555,2026-01-15,13:36:13,INFO,OrderProcessor,Page view: /home by u3441,E103,Page view: {page} by {user}
76556,2026-01-15,13:39:38,INFO,WebServer,User u1594 login successful,E101,User {user} login successful
76557,2026-01-15,13:18:42,INFO,PaymentGateway,Page view: /home by u1577,E103,Page view: {page} by {user}
76558,2026-01-15,13:17:28,INFO,PaymentGateway,Health check passed: PaymentGateway,E102,Health check passed: {service}
76559,2026-01-15,13:06:17,INFO,WebServer,User u3900 login successful,E101,User {user} login successful
76560,2026-01-15,13:15:12,INFO,WebServer,Transaction tx793121 completed in 82ms,E104,Transaction {tx} completed in {time}ms
76561,2026-01-15,13:32:29,INFO,AuthService,Transaction tx376353 completed in 1993ms,E104,Transaction {tx} completed in {time}ms
76562,2026-01-15,13:20:53,INFO,WebServer,Transaction tx601078 completed in 831ms,E104,Transaction {tx} completed in {time}ms
76563,2026-01-15,13:30:14,INFO,AuthService,Page view: /home by u3664,E103,Page view: {page} by {user}
76564,2026-01-15,13:06:09,INFO,AuthService,Transaction tx431051 completed in 748ms,E104,Transaction {tx} completed in {time}ms
76565,2026-01-15,13:50:44,INFO,WebServer,Transaction tx800926 completed in 1692ms,E104,Transaction {tx} completed in {time}ms
76566,2026-01-15,13:43:43,INFO,WebServer,Health check passed: WebServer,E102,Health check passed: {service}
76567,2026-01-15,13:17:49,INFO,OrderProcessor,Transaction tx258413 completed in 1614ms,E104,Transaction {tx} completed in {time}ms
76568,2026-01-15,13:56:35,INFO,AuthService,Transaction tx851931 completed in 1821ms,E104,Transaction {tx} completed in {time}ms
76569,2026-01-15,13:14:06,INFO,OrderProcessor,Health check passed: OrderProcessor,E102,Health check passed: {service}
76570,2026-01-15,13:24:48,INFO,PaymentGateway,Transaction tx859892 completed in 840ms,E104,Transaction {tx} completed in {time}ms
76571,2026-01-15,13:14:07,INFO,WebServer,Health check passed: WebServer,E102,Health check passed: {service}
76572,2026-01-15,13:15:24,WARN,PaymentGateway,High latency (1853ms) detected on PaymentGateway,E201,High latency ({time}ms) detected on {service}
76573,2026-01-15,13:49:11,INFO,AuthService,Page view: /home by u3384,E103,Page view: {page} by {user}
76574,2026-01-15,13:51:42,INFO,InventoryDB,Transaction tx273573 completed in 1720ms,E104,Transaction {tx} completed in {time}ms
76575,2026-01-15,13:09:26,INFO,WebServer,Transaction tx196616 completed in 1943ms,E104,Transaction {tx} completed in {time}ms
76576,2026-01-15,13:57:22,ERROR,AuthService,Connection refused to AuthService at 10.0.0.45,E501,Connection refused to {service} at {ip}
76577,2026-01-15,13:15:59,INFO,PaymentGateway,Health check passed: PaymentGateway,E102,Health check passed: {service}
76578,2026-01-15,13:26:30,INFO,AuthService,Page view: /home by u3728,E103,Page view: {page} by {user}
76579,2026-01-15,13:12:17,ERROR,AuthService,Payment declined: Gateway unavailable,E503,Payment declined: Gateway unavailable
76580,2026-01-15,13:01:46,INFO,WebServer,Health check passed: WebServer,E102,Health check passed: {service}
76581,2026-01-15,13:45:45,INFO,PaymentGateway,Transaction tx101631 completed in 1194ms,E104,Transaction {tx} completed in {time}ms
76582,2026-01-15,13:54:31,INFO,AuthService,Transaction tx260953 completed in 1966ms,E104,Transaction {tx} completed in {time}ms
76583,2026-01-15,13:12:29,ERROR,WebServer,Timeout waiting for lock on InventoryDB,E502,Timeout waiting for lock on {db}
76584,2026-01-15,13:55:38,INFO,PaymentGateway,Page view: /home by u4246,E103,Page view: {page} by {user}
76585,2026-01-15,13:53:52,INFO,WebServer,Health check passed: WebServer,E102,Health check passed: {service}
76586,2026-01-15,13:39:44,INFO,WebServer,User u1207 login successful,E101,User {user} login successful
76587,2026-01-15,13:05:27,INFO,PaymentGateway,Transaction tx980043 completed in 1315ms,E104,Transaction {tx} completed in {time}ms
76588,2026-01-15,13:56:12,WARN,WebServer,High latency (1770ms) detected on WebServer,E201,High latency ({time}ms) detected on {service}
76589,2026-01-15,13:27:12,INFO,PaymentGateway,User u1244 login successful,E101,User {user} login successful
76590,2026-01-15,13:00:06,INFO,WebServer,Transaction tx405730 completed in 540ms,E104,Transaction {tx} completed in {time}ms
76591,2026-01-15,13:59:05,INFO,OrderProcessor,Page view: /home by u3082,E103,Page view: {page} by {user}
76592,2026-01-15,13:19:28,ERROR,AuthService,Connection refused to AuthService at 10.0.0.88,E501,Connection refused to {service} at {ip}
76593,2026-01-15,13:52:58,INFO,AuthService,User u3831 login successful,E101,User {user} login successful
76594,2026-01-15,13:22:54,INFO,WebServer,Health check passed: WebServer,E102,Health check passed: {service}
76595,2026-01-15,13:45:24,WARN,WebServer,Disk usage > 85% on node node-4,E202,Disk usage > 85% on node {node}
76596,2026-01-15,13:28:52,INFO,PaymentGateway,Transaction tx470083 completed in 1965ms,E104,Transaction {tx} completed in {time}ms
76597,2026-01-15,13:30:23,INFO,WebServer,Health check passed: WebServer,E102,Health check passed: {service}
76598,2026-01-15,13:20:26,INFO,WebServer,Transaction tx294601 completed in 986ms,E104,Transaction {tx} completed in {time}ms
76599,2026-01-15,13:32:12,INFO,AuthService,Health check passed: AuthService,E102,Health check passed: {service}
76600,2026-01-15,13:25:09,INFO,WebServer,Health check passed: WebServer,E102,Health check passed: {service}
76601,2026-01-15,13:17:27,INFO,WebServer,Transaction tx723166 completed in 799ms,E104,Transaction {tx} completed in {time}ms
76602,2026-01-15,13:10:22,INFO,WebServer,Health check passed: WebServer,E102,Health check passed: {service}
76603,2026-01-15,13:37:32,ERROR,OrderProcessor,Timeout waiting for lock on InventoryDB,E502,Timeout waiting for lock on {db}
76604,2026-01-15,13:09:17,INFO,WebServer,User u4197 login successful,E101,User {user} login successful
76605,2026-01-15,13:27:53,INFO,OrderProcessor,User u3202 login successful,E101,User {user} login successful
76606,2026-01-15,13:57:41,INFO,WebServer,Transaction tx714497 completed in 1100ms,E104,Transaction {tx} completed in {time}ms
76607,2026-01-15,13:49:12,INFO,WebServer,Page view: /home by u1933,E103,Page view: {page} by {user}
76608,2026-01-15,13:19:51,INFO,WebServer,User u4638 login successful,E101,User {user} login successful
76609,2026-01-15,13:59:05,INFO,WebServer,Health check passed: WebServer,E102,Health check passed: {service}
76610,2026-01-15,13:09:10,INFO,WebServer,Transaction tx220946 completed in 551ms,E104,Transaction {tx} completed in {time}ms
76611,2026-01-15,13:18:10,INFO,AuthService,Health check passed: AuthService,E102,Health check passed: {service}
76612,2026-01-15,13:54:07,INFO,OrderProcessor,Page view: /home by u3543,E103,Page view: {page} by {user}
76613,2026-01-15,13:23:38,INFO,WebServer,Health check passed: WebServer,E102,Health check passed: {service}
76614,2026-01-15,13:57:14,INFO,PaymentGateway,Page view: /home by u3043,E103,Page view: {page} by {user}
76615,2026-01-15,13:34:42,INFO,WebServer,Transaction tx399432 completed in 1894ms,E104,Transaction {tx} completed in {time}ms
76616,2026-01-15,13:26:29,INFO,OrderProcessor,Transaction tx972160 completed in 1699ms,E104,Transaction {tx} completed in {time}ms
76617,2026-01-15,13:31:53,INFO,WebServer,Transaction tx762197 completed in 1131ms,E104,Transaction {tx} completed in {time}ms
76618,2026-01-15,13:31:01,INFO,AuthService,Health check passed: AuthService,E102,Health check passed: {service}
76619,2026-01-15,13:10:13,INFO,AuthService,Page view: /home by u3280,E103,Page view: {page} by {user}
76620,2026-01-15,13:25:32,INFO,PaymentGateway,Transaction tx343671 completed in 21ms,E104,Transaction {tx} completed in {time}ms
76621,2026-01-15,13:49:29,INFO,OrderProcessor,User u2580 login successful,E101,User {user} login successful
76622,2026-01-15,13:23:30,INFO,WebServer,Transaction tx165913 completed in 1999ms,E104,Transaction {tx} completed in {time}ms
76623,2026-01-15,13:34:47,INFO,AuthService,User u1032 login successful,E101,User {user} login successful
76624,2026-01-15,13:42:48,INFO,WebServer,Page view: /home by u3261,E103,Page view: {page} by {user}
76625,2026-01-15,13:57:36,INFO,AuthService,Page view: /home by u4353,E103,Page view: {page} by {user}
76626,2026-01-15,13:58:11,INFO,WebServer,Health check passed: WebServer,E102,Health check passed: {service}
76627,2026-01-15,13:43:33,INFO,OrderProcessor,Transaction tx783068 completed in 622ms,E104,Transaction {tx} completed in {time}ms
76628,2026-01-15,13:38:47,INFO,AuthService,Health check passed: AuthService,E102,Health check passed: {service}
76629,2026-01-15,13:03:27,INFO,OrderProcessor,Health check passed: OrderProcessor,E102,Health check passed: {service}
76630,2026-01-15,13:04:45,INFO,OrderProcessor,Health check passed: OrderProcessor,E102,Health check passed: {service}
76631,2026-01-15,13:05:32,INFO,AuthService,Transaction tx978315 completed in 761ms,E104,Transaction {tx} completed in {time}ms
76632,2026-01-15,13:05:39,WARN,WebServer,Unauthorized access attempt from 10.0.0.88,E401,Unauthorized access attempt from {ip}
76633,2026-01-15,13:37:39,INFO,WebServer,Health check passed: WebServer,E102,Health check passed: {service}
76634,2026-01-15,13:12:37,WARN,AuthService,High latency (1321ms) detected on AuthService,E201,High latency ({time}ms) detected on {service}
76635,2026-01-15,13:24:39,INFO,OrderProcessor,Transaction tx219418 completed in 1928ms,E104,Transaction {tx} completed in {time}ms
76636,2026-01-15,13:19:27,INFO,OrderProcessor,Health check passed: OrderProcessor,E102,Health check passed: {service}
76637,2026-01-15,13:12:15,INFO,AuthService,Page view: /home by u4825,E103,Page view: {page} by {user}
76638,2026-01-15,13:54:48,INFO,AuthService,Page view: /home by u2387,E103,Page view: {page} by {user}
76639,2026-01-15,13:28:53,INFO,AuthService,User u4669 login successful,E101,User {user} login successful
76640,2026-01-15,13:27:49,INFO,AuthService,Page view: /home by u3298,E103,Page view: {page} by {user}
76641,2026-01-15,13:58:46,INFO,AuthService,Health check passed: AuthService,E102,Health check passed: {service}
76642,2026-01-15,13:24:10,INFO,OrderProcessor,User u3155 login successful,E101,User {user} login successful
76643,2026-01-15,13:06:49,INFO,WebServer,Transaction tx974706 completed in 825ms,E104,Transaction {tx} completed in {time}ms
76644,2026-01-15,13:58:30,INFO,WebServer,User u1241 login successful,E101,User {user} login successful
76645,2026-01-15,13:37:23,INFO,OrderProcessor,Page view: /home by u4537,E103,Page view: {page} by {user}
76646,2026-01-15,13:25:34,INFO,AuthService,User u4604 login successful,E101,User {user} login successful
76647,2026-01-15,13:01:35,INFO,AuthService,User u2560 login successful,E101,User {user} login successful
76648,2026-01-15,13:45:05,INFO,PaymentGateway,Health check passed: PaymentGateway,E102,Health check passed: {service}
76649,2026-01-15,13:59:41,INFO,WebServer,User u1046 login successful,E101,User {user} login successful
76650,2026-01-15,13:58:58,INFO,OrderProcessor,Transaction tx413251 completed in 1412ms,E104,Transaction {tx} completed in {time}ms
76651,2026-01-15,13:26:43,INFO,WebServer,User u3223 login successful,E101,User {user} login successful
76652,2026-01-15,13:00:00,INFO,OrderProcessor,Health check passed: OrderProcessor,E102,Health check passed: {service}
76653,2026-01-15,13:42:31,INFO,WebServer,User u4207 login successful,E101,User {user} login successful
76654,2026-01-15,13:55:07,INFO,WebServer,User u4686 login successful,E101,User {user} login successful
76655,2026-01-15,13:25:29,INFO,WebServer,Health check passed: WebServer,E102,Health check passed: {service}
76656,2026-01-15,13:22:24,INFO,OrderProcessor,User u3697 login successful,E101,User {user} login successful
76657,2026-01-15,13:18:53,INFO,OrderProcessor,Transaction tx394151 completed in 55ms,E104,Transaction {tx} completed in {time}ms
76658,2026-01-15,13:51:52,INFO,WebServer,Page view: /home by u1917,E103,Page view: {page} by {user}
76659,2026-01-15,13:08:19,INFO,WebServer,Page view: /home by u1813,E103,Page view: {page} by {user}
76660,2026-01-15,13:08:45,INFO,WebServer,Health check passed: WebServer,E102,Health check passed: {service}
76661,2026-01-15,13:03:38,INFO,AuthService,Transaction tx735894 completed in 1836ms,E104,Transaction {tx} completed in {time}ms
76662,2026-01-15,13:16:44,INFO,WebServer,Health check passed: WebServer,E102,Health check passed: {service}
76663,2026-01-15,13:54:09,WARN,AuthService,High latency (600ms) detected on AuthService,E201,High latency ({time}ms) detected on {service}
76664,2026-01-15,13:01:34,INFO,OrderProcessor,User u2436 login successful,E101,User {user} login successful
76665,2026-01-15,13:46:48,INFO,WebServer,Health check passed: WebServer,E102,Health check passed: {service}
76666,2026-01-15,13:33:51,INFO,AuthService,Transaction tx677957 completed in 804ms,E104,Transaction {tx} completed in {time}ms
76667,2026-01-15,13:22:19,INFO,AuthService,Transaction tx468930 completed in 135ms,E104,Transaction {tx} completed in {time}ms
76668,2026-01-15,13:29:51,INFO,AuthService,Page view: /home by u3718,E103,Page view: {page} by {user}
76669,2026-01-15,13:39:44,INFO,AuthService,Transaction tx877563 completed in 687ms,E104,Transaction {tx} completed in {time}ms
76670,2026-01-15,13:45:40,INFO,WebServer,Transaction tx497074 completed in 170ms,E104,Transaction {tx} completed in {time}ms
76671,2026-01-15,13:13:59,INFO,WebServer,Health check passed: WebServer,E102,Health check passed: {service}
76672,2026-01-15,13:31:12,INFO,WebServer,Page view: /home by u4781,E103,Page view: {page} by {user}
76673,2026-01-15,13:41:15,INFO,AuthService,User u4932 login successful,E101,User {user} login successful
76674,2026-01-15,13:49:08,INFO,WebServer,Transaction tx221092 completed in 1594ms,E104,Transaction {tx} completed in {time}ms
76675,2026-01-15,13:44:18,INFO,WebServer,Health check passed: WebServer,E102,Health check passed: {service}
76676,2026-01-15,13:05:03,INFO,WebServer,Health check passed: WebServer,E102,Health check passed: {service}
76677,2026-01-15,13:51:23,INFO,WebServer,Page view: /home by u3381,E103,Page view: {page} by {user}
76678,2026-01-15,13:02:08,INFO,InventoryDB,User u3532 login successful,E101,User {user} login successful
76679,2026-01-15,13:52:23,INFO,WebServer,Page view: /home by u1208,E103,Page view: {page} by {user}
76680,2026-01-15,13:37:15,INFO,AuthService,Page view: /home by u2065,E103,Page view: {page} by {user}
76681,2026-01-15,13:34:24,INFO,WebServer,User u2337 login successful,E101,User {user} login successful
76682,2026-01-15,13:23:48,INFO,InventoryDB,Page view: /home by u2665,E103,Page view: {page} by {user}
76683,2026-01-15,13:41:50,INFO,WebServer,Transaction tx444569 completed in 1891ms,E104,Transaction {tx} completed in {time}ms
76684,2026-01-15,13:04:38,INFO,WebServer,Health check passed: WebServer,E102,Health check passed: {service}
76685,2026-01-15,13:44:57,INFO,OrderProcessor,Page view: /home by u2397,E103,Page view: {page} by {user}
76686,2026-01-15,13:11:40,INFO,AuthService,Page view: /home by u1293,E103,Page view: {page} by {user}
76687,2026-01-15,13:46:16,INFO,PaymentGateway,Page view: /home by u2850,E103,Page view: {page} by {user}
76688,2026-01-15,13:52:33,INFO,WebServer,Transaction tx667205 completed in 1291ms,E104,Transaction {tx} completed in {time}ms
76689,2026-01-15,13:36:59,INFO,InventoryDB,Health check passed: InventoryDB,E102,Health check passed: {service}
76690,2026-01-15,13:26:31,INFO,AuthService,User u4292 login successful,E101,User {user} login successful
76691,2026-01-15,13:43:55,INFO,WebServer,User u1323 login successful,E101,User {user} login successful
76692,2026-01-15,13:06:57,INFO,AuthService,Health check passed: AuthService,E102,Health check passed: {service}
76693,2026-01-15,13:23:21,INFO,OrderProcessor,Transaction tx813563 completed in 1072ms,E104,Transaction {tx} completed in {time}ms
76694,2026-01-15,13:19:59,INFO,WebServer,User u4149 login successful,E101,User {user} login successful
76695,2026-01-15,13:31:49,INFO,WebServer,Transaction tx917939 completed in 409ms,E104,Transaction {tx} completed in {time}ms
76696,2026-01-15,13:13:03,INFO,WebServer,Transaction tx930035 completed in 869ms,E104,Transaction {tx} completed in {time}ms
76697,2026-01-15,13:40:19,INFO,WebServer,Page view: /home by u4762,E103,Page view: {page} by {user}
76698,2026-01-15,13:37:29,INFO,AuthService,Page view: /home by u3867,E103,Page view: {page} by {user}
76699,2026-01-15,13:27:47,INFO,WebServer,Transaction tx208360 completed in 1069ms,E104,Transaction {tx} completed in {time}ms
76700,2026-01-15,13:21:49,INFO,AuthService,Health check passed: AuthService,E102,Health check passed: {service}
76701,2026-01-15,13:05:25,INFO,AuthService,Page view: /home by u3743,E103,Page view: {page} by {user}
76702,2026-01-15,13:17:51,INFO,InventoryDB,Transaction tx137661 completed in 1014ms,E104,Transaction {tx} completed in {time}ms
76703,2026-01-15,13:12:12,INFO,PaymentGateway,Transaction tx751995 completed in 1676ms,E104,Transaction {tx} completed in {time}ms
76704,2026-01-15,13:15:18,INFO,WebServer,User u1217 login successful,E101,User {user} login successful
76705,2026-01-15,13:08:45,INFO,PaymentGateway,Health check passed: PaymentGateway,E102,Health check passed: {service}
76706,2026-01-15,13:06:09,INFO,OrderProcessor,Page view: /home by u4495,E103,Page view: {page} by {user}
76707,2026-01-15,13:21:07,INFO,AuthService,Health check passed: AuthService,E102,Health check passed: {service}
76708,2026-01-15,13:57:27,INFO,InventoryDB,Transaction tx701184 completed in 1093ms,E104,Transaction {tx} completed in {time}ms
76709,2026-01-15,13:54:03,INFO,OrderProcessor,Page view: /home by u3609,E103,Page view: {page} by {user}
76710,2026-01-15,13:51:46,INFO,WebServer,Health check passed: WebServer,E102,Health check passed: {service}
76711,2026-01-15,13:15:15,CRITICAL,WebServer,KERNEL PANIC: Node node-5 crashed,E601,KERNEL PANIC: Node {node} crashed
76712,2026-01-15,13:09:16,INFO,AuthService,Page view: /home by u3602,E103,Page view: {page} by {user}
76713,2026-01-15,13:50:47,INFO,WebServer,Page view: /home by u2613,E103,Page view: {page} by {user}
76714,2026-01-15,13:47:28,INFO,WebServer,Page view: /home by u2323,E103,Page view: {page} by {user}
76715,2026-01-15,13:14:37,INFO,OrderProcessor,User u3346 login successful,E101,User {user} login successful
76716,2026-01-15,13:26:05,INFO,WebServer,Page view: /home by u2025,E103,Page view: {page} by {user}
76717,2026-01-15,13:45:49,INFO,OrderProcessor,Page view: /home by u4447,E103,Page view: {page} by {user}
76718,2026-01-15,13:27:35,INFO,WebServer,User u2157 login successful,E101,User {user} login successful
76719,2026-01-15,13:50:00,INFO,WebServer,Transaction tx995047 completed in 850ms,E104,Transaction {tx} completed in {time}ms
76720,2026-01-15,13:38:06,INFO,PaymentGateway,Transaction tx402107 completed in 1310ms,E104,Transaction {tx} completed in {time}ms
76721,2026-01-15,13:01:01,INFO,PaymentGateway,User u3769 login successful,E101,User {user} login successful
76722,2026-01-15,13:29:48,INFO,WebServer,User u3029 login successful,E101,User {user} login successful
76723,2026-01-15,13:47:48,INFO,OrderProcessor,User u1529 login successful,E101,User {user} login successful
76724,2026-01-15,13:28:45,INFO,WebServer,Health check passed: WebServer,E102,Health check passed: {service}
76725,2026-01-15,13:28:20,WARN,InventoryDB,High latency (251ms) detected on InventoryDB,E201,High latency ({time}ms) detected on {service}
76726,2026-01-15,13:25:48,INFO,WebServer,Page view: /home by u1489,E103,Page view: {page} by {user}
76727,2026-01-15,13:30:01,INFO,AuthService,Page view: /home by u1465,E103,Page view: {page} by {user}
76728,2026-01-15,13:34:03,INFO,OrderProcessor,Page view: /home by u4474,E103,Page view: {page} by {user}
76729,2026-01-15,13:28:07,INFO,WebServer,Health check passed: WebServer,E102,Health check passed: {service}
76730,2026-01-15,13:56:51,INFO,WebServer,Transaction tx137624 completed in 900ms,E104,Transaction {tx} completed in {time}ms
76731,2026-01-15,13:05:55,INFO,PaymentGateway,User u1538 login successful,E101,User {user} login successful
76732,2026-01-15,13:22:18,INFO,AuthService,Transaction tx131113 completed in 487ms,E104,Transaction {tx} completed in {time}ms
76733,2026-01-15,13:01:49,INFO,AuthService,User u2670 login successful,E101,User {user} login successful
76734,2026-01-15,13:33:56,INFO,WebServer,Health check passed: WebServer,E102,Health check passed: {service}
76735,2026-01-15,13:50:26,INFO,WebServer,Transaction tx542290 completed in 26ms,E104,Transaction {tx} completed in {time}ms
76736,2026-01-15,13:55:45,INFO,WebServer,Page view: /home by u2513,E103,Page view: {page} by {user}
76737,2026-01-15,13:17:10,INFO,WebServer,User u2792 login successful,E101,User {user} login successful
76738,2026-01-15,13:11:24,WARN,WebServer,High latency (562ms) detected on WebServer,E201,High latency ({time}ms) detected on {service}
76739,2026-01-15,13:02:39,INFO,AuthService,Page view: /home by u1085,E103,Page view: {page} by {user}
76740,2026-01-15,13:18:58,INFO,AuthService,Health check passed: AuthService,E102,Health check passed: {service}
76741,2026-01-15,13:31:22,WARN,WebServer,Disk usage > 85% on node node-2,E202,Disk usage > 85% on node {node}
76742,2026-01-15,13:20:52,WARN,OrderProcessor,Unauthorized access attempt from 10.0.0.45,E401,Unauthorized access attempt from {ip}
76743,2026-01-15,13:24:13,INFO,OrderProcessor,Page view: /home by u3161,E103,Page view: {page} by {user}
76744,2026-01-15,13:07:58,INFO,PaymentGateway,Page view: /home by u1530,E103,Page view: {page} by {user}
76745,2026-01-15,13:11:22,INFO,WebServer,Page view: /home by u2355,E103,Page view: {page} by {user}
76746,2026-01-15,13:26:30,INFO,AuthService,User u2828 login successful,E101,User {user} login successful
76747,2026-01-15,13:28:14,INFO,AuthService,User u4626 login successful,E101,User {user} login successful
76748,2026-01-15,13:41:02,INFO,WebServer,Transaction tx167227 completed in 2000ms,E104,Transaction {tx} completed in {time}ms
76749,2026-01-15,13:33:40,INFO,PaymentGateway,User u3351 login successful,E101,User {user} login successful
76750,2026-01-15,13:45:28,INFO,AuthService,Page view: /home by u2349,E103,Page view: {page} by {user}
76751,2026-01-15,13:13:51,INFO,AuthService,Page view: /home by u1130,E103,Page view: {page} by {user}
76752,2026-01-15,13:39:18,INFO,WebServer,Page view: /home by u4373,E103,Page view: {page} by {user}
76753,2026-01-15,13:16:13,INFO,WebServer,Transaction tx128099 completed in 36ms,E104,Transaction {tx} completed in {time}ms
76754,2026-01-15,13:48:52,INFO,WebServer,Page view: /home by u1424,E103,Page view: {page} by {user}
76755,2026-01-15,13:22:09,INFO,WebServer,User u1753 login successful,E101,User {user} login successful
76756,2026-01-15,13:11:59,INFO,WebServer,User u2627 login successful,E101,User {user} login successful
76757,2026-01-15,13:50:26,INFO,AuthService,Health check passed: AuthService,E102,Health check passed: {service}
76758,2026-01-15,13:01:49,INFO,WebServer,User u4830 login successful,E101,User {user} login successful
76759,2026-01-15,13:58:09,INFO,OrderProcessor,Transaction tx823518 completed in 763ms,E104,Transaction {tx} completed in {time}ms
76760,2026-01-15,13:45:37,INFO,PaymentGateway,Transaction tx285182 completed in 437ms,E104,Transaction {tx} completed in {time}ms
76761,2026-01-15,13:05:05,INFO,WebServer,Transaction tx453698 completed in 843ms,E104,Transaction {tx} completed in {time}ms
76762,2026-01-15,13:51:45,INFO,WebServer,User u2742 login successful,E101,User {user} login successful
76763,2026-01-15,13:29:29,INFO,WebServer,User u3780 login successful,E101,User {user} login successful
76764,2026-01-15,13:53:52,INFO,WebServer,Transaction tx613247 completed in 859ms,E104,Transaction {tx} completed in {time}ms
76765,2026-01-15,13:08:42,INFO,WebServer,Transaction tx963485 completed in 502ms,E104,Transaction {tx} completed in {time}ms
76766,2026-01-15,13:52:32,INFO,WebServer,Health check passed: WebServer,E102,Health check passed: {service}
76767,2026-01-15,13:37:11,INFO,WebServer,Transaction tx672819 completed in 357ms,E104,Transaction {tx} completed in {time}ms
76768,2026-01-15,13:03:56,INFO,AuthService,User u4720 login successful,E101,User {user} login successful
76769,2026-01-15,13:58:03,INFO,InventoryDB,Transaction tx567405 completed in 1774ms,E104,Transaction {tx} completed in {time}ms
76770,2026-01-15,13:46:50,INFO,AuthService,Transaction tx684379 completed in 524ms,E104,Transaction {tx} completed in {time}ms
76771,2026-01-15,13:54:07,INFO,WebServer,Page view: /home by u4258,E103,Page view: {page} by {user}
76772,2026-01-15,13:14:30,INFO,AuthService,User u4845 login successful,E101,User {user} login successful
76773,2026-01-15,13:53:21,INFO,InventoryDB,User u2487 login successful,E101,User {user} login successful
76774,2026-01-15,13:42:21,INFO,WebServer,Page view: /home by u2417,E103,Page view: {page} by {user}
76775,2026-01-15,13:45:08,INFO,WebServer,Health check passed: WebServer,E102,Health check passed: {service}
76776,2026-01-15,13:21:15,INFO,WebServer,Page view: /home by u4866,E103,Page view: {page} by {user}
76777,2026-01-15,13:44:50,WARN,AuthService,Unauthorized access attempt from 10.0.0.88,E401,Unauthorized access attempt from {ip}
76778,2026-01-15,13:04:33,INFO,WebServer,User u1635 login successful,E101,User {user} login successful
76779,2026-01-15,13:23:44,INFO,OrderProcessor,Health check passed: OrderProcessor,E102,Health check passed: {service}
76780,2026-01-15,13:13:05,INFO,OrderProcessor,Page view: /home by u3610,E103,Page view: {page} by {user}
76781,2026-01-15,13:51:24,INFO,AuthService,Page view: /home by u4513,E103,Page view: {page} by {user}
76782,2026-01-15,13:40:55,INFO,InventoryDB,Page view: /home by u1361,E103,Page view: {page} by {user}
76783,2026-01-15,13:04:08,INFO,WebServer,User u2407 login successful,E101,User {user} login successful
76784,2026-01-15,13:22:55,INFO,PaymentGateway,Page view: /home by u2034,E103,Page view: {page} by {user}
76785,2026-01-15,13:32:44,INFO,AuthService,Transaction tx389057 completed in 27ms,E104,Transaction {tx} completed in {time}ms
76786,2026-01-15,13:01:09,INFO,WebServer,Transaction tx643832 completed in 1834ms,E104,Transaction {tx} completed in {time}ms
76787,2026-01-15,13:36:45,INFO,PaymentGateway,Page view: /home by u3809,E103,Page view: {page} by {user}
76788,2026-01-15,13:04:10,INFO,WebServer,Transaction tx344626 completed in 216ms,E104,Transaction {tx} completed in {time}ms
76789,2026-01-15,13:39:44,INFO,PaymentGateway,Page view: /home by u3820,E103,Page view: {page} by {user}
76790,2026-01-15,13:14:22,INFO,WebServer,Health check passed: WebServer,E102,Health check passed: {service}
76791,2026-01-15,13:17:48,INFO,InventoryDB,User u1305 login successful,E101,User {user} login successful
76792,2026-01-15,13:41:37,INFO,AuthService,Health check passed: AuthService,E102,Health check passed: {service}
76793,2026-01-15,13:55:13,INFO,WebServer,User u4936 login successful,E101,User {user} login successful
76794,2026-01-15,13:13:55,INFO,WebServer,Health check passed: WebServer,E102,Health check passed: {service}
76795,2026-01-15,13:01:51,INFO,WebServer,Page view: /home by u1724,E103,Page view: {page} by {user}
76796,2026-01-15,13:43:09,INFO,WebServer,User u4522 login successful,E101,User {user} login successful
76797,2026-01-15,13:18:21,INFO,AuthService,Page view: /home by u1923,E103,Page view: {page} by {user}
76798,2026-01-15,13:47:34,INFO,InventoryDB,User u1542 login successful,E101,User {user} login successful
76799,2026-01-15,13:20:11,INFO,AuthService,User u1337 login successful,E101,User {user} login successful
76800,2026-01-15,13:23:30,INFO,OrderProcessor,Page view: /home by u4193,E103,Page view: {page} by {user}
76801,2026-01-15,13:35:09,INFO,OrderProcessor,Page view: /home by u1504,E103,Page view: {page} by {user}
76802,2026-01-15,13:32:38,INFO,PaymentGateway,Health check passed: PaymentGateway,E102,Health check passed: {service}
76803,2026-01-15,13:41:48,INFO,AuthService,Page view: /home by u1467,E103,Page view: {page} by {user}
76804,2026-01-15,13:41:25,INFO,OrderProcessor,User u1487 login successful,E101,User {user} login successful
76805,2026-01-15,13:09:04,INFO,WebServer,User u2728 login successful,E101,User {user} login successful
76806,2026-01-15,13:57:40,INFO,WebServer,Transaction tx818284 completed in 357ms,E104,Transaction {tx} completed in {time}ms
76807,2026-01-15,13:10:52,INFO,PaymentGateway,User u2158 login successful,E101,User {user} login successful
76808,2026-01-15,13:59:24,INFO,WebServer,Page view: /home by u4034,E103,Page view: {page} by {user}
76809,2026-01-15,13:45:00,INFO,OrderProcessor,User u1239 login successful,E101,User {user} login successful
76810,2026-01-15,13:42:39,INFO,InventoryDB,Page view: /home by u4467,E103,Page view: {page} by {user}
76811,2026-01-15,13:22:53,ERROR,AuthService,Connection refused to AuthService at 10.0.0.45,E501,Connection refused to {service} at {ip}
76812,2026-01-15,13:24:29,INFO,AuthService,Health check passed: AuthService,E102,Health check passed: {service}
76813,2026-01-15,13:53:35,INFO,InventoryDB,User u1976 login successful,E101,User {user} login successful
76814,2026-01-15,13:35:03,WARN,OrderProcessor,Unauthorized access attempt from 192.168.1.5,E401,Unauthorized access attempt from {ip}
76815,2026-01-15,13:48:53,INFO,WebServer,User u3288 login successful,E101,User {user} login successful
76816,2026-01-15,13:39:35,INFO,WebServer,Transaction tx846288 completed in 1820ms,E104,Transaction {tx} completed in {time}ms
76817,2026-01-15,13:00:52,INFO,InventoryDB,Transaction tx934061 completed in 1811ms,E104,Transaction {tx} completed in {time}ms
76818,2026-01-15,13:35:09,WARN,InventoryDB,Unauthorized access attempt from 10.0.0.45,E401,Unauthorized access attempt from {ip}
76819,2026-01-15,13:03:49,INFO,WebServer,Page view: /home by u2202,E103,Page view: {page} by {user}
76820,2026-01-15,13:36:07,INFO,WebServer,Health check passed: WebServer,E102,Health check passed: {service}
76821,2026-01-15,13:47:29,INFO,WebServer,Health check passed: WebServer,E102,Health check passed: {service}
76822,2026-01-15,13:50:38,INFO,WebServer,Page view: /home by u4833,E103,Page view: {page} by {user}
76823,2026-01-15,13:04:01,INFO,WebServer,Page view: /home by u2459,E103,Page view: {page} by {user}
76824,2026-01-15,13:57:08,INFO,OrderProcessor,User u3452 login successful,E101,User {user} login successful
76825,2026-01-15,13:57:39,INFO,WebServer,Page view: /home by u1459,E103,Page view: {page} by {user}
76826,2026-01-15,13:04:56,INFO,WebServer,Transaction tx500017 completed in 1127ms,E104,Transaction {tx} completed in {time}ms
76827,2026-01-15,13:44:54,INFO,WebServer,Page view: /home by u4504,E103,Page view: {page} by {user}
76828,2026-01-15,13:07:39,INFO,WebServer,User u3324 login successful,E101,User {user} login successful
76829,2026-01-15,13:11:42,INFO,WebServer,User u2111 login successful,E101,User {user} login successful
76830,2026-01-15,13:25:03,INFO,InventoryDB,Health check passed: InventoryDB,E102,Health check passed: {service}
76831,2026-01-15,13:37:04,INFO,WebServer,Page view: /home by u2928,E103,Page view: {page} by {user}
76832,2026-01-15,13:12:40,INFO,WebServer,Page view: /home by u1529,E103,Page view: {page} by {user}
76833,2026-01-15,13:30:23,INFO,InventoryDB,Page view: /home by u2114,E103,Page view: {page} by {user}
76834,2026-01-15,13:01:31,INFO,OrderProcessor,Page view: /home by u4567,E103,Page view: {page} by {user}
76835,2026-01-15,13:18:23,INFO,WebServer,Transaction tx208143 completed in 1113ms,E104,Transaction {tx} completed in {time}ms
76836,2026-01-15,13:28:38,INFO,OrderProcessor,Transaction tx202434 completed in 190ms,E104,Transaction {tx} completed in {time}ms
76837,2026-01-15,13:16:22,INFO,PaymentGateway,Page view: /home by u1203,E103,Page view: {page} by {user}
76838,2026-01-15,13:11:44,INFO,OrderProcessor,User u4578 login successful,E101,User {user} login successful
76839,2026-01-15,13:02:24,INFO,AuthService,User u2800 login successful,E101,User {user} login successful
76840,2026-01-15,13:07:05,ERROR,WebServer,Timeout waiting for lock on InventoryDB,E502,Timeout waiting for lock on {db}
76841,2026-01-15,13:50:00,INFO,WebServer,User u4775 login successful,E101,User {user} login successful
76842,2026-01-15,13:01:25,INFO,AuthService,Transaction tx194652 completed in 97ms,E104,Transaction {tx} completed in {time}ms
76843,2026-01-15,13:30:06,INFO,InventoryDB,Health check passed: InventoryDB,E102,Health check passed: {service}
76844,2026-01-15,13:52:56,INFO,AuthService,Page view: /home by u4192,E103,Page view: {page} by {user}
76845,2026-01-15,13:26:06,INFO,WebServer,User u3741 login successful,E101,User {user} login successful
76846,2026-01-15,13:12:55,INFO,PaymentGateway,User u2844 login successful,E101,User {user} login successful
76847,2026-01-15,13:41:52,INFO,WebServer,Health check passed: WebServer,E102,Health check passed: {service}
76848,2026-01-15,13:46:07,WARN,WebServer,Unauthorized access attempt from 10.0.0.99,E401,Unauthorized access attempt from {ip}
76849,2026-01-15,13:20:34,INFO,WebServer,Health check passed: WebServer,E102,Health check passed: {service}
76850,2026-01-15,13:21:18,INFO,WebServer,Page view: /home by u4748,E103,Page view: {page} by {user}
76851,2026-01-15,13:26:24,INFO,WebServer,User u3317 login successful,E101,User {user} login successful
76852,2026-01-15,13:53:16,INFO,WebServer,Transaction tx172263 completed in 410ms,E104,Transaction {tx} completed in {time}ms
76853,2026-01-15,13:46:11,INFO,WebServer,User u3859 login successful,E101,User {user} login successful
76854,2026-01-15,13:37:08,INFO,InventoryDB,Page view: /home by u2801,E103,Page view: {page} by {user}
76855,2026-01-15,13:53:14,INFO,InventoryDB,Page view: /home by u2677,E103,Page view: {page} by {user}
76856,2026-01-15,13:59:01,INFO,PaymentGateway,User u2130 login successful,E101,User {user} login successful
76857,2026-01-15,14:40:18,INFO,PaymentGateway,Health check passed: PaymentGateway,E102,Health check passed: {service}
76858,2026-01-15,14:26:50,INFO,OrderProcessor,Page view: /home by u3768,E103,Page view: {page} by {user}
76859,2026-01-15,14:10:36,INFO,PaymentGateway,User u1582 login successful,E101,User {user} login successful
76860,2026-01-15,14:00:32,INFO,AuthService,Transaction tx708258 completed in 715ms,E104,Transaction {tx} completed in {time}ms
76861,2026-01-15,14:47:19,INFO,OrderProcessor,User u2783 login successful,E101,User {user} login successful
76862,2026-01-15,14:50:56,INFO,WebServer,Health check passed: WebServer,E102,Health check passed: {service}
76863,2026-01-15,14:33:13,INFO,WebServer,User u4827 login successful,E101,User {user} login successful
76864,2026-01-15,14:51:47,INFO,WebServer,Transaction tx928829 completed in 496ms,E104,Transaction {tx} completed in {time}ms
76865,2026-01-15,14:17:35,INFO,OrderProcessor,Page view: /home by u3117,E103,Page view: {page} by {user}
76866,2026-01-15,14:07:48,INFO,WebServer,User u4997 login successful,E101,User {user} login successful
76867,2026-01-15,14:32:26,INFO,WebServer,Health check passed: WebServer,E102,Health check passed: {service}
76868,2026-01-15,14:21:30,INFO,WebServer,Transaction tx517024 completed in 480ms,E104,Transaction {tx} completed in {time}ms
76869,2026-01-15,14:18:39,INFO,WebServer,Transaction tx866138 completed in 557ms,E104,Transaction {tx} completed in {time}ms
76870,2026-01-15,14:29:26,INFO,PaymentGateway,User u4057 login successful,E101,User {user} login successful
76871,2026-01-15,14:25:23,INFO,OrderProcessor,Health check passed: OrderProcessor,E102,Health check passed: {service}
76872,2026-01-15,14:02:37,INFO,AuthService,User u1826 login successful,E101,User {user} login successful
76873,2026-01-15,14:35:06,INFO,WebServer,User u4596 login successful,E101,User {user} login successful
76874,2026-01-15,14:11:02,INFO,OrderProcessor,Page view: /home by u4592,E103,Page view: {page} by {user}
76875,2026-01-15,14:03:27,INFO,OrderProcessor,Health check passed: OrderProcessor,E102,Health check passed: {service}
76876,2026-01-15,14:18:32,INFO,WebServer,Transaction tx334270 completed in 1366ms,E104,Transaction {tx} completed in {time}ms
76877,2026-01-15,14:15:08,INFO,OrderProcessor,User u3543 login successful,E101,User {user} login successful
76878,2026-01-15,14:40:27,INFO,AuthService,Transaction tx186336 completed in 1188ms,E104,Transaction {tx} completed in {time}ms
76879,2026-01-15,14:48:15,INFO,WebServer,User u1793 login successful,E101,User {user} login successful
76880,2026-01-15,14:20:20,INFO,OrderProcessor,Page view: /home by u1653,E103,Page view: {page} by {user}
76881,2026-01-15,14:04:09,ERROR,OrderProcessor,Payment declined: Gateway unavailable,E503,Payment declined: Gateway unavailable
76882,2026-01-15,14:06:34,INFO,AuthService,Health check passed: AuthService,E102,Health check passed: {service}
76883,2026-01-15,14:50:51,INFO,WebServer,Transaction tx119895 completed in 1111ms,E104,Transaction {tx} completed in {time}ms
76884,2026-01-15,14:39:28,WARN,PaymentGateway,Unauthorized access attempt from 10.0.0.45,E401,Unauthorized access attempt from {ip}
76885,2026-01-15,14:04:53,INFO,WebServer,Page view: /home by u4974,E103,Page view: {page} by {user}
76886,2026-01-15,14:14:29,INFO,WebServer,Health check passed: WebServer,E102,Health check passed: {service}
76887,2026-01-15,14:34:09,INFO,WebServer,Health check passed: WebServer,E102,Health check passed: {service}
76888,2026-01-15,14:12:59,INFO,AuthService,User u2845 login successful,E101,User {user} login successful
76889,2026-01-15,14:33:08,INFO,AuthService,Transaction tx677397 completed in 583ms,E104,Transaction {tx} completed in {time}ms
76890,2026-01-15,14:02:22,INFO,WebServer,Transaction tx440834 completed in 1339ms,E104,Transaction {tx} completed in {time}ms
76891,2026-01-15,14:32:13,INFO,OrderProcessor,Transaction tx427579 completed in 973ms,E104,Transaction {tx} completed in {time}ms
76892,2026-01-15,14:11:42,INFO,WebServer,User u4358 login successful,E101,User {user} login successful
76893,2026-01-15,14:13:54,INFO,WebServer,Transaction tx661158 completed in 987ms,E104,Transaction {tx} completed in {time}ms
76894,2026-01-15,14:20:00,INFO,InventoryDB,Health check passed: InventoryDB,E102,Health check passed: {service}
76895,2026-01-15,14:40:21,INFO,OrderProcessor,Transaction tx682981 completed in 1360ms,E104,Transaction {tx} completed in {time}ms
76896,2026-01-15,14:35:47,INFO,WebServer,Page view: /home by u3422,E103,Page view: {page} by {user}
76897,2026-01-15,14:17:14,INFO,OrderProcessor,Page view: /home by u1140,E103,Page view: {page} by {user}
76898,2026-01-15,14:57:26,INFO,AuthService,Health check passed: AuthService,E102,Health check passed: {service}
76899,2026-01-15,14:05:21,INFO,WebServer,Transaction tx636384 completed in 935ms,E104,Transaction {tx} completed in {time}ms
76900,2026-01-15,14:52:21,INFO,WebServer,Page view: /home by u1587,E103,Page view: {page} by {user}
76901,2026-01-15,14:39:35,INFO,AuthService,Health check passed: AuthService,E102,Health check passed: {service}
76902,2026-01-15,14:40:02,INFO,AuthService,Transaction tx146477 completed in 551ms,E104,Transaction {tx} completed in {time}ms
76903,2026-01-15,14:32:36,INFO,WebServer,User u2268 login successful,E101,User {user} login successful
76904,2026-01-15,14:07:16,INFO,WebServer,User u2185 login successful,E101,User {user} login successful
76905,2026-01-15,14:28:04,INFO,AuthService,Page view: /home by u1139,E103,Page view: {page} by {user}
76906,2026-01-15,14:17:41,INFO,InventoryDB,Health check passed: InventoryDB,E102,Health check passed: {service}
76907,2026-01-15,14:33:03,INFO,InventoryDB,User u3283 login successful,E101,User {user} login successful
76908,2026-01-15,14:57:12,INFO,OrderProcessor,User u3415 login successful,E101,User {user} login successful
76909,2026-01-15,14:02:51,INFO,AuthService,User u1901 login successful,E101,User {user} login successful
76910,2026-01-15,14:03:15,ERROR,AuthService,Payment declined: Gateway unavailable,E503,Payment declined: Gateway unavailable
76911,2026-01-15,14:52:57,INFO,WebServer,Transaction tx482981 completed in 1262ms,E104,Transaction {tx} completed in {time}ms
76912,2026-01-15,14:28:01,INFO,PaymentGateway,Transaction tx716390 completed in 589ms,E104,Transaction {tx} completed in {time}ms
76913,2026-01-15,14:10:06,INFO,WebServer,Health check passed: WebServer,E102,Health check passed: {service}
76914,2026-01-15,14:57:30,INFO,WebServer,Health check passed: WebServer,E102,Health check passed: {service}
76915,2026-01-15,14:47:28,INFO,WebServer,User u4966 login successful,E101,User {user} login successful
76916,2026-01-15,14:24:22,INFO,WebServer,User u3601 login successful,E101,User {user} login successful
76917,2026-01-15,14:57:54,INFO,WebServer,User u4969 login successful,E101,User {user} login successful
76918,2026-01-15,14:21:51,INFO,OrderProcessor,Transaction tx590924 completed in 1579ms,E104,Transaction {tx} completed in {time}ms
76919,2026-01-15,14:30:54,INFO,WebServer,Page view: /home by u4865,E103,Page view: {page} by {user}
76920,2026-01-15,14:52:45,INFO,OrderProcessor,Page view: /home by u1599,E103,Page view: {page} by {user}
76921,2026-01-15,14:50:53,INFO,OrderProcessor,Transaction tx911591 completed in 1154ms,E104,Transaction {tx} completed in {time}ms
76922,2026-01-15,14:33:48,INFO,WebServer,Health check passed: WebServer,E102,Health check passed: {service}
76923,2026-01-15,14:44:59,INFO,WebServer,Health check passed: WebServer,E102,Health check passed: {service}
76924,2026-01-15,14:45:49,INFO,WebServer,User u3551 login successful,E101,User {user} login successful
76925,2026-01-15,14:53:07,INFO,OrderProcessor,Health check passed: OrderProcessor,E102,Health check passed: {service}
76926,2026-01-15,14:36:01,INFO,WebServer,User u1862 login successful,E101,User {user} login successful
76927,2026-01-15,14:00:10,INFO,OrderProcessor,Page view: /home by u2554,E103,Page view: {page} by {user}
76928,2026-01-15,14:11:02,INFO,WebServer,Transaction tx411445 completed in 1462ms,E104,Transaction {tx} completed in {time}ms
76929,2026-01-15,14:47:31,INFO,WebServer,Transaction tx361523 completed in 355ms,E104,Transaction {tx} completed in {time}ms
76930,2026-01-15,14:41:54,INFO,WebServer,Page view: /home by u1234,E103,Page view: {page} by {user}
76931,2026-01-15,14:39:02,INFO,WebServer,Page view: /home by u2446,E103,Page view: {page} by {user}
76932,2026-01-15,14:59:00,INFO,WebServer,Page view: /home by u3722,E103,Page view: {page} by {user}
76933,2026-01-15,14:32:29,INFO,WebServer,Transaction tx606789 completed in 521ms,E104,Transaction {tx} completed in {time}ms
76934,2026-01-15,14:32:21,INFO,WebServer,Page view: /home by u3901,E103,Page view: {page} by {user}
76935,2026-01-15,14:51:06,INFO,WebServer,User u3904 login successful,E101,User {user} login successful
76936,2026-01-15,14:54:16,INFO,WebServer,Health check passed: WebServer,E102,Health check passed: {service}
76937,2026-01-15,14:59:05,INFO,InventoryDB,Transaction tx442015 completed in 1758ms,E104,Transaction {tx} completed in {time}ms
76938,2026-01-15,14:01:16,INFO,WebServer,Page view: /home by u4588,E103,Page view: {page} by {user}
76939,2026-01-15,14:47:16,INFO,AuthService,Transaction tx191621 completed in 1803ms,E104,Transaction {tx} completed in {time}ms
76940,2026-01-15,14:39:33,INFO,PaymentGateway,User u4767 login successful,E101,User {user} login successful
76941,2026-01-15,14:45:34,INFO,PaymentGateway,User u3430 login successful,E101,User {user} login successful
76942,2026-01-15,14:15:23,INFO,AuthService,Health check passed: AuthService,E102,Health check passed: {service}
76943,2026-01-15,14:39:49,INFO,WebServer,Transaction tx411881 completed in 654ms,E104,Transaction {tx} completed in {time}ms
76944,2026-01-15,14:28:41,INFO,WebServer,Health check passed: WebServer,E102,Health check passed: {service}
76945,2026-01-15,14:36:10,INFO,WebServer,Page view: /home by u2391,E103,Page view: {page} by {user}
76946,2026-01-15,14:53:52,INFO,WebServer,Page view: /home by u4612,E103,Page view: {page} by {user}
76947,2026-01-15,14:00:59,INFO,WebServer,Health check passed: WebServer,E102,Health check passed: {service}
76948,2026-01-15,14:20:23,INFO,WebServer,User u4503 login successful,E101,User {user} login successful
76949,2026-01-15,14:21:09,INFO,PaymentGateway,Health check passed: PaymentGateway,E102,Health check passed: {service}
76950,2026-01-15,14:17:55,INFO,WebServer,User u3383 login successful,E101,User {user} login successful
76951,2026-01-15,14:05:19,INFO,OrderProcessor,Health check passed: OrderProcessor,E102,Health check passed: {service}
76952,2026-01-15,14:57:21,INFO,WebServer,Transaction tx190638 completed in 477ms,E104,Transaction {tx} completed in {time}ms
76953,2026-01-15,14:27:04,INFO,PaymentGateway,Transaction tx958894 completed in 1354ms,E104,Transaction {tx} completed in {time}ms
76954,2026-01-15,14:54:52,INFO,InventoryDB,Page view: /home by u2428,E103,Page view: {page} by {user}
76955,2026-01-15,14:50:31,INFO,WebServer,Health check passed: WebServer,E102,Health check passed: {service}
76956,2026-01-15,14:52:57,INFO,WebServer,Page view: /home by u4567,E103,Page view: {page} by {user}
76957,2026-01-15,14:09:16,INFO,AuthService,Transaction tx751147 completed in 909ms,E104,Transaction {tx} completed in {time}ms
76958,2026-01-15,14:02:30,INFO,WebServer,Page view: /home by u2078,E103,Page view: {page} by {user}
76959,2026-01-15,14:27:59,INFO,InventoryDB,Transaction tx505077 completed in 1246ms,E104,Transaction {tx} completed in {time}ms
76960,2026-01-15,14:58:30,INFO,WebServer,Health check passed: WebServer,E102,Health check passed: {service}
76961,2026-01-15,14:15:23,INFO,OrderProcessor,Transaction tx423543 completed in 1153ms,E104,Transaction {tx} completed in {time}ms
76962,2026-01-15,14:04:53,INFO,WebServer,Page view: /home by u2709,E103,Page view: {page} by {user}
76963,2026-01-15,14:00:20,INFO,AuthService,Page view: /home by u3497,E103,Page view: {page} by {user}
76964,2026-01-15,14:49:41,INFO,WebServer,Page view: /home by u2751,E103,Page view: {page} by {user}
76965,2026-01-15,14:50:33,INFO,WebServer,Transaction tx361743 completed in 122ms,E104,Transaction {tx} completed in {time}ms
76966,2026-01-15,14:37:52,INFO,PaymentGateway,Page view: /home by u4868,E103,Page view: {page} by {user}
76967,2026-01-15,14:31:59,INFO,WebServer,Page view: /home by u2757,E103,Page view: {page} by {user}
76968,2026-01-15,14:43:42,INFO,OrderProcessor,Health check passed: OrderProcessor,E102,Health check passed: {service}
76969,2026-01-15,14:41:58,INFO,WebServer,Page view: /home by u3071,E103,Page view: {page} by {user}
76970,2026-01-15,14:55:32,INFO,PaymentGateway,Page view: /home by u1350,E103,Page view: {page} by {user}
76971,2026-01-15,14:29:55,INFO,WebServer,Page view: /home by u2637,E103,Page view: {page} by {user}
76972,2026-01-15,14:37:29,INFO,WebServer,User u1796 login successful,E101,User {user} login successful
76973,2026-01-15,14:07:39,INFO,WebServer,Health check passed: WebServer,E102,Health check passed: {service}
76974,2026-01-15,14:43:03,INFO,WebServer,Transaction tx147256 completed in 298ms,E104,Transaction {tx} completed in {time}ms
76975,2026-01-15,14:49:15,INFO,PaymentGateway,Page view: /home by u4116,E103,Page view: {page} by {user}
76976,2026-01-15,14:59:17,INFO,WebServer,Transaction tx879208 completed in 351ms,E104,Transaction {tx} completed in {time}ms
76977,2026-01-15,14:31:24,INFO,WebServer,Transaction tx835684 completed in 1551ms,E104,Transaction {tx} completed in {time}ms
76978,2026-01-15,14:47:03,INFO,WebServer,Transaction tx693097 completed in 1865ms,E104,Transaction {tx} completed in {time}ms
76979,2026-01-15,14:11:56,INFO,AuthService,Page view: /home by u1257,E103,Page view: {page} by {user}
76980,2026-01-15,14:03:36,INFO,WebServer,Transaction tx940831 completed in 1482ms,E104,Transaction {tx} completed in {time}ms
76981,2026-01-15,14:12:21,INFO,WebServer,User u1072 login successful,E101,User {user} login successful
76982,2026-01-15,14:07:51,INFO,WebServer,User u4468 login successful,E101,User {user} login successful
76983,2026-01-15,14:38:10,INFO,WebServer,User u2380 login successful,E101,User {user} login successful
76984,2026-01-15,14:41:34,INFO,AuthService,Health check passed: AuthService,E102,Health check passed: {service}
76985,2026-01-15,14:27:15,INFO,AuthService,Page view: /home by u2115,E103,Page view: {page} by {user}
76986,2026-01-15,14:12:36,INFO,AuthService,Page view: /home by u4393,E103,Page view: {page} by {user}
76987,2026-01-15,14:08:45,INFO,WebServer,Page view: /home by u4311,E103,Page view: {page} by {user}
76988,2026-01-15,14:31:53,INFO,AuthService,User u3573 login successful,E101,User {user} login successful
76989,2026-01-15,14:34:37,CRITICAL,AuthService,DATA CORRUPTION detected in sector 283,E602,DATA CORRUPTION detected in sector {sector}
76990,2026-01-15,14:51:51,INFO,AuthService,Page view: /home by u2682,E103,Page view: {page} by {user}
76991,2026-01-15,14:28:11,INFO,PaymentGateway,User u1676 login successful,E101,User {user} login successful
76992,2026-01-15,14:02:49,INFO,AuthService,Transaction tx641880 completed in 811ms,E104,Transaction {tx} completed in {time}ms
76993,2026-01-15,14:22:24,INFO,PaymentGateway,Transaction tx241045 completed in 1924ms,E104,Transaction {tx} completed in {time}ms
76994,2026-01-15,14:19:22,INFO,WebServer,Page view: /home by u2941,E103,Page view: {page} by {user}
76995,2026-01-15,14:26:46,INFO,InventoryDB,Health check passed: InventoryDB,E102,Health check passed: {service}
76996,2026-01-15,14:38:40,INFO,AuthService,User u1281 login successful,E101,User {user} login successful
76997,2026-01-15,14:16:32,INFO,OrderProcessor,Health check passed: OrderProcessor,E102,Health check passed: {service}
76998,2026-01-15,14:05:12,INFO,WebServer,Health check passed: WebServer,E102,Health check passed: {service}
76999,2026-01-15,14:13:26,INFO,AuthService,User u1085 login successful,E101,User {user} login successful
77000,2026-01-15,14:12:08,INFO,PaymentGateway,Health check passed: PaymentGateway,E102,Health check passed: {service}
77001,2026-01-15,14:37:11,ERROR,WebServer,Connection refused to WebServer at 10.0.0.12,E501,Connection refused to {service} at {ip}
77002,2026-01-15,14:26:58,INFO,AuthService,User u3532 login successful,E101,User {user} login successful
77003,2026-01-15,14:26:32,INFO,AuthService,User u1672 login successful,E101,User {user} login successful
77004,2026-01-15,14:42:54,INFO,OrderProcessor,Transaction tx285760 completed in 1973ms,E104,Transaction {tx} completed in {time}ms
77005,2026-01-15,14:45:25,INFO,OrderProcessor,Health check passed: OrderProcessor,E102,Health check passed: {service}
77006,2026-01-15,14:16:06,INFO,WebServer,Health check passed: WebServer,E102,Health check passed: {service}
77007,2026-01-15,14:41:28,INFO,AuthService,Health check passed: AuthService,E102,Health check passed: {service}
77008,2026-01-15,14:07:12,INFO,WebServer,Transaction tx964932 completed in 63ms,E104,Transaction {tx} completed in {time}ms
77009,2026-01-15,14:11:46,INFO,WebServer,User u4811 login successful,E101,User {user} login successful
77010,2026-01-15,14:52:27,INFO,WebServer,Page view: /home by u1686,E103,Page view: {page} by {user}
77011,2026-01-15,14:32:12,INFO,OrderProcessor,Page view: /home by u3399,E103,Page view: {page} by {user}
77012,2026-01-15,14:32:18,INFO,WebServer,Page view: /home by u2820,E103,Page view: {page} by {user}
77013,2026-01-15,14:59:07,INFO,WebServer,Transaction tx761588 completed in 1172ms,E104,Transaction {tx} completed in {time}ms
77014,2026-01-15,14:02:21,INFO,PaymentGateway,Transaction tx995177 completed in 594ms,E104,Transaction {tx} completed in {time}ms
77015,2026-01-15,14:07:43,INFO,AuthService,User u4966 login successful,E101,User {user} login successful
77016,2026-01-15,14:04:21,INFO,WebServer,Health check passed: WebServer,E102,Health check passed: {service}
77017,2026-01-15,14:07:12,INFO,WebServer,Transaction tx386598 completed in 494ms,E104,Transaction {tx} completed in {time}ms
77018,2026-01-15,14:43:02,INFO,WebServer,Transaction tx850986 completed in 770ms,E104,Transaction {tx} completed in {time}ms
77019,2026-01-15,14:41:05,INFO,WebServer,Page view: /home by u3733,E103,Page view: {page} by {user}
77020,2026-01-15,14:38:15,ERROR,WebServer,Connection refused to WebServer at 10.0.0.45,E501,Connection refused to {service} at {ip}
77021,2026-01-15,14:40:00,INFO,OrderProcessor,Transaction tx973648 completed in 1297ms,E104,Transaction {tx} completed in {time}ms
77022,2026-01-15,14:15:08,WARN,WebServer,Unauthorized access attempt from 10.0.0.45,E401,Unauthorized access attempt from {ip}
77023,2026-01-15,14:54:29,INFO,WebServer,User u4336 login successful,E101,User {user} login successful
77024,2026-01-15,14:33:38,INFO,WebServer,Health check passed: WebServer,E102,Health check passed: {service}
77025,2026-01-15,14:16:38,INFO,AuthService,Transaction tx101963 completed in 178ms,E104,Transaction {tx} completed in {time}ms
77026,2026-01-15,14:57:27,INFO,WebServer,Page view: /home by u4445,E103,Page view: {page} by {user}
77027,2026-01-15,14:31:32,INFO,OrderProcessor,User u4929 login successful,E101,User {user} login successful
77028,2026-01-15,14:49:50,INFO,OrderProcessor,Transaction tx359402 completed in 1583ms,E104,Transaction {tx} completed in {time}ms
77029,2026-01-15,14:57:22,INFO,WebServer,Transaction tx225796 completed in 104ms,E104,Transaction {tx} completed in {time}ms
77030,2026-01-15,14:11:51,INFO,OrderProcessor,User u4176 login successful,E101,User {user} login successful
77031,2026-01-15,14:18:00,INFO,AuthService,Transaction tx392952 completed in 1610ms,E104,Transaction {tx} completed in {time}ms
77032,2026-01-15,14:07:45,INFO,OrderProcessor,User u1538 login successful,E101,User {user} login successful
77033,2026-01-15,14:15:35,INFO,InventoryDB,Transaction tx337032 completed in 672ms,E104,Transaction {tx} completed in {time}ms
77034,2026-01-15,14:15:00,INFO,AuthService,Health check passed: AuthService,E102,Health check passed: {service}
77035,2026-01-15,14:41:16,INFO,WebServer,Page view: /home by u4357,E103,Page view: {page} by {user}
77036,2026-01-15,14:25:49,INFO,WebServer,Health check passed: WebServer,E102,Health check passed: {service}
77037,2026-01-15,14:53:22,INFO,WebServer,Transaction tx230108 completed in 1723ms,E104,Transaction {tx} completed in {time}ms
77038,2026-01-15,14:02:53,INFO,AuthService,Transaction tx283142 completed in 1717ms,E104,Transaction {tx} completed in {time}ms
77039,2026-01-15,14:32:12,INFO,OrderProcessor,User u3145 login successful,E101,User {user} login successful
77040,2026-01-15,14:20:31,INFO,AuthService,Transaction tx113720 completed in 138ms,E104,Transaction {tx} completed in {time}ms
77041,2026-01-15,14:29:21,INFO,WebServer,Transaction tx590155 completed in 1739ms,E104,Transaction {tx} completed in {time}ms
77042,2026-01-15,14:09:03,WARN,WebServer,Disk usage > 85% on node node-4,E202,Disk usage > 85% on node {node}
77043,2026-01-15,14:32:17,INFO,WebServer,Health check passed: WebServer,E102,Health check passed: {service}
77044,2026-01-15,14:29:55,INFO,PaymentGateway,Transaction tx542965 completed in 243ms,E104,Transaction {tx} completed in {time}ms
77045,2026-01-15,14:15:46,INFO,OrderProcessor,User u2168 login successful,E101,User {user} login successful
77046,2026-01-15,14:19:58,WARN,WebServer,High latency (153ms) detected on WebServer,E201,High latency ({time}ms) detected on {service}
77047,2026-01-15,14:12:38,INFO,WebServer,Health check passed: WebServer,E102,Health check passed: {service}
77048,2026-01-15,14:39:01,INFO,WebServer,Transaction tx894482 completed in 88ms,E104,Transaction {tx} completed in {time}ms
77049,2026-01-15,14:49:21,INFO,AuthService,Page view: /home by u1117,E103,Page view: {page} by {user}
77050,2026-01-15,14:08:03,INFO,WebServer,Page view: /home by u4885,E103,Page view: {page} by {user}
77051,2026-01-15,14:57:36,INFO,WebServer,User u3645 login successful,E101,User {user} login successful
77052,2026-01-15,14:27:15,INFO,WebServer,Page view: /home by u3926,E103,Page view: {page} by {user}
77053,2026-01-15,14:36:04,INFO,WebServer,Health check passed: WebServer,E102,Health check passed: {service}
77054,2026-01-15,14:36:00,INFO,OrderProcessor,Page view: /home by u4707,E103,Page view: {page} by {user}
77055,2026-01-15,14:53:40,INFO,OrderProcessor,User u2474 login successful,E101,User {user} login successful
77056,2026-01-15,14:57:05,INFO,WebServer,Health check passed: WebServer,E102,Health check passed: {service}
77057,2026-01-15,14:31:28,INFO,WebServer,Health check passed: WebServer,E102,Health check passed: {service}
77058,2026-01-15,14:44:48,INFO,WebServer,Health check passed: WebServer,E102,Health check passed: {service}
77059,2026-01-15,14:25:49,INFO,WebServer,Transaction tx392511 completed in 1262ms,E104,Transaction {tx} completed in {time}ms
77060,2026-01-15,14:24:28,WARN,WebServer,Unauthorized access attempt from 10.0.0.45,E401,Unauthorized access attempt from {ip}
77061,2026-01-15,14:35:58,INFO,AuthService,Page view: /home by u1529,E103,Page view: {page} by {user}
77062,2026-01-15,14:42:58,INFO,WebServer,Health check passed: WebServer,E102,Health check passed: {service}
77063,2026-01-15,14:57:51,INFO,OrderProcessor,Transaction tx126957 completed in 1061ms,E104,Transaction {tx} completed in {time}ms
77064,2026-01-15,14:16:03,INFO,WebServer,Transaction tx115684 completed in 593ms,E104,Transaction {tx} completed in {time}ms
77065,2026-01-15,14:10:39,ERROR,WebServer,Connection refused to WebServer at 192.168.1.5,E501,Connection refused to {service} at {ip}
77066,2026-01-15,14:56:52,INFO,WebServer,User u2314 login successful,E101,User {user} login successful
77067,2026-01-15,14:27:25,INFO,WebServer,Page view: /home by u4535,E103,Page view: {page} by {user}
77068,2026-01-15,14:28:42,INFO,WebServer,Transaction tx821613 completed in 1665ms,E104,Transaction {tx} completed in {time}ms
77069,2026-01-15,14:14:00,INFO,OrderProcessor,Page view: /home by u2964,E103,Page view: {page} by {user}
77070,2026-01-15,14:54:27,INFO,WebServer,Page view: /home by u1729,E103,Page view: {page} by {user}
77071,2026-01-15,14:50:08,INFO,WebServer,Page view: /home by u4570,E103,Page view: {page} by {user}
77072,2026-01-15,14:27:45,INFO,AuthService,Transaction tx104245 completed in 657ms,E104,Transaction {tx} completed in {time}ms
77073,2026-01-15,14:21:19,INFO,WebServer,Transaction tx776610 completed in 378ms,E104,Transaction {tx} completed in {time}ms
77074,2026-01-15,14:54:41,INFO,WebServer,Health check passed: WebServer,E102,Health check passed: {service}
77075,2026-01-15,14:49:08,INFO,WebServer,Health check passed: WebServer,E102,Health check passed: {service}
77076,2026-01-15,14:56:30,INFO,OrderProcessor,Page view: /home by u3958,E103,Page view: {page} by {user}
77077,2026-01-15,14:52:54,INFO,AuthService,Health check passed: AuthService,E102,Health check passed: {service}
77078,2026-01-15,14:33:55,INFO,AuthService,Page view: /home by u4017,E103,Page view: {page} by {user}
77079,2026-01-15,14:24:25,INFO,OrderProcessor,User u4109 login successful,E101,User {user} login successful
77080,2026-01-15,14:32:39,INFO,WebServer,Page view: /home by u1443,E103,Page view: {page} by {user}
77081,2026-01-15,14:29:41,INFO,WebServer,Health check passed: WebServer,E102,Health check passed: {service}
77082,2026-01-15,14:43:35,INFO,OrderProcessor,Page view: /home by u2226,E103,Page view: {page} by {user}
77083,2026-01-15,14:48:15,INFO,WebServer,Transaction tx680311 completed in 1449ms,E104,Transaction {tx} completed in {time}ms
77084,2026-01-15,14:55:27,INFO,WebServer,Page view: /home by u2521,E103,Page view: {page} by {user}
77085,2026-01-15,14:22:34,INFO,PaymentGateway,Health check passed: PaymentGateway,E102,Health check passed: {service}
77086,2026-01-15,14:41:42,INFO,WebServer,User u2990 login successful,E101,User {user} login successful
77087,2026-01-15,14:29:17,INFO,AuthService,User u1617 login successful,E101,User {user} login successful
77088,2026-01-15,14:25:42,INFO,PaymentGateway,Transaction tx439634 completed in 281ms,E104,Transaction {tx} completed in {time}ms
77089,2026-01-15,14:20:49,INFO,WebServer,Health check passed: WebServer,E102,Health check passed: {service}
77090,2026-01-15,14:59:30,INFO,WebServer,Health check passed: WebServer,E102,Health check passed: {service}
77091,2026-01-15,14:30:57,WARN,WebServer,Unauthorized access attempt from 10.0.0.45,E401,Unauthorized access attempt from {ip}
77092,2026-01-15,14:55:35,INFO,PaymentGateway,User u4354 login successful,E101,User {user} login successful
77093,2026-01-15,14:52:36,INFO,AuthService,Page view: /home by u3695,E103,Page view: {page} by {user}
77094,2026-01-15,14:12:10,INFO,AuthService,Health check passed: AuthService,E102,Health check passed: {service}
77095,2026-01-15,14:02:03,INFO,OrderProcessor,User u2077 login successful,E101,User {user} login successful
77096,2026-01-15,14:20:18,INFO,OrderProcessor,Health check passed: OrderProcessor,E102,Health check passed: {service}
77097,2026-01-15,14:49:56,INFO,PaymentGateway,Transaction tx468587 completed in 610ms,E104,Transaction {tx} completed in {time}ms
77098,2026-01-15,14:53:59,INFO,AuthService,Health check passed: AuthService,E102,Health check passed: {service}
77099,2026-01-15,14:15:29,INFO,PaymentGateway,Health check passed: PaymentGateway,E102,Health check passed: {service}
77100,2026-01-15,14:17:04,INFO,AuthService,Health check passed: AuthService,E102,Health check passed: {service}
77101,2026-01-15,14:37:45,INFO,OrderProcessor,Health check passed: OrderProcessor,E102,Health check passed: {service}
77102,2026-01-15,14:24:13,INFO,OrderProcessor,Page view: /home by u4117,E103,Page view: {page} by {user}
77103,2026-01-15,14:45:25,INFO,WebServer,Page view: /home by u4369,E103,Page view: {page} by {user}
77104,2026-01-15,14:53:07,INFO,AuthService,Transaction tx635253 completed in 480ms,E104,Transaction {tx} completed in {time}ms
77105,2026-01-15,14:59:46,INFO,WebServer,User u3730 login successful,E101,User {user} login successful
77106,2026-01-15,14:13:37,INFO,InventoryDB,Page view: /home by u3203,E103,Page view: {page} by {user}
77107,2026-01-15,14:19:14,INFO,WebServer,Health check passed: WebServer,E102,Health check passed: {service}
77108,2026-01-15,14:20:33,INFO,AuthService,User u2615 login successful,E101,User {user} login successful
77109,2026-01-15,14:17:02,INFO,AuthService,Page view: /home by u2780,E103,Page view: {page} by {user}
77110,2026-01-15,14:29:38,INFO,PaymentGateway,Page view: /home by u2807,E103,Page view: {page} by {user}
77111,2026-01-15,14:32:37,INFO,AuthService,Transaction tx699425 completed in 480ms,E104,Transaction {tx} completed in {time}ms
77112,2026-01-15,14:24:43,INFO,InventoryDB,Page view: /home by u1749,E103,Page view: {page} by {user}
77113,2026-01-15,14:59:13,INFO,AuthService,Health check passed: AuthService,E102,Health check passed: {service}
77114,2026-01-15,14:18:37,INFO,WebServer,User u3098 login successful,E101,User {user} login successful
77115,2026-01-15,14:54:04,INFO,OrderProcessor,Transaction tx978752 completed in 1148ms,E104,Transaction {tx} completed in {time}ms
77116,2026-01-15,14:10:58,INFO,WebServer,User u3767 login successful,E101,User {user} login successful
77117,2026-01-15,14:32:21,INFO,WebServer,Page view: /home by u3273,E103,Page view: {page} by {user}
77118,2026-01-15,14:21:16,WARN,OrderProcessor,High latency (686ms) detected on OrderProcessor,E201,High latency ({time}ms) detected on {service}
77119,2026-01-15,14:09:00,INFO,OrderProcessor,User u4594 login successful,E101,User {user} login successful
77120,2026-01-15,14:11:51,INFO,WebServer,Page view: /home by u1045,E103,Page view: {page} by {user}
77121,2026-01-15,14:13:25,INFO,AuthService,Health check passed: AuthService,E102,Health check passed: {service}
77122,2026-01-15,14:11:18,INFO,WebServer,Page view: /home by u2704,E103,Page view: {page} by {user}
77123,2026-01-15,14:21:13,INFO,PaymentGateway,Page view: /home by u1276,E103,Page view: {page} by {user}
77124,2026-01-15,14:07:00,INFO,WebServer,Health check passed: WebServer,E102,Health check passed: {service}
77125,2026-01-15,14:44:37,INFO,AuthService,Health check passed: AuthService,E102,Health check passed: {service}
77126,2026-01-15,14:51:25,INFO,WebServer,Health check passed: WebServer,E102,Health check passed: {service}
77127,2026-01-15,14:29:58,INFO,WebServer,User u1035 login successful,E101,User {user} login successful
77128,2026-01-15,14:46:19,INFO,PaymentGateway,User u4853 login successful,E101,User {user} login successful
77129,2026-01-15,14:16:35,INFO,OrderProcessor,User u3843 login successful,E101,User {user} login successful
77130,2026-01-15,14:06:44,INFO,OrderProcessor,User u3840 login successful,E101,User {user} login successful
77131,2026-01-15,14:26:59,INFO,WebServer,Transaction tx152314 completed in 739ms,E104,Transaction {tx} completed in {time}ms
77132,2026-01-15,14:16:04,INFO,WebServer,Transaction tx395955 completed in 855ms,E104,Transaction {tx} completed in {time}ms
77133,2026-01-15,14:03:01,INFO,WebServer,Health check passed: WebServer,E102,Health check passed: {service}
77134,2026-01-15,14:00:03,INFO,OrderProcessor,User u3644 login successful,E101,User {user} login successful
77135,2026-01-15,14:36:32,INFO,OrderProcessor,Transaction tx803120 completed in 1921ms,E104,Transaction {tx} completed in {time}ms
77136,2026-01-15,14:43:44,INFO,AuthService,Health check passed: AuthService,E102,Health check passed: {service}
77137,2026-01-15,14:01:53,INFO,WebServer,Page view: /home by u4261,E103,Page view: {page} by {user}
77138,2026-01-15,14:18:21,INFO,WebServer,Transaction tx226997 completed in 1351ms,E104,Transaction {tx} completed in {time}ms
77139,2026-01-15,14:10:35,INFO,AuthService,Transaction tx320059 completed in 885ms,E104,Transaction {tx} completed in {time}ms
77140,2026-01-15,14:53:14,INFO,OrderProcessor,Page view: /home by u1317,E103,Page view: {page} by {user}
77141,2026-01-15,14:14:30,INFO,AuthService,Transaction tx456787 completed in 1746ms,E104,Transaction {tx} completed in {time}ms
77142,2026-01-15,14:33:21,INFO,WebServer,Health check passed: WebServer,E102,Health check passed: {service}
77143,2026-01-15,14:22:50,INFO,InventoryDB,Page view: /home by u2184,E103,Page view: {page} by {user}
77144,2026-01-15,14:59:51,INFO,WebServer,Transaction tx943723 completed in 1479ms,E104,Transaction {tx} completed in {time}ms
77145,2026-01-15,14:05:41,INFO,AuthService,User u2770 login successful,E101,User {user} login successful
77146,2026-01-15,14:23:17,INFO,InventoryDB,Health check passed: InventoryDB,E102,Health check passed: {service}
77147,2026-01-15,14:15:12,INFO,WebServer,Health check passed: WebServer,E102,Health check passed: {service}
77148,2026-01-15,14:15:09,INFO,WebServer,Health check passed: WebServer,E102,Health check passed: {service}
77149,2026-01-15,14:39:02,INFO,WebServer,Page view: /home by u1647,E103,Page view: {page} by {user}
77150,2026-01-15,14:07:08,INFO,OrderProcessor,Transaction tx951077 completed in 726ms,E104,Transaction {tx} completed in {time}ms
77151,2026-01-15,14:07:35,INFO,WebServer,Health check passed: WebServer,E102,Health check passed: {service}
77152,2026-01-15,14:27:42,INFO,AuthService,Transaction tx373558 completed in 1763ms,E104,Transaction {tx} completed in {time}ms
77153,2026-01-15,14:40:05,INFO,WebServer,Health check passed: WebServer,E102,Health check passed: {service}
77154,2026-01-15,14:03:43,INFO,AuthService,Health check passed: AuthService,E102,Health check passed: {service}
77155,2026-01-15,14:08:01,INFO,InventoryDB,Transaction tx445802 completed in 667ms,E104,Transaction {tx} completed in {time}ms
77156,2026-01-15,14:01:59,INFO,AuthService,User u3329 login successful,E101,User {user} login successful
77157,2026-01-15,14:43:10,INFO,WebServer,Transaction tx354097 completed in 1010ms,E104,Transaction {tx} completed in {time}ms
77158,2026-01-15,14:21:31,INFO,WebServer,User u1376 login successful,E101,User {user} login successful
77159,2026-01-15,14:09:05,INFO,WebServer,Page view: /home by u4816,E103,Page view: {page} by {user}
77160,2026-01-15,14:13:29,INFO,WebServer,Page view: /home by u1544,E103,Page view: {page} by {user}
77161,2026-01-15,14:24:09,WARN,OrderProcessor,Disk usage > 85% on node node-1,E202,Disk usage > 85% on node {node}
77162,2026-01-15,14:44:14,INFO,OrderProcessor,Health check passed: OrderProcessor,E102,Health check passed: {service}
77163,2026-01-15,14:53:42,INFO,OrderProcessor,Page view: /home by u3474,E103,Page view: {page} by {user}
77164,2026-01-15,14:26:37,INFO,PaymentGateway,Transaction tx818363 completed in 1827ms,E104,Transaction {tx} completed in {time}ms
77165,2026-01-15,14:50:23,INFO,WebServer,User u1147 login successful,E101,User {user} login successful
77166,2026-01-15,14:31:50,INFO,WebServer,Health check passed: WebServer,E102,Health check passed: {service}
77167,2026-01-15,14:03:34,INFO,WebServer,Health check passed: WebServer,E102,Health check passed: {service}
77168,2026-01-15,14:50:41,INFO,WebServer,Page view: /home by u4720,E103,Page view: {page} by {user}
77169,2026-01-15,14:25:22,INFO,OrderProcessor,Health check passed: OrderProcessor,E102,Health check passed: {service}
77170,2026-01-15,14:11:17,INFO,WebServer,Transaction tx470242 completed in 1322ms,E104,Transaction {tx} completed in {time}ms
77171,2026-01-15,14:17:33,INFO,AuthService,User u4145 login successful,E101,User {user} login successful
77172,2026-01-15,14:41:52,INFO,AuthService,Page view: /home by u2681,E103,Page view: {page} by {user}
77173,2026-01-15,14:48:34,INFO,OrderProcessor,User u3120 login successful,E101,User {user} login successful
77174,2026-01-15,14:04:57,INFO,WebServer,Health check passed: WebServer,E102,Health check passed: {service}
77175,2026-01-15,14:08:09,WARN,WebServer,Disk usage > 85% on node node-2,E202,Disk usage > 85% on node {node}
77176,2026-01-15,14:38:38,INFO,OrderProcessor,User u4810 login successful,E101,User {user} login successful
77177,2026-01-15,14:32:01,INFO,OrderProcessor,Health check passed: OrderProcessor,E102,Health check passed: {service}
77178,2026-01-15,14:28:05,INFO,AuthService,Health check passed: AuthService,E102,Health check passed: {service}
77179,2026-01-15,14:16:24,INFO,WebServer,Health check passed: WebServer,E102,Health check passed: {service}
77180,2026-01-15,14:13:41,INFO,WebServer,Page view: /home by u2588,E103,Page view: {page} by {user}
77181,2026-01-15,14:42:42,WARN,WebServer,Unauthorized access attempt from 10.0.0.45,E401,Unauthorized access attempt from {ip}
77182,2026-01-15,14:34:31,INFO,OrderProcessor,Health check passed: OrderProcessor,E102,Health check passed: {service}
77183,2026-01-15,14:37:01,INFO,WebServer,Transaction tx314406 completed in 1839ms,E104,Transaction {tx} completed in {time}ms
77184,2026-01-15,14:49:24,INFO,PaymentGateway,Page view: /home by u2595,E103,Page view: {page} by {user}
77185,2026-01-15,14:16:18,INFO,WebServer,Health check passed: WebServer,E102,Health check passed: {service}
77186,2026-01-15,14:54:03,INFO,AuthService,User u1055 login successful,E101,User {user} login successful
77187,2026-01-15,14:30:33,INFO,OrderProcessor,User u2413 login successful,E101,User {user} login successful
77188,2026-01-15,14:53:17,INFO,WebServer,Health check passed: WebServer,E102,Health check passed: {service}
77189,2026-01-15,14:36:59,INFO,AuthService,Health check passed: AuthService,E102,Health check passed: {service}
77190,2026-01-15,14:18:37,INFO,WebServer,Transaction tx147329 completed in 593ms,E104,Transaction {tx} completed in {time}ms
77191,2026-01-15,14:13:38,INFO,WebServer,Page view: /home by u4365,E103,Page view: {page} by {user}
77192,2026-01-15,14:12:20,INFO,PaymentGateway,User u3164 login successful,E101,User {user} login successful
77193,2026-01-15,14:29:26,INFO,AuthService,User u3317 login successful,E101,User {user} login successful
77194,2026-01-15,14:27:58,INFO,PaymentGateway,User u4429 login successful,E101,User {user} login successful
77195,2026-01-15,14:42:25,INFO,WebServer,User u2731 login successful,E101,User {user} login successful
77196,2026-01-15,14:22:51,INFO,AuthService,User u3782 login successful,E101,User {user} login successful
77197,2026-01-15,14:11:28,INFO,WebServer,Health check passed: WebServer,E102,Health check passed: {service}
77198,2026-01-15,14:22:31,INFO,AuthService,Health check passed: AuthService,E102,Health check passed: {service}
77199,2026-01-15,14:07:12,INFO,WebServer,User u1841 login successful,E101,User {user} login successful
77200,2026-01-15,14:23:59,INFO,AuthService,Transaction tx581177 completed in 1760ms,E104,Transaction {tx} completed in {time}ms
77201,2026-01-15,14:10:43,WARN,AuthService,Disk usage > 85% on node node-4,E202,Disk usage > 85% on node {node}
77202,2026-01-15,14:46:37,INFO,AuthService,Page view: /home by u4268,E103,Page view: {page} by {user}
77203,2026-01-15,14:00:07,INFO,WebServer,User u2500 login successful,E101,User {user} login successful
77204,2026-01-15,14:21:32,INFO,AuthService,Transaction tx791357 completed in 1551ms,E104,Transaction {tx} completed in {time}ms
77205,2026-01-15,14:57:41,INFO,WebServer,Page view: /home by u3936,E103,Page view: {page} by {user}
77206,2026-01-15,14:39:58,INFO,OrderProcessor,Health check passed: OrderProcessor,E102,Health check passed: {service}
77207,2026-01-15,14:02:49,INFO,InventoryDB,Page view: /home by u2955,E103,Page view: {page} by {user}
77208,2026-01-15,14:04:09,ERROR,WebServer,Payment declined: Gateway unavailable,E503,Payment declined: Gateway unavailable
77209,2026-01-15,14:08:58,INFO,InventoryDB,Transaction tx413512 completed in 1509ms,E104,Transaction {tx} completed in {time}ms
77210,2026-01-15,14:30:45,INFO,InventoryDB,Health check passed: InventoryDB,E102,Health check passed: {service}
77211,2026-01-15,14:02:35,INFO,WebServer,Health check passed: WebServer,E102,Health check passed: {service}
77212,2026-01-15,14:56:53,INFO,WebServer,Page view: /home by u2334,E103,Page view: {page} by {user}
77213,2026-01-15,14:40:46,INFO,WebServer,Page view: /home by u3219,E103,Page view: {page} by {user}
77214,2026-01-15,14:24:50,INFO,WebServer,User u4247 login successful,E101,User {user} login successful
77215,2026-01-15,14:00:54,WARN,WebServer,Disk usage > 85% on node node-3,E202,Disk usage > 85% on node {node}
77216,2026-01-15,14:12:23,INFO,WebServer,Health check passed: WebServer,E102,Health check passed: {service}
77217,2026-01-15,14:45:21,INFO,WebServer,Page view: /home by u1444,E103,Page view: {page} by {user}
77218,2026-01-15,14:24:38,INFO,WebServer,User u1528 login successful,E101,User {user} login successful
77219,2026-01-15,14:29:44,INFO,PaymentGateway,User u4074 login successful,E101,User {user} login successful
77220,2026-01-15,14:56:40,INFO,WebServer,Transaction tx696285 completed in 998ms,E104,Transaction {tx} completed in {time}ms
77221,2026-01-15,14:59:36,INFO,AuthService,Page view: /home by u3298,E103,Page view: {page} by {user}
77222,2026-01-15,14:09:41,INFO,PaymentGateway,Transaction tx861248 completed in 51ms,E104,Transaction {tx} completed in {time}ms
77223,2026-01-15,14:49:23,INFO,AuthService,Page view: /home by u4138,E103,Page view: {page} by {user}
77224,2026-01-15,14:30:55,INFO,PaymentGateway,User u1304 login successful,E101,User {user} login successful
77225,2026-01-15,14:04:44,INFO,AuthService,Page view: /home by u1526,E103,Page view: {page} by {user}
77226,2026-01-15,14:17:10,INFO,OrderProcessor,Transaction tx726815 completed in 443ms,E104,Transaction {tx} completed in {time}ms
77227,2026-01-15,14:58:04,INFO,WebServer,User u4380 login successful,E101,User {user} login successful
77228,2026-01-15,14:56:38,INFO,WebServer,User u3875 login successful,E101,User {user} login successful
77229,2026-01-15,14:13:12,INFO,WebServer,Health check passed: WebServer,E102,Health check passed: {service}
77230,2026-01-15,14:56:24,INFO,WebServer,Transaction tx929429 completed in 1330ms,E104,Transaction {tx} completed in {time}ms
77231,2026-01-15,14:19:18,INFO,PaymentGateway,Page view: /home by u2609,E103,Page view: {page} by {user}
77232,2026-01-15,14:07:22,INFO,AuthService,Page view: /home by u2676,E103,Page view: {page} by {user}
77233,2026-01-15,14:32:25,INFO,PaymentGateway,Transaction tx652146 completed in 917ms,E104,Transaction {tx} completed in {time}ms
77234,2026-01-15,14:02:23,INFO,AuthService,User u3776 login successful,E101,User {user} login successful
77235,2026-01-15,14:50:26,INFO,WebServer,Health check passed: WebServer,E102,Health check passed: {service}
77236,2026-01-15,14:56:26,INFO,AuthService,User u2464 login successful,E101,User {user} login successful
77237,2026-01-15,14:17:22,INFO,AuthService,User u2766 login successful,E101,User {user} login successful
77238,2026-01-15,14:38:06,INFO,PaymentGateway,User u2694 login successful,E101,User {user} login successful
77239,2026-01-15,14:28:25,INFO,WebServer,User u3790 login successful,E101,User {user} login successful
77240,2026-01-15,14:03:35,INFO,WebServer,User u2732 login successful,E101,User {user} login successful
77241,2026-01-15,14:17:55,INFO,InventoryDB,Page view: /home by u3592,E103,Page view: {page} by {user}
77242,2026-01-15,14:29:18,INFO,OrderProcessor,Page view: /home by u2152,E103,Page view: {page} by {user}
77243,2026-01-15,14:00:44,INFO,PaymentGateway,User u4022 login successful,E101,User {user} login successful
77244,2026-01-15,14:00:11,INFO,WebServer,Page view: /home by u1464,E103,Page view: {page} by {user}
77245,2026-01-15,14:05:37,INFO,AuthService,User u2660 login successful,E101,User {user} login successful
77246,2026-01-15,14:49:27,INFO,WebServer,Health check passed: WebServer,E102,Health check passed: {service}
77247,2026-01-15,14:13:16,INFO,WebServer,Health check passed: WebServer,E102,Health check passed: {service}
77248,2026-01-15,14:00:18,INFO,PaymentGateway,Transaction tx598393 completed in 1983ms,E104,Transaction {tx} completed in {time}ms
77249,2026-01-15,14:10:20,INFO,WebServer,Page view: /home by u1493,E103,Page view: {page} by {user}
77250,2026-01-15,14:01:45,WARN,WebServer,High latency (1274ms) detected on WebServer,E201,High latency ({time}ms) detected on {service}
77251,2026-01-15,14:11:38,WARN,OrderProcessor,Unauthorized access attempt from 10.0.0.45,E401,Unauthorized access attempt from {ip}
77252,2026-01-15,14:25:05,INFO,AuthService,Health check passed: AuthService,E102,Health check passed: {service}
77253,2026-01-15,14:35:30,INFO,AuthService,Page view: /home by u1759,E103,Page view: {page} by {user}
77254,2026-01-15,14:10:28,INFO,PaymentGateway,Health check passed: PaymentGateway,E102,Health check passed: {service}
77255,2026-01-15,14:36:23,INFO,WebServer,Transaction tx676161 completed in 1076ms,E104,Transaction {tx} completed in {time}ms
77256,2026-01-15,14:18:00,ERROR,AuthService,Connection refused to AuthService at 10.0.0.45,E501,Connection refused to {service} at {ip}
77257,2026-01-15,14:29:23,INFO,WebServer,Health check passed: WebServer,E102,Health check passed: {service}
77258,2026-01-15,14:42:38,INFO,WebServer,Transaction tx996605 completed in 646ms,E104,Transaction {tx} completed in {time}ms
77259,2026-01-15,14:59:46,INFO,WebServer,User u3271 login successful,E101,User {user} login successful
77260,2026-01-15,14:11:35,INFO,WebServer,User u1809 login successful,E101,User {user} login successful
77261,2026-01-15,14:57:31,INFO,AuthService,User u3577 login successful,E101,User {user} login successful
77262,2026-01-15,14:11:32,INFO,AuthService,Transaction tx838683 completed in 105ms,E104,Transaction {tx} completed in {time}ms
77263,2026-01-15,14:33:52,INFO,WebServer,Health check passed: WebServer,E102,Health check passed: {service}
77264,2026-01-15,14:19:14,INFO,WebServer,User u2208 login successful,E101,User {user} login successful
77265,2026-01-15,14:48:59,INFO,WebServer,Page view: /home by u3957,E103,Page view: {page} by {user}
77266,2026-01-15,14:55:26,INFO,OrderProcessor,User u4398 login successful,E101,User {user} login successful
77267,2026-01-15,14:42:49,INFO,AuthService,User u1009 login successful,E101,User {user} login successful
77268,2026-01-15,14:35:36,INFO,PaymentGateway,User u1827 login successful,E101,User {user} login successful
77269,2026-01-15,14:24:47,INFO,OrderProcessor,Page view: /home by u2342,E103,Page view: {page} by {user}
77270,2026-01-15,14:46:18,INFO,WebServer,User u4084 login successful,E101,User {user} login successful
77271,2026-01-15,14:58:28,INFO,InventoryDB,User u2397 login successful,E101,User {user} login successful
77272,2026-01-15,14:54:09,INFO,WebServer,Transaction tx232978 completed in 1911ms,E104,Transaction {tx} completed in {time}ms
77273,2026-01-15,14:46:22,INFO,WebServer,Transaction tx737552 completed in 733ms,E104,Transaction {tx} completed in {time}ms
77274,2026-01-15,14:04:33,ERROR,WebServer,Timeout waiting for lock on InventoryDB,E502,Timeout waiting for lock on {db}
77275,2026-01-15,14:22:29,INFO,AuthService,User u1128 login successful,E101,User {user} login successful
77276,2026-01-15,14:14:09,INFO,AuthService,User u2536 login successful,E101,User {user} login successful
77277,2026-01-15,14:12:37,INFO,WebServer,Transaction tx319800 completed in 1464ms,E104,Transaction {tx} completed in {time}ms
77278,2026-01-15,14:13:05,INFO,WebServer,Health check passed: WebServer,E102,Health check passed: {service}
77279,2026-01-15,14:26:59,INFO,AuthService,Health check passed: AuthService,E102,Health check passed: {service}
77280,2026-01-15,14:18:09,WARN,AuthService,High latency (786ms) detected on AuthService,E201,High latency ({time}ms) detected on {service}
77281,2026-01-15,14:17:30,INFO,OrderProcessor,Page view: /home by u3289,E103,Page view: {page} by {user}
77282,2026-01-15,14:08:57,INFO,PaymentGateway,User u1922 login successful,E101,User {user} login successful
77283,2026-01-15,14:32:46,WARN,AuthService,Unauthorized access attempt from 10.0.0.45,E401,Unauthorized access attempt from {ip}
77284,2026-01-15,14:00:31,WARN,AuthService,High latency (1973ms) detected on AuthService,E201,High latency ({time}ms) detected on {service}
77285,2026-01-15,14:21:28,INFO,WebServer,Transaction tx698208 completed in 1077ms,E104,Transaction {tx} completed in {time}ms
77286,2026-01-15,14:16:39,INFO,InventoryDB,User u4315 login successful,E101,User {user} login successful
77287,2026-01-15,14:10:15,INFO,OrderProcessor,User u4397 login successful,E101,User {user} login successful
77288,2026-01-15,14:06:43,INFO,AuthService,Health check passed: AuthService,E102,Health check passed: {service}
77289,2026-01-15,14:34:34,INFO,WebServer,Page view: /home by u2618,E103,Page view: {page} by {user}
77290,2026-01-15,14:14:27,INFO,InventoryDB,Page view: /home by u3163,E103,Page view: {page} by {user}
77291,2026-01-15,14:12:26,INFO,WebServer,User u4752 login successful,E101,User {user} login successful
77292,2026-01-15,14:35:50,INFO,InventoryDB,Health check passed: InventoryDB,E102,Health check passed: {service}
77293,2026-01-15,14:09:44,INFO,WebServer,User u1536 login successful,E101,User {user} login successful
77294,2026-01-15,14:30:12,INFO,WebServer,Transaction tx262361 completed in 1468ms,E104,Transaction {tx} completed in {time}ms
77295,2026-01-15,14:29:32,WARN,WebServer,Unauthorized access attempt from 10.0.0.45,E401,Unauthorized access attempt from {ip}
77296,2026-01-15,14:00:50,INFO,WebServer,User u4782 login successful,E101,User {user} login successful
77297,2026-01-15,14:05:24,WARN,AuthService,Disk usage > 85% on node node-3,E202,Disk usage > 85% on node {node}
77298,2026-01-15,14:53:43,INFO,AuthService,Page view: /home by u3949,E103,Page view: {page} by {user}
77299,2026-01-15,14:15:31,ERROR,AuthService,Connection refused to AuthService at 10.0.0.12,E501,Connection refused to {service} at {ip}
77300,2026-01-15,14:03:23,INFO,WebServer,User u1798 login successful,E101,User {user} login successful
77301,2026-01-15,14:54:31,INFO,AuthService,Page view: /home by u3494,E103,Page view: {page} by {user}
77302,2026-01-15,14:00:02,INFO,WebServer,Transaction tx945990 completed in 479ms,E104,Transaction {tx} completed in {time}ms
77303,2026-01-15,14:50:36,INFO,OrderProcessor,User u1353 login successful,E101,User {user} login successful
77304,2026-01-15,14:30:15,INFO,WebServer,Page view: /home by u3314,E103,Page view: {page} by {user}
77305,2026-01-15,14:20:26,INFO,WebServer,Transaction tx456079 completed in 1722ms,E104,Transaction {tx} completed in {time}ms
77306,2026-01-15,14:54:22,INFO,AuthService,Page view: /home by u3650,E103,Page view: {page} by {user}
77307,2026-01-15,14:09:31,INFO,WebServer,Transaction tx941370 completed in 433ms,E104,Transaction {tx} completed in {time}ms
77308,2026-01-15,14:12:53,INFO,WebServer,User u1217 login successful,E101,User {user} login successful
77309,2026-01-15,14:14:53,INFO,PaymentGateway,Page view: /home by u2211,E103,Page view: {page} by {user}
77310,2026-01-15,14:55:12,INFO,WebServer,User u3767 login successful,E101,User {user} login successful
77311,2026-01-15,14:29:03,INFO,WebServer,Transaction tx445981 completed in 139ms,E104,Transaction {tx} completed in {time}ms
77312,2026-01-15,14:12:35,INFO,WebServer,User u2873 login successful,E101,User {user} login successful
77313,2026-01-15,14:23:58,INFO,WebServer,Health check passed: WebServer,E102,Health check passed: {service}
77314,2026-01-15,14:48:59,INFO,WebServer,Health check passed: WebServer,E102,Health check passed: {service}
77315,2026-01-15,14:37:07,INFO,OrderProcessor,Page view: /home by u4315,E103,Page view: {page} by {user}
77316,2026-01-15,14:46:55,INFO,PaymentGateway,User u3523 login successful,E101,User {user} login successful
77317,2026-01-15,14:13:03,INFO,PaymentGateway,User u2936 login successful,E101,User {user} login successful
77318,2026-01-15,14:09:10,INFO,PaymentGateway,Health check passed: PaymentGateway,E102,Health check passed: {service}
77319,2026-01-15,14:16:32,INFO,WebServer,Health check passed: WebServer,E102,Health check passed: {service}
77320,2026-01-15,14:00:47,INFO,OrderProcessor,Page view: /home by u3933,E103,Page view: {page} by {user}
77321,2026-01-15,14:58:45,INFO,WebServer,Health check passed: WebServer,E102,Health check passed: {service}
77322,2026-01-15,14:18:58,INFO,AuthService,Transaction tx592841 completed in 1563ms,E104,Transaction {tx} completed in {time}ms
77323,2026-01-15,14:24:40,INFO,AuthService,Page view: /home by u1552,E103,Page view: {page} by {user}
77324,2026-01-15,14:18:13,INFO,InventoryDB,Page view: /home by u4303,E103,Page view: {page} by {user}
77325,2026-01-15,14:50:17,INFO,WebServer,Transaction tx507817 completed in 132ms,E104,Transaction {tx} completed in {time}ms
77326,2026-01-15,14:07:16,INFO,WebServer,User u4731 login successful,E101,User {user} login successful
77327,2026-01-15,14:58:41,INFO,WebServer,Page view: /home by u4748,E103,Page view: {page} by {user}
77328,2026-01-15,14:07:39,INFO,OrderProcessor,Page view: /home by u1992,E103,Page view: {page} by {user}
77329,2026-01-15,14:21:26,INFO,OrderProcessor,Page view: /home by u4401,E103,Page view: {page} by {user}
77330,2026-01-15,14:46:34,INFO,AuthService,Page view: /home by u4550,E103,Page view: {page} by {user}
77331,2026-01-15,14:26:21,INFO,PaymentGateway,Transaction tx296090 completed in 220ms,E104,Transaction {tx} completed in {time}ms
77332,2026-01-15,14:06:12,INFO,InventoryDB,Transaction tx528944 completed in 825ms,E104,Transaction {tx} completed in {time}ms
77333,2026-01-15,14:15:35,INFO,AuthService,User u4340 login successful,E101,User {user} login successful
77334,2026-01-15,14:15:43,INFO,AuthService,User u4826 login successful,E101,User {user} login successful
77335,2026-01-15,14:47:01,INFO,WebServer,Page view: /home by u4080,E103,Page view: {page} by {user}
77336,2026-01-15,14:59:20,INFO,AuthService,Page view: /home by u2231,E103,Page view: {page} by {user}
77337,2026-01-15,14:22:21,INFO,AuthService,User u2467 login successful,E101,User {user} login successful
77338,2026-01-15,14:21:46,WARN,AuthService,Disk usage > 85% on node node-4,E202,Disk usage > 85% on node {node}
77339,2026-01-15,14:12:11,INFO,WebServer,User u2086 login successful,E101,User {user} login successful
77340,2026-01-15,14:36:43,INFO,WebServer,Page view: /home by u4386,E103,Page view: {page} by {user}
77341,2026-01-15,14:16:23,WARN,WebServer,Disk usage > 85% on node node-1,E202,Disk usage > 85% on node {node}
77342,2026-01-15,14:45:26,INFO,WebServer,Page view: /home by u4663,E103,Page view: {page} by {user}
77343,2026-01-15,14:31:17,INFO,WebServer,Transaction tx471215 completed in 1169ms,E104,Transaction {tx} completed in {time}ms
77344,2026-01-15,14:23:48,INFO,WebServer,Page view: /home by u2550,E103,Page view: {page} by {user}
77345,2026-01-15,14:35:59,INFO,PaymentGateway,User u4887 login successful,E101,User {user} login successful
77346,2026-01-15,14:27:25,INFO,OrderProcessor,Page view: /home by u3233,E103,Page view: {page} by {user}
77347,2026-01-15,14:49:50,INFO,WebServer,Transaction tx990136 completed in 884ms,E104,Transaction {tx} completed in {time}ms
77348,2026-01-15,14:55:49,INFO,AuthService,Page view: /home by u3651,E103,Page view: {page} by {user}
77349,2026-01-15,14:12:45,INFO,InventoryDB,Transaction tx367881 completed in 1438ms,E104,Transaction {tx} completed in {time}ms
77350,2026-01-15,14:58:10,INFO,WebServer,Page view: /home by u2286,E103,Page view: {page} by {user}
77351,2026-01-15,14:17:54,INFO,PaymentGateway,User u2794 login successful,E101,User {user} login successful
77352,2026-01-15,14:24:01,INFO,WebServer,Health check passed: WebServer,E102,Health check passed: {service}
77353,2026-01-15,14:08:28,INFO,WebServer,User u1535 login successful,E101,User {user} login successful
77354,2026-01-15,14:54:41,WARN,OrderProcessor,High latency (724ms) detected on OrderProcessor,E201,High latency ({time}ms) detected on {service}
77355,2026-01-15,14:28:51,INFO,WebServer,User u2906 login successful,E101,User {user} login successful
77356,2026-01-15,14:16:21,INFO,InventoryDB,User u3485 login successful,E101,User {user} login successful
77357,2026-01-15,14:40:17,INFO,WebServer,User u3793 login successful,E101,User {user} login successful
77358,2026-01-15,14:43:15,WARN,AuthService,Unauthorized access attempt from 10.0.0.99,E401,Unauthorized access attempt from {ip}
77359,2026-01-15,14:01:07,INFO,AuthService,Page view: /home by u4251,E103,Page view: {page} by {user}
77360,2026-01-15,14:03:24,INFO,AuthService,Page view: /home by u3709,E103,Page view: {page} by {user}
77361,2026-01-15,14:33:01,INFO,WebServer,User u2758 login successful,E101,User {user} login successful
77362,2026-01-15,14:34:34,INFO,PaymentGateway,Health check passed: PaymentGateway,E102,Health check passed: {service}
77363,2026-01-15,14:35:57,INFO,WebServer,User u1926 login successful,E101,User {user} login successful
77364,2026-01-15,14:09:14,INFO,WebServer,User u4406 login successful,E101,User {user} login successful
77365,2026-01-15,14:45:08,INFO,PaymentGateway,Transaction tx941215 completed in 1239ms,E104,Transaction {tx} completed in {time}ms
77366,2026-01-15,14:34:57,INFO,AuthService,Page view: /home by u4123,E103,Page view: {page} by {user}
77367,2026-01-15,14:52:51,INFO,WebServer,Transaction tx737016 completed in 644ms,E104,Transaction {tx} completed in {time}ms
77368,2026-01-15,14:51:30,INFO,AuthService,Page view: /home by u3526,E103,Page view: {page} by {user}
77369,2026-01-15,14:56:12,INFO,AuthService,Transaction tx975245 completed in 495ms,E104,Transaction {tx} completed in {time}ms
77370,2026-01-15,14:23:48,INFO,WebServer,Transaction tx758118 completed in 915ms,E104,Transaction {tx} completed in {time}ms
77371,2026-01-15,14:21:48,INFO,WebServer,Transaction tx450877 completed in 301ms,E104,Transaction {tx} completed in {time}ms
77372,2026-01-15,14:06:43,ERROR,AuthService,Connection refused to AuthService at 10.0.0.45,E501,Connection refused to {service} at {ip}
77373,2026-01-15,14:42:12,INFO,WebServer,Health check passed: WebServer,E102,Health check passed: {service}
77374,2026-01-15,14:23:39,INFO,PaymentGateway,User u4260 login successful,E101,User {user} login successful
77375,2026-01-15,14:30:26,INFO,InventoryDB,User u4871 login successful,E101,User {user} login successful
77376,2026-01-15,14:03:56,INFO,OrderProcessor,Page view: /home by u3447,E103,Page view: {page} by {user}
77377,2026-01-15,14:40:14,INFO,WebServer,User u3215 login successful,E101,User {user} login successful
77378,2026-01-15,14:52:09,INFO,WebServer,Page view: /home by u4230,E103,Page view: {page} by {user}
77379,2026-01-15,14:17:04,INFO,WebServer,User u3166 login successful,E101,User {user} login successful
77380,2026-01-15,14:59:22,WARN,PaymentGateway,Unauthorized access attempt from 10.0.0.45,E401,Unauthorized access attempt from {ip}
77381,2026-01-15,14:53:54,INFO,AuthService,Health check passed: AuthService,E102,Health check passed: {service}
77382,2026-01-15,14:51:24,INFO,WebServer,User u4088 login successful,E101,User {user} login successful
77383,2026-01-15,14:33:42,INFO,WebServer,Page view: /home by u3513,E103,Page view: {page} by {user}
77384,2026-01-15,14:17:38,INFO,WebServer,Transaction tx415600 completed in 1530ms,E104,Transaction {tx} completed in {time}ms
77385,2026-01-15,14:31:02,INFO,WebServer,Transaction tx721302 completed in 623ms,E104,Transaction {tx} completed in {time}ms
77386,2026-01-15,14:57:40,INFO,WebServer,User u4728 login successful,E101,User {user} login successful
77387,2026-01-15,14:13:42,INFO,InventoryDB,Transaction tx621365 completed in 1903ms,E104,Transaction {tx} completed in {time}ms
77388,2026-01-15,14:06:32,INFO,WebServer,Transaction tx170620 completed in 48ms,E104,Transaction {tx} completed in {time}ms
77389,2026-01-15,14:25:26,INFO,WebServer,Transaction tx748196 completed in 233ms,E104,Transaction {tx} completed in {time}ms
77390,2026-01-15,14:15:20,INFO,WebServer,User u2853 login successful,E101,User {user} login successful
77391,2026-01-15,14:19:08,INFO,PaymentGateway,Health check passed: PaymentGateway,E102,Health check passed: {service}
77392,2026-01-15,14:06:24,INFO,WebServer,Transaction tx697807 completed in 449ms,E104,Transaction {tx} completed in {time}ms
77393,2026-01-15,14:49:39,INFO,PaymentGateway,Health check passed: PaymentGateway,E102,Health check passed: {service}
77394,2026-01-15,14:13:36,INFO,OrderProcessor,Transaction tx952473 completed in 1934ms,E104,Transaction {tx} completed in {time}ms
77395,2026-01-15,14:05:17,INFO,InventoryDB,Health check passed: InventoryDB,E102,Health check passed: {service}
77396,2026-01-15,14:05:51,WARN,WebServer,Disk usage > 85% on node node-5,E202,Disk usage > 85% on node {node}
77397,2026-01-15,14:52:03,INFO,OrderProcessor,Page view: /home by u3066,E103,Page view: {page} by {user}
77398,2026-01-15,14:22:47,INFO,WebServer,User u2091 login successful,E101,User {user} login successful
77399,2026-01-15,14:04:26,INFO,AuthService,Page view: /home by u2944,E103,Page view: {page} by {user}
77400,2026-01-15,14:01:06,INFO,WebServer,User u2285 login successful,E101,User {user} login successful
77401,2026-01-15,14:18:16,INFO,WebServer,User u1630 login successful,E101,User {user} login successful
77402,2026-01-15,14:38:25,INFO,WebServer,Transaction tx345559 completed in 908ms,E104,Transaction {tx} completed in {time}ms
77403,2026-01-15,14:34:21,INFO,WebServer,Transaction tx948509 completed in 761ms,E104,Transaction {tx} completed in {time}ms
77404,2026-01-15,14:11:17,INFO,PaymentGateway,Health check passed: PaymentGateway,E102,Health check passed: {service}
77405,2026-01-15,14:50:46,INFO,AuthService,Page view: /home by u3099,E103,Page view: {page} by {user}
77406,2026-01-15,14:54:10,INFO,OrderProcessor,Transaction tx661965 completed in 1837ms,E104,Transaction {tx} completed in {time}ms
77407,2026-01-15,14:50:54,INFO,WebServer,User u3540 login successful,E101,User {user} login successful
77408,2026-01-15,14:31:05,INFO,PaymentGateway,Transaction tx159554 completed in 1390ms,E104,Transaction {tx} completed in {time}ms
77409,2026-01-15,14:41:26,INFO,AuthService,Page view: /home by u3871,E103,Page view: {page} by {user}
77410,2026-01-15,14:23:15,INFO,WebServer,User u4605 login successful,E101,User {user} login successful
77411,2026-01-15,14:13:26,INFO,WebServer,Transaction tx726396 completed in 1257ms,E104,Transaction {tx} completed in {time}ms
77412,2026-01-15,14:48:51,INFO,OrderProcessor,Page view: /home by u1488,E103,Page view: {page} by {user}
77413,2026-01-15,14:21:34,INFO,PaymentGateway,Page view: /home by u2001,E103,Page view: {page} by {user}
77414,2026-01-15,14:21:31,INFO,WebServer,Health check passed: WebServer,E102,Health check passed: {service}
77415,2026-01-15,14:06:11,INFO,WebServer,User u2635 login successful,E101,User {user} login successful
77416,2026-01-15,14:57:54,INFO,PaymentGateway,Health check passed: PaymentGateway,E102,Health check passed: {service}
77417,2026-01-15,14:25:47,INFO,OrderProcessor,Transaction tx383275 completed in 1211ms,E104,Transaction {tx} completed in {time}ms
77418,2026-01-15,14:16:23,INFO,AuthService,Health check passed: AuthService,E102,Health check passed: {service}
77419,2026-01-15,14:09:28,INFO,WebServer,Transaction tx404975 completed in 1151ms,E104,Transaction {tx} completed in {time}ms
77420,2026-01-15,14:15:57,INFO,WebServer,Transaction tx754582 completed in 371ms,E104,Transaction {tx} completed in {time}ms
77421,2026-01-15,14:13:12,WARN,WebServer,Unauthorized access attempt from 10.0.0.12,E401,Unauthorized access attempt from {ip}
77422,2026-01-15,14:30:58,INFO,AuthService,Page view: /home by u2072,E103,Page view: {page} by {user}
77423,2026-01-15,14:18:59,INFO,AuthService,Health check passed: AuthService,E102,Health check passed: {service}
77424,2026-01-15,14:48:03,INFO,PaymentGateway,Health check passed: PaymentGateway,E102,Health check passed: {service}
77425,2026-01-15,14:32:09,INFO,OrderProcessor,Transaction tx666481 completed in 283ms,E104,Transaction {tx} completed in {time}ms
77426,2026-01-15,14:26:00,INFO,WebServer,Health check passed: WebServer,E102,Health check passed: {service}
77427,2026-01-15,14:25:21,INFO,PaymentGateway,Health check passed: PaymentGateway,E102,Health check passed: {service}
77428,2026-01-15,14:20:16,INFO,InventoryDB,Page view: /home by u1243,E103,Page view: {page} by {user}
77429,2026-01-15,14:20:59,INFO,WebServer,User u1558 login successful,E101,User {user} login successful
77430,2026-01-15,14:56:06,INFO,WebServer,Transaction tx366807 completed in 1540ms,E104,Transaction {tx} completed in {time}ms
77431,2026-01-15,14:11:21,INFO,AuthService,Transaction tx213089 completed in 983ms,E104,Transaction {tx} completed in {time}ms
77432,2026-01-15,14:45:13,INFO,WebServer,User u3124 login successful,E101,User {user} login successful
77433,2026-01-15,14:57:20,INFO,WebServer,User u3548 login successful,E101,User {user} login successful
77434,2026-01-15,14:57:38,INFO,PaymentGateway,Health check passed: PaymentGateway,E102,Health check passed: {service}
77435,2026-01-15,14:35:38,CRITICAL,AuthService,KERNEL PANIC: Node node-3 crashed,E601,KERNEL PANIC: Node {node} crashed
77436,2026-01-15,14:07:34,INFO,WebServer,Health check passed: WebServer,E102,Health check passed: {service}
77437,2026-01-15,14:26:30,INFO,WebServer,Transaction tx227851 completed in 1329ms,E104,Transaction {tx} completed in {time}ms
77438,2026-01-15,14:15:06,INFO,WebServer,Transaction tx898700 completed in 202ms,E104,Transaction {tx} completed in {time}ms
77439,2026-01-15,14:48:07,INFO,WebServer,Health check passed: WebServer,E102,Health check passed: {service}
77440,2026-01-15,14:54:11,INFO,OrderProcessor,Transaction tx170081 completed in 132ms,E104,Transaction {tx} completed in {time}ms
77441,2026-01-15,14:56:31,INFO,InventoryDB,User u2456 login successful,E101,User {user} login successful
77442,2026-01-15,14:11:02,INFO,PaymentGateway,Health check passed: PaymentGateway,E102,Health check passed: {service}
77443,2026-01-15,14:14:16,INFO,OrderProcessor,Transaction tx983058 completed in 670ms,E104,Transaction {tx} completed in {time}ms
77444,2026-01-15,14:45:15,INFO,OrderProcessor,Health check passed: OrderProcessor,E102,Health check passed: {service}
77445,2026-01-15,14:34:00,INFO,AuthService,User u2896 login successful,E101,User {user} login successful
77446,2026-01-15,14:40:34,INFO,PaymentGateway,Health check passed: PaymentGateway,E102,Health check passed: {service}
77447,2026-01-15,14:24:59,INFO,WebServer,Transaction tx903064 completed in 692ms,E104,Transaction {tx} completed in {time}ms
77448,2026-01-15,14:47:55,INFO,OrderProcessor,Transaction tx144860 completed in 757ms,E104,Transaction {tx} completed in {time}ms
77449,2026-01-15,14:09:22,INFO,WebServer,Transaction tx140943 completed in 1711ms,E104,Transaction {tx} completed in {time}ms
77450,2026-01-15,14:27:37,INFO,InventoryDB,Health check passed: InventoryDB,E102,Health check passed: {service}
77451,2026-01-15,14:13:13,INFO,WebServer,User u2823 login successful,E101,User {user} login successful
77452,2026-01-15,14:45:40,INFO,OrderProcessor,User u2557 login successful,E101,User {user} login successful
77453,2026-01-15,14:46:52,INFO,WebServer,User u2342 login successful,E101,User {user} login successful
77454,2026-01-15,14:12:10,INFO,PaymentGateway,Health check passed: PaymentGateway,E102,Health check passed: {service}
77455,2026-01-15,14:50:17,INFO,WebServer,Health check passed: WebServer,E102,Health check passed: {service}
77456,2026-01-15,14:21:29,INFO,InventoryDB,Page view: /home by u4992,E103,Page view: {page} by {user}
77457,2026-01-15,14:01:59,INFO,AuthService,Page view: /home by u2422,E103,Page view: {page} by {user}
77458,2026-01-15,14:36:24,INFO,WebServer,Health check passed: WebServer,E102,Health check passed: {service}
77459,2026-01-15,14:23:42,INFO,WebServer,Health check passed: WebServer,E102,Health check passed: {service}
77460,2026-01-15,14:33:20,INFO,WebServer,User u3019 login successful,E101,User {user} login successful
77461,2026-01-15,14:23:59,INFO,OrderProcessor,Page view: /home by u3512,E103,Page view: {page} by {user}
77462,2026-01-15,14:39:28,ERROR,OrderProcessor,Timeout waiting for lock on InventoryDB,E502,Timeout waiting for lock on {db}
77463,2026-01-15,14:56:03,INFO,WebServer,Transaction tx387804 completed in 178ms,E104,Transaction {tx} completed in {time}ms
77464,2026-01-15,14:27:57,INFO,OrderProcessor,Transaction tx400454 completed in 1808ms,E104,Transaction {tx} completed in {time}ms
77465,2026-01-15,14:51:21,INFO,OrderProcessor,Health check passed: OrderProcessor,E102,Health check passed: {service}
77466,2026-01-15,14:02:47,INFO,PaymentGateway,Health check passed: PaymentGateway,E102,Health check passed: {service}
77467,2026-01-15,14:20:00,INFO,AuthService,Health check passed: AuthService,E102,Health check passed: {service}
77468,2026-01-15,14:29:58,INFO,InventoryDB,Transaction tx216842 completed in 1497ms,E104,Transaction {tx} completed in {time}ms
77469,2026-01-15,14:19:11,INFO,OrderProcessor,User u1050 login successful,E101,User {user} login successful
77470,2026-01-15,14:42:56,INFO,WebServer,Page view: /home by u3061,E103,Page view: {page} by {user}
77471,2026-01-15,14:37:36,INFO,AuthService,Page view: /home by u1058,E103,Page view: {page} by {user}
77472,2026-01-15,14:23:32,INFO,OrderProcessor,Page view: /home by u4992,E103,Page view: {page} by {user}
77473,2026-01-15,14:53:15,INFO,WebServer,Health check passed: WebServer,E102,Health check passed: {service}
77474,2026-01-15,14:11:09,INFO,AuthService,Health check passed: AuthService,E102,Health check passed: {service}
77475,2026-01-15,14:33:09,WARN,OrderProcessor,High latency (535ms) detected on OrderProcessor,E201,High latency ({time}ms) detected on {service}
77476,2026-01-15,14:52:17,INFO,WebServer,Page view: /home by u2579,E103,Page view: {page} by {user}
77477,2026-01-15,14:03:37,INFO,WebServer,User u1340 login successful,E101,User {user} login successful
77478,2026-01-15,14:39:57,INFO,AuthService,Page view: /home by u2018,E103,Page view: {page} by {user}
77479,2026-01-15,14:15:23,INFO,AuthService,Transaction tx390225 completed in 1494ms,E104,Transaction {tx} completed in {time}ms
77480,2026-01-15,14:05:32,INFO,AuthService,User u4855 login successful,E101,User {user} login successful
77481,2026-01-15,14:46:18,INFO,OrderProcessor,Transaction tx633924 completed in 1917ms,E104,Transaction {tx} completed in {time}ms
77482,2026-01-15,14:49:50,WARN,OrderProcessor,Disk usage > 85% on node node-2,E202,Disk usage > 85% on node {node}
77483,2026-01-15,14:01:29,INFO,AuthService,Health check passed: AuthService,E102,Health check passed: {service}
77484,2026-01-15,14:47:47,INFO,OrderProcessor,Page view: /home by u2782,E103,Page view: {page} by {user}
77485,2026-01-15,14:09:34,INFO,AuthService,User u1496 login successful,E101,User {user} login successful
77486,2026-01-15,14:42:38,INFO,WebServer,Transaction tx285486 completed in 250ms,E104,Transaction {tx} completed in {time}ms
77487,2026-01-15,14:10:59,INFO,OrderProcessor,Transaction tx258040 completed in 1818ms,E104,Transaction {tx} completed in {time}ms
77488,2026-01-15,14:10:01,INFO,InventoryDB,Page view: /home by u1819,E103,Page view: {page} by {user}
77489,2026-01-15,14:13:16,INFO,AuthService,Transaction tx780872 completed in 1876ms,E104,Transaction {tx} completed in {time}ms
77490,2026-01-15,14:20:32,INFO,AuthService,Health check passed: AuthService,E102,Health check passed: {service}
77491,2026-01-15,14:12:48,INFO,WebServer,User u2564 login successful,E101,User {user} login successful
77492,2026-01-15,14:19:46,INFO,WebServer,Transaction tx868572 completed in 619ms,E104,Transaction {tx} completed in {time}ms
77493,2026-01-15,14:17:48,INFO,AuthService,Page view: /home by u1796,E103,Page view: {page} by {user}
77494,2026-01-15,14:43:08,INFO,PaymentGateway,Health check passed: PaymentGateway,E102,Health check passed: {service}
77495,2026-01-15,14:32:20,INFO,WebServer,Transaction tx811256 completed in 1436ms,E104,Transaction {tx} completed in {time}ms
77496,2026-01-15,14:07:10,INFO,PaymentGateway,User u3647 login successful,E101,User {user} login successful
77497,2026-01-15,14:09:32,INFO,AuthService,Health check passed: AuthService,E102,Health check passed: {service}
77498,2026-01-15,14:52:03,INFO,AuthService,Page view: /home by u4664,E103,Page view: {page} by {user}
77499,2026-01-15,14:24:45,INFO,WebServer,Transaction tx603603 completed in 990ms,E104,Transaction {tx} completed in {time}ms
77500,2026-01-15,14:27:05,INFO,WebServer,User u3776 login successful,E101,User {user} login successful
77501,2026-01-15,14:22:26,INFO,AuthService,Health check passed: AuthService,E102,Health check passed: {service}
77502,2026-01-15,14:02:48,INFO,WebServer,User u2401 login successful,E101,User {user} login successful
77503,2026-01-15,14:49:48,INFO,WebServer,Page view: /home by u2152,E103,Page view: {page} by {user}
77504,2026-01-15,14:14:26,INFO,WebServer,Health check passed: WebServer,E102,Health check passed: {service}
77505,2026-01-15,14:51:47,INFO,InventoryDB,User u3844 login successful,E101,User {user} login successful
77506,2026-01-15,14:34:48,INFO,AuthService,User u1387 login successful,E101,User {user} login successful
77507,2026-01-15,14:00:36,INFO,WebServer,Health check passed: WebServer,E102,Health check passed: {service}
77508,2026-01-15,14:33:00,INFO,WebServer,Page view: /home by u1605,E103,Page view: {page} by {user}
77509,2026-01-15,14:26:01,INFO,WebServer,Page view: /home by u4604,E103,Page view: {page} by {user}
77510,2026-01-15,14:58:23,INFO,WebServer,Page view: /home by u1309,E103,Page view: {page} by {user}
77511,2026-01-15,14:23:23,INFO,WebServer,Health check passed: WebServer,E102,Health check passed: {service}
77512,2026-01-15,14:27:37,INFO,WebServer,Page view: /home by u2941,E103,Page view: {page} by {user}
77513,2026-01-15,14:16:55,INFO,WebServer,Transaction tx905180 completed in 1894ms,E104,Transaction {tx} completed in {time}ms
77514,2026-01-15,14:35:38,INFO,WebServer,Health check passed: WebServer,E102,Health check passed: {service}
77515,2026-01-15,14:20:47,INFO,OrderProcessor,Health check passed: OrderProcessor,E102,Health check passed: {service}
77516,2026-01-15,14:43:33,INFO,WebServer,Page view: /home by u2102,E103,Page view: {page} by {user}
77517,2026-01-15,14:24:50,INFO,OrderProcessor,User u3369 login successful,E101,User {user} login successful
77518,2026-01-15,14:09:59,INFO,WebServer,Transaction tx490534 completed in 1442ms,E104,Transaction {tx} completed in {time}ms
77519,2026-01-15,14:57:53,INFO,AuthService,Page view: /home by u1697,E103,Page view: {page} by {user}
77520,2026-01-15,14:21:18,INFO,WebServer,Transaction tx367137 completed in 1170ms,E104,Transaction {tx} completed in {time}ms
77521,2026-01-15,14:30:15,INFO,WebServer,Health check passed: WebServer,E102,Health check passed: {service}
77522,2026-01-15,14:50:23,INFO,OrderProcessor,Health check passed: OrderProcessor,E102,Health check passed: {service}
77523,2026-01-15,14:27:19,INFO,OrderProcessor,Page view: /home by u3943,E103,Page view: {page} by {user}
77524,2026-01-15,14:09:54,INFO,OrderProcessor,Page view: /home by u3676,E103,Page view: {page} by {user}
77525,2026-01-15,14:15:57,INFO,AuthService,Health check passed: AuthService,E102,Health check passed: {service}
77526,2026-01-15,14:34:52,WARN,AuthService,Disk usage > 85% on node node-1,E202,Disk usage > 85% on node {node}
77527,2026-01-15,14:56:32,INFO,PaymentGateway,Health check passed: PaymentGateway,E102,Health check passed: {service}
77528,2026-01-15,14:47:11,INFO,OrderProcessor,Transaction tx863559 completed in 1029ms,E104,Transaction {tx} completed in {time}ms
77529,2026-01-15,14:50:40,INFO,AuthService,Health check passed: AuthService,E102,Health check passed: {service}
77530,2026-01-15,14:05:21,INFO,WebServer,Health check passed: WebServer,E102,Health check passed: {service}
77531,2026-01-15,14:59:31,INFO,WebServer,Transaction tx497326 completed in 1616ms,E104,Transaction {tx} completed in {time}ms
77532,2026-01-15,14:25:37,INFO,PaymentGateway,Page view: /home by u4810,E103,Page view: {page} by {user}
77533,2026-01-15,14:20:42,INFO,WebServer,User u4421 login successful,E101,User {user} login successful
77534,2026-01-15,14:16:21,INFO,WebServer,Transaction tx873894 completed in 1296ms,E104,Transaction {tx} completed in {time}ms
77535,2026-01-15,14:09:26,INFO,InventoryDB,Page view: /home by u1422,E103,Page view: {page} by {user}
77536,2026-01-15,14:52:38,INFO,WebServer,Page view: /home by u1779,E103,Page view: {page} by {user}
77537,2026-01-15,14:14:17,INFO,WebServer,Page view: /home by u2705,E103,Page view: {page} by {user}
77538,2026-01-15,14:49:47,INFO,WebServer,Transaction tx316994 completed in 1516ms,E104,Transaction {tx} completed in {time}ms
77539,2026-01-15,14:32:25,INFO,WebServer,User u4905 login successful,E101,User {user} login successful
77540,2026-01-15,14:11:03,INFO,WebServer,Page view: /home by u3036,E103,Page view: {page} by {user}
77541,2026-01-15,14:07:15,INFO,OrderProcessor,User u3059 login successful,E101,User {user} login successful
77542,2026-01-15,14:32:24,INFO,OrderProcessor,Page view: /home by u2650,E103,Page view: {page} by {user}
77543,2026-01-15,14:40:41,INFO,AuthService,Health check passed: AuthService,E102,Health check passed: {service}
77544,2026-01-15,14:43:42,INFO,WebServer,Page view: /home by u1471,E103,Page view: {page} by {user}
77545,2026-01-15,14:46:24,INFO,WebServer,Page view: /home by u1497,E103,Page view: {page} by {user}
77546,2026-01-15,14:54:15,INFO,WebServer,Page view: /home by u2152,E103,Page view: {page} by {user}
77547,2026-01-15,14:17:53,INFO,PaymentGateway,User u4580 login successful,E101,User {user} login successful
77548,2026-01-15,14:33:06,WARN,WebServer,Unauthorized access attempt from 10.0.0.45,E401,Unauthorized access attempt from {ip}
77549,2026-01-15,14:25:50,INFO,WebServer,User u1956 login successful,E101,User {user} login successful
77550,2026-01-15,14:02:15,INFO,WebServer,Transaction tx599411 completed in 257ms,E104,Transaction {tx} completed in {time}ms
77551,2026-01-15,14:41:49,INFO,WebServer,Transaction tx852427 completed in 890ms,E104,Transaction {tx} completed in {time}ms
77552,2026-01-15,14:03:22,INFO,OrderProcessor,User u3156 login successful,E101,User {user} login successful
77553,2026-01-15,14:54:30,INFO,InventoryDB,Transaction tx127783 completed in 80ms,E104,Transaction {tx} completed in {time}ms
77554,2026-01-15,14:54:07,ERROR,WebServer,Payment declined: Gateway unavailable,E503,Payment declined: Gateway unavailable
77555,2026-01-15,14:29:42,INFO,WebServer,Page view: /home by u2459,E103,Page view: {page} by {user}
77556,2026-01-15,14:59:12,INFO,WebServer,User u4533 login successful,E101,User {user} login successful
77557,2026-01-15,14:15:11,INFO,WebServer,Transaction tx433085 completed in 593ms,E104,Transaction {tx} completed in {time}ms
77558,2026-01-15,14:58:19,INFO,WebServer,Health check passed: WebServer,E102,Health check passed: {service}
77559,2026-01-15,14:41:24,INFO,WebServer,User u4041 login successful,E101,User {user} login successful
77560,2026-01-15,14:26:19,INFO,AuthService,User u4413 login successful,E101,User {user} login successful
77561,2026-01-15,14:42:02,INFO,WebServer,Transaction tx293231 completed in 387ms,E104,Transaction {tx} completed in {time}ms
77562,2026-01-15,14:23:31,INFO,WebServer,Transaction tx555386 completed in 1481ms,E104,Transaction {tx} completed in {time}ms
77563,2026-01-15,14:30:26,INFO,WebServer,Page view: /home by u4214,E103,Page view: {page} by {user}
77564,2026-01-15,14:04:36,INFO,WebServer,Health check passed: WebServer,E102,Health check passed: {service}
77565,2026-01-15,14:52:43,INFO,WebServer,User u4327 login successful,E101,User {user} login successful
77566,2026-01-15,14:17:40,INFO,AuthService,User u3224 login successful,E101,User {user} login successful
77567,2026-01-15,14:20:09,INFO,OrderProcessor,Page view: /home by u2638,E103,Page view: {page} by {user}
77568,2026-01-15,14:11:25,INFO,WebServer,User u1212 login successful,E101,User {user} login successful
77569,2026-01-15,14:49:37,INFO,WebServer,User u1214 login successful,E101,User {user} login successful
77570,2026-01-15,14:17:18,INFO,AuthService,Health check passed: AuthService,E102,Health check passed: {service}
77571,2026-01-15,14:33:41,INFO,WebServer,Health check passed: WebServer,E102,Health check passed: {service}
77572,2026-01-15,14:50:39,INFO,WebServer,User u2748 login successful,E101,User {user} login successful
77573,2026-01-15,14:55:22,WARN,WebServer,Unauthorized access attempt from 10.0.0.45,E401,Unauthorized access attempt from {ip}
77574,2026-01-15,14:10:12,WARN,AuthService,Unauthorized access attempt from 10.0.0.45,E401,Unauthorized access attempt from {ip}
77575,2026-01-15,14:45:56,INFO,OrderProcessor,Transaction tx859880 completed in 1336ms,E104,Transaction {tx} completed in {time}ms
77576,2026-01-15,14:15:00,INFO,WebServer,Health check passed: WebServer,E102,Health check passed: {service}
77577,2026-01-15,14:19:33,ERROR,WebServer,Connection refused to WebServer at 10.0.0.45,E501,Connection refused to {service} at {ip}
77578,2026-01-15,14:49:04,INFO,PaymentGateway,Transaction tx427074 completed in 1828ms,E104,Transaction {tx} completed in {time}ms
77579,2026-01-15,14:56:11,INFO,WebServer,User u1271 login successful,E101,User {user} login successful
77580,2026-01-15,14:03:10,INFO,PaymentGateway,Transaction tx949801 completed in 734ms,E104,Transaction {tx} completed in {time}ms
77581,2026-01-15,14:49:01,INFO,OrderProcessor,Page view: /home by u3655,E103,Page view: {page} by {user}
77582,2026-01-15,14:00:55,INFO,AuthService,User u3050 login successful,E101,User {user} login successful
77583,2026-01-15,14:21:23,INFO,WebServer,Transaction tx369366 completed in 1824ms,E104,Transaction {tx} completed in {time}ms
77584,2026-01-15,14:34:30,INFO,WebServer,User u2874 login successful,E101,User {user} login successful
77585,2026-01-15,14:28:15,INFO,WebServer,Page view: /home by u1885,E103,Page view: {page} by {user}
77586,2026-01-15,14:59:36,INFO,AuthService,Health check passed: AuthService,E102,Health check passed: {service}
77587,2026-01-15,14:45:05,WARN,OrderProcessor,Disk usage > 85% on node node-3,E202,Disk usage > 85% on node {node}
77588,2026-01-15,14:07:20,INFO,AuthService,Page view: /home by u2402,E103,Page view: {page} by {user}
77589,2026-01-15,14:19:10,INFO,AuthService,User u1944 login successful,E101,User {user} login successful
77590,2026-01-15,14:31:39,INFO,WebServer,User u3350 login successful,E101,User {user} login successful
77591,2026-01-15,14:30:42,INFO,WebServer,Page view: /home by u1057,E103,Page view: {page} by {user}
77592,2026-01-15,14:26:12,INFO,WebServer,User u2268 login successful,E101,User {user} login successful
77593,2026-01-15,14:03:54,INFO,WebServer,User u4175 login successful,E101,User {user} login successful
77594,2026-01-15,14:44:37,INFO,PaymentGateway,Transaction tx366460 completed in 241ms,E104,Transaction {tx} completed in {time}ms
77595,2026-01-15,14:31:08,WARN,PaymentGateway,Unauthorized access attempt from 10.0.0.45,E401,Unauthorized access attempt from {ip}
77596,2026-01-15,14:03:28,INFO,AuthService,User u2231 login successful,E101,User {user} login successful
77597,2026-01-15,14:32:27,INFO,WebServer,Health check passed: WebServer,E102,Health check passed: {service}
77598,2026-01-15,14:12:43,INFO,OrderProcessor,Transaction tx404164 completed in 514ms,E104,Transaction {tx} completed in {time}ms
77599,2026-01-15,14:36:32,INFO,WebServer,User u2371 login successful,E101,User {user} login successful
77600,2026-01-15,14:58:20,INFO,WebServer,Health check passed: WebServer,E102,Health check passed: {service}
77601,2026-01-15,14:37:05,INFO,PaymentGateway,Health check passed: PaymentGateway,E102,Health check passed: {service}
77602,2026-01-15,14:45:17,INFO,WebServer,Health check passed: WebServer,E102,Health check passed: {service}
77603,2026-01-15,14:42:20,INFO,PaymentGateway,Page view: /home by u1208,E103,Page view: {page} by {user}
77604,2026-01-15,14:11:53,INFO,AuthService,User u1379 login successful,E101,User {user} login successful
77605,2026-01-15,14:40:03,INFO,WebServer,Transaction tx836596 completed in 1191ms,E104,Transaction {tx} completed in {time}ms
77606,2026-01-15,14:36:25,INFO,PaymentGateway,User u2091 login successful,E101,User {user} login successful
77607,2026-01-15,14:14:05,INFO,PaymentGateway,User u3389 login successful,E101,User {user} login successful
77608,2026-01-15,14:00:51,INFO,InventoryDB,User u3662 login successful,E101,User {user} login successful
77609,2026-01-15,14:41:01,INFO,WebServer,User u3543 login successful,E101,User {user} login successful
77610,2026-01-15,14:36:06,INFO,PaymentGateway,Page view: /home by u1014,E103,Page view: {page} by {user}
77611,2026-01-15,14:41:17,ERROR,AuthService,Payment declined: Gateway unavailable,E503,Payment declined: Gateway unavailable
77612,2026-01-15,14:34:05,INFO,AuthService,Transaction tx250922 completed in 1751ms,E104,Transaction {tx} completed in {time}ms
77613,2026-01-15,14:00:54,INFO,WebServer,User u4947 login successful,E101,User {user} login successful
77614,2026-01-15,14:37:47,INFO,InventoryDB,User u3020 login successful,E101,User {user} login successful
77615,2026-01-15,14:33:11,INFO,AuthService,Page view: /home by u3199,E103,Page view: {page} by {user}
77616,2026-01-15,14:07:46,INFO,PaymentGateway,Health check passed: PaymentGateway,E102,Health check passed: {service}
77617,2026-01-15,14:30:54,INFO,WebServer,Transaction tx238069 completed in 662ms,E104,Transaction {tx} completed in {time}ms
77618,2026-01-15,14:42:36,WARN,OrderProcessor,Unauthorized access attempt from 192.168.1.5,E401,Unauthorized access attempt from {ip}
77619,2026-01-15,14:00:27,INFO,WebServer,Transaction tx299344 completed in 1312ms,E104,Transaction {tx} completed in {time}ms
77620,2026-01-15,14:01:54,INFO,PaymentGateway,User u2970 login successful,E101,User {user} login successful
77621,2026-01-15,14:17:01,INFO,OrderProcessor,User u1359 login successful,E101,User {user} login successful
77622,2026-01-15,14:08:15,INFO,PaymentGateway,Transaction tx809974 completed in 42ms,E104,Transaction {tx} completed in {time}ms
77623,2026-01-15,14:32:03,CRITICAL,OrderProcessor,KERNEL PANIC: Node node-4 crashed,E601,KERNEL PANIC: Node {node} crashed
77624,2026-01-15,14:48:39,INFO,WebServer,Transaction tx566663 completed in 375ms,E104,Transaction {tx} completed in {time}ms
77625,2026-01-15,14:28:02,INFO,WebServer,Transaction tx282355 completed in 986ms,E104,Transaction {tx} completed in {time}ms
77626,2026-01-15,14:41:14,INFO,OrderProcessor,User u1216 login successful,E101,User {user} login successful
77627,2026-01-15,14:54:31,WARN,PaymentGateway,Disk usage > 85% on node node-3,E202,Disk usage > 85% on node {node}
77628,2026-01-15,14:28:03,INFO,OrderProcessor,Health check passed: OrderProcessor,E102,Health check passed: {service}
77629,2026-01-15,14:49:02,INFO,PaymentGateway,Transaction tx919398 completed in 571ms,E104,Transaction {tx} completed in {time}ms
77630,2026-01-15,14:08:18,INFO,InventoryDB,User u3539 login successful,E101,User {user} login successful
77631,2026-01-15,14:52:29,INFO,OrderProcessor,Transaction tx433677 completed in 1404ms,E104,Transaction {tx} completed in {time}ms
77632,2026-01-15,14:33:08,INFO,WebServer,Transaction tx654301 completed in 772ms,E104,Transaction {tx} completed in {time}ms
77633,2026-01-15,14:52:36,INFO,AuthService,User u1681 login successful,E101,User {user} login successful
77634,2026-01-15,14:58:06,INFO,WebServer,Transaction tx196184 completed in 546ms,E104,Transaction {tx} completed in {time}ms
77635,2026-01-15,14:19:52,INFO,InventoryDB,User u3727 login successful,E101,User {user} login successful
77636,2026-01-15,14:29:34,INFO,WebServer,User u2725 login successful,E101,User {user} login successful
77637,2026-01-15,14:03:32,INFO,WebServer,Transaction tx381221 completed in 499ms,E104,Transaction {tx} completed in {time}ms
77638,2026-01-15,14:29:38,INFO,WebServer,Health check passed: WebServer,E102,Health check passed: {service}
77639,2026-01-15,14:14:00,INFO,AuthService,Page view: /home by u4144,E103,Page view: {page} by {user}
77640,2026-01-15,14:18:46,INFO,WebServer,Health check passed: WebServer,E102,Health check passed: {service}
77641,2026-01-15,14:44:37,INFO,WebServer,Health check passed: WebServer,E102,Health check passed: {service}
77642,2026-01-15,14:07:49,INFO,AuthService,Transaction tx340820 completed in 1996ms,E104,Transaction {tx} completed in {time}ms
77643,2026-01-15,14:05:48,INFO,AuthService,Health check passed: AuthService,E102,Health check passed: {service}
77644,2026-01-15,14:00:03,INFO,WebServer,Transaction tx354982 completed in 230ms,E104,Transaction {tx} completed in {time}ms
77645,2026-01-15,14:51:02,INFO,PaymentGateway,User u3664 login successful,E101,User {user} login successful
77646,2026-01-15,14:42:04,INFO,WebServer,Page view: /home by u1400,E103,Page view: {page} by {user}
77647,2026-01-15,14:45:05,INFO,AuthService,User u4785 login successful,E101,User {user} login successful
77648,2026-01-15,14:45:41,INFO,OrderProcessor,User u3998 login successful,E101,User {user} login successful
77649,2026-01-15,14:07:36,INFO,WebServer,User u2289 login successful,E101,User {user} login successful
77650,2026-01-15,14:41:07,INFO,OrderProcessor,User u4418 login successful,E101,User {user} login successful
77651,2026-01-15,14:43:46,INFO,WebServer,Transaction tx779245 completed in 745ms,E104,Transaction {tx} completed in {time}ms
77652,2026-01-15,14:59:57,INFO,WebServer,User u3856 login successful,E101,User {user} login successful
77653,2026-01-15,14:51:14,INFO,WebServer,Transaction tx429655 completed in 1910ms,E104,Transaction {tx} completed in {time}ms
77654,2026-01-15,14:40:15,INFO,PaymentGateway,User u2291 login successful,E101,User {user} login successful
77655,2026-01-15,14:25:57,INFO,WebServer,Page view: /home by u2618,E103,Page view: {page} by {user}
77656,2026-01-15,14:43:05,INFO,WebServer,Health check passed: WebServer,E102,Health check passed: {service}
77657,2026-01-15,14:58:33,INFO,WebServer,Health check passed: WebServer,E102,Health check passed: {service}
77658,2026-01-15,14:20:49,INFO,WebServer,Health check passed: WebServer,E102,Health check passed: {service}
77659,2026-01-15,14:33:28,INFO,PaymentGateway,Health check passed: PaymentGateway,E102,Health check passed: {service}
77660,2026-01-15,14:34:08,INFO,AuthService,User u4131 login successful,E101,User {user} login successful
77661,2026-01-15,14:45:13,INFO,WebServer,Health check passed: WebServer,E102,Health check passed: {service}
77662,2026-01-15,14:51:11,INFO,WebServer,Page view: /home by u3795,E103,Page view: {page} by {user}
77663,2026-01-15,14:13:28,INFO,AuthService,Health check passed: AuthService,E102,Health check passed: {service}
77664,2026-01-15,14:47:04,WARN,WebServer,Disk usage > 85% on node node-2,E202,Disk usage > 85% on node {node}
77665,2026-01-15,14:32:55,INFO,WebServer,Transaction tx411066 completed in 1999ms,E104,Transaction {tx} completed in {time}ms
77666,2026-01-15,14:16:56,INFO,OrderProcessor,Health check passed: OrderProcessor,E102,Health check passed: {service}
77667,2026-01-15,14:52:52,INFO,AuthService,Transaction tx594055 completed in 640ms,E104,Transaction {tx} completed in {time}ms
77668,2026-01-15,14:30:20,INFO,WebServer,Transaction tx602108 completed in 336ms,E104,Transaction {tx} completed in {time}ms
77669,2026-01-15,14:36:34,INFO,WebServer,Transaction tx200545 completed in 452ms,E104,Transaction {tx} completed in {time}ms
77670,2026-01-15,14:01:18,INFO,WebServer,User u2938 login successful,E101,User {user} login successful
77671,2026-01-15,14:00:37,INFO,OrderProcessor,Page view: /home by u2573,E103,Page view: {page} by {user}
77672,2026-01-15,14:28:34,INFO,PaymentGateway,Page view: /home by u1285,E103,Page view: {page} by {user}
77673,2026-01-15,14:12:09,INFO,WebServer,Page view: /home by u2030,E103,Page view: {page} by {user}
77674,2026-01-15,14:12:07,INFO,AuthService,Health check passed: AuthService,E102,Health check passed: {service}
77675,2026-01-15,14:08:58,WARN,WebServer,High latency (1976ms) detected on WebServer,E201,High latency ({time}ms) detected on {service}
77676,2026-01-15,14:37:33,INFO,PaymentGateway,User u2083 login successful,E101,User {user} login successful
77677,2026-01-15,14:00:46,INFO,InventoryDB,User u2190 login successful,E101,User {user} login successful
77678,2026-01-15,14:41:17,INFO,WebServer,User u1301 login successful,E101,User {user} login successful
77679,2026-01-15,14:02:10,INFO,WebServer,Health check passed: WebServer,E102,Health check passed: {service}
77680,2026-01-15,14:02:30,INFO,WebServer,Page view: /home by u2682,E103,Page view: {page} by {user}
77681,2026-01-15,14:25:58,INFO,OrderProcessor,User u3290 login successful,E101,User {user} login successful
77682,2026-01-15,14:30:33,INFO,AuthService,Transaction tx596207 completed in 1256ms,E104,Transaction {tx} completed in {time}ms
77683,2026-01-15,14:33:03,INFO,OrderProcessor,Transaction tx858990 completed in 1505ms,E104,Transaction {tx} completed in {time}ms
77684,2026-01-15,14:22:13,INFO,WebServer,Health check passed: WebServer,E102,Health check passed: {service}
77685,2026-01-15,14:44:59,INFO,PaymentGateway,Health check passed: PaymentGateway,E102,Health check passed: {service}
77686,2026-01-15,14:51:53,INFO,InventoryDB,Transaction tx853404 completed in 831ms,E104,Transaction {tx} completed in {time}ms
77687,2026-01-15,14:24:53,INFO,AuthService,Transaction tx503427 completed in 1785ms,E104,Transaction {tx} completed in {time}ms
77688,2026-01-15,14:35:47,INFO,PaymentGateway,Health check passed: PaymentGateway,E102,Health check passed: {service}
77689,2026-01-15,14:57:27,INFO,WebServer,Transaction tx828043 completed in 1152ms,E104,Transaction {tx} completed in {time}ms
77690,2026-01-15,14:53:55,INFO,WebServer,Page view: /home by u2592,E103,Page view: {page} by {user}
77691,2026-01-15,14:45:35,INFO,InventoryDB,User u3409 login successful,E101,User {user} login successful
77692,2026-01-15,14:55:16,INFO,InventoryDB,Health check passed: InventoryDB,E102,Health check passed: {service}
77693,2026-01-15,14:58:00,INFO,OrderProcessor,Health check passed: OrderProcessor,E102,Health check passed: {service}
77694,2026-01-15,14:13:25,WARN,WebServer,Disk usage > 85% on node node-3,E202,Disk usage > 85% on node {node}
77695,2026-01-15,14:19:54,INFO,WebServer,Health check passed: WebServer,E102,Health check passed: {service}
77696,2026-01-15,14:53:50,INFO,OrderProcessor,User u4107 login successful,E101,User {user} login successful
77697,2026-01-15,14:25:43,INFO,OrderProcessor,Health check passed: OrderProcessor,E102,Health check passed: {service}
77698,2026-01-15,14:37:49,INFO,AuthService,Health check passed: AuthService,E102,Health check passed: {service}
77699,2026-01-15,14:22:10,INFO,WebServer,User u1715 login successful,E101,User {user} login successful
77700,2026-01-15,14:44:02,INFO,WebServer,Transaction tx712529 completed in 1077ms,E104,Transaction {tx} completed in {time}ms
77701,2026-01-15,14:50:09,INFO,PaymentGateway,Page view: /home by u4578,E103,Page view: {page} by {user}
77702,2026-01-15,14:54:33,INFO,AuthService,Health check passed: AuthService,E102,Health check passed: {service}
77703,2026-01-15,14:31:54,WARN,WebServer,Disk usage > 85% on node node-5,E202,Disk usage > 85% on node {node}
77704,2026-01-15,14:06:01,INFO,AuthService,User u2286 login successful,E101,User {user} login successful
77705,2026-01-15,14:01:02,INFO,AuthService,User u2713 login successful,E101,User {user} login successful
77706,2026-01-15,14:11:40,INFO,OrderProcessor,User u4740 login successful,E101,User {user} login successful
77707,2026-01-15,14:10:41,WARN,OrderProcessor,High latency (1172ms) detected on OrderProcessor,E201,High latency ({time}ms) detected on {service}
77708,2026-01-15,14:44:16,INFO,OrderProcessor,Transaction tx995295 completed in 1023ms,E104,Transaction {tx} completed in {time}ms
77709,2026-01-15,14:50:41,INFO,WebServer,Transaction tx103795 completed in 557ms,E104,Transaction {tx} completed in {time}ms
77710,2026-01-15,14:44:49,INFO,WebServer,Page view: /home by u1089,E103,Page view: {page} by {user}
77711,2026-01-15,14:03:38,INFO,OrderProcessor,Page view: /home by u3587,E103,Page view: {page} by {user}
77712,2026-01-15,14:26:03,INFO,PaymentGateway,Transaction tx289525 completed in 1505ms,E104,Transaction {tx} completed in {time}ms
77713,2026-01-15,14:06:55,WARN,AuthService,Unauthorized access attempt from 10.0.0.10,E401,Unauthorized access attempt from {ip}
77714,2026-01-15,14:24:52,INFO,AuthService,Page view: /home by u3388,E103,Page view: {page} by {user}
77715,2026-01-15,14:59:56,INFO,WebServer,User u3392 login successful,E101,User {user} login successful
77716,2026-01-15,14:03:18,INFO,WebServer,Health check passed: WebServer,E102,Health check passed: {service}
77717,2026-01-15,14:03:19,INFO,WebServer,Health check passed: WebServer,E102,Health check passed: {service}
77718,2026-01-15,14:18:51,INFO,OrderProcessor,Page view: /home by u2474,E103,Page view: {page} by {user}
77719,2026-01-15,14:22:13,INFO,WebServer,User u3217 login successful,E101,User {user} login successful
77720,2026-01-15,14:32:30,INFO,AuthService,Transaction tx443267 completed in 1301ms,E104,Transaction {tx} completed in {time}ms
77721,2026-01-15,14:15:50,INFO,WebServer,Page view: /home by u3166,E103,Page view: {page} by {user}
77722,2026-01-15,14:20:21,INFO,AuthService,User u4284 login successful,E101,User {user} login successful
77723,2026-01-15,14:03:22,INFO,AuthService,Page view: /home by u2755,E103,Page view: {page} by {user}
77724,2026-01-15,14:54:46,WARN,AuthService,Unauthorized access attempt from 10.0.0.12,E401,Unauthorized access attempt from {ip}
77725,2026-01-15,14:01:26,INFO,OrderProcessor,Page view: /home by u2639,E103,Page view: {page} by {user}
77726,2026-01-15,14:04:27,INFO,InventoryDB,Health check passed: InventoryDB,E102,Health check passed: {service}
77727,2026-01-15,14:30:47,INFO,OrderProcessor,Health check passed: OrderProcessor,E102,Health check passed: {service}
77728,2026-01-15,14:35:30,INFO,WebServer,Transaction tx600410 completed in 255ms,E104,Transaction {tx} completed in {time}ms
77729,2026-01-15,14:53:54,INFO,AuthService,User u1199 login successful,E101,User {user} login successful
77730,2026-01-15,14:02:49,INFO,InventoryDB,User u3401 login successful,E101,User {user} login successful
77731,2026-01-15,14:13:42,INFO,WebServer,User u2006 login successful,E101,User {user} login successful
77732,2026-01-15,14:20:01,INFO,InventoryDB,Health check passed: InventoryDB,E102,Health check passed: {service}
77733,2026-01-15,14:05:33,INFO,WebServer,Transaction tx731789 completed in 993ms,E104,Transaction {tx} completed in {time}ms
77734,2026-01-15,14:08:47,INFO,AuthService,User u3176 login successful,E101,User {user} login successful
77735,2026-01-15,14:18:10,INFO,AuthService,Page view: /home by u2293,E103,Page view: {page} by {user}
77736,2026-01-15,14:09:15,INFO,OrderProcessor,Health check passed: OrderProcessor,E102,Health check passed: {service}
77737,2026-01-15,14:23:06,INFO,PaymentGateway,Page view: /home by u4803,E103,Page view: {page} by {user}
77738,2026-01-15,14:40:33,INFO,WebServer,Page view: /home by u1168,E103,Page view: {page} by {user}
77739,2026-01-15,14:17:33,INFO,WebServer,User u4711 login successful,E101,User {user} login successful
77740,2026-01-15,14:20:34,INFO,PaymentGateway,Page view: /home by u2212,E103,Page view: {page} by {user}
77741,2026-01-15,14:48:58,INFO,WebServer,User u1669 login successful,E101,User {user} login successful
77742,2026-01-15,14:43:23,INFO,WebServer,Health check passed: WebServer,E102,Health check passed: {service}
77743,2026-01-15,14:57:17,WARN,WebServer,High latency (807ms) detected on WebServer,E201,High latency ({time}ms) detected on {service}
77744,2026-01-15,14:10:03,CRITICAL,WebServer,KERNEL PANIC: Node node-2 crashed,E601,KERNEL PANIC: Node {node} crashed
77745,2026-01-15,14:14:57,INFO,WebServer,Transaction tx106202 completed in 1520ms,E104,Transaction {tx} completed in {time}ms
77746,2026-01-15,14:32:14,ERROR,PaymentGateway,Connection refused to PaymentGateway at 10.0.0.10,E501,Connection refused to {service} at {ip}
77747,2026-01-15,14:48:17,INFO,WebServer,Health check passed: WebServer,E102,Health check passed: {service}
77748,2026-01-15,14:07:53,INFO,WebServer,User u4127 login successful,E101,User {user} login successful
77749,2026-01-15,14:01:45,INFO,WebServer,Transaction tx402142 completed in 903ms,E104,Transaction {tx} completed in {time}ms
77750,2026-01-15,14:57:49,INFO,WebServer,Transaction tx171711 completed in 1451ms,E104,Transaction {tx} completed in {time}ms
77751,2026-01-15,14:15:19,INFO,WebServer,Health check passed: WebServer,E102,Health check passed: {service}
77752,2026-01-15,14:58:41,INFO,AuthService,Page view: /home by u3153,E103,Page view: {page} by {user}
77753,2026-01-15,14:56:43,INFO,WebServer,User u1323 login successful,E101,User {user} login successful
77754,2026-01-15,14:33:31,INFO,WebServer,User u1925 login successful,E101,User {user} login successful
77755,2026-01-15,14:23:15,INFO,OrderProcessor,Health check passed: OrderProcessor,E102,Health check passed: {service}
77756,2026-01-15,14:17:09,INFO,WebServer,Transaction tx463177 completed in 1662ms,E104,Transaction {tx} completed in {time}ms
77757,2026-01-15,14:23:30,INFO,PaymentGateway,Transaction tx928008 completed in 1799ms,E104,Transaction {tx} completed in {time}ms
77758,2026-01-15,14:05:15,INFO,PaymentGateway,Page view: /home by u3576,E103,Page view: {page} by {user}
77759,2026-01-15,14:15:54,INFO,AuthService,Health check passed: AuthService,E102,Health check passed: {service}
77760,2026-01-15,14:56:57,WARN,OrderProcessor,Unauthorized access attempt from 10.0.0.88,E401,Unauthorized access attempt from {ip}
77761,2026-01-15,14:34:41,INFO,OrderProcessor,Transaction tx145194 completed in 1998ms,E104,Transaction {tx} completed in {time}ms
77762,2026-01-15,14:44:25,INFO,AuthService,Health check passed: AuthService,E102,Health check passed: {service}
77763,2026-01-15,14:14:25,INFO,WebServer,Transaction tx828391 completed in 290ms,E104,Transaction {tx} completed in {time}ms
77764,2026-01-15,14:32:02,WARN,WebServer,Disk usage > 85% on node node-1,E202,Disk usage > 85% on node {node}
77765,2026-01-15,14:05:05,INFO,OrderProcessor,User u2897 login successful,E101,User {user} login successful
77766,2026-01-15,14:55:34,INFO,AuthService,Page view: /home by u3774,E103,Page view: {page} by {user}
77767,2026-01-15,14:21:41,INFO,WebServer,Page view: /home by u3887,E103,Page view: {page} by {user}
77768,2026-01-15,14:26:39,INFO,WebServer,Transaction tx631700 completed in 1037ms,E104,Transaction {tx} completed in {time}ms
77769,2026-01-15,14:55:50,INFO,WebServer,Health check passed: WebServer,E102,Health check passed: {service}
77770,2026-01-15,14:08:40,WARN,WebServer,Unauthorized access attempt from 192.168.1.5,E401,Unauthorized access attempt from {ip}
77771,2026-01-15,14:56:50,INFO,WebServer,Health check passed: WebServer,E102,Health check passed: {service}
77772,2026-01-15,14:34:46,INFO,WebServer,Health check passed: WebServer,E102,Health check passed: {service}
77773,2026-01-15,14:57:36,INFO,OrderProcessor,User u2337 login successful,E101,User {user} login successful
77774,2026-01-15,14:32:04,INFO,AuthService,Health check passed: AuthService,E102,Health check passed: {service}
77775,2026-01-15,14:29:48,WARN,AuthService,High latency (1560ms) detected on AuthService,E201,High latency ({time}ms) detected on {service}
77776,2026-01-15,14:35:13,WARN,WebServer,High latency (261ms) detected on WebServer,E201,High latency ({time}ms) detected on {service}
77777,2026-01-15,14:20:40,INFO,WebServer,Transaction tx682678 completed in 1228ms,E104,Transaction {tx} completed in {time}ms
77778,2026-01-15,14:34:22,INFO,PaymentGateway,Health check passed: PaymentGateway,E102,Health check passed: {service}
77779,2026-01-15,14:17:09,INFO,OrderProcessor,Health check passed: OrderProcessor,E102,Health check passed: {service}
77780,2026-01-15,14:51:14,INFO,WebServer,User u3027 login successful,E101,User {user} login successful
77781,2026-01-15,14:10:47,INFO,OrderProcessor,User u1768 login successful,E101,User {user} login successful
77782,2026-01-15,14:13:17,INFO,WebServer,User u1520 login successful,E101,User {user} login successful
77783,2026-01-15,14:46:25,INFO,OrderProcessor,Health check passed: OrderProcessor,E102,Health check passed: {service}
77784,2026-01-15,14:28:23,INFO,WebServer,Transaction tx194219 completed in 497ms,E104,Transaction {tx} completed in {time}ms
77785,2026-01-15,14:10:05,INFO,WebServer,User u3901 login successful,E101,User {user} login successful
77786,2026-01-15,14:18:03,INFO,OrderProcessor,Health check passed: OrderProcessor,E102,Health check passed: {service}
77787,2026-01-15,14:46:12,INFO,PaymentGateway,Health check passed: PaymentGateway,E102,Health check passed: {service}
77788,2026-01-15,14:06:45,INFO,WebServer,User u4848 login successful,E101,User {user} login successful
77789,2026-01-15,14:16:06,INFO,PaymentGateway,Page view: /home by u3576,E103,Page view: {page} by {user}
77790,2026-01-15,14:46:15,WARN,PaymentGateway,Unauthorized access attempt from 10.0.0.45,E401,Unauthorized access attempt from {ip}
77791,2026-01-15,14:38:26,INFO,AuthService,User u3185 login successful,E101,User {user} login successful
77792,2026-01-15,14:27:01,INFO,OrderProcessor,Page view: /home by u4003,E103,Page view: {page} by {user}
77793,2026-01-15,14:37:01,INFO,WebServer,User u1727 login successful,E101,User {user} login successful
77794,2026-01-15,14:22:00,INFO,WebServer,Transaction tx410513 completed in 1209ms,E104,Transaction {tx} completed in {time}ms
77795,2026-01-15,14:13:48,INFO,AuthService,Transaction tx760393 completed in 1790ms,E104,Transaction {tx} completed in {time}ms
77796,2026-01-15,14:27:00,INFO,WebServer,Transaction tx565603 completed in 1427ms,E104,Transaction {tx} completed in {time}ms
77797,2026-01-15,14:53:35,INFO,WebServer,Health check passed: WebServer,E102,Health check passed: {service}
77798,2026-01-15,14:34:42,INFO,OrderProcessor,Page view: /home by u3627,E103,Page view: {page} by {user}
77799,2026-01-15,14:43:14,INFO,AuthService,Health check passed: AuthService,E102,Health check passed: {service}
77800,2026-01-15,14:49:14,INFO,OrderProcessor,Page view: /home by u3626,E103,Page view: {page} by {user}
77801,2026-01-15,14:11:34,INFO,OrderProcessor,Transaction tx271173 completed in 861ms,E104,Transaction {tx} completed in {time}ms
77802,2026-01-15,14:22:43,INFO,PaymentGateway,Page view: /home by u1985,E103,Page view: {page} by {user}
77803,2026-01-15,14:16:35,INFO,WebServer,Transaction tx627613 completed in 374ms,E104,Transaction {tx} completed in {time}ms
77804,2026-01-15,14:44:16,INFO,WebServer,User u3763 login successful,E101,User {user} login successful
77805,2026-01-15,14:37:18,INFO,AuthService,User u3317 login successful,E101,User {user} login successful
77806,2026-01-15,14:19:38,INFO,WebServer,Page view: /home by u2548,E103,Page view: {page} by {user}
77807,2026-01-15,14:35:03,WARN,WebServer,Unauthorized access attempt from 10.0.0.88,E401,Unauthorized access attempt from {ip}
77808,2026-01-15,14:17:58,INFO,WebServer,Transaction tx550823 completed in 362ms,E104,Transaction {tx} completed in {time}ms
77809,2026-01-15,14:41:50,INFO,OrderProcessor,Transaction tx118086 completed in 1462ms,E104,Transaction {tx} completed in {time}ms
77810,2026-01-15,14:00:45,INFO,InventoryDB,User u1594 login successful,E101,User {user} login successful
77811,2026-01-15,14:18:57,INFO,WebServer,Health check passed: WebServer,E102,Health check passed: {service}
77812,2026-01-15,14:07:24,INFO,WebServer,User u3132 login successful,E101,User {user} login successful
77813,2026-01-15,14:58:03,INFO,PaymentGateway,Transaction tx516879 completed in 370ms,E104,Transaction {tx} completed in {time}ms
77814,2026-01-15,14:06:45,INFO,AuthService,Page view: /home by u4234,E103,Page view: {page} by {user}
77815,2026-01-15,14:05:59,INFO,OrderProcessor,Health check passed: OrderProcessor,E102,Health check passed: {service}
77816,2026-01-15,14:33:10,INFO,WebServer,Transaction tx940942 completed in 1840ms,E104,Transaction {tx} completed in {time}ms
77817,2026-01-15,14:14:56,INFO,OrderProcessor,Page view: /home by u1067,E103,Page view: {page} by {user}
77818,2026-01-15,14:53:12,INFO,WebServer,Health check passed: WebServer,E102,Health check passed: {service}
77819,2026-01-15,14:41:00,INFO,WebServer,Page view: /home by u2988,E103,Page view: {page} by {user}
77820,2026-01-15,14:23:34,INFO,InventoryDB,User u3718 login successful,E101,User {user} login successful
77821,2026-01-15,14:18:38,INFO,WebServer,User u1212 login successful,E101,User {user} login successful
77822,2026-01-15,14:52:23,INFO,WebServer,Page view: /home by u2215,E103,Page view: {page} by {user}
77823,2026-01-15,14:47:26,INFO,OrderProcessor,Transaction tx109903 completed in 58ms,E104,Transaction {tx} completed in {time}ms
77824,2026-01-15,14:57:32,INFO,AuthService,Health check passed: AuthService,E102,Health check passed: {service}
77825,2026-01-15,14:04:13,INFO,WebServer,Page view: /home by u2029,E103,Page view: {page} by {user}
77826,2026-01-15,14:52:58,INFO,WebServer,Page view: /home by u4814,E103,Page view: {page} by {user}
77827,2026-01-15,14:02:25,INFO,PaymentGateway,User u2092 login successful,E101,User {user} login successful
77828,2026-01-15,14:02:06,INFO,AuthService,User u1575 login successful,E101,User {user} login successful
77829,2026-01-15,14:22:37,INFO,WebServer,Page view: /home by u4752,E103,Page view: {page} by {user}
77830,2026-01-15,14:34:22,INFO,WebServer,User u4438 login successful,E101,User {user} login successful
77831,2026-01-15,14:28:02,INFO,WebServer,Page view: /home by u3007,E103,Page view: {page} by {user}
77832,2026-01-15,14:47:54,INFO,AuthService,User u4688 login successful,E101,User {user} login successful
77833,2026-01-15,14:58:07,INFO,WebServer,Health check passed: WebServer,E102,Health check passed: {service}
77834,2026-01-15,14:40:56,INFO,AuthService,User u4801 login successful,E101,User {user} login successful
77835,2026-01-15,14:21:40,INFO,WebServer,Transaction tx192133 completed in 1946ms,E104,Transaction {tx} completed in {time}ms
77836,2026-01-15,14:18:22,INFO,AuthService,Transaction tx893447 completed in 1890ms,E104,Transaction {tx} completed in {time}ms
77837,2026-01-15,14:15:02,INFO,AuthService,Page view: /home by u4674,E103,Page view: {page} by {user}
77838,2026-01-15,14:58:33,INFO,OrderProcessor,User u1981 login successful,E101,User {user} login successful
77839,2026-01-15,14:31:26,INFO,AuthService,User u1299 login successful,E101,User {user} login successful
77840,2026-01-15,14:48:45,INFO,WebServer,User u4321 login successful,E101,User {user} login successful
77841,2026-01-15,14:27:51,ERROR,AuthService,Timeout waiting for lock on InventoryDB,E502,Timeout waiting for lock on {db}
77842,2026-01-15,14:20:28,INFO,InventoryDB,User u4742 login successful,E101,User {user} login successful
77843,2026-01-15,14:14:42,INFO,PaymentGateway,User u3389 login successful,E101,User {user} login successful
77844,2026-01-15,14:57:06,INFO,InventoryDB,Page view: /home by u1766,E103,Page view: {page} by {user}
77845,2026-01-15,14:00:11,ERROR,OrderProcessor,Timeout waiting for lock on InventoryDB,E502,Timeout waiting for lock on {db}
77846,2026-01-15,14:06:33,INFO,WebServer,Page view: /home by u3253,E103,Page view: {page} by {user}
77847,2026-01-15,14:21:29,INFO,WebServer,Health check passed: WebServer,E102,Health check passed: {service}
77848,2026-01-15,14:30:20,INFO,WebServer,Transaction tx411871 completed in 173ms,E104,Transaction {tx} completed in {time}ms
77849,2026-01-15,14:45:16,INFO,AuthService,User u3160 login successful,E101,User {user} login successful
77850,2026-01-15,14:22:12,INFO,PaymentGateway,Page view: /home by u1851,E103,Page view: {page} by {user}
77851,2026-01-15,14:08:31,INFO,WebServer,Page view: /home by u1074,E103,Page view: {page} by {user}
77852,2026-01-15,14:01:52,INFO,WebServer,Transaction tx672133 completed in 1992ms,E104,Transaction {tx} completed in {time}ms
77853,2026-01-15,14:17:20,INFO,WebServer,Health check passed: WebServer,E102,Health check passed: {service}
77854,2026-01-15,14:16:30,INFO,WebServer,User u2606 login successful,E101,User {user} login successful
77855,2026-01-15,14:43:23,INFO,AuthService,Page view: /home by u3570,E103,Page view: {page} by {user}
77856,2026-01-15,14:28:47,INFO,WebServer,Page view: /home by u3961,E103,Page view: {page} by {user}
77857,2026-01-15,14:47:50,INFO,WebServer,Transaction tx113481 completed in 1411ms,E104,Transaction {tx} completed in {time}ms
77858,2026-01-15,14:19:04,INFO,WebServer,Transaction tx573354 completed in 1827ms,E104,Transaction {tx} completed in {time}ms
77859,2026-01-15,14:54:23,INFO,OrderProcessor,Health check passed: OrderProcessor,E102,Health check passed: {service}
77860,2026-01-15,14:15:44,INFO,WebServer,Transaction tx632820 completed in 633ms,E104,Transaction {tx} completed in {time}ms
77861,2026-01-15,14:27:16,INFO,WebServer,User u2747 login successful,E101,User {user} login successful
77862,2026-01-15,14:05:44,INFO,WebServer,Page view: /home by u1875,E103,Page view: {page} by {user}
77863,2026-01-15,14:07:18,INFO,WebServer,User u3335 login successful,E101,User {user} login successful
77864,2026-01-15,14:25:55,INFO,WebServer,Health check passed: WebServer,E102,Health check passed: {service}
77865,2026-01-15,14:33:37,INFO,WebServer,User u1750 login successful,E101,User {user} login successful
77866,2026-01-15,14:37:33,INFO,WebServer,Health check passed: WebServer,E102,Health check passed: {service}
77867,2026-01-15,14:57:50,INFO,AuthService,Transaction tx982943 completed in 871ms,E104,Transaction {tx} completed in {time}ms
77868,2026-01-15,14:34:11,INFO,PaymentGateway,Health check passed: PaymentGateway,E102,Health check passed: {service}
77869,2026-01-15,14:44:07,INFO,WebServer,Transaction tx277218 completed in 984ms,E104,Transaction {tx} completed in {time}ms
77870,2026-01-15,14:31:18,INFO,WebServer,Transaction tx604174 completed in 1759ms,E104,Transaction {tx} completed in {time}ms
77871,2026-01-15,14:59:15,INFO,WebServer,User u3211 login successful,E101,User {user} login successful
77872,2026-01-15,14:27:58,INFO,InventoryDB,Health check passed: InventoryDB,E102,Health check passed: {service}
77873,2026-01-15,14:25:56,INFO,AuthService,Transaction tx525191 completed in 1806ms,E104,Transaction {tx} completed in {time}ms
77874,2026-01-15,14:01:39,WARN,WebServer,High latency (630ms) detected on WebServer,E201,High latency ({time}ms) detected on {service}
77875,2026-01-15,14:45:54,INFO,WebServer,User u1873 login successful,E101,User {user} login successful
77876,2026-01-15,14:06:47,INFO,InventoryDB,User u2414 login successful,E101,User {user} login successful
77877,2026-01-15,14:19:38,INFO,PaymentGateway,Health check passed: PaymentGateway,E102,Health check passed: {service}
77878,2026-01-15,14:48:43,INFO,OrderProcessor,Health check passed: OrderProcessor,E102,Health check passed: {service}
77879,2026-01-15,14:23:22,INFO,OrderProcessor,Health check passed: OrderProcessor,E102,Health check passed: {service}
77880,2026-01-15,14:45:03,INFO,WebServer,Page view: /home by u4835,E103,Page view: {page} by {user}
77881,2026-01-15,14:16:32,INFO,OrderProcessor,Health check passed: OrderProcessor,E102,Health check passed: {service}
77882,2026-01-15,14:31:58,INFO,WebServer,Health check passed: WebServer,E102,Health check passed: {service}
77883,2026-01-15,14:22:13,INFO,WebServer,User u1891 login successful,E101,User {user} login successful
77884,2026-01-15,14:24:51,INFO,WebServer,Transaction tx743748 completed in 245ms,E104,Transaction {tx} completed in {time}ms
77885,2026-01-15,14:12:20,INFO,WebServer,Page view: /home by u3286,E103,Page view: {page} by {user}
77886,2026-01-15,14:02:02,INFO,WebServer,Health check passed: WebServer,E102,Health check passed: {service}
77887,2026-01-15,14:31:02,INFO,AuthService,Health check passed: AuthService,E102,Health check passed: {service}
77888,2026-01-15,14:38:39,INFO,AuthService,Transaction tx376025 completed in 279ms,E104,Transaction {tx} completed in {time}ms
77889,2026-01-15,14:25:37,INFO,WebServer,Health check passed: WebServer,E102,Health check passed: {service}
77890,2026-01-15,14:02:27,INFO,OrderProcessor,User u1338 login successful,E101,User {user} login successful
77891,2026-01-15,14:48:41,INFO,WebServer,User u3583 login successful,E101,User {user} login successful
77892,2026-01-15,14:25:36,WARN,AuthService,Disk usage > 85% on node node-5,E202,Disk usage > 85% on node {node}
77893,2026-01-15,14:23:34,INFO,OrderProcessor,User u2426 login successful,E101,User {user} login successful
77894,2026-01-15,14:12:33,INFO,PaymentGateway,Transaction tx427703 completed in 1973ms,E104,Transaction {tx} completed in {time}ms
77895,2026-01-15,14:35:46,INFO,WebServer,Health check passed: WebServer,E102,Health check passed: {service}
77896,2026-01-15,14:28:52,INFO,WebServer,Transaction tx285445 completed in 1559ms,E104,Transaction {tx} completed in {time}ms
77897,2026-01-15,14:52:11,INFO,OrderProcessor,Transaction tx998248 completed in 1101ms,E104,Transaction {tx} completed in {time}ms
77898,2026-01-15,14:15:19,INFO,WebServer,Transaction tx498250 completed in 1359ms,E104,Transaction {tx} completed in {time}ms
77899,2026-01-15,14:36:15,INFO,PaymentGateway,Transaction tx794915 completed in 1468ms,E104,Transaction {tx} completed in {time}ms
77900,2026-01-15,14:01:55,INFO,WebServer,User u4078 login successful,E101,User {user} login successful
77901,2026-01-15,14:23:27,INFO,InventoryDB,Health check passed: InventoryDB,E102,Health check passed: {service}
77902,2026-01-15,14:03:16,INFO,AuthService,User u1350 login successful,E101,User {user} login successful
77903,2026-01-15,14:00:28,INFO,WebServer,Page view: /home by u4912,E103,Page view: {page} by {user}
77904,2026-01-15,14:24:12,INFO,WebServer,Transaction tx552390 completed in 1245ms,E104,Transaction {tx} completed in {time}ms
77905,2026-01-15,14:04:30,INFO,WebServer,Page view: /home by u2867,E103,Page view: {page} by {user}
77906,2026-01-15,14:47:29,INFO,OrderProcessor,Health check passed: OrderProcessor,E102,Health check passed: {service}
77907,2026-01-15,14:30:50,INFO,WebServer,Health check passed: WebServer,E102,Health check passed: {service}
77908,2026-01-15,14:44:16,INFO,WebServer,Health check passed: WebServer,E102,Health check passed: {service}
77909,2026-01-15,14:01:26,INFO,AuthService,Page view: /home by u2028,E103,Page view: {page} by {user}
77910,2026-01-15,14:59:18,INFO,OrderProcessor,Transaction tx412660 completed in 975ms,E104,Transaction {tx} completed in {time}ms
77911,2026-01-15,14:04:43,INFO,WebServer,Health check passed: WebServer,E102,Health check passed: {service}
77912,2026-01-15,14:45:15,INFO,OrderProcessor,Health check passed: OrderProcessor,E102,Health check passed: {service}
77913,2026-01-15,14:06:39,INFO,WebServer,User u4357 login successful,E101,User {user} login successful
77914,2026-01-15,14:32:44,INFO,WebServer,Page view: /home by u1596,E103,Page view: {page} by {user}
77915,2026-01-15,14:44:03,INFO,WebServer,User u3451 login successful,E101,User {user} login successful
77916,2026-01-15,14:43:41,INFO,AuthService,Transaction tx164464 completed in 1170ms,E104,Transaction {tx} completed in {time}ms
77917,2026-01-15,14:18:59,INFO,AuthService,Page view: /home by u2490,E103,Page view: {page} by {user}
77918,2026-01-15,14:18:20,INFO,AuthService,Transaction tx721508 completed in 717ms,E104,Transaction {tx} completed in {time}ms
77919,2026-01-15,14:04:52,INFO,WebServer,User u3521 login successful,E101,User {user} login successful
77920,2026-01-15,14:45:19,INFO,WebServer,Health check passed: WebServer,E102,Health check passed: {service}
77921,2026-01-15,14:47:50,INFO,InventoryDB,Page view: /home by u4566,E103,Page view: {page} by {user}
77922,2026-01-15,14:06:57,INFO,AuthService,Health check passed: AuthService,E102,Health check passed: {service}
77923,2026-01-15,14:53:01,INFO,OrderProcessor,Transaction tx952424 completed in 851ms,E104,Transaction {tx} completed in {time}ms
77924,2026-01-15,14:34:58,INFO,WebServer,Transaction tx994753 completed in 1605ms,E104,Transaction {tx} completed in {time}ms
77925,2026-01-15,14:53:48,INFO,WebServer,User u2661 login successful,E101,User {user} login successful
77926,2026-01-15,14:24:58,INFO,AuthService,Page view: /home by u1127,E103,Page view: {page} by {user}
77927,2026-01-15,14:59:29,INFO,AuthService,Page view: /home by u1991,E103,Page view: {page} by {user}
77928,2026-01-15,15:36:48,INFO,AuthService,Transaction tx727584 completed in 501ms,E104,Transaction {tx} completed in {time}ms
77929,2026-01-15,15:24:11,INFO,WebServer,Health check passed: WebServer,E102,Health check passed: {service}
77930,2026-01-15,15:04:45,INFO,WebServer,Page view: /home by u4805,E103,Page view: {page} by {user}
77931,2026-01-15,15:01:34,INFO,AuthService,Page view: /home by u2444,E103,Page view: {page} by {user}
77932,2026-01-15,15:32:51,INFO,PaymentGateway,User u4058 login successful,E101,User {user} login successful
77933,2026-01-15,15:21:02,INFO,WebServer,Health check passed: WebServer,E102,Health check passed: {service}
77934,2026-01-15,15:11:14,INFO,OrderProcessor,Health check passed: OrderProcessor,E102,Health check passed: {service}
77935,2026-01-15,15:53:58,INFO,WebServer,Health check passed: WebServer,E102,Health check passed: {service}
77936,2026-01-15,15:37:07,INFO,WebServer,Page view: /home by u2541,E103,Page view: {page} by {user}
77937,2026-01-15,15:23:06,ERROR,WebServer,Payment declined: Gateway unavailable,E503,Payment declined: Gateway unavailable
77938,2026-01-15,15:25:41,INFO,WebServer,Transaction tx335749 completed in 80ms,E104,Transaction {tx} completed in {time}ms
77939,2026-01-15,15:37:40,INFO,AuthService,Health check passed: AuthService,E102,Health check passed: {service}
77940,2026-01-15,15:09:41,INFO,WebServer,Transaction tx207703 completed in 325ms,E104,Transaction {tx} completed in {time}ms
77941,2026-01-15,15:21:45,INFO,WebServer,Transaction tx494275 completed in 1325ms,E104,Transaction {tx} completed in {time}ms
77942,2026-01-15,15:30:44,INFO,AuthService,User u4503 login successful,E101,User {user} login successful
77943,2026-01-15,15:58:24,INFO,OrderProcessor,Health check passed: OrderProcessor,E102,Health check passed: {service}
77944,2026-01-15,15:00:50,INFO,AuthService,Health check passed: AuthService,E102,Health check passed: {service}
77945,2026-01-15,15:33:35,INFO,AuthService,Health check passed: AuthService,E102,Health check passed: {service}
77946,2026-01-15,15:40:27,INFO,WebServer,Transaction tx864329 completed in 137ms,E104,Transaction {tx} completed in {time}ms
77947,2026-01-15,15:24:34,INFO,WebServer,Transaction tx340957 completed in 904ms,E104,Transaction {tx} completed in {time}ms
77948,2026-01-15,15:35:31,INFO,WebServer,User u4812 login successful,E101,User {user} login successful
77949,2026-01-15,15:39:33,INFO,PaymentGateway,Page view: /home by u1909,E103,Page view: {page} by {user}
77950,2026-01-15,15:29:23,INFO,WebServer,Page view: /home by u4131,E103,Page view: {page} by {user}
77951,2026-01-15,15:58:13,INFO,OrderProcessor,Health check passed: OrderProcessor,E102,Health check passed: {service}
77952,2026-01-15,15:51:09,INFO,WebServer,Transaction tx505939 completed in 61ms,E104,Transaction {tx} completed in {time}ms
77953,2026-01-15,15:56:13,INFO,InventoryDB,Health check passed: InventoryDB,E102,Health check passed: {service}
77954,2026-01-15,15:42:05,INFO,AuthService,Page view: /home by u4813,E103,Page view: {page} by {user}
77955,2026-01-15,15:55:29,INFO,WebServer,Health check passed: WebServer,E102,Health check passed: {service}
77956,2026-01-15,15:37:11,INFO,WebServer,Health check passed: WebServer,E102,Health check passed: {service}
77957,2026-01-15,15:27:29,INFO,WebServer,Page view: /home by u3671,E103,Page view: {page} by {user}
77958,2026-01-15,15:41:07,INFO,OrderProcessor,Transaction tx340223 completed in 774ms,E104,Transaction {tx} completed in {time}ms
77959,2026-01-15,15:17:53,INFO,AuthService,Transaction tx394229 completed in 205ms,E104,Transaction {tx} completed in {time}ms
77960,2026-01-15,15:39:13,INFO,WebServer,Page view: /home by u4765,E103,Page view: {page} by {user}
77961,2026-01-15,15:25:25,INFO,WebServer,Page view: /home by u2818,E103,Page view: {page} by {user}
77962,2026-01-15,15:14:21,INFO,PaymentGateway,Page view: /home by u4032,E103,Page view: {page} by {user}
77963,2026-01-15,15:04:45,INFO,OrderProcessor,Page view: /home by u2984,E103,Page view: {page} by {user}
77964,2026-01-15,15:17:33,INFO,AuthService,User u3324 login successful,E101,User {user} login successful
77965,2026-01-15,15:46:01,INFO,AuthService,User u3666 login successful,E101,User {user} login successful
77966,2026-01-15,15:29:20,INFO,PaymentGateway,Page view: /home by u3508,E103,Page view: {page} by {user}
77967,2026-01-15,15:18:10,INFO,WebServer,Page view: /home by u2712,E103,Page view: {page} by {user}
77968,2026-01-15,15:36:44,INFO,WebServer,Page view: /home by u1827,E103,Page view: {page} by {user}
77969,2026-01-15,15:55:15,INFO,PaymentGateway,Transaction tx434404 completed in 518ms,E104,Transaction {tx} completed in {time}ms
77970,2026-01-15,15:43:31,INFO,InventoryDB,Page view: /home by u3703,E103,Page view: {page} by {user}
77971,2026-01-15,15:45:17,INFO,OrderProcessor,User u2566 login successful,E101,User {user} login successful
77972,2026-01-15,15:17:08,INFO,WebServer,Health check passed: WebServer,E102,Health check passed: {service}
77973,2026-01-15,15:36:36,INFO,WebServer,User u3028 login successful,E101,User {user} login successful
77974,2026-01-15,15:00:00,INFO,PaymentGateway,Health check passed: PaymentGateway,E102,Health check passed: {service}
77975,2026-01-15,15:39:51,INFO,WebServer,User u1295 login successful,E101,User {user} login successful
77976,2026-01-15,15:58:38,INFO,PaymentGateway,Page view: /home by u3645,E103,Page view: {page} by {user}
77977,2026-01-15,15:30:02,INFO,WebServer,Page view: /home by u3283,E103,Page view: {page} by {user}
77978,2026-01-15,15:18:12,INFO,WebServer,Transaction tx745310 completed in 1810ms,E104,Transaction {tx} completed in {time}ms
77979,2026-01-15,15:21:22,INFO,OrderProcessor,Health check passed: OrderProcessor,E102,Health check passed: {service}
77980,2026-01-15,15:36:34,INFO,WebServer,Transaction tx764145 completed in 246ms,E104,Transaction {tx} completed in {time}ms
77981,2026-01-15,15:26:46,INFO,AuthService,Page view: /home by u3284,E103,Page view: {page} by {user}
77982,2026-01-15,15:05:16,INFO,WebServer,Health check passed: WebServer,E102,Health check passed: {service}
77983,2026-01-15,15:09:48,INFO,WebServer,User u2392 login successful,E101,User {user} login successful
77984,2026-01-15,15:41:45,INFO,AuthService,Health check passed: AuthService,E102,Health check passed: {service}
77985,2026-01-15,15:26:53,INFO,WebServer,User u1752 login successful,E101,User {user} login successful
77986,2026-01-15,15:17:27,INFO,OrderProcessor,Page view: /home by u3662,E103,Page view: {page} by {user}
77987,2026-01-15,15:05:51,INFO,WebServer,Health check passed: WebServer,E102,Health check passed: {service}
77988,2026-01-15,15:42:57,INFO,WebServer,Page view: /home by u1886,E103,Page view: {page} by {user}
77989,2026-01-15,15:47:52,INFO,WebServer,User u4044 login successful,E101,User {user} login successful
77990,2026-01-15,15:38:47,INFO,WebServer,Health check passed: WebServer,E102,Health check passed: {service}
77991,2026-01-15,15:34:43,INFO,OrderProcessor,Page view: /home by u2403,E103,Page view: {page} by {user}
77992,2026-01-15,15:03:35,INFO,PaymentGateway,Page view: /home by u2661,E103,Page view: {page} by {user}
77993,2026-01-15,15:24:47,INFO,WebServer,Transaction tx366657 completed in 545ms,E104,Transaction {tx} completed in {time}ms
77994,2026-01-15,15:22:28,CRITICAL,OrderProcessor,KERNEL PANIC: Node node-3 crashed,E601,KERNEL PANIC: Node {node} crashed
77995,2026-01-15,15:15:00,INFO,WebServer,Page view: /home by u4657,E103,Page view: {page} by {user}
77996,2026-01-15,15:21:44,INFO,AuthService,User u2453 login successful,E101,User {user} login successful
77997,2026-01-15,15:06:11,INFO,WebServer,Transaction tx810473 completed in 1543ms,E104,Transaction {tx} completed in {time}ms
77998,2026-01-15,15:49:24,INFO,WebServer,Page view: /home by u4621,E103,Page view: {page} by {user}
77999,2026-01-15,15:40:32,INFO,OrderProcessor,Transaction tx684036 completed in 1515ms,E104,Transaction {tx} completed in {time}ms
78000,2026-01-15,15:46:32,INFO,AuthService,Health check passed: AuthService,E102,Health check passed: {service}
78001,2026-01-15,15:49:26,INFO,WebServer,Page view: /home by u2019,E103,Page view: {page} by {user}
78002,2026-01-15,15:04:27,INFO,WebServer,Page view: /home by u1547,E103,Page view: {page} by {user}
78003,2026-01-15,15:19:17,ERROR,AuthService,Payment declined: Gateway unavailable,E503,Payment declined: Gateway unavailable
78004,2026-01-15,15:39:02,INFO,WebServer,Page view: /home by u3093,E103,Page view: {page} by {user}
78005,2026-01-15,15:46:28,INFO,AuthService,Transaction tx165860 completed in 226ms,E104,Transaction {tx} completed in {time}ms
78006,2026-01-15,15:40:16,INFO,WebServer,Health check passed: WebServer,E102,Health check passed: {service}
78007,2026-01-15,15:58:24,INFO,OrderProcessor,Transaction tx932806 completed in 1022ms,E104,Transaction {tx} completed in {time}ms
78008,2026-01-15,15:01:11,INFO,PaymentGateway,Health check passed: PaymentGateway,E102,Health check passed: {service}
78009,2026-01-15,15:51:55,INFO,WebServer,User u4999 login successful,E101,User {user} login successful
78010,2026-01-15,15:15:36,INFO,AuthService,Transaction tx555020 completed in 608ms,E104,Transaction {tx} completed in {time}ms
78011,2026-01-15,15:22:56,INFO,WebServer,User u4410 login successful,E101,User {user} login successful
78012,2026-01-15,15:06:26,WARN,OrderProcessor,Unauthorized access attempt from 10.0.0.45,E401,Unauthorized access attempt from {ip}
78013,2026-01-15,15:14:11,INFO,WebServer,Transaction tx139255 completed in 784ms,E104,Transaction {tx} completed in {time}ms
78014,2026-01-15,15:55:28,INFO,WebServer,Page view: /home by u1120,E103,Page view: {page} by {user}
78015,2026-01-15,15:23:39,INFO,AuthService,Transaction tx938673 completed in 1130ms,E104,Transaction {tx} completed in {time}ms
78016,2026-01-15,15:18:17,INFO,AuthService,Transaction tx663425 completed in 349ms,E104,Transaction {tx} completed in {time}ms
78017,2026-01-15,15:51:03,INFO,WebServer,Transaction tx581928 completed in 1522ms,E104,Transaction {tx} completed in {time}ms
78018,2026-01-15,15:46:46,INFO,OrderProcessor,User u2504 login successful,E101,User {user} login successful
78019,2026-01-15,15:00:24,INFO,WebServer,User u1080 login successful,E101,User {user} login successful
78020,2026-01-15,15:39:34,INFO,WebServer,Health check passed: WebServer,E102,Health check passed: {service}
78021,2026-01-15,15:04:56,INFO,WebServer,Health check passed: WebServer,E102,Health check passed: {service}
78022,2026-01-15,15:09:34,INFO,AuthService,Health check passed: AuthService,E102,Health check passed: {service}
78023,2026-01-15,15:20:00,INFO,WebServer,User u4434 login successful,E101,User {user} login successful
78024,2026-01-15,15:37:00,INFO,PaymentGateway,Health check passed: PaymentGateway,E102,Health check passed: {service}
78025,2026-01-15,15:00:27,INFO,WebServer,User u1167 login successful,E101,User {user} login successful
78026,2026-01-15,15:20:20,INFO,WebServer,User u2111 login successful,E101,User {user} login successful
78027,2026-01-15,15:52:05,CRITICAL,AuthService,KERNEL PANIC: Node node-1 crashed,E601,KERNEL PANIC: Node {node} crashed
78028,2026-01-15,15:58:53,INFO,WebServer,Health check passed: WebServer,E102,Health check passed: {service}
78029,2026-01-15,15:51:32,INFO,WebServer,User u3957 login successful,E101,User {user} login successful
78030,2026-01-15,15:47:23,INFO,OrderProcessor,Transaction tx835021 completed in 104ms,E104,Transaction {tx} completed in {time}ms
78031,2026-01-15,15:23:57,INFO,PaymentGateway,Page view: /home by u2527,E103,Page view: {page} by {user}
78032,2026-01-15,15:04:06,INFO,AuthService,User u2969 login successful,E101,User {user} login successful
78033,2026-01-15,15:03:34,INFO,WebServer,Page view: /home by u4981,E103,Page view: {page} by {user}
78034,2026-01-15,15:42:31,INFO,WebServer,Transaction tx682923 completed in 1987ms,E104,Transaction {tx} completed in {time}ms
78035,2026-01-15,15:35:37,INFO,InventoryDB,Health check passed: InventoryDB,E102,Health check passed: {service}
78036,2026-01-15,15:25:17,INFO,OrderProcessor,Transaction tx676826 completed in 1773ms,E104,Transaction {tx} completed in {time}ms
78037,2026-01-15,15:39:39,INFO,InventoryDB,Health check passed: InventoryDB,E102,Health check passed: {service}
78038,2026-01-15,15:47:48,WARN,AuthService,Disk usage > 85% on node node-4,E202,Disk usage > 85% on node {node}
78039,2026-01-15,15:44:06,INFO,AuthService,User u3662 login successful,E101,User {user} login successful
78040,2026-01-15,15:21:29,WARN,PaymentGateway,Disk usage > 85% on node node-1,E202,Disk usage > 85% on node {node}
78041,2026-01-15,15:25:00,INFO,AuthService,Page view: /home by u4755,E103,Page view: {page} by {user}
78042,2026-01-15,15:17:38,INFO,PaymentGateway,User u3094 login successful,E101,User {user} login successful
78043,2026-01-15,15:27:47,INFO,AuthService,Transaction tx487954 completed in 1953ms,E104,Transaction {tx} completed in {time}ms
78044,2026-01-15,15:30:08,INFO,AuthService,Health check passed: AuthService,E102,Health check passed: {service}
78045,2026-01-15,15:37:22,INFO,WebServer,User u1436 login successful,E101,User {user} login successful
78046,2026-01-15,15:24:18,INFO,WebServer,Page view: /home by u1994,E103,Page view: {page} by {user}
78047,2026-01-15,15:56:38,INFO,PaymentGateway,Page view: /home by u1545,E103,Page view: {page} by {user}
78048,2026-01-15,15:15:04,INFO,AuthService,Transaction tx761952 completed in 956ms,E104,Transaction {tx} completed in {time}ms
78049,2026-01-15,15:19:59,INFO,WebServer,Health check passed: WebServer,E102,Health check passed: {service}
78050,2026-01-15,15:18:18,INFO,InventoryDB,Page view: /home by u1949,E103,Page view: {page} by {user}
78051,2026-01-15,15:17:56,INFO,WebServer,Page view: /home by u4734,E103,Page view: {page} by {user}
78052,2026-01-15,15:37:56,INFO,WebServer,Health check passed: WebServer,E102,Health check passed: {service}
78053,2026-01-15,15:12:33,INFO,OrderProcessor,User u3384 login successful,E101,User {user} login successful
78054,2026-01-15,15:52:16,INFO,AuthService,Transaction tx152110 completed in 1086ms,E104,Transaction {tx} completed in {time}ms
78055,2026-01-15,15:35:53,INFO,AuthService,Transaction tx287971 completed in 1163ms,E104,Transaction {tx} completed in {time}ms
78056,2026-01-15,15:37:11,INFO,AuthService,Transaction tx707596 completed in 686ms,E104,Transaction {tx} completed in {time}ms
78057,2026-01-15,15:54:58,INFO,WebServer,Health check passed: WebServer,E102,Health check passed: {service}
78058,2026-01-15,15:20:20,INFO,OrderProcessor,Transaction tx296214 completed in 1513ms,E104,Transaction {tx} completed in {time}ms
78059,2026-01-15,15:31:27,INFO,AuthService,User u4548 login successful,E101,User {user} login successful
78060,2026-01-15,15:09:38,INFO,WebServer,Transaction tx449111 completed in 1616ms,E104,Transaction {tx} completed in {time}ms
78061,2026-01-15,15:22:50,INFO,PaymentGateway,Health check passed: PaymentGateway,E102,Health check passed: {service}
78062,2026-01-15,15:15:13,INFO,AuthService,Page view: /home by u4341,E103,Page view: {page} by {user}
78063,2026-01-15,15:47:56,INFO,WebServer,User u2357 login successful,E101,User {user} login successful
78064,2026-01-15,15:50:39,INFO,OrderProcessor,Health check passed: OrderProcessor,E102,Health check passed: {service}
78065,2026-01-15,15:33:48,INFO,OrderProcessor,Transaction tx347739 completed in 148ms,E104,Transaction {tx} completed in {time}ms
78066,2026-01-15,15:46:13,INFO,PaymentGateway,User u2814 login successful,E101,User {user} login successful
78067,2026-01-15,15:12:54,INFO,WebServer,Health check passed: WebServer,E102,Health check passed: {service}
78068,2026-01-15,15:37:56,INFO,WebServer,Transaction tx397854 completed in 1939ms,E104,Transaction {tx} completed in {time}ms
78069,2026-01-15,15:49:11,INFO,InventoryDB,Health check passed: InventoryDB,E102,Health check passed: {service}
78070,2026-01-15,15:42:08,INFO,InventoryDB,Health check passed: InventoryDB,E102,Health check passed: {service}
78071,2026-01-15,15:12:48,INFO,WebServer,User u3956 login successful,E101,User {user} login successful
78072,2026-01-15,15:42:31,INFO,WebServer,Health check passed: WebServer,E102,Health check passed: {service}
78073,2026-01-15,15:26:25,INFO,OrderProcessor,User u3826 login successful,E101,User {user} login successful
78074,2026-01-15,15:09:39,INFO,WebServer,Transaction tx119650 completed in 1145ms,E104,Transaction {tx} completed in {time}ms
78075,2026-01-15,15:01:27,INFO,OrderProcessor,Page view: /home by u1256,E103,Page view: {page} by {user}
78076,2026-01-15,15:20:14,INFO,WebServer,Transaction tx619129 completed in 485ms,E104,Transaction {tx} completed in {time}ms
78077,2026-01-15,15:58:50,INFO,WebServer,Transaction tx389359 completed in 103ms,E104,Transaction {tx} completed in {time}ms
78078,2026-01-15,15:35:08,INFO,AuthService,Transaction tx788269 completed in 1722ms,E104,Transaction {tx} completed in {time}ms
78079,2026-01-15,15:55:19,INFO,OrderProcessor,Page view: /home by u4663,E103,Page view: {page} by {user}
78080,2026-01-15,15:23:39,INFO,PaymentGateway,Transaction tx978712 completed in 249ms,E104,Transaction {tx} completed in {time}ms
78081,2026-01-15,15:28:56,INFO,WebServer,Page view: /home by u1280,E103,Page view: {page} by {user}
78082,2026-01-15,15:56:04,INFO,WebServer,Transaction tx709377 completed in 712ms,E104,Transaction {tx} completed in {time}ms
78083,2026-01-15,15:59:32,INFO,WebServer,Page view: /home by u4446,E103,Page view: {page} by {user}
78084,2026-01-15,15:12:56,INFO,AuthService,Page view: /home by u4372,E103,Page view: {page} by {user}
78085,2026-01-15,15:16:40,INFO,WebServer,Transaction tx635578 completed in 1575ms,E104,Transaction {tx} completed in {time}ms
78086,2026-01-15,15:32:43,INFO,InventoryDB,Transaction tx631173 completed in 1403ms,E104,Transaction {tx} completed in {time}ms
78087,2026-01-15,15:34:33,INFO,WebServer,Page view: /home by u1147,E103,Page view: {page} by {user}
78088,2026-01-15,15:31:44,WARN,OrderProcessor,Disk usage > 85% on node node-2,E202,Disk usage > 85% on node {node}
78089,2026-01-15,15:47:15,INFO,AuthService,Health check passed: AuthService,E102,Health check passed: {service}
78090,2026-01-15,15:02:29,INFO,AuthService,Transaction tx898422 completed in 357ms,E104,Transaction {tx} completed in {time}ms
78091,2026-01-15,15:45:07,INFO,WebServer,Transaction tx604593 completed in 909ms,E104,Transaction {tx} completed in {time}ms
78092,2026-01-15,15:43:37,INFO,WebServer,Page view: /home by u3080,E103,Page view: {page} by {user}
78093,2026-01-15,15:50:41,INFO,AuthService,User u4663 login successful,E101,User {user} login successful
78094,2026-01-15,15:01:07,INFO,WebServer,User u1700 login successful,E101,User {user} login successful
78095,2026-01-15,15:01:09,INFO,AuthService,User u2028 login successful,E101,User {user} login successful
78096,2026-01-15,15:48:16,INFO,AuthService,User u4833 login successful,E101,User {user} login successful
78097,2026-01-15,15:10:36,INFO,OrderProcessor,Page view: /home by u4862,E103,Page view: {page} by {user}
78098,2026-01-15,15:17:18,INFO,WebServer,Transaction tx871714 completed in 342ms,E104,Transaction {tx} completed in {time}ms
78099,2026-01-15,15:53:13,INFO,OrderProcessor,User u4650 login successful,E101,User {user} login successful
78100,2026-01-15,15:06:36,ERROR,WebServer,Payment declined: Gateway unavailable,E503,Payment declined: Gateway unavailable
78101,2026-01-15,15:59:47,INFO,WebServer,Transaction tx676998 completed in 81ms,E104,Transaction {tx} completed in {time}ms
78102,2026-01-15,15:52:17,INFO,WebServer,User u3760 login successful,E101,User {user} login successful
78103,2026-01-15,15:42:04,INFO,OrderProcessor,Page view: /home by u1779,E103,Page view: {page} by {user}
78104,2026-01-15,15:38:31,WARN,WebServer,High latency (1610ms) detected on WebServer,E201,High latency ({time}ms) detected on {service}
78105,2026-01-15,15:56:39,INFO,AuthService,User u1005 login successful,E101,User {user} login successful
78106,2026-01-15,15:03:45,INFO,AuthService,Transaction tx575123 completed in 901ms,E104,Transaction {tx} completed in {time}ms
78107,2026-01-15,15:46:24,INFO,PaymentGateway,User u1391 login successful,E101,User {user} login successful
78108,2026-01-15,15:06:52,INFO,WebServer,Page view: /home by u3433,E103,Page view: {page} by {user}
78109,2026-01-15,15:47:14,INFO,AuthService,Transaction tx181661 completed in 1343ms,E104,Transaction {tx} completed in {time}ms
78110,2026-01-15,15:50:11,INFO,WebServer,Page view: /home by u3336,E103,Page view: {page} by {user}
78111,2026-01-15,15:43:02,INFO,OrderProcessor,Transaction tx546115 completed in 673ms,E104,Transaction {tx} completed in {time}ms
78112,2026-01-15,15:49:47,INFO,WebServer,Transaction tx568944 completed in 1544ms,E104,Transaction {tx} completed in {time}ms
78113,2026-01-15,15:33:42,INFO,InventoryDB,Transaction tx403453 completed in 1023ms,E104,Transaction {tx} completed in {time}ms
78114,2026-01-15,15:23:35,INFO,PaymentGateway,Transaction tx641938 completed in 1927ms,E104,Transaction {tx} completed in {time}ms
78115,2026-01-15,15:33:27,INFO,OrderProcessor,Health check passed: OrderProcessor,E102,Health check passed: {service}
78116,2026-01-15,15:49:45,INFO,PaymentGateway,Page view: /home by u4487,E103,Page view: {page} by {user}
78117,2026-01-15,15:35:05,INFO,AuthService,Health check passed: AuthService,E102,Health check passed: {service}
78118,2026-01-15,15:40:18,INFO,AuthService,Health check passed: AuthService,E102,Health check passed: {service}
78119,2026-01-15,15:32:51,INFO,WebServer,Page view: /home by u3263,E103,Page view: {page} by {user}
78120,2026-01-15,15:51:26,INFO,OrderProcessor,Health check passed: OrderProcessor,E102,Health check passed: {service}
78121,2026-01-15,15:12:44,INFO,WebServer,User u3036 login successful,E101,User {user} login successful
78122,2026-01-15,15:50:22,INFO,OrderProcessor,Health check passed: OrderProcessor,E102,Health check passed: {service}
78123,2026-01-15,15:44:20,INFO,AuthService,Transaction tx285129 completed in 251ms,E104,Transaction {tx} completed in {time}ms
78124,2026-01-15,15:28:44,INFO,WebServer,Page view: /home by u4859,E103,Page view: {page} by {user}
78125,2026-01-15,15:45:46,INFO,WebServer,Health check passed: WebServer,E102,Health check passed: {service}
78126,2026-01-15,15:17:02,INFO,AuthService,Health check passed: AuthService,E102,Health check passed: {service}
78127,2026-01-15,15:40:34,INFO,AuthService,Transaction tx692610 completed in 1103ms,E104,Transaction {tx} completed in {time}ms
78128,2026-01-15,15:39:44,INFO,WebServer,Page view: /home by u2350,E103,Page view: {page} by {user}
78129,2026-01-15,15:29:27,INFO,InventoryDB,User u3841 login successful,E101,User {user} login successful
78130,2026-01-15,15:20:34,INFO,AuthService,User u2358 login successful,E101,User {user} login successful
78131,2026-01-15,15:27:27,INFO,InventoryDB,Page view: /home by u3660,E103,Page view: {page} by {user}
78132,2026-01-15,15:01:15,INFO,OrderProcessor,Transaction tx935786 completed in 1763ms,E104,Transaction {tx} completed in {time}ms
78133,2026-01-15,15:57:19,INFO,InventoryDB,User u4748 login successful,E101,User {user} login successful
78134,2026-01-15,15:09:25,INFO,WebServer,Transaction tx801812 completed in 1990ms,E104,Transaction {tx} completed in {time}ms
78135,2026-01-15,15:26:03,INFO,PaymentGateway,User u3673 login successful,E101,User {user} login successful
78136,2026-01-15,15:49:05,INFO,InventoryDB,Page view: /home by u3952,E103,Page view: {page} by {user}
78137,2026-01-15,15:32:28,INFO,WebServer,Transaction tx489150 completed in 1482ms,E104,Transaction {tx} completed in {time}ms
78138,2026-01-15,15:18:40,INFO,WebServer,Transaction tx408151 completed in 103ms,E104,Transaction {tx} completed in {time}ms
78139,2026-01-15,15:15:06,INFO,PaymentGateway,Health check passed: PaymentGateway,E102,Health check passed: {service}
78140,2026-01-15,15:33:27,INFO,AuthService,User u1156 login successful,E101,User {user} login successful
78141,2026-01-15,15:56:20,INFO,WebServer,User u4720 login successful,E101,User {user} login successful
78142,2026-01-15,15:40:24,INFO,OrderProcessor,Transaction tx369992 completed in 690ms,E104,Transaction {tx} completed in {time}ms
78143,2026-01-15,15:45:30,INFO,WebServer,Page view: /home by u3216,E103,Page view: {page} by {user}
78144,2026-01-15,15:39:18,INFO,OrderProcessor,Page view: /home by u1506,E103,Page view: {page} by {user}
78145,2026-01-15,15:50:44,INFO,WebServer,User u2356 login successful,E101,User {user} login successful
78146,2026-01-15,15:29:14,INFO,AuthService,Transaction tx532677 completed in 808ms,E104,Transaction {tx} completed in {time}ms
78147,2026-01-15,15:53:29,INFO,WebServer,User u2689 login successful,E101,User {user} login successful
78148,2026-01-15,15:24:02,INFO,WebServer,Health check passed: WebServer,E102,Health check passed: {service}
78149,2026-01-15,15:02:19,INFO,OrderProcessor,Transaction tx557606 completed in 1234ms,E104,Transaction {tx} completed in {time}ms
78150,2026-01-15,15:45:32,INFO,WebServer,Page view: /home by u3337,E103,Page view: {page} by {user}
78151,2026-01-15,15:06:06,INFO,OrderProcessor,Transaction tx973834 completed in 1362ms,E104,Transaction {tx} completed in {time}ms
78152,2026-01-15,15:31:48,INFO,OrderProcessor,Transaction tx531308 completed in 1514ms,E104,Transaction {tx} completed in {time}ms
78153,2026-01-15,15:22:00,INFO,WebServer,Page view: /home by u3356,E103,Page view: {page} by {user}
78154,2026-01-15,15:39:17,INFO,InventoryDB,Page view: /home by u4153,E103,Page view: {page} by {user}
78155,2026-01-15,15:17:58,INFO,WebServer,Page view: /home by u4027,E103,Page view: {page} by {user}
78156,2026-01-15,15:57:55,INFO,WebServer,Page view: /home by u3036,E103,Page view: {page} by {user}
78157,2026-01-15,15:45:00,INFO,WebServer,User u4949 login successful,E101,User {user} login successful
78158,2026-01-15,15:28:20,INFO,WebServer,Health check passed: WebServer,E102,Health check passed: {service}
78159,2026-01-15,15:01:04,INFO,WebServer,User u4821 login successful,E101,User {user} login successful
78160,2026-01-15,15:42:11,INFO,AuthService,Health check passed: AuthService,E102,Health check passed: {service}
78161,2026-01-15,15:34:52,INFO,WebServer,Transaction tx566568 completed in 375ms,E104,Transaction {tx} completed in {time}ms
78162,2026-01-15,15:14:48,INFO,WebServer,Transaction tx659020 completed in 194ms,E104,Transaction {tx} completed in {time}ms
78163,2026-01-15,15:44:01,INFO,OrderProcessor,Page view: /home by u3430,E103,Page view: {page} by {user}
78164,2026-01-15,15:59:46,INFO,OrderProcessor,User u3811 login successful,E101,User {user} login successful
78165,2026-01-15,15:32:34,INFO,InventoryDB,Transaction tx786214 completed in 821ms,E104,Transaction {tx} completed in {time}ms
78166,2026-01-15,15:35:13,INFO,WebServer,Transaction tx946468 completed in 707ms,E104,Transaction {tx} completed in {time}ms
78167,2026-01-15,15:10:22,INFO,WebServer,Health check passed: WebServer,E102,Health check passed: {service}
78168,2026-01-15,15:18:25,INFO,PaymentGateway,Transaction tx567220 completed in 1237ms,E104,Transaction {tx} completed in {time}ms
78169,2026-01-15,15:21:50,INFO,WebServer,Page view: /home by u2198,E103,Page view: {page} by {user}
78170,2026-01-15,15:12:11,INFO,WebServer,Health check passed: WebServer,E102,Health check passed: {service}
78171,2026-01-15,15:15:25,INFO,WebServer,Health check passed: WebServer,E102,Health check passed: {service}
78172,2026-01-15,15:01:50,INFO,WebServer,User u3005 login successful,E101,User {user} login successful
78173,2026-01-15,15:27:20,INFO,WebServer,Transaction tx427564 completed in 1487ms,E104,Transaction {tx} completed in {time}ms
78174,2026-01-15,15:27:31,INFO,WebServer,User u4076 login successful,E101,User {user} login successful
78175,2026-01-15,15:19:37,INFO,WebServer,Page view: /home by u2926,E103,Page view: {page} by {user}
78176,2026-01-15,15:32:22,INFO,WebServer,Health check passed: WebServer,E102,Health check passed: {service}
78177,2026-01-15,15:28:35,INFO,OrderProcessor,User u1654 login successful,E101,User {user} login successful
78178,2026-01-15,15:56:25,INFO,OrderProcessor,Page view: /home by u2666,E103,Page view: {page} by {user}
78179,2026-01-15,15:48:34,INFO,WebServer,Transaction tx656765 completed in 850ms,E104,Transaction {tx} completed in {time}ms
78180,2026-01-15,15:39:22,INFO,WebServer,User u2076 login successful,E101,User {user} login successful
78181,2026-01-15,15:34:16,INFO,AuthService,Health check passed: AuthService,E102,Health check passed: {service}
78182,2026-01-15,15:04:10,INFO,AuthService,Page view: /home by u3686,E103,Page view: {page} by {user}
78183,2026-01-15,15:29:59,INFO,WebServer,User u2220 login successful,E101,User {user} login successful
78184,2026-01-15,15:34:30,INFO,AuthService,Health check passed: AuthService,E102,Health check passed: {service}
78185,2026-01-15,15:19:48,INFO,WebServer,Health check passed: WebServer,E102,Health check passed: {service}
78186,2026-01-15,15:10:32,INFO,PaymentGateway,Transaction tx867091 completed in 1089ms,E104,Transaction {tx} completed in {time}ms
78187,2026-01-15,15:26:05,INFO,WebServer,Page view: /home by u1477,E103,Page view: {page} by {user}
78188,2026-01-15,15:36:12,WARN,PaymentGateway,High latency (1232ms) detected on PaymentGateway,E201,High latency ({time}ms) detected on {service}
78189,2026-01-15,15:53:05,WARN,WebServer,High latency (176ms) detected on WebServer,E201,High latency ({time}ms) detected on {service}
78190,2026-01-15,15:59:16,INFO,AuthService,Page view: /home by u1941,E103,Page view: {page} by {user}
78191,2026-01-15,15:36:05,WARN,AuthService,High latency (234ms) detected on AuthService,E201,High latency ({time}ms) detected on {service}
78192,2026-01-15,15:09:33,INFO,WebServer,User u2304 login successful,E101,User {user} login successful
78193,2026-01-15,15:06:40,INFO,WebServer,User u3670 login successful,E101,User {user} login successful
78194,2026-01-15,15:35:35,INFO,WebServer,Transaction tx486211 completed in 1872ms,E104,Transaction {tx} completed in {time}ms
78195,2026-01-15,15:36:52,CRITICAL,WebServer,DATA CORRUPTION detected in sector 379,E602,DATA CORRUPTION detected in sector {sector}
78196,2026-01-15,15:53:20,ERROR,WebServer,Connection refused to WebServer at 10.0.0.45,E501,Connection refused to {service} at {ip}
78197,2026-01-15,15:46:09,INFO,InventoryDB,Page view: /home by u3759,E103,Page view: {page} by {user}
78198,2026-01-15,15:43:34,INFO,PaymentGateway,Health check passed: PaymentGateway,E102,Health check passed: {service}
78199,2026-01-15,15:16:44,INFO,AuthService,Transaction tx675255 completed in 827ms,E104,Transaction {tx} completed in {time}ms
78200,2026-01-15,15:02:08,INFO,WebServer,Health check passed: WebServer,E102,Health check passed: {service}
78201,2026-01-15,15:48:24,INFO,WebServer,Page view: /home by u3582,E103,Page view: {page} by {user}
78202,2026-01-15,15:08:44,INFO,WebServer,Health check passed: WebServer,E102,Health check passed: {service}
78203,2026-01-15,15:18:14,INFO,OrderProcessor,Health check passed: OrderProcessor,E102,Health check passed: {service}
78204,2026-01-15,15:14:58,INFO,OrderProcessor,Transaction tx273515 completed in 720ms,E104,Transaction {tx} completed in {time}ms
78205,2026-01-15,15:27:33,INFO,WebServer,User u4675 login successful,E101,User {user} login successful
78206,2026-01-15,15:09:32,INFO,PaymentGateway,User u3750 login successful,E101,User {user} login successful
78207,2026-01-15,15:46:38,INFO,AuthService,Health check passed: AuthService,E102,Health check passed: {service}
78208,2026-01-15,15:07:06,INFO,WebServer,Health check passed: WebServer,E102,Health check passed: {service}
78209,2026-01-15,15:16:27,INFO,WebServer,User u3154 login successful,E101,User {user} login successful
78210,2026-01-15,15:41:47,INFO,WebServer,Transaction tx683617 completed in 810ms,E104,Transaction {tx} completed in {time}ms
78211,2026-01-15,15:25:14,INFO,WebServer,Health check passed: WebServer,E102,Health check passed: {service}
78212,2026-01-15,15:59:28,INFO,WebServer,Transaction tx735532 completed in 1205ms,E104,Transaction {tx} completed in {time}ms
78213,2026-01-15,15:01:15,INFO,WebServer,Page view: /home by u1221,E103,Page view: {page} by {user}
78214,2026-01-15,15:36:16,INFO,AuthService,Health check passed: AuthService,E102,Health check passed: {service}
78215,2026-01-15,15:21:51,INFO,WebServer,Health check passed: WebServer,E102,Health check passed: {service}
78216,2026-01-15,15:57:30,INFO,InventoryDB,Transaction tx852793 completed in 1389ms,E104,Transaction {tx} completed in {time}ms
78217,2026-01-15,15:29:31,INFO,OrderProcessor,Health check passed: OrderProcessor,E102,Health check passed: {service}
78218,2026-01-15,15:10:58,INFO,WebServer,Transaction tx297007 completed in 1991ms,E104,Transaction {tx} completed in {time}ms
78219,2026-01-15,15:04:15,INFO,WebServer,Page view: /home by u3036,E103,Page view: {page} by {user}
78220,2026-01-15,15:08:11,INFO,WebServer,Page view: /home by u1199,E103,Page view: {page} by {user}
78221,2026-01-15,15:09:37,INFO,WebServer,User u2469 login successful,E101,User {user} login successful
78222,2026-01-15,15:34:43,INFO,AuthService,Page view: /home by u2306,E103,Page view: {page} by {user}
78223,2026-01-15,15:03:16,INFO,WebServer,Transaction tx416557 completed in 1781ms,E104,Transaction {tx} completed in {time}ms
78224,2026-01-15,15:35:37,INFO,WebServer,Page view: /home by u1733,E103,Page view: {page} by {user}
78225,2026-01-15,15:47:10,INFO,AuthService,Page view: /home by u1239,E103,Page view: {page} by {user}
78226,2026-01-15,15:07:02,INFO,AuthService,Health check passed: AuthService,E102,Health check passed: {service}
78227,2026-01-15,15:06:37,INFO,AuthService,Page view: /home by u3074,E103,Page view: {page} by {user}
78228,2026-01-15,15:40:29,INFO,AuthService,Page view: /home by u1783,E103,Page view: {page} by {user}
78229,2026-01-15,15:02:33,ERROR,AuthService,Connection refused to AuthService at 10.0.0.45,E501,Connection refused to {service} at {ip}
78230,2026-01-15,15:47:46,INFO,InventoryDB,Page view: /home by u3741,E103,Page view: {page} by {user}
78231,2026-01-15,15:28:49,INFO,OrderProcessor,Page view: /home by u4076,E103,Page view: {page} by {user}
78232,2026-01-15,15:22:11,INFO,WebServer,User u1581 login successful,E101,User {user} login successful
78233,2026-01-15,15:20:36,INFO,AuthService,Health check passed: AuthService,E102,Health check passed: {service}
78234,2026-01-15,15:18:12,INFO,InventoryDB,User u1627 login successful,E101,User {user} login successful
78235,2026-01-15,15:45:15,INFO,AuthService,User u1961 login successful,E101,User {user} login successful
78236,2026-01-15,15:49:09,INFO,AuthService,Health check passed: AuthService,E102,Health check passed: {service}
78237,2026-01-15,15:22:38,INFO,WebServer,User u1097 login successful,E101,User {user} login successful
78238,2026-01-15,15:21:28,INFO,WebServer,Transaction tx298385 completed in 1259ms,E104,Transaction {tx} completed in {time}ms
78239,2026-01-15,15:10:00,INFO,InventoryDB,Transaction tx738312 completed in 1422ms,E104,Transaction {tx} completed in {time}ms
78240,2026-01-15,15:58:55,INFO,PaymentGateway,Page view: /home by u4988,E103,Page view: {page} by {user}
78241,2026-01-15,15:18:09,INFO,PaymentGateway,User u4366 login successful,E101,User {user} login successful
78242,2026-01-15,15:41:06,INFO,WebServer,User u3301 login successful,E101,User {user} login successful
78243,2026-01-15,15:18:38,INFO,WebServer,Health check passed: WebServer,E102,Health check passed: {service}
78244,2026-01-15,15:04:47,WARN,AuthService,Unauthorized access attempt from 10.0.0.45,E401,Unauthorized access attempt from {ip}
78245,2026-01-15,15:13:39,INFO,WebServer,Transaction tx769941 completed in 688ms,E104,Transaction {tx} completed in {time}ms
78246,2026-01-15,15:48:44,INFO,OrderProcessor,User u2009 login successful,E101,User {user} login successful
78247,2026-01-15,15:22:57,INFO,WebServer,Health check passed: WebServer,E102,Health check passed: {service}
78248,2026-01-15,15:37:03,INFO,WebServer,Health check passed: WebServer,E102,Health check passed: {service}
78249,2026-01-15,15:46:12,INFO,OrderProcessor,Health check passed: OrderProcessor,E102,Health check passed: {service}
78250,2026-01-15,15:01:19,INFO,WebServer,User u4988 login successful,E101,User {user} login successful
78251,2026-01-15,15:56:19,INFO,WebServer,User u1627 login successful,E101,User {user} login successful
78252,2026-01-15,15:25:53,INFO,PaymentGateway,Transaction tx460636 completed in 382ms,E104,Transaction {tx} completed in {time}ms
78253,2026-01-15,15:00:17,INFO,AuthService,Health check passed: AuthService,E102,Health check passed: {service}
78254,2026-01-15,15:14:08,INFO,WebServer,Health check passed: WebServer,E102,Health check passed: {service}
78255,2026-01-15,15:55:26,INFO,PaymentGateway,Page view: /home by u4686,E103,Page view: {page} by {user}
78256,2026-01-15,15:03:02,INFO,OrderProcessor,Health check passed: OrderProcessor,E102,Health check passed: {service}
78257,2026-01-15,15:59:46,INFO,PaymentGateway,Page view: /home by u3821,E103,Page view: {page} by {user}
78258,2026-01-15,15:36:10,INFO,PaymentGateway,Page view: /home by u1922,E103,Page view: {page} by {user}
78259,2026-01-15,15:36:44,INFO,AuthService,Health check passed: AuthService,E102,Health check passed: {service}
78260,2026-01-15,15:52:00,INFO,WebServer,Health check passed: WebServer,E102,Health check passed: {service}
78261,2026-01-15,15:42:36,INFO,WebServer,Transaction tx200456 completed in 706ms,E104,Transaction {tx} completed in {time}ms
78262,2026-01-15,15:37:05,INFO,AuthService,Page view: /home by u2627,E103,Page view: {page} by {user}
78263,2026-01-15,15:53:17,INFO,PaymentGateway,Transaction tx394062 completed in 245ms,E104,Transaction {tx} completed in {time}ms
78264,2026-01-15,15:41:38,INFO,AuthService,User u2354 login successful,E101,User {user} login successful
78265,2026-01-15,15:03:18,ERROR,WebServer,Connection refused to WebServer at 10.0.0.88,E501,Connection refused to {service} at {ip}
78266,2026-01-15,15:40:10,INFO,AuthService,Transaction tx107009 completed in 1495ms,E104,Transaction {tx} completed in {time}ms
78267,2026-01-15,15:18:38,INFO,OrderProcessor,Health check passed: OrderProcessor,E102,Health check passed: {service}
78268,2026-01-15,15:40:00,INFO,WebServer,Health check passed: WebServer,E102,Health check passed: {service}
78269,2026-01-15,15:01:42,INFO,WebServer,Health check passed: WebServer,E102,Health check passed: {service}
78270,2026-01-15,15:32:41,INFO,PaymentGateway,Health check passed: PaymentGateway,E102,Health check passed: {service}
78271,2026-01-15,15:18:06,INFO,WebServer,Transaction tx703727 completed in 1196ms,E104,Transaction {tx} completed in {time}ms
78272,2026-01-15,15:06:11,INFO,WebServer,Page view: /home by u1666,E103,Page view: {page} by {user}
78273,2026-01-15,15:50:42,INFO,AuthService,Health check passed: AuthService,E102,Health check passed: {service}
78274,2026-01-15,15:00:38,INFO,WebServer,Transaction tx532638 completed in 826ms,E104,Transaction {tx} completed in {time}ms
78275,2026-01-15,15:30:40,INFO,WebServer,Page view: /home by u2224,E103,Page view: {page} by {user}
78276,2026-01-15,15:43:02,INFO,OrderProcessor,Health check passed: OrderProcessor,E102,Health check passed: {service}
78277,2026-01-15,15:08:28,INFO,WebServer,Page view: /home by u1996,E103,Page view: {page} by {user}
78278,2026-01-15,15:07:29,INFO,AuthService,Health check passed: AuthService,E102,Health check passed: {service}
78279,2026-01-15,15:32:14,WARN,WebServer,Unauthorized access attempt from 10.0.0.45,E401,Unauthorized access attempt from {ip}
78280,2026-01-15,15:46:22,INFO,WebServer,User u4765 login successful,E101,User {user} login successful
78281,2026-01-15,15:38:03,INFO,WebServer,Page view: /home by u1086,E103,Page view: {page} by {user}
78282,2026-01-15,15:28:57,INFO,WebServer,Page view: /home by u2980,E103,Page view: {page} by {user}
78283,2026-01-15,15:57:55,INFO,PaymentGateway,User u3634 login successful,E101,User {user} login successful
78284,2026-01-15,15:47:58,INFO,InventoryDB,Transaction tx285379 completed in 1131ms,E104,Transaction {tx} completed in {time}ms
78285,2026-01-15,15:19:17,WARN,OrderProcessor,Unauthorized access attempt from 10.0.0.12,E401,Unauthorized access attempt from {ip}
78286,2026-01-15,15:05:36,INFO,OrderProcessor,Page view: /home by u1096,E103,Page view: {page} by {user}
78287,2026-01-15,15:33:39,INFO,AuthService,User u3914 login successful,E101,User {user} login successful
78288,2026-01-15,15:12:08,INFO,WebServer,Transaction tx909571 completed in 756ms,E104,Transaction {tx} completed in {time}ms
78289,2026-01-15,15:43:35,INFO,AuthService,Health check passed: AuthService,E102,Health check passed: {service}
78290,2026-01-15,15:03:09,INFO,WebServer,Page view: /home by u2950,E103,Page view: {page} by {user}
78291,2026-01-15,15:01:34,INFO,AuthService,Page view: /home by u1801,E103,Page view: {page} by {user}
78292,2026-01-15,15:25:45,INFO,AuthService,Transaction tx449596 completed in 703ms,E104,Transaction {tx} completed in {time}ms
78293,2026-01-15,15:34:24,INFO,OrderProcessor,Health check passed: OrderProcessor,E102,Health check passed: {service}
78294,2026-01-15,15:32:40,INFO,PaymentGateway,Health check passed: PaymentGateway,E102,Health check passed: {service}
78295,2026-01-15,15:48:37,INFO,PaymentGateway,Health check passed: PaymentGateway,E102,Health check passed: {service}
78296,2026-01-15,15:18:09,INFO,OrderProcessor,Transaction tx745880 completed in 1983ms,E104,Transaction {tx} completed in {time}ms
78297,2026-01-15,15:34:50,INFO,WebServer,Page view: /home by u4248,E103,Page view: {page} by {user}
78298,2026-01-15,15:30:36,INFO,AuthService,Health check passed: AuthService,E102,Health check passed: {service}
78299,2026-01-15,15:48:51,INFO,WebServer,User u1520 login successful,E101,User {user} login successful
78300,2026-01-15,15:29:28,INFO,WebServer,Health check passed: WebServer,E102,Health check passed: {service}
78301,2026-01-15,15:06:28,CRITICAL,WebServer,KERNEL PANIC: Node node-5 crashed,E601,KERNEL PANIC: Node {node} crashed
78302,2026-01-15,15:34:58,INFO,PaymentGateway,Transaction tx728989 completed in 1307ms,E104,Transaction {tx} completed in {time}ms
78303,2026-01-15,15:44:34,INFO,OrderProcessor,Health check passed: OrderProcessor,E102,Health check passed: {service}
78304,2026-01-15,15:21:11,INFO,OrderProcessor,User u3498 login successful,E101,User {user} login successful
78305,2026-01-15,15:04:25,INFO,AuthService,Transaction tx373039 completed in 1421ms,E104,Transaction {tx} completed in {time}ms
78306,2026-01-15,15:44:03,INFO,OrderProcessor,Page view: /home by u4199,E103,Page view: {page} by {user}
78307,2026-01-15,15:52:55,INFO,WebServer,Page view: /home by u3644,E103,Page view: {page} by {user}
78308,2026-01-15,15:17:22,WARN,WebServer,Disk usage > 85% on node node-2,E202,Disk usage > 85% on node {node}
78309,2026-01-15,15:36:41,INFO,WebServer,Page view: /home by u2722,E103,Page view: {page} by {user}
78310,2026-01-15,15:49:26,INFO,AuthService,User u2112 login successful,E101,User {user} login successful
78311,2026-01-15,15:12:57,INFO,WebServer,Health check passed: WebServer,E102,Health check passed: {service}
78312,2026-01-15,15:46:46,INFO,AuthService,Transaction tx711973 completed in 1566ms,E104,Transaction {tx} completed in {time}ms
78313,2026-01-15,15:16:04,INFO,InventoryDB,Transaction tx519046 completed in 1117ms,E104,Transaction {tx} completed in {time}ms
78314,2026-01-15,15:13:50,INFO,WebServer,Health check passed: WebServer,E102,Health check passed: {service}
78315,2026-01-15,15:15:04,INFO,WebServer,Transaction tx854122 completed in 780ms,E104,Transaction {tx} completed in {time}ms
78316,2026-01-15,15:04:31,INFO,WebServer,Page view: /home by u4209,E103,Page view: {page} by {user}
78317,2026-01-15,15:15:20,INFO,WebServer,Page view: /home by u1904,E103,Page view: {page} by {user}
78318,2026-01-15,15:02:39,WARN,OrderProcessor,High latency (1285ms) detected on OrderProcessor,E201,High latency ({time}ms) detected on {service}
78319,2026-01-15,15:32:11,INFO,AuthService,Health check passed: AuthService,E102,Health check passed: {service}
78320,2026-01-15,15:12:20,INFO,PaymentGateway,User u2921 login successful,E101,User {user} login successful
78321,2026-01-15,15:01:36,INFO,WebServer,Page view: /home by u4277,E103,Page view: {page} by {user}
78322,2026-01-15,15:12:05,INFO,WebServer,Page view: /home by u1369,E103,Page view: {page} by {user}
78323,2026-01-15,15:25:00,INFO,WebServer,User u2816 login successful,E101,User {user} login successful
78324,2026-01-15,15:03:18,INFO,OrderProcessor,Health check passed: OrderProcessor,E102,Health check passed: {service}
78325,2026-01-15,15:24:00,INFO,WebServer,Health check passed: WebServer,E102,Health check passed: {service}
78326,2026-01-15,15:57:06,INFO,AuthService,User u1342 login successful,E101,User {user} login successful
78327,2026-01-15,15:01:41,INFO,WebServer,Transaction tx916289 completed in 1079ms,E104,Transaction {tx} completed in {time}ms
78328,2026-01-15,15:45:05,INFO,WebServer,Health check passed: WebServer,E102,Health check passed: {service}
78329,2026-01-15,15:15:43,INFO,WebServer,Page view: /home by u3198,E103,Page view: {page} by {user}
78330,2026-01-15,15:53:43,INFO,WebServer,Page view: /home by u3191,E103,Page view: {page} by {user}
78331,2026-01-15,15:00:58,INFO,PaymentGateway,Transaction tx398829 completed in 261ms,E104,Transaction {tx} completed in {time}ms
78332,2026-01-15,15:06:33,WARN,WebServer,Unauthorized access attempt from 10.0.0.45,E401,Unauthorized access attempt from {ip}
78333,2026-01-15,15:29:10,INFO,WebServer,User u1278 login successful,E101,User {user} login successful
78334,2026-01-15,15:04:28,INFO,PaymentGateway,User u3785 login successful,E101,User {user} login successful
78335,2026-01-15,15:40:13,INFO,PaymentGateway,Page view: /home by u2595,E103,Page view: {page} by {user}
78336,2026-01-15,15:42:29,INFO,WebServer,Transaction tx428452 completed in 1242ms,E104,Transaction {tx} completed in {time}ms
78337,2026-01-15,15:15:12,INFO,AuthService,Health check passed: AuthService,E102,Health check passed: {service}
78338,2026-01-15,15:32:09,INFO,WebServer,Health check passed: WebServer,E102,Health check passed: {service}
78339,2026-01-15,15:50:51,INFO,PaymentGateway,User u4169 login successful,E101,User {user} login successful
78340,2026-01-15,15:40:32,INFO,AuthService,Health check passed: AuthService,E102,Health check passed: {service}
78341,2026-01-15,15:49:46,INFO,AuthService,User u2739 login successful,E101,User {user} login successful
78342,2026-01-15,15:55:29,INFO,WebServer,Transaction tx791286 completed in 1883ms,E104,Transaction {tx} completed in {time}ms
78343,2026-01-15,15:34:22,INFO,OrderProcessor,Page view: /home by u2841,E103,Page view: {page} by {user}
78344,2026-01-15,15:25:18,INFO,AuthService,User u1926 login successful,E101,User {user} login successful
78345,2026-01-15,15:52:20,INFO,WebServer,User u2236 login successful,E101,User {user} login successful
78346,2026-01-15,15:09:50,INFO,WebServer,User u3451 login successful,E101,User {user} login successful
78347,2026-01-15,15:05:39,INFO,WebServer,Page view: /home by u4604,E103,Page view: {page} by {user}
78348,2026-01-15,15:25:52,INFO,WebServer,Page view: /home by u3146,E103,Page view: {page} by {user}
78349,2026-01-15,15:20:48,INFO,WebServer,User u3519 login successful,E101,User {user} login successful
78350,2026-01-15,15:29:57,INFO,AuthService,Health check passed: AuthService,E102,Health check passed: {service}
78351,2026-01-15,15:46:25,INFO,WebServer,Transaction tx939926 completed in 838ms,E104,Transaction {tx} completed in {time}ms
78352,2026-01-15,15:21:51,INFO,WebServer,Health check passed: WebServer,E102,Health check passed: {service}
78353,2026-01-15,15:49:35,INFO,WebServer,Health check passed: WebServer,E102,Health check passed: {service}
78354,2026-01-15,15:57:29,INFO,AuthService,User u2896 login successful,E101,User {user} login successful
78355,2026-01-15,15:07:27,INFO,AuthService,Transaction tx117584 completed in 1045ms,E104,Transaction {tx} completed in {time}ms
78356,2026-01-15,15:05:42,INFO,WebServer,Page view: /home by u1911,E103,Page view: {page} by {user}
78357,2026-01-15,15:10:10,INFO,WebServer,Transaction tx632196 completed in 1706ms,E104,Transaction {tx} completed in {time}ms
78358,2026-01-15,15:17:50,INFO,WebServer,Page view: /home by u2507,E103,Page view: {page} by {user}
78359,2026-01-15,15:45:57,INFO,WebServer,Transaction tx289897 completed in 420ms,E104,Transaction {tx} completed in {time}ms
78360,2026-01-15,15:51:06,WARN,AuthService,High latency (39ms) detected on AuthService,E201,High latency ({time}ms) detected on {service}
78361,2026-01-15,15:18:46,INFO,WebServer,User u1516 login successful,E101,User {user} login successful
78362,2026-01-15,15:26:32,INFO,AuthService,Page view: /home by u2974,E103,Page view: {page} by {user}
78363,2026-01-15,15:22:59,INFO,PaymentGateway,User u3478 login successful,E101,User {user} login successful
78364,2026-01-15,15:49:04,INFO,OrderProcessor,User u4516 login successful,E101,User {user} login successful
78365,2026-01-15,15:45:50,INFO,OrderProcessor,Health check passed: OrderProcessor,E102,Health check passed: {service}
78366,2026-01-15,15:45:08,INFO,OrderProcessor,User u4088 login successful,E101,User {user} login successful
78367,2026-01-15,15:03:28,INFO,AuthService,User u1599 login successful,E101,User {user} login successful
78368,2026-01-15,15:00:11,INFO,WebServer,User u3863 login successful,E101,User {user} login successful
78369,2026-01-15,15:59:49,INFO,WebServer,Page view: /home by u4579,E103,Page view: {page} by {user}
78370,2026-01-15,15:46:41,INFO,WebServer,Transaction tx954505 completed in 388ms,E104,Transaction {tx} completed in {time}ms
78371,2026-01-15,15:26:30,INFO,WebServer,User u1309 login successful,E101,User {user} login successful
78372,2026-01-15,15:01:45,INFO,PaymentGateway,Page view: /home by u2343,E103,Page view: {page} by {user}
78373,2026-01-15,15:16:09,INFO,WebServer,User u1245 login successful,E101,User {user} login successful
78374,2026-01-15,15:12:49,INFO,WebServer,Health check passed: WebServer,E102,Health check passed: {service}
78375,2026-01-15,15:11:06,INFO,WebServer,Page view: /home by u4977,E103,Page view: {page} by {user}
78376,2026-01-15,15:22:41,INFO,WebServer,Transaction tx912417 completed in 1294ms,E104,Transaction {tx} completed in {time}ms
78377,2026-01-15,15:28:51,INFO,AuthService,Health check passed: AuthService,E102,Health check passed: {service}
78378,2026-01-15,15:51:34,INFO,WebServer,Page view: /home by u4528,E103,Page view: {page} by {user}
78379,2026-01-15,15:19:26,INFO,WebServer,Page view: /home by u1107,E103,Page view: {page} by {user}
78380,2026-01-15,15:29:03,INFO,PaymentGateway,Health check passed: PaymentGateway,E102,Health check passed: {service}
78381,2026-01-15,15:59:00,INFO,OrderProcessor,Page view: /home by u1457,E103,Page view: {page} by {user}
78382,2026-01-15,15:45:00,INFO,AuthService,Page view: /home by u3305,E103,Page view: {page} by {user}
78383,2026-01-15,15:08:01,INFO,WebServer,Page view: /home by u2520,E103,Page view: {page} by {user}
78384,2026-01-15,15:00:51,INFO,WebServer,Health check passed: WebServer,E102,Health check passed: {service}
78385,2026-01-15,15:18:55,INFO,WebServer,Health check passed: WebServer,E102,Health check passed: {service}
78386,2026-01-15,15:44:57,INFO,AuthService,Transaction tx601858 completed in 915ms,E104,Transaction {tx} completed in {time}ms
78387,2026-01-15,15:52:50,INFO,InventoryDB,Health check passed: InventoryDB,E102,Health check passed: {service}
78388,2026-01-15,15:21:53,INFO,WebServer,Health check passed: WebServer,E102,Health check passed: {service}
78389,2026-01-15,15:37:00,INFO,PaymentGateway,User u1192 login successful,E101,User {user} login successful
78390,2026-01-15,15:05:55,INFO,OrderProcessor,Page view: /home by u3664,E103,Page view: {page} by {user}
78391,2026-01-15,15:33:14,INFO,WebServer,Health check passed: WebServer,E102,Health check passed: {service}
78392,2026-01-15,15:12:42,INFO,WebServer,User u2557 login successful,E101,User {user} login successful
78393,2026-01-15,15:58:29,INFO,WebServer,Health check passed: WebServer,E102,Health check passed: {service}
78394,2026-01-15,15:14:30,INFO,WebServer,Page view: /home by u4286,E103,Page view: {page} by {user}
78395,2026-01-15,15:28:07,INFO,OrderProcessor,Transaction tx363234 completed in 1323ms,E104,Transaction {tx} completed in {time}ms
78396,2026-01-15,15:07:05,INFO,PaymentGateway,Health check passed: PaymentGateway,E102,Health check passed: {service}
78397,2026-01-15,15:54:12,INFO,WebServer,Transaction tx892032 completed in 783ms,E104,Transaction {tx} completed in {time}ms
78398,2026-01-15,15:23:55,INFO,WebServer,Transaction tx214154 completed in 1316ms,E104,Transaction {tx} completed in {time}ms
78399,2026-01-15,15:47:01,INFO,AuthService,Health check passed: AuthService,E102,Health check passed: {service}
78400,2026-01-15,15:30:13,INFO,OrderProcessor,Transaction tx189208 completed in 797ms,E104,Transaction {tx} completed in {time}ms
78401,2026-01-15,15:29:02,INFO,AuthService,Page view: /home by u3882,E103,Page view: {page} by {user}
78402,2026-01-15,15:00:46,WARN,OrderProcessor,Disk usage > 85% on node node-1,E202,Disk usage > 85% on node {node}
78403,2026-01-15,15:11:05,INFO,WebServer,User u3865 login successful,E101,User {user} login successful
78404,2026-01-15,15:25:59,INFO,WebServer,Page view: /home by u2611,E103,Page view: {page} by {user}
78405,2026-01-15,15:54:13,INFO,WebServer,Health check passed: WebServer,E102,Health check passed: {service}
78406,2026-01-15,15:44:25,INFO,OrderProcessor,Transaction tx218911 completed in 229ms,E104,Transaction {tx} completed in {time}ms
78407,2026-01-15,15:56:07,INFO,AuthService,User u4365 login successful,E101,User {user} login successful
78408,2026-01-15,15:02:11,INFO,AuthService,Health check passed: AuthService,E102,Health check passed: {service}
78409,2026-01-15,15:09:35,INFO,WebServer,Transaction tx520494 completed in 1100ms,E104,Transaction {tx} completed in {time}ms
78410,2026-01-15,15:45:53,INFO,PaymentGateway,Health check passed: PaymentGateway,E102,Health check passed: {service}
78411,2026-01-15,15:33:45,INFO,OrderProcessor,User u3246 login successful,E101,User {user} login successful
78412,2026-01-15,15:33:21,INFO,WebServer,Health check passed: WebServer,E102,Health check passed: {service}
78413,2026-01-15,15:47:09,INFO,PaymentGateway,Health check passed: PaymentGateway,E102,Health check passed: {service}
78414,2026-01-15,15:53:41,INFO,PaymentGateway,Page view: /home by u1608,E103,Page view: {page} by {user}
78415,2026-01-15,15:58:15,ERROR,WebServer,Connection refused to WebServer at 10.0.0.10,E501,Connection refused to {service} at {ip}
78416,2026-01-15,15:57:39,WARN,AuthService,Disk usage > 85% on node node-1,E202,Disk usage > 85% on node {node}
78417,2026-01-15,15:31:32,INFO,AuthService,User u3058 login successful,E101,User {user} login successful
78418,2026-01-15,15:41:28,INFO,OrderProcessor,User u3850 login successful,E101,User {user} login successful
78419,2026-01-15,15:28:12,INFO,PaymentGateway,Health check passed: PaymentGateway,E102,Health check passed: {service}
78420,2026-01-15,15:44:46,INFO,AuthService,Health check passed: AuthService,E102,Health check passed: {service}
78421,2026-01-15,15:27:15,INFO,OrderProcessor,Page view: /home by u1848,E103,Page view: {page} by {user}
78422,2026-01-15,15:36:27,INFO,WebServer,Transaction tx818149 completed in 1332ms,E104,Transaction {tx} completed in {time}ms
78423,2026-01-15,15:11:15,INFO,WebServer,User u3093 login successful,E101,User {user} login successful
78424,2026-01-15,15:56:21,INFO,PaymentGateway,Health check passed: PaymentGateway,E102,Health check passed: {service}
78425,2026-01-15,15:30:19,INFO,AuthService,Page view: /home by u4153,E103,Page view: {page} by {user}
78426,2026-01-15,15:49:55,INFO,OrderProcessor,Health check passed: OrderProcessor,E102,Health check passed: {service}
78427,2026-01-15,15:47:22,WARN,OrderProcessor,High latency (392ms) detected on OrderProcessor,E201,High latency ({time}ms) detected on {service}
78428,2026-01-15,15:28:05,INFO,InventoryDB,Health check passed: InventoryDB,E102,Health check passed: {service}
78429,2026-01-15,15:26:31,INFO,AuthService,Transaction tx463066 completed in 35ms,E104,Transaction {tx} completed in {time}ms
78430,2026-01-15,15:59:41,INFO,OrderProcessor,Transaction tx285111 completed in 835ms,E104,Transaction {tx} completed in {time}ms
78431,2026-01-15,15:58:15,INFO,AuthService,Page view: /home by u2172,E103,Page view: {page} by {user}
78432,2026-01-15,15:16:49,INFO,WebServer,User u1033 login successful,E101,User {user} login successful
78433,2026-01-15,15:07:53,INFO,OrderProcessor,Transaction tx530369 completed in 392ms,E104,Transaction {tx} completed in {time}ms
78434,2026-01-15,15:40:14,INFO,WebServer,Health check passed: WebServer,E102,Health check passed: {service}
78435,2026-01-15,15:58:27,INFO,AuthService,Health check passed: AuthService,E102,Health check passed: {service}
78436,2026-01-15,15:39:56,WARN,WebServer,Unauthorized access attempt from 10.0.0.45,E401,Unauthorized access attempt from {ip}
78437,2026-01-15,15:43:32,INFO,WebServer,User u4232 login successful,E101,User {user} login successful
78438,2026-01-15,15:52:45,INFO,InventoryDB,Page view: /home by u2294,E103,Page view: {page} by {user}
78439,2026-01-15,15:54:32,INFO,OrderProcessor,Transaction tx746826 completed in 1108ms,E104,Transaction {tx} completed in {time}ms
78440,2026-01-15,15:25:09,INFO,WebServer,Health check passed: WebServer,E102,Health check passed: {service}
78441,2026-01-15,15:46:52,INFO,WebServer,User u1173 login successful,E101,User {user} login successful
78442,2026-01-15,15:12:35,INFO,WebServer,Page view: /home by u4806,E103,Page view: {page} by {user}
78443,2026-01-15,15:05:43,INFO,WebServer,Page view: /home by u3900,E103,Page view: {page} by {user}
78444,2026-01-15,15:50:25,INFO,AuthService,Transaction tx635002 completed in 1113ms,E104,Transaction {tx} completed in {time}ms
78445,2026-01-15,15:18:45,INFO,WebServer,Transaction tx583964 completed in 655ms,E104,Transaction {tx} completed in {time}ms
78446,2026-01-15,15:12:36,INFO,InventoryDB,Transaction tx205702 completed in 286ms,E104,Transaction {tx} completed in {time}ms
78447,2026-01-15,15:40:43,INFO,WebServer,Transaction tx471633 completed in 728ms,E104,Transaction {tx} completed in {time}ms
78448,2026-01-15,15:57:14,INFO,OrderProcessor,User u4489 login successful,E101,User {user} login successful
78449,2026-01-15,15:47:15,INFO,PaymentGateway,Transaction tx592220 completed in 1106ms,E104,Transaction {tx} completed in {time}ms
78450,2026-01-15,15:39:23,INFO,OrderProcessor,User u4380 login successful,E101,User {user} login successful
78451,2026-01-15,15:21:42,INFO,OrderProcessor,User u1702 login successful,E101,User {user} login successful
78452,2026-01-15,15:15:01,INFO,PaymentGateway,Page view: /home by u3409,E103,Page view: {page} by {user}
78453,2026-01-15,15:50:04,INFO,OrderProcessor,User u2298 login successful,E101,User {user} login successful
78454,2026-01-15,15:48:46,INFO,InventoryDB,Transaction tx355315 completed in 332ms,E104,Transaction {tx} completed in {time}ms
78455,2026-01-15,15:12:37,INFO,PaymentGateway,Health check passed: PaymentGateway,E102,Health check passed: {service}
78456,2026-01-15,15:44:43,INFO,AuthService,Transaction tx803554 completed in 1761ms,E104,Transaction {tx} completed in {time}ms
78457,2026-01-15,15:33:52,INFO,PaymentGateway,Page view: /home by u1790,E103,Page view: {page} by {user}
78458,2026-01-15,15:24:40,INFO,OrderProcessor,Health check passed: OrderProcessor,E102,Health check passed: {service}
78459,2026-01-15,15:15:10,INFO,InventoryDB,Page view: /home by u1818,E103,Page view: {page} by {user}
78460,2026-01-15,15:14:03,INFO,WebServer,Transaction tx244943 completed in 808ms,E104,Transaction {tx} completed in {time}ms
78461,2026-01-15,15:45:32,INFO,WebServer,User u4957 login successful,E101,User {user} login successful
78462,2026-01-15,15:08:03,INFO,AuthService,Transaction tx653687 completed in 965ms,E104,Transaction {tx} completed in {time}ms
78463,2026-01-15,15:33:06,INFO,OrderProcessor,Transaction tx450641 completed in 1862ms,E104,Transaction {tx} completed in {time}ms
78464,2026-01-15,15:52:08,INFO,PaymentGateway,User u4478 login successful,E101,User {user} login successful
78465,2026-01-15,15:33:41,INFO,PaymentGateway,Page view: /home by u2109,E103,Page view: {page} by {user}
78466,2026-01-15,15:30:36,INFO,WebServer,User u3926 login successful,E101,User {user} login successful
78467,2026-01-15,15:23:42,INFO,AuthService,Health check passed: AuthService,E102,Health check passed: {service}
78468,2026-01-15,15:45:39,INFO,WebServer,User u1243 login successful,E101,User {user} login successful
78469,2026-01-15,15:05:34,INFO,WebServer,User u1241 login successful,E101,User {user} login successful
78470,2026-01-15,15:10:18,WARN,InventoryDB,Unauthorized access attempt from 10.0.0.45,E401,Unauthorized access attempt from {ip}
78471,2026-01-15,15:15:52,INFO,OrderProcessor,Page view: /home by u1760,E103,Page view: {page} by {user}
78472,2026-01-15,15:19:10,INFO,WebServer,Health check passed: WebServer,E102,Health check passed: {service}
78473,2026-01-15,15:57:34,INFO,WebServer,Transaction tx241137 completed in 286ms,E104,Transaction {tx} completed in {time}ms
78474,2026-01-15,15:21:35,INFO,AuthService,User u3800 login successful,E101,User {user} login successful
78475,2026-01-15,15:34:05,INFO,OrderProcessor,Page view: /home by u2672,E103,Page view: {page} by {user}
78476,2026-01-15,15:50:35,INFO,AuthService,Health check passed: AuthService,E102,Health check passed: {service}
78477,2026-01-15,15:44:08,INFO,WebServer,Health check passed: WebServer,E102,Health check passed: {service}
78478,2026-01-15,15:32:32,INFO,PaymentGateway,Health check passed: PaymentGateway,E102,Health check passed: {service}
78479,2026-01-15,15:56:36,INFO,WebServer,Page view: /home by u2009,E103,Page view: {page} by {user}
78480,2026-01-15,15:19:33,INFO,WebServer,Page view: /home by u2301,E103,Page view: {page} by {user}
78481,2026-01-15,15:16:06,INFO,AuthService,User u2778 login successful,E101,User {user} login successful
78482,2026-01-15,15:50:13,INFO,OrderProcessor,User u1050 login successful,E101,User {user} login successful
78483,2026-01-15,15:46:33,INFO,AuthService,Transaction tx359459 completed in 1014ms,E104,Transaction {tx} completed in {time}ms
78484,2026-01-15,15:28:07,INFO,OrderProcessor,Page view: /home by u1067,E103,Page view: {page} by {user}
78485,2026-01-15,15:02:20,INFO,OrderProcessor,Health check passed: OrderProcessor,E102,Health check passed: {service}
78486,2026-01-15,15:50:45,INFO,WebServer,Transaction tx735654 completed in 117ms,E104,Transaction {tx} completed in {time}ms
78487,2026-01-15,15:59:34,INFO,PaymentGateway,Health check passed: PaymentGateway,E102,Health check passed: {service}
78488,2026-01-15,15:48:52,INFO,WebServer,Transaction tx521350 completed in 800ms,E104,Transaction {tx} completed in {time}ms
78489,2026-01-15,15:48:42,INFO,PaymentGateway,Transaction tx868309 completed in 72ms,E104,Transaction {tx} completed in {time}ms
78490,2026-01-15,15:56:18,INFO,AuthService,Health check passed: AuthService,E102,Health check passed: {service}
78491,2026-01-15,15:32:12,INFO,PaymentGateway,Page view: /home by u4819,E103,Page view: {page} by {user}
78492,2026-01-15,15:01:29,INFO,AuthService,User u1131 login successful,E101,User {user} login successful
78493,2026-01-15,15:12:56,INFO,OrderProcessor,Page view: /home by u4078,E103,Page view: {page} by {user}
78494,2026-01-15,15:32:15,INFO,WebServer,Page view: /home by u2306,E103,Page view: {page} by {user}
78495,2026-01-15,15:49:11,INFO,OrderProcessor,User u4089 login successful,E101,User {user} login successful
78496,2026-01-15,15:36:31,INFO,AuthService,User u2787 login successful,E101,User {user} login successful
78497,2026-01-15,15:28:33,WARN,InventoryDB,Unauthorized access attempt from 10.0.0.12,E401,Unauthorized access attempt from {ip}
78498,2026-01-15,15:18:41,INFO,AuthService,Page view: /home by u3507,E103,Page view: {page} by {user}
78499,2026-01-15,15:24:18,INFO,WebServer,Transaction tx229704 completed in 888ms,E104,Transaction {tx} completed in {time}ms
78500,2026-01-15,15:08:14,INFO,WebServer,Page view: /home by u2458,E103,Page view: {page} by {user}
78501,2026-01-15,15:44:24,INFO,WebServer,Page view: /home by u2455,E103,Page view: {page} by {user}
78502,2026-01-15,15:52:13,INFO,OrderProcessor,Transaction tx440395 completed in 1726ms,E104,Transaction {tx} completed in {time}ms
78503,2026-01-15,15:20:16,INFO,WebServer,Health check passed: WebServer,E102,Health check passed: {service}
78504,2026-01-15,15:56:48,CRITICAL,PaymentGateway,DATA CORRUPTION detected in sector 177,E602,DATA CORRUPTION detected in sector {sector}
78505,2026-01-15,15:32:39,INFO,WebServer,Transaction tx252729 completed in 1636ms,E104,Transaction {tx} completed in {time}ms
78506,2026-01-15,15:03:16,INFO,WebServer,Transaction tx996668 completed in 376ms,E104,Transaction {tx} completed in {time}ms
78507,2026-01-15,15:31:34,INFO,OrderProcessor,Transaction tx544075 completed in 249ms,E104,Transaction {tx} completed in {time}ms
78508,2026-01-15,15:52:16,INFO,WebServer,User u2485 login successful,E101,User {user} login successful
78509,2026-01-15,15:22:38,INFO,AuthService,User u1645 login successful,E101,User {user} login successful
78510,2026-01-15,15:28:17,INFO,WebServer,Health check passed: WebServer,E102,Health check passed: {service}
78511,2026-01-15,15:51:09,INFO,OrderProcessor,Page view: /home by u1515,E103,Page view: {page} by {user}
78512,2026-01-15,15:31:46,INFO,AuthService,Health check passed: AuthService,E102,Health check passed: {service}
78513,2026-01-15,15:08:31,INFO,WebServer,User u2023 login successful,E101,User {user} login successful
78514,2026-01-15,15:35:10,INFO,AuthService,Page view: /home by u4280,E103,Page view: {page} by {user}
78515,2026-01-15,15:22:18,INFO,WebServer,Transaction tx763746 completed in 1877ms,E104,Transaction {tx} completed in {time}ms
78516,2026-01-15,15:48:21,INFO,AuthService,Page view: /home by u4788,E103,Page view: {page} by {user}
78517,2026-01-15,15:15:22,INFO,InventoryDB,Page view: /home by u1612,E103,Page view: {page} by {user}
78518,2026-01-15,15:00:14,INFO,AuthService,Transaction tx902151 completed in 1369ms,E104,Transaction {tx} completed in {time}ms
78519,2026-01-15,15:07:07,INFO,PaymentGateway,User u2048 login successful,E101,User {user} login successful
78520,2026-01-15,15:39:03,INFO,PaymentGateway,Health check passed: PaymentGateway,E102,Health check passed: {service}
78521,2026-01-15,15:23:48,INFO,PaymentGateway,Health check passed: PaymentGateway,E102,Health check passed: {service}
78522,2026-01-15,15:06:26,INFO,OrderProcessor,Transaction tx934936 completed in 119ms,E104,Transaction {tx} completed in {time}ms
78523,2026-01-15,15:51:00,INFO,AuthService,Page view: /home by u3834,E103,Page view: {page} by {user}
78524,2026-01-15,15:01:38,INFO,WebServer,Page view: /home by u3246,E103,Page view: {page} by {user}
78525,2026-01-15,15:48:40,INFO,WebServer,Page view: /home by u3741,E103,Page view: {page} by {user}
78526,2026-01-15,15:46:27,INFO,WebServer,Health check passed: WebServer,E102,Health check passed: {service}
78527,2026-01-15,15:27:50,INFO,WebServer,Health check passed: WebServer,E102,Health check passed: {service}
78528,2026-01-15,15:21:34,INFO,WebServer,User u3648 login successful,E101,User {user} login successful
78529,2026-01-15,15:38:38,CRITICAL,OrderProcessor,DATA CORRUPTION detected in sector 629,E602,DATA CORRUPTION detected in sector {sector}
78530,2026-01-15,15:46:18,INFO,OrderProcessor,Page view: /home by u3371,E103,Page view: {page} by {user}
78531,2026-01-15,15:05:17,INFO,AuthService,Health check passed: AuthService,E102,Health check passed: {service}
78532,2026-01-15,15:54:36,INFO,AuthService,Page view: /home by u1104,E103,Page view: {page} by {user}
78533,2026-01-15,15:45:06,INFO,AuthService,Page view: /home by u2311,E103,Page view: {page} by {user}
78534,2026-01-15,15:03:07,INFO,WebServer,Transaction tx776325 completed in 860ms,E104,Transaction {tx} completed in {time}ms
78535,2026-01-15,15:15:26,INFO,OrderProcessor,User u4764 login successful,E101,User {user} login successful
78536,2026-01-15,15:06:15,INFO,WebServer,Health check passed: WebServer,E102,Health check passed: {service}
78537,2026-01-15,15:25:25,INFO,WebServer,Transaction tx649916 completed in 1645ms,E104,Transaction {tx} completed in {time}ms
78538,2026-01-15,15:49:43,INFO,WebServer,Health check passed: WebServer,E102,Health check passed: {service}
78539,2026-01-15,15:35:11,WARN,WebServer,Disk usage > 85% on node node-4,E202,Disk usage > 85% on node {node}
78540,2026-01-15,15:17:17,WARN,WebServer,High latency (1226ms) detected on WebServer,E201,High latency ({time}ms) detected on {service}
78541,2026-01-15,15:03:15,INFO,WebServer,Health check passed: WebServer,E102,Health check passed: {service}
78542,2026-01-15,15:44:44,INFO,AuthService,Health check passed: AuthService,E102,Health check passed: {service}
78543,2026-01-15,15:05:58,INFO,WebServer,Health check passed: WebServer,E102,Health check passed: {service}
78544,2026-01-15,15:53:32,INFO,PaymentGateway,Health check passed: PaymentGateway,E102,Health check passed: {service}
78545,2026-01-15,15:20:46,INFO,WebServer,Transaction tx528339 completed in 64ms,E104,Transaction {tx} completed in {time}ms
78546,2026-01-15,15:44:41,INFO,WebServer,Health check passed: WebServer,E102,Health check passed: {service}
78547,2026-01-15,15:08:05,INFO,WebServer,Page view: /home by u3252,E103,Page view: {page} by {user}
78548,2026-01-15,15:10:38,INFO,WebServer,Page view: /home by u1625,E103,Page view: {page} by {user}
78549,2026-01-15,15:50:01,INFO,WebServer,Page view: /home by u4134,E103,Page view: {page} by {user}
78550,2026-01-15,15:14:25,INFO,WebServer,Transaction tx410525 completed in 1157ms,E104,Transaction {tx} completed in {time}ms
78551,2026-01-15,15:28:30,INFO,WebServer,User u3875 login successful,E101,User {user} login successful
78552,2026-01-15,15:12:37,INFO,WebServer,Transaction tx153896 completed in 1429ms,E104,Transaction {tx} completed in {time}ms
78553,2026-01-15,15:42:03,ERROR,WebServer,Connection refused to WebServer at 10.0.0.99,E501,Connection refused to {service} at {ip}
78554,2026-01-15,15:31:40,INFO,OrderProcessor,Health check passed: OrderProcessor,E102,Health check passed: {service}
78555,2026-01-15,15:57:29,INFO,PaymentGateway,Page view: /home by u3277,E103,Page view: {page} by {user}
78556,2026-01-15,15:46:22,INFO,PaymentGateway,Transaction tx829048 completed in 699ms,E104,Transaction {tx} completed in {time}ms
78557,2026-01-15,15:17:58,INFO,PaymentGateway,Transaction tx956494 completed in 719ms,E104,Transaction {tx} completed in {time}ms
78558,2026-01-15,15:42:21,INFO,InventoryDB,User u3795 login successful,E101,User {user} login successful
78559,2026-01-15,15:00:02,INFO,WebServer,Health check passed: WebServer,E102,Health check passed: {service}
78560,2026-01-15,15:47:00,INFO,InventoryDB,User u4177 login successful,E101,User {user} login successful
78561,2026-01-15,15:08:51,INFO,InventoryDB,Health check passed: InventoryDB,E102,Health check passed: {service}
78562,2026-01-15,15:49:54,WARN,WebServer,Disk usage > 85% on node node-4,E202,Disk usage > 85% on node {node}
78563,2026-01-15,15:43:50,INFO,OrderProcessor,Transaction tx223816 completed in 1439ms,E104,Transaction {tx} completed in {time}ms
78564,2026-01-15,15:34:17,INFO,AuthService,User u2334 login successful,E101,User {user} login successful
78565,2026-01-15,15:10:11,INFO,WebServer,Page view: /home by u1416,E103,Page view: {page} by {user}
78566,2026-01-15,15:49:32,WARN,WebServer,High latency (88ms) detected on WebServer,E201,High latency ({time}ms) detected on {service}
78567,2026-01-15,15:21:42,WARN,OrderProcessor,High latency (403ms) detected on OrderProcessor,E201,High latency ({time}ms) detected on {service}
78568,2026-01-15,15:48:32,INFO,PaymentGateway,Health check passed: PaymentGateway,E102,Health check passed: {service}
78569,2026-01-15,15:35:51,INFO,AuthService,Health check passed: AuthService,E102,Health check passed: {service}
78570,2026-01-15,15:49:08,WARN,OrderProcessor,Disk usage > 85% on node node-1,E202,Disk usage > 85% on node {node}
78571,2026-01-15,15:43:42,INFO,OrderProcessor,Page view: /home by u2649,E103,Page view: {page} by {user}
78572,2026-01-15,15:34:02,INFO,WebServer,Health check passed: WebServer,E102,Health check passed: {service}
78573,2026-01-15,15:09:17,WARN,WebServer,Unauthorized access attempt from 10.0.0.99,E401,Unauthorized access attempt from {ip}
78574,2026-01-15,15:08:44,WARN,AuthService,High latency (35ms) detected on AuthService,E201,High latency ({time}ms) detected on {service}
78575,2026-01-15,15:45:06,INFO,AuthService,Page view: /home by u4984,E103,Page view: {page} by {user}
78576,2026-01-15,15:34:46,INFO,InventoryDB,Health check passed: InventoryDB,E102,Health check passed: {service}
78577,2026-01-15,15:29:04,INFO,WebServer,Health check passed: WebServer,E102,Health check passed: {service}
78578,2026-01-15,15:15:20,INFO,OrderProcessor,Transaction tx288523 completed in 499ms,E104,Transaction {tx} completed in {time}ms
78579,2026-01-15,15:51:05,INFO,OrderProcessor,Transaction tx813911 completed in 281ms,E104,Transaction {tx} completed in {time}ms
78580,2026-01-15,15:01:34,INFO,AuthService,Transaction tx717189 completed in 621ms,E104,Transaction {tx} completed in {time}ms
78581,2026-01-15,15:27:29,INFO,OrderProcessor,User u1302 login successful,E101,User {user} login successful
78582,2026-01-15,15:41:48,INFO,WebServer,Page view: /home by u4339,E103,Page view: {page} by {user}
78583,2026-01-15,15:39:43,INFO,WebServer,Transaction tx262772 completed in 736ms,E104,Transaction {tx} completed in {time}ms
78584,2026-01-15,15:58:50,INFO,WebServer,User u3792 login successful,E101,User {user} login successful
78585,2026-01-15,15:57:42,INFO,PaymentGateway,Health check passed: PaymentGateway,E102,Health check passed: {service}
78586,2026-01-15,15:18:30,INFO,WebServer,Page view: /home by u4405,E103,Page view: {page} by {user}
78587,2026-01-15,15:49:48,WARN,AuthService,Disk usage > 85% on node node-2,E202,Disk usage > 85% on node {node}
78588,2026-01-15,15:13:24,INFO,OrderProcessor,Health check passed: OrderProcessor,E102,Health check passed: {service}
78589,2026-01-15,15:49:43,INFO,WebServer,Page view: /home by u2783,E103,Page view: {page} by {user}
78590,2026-01-15,15:41:12,INFO,AuthService,Health check passed: AuthService,E102,Health check passed: {service}
78591,2026-01-15,15:37:06,INFO,AuthService,User u1988 login successful,E101,User {user} login successful
78592,2026-01-15,15:58:16,WARN,WebServer,Disk usage > 85% on node node-2,E202,Disk usage > 85% on node {node}
78593,2026-01-15,15:21:26,INFO,AuthService,User u1969 login successful,E101,User {user} login successful
78594,2026-01-15,15:45:26,INFO,PaymentGateway,Health check passed: PaymentGateway,E102,Health check passed: {service}
78595,2026-01-15,15:38:19,INFO,WebServer,User u2861 login successful,E101,User {user} login successful
78596,2026-01-15,15:04:37,INFO,AuthService,User u1938 login successful,E101,User {user} login successful
78597,2026-01-15,15:42:34,INFO,WebServer,Page view: /home by u2873,E103,Page view: {page} by {user}
78598,2026-01-15,15:30:49,INFO,PaymentGateway,User u1537 login successful,E101,User {user} login successful
78599,2026-01-15,15:33:26,INFO,PaymentGateway,Transaction tx912829 completed in 1774ms,E104,Transaction {tx} completed in {time}ms
78600,2026-01-15,15:35:35,INFO,WebServer,Page view: /home by u1866,E103,Page view: {page} by {user}
78601,2026-01-15,15:20:19,INFO,WebServer,Page view: /home by u1804,E103,Page view: {page} by {user}
78602,2026-01-15,15:17:11,INFO,WebServer,User u1063 login successful,E101,User {user} login successful
78603,2026-01-15,15:22:26,INFO,PaymentGateway,Transaction tx535049 completed in 26ms,E104,Transaction {tx} completed in {time}ms
78604,2026-01-15,15:58:23,INFO,WebServer,Page view: /home by u1765,E103,Page view: {page} by {user}
78605,2026-01-15,15:27:45,INFO,AuthService,Page view: /home by u4955,E103,Page view: {page} by {user}
78606,2026-01-15,15:05:36,INFO,WebServer,Page view: /home by u2634,E103,Page view: {page} by {user}
78607,2026-01-15,15:15:46,INFO,OrderProcessor,Transaction tx970366 completed in 375ms,E104,Transaction {tx} completed in {time}ms
78608,2026-01-15,15:50:44,INFO,AuthService,Transaction tx230342 completed in 1565ms,E104,Transaction {tx} completed in {time}ms
78609,2026-01-15,15:28:21,INFO,WebServer,Page view: /home by u1248,E103,Page view: {page} by {user}
78610,2026-01-15,15:38:17,INFO,PaymentGateway,User u1467 login successful,E101,User {user} login successful
78611,2026-01-15,15:38:48,INFO,AuthService,Health check passed: AuthService,E102,Health check passed: {service}
78612,2026-01-15,15:19:06,INFO,WebServer,Health check passed: WebServer,E102,Health check passed: {service}
78613,2026-01-15,15:38:07,INFO,WebServer,Health check passed: WebServer,E102,Health check passed: {service}
78614,2026-01-15,15:01:48,INFO,PaymentGateway,Health check passed: PaymentGateway,E102,Health check passed: {service}
78615,2026-01-15,15:29:51,INFO,OrderProcessor,User u4428 login successful,E101,User {user} login successful
78616,2026-01-15,15:02:46,INFO,WebServer,Health check passed: WebServer,E102,Health check passed: {service}
78617,2026-01-15,15:39:28,INFO,WebServer,Page view: /home by u3840,E103,Page view: {page} by {user}
78618,2026-01-15,15:50:32,INFO,WebServer,Page view: /home by u4755,E103,Page view: {page} by {user}
78619,2026-01-15,15:52:08,INFO,WebServer,Health check passed: WebServer,E102,Health check passed: {service}
78620,2026-01-15,15:30:03,INFO,AuthService,Health check passed: AuthService,E102,Health check passed: {service}
78621,2026-01-15,15:04:55,INFO,WebServer,Transaction tx328365 completed in 275ms,E104,Transaction {tx} completed in {time}ms
78622,2026-01-15,15:53:59,INFO,PaymentGateway,Transaction tx385232 completed in 276ms,E104,Transaction {tx} completed in {time}ms
78623,2026-01-15,15:52:38,INFO,WebServer,Health check passed: WebServer,E102,Health check passed: {service}
78624,2026-01-15,15:27:36,INFO,WebServer,Transaction tx429990 completed in 362ms,E104,Transaction {tx} completed in {time}ms
78625,2026-01-15,15:18:09,INFO,InventoryDB,User u2959 login successful,E101,User {user} login successful
78626,2026-01-15,15:31:44,INFO,WebServer,User u2197 login successful,E101,User {user} login successful
78627,2026-01-15,15:36:27,INFO,AuthService,Page view: /home by u2325,E103,Page view: {page} by {user}
78628,2026-01-15,15:19:59,INFO,PaymentGateway,Transaction tx195181 completed in 308ms,E104,Transaction {tx} completed in {time}ms
78629,2026-01-15,15:20:17,INFO,OrderProcessor,Transaction tx978946 completed in 653ms,E104,Transaction {tx} completed in {time}ms
78630,2026-01-15,15:49:32,INFO,OrderProcessor,Health check passed: OrderProcessor,E102,Health check passed: {service}
78631,2026-01-15,15:51:56,INFO,OrderProcessor,User u2803 login successful,E101,User {user} login successful
78632,2026-01-15,15:49:07,INFO,PaymentGateway,Page view: /home by u4452,E103,Page view: {page} by {user}
78633,2026-01-15,15:04:02,INFO,PaymentGateway,Health check passed: PaymentGateway,E102,Health check passed: {service}
78634,2026-01-15,15:18:52,INFO,WebServer,Health check passed: WebServer,E102,Health check passed: {service}
78635,2026-01-15,15:55:52,WARN,WebServer,High latency (1083ms) detected on WebServer,E201,High latency ({time}ms) detected on {service}
78636,2026-01-15,15:15:56,INFO,AuthService,Transaction tx746599 completed in 1515ms,E104,Transaction {tx} completed in {time}ms
78637,2026-01-15,15:17:48,INFO,WebServer,Health check passed: WebServer,E102,Health check passed: {service}
78638,2026-01-15,15:03:13,INFO,WebServer,Transaction tx668612 completed in 1177ms,E104,Transaction {tx} completed in {time}ms
78639,2026-01-15,15:37:31,INFO,WebServer,Health check passed: WebServer,E102,Health check passed: {service}
78640,2026-01-15,15:04:58,INFO,OrderProcessor,Page view: /home by u4618,E103,Page view: {page} by {user}
78641,2026-01-15,15:53:38,ERROR,WebServer,Connection refused to WebServer at 10.0.0.12,E501,Connection refused to {service} at {ip}
78642,2026-01-15,15:51:33,INFO,AuthService,Transaction tx167801 completed in 417ms,E104,Transaction {tx} completed in {time}ms
78643,2026-01-15,15:02:53,INFO,WebServer,Health check passed: WebServer,E102,Health check passed: {service}
78644,2026-01-15,15:14:13,INFO,OrderProcessor,Transaction tx529844 completed in 238ms,E104,Transaction {tx} completed in {time}ms
78645,2026-01-15,15:49:11,INFO,AuthService,User u2882 login successful,E101,User {user} login successful
78646,2026-01-15,15:36:29,INFO,WebServer,Health check passed: WebServer,E102,Health check passed: {service}
78647,2026-01-15,15:24:18,INFO,InventoryDB,Health check passed: InventoryDB,E102,Health check passed: {service}
78648,2026-01-15,15:52:30,INFO,PaymentGateway,User u2861 login successful,E101,User {user} login successful
78649,2026-01-15,15:07:53,INFO,WebServer,Health check passed: WebServer,E102,Health check passed: {service}
78650,2026-01-15,15:14:03,INFO,AuthService,Health check passed: AuthService,E102,Health check passed: {service}
78651,2026-01-15,15:11:45,WARN,AuthService,High latency (1902ms) detected on AuthService,E201,High latency ({time}ms) detected on {service}
78652,2026-01-15,15:07:04,INFO,PaymentGateway,User u4672 login successful,E101,User {user} login successful
78653,2026-01-15,15:15:28,INFO,WebServer,Transaction tx551331 completed in 1313ms,E104,Transaction {tx} completed in {time}ms
78654,2026-01-15,15:30:56,INFO,AuthService,User u4206 login successful,E101,User {user} login successful
78655,2026-01-15,15:53:34,INFO,WebServer,User u1071 login successful,E101,User {user} login successful
78656,2026-01-15,15:38:59,INFO,WebServer,Transaction tx102371 completed in 155ms,E104,Transaction {tx} completed in {time}ms
78657,2026-01-15,15:14:28,INFO,OrderProcessor,Page view: /home by u2481,E103,Page view: {page} by {user}
78658,2026-01-15,15:39:48,INFO,WebServer,User u3324 login successful,E101,User {user} login successful
78659,2026-01-15,15:07:28,INFO,WebServer,Page view: /home by u1976,E103,Page view: {page} by {user}
78660,2026-01-15,15:58:59,INFO,WebServer,User u3702 login successful,E101,User {user} login successful
78661,2026-01-15,15:23:35,INFO,AuthService,User u1613 login successful,E101,User {user} login successful
78662,2026-01-15,15:44:52,INFO,WebServer,Health check passed: WebServer,E102,Health check passed: {service}
78663,2026-01-15,15:05:09,INFO,WebServer,Transaction tx953109 completed in 1966ms,E104,Transaction {tx} completed in {time}ms
78664,2026-01-15,15:40:34,INFO,OrderProcessor,Page view: /home by u2714,E103,Page view: {page} by {user}
78665,2026-01-15,15:24:46,INFO,OrderProcessor,User u3389 login successful,E101,User {user} login successful
78666,2026-01-15,15:22:43,INFO,PaymentGateway,Health check passed: PaymentGateway,E102,Health check passed: {service}
78667,2026-01-15,15:39:47,INFO,OrderProcessor,Transaction tx715533 completed in 1953ms,E104,Transaction {tx} completed in {time}ms
78668,2026-01-15,15:32:39,INFO,WebServer,Transaction tx309290 completed in 1315ms,E104,Transaction {tx} completed in {time}ms
78669,2026-01-15,15:31:16,INFO,WebServer,Health check passed: WebServer,E102,Health check passed: {service}
78670,2026-01-15,15:58:35,INFO,AuthService,Transaction tx905175 completed in 1842ms,E104,Transaction {tx} completed in {time}ms
78671,2026-01-15,15:23:44,INFO,WebServer,User u2691 login successful,E101,User {user} login successful
78672,2026-01-15,15:01:48,INFO,OrderProcessor,Health check passed: OrderProcessor,E102,Health check passed: {service}
78673,2026-01-15,15:31:15,INFO,OrderProcessor,Health check passed: OrderProcessor,E102,Health check passed: {service}
78674,2026-01-15,15:58:46,INFO,AuthService,Transaction tx511281 completed in 1910ms,E104,Transaction {tx} completed in {time}ms
78675,2026-01-15,15:29:09,WARN,AuthService,High latency (1814ms) detected on AuthService,E201,High latency ({time}ms) detected on {service}
78676,2026-01-15,15:22:11,INFO,WebServer,Transaction tx257526 completed in 917ms,E104,Transaction {tx} completed in {time}ms
78677,2026-01-15,15:44:52,INFO,WebServer,Transaction tx390576 completed in 810ms,E104,Transaction {tx} completed in {time}ms
78678,2026-01-15,15:16:48,INFO,WebServer,Transaction tx972997 completed in 1740ms,E104,Transaction {tx} completed in {time}ms
78679,2026-01-15,15:18:06,INFO,InventoryDB,Health check passed: InventoryDB,E102,Health check passed: {service}
78680,2026-01-15,15:57:08,INFO,WebServer,Transaction tx463661 completed in 1681ms,E104,Transaction {tx} completed in {time}ms
78681,2026-01-15,15:24:24,INFO,WebServer,Health check passed: WebServer,E102,Health check passed: {service}
78682,2026-01-15,15:11:15,WARN,AuthService,High latency (1103ms) detected on AuthService,E201,High latency ({time}ms) detected on {service}
78683,2026-01-15,15:39:44,WARN,WebServer,Unauthorized access attempt from 10.0.0.45,E401,Unauthorized access attempt from {ip}
78684,2026-01-15,15:21:23,INFO,WebServer,User u2288 login successful,E101,User {user} login successful
78685,2026-01-15,15:08:20,ERROR,InventoryDB,Timeout waiting for lock on InventoryDB,E502,Timeout waiting for lock on {db}
78686,2026-01-15,15:04:31,INFO,OrderProcessor,Transaction tx351203 completed in 761ms,E104,Transaction {tx} completed in {time}ms
78687,2026-01-15,15:12:57,INFO,WebServer,User u3430 login successful,E101,User {user} login successful
78688,2026-01-15,15:05:22,INFO,WebServer,Transaction tx759664 completed in 674ms,E104,Transaction {tx} completed in {time}ms
78689,2026-01-15,15:46:44,INFO,InventoryDB,Transaction tx748885 completed in 1899ms,E104,Transaction {tx} completed in {time}ms
78690,2026-01-15,15:55:57,INFO,WebServer,User u4965 login successful,E101,User {user} login successful
78691,2026-01-15,15:34:10,INFO,AuthService,Health check passed: AuthService,E102,Health check passed: {service}
78692,2026-01-15,15:04:08,INFO,WebServer,User u3041 login successful,E101,User {user} login successful
78693,2026-01-15,15:42:35,INFO,WebServer,Transaction tx842131 completed in 788ms,E104,Transaction {tx} completed in {time}ms
78694,2026-01-15,15:16:28,WARN,WebServer,Unauthorized access attempt from 10.0.0.45,E401,Unauthorized access attempt from {ip}
78695,2026-01-15,15:56:34,INFO,OrderProcessor,Transaction tx645740 completed in 579ms,E104,Transaction {tx} completed in {time}ms
78696,2026-01-15,15:08:40,INFO,WebServer,Transaction tx444356 completed in 1842ms,E104,Transaction {tx} completed in {time}ms
78697,2026-01-15,15:31:43,INFO,WebServer,User u1567 login successful,E101,User {user} login successful
78698,2026-01-15,15:56:26,INFO,AuthService,Transaction tx945128 completed in 108ms,E104,Transaction {tx} completed in {time}ms
78699,2026-01-15,15:31:51,INFO,WebServer,Page view: /home by u3931,E103,Page view: {page} by {user}
78700,2026-01-15,15:40:37,INFO,AuthService,Health check passed: AuthService,E102,Health check passed: {service}
78701,2026-01-15,15:02:03,INFO,WebServer,Transaction tx153668 completed in 722ms,E104,Transaction {tx} completed in {time}ms
78702,2026-01-15,15:48:43,INFO,WebServer,Page view: /home by u3509,E103,Page view: {page} by {user}
78703,2026-01-15,15:20:05,INFO,WebServer,User u3314 login successful,E101,User {user} login successful
78704,2026-01-15,15:16:43,INFO,WebServer,Transaction tx249554 completed in 1330ms,E104,Transaction {tx} completed in {time}ms
78705,2026-01-15,15:24:48,INFO,AuthService,User u1205 login successful,E101,User {user} login successful
78706,2026-01-15,15:15:54,INFO,WebServer,Transaction tx292001 completed in 966ms,E104,Transaction {tx} completed in {time}ms
78707,2026-01-15,15:17:54,INFO,AuthService,Page view: /home by u2241,E103,Page view: {page} by {user}
78708,2026-01-15,15:34:29,WARN,WebServer,Disk usage > 85% on node node-3,E202,Disk usage > 85% on node {node}
78709,2026-01-15,15:34:34,INFO,AuthService,Transaction tx753960 completed in 1218ms,E104,Transaction {tx} completed in {time}ms
78710,2026-01-15,15:36:02,WARN,WebServer,Disk usage > 85% on node node-4,E202,Disk usage > 85% on node {node}
78711,2026-01-15,15:03:58,INFO,InventoryDB,User u2308 login successful,E101,User {user} login successful
78712,2026-01-15,15:35:15,INFO,AuthService,Page view: /home by u2571,E103,Page view: {page} by {user}
78713,2026-01-15,15:16:10,INFO,PaymentGateway,User u1171 login successful,E101,User {user} login successful
78714,2026-01-15,15:04:27,INFO,WebServer,User u3922 login successful,E101,User {user} login successful
78715,2026-01-15,15:38:44,INFO,WebServer,Page view: /home by u4970,E103,Page view: {page} by {user}
78716,2026-01-15,15:50:02,INFO,WebServer,Transaction tx123005 completed in 374ms,E104,Transaction {tx} completed in {time}ms
78717,2026-01-15,15:11:16,INFO,AuthService,Page view: /home by u2820,E103,Page view: {page} by {user}
78718,2026-01-15,15:02:04,INFO,OrderProcessor,Health check passed: OrderProcessor,E102,Health check passed: {service}
78719,2026-01-15,15:31:19,INFO,PaymentGateway,Page view: /home by u4196,E103,Page view: {page} by {user}
78720,2026-01-15,15:55:26,WARN,AuthService,Disk usage > 85% on node node-1,E202,Disk usage > 85% on node {node}
78721,2026-01-15,15:08:40,INFO,AuthService,User u2683 login successful,E101,User {user} login successful
78722,2026-01-15,15:07:21,INFO,WebServer,Page view: /home by u3924,E103,Page view: {page} by {user}
78723,2026-01-15,15:28:07,INFO,WebServer,Transaction tx589667 completed in 441ms,E104,Transaction {tx} completed in {time}ms
78724,2026-01-15,15:42:41,INFO,WebServer,Page view: /home by u2668,E103,Page view: {page} by {user}
78725,2026-01-15,15:03:58,INFO,WebServer,Page view: /home by u2685,E103,Page view: {page} by {user}
78726,2026-01-15,15:41:06,INFO,AuthService,Health check passed: AuthService,E102,Health check passed: {service}
78727,2026-01-15,15:00:12,INFO,AuthService,User u1551 login successful,E101,User {user} login successful
78728,2026-01-15,15:34:08,INFO,WebServer,Page view: /home by u1042,E103,Page view: {page} by {user}
78729,2026-01-15,15:47:33,INFO,AuthService,Health check passed: AuthService,E102,Health check passed: {service}
78730,2026-01-15,15:28:10,INFO,WebServer,Page view: /home by u3499,E103,Page view: {page} by {user}
78731,2026-01-15,15:00:56,INFO,PaymentGateway,User u3772 login successful,E101,User {user} login successful
78732,2026-01-15,15:52:54,INFO,AuthService,Health check passed: AuthService,E102,Health check passed: {service}
78733,2026-01-15,15:10:36,INFO,PaymentGateway,Page view: /home by u1278,E103,Page view: {page} by {user}
78734,2026-01-15,15:11:20,INFO,WebServer,Transaction tx943486 completed in 783ms,E104,Transaction {tx} completed in {time}ms
78735,2026-01-15,15:32:16,INFO,WebServer,Page view: /home by u4030,E103,Page view: {page} by {user}
78736,2026-01-15,15:02:04,INFO,AuthService,Transaction tx476611 completed in 1803ms,E104,Transaction {tx} completed in {time}ms
78737,2026-01-15,15:19:48,INFO,AuthService,Transaction tx871145 completed in 951ms,E104,Transaction {tx} completed in {time}ms
78738,2026-01-15,15:23:18,INFO,PaymentGateway,User u1639 login successful,E101,User {user} login successful
78739,2026-01-15,15:31:10,INFO,OrderProcessor,User u2038 login successful,E101,User {user} login successful
78740,2026-01-15,15:46:32,INFO,AuthService,Transaction tx787678 completed in 1904ms,E104,Transaction {tx} completed in {time}ms
78741,2026-01-15,15:28:52,INFO,WebServer,Page view: /home by u3322,E103,Page view: {page} by {user}
78742,2026-01-15,15:55:00,INFO,WebServer,Page view: /home by u2051,E103,Page view: {page} by {user}
78743,2026-01-15,15:20:42,INFO,WebServer,Transaction tx275415 completed in 1179ms,E104,Transaction {tx} completed in {time}ms
78744,2026-01-15,15:52:21,INFO,WebServer,User u4582 login successful,E101,User {user} login successful
78745,2026-01-15,15:20:04,INFO,OrderProcessor,Page view: /home by u3398,E103,Page view: {page} by {user}
78746,2026-01-15,15:00:03,INFO,WebServer,Page view: /home by u4941,E103,Page view: {page} by {user}
78747,2026-01-15,15:42:58,WARN,AuthService,High latency (82ms) detected on AuthService,E201,High latency ({time}ms) detected on {service}
78748,2026-01-15,15:27:48,INFO,WebServer,Transaction tx873066 completed in 1403ms,E104,Transaction {tx} completed in {time}ms
78749,2026-01-15,15:35:27,INFO,InventoryDB,Health check passed: InventoryDB,E102,Health check passed: {service}
78750,2026-01-15,15:53:54,INFO,WebServer,User u2683 login successful,E101,User {user} login successful
78751,2026-01-15,15:19:18,INFO,PaymentGateway,User u1449 login successful,E101,User {user} login successful
78752,2026-01-15,15:02:26,WARN,OrderProcessor,Disk usage > 85% on node node-1,E202,Disk usage > 85% on node {node}
78753,2026-01-15,15:35:20,INFO,WebServer,Transaction tx591681 completed in 21ms,E104,Transaction {tx} completed in {time}ms
78754,2026-01-15,15:49:07,INFO,WebServer,Health check passed: WebServer,E102,Health check passed: {service}
78755,2026-01-15,15:51:26,INFO,OrderProcessor,Health check passed: OrderProcessor,E102,Health check passed: {service}
78756,2026-01-15,15:10:52,INFO,WebServer,Health check passed: WebServer,E102,Health check passed: {service}
78757,2026-01-15,15:25:22,INFO,WebServer,Page view: /home by u1012,E103,Page view: {page} by {user}
78758,2026-01-15,15:36:03,INFO,AuthService,Transaction tx616366 completed in 792ms,E104,Transaction {tx} completed in {time}ms
78759,2026-01-15,15:58:52,INFO,WebServer,User u1538 login successful,E101,User {user} login successful
78760,2026-01-15,15:11:12,INFO,InventoryDB,Transaction tx257977 completed in 1838ms,E104,Transaction {tx} completed in {time}ms
78761,2026-01-15,15:12:41,INFO,WebServer,Page view: /home by u3807,E103,Page view: {page} by {user}
78762,2026-01-15,15:02:33,INFO,WebServer,Transaction tx361789 completed in 759ms,E104,Transaction {tx} completed in {time}ms
78763,2026-01-15,15:55:17,INFO,OrderProcessor,Health check passed: OrderProcessor,E102,Health check passed: {service}
78764,2026-01-15,15:38:02,INFO,AuthService,Transaction tx391609 completed in 1569ms,E104,Transaction {tx} completed in {time}ms
78765,2026-01-15,15:56:12,INFO,PaymentGateway,Page view: /home by u3597,E103,Page view: {page} by {user}
78766,2026-01-15,15:09:23,INFO,WebServer,Page view: /home by u4924,E103,Page view: {page} by {user}
78767,2026-01-15,15:31:27,INFO,WebServer,Page view: /home by u4685,E103,Page view: {page} by {user}
78768,2026-01-15,15:14:37,INFO,WebServer,Health check passed: WebServer,E102,Health check passed: {service}
78769,2026-01-15,15:27:54,INFO,OrderProcessor,User u3955 login successful,E101,User {user} login successful
78770,2026-01-15,15:04:15,WARN,AuthService,Unauthorized access attempt from 10.0.0.45,E401,Unauthorized access attempt from {ip}
78771,2026-01-15,15:48:22,INFO,WebServer,Health check passed: WebServer,E102,Health check passed: {service}
78772,2026-01-15,15:11:23,INFO,WebServer,Health check passed: WebServer,E102,Health check passed: {service}
78773,2026-01-15,15:45:47,INFO,AuthService,Transaction tx718279 completed in 403ms,E104,Transaction {tx} completed in {time}ms
78774,2026-01-15,15:33:11,INFO,WebServer,User u2463 login successful,E101,User {user} login successful
78775,2026-01-15,15:14:27,INFO,InventoryDB,User u4562 login successful,E101,User {user} login successful
78776,2026-01-15,15:25:13,INFO,OrderProcessor,Transaction tx736179 completed in 1667ms,E104,Transaction {tx} completed in {time}ms
78777,2026-01-15,15:06:35,INFO,WebServer,Transaction tx426241 completed in 1685ms,E104,Transaction {tx} completed in {time}ms
78778,2026-01-15,15:39:02,INFO,OrderProcessor,Page view: /home by u1090,E103,Page view: {page} by {user}
78779,2026-01-15,15:06:18,INFO,WebServer,Page view: /home by u2294,E103,Page view: {page} by {user}
78780,2026-01-15,15:17:10,INFO,OrderProcessor,Page view: /home by u3121,E103,Page view: {page} by {user}
78781,2026-01-15,15:32:37,INFO,PaymentGateway,Health check passed: PaymentGateway,E102,Health check passed: {service}
78782,2026-01-15,15:41:16,INFO,WebServer,Health check passed: WebServer,E102,Health check passed: {service}
78783,2026-01-15,15:23:46,INFO,WebServer,User u2848 login successful,E101,User {user} login successful
78784,2026-01-15,15:09:47,INFO,WebServer,Health check passed: WebServer,E102,Health check passed: {service}
78785,2026-01-15,15:41:33,INFO,WebServer,Page view: /home by u1219,E103,Page view: {page} by {user}
78786,2026-01-15,15:37:37,INFO,WebServer,User u2352 login successful,E101,User {user} login successful
78787,2026-01-15,15:13:57,INFO,OrderProcessor,User u3003 login successful,E101,User {user} login successful
78788,2026-01-15,15:11:44,INFO,OrderProcessor,Health check passed: OrderProcessor,E102,Health check passed: {service}
78789,2026-01-15,15:38:03,INFO,WebServer,Health check passed: WebServer,E102,Health check passed: {service}
78790,2026-01-15,15:15:57,INFO,WebServer,Health check passed: WebServer,E102,Health check passed: {service}
78791,2026-01-15,15:15:59,INFO,WebServer,Page view: /home by u1297,E103,Page view: {page} by {user}
78792,2026-01-15,15:35:42,INFO,OrderProcessor,Transaction tx276627 completed in 1125ms,E104,Transaction {tx} completed in {time}ms
78793,2026-01-15,15:06:47,INFO,PaymentGateway,Health check passed: PaymentGateway,E102,Health check passed: {service}
78794,2026-01-15,15:31:48,WARN,WebServer,Disk usage > 85% on node node-2,E202,Disk usage > 85% on node {node}
78795,2026-01-15,15:25:23,INFO,InventoryDB,User u2602 login successful,E101,User {user} login successful
78796,2026-01-15,15:33:28,INFO,WebServer,Transaction tx103444 completed in 1998ms,E104,Transaction {tx} completed in {time}ms
78797,2026-01-15,15:11:27,INFO,WebServer,Page view: /home by u1252,E103,Page view: {page} by {user}
78798,2026-01-15,15:42:11,INFO,WebServer,User u2897 login successful,E101,User {user} login successful
78799,2026-01-15,15:24:16,INFO,WebServer,Health check passed: WebServer,E102,Health check passed: {service}
78800,2026-01-15,15:04:12,INFO,WebServer,Page view: /home by u2622,E103,Page view: {page} by {user}
78801,2026-01-15,15:49:52,INFO,WebServer,Page view: /home by u4969,E103,Page view: {page} by {user}
78802,2026-01-15,15:30:53,INFO,WebServer,Health check passed: WebServer,E102,Health check passed: {service}
78803,2026-01-15,15:47:06,INFO,OrderProcessor,User u2396 login successful,E101,User {user} login successful
78804,2026-01-15,15:37:43,WARN,PaymentGateway,Unauthorized access attempt from 10.0.0.12,E401,Unauthorized access attempt from {ip}
78805,2026-01-15,15:00:33,INFO,OrderProcessor,Page view: /home by u1915,E103,Page view: {page} by {user}
78806,2026-01-15,15:21:21,INFO,WebServer,Health check passed: WebServer,E102,Health check passed: {service}
78807,2026-01-15,15:45:31,INFO,OrderProcessor,Transaction tx697594 completed in 109ms,E104,Transaction {tx} completed in {time}ms
78808,2026-01-15,15:06:14,INFO,WebServer,Transaction tx911712 completed in 521ms,E104,Transaction {tx} completed in {time}ms
78809,2026-01-15,15:35:35,INFO,WebServer,Page view: /home by u2561,E103,Page view: {page} by {user}
78810,2026-01-15,15:53:59,INFO,AuthService,Health check passed: AuthService,E102,Health check passed: {service}
78811,2026-01-15,15:53:15,INFO,OrderProcessor,Health check passed: OrderProcessor,E102,Health check passed: {service}
78812,2026-01-15,15:30:22,INFO,WebServer,Health check passed: WebServer,E102,Health check passed: {service}
78813,2026-01-15,15:35:42,INFO,OrderProcessor,Transaction tx368688 completed in 1589ms,E104,Transaction {tx} completed in {time}ms
78814,2026-01-15,15:21:47,INFO,PaymentGateway,Transaction tx538786 completed in 994ms,E104,Transaction {tx} completed in {time}ms
78815,2026-01-15,15:51:10,INFO,AuthService,Health check passed: AuthService,E102,Health check passed: {service}
78816,2026-01-15,15:57:15,INFO,WebServer,Health check passed: WebServer,E102,Health check passed: {service}
78817,2026-01-15,15:54:41,INFO,PaymentGateway,Transaction tx600850 completed in 764ms,E104,Transaction {tx} completed in {time}ms
78818,2026-01-15,15:27:18,INFO,OrderProcessor,Page view: /home by u3745,E103,Page view: {page} by {user}
78819,2026-01-15,15:11:06,INFO,AuthService,User u3839 login successful,E101,User {user} login successful
78820,2026-01-15,15:01:20,INFO,WebServer,Transaction tx415584 completed in 196ms,E104,Transaction {tx} completed in {time}ms
78821,2026-01-15,15:07:40,INFO,AuthService,Health check passed: AuthService,E102,Health check passed: {service}
78822,2026-01-15,15:18:41,INFO,AuthService,User u2914 login successful,E101,User {user} login successful
78823,2026-01-15,15:50:40,INFO,WebServer,Page view: /home by u4942,E103,Page view: {page} by {user}
78824,2026-01-15,15:46:35,INFO,AuthService,User u2895 login successful,E101,User {user} login successful
78825,2026-01-15,15:39:26,INFO,WebServer,Transaction tx469910 completed in 1807ms,E104,Transaction {tx} completed in {time}ms
78826,2026-01-15,15:41:06,INFO,WebServer,Page view: /home by u2667,E103,Page view: {page} by {user}
78827,2026-01-15,15:59:49,INFO,AuthService,User u3360 login successful,E101,User {user} login successful
78828,2026-01-15,15:08:15,INFO,PaymentGateway,Page view: /home by u4883,E103,Page view: {page} by {user}
78829,2026-01-15,15:12:04,INFO,WebServer,User u1061 login successful,E101,User {user} login successful
78830,2026-01-15,15:49:19,INFO,AuthService,User u4924 login successful,E101,User {user} login successful
78831,2026-01-15,15:27:35,INFO,AuthService,Page view: /home by u4436,E103,Page view: {page} by {user}
78832,2026-01-15,15:37:25,INFO,AuthService,Health check passed: AuthService,E102,Health check passed: {service}
78833,2026-01-15,15:40:17,INFO,WebServer,Health check passed: WebServer,E102,Health check passed: {service}
78834,2026-01-15,15:29:50,INFO,WebServer,Page view: /home by u3073,E103,Page view: {page} by {user}
78835,2026-01-15,15:23:24,INFO,WebServer,Health check passed: WebServer,E102,Health check passed: {service}
78836,2026-01-15,15:15:15,INFO,AuthService,Page view: /home by u1306,E103,Page view: {page} by {user}
78837,2026-01-15,15:38:08,INFO,PaymentGateway,Health check passed: PaymentGateway,E102,Health check passed: {service}
78838,2026-01-15,15:36:10,INFO,WebServer,Transaction tx540154 completed in 303ms,E104,Transaction {tx} completed in {time}ms
78839,2026-01-15,15:46:53,INFO,WebServer,Health check passed: WebServer,E102,Health check passed: {service}
78840,2026-01-15,15:44:03,INFO,WebServer,Page view: /home by u2271,E103,Page view: {page} by {user}
78841,2026-01-15,15:17:53,INFO,OrderProcessor,Transaction tx796564 completed in 1328ms,E104,Transaction {tx} completed in {time}ms
78842,2026-01-15,15:48:46,ERROR,WebServer,Payment declined: Gateway unavailable,E503,Payment declined: Gateway unavailable
78843,2026-01-15,15:41:17,INFO,OrderProcessor,Transaction tx628500 completed in 68ms,E104,Transaction {tx} completed in {time}ms
78844,2026-01-15,15:49:35,INFO,PaymentGateway,User u3640 login successful,E101,User {user} login successful
78845,2026-01-15,15:59:57,INFO,WebServer,User u4183 login successful,E101,User {user} login successful
78846,2026-01-15,15:00:20,INFO,OrderProcessor,Page view: /home by u4265,E103,Page view: {page} by {user}
78847,2026-01-15,15:13:03,INFO,WebServer,Page view: /home by u2296,E103,Page view: {page} by {user}
78848,2026-01-15,15:07:42,INFO,WebServer,Transaction tx346372 completed in 188ms,E104,Transaction {tx} completed in {time}ms
78849,2026-01-15,15:45:25,INFO,WebServer,User u2823 login successful,E101,User {user} login successful
78850,2026-01-15,15:52:08,WARN,WebServer,Disk usage > 85% on node node-1,E202,Disk usage > 85% on node {node}
78851,2026-01-15,15:18:26,INFO,WebServer,User u3500 login successful,E101,User {user} login successful
78852,2026-01-15,15:46:40,INFO,WebServer,Health check passed: WebServer,E102,Health check passed: {service}
78853,2026-01-15,15:43:05,INFO,WebServer,Page view: /home by u2925,E103,Page view: {page} by {user}
78854,2026-01-15,15:05:31,INFO,AuthService,User u4292 login successful,E101,User {user} login successful
78855,2026-01-15,15:11:17,INFO,WebServer,User u4528 login successful,E101,User {user} login successful
78856,2026-01-15,15:16:56,INFO,AuthService,User u2398 login successful,E101,User {user} login successful
78857,2026-01-15,15:00:03,ERROR,WebServer,Timeout waiting for lock on InventoryDB,E502,Timeout waiting for lock on {db}
78858,2026-01-15,15:52:19,INFO,InventoryDB,Health check passed: InventoryDB,E102,Health check passed: {service}
78859,2026-01-15,15:19:26,INFO,WebServer,Page view: /home by u3886,E103,Page view: {page} by {user}
78860,2026-01-15,15:35:26,INFO,WebServer,Transaction tx107675 completed in 838ms,E104,Transaction {tx} completed in {time}ms
78861,2026-01-15,15:00:26,INFO,AuthService,User u4652 login successful,E101,User {user} login successful
78862,2026-01-15,15:11:39,INFO,WebServer,User u2935 login successful,E101,User {user} login successful
78863,2026-01-15,15:33:53,ERROR,WebServer,Timeout waiting for lock on InventoryDB,E502,Timeout waiting for lock on {db}
78864,2026-01-15,15:08:52,ERROR,WebServer,Payment declined: Gateway unavailable,E503,Payment declined: Gateway unavailable
78865,2026-01-15,15:45:02,INFO,AuthService,Transaction tx939947 completed in 57ms,E104,Transaction {tx} completed in {time}ms
78866,2026-01-15,15:33:04,INFO,WebServer,User u1664 login successful,E101,User {user} login successful
78867,2026-01-15,15:02:49,INFO,InventoryDB,Page view: /home by u1587,E103,Page view: {page} by {user}
78868,2026-01-15,15:24:29,INFO,PaymentGateway,User u1719 login successful,E101,User {user} login successful
78869,2026-01-15,15:05:41,INFO,InventoryDB,Transaction tx781105 completed in 1844ms,E104,Transaction {tx} completed in {time}ms
78870,2026-01-15,15:31:00,INFO,WebServer,Transaction tx236543 completed in 677ms,E104,Transaction {tx} completed in {time}ms
78871,2026-01-15,15:37:28,INFO,OrderProcessor,User u4182 login successful,E101,User {user} login successful
78872,2026-01-15,15:27:07,INFO,WebServer,Transaction tx132272 completed in 283ms,E104,Transaction {tx} completed in {time}ms
78873,2026-01-15,15:34:33,INFO,AuthService,Transaction tx292279 completed in 922ms,E104,Transaction {tx} completed in {time}ms
78874,2026-01-15,15:10:43,INFO,WebServer,Transaction tx284390 completed in 573ms,E104,Transaction {tx} completed in {time}ms
78875,2026-01-15,15:22:41,INFO,WebServer,Transaction tx332390 completed in 1999ms,E104,Transaction {tx} completed in {time}ms
78876,2026-01-15,15:44:44,ERROR,WebServer,Payment declined: Gateway unavailable,E503,Payment declined: Gateway unavailable
78877,2026-01-15,15:22:17,INFO,InventoryDB,Transaction tx821743 completed in 1085ms,E104,Transaction {tx} completed in {time}ms
78878,2026-01-15,15:39:54,INFO,PaymentGateway,Page view: /home by u2808,E103,Page view: {page} by {user}
78879,2026-01-15,15:18:37,INFO,WebServer,Page view: /home by u4718,E103,Page view: {page} by {user}
78880,2026-01-15,15:14:54,INFO,WebServer,Health check passed: WebServer,E102,Health check passed: {service}
78881,2026-01-15,15:16:46,INFO,InventoryDB,Page view: /home by u2622,E103,Page view: {page} by {user}
78882,2026-01-15,15:52:21,INFO,WebServer,Page view: /home by u1467,E103,Page view: {page} by {user}
78883,2026-01-15,15:02:32,INFO,WebServer,Transaction tx845825 completed in 66ms,E104,Transaction {tx} completed in {time}ms
78884,2026-01-15,15:59:59,INFO,WebServer,User u2523 login successful,E101,User {user} login successful
78885,2026-01-15,15:00:40,INFO,WebServer,Health check passed: WebServer,E102,Health check passed: {service}
78886,2026-01-15,15:45:27,INFO,WebServer,Health check passed: WebServer,E102,Health check passed: {service}
78887,2026-01-15,15:13:20,INFO,OrderProcessor,Page view: /home by u1607,E103,Page view: {page} by {user}
78888,2026-01-15,15:42:55,INFO,OrderProcessor,User u3361 login successful,E101,User {user} login successful
78889,2026-01-15,15:35:04,ERROR,WebServer,Payment declined: Gateway unavailable,E503,Payment declined: Gateway unavailable
78890,2026-01-15,15:36:54,INFO,AuthService,Transaction tx406119 completed in 508ms,E104,Transaction {tx} completed in {time}ms
78891,2026-01-15,15:55:40,INFO,OrderProcessor,User u1653 login successful,E101,User {user} login successful
78892,2026-01-15,15:59:19,INFO,AuthService,Transaction tx490193 completed in 1984ms,E104,Transaction {tx} completed in {time}ms
78893,2026-01-15,15:08:11,INFO,AuthService,Transaction tx451428 completed in 905ms,E104,Transaction {tx} completed in {time}ms
78894,2026-01-15,15:30:06,WARN,AuthService,Unauthorized access attempt from 10.0.0.45,E401,Unauthorized access attempt from {ip}
78895,2026-01-15,15:48:46,INFO,WebServer,Health check passed: WebServer,E102,Health check passed: {service}
78896,2026-01-15,15:51:34,INFO,AuthService,User u1047 login successful,E101,User {user} login successful
78897,2026-01-15,15:19:31,INFO,InventoryDB,User u1297 login successful,E101,User {user} login successful
78898,2026-01-15,15:13:07,INFO,OrderProcessor,User u4625 login successful,E101,User {user} login successful
78899,2026-01-15,15:08:59,INFO,PaymentGateway,Transaction tx711412 completed in 886ms,E104,Transaction {tx} completed in {time}ms
78900,2026-01-15,15:47:16,INFO,WebServer,Health check passed: WebServer,E102,Health check passed: {service}
78901,2026-01-15,15:55:26,INFO,AuthService,Page view: /home by u1770,E103,Page view: {page} by {user}
78902,2026-01-15,15:56:15,INFO,WebServer,Transaction tx649576 completed in 63ms,E104,Transaction {tx} completed in {time}ms
78903,2026-01-15,15:00:44,INFO,WebServer,Transaction tx442744 completed in 1871ms,E104,Transaction {tx} completed in {time}ms
78904,2026-01-15,15:00:34,INFO,InventoryDB,Transaction tx661406 completed in 996ms,E104,Transaction {tx} completed in {time}ms
78905,2026-01-15,15:57:39,INFO,WebServer,Page view: /home by u3779,E103,Page view: {page} by {user}
78906,2026-01-15,15:30:47,INFO,InventoryDB,User u1127 login successful,E101,User {user} login successful
78907,2026-01-15,15:43:43,INFO,WebServer,Page view: /home by u4894,E103,Page view: {page} by {user}
78908,2026-01-15,15:58:46,INFO,OrderProcessor,Page view: /home by u4960,E103,Page view: {page} by {user}
78909,2026-01-15,15:58:23,INFO,WebServer,Health check passed: WebServer,E102,Health check passed: {service}
78910,2026-01-15,15:59:08,INFO,WebServer,Transaction tx422889 completed in 38ms,E104,Transaction {tx} completed in {time}ms
78911,2026-01-15,15:10:15,INFO,WebServer,Page view: /home by u1787,E103,Page view: {page} by {user}
78912,2026-01-15,15:15:23,INFO,OrderProcessor,Transaction tx265867 completed in 678ms,E104,Transaction {tx} completed in {time}ms
78913,2026-01-15,15:32:32,INFO,WebServer,User u1581 login successful,E101,User {user} login successful
78914,2026-01-15,15:09:43,INFO,OrderProcessor,Page view: /home by u3389,E103,Page view: {page} by {user}
78915,2026-01-15,15:50:36,WARN,WebServer,Unauthorized access attempt from 10.0.0.12,E401,Unauthorized access attempt from {ip}
78916,2026-01-15,15:06:46,INFO,AuthService,Health check passed: AuthService,E102,Health check passed: {service}
78917,2026-01-15,15:04:56,INFO,WebServer,Health check passed: WebServer,E102,Health check passed: {service}
78918,2026-01-15,15:06:41,WARN,PaymentGateway,Disk usage > 85% on node node-4,E202,Disk usage > 85% on node {node}
78919,2026-01-15,15:57:24,INFO,OrderProcessor,Transaction tx553805 completed in 1785ms,E104,Transaction {tx} completed in {time}ms
78920,2026-01-15,15:45:46,WARN,PaymentGateway,High latency (701ms) detected on PaymentGateway,E201,High latency ({time}ms) detected on {service}
78921,2026-01-15,15:43:37,INFO,PaymentGateway,Page view: /home by u2317,E103,Page view: {page} by {user}
78922,2026-01-15,15:38:59,INFO,AuthService,Health check passed: AuthService,E102,Health check passed: {service}
78923,2026-01-15,15:01:20,INFO,OrderProcessor,Health check passed: OrderProcessor,E102,Health check passed: {service}
78924,2026-01-15,15:45:39,INFO,WebServer,Page view: /home by u2320,E103,Page view: {page} by {user}
78925,2026-01-15,15:18:36,INFO,InventoryDB,Health check passed: InventoryDB,E102,Health check passed: {service}
78926,2026-01-15,15:09:40,INFO,WebServer,Page view: /home by u3398,E103,Page view: {page} by {user}
78927,2026-01-15,15:26:00,INFO,InventoryDB,User u2646 login successful,E101,User {user} login successful
78928,2026-01-15,15:51:04,INFO,WebServer,Transaction tx840394 completed in 1112ms,E104,Transaction {tx} completed in {time}ms
78929,2026-01-15,15:48:37,INFO,AuthService,User u4098 login successful,E101,User {user} login successful
78930,2026-01-15,15:37:40,INFO,AuthService,Transaction tx936336 completed in 1882ms,E104,Transaction {tx} completed in {time}ms
78931,2026-01-15,15:27:41,INFO,AuthService,Transaction tx591887 completed in 582ms,E104,Transaction {tx} completed in {time}ms
78932,2026-01-15,15:21:30,INFO,InventoryDB,Page view: /home by u1501,E103,Page view: {page} by {user}
78933,2026-01-15,15:31:55,INFO,WebServer,Health check passed: WebServer,E102,Health check passed: {service}
78934,2026-01-15,15:28:21,WARN,OrderProcessor,Disk usage > 85% on node node-3,E202,Disk usage > 85% on node {node}
78935,2026-01-15,15:46:53,INFO,AuthService,Transaction tx125714 completed in 1956ms,E104,Transaction {tx} completed in {time}ms
78936,2026-01-15,15:41:44,INFO,WebServer,Page view: /home by u3771,E103,Page view: {page} by {user}
78937,2026-01-15,15:02:16,INFO,OrderProcessor,Page view: /home by u1208,E103,Page view: {page} by {user}
78938,2026-01-15,15:50:10,INFO,WebServer,User u4498 login successful,E101,User {user} login successful
78939,2026-01-15,15:48:04,INFO,AuthService,Page view: /home by u4951,E103,Page view: {page} by {user}
78940,2026-01-15,15:24:51,INFO,WebServer,Health check passed: WebServer,E102,Health check passed: {service}
78941,2026-01-15,15:53:40,INFO,AuthService,Health check passed: AuthService,E102,Health check passed: {service}
78942,2026-01-15,15:04:01,INFO,AuthService,Health check passed: AuthService,E102,Health check passed: {service}
78943,2026-01-15,15:23:38,INFO,PaymentGateway,User u4826 login successful,E101,User {user} login successful
78944,2026-01-15,15:15:55,INFO,AuthService,Transaction tx404484 completed in 253ms,E104,Transaction {tx} completed in {time}ms
78945,2026-01-15,15:31:11,INFO,AuthService,Health check passed: AuthService,E102,Health check passed: {service}
78946,2026-01-15,15:51:52,INFO,OrderProcessor,User u4447 login successful,E101,User {user} login successful
78947,2026-01-15,15:37:44,INFO,AuthService,User u3169 login successful,E101,User {user} login successful
78948,2026-01-15,15:32:48,INFO,WebServer,Transaction tx272867 completed in 914ms,E104,Transaction {tx} completed in {time}ms
78949,2026-01-15,15:55:00,INFO,WebServer,User u4968 login successful,E101,User {user} login successful
78950,2026-01-15,15:01:27,WARN,PaymentGateway,High latency (1906ms) detected on PaymentGateway,E201,High latency ({time}ms) detected on {service}
78951,2026-01-15,15:50:55,INFO,AuthService,User u4367 login successful,E101,User {user} login successful
78952,2026-01-15,15:06:57,INFO,WebServer,Page view: /home by u3359,E103,Page view: {page} by {user}
78953,2026-01-15,15:12:59,INFO,OrderProcessor,User u4113 login successful,E101,User {user} login successful
78954,2026-01-15,15:33:55,INFO,WebServer,Transaction tx814889 completed in 687ms,E104,Transaction {tx} completed in {time}ms
78955,2026-01-15,15:54:06,WARN,WebServer,Unauthorized access attempt from 10.0.0.45,E401,Unauthorized access attempt from {ip}
78956,2026-01-15,15:51:25,INFO,WebServer,Health check passed: WebServer,E102,Health check passed: {service}
78957,2026-01-15,15:26:48,INFO,WebServer,Health check passed: WebServer,E102,Health check passed: {service}
78958,2026-01-15,15:48:14,INFO,WebServer,Transaction tx373147 completed in 560ms,E104,Transaction {tx} completed in {time}ms
78959,2026-01-15,15:52:50,INFO,WebServer,Health check passed: WebServer,E102,Health check passed: {service}
78960,2026-01-15,15:00:24,INFO,AuthService,Transaction tx778776 completed in 1228ms,E104,Transaction {tx} completed in {time}ms
78961,2026-01-15,15:59:45,INFO,WebServer,User u1676 login successful,E101,User {user} login successful
78962,2026-01-15,15:48:16,INFO,WebServer,Health check passed: WebServer,E102,Health check passed: {service}
78963,2026-01-15,15:43:13,INFO,WebServer,Transaction tx858000 completed in 508ms,E104,Transaction {tx} completed in {time}ms
78964,2026-01-15,15:59:24,INFO,WebServer,User u2198 login successful,E101,User {user} login successful
78965,2026-01-15,15:13:13,INFO,WebServer,Health check passed: WebServer,E102,Health check passed: {service}
78966,2026-01-15,15:50:40,INFO,PaymentGateway,Transaction tx159000 completed in 593ms,E104,Transaction {tx} completed in {time}ms
78967,2026-01-15,15:40:11,INFO,WebServer,Transaction tx217834 completed in 1052ms,E104,Transaction {tx} completed in {time}ms
78968,2026-01-15,15:13:09,INFO,WebServer,User u2698 login successful,E101,User {user} login successful
78969,2026-01-15,15:10:18,INFO,WebServer,User u3684 login successful,E101,User {user} login successful
78970,2026-01-15,15:46:20,INFO,WebServer,Health check passed: WebServer,E102,Health check passed: {service}
78971,2026-01-15,15:42:39,INFO,PaymentGateway,Health check passed: PaymentGateway,E102,Health check passed: {service}
78972,2026-01-15,15:19:21,INFO,AuthService,Page view: /home by u3102,E103,Page view: {page} by {user}
78973,2026-01-15,15:40:43,CRITICAL,WebServer,DATA CORRUPTION detected in sector 729,E602,DATA CORRUPTION detected in sector {sector}
78974,2026-01-15,15:42:06,INFO,WebServer,Health check passed: WebServer,E102,Health check passed: {service}
78975,2026-01-15,15:29:39,INFO,InventoryDB,Page view: /home by u3269,E103,Page view: {page} by {user}
78976,2026-01-15,15:02:54,INFO,WebServer,Page view: /home by u2685,E103,Page view: {page} by {user}
78977,2026-01-15,15:53:46,INFO,AuthService,Page view: /home by u1440,E103,Page view: {page} by {user}
78978,2026-01-15,15:49:19,INFO,WebServer,Transaction tx995300 completed in 190ms,E104,Transaction {tx} completed in {time}ms
78979,2026-01-15,15:29:06,INFO,InventoryDB,Transaction tx968826 completed in 594ms,E104,Transaction {tx} completed in {time}ms
78980,2026-01-15,15:00:19,INFO,PaymentGateway,Transaction tx232722 completed in 416ms,E104,Transaction {tx} completed in {time}ms
78981,2026-01-15,15:55:05,INFO,PaymentGateway,User u3244 login successful,E101,User {user} login successful
78982,2026-01-15,15:40:53,INFO,OrderProcessor,User u2093 login successful,E101,User {user} login successful
78983,2026-01-15,15:46:25,INFO,AuthService,User u1540 login successful,E101,User {user} login successful
78984,2026-01-15,15:50:01,INFO,WebServer,Transaction tx578984 completed in 1954ms,E104,Transaction {tx} completed in {time}ms
78985,2026-01-15,15:32:54,INFO,PaymentGateway,Health check passed: PaymentGateway,E102,Health check passed: {service}
78986,2026-01-15,15:51:35,INFO,WebServer,Health check passed: WebServer,E102,Health check passed: {service}
78987,2026-01-15,15:37:11,INFO,AuthService,User u3904 login successful,E101,User {user} login successful
78988,2026-01-15,15:01:30,INFO,PaymentGateway,User u4701 login successful,E101,User {user} login successful
78989,2026-01-15,15:12:09,INFO,WebServer,Page view: /home by u1966,E103,Page view: {page} by {user}
78990,2026-01-15,15:18:31,INFO,WebServer,Page view: /home by u2628,E103,Page view: {page} by {user}
78991,2026-01-15,15:57:19,INFO,AuthService,Page view: /home by u1060,E103,Page view: {page} by {user}
78992,2026-01-15,15:26:37,INFO,OrderProcessor,Page view: /home by u3169,E103,Page view: {page} by {user}
78993,2026-01-15,15:39:31,INFO,WebServer,User u1056 login successful,E101,User {user} login successful
78994,2026-01-15,15:16:09,INFO,WebServer,Page view: /home by u2271,E103,Page view: {page} by {user}
78995,2026-01-15,15:16:38,INFO,OrderProcessor,Page view: /home by u2929,E103,Page view: {page} by {user}
78996,2026-01-15,15:17:15,INFO,WebServer,Transaction tx454037 completed in 1219ms,E104,Transaction {tx} completed in {time}ms
78997,2026-01-15,15:14:13,INFO,WebServer,User u2384 login successful,E101,User {user} login successful
78998,2026-01-15,15:13:22,INFO,AuthService,Transaction tx134948 completed in 319ms,E104,Transaction {tx} completed in {time}ms
78999,2026-01-15,16:28:48,INFO,WebServer,Health check passed: WebServer,E102,Health check passed: {service}
79000,2026-01-15,16:18:00,INFO,WebServer,User u1590 login successful,E101,User {user} login successful
79001,2026-01-15,16:37:29,INFO,WebServer,User u3222 login successful,E101,User {user} login successful
79002,2026-01-15,16:16:54,WARN,WebServer,Disk usage > 85% on node node-3,E202,Disk usage > 85% on node {node}
79003,2026-01-15,16:31:53,INFO,WebServer,Page view: /home by u3745,E103,Page view: {page} by {user}
79004,2026-01-15,16:35:01,INFO,WebServer,User u3296 login successful,E101,User {user} login successful
79005,2026-01-15,16:37:03,INFO,AuthService,Page view: /home by u3803,E103,Page view: {page} by {user}
79006,2026-01-15,16:25:02,INFO,WebServer,Health check passed: WebServer,E102,Health check passed: {service}
79007,2026-01-15,16:32:30,CRITICAL,OrderProcessor,DATA CORRUPTION detected in sector 460,E602,DATA CORRUPTION detected in sector {sector}
79008,2026-01-15,16:05:12,INFO,OrderProcessor,User u3988 login successful,E101,User {user} login successful
79009,2026-01-15,16:44:59,INFO,AuthService,Page view: /home by u1444,E103,Page view: {page} by {user}
79010,2026-01-15,16:52:09,INFO,WebServer,Health check passed: WebServer,E102,Health check passed: {service}
79011,2026-01-15,16:58:39,INFO,WebServer,Health check passed: WebServer,E102,Health check passed: {service}
79012,2026-01-15,16:07:04,INFO,OrderProcessor,Page view: /home by u1119,E103,Page view: {page} by {user}
79013,2026-01-15,16:59:47,INFO,OrderProcessor,User u4147 login successful,E101,User {user} login successful
79014,2026-01-15,16:16:35,INFO,WebServer,Health check passed: WebServer,E102,Health check passed: {service}
79015,2026-01-15,16:00:37,WARN,WebServer,High latency (143ms) detected on WebServer,E201,High latency ({time}ms) detected on {service}
79016,2026-01-15,16:41:18,INFO,WebServer,Transaction tx188875 completed in 1679ms,E104,Transaction {tx} completed in {time}ms
79017,2026-01-15,16:09:26,INFO,WebServer,User u3950 login successful,E101,User {user} login successful
79018,2026-01-15,16:34:11,INFO,AuthService,Page view: /home by u4777,E103,Page view: {page} by {user}
79019,2026-01-15,16:10:11,INFO,OrderProcessor,Transaction tx121338 completed in 351ms,E104,Transaction {tx} completed in {time}ms
79020,2026-01-15,16:46:42,INFO,AuthService,Health check passed: AuthService,E102,Health check passed: {service}
79021,2026-01-15,16:54:54,INFO,WebServer,User u3379 login successful,E101,User {user} login successful
79022,2026-01-15,16:25:45,INFO,OrderProcessor,Page view: /home by u2694,E103,Page view: {page} by {user}
79023,2026-01-15,16:09:26,INFO,WebServer,Page view: /home by u3705,E103,Page view: {page} by {user}
79024,2026-01-15,16:48:28,INFO,WebServer,Page view: /home by u2417,E103,Page view: {page} by {user}
79025,2026-01-15,16:59:18,INFO,WebServer,Page view: /home by u4768,E103,Page view: {page} by {user}
79026,2026-01-15,16:14:52,INFO,WebServer,Health check passed: WebServer,E102,Health check passed: {service}
79027,2026-01-15,16:29:43,CRITICAL,PaymentGateway,DATA CORRUPTION detected in sector 298,E602,DATA CORRUPTION detected in sector {sector}
79028,2026-01-15,16:50:01,INFO,WebServer,Health check passed: WebServer,E102,Health check passed: {service}
79029,2026-01-15,16:39:53,INFO,WebServer,Page view: /home by u4175,E103,Page view: {page} by {user}
79030,2026-01-15,16:02:14,INFO,WebServer,Transaction tx725513 completed in 1496ms,E104,Transaction {tx} completed in {time}ms
79031,2026-01-15,16:20:56,ERROR,OrderProcessor,Connection refused to OrderProcessor at 10.0.0.45,E501,Connection refused to {service} at {ip}
79032,2026-01-15,16:44:41,INFO,WebServer,Health check passed: WebServer,E102,Health check passed: {service}
79033,2026-01-15,16:48:32,INFO,AuthService,Page view: /home by u2778,E103,Page view: {page} by {user}
79034,2026-01-15,16:20:48,INFO,InventoryDB,User u4144 login successful,E101,User {user} login successful
79035,2026-01-15,16:12:44,INFO,PaymentGateway,Transaction tx550520 completed in 1188ms,E104,Transaction {tx} completed in {time}ms
79036,2026-01-15,16:23:32,INFO,WebServer,Page view: /home by u2486,E103,Page view: {page} by {user}
79037,2026-01-15,16:01:41,INFO,PaymentGateway,Transaction tx124517 completed in 636ms,E104,Transaction {tx} completed in {time}ms
79038,2026-01-15,16:32:19,INFO,OrderProcessor,Health check passed: OrderProcessor,E102,Health check passed: {service}
79039,2026-01-15,16:21:59,INFO,PaymentGateway,Health check passed: PaymentGateway,E102,Health check passed: {service}
79040,2026-01-15,16:28:09,INFO,WebServer,User u3413 login successful,E101,User {user} login successful
79041,2026-01-15,16:24:33,INFO,PaymentGateway,Transaction tx353510 completed in 1990ms,E104,Transaction {tx} completed in {time}ms
79042,2026-01-15,16:54:57,INFO,WebServer,Transaction tx629862 completed in 1942ms,E104,Transaction {tx} completed in {time}ms
79043,2026-01-15,16:34:04,INFO,WebServer,Page view: /home by u3361,E103,Page view: {page} by {user}
79044,2026-01-15,16:48:27,INFO,AuthService,Health check passed: AuthService,E102,Health check passed: {service}
79045,2026-01-15,16:00:10,INFO,AuthService,Health check passed: AuthService,E102,Health check passed: {service}
79046,2026-01-15,16:43:43,INFO,WebServer,User u2922 login successful,E101,User {user} login successful
79047,2026-01-15,16:21:37,INFO,InventoryDB,Health check passed: InventoryDB,E102,Health check passed: {service}
79048,2026-01-15,16:08:42,INFO,WebServer,User u1239 login successful,E101,User {user} login successful
79049,2026-01-15,16:15:02,INFO,PaymentGateway,User u1951 login successful,E101,User {user} login successful
79050,2026-01-15,16:44:00,INFO,PaymentGateway,Health check passed: PaymentGateway,E102,Health check passed: {service}
79051,2026-01-15,16:00:51,INFO,WebServer,Page view: /home by u2397,E103,Page view: {page} by {user}
79052,2026-01-15,16:45:35,INFO,WebServer,Page view: /home by u4432,E103,Page view: {page} by {user}
79053,2026-01-15,16:02:35,INFO,WebServer,User u1123 login successful,E101,User {user} login successful
79054,2026-01-15,16:01:28,INFO,WebServer,Page view: /home by u4403,E103,Page view: {page} by {user}
79055,2026-01-15,16:03:23,INFO,AuthService,Transaction tx251065 completed in 451ms,E104,Transaction {tx} completed in {time}ms
79056,2026-01-15,16:09:38,INFO,OrderProcessor,Health check passed: OrderProcessor,E102,Health check passed: {service}
79057,2026-01-15,16:46:24,INFO,WebServer,Page view: /home by u2474,E103,Page view: {page} by {user}
79058,2026-01-15,16:22:14,INFO,WebServer,User u1550 login successful,E101,User {user} login successful
79059,2026-01-15,16:35:04,INFO,AuthService,Page view: /home by u1412,E103,Page view: {page} by {user}
79060,2026-01-15,16:51:04,INFO,WebServer,User u1042 login successful,E101,User {user} login successful
79061,2026-01-15,16:59:59,INFO,WebServer,Transaction tx821999 completed in 1872ms,E104,Transaction {tx} completed in {time}ms
79062,2026-01-15,16:48:05,INFO,WebServer,Transaction tx607236 completed in 506ms,E104,Transaction {tx} completed in {time}ms
79063,2026-01-15,16:23:56,INFO,WebServer,Page view: /home by u1152,E103,Page view: {page} by {user}
79064,2026-01-15,16:51:55,INFO,AuthService,User u4137 login successful,E101,User {user} login successful
79065,2026-01-15,16:45:35,INFO,OrderProcessor,Page view: /home by u2594,E103,Page view: {page} by {user}
79066,2026-01-15,16:45:37,INFO,OrderProcessor,Page view: /home by u3663,E103,Page view: {page} by {user}
79067,2026-01-15,16:33:04,INFO,InventoryDB,User u4955 login successful,E101,User {user} login successful
79068,2026-01-15,16:33:47,INFO,WebServer,User u1127 login successful,E101,User {user} login successful
79069,2026-01-15,16:01:22,WARN,WebServer,Unauthorized access attempt from 10.0.0.45,E401,Unauthorized access attempt from {ip}
79070,2026-01-15,16:01:08,INFO,AuthService,Health check passed: AuthService,E102,Health check passed: {service}
79071,2026-01-15,16:19:23,INFO,AuthService,Health check passed: AuthService,E102,Health check passed: {service}
79072,2026-01-15,16:43:23,INFO,AuthService,Health check passed: AuthService,E102,Health check passed: {service}
79073,2026-01-15,16:23:32,INFO,OrderProcessor,Health check passed: OrderProcessor,E102,Health check passed: {service}
79074,2026-01-15,16:52:46,INFO,AuthService,User u3463 login successful,E101,User {user} login successful
79075,2026-01-15,16:41:31,INFO,InventoryDB,Health check passed: InventoryDB,E102,Health check passed: {service}
79076,2026-01-15,16:36:22,INFO,WebServer,User u2498 login successful,E101,User {user} login successful
79077,2026-01-15,16:59:09,INFO,AuthService,Page view: /home by u3597,E103,Page view: {page} by {user}
79078,2026-01-15,16:27:39,INFO,AuthService,Transaction tx382699 completed in 785ms,E104,Transaction {tx} completed in {time}ms
79079,2026-01-15,16:15:46,INFO,WebServer,Health check passed: WebServer,E102,Health check passed: {service}
79080,2026-01-15,16:16:45,INFO,AuthService,User u3820 login successful,E101,User {user} login successful
79081,2026-01-15,16:18:29,INFO,OrderProcessor,User u4935 login successful,E101,User {user} login successful
79082,2026-01-15,16:08:11,INFO,WebServer,Page view: /home by u1305,E103,Page view: {page} by {user}
79083,2026-01-15,16:42:15,WARN,OrderProcessor,Disk usage > 85% on node node-5,E202,Disk usage > 85% on node {node}
79084,2026-01-15,16:48:06,INFO,WebServer,Transaction tx124641 completed in 1367ms,E104,Transaction {tx} completed in {time}ms
79085,2026-01-15,16:10:04,INFO,OrderProcessor,Transaction tx416493 completed in 515ms,E104,Transaction {tx} completed in {time}ms
79086,2026-01-15,16:21:13,INFO,WebServer,User u1786 login successful,E101,User {user} login successful
79087,2026-01-15,16:50:28,INFO,WebServer,Page view: /home by u4035,E103,Page view: {page} by {user}
79088,2026-01-15,16:19:17,INFO,WebServer,User u1306 login successful,E101,User {user} login successful
79089,2026-01-15,16:44:07,INFO,AuthService,Transaction tx275394 completed in 136ms,E104,Transaction {tx} completed in {time}ms
79090,2026-01-15,16:37:40,INFO,WebServer,Page view: /home by u4218,E103,Page view: {page} by {user}
79091,2026-01-15,16:17:11,WARN,InventoryDB,Disk usage > 85% on node node-4,E202,Disk usage > 85% on node {node}
79092,2026-01-15,16:30:10,INFO,WebServer,Page view: /home by u2898,E103,Page view: {page} by {user}
79093,2026-01-15,16:02:40,INFO,OrderProcessor,Transaction tx403146 completed in 1670ms,E104,Transaction {tx} completed in {time}ms
79094,2026-01-15,16:21:47,INFO,AuthService,Transaction tx963167 completed in 230ms,E104,Transaction {tx} completed in {time}ms
79095,2026-01-15,16:21:03,INFO,WebServer,Page view: /home by u1962,E103,Page view: {page} by {user}
79096,2026-01-15,16:34:27,INFO,OrderProcessor,Page view: /home by u1608,E103,Page view: {page} by {user}
79097,2026-01-15,16:55:22,INFO,AuthService,User u4635 login successful,E101,User {user} login successful
79098,2026-01-15,16:55:09,INFO,AuthService,Health check passed: AuthService,E102,Health check passed: {service}
79099,2026-01-15,16:47:21,INFO,PaymentGateway,Transaction tx766794 completed in 1207ms,E104,Transaction {tx} completed in {time}ms
79100,2026-01-15,16:27:38,INFO,WebServer,Health check passed: WebServer,E102,Health check passed: {service}
79101,2026-01-15,16:30:28,INFO,WebServer,Transaction tx740508 completed in 1663ms,E104,Transaction {tx} completed in {time}ms
79102,2026-01-15,16:36:43,INFO,PaymentGateway,Health check passed: PaymentGateway,E102,Health check passed: {service}
79103,2026-01-15,16:05:08,INFO,WebServer,Transaction tx848683 completed in 437ms,E104,Transaction {tx} completed in {time}ms
79104,2026-01-15,16:13:53,WARN,WebServer,High latency (1579ms) detected on WebServer,E201,High latency ({time}ms) detected on {service}
79105,2026-01-15,16:22:45,INFO,WebServer,Health check passed: WebServer,E102,Health check passed: {service}
79106,2026-01-15,16:40:37,INFO,WebServer,Transaction tx914878 completed in 988ms,E104,Transaction {tx} completed in {time}ms
79107,2026-01-15,16:29:30,INFO,WebServer,Page view: /home by u2386,E103,Page view: {page} by {user}
79108,2026-01-15,16:26:02,INFO,PaymentGateway,Health check passed: PaymentGateway,E102,Health check passed: {service}
79109,2026-01-15,16:13:55,INFO,WebServer,Transaction tx684626 completed in 795ms,E104,Transaction {tx} completed in {time}ms
79110,2026-01-15,16:21:22,INFO,OrderProcessor,Health check passed: OrderProcessor,E102,Health check passed: {service}
79111,2026-01-15,16:53:15,INFO,AuthService,Health check passed: AuthService,E102,Health check passed: {service}
79112,2026-01-15,16:14:49,INFO,WebServer,Transaction tx243667 completed in 1140ms,E104,Transaction {tx} completed in {time}ms
79113,2026-01-15,16:43:54,INFO,AuthService,Health check passed: AuthService,E102,Health check passed: {service}
79114,2026-01-15,16:27:41,INFO,OrderProcessor,Transaction tx606164 completed in 671ms,E104,Transaction {tx} completed in {time}ms
79115,2026-01-15,16:47:52,INFO,WebServer,Transaction tx778230 completed in 1733ms,E104,Transaction {tx} completed in {time}ms
79116,2026-01-15,16:27:28,INFO,WebServer,User u3158 login successful,E101,User {user} login successful
79117,2026-01-15,16:02:40,INFO,OrderProcessor,Health check passed: OrderProcessor,E102,Health check passed: {service}
79118,2026-01-15,16:15:44,INFO,AuthService,Page view: /home by u3867,E103,Page view: {page} by {user}
79119,2026-01-15,16:17:45,ERROR,WebServer,Timeout waiting for lock on InventoryDB,E502,Timeout waiting for lock on {db}
79120,2026-01-15,16:14:10,INFO,InventoryDB,Transaction tx916353 completed in 817ms,E104,Transaction {tx} completed in {time}ms
79121,2026-01-15,16:00:34,INFO,WebServer,User u4346 login successful,E101,User {user} login successful
79122,2026-01-15,16:58:08,INFO,WebServer,Health check passed: WebServer,E102,Health check passed: {service}
79123,2026-01-15,16:55:28,INFO,WebServer,Health check passed: WebServer,E102,Health check passed: {service}
79124,2026-01-15,16:58:54,INFO,WebServer,Transaction tx217025 completed in 1208ms,E104,Transaction {tx} completed in {time}ms
79125,2026-01-15,16:08:04,INFO,WebServer,Page view: /home by u1159,E103,Page view: {page} by {user}
79126,2026-01-15,16:31:37,INFO,PaymentGateway,Health check passed: PaymentGateway,E102,Health check passed: {service}
79127,2026-01-15,16:51:29,INFO,OrderProcessor,User u3762 login successful,E101,User {user} login successful
79128,2026-01-15,16:17:53,INFO,InventoryDB,User u2837 login successful,E101,User {user} login successful
79129,2026-01-15,16:45:40,INFO,PaymentGateway,User u2181 login successful,E101,User {user} login successful
79130,2026-01-15,16:21:33,INFO,AuthService,Transaction tx419237 completed in 1813ms,E104,Transaction {tx} completed in {time}ms
79131,2026-01-15,16:34:30,INFO,PaymentGateway,Health check passed: PaymentGateway,E102,Health check passed: {service}
79132,2026-01-15,16:06:34,INFO,OrderProcessor,Page view: /home by u2445,E103,Page view: {page} by {user}
79133,2026-01-15,16:14:34,INFO,WebServer,Page view: /home by u3817,E103,Page view: {page} by {user}
79134,2026-01-15,16:08:47,INFO,WebServer,Page view: /home by u1054,E103,Page view: {page} by {user}
79135,2026-01-15,16:21:08,INFO,WebServer,Page view: /home by u1591,E103,Page view: {page} by {user}
79136,2026-01-15,16:21:23,INFO,WebServer,Health check passed: WebServer,E102,Health check passed: {service}
79137,2026-01-15,16:40:53,INFO,OrderProcessor,Page view: /home by u2912,E103,Page view: {page} by {user}
79138,2026-01-15,16:55:44,INFO,WebServer,Transaction tx439699 completed in 1207ms,E104,Transaction {tx} completed in {time}ms
79139,2026-01-15,16:26:19,INFO,WebServer,User u2489 login successful,E101,User {user} login successful
79140,2026-01-15,16:34:58,INFO,OrderProcessor,Page view: /home by u4963,E103,Page view: {page} by {user}
79141,2026-01-15,16:32:05,INFO,WebServer,Health check passed: WebServer,E102,Health check passed: {service}
79142,2026-01-15,16:06:51,INFO,WebServer,User u3639 login successful,E101,User {user} login successful
79143,2026-01-15,16:33:56,INFO,WebServer,Page view: /home by u3248,E103,Page view: {page} by {user}
79144,2026-01-15,16:24:41,INFO,WebServer,Health check passed: WebServer,E102,Health check passed: {service}
79145,2026-01-15,16:16:30,INFO,AuthService,Transaction tx389285 completed in 1693ms,E104,Transaction {tx} completed in {time}ms
79146,2026-01-15,16:33:53,INFO,WebServer,Page view: /home by u2413,E103,Page view: {page} by {user}
79147,2026-01-15,16:52:47,INFO,PaymentGateway,Page view: /home by u2261,E103,Page view: {page} by {user}
79148,2026-01-15,16:38:16,INFO,WebServer,User u2028 login successful,E101,User {user} login successful
79149,2026-01-15,16:32:19,INFO,WebServer,Page view: /home by u2802,E103,Page view: {page} by {user}
79150,2026-01-15,16:31:16,INFO,WebServer,Health check passed: WebServer,E102,Health check passed: {service}
79151,2026-01-15,16:15:08,INFO,WebServer,Page view: /home by u1301,E103,Page view: {page} by {user}
79152,2026-01-15,16:47:45,INFO,WebServer,User u3837 login successful,E101,User {user} login successful
79153,2026-01-15,16:16:19,INFO,AuthService,Health check passed: AuthService,E102,Health check passed: {service}
79154,2026-01-15,16:21:25,INFO,WebServer,Page view: /home by u1749,E103,Page view: {page} by {user}
79155,2026-01-15,16:03:42,INFO,OrderProcessor,Health check passed: OrderProcessor,E102,Health check passed: {service}
79156,2026-01-15,16:40:00,INFO,PaymentGateway,Health check passed: PaymentGateway,E102,Health check passed: {service}
79157,2026-01-15,16:13:50,INFO,AuthService,Transaction tx603027 completed in 344ms,E104,Transaction {tx} completed in {time}ms
79158,2026-01-15,16:59:53,INFO,WebServer,Page view: /home by u4529,E103,Page view: {page} by {user}
79159,2026-01-15,16:02:33,INFO,WebServer,User u3149 login successful,E101,User {user} login successful
79160,2026-01-15,16:19:18,INFO,WebServer,Transaction tx901303 completed in 1851ms,E104,Transaction {tx} completed in {time}ms
79161,2026-01-15,16:11:53,WARN,AuthService,Disk usage > 85% on node node-3,E202,Disk usage > 85% on node {node}
79162,2026-01-15,16:58:36,INFO,WebServer,User u4729 login successful,E101,User {user} login successful
79163,2026-01-15,16:55:40,WARN,WebServer,Disk usage > 85% on node node-5,E202,Disk usage > 85% on node {node}
79164,2026-01-15,16:35:02,INFO,AuthService,Page view: /home by u2488,E103,Page view: {page} by {user}
79165,2026-01-15,16:23:50,INFO,AuthService,Transaction tx466804 completed in 97ms,E104,Transaction {tx} completed in {time}ms
79166,2026-01-15,16:34:00,ERROR,WebServer,Connection refused to WebServer at 192.168.1.5,E501,Connection refused to {service} at {ip}
79167,2026-01-15,16:10:07,INFO,AuthService,User u3485 login successful,E101,User {user} login successful
79168,2026-01-15,16:10:25,INFO,WebServer,Transaction tx244799 completed in 1338ms,E104,Transaction {tx} completed in {time}ms
79169,2026-01-15,16:01:29,INFO,OrderProcessor,Transaction tx198775 completed in 1503ms,E104,Transaction {tx} completed in {time}ms
79170,2026-01-15,16:42:52,INFO,OrderProcessor,Transaction tx995335 completed in 873ms,E104,Transaction {tx} completed in {time}ms
79171,2026-01-15,16:14:55,INFO,WebServer,User u4136 login successful,E101,User {user} login successful
79172,2026-01-15,16:54:56,INFO,WebServer,User u2613 login successful,E101,User {user} login successful
79173,2026-01-15,16:48:25,INFO,WebServer,Health check passed: WebServer,E102,Health check passed: {service}
79174,2026-01-15,16:34:01,INFO,WebServer,User u3540 login successful,E101,User {user} login successful
79175,2026-01-15,16:50:49,INFO,WebServer,User u3816 login successful,E101,User {user} login successful
79176,2026-01-15,16:02:26,INFO,WebServer,Transaction tx464054 completed in 1915ms,E104,Transaction {tx} completed in {time}ms
79177,2026-01-15,16:53:06,INFO,OrderProcessor,Health check passed: OrderProcessor,E102,Health check passed: {service}
79178,2026-01-15,16:25:28,INFO,WebServer,Health check passed: WebServer,E102,Health check passed: {service}
79179,2026-01-15,16:04:00,INFO,PaymentGateway,Health check passed: PaymentGateway,E102,Health check passed: {service}
79180,2026-01-15,16:20:46,INFO,WebServer,Health check passed: WebServer,E102,Health check passed: {service}
79181,2026-01-15,16:30:28,INFO,AuthService,Page view: /home by u2257,E103,Page view: {page} by {user}
79182,2026-01-15,16:21:19,INFO,InventoryDB,Page view: /home by u3533,E103,Page view: {page} by {user}
79183,2026-01-15,16:32:45,INFO,WebServer,Page view: /home by u2695,E103,Page view: {page} by {user}
79184,2026-01-15,16:50:42,INFO,PaymentGateway,Health check passed: PaymentGateway,E102,Health check passed: {service}
79185,2026-01-15,16:57:49,INFO,WebServer,Transaction tx143673 completed in 401ms,E104,Transaction {tx} completed in {time}ms
79186,2026-01-15,16:22:13,INFO,AuthService,Transaction tx179520 completed in 1476ms,E104,Transaction {tx} completed in {time}ms
79187,2026-01-15,16:14:05,INFO,WebServer,Page view: /home by u1873,E103,Page view: {page} by {user}
79188,2026-01-15,16:58:31,INFO,AuthService,Transaction tx546156 completed in 1771ms,E104,Transaction {tx} completed in {time}ms
79189,2026-01-15,16:23:56,INFO,OrderProcessor,Health check passed: OrderProcessor,E102,Health check passed: {service}
79190,2026-01-15,16:14:24,INFO,WebServer,Health check passed: WebServer,E102,Health check passed: {service}
79191,2026-01-15,16:13:45,INFO,WebServer,Transaction tx313060 completed in 815ms,E104,Transaction {tx} completed in {time}ms
79192,2026-01-15,16:38:33,INFO,PaymentGateway,User u3502 login successful,E101,User {user} login successful
79193,2026-01-15,16:07:46,INFO,WebServer,Page view: /home by u3074,E103,Page view: {page} by {user}
79194,2026-01-15,16:36:07,INFO,WebServer,Transaction tx272023 completed in 118ms,E104,Transaction {tx} completed in {time}ms
79195,2026-01-15,16:55:29,INFO,WebServer,User u1454 login successful,E101,User {user} login successful
79196,2026-01-15,16:54:40,INFO,AuthService,Page view: /home by u2920,E103,Page view: {page} by {user}
79197,2026-01-15,16:25:05,INFO,WebServer,Health check passed: WebServer,E102,Health check passed: {service}
79198,2026-01-15,16:53:01,INFO,WebServer,Transaction tx143799 completed in 1918ms,E104,Transaction {tx} completed in {time}ms
79199,2026-01-15,16:51:13,WARN,OrderProcessor,Unauthorized access attempt from 10.0.0.88,E401,Unauthorized access attempt from {ip}
79200,2026-01-15,16:56:04,INFO,InventoryDB,User u4499 login successful,E101,User {user} login successful
79201,2026-01-15,16:56:09,INFO,OrderProcessor,Transaction tx207463 completed in 156ms,E104,Transaction {tx} completed in {time}ms
79202,2026-01-15,16:52:44,INFO,WebServer,Transaction tx775068 completed in 1251ms,E104,Transaction {tx} completed in {time}ms
79203,2026-01-15,16:53:10,INFO,OrderProcessor,Health check passed: OrderProcessor,E102,Health check passed: {service}
79204,2026-01-15,16:53:19,INFO,WebServer,Health check passed: WebServer,E102,Health check passed: {service}
79205,2026-01-15,16:35:12,INFO,WebServer,User u1048 login successful,E101,User {user} login successful
79206,2026-01-15,16:48:54,INFO,PaymentGateway,User u2216 login successful,E101,User {user} login successful
79207,2026-01-15,16:09:04,INFO,WebServer,User u4855 login successful,E101,User {user} login successful
79208,2026-01-15,16:05:51,INFO,AuthService,Page view: /home by u2845,E103,Page view: {page} by {user}
79209,2026-01-15,16:09:13,INFO,AuthService,Page view: /home by u1634,E103,Page view: {page} by {user}
79210,2026-01-15,16:43:56,INFO,AuthService,User u4140 login successful,E101,User {user} login successful
79211,2026-01-15,16:42:38,INFO,WebServer,Page view: /home by u2271,E103,Page view: {page} by {user}
79212,2026-01-15,16:24:22,INFO,InventoryDB,Transaction tx481454 completed in 1667ms,E104,Transaction {tx} completed in {time}ms
79213,2026-01-15,16:40:53,INFO,PaymentGateway,Health check passed: PaymentGateway,E102,Health check passed: {service}
79214,2026-01-15,16:16:17,INFO,OrderProcessor,Page view: /home by u2772,E103,Page view: {page} by {user}
79215,2026-01-15,16:25:12,INFO,InventoryDB,User u1509 login successful,E101,User {user} login successful
79216,2026-01-15,16:06:21,INFO,WebServer,Health check passed: WebServer,E102,Health check passed: {service}
79217,2026-01-15,16:30:08,INFO,WebServer,Page view: /home by u2326,E103,Page view: {page} by {user}
79218,2026-01-15,16:48:26,INFO,WebServer,Page view: /home by u4147,E103,Page view: {page} by {user}
79219,2026-01-15,16:32:47,INFO,WebServer,Page view: /home by u3650,E103,Page view: {page} by {user}
79220,2026-01-15,16:54:44,INFO,AuthService,Page view: /home by u4644,E103,Page view: {page} by {user}
79221,2026-01-15,16:15:22,INFO,WebServer,User u4246 login successful,E101,User {user} login successful
79222,2026-01-15,16:53:16,ERROR,AuthService,Connection refused to AuthService at 10.0.0.45,E501,Connection refused to {service} at {ip}
79223,2026-01-15,16:20:24,INFO,WebServer,Health check passed: WebServer,E102,Health check passed: {service}
79224,2026-01-15,16:51:20,INFO,PaymentGateway,User u1619 login successful,E101,User {user} login successful
79225,2026-01-15,16:33:12,INFO,PaymentGateway,User u1393 login successful,E101,User {user} login successful
79226,2026-01-15,16:52:53,INFO,InventoryDB,Transaction tx111572 completed in 448ms,E104,Transaction {tx} completed in {time}ms
79227,2026-01-15,16:58:56,INFO,AuthService,Health check passed: AuthService,E102,Health check passed: {service}
79228,2026-01-15,16:54:54,INFO,AuthService,Transaction tx270255 completed in 1232ms,E104,Transaction {tx} completed in {time}ms
79229,2026-01-15,16:17:26,INFO,AuthService,Page view: /home by u4429,E103,Page view: {page} by {user}
79230,2026-01-15,16:38:57,INFO,OrderProcessor,User u3220 login successful,E101,User {user} login successful
79231,2026-01-15,16:19:01,INFO,AuthService,Transaction tx323222 completed in 410ms,E104,Transaction {tx} completed in {time}ms
79232,2026-01-15,16:40:01,INFO,WebServer,Transaction tx418926 completed in 1956ms,E104,Transaction {tx} completed in {time}ms
79233,2026-01-15,16:46:39,ERROR,WebServer,Timeout waiting for lock on InventoryDB,E502,Timeout waiting for lock on {db}
79234,2026-01-15,16:19:23,INFO,AuthService,Transaction tx772120 completed in 1647ms,E104,Transaction {tx} completed in {time}ms
79235,2026-01-15,16:14:45,INFO,WebServer,Health check passed: WebServer,E102,Health check passed: {service}
79236,2026-01-15,16:59:44,INFO,OrderProcessor,Transaction tx345233 completed in 1443ms,E104,Transaction {tx} completed in {time}ms
79237,2026-01-15,16:48:16,INFO,WebServer,Page view: /home by u2037,E103,Page view: {page} by {user}
79238,2026-01-15,16:56:36,INFO,PaymentGateway,Page view: /home by u2607,E103,Page view: {page} by {user}
79239,2026-01-15,16:41:08,INFO,AuthService,Transaction tx121577 completed in 1550ms,E104,Transaction {tx} completed in {time}ms
79240,2026-01-15,16:36:56,INFO,WebServer,Health check passed: WebServer,E102,Health check passed: {service}
79241,2026-01-15,16:35:32,INFO,WebServer,User u3620 login successful,E101,User {user} login successful
79242,2026-01-15,16:18:05,INFO,WebServer,Health check passed: WebServer,E102,Health check passed: {service}
79243,2026-01-15,16:38:01,INFO,AuthService,Health check passed: AuthService,E102,Health check passed: {service}
79244,2026-01-15,16:57:00,INFO,WebServer,Health check passed: WebServer,E102,Health check passed: {service}
79245,2026-01-15,16:22:37,INFO,WebServer,Health check passed: WebServer,E102,Health check passed: {service}
79246,2026-01-15,16:16:48,INFO,WebServer,Health check passed: WebServer,E102,Health check passed: {service}
79247,2026-01-15,16:57:00,INFO,WebServer,Page view: /home by u2262,E103,Page view: {page} by {user}
79248,2026-01-15,16:28:46,WARN,AuthService,Unauthorized access attempt from 10.0.0.45,E401,Unauthorized access attempt from {ip}
79249,2026-01-15,16:59:41,INFO,WebServer,Page view: /home by u1920,E103,Page view: {page} by {user}
79250,2026-01-15,16:01:48,INFO,WebServer,User u1644 login successful,E101,User {user} login successful
79251,2026-01-15,16:19:31,INFO,WebServer,Health check passed: WebServer,E102,Health check passed: {service}
79252,2026-01-15,16:30:29,WARN,WebServer,High latency (288ms) detected on WebServer,E201,High latency ({time}ms) detected on {service}
79253,2026-01-15,16:23:14,INFO,AuthService,Health check passed: AuthService,E102,Health check passed: {service}
79254,2026-01-15,16:42:10,INFO,OrderProcessor,Health check passed: OrderProcessor,E102,Health check passed: {service}
79255,2026-01-15,16:48:20,INFO,WebServer,Transaction tx879075 completed in 887ms,E104,Transaction {tx} completed in {time}ms
79256,2026-01-15,16:46:43,INFO,WebServer,Page view: /home by u1802,E103,Page view: {page} by {user}
79257,2026-01-15,16:49:55,INFO,WebServer,Transaction tx997103 completed in 505ms,E104,Transaction {tx} completed in {time}ms
79258,2026-01-15,16:58:16,INFO,WebServer,Transaction tx947523 completed in 647ms,E104,Transaction {tx} completed in {time}ms
79259,2026-01-15,16:38:31,INFO,WebServer,Page view: /home by u2214,E103,Page view: {page} by {user}
79260,2026-01-15,16:04:27,INFO,AuthService,Transaction tx364025 completed in 1639ms,E104,Transaction {tx} completed in {time}ms
79261,2026-01-15,16:11:52,INFO,OrderProcessor,Health check passed: OrderProcessor,E102,Health check passed: {service}
79262,2026-01-15,16:51:25,INFO,WebServer,Transaction tx666963 completed in 1488ms,E104,Transaction {tx} completed in {time}ms
79263,2026-01-15,16:31:01,INFO,WebServer,User u4869 login successful,E101,User {user} login successful
79264,2026-01-15,16:15:58,INFO,WebServer,User u4752 login successful,E101,User {user} login successful
79265,2026-01-15,16:34:51,INFO,AuthService,User u4106 login successful,E101,User {user} login successful
79266,2026-01-15,16:13:19,INFO,AuthService,Transaction tx922496 completed in 1382ms,E104,Transaction {tx} completed in {time}ms
79267,2026-01-15,16:13:51,INFO,WebServer,User u2759 login successful,E101,User {user} login successful
79268,2026-01-15,16:59:23,INFO,WebServer,Transaction tx407767 completed in 21ms,E104,Transaction {tx} completed in {time}ms
79269,2026-01-15,16:39:20,INFO,AuthService,Health check passed: AuthService,E102,Health check passed: {service}
79270,2026-01-15,16:55:12,INFO,WebServer,User u1941 login successful,E101,User {user} login successful
79271,2026-01-15,16:24:34,INFO,WebServer,Page view: /home by u4843,E103,Page view: {page} by {user}
79272,2026-01-15,16:13:18,INFO,WebServer,Transaction tx626103 completed in 306ms,E104,Transaction {tx} completed in {time}ms
79273,2026-01-15,16:01:24,INFO,WebServer,User u4369 login successful,E101,User {user} login successful
79274,2026-01-15,16:06:54,INFO,WebServer,Transaction tx281725 completed in 499ms,E104,Transaction {tx} completed in {time}ms
79275,2026-01-15,16:45:59,INFO,WebServer,User u2454 login successful,E101,User {user} login successful
79276,2026-01-15,16:29:21,INFO,OrderProcessor,Health check passed: OrderProcessor,E102,Health check passed: {service}
79277,2026-01-15,16:56:15,INFO,WebServer,User u3470 login successful,E101,User {user} login successful
79278,2026-01-15,16:10:59,INFO,WebServer,Health check passed: WebServer,E102,Health check passed: {service}
79279,2026-01-15,16:10:54,INFO,WebServer,Health check passed: WebServer,E102,Health check passed: {service}
79280,2026-01-15,16:27:39,WARN,InventoryDB,High latency (531ms) detected on InventoryDB,E201,High latency ({time}ms) detected on {service}
79281,2026-01-15,16:04:04,INFO,OrderProcessor,Transaction tx103137 completed in 1625ms,E104,Transaction {tx} completed in {time}ms
79282,2026-01-15,16:33:06,INFO,PaymentGateway,Transaction tx748537 completed in 1155ms,E104,Transaction {tx} completed in {time}ms
79283,2026-01-15,16:28:17,INFO,OrderProcessor,Transaction tx723512 completed in 1353ms,E104,Transaction {tx} completed in {time}ms
79284,2026-01-15,16:07:28,INFO,WebServer,Transaction tx767824 completed in 964ms,E104,Transaction {tx} completed in {time}ms
79285,2026-01-15,16:37:28,INFO,AuthService,Transaction tx548072 completed in 1174ms,E104,Transaction {tx} completed in {time}ms
79286,2026-01-15,16:54:04,INFO,WebServer,Transaction tx354602 completed in 1332ms,E104,Transaction {tx} completed in {time}ms
79287,2026-01-15,16:39:32,INFO,WebServer,Page view: /home by u4623,E103,Page view: {page} by {user}
79288,2026-01-15,16:15:32,INFO,WebServer,Health check passed: WebServer,E102,Health check passed: {service}
79289,2026-01-15,16:57:57,INFO,WebServer,Health check passed: WebServer,E102,Health check passed: {service}
79290,2026-01-15,16:49:30,INFO,AuthService,Transaction tx532202 completed in 1445ms,E104,Transaction {tx} completed in {time}ms
79291,2026-01-15,16:19:42,INFO,WebServer,Health check passed: WebServer,E102,Health check passed: {service}
79292,2026-01-15,16:09:18,INFO,OrderProcessor,Transaction tx283990 completed in 620ms,E104,Transaction {tx} completed in {time}ms
79293,2026-01-15,16:01:27,INFO,WebServer,Transaction tx593370 completed in 1516ms,E104,Transaction {tx} completed in {time}ms
79294,2026-01-15,16:51:53,INFO,PaymentGateway,Page view: /home by u1034,E103,Page view: {page} by {user}
79295,2026-01-15,16:07:48,INFO,WebServer,Page view: /home by u3210,E103,Page view: {page} by {user}
79296,2026-01-15,16:21:06,INFO,PaymentGateway,Page view: /home by u4373,E103,Page view: {page} by {user}
79297,2026-01-15,16:57:58,INFO,PaymentGateway,Transaction tx640730 completed in 45ms,E104,Transaction {tx} completed in {time}ms
79298,2026-01-15,16:40:40,INFO,AuthService,Transaction tx759032 completed in 1277ms,E104,Transaction {tx} completed in {time}ms
79299,2026-01-15,16:27:28,INFO,WebServer,Page view: /home by u3907,E103,Page view: {page} by {user}
79300,2026-01-15,16:25:13,INFO,OrderProcessor,Transaction tx783318 completed in 782ms,E104,Transaction {tx} completed in {time}ms
79301,2026-01-15,16:39:07,WARN,WebServer,High latency (1668ms) detected on WebServer,E201,High latency ({time}ms) detected on {service}
79302,2026-01-15,16:58:34,INFO,WebServer,Page view: /home by u2278,E103,Page view: {page} by {user}
79303,2026-01-15,16:32:06,INFO,OrderProcessor,User u2175 login successful,E101,User {user} login successful
79304,2026-01-15,16:43:54,INFO,WebServer,Transaction tx909841 completed in 105ms,E104,Transaction {tx} completed in {time}ms
79305,2026-01-15,16:02:00,WARN,AuthService,Unauthorized access attempt from 10.0.0.12,E401,Unauthorized access attempt from {ip}
79306,2026-01-15,16:50:07,INFO,WebServer,Transaction tx141018 completed in 215ms,E104,Transaction {tx} completed in {time}ms
79307,2026-01-15,16:45:34,INFO,AuthService,Transaction tx567690 completed in 248ms,E104,Transaction {tx} completed in {time}ms
79308,2026-01-15,16:29:31,INFO,WebServer,Health check passed: WebServer,E102,Health check passed: {service}
79309,2026-01-15,16:36:32,INFO,WebServer,Page view: /home by u2917,E103,Page view: {page} by {user}
79310,2026-01-15,16:46:26,INFO,AuthService,Page view: /home by u4899,E103,Page view: {page} by {user}
79311,2026-01-15,16:51:51,INFO,InventoryDB,Page view: /home by u2441,E103,Page view: {page} by {user}
79312,2026-01-15,16:54:13,INFO,WebServer,Health check passed: WebServer,E102,Health check passed: {service}
79313,2026-01-15,16:48:33,INFO,WebServer,Health check passed: WebServer,E102,Health check passed: {service}
79314,2026-01-15,16:07:35,INFO,WebServer,Health check passed: WebServer,E102,Health check passed: {service}
79315,2026-01-15,16:36:27,INFO,OrderProcessor,Page view: /home by u4880,E103,Page view: {page} by {user}
79316,2026-01-15,16:52:31,INFO,WebServer,Transaction tx413682 completed in 1133ms,E104,Transaction {tx} completed in {time}ms
79317,2026-01-15,16:57:10,INFO,WebServer,Health check passed: WebServer,E102,Health check passed: {service}
79318,2026-01-15,16:57:42,WARN,WebServer,High latency (590ms) detected on WebServer,E201,High latency ({time}ms) detected on {service}
79319,2026-01-15,16:38:11,INFO,WebServer,Page view: /home by u3774,E103,Page view: {page} by {user}
79320,2026-01-15,16:47:06,INFO,WebServer,Transaction tx955654 completed in 661ms,E104,Transaction {tx} completed in {time}ms
79321,2026-01-15,16:59:09,INFO,InventoryDB,Health check passed: InventoryDB,E102,Health check passed: {service}
79322,2026-01-15,16:08:22,INFO,AuthService,User u2601 login successful,E101,User {user} login successful
79323,2026-01-15,16:35:10,INFO,OrderProcessor,Page view: /home by u4543,E103,Page view: {page} by {user}
79324,2026-01-15,16:45:29,INFO,AuthService,Page view: /home by u3763,E103,Page view: {page} by {user}
79325,2026-01-15,16:48:14,INFO,OrderProcessor,Transaction tx873787 completed in 743ms,E104,Transaction {tx} completed in {time}ms
79326,2026-01-15,16:08:58,INFO,AuthService,Transaction tx749968 completed in 692ms,E104,Transaction {tx} completed in {time}ms
79327,2026-01-15,16:56:02,INFO,PaymentGateway,User u3177 login successful,E101,User {user} login successful
79328,2026-01-15,16:41:40,INFO,WebServer,User u4395 login successful,E101,User {user} login successful
79329,2026-01-15,16:33:34,INFO,AuthService,User u3658 login successful,E101,User {user} login successful
79330,2026-01-15,16:52:30,WARN,OrderProcessor,High latency (1529ms) detected on OrderProcessor,E201,High latency ({time}ms) detected on {service}
79331,2026-01-15,16:58:28,INFO,WebServer,Page view: /home by u2480,E103,Page view: {page} by {user}
79332,2026-01-15,16:32:04,INFO,PaymentGateway,Transaction tx184002 completed in 1899ms,E104,Transaction {tx} completed in {time}ms
79333,2026-01-15,16:48:47,CRITICAL,PaymentGateway,KERNEL PANIC: Node node-2 crashed,E601,KERNEL PANIC: Node {node} crashed
79334,2026-01-15,16:46:12,WARN,OrderProcessor,Unauthorized access attempt from 10.0.0.12,E401,Unauthorized access attempt from {ip}
79335,2026-01-15,16:13:21,INFO,WebServer,User u2079 login successful,E101,User {user} login successful
79336,2026-01-15,16:09:55,INFO,WebServer,Page view: /home by u3889,E103,Page view: {page} by {user}
79337,2026-01-15,16:45:57,INFO,WebServer,Page view: /home by u4230,E103,Page view: {page} by {user}
79338,2026-01-15,16:17:41,INFO,OrderProcessor,Transaction tx692372 completed in 451ms,E104,Transaction {tx} completed in {time}ms
79339,2026-01-15,16:07:36,INFO,WebServer,Transaction tx160442 completed in 1760ms,E104,Transaction {tx} completed in {time}ms
79340,2026-01-15,16:56:43,INFO,WebServer,Health check passed: WebServer,E102,Health check passed: {service}
79341,2026-01-15,16:32:16,INFO,InventoryDB,Transaction tx434012 completed in 1609ms,E104,Transaction {tx} completed in {time}ms
79342,2026-01-15,16:17:35,INFO,AuthService,Health check passed: AuthService,E102,Health check passed: {service}
79343,2026-01-15,16:22:18,INFO,OrderProcessor,Transaction tx721356 completed in 1029ms,E104,Transaction {tx} completed in {time}ms
79344,2026-01-15,16:09:35,INFO,WebServer,Transaction tx568571 completed in 1351ms,E104,Transaction {tx} completed in {time}ms
79345,2026-01-15,16:56:55,INFO,WebServer,User u4921 login successful,E101,User {user} login successful
79346,2026-01-15,16:22:30,INFO,AuthService,Page view: /home by u2395,E103,Page view: {page} by {user}
79347,2026-01-15,16:31:38,INFO,WebServer,Page view: /home by u1370,E103,Page view: {page} by {user}
79348,2026-01-15,16:51:49,INFO,WebServer,Page view: /home by u1814,E103,Page view: {page} by {user}
79349,2026-01-15,16:02:23,INFO,WebServer,Health check passed: WebServer,E102,Health check passed: {service}
79350,2026-01-15,16:48:29,INFO,InventoryDB,Health check passed: InventoryDB,E102,Health check passed: {service}
79351,2026-01-15,16:09:12,INFO,WebServer,Health check passed: WebServer,E102,Health check passed: {service}
79352,2026-01-15,16:57:27,INFO,WebServer,Health check passed: WebServer,E102,Health check passed: {service}
79353,2026-01-15,16:29:35,INFO,InventoryDB,Page view: /home by u4385,E103,Page view: {page} by {user}
79354,2026-01-15,16:22:49,INFO,WebServer,Health check passed: WebServer,E102,Health check passed: {service}
79355,2026-01-15,16:31:40,WARN,WebServer,Disk usage > 85% on node node-1,E202,Disk usage > 85% on node {node}
79356,2026-01-15,16:43:03,INFO,WebServer,User u1864 login successful,E101,User {user} login successful
79357,2026-01-15,16:51:39,INFO,InventoryDB,Page view: /home by u1986,E103,Page view: {page} by {user}
79358,2026-01-15,16:13:58,INFO,WebServer,Transaction tx929291 completed in 828ms,E104,Transaction {tx} completed in {time}ms
79359,2026-01-15,16:03:50,INFO,WebServer,Health check passed: WebServer,E102,Health check passed: {service}
79360,2026-01-15,16:05:28,INFO,AuthService,Transaction tx713702 completed in 452ms,E104,Transaction {tx} completed in {time}ms
79361,2026-01-15,16:11:42,INFO,WebServer,Health check passed: WebServer,E102,Health check passed: {service}
79362,2026-01-15,16:43:21,INFO,WebServer,Transaction tx425328 completed in 1068ms,E104,Transaction {tx} completed in {time}ms
79363,2026-01-15,16:03:02,INFO,WebServer,Page view: /home by u2973,E103,Page view: {page} by {user}
79364,2026-01-15,16:46:17,INFO,OrderProcessor,Transaction tx486189 completed in 1500ms,E104,Transaction {tx} completed in {time}ms
79365,2026-01-15,16:20:39,INFO,WebServer,Transaction tx155942 completed in 1948ms,E104,Transaction {tx} completed in {time}ms
79366,2026-01-15,16:06:33,INFO,PaymentGateway,Transaction tx925193 completed in 1279ms,E104,Transaction {tx} completed in {time}ms
79367,2026-01-15,16:13:30,INFO,WebServer,Transaction tx756335 completed in 780ms,E104,Transaction {tx} completed in {time}ms
79368,2026-01-15,16:49:13,INFO,PaymentGateway,Page view: /home by u2797,E103,Page view: {page} by {user}
79369,2026-01-15,16:11:49,INFO,InventoryDB,Health check passed: InventoryDB,E102,Health check passed: {service}
79370,2026-01-15,16:40:50,INFO,AuthService,Page view: /home by u1706,E103,Page view: {page} by {user}
79371,2026-01-15,16:44:08,INFO,WebServer,Health check passed: WebServer,E102,Health check passed: {service}
79372,2026-01-15,16:46:11,INFO,AuthService,Page view: /home by u4118,E103,Page view: {page} by {user}
79373,2026-01-15,16:59:19,WARN,AuthService,Disk usage > 85% on node node-3,E202,Disk usage > 85% on node {node}
79374,2026-01-15,16:04:29,INFO,AuthService,Health check passed: AuthService,E102,Health check passed: {service}
79375,2026-01-15,16:09:57,INFO,OrderProcessor,Transaction tx467531 completed in 58ms,E104,Transaction {tx} completed in {time}ms
79376,2026-01-15,16:56:27,INFO,WebServer,User u4744 login successful,E101,User {user} login successful
79377,2026-01-15,16:31:01,INFO,WebServer,User u3202 login successful,E101,User {user} login successful
79378,2026-01-15,16:30:41,INFO,AuthService,User u3422 login successful,E101,User {user} login successful
79379,2026-01-15,16:52:19,INFO,WebServer,Transaction tx841363 completed in 1357ms,E104,Transaction {tx} completed in {time}ms
79380,2026-01-15,16:26:52,INFO,WebServer,User u2653 login successful,E101,User {user} login successful
79381,2026-01-15,16:00:25,INFO,WebServer,User u4424 login successful,E101,User {user} login successful
79382,2026-01-15,16:33:20,WARN,WebServer,High latency (369ms) detected on WebServer,E201,High latency ({time}ms) detected on {service}
79383,2026-01-15,16:48:24,INFO,AuthService,Transaction tx455278 completed in 589ms,E104,Transaction {tx} completed in {time}ms
79384,2026-01-15,16:58:38,INFO,WebServer,Page view: /home by u4874,E103,Page view: {page} by {user}
79385,2026-01-15,16:47:24,INFO,PaymentGateway,User u4293 login successful,E101,User {user} login successful
79386,2026-01-15,16:49:01,INFO,PaymentGateway,Transaction tx757950 completed in 1193ms,E104,Transaction {tx} completed in {time}ms
79387,2026-01-15,16:32:30,WARN,WebServer,Disk usage > 85% on node node-5,E202,Disk usage > 85% on node {node}
79388,2026-01-15,16:51:01,INFO,PaymentGateway,Health check passed: PaymentGateway,E102,Health check passed: {service}
79389,2026-01-15,16:56:39,INFO,AuthService,Transaction tx401057 completed in 582ms,E104,Transaction {tx} completed in {time}ms
79390,2026-01-15,16:19:39,INFO,WebServer,Page view: /home by u4005,E103,Page view: {page} by {user}
79391,2026-01-15,16:47:56,INFO,WebServer,Health check passed: WebServer,E102,Health check passed: {service}
79392,2026-01-15,16:03:56,ERROR,WebServer,Payment declined: Gateway unavailable,E503,Payment declined: Gateway unavailable
79393,2026-01-15,16:28:07,INFO,InventoryDB,Transaction tx464346 completed in 1133ms,E104,Transaction {tx} completed in {time}ms
79394,2026-01-15,16:32:56,INFO,WebServer,User u1270 login successful,E101,User {user} login successful
79395,2026-01-15,16:13:00,INFO,AuthService,Page view: /home by u2342,E103,Page view: {page} by {user}
79396,2026-01-15,16:59:44,INFO,WebServer,Health check passed: WebServer,E102,Health check passed: {service}
79397,2026-01-15,16:09:36,INFO,PaymentGateway,Transaction tx345860 completed in 1088ms,E104,Transaction {tx} completed in {time}ms
79398,2026-01-15,16:53:50,INFO,AuthService,User u1205 login successful,E101,User {user} login successful
79399,2026-01-15,16:19:28,INFO,PaymentGateway,Health check passed: PaymentGateway,E102,Health check passed: {service}
79400,2026-01-15,16:55:58,INFO,AuthService,Health check passed: AuthService,E102,Health check passed: {service}
79401,2026-01-15,16:05:52,INFO,WebServer,Transaction tx613565 completed in 1311ms,E104,Transaction {tx} completed in {time}ms
79402,2026-01-15,16:49:03,INFO,WebServer,Transaction tx474879 completed in 1907ms,E104,Transaction {tx} completed in {time}ms
79403,2026-01-15,16:32:42,INFO,AuthService,User u3230 login successful,E101,User {user} login successful
79404,2026-01-15,16:53:17,INFO,WebServer,Page view: /home by u4766,E103,Page view: {page} by {user}
79405,2026-01-15,16:38:13,WARN,OrderProcessor,High latency (1230ms) detected on OrderProcessor,E201,High latency ({time}ms) detected on {service}
79406,2026-01-15,16:29:44,INFO,AuthService,Health check passed: AuthService,E102,Health check passed: {service}
79407,2026-01-15,16:41:53,INFO,WebServer,Transaction tx701509 completed in 117ms,E104,Transaction {tx} completed in {time}ms
79408,2026-01-15,16:57:47,INFO,PaymentGateway,Transaction tx804976 completed in 958ms,E104,Transaction {tx} completed in {time}ms
79409,2026-01-15,16:51:41,INFO,WebServer,Health check passed: WebServer,E102,Health check passed: {service}
79410,2026-01-15,16:16:21,WARN,WebServer,High latency (519ms) detected on WebServer,E201,High latency ({time}ms) detected on {service}
79411,2026-01-15,16:21:04,INFO,PaymentGateway,Health check passed: PaymentGateway,E102,Health check passed: {service}
79412,2026-01-15,16:15:05,INFO,WebServer,User u4623 login successful,E101,User {user} login successful
79413,2026-01-15,16:10:46,INFO,WebServer,Health check passed: WebServer,E102,Health check passed: {service}
79414,2026-01-15,16:12:15,INFO,AuthService,Page view: /home by u1914,E103,Page view: {page} by {user}
79415,2026-01-15,16:21:08,INFO,AuthService,User u2652 login successful,E101,User {user} login successful
79416,2026-01-15,16:48:05,INFO,OrderProcessor,Transaction tx547494 completed in 157ms,E104,Transaction {tx} completed in {time}ms
79417,2026-01-15,16:04:29,INFO,OrderProcessor,User u4024 login successful,E101,User {user} login successful
79418,2026-01-15,16:29:07,INFO,WebServer,Transaction tx622441 completed in 965ms,E104,Transaction {tx} completed in {time}ms
79419,2026-01-15,16:46:36,INFO,OrderProcessor,Health check passed: OrderProcessor,E102,Health check passed: {service}
79420,2026-01-15,16:05:01,ERROR,AuthService,Timeout waiting for lock on InventoryDB,E502,Timeout waiting for lock on {db}
79421,2026-01-15,16:51:54,INFO,OrderProcessor,User u4853 login successful,E101,User {user} login successful
79422,2026-01-15,16:48:58,INFO,InventoryDB,Transaction tx847797 completed in 56ms,E104,Transaction {tx} completed in {time}ms
79423,2026-01-15,16:26:07,INFO,AuthService,Transaction tx728191 completed in 477ms,E104,Transaction {tx} completed in {time}ms
79424,2026-01-15,16:56:22,WARN,InventoryDB,Disk usage > 85% on node node-2,E202,Disk usage > 85% on node {node}
79425,2026-01-15,16:01:19,INFO,AuthService,Health check passed: AuthService,E102,Health check passed: {service}
79426,2026-01-15,16:02:34,INFO,OrderProcessor,Page view: /home by u1659,E103,Page view: {page} by {user}
79427,2026-01-15,16:39:52,INFO,WebServer,Page view: /home by u2370,E103,Page view: {page} by {user}
79428,2026-01-15,16:00:50,INFO,PaymentGateway,Transaction tx722988 completed in 120ms,E104,Transaction {tx} completed in {time}ms
79429,2026-01-15,16:30:31,INFO,AuthService,Page view: /home by u4111,E103,Page view: {page} by {user}
79430,2026-01-15,16:00:42,INFO,WebServer,Page view: /home by u1662,E103,Page view: {page} by {user}
79431,2026-01-15,16:36:35,INFO,PaymentGateway,User u2450 login successful,E101,User {user} login successful
79432,2026-01-15,16:37:41,INFO,WebServer,Health check passed: WebServer,E102,Health check passed: {service}
79433,2026-01-15,16:35:54,INFO,OrderProcessor,Health check passed: OrderProcessor,E102,Health check passed: {service}
79434,2026-01-15,16:50:04,INFO,WebServer,Health check passed: WebServer,E102,Health check passed: {service}
79435,2026-01-15,16:56:07,INFO,WebServer,Health check passed: WebServer,E102,Health check passed: {service}
79436,2026-01-15,16:56:16,INFO,WebServer,Health check passed: WebServer,E102,Health check passed: {service}
79437,2026-01-15,16:42:50,INFO,InventoryDB,Page view: /home by u3176,E103,Page view: {page} by {user}
79438,2026-01-15,16:21:26,INFO,WebServer,User u1755 login successful,E101,User {user} login successful
79439,2026-01-15,16:17:15,INFO,WebServer,Page view: /home by u2296,E103,Page view: {page} by {user}
79440,2026-01-15,16:00:41,INFO,WebServer,User u4184 login successful,E101,User {user} login successful
79441,2026-01-15,16:51:36,INFO,AuthService,Transaction tx246126 completed in 489ms,E104,Transaction {tx} completed in {time}ms
79442,2026-01-15,16:40:54,INFO,WebServer,Page view: /home by u3230,E103,Page view: {page} by {user}
79443,2026-01-15,16:31:11,INFO,OrderProcessor,User u1166 login successful,E101,User {user} login successful
79444,2026-01-15,16:33:21,INFO,WebServer,Health check passed: WebServer,E102,Health check passed: {service}
79445,2026-01-15,16:57:50,INFO,AuthService,Page view: /home by u1311,E103,Page view: {page} by {user}
79446,2026-01-15,16:15:02,INFO,InventoryDB,Transaction tx902134 completed in 344ms,E104,Transaction {tx} completed in {time}ms
79447,2026-01-15,16:19:27,INFO,WebServer,Health check passed: WebServer,E102,Health check passed: {service}
79448,2026-01-15,16:47:34,INFO,WebServer,Health check passed: WebServer,E102,Health check passed: {service}
79449,2026-01-15,16:08:23,INFO,InventoryDB,User u2755 login successful,E101,User {user} login successful
79450,2026-01-15,16:07:33,INFO,AuthService,Transaction tx186422 completed in 1962ms,E104,Transaction {tx} completed in {time}ms
79451,2026-01-15,16:25:08,INFO,WebServer,Transaction tx137398 completed in 869ms,E104,Transaction {tx} completed in {time}ms
79452,2026-01-15,16:14:10,INFO,WebServer,Transaction tx676564 completed in 1922ms,E104,Transaction {tx} completed in {time}ms
79453,2026-01-15,16:02:34,INFO,WebServer,Health check passed: WebServer,E102,Health check passed: {service}
79454,2026-01-15,16:49:02,INFO,WebServer,Health check passed: WebServer,E102,Health check passed: {service}
79455,2026-01-15,16:14:02,INFO,WebServer,Health check passed: WebServer,E102,Health check passed: {service}
79456,2026-01-15,16:03:20,INFO,WebServer,Page view: /home by u2454,E103,Page view: {page} by {user}
79457,2026-01-15,16:13:58,INFO,WebServer,Health check passed: WebServer,E102,Health check passed: {service}
79458,2026-01-15,16:30:59,INFO,OrderProcessor,Page view: /home by u2087,E103,Page view: {page} by {user}
79459,2026-01-15,16:30:06,INFO,WebServer,Health check passed: WebServer,E102,Health check passed: {service}
79460,2026-01-15,16:02:09,INFO,OrderProcessor,User u3645 login successful,E101,User {user} login successful
79461,2026-01-15,16:31:01,INFO,WebServer,Transaction tx896069 completed in 708ms,E104,Transaction {tx} completed in {time}ms
79462,2026-01-15,16:48:57,INFO,PaymentGateway,Health check passed: PaymentGateway,E102,Health check passed: {service}
79463,2026-01-15,16:58:46,INFO,WebServer,Transaction tx568686 completed in 644ms,E104,Transaction {tx} completed in {time}ms
79464,2026-01-15,16:55:27,INFO,OrderProcessor,Page view: /home by u3669,E103,Page view: {page} by {user}
79465,2026-01-15,16:20:11,INFO,PaymentGateway,Transaction tx506354 completed in 589ms,E104,Transaction {tx} completed in {time}ms
79466,2026-01-15,16:36:44,INFO,AuthService,Health check passed: AuthService,E102,Health check passed: {service}
79467,2026-01-15,16:37:25,INFO,OrderProcessor,Health check passed: OrderProcessor,E102,Health check passed: {service}
79468,2026-01-15,16:18:44,INFO,WebServer,User u3580 login successful,E101,User {user} login successful
79469,2026-01-15,16:11:18,INFO,WebServer,Page view: /home by u4945,E103,Page view: {page} by {user}
79470,2026-01-15,16:21:43,INFO,PaymentGateway,Page view: /home by u1739,E103,Page view: {page} by {user}
79471,2026-01-15,16:02:39,INFO,WebServer,Page view: /home by u2717,E103,Page view: {page} by {user}
79472,2026-01-15,16:05:04,INFO,WebServer,Health check passed: WebServer,E102,Health check passed: {service}
79473,2026-01-15,16:22:37,INFO,OrderProcessor,Transaction tx667733 completed in 520ms,E104,Transaction {tx} completed in {time}ms
79474,2026-01-15,16:12:42,INFO,WebServer,Transaction tx744149 completed in 1436ms,E104,Transaction {tx} completed in {time}ms
79475,2026-01-15,16:38:52,INFO,AuthService,Health check passed: AuthService,E102,Health check passed: {service}
79476,2026-01-15,16:07:45,INFO,OrderProcessor,User u2972 login successful,E101,User {user} login successful
79477,2026-01-15,16:18:28,INFO,WebServer,User u3593 login successful,E101,User {user} login successful
79478,2026-01-15,16:25:21,INFO,PaymentGateway,Page view: /home by u3645,E103,Page view: {page} by {user}
79479,2026-01-15,16:21:24,INFO,WebServer,Transaction tx683221 completed in 762ms,E104,Transaction {tx} completed in {time}ms
79480,2026-01-15,16:14:17,INFO,WebServer,Transaction tx682085 completed in 1531ms,E104,Transaction {tx} completed in {time}ms
79481,2026-01-15,16:59:41,INFO,OrderProcessor,Transaction tx228515 completed in 1132ms,E104,Transaction {tx} completed in {time}ms
79482,2026-01-15,16:11:30,INFO,PaymentGateway,Health check passed: PaymentGateway,E102,Health check passed: {service}
79483,2026-01-15,16:51:31,INFO,WebServer,Page view: /home by u4516,E103,Page view: {page} by {user}
79484,2026-01-15,16:49:02,INFO,OrderProcessor,Transaction tx402628 completed in 1156ms,E104,Transaction {tx} completed in {time}ms
79485,2026-01-15,16:43:52,INFO,OrderProcessor,Health check passed: OrderProcessor,E102,Health check passed: {service}
79486,2026-01-15,16:04:20,INFO,WebServer,User u4478 login successful,E101,User {user} login successful
79487,2026-01-15,16:56:20,WARN,WebServer,Unauthorized access attempt from 10.0.0.45,E401,Unauthorized access attempt from {ip}
79488,2026-01-15,16:33:30,INFO,AuthService,Transaction tx861694 completed in 637ms,E104,Transaction {tx} completed in {time}ms
79489,2026-01-15,16:18:13,INFO,WebServer,User u2413 login successful,E101,User {user} login successful
79490,2026-01-15,16:42:32,INFO,PaymentGateway,User u2788 login successful,E101,User {user} login successful
79491,2026-01-15,16:32:28,INFO,WebServer,User u2195 login successful,E101,User {user} login successful
79492,2026-01-15,16:09:19,INFO,AuthService,Health check passed: AuthService,E102,Health check passed: {service}
79493,2026-01-15,16:19:50,WARN,WebServer,Unauthorized access attempt from 10.0.0.45,E401,Unauthorized access attempt from {ip}
79494,2026-01-15,16:10:31,INFO,PaymentGateway,Health check passed: PaymentGateway,E102,Health check passed: {service}
79495,2026-01-15,16:32:12,INFO,AuthService,Health check passed: AuthService,E102,Health check passed: {service}
79496,2026-01-15,16:28:18,INFO,OrderProcessor,Health check passed: OrderProcessor,E102,Health check passed: {service}
79497,2026-01-15,16:32:18,INFO,WebServer,User u4184 login successful,E101,User {user} login successful
79498,2026-01-15,16:18:07,INFO,WebServer,Transaction tx170329 completed in 1005ms,E104,Transaction {tx} completed in {time}ms
79499,2026-01-15,16:04:32,WARN,AuthService,Disk usage > 85% on node node-1,E202,Disk usage > 85% on node {node}
79500,2026-01-15,16:44:42,WARN,WebServer,Disk usage > 85% on node node-4,E202,Disk usage > 85% on node {node}
79501,2026-01-15,16:00:08,INFO,PaymentGateway,User u4283 login successful,E101,User {user} login successful
79502,2026-01-15,16:43:03,INFO,AuthService,User u4545 login successful,E101,User {user} login successful
79503,2026-01-15,16:07:57,INFO,WebServer,Page view: /home by u3754,E103,Page view: {page} by {user}
79504,2026-01-15,16:22:05,INFO,WebServer,User u3481 login successful,E101,User {user} login successful
79505,2026-01-15,16:12:54,INFO,AuthService,Page view: /home by u3337,E103,Page view: {page} by {user}
79506,2026-01-15,16:48:21,INFO,PaymentGateway,Page view: /home by u2158,E103,Page view: {page} by {user}
79507,2026-01-15,16:46:11,INFO,WebServer,Transaction tx165256 completed in 693ms,E104,Transaction {tx} completed in {time}ms
79508,2026-01-15,16:37:19,INFO,AuthService,User u4864 login successful,E101,User {user} login successful
79509,2026-01-15,16:56:48,INFO,OrderProcessor,Page view: /home by u2921,E103,Page view: {page} by {user}
79510,2026-01-15,16:35:58,INFO,WebServer,User u4120 login successful,E101,User {user} login successful
79511,2026-01-15,16:00:08,INFO,WebServer,Page view: /home by u3714,E103,Page view: {page} by {user}
79512,2026-01-15,16:37:06,INFO,AuthService,User u1553 login successful,E101,User {user} login successful
79513,2026-01-15,16:47:03,INFO,WebServer,Page view: /home by u3319,E103,Page view: {page} by {user}
79514,2026-01-15,16:33:48,INFO,WebServer,Transaction tx841288 completed in 1521ms,E104,Transaction {tx} completed in {time}ms
79515,2026-01-15,16:02:29,WARN,AuthService,Unauthorized access attempt from 10.0.0.45,E401,Unauthorized access attempt from {ip}
79516,2026-01-15,16:41:45,INFO,AuthService,Transaction tx400354 completed in 1335ms,E104,Transaction {tx} completed in {time}ms
79517,2026-01-15,16:14:44,INFO,WebServer,User u4590 login successful,E101,User {user} login successful
79518,2026-01-15,16:51:43,INFO,AuthService,Page view: /home by u2383,E103,Page view: {page} by {user}
79519,2026-01-15,16:04:22,INFO,WebServer,Transaction tx147938 completed in 1660ms,E104,Transaction {tx} completed in {time}ms
79520,2026-01-15,16:54:59,INFO,PaymentGateway,Health check passed: PaymentGateway,E102,Health check passed: {service}
79521,2026-01-15,16:15:21,INFO,OrderProcessor,Transaction tx932888 completed in 1001ms,E104,Transaction {tx} completed in {time}ms
79522,2026-01-15,16:30:18,INFO,AuthService,Page view: /home by u2469,E103,Page view: {page} by {user}
79523,2026-01-15,16:47:56,INFO,AuthService,Health check passed: AuthService,E102,Health check passed: {service}
79524,2026-01-15,16:16:21,INFO,WebServer,Transaction tx752855 completed in 536ms,E104,Transaction {tx} completed in {time}ms
79525,2026-01-15,16:52:39,INFO,PaymentGateway,Health check passed: PaymentGateway,E102,Health check passed: {service}
79526,2026-01-15,16:27:34,INFO,PaymentGateway,Health check passed: PaymentGateway,E102,Health check passed: {service}
79527,2026-01-15,16:37:22,WARN,WebServer,Unauthorized access attempt from 10.0.0.10,E401,Unauthorized access attempt from {ip}
79528,2026-01-15,16:04:07,INFO,WebServer,Transaction tx474222 completed in 1194ms,E104,Transaction {tx} completed in {time}ms
79529,2026-01-15,16:45:36,INFO,InventoryDB,Transaction tx815329 completed in 1988ms,E104,Transaction {tx} completed in {time}ms
79530,2026-01-15,16:44:27,INFO,PaymentGateway,Health check passed: PaymentGateway,E102,Health check passed: {service}
79531,2026-01-15,16:01:46,INFO,WebServer,Transaction tx199587 completed in 1504ms,E104,Transaction {tx} completed in {time}ms
79532,2026-01-15,16:40:27,INFO,WebServer,Transaction tx862541 completed in 382ms,E104,Transaction {tx} completed in {time}ms
79533,2026-01-15,16:34:24,INFO,OrderProcessor,User u2344 login successful,E101,User {user} login successful
79534,2026-01-15,16:06:04,INFO,OrderProcessor,Page view: /home by u4893,E103,Page view: {page} by {user}
79535,2026-01-15,16:11:53,INFO,WebServer,User u2153 login successful,E101,User {user} login successful
79536,2026-01-15,16:37:50,INFO,WebServer,Transaction tx936035 completed in 1350ms,E104,Transaction {tx} completed in {time}ms
79537,2026-01-15,16:47:53,INFO,OrderProcessor,Health check passed: OrderProcessor,E102,Health check passed: {service}
79538,2026-01-15,16:40:45,INFO,InventoryDB,Health check passed: InventoryDB,E102,Health check passed: {service}
79539,2026-01-15,16:36:59,INFO,OrderProcessor,Health check passed: OrderProcessor,E102,Health check passed: {service}
79540,2026-01-15,16:15:12,INFO,WebServer,Health check passed: WebServer,E102,Health check passed: {service}
79541,2026-01-15,16:58:30,INFO,WebServer,User u3844 login successful,E101,User {user} login successful
79542,2026-01-15,16:44:28,INFO,WebServer,Page view: /home by u1717,E103,Page view: {page} by {user}
79543,2026-01-15,16:15:28,INFO,WebServer,Page view: /home by u3694,E103,Page view: {page} by {user}
79544,2026-01-15,16:54:30,INFO,AuthService,Transaction tx668716 completed in 953ms,E104,Transaction {tx} completed in {time}ms
79545,2026-01-15,16:32:39,INFO,OrderProcessor,Page view: /home by u3839,E103,Page view: {page} by {user}
79546,2026-01-15,16:26:27,WARN,WebServer,Disk usage > 85% on node node-5,E202,Disk usage > 85% on node {node}
79547,2026-01-15,16:42:31,WARN,AuthService,Unauthorized access attempt from 10.0.0.45,E401,Unauthorized access attempt from {ip}
79548,2026-01-15,16:02:01,INFO,WebServer,Page view: /home by u4484,E103,Page view: {page} by {user}
79549,2026-01-15,16:13:44,INFO,WebServer,Health check passed: WebServer,E102,Health check passed: {service}
79550,2026-01-15,16:19:43,INFO,OrderProcessor,Transaction tx798675 completed in 1350ms,E104,Transaction {tx} completed in {time}ms
79551,2026-01-15,16:41:29,INFO,OrderProcessor,Health check passed: OrderProcessor,E102,Health check passed: {service}
79552,2026-01-15,16:28:54,INFO,AuthService,Health check passed: AuthService,E102,Health check passed: {service}
79553,2026-01-15,16:01:27,INFO,AuthService,Transaction tx390225 completed in 112ms,E104,Transaction {tx} completed in {time}ms
79554,2026-01-15,16:13:10,ERROR,AuthService,Timeout waiting for lock on InventoryDB,E502,Timeout waiting for lock on {db}
79555,2026-01-15,16:07:08,INFO,AuthService,Page view: /home by u2806,E103,Page view: {page} by {user}
79556,2026-01-15,16:03:32,INFO,AuthService,Health check passed: AuthService,E102,Health check passed: {service}
79557,2026-01-15,16:43:57,INFO,AuthService,User u2011 login successful,E101,User {user} login successful
79558,2026-01-15,16:54:24,INFO,PaymentGateway,Page view: /home by u4521,E103,Page view: {page} by {user}
79559,2026-01-15,16:47:51,INFO,WebServer,Transaction tx260764 completed in 1632ms,E104,Transaction {tx} completed in {time}ms
79560,2026-01-15,16:50:46,INFO,AuthService,User u2809 login successful,E101,User {user} login successful
79561,2026-01-15,16:06:57,INFO,WebServer,Transaction tx878139 completed in 549ms,E104,Transaction {tx} completed in {time}ms
79562,2026-01-15,16:01:55,INFO,WebServer,Transaction tx441102 completed in 276ms,E104,Transaction {tx} completed in {time}ms
79563,2026-01-15,16:13:23,INFO,WebServer,Health check passed: WebServer,E102,Health check passed: {service}
79564,2026-01-15,16:32:45,INFO,WebServer,Health check passed: WebServer,E102,Health check passed: {service}
79565,2026-01-15,16:35:01,INFO,WebServer,Health check passed: WebServer,E102,Health check passed: {service}
79566,2026-01-15,16:34:36,INFO,WebServer,User u1471 login successful,E101,User {user} login successful
79567,2026-01-15,16:04:56,INFO,WebServer,User u2554 login successful,E101,User {user} login successful
79568,2026-01-15,16:05:44,INFO,OrderProcessor,Transaction tx708183 completed in 1631ms,E104,Transaction {tx} completed in {time}ms
79569,2026-01-15,16:02:15,INFO,OrderProcessor,Page view: /home by u4854,E103,Page view: {page} by {user}
79570,2026-01-15,16:18:10,INFO,WebServer,User u4963 login successful,E101,User {user} login successful
79571,2026-01-15,16:04:52,INFO,WebServer,Page view: /home by u1620,E103,Page view: {page} by {user}
79572,2026-01-15,16:48:28,INFO,WebServer,User u3900 login successful,E101,User {user} login successful
79573,2026-01-15,16:52:49,INFO,WebServer,User u4922 login successful,E101,User {user} login successful
79574,2026-01-15,16:05:28,INFO,WebServer,Transaction tx275660 completed in 1519ms,E104,Transaction {tx} completed in {time}ms
79575,2026-01-15,16:11:20,INFO,OrderProcessor,Transaction tx506535 completed in 1679ms,E104,Transaction {tx} completed in {time}ms
79576,2026-01-15,16:52:33,INFO,AuthService,Page view: /home by u3053,E103,Page view: {page} by {user}
79577,2026-01-15,16:10:39,INFO,WebServer,User u1241 login successful,E101,User {user} login successful
79578,2026-01-15,16:52:16,INFO,AuthService,User u4295 login successful,E101,User {user} login successful
79579,2026-01-15,16:01:35,INFO,OrderProcessor,Health check passed: OrderProcessor,E102,Health check passed: {service}
79580,2026-01-15,16:40:49,INFO,OrderProcessor,Health check passed: OrderProcessor,E102,Health check passed: {service}
79581,2026-01-15,16:22:27,INFO,WebServer,Health check passed: WebServer,E102,Health check passed: {service}
79582,2026-01-15,16:08:52,INFO,AuthService,Transaction tx653897 completed in 1511ms,E104,Transaction {tx} completed in {time}ms
79583,2026-01-15,16:35:11,INFO,WebServer,Transaction tx178397 completed in 1715ms,E104,Transaction {tx} completed in {time}ms
79584,2026-01-15,16:26:47,INFO,WebServer,Page view: /home by u3430,E103,Page view: {page} by {user}
79585,2026-01-15,16:46:36,INFO,WebServer,Transaction tx851430 completed in 1241ms,E104,Transaction {tx} completed in {time}ms
79586,2026-01-15,16:22:48,INFO,WebServer,User u4037 login successful,E101,User {user} login successful
79587,2026-01-15,16:37:55,INFO,WebServer,User u2858 login successful,E101,User {user} login successful
79588,2026-01-15,16:09:30,INFO,AuthService,Page view: /home by u4099,E103,Page view: {page} by {user}
79589,2026-01-15,16:13:29,INFO,PaymentGateway,Health check passed: PaymentGateway,E102,Health check passed: {service}
79590,2026-01-15,16:34:38,INFO,WebServer,Page view: /home by u1183,E103,Page view: {page} by {user}
79591,2026-01-15,16:35:39,INFO,AuthService,Health check passed: AuthService,E102,Health check passed: {service}
79592,2026-01-15,16:11:53,INFO,WebServer,User u2388 login successful,E101,User {user} login successful
79593,2026-01-15,16:36:08,CRITICAL,WebServer,KERNEL PANIC: Node node-2 crashed,E601,KERNEL PANIC: Node {node} crashed
79594,2026-01-15,16:13:21,ERROR,WebServer,Timeout waiting for lock on InventoryDB,E502,Timeout waiting for lock on {db}
79595,2026-01-15,16:06:55,INFO,WebServer,User u1231 login successful,E101,User {user} login successful
79596,2026-01-15,16:14:56,INFO,WebServer,Page view: /home by u2768,E103,Page view: {page} by {user}
79597,2026-01-15,16:45:18,INFO,WebServer,Health check passed: WebServer,E102,Health check passed: {service}
79598,2026-01-15,16:29:40,INFO,WebServer,Page view: /home by u1547,E103,Page view: {page} by {user}
79599,2026-01-15,16:00:19,INFO,AuthService,Health check passed: AuthService,E102,Health check passed: {service}
79600,2026-01-15,16:59:09,INFO,WebServer,User u2942 login successful,E101,User {user} login successful
79601,2026-01-15,16:06:49,INFO,WebServer,Page view: /home by u3309,E103,Page view: {page} by {user}
79602,2026-01-15,16:33:10,INFO,AuthService,Transaction tx450020 completed in 160ms,E104,Transaction {tx} completed in {time}ms
79603,2026-01-15,16:59:54,INFO,PaymentGateway,Page view: /home by u3904,E103,Page view: {page} by {user}
79604,2026-01-15,16:23:52,INFO,WebServer,Health check passed: WebServer,E102,Health check passed: {service}
79605,2026-01-15,16:16:53,INFO,WebServer,Page view: /home by u2827,E103,Page view: {page} by {user}
79606,2026-01-15,16:53:41,INFO,PaymentGateway,Page view: /home by u2322,E103,Page view: {page} by {user}
79607,2026-01-15,16:23:23,INFO,WebServer,Transaction tx290057 completed in 948ms,E104,Transaction {tx} completed in {time}ms
79608,2026-01-15,16:51:49,INFO,WebServer,Page view: /home by u2550,E103,Page view: {page} by {user}
79609,2026-01-15,16:51:05,INFO,OrderProcessor,Transaction tx706548 completed in 418ms,E104,Transaction {tx} completed in {time}ms
79610,2026-01-15,16:22:06,WARN,WebServer,Unauthorized access attempt from 10.0.0.45,E401,Unauthorized access attempt from {ip}
79611,2026-01-15,16:01:51,WARN,WebServer,Unauthorized access attempt from 10.0.0.10,E401,Unauthorized access attempt from {ip}
79612,2026-01-15,16:56:19,INFO,OrderProcessor,Health check passed: OrderProcessor,E102,Health check passed: {service}
79613,2026-01-15,16:56:33,INFO,AuthService,Transaction tx192948 completed in 551ms,E104,Transaction {tx} completed in {time}ms
79614,2026-01-15,16:46:33,ERROR,OrderProcessor,Payment declined: Gateway unavailable,E503,Payment declined: Gateway unavailable
79615,2026-01-15,16:28:52,INFO,WebServer,Page view: /home by u1973,E103,Page view: {page} by {user}
79616,2026-01-15,16:34:49,INFO,WebServer,Transaction tx609586 completed in 1064ms,E104,Transaction {tx} completed in {time}ms
79617,2026-01-15,16:51:03,INFO,OrderProcessor,User u3304 login successful,E101,User {user} login successful
79618,2026-01-15,16:06:39,INFO,InventoryDB,Health check passed: InventoryDB,E102,Health check passed: {service}
79619,2026-01-15,16:01:58,INFO,WebServer,Transaction tx933598 completed in 1876ms,E104,Transaction {tx} completed in {time}ms
79620,2026-01-15,16:49:34,INFO,WebServer,Health check passed: WebServer,E102,Health check passed: {service}
79621,2026-01-15,16:05:00,INFO,WebServer,User u1089 login successful,E101,User {user} login successful
79622,2026-01-15,16:44:48,INFO,WebServer,User u2700 login successful,E101,User {user} login successful
79623,2026-01-15,16:02:12,INFO,WebServer,Transaction tx279388 completed in 279ms,E104,Transaction {tx} completed in {time}ms
79624,2026-01-15,16:20:21,INFO,InventoryDB,User u1056 login successful,E101,User {user} login successful
79625,2026-01-15,16:11:47,INFO,AuthService,Page view: /home by u4841,E103,Page view: {page} by {user}
79626,2026-01-15,16:55:48,INFO,PaymentGateway,User u1875 login successful,E101,User {user} login successful
79627,2026-01-15,16:45:22,INFO,WebServer,User u4793 login successful,E101,User {user} login successful
79628,2026-01-15,16:05:21,INFO,WebServer,Page view: /home by u4683,E103,Page view: {page} by {user}
79629,2026-01-15,16:07:43,INFO,WebServer,Health check passed: WebServer,E102,Health check passed: {service}
79630,2026-01-15,16:08:18,INFO,WebServer,Transaction tx317451 completed in 34ms,E104,Transaction {tx} completed in {time}ms
79631,2026-01-15,16:02:41,INFO,WebServer,Transaction tx299773 completed in 1290ms,E104,Transaction {tx} completed in {time}ms
79632,2026-01-15,16:07:40,INFO,WebServer,User u4640 login successful,E101,User {user} login successful
79633,2026-01-15,16:24:26,INFO,InventoryDB,Health check passed: InventoryDB,E102,Health check passed: {service}
79634,2026-01-15,16:55:48,INFO,AuthService,Transaction tx426508 completed in 137ms,E104,Transaction {tx} completed in {time}ms
79635,2026-01-15,16:18:42,ERROR,AuthService,Connection refused to AuthService at 10.0.0.45,E501,Connection refused to {service} at {ip}
79636,2026-01-15,16:56:51,INFO,AuthService,Health check passed: AuthService,E102,Health check passed: {service}
79637,2026-01-15,16:04:02,INFO,AuthService,Transaction tx701349 completed in 807ms,E104,Transaction {tx} completed in {time}ms
79638,2026-01-15,16:20:44,WARN,WebServer,High latency (1036ms) detected on WebServer,E201,High latency ({time}ms) detected on {service}
79639,2026-01-15,16:35:29,INFO,WebServer,Health check passed: WebServer,E102,Health check passed: {service}
79640,2026-01-15,16:52:42,INFO,PaymentGateway,Health check passed: PaymentGateway,E102,Health check passed: {service}
79641,2026-01-15,16:01:14,INFO,PaymentGateway,Transaction tx470139 completed in 310ms,E104,Transaction {tx} completed in {time}ms
79642,2026-01-15,16:05:08,INFO,WebServer,Transaction tx294897 completed in 1791ms,E104,Transaction {tx} completed in {time}ms
79643,2026-01-15,16:37:37,INFO,WebServer,Health check passed: WebServer,E102,Health check passed: {service}
79644,2026-01-15,16:48:09,INFO,OrderProcessor,Page view: /home by u1585,E103,Page view: {page} by {user}
79645,2026-01-15,16:29:36,WARN,WebServer,High latency (255ms) detected on WebServer,E201,High latency ({time}ms) detected on {service}
79646,2026-01-15,16:19:29,INFO,WebServer,Transaction tx397922 completed in 1729ms,E104,Transaction {tx} completed in {time}ms
79647,2026-01-15,16:23:19,INFO,OrderProcessor,User u2204 login successful,E101,User {user} login successful
79648,2026-01-15,16:51:49,INFO,PaymentGateway,Page view: /home by u2323,E103,Page view: {page} by {user}
79649,2026-01-15,16:09:41,INFO,WebServer,Page view: /home by u4877,E103,Page view: {page} by {user}
79650,2026-01-15,16:33:31,INFO,AuthService,Page view: /home by u1759,E103,Page view: {page} by {user}
79651,2026-01-15,16:39:11,INFO,PaymentGateway,User u4574 login successful,E101,User {user} login successful
79652,2026-01-15,16:17:08,INFO,WebServer,User u3803 login successful,E101,User {user} login successful
79653,2026-01-15,16:26:37,INFO,WebServer,Transaction tx265975 completed in 1163ms,E104,Transaction {tx} completed in {time}ms
79654,2026-01-15,16:51:15,INFO,AuthService,User u2312 login successful,E101,User {user} login successful
79655,2026-01-15,16:19:50,INFO,WebServer,Transaction tx521582 completed in 682ms,E104,Transaction {tx} completed in {time}ms
79656,2026-01-15,16:53:34,INFO,WebServer,Transaction tx740248 completed in 1426ms,E104,Transaction {tx} completed in {time}ms
79657,2026-01-15,16:25:24,INFO,InventoryDB,User u1702 login successful,E101,User {user} login successful
79658,2026-01-15,16:03:09,INFO,AuthService,Health check passed: AuthService,E102,Health check passed: {service}
79659,2026-01-15,16:34:37,INFO,WebServer,Transaction tx100390 completed in 679ms,E104,Transaction {tx} completed in {time}ms
79660,2026-01-15,16:22:54,INFO,WebServer,User u4427 login successful,E101,User {user} login successful
79661,2026-01-15,16:44:36,INFO,WebServer,Transaction tx734851 completed in 1950ms,E104,Transaction {tx} completed in {time}ms
79662,2026-01-15,16:42:20,INFO,InventoryDB,Page view: /home by u1395,E103,Page view: {page} by {user}
79663,2026-01-15,16:07:52,INFO,PaymentGateway,User u3295 login successful,E101,User {user} login successful
79664,2026-01-15,16:55:52,INFO,WebServer,Health check passed: WebServer,E102,Health check passed: {service}
79665,2026-01-15,16:37:42,INFO,WebServer,Transaction tx428344 completed in 1864ms,E104,Transaction {tx} completed in {time}ms
79666,2026-01-15,16:37:42,INFO,OrderProcessor,Health check passed: OrderProcessor,E102,Health check passed: {service}
79667,2026-01-15,16:17:57,INFO,WebServer,User u1687 login successful,E101,User {user} login successful
79668,2026-01-15,16:46:42,INFO,WebServer,Transaction tx714756 completed in 526ms,E104,Transaction {tx} completed in {time}ms
79669,2026-01-15,16:43:20,INFO,WebServer,Health check passed: WebServer,E102,Health check passed: {service}
79670,2026-01-15,16:14:04,INFO,AuthService,User u4683 login successful,E101,User {user} login successful
79671,2026-01-15,16:30:11,INFO,AuthService,Transaction tx919936 completed in 1084ms,E104,Transaction {tx} completed in {time}ms
79672,2026-01-15,16:46:17,INFO,OrderProcessor,User u3836 login successful,E101,User {user} login successful
79673,2026-01-15,16:57:30,INFO,WebServer,Page view: /home by u2287,E103,Page view: {page} by {user}
79674,2026-01-15,16:53:27,INFO,WebServer,Transaction tx374220 completed in 898ms,E104,Transaction {tx} completed in {time}ms
79675,2026-01-15,16:44:41,WARN,AuthService,Disk usage > 85% on node node-5,E202,Disk usage > 85% on node {node}
79676,2026-01-15,16:53:47,INFO,OrderProcessor,Transaction tx117095 completed in 1213ms,E104,Transaction {tx} completed in {time}ms
79677,2026-01-15,16:55:12,INFO,WebServer,Health check passed: WebServer,E102,Health check passed: {service}
79678,2026-01-15,16:23:26,WARN,WebServer,High latency (1507ms) detected on WebServer,E201,High latency ({time}ms) detected on {service}
79679,2026-01-15,16:03:05,INFO,WebServer,Health check passed: WebServer,E102,Health check passed: {service}
79680,2026-01-15,16:59:28,INFO,OrderProcessor,User u2341 login successful,E101,User {user} login successful
79681,2026-01-15,16:40:13,INFO,WebServer,Page view: /home by u4385,E103,Page view: {page} by {user}
79682,2026-01-15,16:04:28,INFO,AuthService,User u4716 login successful,E101,User {user} login successful
79683,2026-01-15,16:21:27,INFO,OrderProcessor,Page view: /home by u3277,E103,Page view: {page} by {user}
79684,2026-01-15,16:16:06,INFO,WebServer,Transaction tx165625 completed in 753ms,E104,Transaction {tx} completed in {time}ms
79685,2026-01-15,16:15:08,INFO,OrderProcessor,Health check passed: OrderProcessor,E102,Health check passed: {service}
79686,2026-01-15,16:36:53,INFO,InventoryDB,Transaction tx235574 completed in 674ms,E104,Transaction {tx} completed in {time}ms
79687,2026-01-15,16:06:20,WARN,OrderProcessor,Disk usage > 85% on node node-1,E202,Disk usage > 85% on node {node}
79688,2026-01-15,16:40:51,WARN,WebServer,Unauthorized access attempt from 10.0.0.10,E401,Unauthorized access attempt from {ip}
79689,2026-01-15,16:54:10,INFO,PaymentGateway,Page view: /home by u1398,E103,Page view: {page} by {user}
79690,2026-01-15,16:20:27,INFO,WebServer,User u3260 login successful,E101,User {user} login successful
79691,2026-01-15,16:34:14,INFO,WebServer,Transaction tx310798 completed in 582ms,E104,Transaction {tx} completed in {time}ms
79692,2026-01-15,16:55:12,INFO,WebServer,Page view: /home by u4234,E103,Page view: {page} by {user}
79693,2026-01-15,16:51:01,INFO,OrderProcessor,User u2303 login successful,E101,User {user} login successful
79694,2026-01-15,16:42:01,INFO,WebServer,User u2814 login successful,E101,User {user} login successful
79695,2026-01-15,16:52:17,INFO,OrderProcessor,Health check passed: OrderProcessor,E102,Health check passed: {service}
79696,2026-01-15,16:33:49,INFO,AuthService,User u3043 login successful,E101,User {user} login successful
79697,2026-01-15,16:04:36,INFO,WebServer,User u4541 login successful,E101,User {user} login successful
79698,2026-01-15,16:37:10,INFO,AuthService,Page view: /home by u3238,E103,Page view: {page} by {user}
79699,2026-01-15,16:03:19,INFO,WebServer,Transaction tx344587 completed in 1125ms,E104,Transaction {tx} completed in {time}ms
79700,2026-01-15,16:26:52,INFO,WebServer,User u1354 login successful,E101,User {user} login successful
79701,2026-01-15,16:36:19,INFO,WebServer,User u1823 login successful,E101,User {user} login successful
79702,2026-01-15,16:16:45,INFO,WebServer,User u4076 login successful,E101,User {user} login successful
79703,2026-01-15,16:29:28,INFO,WebServer,Health check passed: WebServer,E102,Health check passed: {service}
79704,2026-01-15,16:57:44,INFO,AuthService,Transaction tx314026 completed in 967ms,E104,Transaction {tx} completed in {time}ms
79705,2026-01-15,16:40:52,INFO,WebServer,User u2335 login successful,E101,User {user} login successful
79706,2026-01-15,16:27:25,WARN,WebServer,Unauthorized access attempt from 10.0.0.45,E401,Unauthorized access attempt from {ip}
79707,2026-01-15,16:07:44,INFO,WebServer,Health check passed: WebServer,E102,Health check passed: {service}
79708,2026-01-15,16:45:33,INFO,AuthService,Transaction tx939595 completed in 483ms,E104,Transaction {tx} completed in {time}ms
79709,2026-01-15,16:28:55,INFO,PaymentGateway,Health check passed: PaymentGateway,E102,Health check passed: {service}
79710,2026-01-15,16:00:22,WARN,OrderProcessor,Disk usage > 85% on node node-1,E202,Disk usage > 85% on node {node}
79711,2026-01-15,16:30:45,WARN,WebServer,Unauthorized access attempt from 10.0.0.12,E401,Unauthorized access attempt from {ip}
79712,2026-01-15,16:59:27,INFO,AuthService,Health check passed: AuthService,E102,Health check passed: {service}
79713,2026-01-15,16:41:10,INFO,WebServer,Page view: /home by u1782,E103,Page view: {page} by {user}
79714,2026-01-15,16:23:13,WARN,InventoryDB,Unauthorized access attempt from 10.0.0.88,E401,Unauthorized access attempt from {ip}
79715,2026-01-15,16:31:10,INFO,WebServer,User u1871 login successful,E101,User {user} login successful
79716,2026-01-15,16:33:33,INFO,OrderProcessor,Transaction tx475266 completed in 1618ms,E104,Transaction {tx} completed in {time}ms
79717,2026-01-15,16:03:30,INFO,AuthService,User u1715 login successful,E101,User {user} login successful
79718,2026-01-15,16:24:39,INFO,WebServer,Page view: /home by u2410,E103,Page view: {page} by {user}
79719,2026-01-15,16:50:43,INFO,WebServer,Health check passed: WebServer,E102,Health check passed: {service}
79720,2026-01-15,16:49:12,INFO,WebServer,User u2962 login successful,E101,User {user} login successful
79721,2026-01-15,16:18:30,ERROR,WebServer,Timeout waiting for lock on InventoryDB,E502,Timeout waiting for lock on {db}
79722,2026-01-15,16:49:58,INFO,OrderProcessor,Health check passed: OrderProcessor,E102,Health check passed: {service}
79723,2026-01-15,16:09:49,INFO,WebServer,User u2335 login successful,E101,User {user} login successful
79724,2026-01-15,16:58:25,INFO,OrderProcessor,Page view: /home by u3855,E103,Page view: {page} by {user}
79725,2026-01-15,16:07:41,INFO,AuthService,Health check passed: AuthService,E102,Health check passed: {service}
79726,2026-01-15,16:53:18,INFO,OrderProcessor,Page view: /home by u3447,E103,Page view: {page} by {user}
79727,2026-01-15,16:09:12,INFO,PaymentGateway,Transaction tx621026 completed in 474ms,E104,Transaction {tx} completed in {time}ms
79728,2026-01-15,16:50:22,INFO,WebServer,User u4217 login successful,E101,User {user} login successful
79729,2026-01-15,16:38:08,WARN,OrderProcessor,Unauthorized access attempt from 10.0.0.88,E401,Unauthorized access attempt from {ip}
79730,2026-01-15,16:08:13,INFO,AuthService,Health check passed: AuthService,E102,Health check passed: {service}
79731,2026-01-15,16:07:48,INFO,WebServer,Page view: /home by u4615,E103,Page view: {page} by {user}
79732,2026-01-15,16:51:27,INFO,WebServer,User u1787 login successful,E101,User {user} login successful
79733,2026-01-15,16:11:35,INFO,WebServer,Page view: /home by u2023,E103,Page view: {page} by {user}
79734,2026-01-15,16:45:13,WARN,WebServer,High latency (1015ms) detected on WebServer,E201,High latency ({time}ms) detected on {service}
79735,2026-01-15,16:46:04,INFO,WebServer,Transaction tx192723 completed in 1145ms,E104,Transaction {tx} completed in {time}ms
79736,2026-01-15,16:42:11,INFO,AuthService,Transaction tx147469 completed in 1217ms,E104,Transaction {tx} completed in {time}ms
79737,2026-01-15,16:39:47,INFO,OrderProcessor,Transaction tx287705 completed in 1167ms,E104,Transaction {tx} completed in {time}ms
79738,2026-01-15,16:29:30,INFO,AuthService,Health check passed: AuthService,E102,Health check passed: {service}
79739,2026-01-15,16:14:49,WARN,AuthService,Unauthorized access attempt from 10.0.0.10,E401,Unauthorized access attempt from {ip}
79740,2026-01-15,16:26:43,INFO,AuthService,Page view: /home by u1820,E103,Page view: {page} by {user}
79741,2026-01-15,16:24:56,INFO,PaymentGateway,Transaction tx357645 completed in 1506ms,E104,Transaction {tx} completed in {time}ms
79742,2026-01-15,16:10:44,INFO,AuthService,Transaction tx364249 completed in 531ms,E104,Transaction {tx} completed in {time}ms
79743,2026-01-15,16:09:17,INFO,WebServer,Health check passed: WebServer,E102,Health check passed: {service}
79744,2026-01-15,16:26:18,INFO,WebServer,Transaction tx312647 completed in 169ms,E104,Transaction {tx} completed in {time}ms
79745,2026-01-15,16:35:15,INFO,WebServer,Health check passed: WebServer,E102,Health check passed: {service}
79746,2026-01-15,16:13:55,INFO,PaymentGateway,User u2880 login successful,E101,User {user} login successful
79747,2026-01-15,16:30:29,INFO,PaymentGateway,Health check passed: PaymentGateway,E102,Health check passed: {service}
79748,2026-01-15,16:01:09,INFO,WebServer,Transaction tx350592 completed in 1424ms,E104,Transaction {tx} completed in {time}ms
79749,2026-01-15,16:06:42,INFO,AuthService,User u3002 login successful,E101,User {user} login successful
79750,2026-01-15,16:22:50,INFO,PaymentGateway,Transaction tx397218 completed in 87ms,E104,Transaction {tx} completed in {time}ms
79751,2026-01-15,16:49:49,INFO,WebServer,User u3403 login successful,E101,User {user} login successful
79752,2026-01-15,16:57:09,INFO,AuthService,Transaction tx869244 completed in 311ms,E104,Transaction {tx} completed in {time}ms
79753,2026-01-15,16:58:03,INFO,WebServer,User u4260 login successful,E101,User {user} login successful
79754,2026-01-15,16:43:27,WARN,AuthService,High latency (666ms) detected on AuthService,E201,High latency ({time}ms) detected on {service}
79755,2026-01-15,16:56:36,INFO,WebServer,Health check passed: WebServer,E102,Health check passed: {service}
79756,2026-01-15,16:24:28,INFO,WebServer,User u2236 login successful,E101,User {user} login successful
79757,2026-01-15,16:47:48,INFO,PaymentGateway,Transaction tx112086 completed in 143ms,E104,Transaction {tx} completed in {time}ms
79758,2026-01-15,16:13:13,INFO,WebServer,User u1161 login successful,E101,User {user} login successful
79759,2026-01-15,16:07:08,INFO,WebServer,User u4939 login successful,E101,User {user} login successful
79760,2026-01-15,16:02:30,ERROR,WebServer,Connection refused to WebServer at 10.0.0.45,E501,Connection refused to {service} at {ip}
79761,2026-01-15,16:11:22,INFO,AuthService,Health check passed: AuthService,E102,Health check passed: {service}
79762,2026-01-15,16:31:21,INFO,AuthService,Transaction tx394460 completed in 1367ms,E104,Transaction {tx} completed in {time}ms
79763,2026-01-15,16:48:04,INFO,WebServer,Page view: /home by u4130,E103,Page view: {page} by {user}
79764,2026-01-15,16:57:10,INFO,OrderProcessor,Health check passed: OrderProcessor,E102,Health check passed: {service}
79765,2026-01-15,16:18:45,INFO,WebServer,User u2568 login successful,E101,User {user} login successful
79766,2026-01-15,16:46:10,INFO,WebServer,Page view: /home by u4399,E103,Page view: {page} by {user}
79767,2026-01-15,16:28:34,WARN,InventoryDB,High latency (930ms) detected on InventoryDB,E201,High latency ({time}ms) detected on {service}
79768,2026-01-15,16:37:22,INFO,WebServer,Transaction tx242939 completed in 38ms,E104,Transaction {tx} completed in {time}ms
79769,2026-01-15,16:12:31,INFO,WebServer,User u2565 login successful,E101,User {user} login successful
79770,2026-01-15,16:10:26,INFO,InventoryDB,Page view: /home by u3064,E103,Page view: {page} by {user}
79771,2026-01-15,16:59:07,INFO,WebServer,Page view: /home by u4615,E103,Page view: {page} by {user}
79772,2026-01-15,16:28:33,INFO,WebServer,User u1036 login successful,E101,User {user} login successful
79773,2026-01-15,16:17:23,INFO,PaymentGateway,Health check passed: PaymentGateway,E102,Health check passed: {service}
79774,2026-01-15,16:28:49,INFO,AuthService,Health check passed: AuthService,E102,Health check passed: {service}
79775,2026-01-15,16:50:10,INFO,PaymentGateway,User u3583 login successful,E101,User {user} login successful
79776,2026-01-15,16:47:15,INFO,OrderProcessor,Health check passed: OrderProcessor,E102,Health check passed: {service}
79777,2026-01-15,16:10:22,INFO,OrderProcessor,Page view: /home by u4665,E103,Page view: {page} by {user}
79778,2026-01-15,16:08:17,CRITICAL,WebServer,KERNEL PANIC: Node node-3 crashed,E601,KERNEL PANIC: Node {node} crashed
79779,2026-01-15,16:05:39,INFO,WebServer,Health check passed: WebServer,E102,Health check passed: {service}
79780,2026-01-15,16:18:15,INFO,WebServer,Transaction tx116819 completed in 1398ms,E104,Transaction {tx} completed in {time}ms
79781,2026-01-15,16:33:48,INFO,WebServer,Health check passed: WebServer,E102,Health check passed: {service}
79782,2026-01-15,16:23:49,INFO,PaymentGateway,User u4013 login successful,E101,User {user} login successful
79783,2026-01-15,16:17:30,INFO,WebServer,Health check passed: WebServer,E102,Health check passed: {service}
79784,2026-01-15,16:19:50,WARN,WebServer,Disk usage > 85% on node node-5,E202,Disk usage > 85% on node {node}
79785,2026-01-15,16:15:23,INFO,WebServer,Transaction tx451760 completed in 73ms,E104,Transaction {tx} completed in {time}ms
79786,2026-01-15,16:23:07,INFO,WebServer,Health check passed: WebServer,E102,Health check passed: {service}
79787,2026-01-15,16:27:14,INFO,WebServer,User u4105 login successful,E101,User {user} login successful
79788,2026-01-15,16:00:32,WARN,WebServer,Unauthorized access attempt from 10.0.0.45,E401,Unauthorized access attempt from {ip}
79789,2026-01-15,16:18:43,INFO,WebServer,Transaction tx920773 completed in 284ms,E104,Transaction {tx} completed in {time}ms
79790,2026-01-15,16:57:57,INFO,OrderProcessor,Page view: /home by u4145,E103,Page view: {page} by {user}
79791,2026-01-15,16:58:22,INFO,WebServer,Page view: /home by u2348,E103,Page view: {page} by {user}
79792,2026-01-15,16:35:50,INFO,PaymentGateway,Transaction tx688641 completed in 539ms,E104,Transaction {tx} completed in {time}ms
79793,2026-01-15,16:44:35,WARN,WebServer,Disk usage > 85% on node node-3,E202,Disk usage > 85% on node {node}
79794,2026-01-15,16:27:03,INFO,WebServer,Health check passed: WebServer,E102,Health check passed: {service}
79795,2026-01-15,16:06:12,INFO,WebServer,Health check passed: WebServer,E102,Health check passed: {service}
79796,2026-01-15,16:42:17,INFO,WebServer,Transaction tx945074 completed in 1947ms,E104,Transaction {tx} completed in {time}ms
79797,2026-01-15,16:08:51,INFO,AuthService,Transaction tx897978 completed in 1852ms,E104,Transaction {tx} completed in {time}ms
79798,2026-01-15,16:23:30,INFO,WebServer,Page view: /home by u4474,E103,Page view: {page} by {user}
79799,2026-01-15,16:53:51,INFO,OrderProcessor,User u3702 login successful,E101,User {user} login successful
79800,2026-01-15,16:40:29,INFO,WebServer,Page view: /home by u4685,E103,Page view: {page} by {user}
79801,2026-01-15,16:12:14,INFO,WebServer,User u3339 login successful,E101,User {user} login successful
79802,2026-01-15,16:46:30,INFO,AuthService,Page view: /home by u2979,E103,Page view: {page} by {user}
79803,2026-01-15,16:03:38,INFO,AuthService,Transaction tx723134 completed in 986ms,E104,Transaction {tx} completed in {time}ms
79804,2026-01-15,16:22:40,INFO,WebServer,Health check passed: WebServer,E102,Health check passed: {service}
79805,2026-01-15,16:27:31,INFO,WebServer,Health check passed: WebServer,E102,Health check passed: {service}
79806,2026-01-15,16:01:03,INFO,PaymentGateway,User u2698 login successful,E101,User {user} login successful
79807,2026-01-15,16:19:00,INFO,PaymentGateway,Transaction tx171566 completed in 859ms,E104,Transaction {tx} completed in {time}ms
79808,2026-01-15,16:18:42,WARN,WebServer,Disk usage > 85% on node node-3,E202,Disk usage > 85% on node {node}
79809,2026-01-15,16:34:33,INFO,WebServer,User u4339 login successful,E101,User {user} login successful
79810,2026-01-15,16:19:47,INFO,AuthService,Health check passed: AuthService,E102,Health check passed: {service}
79811,2026-01-15,16:07:58,INFO,WebServer,Transaction tx136163 completed in 592ms,E104,Transaction {tx} completed in {time}ms
79812,2026-01-15,16:55:57,INFO,WebServer,User u2855 login successful,E101,User {user} login successful
79813,2026-01-15,16:23:11,INFO,PaymentGateway,Page view: /home by u1663,E103,Page view: {page} by {user}
79814,2026-01-15,16:42:04,INFO,AuthService,Transaction tx281711 completed in 389ms,E104,Transaction {tx} completed in {time}ms
79815,2026-01-15,16:16:18,INFO,AuthService,Transaction tx245362 completed in 330ms,E104,Transaction {tx} completed in {time}ms
79816,2026-01-15,16:14:14,INFO,WebServer,Page view: /home by u4799,E103,Page view: {page} by {user}
79817,2026-01-15,16:20:15,INFO,OrderProcessor,User u1458 login successful,E101,User {user} login successful
79818,2026-01-15,16:37:43,INFO,WebServer,Page view: /home by u1477,E103,Page view: {page} by {user}
79819,2026-01-15,16:24:42,INFO,WebServer,User u2679 login successful,E101,User {user} login successful
79820,2026-01-15,16:19:45,INFO,AuthService,Transaction tx523244 completed in 1790ms,E104,Transaction {tx} completed in {time}ms
79821,2026-01-15,16:30:17,INFO,InventoryDB,Health check passed: InventoryDB,E102,Health check passed: {service}
79822,2026-01-15,16:21:17,INFO,AuthService,Page view: /home by u1795,E103,Page view: {page} by {user}
79823,2026-01-15,16:02:57,INFO,WebServer,Transaction tx134857 completed in 994ms,E104,Transaction {tx} completed in {time}ms
79824,2026-01-15,16:10:38,INFO,OrderProcessor,Page view: /home by u1876,E103,Page view: {page} by {user}
79825,2026-01-15,16:06:37,INFO,WebServer,User u4398 login successful,E101,User {user} login successful
79826,2026-01-15,16:48:08,INFO,WebServer,Page view: /home by u2678,E103,Page view: {page} by {user}
79827,2026-01-15,16:30:21,INFO,WebServer,User u4683 login successful,E101,User {user} login successful
79828,2026-01-15,16:06:05,INFO,WebServer,Page view: /home by u3101,E103,Page view: {page} by {user}
79829,2026-01-15,16:35:23,INFO,WebServer,User u3459 login successful,E101,User {user} login successful
79830,2026-01-15,16:03:55,INFO,PaymentGateway,Health check passed: PaymentGateway,E102,Health check passed: {service}
79831,2026-01-15,16:12:45,INFO,AuthService,Page view: /home by u3197,E103,Page view: {page} by {user}
79832,2026-01-15,16:04:28,WARN,OrderProcessor,Unauthorized access attempt from 10.0.0.12,E401,Unauthorized access attempt from {ip}
79833,2026-01-15,16:53:15,INFO,WebServer,Health check passed: WebServer,E102,Health check passed: {service}
79834,2026-01-15,16:40:19,INFO,WebServer,Page view: /home by u1004,E103,Page view: {page} by {user}
79835,2026-01-15,16:18:40,INFO,WebServer,Page view: /home by u2961,E103,Page view: {page} by {user}
79836,2026-01-15,16:03:28,INFO,WebServer,Health check passed: WebServer,E102,Health check passed: {service}
79837,2026-01-15,16:54:45,INFO,WebServer,User u1008 login successful,E101,User {user} login successful
79838,2026-01-15,16:38:50,INFO,AuthService,Page view: /home by u1317,E103,Page view: {page} by {user}
79839,2026-01-15,16:10:16,INFO,PaymentGateway,Page view: /home by u2173,E103,Page view: {page} by {user}
79840,2026-01-15,16:37:04,INFO,AuthService,User u1637 login successful,E101,User {user} login successful
79841,2026-01-15,16:09:59,INFO,WebServer,Transaction tx241781 completed in 263ms,E104,Transaction {tx} completed in {time}ms
79842,2026-01-15,16:56:38,INFO,WebServer,Transaction tx277114 completed in 810ms,E104,Transaction {tx} completed in {time}ms
79843,2026-01-15,16:34:32,INFO,AuthService,Transaction tx704625 completed in 524ms,E104,Transaction {tx} completed in {time}ms
79844,2026-01-15,16:49:27,WARN,OrderProcessor,Disk usage > 85% on node node-1,E202,Disk usage > 85% on node {node}
79845,2026-01-15,16:43:25,INFO,AuthService,User u2105 login successful,E101,User {user} login successful
79846,2026-01-15,16:49:19,INFO,WebServer,Health check passed: WebServer,E102,Health check passed: {service}
79847,2026-01-15,16:36:14,INFO,WebServer,Transaction tx843311 completed in 1636ms,E104,Transaction {tx} completed in {time}ms
79848,2026-01-15,16:30:08,INFO,WebServer,Page view: /home by u3320,E103,Page view: {page} by {user}
79849,2026-01-15,16:42:36,INFO,AuthService,Health check passed: AuthService,E102,Health check passed: {service}
79850,2026-01-15,16:06:53,WARN,WebServer,Disk usage > 85% on node node-3,E202,Disk usage > 85% on node {node}
79851,2026-01-15,16:09:03,INFO,WebServer,Page view: /home by u3058,E103,Page view: {page} by {user}
79852,2026-01-15,16:49:52,INFO,WebServer,Transaction tx552758 completed in 1920ms,E104,Transaction {tx} completed in {time}ms
79853,2026-01-15,16:51:23,INFO,WebServer,User u2038 login successful,E101,User {user} login successful
79854,2026-01-15,16:50:22,INFO,WebServer,Health check passed: WebServer,E102,Health check passed: {service}
79855,2026-01-15,16:45:01,INFO,WebServer,Transaction tx955206 completed in 1958ms,E104,Transaction {tx} completed in {time}ms
79856,2026-01-15,16:30:31,INFO,WebServer,User u4058 login successful,E101,User {user} login successful
79857,2026-01-15,16:33:22,INFO,AuthService,Page view: /home by u4678,E103,Page view: {page} by {user}
79858,2026-01-15,16:55:46,INFO,OrderProcessor,User u4975 login successful,E101,User {user} login successful
79859,2026-01-15,16:54:58,INFO,WebServer,Transaction tx440143 completed in 1321ms,E104,Transaction {tx} completed in {time}ms
79860,2026-01-15,16:14:17,WARN,InventoryDB,Unauthorized access attempt from 10.0.0.12,E401,Unauthorized access attempt from {ip}
79861,2026-01-15,16:03:06,INFO,OrderProcessor,Health check passed: OrderProcessor,E102,Health check passed: {service}
79862,2026-01-15,16:00:10,INFO,WebServer,Transaction tx616065 completed in 251ms,E104,Transaction {tx} completed in {time}ms
79863,2026-01-15,16:33:47,INFO,AuthService,Page view: /home by u1323,E103,Page view: {page} by {user}
79864,2026-01-15,16:35:21,INFO,WebServer,User u3182 login successful,E101,User {user} login successful
79865,2026-01-15,16:50:28,INFO,InventoryDB,Page view: /home by u4423,E103,Page view: {page} by {user}
79866,2026-01-15,16:29:14,INFO,WebServer,Health check passed: WebServer,E102,Health check passed: {service}
79867,2026-01-15,16:02:46,INFO,WebServer,Health check passed: WebServer,E102,Health check passed: {service}
79868,2026-01-15,16:26:10,INFO,WebServer,Health check passed: WebServer,E102,Health check passed: {service}
79869,2026-01-15,16:25:42,WARN,AuthService,Unauthorized access attempt from 192.168.1.5,E401,Unauthorized access attempt from {ip}
79870,2026-01-15,16:35:38,INFO,InventoryDB,Health check passed: InventoryDB,E102,Health check passed: {service}
79871,2026-01-15,16:02:37,INFO,PaymentGateway,Page view: /home by u1953,E103,Page view: {page} by {user}
79872,2026-01-15,16:54:22,INFO,AuthService,Health check passed: AuthService,E102,Health check passed: {service}
79873,2026-01-15,16:57:18,INFO,OrderProcessor,User u4261 login successful,E101,User {user} login successful
79874,2026-01-15,16:23:34,INFO,OrderProcessor,Health check passed: OrderProcessor,E102,Health check passed: {service}
79875,2026-01-15,16:28:04,INFO,InventoryDB,Page view: /home by u2031,E103,Page view: {page} by {user}
79876,2026-01-15,16:28:17,INFO,WebServer,User u1634 login successful,E101,User {user} login successful
79877,2026-01-15,16:00:31,INFO,WebServer,Transaction tx121611 completed in 109ms,E104,Transaction {tx} completed in {time}ms
79878,2026-01-15,16:07:09,INFO,InventoryDB,Health check passed: InventoryDB,E102,Health check passed: {service}
79879,2026-01-15,16:49:22,INFO,AuthService,Health check passed: AuthService,E102,Health check passed: {service}
79880,2026-01-15,16:01:42,INFO,PaymentGateway,Transaction tx511271 completed in 748ms,E104,Transaction {tx} completed in {time}ms
79881,2026-01-15,16:42:48,INFO,InventoryDB,User u3531 login successful,E101,User {user} login successful
79882,2026-01-15,16:31:05,INFO,AuthService,User u4529 login successful,E101,User {user} login successful
79883,2026-01-15,16:26:24,INFO,WebServer,Health check passed: WebServer,E102,Health check passed: {service}
79884,2026-01-15,16:00:56,INFO,OrderProcessor,Transaction tx110520 completed in 1076ms,E104,Transaction {tx} completed in {time}ms
79885,2026-01-15,16:55:56,INFO,WebServer,User u4277 login successful,E101,User {user} login successful
79886,2026-01-15,16:35:51,INFO,WebServer,Health check passed: WebServer,E102,Health check passed: {service}
79887,2026-01-15,16:47:59,INFO,WebServer,Health check passed: WebServer,E102,Health check passed: {service}
79888,2026-01-15,16:18:05,INFO,AuthService,Health check passed: AuthService,E102,Health check passed: {service}
79889,2026-01-15,16:04:30,INFO,InventoryDB,User u4358 login successful,E101,User {user} login successful
79890,2026-01-15,16:05:44,INFO,WebServer,Health check passed: WebServer,E102,Health check passed: {service}
79891,2026-01-15,16:48:06,INFO,PaymentGateway,Health check passed: PaymentGateway,E102,Health check passed: {service}
79892,2026-01-15,16:29:14,INFO,InventoryDB,Page view: /home by u1915,E103,Page view: {page} by {user}
79893,2026-01-15,16:48:23,INFO,PaymentGateway,Health check passed: PaymentGateway,E102,Health check passed: {service}
79894,2026-01-15,16:45:10,INFO,WebServer,Transaction tx153835 completed in 239ms,E104,Transaction {tx} completed in {time}ms
79895,2026-01-15,16:54:20,INFO,WebServer,Page view: /home by u1078,E103,Page view: {page} by {user}
79896,2026-01-15,16:03:58,INFO,WebServer,User u2645 login successful,E101,User {user} login successful
79897,2026-01-15,16:54:35,INFO,InventoryDB,Page view: /home by u1470,E103,Page view: {page} by {user}
79898,2026-01-15,16:03:15,INFO,WebServer,User u4699 login successful,E101,User {user} login successful
79899,2026-01-15,16:50:23,INFO,OrderProcessor,Page view: /home by u1742,E103,Page view: {page} by {user}
79900,2026-01-15,16:29:40,INFO,OrderProcessor,Transaction tx610412 completed in 1375ms,E104,Transaction {tx} completed in {time}ms
79901,2026-01-15,16:30:22,INFO,InventoryDB,User u2711 login successful,E101,User {user} login successful
79902,2026-01-15,16:37:14,INFO,WebServer,User u3516 login successful,E101,User {user} login successful
79903,2026-01-15,16:55:38,INFO,AuthService,Page view: /home by u3295,E103,Page view: {page} by {user}
79904,2026-01-15,16:03:16,INFO,AuthService,Health check passed: AuthService,E102,Health check passed: {service}
79905,2026-01-15,16:44:24,INFO,WebServer,User u3959 login successful,E101,User {user} login successful
79906,2026-01-15,16:46:08,INFO,AuthService,User u1642 login successful,E101,User {user} login successful
79907,2026-01-15,16:30:28,INFO,InventoryDB,Transaction tx345865 completed in 1012ms,E104,Transaction {tx} completed in {time}ms
79908,2026-01-15,16:30:58,INFO,PaymentGateway,Health check passed: PaymentGateway,E102,Health check passed: {service}
79909,2026-01-15,16:20:09,WARN,AuthService,Unauthorized access attempt from 10.0.0.88,E401,Unauthorized access attempt from {ip}
79910,2026-01-15,16:57:15,INFO,PaymentGateway,Transaction tx991719 completed in 1245ms,E104,Transaction {tx} completed in {time}ms
79911,2026-01-15,16:40:30,INFO,WebServer,Page view: /home by u2115,E103,Page view: {page} by {user}
79912,2026-01-15,16:16:01,INFO,WebServer,User u3002 login successful,E101,User {user} login successful
79913,2026-01-15,16:04:35,INFO,PaymentGateway,Page view: /home by u4462,E103,Page view: {page} by {user}
79914,2026-01-15,16:01:10,INFO,WebServer,Page view: /home by u2853,E103,Page view: {page} by {user}
79915,2026-01-15,16:18:12,INFO,AuthService,Page view: /home by u3576,E103,Page view: {page} by {user}
79916,2026-01-15,16:20:46,ERROR,WebServer,Connection refused to WebServer at 10.0.0.45,E501,Connection refused to {service} at {ip}
79917,2026-01-15,16:05:44,INFO,AuthService,Transaction tx864579 completed in 1241ms,E104,Transaction {tx} completed in {time}ms
79918,2026-01-15,16:50:58,INFO,AuthService,Transaction tx448362 completed in 1253ms,E104,Transaction {tx} completed in {time}ms
79919,2026-01-15,16:44:59,INFO,AuthService,Page view: /home by u1681,E103,Page view: {page} by {user}
79920,2026-01-15,16:12:40,INFO,WebServer,Health check passed: WebServer,E102,Health check passed: {service}
79921,2026-01-15,16:08:50,INFO,WebServer,Page view: /home by u3897,E103,Page view: {page} by {user}
79922,2026-01-15,16:25:10,INFO,WebServer,User u3996 login successful,E101,User {user} login successful
79923,2026-01-15,16:35:54,INFO,InventoryDB,User u2760 login successful,E101,User {user} login successful
79924,2026-01-15,16:51:21,INFO,WebServer,Page view: /home by u2903,E103,Page view: {page} by {user}
79925,2026-01-15,16:51:06,WARN,AuthService,Disk usage > 85% on node node-2,E202,Disk usage > 85% on node {node}
79926,2026-01-15,16:59:15,INFO,WebServer,User u4744 login successful,E101,User {user} login successful
79927,2026-01-15,16:46:19,INFO,PaymentGateway,Health check passed: PaymentGateway,E102,Health check passed: {service}
79928,2026-01-15,16:55:55,INFO,AuthService,Page view: /home by u2427,E103,Page view: {page} by {user}
79929,2026-01-15,16:34:14,INFO,WebServer,Transaction tx614224 completed in 487ms,E104,Transaction {tx} completed in {time}ms
79930,2026-01-15,16:35:25,INFO,WebServer,Transaction tx313611 completed in 1596ms,E104,Transaction {tx} completed in {time}ms
79931,2026-01-15,16:00:06,INFO,WebServer,Health check passed: WebServer,E102,Health check passed: {service}
79932,2026-01-15,16:10:15,INFO,WebServer,User u1180 login successful,E101,User {user} login successful
79933,2026-01-15,16:26:34,INFO,AuthService,Transaction tx602118 completed in 1698ms,E104,Transaction {tx} completed in {time}ms
79934,2026-01-15,16:04:18,INFO,AuthService,Page view: /home by u4048,E103,Page view: {page} by {user}
79935,2026-01-15,16:15:32,INFO,AuthService,User u1142 login successful,E101,User {user} login successful
79936,2026-01-15,16:11:37,INFO,OrderProcessor,Transaction tx274437 completed in 576ms,E104,Transaction {tx} completed in {time}ms
79937,2026-01-15,16:49:24,INFO,OrderProcessor,User u2905 login successful,E101,User {user} login successful
79938,2026-01-15,16:08:40,INFO,WebServer,Health check passed: WebServer,E102,Health check passed: {service}
79939,2026-01-15,16:13:54,INFO,WebServer,Transaction tx838738 completed in 1837ms,E104,Transaction {tx} completed in {time}ms
79940,2026-01-15,16:06:48,INFO,PaymentGateway,Page view: /home by u4905,E103,Page view: {page} by {user}
79941,2026-01-15,16:33:12,INFO,PaymentGateway,Transaction tx873998 completed in 364ms,E104,Transaction {tx} completed in {time}ms
79942,2026-01-15,16:46:02,INFO,AuthService,User u1464 login successful,E101,User {user} login successful
79943,2026-01-15,16:05:50,INFO,WebServer,Transaction tx513054 completed in 1327ms,E104,Transaction {tx} completed in {time}ms
79944,2026-01-15,16:12:32,INFO,AuthService,Health check passed: AuthService,E102,Health check passed: {service}
79945,2026-01-15,16:27:21,INFO,OrderProcessor,Page view: /home by u1487,E103,Page view: {page} by {user}
79946,2026-01-15,16:16:06,INFO,WebServer,User u3156 login successful,E101,User {user} login successful
79947,2026-01-15,16:07:38,INFO,PaymentGateway,Health check passed: PaymentGateway,E102,Health check passed: {service}
79948,2026-01-15,16:30:22,INFO,WebServer,Transaction tx431399 completed in 602ms,E104,Transaction {tx} completed in {time}ms
79949,2026-01-15,16:55:57,INFO,AuthService,Transaction tx783713 completed in 1230ms,E104,Transaction {tx} completed in {time}ms
79950,2026-01-15,16:54:48,INFO,WebServer,Transaction tx187552 completed in 1390ms,E104,Transaction {tx} completed in {time}ms
79951,2026-01-15,16:51:44,INFO,PaymentGateway,User u4890 login successful,E101,User {user} login successful
79952,2026-01-15,16:26:38,INFO,WebServer,Page view: /home by u2064,E103,Page view: {page} by {user}
79953,2026-01-15,16:28:29,INFO,WebServer,Health check passed: WebServer,E102,Health check passed: {service}
79954,2026-01-15,16:08:23,INFO,WebServer,User u3672 login successful,E101,User {user} login successful
79955,2026-01-15,16:14:31,INFO,WebServer,Health check passed: WebServer,E102,Health check passed: {service}
79956,2026-01-15,16:02:23,INFO,WebServer,Transaction tx535426 completed in 194ms,E104,Transaction {tx} completed in {time}ms
79957,2026-01-15,16:11:40,INFO,WebServer,User u4104 login successful,E101,User {user} login successful
79958,2026-01-15,16:14:02,INFO,AuthService,Transaction tx700869 completed in 68ms,E104,Transaction {tx} completed in {time}ms
79959,2026-01-15,16:25:42,INFO,WebServer,Transaction tx368716 completed in 1363ms,E104,Transaction {tx} completed in {time}ms
79960,2026-01-15,16:53:39,INFO,OrderProcessor,Page view: /home by u2824,E103,Page view: {page} by {user}
79961,2026-01-15,16:35:02,INFO,PaymentGateway,Transaction tx147662 completed in 1500ms,E104,Transaction {tx} completed in {time}ms
79962,2026-01-15,16:46:57,INFO,WebServer,User u3032 login successful,E101,User {user} login successful
79963,2026-01-15,16:44:52,INFO,WebServer,Transaction tx652581 completed in 326ms,E104,Transaction {tx} completed in {time}ms
79964,2026-01-15,16:13:18,INFO,WebServer,Health check passed: WebServer,E102,Health check passed: {service}
79965,2026-01-15,16:10:39,INFO,WebServer,User u4608 login successful,E101,User {user} login successful
79966,2026-01-15,16:43:26,INFO,WebServer,User u2791 login successful,E101,User {user} login successful
79967,2026-01-15,16:13:19,WARN,AuthService,Disk usage > 85% on node node-5,E202,Disk usage > 85% on node {node}
79968,2026-01-15,16:57:00,INFO,AuthService,Transaction tx585405 completed in 1933ms,E104,Transaction {tx} completed in {time}ms
79969,2026-01-15,16:58:50,INFO,AuthService,Health check passed: AuthService,E102,Health check passed: {service}
79970,2026-01-15,16:15:56,INFO,WebServer,Transaction tx126466 completed in 349ms,E104,Transaction {tx} completed in {time}ms
79971,2026-01-15,16:36:46,INFO,OrderProcessor,User u1503 login successful,E101,User {user} login successful
79972,2026-01-15,16:21:46,INFO,WebServer,Transaction tx823268 completed in 674ms,E104,Transaction {tx} completed in {time}ms
79973,2026-01-15,16:11:06,INFO,InventoryDB,Transaction tx380356 completed in 1704ms,E104,Transaction {tx} completed in {time}ms
79974,2026-01-15,16:21:07,INFO,AuthService,User u3007 login successful,E101,User {user} login successful
79975,2026-01-15,16:15:25,INFO,OrderProcessor,Transaction tx260847 completed in 1584ms,E104,Transaction {tx} completed in {time}ms
79976,2026-01-15,16:26:35,INFO,WebServer,User u3459 login successful,E101,User {user} login successful
79977,2026-01-15,16:26:15,INFO,WebServer,User u4718 login successful,E101,User {user} login successful
79978,2026-01-15,16:46:10,INFO,AuthService,Health check passed: AuthService,E102,Health check passed: {service}
79979,2026-01-15,16:55:48,INFO,AuthService,Health check passed: AuthService,E102,Health check passed: {service}
79980,2026-01-15,16:23:21,INFO,InventoryDB,Health check passed: InventoryDB,E102,Health check passed: {service}
79981,2026-01-15,16:04:23,ERROR,WebServer,Connection refused to WebServer at 10.0.0.99,E501,Connection refused to {service} at {ip}
79982,2026-01-15,16:48:16,INFO,WebServer,User u2586 login successful,E101,User {user} login successful
79983,2026-01-15,16:09:22,INFO,WebServer,Transaction tx123618 completed in 841ms,E104,Transaction {tx} completed in {time}ms
79984,2026-01-15,16:25:44,INFO,OrderProcessor,Health check passed: OrderProcessor,E102,Health check passed: {service}
79985,2026-01-15,16:00:45,INFO,AuthService,Page view: /home by u4655,E103,Page view: {page} by {user}
79986,2026-01-15,16:30:34,INFO,PaymentGateway,User u4133 login successful,E101,User {user} login successful
79987,2026-01-15,16:27:25,INFO,AuthService,User u4153 login successful,E101,User {user} login successful
79988,2026-01-15,16:02:26,INFO,PaymentGateway,Health check passed: PaymentGateway,E102,Health check passed: {service}
79989,2026-01-15,16:27:06,INFO,AuthService,User u4134 login successful,E101,User {user} login successful
79990,2026-01-15,16:10:09,INFO,OrderProcessor,Transaction tx414184 completed in 1148ms,E104,Transaction {tx} completed in {time}ms
79991,2026-01-15,16:18:06,INFO,OrderProcessor,Transaction tx714710 completed in 1621ms,E104,Transaction {tx} completed in {time}ms
79992,2026-01-15,16:59:37,INFO,WebServer,Page view: /home by u1347,E103,Page view: {page} by {user}
79993,2026-01-15,16:09:10,INFO,WebServer,User u4310 login successful,E101,User {user} login successful
79994,2026-01-15,16:44:00,INFO,WebServer,Page view: /home by u3093,E103,Page view: {page} by {user}
79995,2026-01-15,16:11:58,INFO,WebServer,Page view: /home by u1560,E103,Page view: {page} by {user}
79996,2026-01-15,16:42:07,INFO,WebServer,Health check passed: WebServer,E102,Health check passed: {service}
79997,2026-01-15,16:28:23,INFO,OrderProcessor,User u3355 login successful,E101,User {user} login successful
79998,2026-01-15,16:36:22,INFO,WebServer,Health check passed: WebServer,E102,Health check passed: {service}
79999,2026-01-15,16:49:58,WARN,WebServer,High latency (897ms) detected on WebServer,E201,High latency ({time}ms) detected on {service}
80000,2026-01-15,16:32:38,INFO,PaymentGateway,Health check passed: PaymentGateway,E102,Health check passed: {service}
80001,2026-01-15,16:49:45,INFO,AuthService,User u4570 login successful,E101,User {user} login successful
80002,2026-01-15,16:37:43,INFO,WebServer,Health check passed: WebServer,E102,Health check passed: {service}
80003,2026-01-15,16:35:44,INFO,OrderProcessor,Health check passed: OrderProcessor,E102,Health check passed: {service}
80004,2026-01-15,16:50:07,INFO,AuthService,User u4900 login successful,E101,User {user} login successful
80005,2026-01-15,16:32:47,INFO,AuthService,User u3570 login successful,E101,User {user} login successful
80006,2026-01-15,16:07:47,INFO,WebServer,Page view: /home by u2604,E103,Page view: {page} by {user}
80007,2026-01-15,16:34:21,INFO,InventoryDB,Transaction tx494527 completed in 97ms,E104,Transaction {tx} completed in {time}ms
80008,2026-01-15,16:51:45,INFO,WebServer,User u1274 login successful,E101,User {user} login successful
80009,2026-01-15,16:09:02,INFO,WebServer,User u2435 login successful,E101,User {user} login successful
80010,2026-01-15,16:37:39,INFO,WebServer,Health check passed: WebServer,E102,Health check passed: {service}
80011,2026-01-15,16:33:08,INFO,WebServer,User u3118 login successful,E101,User {user} login successful
80012,2026-01-15,16:49:34,INFO,InventoryDB,User u1071 login successful,E101,User {user} login successful
80013,2026-01-15,16:48:19,INFO,AuthService,Page view: /home by u3840,E103,Page view: {page} by {user}
80014,2026-01-15,16:36:56,INFO,OrderProcessor,Transaction tx395109 completed in 1248ms,E104,Transaction {tx} completed in {time}ms
80015,2026-01-15,16:26:16,INFO,WebServer,User u3738 login successful,E101,User {user} login successful
80016,2026-01-15,16:14:00,INFO,WebServer,User u1723 login successful,E101,User {user} login successful
80017,2026-01-15,16:49:47,INFO,AuthService,User u4575 login successful,E101,User {user} login successful
80018,2026-01-15,16:54:10,INFO,WebServer,User u3590 login successful,E101,User {user} login successful
80019,2026-01-15,16:41:12,INFO,AuthService,Health check passed: AuthService,E102,Health check passed: {service}
80020,2026-01-15,16:27:37,INFO,OrderProcessor,Page view: /home by u3061,E103,Page view: {page} by {user}
80021,2026-01-15,16:22:04,INFO,OrderProcessor,Transaction tx918582 completed in 515ms,E104,Transaction {tx} completed in {time}ms
80022,2026-01-15,16:34:46,INFO,WebServer,Page view: /home by u2310,E103,Page view: {page} by {user}
80023,2026-01-15,16:49:45,INFO,OrderProcessor,Page view: /home by u3028,E103,Page view: {page} by {user}
80024,2026-01-15,16:43:34,INFO,AuthService,Health check passed: AuthService,E102,Health check passed: {service}
80025,2026-01-15,16:24:54,INFO,AuthService,User u2208 login successful,E101,User {user} login successful
80026,2026-01-15,16:40:35,INFO,WebServer,User u4787 login successful,E101,User {user} login successful
80027,2026-01-15,16:44:20,INFO,AuthService,User u4874 login successful,E101,User {user} login successful
80028,2026-01-15,16:08:46,INFO,WebServer,Transaction tx183171 completed in 635ms,E104,Transaction {tx} completed in {time}ms
80029,2026-01-15,16:10:24,INFO,WebServer,Page view: /home by u4854,E103,Page view: {page} by {user}
80030,2026-01-15,16:20:07,INFO,WebServer,Transaction tx307651 completed in 532ms,E104,Transaction {tx} completed in {time}ms
80031,2026-01-15,16:36:46,INFO,AuthService,Page view: /home by u2618,E103,Page view: {page} by {user}
80032,2026-01-15,16:42:46,INFO,AuthService,Page view: /home by u3236,E103,Page view: {page} by {user}
80033,2026-01-15,16:27:16,INFO,OrderProcessor,Health check passed: OrderProcessor,E102,Health check passed: {service}
80034,2026-01-15,16:29:53,INFO,WebServer,Health check passed: WebServer,E102,Health check passed: {service}
80035,2026-01-15,16:25:34,INFO,OrderProcessor,User u2966 login successful,E101,User {user} login successful
80036,2026-01-15,16:17:52,INFO,WebServer,User u4035 login successful,E101,User {user} login successful
80037,2026-01-15,16:56:02,INFO,OrderProcessor,Page view: /home by u1318,E103,Page view: {page} by {user}
80038,2026-01-15,16:08:53,INFO,WebServer,Health check passed: WebServer,E102,Health check passed: {service}
80039,2026-01-15,16:52:50,INFO,AuthService,Page view: /home by u3789,E103,Page view: {page} by {user}
80040,2026-01-15,16:22:15,INFO,AuthService,Page view: /home by u1099,E103,Page view: {page} by {user}
80041,2026-01-15,16:16:41,INFO,AuthService,Page view: /home by u2125,E103,Page view: {page} by {user}
80042,2026-01-15,16:08:34,INFO,WebServer,Transaction tx721866 completed in 66ms,E104,Transaction {tx} completed in {time}ms
80043,2026-01-15,16:35:28,INFO,WebServer,Page view: /home by u2805,E103,Page view: {page} by {user}
80044,2026-01-15,16:36:57,INFO,WebServer,Page view: /home by u3564,E103,Page view: {page} by {user}
80045,2026-01-15,16:04:11,INFO,WebServer,User u2279 login successful,E101,User {user} login successful
80046,2026-01-15,16:18:13,INFO,PaymentGateway,Transaction tx345246 completed in 699ms,E104,Transaction {tx} completed in {time}ms
80047,2026-01-15,16:32:45,WARN,OrderProcessor,Disk usage > 85% on node node-1,E202,Disk usage > 85% on node {node}
80048,2026-01-15,16:37:57,INFO,WebServer,Transaction tx678960 completed in 610ms,E104,Transaction {tx} completed in {time}ms
80049,2026-01-15,16:25:46,INFO,WebServer,User u2998 login successful,E101,User {user} login successful
80050,2026-01-15,16:59:16,INFO,WebServer,User u3980 login successful,E101,User {user} login successful
80051,2026-01-15,16:11:43,INFO,WebServer,Health check passed: WebServer,E102,Health check passed: {service}
80052,2026-01-15,16:58:48,INFO,WebServer,Health check passed: WebServer,E102,Health check passed: {service}
80053,2026-01-15,16:25:34,INFO,WebServer,Health check passed: WebServer,E102,Health check passed: {service}
80054,2026-01-15,16:48:56,INFO,PaymentGateway,Health check passed: PaymentGateway,E102,Health check passed: {service}
80055,2026-01-15,16:54:13,INFO,AuthService,User u1853 login successful,E101,User {user} login successful
80056,2026-01-15,16:36:28,INFO,OrderProcessor,User u4063 login successful,E101,User {user} login successful
80057,2026-01-15,16:07:55,INFO,InventoryDB,Transaction tx414515 completed in 1492ms,E104,Transaction {tx} completed in {time}ms
80058,2026-01-15,16:08:26,INFO,InventoryDB,Page view: /home by u1741,E103,Page view: {page} by {user}
80059,2026-01-15,16:27:29,INFO,WebServer,Health check passed: WebServer,E102,Health check passed: {service}
80060,2026-01-15,16:58:25,INFO,WebServer,Transaction tx810555 completed in 559ms,E104,Transaction {tx} completed in {time}ms
80061,2026-01-15,16:00:47,INFO,WebServer,Page view: /home by u4511,E103,Page view: {page} by {user}
80062,2026-01-15,16:23:00,INFO,OrderProcessor,User u4102 login successful,E101,User {user} login successful
80063,2026-01-15,16:10:26,INFO,PaymentGateway,Page view: /home by u2335,E103,Page view: {page} by {user}
80064,2026-01-15,16:06:54,INFO,AuthService,Transaction tx240251 completed in 921ms,E104,Transaction {tx} completed in {time}ms
80065,2026-01-15,16:52:25,INFO,AuthService,Health check passed: AuthService,E102,Health check passed: {service}
80066,2026-01-15,16:31:16,INFO,WebServer,Transaction tx229966 completed in 147ms,E104,Transaction {tx} completed in {time}ms
80067,2026-01-15,16:21:03,WARN,WebServer,Unauthorized access attempt from 10.0.0.88,E401,Unauthorized access attempt from {ip}
80068,2026-01-15,16:07:31,INFO,PaymentGateway,User u3466 login successful,E101,User {user} login successful
80069,2026-01-15,16:32:36,INFO,WebServer,User u1076 login successful,E101,User {user} login successful
80070,2026-01-15,17:39:45,INFO,PaymentGateway,Transaction tx467050 completed in 879ms,E104,Transaction {tx} completed in {time}ms
80071,2026-01-15,17:48:25,INFO,PaymentGateway,Transaction tx823673 completed in 829ms,E104,Transaction {tx} completed in {time}ms
80072,2026-01-15,17:55:09,INFO,PaymentGateway,Health check passed: PaymentGateway,E102,Health check passed: {service}
80073,2026-01-15,17:49:43,INFO,WebServer,Transaction tx392041 completed in 1881ms,E104,Transaction {tx} completed in {time}ms
80074,2026-01-15,17:36:37,INFO,WebServer,Page view: /home by u3770,E103,Page view: {page} by {user}
80075,2026-01-15,17:24:36,INFO,WebServer,Transaction tx756803 completed in 190ms,E104,Transaction {tx} completed in {time}ms
80076,2026-01-15,17:27:54,INFO,WebServer,Health check passed: WebServer,E102,Health check passed: {service}
80077,2026-01-15,17:17:37,INFO,WebServer,Transaction tx396010 completed in 946ms,E104,Transaction {tx} completed in {time}ms
80078,2026-01-15,17:37:03,INFO,PaymentGateway,Health check passed: PaymentGateway,E102,Health check passed: {service}
80079,2026-01-15,17:27:11,INFO,WebServer,User u4554 login successful,E101,User {user} login successful
80080,2026-01-15,17:07:20,INFO,PaymentGateway,Transaction tx584730 completed in 410ms,E104,Transaction {tx} completed in {time}ms
80081,2026-01-15,17:30:28,INFO,WebServer,Health check passed: WebServer,E102,Health check passed: {service}
80082,2026-01-15,17:48:52,INFO,OrderProcessor,Health check passed: OrderProcessor,E102,Health check passed: {service}
80083,2026-01-15,17:46:40,INFO,AuthService,Transaction tx834000 completed in 1812ms,E104,Transaction {tx} completed in {time}ms
80084,2026-01-15,17:25:14,INFO,WebServer,User u2434 login successful,E101,User {user} login successful
80085,2026-01-15,17:29:05,INFO,AuthService,Transaction tx896945 completed in 1302ms,E104,Transaction {tx} completed in {time}ms
80086,2026-01-15,17:02:42,INFO,WebServer,Health check passed: WebServer,E102,Health check passed: {service}
80087,2026-01-15,17:40:21,INFO,WebServer,Transaction tx688104 completed in 405ms,E104,Transaction {tx} completed in {time}ms
80088,2026-01-15,17:15:37,INFO,AuthService,User u1343 login successful,E101,User {user} login successful
80089,2026-01-15,17:19:53,INFO,OrderProcessor,Page view: /home by u4466,E103,Page view: {page} by {user}
80090,2026-01-15,17:46:35,INFO,AuthService,Transaction tx736596 completed in 588ms,E104,Transaction {tx} completed in {time}ms
80091,2026-01-15,17:15:15,INFO,PaymentGateway,Page view: /home by u3575,E103,Page view: {page} by {user}
80092,2026-01-15,17:10:58,INFO,WebServer,Health check passed: WebServer,E102,Health check passed: {service}
80093,2026-01-15,17:24:45,INFO,WebServer,Page view: /home by u1323,E103,Page view: {page} by {user}
80094,2026-01-15,17:19:53,INFO,OrderProcessor,Health check passed: OrderProcessor,E102,Health check passed: {service}
80095,2026-01-15,17:59:03,INFO,WebServer,User u1190 login successful,E101,User {user} login successful
80096,2026-01-15,17:01:02,INFO,WebServer,Page view: /home by u3792,E103,Page view: {page} by {user}
80097,2026-01-15,17:29:17,INFO,AuthService,Page view: /home by u1430,E103,Page view: {page} by {user}
80098,2026-01-15,17:07:05,INFO,WebServer,Health check passed: WebServer,E102,Health check passed: {service}
80099,2026-01-15,17:30:07,WARN,AuthService,Disk usage > 85% on node node-4,E202,Disk usage > 85% on node {node}
80100,2026-01-15,17:34:25,INFO,AuthService,User u2870 login successful,E101,User {user} login successful
80101,2026-01-15,17:41:45,INFO,AuthService,User u3816 login successful,E101,User {user} login successful
80102,2026-01-15,17:25:51,INFO,AuthService,Page view: /home by u1726,E103,Page view: {page} by {user}
80103,2026-01-15,17:06:45,INFO,WebServer,Transaction tx102430 completed in 1716ms,E104,Transaction {tx} completed in {time}ms
80104,2026-01-15,17:05:25,INFO,PaymentGateway,Health check passed: PaymentGateway,E102,Health check passed: {service}
80105,2026-01-15,17:06:27,INFO,AuthService,Page view: /home by u1826,E103,Page view: {page} by {user}
80106,2026-01-15,17:25:49,INFO,WebServer,User u1107 login successful,E101,User {user} login successful
80107,2026-01-15,17:56:31,INFO,WebServer,Page view: /home by u2796,E103,Page view: {page} by {user}
80108,2026-01-15,17:51:01,INFO,OrderProcessor,User u4751 login successful,E101,User {user} login successful
80109,2026-01-15,17:56:46,INFO,PaymentGateway,Health check passed: PaymentGateway,E102,Health check passed: {service}
80110,2026-01-15,17:20:59,INFO,WebServer,Transaction tx448062 completed in 1843ms,E104,Transaction {tx} completed in {time}ms
80111,2026-01-15,17:00:57,INFO,WebServer,User u3604 login successful,E101,User {user} login successful
80112,2026-01-15,17:01:13,INFO,WebServer,Health check passed: WebServer,E102,Health check passed: {service}
80113,2026-01-15,17:32:50,INFO,WebServer,Transaction tx662782 completed in 924ms,E104,Transaction {tx} completed in {time}ms
80114,2026-01-15,17:58:06,INFO,PaymentGateway,Transaction tx406342 completed in 1547ms,E104,Transaction {tx} completed in {time}ms
80115,2026-01-15,17:42:28,INFO,WebServer,Page view: /home by u2739,E103,Page view: {page} by {user}
80116,2026-01-15,17:06:03,INFO,WebServer,Health check passed: WebServer,E102,Health check passed: {service}
80117,2026-01-15,17:23:10,ERROR,PaymentGateway,Connection refused to PaymentGateway at 10.0.0.45,E501,Connection refused to {service} at {ip}
80118,2026-01-15,17:34:06,INFO,InventoryDB,User u3558 login successful,E101,User {user} login successful
80119,2026-01-15,17:27:13,INFO,WebServer,Page view: /home by u3704,E103,Page view: {page} by {user}
80120,2026-01-15,17:22:55,INFO,WebServer,Page view: /home by u2194,E103,Page view: {page} by {user}
80121,2026-01-15,17:14:13,INFO,OrderProcessor,Health check passed: OrderProcessor,E102,Health check passed: {service}
80122,2026-01-15,17:35:41,INFO,WebServer,Page view: /home by u2628,E103,Page view: {page} by {user}
80123,2026-01-15,17:13:58,INFO,PaymentGateway,Transaction tx190990 completed in 692ms,E104,Transaction {tx} completed in {time}ms
80124,2026-01-15,17:20:06,INFO,WebServer,Transaction tx906025 completed in 1012ms,E104,Transaction {tx} completed in {time}ms
80125,2026-01-15,17:27:22,INFO,OrderProcessor,Page view: /home by u1910,E103,Page view: {page} by {user}
80126,2026-01-15,17:13:17,INFO,AuthService,Page view: /home by u2602,E103,Page view: {page} by {user}
80127,2026-01-15,17:23:56,INFO,AuthService,Page view: /home by u1632,E103,Page view: {page} by {user}
80128,2026-01-15,17:50:01,INFO,AuthService,Health check passed: AuthService,E102,Health check passed: {service}
80129,2026-01-15,17:08:55,INFO,PaymentGateway,Health check passed: PaymentGateway,E102,Health check passed: {service}
80130,2026-01-15,17:50:50,INFO,WebServer,Page view: /home by u3080,E103,Page view: {page} by {user}
80131,2026-01-15,17:42:48,WARN,WebServer,High latency (361ms) detected on WebServer,E201,High latency ({time}ms) detected on {service}
80132,2026-01-15,17:40:30,INFO,WebServer,User u2027 login successful,E101,User {user} login successful
80133,2026-01-15,17:42:46,INFO,WebServer,Transaction tx707259 completed in 273ms,E104,Transaction {tx} completed in {time}ms
80134,2026-01-15,17:28:11,INFO,AuthService,Health check passed: AuthService,E102,Health check passed: {service}
80135,2026-01-15,17:42:23,INFO,AuthService,Transaction tx656940 completed in 1852ms,E104,Transaction {tx} completed in {time}ms
80136,2026-01-15,17:06:36,INFO,OrderProcessor,Transaction tx170848 completed in 1384ms,E104,Transaction {tx} completed in {time}ms
80137,2026-01-15,17:31:01,WARN,AuthService,Disk usage > 85% on node node-2,E202,Disk usage > 85% on node {node}
80138,2026-01-15,17:23:49,INFO,AuthService,Page view: /home by u4669,E103,Page view: {page} by {user}
80139,2026-01-15,17:17:55,INFO,WebServer,Health check passed: WebServer,E102,Health check passed: {service}
80140,2026-01-15,17:09:26,INFO,WebServer,User u1738 login successful,E101,User {user} login successful
80141,2026-01-15,17:36:37,INFO,WebServer,Page view: /home by u3087,E103,Page view: {page} by {user}
80142,2026-01-15,17:04:49,INFO,OrderProcessor,Transaction tx332985 completed in 1475ms,E104,Transaction {tx} completed in {time}ms
80143,2026-01-15,17:51:11,INFO,WebServer,Page view: /home by u3885,E103,Page view: {page} by {user}
80144,2026-01-15,17:31:55,INFO,WebServer,User u3478 login successful,E101,User {user} login successful
80145,2026-01-15,17:58:10,INFO,AuthService,Page view: /home by u2809,E103,Page view: {page} by {user}
80146,2026-01-15,17:48:20,WARN,OrderProcessor,Unauthorized access attempt from 10.0.0.45,E401,Unauthorized access attempt from {ip}
80147,2026-01-15,17:54:24,WARN,AuthService,Unauthorized access attempt from 10.0.0.45,E401,Unauthorized access attempt from {ip}
80148,2026-01-15,17:27:43,INFO,WebServer,Page view: /home by u3620,E103,Page view: {page} by {user}
80149,2026-01-15,17:20:00,INFO,WebServer,Health check passed: WebServer,E102,Health check passed: {service}
80150,2026-01-15,17:03:36,INFO,WebServer,Health check passed: WebServer,E102,Health check passed: {service}
80151,2026-01-15,17:52:12,INFO,WebServer,Health check passed: WebServer,E102,Health check passed: {service}
80152,2026-01-15,17:45:12,INFO,WebServer,Health check passed: WebServer,E102,Health check passed: {service}
80153,2026-01-15,17:52:41,INFO,WebServer,Health check passed: WebServer,E102,Health check passed: {service}
80154,2026-01-15,17:52:55,INFO,WebServer,Health check passed: WebServer,E102,Health check passed: {service}
80155,2026-01-15,17:36:37,INFO,AuthService,Page view: /home by u3829,E103,Page view: {page} by {user}
80156,2026-01-15,17:35:15,INFO,WebServer,Transaction tx789932 completed in 1674ms,E104,Transaction {tx} completed in {time}ms
80157,2026-01-15,17:34:10,INFO,WebServer,Transaction tx378181 completed in 569ms,E104,Transaction {tx} completed in {time}ms
80158,2026-01-15,17:23:32,INFO,WebServer,Page view: /home by u1740,E103,Page view: {page} by {user}
80159,2026-01-15,17:44:40,INFO,PaymentGateway,Page view: /home by u4336,E103,Page view: {page} by {user}
80160,2026-01-15,17:33:11,INFO,WebServer,Health check passed: WebServer,E102,Health check passed: {service}
80161,2026-01-15,17:00:46,INFO,WebServer,Transaction tx164018 completed in 1124ms,E104,Transaction {tx} completed in {time}ms
80162,2026-01-15,17:03:46,INFO,PaymentGateway,Page view: /home by u4803,E103,Page view: {page} by {user}
80163,2026-01-15,17:45:52,INFO,OrderProcessor,Health check passed: OrderProcessor,E102,Health check passed: {service}
80164,2026-01-15,17:09:14,INFO,OrderProcessor,Transaction tx166340 completed in 567ms,E104,Transaction {tx} completed in {time}ms
80165,2026-01-15,17:37:58,INFO,WebServer,Health check passed: WebServer,E102,Health check passed: {service}
80166,2026-01-15,17:01:16,INFO,WebServer,User u1788 login successful,E101,User {user} login successful
80167,2026-01-15,17:48:44,INFO,WebServer,Page view: /home by u2605,E103,Page view: {page} by {user}
80168,2026-01-15,17:07:19,INFO,WebServer,User u1054 login successful,E101,User {user} login successful
80169,2026-01-15,17:33:15,INFO,AuthService,User u3185 login successful,E101,User {user} login successful
80170,2026-01-15,17:08:28,INFO,OrderProcessor,User u2613 login successful,E101,User {user} login successful
80171,2026-01-15,17:58:01,WARN,WebServer,High latency (982ms) detected on WebServer,E201,High latency ({time}ms) detected on {service}
80172,2026-01-15,17:59:27,INFO,AuthService,User u2274 login successful,E101,User {user} login successful
80173,2026-01-15,17:58:01,INFO,WebServer,Transaction tx202291 completed in 929ms,E104,Transaction {tx} completed in {time}ms
80174,2026-01-15,17:58:27,INFO,WebServer,User u2619 login successful,E101,User {user} login successful
80175,2026-01-15,17:57:55,INFO,WebServer,Health check passed: WebServer,E102,Health check passed: {service}
80176,2026-01-15,17:49:24,INFO,WebServer,Health check passed: WebServer,E102,Health check passed: {service}
80177,2026-01-15,17:46:09,INFO,PaymentGateway,Page view: /home by u1132,E103,Page view: {page} by {user}
80178,2026-01-15,17:48:45,INFO,PaymentGateway,Page view: /home by u3450,E103,Page view: {page} by {user}
80179,2026-01-15,17:28:32,INFO,PaymentGateway,User u2742 login successful,E101,User {user} login successful
80180,2026-01-15,17:37:46,INFO,WebServer,Transaction tx102724 completed in 1228ms,E104,Transaction {tx} completed in {time}ms
80181,2026-01-15,17:41:25,INFO,OrderProcessor,Page view: /home by u1868,E103,Page view: {page} by {user}
80182,2026-01-15,17:25:14,INFO,OrderProcessor,Transaction tx481576 completed in 1682ms,E104,Transaction {tx} completed in {time}ms
80183,2026-01-15,17:36:56,INFO,WebServer,Health check passed: WebServer,E102,Health check passed: {service}
80184,2026-01-15,17:43:28,INFO,WebServer,Transaction tx162669 completed in 406ms,E104,Transaction {tx} completed in {time}ms
80185,2026-01-15,17:50:49,INFO,OrderProcessor,Page view: /home by u2317,E103,Page view: {page} by {user}
80186,2026-01-15,17:18:53,INFO,WebServer,Health check passed: WebServer,E102,Health check passed: {service}
80187,2026-01-15,17:02:04,INFO,WebServer,Health check passed: WebServer,E102,Health check passed: {service}
80188,2026-01-15,17:59:17,INFO,AuthService,Page view: /home by u1250,E103,Page view: {page} by {user}
80189,2026-01-15,17:16:39,INFO,WebServer,User u4390 login successful,E101,User {user} login successful
80190,2026-01-15,17:32:55,INFO,WebServer,Health check passed: WebServer,E102,Health check passed: {service}
80191,2026-01-15,17:25:20,INFO,PaymentGateway,User u3398 login successful,E101,User {user} login successful
80192,2026-01-15,17:57:57,INFO,WebServer,Page view: /home by u4470,E103,Page view: {page} by {user}
80193,2026-01-15,17:10:24,INFO,AuthService,Page view: /home by u2868,E103,Page view: {page} by {user}
80194,2026-01-15,17:23:28,INFO,WebServer,Health check passed: WebServer,E102,Health check passed: {service}
80195,2026-01-15,17:32:20,INFO,OrderProcessor,User u2389 login successful,E101,User {user} login successful
80196,2026-01-15,17:23:30,INFO,WebServer,Page view: /home by u1382,E103,Page view: {page} by {user}
80197,2026-01-15,17:44:09,INFO,WebServer,Page view: /home by u1324,E103,Page view: {page} by {user}
80198,2026-01-15,17:01:47,INFO,AuthService,User u3852 login successful,E101,User {user} login successful
80199,2026-01-15,17:42:39,INFO,AuthService,Health check passed: AuthService,E102,Health check passed: {service}
80200,2026-01-15,17:19:43,INFO,AuthService,Transaction tx728697 completed in 891ms,E104,Transaction {tx} completed in {time}ms
80201,2026-01-15,17:32:58,INFO,WebServer,User u3972 login successful,E101,User {user} login successful
80202,2026-01-15,17:19:44,INFO,WebServer,Health check passed: WebServer,E102,Health check passed: {service}
80203,2026-01-15,17:05:14,INFO,WebServer,Transaction tx711370 completed in 1148ms,E104,Transaction {tx} completed in {time}ms
80204,2026-01-15,17:36:20,INFO,AuthService,User u2131 login successful,E101,User {user} login successful
80205,2026-01-15,17:54:54,WARN,WebServer,Unauthorized access attempt from 10.0.0.99,E401,Unauthorized access attempt from {ip}
80206,2026-01-15,17:35:57,INFO,WebServer,Transaction tx369178 completed in 1342ms,E104,Transaction {tx} completed in {time}ms
80207,2026-01-15,17:31:54,INFO,OrderProcessor,User u4173 login successful,E101,User {user} login successful
80208,2026-01-15,17:21:43,INFO,OrderProcessor,Transaction tx376118 completed in 278ms,E104,Transaction {tx} completed in {time}ms
80209,2026-01-15,17:58:45,INFO,InventoryDB,User u4807 login successful,E101,User {user} login successful
80210,2026-01-15,17:38:09,WARN,AuthService,Disk usage > 85% on node node-1,E202,Disk usage > 85% on node {node}
80211,2026-01-15,17:06:09,INFO,InventoryDB,Transaction tx384851 completed in 857ms,E104,Transaction {tx} completed in {time}ms
80212,2026-01-15,17:22:14,INFO,WebServer,Health check passed: WebServer,E102,Health check passed: {service}
80213,2026-01-15,17:57:49,WARN,AuthService,Disk usage > 85% on node node-1,E202,Disk usage > 85% on node {node}
80214,2026-01-15,17:43:01,INFO,AuthService,Health check passed: AuthService,E102,Health check passed: {service}
80215,2026-01-15,17:04:21,INFO,OrderProcessor,Transaction tx769859 completed in 1678ms,E104,Transaction {tx} completed in {time}ms
80216,2026-01-15,17:07:10,INFO,WebServer,Transaction tx495512 completed in 1303ms,E104,Transaction {tx} completed in {time}ms
80217,2026-01-15,17:02:24,INFO,PaymentGateway,User u1013 login successful,E101,User {user} login successful
80218,2026-01-15,17:11:52,INFO,InventoryDB,Page view: /home by u3013,E103,Page view: {page} by {user}
80219,2026-01-15,17:09:45,INFO,OrderProcessor,Transaction tx422295 completed in 1926ms,E104,Transaction {tx} completed in {time}ms
80220,2026-01-15,17:08:52,INFO,InventoryDB,Health check passed: InventoryDB,E102,Health check passed: {service}
80221,2026-01-15,17:43:34,INFO,WebServer,Page view: /home by u4219,E103,Page view: {page} by {user}
80222,2026-01-15,17:38:53,INFO,PaymentGateway,Health check passed: PaymentGateway,E102,Health check passed: {service}
80223,2026-01-15,17:27:11,INFO,AuthService,Page view: /home by u4824,E103,Page view: {page} by {user}
80224,2026-01-15,17:16:33,INFO,AuthService,User u1284 login successful,E101,User {user} login successful
80225,2026-01-15,17:14:50,WARN,WebServer,Unauthorized access attempt from 10.0.0.45,E401,Unauthorized access attempt from {ip}
80226,2026-01-15,17:47:49,INFO,WebServer,Health check passed: WebServer,E102,Health check passed: {service}
80227,2026-01-15,17:40:13,INFO,WebServer,Page view: /home by u1421,E103,Page view: {page} by {user}
80228,2026-01-15,17:58:55,INFO,WebServer,Health check passed: WebServer,E102,Health check passed: {service}
80229,2026-01-15,17:27:59,INFO,WebServer,Page view: /home by u1279,E103,Page view: {page} by {user}
80230,2026-01-15,17:46:29,WARN,WebServer,Disk usage > 85% on node node-5,E202,Disk usage > 85% on node {node}
80231,2026-01-15,17:11:39,INFO,WebServer,Page view: /home by u2127,E103,Page view: {page} by {user}
80232,2026-01-15,17:53:49,INFO,InventoryDB,User u1021 login successful,E101,User {user} login successful
80233,2026-01-15,17:56:16,INFO,AuthService,Transaction tx795801 completed in 665ms,E104,Transaction {tx} completed in {time}ms
80234,2026-01-15,17:28:13,INFO,AuthService,Page view: /home by u4782,E103,Page view: {page} by {user}
80235,2026-01-15,17:09:38,INFO,WebServer,Health check passed: WebServer,E102,Health check passed: {service}
80236,2026-01-15,17:18:35,INFO,InventoryDB,User u4698 login successful,E101,User {user} login successful
80237,2026-01-15,17:25:09,INFO,WebServer,Page view: /home by u3531,E103,Page view: {page} by {user}
80238,2026-01-15,17:02:51,INFO,AuthService,Health check passed: AuthService,E102,Health check passed: {service}
80239,2026-01-15,17:03:10,INFO,InventoryDB,Page view: /home by u4313,E103,Page view: {page} by {user}
80240,2026-01-15,17:30:49,INFO,AuthService,Transaction tx949922 completed in 101ms,E104,Transaction {tx} completed in {time}ms
80241,2026-01-15,17:08:40,INFO,AuthService,Page view: /home by u1611,E103,Page view: {page} by {user}
80242,2026-01-15,17:42:49,INFO,OrderProcessor,Page view: /home by u4495,E103,Page view: {page} by {user}
80243,2026-01-15,17:15:53,INFO,OrderProcessor,Transaction tx401429 completed in 719ms,E104,Transaction {tx} completed in {time}ms
80244,2026-01-15,17:33:41,INFO,WebServer,Health check passed: WebServer,E102,Health check passed: {service}
80245,2026-01-15,17:58:38,INFO,OrderProcessor,User u4751 login successful,E101,User {user} login successful
80246,2026-01-15,17:15:57,INFO,WebServer,User u3851 login successful,E101,User {user} login successful
80247,2026-01-15,17:16:12,INFO,OrderProcessor,User u4287 login successful,E101,User {user} login successful
80248,2026-01-15,17:06:01,INFO,WebServer,Transaction tx431080 completed in 1046ms,E104,Transaction {tx} completed in {time}ms
80249,2026-01-15,17:54:48,INFO,AuthService,User u2946 login successful,E101,User {user} login successful
80250,2026-01-15,17:01:59,INFO,OrderProcessor,Transaction tx265471 completed in 1351ms,E104,Transaction {tx} completed in {time}ms
80251,2026-01-15,17:14:38,INFO,WebServer,Health check passed: WebServer,E102,Health check passed: {service}
80252,2026-01-15,17:58:21,INFO,PaymentGateway,Health check passed: PaymentGateway,E102,Health check passed: {service}
80253,2026-01-15,17:00:26,INFO,WebServer,Page view: /home by u1222,E103,Page view: {page} by {user}
80254,2026-01-15,17:22:55,INFO,AuthService,Page view: /home by u3744,E103,Page view: {page} by {user}
80255,2026-01-15,17:47:38,INFO,WebServer,Page view: /home by u2896,E103,Page view: {page} by {user}
80256,2026-01-15,17:17:56,INFO,WebServer,Health check passed: WebServer,E102,Health check passed: {service}
80257,2026-01-15,17:43:23,WARN,OrderProcessor,Disk usage > 85% on node node-3,E202,Disk usage > 85% on node {node}
80258,2026-01-15,17:17:00,CRITICAL,AuthService,DATA CORRUPTION detected in sector 571,E602,DATA CORRUPTION detected in sector {sector}
80259,2026-01-15,17:51:19,INFO,WebServer,Health check passed: WebServer,E102,Health check passed: {service}
80260,2026-01-15,17:29:31,INFO,AuthService,Transaction tx694208 completed in 55ms,E104,Transaction {tx} completed in {time}ms
80261,2026-01-15,17:27:56,INFO,PaymentGateway,Transaction tx160413 completed in 1418ms,E104,Transaction {tx} completed in {time}ms
80262,2026-01-15,17:39:04,INFO,AuthService,Health check passed: AuthService,E102,Health check passed: {service}
80263,2026-01-15,17:19:03,INFO,AuthService,Transaction tx107312 completed in 226ms,E104,Transaction {tx} completed in {time}ms
80264,2026-01-15,17:08:28,INFO,WebServer,User u3987 login successful,E101,User {user} login successful
80265,2026-01-15,17:07:26,INFO,WebServer,Transaction tx431206 completed in 682ms,E104,Transaction {tx} completed in {time}ms
80266,2026-01-15,17:55:57,INFO,OrderProcessor,User u1723 login successful,E101,User {user} login successful
80267,2026-01-15,17:21:25,INFO,WebServer,Page view: /home by u4242,E103,Page view: {page} by {user}
80268,2026-01-15,17:45:25,INFO,WebServer,Transaction tx917498 completed in 481ms,E104,Transaction {tx} completed in {time}ms
80269,2026-01-15,17:42:18,INFO,OrderProcessor,Transaction tx488305 completed in 626ms,E104,Transaction {tx} completed in {time}ms
80270,2026-01-15,17:34:16,INFO,WebServer,Page view: /home by u3642,E103,Page view: {page} by {user}
80271,2026-01-15,17:52:36,INFO,WebServer,User u4478 login successful,E101,User {user} login successful
80272,2026-01-15,17:06:25,INFO,PaymentGateway,Transaction tx199401 completed in 1892ms,E104,Transaction {tx} completed in {time}ms
80273,2026-01-15,17:02:39,INFO,AuthService,Page view: /home by u2912,E103,Page view: {page} by {user}
80274,2026-01-15,17:29:42,INFO,OrderProcessor,Transaction tx596148 completed in 1726ms,E104,Transaction {tx} completed in {time}ms
80275,2026-01-15,17:25:42,INFO,WebServer,Page view: /home by u3964,E103,Page view: {page} by {user}
80276,2026-01-15,17:32:06,INFO,OrderProcessor,Health check passed: OrderProcessor,E102,Health check passed: {service}
80277,2026-01-15,17:43:02,INFO,PaymentGateway,Transaction tx276761 completed in 1851ms,E104,Transaction {tx} completed in {time}ms
80278,2026-01-15,17:53:40,INFO,PaymentGateway,Page view: /home by u3400,E103,Page view: {page} by {user}
80279,2026-01-15,17:22:19,INFO,WebServer,Page view: /home by u3157,E103,Page view: {page} by {user}
80280,2026-01-15,17:49:52,INFO,OrderProcessor,User u4927 login successful,E101,User {user} login successful
80281,2026-01-15,17:32:35,INFO,WebServer,User u4093 login successful,E101,User {user} login successful
80282,2026-01-15,17:04:36,INFO,WebServer,Transaction tx249528 completed in 1145ms,E104,Transaction {tx} completed in {time}ms
80283,2026-01-15,17:55:41,INFO,WebServer,Page view: /home by u3532,E103,Page view: {page} by {user}
80284,2026-01-15,17:58:43,WARN,WebServer,Unauthorized access attempt from 10.0.0.45,E401,Unauthorized access attempt from {ip}
80285,2026-01-15,17:31:52,WARN,PaymentGateway,Unauthorized access attempt from 10.0.0.12,E401,Unauthorized access attempt from {ip}
80286,2026-01-15,17:37:39,INFO,OrderProcessor,User u2239 login successful,E101,User {user} login successful
80287,2026-01-15,17:50:44,INFO,WebServer,Health check passed: WebServer,E102,Health check passed: {service}
80288,2026-01-15,17:52:38,INFO,WebServer,Page view: /home by u3971,E103,Page view: {page} by {user}
80289,2026-01-15,17:36:50,INFO,WebServer,Health check passed: WebServer,E102,Health check passed: {service}
80290,2026-01-15,17:47:59,INFO,InventoryDB,Health check passed: InventoryDB,E102,Health check passed: {service}
80291,2026-01-15,17:12:48,INFO,AuthService,User u1490 login successful,E101,User {user} login successful
80292,2026-01-15,17:15:56,INFO,WebServer,User u3075 login successful,E101,User {user} login successful
80293,2026-01-15,17:35:21,INFO,AuthService,Transaction tx999306 completed in 1865ms,E104,Transaction {tx} completed in {time}ms
80294,2026-01-15,17:17:50,INFO,WebServer,Transaction tx687686 completed in 1852ms,E104,Transaction {tx} completed in {time}ms
80295,2026-01-15,17:09:36,INFO,OrderProcessor,Transaction tx253194 completed in 1529ms,E104,Transaction {tx} completed in {time}ms
80296,2026-01-15,17:29:11,INFO,WebServer,User u4113 login successful,E101,User {user} login successful
80297,2026-01-15,17:39:31,CRITICAL,AuthService,DATA CORRUPTION detected in sector 706,E602,DATA CORRUPTION detected in sector {sector}
80298,2026-01-15,17:31:03,INFO,WebServer,Page view: /home by u4710,E103,Page view: {page} by {user}
80299,2026-01-15,17:41:51,INFO,OrderProcessor,Page view: /home by u4604,E103,Page view: {page} by {user}
80300,2026-01-15,17:56:31,INFO,AuthService,Page view: /home by u2125,E103,Page view: {page} by {user}
80301,2026-01-15,17:06:38,INFO,OrderProcessor,Page view: /home by u2599,E103,Page view: {page} by {user}
80302,2026-01-15,17:29:58,INFO,WebServer,Health check passed: WebServer,E102,Health check passed: {service}
80303,2026-01-15,17:55:15,INFO,WebServer,Health check passed: WebServer,E102,Health check passed: {service}
80304,2026-01-15,17:33:23,INFO,WebServer,User u4075 login successful,E101,User {user} login successful
80305,2026-01-15,17:32:23,INFO,PaymentGateway,User u3730 login successful,E101,User {user} login successful
80306,2026-01-15,17:05:23,INFO,WebServer,Health check passed: WebServer,E102,Health check passed: {service}
80307,2026-01-15,17:41:10,INFO,WebServer,Transaction tx719751 completed in 1446ms,E104,Transaction {tx} completed in {time}ms
80308,2026-01-15,17:24:32,INFO,WebServer,Page view: /home by u2798,E103,Page view: {page} by {user}
80309,2026-01-15,17:12:44,INFO,WebServer,Transaction tx506705 completed in 361ms,E104,Transaction {tx} completed in {time}ms
80310,2026-01-15,17:02:34,INFO,OrderProcessor,Health check passed: OrderProcessor,E102,Health check passed: {service}
80311,2026-01-15,17:48:14,INFO,PaymentGateway,Page view: /home by u4263,E103,Page view: {page} by {user}
80312,2026-01-15,17:56:05,WARN,WebServer,High latency (1429ms) detected on WebServer,E201,High latency ({time}ms) detected on {service}
80313,2026-01-15,17:23:17,INFO,OrderProcessor,Page view: /home by u4929,E103,Page view: {page} by {user}
80314,2026-01-15,17:23:14,INFO,OrderProcessor,Page view: /home by u1874,E103,Page view: {page} by {user}
80315,2026-01-15,17:29:10,INFO,WebServer,Page view: /home by u2736,E103,Page view: {page} by {user}
80316,2026-01-15,17:13:31,INFO,OrderProcessor,Transaction tx351110 completed in 343ms,E104,Transaction {tx} completed in {time}ms
80317,2026-01-15,17:44:40,INFO,WebServer,Health check passed: WebServer,E102,Health check passed: {service}
80318,2026-01-15,17:25:14,INFO,WebServer,Health check passed: WebServer,E102,Health check passed: {service}
80319,2026-01-15,17:06:51,INFO,PaymentGateway,User u1659 login successful,E101,User {user} login successful
80320,2026-01-15,17:57:33,INFO,OrderProcessor,Page view: /home by u4633,E103,Page view: {page} by {user}
80321,2026-01-15,17:46:15,INFO,AuthService,Transaction tx298874 completed in 106ms,E104,Transaction {tx} completed in {time}ms
80322,2026-01-15,17:50:12,INFO,AuthService,Page view: /home by u3712,E103,Page view: {page} by {user}
80323,2026-01-15,17:32:38,INFO,AuthService,User u3752 login successful,E101,User {user} login successful
80324,2026-01-15,17:35:07,INFO,WebServer,Transaction tx670288 completed in 1924ms,E104,Transaction {tx} completed in {time}ms
80325,2026-01-15,17:11:15,INFO,OrderProcessor,Transaction tx866611 completed in 1654ms,E104,Transaction {tx} completed in {time}ms
80326,2026-01-15,17:00:37,INFO,WebServer,Page view: /home by u3197,E103,Page view: {page} by {user}
80327,2026-01-15,17:05:01,INFO,WebServer,Page view: /home by u2145,E103,Page view: {page} by {user}
80328,2026-01-15,17:56:12,INFO,WebServer,Health check passed: WebServer,E102,Health check passed: {service}
80329,2026-01-15,17:08:34,INFO,OrderProcessor,Health check passed: OrderProcessor,E102,Health check passed: {service}
80330,2026-01-15,17:42:54,INFO,WebServer,User u2986 login successful,E101,User {user} login successful
80331,2026-01-15,17:53:03,INFO,WebServer,Health check passed: WebServer,E102,Health check passed: {service}
80332,2026-01-15,17:01:05,INFO,InventoryDB,Health check passed: InventoryDB,E102,Health check passed: {service}
80333,2026-01-15,17:19:58,INFO,InventoryDB,Transaction tx839738 completed in 1703ms,E104,Transaction {tx} completed in {time}ms
80334,2026-01-15,17:11:55,INFO,AuthService,Health check passed: AuthService,E102,Health check passed: {service}
80335,2026-01-15,17:02:25,INFO,WebServer,User u2125 login successful,E101,User {user} login successful
80336,2026-01-15,17:48:34,INFO,OrderProcessor,Page view: /home by u3176,E103,Page view: {page} by {user}
80337,2026-01-15,17:34:17,INFO,OrderProcessor,Page view: /home by u2850,E103,Page view: {page} by {user}
80338,2026-01-15,17:04:21,INFO,AuthService,Health check passed: AuthService,E102,Health check passed: {service}
80339,2026-01-15,17:43:54,INFO,OrderProcessor,Page view: /home by u2689,E103,Page view: {page} by {user}
80340,2026-01-15,17:45:51,INFO,AuthService,User u1644 login successful,E101,User {user} login successful
80341,2026-01-15,17:12:46,INFO,OrderProcessor,Transaction tx814026 completed in 749ms,E104,Transaction {tx} completed in {time}ms
80342,2026-01-15,17:59:12,INFO,AuthService,Page view: /home by u3571,E103,Page view: {page} by {user}
80343,2026-01-15,17:27:53,WARN,OrderProcessor,High latency (195ms) detected on OrderProcessor,E201,High latency ({time}ms) detected on {service}
80344,2026-01-15,17:01:37,INFO,OrderProcessor,Page view: /home by u2716,E103,Page view: {page} by {user}
80345,2026-01-15,17:15:21,INFO,WebServer,Health check passed: WebServer,E102,Health check passed: {service}
80346,2026-01-15,17:48:04,ERROR,AuthService,Payment declined: Gateway unavailable,E503,Payment declined: Gateway unavailable
80347,2026-01-15,17:33:28,INFO,WebServer,Health check passed: WebServer,E102,Health check passed: {service}
80348,2026-01-15,17:55:33,WARN,InventoryDB,Unauthorized access attempt from 10.0.0.45,E401,Unauthorized access attempt from {ip}
80349,2026-01-15,17:13:06,INFO,PaymentGateway,User u1457 login successful,E101,User {user} login successful
80350,2026-01-15,17:48:41,INFO,WebServer,User u1238 login successful,E101,User {user} login successful
80351,2026-01-15,17:04:35,INFO,AuthService,Transaction tx427764 completed in 1933ms,E104,Transaction {tx} completed in {time}ms
80352,2026-01-15,17:17:50,INFO,WebServer,Health check passed: WebServer,E102,Health check passed: {service}
80353,2026-01-15,17:38:18,INFO,PaymentGateway,User u1453 login successful,E101,User {user} login successful
80354,2026-01-15,17:21:58,INFO,WebServer,User u4876 login successful,E101,User {user} login successful
80355,2026-01-15,17:02:00,INFO,OrderProcessor,User u3505 login successful,E101,User {user} login successful
80356,2026-01-15,17:17:28,INFO,WebServer,Page view: /home by u4706,E103,Page view: {page} by {user}
80357,2026-01-15,17:37:09,WARN,PaymentGateway,Unauthorized access attempt from 10.0.0.88,E401,Unauthorized access attempt from {ip}
80358,2026-01-15,17:27:33,INFO,AuthService,Transaction tx422323 completed in 768ms,E104,Transaction {tx} completed in {time}ms
80359,2026-01-15,17:49:10,INFO,AuthService,Page view: /home by u1353,E103,Page view: {page} by {user}
80360,2026-01-15,17:32:32,INFO,WebServer,Page view: /home by u2581,E103,Page view: {page} by {user}
80361,2026-01-15,17:26:58,INFO,WebServer,Page view: /home by u3039,E103,Page view: {page} by {user}
80362,2026-01-15,17:46:25,WARN,WebServer,Disk usage > 85% on node node-4,E202,Disk usage > 85% on node {node}
80363,2026-01-15,17:10:45,INFO,WebServer,User u3520 login successful,E101,User {user} login successful
80364,2026-01-15,17:23:48,INFO,AuthService,Transaction tx437351 completed in 1516ms,E104,Transaction {tx} completed in {time}ms
80365,2026-01-15,17:39:56,INFO,WebServer,Transaction tx772143 completed in 937ms,E104,Transaction {tx} completed in {time}ms
80366,2026-01-15,17:11:37,INFO,WebServer,Page view: /home by u3260,E103,Page view: {page} by {user}
80367,2026-01-15,17:03:33,INFO,WebServer,Transaction tx488169 completed in 1820ms,E104,Transaction {tx} completed in {time}ms
80368,2026-01-15,17:02:27,INFO,AuthService,User u3903 login successful,E101,User {user} login successful
80369,2026-01-15,17:27:18,INFO,PaymentGateway,Health check passed: PaymentGateway,E102,Health check passed: {service}
80370,2026-01-15,17:04:55,INFO,WebServer,Health check passed: WebServer,E102,Health check passed: {service}
80371,2026-01-15,17:56:37,INFO,WebServer,User u2379 login successful,E101,User {user} login successful
80372,2026-01-15,17:47:24,INFO,OrderProcessor,Transaction tx993915 completed in 492ms,E104,Transaction {tx} completed in {time}ms
80373,2026-01-15,17:35:32,INFO,AuthService,Transaction tx585907 completed in 578ms,E104,Transaction {tx} completed in {time}ms
80374,2026-01-15,17:56:31,INFO,WebServer,Transaction tx237867 completed in 988ms,E104,Transaction {tx} completed in {time}ms
80375,2026-01-15,17:23:01,INFO,PaymentGateway,Page view: /home by u2468,E103,Page view: {page} by {user}
80376,2026-01-15,17:15:52,WARN,WebServer,Unauthorized access attempt from 192.168.1.5,E401,Unauthorized access attempt from {ip}
80377,2026-01-15,17:19:11,INFO,WebServer,User u1181 login successful,E101,User {user} login successful
80378,2026-01-15,17:37:11,INFO,InventoryDB,Transaction tx562135 completed in 532ms,E104,Transaction {tx} completed in {time}ms
80379,2026-01-15,17:25:36,INFO,AuthService,Page view: /home by u1879,E103,Page view: {page} by {user}
80380,2026-01-15,17:22:21,WARN,OrderProcessor,Unauthorized access attempt from 10.0.0.10,E401,Unauthorized access attempt from {ip}
80381,2026-01-15,17:55:53,INFO,WebServer,Transaction tx860488 completed in 1484ms,E104,Transaction {tx} completed in {time}ms
80382,2026-01-15,17:05:18,INFO,WebServer,Page view: /home by u4984,E103,Page view: {page} by {user}
80383,2026-01-15,17:33:30,INFO,AuthService,Page view: /home by u2774,E103,Page view: {page} by {user}
80384,2026-01-15,17:57:35,INFO,WebServer,User u4811 login successful,E101,User {user} login successful
80385,2026-01-15,17:37:03,INFO,WebServer,Health check passed: WebServer,E102,Health check passed: {service}
80386,2026-01-15,17:46:48,INFO,AuthService,Page view: /home by u3716,E103,Page view: {page} by {user}
80387,2026-01-15,17:32:53,INFO,WebServer,Transaction tx272646 completed in 693ms,E104,Transaction {tx} completed in {time}ms
80388,2026-01-15,17:34:18,INFO,AuthService,User u1429 login successful,E101,User {user} login successful
80389,2026-01-15,17:41:52,INFO,WebServer,Page view: /home by u1313,E103,Page view: {page} by {user}
80390,2026-01-15,17:40:38,WARN,PaymentGateway,Disk usage > 85% on node node-4,E202,Disk usage > 85% on node {node}
80391,2026-01-15,17:32:12,INFO,AuthService,User u1585 login successful,E101,User {user} login successful
80392,2026-01-15,17:08:23,INFO,WebServer,Page view: /home by u4548,E103,Page view: {page} by {user}
80393,2026-01-15,17:29:29,INFO,AuthService,Transaction tx793521 completed in 1599ms,E104,Transaction {tx} completed in {time}ms
80394,2026-01-15,17:05:03,INFO,WebServer,Transaction tx612400 completed in 244ms,E104,Transaction {tx} completed in {time}ms
80395,2026-01-15,17:00:09,INFO,OrderProcessor,Page view: /home by u3040,E103,Page view: {page} by {user}
80396,2026-01-15,17:04:55,INFO,WebServer,Page view: /home by u2155,E103,Page view: {page} by {user}
80397,2026-01-15,17:23:11,INFO,OrderProcessor,Health check passed: OrderProcessor,E102,Health check passed: {service}
80398,2026-01-15,17:02:48,INFO,PaymentGateway,Health check passed: PaymentGateway,E102,Health check passed: {service}
80399,2026-01-15,17:10:13,INFO,AuthService,User u3475 login successful,E101,User {user} login successful
80400,2026-01-15,17:13:02,WARN,PaymentGateway,High latency (650ms) detected on PaymentGateway,E201,High latency ({time}ms) detected on {service}
80401,2026-01-15,17:57:12,INFO,WebServer,Health check passed: WebServer,E102,Health check passed: {service}
80402,2026-01-15,17:25:10,INFO,WebServer,Health check passed: WebServer,E102,Health check passed: {service}
80403,2026-01-15,17:33:46,INFO,AuthService,Page view: /home by u1631,E103,Page view: {page} by {user}
80404,2026-01-15,17:50:43,INFO,AuthService,Transaction tx303752 completed in 1479ms,E104,Transaction {tx} completed in {time}ms
80405,2026-01-15,17:11:14,INFO,AuthService,Transaction tx683099 completed in 1603ms,E104,Transaction {tx} completed in {time}ms
80406,2026-01-15,17:43:40,INFO,AuthService,Health check passed: AuthService,E102,Health check passed: {service}
80407,2026-01-15,17:14:35,INFO,AuthService,User u4314 login successful,E101,User {user} login successful
80408,2026-01-15,17:02:57,INFO,OrderProcessor,User u3950 login successful,E101,User {user} login successful
80409,2026-01-15,17:54:01,INFO,OrderProcessor,Page view: /home by u4197,E103,Page view: {page} by {user}
80410,2026-01-15,17:41:25,ERROR,OrderProcessor,Timeout waiting for lock on InventoryDB,E502,Timeout waiting for lock on {db}
80411,2026-01-15,17:13:37,INFO,WebServer,Health check passed: WebServer,E102,Health check passed: {service}
80412,2026-01-15,17:49:34,INFO,PaymentGateway,Page view: /home by u2327,E103,Page view: {page} by {user}
80413,2026-01-15,17:17:16,INFO,OrderProcessor,User u2498 login successful,E101,User {user} login successful
80414,2026-01-15,17:31:01,INFO,WebServer,User u1968 login successful,E101,User {user} login successful
80415,2026-01-15,17:52:40,INFO,WebServer,Transaction tx586533 completed in 1164ms,E104,Transaction {tx} completed in {time}ms
80416,2026-01-15,17:53:40,INFO,WebServer,Health check passed: WebServer,E102,Health check passed: {service}
80417,2026-01-15,17:00:15,ERROR,OrderProcessor,Payment declined: Gateway unavailable,E503,Payment declined: Gateway unavailable
80418,2026-01-15,17:49:59,INFO,WebServer,Page view: /home by u3319,E103,Page view: {page} by {user}
80419,2026-01-15,17:53:10,INFO,WebServer,User u4158 login successful,E101,User {user} login successful
80420,2026-01-15,17:26:03,INFO,InventoryDB,User u4275 login successful,E101,User {user} login successful
80421,2026-01-15,17:13:37,INFO,WebServer,Transaction tx821935 completed in 1084ms,E104,Transaction {tx} completed in {time}ms
80422,2026-01-15,17:24:46,INFO,WebServer,Health check passed: WebServer,E102,Health check passed: {service}
80423,2026-01-15,17:41:21,INFO,AuthService,Transaction tx905816 completed in 715ms,E104,Transaction {tx} completed in {time}ms
80424,2026-01-15,17:01:41,INFO,AuthService,Page view: /home by u1634,E103,Page view: {page} by {user}
80425,2026-01-15,17:47:18,INFO,WebServer,Health check passed: WebServer,E102,Health check passed: {service}
80426,2026-01-15,17:01:09,INFO,WebServer,User u2310 login successful,E101,User {user} login successful
80427,2026-01-15,17:14:58,INFO,WebServer,Health check passed: WebServer,E102,Health check passed: {service}
80428,2026-01-15,17:08:08,WARN,WebServer,High latency (1708ms) detected on WebServer,E201,High latency ({time}ms) detected on {service}
80429,2026-01-15,17:27:58,INFO,WebServer,User u4655 login successful,E101,User {user} login successful
80430,2026-01-15,17:29:15,INFO,InventoryDB,User u1732 login successful,E101,User {user} login successful
80431,2026-01-15,17:11:48,INFO,WebServer,Health check passed: WebServer,E102,Health check passed: {service}
80432,2026-01-15,17:12:49,INFO,WebServer,Page view: /home by u4724,E103,Page view: {page} by {user}
80433,2026-01-15,17:56:35,INFO,OrderProcessor,Transaction tx993977 completed in 1881ms,E104,Transaction {tx} completed in {time}ms
80434,2026-01-15,17:32:48,INFO,WebServer,Health check passed: WebServer,E102,Health check passed: {service}
80435,2026-01-15,17:42:08,INFO,WebServer,Page view: /home by u3129,E103,Page view: {page} by {user}
80436,2026-01-15,17:59:13,INFO,WebServer,Health check passed: WebServer,E102,Health check passed: {service}
80437,2026-01-15,17:52:06,INFO,AuthService,Health check passed: AuthService,E102,Health check passed: {service}
80438,2026-01-15,17:37:30,INFO,WebServer,Health check passed: WebServer,E102,Health check passed: {service}
80439,2026-01-15,17:03:10,INFO,OrderProcessor,Page view: /home by u3478,E103,Page view: {page} by {user}
80440,2026-01-15,17:59:17,WARN,PaymentGateway,High latency (1484ms) detected on PaymentGateway,E201,High latency ({time}ms) detected on {service}
80441,2026-01-15,17:36:26,INFO,InventoryDB,Transaction tx454418 completed in 1294ms,E104,Transaction {tx} completed in {time}ms
80442,2026-01-15,17:45:11,INFO,WebServer,Page view: /home by u1523,E103,Page view: {page} by {user}
80443,2026-01-15,17:50:42,INFO,OrderProcessor,User u1483 login successful,E101,User {user} login successful
80444,2026-01-15,17:29:02,INFO,WebServer,Transaction tx845575 completed in 1214ms,E104,Transaction {tx} completed in {time}ms
80445,2026-01-15,17:09:42,ERROR,WebServer,Timeout waiting for lock on InventoryDB,E502,Timeout waiting for lock on {db}
80446,2026-01-15,17:59:57,INFO,WebServer,Page view: /home by u3329,E103,Page view: {page} by {user}
80447,2026-01-15,17:48:32,INFO,WebServer,User u3644 login successful,E101,User {user} login successful
80448,2026-01-15,17:54:07,INFO,PaymentGateway,Transaction tx812168 completed in 1583ms,E104,Transaction {tx} completed in {time}ms
80449,2026-01-15,17:01:36,INFO,PaymentGateway,Transaction tx972324 completed in 1069ms,E104,Transaction {tx} completed in {time}ms
80450,2026-01-15,17:16:09,INFO,WebServer,Page view: /home by u2594,E103,Page view: {page} by {user}
80451,2026-01-15,17:28:53,INFO,WebServer,User u3316 login successful,E101,User {user} login successful
80452,2026-01-15,17:17:43,INFO,InventoryDB,Transaction tx884857 completed in 1268ms,E104,Transaction {tx} completed in {time}ms
80453,2026-01-15,17:54:54,INFO,InventoryDB,Page view: /home by u3511,E103,Page view: {page} by {user}
80454,2026-01-15,17:17:04,WARN,WebServer,High latency (1572ms) detected on WebServer,E201,High latency ({time}ms) detected on {service}
80455,2026-01-15,17:11:09,WARN,WebServer,Disk usage > 85% on node node-3,E202,Disk usage > 85% on node {node}
80456,2026-01-15,17:24:23,INFO,PaymentGateway,User u3343 login successful,E101,User {user} login successful
80457,2026-01-15,17:35:33,INFO,WebServer,User u4329 login successful,E101,User {user} login successful
80458,2026-01-15,17:08:30,INFO,OrderProcessor,Transaction tx492019 completed in 1299ms,E104,Transaction {tx} completed in {time}ms
80459,2026-01-15,17:53:42,INFO,PaymentGateway,Health check passed: PaymentGateway,E102,Health check passed: {service}
80460,2026-01-15,17:19:36,INFO,WebServer,Health check passed: WebServer,E102,Health check passed: {service}
80461,2026-01-15,17:16:46,INFO,WebServer,Page view: /home by u4079,E103,Page view: {page} by {user}
80462,2026-01-15,17:18:47,INFO,OrderProcessor,Transaction tx223871 completed in 1593ms,E104,Transaction {tx} completed in {time}ms
80463,2026-01-15,17:14:35,INFO,AuthService,Transaction tx364836 completed in 1378ms,E104,Transaction {tx} completed in {time}ms
80464,2026-01-15,17:47:02,INFO,WebServer,Page view: /home by u3172,E103,Page view: {page} by {user}
80465,2026-01-15,17:41:06,WARN,WebServer,Unauthorized access attempt from 10.0.0.45,E401,Unauthorized access attempt from {ip}
80466,2026-01-15,17:35:33,INFO,WebServer,Page view: /home by u1041,E103,Page view: {page} by {user}
80467,2026-01-15,17:28:24,INFO,AuthService,Health check passed: AuthService,E102,Health check passed: {service}
80468,2026-01-15,17:01:17,INFO,AuthService,User u4575 login successful,E101,User {user} login successful
80469,2026-01-15,17:03:03,INFO,WebServer,Transaction tx590510 completed in 932ms,E104,Transaction {tx} completed in {time}ms
80470,2026-01-15,17:10:00,INFO,WebServer,Transaction tx406083 completed in 1260ms,E104,Transaction {tx} completed in {time}ms
80471,2026-01-15,17:07:54,INFO,WebServer,User u1565 login successful,E101,User {user} login successful
80472,2026-01-15,17:38:11,INFO,WebServer,User u4904 login successful,E101,User {user} login successful
80473,2026-01-15,17:03:33,INFO,WebServer,Transaction tx761372 completed in 181ms,E104,Transaction {tx} completed in {time}ms
80474,2026-01-15,17:25:53,INFO,WebServer,Page view: /home by u3391,E103,Page view: {page} by {user}
80475,2026-01-15,17:53:55,INFO,WebServer,Page view: /home by u2582,E103,Page view: {page} by {user}
80476,2026-01-15,17:48:28,INFO,InventoryDB,Page view: /home by u2991,E103,Page view: {page} by {user}
80477,2026-01-15,17:31:49,INFO,WebServer,Health check passed: WebServer,E102,Health check passed: {service}
80478,2026-01-15,17:21:34,INFO,PaymentGateway,Transaction tx216737 completed in 1442ms,E104,Transaction {tx} completed in {time}ms
80479,2026-01-15,17:15:20,INFO,OrderProcessor,Transaction tx284843 completed in 263ms,E104,Transaction {tx} completed in {time}ms
80480,2026-01-15,17:44:10,INFO,WebServer,Page view: /home by u2215,E103,Page view: {page} by {user}
80481,2026-01-15,17:35:29,INFO,InventoryDB,Transaction tx991106 completed in 125ms,E104,Transaction {tx} completed in {time}ms
80482,2026-01-15,17:28:19,INFO,InventoryDB,Transaction tx233021 completed in 288ms,E104,Transaction {tx} completed in {time}ms
80483,2026-01-15,17:40:38,INFO,AuthService,Health check passed: AuthService,E102,Health check passed: {service}
80484,2026-01-15,17:02:20,INFO,WebServer,Page view: /home by u3971,E103,Page view: {page} by {user}
80485,2026-01-15,17:27:28,INFO,AuthService,Transaction tx177951 completed in 1895ms,E104,Transaction {tx} completed in {time}ms
80486,2026-01-15,17:46:12,INFO,OrderProcessor,User u4354 login successful,E101,User {user} login successful
80487,2026-01-15,17:59:04,INFO,OrderProcessor,Page view: /home by u2912,E103,Page view: {page} by {user}
80488,2026-01-15,17:25:20,WARN,AuthService,Disk usage > 85% on node node-5,E202,Disk usage > 85% on node {node}
80489,2026-01-15,17:51:07,INFO,WebServer,Page view: /home by u3313,E103,Page view: {page} by {user}
80490,2026-01-15,17:59:54,INFO,AuthService,User u3476 login successful,E101,User {user} login successful
80491,2026-01-15,17:02:44,INFO,OrderProcessor,Page view: /home by u2314,E103,Page view: {page} by {user}
80492,2026-01-15,17:07:36,INFO,WebServer,Transaction tx685741 completed in 1158ms,E104,Transaction {tx} completed in {time}ms
80493,2026-01-15,17:14:33,INFO,WebServer,Transaction tx345612 completed in 846ms,E104,Transaction {tx} completed in {time}ms
80494,2026-01-15,17:08:04,INFO,WebServer,Page view: /home by u2380,E103,Page view: {page} by {user}
80495,2026-01-15,17:09:42,INFO,WebServer,Page view: /home by u1580,E103,Page view: {page} by {user}
80496,2026-01-15,17:41:17,INFO,WebServer,User u4786 login successful,E101,User {user} login successful
80497,2026-01-15,17:46:03,INFO,WebServer,User u1603 login successful,E101,User {user} login successful
80498,2026-01-15,17:00:04,INFO,OrderProcessor,Page view: /home by u3438,E103,Page view: {page} by {user}
80499,2026-01-15,17:06:26,INFO,AuthService,User u4715 login successful,E101,User {user} login successful
80500,2026-01-15,17:34:01,INFO,OrderProcessor,Page view: /home by u1268,E103,Page view: {page} by {user}
80501,2026-01-15,17:59:36,INFO,AuthService,Health check passed: AuthService,E102,Health check passed: {service}
80502,2026-01-15,17:50:37,INFO,AuthService,Page view: /home by u3496,E103,Page view: {page} by {user}
80503,2026-01-15,17:40:29,ERROR,InventoryDB,Timeout waiting for lock on InventoryDB,E502,Timeout waiting for lock on {db}
80504,2026-01-15,17:57:43,INFO,InventoryDB,Transaction tx761658 completed in 1600ms,E104,Transaction {tx} completed in {time}ms
80505,2026-01-15,17:29:07,INFO,AuthService,Page view: /home by u3545,E103,Page view: {page} by {user}
80506,2026-01-15,17:50:19,INFO,WebServer,Health check passed: WebServer,E102,Health check passed: {service}
80507,2026-01-15,17:01:53,INFO,OrderProcessor,Transaction tx333170 completed in 1304ms,E104,Transaction {tx} completed in {time}ms
80508,2026-01-15,17:23:08,WARN,WebServer,Unauthorized access attempt from 10.0.0.45,E401,Unauthorized access attempt from {ip}
80509,2026-01-15,17:38:31,INFO,InventoryDB,User u4244 login successful,E101,User {user} login successful
80510,2026-01-15,17:49:08,INFO,WebServer,Page view: /home by u3969,E103,Page view: {page} by {user}
80511,2026-01-15,17:07:06,INFO,WebServer,Health check passed: WebServer,E102,Health check passed: {service}
80512,2026-01-15,17:59:13,INFO,OrderProcessor,Health check passed: OrderProcessor,E102,Health check passed: {service}
80513,2026-01-15,17:56:12,INFO,OrderProcessor,User u4535 login successful,E101,User {user} login successful
80514,2026-01-15,17:48:55,INFO,AuthService,Transaction tx894977 completed in 1273ms,E104,Transaction {tx} completed in {time}ms
80515,2026-01-15,17:26:47,INFO,AuthService,User u4580 login successful,E101,User {user} login successful
80516,2026-01-15,17:22:31,INFO,PaymentGateway,User u2569 login successful,E101,User {user} login successful
80517,2026-01-15,17:59:44,INFO,WebServer,Page view: /home by u1512,E103,Page view: {page} by {user}
80518,2026-01-15,17:43:59,INFO,PaymentGateway,Health check passed: PaymentGateway,E102,Health check passed: {service}
80519,2026-01-15,17:52:07,INFO,WebServer,Page view: /home by u3183,E103,Page view: {page} by {user}
80520,2026-01-15,17:35:56,INFO,WebServer,User u2557 login successful,E101,User {user} login successful
80521,2026-01-15,17:50:55,WARN,OrderProcessor,Disk usage > 85% on node node-1,E202,Disk usage > 85% on node {node}
80522,2026-01-15,17:27:04,INFO,OrderProcessor,Health check passed: OrderProcessor,E102,Health check passed: {service}
80523,2026-01-15,17:09:01,INFO,WebServer,Page view: /home by u1451,E103,Page view: {page} by {user}
80524,2026-01-15,17:38:05,INFO,AuthService,User u3822 login successful,E101,User {user} login successful
80525,2026-01-15,17:24:34,WARN,AuthService,High latency (1932ms) detected on AuthService,E201,High latency ({time}ms) detected on {service}
80526,2026-01-15,17:36:56,INFO,WebServer,User u4816 login successful,E101,User {user} login successful
80527,2026-01-15,17:19:06,INFO,WebServer,Page view: /home by u1348,E103,Page view: {page} by {user}
80528,2026-01-15,17:41:52,INFO,OrderProcessor,Page view: /home by u3686,E103,Page view: {page} by {user}
80529,2026-01-15,17:59:27,INFO,PaymentGateway,User u2590 login successful,E101,User {user} login successful
80530,2026-01-15,17:57:39,INFO,PaymentGateway,Health check passed: PaymentGateway,E102,Health check passed: {service}
80531,2026-01-15,17:02:19,INFO,WebServer,User u4902 login successful,E101,User {user} login successful
80532,2026-01-15,17:45:00,INFO,WebServer,Page view: /home by u4227,E103,Page view: {page} by {user}
80533,2026-01-15,17:01:04,INFO,WebServer,Health check passed: WebServer,E102,Health check passed: {service}
80534,2026-01-15,17:24:43,INFO,OrderProcessor,Health check passed: OrderProcessor,E102,Health check passed: {service}
80535,2026-01-15,17:41:47,INFO,PaymentGateway,User u1612 login successful,E101,User {user} login successful
80536,2026-01-15,17:43:28,INFO,AuthService,Transaction tx725908 completed in 116ms,E104,Transaction {tx} completed in {time}ms
80537,2026-01-15,17:31:15,INFO,AuthService,Transaction tx924513 completed in 205ms,E104,Transaction {tx} completed in {time}ms
80538,2026-01-15,17:36:01,INFO,WebServer,Transaction tx502241 completed in 855ms,E104,Transaction {tx} completed in {time}ms
80539,2026-01-15,17:01:48,INFO,AuthService,Transaction tx283640 completed in 1327ms,E104,Transaction {tx} completed in {time}ms
80540,2026-01-15,17:44:21,INFO,WebServer,User u2268 login successful,E101,User {user} login successful
80541,2026-01-15,17:30:43,INFO,InventoryDB,User u1635 login successful,E101,User {user} login successful
80542,2026-01-15,17:05:29,INFO,InventoryDB,Page view: /home by u2825,E103,Page view: {page} by {user}
80543,2026-01-15,17:55:39,INFO,WebServer,Health check passed: WebServer,E102,Health check passed: {service}
80544,2026-01-15,17:10:26,INFO,OrderProcessor,Transaction tx731467 completed in 1977ms,E104,Transaction {tx} completed in {time}ms
80545,2026-01-15,17:56:14,INFO,AuthService,User u3134 login successful,E101,User {user} login successful
80546,2026-01-15,17:10:25,INFO,WebServer,User u4667 login successful,E101,User {user} login successful
80547,2026-01-15,17:01:59,INFO,WebServer,Transaction tx827728 completed in 1649ms,E104,Transaction {tx} completed in {time}ms
80548,2026-01-15,17:23:43,INFO,InventoryDB,User u4669 login successful,E101,User {user} login successful
80549,2026-01-15,17:40:05,INFO,WebServer,Page view: /home by u4269,E103,Page view: {page} by {user}
80550,2026-01-15,17:04:16,INFO,PaymentGateway,Page view: /home by u4943,E103,Page view: {page} by {user}
80551,2026-01-15,17:36:11,INFO,AuthService,Page view: /home by u1403,E103,Page view: {page} by {user}
80552,2026-01-15,17:52:19,WARN,OrderProcessor,Unauthorized access attempt from 10.0.0.45,E401,Unauthorized access attempt from {ip}
80553,2026-01-15,17:38:05,INFO,WebServer,Page view: /home by u4422,E103,Page view: {page} by {user}
80554,2026-01-15,17:48:22,INFO,PaymentGateway,User u1732 login successful,E101,User {user} login successful
80555,2026-01-15,17:41:46,INFO,WebServer,Transaction tx223900 completed in 467ms,E104,Transaction {tx} completed in {time}ms
80556,2026-01-15,17:52:41,INFO,AuthService,Transaction tx211042 completed in 273ms,E104,Transaction {tx} completed in {time}ms
80557,2026-01-15,17:39:05,INFO,OrderProcessor,Page view: /home by u4042,E103,Page view: {page} by {user}
80558,2026-01-15,17:27:20,INFO,OrderProcessor,Transaction tx228863 completed in 698ms,E104,Transaction {tx} completed in {time}ms
80559,2026-01-15,17:18:18,INFO,WebServer,Transaction tx439296 completed in 367ms,E104,Transaction {tx} completed in {time}ms
80560,2026-01-15,17:52:06,INFO,OrderProcessor,User u1517 login successful,E101,User {user} login successful
80561,2026-01-15,17:16:39,INFO,OrderProcessor,Page view: /home by u4352,E103,Page view: {page} by {user}
80562,2026-01-15,17:17:44,INFO,OrderProcessor,Page view: /home by u4538,E103,Page view: {page} by {user}
80563,2026-01-15,17:07:06,INFO,WebServer,Page view: /home by u4196,E103,Page view: {page} by {user}
80564,2026-01-15,17:32:37,INFO,AuthService,User u3818 login successful,E101,User {user} login successful
80565,2026-01-15,17:48:50,INFO,WebServer,User u3143 login successful,E101,User {user} login successful
80566,2026-01-15,17:52:39,INFO,WebServer,Health check passed: WebServer,E102,Health check passed: {service}
80567,2026-01-15,17:57:58,WARN,OrderProcessor,High latency (1481ms) detected on OrderProcessor,E201,High latency ({time}ms) detected on {service}
80568,2026-01-15,17:16:13,INFO,AuthService,Health check passed: AuthService,E102,Health check passed: {service}
80569,2026-01-15,17:00:11,INFO,InventoryDB,User u2369 login successful,E101,User {user} login successful
80570,2026-01-15,17:14:56,INFO,WebServer,Transaction tx388050 completed in 145ms,E104,Transaction {tx} completed in {time}ms
80571,2026-01-15,17:00:05,INFO,AuthService,Health check passed: AuthService,E102,Health check passed: {service}
80572,2026-01-15,17:12:36,INFO,InventoryDB,User u3966 login successful,E101,User {user} login successful
80573,2026-01-15,17:48:50,INFO,OrderProcessor,Transaction tx243290 completed in 447ms,E104,Transaction {tx} completed in {time}ms
80574,2026-01-15,17:51:11,INFO,WebServer,User u3467 login successful,E101,User {user} login successful
80575,2026-01-15,17:14:52,INFO,AuthService,Transaction tx543275 completed in 1300ms,E104,Transaction {tx} completed in {time}ms
80576,2026-01-15,17:06:40,INFO,WebServer,Page view: /home by u4357,E103,Page view: {page} by {user}
80577,2026-01-15,17:39:34,INFO,OrderProcessor,User u4755 login successful,E101,User {user} login successful
80578,2026-01-15,17:06:32,INFO,WebServer,Transaction tx586103 completed in 199ms,E104,Transaction {tx} completed in {time}ms
80579,2026-01-15,17:06:43,INFO,WebServer,Transaction tx807774 completed in 216ms,E104,Transaction {tx} completed in {time}ms
80580,2026-01-15,17:08:53,INFO,WebServer,Health check passed: WebServer,E102,Health check passed: {service}
80581,2026-01-15,17:32:21,INFO,WebServer,Health check passed: WebServer,E102,Health check passed: {service}
80582,2026-01-15,17:30:05,INFO,OrderProcessor,Page view: /home by u4557,E103,Page view: {page} by {user}
80583,2026-01-15,17:34:32,WARN,PaymentGateway,Unauthorized access attempt from 10.0.0.45,E401,Unauthorized access attempt from {ip}
80584,2026-01-15,17:09:48,INFO,WebServer,Transaction tx961292 completed in 912ms,E104,Transaction {tx} completed in {time}ms
80585,2026-01-15,17:21:43,INFO,WebServer,Transaction tx975287 completed in 417ms,E104,Transaction {tx} completed in {time}ms
80586,2026-01-15,17:11:40,INFO,OrderProcessor,User u3843 login successful,E101,User {user} login successful
80587,2026-01-15,17:36:29,INFO,InventoryDB,Health check passed: InventoryDB,E102,Health check passed: {service}
80588,2026-01-15,17:49:29,INFO,WebServer,Health check passed: WebServer,E102,Health check passed: {service}
80589,2026-01-15,17:40:14,INFO,AuthService,Health check passed: AuthService,E102,Health check passed: {service}
80590,2026-01-15,17:22:30,WARN,AuthService,High latency (361ms) detected on AuthService,E201,High latency ({time}ms) detected on {service}
80591,2026-01-15,17:33:34,INFO,AuthService,User u1342 login successful,E101,User {user} login successful
80592,2026-01-15,17:09:06,INFO,WebServer,Health check passed: WebServer,E102,Health check passed: {service}
80593,2026-01-15,17:25:39,INFO,OrderProcessor,Page view: /home by u3718,E103,Page view: {page} by {user}
80594,2026-01-15,17:12:33,INFO,OrderProcessor,Health check passed: OrderProcessor,E102,Health check passed: {service}
80595,2026-01-15,17:54:44,INFO,AuthService,Health check passed: AuthService,E102,Health check passed: {service}
80596,2026-01-15,17:24:37,INFO,InventoryDB,Health check passed: InventoryDB,E102,Health check passed: {service}
80597,2026-01-15,17:09:05,INFO,WebServer,Transaction tx649969 completed in 320ms,E104,Transaction {tx} completed in {time}ms
80598,2026-01-15,17:58:22,INFO,WebServer,Page view: /home by u3904,E103,Page view: {page} by {user}
80599,2026-01-15,17:25:04,INFO,PaymentGateway,User u3741 login successful,E101,User {user} login successful
80600,2026-01-15,17:04:33,WARN,WebServer,Disk usage > 85% on node node-3,E202,Disk usage > 85% on node {node}
80601,2026-01-15,17:10:28,INFO,OrderProcessor,User u4537 login successful,E101,User {user} login successful
80602,2026-01-15,17:17:40,INFO,AuthService,Health check passed: AuthService,E102,Health check passed: {service}
80603,2026-01-15,17:40:46,INFO,OrderProcessor,User u2538 login successful,E101,User {user} login successful
80604,2026-01-15,17:01:13,WARN,InventoryDB,Unauthorized access attempt from 10.0.0.45,E401,Unauthorized access attempt from {ip}
80605,2026-01-15,17:38:54,INFO,OrderProcessor,Page view: /home by u2090,E103,Page view: {page} by {user}
80606,2026-01-15,17:37:28,INFO,AuthService,Transaction tx266589 completed in 628ms,E104,Transaction {tx} completed in {time}ms
80607,2026-01-15,17:06:28,INFO,WebServer,User u2663 login successful,E101,User {user} login successful
80608,2026-01-15,17:22:12,INFO,OrderProcessor,User u4380 login successful,E101,User {user} login successful
80609,2026-01-15,17:54:46,INFO,WebServer,Page view: /home by u4981,E103,Page view: {page} by {user}
80610,2026-01-15,17:09:09,INFO,WebServer,User u3472 login successful,E101,User {user} login successful
80611,2026-01-15,17:14:10,INFO,WebServer,Page view: /home by u3917,E103,Page view: {page} by {user}
80612,2026-01-15,17:57:13,INFO,OrderProcessor,User u4473 login successful,E101,User {user} login successful
80613,2026-01-15,17:45:32,INFO,AuthService,Transaction tx802663 completed in 1262ms,E104,Transaction {tx} completed in {time}ms
80614,2026-01-15,17:38:26,INFO,WebServer,Page view: /home by u2562,E103,Page view: {page} by {user}
80615,2026-01-15,17:51:37,INFO,AuthService,Transaction tx933752 completed in 429ms,E104,Transaction {tx} completed in {time}ms
80616,2026-01-15,17:35:16,INFO,WebServer,User u2442 login successful,E101,User {user} login successful
80617,2026-01-15,17:26:24,INFO,OrderProcessor,Health check passed: OrderProcessor,E102,Health check passed: {service}
80618,2026-01-15,17:27:44,INFO,WebServer,Page view: /home by u3070,E103,Page view: {page} by {user}
80619,2026-01-15,17:38:46,INFO,AuthService,User u2847 login successful,E101,User {user} login successful
80620,2026-01-15,17:37:25,INFO,AuthService,Health check passed: AuthService,E102,Health check passed: {service}
80621,2026-01-15,17:18:51,INFO,AuthService,User u4455 login successful,E101,User {user} login successful
80622,2026-01-15,17:28:51,INFO,PaymentGateway,Page view: /home by u2022,E103,Page view: {page} by {user}
80623,2026-01-15,17:53:09,INFO,PaymentGateway,Transaction tx760671 completed in 1819ms,E104,Transaction {tx} completed in {time}ms
80624,2026-01-15,17:04:35,INFO,InventoryDB,Transaction tx149838 completed in 1820ms,E104,Transaction {tx} completed in {time}ms
80625,2026-01-15,17:36:24,INFO,OrderProcessor,Health check passed: OrderProcessor,E102,Health check passed: {service}
80626,2026-01-15,17:53:13,INFO,WebServer,Page view: /home by u3975,E103,Page view: {page} by {user}
80627,2026-01-15,17:26:20,INFO,AuthService,User u3070 login successful,E101,User {user} login successful
80628,2026-01-15,17:37:39,INFO,AuthService,Transaction tx708492 completed in 591ms,E104,Transaction {tx} completed in {time}ms
80629,2026-01-15,17:40:02,INFO,PaymentGateway,Page view: /home by u1817,E103,Page view: {page} by {user}
80630,2026-01-15,17:24:02,INFO,WebServer,Health check passed: WebServer,E102,Health check passed: {service}
80631,2026-01-15,17:36:01,INFO,OrderProcessor,User u1339 login successful,E101,User {user} login successful
80632,2026-01-15,17:02:19,INFO,WebServer,Health check passed: WebServer,E102,Health check passed: {service}
80633,2026-01-15,17:30:46,INFO,WebServer,User u4338 login successful,E101,User {user} login successful
80634,2026-01-15,17:54:15,INFO,WebServer,User u3365 login successful,E101,User {user} login successful
80635,2026-01-15,17:37:42,INFO,AuthService,Transaction tx391964 completed in 1148ms,E104,Transaction {tx} completed in {time}ms
80636,2026-01-15,17:29:51,INFO,PaymentGateway,Transaction tx904107 completed in 1786ms,E104,Transaction {tx} completed in {time}ms
80637,2026-01-15,17:28:29,INFO,WebServer,Health check passed: WebServer,E102,Health check passed: {service}
80638,2026-01-15,17:52:23,INFO,WebServer,Page view: /home by u4336,E103,Page view: {page} by {user}
80639,2026-01-15,17:28:00,INFO,WebServer,Page view: /home by u4083,E103,Page view: {page} by {user}
80640,2026-01-15,17:11:39,ERROR,WebServer,Timeout waiting for lock on InventoryDB,E502,Timeout waiting for lock on {db}
80641,2026-01-15,17:32:38,WARN,WebServer,Unauthorized access attempt from 10.0.0.88,E401,Unauthorized access attempt from {ip}
80642,2026-01-15,17:21:03,INFO,OrderProcessor,Transaction tx310460 completed in 948ms,E104,Transaction {tx} completed in {time}ms
80643,2026-01-15,17:41:35,INFO,WebServer,Page view: /home by u4720,E103,Page view: {page} by {user}
80644,2026-01-15,17:52:14,INFO,OrderProcessor,Transaction tx875999 completed in 395ms,E104,Transaction {tx} completed in {time}ms
80645,2026-01-15,17:01:09,INFO,WebServer,Health check passed: WebServer,E102,Health check passed: {service}
80646,2026-01-15,17:13:33,INFO,AuthService,User u1894 login successful,E101,User {user} login successful
80647,2026-01-15,17:17:38,INFO,PaymentGateway,User u1884 login successful,E101,User {user} login successful
80648,2026-01-15,17:08:37,ERROR,WebServer,Payment declined: Gateway unavailable,E503,Payment declined: Gateway unavailable
80649,2026-01-15,17:45:40,INFO,WebServer,Transaction tx435033 completed in 178ms,E104,Transaction {tx} completed in {time}ms
80650,2026-01-15,17:49:05,INFO,OrderProcessor,User u3298 login successful,E101,User {user} login successful
80651,2026-01-15,17:23:05,INFO,AuthService,Health check passed: AuthService,E102,Health check passed: {service}
80652,2026-01-15,17:52:52,INFO,PaymentGateway,User u2617 login successful,E101,User {user} login successful
80653,2026-01-15,17:48:41,INFO,AuthService,Health check passed: AuthService,E102,Health check passed: {service}
80654,2026-01-15,17:04:44,INFO,WebServer,User u2612 login successful,E101,User {user} login successful
80655,2026-01-15,17:27:35,WARN,WebServer,High latency (1532ms) detected on WebServer,E201,High latency ({time}ms) detected on {service}
80656,2026-01-15,17:16:54,WARN,WebServer,High latency (478ms) detected on WebServer,E201,High latency ({time}ms) detected on {service}
80657,2026-01-15,17:12:50,INFO,WebServer,User u4642 login successful,E101,User {user} login successful
80658,2026-01-15,17:21:07,INFO,OrderProcessor,Health check passed: OrderProcessor,E102,Health check passed: {service}
80659,2026-01-15,17:39:09,INFO,WebServer,Page view: /home by u3212,E103,Page view: {page} by {user}
80660,2026-01-15,17:00:01,ERROR,AuthService,Payment declined: Gateway unavailable,E503,Payment declined: Gateway unavailable
80661,2026-01-15,17:08:20,INFO,PaymentGateway,Page view: /home by u3829,E103,Page view: {page} by {user}
80662,2026-01-15,17:42:17,INFO,WebServer,User u2491 login successful,E101,User {user} login successful
80663,2026-01-15,17:35:42,INFO,OrderProcessor,Health check passed: OrderProcessor,E102,Health check passed: {service}
80664,2026-01-15,17:42:22,INFO,OrderProcessor,Health check passed: OrderProcessor,E102,Health check passed: {service}
80665,2026-01-15,18:58:10,INFO,WebServer,Health check passed: WebServer,E102,Health check passed: {service}
80666,2026-01-15,18:53:03,INFO,WebServer,Transaction tx409185 completed in 1825ms,E104,Transaction {tx} completed in {time}ms
80667,2026-01-15,18:07:06,INFO,AuthService,User u1165 login successful,E101,User {user} login successful
80668,2026-01-15,18:36:31,INFO,AuthService,Health check passed: AuthService,E102,Health check passed: {service}
80669,2026-01-15,18:33:52,WARN,InventoryDB,Unauthorized access attempt from 10.0.0.45,E401,Unauthorized access attempt from {ip}
80670,2026-01-15,18:17:36,WARN,WebServer,Unauthorized access attempt from 10.0.0.45,E401,Unauthorized access attempt from {ip}
80671,2026-01-15,18:45:27,INFO,AuthService,User u2270 login successful,E101,User {user} login successful
80672,2026-01-15,18:46:15,INFO,PaymentGateway,Health check passed: PaymentGateway,E102,Health check passed: {service}
80673,2026-01-15,18:20:04,INFO,AuthService,User u1133 login successful,E101,User {user} login successful
80674,2026-01-15,18:46:36,INFO,WebServer,Health check passed: WebServer,E102,Health check passed: {service}
80675,2026-01-15,18:20:20,INFO,OrderProcessor,User u5000 login successful,E101,User {user} login successful
80676,2026-01-15,18:13:34,INFO,WebServer,Transaction tx129820 completed in 1438ms,E104,Transaction {tx} completed in {time}ms
80677,2026-01-15,18:27:37,INFO,PaymentGateway,Health check passed: PaymentGateway,E102,Health check passed: {service}
80678,2026-01-15,18:10:26,INFO,InventoryDB,Health check passed: InventoryDB,E102,Health check passed: {service}
80679,2026-01-15,18:31:09,WARN,InventoryDB,High latency (1423ms) detected on InventoryDB,E201,High latency ({time}ms) detected on {service}
80680,2026-01-15,18:43:48,INFO,AuthService,Page view: /home by u1579,E103,Page view: {page} by {user}
80681,2026-01-15,18:17:18,ERROR,InventoryDB,Connection refused to InventoryDB at 192.168.1.5,E501,Connection refused to {service} at {ip}
80682,2026-01-15,18:14:45,INFO,WebServer,Transaction tx682541 completed in 703ms,E104,Transaction {tx} completed in {time}ms
80683,2026-01-15,18:08:19,INFO,PaymentGateway,User u3774 login successful,E101,User {user} login successful
80684,2026-01-15,18:45:18,INFO,WebServer,Health check passed: WebServer,E102,Health check passed: {service}
80685,2026-01-15,18:40:42,INFO,AuthService,Page view: /home by u3395,E103,Page view: {page} by {user}
80686,2026-01-15,18:40:58,INFO,WebServer,Page view: /home by u2274,E103,Page view: {page} by {user}
80687,2026-01-15,18:45:17,INFO,OrderProcessor,Health check passed: OrderProcessor,E102,Health check passed: {service}
80688,2026-01-15,18:10:25,INFO,WebServer,User u4885 login successful,E101,User {user} login successful
80689,2026-01-15,18:07:30,WARN,AuthService,High latency (573ms) detected on AuthService,E201,High latency ({time}ms) detected on {service}
80690,2026-01-15,18:15:24,INFO,WebServer,User u3743 login successful,E101,User {user} login successful
80691,2026-01-15,18:45:32,INFO,WebServer,Page view: /home by u1676,E103,Page view: {page} by {user}
80692,2026-01-15,18:22:50,INFO,PaymentGateway,Transaction tx266368 completed in 1259ms,E104,Transaction {tx} completed in {time}ms
80693,2026-01-15,18:24:13,INFO,WebServer,User u1653 login successful,E101,User {user} login successful
80694,2026-01-15,18:09:21,INFO,OrderProcessor,Health check passed: OrderProcessor,E102,Health check passed: {service}
80695,2026-01-15,18:24:13,INFO,AuthService,Page view: /home by u3964,E103,Page view: {page} by {user}
80696,2026-01-15,18:10:20,INFO,PaymentGateway,Page view: /home by u2490,E103,Page view: {page} by {user}
80697,2026-01-15,18:30:24,INFO,AuthService,Transaction tx953935 completed in 248ms,E104,Transaction {tx} completed in {time}ms
80698,2026-01-15,18:51:26,INFO,OrderProcessor,User u3179 login successful,E101,User {user} login successful
80699,2026-01-15,18:45:29,INFO,AuthService,User u3150 login successful,E101,User {user} login successful
80700,2026-01-15,18:50:45,INFO,OrderProcessor,User u4560 login successful,E101,User {user} login successful
80701,2026-01-15,18:51:54,INFO,WebServer,Health check passed: WebServer,E102,Health check passed: {service}
80702,2026-01-15,18:12:50,INFO,WebServer,User u4160 login successful,E101,User {user} login successful
80703,2026-01-15,18:11:02,INFO,AuthService,User u2881 login successful,E101,User {user} login successful
80704,2026-01-15,18:15:24,INFO,AuthService,User u1730 login successful,E101,User {user} login successful
80705,2026-01-15,18:48:49,INFO,WebServer,User u4428 login successful,E101,User {user} login successful
80706,2026-01-15,18:31:47,INFO,WebServer,Transaction tx595341 completed in 888ms,E104,Transaction {tx} completed in {time}ms
80707,2026-01-15,18:33:56,INFO,WebServer,User u4735 login successful,E101,User {user} login successful
80708,2026-01-15,18:12:02,INFO,PaymentGateway,Health check passed: PaymentGateway,E102,Health check passed: {service}
80709,2026-01-15,18:36:11,WARN,PaymentGateway,Disk usage > 85% on node node-5,E202,Disk usage > 85% on node {node}
80710,2026-01-15,18:44:54,INFO,OrderProcessor,User u3572 login successful,E101,User {user} login successful
80711,2026-01-15,18:56:41,INFO,WebServer,Page view: /home by u2317,E103,Page view: {page} by {user}
80712,2026-01-15,18:50:39,INFO,AuthService,Transaction tx861200 completed in 843ms,E104,Transaction {tx} completed in {time}ms
80713,2026-01-15,18:40:45,INFO,WebServer,Health check passed: WebServer,E102,Health check passed: {service}
80714,2026-01-15,18:19:29,INFO,OrderProcessor,Transaction tx806159 completed in 1640ms,E104,Transaction {tx} completed in {time}ms
80715,2026-01-15,18:15:53,INFO,PaymentGateway,Health check passed: PaymentGateway,E102,Health check passed: {service}
80716,2026-01-15,18:02:01,INFO,WebServer,User u4292 login successful,E101,User {user} login successful
80717,2026-01-15,18:55:35,INFO,WebServer,Health check passed: WebServer,E102,Health check passed: {service}
80718,2026-01-15,18:03:09,INFO,WebServer,Health check passed: WebServer,E102,Health check passed: {service}
80719,2026-01-15,18:25:08,INFO,WebServer,User u4076 login successful,E101,User {user} login successful
80720,2026-01-15,18:29:12,INFO,OrderProcessor,User u4384 login successful,E101,User {user} login successful
80721,2026-01-15,18:51:34,INFO,WebServer,Health check passed: WebServer,E102,Health check passed: {service}
80722,2026-01-15,18:19:59,INFO,WebServer,Page view: /home by u1223,E103,Page view: {page} by {user}
80723,2026-01-15,18:01:57,INFO,InventoryDB,Health check passed: InventoryDB,E102,Health check passed: {service}
80724,2026-01-15,18:37:20,INFO,WebServer,Transaction tx874868 completed in 155ms,E104,Transaction {tx} completed in {time}ms
80725,2026-01-15,18:23:11,INFO,AuthService,Health check passed: AuthService,E102,Health check passed: {service}
80726,2026-01-15,18:05:38,WARN,OrderProcessor,High latency (1496ms) detected on OrderProcessor,E201,High latency ({time}ms) detected on {service}
80727,2026-01-15,18:48:24,INFO,AuthService,Page view: /home by u4137,E103,Page view: {page} by {user}
80728,2026-01-15,18:14:00,INFO,WebServer,Health check passed: WebServer,E102,Health check passed: {service}
80729,2026-01-15,18:35:27,INFO,OrderProcessor,Transaction tx815723 completed in 331ms,E104,Transaction {tx} completed in {time}ms
80730,2026-01-15,18:34:47,INFO,WebServer,User u2318 login successful,E101,User {user} login successful
80731,2026-01-15,18:25:08,INFO,AuthService,Health check passed: AuthService,E102,Health check passed: {service}
80732,2026-01-15,18:17:17,INFO,WebServer,User u3994 login successful,E101,User {user} login successful
80733,2026-01-15,18:20:59,INFO,PaymentGateway,Page view: /home by u1377,E103,Page view: {page} by {user}
80734,2026-01-15,18:57:23,INFO,PaymentGateway,User u4157 login successful,E101,User {user} login successful
80735,2026-01-15,18:15:13,INFO,OrderProcessor,Page view: /home by u3211,E103,Page view: {page} by {user}
80736,2026-01-15,18:13:18,WARN,OrderProcessor,Unauthorized access attempt from 10.0.0.12,E401,Unauthorized access attempt from {ip}
80737,2026-01-15,18:03:35,INFO,WebServer,Page view: /home by u3060,E103,Page view: {page} by {user}
80738,2026-01-15,18:29:06,INFO,WebServer,User u2655 login successful,E101,User {user} login successful
80739,2026-01-15,18:05:00,INFO,WebServer,User u3787 login successful,E101,User {user} login successful
80740,2026-01-15,18:55:52,INFO,WebServer,User u1444 login successful,E101,User {user} login successful
80741,2026-01-15,18:24:57,INFO,WebServer,User u2220 login successful,E101,User {user} login successful
80742,2026-01-15,18:06:14,INFO,WebServer,Page view: /home by u3181,E103,Page view: {page} by {user}
80743,2026-01-15,18:42:22,INFO,WebServer,Transaction tx451091 completed in 1508ms,E104,Transaction {tx} completed in {time}ms
80744,2026-01-15,18:40:35,WARN,WebServer,Disk usage > 85% on node node-3,E202,Disk usage > 85% on node {node}
80745,2026-01-15,18:20:59,INFO,PaymentGateway,Transaction tx907200 completed in 1954ms,E104,Transaction {tx} completed in {time}ms
80746,2026-01-15,18:55:34,INFO,WebServer,User u1004 login successful,E101,User {user} login successful
80747,2026-01-15,18:38:30,INFO,WebServer,Health check passed: WebServer,E102,Health check passed: {service}
80748,2026-01-15,18:22:27,WARN,AuthService,Disk usage > 85% on node node-5,E202,Disk usage > 85% on node {node}
80749,2026-01-15,18:38:42,INFO,AuthService,Health check passed: AuthService,E102,Health check passed: {service}
80750,2026-01-15,18:02:41,INFO,WebServer,Transaction tx342518 completed in 274ms,E104,Transaction {tx} completed in {time}ms
80751,2026-01-15,18:46:59,INFO,WebServer,Health check passed: WebServer,E102,Health check passed: {service}
80752,2026-01-15,18:09:44,INFO,PaymentGateway,User u4326 login successful,E101,User {user} login successful
80753,2026-01-15,18:55:19,INFO,WebServer,Health check passed: WebServer,E102,Health check passed: {service}
80754,2026-01-15,18:03:17,INFO,PaymentGateway,Health check passed: PaymentGateway,E102,Health check passed: {service}
80755,2026-01-15,18:00:48,INFO,OrderProcessor,Health check passed: OrderProcessor,E102,Health check passed: {service}
80756,2026-01-15,18:56:16,WARN,WebServer,High latency (236ms) detected on WebServer,E201,High latency ({time}ms) detected on {service}
80757,2026-01-15,18:09:35,INFO,AuthService,Transaction tx931360 completed in 1343ms,E104,Transaction {tx} completed in {time}ms
80758,2026-01-15,18:16:48,INFO,WebServer,User u4215 login successful,E101,User {user} login successful
80759,2026-01-15,18:33:57,INFO,AuthService,Page view: /home by u2327,E103,Page view: {page} by {user}
80760,2026-01-15,18:29:26,INFO,AuthService,Page view: /home by u1261,E103,Page view: {page} by {user}
80761,2026-01-15,18:39:45,INFO,WebServer,Health check passed: WebServer,E102,Health check passed: {service}
80762,2026-01-15,18:21:30,INFO,WebServer,User u4575 login successful,E101,User {user} login successful
80763,2026-01-15,18:45:45,INFO,WebServer,Health check passed: WebServer,E102,Health check passed: {service}
80764,2026-01-15,18:53:29,INFO,OrderProcessor,Transaction tx107912 completed in 302ms,E104,Transaction {tx} completed in {time}ms
80765,2026-01-15,18:11:50,INFO,WebServer,User u4274 login successful,E101,User {user} login successful
80766,2026-01-15,18:14:51,INFO,AuthService,Page view: /home by u4874,E103,Page view: {page} by {user}
80767,2026-01-15,18:58:29,INFO,WebServer,Health check passed: WebServer,E102,Health check passed: {service}
80768,2026-01-15,18:45:39,ERROR,PaymentGateway,Connection refused to PaymentGateway at 10.0.0.45,E501,Connection refused to {service} at {ip}
80769,2026-01-15,18:41:15,INFO,WebServer,Transaction tx397088 completed in 238ms,E104,Transaction {tx} completed in {time}ms
80770,2026-01-15,18:06:17,INFO,OrderProcessor,Transaction tx113529 completed in 857ms,E104,Transaction {tx} completed in {time}ms
80771,2026-01-15,18:48:48,INFO,WebServer,Transaction tx425140 completed in 410ms,E104,Transaction {tx} completed in {time}ms
80772,2026-01-15,18:05:10,WARN,WebServer,Disk usage > 85% on node node-4,E202,Disk usage > 85% on node {node}
80773,2026-01-15,18:14:51,INFO,AuthService,Transaction tx897038 completed in 1368ms,E104,Transaction {tx} completed in {time}ms
80774,2026-01-15,18:16:35,INFO,WebServer,Page view: /home by u1707,E103,Page view: {page} by {user}
80775,2026-01-15,18:11:21,INFO,InventoryDB,Page view: /home by u3483,E103,Page view: {page} by {user}
80776,2026-01-15,18:07:54,INFO,WebServer,Page view: /home by u3325,E103,Page view: {page} by {user}
80777,2026-01-15,18:57:39,INFO,WebServer,Transaction tx716764 completed in 1549ms,E104,Transaction {tx} completed in {time}ms
80778,2026-01-15,18:58:11,INFO,AuthService,Health check passed: AuthService,E102,Health check passed: {service}
80779,2026-01-15,18:10:31,INFO,WebServer,Page view: /home by u3574,E103,Page view: {page} by {user}
80780,2026-01-15,18:16:33,INFO,AuthService,Page view: /home by u4186,E103,Page view: {page} by {user}
80781,2026-01-15,18:29:57,INFO,AuthService,Page view: /home by u2071,E103,Page view: {page} by {user}
80782,2026-01-15,18:29:12,INFO,WebServer,Health check passed: WebServer,E102,Health check passed: {service}
80783,2026-01-15,18:42:47,INFO,WebServer,Transaction tx972292 completed in 1258ms,E104,Transaction {tx} completed in {time}ms
80784,2026-01-15,18:01:26,INFO,WebServer,User u3632 login successful,E101,User {user} login successful
80785,2026-01-15,18:04:10,INFO,PaymentGateway,User u3434 login successful,E101,User {user} login successful
80786,2026-01-15,18:04:19,INFO,OrderProcessor,Health check passed: OrderProcessor,E102,Health check passed: {service}
80787,2026-01-15,18:17:44,INFO,OrderProcessor,Transaction tx792387 completed in 1834ms,E104,Transaction {tx} completed in {time}ms
80788,2026-01-15,18:54:02,INFO,OrderProcessor,User u1540 login successful,E101,User {user} login successful
80789,2026-01-15,18:59:17,INFO,AuthService,Transaction tx202455 completed in 97ms,E104,Transaction {tx} completed in {time}ms
80790,2026-01-15,18:24:25,INFO,OrderProcessor,Page view: /home by u3119,E103,Page view: {page} by {user}
80791,2026-01-15,18:43:34,INFO,WebServer,Page view: /home by u2781,E103,Page view: {page} by {user}
80792,2026-01-15,18:51:22,INFO,WebServer,Health check passed: WebServer,E102,Health check passed: {service}
80793,2026-01-15,18:40:15,INFO,WebServer,Page view: /home by u3882,E103,Page view: {page} by {user}
80794,2026-01-15,18:32:49,INFO,InventoryDB,User u4268 login successful,E101,User {user} login successful
80795,2026-01-15,18:15:57,INFO,WebServer,Page view: /home by u4200,E103,Page view: {page} by {user}
80796,2026-01-15,18:24:22,INFO,PaymentGateway,Health check passed: PaymentGateway,E102,Health check passed: {service}
80797,2026-01-15,18:44:58,INFO,PaymentGateway,User u3153 login successful,E101,User {user} login successful
80798,2026-01-15,18:50:16,INFO,OrderProcessor,Transaction tx528744 completed in 789ms,E104,Transaction {tx} completed in {time}ms
80799,2026-01-15,18:00:13,INFO,AuthService,Health check passed: AuthService,E102,Health check passed: {service}
80800,2026-01-15,18:07:32,INFO,OrderProcessor,Page view: /home by u2336,E103,Page view: {page} by {user}
80801,2026-01-15,18:24:45,INFO,WebServer,Transaction tx529946 completed in 1976ms,E104,Transaction {tx} completed in {time}ms
80802,2026-01-15,18:18:12,INFO,WebServer,User u3775 login successful,E101,User {user} login successful
80803,2026-01-15,18:26:49,INFO,WebServer,User u3386 login successful,E101,User {user} login successful
80804,2026-01-15,18:43:16,INFO,WebServer,Health check passed: WebServer,E102,Health check passed: {service}
80805,2026-01-15,18:19:00,INFO,PaymentGateway,Health check passed: PaymentGateway,E102,Health check passed: {service}
80806,2026-01-15,18:43:53,INFO,OrderProcessor,Transaction tx260955 completed in 234ms,E104,Transaction {tx} completed in {time}ms
80807,2026-01-15,18:53:56,INFO,WebServer,User u3315 login successful,E101,User {user} login successful
80808,2026-01-15,18:50:03,INFO,WebServer,Transaction tx984472 completed in 1539ms,E104,Transaction {tx} completed in {time}ms
80809,2026-01-15,18:15:19,WARN,AuthService,High latency (371ms) detected on AuthService,E201,High latency ({time}ms) detected on {service}
80810,2026-01-15,18:52:58,INFO,AuthService,Health check passed: AuthService,E102,Health check passed: {service}
80811,2026-01-15,18:26:48,INFO,WebServer,Transaction tx694044 completed in 227ms,E104,Transaction {tx} completed in {time}ms
80812,2026-01-15,18:33:20,INFO,WebServer,Health check passed: WebServer,E102,Health check passed: {service}
80813,2026-01-15,18:35:12,INFO,AuthService,Transaction tx723379 completed in 1737ms,E104,Transaction {tx} completed in {time}ms
80814,2026-01-15,18:15:48,INFO,WebServer,Transaction tx494534 completed in 996ms,E104,Transaction {tx} completed in {time}ms
80815,2026-01-15,18:21:47,INFO,PaymentGateway,Transaction tx784182 completed in 266ms,E104,Transaction {tx} completed in {time}ms
80816,2026-01-15,18:18:11,INFO,AuthService,Transaction tx359569 completed in 1127ms,E104,Transaction {tx} completed in {time}ms
80817,2026-01-15,18:33:27,INFO,OrderProcessor,User u1133 login successful,E101,User {user} login successful
80818,2026-01-15,18:11:28,INFO,AuthService,User u3051 login successful,E101,User {user} login successful
80819,2026-01-15,18:23:21,INFO,WebServer,Page view: /home by u1507,E103,Page view: {page} by {user}
80820,2026-01-15,18:10:40,CRITICAL,PaymentGateway,KERNEL PANIC: Node node-4 crashed,E601,KERNEL PANIC: Node {node} crashed
80821,2026-01-15,18:50:16,INFO,WebServer,Page view: /home by u2625,E103,Page view: {page} by {user}
80822,2026-01-15,18:19:07,INFO,AuthService,Page view: /home by u4831,E103,Page view: {page} by {user}
80823,2026-01-15,18:41:16,WARN,PaymentGateway,Disk usage > 85% on node node-4,E202,Disk usage > 85% on node {node}
80824,2026-01-15,18:56:20,INFO,OrderProcessor,Health check passed: OrderProcessor,E102,Health check passed: {service}
80825,2026-01-15,18:58:53,INFO,WebServer,User u3520 login successful,E101,User {user} login successful
80826,2026-01-15,18:20:14,INFO,AuthService,Transaction tx185136 completed in 1755ms,E104,Transaction {tx} completed in {time}ms
80827,2026-01-15,18:24:20,INFO,PaymentGateway,Page view: /home by u2199,E103,Page view: {page} by {user}
80828,2026-01-15,18:25:26,INFO,WebServer,User u4015 login successful,E101,User {user} login successful
80829,2026-01-15,18:53:04,INFO,PaymentGateway,User u1634 login successful,E101,User {user} login successful
80830,2026-01-15,18:13:16,INFO,OrderProcessor,Page view: /home by u1650,E103,Page view: {page} by {user}
80831,2026-01-15,18:29:10,INFO,WebServer,User u3602 login successful,E101,User {user} login successful
80832,2026-01-15,18:05:18,INFO,WebServer,Page view: /home by u1637,E103,Page view: {page} by {user}
80833,2026-01-15,18:15:09,INFO,InventoryDB,Transaction tx688054 completed in 1195ms,E104,Transaction {tx} completed in {time}ms
80834,2026-01-15,18:54:27,INFO,InventoryDB,Transaction tx416607 completed in 1401ms,E104,Transaction {tx} completed in {time}ms
80835,2026-01-15,18:13:12,INFO,WebServer,Transaction tx716939 completed in 1519ms,E104,Transaction {tx} completed in {time}ms
80836,2026-01-15,18:18:48,INFO,AuthService,Page view: /home by u3619,E103,Page view: {page} by {user}
80837,2026-01-15,18:29:15,INFO,WebServer,Health check passed: WebServer,E102,Health check passed: {service}
80838,2026-01-15,18:32:12,INFO,OrderProcessor,User u1024 login successful,E101,User {user} login successful
80839,2026-01-15,18:15:53,INFO,WebServer,User u1917 login successful,E101,User {user} login successful
80840,2026-01-15,18:48:42,INFO,WebServer,Health check passed: WebServer,E102,Health check passed: {service}
80841,2026-01-15,18:51:21,INFO,WebServer,User u1791 login successful,E101,User {user} login successful
80842,2026-01-15,18:59:28,INFO,AuthService,Transaction tx726349 completed in 1326ms,E104,Transaction {tx} completed in {time}ms
80843,2026-01-15,18:27:04,INFO,WebServer,User u2112 login successful,E101,User {user} login successful
80844,2026-01-15,18:38:18,INFO,WebServer,Page view: /home by u1067,E103,Page view: {page} by {user}
80845,2026-01-15,18:37:29,INFO,WebServer,Health check passed: WebServer,E102,Health check passed: {service}
80846,2026-01-15,18:24:55,INFO,WebServer,Page view: /home by u1104,E103,Page view: {page} by {user}
80847,2026-01-15,18:35:51,INFO,InventoryDB,Transaction tx424879 completed in 1897ms,E104,Transaction {tx} completed in {time}ms
80848,2026-01-15,18:42:49,INFO,InventoryDB,Health check passed: InventoryDB,E102,Health check passed: {service}
80849,2026-01-15,18:41:36,INFO,WebServer,Page view: /home by u1616,E103,Page view: {page} by {user}
80850,2026-01-15,18:45:51,INFO,WebServer,User u3959 login successful,E101,User {user} login successful
80851,2026-01-15,18:16:00,INFO,WebServer,Transaction tx748846 completed in 1098ms,E104,Transaction {tx} completed in {time}ms
80852,2026-01-15,18:28:17,INFO,AuthService,Page view: /home by u4542,E103,Page view: {page} by {user}
80853,2026-01-15,18:51:37,INFO,AuthService,Page view: /home by u2939,E103,Page view: {page} by {user}
80854,2026-01-15,18:22:29,INFO,WebServer,Page view: /home by u2387,E103,Page view: {page} by {user}
80855,2026-01-15,18:13:06,INFO,OrderProcessor,Health check passed: OrderProcessor,E102,Health check passed: {service}
80856,2026-01-15,18:21:17,INFO,WebServer,Health check passed: WebServer,E102,Health check passed: {service}
80857,2026-01-15,18:14:04,INFO,WebServer,Page view: /home by u4600,E103,Page view: {page} by {user}
80858,2026-01-15,18:22:46,INFO,WebServer,Transaction tx355137 completed in 1484ms,E104,Transaction {tx} completed in {time}ms
80859,2026-01-15,18:50:31,INFO,AuthService,Health check passed: AuthService,E102,Health check passed: {service}
80860,2026-01-15,18:54:49,INFO,WebServer,User u1979 login successful,E101,User {user} login successful
80861,2026-01-15,18:32:23,ERROR,WebServer,Connection refused to WebServer at 10.0.0.10,E501,Connection refused to {service} at {ip}
80862,2026-01-15,18:00:10,INFO,AuthService,Health check passed: AuthService,E102,Health check passed: {service}
80863,2026-01-15,18:11:16,WARN,WebServer,Unauthorized access attempt from 10.0.0.12,E401,Unauthorized access attempt from {ip}
80864,2026-01-15,18:14:48,INFO,PaymentGateway,Page view: /home by u4931,E103,Page view: {page} by {user}
80865,2026-01-15,18:20:42,WARN,WebServer,High latency (1949ms) detected on WebServer,E201,High latency ({time}ms) detected on {service}
80866,2026-01-15,18:48:38,INFO,WebServer,Page view: /home by u3773,E103,Page view: {page} by {user}
80867,2026-01-15,18:56:29,INFO,WebServer,Transaction tx851082 completed in 680ms,E104,Transaction {tx} completed in {time}ms
80868,2026-01-15,18:11:27,INFO,AuthService,User u4878 login successful,E101,User {user} login successful
80869,2026-01-15,18:05:13,INFO,AuthService,User u3323 login successful,E101,User {user} login successful
80870,2026-01-15,18:52:59,INFO,WebServer,Health check passed: WebServer,E102,Health check passed: {service}
80871,2026-01-15,18:34:28,INFO,InventoryDB,Transaction tx186279 completed in 1907ms,E104,Transaction {tx} completed in {time}ms
80872,2026-01-15,18:21:11,INFO,PaymentGateway,Page view: /home by u3904,E103,Page view: {page} by {user}
80873,2026-01-15,18:35:17,WARN,AuthService,Unauthorized access attempt from 10.0.0.88,E401,Unauthorized access attempt from {ip}
80874,2026-01-15,18:37:30,WARN,WebServer,Disk usage > 85% on node node-2,E202,Disk usage > 85% on node {node}
80875,2026-01-15,18:29:47,INFO,OrderProcessor,Page view: /home by u2932,E103,Page view: {page} by {user}
80876,2026-01-15,18:21:53,INFO,AuthService,Health check passed: AuthService,E102,Health check passed: {service}
80877,2026-01-15,18:54:14,INFO,InventoryDB,Transaction tx854396 completed in 558ms,E104,Transaction {tx} completed in {time}ms
80878,2026-01-15,18:40:31,INFO,WebServer,Transaction tx796866 completed in 270ms,E104,Transaction {tx} completed in {time}ms
80879,2026-01-15,18:22:56,INFO,WebServer,Page view: /home by u1364,E103,Page view: {page} by {user}
80880,2026-01-15,18:20:57,INFO,WebServer,User u4804 login successful,E101,User {user} login successful
80881,2026-01-15,18:07:06,INFO,AuthService,Transaction tx471970 completed in 1347ms,E104,Transaction {tx} completed in {time}ms
80882,2026-01-15,18:53:19,INFO,InventoryDB,Health check passed: InventoryDB,E102,Health check passed: {service}
80883,2026-01-15,18:06:23,INFO,AuthService,Page view: /home by u3145,E103,Page view: {page} by {user}
80884,2026-01-15,18:03:49,INFO,WebServer,Page view: /home by u2894,E103,Page view: {page} by {user}
80885,2026-01-15,18:05:11,INFO,AuthService,Page view: /home by u3870,E103,Page view: {page} by {user}
80886,2026-01-15,18:37:56,INFO,WebServer,User u3295 login successful,E101,User {user} login successful
80887,2026-01-15,18:43:46,INFO,WebServer,Health check passed: WebServer,E102,Health check passed: {service}
80888,2026-01-15,18:35:33,INFO,WebServer,User u1872 login successful,E101,User {user} login successful
80889,2026-01-15,18:45:24,INFO,WebServer,Page view: /home by u1733,E103,Page view: {page} by {user}
80890,2026-01-15,18:10:02,INFO,WebServer,Transaction tx368470 completed in 361ms,E104,Transaction {tx} completed in {time}ms
80891,2026-01-15,18:58:29,INFO,WebServer,Transaction tx528614 completed in 1046ms,E104,Transaction {tx} completed in {time}ms
80892,2026-01-15,18:43:15,INFO,WebServer,Page view: /home by u4618,E103,Page view: {page} by {user}
80893,2026-01-15,18:58:02,INFO,WebServer,Page view: /home by u4557,E103,Page view: {page} by {user}
80894,2026-01-15,18:04:57,INFO,WebServer,Page view: /home by u1912,E103,Page view: {page} by {user}
80895,2026-01-15,18:05:08,INFO,WebServer,User u1304 login successful,E101,User {user} login successful
80896,2026-01-15,18:52:35,ERROR,PaymentGateway,Payment declined: Gateway unavailable,E503,Payment declined: Gateway unavailable
80897,2026-01-15,18:58:48,INFO,WebServer,User u1466 login successful,E101,User {user} login successful
80898,2026-01-15,18:09:54,INFO,WebServer,Transaction tx263820 completed in 1657ms,E104,Transaction {tx} completed in {time}ms
80899,2026-01-15,18:05:49,INFO,WebServer,Page view: /home by u3746,E103,Page view: {page} by {user}
80900,2026-01-15,18:14:18,INFO,AuthService,User u1940 login successful,E101,User {user} login successful
80901,2026-01-15,18:20:15,INFO,WebServer,Transaction tx190919 completed in 1747ms,E104,Transaction {tx} completed in {time}ms
80902,2026-01-15,18:23:40,INFO,WebServer,Page view: /home by u4276,E103,Page view: {page} by {user}
80903,2026-01-15,18:12:54,INFO,PaymentGateway,Page view: /home by u3514,E103,Page view: {page} by {user}
80904,2026-01-15,18:27:46,INFO,AuthService,Health check passed: AuthService,E102,Health check passed: {service}
80905,2026-01-15,18:42:05,INFO,PaymentGateway,User u4876 login successful,E101,User {user} login successful
80906,2026-01-15,18:37:37,INFO,OrderProcessor,User u4800 login successful,E101,User {user} login successful
80907,2026-01-15,18:37:40,INFO,AuthService,Transaction tx716599 completed in 478ms,E104,Transaction {tx} completed in {time}ms
80908,2026-01-15,18:26:06,CRITICAL,OrderProcessor,KERNEL PANIC: Node node-1 crashed,E601,KERNEL PANIC: Node {node} crashed
80909,2026-01-15,18:14:09,CRITICAL,PaymentGateway,DATA CORRUPTION detected in sector 722,E602,DATA CORRUPTION detected in sector {sector}
80910,2026-01-15,18:43:44,WARN,WebServer,Unauthorized access attempt from 10.0.0.99,E401,Unauthorized access attempt from {ip}
80911,2026-01-15,18:26:11,CRITICAL,AuthService,DATA CORRUPTION detected in sector 243,E602,DATA CORRUPTION detected in sector {sector}
80912,2026-01-15,18:35:12,INFO,OrderProcessor,Page view: /home by u2610,E103,Page view: {page} by {user}
80913,2026-01-15,18:54:08,CRITICAL,PaymentGateway,DATA CORRUPTION detected in sector 365,E602,DATA CORRUPTION detected in sector {sector}
80914,2026-01-15,18:20:35,INFO,WebServer,User u1700 login successful,E101,User {user} login successful
80915,2026-01-15,18:33:40,INFO,AuthService,Health check passed: AuthService,E102,Health check passed: {service}
80916,2026-01-15,18:37:36,INFO,WebServer,Health check passed: WebServer,E102,Health check passed: {service}
80917,2026-01-15,18:06:14,INFO,WebServer,User u3084 login successful,E101,User {user} login successful
80918,2026-01-15,18:37:44,INFO,WebServer,User u2745 login successful,E101,User {user} login successful
80919,2026-01-15,18:49:41,INFO,WebServer,User u2167 login successful,E101,User {user} login successful
80920,2026-01-15,18:05:19,INFO,OrderProcessor,Transaction tx296740 completed in 864ms,E104,Transaction {tx} completed in {time}ms
80921,2026-01-15,18:39:50,INFO,PaymentGateway,User u3589 login successful,E101,User {user} login successful
80922,2026-01-15,18:27:26,INFO,AuthService,Health check passed: AuthService,E102,Health check passed: {service}
80923,2026-01-15,18:28:48,INFO,OrderProcessor,Transaction tx359581 completed in 1979ms,E104,Transaction {tx} completed in {time}ms
80924,2026-01-15,18:42:02,INFO,WebServer,User u2216 login successful,E101,User {user} login successful
80925,2026-01-15,18:49:44,INFO,PaymentGateway,Page view: /home by u3756,E103,Page view: {page} by {user}
80926,2026-01-15,18:26:09,INFO,OrderProcessor,User u2980 login successful,E101,User {user} login successful
80927,2026-01-15,18:22:34,INFO,WebServer,Health check passed: WebServer,E102,Health check passed: {service}
80928,2026-01-15,18:18:18,INFO,PaymentGateway,User u4110 login successful,E101,User {user} login successful
80929,2026-01-15,18:01:42,INFO,AuthService,User u2774 login successful,E101,User {user} login successful
80930,2026-01-15,18:30:03,INFO,WebServer,Page view: /home by u3662,E103,Page view: {page} by {user}
80931,2026-01-15,18:18:12,INFO,WebServer,Transaction tx274770 completed in 334ms,E104,Transaction {tx} completed in {time}ms
80932,2026-01-15,18:25:24,ERROR,WebServer,Connection refused to WebServer at 10.0.0.45,E501,Connection refused to {service} at {ip}
80933,2026-01-15,18:28:32,ERROR,WebServer,Payment declined: Gateway unavailable,E503,Payment declined: Gateway unavailable
80934,2026-01-15,18:30:15,INFO,PaymentGateway,Page view: /home by u1942,E103,Page view: {page} by {user}
80935,2026-01-15,18:59:12,WARN,AuthService,Disk usage > 85% on node node-4,E202,Disk usage > 85% on node {node}
80936,2026-01-15,18:32:49,INFO,InventoryDB,User u1605 login successful,E101,User {user} login successful
80937,2026-01-15,18:55:36,INFO,OrderProcessor,Transaction tx360545 completed in 126ms,E104,Transaction {tx} completed in {time}ms
80938,2026-01-15,18:13:27,INFO,WebServer,Health check passed: WebServer,E102,Health check passed: {service}
80939,2026-01-15,18:15:54,INFO,OrderProcessor,Transaction tx352212 completed in 343ms,E104,Transaction {tx} completed in {time}ms
80940,2026-01-15,18:45:53,INFO,PaymentGateway,Page view: /home by u3926,E103,Page view: {page} by {user}
80941,2026-01-15,18:09:20,INFO,OrderProcessor,Transaction tx237291 completed in 483ms,E104,Transaction {tx} completed in {time}ms
80942,2026-01-15,18:57:13,INFO,WebServer,Page view: /home by u1754,E103,Page view: {page} by {user}
80943,2026-01-15,18:10:59,INFO,PaymentGateway,Health check passed: PaymentGateway,E102,Health check passed: {service}
80944,2026-01-15,18:55:44,INFO,WebServer,Page view: /home by u1323,E103,Page view: {page} by {user}
80945,2026-01-15,18:53:27,WARN,WebServer,High latency (1019ms) detected on WebServer,E201,High latency ({time}ms) detected on {service}
80946,2026-01-15,18:11:55,INFO,WebServer,User u2116 login successful,E101,User {user} login successful
80947,2026-01-15,18:54:42,INFO,WebServer,User u4331 login successful,E101,User {user} login successful
80948,2026-01-15,18:40:59,INFO,OrderProcessor,User u4446 login successful,E101,User {user} login successful
80949,2026-01-15,18:25:37,INFO,WebServer,Transaction tx681266 completed in 1758ms,E104,Transaction {tx} completed in {time}ms
80950,2026-01-15,18:07:12,INFO,AuthService,User u4286 login successful,E101,User {user} login successful
80951,2026-01-15,18:19:23,INFO,OrderProcessor,Health check passed: OrderProcessor,E102,Health check passed: {service}
80952,2026-01-15,18:22:19,INFO,PaymentGateway,Page view: /home by u4402,E103,Page view: {page} by {user}
80953,2026-01-15,18:53:26,INFO,AuthService,Transaction tx749895 completed in 1614ms,E104,Transaction {tx} completed in {time}ms
80954,2026-01-15,18:12:58,INFO,WebServer,User u3328 login successful,E101,User {user} login successful
80955,2026-01-15,18:45:59,INFO,InventoryDB,Health check passed: InventoryDB,E102,Health check passed: {service}
80956,2026-01-15,18:38:01,WARN,PaymentGateway,High latency (893ms) detected on PaymentGateway,E201,High latency ({time}ms) detected on {service}
80957,2026-01-15,18:53:43,INFO,AuthService,Transaction tx899905 completed in 1113ms,E104,Transaction {tx} completed in {time}ms
80958,2026-01-15,18:04:06,INFO,WebServer,Page view: /home by u2500,E103,Page view: {page} by {user}
80959,2026-01-15,18:50:06,INFO,PaymentGateway,Page view: /home by u1764,E103,Page view: {page} by {user}
80960,2026-01-15,18:15:07,CRITICAL,OrderProcessor,DATA CORRUPTION detected in sector 166,E602,DATA CORRUPTION detected in sector {sector}
80961,2026-01-15,18:07:44,INFO,WebServer,User u1531 login successful,E101,User {user} login successful
80962,2026-01-15,18:27:32,INFO,AuthService,Page view: /home by u4419,E103,Page view: {page} by {user}
80963,2026-01-15,18:46:39,INFO,AuthService,Page view: /home by u2149,E103,Page view: {page} by {user}
80964,2026-01-15,18:09:11,INFO,WebServer,User u1929 login successful,E101,User {user} login successful
80965,2026-01-15,18:12:38,INFO,WebServer,User u4130 login successful,E101,User {user} login successful
80966,2026-01-15,18:57:01,INFO,WebServer,User u2925 login successful,E101,User {user} login successful
80967,2026-01-15,18:55:18,INFO,WebServer,User u4667 login successful,E101,User {user} login successful
80968,2026-01-15,18:59:08,INFO,WebServer,Page view: /home by u4821,E103,Page view: {page} by {user}
80969,2026-01-15,18:51:41,INFO,OrderProcessor,User u2231 login successful,E101,User {user} login successful
80970,2026-01-15,18:20:58,INFO,WebServer,Transaction tx639126 completed in 1870ms,E104,Transaction {tx} completed in {time}ms
80971,2026-01-15,18:50:01,INFO,WebServer,User u1574 login successful,E101,User {user} login successful
80972,2026-01-15,18:51:59,INFO,WebServer,Page view: /home by u1207,E103,Page view: {page} by {user}
80973,2026-01-15,18:09:00,INFO,AuthService,Transaction tx709658 completed in 889ms,E104,Transaction {tx} completed in {time}ms
80974,2026-01-15,18:52:31,INFO,InventoryDB,Health check passed: InventoryDB,E102,Health check passed: {service}
80975,2026-01-15,18:50:44,WARN,WebServer,Unauthorized access attempt from 10.0.0.45,E401,Unauthorized access attempt from {ip}
80976,2026-01-15,18:28:34,INFO,OrderProcessor,Transaction tx760121 completed in 1847ms,E104,Transaction {tx} completed in {time}ms
80977,2026-01-15,18:50:43,INFO,WebServer,User u4489 login successful,E101,User {user} login successful
80978,2026-01-15,18:54:52,INFO,InventoryDB,Transaction tx537739 completed in 856ms,E104,Transaction {tx} completed in {time}ms
80979,2026-01-15,18:54:51,INFO,AuthService,User u2247 login successful,E101,User {user} login successful
80980,2026-01-15,18:24:58,INFO,WebServer,User u4916 login successful,E101,User {user} login successful
80981,2026-01-15,18:55:51,INFO,WebServer,Transaction tx991536 completed in 405ms,E104,Transaction {tx} completed in {time}ms
80982,2026-01-15,18:30:13,WARN,WebServer,Unauthorized access attempt from 10.0.0.45,E401,Unauthorized access attempt from {ip}
80983,2026-01-15,18:45:53,INFO,WebServer,User u1636 login successful,E101,User {user} login successful
80984,2026-01-15,18:00:54,INFO,WebServer,User u2041 login successful,E101,User {user} login successful
80985,2026-01-15,18:29:51,WARN,WebServer,High latency (1686ms) detected on WebServer,E201,High latency ({time}ms) detected on {service}
80986,2026-01-15,18:44:43,CRITICAL,WebServer,DATA CORRUPTION detected in sector 767,E602,DATA CORRUPTION detected in sector {sector}
80987,2026-01-15,18:00:12,INFO,AuthService,Transaction tx757119 completed in 1454ms,E104,Transaction {tx} completed in {time}ms
80988,2026-01-15,18:00:37,INFO,WebServer,User u2358 login successful,E101,User {user} login successful
80989,2026-01-15,18:29:28,INFO,WebServer,User u1452 login successful,E101,User {user} login successful
80990,2026-01-15,18:31:04,INFO,AuthService,User u2914 login successful,E101,User {user} login successful
80991,2026-01-15,18:31:40,INFO,AuthService,Health check passed: AuthService,E102,Health check passed: {service}
80992,2026-01-15,18:26:23,INFO,WebServer,Transaction tx852018 completed in 737ms,E104,Transaction {tx} completed in {time}ms
80993,2026-01-15,18:39:18,INFO,PaymentGateway,User u4101 login successful,E101,User {user} login successful
80994,2026-01-15,18:15:37,INFO,PaymentGateway,User u3132 login successful,E101,User {user} login successful
80995,2026-01-15,18:43:39,INFO,OrderProcessor,Health check passed: OrderProcessor,E102,Health check passed: {service}
80996,2026-01-15,18:46:08,INFO,WebServer,Health check passed: WebServer,E102,Health check passed: {service}
80997,2026-01-15,18:21:45,INFO,InventoryDB,Transaction tx807879 completed in 1274ms,E104,Transaction {tx} completed in {time}ms
80998,2026-01-15,18:38:45,INFO,InventoryDB,Page view: /home by u2534,E103,Page view: {page} by {user}
80999,2026-01-15,18:53:28,WARN,PaymentGateway,Unauthorized access attempt from 10.0.0.12,E401,Unauthorized access attempt from {ip}
81000,2026-01-15,18:51:10,INFO,AuthService,User u2547 login successful,E101,User {user} login successful
81001,2026-01-15,18:32:59,INFO,AuthService,Page view: /home by u3793,E103,Page view: {page} by {user}
81002,2026-01-15,18:13:12,INFO,InventoryDB,Health check passed: InventoryDB,E102,Health check passed: {service}
81003,2026-01-15,18:56:48,ERROR,AuthService,Timeout waiting for lock on InventoryDB,E502,Timeout waiting for lock on {db}
81004,2026-01-15,18:38:42,INFO,InventoryDB,Health check passed: InventoryDB,E102,Health check passed: {service}
81005,2026-01-15,18:57:31,INFO,WebServer,Health check passed: WebServer,E102,Health check passed: {service}
81006,2026-01-15,18:45:31,INFO,WebServer,Transaction tx649112 completed in 436ms,E104,Transaction {tx} completed in {time}ms
81007,2026-01-15,18:53:37,INFO,OrderProcessor,User u3752 login successful,E101,User {user} login successful
81008,2026-01-15,18:27:36,INFO,PaymentGateway,Page view: /home by u4284,E103,Page view: {page} by {user}
81009,2026-01-15,18:09:06,INFO,WebServer,Transaction tx330527 completed in 301ms,E104,Transaction {tx} completed in {time}ms
81010,2026-01-15,18:23:46,INFO,AuthService,Health check passed: AuthService,E102,Health check passed: {service}
81011,2026-01-15,18:02:07,WARN,WebServer,Unauthorized access attempt from 10.0.0.45,E401,Unauthorized access attempt from {ip}
81012,2026-01-15,18:32:03,INFO,WebServer,Transaction tx725652 completed in 1723ms,E104,Transaction {tx} completed in {time}ms
81013,2026-01-15,18:13:08,WARN,WebServer,High latency (622ms) detected on WebServer,E201,High latency ({time}ms) detected on {service}
81014,2026-01-15,18:53:38,INFO,OrderProcessor,User u3123 login successful,E101,User {user} login successful
81015,2026-01-15,18:01:05,INFO,WebServer,Page view: /home by u1015,E103,Page view: {page} by {user}
81016,2026-01-15,18:38:48,INFO,WebServer,Health check passed: WebServer,E102,Health check passed: {service}
81017,2026-01-15,18:45:56,INFO,WebServer,Transaction tx679123 completed in 1334ms,E104,Transaction {tx} completed in {time}ms
81018,2026-01-15,18:09:57,INFO,WebServer,Page view: /home by u3976,E103,Page view: {page} by {user}
81019,2026-01-15,18:50:00,INFO,AuthService,Health check passed: AuthService,E102,Health check passed: {service}
81020,2026-01-15,18:09:36,ERROR,WebServer,Payment declined: Gateway unavailable,E503,Payment declined: Gateway unavailable
81021,2026-01-15,18:22:34,INFO,AuthService,Health check passed: AuthService,E102,Health check passed: {service}
81022,2026-01-15,18:06:50,INFO,WebServer,User u3364 login successful,E101,User {user} login successful
81023,2026-01-15,18:49:16,INFO,OrderProcessor,Transaction tx366487 completed in 939ms,E104,Transaction {tx} completed in {time}ms
81024,2026-01-15,18:22:17,WARN,OrderProcessor,High latency (503ms) detected on OrderProcessor,E201,High latency ({time}ms) detected on {service}
81025,2026-01-15,18:49:22,INFO,OrderProcessor,Transaction tx274852 completed in 1853ms,E104,Transaction {tx} completed in {time}ms
81026,2026-01-15,18:24:59,INFO,WebServer,User u2820 login successful,E101,User {user} login successful
81027,2026-01-15,18:34:28,INFO,WebServer,Transaction tx279507 completed in 257ms,E104,Transaction {tx} completed in {time}ms
81028,2026-01-15,18:20:58,INFO,OrderProcessor,Page view: /home by u4356,E103,Page view: {page} by {user}
81029,2026-01-15,18:17:15,INFO,PaymentGateway,Health check passed: PaymentGateway,E102,Health check passed: {service}
81030,2026-01-15,18:58:59,INFO,WebServer,User u3274 login successful,E101,User {user} login successful
81031,2026-01-15,18:33:28,INFO,WebServer,Health check passed: WebServer,E102,Health check passed: {service}
81032,2026-01-15,18:02:57,INFO,WebServer,Transaction tx541630 completed in 1295ms,E104,Transaction {tx} completed in {time}ms
81033,2026-01-15,18:52:27,INFO,WebServer,Transaction tx917634 completed in 368ms,E104,Transaction {tx} completed in {time}ms
81034,2026-01-15,18:24:23,INFO,OrderProcessor,Transaction tx518966 completed in 447ms,E104,Transaction {tx} completed in {time}ms
81035,2026-01-15,18:41:57,INFO,AuthService,Page view: /home by u4345,E103,Page view: {page} by {user}
81036,2026-01-15,18:02:10,INFO,OrderProcessor,Health check passed: OrderProcessor,E102,Health check passed: {service}
81037,2026-01-15,18:49:46,INFO,OrderProcessor,Page view: /home by u2509,E103,Page view: {page} by {user}
81038,2026-01-15,18:00:20,INFO,PaymentGateway,Page view: /home by u1384,E103,Page view: {page} by {user}
81039,2026-01-15,18:39:41,INFO,OrderProcessor,Health check passed: OrderProcessor,E102,Health check passed: {service}
81040,2026-01-15,18:58:12,INFO,AuthService,Health check passed: AuthService,E102,Health check passed: {service}
81041,2026-01-15,18:27:19,INFO,WebServer,Transaction tx964288 completed in 1487ms,E104,Transaction {tx} completed in {time}ms
81042,2026-01-15,18:54:57,INFO,AuthService,Transaction tx245107 completed in 1115ms,E104,Transaction {tx} completed in {time}ms
81043,2026-01-15,18:18:43,INFO,AuthService,User u1612 login successful,E101,User {user} login successful
81044,2026-01-15,18:41:05,WARN,AuthService,High latency (592ms) detected on AuthService,E201,High latency ({time}ms) detected on {service}
81045,2026-01-15,18:16:30,INFO,PaymentGateway,Health check passed: PaymentGateway,E102,Health check passed: {service}
81046,2026-01-15,18:56:25,CRITICAL,AuthService,DATA CORRUPTION detected in sector 585,E602,DATA CORRUPTION detected in sector {sector}
81047,2026-01-15,18:12:37,INFO,WebServer,Health check passed: WebServer,E102,Health check passed: {service}
81048,2026-01-15,18:11:50,INFO,PaymentGateway,Health check passed: PaymentGateway,E102,Health check passed: {service}
81049,2026-01-15,18:25:33,INFO,WebServer,Transaction tx453479 completed in 1419ms,E104,Transaction {tx} completed in {time}ms
81050,2026-01-15,18:05:50,INFO,WebServer,Page view: /home by u2902,E103,Page view: {page} by {user}
81051,2026-01-15,18:23:48,INFO,OrderProcessor,Page view: /home by u4218,E103,Page view: {page} by {user}
81052,2026-01-15,18:10:31,INFO,PaymentGateway,Transaction tx898236 completed in 755ms,E104,Transaction {tx} completed in {time}ms
81053,2026-01-15,18:00:47,INFO,AuthService,Transaction tx168433 completed in 165ms,E104,Transaction {tx} completed in {time}ms
81054,2026-01-15,18:00:38,INFO,WebServer,User u4518 login successful,E101,User {user} login successful
81055,2026-01-15,18:54:13,INFO,AuthService,Health check passed: AuthService,E102,Health check passed: {service}
81056,2026-01-15,18:43:28,INFO,WebServer,Health check passed: WebServer,E102,Health check passed: {service}
81057,2026-01-15,18:11:15,INFO,WebServer,Transaction tx725868 completed in 1138ms,E104,Transaction {tx} completed in {time}ms
81058,2026-01-15,18:54:13,INFO,WebServer,Transaction tx914202 completed in 630ms,E104,Transaction {tx} completed in {time}ms
81059,2026-01-15,18:05:28,INFO,WebServer,Transaction tx658692 completed in 1595ms,E104,Transaction {tx} completed in {time}ms
81060,2026-01-15,18:48:00,INFO,OrderProcessor,Transaction tx842998 completed in 982ms,E104,Transaction {tx} completed in {time}ms
81061,2026-01-15,18:55:49,INFO,PaymentGateway,User u4937 login successful,E101,User {user} login successful
81062,2026-01-15,18:59:20,INFO,OrderProcessor,Page view: /home by u4292,E103,Page view: {page} by {user}
81063,2026-01-15,18:40:24,INFO,WebServer,Health check passed: WebServer,E102,Health check passed: {service}
81064,2026-01-15,18:11:41,INFO,WebServer,Page view: /home by u1836,E103,Page view: {page} by {user}
81065,2026-01-15,18:51:32,INFO,WebServer,Health check passed: WebServer,E102,Health check passed: {service}
81066,2026-01-15,18:32:16,INFO,OrderProcessor,Transaction tx857169 completed in 1016ms,E104,Transaction {tx} completed in {time}ms
81067,2026-01-15,18:49:27,INFO,AuthService,User u4180 login successful,E101,User {user} login successful
81068,2026-01-15,18:18:17,INFO,WebServer,Page view: /home by u1664,E103,Page view: {page} by {user}
81069,2026-01-15,18:57:35,INFO,WebServer,User u3707 login successful,E101,User {user} login successful
81070,2026-01-15,18:13:12,INFO,PaymentGateway,Page view: /home by u1557,E103,Page view: {page} by {user}
81071,2026-01-15,18:36:00,INFO,WebServer,User u4003 login successful,E101,User {user} login successful
81072,2026-01-15,18:09:03,INFO,OrderProcessor,Health check passed: OrderProcessor,E102,Health check passed: {service}
81073,2026-01-15,18:02:14,INFO,OrderProcessor,Page view: /home by u4818,E103,Page view: {page} by {user}
81074,2026-01-15,18:22:04,INFO,PaymentGateway,Transaction tx332995 completed in 983ms,E104,Transaction {tx} completed in {time}ms
81075,2026-01-15,18:51:34,INFO,AuthService,Page view: /home by u1934,E103,Page view: {page} by {user}
81076,2026-01-15,18:33:02,INFO,WebServer,Health check passed: WebServer,E102,Health check passed: {service}
81077,2026-01-15,18:24:39,INFO,WebServer,Transaction tx582367 completed in 1658ms,E104,Transaction {tx} completed in {time}ms
81078,2026-01-15,18:48:53,INFO,WebServer,Page view: /home by u1121,E103,Page view: {page} by {user}
81079,2026-01-15,18:35:58,INFO,WebServer,User u4846 login successful,E101,User {user} login successful
81080,2026-01-15,18:37:20,WARN,AuthService,Disk usage > 85% on node node-5,E202,Disk usage > 85% on node {node}
81081,2026-01-15,18:16:05,INFO,WebServer,Page view: /home by u2766,E103,Page view: {page} by {user}
81082,2026-01-15,18:55:59,INFO,AuthService,Transaction tx535368 completed in 290ms,E104,Transaction {tx} completed in {time}ms
81083,2026-01-15,18:01:31,INFO,WebServer,Health check passed: WebServer,E102,Health check passed: {service}
81084,2026-01-15,18:38:12,INFO,AuthService,Transaction tx876982 completed in 893ms,E104,Transaction {tx} completed in {time}ms
81085,2026-01-15,18:13:30,INFO,WebServer,Transaction tx103702 completed in 426ms,E104,Transaction {tx} completed in {time}ms
81086,2026-01-15,18:49:40,INFO,AuthService,Transaction tx567529 completed in 54ms,E104,Transaction {tx} completed in {time}ms
81087,2026-01-15,18:24:49,INFO,OrderProcessor,User u1975 login successful,E101,User {user} login successful
81088,2026-01-15,18:46:38,INFO,AuthService,Transaction tx659160 completed in 1494ms,E104,Transaction {tx} completed in {time}ms
81089,2026-01-15,18:19:28,INFO,WebServer,Transaction tx983642 completed in 771ms,E104,Transaction {tx} completed in {time}ms
81090,2026-01-15,18:39:11,INFO,WebServer,Health check passed: WebServer,E102,Health check passed: {service}
81091,2026-01-15,18:33:40,INFO,OrderProcessor,Page view: /home by u1169,E103,Page view: {page} by {user}
81092,2026-01-15,18:33:45,INFO,WebServer,Health check passed: WebServer,E102,Health check passed: {service}
81093,2026-01-15,18:28:56,INFO,WebServer,Page view: /home by u3342,E103,Page view: {page} by {user}
81094,2026-01-15,18:25:38,INFO,WebServer,Page view: /home by u1279,E103,Page view: {page} by {user}
81095,2026-01-15,18:11:52,INFO,PaymentGateway,Transaction tx907541 completed in 1733ms,E104,Transaction {tx} completed in {time}ms
81096,2026-01-15,18:09:07,INFO,WebServer,User u1903 login successful,E101,User {user} login successful
81097,2026-01-15,18:58:16,WARN,WebServer,Unauthorized access attempt from 10.0.0.99,E401,Unauthorized access attempt from {ip}
81098,2026-01-15,18:33:24,INFO,WebServer,Transaction tx658918 completed in 340ms,E104,Transaction {tx} completed in {time}ms
81099,2026-01-15,18:04:39,INFO,AuthService,Page view: /home by u4387,E103,Page view: {page} by {user}
81100,2026-01-15,18:10:23,INFO,WebServer,Health check passed: WebServer,E102,Health check passed: {service}
81101,2026-01-15,18:31:51,INFO,WebServer,Health check passed: WebServer,E102,Health check passed: {service}
81102,2026-01-15,18:47:46,INFO,WebServer,Page view: /home by u4341,E103,Page view: {page} by {user}
81103,2026-01-15,18:10:27,WARN,WebServer,Disk usage > 85% on node node-2,E202,Disk usage > 85% on node {node}
81104,2026-01-15,18:27:24,INFO,WebServer,Health check passed: WebServer,E102,Health check passed: {service}
81105,2026-01-15,18:11:07,INFO,WebServer,Page view: /home by u3771,E103,Page view: {page} by {user}
81106,2026-01-15,18:19:59,WARN,WebServer,Disk usage > 85% on node node-4,E202,Disk usage > 85% on node {node}
81107,2026-01-15,18:08:02,INFO,WebServer,Health check passed: WebServer,E102,Health check passed: {service}
81108,2026-01-15,18:55:34,INFO,PaymentGateway,Transaction tx259577 completed in 544ms,E104,Transaction {tx} completed in {time}ms
81109,2026-01-15,18:06:23,INFO,AuthService,Health check passed: AuthService,E102,Health check passed: {service}
81110,2026-01-15,18:24:48,INFO,WebServer,Page view: /home by u1135,E103,Page view: {page} by {user}
81111,2026-01-15,18:30:34,INFO,PaymentGateway,User u3158 login successful,E101,User {user} login successful
81112,2026-01-15,18:29:56,INFO,WebServer,Transaction tx286274 completed in 1637ms,E104,Transaction {tx} completed in {time}ms
81113,2026-01-15,18:52:40,INFO,WebServer,Transaction tx132974 completed in 1631ms,E104,Transaction {tx} completed in {time}ms
81114,2026-01-15,18:33:18,INFO,AuthService,Transaction tx968436 completed in 1419ms,E104,Transaction {tx} completed in {time}ms
81115,2026-01-15,18:44:35,INFO,PaymentGateway,Transaction tx683083 completed in 81ms,E104,Transaction {tx} completed in {time}ms
81116,2026-01-15,18:24:02,INFO,AuthService,Health check passed: AuthService,E102,Health check passed: {service}
81117,2026-01-15,18:10:23,INFO,WebServer,Health check passed: WebServer,E102,Health check passed: {service}
81118,2026-01-15,18:58:00,INFO,WebServer,User u4532 login successful,E101,User {user} login successful
81119,2026-01-15,18:02:57,INFO,OrderProcessor,Health check passed: OrderProcessor,E102,Health check passed: {service}
81120,2026-01-15,18:57:00,INFO,WebServer,Page view: /home by u3285,E103,Page view: {page} by {user}
81121,2026-01-15,18:35:18,INFO,InventoryDB,User u4130 login successful,E101,User {user} login successful
81122,2026-01-15,18:45:30,INFO,WebServer,Health check passed: WebServer,E102,Health check passed: {service}
81123,2026-01-15,18:18:49,INFO,AuthService,Health check passed: AuthService,E102,Health check passed: {service}
81124,2026-01-15,18:32:04,INFO,PaymentGateway,Page view: /home by u3075,E103,Page view: {page} by {user}
81125,2026-01-15,18:53:07,INFO,WebServer,Page view: /home by u3695,E103,Page view: {page} by {user}
81126,2026-01-15,18:10:00,WARN,WebServer,Unauthorized access attempt from 10.0.0.45,E401,Unauthorized access attempt from {ip}
81127,2026-01-15,18:19:46,INFO,WebServer,Page view: /home by u2401,E103,Page view: {page} by {user}
81128,2026-01-15,18:51:13,INFO,PaymentGateway,User u1330 login successful,E101,User {user} login successful
81129,2026-01-15,18:58:53,INFO,AuthService,User u3360 login successful,E101,User {user} login successful
81130,2026-01-15,18:36:46,INFO,AuthService,User u4869 login successful,E101,User {user} login successful
81131,2026-01-15,18:18:32,INFO,WebServer,User u4036 login successful,E101,User {user} login successful
81132,2026-01-15,18:03:03,INFO,PaymentGateway,Page view: /home by u2988,E103,Page view: {page} by {user}
81133,2026-01-15,18:35:47,INFO,WebServer,Health check passed: WebServer,E102,Health check passed: {service}
81134,2026-01-15,18:09:19,INFO,PaymentGateway,Transaction tx707248 completed in 1346ms,E104,Transaction {tx} completed in {time}ms
81135,2026-01-15,18:58:16,INFO,OrderProcessor,Transaction tx912069 completed in 166ms,E104,Transaction {tx} completed in {time}ms
81136,2026-01-15,18:07:00,WARN,OrderProcessor,Unauthorized access attempt from 10.0.0.45,E401,Unauthorized access attempt from {ip}
81137,2026-01-15,18:47:16,INFO,InventoryDB,User u3175 login successful,E101,User {user} login successful
81138,2026-01-15,18:03:33,INFO,AuthService,User u1155 login successful,E101,User {user} login successful
81139,2026-01-15,18:00:48,INFO,AuthService,Health check passed: AuthService,E102,Health check passed: {service}
81140,2026-01-15,18:31:49,INFO,WebServer,Page view: /home by u3346,E103,Page view: {page} by {user}
81141,2026-01-15,18:07:14,INFO,WebServer,User u2362 login successful,E101,User {user} login successful
81142,2026-01-15,18:01:18,INFO,WebServer,Page view: /home by u3311,E103,Page view: {page} by {user}
81143,2026-01-15,18:39:39,INFO,AuthService,User u4995 login successful,E101,User {user} login successful
81144,2026-01-15,18:46:24,INFO,OrderProcessor,Transaction tx455356 completed in 1880ms,E104,Transaction {tx} completed in {time}ms
81145,2026-01-15,18:43:49,INFO,WebServer,Health check passed: WebServer,E102,Health check passed: {service}
81146,2026-01-15,18:08:19,INFO,PaymentGateway,User u3240 login successful,E101,User {user} login successful
81147,2026-01-15,18:32:08,INFO,PaymentGateway,Page view: /home by u3126,E103,Page view: {page} by {user}
81148,2026-01-15,18:51:57,INFO,WebServer,User u3601 login successful,E101,User {user} login successful
81149,2026-01-15,18:22:50,INFO,OrderProcessor,Page view: /home by u4929,E103,Page view: {page} by {user}
81150,2026-01-15,18:34:55,INFO,OrderProcessor,Health check passed: OrderProcessor,E102,Health check passed: {service}
81151,2026-01-15,18:59:45,INFO,WebServer,Page view: /home by u1070,E103,Page view: {page} by {user}
81152,2026-01-15,18:38:10,INFO,AuthService,Health check passed: AuthService,E102,Health check passed: {service}
81153,2026-01-15,18:30:27,INFO,AuthService,User u4595 login successful,E101,User {user} login successful
81154,2026-01-15,18:46:23,INFO,WebServer,Transaction tx121773 completed in 365ms,E104,Transaction {tx} completed in {time}ms
81155,2026-01-15,18:54:35,INFO,WebServer,Transaction tx585664 completed in 590ms,E104,Transaction {tx} completed in {time}ms
81156,2026-01-15,18:20:05,INFO,OrderProcessor,Health check passed: OrderProcessor,E102,Health check passed: {service}
81157,2026-01-15,18:25:15,INFO,InventoryDB,Health check passed: InventoryDB,E102,Health check passed: {service}
81158,2026-01-15,18:33:32,INFO,WebServer,Health check passed: WebServer,E102,Health check passed: {service}
81159,2026-01-15,18:03:33,INFO,WebServer,Transaction tx173782 completed in 279ms,E104,Transaction {tx} completed in {time}ms
81160,2026-01-15,18:40:33,INFO,WebServer,Transaction tx778952 completed in 44ms,E104,Transaction {tx} completed in {time}ms
81161,2026-01-15,18:17:16,INFO,PaymentGateway,User u1842 login successful,E101,User {user} login successful
81162,2026-01-15,18:37:46,INFO,OrderProcessor,User u2740 login successful,E101,User {user} login successful
81163,2026-01-15,18:33:40,INFO,AuthService,Page view: /home by u2525,E103,Page view: {page} by {user}
81164,2026-01-15,18:35:33,INFO,OrderProcessor,Health check passed: OrderProcessor,E102,Health check passed: {service}
81165,2026-01-15,18:40:08,INFO,OrderProcessor,Transaction tx143183 completed in 1744ms,E104,Transaction {tx} completed in {time}ms
81166,2026-01-15,18:42:41,INFO,WebServer,User u2889 login successful,E101,User {user} login successful
81167,2026-01-15,18:34:03,INFO,PaymentGateway,Health check passed: PaymentGateway,E102,Health check passed: {service}
81168,2026-01-15,18:46:57,INFO,OrderProcessor,Transaction tx249223 completed in 675ms,E104,Transaction {tx} completed in {time}ms
81169,2026-01-15,18:50:30,INFO,WebServer,Health check passed: WebServer,E102,Health check passed: {service}
81170,2026-01-15,18:15:56,INFO,WebServer,Transaction tx521224 completed in 293ms,E104,Transaction {tx} completed in {time}ms
81171,2026-01-15,18:18:03,INFO,PaymentGateway,Page view: /home by u2209,E103,Page view: {page} by {user}
81172,2026-01-15,18:07:16,INFO,WebServer,User u1744 login successful,E101,User {user} login successful
81173,2026-01-15,18:40:53,INFO,OrderProcessor,Page view: /home by u1301,E103,Page view: {page} by {user}
81174,2026-01-15,18:05:32,INFO,PaymentGateway,User u2664 login successful,E101,User {user} login successful
81175,2026-01-15,18:38:14,INFO,WebServer,User u1374 login successful,E101,User {user} login successful
81176,2026-01-15,18:52:30,INFO,OrderProcessor,Page view: /home by u1438,E103,Page view: {page} by {user}
81177,2026-01-15,18:40:42,INFO,OrderProcessor,User u4404 login successful,E101,User {user} login successful
81178,2026-01-15,18:57:29,INFO,OrderProcessor,User u2567 login successful,E101,User {user} login successful
81179,2026-01-15,18:17:58,INFO,WebServer,Transaction tx766942 completed in 324ms,E104,Transaction {tx} completed in {time}ms
81180,2026-01-15,18:32:21,INFO,WebServer,Health check passed: WebServer,E102,Health check passed: {service}
81181,2026-01-15,18:57:18,INFO,WebServer,Page view: /home by u2041,E103,Page view: {page} by {user}
81182,2026-01-15,18:10:19,INFO,WebServer,Transaction tx230762 completed in 138ms,E104,Transaction {tx} completed in {time}ms
81183,2026-01-15,18:18:14,INFO,WebServer,Transaction tx773151 completed in 993ms,E104,Transaction {tx} completed in {time}ms
81184,2026-01-15,18:44:51,INFO,AuthService,Page view: /home by u3499,E103,Page view: {page} by {user}
81185,2026-01-15,18:45:09,INFO,WebServer,User u3817 login successful,E101,User {user} login successful
81186,2026-01-15,18:30:40,INFO,AuthService,Transaction tx137902 completed in 1854ms,E104,Transaction {tx} completed in {time}ms
81187,2026-01-15,18:34:09,INFO,WebServer,Health check passed: WebServer,E102,Health check passed: {service}
81188,2026-01-15,18:58:25,INFO,OrderProcessor,User u1949 login successful,E101,User {user} login successful
81189,2026-01-15,18:23:15,INFO,InventoryDB,Page view: /home by u3795,E103,Page view: {page} by {user}
81190,2026-01-15,18:48:33,INFO,WebServer,Page view: /home by u1219,E103,Page view: {page} by {user}
81191,2026-01-15,18:17:24,INFO,WebServer,User u4145 login successful,E101,User {user} login successful
81192,2026-01-15,18:59:46,INFO,OrderProcessor,Health check passed: OrderProcessor,E102,Health check passed: {service}
81193,2026-01-15,18:27:20,INFO,WebServer,Transaction tx966670 completed in 434ms,E104,Transaction {tx} completed in {time}ms
81194,2026-01-15,18:38:18,INFO,AuthService,Transaction tx448037 completed in 1819ms,E104,Transaction {tx} completed in {time}ms
81195,2026-01-15,18:23:26,INFO,WebServer,Health check passed: WebServer,E102,Health check passed: {service}
81196,2026-01-15,18:10:23,INFO,WebServer,Page view: /home by u4589,E103,Page view: {page} by {user}
81197,2026-01-15,18:59:19,INFO,WebServer,Transaction tx663092 completed in 1102ms,E104,Transaction {tx} completed in {time}ms
81198,2026-01-15,18:24:39,INFO,WebServer,Transaction tx229028 completed in 1302ms,E104,Transaction {tx} completed in {time}ms
81199,2026-01-15,18:36:01,INFO,WebServer,User u2121 login successful,E101,User {user} login successful
81200,2026-01-15,18:39:04,INFO,PaymentGateway,Health check passed: PaymentGateway,E102,Health check passed: {service}
81201,2026-01-15,18:01:07,INFO,WebServer,User u1249 login successful,E101,User {user} login successful
81202,2026-01-15,18:41:09,INFO,AuthService,User u1089 login successful,E101,User {user} login successful
81203,2026-01-15,18:30:26,INFO,OrderProcessor,Transaction tx571924 completed in 1951ms,E104,Transaction {tx} completed in {time}ms
81204,2026-01-15,18:09:35,INFO,AuthService,User u3208 login successful,E101,User {user} login successful
81205,2026-01-15,18:50:09,INFO,WebServer,Page view: /home by u2937,E103,Page view: {page} by {user}
81206,2026-01-15,18:54:30,INFO,WebServer,Transaction tx245534 completed in 1560ms,E104,Transaction {tx} completed in {time}ms
81207,2026-01-15,18:10:11,WARN,OrderProcessor,Disk usage > 85% on node node-5,E202,Disk usage > 85% on node {node}
81208,2026-01-15,18:41:36,INFO,OrderProcessor,User u4867 login successful,E101,User {user} login successful
81209,2026-01-15,18:01:16,INFO,InventoryDB,Transaction tx587413 completed in 1548ms,E104,Transaction {tx} completed in {time}ms
81210,2026-01-15,18:16:08,INFO,AuthService,Transaction tx614480 completed in 1270ms,E104,Transaction {tx} completed in {time}ms
81211,2026-01-15,18:21:18,INFO,WebServer,Page view: /home by u1223,E103,Page view: {page} by {user}
81212,2026-01-15,18:54:31,INFO,AuthService,Health check passed: AuthService,E102,Health check passed: {service}
81213,2026-01-15,18:19:01,WARN,PaymentGateway,Unauthorized access attempt from 10.0.0.45,E401,Unauthorized access attempt from {ip}
81214,2026-01-15,18:26:56,INFO,WebServer,Page view: /home by u2520,E103,Page view: {page} by {user}
81215,2026-01-15,18:02:51,INFO,AuthService,Page view: /home by u1934,E103,Page view: {page} by {user}
81216,2026-01-15,18:00:04,INFO,AuthService,Page view: /home by u4362,E103,Page view: {page} by {user}
81217,2026-01-15,18:10:39,INFO,AuthService,Health check passed: AuthService,E102,Health check passed: {service}
81218,2026-01-15,18:29:35,INFO,AuthService,Health check passed: AuthService,E102,Health check passed: {service}
81219,2026-01-15,18:54:47,INFO,OrderProcessor,Page view: /home by u2396,E103,Page view: {page} by {user}
81220,2026-01-15,18:07:05,INFO,InventoryDB,Page view: /home by u2516,E103,Page view: {page} by {user}
81221,2026-01-15,18:49:15,CRITICAL,OrderProcessor,DATA CORRUPTION detected in sector 751,E602,DATA CORRUPTION detected in sector {sector}
81222,2026-01-15,18:40:19,INFO,WebServer,Page view: /home by u4657,E103,Page view: {page} by {user}
81223,2026-01-15,18:09:32,WARN,WebServer,Disk usage > 85% on node node-3,E202,Disk usage > 85% on node {node}
81224,2026-01-15,18:17:37,INFO,OrderProcessor,User u1016 login successful,E101,User {user} login successful
81225,2026-01-15,18:34:09,INFO,WebServer,User u3837 login successful,E101,User {user} login successful
81226,2026-01-15,18:13:45,INFO,OrderProcessor,Health check passed: OrderProcessor,E102,Health check passed: {service}
81227,2026-01-15,18:15:09,INFO,WebServer,Page view: /home by u1553,E103,Page view: {page} by {user}
81228,2026-01-15,18:00:43,INFO,WebServer,Transaction tx391132 completed in 1921ms,E104,Transaction {tx} completed in {time}ms
81229,2026-01-15,18:44:02,INFO,WebServer,Health check passed: WebServer,E102,Health check passed: {service}
81230,2026-01-15,18:12:22,INFO,WebServer,User u3999 login successful,E101,User {user} login successful
81231,2026-01-15,18:09:57,INFO,WebServer,Health check passed: WebServer,E102,Health check passed: {service}
81232,2026-01-15,18:03:18,INFO,WebServer,Health check passed: WebServer,E102,Health check passed: {service}
81233,2026-01-15,18:52:23,INFO,WebServer,Health check passed: WebServer,E102,Health check passed: {service}
81234,2026-01-15,18:45:05,INFO,WebServer,User u4362 login successful,E101,User {user} login successful
81235,2026-01-15,18:49:57,INFO,AuthService,Transaction tx911142 completed in 932ms,E104,Transaction {tx} completed in {time}ms
81236,2026-01-15,18:35:25,INFO,WebServer,Page view: /home by u4192,E103,Page view: {page} by {user}
81237,2026-01-15,18:18:57,INFO,AuthService,User u4798 login successful,E101,User {user} login successful
81238,2026-01-15,18:29:11,INFO,AuthService,User u4497 login successful,E101,User {user} login successful
81239,2026-01-15,18:33:20,INFO,WebServer,Health check passed: WebServer,E102,Health check passed: {service}
81240,2026-01-15,18:06:21,INFO,OrderProcessor,Health check passed: OrderProcessor,E102,Health check passed: {service}
81241,2026-01-15,18:17:02,WARN,OrderProcessor,Disk usage > 85% on node node-2,E202,Disk usage > 85% on node {node}
81242,2026-01-15,18:31:29,INFO,InventoryDB,Health check passed: InventoryDB,E102,Health check passed: {service}
81243,2026-01-15,18:01:57,INFO,WebServer,Page view: /home by u4905,E103,Page view: {page} by {user}
81244,2026-01-15,18:29:36,INFO,PaymentGateway,User u4830 login successful,E101,User {user} login successful
81245,2026-01-15,18:55:47,INFO,AuthService,Page view: /home by u1663,E103,Page view: {page} by {user}
81246,2026-01-15,18:47:02,INFO,WebServer,Transaction tx230411 completed in 813ms,E104,Transaction {tx} completed in {time}ms
81247,2026-01-15,18:13:39,INFO,WebServer,Transaction tx976380 completed in 23ms,E104,Transaction {tx} completed in {time}ms
81248,2026-01-15,18:14:19,WARN,WebServer,Disk usage > 85% on node node-2,E202,Disk usage > 85% on node {node}
81249,2026-01-15,18:49:32,INFO,WebServer,Transaction tx157161 completed in 1649ms,E104,Transaction {tx} completed in {time}ms
81250,2026-01-15,18:29:02,INFO,AuthService,Transaction tx262416 completed in 1113ms,E104,Transaction {tx} completed in {time}ms
81251,2026-01-15,18:09:57,INFO,PaymentGateway,User u3314 login successful,E101,User {user} login successful
81252,2026-01-15,18:32:06,INFO,WebServer,User u4667 login successful,E101,User {user} login successful
81253,2026-01-15,18:18:13,INFO,WebServer,Page view: /home by u4729,E103,Page view: {page} by {user}
81254,2026-01-15,18:27:18,INFO,PaymentGateway,Page view: /home by u2003,E103,Page view: {page} by {user}
81255,2026-01-15,18:25:23,INFO,InventoryDB,Transaction tx586479 completed in 1008ms,E104,Transaction {tx} completed in {time}ms
81256,2026-01-15,18:31:04,INFO,WebServer,User u4607 login successful,E101,User {user} login successful
81257,2026-01-15,18:51:57,INFO,OrderProcessor,Transaction tx627752 completed in 1639ms,E104,Transaction {tx} completed in {time}ms
81258,2026-01-15,18:13:51,INFO,WebServer,User u3913 login successful,E101,User {user} login successful
81259,2026-01-15,18:33:29,INFO,OrderProcessor,Transaction tx500001 completed in 1321ms,E104,Transaction {tx} completed in {time}ms
81260,2026-01-15,19:32:08,WARN,OrderProcessor,High latency (567ms) detected on OrderProcessor,E201,High latency ({time}ms) detected on {service}
81261,2026-01-15,19:53:12,INFO,WebServer,Transaction tx981802 completed in 745ms,E104,Transaction {tx} completed in {time}ms
81262,2026-01-15,19:52:51,INFO,OrderProcessor,Health check passed: OrderProcessor,E102,Health check passed: {service}
81263,2026-01-15,19:21:47,INFO,WebServer,Health check passed: WebServer,E102,Health check passed: {service}
81264,2026-01-15,19:31:51,INFO,OrderProcessor,Page view: /home by u1307,E103,Page view: {page} by {user}
81265,2026-01-15,19:46:21,INFO,OrderProcessor,Health check passed: OrderProcessor,E102,Health check passed: {service}
81266,2026-01-15,19:51:37,INFO,InventoryDB,User u3805 login successful,E101,User {user} login successful
81267,2026-01-15,19:53:47,INFO,WebServer,User u2470 login successful,E101,User {user} login successful
81268,2026-01-15,19:44:44,INFO,WebServer,User u1928 login successful,E101,User {user} login successful
81269,2026-01-15,19:50:06,INFO,WebServer,Health check passed: WebServer,E102,Health check passed: {service}
81270,2026-01-15,19:27:09,INFO,WebServer,Page view: /home by u4457,E103,Page view: {page} by {user}
81271,2026-01-15,19:34:14,INFO,WebServer,Transaction tx108717 completed in 837ms,E104,Transaction {tx} completed in {time}ms
81272,2026-01-15,19:23:09,INFO,InventoryDB,Page view: /home by u1907,E103,Page view: {page} by {user}
81273,2026-01-15,19:18:10,INFO,WebServer,User u1907 login successful,E101,User {user} login successful
81274,2026-01-15,19:59:16,INFO,AuthService,Page view: /home by u4376,E103,Page view: {page} by {user}
81275,2026-01-15,19:00:57,INFO,OrderProcessor,Transaction tx761509 completed in 1300ms,E104,Transaction {tx} completed in {time}ms
81276,2026-01-15,19:48:02,INFO,WebServer,Health check passed: WebServer,E102,Health check passed: {service}
81277,2026-01-15,19:13:47,INFO,AuthService,Transaction tx633307 completed in 1013ms,E104,Transaction {tx} completed in {time}ms
81278,2026-01-15,19:33:30,INFO,WebServer,User u1450 login successful,E101,User {user} login successful
81279,2026-01-15,19:33:33,INFO,PaymentGateway,Transaction tx361791 completed in 26ms,E104,Transaction {tx} completed in {time}ms
81280,2026-01-15,19:05:04,INFO,WebServer,User u2901 login successful,E101,User {user} login successful
81281,2026-01-15,19:09:21,INFO,WebServer,Transaction tx834660 completed in 807ms,E104,Transaction {tx} completed in {time}ms
81282,2026-01-15,19:41:38,INFO,OrderProcessor,User u1118 login successful,E101,User {user} login successful
81283,2026-01-15,19:12:20,INFO,AuthService,User u1422 login successful,E101,User {user} login successful
81284,2026-01-15,19:07:33,INFO,WebServer,Page view: /home by u4667,E103,Page view: {page} by {user}
81285,2026-01-15,19:41:54,INFO,PaymentGateway,Health check passed: PaymentGateway,E102,Health check passed: {service}
81286,2026-01-15,19:11:52,INFO,OrderProcessor,Health check passed: OrderProcessor,E102,Health check passed: {service}
81287,2026-01-15,19:34:32,INFO,WebServer,Health check passed: WebServer,E102,Health check passed: {service}
81288,2026-01-15,19:01:20,INFO,PaymentGateway,Health check passed: PaymentGateway,E102,Health check passed: {service}
81289,2026-01-15,19:48:21,INFO,AuthService,Health check passed: AuthService,E102,Health check passed: {service}
81290,2026-01-15,19:07:17,INFO,AuthService,Page view: /home by u2322,E103,Page view: {page} by {user}
81291,2026-01-15,19:57:20,INFO,WebServer,Transaction tx220255 completed in 1975ms,E104,Transaction {tx} completed in {time}ms
81292,2026-01-15,19:26:59,INFO,AuthService,User u2781 login successful,E101,User {user} login successful
81293,2026-01-15,19:10:55,INFO,AuthService,Transaction tx965250 completed in 1513ms,E104,Transaction {tx} completed in {time}ms
81294,2026-01-15,19:04:57,INFO,WebServer,Transaction tx985608 completed in 410ms,E104,Transaction {tx} completed in {time}ms
81295,2026-01-15,19:54:46,WARN,WebServer,High latency (1803ms) detected on WebServer,E201,High latency ({time}ms) detected on {service}
81296,2026-01-15,19:02:12,INFO,PaymentGateway,Page view: /home by u2648,E103,Page view: {page} by {user}
81297,2026-01-15,19:55:38,INFO,PaymentGateway,Page view: /home by u3847,E103,Page view: {page} by {user}
81298,2026-01-15,19:15:34,INFO,WebServer,Page view: /home by u1065,E103,Page view: {page} by {user}
81299,2026-01-15,19:36:45,INFO,WebServer,Page view: /home by u2796,E103,Page view: {page} by {user}
81300,2026-01-15,19:37:34,INFO,AuthService,Transaction tx769801 completed in 481ms,E104,Transaction {tx} completed in {time}ms
81301,2026-01-15,19:42:14,INFO,PaymentGateway,Transaction tx568914 completed in 1372ms,E104,Transaction {tx} completed in {time}ms
81302,2026-01-15,19:35:42,INFO,WebServer,Transaction tx812577 completed in 1611ms,E104,Transaction {tx} completed in {time}ms
81303,2026-01-15,19:59:58,INFO,WebServer,Page view: /home by u2920,E103,Page view: {page} by {user}
81304,2026-01-15,19:46:03,INFO,WebServer,Page view: /home by u2885,E103,Page view: {page} by {user}
81305,2026-01-15,19:59:44,INFO,PaymentGateway,Transaction tx140555 completed in 1962ms,E104,Transaction {tx} completed in {time}ms
81306,2026-01-15,19:54:19,INFO,WebServer,Health check passed: WebServer,E102,Health check passed: {service}
81307,2026-01-15,19:13:50,INFO,InventoryDB,Health check passed: InventoryDB,E102,Health check passed: {service}
81308,2026-01-15,19:04:05,INFO,WebServer,Transaction tx630959 completed in 1122ms,E104,Transaction {tx} completed in {time}ms
81309,2026-01-15,19:12:47,INFO,AuthService,Transaction tx679383 completed in 736ms,E104,Transaction {tx} completed in {time}ms
81310,2026-01-15,19:05:15,INFO,WebServer,Transaction tx498439 completed in 1395ms,E104,Transaction {tx} completed in {time}ms
81311,2026-01-15,19:40:50,INFO,WebServer,Health check passed: WebServer,E102,Health check passed: {service}
81312,2026-01-15,19:23:24,INFO,WebServer,Transaction tx732404 completed in 1260ms,E104,Transaction {tx} completed in {time}ms
81313,2026-01-15,19:52:50,INFO,WebServer,Page view: /home by u4864,E103,Page view: {page} by {user}
81314,2026-01-15,19:11:35,INFO,WebServer,Page view: /home by u1919,E103,Page view: {page} by {user}
81315,2026-01-15,19:59:17,INFO,WebServer,Page view: /home by u4765,E103,Page view: {page} by {user}
81316,2026-01-15,19:51:37,INFO,OrderProcessor,Transaction tx969328 completed in 729ms,E104,Transaction {tx} completed in {time}ms
81317,2026-01-15,19:43:50,INFO,WebServer,Page view: /home by u4693,E103,Page view: {page} by {user}
81318,2026-01-15,19:38:25,INFO,PaymentGateway,User u1579 login successful,E101,User {user} login successful
81319,2026-01-15,19:58:47,INFO,WebServer,Page view: /home by u3018,E103,Page view: {page} by {user}
81320,2026-01-15,19:57:10,INFO,AuthService,Transaction tx833961 completed in 469ms,E104,Transaction {tx} completed in {time}ms
81321,2026-01-15,19:05:01,INFO,AuthService,Transaction tx698026 completed in 1452ms,E104,Transaction {tx} completed in {time}ms
81322,2026-01-15,19:34:32,INFO,WebServer,Health check passed: WebServer,E102,Health check passed: {service}
81323,2026-01-15,19:30:40,INFO,OrderProcessor,Transaction tx325178 completed in 753ms,E104,Transaction {tx} completed in {time}ms
81324,2026-01-15,19:25:23,INFO,WebServer,User u2008 login successful,E101,User {user} login successful
81325,2026-01-15,19:18:48,INFO,WebServer,Page view: /home by u3000,E103,Page view: {page} by {user}
81326,2026-01-15,19:57:09,INFO,OrderProcessor,Transaction tx787080 completed in 1877ms,E104,Transaction {tx} completed in {time}ms
81327,2026-01-15,19:39:19,WARN,PaymentGateway,Unauthorized access attempt from 10.0.0.45,E401,Unauthorized access attempt from {ip}
81328,2026-01-15,19:15:33,INFO,WebServer,Page view: /home by u1897,E103,Page view: {page} by {user}
81329,2026-01-15,19:47:40,INFO,WebServer,Transaction tx830182 completed in 417ms,E104,Transaction {tx} completed in {time}ms
81330,2026-01-15,19:18:24,INFO,AuthService,Page view: /home by u2761,E103,Page view: {page} by {user}
81331,2026-01-15,19:03:13,INFO,WebServer,User u3828 login successful,E101,User {user} login successful
81332,2026-01-15,19:41:00,INFO,WebServer,Transaction tx776483 completed in 1435ms,E104,Transaction {tx} completed in {time}ms
81333,2026-01-15,19:14:05,INFO,OrderProcessor,Transaction tx694361 completed in 838ms,E104,Transaction {tx} completed in {time}ms
81334,2026-01-15,19:29:32,INFO,WebServer,User u2675 login successful,E101,User {user} login successful
81335,2026-01-15,19:37:31,INFO,WebServer,Health check passed: WebServer,E102,Health check passed: {service}
81336,2026-01-15,19:07:39,INFO,WebServer,Page view: /home by u3344,E103,Page view: {page} by {user}
81337,2026-01-15,19:14:57,INFO,PaymentGateway,Health check passed: PaymentGateway,E102,Health check passed: {service}
81338,2026-01-15,19:40:21,INFO,AuthService,Transaction tx392341 completed in 271ms,E104,Transaction {tx} completed in {time}ms
81339,2026-01-15,19:11:54,INFO,OrderProcessor,Health check passed: OrderProcessor,E102,Health check passed: {service}
81340,2026-01-15,19:26:34,INFO,OrderProcessor,Transaction tx293238 completed in 60ms,E104,Transaction {tx} completed in {time}ms
81341,2026-01-15,19:34:51,INFO,AuthService,Health check passed: AuthService,E102,Health check passed: {service}
81342,2026-01-15,19:16:56,INFO,OrderProcessor,Health check passed: OrderProcessor,E102,Health check passed: {service}
81343,2026-01-15,19:16:52,INFO,InventoryDB,User u4390 login successful,E101,User {user} login successful
81344,2026-01-15,19:14:01,INFO,AuthService,Transaction tx202237 completed in 219ms,E104,Transaction {tx} completed in {time}ms
81345,2026-01-15,19:45:47,ERROR,WebServer,Connection refused to WebServer at 10.0.0.45,E501,Connection refused to {service} at {ip}
81346,2026-01-15,19:00:52,INFO,WebServer,Page view: /home by u3903,E103,Page view: {page} by {user}
81347,2026-01-15,19:37:16,INFO,OrderProcessor,Transaction tx273514 completed in 1799ms,E104,Transaction {tx} completed in {time}ms
81348,2026-01-15,19:56:35,INFO,PaymentGateway,Health check passed: PaymentGateway,E102,Health check passed: {service}
81349,2026-01-15,19:07:57,INFO,AuthService,Health check passed: AuthService,E102,Health check passed: {service}
81350,2026-01-15,19:58:25,INFO,AuthService,Health check passed: AuthService,E102,Health check passed: {service}
81351,2026-01-15,19:56:11,INFO,OrderProcessor,Page view: /home by u3558,E103,Page view: {page} by {user}
81352,2026-01-15,19:25:14,INFO,WebServer,Transaction tx396052 completed in 224ms,E104,Transaction {tx} completed in {time}ms
81353,2026-01-15,19:19:59,INFO,AuthService,Health check passed: AuthService,E102,Health check passed: {service}
81354,2026-01-15,19:18:31,INFO,OrderProcessor,Page view: /home by u4465,E103,Page view: {page} by {user}
81355,2026-01-15,19:47:21,INFO,PaymentGateway,User u2439 login successful,E101,User {user} login successful
81356,2026-01-15,19:33:04,INFO,WebServer,User u1663 login successful,E101,User {user} login successful
81357,2026-01-15,19:27:05,INFO,WebServer,Page view: /home by u1427,E103,Page view: {page} by {user}
81358,2026-01-15,19:51:12,WARN,AuthService,Disk usage > 85% on node node-5,E202,Disk usage > 85% on node {node}
81359,2026-01-15,19:01:51,INFO,AuthService,Health check passed: AuthService,E102,Health check passed: {service}
81360,2026-01-15,19:41:45,INFO,WebServer,Health check passed: WebServer,E102,Health check passed: {service}
81361,2026-01-15,19:21:10,WARN,WebServer,Unauthorized access attempt from 10.0.0.45,E401,Unauthorized access attempt from {ip}
81362,2026-01-15,19:21:14,INFO,WebServer,Page view: /home by u4741,E103,Page view: {page} by {user}
81363,2026-01-15,19:07:21,INFO,PaymentGateway,Transaction tx811553 completed in 1907ms,E104,Transaction {tx} completed in {time}ms
81364,2026-01-15,19:44:18,INFO,AuthService,Transaction tx940611 completed in 1439ms,E104,Transaction {tx} completed in {time}ms
81365,2026-01-15,19:00:18,INFO,WebServer,User u1306 login successful,E101,User {user} login successful
81366,2026-01-15,19:34:06,INFO,WebServer,User u3691 login successful,E101,User {user} login successful
81367,2026-01-15,19:53:45,INFO,PaymentGateway,User u1741 login successful,E101,User {user} login successful
81368,2026-01-15,19:30:16,INFO,AuthService,User u4588 login successful,E101,User {user} login successful
81369,2026-01-15,19:00:16,INFO,OrderProcessor,Page view: /home by u1650,E103,Page view: {page} by {user}
81370,2026-01-15,19:36:51,INFO,WebServer,Page view: /home by u1909,E103,Page view: {page} by {user}
81371,2026-01-15,19:04:35,INFO,AuthService,User u2279 login successful,E101,User {user} login successful
81372,2026-01-15,19:02:41,INFO,WebServer,Health check passed: WebServer,E102,Health check passed: {service}
81373,2026-01-15,19:09:14,INFO,AuthService,Page view: /home by u1225,E103,Page view: {page} by {user}
81374,2026-01-15,19:00:40,INFO,WebServer,Transaction tx331823 completed in 634ms,E104,Transaction {tx} completed in {time}ms
81375,2026-01-15,19:35:57,INFO,WebServer,Page view: /home by u4392,E103,Page view: {page} by {user}
81376,2026-01-15,19:07:02,INFO,WebServer,User u3981 login successful,E101,User {user} login successful
81377,2026-01-15,19:59:28,INFO,InventoryDB,Page view: /home by u2143,E103,Page view: {page} by {user}
81378,2026-01-15,19:08:00,WARN,WebServer,Unauthorized access attempt from 10.0.0.45,E401,Unauthorized access attempt from {ip}
81379,2026-01-15,19:44:58,INFO,OrderProcessor,Page view: /home by u4355,E103,Page view: {page} by {user}
81380,2026-01-15,19:14:28,WARN,WebServer,Disk usage > 85% on node node-3,E202,Disk usage > 85% on node {node}
81381,2026-01-15,19:31:26,INFO,AuthService,Transaction tx120871 completed in 1275ms,E104,Transaction {tx} completed in {time}ms
81382,2026-01-15,19:27:00,INFO,OrderProcessor,Transaction tx754108 completed in 560ms,E104,Transaction {tx} completed in {time}ms
81383,2026-01-15,19:49:23,INFO,WebServer,Transaction tx789620 completed in 1023ms,E104,Transaction {tx} completed in {time}ms
81384,2026-01-15,19:05:13,INFO,PaymentGateway,Page view: /home by u4626,E103,Page view: {page} by {user}
81385,2026-01-15,19:26:12,INFO,InventoryDB,Transaction tx837485 completed in 1223ms,E104,Transaction {tx} completed in {time}ms
81386,2026-01-15,19:40:52,INFO,OrderProcessor,Page view: /home by u4857,E103,Page view: {page} by {user}
81387,2026-01-15,19:44:31,INFO,PaymentGateway,Health check passed: PaymentGateway,E102,Health check passed: {service}
81388,2026-01-15,19:25:40,INFO,WebServer,User u3675 login successful,E101,User {user} login successful
81389,2026-01-15,19:59:45,INFO,OrderProcessor,User u4518 login successful,E101,User {user} login successful
81390,2026-01-15,19:41:23,INFO,WebServer,Page view: /home by u4032,E103,Page view: {page} by {user}
81391,2026-01-15,19:01:12,INFO,OrderProcessor,User u2518 login successful,E101,User {user} login successful
81392,2026-01-15,19:15:40,INFO,OrderProcessor,User u2638 login successful,E101,User {user} login successful
81393,2026-01-15,19:56:01,INFO,WebServer,Health check passed: WebServer,E102,Health check passed: {service}
81394,2026-01-15,19:49:26,INFO,WebServer,Page view: /home by u1615,E103,Page view: {page} by {user}
81395,2026-01-15,19:23:11,INFO,WebServer,Health check passed: WebServer,E102,Health check passed: {service}
81396,2026-01-15,19:48:22,INFO,OrderProcessor,Page view: /home by u2828,E103,Page view: {page} by {user}
81397,2026-01-15,19:43:06,INFO,WebServer,Page view: /home by u3779,E103,Page view: {page} by {user}
81398,2026-01-15,19:06:24,INFO,PaymentGateway,User u4050 login successful,E101,User {user} login successful
81399,2026-01-15,19:56:43,INFO,AuthService,User u4079 login successful,E101,User {user} login successful
81400,2026-01-15,19:01:04,INFO,WebServer,User u3479 login successful,E101,User {user} login successful
81401,2026-01-15,19:37:59,INFO,OrderProcessor,User u2183 login successful,E101,User {user} login successful
81402,2026-01-15,19:10:54,INFO,WebServer,Page view: /home by u3925,E103,Page view: {page} by {user}
81403,2026-01-15,19:16:25,INFO,WebServer,Health check passed: WebServer,E102,Health check passed: {service}
81404,2026-01-15,19:19:36,INFO,WebServer,User u1673 login successful,E101,User {user} login successful
81405,2026-01-15,19:07:57,INFO,InventoryDB,Health check passed: InventoryDB,E102,Health check passed: {service}
81406,2026-01-15,19:10:39,INFO,WebServer,Transaction tx311458 completed in 772ms,E104,Transaction {tx} completed in {time}ms
81407,2026-01-15,19:04:18,INFO,WebServer,User u4060 login successful,E101,User {user} login successful
81408,2026-01-15,19:40:35,INFO,WebServer,Transaction tx475731 completed in 1272ms,E104,Transaction {tx} completed in {time}ms
81409,2026-01-15,19:31:10,INFO,AuthService,User u4837 login successful,E101,User {user} login successful
81410,2026-01-15,19:12:00,INFO,WebServer,Page view: /home by u4832,E103,Page view: {page} by {user}
81411,2026-01-15,19:51:56,INFO,WebServer,Page view: /home by u3843,E103,Page view: {page} by {user}
81412,2026-01-15,19:04:06,INFO,WebServer,User u2865 login successful,E101,User {user} login successful
81413,2026-01-15,19:15:39,INFO,WebServer,Transaction tx447446 completed in 1679ms,E104,Transaction {tx} completed in {time}ms
81414,2026-01-15,19:01:59,INFO,WebServer,Page view: /home by u1568,E103,Page view: {page} by {user}
81415,2026-01-15,19:36:19,INFO,PaymentGateway,User u1355 login successful,E101,User {user} login successful
81416,2026-01-15,19:43:13,INFO,WebServer,Transaction tx375839 completed in 1833ms,E104,Transaction {tx} completed in {time}ms
81417,2026-01-15,19:49:55,INFO,AuthService,Page view: /home by u2193,E103,Page view: {page} by {user}
81418,2026-01-15,19:53:25,INFO,WebServer,Health check passed: WebServer,E102,Health check passed: {service}
81419,2026-01-15,19:05:35,INFO,AuthService,User u2638 login successful,E101,User {user} login successful
81420,2026-01-15,19:48:25,INFO,WebServer,User u2218 login successful,E101,User {user} login successful
81421,2026-01-15,19:30:00,INFO,WebServer,User u1230 login successful,E101,User {user} login successful
81422,2026-01-15,19:38:50,INFO,WebServer,Transaction tx440142 completed in 1464ms,E104,Transaction {tx} completed in {time}ms
81423,2026-01-15,19:48:18,INFO,AuthService,User u4444 login successful,E101,User {user} login successful
81424,2026-01-15,19:08:50,INFO,AuthService,User u4418 login successful,E101,User {user} login successful
81425,2026-01-15,19:29:39,INFO,AuthService,Page view: /home by u4350,E103,Page view: {page} by {user}
81426,2026-01-15,19:30:51,INFO,AuthService,User u1074 login successful,E101,User {user} login successful
81427,2026-01-15,19:47:36,INFO,AuthService,Transaction tx366327 completed in 506ms,E104,Transaction {tx} completed in {time}ms
81428,2026-01-15,19:37:25,WARN,OrderProcessor,High latency (945ms) detected on OrderProcessor,E201,High latency ({time}ms) detected on {service}
81429,2026-01-15,19:31:47,INFO,WebServer,Page view: /home by u2835,E103,Page view: {page} by {user}
81430,2026-01-15,19:08:22,INFO,WebServer,User u1551 login successful,E101,User {user} login successful
81431,2026-01-15,19:17:52,INFO,WebServer,Page view: /home by u1545,E103,Page view: {page} by {user}
81432,2026-01-15,19:38:05,INFO,WebServer,Page view: /home by u1257,E103,Page view: {page} by {user}
81433,2026-01-15,19:54:32,INFO,OrderProcessor,Health check passed: OrderProcessor,E102,Health check passed: {service}
81434,2026-01-15,19:17:00,INFO,WebServer,Transaction tx603665 completed in 1839ms,E104,Transaction {tx} completed in {time}ms
81435,2026-01-15,19:32:12,INFO,AuthService,User u4185 login successful,E101,User {user} login successful
81436,2026-01-15,19:16:34,INFO,WebServer,User u2781 login successful,E101,User {user} login successful
81437,2026-01-15,19:05:47,INFO,WebServer,Health check passed: WebServer,E102,Health check passed: {service}
81438,2026-01-15,19:30:48,INFO,WebServer,Transaction tx285437 completed in 847ms,E104,Transaction {tx} completed in {time}ms
81439,2026-01-15,19:20:46,INFO,PaymentGateway,Page view: /home by u2318,E103,Page view: {page} by {user}
81440,2026-01-15,19:38:55,INFO,WebServer,User u3827 login successful,E101,User {user} login successful
81441,2026-01-15,19:43:51,INFO,WebServer,Transaction tx649940 completed in 1954ms,E104,Transaction {tx} completed in {time}ms
81442,2026-01-15,19:04:48,INFO,WebServer,Transaction tx101939 completed in 1949ms,E104,Transaction {tx} completed in {time}ms
81443,2026-01-15,19:50:56,INFO,OrderProcessor,Page view: /home by u4154,E103,Page view: {page} by {user}
81444,2026-01-15,19:36:06,INFO,OrderProcessor,Health check passed: OrderProcessor,E102,Health check passed: {service}
81445,2026-01-15,19:48:08,INFO,WebServer,User u2425 login successful,E101,User {user} login successful
81446,2026-01-15,19:11:45,INFO,PaymentGateway,Transaction tx434442 completed in 121ms,E104,Transaction {tx} completed in {time}ms
81447,2026-01-15,19:29:50,INFO,OrderProcessor,Health check passed: OrderProcessor,E102,Health check passed: {service}
81448,2026-01-15,19:20:42,INFO,WebServer,Health check passed: WebServer,E102,Health check passed: {service}
81449,2026-01-15,19:50:33,INFO,WebServer,Transaction tx515281 completed in 287ms,E104,Transaction {tx} completed in {time}ms
81450,2026-01-15,19:32:53,INFO,WebServer,Health check passed: WebServer,E102,Health check passed: {service}
81451,2026-01-15,19:10:18,INFO,PaymentGateway,Transaction tx436764 completed in 965ms,E104,Transaction {tx} completed in {time}ms
81452,2026-01-15,19:51:58,INFO,WebServer,Health check passed: WebServer,E102,Health check passed: {service}
81453,2026-01-15,19:45:14,INFO,AuthService,Transaction tx341503 completed in 1766ms,E104,Transaction {tx} completed in {time}ms
81454,2026-01-15,19:12:31,INFO,WebServer,Health check passed: WebServer,E102,Health check passed: {service}
81455,2026-01-15,19:19:50,INFO,OrderProcessor,Transaction tx841234 completed in 934ms,E104,Transaction {tx} completed in {time}ms
81456,2026-01-15,19:13:32,INFO,PaymentGateway,Transaction tx286517 completed in 495ms,E104,Transaction {tx} completed in {time}ms
81457,2026-01-15,19:51:34,INFO,OrderProcessor,Page view: /home by u1275,E103,Page view: {page} by {user}
81458,2026-01-15,19:36:14,WARN,WebServer,Unauthorized access attempt from 10.0.0.88,E401,Unauthorized access attempt from {ip}
81459,2026-01-15,19:21:25,INFO,WebServer,User u1380 login successful,E101,User {user} login successful
81460,2026-01-15,19:35:45,INFO,WebServer,Transaction tx511167 completed in 854ms,E104,Transaction {tx} completed in {time}ms
81461,2026-01-15,19:43:02,INFO,PaymentGateway,Health check passed: PaymentGateway,E102,Health check passed: {service}
81462,2026-01-15,19:27:17,INFO,OrderProcessor,User u2960 login successful,E101,User {user} login successful
81463,2026-01-15,19:56:37,WARN,OrderProcessor,Disk usage > 85% on node node-4,E202,Disk usage > 85% on node {node}
81464,2026-01-15,19:56:50,INFO,AuthService,Health check passed: AuthService,E102,Health check passed: {service}
81465,2026-01-15,19:30:13,WARN,WebServer,High latency (1841ms) detected on WebServer,E201,High latency ({time}ms) detected on {service}
81466,2026-01-15,19:54:25,INFO,OrderProcessor,User u2950 login successful,E101,User {user} login successful
81467,2026-01-15,19:53:23,INFO,WebServer,Transaction tx119758 completed in 750ms,E104,Transaction {tx} completed in {time}ms
81468,2026-01-15,19:21:19,INFO,WebServer,Transaction tx802539 completed in 608ms,E104,Transaction {tx} completed in {time}ms
81469,2026-01-15,19:54:57,INFO,WebServer,User u1552 login successful,E101,User {user} login successful
81470,2026-01-15,19:30:35,INFO,WebServer,Transaction tx686909 completed in 676ms,E104,Transaction {tx} completed in {time}ms
81471,2026-01-15,19:42:28,INFO,WebServer,User u3231 login successful,E101,User {user} login successful
81472,2026-01-15,19:45:33,INFO,WebServer,Page view: /home by u1503,E103,Page view: {page} by {user}
81473,2026-01-15,19:31:46,INFO,AuthService,Page view: /home by u2264,E103,Page view: {page} by {user}
81474,2026-01-15,19:53:29,INFO,WebServer,User u4447 login successful,E101,User {user} login successful
81475,2026-01-15,19:11:58,INFO,WebServer,Health check passed: WebServer,E102,Health check passed: {service}
81476,2026-01-15,19:15:32,INFO,OrderProcessor,Page view: /home by u4641,E103,Page view: {page} by {user}
81477,2026-01-15,19:11:17,INFO,PaymentGateway,Transaction tx261727 completed in 1284ms,E104,Transaction {tx} completed in {time}ms
81478,2026-01-15,19:10:33,INFO,WebServer,Health check passed: WebServer,E102,Health check passed: {service}
81479,2026-01-15,19:14:30,INFO,OrderProcessor,User u1409 login successful,E101,User {user} login successful
81480,2026-01-15,19:31:35,INFO,OrderProcessor,Health check passed: OrderProcessor,E102,Health check passed: {service}
81481,2026-01-15,19:49:24,INFO,WebServer,User u4986 login successful,E101,User {user} login successful
81482,2026-01-15,19:59:59,INFO,AuthService,Page view: /home by u4101,E103,Page view: {page} by {user}
81483,2026-01-15,19:29:59,WARN,WebServer,Unauthorized access attempt from 10.0.0.45,E401,Unauthorized access attempt from {ip}
81484,2026-01-15,19:56:42,INFO,PaymentGateway,Transaction tx757472 completed in 939ms,E104,Transaction {tx} completed in {time}ms
81485,2026-01-15,19:10:26,INFO,OrderProcessor,Transaction tx677773 completed in 1829ms,E104,Transaction {tx} completed in {time}ms
81486,2026-01-15,19:49:58,INFO,PaymentGateway,Transaction tx978098 completed in 1555ms,E104,Transaction {tx} completed in {time}ms
81487,2026-01-15,19:19:27,INFO,WebServer,User u4307 login successful,E101,User {user} login successful
81488,2026-01-15,19:55:20,INFO,WebServer,Health check passed: WebServer,E102,Health check passed: {service}
81489,2026-01-15,19:27:20,INFO,OrderProcessor,User u2667 login successful,E101,User {user} login successful
81490,2026-01-15,19:37:06,INFO,WebServer,User u4046 login successful,E101,User {user} login successful
81491,2026-01-15,19:47:41,INFO,AuthService,Transaction tx159850 completed in 582ms,E104,Transaction {tx} completed in {time}ms
81492,2026-01-15,19:39:31,INFO,AuthService,Transaction tx577137 completed in 1212ms,E104,Transaction {tx} completed in {time}ms
81493,2026-01-15,19:45:32,INFO,AuthService,Transaction tx239114 completed in 1805ms,E104,Transaction {tx} completed in {time}ms
81494,2026-01-15,19:16:13,INFO,WebServer,Health check passed: WebServer,E102,Health check passed: {service}
81495,2026-01-15,19:46:05,INFO,WebServer,Transaction tx793143 completed in 1471ms,E104,Transaction {tx} completed in {time}ms
81496,2026-01-15,19:34:24,INFO,OrderProcessor,Health check passed: OrderProcessor,E102,Health check passed: {service}
81497,2026-01-15,19:23:08,INFO,WebServer,Transaction tx575843 completed in 373ms,E104,Transaction {tx} completed in {time}ms
81498,2026-01-15,19:24:38,INFO,WebServer,Health check passed: WebServer,E102,Health check passed: {service}
81499,2026-01-15,19:33:13,INFO,OrderProcessor,Page view: /home by u3935,E103,Page view: {page} by {user}
81500,2026-01-15,19:45:10,INFO,OrderProcessor,Transaction tx231185 completed in 408ms,E104,Transaction {tx} completed in {time}ms
81501,2026-01-15,19:16:24,INFO,WebServer,Health check passed: WebServer,E102,Health check passed: {service}
81502,2026-01-15,19:12:16,INFO,AuthService,Health check passed: AuthService,E102,Health check passed: {service}
81503,2026-01-15,19:00:52,INFO,OrderProcessor,Transaction tx825775 completed in 750ms,E104,Transaction {tx} completed in {time}ms
81504,2026-01-15,19:00:27,INFO,PaymentGateway,Transaction tx458282 completed in 1214ms,E104,Transaction {tx} completed in {time}ms
81505,2026-01-15,19:33:28,INFO,WebServer,Health check passed: WebServer,E102,Health check passed: {service}
81506,2026-01-15,19:34:49,INFO,AuthService,Transaction tx565027 completed in 655ms,E104,Transaction {tx} completed in {time}ms
81507,2026-01-15,19:38:43,INFO,WebServer,User u1778 login successful,E101,User {user} login successful
81508,2026-01-15,19:11:14,INFO,PaymentGateway,User u3749 login successful,E101,User {user} login successful
81509,2026-01-15,19:12:40,INFO,WebServer,Page view: /home by u2775,E103,Page view: {page} by {user}
81510,2026-01-15,19:01:44,INFO,OrderProcessor,Health check passed: OrderProcessor,E102,Health check passed: {service}
81511,2026-01-15,19:33:24,INFO,OrderProcessor,Page view: /home by u1146,E103,Page view: {page} by {user}
81512,2026-01-15,19:08:51,INFO,AuthService,Page view: /home by u1636,E103,Page view: {page} by {user}
81513,2026-01-15,19:59:02,INFO,PaymentGateway,Page view: /home by u2438,E103,Page view: {page} by {user}
81514,2026-01-15,19:31:28,INFO,WebServer,Page view: /home by u4206,E103,Page view: {page} by {user}
81515,2026-01-15,19:39:26,INFO,WebServer,User u3035 login successful,E101,User {user} login successful
81516,2026-01-15,19:02:03,INFO,WebServer,Page view: /home by u3103,E103,Page view: {page} by {user}
81517,2026-01-15,19:42:35,WARN,OrderProcessor,Unauthorized access attempt from 10.0.0.45,E401,Unauthorized access attempt from {ip}
81518,2026-01-15,19:06:36,INFO,WebServer,User u4510 login successful,E101,User {user} login successful
81519,2026-01-15,19:45:22,INFO,WebServer,Health check passed: WebServer,E102,Health check passed: {service}
81520,2026-01-15,19:06:40,INFO,WebServer,Transaction tx997244 completed in 868ms,E104,Transaction {tx} completed in {time}ms
81521,2026-01-15,19:39:58,INFO,WebServer,Transaction tx299508 completed in 1021ms,E104,Transaction {tx} completed in {time}ms
81522,2026-01-15,19:17:38,INFO,WebServer,User u1162 login successful,E101,User {user} login successful
81523,2026-01-15,19:59:18,INFO,WebServer,Page view: /home by u2896,E103,Page view: {page} by {user}
81524,2026-01-15,19:21:00,INFO,WebServer,User u4401 login successful,E101,User {user} login successful
81525,2026-01-15,19:09:41,INFO,WebServer,Health check passed: WebServer,E102,Health check passed: {service}
81526,2026-01-15,19:25:03,INFO,PaymentGateway,Health check passed: PaymentGateway,E102,Health check passed: {service}
81527,2026-01-15,19:40:03,INFO,WebServer,Transaction tx947342 completed in 1660ms,E104,Transaction {tx} completed in {time}ms
81528,2026-01-15,19:12:11,INFO,AuthService,User u2568 login successful,E101,User {user} login successful
81529,2026-01-15,19:46:09,INFO,AuthService,Page view: /home by u1784,E103,Page view: {page} by {user}
81530,2026-01-15,19:39:06,INFO,WebServer,User u4200 login successful,E101,User {user} login successful
81531,2026-01-15,19:07:06,INFO,WebServer,Page view: /home by u2295,E103,Page view: {page} by {user}
81532,2026-01-15,19:47:52,INFO,WebServer,Health check passed: WebServer,E102,Health check passed: {service}
81533,2026-01-15,19:02:08,INFO,WebServer,User u4129 login successful,E101,User {user} login successful
81534,2026-01-15,19:47:31,INFO,AuthService,Page view: /home by u4984,E103,Page view: {page} by {user}
81535,2026-01-15,19:39:50,INFO,OrderProcessor,Health check passed: OrderProcessor,E102,Health check passed: {service}
81536,2026-01-15,19:31:10,INFO,WebServer,Page view: /home by u1148,E103,Page view: {page} by {user}
81537,2026-01-15,19:47:18,INFO,WebServer,User u2505 login successful,E101,User {user} login successful
81538,2026-01-15,19:54:28,INFO,WebServer,Transaction tx496014 completed in 134ms,E104,Transaction {tx} completed in {time}ms
81539,2026-01-15,19:22:42,INFO,WebServer,Page view: /home by u2468,E103,Page view: {page} by {user}
81540,2026-01-15,19:33:33,INFO,WebServer,Health check passed: WebServer,E102,Health check passed: {service}
81541,2026-01-15,19:35:05,INFO,AuthService,Transaction tx961662 completed in 457ms,E104,Transaction {tx} completed in {time}ms
81542,2026-01-15,19:24:20,INFO,AuthService,Page view: /home by u3249,E103,Page view: {page} by {user}
81543,2026-01-15,19:16:48,INFO,AuthService,Health check passed: AuthService,E102,Health check passed: {service}
81544,2026-01-15,19:04:28,INFO,InventoryDB,Transaction tx235582 completed in 1612ms,E104,Transaction {tx} completed in {time}ms
81545,2026-01-15,19:24:53,INFO,WebServer,Transaction tx692128 completed in 899ms,E104,Transaction {tx} completed in {time}ms
81546,2026-01-15,19:26:51,WARN,AuthService,Unauthorized access attempt from 10.0.0.45,E401,Unauthorized access attempt from {ip}
81547,2026-01-15,19:16:31,INFO,AuthService,Page view: /home by u3311,E103,Page view: {page} by {user}
81548,2026-01-15,19:54:53,INFO,WebServer,Page view: /home by u1422,E103,Page view: {page} by {user}
81549,2026-01-15,19:44:59,INFO,OrderProcessor,User u2366 login successful,E101,User {user} login successful
81550,2026-01-15,19:35:00,INFO,WebServer,User u2292 login successful,E101,User {user} login successful
81551,2026-01-15,19:17:03,INFO,WebServer,Page view: /home by u2881,E103,Page view: {page} by {user}
81552,2026-01-15,19:57:51,INFO,WebServer,Page view: /home by u4502,E103,Page view: {page} by {user}
81553,2026-01-15,19:03:10,INFO,WebServer,Transaction tx991488 completed in 844ms,E104,Transaction {tx} completed in {time}ms
81554,2026-01-15,19:28:40,INFO,WebServer,User u3716 login successful,E101,User {user} login successful
81555,2026-01-15,19:06:46,INFO,InventoryDB,Transaction tx624706 completed in 1603ms,E104,Transaction {tx} completed in {time}ms
81556,2026-01-15,19:14:42,INFO,PaymentGateway,Health check passed: PaymentGateway,E102,Health check passed: {service}
81557,2026-01-15,19:01:23,INFO,PaymentGateway,Transaction tx852886 completed in 1824ms,E104,Transaction {tx} completed in {time}ms
81558,2026-01-15,19:13:53,INFO,WebServer,Health check passed: WebServer,E102,Health check passed: {service}
81559,2026-01-15,19:02:29,INFO,WebServer,Transaction tx297399 completed in 1436ms,E104,Transaction {tx} completed in {time}ms
81560,2026-01-15,19:33:57,INFO,WebServer,Health check passed: WebServer,E102,Health check passed: {service}
81561,2026-01-15,19:36:53,INFO,PaymentGateway,Page view: /home by u4934,E103,Page view: {page} by {user}
81562,2026-01-15,19:55:36,INFO,AuthService,Page view: /home by u3109,E103,Page view: {page} by {user}
81563,2026-01-15,19:43:09,INFO,AuthService,Health check passed: AuthService,E102,Health check passed: {service}
81564,2026-01-15,19:36:02,INFO,WebServer,Transaction tx854576 completed in 1510ms,E104,Transaction {tx} completed in {time}ms
81565,2026-01-15,19:04:13,INFO,AuthService,User u2211 login successful,E101,User {user} login successful
81566,2026-01-15,19:20:26,INFO,PaymentGateway,User u4145 login successful,E101,User {user} login successful
81567,2026-01-15,19:59:06,INFO,WebServer,User u4479 login successful,E101,User {user} login successful
81568,2026-01-15,19:36:48,INFO,InventoryDB,Page view: /home by u4244,E103,Page view: {page} by {user}
81569,2026-01-15,19:50:02,INFO,AuthService,User u2039 login successful,E101,User {user} login successful
81570,2026-01-15,19:15:33,INFO,WebServer,Page view: /home by u4187,E103,Page view: {page} by {user}
81571,2026-01-15,19:07:30,INFO,WebServer,Health check passed: WebServer,E102,Health check passed: {service}
81572,2026-01-15,19:52:14,INFO,WebServer,Health check passed: WebServer,E102,Health check passed: {service}
81573,2026-01-15,19:55:31,INFO,WebServer,User u4271 login successful,E101,User {user} login successful
81574,2026-01-15,19:33:06,INFO,WebServer,Page view: /home by u3310,E103,Page view: {page} by {user}
81575,2026-01-15,19:56:27,INFO,OrderProcessor,Health check passed: OrderProcessor,E102,Health check passed: {service}
81576,2026-01-15,19:41:43,INFO,WebServer,User u1351 login successful,E101,User {user} login successful
81577,2026-01-15,19:41:17,INFO,WebServer,Health check passed: WebServer,E102,Health check passed: {service}
81578,2026-01-15,19:26:39,INFO,WebServer,Health check passed: WebServer,E102,Health check passed: {service}
81579,2026-01-15,19:32:50,INFO,AuthService,Transaction tx725614 completed in 604ms,E104,Transaction {tx} completed in {time}ms
81580,2026-01-15,19:28:42,INFO,WebServer,Page view: /home by u1761,E103,Page view: {page} by {user}
81581,2026-01-15,19:34:28,INFO,WebServer,Transaction tx440810 completed in 1159ms,E104,Transaction {tx} completed in {time}ms
81582,2026-01-15,19:35:49,INFO,PaymentGateway,Page view: /home by u4336,E103,Page view: {page} by {user}
81583,2026-01-15,19:22:48,INFO,AuthService,User u2802 login successful,E101,User {user} login successful
81584,2026-01-15,19:35:27,INFO,WebServer,Page view: /home by u2640,E103,Page view: {page} by {user}
81585,2026-01-15,19:31:21,WARN,WebServer,Unauthorized access attempt from 10.0.0.45,E401,Unauthorized access attempt from {ip}
81586,2026-01-15,19:56:01,INFO,InventoryDB,Health check passed: InventoryDB,E102,Health check passed: {service}
81587,2026-01-15,19:24:41,INFO,AuthService,Health check passed: AuthService,E102,Health check passed: {service}
81588,2026-01-15,19:56:50,INFO,AuthService,Transaction tx870794 completed in 125ms,E104,Transaction {tx} completed in {time}ms
81589,2026-01-15,19:26:21,INFO,OrderProcessor,Transaction tx626901 completed in 1131ms,E104,Transaction {tx} completed in {time}ms
81590,2026-01-15,19:09:05,INFO,WebServer,User u2174 login successful,E101,User {user} login successful
81591,2026-01-15,19:58:55,INFO,WebServer,Page view: /home by u2113,E103,Page view: {page} by {user}
81592,2026-01-15,19:56:41,INFO,AuthService,Health check passed: AuthService,E102,Health check passed: {service}
81593,2026-01-15,19:23:30,INFO,PaymentGateway,Page view: /home by u2814,E103,Page view: {page} by {user}
81594,2026-01-15,19:39:32,INFO,WebServer,Transaction tx866640 completed in 1356ms,E104,Transaction {tx} completed in {time}ms
81595,2026-01-15,19:10:47,INFO,WebServer,Page view: /home by u2051,E103,Page view: {page} by {user}
81596,2026-01-15,19:45:17,INFO,WebServer,Page view: /home by u4132,E103,Page view: {page} by {user}
81597,2026-01-15,19:33:54,INFO,WebServer,Transaction tx993599 completed in 340ms,E104,Transaction {tx} completed in {time}ms
81598,2026-01-15,19:44:59,INFO,OrderProcessor,Transaction tx277940 completed in 827ms,E104,Transaction {tx} completed in {time}ms
81599,2026-01-15,19:30:15,INFO,WebServer,Health check passed: WebServer,E102,Health check passed: {service}
81600,2026-01-15,19:39:42,INFO,WebServer,Transaction tx907443 completed in 1088ms,E104,Transaction {tx} completed in {time}ms
81601,2026-01-15,19:40:05,INFO,WebServer,Health check passed: WebServer,E102,Health check passed: {service}
81602,2026-01-15,19:04:45,INFO,WebServer,Transaction tx531253 completed in 845ms,E104,Transaction {tx} completed in {time}ms
81603,2026-01-15,19:51:37,INFO,WebServer,Transaction tx290396 completed in 569ms,E104,Transaction {tx} completed in {time}ms
81604,2026-01-15,19:55:01,INFO,WebServer,Page view: /home by u1184,E103,Page view: {page} by {user}
81605,2026-01-15,19:29:35,INFO,InventoryDB,Page view: /home by u2710,E103,Page view: {page} by {user}
81606,2026-01-15,19:31:21,INFO,WebServer,User u2782 login successful,E101,User {user} login successful
81607,2026-01-15,19:48:29,INFO,WebServer,Health check passed: WebServer,E102,Health check passed: {service}
81608,2026-01-15,19:18:25,INFO,PaymentGateway,Page view: /home by u1189,E103,Page view: {page} by {user}
81609,2026-01-15,19:36:29,INFO,AuthService,Health check passed: AuthService,E102,Health check passed: {service}
81610,2026-01-15,19:29:45,INFO,WebServer,Health check passed: WebServer,E102,Health check passed: {service}
81611,2026-01-15,19:45:28,INFO,PaymentGateway,Health check passed: PaymentGateway,E102,Health check passed: {service}
81612,2026-01-15,19:23:20,INFO,WebServer,User u3476 login successful,E101,User {user} login successful
81613,2026-01-15,19:27:45,INFO,WebServer,User u3116 login successful,E101,User {user} login successful
81614,2026-01-15,19:19:48,INFO,WebServer,Health check passed: WebServer,E102,Health check passed: {service}
81615,2026-01-15,19:43:34,INFO,WebServer,Health check passed: WebServer,E102,Health check passed: {service}
81616,2026-01-15,19:29:14,INFO,WebServer,Page view: /home by u3847,E103,Page view: {page} by {user}
81617,2026-01-15,19:58:59,INFO,WebServer,User u1481 login successful,E101,User {user} login successful
81618,2026-01-15,19:05:22,INFO,AuthService,Health check passed: AuthService,E102,Health check passed: {service}
81619,2026-01-15,19:32:22,ERROR,PaymentGateway,Payment declined: Gateway unavailable,E503,Payment declined: Gateway unavailable
81620,2026-01-15,19:43:17,INFO,OrderProcessor,User u1746 login successful,E101,User {user} login successful
81621,2026-01-15,19:06:25,INFO,WebServer,User u4121 login successful,E101,User {user} login successful
81622,2026-01-15,19:08:26,INFO,PaymentGateway,Page view: /home by u4794,E103,Page view: {page} by {user}
81623,2026-01-15,19:14:32,INFO,AuthService,Transaction tx799327 completed in 1276ms,E104,Transaction {tx} completed in {time}ms
81624,2026-01-15,19:06:36,INFO,WebServer,Transaction tx622739 completed in 493ms,E104,Transaction {tx} completed in {time}ms
81625,2026-01-15,19:48:49,INFO,OrderProcessor,User u1144 login successful,E101,User {user} login successful
81626,2026-01-15,19:59:10,INFO,WebServer,Health check passed: WebServer,E102,Health check passed: {service}
81627,2026-01-15,19:09:04,INFO,AuthService,Page view: /home by u4990,E103,Page view: {page} by {user}
81628,2026-01-15,19:00:53,INFO,AuthService,Page view: /home by u4254,E103,Page view: {page} by {user}
81629,2026-01-15,19:45:00,INFO,OrderProcessor,Transaction tx269628 completed in 46ms,E104,Transaction {tx} completed in {time}ms
81630,2026-01-15,19:02:01,INFO,OrderProcessor,User u3384 login successful,E101,User {user} login successful
81631,2026-01-15,19:58:50,INFO,WebServer,Transaction tx380551 completed in 1720ms,E104,Transaction {tx} completed in {time}ms
81632,2026-01-15,19:55:13,INFO,AuthService,Page view: /home by u3466,E103,Page view: {page} by {user}
81633,2026-01-15,19:32:34,INFO,WebServer,User u1635 login successful,E101,User {user} login successful
81634,2026-01-15,19:39:46,INFO,InventoryDB,Health check passed: InventoryDB,E102,Health check passed: {service}
81635,2026-01-15,19:53:02,INFO,InventoryDB,User u4176 login successful,E101,User {user} login successful
81636,2026-01-15,19:54:46,INFO,WebServer,Health check passed: WebServer,E102,Health check passed: {service}
81637,2026-01-15,19:24:16,INFO,PaymentGateway,Page view: /home by u2941,E103,Page view: {page} by {user}
81638,2026-01-15,19:05:06,INFO,OrderProcessor,Health check passed: OrderProcessor,E102,Health check passed: {service}
81639,2026-01-15,19:01:51,INFO,AuthService,User u3473 login successful,E101,User {user} login successful
81640,2026-01-15,19:54:03,INFO,AuthService,Transaction tx224139 completed in 1975ms,E104,Transaction {tx} completed in {time}ms
81641,2026-01-15,19:40:53,WARN,OrderProcessor,Unauthorized access attempt from 10.0.0.10,E401,Unauthorized access attempt from {ip}
81642,2026-01-15,19:47:52,INFO,WebServer,User u3826 login successful,E101,User {user} login successful
81643,2026-01-15,19:36:07,INFO,AuthService,Page view: /home by u3892,E103,Page view: {page} by {user}
81644,2026-01-15,19:59:08,WARN,WebServer,High latency (822ms) detected on WebServer,E201,High latency ({time}ms) detected on {service}
81645,2026-01-15,19:14:13,INFO,PaymentGateway,Health check passed: PaymentGateway,E102,Health check passed: {service}
81646,2026-01-15,19:26:16,INFO,WebServer,Health check passed: WebServer,E102,Health check passed: {service}
81647,2026-01-15,19:58:08,INFO,WebServer,Page view: /home by u4951,E103,Page view: {page} by {user}
81648,2026-01-15,19:19:43,INFO,WebServer,Page view: /home by u2114,E103,Page view: {page} by {user}
81649,2026-01-15,19:44:18,INFO,OrderProcessor,Health check passed: OrderProcessor,E102,Health check passed: {service}
81650,2026-01-15,19:18:24,INFO,PaymentGateway,Health check passed: PaymentGateway,E102,Health check passed: {service}
81651,2026-01-15,19:27:44,INFO,InventoryDB,Health check passed: InventoryDB,E102,Health check passed: {service}
81652,2026-01-15,19:37:48,INFO,AuthService,User u2110 login successful,E101,User {user} login successful
81653,2026-01-15,19:07:34,INFO,WebServer,Health check passed: WebServer,E102,Health check passed: {service}
81654,2026-01-15,19:41:52,INFO,AuthService,User u2210 login successful,E101,User {user} login successful
81655,2026-01-15,19:03:22,INFO,OrderProcessor,Health check passed: OrderProcessor,E102,Health check passed: {service}
81656,2026-01-15,19:21:49,INFO,InventoryDB,Transaction tx324052 completed in 1816ms,E104,Transaction {tx} completed in {time}ms
81657,2026-01-15,19:25:55,INFO,InventoryDB,Health check passed: InventoryDB,E102,Health check passed: {service}
81658,2026-01-15,19:55:10,INFO,WebServer,Page view: /home by u1084,E103,Page view: {page} by {user}
81659,2026-01-15,19:28:09,INFO,WebServer,Page view: /home by u4634,E103,Page view: {page} by {user}
81660,2026-01-15,19:37:33,INFO,WebServer,Health check passed: WebServer,E102,Health check passed: {service}
81661,2026-01-15,19:54:52,INFO,WebServer,Transaction tx412214 completed in 1861ms,E104,Transaction {tx} completed in {time}ms
81662,2026-01-15,19:29:05,INFO,WebServer,Page view: /home by u2941,E103,Page view: {page} by {user}
81663,2026-01-15,19:22:10,INFO,PaymentGateway,Health check passed: PaymentGateway,E102,Health check passed: {service}
81664,2026-01-15,19:30:25,INFO,WebServer,Transaction tx994370 completed in 1467ms,E104,Transaction {tx} completed in {time}ms
81665,2026-01-15,19:25:51,INFO,WebServer,Health check passed: WebServer,E102,Health check passed: {service}
81666,2026-01-15,19:34:33,INFO,AuthService,Health check passed: AuthService,E102,Health check passed: {service}
81667,2026-01-15,19:07:42,INFO,AuthService,Health check passed: AuthService,E102,Health check passed: {service}
81668,2026-01-15,19:00:15,INFO,WebServer,Transaction tx774181 completed in 333ms,E104,Transaction {tx} completed in {time}ms
81669,2026-01-15,19:45:32,WARN,WebServer,Unauthorized access attempt from 10.0.0.45,E401,Unauthorized access attempt from {ip}
81670,2026-01-15,19:26:13,INFO,PaymentGateway,User u4124 login successful,E101,User {user} login successful
81671,2026-01-15,19:36:28,INFO,WebServer,User u4632 login successful,E101,User {user} login successful
81672,2026-01-15,19:31:08,INFO,WebServer,User u2071 login successful,E101,User {user} login successful
81673,2026-01-15,19:55:30,INFO,WebServer,Transaction tx995407 completed in 964ms,E104,Transaction {tx} completed in {time}ms
81674,2026-01-15,19:53:43,INFO,AuthService,User u3905 login successful,E101,User {user} login successful
81675,2026-01-15,19:00:57,INFO,WebServer,User u3917 login successful,E101,User {user} login successful
81676,2026-01-15,19:50:30,INFO,OrderProcessor,Health check passed: OrderProcessor,E102,Health check passed: {service}
81677,2026-01-15,19:49:08,INFO,AuthService,User u2129 login successful,E101,User {user} login successful
81678,2026-01-15,19:49:59,INFO,OrderProcessor,Health check passed: OrderProcessor,E102,Health check passed: {service}
81679,2026-01-15,19:17:05,INFO,WebServer,Transaction tx803166 completed in 1364ms,E104,Transaction {tx} completed in {time}ms
81680,2026-01-15,19:38:07,INFO,OrderProcessor,Health check passed: OrderProcessor,E102,Health check passed: {service}
81681,2026-01-15,19:36:31,INFO,WebServer,User u3174 login successful,E101,User {user} login successful
81682,2026-01-15,19:51:48,INFO,WebServer,Transaction tx741148 completed in 1473ms,E104,Transaction {tx} completed in {time}ms
81683,2026-01-15,19:55:41,INFO,OrderProcessor,Transaction tx385026 completed in 443ms,E104,Transaction {tx} completed in {time}ms
81684,2026-01-15,19:54:04,INFO,WebServer,Transaction tx270953 completed in 1964ms,E104,Transaction {tx} completed in {time}ms
81685,2026-01-15,19:28:58,INFO,WebServer,Page view: /home by u4459,E103,Page view: {page} by {user}
81686,2026-01-15,19:41:50,INFO,WebServer,Transaction tx566997 completed in 767ms,E104,Transaction {tx} completed in {time}ms
81687,2026-01-15,19:54:25,INFO,WebServer,Health check passed: WebServer,E102,Health check passed: {service}
81688,2026-01-15,19:40:52,INFO,WebServer,Health check passed: WebServer,E102,Health check passed: {service}
81689,2026-01-15,19:14:24,WARN,AuthService,High latency (1424ms) detected on AuthService,E201,High latency ({time}ms) detected on {service}
81690,2026-01-15,19:19:33,INFO,WebServer,Page view: /home by u1842,E103,Page view: {page} by {user}
81691,2026-01-15,19:06:57,INFO,OrderProcessor,Health check passed: OrderProcessor,E102,Health check passed: {service}
81692,2026-01-15,19:00:38,INFO,OrderProcessor,Transaction tx969530 completed in 1890ms,E104,Transaction {tx} completed in {time}ms
81693,2026-01-15,19:38:06,INFO,WebServer,Health check passed: WebServer,E102,Health check passed: {service}
81694,2026-01-15,19:11:20,INFO,WebServer,Transaction tx595456 completed in 1564ms,E104,Transaction {tx} completed in {time}ms
81695,2026-01-15,19:06:47,INFO,AuthService,User u1624 login successful,E101,User {user} login successful
81696,2026-01-15,19:04:42,INFO,OrderProcessor,Health check passed: OrderProcessor,E102,Health check passed: {service}
81697,2026-01-15,19:24:24,INFO,OrderProcessor,Page view: /home by u4521,E103,Page view: {page} by {user}
81698,2026-01-15,19:17:00,INFO,WebServer,User u1387 login successful,E101,User {user} login successful
81699,2026-01-15,19:03:34,INFO,WebServer,Health check passed: WebServer,E102,Health check passed: {service}
81700,2026-01-15,19:18:03,INFO,OrderProcessor,Transaction tx457028 completed in 1965ms,E104,Transaction {tx} completed in {time}ms
81701,2026-01-15,19:07:30,INFO,WebServer,Transaction tx210048 completed in 684ms,E104,Transaction {tx} completed in {time}ms
81702,2026-01-15,19:57:11,INFO,WebServer,Page view: /home by u1603,E103,Page view: {page} by {user}
81703,2026-01-15,19:31:31,INFO,WebServer,Transaction tx642158 completed in 114ms,E104,Transaction {tx} completed in {time}ms
81704,2026-01-15,19:22:39,INFO,OrderProcessor,Page view: /home by u3271,E103,Page view: {page} by {user}
81705,2026-01-15,19:14:40,INFO,WebServer,Page view: /home by u3528,E103,Page view: {page} by {user}
81706,2026-01-15,19:55:51,INFO,WebServer,Health check passed: WebServer,E102,Health check passed: {service}
81707,2026-01-15,19:49:45,INFO,WebServer,Transaction tx560691 completed in 571ms,E104,Transaction {tx} completed in {time}ms
81708,2026-01-15,19:15:48,INFO,WebServer,User u3346 login successful,E101,User {user} login successful
81709,2026-01-15,19:54:42,INFO,AuthService,Health check passed: AuthService,E102,Health check passed: {service}
81710,2026-01-15,19:31:47,INFO,WebServer,Transaction tx352696 completed in 401ms,E104,Transaction {tx} completed in {time}ms
81711,2026-01-15,19:13:03,INFO,WebServer,Transaction tx756732 completed in 325ms,E104,Transaction {tx} completed in {time}ms
81712,2026-01-15,19:41:30,INFO,WebServer,Transaction tx524268 completed in 227ms,E104,Transaction {tx} completed in {time}ms
81713,2026-01-15,19:39:08,INFO,WebServer,Health check passed: WebServer,E102,Health check passed: {service}
81714,2026-01-15,19:35:15,INFO,WebServer,Transaction tx843786 completed in 608ms,E104,Transaction {tx} completed in {time}ms
81715,2026-01-15,19:12:37,INFO,WebServer,Health check passed: WebServer,E102,Health check passed: {service}
81716,2026-01-15,19:06:06,INFO,AuthService,Transaction tx770725 completed in 1913ms,E104,Transaction {tx} completed in {time}ms
81717,2026-01-15,19:16:49,INFO,WebServer,Health check passed: WebServer,E102,Health check passed: {service}
81718,2026-01-15,19:03:00,INFO,InventoryDB,Health check passed: InventoryDB,E102,Health check passed: {service}
81719,2026-01-15,19:47:44,ERROR,OrderProcessor,Payment declined: Gateway unavailable,E503,Payment declined: Gateway unavailable
81720,2026-01-15,19:41:40,INFO,WebServer,User u1455 login successful,E101,User {user} login successful
81721,2026-01-15,19:44:52,INFO,AuthService,Transaction tx734727 completed in 1830ms,E104,Transaction {tx} completed in {time}ms
81722,2026-01-15,19:12:11,INFO,OrderProcessor,Transaction tx891580 completed in 646ms,E104,Transaction {tx} completed in {time}ms
81723,2026-01-15,19:16:23,ERROR,OrderProcessor,Payment declined: Gateway unavailable,E503,Payment declined: Gateway unavailable
81724,2026-01-15,19:30:25,INFO,OrderProcessor,Page view: /home by u2541,E103,Page view: {page} by {user}
81725,2026-01-15,19:50:01,INFO,InventoryDB,Transaction tx990584 completed in 133ms,E104,Transaction {tx} completed in {time}ms
81726,2026-01-15,19:32:16,INFO,WebServer,Page view: /home by u2509,E103,Page view: {page} by {user}
81727,2026-01-15,19:53:19,INFO,WebServer,Transaction tx473987 completed in 281ms,E104,Transaction {tx} completed in {time}ms
81728,2026-01-15,19:37:10,INFO,WebServer,User u3238 login successful,E101,User {user} login successful
81729,2026-01-15,19:15:04,INFO,WebServer,User u2569 login successful,E101,User {user} login successful
81730,2026-01-15,19:46:13,INFO,PaymentGateway,User u2376 login successful,E101,User {user} login successful
81731,2026-01-15,19:50:55,INFO,WebServer,Transaction tx766556 completed in 699ms,E104,Transaction {tx} completed in {time}ms
81732,2026-01-15,19:40:47,INFO,AuthService,Health check passed: AuthService,E102,Health check passed: {service}
81733,2026-01-15,19:49:44,INFO,AuthService,Health check passed: AuthService,E102,Health check passed: {service}
81734,2026-01-15,19:11:54,INFO,WebServer,Page view: /home by u2699,E103,Page view: {page} by {user}
81735,2026-01-15,19:13:48,INFO,InventoryDB,Page view: /home by u3050,E103,Page view: {page} by {user}
81736,2026-01-15,19:30:14,INFO,AuthService,Transaction tx261784 completed in 124ms,E104,Transaction {tx} completed in {time}ms
81737,2026-01-15,19:42:03,INFO,PaymentGateway,User u3022 login successful,E101,User {user} login successful
81738,2026-01-15,19:50:34,INFO,InventoryDB,Health check passed: InventoryDB,E102,Health check passed: {service}
81739,2026-01-15,19:48:51,INFO,WebServer,User u3430 login successful,E101,User {user} login successful
81740,2026-01-15,19:33:45,WARN,WebServer,Unauthorized access attempt from 10.0.0.45,E401,Unauthorized access attempt from {ip}
81741,2026-01-15,19:03:19,INFO,OrderProcessor,Page view: /home by u1587,E103,Page view: {page} by {user}
81742,2026-01-15,19:10:26,INFO,WebServer,User u2462 login successful,E101,User {user} login successful
81743,2026-01-15,19:35:54,INFO,OrderProcessor,User u4039 login successful,E101,User {user} login successful
81744,2026-01-15,19:22:30,INFO,OrderProcessor,Transaction tx806854 completed in 1288ms,E104,Transaction {tx} completed in {time}ms
81745,2026-01-15,19:54:47,INFO,OrderProcessor,User u1410 login successful,E101,User {user} login successful
81746,2026-01-15,19:16:34,INFO,WebServer,Page view: /home by u2603,E103,Page view: {page} by {user}
81747,2026-01-15,19:40:30,INFO,AuthService,Transaction tx916625 completed in 1857ms,E104,Transaction {tx} completed in {time}ms
81748,2026-01-15,19:18:08,INFO,InventoryDB,User u3678 login successful,E101,User {user} login successful
81749,2026-01-15,19:23:10,INFO,AuthService,Page view: /home by u4377,E103,Page view: {page} by {user}
81750,2026-01-15,19:17:46,INFO,WebServer,Health check passed: WebServer,E102,Health check passed: {service}
81751,2026-01-15,19:32:19,INFO,PaymentGateway,User u4527 login successful,E101,User {user} login successful
81752,2026-01-15,19:42:35,INFO,WebServer,User u3085 login successful,E101,User {user} login successful
81753,2026-01-15,19:15:15,INFO,WebServer,Health check passed: WebServer,E102,Health check passed: {service}
81754,2026-01-15,19:28:47,INFO,InventoryDB,Page view: /home by u4324,E103,Page view: {page} by {user}
81755,2026-01-15,19:33:13,INFO,InventoryDB,Transaction tx579453 completed in 73ms,E104,Transaction {tx} completed in {time}ms
81756,2026-01-15,19:32:00,INFO,WebServer,Health check passed: WebServer,E102,Health check passed: {service}
81757,2026-01-15,19:43:00,INFO,InventoryDB,Transaction tx510730 completed in 114ms,E104,Transaction {tx} completed in {time}ms
81758,2026-01-15,19:40:54,INFO,OrderProcessor,Page view: /home by u2181,E103,Page view: {page} by {user}
81759,2026-01-15,19:56:16,INFO,WebServer,User u1672 login successful,E101,User {user} login successful
81760,2026-01-15,19:43:18,INFO,WebServer,Transaction tx987595 completed in 1483ms,E104,Transaction {tx} completed in {time}ms
81761,2026-01-15,19:57:40,INFO,WebServer,Transaction tx971112 completed in 1149ms,E104,Transaction {tx} completed in {time}ms
81762,2026-01-15,19:32:18,INFO,PaymentGateway,Page view: /home by u1502,E103,Page view: {page} by {user}
81763,2026-01-15,19:08:31,INFO,WebServer,Page view: /home by u3543,E103,Page view: {page} by {user}
81764,2026-01-15,19:12:57,INFO,AuthService,Page view: /home by u4357,E103,Page view: {page} by {user}
81765,2026-01-15,19:36:53,INFO,WebServer,User u2107 login successful,E101,User {user} login successful
81766,2026-01-15,19:50:46,INFO,PaymentGateway,User u2393 login successful,E101,User {user} login successful
81767,2026-01-15,19:28:10,INFO,WebServer,Page view: /home by u4944,E103,Page view: {page} by {user}
81768,2026-01-15,19:38:27,INFO,PaymentGateway,Health check passed: PaymentGateway,E102,Health check passed: {service}
81769,2026-01-15,19:38:37,INFO,WebServer,User u3887 login successful,E101,User {user} login successful
81770,2026-01-15,19:08:33,INFO,InventoryDB,Page view: /home by u4649,E103,Page view: {page} by {user}
81771,2026-01-15,19:05:28,INFO,WebServer,User u2482 login successful,E101,User {user} login successful
81772,2026-01-15,19:38:42,ERROR,AuthService,Timeout waiting for lock on InventoryDB,E502,Timeout waiting for lock on {db}
81773,2026-01-15,19:19:53,INFO,OrderProcessor,Transaction tx812769 completed in 1925ms,E104,Transaction {tx} completed in {time}ms
81774,2026-01-15,19:08:39,INFO,OrderProcessor,Page view: /home by u3471,E103,Page view: {page} by {user}
81775,2026-01-15,19:03:47,INFO,WebServer,Transaction tx572167 completed in 1234ms,E104,Transaction {tx} completed in {time}ms
81776,2026-01-15,19:07:28,INFO,WebServer,User u1959 login successful,E101,User {user} login successful
81777,2026-01-15,19:31:19,INFO,WebServer,Page view: /home by u3637,E103,Page view: {page} by {user}
81778,2026-01-15,19:07:53,INFO,WebServer,User u4767 login successful,E101,User {user} login successful
81779,2026-01-15,19:53:49,INFO,WebServer,Transaction tx648295 completed in 1124ms,E104,Transaction {tx} completed in {time}ms
81780,2026-01-15,19:40:39,INFO,InventoryDB,Transaction tx113756 completed in 325ms,E104,Transaction {tx} completed in {time}ms
81781,2026-01-15,19:28:25,INFO,WebServer,Transaction tx259085 completed in 1709ms,E104,Transaction {tx} completed in {time}ms
81782,2026-01-15,19:34:12,INFO,OrderProcessor,Transaction tx789946 completed in 1857ms,E104,Transaction {tx} completed in {time}ms
81783,2026-01-15,19:35:22,INFO,WebServer,Health check passed: WebServer,E102,Health check passed: {service}
81784,2026-01-15,19:08:52,INFO,AuthService,Page view: /home by u4841,E103,Page view: {page} by {user}
81785,2026-01-15,19:25:09,INFO,WebServer,Transaction tx511806 completed in 639ms,E104,Transaction {tx} completed in {time}ms
81786,2026-01-15,19:40:34,INFO,WebServer,Health check passed: WebServer,E102,Health check passed: {service}
81787,2026-01-15,19:05:21,INFO,AuthService,Page view: /home by u4045,E103,Page view: {page} by {user}
81788,2026-01-15,19:53:55,INFO,WebServer,Page view: /home by u3912,E103,Page view: {page} by {user}
81789,2026-01-15,19:04:18,INFO,WebServer,Transaction tx232693 completed in 1471ms,E104,Transaction {tx} completed in {time}ms
81790,2026-01-15,19:15:30,INFO,PaymentGateway,Page view: /home by u3988,E103,Page view: {page} by {user}
81791,2026-01-15,19:26:24,INFO,WebServer,Page view: /home by u1978,E103,Page view: {page} by {user}
81792,2026-01-15,19:15:37,INFO,WebServer,User u3166 login successful,E101,User {user} login successful
81793,2026-01-15,19:08:02,INFO,WebServer,Page view: /home by u2567,E103,Page view: {page} by {user}
81794,2026-01-15,19:33:17,INFO,AuthService,Page view: /home by u1697,E103,Page view: {page} by {user}
81795,2026-01-15,19:12:34,INFO,WebServer,Health check passed: WebServer,E102,Health check passed: {service}
81796,2026-01-15,19:25:28,INFO,WebServer,Page view: /home by u4097,E103,Page view: {page} by {user}
81797,2026-01-15,19:55:13,INFO,WebServer,User u4163 login successful,E101,User {user} login successful
81798,2026-01-15,19:24:20,INFO,WebServer,User u3377 login successful,E101,User {user} login successful
81799,2026-01-15,19:48:09,INFO,WebServer,Page view: /home by u3713,E103,Page view: {page} by {user}
81800,2026-01-15,19:05:12,INFO,AuthService,Page view: /home by u3180,E103,Page view: {page} by {user}
81801,2026-01-15,19:39:19,INFO,WebServer,Transaction tx116079 completed in 177ms,E104,Transaction {tx} completed in {time}ms
81802,2026-01-15,19:03:48,INFO,WebServer,Health check passed: WebServer,E102,Health check passed: {service}
81803,2026-01-15,19:54:54,INFO,WebServer,Transaction tx143275 completed in 1711ms,E104,Transaction {tx} completed in {time}ms
81804,2026-01-15,19:28:00,INFO,WebServer,User u1471 login successful,E101,User {user} login successful
81805,2026-01-15,19:02:58,INFO,InventoryDB,Page view: /home by u1823,E103,Page view: {page} by {user}
81806,2026-01-15,19:08:56,INFO,WebServer,Transaction tx838549 completed in 888ms,E104,Transaction {tx} completed in {time}ms
81807,2026-01-15,19:30:02,INFO,AuthService,Health check passed: AuthService,E102,Health check passed: {service}
81808,2026-01-15,19:15:09,INFO,AuthService,Transaction tx412608 completed in 152ms,E104,Transaction {tx} completed in {time}ms
81809,2026-01-15,19:50:00,INFO,WebServer,Transaction tx177290 completed in 1476ms,E104,Transaction {tx} completed in {time}ms
81810,2026-01-15,19:58:27,INFO,InventoryDB,Page view: /home by u3184,E103,Page view: {page} by {user}
81811,2026-01-15,19:51:38,INFO,AuthService,Transaction tx552171 completed in 1927ms,E104,Transaction {tx} completed in {time}ms
81812,2026-01-15,19:39:39,INFO,WebServer,Health check passed: WebServer,E102,Health check passed: {service}
81813,2026-01-15,19:38:10,INFO,OrderProcessor,Page view: /home by u4563,E103,Page view: {page} by {user}
81814,2026-01-15,19:17:45,INFO,OrderProcessor,User u1456 login successful,E101,User {user} login successful
81815,2026-01-15,19:49:47,INFO,WebServer,Health check passed: WebServer,E102,Health check passed: {service}
81816,2026-01-15,19:03:29,INFO,WebServer,Transaction tx795268 completed in 1006ms,E104,Transaction {tx} completed in {time}ms
81817,2026-01-15,19:40:11,INFO,AuthService,Transaction tx691424 completed in 1844ms,E104,Transaction {tx} completed in {time}ms
81818,2026-01-15,19:22:22,INFO,WebServer,Health check passed: WebServer,E102,Health check passed: {service}
81819,2026-01-15,19:07:51,INFO,AuthService,User u3111 login successful,E101,User {user} login successful
81820,2026-01-15,19:56:28,INFO,AuthService,User u4468 login successful,E101,User {user} login successful
81821,2026-01-15,19:14:39,INFO,WebServer,Transaction tx133380 completed in 1488ms,E104,Transaction {tx} completed in {time}ms
81822,2026-01-15,19:07:31,INFO,OrderProcessor,User u1825 login successful,E101,User {user} login successful
81823,2026-01-15,19:45:35,WARN,PaymentGateway,High latency (1206ms) detected on PaymentGateway,E201,High latency ({time}ms) detected on {service}
81824,2026-01-15,19:10:51,INFO,PaymentGateway,Page view: /home by u1320,E103,Page view: {page} by {user}
81825,2026-01-15,19:19:41,INFO,WebServer,User u2041 login successful,E101,User {user} login successful
81826,2026-01-15,19:47:56,WARN,PaymentGateway,High latency (1942ms) detected on PaymentGateway,E201,High latency ({time}ms) detected on {service}
81827,2026-01-15,19:43:08,INFO,OrderProcessor,Health check passed: OrderProcessor,E102,Health check passed: {service}
81828,2026-01-15,19:52:22,INFO,WebServer,Health check passed: WebServer,E102,Health check passed: {service}
81829,2026-01-15,19:10:28,INFO,PaymentGateway,Health check passed: PaymentGateway,E102,Health check passed: {service}
81830,2026-01-15,19:29:28,INFO,OrderProcessor,Health check passed: OrderProcessor,E102,Health check passed: {service}
81831,2026-01-15,19:26:45,INFO,PaymentGateway,Page view: /home by u4703,E103,Page view: {page} by {user}
81832,2026-01-15,19:42:19,INFO,OrderProcessor,Page view: /home by u3490,E103,Page view: {page} by {user}
81833,2026-01-15,19:18:38,INFO,PaymentGateway,Page view: /home by u1481,E103,Page view: {page} by {user}
81834,2026-01-15,19:29:21,INFO,WebServer,Health check passed: WebServer,E102,Health check passed: {service}
81835,2026-01-15,19:22:55,INFO,WebServer,User u3403 login successful,E101,User {user} login successful
81836,2026-01-15,19:08:39,INFO,AuthService,Transaction tx123526 completed in 1529ms,E104,Transaction {tx} completed in {time}ms
81837,2026-01-15,19:14:27,INFO,WebServer,Page view: /home by u4498,E103,Page view: {page} by {user}
81838,2026-01-15,19:58:09,INFO,WebServer,Transaction tx289718 completed in 657ms,E104,Transaction {tx} completed in {time}ms
81839,2026-01-15,19:59:44,INFO,WebServer,User u3979 login successful,E101,User {user} login successful
81840,2026-01-15,19:16:24,INFO,WebServer,Health check passed: WebServer,E102,Health check passed: {service}
81841,2026-01-15,19:58:07,INFO,AuthService,Health check passed: AuthService,E102,Health check passed: {service}
81842,2026-01-15,19:02:29,INFO,PaymentGateway,Health check passed: PaymentGateway,E102,Health check passed: {service}
81843,2026-01-15,19:42:38,INFO,WebServer,User u2246 login successful,E101,User {user} login successful
81844,2026-01-15,19:38:35,INFO,OrderProcessor,Health check passed: OrderProcessor,E102,Health check passed: {service}
81845,2026-01-15,19:02:31,INFO,WebServer,Page view: /home by u1229,E103,Page view: {page} by {user}
81846,2026-01-15,19:44:10,INFO,WebServer,Page view: /home by u4965,E103,Page view: {page} by {user}
81847,2026-01-15,19:50:24,INFO,WebServer,Page view: /home by u2672,E103,Page view: {page} by {user}
81848,2026-01-15,19:37:32,WARN,WebServer,Unauthorized access attempt from 10.0.0.88,E401,Unauthorized access attempt from {ip}
81849,2026-01-15,19:30:25,INFO,WebServer,User u1999 login successful,E101,User {user} login successful
81850,2026-01-15,19:25:55,INFO,OrderProcessor,Transaction tx946470 completed in 1307ms,E104,Transaction {tx} completed in {time}ms
81851,2026-01-15,19:40:56,INFO,WebServer,Health check passed: WebServer,E102,Health check passed: {service}
81852,2026-01-15,19:32:03,INFO,OrderProcessor,Health check passed: OrderProcessor,E102,Health check passed: {service}
81853,2026-01-15,19:46:46,INFO,InventoryDB,Health check passed: InventoryDB,E102,Health check passed: {service}
81854,2026-01-15,19:18:27,INFO,AuthService,Page view: /home by u2542,E103,Page view: {page} by {user}
81855,2026-01-15,20:28:59,ERROR,WebServer,Payment declined: Gateway unavailable,E503,Payment declined: Gateway unavailable
81856,2026-01-15,20:18:36,INFO,WebServer,Transaction tx334669 completed in 1825ms,E104,Transaction {tx} completed in {time}ms
81857,2026-01-15,20:19:24,INFO,AuthService,User u3285 login successful,E101,User {user} login successful
81858,2026-01-15,20:57:27,INFO,InventoryDB,User u2235 login successful,E101,User {user} login successful
81859,2026-01-15,20:05:45,WARN,WebServer,Unauthorized access attempt from 10.0.0.45,E401,Unauthorized access attempt from {ip}
81860,2026-01-15,20:34:55,INFO,OrderProcessor,User u2302 login successful,E101,User {user} login successful
81861,2026-01-15,20:57:47,WARN,OrderProcessor,Disk usage > 85% on node node-3,E202,Disk usage > 85% on node {node}
81862,2026-01-15,20:50:50,WARN,WebServer,Disk usage > 85% on node node-4,E202,Disk usage > 85% on node {node}
81863,2026-01-15,20:02:10,INFO,WebServer,Page view: /home by u2125,E103,Page view: {page} by {user}
81864,2026-01-15,20:04:48,INFO,OrderProcessor,Page view: /home by u3931,E103,Page view: {page} by {user}
81865,2026-01-15,20:52:49,INFO,WebServer,User u3035 login successful,E101,User {user} login successful
81866,2026-01-15,20:48:47,INFO,WebServer,Page view: /home by u3356,E103,Page view: {page} by {user}
81867,2026-01-15,20:38:03,INFO,WebServer,User u4006 login successful,E101,User {user} login successful
81868,2026-01-15,20:25:15,INFO,WebServer,Transaction tx992461 completed in 1890ms,E104,Transaction {tx} completed in {time}ms
81869,2026-01-15,20:46:41,INFO,WebServer,Health check passed: WebServer,E102,Health check passed: {service}
81870,2026-01-15,20:47:41,INFO,WebServer,Page view: /home by u1641,E103,Page view: {page} by {user}
81871,2026-01-15,20:33:07,WARN,AuthService,Unauthorized access attempt from 10.0.0.88,E401,Unauthorized access attempt from {ip}
81872,2026-01-15,20:59:51,INFO,WebServer,Health check passed: WebServer,E102,Health check passed: {service}
81873,2026-01-15,20:37:16,ERROR,OrderProcessor,Payment declined: Gateway unavailable,E503,Payment declined: Gateway unavailable
81874,2026-01-15,20:19:00,INFO,InventoryDB,User u4080 login successful,E101,User {user} login successful
81875,2026-01-15,20:21:03,INFO,PaymentGateway,User u1474 login successful,E101,User {user} login successful
81876,2026-01-15,20:45:14,INFO,OrderProcessor,Transaction tx388605 completed in 54ms,E104,Transaction {tx} completed in {time}ms
81877,2026-01-15,20:09:56,INFO,WebServer,Page view: /home by u3272,E103,Page view: {page} by {user}
81878,2026-01-15,20:32:20,INFO,WebServer,Health check passed: WebServer,E102,Health check passed: {service}
81879,2026-01-15,20:42:18,INFO,WebServer,User u1787 login successful,E101,User {user} login successful
81880,2026-01-15,20:49:58,INFO,WebServer,Health check passed: WebServer,E102,Health check passed: {service}
81881,2026-01-15,20:51:38,INFO,InventoryDB,User u2725 login successful,E101,User {user} login successful
81882,2026-01-15,20:30:31,INFO,WebServer,Transaction tx540278 completed in 1817ms,E104,Transaction {tx} completed in {time}ms
81883,2026-01-15,20:42:06,WARN,PaymentGateway,Unauthorized access attempt from 10.0.0.45,E401,Unauthorized access attempt from {ip}
81884,2026-01-15,20:28:31,INFO,WebServer,User u4541 login successful,E101,User {user} login successful
81885,2026-01-15,20:02:30,INFO,WebServer,User u3294 login successful,E101,User {user} login successful
81886,2026-01-15,20:18:24,INFO,PaymentGateway,Transaction tx182415 completed in 1837ms,E104,Transaction {tx} completed in {time}ms
81887,2026-01-15,20:39:38,INFO,OrderProcessor,Health check passed: OrderProcessor,E102,Health check passed: {service}
81888,2026-01-15,20:17:17,INFO,WebServer,Transaction tx300051 completed in 754ms,E104,Transaction {tx} completed in {time}ms
81889,2026-01-15,20:28:07,INFO,WebServer,User u2964 login successful,E101,User {user} login successful
81890,2026-01-15,20:59:44,INFO,AuthService,User u1800 login successful,E101,User {user} login successful
81891,2026-01-15,20:47:39,INFO,AuthService,Page view: /home by u2133,E103,Page view: {page} by {user}
81892,2026-01-15,20:00:51,INFO,WebServer,Page view: /home by u3299,E103,Page view: {page} by {user}
81893,2026-01-15,20:50:39,INFO,InventoryDB,User u3160 login successful,E101,User {user} login successful
81894,2026-01-15,20:10:22,INFO,AuthService,Transaction tx541398 completed in 101ms,E104,Transaction {tx} completed in {time}ms
81895,2026-01-15,20:52:40,INFO,InventoryDB,Page view: /home by u1234,E103,Page view: {page} by {user}
81896,2026-01-15,20:40:00,INFO,WebServer,User u3017 login successful,E101,User {user} login successful
81897,2026-01-15,20:57:16,INFO,WebServer,Transaction tx879163 completed in 1064ms,E104,Transaction {tx} completed in {time}ms
81898,2026-01-15,20:25:19,INFO,WebServer,User u2697 login successful,E101,User {user} login successful
81899,2026-01-15,20:52:38,INFO,WebServer,Page view: /home by u1215,E103,Page view: {page} by {user}
81900,2026-01-15,20:15:37,INFO,WebServer,Page view: /home by u4400,E103,Page view: {page} by {user}
81901,2026-01-15,20:29:54,INFO,WebServer,User u2980 login successful,E101,User {user} login successful
81902,2026-01-15,20:48:19,INFO,WebServer,User u2051 login successful,E101,User {user} login successful
81903,2026-01-15,20:48:58,INFO,WebServer,User u4303 login successful,E101,User {user} login successful
81904,2026-01-15,20:10:45,INFO,AuthService,Page view: /home by u3746,E103,Page view: {page} by {user}
81905,2026-01-15,20:13:22,INFO,WebServer,Page view: /home by u1172,E103,Page view: {page} by {user}
81906,2026-01-15,20:23:04,INFO,AuthService,Page view: /home by u3021,E103,Page view: {page} by {user}
81907,2026-01-15,20:02:58,INFO,WebServer,Transaction tx549818 completed in 948ms,E104,Transaction {tx} completed in {time}ms
81908,2026-01-15,20:30:34,INFO,WebServer,Transaction tx448379 completed in 337ms,E104,Transaction {tx} completed in {time}ms
81909,2026-01-15,20:56:54,INFO,PaymentGateway,Transaction tx877272 completed in 1943ms,E104,Transaction {tx} completed in {time}ms
81910,2026-01-15,20:10:07,INFO,AuthService,Transaction tx480790 completed in 723ms,E104,Transaction {tx} completed in {time}ms
81911,2026-01-15,20:50:53,INFO,InventoryDB,Page view: /home by u4091,E103,Page view: {page} by {user}
81912,2026-01-15,20:43:53,INFO,WebServer,User u3674 login successful,E101,User {user} login successful
81913,2026-01-15,20:02:30,WARN,AuthService,Unauthorized access attempt from 10.0.0.88,E401,Unauthorized access attempt from {ip}
81914,2026-01-15,20:26:41,INFO,WebServer,Transaction tx193079 completed in 487ms,E104,Transaction {tx} completed in {time}ms
81915,2026-01-15,20:27:46,INFO,InventoryDB,Health check passed: InventoryDB,E102,Health check passed: {service}
81916,2026-01-15,20:19:10,INFO,WebServer,Page view: /home by u3216,E103,Page view: {page} by {user}
81917,2026-01-15,20:43:08,INFO,AuthService,User u2206 login successful,E101,User {user} login successful
81918,2026-01-15,20:05:39,INFO,WebServer,User u4870 login successful,E101,User {user} login successful
81919,2026-01-15,20:19:18,WARN,WebServer,Unauthorized access attempt from 10.0.0.12,E401,Unauthorized access attempt from {ip}
81920,2026-01-15,20:50:50,INFO,PaymentGateway,Transaction tx399498 completed in 1687ms,E104,Transaction {tx} completed in {time}ms
81921,2026-01-15,20:57:13,INFO,PaymentGateway,Page view: /home by u4461,E103,Page view: {page} by {user}
81922,2026-01-15,20:43:46,INFO,WebServer,Health check passed: WebServer,E102,Health check passed: {service}
81923,2026-01-15,20:53:55,INFO,AuthService,Transaction tx850749 completed in 380ms,E104,Transaction {tx} completed in {time}ms
81924,2026-01-15,20:52:43,INFO,OrderProcessor,Page view: /home by u3736,E103,Page view: {page} by {user}
81925,2026-01-15,20:13:39,INFO,AuthService,Health check passed: AuthService,E102,Health check passed: {service}
81926,2026-01-15,20:59:30,INFO,PaymentGateway,Health check passed: PaymentGateway,E102,Health check passed: {service}
81927,2026-01-15,20:04:09,INFO,WebServer,User u3559 login successful,E101,User {user} login successful
81928,2026-01-15,20:08:36,INFO,OrderProcessor,Health check passed: OrderProcessor,E102,Health check passed: {service}
81929,2026-01-15,20:11:20,INFO,WebServer,Page view: /home by u2796,E103,Page view: {page} by {user}
81930,2026-01-15,20:16:49,INFO,OrderProcessor,Health check passed: OrderProcessor,E102,Health check passed: {service}
81931,2026-01-15,20:40:26,INFO,AuthService,Page view: /home by u2690,E103,Page view: {page} by {user}
81932,2026-01-15,20:44:40,INFO,OrderProcessor,Page view: /home by u3322,E103,Page view: {page} by {user}
81933,2026-01-15,20:29:25,INFO,WebServer,User u4302 login successful,E101,User {user} login successful
81934,2026-01-15,20:53:47,INFO,AuthService,Transaction tx217571 completed in 680ms,E104,Transaction {tx} completed in {time}ms
81935,2026-01-15,20:42:11,INFO,OrderProcessor,User u4907 login successful,E101,User {user} login successful
81936,2026-01-15,20:06:31,INFO,InventoryDB,Page view: /home by u3861,E103,Page view: {page} by {user}
81937,2026-01-15,20:22:27,INFO,OrderProcessor,Page view: /home by u4833,E103,Page view: {page} by {user}
81938,2026-01-15,20:29:53,WARN,WebServer,Unauthorized access attempt from 10.0.0.88,E401,Unauthorized access attempt from {ip}
81939,2026-01-15,20:26:25,INFO,PaymentGateway,Health check passed: PaymentGateway,E102,Health check passed: {service}
81940,2026-01-15,20:23:09,INFO,WebServer,Page view: /home by u4113,E103,Page view: {page} by {user}
81941,2026-01-15,20:52:33,INFO,InventoryDB,User u2018 login successful,E101,User {user} login successful
81942,2026-01-15,20:17:22,CRITICAL,AuthService,KERNEL PANIC: Node node-5 crashed,E601,KERNEL PANIC: Node {node} crashed
81943,2026-01-15,20:53:56,INFO,AuthService,User u4626 login successful,E101,User {user} login successful
81944,2026-01-15,20:40:54,INFO,OrderProcessor,Transaction tx774126 completed in 413ms,E104,Transaction {tx} completed in {time}ms
81945,2026-01-15,20:30:59,INFO,WebServer,User u3700 login successful,E101,User {user} login successful
81946,2026-01-15,20:57:48,ERROR,OrderProcessor,Connection refused to OrderProcessor at 10.0.0.45,E501,Connection refused to {service} at {ip}
81947,2026-01-15,20:08:55,INFO,OrderProcessor,Transaction tx389380 completed in 545ms,E104,Transaction {tx} completed in {time}ms
81948,2026-01-15,20:27:02,INFO,WebServer,Page view: /home by u3752,E103,Page view: {page} by {user}
81949,2026-01-15,20:00:10,INFO,WebServer,Health check passed: WebServer,E102,Health check passed: {service}
81950,2026-01-15,20:36:53,INFO,WebServer,Page view: /home by u2381,E103,Page view: {page} by {user}
81951,2026-01-15,20:27:23,INFO,WebServer,User u4948 login successful,E101,User {user} login successful
81952,2026-01-15,20:04:33,INFO,WebServer,Health check passed: WebServer,E102,Health check passed: {service}
81953,2026-01-15,20:14:17,INFO,WebServer,Page view: /home by u2989,E103,Page view: {page} by {user}
81954,2026-01-15,20:42:07,INFO,WebServer,Transaction tx274371 completed in 1673ms,E104,Transaction {tx} completed in {time}ms
81955,2026-01-15,20:33:48,INFO,PaymentGateway,Transaction tx969259 completed in 1165ms,E104,Transaction {tx} completed in {time}ms
81956,2026-01-15,20:05:38,WARN,AuthService,High latency (583ms) detected on AuthService,E201,High latency ({time}ms) detected on {service}
81957,2026-01-15,20:57:43,INFO,WebServer,User u3467 login successful,E101,User {user} login successful
81958,2026-01-15,20:21:51,INFO,WebServer,User u3097 login successful,E101,User {user} login successful
81959,2026-01-15,20:25:35,INFO,WebServer,Health check passed: WebServer,E102,Health check passed: {service}
81960,2026-01-15,20:36:35,INFO,WebServer,Page view: /home by u1819,E103,Page view: {page} by {user}
81961,2026-01-15,20:32:04,INFO,WebServer,Health check passed: WebServer,E102,Health check passed: {service}
81962,2026-01-15,20:17:51,INFO,OrderProcessor,User u2659 login successful,E101,User {user} login successful
81963,2026-01-15,20:41:14,INFO,InventoryDB,User u2194 login successful,E101,User {user} login successful
81964,2026-01-15,20:45:41,WARN,OrderProcessor,Disk usage > 85% on node node-4,E202,Disk usage > 85% on node {node}
81965,2026-01-15,20:42:26,INFO,OrderProcessor,Transaction tx985829 completed in 95ms,E104,Transaction {tx} completed in {time}ms
81966,2026-01-15,20:27:49,INFO,AuthService,Health check passed: AuthService,E102,Health check passed: {service}
81967,2026-01-15,20:34:26,INFO,WebServer,Transaction tx987374 completed in 281ms,E104,Transaction {tx} completed in {time}ms
81968,2026-01-15,20:20:10,INFO,WebServer,Transaction tx804543 completed in 1185ms,E104,Transaction {tx} completed in {time}ms
81969,2026-01-15,20:25:45,INFO,WebServer,User u4957 login successful,E101,User {user} login successful
81970,2026-01-15,20:54:59,INFO,OrderProcessor,Transaction tx550780 completed in 1605ms,E104,Transaction {tx} completed in {time}ms
81971,2026-01-15,20:31:29,INFO,OrderProcessor,User u4080 login successful,E101,User {user} login successful
81972,2026-01-15,20:28:39,INFO,PaymentGateway,Transaction tx108483 completed in 1429ms,E104,Transaction {tx} completed in {time}ms
81973,2026-01-15,20:46:30,INFO,WebServer,Transaction tx369645 completed in 546ms,E104,Transaction {tx} completed in {time}ms
81974,2026-01-15,20:05:18,INFO,WebServer,Page view: /home by u2657,E103,Page view: {page} by {user}
81975,2026-01-15,20:02:48,INFO,AuthService,Page view: /home by u3000,E103,Page view: {page} by {user}
81976,2026-01-15,20:58:10,INFO,PaymentGateway,Page view: /home by u1197,E103,Page view: {page} by {user}
81977,2026-01-15,20:03:00,INFO,WebServer,Transaction tx590593 completed in 313ms,E104,Transaction {tx} completed in {time}ms
81978,2026-01-15,20:40:02,INFO,AuthService,Page view: /home by u4852,E103,Page view: {page} by {user}
81979,2026-01-15,20:15:32,INFO,WebServer,Health check passed: WebServer,E102,Health check passed: {service}
81980,2026-01-15,20:38:14,INFO,WebServer,Health check passed: WebServer,E102,Health check passed: {service}
81981,2026-01-15,20:04:49,INFO,WebServer,Transaction tx644587 completed in 1307ms,E104,Transaction {tx} completed in {time}ms
81982,2026-01-15,20:24:48,INFO,AuthService,Health check passed: AuthService,E102,Health check passed: {service}
81983,2026-01-15,20:26:16,INFO,OrderProcessor,Health check passed: OrderProcessor,E102,Health check passed: {service}
81984,2026-01-15,20:40:16,INFO,WebServer,User u3153 login successful,E101,User {user} login successful
81985,2026-01-15,20:31:10,INFO,PaymentGateway,Health check passed: PaymentGateway,E102,Health check passed: {service}
81986,2026-01-15,20:48:06,INFO,WebServer,Page view: /home by u1237,E103,Page view: {page} by {user}
81987,2026-01-15,20:54:54,INFO,PaymentGateway,Health check passed: PaymentGateway,E102,Health check passed: {service}
81988,2026-01-15,20:07:30,INFO,WebServer,Page view: /home by u2848,E103,Page view: {page} by {user}
81989,2026-01-15,20:37:46,INFO,AuthService,Page view: /home by u3435,E103,Page view: {page} by {user}
81990,2026-01-15,20:48:52,INFO,OrderProcessor,Transaction tx425767 completed in 1066ms,E104,Transaction {tx} completed in {time}ms
81991,2026-01-15,20:11:54,INFO,InventoryDB,Transaction tx487452 completed in 1942ms,E104,Transaction {tx} completed in {time}ms
81992,2026-01-15,20:12:57,WARN,OrderProcessor,Unauthorized access attempt from 10.0.0.12,E401,Unauthorized access attempt from {ip}
81993,2026-01-15,20:01:49,INFO,OrderProcessor,Health check passed: OrderProcessor,E102,Health check passed: {service}
81994,2026-01-15,20:02:39,INFO,WebServer,Health check passed: WebServer,E102,Health check passed: {service}
81995,2026-01-15,20:08:15,INFO,PaymentGateway,User u1223 login successful,E101,User {user} login successful
81996,2026-01-15,20:23:04,INFO,WebServer,User u2960 login successful,E101,User {user} login successful
81997,2026-01-15,20:47:58,INFO,WebServer,User u4950 login successful,E101,User {user} login successful
81998,2026-01-15,20:44:02,INFO,WebServer,Health check passed: WebServer,E102,Health check passed: {service}
81999,2026-01-15,20:43:50,INFO,PaymentGateway,User u3237 login successful,E101,User {user} login successful
82000,2026-01-15,20:50:10,INFO,WebServer,Transaction tx277895 completed in 651ms,E104,Transaction {tx} completed in {time}ms
82001,2026-01-15,20:38:04,INFO,InventoryDB,Transaction tx502440 completed in 1470ms,E104,Transaction {tx} completed in {time}ms
82002,2026-01-15,20:41:33,INFO,AuthService,Transaction tx939424 completed in 638ms,E104,Transaction {tx} completed in {time}ms
82003,2026-01-15,20:34:39,INFO,AuthService,Page view: /home by u4963,E103,Page view: {page} by {user}
82004,2026-01-15,20:12:11,INFO,AuthService,Page view: /home by u1503,E103,Page view: {page} by {user}
82005,2026-01-15,20:55:48,INFO,WebServer,Health check passed: WebServer,E102,Health check passed: {service}
82006,2026-01-15,20:35:40,INFO,PaymentGateway,User u3512 login successful,E101,User {user} login successful
82007,2026-01-15,20:51:31,INFO,AuthService,User u2291 login successful,E101,User {user} login successful
82008,2026-01-15,20:09:15,INFO,OrderProcessor,Transaction tx584578 completed in 1548ms,E104,Transaction {tx} completed in {time}ms
82009,2026-01-15,20:46:45,INFO,AuthService,User u2838 login successful,E101,User {user} login successful
82010,2026-01-15,20:37:27,INFO,InventoryDB,Health check passed: InventoryDB,E102,Health check passed: {service}
82011,2026-01-15,20:31:52,INFO,WebServer,Page view: /home by u4109,E103,Page view: {page} by {user}
82012,2026-01-15,20:13:51,INFO,PaymentGateway,Health check passed: PaymentGateway,E102,Health check passed: {service}
82013,2026-01-15,20:36:29,INFO,PaymentGateway,Health check passed: PaymentGateway,E102,Health check passed: {service}
82014,2026-01-15,20:16:05,INFO,WebServer,User u4578 login successful,E101,User {user} login successful
82015,2026-01-15,20:36:46,INFO,PaymentGateway,Page view: /home by u3481,E103,Page view: {page} by {user}
82016,2026-01-15,20:00:17,INFO,OrderProcessor,Health check passed: OrderProcessor,E102,Health check passed: {service}
82017,2026-01-15,20:44:13,INFO,WebServer,Health check passed: WebServer,E102,Health check passed: {service}
82018,2026-01-15,20:05:11,INFO,WebServer,Transaction tx556880 completed in 976ms,E104,Transaction {tx} completed in {time}ms
82019,2026-01-15,20:19:09,WARN,WebServer,High latency (907ms) detected on WebServer,E201,High latency ({time}ms) detected on {service}
82020,2026-01-15,20:11:31,INFO,WebServer,User u1789 login successful,E101,User {user} login successful
82021,2026-01-15,20:37:03,INFO,AuthService,Page view: /home by u2154,E103,Page view: {page} by {user}
82022,2026-01-15,20:28:56,INFO,PaymentGateway,Page view: /home by u4411,E103,Page view: {page} by {user}
82023,2026-01-15,20:16:22,INFO,OrderProcessor,Health check passed: OrderProcessor,E102,Health check passed: {service}
82024,2026-01-15,20:27:37,INFO,WebServer,Health check passed: WebServer,E102,Health check passed: {service}
82025,2026-01-15,20:29:28,INFO,WebServer,Health check passed: WebServer,E102,Health check passed: {service}
82026,2026-01-15,20:01:35,INFO,WebServer,Transaction tx231736 completed in 802ms,E104,Transaction {tx} completed in {time}ms
82027,2026-01-15,20:14:56,INFO,WebServer,Health check passed: WebServer,E102,Health check passed: {service}
82028,2026-01-15,20:50:52,INFO,AuthService,Page view: /home by u1444,E103,Page view: {page} by {user}
82029,2026-01-15,20:52:22,INFO,WebServer,Transaction tx143206 completed in 1484ms,E104,Transaction {tx} completed in {time}ms
82030,2026-01-15,20:09:28,WARN,AuthService,High latency (550ms) detected on AuthService,E201,High latency ({time}ms) detected on {service}
82031,2026-01-15,20:26:33,INFO,OrderProcessor,User u1515 login successful,E101,User {user} login successful
82032,2026-01-15,20:39:00,INFO,WebServer,Transaction tx915178 completed in 599ms,E104,Transaction {tx} completed in {time}ms
82033,2026-01-15,20:18:01,INFO,AuthService,Health check passed: AuthService,E102,Health check passed: {service}
82034,2026-01-15,20:49:35,INFO,WebServer,Page view: /home by u2176,E103,Page view: {page} by {user}
82035,2026-01-15,20:59:25,INFO,OrderProcessor,Health check passed: OrderProcessor,E102,Health check passed: {service}
82036,2026-01-15,20:59:01,INFO,WebServer,Transaction tx560552 completed in 1714ms,E104,Transaction {tx} completed in {time}ms
82037,2026-01-15,20:19:47,WARN,AuthService,Unauthorized access attempt from 10.0.0.45,E401,Unauthorized access attempt from {ip}
82038,2026-01-15,20:31:39,INFO,AuthService,User u2237 login successful,E101,User {user} login successful
82039,2026-01-15,20:26:49,INFO,OrderProcessor,Health check passed: OrderProcessor,E102,Health check passed: {service}
82040,2026-01-15,20:14:28,INFO,AuthService,Health check passed: AuthService,E102,Health check passed: {service}
82041,2026-01-15,20:57:54,INFO,WebServer,Transaction tx663012 completed in 261ms,E104,Transaction {tx} completed in {time}ms
82042,2026-01-15,20:31:53,INFO,AuthService,Page view: /home by u4373,E103,Page view: {page} by {user}
82043,2026-01-15,20:13:56,INFO,OrderProcessor,Transaction tx174542 completed in 122ms,E104,Transaction {tx} completed in {time}ms
82044,2026-01-15,20:10:07,INFO,AuthService,Transaction tx198255 completed in 175ms,E104,Transaction {tx} completed in {time}ms
82045,2026-01-15,20:24:41,INFO,WebServer,Health check passed: WebServer,E102,Health check passed: {service}
82046,2026-01-15,20:18:01,INFO,OrderProcessor,User u3622 login successful,E101,User {user} login successful
82047,2026-01-15,20:26:28,INFO,PaymentGateway,Transaction tx585271 completed in 1369ms,E104,Transaction {tx} completed in {time}ms
82048,2026-01-15,20:23:32,INFO,AuthService,Health check passed: AuthService,E102,Health check passed: {service}
82049,2026-01-15,20:37:15,INFO,WebServer,User u3827 login successful,E101,User {user} login successful
82050,2026-01-15,20:38:30,INFO,WebServer,Page view: /home by u1134,E103,Page view: {page} by {user}
82051,2026-01-15,20:53:42,INFO,AuthService,Page view: /home by u2705,E103,Page view: {page} by {user}
82052,2026-01-15,20:28:12,INFO,PaymentGateway,Transaction tx524647 completed in 536ms,E104,Transaction {tx} completed in {time}ms
82053,2026-01-15,20:02:30,INFO,AuthService,User u3671 login successful,E101,User {user} login successful
82054,2026-01-15,20:48:58,INFO,WebServer,Health check passed: WebServer,E102,Health check passed: {service}
82055,2026-01-15,20:39:04,INFO,AuthService,Page view: /home by u3025,E103,Page view: {page} by {user}
82056,2026-01-15,20:43:24,INFO,PaymentGateway,User u3845 login successful,E101,User {user} login successful
82057,2026-01-15,20:22:00,INFO,WebServer,Page view: /home by u1685,E103,Page view: {page} by {user}
82058,2026-01-15,20:20:58,INFO,PaymentGateway,Transaction tx528571 completed in 418ms,E104,Transaction {tx} completed in {time}ms
82059,2026-01-15,20:25:48,INFO,WebServer,Health check passed: WebServer,E102,Health check passed: {service}
82060,2026-01-15,20:17:09,INFO,WebServer,Transaction tx583481 completed in 868ms,E104,Transaction {tx} completed in {time}ms
82061,2026-01-15,20:45:07,INFO,WebServer,Page view: /home by u3576,E103,Page view: {page} by {user}
82062,2026-01-15,20:30:30,INFO,WebServer,Page view: /home by u2080,E103,Page view: {page} by {user}
82063,2026-01-15,20:32:43,INFO,WebServer,Page view: /home by u4407,E103,Page view: {page} by {user}
82064,2026-01-15,20:56:06,INFO,AuthService,Health check passed: AuthService,E102,Health check passed: {service}
82065,2026-01-15,20:21:55,INFO,OrderProcessor,User u3660 login successful,E101,User {user} login successful
82066,2026-01-15,20:10:39,INFO,AuthService,Transaction tx608815 completed in 525ms,E104,Transaction {tx} completed in {time}ms
82067,2026-01-15,20:16:27,INFO,WebServer,Page view: /home by u4978,E103,Page view: {page} by {user}
82068,2026-01-15,20:52:09,WARN,OrderProcessor,Unauthorized access attempt from 10.0.0.45,E401,Unauthorized access attempt from {ip}
82069,2026-01-15,20:25:28,INFO,AuthService,Page view: /home by u2471,E103,Page view: {page} by {user}
82070,2026-01-15,20:32:11,INFO,WebServer,Transaction tx440657 completed in 365ms,E104,Transaction {tx} completed in {time}ms
82071,2026-01-15,20:54:35,INFO,AuthService,Page view: /home by u2769,E103,Page view: {page} by {user}
82072,2026-01-15,20:35:33,INFO,InventoryDB,Page view: /home by u4148,E103,Page view: {page} by {user}
82073,2026-01-15,20:20:13,INFO,PaymentGateway,Health check passed: PaymentGateway,E102,Health check passed: {service}
82074,2026-01-15,20:46:55,INFO,WebServer,Page view: /home by u3790,E103,Page view: {page} by {user}
82075,2026-01-15,20:08:06,INFO,PaymentGateway,Transaction tx676737 completed in 1236ms,E104,Transaction {tx} completed in {time}ms
82076,2026-01-15,20:19:14,INFO,WebServer,Health check passed: WebServer,E102,Health check passed: {service}
82077,2026-01-15,20:25:23,WARN,WebServer,High latency (659ms) detected on WebServer,E201,High latency ({time}ms) detected on {service}
82078,2026-01-15,20:35:05,INFO,WebServer,Transaction tx512179 completed in 166ms,E104,Transaction {tx} completed in {time}ms
82079,2026-01-15,20:31:42,INFO,WebServer,Page view: /home by u2412,E103,Page view: {page} by {user}
82080,2026-01-15,20:30:20,INFO,AuthService,Health check passed: AuthService,E102,Health check passed: {service}
82081,2026-01-15,20:50:38,INFO,InventoryDB,User u1125 login successful,E101,User {user} login successful
82082,2026-01-15,20:58:12,INFO,AuthService,Transaction tx523157 completed in 1473ms,E104,Transaction {tx} completed in {time}ms
82083,2026-01-15,20:51:23,INFO,AuthService,Page view: /home by u1564,E103,Page view: {page} by {user}
82084,2026-01-15,20:20:43,INFO,AuthService,Health check passed: AuthService,E102,Health check passed: {service}
82085,2026-01-15,20:27:06,INFO,WebServer,Transaction tx926681 completed in 630ms,E104,Transaction {tx} completed in {time}ms
82086,2026-01-15,20:25:02,WARN,WebServer,Disk usage > 85% on node node-4,E202,Disk usage > 85% on node {node}
82087,2026-01-15,20:35:03,INFO,OrderProcessor,Health check passed: OrderProcessor,E102,Health check passed: {service}
82088,2026-01-15,20:25:43,INFO,WebServer,Transaction tx563257 completed in 1778ms,E104,Transaction {tx} completed in {time}ms
82089,2026-01-15,20:52:39,INFO,WebServer,Health check passed: WebServer,E102,Health check passed: {service}
82090,2026-01-15,20:35:50,ERROR,OrderProcessor,Payment declined: Gateway unavailable,E503,Payment declined: Gateway unavailable
82091,2026-01-15,20:10:15,INFO,OrderProcessor,Transaction tx297830 completed in 1192ms,E104,Transaction {tx} completed in {time}ms
82092,2026-01-15,20:39:33,INFO,PaymentGateway,Transaction tx227373 completed in 1715ms,E104,Transaction {tx} completed in {time}ms
82093,2026-01-15,20:32:07,INFO,WebServer,User u4482 login successful,E101,User {user} login successful
82094,2026-01-15,20:42:29,INFO,AuthService,Health check passed: AuthService,E102,Health check passed: {service}
82095,2026-01-15,20:53:19,INFO,PaymentGateway,User u1302 login successful,E101,User {user} login successful
82096,2026-01-15,20:33:08,INFO,AuthService,Page view: /home by u1820,E103,Page view: {page} by {user}
82097,2026-01-15,20:37:03,INFO,AuthService,User u1521 login successful,E101,User {user} login successful
82098,2026-01-15,20:05:09,INFO,WebServer,User u1293 login successful,E101,User {user} login successful
82099,2026-01-15,20:16:11,INFO,WebServer,User u3401 login successful,E101,User {user} login successful
82100,2026-01-15,20:09:44,INFO,PaymentGateway,Transaction tx503818 completed in 428ms,E104,Transaction {tx} completed in {time}ms
82101,2026-01-15,20:53:38,INFO,OrderProcessor,Health check passed: OrderProcessor,E102,Health check passed: {service}
82102,2026-01-15,20:54:17,INFO,WebServer,Transaction tx741275 completed in 495ms,E104,Transaction {tx} completed in {time}ms
82103,2026-01-15,20:14:33,INFO,PaymentGateway,Transaction tx880491 completed in 570ms,E104,Transaction {tx} completed in {time}ms
82104,2026-01-15,20:21:52,INFO,WebServer,Transaction tx694826 completed in 220ms,E104,Transaction {tx} completed in {time}ms
82105,2026-01-15,20:04:35,INFO,PaymentGateway,Page view: /home by u4030,E103,Page view: {page} by {user}
82106,2026-01-15,20:45:27,INFO,AuthService,Transaction tx854616 completed in 323ms,E104,Transaction {tx} completed in {time}ms
82107,2026-01-15,20:19:36,WARN,WebServer,Disk usage > 85% on node node-2,E202,Disk usage > 85% on node {node}
82108,2026-01-15,20:43:26,INFO,AuthService,Page view: /home by u2604,E103,Page view: {page} by {user}
82109,2026-01-15,20:23:02,INFO,AuthService,Health check passed: AuthService,E102,Health check passed: {service}
82110,2026-01-15,20:18:42,INFO,WebServer,User u1490 login successful,E101,User {user} login successful
82111,2026-01-15,20:33:46,INFO,WebServer,Health check passed: WebServer,E102,Health check passed: {service}
82112,2026-01-15,20:38:07,WARN,AuthService,Disk usage > 85% on node node-5,E202,Disk usage > 85% on node {node}
82113,2026-01-15,20:57:00,INFO,OrderProcessor,User u3685 login successful,E101,User {user} login successful
82114,2026-01-15,20:17:32,INFO,InventoryDB,Health check passed: InventoryDB,E102,Health check passed: {service}
82115,2026-01-15,20:05:08,INFO,WebServer,Page view: /home by u1006,E103,Page view: {page} by {user}
82116,2026-01-15,20:19:41,INFO,WebServer,User u2053 login successful,E101,User {user} login successful
82117,2026-01-15,20:15:01,INFO,WebServer,Page view: /home by u1145,E103,Page view: {page} by {user}
82118,2026-01-15,20:49:48,INFO,WebServer,Page view: /home by u4942,E103,Page view: {page} by {user}
82119,2026-01-15,20:01:38,INFO,AuthService,Page view: /home by u2022,E103,Page view: {page} by {user}
82120,2026-01-15,20:20:03,INFO,PaymentGateway,Page view: /home by u4410,E103,Page view: {page} by {user}
82121,2026-01-15,20:14:41,ERROR,PaymentGateway,Payment declined: Gateway unavailable,E503,Payment declined: Gateway unavailable
82122,2026-01-15,20:51:21,INFO,WebServer,Health check passed: WebServer,E102,Health check passed: {service}
82123,2026-01-15,20:35:08,INFO,OrderProcessor,Transaction tx520562 completed in 113ms,E104,Transaction {tx} completed in {time}ms
82124,2026-01-15,20:58:45,INFO,AuthService,Health check passed: AuthService,E102,Health check passed: {service}
82125,2026-01-15,20:40:19,WARN,WebServer,Disk usage > 85% on node node-3,E202,Disk usage > 85% on node {node}
82126,2026-01-15,20:11:09,INFO,InventoryDB,Health check passed: InventoryDB,E102,Health check passed: {service}
82127,2026-01-15,20:01:11,INFO,PaymentGateway,Health check passed: PaymentGateway,E102,Health check passed: {service}
82128,2026-01-15,20:16:56,INFO,WebServer,User u4500 login successful,E101,User {user} login successful
82129,2026-01-15,20:27:18,INFO,OrderProcessor,User u1763 login successful,E101,User {user} login successful
82130,2026-01-15,20:29:15,INFO,WebServer,Page view: /home by u1776,E103,Page view: {page} by {user}
82131,2026-01-15,20:14:59,INFO,WebServer,User u3088 login successful,E101,User {user} login successful
82132,2026-01-15,20:30:38,INFO,WebServer,Health check passed: WebServer,E102,Health check passed: {service}
82133,2026-01-15,20:48:28,INFO,WebServer,Transaction tx391993 completed in 84ms,E104,Transaction {tx} completed in {time}ms
82134,2026-01-15,20:52:31,INFO,InventoryDB,User u3782 login successful,E101,User {user} login successful
82135,2026-01-15,20:53:37,INFO,WebServer,Transaction tx377210 completed in 1633ms,E104,Transaction {tx} completed in {time}ms
82136,2026-01-15,20:48:10,WARN,OrderProcessor,High latency (1439ms) detected on OrderProcessor,E201,High latency ({time}ms) detected on {service}
82137,2026-01-15,20:43:13,INFO,WebServer,User u1112 login successful,E101,User {user} login successful
82138,2026-01-15,20:41:39,INFO,WebServer,Page view: /home by u1586,E103,Page view: {page} by {user}
82139,2026-01-15,20:58:35,INFO,AuthService,Page view: /home by u3789,E103,Page view: {page} by {user}
82140,2026-01-15,20:37:13,INFO,AuthService,Health check passed: AuthService,E102,Health check passed: {service}
82141,2026-01-15,20:42:41,WARN,WebServer,Unauthorized access attempt from 10.0.0.45,E401,Unauthorized access attempt from {ip}
82142,2026-01-15,20:43:33,INFO,WebServer,Health check passed: WebServer,E102,Health check passed: {service}
82143,2026-01-15,20:11:10,INFO,WebServer,Health check passed: WebServer,E102,Health check passed: {service}
82144,2026-01-15,20:50:48,INFO,WebServer,Page view: /home by u3058,E103,Page view: {page} by {user}
82145,2026-01-15,20:04:47,INFO,PaymentGateway,User u2154 login successful,E101,User {user} login successful
82146,2026-01-15,20:46:57,INFO,WebServer,Health check passed: WebServer,E102,Health check passed: {service}
82147,2026-01-15,20:59:42,INFO,WebServer,Health check passed: WebServer,E102,Health check passed: {service}
82148,2026-01-15,20:48:29,INFO,AuthService,Health check passed: AuthService,E102,Health check passed: {service}
82149,2026-01-15,20:16:11,INFO,PaymentGateway,User u3109 login successful,E101,User {user} login successful
82150,2026-01-15,20:23:46,INFO,WebServer,Health check passed: WebServer,E102,Health check passed: {service}
82151,2026-01-15,20:12:42,INFO,WebServer,Page view: /home by u3869,E103,Page view: {page} by {user}
82152,2026-01-15,20:51:18,INFO,WebServer,Page view: /home by u1540,E103,Page view: {page} by {user}
82153,2026-01-15,20:06:17,INFO,PaymentGateway,User u3565 login successful,E101,User {user} login successful
82154,2026-01-15,20:17:35,INFO,AuthService,Page view: /home by u3992,E103,Page view: {page} by {user}
82155,2026-01-15,20:09:15,INFO,AuthService,Transaction tx932550 completed in 1870ms,E104,Transaction {tx} completed in {time}ms
82156,2026-01-15,20:04:25,INFO,WebServer,Page view: /home by u4425,E103,Page view: {page} by {user}
82157,2026-01-15,20:15:48,INFO,WebServer,User u4319 login successful,E101,User {user} login successful
82158,2026-01-15,20:12:18,INFO,WebServer,Health check passed: WebServer,E102,Health check passed: {service}
82159,2026-01-15,20:54:57,INFO,AuthService,Health check passed: AuthService,E102,Health check passed: {service}
82160,2026-01-15,20:35:26,INFO,InventoryDB,Page view: /home by u4006,E103,Page view: {page} by {user}
82161,2026-01-15,20:27:11,INFO,WebServer,User u1239 login successful,E101,User {user} login successful
82162,2026-01-15,20:03:16,INFO,OrderProcessor,Health check passed: OrderProcessor,E102,Health check passed: {service}
82163,2026-01-15,20:39:29,INFO,AuthService,Page view: /home by u3175,E103,Page view: {page} by {user}
82164,2026-01-15,20:38:48,INFO,WebServer,Transaction tx340846 completed in 1013ms,E104,Transaction {tx} completed in {time}ms
82165,2026-01-15,20:19:37,INFO,WebServer,Health check passed: WebServer,E102,Health check passed: {service}
82166,2026-01-15,20:21:51,INFO,WebServer,User u3243 login successful,E101,User {user} login successful
82167,2026-01-15,20:21:43,INFO,WebServer,User u2996 login successful,E101,User {user} login successful
82168,2026-01-15,20:46:16,INFO,WebServer,Transaction tx733615 completed in 104ms,E104,Transaction {tx} completed in {time}ms
82169,2026-01-15,20:33:36,INFO,OrderProcessor,Health check passed: OrderProcessor,E102,Health check passed: {service}
82170,2026-01-15,20:13:08,INFO,OrderProcessor,Health check passed: OrderProcessor,E102,Health check passed: {service}
82171,2026-01-15,20:57:58,INFO,AuthService,User u1145 login successful,E101,User {user} login successful
82172,2026-01-15,20:14:17,INFO,WebServer,Page view: /home by u3475,E103,Page view: {page} by {user}
82173,2026-01-15,20:42:47,INFO,OrderProcessor,Health check passed: OrderProcessor,E102,Health check passed: {service}
82174,2026-01-15,20:35:40,INFO,AuthService,User u4866 login successful,E101,User {user} login successful
82175,2026-01-15,20:47:10,INFO,WebServer,Health check passed: WebServer,E102,Health check passed: {service}
82176,2026-01-15,20:55:23,WARN,WebServer,High latency (1344ms) detected on WebServer,E201,High latency ({time}ms) detected on {service}
82177,2026-01-15,20:28:55,INFO,WebServer,Health check passed: WebServer,E102,Health check passed: {service}
82178,2026-01-15,20:38:44,INFO,WebServer,Health check passed: WebServer,E102,Health check passed: {service}
82179,2026-01-15,20:05:20,INFO,OrderProcessor,User u1032 login successful,E101,User {user} login successful
82180,2026-01-15,20:01:37,INFO,WebServer,Transaction tx324724 completed in 1236ms,E104,Transaction {tx} completed in {time}ms
82181,2026-01-15,20:49:33,INFO,AuthService,Transaction tx756784 completed in 834ms,E104,Transaction {tx} completed in {time}ms
82182,2026-01-15,20:22:35,INFO,WebServer,Transaction tx912869 completed in 1770ms,E104,Transaction {tx} completed in {time}ms
82183,2026-01-15,20:06:14,INFO,AuthService,Transaction tx130257 completed in 1780ms,E104,Transaction {tx} completed in {time}ms
82184,2026-01-15,20:36:36,INFO,OrderProcessor,Transaction tx875730 completed in 899ms,E104,Transaction {tx} completed in {time}ms
82185,2026-01-15,20:05:19,INFO,PaymentGateway,Transaction tx405145 completed in 315ms,E104,Transaction {tx} completed in {time}ms
82186,2026-01-15,20:44:09,INFO,InventoryDB,Page view: /home by u3207,E103,Page view: {page} by {user}
82187,2026-01-15,20:02:09,INFO,InventoryDB,User u3223 login successful,E101,User {user} login successful
82188,2026-01-15,20:26:03,INFO,PaymentGateway,Health check passed: PaymentGateway,E102,Health check passed: {service}
82189,2026-01-15,20:09:35,INFO,WebServer,Transaction tx100860 completed in 1585ms,E104,Transaction {tx} completed in {time}ms
82190,2026-01-15,20:01:44,INFO,WebServer,Health check passed: WebServer,E102,Health check passed: {service}
82191,2026-01-15,20:47:25,INFO,WebServer,Transaction tx830328 completed in 551ms,E104,Transaction {tx} completed in {time}ms
82192,2026-01-15,20:44:36,INFO,OrderProcessor,Health check passed: OrderProcessor,E102,Health check passed: {service}
82193,2026-01-15,20:21:24,INFO,AuthService,Health check passed: AuthService,E102,Health check passed: {service}
82194,2026-01-15,20:44:54,INFO,AuthService,User u1361 login successful,E101,User {user} login successful
82195,2026-01-15,20:27:23,INFO,WebServer,Transaction tx798817 completed in 1729ms,E104,Transaction {tx} completed in {time}ms
82196,2026-01-15,20:24:07,INFO,WebServer,Page view: /home by u3219,E103,Page view: {page} by {user}
82197,2026-01-15,20:44:33,INFO,PaymentGateway,User u4353 login successful,E101,User {user} login successful
82198,2026-01-15,20:07:15,INFO,WebServer,User u4433 login successful,E101,User {user} login successful
82199,2026-01-15,20:19:43,INFO,AuthService,Transaction tx403433 completed in 1585ms,E104,Transaction {tx} completed in {time}ms
82200,2026-01-15,20:07:56,WARN,PaymentGateway,Unauthorized access attempt from 10.0.0.88,E401,Unauthorized access attempt from {ip}
82201,2026-01-15,20:29:21,WARN,OrderProcessor,Disk usage > 85% on node node-5,E202,Disk usage > 85% on node {node}
82202,2026-01-15,20:17:10,INFO,WebServer,Health check passed: WebServer,E102,Health check passed: {service}
82203,2026-01-15,20:36:57,INFO,WebServer,User u3486 login successful,E101,User {user} login successful
82204,2026-01-15,20:01:49,INFO,WebServer,User u1096 login successful,E101,User {user} login successful
82205,2026-01-15,20:04:03,INFO,WebServer,User u1498 login successful,E101,User {user} login successful
82206,2026-01-15,20:26:10,WARN,WebServer,High latency (1755ms) detected on WebServer,E201,High latency ({time}ms) detected on {service}
82207,2026-01-15,20:56:36,INFO,WebServer,Health check passed: WebServer,E102,Health check passed: {service}
82208,2026-01-15,20:15:19,INFO,PaymentGateway,Health check passed: PaymentGateway,E102,Health check passed: {service}
82209,2026-01-15,20:11:20,INFO,WebServer,Transaction tx458526 completed in 983ms,E104,Transaction {tx} completed in {time}ms
82210,2026-01-15,20:32:00,INFO,WebServer,Page view: /home by u2726,E103,Page view: {page} by {user}
82211,2026-01-15,20:10:25,INFO,WebServer,Transaction tx315280 completed in 400ms,E104,Transaction {tx} completed in {time}ms
82212,2026-01-15,20:35:22,INFO,WebServer,User u1295 login successful,E101,User {user} login successful
82213,2026-01-15,20:12:41,INFO,InventoryDB,Page view: /home by u2352,E103,Page view: {page} by {user}
82214,2026-01-15,20:32:32,INFO,WebServer,Page view: /home by u1372,E103,Page view: {page} by {user}
82215,2026-01-15,20:41:31,INFO,WebServer,Health check passed: WebServer,E102,Health check passed: {service}
82216,2026-01-15,20:22:01,WARN,WebServer,Disk usage > 85% on node node-5,E202,Disk usage > 85% on node {node}
82217,2026-01-15,20:26:48,WARN,WebServer,High latency (1925ms) detected on WebServer,E201,High latency ({time}ms) detected on {service}
82218,2026-01-15,20:51:18,INFO,AuthService,Transaction tx838948 completed in 1550ms,E104,Transaction {tx} completed in {time}ms
82219,2026-01-15,20:17:21,INFO,PaymentGateway,User u4017 login successful,E101,User {user} login successful
82220,2026-01-15,20:25:25,INFO,AuthService,User u2244 login successful,E101,User {user} login successful
82221,2026-01-15,20:06:16,INFO,OrderProcessor,Page view: /home by u1367,E103,Page view: {page} by {user}
82222,2026-01-15,20:55:17,INFO,WebServer,Transaction tx732709 completed in 1935ms,E104,Transaction {tx} completed in {time}ms
82223,2026-01-15,20:08:10,INFO,WebServer,Transaction tx200381 completed in 1615ms,E104,Transaction {tx} completed in {time}ms
82224,2026-01-15,20:41:32,INFO,WebServer,Transaction tx302958 completed in 594ms,E104,Transaction {tx} completed in {time}ms
82225,2026-01-15,20:57:26,INFO,AuthService,Transaction tx279334 completed in 945ms,E104,Transaction {tx} completed in {time}ms
82226,2026-01-15,20:25:22,INFO,PaymentGateway,Page view: /home by u2618,E103,Page view: {page} by {user}
82227,2026-01-15,20:58:28,INFO,AuthService,Transaction tx681584 completed in 186ms,E104,Transaction {tx} completed in {time}ms
82228,2026-01-15,20:44:31,INFO,PaymentGateway,Health check passed: PaymentGateway,E102,Health check passed: {service}
82229,2026-01-15,20:06:56,INFO,WebServer,User u4708 login successful,E101,User {user} login successful
82230,2026-01-15,20:06:45,INFO,InventoryDB,Transaction tx741399 completed in 133ms,E104,Transaction {tx} completed in {time}ms
82231,2026-01-15,20:12:48,INFO,AuthService,Transaction tx210203 completed in 1300ms,E104,Transaction {tx} completed in {time}ms
82232,2026-01-15,20:53:51,INFO,WebServer,Transaction tx987782 completed in 572ms,E104,Transaction {tx} completed in {time}ms
82233,2026-01-15,20:30:36,INFO,AuthService,Page view: /home by u2959,E103,Page view: {page} by {user}
82234,2026-01-15,20:08:37,INFO,OrderProcessor,Health check passed: OrderProcessor,E102,Health check passed: {service}
82235,2026-01-15,20:09:13,INFO,WebServer,User u2572 login successful,E101,User {user} login successful
82236,2026-01-15,20:26:17,INFO,WebServer,Transaction tx681592 completed in 1027ms,E104,Transaction {tx} completed in {time}ms
82237,2026-01-15,20:35:28,INFO,InventoryDB,User u3037 login successful,E101,User {user} login successful
82238,2026-01-15,20:37:36,INFO,AuthService,Transaction tx757827 completed in 1796ms,E104,Transaction {tx} completed in {time}ms
82239,2026-01-15,20:26:43,WARN,WebServer,Disk usage > 85% on node node-4,E202,Disk usage > 85% on node {node}
82240,2026-01-15,20:56:28,INFO,WebServer,Health check passed: WebServer,E102,Health check passed: {service}
82241,2026-01-15,20:21:41,INFO,WebServer,User u3305 login successful,E101,User {user} login successful
82242,2026-01-15,20:44:15,INFO,PaymentGateway,Transaction tx132211 completed in 553ms,E104,Transaction {tx} completed in {time}ms
82243,2026-01-15,20:44:50,INFO,AuthService,User u1344 login successful,E101,User {user} login successful
82244,2026-01-15,20:18:08,INFO,OrderProcessor,Transaction tx883353 completed in 1039ms,E104,Transaction {tx} completed in {time}ms
82245,2026-01-15,20:03:18,INFO,OrderProcessor,Health check passed: OrderProcessor,E102,Health check passed: {service}
82246,2026-01-15,20:18:35,INFO,WebServer,User u4093 login successful,E101,User {user} login successful
82247,2026-01-15,20:08:40,INFO,PaymentGateway,User u4661 login successful,E101,User {user} login successful
82248,2026-01-15,20:16:50,INFO,OrderProcessor,Transaction tx256343 completed in 394ms,E104,Transaction {tx} completed in {time}ms
82249,2026-01-15,20:55:39,INFO,AuthService,Health check passed: AuthService,E102,Health check passed: {service}
82250,2026-01-15,20:27:08,WARN,AuthService,Disk usage > 85% on node node-2,E202,Disk usage > 85% on node {node}
82251,2026-01-15,20:50:40,INFO,OrderProcessor,Health check passed: OrderProcessor,E102,Health check passed: {service}
82252,2026-01-15,20:31:04,WARN,AuthService,Unauthorized access attempt from 10.0.0.12,E401,Unauthorized access attempt from {ip}
82253,2026-01-15,20:49:43,INFO,AuthService,Page view: /home by u2911,E103,Page view: {page} by {user}
82254,2026-01-15,20:43:54,WARN,WebServer,Disk usage > 85% on node node-5,E202,Disk usage > 85% on node {node}
82255,2026-01-15,20:39:44,INFO,OrderProcessor,User u4008 login successful,E101,User {user} login successful
82256,2026-01-15,20:34:49,INFO,WebServer,Page view: /home by u3802,E103,Page view: {page} by {user}
82257,2026-01-15,20:01:37,WARN,OrderProcessor,Unauthorized access attempt from 10.0.0.45,E401,Unauthorized access attempt from {ip}
82258,2026-01-15,20:03:12,INFO,AuthService,Transaction tx119223 completed in 1097ms,E104,Transaction {tx} completed in {time}ms
82259,2026-01-15,20:41:12,INFO,OrderProcessor,Page view: /home by u2747,E103,Page view: {page} by {user}
82260,2026-01-15,20:09:34,INFO,AuthService,Health check passed: AuthService,E102,Health check passed: {service}
82261,2026-01-15,20:29:32,INFO,PaymentGateway,User u2717 login successful,E101,User {user} login successful
82262,2026-01-15,20:00:05,INFO,PaymentGateway,Transaction tx753946 completed in 530ms,E104,Transaction {tx} completed in {time}ms
82263,2026-01-15,20:12:00,INFO,WebServer,Health check passed: WebServer,E102,Health check passed: {service}
82264,2026-01-15,20:54:45,INFO,WebServer,User u4267 login successful,E101,User {user} login successful
82265,2026-01-15,20:37:15,INFO,WebServer,User u3836 login successful,E101,User {user} login successful
82266,2026-01-15,20:38:41,INFO,WebServer,Page view: /home by u1721,E103,Page view: {page} by {user}
82267,2026-01-15,20:29:59,INFO,WebServer,Transaction tx454113 completed in 1220ms,E104,Transaction {tx} completed in {time}ms
82268,2026-01-15,20:24:30,INFO,WebServer,User u3069 login successful,E101,User {user} login successful
82269,2026-01-15,20:38:35,INFO,OrderProcessor,User u4027 login successful,E101,User {user} login successful
82270,2026-01-15,20:34:49,INFO,AuthService,Page view: /home by u1023,E103,Page view: {page} by {user}
82271,2026-01-15,20:15:08,INFO,WebServer,Health check passed: WebServer,E102,Health check passed: {service}
82272,2026-01-15,20:34:18,INFO,WebServer,User u2897 login successful,E101,User {user} login successful
82273,2026-01-15,20:26:10,INFO,PaymentGateway,Health check passed: PaymentGateway,E102,Health check passed: {service}
82274,2026-01-15,20:25:41,INFO,WebServer,Transaction tx739488 completed in 1193ms,E104,Transaction {tx} completed in {time}ms
82275,2026-01-15,20:46:06,INFO,AuthService,Transaction tx657881 completed in 927ms,E104,Transaction {tx} completed in {time}ms
82276,2026-01-15,20:52:15,INFO,OrderProcessor,Page view: /home by u2053,E103,Page view: {page} by {user}
82277,2026-01-15,20:16:23,INFO,WebServer,User u4144 login successful,E101,User {user} login successful
82278,2026-01-15,20:49:57,INFO,WebServer,Health check passed: WebServer,E102,Health check passed: {service}
82279,2026-01-15,20:09:51,INFO,InventoryDB,Health check passed: InventoryDB,E102,Health check passed: {service}
82280,2026-01-15,20:52:46,INFO,WebServer,Health check passed: WebServer,E102,Health check passed: {service}
82281,2026-01-15,20:34:37,INFO,AuthService,User u1920 login successful,E101,User {user} login successful
82282,2026-01-15,20:47:58,INFO,WebServer,Health check passed: WebServer,E102,Health check passed: {service}
82283,2026-01-15,20:59:07,INFO,WebServer,Health check passed: WebServer,E102,Health check passed: {service}
82284,2026-01-15,20:53:37,INFO,WebServer,User u1215 login successful,E101,User {user} login successful
82285,2026-01-15,20:53:59,INFO,WebServer,Health check passed: WebServer,E102,Health check passed: {service}
82286,2026-01-15,20:49:17,WARN,AuthService,High latency (704ms) detected on AuthService,E201,High latency ({time}ms) detected on {service}
82287,2026-01-15,20:35:58,INFO,WebServer,Transaction tx105975 completed in 734ms,E104,Transaction {tx} completed in {time}ms
82288,2026-01-15,20:07:17,INFO,WebServer,Transaction tx559588 completed in 558ms,E104,Transaction {tx} completed in {time}ms
82289,2026-01-15,20:05:32,INFO,InventoryDB,Page view: /home by u3987,E103,Page view: {page} by {user}
82290,2026-01-15,20:07:06,INFO,WebServer,Page view: /home by u4093,E103,Page view: {page} by {user}
82291,2026-01-15,20:54:39,INFO,WebServer,User u2700 login successful,E101,User {user} login successful
82292,2026-01-15,20:07:38,INFO,AuthService,Transaction tx264347 completed in 337ms,E104,Transaction {tx} completed in {time}ms
82293,2026-01-15,20:11:10,CRITICAL,WebServer,KERNEL PANIC: Node node-5 crashed,E601,KERNEL PANIC: Node {node} crashed
82294,2026-01-15,20:53:48,INFO,AuthService,Transaction tx921050 completed in 1239ms,E104,Transaction {tx} completed in {time}ms
82295,2026-01-15,20:25:45,CRITICAL,PaymentGateway,KERNEL PANIC: Node node-1 crashed,E601,KERNEL PANIC: Node {node} crashed
82296,2026-01-15,20:27:51,INFO,WebServer,Page view: /home by u3205,E103,Page view: {page} by {user}
82297,2026-01-15,20:30:29,INFO,AuthService,Health check passed: AuthService,E102,Health check passed: {service}
82298,2026-01-15,20:19:01,INFO,WebServer,Health check passed: WebServer,E102,Health check passed: {service}
82299,2026-01-15,20:00:45,INFO,WebServer,Transaction tx747421 completed in 1742ms,E104,Transaction {tx} completed in {time}ms
82300,2026-01-15,20:47:06,WARN,WebServer,Disk usage > 85% on node node-5,E202,Disk usage > 85% on node {node}
82301,2026-01-15,20:23:42,INFO,OrderProcessor,Health check passed: OrderProcessor,E102,Health check passed: {service}
82302,2026-01-15,20:27:16,INFO,WebServer,User u2653 login successful,E101,User {user} login successful
82303,2026-01-15,20:42:47,INFO,OrderProcessor,User u3093 login successful,E101,User {user} login successful
82304,2026-01-15,20:33:13,INFO,WebServer,Transaction tx905755 completed in 1022ms,E104,Transaction {tx} completed in {time}ms
82305,2026-01-15,20:48:15,INFO,PaymentGateway,Transaction tx640507 completed in 1963ms,E104,Transaction {tx} completed in {time}ms
82306,2026-01-15,20:07:28,INFO,OrderProcessor,Transaction tx325508 completed in 1096ms,E104,Transaction {tx} completed in {time}ms
82307,2026-01-15,20:17:37,INFO,InventoryDB,User u2288 login successful,E101,User {user} login successful
82308,2026-01-15,20:06:28,INFO,WebServer,Page view: /home by u2369,E103,Page view: {page} by {user}
82309,2026-01-15,20:36:43,INFO,WebServer,Health check passed: WebServer,E102,Health check passed: {service}
82310,2026-01-15,20:47:04,INFO,OrderProcessor,Page view: /home by u4179,E103,Page view: {page} by {user}
82311,2026-01-15,20:42:01,INFO,PaymentGateway,User u3153 login successful,E101,User {user} login successful
82312,2026-01-15,20:41:52,INFO,AuthService,User u2755 login successful,E101,User {user} login successful
82313,2026-01-15,20:57:04,INFO,WebServer,Health check passed: WebServer,E102,Health check passed: {service}
82314,2026-01-15,20:14:42,INFO,AuthService,User u2864 login successful,E101,User {user} login successful
82315,2026-01-15,20:08:10,INFO,WebServer,Page view: /home by u2732,E103,Page view: {page} by {user}
82316,2026-01-15,20:02:01,INFO,AuthService,Transaction tx565125 completed in 131ms,E104,Transaction {tx} completed in {time}ms
82317,2026-01-15,20:44:28,INFO,PaymentGateway,Page view: /home by u4330,E103,Page view: {page} by {user}
82318,2026-01-15,20:47:44,INFO,WebServer,Page view: /home by u4743,E103,Page view: {page} by {user}
82319,2026-01-15,20:50:08,INFO,WebServer,Health check passed: WebServer,E102,Health check passed: {service}
82320,2026-01-15,20:17:49,INFO,PaymentGateway,Health check passed: PaymentGateway,E102,Health check passed: {service}
82321,2026-01-15,20:38:52,INFO,WebServer,Page view: /home by u1205,E103,Page view: {page} by {user}
82322,2026-01-15,20:44:20,INFO,InventoryDB,User u1455 login successful,E101,User {user} login successful
82323,2026-01-15,20:46:46,INFO,OrderProcessor,Transaction tx887897 completed in 1174ms,E104,Transaction {tx} completed in {time}ms
82324,2026-01-15,20:16:08,INFO,InventoryDB,User u2116 login successful,E101,User {user} login successful
82325,2026-01-15,20:46:07,INFO,WebServer,Page view: /home by u4791,E103,Page view: {page} by {user}
82326,2026-01-15,20:44:58,ERROR,WebServer,Timeout waiting for lock on InventoryDB,E502,Timeout waiting for lock on {db}
82327,2026-01-15,20:22:11,INFO,WebServer,Page view: /home by u4872,E103,Page view: {page} by {user}
82328,2026-01-15,20:23:09,INFO,InventoryDB,Page view: /home by u1272,E103,Page view: {page} by {user}
82329,2026-01-15,20:37:11,WARN,WebServer,Unauthorized access attempt from 10.0.0.88,E401,Unauthorized access attempt from {ip}
82330,2026-01-15,20:57:32,INFO,OrderProcessor,Health check passed: OrderProcessor,E102,Health check passed: {service}
82331,2026-01-15,20:49:43,INFO,WebServer,Transaction tx637700 completed in 1337ms,E104,Transaction {tx} completed in {time}ms
82332,2026-01-15,20:46:47,INFO,OrderProcessor,Page view: /home by u3092,E103,Page view: {page} by {user}
82333,2026-01-15,20:16:16,INFO,WebServer,Transaction tx237185 completed in 827ms,E104,Transaction {tx} completed in {time}ms
82334,2026-01-15,20:39:43,INFO,AuthService,Health check passed: AuthService,E102,Health check passed: {service}
82335,2026-01-15,20:50:20,INFO,WebServer,User u4856 login successful,E101,User {user} login successful
82336,2026-01-15,20:15:13,INFO,WebServer,Health check passed: WebServer,E102,Health check passed: {service}
82337,2026-01-15,20:28:55,INFO,OrderProcessor,User u4194 login successful,E101,User {user} login successful
82338,2026-01-15,20:34:13,INFO,OrderProcessor,User u3619 login successful,E101,User {user} login successful
82339,2026-01-15,20:55:34,INFO,OrderProcessor,Page view: /home by u4317,E103,Page view: {page} by {user}
82340,2026-01-15,20:54:30,INFO,OrderProcessor,Transaction tx658532 completed in 1901ms,E104,Transaction {tx} completed in {time}ms
82341,2026-01-15,20:32:40,INFO,WebServer,Health check passed: WebServer,E102,Health check passed: {service}
82342,2026-01-15,20:02:10,INFO,WebServer,Transaction tx269693 completed in 1206ms,E104,Transaction {tx} completed in {time}ms
82343,2026-01-15,20:13:37,INFO,WebServer,User u1756 login successful,E101,User {user} login successful
82344,2026-01-15,20:20:49,INFO,OrderProcessor,User u1394 login successful,E101,User {user} login successful
82345,2026-01-15,20:32:44,INFO,WebServer,Health check passed: WebServer,E102,Health check passed: {service}
82346,2026-01-15,20:33:28,INFO,OrderProcessor,Transaction tx603463 completed in 373ms,E104,Transaction {tx} completed in {time}ms
82347,2026-01-15,20:08:25,INFO,AuthService,Transaction tx986775 completed in 1541ms,E104,Transaction {tx} completed in {time}ms
82348,2026-01-15,20:22:36,INFO,OrderProcessor,Page view: /home by u3163,E103,Page view: {page} by {user}
82349,2026-01-15,20:21:34,INFO,WebServer,Transaction tx931333 completed in 367ms,E104,Transaction {tx} completed in {time}ms
82350,2026-01-15,20:26:21,INFO,PaymentGateway,Health check passed: PaymentGateway,E102,Health check passed: {service}
82351,2026-01-15,20:27:51,INFO,AuthService,Transaction tx532857 completed in 1746ms,E104,Transaction {tx} completed in {time}ms
82352,2026-01-15,20:24:09,INFO,WebServer,Health check passed: WebServer,E102,Health check passed: {service}
82353,2026-01-15,20:38:39,INFO,PaymentGateway,Health check passed: PaymentGateway,E102,Health check passed: {service}
82354,2026-01-15,20:22:59,INFO,WebServer,User u3262 login successful,E101,User {user} login successful
82355,2026-01-15,20:01:46,INFO,WebServer,User u3102 login successful,E101,User {user} login successful
82356,2026-01-15,20:56:09,INFO,InventoryDB,User u1662 login successful,E101,User {user} login successful
82357,2026-01-15,20:14:41,INFO,OrderProcessor,Page view: /home by u1585,E103,Page view: {page} by {user}
82358,2026-01-15,20:36:21,INFO,WebServer,Transaction tx315268 completed in 186ms,E104,Transaction {tx} completed in {time}ms
82359,2026-01-15,20:18:25,INFO,AuthService,Health check passed: AuthService,E102,Health check passed: {service}
82360,2026-01-15,20:12:29,INFO,WebServer,Health check passed: WebServer,E102,Health check passed: {service}
82361,2026-01-15,20:29:33,ERROR,AuthService,Timeout waiting for lock on InventoryDB,E502,Timeout waiting for lock on {db}
82362,2026-01-15,20:30:51,INFO,AuthService,Page view: /home by u1391,E103,Page view: {page} by {user}
82363,2026-01-15,20:04:40,INFO,AuthService,Health check passed: AuthService,E102,Health check passed: {service}
82364,2026-01-15,20:49:49,INFO,PaymentGateway,Health check passed: PaymentGateway,E102,Health check passed: {service}
82365,2026-01-15,20:45:51,INFO,WebServer,User u1654 login successful,E101,User {user} login successful
82366,2026-01-15,20:48:31,INFO,PaymentGateway,Transaction tx110413 completed in 208ms,E104,Transaction {tx} completed in {time}ms
82367,2026-01-15,20:28:33,INFO,AuthService,Health check passed: AuthService,E102,Health check passed: {service}
82368,2026-01-15,20:10:32,INFO,WebServer,User u2500 login successful,E101,User {user} login successful
82369,2026-01-15,20:25:54,INFO,OrderProcessor,Transaction tx868542 completed in 1044ms,E104,Transaction {tx} completed in {time}ms
82370,2026-01-15,20:19:44,INFO,WebServer,Transaction tx135923 completed in 1438ms,E104,Transaction {tx} completed in {time}ms
82371,2026-01-15,20:31:43,INFO,PaymentGateway,Transaction tx360524 completed in 1427ms,E104,Transaction {tx} completed in {time}ms
82372,2026-01-15,20:48:20,INFO,AuthService,Page view: /home by u1532,E103,Page view: {page} by {user}
82373,2026-01-15,20:27:06,INFO,AuthService,User u4514 login successful,E101,User {user} login successful
82374,2026-01-15,20:18:04,INFO,WebServer,Page view: /home by u1355,E103,Page view: {page} by {user}
82375,2026-01-15,20:44:25,INFO,WebServer,Transaction tx800726 completed in 1032ms,E104,Transaction {tx} completed in {time}ms
82376,2026-01-15,20:50:15,INFO,AuthService,User u1691 login successful,E101,User {user} login successful
82377,2026-01-15,20:12:30,INFO,WebServer,Health check passed: WebServer,E102,Health check passed: {service}
82378,2026-01-15,20:42:50,INFO,WebServer,Page view: /home by u3744,E103,Page view: {page} by {user}
82379,2026-01-15,20:29:20,INFO,AuthService,User u1044 login successful,E101,User {user} login successful
82380,2026-01-15,20:20:04,INFO,WebServer,Health check passed: WebServer,E102,Health check passed: {service}
82381,2026-01-15,20:38:21,INFO,AuthService,Page view: /home by u2491,E103,Page view: {page} by {user}
82382,2026-01-15,20:43:13,INFO,PaymentGateway,Health check passed: PaymentGateway,E102,Health check passed: {service}
82383,2026-01-15,20:55:13,INFO,WebServer,User u4042 login successful,E101,User {user} login successful
82384,2026-01-15,20:42:26,INFO,WebServer,User u4058 login successful,E101,User {user} login successful
82385,2026-01-15,20:51:20,WARN,WebServer,High latency (1374ms) detected on WebServer,E201,High latency ({time}ms) detected on {service}
82386,2026-01-15,20:42:46,INFO,WebServer,User u2388 login successful,E101,User {user} login successful
82387,2026-01-15,20:12:34,INFO,OrderProcessor,Page view: /home by u1164,E103,Page view: {page} by {user}
82388,2026-01-15,20:50:12,INFO,AuthService,User u2718 login successful,E101,User {user} login successful
82389,2026-01-15,20:03:52,INFO,WebServer,Health check passed: WebServer,E102,Health check passed: {service}
82390,2026-01-15,20:35:44,INFO,OrderProcessor,Page view: /home by u1300,E103,Page view: {page} by {user}
82391,2026-01-15,20:53:33,INFO,AuthService,Transaction tx799181 completed in 493ms,E104,Transaction {tx} completed in {time}ms
82392,2026-01-15,20:30:04,INFO,WebServer,Health check passed: WebServer,E102,Health check passed: {service}
82393,2026-01-15,20:05:03,INFO,AuthService,User u4148 login successful,E101,User {user} login successful
82394,2026-01-15,20:24:54,INFO,OrderProcessor,User u1265 login successful,E101,User {user} login successful
82395,2026-01-15,20:53:52,INFO,PaymentGateway,Health check passed: PaymentGateway,E102,Health check passed: {service}
82396,2026-01-15,20:07:49,INFO,WebServer,Page view: /home by u3455,E103,Page view: {page} by {user}
82397,2026-01-15,20:02:58,INFO,WebServer,User u3797 login successful,E101,User {user} login successful
82398,2026-01-15,20:39:36,INFO,InventoryDB,User u2023 login successful,E101,User {user} login successful
82399,2026-01-15,20:18:02,INFO,AuthService,Health check passed: AuthService,E102,Health check passed: {service}
82400,2026-01-15,20:55:43,INFO,WebServer,Transaction tx305960 completed in 92ms,E104,Transaction {tx} completed in {time}ms
82401,2026-01-15,20:53:36,INFO,OrderProcessor,Page view: /home by u3719,E103,Page view: {page} by {user}
82402,2026-01-15,20:28:20,INFO,OrderProcessor,Health check passed: OrderProcessor,E102,Health check passed: {service}
82403,2026-01-15,20:40:51,INFO,WebServer,Page view: /home by u3662,E103,Page view: {page} by {user}
82404,2026-01-15,20:56:25,WARN,WebServer,High latency (1365ms) detected on WebServer,E201,High latency ({time}ms) detected on {service}
82405,2026-01-15,20:38:01,INFO,AuthService,Transaction tx333985 completed in 1349ms,E104,Transaction {tx} completed in {time}ms
82406,2026-01-15,20:52:38,INFO,WebServer,Health check passed: WebServer,E102,Health check passed: {service}
82407,2026-01-15,20:34:23,INFO,WebServer,Transaction tx161122 completed in 782ms,E104,Transaction {tx} completed in {time}ms
82408,2026-01-15,20:37:35,INFO,AuthService,User u3643 login successful,E101,User {user} login successful
82409,2026-01-15,20:24:35,INFO,PaymentGateway,Page view: /home by u1605,E103,Page view: {page} by {user}
82410,2026-01-15,20:43:47,INFO,WebServer,Transaction tx226753 completed in 294ms,E104,Transaction {tx} completed in {time}ms
82411,2026-01-15,20:19:21,INFO,OrderProcessor,Health check passed: OrderProcessor,E102,Health check passed: {service}
82412,2026-01-15,20:30:31,WARN,OrderProcessor,Unauthorized access attempt from 10.0.0.45,E401,Unauthorized access attempt from {ip}
82413,2026-01-15,20:24:32,INFO,InventoryDB,User u4830 login successful,E101,User {user} login successful
82414,2026-01-15,20:15:31,INFO,PaymentGateway,User u4259 login successful,E101,User {user} login successful
82415,2026-01-15,20:30:31,INFO,WebServer,Health check passed: WebServer,E102,Health check passed: {service}
82416,2026-01-15,20:57:50,INFO,WebServer,Transaction tx686293 completed in 1642ms,E104,Transaction {tx} completed in {time}ms
82417,2026-01-15,20:01:20,INFO,OrderProcessor,Transaction tx246518 completed in 917ms,E104,Transaction {tx} completed in {time}ms
82418,2026-01-15,20:01:42,INFO,WebServer,Transaction tx923695 completed in 1405ms,E104,Transaction {tx} completed in {time}ms
82419,2026-01-15,20:01:11,INFO,PaymentGateway,User u2189 login successful,E101,User {user} login successful
82420,2026-01-15,20:31:28,WARN,WebServer,High latency (258ms) detected on WebServer,E201,High latency ({time}ms) detected on {service}
82421,2026-01-15,20:47:13,INFO,OrderProcessor,Transaction tx946142 completed in 1756ms,E104,Transaction {tx} completed in {time}ms
82422,2026-01-15,20:59:18,INFO,PaymentGateway,Health check passed: PaymentGateway,E102,Health check passed: {service}
82423,2026-01-15,20:38:36,INFO,PaymentGateway,User u1263 login successful,E101,User {user} login successful
82424,2026-01-15,20:21:28,INFO,AuthService,Page view: /home by u2617,E103,Page view: {page} by {user}
82425,2026-01-15,20:44:53,INFO,WebServer,Transaction tx289102 completed in 1657ms,E104,Transaction {tx} completed in {time}ms
82426,2026-01-15,20:26:27,INFO,OrderProcessor,Health check passed: OrderProcessor,E102,Health check passed: {service}
82427,2026-01-15,20:27:47,INFO,WebServer,Transaction tx424288 completed in 1024ms,E104,Transaction {tx} completed in {time}ms
82428,2026-01-15,20:26:17,INFO,WebServer,Page view: /home by u3479,E103,Page view: {page} by {user}
82429,2026-01-15,20:55:41,INFO,AuthService,User u1104 login successful,E101,User {user} login successful
82430,2026-01-15,20:26:39,INFO,PaymentGateway,User u1030 login successful,E101,User {user} login successful
82431,2026-01-15,20:29:36,WARN,WebServer,High latency (815ms) detected on WebServer,E201,High latency ({time}ms) detected on {service}
82432,2026-01-15,20:57:25,INFO,WebServer,Transaction tx752382 completed in 1385ms,E104,Transaction {tx} completed in {time}ms
82433,2026-01-15,20:32:12,INFO,OrderProcessor,Page view: /home by u2156,E103,Page view: {page} by {user}
82434,2026-01-15,20:55:35,INFO,WebServer,Page view: /home by u4940,E103,Page view: {page} by {user}
82435,2026-01-15,20:38:17,INFO,AuthService,Health check passed: AuthService,E102,Health check passed: {service}
82436,2026-01-15,20:37:29,INFO,WebServer,Transaction tx706493 completed in 309ms,E104,Transaction {tx} completed in {time}ms
82437,2026-01-15,20:06:47,INFO,WebServer,User u2120 login successful,E101,User {user} login successful
82438,2026-01-15,20:45:14,INFO,WebServer,User u2704 login successful,E101,User {user} login successful
82439,2026-01-15,20:17:51,INFO,WebServer,Health check passed: WebServer,E102,Health check passed: {service}
82440,2026-01-15,20:55:46,INFO,PaymentGateway,Page view: /home by u1148,E103,Page view: {page} by {user}
82441,2026-01-15,20:51:36,INFO,AuthService,Page view: /home by u1362,E103,Page view: {page} by {user}
82442,2026-01-15,20:02:50,INFO,OrderProcessor,Health check passed: OrderProcessor,E102,Health check passed: {service}
82443,2026-01-15,20:01:30,INFO,WebServer,User u4346 login successful,E101,User {user} login successful
82444,2026-01-15,20:59:53,INFO,OrderProcessor,User u1655 login successful,E101,User {user} login successful
82445,2026-01-15,20:37:59,INFO,WebServer,Page view: /home by u1115,E103,Page view: {page} by {user}
82446,2026-01-15,20:51:51,INFO,WebServer,User u2301 login successful,E101,User {user} login successful
82447,2026-01-15,20:02:22,INFO,WebServer,Transaction tx334387 completed in 406ms,E104,Transaction {tx} completed in {time}ms
82448,2026-01-15,20:06:36,INFO,AuthService,Health check passed: AuthService,E102,Health check passed: {service}
82449,2026-01-15,20:42:29,INFO,WebServer,User u2533 login successful,E101,User {user} login successful
82450,2026-01-15,21:59:25,INFO,AuthService,User u2966 login successful,E101,User {user} login successful
82451,2026-01-15,21:50:37,INFO,WebServer,User u2197 login successful,E101,User {user} login successful
82452,2026-01-15,21:11:18,INFO,PaymentGateway,Page view: /home by u4552,E103,Page view: {page} by {user}
82453,2026-01-15,21:38:35,INFO,WebServer,Transaction tx774342 completed in 1625ms,E104,Transaction {tx} completed in {time}ms
82454,2026-01-15,21:10:12,WARN,PaymentGateway,Disk usage > 85% on node node-1,E202,Disk usage > 85% on node {node}
82455,2026-01-15,21:39:44,INFO,AuthService,User u1480 login successful,E101,User {user} login successful
82456,2026-01-15,21:24:36,INFO,WebServer,Page view: /home by u2800,E103,Page view: {page} by {user}
82457,2026-01-15,21:03:48,WARN,AuthService,High latency (894ms) detected on AuthService,E201,High latency ({time}ms) detected on {service}
82458,2026-01-15,21:45:34,INFO,WebServer,Transaction tx553528 completed in 168ms,E104,Transaction {tx} completed in {time}ms
82459,2026-01-15,21:30:34,INFO,PaymentGateway,Page view: /home by u4811,E103,Page view: {page} by {user}
82460,2026-01-15,21:23:45,INFO,WebServer,User u2177 login successful,E101,User {user} login successful
82461,2026-01-15,21:30:37,INFO,WebServer,Transaction tx516727 completed in 959ms,E104,Transaction {tx} completed in {time}ms
82462,2026-01-15,21:42:26,INFO,WebServer,Page view: /home by u4589,E103,Page view: {page} by {user}
82463,2026-01-15,21:31:09,INFO,WebServer,Health check passed: WebServer,E102,Health check passed: {service}
82464,2026-01-15,21:25:07,INFO,WebServer,Transaction tx895203 completed in 739ms,E104,Transaction {tx} completed in {time}ms
82465,2026-01-15,21:35:58,INFO,PaymentGateway,Transaction tx869990 completed in 1482ms,E104,Transaction {tx} completed in {time}ms
82466,2026-01-15,21:31:05,INFO,OrderProcessor,User u1423 login successful,E101,User {user} login successful
82467,2026-01-15,21:46:08,INFO,OrderProcessor,Page view: /home by u2762,E103,Page view: {page} by {user}
82468,2026-01-15,21:10:43,INFO,OrderProcessor,Transaction tx268121 completed in 803ms,E104,Transaction {tx} completed in {time}ms
82469,2026-01-15,21:33:46,INFO,WebServer,Health check passed: WebServer,E102,Health check passed: {service}
82470,2026-01-15,21:07:55,INFO,WebServer,Health check passed: WebServer,E102,Health check passed: {service}
82471,2026-01-15,21:06:22,INFO,WebServer,User u3750 login successful,E101,User {user} login successful
82472,2026-01-15,21:41:10,INFO,AuthService,Page view: /home by u1302,E103,Page view: {page} by {user}
82473,2026-01-15,21:09:44,INFO,WebServer,Health check passed: WebServer,E102,Health check passed: {service}
82474,2026-01-15,21:16:44,INFO,WebServer,User u2143 login successful,E101,User {user} login successful
82475,2026-01-15,21:35:30,INFO,WebServer,User u1016 login successful,E101,User {user} login successful
82476,2026-01-15,21:53:26,INFO,OrderProcessor,Health check passed: OrderProcessor,E102,Health check passed: {service}
82477,2026-01-15,21:21:38,INFO,AuthService,Transaction tx862322 completed in 1177ms,E104,Transaction {tx} completed in {time}ms
82478,2026-01-15,21:44:23,INFO,WebServer,Page view: /home by u3979,E103,Page view: {page} by {user}
82479,2026-01-15,21:31:54,INFO,WebServer,Transaction tx241121 completed in 1943ms,E104,Transaction {tx} completed in {time}ms
82480,2026-01-15,21:39:33,INFO,WebServer,Transaction tx993885 completed in 27ms,E104,Transaction {tx} completed in {time}ms
82481,2026-01-15,21:37:47,INFO,WebServer,User u2625 login successful,E101,User {user} login successful
82482,2026-01-15,21:24:17,WARN,WebServer,Disk usage > 85% on node node-1,E202,Disk usage > 85% on node {node}
82483,2026-01-15,21:24:23,INFO,OrderProcessor,Transaction tx323246 completed in 1979ms,E104,Transaction {tx} completed in {time}ms
82484,2026-01-15,21:50:32,INFO,WebServer,Health check passed: WebServer,E102,Health check passed: {service}
82485,2026-01-15,21:48:27,INFO,InventoryDB,Page view: /home by u3292,E103,Page view: {page} by {user}
82486,2026-01-15,21:23:43,INFO,WebServer,Page view: /home by u4406,E103,Page view: {page} by {user}
82487,2026-01-15,21:18:25,INFO,WebServer,Page view: /home by u1137,E103,Page view: {page} by {user}
82488,2026-01-15,21:17:53,WARN,WebServer,Disk usage > 85% on node node-3,E202,Disk usage > 85% on node {node}
82489,2026-01-15,21:30:23,INFO,InventoryDB,Transaction tx548718 completed in 1174ms,E104,Transaction {tx} completed in {time}ms
82490,2026-01-15,21:23:54,INFO,PaymentGateway,Transaction tx978210 completed in 1639ms,E104,Transaction {tx} completed in {time}ms
82491,2026-01-15,21:20:52,INFO,WebServer,Transaction tx263713 completed in 1621ms,E104,Transaction {tx} completed in {time}ms
82492,2026-01-15,21:49:39,INFO,WebServer,User u2550 login successful,E101,User {user} login successful
82493,2026-01-15,21:48:59,INFO,WebServer,Transaction tx830140 completed in 1538ms,E104,Transaction {tx} completed in {time}ms
82494,2026-01-15,21:30:23,INFO,WebServer,Page view: /home by u4462,E103,Page view: {page} by {user}
82495,2026-01-15,21:36:12,INFO,PaymentGateway,Transaction tx433144 completed in 1868ms,E104,Transaction {tx} completed in {time}ms
82496,2026-01-15,21:51:56,INFO,PaymentGateway,User u4728 login successful,E101,User {user} login successful
82497,2026-01-15,21:48:09,INFO,WebServer,Transaction tx613395 completed in 1697ms,E104,Transaction {tx} completed in {time}ms
82498,2026-01-15,21:25:16,INFO,WebServer,User u1912 login successful,E101,User {user} login successful
82499,2026-01-15,21:37:32,INFO,WebServer,Page view: /home by u1658,E103,Page view: {page} by {user}
82500,2026-01-15,21:05:14,INFO,AuthService,Health check passed: AuthService,E102,Health check passed: {service}
82501,2026-01-15,21:01:59,INFO,WebServer,User u4257 login successful,E101,User {user} login successful
82502,2026-01-15,21:03:20,INFO,WebServer,Page view: /home by u4814,E103,Page view: {page} by {user}
82503,2026-01-15,21:13:31,INFO,AuthService,Page view: /home by u4476,E103,Page view: {page} by {user}
82504,2026-01-15,21:38:53,WARN,AuthService,High latency (1079ms) detected on AuthService,E201,High latency ({time}ms) detected on {service}
82505,2026-01-15,21:36:47,INFO,AuthService,Page view: /home by u3573,E103,Page view: {page} by {user}
82506,2026-01-15,21:17:48,INFO,WebServer,User u3270 login successful,E101,User {user} login successful
82507,2026-01-15,21:14:32,INFO,WebServer,Transaction tx788491 completed in 300ms,E104,Transaction {tx} completed in {time}ms
82508,2026-01-15,21:56:39,ERROR,WebServer,Connection refused to WebServer at 10.0.0.12,E501,Connection refused to {service} at {ip}
82509,2026-01-15,21:46:47,INFO,InventoryDB,Page view: /home by u3565,E103,Page view: {page} by {user}
82510,2026-01-15,21:27:51,INFO,InventoryDB,User u3399 login successful,E101,User {user} login successful
82511,2026-01-15,21:11:59,INFO,OrderProcessor,Transaction tx651398 completed in 551ms,E104,Transaction {tx} completed in {time}ms
82512,2026-01-15,21:45:54,ERROR,WebServer,Connection refused to WebServer at 10.0.0.12,E501,Connection refused to {service} at {ip}
82513,2026-01-15,21:55:30,INFO,WebServer,Health check passed: WebServer,E102,Health check passed: {service}
82514,2026-01-15,21:48:05,INFO,AuthService,Page view: /home by u2590,E103,Page view: {page} by {user}
82515,2026-01-15,21:04:57,INFO,WebServer,Transaction tx979318 completed in 431ms,E104,Transaction {tx} completed in {time}ms
82516,2026-01-15,21:19:05,INFO,WebServer,Transaction tx922299 completed in 374ms,E104,Transaction {tx} completed in {time}ms
82517,2026-01-15,21:27:51,INFO,WebServer,Health check passed: WebServer,E102,Health check passed: {service}
82518,2026-01-15,21:10:40,INFO,PaymentGateway,Page view: /home by u4770,E103,Page view: {page} by {user}
82519,2026-01-15,21:38:08,INFO,WebServer,User u3579 login successful,E101,User {user} login successful
82520,2026-01-15,21:50:34,INFO,WebServer,Health check passed: WebServer,E102,Health check passed: {service}
82521,2026-01-15,21:49:49,WARN,AuthService,Disk usage > 85% on node node-5,E202,Disk usage > 85% on node {node}
82522,2026-01-15,21:49:01,INFO,AuthService,Page view: /home by u2421,E103,Page view: {page} by {user}
82523,2026-01-15,21:03:40,INFO,WebServer,User u2285 login successful,E101,User {user} login successful
82524,2026-01-15,21:05:27,INFO,PaymentGateway,Transaction tx975132 completed in 187ms,E104,Transaction {tx} completed in {time}ms
82525,2026-01-15,21:21:13,WARN,WebServer,Unauthorized access attempt from 10.0.0.45,E401,Unauthorized access attempt from {ip}
82526,2026-01-15,21:45:49,INFO,WebServer,Transaction tx644935 completed in 875ms,E104,Transaction {tx} completed in {time}ms
82527,2026-01-15,21:23:12,INFO,WebServer,User u3742 login successful,E101,User {user} login successful
82528,2026-01-15,21:08:24,INFO,WebServer,Page view: /home by u1377,E103,Page view: {page} by {user}
82529,2026-01-15,21:21:58,WARN,WebServer,Unauthorized access attempt from 10.0.0.12,E401,Unauthorized access attempt from {ip}
82530,2026-01-15,21:32:10,INFO,WebServer,Health check passed: WebServer,E102,Health check passed: {service}
82531,2026-01-15,21:08:00,INFO,PaymentGateway,Page view: /home by u1883,E103,Page view: {page} by {user}
82532,2026-01-15,21:03:46,INFO,WebServer,Health check passed: WebServer,E102,Health check passed: {service}
82533,2026-01-15,21:12:45,INFO,WebServer,Page view: /home by u2395,E103,Page view: {page} by {user}
82534,2026-01-15,21:31:26,INFO,AuthService,Health check passed: AuthService,E102,Health check passed: {service}
82535,2026-01-15,21:07:58,INFO,InventoryDB,User u4001 login successful,E101,User {user} login successful
82536,2026-01-15,21:23:27,INFO,OrderProcessor,Health check passed: OrderProcessor,E102,Health check passed: {service}
82537,2026-01-15,21:54:03,INFO,WebServer,Page view: /home by u4009,E103,Page view: {page} by {user}
82538,2026-01-15,21:10:23,WARN,WebServer,High latency (742ms) detected on WebServer,E201,High latency ({time}ms) detected on {service}
82539,2026-01-15,21:27:00,INFO,OrderProcessor,Page view: /home by u2591,E103,Page view: {page} by {user}
82540,2026-01-15,21:53:15,INFO,InventoryDB,Page view: /home by u3534,E103,Page view: {page} by {user}
82541,2026-01-15,21:10:14,INFO,AuthService,Health check passed: AuthService,E102,Health check passed: {service}
82542,2026-01-15,21:58:03,INFO,WebServer,Page view: /home by u3111,E103,Page view: {page} by {user}
82543,2026-01-15,21:27:20,INFO,WebServer,Page view: /home by u2122,E103,Page view: {page} by {user}
82544,2026-01-15,21:31:24,INFO,OrderProcessor,User u4790 login successful,E101,User {user} login successful
82545,2026-01-15,21:52:04,INFO,OrderProcessor,Health check passed: OrderProcessor,E102,Health check passed: {service}
82546,2026-01-15,21:09:14,INFO,WebServer,Health check passed: WebServer,E102,Health check passed: {service}
82547,2026-01-15,21:44:00,INFO,WebServer,Page view: /home by u3477,E103,Page view: {page} by {user}
82548,2026-01-15,21:46:17,INFO,AuthService,User u1473 login successful,E101,User {user} login successful
82549,2026-01-15,21:12:38,INFO,WebServer,Transaction tx131791 completed in 1165ms,E104,Transaction {tx} completed in {time}ms
82550,2026-01-15,21:05:08,INFO,AuthService,User u1653 login successful,E101,User {user} login successful
82551,2026-01-15,21:33:25,INFO,OrderProcessor,Health check passed: OrderProcessor,E102,Health check passed: {service}
82552,2026-01-15,21:49:45,INFO,OrderProcessor,Health check passed: OrderProcessor,E102,Health check passed: {service}
82553,2026-01-15,21:51:35,INFO,WebServer,Transaction tx912997 completed in 579ms,E104,Transaction {tx} completed in {time}ms
82554,2026-01-15,21:56:11,INFO,WebServer,Page view: /home by u3721,E103,Page view: {page} by {user}
82555,2026-01-15,21:30:46,INFO,WebServer,Page view: /home by u4388,E103,Page view: {page} by {user}
82556,2026-01-15,21:25:28,INFO,WebServer,Page view: /home by u1716,E103,Page view: {page} by {user}
82557,2026-01-15,21:33:44,INFO,WebServer,Transaction tx591965 completed in 387ms,E104,Transaction {tx} completed in {time}ms
82558,2026-01-15,21:52:13,INFO,OrderProcessor,User u4031 login successful,E101,User {user} login successful
82559,2026-01-15,21:23:19,INFO,WebServer,Health check passed: WebServer,E102,Health check passed: {service}
82560,2026-01-15,21:05:05,INFO,WebServer,Page view: /home by u3165,E103,Page view: {page} by {user}
82561,2026-01-15,21:28:29,INFO,AuthService,Health check passed: AuthService,E102,Health check passed: {service}
82562,2026-01-15,21:06:12,INFO,WebServer,Transaction tx492912 completed in 1293ms,E104,Transaction {tx} completed in {time}ms
82563,2026-01-15,21:58:57,INFO,OrderProcessor,Transaction tx771706 completed in 1259ms,E104,Transaction {tx} completed in {time}ms
82564,2026-01-15,21:21:00,INFO,AuthService,Transaction tx535388 completed in 1706ms,E104,Transaction {tx} completed in {time}ms
82565,2026-01-15,21:33:53,INFO,AuthService,User u4955 login successful,E101,User {user} login successful
82566,2026-01-15,21:25:40,WARN,AuthService,High latency (789ms) detected on AuthService,E201,High latency ({time}ms) detected on {service}
82567,2026-01-15,21:07:01,INFO,PaymentGateway,Page view: /home by u1437,E103,Page view: {page} by {user}
82568,2026-01-15,21:20:27,INFO,WebServer,Page view: /home by u3060,E103,Page view: {page} by {user}
82569,2026-01-15,21:50:10,INFO,OrderProcessor,Health check passed: OrderProcessor,E102,Health check passed: {service}
82570,2026-01-15,21:06:49,INFO,WebServer,Page view: /home by u3419,E103,Page view: {page} by {user}
82571,2026-01-15,21:31:06,INFO,WebServer,Health check passed: WebServer,E102,Health check passed: {service}
82572,2026-01-15,21:49:58,WARN,AuthService,High latency (1011ms) detected on AuthService,E201,High latency ({time}ms) detected on {service}
82573,2026-01-15,21:10:47,WARN,WebServer,High latency (1149ms) detected on WebServer,E201,High latency ({time}ms) detected on {service}
82574,2026-01-15,21:39:04,WARN,WebServer,High latency (224ms) detected on WebServer,E201,High latency ({time}ms) detected on {service}
82575,2026-01-15,21:27:53,INFO,WebServer,Transaction tx180423 completed in 273ms,E104,Transaction {tx} completed in {time}ms
82576,2026-01-15,21:35:15,INFO,OrderProcessor,Page view: /home by u1402,E103,Page view: {page} by {user}
82577,2026-01-15,21:51:39,INFO,AuthService,User u1758 login successful,E101,User {user} login successful
82578,2026-01-15,21:26:43,INFO,WebServer,User u4293 login successful,E101,User {user} login successful
82579,2026-01-15,21:09:15,ERROR,AuthService,Payment declined: Gateway unavailable,E503,Payment declined: Gateway unavailable
82580,2026-01-15,21:28:44,INFO,AuthService,Page view: /home by u1059,E103,Page view: {page} by {user}
82581,2026-01-15,21:16:20,INFO,WebServer,Health check passed: WebServer,E102,Health check passed: {service}
82582,2026-01-15,21:32:37,INFO,WebServer,Page view: /home by u2972,E103,Page view: {page} by {user}
82583,2026-01-15,21:52:36,INFO,AuthService,Health check passed: AuthService,E102,Health check passed: {service}
82584,2026-01-15,21:36:56,INFO,WebServer,User u3948 login successful,E101,User {user} login successful
82585,2026-01-15,21:00:37,INFO,WebServer,User u4244 login successful,E101,User {user} login successful
82586,2026-01-15,21:45:18,WARN,OrderProcessor,Disk usage > 85% on node node-1,E202,Disk usage > 85% on node {node}
82587,2026-01-15,21:59:57,INFO,AuthService,Health check passed: AuthService,E102,Health check passed: {service}
82588,2026-01-15,21:47:43,INFO,OrderProcessor,Health check passed: OrderProcessor,E102,Health check passed: {service}
82589,2026-01-15,21:53:51,INFO,WebServer,Transaction tx394648 completed in 143ms,E104,Transaction {tx} completed in {time}ms
82590,2026-01-15,21:54:11,INFO,WebServer,Transaction tx222623 completed in 708ms,E104,Transaction {tx} completed in {time}ms
82591,2026-01-15,21:37:20,INFO,OrderProcessor,User u4606 login successful,E101,User {user} login successful
82592,2026-01-15,21:39:46,INFO,WebServer,Transaction tx630271 completed in 1371ms,E104,Transaction {tx} completed in {time}ms
82593,2026-01-15,21:47:47,INFO,WebServer,User u1880 login successful,E101,User {user} login successful
82594,2026-01-15,21:00:41,INFO,PaymentGateway,Transaction tx358372 completed in 1754ms,E104,Transaction {tx} completed in {time}ms
82595,2026-01-15,21:03:09,INFO,OrderProcessor,Health check passed: OrderProcessor,E102,Health check passed: {service}
82596,2026-01-15,21:56:29,INFO,WebServer,Health check passed: WebServer,E102,Health check passed: {service}
82597,2026-01-15,21:45:28,INFO,AuthService,Transaction tx330637 completed in 345ms,E104,Transaction {tx} completed in {time}ms
82598,2026-01-15,21:13:31,INFO,WebServer,Page view: /home by u1062,E103,Page view: {page} by {user}
82599,2026-01-15,21:07:41,INFO,OrderProcessor,User u1658 login successful,E101,User {user} login successful
82600,2026-01-15,21:51:58,INFO,AuthService,Health check passed: AuthService,E102,Health check passed: {service}
82601,2026-01-15,21:57:33,INFO,WebServer,Transaction tx851279 completed in 915ms,E104,Transaction {tx} completed in {time}ms
82602,2026-01-15,21:10:13,INFO,PaymentGateway,User u1349 login successful,E101,User {user} login successful
82603,2026-01-15,21:47:56,INFO,AuthService,Health check passed: AuthService,E102,Health check passed: {service}
82604,2026-01-15,21:58:42,INFO,AuthService,User u4429 login successful,E101,User {user} login successful
82605,2026-01-15,21:40:55,INFO,OrderProcessor,Transaction tx427408 completed in 1584ms,E104,Transaction {tx} completed in {time}ms
82606,2026-01-15,21:02:11,INFO,AuthService,User u4498 login successful,E101,User {user} login successful
82607,2026-01-15,21:00:17,INFO,InventoryDB,User u4158 login successful,E101,User {user} login successful
82608,2026-01-15,21:14:22,INFO,AuthService,Health check passed: AuthService,E102,Health check passed: {service}
82609,2026-01-15,21:07:40,INFO,WebServer,User u4203 login successful,E101,User {user} login successful
82610,2026-01-15,21:26:28,INFO,AuthService,Page view: /home by u2935,E103,Page view: {page} by {user}
82611,2026-01-15,21:36:48,INFO,AuthService,User u4943 login successful,E101,User {user} login successful
82612,2026-01-15,21:20:41,INFO,WebServer,Health check passed: WebServer,E102,Health check passed: {service}
82613,2026-01-15,21:20:04,INFO,WebServer,Transaction tx726990 completed in 1620ms,E104,Transaction {tx} completed in {time}ms
82614,2026-01-15,21:42:17,INFO,PaymentGateway,Transaction tx867247 completed in 75ms,E104,Transaction {tx} completed in {time}ms
82615,2026-01-15,21:42:56,ERROR,WebServer,Connection refused to WebServer at 10.0.0.88,E501,Connection refused to {service} at {ip}
82616,2026-01-15,21:43:09,WARN,WebServer,Unauthorized access attempt from 10.0.0.12,E401,Unauthorized access attempt from {ip}
82617,2026-01-15,21:18:47,INFO,InventoryDB,Transaction tx306299 completed in 1286ms,E104,Transaction {tx} completed in {time}ms
82618,2026-01-15,21:20:35,INFO,WebServer,Page view: /home by u3541,E103,Page view: {page} by {user}
82619,2026-01-15,21:57:29,WARN,AuthService,Disk usage > 85% on node node-3,E202,Disk usage > 85% on node {node}
82620,2026-01-15,21:59:22,INFO,AuthService,Health check passed: AuthService,E102,Health check passed: {service}
82621,2026-01-15,21:32:30,INFO,AuthService,Page view: /home by u1757,E103,Page view: {page} by {user}
82622,2026-01-15,21:07:54,INFO,WebServer,Transaction tx701421 completed in 22ms,E104,Transaction {tx} completed in {time}ms
82623,2026-01-15,21:35:14,INFO,OrderProcessor,Transaction tx223220 completed in 936ms,E104,Transaction {tx} completed in {time}ms
82624,2026-01-15,21:46:14,INFO,WebServer,User u1692 login successful,E101,User {user} login successful
82625,2026-01-15,21:36:58,ERROR,WebServer,Payment declined: Gateway unavailable,E503,Payment declined: Gateway unavailable
82626,2026-01-15,21:57:31,INFO,InventoryDB,Health check passed: InventoryDB,E102,Health check passed: {service}
82627,2026-01-15,21:09:22,INFO,AuthService,Transaction tx306847 completed in 478ms,E104,Transaction {tx} completed in {time}ms
82628,2026-01-15,21:19:25,WARN,AuthService,Disk usage > 85% on node node-2,E202,Disk usage > 85% on node {node}
82629,2026-01-15,21:38:40,INFO,AuthService,Transaction tx456506 completed in 602ms,E104,Transaction {tx} completed in {time}ms
82630,2026-01-15,21:06:06,INFO,WebServer,Page view: /home by u3214,E103,Page view: {page} by {user}
82631,2026-01-15,21:49:10,INFO,WebServer,Page view: /home by u3451,E103,Page view: {page} by {user}
82632,2026-01-15,21:20:51,INFO,WebServer,Health check passed: WebServer,E102,Health check passed: {service}
82633,2026-01-15,21:27:20,ERROR,InventoryDB,Timeout waiting for lock on InventoryDB,E502,Timeout waiting for lock on {db}
82634,2026-01-15,21:18:40,INFO,AuthService,Transaction tx862314 completed in 203ms,E104,Transaction {tx} completed in {time}ms
82635,2026-01-15,21:21:37,INFO,WebServer,Transaction tx838637 completed in 82ms,E104,Transaction {tx} completed in {time}ms
82636,2026-01-15,21:20:22,INFO,OrderProcessor,User u2691 login successful,E101,User {user} login successful
82637,2026-01-15,21:46:21,ERROR,AuthService,Payment declined: Gateway unavailable,E503,Payment declined: Gateway unavailable
82638,2026-01-15,21:51:11,INFO,OrderProcessor,Health check passed: OrderProcessor,E102,Health check passed: {service}
82639,2026-01-15,21:18:45,ERROR,AuthService,Connection refused to AuthService at 10.0.0.45,E501,Connection refused to {service} at {ip}
82640,2026-01-15,21:38:33,INFO,WebServer,Page view: /home by u1204,E103,Page view: {page} by {user}
82641,2026-01-15,21:51:42,INFO,WebServer,Health check passed: WebServer,E102,Health check passed: {service}
82642,2026-01-15,21:45:24,INFO,WebServer,User u3144 login successful,E101,User {user} login successful
82643,2026-01-15,21:17:15,INFO,WebServer,Page view: /home by u1318,E103,Page view: {page} by {user}
82644,2026-01-15,21:12:53,INFO,OrderProcessor,User u2507 login successful,E101,User {user} login successful
82645,2026-01-15,21:42:26,INFO,AuthService,Transaction tx126763 completed in 527ms,E104,Transaction {tx} completed in {time}ms
82646,2026-01-15,21:23:40,INFO,WebServer,Health check passed: WebServer,E102,Health check passed: {service}
82647,2026-01-15,21:59:04,INFO,AuthService,User u4009 login successful,E101,User {user} login successful
82648,2026-01-15,21:46:06,INFO,WebServer,Page view: /home by u2220,E103,Page view: {page} by {user}
82649,2026-01-15,21:12:21,INFO,OrderProcessor,User u3995 login successful,E101,User {user} login successful
82650,2026-01-15,21:15:56,INFO,WebServer,User u2934 login successful,E101,User {user} login successful
82651,2026-01-15,21:41:23,WARN,WebServer,Unauthorized access attempt from 10.0.0.45,E401,Unauthorized access attempt from {ip}
82652,2026-01-15,21:07:46,INFO,PaymentGateway,Health check passed: PaymentGateway,E102,Health check passed: {service}
82653,2026-01-15,21:12:47,INFO,WebServer,Health check passed: WebServer,E102,Health check passed: {service}
82654,2026-01-15,21:59:18,INFO,WebServer,Page view: /home by u1501,E103,Page view: {page} by {user}
82655,2026-01-15,21:24:06,INFO,WebServer,Health check passed: WebServer,E102,Health check passed: {service}
82656,2026-01-15,21:17:47,INFO,WebServer,User u4512 login successful,E101,User {user} login successful
82657,2026-01-15,21:21:39,INFO,PaymentGateway,User u1267 login successful,E101,User {user} login successful
82658,2026-01-15,21:37:16,INFO,WebServer,Transaction tx661522 completed in 931ms,E104,Transaction {tx} completed in {time}ms
82659,2026-01-15,21:13:34,INFO,WebServer,Page view: /home by u4183,E103,Page view: {page} by {user}
82660,2026-01-15,21:18:17,INFO,WebServer,Health check passed: WebServer,E102,Health check passed: {service}
82661,2026-01-15,21:55:38,INFO,WebServer,Health check passed: WebServer,E102,Health check passed: {service}
82662,2026-01-15,21:36:54,INFO,PaymentGateway,Transaction tx389390 completed in 1936ms,E104,Transaction {tx} completed in {time}ms
82663,2026-01-15,21:33:23,INFO,WebServer,Health check passed: WebServer,E102,Health check passed: {service}
82664,2026-01-15,21:38:58,INFO,WebServer,Health check passed: WebServer,E102,Health check passed: {service}
82665,2026-01-15,21:33:12,INFO,PaymentGateway,User u2558 login successful,E101,User {user} login successful
82666,2026-01-15,21:54:10,INFO,OrderProcessor,Page view: /home by u4766,E103,Page view: {page} by {user}
82667,2026-01-15,21:35:06,INFO,WebServer,Transaction tx100415 completed in 1810ms,E104,Transaction {tx} completed in {time}ms
82668,2026-01-15,21:02:43,INFO,WebServer,Health check passed: WebServer,E102,Health check passed: {service}
82669,2026-01-15,21:22:05,INFO,WebServer,Health check passed: WebServer,E102,Health check passed: {service}
82670,2026-01-15,21:14:52,INFO,WebServer,Health check passed: WebServer,E102,Health check passed: {service}
82671,2026-01-15,21:33:37,WARN,OrderProcessor,Unauthorized access attempt from 10.0.0.12,E401,Unauthorized access attempt from {ip}
82672,2026-01-15,21:50:27,INFO,PaymentGateway,Page view: /home by u1906,E103,Page view: {page} by {user}
82673,2026-01-15,21:51:11,INFO,WebServer,Transaction tx721701 completed in 181ms,E104,Transaction {tx} completed in {time}ms
82674,2026-01-15,21:35:01,WARN,WebServer,High latency (434ms) detected on WebServer,E201,High latency ({time}ms) detected on {service}
82675,2026-01-15,21:11:57,INFO,OrderProcessor,Transaction tx792947 completed in 1191ms,E104,Transaction {tx} completed in {time}ms
82676,2026-01-15,21:14:41,INFO,WebServer,Health check passed: WebServer,E102,Health check passed: {service}
82677,2026-01-15,21:13:22,INFO,AuthService,Transaction tx839957 completed in 1271ms,E104,Transaction {tx} completed in {time}ms
82678,2026-01-15,21:18:18,INFO,WebServer,Transaction tx523864 completed in 241ms,E104,Transaction {tx} completed in {time}ms
82679,2026-01-15,21:39:46,INFO,AuthService,Health check passed: AuthService,E102,Health check passed: {service}
82680,2026-01-15,21:08:02,INFO,WebServer,Page view: /home by u2644,E103,Page view: {page} by {user}
82681,2026-01-15,21:25:00,WARN,OrderProcessor,High latency (255ms) detected on OrderProcessor,E201,High latency ({time}ms) detected on {service}
82682,2026-01-15,21:55:02,INFO,OrderProcessor,Transaction tx108315 completed in 763ms,E104,Transaction {tx} completed in {time}ms
82683,2026-01-15,21:53:48,INFO,OrderProcessor,Transaction tx549342 completed in 1398ms,E104,Transaction {tx} completed in {time}ms
82684,2026-01-15,21:45:08,INFO,OrderProcessor,Transaction tx666967 completed in 1481ms,E104,Transaction {tx} completed in {time}ms
82685,2026-01-15,21:58:34,INFO,InventoryDB,User u1150 login successful,E101,User {user} login successful
82686,2026-01-15,21:39:20,INFO,PaymentGateway,User u1455 login successful,E101,User {user} login successful
82687,2026-01-15,21:50:08,INFO,WebServer,Health check passed: WebServer,E102,Health check passed: {service}
82688,2026-01-15,21:47:00,INFO,PaymentGateway,Transaction tx543726 completed in 1917ms,E104,Transaction {tx} completed in {time}ms
82689,2026-01-15,21:23:02,WARN,WebServer,Unauthorized access attempt from 10.0.0.45,E401,Unauthorized access attempt from {ip}
82690,2026-01-15,21:57:21,INFO,WebServer,Page view: /home by u4521,E103,Page view: {page} by {user}
82691,2026-01-15,21:52:40,CRITICAL,AuthService,DATA CORRUPTION detected in sector 967,E602,DATA CORRUPTION detected in sector {sector}
82692,2026-01-15,21:34:35,INFO,WebServer,Page view: /home by u1870,E103,Page view: {page} by {user}
82693,2026-01-15,21:07:00,INFO,InventoryDB,User u1975 login successful,E101,User {user} login successful
82694,2026-01-15,21:50:38,ERROR,WebServer,Connection refused to WebServer at 10.0.0.45,E501,Connection refused to {service} at {ip}
82695,2026-01-15,21:22:37,INFO,WebServer,Health check passed: WebServer,E102,Health check passed: {service}
82696,2026-01-15,21:02:31,INFO,PaymentGateway,Page view: /home by u4045,E103,Page view: {page} by {user}
82697,2026-01-15,21:15:57,INFO,PaymentGateway,User u4776 login successful,E101,User {user} login successful
82698,2026-01-15,21:03:54,INFO,AuthService,Page view: /home by u1638,E103,Page view: {page} by {user}
82699,2026-01-15,21:38:46,INFO,WebServer,Health check passed: WebServer,E102,Health check passed: {service}
82700,2026-01-15,21:58:30,INFO,InventoryDB,Health check passed: InventoryDB,E102,Health check passed: {service}
82701,2026-01-15,21:30:20,INFO,WebServer,Page view: /home by u3882,E103,Page view: {page} by {user}
82702,2026-01-15,21:48:32,INFO,WebServer,Health check passed: WebServer,E102,Health check passed: {service}
82703,2026-01-15,21:19:56,INFO,OrderProcessor,User u1613 login successful,E101,User {user} login successful
82704,2026-01-15,21:19:27,INFO,WebServer,Page view: /home by u1564,E103,Page view: {page} by {user}
82705,2026-01-15,21:00:22,INFO,WebServer,Page view: /home by u3980,E103,Page view: {page} by {user}
82706,2026-01-15,21:17:46,INFO,AuthService,Page view: /home by u3693,E103,Page view: {page} by {user}
82707,2026-01-15,21:51:43,INFO,WebServer,Health check passed: WebServer,E102,Health check passed: {service}
82708,2026-01-15,21:28:44,INFO,OrderProcessor,Page view: /home by u3860,E103,Page view: {page} by {user}
82709,2026-01-15,21:27:50,INFO,WebServer,Page view: /home by u2022,E103,Page view: {page} by {user}
82710,2026-01-15,21:05:38,INFO,WebServer,User u1989 login successful,E101,User {user} login successful
82711,2026-01-15,21:03:44,INFO,WebServer,User u3010 login successful,E101,User {user} login successful
82712,2026-01-15,21:59:06,WARN,WebServer,Unauthorized access attempt from 10.0.0.45,E401,Unauthorized access attempt from {ip}
82713,2026-01-15,21:53:18,INFO,PaymentGateway,Health check passed: PaymentGateway,E102,Health check passed: {service}
82714,2026-01-15,21:04:27,INFO,WebServer,Health check passed: WebServer,E102,Health check passed: {service}
82715,2026-01-15,21:31:38,INFO,OrderProcessor,Page view: /home by u2994,E103,Page view: {page} by {user}
82716,2026-01-15,21:34:04,INFO,AuthService,Health check passed: AuthService,E102,Health check passed: {service}
82717,2026-01-15,21:14:31,INFO,WebServer,Health check passed: WebServer,E102,Health check passed: {service}
82718,2026-01-15,21:23:31,INFO,WebServer,Health check passed: WebServer,E102,Health check passed: {service}
82719,2026-01-15,21:24:38,INFO,WebServer,Page view: /home by u4493,E103,Page view: {page} by {user}
82720,2026-01-15,21:20:13,INFO,WebServer,User u2925 login successful,E101,User {user} login successful
82721,2026-01-15,21:45:10,INFO,WebServer,Health check passed: WebServer,E102,Health check passed: {service}
82722,2026-01-15,21:54:31,WARN,WebServer,Disk usage > 85% on node node-4,E202,Disk usage > 85% on node {node}
82723,2026-01-15,21:25:47,INFO,WebServer,Transaction tx672259 completed in 1453ms,E104,Transaction {tx} completed in {time}ms
82724,2026-01-15,21:02:01,INFO,InventoryDB,Page view: /home by u3446,E103,Page view: {page} by {user}
82725,2026-01-15,21:15:32,INFO,WebServer,Page view: /home by u1550,E103,Page view: {page} by {user}
82726,2026-01-15,21:33:55,INFO,WebServer,User u3830 login successful,E101,User {user} login successful
82727,2026-01-15,21:47:04,INFO,OrderProcessor,Transaction tx264350 completed in 1581ms,E104,Transaction {tx} completed in {time}ms
82728,2026-01-15,21:37:55,INFO,WebServer,Transaction tx921154 completed in 1479ms,E104,Transaction {tx} completed in {time}ms
82729,2026-01-15,21:34:57,WARN,WebServer,Disk usage > 85% on node node-4,E202,Disk usage > 85% on node {node}
82730,2026-01-15,21:51:13,INFO,AuthService,Health check passed: AuthService,E102,Health check passed: {service}
82731,2026-01-15,21:13:20,WARN,PaymentGateway,Disk usage > 85% on node node-3,E202,Disk usage > 85% on node {node}
82732,2026-01-15,21:15:39,INFO,WebServer,Page view: /home by u2846,E103,Page view: {page} by {user}
82733,2026-01-15,21:07:52,INFO,WebServer,Transaction tx272996 completed in 1751ms,E104,Transaction {tx} completed in {time}ms
82734,2026-01-15,21:11:02,INFO,WebServer,Health check passed: WebServer,E102,Health check passed: {service}
82735,2026-01-15,21:25:41,INFO,WebServer,Health check passed: WebServer,E102,Health check passed: {service}
82736,2026-01-15,21:37:56,INFO,PaymentGateway,Page view: /home by u2832,E103,Page view: {page} by {user}
82737,2026-01-15,21:46:11,INFO,PaymentGateway,User u4286 login successful,E101,User {user} login successful
82738,2026-01-15,21:28:04,INFO,InventoryDB,Page view: /home by u3188,E103,Page view: {page} by {user}
82739,2026-01-15,21:31:37,INFO,WebServer,Transaction tx381236 completed in 1417ms,E104,Transaction {tx} completed in {time}ms
82740,2026-01-15,21:27:59,INFO,OrderProcessor,User u4249 login successful,E101,User {user} login successful
82741,2026-01-15,21:34:20,INFO,WebServer,Transaction tx808095 completed in 1656ms,E104,Transaction {tx} completed in {time}ms
82742,2026-01-15,21:31:05,INFO,WebServer,Transaction tx930370 completed in 1398ms,E104,Transaction {tx} completed in {time}ms
82743,2026-01-15,21:22:39,INFO,PaymentGateway,Health check passed: PaymentGateway,E102,Health check passed: {service}
82744,2026-01-15,21:19:21,INFO,WebServer,Health check passed: WebServer,E102,Health check passed: {service}
82745,2026-01-15,21:35:25,INFO,OrderProcessor,Transaction tx738881 completed in 165ms,E104,Transaction {tx} completed in {time}ms
82746,2026-01-15,21:33:22,INFO,AuthService,Health check passed: AuthService,E102,Health check passed: {service}
82747,2026-01-15,21:35:54,INFO,WebServer,Page view: /home by u1823,E103,Page view: {page} by {user}
82748,2026-01-15,21:01:58,INFO,OrderProcessor,Transaction tx490281 completed in 579ms,E104,Transaction {tx} completed in {time}ms
82749,2026-01-15,21:39:36,INFO,WebServer,Health check passed: WebServer,E102,Health check passed: {service}
82750,2026-01-15,21:25:56,INFO,WebServer,Page view: /home by u1891,E103,Page view: {page} by {user}
82751,2026-01-15,21:20:13,INFO,PaymentGateway,Transaction tx561569 completed in 646ms,E104,Transaction {tx} completed in {time}ms
82752,2026-01-15,21:04:19,ERROR,InventoryDB,Timeout waiting for lock on InventoryDB,E502,Timeout waiting for lock on {db}
82753,2026-01-15,21:59:01,INFO,WebServer,User u2202 login successful,E101,User {user} login successful
82754,2026-01-15,21:49:29,INFO,WebServer,Page view: /home by u3459,E103,Page view: {page} by {user}
82755,2026-01-15,21:45:39,INFO,WebServer,Transaction tx422135 completed in 560ms,E104,Transaction {tx} completed in {time}ms
82756,2026-01-15,21:12:37,INFO,InventoryDB,Health check passed: InventoryDB,E102,Health check passed: {service}
82757,2026-01-15,21:21:22,INFO,PaymentGateway,Transaction tx826761 completed in 1559ms,E104,Transaction {tx} completed in {time}ms
82758,2026-01-15,21:59:39,INFO,WebServer,Transaction tx631000 completed in 226ms,E104,Transaction {tx} completed in {time}ms
82759,2026-01-15,21:12:11,INFO,AuthService,User u2723 login successful,E101,User {user} login successful
82760,2026-01-15,21:09:03,INFO,WebServer,User u1677 login successful,E101,User {user} login successful
82761,2026-01-15,21:39:09,INFO,WebServer,Transaction tx476267 completed in 1288ms,E104,Transaction {tx} completed in {time}ms
82762,2026-01-15,21:26:08,INFO,WebServer,Transaction tx755196 completed in 800ms,E104,Transaction {tx} completed in {time}ms
82763,2026-01-15,21:44:03,INFO,WebServer,Page view: /home by u4748,E103,Page view: {page} by {user}
82764,2026-01-15,21:13:19,INFO,WebServer,User u1965 login successful,E101,User {user} login successful
82765,2026-01-15,21:39:32,INFO,OrderProcessor,Health check passed: OrderProcessor,E102,Health check passed: {service}
82766,2026-01-15,21:22:16,WARN,PaymentGateway,Unauthorized access attempt from 10.0.0.45,E401,Unauthorized access attempt from {ip}
82767,2026-01-15,21:22:11,INFO,WebServer,Health check passed: WebServer,E102,Health check passed: {service}
82768,2026-01-15,21:19:53,INFO,WebServer,Page view: /home by u3085,E103,Page view: {page} by {user}
82769,2026-01-15,21:27:30,INFO,OrderProcessor,Transaction tx490085 completed in 817ms,E104,Transaction {tx} completed in {time}ms
82770,2026-01-15,21:19:12,INFO,WebServer,Transaction tx574317 completed in 338ms,E104,Transaction {tx} completed in {time}ms
82771,2026-01-15,21:15:49,INFO,WebServer,Page view: /home by u3204,E103,Page view: {page} by {user}
82772,2026-01-15,21:27:44,INFO,WebServer,Transaction tx823072 completed in 790ms,E104,Transaction {tx} completed in {time}ms
82773,2026-01-15,21:21:59,INFO,WebServer,Transaction tx720611 completed in 642ms,E104,Transaction {tx} completed in {time}ms
82774,2026-01-15,21:15:38,INFO,OrderProcessor,Transaction tx287957 completed in 328ms,E104,Transaction {tx} completed in {time}ms
82775,2026-01-15,21:25:32,INFO,WebServer,Transaction tx440011 completed in 1393ms,E104,Transaction {tx} completed in {time}ms
82776,2026-01-15,21:24:11,INFO,OrderProcessor,Transaction tx111566 completed in 198ms,E104,Transaction {tx} completed in {time}ms
82777,2026-01-15,21:42:52,INFO,AuthService,Page view: /home by u4727,E103,Page view: {page} by {user}
82778,2026-01-15,21:04:18,INFO,InventoryDB,Page view: /home by u2353,E103,Page view: {page} by {user}
82779,2026-01-15,21:33:44,INFO,WebServer,Health check passed: WebServer,E102,Health check passed: {service}
82780,2026-01-15,21:13:11,INFO,WebServer,Page view: /home by u2767,E103,Page view: {page} by {user}
82781,2026-01-15,21:48:53,INFO,WebServer,Page view: /home by u1633,E103,Page view: {page} by {user}
82782,2026-01-15,21:03:47,INFO,WebServer,User u4813 login successful,E101,User {user} login successful
82783,2026-01-15,21:14:59,ERROR,AuthService,Timeout waiting for lock on InventoryDB,E502,Timeout waiting for lock on {db}
82784,2026-01-15,21:21:57,INFO,AuthService,Transaction tx981119 completed in 1487ms,E104,Transaction {tx} completed in {time}ms
82785,2026-01-15,21:11:13,INFO,WebServer,Page view: /home by u2036,E103,Page view: {page} by {user}
82786,2026-01-15,21:13:42,INFO,WebServer,User u2760 login successful,E101,User {user} login successful
82787,2026-01-15,21:31:58,INFO,AuthService,Health check passed: AuthService,E102,Health check passed: {service}
82788,2026-01-15,21:27:19,INFO,AuthService,Page view: /home by u1486,E103,Page view: {page} by {user}
82789,2026-01-15,21:22:11,INFO,WebServer,Page view: /home by u3244,E103,Page view: {page} by {user}
82790,2026-01-15,21:30:18,INFO,OrderProcessor,Page view: /home by u2996,E103,Page view: {page} by {user}
82791,2026-01-15,21:50:51,INFO,WebServer,Transaction tx808810 completed in 361ms,E104,Transaction {tx} completed in {time}ms
82792,2026-01-15,21:29:56,INFO,WebServer,Health check passed: WebServer,E102,Health check passed: {service}
82793,2026-01-15,21:09:54,INFO,WebServer,Transaction tx589304 completed in 1261ms,E104,Transaction {tx} completed in {time}ms
82794,2026-01-15,21:50:22,INFO,OrderProcessor,User u3733 login successful,E101,User {user} login successful
82795,2026-01-15,21:48:52,INFO,OrderProcessor,Transaction tx649976 completed in 426ms,E104,Transaction {tx} completed in {time}ms
82796,2026-01-15,21:12:48,INFO,AuthService,User u2270 login successful,E101,User {user} login successful
82797,2026-01-15,21:06:50,INFO,PaymentGateway,Transaction tx340633 completed in 1222ms,E104,Transaction {tx} completed in {time}ms
82798,2026-01-15,21:49:35,INFO,PaymentGateway,Page view: /home by u1093,E103,Page view: {page} by {user}
82799,2026-01-15,21:07:18,INFO,WebServer,Transaction tx461399 completed in 544ms,E104,Transaction {tx} completed in {time}ms
82800,2026-01-15,21:38:43,INFO,AuthService,User u2397 login successful,E101,User {user} login successful
82801,2026-01-15,21:47:33,INFO,WebServer,Page view: /home by u1226,E103,Page view: {page} by {user}
82802,2026-01-15,21:39:33,INFO,OrderProcessor,Health check passed: OrderProcessor,E102,Health check passed: {service}
82803,2026-01-15,21:00:06,INFO,OrderProcessor,Health check passed: OrderProcessor,E102,Health check passed: {service}
82804,2026-01-15,21:15:57,CRITICAL,InventoryDB,KERNEL PANIC: Node node-3 crashed,E601,KERNEL PANIC: Node {node} crashed
82805,2026-01-15,21:01:48,WARN,AuthService,Disk usage > 85% on node node-4,E202,Disk usage > 85% on node {node}
82806,2026-01-15,21:23:40,INFO,AuthService,Transaction tx745347 completed in 927ms,E104,Transaction {tx} completed in {time}ms
82807,2026-01-15,21:04:21,INFO,WebServer,Page view: /home by u2797,E103,Page view: {page} by {user}
82808,2026-01-15,21:29:52,INFO,WebServer,User u1913 login successful,E101,User {user} login successful
82809,2026-01-15,21:57:15,INFO,WebServer,Health check passed: WebServer,E102,Health check passed: {service}
82810,2026-01-15,21:39:22,INFO,WebServer,Page view: /home by u2256,E103,Page view: {page} by {user}
82811,2026-01-15,21:26:26,INFO,WebServer,User u2770 login successful,E101,User {user} login successful
82812,2026-01-15,21:50:36,INFO,OrderProcessor,Page view: /home by u3457,E103,Page view: {page} by {user}
82813,2026-01-15,21:36:22,INFO,WebServer,User u1634 login successful,E101,User {user} login successful
82814,2026-01-15,21:48:45,INFO,AuthService,Transaction tx755824 completed in 1110ms,E104,Transaction {tx} completed in {time}ms
82815,2026-01-15,21:52:11,INFO,PaymentGateway,Transaction tx899313 completed in 157ms,E104,Transaction {tx} completed in {time}ms
82816,2026-01-15,21:58:24,INFO,AuthService,Health check passed: AuthService,E102,Health check passed: {service}
82817,2026-01-15,21:03:40,INFO,OrderProcessor,Page view: /home by u4556,E103,Page view: {page} by {user}
82818,2026-01-15,21:02:10,INFO,AuthService,Health check passed: AuthService,E102,Health check passed: {service}
82819,2026-01-15,21:22:18,INFO,InventoryDB,Health check passed: InventoryDB,E102,Health check passed: {service}
82820,2026-01-15,21:40:21,INFO,WebServer,Page view: /home by u3364,E103,Page view: {page} by {user}
82821,2026-01-15,21:27:46,INFO,PaymentGateway,Health check passed: PaymentGateway,E102,Health check passed: {service}
82822,2026-01-15,21:40:56,INFO,AuthService,User u4416 login successful,E101,User {user} login successful
82823,2026-01-15,21:49:18,INFO,WebServer,Health check passed: WebServer,E102,Health check passed: {service}
82824,2026-01-15,21:33:36,INFO,AuthService,Health check passed: AuthService,E102,Health check passed: {service}
82825,2026-01-15,21:14:45,INFO,WebServer,Transaction tx890938 completed in 931ms,E104,Transaction {tx} completed in {time}ms
82826,2026-01-15,21:30:29,INFO,WebServer,Transaction tx724597 completed in 810ms,E104,Transaction {tx} completed in {time}ms
82827,2026-01-15,21:28:13,INFO,AuthService,Page view: /home by u2223,E103,Page view: {page} by {user}
82828,2026-01-15,21:06:22,INFO,PaymentGateway,Transaction tx354112 completed in 1485ms,E104,Transaction {tx} completed in {time}ms
82829,2026-01-15,21:57:17,INFO,WebServer,Health check passed: WebServer,E102,Health check passed: {service}
82830,2026-01-15,21:55:11,INFO,AuthService,Health check passed: AuthService,E102,Health check passed: {service}
82831,2026-01-15,21:50:42,INFO,WebServer,User u2288 login successful,E101,User {user} login successful
82832,2026-01-15,21:18:27,INFO,PaymentGateway,Transaction tx893766 completed in 557ms,E104,Transaction {tx} completed in {time}ms
82833,2026-01-15,21:50:11,INFO,AuthService,User u1610 login successful,E101,User {user} login successful
82834,2026-01-15,21:20:29,INFO,WebServer,Page view: /home by u1411,E103,Page view: {page} by {user}
82835,2026-01-15,21:23:42,INFO,AuthService,User u2160 login successful,E101,User {user} login successful
82836,2026-01-15,21:01:32,INFO,AuthService,Health check passed: AuthService,E102,Health check passed: {service}
82837,2026-01-15,21:32:05,INFO,WebServer,User u4764 login successful,E101,User {user} login successful
82838,2026-01-15,21:12:54,INFO,InventoryDB,User u2172 login successful,E101,User {user} login successful
82839,2026-01-15,21:16:06,INFO,OrderProcessor,User u2032 login successful,E101,User {user} login successful
82840,2026-01-15,21:12:51,INFO,WebServer,Transaction tx231719 completed in 322ms,E104,Transaction {tx} completed in {time}ms
82841,2026-01-15,21:05:38,INFO,AuthService,Page view: /home by u4914,E103,Page view: {page} by {user}
82842,2026-01-15,21:11:45,INFO,PaymentGateway,User u2552 login successful,E101,User {user} login successful
82843,2026-01-15,21:06:30,INFO,AuthService,Transaction tx672530 completed in 455ms,E104,Transaction {tx} completed in {time}ms
82844,2026-01-15,21:54:05,INFO,WebServer,Page view: /home by u3849,E103,Page view: {page} by {user}
82845,2026-01-15,21:55:17,INFO,WebServer,User u1832 login successful,E101,User {user} login successful
82846,2026-01-15,21:49:42,INFO,WebServer,Page view: /home by u2024,E103,Page view: {page} by {user}
82847,2026-01-15,21:52:07,INFO,WebServer,Page view: /home by u3614,E103,Page view: {page} by {user}
82848,2026-01-15,21:51:10,INFO,WebServer,Page view: /home by u4363,E103,Page view: {page} by {user}
82849,2026-01-15,21:26:43,INFO,WebServer,Transaction tx806266 completed in 1114ms,E104,Transaction {tx} completed in {time}ms
82850,2026-01-15,21:26:50,INFO,AuthService,Transaction tx165757 completed in 910ms,E104,Transaction {tx} completed in {time}ms
82851,2026-01-15,21:32:21,INFO,WebServer,Transaction tx361512 completed in 1743ms,E104,Transaction {tx} completed in {time}ms
82852,2026-01-15,21:57:55,INFO,OrderProcessor,Health check passed: OrderProcessor,E102,Health check passed: {service}
82853,2026-01-15,21:22:47,INFO,WebServer,Transaction tx997016 completed in 617ms,E104,Transaction {tx} completed in {time}ms
82854,2026-01-15,21:36:48,INFO,OrderProcessor,Page view: /home by u2526,E103,Page view: {page} by {user}
82855,2026-01-15,21:40:10,WARN,WebServer,High latency (1063ms) detected on WebServer,E201,High latency ({time}ms) detected on {service}
82856,2026-01-15,21:57:13,INFO,OrderProcessor,User u3825 login successful,E101,User {user} login successful
82857,2026-01-15,21:37:53,INFO,WebServer,Transaction tx122565 completed in 640ms,E104,Transaction {tx} completed in {time}ms
82858,2026-01-15,21:28:37,INFO,WebServer,User u2612 login successful,E101,User {user} login successful
82859,2026-01-15,21:46:33,INFO,WebServer,Transaction tx385880 completed in 1100ms,E104,Transaction {tx} completed in {time}ms
82860,2026-01-15,21:50:06,INFO,PaymentGateway,User u2219 login successful,E101,User {user} login successful
82861,2026-01-15,21:55:21,INFO,WebServer,Transaction tx288886 completed in 608ms,E104,Transaction {tx} completed in {time}ms
82862,2026-01-15,21:44:04,INFO,OrderProcessor,User u3456 login successful,E101,User {user} login successful
82863,2026-01-15,21:21:01,INFO,WebServer,User u4849 login successful,E101,User {user} login successful
82864,2026-01-15,21:57:28,INFO,WebServer,Page view: /home by u3776,E103,Page view: {page} by {user}
82865,2026-01-15,21:36:59,INFO,WebServer,Page view: /home by u2813,E103,Page view: {page} by {user}
82866,2026-01-15,21:13:34,INFO,AuthService,Health check passed: AuthService,E102,Health check passed: {service}
82867,2026-01-15,21:57:14,INFO,AuthService,Health check passed: AuthService,E102,Health check passed: {service}
82868,2026-01-15,21:01:07,WARN,WebServer,Disk usage > 85% on node node-5,E202,Disk usage > 85% on node {node}
82869,2026-01-15,21:23:45,INFO,WebServer,User u3448 login successful,E101,User {user} login successful
82870,2026-01-15,21:10:47,INFO,PaymentGateway,Page view: /home by u4898,E103,Page view: {page} by {user}
82871,2026-01-15,21:41:36,INFO,WebServer,User u4029 login successful,E101,User {user} login successful
82872,2026-01-15,21:23:27,INFO,PaymentGateway,User u4899 login successful,E101,User {user} login successful
82873,2026-01-15,21:05:46,INFO,InventoryDB,Health check passed: InventoryDB,E102,Health check passed: {service}
82874,2026-01-15,21:47:50,INFO,WebServer,User u3531 login successful,E101,User {user} login successful
82875,2026-01-15,21:40:12,INFO,WebServer,User u2009 login successful,E101,User {user} login successful
82876,2026-01-15,21:07:27,INFO,WebServer,Transaction tx993283 completed in 1635ms,E104,Transaction {tx} completed in {time}ms
82877,2026-01-15,21:36:21,INFO,WebServer,User u3686 login successful,E101,User {user} login successful
82878,2026-01-15,21:26:34,INFO,WebServer,Transaction tx244086 completed in 1220ms,E104,Transaction {tx} completed in {time}ms
82879,2026-01-15,21:52:36,INFO,WebServer,User u1188 login successful,E101,User {user} login successful
82880,2026-01-15,21:45:20,INFO,WebServer,Page view: /home by u3095,E103,Page view: {page} by {user}
82881,2026-01-15,21:34:03,INFO,WebServer,Page view: /home by u2228,E103,Page view: {page} by {user}
82882,2026-01-15,21:43:22,INFO,InventoryDB,User u2832 login successful,E101,User {user} login successful
82883,2026-01-15,21:38:20,WARN,OrderProcessor,High latency (1278ms) detected on OrderProcessor,E201,High latency ({time}ms) detected on {service}
82884,2026-01-15,21:01:47,INFO,WebServer,User u1082 login successful,E101,User {user} login successful
82885,2026-01-15,21:28:02,INFO,WebServer,Transaction tx187443 completed in 1914ms,E104,Transaction {tx} completed in {time}ms
82886,2026-01-15,21:42:20,INFO,PaymentGateway,Health check passed: PaymentGateway,E102,Health check passed: {service}
82887,2026-01-15,21:39:38,INFO,WebServer,Page view: /home by u3050,E103,Page view: {page} by {user}
82888,2026-01-15,21:04:44,INFO,PaymentGateway,User u2886 login successful,E101,User {user} login successful
82889,2026-01-15,21:08:00,INFO,WebServer,User u2440 login successful,E101,User {user} login successful
82890,2026-01-15,21:59:01,INFO,WebServer,Transaction tx160345 completed in 1325ms,E104,Transaction {tx} completed in {time}ms
82891,2026-01-15,21:02:30,INFO,WebServer,Health check passed: WebServer,E102,Health check passed: {service}
82892,2026-01-15,21:07:33,INFO,OrderProcessor,User u4522 login successful,E101,User {user} login successful
82893,2026-01-15,21:42:48,INFO,OrderProcessor,User u2100 login successful,E101,User {user} login successful
82894,2026-01-15,21:47:27,INFO,WebServer,User u1078 login successful,E101,User {user} login successful
82895,2026-01-15,21:38:23,INFO,WebServer,Transaction tx994905 completed in 1407ms,E104,Transaction {tx} completed in {time}ms
82896,2026-01-15,21:40:32,INFO,WebServer,Page view: /home by u1933,E103,Page view: {page} by {user}
82897,2026-01-15,21:50:51,INFO,PaymentGateway,Page view: /home by u1372,E103,Page view: {page} by {user}
82898,2026-01-15,21:20:26,INFO,AuthService,Page view: /home by u2004,E103,Page view: {page} by {user}
82899,2026-01-15,21:59:19,INFO,OrderProcessor,User u3982 login successful,E101,User {user} login successful
82900,2026-01-15,21:45:29,INFO,WebServer,Transaction tx700252 completed in 911ms,E104,Transaction {tx} completed in {time}ms
82901,2026-01-15,21:56:18,INFO,AuthService,User u4106 login successful,E101,User {user} login successful
82902,2026-01-15,21:11:52,INFO,AuthService,Health check passed: AuthService,E102,Health check passed: {service}
82903,2026-01-15,21:33:26,INFO,OrderProcessor,Page view: /home by u4966,E103,Page view: {page} by {user}
82904,2026-01-15,21:47:22,INFO,AuthService,Page view: /home by u2686,E103,Page view: {page} by {user}
82905,2026-01-15,21:22:42,INFO,WebServer,Page view: /home by u4627,E103,Page view: {page} by {user}
82906,2026-01-15,21:39:13,INFO,AuthService,User u3900 login successful,E101,User {user} login successful
82907,2026-01-15,21:22:10,INFO,PaymentGateway,User u3826 login successful,E101,User {user} login successful
82908,2026-01-15,21:18:29,INFO,WebServer,Page view: /home by u3721,E103,Page view: {page} by {user}
82909,2026-01-15,21:10:37,INFO,OrderProcessor,User u2819 login successful,E101,User {user} login successful
82910,2026-01-15,21:53:51,INFO,WebServer,Transaction tx506652 completed in 1865ms,E104,Transaction {tx} completed in {time}ms
82911,2026-01-15,21:29:33,INFO,PaymentGateway,User u3205 login successful,E101,User {user} login successful
82912,2026-01-15,21:19:13,INFO,WebServer,Transaction tx990416 completed in 1098ms,E104,Transaction {tx} completed in {time}ms
82913,2026-01-15,21:05:40,INFO,WebServer,Health check passed: WebServer,E102,Health check passed: {service}
82914,2026-01-15,21:37:28,INFO,WebServer,User u4240 login successful,E101,User {user} login successful
82915,2026-01-15,21:25:11,INFO,PaymentGateway,Page view: /home by u1354,E103,Page view: {page} by {user}
82916,2026-01-15,21:55:26,INFO,WebServer,Transaction tx118206 completed in 1547ms,E104,Transaction {tx} completed in {time}ms
82917,2026-01-15,21:27:04,INFO,AuthService,User u3145 login successful,E101,User {user} login successful
82918,2026-01-15,21:08:48,INFO,OrderProcessor,Page view: /home by u4916,E103,Page view: {page} by {user}
82919,2026-01-15,21:14:47,INFO,WebServer,Transaction tx615649 completed in 1289ms,E104,Transaction {tx} completed in {time}ms
82920,2026-01-15,21:15:55,INFO,AuthService,Page view: /home by u3614,E103,Page view: {page} by {user}
82921,2026-01-15,21:51:55,INFO,AuthService,Page view: /home by u1610,E103,Page view: {page} by {user}
82922,2026-01-15,21:33:52,INFO,WebServer,Page view: /home by u3098,E103,Page view: {page} by {user}
82923,2026-01-15,21:38:15,INFO,PaymentGateway,Transaction tx204128 completed in 907ms,E104,Transaction {tx} completed in {time}ms
82924,2026-01-15,21:43:30,INFO,OrderProcessor,Health check passed: OrderProcessor,E102,Health check passed: {service}
82925,2026-01-15,21:18:56,INFO,AuthService,User u2737 login successful,E101,User {user} login successful
82926,2026-01-15,21:56:37,INFO,InventoryDB,Health check passed: InventoryDB,E102,Health check passed: {service}
82927,2026-01-15,21:37:07,INFO,PaymentGateway,User u2835 login successful,E101,User {user} login successful
82928,2026-01-15,21:52:36,INFO,WebServer,Health check passed: WebServer,E102,Health check passed: {service}
82929,2026-01-15,21:42:49,INFO,InventoryDB,Page view: /home by u4326,E103,Page view: {page} by {user}
82930,2026-01-15,21:21:29,INFO,WebServer,User u4775 login successful,E101,User {user} login successful
82931,2026-01-15,21:32:43,INFO,WebServer,User u1043 login successful,E101,User {user} login successful
82932,2026-01-15,21:48:44,INFO,OrderProcessor,Page view: /home by u2161,E103,Page view: {page} by {user}
82933,2026-01-15,21:51:45,INFO,InventoryDB,User u1423 login successful,E101,User {user} login successful
82934,2026-01-15,21:25:28,INFO,WebServer,Page view: /home by u2060,E103,Page view: {page} by {user}
82935,2026-01-15,21:24:43,INFO,WebServer,User u4390 login successful,E101,User {user} login successful
82936,2026-01-15,21:58:08,INFO,AuthService,Health check passed: AuthService,E102,Health check passed: {service}
82937,2026-01-15,21:46:48,INFO,WebServer,User u2324 login successful,E101,User {user} login successful
82938,2026-01-15,21:32:06,INFO,WebServer,Page view: /home by u2952,E103,Page view: {page} by {user}
82939,2026-01-15,21:29:31,INFO,InventoryDB,Page view: /home by u1302,E103,Page view: {page} by {user}
82940,2026-01-15,21:45:58,INFO,OrderProcessor,Health check passed: OrderProcessor,E102,Health check passed: {service}
82941,2026-01-15,21:41:58,INFO,OrderProcessor,Health check passed: OrderProcessor,E102,Health check passed: {service}
82942,2026-01-15,21:42:00,INFO,WebServer,Transaction tx292491 completed in 1334ms,E104,Transaction {tx} completed in {time}ms
82943,2026-01-15,21:03:13,INFO,WebServer,User u3927 login successful,E101,User {user} login successful
82944,2026-01-15,21:45:19,INFO,WebServer,User u1600 login successful,E101,User {user} login successful
82945,2026-01-15,21:15:17,INFO,OrderProcessor,Page view: /home by u4519,E103,Page view: {page} by {user}
82946,2026-01-15,21:20:40,INFO,OrderProcessor,User u4036 login successful,E101,User {user} login successful
82947,2026-01-15,21:46:42,INFO,WebServer,Health check passed: WebServer,E102,Health check passed: {service}
82948,2026-01-15,21:09:10,INFO,WebServer,Page view: /home by u3160,E103,Page view: {page} by {user}
82949,2026-01-15,21:01:21,INFO,WebServer,Health check passed: WebServer,E102,Health check passed: {service}
82950,2026-01-15,21:13:33,INFO,PaymentGateway,Health check passed: PaymentGateway,E102,Health check passed: {service}
82951,2026-01-15,21:08:05,INFO,WebServer,Health check passed: WebServer,E102,Health check passed: {service}
82952,2026-01-15,21:15:45,INFO,WebServer,User u1792 login successful,E101,User {user} login successful
82953,2026-01-15,21:57:31,INFO,InventoryDB,Page view: /home by u3590,E103,Page view: {page} by {user}
82954,2026-01-15,21:26:32,INFO,WebServer,Page view: /home by u1404,E103,Page view: {page} by {user}
82955,2026-01-15,21:24:09,INFO,WebServer,Transaction tx681763 completed in 1858ms,E104,Transaction {tx} completed in {time}ms
82956,2026-01-15,21:24:09,WARN,AuthService,High latency (639ms) detected on AuthService,E201,High latency ({time}ms) detected on {service}
82957,2026-01-15,21:41:44,INFO,AuthService,User u2261 login successful,E101,User {user} login successful
82958,2026-01-15,21:43:52,INFO,AuthService,Transaction tx952200 completed in 1165ms,E104,Transaction {tx} completed in {time}ms
82959,2026-01-15,21:18:48,INFO,WebServer,Health check passed: WebServer,E102,Health check passed: {service}
82960,2026-01-15,21:51:35,INFO,WebServer,Transaction tx450682 completed in 1777ms,E104,Transaction {tx} completed in {time}ms
82961,2026-01-15,21:02:13,INFO,PaymentGateway,User u3883 login successful,E101,User {user} login successful
82962,2026-01-15,21:17:51,WARN,WebServer,High latency (56ms) detected on WebServer,E201,High latency ({time}ms) detected on {service}
82963,2026-01-15,21:43:54,WARN,PaymentGateway,Unauthorized access attempt from 10.0.0.45,E401,Unauthorized access attempt from {ip}
82964,2026-01-15,21:57:50,INFO,PaymentGateway,Transaction tx517059 completed in 529ms,E104,Transaction {tx} completed in {time}ms
82965,2026-01-15,21:20:57,WARN,PaymentGateway,Unauthorized access attempt from 10.0.0.88,E401,Unauthorized access attempt from {ip}
82966,2026-01-15,21:38:33,INFO,WebServer,Page view: /home by u2914,E103,Page view: {page} by {user}
82967,2026-01-15,21:16:13,INFO,WebServer,Transaction tx753015 completed in 290ms,E104,Transaction {tx} completed in {time}ms
82968,2026-01-15,21:25:40,INFO,AuthService,Page view: /home by u3354,E103,Page view: {page} by {user}
82969,2026-01-15,21:31:10,INFO,AuthService,User u2859 login successful,E101,User {user} login successful
82970,2026-01-15,21:59:43,INFO,WebServer,User u1994 login successful,E101,User {user} login successful
82971,2026-01-15,21:22:24,INFO,OrderProcessor,Page view: /home by u3881,E103,Page view: {page} by {user}
82972,2026-01-15,21:21:40,INFO,WebServer,Health check passed: WebServer,E102,Health check passed: {service}
82973,2026-01-15,21:16:23,INFO,WebServer,Page view: /home by u1488,E103,Page view: {page} by {user}
82974,2026-01-15,21:57:58,INFO,WebServer,Transaction tx144056 completed in 1779ms,E104,Transaction {tx} completed in {time}ms
82975,2026-01-15,21:41:38,INFO,WebServer,Health check passed: WebServer,E102,Health check passed: {service}
82976,2026-01-15,21:29:11,INFO,OrderProcessor,Health check passed: OrderProcessor,E102,Health check passed: {service}
82977,2026-01-15,21:14:31,INFO,WebServer,Transaction tx892567 completed in 667ms,E104,Transaction {tx} completed in {time}ms
82978,2026-01-15,21:38:46,INFO,WebServer,Health check passed: WebServer,E102,Health check passed: {service}
82979,2026-01-15,21:34:57,INFO,OrderProcessor,Transaction tx784561 completed in 1084ms,E104,Transaction {tx} completed in {time}ms
82980,2026-01-15,21:10:30,INFO,WebServer,User u2459 login successful,E101,User {user} login successful
82981,2026-01-15,21:09:53,INFO,WebServer,Page view: /home by u4054,E103,Page view: {page} by {user}
82982,2026-01-15,21:38:18,INFO,WebServer,Health check passed: WebServer,E102,Health check passed: {service}
82983,2026-01-15,21:42:15,INFO,PaymentGateway,Page view: /home by u2049,E103,Page view: {page} by {user}
82984,2026-01-15,21:30:16,INFO,WebServer,Transaction tx483705 completed in 60ms,E104,Transaction {tx} completed in {time}ms
82985,2026-01-15,21:06:27,INFO,WebServer,User u3096 login successful,E101,User {user} login successful
82986,2026-01-15,21:40:16,INFO,WebServer,Transaction tx971641 completed in 716ms,E104,Transaction {tx} completed in {time}ms
82987,2026-01-15,21:19:43,INFO,AuthService,Health check passed: AuthService,E102,Health check passed: {service}
82988,2026-01-15,21:06:18,INFO,WebServer,User u1679 login successful,E101,User {user} login successful
82989,2026-01-15,21:53:24,INFO,OrderProcessor,Transaction tx453239 completed in 643ms,E104,Transaction {tx} completed in {time}ms
82990,2026-01-15,21:10:54,INFO,PaymentGateway,Transaction tx375556 completed in 182ms,E104,Transaction {tx} completed in {time}ms
82991,2026-01-15,21:25:25,INFO,InventoryDB,Health check passed: InventoryDB,E102,Health check passed: {service}
82992,2026-01-15,21:08:26,INFO,WebServer,Transaction tx633386 completed in 209ms,E104,Transaction {tx} completed in {time}ms
82993,2026-01-15,21:06:54,INFO,WebServer,Transaction tx361001 completed in 301ms,E104,Transaction {tx} completed in {time}ms
82994,2026-01-15,21:33:16,INFO,AuthService,User u2222 login successful,E101,User {user} login successful
82995,2026-01-15,21:15:37,INFO,WebServer,Page view: /home by u3766,E103,Page view: {page} by {user}
82996,2026-01-15,21:15:51,INFO,InventoryDB,User u2913 login successful,E101,User {user} login successful
82997,2026-01-15,21:56:44,INFO,PaymentGateway,User u2370 login successful,E101,User {user} login successful
82998,2026-01-15,21:09:21,INFO,WebServer,Transaction tx653446 completed in 592ms,E104,Transaction {tx} completed in {time}ms
82999,2026-01-15,21:33:36,INFO,AuthService,User u4964 login successful,E101,User {user} login successful
83000,2026-01-15,21:08:35,INFO,WebServer,Page view: /home by u4360,E103,Page view: {page} by {user}
83001,2026-01-15,21:51:19,INFO,WebServer,Transaction tx930050 completed in 148ms,E104,Transaction {tx} completed in {time}ms
83002,2026-01-15,21:50:18,INFO,InventoryDB,Transaction tx153114 completed in 276ms,E104,Transaction {tx} completed in {time}ms
83003,2026-01-15,21:20:59,WARN,InventoryDB,Unauthorized access attempt from 10.0.0.45,E401,Unauthorized access attempt from {ip}
83004,2026-01-15,21:09:28,WARN,InventoryDB,Disk usage > 85% on node node-2,E202,Disk usage > 85% on node {node}
83005,2026-01-15,21:36:46,INFO,WebServer,Health check passed: WebServer,E102,Health check passed: {service}
83006,2026-01-15,21:49:52,INFO,InventoryDB,Page view: /home by u2540,E103,Page view: {page} by {user}
83007,2026-01-15,21:49:37,INFO,AuthService,Health check passed: AuthService,E102,Health check passed: {service}
83008,2026-01-15,21:23:00,INFO,WebServer,Page view: /home by u1407,E103,Page view: {page} by {user}
83009,2026-01-15,21:00:38,INFO,WebServer,Page view: /home by u2967,E103,Page view: {page} by {user}
83010,2026-01-15,21:49:55,INFO,WebServer,Transaction tx300393 completed in 1766ms,E104,Transaction {tx} completed in {time}ms
83011,2026-01-15,21:59:59,INFO,WebServer,Transaction tx487574 completed in 1833ms,E104,Transaction {tx} completed in {time}ms
83012,2026-01-15,21:45:23,INFO,AuthService,Health check passed: AuthService,E102,Health check passed: {service}
83013,2026-01-15,21:36:06,WARN,WebServer,High latency (225ms) detected on WebServer,E201,High latency ({time}ms) detected on {service}
83014,2026-01-15,21:42:23,INFO,WebServer,User u2270 login successful,E101,User {user} login successful
83015,2026-01-15,21:46:19,INFO,OrderProcessor,Health check passed: OrderProcessor,E102,Health check passed: {service}
83016,2026-01-15,21:05:10,INFO,WebServer,Health check passed: WebServer,E102,Health check passed: {service}
83017,2026-01-15,21:36:47,WARN,AuthService,Disk usage > 85% on node node-5,E202,Disk usage > 85% on node {node}
83018,2026-01-15,21:25:12,ERROR,WebServer,Connection refused to WebServer at 10.0.0.45,E501,Connection refused to {service} at {ip}
83019,2026-01-15,21:24:28,INFO,WebServer,Transaction tx988855 completed in 1927ms,E104,Transaction {tx} completed in {time}ms
83020,2026-01-15,21:01:13,WARN,WebServer,High latency (1478ms) detected on WebServer,E201,High latency ({time}ms) detected on {service}
83021,2026-01-15,21:53:35,WARN,PaymentGateway,High latency (1752ms) detected on PaymentGateway,E201,High latency ({time}ms) detected on {service}
83022,2026-01-15,21:00:16,INFO,OrderProcessor,Page view: /home by u2882,E103,Page view: {page} by {user}
83023,2026-01-15,21:36:48,INFO,AuthService,Page view: /home by u2896,E103,Page view: {page} by {user}
83024,2026-01-15,21:27:57,INFO,WebServer,Transaction tx787405 completed in 480ms,E104,Transaction {tx} completed in {time}ms
83025,2026-01-15,21:37:16,INFO,OrderProcessor,Transaction tx484676 completed in 907ms,E104,Transaction {tx} completed in {time}ms
83026,2026-01-15,21:10:42,INFO,AuthService,Page view: /home by u3267,E103,Page view: {page} by {user}
83027,2026-01-15,21:44:57,INFO,InventoryDB,Transaction tx397849 completed in 1050ms,E104,Transaction {tx} completed in {time}ms
83028,2026-01-15,21:42:33,INFO,WebServer,User u3456 login successful,E101,User {user} login successful
83029,2026-01-15,21:22:51,INFO,AuthService,Transaction tx379543 completed in 1490ms,E104,Transaction {tx} completed in {time}ms
83030,2026-01-15,21:02:02,INFO,PaymentGateway,Transaction tx258307 completed in 1790ms,E104,Transaction {tx} completed in {time}ms
83031,2026-01-15,21:17:38,INFO,InventoryDB,User u3353 login successful,E101,User {user} login successful
83032,2026-01-15,21:25:29,INFO,WebServer,Transaction tx603212 completed in 740ms,E104,Transaction {tx} completed in {time}ms
83033,2026-01-15,21:51:26,INFO,WebServer,Page view: /home by u3681,E103,Page view: {page} by {user}
83034,2026-01-15,21:43:38,INFO,InventoryDB,Page view: /home by u3333,E103,Page view: {page} by {user}
83035,2026-01-15,21:15:52,INFO,WebServer,Transaction tx115866 completed in 1469ms,E104,Transaction {tx} completed in {time}ms
83036,2026-01-15,21:33:44,INFO,PaymentGateway,User u3122 login successful,E101,User {user} login successful
83037,2026-01-15,21:38:06,INFO,WebServer,Page view: /home by u1888,E103,Page view: {page} by {user}
83038,2026-01-15,21:16:18,INFO,WebServer,User u2856 login successful,E101,User {user} login successful
83039,2026-01-15,21:14:09,INFO,WebServer,User u3601 login successful,E101,User {user} login successful
83040,2026-01-15,21:20:29,INFO,WebServer,Health check passed: WebServer,E102,Health check passed: {service}
83041,2026-01-15,21:10:54,WARN,WebServer,Disk usage > 85% on node node-1,E202,Disk usage > 85% on node {node}
83042,2026-01-15,21:45:10,INFO,AuthService,Transaction tx355802 completed in 305ms,E104,Transaction {tx} completed in {time}ms
83043,2026-01-15,21:33:23,INFO,OrderProcessor,User u4563 login successful,E101,User {user} login successful
83044,2026-01-15,21:56:34,INFO,WebServer,User u4400 login successful,E101,User {user} login successful
83045,2026-01-15,22:02:38,INFO,AuthService,Health check passed: AuthService,E102,Health check passed: {service}
83046,2026-01-15,22:12:40,INFO,WebServer,Health check passed: WebServer,E102,Health check passed: {service}
83047,2026-01-15,22:00:54,INFO,WebServer,Transaction tx909909 completed in 1506ms,E104,Transaction {tx} completed in {time}ms
83048,2026-01-15,22:14:06,INFO,WebServer,Transaction tx497186 completed in 147ms,E104,Transaction {tx} completed in {time}ms
83049,2026-01-15,22:56:15,INFO,WebServer,Health check passed: WebServer,E102,Health check passed: {service}
83050,2026-01-15,22:35:54,INFO,AuthService,Page view: /home by u1617,E103,Page view: {page} by {user}
83051,2026-01-15,22:22:36,INFO,WebServer,Transaction tx575701 completed in 1816ms,E104,Transaction {tx} completed in {time}ms
83052,2026-01-15,22:12:41,INFO,AuthService,User u1122 login successful,E101,User {user} login successful
83053,2026-01-15,22:09:38,INFO,OrderProcessor,Transaction tx183078 completed in 608ms,E104,Transaction {tx} completed in {time}ms
83054,2026-01-15,22:23:14,INFO,WebServer,User u4012 login successful,E101,User {user} login successful
83055,2026-01-15,22:15:01,INFO,OrderProcessor,Health check passed: OrderProcessor,E102,Health check passed: {service}
83056,2026-01-15,22:23:01,INFO,WebServer,Health check passed: WebServer,E102,Health check passed: {service}
83057,2026-01-15,22:55:57,INFO,OrderProcessor,Transaction tx112932 completed in 762ms,E104,Transaction {tx} completed in {time}ms
83058,2026-01-15,22:14:53,INFO,InventoryDB,Page view: /home by u2176,E103,Page view: {page} by {user}
83059,2026-01-15,22:40:58,INFO,OrderProcessor,Page view: /home by u2344,E103,Page view: {page} by {user}
83060,2026-01-15,22:18:51,INFO,InventoryDB,Transaction tx103290 completed in 1710ms,E104,Transaction {tx} completed in {time}ms
83061,2026-01-15,22:27:04,INFO,WebServer,Health check passed: WebServer,E102,Health check passed: {service}
83062,2026-01-15,22:22:50,INFO,WebServer,User u3419 login successful,E101,User {user} login successful
83063,2026-01-15,22:36:15,INFO,OrderProcessor,Page view: /home by u1130,E103,Page view: {page} by {user}
83064,2026-01-15,22:19:14,INFO,PaymentGateway,Transaction tx688266 completed in 95ms,E104,Transaction {tx} completed in {time}ms
83065,2026-01-15,22:49:11,INFO,PaymentGateway,Page view: /home by u2521,E103,Page view: {page} by {user}
83066,2026-01-15,22:04:45,INFO,OrderProcessor,User u2820 login successful,E101,User {user} login successful
83067,2026-01-15,22:23:52,INFO,WebServer,Transaction tx742079 completed in 137ms,E104,Transaction {tx} completed in {time}ms
83068,2026-01-15,22:11:21,INFO,AuthService,Health check passed: AuthService,E102,Health check passed: {service}
83069,2026-01-15,22:16:33,INFO,PaymentGateway,Page view: /home by u1782,E103,Page view: {page} by {user}
83070,2026-01-15,22:38:44,INFO,AuthService,User u3877 login successful,E101,User {user} login successful
83071,2026-01-15,22:48:54,INFO,WebServer,Health check passed: WebServer,E102,Health check passed: {service}
83072,2026-01-15,22:13:43,INFO,WebServer,User u4066 login successful,E101,User {user} login successful
83073,2026-01-15,22:11:32,INFO,AuthService,Page view: /home by u1906,E103,Page view: {page} by {user}
83074,2026-01-15,22:30:56,INFO,AuthService,Transaction tx125400 completed in 1060ms,E104,Transaction {tx} completed in {time}ms
83075,2026-01-15,22:00:21,INFO,AuthService,Health check passed: AuthService,E102,Health check passed: {service}
83076,2026-01-15,22:28:21,INFO,OrderProcessor,Health check passed: OrderProcessor,E102,Health check passed: {service}
83077,2026-01-15,22:19:31,INFO,AuthService,Transaction tx374814 completed in 1787ms,E104,Transaction {tx} completed in {time}ms
83078,2026-01-15,22:45:22,INFO,WebServer,User u4126 login successful,E101,User {user} login successful
83079,2026-01-15,22:08:00,INFO,OrderProcessor,Transaction tx248567 completed in 869ms,E104,Transaction {tx} completed in {time}ms
83080,2026-01-15,22:42:36,WARN,WebServer,High latency (1507ms) detected on WebServer,E201,High latency ({time}ms) detected on {service}
83081,2026-01-15,22:54:09,INFO,AuthService,Transaction tx700972 completed in 302ms,E104,Transaction {tx} completed in {time}ms
83082,2026-01-15,22:34:49,WARN,AuthService,High latency (1328ms) detected on AuthService,E201,High latency ({time}ms) detected on {service}
83083,2026-01-15,22:05:50,INFO,PaymentGateway,Health check passed: PaymentGateway,E102,Health check passed: {service}
83084,2026-01-15,22:32:50,INFO,AuthService,User u2041 login successful,E101,User {user} login successful
83085,2026-01-15,22:30:43,INFO,WebServer,Page view: /home by u1655,E103,Page view: {page} by {user}
83086,2026-01-15,22:41:05,WARN,WebServer,Unauthorized access attempt from 10.0.0.45,E401,Unauthorized access attempt from {ip}
83087,2026-01-15,22:02:12,INFO,WebServer,User u1646 login successful,E101,User {user} login successful
83088,2026-01-15,22:09:05,INFO,WebServer,Page view: /home by u4203,E103,Page view: {page} by {user}
83089,2026-01-15,22:07:49,INFO,WebServer,Page view: /home by u2465,E103,Page view: {page} by {user}
83090,2026-01-15,22:04:14,INFO,WebServer,Transaction tx973491 completed in 1957ms,E104,Transaction {tx} completed in {time}ms
83091,2026-01-15,22:54:41,INFO,WebServer,User u2989 login successful,E101,User {user} login successful
83092,2026-01-15,22:34:16,INFO,AuthService,User u4162 login successful,E101,User {user} login successful
83093,2026-01-15,22:44:00,INFO,AuthService,Transaction tx369726 completed in 1761ms,E104,Transaction {tx} completed in {time}ms
83094,2026-01-15,22:18:22,WARN,PaymentGateway,High latency (1847ms) detected on PaymentGateway,E201,High latency ({time}ms) detected on {service}
83095,2026-01-15,22:53:24,INFO,WebServer,Page view: /home by u4012,E103,Page view: {page} by {user}
83096,2026-01-15,22:33:05,INFO,PaymentGateway,Transaction tx190384 completed in 315ms,E104,Transaction {tx} completed in {time}ms
83097,2026-01-15,22:49:50,INFO,WebServer,Page view: /home by u3622,E103,Page view: {page} by {user}
83098,2026-01-15,22:50:21,INFO,WebServer,Page view: /home by u4983,E103,Page view: {page} by {user}
83099,2026-01-15,22:27:16,INFO,AuthService,User u1526 login successful,E101,User {user} login successful
83100,2026-01-15,22:53:28,INFO,AuthService,User u3631 login successful,E101,User {user} login successful
83101,2026-01-15,22:05:49,INFO,AuthService,User u1116 login successful,E101,User {user} login successful
83102,2026-01-15,22:55:31,INFO,OrderProcessor,Transaction tx750425 completed in 1052ms,E104,Transaction {tx} completed in {time}ms
83103,2026-01-15,22:54:09,INFO,AuthService,Health check passed: AuthService,E102,Health check passed: {service}
83104,2026-01-15,22:23:38,INFO,OrderProcessor,Page view: /home by u1297,E103,Page view: {page} by {user}
83105,2026-01-15,22:35:51,INFO,AuthService,User u3334 login successful,E101,User {user} login successful
83106,2026-01-15,22:17:07,INFO,AuthService,Health check passed: AuthService,E102,Health check passed: {service}
83107,2026-01-15,22:13:38,INFO,WebServer,Health check passed: WebServer,E102,Health check passed: {service}
83108,2026-01-15,22:49:10,INFO,PaymentGateway,Page view: /home by u3296,E103,Page view: {page} by {user}
83109,2026-01-15,22:21:51,WARN,WebServer,Disk usage > 85% on node node-5,E202,Disk usage > 85% on node {node}
83110,2026-01-15,22:59:52,INFO,WebServer,Health check passed: WebServer,E102,Health check passed: {service}
83111,2026-01-15,22:21:08,INFO,AuthService,Health check passed: AuthService,E102,Health check passed: {service}
83112,2026-01-15,22:59:16,INFO,WebServer,Page view: /home by u2108,E103,Page view: {page} by {user}
83113,2026-01-15,22:27:06,INFO,WebServer,Transaction tx475226 completed in 1004ms,E104,Transaction {tx} completed in {time}ms
83114,2026-01-15,22:56:10,INFO,WebServer,Health check passed: WebServer,E102,Health check passed: {service}
83115,2026-01-15,22:13:50,INFO,WebServer,User u1254 login successful,E101,User {user} login successful
83116,2026-01-15,22:29:13,INFO,AuthService,Transaction tx332589 completed in 599ms,E104,Transaction {tx} completed in {time}ms
83117,2026-01-15,22:23:16,INFO,AuthService,User u3043 login successful,E101,User {user} login successful
83118,2026-01-15,22:51:42,INFO,WebServer,Health check passed: WebServer,E102,Health check passed: {service}
83119,2026-01-15,22:41:46,INFO,AuthService,Health check passed: AuthService,E102,Health check passed: {service}
83120,2026-01-15,22:57:44,INFO,PaymentGateway,Transaction tx815581 completed in 1061ms,E104,Transaction {tx} completed in {time}ms
83121,2026-01-15,22:38:45,INFO,PaymentGateway,Health check passed: PaymentGateway,E102,Health check passed: {service}
83122,2026-01-15,22:01:46,INFO,AuthService,Page view: /home by u3930,E103,Page view: {page} by {user}
83123,2026-01-15,22:56:20,INFO,WebServer,Health check passed: WebServer,E102,Health check passed: {service}
83124,2026-01-15,22:59:10,INFO,WebServer,User u2995 login successful,E101,User {user} login successful
83125,2026-01-15,22:04:25,INFO,WebServer,Page view: /home by u2809,E103,Page view: {page} by {user}
83126,2026-01-15,22:06:26,INFO,WebServer,User u4850 login successful,E101,User {user} login successful
83127,2026-01-15,22:19:14,INFO,WebServer,User u4621 login successful,E101,User {user} login successful
83128,2026-01-15,22:24:38,INFO,WebServer,Page view: /home by u4395,E103,Page view: {page} by {user}
83129,2026-01-15,22:44:41,INFO,WebServer,Page view: /home by u1632,E103,Page view: {page} by {user}
83130,2026-01-15,22:58:53,INFO,WebServer,User u3977 login successful,E101,User {user} login successful
83131,2026-01-15,22:13:20,INFO,WebServer,Health check passed: WebServer,E102,Health check passed: {service}
83132,2026-01-15,22:04:37,INFO,WebServer,Page view: /home by u2389,E103,Page view: {page} by {user}
83133,2026-01-15,22:13:57,INFO,WebServer,Transaction tx532950 completed in 571ms,E104,Transaction {tx} completed in {time}ms
83134,2026-01-15,22:25:19,WARN,InventoryDB,Unauthorized access attempt from 10.0.0.45,E401,Unauthorized access attempt from {ip}
83135,2026-01-15,22:06:22,INFO,OrderProcessor,User u1789 login successful,E101,User {user} login successful
83136,2026-01-15,22:25:55,INFO,WebServer,Transaction tx801709 completed in 1886ms,E104,Transaction {tx} completed in {time}ms
83137,2026-01-15,22:31:20,WARN,OrderProcessor,Disk usage > 85% on node node-4,E202,Disk usage > 85% on node {node}
83138,2026-01-15,22:51:54,INFO,WebServer,Health check passed: WebServer,E102,Health check passed: {service}
83139,2026-01-15,22:11:45,INFO,WebServer,Health check passed: WebServer,E102,Health check passed: {service}
83140,2026-01-15,22:09:10,INFO,InventoryDB,Health check passed: InventoryDB,E102,Health check passed: {service}
83141,2026-01-15,22:28:47,INFO,WebServer,Page view: /home by u2490,E103,Page view: {page} by {user}
83142,2026-01-15,22:45:46,INFO,WebServer,Transaction tx593409 completed in 1693ms,E104,Transaction {tx} completed in {time}ms
83143,2026-01-15,22:00:32,INFO,WebServer,Health check passed: WebServer,E102,Health check passed: {service}
83144,2026-01-15,22:55:48,INFO,WebServer,User u2434 login successful,E101,User {user} login successful
83145,2026-01-15,22:52:21,INFO,PaymentGateway,Page view: /home by u3419,E103,Page view: {page} by {user}
83146,2026-01-15,22:02:31,INFO,WebServer,Transaction tx808121 completed in 1245ms,E104,Transaction {tx} completed in {time}ms
83147,2026-01-15,22:17:43,INFO,OrderProcessor,Transaction tx856570 completed in 1536ms,E104,Transaction {tx} completed in {time}ms
83148,2026-01-15,22:36:32,WARN,AuthService,Unauthorized access attempt from 10.0.0.88,E401,Unauthorized access attempt from {ip}
83149,2026-01-15,22:08:22,INFO,AuthService,Transaction tx648644 completed in 1553ms,E104,Transaction {tx} completed in {time}ms
83150,2026-01-15,22:53:03,INFO,AuthService,Health check passed: AuthService,E102,Health check passed: {service}
83151,2026-01-15,22:07:43,INFO,PaymentGateway,Transaction tx146986 completed in 653ms,E104,Transaction {tx} completed in {time}ms
83152,2026-01-15,22:39:41,INFO,WebServer,Health check passed: WebServer,E102,Health check passed: {service}
83153,2026-01-15,22:35:28,INFO,AuthService,Health check passed: AuthService,E102,Health check passed: {service}
83154,2026-01-15,22:46:39,INFO,AuthService,User u3861 login successful,E101,User {user} login successful
83155,2026-01-15,22:58:42,INFO,WebServer,User u1379 login successful,E101,User {user} login successful
83156,2026-01-15,22:30:07,INFO,WebServer,Transaction tx356959 completed in 898ms,E104,Transaction {tx} completed in {time}ms
83157,2026-01-15,22:00:13,INFO,WebServer,Page view: /home by u3720,E103,Page view: {page} by {user}
83158,2026-01-15,22:36:16,INFO,WebServer,Health check passed: WebServer,E102,Health check passed: {service}
83159,2026-01-15,22:16:40,INFO,PaymentGateway,Health check passed: PaymentGateway,E102,Health check passed: {service}
83160,2026-01-15,22:39:21,INFO,WebServer,Page view: /home by u3517,E103,Page view: {page} by {user}
83161,2026-01-15,22:09:56,INFO,WebServer,Health check passed: WebServer,E102,Health check passed: {service}
83162,2026-01-15,22:40:57,INFO,WebServer,User u4089 login successful,E101,User {user} login successful
83163,2026-01-15,22:57:52,INFO,OrderProcessor,Health check passed: OrderProcessor,E102,Health check passed: {service}
83164,2026-01-15,22:51:51,WARN,WebServer,Disk usage > 85% on node node-2,E202,Disk usage > 85% on node {node}
83165,2026-01-15,22:10:03,INFO,PaymentGateway,Page view: /home by u4880,E103,Page view: {page} by {user}
83166,2026-01-15,22:16:47,ERROR,WebServer,Timeout waiting for lock on InventoryDB,E502,Timeout waiting for lock on {db}
83167,2026-01-15,22:45:58,INFO,AuthService,Page view: /home by u1572,E103,Page view: {page} by {user}
83168,2026-01-15,22:23:49,INFO,OrderProcessor,Transaction tx428504 completed in 740ms,E104,Transaction {tx} completed in {time}ms
83169,2026-01-15,22:50:57,INFO,InventoryDB,Transaction tx339251 completed in 826ms,E104,Transaction {tx} completed in {time}ms
83170,2026-01-15,22:50:57,WARN,WebServer,Unauthorized access attempt from 10.0.0.45,E401,Unauthorized access attempt from {ip}
83171,2026-01-15,22:52:06,INFO,WebServer,Transaction tx884014 completed in 1567ms,E104,Transaction {tx} completed in {time}ms
83172,2026-01-15,22:03:57,INFO,WebServer,Health check passed: WebServer,E102,Health check passed: {service}
83173,2026-01-15,22:56:56,INFO,PaymentGateway,Health check passed: PaymentGateway,E102,Health check passed: {service}
83174,2026-01-15,22:18:19,INFO,PaymentGateway,Transaction tx753223 completed in 990ms,E104,Transaction {tx} completed in {time}ms
83175,2026-01-15,22:06:15,INFO,AuthService,Page view: /home by u1130,E103,Page view: {page} by {user}
83176,2026-01-15,22:11:15,INFO,WebServer,User u4219 login successful,E101,User {user} login successful
83177,2026-01-15,22:06:31,WARN,WebServer,High latency (1656ms) detected on WebServer,E201,High latency ({time}ms) detected on {service}
83178,2026-01-15,22:07:38,INFO,WebServer,Transaction tx389850 completed in 89ms,E104,Transaction {tx} completed in {time}ms
83179,2026-01-15,22:10:03,INFO,WebServer,User u2959 login successful,E101,User {user} login successful
83180,2026-01-15,22:21:15,INFO,OrderProcessor,Health check passed: OrderProcessor,E102,Health check passed: {service}
83181,2026-01-15,22:31:39,INFO,WebServer,Health check passed: WebServer,E102,Health check passed: {service}
83182,2026-01-15,22:50:45,INFO,WebServer,Page view: /home by u4859,E103,Page view: {page} by {user}
83183,2026-01-15,22:21:10,INFO,WebServer,User u1363 login successful,E101,User {user} login successful
83184,2026-01-15,22:39:20,INFO,WebServer,Transaction tx809999 completed in 83ms,E104,Transaction {tx} completed in {time}ms
83185,2026-01-15,22:02:39,INFO,WebServer,Page view: /home by u2807,E103,Page view: {page} by {user}
83186,2026-01-15,22:47:38,WARN,WebServer,Unauthorized access attempt from 10.0.0.45,E401,Unauthorized access attempt from {ip}
83187,2026-01-15,22:35:11,INFO,WebServer,Transaction tx446211 completed in 661ms,E104,Transaction {tx} completed in {time}ms
83188,2026-01-15,22:21:04,INFO,WebServer,Page view: /home by u4099,E103,Page view: {page} by {user}
83189,2026-01-15,22:34:52,INFO,WebServer,Page view: /home by u2672,E103,Page view: {page} by {user}
83190,2026-01-15,22:49:09,CRITICAL,WebServer,KERNEL PANIC: Node node-4 crashed,E601,KERNEL PANIC: Node {node} crashed
83191,2026-01-15,22:23:46,INFO,WebServer,Health check passed: WebServer,E102,Health check passed: {service}
83192,2026-01-15,22:08:57,INFO,AuthService,Page view: /home by u2133,E103,Page view: {page} by {user}
83193,2026-01-15,22:50:46,INFO,InventoryDB,Page view: /home by u1349,E103,Page view: {page} by {user}
83194,2026-01-15,22:05:03,INFO,WebServer,Transaction tx237947 completed in 1486ms,E104,Transaction {tx} completed in {time}ms
83195,2026-01-15,22:45:59,INFO,InventoryDB,Page view: /home by u4313,E103,Page view: {page} by {user}
83196,2026-01-15,22:47:47,INFO,WebServer,Page view: /home by u1362,E103,Page view: {page} by {user}
83197,2026-01-15,22:45:05,INFO,WebServer,Page view: /home by u4914,E103,Page view: {page} by {user}
83198,2026-01-15,22:03:04,INFO,OrderProcessor,Transaction tx237374 completed in 122ms,E104,Transaction {tx} completed in {time}ms
83199,2026-01-15,22:32:49,INFO,WebServer,User u4744 login successful,E101,User {user} login successful
83200,2026-01-15,22:50:07,INFO,PaymentGateway,Page view: /home by u4510,E103,Page view: {page} by {user}
83201,2026-01-15,22:24:44,INFO,WebServer,Health check passed: WebServer,E102,Health check passed: {service}
83202,2026-01-15,22:49:46,INFO,OrderProcessor,User u3149 login successful,E101,User {user} login successful
83203,2026-01-15,22:35:05,INFO,WebServer,Transaction tx570166 completed in 1689ms,E104,Transaction {tx} completed in {time}ms
83204,2026-01-15,22:56:17,INFO,InventoryDB,User u3114 login successful,E101,User {user} login successful
83205,2026-01-15,22:17:37,INFO,WebServer,Page view: /home by u4852,E103,Page view: {page} by {user}
83206,2026-01-15,22:35:29,INFO,WebServer,User u1473 login successful,E101,User {user} login successful
83207,2026-01-15,22:21:54,INFO,PaymentGateway,Transaction tx632642 completed in 475ms,E104,Transaction {tx} completed in {time}ms
83208,2026-01-15,22:33:31,INFO,OrderProcessor,User u2180 login successful,E101,User {user} login successful
83209,2026-01-15,22:00:33,INFO,InventoryDB,Page view: /home by u4001,E103,Page view: {page} by {user}
83210,2026-01-15,22:23:24,INFO,WebServer,Page view: /home by u1291,E103,Page view: {page} by {user}
83211,2026-01-15,22:23:23,INFO,OrderProcessor,Page view: /home by u1386,E103,Page view: {page} by {user}
83212,2026-01-15,22:11:30,INFO,PaymentGateway,Health check passed: PaymentGateway,E102,Health check passed: {service}
83213,2026-01-15,22:01:05,INFO,WebServer,Transaction tx437699 completed in 363ms,E104,Transaction {tx} completed in {time}ms
83214,2026-01-15,22:31:04,INFO,AuthService,Health check passed: AuthService,E102,Health check passed: {service}
83215,2026-01-15,22:18:16,INFO,AuthService,Page view: /home by u2028,E103,Page view: {page} by {user}
83216,2026-01-15,22:54:31,WARN,WebServer,High latency (1589ms) detected on WebServer,E201,High latency ({time}ms) detected on {service}
83217,2026-01-15,22:37:18,INFO,AuthService,Page view: /home by u1060,E103,Page view: {page} by {user}
83218,2026-01-15,22:28:55,INFO,WebServer,Transaction tx975119 completed in 754ms,E104,Transaction {tx} completed in {time}ms
83219,2026-01-15,22:34:26,INFO,OrderProcessor,Page view: /home by u1924,E103,Page view: {page} by {user}
83220,2026-01-15,22:42:22,INFO,InventoryDB,Transaction tx542978 completed in 541ms,E104,Transaction {tx} completed in {time}ms
83221,2026-01-15,22:00:21,INFO,PaymentGateway,Transaction tx773903 completed in 1254ms,E104,Transaction {tx} completed in {time}ms
83222,2026-01-15,22:16:03,INFO,WebServer,Transaction tx843435 completed in 1291ms,E104,Transaction {tx} completed in {time}ms
83223,2026-01-15,22:38:13,INFO,AuthService,User u2302 login successful,E101,User {user} login successful
83224,2026-01-15,22:53:13,INFO,AuthService,Page view: /home by u3972,E103,Page view: {page} by {user}
83225,2026-01-15,22:33:55,INFO,AuthService,User u4569 login successful,E101,User {user} login successful
83226,2026-01-15,22:10:11,INFO,WebServer,User u4076 login successful,E101,User {user} login successful
83227,2026-01-15,22:50:28,INFO,WebServer,Page view: /home by u3145,E103,Page view: {page} by {user}
83228,2026-01-15,22:12:39,INFO,AuthService,User u1659 login successful,E101,User {user} login successful
83229,2026-01-15,22:52:53,INFO,WebServer,User u2807 login successful,E101,User {user} login successful
83230,2026-01-15,22:23:07,INFO,WebServer,User u3264 login successful,E101,User {user} login successful
83231,2026-01-15,22:37:58,INFO,WebServer,Page view: /home by u3864,E103,Page view: {page} by {user}
83232,2026-01-15,22:51:47,INFO,WebServer,User u3292 login successful,E101,User {user} login successful
83233,2026-01-15,22:07:21,INFO,WebServer,Page view: /home by u2387,E103,Page view: {page} by {user}
83234,2026-01-15,22:14:40,INFO,AuthService,Health check passed: AuthService,E102,Health check passed: {service}
83235,2026-01-15,22:26:06,INFO,OrderProcessor,User u2423 login successful,E101,User {user} login successful
83236,2026-01-15,22:53:40,INFO,OrderProcessor,Page view: /home by u1075,E103,Page view: {page} by {user}
83237,2026-01-15,22:25:17,INFO,WebServer,User u3963 login successful,E101,User {user} login successful
83238,2026-01-15,22:07:07,INFO,AuthService,Transaction tx891795 completed in 539ms,E104,Transaction {tx} completed in {time}ms
83239,2026-01-15,22:46:48,INFO,WebServer,User u2180 login successful,E101,User {user} login successful
83240,2026-01-15,22:18:48,INFO,OrderProcessor,User u2958 login successful,E101,User {user} login successful
83241,2026-01-15,22:06:03,INFO,WebServer,User u2390 login successful,E101,User {user} login successful
83242,2026-01-15,22:05:35,INFO,WebServer,Health check passed: WebServer,E102,Health check passed: {service}
83243,2026-01-15,22:53:18,INFO,WebServer,Page view: /home by u2266,E103,Page view: {page} by {user}
83244,2026-01-15,22:46:09,INFO,PaymentGateway,Transaction tx973066 completed in 1261ms,E104,Transaction {tx} completed in {time}ms
83245,2026-01-15,22:34:41,INFO,WebServer,Page view: /home by u1976,E103,Page view: {page} by {user}
83246,2026-01-15,22:18:37,INFO,WebServer,User u1038 login successful,E101,User {user} login successful
83247,2026-01-15,22:04:12,INFO,PaymentGateway,Transaction tx131905 completed in 1527ms,E104,Transaction {tx} completed in {time}ms
83248,2026-01-15,22:50:16,INFO,AuthService,Health check passed: AuthService,E102,Health check passed: {service}
83249,2026-01-15,22:50:53,INFO,WebServer,Transaction tx520197 completed in 1771ms,E104,Transaction {tx} completed in {time}ms
83250,2026-01-15,22:28:43,INFO,WebServer,Health check passed: WebServer,E102,Health check passed: {service}
83251,2026-01-15,22:06:00,ERROR,AuthService,Timeout waiting for lock on InventoryDB,E502,Timeout waiting for lock on {db}
83252,2026-01-15,22:36:38,INFO,OrderProcessor,Health check passed: OrderProcessor,E102,Health check passed: {service}
83253,2026-01-15,22:53:46,INFO,WebServer,Page view: /home by u3073,E103,Page view: {page} by {user}
83254,2026-01-15,22:41:25,INFO,WebServer,User u2510 login successful,E101,User {user} login successful
83255,2026-01-15,22:03:00,INFO,WebServer,Transaction tx819729 completed in 363ms,E104,Transaction {tx} completed in {time}ms
83256,2026-01-15,22:51:10,ERROR,OrderProcessor,Connection refused to OrderProcessor at 10.0.0.45,E501,Connection refused to {service} at {ip}
83257,2026-01-15,22:55:26,INFO,WebServer,Transaction tx471342 completed in 900ms,E104,Transaction {tx} completed in {time}ms
83258,2026-01-15,22:00:35,INFO,WebServer,Transaction tx741936 completed in 562ms,E104,Transaction {tx} completed in {time}ms
83259,2026-01-15,22:38:00,INFO,AuthService,Health check passed: AuthService,E102,Health check passed: {service}
83260,2026-01-15,22:51:59,INFO,WebServer,Page view: /home by u3354,E103,Page view: {page} by {user}
83261,2026-01-15,22:54:34,INFO,WebServer,Health check passed: WebServer,E102,Health check passed: {service}
83262,2026-01-15,22:16:38,INFO,PaymentGateway,User u1853 login successful,E101,User {user} login successful
83263,2026-01-15,22:43:07,INFO,AuthService,Page view: /home by u4513,E103,Page view: {page} by {user}
83264,2026-01-15,22:51:12,INFO,AuthService,User u1016 login successful,E101,User {user} login successful
83265,2026-01-15,22:14:33,INFO,WebServer,Page view: /home by u4472,E103,Page view: {page} by {user}
83266,2026-01-15,22:45:47,INFO,PaymentGateway,Health check passed: PaymentGateway,E102,Health check passed: {service}
83267,2026-01-15,22:47:39,INFO,WebServer,Health check passed: WebServer,E102,Health check passed: {service}
83268,2026-01-15,22:18:47,WARN,OrderProcessor,Unauthorized access attempt from 10.0.0.45,E401,Unauthorized access attempt from {ip}
83269,2026-01-15,22:16:16,INFO,WebServer,Transaction tx753579 completed in 273ms,E104,Transaction {tx} completed in {time}ms
83270,2026-01-15,22:09:59,INFO,PaymentGateway,Transaction tx500015 completed in 950ms,E104,Transaction {tx} completed in {time}ms
83271,2026-01-15,22:46:43,INFO,OrderProcessor,Transaction tx299152 completed in 607ms,E104,Transaction {tx} completed in {time}ms
83272,2026-01-15,22:44:26,INFO,PaymentGateway,Transaction tx227422 completed in 495ms,E104,Transaction {tx} completed in {time}ms
83273,2026-01-15,22:32:38,INFO,OrderProcessor,Transaction tx930588 completed in 973ms,E104,Transaction {tx} completed in {time}ms
83274,2026-01-15,22:47:38,INFO,WebServer,Page view: /home by u4365,E103,Page view: {page} by {user}
83275,2026-01-15,22:11:29,INFO,AuthService,Transaction tx964024 completed in 679ms,E104,Transaction {tx} completed in {time}ms
83276,2026-01-15,22:04:14,INFO,WebServer,Page view: /home by u1553,E103,Page view: {page} by {user}
83277,2026-01-15,22:25:00,INFO,WebServer,Transaction tx118279 completed in 341ms,E104,Transaction {tx} completed in {time}ms
83278,2026-01-15,22:41:02,INFO,WebServer,Page view: /home by u3226,E103,Page view: {page} by {user}
83279,2026-01-15,22:01:35,INFO,WebServer,Health check passed: WebServer,E102,Health check passed: {service}
83280,2026-01-15,22:21:40,INFO,WebServer,Transaction tx171113 completed in 399ms,E104,Transaction {tx} completed in {time}ms
83281,2026-01-15,22:37:56,INFO,WebServer,Page view: /home by u2596,E103,Page view: {page} by {user}
83282,2026-01-15,22:43:25,INFO,WebServer,Health check passed: WebServer,E102,Health check passed: {service}
83283,2026-01-15,23:18:17,INFO,WebServer,Transaction tx109230 completed in 811ms,E104,Transaction {tx} completed in {time}ms
83284,2026-01-15,23:15:05,INFO,AuthService,Transaction tx846392 completed in 359ms,E104,Transaction {tx} completed in {time}ms
83285,2026-01-15,23:35:14,INFO,AuthService,User u4945 login successful,E101,User {user} login successful
83286,2026-01-15,23:36:19,INFO,InventoryDB,Transaction tx164784 completed in 248ms,E104,Transaction {tx} completed in {time}ms
83287,2026-01-15,23:17:13,WARN,AuthService,High latency (431ms) detected on AuthService,E201,High latency ({time}ms) detected on {service}
83288,2026-01-15,23:25:37,WARN,PaymentGateway,High latency (1934ms) detected on PaymentGateway,E201,High latency ({time}ms) detected on {service}
83289,2026-01-15,23:24:51,INFO,WebServer,User u4220 login successful,E101,User {user} login successful
83290,2026-01-15,23:55:41,WARN,AuthService,Disk usage > 85% on node node-4,E202,Disk usage > 85% on node {node}
83291,2026-01-15,23:45:05,INFO,WebServer,Health check passed: WebServer,E102,Health check passed: {service}
83292,2026-01-15,23:29:41,INFO,PaymentGateway,Page view: /home by u4273,E103,Page view: {page} by {user}
83293,2026-01-15,23:50:22,WARN,InventoryDB,Disk usage > 85% on node node-1,E202,Disk usage > 85% on node {node}
83294,2026-01-15,23:39:48,INFO,PaymentGateway,Transaction tx919876 completed in 1442ms,E104,Transaction {tx} completed in {time}ms
83295,2026-01-15,23:28:05,INFO,AuthService,Page view: /home by u1602,E103,Page view: {page} by {user}
83296,2026-01-15,23:39:37,INFO,AuthService,Page view: /home by u4028,E103,Page view: {page} by {user}
83297,2026-01-15,23:57:05,INFO,WebServer,Page view: /home by u1212,E103,Page view: {page} by {user}
83298,2026-01-15,23:30:03,INFO,AuthService,Page view: /home by u2944,E103,Page view: {page} by {user}
83299,2026-01-15,23:44:05,INFO,OrderProcessor,Health check passed: OrderProcessor,E102,Health check passed: {service}
83300,2026-01-15,23:13:02,INFO,PaymentGateway,Health check passed: PaymentGateway,E102,Health check passed: {service}
83301,2026-01-15,23:14:24,WARN,WebServer,Unauthorized access attempt from 10.0.0.45,E401,Unauthorized access attempt from {ip}
83302,2026-01-15,23:48:25,INFO,WebServer,Transaction tx859621 completed in 1314ms,E104,Transaction {tx} completed in {time}ms
83303,2026-01-15,23:15:09,INFO,OrderProcessor,Health check passed: OrderProcessor,E102,Health check passed: {service}
83304,2026-01-15,23:14:01,INFO,WebServer,User u3649 login successful,E101,User {user} login successful
83305,2026-01-15,23:42:06,INFO,OrderProcessor,Health check passed: OrderProcessor,E102,Health check passed: {service}
83306,2026-01-15,23:08:29,INFO,WebServer,User u2459 login successful,E101,User {user} login successful
83307,2026-01-15,23:24:44,INFO,WebServer,Page view: /home by u3398,E103,Page view: {page} by {user}
83308,2026-01-15,23:09:55,INFO,WebServer,User u3279 login successful,E101,User {user} login successful
83309,2026-01-15,23:26:29,INFO,PaymentGateway,Health check passed: PaymentGateway,E102,Health check passed: {service}
83310,2026-01-15,23:55:11,INFO,WebServer,Page view: /home by u2304,E103,Page view: {page} by {user}
83311,2026-01-15,23:46:12,ERROR,OrderProcessor,Timeout waiting for lock on InventoryDB,E502,Timeout waiting for lock on {db}
83312,2026-01-15,23:50:23,INFO,WebServer,Transaction tx572051 completed in 376ms,E104,Transaction {tx} completed in {time}ms
83313,2026-01-15,23:11:52,INFO,WebServer,Page view: /home by u4133,E103,Page view: {page} by {user}
83314,2026-01-15,23:51:58,INFO,WebServer,Page view: /home by u3360,E103,Page view: {page} by {user}
83315,2026-01-15,23:44:47,INFO,AuthService,Transaction tx322102 completed in 766ms,E104,Transaction {tx} completed in {time}ms
83316,2026-01-15,23:31:38,INFO,WebServer,Transaction tx943379 completed in 1922ms,E104,Transaction {tx} completed in {time}ms
83317,2026-01-15,23:40:41,INFO,AuthService,User u4316 login successful,E101,User {user} login successful
83318,2026-01-15,23:16:46,INFO,PaymentGateway,Page view: /home by u3919,E103,Page view: {page} by {user}
83319,2026-01-15,23:08:57,INFO,WebServer,Transaction tx581232 completed in 1302ms,E104,Transaction {tx} completed in {time}ms
83320,2026-01-15,23:41:12,INFO,OrderProcessor,Health check passed: OrderProcessor,E102,Health check passed: {service}
83321,2026-01-15,23:26:57,INFO,WebServer,Health check passed: WebServer,E102,Health check passed: {service}
83322,2026-01-15,23:25:50,INFO,AuthService,Health check passed: AuthService,E102,Health check passed: {service}
83323,2026-01-15,23:13:42,INFO,AuthService,Page view: /home by u2503,E103,Page view: {page} by {user}
83324,2026-01-15,23:44:00,INFO,OrderProcessor,User u2984 login successful,E101,User {user} login successful
83325,2026-01-15,23:05:35,INFO,OrderProcessor,User u3696 login successful,E101,User {user} login successful
83326,2026-01-15,23:36:15,INFO,OrderProcessor,User u3329 login successful,E101,User {user} login successful
83327,2026-01-15,23:22:16,INFO,WebServer,User u2604 login successful,E101,User {user} login successful
83328,2026-01-15,23:07:17,INFO,OrderProcessor,User u4579 login successful,E101,User {user} login successful
83329,2026-01-15,23:21:11,INFO,PaymentGateway,Page view: /home by u2230,E103,Page view: {page} by {user}
83330,2026-01-15,23:51:19,INFO,AuthService,Health check passed: AuthService,E102,Health check passed: {service}
83331,2026-01-15,23:34:08,INFO,WebServer,Health check passed: WebServer,E102,Health check passed: {service}
83332,2026-01-15,23:11:34,INFO,AuthService,User u2218 login successful,E101,User {user} login successful
83333,2026-01-15,23:58:07,INFO,AuthService,Transaction tx742995 completed in 1458ms,E104,Transaction {tx} completed in {time}ms
83334,2026-01-15,23:42:10,INFO,InventoryDB,User u4099 login successful,E101,User {user} login successful
83335,2026-01-15,23:04:59,INFO,PaymentGateway,Page view: /home by u3839,E103,Page view: {page} by {user}
83336,2026-01-15,23:29:26,INFO,WebServer,User u3057 login successful,E101,User {user} login successful
83337,2026-01-15,23:39:47,INFO,AuthService,Health check passed: AuthService,E102,Health check passed: {service}
83338,2026-01-15,23:33:34,INFO,AuthService,Health check passed: AuthService,E102,Health check passed: {service}
83339,2026-01-15,23:02:25,INFO,WebServer,Page view: /home by u1359,E103,Page view: {page} by {user}
83340,2026-01-15,23:42:32,INFO,WebServer,Page view: /home by u1273,E103,Page view: {page} by {user}
83341,2026-01-15,23:58:37,INFO,AuthService,Page view: /home by u3941,E103,Page view: {page} by {user}
83342,2026-01-15,23:27:15,WARN,WebServer,High latency (1285ms) detected on WebServer,E201,High latency ({time}ms) detected on {service}
83343,2026-01-15,23:15:26,INFO,OrderProcessor,Page view: /home by u3687,E103,Page view: {page} by {user}
83344,2026-01-15,23:49:58,INFO,AuthService,User u3622 login successful,E101,User {user} login successful
83345,2026-01-15,23:30:30,INFO,WebServer,Transaction tx494887 completed in 1159ms,E104,Transaction {tx} completed in {time}ms
83346,2026-01-15,23:56:56,INFO,OrderProcessor,Transaction tx325880 completed in 352ms,E104,Transaction {tx} completed in {time}ms
83347,2026-01-15,23:07:32,INFO,WebServer,Health check passed: WebServer,E102,Health check passed: {service}
83348,2026-01-15,23:37:06,INFO,PaymentGateway,User u2667 login successful,E101,User {user} login successful
83349,2026-01-15,23:07:23,INFO,WebServer,Page view: /home by u2637,E103,Page view: {page} by {user}
83350,2026-01-15,23:55:46,INFO,WebServer,User u4687 login successful,E101,User {user} login successful
83351,2026-01-15,23:40:57,INFO,AuthService,Transaction tx641556 completed in 1353ms,E104,Transaction {tx} completed in {time}ms
83352,2026-01-15,23:13:14,INFO,PaymentGateway,Transaction tx297215 completed in 1346ms,E104,Transaction {tx} completed in {time}ms
83353,2026-01-15,23:00:10,INFO,WebServer,User u2018 login successful,E101,User {user} login successful
83354,2026-01-15,23:36:51,INFO,WebServer,Page view: /home by u4296,E103,Page view: {page} by {user}
83355,2026-01-15,23:50:55,INFO,WebServer,User u1363 login successful,E101,User {user} login successful
83356,2026-01-15,23:55:46,INFO,AuthService,Transaction tx668174 completed in 1147ms,E104,Transaction {tx} completed in {time}ms
83357,2026-01-15,23:46:33,INFO,WebServer,Health check passed: WebServer,E102,Health check passed: {service}
83358,2026-01-15,23:08:41,INFO,AuthService,User u4501 login successful,E101,User {user} login successful
83359,2026-01-15,23:58:26,INFO,WebServer,Page view: /home by u3640,E103,Page view: {page} by {user}
83360,2026-01-15,23:59:17,INFO,WebServer,User u2185 login successful,E101,User {user} login successful
83361,2026-01-15,23:40:19,ERROR,WebServer,Connection refused to WebServer at 10.0.0.12,E501,Connection refused to {service} at {ip}
83362,2026-01-15,23:05:54,INFO,WebServer,Transaction tx689025 completed in 1315ms,E104,Transaction {tx} completed in {time}ms
83363,2026-01-15,23:39:17,CRITICAL,InventoryDB,DATA CORRUPTION detected in sector 729,E602,DATA CORRUPTION detected in sector {sector}
83364,2026-01-15,23:32:57,INFO,InventoryDB,Health check passed: InventoryDB,E102,Health check passed: {service}
83365,2026-01-15,23:19:49,INFO,OrderProcessor,Transaction tx558619 completed in 1950ms,E104,Transaction {tx} completed in {time}ms
83366,2026-01-15,23:49:45,INFO,WebServer,Page view: /home by u4278,E103,Page view: {page} by {user}
83367,2026-01-15,23:29:18,INFO,AuthService,Page view: /home by u2944,E103,Page view: {page} by {user}
83368,2026-01-15,23:25:02,INFO,OrderProcessor,Transaction tx790236 completed in 263ms,E104,Transaction {tx} completed in {time}ms
83369,2026-01-15,23:37:57,INFO,AuthService,Health check passed: AuthService,E102,Health check passed: {service}
83370,2026-01-15,23:11:45,INFO,WebServer,Page view: /home by u1179,E103,Page view: {page} by {user}
83371,2026-01-15,23:40:54,INFO,WebServer,Health check passed: WebServer,E102,Health check passed: {service}
83372,2026-01-15,23:31:47,INFO,WebServer,Page view: /home by u4178,E103,Page view: {page} by {user}
83373,2026-01-15,23:48:25,INFO,InventoryDB,Transaction tx539297 completed in 1857ms,E104,Transaction {tx} completed in {time}ms
83374,2026-01-15,23:36:22,INFO,WebServer,Health check passed: WebServer,E102,Health check passed: {service}
83375,2026-01-15,23:57:37,INFO,WebServer,Health check passed: WebServer,E102,Health check passed: {service}
83376,2026-01-15,23:02:48,INFO,WebServer,Transaction tx340071 completed in 459ms,E104,Transaction {tx} completed in {time}ms
83377,2026-01-15,23:02:00,INFO,OrderProcessor,Transaction tx905013 completed in 521ms,E104,Transaction {tx} completed in {time}ms
83378,2026-01-15,23:05:07,INFO,InventoryDB,User u3153 login successful,E101,User {user} login successful
83379,2026-01-15,23:25:06,INFO,AuthService,Transaction tx776923 completed in 678ms,E104,Transaction {tx} completed in {time}ms
83380,2026-01-15,23:32:18,INFO,WebServer,Health check passed: WebServer,E102,Health check passed: {service}
83381,2026-01-15,23:21:05,INFO,WebServer,Health check passed: WebServer,E102,Health check passed: {service}
83382,2026-01-15,23:48:32,INFO,WebServer,Transaction tx638956 completed in 848ms,E104,Transaction {tx} completed in {time}ms
83383,2026-01-15,23:35:27,INFO,PaymentGateway,User u3975 login successful,E101,User {user} login successful
83384,2026-01-15,23:44:45,INFO,WebServer,Page view: /home by u4068,E103,Page view: {page} by {user}
83385,2026-01-15,23:23:13,INFO,PaymentGateway,Page view: /home by u1274,E103,Page view: {page} by {user}
83386,2026-01-15,23:26:58,INFO,WebServer,Health check passed: WebServer,E102,Health check passed: {service}
83387,2026-01-15,23:45:10,INFO,OrderProcessor,Page view: /home by u4850,E103,Page view: {page} by {user}
83388,2026-01-15,23:40:40,INFO,OrderProcessor,Health check passed: OrderProcessor,E102,Health check passed: {service}
83389,2026-01-15,23:54:25,INFO,AuthService,Transaction tx556858 completed in 1807ms,E104,Transaction {tx} completed in {time}ms
83390,2026-01-15,23:48:40,INFO,PaymentGateway,Transaction tx906261 completed in 1904ms,E104,Transaction {tx} completed in {time}ms
83391,2026-01-15,23:41:35,INFO,AuthService,Transaction tx893940 completed in 252ms,E104,Transaction {tx} completed in {time}ms
83392,2026-01-15,23:25:00,INFO,PaymentGateway,User u4246 login successful,E101,User {user} login successful
83393,2026-01-15,23:18:44,ERROR,WebServer,Timeout waiting for lock on InventoryDB,E502,Timeout waiting for lock on {db}
83394,2026-01-15,23:21:17,WARN,WebServer,Unauthorized access attempt from 10.0.0.88,E401,Unauthorized access attempt from {ip}
83395,2026-01-15,23:47:59,INFO,OrderProcessor,Transaction tx835332 completed in 1439ms,E104,Transaction {tx} completed in {time}ms
83396,2026-01-15,23:57:48,INFO,OrderProcessor,Page view: /home by u4925,E103,Page view: {page} by {user}
83397,2026-01-15,23:30:20,INFO,WebServer,Page view: /home by u4590,E103,Page view: {page} by {user}
83398,2026-01-15,23:55:51,INFO,PaymentGateway,Transaction tx842239 completed in 334ms,E104,Transaction {tx} completed in {time}ms
83399,2026-01-15,23:02:29,INFO,WebServer,User u3907 login successful,E101,User {user} login successful
83400,2026-01-15,23:32:11,INFO,OrderProcessor,Health check passed: OrderProcessor,E102,Health check passed: {service}
83401,2026-01-15,23:49:41,INFO,WebServer,Page view: /home by u2690,E103,Page view: {page} by {user}
83402,2026-01-15,23:03:30,INFO,PaymentGateway,User u3347 login successful,E101,User {user} login successful
83403,2026-01-15,23:57:17,INFO,AuthService,Health check passed: AuthService,E102,Health check passed: {service}
83404,2026-01-15,23:32:19,INFO,AuthService,User u1263 login successful,E101,User {user} login successful
83405,2026-01-15,23:40:08,INFO,WebServer,Page view: /home by u1717,E103,Page view: {page} by {user}
83406,2026-01-15,23:31:12,INFO,WebServer,Transaction tx977830 completed in 1303ms,E104,Transaction {tx} completed in {time}ms
83407,2026-01-15,23:04:40,INFO,PaymentGateway,Transaction tx665492 completed in 372ms,E104,Transaction {tx} completed in {time}ms
83408,2026-01-15,23:33:29,CRITICAL,WebServer,DATA CORRUPTION detected in sector 837,E602,DATA CORRUPTION detected in sector {sector}
83409,2026-01-15,23:43:14,INFO,AuthService,Health check passed: AuthService,E102,Health check passed: {service}
83410,2026-01-15,23:52:00,INFO,WebServer,Transaction tx206056 completed in 1625ms,E104,Transaction {tx} completed in {time}ms
83411,2026-01-15,23:30:00,INFO,WebServer,Transaction tx811351 completed in 571ms,E104,Transaction {tx} completed in {time}ms
83412,2026-01-15,23:44:55,INFO,WebServer,Transaction tx178677 completed in 613ms,E104,Transaction {tx} completed in {time}ms
83413,2026-01-15,23:21:17,INFO,WebServer,Health check passed: WebServer,E102,Health check passed: {service}
83414,2026-01-15,23:33:43,INFO,PaymentGateway,Page view: /home by u2194,E103,Page view: {page} by {user}
83415,2026-01-15,23:31:20,INFO,WebServer,User u1092 login successful,E101,User {user} login successful
83416,2026-01-15,23:08:56,INFO,AuthService,Transaction tx669380 completed in 1552ms,E104,Transaction {tx} completed in {time}ms
83417,2026-01-15,23:45:20,INFO,WebServer,Transaction tx251858 completed in 96ms,E104,Transaction {tx} completed in {time}ms
83418,2026-01-15,23:57:57,INFO,WebServer,User u1387 login successful,E101,User {user} login successful
83419,2026-01-15,23:19:22,INFO,AuthService,Page view: /home by u3710,E103,Page view: {page} by {user}
83420,2026-01-15,23:40:50,INFO,WebServer,User u2380 login successful,E101,User {user} login successful
83421,2026-01-15,23:04:49,INFO,AuthService,Health check passed: AuthService,E102,Health check passed: {service}
83422,2026-01-15,23:39:02,INFO,AuthService,User u4387 login successful,E101,User {user} login successful
83423,2026-01-15,23:29:13,INFO,AuthService,Health check passed: AuthService,E102,Health check passed: {service}
83424,2026-01-15,23:30:45,INFO,WebServer,Page view: /home by u2816,E103,Page view: {page} by {user}
83425,2026-01-15,23:12:11,INFO,OrderProcessor,Transaction tx171271 completed in 491ms,E104,Transaction {tx} completed in {time}ms
83426,2026-01-15,23:13:48,INFO,InventoryDB,User u4769 login successful,E101,User {user} login successful
83427,2026-01-15,23:45:50,WARN,InventoryDB,Unauthorized access attempt from 10.0.0.45,E401,Unauthorized access attempt from {ip}
83428,2026-01-15,23:00:31,INFO,OrderProcessor,Health check passed: OrderProcessor,E102,Health check passed: {service}
83429,2026-01-15,23:30:36,WARN,WebServer,High latency (1321ms) detected on WebServer,E201,High latency ({time}ms) detected on {service}
83430,2026-01-15,23:10:25,INFO,WebServer,Health check passed: WebServer,E102,Health check passed: {service}
83431,2026-01-15,23:53:26,INFO,AuthService,Transaction tx178170 completed in 48ms,E104,Transaction {tx} completed in {time}ms
83432,2026-01-15,23:49:41,WARN,WebServer,Disk usage > 85% on node node-2,E202,Disk usage > 85% on node {node}
83433,2026-01-15,23:09:44,INFO,InventoryDB,Health check passed: InventoryDB,E102,Health check passed: {service}
83434,2026-01-15,23:02:50,INFO,PaymentGateway,Health check passed: PaymentGateway,E102,Health check passed: {service}
83435,2026-01-15,23:40:49,INFO,WebServer,Health check passed: WebServer,E102,Health check passed: {service}
83436,2026-01-15,23:21:03,INFO,WebServer,Transaction tx103000 completed in 1153ms,E104,Transaction {tx} completed in {time}ms
83437,2026-01-15,23:30:26,INFO,WebServer,Page view: /home by u3495,E103,Page view: {page} by {user}
83438,2026-01-15,23:53:37,INFO,OrderProcessor,Health check passed: OrderProcessor,E102,Health check passed: {service}
83439,2026-01-15,23:12:20,INFO,OrderProcessor,Transaction tx828342 completed in 631ms,E104,Transaction {tx} completed in {time}ms
83440,2026-01-15,23:05:21,INFO,OrderProcessor,Health check passed: OrderProcessor,E102,Health check passed: {service}
83441,2026-01-15,23:13:07,INFO,WebServer,Health check passed: WebServer,E102,Health check passed: {service}
83442,2026-01-15,23:27:38,INFO,InventoryDB,Health check passed: InventoryDB,E102,Health check passed: {service}
83443,2026-01-15,23:58:58,INFO,WebServer,Transaction tx362356 completed in 1851ms,E104,Transaction {tx} completed in {time}ms
83444,2026-01-15,23:28:01,INFO,WebServer,Transaction tx714363 completed in 1807ms,E104,Transaction {tx} completed in {time}ms
83445,2026-01-15,23:34:19,INFO,WebServer,Page view: /home by u4901,E103,Page view: {page} by {user}
83446,2026-01-15,23:28:55,ERROR,InventoryDB,Payment declined: Gateway unavailable,E503,Payment declined: Gateway unavailable
83447,2026-01-15,23:15:13,WARN,PaymentGateway,Disk usage > 85% on node node-5,E202,Disk usage > 85% on node {node}
83448,2026-01-15,23:27:23,INFO,AuthService,Health check passed: AuthService,E102,Health check passed: {service}
83449,2026-01-15,23:24:44,INFO,WebServer,Health check passed: WebServer,E102,Health check passed: {service}
83450,2026-01-15,23:32:01,INFO,AuthService,User u4866 login successful,E101,User {user} login successful
83451,2026-01-15,23:42:37,INFO,PaymentGateway,Health check passed: PaymentGateway,E102,Health check passed: {service}
83452,2026-01-15,23:24:28,INFO,WebServer,Page view: /home by u2785,E103,Page view: {page} by {user}
83453,2026-01-15,23:30:32,INFO,WebServer,Health check passed: WebServer,E102,Health check passed: {service}
83454,2026-01-15,23:17:41,INFO,OrderProcessor,Health check passed: OrderProcessor,E102,Health check passed: {service}
83455,2026-01-15,23:52:34,INFO,PaymentGateway,Transaction tx790466 completed in 1756ms,E104,Transaction {tx} completed in {time}ms
83456,2026-01-15,23:11:13,INFO,WebServer,Transaction tx540746 completed in 399ms,E104,Transaction {tx} completed in {time}ms
83457,2026-01-15,23:38:14,INFO,WebServer,Health check passed: WebServer,E102,Health check passed: {service}
83458,2026-01-15,23:13:36,INFO,OrderProcessor,Health check passed: OrderProcessor,E102,Health check passed: {service}
83459,2026-01-15,23:54:34,INFO,WebServer,Transaction tx951028 completed in 1171ms,E104,Transaction {tx} completed in {time}ms
83460,2026-01-15,23:01:41,INFO,OrderProcessor,User u1330 login successful,E101,User {user} login successful
83461,2026-01-15,23:54:09,INFO,OrderProcessor,User u3819 login successful,E101,User {user} login successful
83462,2026-01-15,23:34:16,INFO,AuthService,Page view: /home by u2434,E103,Page view: {page} by {user}
83463,2026-01-15,23:26:51,INFO,AuthService,User u2268 login successful,E101,User {user} login successful
83464,2026-01-15,23:36:39,INFO,AuthService,Transaction tx618182 completed in 197ms,E104,Transaction {tx} completed in {time}ms
83465,2026-01-15,23:02:04,INFO,AuthService,Health check passed: AuthService,E102,Health check passed: {service}
83466,2026-01-15,23:12:34,WARN,PaymentGateway,Disk usage > 85% on node node-1,E202,Disk usage > 85% on node {node}
83467,2026-01-15,23:55:38,INFO,PaymentGateway,Transaction tx981281 completed in 1352ms,E104,Transaction {tx} completed in {time}ms
83468,2026-01-15,23:06:35,INFO,WebServer,Health check passed: WebServer,E102,Health check passed: {service}
83469,2026-01-15,23:40:21,INFO,AuthService,Health check passed: AuthService,E102,Health check passed: {service}
83470,2026-01-15,23:23:41,INFO,OrderProcessor,Transaction tx605060 completed in 1284ms,E104,Transaction {tx} completed in {time}ms
83471,2026-01-15,23:42:40,WARN,OrderProcessor,Disk usage > 85% on node node-5,E202,Disk usage > 85% on node {node}
83472,2026-01-15,23:56:53,INFO,OrderProcessor,User u4160 login successful,E101,User {user} login successful
83473,2026-01-15,23:09:40,INFO,WebServer,Health check passed: WebServer,E102,Health check passed: {service}
83474,2026-01-15,23:22:21,INFO,WebServer,User u1282 login successful,E101,User {user} login successful
83475,2026-01-15,23:05:25,INFO,WebServer,User u2382 login successful,E101,User {user} login successful
83476,2026-01-15,23:59:38,INFO,OrderProcessor,Page view: /home by u1957,E103,Page view: {page} by {user}
83477,2026-01-15,23:55:04,INFO,WebServer,Page view: /home by u2572,E103,Page view: {page} by {user}
83478,2026-01-15,23:08:54,INFO,AuthService,Transaction tx690538 completed in 1471ms,E104,Transaction {tx} completed in {time}ms
83479,2026-01-15,23:35:31,INFO,WebServer,Health check passed: WebServer,E102,Health check passed: {service}
83480,2026-01-15,23:32:38,INFO,WebServer,User u2533 login successful,E101,User {user} login successful
83481,2026-01-15,23:54:00,INFO,OrderProcessor,User u3571 login successful,E101,User {user} login successful
83482,2026-01-15,23:07:39,INFO,WebServer,Page view: /home by u4805,E103,Page view: {page} by {user}
83483,2026-01-15,23:05:21,INFO,PaymentGateway,Health check passed: PaymentGateway,E102,Health check passed: {service}
83484,2026-01-15,23:15:14,INFO,AuthService,Page view: /home by u2232,E103,Page view: {page} by {user}
83485,2026-01-15,23:46:29,INFO,WebServer,Health check passed: WebServer,E102,Health check passed: {service}
83486,2026-01-15,23:40:21,INFO,OrderProcessor,Transaction tx350903 completed in 539ms,E104,Transaction {tx} completed in {time}ms
83487,2026-01-15,23:43:28,INFO,OrderProcessor,Page view: /home by u1777,E103,Page view: {page} by {user}
83488,2026-01-15,23:33:52,WARN,OrderProcessor,Unauthorized access attempt from 10.0.0.12,E401,Unauthorized access attempt from {ip}
83489,2026-01-15,23:24:38,INFO,WebServer,Transaction tx115532 completed in 1641ms,E104,Transaction {tx} completed in {time}ms
83490,2026-01-15,23:32:06,INFO,PaymentGateway,Page view: /home by u2308,E103,Page view: {page} by {user}
83491,2026-01-15,23:29:26,INFO,InventoryDB,Transaction tx577915 completed in 1020ms,E104,Transaction {tx} completed in {time}ms
83492,2026-01-15,23:31:23,INFO,InventoryDB,Health check passed: InventoryDB,E102,Health check passed: {service}
83493,2026-01-15,23:54:20,INFO,WebServer,Page view: /home by u4417,E103,Page view: {page} by {user}
83494,2026-01-15,23:55:44,INFO,WebServer,User u2301 login successful,E101,User {user} login successful
83495,2026-01-15,23:53:23,INFO,WebServer,Health check passed: WebServer,E102,Health check passed: {service}
83496,2026-01-15,23:29:49,INFO,WebServer,Transaction tx790878 completed in 985ms,E104,Transaction {tx} completed in {time}ms
83497,2026-01-15,23:46:54,INFO,OrderProcessor,Page view: /home by u3465,E103,Page view: {page} by {user}
83498,2026-01-15,23:34:02,INFO,InventoryDB,Page view: /home by u2066,E103,Page view: {page} by {user}
83499,2026-01-15,23:17:45,INFO,WebServer,Page view: /home by u3746,E103,Page view: {page} by {user}
83500,2026-01-15,23:13:34,INFO,WebServer,Page view: /home by u3592,E103,Page view: {page} by {user}
83501,2026-01-15,23:15:43,ERROR,WebServer,Timeout waiting for lock on InventoryDB,E502,Timeout waiting for lock on {db}
83502,2026-01-15,23:34:53,INFO,OrderProcessor,Page view: /home by u4071,E103,Page view: {page} by {user}
83503,2026-01-15,23:15:07,INFO,AuthService,Health check passed: AuthService,E102,Health check passed: {service}
83504,2026-01-15,23:45:18,ERROR,WebServer,Timeout waiting for lock on InventoryDB,E502,Timeout waiting for lock on {db}
83505,2026-01-15,23:50:29,INFO,AuthService,User u4831 login successful,E101,User {user} login successful
83506,2026-01-15,23:39:17,INFO,WebServer,User u2797 login successful,E101,User {user} login successful
83507,2026-01-15,23:42:07,INFO,WebServer,Health check passed: WebServer,E102,Health check passed: {service}
83508,2026-01-15,23:25:36,INFO,WebServer,Health check passed: WebServer,E102,Health check passed: {service}
83509,2026-01-15,23:44:25,INFO,WebServer,Health check passed: WebServer,E102,Health check passed: {service}
83510,2026-01-15,23:17:51,INFO,WebServer,Health check passed: WebServer,E102,Health check passed: {service}
83511,2026-01-15,23:31:14,INFO,OrderProcessor,User u2996 login successful,E101,User {user} login successful
83512,2026-01-15,23:35:44,INFO,OrderProcessor,Page view: /home by u3165,E103,Page view: {page} by {user}
83513,2026-01-15,23:01:08,ERROR,InventoryDB,Timeout waiting for lock on InventoryDB,E502,Timeout waiting for lock on {db}
83514,2026-01-15,23:20:13,INFO,PaymentGateway,Page view: /home by u3022,E103,Page view: {page} by {user}
83515,2026-01-15,23:50:48,INFO,WebServer,User u2641 login successful,E101,User {user} login successful
83516,2026-01-15,23:18:28,INFO,WebServer,Page view: /home by u1674,E103,Page view: {page} by {user}
83517,2026-01-15,23:57:13,INFO,InventoryDB,User u2871 login successful,E101,User {user} login successful
83518,2026-01-15,23:44:20,WARN,WebServer,Unauthorized access attempt from 10.0.0.45,E401,Unauthorized access attempt from {ip}
83519,2026-01-15,23:57:48,INFO,WebServer,User u3259 login successful,E101,User {user} login successful
83520,2026-01-15,23:47:12,INFO,WebServer,Health check passed: WebServer,E102,Health check passed: {service}
83521,2026-01-16,00:00:10,INFO,OrderProcessor,User u1794 login successful,E101,User {user} login successful
83522,2026-01-16,00:36:26,INFO,OrderProcessor,Page view: /home by u4198,E103,Page view: {page} by {user}
83523,2026-01-16,00:53:01,WARN,WebServer,High latency (355ms) detected on WebServer,E201,High latency ({time}ms) detected on {service}
83524,2026-01-16,00:39:31,INFO,WebServer,User u1914 login successful,E101,User {user} login successful
83525,2026-01-16,00:18:17,INFO,WebServer,Page view: /home by u1821,E103,Page view: {page} by {user}
83526,2026-01-16,00:52:27,INFO,PaymentGateway,Transaction tx425158 completed in 1456ms,E104,Transaction {tx} completed in {time}ms
83527,2026-01-16,00:22:39,INFO,WebServer,Transaction tx979113 completed in 1308ms,E104,Transaction {tx} completed in {time}ms
83528,2026-01-16,00:13:41,WARN,WebServer,Disk usage > 85% on node node-1,E202,Disk usage > 85% on node {node}
83529,2026-01-16,00:35:11,INFO,AuthService,Health check passed: AuthService,E102,Health check passed: {service}
83530,2026-01-16,00:15:56,INFO,WebServer,Transaction tx695010 completed in 1298ms,E104,Transaction {tx} completed in {time}ms
83531,2026-01-16,00:55:35,INFO,WebServer,Page view: /home by u1088,E103,Page view: {page} by {user}
83532,2026-01-16,00:10:32,INFO,OrderProcessor,Transaction tx445858 completed in 103ms,E104,Transaction {tx} completed in {time}ms
83533,2026-01-16,00:03:01,INFO,InventoryDB,Page view: /home by u2320,E103,Page view: {page} by {user}
83534,2026-01-16,00:04:08,ERROR,WebServer,Timeout waiting for lock on InventoryDB,E502,Timeout waiting for lock on {db}
83535,2026-01-16,00:43:16,INFO,AuthService,Transaction tx298629 completed in 1308ms,E104,Transaction {tx} completed in {time}ms
83536,2026-01-16,00:12:24,INFO,PaymentGateway,Health check passed: PaymentGateway,E102,Health check passed: {service}
83537,2026-01-16,00:50:37,INFO,PaymentGateway,Page view: /home by u1769,E103,Page view: {page} by {user}
83538,2026-01-16,00:16:05,INFO,WebServer,User u4926 login successful,E101,User {user} login successful
83539,2026-01-16,00:52:00,INFO,WebServer,Health check passed: WebServer,E102,Health check passed: {service}
83540,2026-01-16,00:30:35,CRITICAL,InventoryDB,DATA CORRUPTION detected in sector 464,E602,DATA CORRUPTION detected in sector {sector}
83541,2026-01-16,00:25:35,INFO,WebServer,Page view: /home by u3082,E103,Page view: {page} by {user}
83542,2026-01-16,00:20:41,INFO,OrderProcessor,Page view: /home by u3142,E103,Page view: {page} by {user}
83543,2026-01-16,00:42:04,INFO,WebServer,Health check passed: WebServer,E102,Health check passed: {service}
83544,2026-01-16,00:53:35,INFO,AuthService,Transaction tx845011 completed in 678ms,E104,Transaction {tx} completed in {time}ms
83545,2026-01-16,00:22:14,INFO,AuthService,Page view: /home by u3499,E103,Page view: {page} by {user}
83546,2026-01-16,00:16:05,INFO,WebServer,Transaction tx524506 completed in 541ms,E104,Transaction {tx} completed in {time}ms
83547,2026-01-16,00:34:04,WARN,WebServer,Unauthorized access attempt from 10.0.0.12,E401,Unauthorized access attempt from {ip}
83548,2026-01-16,00:18:36,INFO,WebServer,Transaction tx368979 completed in 325ms,E104,Transaction {tx} completed in {time}ms
83549,2026-01-16,00:41:03,INFO,PaymentGateway,Page view: /home by u2653,E103,Page view: {page} by {user}
83550,2026-01-16,00:42:53,INFO,PaymentGateway,Page view: /home by u1048,E103,Page view: {page} by {user}
83551,2026-01-16,00:04:05,INFO,WebServer,User u4094 login successful,E101,User {user} login successful
83552,2026-01-16,00:20:22,INFO,PaymentGateway,Page view: /home by u1764,E103,Page view: {page} by {user}
83553,2026-01-16,00:42:34,INFO,WebServer,Health check passed: WebServer,E102,Health check passed: {service}
83554,2026-01-16,00:22:07,INFO,WebServer,Page view: /home by u1206,E103,Page view: {page} by {user}
83555,2026-01-16,00:50:38,INFO,WebServer,Transaction tx693755 completed in 567ms,E104,Transaction {tx} completed in {time}ms
83556,2026-01-16,00:30:01,INFO,WebServer,User u1009 login successful,E101,User {user} login successful
83557,2026-01-16,00:07:47,INFO,InventoryDB,Health check passed: InventoryDB,E102,Health check passed: {service}
83558,2026-01-16,00:41:10,INFO,AuthService,User u4106 login successful,E101,User {user} login successful
83559,2026-01-16,00:32:26,INFO,WebServer,Page view: /home by u1080,E103,Page view: {page} by {user}
83560,2026-01-16,00:26:57,INFO,InventoryDB,Health check passed: InventoryDB,E102,Health check passed: {service}
83561,2026-01-16,00:53:00,INFO,OrderProcessor,Transaction tx165181 completed in 1984ms,E104,Transaction {tx} completed in {time}ms
83562,2026-01-16,00:38:33,WARN,PaymentGateway,Disk usage > 85% on node node-5,E202,Disk usage > 85% on node {node}
83563,2026-01-16,00:05:44,INFO,WebServer,Page view: /home by u2517,E103,Page view: {page} by {user}
83564,2026-01-16,00:35:15,INFO,WebServer,User u3632 login successful,E101,User {user} login successful
83565,2026-01-16,00:08:10,INFO,WebServer,Page view: /home by u3187,E103,Page view: {page} by {user}
83566,2026-01-16,00:20:56,INFO,WebServer,Health check passed: WebServer,E102,Health check passed: {service}
83567,2026-01-16,00:14:23,INFO,AuthService,Page view: /home by u2521,E103,Page view: {page} by {user}
83568,2026-01-16,00:04:06,WARN,WebServer,High latency (529ms) detected on WebServer,E201,High latency ({time}ms) detected on {service}
83569,2026-01-16,00:45:29,INFO,WebServer,Health check passed: WebServer,E102,Health check passed: {service}
83570,2026-01-16,00:34:36,INFO,AuthService,User u2276 login successful,E101,User {user} login successful
83571,2026-01-16,00:37:40,WARN,OrderProcessor,Unauthorized access attempt from 10.0.0.45,E401,Unauthorized access attempt from {ip}
83572,2026-01-16,00:07:04,INFO,PaymentGateway,Health check passed: PaymentGateway,E102,Health check passed: {service}
83573,2026-01-16,00:31:29,WARN,WebServer,Unauthorized access attempt from 10.0.0.10,E401,Unauthorized access attempt from {ip}
83574,2026-01-16,00:57:31,INFO,WebServer,Health check passed: WebServer,E102,Health check passed: {service}
83575,2026-01-16,00:00:10,INFO,WebServer,Page view: /home by u4525,E103,Page view: {page} by {user}
83576,2026-01-16,00:40:03,INFO,OrderProcessor,Transaction tx975879 completed in 1449ms,E104,Transaction {tx} completed in {time}ms
83577,2026-01-16,00:30:50,INFO,WebServer,Transaction tx692453 completed in 1915ms,E104,Transaction {tx} completed in {time}ms
83578,2026-01-16,00:09:45,INFO,WebServer,User u1154 login successful,E101,User {user} login successful
83579,2026-01-16,00:25:51,INFO,WebServer,Page view: /home by u1775,E103,Page view: {page} by {user}
83580,2026-01-16,01:13:04,INFO,WebServer,Health check passed: WebServer,E102,Health check passed: {service}
83581,2026-01-16,01:53:15,WARN,OrderProcessor,Disk usage > 85% on node node-1,E202,Disk usage > 85% on node {node}
83582,2026-01-16,01:07:37,INFO,PaymentGateway,Health check passed: PaymentGateway,E102,Health check passed: {service}
83583,2026-01-16,01:24:32,INFO,AuthService,User u1468 login successful,E101,User {user} login successful
83584,2026-01-16,01:54:08,INFO,InventoryDB,User u1304 login successful,E101,User {user} login successful
83585,2026-01-16,01:23:00,ERROR,InventoryDB,Connection refused to InventoryDB at 10.0.0.12,E501,Connection refused to {service} at {ip}
83586,2026-01-16,01:39:07,INFO,AuthService,User u3073 login successful,E101,User {user} login successful
83587,2026-01-16,01:17:16,INFO,AuthService,User u2159 login successful,E101,User {user} login successful
83588,2026-01-16,01:20:21,INFO,WebServer,Transaction tx529712 completed in 986ms,E104,Transaction {tx} completed in {time}ms
83589,2026-01-16,01:12:22,INFO,WebServer,Page view: /home by u1381,E103,Page view: {page} by {user}
83590,2026-01-16,01:06:30,INFO,OrderProcessor,User u2789 login successful,E101,User {user} login successful
83591,2026-01-16,01:21:08,INFO,AuthService,Health check passed: AuthService,E102,Health check passed: {service}
83592,2026-01-16,01:01:56,INFO,AuthService,Health check passed: AuthService,E102,Health check passed: {service}
83593,2026-01-16,01:06:04,INFO,AuthService,User u4873 login successful,E101,User {user} login successful
83594,2026-01-16,01:38:31,INFO,WebServer,Health check passed: WebServer,E102,Health check passed: {service}
83595,2026-01-16,01:10:34,INFO,AuthService,User u3849 login successful,E101,User {user} login successful
83596,2026-01-16,01:21:48,INFO,InventoryDB,User u1601 login successful,E101,User {user} login successful
83597,2026-01-16,01:24:32,INFO,WebServer,Transaction tx505547 completed in 1637ms,E104,Transaction {tx} completed in {time}ms
83598,2026-01-16,01:06:32,INFO,WebServer,User u2996 login successful,E101,User {user} login successful
83599,2026-01-16,01:09:10,INFO,WebServer,Transaction tx387083 completed in 1038ms,E104,Transaction {tx} completed in {time}ms
83600,2026-01-16,01:55:15,INFO,InventoryDB,Page view: /home by u3285,E103,Page view: {page} by {user}
83601,2026-01-16,01:21:01,INFO,WebServer,User u1254 login successful,E101,User {user} login successful
83602,2026-01-16,01:17:30,INFO,WebServer,Page view: /home by u1469,E103,Page view: {page} by {user}
83603,2026-01-16,01:36:48,INFO,OrderProcessor,Health check passed: OrderProcessor,E102,Health check passed: {service}
83604,2026-01-16,01:30:57,CRITICAL,WebServer,KERNEL PANIC: Node node-5 crashed,E601,KERNEL PANIC: Node {node} crashed
83605,2026-01-16,01:24:46,INFO,PaymentGateway,Page view: /home by u4106,E103,Page view: {page} by {user}
83606,2026-01-16,01:01:14,INFO,OrderProcessor,Transaction tx251372 completed in 411ms,E104,Transaction {tx} completed in {time}ms
83607,2026-01-16,01:41:53,INFO,WebServer,Transaction tx980885 completed in 1166ms,E104,Transaction {tx} completed in {time}ms
83608,2026-01-16,01:34:30,INFO,PaymentGateway,User u2330 login successful,E101,User {user} login successful
83609,2026-01-16,01:20:26,INFO,WebServer,Transaction tx149061 completed in 1656ms,E104,Transaction {tx} completed in {time}ms
83610,2026-01-16,01:21:57,INFO,InventoryDB,Page view: /home by u4425,E103,Page view: {page} by {user}
83611,2026-01-16,01:22:09,WARN,WebServer,Unauthorized access attempt from 10.0.0.45,E401,Unauthorized access attempt from {ip}
83612,2026-01-16,01:33:27,INFO,WebServer,Transaction tx596363 completed in 1704ms,E104,Transaction {tx} completed in {time}ms
83613,2026-01-16,01:46:32,INFO,WebServer,Health check passed: WebServer,E102,Health check passed: {service}
83614,2026-01-16,01:39:09,INFO,AuthService,Page view: /home by u2763,E103,Page view: {page} by {user}
83615,2026-01-16,01:32:00,INFO,PaymentGateway,Transaction tx179656 completed in 1944ms,E104,Transaction {tx} completed in {time}ms
83616,2026-01-16,01:44:40,CRITICAL,WebServer,KERNEL PANIC: Node node-3 crashed,E601,KERNEL PANIC: Node {node} crashed
83617,2026-01-16,01:41:35,INFO,WebServer,User u4038 login successful,E101,User {user} login successful
83618,2026-01-16,01:58:37,INFO,OrderProcessor,Health check passed: OrderProcessor,E102,Health check passed: {service}
83619,2026-01-16,01:49:33,INFO,WebServer,User u2551 login successful,E101,User {user} login successful
83620,2026-01-16,01:01:28,INFO,WebServer,Page view: /home by u3268,E103,Page view: {page} by {user}
83621,2026-01-16,01:14:23,INFO,PaymentGateway,Transaction tx777717 completed in 26ms,E104,Transaction {tx} completed in {time}ms
83622,2026-01-16,01:22:02,INFO,WebServer,Transaction tx674709 completed in 745ms,E104,Transaction {tx} completed in {time}ms
83623,2026-01-16,01:57:41,WARN,WebServer,High latency (1764ms) detected on WebServer,E201,High latency ({time}ms) detected on {service}
83624,2026-01-16,01:06:02,INFO,PaymentGateway,Transaction tx442577 completed in 1646ms,E104,Transaction {tx} completed in {time}ms
83625,2026-01-16,01:18:34,INFO,WebServer,Transaction tx823543 completed in 344ms,E104,Transaction {tx} completed in {time}ms
83626,2026-01-16,01:20:35,INFO,WebServer,Transaction tx880715 completed in 1176ms,E104,Transaction {tx} completed in {time}ms
83627,2026-01-16,01:13:30,INFO,OrderProcessor,Health check passed: OrderProcessor,E102,Health check passed: {service}
83628,2026-01-16,01:04:35,INFO,PaymentGateway,Page view: /home by u2782,E103,Page view: {page} by {user}
83629,2026-01-16,01:19:42,INFO,AuthService,Page view: /home by u2943,E103,Page view: {page} by {user}
83630,2026-01-16,01:20:55,INFO,WebServer,User u1430 login successful,E101,User {user} login successful
83631,2026-01-16,01:07:19,INFO,WebServer,User u1663 login successful,E101,User {user} login successful
83632,2026-01-16,01:17:42,INFO,InventoryDB,Health check passed: InventoryDB,E102,Health check passed: {service}
83633,2026-01-16,01:50:03,INFO,WebServer,User u2371 login successful,E101,User {user} login successful
83634,2026-01-16,01:03:20,INFO,OrderProcessor,Transaction tx391191 completed in 1095ms,E104,Transaction {tx} completed in {time}ms
83635,2026-01-16,01:27:34,WARN,WebServer,Unauthorized access attempt from 10.0.0.10,E401,Unauthorized access attempt from {ip}
83636,2026-01-16,01:17:14,INFO,WebServer,Transaction tx264554 completed in 379ms,E104,Transaction {tx} completed in {time}ms
83637,2026-01-16,01:49:06,INFO,OrderProcessor,User u1874 login successful,E101,User {user} login successful
83638,2026-01-16,01:55:50,INFO,WebServer,Page view: /home by u3362,E103,Page view: {page} by {user}
83639,2026-01-16,02:31:54,INFO,WebServer,User u3412 login successful,E101,User {user} login successful
83640,2026-01-16,02:08:07,INFO,WebServer,User u3507 login successful,E101,User {user} login successful
83641,2026-01-16,02:05:15,INFO,WebServer,Page view: /home by u1929,E103,Page view: {page} by {user}
83642,2026-01-16,02:29:03,INFO,OrderProcessor,Page view: /home by u3864,E103,Page view: {page} by {user}
83643,2026-01-16,02:37:24,INFO,WebServer,Health check passed: WebServer,E102,Health check passed: {service}
83644,2026-01-16,02:59:48,INFO,WebServer,Health check passed: WebServer,E102,Health check passed: {service}
83645,2026-01-16,02:57:06,WARN,OrderProcessor,Disk usage > 85% on node node-3,E202,Disk usage > 85% on node {node}
83646,2026-01-16,02:59:41,INFO,WebServer,User u1306 login successful,E101,User {user} login successful
83647,2026-01-16,02:07:10,INFO,WebServer,Page view: /home by u2046,E103,Page view: {page} by {user}
83648,2026-01-16,02:16:18,INFO,WebServer,Health check passed: WebServer,E102,Health check passed: {service}
83649,2026-01-16,02:56:39,INFO,WebServer,Health check passed: WebServer,E102,Health check passed: {service}
83650,2026-01-16,02:32:19,INFO,WebServer,Transaction tx512898 completed in 1887ms,E104,Transaction {tx} completed in {time}ms
83651,2026-01-16,02:57:21,INFO,AuthService,Transaction tx644673 completed in 1405ms,E104,Transaction {tx} completed in {time}ms
83652,2026-01-16,02:54:19,INFO,WebServer,Transaction tx208531 completed in 731ms,E104,Transaction {tx} completed in {time}ms
83653,2026-01-16,02:17:23,INFO,PaymentGateway,Transaction tx378299 completed in 1953ms,E104,Transaction {tx} completed in {time}ms
83654,2026-01-16,02:04:42,INFO,AuthService,User u4239 login successful,E101,User {user} login successful
83655,2026-01-16,02:20:58,INFO,WebServer,Transaction tx778835 completed in 384ms,E104,Transaction {tx} completed in {time}ms
83656,2026-01-16,02:26:15,INFO,OrderProcessor,User u4248 login successful,E101,User {user} login successful
83657,2026-01-16,02:24:27,INFO,WebServer,Page view: /home by u3566,E103,Page view: {page} by {user}
83658,2026-01-16,02:29:05,INFO,WebServer,Page view: /home by u4866,E103,Page view: {page} by {user}
83659,2026-01-16,02:32:44,INFO,WebServer,User u2053 login successful,E101,User {user} login successful
83660,2026-01-16,02:45:55,INFO,WebServer,Page view: /home by u2903,E103,Page view: {page} by {user}
83661,2026-01-16,02:45:04,INFO,WebServer,Transaction tx466446 completed in 478ms,E104,Transaction {tx} completed in {time}ms
83662,2026-01-16,02:29:11,INFO,InventoryDB,Page view: /home by u3598,E103,Page view: {page} by {user}
83663,2026-01-16,02:36:22,INFO,WebServer,Page view: /home by u4884,E103,Page view: {page} by {user}
83664,2026-01-16,02:31:45,INFO,InventoryDB,User u1455 login successful,E101,User {user} login successful
83665,2026-01-16,02:06:05,INFO,WebServer,User u1989 login successful,E101,User {user} login successful
83666,2026-01-16,02:22:33,INFO,OrderProcessor,Page view: /home by u3493,E103,Page view: {page} by {user}
83667,2026-01-16,02:46:44,INFO,WebServer,Health check passed: WebServer,E102,Health check passed: {service}
83668,2026-01-16,02:02:31,INFO,InventoryDB,User u1897 login successful,E101,User {user} login successful
83669,2026-01-16,02:56:12,INFO,WebServer,Health check passed: WebServer,E102,Health check passed: {service}
83670,2026-01-16,02:14:25,INFO,OrderProcessor,User u2830 login successful,E101,User {user} login successful
83671,2026-01-16,02:31:10,INFO,OrderProcessor,Health check passed: OrderProcessor,E102,Health check passed: {service}
83672,2026-01-16,02:16:00,INFO,OrderProcessor,Transaction tx166414 completed in 1520ms,E104,Transaction {tx} completed in {time}ms
83673,2026-01-16,02:03:58,INFO,WebServer,User u4553 login successful,E101,User {user} login successful
83674,2026-01-16,02:15:29,WARN,WebServer,Unauthorized access attempt from 10.0.0.12,E401,Unauthorized access attempt from {ip}
83675,2026-01-16,02:56:26,INFO,OrderProcessor,Transaction tx167737 completed in 1378ms,E104,Transaction {tx} completed in {time}ms
83676,2026-01-16,02:35:08,INFO,AuthService,Health check passed: AuthService,E102,Health check passed: {service}
83677,2026-01-16,02:52:26,WARN,WebServer,Disk usage > 85% on node node-5,E202,Disk usage > 85% on node {node}
83678,2026-01-16,02:19:10,INFO,WebServer,Page view: /home by u1498,E103,Page view: {page} by {user}
83679,2026-01-16,02:45:07,WARN,PaymentGateway,Unauthorized access attempt from 10.0.0.45,E401,Unauthorized access attempt from {ip}
83680,2026-01-16,02:35:42,INFO,WebServer,User u4712 login successful,E101,User {user} login successful
83681,2026-01-16,02:53:08,INFO,WebServer,Transaction tx277207 completed in 434ms,E104,Transaction {tx} completed in {time}ms
83682,2026-01-16,02:46:44,WARN,WebServer,High latency (1101ms) detected on WebServer,E201,High latency ({time}ms) detected on {service}
83683,2026-01-16,02:45:30,INFO,PaymentGateway,Transaction tx287039 completed in 1017ms,E104,Transaction {tx} completed in {time}ms
83684,2026-01-16,02:19:42,INFO,PaymentGateway,User u2429 login successful,E101,User {user} login successful
83685,2026-01-16,02:30:33,INFO,WebServer,User u3791 login successful,E101,User {user} login successful
83686,2026-01-16,02:03:05,INFO,WebServer,Page view: /home by u2018,E103,Page view: {page} by {user}
83687,2026-01-16,02:18:04,WARN,InventoryDB,Disk usage > 85% on node node-5,E202,Disk usage > 85% on node {node}
83688,2026-01-16,02:24:09,INFO,AuthService,User u4498 login successful,E101,User {user} login successful
83689,2026-01-16,02:13:17,INFO,PaymentGateway,Transaction tx423967 completed in 173ms,E104,Transaction {tx} completed in {time}ms
83690,2026-01-16,02:00:47,INFO,OrderProcessor,Page view: /home by u4451,E103,Page view: {page} by {user}
83691,2026-01-16,02:57:29,INFO,AuthService,Transaction tx775081 completed in 1034ms,E104,Transaction {tx} completed in {time}ms
83692,2026-01-16,02:53:34,INFO,WebServer,Page view: /home by u1997,E103,Page view: {page} by {user}
83693,2026-01-16,02:47:56,INFO,InventoryDB,Page view: /home by u2955,E103,Page view: {page} by {user}
83694,2026-01-16,02:16:41,INFO,WebServer,Health check passed: WebServer,E102,Health check passed: {service}
83695,2026-01-16,02:46:44,INFO,WebServer,Page view: /home by u2747,E103,Page view: {page} by {user}
83696,2026-01-16,02:08:36,INFO,WebServer,Transaction tx425600 completed in 285ms,E104,Transaction {tx} completed in {time}ms
83697,2026-01-16,02:08:45,INFO,WebServer,Page view: /home by u3181,E103,Page view: {page} by {user}
83698,2026-01-16,03:46:00,INFO,WebServer,User u4215 login successful,E101,User {user} login successful
83699,2026-01-16,03:33:54,INFO,WebServer,Transaction tx135685 completed in 116ms,E104,Transaction {tx} completed in {time}ms
83700,2026-01-16,03:48:28,INFO,OrderProcessor,User u4227 login successful,E101,User {user} login successful
83701,2026-01-16,03:29:41,INFO,AuthService,Transaction tx996174 completed in 393ms,E104,Transaction {tx} completed in {time}ms
83702,2026-01-16,03:31:23,INFO,OrderProcessor,User u2894 login successful,E101,User {user} login successful
83703,2026-01-16,03:47:29,INFO,WebServer,Page view: /home by u2683,E103,Page view: {page} by {user}
83704,2026-01-16,03:25:28,INFO,WebServer,Transaction tx773151 completed in 1175ms,E104,Transaction {tx} completed in {time}ms
83705,2026-01-16,03:50:20,INFO,WebServer,Page view: /home by u2858,E103,Page view: {page} by {user}
83706,2026-01-16,03:13:56,INFO,WebServer,Page view: /home by u2928,E103,Page view: {page} by {user}
83707,2026-01-16,03:34:42,INFO,WebServer,User u1812 login successful,E101,User {user} login successful
83708,2026-01-16,03:28:23,INFO,OrderProcessor,Transaction tx897910 completed in 1698ms,E104,Transaction {tx} completed in {time}ms
83709,2026-01-16,03:54:34,INFO,WebServer,Page view: /home by u3051,E103,Page view: {page} by {user}
83710,2026-01-16,03:58:27,INFO,PaymentGateway,Health check passed: PaymentGateway,E102,Health check passed: {service}
83711,2026-01-16,03:24:53,INFO,OrderProcessor,User u3654 login successful,E101,User {user} login successful
83712,2026-01-16,03:12:54,INFO,PaymentGateway,User u2365 login successful,E101,User {user} login successful
83713,2026-01-16,03:32:35,WARN,AuthService,Unauthorized access attempt from 10.0.0.45,E401,Unauthorized access attempt from {ip}
83714,2026-01-16,03:38:41,INFO,WebServer,Health check passed: WebServer,E102,Health check passed: {service}
83715,2026-01-16,03:14:43,INFO,OrderProcessor,Transaction tx777567 completed in 1801ms,E104,Transaction {tx} completed in {time}ms
83716,2026-01-16,03:39:32,WARN,WebServer,High latency (716ms) detected on WebServer,E201,High latency ({time}ms) detected on {service}
83717,2026-01-16,03:11:50,INFO,OrderProcessor,Health check passed: OrderProcessor,E102,Health check passed: {service}
83718,2026-01-16,03:55:18,INFO,OrderProcessor,Transaction tx679432 completed in 274ms,E104,Transaction {tx} completed in {time}ms
83719,2026-01-16,03:07:51,INFO,WebServer,Page view: /home by u1842,E103,Page view: {page} by {user}
83720,2026-01-16,03:41:12,INFO,WebServer,Page view: /home by u1386,E103,Page view: {page} by {user}
83721,2026-01-16,03:03:15,WARN,InventoryDB,Unauthorized access attempt from 10.0.0.45,E401,Unauthorized access attempt from {ip}
83722,2026-01-16,03:07:54,INFO,WebServer,User u2689 login successful,E101,User {user} login successful
83723,2026-01-16,03:17:33,INFO,WebServer,Page view: /home by u3367,E103,Page view: {page} by {user}
83724,2026-01-16,03:32:49,INFO,WebServer,User u1011 login successful,E101,User {user} login successful
83725,2026-01-16,03:15:12,INFO,WebServer,Health check passed: WebServer,E102,Health check passed: {service}
83726,2026-01-16,03:53:25,INFO,WebServer,Health check passed: WebServer,E102,Health check passed: {service}
83727,2026-01-16,03:00:59,INFO,OrderProcessor,Transaction tx956766 completed in 1197ms,E104,Transaction {tx} completed in {time}ms
83728,2026-01-16,03:13:24,INFO,AuthService,User u4816 login successful,E101,User {user} login successful
83729,2026-01-16,03:49:51,ERROR,WebServer,Payment declined: Gateway unavailable,E503,Payment declined: Gateway unavailable
83730,2026-01-16,03:53:26,INFO,WebServer,Transaction tx928339 completed in 396ms,E104,Transaction {tx} completed in {time}ms
83731,2026-01-16,03:21:03,INFO,WebServer,Transaction tx774303 completed in 719ms,E104,Transaction {tx} completed in {time}ms
83732,2026-01-16,03:07:49,INFO,OrderProcessor,Page view: /home by u1839,E103,Page view: {page} by {user}
83733,2026-01-16,03:24:56,WARN,InventoryDB,Disk usage > 85% on node node-2,E202,Disk usage > 85% on node {node}
83734,2026-01-16,03:18:13,INFO,WebServer,User u1522 login successful,E101,User {user} login successful
83735,2026-01-16,03:43:19,INFO,WebServer,Health check passed: WebServer,E102,Health check passed: {service}
83736,2026-01-16,03:08:21,INFO,WebServer,Transaction tx681602 completed in 537ms,E104,Transaction {tx} completed in {time}ms
83737,2026-01-16,03:46:06,INFO,WebServer,Health check passed: WebServer,E102,Health check passed: {service}
83738,2026-01-16,03:44:24,INFO,WebServer,Page view: /home by u3331,E103,Page view: {page} by {user}
83739,2026-01-16,03:07:36,INFO,WebServer,Page view: /home by u4576,E103,Page view: {page} by {user}
83740,2026-01-16,03:26:37,INFO,OrderProcessor,User u2302 login successful,E101,User {user} login successful
83741,2026-01-16,03:24:08,INFO,WebServer,User u4300 login successful,E101,User {user} login successful
83742,2026-01-16,03:53:51,INFO,PaymentGateway,User u3634 login successful,E101,User {user} login successful
83743,2026-01-16,03:58:16,INFO,OrderProcessor,User u2569 login successful,E101,User {user} login successful
83744,2026-01-16,03:24:55,INFO,WebServer,Health check passed: WebServer,E102,Health check passed: {service}
83745,2026-01-16,03:45:14,INFO,OrderProcessor,Health check passed: OrderProcessor,E102,Health check passed: {service}
83746,2026-01-16,03:39:02,INFO,InventoryDB,Page view: /home by u4511,E103,Page view: {page} by {user}
83747,2026-01-16,03:07:59,INFO,WebServer,Health check passed: WebServer,E102,Health check passed: {service}
83748,2026-01-16,03:33:29,INFO,WebServer,User u3568 login successful,E101,User {user} login successful
83749,2026-01-16,03:46:52,INFO,OrderProcessor,User u2480 login successful,E101,User {user} login successful
83750,2026-01-16,03:40:47,INFO,WebServer,Page view: /home by u3065,E103,Page view: {page} by {user}
83751,2026-01-16,03:36:49,INFO,OrderProcessor,Health check passed: OrderProcessor,E102,Health check passed: {service}
83752,2026-01-16,03:54:18,WARN,PaymentGateway,Unauthorized access attempt from 10.0.0.45,E401,Unauthorized access attempt from {ip}
83753,2026-01-16,03:03:33,INFO,WebServer,Transaction tx796183 completed in 666ms,E104,Transaction {tx} completed in {time}ms
83754,2026-01-16,03:04:10,INFO,AuthService,User u4872 login successful,E101,User {user} login successful
83755,2026-01-16,03:35:51,INFO,OrderProcessor,User u1413 login successful,E101,User {user} login successful
83756,2026-01-16,03:25:19,INFO,PaymentGateway,Page view: /home by u4310,E103,Page view: {page} by {user}
83757,2026-01-16,04:36:05,INFO,WebServer,User u3457 login successful,E101,User {user} login successful
83758,2026-01-16,04:11:25,WARN,AuthService,High latency (262ms) detected on AuthService,E201,High latency ({time}ms) detected on {service}
83759,2026-01-16,04:53:07,INFO,OrderProcessor,Health check passed: OrderProcessor,E102,Health check passed: {service}
83760,2026-01-16,04:44:04,INFO,OrderProcessor,Transaction tx591664 completed in 1047ms,E104,Transaction {tx} completed in {time}ms
83761,2026-01-16,04:31:58,INFO,WebServer,Page view: /home by u2744,E103,Page view: {page} by {user}
83762,2026-01-16,04:04:45,INFO,WebServer,Transaction tx167993 completed in 419ms,E104,Transaction {tx} completed in {time}ms
83763,2026-01-16,04:15:34,WARN,WebServer,High latency (1504ms) detected on WebServer,E201,High latency ({time}ms) detected on {service}
83764,2026-01-16,04:07:36,INFO,InventoryDB,User u1701 login successful,E101,User {user} login successful
83765,2026-01-16,04:05:29,INFO,WebServer,Transaction tx485728 completed in 1675ms,E104,Transaction {tx} completed in {time}ms
83766,2026-01-16,04:18:03,INFO,PaymentGateway,Health check passed: PaymentGateway,E102,Health check passed: {service}
83767,2026-01-16,04:38:18,INFO,OrderProcessor,User u2438 login successful,E101,User {user} login successful
83768,2026-01-16,04:41:30,INFO,WebServer,Health check passed: WebServer,E102,Health check passed: {service}
83769,2026-01-16,04:28:28,INFO,OrderProcessor,Transaction tx685099 completed in 1785ms,E104,Transaction {tx} completed in {time}ms
83770,2026-01-16,04:48:41,INFO,AuthService,Transaction tx926917 completed in 1044ms,E104,Transaction {tx} completed in {time}ms
83771,2026-01-16,04:15:44,INFO,OrderProcessor,User u4506 login successful,E101,User {user} login successful
83772,2026-01-16,04:02:36,INFO,WebServer,User u2041 login successful,E101,User {user} login successful
83773,2026-01-16,04:27:34,INFO,WebServer,Health check passed: WebServer,E102,Health check passed: {service}
83774,2026-01-16,04:33:13,INFO,AuthService,Health check passed: AuthService,E102,Health check passed: {service}
83775,2026-01-16,04:04:11,INFO,WebServer,User u1803 login successful,E101,User {user} login successful
83776,2026-01-16,04:40:15,INFO,InventoryDB,Health check passed: InventoryDB,E102,Health check passed: {service}
83777,2026-01-16,04:45:02,INFO,PaymentGateway,Health check passed: PaymentGateway,E102,Health check passed: {service}
83778,2026-01-16,04:33:27,INFO,AuthService,Page view: /home by u1598,E103,Page view: {page} by {user}
83779,2026-01-16,04:25:19,INFO,WebServer,Transaction tx695168 completed in 144ms,E104,Transaction {tx} completed in {time}ms
83780,2026-01-16,04:45:42,INFO,WebServer,User u2704 login successful,E101,User {user} login successful
83781,2026-01-16,04:01:38,INFO,OrderProcessor,Health check passed: OrderProcessor,E102,Health check passed: {service}
83782,2026-01-16,04:18:48,INFO,AuthService,Page view: /home by u2728,E103,Page view: {page} by {user}
83783,2026-01-16,04:38:45,WARN,WebServer,Unauthorized access attempt from 192.168.1.5,E401,Unauthorized access attempt from {ip}
83784,2026-01-16,04:22:46,INFO,OrderProcessor,User u2601 login successful,E101,User {user} login successful
83785,2026-01-16,04:07:05,INFO,WebServer,User u2936 login successful,E101,User {user} login successful
83786,2026-01-16,04:33:58,INFO,WebServer,Health check passed: WebServer,E102,Health check passed: {service}
83787,2026-01-16,04:00:27,INFO,PaymentGateway,Transaction tx656367 completed in 1591ms,E104,Transaction {tx} completed in {time}ms
83788,2026-01-16,04:29:25,INFO,WebServer,User u2212 login successful,E101,User {user} login successful
83789,2026-01-16,04:39:34,INFO,AuthService,Page view: /home by u1972,E103,Page view: {page} by {user}
83790,2026-01-16,04:48:37,INFO,WebServer,Health check passed: WebServer,E102,Health check passed: {service}
83791,2026-01-16,04:16:22,INFO,AuthService,User u4900 login successful,E101,User {user} login successful
83792,2026-01-16,04:22:19,INFO,WebServer,Transaction tx298247 completed in 1778ms,E104,Transaction {tx} completed in {time}ms
83793,2026-01-16,04:09:28,INFO,OrderProcessor,Page view: /home by u2449,E103,Page view: {page} by {user}
83794,2026-01-16,04:49:51,INFO,OrderProcessor,Health check passed: OrderProcessor,E102,Health check passed: {service}
83795,2026-01-16,04:02:16,INFO,WebServer,Health check passed: WebServer,E102,Health check passed: {service}
83796,2026-01-16,04:04:08,INFO,PaymentGateway,User u1173 login successful,E101,User {user} login successful
83797,2026-01-16,04:00:50,INFO,InventoryDB,Transaction tx699665 completed in 1716ms,E104,Transaction {tx} completed in {time}ms
83798,2026-01-16,04:26:37,WARN,WebServer,Disk usage > 85% on node node-3,E202,Disk usage > 85% on node {node}
83799,2026-01-16,04:08:35,INFO,AuthService,Transaction tx194660 completed in 151ms,E104,Transaction {tx} completed in {time}ms
83800,2026-01-16,04:24:18,INFO,WebServer,Health check passed: WebServer,E102,Health check passed: {service}
83801,2026-01-16,04:38:21,INFO,AuthService,Transaction tx972424 completed in 289ms,E104,Transaction {tx} completed in {time}ms
83802,2026-01-16,04:12:29,INFO,AuthService,User u1147 login successful,E101,User {user} login successful
83803,2026-01-16,04:23:08,INFO,WebServer,User u3694 login successful,E101,User {user} login successful
83804,2026-01-16,04:54:20,INFO,WebServer,User u1105 login successful,E101,User {user} login successful
83805,2026-01-16,04:18:18,INFO,WebServer,Transaction tx823750 completed in 1246ms,E104,Transaction {tx} completed in {time}ms
83806,2026-01-16,04:46:49,INFO,OrderProcessor,User u2558 login successful,E101,User {user} login successful
83807,2026-01-16,04:14:28,INFO,OrderProcessor,Health check passed: OrderProcessor,E102,Health check passed: {service}
83808,2026-01-16,04:25:40,WARN,AuthService,High latency (785ms) detected on AuthService,E201,High latency ({time}ms) detected on {service}
83809,2026-01-16,04:28:15,INFO,AuthService,Health check passed: AuthService,E102,Health check passed: {service}
83810,2026-01-16,04:05:55,INFO,InventoryDB,Health check passed: InventoryDB,E102,Health check passed: {service}
83811,2026-01-16,04:07:49,INFO,InventoryDB,User u2558 login successful,E101,User {user} login successful
83812,2026-01-16,04:05:31,INFO,WebServer,Page view: /home by u1223,E103,Page view: {page} by {user}
83813,2026-01-16,04:22:01,INFO,WebServer,Page view: /home by u2612,E103,Page view: {page} by {user}
83814,2026-01-16,04:38:08,INFO,PaymentGateway,Transaction tx953476 completed in 575ms,E104,Transaction {tx} completed in {time}ms
83815,2026-01-16,04:16:06,INFO,AuthService,Page view: /home by u3093,E103,Page view: {page} by {user}
83816,2026-01-16,05:51:15,INFO,WebServer,Health check passed: WebServer,E102,Health check passed: {service}
83817,2026-01-16,05:44:27,INFO,WebServer,Transaction tx222186 completed in 768ms,E104,Transaction {tx} completed in {time}ms
83818,2026-01-16,05:17:09,CRITICAL,WebServer,KERNEL PANIC: Node node-1 crashed,E601,KERNEL PANIC: Node {node} crashed
83819,2026-01-16,05:22:56,INFO,WebServer,User u2711 login successful,E101,User {user} login successful
83820,2026-01-16,05:33:53,INFO,WebServer,Transaction tx167117 completed in 1979ms,E104,Transaction {tx} completed in {time}ms
83821,2026-01-16,05:41:17,INFO,AuthService,Page view: /home by u3156,E103,Page view: {page} by {user}
83822,2026-01-16,05:52:19,INFO,WebServer,User u1214 login successful,E101,User {user} login successful
83823,2026-01-16,05:49:53,INFO,WebServer,Transaction tx709056 completed in 1123ms,E104,Transaction {tx} completed in {time}ms
83824,2026-01-16,05:44:39,INFO,WebServer,Health check passed: WebServer,E102,Health check passed: {service}
83825,2026-01-16,05:08:51,INFO,OrderProcessor,Page view: /home by u2088,E103,Page view: {page} by {user}
83826,2026-01-16,05:35:19,INFO,OrderProcessor,Transaction tx441723 completed in 1604ms,E104,Transaction {tx} completed in {time}ms
83827,2026-01-16,05:09:36,WARN,WebServer,High latency (1608ms) detected on WebServer,E201,High latency ({time}ms) detected on {service}
83828,2026-01-16,05:05:58,INFO,OrderProcessor,Transaction tx663190 completed in 417ms,E104,Transaction {tx} completed in {time}ms
83829,2026-01-16,05:43:02,INFO,WebServer,Transaction tx440524 completed in 939ms,E104,Transaction {tx} completed in {time}ms
83830,2026-01-16,05:57:43,INFO,AuthService,Transaction tx368642 completed in 1229ms,E104,Transaction {tx} completed in {time}ms
83831,2026-01-16,05:15:55,INFO,WebServer,Health check passed: WebServer,E102,Health check passed: {service}
83832,2026-01-16,05:24:42,INFO,WebServer,Transaction tx141583 completed in 1200ms,E104,Transaction {tx} completed in {time}ms
83833,2026-01-16,05:10:18,INFO,WebServer,Page view: /home by u2769,E103,Page view: {page} by {user}
83834,2026-01-16,05:09:06,INFO,WebServer,Page view: /home by u3694,E103,Page view: {page} by {user}
83835,2026-01-16,05:09:54,INFO,WebServer,Transaction tx142044 completed in 313ms,E104,Transaction {tx} completed in {time}ms
83836,2026-01-16,05:32:32,INFO,WebServer,Page view: /home by u2715,E103,Page view: {page} by {user}
83837,2026-01-16,05:02:30,INFO,WebServer,User u1884 login successful,E101,User {user} login successful
83838,2026-01-16,05:00:28,INFO,AuthService,Transaction tx684741 completed in 330ms,E104,Transaction {tx} completed in {time}ms
83839,2026-01-16,05:25:18,WARN,PaymentGateway,High latency (1682ms) detected on PaymentGateway,E201,High latency ({time}ms) detected on {service}
83840,2026-01-16,05:07:48,INFO,WebServer,Transaction tx414861 completed in 96ms,E104,Transaction {tx} completed in {time}ms
83841,2026-01-16,05:14:17,INFO,WebServer,Page view: /home by u1714,E103,Page view: {page} by {user}
83842,2026-01-16,05:14:42,ERROR,PaymentGateway,Timeout waiting for lock on InventoryDB,E502,Timeout waiting for lock on {db}
83843,2026-01-16,05:25:40,INFO,OrderProcessor,User u4318 login successful,E101,User {user} login successful
83844,2026-01-16,05:22:23,INFO,WebServer,Health check passed: WebServer,E102,Health check passed: {service}
83845,2026-01-16,05:38:17,INFO,WebServer,Health check passed: WebServer,E102,Health check passed: {service}
83846,2026-01-16,05:18:49,INFO,PaymentGateway,User u2771 login successful,E101,User {user} login successful
83847,2026-01-16,05:51:26,INFO,AuthService,Health check passed: AuthService,E102,Health check passed: {service}
83848,2026-01-16,05:03:47,INFO,WebServer,Page view: /home by u4053,E103,Page view: {page} by {user}
83849,2026-01-16,05:01:45,INFO,WebServer,Page view: /home by u1844,E103,Page view: {page} by {user}
83850,2026-01-16,05:00:05,INFO,WebServer,Health check passed: WebServer,E102,Health check passed: {service}
83851,2026-01-16,05:26:42,INFO,AuthService,Transaction tx152648 completed in 1633ms,E104,Transaction {tx} completed in {time}ms
83852,2026-01-16,05:59:08,INFO,OrderProcessor,Page view: /home by u1959,E103,Page view: {page} by {user}
83853,2026-01-16,05:27:39,INFO,AuthService,Transaction tx339237 completed in 747ms,E104,Transaction {tx} completed in {time}ms
83854,2026-01-16,05:54:31,INFO,OrderProcessor,Page view: /home by u4831,E103,Page view: {page} by {user}
83855,2026-01-16,05:47:26,INFO,AuthService,User u2030 login successful,E101,User {user} login successful
83856,2026-01-16,05:32:27,INFO,WebServer,Health check passed: WebServer,E102,Health check passed: {service}
83857,2026-01-16,05:20:42,INFO,WebServer,Health check passed: WebServer,E102,Health check passed: {service}
83858,2026-01-16,05:05:09,INFO,WebServer,User u3578 login successful,E101,User {user} login successful
83859,2026-01-16,05:03:51,INFO,AuthService,User u3086 login successful,E101,User {user} login successful
83860,2026-01-16,05:39:33,INFO,WebServer,User u3585 login successful,E101,User {user} login successful
83861,2026-01-16,05:44:37,INFO,OrderProcessor,Page view: /home by u4193,E103,Page view: {page} by {user}
83862,2026-01-16,05:12:31,INFO,WebServer,Page view: /home by u2840,E103,Page view: {page} by {user}
83863,2026-01-16,05:22:35,INFO,WebServer,Health check passed: WebServer,E102,Health check passed: {service}
83864,2026-01-16,05:47:13,INFO,OrderProcessor,Transaction tx436139 completed in 202ms,E104,Transaction {tx} completed in {time}ms
83865,2026-01-16,05:28:26,INFO,AuthService,Page view: /home by u2997,E103,Page view: {page} by {user}
83866,2026-01-16,05:05:46,INFO,AuthService,Page view: /home by u4400,E103,Page view: {page} by {user}
83867,2026-01-16,05:15:46,INFO,OrderProcessor,Page view: /home by u1824,E103,Page view: {page} by {user}
83868,2026-01-16,05:34:47,INFO,AuthService,Transaction tx520350 completed in 1172ms,E104,Transaction {tx} completed in {time}ms
83869,2026-01-16,05:25:36,WARN,WebServer,Disk usage > 85% on node node-1,E202,Disk usage > 85% on node {node}
83870,2026-01-16,05:21:03,WARN,WebServer,Unauthorized access attempt from 10.0.0.45,E401,Unauthorized access attempt from {ip}
83871,2026-01-16,05:28:39,INFO,AuthService,Transaction tx719213 completed in 901ms,E104,Transaction {tx} completed in {time}ms
83872,2026-01-16,05:47:15,INFO,AuthService,Transaction tx295251 completed in 415ms,E104,Transaction {tx} completed in {time}ms
83873,2026-01-16,05:40:43,INFO,AuthService,Page view: /home by u4811,E103,Page view: {page} by {user}
83874,2026-01-16,05:17:27,INFO,PaymentGateway,Page view: /home by u2793,E103,Page view: {page} by {user}
83875,2026-01-16,06:57:36,WARN,OrderProcessor,Disk usage > 85% on node node-4,E202,Disk usage > 85% on node {node}
83876,2026-01-16,06:36:41,INFO,AuthService,Health check passed: AuthService,E102,Health check passed: {service}
83877,2026-01-16,06:14:26,INFO,WebServer,Page view: /home by u3996,E103,Page view: {page} by {user}
83878,2026-01-16,06:06:12,INFO,WebServer,Health check passed: WebServer,E102,Health check passed: {service}
83879,2026-01-16,06:08:56,INFO,WebServer,Transaction tx972315 completed in 1431ms,E104,Transaction {tx} completed in {time}ms
83880,2026-01-16,06:52:45,INFO,AuthService,Health check passed: AuthService,E102,Health check passed: {service}
83881,2026-01-16,06:46:20,INFO,OrderProcessor,User u1194 login successful,E101,User {user} login successful
83882,2026-01-16,06:53:14,INFO,WebServer,Health check passed: WebServer,E102,Health check passed: {service}
83883,2026-01-16,06:52:03,INFO,AuthService,Page view: /home by u3379,E103,Page view: {page} by {user}
83884,2026-01-16,06:35:00,INFO,WebServer,Transaction tx835842 completed in 1070ms,E104,Transaction {tx} completed in {time}ms
83885,2026-01-16,06:49:40,INFO,PaymentGateway,Page view: /home by u3101,E103,Page view: {page} by {user}
83886,2026-01-16,06:56:28,INFO,OrderProcessor,User u4011 login successful,E101,User {user} login successful
83887,2026-01-16,06:07:40,WARN,PaymentGateway,Unauthorized access attempt from 192.168.1.5,E401,Unauthorized access attempt from {ip}
83888,2026-01-16,06:07:18,INFO,WebServer,Transaction tx658356 completed in 231ms,E104,Transaction {tx} completed in {time}ms
83889,2026-01-16,06:12:44,INFO,AuthService,User u1337 login successful,E101,User {user} login successful
83890,2026-01-16,06:40:56,CRITICAL,PaymentGateway,DATA CORRUPTION detected in sector 444,E602,DATA CORRUPTION detected in sector {sector}
83891,2026-01-16,06:15:47,WARN,WebServer,Unauthorized access attempt from 10.0.0.45,E401,Unauthorized access attempt from {ip}
83892,2026-01-16,06:41:51,INFO,PaymentGateway,User u2204 login successful,E101,User {user} login successful
83893,2026-01-16,06:36:38,INFO,InventoryDB,Transaction tx121707 completed in 1863ms,E104,Transaction {tx} completed in {time}ms
83894,2026-01-16,06:55:36,INFO,WebServer,Page view: /home by u2258,E103,Page view: {page} by {user}
83895,2026-01-16,06:14:09,INFO,WebServer,Health check passed: WebServer,E102,Health check passed: {service}
83896,2026-01-16,06:51:59,INFO,OrderProcessor,User u2266 login successful,E101,User {user} login successful
83897,2026-01-16,06:21:04,INFO,WebServer,User u3545 login successful,E101,User {user} login successful
83898,2026-01-16,06:03:50,INFO,AuthService,Transaction tx446282 completed in 694ms,E104,Transaction {tx} completed in {time}ms
83899,2026-01-16,06:57:08,INFO,WebServer,Transaction tx554978 completed in 192ms,E104,Transaction {tx} completed in {time}ms
83900,2026-01-16,06:04:36,INFO,WebServer,Transaction tx551421 completed in 1479ms,E104,Transaction {tx} completed in {time}ms
83901,2026-01-16,06:31:32,INFO,AuthService,Health check passed: AuthService,E102,Health check passed: {service}
83902,2026-01-16,06:12:34,INFO,WebServer,Page view: /home by u4023,E103,Page view: {page} by {user}
83903,2026-01-16,06:24:03,INFO,WebServer,User u2655 login successful,E101,User {user} login successful
83904,2026-01-16,06:31:55,INFO,OrderProcessor,Page view: /home by u4665,E103,Page view: {page} by {user}
83905,2026-01-16,06:18:18,INFO,WebServer,User u3643 login successful,E101,User {user} login successful
83906,2026-01-16,06:37:40,INFO,WebServer,Health check passed: WebServer,E102,Health check passed: {service}
83907,2026-01-16,06:30:50,INFO,AuthService,User u2029 login successful,E101,User {user} login successful
83908,2026-01-16,06:24:04,INFO,OrderProcessor,Transaction tx391405 completed in 1129ms,E104,Transaction {tx} completed in {time}ms
83909,2026-01-16,06:27:55,INFO,AuthService,Page view: /home by u4158,E103,Page view: {page} by {user}
83910,2026-01-16,06:01:26,WARN,WebServer,High latency (1350ms) detected on WebServer,E201,High latency ({time}ms) detected on {service}
83911,2026-01-16,06:04:41,WARN,AuthService,Disk usage > 85% on node node-5,E202,Disk usage > 85% on node {node}
83912,2026-01-16,06:46:14,INFO,InventoryDB,Page view: /home by u1840,E103,Page view: {page} by {user}
83913,2026-01-16,06:56:16,INFO,InventoryDB,Health check passed: InventoryDB,E102,Health check passed: {service}
83914,2026-01-16,06:44:56,WARN,AuthService,Disk usage > 85% on node node-5,E202,Disk usage > 85% on node {node}
83915,2026-01-16,06:13:00,INFO,AuthService,Health check passed: AuthService,E102,Health check passed: {service}
83916,2026-01-16,06:22:28,INFO,WebServer,User u1161 login successful,E101,User {user} login successful
83917,2026-01-16,06:28:06,INFO,AuthService,Page view: /home by u1527,E103,Page view: {page} by {user}
83918,2026-01-16,06:02:42,INFO,WebServer,Health check passed: WebServer,E102,Health check passed: {service}
83919,2026-01-16,06:57:05,INFO,AuthService,Health check passed: AuthService,E102,Health check passed: {service}
83920,2026-01-16,06:40:09,WARN,PaymentGateway,High latency (102ms) detected on PaymentGateway,E201,High latency ({time}ms) detected on {service}
83921,2026-01-16,06:18:58,WARN,WebServer,High latency (1117ms) detected on WebServer,E201,High latency ({time}ms) detected on {service}
83922,2026-01-16,06:08:33,INFO,WebServer,Transaction tx454899 completed in 1425ms,E104,Transaction {tx} completed in {time}ms
83923,2026-01-16,06:58:45,INFO,AuthService,Page view: /home by u2793,E103,Page view: {page} by {user}
83924,2026-01-16,06:40:03,INFO,AuthService,Health check passed: AuthService,E102,Health check passed: {service}
83925,2026-01-16,06:49:02,INFO,InventoryDB,Health check passed: InventoryDB,E102,Health check passed: {service}
83926,2026-01-16,06:15:48,CRITICAL,AuthService,KERNEL PANIC: Node node-2 crashed,E601,KERNEL PANIC: Node {node} crashed
83927,2026-01-16,06:15:36,INFO,WebServer,Page view: /home by u4235,E103,Page view: {page} by {user}
83928,2026-01-16,06:17:11,INFO,WebServer,User u2978 login successful,E101,User {user} login successful
83929,2026-01-16,06:28:30,WARN,WebServer,Disk usage > 85% on node node-5,E202,Disk usage > 85% on node {node}
83930,2026-01-16,06:09:14,INFO,OrderProcessor,User u1890 login successful,E101,User {user} login successful
83931,2026-01-16,06:20:47,INFO,WebServer,Health check passed: WebServer,E102,Health check passed: {service}
83932,2026-01-16,06:21:24,INFO,WebServer,Page view: /home by u2462,E103,Page view: {page} by {user}
83933,2026-01-16,06:10:01,INFO,AuthService,Transaction tx727824 completed in 1309ms,E104,Transaction {tx} completed in {time}ms
83934,2026-01-16,06:57:13,INFO,AuthService,Health check passed: AuthService,E102,Health check passed: {service}
83935,2026-01-16,06:52:35,INFO,AuthService,User u1275 login successful,E101,User {user} login successful
83936,2026-01-16,06:34:37,INFO,WebServer,User u4425 login successful,E101,User {user} login successful
83937,2026-01-16,06:43:56,INFO,AuthService,Page view: /home by u2147,E103,Page view: {page} by {user}
83938,2026-01-16,06:38:58,INFO,WebServer,Transaction tx121226 completed in 1774ms,E104,Transaction {tx} completed in {time}ms
83939,2026-01-16,06:10:47,INFO,WebServer,User u4037 login successful,E101,User {user} login successful
83940,2026-01-16,06:04:27,INFO,WebServer,Health check passed: WebServer,E102,Health check passed: {service}
83941,2026-01-16,06:37:13,INFO,WebServer,Health check passed: WebServer,E102,Health check passed: {service}
83942,2026-01-16,06:03:59,INFO,InventoryDB,Transaction tx975612 completed in 1724ms,E104,Transaction {tx} completed in {time}ms
83943,2026-01-16,06:39:30,INFO,PaymentGateway,Health check passed: PaymentGateway,E102,Health check passed: {service}
83944,2026-01-16,06:56:21,INFO,WebServer,User u4101 login successful,E101,User {user} login successful
83945,2026-01-16,06:03:33,INFO,OrderProcessor,Health check passed: OrderProcessor,E102,Health check passed: {service}
83946,2026-01-16,06:14:38,INFO,WebServer,Page view: /home by u1004,E103,Page view: {page} by {user}
83947,2026-01-16,06:36:30,INFO,OrderProcessor,Transaction tx788036 completed in 971ms,E104,Transaction {tx} completed in {time}ms
83948,2026-01-16,06:07:48,INFO,WebServer,User u3043 login successful,E101,User {user} login successful
83949,2026-01-16,06:09:21,INFO,AuthService,Transaction tx917647 completed in 500ms,E104,Transaction {tx} completed in {time}ms
83950,2026-01-16,06:29:09,INFO,PaymentGateway,User u4179 login successful,E101,User {user} login successful
83951,2026-01-16,06:52:39,INFO,WebServer,User u3817 login successful,E101,User {user} login successful
83952,2026-01-16,06:07:25,INFO,InventoryDB,Health check passed: InventoryDB,E102,Health check passed: {service}
83953,2026-01-16,06:07:57,INFO,WebServer,Health check passed: WebServer,E102,Health check passed: {service}
83954,2026-01-16,06:05:39,INFO,WebServer,Transaction tx383239 completed in 807ms,E104,Transaction {tx} completed in {time}ms
83955,2026-01-16,06:51:46,INFO,PaymentGateway,Page view: /home by u4674,E103,Page view: {page} by {user}
83956,2026-01-16,06:15:29,INFO,WebServer,User u1485 login successful,E101,User {user} login successful
83957,2026-01-16,06:44:23,INFO,AuthService,Transaction tx126623 completed in 1802ms,E104,Transaction {tx} completed in {time}ms
83958,2026-01-16,06:23:03,INFO,PaymentGateway,Transaction tx666676 completed in 780ms,E104,Transaction {tx} completed in {time}ms
83959,2026-01-16,06:55:56,INFO,WebServer,Health check passed: WebServer,E102,Health check passed: {service}
83960,2026-01-16,06:32:01,INFO,WebServer,User u1389 login successful,E101,User {user} login successful
83961,2026-01-16,06:19:24,INFO,OrderProcessor,User u1968 login successful,E101,User {user} login successful
83962,2026-01-16,06:31:49,INFO,WebServer,Page view: /home by u4557,E103,Page view: {page} by {user}
83963,2026-01-16,06:41:09,WARN,WebServer,Unauthorized access attempt from 10.0.0.45,E401,Unauthorized access attempt from {ip}
83964,2026-01-16,06:08:09,INFO,AuthService,Transaction tx825968 completed in 75ms,E104,Transaction {tx} completed in {time}ms
83965,2026-01-16,06:12:31,INFO,WebServer,Health check passed: WebServer,E102,Health check passed: {service}
83966,2026-01-16,06:48:30,INFO,OrderProcessor,User u2212 login successful,E101,User {user} login successful
83967,2026-01-16,06:06:55,INFO,WebServer,Health check passed: WebServer,E102,Health check passed: {service}
83968,2026-01-16,06:36:16,INFO,OrderProcessor,Page view: /home by u3972,E103,Page view: {page} by {user}
83969,2026-01-16,06:59:38,INFO,WebServer,Page view: /home by u1622,E103,Page view: {page} by {user}
83970,2026-01-16,06:58:41,INFO,WebServer,User u2502 login successful,E101,User {user} login successful
83971,2026-01-16,06:37:42,INFO,PaymentGateway,Health check passed: PaymentGateway,E102,Health check passed: {service}
83972,2026-01-16,06:23:35,INFO,OrderProcessor,Page view: /home by u2683,E103,Page view: {page} by {user}
83973,2026-01-16,06:41:02,INFO,OrderProcessor,Page view: /home by u4419,E103,Page view: {page} by {user}
83974,2026-01-16,06:59:30,INFO,WebServer,Transaction tx734779 completed in 1307ms,E104,Transaction {tx} completed in {time}ms
83975,2026-01-16,06:48:42,WARN,AuthService,Disk usage > 85% on node node-4,E202,Disk usage > 85% on node {node}
83976,2026-01-16,06:41:58,INFO,OrderProcessor,User u4253 login successful,E101,User {user} login successful
83977,2026-01-16,06:13:21,INFO,WebServer,Transaction tx688197 completed in 835ms,E104,Transaction {tx} completed in {time}ms
83978,2026-01-16,06:41:03,INFO,WebServer,Page view: /home by u3395,E103,Page view: {page} by {user}
83979,2026-01-16,06:10:04,INFO,InventoryDB,Page view: /home by u1363,E103,Page view: {page} by {user}
83980,2026-01-16,06:45:54,INFO,PaymentGateway,User u2749 login successful,E101,User {user} login successful
83981,2026-01-16,06:55:03,INFO,WebServer,Page view: /home by u3007,E103,Page view: {page} by {user}
83982,2026-01-16,06:41:41,INFO,WebServer,User u3601 login successful,E101,User {user} login successful
83983,2026-01-16,06:46:28,INFO,WebServer,User u1406 login successful,E101,User {user} login successful
83984,2026-01-16,06:27:36,INFO,WebServer,Page view: /home by u4117,E103,Page view: {page} by {user}
83985,2026-01-16,06:11:40,WARN,WebServer,High latency (1782ms) detected on WebServer,E201,High latency ({time}ms) detected on {service}
83986,2026-01-16,06:54:45,INFO,WebServer,Transaction tx595583 completed in 1083ms,E104,Transaction {tx} completed in {time}ms
83987,2026-01-16,06:26:35,INFO,OrderProcessor,Transaction tx695071 completed in 46ms,E104,Transaction {tx} completed in {time}ms
83988,2026-01-16,06:48:26,INFO,AuthService,Transaction tx587613 completed in 766ms,E104,Transaction {tx} completed in {time}ms
83989,2026-01-16,06:27:54,INFO,OrderProcessor,Page view: /home by u3179,E103,Page view: {page} by {user}
83990,2026-01-16,06:15:27,WARN,AuthService,Unauthorized access attempt from 10.0.0.45,E401,Unauthorized access attempt from {ip}
83991,2026-01-16,06:31:28,INFO,WebServer,Page view: /home by u1856,E103,Page view: {page} by {user}
83992,2026-01-16,06:16:33,INFO,WebServer,Health check passed: WebServer,E102,Health check passed: {service}
83993,2026-01-16,06:04:54,INFO,WebServer,User u2391 login successful,E101,User {user} login successful
83994,2026-01-16,06:36:14,INFO,AuthService,Page view: /home by u3742,E103,Page view: {page} by {user}
83995,2026-01-16,06:06:46,INFO,AuthService,Page view: /home by u3175,E103,Page view: {page} by {user}
83996,2026-01-16,06:53:52,INFO,WebServer,Page view: /home by u2732,E103,Page view: {page} by {user}
83997,2026-01-16,06:20:57,INFO,AuthService,Health check passed: AuthService,E102,Health check passed: {service}
83998,2026-01-16,06:44:36,INFO,InventoryDB,Page view: /home by u1570,E103,Page view: {page} by {user}
83999,2026-01-16,06:59:06,INFO,OrderProcessor,Page view: /home by u3864,E103,Page view: {page} by {user}
84000,2026-01-16,06:42:44,INFO,WebServer,Transaction tx990094 completed in 52ms,E104,Transaction {tx} completed in {time}ms
84001,2026-01-16,06:00:38,INFO,PaymentGateway,Transaction tx941924 completed in 1537ms,E104,Transaction {tx} completed in {time}ms
84002,2026-01-16,06:50:41,INFO,WebServer,Page view: /home by u4712,E103,Page view: {page} by {user}
84003,2026-01-16,06:52:55,INFO,AuthService,Transaction tx968503 completed in 323ms,E104,Transaction {tx} completed in {time}ms
84004,2026-01-16,06:24:14,INFO,WebServer,User u4334 login successful,E101,User {user} login successful
84005,2026-01-16,06:05:59,INFO,InventoryDB,Page view: /home by u4139,E103,Page view: {page} by {user}
84006,2026-01-16,06:42:04,INFO,OrderProcessor,User u4988 login successful,E101,User {user} login successful
84007,2026-01-16,06:51:54,WARN,WebServer,High latency (1599ms) detected on WebServer,E201,High latency ({time}ms) detected on {service}
84008,2026-01-16,06:57:35,INFO,AuthService,Transaction tx899590 completed in 1259ms,E104,Transaction {tx} completed in {time}ms
84009,2026-01-16,06:10:13,INFO,WebServer,Transaction tx262626 completed in 851ms,E104,Transaction {tx} completed in {time}ms
84010,2026-01-16,06:55:05,INFO,WebServer,User u4069 login successful,E101,User {user} login successful
84011,2026-01-16,06:34:25,INFO,InventoryDB,Page view: /home by u4453,E103,Page view: {page} by {user}
84012,2026-01-16,06:27:22,INFO,WebServer,User u2400 login successful,E101,User {user} login successful
84013,2026-01-16,06:53:30,INFO,WebServer,User u2636 login successful,E101,User {user} login successful
84014,2026-01-16,06:23:28,INFO,AuthService,Page view: /home by u4986,E103,Page view: {page} by {user}
84015,2026-01-16,06:57:28,INFO,PaymentGateway,Health check passed: PaymentGateway,E102,Health check passed: {service}
84016,2026-01-16,06:06:40,WARN,WebServer,Unauthorized access attempt from 10.0.0.99,E401,Unauthorized access attempt from {ip}
84017,2026-01-16,06:18:08,INFO,WebServer,User u4310 login successful,E101,User {user} login successful
84018,2026-01-16,06:50:43,INFO,InventoryDB,Transaction tx113718 completed in 1063ms,E104,Transaction {tx} completed in {time}ms
84019,2026-01-16,06:09:34,INFO,WebServer,User u3242 login successful,E101,User {user} login successful
84020,2026-01-16,06:49:04,INFO,AuthService,User u4265 login successful,E101,User {user} login successful
84021,2026-01-16,06:59:41,INFO,WebServer,User u2655 login successful,E101,User {user} login successful
84022,2026-01-16,06:35:57,INFO,WebServer,Transaction tx350797 completed in 1984ms,E104,Transaction {tx} completed in {time}ms
84023,2026-01-16,06:39:04,INFO,WebServer,Transaction tx701027 completed in 142ms,E104,Transaction {tx} completed in {time}ms
84024,2026-01-16,06:58:17,INFO,OrderProcessor,User u4415 login successful,E101,User {user} login successful
84025,2026-01-16,06:58:45,INFO,WebServer,Transaction tx175557 completed in 1070ms,E104,Transaction {tx} completed in {time}ms
84026,2026-01-16,06:16:00,INFO,OrderProcessor,Health check passed: OrderProcessor,E102,Health check passed: {service}
84027,2026-01-16,06:40:19,INFO,PaymentGateway,Page view: /home by u3168,E103,Page view: {page} by {user}
84028,2026-01-16,06:49:21,INFO,WebServer,User u3517 login successful,E101,User {user} login successful
84029,2026-01-16,06:24:57,INFO,WebServer,Health check passed: WebServer,E102,Health check passed: {service}
84030,2026-01-16,06:31:52,INFO,WebServer,Page view: /home by u3211,E103,Page view: {page} by {user}
84031,2026-01-16,06:47:50,INFO,PaymentGateway,Page view: /home by u4853,E103,Page view: {page} by {user}
84032,2026-01-16,06:15:09,INFO,AuthService,User u2669 login successful,E101,User {user} login successful
84033,2026-01-16,06:51:25,INFO,WebServer,User u4638 login successful,E101,User {user} login successful
84034,2026-01-16,06:46:35,INFO,OrderProcessor,Health check passed: OrderProcessor,E102,Health check passed: {service}
84035,2026-01-16,06:19:16,INFO,AuthService,Transaction tx490890 completed in 1586ms,E104,Transaction {tx} completed in {time}ms
84036,2026-01-16,06:39:08,INFO,AuthService,Transaction tx128261 completed in 1857ms,E104,Transaction {tx} completed in {time}ms
84037,2026-01-16,06:07:34,INFO,WebServer,Page view: /home by u1980,E103,Page view: {page} by {user}
84038,2026-01-16,06:58:42,INFO,WebServer,Page view: /home by u4006,E103,Page view: {page} by {user}
84039,2026-01-16,06:00:14,INFO,WebServer,Page view: /home by u2745,E103,Page view: {page} by {user}
84040,2026-01-16,06:52:09,INFO,AuthService,User u2790 login successful,E101,User {user} login successful
84041,2026-01-16,06:21:24,INFO,WebServer,Transaction tx532637 completed in 1369ms,E104,Transaction {tx} completed in {time}ms
84042,2026-01-16,06:00:10,INFO,WebServer,Page view: /home by u4591,E103,Page view: {page} by {user}
84043,2026-01-16,06:02:06,INFO,OrderProcessor,Page view: /home by u3029,E103,Page view: {page} by {user}
84044,2026-01-16,06:51:28,INFO,PaymentGateway,Page view: /home by u4078,E103,Page view: {page} by {user}
84045,2026-01-16,06:59:04,INFO,OrderProcessor,User u1844 login successful,E101,User {user} login successful
84046,2026-01-16,06:08:56,INFO,OrderProcessor,User u1409 login successful,E101,User {user} login successful
84047,2026-01-16,06:27:03,INFO,WebServer,Transaction tx923958 completed in 1325ms,E104,Transaction {tx} completed in {time}ms
84048,2026-01-16,06:30:11,INFO,AuthService,Transaction tx123512 completed in 401ms,E104,Transaction {tx} completed in {time}ms
84049,2026-01-16,06:26:25,INFO,AuthService,Transaction tx562710 completed in 1991ms,E104,Transaction {tx} completed in {time}ms
84050,2026-01-16,06:10:06,WARN,WebServer,High latency (247ms) detected on WebServer,E201,High latency ({time}ms) detected on {service}
84051,2026-01-16,06:09:46,INFO,WebServer,User u3561 login successful,E101,User {user} login successful
84052,2026-01-16,06:39:44,INFO,WebServer,Health check passed: WebServer,E102,Health check passed: {service}
84053,2026-01-16,06:48:01,INFO,WebServer,Page view: /home by u3740,E103,Page view: {page} by {user}
84054,2026-01-16,06:03:40,WARN,OrderProcessor,Unauthorized access attempt from 10.0.0.45,E401,Unauthorized access attempt from {ip}
84055,2026-01-16,06:20:57,INFO,WebServer,User u2052 login successful,E101,User {user} login successful
84056,2026-01-16,06:01:34,INFO,OrderProcessor,Transaction tx857821 completed in 1237ms,E104,Transaction {tx} completed in {time}ms
84057,2026-01-16,06:34:13,INFO,WebServer,Page view: /home by u1968,E103,Page view: {page} by {user}
84058,2026-01-16,06:24:04,INFO,PaymentGateway,Transaction tx586169 completed in 992ms,E104,Transaction {tx} completed in {time}ms
84059,2026-01-16,06:04:14,INFO,WebServer,Transaction tx277852 completed in 553ms,E104,Transaction {tx} completed in {time}ms
84060,2026-01-16,06:26:50,INFO,WebServer,Transaction tx234857 completed in 1567ms,E104,Transaction {tx} completed in {time}ms
84061,2026-01-16,06:41:17,INFO,AuthService,Page view: /home by u4739,E103,Page view: {page} by {user}
84062,2026-01-16,06:27:56,INFO,WebServer,Health check passed: WebServer,E102,Health check passed: {service}
84063,2026-01-16,06:36:39,INFO,WebServer,Page view: /home by u3752,E103,Page view: {page} by {user}
84064,2026-01-16,06:22:47,INFO,WebServer,User u2819 login successful,E101,User {user} login successful
84065,2026-01-16,06:36:30,INFO,WebServer,User u2154 login successful,E101,User {user} login successful
84066,2026-01-16,06:17:11,WARN,WebServer,High latency (1580ms) detected on WebServer,E201,High latency ({time}ms) detected on {service}
84067,2026-01-16,06:29:15,INFO,AuthService,User u2433 login successful,E101,User {user} login successful
84068,2026-01-16,06:08:26,INFO,WebServer,Transaction tx785440 completed in 901ms,E104,Transaction {tx} completed in {time}ms
84069,2026-01-16,06:54:14,WARN,OrderProcessor,High latency (571ms) detected on OrderProcessor,E201,High latency ({time}ms) detected on {service}
84070,2026-01-16,06:45:10,INFO,WebServer,Page view: /home by u3372,E103,Page view: {page} by {user}
84071,2026-01-16,06:43:25,INFO,WebServer,User u3685 login successful,E101,User {user} login successful
84072,2026-01-16,06:19:07,INFO,OrderProcessor,Transaction tx386883 completed in 617ms,E104,Transaction {tx} completed in {time}ms
84073,2026-01-16,06:04:53,INFO,AuthService,Health check passed: AuthService,E102,Health check passed: {service}
84074,2026-01-16,06:12:14,INFO,WebServer,Health check passed: WebServer,E102,Health check passed: {service}
84075,2026-01-16,06:33:53,WARN,InventoryDB,Unauthorized access attempt from 10.0.0.45,E401,Unauthorized access attempt from {ip}
84076,2026-01-16,06:58:31,INFO,WebServer,User u2654 login successful,E101,User {user} login successful
84077,2026-01-16,06:09:04,WARN,OrderProcessor,Unauthorized access attempt from 10.0.0.45,E401,Unauthorized access attempt from {ip}
84078,2026-01-16,06:21:11,INFO,WebServer,Page view: /home by u2061,E103,Page view: {page} by {user}
84079,2026-01-16,06:13:28,INFO,PaymentGateway,Transaction tx520621 completed in 692ms,E104,Transaction {tx} completed in {time}ms
84080,2026-01-16,06:06:33,INFO,AuthService,Health check passed: AuthService,E102,Health check passed: {service}
84081,2026-01-16,06:02:26,INFO,WebServer,Page view: /home by u2304,E103,Page view: {page} by {user}
84082,2026-01-16,06:45:32,INFO,WebServer,Transaction tx287361 completed in 52ms,E104,Transaction {tx} completed in {time}ms
84083,2026-01-16,06:45:50,INFO,WebServer,Transaction tx715449 completed in 1960ms,E104,Transaction {tx} completed in {time}ms
84084,2026-01-16,06:46:49,INFO,WebServer,User u1764 login successful,E101,User {user} login successful
84085,2026-01-16,06:48:14,INFO,WebServer,Page view: /home by u4458,E103,Page view: {page} by {user}
84086,2026-01-16,06:50:25,INFO,InventoryDB,Page view: /home by u2071,E103,Page view: {page} by {user}
84087,2026-01-16,06:31:03,INFO,WebServer,Health check passed: WebServer,E102,Health check passed: {service}
84088,2026-01-16,06:05:10,INFO,WebServer,Transaction tx108742 completed in 1473ms,E104,Transaction {tx} completed in {time}ms
84089,2026-01-16,06:33:27,INFO,WebServer,User u4960 login successful,E101,User {user} login successful
84090,2026-01-16,06:33:36,INFO,WebServer,Page view: /home by u1692,E103,Page view: {page} by {user}
84091,2026-01-16,06:24:04,INFO,WebServer,Page view: /home by u1476,E103,Page view: {page} by {user}
84092,2026-01-16,06:56:19,INFO,WebServer,Page view: /home by u3289,E103,Page view: {page} by {user}
84093,2026-01-16,06:20:31,INFO,AuthService,Transaction tx886172 completed in 985ms,E104,Transaction {tx} completed in {time}ms
84094,2026-01-16,06:32:16,INFO,WebServer,User u2061 login successful,E101,User {user} login successful
84095,2026-01-16,06:50:49,INFO,AuthService,Page view: /home by u4476,E103,Page view: {page} by {user}
84096,2026-01-16,06:36:06,INFO,WebServer,User u4016 login successful,E101,User {user} login successful
84097,2026-01-16,06:46:38,INFO,WebServer,User u3821 login successful,E101,User {user} login successful
84098,2026-01-16,06:23:28,INFO,PaymentGateway,Page view: /home by u3267,E103,Page view: {page} by {user}
84099,2026-01-16,06:21:51,INFO,WebServer,User u3773 login successful,E101,User {user} login successful
84100,2026-01-16,06:14:59,INFO,WebServer,User u1915 login successful,E101,User {user} login successful
84101,2026-01-16,06:41:54,INFO,WebServer,Page view: /home by u2499,E103,Page view: {page} by {user}
84102,2026-01-16,06:42:15,INFO,InventoryDB,Page view: /home by u2204,E103,Page view: {page} by {user}
84103,2026-01-16,06:33:37,INFO,OrderProcessor,Page view: /home by u4408,E103,Page view: {page} by {user}
84104,2026-01-16,06:23:22,INFO,WebServer,Transaction tx635352 completed in 1541ms,E104,Transaction {tx} completed in {time}ms
84105,2026-01-16,06:27:03,ERROR,WebServer,Connection refused to WebServer at 10.0.0.45,E501,Connection refused to {service} at {ip}
84106,2026-01-16,06:08:02,INFO,WebServer,User u4635 login successful,E101,User {user} login successful
84107,2026-01-16,06:11:18,INFO,PaymentGateway,User u2010 login successful,E101,User {user} login successful
84108,2026-01-16,06:33:17,INFO,AuthService,Health check passed: AuthService,E102,Health check passed: {service}
84109,2026-01-16,06:08:26,INFO,WebServer,Health check passed: WebServer,E102,Health check passed: {service}
84110,2026-01-16,06:37:14,INFO,OrderProcessor,Transaction tx318031 completed in 1578ms,E104,Transaction {tx} completed in {time}ms
84111,2026-01-16,06:26:00,INFO,AuthService,User u2964 login successful,E101,User {user} login successful
84112,2026-01-16,06:55:24,INFO,WebServer,Page view: /home by u1800,E103,Page view: {page} by {user}
84113,2026-01-16,06:59:36,INFO,AuthService,Transaction tx897829 completed in 471ms,E104,Transaction {tx} completed in {time}ms
84114,2026-01-16,06:53:29,INFO,WebServer,User u3236 login successful,E101,User {user} login successful
84115,2026-01-16,06:52:00,INFO,WebServer,User u4368 login successful,E101,User {user} login successful
84116,2026-01-16,06:34:21,INFO,AuthService,Page view: /home by u2497,E103,Page view: {page} by {user}
84117,2026-01-16,06:37:13,INFO,WebServer,Transaction tx151721 completed in 1257ms,E104,Transaction {tx} completed in {time}ms
84118,2026-01-16,06:31:49,INFO,PaymentGateway,User u1730 login successful,E101,User {user} login successful
84119,2026-01-16,06:19:30,INFO,WebServer,Health check passed: WebServer,E102,Health check passed: {service}
84120,2026-01-16,06:17:20,INFO,OrderProcessor,User u2923 login successful,E101,User {user} login successful
84121,2026-01-16,06:09:53,INFO,AuthService,Health check passed: AuthService,E102,Health check passed: {service}
84122,2026-01-16,06:30:26,INFO,AuthService,User u2958 login successful,E101,User {user} login successful
84123,2026-01-16,06:55:50,INFO,AuthService,User u2260 login successful,E101,User {user} login successful
84124,2026-01-16,06:32:52,INFO,WebServer,User u2002 login successful,E101,User {user} login successful
84125,2026-01-16,06:59:01,INFO,WebServer,Transaction tx674993 completed in 36ms,E104,Transaction {tx} completed in {time}ms
84126,2026-01-16,06:53:07,INFO,AuthService,Health check passed: AuthService,E102,Health check passed: {service}
84127,2026-01-16,06:53:40,INFO,WebServer,Transaction tx452636 completed in 1598ms,E104,Transaction {tx} completed in {time}ms
84128,2026-01-16,06:04:14,INFO,OrderProcessor,Page view: /home by u1768,E103,Page view: {page} by {user}
84129,2026-01-16,06:22:36,INFO,PaymentGateway,User u2270 login successful,E101,User {user} login successful
84130,2026-01-16,06:27:44,INFO,OrderProcessor,User u2181 login successful,E101,User {user} login successful
84131,2026-01-16,06:39:17,INFO,OrderProcessor,Transaction tx770661 completed in 1596ms,E104,Transaction {tx} completed in {time}ms
84132,2026-01-16,06:00:47,INFO,WebServer,Health check passed: WebServer,E102,Health check passed: {service}
84133,2026-01-16,06:01:44,INFO,WebServer,Page view: /home by u4561,E103,Page view: {page} by {user}
84134,2026-01-16,06:48:16,INFO,WebServer,Health check passed: WebServer,E102,Health check passed: {service}
84135,2026-01-16,06:10:53,INFO,WebServer,Page view: /home by u1137,E103,Page view: {page} by {user}
84136,2026-01-16,06:43:16,INFO,InventoryDB,Health check passed: InventoryDB,E102,Health check passed: {service}
84137,2026-01-16,06:17:27,WARN,WebServer,High latency (1569ms) detected on WebServer,E201,High latency ({time}ms) detected on {service}
84138,2026-01-16,06:21:36,INFO,WebServer,Health check passed: WebServer,E102,Health check passed: {service}
84139,2026-01-16,06:27:28,WARN,AuthService,Unauthorized access attempt from 10.0.0.45,E401,Unauthorized access attempt from {ip}
84140,2026-01-16,06:51:42,INFO,WebServer,User u3823 login successful,E101,User {user} login successful
84141,2026-01-16,06:37:39,INFO,WebServer,Page view: /home by u2110,E103,Page view: {page} by {user}
84142,2026-01-16,06:31:04,INFO,WebServer,Page view: /home by u4999,E103,Page view: {page} by {user}
84143,2026-01-16,06:08:46,INFO,AuthService,User u1704 login successful,E101,User {user} login successful
84144,2026-01-16,06:18:19,INFO,WebServer,Page view: /home by u4020,E103,Page view: {page} by {user}
84145,2026-01-16,06:01:18,WARN,OrderProcessor,High latency (1802ms) detected on OrderProcessor,E201,High latency ({time}ms) detected on {service}
84146,2026-01-16,06:57:27,INFO,WebServer,Transaction tx145725 completed in 502ms,E104,Transaction {tx} completed in {time}ms
84147,2026-01-16,06:55:09,INFO,WebServer,Page view: /home by u4874,E103,Page view: {page} by {user}
84148,2026-01-16,06:59:07,INFO,WebServer,User u3242 login successful,E101,User {user} login successful
84149,2026-01-16,06:59:25,INFO,OrderProcessor,User u3947 login successful,E101,User {user} login successful
84150,2026-01-16,06:01:53,INFO,PaymentGateway,Page view: /home by u4952,E103,Page view: {page} by {user}
84151,2026-01-16,06:09:38,INFO,WebServer,Transaction tx381169 completed in 1038ms,E104,Transaction {tx} completed in {time}ms
84152,2026-01-16,06:05:18,INFO,InventoryDB,User u2333 login successful,E101,User {user} login successful
84153,2026-01-16,06:34:56,INFO,AuthService,Page view: /home by u4457,E103,Page view: {page} by {user}
84154,2026-01-16,06:00:04,INFO,WebServer,Transaction tx857671 completed in 415ms,E104,Transaction {tx} completed in {time}ms
84155,2026-01-16,06:04:14,WARN,WebServer,High latency (1764ms) detected on WebServer,E201,High latency ({time}ms) detected on {service}
84156,2026-01-16,06:01:07,WARN,AuthService,Unauthorized access attempt from 10.0.0.45,E401,Unauthorized access attempt from {ip}
84157,2026-01-16,06:46:52,INFO,InventoryDB,Health check passed: InventoryDB,E102,Health check passed: {service}
84158,2026-01-16,06:13:39,INFO,WebServer,Transaction tx380586 completed in 535ms,E104,Transaction {tx} completed in {time}ms
84159,2026-01-16,06:11:59,INFO,WebServer,Transaction tx105102 completed in 768ms,E104,Transaction {tx} completed in {time}ms
84160,2026-01-16,06:21:50,INFO,AuthService,Page view: /home by u3117,E103,Page view: {page} by {user}
84161,2026-01-16,06:31:48,INFO,WebServer,Page view: /home by u1025,E103,Page view: {page} by {user}
84162,2026-01-16,06:38:05,WARN,PaymentGateway,Disk usage > 85% on node node-3,E202,Disk usage > 85% on node {node}
84163,2026-01-16,06:03:34,INFO,WebServer,Transaction tx961483 completed in 1642ms,E104,Transaction {tx} completed in {time}ms
84164,2026-01-16,06:26:28,INFO,OrderProcessor,Page view: /home by u3285,E103,Page view: {page} by {user}
84165,2026-01-16,06:19:43,INFO,WebServer,User u2683 login successful,E101,User {user} login successful
84166,2026-01-16,06:24:43,INFO,OrderProcessor,User u4963 login successful,E101,User {user} login successful
84167,2026-01-16,06:18:22,INFO,InventoryDB,Health check passed: InventoryDB,E102,Health check passed: {service}
84168,2026-01-16,06:44:43,INFO,WebServer,User u4581 login successful,E101,User {user} login successful
84169,2026-01-16,06:22:25,INFO,WebServer,User u4285 login successful,E101,User {user} login successful
84170,2026-01-16,06:34:02,INFO,AuthService,Health check passed: AuthService,E102,Health check passed: {service}
84171,2026-01-16,06:18:53,INFO,AuthService,Page view: /home by u2536,E103,Page view: {page} by {user}
84172,2026-01-16,06:51:53,INFO,WebServer,Health check passed: WebServer,E102,Health check passed: {service}
84173,2026-01-16,06:11:04,INFO,PaymentGateway,Health check passed: PaymentGateway,E102,Health check passed: {service}
84174,2026-01-16,06:47:39,INFO,WebServer,Transaction tx555058 completed in 135ms,E104,Transaction {tx} completed in {time}ms
84175,2026-01-16,06:31:13,INFO,OrderProcessor,User u3608 login successful,E101,User {user} login successful
84176,2026-01-16,06:36:03,INFO,OrderProcessor,Page view: /home by u4570,E103,Page view: {page} by {user}
84177,2026-01-16,06:26:04,INFO,OrderProcessor,Page view: /home by u1024,E103,Page view: {page} by {user}
84178,2026-01-16,06:48:45,INFO,AuthService,Health check passed: AuthService,E102,Health check passed: {service}
84179,2026-01-16,06:37:12,INFO,PaymentGateway,User u4366 login successful,E101,User {user} login successful
84180,2026-01-16,06:26:40,INFO,OrderProcessor,User u4626 login successful,E101,User {user} login successful
84181,2026-01-16,06:58:25,INFO,PaymentGateway,Page view: /home by u3165,E103,Page view: {page} by {user}
84182,2026-01-16,06:50:39,INFO,AuthService,Page view: /home by u2511,E103,Page view: {page} by {user}
84183,2026-01-16,06:20:13,INFO,WebServer,Page view: /home by u3864,E103,Page view: {page} by {user}
84184,2026-01-16,06:46:44,WARN,WebServer,Unauthorized access attempt from 10.0.0.45,E401,Unauthorized access attempt from {ip}
84185,2026-01-16,06:08:08,WARN,OrderProcessor,High latency (1526ms) detected on OrderProcessor,E201,High latency ({time}ms) detected on {service}
84186,2026-01-16,06:45:48,INFO,AuthService,Transaction tx173210 completed in 257ms,E104,Transaction {tx} completed in {time}ms
84187,2026-01-16,06:26:05,INFO,WebServer,Health check passed: WebServer,E102,Health check passed: {service}
84188,2026-01-16,06:20:57,INFO,WebServer,Transaction tx813473 completed in 1450ms,E104,Transaction {tx} completed in {time}ms
84189,2026-01-16,06:45:45,INFO,PaymentGateway,Transaction tx254838 completed in 644ms,E104,Transaction {tx} completed in {time}ms
84190,2026-01-16,06:22:40,INFO,InventoryDB,Health check passed: InventoryDB,E102,Health check passed: {service}
84191,2026-01-16,06:53:30,INFO,AuthService,Transaction tx479358 completed in 1278ms,E104,Transaction {tx} completed in {time}ms
84192,2026-01-16,06:17:39,INFO,AuthService,Transaction tx262323 completed in 1031ms,E104,Transaction {tx} completed in {time}ms
84193,2026-01-16,06:47:22,INFO,WebServer,Page view: /home by u3076,E103,Page view: {page} by {user}
84194,2026-01-16,06:46:42,INFO,WebServer,User u2734 login successful,E101,User {user} login successful
84195,2026-01-16,06:10:25,INFO,WebServer,Page view: /home by u1279,E103,Page view: {page} by {user}
84196,2026-01-16,06:10:37,INFO,PaymentGateway,Transaction tx816995 completed in 1355ms,E104,Transaction {tx} completed in {time}ms
84197,2026-01-16,06:52:53,INFO,PaymentGateway,Transaction tx771371 completed in 43ms,E104,Transaction {tx} completed in {time}ms
84198,2026-01-16,06:48:57,INFO,WebServer,Page view: /home by u3545,E103,Page view: {page} by {user}
84199,2026-01-16,06:11:35,INFO,AuthService,Page view: /home by u1790,E103,Page view: {page} by {user}
84200,2026-01-16,06:31:26,INFO,WebServer,Page view: /home by u4100,E103,Page view: {page} by {user}
84201,2026-01-16,06:42:53,INFO,PaymentGateway,Page view: /home by u3610,E103,Page view: {page} by {user}
84202,2026-01-16,06:31:50,INFO,InventoryDB,Transaction tx969980 completed in 1216ms,E104,Transaction {tx} completed in {time}ms
84203,2026-01-16,06:27:33,INFO,InventoryDB,User u1962 login successful,E101,User {user} login successful
84204,2026-01-16,06:49:14,INFO,WebServer,Health check passed: WebServer,E102,Health check passed: {service}
84205,2026-01-16,06:00:31,INFO,WebServer,Health check passed: WebServer,E102,Health check passed: {service}
84206,2026-01-16,06:46:36,INFO,AuthService,Transaction tx485008 completed in 673ms,E104,Transaction {tx} completed in {time}ms
84207,2026-01-16,06:54:47,INFO,WebServer,User u4144 login successful,E101,User {user} login successful
84208,2026-01-16,06:50:35,INFO,AuthService,Transaction tx703304 completed in 1163ms,E104,Transaction {tx} completed in {time}ms
84209,2026-01-16,06:42:01,INFO,AuthService,Health check passed: AuthService,E102,Health check passed: {service}
84210,2026-01-16,06:45:29,INFO,AuthService,Health check passed: AuthService,E102,Health check passed: {service}
84211,2026-01-16,06:23:17,INFO,WebServer,Health check passed: WebServer,E102,Health check passed: {service}
84212,2026-01-16,06:19:55,INFO,WebServer,Transaction tx470143 completed in 1661ms,E104,Transaction {tx} completed in {time}ms
84213,2026-01-16,06:01:35,INFO,WebServer,User u4963 login successful,E101,User {user} login successful
84214,2026-01-16,06:32:15,INFO,WebServer,Page view: /home by u2790,E103,Page view: {page} by {user}
84215,2026-01-16,06:25:46,INFO,PaymentGateway,User u2763 login successful,E101,User {user} login successful
84216,2026-01-16,06:54:12,INFO,AuthService,Page view: /home by u3687,E103,Page view: {page} by {user}
84217,2026-01-16,06:16:29,INFO,WebServer,Transaction tx446427 completed in 1430ms,E104,Transaction {tx} completed in {time}ms
84218,2026-01-16,06:14:27,INFO,AuthService,Page view: /home by u2867,E103,Page view: {page} by {user}
84219,2026-01-16,06:39:27,INFO,AuthService,Transaction tx120395 completed in 185ms,E104,Transaction {tx} completed in {time}ms
84220,2026-01-16,06:11:43,INFO,WebServer,Health check passed: WebServer,E102,Health check passed: {service}
84221,2026-01-16,06:09:19,WARN,WebServer,High latency (595ms) detected on WebServer,E201,High latency ({time}ms) detected on {service}
84222,2026-01-16,06:07:49,INFO,WebServer,Page view: /home by u1352,E103,Page view: {page} by {user}
84223,2026-01-16,06:11:44,INFO,WebServer,User u3068 login successful,E101,User {user} login successful
84224,2026-01-16,06:47:07,INFO,AuthService,Transaction tx710190 completed in 981ms,E104,Transaction {tx} completed in {time}ms
84225,2026-01-16,06:49:37,INFO,InventoryDB,User u4944 login successful,E101,User {user} login successful
84226,2026-01-16,06:38:46,INFO,InventoryDB,Transaction tx320864 completed in 532ms,E104,Transaction {tx} completed in {time}ms
84227,2026-01-16,06:54:44,WARN,WebServer,Unauthorized access attempt from 10.0.0.45,E401,Unauthorized access attempt from {ip}
84228,2026-01-16,06:20:05,INFO,AuthService,Health check passed: AuthService,E102,Health check passed: {service}
84229,2026-01-16,06:40:20,INFO,WebServer,Page view: /home by u1214,E103,Page view: {page} by {user}
84230,2026-01-16,06:48:03,INFO,WebServer,Health check passed: WebServer,E102,Health check passed: {service}
84231,2026-01-16,06:38:05,INFO,WebServer,Health check passed: WebServer,E102,Health check passed: {service}
84232,2026-01-16,06:44:25,INFO,OrderProcessor,Transaction tx303441 completed in 1825ms,E104,Transaction {tx} completed in {time}ms
84233,2026-01-16,06:00:39,INFO,InventoryDB,User u1363 login successful,E101,User {user} login successful
84234,2026-01-16,06:01:59,ERROR,AuthService,Connection refused to AuthService at 10.0.0.99,E501,Connection refused to {service} at {ip}
84235,2026-01-16,06:43:44,INFO,WebServer,Health check passed: WebServer,E102,Health check passed: {service}
84236,2026-01-16,06:32:06,INFO,AuthService,Transaction tx417424 completed in 797ms,E104,Transaction {tx} completed in {time}ms
84237,2026-01-16,06:11:11,WARN,WebServer,Disk usage > 85% on node node-3,E202,Disk usage > 85% on node {node}
84238,2026-01-16,06:13:32,WARN,WebServer,High latency (1709ms) detected on WebServer,E201,High latency ({time}ms) detected on {service}
84239,2026-01-16,06:10:35,WARN,InventoryDB,High latency (494ms) detected on InventoryDB,E201,High latency ({time}ms) detected on {service}
84240,2026-01-16,06:41:52,INFO,PaymentGateway,Health check passed: PaymentGateway,E102,Health check passed: {service}
84241,2026-01-16,06:39:05,INFO,AuthService,User u2097 login successful,E101,User {user} login successful
84242,2026-01-16,06:45:36,INFO,InventoryDB,User u2884 login successful,E101,User {user} login successful
84243,2026-01-16,06:13:02,INFO,WebServer,Health check passed: WebServer,E102,Health check passed: {service}
84244,2026-01-16,06:51:37,INFO,WebServer,Transaction tx699055 completed in 1418ms,E104,Transaction {tx} completed in {time}ms
84245,2026-01-16,06:25:26,INFO,AuthService,Health check passed: AuthService,E102,Health check passed: {service}
84246,2026-01-16,06:49:33,INFO,OrderProcessor,Transaction tx981308 completed in 1534ms,E104,Transaction {tx} completed in {time}ms
84247,2026-01-16,06:21:28,INFO,WebServer,Transaction tx407828 completed in 581ms,E104,Transaction {tx} completed in {time}ms
84248,2026-01-16,06:08:59,INFO,WebServer,Health check passed: WebServer,E102,Health check passed: {service}
84249,2026-01-16,06:36:37,INFO,WebServer,Page view: /home by u3375,E103,Page view: {page} by {user}
84250,2026-01-16,06:13:16,INFO,OrderProcessor,Transaction tx555718 completed in 1826ms,E104,Transaction {tx} completed in {time}ms
84251,2026-01-16,06:24:53,INFO,WebServer,Health check passed: WebServer,E102,Health check passed: {service}
84252,2026-01-16,06:27:35,INFO,OrderProcessor,User u3116 login successful,E101,User {user} login successful
84253,2026-01-16,06:26:15,INFO,WebServer,Page view: /home by u3167,E103,Page view: {page} by {user}
84254,2026-01-16,06:00:58,INFO,WebServer,Health check passed: WebServer,E102,Health check passed: {service}
84255,2026-01-16,06:50:14,INFO,WebServer,Health check passed: WebServer,E102,Health check passed: {service}
84256,2026-01-16,06:52:30,INFO,AuthService,Health check passed: AuthService,E102,Health check passed: {service}
84257,2026-01-16,06:10:33,WARN,WebServer,High latency (1863ms) detected on WebServer,E201,High latency ({time}ms) detected on {service}
84258,2026-01-16,06:28:38,INFO,OrderProcessor,Page view: /home by u2542,E103,Page view: {page} by {user}
84259,2026-01-16,06:05:59,INFO,InventoryDB,Health check passed: InventoryDB,E102,Health check passed: {service}
84260,2026-01-16,06:48:01,INFO,OrderProcessor,Page view: /home by u2932,E103,Page view: {page} by {user}
84261,2026-01-16,06:13:20,ERROR,InventoryDB,Timeout waiting for lock on InventoryDB,E502,Timeout waiting for lock on {db}
84262,2026-01-16,06:19:23,INFO,AuthService,Transaction tx615983 completed in 985ms,E104,Transaction {tx} completed in {time}ms
84263,2026-01-16,06:26:10,INFO,AuthService,User u3962 login successful,E101,User {user} login successful
84264,2026-01-16,06:08:20,INFO,AuthService,User u3288 login successful,E101,User {user} login successful
84265,2026-01-16,06:24:45,INFO,WebServer,Page view: /home by u2409,E103,Page view: {page} by {user}
84266,2026-01-16,06:37:50,INFO,WebServer,Health check passed: WebServer,E102,Health check passed: {service}
84267,2026-01-16,06:44:41,INFO,WebServer,Page view: /home by u2974,E103,Page view: {page} by {user}
84268,2026-01-16,06:34:26,INFO,OrderProcessor,Health check passed: OrderProcessor,E102,Health check passed: {service}
84269,2026-01-16,06:21:56,WARN,WebServer,High latency (1613ms) detected on WebServer,E201,High latency ({time}ms) detected on {service}
84270,2026-01-16,06:13:37,INFO,PaymentGateway,Health check passed: PaymentGateway,E102,Health check passed: {service}
84271,2026-01-16,06:16:20,INFO,OrderProcessor,Transaction tx862860 completed in 563ms,E104,Transaction {tx} completed in {time}ms
84272,2026-01-16,06:44:59,INFO,WebServer,Page view: /home by u4892,E103,Page view: {page} by {user}
84273,2026-01-16,06:26:06,INFO,PaymentGateway,User u3893 login successful,E101,User {user} login successful
84274,2026-01-16,06:47:16,INFO,OrderProcessor,User u3965 login successful,E101,User {user} login successful
84275,2026-01-16,06:15:17,INFO,AuthService,Page view: /home by u1520,E103,Page view: {page} by {user}
84276,2026-01-16,06:19:54,INFO,WebServer,Page view: /home by u3077,E103,Page view: {page} by {user}
84277,2026-01-16,06:32:56,INFO,AuthService,User u2503 login successful,E101,User {user} login successful
84278,2026-01-16,06:16:25,INFO,PaymentGateway,Transaction tx687897 completed in 1059ms,E104,Transaction {tx} completed in {time}ms
84279,2026-01-16,06:52:27,INFO,PaymentGateway,Health check passed: PaymentGateway,E102,Health check passed: {service}
84280,2026-01-16,06:27:56,INFO,InventoryDB,Page view: /home by u2505,E103,Page view: {page} by {user}
84281,2026-01-16,06:08:33,INFO,AuthService,Health check passed: AuthService,E102,Health check passed: {service}
84282,2026-01-16,06:17:39,INFO,PaymentGateway,User u3286 login successful,E101,User {user} login successful
84283,2026-01-16,06:04:18,INFO,AuthService,Health check passed: AuthService,E102,Health check passed: {service}
84284,2026-01-16,06:12:46,INFO,AuthService,Page view: /home by u3289,E103,Page view: {page} by {user}
84285,2026-01-16,06:09:30,INFO,AuthService,Health check passed: AuthService,E102,Health check passed: {service}
84286,2026-01-16,06:39:38,INFO,WebServer,Transaction tx211902 completed in 1118ms,E104,Transaction {tx} completed in {time}ms
84287,2026-01-16,06:05:26,INFO,WebServer,Transaction tx256260 completed in 252ms,E104,Transaction {tx} completed in {time}ms
84288,2026-01-16,06:42:23,INFO,PaymentGateway,Page view: /home by u1244,E103,Page view: {page} by {user}
84289,2026-01-16,06:23:56,INFO,WebServer,User u1151 login successful,E101,User {user} login successful
84290,2026-01-16,06:25:51,ERROR,OrderProcessor,Timeout waiting for lock on InventoryDB,E502,Timeout waiting for lock on {db}
84291,2026-01-16,06:22:24,INFO,AuthService,Page view: /home by u3074,E103,Page view: {page} by {user}
84292,2026-01-16,06:49:25,INFO,WebServer,Transaction tx642946 completed in 729ms,E104,Transaction {tx} completed in {time}ms
84293,2026-01-16,06:55:14,INFO,WebServer,Transaction tx358987 completed in 656ms,E104,Transaction {tx} completed in {time}ms
84294,2026-01-16,06:07:10,INFO,PaymentGateway,Page view: /home by u1322,E103,Page view: {page} by {user}
84295,2026-01-16,06:42:17,INFO,InventoryDB,User u1183 login successful,E101,User {user} login successful
84296,2026-01-16,06:30:04,INFO,WebServer,Transaction tx971131 completed in 634ms,E104,Transaction {tx} completed in {time}ms
84297,2026-01-16,06:11:20,INFO,WebServer,User u4312 login successful,E101,User {user} login successful
84298,2026-01-16,06:04:34,INFO,OrderProcessor,Health check passed: OrderProcessor,E102,Health check passed: {service}
84299,2026-01-16,06:49:24,INFO,WebServer,Transaction tx161736 completed in 782ms,E104,Transaction {tx} completed in {time}ms
84300,2026-01-16,06:34:39,ERROR,InventoryDB,Timeout waiting for lock on InventoryDB,E502,Timeout waiting for lock on {db}
84301,2026-01-16,06:53:47,INFO,PaymentGateway,User u2295 login successful,E101,User {user} login successful
84302,2026-01-16,06:58:30,INFO,AuthService,Health check passed: AuthService,E102,Health check passed: {service}
84303,2026-01-16,06:43:40,INFO,AuthService,Health check passed: AuthService,E102,Health check passed: {service}
84304,2026-01-16,06:52:11,INFO,WebServer,Page view: /home by u4518,E103,Page view: {page} by {user}
84305,2026-01-16,06:39:24,INFO,WebServer,Transaction tx887291 completed in 277ms,E104,Transaction {tx} completed in {time}ms
84306,2026-01-16,06:26:50,INFO,PaymentGateway,Health check passed: PaymentGateway,E102,Health check passed: {service}
84307,2026-01-16,06:57:51,INFO,WebServer,Transaction tx902599 completed in 1736ms,E104,Transaction {tx} completed in {time}ms
84308,2026-01-16,06:19:34,INFO,WebServer,User u4986 login successful,E101,User {user} login successful
84309,2026-01-16,06:03:30,INFO,PaymentGateway,Health check passed: PaymentGateway,E102,Health check passed: {service}
84310,2026-01-16,06:07:41,INFO,WebServer,User u3896 login successful,E101,User {user} login successful
84311,2026-01-16,06:33:48,WARN,WebServer,Disk usage > 85% on node node-4,E202,Disk usage > 85% on node {node}
84312,2026-01-16,06:55:30,INFO,AuthService,Health check passed: AuthService,E102,Health check passed: {service}
84313,2026-01-16,06:53:05,INFO,AuthService,Transaction tx963997 completed in 789ms,E104,Transaction {tx} completed in {time}ms
84314,2026-01-16,06:48:46,INFO,WebServer,Transaction tx398390 completed in 71ms,E104,Transaction {tx} completed in {time}ms
84315,2026-01-16,06:28:13,INFO,AuthService,Health check passed: AuthService,E102,Health check passed: {service}
84316,2026-01-16,06:29:15,INFO,AuthService,Page view: /home by u1211,E103,Page view: {page} by {user}
84317,2026-01-16,06:22:39,INFO,OrderProcessor,Health check passed: OrderProcessor,E102,Health check passed: {service}
84318,2026-01-16,06:57:22,INFO,AuthService,Transaction tx987198 completed in 1892ms,E104,Transaction {tx} completed in {time}ms
84319,2026-01-16,06:58:22,INFO,WebServer,Health check passed: WebServer,E102,Health check passed: {service}
84320,2026-01-16,06:53:02,INFO,OrderProcessor,Page view: /home by u3596,E103,Page view: {page} by {user}
84321,2026-01-16,06:48:33,INFO,WebServer,Transaction tx975896 completed in 209ms,E104,Transaction {tx} completed in {time}ms
84322,2026-01-16,06:02:31,WARN,OrderProcessor,High latency (1839ms) detected on OrderProcessor,E201,High latency ({time}ms) detected on {service}
84323,2026-01-16,06:32:57,INFO,OrderProcessor,Transaction tx241583 completed in 125ms,E104,Transaction {tx} completed in {time}ms
84324,2026-01-16,06:29:29,INFO,WebServer,Transaction tx761232 completed in 409ms,E104,Transaction {tx} completed in {time}ms
84325,2026-01-16,06:43:44,INFO,AuthService,Page view: /home by u1354,E103,Page view: {page} by {user}
84326,2026-01-16,06:54:50,INFO,AuthService,Health check passed: AuthService,E102,Health check passed: {service}
84327,2026-01-16,06:23:42,INFO,WebServer,Transaction tx666150 completed in 1139ms,E104,Transaction {tx} completed in {time}ms
84328,2026-01-16,06:49:52,INFO,AuthService,User u3096 login successful,E101,User {user} login successful
84329,2026-01-16,06:08:36,CRITICAL,OrderProcessor,DATA CORRUPTION detected in sector 545,E602,DATA CORRUPTION detected in sector {sector}
84330,2026-01-16,06:34:42,INFO,AuthService,Transaction tx369466 completed in 1661ms,E104,Transaction {tx} completed in {time}ms
84331,2026-01-16,06:21:58,INFO,OrderProcessor,User u1969 login successful,E101,User {user} login successful
84332,2026-01-16,06:13:15,WARN,OrderProcessor,Unauthorized access attempt from 10.0.0.45,E401,Unauthorized access attempt from {ip}
84333,2026-01-16,06:40:01,INFO,AuthService,Page view: /home by u4195,E103,Page view: {page} by {user}
84334,2026-01-16,06:18:27,INFO,WebServer,User u4708 login successful,E101,User {user} login successful
84335,2026-01-16,06:24:52,INFO,AuthService,Health check passed: AuthService,E102,Health check passed: {service}
84336,2026-01-16,06:58:27,INFO,AuthService,User u2858 login successful,E101,User {user} login successful
84337,2026-01-16,06:54:00,INFO,WebServer,Page view: /home by u1449,E103,Page view: {page} by {user}
84338,2026-01-16,06:52:23,INFO,WebServer,Transaction tx429986 completed in 1449ms,E104,Transaction {tx} completed in {time}ms
84339,2026-01-16,06:32:19,INFO,PaymentGateway,Health check passed: PaymentGateway,E102,Health check passed: {service}
84340,2026-01-16,06:38:16,INFO,WebServer,Transaction tx455645 completed in 882ms,E104,Transaction {tx} completed in {time}ms
84341,2026-01-16,06:39:43,INFO,OrderProcessor,User u3493 login successful,E101,User {user} login successful
84342,2026-01-16,06:52:21,INFO,AuthService,User u4252 login successful,E101,User {user} login successful
84343,2026-01-16,06:55:30,INFO,InventoryDB,Transaction tx359654 completed in 730ms,E104,Transaction {tx} completed in {time}ms
84344,2026-01-16,06:14:37,INFO,AuthService,Page view: /home by u4570,E103,Page view: {page} by {user}
84345,2026-01-16,06:12:06,INFO,WebServer,User u4399 login successful,E101,User {user} login successful
84346,2026-01-16,06:14:20,INFO,WebServer,User u4226 login successful,E101,User {user} login successful
84347,2026-01-16,06:43:11,INFO,OrderProcessor,User u3513 login successful,E101,User {user} login successful
84348,2026-01-16,06:20:35,INFO,AuthService,Health check passed: AuthService,E102,Health check passed: {service}
84349,2026-01-16,06:59:22,INFO,AuthService,User u3898 login successful,E101,User {user} login successful
84350,2026-01-16,06:41:13,INFO,WebServer,Health check passed: WebServer,E102,Health check passed: {service}
84351,2026-01-16,07:23:14,INFO,AuthService,Transaction tx696521 completed in 354ms,E104,Transaction {tx} completed in {time}ms
84352,2026-01-16,07:15:28,INFO,WebServer,Transaction tx374244 completed in 262ms,E104,Transaction {tx} completed in {time}ms
84353,2026-01-16,07:29:58,INFO,WebServer,Health check passed: WebServer,E102,Health check passed: {service}
84354,2026-01-16,07:34:52,WARN,WebServer,Disk usage > 85% on node node-5,E202,Disk usage > 85% on node {node}
84355,2026-01-16,07:11:40,WARN,WebServer,High latency (1908ms) detected on WebServer,E201,High latency ({time}ms) detected on {service}
84356,2026-01-16,07:26:11,INFO,WebServer,Page view: /home by u1236,E103,Page view: {page} by {user}
84357,2026-01-16,07:43:12,INFO,AuthService,User u1684 login successful,E101,User {user} login successful
84358,2026-01-16,07:58:58,INFO,WebServer,User u2223 login successful,E101,User {user} login successful
84359,2026-01-16,07:04:58,INFO,OrderProcessor,Page view: /home by u2927,E103,Page view: {page} by {user}
84360,2026-01-16,07:35:38,INFO,AuthService,Page view: /home by u3208,E103,Page view: {page} by {user}
84361,2026-01-16,07:49:28,WARN,WebServer,Disk usage > 85% on node node-4,E202,Disk usage > 85% on node {node}
84362,2026-01-16,07:27:17,INFO,AuthService,Page view: /home by u3387,E103,Page view: {page} by {user}
84363,2026-01-16,07:41:02,INFO,WebServer,Health check passed: WebServer,E102,Health check passed: {service}
84364,2026-01-16,07:35:18,INFO,WebServer,Transaction tx663794 completed in 1367ms,E104,Transaction {tx} completed in {time}ms
84365,2026-01-16,07:07:23,INFO,AuthService,Transaction tx725211 completed in 1612ms,E104,Transaction {tx} completed in {time}ms
84366,2026-01-16,07:31:53,INFO,WebServer,Health check passed: WebServer,E102,Health check passed: {service}
84367,2026-01-16,07:44:43,INFO,OrderProcessor,Page view: /home by u4039,E103,Page view: {page} by {user}
84368,2026-01-16,07:52:04,INFO,PaymentGateway,Transaction tx929495 completed in 1227ms,E104,Transaction {tx} completed in {time}ms
84369,2026-01-16,07:07:48,INFO,WebServer,Transaction tx631306 completed in 1906ms,E104,Transaction {tx} completed in {time}ms
84370,2026-01-16,07:34:47,ERROR,InventoryDB,Payment declined: Gateway unavailable,E503,Payment declined: Gateway unavailable
84371,2026-01-16,07:51:39,INFO,WebServer,Transaction tx796457 completed in 1034ms,E104,Transaction {tx} completed in {time}ms
84372,2026-01-16,07:21:27,INFO,AuthService,Page view: /home by u3604,E103,Page view: {page} by {user}
84373,2026-01-16,07:23:51,INFO,AuthService,User u2049 login successful,E101,User {user} login successful
84374,2026-01-16,07:00:58,INFO,AuthService,Health check passed: AuthService,E102,Health check passed: {service}
84375,2026-01-16,07:10:56,INFO,AuthService,Transaction tx800800 completed in 804ms,E104,Transaction {tx} completed in {time}ms
84376,2026-01-16,07:04:17,INFO,WebServer,User u4860 login successful,E101,User {user} login successful
84377,2026-01-16,07:16:41,INFO,WebServer,User u2812 login successful,E101,User {user} login successful
84378,2026-01-16,07:04:20,INFO,OrderProcessor,Page view: /home by u3072,E103,Page view: {page} by {user}
84379,2026-01-16,07:45:34,INFO,WebServer,Page view: /home by u3907,E103,Page view: {page} by {user}
84380,2026-01-16,07:20:39,INFO,PaymentGateway,Transaction tx285959 completed in 1791ms,E104,Transaction {tx} completed in {time}ms
84381,2026-01-16,07:39:47,INFO,WebServer,Transaction tx794736 completed in 1882ms,E104,Transaction {tx} completed in {time}ms
84382,2026-01-16,07:33:52,INFO,WebServer,Health check passed: WebServer,E102,Health check passed: {service}
84383,2026-01-16,07:00:44,INFO,AuthService,Page view: /home by u2379,E103,Page view: {page} by {user}
84384,2026-01-16,07:50:06,INFO,AuthService,User u3165 login successful,E101,User {user} login successful
84385,2026-01-16,07:07:18,INFO,WebServer,Health check passed: WebServer,E102,Health check passed: {service}
84386,2026-01-16,07:13:09,INFO,AuthService,Page view: /home by u1000,E103,Page view: {page} by {user}
84387,2026-01-16,07:59:24,INFO,WebServer,User u3135 login successful,E101,User {user} login successful
84388,2026-01-16,07:39:53,INFO,OrderProcessor,Transaction tx656310 completed in 1772ms,E104,Transaction {tx} completed in {time}ms
84389,2026-01-16,07:00:51,INFO,WebServer,User u2187 login successful,E101,User {user} login successful
84390,2026-01-16,07:00:24,INFO,WebServer,User u4778 login successful,E101,User {user} login successful
84391,2026-01-16,07:43:07,INFO,AuthService,User u4743 login successful,E101,User {user} login successful
84392,2026-01-16,07:43:31,INFO,WebServer,Health check passed: WebServer,E102,Health check passed: {service}
84393,2026-01-16,07:51:51,INFO,WebServer,Transaction tx728013 completed in 1114ms,E104,Transaction {tx} completed in {time}ms
84394,2026-01-16,07:09:27,INFO,AuthService,Transaction tx161342 completed in 343ms,E104,Transaction {tx} completed in {time}ms
84395,2026-01-16,07:58:07,INFO,WebServer,Page view: /home by u4825,E103,Page view: {page} by {user}
84396,2026-01-16,07:33:25,INFO,OrderProcessor,Health check passed: OrderProcessor,E102,Health check passed: {service}
84397,2026-01-16,07:58:21,INFO,WebServer,Transaction tx723760 completed in 736ms,E104,Transaction {tx} completed in {time}ms
84398,2026-01-16,07:01:37,INFO,PaymentGateway,Page view: /home by u1158,E103,Page view: {page} by {user}
84399,2026-01-16,07:37:32,INFO,OrderProcessor,Health check passed: OrderProcessor,E102,Health check passed: {service}
84400,2026-01-16,07:42:58,INFO,WebServer,Health check passed: WebServer,E102,Health check passed: {service}
84401,2026-01-16,07:57:45,INFO,WebServer,User u4803 login successful,E101,User {user} login successful
84402,2026-01-16,07:12:37,INFO,OrderProcessor,User u1060 login successful,E101,User {user} login successful
84403,2026-01-16,07:10:42,INFO,AuthService,Health check passed: AuthService,E102,Health check passed: {service}
84404,2026-01-16,07:53:23,INFO,WebServer,Transaction tx665084 completed in 1112ms,E104,Transaction {tx} completed in {time}ms
84405,2026-01-16,07:41:46,INFO,WebServer,Transaction tx976358 completed in 1757ms,E104,Transaction {tx} completed in {time}ms
84406,2026-01-16,07:19:23,INFO,WebServer,Transaction tx287547 completed in 1834ms,E104,Transaction {tx} completed in {time}ms
84407,2026-01-16,07:24:57,WARN,WebServer,Unauthorized access attempt from 10.0.0.88,E401,Unauthorized access attempt from {ip}
84408,2026-01-16,07:36:20,INFO,WebServer,User u4647 login successful,E101,User {user} login successful
84409,2026-01-16,07:07:50,INFO,WebServer,Transaction tx891223 completed in 1913ms,E104,Transaction {tx} completed in {time}ms
84410,2026-01-16,07:27:43,INFO,OrderProcessor,Health check passed: OrderProcessor,E102,Health check passed: {service}
84411,2026-01-16,07:48:56,INFO,WebServer,Transaction tx556939 completed in 649ms,E104,Transaction {tx} completed in {time}ms
84412,2026-01-16,07:15:15,INFO,WebServer,Transaction tx955154 completed in 1726ms,E104,Transaction {tx} completed in {time}ms
84413,2026-01-16,07:24:05,INFO,WebServer,Page view: /home by u3100,E103,Page view: {page} by {user}
84414,2026-01-16,07:01:35,INFO,InventoryDB,Transaction tx382037 completed in 1313ms,E104,Transaction {tx} completed in {time}ms
84415,2026-01-16,07:10:22,INFO,OrderProcessor,User u4630 login successful,E101,User {user} login successful
84416,2026-01-16,07:53:36,INFO,OrderProcessor,User u1762 login successful,E101,User {user} login successful
84417,2026-01-16,07:17:28,INFO,WebServer,Transaction tx403117 completed in 807ms,E104,Transaction {tx} completed in {time}ms
84418,2026-01-16,07:48:06,INFO,WebServer,Health check passed: WebServer,E102,Health check passed: {service}
84419,2026-01-16,07:46:43,INFO,InventoryDB,Transaction tx405305 completed in 249ms,E104,Transaction {tx} completed in {time}ms
84420,2026-01-16,07:33:42,INFO,WebServer,Health check passed: WebServer,E102,Health check passed: {service}
84421,2026-01-16,07:28:27,INFO,WebServer,Health check passed: WebServer,E102,Health check passed: {service}
84422,2026-01-16,07:44:30,INFO,WebServer,User u1493 login successful,E101,User {user} login successful
84423,2026-01-16,07:26:06,INFO,WebServer,Page view: /home by u2326,E103,Page view: {page} by {user}
84424,2026-01-16,07:33:08,INFO,WebServer,Transaction tx251132 completed in 191ms,E104,Transaction {tx} completed in {time}ms
84425,2026-01-16,07:55:46,ERROR,AuthService,Timeout waiting for lock on InventoryDB,E502,Timeout waiting for lock on {db}
84426,2026-01-16,07:19:33,CRITICAL,PaymentGateway,KERNEL PANIC: Node node-4 crashed,E601,KERNEL PANIC: Node {node} crashed
84427,2026-01-16,07:05:52,INFO,AuthService,Transaction tx582274 completed in 1626ms,E104,Transaction {tx} completed in {time}ms
84428,2026-01-16,07:35:38,INFO,AuthService,Page view: /home by u1159,E103,Page view: {page} by {user}
84429,2026-01-16,07:38:42,INFO,WebServer,Transaction tx568362 completed in 1948ms,E104,Transaction {tx} completed in {time}ms
84430,2026-01-16,07:33:51,INFO,OrderProcessor,User u1261 login successful,E101,User {user} login successful
84431,2026-01-16,07:25:09,INFO,WebServer,Page view: /home by u2178,E103,Page view: {page} by {user}
84432,2026-01-16,07:35:24,INFO,WebServer,Page view: /home by u4123,E103,Page view: {page} by {user}
84433,2026-01-16,07:09:00,CRITICAL,AuthService,DATA CORRUPTION detected in sector 125,E602,DATA CORRUPTION detected in sector {sector}
84434,2026-01-16,07:40:46,INFO,AuthService,Health check passed: AuthService,E102,Health check passed: {service}
84435,2026-01-16,07:42:49,INFO,AuthService,Page view: /home by u2224,E103,Page view: {page} by {user}
84436,2026-01-16,07:43:43,INFO,WebServer,Health check passed: WebServer,E102,Health check passed: {service}
84437,2026-01-16,07:03:56,INFO,WebServer,User u4100 login successful,E101,User {user} login successful
84438,2026-01-16,07:37:06,INFO,OrderProcessor,Transaction tx536048 completed in 1715ms,E104,Transaction {tx} completed in {time}ms
84439,2026-01-16,07:06:23,INFO,WebServer,Page view: /home by u2239,E103,Page view: {page} by {user}
84440,2026-01-16,07:29:16,INFO,WebServer,User u2983 login successful,E101,User {user} login successful
84441,2026-01-16,07:08:33,INFO,AuthService,User u4293 login successful,E101,User {user} login successful
84442,2026-01-16,07:21:27,INFO,InventoryDB,User u4058 login successful,E101,User {user} login successful
84443,2026-01-16,07:59:28,INFO,WebServer,Health check passed: WebServer,E102,Health check passed: {service}
84444,2026-01-16,07:08:08,INFO,PaymentGateway,Transaction tx637656 completed in 1518ms,E104,Transaction {tx} completed in {time}ms
84445,2026-01-16,07:09:15,INFO,PaymentGateway,User u1934 login successful,E101,User {user} login successful
84446,2026-01-16,07:32:32,INFO,AuthService,User u1673 login successful,E101,User {user} login successful
84447,2026-01-16,07:05:18,INFO,WebServer,User u1015 login successful,E101,User {user} login successful
84448,2026-01-16,07:16:17,INFO,WebServer,User u1815 login successful,E101,User {user} login successful
84449,2026-01-16,07:09:40,INFO,WebServer,User u1189 login successful,E101,User {user} login successful
84450,2026-01-16,07:10:54,INFO,WebServer,User u3711 login successful,E101,User {user} login successful
84451,2026-01-16,07:20:00,INFO,AuthService,Health check passed: AuthService,E102,Health check passed: {service}
84452,2026-01-16,07:59:35,INFO,AuthService,User u3799 login successful,E101,User {user} login successful
84453,2026-01-16,07:30:43,INFO,PaymentGateway,Transaction tx910128 completed in 348ms,E104,Transaction {tx} completed in {time}ms
84454,2026-01-16,07:34:27,INFO,AuthService,User u2828 login successful,E101,User {user} login successful
84455,2026-01-16,07:33:06,INFO,WebServer,Health check passed: WebServer,E102,Health check passed: {service}
84456,2026-01-16,07:09:59,WARN,AuthService,Unauthorized access attempt from 192.168.1.5,E401,Unauthorized access attempt from {ip}
84457,2026-01-16,07:38:06,INFO,OrderProcessor,User u4998 login successful,E101,User {user} login successful
84458,2026-01-16,07:30:02,INFO,WebServer,Health check passed: WebServer,E102,Health check passed: {service}
84459,2026-01-16,07:06:54,INFO,WebServer,User u3288 login successful,E101,User {user} login successful
84460,2026-01-16,07:20:57,INFO,AuthService,User u2078 login successful,E101,User {user} login successful
84461,2026-01-16,07:28:42,INFO,OrderProcessor,Transaction tx369103 completed in 798ms,E104,Transaction {tx} completed in {time}ms
84462,2026-01-16,07:52:32,INFO,WebServer,User u4939 login successful,E101,User {user} login successful
84463,2026-01-16,07:25:42,INFO,WebServer,User u1856 login successful,E101,User {user} login successful
84464,2026-01-16,07:33:31,WARN,WebServer,High latency (313ms) detected on WebServer,E201,High latency ({time}ms) detected on {service}
84465,2026-01-16,07:46:33,INFO,AuthService,User u3481 login successful,E101,User {user} login successful
84466,2026-01-16,07:18:21,INFO,WebServer,User u1671 login successful,E101,User {user} login successful
84467,2026-01-16,07:33:32,INFO,AuthService,User u4103 login successful,E101,User {user} login successful
84468,2026-01-16,07:01:51,INFO,WebServer,Transaction tx726486 completed in 432ms,E104,Transaction {tx} completed in {time}ms
84469,2026-01-16,07:18:40,INFO,PaymentGateway,Page view: /home by u2558,E103,Page view: {page} by {user}
84470,2026-01-16,07:27:44,WARN,AuthService,High latency (1479ms) detected on AuthService,E201,High latency ({time}ms) detected on {service}
84471,2026-01-16,07:10:41,INFO,PaymentGateway,Transaction tx776857 completed in 726ms,E104,Transaction {tx} completed in {time}ms
84472,2026-01-16,07:40:53,INFO,OrderProcessor,Transaction tx363692 completed in 420ms,E104,Transaction {tx} completed in {time}ms
84473,2026-01-16,07:44:31,INFO,AuthService,User u4753 login successful,E101,User {user} login successful
84474,2026-01-16,07:39:43,INFO,OrderProcessor,Transaction tx775493 completed in 225ms,E104,Transaction {tx} completed in {time}ms
84475,2026-01-16,07:40:49,INFO,WebServer,User u3582 login successful,E101,User {user} login successful
84476,2026-01-16,07:19:12,INFO,WebServer,Health check passed: WebServer,E102,Health check passed: {service}
84477,2026-01-16,07:22:33,INFO,InventoryDB,User u4098 login successful,E101,User {user} login successful
84478,2026-01-16,07:45:45,INFO,WebServer,Health check passed: WebServer,E102,Health check passed: {service}
84479,2026-01-16,07:00:07,INFO,AuthService,Page view: /home by u2552,E103,Page view: {page} by {user}
84480,2026-01-16,07:34:04,INFO,WebServer,Health check passed: WebServer,E102,Health check passed: {service}
84481,2026-01-16,07:19:28,INFO,PaymentGateway,Health check passed: PaymentGateway,E102,Health check passed: {service}
84482,2026-01-16,07:25:07,INFO,InventoryDB,User u4427 login successful,E101,User {user} login successful
84483,2026-01-16,07:04:19,INFO,OrderProcessor,User u1046 login successful,E101,User {user} login successful
84484,2026-01-16,07:28:37,INFO,OrderProcessor,User u3016 login successful,E101,User {user} login successful
84485,2026-01-16,07:46:50,INFO,PaymentGateway,Health check passed: PaymentGateway,E102,Health check passed: {service}
84486,2026-01-16,07:19:31,INFO,WebServer,Health check passed: WebServer,E102,Health check passed: {service}
84487,2026-01-16,07:51:45,WARN,WebServer,Unauthorized access attempt from 10.0.0.45,E401,Unauthorized access attempt from {ip}
84488,2026-01-16,07:53:47,INFO,WebServer,Health check passed: WebServer,E102,Health check passed: {service}
84489,2026-01-16,07:18:59,INFO,AuthService,Health check passed: AuthService,E102,Health check passed: {service}
84490,2026-01-16,07:04:02,INFO,PaymentGateway,Page view: /home by u4944,E103,Page view: {page} by {user}
84491,2026-01-16,07:34:42,INFO,OrderProcessor,Page view: /home by u3620,E103,Page view: {page} by {user}
84492,2026-01-16,07:40:15,WARN,WebServer,Unauthorized access attempt from 10.0.0.88,E401,Unauthorized access attempt from {ip}
84493,2026-01-16,07:41:44,WARN,WebServer,High latency (704ms) detected on WebServer,E201,High latency ({time}ms) detected on {service}
84494,2026-01-16,07:07:45,INFO,WebServer,Transaction tx662071 completed in 497ms,E104,Transaction {tx} completed in {time}ms
84495,2026-01-16,07:53:58,INFO,OrderProcessor,User u2443 login successful,E101,User {user} login successful
84496,2026-01-16,07:01:32,INFO,WebServer,Health check passed: WebServer,E102,Health check passed: {service}
84497,2026-01-16,07:47:46,WARN,InventoryDB,Unauthorized access attempt from 10.0.0.12,E401,Unauthorized access attempt from {ip}
84498,2026-01-16,07:36:59,WARN,AuthService,High latency (354ms) detected on AuthService,E201,High latency ({time}ms) detected on {service}
84499,2026-01-16,07:07:42,INFO,OrderProcessor,Health check passed: OrderProcessor,E102,Health check passed: {service}
84500,2026-01-16,07:18:05,WARN,WebServer,Unauthorized access attempt from 10.0.0.45,E401,Unauthorized access attempt from {ip}
84501,2026-01-16,07:19:05,INFO,WebServer,User u3778 login successful,E101,User {user} login successful
84502,2026-01-16,07:02:45,INFO,WebServer,User u3515 login successful,E101,User {user} login successful
84503,2026-01-16,07:22:10,INFO,InventoryDB,Transaction tx613790 completed in 125ms,E104,Transaction {tx} completed in {time}ms
84504,2026-01-16,07:55:05,INFO,AuthService,Transaction tx284032 completed in 1653ms,E104,Transaction {tx} completed in {time}ms
84505,2026-01-16,07:25:48,INFO,PaymentGateway,Page view: /home by u3882,E103,Page view: {page} by {user}
84506,2026-01-16,07:10:18,INFO,AuthService,Health check passed: AuthService,E102,Health check passed: {service}
84507,2026-01-16,07:27:44,INFO,WebServer,User u3837 login successful,E101,User {user} login successful
84508,2026-01-16,07:39:49,INFO,WebServer,User u4092 login successful,E101,User {user} login successful
84509,2026-01-16,07:09:36,INFO,OrderProcessor,User u3218 login successful,E101,User {user} login successful
84510,2026-01-16,07:59:17,INFO,AuthService,Transaction tx376733 completed in 720ms,E104,Transaction {tx} completed in {time}ms
84511,2026-01-16,07:58:52,WARN,AuthService,High latency (1398ms) detected on AuthService,E201,High latency ({time}ms) detected on {service}
84512,2026-01-16,07:07:11,INFO,WebServer,User u4681 login successful,E101,User {user} login successful
84513,2026-01-16,07:35:05,INFO,WebServer,Health check passed: WebServer,E102,Health check passed: {service}
84514,2026-01-16,07:33:06,INFO,WebServer,Transaction tx937102 completed in 646ms,E104,Transaction {tx} completed in {time}ms
84515,2026-01-16,07:26:06,INFO,AuthService,Health check passed: AuthService,E102,Health check passed: {service}
84516,2026-01-16,07:20:48,INFO,AuthService,Page view: /home by u1319,E103,Page view: {page} by {user}
84517,2026-01-16,07:29:58,WARN,WebServer,High latency (1677ms) detected on WebServer,E201,High latency ({time}ms) detected on {service}
84518,2026-01-16,07:06:32,INFO,InventoryDB,Health check passed: InventoryDB,E102,Health check passed: {service}
84519,2026-01-16,07:10:08,INFO,AuthService,Page view: /home by u3644,E103,Page view: {page} by {user}
84520,2026-01-16,07:22:12,INFO,WebServer,Health check passed: WebServer,E102,Health check passed: {service}
84521,2026-01-16,07:25:16,INFO,WebServer,User u1797 login successful,E101,User {user} login successful
84522,2026-01-16,07:27:11,INFO,WebServer,Transaction tx434962 completed in 1440ms,E104,Transaction {tx} completed in {time}ms
84523,2026-01-16,07:47:45,INFO,WebServer,Health check passed: WebServer,E102,Health check passed: {service}
84524,2026-01-16,07:55:45,INFO,WebServer,Health check passed: WebServer,E102,Health check passed: {service}
84525,2026-01-16,07:16:50,WARN,AuthService,Unauthorized access attempt from 10.0.0.12,E401,Unauthorized access attempt from {ip}
84526,2026-01-16,07:59:59,INFO,AuthService,User u3133 login successful,E101,User {user} login successful
84527,2026-01-16,07:11:59,INFO,WebServer,Page view: /home by u1813,E103,Page view: {page} by {user}
84528,2026-01-16,07:38:02,INFO,OrderProcessor,Health check passed: OrderProcessor,E102,Health check passed: {service}
84529,2026-01-16,07:44:06,INFO,OrderProcessor,Health check passed: OrderProcessor,E102,Health check passed: {service}
84530,2026-01-16,07:57:23,INFO,OrderProcessor,Health check passed: OrderProcessor,E102,Health check passed: {service}
84531,2026-01-16,07:33:09,INFO,AuthService,Health check passed: AuthService,E102,Health check passed: {service}
84532,2026-01-16,07:12:16,INFO,WebServer,Health check passed: WebServer,E102,Health check passed: {service}
84533,2026-01-16,07:55:30,INFO,OrderProcessor,Health check passed: OrderProcessor,E102,Health check passed: {service}
84534,2026-01-16,07:03:02,WARN,WebServer,Unauthorized access attempt from 10.0.0.12,E401,Unauthorized access attempt from {ip}
84535,2026-01-16,07:22:35,INFO,WebServer,Page view: /home by u4903,E103,Page view: {page} by {user}
84536,2026-01-16,07:09:00,INFO,AuthService,User u3944 login successful,E101,User {user} login successful
84537,2026-01-16,07:14:26,INFO,AuthService,User u3845 login successful,E101,User {user} login successful
84538,2026-01-16,07:12:34,INFO,WebServer,Transaction tx493605 completed in 850ms,E104,Transaction {tx} completed in {time}ms
84539,2026-01-16,07:07:19,INFO,WebServer,Transaction tx199344 completed in 257ms,E104,Transaction {tx} completed in {time}ms
84540,2026-01-16,07:04:48,WARN,WebServer,High latency (1622ms) detected on WebServer,E201,High latency ({time}ms) detected on {service}
84541,2026-01-16,07:42:23,WARN,WebServer,High latency (1369ms) detected on WebServer,E201,High latency ({time}ms) detected on {service}
84542,2026-01-16,07:06:19,INFO,WebServer,Health check passed: WebServer,E102,Health check passed: {service}
84543,2026-01-16,07:28:01,INFO,OrderProcessor,User u2816 login successful,E101,User {user} login successful
84544,2026-01-16,07:21:56,INFO,WebServer,Page view: /home by u3034,E103,Page view: {page} by {user}
84545,2026-01-16,07:17:15,INFO,WebServer,User u4158 login successful,E101,User {user} login successful
84546,2026-01-16,07:17:53,INFO,OrderProcessor,User u2443 login successful,E101,User {user} login successful
84547,2026-01-16,07:22:13,INFO,PaymentGateway,Health check passed: PaymentGateway,E102,Health check passed: {service}
84548,2026-01-16,07:18:23,INFO,InventoryDB,Page view: /home by u1417,E103,Page view: {page} by {user}
84549,2026-01-16,07:49:27,INFO,WebServer,Health check passed: WebServer,E102,Health check passed: {service}
84550,2026-01-16,07:04:47,INFO,WebServer,Transaction tx181101 completed in 1916ms,E104,Transaction {tx} completed in {time}ms
84551,2026-01-16,07:18:49,INFO,InventoryDB,Transaction tx701684 completed in 651ms,E104,Transaction {tx} completed in {time}ms
84552,2026-01-16,07:17:39,INFO,WebServer,User u4591 login successful,E101,User {user} login successful
84553,2026-01-16,07:20:37,INFO,PaymentGateway,User u3784 login successful,E101,User {user} login successful
84554,2026-01-16,07:39:13,INFO,PaymentGateway,Transaction tx764747 completed in 49ms,E104,Transaction {tx} completed in {time}ms
84555,2026-01-16,07:46:06,INFO,AuthService,Health check passed: AuthService,E102,Health check passed: {service}
84556,2026-01-16,07:54:54,INFO,WebServer,Health check passed: WebServer,E102,Health check passed: {service}
84557,2026-01-16,07:57:51,INFO,AuthService,Transaction tx207752 completed in 525ms,E104,Transaction {tx} completed in {time}ms
84558,2026-01-16,07:26:50,INFO,AuthService,Health check passed: AuthService,E102,Health check passed: {service}
84559,2026-01-16,07:35:08,INFO,WebServer,Page view: /home by u1674,E103,Page view: {page} by {user}
84560,2026-01-16,07:26:39,INFO,WebServer,Transaction tx613400 completed in 1969ms,E104,Transaction {tx} completed in {time}ms
84561,2026-01-16,07:30:49,INFO,PaymentGateway,User u4388 login successful,E101,User {user} login successful
84562,2026-01-16,07:33:49,INFO,PaymentGateway,Transaction tx106563 completed in 84ms,E104,Transaction {tx} completed in {time}ms
84563,2026-01-16,07:45:37,INFO,WebServer,Transaction tx540513 completed in 1261ms,E104,Transaction {tx} completed in {time}ms
84564,2026-01-16,07:20:02,INFO,WebServer,Health check passed: WebServer,E102,Health check passed: {service}
84565,2026-01-16,07:24:54,INFO,PaymentGateway,Health check passed: PaymentGateway,E102,Health check passed: {service}
84566,2026-01-16,07:45:55,INFO,OrderProcessor,User u4149 login successful,E101,User {user} login successful
84567,2026-01-16,07:56:08,INFO,WebServer,Transaction tx922421 completed in 531ms,E104,Transaction {tx} completed in {time}ms
84568,2026-01-16,07:47:41,WARN,AuthService,High latency (529ms) detected on AuthService,E201,High latency ({time}ms) detected on {service}
84569,2026-01-16,07:46:22,INFO,OrderProcessor,User u3076 login successful,E101,User {user} login successful
84570,2026-01-16,07:19:55,INFO,WebServer,Page view: /home by u2194,E103,Page view: {page} by {user}
84571,2026-01-16,07:40:05,INFO,PaymentGateway,Health check passed: PaymentGateway,E102,Health check passed: {service}
84572,2026-01-16,07:06:07,INFO,AuthService,User u4607 login successful,E101,User {user} login successful
84573,2026-01-16,07:13:57,WARN,WebServer,High latency (1521ms) detected on WebServer,E201,High latency ({time}ms) detected on {service}
84574,2026-01-16,07:45:16,INFO,AuthService,User u1885 login successful,E101,User {user} login successful
84575,2026-01-16,07:20:31,INFO,AuthService,Transaction tx785883 completed in 551ms,E104,Transaction {tx} completed in {time}ms
84576,2026-01-16,07:37:09,INFO,WebServer,Transaction tx204092 completed in 312ms,E104,Transaction {tx} completed in {time}ms
84577,2026-01-16,07:45:07,INFO,AuthService,User u1048 login successful,E101,User {user} login successful
84578,2026-01-16,07:26:32,INFO,PaymentGateway,Page view: /home by u3063,E103,Page view: {page} by {user}
84579,2026-01-16,07:39:44,INFO,PaymentGateway,Health check passed: PaymentGateway,E102,Health check passed: {service}
84580,2026-01-16,07:03:42,INFO,WebServer,Transaction tx442318 completed in 1119ms,E104,Transaction {tx} completed in {time}ms
84581,2026-01-16,07:01:54,INFO,WebServer,Health check passed: WebServer,E102,Health check passed: {service}
84582,2026-01-16,07:29:31,INFO,WebServer,User u1130 login successful,E101,User {user} login successful
84583,2026-01-16,07:22:08,INFO,WebServer,Transaction tx346769 completed in 469ms,E104,Transaction {tx} completed in {time}ms
84584,2026-01-16,07:21:38,INFO,WebServer,Page view: /home by u2560,E103,Page view: {page} by {user}
84585,2026-01-16,07:07:23,INFO,WebServer,Health check passed: WebServer,E102,Health check passed: {service}
84586,2026-01-16,07:21:22,INFO,WebServer,Page view: /home by u2465,E103,Page view: {page} by {user}
84587,2026-01-16,07:12:24,INFO,WebServer,Health check passed: WebServer,E102,Health check passed: {service}
84588,2026-01-16,07:42:31,INFO,WebServer,User u4521 login successful,E101,User {user} login successful
84589,2026-01-16,07:57:53,INFO,WebServer,Transaction tx798602 completed in 1580ms,E104,Transaction {tx} completed in {time}ms
84590,2026-01-16,07:56:04,INFO,WebServer,User u2805 login successful,E101,User {user} login successful
84591,2026-01-16,07:37:51,INFO,AuthService,Health check passed: AuthService,E102,Health check passed: {service}
84592,2026-01-16,07:23:34,INFO,PaymentGateway,Transaction tx487020 completed in 1775ms,E104,Transaction {tx} completed in {time}ms
84593,2026-01-16,07:30:44,INFO,WebServer,Health check passed: WebServer,E102,Health check passed: {service}
84594,2026-01-16,07:36:41,INFO,AuthService,Transaction tx213418 completed in 973ms,E104,Transaction {tx} completed in {time}ms
84595,2026-01-16,07:28:01,INFO,WebServer,Transaction tx405589 completed in 1721ms,E104,Transaction {tx} completed in {time}ms
84596,2026-01-16,07:59:44,INFO,AuthService,User u3279 login successful,E101,User {user} login successful
84597,2026-01-16,07:30:44,INFO,AuthService,Transaction tx529958 completed in 1335ms,E104,Transaction {tx} completed in {time}ms
84598,2026-01-16,07:12:04,INFO,PaymentGateway,Health check passed: PaymentGateway,E102,Health check passed: {service}
84599,2026-01-16,07:58:58,INFO,WebServer,Health check passed: WebServer,E102,Health check passed: {service}
84600,2026-01-16,07:58:35,CRITICAL,AuthService,KERNEL PANIC: Node node-4 crashed,E601,KERNEL PANIC: Node {node} crashed
84601,2026-01-16,07:36:05,INFO,OrderProcessor,Health check passed: OrderProcessor,E102,Health check passed: {service}
84602,2026-01-16,07:32:50,INFO,AuthService,Health check passed: AuthService,E102,Health check passed: {service}
84603,2026-01-16,07:51:57,INFO,AuthService,Health check passed: AuthService,E102,Health check passed: {service}
84604,2026-01-16,07:21:59,INFO,AuthService,Health check passed: AuthService,E102,Health check passed: {service}
84605,2026-01-16,07:05:05,INFO,WebServer,Page view: /home by u1465,E103,Page view: {page} by {user}
84606,2026-01-16,07:26:50,INFO,WebServer,Page view: /home by u4402,E103,Page view: {page} by {user}
84607,2026-01-16,07:00:58,INFO,InventoryDB,Page view: /home by u4965,E103,Page view: {page} by {user}
84608,2026-01-16,07:23:07,INFO,WebServer,User u4147 login successful,E101,User {user} login successful
84609,2026-01-16,07:22:51,INFO,WebServer,Page view: /home by u1671,E103,Page view: {page} by {user}
84610,2026-01-16,07:33:01,INFO,WebServer,Health check passed: WebServer,E102,Health check passed: {service}
84611,2026-01-16,07:34:55,INFO,AuthService,User u2103 login successful,E101,User {user} login successful
84612,2026-01-16,07:44:44,INFO,WebServer,Transaction tx552929 completed in 1332ms,E104,Transaction {tx} completed in {time}ms
84613,2026-01-16,07:54:22,INFO,WebServer,Page view: /home by u4808,E103,Page view: {page} by {user}
84614,2026-01-16,07:36:27,INFO,WebServer,Health check passed: WebServer,E102,Health check passed: {service}
84615,2026-01-16,07:45:53,INFO,PaymentGateway,Health check passed: PaymentGateway,E102,Health check passed: {service}
84616,2026-01-16,07:51:19,INFO,WebServer,Health check passed: WebServer,E102,Health check passed: {service}
84617,2026-01-16,07:56:54,INFO,WebServer,User u1807 login successful,E101,User {user} login successful
84618,2026-01-16,07:42:08,INFO,OrderProcessor,User u2399 login successful,E101,User {user} login successful
84619,2026-01-16,07:22:47,INFO,OrderProcessor,User u3972 login successful,E101,User {user} login successful
84620,2026-01-16,07:54:22,INFO,WebServer,Page view: /home by u4928,E103,Page view: {page} by {user}
84621,2026-01-16,07:57:33,INFO,AuthService,Page view: /home by u4299,E103,Page view: {page} by {user}
84622,2026-01-16,07:47:25,INFO,WebServer,Health check passed: WebServer,E102,Health check passed: {service}
84623,2026-01-16,07:05:05,INFO,OrderProcessor,Health check passed: OrderProcessor,E102,Health check passed: {service}
84624,2026-01-16,07:56:57,INFO,OrderProcessor,Transaction tx295129 completed in 299ms,E104,Transaction {tx} completed in {time}ms
84625,2026-01-16,07:09:11,INFO,OrderProcessor,Transaction tx385372 completed in 1307ms,E104,Transaction {tx} completed in {time}ms
84626,2026-01-16,07:48:19,INFO,AuthService,User u4180 login successful,E101,User {user} login successful
84627,2026-01-16,07:22:01,INFO,WebServer,Health check passed: WebServer,E102,Health check passed: {service}
84628,2026-01-16,07:30:43,INFO,AuthService,User u4526 login successful,E101,User {user} login successful
84629,2026-01-16,07:27:08,INFO,WebServer,Page view: /home by u4324,E103,Page view: {page} by {user}
84630,2026-01-16,07:22:21,INFO,WebServer,Health check passed: WebServer,E102,Health check passed: {service}
84631,2026-01-16,07:12:13,INFO,OrderProcessor,Page view: /home by u1761,E103,Page view: {page} by {user}
84632,2026-01-16,07:25:46,INFO,PaymentGateway,Health check passed: PaymentGateway,E102,Health check passed: {service}
84633,2026-01-16,07:37:27,INFO,WebServer,Health check passed: WebServer,E102,Health check passed: {service}
84634,2026-01-16,07:51:41,INFO,InventoryDB,Transaction tx166769 completed in 1777ms,E104,Transaction {tx} completed in {time}ms
84635,2026-01-16,07:30:43,INFO,WebServer,Health check passed: WebServer,E102,Health check passed: {service}
84636,2026-01-16,07:59:29,INFO,WebServer,Transaction tx427003 completed in 1368ms,E104,Transaction {tx} completed in {time}ms
84637,2026-01-16,07:04:33,CRITICAL,WebServer,DATA CORRUPTION detected in sector 133,E602,DATA CORRUPTION detected in sector {sector}
84638,2026-01-16,07:18:37,ERROR,OrderProcessor,Connection refused to OrderProcessor at 10.0.0.88,E501,Connection refused to {service} at {ip}
84639,2026-01-16,07:01:29,INFO,AuthService,Page view: /home by u1450,E103,Page view: {page} by {user}
84640,2026-01-16,07:13:46,INFO,WebServer,Transaction tx836903 completed in 1587ms,E104,Transaction {tx} completed in {time}ms
84641,2026-01-16,07:35:43,INFO,WebServer,Page view: /home by u2835,E103,Page view: {page} by {user}
84642,2026-01-16,07:43:00,INFO,InventoryDB,User u3191 login successful,E101,User {user} login successful
84643,2026-01-16,07:38:58,INFO,WebServer,Transaction tx231581 completed in 1749ms,E104,Transaction {tx} completed in {time}ms
84644,2026-01-16,07:45:08,INFO,InventoryDB,Page view: /home by u2506,E103,Page view: {page} by {user}
84645,2026-01-16,07:27:05,INFO,WebServer,Health check passed: WebServer,E102,Health check passed: {service}
84646,2026-01-16,07:38:26,INFO,WebServer,Transaction tx304173 completed in 1108ms,E104,Transaction {tx} completed in {time}ms
84647,2026-01-16,07:20:17,INFO,OrderProcessor,Page view: /home by u2761,E103,Page view: {page} by {user}
84648,2026-01-16,07:56:26,INFO,PaymentGateway,Health check passed: PaymentGateway,E102,Health check passed: {service}
84649,2026-01-16,07:55:08,INFO,PaymentGateway,Health check passed: PaymentGateway,E102,Health check passed: {service}
84650,2026-01-16,07:55:02,INFO,WebServer,User u4284 login successful,E101,User {user} login successful
84651,2026-01-16,07:31:25,INFO,WebServer,Page view: /home by u1844,E103,Page view: {page} by {user}
84652,2026-01-16,07:24:35,INFO,OrderProcessor,Transaction tx996637 completed in 357ms,E104,Transaction {tx} completed in {time}ms
84653,2026-01-16,07:50:01,INFO,AuthService,User u3702 login successful,E101,User {user} login successful
84654,2026-01-16,07:47:25,INFO,WebServer,Page view: /home by u2576,E103,Page view: {page} by {user}
84655,2026-01-16,07:49:02,INFO,InventoryDB,Page view: /home by u3339,E103,Page view: {page} by {user}
84656,2026-01-16,07:31:42,INFO,OrderProcessor,User u2244 login successful,E101,User {user} login successful
84657,2026-01-16,07:25:29,INFO,OrderProcessor,Page view: /home by u4804,E103,Page view: {page} by {user}
84658,2026-01-16,07:07:09,INFO,OrderProcessor,Health check passed: OrderProcessor,E102,Health check passed: {service}
84659,2026-01-16,07:08:14,INFO,WebServer,User u3998 login successful,E101,User {user} login successful
84660,2026-01-16,07:06:35,INFO,WebServer,Transaction tx664216 completed in 627ms,E104,Transaction {tx} completed in {time}ms
84661,2026-01-16,07:24:05,INFO,OrderProcessor,Page view: /home by u3991,E103,Page view: {page} by {user}
84662,2026-01-16,07:13:21,INFO,PaymentGateway,Transaction tx355995 completed in 1369ms,E104,Transaction {tx} completed in {time}ms
84663,2026-01-16,07:33:58,INFO,WebServer,Health check passed: WebServer,E102,Health check passed: {service}
84664,2026-01-16,07:08:13,INFO,PaymentGateway,Page view: /home by u3285,E103,Page view: {page} by {user}
84665,2026-01-16,07:52:58,INFO,OrderProcessor,Transaction tx939734 completed in 476ms,E104,Transaction {tx} completed in {time}ms
84666,2026-01-16,07:01:43,INFO,WebServer,Page view: /home by u1331,E103,Page view: {page} by {user}
84667,2026-01-16,07:21:37,INFO,InventoryDB,Health check passed: InventoryDB,E102,Health check passed: {service}
84668,2026-01-16,07:01:11,INFO,WebServer,Transaction tx207021 completed in 148ms,E104,Transaction {tx} completed in {time}ms
84669,2026-01-16,07:13:24,INFO,WebServer,Health check passed: WebServer,E102,Health check passed: {service}
84670,2026-01-16,07:04:53,INFO,WebServer,Page view: /home by u2053,E103,Page view: {page} by {user}
84671,2026-01-16,07:03:31,INFO,WebServer,Page view: /home by u1182,E103,Page view: {page} by {user}
84672,2026-01-16,07:38:03,INFO,AuthService,Health check passed: AuthService,E102,Health check passed: {service}
84673,2026-01-16,07:46:29,INFO,WebServer,Page view: /home by u1561,E103,Page view: {page} by {user}
84674,2026-01-16,07:30:47,INFO,WebServer,Transaction tx223759 completed in 1639ms,E104,Transaction {tx} completed in {time}ms
84675,2026-01-16,07:49:06,INFO,WebServer,Health check passed: WebServer,E102,Health check passed: {service}
84676,2026-01-16,07:11:55,INFO,AuthService,Transaction tx214949 completed in 1905ms,E104,Transaction {tx} completed in {time}ms
84677,2026-01-16,07:43:54,INFO,WebServer,User u4225 login successful,E101,User {user} login successful
84678,2026-01-16,07:04:16,INFO,OrderProcessor,Transaction tx115764 completed in 353ms,E104,Transaction {tx} completed in {time}ms
84679,2026-01-16,07:03:05,INFO,WebServer,Transaction tx326817 completed in 1945ms,E104,Transaction {tx} completed in {time}ms
84680,2026-01-16,07:45:36,INFO,InventoryDB,Page view: /home by u4807,E103,Page view: {page} by {user}
84681,2026-01-16,07:27:14,INFO,PaymentGateway,Health check passed: PaymentGateway,E102,Health check passed: {service}
84682,2026-01-16,07:33:06,INFO,OrderProcessor,Transaction tx114853 completed in 921ms,E104,Transaction {tx} completed in {time}ms
84683,2026-01-16,07:11:16,INFO,OrderProcessor,Transaction tx799469 completed in 1774ms,E104,Transaction {tx} completed in {time}ms
84684,2026-01-16,07:25:12,INFO,WebServer,Health check passed: WebServer,E102,Health check passed: {service}
84685,2026-01-16,07:55:40,INFO,PaymentGateway,Health check passed: PaymentGateway,E102,Health check passed: {service}
84686,2026-01-16,07:07:43,INFO,AuthService,Page view: /home by u3704,E103,Page view: {page} by {user}
84687,2026-01-16,07:37:15,INFO,WebServer,Health check passed: WebServer,E102,Health check passed: {service}
84688,2026-01-16,07:49:06,INFO,WebServer,Transaction tx544658 completed in 837ms,E104,Transaction {tx} completed in {time}ms
84689,2026-01-16,07:01:06,INFO,AuthService,Transaction tx508494 completed in 387ms,E104,Transaction {tx} completed in {time}ms
84690,2026-01-16,07:54:06,INFO,WebServer,Health check passed: WebServer,E102,Health check passed: {service}
84691,2026-01-16,07:28:03,INFO,WebServer,Transaction tx997908 completed in 1413ms,E104,Transaction {tx} completed in {time}ms
84692,2026-01-16,07:53:15,INFO,WebServer,User u4901 login successful,E101,User {user} login successful
84693,2026-01-16,07:06:09,INFO,WebServer,User u1434 login successful,E101,User {user} login successful
84694,2026-01-16,07:47:10,INFO,OrderProcessor,Page view: /home by u4481,E103,Page view: {page} by {user}
84695,2026-01-16,07:20:55,INFO,AuthService,Health check passed: AuthService,E102,Health check passed: {service}
84696,2026-01-16,07:36:43,ERROR,OrderProcessor,Connection refused to OrderProcessor at 10.0.0.12,E501,Connection refused to {service} at {ip}
84697,2026-01-16,07:54:09,INFO,WebServer,Health check passed: WebServer,E102,Health check passed: {service}
84698,2026-01-16,07:39:34,INFO,InventoryDB,Transaction tx852116 completed in 1078ms,E104,Transaction {tx} completed in {time}ms
84699,2026-01-16,07:57:38,INFO,WebServer,Transaction tx186862 completed in 1299ms,E104,Transaction {tx} completed in {time}ms
84700,2026-01-16,07:38:37,INFO,OrderProcessor,User u4087 login successful,E101,User {user} login successful
84701,2026-01-16,07:54:45,INFO,OrderProcessor,Page view: /home by u2121,E103,Page view: {page} by {user}
84702,2026-01-16,07:03:01,INFO,AuthService,User u1843 login successful,E101,User {user} login successful
84703,2026-01-16,07:00:53,INFO,OrderProcessor,Transaction tx668367 completed in 1393ms,E104,Transaction {tx} completed in {time}ms
84704,2026-01-16,07:02:57,INFO,WebServer,User u3818 login successful,E101,User {user} login successful
84705,2026-01-16,07:58:09,INFO,OrderProcessor,Transaction tx272622 completed in 1488ms,E104,Transaction {tx} completed in {time}ms
84706,2026-01-16,07:55:23,INFO,WebServer,Page view: /home by u1181,E103,Page view: {page} by {user}
84707,2026-01-16,07:07:07,INFO,WebServer,User u2116 login successful,E101,User {user} login successful
84708,2026-01-16,07:45:44,INFO,PaymentGateway,Page view: /home by u4028,E103,Page view: {page} by {user}
84709,2026-01-16,07:49:20,INFO,PaymentGateway,Page view: /home by u4033,E103,Page view: {page} by {user}
84710,2026-01-16,07:11:30,INFO,AuthService,Health check passed: AuthService,E102,Health check passed: {service}
84711,2026-01-16,07:29:47,INFO,WebServer,Page view: /home by u1351,E103,Page view: {page} by {user}
84712,2026-01-16,07:39:33,WARN,WebServer,High latency (1293ms) detected on WebServer,E201,High latency ({time}ms) detected on {service}
84713,2026-01-16,07:18:45,INFO,WebServer,Transaction tx685034 completed in 1059ms,E104,Transaction {tx} completed in {time}ms
84714,2026-01-16,07:11:20,INFO,OrderProcessor,Transaction tx805009 completed in 268ms,E104,Transaction {tx} completed in {time}ms
84715,2026-01-16,07:03:25,INFO,PaymentGateway,Page view: /home by u4410,E103,Page view: {page} by {user}
84716,2026-01-16,07:02:22,INFO,WebServer,Health check passed: WebServer,E102,Health check passed: {service}
84717,2026-01-16,07:58:20,INFO,InventoryDB,Page view: /home by u3922,E103,Page view: {page} by {user}
84718,2026-01-16,07:58:59,INFO,WebServer,Page view: /home by u4298,E103,Page view: {page} by {user}
84719,2026-01-16,07:34:16,INFO,WebServer,Transaction tx984071 completed in 1718ms,E104,Transaction {tx} completed in {time}ms
84720,2026-01-16,07:01:07,INFO,PaymentGateway,Health check passed: PaymentGateway,E102,Health check passed: {service}
84721,2026-01-16,07:03:37,INFO,OrderProcessor,Health check passed: OrderProcessor,E102,Health check passed: {service}
84722,2026-01-16,07:40:22,INFO,WebServer,Health check passed: WebServer,E102,Health check passed: {service}
84723,2026-01-16,07:41:28,INFO,WebServer,Transaction tx519136 completed in 1916ms,E104,Transaction {tx} completed in {time}ms
84724,2026-01-16,07:45:02,WARN,WebServer,Disk usage > 85% on node node-2,E202,Disk usage > 85% on node {node}
84725,2026-01-16,07:36:38,INFO,WebServer,User u1326 login successful,E101,User {user} login successful
84726,2026-01-16,07:44:58,INFO,WebServer,Health check passed: WebServer,E102,Health check passed: {service}
84727,2026-01-16,07:46:00,INFO,AuthService,Health check passed: AuthService,E102,Health check passed: {service}
84728,2026-01-16,07:48:29,INFO,WebServer,Health check passed: WebServer,E102,Health check passed: {service}
84729,2026-01-16,07:50:50,WARN,InventoryDB,High latency (537ms) detected on InventoryDB,E201,High latency ({time}ms) detected on {service}
84730,2026-01-16,07:59:10,INFO,AuthService,Health check passed: AuthService,E102,Health check passed: {service}
84731,2026-01-16,07:09:35,INFO,OrderProcessor,Health check passed: OrderProcessor,E102,Health check passed: {service}
84732,2026-01-16,07:11:18,INFO,OrderProcessor,User u1388 login successful,E101,User {user} login successful
84733,2026-01-16,07:54:59,INFO,PaymentGateway,Transaction tx273078 completed in 862ms,E104,Transaction {tx} completed in {time}ms
84734,2026-01-16,07:04:16,INFO,WebServer,Page view: /home by u2360,E103,Page view: {page} by {user}
84735,2026-01-16,07:03:55,INFO,PaymentGateway,Transaction tx638148 completed in 1115ms,E104,Transaction {tx} completed in {time}ms
84736,2026-01-16,07:19:06,INFO,WebServer,Health check passed: WebServer,E102,Health check passed: {service}
84737,2026-01-16,07:00:11,INFO,PaymentGateway,Page view: /home by u3408,E103,Page view: {page} by {user}
84738,2026-01-16,07:42:21,INFO,WebServer,Health check passed: WebServer,E102,Health check passed: {service}
84739,2026-01-16,07:26:26,INFO,PaymentGateway,Health check passed: PaymentGateway,E102,Health check passed: {service}
84740,2026-01-16,07:02:32,INFO,WebServer,Page view: /home by u3576,E103,Page view: {page} by {user}
84741,2026-01-16,07:44:28,INFO,OrderProcessor,Page view: /home by u1925,E103,Page view: {page} by {user}
84742,2026-01-16,07:07:38,INFO,OrderProcessor,Page view: /home by u3089,E103,Page view: {page} by {user}
84743,2026-01-16,07:49:27,INFO,WebServer,Transaction tx606124 completed in 1297ms,E104,Transaction {tx} completed in {time}ms
84744,2026-01-16,07:01:46,INFO,WebServer,User u1672 login successful,E101,User {user} login successful
84745,2026-01-16,07:16:36,INFO,OrderProcessor,Page view: /home by u4591,E103,Page view: {page} by {user}
84746,2026-01-16,07:47:00,INFO,AuthService,User u2203 login successful,E101,User {user} login successful
84747,2026-01-16,07:27:44,INFO,InventoryDB,Page view: /home by u4127,E103,Page view: {page} by {user}
84748,2026-01-16,07:09:04,INFO,WebServer,User u3341 login successful,E101,User {user} login successful
84749,2026-01-16,07:58:32,INFO,OrderProcessor,Page view: /home by u2385,E103,Page view: {page} by {user}
84750,2026-01-16,07:08:17,INFO,WebServer,User u3800 login successful,E101,User {user} login successful
84751,2026-01-16,07:46:27,INFO,WebServer,Health check passed: WebServer,E102,Health check passed: {service}
84752,2026-01-16,07:59:45,INFO,OrderProcessor,Page view: /home by u1028,E103,Page view: {page} by {user}
84753,2026-01-16,07:14:29,INFO,WebServer,Page view: /home by u1673,E103,Page view: {page} by {user}
84754,2026-01-16,07:22:19,INFO,WebServer,Health check passed: WebServer,E102,Health check passed: {service}
84755,2026-01-16,07:02:21,INFO,WebServer,Transaction tx163464 completed in 542ms,E104,Transaction {tx} completed in {time}ms
84756,2026-01-16,07:27:59,INFO,OrderProcessor,Page view: /home by u4390,E103,Page view: {page} by {user}
84757,2026-01-16,07:30:13,INFO,WebServer,Health check passed: WebServer,E102,Health check passed: {service}
84758,2026-01-16,07:44:58,WARN,AuthService,Disk usage > 85% on node node-3,E202,Disk usage > 85% on node {node}
84759,2026-01-16,07:19:32,INFO,WebServer,Transaction tx387523 completed in 1712ms,E104,Transaction {tx} completed in {time}ms
84760,2026-01-16,07:00:15,INFO,WebServer,Page view: /home by u3860,E103,Page view: {page} by {user}
84761,2026-01-16,07:45:10,INFO,OrderProcessor,Health check passed: OrderProcessor,E102,Health check passed: {service}
84762,2026-01-16,07:01:55,INFO,OrderProcessor,Page view: /home by u2685,E103,Page view: {page} by {user}
84763,2026-01-16,07:45:24,INFO,PaymentGateway,User u3567 login successful,E101,User {user} login successful
84764,2026-01-16,07:53:50,INFO,WebServer,Page view: /home by u4046,E103,Page view: {page} by {user}
84765,2026-01-16,07:53:30,INFO,AuthService,User u2385 login successful,E101,User {user} login successful
84766,2026-01-16,07:01:22,INFO,WebServer,Health check passed: WebServer,E102,Health check passed: {service}
84767,2026-01-16,07:47:06,INFO,OrderProcessor,Page view: /home by u4451,E103,Page view: {page} by {user}
84768,2026-01-16,07:02:53,WARN,WebServer,High latency (1349ms) detected on WebServer,E201,High latency ({time}ms) detected on {service}
84769,2026-01-16,07:17:26,INFO,AuthService,Transaction tx825037 completed in 992ms,E104,Transaction {tx} completed in {time}ms
84770,2026-01-16,07:19:25,INFO,AuthService,Page view: /home by u3795,E103,Page view: {page} by {user}
84771,2026-01-16,07:06:55,INFO,OrderProcessor,Page view: /home by u2522,E103,Page view: {page} by {user}
84772,2026-01-16,07:59:06,INFO,AuthService,User u1881 login successful,E101,User {user} login successful
84773,2026-01-16,07:33:07,INFO,AuthService,Health check passed: AuthService,E102,Health check passed: {service}
84774,2026-01-16,07:04:00,INFO,WebServer,User u3675 login successful,E101,User {user} login successful
84775,2026-01-16,07:16:18,INFO,OrderProcessor,User u3646 login successful,E101,User {user} login successful
84776,2026-01-16,07:00:30,INFO,WebServer,Health check passed: WebServer,E102,Health check passed: {service}
84777,2026-01-16,07:26:06,INFO,OrderProcessor,User u1227 login successful,E101,User {user} login successful
84778,2026-01-16,07:23:56,INFO,WebServer,Transaction tx346897 completed in 1416ms,E104,Transaction {tx} completed in {time}ms
84779,2026-01-16,07:11:51,INFO,AuthService,User u1161 login successful,E101,User {user} login successful
84780,2026-01-16,07:52:29,INFO,WebServer,Page view: /home by u1551,E103,Page view: {page} by {user}
84781,2026-01-16,07:22:22,INFO,PaymentGateway,Health check passed: PaymentGateway,E102,Health check passed: {service}
84782,2026-01-16,07:54:21,INFO,AuthService,Page view: /home by u2262,E103,Page view: {page} by {user}
84783,2026-01-16,07:37:20,INFO,PaymentGateway,User u1219 login successful,E101,User {user} login successful
84784,2026-01-16,07:09:07,INFO,AuthService,Transaction tx544438 completed in 583ms,E104,Transaction {tx} completed in {time}ms
84785,2026-01-16,07:13:32,INFO,WebServer,Page view: /home by u3659,E103,Page view: {page} by {user}
84786,2026-01-16,07:27:06,INFO,OrderProcessor,Health check passed: OrderProcessor,E102,Health check passed: {service}
84787,2026-01-16,07:16:39,ERROR,PaymentGateway,Payment declined: Gateway unavailable,E503,Payment declined: Gateway unavailable
84788,2026-01-16,07:00:49,INFO,PaymentGateway,Transaction tx550002 completed in 225ms,E104,Transaction {tx} completed in {time}ms
84789,2026-01-16,07:58:03,INFO,WebServer,Transaction tx464610 completed in 846ms,E104,Transaction {tx} completed in {time}ms
84790,2026-01-16,07:04:16,INFO,OrderProcessor,Transaction tx416521 completed in 1116ms,E104,Transaction {tx} completed in {time}ms
84791,2026-01-16,07:15:09,INFO,OrderProcessor,Health check passed: OrderProcessor,E102,Health check passed: {service}
84792,2026-01-16,07:21:09,INFO,WebServer,Page view: /home by u2621,E103,Page view: {page} by {user}
84793,2026-01-16,07:40:42,INFO,InventoryDB,Page view: /home by u4113,E103,Page view: {page} by {user}
84794,2026-01-16,07:00:25,INFO,OrderProcessor,User u4456 login successful,E101,User {user} login successful
84795,2026-01-16,07:10:07,INFO,WebServer,Transaction tx296122 completed in 863ms,E104,Transaction {tx} completed in {time}ms
84796,2026-01-16,07:38:37,INFO,WebServer,Page view: /home by u1995,E103,Page view: {page} by {user}
84797,2026-01-16,07:01:00,INFO,WebServer,Page view: /home by u2402,E103,Page view: {page} by {user}
84798,2026-01-16,07:55:25,WARN,AuthService,Disk usage > 85% on node node-4,E202,Disk usage > 85% on node {node}
84799,2026-01-16,07:19:30,INFO,AuthService,Transaction tx748936 completed in 1064ms,E104,Transaction {tx} completed in {time}ms
84800,2026-01-16,07:15:24,INFO,WebServer,Transaction tx580442 completed in 1585ms,E104,Transaction {tx} completed in {time}ms
84801,2026-01-16,07:20:37,INFO,WebServer,Health check passed: WebServer,E102,Health check passed: {service}
84802,2026-01-16,07:57:32,INFO,WebServer,Page view: /home by u2559,E103,Page view: {page} by {user}
84803,2026-01-16,07:31:53,WARN,OrderProcessor,High latency (1797ms) detected on OrderProcessor,E201,High latency ({time}ms) detected on {service}
84804,2026-01-16,07:15:24,INFO,WebServer,Transaction tx565708 completed in 384ms,E104,Transaction {tx} completed in {time}ms
84805,2026-01-16,07:57:47,INFO,WebServer,Health check passed: WebServer,E102,Health check passed: {service}
84806,2026-01-16,07:50:46,INFO,WebServer,Page view: /home by u2987,E103,Page view: {page} by {user}
84807,2026-01-16,07:41:16,INFO,PaymentGateway,Health check passed: PaymentGateway,E102,Health check passed: {service}
84808,2026-01-16,07:01:27,INFO,PaymentGateway,Page view: /home by u2106,E103,Page view: {page} by {user}
84809,2026-01-16,07:30:49,INFO,WebServer,User u2832 login successful,E101,User {user} login successful
84810,2026-01-16,07:16:09,INFO,PaymentGateway,Health check passed: PaymentGateway,E102,Health check passed: {service}
84811,2026-01-16,07:03:13,INFO,WebServer,Transaction tx517629 completed in 65ms,E104,Transaction {tx} completed in {time}ms
84812,2026-01-16,07:26:33,INFO,OrderProcessor,Health check passed: OrderProcessor,E102,Health check passed: {service}
84813,2026-01-16,07:07:35,INFO,WebServer,User u4293 login successful,E101,User {user} login successful
84814,2026-01-16,07:47:30,WARN,WebServer,High latency (937ms) detected on WebServer,E201,High latency ({time}ms) detected on {service}
84815,2026-01-16,07:39:37,WARN,OrderProcessor,Disk usage > 85% on node node-4,E202,Disk usage > 85% on node {node}
84816,2026-01-16,07:08:18,INFO,PaymentGateway,Transaction tx251300 completed in 1281ms,E104,Transaction {tx} completed in {time}ms
84817,2026-01-16,07:14:31,INFO,OrderProcessor,User u4799 login successful,E101,User {user} login successful
84818,2026-01-16,07:01:34,INFO,WebServer,Health check passed: WebServer,E102,Health check passed: {service}
84819,2026-01-16,07:32:30,INFO,AuthService,Health check passed: AuthService,E102,Health check passed: {service}
84820,2026-01-16,07:18:17,INFO,PaymentGateway,Health check passed: PaymentGateway,E102,Health check passed: {service}
84821,2026-01-16,07:58:19,INFO,OrderProcessor,Transaction tx576648 completed in 1265ms,E104,Transaction {tx} completed in {time}ms
84822,2026-01-16,07:51:16,INFO,AuthService,Page view: /home by u2271,E103,Page view: {page} by {user}
84823,2026-01-16,07:26:12,INFO,WebServer,Transaction tx161824 completed in 293ms,E104,Transaction {tx} completed in {time}ms
84824,2026-01-16,07:53:18,INFO,OrderProcessor,Page view: /home by u2348,E103,Page view: {page} by {user}
84825,2026-01-16,07:39:37,INFO,OrderProcessor,User u3331 login successful,E101,User {user} login successful
84826,2026-01-16,07:16:32,INFO,InventoryDB,User u1466 login successful,E101,User {user} login successful
84827,2026-01-16,08:07:32,WARN,WebServer,High latency (1071ms) detected on WebServer,E201,High latency ({time}ms) detected on {service}
84828,2026-01-16,08:00:01,INFO,WebServer,User u3779 login successful,E101,User {user} login successful
84829,2026-01-16,08:49:10,INFO,InventoryDB,Health check passed: InventoryDB,E102,Health check passed: {service}
84830,2026-01-16,08:37:37,INFO,WebServer,Page view: /home by u3276,E103,Page view: {page} by {user}
84831,2026-01-16,08:32:27,INFO,PaymentGateway,Transaction tx210519 completed in 1535ms,E104,Transaction {tx} completed in {time}ms
84832,2026-01-16,08:28:37,INFO,WebServer,Health check passed: WebServer,E102,Health check passed: {service}
84833,2026-01-16,08:55:11,INFO,OrderProcessor,Health check passed: OrderProcessor,E102,Health check passed: {service}
84834,2026-01-16,08:11:32,INFO,WebServer,User u1354 login successful,E101,User {user} login successful
84835,2026-01-16,08:17:24,INFO,WebServer,Page view: /home by u2062,E103,Page view: {page} by {user}
84836,2026-01-16,08:20:34,INFO,AuthService,Page view: /home by u3495,E103,Page view: {page} by {user}
84837,2026-01-16,08:42:03,INFO,AuthService,Health check passed: AuthService,E102,Health check passed: {service}
84838,2026-01-16,08:27:20,INFO,AuthService,Health check passed: AuthService,E102,Health check passed: {service}
84839,2026-01-16,08:32:21,INFO,AuthService,Health check passed: AuthService,E102,Health check passed: {service}
84840,2026-01-16,08:32:46,INFO,WebServer,User u2113 login successful,E101,User {user} login successful
84841,2026-01-16,08:54:28,INFO,WebServer,Transaction tx646768 completed in 1111ms,E104,Transaction {tx} completed in {time}ms
84842,2026-01-16,08:53:11,INFO,AuthService,User u3114 login successful,E101,User {user} login successful
84843,2026-01-16,08:48:25,INFO,PaymentGateway,Transaction tx806631 completed in 828ms,E104,Transaction {tx} completed in {time}ms
84844,2026-01-16,08:24:20,INFO,OrderProcessor,Page view: /home by u1346,E103,Page view: {page} by {user}
84845,2026-01-16,08:08:35,INFO,WebServer,User u2257 login successful,E101,User {user} login successful
84846,2026-01-16,08:05:54,INFO,AuthService,Page view: /home by u4592,E103,Page view: {page} by {user}
84847,2026-01-16,08:50:14,INFO,WebServer,Transaction tx747396 completed in 580ms,E104,Transaction {tx} completed in {time}ms
84848,2026-01-16,08:27:09,INFO,AuthService,Transaction tx387623 completed in 138ms,E104,Transaction {tx} completed in {time}ms
84849,2026-01-16,08:51:01,WARN,AuthService,Unauthorized access attempt from 10.0.0.99,E401,Unauthorized access attempt from {ip}
84850,2026-01-16,08:57:57,INFO,PaymentGateway,Health check passed: PaymentGateway,E102,Health check passed: {service}
84851,2026-01-16,08:10:31,INFO,OrderProcessor,Transaction tx887446 completed in 1282ms,E104,Transaction {tx} completed in {time}ms
84852,2026-01-16,08:00:09,INFO,WebServer,Transaction tx695166 completed in 1820ms,E104,Transaction {tx} completed in {time}ms
84853,2026-01-16,08:50:35,INFO,WebServer,Page view: /home by u1997,E103,Page view: {page} by {user}
84854,2026-01-16,08:24:44,INFO,WebServer,User u3439 login successful,E101,User {user} login successful
84855,2026-01-16,08:23:19,INFO,OrderProcessor,Page view: /home by u4426,E103,Page view: {page} by {user}
84856,2026-01-16,08:53:13,INFO,OrderProcessor,Transaction tx386221 completed in 758ms,E104,Transaction {tx} completed in {time}ms
84857,2026-01-16,08:34:06,INFO,AuthService,Page view: /home by u1382,E103,Page view: {page} by {user}
84858,2026-01-16,08:19:04,INFO,AuthService,Page view: /home by u2296,E103,Page view: {page} by {user}
84859,2026-01-16,08:52:07,INFO,AuthService,Health check passed: AuthService,E102,Health check passed: {service}
84860,2026-01-16,08:20:18,INFO,InventoryDB,Health check passed: InventoryDB,E102,Health check passed: {service}
84861,2026-01-16,08:27:16,INFO,WebServer,Health check passed: WebServer,E102,Health check passed: {service}
84862,2026-01-16,08:01:46,INFO,WebServer,Page view: /home by u4245,E103,Page view: {page} by {user}
84863,2026-01-16,08:39:45,INFO,WebServer,User u4616 login successful,E101,User {user} login successful
84864,2026-01-16,08:38:04,INFO,WebServer,Health check passed: WebServer,E102,Health check passed: {service}
84865,2026-01-16,08:55:25,INFO,WebServer,Health check passed: WebServer,E102,Health check passed: {service}
84866,2026-01-16,08:10:40,WARN,WebServer,High latency (1556ms) detected on WebServer,E201,High latency ({time}ms) detected on {service}
84867,2026-01-16,08:43:38,INFO,WebServer,User u3021 login successful,E101,User {user} login successful
84868,2026-01-16,08:00:32,INFO,AuthService,User u4784 login successful,E101,User {user} login successful
84869,2026-01-16,08:21:03,INFO,AuthService,User u4152 login successful,E101,User {user} login successful
84870,2026-01-16,08:20:04,INFO,AuthService,Page view: /home by u3121,E103,Page view: {page} by {user}
84871,2026-01-16,08:26:08,WARN,WebServer,High latency (267ms) detected on WebServer,E201,High latency ({time}ms) detected on {service}
84872,2026-01-16,08:50:39,INFO,WebServer,User u1697 login successful,E101,User {user} login successful
84873,2026-01-16,08:52:02,INFO,WebServer,Health check passed: WebServer,E102,Health check passed: {service}
84874,2026-01-16,08:49:51,INFO,WebServer,Transaction tx161017 completed in 476ms,E104,Transaction {tx} completed in {time}ms
84875,2026-01-16,08:36:55,INFO,AuthService,User u1067 login successful,E101,User {user} login successful
84876,2026-01-16,08:31:39,INFO,WebServer,Transaction tx692466 completed in 1122ms,E104,Transaction {tx} completed in {time}ms
84877,2026-01-16,08:25:33,INFO,WebServer,Transaction tx292804 completed in 145ms,E104,Transaction {tx} completed in {time}ms
84878,2026-01-16,08:30:08,INFO,WebServer,User u1078 login successful,E101,User {user} login successful
84879,2026-01-16,08:35:51,INFO,AuthService,Health check passed: AuthService,E102,Health check passed: {service}
84880,2026-01-16,08:45:49,CRITICAL,AuthService,DATA CORRUPTION detected in sector 509,E602,DATA CORRUPTION detected in sector {sector}
84881,2026-01-16,08:30:06,INFO,WebServer,Transaction tx727799 completed in 442ms,E104,Transaction {tx} completed in {time}ms
84882,2026-01-16,08:39:36,INFO,WebServer,User u1713 login successful,E101,User {user} login successful
84883,2026-01-16,08:59:36,INFO,WebServer,User u4176 login successful,E101,User {user} login successful
84884,2026-01-16,08:16:48,WARN,AuthService,Unauthorized access attempt from 10.0.0.45,E401,Unauthorized access attempt from {ip}
84885,2026-01-16,08:55:33,INFO,WebServer,Health check passed: WebServer,E102,Health check passed: {service}
84886,2026-01-16,08:56:02,INFO,WebServer,Health check passed: WebServer,E102,Health check passed: {service}
84887,2026-01-16,08:49:09,INFO,WebServer,Transaction tx790223 completed in 664ms,E104,Transaction {tx} completed in {time}ms
84888,2026-01-16,08:32:22,INFO,AuthService,Transaction tx471050 completed in 544ms,E104,Transaction {tx} completed in {time}ms
84889,2026-01-16,08:45:02,INFO,WebServer,Health check passed: WebServer,E102,Health check passed: {service}
84890,2026-01-16,08:59:25,INFO,OrderProcessor,Transaction tx981742 completed in 771ms,E104,Transaction {tx} completed in {time}ms
84891,2026-01-16,08:52:33,INFO,AuthService,Transaction tx389321 completed in 249ms,E104,Transaction {tx} completed in {time}ms
84892,2026-01-16,08:14:59,INFO,AuthService,Page view: /home by u2170,E103,Page view: {page} by {user}
84893,2026-01-16,08:57:27,WARN,WebServer,Disk usage > 85% on node node-5,E202,Disk usage > 85% on node {node}
84894,2026-01-16,08:37:24,INFO,PaymentGateway,Page view: /home by u3621,E103,Page view: {page} by {user}
84895,2026-01-16,08:11:11,INFO,OrderProcessor,Health check passed: OrderProcessor,E102,Health check passed: {service}
84896,2026-01-16,08:48:29,INFO,OrderProcessor,Health check passed: OrderProcessor,E102,Health check passed: {service}
84897,2026-01-16,08:25:14,INFO,AuthService,Transaction tx109519 completed in 472ms,E104,Transaction {tx} completed in {time}ms
84898,2026-01-16,08:00:35,INFO,PaymentGateway,Transaction tx382494 completed in 860ms,E104,Transaction {tx} completed in {time}ms
84899,2026-01-16,08:11:47,WARN,AuthService,Disk usage > 85% on node node-2,E202,Disk usage > 85% on node {node}
84900,2026-01-16,08:49:29,WARN,WebServer,High latency (1777ms) detected on WebServer,E201,High latency ({time}ms) detected on {service}
84901,2026-01-16,08:54:58,INFO,AuthService,User u4440 login successful,E101,User {user} login successful
84902,2026-01-16,08:17:54,INFO,WebServer,User u1698 login successful,E101,User {user} login successful
84903,2026-01-16,08:33:44,INFO,WebServer,User u2782 login successful,E101,User {user} login successful
84904,2026-01-16,08:01:49,INFO,AuthService,Page view: /home by u1938,E103,Page view: {page} by {user}
84905,2026-01-16,08:06:37,INFO,OrderProcessor,Transaction tx664483 completed in 1183ms,E104,Transaction {tx} completed in {time}ms
84906,2026-01-16,08:31:14,INFO,WebServer,User u3976 login successful,E101,User {user} login successful
84907,2026-01-16,08:45:10,INFO,WebServer,User u4548 login successful,E101,User {user} login successful
84908,2026-01-16,08:53:52,INFO,OrderProcessor,User u2203 login successful,E101,User {user} login successful
84909,2026-01-16,08:59:49,INFO,WebServer,Page view: /home by u4315,E103,Page view: {page} by {user}
84910,2026-01-16,08:02:10,INFO,AuthService,Transaction tx538403 completed in 1601ms,E104,Transaction {tx} completed in {time}ms
84911,2026-01-16,08:46:34,ERROR,OrderProcessor,Timeout waiting for lock on InventoryDB,E502,Timeout waiting for lock on {db}
84912,2026-01-16,08:34:00,INFO,WebServer,User u2003 login successful,E101,User {user} login successful
84913,2026-01-16,08:31:49,CRITICAL,PaymentGateway,KERNEL PANIC: Node node-3 crashed,E601,KERNEL PANIC: Node {node} crashed
84914,2026-01-16,08:17:12,INFO,OrderProcessor,User u2635 login successful,E101,User {user} login successful
84915,2026-01-16,08:57:02,INFO,WebServer,User u1408 login successful,E101,User {user} login successful
84916,2026-01-16,08:19:09,INFO,WebServer,Transaction tx382835 completed in 795ms,E104,Transaction {tx} completed in {time}ms
84917,2026-01-16,08:13:32,INFO,OrderProcessor,User u3211 login successful,E101,User {user} login successful
84918,2026-01-16,08:36:46,INFO,WebServer,User u2659 login successful,E101,User {user} login successful
84919,2026-01-16,08:11:15,INFO,PaymentGateway,Transaction tx301849 completed in 27ms,E104,Transaction {tx} completed in {time}ms
84920,2026-01-16,08:26:13,INFO,PaymentGateway,Transaction tx104348 completed in 584ms,E104,Transaction {tx} completed in {time}ms
84921,2026-01-16,08:04:14,INFO,WebServer,User u3734 login successful,E101,User {user} login successful
84922,2026-01-16,08:45:01,INFO,AuthService,Transaction tx188418 completed in 1409ms,E104,Transaction {tx} completed in {time}ms
84923,2026-01-16,08:55:12,INFO,WebServer,Transaction tx601649 completed in 1659ms,E104,Transaction {tx} completed in {time}ms
84924,2026-01-16,08:48:30,INFO,WebServer,Page view: /home by u1356,E103,Page view: {page} by {user}
84925,2026-01-16,08:21:10,INFO,WebServer,Transaction tx636978 completed in 745ms,E104,Transaction {tx} completed in {time}ms
84926,2026-01-16,08:33:32,INFO,WebServer,Page view: /home by u4111,E103,Page view: {page} by {user}
84927,2026-01-16,08:51:14,INFO,OrderProcessor,User u1622 login successful,E101,User {user} login successful
84928,2026-01-16,08:37:19,INFO,WebServer,Health check passed: WebServer,E102,Health check passed: {service}
84929,2026-01-16,08:05:36,INFO,WebServer,User u4192 login successful,E101,User {user} login successful
84930,2026-01-16,08:25:35,WARN,AuthService,Unauthorized access attempt from 10.0.0.45,E401,Unauthorized access attempt from {ip}
84931,2026-01-16,08:06:40,WARN,WebServer,Unauthorized access attempt from 10.0.0.45,E401,Unauthorized access attempt from {ip}
84932,2026-01-16,08:46:53,INFO,PaymentGateway,User u4519 login successful,E101,User {user} login successful
84933,2026-01-16,08:24:11,INFO,WebServer,Page view: /home by u1548,E103,Page view: {page} by {user}
84934,2026-01-16,08:35:44,INFO,WebServer,Health check passed: WebServer,E102,Health check passed: {service}
84935,2026-01-16,08:26:32,INFO,WebServer,User u2832 login successful,E101,User {user} login successful
84936,2026-01-16,08:20:50,INFO,WebServer,User u4139 login successful,E101,User {user} login successful
84937,2026-01-16,08:14:00,INFO,AuthService,User u2899 login successful,E101,User {user} login successful
84938,2026-01-16,08:02:14,INFO,WebServer,Health check passed: WebServer,E102,Health check passed: {service}
84939,2026-01-16,08:37:05,INFO,WebServer,User u4840 login successful,E101,User {user} login successful
84940,2026-01-16,08:49:57,INFO,OrderProcessor,User u4428 login successful,E101,User {user} login successful
84941,2026-01-16,08:54:40,INFO,WebServer,User u1998 login successful,E101,User {user} login successful
84942,2026-01-16,08:53:29,INFO,WebServer,User u1548 login successful,E101,User {user} login successful
84943,2026-01-16,08:51:50,INFO,AuthService,Page view: /home by u1288,E103,Page view: {page} by {user}
84944,2026-01-16,08:58:28,INFO,AuthService,User u3139 login successful,E101,User {user} login successful
84945,2026-01-16,08:08:34,INFO,AuthService,Transaction tx554799 completed in 818ms,E104,Transaction {tx} completed in {time}ms
84946,2026-01-16,08:16:35,INFO,WebServer,Transaction tx887109 completed in 1253ms,E104,Transaction {tx} completed in {time}ms
84947,2026-01-16,08:52:23,INFO,WebServer,Transaction tx859807 completed in 804ms,E104,Transaction {tx} completed in {time}ms
84948,2026-01-16,08:30:53,INFO,AuthService,Transaction tx314529 completed in 453ms,E104,Transaction {tx} completed in {time}ms
84949,2026-01-16,08:09:27,INFO,AuthService,Transaction tx614411 completed in 1880ms,E104,Transaction {tx} completed in {time}ms
84950,2026-01-16,08:34:22,INFO,AuthService,User u3060 login successful,E101,User {user} login successful
84951,2026-01-16,08:55:34,INFO,OrderProcessor,Health check passed: OrderProcessor,E102,Health check passed: {service}
84952,2026-01-16,08:51:01,INFO,InventoryDB,Health check passed: InventoryDB,E102,Health check passed: {service}
84953,2026-01-16,08:09:48,INFO,WebServer,Page view: /home by u1098,E103,Page view: {page} by {user}
84954,2026-01-16,08:39:24,INFO,WebServer,User u1753 login successful,E101,User {user} login successful
84955,2026-01-16,08:37:30,INFO,WebServer,Page view: /home by u2094,E103,Page view: {page} by {user}
84956,2026-01-16,08:01:23,INFO,AuthService,Page view: /home by u1735,E103,Page view: {page} by {user}
84957,2026-01-16,08:08:34,INFO,AuthService,Page view: /home by u2535,E103,Page view: {page} by {user}
84958,2026-01-16,08:38:26,WARN,WebServer,Disk usage > 85% on node node-4,E202,Disk usage > 85% on node {node}
84959,2026-01-16,08:44:57,INFO,WebServer,Transaction tx611626 completed in 227ms,E104,Transaction {tx} completed in {time}ms
84960,2026-01-16,08:41:33,WARN,WebServer,Disk usage > 85% on node node-2,E202,Disk usage > 85% on node {node}
84961,2026-01-16,08:48:41,INFO,WebServer,Page view: /home by u1487,E103,Page view: {page} by {user}
84962,2026-01-16,08:10:41,INFO,OrderProcessor,Health check passed: OrderProcessor,E102,Health check passed: {service}
84963,2026-01-16,08:36:13,INFO,WebServer,User u4902 login successful,E101,User {user} login successful
84964,2026-01-16,08:08:49,INFO,OrderProcessor,Page view: /home by u4977,E103,Page view: {page} by {user}
84965,2026-01-16,08:33:31,INFO,WebServer,Health check passed: WebServer,E102,Health check passed: {service}
84966,2026-01-16,08:05:13,INFO,AuthService,Page view: /home by u1458,E103,Page view: {page} by {user}
84967,2026-01-16,08:43:55,INFO,PaymentGateway,User u1519 login successful,E101,User {user} login successful
84968,2026-01-16,08:10:04,INFO,WebServer,Health check passed: WebServer,E102,Health check passed: {service}
84969,2026-01-16,08:51:38,INFO,WebServer,Health check passed: WebServer,E102,Health check passed: {service}
84970,2026-01-16,08:02:41,INFO,WebServer,User u3150 login successful,E101,User {user} login successful
84971,2026-01-16,08:03:43,INFO,WebServer,User u1428 login successful,E101,User {user} login successful
84972,2026-01-16,08:59:22,INFO,WebServer,User u4231 login successful,E101,User {user} login successful
84973,2026-01-16,08:40:48,INFO,WebServer,Transaction tx150968 completed in 840ms,E104,Transaction {tx} completed in {time}ms
84974,2026-01-16,08:33:38,INFO,WebServer,Health check passed: WebServer,E102,Health check passed: {service}
84975,2026-01-16,08:13:12,INFO,WebServer,User u3586 login successful,E101,User {user} login successful
84976,2026-01-16,08:17:20,INFO,WebServer,Transaction tx970886 completed in 654ms,E104,Transaction {tx} completed in {time}ms
84977,2026-01-16,08:23:19,INFO,WebServer,Health check passed: WebServer,E102,Health check passed: {service}
84978,2026-01-16,08:58:15,INFO,WebServer,Page view: /home by u4676,E103,Page view: {page} by {user}
84979,2026-01-16,08:42:20,INFO,OrderProcessor,Page view: /home by u1425,E103,Page view: {page} by {user}
84980,2026-01-16,08:28:20,INFO,PaymentGateway,Health check passed: PaymentGateway,E102,Health check passed: {service}
84981,2026-01-16,08:48:39,INFO,OrderProcessor,Transaction tx317118 completed in 265ms,E104,Transaction {tx} completed in {time}ms
84982,2026-01-16,08:48:16,INFO,InventoryDB,Health check passed: InventoryDB,E102,Health check passed: {service}
84983,2026-01-16,08:18:55,INFO,PaymentGateway,User u2033 login successful,E101,User {user} login successful
84984,2026-01-16,08:15:27,INFO,WebServer,Page view: /home by u3846,E103,Page view: {page} by {user}
84985,2026-01-16,08:45:46,INFO,WebServer,User u2814 login successful,E101,User {user} login successful
84986,2026-01-16,08:31:58,INFO,WebServer,Transaction tx740544 completed in 687ms,E104,Transaction {tx} completed in {time}ms
84987,2026-01-16,08:49:43,INFO,InventoryDB,Health check passed: InventoryDB,E102,Health check passed: {service}
84988,2026-01-16,08:04:46,INFO,AuthService,Page view: /home by u2792,E103,Page view: {page} by {user}
84989,2026-01-16,08:29:25,INFO,OrderProcessor,Transaction tx450157 completed in 649ms,E104,Transaction {tx} completed in {time}ms
84990,2026-01-16,08:39:34,INFO,OrderProcessor,Transaction tx927024 completed in 1795ms,E104,Transaction {tx} completed in {time}ms
84991,2026-01-16,08:43:37,INFO,AuthService,Health check passed: AuthService,E102,Health check passed: {service}
84992,2026-01-16,08:24:34,INFO,OrderProcessor,Health check passed: OrderProcessor,E102,Health check passed: {service}
84993,2026-01-16,08:06:52,INFO,WebServer,User u3362 login successful,E101,User {user} login successful
84994,2026-01-16,08:34:13,INFO,WebServer,Page view: /home by u2697,E103,Page view: {page} by {user}
84995,2026-01-16,08:26:52,INFO,WebServer,User u4061 login successful,E101,User {user} login successful
84996,2026-01-16,08:46:04,WARN,WebServer,High latency (1148ms) detected on WebServer,E201,High latency ({time}ms) detected on {service}
84997,2026-01-16,08:25:38,INFO,AuthService,User u4832 login successful,E101,User {user} login successful
84998,2026-01-16,08:13:17,INFO,WebServer,Page view: /home by u4668,E103,Page view: {page} by {user}
84999,2026-01-16,08:40:24,INFO,PaymentGateway,Page view: /home by u4627,E103,Page view: {page} by {user}
85000,2026-01-16,08:37:00,INFO,WebServer,Page view: /home by u4567,E103,Page view: {page} by {user}
85001,2026-01-16,08:53:41,INFO,AuthService,User u2806 login successful,E101,User {user} login successful
85002,2026-01-16,08:02:33,INFO,PaymentGateway,Transaction tx515673 completed in 1396ms,E104,Transaction {tx} completed in {time}ms
85003,2026-01-16,08:49:33,INFO,WebServer,Page view: /home by u1824,E103,Page view: {page} by {user}
85004,2026-01-16,08:14:37,WARN,AuthService,Unauthorized access attempt from 10.0.0.45,E401,Unauthorized access attempt from {ip}
85005,2026-01-16,08:26:05,INFO,WebServer,Page view: /home by u4460,E103,Page view: {page} by {user}
85006,2026-01-16,08:20:34,INFO,AuthService,Health check passed: AuthService,E102,Health check passed: {service}
85007,2026-01-16,08:22:30,INFO,WebServer,Page view: /home by u4248,E103,Page view: {page} by {user}
85008,2026-01-16,08:40:44,INFO,AuthService,User u1315 login successful,E101,User {user} login successful
85009,2026-01-16,08:22:51,INFO,InventoryDB,Health check passed: InventoryDB,E102,Health check passed: {service}
85010,2026-01-16,08:25:34,INFO,WebServer,User u2623 login successful,E101,User {user} login successful
85011,2026-01-16,08:29:00,INFO,WebServer,Page view: /home by u3548,E103,Page view: {page} by {user}
85012,2026-01-16,08:24:16,INFO,WebServer,Page view: /home by u4449,E103,Page view: {page} by {user}
85013,2026-01-16,08:09:46,INFO,AuthService,User u3191 login successful,E101,User {user} login successful
85014,2026-01-16,08:23:45,INFO,AuthService,Transaction tx856693 completed in 1492ms,E104,Transaction {tx} completed in {time}ms
85015,2026-01-16,08:07:57,WARN,AuthService,High latency (997ms) detected on AuthService,E201,High latency ({time}ms) detected on {service}
85016,2026-01-16,08:02:18,INFO,AuthService,Page view: /home by u4668,E103,Page view: {page} by {user}
85017,2026-01-16,08:31:07,INFO,AuthService,Page view: /home by u2374,E103,Page view: {page} by {user}
85018,2026-01-16,08:29:38,INFO,WebServer,Transaction tx476571 completed in 1262ms,E104,Transaction {tx} completed in {time}ms
85019,2026-01-16,08:52:02,INFO,PaymentGateway,Health check passed: PaymentGateway,E102,Health check passed: {service}
85020,2026-01-16,08:38:10,INFO,WebServer,User u1562 login successful,E101,User {user} login successful
85021,2026-01-16,08:06:07,INFO,WebServer,Transaction tx952034 completed in 1152ms,E104,Transaction {tx} completed in {time}ms
85022,2026-01-16,08:42:55,INFO,WebServer,Health check passed: WebServer,E102,Health check passed: {service}
85023,2026-01-16,08:05:49,INFO,OrderProcessor,Transaction tx776230 completed in 820ms,E104,Transaction {tx} completed in {time}ms
85024,2026-01-16,08:04:17,INFO,PaymentGateway,User u3942 login successful,E101,User {user} login successful
85025,2026-01-16,08:48:50,INFO,OrderProcessor,Page view: /home by u4226,E103,Page view: {page} by {user}
85026,2026-01-16,08:40:20,INFO,OrderProcessor,Transaction tx732207 completed in 522ms,E104,Transaction {tx} completed in {time}ms
85027,2026-01-16,08:42:20,ERROR,OrderProcessor,Payment declined: Gateway unavailable,E503,Payment declined: Gateway unavailable
85028,2026-01-16,08:22:40,INFO,InventoryDB,Page view: /home by u1289,E103,Page view: {page} by {user}
85029,2026-01-16,08:43:08,INFO,PaymentGateway,Health check passed: PaymentGateway,E102,Health check passed: {service}
85030,2026-01-16,08:06:36,INFO,WebServer,Transaction tx953994 completed in 1599ms,E104,Transaction {tx} completed in {time}ms
85031,2026-01-16,08:14:00,INFO,WebServer,User u2905 login successful,E101,User {user} login successful
85032,2026-01-16,08:43:45,INFO,WebServer,Health check passed: WebServer,E102,Health check passed: {service}
85033,2026-01-16,08:15:40,INFO,WebServer,Health check passed: WebServer,E102,Health check passed: {service}
85034,2026-01-16,08:02:18,INFO,WebServer,Health check passed: WebServer,E102,Health check passed: {service}
85035,2026-01-16,08:16:16,INFO,PaymentGateway,User u1778 login successful,E101,User {user} login successful
85036,2026-01-16,08:00:54,INFO,PaymentGateway,Page view: /home by u4391,E103,Page view: {page} by {user}
85037,2026-01-16,08:01:43,INFO,PaymentGateway,Health check passed: PaymentGateway,E102,Health check passed: {service}
85038,2026-01-16,08:14:34,INFO,AuthService,Page view: /home by u1585,E103,Page view: {page} by {user}
85039,2026-01-16,08:14:23,INFO,WebServer,Health check passed: WebServer,E102,Health check passed: {service}
85040,2026-01-16,08:22:27,WARN,PaymentGateway,High latency (200ms) detected on PaymentGateway,E201,High latency ({time}ms) detected on {service}
85041,2026-01-16,08:26:10,INFO,WebServer,Health check passed: WebServer,E102,Health check passed: {service}
85042,2026-01-16,08:05:32,INFO,AuthService,User u2911 login successful,E101,User {user} login successful
85043,2026-01-16,08:51:15,INFO,WebServer,User u4015 login successful,E101,User {user} login successful
85044,2026-01-16,08:45:18,INFO,WebServer,Health check passed: WebServer,E102,Health check passed: {service}
85045,2026-01-16,08:27:53,INFO,WebServer,Page view: /home by u2736,E103,Page view: {page} by {user}
85046,2026-01-16,08:15:51,INFO,WebServer,User u4677 login successful,E101,User {user} login successful
85047,2026-01-16,08:19:27,INFO,InventoryDB,User u3454 login successful,E101,User {user} login successful
85048,2026-01-16,08:07:17,INFO,OrderProcessor,Transaction tx884271 completed in 1174ms,E104,Transaction {tx} completed in {time}ms
85049,2026-01-16,08:29:03,INFO,WebServer,User u2996 login successful,E101,User {user} login successful
85050,2026-01-16,08:43:31,INFO,OrderProcessor,User u1690 login successful,E101,User {user} login successful
85051,2026-01-16,08:11:54,INFO,InventoryDB,User u3429 login successful,E101,User {user} login successful
85052,2026-01-16,08:21:22,INFO,AuthService,Health check passed: AuthService,E102,Health check passed: {service}
85053,2026-01-16,08:23:47,INFO,WebServer,Page view: /home by u3369,E103,Page view: {page} by {user}
85054,2026-01-16,08:53:03,INFO,WebServer,Page view: /home by u2062,E103,Page view: {page} by {user}
85055,2026-01-16,08:27:05,INFO,AuthService,Page view: /home by u4483,E103,Page view: {page} by {user}
85056,2026-01-16,08:52:34,INFO,AuthService,Page view: /home by u4343,E103,Page view: {page} by {user}
85057,2026-01-16,08:32:00,INFO,PaymentGateway,Page view: /home by u3704,E103,Page view: {page} by {user}
85058,2026-01-16,08:52:30,WARN,WebServer,High latency (63ms) detected on WebServer,E201,High latency ({time}ms) detected on {service}
85059,2026-01-16,08:26:04,INFO,WebServer,Transaction tx382873 completed in 1890ms,E104,Transaction {tx} completed in {time}ms
85060,2026-01-16,08:08:42,INFO,PaymentGateway,Health check passed: PaymentGateway,E102,Health check passed: {service}
85061,2026-01-16,08:09:55,INFO,WebServer,User u3080 login successful,E101,User {user} login successful
85062,2026-01-16,08:41:22,INFO,AuthService,User u4004 login successful,E101,User {user} login successful
85063,2026-01-16,08:16:13,INFO,WebServer,Health check passed: WebServer,E102,Health check passed: {service}
85064,2026-01-16,08:45:06,INFO,AuthService,Page view: /home by u4801,E103,Page view: {page} by {user}
85065,2026-01-16,08:30:02,INFO,WebServer,Transaction tx407653 completed in 588ms,E104,Transaction {tx} completed in {time}ms
85066,2026-01-16,08:59:50,INFO,WebServer,Health check passed: WebServer,E102,Health check passed: {service}
85067,2026-01-16,08:43:58,INFO,InventoryDB,User u3665 login successful,E101,User {user} login successful
85068,2026-01-16,08:44:23,INFO,AuthService,Page view: /home by u2933,E103,Page view: {page} by {user}
85069,2026-01-16,08:07:53,INFO,WebServer,Page view: /home by u2375,E103,Page view: {page} by {user}
85070,2026-01-16,08:26:28,INFO,OrderProcessor,User u1806 login successful,E101,User {user} login successful
85071,2026-01-16,08:30:23,INFO,WebServer,User u4060 login successful,E101,User {user} login successful
85072,2026-01-16,08:33:26,INFO,PaymentGateway,Transaction tx337743 completed in 93ms,E104,Transaction {tx} completed in {time}ms
85073,2026-01-16,08:13:40,INFO,WebServer,Transaction tx424342 completed in 1509ms,E104,Transaction {tx} completed in {time}ms
85074,2026-01-16,08:36:00,INFO,WebServer,Health check passed: WebServer,E102,Health check passed: {service}
85075,2026-01-16,08:26:43,CRITICAL,AuthService,KERNEL PANIC: Node node-5 crashed,E601,KERNEL PANIC: Node {node} crashed
85076,2026-01-16,08:16:47,INFO,AuthService,Transaction tx947013 completed in 1321ms,E104,Transaction {tx} completed in {time}ms
85077,2026-01-16,08:37:26,INFO,WebServer,Transaction tx361981 completed in 864ms,E104,Transaction {tx} completed in {time}ms
85078,2026-01-16,08:00:47,INFO,WebServer,Transaction tx885551 completed in 1774ms,E104,Transaction {tx} completed in {time}ms
85079,2026-01-16,08:07:28,WARN,WebServer,Disk usage > 85% on node node-2,E202,Disk usage > 85% on node {node}
85080,2026-01-16,08:39:37,INFO,WebServer,Transaction tx341231 completed in 295ms,E104,Transaction {tx} completed in {time}ms
85081,2026-01-16,08:04:43,INFO,WebServer,Transaction tx615847 completed in 1684ms,E104,Transaction {tx} completed in {time}ms
85082,2026-01-16,08:18:09,INFO,WebServer,Transaction tx114700 completed in 1813ms,E104,Transaction {tx} completed in {time}ms
85083,2026-01-16,08:01:24,INFO,WebServer,Page view: /home by u4846,E103,Page view: {page} by {user}
85084,2026-01-16,08:49:18,INFO,WebServer,User u3412 login successful,E101,User {user} login successful
85085,2026-01-16,08:05:19,INFO,InventoryDB,Transaction tx790027 completed in 1353ms,E104,Transaction {tx} completed in {time}ms
85086,2026-01-16,08:35:33,INFO,OrderProcessor,Health check passed: OrderProcessor,E102,Health check passed: {service}
85087,2026-01-16,08:06:48,INFO,WebServer,Page view: /home by u3748,E103,Page view: {page} by {user}
85088,2026-01-16,08:51:49,INFO,AuthService,User u4859 login successful,E101,User {user} login successful
85089,2026-01-16,08:38:08,INFO,AuthService,User u4342 login successful,E101,User {user} login successful
85090,2026-01-16,08:55:18,INFO,PaymentGateway,Health check passed: PaymentGateway,E102,Health check passed: {service}
85091,2026-01-16,08:37:58,INFO,PaymentGateway,User u4858 login successful,E101,User {user} login successful
85092,2026-01-16,08:38:46,INFO,AuthService,Transaction tx195185 completed in 1407ms,E104,Transaction {tx} completed in {time}ms
85093,2026-01-16,08:13:49,INFO,PaymentGateway,User u3100 login successful,E101,User {user} login successful
85094,2026-01-16,08:22:56,INFO,WebServer,User u2973 login successful,E101,User {user} login successful
85095,2026-01-16,08:59:57,INFO,WebServer,Health check passed: WebServer,E102,Health check passed: {service}
85096,2026-01-16,08:13:04,INFO,WebServer,Transaction tx398565 completed in 1248ms,E104,Transaction {tx} completed in {time}ms
85097,2026-01-16,08:07:47,INFO,PaymentGateway,Transaction tx458241 completed in 260ms,E104,Transaction {tx} completed in {time}ms
85098,2026-01-16,08:27:08,INFO,AuthService,Page view: /home by u1147,E103,Page view: {page} by {user}
85099,2026-01-16,08:37:34,INFO,OrderProcessor,User u3355 login successful,E101,User {user} login successful
85100,2026-01-16,08:45:04,INFO,WebServer,User u3418 login successful,E101,User {user} login successful
85101,2026-01-16,08:09:35,INFO,WebServer,User u2570 login successful,E101,User {user} login successful
85102,2026-01-16,08:44:59,INFO,InventoryDB,Page view: /home by u1981,E103,Page view: {page} by {user}
85103,2026-01-16,08:49:07,INFO,AuthService,User u1754 login successful,E101,User {user} login successful
85104,2026-01-16,08:12:50,INFO,WebServer,Health check passed: WebServer,E102,Health check passed: {service}
85105,2026-01-16,08:34:57,INFO,AuthService,Page view: /home by u4662,E103,Page view: {page} by {user}
85106,2026-01-16,08:46:00,INFO,OrderProcessor,Transaction tx456100 completed in 1289ms,E104,Transaction {tx} completed in {time}ms
85107,2026-01-16,08:22:23,INFO,AuthService,Health check passed: AuthService,E102,Health check passed: {service}
85108,2026-01-16,08:45:21,INFO,OrderProcessor,User u2998 login successful,E101,User {user} login successful
85109,2026-01-16,08:42:11,INFO,PaymentGateway,Health check passed: PaymentGateway,E102,Health check passed: {service}
85110,2026-01-16,08:53:16,INFO,AuthService,Health check passed: AuthService,E102,Health check passed: {service}
85111,2026-01-16,08:16:16,INFO,OrderProcessor,Page view: /home by u4498,E103,Page view: {page} by {user}
85112,2026-01-16,08:06:15,INFO,WebServer,User u2630 login successful,E101,User {user} login successful
85113,2026-01-16,08:41:24,INFO,AuthService,User u4400 login successful,E101,User {user} login successful
85114,2026-01-16,08:31:39,ERROR,WebServer,Timeout waiting for lock on InventoryDB,E502,Timeout waiting for lock on {db}
85115,2026-01-16,08:31:35,INFO,WebServer,Page view: /home by u2162,E103,Page view: {page} by {user}
85116,2026-01-16,08:07:28,INFO,PaymentGateway,Transaction tx142252 completed in 1229ms,E104,Transaction {tx} completed in {time}ms
85117,2026-01-16,08:57:58,INFO,WebServer,Health check passed: WebServer,E102,Health check passed: {service}
85118,2026-01-16,08:23:01,INFO,PaymentGateway,User u1818 login successful,E101,User {user} login successful
85119,2026-01-16,08:56:56,INFO,AuthService,Health check passed: AuthService,E102,Health check passed: {service}
85120,2026-01-16,08:10:35,WARN,PaymentGateway,High latency (368ms) detected on PaymentGateway,E201,High latency ({time}ms) detected on {service}
85121,2026-01-16,08:03:32,INFO,WebServer,Health check passed: WebServer,E102,Health check passed: {service}
85122,2026-01-16,08:13:13,INFO,WebServer,Transaction tx497288 completed in 473ms,E104,Transaction {tx} completed in {time}ms
85123,2026-01-16,08:28:12,INFO,AuthService,User u4155 login successful,E101,User {user} login successful
85124,2026-01-16,08:05:21,INFO,PaymentGateway,Transaction tx568688 completed in 622ms,E104,Transaction {tx} completed in {time}ms
85125,2026-01-16,08:22:32,INFO,PaymentGateway,User u2505 login successful,E101,User {user} login successful
85126,2026-01-16,08:31:53,INFO,AuthService,User u4837 login successful,E101,User {user} login successful
85127,2026-01-16,08:58:29,INFO,WebServer,Transaction tx626258 completed in 549ms,E104,Transaction {tx} completed in {time}ms
85128,2026-01-16,08:02:18,INFO,OrderProcessor,Health check passed: OrderProcessor,E102,Health check passed: {service}
85129,2026-01-16,08:08:22,INFO,InventoryDB,Health check passed: InventoryDB,E102,Health check passed: {service}
85130,2026-01-16,08:41:33,INFO,WebServer,Page view: /home by u2408,E103,Page view: {page} by {user}
85131,2026-01-16,08:20:05,INFO,WebServer,User u3162 login successful,E101,User {user} login successful
85132,2026-01-16,08:29:17,INFO,OrderProcessor,User u2211 login successful,E101,User {user} login successful
85133,2026-01-16,08:40:54,INFO,WebServer,User u2894 login successful,E101,User {user} login successful
85134,2026-01-16,08:19:26,INFO,WebServer,Page view: /home by u4399,E103,Page view: {page} by {user}
85135,2026-01-16,08:22:45,INFO,WebServer,Page view: /home by u3577,E103,Page view: {page} by {user}
85136,2026-01-16,08:34:20,WARN,WebServer,High latency (1758ms) detected on WebServer,E201,High latency ({time}ms) detected on {service}
85137,2026-01-16,08:12:54,INFO,AuthService,User u3307 login successful,E101,User {user} login successful
85138,2026-01-16,08:08:01,INFO,WebServer,Health check passed: WebServer,E102,Health check passed: {service}
85139,2026-01-16,08:13:24,INFO,PaymentGateway,User u1267 login successful,E101,User {user} login successful
85140,2026-01-16,08:08:13,INFO,WebServer,Transaction tx641004 completed in 955ms,E104,Transaction {tx} completed in {time}ms
85141,2026-01-16,08:58:02,INFO,WebServer,Health check passed: WebServer,E102,Health check passed: {service}
85142,2026-01-16,08:24:36,INFO,WebServer,Health check passed: WebServer,E102,Health check passed: {service}
85143,2026-01-16,08:15:23,INFO,InventoryDB,Page view: /home by u1065,E103,Page view: {page} by {user}
85144,2026-01-16,08:45:11,INFO,OrderProcessor,Transaction tx384454 completed in 650ms,E104,Transaction {tx} completed in {time}ms
85145,2026-01-16,08:44:33,INFO,OrderProcessor,Page view: /home by u3458,E103,Page view: {page} by {user}
85146,2026-01-16,08:28:53,INFO,AuthService,User u1396 login successful,E101,User {user} login successful
85147,2026-01-16,08:12:12,INFO,AuthService,Health check passed: AuthService,E102,Health check passed: {service}
85148,2026-01-16,08:52:13,INFO,OrderProcessor,User u4176 login successful,E101,User {user} login successful
85149,2026-01-16,08:15:48,INFO,WebServer,Health check passed: WebServer,E102,Health check passed: {service}
85150,2026-01-16,08:13:10,INFO,WebServer,Health check passed: WebServer,E102,Health check passed: {service}
85151,2026-01-16,08:05:09,INFO,WebServer,Transaction tx943285 completed in 104ms,E104,Transaction {tx} completed in {time}ms
85152,2026-01-16,08:55:27,INFO,OrderProcessor,Transaction tx512946 completed in 463ms,E104,Transaction {tx} completed in {time}ms
85153,2026-01-16,08:36:41,INFO,WebServer,Page view: /home by u1615,E103,Page view: {page} by {user}
85154,2026-01-16,08:22:04,INFO,OrderProcessor,Transaction tx772617 completed in 1674ms,E104,Transaction {tx} completed in {time}ms
85155,2026-01-16,08:59:04,INFO,WebServer,Health check passed: WebServer,E102,Health check passed: {service}
85156,2026-01-16,08:25:41,INFO,PaymentGateway,User u2565 login successful,E101,User {user} login successful
85157,2026-01-16,08:02:41,INFO,WebServer,User u4358 login successful,E101,User {user} login successful
85158,2026-01-16,08:51:04,INFO,AuthService,Transaction tx389489 completed in 1683ms,E104,Transaction {tx} completed in {time}ms
85159,2026-01-16,08:42:47,INFO,WebServer,Health check passed: WebServer,E102,Health check passed: {service}
85160,2026-01-16,08:00:46,WARN,WebServer,Disk usage > 85% on node node-3,E202,Disk usage > 85% on node {node}
85161,2026-01-16,08:27:38,INFO,WebServer,Page view: /home by u2775,E103,Page view: {page} by {user}
85162,2026-01-16,08:18:00,INFO,WebServer,Page view: /home by u3039,E103,Page view: {page} by {user}
85163,2026-01-16,08:25:15,INFO,WebServer,Page view: /home by u3032,E103,Page view: {page} by {user}
85164,2026-01-16,08:55:23,INFO,WebServer,Page view: /home by u2470,E103,Page view: {page} by {user}
85165,2026-01-16,08:51:56,INFO,AuthService,Page view: /home by u2089,E103,Page view: {page} by {user}
85166,2026-01-16,08:59:25,INFO,InventoryDB,Transaction tx631790 completed in 1045ms,E104,Transaction {tx} completed in {time}ms
85167,2026-01-16,08:18:57,INFO,WebServer,User u1742 login successful,E101,User {user} login successful
85168,2026-01-16,08:56:43,INFO,InventoryDB,User u4384 login successful,E101,User {user} login successful
85169,2026-01-16,08:26:16,INFO,WebServer,User u1101 login successful,E101,User {user} login successful
85170,2026-01-16,08:19:01,INFO,WebServer,Page view: /home by u1687,E103,Page view: {page} by {user}
85171,2026-01-16,08:42:41,INFO,WebServer,Transaction tx801029 completed in 1005ms,E104,Transaction {tx} completed in {time}ms
85172,2026-01-16,08:09:09,INFO,WebServer,User u4249 login successful,E101,User {user} login successful
85173,2026-01-16,08:18:17,INFO,InventoryDB,Transaction tx879550 completed in 1707ms,E104,Transaction {tx} completed in {time}ms
85174,2026-01-16,08:44:27,INFO,WebServer,Transaction tx159951 completed in 1927ms,E104,Transaction {tx} completed in {time}ms
85175,2026-01-16,08:43:46,INFO,PaymentGateway,Health check passed: PaymentGateway,E102,Health check passed: {service}
85176,2026-01-16,08:44:20,INFO,AuthService,Transaction tx432905 completed in 354ms,E104,Transaction {tx} completed in {time}ms
85177,2026-01-16,08:57:41,ERROR,WebServer,Timeout waiting for lock on InventoryDB,E502,Timeout waiting for lock on {db}
85178,2026-01-16,08:02:11,INFO,WebServer,User u2602 login successful,E101,User {user} login successful
85179,2026-01-16,08:15:49,INFO,WebServer,Health check passed: WebServer,E102,Health check passed: {service}
85180,2026-01-16,08:42:30,WARN,AuthService,Disk usage > 85% on node node-1,E202,Disk usage > 85% on node {node}
85181,2026-01-16,08:11:41,INFO,WebServer,Page view: /home by u4638,E103,Page view: {page} by {user}
85182,2026-01-16,08:56:47,INFO,WebServer,Transaction tx798155 completed in 1150ms,E104,Transaction {tx} completed in {time}ms
85183,2026-01-16,08:54:32,INFO,OrderProcessor,Transaction tx136734 completed in 616ms,E104,Transaction {tx} completed in {time}ms
85184,2026-01-16,08:15:22,INFO,WebServer,Health check passed: WebServer,E102,Health check passed: {service}
85185,2026-01-16,08:28:33,INFO,WebServer,Transaction tx482406 completed in 1004ms,E104,Transaction {tx} completed in {time}ms
85186,2026-01-16,08:12:05,INFO,PaymentGateway,Health check passed: PaymentGateway,E102,Health check passed: {service}
85187,2026-01-16,08:49:25,INFO,WebServer,Page view: /home by u3881,E103,Page view: {page} by {user}
85188,2026-01-16,08:05:20,INFO,PaymentGateway,User u2049 login successful,E101,User {user} login successful
85189,2026-01-16,08:10:19,INFO,PaymentGateway,Health check passed: PaymentGateway,E102,Health check passed: {service}
85190,2026-01-16,08:38:16,INFO,WebServer,User u2974 login successful,E101,User {user} login successful
85191,2026-01-16,08:33:33,INFO,PaymentGateway,Transaction tx455985 completed in 1438ms,E104,Transaction {tx} completed in {time}ms
85192,2026-01-16,08:11:09,INFO,WebServer,Health check passed: WebServer,E102,Health check passed: {service}
85193,2026-01-16,08:19:21,INFO,WebServer,Page view: /home by u1466,E103,Page view: {page} by {user}
85194,2026-01-16,08:01:04,INFO,AuthService,User u2153 login successful,E101,User {user} login successful
85195,2026-01-16,08:31:31,INFO,PaymentGateway,Health check passed: PaymentGateway,E102,Health check passed: {service}
85196,2026-01-16,08:32:35,INFO,WebServer,Transaction tx544960 completed in 847ms,E104,Transaction {tx} completed in {time}ms
85197,2026-01-16,08:29:52,INFO,WebServer,User u2897 login successful,E101,User {user} login successful
85198,2026-01-16,08:38:24,INFO,AuthService,Transaction tx796868 completed in 684ms,E104,Transaction {tx} completed in {time}ms
85199,2026-01-16,08:01:27,INFO,AuthService,Transaction tx419289 completed in 1580ms,E104,Transaction {tx} completed in {time}ms
85200,2026-01-16,08:21:46,INFO,OrderProcessor,Health check passed: OrderProcessor,E102,Health check passed: {service}
85201,2026-01-16,08:52:28,INFO,WebServer,Transaction tx829845 completed in 1572ms,E104,Transaction {tx} completed in {time}ms
85202,2026-01-16,08:50:50,INFO,OrderProcessor,Health check passed: OrderProcessor,E102,Health check passed: {service}
85203,2026-01-16,08:59:00,INFO,AuthService,User u1348 login successful,E101,User {user} login successful
85204,2026-01-16,08:03:01,INFO,AuthService,Transaction tx335117 completed in 725ms,E104,Transaction {tx} completed in {time}ms
85205,2026-01-16,08:06:58,INFO,AuthService,Page view: /home by u2921,E103,Page view: {page} by {user}
85206,2026-01-16,08:03:00,INFO,WebServer,Page view: /home by u1922,E103,Page view: {page} by {user}
85207,2026-01-16,08:02:07,INFO,WebServer,User u1464 login successful,E101,User {user} login successful
85208,2026-01-16,08:33:10,INFO,WebServer,User u2496 login successful,E101,User {user} login successful
85209,2026-01-16,08:06:26,INFO,WebServer,Health check passed: WebServer,E102,Health check passed: {service}
85210,2026-01-16,08:45:23,INFO,WebServer,Page view: /home by u3513,E103,Page view: {page} by {user}
85211,2026-01-16,08:54:24,INFO,AuthService,Health check passed: AuthService,E102,Health check passed: {service}
85212,2026-01-16,08:22:52,INFO,WebServer,User u3204 login successful,E101,User {user} login successful
85213,2026-01-16,08:01:11,INFO,AuthService,Health check passed: AuthService,E102,Health check passed: {service}
85214,2026-01-16,08:46:25,INFO,AuthService,Transaction tx780202 completed in 461ms,E104,Transaction {tx} completed in {time}ms
85215,2026-01-16,08:00:15,INFO,WebServer,Page view: /home by u4327,E103,Page view: {page} by {user}
85216,2026-01-16,08:38:30,INFO,AuthService,Health check passed: AuthService,E102,Health check passed: {service}
85217,2026-01-16,08:01:24,INFO,WebServer,Page view: /home by u1347,E103,Page view: {page} by {user}
85218,2026-01-16,08:51:41,INFO,OrderProcessor,Page view: /home by u1074,E103,Page view: {page} by {user}
85219,2026-01-16,08:14:36,INFO,WebServer,User u3900 login successful,E101,User {user} login successful
85220,2026-01-16,08:48:44,INFO,OrderProcessor,Page view: /home by u4441,E103,Page view: {page} by {user}
85221,2026-01-16,08:28:27,INFO,WebServer,User u1737 login successful,E101,User {user} login successful
85222,2026-01-16,08:43:05,INFO,WebServer,Transaction tx152405 completed in 684ms,E104,Transaction {tx} completed in {time}ms
85223,2026-01-16,08:28:02,INFO,AuthService,User u2186 login successful,E101,User {user} login successful
85224,2026-01-16,08:14:14,INFO,PaymentGateway,Health check passed: PaymentGateway,E102,Health check passed: {service}
85225,2026-01-16,08:48:04,INFO,OrderProcessor,User u4620 login successful,E101,User {user} login successful
85226,2026-01-16,08:12:22,INFO,WebServer,Transaction tx594202 completed in 200ms,E104,Transaction {tx} completed in {time}ms
85227,2026-01-16,08:03:56,INFO,PaymentGateway,Health check passed: PaymentGateway,E102,Health check passed: {service}
85228,2026-01-16,08:18:51,INFO,OrderProcessor,User u2611 login successful,E101,User {user} login successful
85229,2026-01-16,08:11:43,INFO,AuthService,User u2611 login successful,E101,User {user} login successful
85230,2026-01-16,08:21:22,INFO,AuthService,Health check passed: AuthService,E102,Health check passed: {service}
85231,2026-01-16,08:23:11,INFO,WebServer,Transaction tx338911 completed in 94ms,E104,Transaction {tx} completed in {time}ms
85232,2026-01-16,08:48:44,INFO,AuthService,Health check passed: AuthService,E102,Health check passed: {service}
85233,2026-01-16,08:26:00,INFO,WebServer,Transaction tx293659 completed in 271ms,E104,Transaction {tx} completed in {time}ms
85234,2026-01-16,08:18:38,INFO,PaymentGateway,Health check passed: PaymentGateway,E102,Health check passed: {service}
85235,2026-01-16,08:30:12,INFO,PaymentGateway,User u1014 login successful,E101,User {user} login successful
85236,2026-01-16,08:04:37,INFO,WebServer,User u2820 login successful,E101,User {user} login successful
85237,2026-01-16,08:08:51,INFO,AuthService,Health check passed: AuthService,E102,Health check passed: {service}
85238,2026-01-16,08:49:59,INFO,AuthService,Page view: /home by u3415,E103,Page view: {page} by {user}
85239,2026-01-16,08:01:07,INFO,AuthService,User u1120 login successful,E101,User {user} login successful
85240,2026-01-16,08:38:01,INFO,PaymentGateway,User u3673 login successful,E101,User {user} login successful
85241,2026-01-16,08:20:12,INFO,AuthService,Transaction tx536109 completed in 276ms,E104,Transaction {tx} completed in {time}ms
85242,2026-01-16,08:43:52,WARN,WebServer,High latency (1666ms) detected on WebServer,E201,High latency ({time}ms) detected on {service}
85243,2026-01-16,08:52:10,WARN,PaymentGateway,High latency (1452ms) detected on PaymentGateway,E201,High latency ({time}ms) detected on {service}
85244,2026-01-16,08:10:52,INFO,PaymentGateway,Transaction tx873647 completed in 587ms,E104,Transaction {tx} completed in {time}ms
85245,2026-01-16,08:30:04,INFO,PaymentGateway,User u1866 login successful,E101,User {user} login successful
85246,2026-01-16,08:43:13,WARN,WebServer,Disk usage > 85% on node node-3,E202,Disk usage > 85% on node {node}
85247,2026-01-16,08:18:20,INFO,WebServer,Transaction tx982604 completed in 719ms,E104,Transaction {tx} completed in {time}ms
85248,2026-01-16,08:31:41,INFO,WebServer,User u2180 login successful,E101,User {user} login successful
85249,2026-01-16,08:21:07,WARN,WebServer,Disk usage > 85% on node node-5,E202,Disk usage > 85% on node {node}
85250,2026-01-16,08:02:22,INFO,PaymentGateway,User u4639 login successful,E101,User {user} login successful
85251,2026-01-16,08:29:03,INFO,WebServer,Health check passed: WebServer,E102,Health check passed: {service}
85252,2026-01-16,08:38:34,INFO,WebServer,Transaction tx659904 completed in 883ms,E104,Transaction {tx} completed in {time}ms
85253,2026-01-16,08:14:34,INFO,OrderProcessor,Transaction tx902533 completed in 1849ms,E104,Transaction {tx} completed in {time}ms
85254,2026-01-16,08:12:53,INFO,WebServer,Transaction tx778178 completed in 727ms,E104,Transaction {tx} completed in {time}ms
85255,2026-01-16,08:42:52,INFO,AuthService,Page view: /home by u1980,E103,Page view: {page} by {user}
85256,2026-01-16,08:19:01,INFO,PaymentGateway,Health check passed: PaymentGateway,E102,Health check passed: {service}
85257,2026-01-16,08:40:42,INFO,AuthService,Transaction tx275975 completed in 1670ms,E104,Transaction {tx} completed in {time}ms
85258,2026-01-16,08:33:14,INFO,WebServer,Health check passed: WebServer,E102,Health check passed: {service}
85259,2026-01-16,08:43:16,INFO,AuthService,User u1169 login successful,E101,User {user} login successful
85260,2026-01-16,08:59:22,INFO,OrderProcessor,Page view: /home by u2534,E103,Page view: {page} by {user}
85261,2026-01-16,08:15:29,INFO,PaymentGateway,Transaction tx191527 completed in 918ms,E104,Transaction {tx} completed in {time}ms
85262,2026-01-16,08:49:05,INFO,OrderProcessor,Health check passed: OrderProcessor,E102,Health check passed: {service}
85263,2026-01-16,08:38:49,INFO,InventoryDB,Transaction tx649577 completed in 890ms,E104,Transaction {tx} completed in {time}ms
85264,2026-01-16,08:48:13,INFO,WebServer,Health check passed: WebServer,E102,Health check passed: {service}
85265,2026-01-16,08:00:34,INFO,WebServer,Transaction tx689565 completed in 252ms,E104,Transaction {tx} completed in {time}ms
85266,2026-01-16,08:14:15,INFO,WebServer,Transaction tx137431 completed in 1984ms,E104,Transaction {tx} completed in {time}ms
85267,2026-01-16,08:42:25,INFO,WebServer,User u4914 login successful,E101,User {user} login successful
85268,2026-01-16,08:51:12,INFO,WebServer,User u3513 login successful,E101,User {user} login successful
85269,2026-01-16,08:46:01,INFO,OrderProcessor,Transaction tx704872 completed in 52ms,E104,Transaction {tx} completed in {time}ms
85270,2026-01-16,08:56:14,WARN,InventoryDB,High latency (1372ms) detected on InventoryDB,E201,High latency ({time}ms) detected on {service}
85271,2026-01-16,08:26:06,INFO,OrderProcessor,Health check passed: OrderProcessor,E102,Health check passed: {service}
85272,2026-01-16,08:31:27,INFO,PaymentGateway,Page view: /home by u2719,E103,Page view: {page} by {user}
85273,2026-01-16,08:51:32,INFO,AuthService,Health check passed: AuthService,E102,Health check passed: {service}
85274,2026-01-16,08:57:03,INFO,PaymentGateway,Health check passed: PaymentGateway,E102,Health check passed: {service}
85275,2026-01-16,08:49:09,INFO,OrderProcessor,Health check passed: OrderProcessor,E102,Health check passed: {service}
85276,2026-01-16,08:42:11,INFO,PaymentGateway,Transaction tx342108 completed in 277ms,E104,Transaction {tx} completed in {time}ms
85277,2026-01-16,08:35:09,INFO,WebServer,Page view: /home by u1642,E103,Page view: {page} by {user}
85278,2026-01-16,08:55:38,INFO,WebServer,User u2428 login successful,E101,User {user} login successful
85279,2026-01-16,08:42:26,INFO,AuthService,Transaction tx179159 completed in 728ms,E104,Transaction {tx} completed in {time}ms
85280,2026-01-16,08:56:53,INFO,AuthService,Health check passed: AuthService,E102,Health check passed: {service}
85281,2026-01-16,08:57:40,INFO,AuthService,Health check passed: AuthService,E102,Health check passed: {service}
85282,2026-01-16,08:21:22,INFO,WebServer,Health check passed: WebServer,E102,Health check passed: {service}
85283,2026-01-16,08:16:06,INFO,WebServer,Health check passed: WebServer,E102,Health check passed: {service}
85284,2026-01-16,08:01:23,INFO,AuthService,Page view: /home by u2505,E103,Page view: {page} by {user}
85285,2026-01-16,08:03:38,INFO,WebServer,Transaction tx881331 completed in 1291ms,E104,Transaction {tx} completed in {time}ms
85286,2026-01-16,08:41:52,INFO,AuthService,Transaction tx501244 completed in 170ms,E104,Transaction {tx} completed in {time}ms
85287,2026-01-16,08:14:56,INFO,PaymentGateway,Page view: /home by u2874,E103,Page view: {page} by {user}
85288,2026-01-16,08:05:23,INFO,AuthService,User u3650 login successful,E101,User {user} login successful
85289,2026-01-16,08:40:45,INFO,PaymentGateway,User u4166 login successful,E101,User {user} login successful
85290,2026-01-16,08:05:36,INFO,WebServer,User u1315 login successful,E101,User {user} login successful
85291,2026-01-16,08:28:53,INFO,WebServer,Transaction tx862739 completed in 598ms,E104,Transaction {tx} completed in {time}ms
85292,2026-01-16,08:42:05,INFO,WebServer,Health check passed: WebServer,E102,Health check passed: {service}
85293,2026-01-16,08:51:49,INFO,AuthService,Health check passed: AuthService,E102,Health check passed: {service}
85294,2026-01-16,08:50:36,INFO,AuthService,Health check passed: AuthService,E102,Health check passed: {service}
85295,2026-01-16,08:42:18,INFO,OrderProcessor,Health check passed: OrderProcessor,E102,Health check passed: {service}
85296,2026-01-16,08:40:31,INFO,WebServer,User u3673 login successful,E101,User {user} login successful
85297,2026-01-16,08:14:37,INFO,WebServer,Health check passed: WebServer,E102,Health check passed: {service}
85298,2026-01-16,08:57:54,INFO,OrderProcessor,Transaction tx279163 completed in 1550ms,E104,Transaction {tx} completed in {time}ms
85299,2026-01-16,08:17:27,INFO,PaymentGateway,Health check passed: PaymentGateway,E102,Health check passed: {service}
85300,2026-01-16,08:37:53,INFO,PaymentGateway,User u3759 login successful,E101,User {user} login successful
85301,2026-01-16,08:18:34,INFO,PaymentGateway,Health check passed: PaymentGateway,E102,Health check passed: {service}
85302,2026-01-16,08:12:21,INFO,WebServer,Transaction tx973229 completed in 946ms,E104,Transaction {tx} completed in {time}ms
85303,2026-01-16,09:05:09,INFO,AuthService,Transaction tx664261 completed in 964ms,E104,Transaction {tx} completed in {time}ms
85304,2026-01-16,09:51:03,INFO,WebServer,Page view: /home by u1541,E103,Page view: {page} by {user}
85305,2026-01-16,09:15:04,INFO,WebServer,User u3270 login successful,E101,User {user} login successful
85306,2026-01-16,09:33:42,INFO,OrderProcessor,User u3537 login successful,E101,User {user} login successful
85307,2026-01-16,09:53:38,INFO,WebServer,Health check passed: WebServer,E102,Health check passed: {service}
85308,2026-01-16,09:26:59,INFO,WebServer,User u3347 login successful,E101,User {user} login successful
85309,2026-01-16,09:28:03,INFO,AuthService,Page view: /home by u4920,E103,Page view: {page} by {user}
85310,2026-01-16,09:52:44,INFO,WebServer,Transaction tx827748 completed in 1206ms,E104,Transaction {tx} completed in {time}ms
85311,2026-01-16,09:28:39,INFO,AuthService,Transaction tx922430 completed in 977ms,E104,Transaction {tx} completed in {time}ms
85312,2026-01-16,09:47:41,INFO,WebServer,Page view: /home by u1278,E103,Page view: {page} by {user}
85313,2026-01-16,09:41:59,INFO,AuthService,Health check passed: AuthService,E102,Health check passed: {service}
85314,2026-01-16,09:37:36,INFO,PaymentGateway,Transaction tx173614 completed in 1871ms,E104,Transaction {tx} completed in {time}ms
85315,2026-01-16,09:04:02,INFO,AuthService,Page view: /home by u2435,E103,Page view: {page} by {user}
85316,2026-01-16,09:53:41,INFO,WebServer,Page view: /home by u2461,E103,Page view: {page} by {user}
85317,2026-01-16,09:40:43,WARN,WebServer,High latency (1243ms) detected on WebServer,E201,High latency ({time}ms) detected on {service}
85318,2026-01-16,09:20:05,INFO,PaymentGateway,Health check passed: PaymentGateway,E102,Health check passed: {service}
85319,2026-01-16,09:26:32,INFO,WebServer,Health check passed: WebServer,E102,Health check passed: {service}
85320,2026-01-16,09:34:42,INFO,AuthService,Transaction tx265469 completed in 992ms,E104,Transaction {tx} completed in {time}ms
85321,2026-01-16,09:12:57,ERROR,WebServer,Connection refused to WebServer at 10.0.0.45,E501,Connection refused to {service} at {ip}
85322,2026-01-16,09:22:51,INFO,WebServer,Transaction tx579971 completed in 1494ms,E104,Transaction {tx} completed in {time}ms
85323,2026-01-16,09:59:01,INFO,OrderProcessor,User u3395 login successful,E101,User {user} login successful
85324,2026-01-16,09:17:28,INFO,AuthService,Health check passed: AuthService,E102,Health check passed: {service}
85325,2026-01-16,09:11:03,INFO,OrderProcessor,Transaction tx281705 completed in 424ms,E104,Transaction {tx} completed in {time}ms
85326,2026-01-16,09:58:27,INFO,WebServer,Health check passed: WebServer,E102,Health check passed: {service}
85327,2026-01-16,09:41:49,INFO,AuthService,Transaction tx666283 completed in 1725ms,E104,Transaction {tx} completed in {time}ms
85328,2026-01-16,09:47:22,INFO,WebServer,Health check passed: WebServer,E102,Health check passed: {service}
85329,2026-01-16,09:49:49,INFO,AuthService,Transaction tx182866 completed in 1164ms,E104,Transaction {tx} completed in {time}ms
85330,2026-01-16,09:58:49,INFO,AuthService,Page view: /home by u4514,E103,Page view: {page} by {user}
85331,2026-01-16,09:59:01,INFO,WebServer,Health check passed: WebServer,E102,Health check passed: {service}
85332,2026-01-16,09:53:41,INFO,WebServer,Page view: /home by u1853,E103,Page view: {page} by {user}
85333,2026-01-16,09:37:45,INFO,WebServer,Page view: /home by u3496,E103,Page view: {page} by {user}
85334,2026-01-16,09:43:57,INFO,WebServer,User u3449 login successful,E101,User {user} login successful
85335,2026-01-16,09:54:20,INFO,PaymentGateway,Page view: /home by u3929,E103,Page view: {page} by {user}
85336,2026-01-16,09:26:29,INFO,InventoryDB,User u3091 login successful,E101,User {user} login successful
85337,2026-01-16,09:16:23,INFO,PaymentGateway,Page view: /home by u4035,E103,Page view: {page} by {user}
85338,2026-01-16,09:19:49,INFO,WebServer,Transaction tx844407 completed in 236ms,E104,Transaction {tx} completed in {time}ms
85339,2026-01-16,09:01:50,INFO,WebServer,Health check passed: WebServer,E102,Health check passed: {service}
85340,2026-01-16,09:22:15,INFO,AuthService,Health check passed: AuthService,E102,Health check passed: {service}
85341,2026-01-16,09:08:09,INFO,PaymentGateway,Transaction tx269351 completed in 589ms,E104,Transaction {tx} completed in {time}ms
85342,2026-01-16,09:45:06,INFO,WebServer,Transaction tx918484 completed in 1343ms,E104,Transaction {tx} completed in {time}ms
85343,2026-01-16,09:05:09,ERROR,WebServer,Timeout waiting for lock on InventoryDB,E502,Timeout waiting for lock on {db}
85344,2026-01-16,09:20:06,INFO,PaymentGateway,Page view: /home by u3623,E103,Page view: {page} by {user}
85345,2026-01-16,09:20:21,INFO,PaymentGateway,Health check passed: PaymentGateway,E102,Health check passed: {service}
85346,2026-01-16,09:19:32,INFO,AuthService,Health check passed: AuthService,E102,Health check passed: {service}
85347,2026-01-16,09:10:13,INFO,WebServer,User u1680 login successful,E101,User {user} login successful
85348,2026-01-16,09:27:33,INFO,WebServer,Health check passed: WebServer,E102,Health check passed: {service}
85349,2026-01-16,09:16:27,INFO,AuthService,Page view: /home by u4434,E103,Page view: {page} by {user}
85350,2026-01-16,09:31:04,INFO,WebServer,User u3846 login successful,E101,User {user} login successful
85351,2026-01-16,09:20:16,INFO,OrderProcessor,Health check passed: OrderProcessor,E102,Health check passed: {service}
85352,2026-01-16,09:34:34,INFO,OrderProcessor,Health check passed: OrderProcessor,E102,Health check passed: {service}
85353,2026-01-16,09:46:40,INFO,OrderProcessor,Health check passed: OrderProcessor,E102,Health check passed: {service}
85354,2026-01-16,09:58:39,WARN,WebServer,High latency (179ms) detected on WebServer,E201,High latency ({time}ms) detected on {service}
85355,2026-01-16,09:29:21,INFO,WebServer,Transaction tx638972 completed in 105ms,E104,Transaction {tx} completed in {time}ms
85356,2026-01-16,09:17:59,INFO,WebServer,Page view: /home by u2147,E103,Page view: {page} by {user}
85357,2026-01-16,09:55:01,INFO,WebServer,User u2780 login successful,E101,User {user} login successful
85358,2026-01-16,09:16:42,INFO,OrderProcessor,User u1213 login successful,E101,User {user} login successful
85359,2026-01-16,09:15:49,INFO,AuthService,Health check passed: AuthService,E102,Health check passed: {service}
85360,2026-01-16,09:22:45,INFO,AuthService,Page view: /home by u1036,E103,Page view: {page} by {user}
85361,2026-01-16,09:50:31,CRITICAL,WebServer,DATA CORRUPTION detected in sector 810,E602,DATA CORRUPTION detected in sector {sector}
85362,2026-01-16,09:55:51,INFO,WebServer,Transaction tx149256 completed in 1755ms,E104,Transaction {tx} completed in {time}ms
85363,2026-01-16,09:08:39,INFO,AuthService,Page view: /home by u4300,E103,Page view: {page} by {user}
85364,2026-01-16,09:58:34,INFO,OrderProcessor,Page view: /home by u2005,E103,Page view: {page} by {user}
85365,2026-01-16,09:39:23,INFO,WebServer,Page view: /home by u2896,E103,Page view: {page} by {user}
85366,2026-01-16,09:04:44,INFO,PaymentGateway,User u1770 login successful,E101,User {user} login successful
85367,2026-01-16,09:24:20,INFO,AuthService,Health check passed: AuthService,E102,Health check passed: {service}
85368,2026-01-16,09:31:25,INFO,AuthService,User u3494 login successful,E101,User {user} login successful
85369,2026-01-16,09:25:23,INFO,WebServer,User u4874 login successful,E101,User {user} login successful
85370,2026-01-16,09:49:53,INFO,OrderProcessor,Transaction tx695962 completed in 1000ms,E104,Transaction {tx} completed in {time}ms
85371,2026-01-16,09:26:11,INFO,AuthService,Health check passed: AuthService,E102,Health check passed: {service}
85372,2026-01-16,09:47:38,ERROR,WebServer,Payment declined: Gateway unavailable,E503,Payment declined: Gateway unavailable
85373,2026-01-16,09:38:32,INFO,InventoryDB,User u2787 login successful,E101,User {user} login successful
85374,2026-01-16,09:29:36,INFO,InventoryDB,User u4203 login successful,E101,User {user} login successful
85375,2026-01-16,09:19:26,INFO,WebServer,Page view: /home by u2329,E103,Page view: {page} by {user}
85376,2026-01-16,09:05:18,INFO,AuthService,User u3800 login successful,E101,User {user} login successful
85377,2026-01-16,09:58:23,INFO,WebServer,Transaction tx646602 completed in 1787ms,E104,Transaction {tx} completed in {time}ms
85378,2026-01-16,09:00:55,INFO,WebServer,Health check passed: WebServer,E102,Health check passed: {service}
85379,2026-01-16,09:57:12,INFO,WebServer,User u3167 login successful,E101,User {user} login successful
85380,2026-01-16,09:08:34,INFO,WebServer,User u4730 login successful,E101,User {user} login successful
85381,2026-01-16,09:47:21,INFO,PaymentGateway,User u4723 login successful,E101,User {user} login successful
85382,2026-01-16,09:26:35,WARN,WebServer,Unauthorized access attempt from 10.0.0.45,E401,Unauthorized access attempt from {ip}
85383,2026-01-16,09:00:30,INFO,WebServer,Page view: /home by u3234,E103,Page view: {page} by {user}
85384,2026-01-16,09:58:38,INFO,PaymentGateway,Page view: /home by u1842,E103,Page view: {page} by {user}
85385,2026-01-16,09:50:47,INFO,PaymentGateway,User u1261 login successful,E101,User {user} login successful
85386,2026-01-16,09:47:44,INFO,InventoryDB,Transaction tx946990 completed in 1842ms,E104,Transaction {tx} completed in {time}ms
85387,2026-01-16,09:13:38,INFO,InventoryDB,Page view: /home by u4417,E103,Page view: {page} by {user}
85388,2026-01-16,09:31:13,INFO,WebServer,User u4017 login successful,E101,User {user} login successful
85389,2026-01-16,09:19:16,INFO,WebServer,User u3860 login successful,E101,User {user} login successful
85390,2026-01-16,09:54:25,INFO,WebServer,User u1698 login successful,E101,User {user} login successful
85391,2026-01-16,09:42:05,INFO,PaymentGateway,Page view: /home by u2696,E103,Page view: {page} by {user}
85392,2026-01-16,09:10:55,INFO,PaymentGateway,User u3331 login successful,E101,User {user} login successful
85393,2026-01-16,09:04:32,INFO,InventoryDB,Health check passed: InventoryDB,E102,Health check passed: {service}
85394,2026-01-16,09:24:11,INFO,InventoryDB,Page view: /home by u2176,E103,Page view: {page} by {user}
85395,2026-01-16,09:46:27,INFO,WebServer,User u4263 login successful,E101,User {user} login successful
85396,2026-01-16,09:44:13,INFO,PaymentGateway,Transaction tx715008 completed in 1917ms,E104,Transaction {tx} completed in {time}ms
85397,2026-01-16,09:32:02,INFO,AuthService,Transaction tx948626 completed in 401ms,E104,Transaction {tx} completed in {time}ms
85398,2026-01-16,09:10:20,INFO,AuthService,User u1350 login successful,E101,User {user} login successful
85399,2026-01-16,09:18:56,INFO,OrderProcessor,Health check passed: OrderProcessor,E102,Health check passed: {service}
85400,2026-01-16,09:49:27,INFO,PaymentGateway,Page view: /home by u2049,E103,Page view: {page} by {user}
85401,2026-01-16,09:54:46,INFO,WebServer,Health check passed: WebServer,E102,Health check passed: {service}
85402,2026-01-16,09:33:09,INFO,AuthService,User u2853 login successful,E101,User {user} login successful
85403,2026-01-16,09:27:57,INFO,OrderProcessor,Transaction tx121758 completed in 256ms,E104,Transaction {tx} completed in {time}ms
85404,2026-01-16,09:20:55,INFO,PaymentGateway,Health check passed: PaymentGateway,E102,Health check passed: {service}
85405,2026-01-16,09:49:56,INFO,PaymentGateway,Health check passed: PaymentGateway,E102,Health check passed: {service}
85406,2026-01-16,09:54:12,INFO,WebServer,Page view: /home by u2106,E103,Page view: {page} by {user}
85407,2026-01-16,09:47:02,INFO,InventoryDB,Page view: /home by u3288,E103,Page view: {page} by {user}
85408,2026-01-16,09:47:58,WARN,WebServer,High latency (563ms) detected on WebServer,E201,High latency ({time}ms) detected on {service}
85409,2026-01-16,09:17:57,WARN,AuthService,High latency (1954ms) detected on AuthService,E201,High latency ({time}ms) detected on {service}
85410,2026-01-16,09:59:59,WARN,OrderProcessor,High latency (281ms) detected on OrderProcessor,E201,High latency ({time}ms) detected on {service}
85411,2026-01-16,09:14:20,INFO,WebServer,Page view: /home by u4762,E103,Page view: {page} by {user}
85412,2026-01-16,09:21:10,INFO,AuthService,User u2246 login successful,E101,User {user} login successful
85413,2026-01-16,09:54:45,INFO,AuthService,User u2694 login successful,E101,User {user} login successful
85414,2026-01-16,09:47:55,INFO,WebServer,Health check passed: WebServer,E102,Health check passed: {service}
85415,2026-01-16,09:50:08,INFO,WebServer,User u4634 login successful,E101,User {user} login successful
85416,2026-01-16,09:10:35,INFO,WebServer,Health check passed: WebServer,E102,Health check passed: {service}
85417,2026-01-16,09:11:28,INFO,WebServer,Page view: /home by u3207,E103,Page view: {page} by {user}
85418,2026-01-16,09:25:41,INFO,WebServer,Transaction tx350212 completed in 1806ms,E104,Transaction {tx} completed in {time}ms
85419,2026-01-16,09:22:32,INFO,WebServer,Page view: /home by u3315,E103,Page view: {page} by {user}
85420,2026-01-16,09:15:41,INFO,WebServer,Page view: /home by u2670,E103,Page view: {page} by {user}
85421,2026-01-16,09:52:20,WARN,InventoryDB,Disk usage > 85% on node node-3,E202,Disk usage > 85% on node {node}
85422,2026-01-16,09:00:17,INFO,WebServer,Transaction tx835068 completed in 1503ms,E104,Transaction {tx} completed in {time}ms
85423,2026-01-16,09:22:39,INFO,OrderProcessor,Transaction tx855548 completed in 878ms,E104,Transaction {tx} completed in {time}ms
85424,2026-01-16,09:32:37,INFO,WebServer,Health check passed: WebServer,E102,Health check passed: {service}
85425,2026-01-16,09:44:43,INFO,AuthService,Page view: /home by u1450,E103,Page view: {page} by {user}
85426,2026-01-16,09:30:33,INFO,WebServer,Transaction tx359109 completed in 618ms,E104,Transaction {tx} completed in {time}ms
85427,2026-01-16,09:46:09,INFO,WebServer,User u3461 login successful,E101,User {user} login successful
85428,2026-01-16,09:00:00,WARN,WebServer,High latency (620ms) detected on WebServer,E201,High latency ({time}ms) detected on {service}
85429,2026-01-16,09:08:52,INFO,WebServer,Page view: /home by u1975,E103,Page view: {page} by {user}
85430,2026-01-16,09:54:15,INFO,WebServer,Health check passed: WebServer,E102,Health check passed: {service}
85431,2026-01-16,09:11:24,INFO,AuthService,Health check passed: AuthService,E102,Health check passed: {service}
85432,2026-01-16,09:38:18,INFO,InventoryDB,User u4990 login successful,E101,User {user} login successful
85433,2026-01-16,09:00:17,INFO,WebServer,Page view: /home by u1344,E103,Page view: {page} by {user}
85434,2026-01-16,09:41:43,INFO,PaymentGateway,Transaction tx970595 completed in 762ms,E104,Transaction {tx} completed in {time}ms
85435,2026-01-16,09:27:11,INFO,InventoryDB,Page view: /home by u3847,E103,Page view: {page} by {user}
85436,2026-01-16,09:07:31,INFO,AuthService,Health check passed: AuthService,E102,Health check passed: {service}
85437,2026-01-16,09:51:27,INFO,WebServer,User u1390 login successful,E101,User {user} login successful
85438,2026-01-16,09:38:56,INFO,InventoryDB,Health check passed: InventoryDB,E102,Health check passed: {service}
85439,2026-01-16,09:09:18,INFO,AuthService,Health check passed: AuthService,E102,Health check passed: {service}
85440,2026-01-16,09:35:14,INFO,OrderProcessor,Page view: /home by u1962,E103,Page view: {page} by {user}
85441,2026-01-16,09:52:52,INFO,OrderProcessor,User u2819 login successful,E101,User {user} login successful
85442,2026-01-16,09:52:38,INFO,WebServer,Transaction tx328660 completed in 687ms,E104,Transaction {tx} completed in {time}ms
85443,2026-01-16,09:58:22,INFO,WebServer,Health check passed: WebServer,E102,Health check passed: {service}
85444,2026-01-16,09:19:50,INFO,AuthService,Transaction tx624479 completed in 675ms,E104,Transaction {tx} completed in {time}ms
85445,2026-01-16,09:58:42,INFO,WebServer,User u4759 login successful,E101,User {user} login successful
85446,2026-01-16,09:25:39,INFO,WebServer,Transaction tx881609 completed in 1602ms,E104,Transaction {tx} completed in {time}ms
85447,2026-01-16,09:28:51,INFO,WebServer,Transaction tx726973 completed in 1736ms,E104,Transaction {tx} completed in {time}ms
85448,2026-01-16,09:48:12,INFO,WebServer,Health check passed: WebServer,E102,Health check passed: {service}
85449,2026-01-16,09:36:42,INFO,PaymentGateway,Page view: /home by u3274,E103,Page view: {page} by {user}
85450,2026-01-16,09:13:44,INFO,OrderProcessor,Transaction tx839068 completed in 368ms,E104,Transaction {tx} completed in {time}ms
85451,2026-01-16,09:21:09,INFO,AuthService,User u4772 login successful,E101,User {user} login successful
85452,2026-01-16,09:52:44,INFO,InventoryDB,Page view: /home by u4281,E103,Page view: {page} by {user}
85453,2026-01-16,09:01:13,INFO,WebServer,Transaction tx495317 completed in 1651ms,E104,Transaction {tx} completed in {time}ms
85454,2026-01-16,09:35:23,INFO,WebServer,Page view: /home by u4916,E103,Page view: {page} by {user}
85455,2026-01-16,09:34:20,INFO,AuthService,User u2534 login successful,E101,User {user} login successful
85456,2026-01-16,09:02:07,INFO,WebServer,Transaction tx700224 completed in 1742ms,E104,Transaction {tx} completed in {time}ms
85457,2026-01-16,09:26:26,INFO,WebServer,User u4190 login successful,E101,User {user} login successful
85458,2026-01-16,09:54:45,INFO,AuthService,Health check passed: AuthService,E102,Health check passed: {service}
85459,2026-01-16,09:57:23,INFO,AuthService,Transaction tx360992 completed in 346ms,E104,Transaction {tx} completed in {time}ms
85460,2026-01-16,09:09:12,INFO,OrderProcessor,Health check passed: OrderProcessor,E102,Health check passed: {service}
85461,2026-01-16,09:29:43,INFO,OrderProcessor,Page view: /home by u1165,E103,Page view: {page} by {user}
85462,2026-01-16,09:42:03,INFO,AuthService,Transaction tx938673 completed in 1544ms,E104,Transaction {tx} completed in {time}ms
85463,2026-01-16,09:01:18,INFO,AuthService,Health check passed: AuthService,E102,Health check passed: {service}
85464,2026-01-16,09:44:58,INFO,PaymentGateway,Transaction tx364590 completed in 668ms,E104,Transaction {tx} completed in {time}ms
85465,2026-01-16,09:32:45,INFO,AuthService,Transaction tx189305 completed in 700ms,E104,Transaction {tx} completed in {time}ms
85466,2026-01-16,09:01:45,INFO,AuthService,Health check passed: AuthService,E102,Health check passed: {service}
85467,2026-01-16,09:03:07,INFO,AuthService,Health check passed: AuthService,E102,Health check passed: {service}
85468,2026-01-16,09:11:40,INFO,WebServer,User u3196 login successful,E101,User {user} login successful
85469,2026-01-16,09:57:10,INFO,PaymentGateway,Health check passed: PaymentGateway,E102,Health check passed: {service}
85470,2026-01-16,09:58:39,INFO,AuthService,Page view: /home by u4756,E103,Page view: {page} by {user}
85471,2026-01-16,09:48:17,INFO,WebServer,Transaction tx733896 completed in 776ms,E104,Transaction {tx} completed in {time}ms
85472,2026-01-16,09:16:26,INFO,OrderProcessor,Health check passed: OrderProcessor,E102,Health check passed: {service}
85473,2026-01-16,09:22:41,INFO,AuthService,Page view: /home by u2540,E103,Page view: {page} by {user}
85474,2026-01-16,09:18:00,INFO,WebServer,User u3005 login successful,E101,User {user} login successful
85475,2026-01-16,09:21:36,INFO,WebServer,Transaction tx800750 completed in 1984ms,E104,Transaction {tx} completed in {time}ms
85476,2026-01-16,09:34:52,INFO,AuthService,Page view: /home by u3191,E103,Page view: {page} by {user}
85477,2026-01-16,09:57:04,INFO,OrderProcessor,Health check passed: OrderProcessor,E102,Health check passed: {service}
85478,2026-01-16,09:07:45,INFO,AuthService,User u3906 login successful,E101,User {user} login successful
85479,2026-01-16,09:40:19,INFO,WebServer,Health check passed: WebServer,E102,Health check passed: {service}
85480,2026-01-16,09:46:42,INFO,AuthService,Health check passed: AuthService,E102,Health check passed: {service}
85481,2026-01-16,09:47:32,INFO,AuthService,Transaction tx864678 completed in 325ms,E104,Transaction {tx} completed in {time}ms
85482,2026-01-16,09:44:18,INFO,InventoryDB,Health check passed: InventoryDB,E102,Health check passed: {service}
85483,2026-01-16,09:26:40,INFO,WebServer,User u2866 login successful,E101,User {user} login successful
85484,2026-01-16,09:22:19,INFO,AuthService,User u1128 login successful,E101,User {user} login successful
85485,2026-01-16,09:03:45,INFO,AuthService,Page view: /home by u3817,E103,Page view: {page} by {user}
85486,2026-01-16,09:14:02,INFO,WebServer,Health check passed: WebServer,E102,Health check passed: {service}
85487,2026-01-16,09:52:05,INFO,AuthService,Health check passed: AuthService,E102,Health check passed: {service}
85488,2026-01-16,09:06:20,INFO,WebServer,Transaction tx399898 completed in 608ms,E104,Transaction {tx} completed in {time}ms
85489,2026-01-16,09:28:20,INFO,PaymentGateway,Health check passed: PaymentGateway,E102,Health check passed: {service}
85490,2026-01-16,09:09:23,INFO,AuthService,User u4026 login successful,E101,User {user} login successful
85491,2026-01-16,09:38:33,INFO,WebServer,Transaction tx925884 completed in 1437ms,E104,Transaction {tx} completed in {time}ms
85492,2026-01-16,09:30:38,INFO,InventoryDB,Health check passed: InventoryDB,E102,Health check passed: {service}
85493,2026-01-16,09:08:40,INFO,WebServer,Page view: /home by u4939,E103,Page view: {page} by {user}
85494,2026-01-16,09:08:23,INFO,OrderProcessor,Page view: /home by u1740,E103,Page view: {page} by {user}
85495,2026-01-16,09:06:11,INFO,AuthService,Health check passed: AuthService,E102,Health check passed: {service}
85496,2026-01-16,09:13:49,INFO,WebServer,Health check passed: WebServer,E102,Health check passed: {service}
85497,2026-01-16,09:20:50,INFO,WebServer,Transaction tx119404 completed in 1801ms,E104,Transaction {tx} completed in {time}ms
85498,2026-01-16,09:35:14,INFO,AuthService,Page view: /home by u1455,E103,Page view: {page} by {user}
85499,2026-01-16,09:49:00,INFO,PaymentGateway,Page view: /home by u1714,E103,Page view: {page} by {user}
85500,2026-01-16,09:20:10,INFO,OrderProcessor,Page view: /home by u2397,E103,Page view: {page} by {user}
85501,2026-01-16,09:59:18,INFO,AuthService,Transaction tx974368 completed in 1663ms,E104,Transaction {tx} completed in {time}ms
85502,2026-01-16,09:46:02,INFO,WebServer,User u2277 login successful,E101,User {user} login successful
85503,2026-01-16,09:44:59,INFO,InventoryDB,User u3891 login successful,E101,User {user} login successful
85504,2026-01-16,09:46:39,WARN,WebServer,Disk usage > 85% on node node-4,E202,Disk usage > 85% on node {node}
85505,2026-01-16,09:52:03,INFO,WebServer,Transaction tx544908 completed in 1274ms,E104,Transaction {tx} completed in {time}ms
85506,2026-01-16,09:11:08,INFO,WebServer,User u3545 login successful,E101,User {user} login successful
85507,2026-01-16,09:34:46,INFO,WebServer,Health check passed: WebServer,E102,Health check passed: {service}
85508,2026-01-16,09:50:43,INFO,OrderProcessor,User u3830 login successful,E101,User {user} login successful
85509,2026-01-16,09:04:11,INFO,WebServer,User u1888 login successful,E101,User {user} login successful
85510,2026-01-16,09:19:40,INFO,WebServer,Transaction tx840816 completed in 1169ms,E104,Transaction {tx} completed in {time}ms
85511,2026-01-16,09:18:53,INFO,WebServer,User u4420 login successful,E101,User {user} login successful
85512,2026-01-16,09:23:42,INFO,WebServer,Transaction tx464429 completed in 1623ms,E104,Transaction {tx} completed in {time}ms
85513,2026-01-16,09:39:08,INFO,OrderProcessor,Page view: /home by u1809,E103,Page view: {page} by {user}
85514,2026-01-16,09:27:56,WARN,WebServer,High latency (849ms) detected on WebServer,E201,High latency ({time}ms) detected on {service}
85515,2026-01-16,09:41:16,INFO,AuthService,Health check passed: AuthService,E102,Health check passed: {service}
85516,2026-01-16,09:13:33,INFO,AuthService,User u1611 login successful,E101,User {user} login successful
85517,2026-01-16,09:20:41,INFO,InventoryDB,Page view: /home by u4008,E103,Page view: {page} by {user}
85518,2026-01-16,09:36:43,INFO,OrderProcessor,Page view: /home by u4137,E103,Page view: {page} by {user}
85519,2026-01-16,09:37:12,INFO,AuthService,Transaction tx465402 completed in 1150ms,E104,Transaction {tx} completed in {time}ms
85520,2026-01-16,09:42:44,INFO,OrderProcessor,User u3270 login successful,E101,User {user} login successful
85521,2026-01-16,09:14:30,INFO,PaymentGateway,Page view: /home by u2463,E103,Page view: {page} by {user}
85522,2026-01-16,09:44:59,INFO,InventoryDB,Page view: /home by u2951,E103,Page view: {page} by {user}
85523,2026-01-16,09:51:34,INFO,WebServer,Page view: /home by u2673,E103,Page view: {page} by {user}
85524,2026-01-16,09:34:44,INFO,OrderProcessor,Health check passed: OrderProcessor,E102,Health check passed: {service}
85525,2026-01-16,09:18:18,INFO,AuthService,Transaction tx347136 completed in 964ms,E104,Transaction {tx} completed in {time}ms
85526,2026-01-16,09:53:06,INFO,WebServer,Page view: /home by u3153,E103,Page view: {page} by {user}
85527,2026-01-16,09:03:07,INFO,OrderProcessor,Page view: /home by u4870,E103,Page view: {page} by {user}
85528,2026-01-16,09:03:07,INFO,WebServer,User u1390 login successful,E101,User {user} login successful
85529,2026-01-16,09:07:25,INFO,WebServer,User u3860 login successful,E101,User {user} login successful
85530,2026-01-16,09:26:55,INFO,WebServer,Health check passed: WebServer,E102,Health check passed: {service}
85531,2026-01-16,09:08:55,INFO,WebServer,Health check passed: WebServer,E102,Health check passed: {service}
85532,2026-01-16,09:38:43,INFO,OrderProcessor,Health check passed: OrderProcessor,E102,Health check passed: {service}
85533,2026-01-16,09:58:45,INFO,WebServer,Page view: /home by u2641,E103,Page view: {page} by {user}
85534,2026-01-16,09:17:15,INFO,PaymentGateway,User u3160 login successful,E101,User {user} login successful
85535,2026-01-16,09:47:16,INFO,WebServer,Transaction tx463103 completed in 1919ms,E104,Transaction {tx} completed in {time}ms
85536,2026-01-16,09:06:29,ERROR,OrderProcessor,Connection refused to OrderProcessor at 192.168.1.5,E501,Connection refused to {service} at {ip}
85537,2026-01-16,09:13:53,INFO,WebServer,Health check passed: WebServer,E102,Health check passed: {service}
85538,2026-01-16,09:39:31,INFO,WebServer,User u3926 login successful,E101,User {user} login successful
85539,2026-01-16,09:01:35,INFO,PaymentGateway,User u3490 login successful,E101,User {user} login successful
85540,2026-01-16,09:41:12,INFO,AuthService,Page view: /home by u3578,E103,Page view: {page} by {user}
85541,2026-01-16,09:51:18,INFO,WebServer,Health check passed: WebServer,E102,Health check passed: {service}
85542,2026-01-16,09:48:33,INFO,AuthService,User u2730 login successful,E101,User {user} login successful
85543,2026-01-16,09:56:19,INFO,OrderProcessor,User u4575 login successful,E101,User {user} login successful
85544,2026-01-16,09:33:30,WARN,PaymentGateway,Disk usage > 85% on node node-1,E202,Disk usage > 85% on node {node}
85545,2026-01-16,09:20:16,WARN,OrderProcessor,High latency (1244ms) detected on OrderProcessor,E201,High latency ({time}ms) detected on {service}
85546,2026-01-16,09:18:54,INFO,InventoryDB,User u2196 login successful,E101,User {user} login successful
85547,2026-01-16,09:36:53,INFO,WebServer,Page view: /home by u1859,E103,Page view: {page} by {user}
85548,2026-01-16,09:34:50,INFO,AuthService,Transaction tx826713 completed in 1257ms,E104,Transaction {tx} completed in {time}ms
85549,2026-01-16,09:56:29,INFO,WebServer,User u2439 login successful,E101,User {user} login successful
85550,2026-01-16,09:35:10,INFO,AuthService,Health check passed: AuthService,E102,Health check passed: {service}
85551,2026-01-16,09:16:02,INFO,AuthService,Page view: /home by u4671,E103,Page view: {page} by {user}
85552,2026-01-16,09:20:28,INFO,AuthService,Page view: /home by u4936,E103,Page view: {page} by {user}
85553,2026-01-16,09:55:59,INFO,WebServer,Transaction tx720976 completed in 154ms,E104,Transaction {tx} completed in {time}ms
85554,2026-01-16,09:26:27,INFO,WebServer,User u1086 login successful,E101,User {user} login successful
85555,2026-01-16,09:53:51,INFO,WebServer,Page view: /home by u3230,E103,Page view: {page} by {user}
85556,2026-01-16,09:53:48,INFO,AuthService,User u2309 login successful,E101,User {user} login successful
85557,2026-01-16,09:49:39,INFO,WebServer,Health check passed: WebServer,E102,Health check passed: {service}
85558,2026-01-16,09:47:18,INFO,OrderProcessor,User u1382 login successful,E101,User {user} login successful
85559,2026-01-16,09:26:45,INFO,WebServer,User u1606 login successful,E101,User {user} login successful
85560,2026-01-16,09:58:06,INFO,WebServer,Page view: /home by u3982,E103,Page view: {page} by {user}
85561,2026-01-16,09:28:46,INFO,OrderProcessor,User u3831 login successful,E101,User {user} login successful
85562,2026-01-16,09:55:35,INFO,AuthService,Page view: /home by u1513,E103,Page view: {page} by {user}
85563,2026-01-16,09:23:24,INFO,WebServer,User u4112 login successful,E101,User {user} login successful
85564,2026-01-16,09:53:38,INFO,WebServer,User u1848 login successful,E101,User {user} login successful
85565,2026-01-16,09:41:06,INFO,WebServer,User u1008 login successful,E101,User {user} login successful
85566,2026-01-16,09:35:06,INFO,OrderProcessor,Page view: /home by u3281,E103,Page view: {page} by {user}
85567,2026-01-16,09:43:41,WARN,WebServer,Disk usage > 85% on node node-4,E202,Disk usage > 85% on node {node}
85568,2026-01-16,09:38:27,INFO,WebServer,User u1646 login successful,E101,User {user} login successful
85569,2026-01-16,09:31:12,INFO,OrderProcessor,Transaction tx994290 completed in 887ms,E104,Transaction {tx} completed in {time}ms
85570,2026-01-16,09:13:47,INFO,WebServer,User u2682 login successful,E101,User {user} login successful
85571,2026-01-16,09:31:23,INFO,PaymentGateway,User u2572 login successful,E101,User {user} login successful
85572,2026-01-16,09:29:46,INFO,WebServer,Page view: /home by u2393,E103,Page view: {page} by {user}
85573,2026-01-16,09:29:33,INFO,WebServer,User u1230 login successful,E101,User {user} login successful
85574,2026-01-16,09:59:21,INFO,OrderProcessor,User u2363 login successful,E101,User {user} login successful
85575,2026-01-16,09:21:44,INFO,WebServer,Page view: /home by u2516,E103,Page view: {page} by {user}
85576,2026-01-16,09:27:25,INFO,AuthService,Health check passed: AuthService,E102,Health check passed: {service}
85577,2026-01-16,09:35:47,INFO,AuthService,Health check passed: AuthService,E102,Health check passed: {service}
85578,2026-01-16,09:06:04,INFO,WebServer,Health check passed: WebServer,E102,Health check passed: {service}
85579,2026-01-16,09:35:13,INFO,WebServer,Page view: /home by u4808,E103,Page view: {page} by {user}
85580,2026-01-16,09:22:08,INFO,WebServer,User u4354 login successful,E101,User {user} login successful
85581,2026-01-16,09:59:01,INFO,WebServer,Page view: /home by u4852,E103,Page view: {page} by {user}
85582,2026-01-16,09:43:53,INFO,OrderProcessor,User u4219 login successful,E101,User {user} login successful
85583,2026-01-16,09:27:54,ERROR,PaymentGateway,Timeout waiting for lock on InventoryDB,E502,Timeout waiting for lock on {db}
85584,2026-01-16,09:40:25,INFO,WebServer,Page view: /home by u2200,E103,Page view: {page} by {user}
85585,2026-01-16,09:35:03,INFO,InventoryDB,Transaction tx520098 completed in 682ms,E104,Transaction {tx} completed in {time}ms
85586,2026-01-16,09:36:56,INFO,WebServer,Health check passed: WebServer,E102,Health check passed: {service}
85587,2026-01-16,09:29:36,INFO,WebServer,Transaction tx929619 completed in 1280ms,E104,Transaction {tx} completed in {time}ms
85588,2026-01-16,09:01:11,INFO,WebServer,User u4028 login successful,E101,User {user} login successful
85589,2026-01-16,09:06:18,CRITICAL,WebServer,DATA CORRUPTION detected in sector 819,E602,DATA CORRUPTION detected in sector {sector}
85590,2026-01-16,09:39:49,INFO,WebServer,Transaction tx439497 completed in 1083ms,E104,Transaction {tx} completed in {time}ms
85591,2026-01-16,09:58:48,INFO,WebServer,Transaction tx812222 completed in 620ms,E104,Transaction {tx} completed in {time}ms
85592,2026-01-16,09:18:14,INFO,PaymentGateway,User u1835 login successful,E101,User {user} login successful
85593,2026-01-16,09:36:26,INFO,AuthService,Health check passed: AuthService,E102,Health check passed: {service}
85594,2026-01-16,09:15:09,INFO,WebServer,User u3619 login successful,E101,User {user} login successful
85595,2026-01-16,09:15:01,INFO,WebServer,Transaction tx909373 completed in 64ms,E104,Transaction {tx} completed in {time}ms
85596,2026-01-16,09:57:55,INFO,WebServer,User u3084 login successful,E101,User {user} login successful
85597,2026-01-16,09:54:25,INFO,AuthService,Health check passed: AuthService,E102,Health check passed: {service}
85598,2026-01-16,09:07:29,INFO,WebServer,User u1718 login successful,E101,User {user} login successful
85599,2026-01-16,09:34:42,WARN,WebServer,Disk usage > 85% on node node-1,E202,Disk usage > 85% on node {node}
85600,2026-01-16,09:16:06,INFO,WebServer,Health check passed: WebServer,E102,Health check passed: {service}
85601,2026-01-16,09:14:37,WARN,AuthService,Disk usage > 85% on node node-3,E202,Disk usage > 85% on node {node}
85602,2026-01-16,09:58:39,INFO,OrderProcessor,User u1482 login successful,E101,User {user} login successful
85603,2026-01-16,09:37:24,INFO,WebServer,Transaction tx568237 completed in 276ms,E104,Transaction {tx} completed in {time}ms
85604,2026-01-16,09:43:00,INFO,OrderProcessor,Health check passed: OrderProcessor,E102,Health check passed: {service}
85605,2026-01-16,09:27:27,INFO,WebServer,Health check passed: WebServer,E102,Health check passed: {service}
85606,2026-01-16,09:10:53,INFO,AuthService,Health check passed: AuthService,E102,Health check passed: {service}
85607,2026-01-16,09:02:28,INFO,OrderProcessor,User u4248 login successful,E101,User {user} login successful
85608,2026-01-16,09:53:19,INFO,AuthService,Page view: /home by u1493,E103,Page view: {page} by {user}
85609,2026-01-16,09:30:16,INFO,AuthService,Transaction tx843288 completed in 1259ms,E104,Transaction {tx} completed in {time}ms
85610,2026-01-16,09:58:39,INFO,WebServer,Health check passed: WebServer,E102,Health check passed: {service}
85611,2026-01-16,09:27:14,INFO,WebServer,Transaction tx589301 completed in 469ms,E104,Transaction {tx} completed in {time}ms
85612,2026-01-16,09:10:52,INFO,WebServer,Transaction tx376406 completed in 1943ms,E104,Transaction {tx} completed in {time}ms
85613,2026-01-16,09:22:29,INFO,WebServer,User u4881 login successful,E101,User {user} login successful
85614,2026-01-16,09:55:00,ERROR,OrderProcessor,Payment declined: Gateway unavailable,E503,Payment declined: Gateway unavailable
85615,2026-01-16,09:19:51,INFO,WebServer,Health check passed: WebServer,E102,Health check passed: {service}
85616,2026-01-16,09:22:47,INFO,InventoryDB,Transaction tx494074 completed in 967ms,E104,Transaction {tx} completed in {time}ms
85617,2026-01-16,09:36:34,INFO,OrderProcessor,Transaction tx805592 completed in 959ms,E104,Transaction {tx} completed in {time}ms
85618,2026-01-16,09:23:39,INFO,WebServer,Page view: /home by u4609,E103,Page view: {page} by {user}
85619,2026-01-16,09:49:27,INFO,WebServer,Page view: /home by u1052,E103,Page view: {page} by {user}
85620,2026-01-16,09:55:13,INFO,InventoryDB,User u2008 login successful,E101,User {user} login successful
85621,2026-01-16,09:55:27,INFO,AuthService,Transaction tx458075 completed in 1049ms,E104,Transaction {tx} completed in {time}ms
85622,2026-01-16,09:08:49,INFO,AuthService,User u3026 login successful,E101,User {user} login successful
85623,2026-01-16,09:29:56,INFO,WebServer,Page view: /home by u1517,E103,Page view: {page} by {user}
85624,2026-01-16,09:57:38,INFO,OrderProcessor,Health check passed: OrderProcessor,E102,Health check passed: {service}
85625,2026-01-16,09:36:41,INFO,WebServer,Page view: /home by u3001,E103,Page view: {page} by {user}
85626,2026-01-16,09:00:43,INFO,WebServer,User u3506 login successful,E101,User {user} login successful
85627,2026-01-16,09:57:33,INFO,WebServer,Health check passed: WebServer,E102,Health check passed: {service}
85628,2026-01-16,09:47:37,INFO,WebServer,Health check passed: WebServer,E102,Health check passed: {service}
85629,2026-01-16,09:55:55,INFO,PaymentGateway,Transaction tx763020 completed in 1093ms,E104,Transaction {tx} completed in {time}ms
85630,2026-01-16,09:50:43,INFO,WebServer,Page view: /home by u4411,E103,Page view: {page} by {user}
85631,2026-01-16,09:06:00,INFO,WebServer,User u4343 login successful,E101,User {user} login successful
85632,2026-01-16,09:37:31,INFO,OrderProcessor,User u4310 login successful,E101,User {user} login successful
85633,2026-01-16,09:39:54,INFO,AuthService,Health check passed: AuthService,E102,Health check passed: {service}
85634,2026-01-16,09:53:22,INFO,AuthService,Page view: /home by u4552,E103,Page view: {page} by {user}
85635,2026-01-16,09:32:36,INFO,AuthService,User u1140 login successful,E101,User {user} login successful
85636,2026-01-16,09:30:50,INFO,WebServer,Health check passed: WebServer,E102,Health check passed: {service}
85637,2026-01-16,09:04:28,INFO,AuthService,User u4298 login successful,E101,User {user} login successful
85638,2026-01-16,09:27:22,INFO,PaymentGateway,Page view: /home by u3396,E103,Page view: {page} by {user}
85639,2026-01-16,09:13:41,INFO,WebServer,User u3291 login successful,E101,User {user} login successful
85640,2026-01-16,09:55:22,WARN,WebServer,Disk usage > 85% on node node-5,E202,Disk usage > 85% on node {node}
85641,2026-01-16,09:32:27,INFO,AuthService,Transaction tx361398 completed in 1469ms,E104,Transaction {tx} completed in {time}ms
85642,2026-01-16,09:50:15,INFO,WebServer,Health check passed: WebServer,E102,Health check passed: {service}
85643,2026-01-16,09:11:34,WARN,AuthService,Unauthorized access attempt from 10.0.0.10,E401,Unauthorized access attempt from {ip}
85644,2026-01-16,09:20:37,INFO,OrderProcessor,Page view: /home by u3249,E103,Page view: {page} by {user}
85645,2026-01-16,09:59:45,INFO,PaymentGateway,Page view: /home by u1634,E103,Page view: {page} by {user}
85646,2026-01-16,09:56:27,INFO,OrderProcessor,Health check passed: OrderProcessor,E102,Health check passed: {service}
85647,2026-01-16,09:13:20,INFO,InventoryDB,User u1115 login successful,E101,User {user} login successful
85648,2026-01-16,09:09:03,INFO,PaymentGateway,Health check passed: PaymentGateway,E102,Health check passed: {service}
85649,2026-01-16,09:25:45,INFO,OrderProcessor,Transaction tx527299 completed in 544ms,E104,Transaction {tx} completed in {time}ms
85650,2026-01-16,09:05:33,INFO,WebServer,Transaction tx679224 completed in 539ms,E104,Transaction {tx} completed in {time}ms
85651,2026-01-16,09:02:11,WARN,WebServer,High latency (446ms) detected on WebServer,E201,High latency ({time}ms) detected on {service}
85652,2026-01-16,09:47:13,INFO,WebServer,Page view: /home by u1084,E103,Page view: {page} by {user}
85653,2026-01-16,09:30:14,INFO,WebServer,Health check passed: WebServer,E102,Health check passed: {service}
85654,2026-01-16,09:06:22,INFO,AuthService,Transaction tx320775 completed in 899ms,E104,Transaction {tx} completed in {time}ms
85655,2026-01-16,09:34:04,WARN,WebServer,Disk usage > 85% on node node-2,E202,Disk usage > 85% on node {node}
85656,2026-01-16,09:49:50,INFO,AuthService,Transaction tx775421 completed in 1362ms,E104,Transaction {tx} completed in {time}ms
85657,2026-01-16,09:18:49,INFO,WebServer,Page view: /home by u2113,E103,Page view: {page} by {user}
85658,2026-01-16,09:51:46,INFO,OrderProcessor,Health check passed: OrderProcessor,E102,Health check passed: {service}
85659,2026-01-16,09:35:42,INFO,AuthService,User u2771 login successful,E101,User {user} login successful
85660,2026-01-16,09:37:33,INFO,AuthService,User u3208 login successful,E101,User {user} login successful
85661,2026-01-16,09:55:28,INFO,WebServer,User u3260 login successful,E101,User {user} login successful
85662,2026-01-16,09:47:07,INFO,WebServer,Transaction tx890539 completed in 952ms,E104,Transaction {tx} completed in {time}ms
85663,2026-01-16,09:40:21,INFO,OrderProcessor,User u2305 login successful,E101,User {user} login successful
85664,2026-01-16,09:20:05,INFO,WebServer,Health check passed: WebServer,E102,Health check passed: {service}
85665,2026-01-16,09:45:46,INFO,AuthService,Transaction tx451439 completed in 1012ms,E104,Transaction {tx} completed in {time}ms
85666,2026-01-16,09:31:46,INFO,OrderProcessor,Page view: /home by u1683,E103,Page view: {page} by {user}
85667,2026-01-16,09:21:41,INFO,WebServer,Page view: /home by u2893,E103,Page view: {page} by {user}
85668,2026-01-16,09:14:01,INFO,WebServer,Page view: /home by u1192,E103,Page view: {page} by {user}
85669,2026-01-16,09:42:50,INFO,AuthService,Health check passed: AuthService,E102,Health check passed: {service}
85670,2026-01-16,09:00:00,INFO,WebServer,User u3159 login successful,E101,User {user} login successful
85671,2026-01-16,09:38:27,INFO,InventoryDB,Health check passed: InventoryDB,E102,Health check passed: {service}
85672,2026-01-16,09:13:51,INFO,WebServer,Health check passed: WebServer,E102,Health check passed: {service}
85673,2026-01-16,09:30:56,INFO,WebServer,Page view: /home by u3924,E103,Page view: {page} by {user}
85674,2026-01-16,09:47:10,INFO,WebServer,User u4693 login successful,E101,User {user} login successful
85675,2026-01-16,09:00:13,INFO,InventoryDB,Page view: /home by u2287,E103,Page view: {page} by {user}
85676,2026-01-16,09:17:52,INFO,OrderProcessor,User u3584 login successful,E101,User {user} login successful
85677,2026-01-16,09:02:46,INFO,WebServer,User u3165 login successful,E101,User {user} login successful
85678,2026-01-16,09:05:37,INFO,WebServer,Transaction tx206484 completed in 670ms,E104,Transaction {tx} completed in {time}ms
85679,2026-01-16,09:36:42,INFO,WebServer,Health check passed: WebServer,E102,Health check passed: {service}
85680,2026-01-16,09:54:50,WARN,AuthService,High latency (858ms) detected on AuthService,E201,High latency ({time}ms) detected on {service}
85681,2026-01-16,09:39:26,INFO,WebServer,Health check passed: WebServer,E102,Health check passed: {service}
85682,2026-01-16,09:10:12,INFO,OrderProcessor,Transaction tx530227 completed in 1083ms,E104,Transaction {tx} completed in {time}ms
85683,2026-01-16,09:31:06,INFO,WebServer,Page view: /home by u2211,E103,Page view: {page} by {user}
85684,2026-01-16,09:09:03,INFO,WebServer,User u1163 login successful,E101,User {user} login successful
85685,2026-01-16,09:00:47,WARN,AuthService,High latency (160ms) detected on AuthService,E201,High latency ({time}ms) detected on {service}
85686,2026-01-16,09:12:12,INFO,AuthService,Page view: /home by u3099,E103,Page view: {page} by {user}
85687,2026-01-16,09:49:01,INFO,OrderProcessor,Page view: /home by u3683,E103,Page view: {page} by {user}
85688,2026-01-16,09:52:13,INFO,WebServer,User u4838 login successful,E101,User {user} login successful
85689,2026-01-16,09:32:07,INFO,WebServer,Health check passed: WebServer,E102,Health check passed: {service}
85690,2026-01-16,09:05:19,INFO,AuthService,Health check passed: AuthService,E102,Health check passed: {service}
85691,2026-01-16,09:48:53,INFO,WebServer,Transaction tx852013 completed in 330ms,E104,Transaction {tx} completed in {time}ms
85692,2026-01-16,09:35:31,INFO,OrderProcessor,User u1729 login successful,E101,User {user} login successful
85693,2026-01-16,09:24:09,INFO,WebServer,Health check passed: WebServer,E102,Health check passed: {service}
85694,2026-01-16,09:42:44,INFO,WebServer,User u4867 login successful,E101,User {user} login successful
85695,2026-01-16,09:57:53,INFO,WebServer,Health check passed: WebServer,E102,Health check passed: {service}
85696,2026-01-16,09:24:12,INFO,AuthService,Page view: /home by u2538,E103,Page view: {page} by {user}
85697,2026-01-16,09:47:05,INFO,WebServer,Transaction tx195051 completed in 76ms,E104,Transaction {tx} completed in {time}ms
85698,2026-01-16,09:42:28,WARN,AuthService,Unauthorized access attempt from 10.0.0.45,E401,Unauthorized access attempt from {ip}
85699,2026-01-16,09:01:55,INFO,WebServer,User u2582 login successful,E101,User {user} login successful
85700,2026-01-16,09:06:04,INFO,PaymentGateway,Page view: /home by u4924,E103,Page view: {page} by {user}
85701,2026-01-16,09:38:36,WARN,AuthService,Disk usage > 85% on node node-4,E202,Disk usage > 85% on node {node}
85702,2026-01-16,09:11:07,INFO,WebServer,Page view: /home by u4335,E103,Page view: {page} by {user}
85703,2026-01-16,09:33:34,INFO,PaymentGateway,Transaction tx856775 completed in 1401ms,E104,Transaction {tx} completed in {time}ms
85704,2026-01-16,09:03:03,INFO,WebServer,Transaction tx844505 completed in 602ms,E104,Transaction {tx} completed in {time}ms
85705,2026-01-16,09:37:22,INFO,AuthService,Health check passed: AuthService,E102,Health check passed: {service}
85706,2026-01-16,09:58:05,INFO,PaymentGateway,User u2393 login successful,E101,User {user} login successful
85707,2026-01-16,09:44:07,INFO,WebServer,Health check passed: WebServer,E102,Health check passed: {service}
85708,2026-01-16,09:24:40,INFO,WebServer,Page view: /home by u1774,E103,Page view: {page} by {user}
85709,2026-01-16,09:30:12,INFO,AuthService,Transaction tx230954 completed in 1883ms,E104,Transaction {tx} completed in {time}ms
85710,2026-01-16,09:26:21,INFO,WebServer,Transaction tx675444 completed in 1140ms,E104,Transaction {tx} completed in {time}ms
85711,2026-01-16,09:08:50,INFO,OrderProcessor,User u3914 login successful,E101,User {user} login successful
85712,2026-01-16,09:38:38,INFO,WebServer,Transaction tx207332 completed in 1008ms,E104,Transaction {tx} completed in {time}ms
85713,2026-01-16,09:33:45,ERROR,WebServer,Timeout waiting for lock on InventoryDB,E502,Timeout waiting for lock on {db}
85714,2026-01-16,09:01:23,INFO,AuthService,Health check passed: AuthService,E102,Health check passed: {service}
85715,2026-01-16,09:35:07,INFO,AuthService,Transaction tx713672 completed in 1270ms,E104,Transaction {tx} completed in {time}ms
85716,2026-01-16,09:30:32,INFO,AuthService,Health check passed: AuthService,E102,Health check passed: {service}
85717,2026-01-16,09:42:13,INFO,AuthService,User u1299 login successful,E101,User {user} login successful
85718,2026-01-16,09:47:05,INFO,WebServer,Page view: /home by u4059,E103,Page view: {page} by {user}
85719,2026-01-16,09:38:10,INFO,AuthService,Page view: /home by u1243,E103,Page view: {page} by {user}
85720,2026-01-16,09:58:12,INFO,WebServer,User u4685 login successful,E101,User {user} login successful
85721,2026-01-16,09:39:42,INFO,WebServer,Health check passed: WebServer,E102,Health check passed: {service}
85722,2026-01-16,09:26:01,WARN,OrderProcessor,Unauthorized access attempt from 192.168.1.5,E401,Unauthorized access attempt from {ip}
85723,2026-01-16,09:31:03,INFO,AuthService,Health check passed: AuthService,E102,Health check passed: {service}
85724,2026-01-16,09:09:11,INFO,WebServer,Page view: /home by u3073,E103,Page view: {page} by {user}
85725,2026-01-16,09:16:38,INFO,OrderProcessor,Health check passed: OrderProcessor,E102,Health check passed: {service}
85726,2026-01-16,09:49:00,INFO,OrderProcessor,User u2907 login successful,E101,User {user} login successful
85727,2026-01-16,09:41:47,INFO,WebServer,Page view: /home by u4062,E103,Page view: {page} by {user}
85728,2026-01-16,09:48:03,INFO,WebServer,Health check passed: WebServer,E102,Health check passed: {service}
85729,2026-01-16,09:08:55,INFO,PaymentGateway,Transaction tx208022 completed in 419ms,E104,Transaction {tx} completed in {time}ms
85730,2026-01-16,09:19:27,INFO,WebServer,Page view: /home by u3005,E103,Page view: {page} by {user}
85731,2026-01-16,09:54:47,INFO,AuthService,Health check passed: AuthService,E102,Health check passed: {service}
85732,2026-01-16,09:47:48,INFO,WebServer,Health check passed: WebServer,E102,Health check passed: {service}
85733,2026-01-16,09:07:05,INFO,WebServer,Transaction tx787113 completed in 1764ms,E104,Transaction {tx} completed in {time}ms
85734,2026-01-16,09:48:34,INFO,OrderProcessor,User u2050 login successful,E101,User {user} login successful
85735,2026-01-16,09:33:41,INFO,WebServer,User u1260 login successful,E101,User {user} login successful
85736,2026-01-16,09:45:34,INFO,OrderProcessor,Transaction tx666616 completed in 1379ms,E104,Transaction {tx} completed in {time}ms
85737,2026-01-16,09:07:24,INFO,OrderProcessor,User u3433 login successful,E101,User {user} login successful
85738,2026-01-16,09:00:52,INFO,AuthService,Health check passed: AuthService,E102,Health check passed: {service}
85739,2026-01-16,09:37:36,INFO,AuthService,Page view: /home by u4100,E103,Page view: {page} by {user}
85740,2026-01-16,09:56:35,WARN,WebServer,Disk usage > 85% on node node-2,E202,Disk usage > 85% on node {node}
85741,2026-01-16,09:15:24,INFO,WebServer,Transaction tx160888 completed in 23ms,E104,Transaction {tx} completed in {time}ms
85742,2026-01-16,09:47:08,INFO,WebServer,Health check passed: WebServer,E102,Health check passed: {service}
85743,2026-01-16,09:15:46,INFO,OrderProcessor,User u2465 login successful,E101,User {user} login successful
85744,2026-01-16,09:08:26,INFO,WebServer,User u2586 login successful,E101,User {user} login successful
85745,2026-01-16,09:10:48,INFO,AuthService,User u4991 login successful,E101,User {user} login successful
85746,2026-01-16,09:52:56,INFO,AuthService,Health check passed: AuthService,E102,Health check passed: {service}
85747,2026-01-16,09:44:19,INFO,WebServer,Page view: /home by u3060,E103,Page view: {page} by {user}
85748,2026-01-16,09:48:19,INFO,AuthService,Transaction tx407795 completed in 615ms,E104,Transaction {tx} completed in {time}ms
85749,2026-01-16,09:33:08,INFO,WebServer,Transaction tx163631 completed in 846ms,E104,Transaction {tx} completed in {time}ms
85750,2026-01-16,09:00:44,INFO,OrderProcessor,Transaction tx656531 completed in 1006ms,E104,Transaction {tx} completed in {time}ms
85751,2026-01-16,09:50:59,INFO,InventoryDB,Transaction tx549979 completed in 508ms,E104,Transaction {tx} completed in {time}ms
85752,2026-01-16,09:29:33,INFO,WebServer,User u4959 login successful,E101,User {user} login successful
85753,2026-01-16,09:47:41,INFO,AuthService,Health check passed: AuthService,E102,Health check passed: {service}
85754,2026-01-16,09:40:50,INFO,AuthService,Health check passed: AuthService,E102,Health check passed: {service}
85755,2026-01-16,09:09:54,INFO,InventoryDB,Page view: /home by u4531,E103,Page view: {page} by {user}
85756,2026-01-16,09:45:57,INFO,PaymentGateway,Health check passed: PaymentGateway,E102,Health check passed: {service}
85757,2026-01-16,09:20:37,INFO,OrderProcessor,User u3101 login successful,E101,User {user} login successful
85758,2026-01-16,09:46:15,INFO,AuthService,Page view: /home by u4384,E103,Page view: {page} by {user}
85759,2026-01-16,09:50:31,INFO,OrderProcessor,Transaction tx138394 completed in 611ms,E104,Transaction {tx} completed in {time}ms
85760,2026-01-16,09:43:32,INFO,WebServer,Page view: /home by u4592,E103,Page view: {page} by {user}
85761,2026-01-16,09:41:38,INFO,WebServer,User u3385 login successful,E101,User {user} login successful
85762,2026-01-16,09:00:07,INFO,OrderProcessor,Transaction tx111252 completed in 452ms,E104,Transaction {tx} completed in {time}ms
85763,2026-01-16,09:48:54,INFO,AuthService,Page view: /home by u2187,E103,Page view: {page} by {user}
85764,2026-01-16,09:27:20,INFO,AuthService,Page view: /home by u4155,E103,Page view: {page} by {user}
85765,2026-01-16,09:13:00,INFO,WebServer,User u3553 login successful,E101,User {user} login successful
85766,2026-01-16,09:57:34,INFO,AuthService,Transaction tx930889 completed in 197ms,E104,Transaction {tx} completed in {time}ms
85767,2026-01-16,09:04:43,WARN,AuthService,High latency (1022ms) detected on AuthService,E201,High latency ({time}ms) detected on {service}
85768,2026-01-16,09:33:33,INFO,WebServer,Transaction tx665751 completed in 576ms,E104,Transaction {tx} completed in {time}ms
85769,2026-01-16,09:23:09,INFO,WebServer,Page view: /home by u3361,E103,Page view: {page} by {user}
85770,2026-01-16,09:11:40,INFO,WebServer,Transaction tx418835 completed in 500ms,E104,Transaction {tx} completed in {time}ms
85771,2026-01-16,09:09:43,INFO,OrderProcessor,Transaction tx241176 completed in 671ms,E104,Transaction {tx} completed in {time}ms
85772,2026-01-16,09:21:30,INFO,OrderProcessor,Page view: /home by u2862,E103,Page view: {page} by {user}
85773,2026-01-16,09:33:03,INFO,WebServer,Health check passed: WebServer,E102,Health check passed: {service}
85774,2026-01-16,09:01:00,INFO,WebServer,User u4721 login successful,E101,User {user} login successful
85775,2026-01-16,09:43:51,INFO,WebServer,User u3280 login successful,E101,User {user} login successful
85776,2026-01-16,09:57:45,INFO,WebServer,Transaction tx421908 completed in 1792ms,E104,Transaction {tx} completed in {time}ms
85777,2026-01-16,09:56:38,INFO,AuthService,Page view: /home by u3296,E103,Page view: {page} by {user}
85778,2026-01-16,09:35:38,INFO,AuthService,Transaction tx427244 completed in 884ms,E104,Transaction {tx} completed in {time}ms
85779,2026-01-16,09:41:32,ERROR,PaymentGateway,Payment declined: Gateway unavailable,E503,Payment declined: Gateway unavailable
85780,2026-01-16,09:57:50,INFO,AuthService,Page view: /home by u3255,E103,Page view: {page} by {user}
85781,2026-01-16,09:58:10,INFO,WebServer,User u2955 login successful,E101,User {user} login successful
85782,2026-01-16,09:13:57,INFO,OrderProcessor,Health check passed: OrderProcessor,E102,Health check passed: {service}
85783,2026-01-16,09:43:30,INFO,WebServer,User u4994 login successful,E101,User {user} login successful
85784,2026-01-16,09:56:11,INFO,AuthService,User u2433 login successful,E101,User {user} login successful
85785,2026-01-16,09:06:00,INFO,WebServer,Health check passed: WebServer,E102,Health check passed: {service}
85786,2026-01-16,09:03:28,INFO,AuthService,Page view: /home by u3457,E103,Page view: {page} by {user}
85787,2026-01-16,09:38:04,INFO,WebServer,Page view: /home by u3606,E103,Page view: {page} by {user}
85788,2026-01-16,09:28:16,INFO,AuthService,Transaction tx404613 completed in 768ms,E104,Transaction {tx} completed in {time}ms
85789,2026-01-16,09:13:27,INFO,WebServer,User u3017 login successful,E101,User {user} login successful
85790,2026-01-16,09:27:28,INFO,OrderProcessor,Transaction tx934321 completed in 26ms,E104,Transaction {tx} completed in {time}ms
85791,2026-01-16,09:35:18,INFO,AuthService,Health check passed: AuthService,E102,Health check passed: {service}
85792,2026-01-16,09:11:36,WARN,WebServer,Unauthorized access attempt from 10.0.0.45,E401,Unauthorized access attempt from {ip}
85793,2026-01-16,09:43:17,INFO,WebServer,Page view: /home by u2164,E103,Page view: {page} by {user}
85794,2026-01-16,09:34:34,INFO,WebServer,Page view: /home by u4192,E103,Page view: {page} by {user}
85795,2026-01-16,09:49:12,INFO,AuthService,Health check passed: AuthService,E102,Health check passed: {service}
85796,2026-01-16,09:52:00,INFO,WebServer,Transaction tx352661 completed in 1862ms,E104,Transaction {tx} completed in {time}ms
85797,2026-01-16,09:53:16,INFO,WebServer,Page view: /home by u2200,E103,Page view: {page} by {user}
85798,2026-01-16,09:41:53,INFO,WebServer,Health check passed: WebServer,E102,Health check passed: {service}
85799,2026-01-16,09:37:01,INFO,WebServer,User u2162 login successful,E101,User {user} login successful
85800,2026-01-16,09:47:09,INFO,WebServer,Health check passed: WebServer,E102,Health check passed: {service}
85801,2026-01-16,09:01:09,INFO,InventoryDB,Health check passed: InventoryDB,E102,Health check passed: {service}
85802,2026-01-16,09:52:53,INFO,InventoryDB,Page view: /home by u4382,E103,Page view: {page} by {user}
85803,2026-01-16,09:24:48,INFO,WebServer,Health check passed: WebServer,E102,Health check passed: {service}
85804,2026-01-16,09:21:02,INFO,WebServer,User u4006 login successful,E101,User {user} login successful
85805,2026-01-16,09:17:16,WARN,AuthService,Unauthorized access attempt from 10.0.0.45,E401,Unauthorized access attempt from {ip}
85806,2026-01-16,09:47:04,INFO,WebServer,Transaction tx395928 completed in 1886ms,E104,Transaction {tx} completed in {time}ms
85807,2026-01-16,09:30:52,INFO,PaymentGateway,Health check passed: PaymentGateway,E102,Health check passed: {service}
85808,2026-01-16,09:27:13,INFO,OrderProcessor,Page view: /home by u1310,E103,Page view: {page} by {user}
85809,2026-01-16,09:52:15,INFO,WebServer,User u4133 login successful,E101,User {user} login successful
85810,2026-01-16,09:38:37,INFO,OrderProcessor,Health check passed: OrderProcessor,E102,Health check passed: {service}
85811,2026-01-16,09:05:16,INFO,WebServer,User u2101 login successful,E101,User {user} login successful
85812,2026-01-16,09:41:56,INFO,WebServer,User u4595 login successful,E101,User {user} login successful
85813,2026-01-16,09:30:14,INFO,WebServer,Transaction tx371597 completed in 1659ms,E104,Transaction {tx} completed in {time}ms
85814,2026-01-16,09:42:32,INFO,AuthService,Page view: /home by u3586,E103,Page view: {page} by {user}
85815,2026-01-16,09:26:17,INFO,AuthService,Transaction tx441790 completed in 574ms,E104,Transaction {tx} completed in {time}ms
85816,2026-01-16,09:13:19,INFO,AuthService,Transaction tx678518 completed in 870ms,E104,Transaction {tx} completed in {time}ms
85817,2026-01-16,09:21:54,INFO,OrderProcessor,Health check passed: OrderProcessor,E102,Health check passed: {service}
85818,2026-01-16,09:59:32,INFO,WebServer,User u2756 login successful,E101,User {user} login successful
85819,2026-01-16,09:09:38,INFO,OrderProcessor,Health check passed: OrderProcessor,E102,Health check passed: {service}
85820,2026-01-16,09:51:10,INFO,OrderProcessor,Health check passed: OrderProcessor,E102,Health check passed: {service}
85821,2026-01-16,09:12:41,INFO,WebServer,Health check passed: WebServer,E102,Health check passed: {service}
85822,2026-01-16,09:33:24,INFO,AuthService,Page view: /home by u3747,E103,Page view: {page} by {user}
85823,2026-01-16,09:25:54,INFO,WebServer,Page view: /home by u1730,E103,Page view: {page} by {user}
85824,2026-01-16,09:50:40,INFO,OrderProcessor,Page view: /home by u3591,E103,Page view: {page} by {user}
85825,2026-01-16,09:15:31,INFO,WebServer,Health check passed: WebServer,E102,Health check passed: {service}
85826,2026-01-16,09:29:59,INFO,OrderProcessor,Page view: /home by u4130,E103,Page view: {page} by {user}
85827,2026-01-16,09:49:31,INFO,WebServer,Transaction tx675348 completed in 120ms,E104,Transaction {tx} completed in {time}ms
85828,2026-01-16,09:09:16,INFO,AuthService,Transaction tx409405 completed in 236ms,E104,Transaction {tx} completed in {time}ms
85829,2026-01-16,09:53:07,INFO,WebServer,User u2630 login successful,E101,User {user} login successful
85830,2026-01-16,09:03:41,INFO,WebServer,Health check passed: WebServer,E102,Health check passed: {service}
85831,2026-01-16,09:37:10,INFO,InventoryDB,Transaction tx229579 completed in 32ms,E104,Transaction {tx} completed in {time}ms
85832,2026-01-16,09:39:40,INFO,AuthService,User u1559 login successful,E101,User {user} login successful
85833,2026-01-16,09:41:57,INFO,WebServer,Page view: /home by u4272,E103,Page view: {page} by {user}
85834,2026-01-16,09:56:01,INFO,WebServer,Health check passed: WebServer,E102,Health check passed: {service}
85835,2026-01-16,09:38:17,INFO,AuthService,User u1542 login successful,E101,User {user} login successful
85836,2026-01-16,09:51:55,INFO,PaymentGateway,User u2925 login successful,E101,User {user} login successful
85837,2026-01-16,09:50:53,INFO,WebServer,Page view: /home by u1899,E103,Page view: {page} by {user}
85838,2026-01-16,09:16:36,INFO,WebServer,Transaction tx725636 completed in 150ms,E104,Transaction {tx} completed in {time}ms
85839,2026-01-16,09:01:37,INFO,WebServer,Health check passed: WebServer,E102,Health check passed: {service}
85840,2026-01-16,09:33:27,INFO,WebServer,Page view: /home by u2945,E103,Page view: {page} by {user}
85841,2026-01-16,09:21:04,INFO,WebServer,Transaction tx791611 completed in 719ms,E104,Transaction {tx} completed in {time}ms
85842,2026-01-16,09:59:52,INFO,PaymentGateway,Health check passed: PaymentGateway,E102,Health check passed: {service}
85843,2026-01-16,09:55:13,INFO,WebServer,Transaction tx198867 completed in 1365ms,E104,Transaction {tx} completed in {time}ms
85844,2026-01-16,09:42:30,INFO,AuthService,Transaction tx241795 completed in 1670ms,E104,Transaction {tx} completed in {time}ms
85845,2026-01-16,09:41:22,INFO,InventoryDB,Health check passed: InventoryDB,E102,Health check passed: {service}
85846,2026-01-16,09:58:49,INFO,WebServer,User u1982 login successful,E101,User {user} login successful
85847,2026-01-16,09:08:28,INFO,WebServer,Health check passed: WebServer,E102,Health check passed: {service}
85848,2026-01-16,09:27:19,INFO,OrderProcessor,User u2206 login successful,E101,User {user} login successful
85849,2026-01-16,09:34:16,INFO,WebServer,Transaction tx183166 completed in 1600ms,E104,Transaction {tx} completed in {time}ms
85850,2026-01-16,09:41:11,INFO,WebServer,User u2049 login successful,E101,User {user} login successful
85851,2026-01-16,09:50:50,INFO,WebServer,Health check passed: WebServer,E102,Health check passed: {service}
85852,2026-01-16,09:49:34,INFO,AuthService,Page view: /home by u1270,E103,Page view: {page} by {user}
85853,2026-01-16,09:47:47,INFO,PaymentGateway,User u1106 login successful,E101,User {user} login successful
85854,2026-01-16,09:57:32,INFO,PaymentGateway,User u4193 login successful,E101,User {user} login successful
85855,2026-01-16,09:37:05,INFO,WebServer,Transaction tx302799 completed in 1316ms,E104,Transaction {tx} completed in {time}ms
85856,2026-01-16,09:47:16,INFO,WebServer,User u4967 login successful,E101,User {user} login successful
85857,2026-01-16,09:27:01,WARN,AuthService,Unauthorized access attempt from 10.0.0.88,E401,Unauthorized access attempt from {ip}
85858,2026-01-16,09:26:26,INFO,AuthService,Health check passed: AuthService,E102,Health check passed: {service}
85859,2026-01-16,09:54:36,INFO,AuthService,Health check passed: AuthService,E102,Health check passed: {service}
85860,2026-01-16,09:44:41,INFO,AuthService,Transaction tx300469 completed in 1856ms,E104,Transaction {tx} completed in {time}ms
85861,2026-01-16,09:26:53,INFO,WebServer,Transaction tx427005 completed in 248ms,E104,Transaction {tx} completed in {time}ms
85862,2026-01-16,09:26:40,INFO,WebServer,User u4612 login successful,E101,User {user} login successful
85863,2026-01-16,09:17:09,INFO,WebServer,Health check passed: WebServer,E102,Health check passed: {service}
85864,2026-01-16,09:49:08,INFO,AuthService,Health check passed: AuthService,E102,Health check passed: {service}
85865,2026-01-16,09:22:40,INFO,WebServer,Health check passed: WebServer,E102,Health check passed: {service}
85866,2026-01-16,09:50:35,INFO,WebServer,Health check passed: WebServer,E102,Health check passed: {service}
85867,2026-01-16,09:49:56,INFO,WebServer,Transaction tx594755 completed in 1974ms,E104,Transaction {tx} completed in {time}ms
85868,2026-01-16,09:33:37,INFO,WebServer,Health check passed: WebServer,E102,Health check passed: {service}
85869,2026-01-16,09:08:38,INFO,WebServer,Page view: /home by u1080,E103,Page view: {page} by {user}
85870,2026-01-16,09:53:02,INFO,WebServer,User u1258 login successful,E101,User {user} login successful
85871,2026-01-16,09:40:22,INFO,InventoryDB,Health check passed: InventoryDB,E102,Health check passed: {service}
85872,2026-01-16,09:22:24,INFO,OrderProcessor,User u1230 login successful,E101,User {user} login successful
85873,2026-01-16,09:48:41,INFO,OrderProcessor,Health check passed: OrderProcessor,E102,Health check passed: {service}
85874,2026-01-16,09:05:38,INFO,AuthService,Page view: /home by u1846,E103,Page view: {page} by {user}
85875,2026-01-16,09:22:02,INFO,WebServer,User u2277 login successful,E101,User {user} login successful
85876,2026-01-16,09:33:18,INFO,WebServer,User u2847 login successful,E101,User {user} login successful
85877,2026-01-16,09:39:13,INFO,OrderProcessor,Health check passed: OrderProcessor,E102,Health check passed: {service}
85878,2026-01-16,09:26:30,INFO,WebServer,Transaction tx529172 completed in 584ms,E104,Transaction {tx} completed in {time}ms
85879,2026-01-16,09:06:57,INFO,InventoryDB,Transaction tx577146 completed in 1053ms,E104,Transaction {tx} completed in {time}ms
85880,2026-01-16,09:50:36,WARN,AuthService,High latency (749ms) detected on AuthService,E201,High latency ({time}ms) detected on {service}
85881,2026-01-16,09:52:34,CRITICAL,InventoryDB,KERNEL PANIC: Node node-4 crashed,E601,KERNEL PANIC: Node {node} crashed
85882,2026-01-16,09:41:49,INFO,AuthService,User u3916 login successful,E101,User {user} login successful
85883,2026-01-16,09:50:01,INFO,OrderProcessor,Page view: /home by u1517,E103,Page view: {page} by {user}
85884,2026-01-16,09:28:54,INFO,OrderProcessor,Health check passed: OrderProcessor,E102,Health check passed: {service}
85885,2026-01-16,09:59:23,INFO,OrderProcessor,User u3754 login successful,E101,User {user} login successful
85886,2026-01-16,09:38:19,INFO,PaymentGateway,Page view: /home by u3523,E103,Page view: {page} by {user}
85887,2026-01-16,09:25:03,INFO,AuthService,User u3986 login successful,E101,User {user} login successful
85888,2026-01-16,09:27:40,INFO,WebServer,Health check passed: WebServer,E102,Health check passed: {service}
85889,2026-01-16,09:26:00,INFO,AuthService,Page view: /home by u1103,E103,Page view: {page} by {user}
85890,2026-01-16,09:11:25,INFO,InventoryDB,Health check passed: InventoryDB,E102,Health check passed: {service}
85891,2026-01-16,09:41:24,INFO,WebServer,Health check passed: WebServer,E102,Health check passed: {service}
85892,2026-01-16,09:07:54,INFO,WebServer,Page view: /home by u1390,E103,Page view: {page} by {user}
85893,2026-01-16,09:07:55,INFO,OrderProcessor,Transaction tx687689 completed in 698ms,E104,Transaction {tx} completed in {time}ms
85894,2026-01-16,09:25:45,INFO,PaymentGateway,Transaction tx533876 completed in 1378ms,E104,Transaction {tx} completed in {time}ms
85895,2026-01-16,09:10:24,INFO,InventoryDB,Health check passed: InventoryDB,E102,Health check passed: {service}
85896,2026-01-16,09:26:49,INFO,PaymentGateway,Health check passed: PaymentGateway,E102,Health check passed: {service}
85897,2026-01-16,09:09:08,INFO,OrderProcessor,Health check passed: OrderProcessor,E102,Health check passed: {service}
85898,2026-01-16,09:28:44,INFO,OrderProcessor,Health check passed: OrderProcessor,E102,Health check passed: {service}
85899,2026-01-16,09:27:39,INFO,WebServer,Page view: /home by u2230,E103,Page view: {page} by {user}
85900,2026-01-16,09:56:53,INFO,PaymentGateway,Transaction tx509150 completed in 344ms,E104,Transaction {tx} completed in {time}ms
85901,2026-01-16,09:54:01,WARN,WebServer,Disk usage > 85% on node node-2,E202,Disk usage > 85% on node {node}
85902,2026-01-16,09:36:03,INFO,WebServer,Transaction tx212147 completed in 424ms,E104,Transaction {tx} completed in {time}ms
85903,2026-01-16,09:03:21,INFO,WebServer,User u1030 login successful,E101,User {user} login successful
85904,2026-01-16,09:21:22,INFO,OrderProcessor,User u1613 login successful,E101,User {user} login successful
85905,2026-01-16,09:05:38,INFO,OrderProcessor,Page view: /home by u4599,E103,Page view: {page} by {user}
85906,2026-01-16,09:43:16,INFO,OrderProcessor,Transaction tx511143 completed in 1289ms,E104,Transaction {tx} completed in {time}ms
85907,2026-01-16,09:09:21,INFO,WebServer,User u2306 login successful,E101,User {user} login successful
85908,2026-01-16,09:36:38,INFO,AuthService,User u3841 login successful,E101,User {user} login successful
85909,2026-01-16,09:34:12,ERROR,OrderProcessor,Timeout waiting for lock on InventoryDB,E502,Timeout waiting for lock on {db}
85910,2026-01-16,09:18:30,INFO,WebServer,User u4292 login successful,E101,User {user} login successful
85911,2026-01-16,09:31:38,INFO,WebServer,Transaction tx700634 completed in 807ms,E104,Transaction {tx} completed in {time}ms
85912,2026-01-16,09:19:59,INFO,WebServer,Health check passed: WebServer,E102,Health check passed: {service}
85913,2026-01-16,09:40:44,INFO,WebServer,Page view: /home by u4103,E103,Page view: {page} by {user}
85914,2026-01-16,09:55:16,INFO,WebServer,Transaction tx320339 completed in 136ms,E104,Transaction {tx} completed in {time}ms
85915,2026-01-16,09:44:44,INFO,WebServer,Page view: /home by u3274,E103,Page view: {page} by {user}
85916,2026-01-16,09:31:55,INFO,WebServer,Transaction tx921292 completed in 1242ms,E104,Transaction {tx} completed in {time}ms
85917,2026-01-16,09:16:54,INFO,AuthService,Page view: /home by u1362,E103,Page view: {page} by {user}
85918,2026-01-16,09:31:02,INFO,WebServer,Health check passed: WebServer,E102,Health check passed: {service}
85919,2026-01-16,09:20:03,INFO,AuthService,Health check passed: AuthService,E102,Health check passed: {service}
85920,2026-01-16,09:54:22,WARN,WebServer,High latency (1456ms) detected on WebServer,E201,High latency ({time}ms) detected on {service}
85921,2026-01-16,09:10:30,INFO,AuthService,Health check passed: AuthService,E102,Health check passed: {service}
85922,2026-01-16,09:34:16,INFO,WebServer,Transaction tx936899 completed in 372ms,E104,Transaction {tx} completed in {time}ms
85923,2026-01-16,09:40:49,INFO,WebServer,Page view: /home by u4410,E103,Page view: {page} by {user}
85924,2026-01-16,09:24:29,INFO,AuthService,Transaction tx303337 completed in 1797ms,E104,Transaction {tx} completed in {time}ms
85925,2026-01-16,09:56:21,INFO,OrderProcessor,Page view: /home by u1044,E103,Page view: {page} by {user}
85926,2026-01-16,09:18:06,INFO,PaymentGateway,User u2261 login successful,E101,User {user} login successful
85927,2026-01-16,09:46:28,INFO,OrderProcessor,User u2784 login successful,E101,User {user} login successful
85928,2026-01-16,09:35:54,INFO,WebServer,Health check passed: WebServer,E102,Health check passed: {service}
85929,2026-01-16,09:01:07,INFO,WebServer,Health check passed: WebServer,E102,Health check passed: {service}
85930,2026-01-16,09:36:03,INFO,WebServer,User u4539 login successful,E101,User {user} login successful
85931,2026-01-16,09:43:55,INFO,WebServer,Transaction tx229409 completed in 168ms,E104,Transaction {tx} completed in {time}ms
85932,2026-01-16,09:30:03,INFO,WebServer,Page view: /home by u4558,E103,Page view: {page} by {user}
85933,2026-01-16,09:26:17,INFO,WebServer,Page view: /home by u3647,E103,Page view: {page} by {user}
85934,2026-01-16,09:22:56,INFO,PaymentGateway,Page view: /home by u1841,E103,Page view: {page} by {user}
85935,2026-01-16,09:35:06,INFO,PaymentGateway,Page view: /home by u1666,E103,Page view: {page} by {user}
85936,2026-01-16,09:54:20,INFO,AuthService,Page view: /home by u2231,E103,Page view: {page} by {user}
85937,2026-01-16,09:35:46,INFO,PaymentGateway,User u1354 login successful,E101,User {user} login successful
85938,2026-01-16,09:59:27,INFO,AuthService,Transaction tx132832 completed in 728ms,E104,Transaction {tx} completed in {time}ms
85939,2026-01-16,09:02:02,INFO,WebServer,Transaction tx591381 completed in 1647ms,E104,Transaction {tx} completed in {time}ms
85940,2026-01-16,09:03:08,INFO,WebServer,Health check passed: WebServer,E102,Health check passed: {service}
85941,2026-01-16,09:04:19,INFO,WebServer,Transaction tx746841 completed in 441ms,E104,Transaction {tx} completed in {time}ms
85942,2026-01-16,09:12:25,INFO,WebServer,Page view: /home by u2452,E103,Page view: {page} by {user}
85943,2026-01-16,09:38:24,INFO,OrderProcessor,User u4972 login successful,E101,User {user} login successful
85944,2026-01-16,09:39:48,INFO,OrderProcessor,User u2438 login successful,E101,User {user} login successful
85945,2026-01-16,09:36:12,INFO,AuthService,Transaction tx987490 completed in 1544ms,E104,Transaction {tx} completed in {time}ms
85946,2026-01-16,09:06:57,ERROR,WebServer,Payment declined: Gateway unavailable,E503,Payment declined: Gateway unavailable
85947,2026-01-16,09:11:49,INFO,AuthService,User u1520 login successful,E101,User {user} login successful
85948,2026-01-16,09:05:23,INFO,InventoryDB,Health check passed: InventoryDB,E102,Health check passed: {service}
85949,2026-01-16,09:24:27,INFO,OrderProcessor,Page view: /home by u2503,E103,Page view: {page} by {user}
85950,2026-01-16,09:14:12,INFO,AuthService,Page view: /home by u2839,E103,Page view: {page} by {user}
85951,2026-01-16,09:26:06,INFO,InventoryDB,User u4802 login successful,E101,User {user} login successful
85952,2026-01-16,09:10:23,INFO,OrderProcessor,Transaction tx228131 completed in 769ms,E104,Transaction {tx} completed in {time}ms
85953,2026-01-16,09:25:32,WARN,AuthService,Unauthorized access attempt from 10.0.0.45,E401,Unauthorized access attempt from {ip}
85954,2026-01-16,09:01:02,INFO,WebServer,Transaction tx773403 completed in 648ms,E104,Transaction {tx} completed in {time}ms
85955,2026-01-16,09:16:07,INFO,PaymentGateway,Transaction tx967503 completed in 1157ms,E104,Transaction {tx} completed in {time}ms
85956,2026-01-16,09:31:15,INFO,AuthService,User u3907 login successful,E101,User {user} login successful
85957,2026-01-16,09:51:38,INFO,WebServer,Health check passed: WebServer,E102,Health check passed: {service}
85958,2026-01-16,09:49:55,INFO,WebServer,User u1985 login successful,E101,User {user} login successful
85959,2026-01-16,09:28:50,INFO,AuthService,Health check passed: AuthService,E102,Health check passed: {service}
85960,2026-01-16,09:52:53,INFO,InventoryDB,Transaction tx261264 completed in 1859ms,E104,Transaction {tx} completed in {time}ms
85961,2026-01-16,09:48:13,INFO,WebServer,Transaction tx735061 completed in 777ms,E104,Transaction {tx} completed in {time}ms
85962,2026-01-16,09:34:26,INFO,AuthService,Transaction tx531823 completed in 1063ms,E104,Transaction {tx} completed in {time}ms
85963,2026-01-16,09:27:17,INFO,WebServer,Page view: /home by u2517,E103,Page view: {page} by {user}
85964,2026-01-16,09:48:31,INFO,WebServer,Health check passed: WebServer,E102,Health check passed: {service}
85965,2026-01-16,09:45:30,INFO,WebServer,User u3991 login successful,E101,User {user} login successful
85966,2026-01-16,09:01:32,INFO,WebServer,User u4575 login successful,E101,User {user} login successful
85967,2026-01-16,09:53:57,INFO,WebServer,Page view: /home by u2616,E103,Page view: {page} by {user}
85968,2026-01-16,09:35:23,INFO,PaymentGateway,User u4567 login successful,E101,User {user} login successful
85969,2026-01-16,09:09:52,WARN,WebServer,Unauthorized access attempt from 10.0.0.45,E401,Unauthorized access attempt from {ip}
85970,2026-01-16,09:33:08,INFO,WebServer,User u1577 login successful,E101,User {user} login successful
85971,2026-01-16,09:41:30,INFO,PaymentGateway,Health check passed: PaymentGateway,E102,Health check passed: {service}
85972,2026-01-16,09:34:07,WARN,PaymentGateway,Unauthorized access attempt from 10.0.0.45,E401,Unauthorized access attempt from {ip}
85973,2026-01-16,09:13:41,INFO,PaymentGateway,Health check passed: PaymentGateway,E102,Health check passed: {service}
85974,2026-01-16,09:52:30,INFO,AuthService,Transaction tx130702 completed in 1976ms,E104,Transaction {tx} completed in {time}ms
85975,2026-01-16,09:41:14,INFO,AuthService,Transaction tx784116 completed in 1911ms,E104,Transaction {tx} completed in {time}ms
85976,2026-01-16,09:24:09,INFO,WebServer,Page view: /home by u1016,E103,Page view: {page} by {user}
85977,2026-01-16,09:24:05,INFO,WebServer,User u3667 login successful,E101,User {user} login successful
85978,2026-01-16,09:33:27,INFO,InventoryDB,Health check passed: InventoryDB,E102,Health check passed: {service}
85979,2026-01-16,09:50:55,WARN,WebServer,Disk usage > 85% on node node-2,E202,Disk usage > 85% on node {node}
85980,2026-01-16,09:03:48,INFO,WebServer,User u3199 login successful,E101,User {user} login successful
85981,2026-01-16,09:17:03,INFO,WebServer,Page view: /home by u4396,E103,Page view: {page} by {user}
85982,2026-01-16,09:40:40,INFO,AuthService,Transaction tx813838 completed in 1379ms,E104,Transaction {tx} completed in {time}ms
85983,2026-01-16,09:45:18,INFO,WebServer,Transaction tx567058 completed in 135ms,E104,Transaction {tx} completed in {time}ms
85984,2026-01-16,09:24:20,INFO,OrderProcessor,Page view: /home by u3038,E103,Page view: {page} by {user}
85985,2026-01-16,09:27:43,INFO,OrderProcessor,Transaction tx310810 completed in 1993ms,E104,Transaction {tx} completed in {time}ms
85986,2026-01-16,09:48:55,INFO,WebServer,User u1857 login successful,E101,User {user} login successful
85987,2026-01-16,09:39:28,INFO,AuthService,Health check passed: AuthService,E102,Health check passed: {service}
85988,2026-01-16,09:09:04,INFO,InventoryDB,Health check passed: InventoryDB,E102,Health check passed: {service}
85989,2026-01-16,09:39:22,INFO,PaymentGateway,User u4902 login successful,E101,User {user} login successful
85990,2026-01-16,09:31:26,INFO,WebServer,User u2562 login successful,E101,User {user} login successful
85991,2026-01-16,09:13:25,INFO,WebServer,Transaction tx629479 completed in 1134ms,E104,Transaction {tx} completed in {time}ms
85992,2026-01-16,09:46:39,INFO,WebServer,Page view: /home by u2275,E103,Page view: {page} by {user}
85993,2026-01-16,09:44:20,INFO,InventoryDB,Health check passed: InventoryDB,E102,Health check passed: {service}
85994,2026-01-16,09:07:10,INFO,PaymentGateway,Page view: /home by u2000,E103,Page view: {page} by {user}
85995,2026-01-16,09:22:11,INFO,WebServer,Health check passed: WebServer,E102,Health check passed: {service}
85996,2026-01-16,09:47:56,INFO,AuthService,Health check passed: AuthService,E102,Health check passed: {service}
85997,2026-01-16,09:54:35,INFO,AuthService,Health check passed: AuthService,E102,Health check passed: {service}
85998,2026-01-16,09:21:25,INFO,AuthService,Health check passed: AuthService,E102,Health check passed: {service}
85999,2026-01-16,09:53:48,INFO,AuthService,User u2540 login successful,E101,User {user} login successful
86000,2026-01-16,09:31:42,WARN,OrderProcessor,Unauthorized access attempt from 10.0.0.88,E401,Unauthorized access attempt from {ip}
86001,2026-01-16,09:30:23,INFO,OrderProcessor,Transaction tx628002 completed in 1286ms,E104,Transaction {tx} completed in {time}ms
86002,2026-01-16,09:46:22,INFO,AuthService,Health check passed: AuthService,E102,Health check passed: {service}
86003,2026-01-16,09:00:13,INFO,WebServer,Health check passed: WebServer,E102,Health check passed: {service}
86004,2026-01-16,09:55:50,INFO,PaymentGateway,Health check passed: PaymentGateway,E102,Health check passed: {service}
86005,2026-01-16,09:41:19,INFO,WebServer,Transaction tx728589 completed in 434ms,E104,Transaction {tx} completed in {time}ms
86006,2026-01-16,09:18:41,INFO,WebServer,Transaction tx863922 completed in 864ms,E104,Transaction {tx} completed in {time}ms
86007,2026-01-16,09:14:38,WARN,OrderProcessor,Unauthorized access attempt from 10.0.0.45,E401,Unauthorized access attempt from {ip}
86008,2026-01-16,09:04:21,WARN,AuthService,Unauthorized access attempt from 10.0.0.45,E401,Unauthorized access attempt from {ip}
86009,2026-01-16,09:23:45,INFO,WebServer,Transaction tx222405 completed in 1889ms,E104,Transaction {tx} completed in {time}ms
86010,2026-01-16,09:28:19,INFO,WebServer,Health check passed: WebServer,E102,Health check passed: {service}
86011,2026-01-16,09:14:14,INFO,WebServer,Health check passed: WebServer,E102,Health check passed: {service}
86012,2026-01-16,09:18:12,INFO,PaymentGateway,Transaction tx214932 completed in 1557ms,E104,Transaction {tx} completed in {time}ms
86013,2026-01-16,09:12:41,INFO,WebServer,Health check passed: WebServer,E102,Health check passed: {service}
86014,2026-01-16,09:33:40,INFO,WebServer,Page view: /home by u1697,E103,Page view: {page} by {user}
86015,2026-01-16,09:52:35,WARN,WebServer,High latency (1143ms) detected on WebServer,E201,High latency ({time}ms) detected on {service}
86016,2026-01-16,09:14:00,INFO,WebServer,User u1527 login successful,E101,User {user} login successful
86017,2026-01-16,09:15:53,INFO,WebServer,Health check passed: WebServer,E102,Health check passed: {service}
86018,2026-01-16,09:12:41,INFO,PaymentGateway,Health check passed: PaymentGateway,E102,Health check passed: {service}
86019,2026-01-16,09:30:33,WARN,AuthService,High latency (1411ms) detected on AuthService,E201,High latency ({time}ms) detected on {service}
86020,2026-01-16,09:18:28,INFO,OrderProcessor,Health check passed: OrderProcessor,E102,Health check passed: {service}
86021,2026-01-16,09:37:15,INFO,WebServer,User u3029 login successful,E101,User {user} login successful
86022,2026-01-16,09:25:13,INFO,WebServer,Page view: /home by u2008,E103,Page view: {page} by {user}
86023,2026-01-16,09:04:46,WARN,InventoryDB,High latency (420ms) detected on InventoryDB,E201,High latency ({time}ms) detected on {service}
86024,2026-01-16,09:11:34,INFO,WebServer,Page view: /home by u1543,E103,Page view: {page} by {user}
86025,2026-01-16,09:24:13,INFO,WebServer,Transaction tx573169 completed in 311ms,E104,Transaction {tx} completed in {time}ms
86026,2026-01-16,09:54:26,INFO,AuthService,Transaction tx548177 completed in 1920ms,E104,Transaction {tx} completed in {time}ms
86027,2026-01-16,09:44:48,INFO,WebServer,Health check passed: WebServer,E102,Health check passed: {service}
86028,2026-01-16,09:26:52,INFO,OrderProcessor,Health check passed: OrderProcessor,E102,Health check passed: {service}
86029,2026-01-16,09:25:49,INFO,WebServer,Health check passed: WebServer,E102,Health check passed: {service}
86030,2026-01-16,09:07:27,INFO,OrderProcessor,Page view: /home by u4252,E103,Page view: {page} by {user}
86031,2026-01-16,09:27:41,INFO,WebServer,Transaction tx327347 completed in 1548ms,E104,Transaction {tx} completed in {time}ms
86032,2026-01-16,09:20:59,INFO,AuthService,Page view: /home by u2275,E103,Page view: {page} by {user}
86033,2026-01-16,09:54:16,INFO,WebServer,Health check passed: WebServer,E102,Health check passed: {service}
86034,2026-01-16,09:43:21,INFO,WebServer,Health check passed: WebServer,E102,Health check passed: {service}
86035,2026-01-16,09:33:37,INFO,WebServer,Page view: /home by u1775,E103,Page view: {page} by {user}
86036,2026-01-16,09:06:04,INFO,AuthService,Page view: /home by u2731,E103,Page view: {page} by {user}
86037,2026-01-16,09:51:11,INFO,PaymentGateway,Page view: /home by u1711,E103,Page view: {page} by {user}
86038,2026-01-16,09:37:11,INFO,WebServer,Page view: /home by u2443,E103,Page view: {page} by {user}
86039,2026-01-16,09:44:00,ERROR,PaymentGateway,Connection refused to PaymentGateway at 10.0.0.45,E501,Connection refused to {service} at {ip}
86040,2026-01-16,09:59:26,INFO,WebServer,Transaction tx470277 completed in 1516ms,E104,Transaction {tx} completed in {time}ms
86041,2026-01-16,09:32:43,INFO,OrderProcessor,Page view: /home by u3117,E103,Page view: {page} by {user}
86042,2026-01-16,09:08:44,INFO,AuthService,Health check passed: AuthService,E102,Health check passed: {service}
86043,2026-01-16,09:55:49,WARN,AuthService,Disk usage > 85% on node node-2,E202,Disk usage > 85% on node {node}
86044,2026-01-16,09:05:35,INFO,WebServer,Transaction tx164225 completed in 1085ms,E104,Transaction {tx} completed in {time}ms
86045,2026-01-16,09:09:22,INFO,WebServer,Health check passed: WebServer,E102,Health check passed: {service}
86046,2026-01-16,09:16:01,INFO,AuthService,User u4966 login successful,E101,User {user} login successful
86047,2026-01-16,09:19:16,INFO,WebServer,Health check passed: WebServer,E102,Health check passed: {service}
86048,2026-01-16,09:07:49,INFO,WebServer,Page view: /home by u1846,E103,Page view: {page} by {user}
86049,2026-01-16,09:27:56,INFO,WebServer,Transaction tx568314 completed in 423ms,E104,Transaction {tx} completed in {time}ms
86050,2026-01-16,09:25:16,INFO,InventoryDB,User u4299 login successful,E101,User {user} login successful
86051,2026-01-16,09:54:33,INFO,AuthService,Page view: /home by u3903,E103,Page view: {page} by {user}
86052,2026-01-16,09:53:58,INFO,OrderProcessor,Transaction tx104847 completed in 504ms,E104,Transaction {tx} completed in {time}ms
86053,2026-01-16,09:12:31,WARN,OrderProcessor,Unauthorized access attempt from 10.0.0.45,E401,Unauthorized access attempt from {ip}
86054,2026-01-16,09:33:57,INFO,WebServer,Transaction tx575944 completed in 1903ms,E104,Transaction {tx} completed in {time}ms
86055,2026-01-16,09:46:45,INFO,WebServer,User u1667 login successful,E101,User {user} login successful
86056,2026-01-16,09:30:56,INFO,OrderProcessor,Transaction tx129652 completed in 116ms,E104,Transaction {tx} completed in {time}ms
86057,2026-01-16,09:22:53,INFO,WebServer,Page view: /home by u2577,E103,Page view: {page} by {user}
86058,2026-01-16,09:31:24,INFO,OrderProcessor,Health check passed: OrderProcessor,E102,Health check passed: {service}
86059,2026-01-16,09:59:48,ERROR,AuthService,Payment declined: Gateway unavailable,E503,Payment declined: Gateway unavailable
86060,2026-01-16,09:38:52,INFO,PaymentGateway,Page view: /home by u2594,E103,Page view: {page} by {user}
86061,2026-01-16,09:04:20,INFO,OrderProcessor,Transaction tx569672 completed in 1793ms,E104,Transaction {tx} completed in {time}ms
86062,2026-01-16,09:00:00,WARN,WebServer,High latency (310ms) detected on WebServer,E201,High latency ({time}ms) detected on {service}
86063,2026-01-16,09:04:59,INFO,WebServer,Transaction tx406083 completed in 782ms,E104,Transaction {tx} completed in {time}ms
86064,2026-01-16,09:04:47,INFO,OrderProcessor,Page view: /home by u1230,E103,Page view: {page} by {user}
86065,2026-01-16,09:29:51,INFO,PaymentGateway,User u4981 login successful,E101,User {user} login successful
86066,2026-01-16,09:18:05,INFO,PaymentGateway,Transaction tx876655 completed in 1585ms,E104,Transaction {tx} completed in {time}ms
86067,2026-01-16,09:39:06,INFO,WebServer,User u4353 login successful,E101,User {user} login successful
86068,2026-01-16,09:12:01,INFO,AuthService,User u1777 login successful,E101,User {user} login successful
86069,2026-01-16,09:40:10,INFO,AuthService,Transaction tx519369 completed in 807ms,E104,Transaction {tx} completed in {time}ms
86070,2026-01-16,09:14:33,INFO,OrderProcessor,User u4522 login successful,E101,User {user} login successful
86071,2026-01-16,09:30:03,INFO,AuthService,Page view: /home by u3232,E103,Page view: {page} by {user}
86072,2026-01-16,09:31:13,INFO,AuthService,User u4471 login successful,E101,User {user} login successful
86073,2026-01-16,09:31:37,INFO,OrderProcessor,Transaction tx663241 completed in 1550ms,E104,Transaction {tx} completed in {time}ms
86074,2026-01-16,09:39:40,INFO,PaymentGateway,Health check passed: PaymentGateway,E102,Health check passed: {service}
86075,2026-01-16,09:09:25,INFO,AuthService,Health check passed: AuthService,E102,Health check passed: {service}
86076,2026-01-16,09:46:37,INFO,WebServer,User u3741 login successful,E101,User {user} login successful
86077,2026-01-16,09:12:02,INFO,OrderProcessor,Transaction tx620333 completed in 1200ms,E104,Transaction {tx} completed in {time}ms
86078,2026-01-16,09:32:10,WARN,PaymentGateway,Unauthorized access attempt from 10.0.0.45,E401,Unauthorized access attempt from {ip}
86079,2026-01-16,09:39:11,INFO,PaymentGateway,User u3281 login successful,E101,User {user} login successful
86080,2026-01-16,09:16:52,INFO,AuthService,User u1733 login successful,E101,User {user} login successful
86081,2026-01-16,09:13:38,INFO,WebServer,Transaction tx718477 completed in 1506ms,E104,Transaction {tx} completed in {time}ms
86082,2026-01-16,09:51:42,INFO,AuthService,User u1490 login successful,E101,User {user} login successful
86083,2026-01-16,09:05:53,WARN,OrderProcessor,High latency (1097ms) detected on OrderProcessor,E201,High latency ({time}ms) detected on {service}
86084,2026-01-16,09:03:48,INFO,WebServer,Transaction tx809416 completed in 559ms,E104,Transaction {tx} completed in {time}ms
86085,2026-01-16,09:06:33,WARN,WebServer,Disk usage > 85% on node node-4,E202,Disk usage > 85% on node {node}
86086,2026-01-16,09:37:12,INFO,AuthService,Page view: /home by u1507,E103,Page view: {page} by {user}
86087,2026-01-16,09:15:03,INFO,WebServer,Page view: /home by u4169,E103,Page view: {page} by {user}
86088,2026-01-16,09:17:23,INFO,WebServer,Transaction tx760010 completed in 1146ms,E104,Transaction {tx} completed in {time}ms
86089,2026-01-16,09:26:47,INFO,WebServer,Transaction tx712082 completed in 616ms,E104,Transaction {tx} completed in {time}ms
86090,2026-01-16,09:17:58,INFO,OrderProcessor,Health check passed: OrderProcessor,E102,Health check passed: {service}
86091,2026-01-16,09:29:33,INFO,OrderProcessor,User u4859 login successful,E101,User {user} login successful
86092,2026-01-16,09:40:39,INFO,WebServer,User u4370 login successful,E101,User {user} login successful
86093,2026-01-16,09:11:13,INFO,PaymentGateway,Page view: /home by u4183,E103,Page view: {page} by {user}
86094,2026-01-16,09:47:05,INFO,AuthService,Transaction tx644976 completed in 838ms,E104,Transaction {tx} completed in {time}ms
86095,2026-01-16,09:06:12,INFO,PaymentGateway,Transaction tx277635 completed in 984ms,E104,Transaction {tx} completed in {time}ms
86096,2026-01-16,09:53:21,INFO,OrderProcessor,Page view: /home by u2075,E103,Page view: {page} by {user}
86097,2026-01-16,09:47:51,INFO,WebServer,Transaction tx745493 completed in 99ms,E104,Transaction {tx} completed in {time}ms
86098,2026-01-16,09:14:50,WARN,WebServer,Disk usage > 85% on node node-4,E202,Disk usage > 85% on node {node}
86099,2026-01-16,09:06:59,INFO,WebServer,User u2533 login successful,E101,User {user} login successful
86100,2026-01-16,09:52:02,INFO,InventoryDB,User u3803 login successful,E101,User {user} login successful
86101,2026-01-16,09:34:00,INFO,WebServer,Page view: /home by u1065,E103,Page view: {page} by {user}
86102,2026-01-16,09:38:01,INFO,AuthService,Health check passed: AuthService,E102,Health check passed: {service}
86103,2026-01-16,09:11:22,WARN,OrderProcessor,Disk usage > 85% on node node-4,E202,Disk usage > 85% on node {node}
86104,2026-01-16,09:07:15,INFO,OrderProcessor,Page view: /home by u1814,E103,Page view: {page} by {user}
86105,2026-01-16,09:50:15,INFO,AuthService,Health check passed: AuthService,E102,Health check passed: {service}
86106,2026-01-16,09:14:42,INFO,WebServer,Page view: /home by u1514,E103,Page view: {page} by {user}
86107,2026-01-16,09:39:44,INFO,InventoryDB,Page view: /home by u2173,E103,Page view: {page} by {user}
86108,2026-01-16,09:43:30,WARN,PaymentGateway,Unauthorized access attempt from 10.0.0.45,E401,Unauthorized access attempt from {ip}
86109,2026-01-16,09:11:32,INFO,WebServer,Health check passed: WebServer,E102,Health check passed: {service}
86110,2026-01-16,09:33:56,INFO,InventoryDB,Health check passed: InventoryDB,E102,Health check passed: {service}
86111,2026-01-16,09:55:09,INFO,PaymentGateway,Health check passed: PaymentGateway,E102,Health check passed: {service}
86112,2026-01-16,09:50:53,INFO,WebServer,User u4173 login successful,E101,User {user} login successful
86113,2026-01-16,09:14:17,INFO,AuthService,Page view: /home by u2329,E103,Page view: {page} by {user}
86114,2026-01-16,09:32:00,INFO,WebServer,Health check passed: WebServer,E102,Health check passed: {service}
86115,2026-01-16,09:25:05,INFO,AuthService,User u2354 login successful,E101,User {user} login successful
86116,2026-01-16,09:32:07,INFO,InventoryDB,Transaction tx391531 completed in 465ms,E104,Transaction {tx} completed in {time}ms
86117,2026-01-16,09:14:53,INFO,WebServer,Transaction tx694349 completed in 888ms,E104,Transaction {tx} completed in {time}ms
86118,2026-01-16,09:25:30,INFO,WebServer,Transaction tx552641 completed in 380ms,E104,Transaction {tx} completed in {time}ms
86119,2026-01-16,09:15:33,INFO,WebServer,Transaction tx484913 completed in 1965ms,E104,Transaction {tx} completed in {time}ms
86120,2026-01-16,09:26:19,INFO,WebServer,Health check passed: WebServer,E102,Health check passed: {service}
86121,2026-01-16,09:24:36,INFO,WebServer,User u2010 login successful,E101,User {user} login successful
86122,2026-01-16,09:20:45,INFO,PaymentGateway,Transaction tx555319 completed in 1544ms,E104,Transaction {tx} completed in {time}ms
86123,2026-01-16,09:16:01,INFO,AuthService,Page view: /home by u2948,E103,Page view: {page} by {user}
86124,2026-01-16,09:49:01,INFO,PaymentGateway,Page view: /home by u1998,E103,Page view: {page} by {user}
86125,2026-01-16,09:33:48,INFO,WebServer,Transaction tx718677 completed in 523ms,E104,Transaction {tx} completed in {time}ms
86126,2026-01-16,09:28:26,WARN,WebServer,High latency (1246ms) detected on WebServer,E201,High latency ({time}ms) detected on {service}
86127,2026-01-16,09:35:44,INFO,OrderProcessor,Health check passed: OrderProcessor,E102,Health check passed: {service}
86128,2026-01-16,09:18:27,INFO,WebServer,User u4602 login successful,E101,User {user} login successful
86129,2026-01-16,09:31:36,INFO,WebServer,Health check passed: WebServer,E102,Health check passed: {service}
86130,2026-01-16,09:59:35,INFO,OrderProcessor,Transaction tx400021 completed in 142ms,E104,Transaction {tx} completed in {time}ms
86131,2026-01-16,09:19:41,INFO,AuthService,Transaction tx130136 completed in 1711ms,E104,Transaction {tx} completed in {time}ms
86132,2026-01-16,09:04:38,INFO,WebServer,Transaction tx414389 completed in 26ms,E104,Transaction {tx} completed in {time}ms
86133,2026-01-16,09:12:00,INFO,WebServer,Health check passed: WebServer,E102,Health check passed: {service}
86134,2026-01-16,09:59:02,INFO,WebServer,Page view: /home by u1062,E103,Page view: {page} by {user}
86135,2026-01-16,09:44:46,INFO,WebServer,User u1839 login successful,E101,User {user} login successful
86136,2026-01-16,09:52:50,INFO,OrderProcessor,Health check passed: OrderProcessor,E102,Health check passed: {service}
86137,2026-01-16,09:11:39,INFO,OrderProcessor,Transaction tx797878 completed in 1592ms,E104,Transaction {tx} completed in {time}ms
86138,2026-01-16,09:36:05,INFO,AuthService,Page view: /home by u4680,E103,Page view: {page} by {user}
86139,2026-01-16,09:02:44,INFO,WebServer,User u4020 login successful,E101,User {user} login successful
86140,2026-01-16,09:21:49,WARN,WebServer,Unauthorized access attempt from 10.0.0.88,E401,Unauthorized access attempt from {ip}
86141,2026-01-16,09:09:03,INFO,WebServer,Health check passed: WebServer,E102,Health check passed: {service}
86142,2026-01-16,09:29:44,INFO,WebServer,Health check passed: WebServer,E102,Health check passed: {service}
86143,2026-01-16,09:59:41,INFO,WebServer,User u2627 login successful,E101,User {user} login successful
86144,2026-01-16,09:42:13,INFO,PaymentGateway,Health check passed: PaymentGateway,E102,Health check passed: {service}
86145,2026-01-16,09:25:42,INFO,WebServer,Transaction tx438739 completed in 1887ms,E104,Transaction {tx} completed in {time}ms
86146,2026-01-16,09:00:24,INFO,PaymentGateway,Transaction tx504423 completed in 902ms,E104,Transaction {tx} completed in {time}ms
86147,2026-01-16,09:34:55,INFO,OrderProcessor,Health check passed: OrderProcessor,E102,Health check passed: {service}
86148,2026-01-16,09:06:49,INFO,AuthService,Page view: /home by u1852,E103,Page view: {page} by {user}
86149,2026-01-16,09:49:40,INFO,WebServer,Page view: /home by u1225,E103,Page view: {page} by {user}
86150,2026-01-16,09:08:29,INFO,AuthService,User u4452 login successful,E101,User {user} login successful
86151,2026-01-16,09:49:28,INFO,WebServer,Page view: /home by u4312,E103,Page view: {page} by {user}
86152,2026-01-16,09:12:40,ERROR,WebServer,Payment declined: Gateway unavailable,E503,Payment declined: Gateway unavailable
86153,2026-01-16,09:20:26,WARN,InventoryDB,Unauthorized access attempt from 10.0.0.45,E401,Unauthorized access attempt from {ip}
86154,2026-01-16,09:39:42,INFO,OrderProcessor,User u1892 login successful,E101,User {user} login successful
86155,2026-01-16,09:47:23,WARN,AuthService,Unauthorized access attempt from 10.0.0.45,E401,Unauthorized access attempt from {ip}
86156,2026-01-16,09:43:33,INFO,WebServer,Transaction tx265821 completed in 790ms,E104,Transaction {tx} completed in {time}ms
86157,2026-01-16,09:15:00,INFO,OrderProcessor,User u2302 login successful,E101,User {user} login successful
86158,2026-01-16,09:25:31,INFO,WebServer,Health check passed: WebServer,E102,Health check passed: {service}
86159,2026-01-16,09:21:42,INFO,WebServer,Transaction tx258915 completed in 1511ms,E104,Transaction {tx} completed in {time}ms
86160,2026-01-16,09:50:01,INFO,InventoryDB,Page view: /home by u2992,E103,Page view: {page} by {user}
86161,2026-01-16,09:17:52,INFO,AuthService,Health check passed: AuthService,E102,Health check passed: {service}
86162,2026-01-16,09:14:59,INFO,WebServer,User u1975 login successful,E101,User {user} login successful
86163,2026-01-16,09:21:15,INFO,WebServer,User u1014 login successful,E101,User {user} login successful
86164,2026-01-16,09:31:51,INFO,WebServer,User u2756 login successful,E101,User {user} login successful
86165,2026-01-16,09:30:37,INFO,PaymentGateway,Health check passed: PaymentGateway,E102,Health check passed: {service}
86166,2026-01-16,09:51:22,INFO,AuthService,Page view: /home by u2963,E103,Page view: {page} by {user}
86167,2026-01-16,09:36:15,INFO,OrderProcessor,Transaction tx479905 completed in 984ms,E104,Transaction {tx} completed in {time}ms
86168,2026-01-16,09:39:01,INFO,OrderProcessor,Page view: /home by u3132,E103,Page view: {page} by {user}
86169,2026-01-16,09:16:22,INFO,OrderProcessor,Page view: /home by u4045,E103,Page view: {page} by {user}
86170,2026-01-16,09:16:27,INFO,WebServer,Page view: /home by u4897,E103,Page view: {page} by {user}
86171,2026-01-16,09:22:13,INFO,WebServer,Transaction tx217319 completed in 1182ms,E104,Transaction {tx} completed in {time}ms
86172,2026-01-16,09:54:13,INFO,AuthService,Page view: /home by u3997,E103,Page view: {page} by {user}
86173,2026-01-16,09:11:09,INFO,WebServer,Health check passed: WebServer,E102,Health check passed: {service}
86174,2026-01-16,09:43:35,INFO,AuthService,User u2133 login successful,E101,User {user} login successful
86175,2026-01-16,09:28:17,INFO,WebServer,Health check passed: WebServer,E102,Health check passed: {service}
86176,2026-01-16,09:23:00,INFO,AuthService,Transaction tx354758 completed in 630ms,E104,Transaction {tx} completed in {time}ms
86177,2026-01-16,09:21:35,INFO,AuthService,Health check passed: AuthService,E102,Health check passed: {service}
86178,2026-01-16,09:14:47,INFO,WebServer,User u4318 login successful,E101,User {user} login successful
86179,2026-01-16,09:53:04,INFO,AuthService,User u4646 login successful,E101,User {user} login successful
86180,2026-01-16,09:19:28,INFO,AuthService,Page view: /home by u3700,E103,Page view: {page} by {user}
86181,2026-01-16,09:45:16,INFO,AuthService,Page view: /home by u2933,E103,Page view: {page} by {user}
86182,2026-01-16,09:02:25,ERROR,AuthService,Payment declined: Gateway unavailable,E503,Payment declined: Gateway unavailable
86183,2026-01-16,09:06:57,INFO,AuthService,Health check passed: AuthService,E102,Health check passed: {service}
86184,2026-01-16,09:30:56,INFO,WebServer,User u4218 login successful,E101,User {user} login successful
86185,2026-01-16,09:06:22,INFO,PaymentGateway,Transaction tx430897 completed in 1670ms,E104,Transaction {tx} completed in {time}ms
86186,2026-01-16,09:47:52,INFO,WebServer,Health check passed: WebServer,E102,Health check passed: {service}
86187,2026-01-16,09:10:17,INFO,AuthService,Page view: /home by u3821,E103,Page view: {page} by {user}
86188,2026-01-16,09:16:25,INFO,WebServer,Transaction tx604060 completed in 972ms,E104,Transaction {tx} completed in {time}ms
86189,2026-01-16,09:20:35,INFO,WebServer,User u1344 login successful,E101,User {user} login successful
86190,2026-01-16,09:53:52,INFO,WebServer,Page view: /home by u3805,E103,Page view: {page} by {user}
86191,2026-01-16,09:45:49,INFO,WebServer,Health check passed: WebServer,E102,Health check passed: {service}
86192,2026-01-16,09:15:33,INFO,InventoryDB,User u3685 login successful,E101,User {user} login successful
86193,2026-01-16,09:35:00,INFO,WebServer,User u1655 login successful,E101,User {user} login successful
86194,2026-01-16,09:27:09,INFO,PaymentGateway,Transaction tx388999 completed in 1578ms,E104,Transaction {tx} completed in {time}ms
86195,2026-01-16,09:32:25,INFO,WebServer,Transaction tx522505 completed in 642ms,E104,Transaction {tx} completed in {time}ms
86196,2026-01-16,09:43:57,INFO,AuthService,Transaction tx636108 completed in 1093ms,E104,Transaction {tx} completed in {time}ms
86197,2026-01-16,09:21:04,INFO,WebServer,User u1601 login successful,E101,User {user} login successful
86198,2026-01-16,09:23:29,INFO,AuthService,Page view: /home by u4779,E103,Page view: {page} by {user}
86199,2026-01-16,09:09:17,INFO,OrderProcessor,Health check passed: OrderProcessor,E102,Health check passed: {service}
86200,2026-01-16,09:08:45,WARN,OrderProcessor,Disk usage > 85% on node node-5,E202,Disk usage > 85% on node {node}
86201,2026-01-16,09:32:11,INFO,WebServer,Health check passed: WebServer,E102,Health check passed: {service}
86202,2026-01-16,09:49:19,INFO,WebServer,Transaction tx260803 completed in 1116ms,E104,Transaction {tx} completed in {time}ms
86203,2026-01-16,09:32:40,INFO,AuthService,User u3744 login successful,E101,User {user} login successful
86204,2026-01-16,09:40:10,INFO,WebServer,Page view: /home by u2383,E103,Page view: {page} by {user}
86205,2026-01-16,09:27:18,INFO,AuthService,Health check passed: AuthService,E102,Health check passed: {service}
86206,2026-01-16,09:36:45,INFO,PaymentGateway,Page view: /home by u2134,E103,Page view: {page} by {user}
86207,2026-01-16,09:58:21,INFO,PaymentGateway,Transaction tx542277 completed in 682ms,E104,Transaction {tx} completed in {time}ms
86208,2026-01-16,09:46:13,WARN,AuthService,Disk usage > 85% on node node-2,E202,Disk usage > 85% on node {node}
86209,2026-01-16,09:57:48,INFO,WebServer,User u2945 login successful,E101,User {user} login successful
86210,2026-01-16,09:47:19,INFO,AuthService,Page view: /home by u2830,E103,Page view: {page} by {user}
86211,2026-01-16,09:28:57,INFO,PaymentGateway,Health check passed: PaymentGateway,E102,Health check passed: {service}
86212,2026-01-16,09:42:54,INFO,AuthService,User u2484 login successful,E101,User {user} login successful
86213,2026-01-16,09:07:07,INFO,WebServer,Health check passed: WebServer,E102,Health check passed: {service}
86214,2026-01-16,09:34:20,INFO,WebServer,User u1507 login successful,E101,User {user} login successful
86215,2026-01-16,09:42:05,INFO,WebServer,Transaction tx636002 completed in 480ms,E104,Transaction {tx} completed in {time}ms
86216,2026-01-16,09:22:03,ERROR,WebServer,Connection refused to WebServer at 10.0.0.45,E501,Connection refused to {service} at {ip}
86217,2026-01-16,09:19:00,INFO,AuthService,Health check passed: AuthService,E102,Health check passed: {service}
86218,2026-01-16,09:17:10,INFO,WebServer,Transaction tx338239 completed in 1677ms,E104,Transaction {tx} completed in {time}ms
86219,2026-01-16,09:13:16,INFO,WebServer,Page view: /home by u4933,E103,Page view: {page} by {user}
86220,2026-01-16,09:01:51,INFO,WebServer,Health check passed: WebServer,E102,Health check passed: {service}
86221,2026-01-16,09:05:58,INFO,AuthService,User u1140 login successful,E101,User {user} login successful
86222,2026-01-16,09:06:16,INFO,WebServer,Page view: /home by u1987,E103,Page view: {page} by {user}
86223,2026-01-16,09:24:20,WARN,WebServer,High latency (785ms) detected on WebServer,E201,High latency ({time}ms) detected on {service}
86224,2026-01-16,09:41:51,ERROR,PaymentGateway,Payment declined: Gateway unavailable,E503,Payment declined: Gateway unavailable
86225,2026-01-16,09:48:14,INFO,InventoryDB,User u3144 login successful,E101,User {user} login successful
86226,2026-01-16,09:15:27,INFO,WebServer,User u1509 login successful,E101,User {user} login successful
86227,2026-01-16,09:11:09,INFO,AuthService,Transaction tx131703 completed in 334ms,E104,Transaction {tx} completed in {time}ms
86228,2026-01-16,09:57:00,INFO,PaymentGateway,Health check passed: PaymentGateway,E102,Health check passed: {service}
86229,2026-01-16,09:35:15,INFO,WebServer,Health check passed: WebServer,E102,Health check passed: {service}
86230,2026-01-16,09:35:27,INFO,AuthService,Transaction tx517578 completed in 1063ms,E104,Transaction {tx} completed in {time}ms
86231,2026-01-16,09:07:08,INFO,AuthService,Transaction tx390709 completed in 192ms,E104,Transaction {tx} completed in {time}ms
86232,2026-01-16,09:31:41,INFO,AuthService,Health check passed: AuthService,E102,Health check passed: {service}
86233,2026-01-16,09:56:26,INFO,OrderProcessor,Health check passed: OrderProcessor,E102,Health check passed: {service}
86234,2026-01-16,09:37:31,INFO,WebServer,Page view: /home by u2452,E103,Page view: {page} by {user}
86235,2026-01-16,09:58:56,INFO,InventoryDB,User u4933 login successful,E101,User {user} login successful
86236,2026-01-16,09:52:49,INFO,AuthService,User u4069 login successful,E101,User {user} login successful
86237,2026-01-16,09:43:06,INFO,AuthService,Transaction tx879746 completed in 670ms,E104,Transaction {tx} completed in {time}ms
86238,2026-01-16,09:52:21,WARN,WebServer,High latency (1988ms) detected on WebServer,E201,High latency ({time}ms) detected on {service}
86239,2026-01-16,09:47:21,INFO,InventoryDB,Health check passed: InventoryDB,E102,Health check passed: {service}
86240,2026-01-16,09:46:13,INFO,WebServer,Health check passed: WebServer,E102,Health check passed: {service}
86241,2026-01-16,09:43:33,INFO,AuthService,Health check passed: AuthService,E102,Health check passed: {service}
86242,2026-01-16,09:09:14,INFO,InventoryDB,User u2678 login successful,E101,User {user} login successful
86243,2026-01-16,09:53:06,INFO,AuthService,Health check passed: AuthService,E102,Health check passed: {service}
86244,2026-01-16,09:03:47,INFO,OrderProcessor,Transaction tx830923 completed in 322ms,E104,Transaction {tx} completed in {time}ms
86245,2026-01-16,09:13:42,INFO,WebServer,Health check passed: WebServer,E102,Health check passed: {service}
86246,2026-01-16,09:52:09,INFO,WebServer,User u4038 login successful,E101,User {user} login successful
86247,2026-01-16,09:35:49,INFO,WebServer,Page view: /home by u4401,E103,Page view: {page} by {user}
86248,2026-01-16,09:42:29,WARN,WebServer,Unauthorized access attempt from 10.0.0.12,E401,Unauthorized access attempt from {ip}
86249,2026-01-16,09:01:06,INFO,OrderProcessor,Health check passed: OrderProcessor,E102,Health check passed: {service}
86250,2026-01-16,09:03:17,WARN,OrderProcessor,Unauthorized access attempt from 10.0.0.10,E401,Unauthorized access attempt from {ip}
86251,2026-01-16,09:50:36,INFO,WebServer,User u1345 login successful,E101,User {user} login successful
86252,2026-01-16,09:15:35,INFO,OrderProcessor,Transaction tx656299 completed in 891ms,E104,Transaction {tx} completed in {time}ms
86253,2026-01-16,09:04:17,WARN,OrderProcessor,Unauthorized access attempt from 10.0.0.45,E401,Unauthorized access attempt from {ip}
86254,2026-01-16,09:17:32,INFO,WebServer,Page view: /home by u4008,E103,Page view: {page} by {user}
86255,2026-01-16,09:40:00,INFO,WebServer,User u1399 login successful,E101,User {user} login successful
86256,2026-01-16,09:38:21,INFO,PaymentGateway,Transaction tx513379 completed in 259ms,E104,Transaction {tx} completed in {time}ms
86257,2026-01-16,09:38:45,INFO,AuthService,User u4117 login successful,E101,User {user} login successful
86258,2026-01-16,09:25:57,INFO,AuthService,User u2728 login successful,E101,User {user} login successful
86259,2026-01-16,09:48:43,INFO,PaymentGateway,Page view: /home by u2229,E103,Page view: {page} by {user}
86260,2026-01-16,09:44:08,INFO,AuthService,User u2915 login successful,E101,User {user} login successful
86261,2026-01-16,09:33:18,INFO,WebServer,Health check passed: WebServer,E102,Health check passed: {service}
86262,2026-01-16,09:30:18,INFO,PaymentGateway,Health check passed: PaymentGateway,E102,Health check passed: {service}
86263,2026-01-16,09:54:44,INFO,WebServer,Transaction tx992454 completed in 1604ms,E104,Transaction {tx} completed in {time}ms
86264,2026-01-16,09:53:25,INFO,OrderProcessor,User u3432 login successful,E101,User {user} login successful
86265,2026-01-16,09:41:22,INFO,WebServer,Health check passed: WebServer,E102,Health check passed: {service}
86266,2026-01-16,09:01:28,INFO,WebServer,Health check passed: WebServer,E102,Health check passed: {service}
86267,2026-01-16,09:27:50,INFO,OrderProcessor,Health check passed: OrderProcessor,E102,Health check passed: {service}
86268,2026-01-16,09:16:57,INFO,InventoryDB,Health check passed: InventoryDB,E102,Health check passed: {service}
86269,2026-01-16,09:05:39,INFO,InventoryDB,Transaction tx469265 completed in 1990ms,E104,Transaction {tx} completed in {time}ms
86270,2026-01-16,09:24:58,INFO,WebServer,User u2850 login successful,E101,User {user} login successful
86271,2026-01-16,09:11:11,INFO,PaymentGateway,User u2757 login successful,E101,User {user} login successful
86272,2026-01-16,09:42:33,INFO,WebServer,Transaction tx800077 completed in 706ms,E104,Transaction {tx} completed in {time}ms
86273,2026-01-16,09:09:59,INFO,PaymentGateway,Page view: /home by u3443,E103,Page view: {page} by {user}
86274,2026-01-16,09:15:28,INFO,AuthService,User u1449 login successful,E101,User {user} login successful
86275,2026-01-16,09:44:33,INFO,WebServer,Transaction tx901135 completed in 568ms,E104,Transaction {tx} completed in {time}ms
86276,2026-01-16,09:51:13,INFO,WebServer,Page view: /home by u1151,E103,Page view: {page} by {user}
86277,2026-01-16,09:16:18,INFO,WebServer,User u1983 login successful,E101,User {user} login successful
86278,2026-01-16,09:04:04,INFO,OrderProcessor,Page view: /home by u3804,E103,Page view: {page} by {user}
86279,2026-01-16,09:00:16,INFO,WebServer,User u1903 login successful,E101,User {user} login successful
86280,2026-01-16,09:01:23,INFO,OrderProcessor,Health check passed: OrderProcessor,E102,Health check passed: {service}
86281,2026-01-16,09:07:57,INFO,WebServer,User u2501 login successful,E101,User {user} login successful
86282,2026-01-16,09:42:21,INFO,WebServer,User u3713 login successful,E101,User {user} login successful
86283,2026-01-16,09:53:37,INFO,WebServer,Transaction tx210504 completed in 1052ms,E104,Transaction {tx} completed in {time}ms
86284,2026-01-16,09:04:17,INFO,WebServer,Health check passed: WebServer,E102,Health check passed: {service}
86285,2026-01-16,09:52:26,INFO,OrderProcessor,Transaction tx198456 completed in 716ms,E104,Transaction {tx} completed in {time}ms
86286,2026-01-16,09:27:04,INFO,AuthService,Page view: /home by u3317,E103,Page view: {page} by {user}
86287,2026-01-16,09:29:32,INFO,AuthService,Page view: /home by u2107,E103,Page view: {page} by {user}
86288,2026-01-16,09:21:51,INFO,OrderProcessor,Health check passed: OrderProcessor,E102,Health check passed: {service}
86289,2026-01-16,09:39:20,WARN,InventoryDB,High latency (900ms) detected on InventoryDB,E201,High latency ({time}ms) detected on {service}
86290,2026-01-16,09:38:09,INFO,WebServer,User u1586 login successful,E101,User {user} login successful
86291,2026-01-16,09:52:07,WARN,WebServer,High latency (1692ms) detected on WebServer,E201,High latency ({time}ms) detected on {service}
86292,2026-01-16,09:01:51,INFO,WebServer,Transaction tx291842 completed in 177ms,E104,Transaction {tx} completed in {time}ms
86293,2026-01-16,09:32:23,INFO,OrderProcessor,Health check passed: OrderProcessor,E102,Health check passed: {service}
86294,2026-01-16,09:47:07,INFO,WebServer,User u1897 login successful,E101,User {user} login successful
86295,2026-01-16,09:08:50,INFO,WebServer,Transaction tx389287 completed in 1152ms,E104,Transaction {tx} completed in {time}ms
86296,2026-01-16,09:54:51,INFO,OrderProcessor,Transaction tx519023 completed in 148ms,E104,Transaction {tx} completed in {time}ms
86297,2026-01-16,09:29:59,INFO,AuthService,User u3753 login successful,E101,User {user} login successful
86298,2026-01-16,09:28:48,INFO,WebServer,User u2503 login successful,E101,User {user} login successful
86299,2026-01-16,09:24:32,INFO,OrderProcessor,User u1672 login successful,E101,User {user} login successful
86300,2026-01-16,09:14:38,INFO,WebServer,Page view: /home by u1311,E103,Page view: {page} by {user}
86301,2026-01-16,09:46:30,INFO,PaymentGateway,Transaction tx917944 completed in 206ms,E104,Transaction {tx} completed in {time}ms
86302,2026-01-16,09:56:23,INFO,InventoryDB,Health check passed: InventoryDB,E102,Health check passed: {service}
86303,2026-01-16,09:36:25,INFO,AuthService,Page view: /home by u2921,E103,Page view: {page} by {user}
86304,2026-01-16,09:47:09,INFO,WebServer,Transaction tx565720 completed in 804ms,E104,Transaction {tx} completed in {time}ms
86305,2026-01-16,09:43:36,INFO,WebServer,Page view: /home by u1883,E103,Page view: {page} by {user}
86306,2026-01-16,09:44:33,INFO,OrderProcessor,Health check passed: OrderProcessor,E102,Health check passed: {service}
86307,2026-01-16,09:25:41,INFO,OrderProcessor,Health check passed: OrderProcessor,E102,Health check passed: {service}
86308,2026-01-16,09:07:43,INFO,AuthService,User u2504 login successful,E101,User {user} login successful
86309,2026-01-16,09:52:48,INFO,InventoryDB,User u4181 login successful,E101,User {user} login successful
86310,2026-01-16,09:47:16,INFO,OrderProcessor,Transaction tx220402 completed in 1428ms,E104,Transaction {tx} completed in {time}ms
86311,2026-01-16,09:14:36,INFO,WebServer,Health check passed: WebServer,E102,Health check passed: {service}
86312,2026-01-16,09:57:30,INFO,WebServer,User u2430 login successful,E101,User {user} login successful
86313,2026-01-16,09:50:01,INFO,WebServer,User u1335 login successful,E101,User {user} login successful
86314,2026-01-16,09:10:47,WARN,WebServer,Unauthorized access attempt from 10.0.0.45,E401,Unauthorized access attempt from {ip}
86315,2026-01-16,09:10:07,INFO,InventoryDB,User u1944 login successful,E101,User {user} login successful
86316,2026-01-16,09:07:58,INFO,WebServer,Health check passed: WebServer,E102,Health check passed: {service}
86317,2026-01-16,09:05:20,INFO,WebServer,Health check passed: WebServer,E102,Health check passed: {service}
86318,2026-01-16,09:25:06,INFO,AuthService,User u3357 login successful,E101,User {user} login successful
86319,2026-01-16,09:48:08,INFO,InventoryDB,Transaction tx443315 completed in 699ms,E104,Transaction {tx} completed in {time}ms
86320,2026-01-16,09:45:48,INFO,WebServer,User u2260 login successful,E101,User {user} login successful
86321,2026-01-16,09:30:04,WARN,AuthService,High latency (1007ms) detected on AuthService,E201,High latency ({time}ms) detected on {service}
86322,2026-01-16,09:52:49,WARN,WebServer,High latency (1655ms) detected on WebServer,E201,High latency ({time}ms) detected on {service}
86323,2026-01-16,09:34:36,INFO,WebServer,Page view: /home by u3715,E103,Page view: {page} by {user}
86324,2026-01-16,09:10:18,INFO,WebServer,User u2494 login successful,E101,User {user} login successful
86325,2026-01-16,09:33:57,INFO,PaymentGateway,Page view: /home by u2959,E103,Page view: {page} by {user}
86326,2026-01-16,09:06:19,INFO,WebServer,Health check passed: WebServer,E102,Health check passed: {service}
86327,2026-01-16,09:52:06,INFO,OrderProcessor,Page view: /home by u1667,E103,Page view: {page} by {user}
86328,2026-01-16,09:19:44,INFO,AuthService,User u3746 login successful,E101,User {user} login successful
86329,2026-01-16,09:39:06,INFO,AuthService,Page view: /home by u2046,E103,Page view: {page} by {user}
86330,2026-01-16,09:24:44,WARN,OrderProcessor,Disk usage > 85% on node node-1,E202,Disk usage > 85% on node {node}
86331,2026-01-16,09:11:19,INFO,PaymentGateway,Health check passed: PaymentGateway,E102,Health check passed: {service}
86332,2026-01-16,09:39:28,INFO,WebServer,Transaction tx586635 completed in 1008ms,E104,Transaction {tx} completed in {time}ms
86333,2026-01-16,09:08:00,INFO,OrderProcessor,Transaction tx347457 completed in 1692ms,E104,Transaction {tx} completed in {time}ms
86334,2026-01-16,09:22:38,INFO,WebServer,Health check passed: WebServer,E102,Health check passed: {service}
86335,2026-01-16,09:04:57,INFO,WebServer,User u2909 login successful,E101,User {user} login successful
86336,2026-01-16,09:26:13,INFO,WebServer,User u3750 login successful,E101,User {user} login successful
86337,2026-01-16,09:50:13,WARN,WebServer,Disk usage > 85% on node node-4,E202,Disk usage > 85% on node {node}
86338,2026-01-16,09:43:32,INFO,WebServer,User u4390 login successful,E101,User {user} login successful
86339,2026-01-16,09:15:17,INFO,PaymentGateway,Transaction tx844658 completed in 249ms,E104,Transaction {tx} completed in {time}ms
86340,2026-01-16,09:08:08,INFO,OrderProcessor,Health check passed: OrderProcessor,E102,Health check passed: {service}
86341,2026-01-16,09:16:06,INFO,PaymentGateway,Page view: /home by u4119,E103,Page view: {page} by {user}
86342,2026-01-16,09:39:47,INFO,AuthService,Page view: /home by u3532,E103,Page view: {page} by {user}
86343,2026-01-16,09:58:30,INFO,WebServer,User u3127 login successful,E101,User {user} login successful
86344,2026-01-16,09:20:27,INFO,OrderProcessor,Health check passed: OrderProcessor,E102,Health check passed: {service}
86345,2026-01-16,09:55:44,INFO,WebServer,Page view: /home by u4525,E103,Page view: {page} by {user}
86346,2026-01-16,09:04:12,WARN,AuthService,Disk usage > 85% on node node-4,E202,Disk usage > 85% on node {node}
86347,2026-01-16,09:00:08,INFO,PaymentGateway,Health check passed: PaymentGateway,E102,Health check passed: {service}
86348,2026-01-16,09:01:23,INFO,AuthService,User u4326 login successful,E101,User {user} login successful
86349,2026-01-16,09:31:16,INFO,WebServer,Page view: /home by u4670,E103,Page view: {page} by {user}
86350,2026-01-16,09:18:12,INFO,WebServer,Page view: /home by u2200,E103,Page view: {page} by {user}
86351,2026-01-16,09:13:24,INFO,OrderProcessor,User u3637 login successful,E101,User {user} login successful
86352,2026-01-16,09:13:08,WARN,AuthService,Unauthorized access attempt from 10.0.0.88,E401,Unauthorized access attempt from {ip}
86353,2026-01-16,09:15:40,INFO,PaymentGateway,Page view: /home by u1489,E103,Page view: {page} by {user}
86354,2026-01-16,09:34:34,INFO,WebServer,User u4437 login successful,E101,User {user} login successful
86355,2026-01-16,09:56:42,INFO,WebServer,Health check passed: WebServer,E102,Health check passed: {service}
86356,2026-01-16,09:08:07,INFO,WebServer,Page view: /home by u2645,E103,Page view: {page} by {user}
86357,2026-01-16,09:33:42,INFO,WebServer,Health check passed: WebServer,E102,Health check passed: {service}
86358,2026-01-16,09:45:14,INFO,AuthService,Health check passed: AuthService,E102,Health check passed: {service}
86359,2026-01-16,09:32:16,ERROR,WebServer,Payment declined: Gateway unavailable,E503,Payment declined: Gateway unavailable
86360,2026-01-16,09:20:43,INFO,InventoryDB,Transaction tx883990 completed in 1594ms,E104,Transaction {tx} completed in {time}ms
86361,2026-01-16,09:05:37,WARN,WebServer,Disk usage > 85% on node node-4,E202,Disk usage > 85% on node {node}
86362,2026-01-16,09:04:01,INFO,WebServer,User u4482 login successful,E101,User {user} login successful
86363,2026-01-16,09:50:52,INFO,WebServer,Transaction tx444099 completed in 1413ms,E104,Transaction {tx} completed in {time}ms
86364,2026-01-16,09:05:50,INFO,AuthService,Page view: /home by u1499,E103,Page view: {page} by {user}
86365,2026-01-16,09:44:19,INFO,InventoryDB,Health check passed: InventoryDB,E102,Health check passed: {service}
86366,2026-01-16,09:16:53,INFO,WebServer,Transaction tx162308 completed in 1126ms,E104,Transaction {tx} completed in {time}ms
86367,2026-01-16,09:52:20,INFO,PaymentGateway,User u1120 login successful,E101,User {user} login successful
86368,2026-01-16,09:57:13,INFO,PaymentGateway,Health check passed: PaymentGateway,E102,Health check passed: {service}
86369,2026-01-16,09:58:53,INFO,WebServer,Transaction tx953626 completed in 574ms,E104,Transaction {tx} completed in {time}ms
86370,2026-01-16,09:13:59,INFO,PaymentGateway,Transaction tx492372 completed in 1233ms,E104,Transaction {tx} completed in {time}ms
86371,2026-01-16,09:34:06,INFO,InventoryDB,Page view: /home by u3058,E103,Page view: {page} by {user}
86372,2026-01-16,09:38:33,INFO,WebServer,Transaction tx862034 completed in 1537ms,E104,Transaction {tx} completed in {time}ms
86373,2026-01-16,09:03:30,INFO,InventoryDB,Health check passed: InventoryDB,E102,Health check passed: {service}
86374,2026-01-16,09:34:49,INFO,AuthService,Transaction tx644051 completed in 1338ms,E104,Transaction {tx} completed in {time}ms
86375,2026-01-16,09:00:43,INFO,WebServer,User u4902 login successful,E101,User {user} login successful
86376,2026-01-16,09:01:36,INFO,InventoryDB,User u4970 login successful,E101,User {user} login successful
86377,2026-01-16,09:32:16,INFO,AuthService,User u2542 login successful,E101,User {user} login successful
86378,2026-01-16,09:45:47,WARN,OrderProcessor,Disk usage > 85% on node node-3,E202,Disk usage > 85% on node {node}
86379,2026-01-16,09:33:27,INFO,AuthService,User u3525 login successful,E101,User {user} login successful
86380,2026-01-16,09:49:01,INFO,WebServer,Health check passed: WebServer,E102,Health check passed: {service}
86381,2026-01-16,09:44:54,INFO,WebServer,User u3641 login successful,E101,User {user} login successful
86382,2026-01-16,09:12:06,INFO,OrderProcessor,User u4510 login successful,E101,User {user} login successful
86383,2026-01-16,09:08:18,INFO,WebServer,Page view: /home by u2890,E103,Page view: {page} by {user}
86384,2026-01-16,09:04:00,INFO,InventoryDB,Page view: /home by u3534,E103,Page view: {page} by {user}
86385,2026-01-16,09:03:35,WARN,WebServer,Unauthorized access attempt from 10.0.0.45,E401,Unauthorized access attempt from {ip}
86386,2026-01-16,09:15:05,INFO,WebServer,User u1706 login successful,E101,User {user} login successful
86387,2026-01-16,09:50:01,INFO,AuthService,User u1863 login successful,E101,User {user} login successful
86388,2026-01-16,09:15:16,INFO,WebServer,Page view: /home by u3006,E103,Page view: {page} by {user}
86389,2026-01-16,09:59:59,INFO,WebServer,User u3997 login successful,E101,User {user} login successful
86390,2026-01-16,09:51:36,WARN,OrderProcessor,Unauthorized access attempt from 10.0.0.45,E401,Unauthorized access attempt from {ip}
86391,2026-01-16,09:26:44,INFO,OrderProcessor,Page view: /home by u4835,E103,Page view: {page} by {user}
86392,2026-01-16,09:55:52,INFO,PaymentGateway,Health check passed: PaymentGateway,E102,Health check passed: {service}
86393,2026-01-16,09:12:09,INFO,AuthService,Health check passed: AuthService,E102,Health check passed: {service}
86394,2026-01-16,09:54:58,INFO,OrderProcessor,User u2146 login successful,E101,User {user} login successful
86395,2026-01-16,09:23:18,INFO,WebServer,User u1050 login successful,E101,User {user} login successful
86396,2026-01-16,09:09:04,INFO,WebServer,Page view: /home by u4894,E103,Page view: {page} by {user}
86397,2026-01-16,09:03:19,INFO,WebServer,User u2814 login successful,E101,User {user} login successful
86398,2026-01-16,09:25:12,INFO,OrderProcessor,User u3644 login successful,E101,User {user} login successful
86399,2026-01-16,09:50:13,INFO,OrderProcessor,User u1781 login successful,E101,User {user} login successful
86400,2026-01-16,09:45:36,INFO,AuthService,Page view: /home by u2509,E103,Page view: {page} by {user}
86401,2026-01-16,09:49:41,INFO,AuthService,Page view: /home by u4938,E103,Page view: {page} by {user}
86402,2026-01-16,09:51:22,INFO,WebServer,Transaction tx149267 completed in 931ms,E104,Transaction {tx} completed in {time}ms
86403,2026-01-16,09:56:19,INFO,PaymentGateway,Health check passed: PaymentGateway,E102,Health check passed: {service}
86404,2026-01-16,09:35:23,INFO,WebServer,Page view: /home by u2648,E103,Page view: {page} by {user}
86405,2026-01-16,09:31:40,INFO,AuthService,Page view: /home by u1032,E103,Page view: {page} by {user}
86406,2026-01-16,09:17:24,CRITICAL,OrderProcessor,DATA CORRUPTION detected in sector 341,E602,DATA CORRUPTION detected in sector {sector}
86407,2026-01-16,09:57:13,INFO,InventoryDB,User u2430 login successful,E101,User {user} login successful
86408,2026-01-16,09:48:17,INFO,OrderProcessor,Transaction tx713029 completed in 1494ms,E104,Transaction {tx} completed in {time}ms
86409,2026-01-16,09:47:08,WARN,OrderProcessor,High latency (580ms) detected on OrderProcessor,E201,High latency ({time}ms) detected on {service}
86410,2026-01-16,09:11:38,INFO,WebServer,Transaction tx694653 completed in 1501ms,E104,Transaction {tx} completed in {time}ms
86411,2026-01-16,09:07:44,INFO,WebServer,Transaction tx595292 completed in 28ms,E104,Transaction {tx} completed in {time}ms
86412,2026-01-16,09:27:09,INFO,WebServer,Health check passed: WebServer,E102,Health check passed: {service}
86413,2026-01-16,09:46:07,INFO,WebServer,Page view: /home by u3650,E103,Page view: {page} by {user}
86414,2026-01-16,09:34:55,INFO,AuthService,Transaction tx683977 completed in 1218ms,E104,Transaction {tx} completed in {time}ms
86415,2026-01-16,09:22:37,INFO,InventoryDB,Health check passed: InventoryDB,E102,Health check passed: {service}
86416,2026-01-16,09:28:20,INFO,WebServer,Health check passed: WebServer,E102,Health check passed: {service}
86417,2026-01-16,09:42:26,INFO,WebServer,Page view: /home by u3669,E103,Page view: {page} by {user}
86418,2026-01-16,09:21:53,INFO,WebServer,Page view: /home by u4732,E103,Page view: {page} by {user}
86419,2026-01-16,09:54:59,INFO,AuthService,User u3281 login successful,E101,User {user} login successful
86420,2026-01-16,09:41:56,INFO,OrderProcessor,User u1836 login successful,E101,User {user} login successful
86421,2026-01-16,09:22:18,INFO,OrderProcessor,Page view: /home by u3090,E103,Page view: {page} by {user}
86422,2026-01-16,09:22:01,INFO,AuthService,Transaction tx502676 completed in 1860ms,E104,Transaction {tx} completed in {time}ms
86423,2026-01-16,09:50:54,INFO,WebServer,User u3657 login successful,E101,User {user} login successful
86424,2026-01-16,09:02:17,INFO,WebServer,Health check passed: WebServer,E102,Health check passed: {service}
86425,2026-01-16,09:20:57,INFO,WebServer,Page view: /home by u4348,E103,Page view: {page} by {user}
86426,2026-01-16,09:25:59,WARN,AuthService,Unauthorized access attempt from 10.0.0.45,E401,Unauthorized access attempt from {ip}
86427,2026-01-16,09:19:04,INFO,WebServer,Page view: /home by u3395,E103,Page view: {page} by {user}
86428,2026-01-16,09:34:30,INFO,WebServer,Transaction tx575850 completed in 1137ms,E104,Transaction {tx} completed in {time}ms
86429,2026-01-16,09:54:29,INFO,AuthService,User u3146 login successful,E101,User {user} login successful
86430,2026-01-16,09:32:17,WARN,WebServer,Disk usage > 85% on node node-1,E202,Disk usage > 85% on node {node}
86431,2026-01-16,09:09:46,INFO,WebServer,User u2447 login successful,E101,User {user} login successful
86432,2026-01-16,09:06:37,INFO,AuthService,User u1063 login successful,E101,User {user} login successful
86433,2026-01-16,09:21:16,INFO,OrderProcessor,Page view: /home by u3359,E103,Page view: {page} by {user}
86434,2026-01-16,09:03:36,INFO,AuthService,User u4166 login successful,E101,User {user} login successful
86435,2026-01-16,09:52:31,INFO,OrderProcessor,User u4665 login successful,E101,User {user} login successful
86436,2026-01-16,09:55:46,INFO,WebServer,Health check passed: WebServer,E102,Health check passed: {service}
86437,2026-01-16,09:30:44,INFO,WebServer,User u1146 login successful,E101,User {user} login successful
86438,2026-01-16,09:21:32,INFO,WebServer,User u3940 login successful,E101,User {user} login successful
86439,2026-01-16,09:09:13,INFO,WebServer,Health check passed: WebServer,E102,Health check passed: {service}
86440,2026-01-16,09:36:24,WARN,PaymentGateway,High latency (460ms) detected on PaymentGateway,E201,High latency ({time}ms) detected on {service}
86441,2026-01-16,09:35:14,INFO,InventoryDB,Page view: /home by u1513,E103,Page view: {page} by {user}
86442,2026-01-16,09:26:35,INFO,WebServer,Page view: /home by u1339,E103,Page view: {page} by {user}
86443,2026-01-16,09:52:49,INFO,WebServer,Page view: /home by u1147,E103,Page view: {page} by {user}
86444,2026-01-16,09:23:18,INFO,WebServer,Transaction tx530462 completed in 1681ms,E104,Transaction {tx} completed in {time}ms
86445,2026-01-16,09:54:02,INFO,WebServer,Page view: /home by u3113,E103,Page view: {page} by {user}
86446,2026-01-16,09:36:48,INFO,PaymentGateway,Health check passed: PaymentGateway,E102,Health check passed: {service}
86447,2026-01-16,09:29:20,INFO,PaymentGateway,Health check passed: PaymentGateway,E102,Health check passed: {service}
86448,2026-01-16,09:24:09,INFO,WebServer,Health check passed: WebServer,E102,Health check passed: {service}
86449,2026-01-16,09:02:17,INFO,InventoryDB,Health check passed: InventoryDB,E102,Health check passed: {service}
86450,2026-01-16,09:56:29,INFO,WebServer,Transaction tx214371 completed in 518ms,E104,Transaction {tx} completed in {time}ms
86451,2026-01-16,09:18:27,INFO,WebServer,Health check passed: WebServer,E102,Health check passed: {service}
86452,2026-01-16,09:19:40,INFO,WebServer,Page view: /home by u2941,E103,Page view: {page} by {user}
86453,2026-01-16,09:41:25,INFO,AuthService,Health check passed: AuthService,E102,Health check passed: {service}
86454,2026-01-16,09:59:45,INFO,AuthService,Health check passed: AuthService,E102,Health check passed: {service}
86455,2026-01-16,09:28:22,INFO,WebServer,Page view: /home by u1271,E103,Page view: {page} by {user}
86456,2026-01-16,09:55:08,INFO,AuthService,Transaction tx221215 completed in 1544ms,E104,Transaction {tx} completed in {time}ms
86457,2026-01-16,09:08:38,INFO,WebServer,Page view: /home by u2107,E103,Page view: {page} by {user}
86458,2026-01-16,09:46:22,INFO,WebServer,Health check passed: WebServer,E102,Health check passed: {service}
86459,2026-01-16,09:18:10,INFO,OrderProcessor,User u2064 login successful,E101,User {user} login successful
86460,2026-01-16,09:53:36,INFO,WebServer,User u3647 login successful,E101,User {user} login successful
86461,2026-01-16,09:22:39,INFO,AuthService,User u4414 login successful,E101,User {user} login successful
86462,2026-01-16,09:29:38,INFO,WebServer,Transaction tx889921 completed in 1526ms,E104,Transaction {tx} completed in {time}ms
86463,2026-01-16,09:17:54,INFO,WebServer,Page view: /home by u3397,E103,Page view: {page} by {user}
86464,2026-01-16,09:11:35,INFO,OrderProcessor,Health check passed: OrderProcessor,E102,Health check passed: {service}
86465,2026-01-16,09:36:53,INFO,AuthService,User u1450 login successful,E101,User {user} login successful
86466,2026-01-16,09:08:09,INFO,WebServer,Transaction tx430405 completed in 185ms,E104,Transaction {tx} completed in {time}ms
86467,2026-01-16,09:57:58,INFO,AuthService,Page view: /home by u2393,E103,Page view: {page} by {user}
86468,2026-01-16,09:49:09,INFO,WebServer,User u2934 login successful,E101,User {user} login successful
86469,2026-01-16,09:26:30,INFO,PaymentGateway,Health check passed: PaymentGateway,E102,Health check passed: {service}
86470,2026-01-16,09:49:16,INFO,PaymentGateway,Transaction tx742653 completed in 1296ms,E104,Transaction {tx} completed in {time}ms
86471,2026-01-16,09:09:26,ERROR,AuthService,Payment declined: Gateway unavailable,E503,Payment declined: Gateway unavailable
86472,2026-01-16,09:27:18,INFO,PaymentGateway,Health check passed: PaymentGateway,E102,Health check passed: {service}
86473,2026-01-16,09:16:28,INFO,WebServer,Page view: /home by u3056,E103,Page view: {page} by {user}
86474,2026-01-16,09:09:32,INFO,WebServer,Health check passed: WebServer,E102,Health check passed: {service}
86475,2026-01-16,09:06:06,INFO,WebServer,Page view: /home by u4532,E103,Page view: {page} by {user}
86476,2026-01-16,09:04:33,INFO,PaymentGateway,Transaction tx487127 completed in 1426ms,E104,Transaction {tx} completed in {time}ms
86477,2026-01-16,09:04:51,INFO,WebServer,Health check passed: WebServer,E102,Health check passed: {service}
86478,2026-01-16,09:31:31,INFO,AuthService,Health check passed: AuthService,E102,Health check passed: {service}
86479,2026-01-16,09:46:37,INFO,OrderProcessor,Health check passed: OrderProcessor,E102,Health check passed: {service}
86480,2026-01-16,09:27:02,INFO,WebServer,Page view: /home by u2357,E103,Page view: {page} by {user}
86481,2026-01-16,09:28:28,INFO,OrderProcessor,Transaction tx894087 completed in 1629ms,E104,Transaction {tx} completed in {time}ms
86482,2026-01-16,09:41:34,WARN,WebServer,Unauthorized access attempt from 10.0.0.12,E401,Unauthorized access attempt from {ip}
86483,2026-01-16,09:46:53,INFO,WebServer,Transaction tx991355 completed in 1805ms,E104,Transaction {tx} completed in {time}ms
86484,2026-01-16,09:27:07,INFO,WebServer,Health check passed: WebServer,E102,Health check passed: {service}
86485,2026-01-16,09:09:12,INFO,WebServer,User u2002 login successful,E101,User {user} login successful
86486,2026-01-16,09:05:32,ERROR,WebServer,Timeout waiting for lock on InventoryDB,E502,Timeout waiting for lock on {db}
86487,2026-01-16,09:57:32,INFO,WebServer,Transaction tx746014 completed in 595ms,E104,Transaction {tx} completed in {time}ms
86488,2026-01-16,09:31:54,INFO,AuthService,User u4500 login successful,E101,User {user} login successful
86489,2026-01-16,09:00:36,INFO,WebServer,User u4275 login successful,E101,User {user} login successful
86490,2026-01-16,09:53:41,INFO,WebServer,Health check passed: WebServer,E102,Health check passed: {service}
86491,2026-01-16,09:12:39,INFO,WebServer,Transaction tx864563 completed in 1547ms,E104,Transaction {tx} completed in {time}ms
86492,2026-01-16,09:38:56,INFO,AuthService,Transaction tx620208 completed in 587ms,E104,Transaction {tx} completed in {time}ms
86493,2026-01-16,10:39:59,INFO,OrderProcessor,Page view: /home by u4320,E103,Page view: {page} by {user}
86494,2026-01-16,10:43:56,INFO,WebServer,Transaction tx582759 completed in 1749ms,E104,Transaction {tx} completed in {time}ms
86495,2026-01-16,10:40:39,INFO,WebServer,Transaction tx946481 completed in 1668ms,E104,Transaction {tx} completed in {time}ms
86496,2026-01-16,10:30:44,WARN,WebServer,Unauthorized access attempt from 10.0.0.45,E401,Unauthorized access attempt from {ip}
86497,2026-01-16,10:38:52,INFO,WebServer,Page view: /home by u3599,E103,Page view: {page} by {user}
86498,2026-01-16,10:13:12,INFO,PaymentGateway,Health check passed: PaymentGateway,E102,Health check passed: {service}
86499,2026-01-16,10:02:57,INFO,AuthService,Health check passed: AuthService,E102,Health check passed: {service}
86500,2026-01-16,10:48:06,WARN,AuthService,Disk usage > 85% on node node-1,E202,Disk usage > 85% on node {node}
86501,2026-01-16,10:11:35,INFO,AuthService,User u1458 login successful,E101,User {user} login successful
86502,2026-01-16,10:28:28,INFO,OrderProcessor,Transaction tx916218 completed in 422ms,E104,Transaction {tx} completed in {time}ms
86503,2026-01-16,10:13:51,INFO,OrderProcessor,User u3193 login successful,E101,User {user} login successful
86504,2026-01-16,10:20:56,INFO,InventoryDB,Health check passed: InventoryDB,E102,Health check passed: {service}
86505,2026-01-16,10:21:45,INFO,WebServer,User u3384 login successful,E101,User {user} login successful
86506,2026-01-16,10:49:59,INFO,AuthService,Page view: /home by u3026,E103,Page view: {page} by {user}
86507,2026-01-16,10:00:41,INFO,OrderProcessor,Page view: /home by u2291,E103,Page view: {page} by {user}
86508,2026-01-16,10:31:36,INFO,AuthService,User u2639 login successful,E101,User {user} login successful
86509,2026-01-16,10:51:24,INFO,AuthService,User u1378 login successful,E101,User {user} login successful
86510,2026-01-16,10:20:06,ERROR,WebServer,Connection refused to WebServer at 10.0.0.45,E501,Connection refused to {service} at {ip}
86511,2026-01-16,10:44:10,INFO,WebServer,Health check passed: WebServer,E102,Health check passed: {service}
86512,2026-01-16,10:42:20,INFO,PaymentGateway,Health check passed: PaymentGateway,E102,Health check passed: {service}
86513,2026-01-16,10:19:06,INFO,PaymentGateway,User u1623 login successful,E101,User {user} login successful
86514,2026-01-16,10:29:23,WARN,PaymentGateway,High latency (454ms) detected on PaymentGateway,E201,High latency ({time}ms) detected on {service}
86515,2026-01-16,10:38:43,INFO,WebServer,Transaction tx534167 completed in 1047ms,E104,Transaction {tx} completed in {time}ms
86516,2026-01-16,10:01:01,INFO,WebServer,Transaction tx298217 completed in 613ms,E104,Transaction {tx} completed in {time}ms
86517,2026-01-16,10:07:28,INFO,PaymentGateway,Page view: /home by u4612,E103,Page view: {page} by {user}
86518,2026-01-16,10:00:13,INFO,InventoryDB,User u2073 login successful,E101,User {user} login successful
86519,2026-01-16,10:48:41,INFO,WebServer,Transaction tx900301 completed in 817ms,E104,Transaction {tx} completed in {time}ms
86520,2026-01-16,10:39:54,INFO,WebServer,User u1808 login successful,E101,User {user} login successful
86521,2026-01-16,10:30:02,INFO,WebServer,Page view: /home by u1219,E103,Page view: {page} by {user}
86522,2026-01-16,10:59:36,INFO,WebServer,Page view: /home by u4130,E103,Page view: {page} by {user}
86523,2026-01-16,10:51:31,INFO,PaymentGateway,User u3026 login successful,E101,User {user} login successful
86524,2026-01-16,10:42:13,INFO,InventoryDB,Transaction tx141663 completed in 1930ms,E104,Transaction {tx} completed in {time}ms
86525,2026-01-16,10:50:00,INFO,WebServer,Transaction tx525008 completed in 1617ms,E104,Transaction {tx} completed in {time}ms
86526,2026-01-16,10:13:36,INFO,OrderProcessor,Transaction tx372529 completed in 500ms,E104,Transaction {tx} completed in {time}ms
86527,2026-01-16,10:59:53,INFO,AuthService,Page view: /home by u3430,E103,Page view: {page} by {user}
86528,2026-01-16,10:22:06,INFO,WebServer,Transaction tx722870 completed in 1348ms,E104,Transaction {tx} completed in {time}ms
86529,2026-01-16,10:52:57,INFO,OrderProcessor,Health check passed: OrderProcessor,E102,Health check passed: {service}
86530,2026-01-16,10:14:23,INFO,OrderProcessor,Health check passed: OrderProcessor,E102,Health check passed: {service}
86531,2026-01-16,10:31:45,INFO,PaymentGateway,Page view: /home by u2366,E103,Page view: {page} by {user}
86532,2026-01-16,10:03:36,INFO,WebServer,Transaction tx849164 completed in 1510ms,E104,Transaction {tx} completed in {time}ms
86533,2026-01-16,10:44:42,INFO,OrderProcessor,Transaction tx700887 completed in 1936ms,E104,Transaction {tx} completed in {time}ms
86534,2026-01-16,10:56:33,INFO,OrderProcessor,Page view: /home by u3835,E103,Page view: {page} by {user}
86535,2026-01-16,10:29:47,INFO,PaymentGateway,Page view: /home by u1983,E103,Page view: {page} by {user}
86536,2026-01-16,10:21:27,INFO,WebServer,Health check passed: WebServer,E102,Health check passed: {service}
86537,2026-01-16,10:53:39,INFO,WebServer,Transaction tx947008 completed in 1467ms,E104,Transaction {tx} completed in {time}ms
86538,2026-01-16,10:18:33,INFO,WebServer,User u2238 login successful,E101,User {user} login successful
86539,2026-01-16,10:01:36,INFO,WebServer,User u2120 login successful,E101,User {user} login successful
86540,2026-01-16,10:43:25,INFO,OrderProcessor,Transaction tx816940 completed in 110ms,E104,Transaction {tx} completed in {time}ms
86541,2026-01-16,10:53:12,INFO,WebServer,Health check passed: WebServer,E102,Health check passed: {service}
86542,2026-01-16,10:27:38,INFO,WebServer,Health check passed: WebServer,E102,Health check passed: {service}
86543,2026-01-16,10:36:21,INFO,WebServer,Page view: /home by u2406,E103,Page view: {page} by {user}
86544,2026-01-16,10:44:56,INFO,WebServer,Health check passed: WebServer,E102,Health check passed: {service}
86545,2026-01-16,10:00:41,INFO,AuthService,Health check passed: AuthService,E102,Health check passed: {service}
86546,2026-01-16,10:31:13,INFO,AuthService,Page view: /home by u1396,E103,Page view: {page} by {user}
86547,2026-01-16,10:03:12,INFO,AuthService,User u3691 login successful,E101,User {user} login successful
86548,2026-01-16,10:03:19,INFO,InventoryDB,Transaction tx941413 completed in 1273ms,E104,Transaction {tx} completed in {time}ms
86549,2026-01-16,10:00:32,INFO,WebServer,Transaction tx590636 completed in 78ms,E104,Transaction {tx} completed in {time}ms
86550,2026-01-16,10:20:41,INFO,WebServer,Transaction tx473949 completed in 1836ms,E104,Transaction {tx} completed in {time}ms
86551,2026-01-16,10:11:35,INFO,WebServer,User u4790 login successful,E101,User {user} login successful
86552,2026-01-16,10:09:34,INFO,WebServer,Transaction tx179061 completed in 379ms,E104,Transaction {tx} completed in {time}ms
86553,2026-01-16,10:26:06,INFO,WebServer,Page view: /home by u1999,E103,Page view: {page} by {user}
86554,2026-01-16,10:44:36,INFO,AuthService,User u2771 login successful,E101,User {user} login successful
86555,2026-01-16,10:45:12,INFO,WebServer,Health check passed: WebServer,E102,Health check passed: {service}
86556,2026-01-16,10:37:48,INFO,PaymentGateway,Health check passed: PaymentGateway,E102,Health check passed: {service}
86557,2026-01-16,10:06:45,WARN,OrderProcessor,Unauthorized access attempt from 10.0.0.45,E401,Unauthorized access attempt from {ip}
86558,2026-01-16,10:16:33,INFO,WebServer,User u2597 login successful,E101,User {user} login successful
86559,2026-01-16,10:11:38,INFO,AuthService,User u3566 login successful,E101,User {user} login successful
86560,2026-01-16,10:34:45,INFO,WebServer,User u4267 login successful,E101,User {user} login successful
86561,2026-01-16,10:06:15,INFO,AuthService,Page view: /home by u1567,E103,Page view: {page} by {user}
86562,2026-01-16,10:47:23,INFO,WebServer,Page view: /home by u2431,E103,Page view: {page} by {user}
86563,2026-01-16,10:44:57,INFO,WebServer,Transaction tx861848 completed in 1797ms,E104,Transaction {tx} completed in {time}ms
86564,2026-01-16,10:40:02,INFO,WebServer,Page view: /home by u1759,E103,Page view: {page} by {user}
86565,2026-01-16,10:00:05,INFO,PaymentGateway,Transaction tx140523 completed in 1431ms,E104,Transaction {tx} completed in {time}ms
86566,2026-01-16,10:21:26,INFO,OrderProcessor,Page view: /home by u3863,E103,Page view: {page} by {user}
86567,2026-01-16,10:02:12,INFO,OrderProcessor,Health check passed: OrderProcessor,E102,Health check passed: {service}
86568,2026-01-16,10:17:50,INFO,WebServer,Transaction tx842369 completed in 1299ms,E104,Transaction {tx} completed in {time}ms
86569,2026-01-16,10:55:01,INFO,WebServer,Transaction tx562243 completed in 1849ms,E104,Transaction {tx} completed in {time}ms
86570,2026-01-16,10:51:03,INFO,WebServer,Health check passed: WebServer,E102,Health check passed: {service}
86571,2026-01-16,10:29:06,CRITICAL,WebServer,DATA CORRUPTION detected in sector 527,E602,DATA CORRUPTION detected in sector {sector}
86572,2026-01-16,10:41:15,INFO,WebServer,User u3406 login successful,E101,User {user} login successful
86573,2026-01-16,10:28:05,INFO,WebServer,Page view: /home by u2564,E103,Page view: {page} by {user}
86574,2026-01-16,10:15:14,INFO,OrderProcessor,Health check passed: OrderProcessor,E102,Health check passed: {service}
86575,2026-01-16,10:18:32,INFO,AuthService,User u3610 login successful,E101,User {user} login successful
86576,2026-01-16,10:22:49,INFO,WebServer,User u1154 login successful,E101,User {user} login successful
86577,2026-01-16,10:00:08,INFO,WebServer,User u4615 login successful,E101,User {user} login successful
86578,2026-01-16,10:15:00,WARN,WebServer,Unauthorized access attempt from 10.0.0.88,E401,Unauthorized access attempt from {ip}
86579,2026-01-16,10:39:48,INFO,OrderProcessor,Page view: /home by u1663,E103,Page view: {page} by {user}
86580,2026-01-16,10:33:42,INFO,WebServer,Page view: /home by u2986,E103,Page view: {page} by {user}
86581,2026-01-16,10:33:07,INFO,PaymentGateway,Health check passed: PaymentGateway,E102,Health check passed: {service}
86582,2026-01-16,10:03:30,INFO,PaymentGateway,Health check passed: PaymentGateway,E102,Health check passed: {service}
86583,2026-01-16,10:25:49,INFO,WebServer,Transaction tx750509 completed in 1391ms,E104,Transaction {tx} completed in {time}ms
86584,2026-01-16,10:02:28,WARN,WebServer,Unauthorized access attempt from 10.0.0.45,E401,Unauthorized access attempt from {ip}
86585,2026-01-16,10:52:53,INFO,PaymentGateway,Transaction tx125201 completed in 1413ms,E104,Transaction {tx} completed in {time}ms
86586,2026-01-16,10:32:06,INFO,WebServer,Page view: /home by u3405,E103,Page view: {page} by {user}
86587,2026-01-16,10:50:25,INFO,WebServer,User u1651 login successful,E101,User {user} login successful
86588,2026-01-16,10:47:36,CRITICAL,AuthService,KERNEL PANIC: Node node-3 crashed,E601,KERNEL PANIC: Node {node} crashed
86589,2026-01-16,10:29:19,INFO,WebServer,Page view: /home by u1085,E103,Page view: {page} by {user}
86590,2026-01-16,10:20:55,INFO,WebServer,User u3349 login successful,E101,User {user} login successful
86591,2026-01-16,10:08:12,INFO,PaymentGateway,Health check passed: PaymentGateway,E102,Health check passed: {service}
86592,2026-01-16,10:58:52,INFO,AuthService,Health check passed: AuthService,E102,Health check passed: {service}
86593,2026-01-16,10:09:29,INFO,OrderProcessor,User u2512 login successful,E101,User {user} login successful
86594,2026-01-16,10:22:27,INFO,OrderProcessor,Transaction tx345539 completed in 1380ms,E104,Transaction {tx} completed in {time}ms
86595,2026-01-16,10:53:03,INFO,AuthService,Health check passed: AuthService,E102,Health check passed: {service}
86596,2026-01-16,10:06:58,WARN,WebServer,Disk usage > 85% on node node-3,E202,Disk usage > 85% on node {node}
86597,2026-01-16,10:40:56,INFO,OrderProcessor,Page view: /home by u4263,E103,Page view: {page} by {user}
86598,2026-01-16,10:06:10,INFO,PaymentGateway,Health check passed: PaymentGateway,E102,Health check passed: {service}
86599,2026-01-16,10:02:14,INFO,WebServer,Health check passed: WebServer,E102,Health check passed: {service}
86600,2026-01-16,10:23:31,INFO,OrderProcessor,User u3174 login successful,E101,User {user} login successful
86601,2026-01-16,10:55:22,INFO,PaymentGateway,Page view: /home by u1551,E103,Page view: {page} by {user}
86602,2026-01-16,10:44:48,INFO,WebServer,Health check passed: WebServer,E102,Health check passed: {service}
86603,2026-01-16,10:37:55,INFO,WebServer,User u2217 login successful,E101,User {user} login successful
86604,2026-01-16,10:43:58,INFO,AuthService,User u1793 login successful,E101,User {user} login successful
86605,2026-01-16,10:41:18,INFO,PaymentGateway,User u2940 login successful,E101,User {user} login successful
86606,2026-01-16,10:19:49,INFO,OrderProcessor,User u4091 login successful,E101,User {user} login successful
86607,2026-01-16,10:00:18,INFO,WebServer,Transaction tx641011 completed in 1520ms,E104,Transaction {tx} completed in {time}ms
86608,2026-01-16,10:29:04,INFO,WebServer,Page view: /home by u4791,E103,Page view: {page} by {user}
86609,2026-01-16,10:01:51,WARN,WebServer,Unauthorized access attempt from 10.0.0.45,E401,Unauthorized access attempt from {ip}
86610,2026-01-16,10:00:10,INFO,PaymentGateway,User u1440 login successful,E101,User {user} login successful
86611,2026-01-16,10:20:34,INFO,AuthService,Transaction tx476894 completed in 1185ms,E104,Transaction {tx} completed in {time}ms
86612,2026-01-16,10:41:24,INFO,OrderProcessor,Transaction tx934801 completed in 1125ms,E104,Transaction {tx} completed in {time}ms
86613,2026-01-16,10:09:45,INFO,WebServer,User u3315 login successful,E101,User {user} login successful
86614,2026-01-16,10:24:16,INFO,AuthService,User u3029 login successful,E101,User {user} login successful
86615,2026-01-16,10:06:52,INFO,PaymentGateway,User u4312 login successful,E101,User {user} login successful
86616,2026-01-16,10:33:28,WARN,PaymentGateway,High latency (717ms) detected on PaymentGateway,E201,High latency ({time}ms) detected on {service}
86617,2026-01-16,10:14:24,INFO,WebServer,Health check passed: WebServer,E102,Health check passed: {service}
86618,2026-01-16,10:29:01,INFO,AuthService,Health check passed: AuthService,E102,Health check passed: {service}
86619,2026-01-16,10:57:01,INFO,InventoryDB,Health check passed: InventoryDB,E102,Health check passed: {service}
86620,2026-01-16,10:57:06,INFO,WebServer,Health check passed: WebServer,E102,Health check passed: {service}
86621,2026-01-16,10:41:45,INFO,OrderProcessor,Health check passed: OrderProcessor,E102,Health check passed: {service}
86622,2026-01-16,10:06:21,INFO,WebServer,Page view: /home by u4515,E103,Page view: {page} by {user}
86623,2026-01-16,10:25:52,INFO,WebServer,Page view: /home by u1165,E103,Page view: {page} by {user}
86624,2026-01-16,10:18:08,INFO,WebServer,Page view: /home by u3300,E103,Page view: {page} by {user}
86625,2026-01-16,10:57:33,INFO,WebServer,Page view: /home by u4495,E103,Page view: {page} by {user}
86626,2026-01-16,10:04:00,INFO,WebServer,Health check passed: WebServer,E102,Health check passed: {service}
86627,2026-01-16,10:04:10,INFO,PaymentGateway,Page view: /home by u3175,E103,Page view: {page} by {user}
86628,2026-01-16,10:24:43,INFO,WebServer,Health check passed: WebServer,E102,Health check passed: {service}
86629,2026-01-16,10:37:52,INFO,OrderProcessor,User u2562 login successful,E101,User {user} login successful
86630,2026-01-16,10:33:14,INFO,PaymentGateway,Page view: /home by u1183,E103,Page view: {page} by {user}
86631,2026-01-16,10:02:09,INFO,WebServer,Health check passed: WebServer,E102,Health check passed: {service}
86632,2026-01-16,10:37:02,INFO,PaymentGateway,User u4448 login successful,E101,User {user} login successful
86633,2026-01-16,10:46:27,INFO,WebServer,User u4373 login successful,E101,User {user} login successful
86634,2026-01-16,10:13:10,INFO,WebServer,Page view: /home by u3027,E103,Page view: {page} by {user}
86635,2026-01-16,10:11:10,INFO,WebServer,Page view: /home by u4933,E103,Page view: {page} by {user}
86636,2026-01-16,10:49:40,INFO,PaymentGateway,Transaction tx393923 completed in 85ms,E104,Transaction {tx} completed in {time}ms
86637,2026-01-16,10:00:43,INFO,OrderProcessor,Transaction tx806472 completed in 1323ms,E104,Transaction {tx} completed in {time}ms
86638,2026-01-16,10:22:25,INFO,AuthService,User u3948 login successful,E101,User {user} login successful
86639,2026-01-16,10:50:25,INFO,WebServer,Page view: /home by u3903,E103,Page view: {page} by {user}
86640,2026-01-16,10:17:11,INFO,AuthService,Health check passed: AuthService,E102,Health check passed: {service}
86641,2026-01-16,10:01:04,INFO,WebServer,Transaction tx441467 completed in 1168ms,E104,Transaction {tx} completed in {time}ms
86642,2026-01-16,10:25:24,INFO,WebServer,User u4112 login successful,E101,User {user} login successful
86643,2026-01-16,10:12:42,INFO,AuthService,Health check passed: AuthService,E102,Health check passed: {service}
86644,2026-01-16,10:09:50,INFO,AuthService,User u1442 login successful,E101,User {user} login successful
86645,2026-01-16,10:41:58,INFO,WebServer,User u2699 login successful,E101,User {user} login successful
86646,2026-01-16,10:20:48,INFO,PaymentGateway,User u2495 login successful,E101,User {user} login successful
86647,2026-01-16,10:45:52,INFO,WebServer,Page view: /home by u3737,E103,Page view: {page} by {user}
86648,2026-01-16,10:13:39,INFO,AuthService,Transaction tx309455 completed in 598ms,E104,Transaction {tx} completed in {time}ms
86649,2026-01-16,10:24:24,INFO,WebServer,User u3430 login successful,E101,User {user} login successful
86650,2026-01-16,10:28:38,INFO,OrderProcessor,Transaction tx508135 completed in 352ms,E104,Transaction {tx} completed in {time}ms
86651,2026-01-16,10:52:53,INFO,WebServer,Page view: /home by u3710,E103,Page view: {page} by {user}
86652,2026-01-16,10:56:06,INFO,AuthService,Health check passed: AuthService,E102,Health check passed: {service}
86653,2026-01-16,10:57:52,INFO,WebServer,Transaction tx417408 completed in 93ms,E104,Transaction {tx} completed in {time}ms
86654,2026-01-16,10:27:50,INFO,WebServer,Page view: /home by u1428,E103,Page view: {page} by {user}
86655,2026-01-16,10:21:51,ERROR,WebServer,Payment declined: Gateway unavailable,E503,Payment declined: Gateway unavailable
86656,2026-01-16,10:52:20,INFO,AuthService,Page view: /home by u2097,E103,Page view: {page} by {user}
86657,2026-01-16,10:01:54,INFO,WebServer,Page view: /home by u1488,E103,Page view: {page} by {user}
86658,2026-01-16,10:04:49,INFO,AuthService,Transaction tx768228 completed in 1934ms,E104,Transaction {tx} completed in {time}ms
86659,2026-01-16,10:51:15,INFO,WebServer,Transaction tx654854 completed in 1547ms,E104,Transaction {tx} completed in {time}ms
86660,2026-01-16,10:07:59,INFO,WebServer,Health check passed: WebServer,E102,Health check passed: {service}
86661,2026-01-16,10:39:37,INFO,OrderProcessor,Transaction tx372347 completed in 109ms,E104,Transaction {tx} completed in {time}ms
86662,2026-01-16,10:13:27,INFO,OrderProcessor,Health check passed: OrderProcessor,E102,Health check passed: {service}
86663,2026-01-16,10:16:00,INFO,AuthService,Transaction tx649762 completed in 886ms,E104,Transaction {tx} completed in {time}ms
86664,2026-01-16,10:53:31,INFO,PaymentGateway,Page view: /home by u1308,E103,Page view: {page} by {user}
86665,2026-01-16,10:51:05,INFO,AuthService,Page view: /home by u4584,E103,Page view: {page} by {user}
86666,2026-01-16,10:14:37,INFO,WebServer,Transaction tx845014 completed in 460ms,E104,Transaction {tx} completed in {time}ms
86667,2026-01-16,10:29:03,INFO,PaymentGateway,Transaction tx104487 completed in 1831ms,E104,Transaction {tx} completed in {time}ms
86668,2026-01-16,10:00:14,INFO,InventoryDB,Page view: /home by u2556,E103,Page view: {page} by {user}
86669,2026-01-16,10:31:50,INFO,WebServer,Health check passed: WebServer,E102,Health check passed: {service}
86670,2026-01-16,10:37:58,INFO,WebServer,Transaction tx678848 completed in 1171ms,E104,Transaction {tx} completed in {time}ms
86671,2026-01-16,10:47:22,INFO,PaymentGateway,Page view: /home by u4456,E103,Page view: {page} by {user}
86672,2026-01-16,10:35:37,INFO,OrderProcessor,Transaction tx549518 completed in 335ms,E104,Transaction {tx} completed in {time}ms
86673,2026-01-16,10:58:34,INFO,WebServer,Health check passed: WebServer,E102,Health check passed: {service}
86674,2026-01-16,10:41:44,INFO,OrderProcessor,Health check passed: OrderProcessor,E102,Health check passed: {service}
86675,2026-01-16,10:46:28,INFO,AuthService,Page view: /home by u2710,E103,Page view: {page} by {user}
86676,2026-01-16,10:17:11,INFO,WebServer,Page view: /home by u4335,E103,Page view: {page} by {user}
86677,2026-01-16,10:07:46,INFO,WebServer,Health check passed: WebServer,E102,Health check passed: {service}
86678,2026-01-16,10:30:10,INFO,InventoryDB,User u1301 login successful,E101,User {user} login successful
86679,2026-01-16,10:06:15,INFO,AuthService,Transaction tx587682 completed in 1511ms,E104,Transaction {tx} completed in {time}ms
86680,2026-01-16,10:10:57,INFO,OrderProcessor,Health check passed: OrderProcessor,E102,Health check passed: {service}
86681,2026-01-16,10:06:36,INFO,PaymentGateway,Health check passed: PaymentGateway,E102,Health check passed: {service}
86682,2026-01-16,10:49:28,INFO,WebServer,Transaction tx554524 completed in 643ms,E104,Transaction {tx} completed in {time}ms
86683,2026-01-16,10:41:59,INFO,PaymentGateway,Page view: /home by u2111,E103,Page view: {page} by {user}
86684,2026-01-16,10:31:22,INFO,WebServer,Health check passed: WebServer,E102,Health check passed: {service}
86685,2026-01-16,10:46:58,INFO,OrderProcessor,Page view: /home by u4783,E103,Page view: {page} by {user}
86686,2026-01-16,10:07:19,INFO,WebServer,Transaction tx708477 completed in 681ms,E104,Transaction {tx} completed in {time}ms
86687,2026-01-16,10:54:54,INFO,AuthService,Health check passed: AuthService,E102,Health check passed: {service}
86688,2026-01-16,10:18:38,INFO,WebServer,User u3134 login successful,E101,User {user} login successful
86689,2026-01-16,10:56:43,INFO,InventoryDB,Page view: /home by u4754,E103,Page view: {page} by {user}
86690,2026-01-16,10:02:05,INFO,OrderProcessor,User u4385 login successful,E101,User {user} login successful
86691,2026-01-16,10:29:19,INFO,OrderProcessor,Page view: /home by u2120,E103,Page view: {page} by {user}
86692,2026-01-16,10:07:33,INFO,AuthService,User u4919 login successful,E101,User {user} login successful
86693,2026-01-16,10:19:00,INFO,AuthService,Page view: /home by u1384,E103,Page view: {page} by {user}
86694,2026-01-16,10:43:49,INFO,WebServer,Health check passed: WebServer,E102,Health check passed: {service}
86695,2026-01-16,10:13:13,INFO,WebServer,Health check passed: WebServer,E102,Health check passed: {service}
86696,2026-01-16,10:32:28,INFO,WebServer,Page view: /home by u3877,E103,Page view: {page} by {user}
86697,2026-01-16,10:03:01,INFO,WebServer,Page view: /home by u2194,E103,Page view: {page} by {user}
86698,2026-01-16,10:48:33,INFO,AuthService,Page view: /home by u1120,E103,Page view: {page} by {user}
86699,2026-01-16,10:32:32,INFO,WebServer,Transaction tx180239 completed in 1313ms,E104,Transaction {tx} completed in {time}ms
86700,2026-01-16,10:42:18,INFO,InventoryDB,Transaction tx498230 completed in 1680ms,E104,Transaction {tx} completed in {time}ms
86701,2026-01-16,10:27:12,INFO,AuthService,Transaction tx918877 completed in 409ms,E104,Transaction {tx} completed in {time}ms
86702,2026-01-16,10:32:27,INFO,WebServer,Transaction tx696029 completed in 900ms,E104,Transaction {tx} completed in {time}ms
86703,2026-01-16,10:15:44,INFO,AuthService,Page view: /home by u4732,E103,Page view: {page} by {user}
86704,2026-01-16,10:40:20,INFO,WebServer,User u3025 login successful,E101,User {user} login successful
86705,2026-01-16,10:37:33,INFO,PaymentGateway,Health check passed: PaymentGateway,E102,Health check passed: {service}
86706,2026-01-16,10:02:02,INFO,AuthService,Health check passed: AuthService,E102,Health check passed: {service}
86707,2026-01-16,10:24:41,INFO,PaymentGateway,User u3127 login successful,E101,User {user} login successful
86708,2026-01-16,10:38:58,INFO,PaymentGateway,Health check passed: PaymentGateway,E102,Health check passed: {service}
86709,2026-01-16,10:49:59,WARN,AuthService,Unauthorized access attempt from 10.0.0.45,E401,Unauthorized access attempt from {ip}
86710,2026-01-16,10:21:46,INFO,WebServer,Health check passed: WebServer,E102,Health check passed: {service}
86711,2026-01-16,10:17:21,INFO,AuthService,Transaction tx432139 completed in 1046ms,E104,Transaction {tx} completed in {time}ms
86712,2026-01-16,10:20:30,CRITICAL,WebServer,KERNEL PANIC: Node node-5 crashed,E601,KERNEL PANIC: Node {node} crashed
86713,2026-01-16,10:29:23,INFO,AuthService,User u4633 login successful,E101,User {user} login successful
86714,2026-01-16,10:41:20,INFO,PaymentGateway,Transaction tx539311 completed in 372ms,E104,Transaction {tx} completed in {time}ms
86715,2026-01-16,10:01:42,INFO,WebServer,Health check passed: WebServer,E102,Health check passed: {service}
86716,2026-01-16,10:47:35,INFO,WebServer,Health check passed: WebServer,E102,Health check passed: {service}
86717,2026-01-16,10:12:21,INFO,WebServer,Transaction tx730986 completed in 1557ms,E104,Transaction {tx} completed in {time}ms
86718,2026-01-16,10:59:48,INFO,InventoryDB,User u1789 login successful,E101,User {user} login successful
86719,2026-01-16,10:57:26,INFO,PaymentGateway,User u3134 login successful,E101,User {user} login successful
86720,2026-01-16,10:30:21,INFO,WebServer,Page view: /home by u3950,E103,Page view: {page} by {user}
86721,2026-01-16,10:18:51,INFO,PaymentGateway,Page view: /home by u1709,E103,Page view: {page} by {user}
86722,2026-01-16,10:27:08,INFO,WebServer,Health check passed: WebServer,E102,Health check passed: {service}
86723,2026-01-16,10:08:10,INFO,AuthService,Page view: /home by u2586,E103,Page view: {page} by {user}
86724,2026-01-16,10:37:35,INFO,WebServer,Page view: /home by u3673,E103,Page view: {page} by {user}
86725,2026-01-16,10:07:33,WARN,OrderProcessor,Unauthorized access attempt from 10.0.0.45,E401,Unauthorized access attempt from {ip}
86726,2026-01-16,10:48:00,INFO,WebServer,Transaction tx113953 completed in 229ms,E104,Transaction {tx} completed in {time}ms
86727,2026-01-16,10:49:19,INFO,WebServer,Page view: /home by u3853,E103,Page view: {page} by {user}
86728,2026-01-16,10:41:31,INFO,AuthService,Transaction tx227630 completed in 1843ms,E104,Transaction {tx} completed in {time}ms
86729,2026-01-16,10:58:17,INFO,WebServer,Health check passed: WebServer,E102,Health check passed: {service}
86730,2026-01-16,10:24:57,INFO,WebServer,Page view: /home by u3655,E103,Page view: {page} by {user}
86731,2026-01-16,10:57:12,INFO,AuthService,User u4764 login successful,E101,User {user} login successful
86732,2026-01-16,10:39:42,INFO,AuthService,User u1410 login successful,E101,User {user} login successful
86733,2026-01-16,10:21:01,INFO,WebServer,User u1761 login successful,E101,User {user} login successful
86734,2026-01-16,10:00:18,INFO,WebServer,Transaction tx553551 completed in 953ms,E104,Transaction {tx} completed in {time}ms
86735,2026-01-16,10:57:48,INFO,WebServer,Transaction tx804931 completed in 1347ms,E104,Transaction {tx} completed in {time}ms
86736,2026-01-16,10:44:52,WARN,AuthService,High latency (390ms) detected on AuthService,E201,High latency ({time}ms) detected on {service}
86737,2026-01-16,10:19:05,INFO,WebServer,Health check passed: WebServer,E102,Health check passed: {service}
86738,2026-01-16,10:35:19,INFO,WebServer,Page view: /home by u3023,E103,Page view: {page} by {user}
86739,2026-01-16,10:34:44,INFO,PaymentGateway,Transaction tx327994 completed in 51ms,E104,Transaction {tx} completed in {time}ms
86740,2026-01-16,10:12:39,INFO,WebServer,Transaction tx315107 completed in 1874ms,E104,Transaction {tx} completed in {time}ms
86741,2026-01-16,10:26:57,INFO,WebServer,Transaction tx523259 completed in 1002ms,E104,Transaction {tx} completed in {time}ms
86742,2026-01-16,10:55:00,WARN,WebServer,Unauthorized access attempt from 10.0.0.45,E401,Unauthorized access attempt from {ip}
86743,2026-01-16,10:19:57,INFO,WebServer,Page view: /home by u2175,E103,Page view: {page} by {user}
86744,2026-01-16,10:05:43,INFO,OrderProcessor,Health check passed: OrderProcessor,E102,Health check passed: {service}
86745,2026-01-16,10:22:21,INFO,WebServer,User u1225 login successful,E101,User {user} login successful
86746,2026-01-16,10:42:05,INFO,OrderProcessor,Transaction tx540662 completed in 533ms,E104,Transaction {tx} completed in {time}ms
86747,2026-01-16,10:33:07,INFO,WebServer,User u1041 login successful,E101,User {user} login successful
86748,2026-01-16,10:39:25,INFO,WebServer,Page view: /home by u4865,E103,Page view: {page} by {user}
86749,2026-01-16,10:40:26,INFO,InventoryDB,User u3224 login successful,E101,User {user} login successful
86750,2026-01-16,10:56:14,INFO,PaymentGateway,Health check passed: PaymentGateway,E102,Health check passed: {service}
86751,2026-01-16,10:08:38,INFO,AuthService,User u1219 login successful,E101,User {user} login successful
86752,2026-01-16,10:42:15,INFO,WebServer,Page view: /home by u3927,E103,Page view: {page} by {user}
86753,2026-01-16,10:18:03,INFO,InventoryDB,User u4645 login successful,E101,User {user} login successful
86754,2026-01-16,10:05:13,INFO,WebServer,Page view: /home by u3551,E103,Page view: {page} by {user}
86755,2026-01-16,10:42:30,WARN,AuthService,High latency (678ms) detected on AuthService,E201,High latency ({time}ms) detected on {service}
86756,2026-01-16,10:36:53,INFO,OrderProcessor,User u3843 login successful,E101,User {user} login successful
86757,2026-01-16,10:56:56,INFO,PaymentGateway,Health check passed: PaymentGateway,E102,Health check passed: {service}
86758,2026-01-16,10:13:05,INFO,OrderProcessor,Page view: /home by u4166,E103,Page view: {page} by {user}
86759,2026-01-16,10:26:38,INFO,WebServer,Page view: /home by u3811,E103,Page view: {page} by {user}
86760,2026-01-16,10:51:54,INFO,WebServer,Transaction tx655986 completed in 1536ms,E104,Transaction {tx} completed in {time}ms
86761,2026-01-16,10:54:47,INFO,AuthService,Health check passed: AuthService,E102,Health check passed: {service}
86762,2026-01-16,10:33:37,INFO,AuthService,Health check passed: AuthService,E102,Health check passed: {service}
86763,2026-01-16,10:30:54,INFO,AuthService,Health check passed: AuthService,E102,Health check passed: {service}
86764,2026-01-16,10:38:46,ERROR,WebServer,Timeout waiting for lock on InventoryDB,E502,Timeout waiting for lock on {db}
86765,2026-01-16,10:37:01,INFO,WebServer,Health check passed: WebServer,E102,Health check passed: {service}
86766,2026-01-16,10:57:14,INFO,PaymentGateway,Transaction tx834855 completed in 1895ms,E104,Transaction {tx} completed in {time}ms
86767,2026-01-16,10:29:03,INFO,WebServer,Transaction tx726141 completed in 1881ms,E104,Transaction {tx} completed in {time}ms
86768,2026-01-16,10:48:47,INFO,InventoryDB,Transaction tx907583 completed in 1605ms,E104,Transaction {tx} completed in {time}ms
86769,2026-01-16,10:28:09,INFO,WebServer,Health check passed: WebServer,E102,Health check passed: {service}
86770,2026-01-16,10:58:14,INFO,OrderProcessor,User u3031 login successful,E101,User {user} login successful
86771,2026-01-16,10:19:11,INFO,WebServer,Transaction tx449508 completed in 797ms,E104,Transaction {tx} completed in {time}ms
86772,2026-01-16,10:28:48,INFO,WebServer,Transaction tx307389 completed in 1648ms,E104,Transaction {tx} completed in {time}ms
86773,2026-01-16,10:58:02,INFO,InventoryDB,Health check passed: InventoryDB,E102,Health check passed: {service}
86774,2026-01-16,10:53:16,INFO,WebServer,Page view: /home by u2200,E103,Page view: {page} by {user}
86775,2026-01-16,10:43:29,INFO,AuthService,User u2300 login successful,E101,User {user} login successful
86776,2026-01-16,10:33:26,INFO,AuthService,Page view: /home by u4556,E103,Page view: {page} by {user}
86777,2026-01-16,10:49:58,INFO,AuthService,Health check passed: AuthService,E102,Health check passed: {service}
86778,2026-01-16,10:44:16,INFO,InventoryDB,User u4149 login successful,E101,User {user} login successful
86779,2026-01-16,10:39:10,INFO,AuthService,Transaction tx103222 completed in 1688ms,E104,Transaction {tx} completed in {time}ms
86780,2026-01-16,10:32:40,INFO,WebServer,User u1808 login successful,E101,User {user} login successful
86781,2026-01-16,10:51:26,INFO,WebServer,User u4466 login successful,E101,User {user} login successful
86782,2026-01-16,10:19:00,INFO,PaymentGateway,Transaction tx902196 completed in 1747ms,E104,Transaction {tx} completed in {time}ms
86783,2026-01-16,10:13:00,INFO,WebServer,Page view: /home by u4305,E103,Page view: {page} by {user}
86784,2026-01-16,10:28:52,INFO,WebServer,Page view: /home by u2868,E103,Page view: {page} by {user}
86785,2026-01-16,10:31:20,INFO,OrderProcessor,Health check passed: OrderProcessor,E102,Health check passed: {service}
86786,2026-01-16,10:45:50,INFO,AuthService,Transaction tx508064 completed in 1869ms,E104,Transaction {tx} completed in {time}ms
86787,2026-01-16,10:12:48,INFO,AuthService,Page view: /home by u2560,E103,Page view: {page} by {user}
86788,2026-01-16,10:05:29,WARN,WebServer,Disk usage > 85% on node node-4,E202,Disk usage > 85% on node {node}
86789,2026-01-16,10:24:46,INFO,WebServer,Health check passed: WebServer,E102,Health check passed: {service}
86790,2026-01-16,10:43:26,INFO,PaymentGateway,Page view: /home by u1444,E103,Page view: {page} by {user}
86791,2026-01-16,10:47:55,INFO,OrderProcessor,Health check passed: OrderProcessor,E102,Health check passed: {service}
86792,2026-01-16,10:25:24,INFO,OrderProcessor,Transaction tx795033 completed in 592ms,E104,Transaction {tx} completed in {time}ms
86793,2026-01-16,10:10:25,INFO,WebServer,Page view: /home by u3525,E103,Page view: {page} by {user}
86794,2026-01-16,10:06:32,INFO,OrderProcessor,User u2594 login successful,E101,User {user} login successful
86795,2026-01-16,10:47:27,INFO,AuthService,Page view: /home by u4346,E103,Page view: {page} by {user}
86796,2026-01-16,10:12:43,INFO,WebServer,Health check passed: WebServer,E102,Health check passed: {service}
86797,2026-01-16,10:45:45,INFO,WebServer,Page view: /home by u4091,E103,Page view: {page} by {user}
86798,2026-01-16,10:58:50,INFO,OrderProcessor,Health check passed: OrderProcessor,E102,Health check passed: {service}
86799,2026-01-16,10:20:00,INFO,WebServer,Health check passed: WebServer,E102,Health check passed: {service}
86800,2026-01-16,10:32:46,INFO,WebServer,Health check passed: WebServer,E102,Health check passed: {service}
86801,2026-01-16,10:04:08,INFO,WebServer,Transaction tx850370 completed in 957ms,E104,Transaction {tx} completed in {time}ms
86802,2026-01-16,10:10:47,INFO,AuthService,Transaction tx349942 completed in 1779ms,E104,Transaction {tx} completed in {time}ms
86803,2026-01-16,10:27:59,INFO,AuthService,Transaction tx686317 completed in 1705ms,E104,Transaction {tx} completed in {time}ms
86804,2026-01-16,10:40:32,INFO,WebServer,User u3223 login successful,E101,User {user} login successful
86805,2026-01-16,10:09:28,INFO,WebServer,Page view: /home by u1409,E103,Page view: {page} by {user}
86806,2026-01-16,10:08:11,INFO,WebServer,Transaction tx927080 completed in 1517ms,E104,Transaction {tx} completed in {time}ms
86807,2026-01-16,10:30:30,INFO,OrderProcessor,User u2773 login successful,E101,User {user} login successful
86808,2026-01-16,10:50:38,WARN,WebServer,Disk usage > 85% on node node-5,E202,Disk usage > 85% on node {node}
86809,2026-01-16,10:14:39,INFO,WebServer,Transaction tx337168 completed in 436ms,E104,Transaction {tx} completed in {time}ms
86810,2026-01-16,10:31:58,INFO,WebServer,User u3522 login successful,E101,User {user} login successful
86811,2026-01-16,10:25:32,INFO,WebServer,Health check passed: WebServer,E102,Health check passed: {service}
86812,2026-01-16,10:02:27,WARN,WebServer,Disk usage > 85% on node node-4,E202,Disk usage > 85% on node {node}
86813,2026-01-16,10:20:11,INFO,AuthService,Page view: /home by u1768,E103,Page view: {page} by {user}
86814,2026-01-16,10:04:11,INFO,WebServer,Health check passed: WebServer,E102,Health check passed: {service}
86815,2026-01-16,10:54:56,INFO,WebServer,Health check passed: WebServer,E102,Health check passed: {service}
86816,2026-01-16,10:37:13,INFO,WebServer,User u1021 login successful,E101,User {user} login successful
86817,2026-01-16,10:31:43,INFO,WebServer,Health check passed: WebServer,E102,Health check passed: {service}
86818,2026-01-16,10:57:58,INFO,WebServer,Health check passed: WebServer,E102,Health check passed: {service}
86819,2026-01-16,10:21:26,INFO,WebServer,Transaction tx849776 completed in 1070ms,E104,Transaction {tx} completed in {time}ms
86820,2026-01-16,10:32:00,INFO,WebServer,Transaction tx801192 completed in 1495ms,E104,Transaction {tx} completed in {time}ms
86821,2026-01-16,10:21:35,INFO,WebServer,Health check passed: WebServer,E102,Health check passed: {service}
86822,2026-01-16,10:30:00,INFO,OrderProcessor,Transaction tx967558 completed in 617ms,E104,Transaction {tx} completed in {time}ms
86823,2026-01-16,10:23:45,INFO,AuthService,Page view: /home by u4171,E103,Page view: {page} by {user}
86824,2026-01-16,10:42:02,INFO,OrderProcessor,User u1525 login successful,E101,User {user} login successful
86825,2026-01-16,10:47:36,INFO,OrderProcessor,Page view: /home by u2531,E103,Page view: {page} by {user}
86826,2026-01-16,10:35:44,INFO,AuthService,Health check passed: AuthService,E102,Health check passed: {service}
86827,2026-01-16,10:21:53,INFO,AuthService,User u3277 login successful,E101,User {user} login successful
86828,2026-01-16,10:56:54,INFO,WebServer,Transaction tx668363 completed in 921ms,E104,Transaction {tx} completed in {time}ms
86829,2026-01-16,10:21:04,INFO,AuthService,User u4979 login successful,E101,User {user} login successful
86830,2026-01-16,10:25:27,INFO,WebServer,User u2153 login successful,E101,User {user} login successful
86831,2026-01-16,10:25:01,WARN,WebServer,Unauthorized access attempt from 10.0.0.45,E401,Unauthorized access attempt from {ip}
86832,2026-01-16,10:50:53,INFO,AuthService,Transaction tx421068 completed in 1482ms,E104,Transaction {tx} completed in {time}ms
86833,2026-01-16,10:47:04,INFO,PaymentGateway,Health check passed: PaymentGateway,E102,Health check passed: {service}
86834,2026-01-16,10:19:49,INFO,AuthService,Transaction tx784792 completed in 768ms,E104,Transaction {tx} completed in {time}ms
86835,2026-01-16,10:34:47,INFO,WebServer,User u1116 login successful,E101,User {user} login successful
86836,2026-01-16,10:34:53,INFO,AuthService,Health check passed: AuthService,E102,Health check passed: {service}
86837,2026-01-16,10:26:21,INFO,WebServer,Page view: /home by u4479,E103,Page view: {page} by {user}
86838,2026-01-16,10:59:45,INFO,WebServer,Page view: /home by u4657,E103,Page view: {page} by {user}
86839,2026-01-16,10:11:41,INFO,WebServer,User u4457 login successful,E101,User {user} login successful
86840,2026-01-16,10:09:14,INFO,WebServer,Transaction tx614778 completed in 1489ms,E104,Transaction {tx} completed in {time}ms
86841,2026-01-16,10:42:13,INFO,AuthService,User u4126 login successful,E101,User {user} login successful
86842,2026-01-16,10:31:51,INFO,WebServer,User u3828 login successful,E101,User {user} login successful
86843,2026-01-16,10:24:40,INFO,PaymentGateway,Transaction tx938588 completed in 1849ms,E104,Transaction {tx} completed in {time}ms
86844,2026-01-16,10:04:57,INFO,InventoryDB,User u4498 login successful,E101,User {user} login successful
86845,2026-01-16,10:12:35,INFO,WebServer,Transaction tx258647 completed in 570ms,E104,Transaction {tx} completed in {time}ms
86846,2026-01-16,10:53:14,INFO,OrderProcessor,Transaction tx487796 completed in 995ms,E104,Transaction {tx} completed in {time}ms
86847,2026-01-16,10:38:59,INFO,InventoryDB,Page view: /home by u2425,E103,Page view: {page} by {user}
86848,2026-01-16,10:05:27,INFO,InventoryDB,User u1087 login successful,E101,User {user} login successful
86849,2026-01-16,10:46:53,INFO,OrderProcessor,Page view: /home by u1324,E103,Page view: {page} by {user}
86850,2026-01-16,10:16:38,INFO,WebServer,Health check passed: WebServer,E102,Health check passed: {service}
86851,2026-01-16,10:49:29,INFO,WebServer,User u3058 login successful,E101,User {user} login successful
86852,2026-01-16,10:42:51,INFO,WebServer,Transaction tx591046 completed in 34ms,E104,Transaction {tx} completed in {time}ms
86853,2026-01-16,10:45:09,INFO,WebServer,Page view: /home by u1234,E103,Page view: {page} by {user}
86854,2026-01-16,10:08:07,INFO,AuthService,Transaction tx149775 completed in 557ms,E104,Transaction {tx} completed in {time}ms
86855,2026-01-16,10:09:35,INFO,WebServer,Page view: /home by u4266,E103,Page view: {page} by {user}
86856,2026-01-16,10:50:56,INFO,WebServer,User u1153 login successful,E101,User {user} login successful
86857,2026-01-16,10:35:55,INFO,WebServer,User u3400 login successful,E101,User {user} login successful
86858,2026-01-16,10:30:17,INFO,AuthService,Health check passed: AuthService,E102,Health check passed: {service}
86859,2026-01-16,10:32:01,INFO,PaymentGateway,Page view: /home by u3303,E103,Page view: {page} by {user}
86860,2026-01-16,10:38:52,INFO,PaymentGateway,Page view: /home by u3494,E103,Page view: {page} by {user}
86861,2026-01-16,10:09:56,INFO,WebServer,Page view: /home by u3960,E103,Page view: {page} by {user}
86862,2026-01-16,10:28:34,INFO,PaymentGateway,Transaction tx337175 completed in 1790ms,E104,Transaction {tx} completed in {time}ms
86863,2026-01-16,10:35:14,INFO,WebServer,User u3990 login successful,E101,User {user} login successful
86864,2026-01-16,10:05:16,INFO,AuthService,Page view: /home by u3643,E103,Page view: {page} by {user}
86865,2026-01-16,10:26:37,INFO,WebServer,User u2064 login successful,E101,User {user} login successful
86866,2026-01-16,10:41:37,INFO,OrderProcessor,User u2658 login successful,E101,User {user} login successful
86867,2026-01-16,10:18:54,INFO,WebServer,Health check passed: WebServer,E102,Health check passed: {service}
86868,2026-01-16,10:57:28,INFO,WebServer,Health check passed: WebServer,E102,Health check passed: {service}
86869,2026-01-16,10:08:10,INFO,WebServer,Health check passed: WebServer,E102,Health check passed: {service}
86870,2026-01-16,10:01:02,INFO,WebServer,Health check passed: WebServer,E102,Health check passed: {service}
86871,2026-01-16,10:59:26,INFO,WebServer,Health check passed: WebServer,E102,Health check passed: {service}
86872,2026-01-16,10:29:34,ERROR,AuthService,Connection refused to AuthService at 10.0.0.88,E501,Connection refused to {service} at {ip}
86873,2026-01-16,10:41:19,INFO,WebServer,Transaction tx497541 completed in 360ms,E104,Transaction {tx} completed in {time}ms
86874,2026-01-16,10:17:08,INFO,AuthService,Health check passed: AuthService,E102,Health check passed: {service}
86875,2026-01-16,10:27:34,INFO,WebServer,User u3284 login successful,E101,User {user} login successful
86876,2026-01-16,10:05:00,INFO,WebServer,User u2571 login successful,E101,User {user} login successful
86877,2026-01-16,10:20:06,WARN,AuthService,Unauthorized access attempt from 10.0.0.45,E401,Unauthorized access attempt from {ip}
86878,2026-01-16,10:15:26,WARN,PaymentGateway,Disk usage > 85% on node node-4,E202,Disk usage > 85% on node {node}
86879,2026-01-16,10:53:15,INFO,WebServer,User u1931 login successful,E101,User {user} login successful
86880,2026-01-16,10:39:16,INFO,OrderProcessor,Transaction tx717117 completed in 1984ms,E104,Transaction {tx} completed in {time}ms
86881,2026-01-16,10:54:31,INFO,AuthService,User u3066 login successful,E101,User {user} login successful
86882,2026-01-16,10:08:48,INFO,PaymentGateway,Health check passed: PaymentGateway,E102,Health check passed: {service}
86883,2026-01-16,10:45:38,INFO,OrderProcessor,User u3532 login successful,E101,User {user} login successful
86884,2026-01-16,10:17:19,INFO,OrderProcessor,Transaction tx644591 completed in 1636ms,E104,Transaction {tx} completed in {time}ms
86885,2026-01-16,10:22:46,WARN,AuthService,Unauthorized access attempt from 10.0.0.88,E401,Unauthorized access attempt from {ip}
86886,2026-01-16,10:42:56,INFO,WebServer,Page view: /home by u2410,E103,Page view: {page} by {user}
86887,2026-01-16,10:46:55,INFO,WebServer,Page view: /home by u3812,E103,Page view: {page} by {user}
86888,2026-01-16,10:34:26,ERROR,OrderProcessor,Connection refused to OrderProcessor at 10.0.0.45,E501,Connection refused to {service} at {ip}
86889,2026-01-16,10:30:30,INFO,WebServer,User u1696 login successful,E101,User {user} login successful
86890,2026-01-16,10:16:29,INFO,WebServer,Page view: /home by u1243,E103,Page view: {page} by {user}
86891,2026-01-16,10:52:35,WARN,WebServer,High latency (555ms) detected on WebServer,E201,High latency ({time}ms) detected on {service}
86892,2026-01-16,10:58:53,INFO,AuthService,Page view: /home by u4799,E103,Page view: {page} by {user}
86893,2026-01-16,10:58:24,INFO,WebServer,Page view: /home by u1937,E103,Page view: {page} by {user}
86894,2026-01-16,10:01:26,ERROR,AuthService,Timeout waiting for lock on InventoryDB,E502,Timeout waiting for lock on {db}
86895,2026-01-16,10:29:33,INFO,WebServer,Health check passed: WebServer,E102,Health check passed: {service}
86896,2026-01-16,10:32:37,WARN,WebServer,High latency (819ms) detected on WebServer,E201,High latency ({time}ms) detected on {service}
86897,2026-01-16,10:33:53,INFO,OrderProcessor,User u4214 login successful,E101,User {user} login successful
86898,2026-01-16,10:24:51,WARN,WebServer,Unauthorized access attempt from 10.0.0.45,E401,Unauthorized access attempt from {ip}
86899,2026-01-16,10:37:21,INFO,InventoryDB,Page view: /home by u2695,E103,Page view: {page} by {user}
86900,2026-01-16,10:51:28,INFO,WebServer,Health check passed: WebServer,E102,Health check passed: {service}
86901,2026-01-16,10:38:15,INFO,WebServer,User u1130 login successful,E101,User {user} login successful
86902,2026-01-16,10:22:53,ERROR,WebServer,Connection refused to WebServer at 10.0.0.45,E501,Connection refused to {service} at {ip}
86903,2026-01-16,10:46:31,INFO,AuthService,User u3157 login successful,E101,User {user} login successful
86904,2026-01-16,10:50:09,INFO,WebServer,Page view: /home by u4989,E103,Page view: {page} by {user}
86905,2026-01-16,10:58:41,INFO,AuthService,Page view: /home by u1449,E103,Page view: {page} by {user}
86906,2026-01-16,10:27:29,INFO,PaymentGateway,Health check passed: PaymentGateway,E102,Health check passed: {service}
86907,2026-01-16,10:26:13,INFO,AuthService,Page view: /home by u3774,E103,Page view: {page} by {user}
86908,2026-01-16,10:54:50,INFO,WebServer,Transaction tx145154 completed in 623ms,E104,Transaction {tx} completed in {time}ms
86909,2026-01-16,10:53:57,INFO,WebServer,User u2145 login successful,E101,User {user} login successful
86910,2026-01-16,10:55:28,INFO,WebServer,User u2725 login successful,E101,User {user} login successful
86911,2026-01-16,10:09:12,INFO,WebServer,User u2866 login successful,E101,User {user} login successful
86912,2026-01-16,10:38:07,INFO,PaymentGateway,Health check passed: PaymentGateway,E102,Health check passed: {service}
86913,2026-01-16,10:09:52,INFO,OrderProcessor,User u4519 login successful,E101,User {user} login successful
86914,2026-01-16,10:54:38,INFO,WebServer,Transaction tx502575 completed in 1237ms,E104,Transaction {tx} completed in {time}ms
86915,2026-01-16,10:38:10,INFO,WebServer,Page view: /home by u1264,E103,Page view: {page} by {user}
86916,2026-01-16,10:08:32,INFO,WebServer,Health check passed: WebServer,E102,Health check passed: {service}
86917,2026-01-16,10:54:06,INFO,WebServer,Transaction tx657124 completed in 779ms,E104,Transaction {tx} completed in {time}ms
86918,2026-01-16,10:09:46,INFO,OrderProcessor,Transaction tx710015 completed in 383ms,E104,Transaction {tx} completed in {time}ms
86919,2026-01-16,10:42:23,INFO,WebServer,Transaction tx425566 completed in 814ms,E104,Transaction {tx} completed in {time}ms
86920,2026-01-16,10:57:09,INFO,WebServer,Page view: /home by u1923,E103,Page view: {page} by {user}
86921,2026-01-16,10:24:33,INFO,WebServer,Page view: /home by u1802,E103,Page view: {page} by {user}
86922,2026-01-16,10:11:55,INFO,WebServer,User u4278 login successful,E101,User {user} login successful
86923,2026-01-16,10:23:34,INFO,AuthService,User u2633 login successful,E101,User {user} login successful
86924,2026-01-16,10:00:00,INFO,AuthService,Page view: /home by u3248,E103,Page view: {page} by {user}
86925,2026-01-16,10:30:35,INFO,AuthService,User u1200 login successful,E101,User {user} login successful
86926,2026-01-16,10:43:48,INFO,WebServer,Health check passed: WebServer,E102,Health check passed: {service}
86927,2026-01-16,10:39:50,INFO,AuthService,Health check passed: AuthService,E102,Health check passed: {service}
86928,2026-01-16,10:33:54,INFO,PaymentGateway,Transaction tx644213 completed in 1523ms,E104,Transaction {tx} completed in {time}ms
86929,2026-01-16,10:25:30,INFO,PaymentGateway,User u3477 login successful,E101,User {user} login successful
86930,2026-01-16,10:17:36,INFO,WebServer,Transaction tx312714 completed in 542ms,E104,Transaction {tx} completed in {time}ms
86931,2026-01-16,10:42:02,INFO,WebServer,Page view: /home by u4779,E103,Page view: {page} by {user}
86932,2026-01-16,10:44:07,INFO,WebServer,Health check passed: WebServer,E102,Health check passed: {service}
86933,2026-01-16,10:56:32,INFO,WebServer,Transaction tx238576 completed in 818ms,E104,Transaction {tx} completed in {time}ms
86934,2026-01-16,10:47:19,INFO,AuthService,Health check passed: AuthService,E102,Health check passed: {service}
86935,2026-01-16,10:19:20,INFO,OrderProcessor,User u2745 login successful,E101,User {user} login successful
86936,2026-01-16,10:42:50,INFO,PaymentGateway,User u4793 login successful,E101,User {user} login successful
86937,2026-01-16,10:33:54,INFO,WebServer,Health check passed: WebServer,E102,Health check passed: {service}
86938,2026-01-16,10:03:35,INFO,WebServer,Health check passed: WebServer,E102,Health check passed: {service}
86939,2026-01-16,10:52:51,INFO,AuthService,Transaction tx913330 completed in 1223ms,E104,Transaction {tx} completed in {time}ms
86940,2026-01-16,10:14:44,WARN,OrderProcessor,Disk usage > 85% on node node-5,E202,Disk usage > 85% on node {node}
86941,2026-01-16,10:41:12,INFO,InventoryDB,Page view: /home by u1720,E103,Page view: {page} by {user}
86942,2026-01-16,10:17:15,INFO,AuthService,User u3004 login successful,E101,User {user} login successful
86943,2026-01-16,10:18:54,INFO,WebServer,Transaction tx461002 completed in 1837ms,E104,Transaction {tx} completed in {time}ms
86944,2026-01-16,10:06:08,INFO,WebServer,Transaction tx885943 completed in 1508ms,E104,Transaction {tx} completed in {time}ms
86945,2026-01-16,10:43:40,INFO,WebServer,Health check passed: WebServer,E102,Health check passed: {service}
86946,2026-01-16,10:46:09,INFO,OrderProcessor,Health check passed: OrderProcessor,E102,Health check passed: {service}
86947,2026-01-16,10:36:38,INFO,WebServer,Transaction tx755853 completed in 1154ms,E104,Transaction {tx} completed in {time}ms
86948,2026-01-16,10:22:30,INFO,AuthService,User u4242 login successful,E101,User {user} login successful
86949,2026-01-16,10:39:15,INFO,WebServer,Transaction tx563543 completed in 962ms,E104,Transaction {tx} completed in {time}ms
86950,2026-01-16,10:10:57,INFO,WebServer,Page view: /home by u2801,E103,Page view: {page} by {user}
86951,2026-01-16,10:30:48,WARN,WebServer,Disk usage > 85% on node node-3,E202,Disk usage > 85% on node {node}
86952,2026-01-16,10:59:41,INFO,WebServer,Transaction tx733629 completed in 872ms,E104,Transaction {tx} completed in {time}ms
86953,2026-01-16,10:43:32,INFO,InventoryDB,User u1316 login successful,E101,User {user} login successful
86954,2026-01-16,10:06:11,INFO,WebServer,Transaction tx497838 completed in 318ms,E104,Transaction {tx} completed in {time}ms
86955,2026-01-16,10:11:00,INFO,AuthService,Page view: /home by u3961,E103,Page view: {page} by {user}
86956,2026-01-16,10:34:36,INFO,InventoryDB,Page view: /home by u4256,E103,Page view: {page} by {user}
86957,2026-01-16,10:19:57,INFO,PaymentGateway,Page view: /home by u4598,E103,Page view: {page} by {user}
86958,2026-01-16,10:44:49,INFO,WebServer,Page view: /home by u4235,E103,Page view: {page} by {user}
86959,2026-01-16,10:36:24,INFO,OrderProcessor,Health check passed: OrderProcessor,E102,Health check passed: {service}
86960,2026-01-16,10:52:03,INFO,AuthService,User u4724 login successful,E101,User {user} login successful
86961,2026-01-16,10:02:58,INFO,WebServer,Transaction tx753633 completed in 1159ms,E104,Transaction {tx} completed in {time}ms
86962,2026-01-16,10:46:01,INFO,WebServer,Page view: /home by u3380,E103,Page view: {page} by {user}
86963,2026-01-16,10:45:40,INFO,WebServer,Transaction tx440759 completed in 1481ms,E104,Transaction {tx} completed in {time}ms
86964,2026-01-16,10:52:24,INFO,WebServer,Transaction tx211032 completed in 128ms,E104,Transaction {tx} completed in {time}ms
86965,2026-01-16,10:47:43,CRITICAL,PaymentGateway,KERNEL PANIC: Node node-4 crashed,E601,KERNEL PANIC: Node {node} crashed
86966,2026-01-16,10:11:42,INFO,WebServer,Page view: /home by u4185,E103,Page view: {page} by {user}
86967,2026-01-16,10:55:02,INFO,AuthService,Health check passed: AuthService,E102,Health check passed: {service}
86968,2026-01-16,10:49:46,INFO,WebServer,Health check passed: WebServer,E102,Health check passed: {service}
86969,2026-01-16,10:25:21,INFO,WebServer,Page view: /home by u2850,E103,Page view: {page} by {user}
86970,2026-01-16,10:19:42,WARN,PaymentGateway,Disk usage > 85% on node node-5,E202,Disk usage > 85% on node {node}
86971,2026-01-16,10:39:27,INFO,OrderProcessor,User u2125 login successful,E101,User {user} login successful
86972,2026-01-16,10:34:01,INFO,WebServer,Health check passed: WebServer,E102,Health check passed: {service}
86973,2026-01-16,10:27:52,INFO,OrderProcessor,Health check passed: OrderProcessor,E102,Health check passed: {service}
86974,2026-01-16,10:26:28,INFO,OrderProcessor,Page view: /home by u1822,E103,Page view: {page} by {user}
86975,2026-01-16,10:03:34,INFO,WebServer,Health check passed: WebServer,E102,Health check passed: {service}
86976,2026-01-16,10:54:15,INFO,WebServer,User u1956 login successful,E101,User {user} login successful
86977,2026-01-16,10:33:31,INFO,WebServer,User u3149 login successful,E101,User {user} login successful
86978,2026-01-16,10:10:33,INFO,InventoryDB,User u2936 login successful,E101,User {user} login successful
86979,2026-01-16,10:40:07,INFO,WebServer,User u2817 login successful,E101,User {user} login successful
86980,2026-01-16,10:25:49,INFO,WebServer,Health check passed: WebServer,E102,Health check passed: {service}
86981,2026-01-16,10:39:20,INFO,WebServer,User u1928 login successful,E101,User {user} login successful
86982,2026-01-16,10:57:49,INFO,PaymentGateway,Page view: /home by u2135,E103,Page view: {page} by {user}
86983,2026-01-16,10:56:14,INFO,AuthService,User u4622 login successful,E101,User {user} login successful
86984,2026-01-16,10:11:24,INFO,WebServer,Health check passed: WebServer,E102,Health check passed: {service}
86985,2026-01-16,10:07:39,INFO,AuthService,Health check passed: AuthService,E102,Health check passed: {service}
86986,2026-01-16,10:37:45,INFO,WebServer,Page view: /home by u2050,E103,Page view: {page} by {user}
86987,2026-01-16,10:33:01,INFO,WebServer,User u4565 login successful,E101,User {user} login successful
86988,2026-01-16,10:51:50,INFO,WebServer,Transaction tx919009 completed in 552ms,E104,Transaction {tx} completed in {time}ms
86989,2026-01-16,10:15:20,INFO,AuthService,Transaction tx629311 completed in 488ms,E104,Transaction {tx} completed in {time}ms
86990,2026-01-16,10:33:41,WARN,AuthService,High latency (1851ms) detected on AuthService,E201,High latency ({time}ms) detected on {service}
86991,2026-01-16,10:25:27,INFO,OrderProcessor,Transaction tx144332 completed in 596ms,E104,Transaction {tx} completed in {time}ms
86992,2026-01-16,10:06:06,INFO,WebServer,User u1715 login successful,E101,User {user} login successful
86993,2026-01-16,10:42:35,INFO,OrderProcessor,Health check passed: OrderProcessor,E102,Health check passed: {service}
86994,2026-01-16,10:21:27,INFO,WebServer,User u2242 login successful,E101,User {user} login successful
86995,2026-01-16,10:02:12,INFO,WebServer,User u1518 login successful,E101,User {user} login successful
86996,2026-01-16,10:29:01,INFO,WebServer,Transaction tx991441 completed in 1846ms,E104,Transaction {tx} completed in {time}ms
86997,2026-01-16,10:03:26,INFO,WebServer,Page view: /home by u2511,E103,Page view: {page} by {user}
86998,2026-01-16,10:03:41,INFO,WebServer,Page view: /home by u1336,E103,Page view: {page} by {user}
86999,2026-01-16,10:41:27,INFO,WebServer,Transaction tx535353 completed in 1760ms,E104,Transaction {tx} completed in {time}ms
87000,2026-01-16,10:31:25,INFO,WebServer,User u1785 login successful,E101,User {user} login successful
87001,2026-01-16,10:44:48,INFO,WebServer,Page view: /home by u4829,E103,Page view: {page} by {user}
87002,2026-01-16,10:58:29,INFO,AuthService,User u4037 login successful,E101,User {user} login successful
87003,2026-01-16,10:36:19,INFO,AuthService,Page view: /home by u1118,E103,Page view: {page} by {user}
87004,2026-01-16,10:29:56,INFO,WebServer,Page view: /home by u1395,E103,Page view: {page} by {user}
87005,2026-01-16,10:56:18,WARN,PaymentGateway,Disk usage > 85% on node node-4,E202,Disk usage > 85% on node {node}
87006,2026-01-16,10:20:49,INFO,WebServer,User u2634 login successful,E101,User {user} login successful
87007,2026-01-16,10:47:45,INFO,WebServer,Page view: /home by u1011,E103,Page view: {page} by {user}
87008,2026-01-16,10:55:46,INFO,WebServer,Page view: /home by u4794,E103,Page view: {page} by {user}
87009,2026-01-16,10:25:54,INFO,WebServer,Page view: /home by u3406,E103,Page view: {page} by {user}
87010,2026-01-16,10:33:25,INFO,AuthService,Page view: /home by u2953,E103,Page view: {page} by {user}
87011,2026-01-16,10:06:05,INFO,InventoryDB,Transaction tx585131 completed in 111ms,E104,Transaction {tx} completed in {time}ms
87012,2026-01-16,10:40:12,INFO,WebServer,Page view: /home by u4070,E103,Page view: {page} by {user}
87013,2026-01-16,10:37:35,INFO,AuthService,Page view: /home by u4157,E103,Page view: {page} by {user}
87014,2026-01-16,10:28:38,INFO,AuthService,Page view: /home by u2701,E103,Page view: {page} by {user}
87015,2026-01-16,10:15:28,INFO,WebServer,Transaction tx962897 completed in 1443ms,E104,Transaction {tx} completed in {time}ms
87016,2026-01-16,10:24:44,INFO,WebServer,Transaction tx722284 completed in 380ms,E104,Transaction {tx} completed in {time}ms
87017,2026-01-16,10:49:53,INFO,WebServer,Transaction tx447323 completed in 1245ms,E104,Transaction {tx} completed in {time}ms
87018,2026-01-16,10:45:52,INFO,AuthService,User u3268 login successful,E101,User {user} login successful
87019,2026-01-16,10:43:46,INFO,InventoryDB,Transaction tx992854 completed in 77ms,E104,Transaction {tx} completed in {time}ms
87020,2026-01-16,10:45:17,INFO,WebServer,User u1726 login successful,E101,User {user} login successful
87021,2026-01-16,10:46:01,INFO,PaymentGateway,Transaction tx988855 completed in 46ms,E104,Transaction {tx} completed in {time}ms
87022,2026-01-16,10:54:07,INFO,AuthService,User u1673 login successful,E101,User {user} login successful
87023,2026-01-16,10:33:19,INFO,WebServer,User u1738 login successful,E101,User {user} login successful
87024,2026-01-16,10:58:45,INFO,OrderProcessor,Page view: /home by u4484,E103,Page view: {page} by {user}
87025,2026-01-16,10:31:30,ERROR,WebServer,Connection refused to WebServer at 10.0.0.45,E501,Connection refused to {service} at {ip}
87026,2026-01-16,10:13:08,INFO,WebServer,Page view: /home by u2040,E103,Page view: {page} by {user}
87027,2026-01-16,10:55:22,INFO,WebServer,Health check passed: WebServer,E102,Health check passed: {service}
87028,2026-01-16,10:12:38,INFO,OrderProcessor,Health check passed: OrderProcessor,E102,Health check passed: {service}
87029,2026-01-16,10:29:28,INFO,PaymentGateway,Transaction tx753708 completed in 589ms,E104,Transaction {tx} completed in {time}ms
87030,2026-01-16,10:49:41,WARN,OrderProcessor,Disk usage > 85% on node node-4,E202,Disk usage > 85% on node {node}
87031,2026-01-16,10:24:40,INFO,OrderProcessor,Health check passed: OrderProcessor,E102,Health check passed: {service}
87032,2026-01-16,10:39:59,INFO,AuthService,Transaction tx303450 completed in 1778ms,E104,Transaction {tx} completed in {time}ms
87033,2026-01-16,10:02:15,INFO,WebServer,User u2552 login successful,E101,User {user} login successful
87034,2026-01-16,10:13:11,INFO,WebServer,Health check passed: WebServer,E102,Health check passed: {service}
87035,2026-01-16,10:03:22,INFO,WebServer,User u2183 login successful,E101,User {user} login successful
87036,2026-01-16,10:15:34,INFO,AuthService,Page view: /home by u1147,E103,Page view: {page} by {user}
87037,2026-01-16,10:10:45,INFO,OrderProcessor,Health check passed: OrderProcessor,E102,Health check passed: {service}
87038,2026-01-16,10:48:33,INFO,WebServer,Transaction tx569147 completed in 1684ms,E104,Transaction {tx} completed in {time}ms
87039,2026-01-16,10:40:38,INFO,WebServer,Page view: /home by u2262,E103,Page view: {page} by {user}
87040,2026-01-16,10:28:35,INFO,AuthService,Transaction tx942411 completed in 211ms,E104,Transaction {tx} completed in {time}ms
87041,2026-01-16,10:58:22,INFO,WebServer,Page view: /home by u3466,E103,Page view: {page} by {user}
87042,2026-01-16,10:16:15,INFO,InventoryDB,Health check passed: InventoryDB,E102,Health check passed: {service}
87043,2026-01-16,10:04:04,INFO,OrderProcessor,User u3032 login successful,E101,User {user} login successful
87044,2026-01-16,10:58:38,INFO,WebServer,Transaction tx234827 completed in 1262ms,E104,Transaction {tx} completed in {time}ms
87045,2026-01-16,10:48:53,INFO,WebServer,Health check passed: WebServer,E102,Health check passed: {service}
87046,2026-01-16,10:51:49,INFO,PaymentGateway,Health check passed: PaymentGateway,E102,Health check passed: {service}
87047,2026-01-16,10:09:11,INFO,WebServer,Transaction tx411356 completed in 1674ms,E104,Transaction {tx} completed in {time}ms
87048,2026-01-16,10:37:45,INFO,WebServer,Transaction tx674245 completed in 1934ms,E104,Transaction {tx} completed in {time}ms
87049,2026-01-16,10:40:37,WARN,WebServer,Unauthorized access attempt from 10.0.0.12,E401,Unauthorized access attempt from {ip}
87050,2026-01-16,10:04:29,INFO,WebServer,User u3262 login successful,E101,User {user} login successful
87051,2026-01-16,10:41:24,INFO,WebServer,Page view: /home by u3480,E103,Page view: {page} by {user}
87052,2026-01-16,10:39:17,INFO,WebServer,Health check passed: WebServer,E102,Health check passed: {service}
87053,2026-01-16,10:54:37,INFO,WebServer,Health check passed: WebServer,E102,Health check passed: {service}
87054,2026-01-16,10:09:40,INFO,PaymentGateway,Page view: /home by u3283,E103,Page view: {page} by {user}
87055,2026-01-16,10:26:03,INFO,InventoryDB,Transaction tx967998 completed in 1249ms,E104,Transaction {tx} completed in {time}ms
87056,2026-01-16,10:17:08,INFO,InventoryDB,Health check passed: InventoryDB,E102,Health check passed: {service}
87057,2026-01-16,10:46:24,INFO,AuthService,Health check passed: AuthService,E102,Health check passed: {service}
87058,2026-01-16,10:07:26,INFO,WebServer,Page view: /home by u4903,E103,Page view: {page} by {user}
87059,2026-01-16,10:08:07,INFO,WebServer,Health check passed: WebServer,E102,Health check passed: {service}
87060,2026-01-16,10:19:54,INFO,AuthService,User u1744 login successful,E101,User {user} login successful
87061,2026-01-16,10:24:32,INFO,PaymentGateway,Transaction tx267797 completed in 1789ms,E104,Transaction {tx} completed in {time}ms
87062,2026-01-16,10:58:24,INFO,AuthService,Transaction tx467563 completed in 1728ms,E104,Transaction {tx} completed in {time}ms
87063,2026-01-16,10:07:03,INFO,OrderProcessor,Health check passed: OrderProcessor,E102,Health check passed: {service}
87064,2026-01-16,10:45:30,INFO,OrderProcessor,User u1703 login successful,E101,User {user} login successful
87065,2026-01-16,10:07:55,INFO,OrderProcessor,User u1727 login successful,E101,User {user} login successful
87066,2026-01-16,10:34:08,INFO,WebServer,User u4159 login successful,E101,User {user} login successful
87067,2026-01-16,10:30:02,INFO,InventoryDB,Transaction tx585368 completed in 705ms,E104,Transaction {tx} completed in {time}ms
87068,2026-01-16,10:08:39,INFO,WebServer,Transaction tx692449 completed in 999ms,E104,Transaction {tx} completed in {time}ms
87069,2026-01-16,10:17:47,INFO,WebServer,Health check passed: WebServer,E102,Health check passed: {service}
87070,2026-01-16,10:51:42,INFO,WebServer,User u1968 login successful,E101,User {user} login successful
87071,2026-01-16,10:57:37,INFO,AuthService,Page view: /home by u2929,E103,Page view: {page} by {user}
87072,2026-01-16,10:43:52,INFO,OrderProcessor,User u4860 login successful,E101,User {user} login successful
87073,2026-01-16,10:03:33,WARN,AuthService,High latency (1965ms) detected on AuthService,E201,High latency ({time}ms) detected on {service}
87074,2026-01-16,10:50:34,INFO,AuthService,User u4009 login successful,E101,User {user} login successful
87075,2026-01-16,10:01:49,INFO,WebServer,Page view: /home by u2169,E103,Page view: {page} by {user}
87076,2026-01-16,10:40:22,INFO,AuthService,Page view: /home by u3977,E103,Page view: {page} by {user}
87077,2026-01-16,10:21:41,INFO,WebServer,Transaction tx471195 completed in 1154ms,E104,Transaction {tx} completed in {time}ms
87078,2026-01-16,10:07:30,INFO,OrderProcessor,User u3181 login successful,E101,User {user} login successful
87079,2026-01-16,10:40:15,INFO,OrderProcessor,User u1694 login successful,E101,User {user} login successful
87080,2026-01-16,10:44:56,INFO,WebServer,Health check passed: WebServer,E102,Health check passed: {service}
87081,2026-01-16,10:05:19,INFO,WebServer,Transaction tx624649 completed in 1969ms,E104,Transaction {tx} completed in {time}ms
87082,2026-01-16,10:59:45,INFO,WebServer,User u2661 login successful,E101,User {user} login successful
87083,2026-01-16,10:24:08,WARN,OrderProcessor,High latency (182ms) detected on OrderProcessor,E201,High latency ({time}ms) detected on {service}
87084,2026-01-16,10:42:55,INFO,WebServer,Page view: /home by u2283,E103,Page view: {page} by {user}
87085,2026-01-16,10:27:02,INFO,WebServer,Health check passed: WebServer,E102,Health check passed: {service}
87086,2026-01-16,10:01:47,INFO,AuthService,User u4839 login successful,E101,User {user} login successful
87087,2026-01-16,10:11:34,INFO,AuthService,Transaction tx641025 completed in 361ms,E104,Transaction {tx} completed in {time}ms
87088,2026-01-16,10:53:54,INFO,AuthService,Health check passed: AuthService,E102,Health check passed: {service}
87089,2026-01-16,10:49:53,INFO,OrderProcessor,Page view: /home by u3015,E103,Page view: {page} by {user}
87090,2026-01-16,10:20:54,INFO,OrderProcessor,User u3130 login successful,E101,User {user} login successful
87091,2026-01-16,10:21:56,INFO,WebServer,User u2642 login successful,E101,User {user} login successful
87092,2026-01-16,10:30:13,INFO,AuthService,User u2358 login successful,E101,User {user} login successful
87093,2026-01-16,10:14:59,INFO,WebServer,Health check passed: WebServer,E102,Health check passed: {service}
87094,2026-01-16,10:18:29,INFO,WebServer,Transaction tx421772 completed in 1923ms,E104,Transaction {tx} completed in {time}ms
87095,2026-01-16,10:14:17,INFO,PaymentGateway,Health check passed: PaymentGateway,E102,Health check passed: {service}
87096,2026-01-16,10:59:00,INFO,WebServer,User u2837 login successful,E101,User {user} login successful
87097,2026-01-16,10:11:00,INFO,AuthService,Transaction tx184647 completed in 590ms,E104,Transaction {tx} completed in {time}ms
87098,2026-01-16,10:35:33,INFO,AuthService,Page view: /home by u3089,E103,Page view: {page} by {user}
87099,2026-01-16,10:41:01,INFO,AuthService,Health check passed: AuthService,E102,Health check passed: {service}
87100,2026-01-16,10:42:24,INFO,InventoryDB,Page view: /home by u2246,E103,Page view: {page} by {user}
87101,2026-01-16,10:29:30,INFO,AuthService,Health check passed: AuthService,E102,Health check passed: {service}
87102,2026-01-16,10:42:04,INFO,OrderProcessor,User u3494 login successful,E101,User {user} login successful
87103,2026-01-16,10:50:40,INFO,OrderProcessor,Transaction tx583837 completed in 819ms,E104,Transaction {tx} completed in {time}ms
87104,2026-01-16,10:00:18,INFO,WebServer,Transaction tx798843 completed in 456ms,E104,Transaction {tx} completed in {time}ms
87105,2026-01-16,10:10:48,INFO,WebServer,Transaction tx109057 completed in 1232ms,E104,Transaction {tx} completed in {time}ms
87106,2026-01-16,10:19:05,INFO,WebServer,Page view: /home by u3838,E103,Page view: {page} by {user}
87107,2026-01-16,10:41:10,INFO,PaymentGateway,Health check passed: PaymentGateway,E102,Health check passed: {service}
87108,2026-01-16,10:55:11,INFO,OrderProcessor,Page view: /home by u2268,E103,Page view: {page} by {user}
87109,2026-01-16,10:51:53,INFO,PaymentGateway,Health check passed: PaymentGateway,E102,Health check passed: {service}
87110,2026-01-16,10:08:14,INFO,OrderProcessor,User u4264 login successful,E101,User {user} login successful
87111,2026-01-16,10:33:07,INFO,OrderProcessor,User u3889 login successful,E101,User {user} login successful
87112,2026-01-16,10:50:34,INFO,AuthService,User u4507 login successful,E101,User {user} login successful
87113,2026-01-16,10:38:50,INFO,OrderProcessor,User u2886 login successful,E101,User {user} login successful
87114,2026-01-16,10:20:53,INFO,AuthService,User u1277 login successful,E101,User {user} login successful
87115,2026-01-16,10:36:24,INFO,WebServer,User u1671 login successful,E101,User {user} login successful
87116,2026-01-16,10:10:21,INFO,WebServer,Page view: /home by u4199,E103,Page view: {page} by {user}
87117,2026-01-16,10:00:12,INFO,WebServer,Transaction tx358644 completed in 222ms,E104,Transaction {tx} completed in {time}ms
87118,2026-01-16,10:23:01,INFO,InventoryDB,Transaction tx741881 completed in 1215ms,E104,Transaction {tx} completed in {time}ms
87119,2026-01-16,10:02:30,INFO,OrderProcessor,Transaction tx399586 completed in 375ms,E104,Transaction {tx} completed in {time}ms
87120,2026-01-16,10:38:09,INFO,PaymentGateway,User u1895 login successful,E101,User {user} login successful
87121,2026-01-16,10:07:56,INFO,WebServer,Transaction tx826653 completed in 279ms,E104,Transaction {tx} completed in {time}ms
87122,2026-01-16,10:44:06,INFO,InventoryDB,Transaction tx547805 completed in 705ms,E104,Transaction {tx} completed in {time}ms
87123,2026-01-16,10:01:01,INFO,InventoryDB,Transaction tx979684 completed in 800ms,E104,Transaction {tx} completed in {time}ms
87124,2026-01-16,10:55:45,INFO,WebServer,Health check passed: WebServer,E102,Health check passed: {service}
87125,2026-01-16,10:31:00,INFO,WebServer,Transaction tx420336 completed in 1964ms,E104,Transaction {tx} completed in {time}ms
87126,2026-01-16,10:29:33,INFO,AuthService,Page view: /home by u2700,E103,Page view: {page} by {user}
87127,2026-01-16,10:57:37,INFO,PaymentGateway,Page view: /home by u4849,E103,Page view: {page} by {user}
87128,2026-01-16,10:13:20,INFO,AuthService,User u2165 login successful,E101,User {user} login successful
87129,2026-01-16,10:10:15,INFO,WebServer,Transaction tx818801 completed in 1184ms,E104,Transaction {tx} completed in {time}ms
87130,2026-01-16,10:50:57,INFO,AuthService,Transaction tx503565 completed in 402ms,E104,Transaction {tx} completed in {time}ms
87131,2026-01-16,10:11:54,INFO,PaymentGateway,Page view: /home by u1997,E103,Page view: {page} by {user}
87132,2026-01-16,10:39:58,INFO,WebServer,User u2966 login successful,E101,User {user} login successful
87133,2026-01-16,10:11:09,INFO,WebServer,Health check passed: WebServer,E102,Health check passed: {service}
87134,2026-01-16,10:56:49,INFO,AuthService,Transaction tx868159 completed in 1459ms,E104,Transaction {tx} completed in {time}ms
87135,2026-01-16,10:02:49,INFO,InventoryDB,Health check passed: InventoryDB,E102,Health check passed: {service}
87136,2026-01-16,10:04:45,INFO,WebServer,Transaction tx317817 completed in 821ms,E104,Transaction {tx} completed in {time}ms
87137,2026-01-16,10:02:27,INFO,WebServer,User u2414 login successful,E101,User {user} login successful
87138,2026-01-16,10:17:53,INFO,WebServer,Health check passed: WebServer,E102,Health check passed: {service}
87139,2026-01-16,10:43:17,INFO,AuthService,Health check passed: AuthService,E102,Health check passed: {service}
87140,2026-01-16,10:08:23,INFO,WebServer,Page view: /home by u3432,E103,Page view: {page} by {user}
87141,2026-01-16,10:45:18,INFO,WebServer,Transaction tx840559 completed in 1598ms,E104,Transaction {tx} completed in {time}ms
87142,2026-01-16,10:36:08,INFO,InventoryDB,User u2555 login successful,E101,User {user} login successful
87143,2026-01-16,10:14:13,INFO,WebServer,Page view: /home by u3205,E103,Page view: {page} by {user}
87144,2026-01-16,10:31:56,INFO,WebServer,Transaction tx905468 completed in 515ms,E104,Transaction {tx} completed in {time}ms
87145,2026-01-16,10:52:39,INFO,WebServer,Transaction tx329048 completed in 752ms,E104,Transaction {tx} completed in {time}ms
87146,2026-01-16,10:51:07,INFO,WebServer,Page view: /home by u4390,E103,Page view: {page} by {user}
87147,2026-01-16,10:00:54,INFO,WebServer,Transaction tx822160 completed in 1097ms,E104,Transaction {tx} completed in {time}ms
87148,2026-01-16,10:41:39,INFO,WebServer,Health check passed: WebServer,E102,Health check passed: {service}
87149,2026-01-16,10:00:17,INFO,PaymentGateway,Transaction tx102495 completed in 1240ms,E104,Transaction {tx} completed in {time}ms
87150,2026-01-16,10:36:33,INFO,AuthService,Page view: /home by u4594,E103,Page view: {page} by {user}
87151,2026-01-16,10:09:36,INFO,OrderProcessor,Page view: /home by u4224,E103,Page view: {page} by {user}
87152,2026-01-16,10:58:26,INFO,WebServer,User u3704 login successful,E101,User {user} login successful
87153,2026-01-16,10:18:36,INFO,WebServer,User u4326 login successful,E101,User {user} login successful
87154,2026-01-16,10:13:02,INFO,WebServer,Page view: /home by u1073,E103,Page view: {page} by {user}
87155,2026-01-16,10:01:55,INFO,WebServer,User u3942 login successful,E101,User {user} login successful
87156,2026-01-16,10:03:16,INFO,AuthService,Page view: /home by u3975,E103,Page view: {page} by {user}
87157,2026-01-16,10:10:29,INFO,WebServer,Page view: /home by u1533,E103,Page view: {page} by {user}
87158,2026-01-16,10:36:40,INFO,WebServer,Health check passed: WebServer,E102,Health check passed: {service}
87159,2026-01-16,10:15:47,INFO,OrderProcessor,Transaction tx176055 completed in 423ms,E104,Transaction {tx} completed in {time}ms
87160,2026-01-16,10:09:55,INFO,AuthService,Transaction tx829295 completed in 1375ms,E104,Transaction {tx} completed in {time}ms
87161,2026-01-16,10:27:44,INFO,AuthService,Page view: /home by u3936,E103,Page view: {page} by {user}
87162,2026-01-16,10:41:26,INFO,AuthService,Transaction tx207214 completed in 1163ms,E104,Transaction {tx} completed in {time}ms
87163,2026-01-16,10:51:51,INFO,WebServer,Page view: /home by u4855,E103,Page view: {page} by {user}
87164,2026-01-16,10:13:37,INFO,WebServer,Transaction tx441847 completed in 1145ms,E104,Transaction {tx} completed in {time}ms
87165,2026-01-16,10:01:37,INFO,WebServer,Health check passed: WebServer,E102,Health check passed: {service}
87166,2026-01-16,10:37:33,INFO,OrderProcessor,Page view: /home by u1231,E103,Page view: {page} by {user}
87167,2026-01-16,10:22:00,INFO,WebServer,Health check passed: WebServer,E102,Health check passed: {service}
87168,2026-01-16,10:24:09,INFO,OrderProcessor,Page view: /home by u2334,E103,Page view: {page} by {user}
87169,2026-01-16,10:00:30,INFO,OrderProcessor,Health check passed: OrderProcessor,E102,Health check passed: {service}
87170,2026-01-16,10:53:41,INFO,OrderProcessor,User u2455 login successful,E101,User {user} login successful
87171,2026-01-16,10:39:05,INFO,WebServer,Transaction tx743049 completed in 821ms,E104,Transaction {tx} completed in {time}ms
87172,2026-01-16,10:23:27,INFO,PaymentGateway,Transaction tx171713 completed in 228ms,E104,Transaction {tx} completed in {time}ms
87173,2026-01-16,10:57:07,INFO,WebServer,Page view: /home by u4034,E103,Page view: {page} by {user}
87174,2026-01-16,10:42:55,INFO,AuthService,Page view: /home by u4664,E103,Page view: {page} by {user}
87175,2026-01-16,10:46:30,INFO,OrderProcessor,Transaction tx412568 completed in 1039ms,E104,Transaction {tx} completed in {time}ms
87176,2026-01-16,10:50:19,INFO,WebServer,Transaction tx569003 completed in 598ms,E104,Transaction {tx} completed in {time}ms
87177,2026-01-16,10:44:14,INFO,AuthService,Page view: /home by u2203,E103,Page view: {page} by {user}
87178,2026-01-16,10:38:02,WARN,OrderProcessor,Unauthorized access attempt from 10.0.0.45,E401,Unauthorized access attempt from {ip}
87179,2026-01-16,10:43:22,INFO,WebServer,Page view: /home by u3119,E103,Page view: {page} by {user}
87180,2026-01-16,10:43:08,WARN,WebServer,High latency (1461ms) detected on WebServer,E201,High latency ({time}ms) detected on {service}
87181,2026-01-16,10:17:37,INFO,OrderProcessor,Transaction tx137643 completed in 726ms,E104,Transaction {tx} completed in {time}ms
87182,2026-01-16,10:47:48,INFO,AuthService,Page view: /home by u1123,E103,Page view: {page} by {user}
87183,2026-01-16,10:05:08,INFO,AuthService,Health check passed: AuthService,E102,Health check passed: {service}
87184,2026-01-16,10:34:24,INFO,WebServer,Page view: /home by u3231,E103,Page view: {page} by {user}
87185,2026-01-16,10:18:42,INFO,WebServer,Transaction tx619561 completed in 1072ms,E104,Transaction {tx} completed in {time}ms
87186,2026-01-16,10:30:55,INFO,AuthService,Transaction tx556417 completed in 1367ms,E104,Transaction {tx} completed in {time}ms
87187,2026-01-16,10:17:57,INFO,WebServer,Page view: /home by u3907,E103,Page view: {page} by {user}
87188,2026-01-16,10:12:39,INFO,WebServer,Health check passed: WebServer,E102,Health check passed: {service}
87189,2026-01-16,10:27:31,INFO,InventoryDB,User u1324 login successful,E101,User {user} login successful
87190,2026-01-16,10:21:56,INFO,AuthService,Transaction tx987115 completed in 1083ms,E104,Transaction {tx} completed in {time}ms
87191,2026-01-16,10:48:23,INFO,WebServer,Health check passed: WebServer,E102,Health check passed: {service}
87192,2026-01-16,10:14:17,INFO,WebServer,User u4240 login successful,E101,User {user} login successful
87193,2026-01-16,10:14:40,INFO,AuthService,Transaction tx743975 completed in 352ms,E104,Transaction {tx} completed in {time}ms
87194,2026-01-16,10:53:58,INFO,WebServer,Page view: /home by u4330,E103,Page view: {page} by {user}
87195,2026-01-16,10:55:18,INFO,AuthService,User u3160 login successful,E101,User {user} login successful
87196,2026-01-16,10:10:33,INFO,PaymentGateway,Health check passed: PaymentGateway,E102,Health check passed: {service}
87197,2026-01-16,10:58:29,INFO,AuthService,User u3859 login successful,E101,User {user} login successful
87198,2026-01-16,10:44:35,INFO,WebServer,Transaction tx851067 completed in 155ms,E104,Transaction {tx} completed in {time}ms
87199,2026-01-16,10:51:27,INFO,PaymentGateway,Page view: /home by u3882,E103,Page view: {page} by {user}
87200,2026-01-16,10:24:00,INFO,AuthService,Page view: /home by u2071,E103,Page view: {page} by {user}
87201,2026-01-16,10:18:18,INFO,AuthService,Page view: /home by u3095,E103,Page view: {page} by {user}
87202,2026-01-16,10:36:56,INFO,WebServer,Transaction tx688748 completed in 1245ms,E104,Transaction {tx} completed in {time}ms
87203,2026-01-16,10:10:32,INFO,WebServer,Transaction tx257804 completed in 1666ms,E104,Transaction {tx} completed in {time}ms
87204,2026-01-16,10:59:00,INFO,AuthService,Transaction tx526413 completed in 1849ms,E104,Transaction {tx} completed in {time}ms
87205,2026-01-16,10:11:35,INFO,AuthService,Transaction tx318530 completed in 1276ms,E104,Transaction {tx} completed in {time}ms
87206,2026-01-16,10:12:22,INFO,WebServer,Health check passed: WebServer,E102,Health check passed: {service}
87207,2026-01-16,10:22:55,INFO,AuthService,Transaction tx434500 completed in 809ms,E104,Transaction {tx} completed in {time}ms
87208,2026-01-16,10:31:17,INFO,PaymentGateway,Page view: /home by u4582,E103,Page view: {page} by {user}
87209,2026-01-16,10:57:03,ERROR,WebServer,Payment declined: Gateway unavailable,E503,Payment declined: Gateway unavailable
87210,2026-01-16,10:25:22,INFO,WebServer,Transaction tx282487 completed in 913ms,E104,Transaction {tx} completed in {time}ms
87211,2026-01-16,10:03:46,INFO,OrderProcessor,Page view: /home by u4985,E103,Page view: {page} by {user}
87212,2026-01-16,10:05:04,INFO,WebServer,User u3847 login successful,E101,User {user} login successful
87213,2026-01-16,10:52:17,INFO,WebServer,Health check passed: WebServer,E102,Health check passed: {service}
87214,2026-01-16,10:28:01,INFO,OrderProcessor,Page view: /home by u4356,E103,Page view: {page} by {user}
87215,2026-01-16,10:17:23,INFO,WebServer,Health check passed: WebServer,E102,Health check passed: {service}
87216,2026-01-16,10:31:17,INFO,WebServer,Page view: /home by u3207,E103,Page view: {page} by {user}
87217,2026-01-16,10:07:12,INFO,OrderProcessor,User u4125 login successful,E101,User {user} login successful
87218,2026-01-16,10:58:42,INFO,WebServer,Health check passed: WebServer,E102,Health check passed: {service}
87219,2026-01-16,10:28:10,INFO,WebServer,Transaction tx288914 completed in 141ms,E104,Transaction {tx} completed in {time}ms
87220,2026-01-16,10:23:49,INFO,OrderProcessor,Health check passed: OrderProcessor,E102,Health check passed: {service}
87221,2026-01-16,10:54:40,INFO,WebServer,Page view: /home by u3914,E103,Page view: {page} by {user}
87222,2026-01-16,10:37:28,INFO,WebServer,Page view: /home by u2613,E103,Page view: {page} by {user}
87223,2026-01-16,10:45:21,WARN,OrderProcessor,Disk usage > 85% on node node-2,E202,Disk usage > 85% on node {node}
87224,2026-01-16,10:55:18,INFO,AuthService,User u4005 login successful,E101,User {user} login successful
87225,2026-01-16,10:45:47,INFO,OrderProcessor,Page view: /home by u1154,E103,Page view: {page} by {user}
87226,2026-01-16,10:17:23,INFO,InventoryDB,User u2844 login successful,E101,User {user} login successful
87227,2026-01-16,10:15:16,INFO,OrderProcessor,Transaction tx268986 completed in 751ms,E104,Transaction {tx} completed in {time}ms
87228,2026-01-16,10:06:07,INFO,WebServer,Health check passed: WebServer,E102,Health check passed: {service}
87229,2026-01-16,10:35:33,INFO,PaymentGateway,Page view: /home by u4932,E103,Page view: {page} by {user}
87230,2026-01-16,10:06:31,INFO,AuthService,Page view: /home by u3064,E103,Page view: {page} by {user}
87231,2026-01-16,10:49:37,INFO,WebServer,Health check passed: WebServer,E102,Health check passed: {service}
87232,2026-01-16,10:39:22,INFO,WebServer,Health check passed: WebServer,E102,Health check passed: {service}
87233,2026-01-16,10:06:06,INFO,OrderProcessor,Health check passed: OrderProcessor,E102,Health check passed: {service}
87234,2026-01-16,10:57:34,INFO,InventoryDB,User u1774 login successful,E101,User {user} login successful
87235,2026-01-16,10:57:22,INFO,WebServer,Transaction tx284973 completed in 334ms,E104,Transaction {tx} completed in {time}ms
87236,2026-01-16,10:32:09,INFO,WebServer,Page view: /home by u2725,E103,Page view: {page} by {user}
87237,2026-01-16,10:52:56,INFO,PaymentGateway,Page view: /home by u1266,E103,Page view: {page} by {user}
87238,2026-01-16,10:28:47,INFO,PaymentGateway,Health check passed: PaymentGateway,E102,Health check passed: {service}
87239,2026-01-16,10:15:07,INFO,InventoryDB,Health check passed: InventoryDB,E102,Health check passed: {service}
87240,2026-01-16,10:32:06,INFO,WebServer,Page view: /home by u2069,E103,Page view: {page} by {user}
87241,2026-01-16,10:13:23,INFO,AuthService,Health check passed: AuthService,E102,Health check passed: {service}
87242,2026-01-16,10:56:06,INFO,OrderProcessor,User u1966 login successful,E101,User {user} login successful
87243,2026-01-16,10:29:35,INFO,OrderProcessor,User u1255 login successful,E101,User {user} login successful
87244,2026-01-16,10:03:49,INFO,OrderProcessor,Page view: /home by u2428,E103,Page view: {page} by {user}
87245,2026-01-16,10:55:08,INFO,WebServer,Page view: /home by u3232,E103,Page view: {page} by {user}
87246,2026-01-16,10:47:41,INFO,WebServer,Page view: /home by u3869,E103,Page view: {page} by {user}
87247,2026-01-16,10:15:45,INFO,OrderProcessor,User u3108 login successful,E101,User {user} login successful
87248,2026-01-16,10:34:37,INFO,WebServer,User u3308 login successful,E101,User {user} login successful
87249,2026-01-16,10:01:05,WARN,WebServer,Unauthorized access attempt from 10.0.0.12,E401,Unauthorized access attempt from {ip}
87250,2026-01-16,10:20:34,WARN,PaymentGateway,Disk usage > 85% on node node-2,E202,Disk usage > 85% on node {node}
87251,2026-01-16,10:20:42,INFO,AuthService,Transaction tx341498 completed in 400ms,E104,Transaction {tx} completed in {time}ms
87252,2026-01-16,10:16:37,INFO,OrderProcessor,User u1465 login successful,E101,User {user} login successful
87253,2026-01-16,10:44:44,INFO,WebServer,Health check passed: WebServer,E102,Health check passed: {service}
87254,2026-01-16,10:21:59,INFO,WebServer,Health check passed: WebServer,E102,Health check passed: {service}
87255,2026-01-16,10:52:07,INFO,AuthService,Transaction tx639398 completed in 1596ms,E104,Transaction {tx} completed in {time}ms
87256,2026-01-16,10:58:47,WARN,WebServer,Disk usage > 85% on node node-3,E202,Disk usage > 85% on node {node}
87257,2026-01-16,10:29:26,INFO,AuthService,User u2631 login successful,E101,User {user} login successful
87258,2026-01-16,10:43:06,INFO,WebServer,User u1718 login successful,E101,User {user} login successful
87259,2026-01-16,10:04:37,INFO,AuthService,Health check passed: AuthService,E102,Health check passed: {service}
87260,2026-01-16,10:31:02,INFO,PaymentGateway,Health check passed: PaymentGateway,E102,Health check passed: {service}
87261,2026-01-16,10:52:34,INFO,AuthService,Health check passed: AuthService,E102,Health check passed: {service}
87262,2026-01-16,10:59:50,INFO,WebServer,User u2732 login successful,E101,User {user} login successful
87263,2026-01-16,10:06:52,INFO,AuthService,User u2838 login successful,E101,User {user} login successful
87264,2026-01-16,10:29:10,INFO,WebServer,User u3178 login successful,E101,User {user} login successful
87265,2026-01-16,10:55:20,INFO,AuthService,User u2761 login successful,E101,User {user} login successful
87266,2026-01-16,10:19:36,INFO,OrderProcessor,Page view: /home by u2721,E103,Page view: {page} by {user}
87267,2026-01-16,10:41:20,INFO,PaymentGateway,User u2422 login successful,E101,User {user} login successful
87268,2026-01-16,10:09:21,INFO,AuthService,Page view: /home by u4792,E103,Page view: {page} by {user}
87269,2026-01-16,10:43:06,INFO,WebServer,Page view: /home by u1684,E103,Page view: {page} by {user}
87270,2026-01-16,10:26:46,INFO,OrderProcessor,User u4691 login successful,E101,User {user} login successful
87271,2026-01-16,10:36:36,INFO,OrderProcessor,Page view: /home by u2505,E103,Page view: {page} by {user}
87272,2026-01-16,10:57:38,INFO,OrderProcessor,Page view: /home by u3396,E103,Page view: {page} by {user}
87273,2026-01-16,10:49:31,INFO,WebServer,Page view: /home by u4873,E103,Page view: {page} by {user}
87274,2026-01-16,10:43:00,INFO,WebServer,Page view: /home by u1551,E103,Page view: {page} by {user}
87275,2026-01-16,10:14:02,INFO,WebServer,Health check passed: WebServer,E102,Health check passed: {service}
87276,2026-01-16,10:42:38,INFO,WebServer,Page view: /home by u4135,E103,Page view: {page} by {user}
87277,2026-01-16,10:40:53,INFO,OrderProcessor,Page view: /home by u2944,E103,Page view: {page} by {user}
87278,2026-01-16,10:21:57,INFO,OrderProcessor,Transaction tx670120 completed in 724ms,E104,Transaction {tx} completed in {time}ms
87279,2026-01-16,10:44:03,INFO,WebServer,User u2712 login successful,E101,User {user} login successful
87280,2026-01-16,10:00:29,INFO,WebServer,Health check passed: WebServer,E102,Health check passed: {service}
87281,2026-01-16,10:10:52,INFO,OrderProcessor,Transaction tx532191 completed in 216ms,E104,Transaction {tx} completed in {time}ms
87282,2026-01-16,10:09:33,INFO,OrderProcessor,User u1019 login successful,E101,User {user} login successful
87283,2026-01-16,10:24:21,INFO,WebServer,Health check passed: WebServer,E102,Health check passed: {service}
87284,2026-01-16,10:18:54,INFO,WebServer,Page view: /home by u4855,E103,Page view: {page} by {user}
87285,2026-01-16,10:00:52,INFO,AuthService,Transaction tx785873 completed in 1285ms,E104,Transaction {tx} completed in {time}ms
87286,2026-01-16,10:43:03,INFO,OrderProcessor,Page view: /home by u2419,E103,Page view: {page} by {user}
87287,2026-01-16,10:31:08,ERROR,WebServer,Payment declined: Gateway unavailable,E503,Payment declined: Gateway unavailable
87288,2026-01-16,10:20:10,INFO,AuthService,User u4312 login successful,E101,User {user} login successful
87289,2026-01-16,10:36:40,INFO,WebServer,Health check passed: WebServer,E102,Health check passed: {service}
87290,2026-01-16,10:13:41,WARN,WebServer,High latency (1873ms) detected on WebServer,E201,High latency ({time}ms) detected on {service}
87291,2026-01-16,10:59:56,INFO,WebServer,Transaction tx941454 completed in 1262ms,E104,Transaction {tx} completed in {time}ms
87292,2026-01-16,10:42:36,INFO,PaymentGateway,Page view: /home by u4271,E103,Page view: {page} by {user}
87293,2026-01-16,10:55:02,INFO,WebServer,Page view: /home by u4519,E103,Page view: {page} by {user}
87294,2026-01-16,10:55:42,INFO,WebServer,Transaction tx746924 completed in 416ms,E104,Transaction {tx} completed in {time}ms
87295,2026-01-16,10:30:30,INFO,AuthService,Page view: /home by u2034,E103,Page view: {page} by {user}
87296,2026-01-16,10:21:04,INFO,WebServer,Page view: /home by u3417,E103,Page view: {page} by {user}
87297,2026-01-16,10:27:08,INFO,WebServer,Health check passed: WebServer,E102,Health check passed: {service}
87298,2026-01-16,10:28:56,INFO,WebServer,Health check passed: WebServer,E102,Health check passed: {service}
87299,2026-01-16,10:17:46,INFO,WebServer,Health check passed: WebServer,E102,Health check passed: {service}
87300,2026-01-16,10:29:38,INFO,AuthService,Transaction tx585394 completed in 364ms,E104,Transaction {tx} completed in {time}ms
87301,2026-01-16,10:35:20,INFO,WebServer,Transaction tx946464 completed in 462ms,E104,Transaction {tx} completed in {time}ms
87302,2026-01-16,10:01:13,INFO,WebServer,User u4894 login successful,E101,User {user} login successful
87303,2026-01-16,10:06:59,INFO,WebServer,Health check passed: WebServer,E102,Health check passed: {service}
87304,2026-01-16,10:19:45,INFO,WebServer,Health check passed: WebServer,E102,Health check passed: {service}
87305,2026-01-16,10:39:10,INFO,OrderProcessor,Health check passed: OrderProcessor,E102,Health check passed: {service}
87306,2026-01-16,10:54:26,INFO,WebServer,Transaction tx255839 completed in 84ms,E104,Transaction {tx} completed in {time}ms
87307,2026-01-16,10:32:25,INFO,AuthService,Health check passed: AuthService,E102,Health check passed: {service}
87308,2026-01-16,10:01:26,INFO,OrderProcessor,Health check passed: OrderProcessor,E102,Health check passed: {service}
87309,2026-01-16,10:14:09,INFO,OrderProcessor,User u4488 login successful,E101,User {user} login successful
87310,2026-01-16,10:14:07,INFO,InventoryDB,Page view: /home by u1018,E103,Page view: {page} by {user}
87311,2026-01-16,10:30:24,INFO,WebServer,Health check passed: WebServer,E102,Health check passed: {service}
87312,2026-01-16,10:53:31,INFO,WebServer,Page view: /home by u4111,E103,Page view: {page} by {user}
87313,2026-01-16,10:52:44,INFO,InventoryDB,Page view: /home by u2902,E103,Page view: {page} by {user}
87314,2026-01-16,10:21:06,INFO,AuthService,Page view: /home by u4934,E103,Page view: {page} by {user}
87315,2026-01-16,10:12:35,INFO,AuthService,User u2504 login successful,E101,User {user} login successful
87316,2026-01-16,10:15:38,INFO,AuthService,Health check passed: AuthService,E102,Health check passed: {service}
87317,2026-01-16,10:28:11,INFO,AuthService,Transaction tx833680 completed in 1595ms,E104,Transaction {tx} completed in {time}ms
87318,2026-01-16,10:44:31,INFO,WebServer,Health check passed: WebServer,E102,Health check passed: {service}
87319,2026-01-16,10:50:22,INFO,OrderProcessor,User u2826 login successful,E101,User {user} login successful
87320,2026-01-16,10:32:17,INFO,AuthService,Page view: /home by u3213,E103,Page view: {page} by {user}
87321,2026-01-16,10:58:34,INFO,PaymentGateway,Page view: /home by u3377,E103,Page view: {page} by {user}
87322,2026-01-16,10:13:58,INFO,OrderProcessor,Transaction tx499198 completed in 787ms,E104,Transaction {tx} completed in {time}ms
87323,2026-01-16,10:42:41,INFO,AuthService,User u4306 login successful,E101,User {user} login successful
87324,2026-01-16,10:37:24,INFO,WebServer,User u3363 login successful,E101,User {user} login successful
87325,2026-01-16,10:28:12,INFO,WebServer,Page view: /home by u1968,E103,Page view: {page} by {user}
87326,2026-01-16,10:30:44,INFO,AuthService,Health check passed: AuthService,E102,Health check passed: {service}
87327,2026-01-16,10:17:27,INFO,InventoryDB,User u2566 login successful,E101,User {user} login successful
87328,2026-01-16,10:47:17,INFO,InventoryDB,Page view: /home by u3461,E103,Page view: {page} by {user}
87329,2026-01-16,10:02:07,INFO,AuthService,Page view: /home by u3160,E103,Page view: {page} by {user}
87330,2026-01-16,10:17:27,INFO,AuthService,User u3360 login successful,E101,User {user} login successful
87331,2026-01-16,10:09:16,INFO,WebServer,Transaction tx455200 completed in 1770ms,E104,Transaction {tx} completed in {time}ms
87332,2026-01-16,10:25:11,INFO,OrderProcessor,Page view: /home by u2305,E103,Page view: {page} by {user}
87333,2026-01-16,10:31:01,INFO,WebServer,Health check passed: WebServer,E102,Health check passed: {service}
87334,2026-01-16,10:54:52,INFO,AuthService,Health check passed: AuthService,E102,Health check passed: {service}
87335,2026-01-16,10:21:47,INFO,WebServer,Page view: /home by u2848,E103,Page view: {page} by {user}
87336,2026-01-16,10:08:16,INFO,WebServer,User u4159 login successful,E101,User {user} login successful
87337,2026-01-16,10:24:04,INFO,WebServer,Page view: /home by u2955,E103,Page view: {page} by {user}
87338,2026-01-16,10:11:03,INFO,WebServer,Page view: /home by u4285,E103,Page view: {page} by {user}
87339,2026-01-16,10:11:50,INFO,WebServer,Health check passed: WebServer,E102,Health check passed: {service}
87340,2026-01-16,10:15:39,INFO,WebServer,User u1480 login successful,E101,User {user} login successful
87341,2026-01-16,10:46:30,INFO,OrderProcessor,Page view: /home by u4907,E103,Page view: {page} by {user}
87342,2026-01-16,10:31:23,INFO,OrderProcessor,User u1892 login successful,E101,User {user} login successful
87343,2026-01-16,10:23:14,INFO,WebServer,Health check passed: WebServer,E102,Health check passed: {service}
87344,2026-01-16,10:05:02,INFO,WebServer,Transaction tx469556 completed in 1796ms,E104,Transaction {tx} completed in {time}ms
87345,2026-01-16,10:16:56,INFO,PaymentGateway,Health check passed: PaymentGateway,E102,Health check passed: {service}
87346,2026-01-16,10:17:39,INFO,AuthService,Page view: /home by u1338,E103,Page view: {page} by {user}
87347,2026-01-16,10:54:26,INFO,OrderProcessor,Transaction tx836205 completed in 1402ms,E104,Transaction {tx} completed in {time}ms
87348,2026-01-16,10:32:39,INFO,OrderProcessor,Transaction tx154632 completed in 1200ms,E104,Transaction {tx} completed in {time}ms
87349,2026-01-16,10:24:21,WARN,AuthService,Unauthorized access attempt from 10.0.0.10,E401,Unauthorized access attempt from {ip}
87350,2026-01-16,10:56:44,INFO,AuthService,Transaction tx411240 completed in 1486ms,E104,Transaction {tx} completed in {time}ms
87351,2026-01-16,10:25:31,INFO,OrderProcessor,User u1800 login successful,E101,User {user} login successful
87352,2026-01-16,10:41:36,INFO,OrderProcessor,Transaction tx658897 completed in 696ms,E104,Transaction {tx} completed in {time}ms
87353,2026-01-16,10:34:47,INFO,InventoryDB,User u2537 login successful,E101,User {user} login successful
87354,2026-01-16,10:10:36,INFO,WebServer,Page view: /home by u4684,E103,Page view: {page} by {user}
87355,2026-01-16,10:46:27,INFO,OrderProcessor,Page view: /home by u2014,E103,Page view: {page} by {user}
87356,2026-01-16,10:40:06,INFO,WebServer,Transaction tx541477 completed in 1960ms,E104,Transaction {tx} completed in {time}ms
87357,2026-01-16,10:46:24,INFO,WebServer,Transaction tx659737 completed in 486ms,E104,Transaction {tx} completed in {time}ms
87358,2026-01-16,10:50:55,INFO,WebServer,Health check passed: WebServer,E102,Health check passed: {service}
87359,2026-01-16,10:27:13,INFO,OrderProcessor,User u1081 login successful,E101,User {user} login successful
87360,2026-01-16,10:07:52,INFO,WebServer,Health check passed: WebServer,E102,Health check passed: {service}
87361,2026-01-16,10:27:39,WARN,AuthService,Unauthorized access attempt from 10.0.0.45,E401,Unauthorized access attempt from {ip}
87362,2026-01-16,10:03:08,INFO,OrderProcessor,Page view: /home by u1857,E103,Page view: {page} by {user}
87363,2026-01-16,10:02:24,INFO,PaymentGateway,Page view: /home by u1580,E103,Page view: {page} by {user}
87364,2026-01-16,10:39:30,INFO,WebServer,Page view: /home by u4985,E103,Page view: {page} by {user}
87365,2026-01-16,10:48:29,INFO,WebServer,Health check passed: WebServer,E102,Health check passed: {service}
87366,2026-01-16,10:28:40,INFO,AuthService,User u4106 login successful,E101,User {user} login successful
87367,2026-01-16,10:15:29,INFO,OrderProcessor,Health check passed: OrderProcessor,E102,Health check passed: {service}
87368,2026-01-16,10:36:54,INFO,OrderProcessor,Transaction tx942054 completed in 1153ms,E104,Transaction {tx} completed in {time}ms
87369,2026-01-16,10:14:24,INFO,WebServer,Health check passed: WebServer,E102,Health check passed: {service}
87370,2026-01-16,10:17:07,INFO,PaymentGateway,Page view: /home by u2022,E103,Page view: {page} by {user}
87371,2026-01-16,10:30:54,INFO,AuthService,User u1866 login successful,E101,User {user} login successful
87372,2026-01-16,10:00:13,INFO,PaymentGateway,User u4745 login successful,E101,User {user} login successful
87373,2026-01-16,10:29:49,INFO,WebServer,Transaction tx206180 completed in 1015ms,E104,Transaction {tx} completed in {time}ms
87374,2026-01-16,10:25:03,INFO,WebServer,User u4357 login successful,E101,User {user} login successful
87375,2026-01-16,10:19:26,INFO,OrderProcessor,User u4043 login successful,E101,User {user} login successful
87376,2026-01-16,10:39:03,INFO,WebServer,Health check passed: WebServer,E102,Health check passed: {service}
87377,2026-01-16,10:00:01,INFO,AuthService,Transaction tx348333 completed in 1809ms,E104,Transaction {tx} completed in {time}ms
87378,2026-01-16,10:00:41,INFO,WebServer,Transaction tx690317 completed in 77ms,E104,Transaction {tx} completed in {time}ms
87379,2026-01-16,10:02:35,INFO,AuthService,Health check passed: AuthService,E102,Health check passed: {service}
87380,2026-01-16,10:37:12,INFO,AuthService,Page view: /home by u3360,E103,Page view: {page} by {user}
87381,2026-01-16,10:50:09,INFO,AuthService,User u2650 login successful,E101,User {user} login successful
87382,2026-01-16,10:54:18,INFO,WebServer,Page view: /home by u1481,E103,Page view: {page} by {user}
87383,2026-01-16,10:40:01,INFO,OrderProcessor,Page view: /home by u2753,E103,Page view: {page} by {user}
87384,2026-01-16,10:35:46,INFO,OrderProcessor,User u4527 login successful,E101,User {user} login successful
87385,2026-01-16,10:28:24,INFO,InventoryDB,Page view: /home by u4848,E103,Page view: {page} by {user}
87386,2026-01-16,10:01:39,INFO,InventoryDB,Page view: /home by u4715,E103,Page view: {page} by {user}
87387,2026-01-16,10:28:14,INFO,WebServer,Page view: /home by u3061,E103,Page view: {page} by {user}
87388,2026-01-16,10:18:09,INFO,AuthService,Transaction tx554428 completed in 1168ms,E104,Transaction {tx} completed in {time}ms
87389,2026-01-16,10:52:38,INFO,WebServer,Transaction tx270615 completed in 963ms,E104,Transaction {tx} completed in {time}ms
87390,2026-01-16,10:51:25,INFO,WebServer,Transaction tx481389 completed in 1433ms,E104,Transaction {tx} completed in {time}ms
87391,2026-01-16,10:01:36,INFO,PaymentGateway,User u2289 login successful,E101,User {user} login successful
87392,2026-01-16,10:06:47,INFO,WebServer,Page view: /home by u4036,E103,Page view: {page} by {user}
87393,2026-01-16,10:25:07,INFO,WebServer,Page view: /home by u2952,E103,Page view: {page} by {user}
87394,2026-01-16,10:57:28,INFO,WebServer,Transaction tx901021 completed in 1762ms,E104,Transaction {tx} completed in {time}ms
87395,2026-01-16,10:04:06,INFO,WebServer,User u2314 login successful,E101,User {user} login successful
87396,2026-01-16,10:14:42,INFO,OrderProcessor,Page view: /home by u3933,E103,Page view: {page} by {user}
87397,2026-01-16,10:22:21,WARN,WebServer,High latency (1536ms) detected on WebServer,E201,High latency ({time}ms) detected on {service}
87398,2026-01-16,10:41:39,INFO,WebServer,User u1815 login successful,E101,User {user} login successful
87399,2026-01-16,10:14:13,INFO,AuthService,User u3901 login successful,E101,User {user} login successful
87400,2026-01-16,10:31:00,INFO,WebServer,Transaction tx821117 completed in 589ms,E104,Transaction {tx} completed in {time}ms
87401,2026-01-16,10:17:10,INFO,WebServer,Health check passed: WebServer,E102,Health check passed: {service}
87402,2026-01-16,10:53:48,INFO,OrderProcessor,User u2452 login successful,E101,User {user} login successful
87403,2026-01-16,10:10:21,INFO,PaymentGateway,Page view: /home by u2536,E103,Page view: {page} by {user}
87404,2026-01-16,10:27:26,WARN,WebServer,High latency (513ms) detected on WebServer,E201,High latency ({time}ms) detected on {service}
87405,2026-01-16,10:45:26,INFO,WebServer,User u1644 login successful,E101,User {user} login successful
87406,2026-01-16,10:28:25,WARN,PaymentGateway,Disk usage > 85% on node node-2,E202,Disk usage > 85% on node {node}
87407,2026-01-16,10:31:09,INFO,PaymentGateway,User u2509 login successful,E101,User {user} login successful
87408,2026-01-16,10:29:40,INFO,InventoryDB,Transaction tx778422 completed in 240ms,E104,Transaction {tx} completed in {time}ms
87409,2026-01-16,10:39:07,INFO,WebServer,User u3507 login successful,E101,User {user} login successful
87410,2026-01-16,10:08:21,INFO,WebServer,Page view: /home by u1057,E103,Page view: {page} by {user}
87411,2026-01-16,10:59:37,INFO,WebServer,Page view: /home by u1633,E103,Page view: {page} by {user}
87412,2026-01-16,10:55:13,INFO,WebServer,Page view: /home by u3940,E103,Page view: {page} by {user}
87413,2026-01-16,10:20:48,WARN,WebServer,Unauthorized access attempt from 10.0.0.45,E401,Unauthorized access attempt from {ip}
87414,2026-01-16,10:26:38,INFO,PaymentGateway,User u2528 login successful,E101,User {user} login successful
87415,2026-01-16,10:24:28,INFO,WebServer,Health check passed: WebServer,E102,Health check passed: {service}
87416,2026-01-16,10:25:09,INFO,WebServer,Health check passed: WebServer,E102,Health check passed: {service}
87417,2026-01-16,10:36:59,INFO,WebServer,User u1818 login successful,E101,User {user} login successful
87418,2026-01-16,10:26:56,INFO,WebServer,User u3626 login successful,E101,User {user} login successful
87419,2026-01-16,10:27:05,INFO,AuthService,Transaction tx563572 completed in 1508ms,E104,Transaction {tx} completed in {time}ms
87420,2026-01-16,10:07:03,INFO,OrderProcessor,Health check passed: OrderProcessor,E102,Health check passed: {service}
87421,2026-01-16,10:00:41,INFO,PaymentGateway,Health check passed: PaymentGateway,E102,Health check passed: {service}
87422,2026-01-16,10:34:52,INFO,WebServer,Health check passed: WebServer,E102,Health check passed: {service}
87423,2026-01-16,10:09:24,INFO,AuthService,Page view: /home by u2478,E103,Page view: {page} by {user}
87424,2026-01-16,10:14:40,INFO,AuthService,User u4551 login successful,E101,User {user} login successful
87425,2026-01-16,10:10:03,INFO,WebServer,Transaction tx161500 completed in 800ms,E104,Transaction {tx} completed in {time}ms
87426,2026-01-16,10:22:30,INFO,PaymentGateway,Transaction tx891895 completed in 448ms,E104,Transaction {tx} completed in {time}ms
87427,2026-01-16,10:23:15,INFO,PaymentGateway,User u1695 login successful,E101,User {user} login successful
87428,2026-01-16,10:56:02,INFO,OrderProcessor,Page view: /home by u3122,E103,Page view: {page} by {user}
87429,2026-01-16,10:42:19,INFO,WebServer,Health check passed: WebServer,E102,Health check passed: {service}
87430,2026-01-16,10:19:25,INFO,OrderProcessor,Health check passed: OrderProcessor,E102,Health check passed: {service}
87431,2026-01-16,10:05:02,INFO,WebServer,User u2869 login successful,E101,User {user} login successful
87432,2026-01-16,10:26:48,INFO,AuthService,Health check passed: AuthService,E102,Health check passed: {service}
87433,2026-01-16,10:54:00,INFO,WebServer,User u4415 login successful,E101,User {user} login successful
87434,2026-01-16,10:52:21,INFO,PaymentGateway,User u4283 login successful,E101,User {user} login successful
87435,2026-01-16,10:12:40,INFO,AuthService,Page view: /home by u3696,E103,Page view: {page} by {user}
87436,2026-01-16,10:47:37,INFO,AuthService,Page view: /home by u4062,E103,Page view: {page} by {user}
87437,2026-01-16,10:43:04,INFO,WebServer,Page view: /home by u4028,E103,Page view: {page} by {user}
87438,2026-01-16,10:24:07,INFO,InventoryDB,Page view: /home by u1038,E103,Page view: {page} by {user}
87439,2026-01-16,10:11:10,INFO,WebServer,Page view: /home by u4944,E103,Page view: {page} by {user}
87440,2026-01-16,10:18:15,INFO,AuthService,Transaction tx902356 completed in 544ms,E104,Transaction {tx} completed in {time}ms
87441,2026-01-16,10:37:31,INFO,WebServer,Transaction tx829245 completed in 966ms,E104,Transaction {tx} completed in {time}ms
87442,2026-01-16,10:50:23,INFO,WebServer,Page view: /home by u4626,E103,Page view: {page} by {user}
87443,2026-01-16,10:17:14,INFO,AuthService,Page view: /home by u4290,E103,Page view: {page} by {user}
87444,2026-01-16,10:21:51,INFO,WebServer,Health check passed: WebServer,E102,Health check passed: {service}
87445,2026-01-16,10:40:19,INFO,AuthService,Page view: /home by u2499,E103,Page view: {page} by {user}
87446,2026-01-16,10:31:13,INFO,AuthService,Page view: /home by u1543,E103,Page view: {page} by {user}
87447,2026-01-16,10:27:03,INFO,WebServer,Health check passed: WebServer,E102,Health check passed: {service}
87448,2026-01-16,10:40:27,WARN,OrderProcessor,Disk usage > 85% on node node-1,E202,Disk usage > 85% on node {node}
87449,2026-01-16,10:12:03,INFO,OrderProcessor,Page view: /home by u4252,E103,Page view: {page} by {user}
87450,2026-01-16,10:50:13,INFO,WebServer,Transaction tx703891 completed in 447ms,E104,Transaction {tx} completed in {time}ms
87451,2026-01-16,10:28:39,INFO,WebServer,User u3628 login successful,E101,User {user} login successful
87452,2026-01-16,10:25:06,INFO,WebServer,User u3315 login successful,E101,User {user} login successful
87453,2026-01-16,10:24:32,INFO,WebServer,Transaction tx797396 completed in 657ms,E104,Transaction {tx} completed in {time}ms
87454,2026-01-16,10:39:59,INFO,AuthService,Page view: /home by u2823,E103,Page view: {page} by {user}
87455,2026-01-16,10:19:56,INFO,AuthService,Health check passed: AuthService,E102,Health check passed: {service}
87456,2026-01-16,10:34:28,INFO,WebServer,Page view: /home by u2970,E103,Page view: {page} by {user}
87457,2026-01-16,10:43:16,INFO,WebServer,Transaction tx980935 completed in 736ms,E104,Transaction {tx} completed in {time}ms
87458,2026-01-16,10:31:16,INFO,AuthService,Transaction tx627413 completed in 1182ms,E104,Transaction {tx} completed in {time}ms
87459,2026-01-16,10:18:20,INFO,WebServer,Health check passed: WebServer,E102,Health check passed: {service}
87460,2026-01-16,10:18:40,INFO,AuthService,Page view: /home by u2334,E103,Page view: {page} by {user}
87461,2026-01-16,10:58:39,INFO,AuthService,User u2178 login successful,E101,User {user} login successful
87462,2026-01-16,10:21:29,INFO,AuthService,Page view: /home by u3294,E103,Page view: {page} by {user}
87463,2026-01-16,10:54:12,INFO,WebServer,Health check passed: WebServer,E102,Health check passed: {service}
87464,2026-01-16,10:57:14,INFO,WebServer,Page view: /home by u3706,E103,Page view: {page} by {user}
87465,2026-01-16,10:59:32,INFO,WebServer,Health check passed: WebServer,E102,Health check passed: {service}
87466,2026-01-16,10:03:34,INFO,AuthService,User u4225 login successful,E101,User {user} login successful
87467,2026-01-16,10:45:34,INFO,AuthService,User u4075 login successful,E101,User {user} login successful
87468,2026-01-16,10:50:40,INFO,AuthService,Transaction tx803773 completed in 465ms,E104,Transaction {tx} completed in {time}ms
87469,2026-01-16,10:31:04,INFO,InventoryDB,User u1716 login successful,E101,User {user} login successful
87470,2026-01-16,10:20:42,INFO,OrderProcessor,Health check passed: OrderProcessor,E102,Health check passed: {service}
87471,2026-01-16,10:22:34,INFO,PaymentGateway,Page view: /home by u3810,E103,Page view: {page} by {user}
87472,2026-01-16,10:34:39,INFO,WebServer,Page view: /home by u2725,E103,Page view: {page} by {user}
87473,2026-01-16,10:04:01,INFO,PaymentGateway,User u2188 login successful,E101,User {user} login successful
87474,2026-01-16,10:33:50,INFO,AuthService,Health check passed: AuthService,E102,Health check passed: {service}
87475,2026-01-16,10:22:01,INFO,WebServer,Health check passed: WebServer,E102,Health check passed: {service}
87476,2026-01-16,10:00:28,INFO,WebServer,User u2447 login successful,E101,User {user} login successful
87477,2026-01-16,10:26:48,INFO,OrderProcessor,Page view: /home by u4068,E103,Page view: {page} by {user}
87478,2026-01-16,10:56:09,INFO,AuthService,Health check passed: AuthService,E102,Health check passed: {service}
87479,2026-01-16,10:42:47,INFO,WebServer,Page view: /home by u4994,E103,Page view: {page} by {user}
87480,2026-01-16,10:22:27,INFO,WebServer,Page view: /home by u3158,E103,Page view: {page} by {user}
87481,2026-01-16,10:23:31,INFO,WebServer,Page view: /home by u1767,E103,Page view: {page} by {user}
87482,2026-01-16,10:57:48,INFO,WebServer,Transaction tx325983 completed in 1787ms,E104,Transaction {tx} completed in {time}ms
87483,2026-01-16,10:51:10,WARN,WebServer,High latency (1178ms) detected on WebServer,E201,High latency ({time}ms) detected on {service}
87484,2026-01-16,10:55:14,INFO,OrderProcessor,Transaction tx115916 completed in 402ms,E104,Transaction {tx} completed in {time}ms
87485,2026-01-16,10:48:52,WARN,WebServer,High latency (1361ms) detected on WebServer,E201,High latency ({time}ms) detected on {service}
87486,2026-01-16,10:32:06,INFO,WebServer,Health check passed: WebServer,E102,Health check passed: {service}
87487,2026-01-16,10:28:28,INFO,WebServer,Transaction tx999331 completed in 1253ms,E104,Transaction {tx} completed in {time}ms
87488,2026-01-16,10:15:26,INFO,WebServer,User u3959 login successful,E101,User {user} login successful
87489,2026-01-16,10:33:30,INFO,WebServer,Page view: /home by u3901,E103,Page view: {page} by {user}
87490,2026-01-16,10:13:17,INFO,AuthService,Page view: /home by u1852,E103,Page view: {page} by {user}
87491,2026-01-16,10:01:56,INFO,WebServer,User u1690 login successful,E101,User {user} login successful
87492,2026-01-16,10:42:17,INFO,WebServer,Health check passed: WebServer,E102,Health check passed: {service}
87493,2026-01-16,10:37:09,INFO,OrderProcessor,Health check passed: OrderProcessor,E102,Health check passed: {service}
87494,2026-01-16,10:28:34,INFO,InventoryDB,Transaction tx125605 completed in 1626ms,E104,Transaction {tx} completed in {time}ms
87495,2026-01-16,10:35:57,INFO,WebServer,Transaction tx555403 completed in 875ms,E104,Transaction {tx} completed in {time}ms
87496,2026-01-16,10:18:28,INFO,AuthService,User u1367 login successful,E101,User {user} login successful
87497,2026-01-16,10:47:44,INFO,WebServer,Health check passed: WebServer,E102,Health check passed: {service}
87498,2026-01-16,10:30:16,INFO,OrderProcessor,Health check passed: OrderProcessor,E102,Health check passed: {service}
87499,2026-01-16,10:53:21,INFO,WebServer,Transaction tx100457 completed in 410ms,E104,Transaction {tx} completed in {time}ms
87500,2026-01-16,10:46:02,INFO,AuthService,Transaction tx955683 completed in 1014ms,E104,Transaction {tx} completed in {time}ms
87501,2026-01-16,10:06:14,INFO,InventoryDB,Transaction tx538788 completed in 1892ms,E104,Transaction {tx} completed in {time}ms
87502,2026-01-16,10:50:07,INFO,WebServer,Transaction tx656518 completed in 1264ms,E104,Transaction {tx} completed in {time}ms
87503,2026-01-16,10:30:58,INFO,AuthService,Health check passed: AuthService,E102,Health check passed: {service}
87504,2026-01-16,10:56:40,INFO,WebServer,Page view: /home by u4419,E103,Page view: {page} by {user}
87505,2026-01-16,10:56:56,INFO,WebServer,User u1002 login successful,E101,User {user} login successful
87506,2026-01-16,10:06:34,INFO,WebServer,Health check passed: WebServer,E102,Health check passed: {service}
87507,2026-01-16,10:37:10,INFO,WebServer,Health check passed: WebServer,E102,Health check passed: {service}
87508,2026-01-16,10:55:09,INFO,AuthService,Health check passed: AuthService,E102,Health check passed: {service}
87509,2026-01-16,10:28:58,WARN,WebServer,High latency (1335ms) detected on WebServer,E201,High latency ({time}ms) detected on {service}
87510,2026-01-16,10:23:37,INFO,OrderProcessor,User u1173 login successful,E101,User {user} login successful
87511,2026-01-16,10:57:29,INFO,OrderProcessor,Transaction tx801656 completed in 1691ms,E104,Transaction {tx} completed in {time}ms
87512,2026-01-16,10:09:20,INFO,WebServer,Transaction tx786227 completed in 259ms,E104,Transaction {tx} completed in {time}ms
87513,2026-01-16,10:43:57,INFO,WebServer,User u4469 login successful,E101,User {user} login successful
87514,2026-01-16,10:50:33,CRITICAL,AuthService,DATA CORRUPTION detected in sector 513,E602,DATA CORRUPTION detected in sector {sector}
87515,2026-01-16,10:59:17,INFO,WebServer,Transaction tx337313 completed in 649ms,E104,Transaction {tx} completed in {time}ms
87516,2026-01-16,10:25:43,INFO,WebServer,User u1198 login successful,E101,User {user} login successful
87517,2026-01-16,10:42:32,INFO,OrderProcessor,Health check passed: OrderProcessor,E102,Health check passed: {service}
87518,2026-01-16,10:23:29,INFO,InventoryDB,Health check passed: InventoryDB,E102,Health check passed: {service}
87519,2026-01-16,10:25:19,INFO,WebServer,Page view: /home by u4212,E103,Page view: {page} by {user}
87520,2026-01-16,10:07:33,INFO,WebServer,Page view: /home by u2621,E103,Page view: {page} by {user}
87521,2026-01-16,10:18:11,INFO,WebServer,Health check passed: WebServer,E102,Health check passed: {service}
87522,2026-01-16,10:09:21,INFO,WebServer,User u2571 login successful,E101,User {user} login successful
87523,2026-01-16,10:56:37,INFO,WebServer,Transaction tx955619 completed in 1165ms,E104,Transaction {tx} completed in {time}ms
87524,2026-01-16,10:12:19,INFO,WebServer,Transaction tx800692 completed in 1445ms,E104,Transaction {tx} completed in {time}ms
87525,2026-01-16,10:13:55,INFO,WebServer,Page view: /home by u1330,E103,Page view: {page} by {user}
87526,2026-01-16,10:45:59,INFO,AuthService,Page view: /home by u3426,E103,Page view: {page} by {user}
87527,2026-01-16,10:10:57,INFO,InventoryDB,User u2282 login successful,E101,User {user} login successful
87528,2026-01-16,10:00:06,INFO,WebServer,Transaction tx600635 completed in 541ms,E104,Transaction {tx} completed in {time}ms
87529,2026-01-16,10:52:52,INFO,WebServer,Page view: /home by u1098,E103,Page view: {page} by {user}
87530,2026-01-16,10:36:45,INFO,OrderProcessor,Health check passed: OrderProcessor,E102,Health check passed: {service}
87531,2026-01-16,10:51:50,INFO,OrderProcessor,Page view: /home by u3773,E103,Page view: {page} by {user}
87532,2026-01-16,10:54:28,INFO,WebServer,Transaction tx913982 completed in 1866ms,E104,Transaction {tx} completed in {time}ms
87533,2026-01-16,10:31:52,WARN,PaymentGateway,Unauthorized access attempt from 10.0.0.10,E401,Unauthorized access attempt from {ip}
87534,2026-01-16,10:34:05,INFO,WebServer,Page view: /home by u2661,E103,Page view: {page} by {user}
87535,2026-01-16,10:50:14,INFO,WebServer,Page view: /home by u4865,E103,Page view: {page} by {user}
87536,2026-01-16,10:56:48,INFO,PaymentGateway,Transaction tx886102 completed in 1414ms,E104,Transaction {tx} completed in {time}ms
87537,2026-01-16,10:17:15,WARN,WebServer,High latency (555ms) detected on WebServer,E201,High latency ({time}ms) detected on {service}
87538,2026-01-16,10:20:48,INFO,OrderProcessor,User u3925 login successful,E101,User {user} login successful
87539,2026-01-16,10:39:50,INFO,AuthService,User u1873 login successful,E101,User {user} login successful
87540,2026-01-16,10:23:03,INFO,WebServer,Health check passed: WebServer,E102,Health check passed: {service}
87541,2026-01-16,10:29:46,INFO,WebServer,Transaction tx430804 completed in 235ms,E104,Transaction {tx} completed in {time}ms
87542,2026-01-16,10:02:07,INFO,OrderProcessor,User u4526 login successful,E101,User {user} login successful
87543,2026-01-16,10:38:32,INFO,WebServer,Health check passed: WebServer,E102,Health check passed: {service}
87544,2026-01-16,10:25:59,INFO,WebServer,Page view: /home by u4686,E103,Page view: {page} by {user}
87545,2026-01-16,10:39:55,INFO,WebServer,Page view: /home by u4556,E103,Page view: {page} by {user}
87546,2026-01-16,10:00:06,INFO,AuthService,Transaction tx506979 completed in 1504ms,E104,Transaction {tx} completed in {time}ms
87547,2026-01-16,10:26:56,INFO,AuthService,Transaction tx388929 completed in 747ms,E104,Transaction {tx} completed in {time}ms
87548,2026-01-16,10:43:34,INFO,WebServer,Transaction tx156775 completed in 415ms,E104,Transaction {tx} completed in {time}ms
87549,2026-01-16,10:27:34,WARN,InventoryDB,Unauthorized access attempt from 10.0.0.45,E401,Unauthorized access attempt from {ip}
87550,2026-01-16,10:04:01,INFO,WebServer,Transaction tx834944 completed in 1643ms,E104,Transaction {tx} completed in {time}ms
87551,2026-01-16,10:29:22,INFO,WebServer,Page view: /home by u1832,E103,Page view: {page} by {user}
87552,2026-01-16,10:10:11,INFO,AuthService,Page view: /home by u3892,E103,Page view: {page} by {user}
87553,2026-01-16,10:59:02,INFO,WebServer,Page view: /home by u3461,E103,Page view: {page} by {user}
87554,2026-01-16,10:54:18,INFO,InventoryDB,Transaction tx471965 completed in 340ms,E104,Transaction {tx} completed in {time}ms
87555,2026-01-16,10:25:20,INFO,InventoryDB,Transaction tx520713 completed in 121ms,E104,Transaction {tx} completed in {time}ms
87556,2026-01-16,10:26:56,INFO,AuthService,User u1748 login successful,E101,User {user} login successful
87557,2026-01-16,10:49:21,INFO,WebServer,Page view: /home by u4473,E103,Page view: {page} by {user}
87558,2026-01-16,10:20:46,INFO,PaymentGateway,Page view: /home by u1248,E103,Page view: {page} by {user}
87559,2026-01-16,10:29:20,INFO,AuthService,Health check passed: AuthService,E102,Health check passed: {service}
87560,2026-01-16,10:54:02,INFO,WebServer,Transaction tx817247 completed in 1122ms,E104,Transaction {tx} completed in {time}ms
87561,2026-01-16,10:35:01,INFO,WebServer,Page view: /home by u1939,E103,Page view: {page} by {user}
87562,2026-01-16,10:49:17,INFO,InventoryDB,User u4724 login successful,E101,User {user} login successful
87563,2026-01-16,10:18:47,INFO,AuthService,User u1783 login successful,E101,User {user} login successful
87564,2026-01-16,10:35:00,INFO,PaymentGateway,Transaction tx895401 completed in 1227ms,E104,Transaction {tx} completed in {time}ms
87565,2026-01-16,10:26:55,INFO,OrderProcessor,Transaction tx312331 completed in 1130ms,E104,Transaction {tx} completed in {time}ms
87566,2026-01-16,10:28:46,WARN,AuthService,Unauthorized access attempt from 10.0.0.45,E401,Unauthorized access attempt from {ip}
87567,2026-01-16,10:45:40,INFO,WebServer,Health check passed: WebServer,E102,Health check passed: {service}
87568,2026-01-16,10:42:44,INFO,WebServer,Transaction tx896244 completed in 586ms,E104,Transaction {tx} completed in {time}ms
87569,2026-01-16,10:36:51,INFO,WebServer,Transaction tx702353 completed in 710ms,E104,Transaction {tx} completed in {time}ms
87570,2026-01-16,10:47:55,INFO,WebServer,Page view: /home by u4130,E103,Page view: {page} by {user}
87571,2026-01-16,10:54:19,INFO,WebServer,User u4103 login successful,E101,User {user} login successful
87572,2026-01-16,10:33:39,INFO,WebServer,Transaction tx102110 completed in 1612ms,E104,Transaction {tx} completed in {time}ms
87573,2026-01-16,10:02:31,INFO,AuthService,User u3554 login successful,E101,User {user} login successful
87574,2026-01-16,10:12:24,ERROR,WebServer,Timeout waiting for lock on InventoryDB,E502,Timeout waiting for lock on {db}
87575,2026-01-16,10:40:27,INFO,WebServer,User u1246 login successful,E101,User {user} login successful
87576,2026-01-16,10:38:48,INFO,PaymentGateway,Health check passed: PaymentGateway,E102,Health check passed: {service}
87577,2026-01-16,10:45:28,INFO,OrderProcessor,Transaction tx705769 completed in 1114ms,E104,Transaction {tx} completed in {time}ms
87578,2026-01-16,10:41:57,CRITICAL,WebServer,KERNEL PANIC: Node node-4 crashed,E601,KERNEL PANIC: Node {node} crashed
87579,2026-01-16,10:54:31,INFO,WebServer,Page view: /home by u1603,E103,Page view: {page} by {user}
87580,2026-01-16,10:38:10,INFO,WebServer,Health check passed: WebServer,E102,Health check passed: {service}
87581,2026-01-16,10:03:39,INFO,OrderProcessor,Health check passed: OrderProcessor,E102,Health check passed: {service}
87582,2026-01-16,10:55:14,INFO,OrderProcessor,Transaction tx524589 completed in 32ms,E104,Transaction {tx} completed in {time}ms
87583,2026-01-16,10:41:51,INFO,AuthService,Transaction tx361879 completed in 1575ms,E104,Transaction {tx} completed in {time}ms
87584,2026-01-16,10:19:37,INFO,OrderProcessor,Transaction tx401021 completed in 90ms,E104,Transaction {tx} completed in {time}ms
87585,2026-01-16,10:06:22,INFO,WebServer,User u1842 login successful,E101,User {user} login successful
87586,2026-01-16,10:59:09,INFO,PaymentGateway,Transaction tx646690 completed in 1321ms,E104,Transaction {tx} completed in {time}ms
87587,2026-01-16,10:48:53,INFO,PaymentGateway,Health check passed: PaymentGateway,E102,Health check passed: {service}
87588,2026-01-16,10:26:29,INFO,WebServer,Transaction tx895543 completed in 324ms,E104,Transaction {tx} completed in {time}ms
87589,2026-01-16,10:04:45,INFO,WebServer,Health check passed: WebServer,E102,Health check passed: {service}
87590,2026-01-16,10:47:16,WARN,PaymentGateway,Unauthorized access attempt from 10.0.0.99,E401,Unauthorized access attempt from {ip}
87591,2026-01-16,10:15:31,INFO,AuthService,User u1519 login successful,E101,User {user} login successful
87592,2026-01-16,10:08:53,INFO,OrderProcessor,Health check passed: OrderProcessor,E102,Health check passed: {service}
87593,2026-01-16,10:29:50,INFO,WebServer,User u4468 login successful,E101,User {user} login successful
87594,2026-01-16,10:03:52,INFO,OrderProcessor,Transaction tx786040 completed in 695ms,E104,Transaction {tx} completed in {time}ms
87595,2026-01-16,10:59:27,INFO,PaymentGateway,User u3772 login successful,E101,User {user} login successful
87596,2026-01-16,10:46:07,INFO,WebServer,Health check passed: WebServer,E102,Health check passed: {service}
87597,2026-01-16,10:26:57,INFO,WebServer,Transaction tx406983 completed in 1764ms,E104,Transaction {tx} completed in {time}ms
87598,2026-01-16,10:56:08,INFO,WebServer,Page view: /home by u1560,E103,Page view: {page} by {user}
87599,2026-01-16,10:04:17,INFO,WebServer,Transaction tx734248 completed in 1216ms,E104,Transaction {tx} completed in {time}ms
87600,2026-01-16,10:43:00,INFO,WebServer,Page view: /home by u1549,E103,Page view: {page} by {user}
87601,2026-01-16,10:15:47,INFO,AuthService,User u3024 login successful,E101,User {user} login successful
87602,2026-01-16,10:17:02,WARN,WebServer,Unauthorized access attempt from 10.0.0.45,E401,Unauthorized access attempt from {ip}
87603,2026-01-16,10:06:35,INFO,WebServer,Page view: /home by u2966,E103,Page view: {page} by {user}
87604,2026-01-16,10:05:53,INFO,WebServer,Page view: /home by u3438,E103,Page view: {page} by {user}
87605,2026-01-16,10:57:32,ERROR,AuthService,Payment declined: Gateway unavailable,E503,Payment declined: Gateway unavailable
87606,2026-01-16,10:20:28,INFO,WebServer,Page view: /home by u4659,E103,Page view: {page} by {user}
87607,2026-01-16,10:43:00,INFO,WebServer,Transaction tx659013 completed in 788ms,E104,Transaction {tx} completed in {time}ms
87608,2026-01-16,10:34:39,INFO,AuthService,Health check passed: AuthService,E102,Health check passed: {service}
87609,2026-01-16,10:18:29,INFO,WebServer,Health check passed: WebServer,E102,Health check passed: {service}
87610,2026-01-16,10:00:33,INFO,AuthService,User u1245 login successful,E101,User {user} login successful
87611,2026-01-16,10:45:51,INFO,WebServer,Transaction tx905787 completed in 236ms,E104,Transaction {tx} completed in {time}ms
87612,2026-01-16,10:54:10,INFO,AuthService,Health check passed: AuthService,E102,Health check passed: {service}
87613,2026-01-16,10:32:07,INFO,InventoryDB,Health check passed: InventoryDB,E102,Health check passed: {service}
87614,2026-01-16,10:38:16,INFO,WebServer,Page view: /home by u4420,E103,Page view: {page} by {user}
87615,2026-01-16,10:39:37,WARN,WebServer,High latency (1638ms) detected on WebServer,E201,High latency ({time}ms) detected on {service}
87616,2026-01-16,10:38:36,INFO,AuthService,Page view: /home by u2992,E103,Page view: {page} by {user}
87617,2026-01-16,10:53:13,INFO,OrderProcessor,Health check passed: OrderProcessor,E102,Health check passed: {service}
87618,2026-01-16,10:58:50,WARN,PaymentGateway,Unauthorized access attempt from 10.0.0.12,E401,Unauthorized access attempt from {ip}
87619,2026-01-16,10:09:52,INFO,WebServer,Page view: /home by u3563,E103,Page view: {page} by {user}
87620,2026-01-16,10:41:22,WARN,WebServer,Disk usage > 85% on node node-5,E202,Disk usage > 85% on node {node}
87621,2026-01-16,10:16:03,INFO,PaymentGateway,Health check passed: PaymentGateway,E102,Health check passed: {service}
87622,2026-01-16,10:59:11,INFO,AuthService,Page view: /home by u3108,E103,Page view: {page} by {user}
87623,2026-01-16,10:39:53,INFO,WebServer,Health check passed: WebServer,E102,Health check passed: {service}
87624,2026-01-16,10:39:24,INFO,AuthService,Health check passed: AuthService,E102,Health check passed: {service}
87625,2026-01-16,10:12:17,INFO,WebServer,Health check passed: WebServer,E102,Health check passed: {service}
87626,2026-01-16,10:55:49,INFO,WebServer,Health check passed: WebServer,E102,Health check passed: {service}
87627,2026-01-16,10:55:59,INFO,OrderProcessor,Transaction tx961768 completed in 1134ms,E104,Transaction {tx} completed in {time}ms
87628,2026-01-16,10:53:26,INFO,WebServer,Transaction tx406855 completed in 1316ms,E104,Transaction {tx} completed in {time}ms
87629,2026-01-16,10:52:44,INFO,WebServer,Transaction tx357108 completed in 846ms,E104,Transaction {tx} completed in {time}ms
87630,2026-01-16,10:34:05,INFO,PaymentGateway,Transaction tx797478 completed in 729ms,E104,Transaction {tx} completed in {time}ms
87631,2026-01-16,10:31:35,INFO,WebServer,Page view: /home by u4637,E103,Page view: {page} by {user}
87632,2026-01-16,10:44:00,INFO,OrderProcessor,Health check passed: OrderProcessor,E102,Health check passed: {service}
87633,2026-01-16,10:10:13,INFO,OrderProcessor,Page view: /home by u1008,E103,Page view: {page} by {user}
87634,2026-01-16,10:07:43,INFO,WebServer,Transaction tx360134 completed in 1608ms,E104,Transaction {tx} completed in {time}ms
87635,2026-01-16,10:16:41,INFO,WebServer,Page view: /home by u3713,E103,Page view: {page} by {user}
87636,2026-01-16,10:28:33,WARN,OrderProcessor,Unauthorized access attempt from 10.0.0.45,E401,Unauthorized access attempt from {ip}
87637,2026-01-16,10:40:33,WARN,WebServer,Disk usage > 85% on node node-2,E202,Disk usage > 85% on node {node}
87638,2026-01-16,10:00:20,INFO,WebServer,Health check passed: WebServer,E102,Health check passed: {service}
87639,2026-01-16,10:10:49,INFO,WebServer,Page view: /home by u2239,E103,Page view: {page} by {user}
87640,2026-01-16,10:43:23,WARN,WebServer,High latency (2000ms) detected on WebServer,E201,High latency ({time}ms) detected on {service}
87641,2026-01-16,10:50:35,INFO,PaymentGateway,User u4771 login successful,E101,User {user} login successful
87642,2026-01-16,10:09:10,INFO,WebServer,Transaction tx639370 completed in 599ms,E104,Transaction {tx} completed in {time}ms
87643,2026-01-16,10:09:40,INFO,WebServer,User u4909 login successful,E101,User {user} login successful
87644,2026-01-16,10:42:21,INFO,WebServer,Page view: /home by u3659,E103,Page view: {page} by {user}
87645,2026-01-16,10:02:24,INFO,PaymentGateway,Transaction tx510467 completed in 701ms,E104,Transaction {tx} completed in {time}ms
87646,2026-01-16,10:27:11,INFO,WebServer,Transaction tx536329 completed in 1107ms,E104,Transaction {tx} completed in {time}ms
87647,2026-01-16,10:12:16,INFO,WebServer,Transaction tx299968 completed in 761ms,E104,Transaction {tx} completed in {time}ms
87648,2026-01-16,10:19:19,INFO,InventoryDB,Health check passed: InventoryDB,E102,Health check passed: {service}
87649,2026-01-16,10:09:05,INFO,WebServer,User u2316 login successful,E101,User {user} login successful
87650,2026-01-16,10:52:51,INFO,OrderProcessor,Health check passed: OrderProcessor,E102,Health check passed: {service}
87651,2026-01-16,10:23:52,INFO,PaymentGateway,Health check passed: PaymentGateway,E102,Health check passed: {service}
87652,2026-01-16,10:48:17,INFO,WebServer,Page view: /home by u2941,E103,Page view: {page} by {user}
87653,2026-01-16,10:34:39,INFO,OrderProcessor,User u3750 login successful,E101,User {user} login successful
87654,2026-01-16,10:27:36,INFO,WebServer,Page view: /home by u3267,E103,Page view: {page} by {user}
87655,2026-01-16,10:49:51,INFO,WebServer,Transaction tx891881 completed in 910ms,E104,Transaction {tx} completed in {time}ms
87656,2026-01-16,10:08:46,INFO,WebServer,Health check passed: WebServer,E102,Health check passed: {service}
87657,2026-01-16,10:42:06,INFO,WebServer,Health check passed: WebServer,E102,Health check passed: {service}
87658,2026-01-16,10:03:57,WARN,AuthService,High latency (1321ms) detected on AuthService,E201,High latency ({time}ms) detected on {service}
87659,2026-01-16,10:52:33,INFO,PaymentGateway,Health check passed: PaymentGateway,E102,Health check passed: {service}
87660,2026-01-16,10:04:00,INFO,AuthService,Transaction tx932633 completed in 513ms,E104,Transaction {tx} completed in {time}ms
87661,2026-01-16,10:04:13,INFO,WebServer,Page view: /home by u2768,E103,Page view: {page} by {user}
87662,2026-01-16,10:41:29,ERROR,WebServer,Connection refused to WebServer at 10.0.0.45,E501,Connection refused to {service} at {ip}
87663,2026-01-16,10:17:43,INFO,OrderProcessor,Transaction tx781192 completed in 437ms,E104,Transaction {tx} completed in {time}ms
87664,2026-01-16,10:08:46,INFO,WebServer,Transaction tx238777 completed in 1395ms,E104,Transaction {tx} completed in {time}ms
87665,2026-01-16,10:35:21,INFO,AuthService,Page view: /home by u2529,E103,Page view: {page} by {user}
87666,2026-01-16,10:16:11,INFO,WebServer,Page view: /home by u3025,E103,Page view: {page} by {user}
87667,2026-01-16,10:47:07,INFO,AuthService,Page view: /home by u3515,E103,Page view: {page} by {user}
87668,2026-01-16,10:53:42,INFO,InventoryDB,Transaction tx247448 completed in 1826ms,E104,Transaction {tx} completed in {time}ms
87669,2026-01-16,10:44:04,INFO,WebServer,Transaction tx316373 completed in 1154ms,E104,Transaction {tx} completed in {time}ms
87670,2026-01-16,10:21:42,INFO,OrderProcessor,Transaction tx135384 completed in 1119ms,E104,Transaction {tx} completed in {time}ms
87671,2026-01-16,10:25:40,INFO,WebServer,User u4350 login successful,E101,User {user} login successful
87672,2026-01-16,10:54:08,INFO,WebServer,Health check passed: WebServer,E102,Health check passed: {service}
87673,2026-01-16,10:54:19,ERROR,WebServer,Timeout waiting for lock on InventoryDB,E502,Timeout waiting for lock on {db}
87674,2026-01-16,10:54:13,INFO,OrderProcessor,Transaction tx269709 completed in 627ms,E104,Transaction {tx} completed in {time}ms
87675,2026-01-16,10:32:17,INFO,WebServer,Page view: /home by u3155,E103,Page view: {page} by {user}
87676,2026-01-16,10:21:13,INFO,WebServer,Health check passed: WebServer,E102,Health check passed: {service}
87677,2026-01-16,10:04:52,INFO,AuthService,Health check passed: AuthService,E102,Health check passed: {service}
87678,2026-01-16,10:15:13,ERROR,InventoryDB,Payment declined: Gateway unavailable,E503,Payment declined: Gateway unavailable
87679,2026-01-16,10:44:14,INFO,WebServer,Health check passed: WebServer,E102,Health check passed: {service}
87680,2026-01-16,10:52:24,INFO,AuthService,User u4801 login successful,E101,User {user} login successful
87681,2026-01-16,10:54:57,INFO,WebServer,Transaction tx431692 completed in 72ms,E104,Transaction {tx} completed in {time}ms
87682,2026-01-16,10:54:38,INFO,WebServer,Page view: /home by u4062,E103,Page view: {page} by {user}
87683,2026-01-16,11:00:42,CRITICAL,OrderProcessor,KERNEL PANIC: Node node-1 crashed,E601,KERNEL PANIC: Node {node} crashed
87684,2026-01-16,11:51:58,INFO,PaymentGateway,User u1167 login successful,E101,User {user} login successful
87685,2026-01-16,11:35:32,INFO,OrderProcessor,User u3523 login successful,E101,User {user} login successful
87686,2026-01-16,11:52:17,INFO,WebServer,Transaction tx859371 completed in 295ms,E104,Transaction {tx} completed in {time}ms
87687,2026-01-16,11:13:35,INFO,OrderProcessor,Page view: /home by u4157,E103,Page view: {page} by {user}
87688,2026-01-16,11:43:00,INFO,OrderProcessor,Page view: /home by u3179,E103,Page view: {page} by {user}
87689,2026-01-16,11:42:37,INFO,WebServer,Transaction tx700767 completed in 1061ms,E104,Transaction {tx} completed in {time}ms
87690,2026-01-16,11:29:36,INFO,AuthService,User u1759 login successful,E101,User {user} login successful
87691,2026-01-16,11:37:54,INFO,WebServer,Page view: /home by u1397,E103,Page view: {page} by {user}
87692,2026-01-16,11:08:23,INFO,AuthService,Page view: /home by u3128,E103,Page view: {page} by {user}
87693,2026-01-16,11:57:37,INFO,PaymentGateway,Transaction tx783013 completed in 691ms,E104,Transaction {tx} completed in {time}ms
87694,2026-01-16,11:41:39,INFO,PaymentGateway,Health check passed: PaymentGateway,E102,Health check passed: {service}
87695,2026-01-16,11:50:45,INFO,AuthService,Health check passed: AuthService,E102,Health check passed: {service}
87696,2026-01-16,11:14:58,INFO,AuthService,Transaction tx273050 completed in 1586ms,E104,Transaction {tx} completed in {time}ms
87697,2026-01-16,11:59:52,INFO,OrderProcessor,Transaction tx247463 completed in 942ms,E104,Transaction {tx} completed in {time}ms
87698,2026-01-16,11:43:24,INFO,OrderProcessor,User u3631 login successful,E101,User {user} login successful
87699,2026-01-16,11:30:44,INFO,WebServer,Page view: /home by u3460,E103,Page view: {page} by {user}
87700,2026-01-16,11:06:34,INFO,WebServer,Health check passed: WebServer,E102,Health check passed: {service}
87701,2026-01-16,11:09:06,INFO,OrderProcessor,Health check passed: OrderProcessor,E102,Health check passed: {service}
87702,2026-01-16,11:22:23,INFO,WebServer,Transaction tx743451 completed in 932ms,E104,Transaction {tx} completed in {time}ms
87703,2026-01-16,11:29:45,INFO,AuthService,Page view: /home by u2218,E103,Page view: {page} by {user}
87704,2026-01-16,11:53:15,CRITICAL,WebServer,KERNEL PANIC: Node node-2 crashed,E601,KERNEL PANIC: Node {node} crashed
87705,2026-01-16,11:16:26,INFO,InventoryDB,Page view: /home by u4716,E103,Page view: {page} by {user}
87706,2026-01-16,11:42:52,ERROR,AuthService,Timeout waiting for lock on InventoryDB,E502,Timeout waiting for lock on {db}
87707,2026-01-16,11:54:55,INFO,PaymentGateway,Page view: /home by u3290,E103,Page view: {page} by {user}
87708,2026-01-16,11:38:04,INFO,WebServer,Page view: /home by u4323,E103,Page view: {page} by {user}
87709,2026-01-16,11:50:56,INFO,WebServer,Health check passed: WebServer,E102,Health check passed: {service}
87710,2026-01-16,11:04:48,WARN,WebServer,Disk usage > 85% on node node-3,E202,Disk usage > 85% on node {node}
87711,2026-01-16,11:24:52,INFO,AuthService,User u3606 login successful,E101,User {user} login successful
87712,2026-01-16,11:33:05,INFO,AuthService,Health check passed: AuthService,E102,Health check passed: {service}
87713,2026-01-16,11:08:46,WARN,WebServer,High latency (1849ms) detected on WebServer,E201,High latency ({time}ms) detected on {service}
87714,2026-01-16,11:00:39,INFO,OrderProcessor,Page view: /home by u4531,E103,Page view: {page} by {user}
87715,2026-01-16,11:26:28,INFO,WebServer,Transaction tx976271 completed in 427ms,E104,Transaction {tx} completed in {time}ms
87716,2026-01-16,11:05:35,INFO,WebServer,Transaction tx664971 completed in 1314ms,E104,Transaction {tx} completed in {time}ms
87717,2026-01-16,11:07:46,INFO,WebServer,User u2082 login successful,E101,User {user} login successful
87718,2026-01-16,11:05:37,INFO,WebServer,User u1688 login successful,E101,User {user} login successful
87719,2026-01-16,11:54:07,INFO,WebServer,Transaction tx449953 completed in 1622ms,E104,Transaction {tx} completed in {time}ms
87720,2026-01-16,11:10:48,INFO,WebServer,Transaction tx426194 completed in 1802ms,E104,Transaction {tx} completed in {time}ms
87721,2026-01-16,11:53:24,INFO,InventoryDB,User u2119 login successful,E101,User {user} login successful
87722,2026-01-16,11:36:25,INFO,OrderProcessor,Transaction tx983801 completed in 1886ms,E104,Transaction {tx} completed in {time}ms
87723,2026-01-16,11:20:10,INFO,WebServer,Health check passed: WebServer,E102,Health check passed: {service}
87724,2026-01-16,11:32:31,INFO,AuthService,Health check passed: AuthService,E102,Health check passed: {service}
87725,2026-01-16,11:24:08,INFO,WebServer,Page view: /home by u3188,E103,Page view: {page} by {user}
87726,2026-01-16,11:34:07,INFO,WebServer,User u2530 login successful,E101,User {user} login successful
87727,2026-01-16,11:22:39,INFO,WebServer,Health check passed: WebServer,E102,Health check passed: {service}
87728,2026-01-16,11:08:50,INFO,WebServer,User u3257 login successful,E101,User {user} login successful
87729,2026-01-16,11:04:41,INFO,WebServer,Transaction tx669083 completed in 1949ms,E104,Transaction {tx} completed in {time}ms
87730,2026-01-16,11:47:45,INFO,WebServer,Page view: /home by u3505,E103,Page view: {page} by {user}
87731,2026-01-16,11:45:30,INFO,AuthService,Health check passed: AuthService,E102,Health check passed: {service}
87732,2026-01-16,11:29:59,INFO,WebServer,User u4457 login successful,E101,User {user} login successful
87733,2026-01-16,11:07:34,INFO,PaymentGateway,Health check passed: PaymentGateway,E102,Health check passed: {service}
87734,2026-01-16,11:15:22,INFO,WebServer,Transaction tx914345 completed in 505ms,E104,Transaction {tx} completed in {time}ms
87735,2026-01-16,11:39:15,INFO,OrderProcessor,User u4281 login successful,E101,User {user} login successful
87736,2026-01-16,11:38:52,INFO,PaymentGateway,User u2098 login successful,E101,User {user} login successful
87737,2026-01-16,11:32:02,INFO,WebServer,Transaction tx645278 completed in 1929ms,E104,Transaction {tx} completed in {time}ms
87738,2026-01-16,11:53:09,INFO,WebServer,Health check passed: WebServer,E102,Health check passed: {service}
87739,2026-01-16,11:51:54,INFO,WebServer,Transaction tx302610 completed in 228ms,E104,Transaction {tx} completed in {time}ms
87740,2026-01-16,11:38:12,INFO,AuthService,Page view: /home by u3409,E103,Page view: {page} by {user}
87741,2026-01-16,11:08:25,WARN,WebServer,Disk usage > 85% on node node-2,E202,Disk usage > 85% on node {node}
87742,2026-01-16,11:35:24,INFO,AuthService,Transaction tx323023 completed in 315ms,E104,Transaction {tx} completed in {time}ms
87743,2026-01-16,11:30:35,INFO,OrderProcessor,User u3823 login successful,E101,User {user} login successful
87744,2026-01-16,11:44:39,INFO,AuthService,Page view: /home by u1030,E103,Page view: {page} by {user}
87745,2026-01-16,11:10:00,INFO,OrderProcessor,Page view: /home by u1049,E103,Page view: {page} by {user}
87746,2026-01-16,11:37:51,INFO,AuthService,Page view: /home by u1199,E103,Page view: {page} by {user}
87747,2026-01-16,11:10:30,INFO,WebServer,Health check passed: WebServer,E102,Health check passed: {service}
87748,2026-01-16,11:22:54,INFO,AuthService,Health check passed: AuthService,E102,Health check passed: {service}
87749,2026-01-16,11:39:23,INFO,WebServer,Page view: /home by u4329,E103,Page view: {page} by {user}
87750,2026-01-16,11:58:53,INFO,WebServer,Transaction tx301055 completed in 1661ms,E104,Transaction {tx} completed in {time}ms
87751,2026-01-16,11:11:39,WARN,WebServer,High latency (925ms) detected on WebServer,E201,High latency ({time}ms) detected on {service}
87752,2026-01-16,11:01:36,INFO,AuthService,Health check passed: AuthService,E102,Health check passed: {service}
87753,2026-01-16,11:01:55,INFO,WebServer,Page view: /home by u1924,E103,Page view: {page} by {user}
87754,2026-01-16,11:02:56,WARN,OrderProcessor,High latency (1602ms) detected on OrderProcessor,E201,High latency ({time}ms) detected on {service}
87755,2026-01-16,11:38:25,INFO,WebServer,Transaction tx650616 completed in 1510ms,E104,Transaction {tx} completed in {time}ms
87756,2026-01-16,11:45:11,INFO,WebServer,User u3417 login successful,E101,User {user} login successful
87757,2026-01-16,11:52:06,INFO,OrderProcessor,Health check passed: OrderProcessor,E102,Health check passed: {service}
87758,2026-01-16,11:45:51,WARN,AuthService,Disk usage > 85% on node node-5,E202,Disk usage > 85% on node {node}
87759,2026-01-16,11:14:04,INFO,WebServer,Page view: /home by u1960,E103,Page view: {page} by {user}
87760,2026-01-16,11:42:30,INFO,WebServer,Page view: /home by u2475,E103,Page view: {page} by {user}
87761,2026-01-16,11:32:19,INFO,WebServer,Transaction tx732857 completed in 1101ms,E104,Transaction {tx} completed in {time}ms
87762,2026-01-16,11:12:00,INFO,AuthService,Page view: /home by u4915,E103,Page view: {page} by {user}
87763,2026-01-16,11:20:40,WARN,WebServer,High latency (1518ms) detected on WebServer,E201,High latency ({time}ms) detected on {service}
87764,2026-01-16,11:05:10,INFO,WebServer,Page view: /home by u3239,E103,Page view: {page} by {user}
87765,2026-01-16,11:24:03,INFO,PaymentGateway,Transaction tx875059 completed in 303ms,E104,Transaction {tx} completed in {time}ms
87766,2026-01-16,11:02:37,INFO,OrderProcessor,Transaction tx824712 completed in 1277ms,E104,Transaction {tx} completed in {time}ms
87767,2026-01-16,11:36:07,INFO,WebServer,Page view: /home by u3513,E103,Page view: {page} by {user}
87768,2026-01-16,11:56:41,INFO,InventoryDB,User u4500 login successful,E101,User {user} login successful
87769,2026-01-16,11:39:49,INFO,OrderProcessor,Page view: /home by u4401,E103,Page view: {page} by {user}
87770,2026-01-16,11:17:44,INFO,PaymentGateway,Health check passed: PaymentGateway,E102,Health check passed: {service}
87771,2026-01-16,11:41:24,INFO,WebServer,User u4341 login successful,E101,User {user} login successful
87772,2026-01-16,11:47:48,INFO,OrderProcessor,Page view: /home by u3840,E103,Page view: {page} by {user}
87773,2026-01-16,11:08:41,INFO,PaymentGateway,Transaction tx961524 completed in 213ms,E104,Transaction {tx} completed in {time}ms
87774,2026-01-16,11:10:20,INFO,AuthService,User u1591 login successful,E101,User {user} login successful
87775,2026-01-16,11:24:50,INFO,WebServer,Transaction tx445589 completed in 1763ms,E104,Transaction {tx} completed in {time}ms
87776,2026-01-16,11:57:23,WARN,WebServer,High latency (1273ms) detected on WebServer,E201,High latency ({time}ms) detected on {service}
87777,2026-01-16,11:58:52,INFO,WebServer,Page view: /home by u1020,E103,Page view: {page} by {user}
87778,2026-01-16,11:57:13,INFO,OrderProcessor,Transaction tx304857 completed in 1019ms,E104,Transaction {tx} completed in {time}ms
87779,2026-01-16,11:09:14,INFO,AuthService,User u4503 login successful,E101,User {user} login successful
87780,2026-01-16,11:36:39,INFO,WebServer,Page view: /home by u2731,E103,Page view: {page} by {user}
87781,2026-01-16,11:47:17,INFO,WebServer,User u1262 login successful,E101,User {user} login successful
87782,2026-01-16,11:23:33,INFO,WebServer,Transaction tx630705 completed in 833ms,E104,Transaction {tx} completed in {time}ms
87783,2026-01-16,11:26:38,INFO,OrderProcessor,Transaction tx627176 completed in 526ms,E104,Transaction {tx} completed in {time}ms
87784,2026-01-16,11:52:07,INFO,WebServer,Health check passed: WebServer,E102,Health check passed: {service}
87785,2026-01-16,11:22:40,INFO,WebServer,User u2311 login successful,E101,User {user} login successful
87786,2026-01-16,11:26:42,INFO,AuthService,Page view: /home by u1289,E103,Page view: {page} by {user}
87787,2026-01-16,11:02:00,INFO,WebServer,Page view: /home by u1921,E103,Page view: {page} by {user}
87788,2026-01-16,11:03:41,INFO,WebServer,Transaction tx984572 completed in 714ms,E104,Transaction {tx} completed in {time}ms
87789,2026-01-16,11:26:10,INFO,AuthService,Page view: /home by u4452,E103,Page view: {page} by {user}
87790,2026-01-16,11:35:11,WARN,WebServer,Unauthorized access attempt from 10.0.0.45,E401,Unauthorized access attempt from {ip}
87791,2026-01-16,11:25:31,INFO,WebServer,Health check passed: WebServer,E102,Health check passed: {service}
87792,2026-01-16,11:11:52,INFO,AuthService,User u4906 login successful,E101,User {user} login successful
87793,2026-01-16,11:53:42,ERROR,WebServer,Payment declined: Gateway unavailable,E503,Payment declined: Gateway unavailable
87794,2026-01-16,11:19:21,INFO,WebServer,Health check passed: WebServer,E102,Health check passed: {service}
87795,2026-01-16,11:13:35,INFO,WebServer,User u3872 login successful,E101,User {user} login successful
87796,2026-01-16,11:56:59,INFO,AuthService,Transaction tx411746 completed in 1545ms,E104,Transaction {tx} completed in {time}ms
87797,2026-01-16,11:27:32,INFO,WebServer,User u3784 login successful,E101,User {user} login successful
87798,2026-01-16,11:24:29,INFO,WebServer,Health check passed: WebServer,E102,Health check passed: {service}
87799,2026-01-16,11:07:28,INFO,AuthService,Transaction tx824666 completed in 1427ms,E104,Transaction {tx} completed in {time}ms
87800,2026-01-16,11:28:08,INFO,WebServer,Page view: /home by u4109,E103,Page view: {page} by {user}
87801,2026-01-16,11:37:45,INFO,OrderProcessor,Health check passed: OrderProcessor,E102,Health check passed: {service}
87802,2026-01-16,11:28:05,INFO,WebServer,Health check passed: WebServer,E102,Health check passed: {service}
87803,2026-01-16,11:32:54,INFO,WebServer,Transaction tx480421 completed in 1772ms,E104,Transaction {tx} completed in {time}ms
87804,2026-01-16,11:15:54,INFO,OrderProcessor,Health check passed: OrderProcessor,E102,Health check passed: {service}
87805,2026-01-16,11:47:21,INFO,InventoryDB,Transaction tx257550 completed in 800ms,E104,Transaction {tx} completed in {time}ms
87806,2026-01-16,11:46:09,INFO,WebServer,User u1719 login successful,E101,User {user} login successful
87807,2026-01-16,11:36:06,INFO,AuthService,Health check passed: AuthService,E102,Health check passed: {service}
87808,2026-01-16,11:05:27,INFO,AuthService,Page view: /home by u3379,E103,Page view: {page} by {user}
87809,2026-01-16,11:55:16,INFO,InventoryDB,Health check passed: InventoryDB,E102,Health check passed: {service}
87810,2026-01-16,11:58:08,INFO,WebServer,Health check passed: WebServer,E102,Health check passed: {service}
87811,2026-01-16,11:20:47,INFO,WebServer,Health check passed: WebServer,E102,Health check passed: {service}
87812,2026-01-16,11:30:38,ERROR,WebServer,Payment declined: Gateway unavailable,E503,Payment declined: Gateway unavailable
87813,2026-01-16,11:13:42,INFO,AuthService,Transaction tx815230 completed in 1886ms,E104,Transaction {tx} completed in {time}ms
87814,2026-01-16,11:44:02,INFO,PaymentGateway,Page view: /home by u4031,E103,Page view: {page} by {user}
87815,2026-01-16,11:45:10,INFO,AuthService,Transaction tx856560 completed in 1955ms,E104,Transaction {tx} completed in {time}ms
87816,2026-01-16,11:14:18,WARN,AuthService,Unauthorized access attempt from 10.0.0.88,E401,Unauthorized access attempt from {ip}
87817,2026-01-16,11:35:17,INFO,AuthService,Page view: /home by u1628,E103,Page view: {page} by {user}
87818,2026-01-16,11:23:38,INFO,WebServer,Health check passed: WebServer,E102,Health check passed: {service}
87819,2026-01-16,11:58:44,INFO,AuthService,User u4232 login successful,E101,User {user} login successful
87820,2026-01-16,11:54:56,INFO,WebServer,Health check passed: WebServer,E102,Health check passed: {service}
87821,2026-01-16,11:49:53,WARN,WebServer,High latency (1208ms) detected on WebServer,E201,High latency ({time}ms) detected on {service}
87822,2026-01-16,11:42:48,INFO,AuthService,Page view: /home by u4260,E103,Page view: {page} by {user}
87823,2026-01-16,11:10:34,INFO,InventoryDB,Page view: /home by u2146,E103,Page view: {page} by {user}
87824,2026-01-16,11:28:18,INFO,PaymentGateway,Health check passed: PaymentGateway,E102,Health check passed: {service}
87825,2026-01-16,11:15:44,INFO,WebServer,Page view: /home by u4177,E103,Page view: {page} by {user}
87826,2026-01-16,11:02:59,WARN,PaymentGateway,Disk usage > 85% on node node-4,E202,Disk usage > 85% on node {node}
87827,2026-01-16,11:23:11,INFO,OrderProcessor,Transaction tx453938 completed in 700ms,E104,Transaction {tx} completed in {time}ms
87828,2026-01-16,11:35:37,INFO,PaymentGateway,Page view: /home by u3457,E103,Page view: {page} by {user}
87829,2026-01-16,11:51:37,INFO,PaymentGateway,Transaction tx385436 completed in 1610ms,E104,Transaction {tx} completed in {time}ms
87830,2026-01-16,11:59:03,INFO,WebServer,Health check passed: WebServer,E102,Health check passed: {service}
87831,2026-01-16,11:56:08,INFO,WebServer,Page view: /home by u3794,E103,Page view: {page} by {user}
87832,2026-01-16,11:24:03,INFO,AuthService,User u4127 login successful,E101,User {user} login successful
87833,2026-01-16,11:39:46,INFO,WebServer,Health check passed: WebServer,E102,Health check passed: {service}
87834,2026-01-16,11:47:46,INFO,AuthService,Page view: /home by u1568,E103,Page view: {page} by {user}
87835,2026-01-16,11:05:11,INFO,WebServer,Health check passed: WebServer,E102,Health check passed: {service}
87836,2026-01-16,11:07:36,INFO,WebServer,User u4015 login successful,E101,User {user} login successful
87837,2026-01-16,11:16:37,CRITICAL,WebServer,DATA CORRUPTION detected in sector 389,E602,DATA CORRUPTION detected in sector {sector}
87838,2026-01-16,11:00:50,INFO,WebServer,Health check passed: WebServer,E102,Health check passed: {service}
87839,2026-01-16,11:50:48,INFO,WebServer,Transaction tx171307 completed in 1177ms,E104,Transaction {tx} completed in {time}ms
87840,2026-01-16,11:30:08,INFO,AuthService,User u3483 login successful,E101,User {user} login successful
87841,2026-01-16,11:11:25,INFO,WebServer,Transaction tx790627 completed in 990ms,E104,Transaction {tx} completed in {time}ms
87842,2026-01-16,11:55:04,INFO,WebServer,Transaction tx667141 completed in 548ms,E104,Transaction {tx} completed in {time}ms
87843,2026-01-16,11:08:50,INFO,AuthService,Page view: /home by u4470,E103,Page view: {page} by {user}
87844,2026-01-16,11:55:51,INFO,InventoryDB,Health check passed: InventoryDB,E102,Health check passed: {service}
87845,2026-01-16,11:45:27,INFO,WebServer,User u1048 login successful,E101,User {user} login successful
87846,2026-01-16,11:53:22,INFO,InventoryDB,User u1357 login successful,E101,User {user} login successful
87847,2026-01-16,11:14:57,INFO,OrderProcessor,Page view: /home by u1272,E103,Page view: {page} by {user}
87848,2026-01-16,11:12:59,WARN,WebServer,Unauthorized access attempt from 10.0.0.12,E401,Unauthorized access attempt from {ip}
87849,2026-01-16,11:42:58,INFO,WebServer,Transaction tx147209 completed in 1898ms,E104,Transaction {tx} completed in {time}ms
87850,2026-01-16,11:30:03,INFO,AuthService,Page view: /home by u1600,E103,Page view: {page} by {user}
87851,2026-01-16,11:19:59,INFO,WebServer,Page view: /home by u1273,E103,Page view: {page} by {user}
87852,2026-01-16,11:56:51,INFO,WebServer,Health check passed: WebServer,E102,Health check passed: {service}
87853,2026-01-16,11:57:02,WARN,AuthService,High latency (1034ms) detected on AuthService,E201,High latency ({time}ms) detected on {service}
87854,2026-01-16,11:16:09,INFO,WebServer,Page view: /home by u4017,E103,Page view: {page} by {user}
87855,2026-01-16,11:06:44,INFO,OrderProcessor,Transaction tx378276 completed in 1505ms,E104,Transaction {tx} completed in {time}ms
87856,2026-01-16,11:27:16,INFO,WebServer,User u3317 login successful,E101,User {user} login successful
87857,2026-01-16,11:05:04,INFO,PaymentGateway,Health check passed: PaymentGateway,E102,Health check passed: {service}
87858,2026-01-16,11:36:24,INFO,AuthService,User u4768 login successful,E101,User {user} login successful
87859,2026-01-16,11:07:53,INFO,AuthService,Page view: /home by u3520,E103,Page view: {page} by {user}
87860,2026-01-16,11:13:45,INFO,WebServer,Page view: /home by u1723,E103,Page view: {page} by {user}
87861,2026-01-16,11:50:06,INFO,AuthService,Health check passed: AuthService,E102,Health check passed: {service}
87862,2026-01-16,11:16:52,WARN,WebServer,Unauthorized access attempt from 10.0.0.45,E401,Unauthorized access attempt from {ip}
87863,2026-01-16,11:27:13,INFO,AuthService,Transaction tx237844 completed in 787ms,E104,Transaction {tx} completed in {time}ms
87864,2026-01-16,11:29:45,INFO,WebServer,Page view: /home by u1216,E103,Page view: {page} by {user}
87865,2026-01-16,11:20:44,INFO,WebServer,Health check passed: WebServer,E102,Health check passed: {service}
87866,2026-01-16,11:43:30,INFO,OrderProcessor,User u1494 login successful,E101,User {user} login successful
87867,2026-01-16,11:04:56,INFO,PaymentGateway,User u3928 login successful,E101,User {user} login successful
87868,2026-01-16,11:15:54,INFO,WebServer,Page view: /home by u2482,E103,Page view: {page} by {user}
87869,2026-01-16,11:16:01,INFO,WebServer,User u4313 login successful,E101,User {user} login successful
87870,2026-01-16,11:37:11,INFO,WebServer,User u1506 login successful,E101,User {user} login successful
87871,2026-01-16,11:39:47,INFO,OrderProcessor,Health check passed: OrderProcessor,E102,Health check passed: {service}
87872,2026-01-16,11:23:51,INFO,OrderProcessor,Page view: /home by u1235,E103,Page view: {page} by {user}
87873,2026-01-16,11:50:16,INFO,WebServer,User u4184 login successful,E101,User {user} login successful
87874,2026-01-16,11:03:11,INFO,WebServer,Health check passed: WebServer,E102,Health check passed: {service}
87875,2026-01-16,11:06:20,INFO,WebServer,User u2560 login successful,E101,User {user} login successful
87876,2026-01-16,11:45:57,INFO,WebServer,Transaction tx351590 completed in 942ms,E104,Transaction {tx} completed in {time}ms
87877,2026-01-16,11:38:03,INFO,WebServer,Health check passed: WebServer,E102,Health check passed: {service}
87878,2026-01-16,11:03:44,INFO,WebServer,User u2113 login successful,E101,User {user} login successful
87879,2026-01-16,11:44:11,INFO,AuthService,User u4407 login successful,E101,User {user} login successful
87880,2026-01-16,11:45:19,INFO,InventoryDB,Health check passed: InventoryDB,E102,Health check passed: {service}
87881,2026-01-16,11:43:37,INFO,WebServer,User u4903 login successful,E101,User {user} login successful
87882,2026-01-16,11:52:48,INFO,OrderProcessor,Health check passed: OrderProcessor,E102,Health check passed: {service}
87883,2026-01-16,11:52:04,INFO,WebServer,Health check passed: WebServer,E102,Health check passed: {service}
87884,2026-01-16,11:20:12,INFO,PaymentGateway,Health check passed: PaymentGateway,E102,Health check passed: {service}
87885,2026-01-16,11:27:15,INFO,WebServer,User u4156 login successful,E101,User {user} login successful
87886,2026-01-16,11:19:53,INFO,AuthService,Health check passed: AuthService,E102,Health check passed: {service}
87887,2026-01-16,11:10:08,INFO,WebServer,User u4731 login successful,E101,User {user} login successful
87888,2026-01-16,11:49:46,INFO,WebServer,Health check passed: WebServer,E102,Health check passed: {service}
87889,2026-01-16,11:20:13,INFO,WebServer,User u1443 login successful,E101,User {user} login successful
87890,2026-01-16,11:57:48,INFO,WebServer,User u1505 login successful,E101,User {user} login successful
87891,2026-01-16,11:04:35,INFO,WebServer,User u4233 login successful,E101,User {user} login successful
87892,2026-01-16,11:28:35,WARN,OrderProcessor,Disk usage > 85% on node node-5,E202,Disk usage > 85% on node {node}
87893,2026-01-16,11:40:02,INFO,AuthService,User u2350 login successful,E101,User {user} login successful
87894,2026-01-16,11:39:21,INFO,PaymentGateway,Health check passed: PaymentGateway,E102,Health check passed: {service}
87895,2026-01-16,11:07:19,INFO,WebServer,User u2214 login successful,E101,User {user} login successful
87896,2026-01-16,11:42:53,INFO,InventoryDB,Transaction tx463220 completed in 1475ms,E104,Transaction {tx} completed in {time}ms
87897,2026-01-16,11:05:51,INFO,OrderProcessor,Transaction tx647023 completed in 1916ms,E104,Transaction {tx} completed in {time}ms
87898,2026-01-16,11:57:43,ERROR,WebServer,Payment declined: Gateway unavailable,E503,Payment declined: Gateway unavailable
87899,2026-01-16,11:31:16,INFO,AuthService,Page view: /home by u4360,E103,Page view: {page} by {user}
87900,2026-01-16,11:12:11,INFO,WebServer,Health check passed: WebServer,E102,Health check passed: {service}
87901,2026-01-16,11:45:07,INFO,WebServer,User u2897 login successful,E101,User {user} login successful
87902,2026-01-16,11:17:35,INFO,OrderProcessor,Health check passed: OrderProcessor,E102,Health check passed: {service}
87903,2026-01-16,11:35:31,INFO,WebServer,Page view: /home by u1404,E103,Page view: {page} by {user}
87904,2026-01-16,11:45:05,INFO,OrderProcessor,Page view: /home by u3631,E103,Page view: {page} by {user}
87905,2026-01-16,11:31:40,INFO,PaymentGateway,Transaction tx447458 completed in 1923ms,E104,Transaction {tx} completed in {time}ms
87906,2026-01-16,11:20:20,INFO,WebServer,Transaction tx575549 completed in 1852ms,E104,Transaction {tx} completed in {time}ms
87907,2026-01-16,11:38:21,INFO,PaymentGateway,User u2341 login successful,E101,User {user} login successful
87908,2026-01-16,11:45:56,INFO,OrderProcessor,User u4423 login successful,E101,User {user} login successful
87909,2026-01-16,11:43:25,WARN,WebServer,Unauthorized access attempt from 10.0.0.45,E401,Unauthorized access attempt from {ip}
87910,2026-01-16,11:04:18,INFO,InventoryDB,Page view: /home by u1525,E103,Page view: {page} by {user}
87911,2026-01-16,11:04:39,INFO,WebServer,Transaction tx481679 completed in 661ms,E104,Transaction {tx} completed in {time}ms
87912,2026-01-16,11:40:44,INFO,WebServer,Page view: /home by u2277,E103,Page view: {page} by {user}
87913,2026-01-16,11:59:39,INFO,OrderProcessor,User u3054 login successful,E101,User {user} login successful
87914,2026-01-16,11:31:00,INFO,WebServer,User u4501 login successful,E101,User {user} login successful
87915,2026-01-16,11:24:27,INFO,WebServer,User u2265 login successful,E101,User {user} login successful
87916,2026-01-16,11:36:17,INFO,WebServer,User u3989 login successful,E101,User {user} login successful
87917,2026-01-16,11:28:51,INFO,AuthService,Page view: /home by u1912,E103,Page view: {page} by {user}
87918,2026-01-16,11:43:34,INFO,PaymentGateway,User u1892 login successful,E101,User {user} login successful
87919,2026-01-16,11:35:00,INFO,WebServer,Page view: /home by u4281,E103,Page view: {page} by {user}
87920,2026-01-16,11:34:48,INFO,WebServer,User u4667 login successful,E101,User {user} login successful
87921,2026-01-16,11:37:10,INFO,InventoryDB,Transaction tx610764 completed in 254ms,E104,Transaction {tx} completed in {time}ms
87922,2026-01-16,11:39:03,INFO,InventoryDB,Transaction tx677926 completed in 1872ms,E104,Transaction {tx} completed in {time}ms
87923,2026-01-16,11:53:37,INFO,WebServer,User u2929 login successful,E101,User {user} login successful
87924,2026-01-16,11:54:01,INFO,WebServer,User u2520 login successful,E101,User {user} login successful
87925,2026-01-16,11:24:30,INFO,InventoryDB,Transaction tx367465 completed in 734ms,E104,Transaction {tx} completed in {time}ms
87926,2026-01-16,11:40:23,INFO,AuthService,User u2633 login successful,E101,User {user} login successful
87927,2026-01-16,11:28:04,INFO,WebServer,Transaction tx751771 completed in 1060ms,E104,Transaction {tx} completed in {time}ms
87928,2026-01-16,11:42:40,INFO,WebServer,Transaction tx484461 completed in 786ms,E104,Transaction {tx} completed in {time}ms
87929,2026-01-16,11:14:35,INFO,AuthService,Transaction tx994883 completed in 1054ms,E104,Transaction {tx} completed in {time}ms
87930,2026-01-16,11:14:16,INFO,PaymentGateway,Health check passed: PaymentGateway,E102,Health check passed: {service}
87931,2026-01-16,11:11:02,INFO,OrderProcessor,Page view: /home by u4785,E103,Page view: {page} by {user}
87932,2026-01-16,11:47:10,INFO,WebServer,User u3203 login successful,E101,User {user} login successful
87933,2026-01-16,11:58:27,INFO,AuthService,Transaction tx548955 completed in 759ms,E104,Transaction {tx} completed in {time}ms
87934,2026-01-16,11:25:43,INFO,PaymentGateway,User u1796 login successful,E101,User {user} login successful
87935,2026-01-16,11:54:26,INFO,WebServer,Transaction tx988926 completed in 665ms,E104,Transaction {tx} completed in {time}ms
87936,2026-01-16,11:33:04,INFO,AuthService,Page view: /home by u4603,E103,Page view: {page} by {user}
87937,2026-01-16,11:41:07,INFO,WebServer,Page view: /home by u1400,E103,Page view: {page} by {user}
87938,2026-01-16,11:43:48,INFO,InventoryDB,Health check passed: InventoryDB,E102,Health check passed: {service}
87939,2026-01-16,11:43:27,INFO,AuthService,Health check passed: AuthService,E102,Health check passed: {service}
87940,2026-01-16,11:46:13,INFO,WebServer,Page view: /home by u4157,E103,Page view: {page} by {user}
87941,2026-01-16,11:18:15,INFO,WebServer,Health check passed: WebServer,E102,Health check passed: {service}
87942,2026-01-16,11:05:08,INFO,WebServer,Health check passed: WebServer,E102,Health check passed: {service}
87943,2026-01-16,11:26:53,INFO,AuthService,Health check passed: AuthService,E102,Health check passed: {service}
87944,2026-01-16,11:01:07,INFO,WebServer,Page view: /home by u1623,E103,Page view: {page} by {user}
87945,2026-01-16,11:38:46,INFO,WebServer,Health check passed: WebServer,E102,Health check passed: {service}
87946,2026-01-16,11:36:53,INFO,PaymentGateway,Transaction tx952559 completed in 1790ms,E104,Transaction {tx} completed in {time}ms
87947,2026-01-16,11:27:35,INFO,InventoryDB,Transaction tx206154 completed in 32ms,E104,Transaction {tx} completed in {time}ms
87948,2026-01-16,11:53:08,INFO,OrderProcessor,Transaction tx483017 completed in 148ms,E104,Transaction {tx} completed in {time}ms
87949,2026-01-16,11:19:51,INFO,OrderProcessor,Transaction tx658826 completed in 1960ms,E104,Transaction {tx} completed in {time}ms
87950,2026-01-16,11:27:07,INFO,OrderProcessor,Page view: /home by u1889,E103,Page view: {page} by {user}
87951,2026-01-16,11:45:24,WARN,PaymentGateway,Unauthorized access attempt from 192.168.1.5,E401,Unauthorized access attempt from {ip}
87952,2026-01-16,11:05:07,INFO,PaymentGateway,Health check passed: PaymentGateway,E102,Health check passed: {service}
87953,2026-01-16,11:15:50,INFO,WebServer,Transaction tx263908 completed in 1130ms,E104,Transaction {tx} completed in {time}ms
87954,2026-01-16,11:58:44,INFO,WebServer,Transaction tx538068 completed in 179ms,E104,Transaction {tx} completed in {time}ms
87955,2026-01-16,11:12:42,INFO,WebServer,Page view: /home by u2226,E103,Page view: {page} by {user}
87956,2026-01-16,11:55:50,INFO,OrderProcessor,Page view: /home by u2875,E103,Page view: {page} by {user}
87957,2026-01-16,11:13:05,INFO,WebServer,User u1894 login successful,E101,User {user} login successful
87958,2026-01-16,11:02:21,INFO,WebServer,Health check passed: WebServer,E102,Health check passed: {service}
87959,2026-01-16,11:28:12,WARN,OrderProcessor,Disk usage > 85% on node node-2,E202,Disk usage > 85% on node {node}
87960,2026-01-16,11:35:44,INFO,AuthService,Health check passed: AuthService,E102,Health check passed: {service}
87961,2026-01-16,11:50:38,INFO,OrderProcessor,Page view: /home by u1266,E103,Page view: {page} by {user}
87962,2026-01-16,11:16:57,INFO,OrderProcessor,Page view: /home by u4287,E103,Page view: {page} by {user}
87963,2026-01-16,11:58:28,INFO,OrderProcessor,Health check passed: OrderProcessor,E102,Health check passed: {service}
87964,2026-01-16,11:16:42,INFO,InventoryDB,Health check passed: InventoryDB,E102,Health check passed: {service}
87965,2026-01-16,11:07:38,INFO,WebServer,Health check passed: WebServer,E102,Health check passed: {service}
87966,2026-01-16,11:36:27,INFO,WebServer,Health check passed: WebServer,E102,Health check passed: {service}
87967,2026-01-16,11:35:34,INFO,WebServer,Transaction tx824920 completed in 1135ms,E104,Transaction {tx} completed in {time}ms
87968,2026-01-16,11:24:41,INFO,PaymentGateway,User u4656 login successful,E101,User {user} login successful
87969,2026-01-16,11:58:05,INFO,AuthService,Transaction tx225477 completed in 257ms,E104,Transaction {tx} completed in {time}ms
87970,2026-01-16,11:53:53,INFO,OrderProcessor,Transaction tx811977 completed in 1305ms,E104,Transaction {tx} completed in {time}ms
87971,2026-01-16,11:49:12,INFO,InventoryDB,Health check passed: InventoryDB,E102,Health check passed: {service}
87972,2026-01-16,11:46:09,INFO,AuthService,Transaction tx759775 completed in 643ms,E104,Transaction {tx} completed in {time}ms
87973,2026-01-16,11:30:52,WARN,OrderProcessor,High latency (651ms) detected on OrderProcessor,E201,High latency ({time}ms) detected on {service}
87974,2026-01-16,11:05:10,INFO,WebServer,User u1785 login successful,E101,User {user} login successful
87975,2026-01-16,11:17:12,INFO,WebServer,Page view: /home by u3730,E103,Page view: {page} by {user}
87976,2026-01-16,11:02:11,INFO,WebServer,Transaction tx587541 completed in 1856ms,E104,Transaction {tx} completed in {time}ms
87977,2026-01-16,11:45:01,INFO,OrderProcessor,Health check passed: OrderProcessor,E102,Health check passed: {service}
87978,2026-01-16,11:25:05,INFO,WebServer,Transaction tx569069 completed in 365ms,E104,Transaction {tx} completed in {time}ms
87979,2026-01-16,11:22:20,INFO,WebServer,User u1907 login successful,E101,User {user} login successful
87980,2026-01-16,11:29:58,INFO,WebServer,Page view: /home by u1287,E103,Page view: {page} by {user}
87981,2026-01-16,11:29:10,INFO,WebServer,User u2906 login successful,E101,User {user} login successful
87982,2026-01-16,11:37:45,INFO,PaymentGateway,Health check passed: PaymentGateway,E102,Health check passed: {service}
87983,2026-01-16,11:19:24,INFO,WebServer,Health check passed: WebServer,E102,Health check passed: {service}
87984,2026-01-16,11:13:14,INFO,WebServer,Page view: /home by u1956,E103,Page view: {page} by {user}
87985,2026-01-16,11:03:22,INFO,OrderProcessor,User u2065 login successful,E101,User {user} login successful
87986,2026-01-16,11:19:58,INFO,WebServer,User u2152 login successful,E101,User {user} login successful
87987,2026-01-16,11:25:51,INFO,OrderProcessor,User u3936 login successful,E101,User {user} login successful
87988,2026-01-16,11:31:32,INFO,AuthService,Transaction tx116317 completed in 80ms,E104,Transaction {tx} completed in {time}ms
87989,2026-01-16,11:01:07,INFO,InventoryDB,Health check passed: InventoryDB,E102,Health check passed: {service}
87990,2026-01-16,11:30:01,INFO,AuthService,Health check passed: AuthService,E102,Health check passed: {service}
87991,2026-01-16,11:27:10,INFO,WebServer,Transaction tx725046 completed in 1898ms,E104,Transaction {tx} completed in {time}ms
87992,2026-01-16,11:08:38,ERROR,WebServer,Connection refused to WebServer at 10.0.0.45,E501,Connection refused to {service} at {ip}
87993,2026-01-16,11:07:18,INFO,PaymentGateway,Health check passed: PaymentGateway,E102,Health check passed: {service}
87994,2026-01-16,11:20:01,INFO,WebServer,Health check passed: WebServer,E102,Health check passed: {service}
87995,2026-01-16,11:57:48,INFO,WebServer,Health check passed: WebServer,E102,Health check passed: {service}
87996,2026-01-16,11:45:18,INFO,AuthService,User u2641 login successful,E101,User {user} login successful
87997,2026-01-16,11:22:45,INFO,WebServer,Health check passed: WebServer,E102,Health check passed: {service}
87998,2026-01-16,11:05:12,INFO,AuthService,Health check passed: AuthService,E102,Health check passed: {service}
87999,2026-01-16,11:57:00,INFO,OrderProcessor,Health check passed: OrderProcessor,E102,Health check passed: {service}
88000,2026-01-16,11:07:01,INFO,OrderProcessor,Page view: /home by u1657,E103,Page view: {page} by {user}
88001,2026-01-16,11:26:22,INFO,AuthService,User u3069 login successful,E101,User {user} login successful
88002,2026-01-16,11:04:12,INFO,WebServer,Transaction tx479845 completed in 1691ms,E104,Transaction {tx} completed in {time}ms
88003,2026-01-16,11:30:26,INFO,WebServer,Page view: /home by u2795,E103,Page view: {page} by {user}
88004,2026-01-16,11:52:36,INFO,PaymentGateway,Health check passed: PaymentGateway,E102,Health check passed: {service}
88005,2026-01-16,11:35:46,INFO,WebServer,Transaction tx148719 completed in 406ms,E104,Transaction {tx} completed in {time}ms
88006,2026-01-16,11:54:11,INFO,AuthService,User u3930 login successful,E101,User {user} login successful
88007,2026-01-16,11:32:55,INFO,OrderProcessor,Health check passed: OrderProcessor,E102,Health check passed: {service}
88008,2026-01-16,11:19:41,INFO,WebServer,Transaction tx338495 completed in 404ms,E104,Transaction {tx} completed in {time}ms
88009,2026-01-16,11:26:41,WARN,PaymentGateway,Disk usage > 85% on node node-2,E202,Disk usage > 85% on node {node}
88010,2026-01-16,11:11:46,INFO,WebServer,Health check passed: WebServer,E102,Health check passed: {service}
88011,2026-01-16,11:20:00,INFO,InventoryDB,Transaction tx100634 completed in 1559ms,E104,Transaction {tx} completed in {time}ms
88012,2026-01-16,11:23:03,INFO,WebServer,Transaction tx735487 completed in 492ms,E104,Transaction {tx} completed in {time}ms
88013,2026-01-16,11:07:59,INFO,WebServer,Health check passed: WebServer,E102,Health check passed: {service}
88014,2026-01-16,11:03:40,INFO,OrderProcessor,Transaction tx210616 completed in 56ms,E104,Transaction {tx} completed in {time}ms
88015,2026-01-16,11:04:24,INFO,WebServer,Health check passed: WebServer,E102,Health check passed: {service}
88016,2026-01-16,11:39:19,INFO,AuthService,Page view: /home by u4538,E103,Page view: {page} by {user}
88017,2026-01-16,11:40:52,INFO,WebServer,User u1885 login successful,E101,User {user} login successful
88018,2026-01-16,11:04:20,ERROR,WebServer,Timeout waiting for lock on InventoryDB,E502,Timeout waiting for lock on {db}
88019,2026-01-16,11:29:20,INFO,WebServer,Transaction tx501052 completed in 1704ms,E104,Transaction {tx} completed in {time}ms
88020,2026-01-16,11:34:57,INFO,AuthService,User u1450 login successful,E101,User {user} login successful
88021,2026-01-16,11:18:50,INFO,WebServer,Page view: /home by u1391,E103,Page view: {page} by {user}
88022,2026-01-16,11:02:44,INFO,WebServer,Transaction tx373414 completed in 1720ms,E104,Transaction {tx} completed in {time}ms
88023,2026-01-16,11:43:38,INFO,WebServer,Transaction tx681430 completed in 1970ms,E104,Transaction {tx} completed in {time}ms
88024,2026-01-16,11:46:30,INFO,PaymentGateway,Health check passed: PaymentGateway,E102,Health check passed: {service}
88025,2026-01-16,11:39:06,INFO,WebServer,Health check passed: WebServer,E102,Health check passed: {service}
88026,2026-01-16,11:53:09,INFO,WebServer,Page view: /home by u2495,E103,Page view: {page} by {user}
88027,2026-01-16,11:39:54,INFO,OrderProcessor,Health check passed: OrderProcessor,E102,Health check passed: {service}
88028,2026-01-16,11:00:01,INFO,WebServer,Page view: /home by u3839,E103,Page view: {page} by {user}
88029,2026-01-16,11:15:16,INFO,WebServer,Page view: /home by u2892,E103,Page view: {page} by {user}
88030,2026-01-16,11:56:20,INFO,InventoryDB,User u2835 login successful,E101,User {user} login successful
88031,2026-01-16,11:01:13,INFO,WebServer,User u4063 login successful,E101,User {user} login successful
88032,2026-01-16,11:30:39,INFO,AuthService,User u4915 login successful,E101,User {user} login successful
88033,2026-01-16,11:06:32,INFO,PaymentGateway,Health check passed: PaymentGateway,E102,Health check passed: {service}
88034,2026-01-16,11:36:30,INFO,AuthService,Page view: /home by u3029,E103,Page view: {page} by {user}
88035,2026-01-16,11:13:29,INFO,WebServer,Transaction tx193331 completed in 239ms,E104,Transaction {tx} completed in {time}ms
88036,2026-01-16,11:18:45,INFO,WebServer,Page view: /home by u3883,E103,Page view: {page} by {user}
88037,2026-01-16,11:38:06,INFO,PaymentGateway,User u1437 login successful,E101,User {user} login successful
88038,2026-01-16,11:27:01,INFO,WebServer,User u3274 login successful,E101,User {user} login successful
88039,2026-01-16,11:19:12,INFO,WebServer,Health check passed: WebServer,E102,Health check passed: {service}
88040,2026-01-16,11:24:35,INFO,WebServer,Health check passed: WebServer,E102,Health check passed: {service}
88041,2026-01-16,11:07:37,INFO,InventoryDB,Transaction tx695610 completed in 1945ms,E104,Transaction {tx} completed in {time}ms
88042,2026-01-16,11:40:10,INFO,OrderProcessor,Health check passed: OrderProcessor,E102,Health check passed: {service}
88043,2026-01-16,11:30:55,INFO,WebServer,Transaction tx869666 completed in 1297ms,E104,Transaction {tx} completed in {time}ms
88044,2026-01-16,11:49:29,INFO,WebServer,User u3184 login successful,E101,User {user} login successful
88045,2026-01-16,11:06:37,INFO,PaymentGateway,Transaction tx236493 completed in 1622ms,E104,Transaction {tx} completed in {time}ms
88046,2026-01-16,11:15:23,INFO,WebServer,Health check passed: WebServer,E102,Health check passed: {service}
88047,2026-01-16,11:45:37,INFO,OrderProcessor,User u4903 login successful,E101,User {user} login successful
88048,2026-01-16,11:56:38,INFO,WebServer,Transaction tx946661 completed in 105ms,E104,Transaction {tx} completed in {time}ms
88049,2026-01-16,11:21:01,INFO,OrderProcessor,Transaction tx844397 completed in 1232ms,E104,Transaction {tx} completed in {time}ms
88050,2026-01-16,11:03:18,INFO,PaymentGateway,Transaction tx168419 completed in 852ms,E104,Transaction {tx} completed in {time}ms
88051,2026-01-16,11:58:59,INFO,PaymentGateway,Transaction tx614786 completed in 1102ms,E104,Transaction {tx} completed in {time}ms
88052,2026-01-16,11:45:56,INFO,AuthService,Transaction tx653090 completed in 409ms,E104,Transaction {tx} completed in {time}ms
88053,2026-01-16,11:38:41,INFO,WebServer,Page view: /home by u2139,E103,Page view: {page} by {user}
88054,2026-01-16,11:16:06,INFO,AuthService,Transaction tx217751 completed in 1137ms,E104,Transaction {tx} completed in {time}ms
88055,2026-01-16,11:43:03,INFO,PaymentGateway,Health check passed: PaymentGateway,E102,Health check passed: {service}
88056,2026-01-16,11:02:40,INFO,WebServer,User u2476 login successful,E101,User {user} login successful
88057,2026-01-16,11:51:06,INFO,WebServer,Health check passed: WebServer,E102,Health check passed: {service}
88058,2026-01-16,11:05:06,ERROR,WebServer,Connection refused to WebServer at 192.168.1.5,E501,Connection refused to {service} at {ip}
88059,2026-01-16,11:59:33,INFO,WebServer,Health check passed: WebServer,E102,Health check passed: {service}
88060,2026-01-16,11:09:27,INFO,AuthService,User u4943 login successful,E101,User {user} login successful
88061,2026-01-16,11:05:09,INFO,WebServer,Page view: /home by u3018,E103,Page view: {page} by {user}
88062,2026-01-16,11:56:21,INFO,OrderProcessor,User u3205 login successful,E101,User {user} login successful
88063,2026-01-16,11:35:55,INFO,WebServer,Page view: /home by u4869,E103,Page view: {page} by {user}
88064,2026-01-16,11:31:56,INFO,PaymentGateway,User u4400 login successful,E101,User {user} login successful
88065,2026-01-16,11:45:58,INFO,PaymentGateway,User u2253 login successful,E101,User {user} login successful
88066,2026-01-16,11:47:16,INFO,WebServer,Transaction tx363827 completed in 945ms,E104,Transaction {tx} completed in {time}ms
88067,2026-01-16,11:52:32,INFO,WebServer,Page view: /home by u4835,E103,Page view: {page} by {user}
88068,2026-01-16,11:48:21,INFO,OrderProcessor,User u2424 login successful,E101,User {user} login successful
88069,2026-01-16,11:24:32,INFO,OrderProcessor,User u1492 login successful,E101,User {user} login successful
88070,2026-01-16,11:51:16,INFO,WebServer,User u2410 login successful,E101,User {user} login successful
88071,2026-01-16,11:33:14,INFO,AuthService,Transaction tx964082 completed in 1704ms,E104,Transaction {tx} completed in {time}ms
88072,2026-01-16,11:35:18,INFO,WebServer,User u4366 login successful,E101,User {user} login successful
88073,2026-01-16,11:18:51,INFO,InventoryDB,Health check passed: InventoryDB,E102,Health check passed: {service}
88074,2026-01-16,11:33:47,INFO,AuthService,Page view: /home by u4606,E103,Page view: {page} by {user}
88075,2026-01-16,11:58:34,WARN,WebServer,Disk usage > 85% on node node-1,E202,Disk usage > 85% on node {node}
88076,2026-01-16,11:16:46,INFO,WebServer,Health check passed: WebServer,E102,Health check passed: {service}
88077,2026-01-16,11:59:05,INFO,PaymentGateway,Transaction tx871205 completed in 1178ms,E104,Transaction {tx} completed in {time}ms
88078,2026-01-16,11:45:37,INFO,PaymentGateway,User u1842 login successful,E101,User {user} login successful
88079,2026-01-16,11:06:51,INFO,OrderProcessor,User u2771 login successful,E101,User {user} login successful
88080,2026-01-16,11:36:19,INFO,InventoryDB,Transaction tx632013 completed in 1203ms,E104,Transaction {tx} completed in {time}ms
88081,2026-01-16,11:12:55,INFO,PaymentGateway,Transaction tx143318 completed in 541ms,E104,Transaction {tx} completed in {time}ms
88082,2026-01-16,11:15:23,INFO,WebServer,Transaction tx674634 completed in 647ms,E104,Transaction {tx} completed in {time}ms
88083,2026-01-16,11:05:44,INFO,OrderProcessor,Health check passed: OrderProcessor,E102,Health check passed: {service}
88084,2026-01-16,11:01:45,INFO,AuthService,Page view: /home by u2574,E103,Page view: {page} by {user}
88085,2026-01-16,11:33:05,INFO,AuthService,Page view: /home by u1984,E103,Page view: {page} by {user}
88086,2026-01-16,11:03:08,INFO,WebServer,Health check passed: WebServer,E102,Health check passed: {service}
88087,2026-01-16,11:24:28,INFO,WebServer,Health check passed: WebServer,E102,Health check passed: {service}
88088,2026-01-16,11:54:23,WARN,WebServer,High latency (522ms) detected on WebServer,E201,High latency ({time}ms) detected on {service}
88089,2026-01-16,11:44:51,INFO,WebServer,Transaction tx852508 completed in 1907ms,E104,Transaction {tx} completed in {time}ms
88090,2026-01-16,11:15:21,INFO,WebServer,Page view: /home by u3192,E103,Page view: {page} by {user}
88091,2026-01-16,11:35:52,INFO,InventoryDB,Page view: /home by u2383,E103,Page view: {page} by {user}
88092,2026-01-16,11:22:48,INFO,WebServer,User u2602 login successful,E101,User {user} login successful
88093,2026-01-16,11:19:07,INFO,PaymentGateway,User u3399 login successful,E101,User {user} login successful
88094,2026-01-16,11:22:54,INFO,AuthService,Transaction tx206765 completed in 1038ms,E104,Transaction {tx} completed in {time}ms
88095,2026-01-16,11:27:45,WARN,OrderProcessor,High latency (1491ms) detected on OrderProcessor,E201,High latency ({time}ms) detected on {service}
88096,2026-01-16,11:22:57,INFO,WebServer,User u1459 login successful,E101,User {user} login successful
88097,2026-01-16,11:02:33,INFO,WebServer,Page view: /home by u1190,E103,Page view: {page} by {user}
88098,2026-01-16,11:39:13,ERROR,WebServer,Timeout waiting for lock on InventoryDB,E502,Timeout waiting for lock on {db}
88099,2026-01-16,11:45:35,INFO,PaymentGateway,Page view: /home by u4354,E103,Page view: {page} by {user}
88100,2026-01-16,11:34:03,INFO,AuthService,Page view: /home by u3252,E103,Page view: {page} by {user}
88101,2026-01-16,11:34:43,INFO,WebServer,User u2437 login successful,E101,User {user} login successful
88102,2026-01-16,11:57:22,INFO,WebServer,Health check passed: WebServer,E102,Health check passed: {service}
88103,2026-01-16,11:52:38,INFO,WebServer,User u4300 login successful,E101,User {user} login successful
88104,2026-01-16,11:17:54,INFO,WebServer,Transaction tx217519 completed in 1964ms,E104,Transaction {tx} completed in {time}ms
88105,2026-01-16,11:23:21,INFO,WebServer,Health check passed: WebServer,E102,Health check passed: {service}
88106,2026-01-16,11:04:43,INFO,PaymentGateway,User u4195 login successful,E101,User {user} login successful
88107,2026-01-16,11:13:38,INFO,WebServer,Health check passed: WebServer,E102,Health check passed: {service}
88108,2026-01-16,11:48:24,INFO,WebServer,Health check passed: WebServer,E102,Health check passed: {service}
88109,2026-01-16,11:35:19,INFO,WebServer,Page view: /home by u1583,E103,Page view: {page} by {user}
88110,2026-01-16,11:34:20,INFO,AuthService,User u4731 login successful,E101,User {user} login successful
88111,2026-01-16,11:27:06,INFO,AuthService,Page view: /home by u4010,E103,Page view: {page} by {user}
88112,2026-01-16,11:34:17,INFO,OrderProcessor,Page view: /home by u4775,E103,Page view: {page} by {user}
88113,2026-01-16,11:43:09,INFO,PaymentGateway,Page view: /home by u4432,E103,Page view: {page} by {user}
88114,2026-01-16,11:55:10,INFO,OrderProcessor,User u4447 login successful,E101,User {user} login successful
88115,2026-01-16,11:34:51,INFO,WebServer,Page view: /home by u3952,E103,Page view: {page} by {user}
88116,2026-01-16,11:29:30,INFO,WebServer,Transaction tx839328 completed in 1446ms,E104,Transaction {tx} completed in {time}ms
88117,2026-01-16,11:02:49,INFO,AuthService,Page view: /home by u2069,E103,Page view: {page} by {user}
88118,2026-01-16,11:24:06,INFO,OrderProcessor,Transaction tx791780 completed in 936ms,E104,Transaction {tx} completed in {time}ms
88119,2026-01-16,11:09:10,INFO,OrderProcessor,Health check passed: OrderProcessor,E102,Health check passed: {service}
88120,2026-01-16,11:28:00,WARN,PaymentGateway,Unauthorized access attempt from 10.0.0.12,E401,Unauthorized access attempt from {ip}
88121,2026-01-16,11:34:56,INFO,AuthService,Transaction tx330030 completed in 1955ms,E104,Transaction {tx} completed in {time}ms
88122,2026-01-16,11:45:29,CRITICAL,WebServer,KERNEL PANIC: Node node-2 crashed,E601,KERNEL PANIC: Node {node} crashed
88123,2026-01-16,11:19:25,INFO,WebServer,User u4537 login successful,E101,User {user} login successful
88124,2026-01-16,11:39:41,WARN,WebServer,Unauthorized access attempt from 10.0.0.45,E401,Unauthorized access attempt from {ip}
88125,2026-01-16,11:12:15,INFO,WebServer,Health check passed: WebServer,E102,Health check passed: {service}
88126,2026-01-16,11:50:59,INFO,AuthService,User u4462 login successful,E101,User {user} login successful
88127,2026-01-16,11:43:34,INFO,InventoryDB,Page view: /home by u4279,E103,Page view: {page} by {user}
88128,2026-01-16,11:06:59,INFO,AuthService,User u2781 login successful,E101,User {user} login successful
88129,2026-01-16,11:06:58,ERROR,OrderProcessor,Timeout waiting for lock on InventoryDB,E502,Timeout waiting for lock on {db}
88130,2026-01-16,11:51:17,INFO,OrderProcessor,Transaction tx157126 completed in 726ms,E104,Transaction {tx} completed in {time}ms
88131,2026-01-16,11:20:27,WARN,WebServer,Disk usage > 85% on node node-4,E202,Disk usage > 85% on node {node}
88132,2026-01-16,11:29:14,INFO,WebServer,Health check passed: WebServer,E102,Health check passed: {service}
88133,2026-01-16,11:20:43,INFO,WebServer,User u1277 login successful,E101,User {user} login successful
88134,2026-01-16,11:55:44,INFO,AuthService,Page view: /home by u1763,E103,Page view: {page} by {user}
88135,2026-01-16,11:11:57,INFO,AuthService,Page view: /home by u3110,E103,Page view: {page} by {user}
88136,2026-01-16,11:09:34,INFO,WebServer,Health check passed: WebServer,E102,Health check passed: {service}
88137,2026-01-16,11:07:56,INFO,PaymentGateway,Health check passed: PaymentGateway,E102,Health check passed: {service}
88138,2026-01-16,11:05:28,INFO,WebServer,Health check passed: WebServer,E102,Health check passed: {service}
88139,2026-01-16,11:14:01,INFO,WebServer,Page view: /home by u2591,E103,Page view: {page} by {user}
88140,2026-01-16,11:19:03,INFO,WebServer,Page view: /home by u4763,E103,Page view: {page} by {user}
88141,2026-01-16,11:34:17,INFO,AuthService,Page view: /home by u3637,E103,Page view: {page} by {user}
88142,2026-01-16,11:44:53,INFO,WebServer,Page view: /home by u1977,E103,Page view: {page} by {user}
88143,2026-01-16,11:36:43,INFO,OrderProcessor,User u2236 login successful,E101,User {user} login successful
88144,2026-01-16,11:08:01,INFO,AuthService,Page view: /home by u4571,E103,Page view: {page} by {user}
88145,2026-01-16,11:40:40,WARN,WebServer,Disk usage > 85% on node node-5,E202,Disk usage > 85% on node {node}
88146,2026-01-16,11:48:56,INFO,AuthService,User u1986 login successful,E101,User {user} login successful
88147,2026-01-16,11:49:50,INFO,OrderProcessor,User u1804 login successful,E101,User {user} login successful
88148,2026-01-16,11:26:10,INFO,WebServer,Transaction tx864488 completed in 1812ms,E104,Transaction {tx} completed in {time}ms
88149,2026-01-16,11:16:55,INFO,WebServer,Transaction tx425930 completed in 132ms,E104,Transaction {tx} completed in {time}ms
88150,2026-01-16,11:31:43,INFO,WebServer,Transaction tx924517 completed in 1297ms,E104,Transaction {tx} completed in {time}ms
88151,2026-01-16,11:59:00,INFO,OrderProcessor,Health check passed: OrderProcessor,E102,Health check passed: {service}
88152,2026-01-16,11:50:45,INFO,WebServer,Page view: /home by u3738,E103,Page view: {page} by {user}
88153,2026-01-16,11:12:02,INFO,WebServer,User u2342 login successful,E101,User {user} login successful
88154,2026-01-16,11:58:12,INFO,WebServer,Transaction tx792608 completed in 1184ms,E104,Transaction {tx} completed in {time}ms
88155,2026-01-16,11:34:37,INFO,AuthService,Page view: /home by u2946,E103,Page view: {page} by {user}
88156,2026-01-16,11:04:22,INFO,OrderProcessor,User u3511 login successful,E101,User {user} login successful
88157,2026-01-16,11:09:39,INFO,WebServer,Transaction tx632688 completed in 1200ms,E104,Transaction {tx} completed in {time}ms
88158,2026-01-16,11:40:31,INFO,WebServer,Health check passed: WebServer,E102,Health check passed: {service}
88159,2026-01-16,11:37:51,INFO,WebServer,Transaction tx243120 completed in 1885ms,E104,Transaction {tx} completed in {time}ms
88160,2026-01-16,11:30:41,WARN,OrderProcessor,High latency (906ms) detected on OrderProcessor,E201,High latency ({time}ms) detected on {service}
88161,2026-01-16,11:51:04,INFO,AuthService,Transaction tx187445 completed in 1689ms,E104,Transaction {tx} completed in {time}ms
88162,2026-01-16,11:19:17,INFO,WebServer,Transaction tx244315 completed in 1766ms,E104,Transaction {tx} completed in {time}ms
88163,2026-01-16,11:45:24,INFO,AuthService,Transaction tx151209 completed in 1592ms,E104,Transaction {tx} completed in {time}ms
88164,2026-01-16,11:06:28,INFO,WebServer,User u4417 login successful,E101,User {user} login successful
88165,2026-01-16,11:38:56,INFO,InventoryDB,Transaction tx792719 completed in 1848ms,E104,Transaction {tx} completed in {time}ms
88166,2026-01-16,11:55:03,INFO,PaymentGateway,Page view: /home by u4607,E103,Page view: {page} by {user}
88167,2026-01-16,11:51:46,INFO,PaymentGateway,User u3378 login successful,E101,User {user} login successful
88168,2026-01-16,11:38:09,INFO,AuthService,Transaction tx975337 completed in 1206ms,E104,Transaction {tx} completed in {time}ms
88169,2026-01-16,11:57:02,INFO,AuthService,Transaction tx624931 completed in 1520ms,E104,Transaction {tx} completed in {time}ms
88170,2026-01-16,11:48:24,INFO,WebServer,Health check passed: WebServer,E102,Health check passed: {service}
88171,2026-01-16,11:27:32,INFO,AuthService,User u4311 login successful,E101,User {user} login successful
88172,2026-01-16,11:09:43,INFO,InventoryDB,Transaction tx298710 completed in 967ms,E104,Transaction {tx} completed in {time}ms
88173,2026-01-16,11:06:25,INFO,WebServer,Transaction tx984562 completed in 1879ms,E104,Transaction {tx} completed in {time}ms
88174,2026-01-16,11:56:39,INFO,OrderProcessor,Transaction tx290998 completed in 825ms,E104,Transaction {tx} completed in {time}ms
88175,2026-01-16,11:41:21,WARN,WebServer,Unauthorized access attempt from 10.0.0.45,E401,Unauthorized access attempt from {ip}
88176,2026-01-16,11:54:13,INFO,AuthService,Transaction tx193868 completed in 368ms,E104,Transaction {tx} completed in {time}ms
88177,2026-01-16,11:39:34,INFO,WebServer,Page view: /home by u2752,E103,Page view: {page} by {user}
88178,2026-01-16,11:24:39,INFO,WebServer,User u2269 login successful,E101,User {user} login successful
88179,2026-01-16,11:56:27,INFO,WebServer,User u4552 login successful,E101,User {user} login successful
88180,2026-01-16,11:55:50,INFO,WebServer,Transaction tx675348 completed in 1300ms,E104,Transaction {tx} completed in {time}ms
88181,2026-01-16,11:16:08,INFO,OrderProcessor,User u3148 login successful,E101,User {user} login successful
88182,2026-01-16,11:09:25,INFO,AuthService,Health check passed: AuthService,E102,Health check passed: {service}
88183,2026-01-16,11:45:59,INFO,PaymentGateway,Page view: /home by u4156,E103,Page view: {page} by {user}
88184,2026-01-16,11:11:20,INFO,AuthService,Page view: /home by u2344,E103,Page view: {page} by {user}
88185,2026-01-16,11:53:17,INFO,WebServer,Transaction tx696031 completed in 57ms,E104,Transaction {tx} completed in {time}ms
88186,2026-01-16,11:40:34,INFO,PaymentGateway,Page view: /home by u1144,E103,Page view: {page} by {user}
88187,2026-01-16,11:47:34,WARN,WebServer,Unauthorized access attempt from 10.0.0.45,E401,Unauthorized access attempt from {ip}
88188,2026-01-16,11:46:21,WARN,WebServer,Unauthorized access attempt from 10.0.0.45,E401,Unauthorized access attempt from {ip}
88189,2026-01-16,11:10:53,INFO,OrderProcessor,Transaction tx697936 completed in 1588ms,E104,Transaction {tx} completed in {time}ms
88190,2026-01-16,11:56:04,INFO,WebServer,User u1832 login successful,E101,User {user} login successful
88191,2026-01-16,11:23:26,INFO,WebServer,User u3576 login successful,E101,User {user} login successful
88192,2026-01-16,11:16:15,INFO,WebServer,User u2517 login successful,E101,User {user} login successful
88193,2026-01-16,11:53:39,INFO,AuthService,Page view: /home by u3916,E103,Page view: {page} by {user}
88194,2026-01-16,11:16:00,INFO,WebServer,Health check passed: WebServer,E102,Health check passed: {service}
88195,2026-01-16,11:05:26,INFO,WebServer,Health check passed: WebServer,E102,Health check passed: {service}
88196,2026-01-16,11:56:57,INFO,WebServer,Health check passed: WebServer,E102,Health check passed: {service}
88197,2026-01-16,11:41:54,INFO,WebServer,Page view: /home by u2206,E103,Page view: {page} by {user}
88198,2026-01-16,11:27:31,INFO,AuthService,Page view: /home by u2419,E103,Page view: {page} by {user}
88199,2026-01-16,11:49:13,INFO,WebServer,Page view: /home by u3682,E103,Page view: {page} by {user}
88200,2026-01-16,11:45:13,WARN,WebServer,Unauthorized access attempt from 10.0.0.45,E401,Unauthorized access attempt from {ip}
88201,2026-01-16,11:12:58,INFO,WebServer,Transaction tx596260 completed in 92ms,E104,Transaction {tx} completed in {time}ms
88202,2026-01-16,11:18:51,INFO,AuthService,Health check passed: AuthService,E102,Health check passed: {service}
88203,2026-01-16,11:15:00,INFO,PaymentGateway,Health check passed: PaymentGateway,E102,Health check passed: {service}
88204,2026-01-16,11:35:52,WARN,OrderProcessor,High latency (1669ms) detected on OrderProcessor,E201,High latency ({time}ms) detected on {service}
88205,2026-01-16,11:49:27,INFO,WebServer,User u2790 login successful,E101,User {user} login successful
88206,2026-01-16,11:19:04,INFO,WebServer,Health check passed: WebServer,E102,Health check passed: {service}
88207,2026-01-16,11:18:38,INFO,AuthService,User u2333 login successful,E101,User {user} login successful
88208,2026-01-16,11:50:12,INFO,WebServer,Transaction tx640248 completed in 872ms,E104,Transaction {tx} completed in {time}ms
88209,2026-01-16,11:05:55,INFO,WebServer,Health check passed: WebServer,E102,Health check passed: {service}
88210,2026-01-16,11:39:34,INFO,AuthService,User u4190 login successful,E101,User {user} login successful
88211,2026-01-16,11:45:43,INFO,AuthService,Transaction tx738207 completed in 692ms,E104,Transaction {tx} completed in {time}ms
88212,2026-01-16,11:18:34,INFO,PaymentGateway,User u2672 login successful,E101,User {user} login successful
88213,2026-01-16,11:12:48,INFO,AuthService,User u1419 login successful,E101,User {user} login successful
88214,2026-01-16,11:42:38,INFO,PaymentGateway,Page view: /home by u3546,E103,Page view: {page} by {user}
88215,2026-01-16,11:23:05,ERROR,WebServer,Payment declined: Gateway unavailable,E503,Payment declined: Gateway unavailable
88216,2026-01-16,11:10:25,INFO,AuthService,Health check passed: AuthService,E102,Health check passed: {service}
88217,2026-01-16,11:47:38,INFO,AuthService,Transaction tx436583 completed in 1773ms,E104,Transaction {tx} completed in {time}ms
88218,2026-01-16,11:45:19,INFO,OrderProcessor,Health check passed: OrderProcessor,E102,Health check passed: {service}
88219,2026-01-16,11:26:11,INFO,WebServer,Transaction tx975056 completed in 694ms,E104,Transaction {tx} completed in {time}ms
88220,2026-01-16,11:59:59,INFO,WebServer,Page view: /home by u1340,E103,Page view: {page} by {user}
88221,2026-01-16,11:26:14,INFO,AuthService,User u2060 login successful,E101,User {user} login successful
88222,2026-01-16,11:30:28,INFO,OrderProcessor,User u3500 login successful,E101,User {user} login successful
88223,2026-01-16,11:20:49,INFO,OrderProcessor,Transaction tx442397 completed in 1011ms,E104,Transaction {tx} completed in {time}ms
88224,2026-01-16,11:17:53,INFO,PaymentGateway,User u2638 login successful,E101,User {user} login successful
88225,2026-01-16,11:27:35,INFO,AuthService,Transaction tx572806 completed in 1580ms,E104,Transaction {tx} completed in {time}ms
88226,2026-01-16,11:18:56,INFO,AuthService,Transaction tx716464 completed in 1810ms,E104,Transaction {tx} completed in {time}ms
88227,2026-01-16,11:07:14,INFO,PaymentGateway,Health check passed: PaymentGateway,E102,Health check passed: {service}
88228,2026-01-16,11:00:58,INFO,WebServer,User u4110 login successful,E101,User {user} login successful
88229,2026-01-16,11:43:31,WARN,OrderProcessor,Disk usage > 85% on node node-2,E202,Disk usage > 85% on node {node}
88230,2026-01-16,11:50:18,INFO,OrderProcessor,User u1968 login successful,E101,User {user} login successful
88231,2026-01-16,11:29:31,INFO,AuthService,Transaction tx986969 completed in 205ms,E104,Transaction {tx} completed in {time}ms
88232,2026-01-16,11:01:15,INFO,WebServer,Transaction tx375675 completed in 1817ms,E104,Transaction {tx} completed in {time}ms
88233,2026-01-16,11:00:33,INFO,PaymentGateway,Health check passed: PaymentGateway,E102,Health check passed: {service}
88234,2026-01-16,11:01:26,INFO,AuthService,User u3911 login successful,E101,User {user} login successful
88235,2026-01-16,11:49:04,INFO,OrderProcessor,User u1795 login successful,E101,User {user} login successful
88236,2026-01-16,11:00:16,INFO,WebServer,Transaction tx406978 completed in 134ms,E104,Transaction {tx} completed in {time}ms
88237,2026-01-16,11:57:32,INFO,PaymentGateway,User u2111 login successful,E101,User {user} login successful
88238,2026-01-16,11:50:29,INFO,PaymentGateway,Transaction tx855121 completed in 478ms,E104,Transaction {tx} completed in {time}ms
88239,2026-01-16,11:45:13,INFO,AuthService,Health check passed: AuthService,E102,Health check passed: {service}
88240,2026-01-16,11:06:51,INFO,WebServer,User u1065 login successful,E101,User {user} login successful
88241,2026-01-16,11:02:21,INFO,WebServer,Page view: /home by u4762,E103,Page view: {page} by {user}
88242,2026-01-16,11:20:58,INFO,AuthService,Health check passed: AuthService,E102,Health check passed: {service}
88243,2026-01-16,11:38:03,CRITICAL,AuthService,KERNEL PANIC: Node node-3 crashed,E601,KERNEL PANIC: Node {node} crashed
88244,2026-01-16,11:17:32,INFO,AuthService,Page view: /home by u4208,E103,Page view: {page} by {user}
88245,2026-01-16,11:37:02,INFO,WebServer,Page view: /home by u4663,E103,Page view: {page} by {user}
88246,2026-01-16,11:26:00,INFO,InventoryDB,Page view: /home by u1711,E103,Page view: {page} by {user}
88247,2026-01-16,11:46:45,INFO,WebServer,User u3780 login successful,E101,User {user} login successful
88248,2026-01-16,11:58:42,INFO,OrderProcessor,Page view: /home by u3231,E103,Page view: {page} by {user}
88249,2026-01-16,11:46:21,WARN,AuthService,Disk usage > 85% on node node-3,E202,Disk usage > 85% on node {node}
88250,2026-01-16,11:31:44,INFO,OrderProcessor,Health check passed: OrderProcessor,E102,Health check passed: {service}
88251,2026-01-16,11:04:12,INFO,WebServer,Health check passed: WebServer,E102,Health check passed: {service}
88252,2026-01-16,11:34:03,INFO,WebServer,User u1825 login successful,E101,User {user} login successful
88253,2026-01-16,11:12:52,INFO,PaymentGateway,Page view: /home by u2907,E103,Page view: {page} by {user}
88254,2026-01-16,11:28:55,INFO,WebServer,Page view: /home by u3034,E103,Page view: {page} by {user}
88255,2026-01-16,11:29:43,INFO,WebServer,Health check passed: WebServer,E102,Health check passed: {service}
88256,2026-01-16,11:39:11,INFO,AuthService,Page view: /home by u1673,E103,Page view: {page} by {user}
88257,2026-01-16,11:46:01,INFO,WebServer,Transaction tx266570 completed in 1879ms,E104,Transaction {tx} completed in {time}ms
88258,2026-01-16,11:43:39,INFO,WebServer,Transaction tx300891 completed in 1777ms,E104,Transaction {tx} completed in {time}ms
88259,2026-01-16,11:18:08,INFO,OrderProcessor,Health check passed: OrderProcessor,E102,Health check passed: {service}
88260,2026-01-16,11:57:44,INFO,WebServer,Transaction tx287361 completed in 1863ms,E104,Transaction {tx} completed in {time}ms
88261,2026-01-16,11:36:56,INFO,InventoryDB,Transaction tx573070 completed in 575ms,E104,Transaction {tx} completed in {time}ms
88262,2026-01-16,11:07:13,ERROR,WebServer,Connection refused to WebServer at 192.168.1.5,E501,Connection refused to {service} at {ip}
88263,2026-01-16,11:03:59,WARN,OrderProcessor,Unauthorized access attempt from 10.0.0.12,E401,Unauthorized access attempt from {ip}
88264,2026-01-16,11:47:11,INFO,AuthService,Page view: /home by u2292,E103,Page view: {page} by {user}
88265,2026-01-16,11:30:49,INFO,OrderProcessor,Health check passed: OrderProcessor,E102,Health check passed: {service}
88266,2026-01-16,11:34:35,INFO,WebServer,Page view: /home by u1973,E103,Page view: {page} by {user}
88267,2026-01-16,11:26:25,INFO,AuthService,User u3849 login successful,E101,User {user} login successful
88268,2026-01-16,11:06:57,INFO,PaymentGateway,Transaction tx867629 completed in 1713ms,E104,Transaction {tx} completed in {time}ms
88269,2026-01-16,11:01:31,INFO,WebServer,Page view: /home by u4631,E103,Page view: {page} by {user}
88270,2026-01-16,11:29:53,INFO,WebServer,Health check passed: WebServer,E102,Health check passed: {service}
88271,2026-01-16,11:01:37,INFO,PaymentGateway,Transaction tx374935 completed in 1986ms,E104,Transaction {tx} completed in {time}ms
88272,2026-01-16,11:18:40,ERROR,OrderProcessor,Connection refused to OrderProcessor at 10.0.0.12,E501,Connection refused to {service} at {ip}
88273,2026-01-16,11:56:42,INFO,OrderProcessor,User u2818 login successful,E101,User {user} login successful
88274,2026-01-16,11:02:57,INFO,PaymentGateway,Transaction tx649851 completed in 1113ms,E104,Transaction {tx} completed in {time}ms
88275,2026-01-16,11:20:50,INFO,OrderProcessor,Page view: /home by u2680,E103,Page view: {page} by {user}
88276,2026-01-16,11:26:35,ERROR,PaymentGateway,Timeout waiting for lock on InventoryDB,E502,Timeout waiting for lock on {db}
88277,2026-01-16,11:13:11,INFO,PaymentGateway,Page view: /home by u1247,E103,Page view: {page} by {user}
88278,2026-01-16,11:42:33,INFO,WebServer,User u3462 login successful,E101,User {user} login successful
88279,2026-01-16,11:08:12,INFO,AuthService,Health check passed: AuthService,E102,Health check passed: {service}
88280,2026-01-16,11:32:45,INFO,OrderProcessor,Transaction tx446667 completed in 296ms,E104,Transaction {tx} completed in {time}ms
88281,2026-01-16,11:32:45,INFO,AuthService,Health check passed: AuthService,E102,Health check passed: {service}
88282,2026-01-16,11:37:05,INFO,OrderProcessor,Transaction tx538010 completed in 498ms,E104,Transaction {tx} completed in {time}ms
88283,2026-01-16,11:01:58,INFO,WebServer,Health check passed: WebServer,E102,Health check passed: {service}
88284,2026-01-16,11:23:41,INFO,WebServer,Page view: /home by u4700,E103,Page view: {page} by {user}
88285,2026-01-16,11:53:01,INFO,PaymentGateway,User u4029 login successful,E101,User {user} login successful
88286,2026-01-16,11:00:31,INFO,OrderProcessor,User u2042 login successful,E101,User {user} login successful
88287,2026-01-16,11:01:41,INFO,WebServer,Page view: /home by u4906,E103,Page view: {page} by {user}
88288,2026-01-16,11:19:11,INFO,InventoryDB,User u4607 login successful,E101,User {user} login successful
88289,2026-01-16,11:42:15,INFO,WebServer,Page view: /home by u2094,E103,Page view: {page} by {user}
88290,2026-01-16,11:16:22,INFO,WebServer,Transaction tx669663 completed in 1558ms,E104,Transaction {tx} completed in {time}ms
88291,2026-01-16,11:54:29,INFO,WebServer,Health check passed: WebServer,E102,Health check passed: {service}
88292,2026-01-16,11:48:08,INFO,OrderProcessor,Transaction tx471614 completed in 1496ms,E104,Transaction {tx} completed in {time}ms
88293,2026-01-16,11:54:27,INFO,WebServer,Transaction tx164065 completed in 1281ms,E104,Transaction {tx} completed in {time}ms
88294,2026-01-16,11:18:54,INFO,WebServer,Page view: /home by u3704,E103,Page view: {page} by {user}
88295,2026-01-16,11:52:49,INFO,PaymentGateway,User u2969 login successful,E101,User {user} login successful
88296,2026-01-16,11:25:33,INFO,AuthService,Page view: /home by u4516,E103,Page view: {page} by {user}
88297,2026-01-16,11:23:29,INFO,WebServer,Health check passed: WebServer,E102,Health check passed: {service}
88298,2026-01-16,11:06:22,INFO,AuthService,Page view: /home by u3768,E103,Page view: {page} by {user}
88299,2026-01-16,11:25:07,INFO,WebServer,Health check passed: WebServer,E102,Health check passed: {service}
88300,2026-01-16,11:14:25,INFO,WebServer,Health check passed: WebServer,E102,Health check passed: {service}
88301,2026-01-16,11:04:57,INFO,WebServer,Health check passed: WebServer,E102,Health check passed: {service}
88302,2026-01-16,11:02:35,INFO,AuthService,Page view: /home by u3671,E103,Page view: {page} by {user}
88303,2026-01-16,11:23:39,INFO,OrderProcessor,Health check passed: OrderProcessor,E102,Health check passed: {service}
88304,2026-01-16,11:00:43,WARN,AuthService,High latency (1901ms) detected on AuthService,E201,High latency ({time}ms) detected on {service}
88305,2026-01-16,11:56:54,INFO,WebServer,Transaction tx666496 completed in 950ms,E104,Transaction {tx} completed in {time}ms
88306,2026-01-16,11:21:44,INFO,AuthService,Page view: /home by u3970,E103,Page view: {page} by {user}
88307,2026-01-16,11:21:59,INFO,WebServer,Transaction tx383642 completed in 434ms,E104,Transaction {tx} completed in {time}ms
88308,2026-01-16,11:08:13,WARN,AuthService,Unauthorized access attempt from 10.0.0.45,E401,Unauthorized access attempt from {ip}
88309,2026-01-16,11:08:23,INFO,AuthService,Transaction tx846384 completed in 1486ms,E104,Transaction {tx} completed in {time}ms
88310,2026-01-16,11:10:10,INFO,AuthService,User u2116 login successful,E101,User {user} login successful
88311,2026-01-16,11:44:39,INFO,PaymentGateway,Page view: /home by u1565,E103,Page view: {page} by {user}
88312,2026-01-16,11:03:18,INFO,AuthService,User u1338 login successful,E101,User {user} login successful
88313,2026-01-16,11:55:15,INFO,PaymentGateway,Page view: /home by u2715,E103,Page view: {page} by {user}
88314,2026-01-16,11:14:03,INFO,PaymentGateway,User u4331 login successful,E101,User {user} login successful
88315,2026-01-16,11:44:44,INFO,AuthService,Page view: /home by u1641,E103,Page view: {page} by {user}
88316,2026-01-16,11:45:41,INFO,AuthService,Page view: /home by u4784,E103,Page view: {page} by {user}
88317,2026-01-16,11:36:08,INFO,PaymentGateway,User u4533 login successful,E101,User {user} login successful
88318,2026-01-16,11:48:10,INFO,AuthService,Page view: /home by u1536,E103,Page view: {page} by {user}
88319,2026-01-16,11:42:55,INFO,WebServer,Page view: /home by u4658,E103,Page view: {page} by {user}
88320,2026-01-16,11:10:32,INFO,AuthService,Page view: /home by u4777,E103,Page view: {page} by {user}
88321,2026-01-16,11:32:24,INFO,WebServer,Page view: /home by u1980,E103,Page view: {page} by {user}
88322,2026-01-16,11:44:56,INFO,WebServer,Transaction tx162480 completed in 1507ms,E104,Transaction {tx} completed in {time}ms
88323,2026-01-16,11:50:15,WARN,InventoryDB,High latency (168ms) detected on InventoryDB,E201,High latency ({time}ms) detected on {service}
88324,2026-01-16,11:52:56,INFO,WebServer,User u1340 login successful,E101,User {user} login successful
88325,2026-01-16,11:02:51,INFO,WebServer,Health check passed: WebServer,E102,Health check passed: {service}
88326,2026-01-16,11:49:21,INFO,InventoryDB,Health check passed: InventoryDB,E102,Health check passed: {service}
88327,2026-01-16,11:04:41,INFO,WebServer,Health check passed: WebServer,E102,Health check passed: {service}
88328,2026-01-16,11:00:02,INFO,WebServer,Page view: /home by u2008,E103,Page view: {page} by {user}
88329,2026-01-16,11:11:30,WARN,WebServer,Disk usage > 85% on node node-4,E202,Disk usage > 85% on node {node}
88330,2026-01-16,11:15:46,INFO,OrderProcessor,Transaction tx747572 completed in 425ms,E104,Transaction {tx} completed in {time}ms
88331,2026-01-16,11:12:50,INFO,WebServer,Page view: /home by u4007,E103,Page view: {page} by {user}
88332,2026-01-16,11:41:13,INFO,WebServer,User u1232 login successful,E101,User {user} login successful
88333,2026-01-16,11:19:08,WARN,AuthService,Disk usage > 85% on node node-1,E202,Disk usage > 85% on node {node}
88334,2026-01-16,11:36:59,INFO,WebServer,User u3296 login successful,E101,User {user} login successful
88335,2026-01-16,11:17:56,INFO,WebServer,Page view: /home by u2735,E103,Page view: {page} by {user}
88336,2026-01-16,11:10:17,INFO,OrderProcessor,Health check passed: OrderProcessor,E102,Health check passed: {service}
88337,2026-01-16,11:38:37,INFO,WebServer,Health check passed: WebServer,E102,Health check passed: {service}
88338,2026-01-16,11:30:04,INFO,PaymentGateway,Transaction tx546235 completed in 500ms,E104,Transaction {tx} completed in {time}ms
88339,2026-01-16,11:38:25,INFO,WebServer,Page view: /home by u4998,E103,Page view: {page} by {user}
88340,2026-01-16,11:31:37,INFO,WebServer,Page view: /home by u4776,E103,Page view: {page} by {user}
88341,2026-01-16,11:09:24,INFO,WebServer,Health check passed: WebServer,E102,Health check passed: {service}
88342,2026-01-16,11:42:45,INFO,WebServer,User u2232 login successful,E101,User {user} login successful
88343,2026-01-16,11:58:16,WARN,WebServer,Unauthorized access attempt from 10.0.0.45,E401,Unauthorized access attempt from {ip}
88344,2026-01-16,11:46:16,INFO,OrderProcessor,Transaction tx692752 completed in 507ms,E104,Transaction {tx} completed in {time}ms
88345,2026-01-16,11:30:36,INFO,AuthService,Page view: /home by u1959,E103,Page view: {page} by {user}
88346,2026-01-16,11:53:23,INFO,WebServer,User u2376 login successful,E101,User {user} login successful
88347,2026-01-16,11:40:19,CRITICAL,WebServer,DATA CORRUPTION detected in sector 710,E602,DATA CORRUPTION detected in sector {sector}
88348,2026-01-16,11:28:21,INFO,WebServer,Health check passed: WebServer,E102,Health check passed: {service}
88349,2026-01-16,11:33:21,INFO,InventoryDB,User u3107 login successful,E101,User {user} login successful
88350,2026-01-16,11:17:47,INFO,OrderProcessor,Page view: /home by u1582,E103,Page view: {page} by {user}
88351,2026-01-16,11:31:38,WARN,OrderProcessor,High latency (1856ms) detected on OrderProcessor,E201,High latency ({time}ms) detected on {service}
88352,2026-01-16,11:14:09,INFO,AuthService,User u3234 login successful,E101,User {user} login successful
88353,2026-01-16,11:47:26,INFO,WebServer,Page view: /home by u2671,E103,Page view: {page} by {user}
88354,2026-01-16,11:16:55,INFO,WebServer,Transaction tx748855 completed in 153ms,E104,Transaction {tx} completed in {time}ms
88355,2026-01-16,11:25:23,INFO,AuthService,Page view: /home by u1802,E103,Page view: {page} by {user}
88356,2026-01-16,11:39:21,INFO,WebServer,Health check passed: WebServer,E102,Health check passed: {service}
88357,2026-01-16,11:52:55,INFO,AuthService,Page view: /home by u1589,E103,Page view: {page} by {user}
88358,2026-01-16,11:47:50,INFO,AuthService,Page view: /home by u4312,E103,Page view: {page} by {user}
88359,2026-01-16,11:05:19,INFO,AuthService,Health check passed: AuthService,E102,Health check passed: {service}
88360,2026-01-16,11:42:27,ERROR,PaymentGateway,Payment declined: Gateway unavailable,E503,Payment declined: Gateway unavailable
88361,2026-01-16,11:34:37,INFO,WebServer,Health check passed: WebServer,E102,Health check passed: {service}
88362,2026-01-16,11:55:51,INFO,WebServer,Page view: /home by u1653,E103,Page view: {page} by {user}
88363,2026-01-16,11:34:59,INFO,WebServer,User u1032 login successful,E101,User {user} login successful
88364,2026-01-16,11:59:07,INFO,WebServer,Page view: /home by u4426,E103,Page view: {page} by {user}
88365,2026-01-16,11:30:24,WARN,OrderProcessor,Disk usage > 85% on node node-1,E202,Disk usage > 85% on node {node}
88366,2026-01-16,11:31:26,INFO,WebServer,Page view: /home by u2921,E103,Page view: {page} by {user}
88367,2026-01-16,11:16:23,WARN,WebServer,Unauthorized access attempt from 10.0.0.45,E401,Unauthorized access attempt from {ip}
88368,2026-01-16,11:18:25,INFO,OrderProcessor,Page view: /home by u2060,E103,Page view: {page} by {user}
88369,2026-01-16,11:04:08,INFO,OrderProcessor,Page view: /home by u1717,E103,Page view: {page} by {user}
88370,2026-01-16,11:39:48,INFO,AuthService,User u1367 login successful,E101,User {user} login successful
88371,2026-01-16,11:09:27,INFO,AuthService,Page view: /home by u4390,E103,Page view: {page} by {user}
88372,2026-01-16,11:04:41,INFO,PaymentGateway,Page view: /home by u4223,E103,Page view: {page} by {user}
88373,2026-01-16,11:49:09,INFO,WebServer,User u4645 login successful,E101,User {user} login successful
88374,2026-01-16,11:35:37,INFO,WebServer,Page view: /home by u3704,E103,Page view: {page} by {user}
88375,2026-01-16,11:44:11,INFO,WebServer,Health check passed: WebServer,E102,Health check passed: {service}
88376,2026-01-16,11:35:03,INFO,PaymentGateway,Transaction tx940747 completed in 317ms,E104,Transaction {tx} completed in {time}ms
88377,2026-01-16,11:53:56,INFO,WebServer,Health check passed: WebServer,E102,Health check passed: {service}
88378,2026-01-16,11:19:39,INFO,PaymentGateway,User u2794 login successful,E101,User {user} login successful
88379,2026-01-16,11:23:20,INFO,AuthService,User u1870 login successful,E101,User {user} login successful
88380,2026-01-16,11:14:13,INFO,WebServer,Page view: /home by u1196,E103,Page view: {page} by {user}
88381,2026-01-16,11:35:50,INFO,AuthService,Transaction tx896235 completed in 1904ms,E104,Transaction {tx} completed in {time}ms
88382,2026-01-16,11:58:10,INFO,WebServer,Health check passed: WebServer,E102,Health check passed: {service}
88383,2026-01-16,11:44:07,INFO,WebServer,User u2939 login successful,E101,User {user} login successful
88384,2026-01-16,11:19:33,INFO,AuthService,Health check passed: AuthService,E102,Health check passed: {service}
88385,2026-01-16,11:20:35,INFO,AuthService,Health check passed: AuthService,E102,Health check passed: {service}
88386,2026-01-16,11:38:52,INFO,WebServer,Page view: /home by u4624,E103,Page view: {page} by {user}
88387,2026-01-16,11:15:51,INFO,OrderProcessor,Page view: /home by u1247,E103,Page view: {page} by {user}
88388,2026-01-16,11:36:57,INFO,WebServer,Health check passed: WebServer,E102,Health check passed: {service}
88389,2026-01-16,11:27:39,INFO,WebServer,Transaction tx855089 completed in 1863ms,E104,Transaction {tx} completed in {time}ms
88390,2026-01-16,11:16:30,INFO,OrderProcessor,User u2145 login successful,E101,User {user} login successful
88391,2026-01-16,11:55:09,INFO,OrderProcessor,User u1107 login successful,E101,User {user} login successful
88392,2026-01-16,11:40:40,INFO,WebServer,User u1470 login successful,E101,User {user} login successful
88393,2026-01-16,11:12:48,INFO,WebServer,Transaction tx107858 completed in 1215ms,E104,Transaction {tx} completed in {time}ms
88394,2026-01-16,11:12:09,INFO,OrderProcessor,User u2504 login successful,E101,User {user} login successful
88395,2026-01-16,11:58:21,INFO,PaymentGateway,Health check passed: PaymentGateway,E102,Health check passed: {service}
88396,2026-01-16,11:46:21,INFO,OrderProcessor,Health check passed: OrderProcessor,E102,Health check passed: {service}
88397,2026-01-16,11:26:31,INFO,WebServer,Page view: /home by u1136,E103,Page view: {page} by {user}
88398,2026-01-16,11:25:22,INFO,AuthService,Page view: /home by u4510,E103,Page view: {page} by {user}
88399,2026-01-16,11:08:43,INFO,WebServer,Transaction tx224105 completed in 64ms,E104,Transaction {tx} completed in {time}ms
88400,2026-01-16,11:13:54,INFO,AuthService,Page view: /home by u2970,E103,Page view: {page} by {user}
88401,2026-01-16,11:41:57,INFO,AuthService,Health check passed: AuthService,E102,Health check passed: {service}
88402,2026-01-16,11:46:24,INFO,OrderProcessor,Transaction tx574639 completed in 1222ms,E104,Transaction {tx} completed in {time}ms
88403,2026-01-16,11:37:42,INFO,WebServer,Transaction tx124097 completed in 1106ms,E104,Transaction {tx} completed in {time}ms
88404,2026-01-16,11:02:31,INFO,WebServer,User u3333 login successful,E101,User {user} login successful
88405,2026-01-16,11:36:16,INFO,WebServer,Transaction tx682519 completed in 524ms,E104,Transaction {tx} completed in {time}ms
88406,2026-01-16,11:16:53,INFO,AuthService,Health check passed: AuthService,E102,Health check passed: {service}
88407,2026-01-16,11:14:31,INFO,WebServer,Transaction tx323487 completed in 1706ms,E104,Transaction {tx} completed in {time}ms
88408,2026-01-16,11:13:23,INFO,InventoryDB,User u1573 login successful,E101,User {user} login successful
88409,2026-01-16,11:50:22,INFO,WebServer,Page view: /home by u2164,E103,Page view: {page} by {user}
88410,2026-01-16,11:39:26,INFO,WebServer,Health check passed: WebServer,E102,Health check passed: {service}
88411,2026-01-16,11:25:46,INFO,PaymentGateway,Transaction tx594831 completed in 1890ms,E104,Transaction {tx} completed in {time}ms
88412,2026-01-16,11:45:45,INFO,PaymentGateway,Health check passed: PaymentGateway,E102,Health check passed: {service}
88413,2026-01-16,11:48:41,INFO,WebServer,Transaction tx437501 completed in 512ms,E104,Transaction {tx} completed in {time}ms
88414,2026-01-16,11:14:33,INFO,PaymentGateway,Page view: /home by u4321,E103,Page view: {page} by {user}
88415,2026-01-16,11:23:09,INFO,AuthService,User u2067 login successful,E101,User {user} login successful
88416,2026-01-16,11:13:23,INFO,WebServer,Page view: /home by u2475,E103,Page view: {page} by {user}
88417,2026-01-16,11:54:29,INFO,WebServer,Page view: /home by u2022,E103,Page view: {page} by {user}
88418,2026-01-16,11:10:22,INFO,WebServer,Transaction tx712788 completed in 83ms,E104,Transaction {tx} completed in {time}ms
88419,2026-01-16,11:26:12,INFO,WebServer,User u4827 login successful,E101,User {user} login successful
88420,2026-01-16,11:32:44,INFO,WebServer,User u1830 login successful,E101,User {user} login successful
88421,2026-01-16,11:28:49,INFO,AuthService,User u2494 login successful,E101,User {user} login successful
88422,2026-01-16,11:45:13,INFO,OrderProcessor,Page view: /home by u3683,E103,Page view: {page} by {user}
88423,2026-01-16,11:46:34,INFO,WebServer,Page view: /home by u4033,E103,Page view: {page} by {user}
88424,2026-01-16,11:59:59,INFO,WebServer,Transaction tx838089 completed in 1475ms,E104,Transaction {tx} completed in {time}ms
88425,2026-01-16,11:26:38,INFO,WebServer,Page view: /home by u2560,E103,Page view: {page} by {user}
88426,2026-01-16,11:51:12,INFO,InventoryDB,Page view: /home by u2109,E103,Page view: {page} by {user}
88427,2026-01-16,11:05:01,INFO,AuthService,User u2206 login successful,E101,User {user} login successful
88428,2026-01-16,11:33:56,INFO,OrderProcessor,Transaction tx981701 completed in 332ms,E104,Transaction {tx} completed in {time}ms
88429,2026-01-16,11:51:57,INFO,WebServer,Page view: /home by u4084,E103,Page view: {page} by {user}
88430,2026-01-16,11:07:01,INFO,WebServer,Page view: /home by u1674,E103,Page view: {page} by {user}
88431,2026-01-16,11:14:08,INFO,WebServer,User u3459 login successful,E101,User {user} login successful
88432,2026-01-16,11:11:27,INFO,PaymentGateway,Page view: /home by u3031,E103,Page view: {page} by {user}
88433,2026-01-16,11:00:21,INFO,AuthService,User u3129 login successful,E101,User {user} login successful
88434,2026-01-16,11:19:45,INFO,WebServer,Transaction tx679562 completed in 734ms,E104,Transaction {tx} completed in {time}ms
88435,2026-01-16,11:31:30,INFO,WebServer,Health check passed: WebServer,E102,Health check passed: {service}
88436,2026-01-16,11:45:41,INFO,AuthService,User u2682 login successful,E101,User {user} login successful
88437,2026-01-16,11:50:59,CRITICAL,InventoryDB,KERNEL PANIC: Node node-3 crashed,E601,KERNEL PANIC: Node {node} crashed
88438,2026-01-16,11:28:00,INFO,WebServer,Page view: /home by u1587,E103,Page view: {page} by {user}
88439,2026-01-16,11:05:44,INFO,PaymentGateway,Page view: /home by u4352,E103,Page view: {page} by {user}
88440,2026-01-16,11:12:54,INFO,AuthService,Page view: /home by u3124,E103,Page view: {page} by {user}
88441,2026-01-16,11:50:22,INFO,WebServer,User u3290 login successful,E101,User {user} login successful
88442,2026-01-16,11:06:21,WARN,WebServer,Disk usage > 85% on node node-1,E202,Disk usage > 85% on node {node}
88443,2026-01-16,11:12:11,INFO,AuthService,Health check passed: AuthService,E102,Health check passed: {service}
88444,2026-01-16,11:02:36,INFO,AuthService,Health check passed: AuthService,E102,Health check passed: {service}
88445,2026-01-16,11:54:11,INFO,WebServer,Page view: /home by u2174,E103,Page view: {page} by {user}
88446,2026-01-16,11:37:45,INFO,OrderProcessor,Health check passed: OrderProcessor,E102,Health check passed: {service}
88447,2026-01-16,11:01:39,INFO,WebServer,Page view: /home by u3373,E103,Page view: {page} by {user}
88448,2026-01-16,11:55:31,INFO,OrderProcessor,Page view: /home by u3533,E103,Page view: {page} by {user}
88449,2026-01-16,11:46:19,INFO,AuthService,Page view: /home by u4486,E103,Page view: {page} by {user}
88450,2026-01-16,11:13:32,INFO,WebServer,Health check passed: WebServer,E102,Health check passed: {service}
88451,2026-01-16,11:56:41,INFO,AuthService,Health check passed: AuthService,E102,Health check passed: {service}
88452,2026-01-16,11:02:22,INFO,WebServer,User u3229 login successful,E101,User {user} login successful
88453,2026-01-16,11:05:29,INFO,WebServer,Transaction tx405451 completed in 1441ms,E104,Transaction {tx} completed in {time}ms
88454,2026-01-16,11:02:12,INFO,WebServer,Transaction tx558751 completed in 1799ms,E104,Transaction {tx} completed in {time}ms
88455,2026-01-16,11:54:30,INFO,WebServer,Page view: /home by u4305,E103,Page view: {page} by {user}
88456,2026-01-16,11:23:56,INFO,WebServer,Page view: /home by u2962,E103,Page view: {page} by {user}
88457,2026-01-16,11:31:03,WARN,WebServer,High latency (285ms) detected on WebServer,E201,High latency ({time}ms) detected on {service}
88458,2026-01-16,11:23:09,INFO,OrderProcessor,Transaction tx819247 completed in 70ms,E104,Transaction {tx} completed in {time}ms
88459,2026-01-16,11:25:05,INFO,OrderProcessor,Transaction tx707945 completed in 1632ms,E104,Transaction {tx} completed in {time}ms
88460,2026-01-16,11:26:02,INFO,WebServer,Health check passed: WebServer,E102,Health check passed: {service}
88461,2026-01-16,11:50:30,INFO,WebServer,Page view: /home by u4699,E103,Page view: {page} by {user}
88462,2026-01-16,11:09:24,INFO,AuthService,Page view: /home by u2923,E103,Page view: {page} by {user}
88463,2026-01-16,11:01:05,INFO,AuthService,User u4747 login successful,E101,User {user} login successful
88464,2026-01-16,11:46:41,INFO,WebServer,Transaction tx293018 completed in 298ms,E104,Transaction {tx} completed in {time}ms
88465,2026-01-16,11:09:21,ERROR,InventoryDB,Connection refused to InventoryDB at 10.0.0.45,E501,Connection refused to {service} at {ip}
88466,2026-01-16,11:58:04,WARN,PaymentGateway,Unauthorized access attempt from 10.0.0.45,E401,Unauthorized access attempt from {ip}
88467,2026-01-16,11:49:14,INFO,OrderProcessor,Page view: /home by u2472,E103,Page view: {page} by {user}
88468,2026-01-16,11:36:42,INFO,OrderProcessor,Page view: /home by u2676,E103,Page view: {page} by {user}
88469,2026-01-16,11:58:14,INFO,PaymentGateway,Page view: /home by u1018,E103,Page view: {page} by {user}
88470,2026-01-16,11:54:06,INFO,AuthService,Page view: /home by u4119,E103,Page view: {page} by {user}
88471,2026-01-16,11:33:26,INFO,WebServer,Transaction tx239526 completed in 1476ms,E104,Transaction {tx} completed in {time}ms
88472,2026-01-16,11:51:53,INFO,AuthService,User u3831 login successful,E101,User {user} login successful
88473,2026-01-16,11:34:06,INFO,InventoryDB,Page view: /home by u1077,E103,Page view: {page} by {user}
88474,2026-01-16,11:07:10,INFO,InventoryDB,Transaction tx450657 completed in 1987ms,E104,Transaction {tx} completed in {time}ms
88475,2026-01-16,11:32:17,WARN,WebServer,Unauthorized access attempt from 10.0.0.45,E401,Unauthorized access attempt from {ip}
88476,2026-01-16,11:31:24,INFO,AuthService,User u4527 login successful,E101,User {user} login successful
88477,2026-01-16,11:48:10,INFO,WebServer,Health check passed: WebServer,E102,Health check passed: {service}
88478,2026-01-16,11:55:01,INFO,AuthService,Transaction tx683804 completed in 1073ms,E104,Transaction {tx} completed in {time}ms
88479,2026-01-16,11:30:50,INFO,WebServer,User u1483 login successful,E101,User {user} login successful
88480,2026-01-16,11:35:08,INFO,AuthService,Health check passed: AuthService,E102,Health check passed: {service}
88481,2026-01-16,11:17:03,INFO,WebServer,Transaction tx537643 completed in 1128ms,E104,Transaction {tx} completed in {time}ms
88482,2026-01-16,11:24:03,INFO,WebServer,Health check passed: WebServer,E102,Health check passed: {service}
88483,2026-01-16,11:43:05,INFO,PaymentGateway,User u1841 login successful,E101,User {user} login successful
88484,2026-01-16,11:40:33,INFO,WebServer,Health check passed: WebServer,E102,Health check passed: {service}
88485,2026-01-16,11:26:09,INFO,WebServer,Transaction tx255148 completed in 1045ms,E104,Transaction {tx} completed in {time}ms
88486,2026-01-16,11:03:22,INFO,PaymentGateway,User u3949 login successful,E101,User {user} login successful
88487,2026-01-16,11:42:44,INFO,AuthService,Transaction tx927581 completed in 958ms,E104,Transaction {tx} completed in {time}ms
88488,2026-01-16,11:17:48,INFO,OrderProcessor,Transaction tx558595 completed in 613ms,E104,Transaction {tx} completed in {time}ms
88489,2026-01-16,11:16:07,INFO,WebServer,Transaction tx721574 completed in 263ms,E104,Transaction {tx} completed in {time}ms
88490,2026-01-16,11:12:52,INFO,WebServer,Transaction tx331536 completed in 568ms,E104,Transaction {tx} completed in {time}ms
88491,2026-01-16,11:43:39,INFO,WebServer,Health check passed: WebServer,E102,Health check passed: {service}
88492,2026-01-16,11:16:22,INFO,OrderProcessor,Page view: /home by u3166,E103,Page view: {page} by {user}
88493,2026-01-16,11:53:02,INFO,WebServer,User u2894 login successful,E101,User {user} login successful
88494,2026-01-16,11:01:33,INFO,OrderProcessor,Health check passed: OrderProcessor,E102,Health check passed: {service}
88495,2026-01-16,11:51:59,INFO,WebServer,Health check passed: WebServer,E102,Health check passed: {service}
88496,2026-01-16,11:11:37,INFO,PaymentGateway,Health check passed: PaymentGateway,E102,Health check passed: {service}
88497,2026-01-16,11:29:34,INFO,OrderProcessor,Health check passed: OrderProcessor,E102,Health check passed: {service}
88498,2026-01-16,11:43:39,INFO,AuthService,User u4630 login successful,E101,User {user} login successful
88499,2026-01-16,11:37:47,INFO,OrderProcessor,Health check passed: OrderProcessor,E102,Health check passed: {service}
88500,2026-01-16,11:28:40,INFO,AuthService,User u4724 login successful,E101,User {user} login successful
88501,2026-01-16,11:39:40,INFO,WebServer,Transaction tx284361 completed in 799ms,E104,Transaction {tx} completed in {time}ms
88502,2026-01-16,11:36:11,INFO,WebServer,Health check passed: WebServer,E102,Health check passed: {service}
88503,2026-01-16,11:03:53,INFO,WebServer,User u4482 login successful,E101,User {user} login successful
88504,2026-01-16,11:14:21,INFO,WebServer,Health check passed: WebServer,E102,Health check passed: {service}
88505,2026-01-16,11:11:20,INFO,WebServer,User u3567 login successful,E101,User {user} login successful
88506,2026-01-16,11:38:52,INFO,WebServer,Transaction tx210910 completed in 76ms,E104,Transaction {tx} completed in {time}ms
88507,2026-01-16,11:25:19,INFO,PaymentGateway,Transaction tx995897 completed in 1106ms,E104,Transaction {tx} completed in {time}ms
88508,2026-01-16,11:58:02,CRITICAL,AuthService,KERNEL PANIC: Node node-3 crashed,E601,KERNEL PANIC: Node {node} crashed
88509,2026-01-16,11:16:34,INFO,WebServer,Transaction tx149038 completed in 1061ms,E104,Transaction {tx} completed in {time}ms
88510,2026-01-16,11:36:46,INFO,WebServer,User u4757 login successful,E101,User {user} login successful
88511,2026-01-16,11:12:35,WARN,AuthService,Disk usage > 85% on node node-5,E202,Disk usage > 85% on node {node}
88512,2026-01-16,11:46:13,INFO,InventoryDB,Page view: /home by u3595,E103,Page view: {page} by {user}
88513,2026-01-16,11:36:42,INFO,WebServer,Health check passed: WebServer,E102,Health check passed: {service}
88514,2026-01-16,11:28:22,INFO,WebServer,Transaction tx981486 completed in 1173ms,E104,Transaction {tx} completed in {time}ms
88515,2026-01-16,11:31:13,INFO,WebServer,Health check passed: WebServer,E102,Health check passed: {service}
88516,2026-01-16,11:03:12,INFO,AuthService,Health check passed: AuthService,E102,Health check passed: {service}
88517,2026-01-16,11:53:40,INFO,OrderProcessor,User u3976 login successful,E101,User {user} login successful
88518,2026-01-16,11:00:09,INFO,InventoryDB,Page view: /home by u1038,E103,Page view: {page} by {user}
88519,2026-01-16,11:47:29,INFO,InventoryDB,Page view: /home by u4926,E103,Page view: {page} by {user}
88520,2026-01-16,11:01:49,INFO,PaymentGateway,Page view: /home by u1333,E103,Page view: {page} by {user}
88521,2026-01-16,11:18:47,INFO,WebServer,Health check passed: WebServer,E102,Health check passed: {service}
88522,2026-01-16,11:54:19,INFO,PaymentGateway,User u4099 login successful,E101,User {user} login successful
88523,2026-01-16,11:39:07,INFO,WebServer,Page view: /home by u4243,E103,Page view: {page} by {user}
88524,2026-01-16,11:45:46,INFO,WebServer,User u3098 login successful,E101,User {user} login successful
88525,2026-01-16,11:45:43,INFO,OrderProcessor,User u2307 login successful,E101,User {user} login successful
88526,2026-01-16,11:25:10,INFO,OrderProcessor,Health check passed: OrderProcessor,E102,Health check passed: {service}
88527,2026-01-16,11:01:40,INFO,WebServer,Transaction tx537588 completed in 1655ms,E104,Transaction {tx} completed in {time}ms
88528,2026-01-16,11:35:23,INFO,OrderProcessor,Page view: /home by u4046,E103,Page view: {page} by {user}
88529,2026-01-16,11:27:11,INFO,OrderProcessor,Transaction tx449598 completed in 1329ms,E104,Transaction {tx} completed in {time}ms
88530,2026-01-16,11:56:16,INFO,WebServer,Health check passed: WebServer,E102,Health check passed: {service}
88531,2026-01-16,11:12:14,INFO,WebServer,Transaction tx651111 completed in 153ms,E104,Transaction {tx} completed in {time}ms
88532,2026-01-16,11:57:01,INFO,WebServer,Transaction tx126806 completed in 1309ms,E104,Transaction {tx} completed in {time}ms
88533,2026-01-16,11:10:16,INFO,WebServer,Transaction tx308022 completed in 1171ms,E104,Transaction {tx} completed in {time}ms
88534,2026-01-16,11:32:44,INFO,WebServer,User u4704 login successful,E101,User {user} login successful
88535,2026-01-16,11:25:56,INFO,AuthService,Page view: /home by u4078,E103,Page view: {page} by {user}
88536,2026-01-16,11:08:58,WARN,WebServer,Disk usage > 85% on node node-3,E202,Disk usage > 85% on node {node}
88537,2026-01-16,11:00:03,INFO,WebServer,Health check passed: WebServer,E102,Health check passed: {service}
88538,2026-01-16,11:30:00,INFO,PaymentGateway,Page view: /home by u3325,E103,Page view: {page} by {user}
88539,2026-01-16,11:34:19,INFO,AuthService,User u2034 login successful,E101,User {user} login successful
88540,2026-01-16,11:56:05,INFO,WebServer,Health check passed: WebServer,E102,Health check passed: {service}
88541,2026-01-16,11:44:31,INFO,OrderProcessor,Page view: /home by u2268,E103,Page view: {page} by {user}
88542,2026-01-16,11:10:27,INFO,OrderProcessor,Transaction tx492570 completed in 1476ms,E104,Transaction {tx} completed in {time}ms
88543,2026-01-16,11:25:51,INFO,PaymentGateway,User u4463 login successful,E101,User {user} login successful
88544,2026-01-16,11:36:20,WARN,WebServer,High latency (1723ms) detected on WebServer,E201,High latency ({time}ms) detected on {service}
88545,2026-01-16,11:31:56,INFO,OrderProcessor,Health check passed: OrderProcessor,E102,Health check passed: {service}
88546,2026-01-16,11:23:59,INFO,WebServer,Health check passed: WebServer,E102,Health check passed: {service}
88547,2026-01-16,11:22:35,INFO,AuthService,Transaction tx287003 completed in 1209ms,E104,Transaction {tx} completed in {time}ms
88548,2026-01-16,11:26:01,WARN,OrderProcessor,Unauthorized access attempt from 10.0.0.45,E401,Unauthorized access attempt from {ip}
88549,2026-01-16,11:05:10,INFO,WebServer,Transaction tx838794 completed in 539ms,E104,Transaction {tx} completed in {time}ms
88550,2026-01-16,11:09:46,INFO,WebServer,User u3196 login successful,E101,User {user} login successful
88551,2026-01-16,11:10:08,INFO,OrderProcessor,Page view: /home by u3964,E103,Page view: {page} by {user}
88552,2026-01-16,11:14:59,INFO,PaymentGateway,Health check passed: PaymentGateway,E102,Health check passed: {service}
88553,2026-01-16,11:18:55,INFO,WebServer,Page view: /home by u3770,E103,Page view: {page} by {user}
88554,2026-01-16,11:17:25,WARN,AuthService,High latency (1791ms) detected on AuthService,E201,High latency ({time}ms) detected on {service}
88555,2026-01-16,11:24:08,INFO,OrderProcessor,User u2097 login successful,E101,User {user} login successful
88556,2026-01-16,11:06:55,INFO,WebServer,Page view: /home by u2075,E103,Page view: {page} by {user}
88557,2026-01-16,11:00:42,INFO,AuthService,User u1808 login successful,E101,User {user} login successful
88558,2026-01-16,11:31:56,INFO,OrderProcessor,User u4164 login successful,E101,User {user} login successful
88559,2026-01-16,11:43:35,INFO,PaymentGateway,Health check passed: PaymentGateway,E102,Health check passed: {service}
88560,2026-01-16,11:20:48,INFO,WebServer,Health check passed: WebServer,E102,Health check passed: {service}
88561,2026-01-16,11:47:44,INFO,InventoryDB,Transaction tx622623 completed in 778ms,E104,Transaction {tx} completed in {time}ms
88562,2026-01-16,11:48:36,WARN,WebServer,Disk usage > 85% on node node-2,E202,Disk usage > 85% on node {node}
88563,2026-01-16,11:07:09,INFO,PaymentGateway,User u3324 login successful,E101,User {user} login successful
88564,2026-01-16,11:05:38,WARN,OrderProcessor,High latency (72ms) detected on OrderProcessor,E201,High latency ({time}ms) detected on {service}
88565,2026-01-16,11:45:25,INFO,OrderProcessor,User u1840 login successful,E101,User {user} login successful
88566,2026-01-16,11:59:54,INFO,WebServer,User u1343 login successful,E101,User {user} login successful
88567,2026-01-16,11:18:31,INFO,WebServer,Health check passed: WebServer,E102,Health check passed: {service}
88568,2026-01-16,11:26:05,CRITICAL,WebServer,KERNEL PANIC: Node node-3 crashed,E601,KERNEL PANIC: Node {node} crashed
88569,2026-01-16,11:24:36,INFO,AuthService,Page view: /home by u4851,E103,Page view: {page} by {user}
88570,2026-01-16,11:20:07,INFO,WebServer,User u1776 login successful,E101,User {user} login successful
88571,2026-01-16,11:39:42,INFO,WebServer,Transaction tx168108 completed in 1835ms,E104,Transaction {tx} completed in {time}ms
88572,2026-01-16,11:57:29,INFO,OrderProcessor,User u4518 login successful,E101,User {user} login successful
88573,2026-01-16,11:33:36,INFO,WebServer,User u1716 login successful,E101,User {user} login successful
88574,2026-01-16,11:06:27,INFO,WebServer,Transaction tx849689 completed in 635ms,E104,Transaction {tx} completed in {time}ms
88575,2026-01-16,11:59:40,INFO,AuthService,Transaction tx182402 completed in 290ms,E104,Transaction {tx} completed in {time}ms
88576,2026-01-16,11:27:38,INFO,OrderProcessor,Transaction tx496940 completed in 1459ms,E104,Transaction {tx} completed in {time}ms
88577,2026-01-16,11:35:27,INFO,WebServer,Health check passed: WebServer,E102,Health check passed: {service}
88578,2026-01-16,11:51:48,INFO,WebServer,Health check passed: WebServer,E102,Health check passed: {service}
88579,2026-01-16,11:47:26,INFO,OrderProcessor,User u4354 login successful,E101,User {user} login successful
88580,2026-01-16,11:01:31,INFO,WebServer,Page view: /home by u1361,E103,Page view: {page} by {user}
88581,2026-01-16,11:24:08,INFO,WebServer,Page view: /home by u3872,E103,Page view: {page} by {user}
88582,2026-01-16,11:11:02,INFO,AuthService,User u4226 login successful,E101,User {user} login successful
88583,2026-01-16,11:30:48,INFO,PaymentGateway,Transaction tx749770 completed in 264ms,E104,Transaction {tx} completed in {time}ms
88584,2026-01-16,11:34:32,INFO,WebServer,Health check passed: WebServer,E102,Health check passed: {service}
88585,2026-01-16,11:46:18,INFO,OrderProcessor,Transaction tx364242 completed in 33ms,E104,Transaction {tx} completed in {time}ms
88586,2026-01-16,11:00:40,INFO,PaymentGateway,Transaction tx423581 completed in 1839ms,E104,Transaction {tx} completed in {time}ms
88587,2026-01-16,11:37:49,INFO,OrderProcessor,Transaction tx874811 completed in 1548ms,E104,Transaction {tx} completed in {time}ms
88588,2026-01-16,11:36:49,ERROR,OrderProcessor,Connection refused to OrderProcessor at 10.0.0.45,E501,Connection refused to {service} at {ip}
88589,2026-01-16,11:19:30,INFO,WebServer,User u2666 login successful,E101,User {user} login successful
88590,2026-01-16,11:06:28,INFO,WebServer,Transaction tx556913 completed in 1497ms,E104,Transaction {tx} completed in {time}ms
88591,2026-01-16,11:36:05,WARN,OrderProcessor,Disk usage > 85% on node node-5,E202,Disk usage > 85% on node {node}
88592,2026-01-16,11:04:47,INFO,AuthService,Transaction tx794254 completed in 878ms,E104,Transaction {tx} completed in {time}ms
88593,2026-01-16,11:14:33,WARN,InventoryDB,Unauthorized access attempt from 10.0.0.12,E401,Unauthorized access attempt from {ip}
88594,2026-01-16,11:55:19,INFO,OrderProcessor,Health check passed: OrderProcessor,E102,Health check passed: {service}
88595,2026-01-16,11:51:34,INFO,PaymentGateway,Transaction tx130383 completed in 1298ms,E104,Transaction {tx} completed in {time}ms
88596,2026-01-16,11:57:44,INFO,WebServer,Health check passed: WebServer,E102,Health check passed: {service}
88597,2026-01-16,11:55:42,INFO,PaymentGateway,Page view: /home by u3275,E103,Page view: {page} by {user}
88598,2026-01-16,11:09:13,WARN,WebServer,Disk usage > 85% on node node-4,E202,Disk usage > 85% on node {node}
88599,2026-01-16,11:16:54,INFO,PaymentGateway,User u4419 login successful,E101,User {user} login successful
88600,2026-01-16,11:03:27,WARN,WebServer,High latency (1645ms) detected on WebServer,E201,High latency ({time}ms) detected on {service}
88601,2026-01-16,11:49:01,WARN,WebServer,Unauthorized access attempt from 10.0.0.88,E401,Unauthorized access attempt from {ip}
88602,2026-01-16,11:45:57,INFO,WebServer,User u1596 login successful,E101,User {user} login successful
88603,2026-01-16,11:41:40,INFO,AuthService,User u4077 login successful,E101,User {user} login successful
88604,2026-01-16,11:56:13,INFO,WebServer,Transaction tx537987 completed in 540ms,E104,Transaction {tx} completed in {time}ms
88605,2026-01-16,11:11:53,INFO,WebServer,Health check passed: WebServer,E102,Health check passed: {service}
88606,2026-01-16,11:42:54,INFO,PaymentGateway,Health check passed: PaymentGateway,E102,Health check passed: {service}
88607,2026-01-16,11:09:28,INFO,OrderProcessor,Health check passed: OrderProcessor,E102,Health check passed: {service}
88608,2026-01-16,11:54:47,INFO,WebServer,Page view: /home by u3161,E103,Page view: {page} by {user}
88609,2026-01-16,11:01:35,INFO,AuthService,User u3255 login successful,E101,User {user} login successful
88610,2026-01-16,11:55:15,WARN,InventoryDB,Disk usage > 85% on node node-1,E202,Disk usage > 85% on node {node}
88611,2026-01-16,11:55:28,WARN,AuthService,High latency (389ms) detected on AuthService,E201,High latency ({time}ms) detected on {service}
88612,2026-01-16,11:26:43,INFO,WebServer,Page view: /home by u3125,E103,Page view: {page} by {user}
88613,2026-01-16,11:49:34,INFO,WebServer,Transaction tx555662 completed in 1117ms,E104,Transaction {tx} completed in {time}ms
88614,2026-01-16,11:54:18,INFO,WebServer,User u3254 login successful,E101,User {user} login successful
88615,2026-01-16,11:18:39,INFO,AuthService,Transaction tx824634 completed in 618ms,E104,Transaction {tx} completed in {time}ms
88616,2026-01-16,11:29:55,INFO,OrderProcessor,Transaction tx400904 completed in 1941ms,E104,Transaction {tx} completed in {time}ms
88617,2026-01-16,11:00:11,INFO,InventoryDB,Page view: /home by u3605,E103,Page view: {page} by {user}
88618,2026-01-16,11:17:15,INFO,WebServer,Health check passed: WebServer,E102,Health check passed: {service}
88619,2026-01-16,11:00:30,INFO,AuthService,Health check passed: AuthService,E102,Health check passed: {service}
88620,2026-01-16,11:19:16,INFO,InventoryDB,Health check passed: InventoryDB,E102,Health check passed: {service}
88621,2026-01-16,11:43:04,INFO,WebServer,User u4664 login successful,E101,User {user} login successful
88622,2026-01-16,11:46:20,INFO,WebServer,Page view: /home by u3043,E103,Page view: {page} by {user}
88623,2026-01-16,11:40:33,INFO,WebServer,Transaction tx906054 completed in 1319ms,E104,Transaction {tx} completed in {time}ms
88624,2026-01-16,11:33:18,INFO,PaymentGateway,Health check passed: PaymentGateway,E102,Health check passed: {service}
88625,2026-01-16,11:55:16,INFO,WebServer,Health check passed: WebServer,E102,Health check passed: {service}
88626,2026-01-16,11:42:04,INFO,WebServer,Transaction tx982932 completed in 456ms,E104,Transaction {tx} completed in {time}ms
88627,2026-01-16,11:28:00,INFO,WebServer,Page view: /home by u3934,E103,Page view: {page} by {user}
88628,2026-01-16,11:20:28,INFO,WebServer,Transaction tx119842 completed in 366ms,E104,Transaction {tx} completed in {time}ms
88629,2026-01-16,11:54:05,INFO,PaymentGateway,Health check passed: PaymentGateway,E102,Health check passed: {service}
88630,2026-01-16,11:36:33,INFO,InventoryDB,Transaction tx706103 completed in 532ms,E104,Transaction {tx} completed in {time}ms
88631,2026-01-16,11:46:18,INFO,PaymentGateway,Page view: /home by u1249,E103,Page view: {page} by {user}
88632,2026-01-16,11:51:35,WARN,AuthService,Disk usage > 85% on node node-4,E202,Disk usage > 85% on node {node}
88633,2026-01-16,11:26:23,INFO,AuthService,Transaction tx371174 completed in 1756ms,E104,Transaction {tx} completed in {time}ms
88634,2026-01-16,11:16:04,INFO,WebServer,Page view: /home by u4563,E103,Page view: {page} by {user}
88635,2026-01-16,11:07:13,INFO,WebServer,Transaction tx906910 completed in 1161ms,E104,Transaction {tx} completed in {time}ms
88636,2026-01-16,11:54:56,INFO,WebServer,Page view: /home by u4643,E103,Page view: {page} by {user}
88637,2026-01-16,11:20:48,INFO,AuthService,User u2266 login successful,E101,User {user} login successful
88638,2026-01-16,11:55:48,INFO,OrderProcessor,User u1529 login successful,E101,User {user} login successful
88639,2026-01-16,11:48:44,INFO,WebServer,Health check passed: WebServer,E102,Health check passed: {service}
88640,2026-01-16,11:51:33,INFO,WebServer,Page view: /home by u1091,E103,Page view: {page} by {user}
88641,2026-01-16,11:36:10,INFO,AuthService,Page view: /home by u1568,E103,Page view: {page} by {user}
88642,2026-01-16,11:05:02,INFO,OrderProcessor,Transaction tx524165 completed in 883ms,E104,Transaction {tx} completed in {time}ms
88643,2026-01-16,11:25:42,INFO,AuthService,Page view: /home by u4322,E103,Page view: {page} by {user}
88644,2026-01-16,11:36:30,INFO,InventoryDB,User u3732 login successful,E101,User {user} login successful
88645,2026-01-16,11:43:47,INFO,PaymentGateway,Page view: /home by u4517,E103,Page view: {page} by {user}
88646,2026-01-16,11:05:25,INFO,WebServer,Page view: /home by u2926,E103,Page view: {page} by {user}
88647,2026-01-16,11:25:09,INFO,PaymentGateway,Page view: /home by u1251,E103,Page view: {page} by {user}
88648,2026-01-16,11:48:08,INFO,WebServer,Page view: /home by u4885,E103,Page view: {page} by {user}
88649,2026-01-16,11:08:01,INFO,AuthService,Page view: /home by u3126,E103,Page view: {page} by {user}
88650,2026-01-16,11:20:36,INFO,OrderProcessor,Health check passed: OrderProcessor,E102,Health check passed: {service}
88651,2026-01-16,11:21:24,INFO,WebServer,Health check passed: WebServer,E102,Health check passed: {service}
88652,2026-01-16,11:02:20,INFO,WebServer,User u2459 login successful,E101,User {user} login successful
88653,2026-01-16,11:17:16,INFO,WebServer,Health check passed: WebServer,E102,Health check passed: {service}
88654,2026-01-16,11:09:52,INFO,WebServer,User u4896 login successful,E101,User {user} login successful
88655,2026-01-16,11:48:08,INFO,WebServer,Transaction tx775220 completed in 1642ms,E104,Transaction {tx} completed in {time}ms
88656,2026-01-16,11:28:29,INFO,OrderProcessor,User u2305 login successful,E101,User {user} login successful
88657,2026-01-16,11:21:26,INFO,WebServer,Transaction tx309055 completed in 608ms,E104,Transaction {tx} completed in {time}ms
88658,2026-01-16,11:36:13,INFO,WebServer,Health check passed: WebServer,E102,Health check passed: {service}
88659,2026-01-16,11:37:33,INFO,WebServer,Page view: /home by u4210,E103,Page view: {page} by {user}
88660,2026-01-16,11:25:58,WARN,WebServer,Unauthorized access attempt from 10.0.0.12,E401,Unauthorized access attempt from {ip}
88661,2026-01-16,11:20:44,INFO,WebServer,Health check passed: WebServer,E102,Health check passed: {service}
88662,2026-01-16,11:24:06,INFO,WebServer,Page view: /home by u4095,E103,Page view: {page} by {user}
88663,2026-01-16,11:31:15,INFO,WebServer,Health check passed: WebServer,E102,Health check passed: {service}
88664,2026-01-16,11:11:07,INFO,WebServer,Health check passed: WebServer,E102,Health check passed: {service}
88665,2026-01-16,11:25:21,INFO,WebServer,Page view: /home by u3252,E103,Page view: {page} by {user}
88666,2026-01-16,11:19:08,INFO,WebServer,Page view: /home by u1166,E103,Page view: {page} by {user}
88667,2026-01-16,11:47:58,INFO,WebServer,Transaction tx763403 completed in 566ms,E104,Transaction {tx} completed in {time}ms
88668,2026-01-16,11:28:50,INFO,PaymentGateway,Page view: /home by u4764,E103,Page view: {page} by {user}
88669,2026-01-16,11:21:13,INFO,WebServer,Health check passed: WebServer,E102,Health check passed: {service}
88670,2026-01-16,11:03:36,INFO,PaymentGateway,Health check passed: PaymentGateway,E102,Health check passed: {service}
88671,2026-01-16,11:51:32,WARN,OrderProcessor,High latency (1373ms) detected on OrderProcessor,E201,High latency ({time}ms) detected on {service}
88672,2026-01-16,11:13:53,INFO,WebServer,Page view: /home by u2428,E103,Page view: {page} by {user}
88673,2026-01-16,11:07:35,INFO,WebServer,Health check passed: WebServer,E102,Health check passed: {service}
88674,2026-01-16,11:22:10,INFO,OrderProcessor,Transaction tx497308 completed in 1926ms,E104,Transaction {tx} completed in {time}ms
88675,2026-01-16,11:28:09,INFO,OrderProcessor,Page view: /home by u1021,E103,Page view: {page} by {user}
88676,2026-01-16,11:44:34,INFO,WebServer,Page view: /home by u3336,E103,Page view: {page} by {user}
88677,2026-01-16,11:11:14,INFO,WebServer,Transaction tx402638 completed in 1250ms,E104,Transaction {tx} completed in {time}ms
88678,2026-01-16,11:43:23,INFO,PaymentGateway,Page view: /home by u1338,E103,Page view: {page} by {user}
88679,2026-01-16,11:51:02,INFO,AuthService,Transaction tx839031 completed in 252ms,E104,Transaction {tx} completed in {time}ms
88680,2026-01-16,11:51:03,WARN,OrderProcessor,High latency (668ms) detected on OrderProcessor,E201,High latency ({time}ms) detected on {service}
88681,2026-01-16,11:33:20,INFO,AuthService,Page view: /home by u1738,E103,Page view: {page} by {user}
88682,2026-01-16,11:46:16,INFO,OrderProcessor,Page view: /home by u1940,E103,Page view: {page} by {user}
88683,2026-01-16,11:42:58,INFO,WebServer,Page view: /home by u1527,E103,Page view: {page} by {user}
88684,2026-01-16,11:02:32,INFO,WebServer,Health check passed: WebServer,E102,Health check passed: {service}
88685,2026-01-16,11:30:46,INFO,OrderProcessor,Page view: /home by u2006,E103,Page view: {page} by {user}
88686,2026-01-16,11:14:15,INFO,AuthService,Transaction tx896107 completed in 742ms,E104,Transaction {tx} completed in {time}ms
88687,2026-01-16,11:16:10,INFO,AuthService,User u2857 login successful,E101,User {user} login successful
88688,2026-01-16,11:06:15,INFO,AuthService,Transaction tx455120 completed in 176ms,E104,Transaction {tx} completed in {time}ms
88689,2026-01-16,11:22:16,INFO,WebServer,Page view: /home by u3400,E103,Page view: {page} by {user}
88690,2026-01-16,11:49:42,INFO,WebServer,Health check passed: WebServer,E102,Health check passed: {service}
88691,2026-01-16,11:14:51,INFO,WebServer,Health check passed: WebServer,E102,Health check passed: {service}
88692,2026-01-16,11:58:21,INFO,OrderProcessor,Page view: /home by u2963,E103,Page view: {page} by {user}
88693,2026-01-16,11:48:06,INFO,WebServer,Health check passed: WebServer,E102,Health check passed: {service}
88694,2026-01-16,11:58:14,INFO,InventoryDB,Transaction tx122468 completed in 1764ms,E104,Transaction {tx} completed in {time}ms
88695,2026-01-16,11:11:47,INFO,OrderProcessor,Page view: /home by u2956,E103,Page view: {page} by {user}
88696,2026-01-16,11:10:43,INFO,OrderProcessor,User u4907 login successful,E101,User {user} login successful
88697,2026-01-16,11:06:02,INFO,WebServer,Health check passed: WebServer,E102,Health check passed: {service}
88698,2026-01-16,11:08:16,INFO,AuthService,User u2012 login successful,E101,User {user} login successful
88699,2026-01-16,11:25:20,INFO,OrderProcessor,User u1162 login successful,E101,User {user} login successful
88700,2026-01-16,11:10:54,INFO,WebServer,Page view: /home by u2873,E103,Page view: {page} by {user}
88701,2026-01-16,11:33:44,INFO,AuthService,Transaction tx598507 completed in 560ms,E104,Transaction {tx} completed in {time}ms
88702,2026-01-16,11:52:11,ERROR,WebServer,Timeout waiting for lock on InventoryDB,E502,Timeout waiting for lock on {db}
88703,2026-01-16,11:40:05,INFO,OrderProcessor,User u4568 login successful,E101,User {user} login successful
88704,2026-01-16,11:29:36,INFO,WebServer,User u1081 login successful,E101,User {user} login successful
88705,2026-01-16,11:44:02,INFO,WebServer,User u1900 login successful,E101,User {user} login successful
88706,2026-01-16,11:45:02,INFO,AuthService,Page view: /home by u4766,E103,Page view: {page} by {user}
88707,2026-01-16,11:25:42,ERROR,WebServer,Payment declined: Gateway unavailable,E503,Payment declined: Gateway unavailable
88708,2026-01-16,11:57:11,INFO,WebServer,Transaction tx870989 completed in 864ms,E104,Transaction {tx} completed in {time}ms
88709,2026-01-16,11:40:29,INFO,WebServer,Health check passed: WebServer,E102,Health check passed: {service}
88710,2026-01-16,11:44:37,INFO,InventoryDB,Health check passed: InventoryDB,E102,Health check passed: {service}
88711,2026-01-16,11:26:56,INFO,AuthService,User u2721 login successful,E101,User {user} login successful
88712,2026-01-16,11:42:06,INFO,WebServer,Page view: /home by u3812,E103,Page view: {page} by {user}
88713,2026-01-16,11:03:58,INFO,InventoryDB,Transaction tx712543 completed in 1794ms,E104,Transaction {tx} completed in {time}ms
88714,2026-01-16,11:39:43,INFO,PaymentGateway,Transaction tx186334 completed in 1988ms,E104,Transaction {tx} completed in {time}ms
88715,2026-01-16,11:39:16,INFO,WebServer,User u2667 login successful,E101,User {user} login successful
88716,2026-01-16,11:45:21,INFO,InventoryDB,Page view: /home by u2666,E103,Page view: {page} by {user}
88717,2026-01-16,11:36:23,INFO,WebServer,Page view: /home by u2251,E103,Page view: {page} by {user}
88718,2026-01-16,11:33:23,INFO,PaymentGateway,Page view: /home by u4915,E103,Page view: {page} by {user}
88719,2026-01-16,11:08:08,INFO,WebServer,User u2546 login successful,E101,User {user} login successful
88720,2026-01-16,11:40:44,INFO,OrderProcessor,Transaction tx681643 completed in 337ms,E104,Transaction {tx} completed in {time}ms
88721,2026-01-16,11:15:11,INFO,WebServer,Transaction tx903802 completed in 1743ms,E104,Transaction {tx} completed in {time}ms
88722,2026-01-16,11:58:35,INFO,WebServer,Health check passed: WebServer,E102,Health check passed: {service}
88723,2026-01-16,11:23:39,INFO,AuthService,Health check passed: AuthService,E102,Health check passed: {service}
88724,2026-01-16,11:39:28,INFO,WebServer,Page view: /home by u3688,E103,Page view: {page} by {user}
88725,2026-01-16,11:26:10,WARN,WebServer,Unauthorized access attempt from 10.0.0.45,E401,Unauthorized access attempt from {ip}
88726,2026-01-16,11:06:13,INFO,WebServer,Transaction tx179940 completed in 1369ms,E104,Transaction {tx} completed in {time}ms
88727,2026-01-16,11:08:38,INFO,InventoryDB,Transaction tx743052 completed in 938ms,E104,Transaction {tx} completed in {time}ms
88728,2026-01-16,11:46:47,INFO,PaymentGateway,Health check passed: PaymentGateway,E102,Health check passed: {service}
88729,2026-01-16,11:44:21,INFO,AuthService,Page view: /home by u4128,E103,Page view: {page} by {user}
88730,2026-01-16,11:25:25,INFO,PaymentGateway,User u2249 login successful,E101,User {user} login successful
88731,2026-01-16,11:41:55,INFO,WebServer,User u4438 login successful,E101,User {user} login successful
88732,2026-01-16,11:25:10,INFO,OrderProcessor,Transaction tx881006 completed in 1113ms,E104,Transaction {tx} completed in {time}ms
88733,2026-01-16,11:32:17,INFO,WebServer,Transaction tx971988 completed in 1660ms,E104,Transaction {tx} completed in {time}ms
88734,2026-01-16,11:48:36,INFO,OrderProcessor,Transaction tx317437 completed in 932ms,E104,Transaction {tx} completed in {time}ms
88735,2026-01-16,11:50:37,INFO,WebServer,User u3496 login successful,E101,User {user} login successful
88736,2026-01-16,11:12:14,INFO,AuthService,Transaction tx568456 completed in 715ms,E104,Transaction {tx} completed in {time}ms
88737,2026-01-16,11:34:49,INFO,WebServer,User u1951 login successful,E101,User {user} login successful
88738,2026-01-16,11:27:44,ERROR,AuthService,Payment declined: Gateway unavailable,E503,Payment declined: Gateway unavailable
88739,2026-01-16,11:54:32,INFO,PaymentGateway,Transaction tx801462 completed in 1337ms,E104,Transaction {tx} completed in {time}ms
88740,2026-01-16,11:18:00,ERROR,AuthService,Connection refused to AuthService at 10.0.0.45,E501,Connection refused to {service} at {ip}
88741,2026-01-16,11:44:33,INFO,WebServer,Page view: /home by u1456,E103,Page view: {page} by {user}
88742,2026-01-16,11:17:48,INFO,WebServer,Page view: /home by u4138,E103,Page view: {page} by {user}
88743,2026-01-16,11:18:25,INFO,InventoryDB,Page view: /home by u4030,E103,Page view: {page} by {user}
88744,2026-01-16,11:15:30,INFO,AuthService,Transaction tx623350 completed in 528ms,E104,Transaction {tx} completed in {time}ms
88745,2026-01-16,11:40:08,INFO,WebServer,Transaction tx743190 completed in 1984ms,E104,Transaction {tx} completed in {time}ms
88746,2026-01-16,11:40:49,INFO,WebServer,Health check passed: WebServer,E102,Health check passed: {service}
88747,2026-01-16,11:33:16,INFO,WebServer,Page view: /home by u4144,E103,Page view: {page} by {user}
88748,2026-01-16,11:07:46,INFO,AuthService,Health check passed: AuthService,E102,Health check passed: {service}
88749,2026-01-16,11:16:04,INFO,PaymentGateway,Page view: /home by u1706,E103,Page view: {page} by {user}
88750,2026-01-16,11:12:42,INFO,InventoryDB,Page view: /home by u1362,E103,Page view: {page} by {user}
88751,2026-01-16,11:44:22,INFO,WebServer,Page view: /home by u2590,E103,Page view: {page} by {user}
88752,2026-01-16,11:15:18,INFO,WebServer,User u2829 login successful,E101,User {user} login successful
88753,2026-01-16,11:04:43,INFO,WebServer,Page view: /home by u2757,E103,Page view: {page} by {user}
88754,2026-01-16,11:29:51,INFO,AuthService,Health check passed: AuthService,E102,Health check passed: {service}
88755,2026-01-16,11:19:27,INFO,WebServer,Page view: /home by u1047,E103,Page view: {page} by {user}
88756,2026-01-16,11:49:19,INFO,AuthService,User u3848 login successful,E101,User {user} login successful
88757,2026-01-16,11:10:47,WARN,OrderProcessor,Disk usage > 85% on node node-1,E202,Disk usage > 85% on node {node}
88758,2026-01-16,11:28:13,INFO,AuthService,User u1215 login successful,E101,User {user} login successful
88759,2026-01-16,11:07:41,INFO,WebServer,User u4219 login successful,E101,User {user} login successful
88760,2026-01-16,11:56:01,INFO,PaymentGateway,Page view: /home by u3921,E103,Page view: {page} by {user}
88761,2026-01-16,11:34:32,INFO,AuthService,Transaction tx939973 completed in 453ms,E104,Transaction {tx} completed in {time}ms
88762,2026-01-16,11:37:36,INFO,AuthService,Health check passed: AuthService,E102,Health check passed: {service}
88763,2026-01-16,11:09:33,INFO,InventoryDB,User u4969 login successful,E101,User {user} login successful
88764,2026-01-16,11:37:21,INFO,PaymentGateway,User u1818 login successful,E101,User {user} login successful
88765,2026-01-16,11:29:43,INFO,AuthService,User u4571 login successful,E101,User {user} login successful
88766,2026-01-16,11:01:19,INFO,WebServer,Transaction tx883623 completed in 247ms,E104,Transaction {tx} completed in {time}ms
88767,2026-01-16,11:59:59,INFO,AuthService,Health check passed: AuthService,E102,Health check passed: {service}
88768,2026-01-16,11:34:55,INFO,WebServer,Health check passed: WebServer,E102,Health check passed: {service}
88769,2026-01-16,11:19:57,INFO,OrderProcessor,Transaction tx731877 completed in 1033ms,E104,Transaction {tx} completed in {time}ms
88770,2026-01-16,11:13:22,CRITICAL,OrderProcessor,KERNEL PANIC: Node node-3 crashed,E601,KERNEL PANIC: Node {node} crashed
88771,2026-01-16,11:13:15,ERROR,WebServer,Connection refused to WebServer at 10.0.0.45,E501,Connection refused to {service} at {ip}
88772,2026-01-16,11:02:50,INFO,OrderProcessor,Transaction tx656430 completed in 335ms,E104,Transaction {tx} completed in {time}ms
88773,2026-01-16,11:37:26,INFO,OrderProcessor,Transaction tx556240 completed in 1115ms,E104,Transaction {tx} completed in {time}ms
88774,2026-01-16,11:15:48,INFO,WebServer,Health check passed: WebServer,E102,Health check passed: {service}
88775,2026-01-16,11:11:25,INFO,WebServer,User u4375 login successful,E101,User {user} login successful
88776,2026-01-16,11:52:08,INFO,WebServer,Page view: /home by u3708,E103,Page view: {page} by {user}
88777,2026-01-16,11:34:28,INFO,WebServer,Page view: /home by u2430,E103,Page view: {page} by {user}
88778,2026-01-16,11:55:26,INFO,WebServer,Transaction tx645887 completed in 1717ms,E104,Transaction {tx} completed in {time}ms
88779,2026-01-16,11:05:49,INFO,WebServer,User u3205 login successful,E101,User {user} login successful
88780,2026-01-16,11:44:41,INFO,PaymentGateway,User u2394 login successful,E101,User {user} login successful
88781,2026-01-16,11:20:39,INFO,OrderProcessor,User u3367 login successful,E101,User {user} login successful
88782,2026-01-16,11:15:32,INFO,PaymentGateway,Transaction tx177898 completed in 1367ms,E104,Transaction {tx} completed in {time}ms
88783,2026-01-16,11:45:27,INFO,OrderProcessor,Health check passed: OrderProcessor,E102,Health check passed: {service}
88784,2026-01-16,11:12:58,INFO,WebServer,Transaction tx584627 completed in 534ms,E104,Transaction {tx} completed in {time}ms
88785,2026-01-16,11:05:35,INFO,WebServer,User u4316 login successful,E101,User {user} login successful
88786,2026-01-16,11:14:49,INFO,WebServer,Page view: /home by u2864,E103,Page view: {page} by {user}
88787,2026-01-16,11:01:02,INFO,OrderProcessor,Transaction tx641972 completed in 970ms,E104,Transaction {tx} completed in {time}ms
88788,2026-01-16,11:26:05,INFO,PaymentGateway,Health check passed: PaymentGateway,E102,Health check passed: {service}
88789,2026-01-16,11:23:17,INFO,WebServer,Page view: /home by u1092,E103,Page view: {page} by {user}
88790,2026-01-16,11:14:23,INFO,WebServer,User u4519 login successful,E101,User {user} login successful
88791,2026-01-16,11:44:16,INFO,InventoryDB,Page view: /home by u1856,E103,Page view: {page} by {user}
88792,2026-01-16,11:10:28,INFO,AuthService,Health check passed: AuthService,E102,Health check passed: {service}
88793,2026-01-16,11:01:39,INFO,OrderProcessor,Health check passed: OrderProcessor,E102,Health check passed: {service}
88794,2026-01-16,11:44:12,INFO,InventoryDB,User u1359 login successful,E101,User {user} login successful
88795,2026-01-16,11:53:17,INFO,WebServer,Transaction tx349070 completed in 1285ms,E104,Transaction {tx} completed in {time}ms
88796,2026-01-16,11:44:47,WARN,WebServer,Unauthorized access attempt from 10.0.0.45,E401,Unauthorized access attempt from {ip}
88797,2026-01-16,11:12:13,INFO,WebServer,Transaction tx429295 completed in 1854ms,E104,Transaction {tx} completed in {time}ms
88798,2026-01-16,11:53:27,INFO,AuthService,User u3384 login successful,E101,User {user} login successful
88799,2026-01-16,11:41:35,WARN,AuthService,Unauthorized access attempt from 10.0.0.12,E401,Unauthorized access attempt from {ip}
88800,2026-01-16,11:00:31,INFO,AuthService,User u2948 login successful,E101,User {user} login successful
88801,2026-01-16,11:22:13,INFO,WebServer,Page view: /home by u2056,E103,Page view: {page} by {user}
88802,2026-01-16,11:14:54,WARN,WebServer,High latency (1524ms) detected on WebServer,E201,High latency ({time}ms) detected on {service}
88803,2026-01-16,11:36:30,INFO,WebServer,User u4582 login successful,E101,User {user} login successful
88804,2026-01-16,11:19:05,INFO,AuthService,Page view: /home by u4438,E103,Page view: {page} by {user}
88805,2026-01-16,11:04:34,INFO,WebServer,Health check passed: WebServer,E102,Health check passed: {service}
88806,2026-01-16,11:47:25,INFO,WebServer,Health check passed: WebServer,E102,Health check passed: {service}
88807,2026-01-16,11:51:44,INFO,WebServer,Health check passed: WebServer,E102,Health check passed: {service}
88808,2026-01-16,11:25:41,INFO,OrderProcessor,User u2136 login successful,E101,User {user} login successful
88809,2026-01-16,11:27:41,INFO,OrderProcessor,User u2288 login successful,E101,User {user} login successful
88810,2026-01-16,11:43:05,INFO,InventoryDB,User u2760 login successful,E101,User {user} login successful
88811,2026-01-16,11:37:24,INFO,WebServer,User u1411 login successful,E101,User {user} login successful
88812,2026-01-16,11:13:37,INFO,AuthService,Transaction tx612219 completed in 192ms,E104,Transaction {tx} completed in {time}ms
88813,2026-01-16,11:08:41,INFO,AuthService,Health check passed: AuthService,E102,Health check passed: {service}
88814,2026-01-16,11:18:14,INFO,AuthService,Page view: /home by u4374,E103,Page view: {page} by {user}
88815,2026-01-16,11:29:45,INFO,WebServer,Transaction tx698452 completed in 1916ms,E104,Transaction {tx} completed in {time}ms
88816,2026-01-16,11:19:08,INFO,InventoryDB,User u1808 login successful,E101,User {user} login successful
88817,2026-01-16,11:47:36,INFO,AuthService,User u3040 login successful,E101,User {user} login successful
88818,2026-01-16,11:57:40,WARN,WebServer,High latency (1555ms) detected on WebServer,E201,High latency ({time}ms) detected on {service}
88819,2026-01-16,11:18:15,INFO,AuthService,User u4858 login successful,E101,User {user} login successful
88820,2026-01-16,11:29:06,INFO,WebServer,Health check passed: WebServer,E102,Health check passed: {service}
88821,2026-01-16,11:52:27,INFO,WebServer,Transaction tx748776 completed in 895ms,E104,Transaction {tx} completed in {time}ms
88822,2026-01-16,11:12:20,INFO,OrderProcessor,Page view: /home by u3688,E103,Page view: {page} by {user}
88823,2026-01-16,11:28:01,INFO,PaymentGateway,Health check passed: PaymentGateway,E102,Health check passed: {service}
88824,2026-01-16,11:48:36,INFO,OrderProcessor,Page view: /home by u4018,E103,Page view: {page} by {user}
88825,2026-01-16,11:23:58,INFO,AuthService,Page view: /home by u4924,E103,Page view: {page} by {user}
88826,2026-01-16,11:17:29,WARN,WebServer,High latency (1209ms) detected on WebServer,E201,High latency ({time}ms) detected on {service}
88827,2026-01-16,11:48:24,INFO,WebServer,Transaction tx223823 completed in 1237ms,E104,Transaction {tx} completed in {time}ms
88828,2026-01-16,11:23:53,INFO,AuthService,Health check passed: AuthService,E102,Health check passed: {service}
88829,2026-01-16,11:07:53,INFO,WebServer,Health check passed: WebServer,E102,Health check passed: {service}
88830,2026-01-16,11:03:18,INFO,WebServer,User u1883 login successful,E101,User {user} login successful
88831,2026-01-16,11:24:00,WARN,AuthService,Unauthorized access attempt from 10.0.0.45,E401,Unauthorized access attempt from {ip}
88832,2026-01-16,11:16:18,INFO,PaymentGateway,User u4111 login successful,E101,User {user} login successful
88833,2026-01-16,11:30:23,INFO,WebServer,Page view: /home by u4214,E103,Page view: {page} by {user}
88834,2026-01-16,11:03:12,INFO,AuthService,Transaction tx309028 completed in 1029ms,E104,Transaction {tx} completed in {time}ms
88835,2026-01-16,11:49:36,INFO,WebServer,Health check passed: WebServer,E102,Health check passed: {service}
88836,2026-01-16,11:53:59,INFO,WebServer,Transaction tx823935 completed in 1045ms,E104,Transaction {tx} completed in {time}ms
88837,2026-01-16,11:12:35,INFO,OrderProcessor,Page view: /home by u1252,E103,Page view: {page} by {user}
88838,2026-01-16,11:22:06,INFO,OrderProcessor,Page view: /home by u3848,E103,Page view: {page} by {user}
88839,2026-01-16,11:20:09,INFO,OrderProcessor,Page view: /home by u2380,E103,Page view: {page} by {user}
88840,2026-01-16,11:07:48,WARN,AuthService,Disk usage > 85% on node node-4,E202,Disk usage > 85% on node {node}
88841,2026-01-16,11:29:04,INFO,PaymentGateway,User u4159 login successful,E101,User {user} login successful
88842,2026-01-16,11:17:29,INFO,WebServer,Transaction tx974036 completed in 861ms,E104,Transaction {tx} completed in {time}ms
88843,2026-01-16,11:41:11,INFO,OrderProcessor,User u3388 login successful,E101,User {user} login successful
88844,2026-01-16,11:38:29,INFO,WebServer,Page view: /home by u4278,E103,Page view: {page} by {user}
88845,2026-01-16,11:11:24,INFO,OrderProcessor,Page view: /home by u2623,E103,Page view: {page} by {user}
88846,2026-01-16,11:29:50,INFO,OrderProcessor,User u1628 login successful,E101,User {user} login successful
88847,2026-01-16,11:53:57,INFO,WebServer,Page view: /home by u2724,E103,Page view: {page} by {user}
88848,2026-01-16,11:25:43,INFO,WebServer,Page view: /home by u4776,E103,Page view: {page} by {user}
88849,2026-01-16,11:05:50,INFO,WebServer,Health check passed: WebServer,E102,Health check passed: {service}
88850,2026-01-16,11:46:24,INFO,WebServer,Health check passed: WebServer,E102,Health check passed: {service}
88851,2026-01-16,11:17:00,INFO,InventoryDB,User u1386 login successful,E101,User {user} login successful
88852,2026-01-16,11:09:50,INFO,AuthService,Health check passed: AuthService,E102,Health check passed: {service}
88853,2026-01-16,11:47:44,INFO,WebServer,User u4788 login successful,E101,User {user} login successful
88854,2026-01-16,11:50:49,INFO,OrderProcessor,Transaction tx102097 completed in 126ms,E104,Transaction {tx} completed in {time}ms
88855,2026-01-16,11:32:09,INFO,WebServer,Health check passed: WebServer,E102,Health check passed: {service}
88856,2026-01-16,11:01:13,INFO,AuthService,Transaction tx519410 completed in 1319ms,E104,Transaction {tx} completed in {time}ms
88857,2026-01-16,11:39:48,INFO,PaymentGateway,Page view: /home by u2589,E103,Page view: {page} by {user}
88858,2026-01-16,11:57:10,INFO,WebServer,Transaction tx969463 completed in 1551ms,E104,Transaction {tx} completed in {time}ms
88859,2026-01-16,11:00:35,INFO,WebServer,User u3980 login successful,E101,User {user} login successful
88860,2026-01-16,11:31:13,INFO,WebServer,User u1118 login successful,E101,User {user} login successful
88861,2026-01-16,11:35:54,INFO,WebServer,Transaction tx817327 completed in 828ms,E104,Transaction {tx} completed in {time}ms
88862,2026-01-16,11:22:35,INFO,WebServer,Page view: /home by u1820,E103,Page view: {page} by {user}
88863,2026-01-16,11:05:46,INFO,WebServer,User u2042 login successful,E101,User {user} login successful
88864,2026-01-16,11:05:42,INFO,WebServer,User u2730 login successful,E101,User {user} login successful
88865,2026-01-16,11:26:36,INFO,AuthService,User u1341 login successful,E101,User {user} login successful
88866,2026-01-16,11:20:59,INFO,WebServer,Health check passed: WebServer,E102,Health check passed: {service}
88867,2026-01-16,11:54:12,INFO,AuthService,User u2036 login successful,E101,User {user} login successful
88868,2026-01-16,11:04:30,INFO,WebServer,Health check passed: WebServer,E102,Health check passed: {service}
88869,2026-01-16,11:11:34,INFO,WebServer,Page view: /home by u4935,E103,Page view: {page} by {user}
88870,2026-01-16,11:15:23,INFO,InventoryDB,User u1732 login successful,E101,User {user} login successful
88871,2026-01-16,11:25:31,INFO,WebServer,Page view: /home by u3304,E103,Page view: {page} by {user}
88872,2026-01-16,11:09:03,INFO,WebServer,Health check passed: WebServer,E102,Health check passed: {service}
88873,2026-01-16,12:57:52,INFO,PaymentGateway,Health check passed: PaymentGateway,E102,Health check passed: {service}
88874,2026-01-16,12:34:06,INFO,WebServer,Health check passed: WebServer,E102,Health check passed: {service}
88875,2026-01-16,12:35:25,INFO,PaymentGateway,User u4571 login successful,E101,User {user} login successful
88876,2026-01-16,12:18:01,INFO,WebServer,User u1178 login successful,E101,User {user} login successful
88877,2026-01-16,12:56:23,INFO,WebServer,User u1728 login successful,E101,User {user} login successful
88878,2026-01-16,12:22:27,INFO,PaymentGateway,Health check passed: PaymentGateway,E102,Health check passed: {service}
88879,2026-01-16,12:35:45,INFO,AuthService,Transaction tx798259 completed in 1422ms,E104,Transaction {tx} completed in {time}ms
88880,2026-01-16,12:26:33,INFO,WebServer,Page view: /home by u3394,E103,Page view: {page} by {user}
88881,2026-01-16,12:14:14,INFO,WebServer,Page view: /home by u4238,E103,Page view: {page} by {user}
88882,2026-01-16,12:23:02,INFO,AuthService,Page view: /home by u4777,E103,Page view: {page} by {user}
88883,2026-01-16,12:04:15,INFO,OrderProcessor,Transaction tx860710 completed in 1377ms,E104,Transaction {tx} completed in {time}ms
88884,2026-01-16,12:44:39,INFO,OrderProcessor,Transaction tx374614 completed in 294ms,E104,Transaction {tx} completed in {time}ms
88885,2026-01-16,12:24:55,INFO,WebServer,Health check passed: WebServer,E102,Health check passed: {service}
88886,2026-01-16,12:13:03,INFO,WebServer,Transaction tx827401 completed in 115ms,E104,Transaction {tx} completed in {time}ms
88887,2026-01-16,12:27:36,INFO,WebServer,Page view: /home by u4522,E103,Page view: {page} by {user}
88888,2026-01-16,12:41:42,INFO,OrderProcessor,Page view: /home by u3297,E103,Page view: {page} by {user}
88889,2026-01-16,12:01:27,INFO,AuthService,Health check passed: AuthService,E102,Health check passed: {service}
88890,2026-01-16,12:26:36,INFO,AuthService,Health check passed: AuthService,E102,Health check passed: {service}
88891,2026-01-16,12:55:13,INFO,WebServer,Page view: /home by u4338,E103,Page view: {page} by {user}
88892,2026-01-16,12:34:04,INFO,InventoryDB,Health check passed: InventoryDB,E102,Health check passed: {service}
88893,2026-01-16,12:32:24,INFO,AuthService,User u4184 login successful,E101,User {user} login successful
88894,2026-01-16,12:49:21,INFO,WebServer,Page view: /home by u4520,E103,Page view: {page} by {user}
88895,2026-01-16,12:30:22,INFO,AuthService,Page view: /home by u4675,E103,Page view: {page} by {user}
88896,2026-01-16,12:02:55,INFO,WebServer,User u3610 login successful,E101,User {user} login successful
88897,2026-01-16,12:35:04,INFO,WebServer,User u3130 login successful,E101,User {user} login successful
88898,2026-01-16,12:59:30,INFO,WebServer,User u2036 login successful,E101,User {user} login successful
88899,2026-01-16,12:39:03,INFO,PaymentGateway,Page view: /home by u3700,E103,Page view: {page} by {user}
88900,2026-01-16,12:57:26,INFO,WebServer,Transaction tx559381 completed in 235ms,E104,Transaction {tx} completed in {time}ms
88901,2026-01-16,12:46:43,INFO,InventoryDB,Transaction tx102458 completed in 270ms,E104,Transaction {tx} completed in {time}ms
88902,2026-01-16,12:35:30,INFO,WebServer,Transaction tx514698 completed in 466ms,E104,Transaction {tx} completed in {time}ms
88903,2026-01-16,12:56:40,INFO,WebServer,Transaction tx417230 completed in 281ms,E104,Transaction {tx} completed in {time}ms
88904,2026-01-16,12:18:08,INFO,OrderProcessor,Transaction tx837798 completed in 1781ms,E104,Transaction {tx} completed in {time}ms
88905,2026-01-16,12:37:13,INFO,WebServer,User u3510 login successful,E101,User {user} login successful
88906,2026-01-16,12:13:46,INFO,WebServer,Transaction tx345889 completed in 109ms,E104,Transaction {tx} completed in {time}ms
88907,2026-01-16,12:53:38,INFO,OrderProcessor,Health check passed: OrderProcessor,E102,Health check passed: {service}
88908,2026-01-16,12:55:54,INFO,WebServer,Page view: /home by u3156,E103,Page view: {page} by {user}
88909,2026-01-16,12:07:11,WARN,AuthService,High latency (696ms) detected on AuthService,E201,High latency ({time}ms) detected on {service}
88910,2026-01-16,12:04:02,INFO,OrderProcessor,User u1827 login successful,E101,User {user} login successful
88911,2026-01-16,12:56:05,INFO,AuthService,User u2368 login successful,E101,User {user} login successful
88912,2026-01-16,12:16:52,INFO,WebServer,Health check passed: WebServer,E102,Health check passed: {service}
88913,2026-01-16,12:29:53,INFO,OrderProcessor,Health check passed: OrderProcessor,E102,Health check passed: {service}
88914,2026-01-16,12:29:36,INFO,WebServer,Health check passed: WebServer,E102,Health check passed: {service}
88915,2026-01-16,12:15:00,INFO,WebServer,User u3197 login successful,E101,User {user} login successful
88916,2026-01-16,12:14:00,INFO,OrderProcessor,Transaction tx869483 completed in 1235ms,E104,Transaction {tx} completed in {time}ms
88917,2026-01-16,12:35:27,WARN,WebServer,Unauthorized access attempt from 10.0.0.45,E401,Unauthorized access attempt from {ip}
88918,2026-01-16,12:13:54,INFO,AuthService,Health check passed: AuthService,E102,Health check passed: {service}
88919,2026-01-16,12:46:06,INFO,WebServer,User u1986 login successful,E101,User {user} login successful
88920,2026-01-16,12:48:43,INFO,WebServer,Health check passed: WebServer,E102,Health check passed: {service}
88921,2026-01-16,12:06:13,INFO,WebServer,Transaction tx113183 completed in 1260ms,E104,Transaction {tx} completed in {time}ms
88922,2026-01-16,12:02:29,INFO,WebServer,Health check passed: WebServer,E102,Health check passed: {service}
88923,2026-01-16,12:42:02,INFO,PaymentGateway,Transaction tx617926 completed in 1391ms,E104,Transaction {tx} completed in {time}ms
88924,2026-01-16,12:05:56,INFO,WebServer,Page view: /home by u2429,E103,Page view: {page} by {user}
88925,2026-01-16,12:35:34,ERROR,WebServer,Payment declined: Gateway unavailable,E503,Payment declined: Gateway unavailable
88926,2026-01-16,12:25:14,INFO,PaymentGateway,User u1258 login successful,E101,User {user} login successful
88927,2026-01-16,12:12:50,INFO,WebServer,Page view: /home by u1091,E103,Page view: {page} by {user}
88928,2026-01-16,12:15:22,INFO,OrderProcessor,Page view: /home by u3077,E103,Page view: {page} by {user}
88929,2026-01-16,12:02:50,INFO,PaymentGateway,User u1755 login successful,E101,User {user} login successful
88930,2026-01-16,12:42:49,INFO,PaymentGateway,Health check passed: PaymentGateway,E102,Health check passed: {service}
88931,2026-01-16,12:37:51,INFO,WebServer,User u4294 login successful,E101,User {user} login successful
88932,2026-01-16,12:53:11,INFO,WebServer,Page view: /home by u2483,E103,Page view: {page} by {user}
88933,2026-01-16,12:41:10,INFO,WebServer,Transaction tx852290 completed in 944ms,E104,Transaction {tx} completed in {time}ms
88934,2026-01-16,12:22:51,INFO,AuthService,Transaction tx102741 completed in 1243ms,E104,Transaction {tx} completed in {time}ms
88935,2026-01-16,12:30:02,INFO,WebServer,Health check passed: WebServer,E102,Health check passed: {service}
88936,2026-01-16,12:23:42,INFO,OrderProcessor,Health check passed: OrderProcessor,E102,Health check passed: {service}
88937,2026-01-16,12:44:16,INFO,PaymentGateway,User u4809 login successful,E101,User {user} login successful
88938,2026-01-16,12:21:44,INFO,InventoryDB,User u2054 login successful,E101,User {user} login successful
88939,2026-01-16,12:08:09,INFO,WebServer,User u3738 login successful,E101,User {user} login successful
88940,2026-01-16,12:45:39,INFO,AuthService,Health check passed: AuthService,E102,Health check passed: {service}
88941,2026-01-16,12:48:07,WARN,WebServer,High latency (1908ms) detected on WebServer,E201,High latency ({time}ms) detected on {service}
88942,2026-01-16,12:46:33,INFO,InventoryDB,User u3998 login successful,E101,User {user} login successful
88943,2026-01-16,12:34:32,INFO,WebServer,User u3624 login successful,E101,User {user} login successful
88944,2026-01-16,12:36:09,INFO,AuthService,User u3916 login successful,E101,User {user} login successful
88945,2026-01-16,12:22:21,INFO,InventoryDB,Health check passed: InventoryDB,E102,Health check passed: {service}
88946,2026-01-16,12:21:31,INFO,WebServer,User u1009 login successful,E101,User {user} login successful
88947,2026-01-16,12:58:13,INFO,WebServer,User u2150 login successful,E101,User {user} login successful
88948,2026-01-16,12:51:18,ERROR,OrderProcessor,Timeout waiting for lock on InventoryDB,E502,Timeout waiting for lock on {db}
88949,2026-01-16,12:18:32,INFO,AuthService,Page view: /home by u4361,E103,Page view: {page} by {user}
88950,2026-01-16,12:15:31,INFO,OrderProcessor,Transaction tx755275 completed in 1507ms,E104,Transaction {tx} completed in {time}ms
88951,2026-01-16,12:29:56,INFO,PaymentGateway,User u3775 login successful,E101,User {user} login successful
88952,2026-01-16,12:50:42,INFO,AuthService,Health check passed: AuthService,E102,Health check passed: {service}
88953,2026-01-16,12:03:47,INFO,OrderProcessor,Transaction tx415349 completed in 1509ms,E104,Transaction {tx} completed in {time}ms
88954,2026-01-16,12:40:35,INFO,WebServer,Health check passed: WebServer,E102,Health check passed: {service}
88955,2026-01-16,12:34:30,INFO,WebServer,Transaction tx481572 completed in 1513ms,E104,Transaction {tx} completed in {time}ms
88956,2026-01-16,12:51:25,INFO,WebServer,Health check passed: WebServer,E102,Health check passed: {service}
88957,2026-01-16,12:33:24,INFO,WebServer,Transaction tx447485 completed in 1951ms,E104,Transaction {tx} completed in {time}ms
88958,2026-01-16,12:25:17,WARN,OrderProcessor,Disk usage > 85% on node node-3,E202,Disk usage > 85% on node {node}
88959,2026-01-16,12:07:39,INFO,WebServer,Page view: /home by u1421,E103,Page view: {page} by {user}
88960,2026-01-16,12:55:03,INFO,OrderProcessor,Transaction tx226804 completed in 1339ms,E104,Transaction {tx} completed in {time}ms
88961,2026-01-16,12:14:26,INFO,WebServer,Health check passed: WebServer,E102,Health check passed: {service}
88962,2026-01-16,12:45:14,ERROR,WebServer,Payment declined: Gateway unavailable,E503,Payment declined: Gateway unavailable
88963,2026-01-16,12:33:19,INFO,OrderProcessor,Page view: /home by u2876,E103,Page view: {page} by {user}
88964,2026-01-16,12:26:51,INFO,PaymentGateway,Health check passed: PaymentGateway,E102,Health check passed: {service}
88965,2026-01-16,12:57:17,INFO,OrderProcessor,Health check passed: OrderProcessor,E102,Health check passed: {service}
88966,2026-01-16,12:28:03,INFO,WebServer,Health check passed: WebServer,E102,Health check passed: {service}
88967,2026-01-16,12:39:30,INFO,InventoryDB,Transaction tx949970 completed in 568ms,E104,Transaction {tx} completed in {time}ms
88968,2026-01-16,12:43:29,CRITICAL,AuthService,KERNEL PANIC: Node node-4 crashed,E601,KERNEL PANIC: Node {node} crashed
88969,2026-01-16,12:41:21,WARN,WebServer,Disk usage > 85% on node node-4,E202,Disk usage > 85% on node {node}
88970,2026-01-16,12:38:17,INFO,WebServer,User u2806 login successful,E101,User {user} login successful
88971,2026-01-16,12:27:55,INFO,AuthService,Transaction tx721736 completed in 1240ms,E104,Transaction {tx} completed in {time}ms
88972,2026-01-16,12:13:01,INFO,InventoryDB,Health check passed: InventoryDB,E102,Health check passed: {service}
88973,2026-01-16,12:41:40,INFO,OrderProcessor,Transaction tx624464 completed in 1969ms,E104,Transaction {tx} completed in {time}ms
88974,2026-01-16,12:45:30,INFO,InventoryDB,Health check passed: InventoryDB,E102,Health check passed: {service}
88975,2026-01-16,12:50:24,INFO,OrderProcessor,Health check passed: OrderProcessor,E102,Health check passed: {service}
88976,2026-01-16,12:22:47,INFO,WebServer,Health check passed: WebServer,E102,Health check passed: {service}
88977,2026-01-16,12:17:39,INFO,WebServer,Health check passed: WebServer,E102,Health check passed: {service}
88978,2026-01-16,12:13:39,INFO,WebServer,User u1237 login successful,E101,User {user} login successful
88979,2026-01-16,12:11:27,INFO,WebServer,Transaction tx176396 completed in 1521ms,E104,Transaction {tx} completed in {time}ms
88980,2026-01-16,12:18:40,INFO,WebServer,Health check passed: WebServer,E102,Health check passed: {service}
88981,2026-01-16,12:53:06,INFO,WebServer,Health check passed: WebServer,E102,Health check passed: {service}
88982,2026-01-16,12:38:12,INFO,OrderProcessor,Health check passed: OrderProcessor,E102,Health check passed: {service}
88983,2026-01-16,12:12:25,INFO,PaymentGateway,Transaction tx297247 completed in 1196ms,E104,Transaction {tx} completed in {time}ms
88984,2026-01-16,12:16:23,INFO,WebServer,Page view: /home by u4595,E103,Page view: {page} by {user}
88985,2026-01-16,12:58:05,INFO,InventoryDB,Transaction tx965206 completed in 1214ms,E104,Transaction {tx} completed in {time}ms
88986,2026-01-16,12:02:26,WARN,AuthService,Disk usage > 85% on node node-3,E202,Disk usage > 85% on node {node}
88987,2026-01-16,12:59:31,INFO,WebServer,User u4198 login successful,E101,User {user} login successful
88988,2026-01-16,12:29:11,INFO,WebServer,Transaction tx373949 completed in 1058ms,E104,Transaction {tx} completed in {time}ms
88989,2026-01-16,12:06:50,INFO,PaymentGateway,Health check passed: PaymentGateway,E102,Health check passed: {service}
88990,2026-01-16,12:10:45,INFO,WebServer,Transaction tx349289 completed in 1201ms,E104,Transaction {tx} completed in {time}ms
88991,2026-01-16,12:47:11,INFO,OrderProcessor,Health check passed: OrderProcessor,E102,Health check passed: {service}
88992,2026-01-16,12:59:37,INFO,AuthService,Transaction tx177822 completed in 1749ms,E104,Transaction {tx} completed in {time}ms
88993,2026-01-16,12:45:01,INFO,WebServer,User u3261 login successful,E101,User {user} login successful
88994,2026-01-16,12:27:26,INFO,AuthService,Page view: /home by u4623,E103,Page view: {page} by {user}
88995,2026-01-16,12:52:18,INFO,AuthService,User u2396 login successful,E101,User {user} login successful
88996,2026-01-16,12:43:48,INFO,AuthService,User u1555 login successful,E101,User {user} login successful
88997,2026-01-16,12:29:51,INFO,WebServer,Page view: /home by u3582,E103,Page view: {page} by {user}
88998,2026-01-16,12:00:39,INFO,AuthService,Health check passed: AuthService,E102,Health check passed: {service}
88999,2026-01-16,12:29:02,INFO,WebServer,Transaction tx825921 completed in 1280ms,E104,Transaction {tx} completed in {time}ms
89000,2026-01-16,12:35:18,INFO,WebServer,Transaction tx775497 completed in 112ms,E104,Transaction {tx} completed in {time}ms
89001,2026-01-16,12:53:14,INFO,WebServer,Health check passed: WebServer,E102,Health check passed: {service}
89002,2026-01-16,12:23:15,INFO,AuthService,Transaction tx688020 completed in 254ms,E104,Transaction {tx} completed in {time}ms
89003,2026-01-16,12:42:34,INFO,AuthService,Transaction tx119759 completed in 117ms,E104,Transaction {tx} completed in {time}ms
89004,2026-01-16,12:11:03,INFO,PaymentGateway,User u2660 login successful,E101,User {user} login successful
89005,2026-01-16,12:16:05,INFO,WebServer,Page view: /home by u3146,E103,Page view: {page} by {user}
89006,2026-01-16,12:49:20,WARN,AuthService,High latency (1114ms) detected on AuthService,E201,High latency ({time}ms) detected on {service}
89007,2026-01-16,12:39:24,INFO,WebServer,Page view: /home by u2383,E103,Page view: {page} by {user}
89008,2026-01-16,12:47:50,INFO,WebServer,Page view: /home by u4968,E103,Page view: {page} by {user}
89009,2026-01-16,12:43:51,INFO,WebServer,Page view: /home by u1555,E103,Page view: {page} by {user}
89010,2026-01-16,12:37:49,INFO,WebServer,Page view: /home by u2988,E103,Page view: {page} by {user}
89011,2026-01-16,12:08:20,INFO,WebServer,Transaction tx779856 completed in 1545ms,E104,Transaction {tx} completed in {time}ms
89012,2026-01-16,12:05:04,INFO,WebServer,Transaction tx624733 completed in 211ms,E104,Transaction {tx} completed in {time}ms
89013,2026-01-16,12:27:09,INFO,WebServer,Health check passed: WebServer,E102,Health check passed: {service}
89014,2026-01-16,12:19:40,INFO,WebServer,User u3870 login successful,E101,User {user} login successful
89015,2026-01-16,12:53:46,INFO,WebServer,User u3343 login successful,E101,User {user} login successful
89016,2026-01-16,12:11:57,INFO,AuthService,Transaction tx313647 completed in 371ms,E104,Transaction {tx} completed in {time}ms
89017,2026-01-16,12:35:12,INFO,WebServer,User u2955 login successful,E101,User {user} login successful
89018,2026-01-16,12:15:22,INFO,PaymentGateway,Transaction tx696348 completed in 1601ms,E104,Transaction {tx} completed in {time}ms
89019,2026-01-16,12:13:36,INFO,OrderProcessor,User u1867 login successful,E101,User {user} login successful
89020,2026-01-16,12:12:57,INFO,PaymentGateway,Health check passed: PaymentGateway,E102,Health check passed: {service}
89021,2026-01-16,12:37:51,INFO,WebServer,Transaction tx482102 completed in 1981ms,E104,Transaction {tx} completed in {time}ms
89022,2026-01-16,12:32:33,INFO,InventoryDB,Page view: /home by u2879,E103,Page view: {page} by {user}
89023,2026-01-16,12:43:29,INFO,PaymentGateway,Health check passed: PaymentGateway,E102,Health check passed: {service}
89024,2026-01-16,12:47:44,INFO,OrderProcessor,Page view: /home by u2098,E103,Page view: {page} by {user}
89025,2026-01-16,12:40:25,INFO,OrderProcessor,User u4604 login successful,E101,User {user} login successful
89026,2026-01-16,12:05:32,INFO,WebServer,User u4579 login successful,E101,User {user} login successful
89027,2026-01-16,12:34:20,ERROR,AuthService,Timeout waiting for lock on InventoryDB,E502,Timeout waiting for lock on {db}
89028,2026-01-16,12:23:13,INFO,WebServer,Page view: /home by u3879,E103,Page view: {page} by {user}
89029,2026-01-16,12:07:05,INFO,OrderProcessor,Page view: /home by u3446,E103,Page view: {page} by {user}
89030,2026-01-16,12:01:14,INFO,WebServer,User u2033 login successful,E101,User {user} login successful
89031,2026-01-16,12:20:03,WARN,WebServer,Unauthorized access attempt from 10.0.0.45,E401,Unauthorized access attempt from {ip}
89032,2026-01-16,12:02:35,INFO,WebServer,User u3800 login successful,E101,User {user} login successful
89033,2026-01-16,12:43:42,INFO,WebServer,User u2273 login successful,E101,User {user} login successful
89034,2026-01-16,12:09:45,INFO,WebServer,Health check passed: WebServer,E102,Health check passed: {service}
89035,2026-01-16,12:56:28,INFO,WebServer,Transaction tx745511 completed in 473ms,E104,Transaction {tx} completed in {time}ms
89036,2026-01-16,12:41:06,INFO,AuthService,Transaction tx153007 completed in 1336ms,E104,Transaction {tx} completed in {time}ms
89037,2026-01-16,12:44:54,INFO,WebServer,Health check passed: WebServer,E102,Health check passed: {service}
89038,2026-01-16,12:33:56,INFO,WebServer,User u1156 login successful,E101,User {user} login successful
89039,2026-01-16,12:48:49,INFO,PaymentGateway,User u2569 login successful,E101,User {user} login successful
89040,2026-01-16,12:52:13,WARN,WebServer,Unauthorized access attempt from 10.0.0.45,E401,Unauthorized access attempt from {ip}
89041,2026-01-16,12:33:31,WARN,WebServer,Disk usage > 85% on node node-1,E202,Disk usage > 85% on node {node}
89042,2026-01-16,12:14:05,INFO,WebServer,Health check passed: WebServer,E102,Health check passed: {service}
89043,2026-01-16,12:48:45,INFO,AuthService,Page view: /home by u4307,E103,Page view: {page} by {user}
89044,2026-01-16,12:08:01,INFO,AuthService,Health check passed: AuthService,E102,Health check passed: {service}
89045,2026-01-16,12:36:25,INFO,AuthService,User u3846 login successful,E101,User {user} login successful
89046,2026-01-16,12:02:37,INFO,WebServer,Page view: /home by u2548,E103,Page view: {page} by {user}
89047,2026-01-16,12:26:17,INFO,AuthService,Transaction tx195381 completed in 1987ms,E104,Transaction {tx} completed in {time}ms
89048,2026-01-16,12:23:22,INFO,PaymentGateway,Page view: /home by u1156,E103,Page view: {page} by {user}
89049,2026-01-16,12:26:25,ERROR,AuthService,Payment declined: Gateway unavailable,E503,Payment declined: Gateway unavailable
89050,2026-01-16,12:34:49,INFO,AuthService,Health check passed: AuthService,E102,Health check passed: {service}
89051,2026-01-16,12:06:24,INFO,AuthService,Health check passed: AuthService,E102,Health check passed: {service}
89052,2026-01-16,12:01:31,INFO,PaymentGateway,Page view: /home by u4349,E103,Page view: {page} by {user}
89053,2026-01-16,12:07:01,INFO,PaymentGateway,Transaction tx512523 completed in 1580ms,E104,Transaction {tx} completed in {time}ms
89054,2026-01-16,12:46:15,INFO,WebServer,User u4177 login successful,E101,User {user} login successful
89055,2026-01-16,12:22:11,INFO,OrderProcessor,Health check passed: OrderProcessor,E102,Health check passed: {service}
89056,2026-01-16,12:50:53,INFO,AuthService,Transaction tx988352 completed in 1808ms,E104,Transaction {tx} completed in {time}ms
89057,2026-01-16,12:27:46,INFO,WebServer,User u3905 login successful,E101,User {user} login successful
89058,2026-01-16,12:20:21,INFO,AuthService,Health check passed: AuthService,E102,Health check passed: {service}
89059,2026-01-16,12:17:10,INFO,WebServer,Health check passed: WebServer,E102,Health check passed: {service}
89060,2026-01-16,12:44:59,INFO,WebServer,Page view: /home by u2824,E103,Page view: {page} by {user}
89061,2026-01-16,12:41:11,INFO,AuthService,Page view: /home by u3723,E103,Page view: {page} by {user}
89062,2026-01-16,12:50:29,INFO,OrderProcessor,Transaction tx788725 completed in 1404ms,E104,Transaction {tx} completed in {time}ms
89063,2026-01-16,12:45:08,INFO,InventoryDB,Page view: /home by u2420,E103,Page view: {page} by {user}
89064,2026-01-16,12:42:52,INFO,WebServer,Page view: /home by u1331,E103,Page view: {page} by {user}
89065,2026-01-16,12:17:18,INFO,AuthService,Health check passed: AuthService,E102,Health check passed: {service}
89066,2026-01-16,12:24:19,INFO,PaymentGateway,Transaction tx731423 completed in 771ms,E104,Transaction {tx} completed in {time}ms
89067,2026-01-16,12:43:05,INFO,WebServer,Page view: /home by u3681,E103,Page view: {page} by {user}
89068,2026-01-16,12:28:59,INFO,PaymentGateway,User u1626 login successful,E101,User {user} login successful
89069,2026-01-16,12:21:41,INFO,WebServer,Health check passed: WebServer,E102,Health check passed: {service}
89070,2026-01-16,12:02:43,INFO,WebServer,Transaction tx327046 completed in 1781ms,E104,Transaction {tx} completed in {time}ms
89071,2026-01-16,12:16:07,INFO,InventoryDB,Transaction tx540040 completed in 973ms,E104,Transaction {tx} completed in {time}ms
89072,2026-01-16,12:16:30,INFO,WebServer,User u1519 login successful,E101,User {user} login successful
89073,2026-01-16,12:26:41,INFO,OrderProcessor,User u1255 login successful,E101,User {user} login successful
89074,2026-01-16,12:46:38,INFO,WebServer,Health check passed: WebServer,E102,Health check passed: {service}
89075,2026-01-16,12:46:15,INFO,WebServer,Page view: /home by u2078,E103,Page view: {page} by {user}
89076,2026-01-16,12:28:55,INFO,AuthService,User u3157 login successful,E101,User {user} login successful
89077,2026-01-16,12:35:11,INFO,WebServer,User u2690 login successful,E101,User {user} login successful
89078,2026-01-16,12:56:18,INFO,AuthService,Page view: /home by u4259,E103,Page view: {page} by {user}
89079,2026-01-16,12:49:23,INFO,AuthService,Page view: /home by u2117,E103,Page view: {page} by {user}
89080,2026-01-16,12:14:55,INFO,WebServer,Page view: /home by u3480,E103,Page view: {page} by {user}
89081,2026-01-16,12:02:42,WARN,WebServer,Disk usage > 85% on node node-4,E202,Disk usage > 85% on node {node}
89082,2026-01-16,12:01:42,INFO,WebServer,Health check passed: WebServer,E102,Health check passed: {service}
89083,2026-01-16,12:02:27,INFO,OrderProcessor,Transaction tx474387 completed in 621ms,E104,Transaction {tx} completed in {time}ms
89084,2026-01-16,12:25:21,INFO,WebServer,Health check passed: WebServer,E102,Health check passed: {service}
89085,2026-01-16,12:25:09,INFO,OrderProcessor,User u3133 login successful,E101,User {user} login successful
89086,2026-01-16,12:21:08,INFO,AuthService,Transaction tx810324 completed in 776ms,E104,Transaction {tx} completed in {time}ms
89087,2026-01-16,12:41:00,INFO,AuthService,User u3743 login successful,E101,User {user} login successful
89088,2026-01-16,12:37:09,INFO,WebServer,User u4466 login successful,E101,User {user} login successful
89089,2026-01-16,12:57:09,INFO,AuthService,Page view: /home by u2889,E103,Page view: {page} by {user}
89090,2026-01-16,12:52:02,INFO,WebServer,Health check passed: WebServer,E102,Health check passed: {service}
89091,2026-01-16,12:58:28,INFO,OrderProcessor,Transaction tx714133 completed in 1973ms,E104,Transaction {tx} completed in {time}ms
89092,2026-01-16,12:59:10,INFO,AuthService,User u3881 login successful,E101,User {user} login successful
89093,2026-01-16,12:57:35,INFO,OrderProcessor,User u3765 login successful,E101,User {user} login successful
89094,2026-01-16,12:50:02,INFO,OrderProcessor,Page view: /home by u3841,E103,Page view: {page} by {user}
89095,2026-01-16,12:08:42,INFO,OrderProcessor,Transaction tx988275 completed in 290ms,E104,Transaction {tx} completed in {time}ms
89096,2026-01-16,12:25:45,INFO,WebServer,Health check passed: WebServer,E102,Health check passed: {service}
89097,2026-01-16,12:31:29,INFO,WebServer,Health check passed: WebServer,E102,Health check passed: {service}
89098,2026-01-16,12:49:04,INFO,WebServer,Health check passed: WebServer,E102,Health check passed: {service}
89099,2026-01-16,12:06:15,INFO,WebServer,User u2118 login successful,E101,User {user} login successful
89100,2026-01-16,12:18:19,INFO,WebServer,Page view: /home by u1115,E103,Page view: {page} by {user}
89101,2026-01-16,12:50:36,INFO,WebServer,Page view: /home by u2624,E103,Page view: {page} by {user}
89102,2026-01-16,12:10:49,INFO,PaymentGateway,User u1966 login successful,E101,User {user} login successful
89103,2026-01-16,12:49:28,INFO,WebServer,Health check passed: WebServer,E102,Health check passed: {service}
89104,2026-01-16,12:02:03,INFO,AuthService,Transaction tx165411 completed in 182ms,E104,Transaction {tx} completed in {time}ms
89105,2026-01-16,12:22:09,INFO,WebServer,Transaction tx492626 completed in 1952ms,E104,Transaction {tx} completed in {time}ms
89106,2026-01-16,12:12:47,INFO,WebServer,Health check passed: WebServer,E102,Health check passed: {service}
89107,2026-01-16,12:12:23,INFO,WebServer,Transaction tx794691 completed in 1113ms,E104,Transaction {tx} completed in {time}ms
89108,2026-01-16,12:38:10,INFO,WebServer,User u2834 login successful,E101,User {user} login successful
89109,2026-01-16,12:48:38,INFO,PaymentGateway,Page view: /home by u1124,E103,Page view: {page} by {user}
89110,2026-01-16,12:23:19,INFO,InventoryDB,Page view: /home by u2472,E103,Page view: {page} by {user}
89111,2026-01-16,12:32:47,INFO,OrderProcessor,User u2632 login successful,E101,User {user} login successful
89112,2026-01-16,12:24:12,INFO,WebServer,User u3196 login successful,E101,User {user} login successful
89113,2026-01-16,12:22:58,INFO,AuthService,Health check passed: AuthService,E102,Health check passed: {service}
89114,2026-01-16,12:32:37,INFO,OrderProcessor,User u3276 login successful,E101,User {user} login successful
89115,2026-01-16,12:52:21,ERROR,WebServer,Connection refused to WebServer at 10.0.0.45,E501,Connection refused to {service} at {ip}
89116,2026-01-16,12:50:53,INFO,AuthService,Transaction tx205362 completed in 1020ms,E104,Transaction {tx} completed in {time}ms
89117,2026-01-16,12:49:22,ERROR,AuthService,Timeout waiting for lock on InventoryDB,E502,Timeout waiting for lock on {db}
89118,2026-01-16,12:14:15,INFO,WebServer,Transaction tx750774 completed in 104ms,E104,Transaction {tx} completed in {time}ms
89119,2026-01-16,12:31:47,INFO,WebServer,User u2880 login successful,E101,User {user} login successful
89120,2026-01-16,12:06:58,INFO,WebServer,Health check passed: WebServer,E102,Health check passed: {service}
89121,2026-01-16,12:42:41,INFO,WebServer,Transaction tx403450 completed in 1296ms,E104,Transaction {tx} completed in {time}ms
89122,2026-01-16,12:12:14,INFO,AuthService,User u3905 login successful,E101,User {user} login successful
89123,2026-01-16,12:59:27,INFO,AuthService,Page view: /home by u3464,E103,Page view: {page} by {user}
89124,2026-01-16,12:06:09,INFO,OrderProcessor,Health check passed: OrderProcessor,E102,Health check passed: {service}
89125,2026-01-16,12:10:33,WARN,WebServer,High latency (688ms) detected on WebServer,E201,High latency ({time}ms) detected on {service}
89126,2026-01-16,12:04:21,INFO,WebServer,Health check passed: WebServer,E102,Health check passed: {service}
89127,2026-01-16,12:47:20,INFO,WebServer,Transaction tx485451 completed in 1520ms,E104,Transaction {tx} completed in {time}ms
89128,2026-01-16,12:18:06,INFO,AuthService,Transaction tx108008 completed in 453ms,E104,Transaction {tx} completed in {time}ms
89129,2026-01-16,12:38:25,INFO,WebServer,Health check passed: WebServer,E102,Health check passed: {service}
89130,2026-01-16,12:15:17,WARN,WebServer,Unauthorized access attempt from 10.0.0.45,E401,Unauthorized access attempt from {ip}
89131,2026-01-16,12:55:20,INFO,OrderProcessor,Transaction tx569412 completed in 1406ms,E104,Transaction {tx} completed in {time}ms
89132,2026-01-16,12:26:53,INFO,WebServer,Page view: /home by u4670,E103,Page view: {page} by {user}
89133,2026-01-16,12:39:51,INFO,WebServer,User u1725 login successful,E101,User {user} login successful
89134,2026-01-16,12:35:39,INFO,WebServer,Transaction tx543779 completed in 78ms,E104,Transaction {tx} completed in {time}ms
89135,2026-01-16,12:35:11,INFO,PaymentGateway,Page view: /home by u4298,E103,Page view: {page} by {user}
89136,2026-01-16,12:00:52,INFO,WebServer,Health check passed: WebServer,E102,Health check passed: {service}
89137,2026-01-16,12:41:36,INFO,OrderProcessor,Transaction tx718275 completed in 1755ms,E104,Transaction {tx} completed in {time}ms
89138,2026-01-16,12:31:06,INFO,WebServer,Transaction tx189746 completed in 840ms,E104,Transaction {tx} completed in {time}ms
89139,2026-01-16,12:00:39,INFO,OrderProcessor,Transaction tx416310 completed in 963ms,E104,Transaction {tx} completed in {time}ms
89140,2026-01-16,12:51:42,INFO,WebServer,Page view: /home by u4500,E103,Page view: {page} by {user}
89141,2026-01-16,12:59:16,INFO,OrderProcessor,Health check passed: OrderProcessor,E102,Health check passed: {service}
89142,2026-01-16,12:52:46,INFO,PaymentGateway,User u2061 login successful,E101,User {user} login successful
89143,2026-01-16,12:17:27,WARN,PaymentGateway,High latency (148ms) detected on PaymentGateway,E201,High latency ({time}ms) detected on {service}
89144,2026-01-16,12:37:26,INFO,OrderProcessor,Transaction tx180992 completed in 814ms,E104,Transaction {tx} completed in {time}ms
89145,2026-01-16,12:32:15,INFO,WebServer,Transaction tx601271 completed in 190ms,E104,Transaction {tx} completed in {time}ms
89146,2026-01-16,12:55:47,INFO,WebServer,Health check passed: WebServer,E102,Health check passed: {service}
89147,2026-01-16,12:32:44,ERROR,WebServer,Payment declined: Gateway unavailable,E503,Payment declined: Gateway unavailable
89148,2026-01-16,12:05:23,INFO,WebServer,Health check passed: WebServer,E102,Health check passed: {service}
89149,2026-01-16,12:40:38,INFO,WebServer,Health check passed: WebServer,E102,Health check passed: {service}
89150,2026-01-16,12:46:14,INFO,WebServer,Health check passed: WebServer,E102,Health check passed: {service}
89151,2026-01-16,12:06:19,INFO,OrderProcessor,Health check passed: OrderProcessor,E102,Health check passed: {service}
89152,2026-01-16,12:43:32,INFO,WebServer,User u3238 login successful,E101,User {user} login successful
89153,2026-01-16,12:56:18,INFO,OrderProcessor,Health check passed: OrderProcessor,E102,Health check passed: {service}
89154,2026-01-16,12:38:56,INFO,AuthService,Page view: /home by u3698,E103,Page view: {page} by {user}
89155,2026-01-16,12:29:24,INFO,WebServer,Page view: /home by u1820,E103,Page view: {page} by {user}
89156,2026-01-16,12:16:45,INFO,AuthService,Health check passed: AuthService,E102,Health check passed: {service}
89157,2026-01-16,12:26:43,INFO,WebServer,Page view: /home by u3020,E103,Page view: {page} by {user}
89158,2026-01-16,12:58:04,INFO,WebServer,Transaction tx972987 completed in 452ms,E104,Transaction {tx} completed in {time}ms
89159,2026-01-16,12:25:00,INFO,OrderProcessor,Page view: /home by u1084,E103,Page view: {page} by {user}
89160,2026-01-16,12:06:58,INFO,WebServer,Health check passed: WebServer,E102,Health check passed: {service}
89161,2026-01-16,12:54:58,INFO,WebServer,Page view: /home by u1213,E103,Page view: {page} by {user}
89162,2026-01-16,12:27:18,INFO,WebServer,Page view: /home by u3136,E103,Page view: {page} by {user}
89163,2026-01-16,12:27:22,INFO,AuthService,User u1512 login successful,E101,User {user} login successful
89164,2026-01-16,12:15:18,INFO,WebServer,User u3237 login successful,E101,User {user} login successful
89165,2026-01-16,12:43:24,INFO,AuthService,Health check passed: AuthService,E102,Health check passed: {service}
89166,2026-01-16,12:36:48,INFO,AuthService,Page view: /home by u4573,E103,Page view: {page} by {user}
89167,2026-01-16,12:16:45,INFO,AuthService,Transaction tx724425 completed in 1339ms,E104,Transaction {tx} completed in {time}ms
89168,2026-01-16,12:39:03,INFO,AuthService,Page view: /home by u2653,E103,Page view: {page} by {user}
89169,2026-01-16,12:10:42,INFO,OrderProcessor,Page view: /home by u4474,E103,Page view: {page} by {user}
89170,2026-01-16,12:03:23,ERROR,WebServer,Timeout waiting for lock on InventoryDB,E502,Timeout waiting for lock on {db}
89171,2026-01-16,12:31:12,INFO,WebServer,User u1725 login successful,E101,User {user} login successful
89172,2026-01-16,12:44:48,INFO,WebServer,Transaction tx978845 completed in 1577ms,E104,Transaction {tx} completed in {time}ms
89173,2026-01-16,12:01:23,INFO,WebServer,User u1479 login successful,E101,User {user} login successful
89174,2026-01-16,12:33:28,INFO,OrderProcessor,Page view: /home by u3676,E103,Page view: {page} by {user}
89175,2026-01-16,12:05:57,INFO,WebServer,Health check passed: WebServer,E102,Health check passed: {service}
89176,2026-01-16,12:50:43,INFO,WebServer,User u3849 login successful,E101,User {user} login successful
89177,2026-01-16,12:05:28,INFO,AuthService,Page view: /home by u1236,E103,Page view: {page} by {user}
89178,2026-01-16,12:00:25,INFO,WebServer,Transaction tx980555 completed in 1638ms,E104,Transaction {tx} completed in {time}ms
89179,2026-01-16,12:11:32,INFO,AuthService,Page view: /home by u4332,E103,Page view: {page} by {user}
89180,2026-01-16,12:28:27,INFO,WebServer,Health check passed: WebServer,E102,Health check passed: {service}
89181,2026-01-16,12:48:34,INFO,OrderProcessor,Page view: /home by u1578,E103,Page view: {page} by {user}
89182,2026-01-16,12:05:53,INFO,AuthService,Health check passed: AuthService,E102,Health check passed: {service}
89183,2026-01-16,12:02:23,INFO,WebServer,Transaction tx801574 completed in 432ms,E104,Transaction {tx} completed in {time}ms
89184,2026-01-16,12:21:28,INFO,WebServer,Health check passed: WebServer,E102,Health check passed: {service}
89185,2026-01-16,12:45:29,INFO,PaymentGateway,Health check passed: PaymentGateway,E102,Health check passed: {service}
89186,2026-01-16,12:37:24,INFO,WebServer,Health check passed: WebServer,E102,Health check passed: {service}
89187,2026-01-16,12:01:02,INFO,WebServer,User u4886 login successful,E101,User {user} login successful
89188,2026-01-16,12:41:12,INFO,OrderProcessor,Page view: /home by u4059,E103,Page view: {page} by {user}
89189,2026-01-16,12:25:49,INFO,WebServer,User u3184 login successful,E101,User {user} login successful
89190,2026-01-16,12:55:32,INFO,OrderProcessor,Health check passed: OrderProcessor,E102,Health check passed: {service}
89191,2026-01-16,12:02:01,INFO,WebServer,Health check passed: WebServer,E102,Health check passed: {service}
89192,2026-01-16,12:37:06,WARN,OrderProcessor,Unauthorized access attempt from 10.0.0.45,E401,Unauthorized access attempt from {ip}
89193,2026-01-16,12:12:37,INFO,OrderProcessor,Health check passed: OrderProcessor,E102,Health check passed: {service}
89194,2026-01-16,12:35:33,ERROR,PaymentGateway,Payment declined: Gateway unavailable,E503,Payment declined: Gateway unavailable
89195,2026-01-16,12:12:37,INFO,OrderProcessor,Health check passed: OrderProcessor,E102,Health check passed: {service}
89196,2026-01-16,12:37:58,INFO,AuthService,User u1579 login successful,E101,User {user} login successful
89197,2026-01-16,12:44:31,WARN,WebServer,Disk usage > 85% on node node-1,E202,Disk usage > 85% on node {node}
89198,2026-01-16,12:27:30,INFO,WebServer,Transaction tx896446 completed in 115ms,E104,Transaction {tx} completed in {time}ms
89199,2026-01-16,12:58:20,INFO,OrderProcessor,Transaction tx745342 completed in 806ms,E104,Transaction {tx} completed in {time}ms
89200,2026-01-16,12:22:54,INFO,PaymentGateway,Page view: /home by u2802,E103,Page view: {page} by {user}
89201,2026-01-16,12:00:38,INFO,WebServer,User u2722 login successful,E101,User {user} login successful
89202,2026-01-16,12:34:13,INFO,OrderProcessor,Health check passed: OrderProcessor,E102,Health check passed: {service}
89203,2026-01-16,12:40:09,INFO,WebServer,User u1917 login successful,E101,User {user} login successful
89204,2026-01-16,12:53:31,INFO,WebServer,Page view: /home by u3219,E103,Page view: {page} by {user}
89205,2026-01-16,12:21:53,INFO,WebServer,Page view: /home by u3067,E103,Page view: {page} by {user}
89206,2026-01-16,12:58:33,INFO,WebServer,Transaction tx810509 completed in 854ms,E104,Transaction {tx} completed in {time}ms
89207,2026-01-16,12:28:20,INFO,PaymentGateway,Page view: /home by u3353,E103,Page view: {page} by {user}
89208,2026-01-16,12:27:44,INFO,WebServer,Page view: /home by u4839,E103,Page view: {page} by {user}
89209,2026-01-16,12:20:38,INFO,AuthService,Page view: /home by u4268,E103,Page view: {page} by {user}
89210,2026-01-16,12:58:27,INFO,WebServer,Page view: /home by u3122,E103,Page view: {page} by {user}
89211,2026-01-16,12:53:46,INFO,WebServer,Page view: /home by u4028,E103,Page view: {page} by {user}
89212,2026-01-16,12:49:36,INFO,WebServer,User u1040 login successful,E101,User {user} login successful
89213,2026-01-16,12:49:49,INFO,WebServer,Page view: /home by u3778,E103,Page view: {page} by {user}
89214,2026-01-16,12:56:03,INFO,OrderProcessor,Transaction tx618396 completed in 1517ms,E104,Transaction {tx} completed in {time}ms
89215,2026-01-16,12:14:44,INFO,WebServer,Transaction tx304589 completed in 1548ms,E104,Transaction {tx} completed in {time}ms
89216,2026-01-16,12:09:33,ERROR,WebServer,Payment declined: Gateway unavailable,E503,Payment declined: Gateway unavailable
89217,2026-01-16,12:24:39,WARN,InventoryDB,High latency (1610ms) detected on InventoryDB,E201,High latency ({time}ms) detected on {service}
89218,2026-01-16,12:25:26,INFO,InventoryDB,Page view: /home by u1684,E103,Page view: {page} by {user}
89219,2026-01-16,12:04:26,ERROR,WebServer,Timeout waiting for lock on InventoryDB,E502,Timeout waiting for lock on {db}
89220,2026-01-16,12:54:27,INFO,WebServer,Transaction tx517595 completed in 742ms,E104,Transaction {tx} completed in {time}ms
89221,2026-01-16,12:19:11,INFO,WebServer,User u2795 login successful,E101,User {user} login successful
89222,2026-01-16,12:38:59,INFO,AuthService,User u2602 login successful,E101,User {user} login successful
89223,2026-01-16,12:48:58,INFO,OrderProcessor,Health check passed: OrderProcessor,E102,Health check passed: {service}
89224,2026-01-16,12:23:45,CRITICAL,WebServer,DATA CORRUPTION detected in sector 157,E602,DATA CORRUPTION detected in sector {sector}
89225,2026-01-16,12:30:13,INFO,AuthService,Page view: /home by u1507,E103,Page view: {page} by {user}
89226,2026-01-16,12:49:49,INFO,OrderProcessor,Transaction tx604870 completed in 1805ms,E104,Transaction {tx} completed in {time}ms
89227,2026-01-16,12:50:56,INFO,WebServer,Transaction tx523478 completed in 1787ms,E104,Transaction {tx} completed in {time}ms
89228,2026-01-16,12:34:40,INFO,WebServer,Page view: /home by u1049,E103,Page view: {page} by {user}
89229,2026-01-16,12:49:50,INFO,AuthService,Health check passed: AuthService,E102,Health check passed: {service}
89230,2026-01-16,12:53:42,INFO,InventoryDB,User u2720 login successful,E101,User {user} login successful
89231,2026-01-16,12:19:40,INFO,OrderProcessor,Health check passed: OrderProcessor,E102,Health check passed: {service}
89232,2026-01-16,12:42:40,INFO,WebServer,Health check passed: WebServer,E102,Health check passed: {service}
89233,2026-01-16,12:27:14,INFO,WebServer,Page view: /home by u1241,E103,Page view: {page} by {user}
89234,2026-01-16,12:21:42,INFO,AuthService,User u3164 login successful,E101,User {user} login successful
89235,2026-01-16,12:21:40,INFO,AuthService,Health check passed: AuthService,E102,Health check passed: {service}
89236,2026-01-16,12:41:00,INFO,WebServer,Page view: /home by u3829,E103,Page view: {page} by {user}
89237,2026-01-16,12:57:43,INFO,WebServer,Transaction tx987304 completed in 376ms,E104,Transaction {tx} completed in {time}ms
89238,2026-01-16,12:01:24,INFO,OrderProcessor,Health check passed: OrderProcessor,E102,Health check passed: {service}
89239,2026-01-16,12:32:18,WARN,WebServer,Unauthorized access attempt from 10.0.0.45,E401,Unauthorized access attempt from {ip}
89240,2026-01-16,12:35:04,WARN,OrderProcessor,Disk usage > 85% on node node-2,E202,Disk usage > 85% on node {node}
89241,2026-01-16,12:37:38,INFO,WebServer,Page view: /home by u3805,E103,Page view: {page} by {user}
89242,2026-01-16,12:06:23,INFO,WebServer,Page view: /home by u4355,E103,Page view: {page} by {user}
89243,2026-01-16,12:48:02,INFO,OrderProcessor,User u4063 login successful,E101,User {user} login successful
89244,2026-01-16,12:59:00,INFO,WebServer,Health check passed: WebServer,E102,Health check passed: {service}
89245,2026-01-16,12:17:32,INFO,WebServer,Transaction tx891169 completed in 134ms,E104,Transaction {tx} completed in {time}ms
89246,2026-01-16,12:26:03,INFO,OrderProcessor,Page view: /home by u2740,E103,Page view: {page} by {user}
89247,2026-01-16,12:56:22,INFO,WebServer,Page view: /home by u1742,E103,Page view: {page} by {user}
89248,2026-01-16,12:34:05,INFO,InventoryDB,Health check passed: InventoryDB,E102,Health check passed: {service}
89249,2026-01-16,12:36:25,INFO,AuthService,Transaction tx759415 completed in 1397ms,E104,Transaction {tx} completed in {time}ms
89250,2026-01-16,12:49:37,INFO,OrderProcessor,Page view: /home by u4602,E103,Page view: {page} by {user}
89251,2026-01-16,12:20:07,INFO,AuthService,Health check passed: AuthService,E102,Health check passed: {service}
89252,2026-01-16,12:34:37,INFO,InventoryDB,Health check passed: InventoryDB,E102,Health check passed: {service}
89253,2026-01-16,12:10:24,INFO,AuthService,Transaction tx287808 completed in 87ms,E104,Transaction {tx} completed in {time}ms
89254,2026-01-16,12:45:12,INFO,WebServer,Health check passed: WebServer,E102,Health check passed: {service}
89255,2026-01-16,12:29:13,INFO,WebServer,Health check passed: WebServer,E102,Health check passed: {service}
89256,2026-01-16,12:16:55,INFO,WebServer,Health check passed: WebServer,E102,Health check passed: {service}
89257,2026-01-16,12:12:37,ERROR,OrderProcessor,Timeout waiting for lock on InventoryDB,E502,Timeout waiting for lock on {db}
89258,2026-01-16,12:47:22,INFO,WebServer,Transaction tx865419 completed in 190ms,E104,Transaction {tx} completed in {time}ms
89259,2026-01-16,12:23:37,INFO,AuthService,Health check passed: AuthService,E102,Health check passed: {service}
89260,2026-01-16,12:42:36,INFO,WebServer,User u4234 login successful,E101,User {user} login successful
89261,2026-01-16,12:35:17,INFO,WebServer,Health check passed: WebServer,E102,Health check passed: {service}
89262,2026-01-16,12:01:01,INFO,AuthService,Health check passed: AuthService,E102,Health check passed: {service}
89263,2026-01-16,12:29:45,WARN,WebServer,Disk usage > 85% on node node-2,E202,Disk usage > 85% on node {node}
89264,2026-01-16,12:14:19,INFO,PaymentGateway,Health check passed: PaymentGateway,E102,Health check passed: {service}
89265,2026-01-16,12:43:12,INFO,WebServer,Transaction tx734047 completed in 1087ms,E104,Transaction {tx} completed in {time}ms
89266,2026-01-16,12:16:16,INFO,WebServer,Transaction tx231500 completed in 444ms,E104,Transaction {tx} completed in {time}ms
89267,2026-01-16,12:32:34,INFO,WebServer,Page view: /home by u2879,E103,Page view: {page} by {user}
89268,2026-01-16,12:23:50,INFO,AuthService,Health check passed: AuthService,E102,Health check passed: {service}
89269,2026-01-16,12:36:45,INFO,AuthService,Transaction tx649930 completed in 545ms,E104,Transaction {tx} completed in {time}ms
89270,2026-01-16,12:02:33,INFO,WebServer,Transaction tx146169 completed in 604ms,E104,Transaction {tx} completed in {time}ms
89271,2026-01-16,12:17:10,INFO,OrderProcessor,Page view: /home by u2407,E103,Page view: {page} by {user}
89272,2026-01-16,12:13:58,INFO,InventoryDB,Transaction tx451212 completed in 1488ms,E104,Transaction {tx} completed in {time}ms
89273,2026-01-16,12:35:19,INFO,AuthService,Transaction tx745985 completed in 1246ms,E104,Transaction {tx} completed in {time}ms
89274,2026-01-16,12:26:20,INFO,AuthService,Transaction tx803655 completed in 1014ms,E104,Transaction {tx} completed in {time}ms
89275,2026-01-16,12:36:55,INFO,AuthService,Page view: /home by u2913,E103,Page view: {page} by {user}
89276,2026-01-16,12:29:32,INFO,WebServer,User u3176 login successful,E101,User {user} login successful
89277,2026-01-16,12:24:58,INFO,WebServer,Page view: /home by u4294,E103,Page view: {page} by {user}
89278,2026-01-16,12:02:00,INFO,WebServer,Transaction tx220154 completed in 1712ms,E104,Transaction {tx} completed in {time}ms
89279,2026-01-16,12:31:41,INFO,OrderProcessor,Page view: /home by u3872,E103,Page view: {page} by {user}
89280,2026-01-16,12:24:14,WARN,WebServer,Unauthorized access attempt from 10.0.0.45,E401,Unauthorized access attempt from {ip}
89281,2026-01-16,12:08:24,INFO,WebServer,Health check passed: WebServer,E102,Health check passed: {service}
89282,2026-01-16,12:03:12,INFO,WebServer,Health check passed: WebServer,E102,Health check passed: {service}
89283,2026-01-16,12:11:32,INFO,AuthService,User u1128 login successful,E101,User {user} login successful
89284,2026-01-16,12:36:30,INFO,WebServer,Health check passed: WebServer,E102,Health check passed: {service}
89285,2026-01-16,12:05:32,INFO,InventoryDB,Transaction tx131300 completed in 1584ms,E104,Transaction {tx} completed in {time}ms
89286,2026-01-16,12:01:12,INFO,WebServer,Page view: /home by u1657,E103,Page view: {page} by {user}
89287,2026-01-16,12:28:08,INFO,PaymentGateway,Page view: /home by u3672,E103,Page view: {page} by {user}
89288,2026-01-16,12:16:40,INFO,WebServer,User u4759 login successful,E101,User {user} login successful
89289,2026-01-16,12:40:25,INFO,AuthService,Health check passed: AuthService,E102,Health check passed: {service}
89290,2026-01-16,12:07:30,INFO,WebServer,Health check passed: WebServer,E102,Health check passed: {service}
89291,2026-01-16,12:32:48,ERROR,InventoryDB,Timeout waiting for lock on InventoryDB,E502,Timeout waiting for lock on {db}
89292,2026-01-16,12:01:34,INFO,InventoryDB,Transaction tx797390 completed in 1402ms,E104,Transaction {tx} completed in {time}ms
89293,2026-01-16,12:46:09,INFO,WebServer,User u4628 login successful,E101,User {user} login successful
89294,2026-01-16,12:20:30,INFO,OrderProcessor,Page view: /home by u3712,E103,Page view: {page} by {user}
89295,2026-01-16,12:20:11,INFO,WebServer,Transaction tx441249 completed in 1878ms,E104,Transaction {tx} completed in {time}ms
89296,2026-01-16,12:01:50,INFO,WebServer,Page view: /home by u4520,E103,Page view: {page} by {user}
89297,2026-01-16,12:33:54,INFO,WebServer,Transaction tx938597 completed in 1432ms,E104,Transaction {tx} completed in {time}ms
89298,2026-01-16,12:37:12,INFO,PaymentGateway,User u2460 login successful,E101,User {user} login successful
89299,2026-01-16,12:23:11,INFO,OrderProcessor,User u3114 login successful,E101,User {user} login successful
89300,2026-01-16,12:40:01,INFO,WebServer,Health check passed: WebServer,E102,Health check passed: {service}
89301,2026-01-16,12:40:07,INFO,OrderProcessor,Transaction tx143528 completed in 148ms,E104,Transaction {tx} completed in {time}ms
89302,2026-01-16,12:06:08,WARN,WebServer,High latency (1455ms) detected on WebServer,E201,High latency ({time}ms) detected on {service}
89303,2026-01-16,12:34:57,INFO,InventoryDB,Health check passed: InventoryDB,E102,Health check passed: {service}
89304,2026-01-16,12:42:27,INFO,WebServer,Page view: /home by u3228,E103,Page view: {page} by {user}
89305,2026-01-16,12:59:29,INFO,WebServer,Page view: /home by u4790,E103,Page view: {page} by {user}
89306,2026-01-16,12:32:25,INFO,WebServer,User u3206 login successful,E101,User {user} login successful
89307,2026-01-16,12:30:18,INFO,WebServer,User u3293 login successful,E101,User {user} login successful
89308,2026-01-16,12:17:57,INFO,AuthService,User u4985 login successful,E101,User {user} login successful
89309,2026-01-16,12:24:19,INFO,WebServer,User u1654 login successful,E101,User {user} login successful
89310,2026-01-16,12:39:34,INFO,PaymentGateway,User u1687 login successful,E101,User {user} login successful
89311,2026-01-16,12:15:37,INFO,WebServer,Transaction tx211996 completed in 988ms,E104,Transaction {tx} completed in {time}ms
89312,2026-01-16,12:27:24,INFO,OrderProcessor,User u2467 login successful,E101,User {user} login successful
89313,2026-01-16,12:43:00,INFO,WebServer,Page view: /home by u3117,E103,Page view: {page} by {user}
89314,2026-01-16,12:15:11,INFO,InventoryDB,Health check passed: InventoryDB,E102,Health check passed: {service}
89315,2026-01-16,12:24:06,WARN,WebServer,Unauthorized access attempt from 10.0.0.45,E401,Unauthorized access attempt from {ip}
89316,2026-01-16,12:05:41,INFO,WebServer,Page view: /home by u1476,E103,Page view: {page} by {user}
89317,2026-01-16,12:11:48,INFO,WebServer,Page view: /home by u4313,E103,Page view: {page} by {user}
89318,2026-01-16,12:42:43,WARN,PaymentGateway,Disk usage > 85% on node node-4,E202,Disk usage > 85% on node {node}
89319,2026-01-16,12:31:49,INFO,WebServer,Transaction tx514986 completed in 368ms,E104,Transaction {tx} completed in {time}ms
89320,2026-01-16,12:43:25,INFO,AuthService,Health check passed: AuthService,E102,Health check passed: {service}
89321,2026-01-16,12:24:40,INFO,PaymentGateway,Page view: /home by u1102,E103,Page view: {page} by {user}
89322,2026-01-16,12:23:33,INFO,OrderProcessor,Transaction tx998583 completed in 173ms,E104,Transaction {tx} completed in {time}ms
89323,2026-01-16,12:01:45,INFO,AuthService,User u2581 login successful,E101,User {user} login successful
89324,2026-01-16,12:34:10,INFO,WebServer,Transaction tx992520 completed in 817ms,E104,Transaction {tx} completed in {time}ms
89325,2026-01-16,12:03:10,WARN,AuthService,Disk usage > 85% on node node-2,E202,Disk usage > 85% on node {node}
89326,2026-01-16,12:53:17,INFO,PaymentGateway,Transaction tx105424 completed in 1218ms,E104,Transaction {tx} completed in {time}ms
89327,2026-01-16,12:55:02,INFO,AuthService,Health check passed: AuthService,E102,Health check passed: {service}
89328,2026-01-16,12:46:59,INFO,AuthService,User u2025 login successful,E101,User {user} login successful
89329,2026-01-16,12:24:44,INFO,WebServer,User u1079 login successful,E101,User {user} login successful
89330,2026-01-16,12:47:54,WARN,WebServer,Unauthorized access attempt from 10.0.0.45,E401,Unauthorized access attempt from {ip}
89331,2026-01-16,12:54:50,INFO,WebServer,Page view: /home by u2932,E103,Page view: {page} by {user}
89332,2026-01-16,12:10:19,WARN,WebServer,Unauthorized access attempt from 10.0.0.45,E401,Unauthorized access attempt from {ip}
89333,2026-01-16,12:29:53,INFO,WebServer,Health check passed: WebServer,E102,Health check passed: {service}
89334,2026-01-16,12:29:16,INFO,WebServer,User u2374 login successful,E101,User {user} login successful
89335,2026-01-16,12:28:07,INFO,WebServer,User u4324 login successful,E101,User {user} login successful
89336,2026-01-16,12:47:04,INFO,WebServer,Health check passed: WebServer,E102,Health check passed: {service}
89337,2026-01-16,12:27:57,INFO,WebServer,Transaction tx484356 completed in 1883ms,E104,Transaction {tx} completed in {time}ms
89338,2026-01-16,12:13:19,INFO,PaymentGateway,Health check passed: PaymentGateway,E102,Health check passed: {service}
89339,2026-01-16,12:46:15,WARN,AuthService,Unauthorized access attempt from 10.0.0.45,E401,Unauthorized access attempt from {ip}
89340,2026-01-16,12:29:52,WARN,OrderProcessor,Unauthorized access attempt from 10.0.0.88,E401,Unauthorized access attempt from {ip}
89341,2026-01-16,12:31:18,INFO,WebServer,User u4236 login successful,E101,User {user} login successful
89342,2026-01-16,12:25:43,INFO,AuthService,User u1356 login successful,E101,User {user} login successful
89343,2026-01-16,12:16:44,INFO,AuthService,Page view: /home by u2655,E103,Page view: {page} by {user}
89344,2026-01-16,12:09:20,INFO,WebServer,Health check passed: WebServer,E102,Health check passed: {service}
89345,2026-01-16,12:59:46,INFO,InventoryDB,Transaction tx283630 completed in 1907ms,E104,Transaction {tx} completed in {time}ms
89346,2026-01-16,12:19:42,INFO,WebServer,User u4037 login successful,E101,User {user} login successful
89347,2026-01-16,12:27:45,INFO,OrderProcessor,User u2820 login successful,E101,User {user} login successful
89348,2026-01-16,12:39:01,INFO,WebServer,Transaction tx934452 completed in 908ms,E104,Transaction {tx} completed in {time}ms
89349,2026-01-16,12:41:39,WARN,PaymentGateway,Disk usage > 85% on node node-3,E202,Disk usage > 85% on node {node}
89350,2026-01-16,12:05:17,INFO,WebServer,Health check passed: WebServer,E102,Health check passed: {service}
89351,2026-01-16,12:43:38,INFO,WebServer,Transaction tx443363 completed in 832ms,E104,Transaction {tx} completed in {time}ms
89352,2026-01-16,12:57:39,WARN,AuthService,Unauthorized access attempt from 10.0.0.45,E401,Unauthorized access attempt from {ip}
89353,2026-01-16,12:59:26,INFO,AuthService,Page view: /home by u3430,E103,Page view: {page} by {user}
89354,2026-01-16,12:49:30,INFO,WebServer,Transaction tx933394 completed in 1984ms,E104,Transaction {tx} completed in {time}ms
89355,2026-01-16,12:47:45,INFO,InventoryDB,Page view: /home by u2903,E103,Page view: {page} by {user}
89356,2026-01-16,12:38:16,INFO,OrderProcessor,Health check passed: OrderProcessor,E102,Health check passed: {service}
89357,2026-01-16,12:18:44,INFO,PaymentGateway,Transaction tx442391 completed in 1482ms,E104,Transaction {tx} completed in {time}ms
89358,2026-01-16,12:59:38,INFO,WebServer,Transaction tx525046 completed in 387ms,E104,Transaction {tx} completed in {time}ms
89359,2026-01-16,12:33:07,INFO,WebServer,Transaction tx585110 completed in 1459ms,E104,Transaction {tx} completed in {time}ms
89360,2026-01-16,12:23:09,INFO,WebServer,Page view: /home by u4109,E103,Page view: {page} by {user}
89361,2026-01-16,12:57:50,INFO,PaymentGateway,Health check passed: PaymentGateway,E102,Health check passed: {service}
89362,2026-01-16,12:28:28,INFO,WebServer,Page view: /home by u2093,E103,Page view: {page} by {user}
89363,2026-01-16,12:30:47,INFO,WebServer,Page view: /home by u1605,E103,Page view: {page} by {user}
89364,2026-01-16,12:49:44,INFO,InventoryDB,Page view: /home by u1845,E103,Page view: {page} by {user}
89365,2026-01-16,12:57:35,INFO,PaymentGateway,Page view: /home by u2828,E103,Page view: {page} by {user}
89366,2026-01-16,12:06:38,INFO,AuthService,User u3824 login successful,E101,User {user} login successful
89367,2026-01-16,12:44:53,INFO,WebServer,Page view: /home by u3200,E103,Page view: {page} by {user}
89368,2026-01-16,12:25:29,INFO,OrderProcessor,User u2403 login successful,E101,User {user} login successful
89369,2026-01-16,12:44:55,INFO,WebServer,Page view: /home by u3627,E103,Page view: {page} by {user}
89370,2026-01-16,12:07:35,INFO,PaymentGateway,Page view: /home by u1709,E103,Page view: {page} by {user}
89371,2026-01-16,12:12:50,INFO,OrderProcessor,Health check passed: OrderProcessor,E102,Health check passed: {service}
89372,2026-01-16,12:40:03,INFO,WebServer,Health check passed: WebServer,E102,Health check passed: {service}
89373,2026-01-16,12:39:13,INFO,AuthService,User u2548 login successful,E101,User {user} login successful
89374,2026-01-16,12:06:19,INFO,WebServer,Page view: /home by u2904,E103,Page view: {page} by {user}
89375,2026-01-16,12:54:09,INFO,WebServer,User u4554 login successful,E101,User {user} login successful
89376,2026-01-16,12:40:44,INFO,AuthService,Health check passed: AuthService,E102,Health check passed: {service}
89377,2026-01-16,12:57:05,INFO,WebServer,Health check passed: WebServer,E102,Health check passed: {service}
89378,2026-01-16,12:30:08,INFO,WebServer,Transaction tx232839 completed in 871ms,E104,Transaction {tx} completed in {time}ms
89379,2026-01-16,12:51:58,INFO,InventoryDB,Health check passed: InventoryDB,E102,Health check passed: {service}
89380,2026-01-16,12:57:35,WARN,OrderProcessor,Unauthorized access attempt from 10.0.0.88,E401,Unauthorized access attempt from {ip}
89381,2026-01-16,12:00:17,INFO,WebServer,Page view: /home by u2190,E103,Page view: {page} by {user}
89382,2026-01-16,12:46:50,INFO,PaymentGateway,User u1300 login successful,E101,User {user} login successful
89383,2026-01-16,12:15:16,INFO,WebServer,Health check passed: WebServer,E102,Health check passed: {service}
89384,2026-01-16,12:01:48,INFO,WebServer,Transaction tx914657 completed in 1828ms,E104,Transaction {tx} completed in {time}ms
89385,2026-01-16,12:27:17,INFO,WebServer,Page view: /home by u3965,E103,Page view: {page} by {user}
89386,2026-01-16,12:46:49,INFO,WebServer,Page view: /home by u1497,E103,Page view: {page} by {user}
89387,2026-01-16,12:36:19,INFO,WebServer,Page view: /home by u2046,E103,Page view: {page} by {user}
89388,2026-01-16,12:29:47,INFO,OrderProcessor,Page view: /home by u2971,E103,Page view: {page} by {user}
89389,2026-01-16,12:17:33,INFO,WebServer,User u3570 login successful,E101,User {user} login successful
89390,2026-01-16,12:04:43,INFO,AuthService,Transaction tx797448 completed in 1509ms,E104,Transaction {tx} completed in {time}ms
89391,2026-01-16,12:44:28,INFO,InventoryDB,Transaction tx918610 completed in 244ms,E104,Transaction {tx} completed in {time}ms
89392,2026-01-16,12:03:41,INFO,WebServer,Page view: /home by u1584,E103,Page view: {page} by {user}
89393,2026-01-16,12:32:46,ERROR,WebServer,Payment declined: Gateway unavailable,E503,Payment declined: Gateway unavailable
89394,2026-01-16,12:54:05,INFO,WebServer,Health check passed: WebServer,E102,Health check passed: {service}
89395,2026-01-16,12:15:00,INFO,PaymentGateway,Transaction tx414329 completed in 441ms,E104,Transaction {tx} completed in {time}ms
89396,2026-01-16,12:05:52,INFO,PaymentGateway,Page view: /home by u3145,E103,Page view: {page} by {user}
89397,2026-01-16,12:10:35,INFO,WebServer,Transaction tx577661 completed in 1395ms,E104,Transaction {tx} completed in {time}ms
89398,2026-01-16,12:13:55,INFO,InventoryDB,Health check passed: InventoryDB,E102,Health check passed: {service}
89399,2026-01-16,12:16:42,INFO,PaymentGateway,Transaction tx356039 completed in 1879ms,E104,Transaction {tx} completed in {time}ms
89400,2026-01-16,12:33:49,INFO,WebServer,Transaction tx995809 completed in 456ms,E104,Transaction {tx} completed in {time}ms
89401,2026-01-16,12:42:57,INFO,WebServer,Page view: /home by u1663,E103,Page view: {page} by {user}
89402,2026-01-16,12:41:38,INFO,WebServer,User u3790 login successful,E101,User {user} login successful
89403,2026-01-16,12:07:24,INFO,OrderProcessor,Transaction tx951196 completed in 1373ms,E104,Transaction {tx} completed in {time}ms
89404,2026-01-16,12:08:01,INFO,AuthService,Health check passed: AuthService,E102,Health check passed: {service}
89405,2026-01-16,12:21:43,INFO,WebServer,Health check passed: WebServer,E102,Health check passed: {service}
89406,2026-01-16,12:45:28,INFO,AuthService,Health check passed: AuthService,E102,Health check passed: {service}
89407,2026-01-16,12:29:58,INFO,OrderProcessor,Page view: /home by u3837,E103,Page view: {page} by {user}
89408,2026-01-16,12:15:20,INFO,WebServer,Health check passed: WebServer,E102,Health check passed: {service}
89409,2026-01-16,12:54:20,INFO,WebServer,Page view: /home by u3834,E103,Page view: {page} by {user}
89410,2026-01-16,12:50:27,INFO,WebServer,Transaction tx571300 completed in 381ms,E104,Transaction {tx} completed in {time}ms
89411,2026-01-16,12:26:42,INFO,PaymentGateway,Health check passed: PaymentGateway,E102,Health check passed: {service}
89412,2026-01-16,12:49:18,INFO,AuthService,Health check passed: AuthService,E102,Health check passed: {service}
89413,2026-01-16,12:20:23,INFO,WebServer,User u2631 login successful,E101,User {user} login successful
89414,2026-01-16,12:27:59,INFO,WebServer,Transaction tx736459 completed in 1812ms,E104,Transaction {tx} completed in {time}ms
89415,2026-01-16,12:53:02,INFO,WebServer,Transaction tx565720 completed in 856ms,E104,Transaction {tx} completed in {time}ms
89416,2026-01-16,12:46:41,INFO,WebServer,User u2012 login successful,E101,User {user} login successful
89417,2026-01-16,12:46:32,WARN,WebServer,Unauthorized access attempt from 10.0.0.45,E401,Unauthorized access attempt from {ip}
89418,2026-01-16,12:31:35,INFO,PaymentGateway,Transaction tx116845 completed in 1585ms,E104,Transaction {tx} completed in {time}ms
89419,2026-01-16,12:39:49,INFO,WebServer,Page view: /home by u3992,E103,Page view: {page} by {user}
89420,2026-01-16,12:57:30,INFO,OrderProcessor,Page view: /home by u1037,E103,Page view: {page} by {user}
89421,2026-01-16,12:47:25,INFO,WebServer,Page view: /home by u4861,E103,Page view: {page} by {user}
89422,2026-01-16,12:32:23,INFO,AuthService,Page view: /home by u1860,E103,Page view: {page} by {user}
89423,2026-01-16,12:44:11,INFO,WebServer,User u4054 login successful,E101,User {user} login successful
89424,2026-01-16,12:19:33,INFO,AuthService,Health check passed: AuthService,E102,Health check passed: {service}
89425,2026-01-16,12:05:35,INFO,WebServer,User u3118 login successful,E101,User {user} login successful
89426,2026-01-16,12:28:45,INFO,OrderProcessor,Page view: /home by u3805,E103,Page view: {page} by {user}
89427,2026-01-16,12:18:26,INFO,AuthService,User u4540 login successful,E101,User {user} login successful
89428,2026-01-16,12:57:16,INFO,WebServer,User u2907 login successful,E101,User {user} login successful
89429,2026-01-16,12:28:04,INFO,WebServer,Page view: /home by u3326,E103,Page view: {page} by {user}
89430,2026-01-16,12:37:00,INFO,WebServer,Health check passed: WebServer,E102,Health check passed: {service}
89431,2026-01-16,12:45:07,INFO,WebServer,Transaction tx197005 completed in 1438ms,E104,Transaction {tx} completed in {time}ms
89432,2026-01-16,12:07:20,INFO,PaymentGateway,User u2051 login successful,E101,User {user} login successful
89433,2026-01-16,12:18:53,INFO,AuthService,User u3625 login successful,E101,User {user} login successful
89434,2026-01-16,12:09:11,INFO,PaymentGateway,Page view: /home by u3934,E103,Page view: {page} by {user}
89435,2026-01-16,12:09:38,INFO,PaymentGateway,Page view: /home by u2804,E103,Page view: {page} by {user}
89436,2026-01-16,12:15:58,INFO,OrderProcessor,Health check passed: OrderProcessor,E102,Health check passed: {service}
89437,2026-01-16,12:19:35,INFO,AuthService,Page view: /home by u3621,E103,Page view: {page} by {user}
89438,2026-01-16,12:57:24,INFO,WebServer,Health check passed: WebServer,E102,Health check passed: {service}
89439,2026-01-16,12:37:25,INFO,WebServer,Health check passed: WebServer,E102,Health check passed: {service}
89440,2026-01-16,12:38:21,INFO,AuthService,Health check passed: AuthService,E102,Health check passed: {service}
89441,2026-01-16,12:23:44,INFO,OrderProcessor,User u4956 login successful,E101,User {user} login successful
89442,2026-01-16,12:28:20,INFO,AuthService,Page view: /home by u1262,E103,Page view: {page} by {user}
89443,2026-01-16,12:50:18,INFO,AuthService,Transaction tx912323 completed in 208ms,E104,Transaction {tx} completed in {time}ms
89444,2026-01-16,12:32:30,INFO,WebServer,Health check passed: WebServer,E102,Health check passed: {service}
89445,2026-01-16,12:09:16,INFO,WebServer,Transaction tx906537 completed in 976ms,E104,Transaction {tx} completed in {time}ms
89446,2026-01-16,12:20:36,INFO,AuthService,Transaction tx221599 completed in 1978ms,E104,Transaction {tx} completed in {time}ms
89447,2026-01-16,12:27:05,INFO,AuthService,User u1938 login successful,E101,User {user} login successful
89448,2026-01-16,12:20:12,INFO,WebServer,Health check passed: WebServer,E102,Health check passed: {service}
89449,2026-01-16,12:43:30,INFO,WebServer,User u2983 login successful,E101,User {user} login successful
89450,2026-01-16,12:21:14,INFO,PaymentGateway,User u3681 login successful,E101,User {user} login successful
89451,2026-01-16,12:39:42,INFO,OrderProcessor,Transaction tx133748 completed in 1627ms,E104,Transaction {tx} completed in {time}ms
89452,2026-01-16,12:51:55,INFO,OrderProcessor,Page view: /home by u3676,E103,Page view: {page} by {user}
89453,2026-01-16,12:16:49,INFO,OrderProcessor,User u1422 login successful,E101,User {user} login successful
89454,2026-01-16,12:05:47,INFO,WebServer,Health check passed: WebServer,E102,Health check passed: {service}
89455,2026-01-16,12:14:21,INFO,WebServer,Page view: /home by u2571,E103,Page view: {page} by {user}
89456,2026-01-16,12:57:36,INFO,WebServer,User u2827 login successful,E101,User {user} login successful
89457,2026-01-16,12:39:35,INFO,WebServer,Page view: /home by u4307,E103,Page view: {page} by {user}
89458,2026-01-16,12:30:26,INFO,WebServer,User u2989 login successful,E101,User {user} login successful
89459,2026-01-16,12:38:46,INFO,WebServer,Page view: /home by u2909,E103,Page view: {page} by {user}
89460,2026-01-16,12:38:51,INFO,WebServer,User u1782 login successful,E101,User {user} login successful
89461,2026-01-16,12:46:41,INFO,AuthService,Transaction tx530391 completed in 1742ms,E104,Transaction {tx} completed in {time}ms
89462,2026-01-16,12:43:27,INFO,WebServer,Transaction tx829461 completed in 1611ms,E104,Transaction {tx} completed in {time}ms
89463,2026-01-16,12:41:25,INFO,WebServer,Page view: /home by u3534,E103,Page view: {page} by {user}
89464,2026-01-16,12:41:21,ERROR,AuthService,Connection refused to AuthService at 10.0.0.45,E501,Connection refused to {service} at {ip}
89465,2026-01-16,12:57:57,INFO,WebServer,Page view: /home by u1929,E103,Page view: {page} by {user}
89466,2026-01-16,12:27:21,INFO,AuthService,Health check passed: AuthService,E102,Health check passed: {service}
89467,2026-01-16,12:31:32,INFO,PaymentGateway,Transaction tx485885 completed in 1624ms,E104,Transaction {tx} completed in {time}ms
89468,2026-01-16,12:36:57,INFO,PaymentGateway,User u3459 login successful,E101,User {user} login successful
89469,2026-01-16,12:35:42,INFO,WebServer,User u1638 login successful,E101,User {user} login successful
89470,2026-01-16,12:20:42,WARN,WebServer,Unauthorized access attempt from 10.0.0.45,E401,Unauthorized access attempt from {ip}
89471,2026-01-16,12:39:47,INFO,WebServer,Page view: /home by u3993,E103,Page view: {page} by {user}
89472,2026-01-16,12:50:56,INFO,WebServer,User u3314 login successful,E101,User {user} login successful
89473,2026-01-16,12:25:41,INFO,WebServer,Transaction tx408701 completed in 1922ms,E104,Transaction {tx} completed in {time}ms
89474,2026-01-16,12:14:06,INFO,AuthService,Transaction tx705850 completed in 1123ms,E104,Transaction {tx} completed in {time}ms
89475,2026-01-16,12:55:25,INFO,InventoryDB,User u1571 login successful,E101,User {user} login successful
89476,2026-01-16,12:56:08,INFO,AuthService,Health check passed: AuthService,E102,Health check passed: {service}
89477,2026-01-16,12:53:54,INFO,AuthService,User u1847 login successful,E101,User {user} login successful
89478,2026-01-16,12:47:47,INFO,WebServer,Transaction tx231097 completed in 740ms,E104,Transaction {tx} completed in {time}ms
89479,2026-01-16,12:07:09,INFO,PaymentGateway,User u2946 login successful,E101,User {user} login successful
89480,2026-01-16,12:06:14,INFO,WebServer,Page view: /home by u3940,E103,Page view: {page} by {user}
89481,2026-01-16,12:38:04,INFO,WebServer,User u3798 login successful,E101,User {user} login successful
89482,2026-01-16,12:07:53,INFO,AuthService,Page view: /home by u4532,E103,Page view: {page} by {user}
89483,2026-01-16,12:06:46,INFO,WebServer,Health check passed: WebServer,E102,Health check passed: {service}
89484,2026-01-16,12:21:27,INFO,OrderProcessor,Page view: /home by u2181,E103,Page view: {page} by {user}
89485,2026-01-16,12:02:59,INFO,WebServer,Transaction tx533434 completed in 1152ms,E104,Transaction {tx} completed in {time}ms
89486,2026-01-16,12:00:49,INFO,WebServer,Page view: /home by u2205,E103,Page view: {page} by {user}
89487,2026-01-16,12:34:22,INFO,WebServer,Page view: /home by u4262,E103,Page view: {page} by {user}
89488,2026-01-16,12:44:51,INFO,WebServer,Transaction tx663905 completed in 1971ms,E104,Transaction {tx} completed in {time}ms
89489,2026-01-16,12:13:12,INFO,WebServer,Page view: /home by u3647,E103,Page view: {page} by {user}
89490,2026-01-16,12:22:00,INFO,WebServer,Health check passed: WebServer,E102,Health check passed: {service}
89491,2026-01-16,12:51:41,INFO,WebServer,Page view: /home by u4421,E103,Page view: {page} by {user}
89492,2026-01-16,12:34:41,INFO,AuthService,Transaction tx231065 completed in 953ms,E104,Transaction {tx} completed in {time}ms
89493,2026-01-16,12:04:39,INFO,WebServer,Health check passed: WebServer,E102,Health check passed: {service}
89494,2026-01-16,12:53:46,INFO,WebServer,Health check passed: WebServer,E102,Health check passed: {service}
89495,2026-01-16,12:37:34,INFO,AuthService,Health check passed: AuthService,E102,Health check passed: {service}
89496,2026-01-16,12:21:10,INFO,OrderProcessor,Health check passed: OrderProcessor,E102,Health check passed: {service}
89497,2026-01-16,12:38:11,INFO,WebServer,Health check passed: WebServer,E102,Health check passed: {service}
89498,2026-01-16,12:30:30,INFO,WebServer,Health check passed: WebServer,E102,Health check passed: {service}
89499,2026-01-16,12:32:34,INFO,AuthService,User u2389 login successful,E101,User {user} login successful
89500,2026-01-16,12:53:12,INFO,WebServer,Page view: /home by u4790,E103,Page view: {page} by {user}
89501,2026-01-16,12:02:00,INFO,OrderProcessor,Page view: /home by u4023,E103,Page view: {page} by {user}
89502,2026-01-16,12:37:47,INFO,WebServer,Transaction tx832296 completed in 619ms,E104,Transaction {tx} completed in {time}ms
89503,2026-01-16,12:32:49,INFO,WebServer,Transaction tx848499 completed in 927ms,E104,Transaction {tx} completed in {time}ms
89504,2026-01-16,12:35:02,INFO,WebServer,Transaction tx608018 completed in 1522ms,E104,Transaction {tx} completed in {time}ms
89505,2026-01-16,12:14:16,INFO,OrderProcessor,User u2096 login successful,E101,User {user} login successful
89506,2026-01-16,12:21:23,INFO,WebServer,User u3621 login successful,E101,User {user} login successful
89507,2026-01-16,12:51:21,INFO,AuthService,Page view: /home by u3176,E103,Page view: {page} by {user}
89508,2026-01-16,12:33:39,INFO,WebServer,User u2322 login successful,E101,User {user} login successful
89509,2026-01-16,12:09:17,INFO,PaymentGateway,Transaction tx190479 completed in 1289ms,E104,Transaction {tx} completed in {time}ms
89510,2026-01-16,12:14:52,INFO,AuthService,Page view: /home by u2898,E103,Page view: {page} by {user}
89511,2026-01-16,12:25:47,INFO,InventoryDB,User u1539 login successful,E101,User {user} login successful
89512,2026-01-16,12:10:58,INFO,OrderProcessor,Health check passed: OrderProcessor,E102,Health check passed: {service}
89513,2026-01-16,12:56:33,INFO,WebServer,Page view: /home by u1956,E103,Page view: {page} by {user}
89514,2026-01-16,12:38:12,INFO,AuthService,Health check passed: AuthService,E102,Health check passed: {service}
89515,2026-01-16,12:43:48,INFO,OrderProcessor,Page view: /home by u1863,E103,Page view: {page} by {user}
89516,2026-01-16,12:13:14,INFO,AuthService,Transaction tx320177 completed in 46ms,E104,Transaction {tx} completed in {time}ms
89517,2026-01-16,12:45:52,INFO,WebServer,Transaction tx123140 completed in 1552ms,E104,Transaction {tx} completed in {time}ms
89518,2026-01-16,12:31:56,INFO,OrderProcessor,Health check passed: OrderProcessor,E102,Health check passed: {service}
89519,2026-01-16,12:18:46,INFO,PaymentGateway,User u4585 login successful,E101,User {user} login successful
89520,2026-01-16,12:18:42,INFO,WebServer,Page view: /home by u3665,E103,Page view: {page} by {user}
89521,2026-01-16,12:15:46,INFO,InventoryDB,Transaction tx963316 completed in 946ms,E104,Transaction {tx} completed in {time}ms
89522,2026-01-16,12:19:51,INFO,InventoryDB,User u3427 login successful,E101,User {user} login successful
89523,2026-01-16,12:27:46,INFO,WebServer,Health check passed: WebServer,E102,Health check passed: {service}
89524,2026-01-16,12:59:43,INFO,OrderProcessor,Health check passed: OrderProcessor,E102,Health check passed: {service}
89525,2026-01-16,12:28:49,INFO,WebServer,Transaction tx855259 completed in 745ms,E104,Transaction {tx} completed in {time}ms
89526,2026-01-16,12:07:53,INFO,OrderProcessor,Transaction tx692507 completed in 303ms,E104,Transaction {tx} completed in {time}ms
89527,2026-01-16,12:49:15,INFO,WebServer,Health check passed: WebServer,E102,Health check passed: {service}
89528,2026-01-16,12:54:59,INFO,WebServer,Health check passed: WebServer,E102,Health check passed: {service}
89529,2026-01-16,12:06:31,INFO,WebServer,Page view: /home by u1975,E103,Page view: {page} by {user}
89530,2026-01-16,12:50:44,INFO,WebServer,Health check passed: WebServer,E102,Health check passed: {service}
89531,2026-01-16,12:09:00,INFO,AuthService,Transaction tx498238 completed in 420ms,E104,Transaction {tx} completed in {time}ms
89532,2026-01-16,12:46:36,INFO,WebServer,User u4083 login successful,E101,User {user} login successful
89533,2026-01-16,12:06:09,INFO,InventoryDB,User u2929 login successful,E101,User {user} login successful
89534,2026-01-16,12:50:55,INFO,OrderProcessor,Health check passed: OrderProcessor,E102,Health check passed: {service}
89535,2026-01-16,12:55:57,INFO,PaymentGateway,Page view: /home by u1525,E103,Page view: {page} by {user}
89536,2026-01-16,12:03:37,INFO,AuthService,Health check passed: AuthService,E102,Health check passed: {service}
89537,2026-01-16,12:09:53,INFO,WebServer,Page view: /home by u2484,E103,Page view: {page} by {user}
89538,2026-01-16,12:30:01,INFO,WebServer,Transaction tx617823 completed in 859ms,E104,Transaction {tx} completed in {time}ms
89539,2026-01-16,12:25:26,INFO,AuthService,User u1083 login successful,E101,User {user} login successful
89540,2026-01-16,12:51:38,INFO,WebServer,Health check passed: WebServer,E102,Health check passed: {service}
89541,2026-01-16,12:45:34,INFO,OrderProcessor,Page view: /home by u4964,E103,Page view: {page} by {user}
89542,2026-01-16,12:30:04,INFO,WebServer,User u1733 login successful,E101,User {user} login successful
89543,2026-01-16,12:38:15,INFO,WebServer,User u4703 login successful,E101,User {user} login successful
89544,2026-01-16,12:32:08,INFO,WebServer,Transaction tx285576 completed in 715ms,E104,Transaction {tx} completed in {time}ms
89545,2026-01-16,12:08:11,INFO,PaymentGateway,Health check passed: PaymentGateway,E102,Health check passed: {service}
89546,2026-01-16,12:26:00,INFO,AuthService,User u1645 login successful,E101,User {user} login successful
89547,2026-01-16,12:54:07,INFO,WebServer,Transaction tx338895 completed in 1384ms,E104,Transaction {tx} completed in {time}ms
89548,2026-01-16,12:16:53,INFO,WebServer,Page view: /home by u4842,E103,Page view: {page} by {user}
89549,2026-01-16,12:48:59,INFO,WebServer,Page view: /home by u4641,E103,Page view: {page} by {user}
89550,2026-01-16,12:45:47,INFO,InventoryDB,Health check passed: InventoryDB,E102,Health check passed: {service}
89551,2026-01-16,12:04:45,INFO,WebServer,Health check passed: WebServer,E102,Health check passed: {service}
89552,2026-01-16,12:54:50,INFO,AuthService,Page view: /home by u4510,E103,Page view: {page} by {user}
89553,2026-01-16,12:16:38,INFO,AuthService,Health check passed: AuthService,E102,Health check passed: {service}
89554,2026-01-16,12:25:54,INFO,WebServer,Page view: /home by u3933,E103,Page view: {page} by {user}
89555,2026-01-16,12:46:02,INFO,PaymentGateway,Page view: /home by u4337,E103,Page view: {page} by {user}
89556,2026-01-16,12:45:24,INFO,PaymentGateway,Page view: /home by u4518,E103,Page view: {page} by {user}
89557,2026-01-16,12:35:42,INFO,OrderProcessor,Health check passed: OrderProcessor,E102,Health check passed: {service}
89558,2026-01-16,12:08:33,INFO,WebServer,Health check passed: WebServer,E102,Health check passed: {service}
89559,2026-01-16,12:41:22,INFO,AuthService,Transaction tx981046 completed in 1579ms,E104,Transaction {tx} completed in {time}ms
89560,2026-01-16,12:05:28,INFO,WebServer,User u3221 login successful,E101,User {user} login successful
89561,2026-01-16,12:18:55,INFO,WebServer,Page view: /home by u1862,E103,Page view: {page} by {user}
89562,2026-01-16,12:08:54,INFO,WebServer,Page view: /home by u4974,E103,Page view: {page} by {user}
89563,2026-01-16,12:27:17,INFO,WebServer,Health check passed: WebServer,E102,Health check passed: {service}
89564,2026-01-16,12:41:24,INFO,WebServer,Health check passed: WebServer,E102,Health check passed: {service}
89565,2026-01-16,12:11:46,INFO,WebServer,User u2162 login successful,E101,User {user} login successful
89566,2026-01-16,12:29:51,ERROR,AuthService,Payment declined: Gateway unavailable,E503,Payment declined: Gateway unavailable
89567,2026-01-16,12:40:58,INFO,OrderProcessor,Health check passed: OrderProcessor,E102,Health check passed: {service}
89568,2026-01-16,12:39:48,INFO,PaymentGateway,Transaction tx550744 completed in 1353ms,E104,Transaction {tx} completed in {time}ms
89569,2026-01-16,12:45:40,INFO,AuthService,Health check passed: AuthService,E102,Health check passed: {service}
89570,2026-01-16,12:36:26,INFO,AuthService,Page view: /home by u2297,E103,Page view: {page} by {user}
89571,2026-01-16,12:11:04,INFO,WebServer,Health check passed: WebServer,E102,Health check passed: {service}
89572,2026-01-16,12:09:56,INFO,AuthService,Transaction tx320024 completed in 1209ms,E104,Transaction {tx} completed in {time}ms
89573,2026-01-16,12:43:25,INFO,PaymentGateway,Page view: /home by u2469,E103,Page view: {page} by {user}
89574,2026-01-16,12:31:17,INFO,WebServer,Health check passed: WebServer,E102,Health check passed: {service}
89575,2026-01-16,12:37:49,INFO,AuthService,Transaction tx479391 completed in 245ms,E104,Transaction {tx} completed in {time}ms
89576,2026-01-16,12:21:11,INFO,WebServer,Health check passed: WebServer,E102,Health check passed: {service}
89577,2026-01-16,12:51:19,INFO,OrderProcessor,User u1777 login successful,E101,User {user} login successful
89578,2026-01-16,12:55:55,INFO,AuthService,Transaction tx797220 completed in 501ms,E104,Transaction {tx} completed in {time}ms
89579,2026-01-16,12:26:41,INFO,WebServer,Transaction tx515796 completed in 1896ms,E104,Transaction {tx} completed in {time}ms
89580,2026-01-16,12:48:24,INFO,PaymentGateway,Health check passed: PaymentGateway,E102,Health check passed: {service}
89581,2026-01-16,12:56:57,WARN,WebServer,High latency (631ms) detected on WebServer,E201,High latency ({time}ms) detected on {service}
89582,2026-01-16,12:52:47,INFO,WebServer,Transaction tx548285 completed in 366ms,E104,Transaction {tx} completed in {time}ms
89583,2026-01-16,12:56:33,INFO,WebServer,User u4192 login successful,E101,User {user} login successful
89584,2026-01-16,12:09:43,INFO,WebServer,Health check passed: WebServer,E102,Health check passed: {service}
89585,2026-01-16,12:24:15,INFO,WebServer,Transaction tx438130 completed in 66ms,E104,Transaction {tx} completed in {time}ms
89586,2026-01-16,12:47:56,INFO,WebServer,User u3723 login successful,E101,User {user} login successful
89587,2026-01-16,12:21:40,INFO,WebServer,Page view: /home by u4442,E103,Page view: {page} by {user}
89588,2026-01-16,12:15:56,INFO,PaymentGateway,Health check passed: PaymentGateway,E102,Health check passed: {service}
89589,2026-01-16,12:26:47,INFO,WebServer,Health check passed: WebServer,E102,Health check passed: {service}
89590,2026-01-16,12:17:08,INFO,WebServer,Page view: /home by u1485,E103,Page view: {page} by {user}
89591,2026-01-16,12:01:10,INFO,WebServer,Page view: /home by u2771,E103,Page view: {page} by {user}
89592,2026-01-16,12:27:06,INFO,OrderProcessor,Health check passed: OrderProcessor,E102,Health check passed: {service}
89593,2026-01-16,12:42:28,INFO,PaymentGateway,User u3542 login successful,E101,User {user} login successful
89594,2026-01-16,12:42:16,WARN,AuthService,Unauthorized access attempt from 10.0.0.45,E401,Unauthorized access attempt from {ip}
89595,2026-01-16,12:33:44,INFO,OrderProcessor,Page view: /home by u1975,E103,Page view: {page} by {user}
89596,2026-01-16,12:18:30,INFO,OrderProcessor,User u1747 login successful,E101,User {user} login successful
89597,2026-01-16,12:42:55,INFO,PaymentGateway,Health check passed: PaymentGateway,E102,Health check passed: {service}
89598,2026-01-16,12:35:00,INFO,WebServer,Transaction tx507928 completed in 1658ms,E104,Transaction {tx} completed in {time}ms
89599,2026-01-16,12:39:43,INFO,PaymentGateway,Transaction tx459841 completed in 1946ms,E104,Transaction {tx} completed in {time}ms
89600,2026-01-16,12:04:01,INFO,WebServer,Health check passed: WebServer,E102,Health check passed: {service}
89601,2026-01-16,12:58:58,INFO,WebServer,User u1557 login successful,E101,User {user} login successful
89602,2026-01-16,12:51:00,INFO,WebServer,Page view: /home by u3612,E103,Page view: {page} by {user}
89603,2026-01-16,12:58:45,INFO,InventoryDB,Page view: /home by u1068,E103,Page view: {page} by {user}
89604,2026-01-16,12:15:38,INFO,WebServer,Page view: /home by u3652,E103,Page view: {page} by {user}
89605,2026-01-16,12:31:27,INFO,OrderProcessor,Page view: /home by u4137,E103,Page view: {page} by {user}
89606,2026-01-16,12:02:01,INFO,WebServer,Transaction tx991550 completed in 1419ms,E104,Transaction {tx} completed in {time}ms
89607,2026-01-16,12:05:21,INFO,OrderProcessor,User u1542 login successful,E101,User {user} login successful
89608,2026-01-16,12:11:15,INFO,WebServer,User u3876 login successful,E101,User {user} login successful
89609,2026-01-16,12:13:13,INFO,WebServer,User u3278 login successful,E101,User {user} login successful
89610,2026-01-16,12:52:19,INFO,PaymentGateway,Page view: /home by u4442,E103,Page view: {page} by {user}
89611,2026-01-16,12:33:14,INFO,WebServer,Transaction tx606329 completed in 691ms,E104,Transaction {tx} completed in {time}ms
89612,2026-01-16,12:46:45,INFO,OrderProcessor,Health check passed: OrderProcessor,E102,Health check passed: {service}
89613,2026-01-16,12:05:13,INFO,PaymentGateway,Page view: /home by u1419,E103,Page view: {page} by {user}
89614,2026-01-16,12:36:43,INFO,WebServer,Page view: /home by u2119,E103,Page view: {page} by {user}
89615,2026-01-16,12:52:27,INFO,OrderProcessor,Transaction tx747881 completed in 866ms,E104,Transaction {tx} completed in {time}ms
89616,2026-01-16,12:14:32,INFO,WebServer,Health check passed: WebServer,E102,Health check passed: {service}
89617,2026-01-16,12:09:33,INFO,PaymentGateway,Transaction tx349143 completed in 302ms,E104,Transaction {tx} completed in {time}ms
89618,2026-01-16,12:58:03,INFO,AuthService,Transaction tx809868 completed in 1014ms,E104,Transaction {tx} completed in {time}ms
89619,2026-01-16,12:34:16,INFO,WebServer,Page view: /home by u3216,E103,Page view: {page} by {user}
89620,2026-01-16,12:19:54,INFO,AuthService,Transaction tx360952 completed in 866ms,E104,Transaction {tx} completed in {time}ms
89621,2026-01-16,12:04:06,WARN,AuthService,High latency (1801ms) detected on AuthService,E201,High latency ({time}ms) detected on {service}
89622,2026-01-16,12:51:02,INFO,PaymentGateway,Health check passed: PaymentGateway,E102,Health check passed: {service}
89623,2026-01-16,12:19:53,INFO,WebServer,Health check passed: WebServer,E102,Health check passed: {service}
89624,2026-01-16,12:16:30,INFO,WebServer,Transaction tx593075 completed in 1435ms,E104,Transaction {tx} completed in {time}ms
89625,2026-01-16,12:55:34,INFO,WebServer,Page view: /home by u4228,E103,Page view: {page} by {user}
89626,2026-01-16,12:12:10,INFO,WebServer,Transaction tx756412 completed in 1526ms,E104,Transaction {tx} completed in {time}ms
89627,2026-01-16,12:02:39,INFO,WebServer,User u3722 login successful,E101,User {user} login successful
89628,2026-01-16,12:41:20,INFO,WebServer,Health check passed: WebServer,E102,Health check passed: {service}
89629,2026-01-16,12:18:48,INFO,WebServer,User u2457 login successful,E101,User {user} login successful
89630,2026-01-16,12:50:26,INFO,PaymentGateway,User u3086 login successful,E101,User {user} login successful
89631,2026-01-16,12:56:14,INFO,WebServer,User u4935 login successful,E101,User {user} login successful
89632,2026-01-16,12:27:32,INFO,OrderProcessor,Health check passed: OrderProcessor,E102,Health check passed: {service}
89633,2026-01-16,12:11:11,INFO,OrderProcessor,User u1906 login successful,E101,User {user} login successful
89634,2026-01-16,12:04:44,INFO,WebServer,Page view: /home by u4622,E103,Page view: {page} by {user}
89635,2026-01-16,12:30:37,INFO,WebServer,Transaction tx154233 completed in 544ms,E104,Transaction {tx} completed in {time}ms
89636,2026-01-16,12:35:17,INFO,AuthService,Transaction tx206926 completed in 1194ms,E104,Transaction {tx} completed in {time}ms
89637,2026-01-16,12:01:14,INFO,WebServer,Page view: /home by u3214,E103,Page view: {page} by {user}
89638,2026-01-16,12:27:23,INFO,OrderProcessor,Transaction tx318494 completed in 964ms,E104,Transaction {tx} completed in {time}ms
89639,2026-01-16,12:10:55,INFO,WebServer,Health check passed: WebServer,E102,Health check passed: {service}
89640,2026-01-16,12:35:51,INFO,PaymentGateway,Transaction tx395715 completed in 1013ms,E104,Transaction {tx} completed in {time}ms
89641,2026-01-16,12:32:46,INFO,WebServer,User u2405 login successful,E101,User {user} login successful
89642,2026-01-16,12:08:31,INFO,WebServer,Transaction tx317313 completed in 1724ms,E104,Transaction {tx} completed in {time}ms
89643,2026-01-16,12:59:18,INFO,OrderProcessor,Page view: /home by u2389,E103,Page view: {page} by {user}
89644,2026-01-16,12:26:38,INFO,WebServer,Health check passed: WebServer,E102,Health check passed: {service}
89645,2026-01-16,12:01:37,INFO,WebServer,Health check passed: WebServer,E102,Health check passed: {service}
89646,2026-01-16,12:58:31,INFO,WebServer,Health check passed: WebServer,E102,Health check passed: {service}
89647,2026-01-16,12:40:04,INFO,OrderProcessor,Health check passed: OrderProcessor,E102,Health check passed: {service}
89648,2026-01-16,12:22:42,INFO,AuthService,User u2562 login successful,E101,User {user} login successful
89649,2026-01-16,12:52:10,INFO,OrderProcessor,Transaction tx757398 completed in 1187ms,E104,Transaction {tx} completed in {time}ms
89650,2026-01-16,12:33:51,INFO,WebServer,Page view: /home by u3196,E103,Page view: {page} by {user}
89651,2026-01-16,12:26:21,INFO,WebServer,User u2341 login successful,E101,User {user} login successful
89652,2026-01-16,12:57:21,INFO,OrderProcessor,Page view: /home by u1069,E103,Page view: {page} by {user}
89653,2026-01-16,12:50:42,INFO,WebServer,Transaction tx772788 completed in 1979ms,E104,Transaction {tx} completed in {time}ms
89654,2026-01-16,12:49:31,INFO,WebServer,User u1196 login successful,E101,User {user} login successful
89655,2026-01-16,12:48:17,INFO,WebServer,Transaction tx364798 completed in 1136ms,E104,Transaction {tx} completed in {time}ms
89656,2026-01-16,12:25:43,INFO,AuthService,Health check passed: AuthService,E102,Health check passed: {service}
89657,2026-01-16,12:32:14,INFO,WebServer,Transaction tx272832 completed in 1983ms,E104,Transaction {tx} completed in {time}ms
89658,2026-01-16,12:03:12,INFO,WebServer,Transaction tx909789 completed in 986ms,E104,Transaction {tx} completed in {time}ms
89659,2026-01-16,12:28:22,INFO,WebServer,Page view: /home by u2295,E103,Page view: {page} by {user}
89660,2026-01-16,12:35:11,INFO,WebServer,Health check passed: WebServer,E102,Health check passed: {service}
89661,2026-01-16,12:51:26,INFO,WebServer,User u4508 login successful,E101,User {user} login successful
89662,2026-01-16,12:54:27,INFO,OrderProcessor,Page view: /home by u3872,E103,Page view: {page} by {user}
89663,2026-01-16,12:08:23,INFO,WebServer,Transaction tx109510 completed in 172ms,E104,Transaction {tx} completed in {time}ms
89664,2026-01-16,12:12:02,INFO,WebServer,Transaction tx920629 completed in 1677ms,E104,Transaction {tx} completed in {time}ms
89665,2026-01-16,12:37:47,INFO,OrderProcessor,User u2697 login successful,E101,User {user} login successful
89666,2026-01-16,12:17:59,INFO,WebServer,Page view: /home by u3307,E103,Page view: {page} by {user}
89667,2026-01-16,12:38:32,INFO,WebServer,Health check passed: WebServer,E102,Health check passed: {service}
89668,2026-01-16,12:31:23,INFO,PaymentGateway,Page view: /home by u2153,E103,Page view: {page} by {user}
89669,2026-01-16,12:13:54,INFO,WebServer,Page view: /home by u3476,E103,Page view: {page} by {user}
89670,2026-01-16,12:47:21,INFO,WebServer,User u2201 login successful,E101,User {user} login successful
89671,2026-01-16,12:32:30,INFO,WebServer,User u4976 login successful,E101,User {user} login successful
89672,2026-01-16,12:58:53,WARN,AuthService,Disk usage > 85% on node node-2,E202,Disk usage > 85% on node {node}
89673,2026-01-16,12:45:16,INFO,WebServer,User u4546 login successful,E101,User {user} login successful
89674,2026-01-16,12:04:12,INFO,WebServer,User u3902 login successful,E101,User {user} login successful
89675,2026-01-16,12:23:47,INFO,WebServer,Transaction tx566319 completed in 420ms,E104,Transaction {tx} completed in {time}ms
89676,2026-01-16,12:38:25,INFO,AuthService,Transaction tx452960 completed in 210ms,E104,Transaction {tx} completed in {time}ms
89677,2026-01-16,12:49:57,INFO,WebServer,Health check passed: WebServer,E102,Health check passed: {service}
89678,2026-01-16,12:12:03,INFO,InventoryDB,Page view: /home by u4343,E103,Page view: {page} by {user}
89679,2026-01-16,12:39:46,INFO,WebServer,User u1048 login successful,E101,User {user} login successful
89680,2026-01-16,12:00:25,WARN,WebServer,High latency (917ms) detected on WebServer,E201,High latency ({time}ms) detected on {service}
89681,2026-01-16,12:41:47,INFO,WebServer,Page view: /home by u4285,E103,Page view: {page} by {user}
89682,2026-01-16,12:23:52,INFO,OrderProcessor,Health check passed: OrderProcessor,E102,Health check passed: {service}
89683,2026-01-16,12:53:51,INFO,WebServer,User u4060 login successful,E101,User {user} login successful
89684,2026-01-16,12:48:50,INFO,WebServer,Page view: /home by u1006,E103,Page view: {page} by {user}
89685,2026-01-16,12:58:29,INFO,AuthService,Health check passed: AuthService,E102,Health check passed: {service}
89686,2026-01-16,12:20:13,INFO,WebServer,Page view: /home by u4218,E103,Page view: {page} by {user}
89687,2026-01-16,12:03:02,WARN,AuthService,Unauthorized access attempt from 10.0.0.45,E401,Unauthorized access attempt from {ip}
89688,2026-01-16,12:03:49,INFO,WebServer,User u3071 login successful,E101,User {user} login successful
89689,2026-01-16,12:53:55,INFO,PaymentGateway,Health check passed: PaymentGateway,E102,Health check passed: {service}
89690,2026-01-16,12:30:26,INFO,AuthService,Health check passed: AuthService,E102,Health check passed: {service}
89691,2026-01-16,12:35:31,INFO,WebServer,Health check passed: WebServer,E102,Health check passed: {service}
89692,2026-01-16,12:03:40,INFO,OrderProcessor,Transaction tx135623 completed in 1956ms,E104,Transaction {tx} completed in {time}ms
89693,2026-01-16,12:47:08,INFO,AuthService,Health check passed: AuthService,E102,Health check passed: {service}
89694,2026-01-16,12:31:31,INFO,AuthService,Page view: /home by u3881,E103,Page view: {page} by {user}
89695,2026-01-16,12:11:23,INFO,WebServer,Health check passed: WebServer,E102,Health check passed: {service}
89696,2026-01-16,12:59:46,INFO,WebServer,User u3761 login successful,E101,User {user} login successful
89697,2026-01-16,12:56:58,ERROR,OrderProcessor,Payment declined: Gateway unavailable,E503,Payment declined: Gateway unavailable
89698,2026-01-16,12:09:03,INFO,WebServer,Transaction tx389940 completed in 423ms,E104,Transaction {tx} completed in {time}ms
89699,2026-01-16,12:45:33,INFO,WebServer,Transaction tx530881 completed in 341ms,E104,Transaction {tx} completed in {time}ms
89700,2026-01-16,12:01:16,INFO,OrderProcessor,User u3585 login successful,E101,User {user} login successful
89701,2026-01-16,12:32:44,INFO,WebServer,Page view: /home by u1013,E103,Page view: {page} by {user}
89702,2026-01-16,12:08:15,INFO,WebServer,User u4400 login successful,E101,User {user} login successful
89703,2026-01-16,12:07:01,INFO,OrderProcessor,Transaction tx789207 completed in 199ms,E104,Transaction {tx} completed in {time}ms
89704,2026-01-16,12:14:12,INFO,WebServer,Transaction tx672782 completed in 504ms,E104,Transaction {tx} completed in {time}ms
89705,2026-01-16,12:05:35,INFO,WebServer,Page view: /home by u2398,E103,Page view: {page} by {user}
89706,2026-01-16,13:29:52,INFO,PaymentGateway,Page view: /home by u2846,E103,Page view: {page} by {user}
89707,2026-01-16,13:36:39,INFO,WebServer,Page view: /home by u3730,E103,Page view: {page} by {user}
89708,2026-01-16,13:45:03,INFO,PaymentGateway,User u4270 login successful,E101,User {user} login successful
89709,2026-01-16,13:37:48,INFO,AuthService,Transaction tx930162 completed in 979ms,E104,Transaction {tx} completed in {time}ms
89710,2026-01-16,13:20:50,INFO,AuthService,Health check passed: AuthService,E102,Health check passed: {service}
89711,2026-01-16,13:52:50,INFO,AuthService,User u2318 login successful,E101,User {user} login successful
89712,2026-01-16,13:14:23,INFO,AuthService,Transaction tx995287 completed in 1501ms,E104,Transaction {tx} completed in {time}ms
89713,2026-01-16,13:49:06,INFO,WebServer,User u3445 login successful,E101,User {user} login successful
89714,2026-01-16,13:36:01,INFO,WebServer,Health check passed: WebServer,E102,Health check passed: {service}
89715,2026-01-16,13:24:25,INFO,WebServer,Health check passed: WebServer,E102,Health check passed: {service}
89716,2026-01-16,13:30:29,WARN,OrderProcessor,Disk usage > 85% on node node-5,E202,Disk usage > 85% on node {node}
89717,2026-01-16,13:08:23,INFO,WebServer,Transaction tx306254 completed in 255ms,E104,Transaction {tx} completed in {time}ms
89718,2026-01-16,13:47:39,INFO,WebServer,Page view: /home by u2875,E103,Page view: {page} by {user}
89719,2026-01-16,13:08:53,INFO,OrderProcessor,User u2409 login successful,E101,User {user} login successful
89720,2026-01-16,13:33:19,INFO,PaymentGateway,Page view: /home by u3334,E103,Page view: {page} by {user}
89721,2026-01-16,13:00:25,INFO,OrderProcessor,Health check passed: OrderProcessor,E102,Health check passed: {service}
89722,2026-01-16,13:53:55,INFO,AuthService,Health check passed: AuthService,E102,Health check passed: {service}
89723,2026-01-16,13:16:29,WARN,AuthService,Disk usage > 85% on node node-3,E202,Disk usage > 85% on node {node}
89724,2026-01-16,13:27:26,INFO,WebServer,User u2192 login successful,E101,User {user} login successful
89725,2026-01-16,13:14:49,WARN,WebServer,Disk usage > 85% on node node-3,E202,Disk usage > 85% on node {node}
89726,2026-01-16,13:55:09,INFO,OrderProcessor,User u4561 login successful,E101,User {user} login successful
89727,2026-01-16,13:12:27,INFO,OrderProcessor,Health check passed: OrderProcessor,E102,Health check passed: {service}
89728,2026-01-16,13:12:01,INFO,WebServer,Page view: /home by u1714,E103,Page view: {page} by {user}
89729,2026-01-16,13:53:48,WARN,AuthService,Unauthorized access attempt from 10.0.0.45,E401,Unauthorized access attempt from {ip}
89730,2026-01-16,13:24:10,INFO,WebServer,Health check passed: WebServer,E102,Health check passed: {service}
89731,2026-01-16,13:16:32,WARN,AuthService,High latency (1335ms) detected on AuthService,E201,High latency ({time}ms) detected on {service}
89732,2026-01-16,13:06:22,INFO,PaymentGateway,Transaction tx669173 completed in 1900ms,E104,Transaction {tx} completed in {time}ms
89733,2026-01-16,13:18:12,WARN,AuthService,High latency (1811ms) detected on AuthService,E201,High latency ({time}ms) detected on {service}
89734,2026-01-16,13:25:03,INFO,WebServer,User u3853 login successful,E101,User {user} login successful
89735,2026-01-16,13:23:01,INFO,InventoryDB,User u4954 login successful,E101,User {user} login successful
89736,2026-01-16,13:15:21,INFO,PaymentGateway,User u2840 login successful,E101,User {user} login successful
89737,2026-01-16,13:52:05,INFO,PaymentGateway,User u2250 login successful,E101,User {user} login successful
89738,2026-01-16,13:52:23,INFO,OrderProcessor,User u3648 login successful,E101,User {user} login successful
89739,2026-01-16,13:46:01,INFO,InventoryDB,Page view: /home by u3825,E103,Page view: {page} by {user}
89740,2026-01-16,13:52:55,INFO,WebServer,Health check passed: WebServer,E102,Health check passed: {service}
89741,2026-01-16,13:57:01,WARN,WebServer,High latency (1344ms) detected on WebServer,E201,High latency ({time}ms) detected on {service}
89742,2026-01-16,13:03:15,WARN,WebServer,High latency (1898ms) detected on WebServer,E201,High latency ({time}ms) detected on {service}
89743,2026-01-16,13:19:11,INFO,AuthService,User u4220 login successful,E101,User {user} login successful
89744,2026-01-16,13:24:17,INFO,AuthService,Health check passed: AuthService,E102,Health check passed: {service}
89745,2026-01-16,13:01:01,INFO,WebServer,Transaction tx830215 completed in 567ms,E104,Transaction {tx} completed in {time}ms
89746,2026-01-16,13:48:14,WARN,WebServer,Disk usage > 85% on node node-5,E202,Disk usage > 85% on node {node}
89747,2026-01-16,13:35:24,INFO,AuthService,Health check passed: AuthService,E102,Health check passed: {service}
89748,2026-01-16,13:40:19,INFO,WebServer,Transaction tx998633 completed in 1314ms,E104,Transaction {tx} completed in {time}ms
89749,2026-01-16,13:54:48,INFO,WebServer,Health check passed: WebServer,E102,Health check passed: {service}
89750,2026-01-16,13:04:19,INFO,WebServer,Page view: /home by u4131,E103,Page view: {page} by {user}
89751,2026-01-16,13:27:35,INFO,OrderProcessor,Transaction tx320154 completed in 458ms,E104,Transaction {tx} completed in {time}ms
89752,2026-01-16,13:52:23,INFO,WebServer,User u2383 login successful,E101,User {user} login successful
89753,2026-01-16,13:34:53,INFO,AuthService,Health check passed: AuthService,E102,Health check passed: {service}
89754,2026-01-16,13:01:36,INFO,WebServer,User u4612 login successful,E101,User {user} login successful
89755,2026-01-16,13:00:05,INFO,OrderProcessor,User u2566 login successful,E101,User {user} login successful
89756,2026-01-16,13:45:20,INFO,WebServer,User u1273 login successful,E101,User {user} login successful
89757,2026-01-16,13:35:48,CRITICAL,InventoryDB,KERNEL PANIC: Node node-1 crashed,E601,KERNEL PANIC: Node {node} crashed
89758,2026-01-16,13:00:54,INFO,WebServer,Transaction tx783233 completed in 1168ms,E104,Transaction {tx} completed in {time}ms
89759,2026-01-16,13:07:58,INFO,AuthService,Health check passed: AuthService,E102,Health check passed: {service}
89760,2026-01-16,13:50:31,INFO,AuthService,Health check passed: AuthService,E102,Health check passed: {service}
89761,2026-01-16,13:23:01,INFO,WebServer,Transaction tx341301 completed in 742ms,E104,Transaction {tx} completed in {time}ms
89762,2026-01-16,13:32:23,INFO,WebServer,Transaction tx127733 completed in 1042ms,E104,Transaction {tx} completed in {time}ms
89763,2026-01-16,13:37:59,INFO,OrderProcessor,Health check passed: OrderProcessor,E102,Health check passed: {service}
89764,2026-01-16,13:48:19,INFO,AuthService,Page view: /home by u4368,E103,Page view: {page} by {user}
89765,2026-01-16,13:17:25,ERROR,WebServer,Connection refused to WebServer at 10.0.0.88,E501,Connection refused to {service} at {ip}
89766,2026-01-16,13:31:34,INFO,PaymentGateway,Health check passed: PaymentGateway,E102,Health check passed: {service}
89767,2026-01-16,13:05:34,INFO,AuthService,User u1602 login successful,E101,User {user} login successful
89768,2026-01-16,13:49:17,INFO,AuthService,Transaction tx580683 completed in 1718ms,E104,Transaction {tx} completed in {time}ms
89769,2026-01-16,13:17:40,INFO,PaymentGateway,User u2242 login successful,E101,User {user} login successful
89770,2026-01-16,13:37:11,INFO,WebServer,Transaction tx596190 completed in 1858ms,E104,Transaction {tx} completed in {time}ms
89771,2026-01-16,13:01:21,INFO,WebServer,User u1143 login successful,E101,User {user} login successful
89772,2026-01-16,13:20:09,INFO,WebServer,Page view: /home by u1552,E103,Page view: {page} by {user}
89773,2026-01-16,13:25:23,INFO,OrderProcessor,Page view: /home by u1657,E103,Page view: {page} by {user}
89774,2026-01-16,13:00:36,INFO,WebServer,Page view: /home by u4869,E103,Page view: {page} by {user}
89775,2026-01-16,13:33:52,INFO,OrderProcessor,Transaction tx989577 completed in 1947ms,E104,Transaction {tx} completed in {time}ms
89776,2026-01-16,13:07:46,INFO,WebServer,User u1216 login successful,E101,User {user} login successful
89777,2026-01-16,13:48:38,INFO,OrderProcessor,Page view: /home by u3391,E103,Page view: {page} by {user}
89778,2026-01-16,13:50:04,INFO,PaymentGateway,Health check passed: PaymentGateway,E102,Health check passed: {service}
89779,2026-01-16,13:33:30,INFO,AuthService,Transaction tx627595 completed in 1725ms,E104,Transaction {tx} completed in {time}ms
89780,2026-01-16,13:19:18,INFO,OrderProcessor,Health check passed: OrderProcessor,E102,Health check passed: {service}
89781,2026-01-16,13:18:32,INFO,WebServer,Health check passed: WebServer,E102,Health check passed: {service}
89782,2026-01-16,13:23:50,INFO,WebServer,User u1194 login successful,E101,User {user} login successful
89783,2026-01-16,13:48:39,INFO,OrderProcessor,Transaction tx536820 completed in 696ms,E104,Transaction {tx} completed in {time}ms
89784,2026-01-16,13:11:30,WARN,WebServer,Unauthorized access attempt from 10.0.0.45,E401,Unauthorized access attempt from {ip}
89785,2026-01-16,13:19:25,INFO,WebServer,Health check passed: WebServer,E102,Health check passed: {service}
89786,2026-01-16,13:57:46,INFO,OrderProcessor,Transaction tx926984 completed in 713ms,E104,Transaction {tx} completed in {time}ms
89787,2026-01-16,13:49:08,INFO,AuthService,Page view: /home by u3197,E103,Page view: {page} by {user}
89788,2026-01-16,13:12:47,INFO,PaymentGateway,User u1034 login successful,E101,User {user} login successful
89789,2026-01-16,13:28:26,INFO,AuthService,Transaction tx457435 completed in 1662ms,E104,Transaction {tx} completed in {time}ms
89790,2026-01-16,13:49:06,INFO,WebServer,Page view: /home by u3391,E103,Page view: {page} by {user}
89791,2026-01-16,13:36:58,INFO,AuthService,User u2832 login successful,E101,User {user} login successful
89792,2026-01-16,13:54:24,INFO,WebServer,Transaction tx763044 completed in 1175ms,E104,Transaction {tx} completed in {time}ms
89793,2026-01-16,13:40:03,INFO,WebServer,Transaction tx405164 completed in 1419ms,E104,Transaction {tx} completed in {time}ms
89794,2026-01-16,13:58:14,INFO,WebServer,Health check passed: WebServer,E102,Health check passed: {service}
89795,2026-01-16,13:27:17,INFO,WebServer,Transaction tx784682 completed in 542ms,E104,Transaction {tx} completed in {time}ms
89796,2026-01-16,13:13:09,INFO,PaymentGateway,Page view: /home by u2636,E103,Page view: {page} by {user}
89797,2026-01-16,13:33:16,ERROR,WebServer,Payment declined: Gateway unavailable,E503,Payment declined: Gateway unavailable
89798,2026-01-16,13:12:14,INFO,WebServer,Page view: /home by u4974,E103,Page view: {page} by {user}
89799,2026-01-16,13:52:32,INFO,AuthService,Page view: /home by u1032,E103,Page view: {page} by {user}
89800,2026-01-16,13:35:47,WARN,AuthService,Unauthorized access attempt from 10.0.0.45,E401,Unauthorized access attempt from {ip}
89801,2026-01-16,13:26:18,INFO,WebServer,Health check passed: WebServer,E102,Health check passed: {service}
89802,2026-01-16,13:44:41,WARN,WebServer,Unauthorized access attempt from 192.168.1.5,E401,Unauthorized access attempt from {ip}
89803,2026-01-16,13:08:24,INFO,WebServer,User u4539 login successful,E101,User {user} login successful
89804,2026-01-16,13:44:38,INFO,WebServer,Transaction tx353952 completed in 1159ms,E104,Transaction {tx} completed in {time}ms
89805,2026-01-16,13:39:39,INFO,InventoryDB,User u2587 login successful,E101,User {user} login successful
89806,2026-01-16,13:18:23,INFO,OrderProcessor,Transaction tx342532 completed in 1787ms,E104,Transaction {tx} completed in {time}ms
89807,2026-01-16,13:14:14,INFO,WebServer,Transaction tx748255 completed in 716ms,E104,Transaction {tx} completed in {time}ms
89808,2026-01-16,13:37:39,INFO,WebServer,Health check passed: WebServer,E102,Health check passed: {service}
89809,2026-01-16,13:32:06,INFO,WebServer,Health check passed: WebServer,E102,Health check passed: {service}
89810,2026-01-16,13:59:13,INFO,WebServer,Health check passed: WebServer,E102,Health check passed: {service}
89811,2026-01-16,13:51:17,INFO,WebServer,Page view: /home by u4178,E103,Page view: {page} by {user}
89812,2026-01-16,13:13:04,INFO,WebServer,User u3640 login successful,E101,User {user} login successful
89813,2026-01-16,13:09:33,INFO,WebServer,Page view: /home by u3717,E103,Page view: {page} by {user}
89814,2026-01-16,13:40:13,INFO,WebServer,User u3440 login successful,E101,User {user} login successful
89815,2026-01-16,13:15:20,INFO,OrderProcessor,Transaction tx476982 completed in 447ms,E104,Transaction {tx} completed in {time}ms
89816,2026-01-16,13:39:14,INFO,AuthService,User u2943 login successful,E101,User {user} login successful
89817,2026-01-16,13:25:42,INFO,AuthService,Transaction tx542955 completed in 677ms,E104,Transaction {tx} completed in {time}ms
89818,2026-01-16,13:25:01,INFO,OrderProcessor,Transaction tx487646 completed in 442ms,E104,Transaction {tx} completed in {time}ms
89819,2026-01-16,13:26:28,INFO,WebServer,Health check passed: WebServer,E102,Health check passed: {service}
89820,2026-01-16,13:53:39,INFO,PaymentGateway,Page view: /home by u3489,E103,Page view: {page} by {user}
89821,2026-01-16,13:06:38,INFO,WebServer,Page view: /home by u2103,E103,Page view: {page} by {user}
89822,2026-01-16,13:04:05,INFO,OrderProcessor,User u4201 login successful,E101,User {user} login successful
89823,2026-01-16,13:21:30,INFO,InventoryDB,Page view: /home by u4028,E103,Page view: {page} by {user}
89824,2026-01-16,13:09:52,INFO,PaymentGateway,Transaction tx438598 completed in 515ms,E104,Transaction {tx} completed in {time}ms
89825,2026-01-16,13:14:02,INFO,WebServer,Health check passed: WebServer,E102,Health check passed: {service}
89826,2026-01-16,13:52:13,INFO,PaymentGateway,Page view: /home by u3606,E103,Page view: {page} by {user}
89827,2026-01-16,13:58:04,INFO,AuthService,Transaction tx622341 completed in 879ms,E104,Transaction {tx} completed in {time}ms
89828,2026-01-16,13:12:26,INFO,WebServer,Page view: /home by u1033,E103,Page view: {page} by {user}
89829,2026-01-16,13:20:10,INFO,WebServer,Page view: /home by u1369,E103,Page view: {page} by {user}
89830,2026-01-16,13:30:56,INFO,PaymentGateway,Transaction tx598959 completed in 378ms,E104,Transaction {tx} completed in {time}ms
89831,2026-01-16,13:34:05,INFO,AuthService,Transaction tx462805 completed in 1276ms,E104,Transaction {tx} completed in {time}ms
89832,2026-01-16,13:05:24,INFO,AuthService,Page view: /home by u4364,E103,Page view: {page} by {user}
89833,2026-01-16,13:02:12,INFO,WebServer,Health check passed: WebServer,E102,Health check passed: {service}
89834,2026-01-16,13:25:09,INFO,AuthService,User u3013 login successful,E101,User {user} login successful
89835,2026-01-16,13:01:56,INFO,PaymentGateway,Page view: /home by u3786,E103,Page view: {page} by {user}
89836,2026-01-16,13:48:22,INFO,WebServer,Transaction tx625251 completed in 1217ms,E104,Transaction {tx} completed in {time}ms
89837,2026-01-16,13:05:16,INFO,AuthService,Page view: /home by u1539,E103,Page view: {page} by {user}
89838,2026-01-16,13:25:10,INFO,PaymentGateway,Page view: /home by u2067,E103,Page view: {page} by {user}
89839,2026-01-16,13:44:31,INFO,WebServer,Health check passed: WebServer,E102,Health check passed: {service}
89840,2026-01-16,13:46:27,INFO,OrderProcessor,Health check passed: OrderProcessor,E102,Health check passed: {service}
89841,2026-01-16,13:53:01,INFO,WebServer,User u4931 login successful,E101,User {user} login successful
89842,2026-01-16,13:31:31,INFO,WebServer,Page view: /home by u1062,E103,Page view: {page} by {user}
89843,2026-01-16,13:03:41,INFO,AuthService,Transaction tx548572 completed in 916ms,E104,Transaction {tx} completed in {time}ms
89844,2026-01-16,13:40:50,INFO,OrderProcessor,Health check passed: OrderProcessor,E102,Health check passed: {service}
89845,2026-01-16,13:23:51,CRITICAL,WebServer,KERNEL PANIC: Node node-1 crashed,E601,KERNEL PANIC: Node {node} crashed
89846,2026-01-16,13:47:05,INFO,WebServer,Transaction tx552862 completed in 504ms,E104,Transaction {tx} completed in {time}ms
89847,2026-01-16,13:34:10,INFO,AuthService,Transaction tx785184 completed in 1599ms,E104,Transaction {tx} completed in {time}ms
89848,2026-01-16,13:55:47,INFO,WebServer,Health check passed: WebServer,E102,Health check passed: {service}
89849,2026-01-16,13:24:31,INFO,PaymentGateway,User u2410 login successful,E101,User {user} login successful
89850,2026-01-16,13:28:44,INFO,InventoryDB,User u2583 login successful,E101,User {user} login successful
89851,2026-01-16,13:12:46,ERROR,InventoryDB,Connection refused to InventoryDB at 10.0.0.99,E501,Connection refused to {service} at {ip}
89852,2026-01-16,13:26:35,INFO,PaymentGateway,Page view: /home by u4301,E103,Page view: {page} by {user}
89853,2026-01-16,13:01:46,INFO,WebServer,Transaction tx993775 completed in 1981ms,E104,Transaction {tx} completed in {time}ms
89854,2026-01-16,13:39:46,INFO,PaymentGateway,Page view: /home by u1597,E103,Page view: {page} by {user}
89855,2026-01-16,13:34:41,INFO,OrderProcessor,Transaction tx231510 completed in 422ms,E104,Transaction {tx} completed in {time}ms
89856,2026-01-16,13:53:02,INFO,WebServer,Page view: /home by u1962,E103,Page view: {page} by {user}
89857,2026-01-16,13:45:05,INFO,WebServer,User u1950 login successful,E101,User {user} login successful
89858,2026-01-16,13:26:07,INFO,WebServer,Health check passed: WebServer,E102,Health check passed: {service}
89859,2026-01-16,13:40:43,INFO,WebServer,Health check passed: WebServer,E102,Health check passed: {service}
89860,2026-01-16,13:46:52,INFO,OrderProcessor,Page view: /home by u3967,E103,Page view: {page} by {user}
89861,2026-01-16,13:46:43,INFO,WebServer,Health check passed: WebServer,E102,Health check passed: {service}
89862,2026-01-16,13:49:36,INFO,AuthService,Page view: /home by u3737,E103,Page view: {page} by {user}
89863,2026-01-16,13:35:58,INFO,WebServer,User u3542 login successful,E101,User {user} login successful
89864,2026-01-16,13:19:37,WARN,OrderProcessor,Unauthorized access attempt from 10.0.0.45,E401,Unauthorized access attempt from {ip}
89865,2026-01-16,13:47:21,INFO,AuthService,Page view: /home by u1243,E103,Page view: {page} by {user}
89866,2026-01-16,13:18:38,INFO,WebServer,User u3054 login successful,E101,User {user} login successful
89867,2026-01-16,13:00:47,INFO,WebServer,User u1543 login successful,E101,User {user} login successful
89868,2026-01-16,13:44:58,INFO,WebServer,User u2771 login successful,E101,User {user} login successful
89869,2026-01-16,13:35:51,INFO,OrderProcessor,Transaction tx878969 completed in 1974ms,E104,Transaction {tx} completed in {time}ms
89870,2026-01-16,13:14:03,INFO,PaymentGateway,User u4885 login successful,E101,User {user} login successful
89871,2026-01-16,13:05:36,INFO,WebServer,Page view: /home by u3017,E103,Page view: {page} by {user}
89872,2026-01-16,13:29:05,INFO,WebServer,Transaction tx551032 completed in 464ms,E104,Transaction {tx} completed in {time}ms
89873,2026-01-16,13:55:54,WARN,WebServer,Unauthorized access attempt from 10.0.0.45,E401,Unauthorized access attempt from {ip}
89874,2026-01-16,13:14:11,INFO,AuthService,User u4467 login successful,E101,User {user} login successful
89875,2026-01-16,13:01:20,INFO,WebServer,User u2501 login successful,E101,User {user} login successful
89876,2026-01-16,13:46:51,INFO,AuthService,User u2757 login successful,E101,User {user} login successful
89877,2026-01-16,13:39:52,INFO,WebServer,Transaction tx734872 completed in 827ms,E104,Transaction {tx} completed in {time}ms
89878,2026-01-16,13:49:13,INFO,WebServer,Transaction tx428402 completed in 910ms,E104,Transaction {tx} completed in {time}ms
89879,2026-01-16,13:00:11,INFO,AuthService,Health check passed: AuthService,E102,Health check passed: {service}
89880,2026-01-16,13:53:00,INFO,WebServer,Transaction tx356758 completed in 1932ms,E104,Transaction {tx} completed in {time}ms
89881,2026-01-16,13:45:30,INFO,WebServer,Transaction tx645550 completed in 1274ms,E104,Transaction {tx} completed in {time}ms
89882,2026-01-16,13:06:57,INFO,WebServer,Page view: /home by u1802,E103,Page view: {page} by {user}
89883,2026-01-16,13:31:49,INFO,WebServer,User u4915 login successful,E101,User {user} login successful
89884,2026-01-16,13:25:15,WARN,WebServer,Disk usage > 85% on node node-2,E202,Disk usage > 85% on node {node}
89885,2026-01-16,13:55:53,INFO,OrderProcessor,Page view: /home by u2493,E103,Page view: {page} by {user}
89886,2026-01-16,13:58:35,INFO,InventoryDB,Page view: /home by u2753,E103,Page view: {page} by {user}
89887,2026-01-16,13:23:21,INFO,WebServer,Health check passed: WebServer,E102,Health check passed: {service}
89888,2026-01-16,13:51:39,INFO,WebServer,Transaction tx811633 completed in 237ms,E104,Transaction {tx} completed in {time}ms
89889,2026-01-16,13:19:57,INFO,OrderProcessor,Page view: /home by u3495,E103,Page view: {page} by {user}
89890,2026-01-16,13:23:58,INFO,WebServer,Page view: /home by u2750,E103,Page view: {page} by {user}
89891,2026-01-16,13:16:48,INFO,WebServer,Transaction tx292794 completed in 1652ms,E104,Transaction {tx} completed in {time}ms
89892,2026-01-16,13:13:35,INFO,WebServer,Transaction tx841190 completed in 1060ms,E104,Transaction {tx} completed in {time}ms
89893,2026-01-16,13:12:17,INFO,WebServer,Transaction tx166000 completed in 744ms,E104,Transaction {tx} completed in {time}ms
89894,2026-01-16,13:49:22,INFO,WebServer,Page view: /home by u2215,E103,Page view: {page} by {user}
89895,2026-01-16,13:32:52,INFO,WebServer,User u4030 login successful,E101,User {user} login successful
89896,2026-01-16,13:26:48,INFO,WebServer,Page view: /home by u1676,E103,Page view: {page} by {user}
89897,2026-01-16,13:25:29,INFO,OrderProcessor,User u4331 login successful,E101,User {user} login successful
89898,2026-01-16,13:20:55,WARN,WebServer,Unauthorized access attempt from 10.0.0.99,E401,Unauthorized access attempt from {ip}
89899,2026-01-16,13:27:44,ERROR,WebServer,Connection refused to WebServer at 10.0.0.45,E501,Connection refused to {service} at {ip}
89900,2026-01-16,13:05:12,INFO,WebServer,Page view: /home by u1643,E103,Page view: {page} by {user}
89901,2026-01-16,13:35:03,INFO,InventoryDB,Transaction tx202706 completed in 764ms,E104,Transaction {tx} completed in {time}ms
89902,2026-01-16,13:29:50,INFO,PaymentGateway,User u1069 login successful,E101,User {user} login successful
89903,2026-01-16,13:40:54,INFO,WebServer,User u3791 login successful,E101,User {user} login successful
89904,2026-01-16,13:00:02,INFO,WebServer,User u1463 login successful,E101,User {user} login successful
89905,2026-01-16,13:25:46,INFO,WebServer,Page view: /home by u4595,E103,Page view: {page} by {user}
89906,2026-01-16,13:01:39,INFO,AuthService,Transaction tx122410 completed in 1215ms,E104,Transaction {tx} completed in {time}ms
89907,2026-01-16,13:15:26,INFO,PaymentGateway,Page view: /home by u4165,E103,Page view: {page} by {user}
89908,2026-01-16,13:10:50,INFO,OrderProcessor,Health check passed: OrderProcessor,E102,Health check passed: {service}
89909,2026-01-16,13:46:03,INFO,WebServer,Page view: /home by u3948,E103,Page view: {page} by {user}
89910,2026-01-16,13:35:55,INFO,WebServer,Health check passed: WebServer,E102,Health check passed: {service}
89911,2026-01-16,13:24:54,INFO,WebServer,Page view: /home by u4742,E103,Page view: {page} by {user}
89912,2026-01-16,13:27:58,INFO,InventoryDB,Health check passed: InventoryDB,E102,Health check passed: {service}
89913,2026-01-16,13:43:10,INFO,PaymentGateway,Health check passed: PaymentGateway,E102,Health check passed: {service}
89914,2026-01-16,13:09:42,INFO,WebServer,Page view: /home by u1374,E103,Page view: {page} by {user}
89915,2026-01-16,13:26:02,INFO,OrderProcessor,User u2194 login successful,E101,User {user} login successful
89916,2026-01-16,13:25:32,INFO,OrderProcessor,Health check passed: OrderProcessor,E102,Health check passed: {service}
89917,2026-01-16,13:21:52,INFO,WebServer,Health check passed: WebServer,E102,Health check passed: {service}
89918,2026-01-16,13:29:39,INFO,WebServer,Transaction tx952098 completed in 826ms,E104,Transaction {tx} completed in {time}ms
89919,2026-01-16,13:51:27,INFO,WebServer,Transaction tx731840 completed in 686ms,E104,Transaction {tx} completed in {time}ms
89920,2026-01-16,13:41:43,INFO,WebServer,Transaction tx448829 completed in 44ms,E104,Transaction {tx} completed in {time}ms
89921,2026-01-16,13:43:54,INFO,AuthService,User u3376 login successful,E101,User {user} login successful
89922,2026-01-16,13:45:46,INFO,WebServer,User u1848 login successful,E101,User {user} login successful
89923,2026-01-16,13:09:48,INFO,WebServer,User u3818 login successful,E101,User {user} login successful
89924,2026-01-16,13:39:20,INFO,OrderProcessor,Page view: /home by u4569,E103,Page view: {page} by {user}
89925,2026-01-16,13:35:23,INFO,PaymentGateway,Page view: /home by u2620,E103,Page view: {page} by {user}
89926,2026-01-16,13:51:50,INFO,AuthService,User u2956 login successful,E101,User {user} login successful
89927,2026-01-16,13:31:13,INFO,AuthService,User u2896 login successful,E101,User {user} login successful
89928,2026-01-16,13:28:17,INFO,AuthService,Page view: /home by u1888,E103,Page view: {page} by {user}
89929,2026-01-16,13:43:59,INFO,WebServer,Transaction tx470412 completed in 347ms,E104,Transaction {tx} completed in {time}ms
89930,2026-01-16,13:04:19,WARN,InventoryDB,High latency (453ms) detected on InventoryDB,E201,High latency ({time}ms) detected on {service}
89931,2026-01-16,13:36:48,INFO,WebServer,Transaction tx203983 completed in 45ms,E104,Transaction {tx} completed in {time}ms
89932,2026-01-16,13:12:25,INFO,AuthService,Health check passed: AuthService,E102,Health check passed: {service}
89933,2026-01-16,13:38:38,INFO,WebServer,Transaction tx490549 completed in 189ms,E104,Transaction {tx} completed in {time}ms
89934,2026-01-16,13:40:02,INFO,WebServer,Page view: /home by u1943,E103,Page view: {page} by {user}
89935,2026-01-16,13:59:02,ERROR,WebServer,Connection refused to WebServer at 10.0.0.45,E501,Connection refused to {service} at {ip}
89936,2026-01-16,13:50:59,WARN,WebServer,Disk usage > 85% on node node-5,E202,Disk usage > 85% on node {node}
89937,2026-01-16,13:53:18,INFO,WebServer,Page view: /home by u1598,E103,Page view: {page} by {user}
89938,2026-01-16,13:48:26,INFO,WebServer,User u4193 login successful,E101,User {user} login successful
89939,2026-01-16,13:27:56,INFO,WebServer,Transaction tx406797 completed in 737ms,E104,Transaction {tx} completed in {time}ms
89940,2026-01-16,13:22:11,INFO,AuthService,Health check passed: AuthService,E102,Health check passed: {service}
89941,2026-01-16,13:54:50,INFO,AuthService,Page view: /home by u2560,E103,Page view: {page} by {user}
89942,2026-01-16,13:58:11,INFO,OrderProcessor,Health check passed: OrderProcessor,E102,Health check passed: {service}
89943,2026-01-16,13:36:43,INFO,WebServer,User u2353 login successful,E101,User {user} login successful
89944,2026-01-16,13:40:15,INFO,WebServer,Transaction tx262805 completed in 1447ms,E104,Transaction {tx} completed in {time}ms
89945,2026-01-16,13:34:32,INFO,WebServer,Transaction tx364752 completed in 754ms,E104,Transaction {tx} completed in {time}ms
89946,2026-01-16,13:48:59,INFO,OrderProcessor,Health check passed: OrderProcessor,E102,Health check passed: {service}
89947,2026-01-16,13:17:57,INFO,OrderProcessor,Page view: /home by u4978,E103,Page view: {page} by {user}
89948,2026-01-16,13:50:36,INFO,AuthService,Transaction tx881615 completed in 95ms,E104,Transaction {tx} completed in {time}ms
89949,2026-01-16,13:54:46,INFO,WebServer,User u2319 login successful,E101,User {user} login successful
89950,2026-01-16,13:48:26,INFO,WebServer,Health check passed: WebServer,E102,Health check passed: {service}
89951,2026-01-16,13:52:39,INFO,WebServer,Transaction tx890845 completed in 1578ms,E104,Transaction {tx} completed in {time}ms
89952,2026-01-16,13:41:12,INFO,PaymentGateway,Transaction tx376232 completed in 563ms,E104,Transaction {tx} completed in {time}ms
89953,2026-01-16,13:38:47,INFO,WebServer,User u3039 login successful,E101,User {user} login successful
89954,2026-01-16,13:46:34,INFO,WebServer,Page view: /home by u3792,E103,Page view: {page} by {user}
89955,2026-01-16,13:44:10,INFO,WebServer,Transaction tx945597 completed in 436ms,E104,Transaction {tx} completed in {time}ms
89956,2026-01-16,13:05:48,INFO,PaymentGateway,User u1845 login successful,E101,User {user} login successful
89957,2026-01-16,13:45:30,INFO,OrderProcessor,Transaction tx962124 completed in 918ms,E104,Transaction {tx} completed in {time}ms
89958,2026-01-16,13:11:03,INFO,WebServer,Health check passed: WebServer,E102,Health check passed: {service}
89959,2026-01-16,13:31:05,INFO,AuthService,Page view: /home by u3711,E103,Page view: {page} by {user}
89960,2026-01-16,13:56:27,WARN,PaymentGateway,Disk usage > 85% on node node-5,E202,Disk usage > 85% on node {node}
89961,2026-01-16,13:11:45,INFO,WebServer,User u4511 login successful,E101,User {user} login successful
89962,2026-01-16,13:52:39,INFO,AuthService,Page view: /home by u2021,E103,Page view: {page} by {user}
89963,2026-01-16,13:56:02,INFO,AuthService,Page view: /home by u4614,E103,Page view: {page} by {user}
89964,2026-01-16,13:19:51,INFO,AuthService,User u4653 login successful,E101,User {user} login successful
89965,2026-01-16,13:33:42,INFO,WebServer,Transaction tx494539 completed in 1015ms,E104,Transaction {tx} completed in {time}ms
89966,2026-01-16,13:09:40,INFO,AuthService,Transaction tx525822 completed in 334ms,E104,Transaction {tx} completed in {time}ms
89967,2026-01-16,13:44:58,INFO,OrderProcessor,Transaction tx382491 completed in 1281ms,E104,Transaction {tx} completed in {time}ms
89968,2026-01-16,13:53:10,INFO,AuthService,Transaction tx987289 completed in 1083ms,E104,Transaction {tx} completed in {time}ms
89969,2026-01-16,13:22:29,INFO,WebServer,User u3558 login successful,E101,User {user} login successful
89970,2026-01-16,13:34:23,INFO,PaymentGateway,Transaction tx337653 completed in 1590ms,E104,Transaction {tx} completed in {time}ms
89971,2026-01-16,13:16:07,INFO,OrderProcessor,User u4286 login successful,E101,User {user} login successful
89972,2026-01-16,13:21:16,INFO,WebServer,User u3708 login successful,E101,User {user} login successful
89973,2026-01-16,13:46:13,INFO,PaymentGateway,Transaction tx134416 completed in 378ms,E104,Transaction {tx} completed in {time}ms
89974,2026-01-16,13:55:48,INFO,PaymentGateway,User u4328 login successful,E101,User {user} login successful
89975,2026-01-16,13:58:38,INFO,AuthService,User u1426 login successful,E101,User {user} login successful
89976,2026-01-16,13:58:44,WARN,AuthService,Unauthorized access attempt from 10.0.0.12,E401,Unauthorized access attempt from {ip}
89977,2026-01-16,13:38:27,INFO,AuthService,User u2077 login successful,E101,User {user} login successful
89978,2026-01-16,13:45:22,INFO,AuthService,Transaction tx645086 completed in 851ms,E104,Transaction {tx} completed in {time}ms
89979,2026-01-16,13:40:24,INFO,InventoryDB,Health check passed: InventoryDB,E102,Health check passed: {service}
89980,2026-01-16,13:35:13,INFO,AuthService,Transaction tx793531 completed in 22ms,E104,Transaction {tx} completed in {time}ms
89981,2026-01-16,13:27:26,INFO,InventoryDB,User u1559 login successful,E101,User {user} login successful
89982,2026-01-16,13:52:47,INFO,WebServer,Page view: /home by u4151,E103,Page view: {page} by {user}
89983,2026-01-16,13:14:12,INFO,OrderProcessor,Transaction tx839340 completed in 1098ms,E104,Transaction {tx} completed in {time}ms
89984,2026-01-16,13:05:51,INFO,WebServer,Transaction tx330448 completed in 1890ms,E104,Transaction {tx} completed in {time}ms
89985,2026-01-16,13:20:16,INFO,AuthService,Health check passed: AuthService,E102,Health check passed: {service}
89986,2026-01-16,13:19:12,INFO,OrderProcessor,User u3693 login successful,E101,User {user} login successful
89987,2026-01-16,13:34:16,INFO,WebServer,Health check passed: WebServer,E102,Health check passed: {service}
89988,2026-01-16,13:50:18,INFO,InventoryDB,User u2551 login successful,E101,User {user} login successful
89989,2026-01-16,13:10:51,INFO,InventoryDB,User u2560 login successful,E101,User {user} login successful
89990,2026-01-16,13:25:36,INFO,PaymentGateway,User u1037 login successful,E101,User {user} login successful
89991,2026-01-16,13:39:05,INFO,OrderProcessor,User u1019 login successful,E101,User {user} login successful
89992,2026-01-16,13:04:10,INFO,WebServer,Page view: /home by u1647,E103,Page view: {page} by {user}
89993,2026-01-16,13:55:23,INFO,OrderProcessor,User u1184 login successful,E101,User {user} login successful
89994,2026-01-16,13:19:21,INFO,WebServer,User u3033 login successful,E101,User {user} login successful
89995,2026-01-16,13:29:40,INFO,WebServer,Page view: /home by u2182,E103,Page view: {page} by {user}
89996,2026-01-16,13:00:49,INFO,WebServer,Transaction tx146218 completed in 1151ms,E104,Transaction {tx} completed in {time}ms
89997,2026-01-16,13:03:38,INFO,AuthService,User u2029 login successful,E101,User {user} login successful
89998,2026-01-16,13:35:18,INFO,WebServer,Page view: /home by u1649,E103,Page view: {page} by {user}
89999,2026-01-16,13:07:36,INFO,OrderProcessor,User u1479 login successful,E101,User {user} login successful
90000,2026-01-16,13:58:28,INFO,WebServer,User u2604 login successful,E101,User {user} login successful
90001,2026-01-16,13:31:30,INFO,WebServer,User u1550 login successful,E101,User {user} login successful
90002,2026-01-16,13:38:04,INFO,AuthService,User u1557 login successful,E101,User {user} login successful
90003,2026-01-16,13:48:12,INFO,WebServer,Transaction tx761664 completed in 855ms,E104,Transaction {tx} completed in {time}ms
90004,2026-01-16,13:10:16,INFO,WebServer,Health check passed: WebServer,E102,Health check passed: {service}
90005,2026-01-16,13:20:59,INFO,WebServer,Health check passed: WebServer,E102,Health check passed: {service}
90006,2026-01-16,13:58:12,INFO,WebServer,User u4033 login successful,E101,User {user} login successful
90007,2026-01-16,13:33:50,INFO,WebServer,Page view: /home by u2792,E103,Page view: {page} by {user}
90008,2026-01-16,13:05:50,WARN,WebServer,Disk usage > 85% on node node-5,E202,Disk usage > 85% on node {node}
90009,2026-01-16,13:43:25,INFO,WebServer,Health check passed: WebServer,E102,Health check passed: {service}
90010,2026-01-16,13:54:37,INFO,WebServer,Transaction tx598913 completed in 395ms,E104,Transaction {tx} completed in {time}ms
90011,2026-01-16,13:04:56,INFO,WebServer,User u2721 login successful,E101,User {user} login successful
90012,2026-01-16,13:58:36,INFO,WebServer,Health check passed: WebServer,E102,Health check passed: {service}
90013,2026-01-16,13:22:32,INFO,WebServer,Transaction tx646059 completed in 142ms,E104,Transaction {tx} completed in {time}ms
90014,2026-01-16,13:55:52,WARN,WebServer,Disk usage > 85% on node node-3,E202,Disk usage > 85% on node {node}
90015,2026-01-16,13:00:07,INFO,WebServer,User u3583 login successful,E101,User {user} login successful
90016,2026-01-16,13:56:37,INFO,WebServer,User u4018 login successful,E101,User {user} login successful
90017,2026-01-16,13:09:48,INFO,WebServer,Transaction tx378085 completed in 323ms,E104,Transaction {tx} completed in {time}ms
90018,2026-01-16,13:25:44,INFO,AuthService,Health check passed: AuthService,E102,Health check passed: {service}
90019,2026-01-16,13:51:10,INFO,WebServer,Health check passed: WebServer,E102,Health check passed: {service}
90020,2026-01-16,13:35:06,INFO,WebServer,Page view: /home by u2199,E103,Page view: {page} by {user}
90021,2026-01-16,13:24:23,ERROR,OrderProcessor,Payment declined: Gateway unavailable,E503,Payment declined: Gateway unavailable
90022,2026-01-16,13:53:43,INFO,PaymentGateway,Health check passed: PaymentGateway,E102,Health check passed: {service}
90023,2026-01-16,13:20:44,INFO,WebServer,Page view: /home by u2783,E103,Page view: {page} by {user}
90024,2026-01-16,13:53:22,INFO,AuthService,Page view: /home by u3013,E103,Page view: {page} by {user}
90025,2026-01-16,13:47:08,INFO,WebServer,Transaction tx757302 completed in 1185ms,E104,Transaction {tx} completed in {time}ms
90026,2026-01-16,13:59:15,INFO,WebServer,Health check passed: WebServer,E102,Health check passed: {service}
90027,2026-01-16,13:44:51,INFO,WebServer,Health check passed: WebServer,E102,Health check passed: {service}
90028,2026-01-16,13:39:43,INFO,AuthService,Page view: /home by u3112,E103,Page view: {page} by {user}
90029,2026-01-16,13:37:59,INFO,OrderProcessor,User u1392 login successful,E101,User {user} login successful
90030,2026-01-16,13:00:55,INFO,PaymentGateway,Transaction tx517123 completed in 1721ms,E104,Transaction {tx} completed in {time}ms
90031,2026-01-16,13:46:39,INFO,PaymentGateway,User u3825 login successful,E101,User {user} login successful
90032,2026-01-16,13:41:27,INFO,PaymentGateway,Transaction tx507404 completed in 1910ms,E104,Transaction {tx} completed in {time}ms
90033,2026-01-16,13:19:22,INFO,WebServer,User u1164 login successful,E101,User {user} login successful
90034,2026-01-16,13:32:07,INFO,WebServer,User u2541 login successful,E101,User {user} login successful
90035,2026-01-16,13:54:15,INFO,WebServer,Transaction tx604026 completed in 1219ms,E104,Transaction {tx} completed in {time}ms
90036,2026-01-16,13:41:47,INFO,WebServer,User u4198 login successful,E101,User {user} login successful
90037,2026-01-16,13:57:05,INFO,AuthService,Transaction tx427797 completed in 1717ms,E104,Transaction {tx} completed in {time}ms
90038,2026-01-16,13:16:08,INFO,WebServer,Transaction tx206058 completed in 813ms,E104,Transaction {tx} completed in {time}ms
90039,2026-01-16,13:14:07,INFO,WebServer,Health check passed: WebServer,E102,Health check passed: {service}
90040,2026-01-16,13:55:48,INFO,AuthService,Transaction tx553094 completed in 496ms,E104,Transaction {tx} completed in {time}ms
90041,2026-01-16,13:15:48,INFO,WebServer,Transaction tx184300 completed in 1498ms,E104,Transaction {tx} completed in {time}ms
90042,2026-01-16,13:36:47,INFO,AuthService,Page view: /home by u1780,E103,Page view: {page} by {user}
90043,2026-01-16,13:48:39,INFO,OrderProcessor,User u3433 login successful,E101,User {user} login successful
90044,2026-01-16,13:06:43,INFO,PaymentGateway,Page view: /home by u1045,E103,Page view: {page} by {user}
90045,2026-01-16,13:24:35,INFO,WebServer,Health check passed: WebServer,E102,Health check passed: {service}
90046,2026-01-16,13:22:29,INFO,AuthService,User u3326 login successful,E101,User {user} login successful
90047,2026-01-16,13:44:44,INFO,WebServer,Health check passed: WebServer,E102,Health check passed: {service}
90048,2026-01-16,13:51:10,WARN,OrderProcessor,High latency (501ms) detected on OrderProcessor,E201,High latency ({time}ms) detected on {service}
90049,2026-01-16,13:20:25,INFO,WebServer,User u3008 login successful,E101,User {user} login successful
90050,2026-01-16,13:52:06,INFO,PaymentGateway,Transaction tx842165 completed in 1942ms,E104,Transaction {tx} completed in {time}ms
90051,2026-01-16,13:41:21,WARN,WebServer,High latency (1427ms) detected on WebServer,E201,High latency ({time}ms) detected on {service}
90052,2026-01-16,13:27:30,INFO,AuthService,User u3180 login successful,E101,User {user} login successful
90053,2026-01-16,13:22:52,INFO,OrderProcessor,Transaction tx780794 completed in 382ms,E104,Transaction {tx} completed in {time}ms
90054,2026-01-16,13:33:11,INFO,AuthService,Transaction tx575532 completed in 99ms,E104,Transaction {tx} completed in {time}ms
90055,2026-01-16,13:37:48,CRITICAL,WebServer,DATA CORRUPTION detected in sector 962,E602,DATA CORRUPTION detected in sector {sector}
90056,2026-01-16,13:21:00,INFO,OrderProcessor,User u1598 login successful,E101,User {user} login successful
90057,2026-01-16,13:01:12,ERROR,AuthService,Payment declined: Gateway unavailable,E503,Payment declined: Gateway unavailable
90058,2026-01-16,13:44:11,INFO,WebServer,Transaction tx602148 completed in 48ms,E104,Transaction {tx} completed in {time}ms
90059,2026-01-16,13:53:08,INFO,WebServer,Page view: /home by u4592,E103,Page view: {page} by {user}
90060,2026-01-16,13:47:23,INFO,PaymentGateway,Page view: /home by u4365,E103,Page view: {page} by {user}
90061,2026-01-16,13:54:21,INFO,OrderProcessor,Page view: /home by u2072,E103,Page view: {page} by {user}
90062,2026-01-16,13:55:33,WARN,WebServer,Disk usage > 85% on node node-5,E202,Disk usage > 85% on node {node}
90063,2026-01-16,13:56:19,INFO,AuthService,User u2800 login successful,E101,User {user} login successful
90064,2026-01-16,13:59:58,INFO,OrderProcessor,User u2793 login successful,E101,User {user} login successful
90065,2026-01-16,13:16:42,INFO,WebServer,User u2247 login successful,E101,User {user} login successful
90066,2026-01-16,13:04:10,INFO,WebServer,Transaction tx413102 completed in 23ms,E104,Transaction {tx} completed in {time}ms
90067,2026-01-16,13:58:42,INFO,WebServer,Transaction tx525803 completed in 1375ms,E104,Transaction {tx} completed in {time}ms
90068,2026-01-16,13:14:21,INFO,WebServer,Page view: /home by u4111,E103,Page view: {page} by {user}
90069,2026-01-16,13:17:06,INFO,WebServer,User u3325 login successful,E101,User {user} login successful
90070,2026-01-16,13:05:06,INFO,WebServer,Page view: /home by u1631,E103,Page view: {page} by {user}
90071,2026-01-16,13:55:40,INFO,OrderProcessor,User u3966 login successful,E101,User {user} login successful
90072,2026-01-16,13:07:40,INFO,WebServer,Health check passed: WebServer,E102,Health check passed: {service}
90073,2026-01-16,13:14:46,INFO,WebServer,User u3234 login successful,E101,User {user} login successful
90074,2026-01-16,13:40:06,INFO,OrderProcessor,Health check passed: OrderProcessor,E102,Health check passed: {service}
90075,2026-01-16,13:31:00,INFO,AuthService,Page view: /home by u4549,E103,Page view: {page} by {user}
90076,2026-01-16,13:46:31,INFO,AuthService,User u2850 login successful,E101,User {user} login successful
90077,2026-01-16,13:03:08,INFO,AuthService,Health check passed: AuthService,E102,Health check passed: {service}
90078,2026-01-16,13:29:24,INFO,WebServer,Transaction tx333034 completed in 1169ms,E104,Transaction {tx} completed in {time}ms
90079,2026-01-16,13:04:07,INFO,WebServer,User u2867 login successful,E101,User {user} login successful
90080,2026-01-16,13:24:48,INFO,PaymentGateway,Health check passed: PaymentGateway,E102,Health check passed: {service}
90081,2026-01-16,13:06:48,INFO,OrderProcessor,Health check passed: OrderProcessor,E102,Health check passed: {service}
90082,2026-01-16,13:55:48,INFO,WebServer,Health check passed: WebServer,E102,Health check passed: {service}
90083,2026-01-16,13:25:03,INFO,WebServer,User u2045 login successful,E101,User {user} login successful
90084,2026-01-16,13:01:57,INFO,AuthService,Transaction tx345107 completed in 1818ms,E104,Transaction {tx} completed in {time}ms
90085,2026-01-16,13:18:31,INFO,WebServer,Health check passed: WebServer,E102,Health check passed: {service}
90086,2026-01-16,13:29:02,INFO,WebServer,Transaction tx788962 completed in 1029ms,E104,Transaction {tx} completed in {time}ms
90087,2026-01-16,13:08:24,INFO,WebServer,Health check passed: WebServer,E102,Health check passed: {service}
90088,2026-01-16,13:40:04,INFO,WebServer,Transaction tx841775 completed in 296ms,E104,Transaction {tx} completed in {time}ms
90089,2026-01-16,13:24:16,INFO,PaymentGateway,User u3441 login successful,E101,User {user} login successful
90090,2026-01-16,13:25:55,INFO,PaymentGateway,Page view: /home by u2596,E103,Page view: {page} by {user}
90091,2026-01-16,13:57:52,INFO,OrderProcessor,Transaction tx231389 completed in 1209ms,E104,Transaction {tx} completed in {time}ms
90092,2026-01-16,13:06:45,INFO,WebServer,Transaction tx387885 completed in 1287ms,E104,Transaction {tx} completed in {time}ms
90093,2026-01-16,13:13:59,INFO,WebServer,Page view: /home by u4096,E103,Page view: {page} by {user}
90094,2026-01-16,13:05:49,INFO,WebServer,Transaction tx101484 completed in 20ms,E104,Transaction {tx} completed in {time}ms
90095,2026-01-16,13:33:07,INFO,WebServer,Transaction tx478745 completed in 1938ms,E104,Transaction {tx} completed in {time}ms
90096,2026-01-16,13:53:41,INFO,WebServer,Health check passed: WebServer,E102,Health check passed: {service}
90097,2026-01-16,13:41:15,INFO,AuthService,Page view: /home by u2303,E103,Page view: {page} by {user}
90098,2026-01-16,13:59:04,INFO,WebServer,Health check passed: WebServer,E102,Health check passed: {service}
90099,2026-01-16,13:08:52,INFO,PaymentGateway,Health check passed: PaymentGateway,E102,Health check passed: {service}
90100,2026-01-16,13:22:22,INFO,WebServer,Transaction tx828336 completed in 146ms,E104,Transaction {tx} completed in {time}ms
90101,2026-01-16,13:28:24,INFO,PaymentGateway,Health check passed: PaymentGateway,E102,Health check passed: {service}
90102,2026-01-16,13:56:53,INFO,OrderProcessor,Transaction tx334442 completed in 704ms,E104,Transaction {tx} completed in {time}ms
90103,2026-01-16,13:40:14,INFO,WebServer,Health check passed: WebServer,E102,Health check passed: {service}
90104,2026-01-16,13:51:54,INFO,WebServer,Health check passed: WebServer,E102,Health check passed: {service}
90105,2026-01-16,13:26:57,INFO,OrderProcessor,Page view: /home by u2209,E103,Page view: {page} by {user}
90106,2026-01-16,13:38:41,WARN,WebServer,Disk usage > 85% on node node-1,E202,Disk usage > 85% on node {node}
90107,2026-01-16,13:16:37,INFO,InventoryDB,Health check passed: InventoryDB,E102,Health check passed: {service}
90108,2026-01-16,13:59:48,INFO,WebServer,Page view: /home by u1197,E103,Page view: {page} by {user}
90109,2026-01-16,13:52:30,ERROR,OrderProcessor,Payment declined: Gateway unavailable,E503,Payment declined: Gateway unavailable
90110,2026-01-16,13:17:40,INFO,InventoryDB,Health check passed: InventoryDB,E102,Health check passed: {service}
90111,2026-01-16,13:54:19,INFO,AuthService,Transaction tx431046 completed in 1774ms,E104,Transaction {tx} completed in {time}ms
90112,2026-01-16,13:14:13,INFO,WebServer,Transaction tx635836 completed in 645ms,E104,Transaction {tx} completed in {time}ms
90113,2026-01-16,13:51:28,WARN,PaymentGateway,High latency (246ms) detected on PaymentGateway,E201,High latency ({time}ms) detected on {service}
90114,2026-01-16,13:45:54,INFO,OrderProcessor,User u3353 login successful,E101,User {user} login successful
90115,2026-01-16,13:16:58,INFO,PaymentGateway,Health check passed: PaymentGateway,E102,Health check passed: {service}
90116,2026-01-16,13:30:56,INFO,WebServer,Transaction tx172753 completed in 703ms,E104,Transaction {tx} completed in {time}ms
90117,2026-01-16,13:34:36,INFO,WebServer,Transaction tx581646 completed in 707ms,E104,Transaction {tx} completed in {time}ms
90118,2026-01-16,13:12:08,INFO,AuthService,User u3912 login successful,E101,User {user} login successful
90119,2026-01-16,13:30:16,INFO,AuthService,Page view: /home by u3693,E103,Page view: {page} by {user}
90120,2026-01-16,13:25:49,INFO,OrderProcessor,User u1671 login successful,E101,User {user} login successful
90121,2026-01-16,13:50:03,INFO,WebServer,Health check passed: WebServer,E102,Health check passed: {service}
90122,2026-01-16,13:26:45,INFO,PaymentGateway,Page view: /home by u1037,E103,Page view: {page} by {user}
90123,2026-01-16,13:40:46,INFO,OrderProcessor,Transaction tx789403 completed in 1073ms,E104,Transaction {tx} completed in {time}ms
90124,2026-01-16,13:29:56,INFO,OrderProcessor,Health check passed: OrderProcessor,E102,Health check passed: {service}
90125,2026-01-16,13:15:26,INFO,AuthService,Page view: /home by u1662,E103,Page view: {page} by {user}
90126,2026-01-16,13:43:15,INFO,AuthService,User u4407 login successful,E101,User {user} login successful
90127,2026-01-16,13:38:34,INFO,OrderProcessor,Page view: /home by u1645,E103,Page view: {page} by {user}
90128,2026-01-16,13:22:43,INFO,OrderProcessor,Page view: /home by u2936,E103,Page view: {page} by {user}
90129,2026-01-16,13:49:50,INFO,InventoryDB,Health check passed: InventoryDB,E102,Health check passed: {service}
90130,2026-01-16,13:49:09,INFO,WebServer,Page view: /home by u3602,E103,Page view: {page} by {user}
90131,2026-01-16,13:42:08,INFO,AuthService,Health check passed: AuthService,E102,Health check passed: {service}
90132,2026-01-16,13:11:16,INFO,WebServer,Page view: /home by u3115,E103,Page view: {page} by {user}
90133,2026-01-16,13:39:27,INFO,WebServer,User u3163 login successful,E101,User {user} login successful
90134,2026-01-16,13:22:45,INFO,OrderProcessor,Health check passed: OrderProcessor,E102,Health check passed: {service}
90135,2026-01-16,13:01:30,INFO,WebServer,Transaction tx607286 completed in 1192ms,E104,Transaction {tx} completed in {time}ms
90136,2026-01-16,13:13:50,INFO,WebServer,Health check passed: WebServer,E102,Health check passed: {service}
90137,2026-01-16,13:55:19,INFO,WebServer,Health check passed: WebServer,E102,Health check passed: {service}
90138,2026-01-16,13:15:06,INFO,InventoryDB,Page view: /home by u2172,E103,Page view: {page} by {user}
90139,2026-01-16,13:11:20,INFO,AuthService,Health check passed: AuthService,E102,Health check passed: {service}
90140,2026-01-16,13:33:09,INFO,WebServer,Page view: /home by u1076,E103,Page view: {page} by {user}
90141,2026-01-16,13:30:45,INFO,AuthService,Transaction tx512313 completed in 472ms,E104,Transaction {tx} completed in {time}ms
90142,2026-01-16,13:27:30,INFO,AuthService,Health check passed: AuthService,E102,Health check passed: {service}
90143,2026-01-16,13:07:55,INFO,AuthService,Transaction tx138702 completed in 1431ms,E104,Transaction {tx} completed in {time}ms
90144,2026-01-16,13:40:55,INFO,AuthService,User u4407 login successful,E101,User {user} login successful
90145,2026-01-16,13:43:55,INFO,WebServer,Page view: /home by u3093,E103,Page view: {page} by {user}
90146,2026-01-16,13:16:11,WARN,WebServer,High latency (1220ms) detected on WebServer,E201,High latency ({time}ms) detected on {service}
90147,2026-01-16,13:44:22,INFO,WebServer,Transaction tx225724 completed in 1928ms,E104,Transaction {tx} completed in {time}ms
90148,2026-01-16,13:49:56,INFO,WebServer,User u4376 login successful,E101,User {user} login successful
90149,2026-01-16,13:37:30,WARN,WebServer,Unauthorized access attempt from 10.0.0.45,E401,Unauthorized access attempt from {ip}
90150,2026-01-16,13:01:56,INFO,AuthService,Transaction tx619438 completed in 1009ms,E104,Transaction {tx} completed in {time}ms
90151,2026-01-16,13:54:18,INFO,WebServer,User u3970 login successful,E101,User {user} login successful
90152,2026-01-16,13:41:50,WARN,WebServer,High latency (223ms) detected on WebServer,E201,High latency ({time}ms) detected on {service}
90153,2026-01-16,13:16:19,INFO,InventoryDB,Transaction tx433324 completed in 708ms,E104,Transaction {tx} completed in {time}ms
90154,2026-01-16,13:33:46,INFO,WebServer,Page view: /home by u1733,E103,Page view: {page} by {user}
90155,2026-01-16,13:53:43,INFO,OrderProcessor,User u4981 login successful,E101,User {user} login successful
90156,2026-01-16,13:09:03,INFO,WebServer,User u1540 login successful,E101,User {user} login successful
90157,2026-01-16,13:00:58,INFO,AuthService,Transaction tx463056 completed in 742ms,E104,Transaction {tx} completed in {time}ms
90158,2026-01-16,13:57:36,INFO,OrderProcessor,Page view: /home by u2805,E103,Page view: {page} by {user}
90159,2026-01-16,13:03:15,INFO,PaymentGateway,Health check passed: PaymentGateway,E102,Health check passed: {service}
90160,2026-01-16,13:37:19,INFO,WebServer,Health check passed: WebServer,E102,Health check passed: {service}
90161,2026-01-16,13:59:55,INFO,InventoryDB,Transaction tx989020 completed in 1085ms,E104,Transaction {tx} completed in {time}ms
90162,2026-01-16,13:10:10,INFO,WebServer,User u2178 login successful,E101,User {user} login successful
90163,2026-01-16,13:04:59,INFO,PaymentGateway,Transaction tx122887 completed in 1084ms,E104,Transaction {tx} completed in {time}ms
90164,2026-01-16,13:46:51,INFO,WebServer,Page view: /home by u3702,E103,Page view: {page} by {user}
90165,2026-01-16,13:35:24,INFO,OrderProcessor,Health check passed: OrderProcessor,E102,Health check passed: {service}
90166,2026-01-16,13:22:15,INFO,OrderProcessor,Page view: /home by u3427,E103,Page view: {page} by {user}
90167,2026-01-16,13:53:01,INFO,OrderProcessor,Page view: /home by u4828,E103,Page view: {page} by {user}
90168,2026-01-16,13:19:07,INFO,WebServer,Transaction tx230846 completed in 201ms,E104,Transaction {tx} completed in {time}ms
90169,2026-01-16,13:30:32,INFO,InventoryDB,Transaction tx566137 completed in 478ms,E104,Transaction {tx} completed in {time}ms
90170,2026-01-16,13:02:22,INFO,OrderProcessor,Transaction tx679149 completed in 191ms,E104,Transaction {tx} completed in {time}ms
90171,2026-01-16,13:03:43,INFO,WebServer,Page view: /home by u2819,E103,Page view: {page} by {user}
90172,2026-01-16,13:41:12,INFO,OrderProcessor,Health check passed: OrderProcessor,E102,Health check passed: {service}
90173,2026-01-16,13:53:56,INFO,OrderProcessor,Transaction tx972542 completed in 1184ms,E104,Transaction {tx} completed in {time}ms
90174,2026-01-16,13:05:01,INFO,AuthService,Health check passed: AuthService,E102,Health check passed: {service}
90175,2026-01-16,13:01:24,INFO,WebServer,Page view: /home by u4008,E103,Page view: {page} by {user}
90176,2026-01-16,13:12:08,INFO,WebServer,Transaction tx360447 completed in 945ms,E104,Transaction {tx} completed in {time}ms
90177,2026-01-16,13:58:37,INFO,WebServer,Health check passed: WebServer,E102,Health check passed: {service}
90178,2026-01-16,13:10:34,INFO,OrderProcessor,Transaction tx580279 completed in 468ms,E104,Transaction {tx} completed in {time}ms
90179,2026-01-16,13:03:16,INFO,WebServer,Health check passed: WebServer,E102,Health check passed: {service}
90180,2026-01-16,13:18:24,INFO,PaymentGateway,User u4376 login successful,E101,User {user} login successful
90181,2026-01-16,13:56:02,INFO,WebServer,Transaction tx735955 completed in 1754ms,E104,Transaction {tx} completed in {time}ms
90182,2026-01-16,13:12:29,INFO,AuthService,User u3408 login successful,E101,User {user} login successful
90183,2026-01-16,13:20:40,INFO,WebServer,User u1099 login successful,E101,User {user} login successful
90184,2026-01-16,13:09:10,INFO,WebServer,Page view: /home by u1390,E103,Page view: {page} by {user}
90185,2026-01-16,13:16:19,INFO,WebServer,User u1599 login successful,E101,User {user} login successful
90186,2026-01-16,13:36:49,INFO,WebServer,Page view: /home by u1564,E103,Page view: {page} by {user}
90187,2026-01-16,13:41:37,WARN,OrderProcessor,High latency (1526ms) detected on OrderProcessor,E201,High latency ({time}ms) detected on {service}
90188,2026-01-16,13:12:49,INFO,InventoryDB,Page view: /home by u3694,E103,Page view: {page} by {user}
90189,2026-01-16,13:37:22,INFO,AuthService,Transaction tx898405 completed in 1588ms,E104,Transaction {tx} completed in {time}ms
90190,2026-01-16,13:02:08,INFO,WebServer,Health check passed: WebServer,E102,Health check passed: {service}
90191,2026-01-16,13:28:39,INFO,WebServer,Health check passed: WebServer,E102,Health check passed: {service}
90192,2026-01-16,13:35:45,INFO,AuthService,User u2281 login successful,E101,User {user} login successful
90193,2026-01-16,13:10:49,INFO,InventoryDB,Transaction tx400385 completed in 1124ms,E104,Transaction {tx} completed in {time}ms
90194,2026-01-16,13:25:14,INFO,PaymentGateway,User u2026 login successful,E101,User {user} login successful
90195,2026-01-16,13:12:13,INFO,WebServer,Page view: /home by u3974,E103,Page view: {page} by {user}
90196,2026-01-16,13:45:37,INFO,WebServer,Transaction tx862502 completed in 791ms,E104,Transaction {tx} completed in {time}ms
90197,2026-01-16,13:43:34,INFO,WebServer,Page view: /home by u2468,E103,Page view: {page} by {user}
90198,2026-01-16,13:24:30,INFO,PaymentGateway,Transaction tx605779 completed in 1501ms,E104,Transaction {tx} completed in {time}ms
90199,2026-01-16,13:40:42,INFO,OrderProcessor,User u3491 login successful,E101,User {user} login successful
90200,2026-01-16,13:59:40,INFO,OrderProcessor,Transaction tx630581 completed in 1295ms,E104,Transaction {tx} completed in {time}ms
90201,2026-01-16,13:06:35,INFO,InventoryDB,Transaction tx103903 completed in 1948ms,E104,Transaction {tx} completed in {time}ms
90202,2026-01-16,13:22:44,INFO,WebServer,Transaction tx647622 completed in 1908ms,E104,Transaction {tx} completed in {time}ms
90203,2026-01-16,13:17:09,INFO,WebServer,Page view: /home by u2542,E103,Page view: {page} by {user}
90204,2026-01-16,13:54:33,INFO,PaymentGateway,Transaction tx252148 completed in 865ms,E104,Transaction {tx} completed in {time}ms
90205,2026-01-16,13:12:15,ERROR,WebServer,Connection refused to WebServer at 10.0.0.45,E501,Connection refused to {service} at {ip}
90206,2026-01-16,13:28:14,INFO,WebServer,Page view: /home by u4217,E103,Page view: {page} by {user}
90207,2026-01-16,13:44:08,INFO,AuthService,Transaction tx878683 completed in 563ms,E104,Transaction {tx} completed in {time}ms
90208,2026-01-16,13:51:45,INFO,AuthService,User u3472 login successful,E101,User {user} login successful
90209,2026-01-16,13:11:52,INFO,WebServer,Page view: /home by u4256,E103,Page view: {page} by {user}
90210,2026-01-16,13:17:22,INFO,WebServer,Page view: /home by u1296,E103,Page view: {page} by {user}
90211,2026-01-16,13:34:50,INFO,OrderProcessor,Transaction tx140326 completed in 1648ms,E104,Transaction {tx} completed in {time}ms
90212,2026-01-16,13:56:41,INFO,OrderProcessor,Health check passed: OrderProcessor,E102,Health check passed: {service}
90213,2026-01-16,13:40:52,WARN,WebServer,Unauthorized access attempt from 10.0.0.45,E401,Unauthorized access attempt from {ip}
90214,2026-01-16,13:06:08,INFO,PaymentGateway,User u3631 login successful,E101,User {user} login successful
90215,2026-01-16,13:00:20,INFO,OrderProcessor,Health check passed: OrderProcessor,E102,Health check passed: {service}
90216,2026-01-16,13:47:07,INFO,AuthService,Transaction tx852163 completed in 1941ms,E104,Transaction {tx} completed in {time}ms
90217,2026-01-16,13:37:45,INFO,WebServer,Health check passed: WebServer,E102,Health check passed: {service}
90218,2026-01-16,13:51:49,INFO,OrderProcessor,User u2032 login successful,E101,User {user} login successful
90219,2026-01-16,13:47:11,INFO,WebServer,User u3450 login successful,E101,User {user} login successful
90220,2026-01-16,13:40:28,WARN,PaymentGateway,Disk usage > 85% on node node-2,E202,Disk usage > 85% on node {node}
90221,2026-01-16,13:35:52,INFO,AuthService,Page view: /home by u1548,E103,Page view: {page} by {user}
90222,2026-01-16,13:25:50,INFO,WebServer,Page view: /home by u4164,E103,Page view: {page} by {user}
90223,2026-01-16,13:11:47,INFO,WebServer,User u3130 login successful,E101,User {user} login successful
90224,2026-01-16,13:24:50,INFO,AuthService,User u3976 login successful,E101,User {user} login successful
90225,2026-01-16,13:12:21,INFO,WebServer,Transaction tx395139 completed in 882ms,E104,Transaction {tx} completed in {time}ms
90226,2026-01-16,13:18:04,INFO,WebServer,User u2885 login successful,E101,User {user} login successful
90227,2026-01-16,13:17:13,INFO,InventoryDB,Page view: /home by u2306,E103,Page view: {page} by {user}
90228,2026-01-16,13:56:17,INFO,PaymentGateway,User u2104 login successful,E101,User {user} login successful
90229,2026-01-16,13:21:23,INFO,AuthService,Health check passed: AuthService,E102,Health check passed: {service}
90230,2026-01-16,13:39:13,INFO,OrderProcessor,Health check passed: OrderProcessor,E102,Health check passed: {service}
90231,2026-01-16,13:09:33,INFO,WebServer,Transaction tx170856 completed in 1374ms,E104,Transaction {tx} completed in {time}ms
90232,2026-01-16,13:59:50,INFO,OrderProcessor,Health check passed: OrderProcessor,E102,Health check passed: {service}
90233,2026-01-16,13:33:11,INFO,WebServer,Transaction tx213480 completed in 419ms,E104,Transaction {tx} completed in {time}ms
90234,2026-01-16,13:42:43,INFO,PaymentGateway,User u4141 login successful,E101,User {user} login successful
90235,2026-01-16,13:47:55,INFO,WebServer,Transaction tx721224 completed in 1786ms,E104,Transaction {tx} completed in {time}ms
90236,2026-01-16,13:55:21,INFO,WebServer,Page view: /home by u1865,E103,Page view: {page} by {user}
90237,2026-01-16,13:45:42,INFO,WebServer,Health check passed: WebServer,E102,Health check passed: {service}
90238,2026-01-16,13:19:33,INFO,AuthService,Health check passed: AuthService,E102,Health check passed: {service}
90239,2026-01-16,13:53:29,INFO,PaymentGateway,Page view: /home by u1339,E103,Page view: {page} by {user}
90240,2026-01-16,13:38:48,INFO,WebServer,Health check passed: WebServer,E102,Health check passed: {service}
90241,2026-01-16,13:53:52,INFO,OrderProcessor,Page view: /home by u3186,E103,Page view: {page} by {user}
90242,2026-01-16,13:55:46,INFO,OrderProcessor,Transaction tx983259 completed in 311ms,E104,Transaction {tx} completed in {time}ms
90243,2026-01-16,13:21:37,INFO,WebServer,Transaction tx515121 completed in 1243ms,E104,Transaction {tx} completed in {time}ms
90244,2026-01-16,13:09:35,INFO,InventoryDB,Transaction tx944841 completed in 1639ms,E104,Transaction {tx} completed in {time}ms
90245,2026-01-16,13:51:11,INFO,WebServer,Health check passed: WebServer,E102,Health check passed: {service}
90246,2026-01-16,13:48:13,INFO,OrderProcessor,Health check passed: OrderProcessor,E102,Health check passed: {service}
90247,2026-01-16,13:37:20,INFO,AuthService,Health check passed: AuthService,E102,Health check passed: {service}
90248,2026-01-16,13:02:26,INFO,AuthService,Health check passed: AuthService,E102,Health check passed: {service}
90249,2026-01-16,13:10:45,INFO,WebServer,Health check passed: WebServer,E102,Health check passed: {service}
90250,2026-01-16,13:17:33,INFO,WebServer,Health check passed: WebServer,E102,Health check passed: {service}
90251,2026-01-16,13:21:37,WARN,OrderProcessor,High latency (1479ms) detected on OrderProcessor,E201,High latency ({time}ms) detected on {service}
90252,2026-01-16,13:16:42,INFO,PaymentGateway,User u4123 login successful,E101,User {user} login successful
90253,2026-01-16,13:32:36,INFO,OrderProcessor,Page view: /home by u4108,E103,Page view: {page} by {user}
90254,2026-01-16,13:59:07,INFO,AuthService,Transaction tx333708 completed in 1843ms,E104,Transaction {tx} completed in {time}ms
90255,2026-01-16,13:30:01,INFO,WebServer,Health check passed: WebServer,E102,Health check passed: {service}
90256,2026-01-16,13:15:42,INFO,PaymentGateway,Page view: /home by u4665,E103,Page view: {page} by {user}
90257,2026-01-16,13:27:59,INFO,WebServer,Transaction tx580797 completed in 616ms,E104,Transaction {tx} completed in {time}ms
90258,2026-01-16,13:10:28,INFO,WebServer,Health check passed: WebServer,E102,Health check passed: {service}
90259,2026-01-16,13:51:10,INFO,WebServer,User u3322 login successful,E101,User {user} login successful
90260,2026-01-16,13:42:20,INFO,WebServer,Page view: /home by u3793,E103,Page view: {page} by {user}
90261,2026-01-16,13:40:17,INFO,WebServer,Transaction tx193895 completed in 1323ms,E104,Transaction {tx} completed in {time}ms
90262,2026-01-16,13:21:44,INFO,WebServer,Page view: /home by u3924,E103,Page view: {page} by {user}
90263,2026-01-16,13:21:21,CRITICAL,OrderProcessor,KERNEL PANIC: Node node-1 crashed,E601,KERNEL PANIC: Node {node} crashed
90264,2026-01-16,13:52:01,INFO,PaymentGateway,Page view: /home by u2608,E103,Page view: {page} by {user}
90265,2026-01-16,13:29:44,INFO,PaymentGateway,User u2405 login successful,E101,User {user} login successful
90266,2026-01-16,13:16:07,INFO,WebServer,Health check passed: WebServer,E102,Health check passed: {service}
90267,2026-01-16,13:53:50,INFO,WebServer,Health check passed: WebServer,E102,Health check passed: {service}
90268,2026-01-16,13:52:57,INFO,WebServer,Health check passed: WebServer,E102,Health check passed: {service}
90269,2026-01-16,13:01:03,INFO,AuthService,Transaction tx241149 completed in 1354ms,E104,Transaction {tx} completed in {time}ms
90270,2026-01-16,13:24:19,INFO,AuthService,Page view: /home by u1779,E103,Page view: {page} by {user}
90271,2026-01-16,13:00:12,INFO,InventoryDB,User u2262 login successful,E101,User {user} login successful
90272,2026-01-16,13:32:46,WARN,OrderProcessor,Disk usage > 85% on node node-5,E202,Disk usage > 85% on node {node}
90273,2026-01-16,13:21:08,INFO,WebServer,Transaction tx845836 completed in 362ms,E104,Transaction {tx} completed in {time}ms
90274,2026-01-16,13:14:35,WARN,WebServer,Unauthorized access attempt from 10.0.0.12,E401,Unauthorized access attempt from {ip}
90275,2026-01-16,13:12:23,INFO,AuthService,Health check passed: AuthService,E102,Health check passed: {service}
90276,2026-01-16,13:13:07,INFO,WebServer,Health check passed: WebServer,E102,Health check passed: {service}
90277,2026-01-16,13:40:27,WARN,PaymentGateway,Disk usage > 85% on node node-5,E202,Disk usage > 85% on node {node}
90278,2026-01-16,13:30:55,INFO,PaymentGateway,Health check passed: PaymentGateway,E102,Health check passed: {service}
90279,2026-01-16,13:20:29,INFO,WebServer,User u4702 login successful,E101,User {user} login successful
90280,2026-01-16,13:32:46,INFO,WebServer,Page view: /home by u2081,E103,Page view: {page} by {user}
90281,2026-01-16,13:29:26,INFO,WebServer,Transaction tx173765 completed in 1477ms,E104,Transaction {tx} completed in {time}ms
90282,2026-01-16,13:08:13,INFO,WebServer,Health check passed: WebServer,E102,Health check passed: {service}
90283,2026-01-16,13:46:12,INFO,WebServer,Page view: /home by u1735,E103,Page view: {page} by {user}
90284,2026-01-16,13:54:14,INFO,WebServer,Page view: /home by u4196,E103,Page view: {page} by {user}
90285,2026-01-16,13:53:07,INFO,WebServer,Health check passed: WebServer,E102,Health check passed: {service}
90286,2026-01-16,13:37:18,INFO,WebServer,Health check passed: WebServer,E102,Health check passed: {service}
90287,2026-01-16,13:11:16,INFO,OrderProcessor,Page view: /home by u4522,E103,Page view: {page} by {user}
90288,2026-01-16,13:30:56,INFO,OrderProcessor,Health check passed: OrderProcessor,E102,Health check passed: {service}
90289,2026-01-16,13:35:44,WARN,OrderProcessor,Unauthorized access attempt from 10.0.0.45,E401,Unauthorized access attempt from {ip}
90290,2026-01-16,13:40:24,ERROR,PaymentGateway,Payment declined: Gateway unavailable,E503,Payment declined: Gateway unavailable
90291,2026-01-16,13:00:43,INFO,WebServer,Health check passed: WebServer,E102,Health check passed: {service}
90292,2026-01-16,13:44:27,INFO,WebServer,Page view: /home by u3663,E103,Page view: {page} by {user}
90293,2026-01-16,13:42:37,WARN,WebServer,Disk usage > 85% on node node-3,E202,Disk usage > 85% on node {node}
90294,2026-01-16,13:22:07,INFO,WebServer,Page view: /home by u3393,E103,Page view: {page} by {user}
90295,2026-01-16,13:40:09,INFO,WebServer,Health check passed: WebServer,E102,Health check passed: {service}
90296,2026-01-16,13:21:16,INFO,WebServer,Page view: /home by u3667,E103,Page view: {page} by {user}
90297,2026-01-16,13:11:02,INFO,PaymentGateway,User u1864 login successful,E101,User {user} login successful
90298,2026-01-16,13:22:29,WARN,AuthService,Disk usage > 85% on node node-4,E202,Disk usage > 85% on node {node}
90299,2026-01-16,13:44:39,INFO,AuthService,Transaction tx720884 completed in 1269ms,E104,Transaction {tx} completed in {time}ms
90300,2026-01-16,13:30:19,INFO,WebServer,User u1918 login successful,E101,User {user} login successful
90301,2026-01-16,13:33:19,INFO,WebServer,User u3649 login successful,E101,User {user} login successful
90302,2026-01-16,13:27:40,INFO,WebServer,Transaction tx409732 completed in 48ms,E104,Transaction {tx} completed in {time}ms
90303,2026-01-16,13:50:24,INFO,WebServer,Transaction tx502748 completed in 1812ms,E104,Transaction {tx} completed in {time}ms
90304,2026-01-16,13:16:45,INFO,WebServer,User u4202 login successful,E101,User {user} login successful
90305,2026-01-16,13:05:53,INFO,WebServer,Transaction tx146570 completed in 260ms,E104,Transaction {tx} completed in {time}ms
90306,2026-01-16,13:33:38,INFO,WebServer,Page view: /home by u1225,E103,Page view: {page} by {user}
90307,2026-01-16,13:10:14,INFO,AuthService,Page view: /home by u2414,E103,Page view: {page} by {user}
90308,2026-01-16,13:24:13,INFO,OrderProcessor,User u4517 login successful,E101,User {user} login successful
90309,2026-01-16,13:32:40,INFO,OrderProcessor,Health check passed: OrderProcessor,E102,Health check passed: {service}
90310,2026-01-16,13:03:34,INFO,AuthService,User u4633 login successful,E101,User {user} login successful
90311,2026-01-16,13:37:13,INFO,WebServer,Page view: /home by u4428,E103,Page view: {page} by {user}
90312,2026-01-16,13:21:35,INFO,WebServer,User u4426 login successful,E101,User {user} login successful
90313,2026-01-16,13:30:30,INFO,WebServer,Page view: /home by u4894,E103,Page view: {page} by {user}
90314,2026-01-16,13:45:55,WARN,AuthService,Unauthorized access attempt from 10.0.0.12,E401,Unauthorized access attempt from {ip}
90315,2026-01-16,13:01:27,INFO,WebServer,Page view: /home by u2202,E103,Page view: {page} by {user}
90316,2026-01-16,13:11:19,INFO,WebServer,Health check passed: WebServer,E102,Health check passed: {service}
90317,2026-01-16,13:38:45,INFO,AuthService,User u4470 login successful,E101,User {user} login successful
90318,2026-01-16,13:36:29,INFO,WebServer,Transaction tx820794 completed in 183ms,E104,Transaction {tx} completed in {time}ms
90319,2026-01-16,13:20:07,INFO,WebServer,User u1820 login successful,E101,User {user} login successful
90320,2026-01-16,13:17:59,INFO,WebServer,User u2978 login successful,E101,User {user} login successful
90321,2026-01-16,13:55:22,INFO,OrderProcessor,User u2754 login successful,E101,User {user} login successful
90322,2026-01-16,13:26:57,INFO,WebServer,Page view: /home by u2832,E103,Page view: {page} by {user}
90323,2026-01-16,13:25:47,INFO,OrderProcessor,User u1814 login successful,E101,User {user} login successful
90324,2026-01-16,13:32:02,INFO,WebServer,User u4409 login successful,E101,User {user} login successful
90325,2026-01-16,13:01:40,INFO,OrderProcessor,User u2614 login successful,E101,User {user} login successful
90326,2026-01-16,13:37:23,INFO,WebServer,Health check passed: WebServer,E102,Health check passed: {service}
90327,2026-01-16,13:48:01,INFO,WebServer,Transaction tx413122 completed in 682ms,E104,Transaction {tx} completed in {time}ms
90328,2026-01-16,13:14:09,INFO,AuthService,User u1077 login successful,E101,User {user} login successful
90329,2026-01-16,13:00:34,INFO,OrderProcessor,Page view: /home by u1565,E103,Page view: {page} by {user}
90330,2026-01-16,13:41:41,INFO,AuthService,Transaction tx346049 completed in 173ms,E104,Transaction {tx} completed in {time}ms
90331,2026-01-16,13:38:53,INFO,WebServer,Transaction tx448376 completed in 1180ms,E104,Transaction {tx} completed in {time}ms
90332,2026-01-16,13:12:24,INFO,WebServer,Page view: /home by u3132,E103,Page view: {page} by {user}
90333,2026-01-16,13:40:23,INFO,AuthService,Page view: /home by u3546,E103,Page view: {page} by {user}
90334,2026-01-16,13:06:23,INFO,OrderProcessor,User u1200 login successful,E101,User {user} login successful
90335,2026-01-16,13:11:07,INFO,AuthService,Transaction tx651960 completed in 1300ms,E104,Transaction {tx} completed in {time}ms
90336,2026-01-16,13:13:11,INFO,WebServer,Page view: /home by u3754,E103,Page view: {page} by {user}
90337,2026-01-16,13:58:18,INFO,PaymentGateway,Health check passed: PaymentGateway,E102,Health check passed: {service}
90338,2026-01-16,13:15:29,INFO,PaymentGateway,Health check passed: PaymentGateway,E102,Health check passed: {service}
90339,2026-01-16,13:44:44,INFO,PaymentGateway,Health check passed: PaymentGateway,E102,Health check passed: {service}
90340,2026-01-16,13:48:56,INFO,WebServer,Page view: /home by u3670,E103,Page view: {page} by {user}
90341,2026-01-16,13:18:57,INFO,AuthService,User u2001 login successful,E101,User {user} login successful
90342,2026-01-16,13:04:44,INFO,PaymentGateway,Transaction tx785821 completed in 1480ms,E104,Transaction {tx} completed in {time}ms
90343,2026-01-16,13:39:07,INFO,AuthService,Transaction tx428690 completed in 1622ms,E104,Transaction {tx} completed in {time}ms
90344,2026-01-16,13:36:15,INFO,OrderProcessor,User u3694 login successful,E101,User {user} login successful
90345,2026-01-16,13:14:31,INFO,WebServer,Transaction tx956656 completed in 1592ms,E104,Transaction {tx} completed in {time}ms
90346,2026-01-16,13:34:59,INFO,AuthService,User u2962 login successful,E101,User {user} login successful
90347,2026-01-16,13:59:41,INFO,PaymentGateway,Transaction tx961985 completed in 131ms,E104,Transaction {tx} completed in {time}ms
90348,2026-01-16,13:06:20,WARN,AuthService,High latency (624ms) detected on AuthService,E201,High latency ({time}ms) detected on {service}
90349,2026-01-16,13:58:31,INFO,InventoryDB,Page view: /home by u3271,E103,Page view: {page} by {user}
90350,2026-01-16,13:25:50,INFO,WebServer,Transaction tx312861 completed in 383ms,E104,Transaction {tx} completed in {time}ms
90351,2026-01-16,13:34:07,INFO,PaymentGateway,Page view: /home by u3185,E103,Page view: {page} by {user}
90352,2026-01-16,13:08:28,INFO,WebServer,Page view: /home by u4729,E103,Page view: {page} by {user}
90353,2026-01-16,13:48:56,INFO,WebServer,Transaction tx820700 completed in 1254ms,E104,Transaction {tx} completed in {time}ms
90354,2026-01-16,13:57:20,INFO,AuthService,Health check passed: AuthService,E102,Health check passed: {service}
90355,2026-01-16,13:52:48,INFO,WebServer,User u4770 login successful,E101,User {user} login successful
90356,2026-01-16,13:34:06,INFO,AuthService,Transaction tx844654 completed in 98ms,E104,Transaction {tx} completed in {time}ms
90357,2026-01-16,13:12:09,INFO,PaymentGateway,Page view: /home by u4885,E103,Page view: {page} by {user}
90358,2026-01-16,13:08:18,INFO,WebServer,User u1575 login successful,E101,User {user} login successful
90359,2026-01-16,13:59:20,INFO,WebServer,User u4952 login successful,E101,User {user} login successful
90360,2026-01-16,13:11:37,INFO,PaymentGateway,User u2240 login successful,E101,User {user} login successful
90361,2026-01-16,13:55:51,INFO,WebServer,User u3526 login successful,E101,User {user} login successful
90362,2026-01-16,13:38:34,INFO,WebServer,Page view: /home by u1939,E103,Page view: {page} by {user}
90363,2026-01-16,13:01:53,INFO,WebServer,Transaction tx834192 completed in 1918ms,E104,Transaction {tx} completed in {time}ms
90364,2026-01-16,13:42:12,INFO,WebServer,Page view: /home by u4772,E103,Page view: {page} by {user}
90365,2026-01-16,13:10:49,INFO,WebServer,Health check passed: WebServer,E102,Health check passed: {service}
90366,2026-01-16,13:40:21,INFO,WebServer,Page view: /home by u2129,E103,Page view: {page} by {user}
90367,2026-01-16,13:26:04,INFO,WebServer,Transaction tx736848 completed in 195ms,E104,Transaction {tx} completed in {time}ms
90368,2026-01-16,13:46:25,INFO,WebServer,Transaction tx615224 completed in 1572ms,E104,Transaction {tx} completed in {time}ms
90369,2026-01-16,13:07:57,INFO,OrderProcessor,User u4845 login successful,E101,User {user} login successful
90370,2026-01-16,13:33:31,INFO,AuthService,User u2592 login successful,E101,User {user} login successful
90371,2026-01-16,13:00:38,INFO,WebServer,Health check passed: WebServer,E102,Health check passed: {service}
90372,2026-01-16,13:19:20,INFO,AuthService,User u4917 login successful,E101,User {user} login successful
90373,2026-01-16,13:25:17,INFO,WebServer,Health check passed: WebServer,E102,Health check passed: {service}
90374,2026-01-16,13:47:24,INFO,InventoryDB,User u2309 login successful,E101,User {user} login successful
90375,2026-01-16,13:00:34,WARN,WebServer,Disk usage > 85% on node node-1,E202,Disk usage > 85% on node {node}
90376,2026-01-16,13:37:37,INFO,WebServer,Health check passed: WebServer,E102,Health check passed: {service}
90377,2026-01-16,13:28:20,INFO,OrderProcessor,User u2989 login successful,E101,User {user} login successful
90378,2026-01-16,13:25:15,INFO,PaymentGateway,User u4181 login successful,E101,User {user} login successful
90379,2026-01-16,13:59:27,INFO,WebServer,Transaction tx249850 completed in 1476ms,E104,Transaction {tx} completed in {time}ms
90380,2026-01-16,13:34:36,INFO,WebServer,Health check passed: WebServer,E102,Health check passed: {service}
90381,2026-01-16,13:54:48,INFO,WebServer,Transaction tx514288 completed in 975ms,E104,Transaction {tx} completed in {time}ms
90382,2026-01-16,13:54:22,INFO,PaymentGateway,User u4061 login successful,E101,User {user} login successful
90383,2026-01-16,13:26:47,INFO,WebServer,User u1670 login successful,E101,User {user} login successful
90384,2026-01-16,13:25:29,INFO,WebServer,User u4281 login successful,E101,User {user} login successful
90385,2026-01-16,13:56:50,INFO,OrderProcessor,Health check passed: OrderProcessor,E102,Health check passed: {service}
90386,2026-01-16,13:01:14,INFO,OrderProcessor,Page view: /home by u1954,E103,Page view: {page} by {user}
90387,2026-01-16,13:03:59,INFO,InventoryDB,User u1138 login successful,E101,User {user} login successful
90388,2026-01-16,13:06:11,INFO,PaymentGateway,Transaction tx474989 completed in 456ms,E104,Transaction {tx} completed in {time}ms
90389,2026-01-16,13:05:27,INFO,WebServer,Health check passed: WebServer,E102,Health check passed: {service}
90390,2026-01-16,13:09:03,WARN,WebServer,High latency (1049ms) detected on WebServer,E201,High latency ({time}ms) detected on {service}
90391,2026-01-16,13:15:00,INFO,WebServer,User u4114 login successful,E101,User {user} login successful
90392,2026-01-16,13:34:04,INFO,AuthService,Page view: /home by u2711,E103,Page view: {page} by {user}
90393,2026-01-16,13:05:25,INFO,WebServer,User u4080 login successful,E101,User {user} login successful
90394,2026-01-16,13:56:51,INFO,WebServer,Transaction tx592957 completed in 1714ms,E104,Transaction {tx} completed in {time}ms
90395,2026-01-16,13:06:14,INFO,AuthService,Health check passed: AuthService,E102,Health check passed: {service}
90396,2026-01-16,13:05:22,INFO,WebServer,User u2075 login successful,E101,User {user} login successful
90397,2026-01-16,13:55:43,INFO,WebServer,Health check passed: WebServer,E102,Health check passed: {service}
90398,2026-01-16,13:39:39,WARN,OrderProcessor,Unauthorized access attempt from 192.168.1.5,E401,Unauthorized access attempt from {ip}
90399,2026-01-16,13:15:49,INFO,OrderProcessor,Page view: /home by u1455,E103,Page view: {page} by {user}
90400,2026-01-16,13:40:00,INFO,WebServer,Transaction tx696792 completed in 1233ms,E104,Transaction {tx} completed in {time}ms
90401,2026-01-16,13:28:52,INFO,WebServer,Page view: /home by u3288,E103,Page view: {page} by {user}
90402,2026-01-16,13:39:08,INFO,WebServer,Page view: /home by u2930,E103,Page view: {page} by {user}
90403,2026-01-16,13:53:03,INFO,OrderProcessor,User u3697 login successful,E101,User {user} login successful
90404,2026-01-16,13:08:31,INFO,AuthService,Health check passed: AuthService,E102,Health check passed: {service}
90405,2026-01-16,13:35:36,INFO,AuthService,Health check passed: AuthService,E102,Health check passed: {service}
90406,2026-01-16,13:31:01,INFO,InventoryDB,Health check passed: InventoryDB,E102,Health check passed: {service}
90407,2026-01-16,13:57:22,INFO,WebServer,Health check passed: WebServer,E102,Health check passed: {service}
90408,2026-01-16,13:00:10,INFO,WebServer,User u3956 login successful,E101,User {user} login successful
90409,2026-01-16,13:07:25,INFO,WebServer,User u2214 login successful,E101,User {user} login successful
90410,2026-01-16,13:50:27,INFO,InventoryDB,Transaction tx622435 completed in 574ms,E104,Transaction {tx} completed in {time}ms
90411,2026-01-16,13:10:35,INFO,WebServer,User u2705 login successful,E101,User {user} login successful
90412,2026-01-16,13:14:39,INFO,OrderProcessor,Health check passed: OrderProcessor,E102,Health check passed: {service}
90413,2026-01-16,13:04:31,INFO,OrderProcessor,Transaction tx755566 completed in 434ms,E104,Transaction {tx} completed in {time}ms
90414,2026-01-16,13:39:05,WARN,WebServer,High latency (865ms) detected on WebServer,E201,High latency ({time}ms) detected on {service}
90415,2026-01-16,13:24:17,INFO,WebServer,Transaction tx572769 completed in 1459ms,E104,Transaction {tx} completed in {time}ms
90416,2026-01-16,13:16:57,INFO,WebServer,Transaction tx349389 completed in 239ms,E104,Transaction {tx} completed in {time}ms
90417,2026-01-16,13:24:22,INFO,AuthService,Transaction tx593697 completed in 1001ms,E104,Transaction {tx} completed in {time}ms
90418,2026-01-16,13:07:48,INFO,WebServer,Transaction tx274448 completed in 1171ms,E104,Transaction {tx} completed in {time}ms
90419,2026-01-16,13:37:00,INFO,WebServer,Health check passed: WebServer,E102,Health check passed: {service}
90420,2026-01-16,13:04:17,INFO,AuthService,Page view: /home by u3573,E103,Page view: {page} by {user}
90421,2026-01-16,13:29:08,INFO,PaymentGateway,Transaction tx156990 completed in 1912ms,E104,Transaction {tx} completed in {time}ms
90422,2026-01-16,13:24:54,INFO,WebServer,Page view: /home by u4761,E103,Page view: {page} by {user}
90423,2026-01-16,13:53:54,INFO,WebServer,Page view: /home by u2760,E103,Page view: {page} by {user}
90424,2026-01-16,13:35:15,INFO,OrderProcessor,Transaction tx346278 completed in 1524ms,E104,Transaction {tx} completed in {time}ms
90425,2026-01-16,13:31:29,INFO,OrderProcessor,Transaction tx376240 completed in 112ms,E104,Transaction {tx} completed in {time}ms
90426,2026-01-16,13:52:24,INFO,WebServer,User u4578 login successful,E101,User {user} login successful
90427,2026-01-16,13:21:31,INFO,WebServer,User u2089 login successful,E101,User {user} login successful
90428,2026-01-16,13:54:48,INFO,AuthService,Page view: /home by u2596,E103,Page view: {page} by {user}
90429,2026-01-16,13:52:23,INFO,PaymentGateway,Health check passed: PaymentGateway,E102,Health check passed: {service}
90430,2026-01-16,13:56:53,INFO,WebServer,Health check passed: WebServer,E102,Health check passed: {service}
90431,2026-01-16,13:15:17,INFO,AuthService,Transaction tx705571 completed in 1788ms,E104,Transaction {tx} completed in {time}ms
90432,2026-01-16,13:14:59,INFO,PaymentGateway,User u1511 login successful,E101,User {user} login successful
90433,2026-01-16,13:33:09,INFO,OrderProcessor,Transaction tx477529 completed in 1001ms,E104,Transaction {tx} completed in {time}ms
90434,2026-01-16,13:15:19,INFO,WebServer,Health check passed: WebServer,E102,Health check passed: {service}
90435,2026-01-16,13:03:26,INFO,OrderProcessor,Transaction tx398441 completed in 1923ms,E104,Transaction {tx} completed in {time}ms
90436,2026-01-16,13:18:08,INFO,WebServer,User u1549 login successful,E101,User {user} login successful
90437,2026-01-16,13:45:26,INFO,AuthService,Transaction tx822510 completed in 1036ms,E104,Transaction {tx} completed in {time}ms
90438,2026-01-16,13:10:07,INFO,WebServer,Page view: /home by u2031,E103,Page view: {page} by {user}
90439,2026-01-16,13:44:34,INFO,PaymentGateway,Page view: /home by u2889,E103,Page view: {page} by {user}
90440,2026-01-16,13:12:33,INFO,WebServer,User u2815 login successful,E101,User {user} login successful
90441,2026-01-16,13:15:11,INFO,PaymentGateway,Health check passed: PaymentGateway,E102,Health check passed: {service}
90442,2026-01-16,13:40:16,WARN,WebServer,Unauthorized access attempt from 10.0.0.45,E401,Unauthorized access attempt from {ip}
90443,2026-01-16,13:10:27,INFO,AuthService,Health check passed: AuthService,E102,Health check passed: {service}
90444,2026-01-16,13:51:22,INFO,WebServer,User u3895 login successful,E101,User {user} login successful
90445,2026-01-16,13:38:23,INFO,PaymentGateway,Page view: /home by u4813,E103,Page view: {page} by {user}
90446,2026-01-16,13:34:07,INFO,WebServer,Transaction tx512953 completed in 1909ms,E104,Transaction {tx} completed in {time}ms
90447,2026-01-16,13:52:06,ERROR,WebServer,Timeout waiting for lock on InventoryDB,E502,Timeout waiting for lock on {db}
90448,2026-01-16,13:53:02,INFO,AuthService,Transaction tx145054 completed in 1842ms,E104,Transaction {tx} completed in {time}ms
90449,2026-01-16,13:27:08,INFO,OrderProcessor,User u4603 login successful,E101,User {user} login successful
90450,2026-01-16,13:46:19,INFO,WebServer,Transaction tx686946 completed in 1166ms,E104,Transaction {tx} completed in {time}ms
90451,2026-01-16,13:22:03,WARN,AuthService,High latency (1995ms) detected on AuthService,E201,High latency ({time}ms) detected on {service}
90452,2026-01-16,13:41:51,INFO,AuthService,Transaction tx280458 completed in 1509ms,E104,Transaction {tx} completed in {time}ms
90453,2026-01-16,13:03:47,INFO,PaymentGateway,Transaction tx721052 completed in 1841ms,E104,Transaction {tx} completed in {time}ms
90454,2026-01-16,13:44:39,INFO,WebServer,User u4122 login successful,E101,User {user} login successful
90455,2026-01-16,13:04:17,INFO,WebServer,User u3828 login successful,E101,User {user} login successful
90456,2026-01-16,13:03:05,INFO,PaymentGateway,Transaction tx527078 completed in 1248ms,E104,Transaction {tx} completed in {time}ms
90457,2026-01-16,13:03:20,INFO,AuthService,Health check passed: AuthService,E102,Health check passed: {service}
90458,2026-01-16,13:00:07,INFO,WebServer,Page view: /home by u1706,E103,Page view: {page} by {user}
90459,2026-01-16,13:51:31,WARN,WebServer,Disk usage > 85% on node node-1,E202,Disk usage > 85% on node {node}
90460,2026-01-16,13:11:41,INFO,WebServer,Health check passed: WebServer,E102,Health check passed: {service}
90461,2026-01-16,13:43:28,INFO,AuthService,User u1972 login successful,E101,User {user} login successful
90462,2026-01-16,13:07:56,INFO,AuthService,User u3011 login successful,E101,User {user} login successful
90463,2026-01-16,13:05:38,INFO,AuthService,User u4711 login successful,E101,User {user} login successful
90464,2026-01-16,13:56:57,INFO,WebServer,User u3584 login successful,E101,User {user} login successful
90465,2026-01-16,13:51:56,INFO,WebServer,Page view: /home by u4405,E103,Page view: {page} by {user}
90466,2026-01-16,13:51:26,INFO,WebServer,Health check passed: WebServer,E102,Health check passed: {service}
90467,2026-01-16,13:32:44,WARN,WebServer,Disk usage > 85% on node node-1,E202,Disk usage > 85% on node {node}
90468,2026-01-16,13:56:58,INFO,WebServer,User u1638 login successful,E101,User {user} login successful
90469,2026-01-16,13:28:54,INFO,AuthService,Page view: /home by u2186,E103,Page view: {page} by {user}
90470,2026-01-16,13:29:18,ERROR,OrderProcessor,Timeout waiting for lock on InventoryDB,E502,Timeout waiting for lock on {db}
90471,2026-01-16,13:16:57,WARN,WebServer,Disk usage > 85% on node node-2,E202,Disk usage > 85% on node {node}
90472,2026-01-16,13:12:19,INFO,AuthService,User u4145 login successful,E101,User {user} login successful
90473,2026-01-16,13:00:28,INFO,WebServer,Transaction tx287595 completed in 375ms,E104,Transaction {tx} completed in {time}ms
90474,2026-01-16,13:32:45,INFO,AuthService,Page view: /home by u3333,E103,Page view: {page} by {user}
90475,2026-01-16,13:02:50,INFO,AuthService,Health check passed: AuthService,E102,Health check passed: {service}
90476,2026-01-16,13:38:29,INFO,WebServer,Health check passed: WebServer,E102,Health check passed: {service}
90477,2026-01-16,13:25:16,INFO,WebServer,Page view: /home by u1436,E103,Page view: {page} by {user}
90478,2026-01-16,13:22:57,INFO,WebServer,Page view: /home by u1436,E103,Page view: {page} by {user}
90479,2026-01-16,13:43:52,INFO,OrderProcessor,Transaction tx817942 completed in 1194ms,E104,Transaction {tx} completed in {time}ms
90480,2026-01-16,13:34:26,INFO,OrderProcessor,User u3103 login successful,E101,User {user} login successful
90481,2026-01-16,13:16:10,INFO,WebServer,Page view: /home by u3954,E103,Page view: {page} by {user}
90482,2026-01-16,13:34:27,INFO,AuthService,Transaction tx583817 completed in 409ms,E104,Transaction {tx} completed in {time}ms
90483,2026-01-16,13:14:52,INFO,WebServer,User u3527 login successful,E101,User {user} login successful
90484,2026-01-16,13:37:44,INFO,OrderProcessor,Page view: /home by u2477,E103,Page view: {page} by {user}
90485,2026-01-16,13:18:14,INFO,AuthService,Health check passed: AuthService,E102,Health check passed: {service}
90486,2026-01-16,13:53:14,INFO,WebServer,Page view: /home by u4927,E103,Page view: {page} by {user}
90487,2026-01-16,13:00:53,INFO,OrderProcessor,Page view: /home by u2642,E103,Page view: {page} by {user}
90488,2026-01-16,13:15:42,WARN,WebServer,Unauthorized access attempt from 10.0.0.45,E401,Unauthorized access attempt from {ip}
90489,2026-01-16,13:11:07,INFO,OrderProcessor,Transaction tx925521 completed in 608ms,E104,Transaction {tx} completed in {time}ms
90490,2026-01-16,13:49:35,INFO,OrderProcessor,Transaction tx805225 completed in 1800ms,E104,Transaction {tx} completed in {time}ms
90491,2026-01-16,13:44:04,INFO,WebServer,Health check passed: WebServer,E102,Health check passed: {service}
90492,2026-01-16,13:38:40,INFO,WebServer,Page view: /home by u4154,E103,Page view: {page} by {user}
90493,2026-01-16,13:22:39,INFO,AuthService,Transaction tx895426 completed in 1657ms,E104,Transaction {tx} completed in {time}ms
90494,2026-01-16,13:51:39,INFO,InventoryDB,Transaction tx857260 completed in 37ms,E104,Transaction {tx} completed in {time}ms
90495,2026-01-16,13:54:41,INFO,WebServer,Transaction tx661279 completed in 1345ms,E104,Transaction {tx} completed in {time}ms
90496,2026-01-16,13:51:36,INFO,WebServer,User u3607 login successful,E101,User {user} login successful
90497,2026-01-16,13:24:10,WARN,WebServer,Disk usage > 85% on node node-3,E202,Disk usage > 85% on node {node}
90498,2026-01-16,13:07:56,INFO,AuthService,Transaction tx885077 completed in 694ms,E104,Transaction {tx} completed in {time}ms
90499,2026-01-16,13:41:40,INFO,WebServer,User u3719 login successful,E101,User {user} login successful
90500,2026-01-16,13:15:41,INFO,WebServer,Transaction tx853790 completed in 316ms,E104,Transaction {tx} completed in {time}ms
90501,2026-01-16,13:33:04,INFO,AuthService,Page view: /home by u3652,E103,Page view: {page} by {user}
90502,2026-01-16,13:59:31,INFO,WebServer,User u1820 login successful,E101,User {user} login successful
90503,2026-01-16,13:59:47,INFO,WebServer,Health check passed: WebServer,E102,Health check passed: {service}
90504,2026-01-16,13:08:26,WARN,AuthService,High latency (268ms) detected on AuthService,E201,High latency ({time}ms) detected on {service}
90505,2026-01-16,13:25:49,INFO,WebServer,Page view: /home by u2202,E103,Page view: {page} by {user}
90506,2026-01-16,13:00:32,INFO,WebServer,User u4473 login successful,E101,User {user} login successful
90507,2026-01-16,13:22:43,INFO,WebServer,Health check passed: WebServer,E102,Health check passed: {service}
90508,2026-01-16,13:23:30,INFO,WebServer,Transaction tx289595 completed in 775ms,E104,Transaction {tx} completed in {time}ms
90509,2026-01-16,13:04:02,INFO,WebServer,Health check passed: WebServer,E102,Health check passed: {service}
90510,2026-01-16,13:11:55,INFO,PaymentGateway,Health check passed: PaymentGateway,E102,Health check passed: {service}
90511,2026-01-16,13:16:37,INFO,AuthService,Health check passed: AuthService,E102,Health check passed: {service}
90512,2026-01-16,13:32:34,INFO,WebServer,Health check passed: WebServer,E102,Health check passed: {service}
90513,2026-01-16,13:13:21,INFO,InventoryDB,Page view: /home by u1027,E103,Page view: {page} by {user}
90514,2026-01-16,13:56:22,INFO,AuthService,User u2659 login successful,E101,User {user} login successful
90515,2026-01-16,13:31:57,INFO,AuthService,Page view: /home by u3318,E103,Page view: {page} by {user}
90516,2026-01-16,13:05:19,INFO,WebServer,Transaction tx764742 completed in 1015ms,E104,Transaction {tx} completed in {time}ms
90517,2026-01-16,13:27:24,INFO,WebServer,Page view: /home by u1266,E103,Page view: {page} by {user}
90518,2026-01-16,13:55:14,INFO,OrderProcessor,Transaction tx134109 completed in 1084ms,E104,Transaction {tx} completed in {time}ms
90519,2026-01-16,13:00:17,WARN,WebServer,Disk usage > 85% on node node-3,E202,Disk usage > 85% on node {node}
90520,2026-01-16,13:41:12,INFO,WebServer,Page view: /home by u2480,E103,Page view: {page} by {user}
90521,2026-01-16,13:30:50,INFO,WebServer,User u1822 login successful,E101,User {user} login successful
90522,2026-01-16,13:40:08,INFO,WebServer,Page view: /home by u3501,E103,Page view: {page} by {user}
90523,2026-01-16,13:47:59,INFO,WebServer,User u2901 login successful,E101,User {user} login successful
90524,2026-01-16,13:10:48,INFO,WebServer,Transaction tx188663 completed in 1163ms,E104,Transaction {tx} completed in {time}ms
90525,2026-01-16,13:12:27,INFO,WebServer,Transaction tx542687 completed in 1423ms,E104,Transaction {tx} completed in {time}ms
90526,2026-01-16,13:35:05,INFO,PaymentGateway,Health check passed: PaymentGateway,E102,Health check passed: {service}
90527,2026-01-16,13:29:14,INFO,WebServer,User u2097 login successful,E101,User {user} login successful
90528,2026-01-16,13:13:01,INFO,AuthService,User u4688 login successful,E101,User {user} login successful
90529,2026-01-16,13:50:42,INFO,AuthService,Page view: /home by u3476,E103,Page view: {page} by {user}
90530,2026-01-16,13:04:13,ERROR,WebServer,Timeout waiting for lock on InventoryDB,E502,Timeout waiting for lock on {db}
90531,2026-01-16,13:42:14,INFO,InventoryDB,Transaction tx797433 completed in 1120ms,E104,Transaction {tx} completed in {time}ms
90532,2026-01-16,13:21:35,INFO,WebServer,Transaction tx120787 completed in 1420ms,E104,Transaction {tx} completed in {time}ms
90533,2026-01-16,13:16:42,INFO,WebServer,User u4180 login successful,E101,User {user} login successful
90534,2026-01-16,13:51:27,WARN,WebServer,Unauthorized access attempt from 10.0.0.45,E401,Unauthorized access attempt from {ip}
90535,2026-01-16,13:33:25,INFO,AuthService,Health check passed: AuthService,E102,Health check passed: {service}
90536,2026-01-16,13:29:15,INFO,WebServer,Page view: /home by u4517,E103,Page view: {page} by {user}
90537,2026-01-16,13:46:02,INFO,AuthService,Page view: /home by u2395,E103,Page view: {page} by {user}
90538,2026-01-16,13:29:32,INFO,WebServer,User u4920 login successful,E101,User {user} login successful
90539,2026-01-16,13:46:54,INFO,WebServer,Health check passed: WebServer,E102,Health check passed: {service}
90540,2026-01-16,13:11:31,INFO,WebServer,Page view: /home by u3686,E103,Page view: {page} by {user}
90541,2026-01-16,13:57:00,INFO,WebServer,User u2712 login successful,E101,User {user} login successful
90542,2026-01-16,13:58:07,INFO,AuthService,User u1728 login successful,E101,User {user} login successful
90543,2026-01-16,13:29:03,INFO,AuthService,Health check passed: AuthService,E102,Health check passed: {service}
90544,2026-01-16,13:58:38,INFO,WebServer,Page view: /home by u3000,E103,Page view: {page} by {user}
90545,2026-01-16,13:24:31,INFO,AuthService,Health check passed: AuthService,E102,Health check passed: {service}
90546,2026-01-16,13:54:39,INFO,AuthService,Transaction tx975718 completed in 59ms,E104,Transaction {tx} completed in {time}ms
90547,2026-01-16,13:24:59,INFO,InventoryDB,Health check passed: InventoryDB,E102,Health check passed: {service}
90548,2026-01-16,13:25:53,INFO,WebServer,Page view: /home by u2292,E103,Page view: {page} by {user}
90549,2026-01-16,13:56:41,INFO,OrderProcessor,User u1288 login successful,E101,User {user} login successful
90550,2026-01-16,13:51:08,INFO,AuthService,User u1200 login successful,E101,User {user} login successful
90551,2026-01-16,13:02:09,INFO,WebServer,Health check passed: WebServer,E102,Health check passed: {service}
90552,2026-01-16,13:15:17,INFO,AuthService,Transaction tx289227 completed in 1759ms,E104,Transaction {tx} completed in {time}ms
90553,2026-01-16,13:40:41,INFO,PaymentGateway,Transaction tx555824 completed in 589ms,E104,Transaction {tx} completed in {time}ms
90554,2026-01-16,13:29:25,INFO,WebServer,User u3371 login successful,E101,User {user} login successful
90555,2026-01-16,13:47:07,INFO,OrderProcessor,Page view: /home by u2353,E103,Page view: {page} by {user}
90556,2026-01-16,13:01:17,INFO,WebServer,User u1100 login successful,E101,User {user} login successful
90557,2026-01-16,13:01:46,INFO,OrderProcessor,Page view: /home by u4514,E103,Page view: {page} by {user}
90558,2026-01-16,13:42:27,INFO,PaymentGateway,Health check passed: PaymentGateway,E102,Health check passed: {service}
90559,2026-01-16,13:27:59,INFO,WebServer,Transaction tx960907 completed in 1256ms,E104,Transaction {tx} completed in {time}ms
90560,2026-01-16,13:05:50,INFO,WebServer,Transaction tx265292 completed in 1426ms,E104,Transaction {tx} completed in {time}ms
90561,2026-01-16,13:02:29,INFO,WebServer,Transaction tx320275 completed in 863ms,E104,Transaction {tx} completed in {time}ms
90562,2026-01-16,13:49:43,INFO,AuthService,User u2679 login successful,E101,User {user} login successful
90563,2026-01-16,13:01:57,ERROR,OrderProcessor,Timeout waiting for lock on InventoryDB,E502,Timeout waiting for lock on {db}
90564,2026-01-16,13:27:38,INFO,InventoryDB,Health check passed: InventoryDB,E102,Health check passed: {service}
90565,2026-01-16,13:56:13,INFO,WebServer,Page view: /home by u3157,E103,Page view: {page} by {user}
90566,2026-01-16,13:50:11,INFO,WebServer,User u3206 login successful,E101,User {user} login successful
90567,2026-01-16,13:37:35,INFO,AuthService,User u3700 login successful,E101,User {user} login successful
90568,2026-01-16,13:19:25,INFO,WebServer,Transaction tx902810 completed in 598ms,E104,Transaction {tx} completed in {time}ms
90569,2026-01-16,13:09:49,INFO,AuthService,User u4269 login successful,E101,User {user} login successful
90570,2026-01-16,13:07:39,ERROR,OrderProcessor,Connection refused to OrderProcessor at 10.0.0.45,E501,Connection refused to {service} at {ip}
90571,2026-01-16,13:50:49,INFO,AuthService,User u1514 login successful,E101,User {user} login successful
90572,2026-01-16,13:41:45,INFO,WebServer,Health check passed: WebServer,E102,Health check passed: {service}
90573,2026-01-16,13:17:53,INFO,WebServer,Transaction tx489440 completed in 538ms,E104,Transaction {tx} completed in {time}ms
90574,2026-01-16,13:59:35,INFO,AuthService,Transaction tx245472 completed in 52ms,E104,Transaction {tx} completed in {time}ms
90575,2026-01-16,13:52:54,INFO,PaymentGateway,Transaction tx381983 completed in 264ms,E104,Transaction {tx} completed in {time}ms
90576,2026-01-16,13:16:14,INFO,WebServer,Transaction tx155431 completed in 953ms,E104,Transaction {tx} completed in {time}ms
90577,2026-01-16,13:50:11,INFO,WebServer,Page view: /home by u1717,E103,Page view: {page} by {user}
90578,2026-01-16,13:57:28,ERROR,WebServer,Timeout waiting for lock on InventoryDB,E502,Timeout waiting for lock on {db}
90579,2026-01-16,13:10:44,INFO,WebServer,Health check passed: WebServer,E102,Health check passed: {service}
90580,2026-01-16,13:56:26,INFO,WebServer,User u3079 login successful,E101,User {user} login successful
90581,2026-01-16,13:00:37,INFO,AuthService,Page view: /home by u1043,E103,Page view: {page} by {user}
90582,2026-01-16,13:02:16,INFO,WebServer,Page view: /home by u4477,E103,Page view: {page} by {user}
90583,2026-01-16,13:30:06,INFO,PaymentGateway,User u2827 login successful,E101,User {user} login successful
90584,2026-01-16,13:42:38,INFO,WebServer,User u2587 login successful,E101,User {user} login successful
90585,2026-01-16,13:25:31,INFO,AuthService,Page view: /home by u4305,E103,Page view: {page} by {user}
90586,2026-01-16,13:49:33,INFO,WebServer,Page view: /home by u3001,E103,Page view: {page} by {user}
90587,2026-01-16,13:52:33,INFO,AuthService,Page view: /home by u1465,E103,Page view: {page} by {user}
90588,2026-01-16,13:47:25,WARN,AuthService,High latency (1840ms) detected on AuthService,E201,High latency ({time}ms) detected on {service}
90589,2026-01-16,13:28:35,INFO,AuthService,User u2209 login successful,E101,User {user} login successful
90590,2026-01-16,13:50:23,INFO,WebServer,User u4269 login successful,E101,User {user} login successful
90591,2026-01-16,13:35:41,INFO,AuthService,Transaction tx113455 completed in 52ms,E104,Transaction {tx} completed in {time}ms
90592,2026-01-16,13:00:48,INFO,WebServer,User u1597 login successful,E101,User {user} login successful
90593,2026-01-16,13:06:30,INFO,AuthService,Transaction tx999965 completed in 835ms,E104,Transaction {tx} completed in {time}ms
90594,2026-01-16,13:51:47,INFO,WebServer,Health check passed: WebServer,E102,Health check passed: {service}
90595,2026-01-16,13:25:51,INFO,OrderProcessor,User u3029 login successful,E101,User {user} login successful
90596,2026-01-16,13:04:55,INFO,WebServer,User u3611 login successful,E101,User {user} login successful
90597,2026-01-16,13:49:20,WARN,InventoryDB,Disk usage > 85% on node node-3,E202,Disk usage > 85% on node {node}
90598,2026-01-16,13:54:29,INFO,OrderProcessor,Transaction tx843965 completed in 1045ms,E104,Transaction {tx} completed in {time}ms
90599,2026-01-16,13:00:13,INFO,WebServer,Transaction tx109647 completed in 1308ms,E104,Transaction {tx} completed in {time}ms
90600,2026-01-16,13:04:02,INFO,WebServer,Health check passed: WebServer,E102,Health check passed: {service}
90601,2026-01-16,13:33:31,INFO,OrderProcessor,Transaction tx869203 completed in 1392ms,E104,Transaction {tx} completed in {time}ms
90602,2026-01-16,13:28:10,INFO,AuthService,Health check passed: AuthService,E102,Health check passed: {service}
90603,2026-01-16,13:33:43,INFO,PaymentGateway,User u3713 login successful,E101,User {user} login successful
90604,2026-01-16,13:48:44,INFO,WebServer,Health check passed: WebServer,E102,Health check passed: {service}
90605,2026-01-16,13:07:17,INFO,OrderProcessor,Page view: /home by u4146,E103,Page view: {page} by {user}
90606,2026-01-16,13:47:30,INFO,PaymentGateway,Page view: /home by u3378,E103,Page view: {page} by {user}
90607,2026-01-16,13:08:49,INFO,WebServer,User u1981 login successful,E101,User {user} login successful
90608,2026-01-16,13:40:26,INFO,WebServer,Transaction tx202713 completed in 1689ms,E104,Transaction {tx} completed in {time}ms
90609,2026-01-16,13:45:37,INFO,WebServer,Health check passed: WebServer,E102,Health check passed: {service}
90610,2026-01-16,13:11:08,INFO,WebServer,Transaction tx849238 completed in 808ms,E104,Transaction {tx} completed in {time}ms
90611,2026-01-16,13:11:48,INFO,WebServer,Transaction tx507190 completed in 1028ms,E104,Transaction {tx} completed in {time}ms
90612,2026-01-16,13:34:22,INFO,PaymentGateway,Page view: /home by u1655,E103,Page view: {page} by {user}
90613,2026-01-16,13:40:56,INFO,WebServer,Health check passed: WebServer,E102,Health check passed: {service}
90614,2026-01-16,13:53:56,ERROR,OrderProcessor,Payment declined: Gateway unavailable,E503,Payment declined: Gateway unavailable
90615,2026-01-16,13:31:25,INFO,PaymentGateway,User u3819 login successful,E101,User {user} login successful
90616,2026-01-16,13:37:26,INFO,WebServer,Page view: /home by u1586,E103,Page view: {page} by {user}
90617,2026-01-16,13:14:06,INFO,OrderProcessor,Page view: /home by u2767,E103,Page view: {page} by {user}
90618,2026-01-16,13:58:08,INFO,OrderProcessor,Page view: /home by u3523,E103,Page view: {page} by {user}
90619,2026-01-16,13:11:51,INFO,WebServer,Transaction tx292803 completed in 1257ms,E104,Transaction {tx} completed in {time}ms
90620,2026-01-16,13:25:16,INFO,OrderProcessor,Health check passed: OrderProcessor,E102,Health check passed: {service}
90621,2026-01-16,13:58:05,INFO,WebServer,Transaction tx540336 completed in 1094ms,E104,Transaction {tx} completed in {time}ms
90622,2026-01-16,13:25:18,INFO,WebServer,Transaction tx125806 completed in 1953ms,E104,Transaction {tx} completed in {time}ms
90623,2026-01-16,13:11:58,INFO,WebServer,Transaction tx591587 completed in 691ms,E104,Transaction {tx} completed in {time}ms
90624,2026-01-16,13:48:03,INFO,WebServer,Health check passed: WebServer,E102,Health check passed: {service}
90625,2026-01-16,13:33:26,INFO,WebServer,User u1917 login successful,E101,User {user} login successful
90626,2026-01-16,13:57:49,INFO,WebServer,Transaction tx300547 completed in 1987ms,E104,Transaction {tx} completed in {time}ms
90627,2026-01-16,13:09:40,INFO,PaymentGateway,Health check passed: PaymentGateway,E102,Health check passed: {service}
90628,2026-01-16,13:45:11,INFO,OrderProcessor,Page view: /home by u2516,E103,Page view: {page} by {user}
90629,2026-01-16,13:49:43,INFO,WebServer,User u1981 login successful,E101,User {user} login successful
90630,2026-01-16,13:09:10,INFO,WebServer,Page view: /home by u1971,E103,Page view: {page} by {user}
90631,2026-01-16,13:30:21,INFO,WebServer,User u4720 login successful,E101,User {user} login successful
90632,2026-01-16,13:29:07,INFO,WebServer,Health check passed: WebServer,E102,Health check passed: {service}
90633,2026-01-16,13:30:13,INFO,WebServer,Transaction tx872370 completed in 531ms,E104,Transaction {tx} completed in {time}ms
90634,2026-01-16,13:18:20,INFO,PaymentGateway,Transaction tx811422 completed in 1943ms,E104,Transaction {tx} completed in {time}ms
90635,2026-01-16,13:33:33,INFO,WebServer,User u1277 login successful,E101,User {user} login successful
90636,2026-01-16,13:55:40,INFO,WebServer,Page view: /home by u2571,E103,Page view: {page} by {user}
90637,2026-01-16,13:10:09,INFO,WebServer,Health check passed: WebServer,E102,Health check passed: {service}
90638,2026-01-16,13:41:21,INFO,OrderProcessor,Transaction tx727951 completed in 1600ms,E104,Transaction {tx} completed in {time}ms
90639,2026-01-16,13:09:47,INFO,WebServer,Health check passed: WebServer,E102,Health check passed: {service}
90640,2026-01-16,13:10:21,INFO,WebServer,User u1922 login successful,E101,User {user} login successful
90641,2026-01-16,13:52:18,INFO,AuthService,Page view: /home by u2420,E103,Page view: {page} by {user}
90642,2026-01-16,13:12:30,INFO,WebServer,Page view: /home by u3429,E103,Page view: {page} by {user}
90643,2026-01-16,13:38:16,INFO,OrderProcessor,User u3632 login successful,E101,User {user} login successful
90644,2026-01-16,13:19:38,INFO,OrderProcessor,User u4162 login successful,E101,User {user} login successful
90645,2026-01-16,13:05:29,INFO,AuthService,Transaction tx252629 completed in 1591ms,E104,Transaction {tx} completed in {time}ms
90646,2026-01-16,13:20:01,INFO,WebServer,Health check passed: WebServer,E102,Health check passed: {service}
90647,2026-01-16,13:30:39,INFO,PaymentGateway,Transaction tx164077 completed in 1942ms,E104,Transaction {tx} completed in {time}ms
90648,2026-01-16,13:41:23,INFO,WebServer,Page view: /home by u1915,E103,Page view: {page} by {user}
90649,2026-01-16,13:00:07,INFO,WebServer,Health check passed: WebServer,E102,Health check passed: {service}
90650,2026-01-16,13:32:05,INFO,WebServer,User u4174 login successful,E101,User {user} login successful
90651,2026-01-16,13:25:15,INFO,WebServer,Transaction tx642423 completed in 614ms,E104,Transaction {tx} completed in {time}ms
90652,2026-01-16,13:17:06,INFO,WebServer,Health check passed: WebServer,E102,Health check passed: {service}
90653,2026-01-16,13:10:34,INFO,OrderProcessor,User u4942 login successful,E101,User {user} login successful
90654,2026-01-16,13:35:31,INFO,PaymentGateway,Page view: /home by u1276,E103,Page view: {page} by {user}
90655,2026-01-16,13:24:22,INFO,OrderProcessor,Transaction tx648183 completed in 1539ms,E104,Transaction {tx} completed in {time}ms
90656,2026-01-16,13:08:56,INFO,InventoryDB,Transaction tx186155 completed in 596ms,E104,Transaction {tx} completed in {time}ms
90657,2026-01-16,13:29:45,INFO,WebServer,Health check passed: WebServer,E102,Health check passed: {service}
90658,2026-01-16,13:55:38,INFO,PaymentGateway,Transaction tx445586 completed in 1764ms,E104,Transaction {tx} completed in {time}ms
90659,2026-01-16,13:39:18,INFO,OrderProcessor,Health check passed: OrderProcessor,E102,Health check passed: {service}
90660,2026-01-16,13:27:13,INFO,WebServer,Transaction tx623678 completed in 535ms,E104,Transaction {tx} completed in {time}ms
90661,2026-01-16,13:16:00,INFO,InventoryDB,User u1448 login successful,E101,User {user} login successful
90662,2026-01-16,13:10:14,INFO,AuthService,Page view: /home by u4455,E103,Page view: {page} by {user}
90663,2026-01-16,13:36:53,INFO,WebServer,Health check passed: WebServer,E102,Health check passed: {service}
90664,2026-01-16,13:03:59,INFO,OrderProcessor,User u1205 login successful,E101,User {user} login successful
90665,2026-01-16,13:06:46,INFO,WebServer,Transaction tx563501 completed in 1736ms,E104,Transaction {tx} completed in {time}ms
90666,2026-01-16,13:23:30,WARN,OrderProcessor,Disk usage > 85% on node node-2,E202,Disk usage > 85% on node {node}
90667,2026-01-16,13:38:45,INFO,WebServer,User u2335 login successful,E101,User {user} login successful
90668,2026-01-16,13:42:29,WARN,AuthService,Unauthorized access attempt from 10.0.0.88,E401,Unauthorized access attempt from {ip}
90669,2026-01-16,13:24:57,INFO,AuthService,User u4899 login successful,E101,User {user} login successful
90670,2026-01-16,13:47:14,INFO,AuthService,Page view: /home by u1628,E103,Page view: {page} by {user}
90671,2026-01-16,13:02:14,INFO,PaymentGateway,Page view: /home by u2254,E103,Page view: {page} by {user}
90672,2026-01-16,13:41:25,INFO,WebServer,Transaction tx647586 completed in 1962ms,E104,Transaction {tx} completed in {time}ms
90673,2026-01-16,13:04:57,INFO,WebServer,Health check passed: WebServer,E102,Health check passed: {service}
90674,2026-01-16,13:05:11,INFO,WebServer,User u2823 login successful,E101,User {user} login successful
90675,2026-01-16,13:06:33,INFO,WebServer,Health check passed: WebServer,E102,Health check passed: {service}
90676,2026-01-16,13:08:35,INFO,OrderProcessor,Transaction tx194090 completed in 1601ms,E104,Transaction {tx} completed in {time}ms
90677,2026-01-16,13:36:27,INFO,WebServer,Health check passed: WebServer,E102,Health check passed: {service}
90678,2026-01-16,13:35:21,INFO,WebServer,Page view: /home by u4314,E103,Page view: {page} by {user}
90679,2026-01-16,13:33:12,INFO,WebServer,Page view: /home by u1442,E103,Page view: {page} by {user}
90680,2026-01-16,13:34:39,INFO,AuthService,Page view: /home by u3999,E103,Page view: {page} by {user}
90681,2026-01-16,13:43:58,INFO,WebServer,Transaction tx827658 completed in 1310ms,E104,Transaction {tx} completed in {time}ms
90682,2026-01-16,13:10:04,INFO,WebServer,Page view: /home by u2702,E103,Page view: {page} by {user}
90683,2026-01-16,13:24:52,INFO,PaymentGateway,User u2451 login successful,E101,User {user} login successful
90684,2026-01-16,13:25:27,INFO,OrderProcessor,User u3746 login successful,E101,User {user} login successful
90685,2026-01-16,13:25:08,INFO,AuthService,Transaction tx450481 completed in 1433ms,E104,Transaction {tx} completed in {time}ms
90686,2026-01-16,13:17:48,INFO,WebServer,Transaction tx677398 completed in 1052ms,E104,Transaction {tx} completed in {time}ms
90687,2026-01-16,13:52:29,INFO,AuthService,Page view: /home by u4027,E103,Page view: {page} by {user}
90688,2026-01-16,13:48:55,INFO,AuthService,Transaction tx699261 completed in 1452ms,E104,Transaction {tx} completed in {time}ms
90689,2026-01-16,13:58:32,INFO,WebServer,Page view: /home by u3992,E103,Page view: {page} by {user}
90690,2026-01-16,13:02:17,INFO,WebServer,Page view: /home by u4267,E103,Page view: {page} by {user}
90691,2026-01-16,13:32:39,INFO,AuthService,Page view: /home by u1880,E103,Page view: {page} by {user}
90692,2026-01-16,13:30:50,INFO,WebServer,Health check passed: WebServer,E102,Health check passed: {service}
90693,2026-01-16,13:07:09,INFO,PaymentGateway,Transaction tx130425 completed in 28ms,E104,Transaction {tx} completed in {time}ms
90694,2026-01-16,13:18:13,INFO,WebServer,Health check passed: WebServer,E102,Health check passed: {service}
90695,2026-01-16,13:09:23,INFO,PaymentGateway,Page view: /home by u4712,E103,Page view: {page} by {user}
90696,2026-01-16,13:09:34,INFO,AuthService,User u1574 login successful,E101,User {user} login successful
90697,2026-01-16,13:04:28,WARN,WebServer,Unauthorized access attempt from 10.0.0.99,E401,Unauthorized access attempt from {ip}
90698,2026-01-16,13:59:51,ERROR,OrderProcessor,Connection refused to OrderProcessor at 10.0.0.10,E501,Connection refused to {service} at {ip}
90699,2026-01-16,13:01:33,INFO,PaymentGateway,Page view: /home by u2883,E103,Page view: {page} by {user}
90700,2026-01-16,13:27:55,INFO,WebServer,Transaction tx904932 completed in 919ms,E104,Transaction {tx} completed in {time}ms
90701,2026-01-16,13:57:11,INFO,PaymentGateway,Transaction tx929736 completed in 263ms,E104,Transaction {tx} completed in {time}ms
90702,2026-01-16,13:22:17,INFO,WebServer,Page view: /home by u2495,E103,Page view: {page} by {user}
90703,2026-01-16,13:51:46,INFO,OrderProcessor,User u3914 login successful,E101,User {user} login successful
90704,2026-01-16,13:53:19,INFO,WebServer,Health check passed: WebServer,E102,Health check passed: {service}
90705,2026-01-16,13:58:27,INFO,WebServer,User u4575 login successful,E101,User {user} login successful
90706,2026-01-16,13:51:16,INFO,WebServer,Page view: /home by u1457,E103,Page view: {page} by {user}
90707,2026-01-16,13:56:08,INFO,WebServer,User u1220 login successful,E101,User {user} login successful
90708,2026-01-16,13:23:49,INFO,WebServer,Page view: /home by u1292,E103,Page view: {page} by {user}
90709,2026-01-16,13:50:39,INFO,WebServer,Page view: /home by u2191,E103,Page view: {page} by {user}
90710,2026-01-16,13:04:35,INFO,PaymentGateway,Transaction tx330276 completed in 1607ms,E104,Transaction {tx} completed in {time}ms
90711,2026-01-16,13:53:24,INFO,OrderProcessor,Page view: /home by u1699,E103,Page view: {page} by {user}
90712,2026-01-16,13:22:04,INFO,WebServer,Health check passed: WebServer,E102,Health check passed: {service}
90713,2026-01-16,13:47:45,INFO,WebServer,Transaction tx757961 completed in 1682ms,E104,Transaction {tx} completed in {time}ms
90714,2026-01-16,13:22:11,INFO,OrderProcessor,Transaction tx760462 completed in 586ms,E104,Transaction {tx} completed in {time}ms
90715,2026-01-16,13:59:25,INFO,AuthService,Transaction tx248257 completed in 865ms,E104,Transaction {tx} completed in {time}ms
90716,2026-01-16,13:42:55,INFO,PaymentGateway,Transaction tx485303 completed in 1034ms,E104,Transaction {tx} completed in {time}ms
90717,2026-01-16,13:51:36,INFO,AuthService,Transaction tx207680 completed in 768ms,E104,Transaction {tx} completed in {time}ms
90718,2026-01-16,13:29:33,INFO,WebServer,Health check passed: WebServer,E102,Health check passed: {service}
90719,2026-01-16,13:43:48,INFO,WebServer,Page view: /home by u1162,E103,Page view: {page} by {user}
90720,2026-01-16,13:02:35,INFO,WebServer,Health check passed: WebServer,E102,Health check passed: {service}
90721,2026-01-16,13:47:41,INFO,WebServer,Transaction tx511751 completed in 635ms,E104,Transaction {tx} completed in {time}ms
90722,2026-01-16,13:18:49,INFO,WebServer,Transaction tx306977 completed in 1914ms,E104,Transaction {tx} completed in {time}ms
90723,2026-01-16,13:16:30,INFO,WebServer,Transaction tx746644 completed in 158ms,E104,Transaction {tx} completed in {time}ms
90724,2026-01-16,13:34:15,INFO,PaymentGateway,Transaction tx529949 completed in 1693ms,E104,Transaction {tx} completed in {time}ms
90725,2026-01-16,13:39:34,INFO,OrderProcessor,User u2826 login successful,E101,User {user} login successful
90726,2026-01-16,13:18:51,INFO,PaymentGateway,Transaction tx873535 completed in 1246ms,E104,Transaction {tx} completed in {time}ms
90727,2026-01-16,13:33:12,WARN,OrderProcessor,Disk usage > 85% on node node-4,E202,Disk usage > 85% on node {node}
90728,2026-01-16,13:47:33,INFO,PaymentGateway,Health check passed: PaymentGateway,E102,Health check passed: {service}
90729,2026-01-16,13:57:20,INFO,WebServer,User u1646 login successful,E101,User {user} login successful
90730,2026-01-16,13:24:43,INFO,WebServer,Health check passed: WebServer,E102,Health check passed: {service}
90731,2026-01-16,13:48:37,INFO,PaymentGateway,User u4436 login successful,E101,User {user} login successful
90732,2026-01-16,13:16:22,INFO,OrderProcessor,User u3052 login successful,E101,User {user} login successful
90733,2026-01-16,13:56:20,WARN,WebServer,Disk usage > 85% on node node-1,E202,Disk usage > 85% on node {node}
90734,2026-01-16,13:57:33,INFO,WebServer,Page view: /home by u4296,E103,Page view: {page} by {user}
90735,2026-01-16,13:09:07,INFO,AuthService,User u1881 login successful,E101,User {user} login successful
90736,2026-01-16,13:44:08,INFO,OrderProcessor,User u3515 login successful,E101,User {user} login successful
90737,2026-01-16,13:30:53,INFO,AuthService,User u3774 login successful,E101,User {user} login successful
90738,2026-01-16,13:26:48,INFO,WebServer,User u3077 login successful,E101,User {user} login successful
90739,2026-01-16,13:00:21,INFO,AuthService,User u1623 login successful,E101,User {user} login successful
90740,2026-01-16,13:53:58,INFO,PaymentGateway,User u3506 login successful,E101,User {user} login successful
90741,2026-01-16,13:58:49,INFO,AuthService,User u1459 login successful,E101,User {user} login successful
90742,2026-01-16,13:58:10,INFO,OrderProcessor,User u2975 login successful,E101,User {user} login successful
90743,2026-01-16,13:09:05,INFO,WebServer,Page view: /home by u1725,E103,Page view: {page} by {user}
90744,2026-01-16,13:19:43,INFO,AuthService,Page view: /home by u2929,E103,Page view: {page} by {user}
90745,2026-01-16,13:34:42,WARN,AuthService,Unauthorized access attempt from 10.0.0.45,E401,Unauthorized access attempt from {ip}
90746,2026-01-16,13:51:56,INFO,AuthService,Page view: /home by u3368,E103,Page view: {page} by {user}
90747,2026-01-16,13:02:02,INFO,OrderProcessor,Health check passed: OrderProcessor,E102,Health check passed: {service}
90748,2026-01-16,13:50:27,INFO,AuthService,User u2963 login successful,E101,User {user} login successful
90749,2026-01-16,13:44:27,INFO,WebServer,Transaction tx602636 completed in 1090ms,E104,Transaction {tx} completed in {time}ms
90750,2026-01-16,13:44:27,INFO,OrderProcessor,Transaction tx568468 completed in 1984ms,E104,Transaction {tx} completed in {time}ms
90751,2026-01-16,13:17:01,INFO,WebServer,Health check passed: WebServer,E102,Health check passed: {service}
90752,2026-01-16,13:49:50,INFO,AuthService,User u4424 login successful,E101,User {user} login successful
90753,2026-01-16,13:19:05,INFO,AuthService,Page view: /home by u4053,E103,Page view: {page} by {user}
90754,2026-01-16,13:10:25,INFO,WebServer,User u4040 login successful,E101,User {user} login successful
90755,2026-01-16,13:05:57,INFO,WebServer,Transaction tx983557 completed in 755ms,E104,Transaction {tx} completed in {time}ms
90756,2026-01-16,13:14:34,WARN,WebServer,Unauthorized access attempt from 10.0.0.45,E401,Unauthorized access attempt from {ip}
90757,2026-01-16,13:05:43,WARN,AuthService,Disk usage > 85% on node node-3,E202,Disk usage > 85% on node {node}
90758,2026-01-16,13:04:49,INFO,PaymentGateway,Health check passed: PaymentGateway,E102,Health check passed: {service}
90759,2026-01-16,13:02:01,INFO,WebServer,Transaction tx980347 completed in 1315ms,E104,Transaction {tx} completed in {time}ms
90760,2026-01-16,13:42:44,INFO,WebServer,Page view: /home by u3085,E103,Page view: {page} by {user}
90761,2026-01-16,13:29:00,INFO,OrderProcessor,Page view: /home by u2202,E103,Page view: {page} by {user}
90762,2026-01-16,13:32:46,INFO,WebServer,User u3244 login successful,E101,User {user} login successful
90763,2026-01-16,13:34:51,INFO,WebServer,Page view: /home by u1864,E103,Page view: {page} by {user}
90764,2026-01-16,13:07:46,INFO,InventoryDB,Page view: /home by u4493,E103,Page view: {page} by {user}
90765,2026-01-16,13:48:41,INFO,AuthService,Health check passed: AuthService,E102,Health check passed: {service}
90766,2026-01-16,13:46:05,WARN,PaymentGateway,Disk usage > 85% on node node-5,E202,Disk usage > 85% on node {node}
90767,2026-01-16,13:07:07,INFO,OrderProcessor,Transaction tx115030 completed in 294ms,E104,Transaction {tx} completed in {time}ms
90768,2026-01-16,13:31:24,INFO,AuthService,Health check passed: AuthService,E102,Health check passed: {service}
90769,2026-01-16,13:18:34,INFO,AuthService,User u3453 login successful,E101,User {user} login successful
90770,2026-01-16,13:01:03,INFO,WebServer,Transaction tx817643 completed in 444ms,E104,Transaction {tx} completed in {time}ms
90771,2026-01-16,13:28:00,INFO,AuthService,Transaction tx905926 completed in 1686ms,E104,Transaction {tx} completed in {time}ms
90772,2026-01-16,13:57:49,INFO,WebServer,Transaction tx190026 completed in 850ms,E104,Transaction {tx} completed in {time}ms
90773,2026-01-16,13:42:29,INFO,OrderProcessor,Health check passed: OrderProcessor,E102,Health check passed: {service}
90774,2026-01-16,13:05:39,INFO,WebServer,User u1288 login successful,E101,User {user} login successful
90775,2026-01-16,13:56:43,INFO,WebServer,User u2741 login successful,E101,User {user} login successful
90776,2026-01-16,13:00:43,CRITICAL,WebServer,KERNEL PANIC: Node node-4 crashed,E601,KERNEL PANIC: Node {node} crashed
90777,2026-01-16,14:00:54,ERROR,WebServer,Payment declined: Gateway unavailable,E503,Payment declined: Gateway unavailable
90778,2026-01-16,14:53:15,ERROR,WebServer,Payment declined: Gateway unavailable,E503,Payment declined: Gateway unavailable
90779,2026-01-16,14:41:29,ERROR,OrderProcessor,Payment declined: Gateway unavailable,E503,Payment declined: Gateway unavailable
90780,2026-01-16,14:31:25,ERROR,OrderProcessor,Connection refused to OrderProcessor at 10.0.0.45,E501,Connection refused to {service} at {ip}
90781,2026-01-16,14:28:48,INFO,OrderProcessor,Page view: /home by u4105,E103,Page view: {page} by {user}
90782,2026-01-16,14:38:16,ERROR,WebServer,Payment declined: Gateway unavailable,E503,Payment declined: Gateway unavailable
90783,2026-01-16,14:44:16,ERROR,PaymentGateway,Timeout waiting for lock on InventoryDB,E502,Timeout waiting for lock on {db}
90784,2026-01-16,14:23:00,ERROR,AuthService,Timeout waiting for lock on InventoryDB,E502,Timeout waiting for lock on {db}
90785,2026-01-16,14:25:38,INFO,AuthService,Transaction tx649431 completed in 302ms,E104,Transaction {tx} completed in {time}ms
90786,2026-01-16,14:26:44,CRITICAL,WebServer,DATA CORRUPTION detected in sector 823,E602,DATA CORRUPTION detected in sector {sector}
90787,2026-01-16,14:52:20,ERROR,WebServer,Payment declined: Gateway unavailable,E503,Payment declined: Gateway unavailable
90788,2026-01-16,14:36:25,ERROR,WebServer,Connection refused to WebServer at 10.0.0.12,E501,Connection refused to {service} at {ip}
90789,2026-01-16,14:28:42,ERROR,WebServer,Timeout waiting for lock on InventoryDB,E502,Timeout waiting for lock on {db}
90790,2026-01-16,14:55:26,WARN,WebServer,Disk usage > 85% on node node-4,E202,Disk usage > 85% on node {node}
90791,2026-01-16,14:22:05,INFO,WebServer,Transaction tx308891 completed in 1572ms,E104,Transaction {tx} completed in {time}ms
90792,2026-01-16,14:09:34,ERROR,InventoryDB,Connection refused to InventoryDB at 10.0.0.45,E501,Connection refused to {service} at {ip}
90793,2026-01-16,14:42:42,ERROR,WebServer,Connection refused to WebServer at 10.0.0.45,E501,Connection refused to {service} at {ip}
90794,2026-01-16,14:46:26,WARN,AuthService,High latency (578ms) detected on AuthService,E201,High latency ({time}ms) detected on {service}
90795,2026-01-16,14:54:28,WARN,WebServer,Disk usage > 85% on node node-3,E202,Disk usage > 85% on node {node}
90796,2026-01-16,14:23:00,WARN,OrderProcessor,Unauthorized access attempt from 10.0.0.88,E401,Unauthorized access attempt from {ip}
90797,2026-01-16,14:05:43,CRITICAL,WebServer,DATA CORRUPTION detected in sector 428,E602,DATA CORRUPTION detected in sector {sector}
90798,2026-01-16,14:00:56,ERROR,WebServer,Timeout waiting for lock on InventoryDB,E502,Timeout waiting for lock on {db}
90799,2026-01-16,14:39:50,INFO,AuthService,Health check passed: AuthService,E102,Health check passed: {service}
90800,2026-01-16,14:44:44,ERROR,WebServer,Connection refused to WebServer at 10.0.0.45,E501,Connection refused to {service} at {ip}
90801,2026-01-16,14:26:36,WARN,AuthService,Unauthorized access attempt from 10.0.0.45,E401,Unauthorized access attempt from {ip}
90802,2026-01-16,14:35:27,WARN,AuthService,Unauthorized access attempt from 10.0.0.45,E401,Unauthorized access attempt from {ip}
90803,2026-01-16,14:08:32,INFO,WebServer,Health check passed: WebServer,E102,Health check passed: {service}
90804,2026-01-16,14:02:28,WARN,WebServer,High latency (341ms) detected on WebServer,E201,High latency ({time}ms) detected on {service}
90805,2026-01-16,14:07:59,INFO,WebServer,Page view: /home by u2518,E103,Page view: {page} by {user}
90806,2026-01-16,14:31:42,INFO,WebServer,Transaction tx809465 completed in 1484ms,E104,Transaction {tx} completed in {time}ms
90807,2026-01-16,14:56:13,INFO,OrderProcessor,Health check passed: OrderProcessor,E102,Health check passed: {service}
90808,2026-01-16,14:47:31,CRITICAL,OrderProcessor,DATA CORRUPTION detected in sector 598,E602,DATA CORRUPTION detected in sector {sector}
90809,2026-01-16,14:00:17,WARN,AuthService,Unauthorized access attempt from 10.0.0.45,E401,Unauthorized access attempt from {ip}
90810,2026-01-16,14:56:06,WARN,OrderProcessor,Disk usage > 85% on node node-3,E202,Disk usage > 85% on node {node}
90811,2026-01-16,14:44:52,ERROR,WebServer,Payment declined: Gateway unavailable,E503,Payment declined: Gateway unavailable
90812,2026-01-16,14:04:34,ERROR,PaymentGateway,Payment declined: Gateway unavailable,E503,Payment declined: Gateway unavailable
90813,2026-01-16,14:51:34,ERROR,WebServer,Timeout waiting for lock on InventoryDB,E502,Timeout waiting for lock on {db}
90814,2026-01-16,14:20:09,CRITICAL,PaymentGateway,DATA CORRUPTION detected in sector 783,E602,DATA CORRUPTION detected in sector {sector}
90815,2026-01-16,14:37:59,ERROR,WebServer,Timeout waiting for lock on InventoryDB,E502,Timeout waiting for lock on {db}
90816,2026-01-16,14:43:57,INFO,OrderProcessor,Page view: /home by u1327,E103,Page view: {page} by {user}
90817,2026-01-16,14:04:15,INFO,WebServer,Page view: /home by u4339,E103,Page view: {page} by {user}
90818,2026-01-16,14:13:49,ERROR,AuthService,Connection refused to AuthService at 10.0.0.45,E501,Connection refused to {service} at {ip}
90819,2026-01-16,14:23:56,ERROR,WebServer,Connection refused to WebServer at 10.0.0.99,E501,Connection refused to {service} at {ip}
90820,2026-01-16,14:58:11,CRITICAL,WebServer,DATA CORRUPTION detected in sector 417,E602,DATA CORRUPTION detected in sector {sector}
90821,2026-01-16,14:57:52,INFO,AuthService,Page view: /home by u2395,E103,Page view: {page} by {user}
90822,2026-01-16,14:46:15,ERROR,WebServer,Timeout waiting for lock on InventoryDB,E502,Timeout waiting for lock on {db}
90823,2026-01-16,14:40:45,ERROR,OrderProcessor,Connection refused to OrderProcessor at 10.0.0.45,E501,Connection refused to {service} at {ip}
90824,2026-01-16,14:59:50,ERROR,OrderProcessor,Timeout waiting for lock on InventoryDB,E502,Timeout waiting for lock on {db}
90825,2026-01-16,14:20:31,ERROR,WebServer,Connection refused to WebServer at 10.0.0.45,E501,Connection refused to {service} at {ip}
90826,2026-01-16,14:20:12,ERROR,OrderProcessor,Connection refused to OrderProcessor at 10.0.0.12,E501,Connection refused to {service} at {ip}
90827,2026-01-16,14:40:06,INFO,InventoryDB,Health check passed: InventoryDB,E102,Health check passed: {service}
90828,2026-01-16,14:45:27,WARN,AuthService,Unauthorized access attempt from 10.0.0.45,E401,Unauthorized access attempt from {ip}
90829,2026-01-16,14:23:23,WARN,OrderProcessor,Disk usage > 85% on node node-3,E202,Disk usage > 85% on node {node}
90830,2026-01-16,14:40:53,INFO,AuthService,Transaction tx882675 completed in 686ms,E104,Transaction {tx} completed in {time}ms
90831,2026-01-16,14:55:34,CRITICAL,WebServer,KERNEL PANIC: Node node-1 crashed,E601,KERNEL PANIC: Node {node} crashed
90832,2026-01-16,14:51:33,ERROR,WebServer,Connection refused to WebServer at 10.0.0.45,E501,Connection refused to {service} at {ip}
90833,2026-01-16,14:11:46,INFO,WebServer,Transaction tx585505 completed in 1502ms,E104,Transaction {tx} completed in {time}ms
90834,2026-01-16,14:31:54,WARN,WebServer,Disk usage > 85% on node node-3,E202,Disk usage > 85% on node {node}
90835,2026-01-16,14:41:55,ERROR,WebServer,Timeout waiting for lock on InventoryDB,E502,Timeout waiting for lock on {db}
90836,2026-01-16,14:36:21,INFO,AuthService,Health check passed: AuthService,E102,Health check passed: {service}
90837,2026-01-16,14:06:44,INFO,WebServer,Transaction tx304221 completed in 960ms,E104,Transaction {tx} completed in {time}ms
90838,2026-01-16,14:02:08,INFO,AuthService,User u2504 login successful,E101,User {user} login successful
90839,2026-01-16,14:53:27,ERROR,WebServer,Connection refused to WebServer at 10.0.0.45,E501,Connection refused to {service} at {ip}
90840,2026-01-16,14:51:47,INFO,AuthService,User u1607 login successful,E101,User {user} login successful
90841,2026-01-16,14:52:52,CRITICAL,AuthService,KERNEL PANIC: Node node-4 crashed,E601,KERNEL PANIC: Node {node} crashed
90842,2026-01-16,14:08:46,ERROR,WebServer,Timeout waiting for lock on InventoryDB,E502,Timeout waiting for lock on {db}
90843,2026-01-16,14:51:03,ERROR,WebServer,Payment declined: Gateway unavailable,E503,Payment declined: Gateway unavailable
90844,2026-01-16,14:29:29,WARN,OrderProcessor,High latency (1931ms) detected on OrderProcessor,E201,High latency ({time}ms) detected on {service}
90845,2026-01-16,14:07:21,INFO,PaymentGateway,Page view: /home by u4666,E103,Page view: {page} by {user}
90846,2026-01-16,14:07:54,CRITICAL,WebServer,KERNEL PANIC: Node node-2 crashed,E601,KERNEL PANIC: Node {node} crashed
90847,2026-01-16,14:06:07,INFO,WebServer,Transaction tx128179 completed in 1037ms,E104,Transaction {tx} completed in {time}ms
90848,2026-01-16,14:38:56,WARN,OrderProcessor,High latency (779ms) detected on OrderProcessor,E201,High latency ({time}ms) detected on {service}
90849,2026-01-16,14:18:32,WARN,OrderProcessor,Disk usage > 85% on node node-5,E202,Disk usage > 85% on node {node}
90850,2026-01-16,14:48:09,WARN,WebServer,High latency (1514ms) detected on WebServer,E201,High latency ({time}ms) detected on {service}
90851,2026-01-16,14:45:36,ERROR,InventoryDB,Timeout waiting for lock on InventoryDB,E502,Timeout waiting for lock on {db}
90852,2026-01-16,14:30:56,WARN,WebServer,Disk usage > 85% on node node-2,E202,Disk usage > 85% on node {node}
90853,2026-01-16,14:34:37,WARN,WebServer,Unauthorized access attempt from 10.0.0.45,E401,Unauthorized access attempt from {ip}
90854,2026-01-16,14:35:05,WARN,OrderProcessor,High latency (944ms) detected on OrderProcessor,E201,High latency ({time}ms) detected on {service}
90855,2026-01-16,14:10:49,ERROR,PaymentGateway,Payment declined: Gateway unavailable,E503,Payment declined: Gateway unavailable
90856,2026-01-16,14:51:14,WARN,PaymentGateway,Unauthorized access attempt from 10.0.0.45,E401,Unauthorized access attempt from {ip}
90857,2026-01-16,14:29:27,ERROR,WebServer,Payment declined: Gateway unavailable,E503,Payment declined: Gateway unavailable
90858,2026-01-16,14:55:36,ERROR,WebServer,Connection refused to WebServer at 10.0.0.99,E501,Connection refused to {service} at {ip}
90859,2026-01-16,14:12:28,INFO,OrderProcessor,Health check passed: OrderProcessor,E102,Health check passed: {service}
90860,2026-01-16,14:14:50,CRITICAL,OrderProcessor,DATA CORRUPTION detected in sector 177,E602,DATA CORRUPTION detected in sector {sector}
90861,2026-01-16,14:42:31,ERROR,AuthService,Connection refused to AuthService at 10.0.0.45,E501,Connection refused to {service} at {ip}
90862,2026-01-16,14:44:48,ERROR,WebServer,Payment declined: Gateway unavailable,E503,Payment declined: Gateway unavailable
90863,2026-01-16,14:48:16,INFO,WebServer,Health check passed: WebServer,E102,Health check passed: {service}
90864,2026-01-16,14:31:48,ERROR,WebServer,Connection refused to WebServer at 10.0.0.88,E501,Connection refused to {service} at {ip}
90865,2026-01-16,14:25:23,INFO,WebServer,Transaction tx894074 completed in 1600ms,E104,Transaction {tx} completed in {time}ms
90866,2026-01-16,14:27:32,CRITICAL,WebServer,KERNEL PANIC: Node node-4 crashed,E601,KERNEL PANIC: Node {node} crashed
90867,2026-01-16,14:59:21,ERROR,WebServer,Connection refused to WebServer at 10.0.0.45,E501,Connection refused to {service} at {ip}
90868,2026-01-16,14:19:11,WARN,WebServer,High latency (1322ms) detected on WebServer,E201,High latency ({time}ms) detected on {service}
90869,2026-01-16,14:11:20,ERROR,AuthService,Timeout waiting for lock on InventoryDB,E502,Timeout waiting for lock on {db}
90870,2026-01-16,14:35:07,INFO,InventoryDB,Transaction tx759191 completed in 1049ms,E104,Transaction {tx} completed in {time}ms
90871,2026-01-16,14:23:38,CRITICAL,WebServer,KERNEL PANIC: Node node-2 crashed,E601,KERNEL PANIC: Node {node} crashed
90872,2026-01-16,14:37:23,INFO,OrderProcessor,Transaction tx682843 completed in 250ms,E104,Transaction {tx} completed in {time}ms
90873,2026-01-16,14:57:07,WARN,AuthService,Unauthorized access attempt from 10.0.0.45,E401,Unauthorized access attempt from {ip}
90874,2026-01-16,14:29:28,ERROR,WebServer,Connection refused to WebServer at 10.0.0.12,E501,Connection refused to {service} at {ip}
90875,2026-01-16,14:21:06,INFO,WebServer,Transaction tx553472 completed in 174ms,E104,Transaction {tx} completed in {time}ms
90876,2026-01-16,14:22:29,WARN,WebServer,High latency (1224ms) detected on WebServer,E201,High latency ({time}ms) detected on {service}
90877,2026-01-16,14:43:55,ERROR,WebServer,Payment declined: Gateway unavailable,E503,Payment declined: Gateway unavailable
90878,2026-01-16,14:10:19,ERROR,InventoryDB,Payment declined: Gateway unavailable,E503,Payment declined: Gateway unavailable
90879,2026-01-16,14:39:11,ERROR,WebServer,Timeout waiting for lock on InventoryDB,E502,Timeout waiting for lock on {db}
90880,2026-01-16,14:56:38,ERROR,WebServer,Timeout waiting for lock on InventoryDB,E502,Timeout waiting for lock on {db}
90881,2026-01-16,14:32:00,WARN,AuthService,Disk usage > 85% on node node-2,E202,Disk usage > 85% on node {node}
90882,2026-01-16,14:39:57,INFO,WebServer,User u1531 login successful,E101,User {user} login successful
90883,2026-01-16,14:55:29,WARN,AuthService,High latency (539ms) detected on AuthService,E201,High latency ({time}ms) detected on {service}
90884,2026-01-16,14:20:06,CRITICAL,AuthService,KERNEL PANIC: Node node-1 crashed,E601,KERNEL PANIC: Node {node} crashed
90885,2026-01-16,14:23:17,ERROR,WebServer,Connection refused to WebServer at 10.0.0.45,E501,Connection refused to {service} at {ip}
90886,2026-01-16,14:03:10,INFO,AuthService,User u2316 login successful,E101,User {user} login successful
90887,2026-01-16,14:39:35,ERROR,WebServer,Payment declined: Gateway unavailable,E503,Payment declined: Gateway unavailable
90888,2026-01-16,14:10:31,ERROR,PaymentGateway,Connection refused to PaymentGateway at 10.0.0.10,E501,Connection refused to {service} at {ip}
90889,2026-01-16,14:34:59,ERROR,WebServer,Connection refused to WebServer at 192.168.1.5,E501,Connection refused to {service} at {ip}
90890,2026-01-16,14:07:14,INFO,WebServer,Page view: /home by u1150,E103,Page view: {page} by {user}
90891,2026-01-16,14:47:24,INFO,AuthService,User u4498 login successful,E101,User {user} login successful
90892,2026-01-16,14:26:54,ERROR,WebServer,Timeout waiting for lock on InventoryDB,E502,Timeout waiting for lock on {db}
90893,2026-01-16,14:36:43,ERROR,AuthService,Timeout waiting for lock on InventoryDB,E502,Timeout waiting for lock on {db}
90894,2026-01-16,14:15:17,INFO,AuthService,Transaction tx592144 completed in 1479ms,E104,Transaction {tx} completed in {time}ms
90895,2026-01-16,14:57:01,ERROR,WebServer,Connection refused to WebServer at 10.0.0.45,E501,Connection refused to {service} at {ip}
90896,2026-01-16,14:44:21,ERROR,AuthService,Timeout waiting for lock on InventoryDB,E502,Timeout waiting for lock on {db}
90897,2026-01-16,14:00:41,CRITICAL,WebServer,DATA CORRUPTION detected in sector 768,E602,DATA CORRUPTION detected in sector {sector}
90898,2026-01-16,14:37:48,WARN,WebServer,Disk usage > 85% on node node-5,E202,Disk usage > 85% on node {node}
90899,2026-01-16,14:17:21,WARN,AuthService,Unauthorized access attempt from 10.0.0.12,E401,Unauthorized access attempt from {ip}
90900,2026-01-16,14:42:27,ERROR,WebServer,Payment declined: Gateway unavailable,E503,Payment declined: Gateway unavailable
90901,2026-01-16,14:54:24,ERROR,WebServer,Connection refused to WebServer at 10.0.0.45,E501,Connection refused to {service} at {ip}
90902,2026-01-16,14:17:36,ERROR,WebServer,Connection refused to WebServer at 10.0.0.12,E501,Connection refused to {service} at {ip}
90903,2026-01-16,14:51:28,INFO,AuthService,Health check passed: AuthService,E102,Health check passed: {service}
90904,2026-01-16,14:48:16,CRITICAL,PaymentGateway,DATA CORRUPTION detected in sector 861,E602,DATA CORRUPTION detected in sector {sector}
90905,2026-01-16,14:12:09,INFO,AuthService,User u4069 login successful,E101,User {user} login successful
90906,2026-01-16,14:47:28,ERROR,WebServer,Timeout waiting for lock on InventoryDB,E502,Timeout waiting for lock on {db}
90907,2026-01-16,14:55:44,INFO,AuthService,Transaction tx810146 completed in 1543ms,E104,Transaction {tx} completed in {time}ms
90908,2026-01-16,14:09:59,WARN,WebServer,High latency (751ms) detected on WebServer,E201,High latency ({time}ms) detected on {service}
90909,2026-01-16,14:09:42,INFO,WebServer,Page view: /home by u2815,E103,Page view: {page} by {user}
90910,2026-01-16,14:40:50,ERROR,WebServer,Connection refused to WebServer at 10.0.0.99,E501,Connection refused to {service} at {ip}
90911,2026-01-16,14:01:18,INFO,AuthService,Health check passed: AuthService,E102,Health check passed: {service}
90912,2026-01-16,14:53:31,ERROR,OrderProcessor,Connection refused to OrderProcessor at 10.0.0.12,E501,Connection refused to {service} at {ip}
90913,2026-01-16,14:07:19,CRITICAL,AuthService,KERNEL PANIC: Node node-5 crashed,E601,KERNEL PANIC: Node {node} crashed
90914,2026-01-16,14:32:29,ERROR,AuthService,Timeout waiting for lock on InventoryDB,E502,Timeout waiting for lock on {db}
90915,2026-01-16,14:00:51,INFO,PaymentGateway,Page view: /home by u1836,E103,Page view: {page} by {user}
90916,2026-01-16,14:23:12,INFO,WebServer,User u4464 login successful,E101,User {user} login successful
90917,2026-01-16,14:52:24,INFO,AuthService,User u2929 login successful,E101,User {user} login successful
90918,2026-01-16,14:46:58,CRITICAL,WebServer,KERNEL PANIC: Node node-1 crashed,E601,KERNEL PANIC: Node {node} crashed
90919,2026-01-16,14:43:41,CRITICAL,WebServer,KERNEL PANIC: Node node-1 crashed,E601,KERNEL PANIC: Node {node} crashed
90920,2026-01-16,14:14:37,ERROR,OrderProcessor,Connection refused to OrderProcessor at 10.0.0.45,E501,Connection refused to {service} at {ip}
90921,2026-01-16,14:21:05,ERROR,WebServer,Connection refused to WebServer at 10.0.0.45,E501,Connection refused to {service} at {ip}
90922,2026-01-16,14:44:40,ERROR,AuthService,Connection refused to AuthService at 10.0.0.12,E501,Connection refused to {service} at {ip}
90923,2026-01-16,14:09:43,ERROR,WebServer,Payment declined: Gateway unavailable,E503,Payment declined: Gateway unavailable
90924,2026-01-16,14:03:25,INFO,InventoryDB,Transaction tx898974 completed in 1827ms,E104,Transaction {tx} completed in {time}ms
90925,2026-01-16,14:27:06,ERROR,OrderProcessor,Timeout waiting for lock on InventoryDB,E502,Timeout waiting for lock on {db}
90926,2026-01-16,14:18:09,INFO,WebServer,Health check passed: WebServer,E102,Health check passed: {service}
90927,2026-01-16,14:59:54,ERROR,OrderProcessor,Timeout waiting for lock on InventoryDB,E502,Timeout waiting for lock on {db}
90928,2026-01-16,14:15:21,WARN,WebServer,Unauthorized access attempt from 10.0.0.88,E401,Unauthorized access attempt from {ip}
90929,2026-01-16,14:06:48,CRITICAL,AuthService,KERNEL PANIC: Node node-2 crashed,E601,KERNEL PANIC: Node {node} crashed
90930,2026-01-16,14:31:46,WARN,AuthService,Disk usage > 85% on node node-1,E202,Disk usage > 85% on node {node}
90931,2026-01-16,14:23:45,INFO,WebServer,Page view: /home by u4852,E103,Page view: {page} by {user}
90932,2026-01-16,14:29:15,CRITICAL,OrderProcessor,DATA CORRUPTION detected in sector 951,E602,DATA CORRUPTION detected in sector {sector}
90933,2026-01-16,14:03:42,CRITICAL,AuthService,KERNEL PANIC: Node node-1 crashed,E601,KERNEL PANIC: Node {node} crashed
90934,2026-01-16,14:46:26,ERROR,AuthService,Payment declined: Gateway unavailable,E503,Payment declined: Gateway unavailable
90935,2026-01-16,14:55:11,WARN,AuthService,Unauthorized access attempt from 10.0.0.45,E401,Unauthorized access attempt from {ip}
90936,2026-01-16,14:09:48,ERROR,WebServer,Payment declined: Gateway unavailable,E503,Payment declined: Gateway unavailable
90937,2026-01-16,14:44:41,WARN,OrderProcessor,High latency (1134ms) detected on OrderProcessor,E201,High latency ({time}ms) detected on {service}
90938,2026-01-16,14:39:53,INFO,AuthService,Health check passed: AuthService,E102,Health check passed: {service}
90939,2026-01-16,14:21:24,WARN,OrderProcessor,Unauthorized access attempt from 10.0.0.45,E401,Unauthorized access attempt from {ip}
90940,2026-01-16,14:27:09,ERROR,WebServer,Timeout waiting for lock on InventoryDB,E502,Timeout waiting for lock on {db}
90941,2026-01-16,14:55:09,ERROR,WebServer,Timeout waiting for lock on InventoryDB,E502,Timeout waiting for lock on {db}
90942,2026-01-16,14:42:08,WARN,OrderProcessor,Unauthorized access attempt from 10.0.0.10,E401,Unauthorized access attempt from {ip}
90943,2026-01-16,14:05:58,ERROR,AuthService,Connection refused to AuthService at 10.0.0.45,E501,Connection refused to {service} at {ip}
90944,2026-01-16,14:23:45,ERROR,PaymentGateway,Connection refused to PaymentGateway at 10.0.0.45,E501,Connection refused to {service} at {ip}
90945,2026-01-16,14:23:45,INFO,WebServer,User u1481 login successful,E101,User {user} login successful
90946,2026-01-16,14:16:09,ERROR,OrderProcessor,Timeout waiting for lock on InventoryDB,E502,Timeout waiting for lock on {db}
90947,2026-01-16,14:33:11,INFO,WebServer,User u1715 login successful,E101,User {user} login successful
90948,2026-01-16,14:56:22,ERROR,WebServer,Connection refused to WebServer at 192.168.1.5,E501,Connection refused to {service} at {ip}
90949,2026-01-16,14:51:12,INFO,PaymentGateway,User u4541 login successful,E101,User {user} login successful
90950,2026-01-16,14:08:21,INFO,OrderProcessor,Transaction tx209650 completed in 814ms,E104,Transaction {tx} completed in {time}ms
90951,2026-01-16,14:48:35,WARN,WebServer,Unauthorized access attempt from 10.0.0.45,E401,Unauthorized access attempt from {ip}
90952,2026-01-16,14:08:49,INFO,WebServer,Page view: /home by u1119,E103,Page view: {page} by {user}
90953,2026-01-16,14:17:39,INFO,WebServer,Transaction tx698593 completed in 272ms,E104,Transaction {tx} completed in {time}ms
90954,2026-01-16,14:16:09,ERROR,AuthService,Connection refused to AuthService at 10.0.0.12,E501,Connection refused to {service} at {ip}
90955,2026-01-16,14:30:28,WARN,WebServer,High latency (1204ms) detected on WebServer,E201,High latency ({time}ms) detected on {service}
90956,2026-01-16,14:09:07,INFO,OrderProcessor,Page view: /home by u3335,E103,Page view: {page} by {user}
90957,2026-01-16,14:06:10,ERROR,WebServer,Connection refused to WebServer at 10.0.0.45,E501,Connection refused to {service} at {ip}
90958,2026-01-16,14:34:30,CRITICAL,WebServer,KERNEL PANIC: Node node-4 crashed,E601,KERNEL PANIC: Node {node} crashed
90959,2026-01-16,14:40:38,ERROR,AuthService,Timeout waiting for lock on InventoryDB,E502,Timeout waiting for lock on {db}
90960,2026-01-16,14:48:02,CRITICAL,PaymentGateway,DATA CORRUPTION detected in sector 405,E602,DATA CORRUPTION detected in sector {sector}
90961,2026-01-16,14:47:14,WARN,PaymentGateway,High latency (1909ms) detected on PaymentGateway,E201,High latency ({time}ms) detected on {service}
90962,2026-01-16,14:55:55,ERROR,OrderProcessor,Payment declined: Gateway unavailable,E503,Payment declined: Gateway unavailable
90963,2026-01-16,14:40:09,CRITICAL,WebServer,KERNEL PANIC: Node node-1 crashed,E601,KERNEL PANIC: Node {node} crashed
90964,2026-01-16,14:22:36,ERROR,WebServer,Timeout waiting for lock on InventoryDB,E502,Timeout waiting for lock on {db}
90965,2026-01-16,14:14:24,ERROR,OrderProcessor,Timeout waiting for lock on InventoryDB,E502,Timeout waiting for lock on {db}
90966,2026-01-16,14:43:06,ERROR,OrderProcessor,Connection refused to OrderProcessor at 10.0.0.12,E501,Connection refused to {service} at {ip}
90967,2026-01-16,14:59:24,WARN,WebServer,High latency (185ms) detected on WebServer,E201,High latency ({time}ms) detected on {service}
90968,2026-01-16,14:09:18,WARN,OrderProcessor,Unauthorized access attempt from 10.0.0.45,E401,Unauthorized access attempt from {ip}
90969,2026-01-16,14:44:47,ERROR,WebServer,Timeout waiting for lock on InventoryDB,E502,Timeout waiting for lock on {db}
90970,2026-01-16,14:09:35,INFO,WebServer,Health check passed: WebServer,E102,Health check passed: {service}
90971,2026-01-16,14:30:14,WARN,AuthService,High latency (462ms) detected on AuthService,E201,High latency ({time}ms) detected on {service}
90972,2026-01-16,14:02:20,ERROR,AuthService,Connection refused to AuthService at 10.0.0.12,E501,Connection refused to {service} at {ip}
90973,2026-01-16,14:51:15,INFO,AuthService,Transaction tx167035 completed in 999ms,E104,Transaction {tx} completed in {time}ms
90974,2026-01-16,14:44:46,ERROR,WebServer,Payment declined: Gateway unavailable,E503,Payment declined: Gateway unavailable
90975,2026-01-16,14:30:23,CRITICAL,WebServer,DATA CORRUPTION detected in sector 953,E602,DATA CORRUPTION detected in sector {sector}
90976,2026-01-16,14:03:38,WARN,WebServer,Unauthorized access attempt from 10.0.0.99,E401,Unauthorized access attempt from {ip}
90977,2026-01-16,14:26:14,INFO,OrderProcessor,Transaction tx202604 completed in 1332ms,E104,Transaction {tx} completed in {time}ms
90978,2026-01-16,14:25:14,WARN,OrderProcessor,Unauthorized access attempt from 10.0.0.88,E401,Unauthorized access attempt from {ip}
90979,2026-01-16,14:00:15,ERROR,WebServer,Timeout waiting for lock on InventoryDB,E502,Timeout waiting for lock on {db}
90980,2026-01-16,14:59:13,INFO,PaymentGateway,Transaction tx360483 completed in 1565ms,E104,Transaction {tx} completed in {time}ms
90981,2026-01-16,14:42:31,WARN,WebServer,Unauthorized access attempt from 10.0.0.45,E401,Unauthorized access attempt from {ip}
90982,2026-01-16,14:05:45,ERROR,WebServer,Payment declined: Gateway unavailable,E503,Payment declined: Gateway unavailable
90983,2026-01-16,14:21:40,ERROR,PaymentGateway,Payment declined: Gateway unavailable,E503,Payment declined: Gateway unavailable
90984,2026-01-16,14:40:16,ERROR,WebServer,Timeout waiting for lock on InventoryDB,E502,Timeout waiting for lock on {db}
90985,2026-01-16,14:14:34,INFO,WebServer,Health check passed: WebServer,E102,Health check passed: {service}
90986,2026-01-16,14:24:33,ERROR,InventoryDB,Payment declined: Gateway unavailable,E503,Payment declined: Gateway unavailable
90987,2026-01-16,14:56:44,INFO,InventoryDB,User u4121 login successful,E101,User {user} login successful
90988,2026-01-16,14:58:45,INFO,InventoryDB,Transaction tx752732 completed in 1782ms,E104,Transaction {tx} completed in {time}ms
90989,2026-01-16,14:44:51,INFO,WebServer,Transaction tx847204 completed in 1599ms,E104,Transaction {tx} completed in {time}ms
90990,2026-01-16,14:12:26,CRITICAL,OrderProcessor,KERNEL PANIC: Node node-5 crashed,E601,KERNEL PANIC: Node {node} crashed
90991,2026-01-16,14:22:30,ERROR,PaymentGateway,Payment declined: Gateway unavailable,E503,Payment declined: Gateway unavailable
90992,2026-01-16,14:30:17,CRITICAL,WebServer,KERNEL PANIC: Node node-4 crashed,E601,KERNEL PANIC: Node {node} crashed
90993,2026-01-16,14:43:10,INFO,WebServer,Transaction tx649720 completed in 1057ms,E104,Transaction {tx} completed in {time}ms
90994,2026-01-16,14:59:25,ERROR,AuthService,Connection refused to AuthService at 10.0.0.45,E501,Connection refused to {service} at {ip}
90995,2026-01-16,14:34:43,WARN,AuthService,Disk usage > 85% on node node-4,E202,Disk usage > 85% on node {node}
90996,2026-01-16,14:42:20,ERROR,WebServer,Payment declined: Gateway unavailable,E503,Payment declined: Gateway unavailable
90997,2026-01-16,14:50:43,INFO,AuthService,Health check passed: AuthService,E102,Health check passed: {service}
90998,2026-01-16,14:23:39,WARN,AuthService,Disk usage > 85% on node node-1,E202,Disk usage > 85% on node {node}
90999,2026-01-16,14:16:21,ERROR,PaymentGateway,Payment declined: Gateway unavailable,E503,Payment declined: Gateway unavailable
91000,2026-01-16,14:33:59,ERROR,WebServer,Timeout waiting for lock on InventoryDB,E502,Timeout waiting for lock on {db}
91001,2026-01-16,14:59:25,ERROR,PaymentGateway,Timeout waiting for lock on InventoryDB,E502,Timeout waiting for lock on {db}
91002,2026-01-16,14:07:46,ERROR,AuthService,Connection refused to AuthService at 10.0.0.45,E501,Connection refused to {service} at {ip}
91003,2026-01-16,14:29:40,ERROR,WebServer,Payment declined: Gateway unavailable,E503,Payment declined: Gateway unavailable
91004,2026-01-16,14:54:47,ERROR,WebServer,Payment declined: Gateway unavailable,E503,Payment declined: Gateway unavailable
91005,2026-01-16,14:50:42,INFO,OrderProcessor,User u1091 login successful,E101,User {user} login successful
91006,2026-01-16,14:31:15,WARN,WebServer,High latency (21ms) detected on WebServer,E201,High latency ({time}ms) detected on {service}
91007,2026-01-16,14:56:20,INFO,WebServer,Page view: /home by u1280,E103,Page view: {page} by {user}
91008,2026-01-16,14:21:35,ERROR,WebServer,Timeout waiting for lock on InventoryDB,E502,Timeout waiting for lock on {db}
91009,2026-01-16,14:43:55,ERROR,WebServer,Connection refused to WebServer at 10.0.0.12,E501,Connection refused to {service} at {ip}
91010,2026-01-16,14:00:58,INFO,WebServer,Page view: /home by u3571,E103,Page view: {page} by {user}
91011,2026-01-16,14:33:58,WARN,WebServer,Disk usage > 85% on node node-5,E202,Disk usage > 85% on node {node}
91012,2026-01-16,14:47:59,WARN,WebServer,Disk usage > 85% on node node-4,E202,Disk usage > 85% on node {node}
91013,2026-01-16,14:47:13,INFO,WebServer,User u1001 login successful,E101,User {user} login successful
91014,2026-01-16,14:41:29,ERROR,WebServer,Timeout waiting for lock on InventoryDB,E502,Timeout waiting for lock on {db}
91015,2026-01-16,14:13:56,CRITICAL,WebServer,KERNEL PANIC: Node node-5 crashed,E601,KERNEL PANIC: Node {node} crashed
91016,2026-01-16,14:59:38,INFO,WebServer,Health check passed: WebServer,E102,Health check passed: {service}
91017,2026-01-16,14:14:42,INFO,InventoryDB,User u1132 login successful,E101,User {user} login successful
91018,2026-01-16,14:14:07,ERROR,AuthService,Payment declined: Gateway unavailable,E503,Payment declined: Gateway unavailable
91019,2026-01-16,14:18:11,ERROR,WebServer,Connection refused to WebServer at 10.0.0.12,E501,Connection refused to {service} at {ip}
91020,2026-01-16,14:27:04,WARN,WebServer,Disk usage > 85% on node node-2,E202,Disk usage > 85% on node {node}
91021,2026-01-16,14:10:17,CRITICAL,AuthService,KERNEL PANIC: Node node-3 crashed,E601,KERNEL PANIC: Node {node} crashed
91022,2026-01-16,14:06:29,WARN,WebServer,Disk usage > 85% on node node-3,E202,Disk usage > 85% on node {node}
91023,2026-01-16,14:20:00,INFO,PaymentGateway,User u1866 login successful,E101,User {user} login successful
91024,2026-01-16,14:38:01,ERROR,WebServer,Timeout waiting for lock on InventoryDB,E502,Timeout waiting for lock on {db}
91025,2026-01-16,14:26:02,WARN,AuthService,Disk usage > 85% on node node-3,E202,Disk usage > 85% on node {node}
91026,2026-01-16,14:02:47,ERROR,OrderProcessor,Timeout waiting for lock on InventoryDB,E502,Timeout waiting for lock on {db}
91027,2026-01-16,14:56:12,ERROR,OrderProcessor,Payment declined: Gateway unavailable,E503,Payment declined: Gateway unavailable
91028,2026-01-16,14:14:47,WARN,AuthService,High latency (1547ms) detected on AuthService,E201,High latency ({time}ms) detected on {service}
91029,2026-01-16,14:03:05,ERROR,AuthService,Connection refused to AuthService at 10.0.0.12,E501,Connection refused to {service} at {ip}
91030,2026-01-16,14:25:26,ERROR,WebServer,Payment declined: Gateway unavailable,E503,Payment declined: Gateway unavailable
91031,2026-01-16,14:11:30,ERROR,WebServer,Timeout waiting for lock on InventoryDB,E502,Timeout waiting for lock on {db}
91032,2026-01-16,14:23:41,WARN,OrderProcessor,Disk usage > 85% on node node-2,E202,Disk usage > 85% on node {node}
91033,2026-01-16,14:30:49,ERROR,AuthService,Connection refused to AuthService at 10.0.0.12,E501,Connection refused to {service} at {ip}
91034,2026-01-16,14:55:57,ERROR,WebServer,Payment declined: Gateway unavailable,E503,Payment declined: Gateway unavailable
91035,2026-01-16,14:59:23,WARN,WebServer,Disk usage > 85% on node node-5,E202,Disk usage > 85% on node {node}
91036,2026-01-16,14:02:31,CRITICAL,WebServer,DATA CORRUPTION detected in sector 889,E602,DATA CORRUPTION detected in sector {sector}
91037,2026-01-16,14:18:19,INFO,WebServer,Page view: /home by u2782,E103,Page view: {page} by {user}
91038,2026-01-16,14:44:42,INFO,AuthService,Health check passed: AuthService,E102,Health check passed: {service}
91039,2026-01-16,14:30:49,CRITICAL,PaymentGateway,KERNEL PANIC: Node node-5 crashed,E601,KERNEL PANIC: Node {node} crashed
91040,2026-01-16,14:41:41,INFO,AuthService,User u4275 login successful,E101,User {user} login successful
91041,2026-01-16,14:23:33,INFO,OrderProcessor,Page view: /home by u3423,E103,Page view: {page} by {user}
91042,2026-01-16,14:30:02,INFO,AuthService,Health check passed: AuthService,E102,Health check passed: {service}
91043,2026-01-16,14:16:33,INFO,OrderProcessor,User u2520 login successful,E101,User {user} login successful
91044,2026-01-16,14:45:11,WARN,WebServer,High latency (341ms) detected on WebServer,E201,High latency ({time}ms) detected on {service}
91045,2026-01-16,14:43:34,ERROR,WebServer,Payment declined: Gateway unavailable,E503,Payment declined: Gateway unavailable
91046,2026-01-16,14:39:32,WARN,WebServer,High latency (783ms) detected on WebServer,E201,High latency ({time}ms) detected on {service}
91047,2026-01-16,14:12:42,INFO,WebServer,Page view: /home by u3000,E103,Page view: {page} by {user}
91048,2026-01-16,14:11:33,WARN,AuthService,Unauthorized access attempt from 10.0.0.45,E401,Unauthorized access attempt from {ip}
91049,2026-01-16,14:22:44,ERROR,InventoryDB,Timeout waiting for lock on InventoryDB,E502,Timeout waiting for lock on {db}
91050,2026-01-16,14:53:25,CRITICAL,WebServer,KERNEL PANIC: Node node-4 crashed,E601,KERNEL PANIC: Node {node} crashed
91051,2026-01-16,14:28:20,INFO,WebServer,Page view: /home by u1184,E103,Page view: {page} by {user}
91052,2026-01-16,14:40:36,CRITICAL,OrderProcessor,KERNEL PANIC: Node node-2 crashed,E601,KERNEL PANIC: Node {node} crashed
91053,2026-01-16,14:58:23,WARN,WebServer,Disk usage > 85% on node node-2,E202,Disk usage > 85% on node {node}
91054,2026-01-16,14:43:09,ERROR,WebServer,Timeout waiting for lock on InventoryDB,E502,Timeout waiting for lock on {db}
91055,2026-01-16,14:48:54,ERROR,OrderProcessor,Connection refused to OrderProcessor at 10.0.0.10,E501,Connection refused to {service} at {ip}
91056,2026-01-16,14:07:59,INFO,WebServer,Page view: /home by u4810,E103,Page view: {page} by {user}
91057,2026-01-16,14:55:12,INFO,WebServer,Page view: /home by u4494,E103,Page view: {page} by {user}
91058,2026-01-16,14:48:06,WARN,WebServer,Disk usage > 85% on node node-5,E202,Disk usage > 85% on node {node}
91059,2026-01-16,14:56:24,INFO,AuthService,Health check passed: AuthService,E102,Health check passed: {service}
91060,2026-01-16,14:36:22,ERROR,AuthService,Timeout waiting for lock on InventoryDB,E502,Timeout waiting for lock on {db}
91061,2026-01-16,14:13:25,ERROR,WebServer,Timeout waiting for lock on InventoryDB,E502,Timeout waiting for lock on {db}
91062,2026-01-16,14:42:00,INFO,WebServer,Transaction tx616772 completed in 1869ms,E104,Transaction {tx} completed in {time}ms
91063,2026-01-16,14:55:23,WARN,WebServer,Unauthorized access attempt from 10.0.0.45,E401,Unauthorized access attempt from {ip}
91064,2026-01-16,14:17:49,ERROR,WebServer,Connection refused to WebServer at 192.168.1.5,E501,Connection refused to {service} at {ip}
91065,2026-01-16,14:11:20,ERROR,WebServer,Timeout waiting for lock on InventoryDB,E502,Timeout waiting for lock on {db}
91066,2026-01-16,14:23:49,CRITICAL,InventoryDB,KERNEL PANIC: Node node-2 crashed,E601,KERNEL PANIC: Node {node} crashed
91067,2026-01-16,14:11:04,ERROR,WebServer,Payment declined: Gateway unavailable,E503,Payment declined: Gateway unavailable
91068,2026-01-16,14:59:17,ERROR,InventoryDB,Connection refused to InventoryDB at 10.0.0.45,E501,Connection refused to {service} at {ip}
91069,2026-01-16,14:27:22,WARN,WebServer,Disk usage > 85% on node node-2,E202,Disk usage > 85% on node {node}
91070,2026-01-16,14:53:43,INFO,WebServer,Health check passed: WebServer,E102,Health check passed: {service}
91071,2026-01-16,14:54:44,CRITICAL,OrderProcessor,KERNEL PANIC: Node node-1 crashed,E601,KERNEL PANIC: Node {node} crashed
91072,2026-01-16,14:45:34,INFO,WebServer,Health check passed: WebServer,E102,Health check passed: {service}
91073,2026-01-16,14:14:59,WARN,WebServer,High latency (801ms) detected on WebServer,E201,High latency ({time}ms) detected on {service}
91074,2026-01-16,14:57:42,WARN,InventoryDB,High latency (609ms) detected on InventoryDB,E201,High latency ({time}ms) detected on {service}
91075,2026-01-16,14:51:20,ERROR,AuthService,Connection refused to AuthService at 10.0.0.45,E501,Connection refused to {service} at {ip}
91076,2026-01-16,14:11:05,WARN,WebServer,High latency (706ms) detected on WebServer,E201,High latency ({time}ms) detected on {service}
91077,2026-01-16,14:41:28,ERROR,AuthService,Timeout waiting for lock on InventoryDB,E502,Timeout waiting for lock on {db}
91078,2026-01-16,14:16:06,WARN,WebServer,High latency (465ms) detected on WebServer,E201,High latency ({time}ms) detected on {service}
91079,2026-01-16,14:24:56,INFO,WebServer,Health check passed: WebServer,E102,Health check passed: {service}
91080,2026-01-16,14:38:12,WARN,WebServer,High latency (1315ms) detected on WebServer,E201,High latency ({time}ms) detected on {service}
91081,2026-01-16,14:52:14,ERROR,AuthService,Timeout waiting for lock on InventoryDB,E502,Timeout waiting for lock on {db}
91082,2026-01-16,14:03:18,INFO,WebServer,Transaction tx803948 completed in 899ms,E104,Transaction {tx} completed in {time}ms
91083,2026-01-16,14:08:58,INFO,OrderProcessor,User u3175 login successful,E101,User {user} login successful
91084,2026-01-16,14:39:54,ERROR,WebServer,Connection refused to WebServer at 10.0.0.45,E501,Connection refused to {service} at {ip}
91085,2026-01-16,14:09:02,INFO,WebServer,Health check passed: WebServer,E102,Health check passed: {service}
91086,2026-01-16,14:34:06,ERROR,AuthService,Connection refused to AuthService at 10.0.0.45,E501,Connection refused to {service} at {ip}
91087,2026-01-16,14:10:32,WARN,WebServer,Unauthorized access attempt from 10.0.0.45,E401,Unauthorized access attempt from {ip}
91088,2026-01-16,14:49:13,ERROR,PaymentGateway,Payment declined: Gateway unavailable,E503,Payment declined: Gateway unavailable
91089,2026-01-16,14:05:33,INFO,InventoryDB,User u2138 login successful,E101,User {user} login successful
91090,2026-01-16,14:24:47,ERROR,WebServer,Payment declined: Gateway unavailable,E503,Payment declined: Gateway unavailable
91091,2026-01-16,14:44:11,ERROR,OrderProcessor,Timeout waiting for lock on InventoryDB,E502,Timeout waiting for lock on {db}
91092,2026-01-16,14:34:30,ERROR,AuthService,Timeout waiting for lock on InventoryDB,E502,Timeout waiting for lock on {db}
91093,2026-01-16,14:08:42,INFO,AuthService,Transaction tx364286 completed in 457ms,E104,Transaction {tx} completed in {time}ms
91094,2026-01-16,14:08:36,ERROR,WebServer,Connection refused to WebServer at 10.0.0.88,E501,Connection refused to {service} at {ip}
91095,2026-01-16,14:58:45,ERROR,AuthService,Connection refused to AuthService at 10.0.0.12,E501,Connection refused to {service} at {ip}
91096,2026-01-16,14:31:11,WARN,AuthService,High latency (320ms) detected on AuthService,E201,High latency ({time}ms) detected on {service}
91097,2026-01-16,14:27:13,INFO,WebServer,Page view: /home by u1315,E103,Page view: {page} by {user}
91098,2026-01-16,14:21:48,ERROR,AuthService,Timeout waiting for lock on InventoryDB,E502,Timeout waiting for lock on {db}
91099,2026-01-16,14:17:43,ERROR,AuthService,Connection refused to AuthService at 10.0.0.45,E501,Connection refused to {service} at {ip}
91100,2026-01-16,14:52:16,WARN,AuthService,High latency (268ms) detected on AuthService,E201,High latency ({time}ms) detected on {service}
91101,2026-01-16,14:31:20,CRITICAL,WebServer,KERNEL PANIC: Node node-2 crashed,E601,KERNEL PANIC: Node {node} crashed
91102,2026-01-16,14:03:45,INFO,WebServer,Transaction tx321901 completed in 1966ms,E104,Transaction {tx} completed in {time}ms
91103,2026-01-16,14:29:58,ERROR,InventoryDB,Timeout waiting for lock on InventoryDB,E502,Timeout waiting for lock on {db}
91104,2026-01-16,14:09:47,CRITICAL,PaymentGateway,KERNEL PANIC: Node node-4 crashed,E601,KERNEL PANIC: Node {node} crashed
91105,2026-01-16,14:54:15,INFO,WebServer,Health check passed: WebServer,E102,Health check passed: {service}
91106,2026-01-16,14:07:50,ERROR,WebServer,Timeout waiting for lock on InventoryDB,E502,Timeout waiting for lock on {db}
91107,2026-01-16,14:17:55,WARN,WebServer,Disk usage > 85% on node node-1,E202,Disk usage > 85% on node {node}
91108,2026-01-16,14:10:20,CRITICAL,AuthService,DATA CORRUPTION detected in sector 576,E602,DATA CORRUPTION detected in sector {sector}
91109,2026-01-16,14:31:19,INFO,OrderProcessor,Transaction tx881358 completed in 1201ms,E104,Transaction {tx} completed in {time}ms
91110,2026-01-16,14:17:29,ERROR,OrderProcessor,Connection refused to OrderProcessor at 10.0.0.10,E501,Connection refused to {service} at {ip}
91111,2026-01-16,14:58:15,INFO,WebServer,Health check passed: WebServer,E102,Health check passed: {service}
91112,2026-01-16,14:22:37,INFO,WebServer,Transaction tx678809 completed in 1101ms,E104,Transaction {tx} completed in {time}ms
91113,2026-01-16,14:06:02,ERROR,WebServer,Timeout waiting for lock on InventoryDB,E502,Timeout waiting for lock on {db}
91114,2026-01-16,14:37:08,INFO,WebServer,Page view: /home by u2487,E103,Page view: {page} by {user}
91115,2026-01-16,14:16:10,ERROR,WebServer,Timeout waiting for lock on InventoryDB,E502,Timeout waiting for lock on {db}
91116,2026-01-16,14:45:48,INFO,PaymentGateway,User u1203 login successful,E101,User {user} login successful
91117,2026-01-16,14:03:40,INFO,WebServer,Page view: /home by u3129,E103,Page view: {page} by {user}
91118,2026-01-16,14:41:10,INFO,WebServer,Health check passed: WebServer,E102,Health check passed: {service}
91119,2026-01-16,14:49:26,WARN,AuthService,Disk usage > 85% on node node-4,E202,Disk usage > 85% on node {node}
91120,2026-01-16,14:40:07,ERROR,WebServer,Payment declined: Gateway unavailable,E503,Payment declined: Gateway unavailable
91121,2026-01-16,14:11:06,CRITICAL,OrderProcessor,KERNEL PANIC: Node node-3 crashed,E601,KERNEL PANIC: Node {node} crashed
91122,2026-01-16,14:37:37,WARN,WebServer,Unauthorized access attempt from 10.0.0.99,E401,Unauthorized access attempt from {ip}
91123,2026-01-16,14:38:01,INFO,WebServer,Page view: /home by u4791,E103,Page view: {page} by {user}
91124,2026-01-16,14:21:17,CRITICAL,OrderProcessor,KERNEL PANIC: Node node-3 crashed,E601,KERNEL PANIC: Node {node} crashed
91125,2026-01-16,14:54:47,ERROR,AuthService,Connection refused to AuthService at 10.0.0.45,E501,Connection refused to {service} at {ip}
91126,2026-01-16,14:15:10,CRITICAL,WebServer,KERNEL PANIC: Node node-3 crashed,E601,KERNEL PANIC: Node {node} crashed
91127,2026-01-16,14:58:50,INFO,WebServer,Health check passed: WebServer,E102,Health check passed: {service}
91128,2026-01-16,14:48:15,INFO,WebServer,Transaction tx412879 completed in 1465ms,E104,Transaction {tx} completed in {time}ms
91129,2026-01-16,14:52:15,ERROR,WebServer,Payment declined: Gateway unavailable,E503,Payment declined: Gateway unavailable
91130,2026-01-16,14:14:32,INFO,AuthService,Transaction tx518618 completed in 908ms,E104,Transaction {tx} completed in {time}ms
91131,2026-01-16,14:40:42,INFO,WebServer,Transaction tx830332 completed in 121ms,E104,Transaction {tx} completed in {time}ms
91132,2026-01-16,14:47:21,ERROR,WebServer,Timeout waiting for lock on InventoryDB,E502,Timeout waiting for lock on {db}
91133,2026-01-16,14:26:06,ERROR,AuthService,Payment declined: Gateway unavailable,E503,Payment declined: Gateway unavailable
91134,2026-01-16,14:35:25,ERROR,WebServer,Connection refused to WebServer at 10.0.0.45,E501,Connection refused to {service} at {ip}
91135,2026-01-16,14:28:12,WARN,PaymentGateway,Disk usage > 85% on node node-4,E202,Disk usage > 85% on node {node}
91136,2026-01-16,14:34:13,WARN,WebServer,Unauthorized access attempt from 10.0.0.45,E401,Unauthorized access attempt from {ip}
91137,2026-01-16,14:21:54,CRITICAL,WebServer,DATA CORRUPTION detected in sector 375,E602,DATA CORRUPTION detected in sector {sector}
91138,2026-01-16,14:03:11,CRITICAL,WebServer,DATA CORRUPTION detected in sector 936,E602,DATA CORRUPTION detected in sector {sector}
91139,2026-01-16,14:52:52,CRITICAL,WebServer,KERNEL PANIC: Node node-1 crashed,E601,KERNEL PANIC: Node {node} crashed
91140,2026-01-16,14:56:16,INFO,WebServer,Transaction tx570518 completed in 194ms,E104,Transaction {tx} completed in {time}ms
91141,2026-01-16,14:53:52,INFO,OrderProcessor,Transaction tx339113 completed in 176ms,E104,Transaction {tx} completed in {time}ms
91142,2026-01-16,14:19:03,INFO,WebServer,Transaction tx174945 completed in 358ms,E104,Transaction {tx} completed in {time}ms
91143,2026-01-16,14:39:29,INFO,OrderProcessor,Health check passed: OrderProcessor,E102,Health check passed: {service}
91144,2026-01-16,14:58:11,ERROR,AuthService,Timeout waiting for lock on InventoryDB,E502,Timeout waiting for lock on {db}
91145,2026-01-16,14:05:44,WARN,PaymentGateway,High latency (1564ms) detected on PaymentGateway,E201,High latency ({time}ms) detected on {service}
91146,2026-01-16,14:00:44,CRITICAL,OrderProcessor,KERNEL PANIC: Node node-2 crashed,E601,KERNEL PANIC: Node {node} crashed
91147,2026-01-16,14:19:53,INFO,PaymentGateway,User u1907 login successful,E101,User {user} login successful
91148,2026-01-16,14:17:00,ERROR,WebServer,Payment declined: Gateway unavailable,E503,Payment declined: Gateway unavailable
91149,2026-01-16,14:57:08,CRITICAL,AuthService,KERNEL PANIC: Node node-3 crashed,E601,KERNEL PANIC: Node {node} crashed
91150,2026-01-16,14:37:14,INFO,OrderProcessor,Health check passed: OrderProcessor,E102,Health check passed: {service}
91151,2026-01-16,14:10:52,ERROR,WebServer,Timeout waiting for lock on InventoryDB,E502,Timeout waiting for lock on {db}
91152,2026-01-16,14:42:18,ERROR,WebServer,Connection refused to WebServer at 10.0.0.45,E501,Connection refused to {service} at {ip}
91153,2026-01-16,14:55:24,WARN,WebServer,Unauthorized access attempt from 10.0.0.88,E401,Unauthorized access attempt from {ip}
91154,2026-01-16,14:27:21,WARN,InventoryDB,Disk usage > 85% on node node-5,E202,Disk usage > 85% on node {node}
91155,2026-01-16,14:14:20,WARN,AuthService,Disk usage > 85% on node node-2,E202,Disk usage > 85% on node {node}
91156,2026-01-16,14:33:59,INFO,OrderProcessor,Transaction tx325063 completed in 1981ms,E104,Transaction {tx} completed in {time}ms
91157,2026-01-16,14:08:21,INFO,PaymentGateway,Transaction tx806755 completed in 1321ms,E104,Transaction {tx} completed in {time}ms
91158,2026-01-16,14:58:17,INFO,WebServer,Page view: /home by u3009,E103,Page view: {page} by {user}
91159,2026-01-16,14:27:49,ERROR,AuthService,Timeout waiting for lock on InventoryDB,E502,Timeout waiting for lock on {db}
91160,2026-01-16,14:26:57,WARN,WebServer,Disk usage > 85% on node node-3,E202,Disk usage > 85% on node {node}
91161,2026-01-16,14:03:04,ERROR,OrderProcessor,Payment declined: Gateway unavailable,E503,Payment declined: Gateway unavailable
91162,2026-01-16,14:35:47,ERROR,PaymentGateway,Payment declined: Gateway unavailable,E503,Payment declined: Gateway unavailable
91163,2026-01-16,14:10:27,ERROR,AuthService,Timeout waiting for lock on InventoryDB,E502,Timeout waiting for lock on {db}
91164,2026-01-16,14:56:45,WARN,PaymentGateway,Unauthorized access attempt from 10.0.0.45,E401,Unauthorized access attempt from {ip}
91165,2026-01-16,14:58:29,INFO,WebServer,Page view: /home by u4587,E103,Page view: {page} by {user}
91166,2026-01-16,14:41:32,INFO,AuthService,User u1289 login successful,E101,User {user} login successful
91167,2026-01-16,14:49:07,INFO,AuthService,Transaction tx398002 completed in 368ms,E104,Transaction {tx} completed in {time}ms
91168,2026-01-16,14:33:43,ERROR,WebServer,Connection refused to WebServer at 10.0.0.10,E501,Connection refused to {service} at {ip}
91169,2026-01-16,14:14:03,ERROR,InventoryDB,Connection refused to InventoryDB at 10.0.0.12,E501,Connection refused to {service} at {ip}
91170,2026-01-16,14:05:51,WARN,AuthService,Unauthorized access attempt from 10.0.0.45,E401,Unauthorized access attempt from {ip}
91171,2026-01-16,14:40:44,INFO,WebServer,User u2370 login successful,E101,User {user} login successful
91172,2026-01-16,14:00:37,WARN,WebServer,Unauthorized access attempt from 10.0.0.45,E401,Unauthorized access attempt from {ip}
91173,2026-01-16,14:09:49,ERROR,WebServer,Timeout waiting for lock on InventoryDB,E502,Timeout waiting for lock on {db}
91174,2026-01-16,14:45:54,WARN,AuthService,High latency (981ms) detected on AuthService,E201,High latency ({time}ms) detected on {service}
91175,2026-01-16,14:51:42,ERROR,InventoryDB,Timeout waiting for lock on InventoryDB,E502,Timeout waiting for lock on {db}
91176,2026-01-16,14:39:14,ERROR,AuthService,Payment declined: Gateway unavailable,E503,Payment declined: Gateway unavailable
91177,2026-01-16,14:14:48,ERROR,WebServer,Connection refused to WebServer at 10.0.0.45,E501,Connection refused to {service} at {ip}
91178,2026-01-16,14:04:17,ERROR,OrderProcessor,Timeout waiting for lock on InventoryDB,E502,Timeout waiting for lock on {db}
91179,2026-01-16,14:55:47,ERROR,WebServer,Timeout waiting for lock on InventoryDB,E502,Timeout waiting for lock on {db}
91180,2026-01-16,14:51:49,ERROR,WebServer,Connection refused to WebServer at 10.0.0.99,E501,Connection refused to {service} at {ip}
91181,2026-01-16,14:08:25,ERROR,WebServer,Connection refused to WebServer at 10.0.0.12,E501,Connection refused to {service} at {ip}
91182,2026-01-16,14:18:41,CRITICAL,OrderProcessor,KERNEL PANIC: Node node-5 crashed,E601,KERNEL PANIC: Node {node} crashed
91183,2026-01-16,14:29:14,ERROR,WebServer,Payment declined: Gateway unavailable,E503,Payment declined: Gateway unavailable
91184,2026-01-16,14:05:17,INFO,WebServer,Page view: /home by u3742,E103,Page view: {page} by {user}
91185,2026-01-16,14:06:06,ERROR,AuthService,Connection refused to AuthService at 10.0.0.45,E501,Connection refused to {service} at {ip}
91186,2026-01-16,14:12:10,ERROR,OrderProcessor,Timeout waiting for lock on InventoryDB,E502,Timeout waiting for lock on {db}
91187,2026-01-16,14:34:11,ERROR,WebServer,Payment declined: Gateway unavailable,E503,Payment declined: Gateway unavailable
91188,2026-01-16,14:30:18,WARN,PaymentGateway,Unauthorized access attempt from 10.0.0.88,E401,Unauthorized access attempt from {ip}
91189,2026-01-16,14:41:22,INFO,InventoryDB,User u2146 login successful,E101,User {user} login successful
91190,2026-01-16,14:17:37,WARN,WebServer,High latency (489ms) detected on WebServer,E201,High latency ({time}ms) detected on {service}
91191,2026-01-16,14:24:15,INFO,PaymentGateway,Health check passed: PaymentGateway,E102,Health check passed: {service}
91192,2026-01-16,14:43:24,INFO,OrderProcessor,Health check passed: OrderProcessor,E102,Health check passed: {service}
91193,2026-01-16,14:30:15,CRITICAL,WebServer,DATA CORRUPTION detected in sector 646,E602,DATA CORRUPTION detected in sector {sector}
91194,2026-01-16,14:34:19,ERROR,WebServer,Timeout waiting for lock on InventoryDB,E502,Timeout waiting for lock on {db}
91195,2026-01-16,14:22:48,ERROR,OrderProcessor,Payment declined: Gateway unavailable,E503,Payment declined: Gateway unavailable
91196,2026-01-16,14:18:29,ERROR,AuthService,Payment declined: Gateway unavailable,E503,Payment declined: Gateway unavailable
91197,2026-01-16,14:52:10,INFO,WebServer,Transaction tx263703 completed in 491ms,E104,Transaction {tx} completed in {time}ms
91198,2026-01-16,14:36:29,INFO,PaymentGateway,User u1879 login successful,E101,User {user} login successful
91199,2026-01-16,14:51:16,INFO,WebServer,User u1425 login successful,E101,User {user} login successful
91200,2026-01-16,14:41:15,ERROR,OrderProcessor,Timeout waiting for lock on InventoryDB,E502,Timeout waiting for lock on {db}
91201,2026-01-16,14:26:24,WARN,AuthService,Unauthorized access attempt from 10.0.0.45,E401,Unauthorized access attempt from {ip}
91202,2026-01-16,14:16:38,ERROR,WebServer,Timeout waiting for lock on InventoryDB,E502,Timeout waiting for lock on {db}
91203,2026-01-16,14:14:20,CRITICAL,WebServer,KERNEL PANIC: Node node-5 crashed,E601,KERNEL PANIC: Node {node} crashed
91204,2026-01-16,14:39:30,ERROR,AuthService,Connection refused to AuthService at 10.0.0.12,E501,Connection refused to {service} at {ip}
91205,2026-01-16,14:41:06,CRITICAL,OrderProcessor,KERNEL PANIC: Node node-4 crashed,E601,KERNEL PANIC: Node {node} crashed
91206,2026-01-16,14:32:35,INFO,WebServer,Transaction tx218092 completed in 98ms,E104,Transaction {tx} completed in {time}ms
91207,2026-01-16,14:43:01,ERROR,OrderProcessor,Timeout waiting for lock on InventoryDB,E502,Timeout waiting for lock on {db}
91208,2026-01-16,14:27:40,WARN,PaymentGateway,High latency (1374ms) detected on PaymentGateway,E201,High latency ({time}ms) detected on {service}
91209,2026-01-16,14:07:48,WARN,WebServer,Disk usage > 85% on node node-1,E202,Disk usage > 85% on node {node}
91210,2026-01-16,14:40:33,INFO,WebServer,Health check passed: WebServer,E102,Health check passed: {service}
91211,2026-01-16,14:02:59,ERROR,PaymentGateway,Connection refused to PaymentGateway at 10.0.0.45,E501,Connection refused to {service} at {ip}
91212,2026-01-16,14:04:57,WARN,WebServer,Disk usage > 85% on node node-4,E202,Disk usage > 85% on node {node}
91213,2026-01-16,14:52:34,CRITICAL,WebServer,KERNEL PANIC: Node node-1 crashed,E601,KERNEL PANIC: Node {node} crashed
91214,2026-01-16,14:19:55,INFO,OrderProcessor,Health check passed: OrderProcessor,E102,Health check passed: {service}
91215,2026-01-16,14:29:26,WARN,WebServer,Disk usage > 85% on node node-3,E202,Disk usage > 85% on node {node}
91216,2026-01-16,14:29:20,WARN,InventoryDB,Unauthorized access attempt from 10.0.0.45,E401,Unauthorized access attempt from {ip}
91217,2026-01-16,14:04:43,INFO,AuthService,Transaction tx113277 completed in 168ms,E104,Transaction {tx} completed in {time}ms
91218,2026-01-16,14:52:07,INFO,PaymentGateway,Transaction tx512455 completed in 1428ms,E104,Transaction {tx} completed in {time}ms
91219,2026-01-16,14:53:53,ERROR,WebServer,Connection refused to WebServer at 10.0.0.45,E501,Connection refused to {service} at {ip}
91220,2026-01-16,14:09:41,ERROR,WebServer,Connection refused to WebServer at 10.0.0.45,E501,Connection refused to {service} at {ip}
91221,2026-01-16,14:30:17,INFO,OrderProcessor,Health check passed: OrderProcessor,E102,Health check passed: {service}
91222,2026-01-16,14:45:07,WARN,WebServer,Disk usage > 85% on node node-3,E202,Disk usage > 85% on node {node}
91223,2026-01-16,14:00:43,INFO,WebServer,Page view: /home by u1981,E103,Page view: {page} by {user}
91224,2026-01-16,14:41:29,ERROR,WebServer,Payment declined: Gateway unavailable,E503,Payment declined: Gateway unavailable
91225,2026-01-16,14:34:55,WARN,WebServer,Disk usage > 85% on node node-2,E202,Disk usage > 85% on node {node}
91226,2026-01-16,14:45:37,ERROR,AuthService,Payment declined: Gateway unavailable,E503,Payment declined: Gateway unavailable
91227,2026-01-16,14:37:16,INFO,OrderProcessor,User u3370 login successful,E101,User {user} login successful
91228,2026-01-16,14:34:49,ERROR,InventoryDB,Connection refused to InventoryDB at 10.0.0.12,E501,Connection refused to {service} at {ip}
91229,2026-01-16,14:50:49,INFO,WebServer,Health check passed: WebServer,E102,Health check passed: {service}
91230,2026-01-16,14:05:55,ERROR,WebServer,Payment declined: Gateway unavailable,E503,Payment declined: Gateway unavailable
91231,2026-01-16,14:36:28,ERROR,WebServer,Connection refused to WebServer at 10.0.0.45,E501,Connection refused to {service} at {ip}
91232,2026-01-16,14:51:20,INFO,PaymentGateway,Health check passed: PaymentGateway,E102,Health check passed: {service}
91233,2026-01-16,14:03:34,ERROR,WebServer,Connection refused to WebServer at 10.0.0.88,E501,Connection refused to {service} at {ip}
91234,2026-01-16,14:15:50,ERROR,AuthService,Connection refused to AuthService at 10.0.0.12,E501,Connection refused to {service} at {ip}
91235,2026-01-16,14:13:44,ERROR,WebServer,Timeout waiting for lock on InventoryDB,E502,Timeout waiting for lock on {db}
91236,2026-01-16,14:25:37,WARN,AuthService,High latency (994ms) detected on AuthService,E201,High latency ({time}ms) detected on {service}
91237,2026-01-16,14:01:11,INFO,WebServer,User u2016 login successful,E101,User {user} login successful
91238,2026-01-16,14:46:23,ERROR,OrderProcessor,Connection refused to OrderProcessor at 10.0.0.45,E501,Connection refused to {service} at {ip}
91239,2026-01-16,14:38:17,INFO,WebServer,Transaction tx559935 completed in 1426ms,E104,Transaction {tx} completed in {time}ms
91240,2026-01-16,14:55:44,INFO,AuthService,Page view: /home by u4292,E103,Page view: {page} by {user}
91241,2026-01-16,14:36:40,ERROR,PaymentGateway,Payment declined: Gateway unavailable,E503,Payment declined: Gateway unavailable
91242,2026-01-16,14:14:32,WARN,WebServer,High latency (900ms) detected on WebServer,E201,High latency ({time}ms) detected on {service}
91243,2026-01-16,14:57:10,INFO,PaymentGateway,User u2942 login successful,E101,User {user} login successful
91244,2026-01-16,14:08:47,WARN,PaymentGateway,Unauthorized access attempt from 10.0.0.45,E401,Unauthorized access attempt from {ip}
91245,2026-01-16,14:18:10,CRITICAL,WebServer,KERNEL PANIC: Node node-4 crashed,E601,KERNEL PANIC: Node {node} crashed
91246,2026-01-16,14:57:04,ERROR,WebServer,Payment declined: Gateway unavailable,E503,Payment declined: Gateway unavailable
91247,2026-01-16,14:10:16,INFO,InventoryDB,User u4317 login successful,E101,User {user} login successful
91248,2026-01-16,14:18:27,WARN,WebServer,High latency (725ms) detected on WebServer,E201,High latency ({time}ms) detected on {service}
91249,2026-01-16,14:23:47,INFO,InventoryDB,Transaction tx724651 completed in 552ms,E104,Transaction {tx} completed in {time}ms
91250,2026-01-16,14:43:57,CRITICAL,WebServer,DATA CORRUPTION detected in sector 711,E602,DATA CORRUPTION detected in sector {sector}
91251,2026-01-16,14:11:25,INFO,OrderProcessor,Health check passed: OrderProcessor,E102,Health check passed: {service}
91252,2026-01-16,14:42:57,WARN,WebServer,Unauthorized access attempt from 10.0.0.12,E401,Unauthorized access attempt from {ip}
91253,2026-01-16,14:02:41,INFO,WebServer,Page view: /home by u2388,E103,Page view: {page} by {user}
91254,2026-01-16,14:38:47,INFO,OrderProcessor,User u1409 login successful,E101,User {user} login successful
91255,2026-01-16,14:12:52,INFO,WebServer,Page view: /home by u4079,E103,Page view: {page} by {user}
91256,2026-01-16,14:08:06,WARN,WebServer,Unauthorized access attempt from 10.0.0.45,E401,Unauthorized access attempt from {ip}
91257,2026-01-16,14:06:18,INFO,WebServer,Health check passed: WebServer,E102,Health check passed: {service}
91258,2026-01-16,14:32:55,INFO,AuthService,User u4729 login successful,E101,User {user} login successful
91259,2026-01-16,14:41:19,INFO,WebServer,User u1053 login successful,E101,User {user} login successful
91260,2026-01-16,14:38:42,INFO,OrderProcessor,User u1948 login successful,E101,User {user} login successful
91261,2026-01-16,14:56:47,ERROR,AuthService,Connection refused to AuthService at 10.0.0.45,E501,Connection refused to {service} at {ip}
91262,2026-01-16,14:51:00,ERROR,WebServer,Payment declined: Gateway unavailable,E503,Payment declined: Gateway unavailable
91263,2026-01-16,14:17:01,INFO,OrderProcessor,Transaction tx918821 completed in 1726ms,E104,Transaction {tx} completed in {time}ms
91264,2026-01-16,14:54:47,ERROR,WebServer,Timeout waiting for lock on InventoryDB,E502,Timeout waiting for lock on {db}
91265,2026-01-16,14:16:09,ERROR,WebServer,Payment declined: Gateway unavailable,E503,Payment declined: Gateway unavailable
91266,2026-01-16,14:46:11,WARN,WebServer,Unauthorized access attempt from 10.0.0.10,E401,Unauthorized access attempt from {ip}
91267,2026-01-16,14:06:57,ERROR,WebServer,Payment declined: Gateway unavailable,E503,Payment declined: Gateway unavailable
91268,2026-01-16,14:46:07,INFO,WebServer,Transaction tx667933 completed in 1193ms,E104,Transaction {tx} completed in {time}ms
91269,2026-01-16,14:44:56,INFO,AuthService,Transaction tx982847 completed in 1326ms,E104,Transaction {tx} completed in {time}ms
91270,2026-01-16,14:44:02,INFO,WebServer,Transaction tx445254 completed in 1158ms,E104,Transaction {tx} completed in {time}ms
91271,2026-01-16,14:35:52,CRITICAL,OrderProcessor,DATA CORRUPTION detected in sector 146,E602,DATA CORRUPTION detected in sector {sector}
91272,2026-01-16,14:07:03,INFO,WebServer,Health check passed: WebServer,E102,Health check passed: {service}
91273,2026-01-16,14:27:49,CRITICAL,AuthService,DATA CORRUPTION detected in sector 180,E602,DATA CORRUPTION detected in sector {sector}
91274,2026-01-16,14:20:39,ERROR,WebServer,Connection refused to WebServer at 10.0.0.45,E501,Connection refused to {service} at {ip}
91275,2026-01-16,14:24:39,INFO,WebServer,Health check passed: WebServer,E102,Health check passed: {service}
91276,2026-01-16,14:06:57,ERROR,InventoryDB,Payment declined: Gateway unavailable,E503,Payment declined: Gateway unavailable
91277,2026-01-16,14:54:14,INFO,WebServer,User u4694 login successful,E101,User {user} login successful
91278,2026-01-16,14:58:03,WARN,AuthService,Unauthorized access attempt from 10.0.0.99,E401,Unauthorized access attempt from {ip}
91279,2026-01-16,14:08:22,ERROR,WebServer,Connection refused to WebServer at 10.0.0.45,E501,Connection refused to {service} at {ip}
91280,2026-01-16,14:33:26,WARN,WebServer,High latency (998ms) detected on WebServer,E201,High latency ({time}ms) detected on {service}
91281,2026-01-16,14:20:00,INFO,OrderProcessor,Health check passed: OrderProcessor,E102,Health check passed: {service}
91282,2026-01-16,14:12:34,INFO,WebServer,Transaction tx948500 completed in 1538ms,E104,Transaction {tx} completed in {time}ms
91283,2026-01-16,14:15:22,WARN,WebServer,High latency (1364ms) detected on WebServer,E201,High latency ({time}ms) detected on {service}
91284,2026-01-16,14:14:40,INFO,AuthService,Transaction tx247903 completed in 1077ms,E104,Transaction {tx} completed in {time}ms
91285,2026-01-16,14:20:55,WARN,WebServer,High latency (1193ms) detected on WebServer,E201,High latency ({time}ms) detected on {service}
91286,2026-01-16,14:50:30,ERROR,PaymentGateway,Payment declined: Gateway unavailable,E503,Payment declined: Gateway unavailable
91287,2026-01-16,14:10:29,CRITICAL,WebServer,DATA CORRUPTION detected in sector 279,E602,DATA CORRUPTION detected in sector {sector}
91288,2026-01-16,14:24:40,CRITICAL,OrderProcessor,KERNEL PANIC: Node node-1 crashed,E601,KERNEL PANIC: Node {node} crashed
91289,2026-01-16,14:48:23,WARN,WebServer,Unauthorized access attempt from 10.0.0.45,E401,Unauthorized access attempt from {ip}
91290,2026-01-16,14:11:49,INFO,WebServer,User u1430 login successful,E101,User {user} login successful
91291,2026-01-16,14:52:48,ERROR,WebServer,Connection refused to WebServer at 10.0.0.45,E501,Connection refused to {service} at {ip}
91292,2026-01-16,14:46:39,INFO,WebServer,Health check passed: WebServer,E102,Health check passed: {service}
91293,2026-01-16,14:52:32,ERROR,InventoryDB,Connection refused to InventoryDB at 10.0.0.99,E501,Connection refused to {service} at {ip}
91294,2026-01-16,14:49:20,WARN,AuthService,Disk usage > 85% on node node-5,E202,Disk usage > 85% on node {node}
91295,2026-01-16,14:46:21,ERROR,WebServer,Payment declined: Gateway unavailable,E503,Payment declined: Gateway unavailable
91296,2026-01-16,14:44:13,ERROR,WebServer,Connection refused to WebServer at 10.0.0.45,E501,Connection refused to {service} at {ip}
91297,2026-01-16,14:47:16,CRITICAL,AuthService,DATA CORRUPTION detected in sector 322,E602,DATA CORRUPTION detected in sector {sector}
91298,2026-01-16,14:33:23,ERROR,AuthService,Connection refused to AuthService at 10.0.0.45,E501,Connection refused to {service} at {ip}
91299,2026-01-16,14:46:59,INFO,PaymentGateway,Transaction tx392069 completed in 739ms,E104,Transaction {tx} completed in {time}ms
91300,2026-01-16,14:52:46,INFO,WebServer,Page view: /home by u3923,E103,Page view: {page} by {user}
91301,2026-01-16,14:49:07,CRITICAL,WebServer,DATA CORRUPTION detected in sector 643,E602,DATA CORRUPTION detected in sector {sector}
91302,2026-01-16,14:17:56,ERROR,WebServer,Timeout waiting for lock on InventoryDB,E502,Timeout waiting for lock on {db}
91303,2026-01-16,14:19:28,INFO,PaymentGateway,Page view: /home by u4612,E103,Page view: {page} by {user}
91304,2026-01-16,14:59:35,INFO,WebServer,User u3127 login successful,E101,User {user} login successful
91305,2026-01-16,14:43:28,ERROR,AuthService,Connection refused to AuthService at 10.0.0.45,E501,Connection refused to {service} at {ip}
91306,2026-01-16,14:02:26,ERROR,AuthService,Timeout waiting for lock on InventoryDB,E502,Timeout waiting for lock on {db}
91307,2026-01-16,14:34:33,WARN,WebServer,Unauthorized access attempt from 10.0.0.45,E401,Unauthorized access attempt from {ip}
91308,2026-01-16,14:11:30,INFO,OrderProcessor,Transaction tx817818 completed in 60ms,E104,Transaction {tx} completed in {time}ms
91309,2026-01-16,14:13:13,INFO,WebServer,User u2975 login successful,E101,User {user} login successful
91310,2026-01-16,14:52:28,INFO,WebServer,Transaction tx625638 completed in 658ms,E104,Transaction {tx} completed in {time}ms
91311,2026-01-16,14:00:51,INFO,AuthService,Health check passed: AuthService,E102,Health check passed: {service}
91312,2026-01-16,14:21:59,WARN,WebServer,Unauthorized access attempt from 10.0.0.45,E401,Unauthorized access attempt from {ip}
91313,2026-01-16,14:41:36,ERROR,WebServer,Connection refused to WebServer at 10.0.0.45,E501,Connection refused to {service} at {ip}
91314,2026-01-16,14:13:37,WARN,AuthService,Disk usage > 85% on node node-2,E202,Disk usage > 85% on node {node}
91315,2026-01-16,14:36:51,INFO,OrderProcessor,Page view: /home by u1841,E103,Page view: {page} by {user}
91316,2026-01-16,14:37:50,INFO,WebServer,User u1225 login successful,E101,User {user} login successful
91317,2026-01-16,14:43:22,INFO,AuthService,Page view: /home by u3057,E103,Page view: {page} by {user}
91318,2026-01-16,14:53:27,WARN,WebServer,Unauthorized access attempt from 10.0.0.99,E401,Unauthorized access attempt from {ip}
91319,2026-01-16,14:51:15,INFO,WebServer,Page view: /home by u1585,E103,Page view: {page} by {user}
91320,2026-01-16,14:55:20,ERROR,PaymentGateway,Connection refused to PaymentGateway at 10.0.0.12,E501,Connection refused to {service} at {ip}
91321,2026-01-16,14:42:27,INFO,OrderProcessor,Page view: /home by u1242,E103,Page view: {page} by {user}
91322,2026-01-16,14:41:14,CRITICAL,InventoryDB,DATA CORRUPTION detected in sector 306,E602,DATA CORRUPTION detected in sector {sector}
91323,2026-01-16,14:50:48,CRITICAL,WebServer,DATA CORRUPTION detected in sector 374,E602,DATA CORRUPTION detected in sector {sector}
91324,2026-01-16,14:13:22,CRITICAL,InventoryDB,KERNEL PANIC: Node node-1 crashed,E601,KERNEL PANIC: Node {node} crashed
91325,2026-01-16,14:54:23,ERROR,WebServer,Payment declined: Gateway unavailable,E503,Payment declined: Gateway unavailable
91326,2026-01-16,14:06:40,ERROR,OrderProcessor,Payment declined: Gateway unavailable,E503,Payment declined: Gateway unavailable
91327,2026-01-16,14:58:56,WARN,WebServer,Disk usage > 85% on node node-5,E202,Disk usage > 85% on node {node}
91328,2026-01-16,14:43:55,CRITICAL,OrderProcessor,KERNEL PANIC: Node node-1 crashed,E601,KERNEL PANIC: Node {node} crashed
91329,2026-01-16,14:36:16,WARN,WebServer,Unauthorized access attempt from 10.0.0.45,E401,Unauthorized access attempt from {ip}
91330,2026-01-16,14:58:40,ERROR,AuthService,Timeout waiting for lock on InventoryDB,E502,Timeout waiting for lock on {db}
91331,2026-01-16,14:12:25,ERROR,AuthService,Connection refused to AuthService at 10.0.0.45,E501,Connection refused to {service} at {ip}
91332,2026-01-16,14:08:50,CRITICAL,WebServer,DATA CORRUPTION detected in sector 567,E602,DATA CORRUPTION detected in sector {sector}
91333,2026-01-16,14:05:05,WARN,WebServer,High latency (1856ms) detected on WebServer,E201,High latency ({time}ms) detected on {service}
91334,2026-01-16,14:54:58,INFO,AuthService,Transaction tx344760 completed in 193ms,E104,Transaction {tx} completed in {time}ms
91335,2026-01-16,14:10:08,CRITICAL,WebServer,DATA CORRUPTION detected in sector 795,E602,DATA CORRUPTION detected in sector {sector}
91336,2026-01-16,14:38:43,INFO,InventoryDB,Page view: /home by u3549,E103,Page view: {page} by {user}
91337,2026-01-16,14:23:21,INFO,WebServer,User u2867 login successful,E101,User {user} login successful
91338,2026-01-16,14:38:20,INFO,WebServer,User u3099 login successful,E101,User {user} login successful
91339,2026-01-16,14:59:53,CRITICAL,WebServer,DATA CORRUPTION detected in sector 865,E602,DATA CORRUPTION detected in sector {sector}
91340,2026-01-16,14:52:51,ERROR,WebServer,Payment declined: Gateway unavailable,E503,Payment declined: Gateway unavailable
91341,2026-01-16,14:23:00,INFO,WebServer,Page view: /home by u1377,E103,Page view: {page} by {user}
91342,2026-01-16,14:43:05,CRITICAL,AuthService,DATA CORRUPTION detected in sector 203,E602,DATA CORRUPTION detected in sector {sector}
91343,2026-01-16,14:03:00,ERROR,WebServer,Connection refused to WebServer at 10.0.0.88,E501,Connection refused to {service} at {ip}
91344,2026-01-16,14:11:12,INFO,WebServer,Page view: /home by u2473,E103,Page view: {page} by {user}
91345,2026-01-16,14:26:39,WARN,AuthService,High latency (1809ms) detected on AuthService,E201,High latency ({time}ms) detected on {service}
91346,2026-01-16,14:20:11,INFO,OrderProcessor,Health check passed: OrderProcessor,E102,Health check passed: {service}
91347,2026-01-16,14:07:56,WARN,PaymentGateway,Disk usage > 85% on node node-5,E202,Disk usage > 85% on node {node}
91348,2026-01-16,14:57:01,INFO,AuthService,Health check passed: AuthService,E102,Health check passed: {service}
91349,2026-01-16,14:48:45,WARN,AuthService,High latency (1731ms) detected on AuthService,E201,High latency ({time}ms) detected on {service}
91350,2026-01-16,14:25:19,INFO,WebServer,User u3082 login successful,E101,User {user} login successful
91351,2026-01-16,14:04:00,INFO,WebServer,User u3665 login successful,E101,User {user} login successful
91352,2026-01-16,14:09:46,ERROR,OrderProcessor,Timeout waiting for lock on InventoryDB,E502,Timeout waiting for lock on {db}
91353,2026-01-16,14:46:22,CRITICAL,PaymentGateway,DATA CORRUPTION detected in sector 715,E602,DATA CORRUPTION detected in sector {sector}
91354,2026-01-16,14:10:35,CRITICAL,OrderProcessor,DATA CORRUPTION detected in sector 999,E602,DATA CORRUPTION detected in sector {sector}
91355,2026-01-16,14:03:45,ERROR,PaymentGateway,Connection refused to PaymentGateway at 10.0.0.45,E501,Connection refused to {service} at {ip}
91356,2026-01-16,14:09:36,INFO,WebServer,User u2848 login successful,E101,User {user} login successful
91357,2026-01-16,14:24:09,ERROR,WebServer,Timeout waiting for lock on InventoryDB,E502,Timeout waiting for lock on {db}
91358,2026-01-16,14:19:04,WARN,WebServer,High latency (1087ms) detected on WebServer,E201,High latency ({time}ms) detected on {service}
91359,2026-01-16,14:34:41,INFO,WebServer,Transaction tx116317 completed in 516ms,E104,Transaction {tx} completed in {time}ms
91360,2026-01-16,14:23:35,INFO,InventoryDB,Page view: /home by u3891,E103,Page view: {page} by {user}
91361,2026-01-16,14:51:39,ERROR,AuthService,Connection refused to AuthService at 10.0.0.45,E501,Connection refused to {service} at {ip}
91362,2026-01-16,14:20:55,WARN,AuthService,Unauthorized access attempt from 192.168.1.5,E401,Unauthorized access attempt from {ip}
91363,2026-01-16,14:03:25,WARN,WebServer,Disk usage > 85% on node node-3,E202,Disk usage > 85% on node {node}
91364,2026-01-16,14:31:52,ERROR,PaymentGateway,Connection refused to PaymentGateway at 10.0.0.88,E501,Connection refused to {service} at {ip}
91365,2026-01-16,14:46:00,INFO,InventoryDB,Transaction tx836972 completed in 1243ms,E104,Transaction {tx} completed in {time}ms
91366,2026-01-16,14:06:54,ERROR,AuthService,Timeout waiting for lock on InventoryDB,E502,Timeout waiting for lock on {db}
91367,2026-01-16,14:02:17,ERROR,PaymentGateway,Payment declined: Gateway unavailable,E503,Payment declined: Gateway unavailable
91368,2026-01-16,14:39:30,INFO,WebServer,Health check passed: WebServer,E102,Health check passed: {service}
91369,2026-01-16,14:00:53,INFO,InventoryDB,Page view: /home by u2023,E103,Page view: {page} by {user}
91370,2026-01-16,14:35:24,ERROR,OrderProcessor,Connection refused to OrderProcessor at 10.0.0.45,E501,Connection refused to {service} at {ip}
91371,2026-01-16,14:41:48,ERROR,WebServer,Payment declined: Gateway unavailable,E503,Payment declined: Gateway unavailable
91372,2026-01-16,14:16:51,WARN,AuthService,Disk usage > 85% on node node-5,E202,Disk usage > 85% on node {node}
91373,2026-01-16,14:13:31,INFO,OrderProcessor,Page view: /home by u4714,E103,Page view: {page} by {user}
91374,2026-01-16,14:41:34,ERROR,PaymentGateway,Connection refused to PaymentGateway at 10.0.0.45,E501,Connection refused to {service} at {ip}
91375,2026-01-16,14:19:30,INFO,OrderProcessor,Health check passed: OrderProcessor,E102,Health check passed: {service}
91376,2026-01-16,14:48:12,WARN,WebServer,High latency (212ms) detected on WebServer,E201,High latency ({time}ms) detected on {service}
91377,2026-01-16,14:19:06,ERROR,OrderProcessor,Timeout waiting for lock on InventoryDB,E502,Timeout waiting for lock on {db}
91378,2026-01-16,14:16:00,WARN,AuthService,Unauthorized access attempt from 10.0.0.45,E401,Unauthorized access attempt from {ip}
91379,2026-01-16,14:32:16,ERROR,WebServer,Payment declined: Gateway unavailable,E503,Payment declined: Gateway unavailable
91380,2026-01-16,14:43:04,CRITICAL,AuthService,DATA CORRUPTION detected in sector 750,E602,DATA CORRUPTION detected in sector {sector}
91381,2026-01-16,14:20:55,ERROR,PaymentGateway,Connection refused to PaymentGateway at 10.0.0.45,E501,Connection refused to {service} at {ip}
91382,2026-01-16,14:13:59,WARN,OrderProcessor,High latency (1084ms) detected on OrderProcessor,E201,High latency ({time}ms) detected on {service}
91383,2026-01-16,14:03:50,ERROR,WebServer,Timeout waiting for lock on InventoryDB,E502,Timeout waiting for lock on {db}
91384,2026-01-16,14:16:17,WARN,WebServer,Unauthorized access attempt from 10.0.0.45,E401,Unauthorized access attempt from {ip}
91385,2026-01-16,14:17:41,INFO,AuthService,Health check passed: AuthService,E102,Health check passed: {service}
91386,2026-01-16,14:03:12,ERROR,AuthService,Payment declined: Gateway unavailable,E503,Payment declined: Gateway unavailable
91387,2026-01-16,14:15:28,WARN,WebServer,High latency (1437ms) detected on WebServer,E201,High latency ({time}ms) detected on {service}
91388,2026-01-16,14:03:13,WARN,WebServer,Disk usage > 85% on node node-4,E202,Disk usage > 85% on node {node}
91389,2026-01-16,14:12:16,WARN,WebServer,Disk usage > 85% on node node-2,E202,Disk usage > 85% on node {node}
91390,2026-01-16,14:12:39,ERROR,AuthService,Timeout waiting for lock on InventoryDB,E502,Timeout waiting for lock on {db}
91391,2026-01-16,14:50:36,INFO,OrderProcessor,Transaction tx857406 completed in 167ms,E104,Transaction {tx} completed in {time}ms
91392,2026-01-16,14:11:54,WARN,AuthService,Disk usage > 85% on node node-4,E202,Disk usage > 85% on node {node}
91393,2026-01-16,14:51:48,WARN,WebServer,Unauthorized access attempt from 10.0.0.12,E401,Unauthorized access attempt from {ip}
91394,2026-01-16,14:45:07,WARN,PaymentGateway,High latency (320ms) detected on PaymentGateway,E201,High latency ({time}ms) detected on {service}
91395,2026-01-16,14:43:47,ERROR,WebServer,Timeout waiting for lock on InventoryDB,E502,Timeout waiting for lock on {db}
91396,2026-01-16,14:12:35,WARN,WebServer,Unauthorized access attempt from 10.0.0.45,E401,Unauthorized access attempt from {ip}
91397,2026-01-16,14:10:38,INFO,AuthService,Transaction tx779329 completed in 1986ms,E104,Transaction {tx} completed in {time}ms
91398,2026-01-16,14:56:49,CRITICAL,WebServer,DATA CORRUPTION detected in sector 889,E602,DATA CORRUPTION detected in sector {sector}
91399,2026-01-16,14:35:26,INFO,WebServer,Health check passed: WebServer,E102,Health check passed: {service}
91400,2026-01-16,14:58:50,ERROR,OrderProcessor,Connection refused to OrderProcessor at 10.0.0.45,E501,Connection refused to {service} at {ip}
91401,2026-01-16,14:12:52,ERROR,WebServer,Payment declined: Gateway unavailable,E503,Payment declined: Gateway unavailable
91402,2026-01-16,14:52:13,INFO,WebServer,Transaction tx208555 completed in 1224ms,E104,Transaction {tx} completed in {time}ms
91403,2026-01-16,14:27:11,INFO,OrderProcessor,Transaction tx216856 completed in 1794ms,E104,Transaction {tx} completed in {time}ms
91404,2026-01-16,14:57:13,CRITICAL,AuthService,KERNEL PANIC: Node node-5 crashed,E601,KERNEL PANIC: Node {node} crashed
91405,2026-01-16,14:53:49,ERROR,InventoryDB,Connection refused to InventoryDB at 10.0.0.45,E501,Connection refused to {service} at {ip}
91406,2026-01-16,14:29:29,ERROR,WebServer,Payment declined: Gateway unavailable,E503,Payment declined: Gateway unavailable
91407,2026-01-16,14:53:44,INFO,WebServer,Health check passed: WebServer,E102,Health check passed: {service}
91408,2026-01-16,14:38:36,WARN,AuthService,Unauthorized access attempt from 10.0.0.45,E401,Unauthorized access attempt from {ip}
91409,2026-01-16,14:38:39,INFO,AuthService,Page view: /home by u1677,E103,Page view: {page} by {user}
91410,2026-01-16,14:37:38,WARN,OrderProcessor,Disk usage > 85% on node node-1,E202,Disk usage > 85% on node {node}
91411,2026-01-16,14:11:59,ERROR,WebServer,Timeout waiting for lock on InventoryDB,E502,Timeout waiting for lock on {db}
91412,2026-01-16,14:42:04,INFO,WebServer,User u1785 login successful,E101,User {user} login successful
91413,2026-01-16,14:42:04,INFO,AuthService,User u1716 login successful,E101,User {user} login successful
91414,2026-01-16,14:27:58,ERROR,WebServer,Payment declined: Gateway unavailable,E503,Payment declined: Gateway unavailable
91415,2026-01-16,14:28:04,CRITICAL,AuthService,KERNEL PANIC: Node node-2 crashed,E601,KERNEL PANIC: Node {node} crashed
91416,2026-01-16,14:16:51,CRITICAL,OrderProcessor,DATA CORRUPTION detected in sector 966,E602,DATA CORRUPTION detected in sector {sector}
91417,2026-01-16,14:51:47,ERROR,WebServer,Connection refused to WebServer at 10.0.0.45,E501,Connection refused to {service} at {ip}
91418,2026-01-16,14:15:54,ERROR,PaymentGateway,Timeout waiting for lock on InventoryDB,E502,Timeout waiting for lock on {db}
91419,2026-01-16,14:44:48,INFO,PaymentGateway,Health check passed: PaymentGateway,E102,Health check passed: {service}
91420,2026-01-16,14:59:42,WARN,WebServer,Unauthorized access attempt from 10.0.0.45,E401,Unauthorized access attempt from {ip}
91421,2026-01-16,14:14:36,ERROR,OrderProcessor,Connection refused to OrderProcessor at 10.0.0.12,E501,Connection refused to {service} at {ip}
91422,2026-01-16,14:53:21,INFO,WebServer,Health check passed: WebServer,E102,Health check passed: {service}
91423,2026-01-16,14:07:51,INFO,OrderProcessor,Page view: /home by u3672,E103,Page view: {page} by {user}
91424,2026-01-16,14:48:13,ERROR,WebServer,Payment declined: Gateway unavailable,E503,Payment declined: Gateway unavailable
91425,2026-01-16,14:46:27,ERROR,AuthService,Connection refused to AuthService at 10.0.0.12,E501,Connection refused to {service} at {ip}
91426,2026-01-16,14:58:38,ERROR,OrderProcessor,Payment declined: Gateway unavailable,E503,Payment declined: Gateway unavailable
91427,2026-01-16,14:42:18,WARN,InventoryDB,Disk usage > 85% on node node-5,E202,Disk usage > 85% on node {node}
91428,2026-01-16,14:10:31,ERROR,WebServer,Payment declined: Gateway unavailable,E503,Payment declined: Gateway unavailable
91429,2026-01-16,14:30:37,INFO,WebServer,Transaction tx725643 completed in 208ms,E104,Transaction {tx} completed in {time}ms
91430,2026-01-16,14:09:09,ERROR,WebServer,Connection refused to WebServer at 10.0.0.88,E501,Connection refused to {service} at {ip}
91431,2026-01-16,14:23:20,ERROR,OrderProcessor,Connection refused to OrderProcessor at 10.0.0.12,E501,Connection refused to {service} at {ip}
91432,2026-01-16,14:05:35,WARN,OrderProcessor,Disk usage > 85% on node node-5,E202,Disk usage > 85% on node {node}
91433,2026-01-16,14:02:02,ERROR,PaymentGateway,Payment declined: Gateway unavailable,E503,Payment declined: Gateway unavailable
91434,2026-01-16,14:16:57,CRITICAL,AuthService,KERNEL PANIC: Node node-5 crashed,E601,KERNEL PANIC: Node {node} crashed
91435,2026-01-16,14:00:21,INFO,PaymentGateway,Page view: /home by u1570,E103,Page view: {page} by {user}
91436,2026-01-16,14:47:02,INFO,AuthService,Health check passed: AuthService,E102,Health check passed: {service}
91437,2026-01-16,14:48:56,ERROR,OrderProcessor,Payment declined: Gateway unavailable,E503,Payment declined: Gateway unavailable
91438,2026-01-16,14:00:27,ERROR,WebServer,Timeout waiting for lock on InventoryDB,E502,Timeout waiting for lock on {db}
91439,2026-01-16,14:40:23,ERROR,WebServer,Connection refused to WebServer at 10.0.0.45,E501,Connection refused to {service} at {ip}
91440,2026-01-16,14:18:48,INFO,WebServer,User u2880 login successful,E101,User {user} login successful
91441,2026-01-16,14:50:32,CRITICAL,OrderProcessor,KERNEL PANIC: Node node-5 crashed,E601,KERNEL PANIC: Node {node} crashed
91442,2026-01-16,14:13:54,INFO,PaymentGateway,User u1871 login successful,E101,User {user} login successful
91443,2026-01-16,14:32:57,ERROR,WebServer,Connection refused to WebServer at 10.0.0.12,E501,Connection refused to {service} at {ip}
91444,2026-01-16,14:15:20,CRITICAL,WebServer,KERNEL PANIC: Node node-5 crashed,E601,KERNEL PANIC: Node {node} crashed
91445,2026-01-16,14:37:32,ERROR,OrderProcessor,Connection refused to OrderProcessor at 10.0.0.45,E501,Connection refused to {service} at {ip}
91446,2026-01-16,14:17:33,ERROR,WebServer,Payment declined: Gateway unavailable,E503,Payment declined: Gateway unavailable
91447,2026-01-16,14:53:15,ERROR,AuthService,Connection refused to AuthService at 10.0.0.45,E501,Connection refused to {service} at {ip}
91448,2026-01-16,14:37:04,WARN,PaymentGateway,Disk usage > 85% on node node-3,E202,Disk usage > 85% on node {node}
91449,2026-01-16,14:16:56,ERROR,AuthService,Payment declined: Gateway unavailable,E503,Payment declined: Gateway unavailable
91450,2026-01-16,14:54:10,ERROR,OrderProcessor,Connection refused to OrderProcessor at 10.0.0.45,E501,Connection refused to {service} at {ip}
91451,2026-01-16,14:24:08,WARN,AuthService,High latency (145ms) detected on AuthService,E201,High latency ({time}ms) detected on {service}
91452,2026-01-16,14:32:02,WARN,WebServer,High latency (1357ms) detected on WebServer,E201,High latency ({time}ms) detected on {service}
91453,2026-01-16,14:48:06,INFO,WebServer,Page view: /home by u3643,E103,Page view: {page} by {user}
91454,2026-01-16,14:58:34,ERROR,WebServer,Connection refused to WebServer at 10.0.0.12,E501,Connection refused to {service} at {ip}
91455,2026-01-16,14:01:12,WARN,OrderProcessor,High latency (1362ms) detected on OrderProcessor,E201,High latency ({time}ms) detected on {service}
91456,2026-01-16,14:35:16,ERROR,WebServer,Connection refused to WebServer at 10.0.0.45,E501,Connection refused to {service} at {ip}
91457,2026-01-16,14:09:51,ERROR,WebServer,Payment declined: Gateway unavailable,E503,Payment declined: Gateway unavailable
91458,2026-01-16,14:09:42,WARN,OrderProcessor,High latency (1999ms) detected on OrderProcessor,E201,High latency ({time}ms) detected on {service}
91459,2026-01-16,14:53:15,WARN,WebServer,Disk usage > 85% on node node-1,E202,Disk usage > 85% on node {node}
91460,2026-01-16,14:20:31,ERROR,OrderProcessor,Connection refused to OrderProcessor at 10.0.0.45,E501,Connection refused to {service} at {ip}
91461,2026-01-16,14:13:38,ERROR,OrderProcessor,Payment declined: Gateway unavailable,E503,Payment declined: Gateway unavailable
91462,2026-01-16,14:29:20,ERROR,PaymentGateway,Timeout waiting for lock on InventoryDB,E502,Timeout waiting for lock on {db}
91463,2026-01-16,14:34:07,ERROR,WebServer,Timeout waiting for lock on InventoryDB,E502,Timeout waiting for lock on {db}
91464,2026-01-16,14:50:11,WARN,WebServer,High latency (938ms) detected on WebServer,E201,High latency ({time}ms) detected on {service}
91465,2026-01-16,14:21:52,INFO,WebServer,Page view: /home by u2637,E103,Page view: {page} by {user}
91466,2026-01-16,14:52:39,INFO,AuthService,Health check passed: AuthService,E102,Health check passed: {service}
91467,2026-01-16,14:01:57,ERROR,WebServer,Connection refused to WebServer at 10.0.0.10,E501,Connection refused to {service} at {ip}
91468,2026-01-16,14:19:05,ERROR,AuthService,Connection refused to AuthService at 10.0.0.45,E501,Connection refused to {service} at {ip}
91469,2026-01-16,14:53:12,CRITICAL,OrderProcessor,KERNEL PANIC: Node node-2 crashed,E601,KERNEL PANIC: Node {node} crashed
91470,2026-01-16,14:49:37,WARN,AuthService,Unauthorized access attempt from 192.168.1.5,E401,Unauthorized access attempt from {ip}
91471,2026-01-16,14:15:09,WARN,AuthService,Unauthorized access attempt from 10.0.0.12,E401,Unauthorized access attempt from {ip}
91472,2026-01-16,14:39:39,INFO,WebServer,Transaction tx578160 completed in 1914ms,E104,Transaction {tx} completed in {time}ms
91473,2026-01-16,14:15:15,INFO,WebServer,Health check passed: WebServer,E102,Health check passed: {service}
91474,2026-01-16,14:45:59,WARN,PaymentGateway,High latency (1380ms) detected on PaymentGateway,E201,High latency ({time}ms) detected on {service}
91475,2026-01-16,14:38:15,WARN,AuthService,High latency (625ms) detected on AuthService,E201,High latency ({time}ms) detected on {service}
91476,2026-01-16,14:08:49,ERROR,WebServer,Timeout waiting for lock on InventoryDB,E502,Timeout waiting for lock on {db}
91477,2026-01-16,14:36:16,WARN,WebServer,Disk usage > 85% on node node-2,E202,Disk usage > 85% on node {node}
91478,2026-01-16,14:51:01,ERROR,PaymentGateway,Connection refused to PaymentGateway at 10.0.0.45,E501,Connection refused to {service} at {ip}
91479,2026-01-16,14:53:54,WARN,AuthService,Unauthorized access attempt from 10.0.0.12,E401,Unauthorized access attempt from {ip}
91480,2026-01-16,14:16:45,ERROR,WebServer,Payment declined: Gateway unavailable,E503,Payment declined: Gateway unavailable
91481,2026-01-16,14:53:57,ERROR,OrderProcessor,Payment declined: Gateway unavailable,E503,Payment declined: Gateway unavailable
91482,2026-01-16,14:42:40,WARN,AuthService,High latency (311ms) detected on AuthService,E201,High latency ({time}ms) detected on {service}
91483,2026-01-16,14:23:15,ERROR,WebServer,Connection refused to WebServer at 10.0.0.45,E501,Connection refused to {service} at {ip}
91484,2026-01-16,14:19:58,ERROR,AuthService,Timeout waiting for lock on InventoryDB,E502,Timeout waiting for lock on {db}
91485,2026-01-16,14:38:00,INFO,WebServer,Transaction tx453229 completed in 125ms,E104,Transaction {tx} completed in {time}ms
91486,2026-01-16,14:55:57,ERROR,WebServer,Connection refused to WebServer at 10.0.0.45,E501,Connection refused to {service} at {ip}
91487,2026-01-16,14:35:22,WARN,WebServer,Unauthorized access attempt from 10.0.0.45,E401,Unauthorized access attempt from {ip}
91488,2026-01-16,14:22:58,ERROR,OrderProcessor,Payment declined: Gateway unavailable,E503,Payment declined: Gateway unavailable
91489,2026-01-16,14:48:00,ERROR,PaymentGateway,Connection refused to PaymentGateway at 10.0.0.88,E501,Connection refused to {service} at {ip}
91490,2026-01-16,14:47:59,INFO,WebServer,User u4668 login successful,E101,User {user} login successful
91491,2026-01-16,14:39:51,WARN,WebServer,Disk usage > 85% on node node-3,E202,Disk usage > 85% on node {node}
91492,2026-01-16,14:06:00,INFO,WebServer,Health check passed: WebServer,E102,Health check passed: {service}
91493,2026-01-16,14:33:00,INFO,WebServer,User u4828 login successful,E101,User {user} login successful
91494,2026-01-16,14:24:31,ERROR,WebServer,Connection refused to WebServer at 10.0.0.12,E501,Connection refused to {service} at {ip}
91495,2026-01-16,14:51:49,ERROR,AuthService,Connection refused to AuthService at 10.0.0.99,E501,Connection refused to {service} at {ip}
91496,2026-01-16,14:27:15,INFO,AuthService,Page view: /home by u4321,E103,Page view: {page} by {user}
91497,2026-01-16,14:18:57,WARN,PaymentGateway,Unauthorized access attempt from 10.0.0.45,E401,Unauthorized access attempt from {ip}
91498,2026-01-16,14:37:20,CRITICAL,WebServer,DATA CORRUPTION detected in sector 616,E602,DATA CORRUPTION detected in sector {sector}
91499,2026-01-16,14:11:25,ERROR,WebServer,Payment declined: Gateway unavailable,E503,Payment declined: Gateway unavailable
91500,2026-01-16,14:48:37,WARN,WebServer,High latency (1598ms) detected on WebServer,E201,High latency ({time}ms) detected on {service}
91501,2026-01-16,14:39:42,INFO,WebServer,User u3540 login successful,E101,User {user} login successful
91502,2026-01-16,14:32:11,CRITICAL,WebServer,DATA CORRUPTION detected in sector 663,E602,DATA CORRUPTION detected in sector {sector}
91503,2026-01-16,14:51:20,WARN,OrderProcessor,Unauthorized access attempt from 192.168.1.5,E401,Unauthorized access attempt from {ip}
91504,2026-01-16,14:40:24,WARN,PaymentGateway,High latency (1192ms) detected on PaymentGateway,E201,High latency ({time}ms) detected on {service}
91505,2026-01-16,14:04:26,INFO,WebServer,Transaction tx182585 completed in 517ms,E104,Transaction {tx} completed in {time}ms
91506,2026-01-16,14:12:45,INFO,AuthService,Page view: /home by u1864,E103,Page view: {page} by {user}
91507,2026-01-16,14:36:00,INFO,AuthService,Health check passed: AuthService,E102,Health check passed: {service}
91508,2026-01-16,14:39:43,ERROR,AuthService,Payment declined: Gateway unavailable,E503,Payment declined: Gateway unavailable
91509,2026-01-16,14:56:09,INFO,WebServer,Page view: /home by u1421,E103,Page view: {page} by {user}
91510,2026-01-16,14:51:44,ERROR,OrderProcessor,Timeout waiting for lock on InventoryDB,E502,Timeout waiting for lock on {db}
91511,2026-01-16,14:09:35,ERROR,AuthService,Connection refused to AuthService at 10.0.0.12,E501,Connection refused to {service} at {ip}
91512,2026-01-16,14:20:57,INFO,WebServer,Transaction tx816174 completed in 299ms,E104,Transaction {tx} completed in {time}ms
91513,2026-01-16,14:30:44,CRITICAL,PaymentGateway,KERNEL PANIC: Node node-1 crashed,E601,KERNEL PANIC: Node {node} crashed
91514,2026-01-16,14:05:32,CRITICAL,PaymentGateway,DATA CORRUPTION detected in sector 109,E602,DATA CORRUPTION detected in sector {sector}
91515,2026-01-16,14:10:47,ERROR,WebServer,Timeout waiting for lock on InventoryDB,E502,Timeout waiting for lock on {db}
91516,2026-01-16,14:12:45,ERROR,AuthService,Connection refused to AuthService at 192.168.1.5,E501,Connection refused to {service} at {ip}
91517,2026-01-16,14:22:56,ERROR,WebServer,Connection refused to WebServer at 10.0.0.12,E501,Connection refused to {service} at {ip}
91518,2026-01-16,14:34:01,INFO,WebServer,Transaction tx605849 completed in 1720ms,E104,Transaction {tx} completed in {time}ms
91519,2026-01-16,14:18:37,ERROR,WebServer,Timeout waiting for lock on InventoryDB,E502,Timeout waiting for lock on {db}
91520,2026-01-16,14:51:42,ERROR,AuthService,Timeout waiting for lock on InventoryDB,E502,Timeout waiting for lock on {db}
91521,2026-01-16,14:31:22,INFO,PaymentGateway,Transaction tx443921 completed in 1335ms,E104,Transaction {tx} completed in {time}ms
91522,2026-01-16,14:15:28,INFO,PaymentGateway,Transaction tx654457 completed in 1061ms,E104,Transaction {tx} completed in {time}ms
91523,2026-01-16,14:13:05,WARN,OrderProcessor,Unauthorized access attempt from 10.0.0.45,E401,Unauthorized access attempt from {ip}
91524,2026-01-16,14:02:43,INFO,AuthService,Health check passed: AuthService,E102,Health check passed: {service}
91525,2026-01-16,14:09:50,WARN,PaymentGateway,Disk usage > 85% on node node-4,E202,Disk usage > 85% on node {node}
91526,2026-01-16,14:51:03,INFO,AuthService,Transaction tx817481 completed in 1733ms,E104,Transaction {tx} completed in {time}ms
91527,2026-01-16,14:40:12,INFO,WebServer,User u3862 login successful,E101,User {user} login successful
91528,2026-01-16,14:02:39,ERROR,WebServer,Connection refused to WebServer at 10.0.0.45,E501,Connection refused to {service} at {ip}
91529,2026-01-16,14:12:43,WARN,WebServer,Unauthorized access attempt from 10.0.0.45,E401,Unauthorized access attempt from {ip}
91530,2026-01-16,14:01:15,ERROR,WebServer,Payment declined: Gateway unavailable,E503,Payment declined: Gateway unavailable
91531,2026-01-16,14:33:48,ERROR,WebServer,Connection refused to WebServer at 10.0.0.45,E501,Connection refused to {service} at {ip}
91532,2026-01-16,14:32:21,ERROR,AuthService,Connection refused to AuthService at 10.0.0.45,E501,Connection refused to {service} at {ip}
91533,2026-01-16,14:25:00,ERROR,WebServer,Timeout waiting for lock on InventoryDB,E502,Timeout waiting for lock on {db}
91534,2026-01-16,14:37:45,ERROR,AuthService,Connection refused to AuthService at 10.0.0.45,E501,Connection refused to {service} at {ip}
91535,2026-01-16,14:41:47,ERROR,WebServer,Connection refused to WebServer at 10.0.0.45,E501,Connection refused to {service} at {ip}
91536,2026-01-16,14:56:46,ERROR,WebServer,Timeout waiting for lock on InventoryDB,E502,Timeout waiting for lock on {db}
91537,2026-01-16,14:05:40,INFO,WebServer,Page view: /home by u3006,E103,Page view: {page} by {user}
91538,2026-01-16,14:28:06,CRITICAL,WebServer,DATA CORRUPTION detected in sector 812,E602,DATA CORRUPTION detected in sector {sector}
91539,2026-01-16,14:30:29,ERROR,PaymentGateway,Timeout waiting for lock on InventoryDB,E502,Timeout waiting for lock on {db}
91540,2026-01-16,14:31:02,ERROR,WebServer,Connection refused to WebServer at 10.0.0.45,E501,Connection refused to {service} at {ip}
91541,2026-01-16,14:06:51,INFO,WebServer,User u3464 login successful,E101,User {user} login successful
91542,2026-01-16,14:57:23,ERROR,OrderProcessor,Payment declined: Gateway unavailable,E503,Payment declined: Gateway unavailable
91543,2026-01-16,14:39:07,WARN,OrderProcessor,Unauthorized access attempt from 10.0.0.45,E401,Unauthorized access attempt from {ip}
91544,2026-01-16,14:11:49,ERROR,AuthService,Timeout waiting for lock on InventoryDB,E502,Timeout waiting for lock on {db}
91545,2026-01-16,14:14:01,ERROR,InventoryDB,Timeout waiting for lock on InventoryDB,E502,Timeout waiting for lock on {db}
91546,2026-01-16,14:17:47,WARN,AuthService,Disk usage > 85% on node node-5,E202,Disk usage > 85% on node {node}
91547,2026-01-16,14:32:11,INFO,InventoryDB,Transaction tx186523 completed in 992ms,E104,Transaction {tx} completed in {time}ms
91548,2026-01-16,14:39:24,ERROR,InventoryDB,Connection refused to InventoryDB at 10.0.0.45,E501,Connection refused to {service} at {ip}
91549,2026-01-16,14:12:42,ERROR,AuthService,Connection refused to AuthService at 10.0.0.88,E501,Connection refused to {service} at {ip}
91550,2026-01-16,14:06:07,INFO,PaymentGateway,User u1818 login successful,E101,User {user} login successful
91551,2026-01-16,14:04:05,ERROR,WebServer,Connection refused to WebServer at 10.0.0.45,E501,Connection refused to {service} at {ip}
91552,2026-01-16,14:28:56,ERROR,PaymentGateway,Connection refused to PaymentGateway at 10.0.0.99,E501,Connection refused to {service} at {ip}
91553,2026-01-16,14:33:22,WARN,PaymentGateway,High latency (1058ms) detected on PaymentGateway,E201,High latency ({time}ms) detected on {service}
91554,2026-01-16,14:03:33,ERROR,AuthService,Timeout waiting for lock on InventoryDB,E502,Timeout waiting for lock on {db}
91555,2026-01-16,14:55:40,ERROR,AuthService,Payment declined: Gateway unavailable,E503,Payment declined: Gateway unavailable
91556,2026-01-16,14:59:00,ERROR,PaymentGateway,Timeout waiting for lock on InventoryDB,E502,Timeout waiting for lock on {db}
91557,2026-01-16,14:48:45,ERROR,AuthService,Payment declined: Gateway unavailable,E503,Payment declined: Gateway unavailable
91558,2026-01-16,14:47:43,CRITICAL,WebServer,DATA CORRUPTION detected in sector 285,E602,DATA CORRUPTION detected in sector {sector}
91559,2026-01-16,14:42:23,WARN,AuthService,High latency (1318ms) detected on AuthService,E201,High latency ({time}ms) detected on {service}
91560,2026-01-16,14:46:29,ERROR,OrderProcessor,Connection refused to OrderProcessor at 10.0.0.12,E501,Connection refused to {service} at {ip}
91561,2026-01-16,14:24:10,INFO,WebServer,User u4091 login successful,E101,User {user} login successful
91562,2026-01-16,14:44:02,INFO,WebServer,Health check passed: WebServer,E102,Health check passed: {service}
91563,2026-01-16,14:33:19,INFO,WebServer,Health check passed: WebServer,E102,Health check passed: {service}
91564,2026-01-16,14:04:45,WARN,InventoryDB,High latency (177ms) detected on InventoryDB,E201,High latency ({time}ms) detected on {service}
91565,2026-01-16,14:49:31,INFO,WebServer,Page view: /home by u2810,E103,Page view: {page} by {user}
91566,2026-01-16,14:30:34,INFO,AuthService,Health check passed: AuthService,E102,Health check passed: {service}
91567,2026-01-16,14:50:05,ERROR,WebServer,Timeout waiting for lock on InventoryDB,E502,Timeout waiting for lock on {db}
91568,2026-01-16,14:54:01,INFO,PaymentGateway,Health check passed: PaymentGateway,E102,Health check passed: {service}
91569,2026-01-16,14:14:26,WARN,WebServer,Disk usage > 85% on node node-5,E202,Disk usage > 85% on node {node}
91570,2026-01-16,14:48:21,INFO,WebServer,Transaction tx297098 completed in 552ms,E104,Transaction {tx} completed in {time}ms
91571,2026-01-16,14:31:54,WARN,WebServer,Unauthorized access attempt from 10.0.0.45,E401,Unauthorized access attempt from {ip}
91572,2026-01-16,14:48:15,WARN,WebServer,High latency (921ms) detected on WebServer,E201,High latency ({time}ms) detected on {service}
91573,2026-01-16,14:59:22,ERROR,PaymentGateway,Timeout waiting for lock on InventoryDB,E502,Timeout waiting for lock on {db}
91574,2026-01-16,14:43:47,INFO,WebServer,Page view: /home by u4735,E103,Page view: {page} by {user}
91575,2026-01-16,14:27:11,CRITICAL,WebServer,KERNEL PANIC: Node node-1 crashed,E601,KERNEL PANIC: Node {node} crashed
91576,2026-01-16,14:46:50,ERROR,AuthService,Timeout waiting for lock on InventoryDB,E502,Timeout waiting for lock on {db}
91577,2026-01-16,14:45:53,ERROR,WebServer,Connection refused to WebServer at 10.0.0.99,E501,Connection refused to {service} at {ip}
91578,2026-01-16,14:25:19,ERROR,PaymentGateway,Connection refused to PaymentGateway at 10.0.0.45,E501,Connection refused to {service} at {ip}
91579,2026-01-16,14:42:44,INFO,WebServer,User u3520 login successful,E101,User {user} login successful
91580,2026-01-16,14:08:37,ERROR,WebServer,Connection refused to WebServer at 10.0.0.45,E501,Connection refused to {service} at {ip}
91581,2026-01-16,14:56:49,INFO,WebServer,Page view: /home by u4075,E103,Page view: {page} by {user}
91582,2026-01-16,14:24:37,INFO,WebServer,Transaction tx100662 completed in 417ms,E104,Transaction {tx} completed in {time}ms
91583,2026-01-16,14:49:41,ERROR,WebServer,Connection refused to WebServer at 192.168.1.5,E501,Connection refused to {service} at {ip}
91584,2026-01-16,14:03:11,ERROR,WebServer,Connection refused to WebServer at 10.0.0.45,E501,Connection refused to {service} at {ip}
91585,2026-01-16,14:00:24,ERROR,PaymentGateway,Timeout waiting for lock on InventoryDB,E502,Timeout waiting for lock on {db}
91586,2026-01-16,14:55:12,ERROR,OrderProcessor,Timeout waiting for lock on InventoryDB,E502,Timeout waiting for lock on {db}
91587,2026-01-16,14:59:09,INFO,OrderProcessor,Page view: /home by u1677,E103,Page view: {page} by {user}
91588,2026-01-16,14:34:59,INFO,OrderProcessor,Page view: /home by u4127,E103,Page view: {page} by {user}
91589,2026-01-16,14:18:12,ERROR,WebServer,Connection refused to WebServer at 10.0.0.45,E501,Connection refused to {service} at {ip}
91590,2026-01-16,14:25:49,CRITICAL,OrderProcessor,KERNEL PANIC: Node node-4 crashed,E601,KERNEL PANIC: Node {node} crashed
91591,2026-01-16,14:39:55,CRITICAL,AuthService,KERNEL PANIC: Node node-2 crashed,E601,KERNEL PANIC: Node {node} crashed
91592,2026-01-16,14:15:56,ERROR,WebServer,Payment declined: Gateway unavailable,E503,Payment declined: Gateway unavailable
91593,2026-01-16,14:22:47,INFO,OrderProcessor,Transaction tx549759 completed in 118ms,E104,Transaction {tx} completed in {time}ms
91594,2026-01-16,14:22:57,WARN,AuthService,Disk usage > 85% on node node-5,E202,Disk usage > 85% on node {node}
91595,2026-01-16,14:27:36,ERROR,WebServer,Connection refused to WebServer at 10.0.0.45,E501,Connection refused to {service} at {ip}
91596,2026-01-16,14:00:26,INFO,WebServer,Page view: /home by u1893,E103,Page view: {page} by {user}
91597,2026-01-16,14:01:06,ERROR,WebServer,Timeout waiting for lock on InventoryDB,E502,Timeout waiting for lock on {db}
91598,2026-01-16,14:00:29,WARN,PaymentGateway,High latency (1713ms) detected on PaymentGateway,E201,High latency ({time}ms) detected on {service}
91599,2026-01-16,14:11:56,INFO,WebServer,Page view: /home by u4026,E103,Page view: {page} by {user}
91600,2026-01-16,14:09:22,INFO,WebServer,Page view: /home by u4765,E103,Page view: {page} by {user}
91601,2026-01-16,14:09:12,ERROR,PaymentGateway,Timeout waiting for lock on InventoryDB,E502,Timeout waiting for lock on {db}
91602,2026-01-16,14:33:10,WARN,WebServer,Disk usage > 85% on node node-4,E202,Disk usage > 85% on node {node}
91603,2026-01-16,14:14:16,CRITICAL,PaymentGateway,DATA CORRUPTION detected in sector 551,E602,DATA CORRUPTION detected in sector {sector}
91604,2026-01-16,14:52:05,INFO,AuthService,User u3450 login successful,E101,User {user} login successful
91605,2026-01-16,14:27:38,INFO,WebServer,Page view: /home by u2800,E103,Page view: {page} by {user}
91606,2026-01-16,14:33:47,INFO,WebServer,Transaction tx282423 completed in 1481ms,E104,Transaction {tx} completed in {time}ms
91607,2026-01-16,14:02:43,ERROR,WebServer,Payment declined: Gateway unavailable,E503,Payment declined: Gateway unavailable
91608,2026-01-16,14:59:01,INFO,WebServer,User u2897 login successful,E101,User {user} login successful
91609,2026-01-16,14:33:21,INFO,OrderProcessor,Health check passed: OrderProcessor,E102,Health check passed: {service}
91610,2026-01-16,14:04:18,INFO,AuthService,User u2147 login successful,E101,User {user} login successful
91611,2026-01-16,14:11:46,ERROR,WebServer,Timeout waiting for lock on InventoryDB,E502,Timeout waiting for lock on {db}
91612,2026-01-16,14:45:53,INFO,WebServer,Transaction tx433629 completed in 149ms,E104,Transaction {tx} completed in {time}ms
91613,2026-01-16,14:43:50,CRITICAL,OrderProcessor,KERNEL PANIC: Node node-5 crashed,E601,KERNEL PANIC: Node {node} crashed
91614,2026-01-16,14:38:48,WARN,InventoryDB,Disk usage > 85% on node node-5,E202,Disk usage > 85% on node {node}
91615,2026-01-16,14:45:04,ERROR,AuthService,Payment declined: Gateway unavailable,E503,Payment declined: Gateway unavailable
91616,2026-01-16,14:38:11,INFO,AuthService,Health check passed: AuthService,E102,Health check passed: {service}
91617,2026-01-16,14:37:15,ERROR,WebServer,Connection refused to WebServer at 10.0.0.45,E501,Connection refused to {service} at {ip}
91618,2026-01-16,14:01:34,INFO,OrderProcessor,Page view: /home by u3665,E103,Page view: {page} by {user}
91619,2026-01-16,14:54:25,INFO,AuthService,Health check passed: AuthService,E102,Health check passed: {service}
91620,2026-01-16,14:53:08,INFO,WebServer,User u2086 login successful,E101,User {user} login successful
91621,2026-01-16,14:06:41,WARN,WebServer,High latency (881ms) detected on WebServer,E201,High latency ({time}ms) detected on {service}
91622,2026-01-16,14:41:35,WARN,OrderProcessor,Disk usage > 85% on node node-4,E202,Disk usage > 85% on node {node}
91623,2026-01-16,14:19:12,WARN,WebServer,Disk usage > 85% on node node-5,E202,Disk usage > 85% on node {node}
91624,2026-01-16,14:36:37,INFO,WebServer,Page view: /home by u3671,E103,Page view: {page} by {user}
91625,2026-01-16,14:20:01,ERROR,AuthService,Connection refused to AuthService at 192.168.1.5,E501,Connection refused to {service} at {ip}
91626,2026-01-16,14:00:32,INFO,OrderProcessor,Health check passed: OrderProcessor,E102,Health check passed: {service}
91627,2026-01-16,14:54:46,WARN,OrderProcessor,Unauthorized access attempt from 192.168.1.5,E401,Unauthorized access attempt from {ip}
91628,2026-01-16,14:41:53,WARN,WebServer,High latency (386ms) detected on WebServer,E201,High latency ({time}ms) detected on {service}
91629,2026-01-16,14:36:05,WARN,AuthService,Unauthorized access attempt from 10.0.0.12,E401,Unauthorized access attempt from {ip}
91630,2026-01-16,14:32:20,INFO,WebServer,Health check passed: WebServer,E102,Health check passed: {service}
91631,2026-01-16,14:17:06,ERROR,WebServer,Payment declined: Gateway unavailable,E503,Payment declined: Gateway unavailable
91632,2026-01-16,14:39:42,INFO,WebServer,Transaction tx772816 completed in 417ms,E104,Transaction {tx} completed in {time}ms
91633,2026-01-16,14:09:54,WARN,WebServer,Unauthorized access attempt from 10.0.0.88,E401,Unauthorized access attempt from {ip}
91634,2026-01-16,14:36:36,CRITICAL,WebServer,DATA CORRUPTION detected in sector 580,E602,DATA CORRUPTION detected in sector {sector}
91635,2026-01-16,14:27:32,WARN,OrderProcessor,Unauthorized access attempt from 10.0.0.45,E401,Unauthorized access attempt from {ip}
91636,2026-01-16,14:38:13,INFO,PaymentGateway,Transaction tx494963 completed in 372ms,E104,Transaction {tx} completed in {time}ms
91637,2026-01-16,14:00:48,CRITICAL,WebServer,DATA CORRUPTION detected in sector 372,E602,DATA CORRUPTION detected in sector {sector}
91638,2026-01-16,14:27:55,INFO,WebServer,Transaction tx482997 completed in 1261ms,E104,Transaction {tx} completed in {time}ms
91639,2026-01-16,14:15:17,ERROR,WebServer,Timeout waiting for lock on InventoryDB,E502,Timeout waiting for lock on {db}
91640,2026-01-16,14:06:17,ERROR,WebServer,Timeout waiting for lock on InventoryDB,E502,Timeout waiting for lock on {db}
91641,2026-01-16,14:43:24,ERROR,WebServer,Timeout waiting for lock on InventoryDB,E502,Timeout waiting for lock on {db}
91642,2026-01-16,14:57:38,ERROR,AuthService,Timeout waiting for lock on InventoryDB,E502,Timeout waiting for lock on {db}
91643,2026-01-16,14:47:08,INFO,AuthService,Health check passed: AuthService,E102,Health check passed: {service}
91644,2026-01-16,14:02:45,ERROR,AuthService,Connection refused to AuthService at 10.0.0.45,E501,Connection refused to {service} at {ip}
91645,2026-01-16,14:19:12,INFO,WebServer,User u4057 login successful,E101,User {user} login successful
91646,2026-01-16,14:28:37,ERROR,WebServer,Connection refused to WebServer at 10.0.0.10,E501,Connection refused to {service} at {ip}
91647,2026-01-16,14:23:53,INFO,WebServer,Transaction tx141981 completed in 818ms,E104,Transaction {tx} completed in {time}ms
91648,2026-01-16,14:07:14,WARN,WebServer,Disk usage > 85% on node node-3,E202,Disk usage > 85% on node {node}
91649,2026-01-16,14:42:39,CRITICAL,WebServer,KERNEL PANIC: Node node-4 crashed,E601,KERNEL PANIC: Node {node} crashed
91650,2026-01-16,14:29:03,CRITICAL,WebServer,DATA CORRUPTION detected in sector 557,E602,DATA CORRUPTION detected in sector {sector}
91651,2026-01-16,14:20:43,CRITICAL,WebServer,KERNEL PANIC: Node node-2 crashed,E601,KERNEL PANIC: Node {node} crashed
91652,2026-01-16,14:41:34,INFO,PaymentGateway,Transaction tx986595 completed in 1762ms,E104,Transaction {tx} completed in {time}ms
91653,2026-01-16,14:03:45,ERROR,AuthService,Timeout waiting for lock on InventoryDB,E502,Timeout waiting for lock on {db}
91654,2026-01-16,14:35:10,INFO,PaymentGateway,Health check passed: PaymentGateway,E102,Health check passed: {service}
91655,2026-01-16,14:08:33,ERROR,AuthService,Payment declined: Gateway unavailable,E503,Payment declined: Gateway unavailable
91656,2026-01-16,14:58:03,ERROR,PaymentGateway,Timeout waiting for lock on InventoryDB,E502,Timeout waiting for lock on {db}
91657,2026-01-16,14:45:16,ERROR,PaymentGateway,Payment declined: Gateway unavailable,E503,Payment declined: Gateway unavailable
91658,2026-01-16,14:47:17,WARN,InventoryDB,Disk usage > 85% on node node-2,E202,Disk usage > 85% on node {node}
91659,2026-01-16,14:45:47,INFO,AuthService,Health check passed: AuthService,E102,Health check passed: {service}
91660,2026-01-16,14:23:44,WARN,WebServer,Unauthorized access attempt from 10.0.0.45,E401,Unauthorized access attempt from {ip}
91661,2026-01-16,14:32:37,CRITICAL,WebServer,KERNEL PANIC: Node node-4 crashed,E601,KERNEL PANIC: Node {node} crashed
91662,2026-01-16,14:46:40,ERROR,WebServer,Timeout waiting for lock on InventoryDB,E502,Timeout waiting for lock on {db}
91663,2026-01-16,14:23:15,INFO,AuthService,User u2487 login successful,E101,User {user} login successful
91664,2026-01-16,14:57:34,INFO,WebServer,Transaction tx830785 completed in 621ms,E104,Transaction {tx} completed in {time}ms
91665,2026-01-16,14:33:18,ERROR,WebServer,Connection refused to WebServer at 10.0.0.45,E501,Connection refused to {service} at {ip}
91666,2026-01-16,14:15:29,WARN,OrderProcessor,High latency (1627ms) detected on OrderProcessor,E201,High latency ({time}ms) detected on {service}
91667,2026-01-16,14:40:51,WARN,AuthService,Disk usage > 85% on node node-2,E202,Disk usage > 85% on node {node}
91668,2026-01-16,14:43:58,ERROR,WebServer,Timeout waiting for lock on InventoryDB,E502,Timeout waiting for lock on {db}
91669,2026-01-16,14:18:54,INFO,AuthService,Page view: /home by u4622,E103,Page view: {page} by {user}
91670,2026-01-16,14:19:00,INFO,OrderProcessor,Page view: /home by u2926,E103,Page view: {page} by {user}
91671,2026-01-16,14:58:29,WARN,WebServer,Unauthorized access attempt from 10.0.0.10,E401,Unauthorized access attempt from {ip}
91672,2026-01-16,14:28:17,INFO,OrderProcessor,Page view: /home by u4775,E103,Page view: {page} by {user}
91673,2026-01-16,14:20:03,INFO,WebServer,Health check passed: WebServer,E102,Health check passed: {service}
91674,2026-01-16,14:54:10,CRITICAL,AuthService,DATA CORRUPTION detected in sector 152,E602,DATA CORRUPTION detected in sector {sector}
91675,2026-01-16,14:57:08,INFO,WebServer,Health check passed: WebServer,E102,Health check passed: {service}
91676,2026-01-16,14:56:36,INFO,WebServer,User u3465 login successful,E101,User {user} login successful
91677,2026-01-16,14:28:15,WARN,AuthService,Unauthorized access attempt from 10.0.0.45,E401,Unauthorized access attempt from {ip}
91678,2026-01-16,14:02:05,WARN,AuthService,Disk usage > 85% on node node-4,E202,Disk usage > 85% on node {node}
91679,2026-01-16,14:48:38,WARN,AuthService,Disk usage > 85% on node node-1,E202,Disk usage > 85% on node {node}
91680,2026-01-16,14:34:52,WARN,WebServer,Unauthorized access attempt from 10.0.0.45,E401,Unauthorized access attempt from {ip}
91681,2026-01-16,14:54:23,WARN,AuthService,Unauthorized access attempt from 10.0.0.88,E401,Unauthorized access attempt from {ip}
91682,2026-01-16,14:40:50,ERROR,WebServer,Connection refused to WebServer at 10.0.0.10,E501,Connection refused to {service} at {ip}
91683,2026-01-16,14:33:28,ERROR,AuthService,Connection refused to AuthService at 10.0.0.88,E501,Connection refused to {service} at {ip}
91684,2026-01-16,14:37:19,INFO,WebServer,Health check passed: WebServer,E102,Health check passed: {service}
91685,2026-01-16,14:23:17,ERROR,OrderProcessor,Payment declined: Gateway unavailable,E503,Payment declined: Gateway unavailable
91686,2026-01-16,14:33:06,ERROR,InventoryDB,Timeout waiting for lock on InventoryDB,E502,Timeout waiting for lock on {db}
91687,2026-01-16,14:15:24,INFO,WebServer,Transaction tx252247 completed in 589ms,E104,Transaction {tx} completed in {time}ms
91688,2026-01-16,14:37:03,INFO,OrderProcessor,Page view: /home by u1671,E103,Page view: {page} by {user}
91689,2026-01-16,14:04:01,INFO,WebServer,Page view: /home by u4281,E103,Page view: {page} by {user}
91690,2026-01-16,14:02:03,ERROR,WebServer,Payment declined: Gateway unavailable,E503,Payment declined: Gateway unavailable
91691,2026-01-16,14:29:47,INFO,WebServer,User u3505 login successful,E101,User {user} login successful
91692,2026-01-16,14:21:36,ERROR,WebServer,Timeout waiting for lock on InventoryDB,E502,Timeout waiting for lock on {db}
91693,2026-01-16,14:02:53,CRITICAL,OrderProcessor,KERNEL PANIC: Node node-2 crashed,E601,KERNEL PANIC: Node {node} crashed
91694,2026-01-16,14:28:09,CRITICAL,InventoryDB,KERNEL PANIC: Node node-3 crashed,E601,KERNEL PANIC: Node {node} crashed
91695,2026-01-16,14:25:32,INFO,WebServer,Page view: /home by u1942,E103,Page view: {page} by {user}
91696,2026-01-16,14:28:29,ERROR,PaymentGateway,Timeout waiting for lock on InventoryDB,E502,Timeout waiting for lock on {db}
91697,2026-01-16,14:48:24,ERROR,WebServer,Timeout waiting for lock on InventoryDB,E502,Timeout waiting for lock on {db}
91698,2026-01-16,14:45:00,ERROR,WebServer,Timeout waiting for lock on InventoryDB,E502,Timeout waiting for lock on {db}
91699,2026-01-16,14:08:29,ERROR,OrderProcessor,Connection refused to OrderProcessor at 10.0.0.45,E501,Connection refused to {service} at {ip}
91700,2026-01-16,14:41:11,CRITICAL,WebServer,DATA CORRUPTION detected in sector 207,E602,DATA CORRUPTION detected in sector {sector}
91701,2026-01-16,14:37:35,CRITICAL,AuthService,DATA CORRUPTION detected in sector 146,E602,DATA CORRUPTION detected in sector {sector}
91702,2026-01-16,14:48:56,INFO,WebServer,User u4754 login successful,E101,User {user} login successful
91703,2026-01-16,14:01:40,ERROR,OrderProcessor,Connection refused to OrderProcessor at 10.0.0.45,E501,Connection refused to {service} at {ip}
91704,2026-01-16,14:27:24,INFO,WebServer,User u4570 login successful,E101,User {user} login successful
91705,2026-01-16,14:09:35,ERROR,PaymentGateway,Payment declined: Gateway unavailable,E503,Payment declined: Gateway unavailable
91706,2026-01-16,14:57:49,ERROR,PaymentGateway,Timeout waiting for lock on InventoryDB,E502,Timeout waiting for lock on {db}
91707,2026-01-16,14:28:11,INFO,OrderProcessor,Page view: /home by u3735,E103,Page view: {page} by {user}
91708,2026-01-16,14:25:49,INFO,WebServer,User u1055 login successful,E101,User {user} login successful
91709,2026-01-16,14:01:54,ERROR,WebServer,Connection refused to WebServer at 10.0.0.45,E501,Connection refused to {service} at {ip}
91710,2026-01-16,14:17:19,ERROR,WebServer,Connection refused to WebServer at 10.0.0.45,E501,Connection refused to {service} at {ip}
91711,2026-01-16,14:30:12,ERROR,WebServer,Payment declined: Gateway unavailable,E503,Payment declined: Gateway unavailable
91712,2026-01-16,14:55:24,CRITICAL,AuthService,KERNEL PANIC: Node node-5 crashed,E601,KERNEL PANIC: Node {node} crashed
91713,2026-01-16,14:07:15,INFO,AuthService,User u3711 login successful,E101,User {user} login successful
91714,2026-01-16,14:00:06,WARN,WebServer,High latency (894ms) detected on WebServer,E201,High latency ({time}ms) detected on {service}
91715,2026-01-16,14:06:25,WARN,WebServer,Unauthorized access attempt from 10.0.0.45,E401,Unauthorized access attempt from {ip}
91716,2026-01-16,14:42:47,INFO,AuthService,User u2287 login successful,E101,User {user} login successful
91717,2026-01-16,14:35:32,INFO,PaymentGateway,Transaction tx843081 completed in 1058ms,E104,Transaction {tx} completed in {time}ms
91718,2026-01-16,14:50:10,WARN,AuthService,Disk usage > 85% on node node-5,E202,Disk usage > 85% on node {node}
91719,2026-01-16,14:10:12,INFO,AuthService,User u2391 login successful,E101,User {user} login successful
91720,2026-01-16,14:29:26,INFO,WebServer,Health check passed: WebServer,E102,Health check passed: {service}
91721,2026-01-16,14:43:16,WARN,WebServer,Disk usage > 85% on node node-4,E202,Disk usage > 85% on node {node}
91722,2026-01-16,14:52:38,ERROR,InventoryDB,Timeout waiting for lock on InventoryDB,E502,Timeout waiting for lock on {db}
91723,2026-01-16,14:48:00,CRITICAL,WebServer,DATA CORRUPTION detected in sector 942,E602,DATA CORRUPTION detected in sector {sector}
91724,2026-01-16,14:53:47,ERROR,WebServer,Timeout waiting for lock on InventoryDB,E502,Timeout waiting for lock on {db}
91725,2026-01-16,14:57:00,INFO,AuthService,Page view: /home by u4042,E103,Page view: {page} by {user}
91726,2026-01-16,14:08:35,WARN,WebServer,High latency (814ms) detected on WebServer,E201,High latency ({time}ms) detected on {service}
91727,2026-01-16,14:51:20,ERROR,WebServer,Payment declined: Gateway unavailable,E503,Payment declined: Gateway unavailable
91728,2026-01-16,14:21:36,CRITICAL,PaymentGateway,DATA CORRUPTION detected in sector 853,E602,DATA CORRUPTION detected in sector {sector}
91729,2026-01-16,14:58:15,ERROR,OrderProcessor,Timeout waiting for lock on InventoryDB,E502,Timeout waiting for lock on {db}
91730,2026-01-16,14:07:08,ERROR,AuthService,Payment declined: Gateway unavailable,E503,Payment declined: Gateway unavailable
91731,2026-01-16,14:58:32,INFO,WebServer,Health check passed: WebServer,E102,Health check passed: {service}
91732,2026-01-16,14:38:39,CRITICAL,WebServer,DATA CORRUPTION detected in sector 428,E602,DATA CORRUPTION detected in sector {sector}
91733,2026-01-16,14:25:18,WARN,InventoryDB,Disk usage > 85% on node node-1,E202,Disk usage > 85% on node {node}
91734,2026-01-16,14:39:37,ERROR,WebServer,Timeout waiting for lock on InventoryDB,E502,Timeout waiting for lock on {db}
91735,2026-01-16,14:58:01,INFO,PaymentGateway,Health check passed: PaymentGateway,E102,Health check passed: {service}
91736,2026-01-16,14:34:01,INFO,AuthService,Transaction tx711496 completed in 1103ms,E104,Transaction {tx} completed in {time}ms
91737,2026-01-16,14:18:19,INFO,PaymentGateway,User u2501 login successful,E101,User {user} login successful
91738,2026-01-16,14:32:51,ERROR,AuthService,Timeout waiting for lock on InventoryDB,E502,Timeout waiting for lock on {db}
91739,2026-01-16,14:12:47,ERROR,AuthService,Timeout waiting for lock on InventoryDB,E502,Timeout waiting for lock on {db}
91740,2026-01-16,14:47:46,ERROR,WebServer,Timeout waiting for lock on InventoryDB,E502,Timeout waiting for lock on {db}
91741,2026-01-16,14:56:15,INFO,WebServer,Page view: /home by u1203,E103,Page view: {page} by {user}
91742,2026-01-16,14:13:45,WARN,AuthService,High latency (477ms) detected on AuthService,E201,High latency ({time}ms) detected on {service}
91743,2026-01-16,14:57:37,ERROR,WebServer,Connection refused to WebServer at 10.0.0.45,E501,Connection refused to {service} at {ip}
91744,2026-01-16,14:18:50,INFO,AuthService,Transaction tx484221 completed in 1654ms,E104,Transaction {tx} completed in {time}ms
91745,2026-01-16,14:21:25,ERROR,AuthService,Payment declined: Gateway unavailable,E503,Payment declined: Gateway unavailable
91746,2026-01-16,14:52:32,INFO,AuthService,Transaction tx933604 completed in 1672ms,E104,Transaction {tx} completed in {time}ms
91747,2026-01-16,14:52:38,ERROR,PaymentGateway,Timeout waiting for lock on InventoryDB,E502,Timeout waiting for lock on {db}
91748,2026-01-16,14:43:04,CRITICAL,WebServer,KERNEL PANIC: Node node-4 crashed,E601,KERNEL PANIC: Node {node} crashed
91749,2026-01-16,14:39:45,INFO,InventoryDB,Transaction tx922524 completed in 75ms,E104,Transaction {tx} completed in {time}ms
91750,2026-01-16,14:40:04,ERROR,AuthService,Timeout waiting for lock on InventoryDB,E502,Timeout waiting for lock on {db}
91751,2026-01-16,14:44:01,INFO,WebServer,Transaction tx363639 completed in 1286ms,E104,Transaction {tx} completed in {time}ms
91752,2026-01-16,14:58:01,WARN,InventoryDB,Disk usage > 85% on node node-1,E202,Disk usage > 85% on node {node}
91753,2026-01-16,14:19:22,ERROR,WebServer,Connection refused to WebServer at 10.0.0.10,E501,Connection refused to {service} at {ip}
91754,2026-01-16,14:51:52,INFO,WebServer,User u3908 login successful,E101,User {user} login successful
91755,2026-01-16,14:30:34,INFO,AuthService,Page view: /home by u1924,E103,Page view: {page} by {user}
91756,2026-01-16,14:37:12,ERROR,OrderProcessor,Connection refused to OrderProcessor at 10.0.0.45,E501,Connection refused to {service} at {ip}
91757,2026-01-16,14:55:58,INFO,OrderProcessor,User u4145 login successful,E101,User {user} login successful
91758,2026-01-16,14:26:06,INFO,OrderProcessor,Health check passed: OrderProcessor,E102,Health check passed: {service}
91759,2026-01-16,14:00:48,WARN,WebServer,Disk usage > 85% on node node-3,E202,Disk usage > 85% on node {node}
91760,2026-01-16,14:55:48,CRITICAL,WebServer,DATA CORRUPTION detected in sector 395,E602,DATA CORRUPTION detected in sector {sector}
91761,2026-01-16,14:53:59,INFO,WebServer,User u4356 login successful,E101,User {user} login successful
91762,2026-01-16,14:24:17,ERROR,WebServer,Connection refused to WebServer at 10.0.0.45,E501,Connection refused to {service} at {ip}
91763,2026-01-16,14:27:20,INFO,AuthService,Page view: /home by u2732,E103,Page view: {page} by {user}
91764,2026-01-16,14:18:40,INFO,WebServer,Health check passed: WebServer,E102,Health check passed: {service}
91765,2026-01-16,14:15:45,INFO,OrderProcessor,Page view: /home by u4367,E103,Page view: {page} by {user}
91766,2026-01-16,14:51:45,INFO,WebServer,Page view: /home by u4086,E103,Page view: {page} by {user}
91767,2026-01-16,14:44:24,ERROR,PaymentGateway,Payment declined: Gateway unavailable,E503,Payment declined: Gateway unavailable
91768,2026-01-16,14:55:03,WARN,PaymentGateway,High latency (1726ms) detected on PaymentGateway,E201,High latency ({time}ms) detected on {service}
91769,2026-01-16,14:32:49,ERROR,WebServer,Payment declined: Gateway unavailable,E503,Payment declined: Gateway unavailable
91770,2026-01-16,14:04:08,INFO,AuthService,Health check passed: AuthService,E102,Health check passed: {service}
91771,2026-01-16,14:51:22,ERROR,WebServer,Payment declined: Gateway unavailable,E503,Payment declined: Gateway unavailable
91772,2026-01-16,14:39:06,INFO,OrderProcessor,Transaction tx100238 completed in 907ms,E104,Transaction {tx} completed in {time}ms
91773,2026-01-16,14:16:02,INFO,WebServer,Health check passed: WebServer,E102,Health check passed: {service}
91774,2026-01-16,14:11:30,ERROR,OrderProcessor,Connection refused to OrderProcessor at 10.0.0.45,E501,Connection refused to {service} at {ip}
91775,2026-01-16,14:55:12,INFO,WebServer,Health check passed: WebServer,E102,Health check passed: {service}
91776,2026-01-16,14:48:19,ERROR,WebServer,Payment declined: Gateway unavailable,E503,Payment declined: Gateway unavailable
91777,2026-01-16,14:20:47,INFO,OrderProcessor,Health check passed: OrderProcessor,E102,Health check passed: {service}
91778,2026-01-16,14:25:15,WARN,AuthService,Unauthorized access attempt from 10.0.0.12,E401,Unauthorized access attempt from {ip}
91779,2026-01-16,14:55:05,ERROR,WebServer,Payment declined: Gateway unavailable,E503,Payment declined: Gateway unavailable
91780,2026-01-16,14:47:58,ERROR,WebServer,Timeout waiting for lock on InventoryDB,E502,Timeout waiting for lock on {db}
91781,2026-01-16,14:17:30,INFO,OrderProcessor,Transaction tx402320 completed in 562ms,E104,Transaction {tx} completed in {time}ms
91782,2026-01-16,14:02:22,WARN,WebServer,Disk usage > 85% on node node-3,E202,Disk usage > 85% on node {node}
91783,2026-01-16,14:05:18,ERROR,PaymentGateway,Connection refused to PaymentGateway at 10.0.0.45,E501,Connection refused to {service} at {ip}
91784,2026-01-16,14:43:23,ERROR,AuthService,Timeout waiting for lock on InventoryDB,E502,Timeout waiting for lock on {db}
91785,2026-01-16,14:09:43,CRITICAL,WebServer,KERNEL PANIC: Node node-4 crashed,E601,KERNEL PANIC: Node {node} crashed
91786,2026-01-16,14:51:50,INFO,PaymentGateway,Page view: /home by u1127,E103,Page view: {page} by {user}
91787,2026-01-16,14:03:57,WARN,AuthService,Unauthorized access attempt from 10.0.0.45,E401,Unauthorized access attempt from {ip}
91788,2026-01-16,14:16:46,ERROR,WebServer,Payment declined: Gateway unavailable,E503,Payment declined: Gateway unavailable
91789,2026-01-16,14:27:42,ERROR,PaymentGateway,Connection refused to PaymentGateway at 10.0.0.88,E501,Connection refused to {service} at {ip}
91790,2026-01-16,14:10:46,WARN,WebServer,High latency (1642ms) detected on WebServer,E201,High latency ({time}ms) detected on {service}
91791,2026-01-16,14:57:02,ERROR,WebServer,Timeout waiting for lock on InventoryDB,E502,Timeout waiting for lock on {db}
91792,2026-01-16,14:03:00,INFO,PaymentGateway,Health check passed: PaymentGateway,E102,Health check passed: {service}
91793,2026-01-16,14:57:28,WARN,AuthService,Unauthorized access attempt from 10.0.0.45,E401,Unauthorized access attempt from {ip}
91794,2026-01-16,14:58:05,INFO,InventoryDB,Transaction tx553592 completed in 1716ms,E104,Transaction {tx} completed in {time}ms
91795,2026-01-16,14:01:21,ERROR,WebServer,Timeout waiting for lock on InventoryDB,E502,Timeout waiting for lock on {db}
91796,2026-01-16,14:52:02,INFO,AuthService,Page view: /home by u4306,E103,Page view: {page} by {user}
91797,2026-01-16,14:33:17,ERROR,WebServer,Payment declined: Gateway unavailable,E503,Payment declined: Gateway unavailable
91798,2026-01-16,14:02:36,INFO,WebServer,Transaction tx964925 completed in 1754ms,E104,Transaction {tx} completed in {time}ms
91799,2026-01-16,14:10:23,ERROR,WebServer,Timeout waiting for lock on InventoryDB,E502,Timeout waiting for lock on {db}
91800,2026-01-16,14:32:09,WARN,InventoryDB,Unauthorized access attempt from 10.0.0.12,E401,Unauthorized access attempt from {ip}
91801,2026-01-16,14:10:39,WARN,AuthService,Disk usage > 85% on node node-1,E202,Disk usage > 85% on node {node}
91802,2026-01-16,14:22:32,CRITICAL,WebServer,DATA CORRUPTION detected in sector 528,E602,DATA CORRUPTION detected in sector {sector}
91803,2026-01-16,14:11:53,ERROR,WebServer,Connection refused to WebServer at 10.0.0.45,E501,Connection refused to {service} at {ip}
91804,2026-01-16,14:23:14,ERROR,AuthService,Connection refused to AuthService at 10.0.0.45,E501,Connection refused to {service} at {ip}
91805,2026-01-16,14:18:56,WARN,WebServer,Disk usage > 85% on node node-3,E202,Disk usage > 85% on node {node}
91806,2026-01-16,14:10:11,INFO,WebServer,Health check passed: WebServer,E102,Health check passed: {service}
91807,2026-01-16,14:55:20,INFO,WebServer,Page view: /home by u2142,E103,Page view: {page} by {user}
91808,2026-01-16,14:37:25,ERROR,AuthService,Payment declined: Gateway unavailable,E503,Payment declined: Gateway unavailable
91809,2026-01-16,14:43:49,INFO,WebServer,Transaction tx887954 completed in 1945ms,E104,Transaction {tx} completed in {time}ms
91810,2026-01-16,14:40:16,ERROR,AuthService,Payment declined: Gateway unavailable,E503,Payment declined: Gateway unavailable
91811,2026-01-16,14:28:59,ERROR,WebServer,Connection refused to WebServer at 10.0.0.45,E501,Connection refused to {service} at {ip}
91812,2026-01-16,14:14:59,INFO,WebServer,Page view: /home by u4388,E103,Page view: {page} by {user}
91813,2026-01-16,14:24:00,CRITICAL,WebServer,KERNEL PANIC: Node node-4 crashed,E601,KERNEL PANIC: Node {node} crashed
91814,2026-01-16,14:53:33,WARN,WebServer,Unauthorized access attempt from 10.0.0.45,E401,Unauthorized access attempt from {ip}
91815,2026-01-16,14:46:57,INFO,PaymentGateway,Transaction tx813547 completed in 1030ms,E104,Transaction {tx} completed in {time}ms
91816,2026-01-16,14:06:19,INFO,WebServer,User u4438 login successful,E101,User {user} login successful
91817,2026-01-16,14:02:30,ERROR,AuthService,Connection refused to AuthService at 192.168.1.5,E501,Connection refused to {service} at {ip}
91818,2026-01-16,14:21:21,CRITICAL,WebServer,DATA CORRUPTION detected in sector 586,E602,DATA CORRUPTION detected in sector {sector}
91819,2026-01-16,14:05:01,INFO,AuthService,Page view: /home by u2616,E103,Page view: {page} by {user}
91820,2026-01-16,14:37:50,ERROR,WebServer,Connection refused to WebServer at 10.0.0.45,E501,Connection refused to {service} at {ip}
91821,2026-01-16,14:40:01,ERROR,AuthService,Payment declined: Gateway unavailable,E503,Payment declined: Gateway unavailable
91822,2026-01-16,14:14:55,INFO,WebServer,User u3334 login successful,E101,User {user} login successful
91823,2026-01-16,14:27:40,ERROR,WebServer,Payment declined: Gateway unavailable,E503,Payment declined: Gateway unavailable
91824,2026-01-16,14:52:48,ERROR,WebServer,Connection refused to WebServer at 10.0.0.45,E501,Connection refused to {service} at {ip}
91825,2026-01-16,14:22:56,WARN,AuthService,High latency (997ms) detected on AuthService,E201,High latency ({time}ms) detected on {service}
91826,2026-01-16,14:44:59,ERROR,PaymentGateway,Payment declined: Gateway unavailable,E503,Payment declined: Gateway unavailable
91827,2026-01-16,14:40:07,WARN,WebServer,Unauthorized access attempt from 10.0.0.88,E401,Unauthorized access attempt from {ip}
91828,2026-01-16,14:12:17,ERROR,PaymentGateway,Timeout waiting for lock on InventoryDB,E502,Timeout waiting for lock on {db}
91829,2026-01-16,14:53:04,INFO,WebServer,Page view: /home by u2547,E103,Page view: {page} by {user}
91830,2026-01-16,14:51:05,ERROR,InventoryDB,Connection refused to InventoryDB at 10.0.0.45,E501,Connection refused to {service} at {ip}
91831,2026-01-16,14:31:01,INFO,OrderProcessor,Page view: /home by u1116,E103,Page view: {page} by {user}
91832,2026-01-16,14:35:18,ERROR,PaymentGateway,Payment declined: Gateway unavailable,E503,Payment declined: Gateway unavailable
91833,2026-01-16,14:14:14,INFO,OrderProcessor,Health check passed: OrderProcessor,E102,Health check passed: {service}
91834,2026-01-16,14:11:26,ERROR,PaymentGateway,Connection refused to PaymentGateway at 10.0.0.45,E501,Connection refused to {service} at {ip}
91835,2026-01-16,14:57:39,INFO,WebServer,Health check passed: WebServer,E102,Health check passed: {service}
91836,2026-01-16,14:59:04,ERROR,InventoryDB,Connection refused to InventoryDB at 10.0.0.10,E501,Connection refused to {service} at {ip}
91837,2026-01-16,14:49:19,INFO,AuthService,User u2104 login successful,E101,User {user} login successful
91838,2026-01-16,14:25:51,ERROR,AuthService,Payment declined: Gateway unavailable,E503,Payment declined: Gateway unavailable
91839,2026-01-16,14:20:56,WARN,AuthService,High latency (924ms) detected on AuthService,E201,High latency ({time}ms) detected on {service}
91840,2026-01-16,14:51:24,WARN,PaymentGateway,Unauthorized access attempt from 10.0.0.45,E401,Unauthorized access attempt from {ip}
91841,2026-01-16,14:46:16,INFO,InventoryDB,User u1680 login successful,E101,User {user} login successful
91842,2026-01-16,14:36:29,ERROR,AuthService,Connection refused to AuthService at 10.0.0.45,E501,Connection refused to {service} at {ip}
91843,2026-01-16,14:23:04,ERROR,WebServer,Timeout waiting for lock on InventoryDB,E502,Timeout waiting for lock on {db}
91844,2026-01-16,14:31:46,WARN,OrderProcessor,Unauthorized access attempt from 10.0.0.12,E401,Unauthorized access attempt from {ip}
91845,2026-01-16,14:43:32,WARN,WebServer,High latency (280ms) detected on WebServer,E201,High latency ({time}ms) detected on {service}
91846,2026-01-16,14:07:04,WARN,AuthService,Disk usage > 85% on node node-4,E202,Disk usage > 85% on node {node}
91847,2026-01-16,14:37:33,WARN,AuthService,High latency (1977ms) detected on AuthService,E201,High latency ({time}ms) detected on {service}
91848,2026-01-16,14:58:49,ERROR,WebServer,Connection refused to WebServer at 10.0.0.45,E501,Connection refused to {service} at {ip}
91849,2026-01-16,14:16:31,ERROR,WebServer,Timeout waiting for lock on InventoryDB,E502,Timeout waiting for lock on {db}
91850,2026-01-16,14:15:50,ERROR,PaymentGateway,Connection refused to PaymentGateway at 10.0.0.45,E501,Connection refused to {service} at {ip}
91851,2026-01-16,14:00:01,INFO,WebServer,Page view: /home by u3611,E103,Page view: {page} by {user}
91852,2026-01-16,14:59:38,WARN,WebServer,Unauthorized access attempt from 10.0.0.45,E401,Unauthorized access attempt from {ip}
91853,2026-01-16,14:37:10,INFO,PaymentGateway,Page view: /home by u1476,E103,Page view: {page} by {user}
91854,2026-01-16,14:44:52,ERROR,OrderProcessor,Payment declined: Gateway unavailable,E503,Payment declined: Gateway unavailable
91855,2026-01-16,14:15:17,WARN,WebServer,Unauthorized access attempt from 10.0.0.45,E401,Unauthorized access attempt from {ip}
91856,2026-01-16,14:03:48,CRITICAL,WebServer,DATA CORRUPTION detected in sector 938,E602,DATA CORRUPTION detected in sector {sector}
91857,2026-01-16,14:31:17,INFO,AuthService,Health check passed: AuthService,E102,Health check passed: {service}
91858,2026-01-16,14:48:02,WARN,PaymentGateway,High latency (217ms) detected on PaymentGateway,E201,High latency ({time}ms) detected on {service}
91859,2026-01-16,14:44:47,CRITICAL,AuthService,KERNEL PANIC: Node node-2 crashed,E601,KERNEL PANIC: Node {node} crashed
91860,2026-01-16,14:37:02,INFO,WebServer,Transaction tx586374 completed in 445ms,E104,Transaction {tx} completed in {time}ms
91861,2026-01-16,14:15:22,ERROR,OrderProcessor,Connection refused to OrderProcessor at 10.0.0.45,E501,Connection refused to {service} at {ip}
91862,2026-01-16,14:46:22,ERROR,WebServer,Payment declined: Gateway unavailable,E503,Payment declined: Gateway unavailable
91863,2026-01-16,14:22:33,CRITICAL,WebServer,DATA CORRUPTION detected in sector 995,E602,DATA CORRUPTION detected in sector {sector}
91864,2026-01-16,14:23:57,ERROR,InventoryDB,Timeout waiting for lock on InventoryDB,E502,Timeout waiting for lock on {db}
91865,2026-01-16,14:16:57,WARN,WebServer,Disk usage > 85% on node node-1,E202,Disk usage > 85% on node {node}
91866,2026-01-16,14:25:08,ERROR,WebServer,Timeout waiting for lock on InventoryDB,E502,Timeout waiting for lock on {db}
91867,2026-01-16,14:56:54,ERROR,WebServer,Timeout waiting for lock on InventoryDB,E502,Timeout waiting for lock on {db}
91868,2026-01-16,14:16:11,ERROR,PaymentGateway,Payment declined: Gateway unavailable,E503,Payment declined: Gateway unavailable
91869,2026-01-16,14:10:29,ERROR,WebServer,Connection refused to WebServer at 10.0.0.10,E501,Connection refused to {service} at {ip}
91870,2026-01-16,14:14:20,ERROR,AuthService,Connection refused to AuthService at 10.0.0.45,E501,Connection refused to {service} at {ip}
91871,2026-01-16,14:02:12,WARN,OrderProcessor,Disk usage > 85% on node node-5,E202,Disk usage > 85% on node {node}
91872,2026-01-16,14:45:26,CRITICAL,WebServer,DATA CORRUPTION detected in sector 478,E602,DATA CORRUPTION detected in sector {sector}
91873,2026-01-16,14:21:30,WARN,AuthService,Unauthorized access attempt from 10.0.0.45,E401,Unauthorized access attempt from {ip}
91874,2026-01-16,14:16:06,INFO,AuthService,User u4894 login successful,E101,User {user} login successful
91875,2026-01-16,14:50:32,INFO,AuthService,User u4449 login successful,E101,User {user} login successful
91876,2026-01-16,14:50:44,CRITICAL,AuthService,DATA CORRUPTION detected in sector 347,E602,DATA CORRUPTION detected in sector {sector}
91877,2026-01-16,14:35:21,INFO,AuthService,Transaction tx233248 completed in 468ms,E104,Transaction {tx} completed in {time}ms
91878,2026-01-16,14:33:50,WARN,WebServer,Disk usage > 85% on node node-3,E202,Disk usage > 85% on node {node}
91879,2026-01-16,14:56:57,WARN,AuthService,High latency (202ms) detected on AuthService,E201,High latency ({time}ms) detected on {service}
91880,2026-01-16,14:27:36,INFO,AuthService,Page view: /home by u4362,E103,Page view: {page} by {user}
91881,2026-01-16,14:11:54,ERROR,WebServer,Connection refused to WebServer at 10.0.0.45,E501,Connection refused to {service} at {ip}
91882,2026-01-16,14:10:43,WARN,AuthService,High latency (1331ms) detected on AuthService,E201,High latency ({time}ms) detected on {service}
91883,2026-01-16,14:07:15,INFO,PaymentGateway,Transaction tx586414 completed in 606ms,E104,Transaction {tx} completed in {time}ms
91884,2026-01-16,14:54:14,WARN,AuthService,Disk usage > 85% on node node-5,E202,Disk usage > 85% on node {node}
91885,2026-01-16,14:59:40,INFO,OrderProcessor,User u2777 login successful,E101,User {user} login successful
91886,2026-01-16,14:56:01,ERROR,InventoryDB,Payment declined: Gateway unavailable,E503,Payment declined: Gateway unavailable
91887,2026-01-16,14:07:09,WARN,WebServer,High latency (1928ms) detected on WebServer,E201,High latency ({time}ms) detected on {service}
91888,2026-01-16,14:43:22,ERROR,WebServer,Connection refused to WebServer at 10.0.0.45,E501,Connection refused to {service} at {ip}
91889,2026-01-16,14:50:43,WARN,WebServer,High latency (1889ms) detected on WebServer,E201,High latency ({time}ms) detected on {service}
91890,2026-01-16,14:48:25,INFO,WebServer,Page view: /home by u3408,E103,Page view: {page} by {user}
91891,2026-01-16,14:50:38,CRITICAL,WebServer,DATA CORRUPTION detected in sector 603,E602,DATA CORRUPTION detected in sector {sector}
91892,2026-01-16,14:07:28,WARN,WebServer,Unauthorized access attempt from 10.0.0.45,E401,Unauthorized access attempt from {ip}
91893,2026-01-16,14:19:31,CRITICAL,AuthService,KERNEL PANIC: Node node-4 crashed,E601,KERNEL PANIC: Node {node} crashed
91894,2026-01-16,14:56:44,INFO,OrderProcessor,Transaction tx985340 completed in 1544ms,E104,Transaction {tx} completed in {time}ms
91895,2026-01-16,14:03:25,WARN,OrderProcessor,Unauthorized access attempt from 10.0.0.99,E401,Unauthorized access attempt from {ip}
91896,2026-01-16,14:15:49,INFO,WebServer,Health check passed: WebServer,E102,Health check passed: {service}
91897,2026-01-16,14:06:20,INFO,OrderProcessor,User u2226 login successful,E101,User {user} login successful
91898,2026-01-16,14:05:34,ERROR,WebServer,Payment declined: Gateway unavailable,E503,Payment declined: Gateway unavailable
91899,2026-01-16,14:24:59,ERROR,InventoryDB,Connection refused to InventoryDB at 192.168.1.5,E501,Connection refused to {service} at {ip}
91900,2026-01-16,14:39:46,ERROR,OrderProcessor,Payment declined: Gateway unavailable,E503,Payment declined: Gateway unavailable
91901,2026-01-16,14:47:13,ERROR,WebServer,Connection refused to WebServer at 10.0.0.45,E501,Connection refused to {service} at {ip}
91902,2026-01-16,14:24:19,INFO,PaymentGateway,Page view: /home by u3601,E103,Page view: {page} by {user}
91903,2026-01-16,14:47:59,INFO,WebServer,Page view: /home by u3454,E103,Page view: {page} by {user}
91904,2026-01-16,14:58:44,CRITICAL,WebServer,DATA CORRUPTION detected in sector 484,E602,DATA CORRUPTION detected in sector {sector}
91905,2026-01-16,14:55:56,ERROR,PaymentGateway,Payment declined: Gateway unavailable,E503,Payment declined: Gateway unavailable
91906,2026-01-16,14:50:00,INFO,PaymentGateway,User u3147 login successful,E101,User {user} login successful
91907,2026-01-16,14:13:34,INFO,PaymentGateway,User u4053 login successful,E101,User {user} login successful
91908,2026-01-16,14:29:17,ERROR,WebServer,Connection refused to WebServer at 10.0.0.99,E501,Connection refused to {service} at {ip}
91909,2026-01-16,14:21:50,INFO,PaymentGateway,User u4525 login successful,E101,User {user} login successful
91910,2026-01-16,14:49:03,ERROR,WebServer,Payment declined: Gateway unavailable,E503,Payment declined: Gateway unavailable
91911,2026-01-16,14:52:51,CRITICAL,WebServer,KERNEL PANIC: Node node-3 crashed,E601,KERNEL PANIC: Node {node} crashed
91912,2026-01-16,14:33:13,CRITICAL,WebServer,DATA CORRUPTION detected in sector 793,E602,DATA CORRUPTION detected in sector {sector}
91913,2026-01-16,14:18:47,INFO,WebServer,Transaction tx692780 completed in 1257ms,E104,Transaction {tx} completed in {time}ms
91914,2026-01-16,14:29:37,WARN,WebServer,Disk usage > 85% on node node-4,E202,Disk usage > 85% on node {node}
91915,2026-01-16,14:52:50,ERROR,WebServer,Payment declined: Gateway unavailable,E503,Payment declined: Gateway unavailable
91916,2026-01-16,14:52:04,INFO,WebServer,Health check passed: WebServer,E102,Health check passed: {service}
91917,2026-01-16,14:03:16,INFO,WebServer,User u2672 login successful,E101,User {user} login successful
91918,2026-01-16,14:27:07,INFO,AuthService,User u1160 login successful,E101,User {user} login successful
91919,2026-01-16,14:29:12,WARN,OrderProcessor,High latency (464ms) detected on OrderProcessor,E201,High latency ({time}ms) detected on {service}
91920,2026-01-16,14:50:07,ERROR,WebServer,Timeout waiting for lock on InventoryDB,E502,Timeout waiting for lock on {db}
91921,2026-01-16,14:38:48,INFO,InventoryDB,Transaction tx580660 completed in 441ms,E104,Transaction {tx} completed in {time}ms
91922,2026-01-16,14:38:54,ERROR,WebServer,Timeout waiting for lock on InventoryDB,E502,Timeout waiting for lock on {db}
91923,2026-01-16,14:52:36,WARN,AuthService,High latency (985ms) detected on AuthService,E201,High latency ({time}ms) detected on {service}
91924,2026-01-16,14:06:19,INFO,PaymentGateway,Transaction tx667649 completed in 1179ms,E104,Transaction {tx} completed in {time}ms
91925,2026-01-16,14:07:35,ERROR,AuthService,Timeout waiting for lock on InventoryDB,E502,Timeout waiting for lock on {db}
91926,2026-01-16,14:57:37,CRITICAL,AuthService,DATA CORRUPTION detected in sector 343,E602,DATA CORRUPTION detected in sector {sector}
91927,2026-01-16,14:34:04,INFO,WebServer,Health check passed: WebServer,E102,Health check passed: {service}
91928,2026-01-16,14:52:28,INFO,WebServer,User u3995 login successful,E101,User {user} login successful
91929,2026-01-16,14:16:23,INFO,WebServer,Page view: /home by u3319,E103,Page view: {page} by {user}
91930,2026-01-16,14:45:54,WARN,PaymentGateway,High latency (1439ms) detected on PaymentGateway,E201,High latency ({time}ms) detected on {service}
91931,2026-01-16,14:23:31,WARN,PaymentGateway,Disk usage > 85% on node node-3,E202,Disk usage > 85% on node {node}
91932,2026-01-16,14:15:47,WARN,WebServer,High latency (714ms) detected on WebServer,E201,High latency ({time}ms) detected on {service}
91933,2026-01-16,14:53:56,INFO,WebServer,User u4922 login successful,E101,User {user} login successful
91934,2026-01-16,14:47:29,ERROR,OrderProcessor,Payment declined: Gateway unavailable,E503,Payment declined: Gateway unavailable
91935,2026-01-16,14:21:42,WARN,AuthService,High latency (484ms) detected on AuthService,E201,High latency ({time}ms) detected on {service}
91936,2026-01-16,14:26:04,ERROR,WebServer,Payment declined: Gateway unavailable,E503,Payment declined: Gateway unavailable
91937,2026-01-16,14:02:15,ERROR,AuthService,Connection refused to AuthService at 10.0.0.45,E501,Connection refused to {service} at {ip}
91938,2026-01-16,14:40:13,CRITICAL,InventoryDB,DATA CORRUPTION detected in sector 752,E602,DATA CORRUPTION detected in sector {sector}
91939,2026-01-16,14:51:37,INFO,PaymentGateway,Transaction tx105912 completed in 31ms,E104,Transaction {tx} completed in {time}ms
91940,2026-01-16,14:01:52,ERROR,WebServer,Timeout waiting for lock on InventoryDB,E502,Timeout waiting for lock on {db}
91941,2026-01-16,14:16:13,ERROR,WebServer,Connection refused to WebServer at 10.0.0.45,E501,Connection refused to {service} at {ip}
91942,2026-01-16,14:10:30,INFO,WebServer,Health check passed: WebServer,E102,Health check passed: {service}
91943,2026-01-16,14:34:40,INFO,OrderProcessor,Transaction tx581856 completed in 514ms,E104,Transaction {tx} completed in {time}ms
91944,2026-01-16,14:26:38,ERROR,AuthService,Timeout waiting for lock on InventoryDB,E502,Timeout waiting for lock on {db}
91945,2026-01-16,14:39:31,INFO,OrderProcessor,Transaction tx490042 completed in 514ms,E104,Transaction {tx} completed in {time}ms
91946,2026-01-16,14:09:44,INFO,WebServer,Health check passed: WebServer,E102,Health check passed: {service}
91947,2026-01-16,14:07:27,WARN,PaymentGateway,High latency (1122ms) detected on PaymentGateway,E201,High latency ({time}ms) detected on {service}
91948,2026-01-16,14:27:29,ERROR,WebServer,Payment declined: Gateway unavailable,E503,Payment declined: Gateway unavailable
91949,2026-01-16,14:46:29,ERROR,WebServer,Payment declined: Gateway unavailable,E503,Payment declined: Gateway unavailable
91950,2026-01-16,14:34:44,CRITICAL,WebServer,DATA CORRUPTION detected in sector 191,E602,DATA CORRUPTION detected in sector {sector}
91951,2026-01-16,14:11:52,ERROR,InventoryDB,Payment declined: Gateway unavailable,E503,Payment declined: Gateway unavailable
91952,2026-01-16,14:29:27,INFO,WebServer,Page view: /home by u1787,E103,Page view: {page} by {user}
91953,2026-01-16,14:58:48,ERROR,WebServer,Connection refused to WebServer at 10.0.0.45,E501,Connection refused to {service} at {ip}
91954,2026-01-16,14:36:17,WARN,WebServer,Unauthorized access attempt from 10.0.0.88,E401,Unauthorized access attempt from {ip}
91955,2026-01-16,14:36:39,INFO,WebServer,User u3268 login successful,E101,User {user} login successful
91956,2026-01-16,14:33:35,ERROR,AuthService,Connection refused to AuthService at 10.0.0.88,E501,Connection refused to {service} at {ip}
91957,2026-01-16,14:30:03,INFO,WebServer,Health check passed: WebServer,E102,Health check passed: {service}
91958,2026-01-16,14:00:12,INFO,OrderProcessor,Health check passed: OrderProcessor,E102,Health check passed: {service}
91959,2026-01-16,14:26:15,ERROR,WebServer,Timeout waiting for lock on InventoryDB,E502,Timeout waiting for lock on {db}
91960,2026-01-16,14:14:34,WARN,WebServer,High latency (1881ms) detected on WebServer,E201,High latency ({time}ms) detected on {service}
91961,2026-01-16,14:10:26,WARN,WebServer,High latency (862ms) detected on WebServer,E201,High latency ({time}ms) detected on {service}
91962,2026-01-16,14:50:58,INFO,OrderProcessor,Page view: /home by u4135,E103,Page view: {page} by {user}
91963,2026-01-16,14:47:32,INFO,OrderProcessor,Health check passed: OrderProcessor,E102,Health check passed: {service}
91964,2026-01-16,14:02:42,INFO,WebServer,Transaction tx180826 completed in 37ms,E104,Transaction {tx} completed in {time}ms
91965,2026-01-16,14:12:08,WARN,WebServer,Unauthorized access attempt from 10.0.0.45,E401,Unauthorized access attempt from {ip}
91966,2026-01-16,14:25:09,ERROR,AuthService,Timeout waiting for lock on InventoryDB,E502,Timeout waiting for lock on {db}
91967,2026-01-16,14:30:21,CRITICAL,WebServer,DATA CORRUPTION detected in sector 340,E602,DATA CORRUPTION detected in sector {sector}
91968,2026-01-16,14:13:20,CRITICAL,WebServer,KERNEL PANIC: Node node-4 crashed,E601,KERNEL PANIC: Node {node} crashed
91969,2026-01-16,14:04:48,ERROR,OrderProcessor,Timeout waiting for lock on InventoryDB,E502,Timeout waiting for lock on {db}
91970,2026-01-16,14:09:09,INFO,WebServer,Health check passed: WebServer,E102,Health check passed: {service}
91971,2026-01-16,14:43:22,WARN,InventoryDB,Disk usage > 85% on node node-5,E202,Disk usage > 85% on node {node}
91972,2026-01-16,14:19:50,ERROR,WebServer,Connection refused to WebServer at 10.0.0.45,E501,Connection refused to {service} at {ip}
91973,2026-01-16,14:32:10,WARN,WebServer,High latency (50ms) detected on WebServer,E201,High latency ({time}ms) detected on {service}
91974,2026-01-16,14:36:04,INFO,AuthService,Page view: /home by u4913,E103,Page view: {page} by {user}
91975,2026-01-16,14:48:04,INFO,PaymentGateway,Health check passed: PaymentGateway,E102,Health check passed: {service}
91976,2026-01-16,14:52:37,WARN,InventoryDB,Disk usage > 85% on node node-4,E202,Disk usage > 85% on node {node}
91977,2026-01-16,14:44:30,WARN,OrderProcessor,High latency (140ms) detected on OrderProcessor,E201,High latency ({time}ms) detected on {service}
91978,2026-01-16,14:38:17,ERROR,PaymentGateway,Payment declined: Gateway unavailable,E503,Payment declined: Gateway unavailable
91979,2026-01-16,14:44:06,ERROR,AuthService,Timeout waiting for lock on InventoryDB,E502,Timeout waiting for lock on {db}
91980,2026-01-16,14:02:53,ERROR,WebServer,Payment declined: Gateway unavailable,E503,Payment declined: Gateway unavailable
91981,2026-01-16,14:23:01,INFO,AuthService,Transaction tx683792 completed in 1286ms,E104,Transaction {tx} completed in {time}ms
91982,2026-01-16,14:43:59,CRITICAL,WebServer,KERNEL PANIC: Node node-5 crashed,E601,KERNEL PANIC: Node {node} crashed
91983,2026-01-16,14:56:30,ERROR,WebServer,Connection refused to WebServer at 10.0.0.12,E501,Connection refused to {service} at {ip}
91984,2026-01-16,14:03:35,ERROR,OrderProcessor,Payment declined: Gateway unavailable,E503,Payment declined: Gateway unavailable
91985,2026-01-16,14:06:56,CRITICAL,WebServer,DATA CORRUPTION detected in sector 520,E602,DATA CORRUPTION detected in sector {sector}
91986,2026-01-16,14:08:43,INFO,AuthService,Transaction tx908187 completed in 241ms,E104,Transaction {tx} completed in {time}ms
91987,2026-01-16,14:49:14,ERROR,PaymentGateway,Payment declined: Gateway unavailable,E503,Payment declined: Gateway unavailable
91988,2026-01-16,14:44:27,ERROR,OrderProcessor,Timeout waiting for lock on InventoryDB,E502,Timeout waiting for lock on {db}
91989,2026-01-16,14:29:28,INFO,WebServer,User u1643 login successful,E101,User {user} login successful
91990,2026-01-16,14:14:27,WARN,OrderProcessor,High latency (401ms) detected on OrderProcessor,E201,High latency ({time}ms) detected on {service}
91991,2026-01-16,14:05:15,INFO,WebServer,Health check passed: WebServer,E102,Health check passed: {service}
91992,2026-01-16,14:04:57,CRITICAL,WebServer,KERNEL PANIC: Node node-3 crashed,E601,KERNEL PANIC: Node {node} crashed
91993,2026-01-16,14:54:51,ERROR,WebServer,Connection refused to WebServer at 10.0.0.45,E501,Connection refused to {service} at {ip}
91994,2026-01-16,14:02:24,WARN,WebServer,Disk usage > 85% on node node-2,E202,Disk usage > 85% on node {node}
91995,2026-01-16,14:05:06,WARN,OrderProcessor,Disk usage > 85% on node node-1,E202,Disk usage > 85% on node {node}
91996,2026-01-16,14:52:46,ERROR,AuthService,Timeout waiting for lock on InventoryDB,E502,Timeout waiting for lock on {db}
91997,2026-01-16,14:21:25,CRITICAL,PaymentGateway,KERNEL PANIC: Node node-5 crashed,E601,KERNEL PANIC: Node {node} crashed
91998,2026-01-16,14:04:25,INFO,WebServer,Health check passed: WebServer,E102,Health check passed: {service}
91999,2026-01-16,14:32:38,ERROR,OrderProcessor,Connection refused to OrderProcessor at 10.0.0.88,E501,Connection refused to {service} at {ip}
92000,2026-01-16,14:05:07,INFO,WebServer,Transaction tx597542 completed in 258ms,E104,Transaction {tx} completed in {time}ms
92001,2026-01-16,14:05:23,ERROR,InventoryDB,Timeout waiting for lock on InventoryDB,E502,Timeout waiting for lock on {db}
92002,2026-01-16,14:50:11,ERROR,AuthService,Connection refused to AuthService at 10.0.0.45,E501,Connection refused to {service} at {ip}
92003,2026-01-16,14:38:43,ERROR,PaymentGateway,Connection refused to PaymentGateway at 10.0.0.45,E501,Connection refused to {service} at {ip}
92004,2026-01-16,14:45:39,WARN,OrderProcessor,Unauthorized access attempt from 10.0.0.99,E401,Unauthorized access attempt from {ip}
92005,2026-01-16,14:26:35,CRITICAL,WebServer,KERNEL PANIC: Node node-2 crashed,E601,KERNEL PANIC: Node {node} crashed
92006,2026-01-16,14:15:40,INFO,AuthService,Page view: /home by u4576,E103,Page view: {page} by {user}
92007,2026-01-16,14:58:14,CRITICAL,AuthService,KERNEL PANIC: Node node-4 crashed,E601,KERNEL PANIC: Node {node} crashed
92008,2026-01-16,14:23:43,ERROR,OrderProcessor,Payment declined: Gateway unavailable,E503,Payment declined: Gateway unavailable
92009,2026-01-16,14:51:04,ERROR,WebServer,Payment declined: Gateway unavailable,E503,Payment declined: Gateway unavailable
92010,2026-01-16,14:56:56,INFO,WebServer,Health check passed: WebServer,E102,Health check passed: {service}
92011,2026-01-16,14:47:50,WARN,InventoryDB,Disk usage > 85% on node node-1,E202,Disk usage > 85% on node {node}
92012,2026-01-16,14:48:39,ERROR,PaymentGateway,Timeout waiting for lock on InventoryDB,E502,Timeout waiting for lock on {db}
92013,2026-01-16,14:03:03,INFO,OrderProcessor,User u3218 login successful,E101,User {user} login successful
92014,2026-01-16,14:05:27,ERROR,InventoryDB,Connection refused to InventoryDB at 10.0.0.45,E501,Connection refused to {service} at {ip}
92015,2026-01-16,14:22:54,ERROR,WebServer,Timeout waiting for lock on InventoryDB,E502,Timeout waiting for lock on {db}
92016,2026-01-16,14:01:28,INFO,WebServer,Page view: /home by u1998,E103,Page view: {page} by {user}
92017,2026-01-16,14:23:29,INFO,WebServer,Page view: /home by u3191,E103,Page view: {page} by {user}
92018,2026-01-16,14:50:13,INFO,WebServer,Transaction tx187900 completed in 1775ms,E104,Transaction {tx} completed in {time}ms
92019,2026-01-16,14:55:10,INFO,WebServer,Health check passed: WebServer,E102,Health check passed: {service}
92020,2026-01-16,14:37:35,INFO,WebServer,Page view: /home by u2741,E103,Page view: {page} by {user}
92021,2026-01-16,14:35:04,ERROR,WebServer,Timeout waiting for lock on InventoryDB,E502,Timeout waiting for lock on {db}
92022,2026-01-16,14:49:27,INFO,WebServer,Page view: /home by u1257,E103,Page view: {page} by {user}
92023,2026-01-16,14:42:11,ERROR,AuthService,Payment declined: Gateway unavailable,E503,Payment declined: Gateway unavailable
92024,2026-01-16,14:17:00,ERROR,WebServer,Timeout waiting for lock on InventoryDB,E502,Timeout waiting for lock on {db}
92025,2026-01-16,14:09:26,INFO,WebServer,Page view: /home by u3840,E103,Page view: {page} by {user}
92026,2026-01-16,14:01:27,ERROR,WebServer,Timeout waiting for lock on InventoryDB,E502,Timeout waiting for lock on {db}
92027,2026-01-16,14:03:57,CRITICAL,AuthService,DATA CORRUPTION detected in sector 212,E602,DATA CORRUPTION detected in sector {sector}
92028,2026-01-16,14:01:12,INFO,WebServer,Page view: /home by u4208,E103,Page view: {page} by {user}
92029,2026-01-16,14:30:59,ERROR,PaymentGateway,Timeout waiting for lock on InventoryDB,E502,Timeout waiting for lock on {db}
92030,2026-01-16,14:19:39,ERROR,AuthService,Timeout waiting for lock on InventoryDB,E502,Timeout waiting for lock on {db}
92031,2026-01-16,14:36:11,INFO,InventoryDB,User u2206 login successful,E101,User {user} login successful
92032,2026-01-16,14:56:49,WARN,OrderProcessor,Disk usage > 85% on node node-4,E202,Disk usage > 85% on node {node}
92033,2026-01-16,14:39:17,INFO,WebServer,Page view: /home by u4138,E103,Page view: {page} by {user}
92034,2026-01-16,14:29:57,INFO,WebServer,Health check passed: WebServer,E102,Health check passed: {service}
92035,2026-01-16,14:54:33,ERROR,AuthService,Connection refused to AuthService at 10.0.0.10,E501,Connection refused to {service} at {ip}
92036,2026-01-16,14:27:28,ERROR,WebServer,Payment declined: Gateway unavailable,E503,Payment declined: Gateway unavailable
92037,2026-01-16,14:24:10,INFO,PaymentGateway,Transaction tx228602 completed in 1492ms,E104,Transaction {tx} completed in {time}ms
92038,2026-01-16,14:08:04,INFO,WebServer,User u4862 login successful,E101,User {user} login successful
92039,2026-01-16,14:47:50,INFO,AuthService,Transaction tx849230 completed in 1669ms,E104,Transaction {tx} completed in {time}ms
92040,2026-01-16,14:04:28,WARN,WebServer,Disk usage > 85% on node node-3,E202,Disk usage > 85% on node {node}
92041,2026-01-16,14:36:12,WARN,AuthService,Disk usage > 85% on node node-4,E202,Disk usage > 85% on node {node}
92042,2026-01-16,14:25:25,ERROR,InventoryDB,Timeout waiting for lock on InventoryDB,E502,Timeout waiting for lock on {db}
92043,2026-01-16,14:14:17,CRITICAL,WebServer,DATA CORRUPTION detected in sector 694,E602,DATA CORRUPTION detected in sector {sector}
92044,2026-01-16,14:27:46,CRITICAL,WebServer,DATA CORRUPTION detected in sector 956,E602,DATA CORRUPTION detected in sector {sector}
92045,2026-01-16,14:02:21,CRITICAL,AuthService,DATA CORRUPTION detected in sector 944,E602,DATA CORRUPTION detected in sector {sector}
92046,2026-01-16,14:55:49,INFO,PaymentGateway,Page view: /home by u2056,E103,Page view: {page} by {user}
92047,2026-01-16,14:46:05,ERROR,AuthService,Timeout waiting for lock on InventoryDB,E502,Timeout waiting for lock on {db}
92048,2026-01-16,14:02:12,WARN,OrderProcessor,Disk usage > 85% on node node-1,E202,Disk usage > 85% on node {node}
92049,2026-01-16,14:58:28,WARN,PaymentGateway,Unauthorized access attempt from 10.0.0.45,E401,Unauthorized access attempt from {ip}
92050,2026-01-16,14:35:05,ERROR,OrderProcessor,Payment declined: Gateway unavailable,E503,Payment declined: Gateway unavailable
92051,2026-01-16,14:35:19,WARN,WebServer,Unauthorized access attempt from 10.0.0.10,E401,Unauthorized access attempt from {ip}
92052,2026-01-16,14:37:25,INFO,AuthService,Transaction tx953766 completed in 1502ms,E104,Transaction {tx} completed in {time}ms
92053,2026-01-16,14:42:03,INFO,WebServer,User u2434 login successful,E101,User {user} login successful
92054,2026-01-16,14:45:26,INFO,WebServer,Page view: /home by u2860,E103,Page view: {page} by {user}
92055,2026-01-16,14:00:24,INFO,AuthService,Page view: /home by u1607,E103,Page view: {page} by {user}
92056,2026-01-16,14:24:05,INFO,WebServer,Transaction tx870562 completed in 1263ms,E104,Transaction {tx} completed in {time}ms
92057,2026-01-16,14:16:16,INFO,WebServer,User u2051 login successful,E101,User {user} login successful
92058,2026-01-16,14:06:46,WARN,PaymentGateway,Disk usage > 85% on node node-4,E202,Disk usage > 85% on node {node}
92059,2026-01-16,14:19:01,WARN,WebServer,High latency (1278ms) detected on WebServer,E201,High latency ({time}ms) detected on {service}
92060,2026-01-16,14:49:41,WARN,WebServer,Disk usage > 85% on node node-4,E202,Disk usage > 85% on node {node}
92061,2026-01-16,14:58:37,INFO,AuthService,Page view: /home by u1373,E103,Page view: {page} by {user}
92062,2026-01-16,14:07:48,INFO,WebServer,Health check passed: WebServer,E102,Health check passed: {service}
92063,2026-01-16,14:15:22,ERROR,AuthService,Timeout waiting for lock on InventoryDB,E502,Timeout waiting for lock on {db}
92064,2026-01-16,14:43:00,CRITICAL,WebServer,KERNEL PANIC: Node node-2 crashed,E601,KERNEL PANIC: Node {node} crashed
92065,2026-01-16,14:43:10,WARN,InventoryDB,High latency (1465ms) detected on InventoryDB,E201,High latency ({time}ms) detected on {service}
92066,2026-01-16,14:18:32,ERROR,WebServer,Connection refused to WebServer at 10.0.0.45,E501,Connection refused to {service} at {ip}
92067,2026-01-16,14:14:12,ERROR,WebServer,Payment declined: Gateway unavailable,E503,Payment declined: Gateway unavailable
92068,2026-01-16,14:16:15,ERROR,PaymentGateway,Timeout waiting for lock on InventoryDB,E502,Timeout waiting for lock on {db}
92069,2026-01-16,14:42:32,ERROR,AuthService,Payment declined: Gateway unavailable,E503,Payment declined: Gateway unavailable
92070,2026-01-16,14:41:33,WARN,WebServer,Unauthorized access attempt from 10.0.0.45,E401,Unauthorized access attempt from {ip}
92071,2026-01-16,14:32:06,INFO,WebServer,Transaction tx388388 completed in 626ms,E104,Transaction {tx} completed in {time}ms
92072,2026-01-16,14:10:08,WARN,WebServer,Unauthorized access attempt from 10.0.0.45,E401,Unauthorized access attempt from {ip}
92073,2026-01-16,14:38:43,INFO,AuthService,User u1800 login successful,E101,User {user} login successful
92074,2026-01-16,14:58:21,ERROR,InventoryDB,Payment declined: Gateway unavailable,E503,Payment declined: Gateway unavailable
92075,2026-01-16,14:03:54,INFO,AuthService,User u4627 login successful,E101,User {user} login successful
92076,2026-01-16,14:21:40,ERROR,WebServer,Timeout waiting for lock on InventoryDB,E502,Timeout waiting for lock on {db}
92077,2026-01-16,14:46:40,INFO,InventoryDB,Transaction tx174208 completed in 161ms,E104,Transaction {tx} completed in {time}ms
92078,2026-01-16,14:02:28,CRITICAL,OrderProcessor,DATA CORRUPTION detected in sector 236,E602,DATA CORRUPTION detected in sector {sector}
92079,2026-01-16,14:51:14,ERROR,WebServer,Connection refused to WebServer at 10.0.0.45,E501,Connection refused to {service} at {ip}
92080,2026-01-16,14:59:06,WARN,WebServer,Disk usage > 85% on node node-1,E202,Disk usage > 85% on node {node}
92081,2026-01-16,14:01:52,INFO,InventoryDB,Transaction tx275030 completed in 303ms,E104,Transaction {tx} completed in {time}ms
92082,2026-01-16,14:58:29,ERROR,WebServer,Timeout waiting for lock on InventoryDB,E502,Timeout waiting for lock on {db}
92083,2026-01-16,14:55:00,ERROR,AuthService,Payment declined: Gateway unavailable,E503,Payment declined: Gateway unavailable
92084,2026-01-16,14:26:21,ERROR,WebServer,Payment declined: Gateway unavailable,E503,Payment declined: Gateway unavailable
92085,2026-01-16,14:59:12,INFO,OrderProcessor,User u1327 login successful,E101,User {user} login successful
92086,2026-01-16,14:35:23,INFO,PaymentGateway,Page view: /home by u1435,E103,Page view: {page} by {user}
92087,2026-01-16,14:51:40,CRITICAL,AuthService,DATA CORRUPTION detected in sector 414,E602,DATA CORRUPTION detected in sector {sector}
92088,2026-01-16,14:35:22,CRITICAL,OrderProcessor,KERNEL PANIC: Node node-3 crashed,E601,KERNEL PANIC: Node {node} crashed
92089,2026-01-16,14:46:32,INFO,AuthService,User u2172 login successful,E101,User {user} login successful
92090,2026-01-16,14:29:56,WARN,OrderProcessor,High latency (549ms) detected on OrderProcessor,E201,High latency ({time}ms) detected on {service}
92091,2026-01-16,14:25:22,ERROR,WebServer,Timeout waiting for lock on InventoryDB,E502,Timeout waiting for lock on {db}
92092,2026-01-16,14:22:21,INFO,WebServer,User u3955 login successful,E101,User {user} login successful
92093,2026-01-16,14:23:35,CRITICAL,WebServer,KERNEL PANIC: Node node-1 crashed,E601,KERNEL PANIC: Node {node} crashed
92094,2026-01-16,14:16:35,ERROR,WebServer,Connection refused to WebServer at 10.0.0.45,E501,Connection refused to {service} at {ip}
92095,2026-01-16,14:11:38,ERROR,WebServer,Connection refused to WebServer at 10.0.0.45,E501,Connection refused to {service} at {ip}
92096,2026-01-16,14:25:36,ERROR,WebServer,Timeout waiting for lock on InventoryDB,E502,Timeout waiting for lock on {db}
92097,2026-01-16,14:53:00,INFO,AuthService,Transaction tx479015 completed in 575ms,E104,Transaction {tx} completed in {time}ms
92098,2026-01-16,14:16:39,ERROR,WebServer,Payment declined: Gateway unavailable,E503,Payment declined: Gateway unavailable
92099,2026-01-16,14:43:55,CRITICAL,WebServer,KERNEL PANIC: Node node-4 crashed,E601,KERNEL PANIC: Node {node} crashed
92100,2026-01-16,14:48:26,INFO,WebServer,Transaction tx596012 completed in 707ms,E104,Transaction {tx} completed in {time}ms
92101,2026-01-16,14:17:45,ERROR,InventoryDB,Connection refused to InventoryDB at 10.0.0.45,E501,Connection refused to {service} at {ip}
92102,2026-01-16,14:35:05,ERROR,AuthService,Connection refused to AuthService at 10.0.0.45,E501,Connection refused to {service} at {ip}
92103,2026-01-16,14:41:29,INFO,WebServer,Health check passed: WebServer,E102,Health check passed: {service}
92104,2026-01-16,14:04:19,ERROR,WebServer,Connection refused to WebServer at 10.0.0.10,E501,Connection refused to {service} at {ip}
92105,2026-01-16,14:51:17,WARN,PaymentGateway,Unauthorized access attempt from 10.0.0.88,E401,Unauthorized access attempt from {ip}
92106,2026-01-16,14:02:01,ERROR,AuthService,Payment declined: Gateway unavailable,E503,Payment declined: Gateway unavailable
92107,2026-01-16,14:50:54,INFO,AuthService,Health check passed: AuthService,E102,Health check passed: {service}
92108,2026-01-16,14:30:22,ERROR,WebServer,Timeout waiting for lock on InventoryDB,E502,Timeout waiting for lock on {db}
92109,2026-01-16,14:51:43,INFO,AuthService,User u1960 login successful,E101,User {user} login successful
92110,2026-01-16,14:39:25,ERROR,OrderProcessor,Payment declined: Gateway unavailable,E503,Payment declined: Gateway unavailable
92111,2026-01-16,14:26:51,INFO,PaymentGateway,Page view: /home by u1282,E103,Page view: {page} by {user}
92112,2026-01-16,14:37:57,INFO,OrderProcessor,Health check passed: OrderProcessor,E102,Health check passed: {service}
92113,2026-01-16,14:50:10,ERROR,InventoryDB,Connection refused to InventoryDB at 10.0.0.45,E501,Connection refused to {service} at {ip}
92114,2026-01-16,14:21:29,ERROR,WebServer,Connection refused to WebServer at 10.0.0.45,E501,Connection refused to {service} at {ip}
92115,2026-01-16,14:03:18,CRITICAL,OrderProcessor,DATA CORRUPTION detected in sector 489,E602,DATA CORRUPTION detected in sector {sector}
92116,2026-01-16,14:12:12,ERROR,WebServer,Payment declined: Gateway unavailable,E503,Payment declined: Gateway unavailable
92117,2026-01-16,14:37:08,ERROR,WebServer,Timeout waiting for lock on InventoryDB,E502,Timeout waiting for lock on {db}
92118,2026-01-16,14:45:42,INFO,InventoryDB,Transaction tx547951 completed in 884ms,E104,Transaction {tx} completed in {time}ms
92119,2026-01-16,14:00:06,CRITICAL,OrderProcessor,KERNEL PANIC: Node node-4 crashed,E601,KERNEL PANIC: Node {node} crashed
92120,2026-01-16,14:47:05,CRITICAL,WebServer,KERNEL PANIC: Node node-5 crashed,E601,KERNEL PANIC: Node {node} crashed
92121,2026-01-16,14:07:10,INFO,WebServer,Transaction tx681128 completed in 1045ms,E104,Transaction {tx} completed in {time}ms
92122,2026-01-16,14:26:23,WARN,WebServer,Disk usage > 85% on node node-4,E202,Disk usage > 85% on node {node}
92123,2026-01-16,14:09:52,ERROR,WebServer,Connection refused to WebServer at 10.0.0.45,E501,Connection refused to {service} at {ip}
92124,2026-01-16,14:49:01,WARN,WebServer,High latency (852ms) detected on WebServer,E201,High latency ({time}ms) detected on {service}
92125,2026-01-16,14:13:19,CRITICAL,OrderProcessor,DATA CORRUPTION detected in sector 829,E602,DATA CORRUPTION detected in sector {sector}
92126,2026-01-16,14:23:41,WARN,WebServer,High latency (484ms) detected on WebServer,E201,High latency ({time}ms) detected on {service}
92127,2026-01-16,14:02:10,CRITICAL,PaymentGateway,DATA CORRUPTION detected in sector 622,E602,DATA CORRUPTION detected in sector {sector}
92128,2026-01-16,14:20:26,CRITICAL,WebServer,DATA CORRUPTION detected in sector 746,E602,DATA CORRUPTION detected in sector {sector}
92129,2026-01-16,14:31:56,CRITICAL,OrderProcessor,KERNEL PANIC: Node node-4 crashed,E601,KERNEL PANIC: Node {node} crashed
92130,2026-01-16,14:44:14,ERROR,PaymentGateway,Timeout waiting for lock on InventoryDB,E502,Timeout waiting for lock on {db}
92131,2026-01-16,14:11:57,ERROR,WebServer,Payment declined: Gateway unavailable,E503,Payment declined: Gateway unavailable
92132,2026-01-16,14:08:45,ERROR,WebServer,Connection refused to WebServer at 10.0.0.12,E501,Connection refused to {service} at {ip}
92133,2026-01-16,14:02:52,ERROR,OrderProcessor,Connection refused to OrderProcessor at 10.0.0.45,E501,Connection refused to {service} at {ip}
92134,2026-01-16,14:36:44,INFO,WebServer,User u3528 login successful,E101,User {user} login successful
92135,2026-01-16,14:46:46,WARN,WebServer,Unauthorized access attempt from 10.0.0.99,E401,Unauthorized access attempt from {ip}
92136,2026-01-16,14:37:19,INFO,WebServer,Health check passed: WebServer,E102,Health check passed: {service}
92137,2026-01-16,14:34:40,INFO,WebServer,Transaction tx357854 completed in 1817ms,E104,Transaction {tx} completed in {time}ms
92138,2026-01-16,14:58:08,ERROR,WebServer,Payment declined: Gateway unavailable,E503,Payment declined: Gateway unavailable
92139,2026-01-16,14:44:34,ERROR,WebServer,Payment declined: Gateway unavailable,E503,Payment declined: Gateway unavailable
92140,2026-01-16,14:18:20,ERROR,WebServer,Connection refused to WebServer at 10.0.0.88,E501,Connection refused to {service} at {ip}
92141,2026-01-16,14:55:38,ERROR,OrderProcessor,Payment declined: Gateway unavailable,E503,Payment declined: Gateway unavailable
92142,2026-01-16,14:03:46,CRITICAL,AuthService,DATA CORRUPTION detected in sector 477,E602,DATA CORRUPTION detected in sector {sector}
92143,2026-01-16,14:42:15,WARN,WebServer,High latency (65ms) detected on WebServer,E201,High latency ({time}ms) detected on {service}
92144,2026-01-16,14:57:56,INFO,AuthService,User u1279 login successful,E101,User {user} login successful
92145,2026-01-16,14:23:53,ERROR,AuthService,Timeout waiting for lock on InventoryDB,E502,Timeout waiting for lock on {db}
92146,2026-01-16,14:54:34,INFO,OrderProcessor,Page view: /home by u4461,E103,Page view: {page} by {user}
92147,2026-01-16,14:29:39,INFO,WebServer,User u3233 login successful,E101,User {user} login successful
92148,2026-01-16,14:38:05,ERROR,WebServer,Payment declined: Gateway unavailable,E503,Payment declined: Gateway unavailable
92149,2026-01-16,14:29:23,INFO,AuthService,Health check passed: AuthService,E102,Health check passed: {service}
92150,2026-01-16,14:11:58,ERROR,WebServer,Connection refused to WebServer at 10.0.0.45,E501,Connection refused to {service} at {ip}
92151,2026-01-16,14:17:05,INFO,WebServer,Page view: /home by u2110,E103,Page view: {page} by {user}
92152,2026-01-16,14:59:21,ERROR,AuthService,Payment declined: Gateway unavailable,E503,Payment declined: Gateway unavailable
92153,2026-01-16,14:22:02,CRITICAL,WebServer,DATA CORRUPTION detected in sector 895,E602,DATA CORRUPTION detected in sector {sector}
92154,2026-01-16,14:32:58,INFO,WebServer,Transaction tx256937 completed in 844ms,E104,Transaction {tx} completed in {time}ms
92155,2026-01-16,14:50:15,INFO,AuthService,Page view: /home by u1303,E103,Page view: {page} by {user}
92156,2026-01-16,14:58:34,CRITICAL,AuthService,KERNEL PANIC: Node node-3 crashed,E601,KERNEL PANIC: Node {node} crashed
92157,2026-01-16,14:24:34,ERROR,AuthService,Connection refused to AuthService at 10.0.0.45,E501,Connection refused to {service} at {ip}
92158,2026-01-16,14:21:10,INFO,PaymentGateway,Transaction tx310296 completed in 972ms,E104,Transaction {tx} completed in {time}ms
92159,2026-01-16,14:04:15,ERROR,OrderProcessor,Payment declined: Gateway unavailable,E503,Payment declined: Gateway unavailable
92160,2026-01-16,14:54:02,INFO,WebServer,Health check passed: WebServer,E102,Health check passed: {service}
92161,2026-01-16,14:18:41,ERROR,OrderProcessor,Timeout waiting for lock on InventoryDB,E502,Timeout waiting for lock on {db}
92162,2026-01-16,14:19:10,CRITICAL,WebServer,KERNEL PANIC: Node node-4 crashed,E601,KERNEL PANIC: Node {node} crashed
92163,2026-01-16,14:49:44,WARN,WebServer,Disk usage > 85% on node node-3,E202,Disk usage > 85% on node {node}
92164,2026-01-16,14:34:44,INFO,WebServer,Page view: /home by u1182,E103,Page view: {page} by {user}
92165,2026-01-16,14:27:40,ERROR,WebServer,Timeout waiting for lock on InventoryDB,E502,Timeout waiting for lock on {db}
92166,2026-01-16,14:53:48,INFO,WebServer,Page view: /home by u4507,E103,Page view: {page} by {user}
92167,2026-01-16,14:52:07,ERROR,InventoryDB,Payment declined: Gateway unavailable,E503,Payment declined: Gateway unavailable
92168,2026-01-16,14:32:39,INFO,WebServer,Page view: /home by u4782,E103,Page view: {page} by {user}
92169,2026-01-16,14:10:24,CRITICAL,AuthService,KERNEL PANIC: Node node-1 crashed,E601,KERNEL PANIC: Node {node} crashed
92170,2026-01-16,14:27:57,CRITICAL,WebServer,DATA CORRUPTION detected in sector 873,E602,DATA CORRUPTION detected in sector {sector}
92171,2026-01-16,14:16:05,ERROR,OrderProcessor,Payment declined: Gateway unavailable,E503,Payment declined: Gateway unavailable
92172,2026-01-16,14:42:02,WARN,PaymentGateway,Unauthorized access attempt from 10.0.0.45,E401,Unauthorized access attempt from {ip}
92173,2026-01-16,14:40:54,WARN,WebServer,Disk usage > 85% on node node-4,E202,Disk usage > 85% on node {node}
92174,2026-01-16,14:35:22,INFO,PaymentGateway,Page view: /home by u1252,E103,Page view: {page} by {user}
92175,2026-01-16,14:59:57,INFO,WebServer,Page view: /home by u4230,E103,Page view: {page} by {user}
92176,2026-01-16,14:59:51,WARN,WebServer,High latency (1389ms) detected on WebServer,E201,High latency ({time}ms) detected on {service}
92177,2026-01-16,14:28:31,CRITICAL,AuthService,DATA CORRUPTION detected in sector 347,E602,DATA CORRUPTION detected in sector {sector}
92178,2026-01-16,14:17:57,WARN,WebServer,Unauthorized access attempt from 10.0.0.88,E401,Unauthorized access attempt from {ip}
92179,2026-01-16,14:48:02,ERROR,AuthService,Connection refused to AuthService at 10.0.0.45,E501,Connection refused to {service} at {ip}
92180,2026-01-16,14:00:04,INFO,WebServer,Health check passed: WebServer,E102,Health check passed: {service}
92181,2026-01-16,14:03:15,ERROR,WebServer,Connection refused to WebServer at 192.168.1.5,E501,Connection refused to {service} at {ip}
92182,2026-01-16,14:23:24,ERROR,WebServer,Payment declined: Gateway unavailable,E503,Payment declined: Gateway unavailable
92183,2026-01-16,14:07:28,ERROR,OrderProcessor,Timeout waiting for lock on InventoryDB,E502,Timeout waiting for lock on {db}
92184,2026-01-16,14:30:30,INFO,InventoryDB,User u2040 login successful,E101,User {user} login successful
92185,2026-01-16,14:33:17,WARN,AuthService,Unauthorized access attempt from 10.0.0.45,E401,Unauthorized access attempt from {ip}
92186,2026-01-16,14:23:37,INFO,WebServer,Health check passed: WebServer,E102,Health check passed: {service}
92187,2026-01-16,14:02:07,INFO,WebServer,Health check passed: WebServer,E102,Health check passed: {service}
92188,2026-01-16,14:17:25,ERROR,PaymentGateway,Connection refused to PaymentGateway at 10.0.0.12,E501,Connection refused to {service} at {ip}
92189,2026-01-16,14:07:05,ERROR,WebServer,Payment declined: Gateway unavailable,E503,Payment declined: Gateway unavailable
92190,2026-01-16,14:10:50,ERROR,AuthService,Payment declined: Gateway unavailable,E503,Payment declined: Gateway unavailable
92191,2026-01-16,14:08:57,CRITICAL,PaymentGateway,DATA CORRUPTION detected in sector 385,E602,DATA CORRUPTION detected in sector {sector}
92192,2026-01-16,14:02:59,INFO,WebServer,Transaction tx168531 completed in 134ms,E104,Transaction {tx} completed in {time}ms
92193,2026-01-16,14:15:42,ERROR,PaymentGateway,Connection refused to PaymentGateway at 10.0.0.45,E501,Connection refused to {service} at {ip}
92194,2026-01-16,14:40:22,INFO,OrderProcessor,Transaction tx959295 completed in 1021ms,E104,Transaction {tx} completed in {time}ms
92195,2026-01-16,14:21:12,INFO,InventoryDB,User u2468 login successful,E101,User {user} login successful
92196,2026-01-16,14:30:38,ERROR,PaymentGateway,Timeout waiting for lock on InventoryDB,E502,Timeout waiting for lock on {db}
92197,2026-01-16,14:36:48,ERROR,InventoryDB,Connection refused to InventoryDB at 10.0.0.45,E501,Connection refused to {service} at {ip}
92198,2026-01-16,14:43:22,WARN,WebServer,High latency (1644ms) detected on WebServer,E201,High latency ({time}ms) detected on {service}
92199,2026-01-16,14:59:34,CRITICAL,WebServer,DATA CORRUPTION detected in sector 643,E602,DATA CORRUPTION detected in sector {sector}
92200,2026-01-16,14:23:57,WARN,WebServer,Unauthorized access attempt from 10.0.0.45,E401,Unauthorized access attempt from {ip}
92201,2026-01-16,14:27:19,WARN,PaymentGateway,Unauthorized access attempt from 10.0.0.45,E401,Unauthorized access attempt from {ip}
92202,2026-01-16,14:45:17,ERROR,OrderProcessor,Payment declined: Gateway unavailable,E503,Payment declined: Gateway unavailable
92203,2026-01-16,14:29:14,ERROR,WebServer,Payment declined: Gateway unavailable,E503,Payment declined: Gateway unavailable
92204,2026-01-16,14:12:29,WARN,AuthService,High latency (1294ms) detected on AuthService,E201,High latency ({time}ms) detected on {service}
92205,2026-01-16,14:09:50,CRITICAL,WebServer,DATA CORRUPTION detected in sector 217,E602,DATA CORRUPTION detected in sector {sector}
92206,2026-01-16,14:56:46,ERROR,InventoryDB,Timeout waiting for lock on InventoryDB,E502,Timeout waiting for lock on {db}
92207,2026-01-16,14:10:16,ERROR,WebServer,Timeout waiting for lock on InventoryDB,E502,Timeout waiting for lock on {db}
92208,2026-01-16,14:33:04,ERROR,OrderProcessor,Timeout waiting for lock on InventoryDB,E502,Timeout waiting for lock on {db}
92209,2026-01-16,14:17:54,WARN,WebServer,High latency (1208ms) detected on WebServer,E201,High latency ({time}ms) detected on {service}
92210,2026-01-16,14:41:51,ERROR,AuthService,Connection refused to AuthService at 10.0.0.45,E501,Connection refused to {service} at {ip}
92211,2026-01-16,14:39:56,ERROR,WebServer,Timeout waiting for lock on InventoryDB,E502,Timeout waiting for lock on {db}
92212,2026-01-16,14:33:43,ERROR,PaymentGateway,Connection refused to PaymentGateway at 10.0.0.45,E501,Connection refused to {service} at {ip}
92213,2026-01-16,14:35:37,INFO,AuthService,Transaction tx922891 completed in 680ms,E104,Transaction {tx} completed in {time}ms
92214,2026-01-16,14:21:15,WARN,WebServer,Disk usage > 85% on node node-1,E202,Disk usage > 85% on node {node}
92215,2026-01-16,14:53:53,WARN,WebServer,Unauthorized access attempt from 10.0.0.45,E401,Unauthorized access attempt from {ip}
92216,2026-01-16,14:22:27,WARN,WebServer,High latency (941ms) detected on WebServer,E201,High latency ({time}ms) detected on {service}
92217,2026-01-16,14:54:11,ERROR,WebServer,Timeout waiting for lock on InventoryDB,E502,Timeout waiting for lock on {db}
92218,2026-01-16,14:10:43,WARN,AuthService,High latency (902ms) detected on AuthService,E201,High latency ({time}ms) detected on {service}
92219,2026-01-16,14:27:24,ERROR,WebServer,Payment declined: Gateway unavailable,E503,Payment declined: Gateway unavailable
92220,2026-01-16,14:39:30,ERROR,WebServer,Connection refused to WebServer at 10.0.0.12,E501,Connection refused to {service} at {ip}
92221,2026-01-16,14:45:36,ERROR,WebServer,Payment declined: Gateway unavailable,E503,Payment declined: Gateway unavailable
92222,2026-01-16,14:01:31,INFO,WebServer,User u1079 login successful,E101,User {user} login successful
92223,2026-01-16,14:41:29,INFO,WebServer,User u2638 login successful,E101,User {user} login successful
92224,2026-01-16,14:59:34,ERROR,WebServer,Timeout waiting for lock on InventoryDB,E502,Timeout waiting for lock on {db}
92225,2026-01-16,14:48:46,ERROR,PaymentGateway,Connection refused to PaymentGateway at 10.0.0.45,E501,Connection refused to {service} at {ip}
92226,2026-01-16,14:23:15,WARN,WebServer,Unauthorized access attempt from 10.0.0.45,E401,Unauthorized access attempt from {ip}
92227,2026-01-16,14:31:27,WARN,OrderProcessor,Unauthorized access attempt from 10.0.0.12,E401,Unauthorized access attempt from {ip}
92228,2026-01-16,14:33:14,ERROR,WebServer,Payment declined: Gateway unavailable,E503,Payment declined: Gateway unavailable
92229,2026-01-16,14:22:44,INFO,WebServer,Page view: /home by u4119,E103,Page view: {page} by {user}
92230,2026-01-16,14:26:23,CRITICAL,AuthService,DATA CORRUPTION detected in sector 501,E602,DATA CORRUPTION detected in sector {sector}
92231,2026-01-16,14:42:29,ERROR,AuthService,Connection refused to AuthService at 10.0.0.45,E501,Connection refused to {service} at {ip}
92232,2026-01-16,14:27:52,CRITICAL,WebServer,KERNEL PANIC: Node node-1 crashed,E601,KERNEL PANIC: Node {node} crashed
92233,2026-01-16,14:06:13,CRITICAL,WebServer,DATA CORRUPTION detected in sector 596,E602,DATA CORRUPTION detected in sector {sector}
92234,2026-01-16,14:27:03,WARN,WebServer,Disk usage > 85% on node node-1,E202,Disk usage > 85% on node {node}
92235,2026-01-16,14:29:19,ERROR,WebServer,Timeout waiting for lock on InventoryDB,E502,Timeout waiting for lock on {db}
92236,2026-01-16,14:36:40,INFO,WebServer,Page view: /home by u3730,E103,Page view: {page} by {user}
92237,2026-01-16,14:09:16,ERROR,AuthService,Payment declined: Gateway unavailable,E503,Payment declined: Gateway unavailable
92238,2026-01-16,14:09:29,INFO,PaymentGateway,Page view: /home by u2334,E103,Page view: {page} by {user}
92239,2026-01-16,14:21:40,ERROR,AuthService,Payment declined: Gateway unavailable,E503,Payment declined: Gateway unavailable
92240,2026-01-16,14:41:45,ERROR,PaymentGateway,Payment declined: Gateway unavailable,E503,Payment declined: Gateway unavailable
92241,2026-01-16,14:08:51,CRITICAL,WebServer,KERNEL PANIC: Node node-5 crashed,E601,KERNEL PANIC: Node {node} crashed
92242,2026-01-16,14:44:11,CRITICAL,WebServer,DATA CORRUPTION detected in sector 639,E602,DATA CORRUPTION detected in sector {sector}
92243,2026-01-16,14:19:11,ERROR,PaymentGateway,Timeout waiting for lock on InventoryDB,E502,Timeout waiting for lock on {db}
92244,2026-01-16,14:28:03,INFO,WebServer,Health check passed: WebServer,E102,Health check passed: {service}
92245,2026-01-16,14:39:42,WARN,AuthService,Unauthorized access attempt from 10.0.0.12,E401,Unauthorized access attempt from {ip}
92246,2026-01-16,14:46:25,INFO,WebServer,Page view: /home by u1744,E103,Page view: {page} by {user}
92247,2026-01-16,14:02:05,ERROR,AuthService,Payment declined: Gateway unavailable,E503,Payment declined: Gateway unavailable
92248,2026-01-16,14:29:28,INFO,WebServer,Health check passed: WebServer,E102,Health check passed: {service}
92249,2026-01-16,14:58:12,ERROR,WebServer,Connection refused to WebServer at 10.0.0.12,E501,Connection refused to {service} at {ip}
92250,2026-01-16,14:57:17,INFO,AuthService,Health check passed: AuthService,E102,Health check passed: {service}
92251,2026-01-16,14:24:10,INFO,WebServer,User u4481 login successful,E101,User {user} login successful
92252,2026-01-16,14:59:09,ERROR,OrderProcessor,Payment declined: Gateway unavailable,E503,Payment declined: Gateway unavailable
92253,2026-01-16,14:24:06,ERROR,InventoryDB,Payment declined: Gateway unavailable,E503,Payment declined: Gateway unavailable
92254,2026-01-16,14:06:39,WARN,WebServer,Disk usage > 85% on node node-1,E202,Disk usage > 85% on node {node}
92255,2026-01-16,14:19:00,INFO,WebServer,Health check passed: WebServer,E102,Health check passed: {service}
92256,2026-01-16,14:52:45,ERROR,OrderProcessor,Payment declined: Gateway unavailable,E503,Payment declined: Gateway unavailable
92257,2026-01-16,14:48:51,WARN,AuthService,High latency (1975ms) detected on AuthService,E201,High latency ({time}ms) detected on {service}
92258,2026-01-16,14:02:48,INFO,WebServer,Page view: /home by u1330,E103,Page view: {page} by {user}
92259,2026-01-16,14:54:05,INFO,WebServer,User u2717 login successful,E101,User {user} login successful
92260,2026-01-16,14:48:02,ERROR,WebServer,Connection refused to WebServer at 10.0.0.88,E501,Connection refused to {service} at {ip}
92261,2026-01-16,14:40:49,WARN,AuthService,High latency (1645ms) detected on AuthService,E201,High latency ({time}ms) detected on {service}
92262,2026-01-16,14:51:18,INFO,WebServer,Transaction tx445720 completed in 96ms,E104,Transaction {tx} completed in {time}ms
92263,2026-01-16,14:33:30,ERROR,InventoryDB,Payment declined: Gateway unavailable,E503,Payment declined: Gateway unavailable
92264,2026-01-16,14:21:06,ERROR,OrderProcessor,Connection refused to OrderProcessor at 10.0.0.45,E501,Connection refused to {service} at {ip}
92265,2026-01-16,14:17:26,WARN,AuthService,Unauthorized access attempt from 10.0.0.99,E401,Unauthorized access attempt from {ip}
92266,2026-01-16,14:48:24,ERROR,WebServer,Connection refused to WebServer at 10.0.0.45,E501,Connection refused to {service} at {ip}
92267,2026-01-16,14:10:32,ERROR,PaymentGateway,Timeout waiting for lock on InventoryDB,E502,Timeout waiting for lock on {db}
92268,2026-01-16,14:30:51,WARN,WebServer,Disk usage > 85% on node node-1,E202,Disk usage > 85% on node {node}
92269,2026-01-16,14:37:18,ERROR,WebServer,Connection refused to WebServer at 10.0.0.45,E501,Connection refused to {service} at {ip}
92270,2026-01-16,14:07:42,CRITICAL,AuthService,KERNEL PANIC: Node node-5 crashed,E601,KERNEL PANIC: Node {node} crashed
92271,2026-01-16,14:10:41,ERROR,AuthService,Payment declined: Gateway unavailable,E503,Payment declined: Gateway unavailable
92272,2026-01-16,14:13:24,ERROR,OrderProcessor,Payment declined: Gateway unavailable,E503,Payment declined: Gateway unavailable
92273,2026-01-16,14:30:28,CRITICAL,WebServer,DATA CORRUPTION detected in sector 219,E602,DATA CORRUPTION detected in sector {sector}
92274,2026-01-16,14:57:35,ERROR,WebServer,Connection refused to WebServer at 10.0.0.99,E501,Connection refused to {service} at {ip}
92275,2026-01-16,14:13:23,INFO,AuthService,Transaction tx243786 completed in 963ms,E104,Transaction {tx} completed in {time}ms
92276,2026-01-16,14:15:18,INFO,WebServer,User u1655 login successful,E101,User {user} login successful
92277,2026-01-16,14:54:03,INFO,AuthService,Transaction tx886472 completed in 1751ms,E104,Transaction {tx} completed in {time}ms
92278,2026-01-16,14:01:42,INFO,WebServer,Health check passed: WebServer,E102,Health check passed: {service}
92279,2026-01-16,14:01:34,INFO,OrderProcessor,Health check passed: OrderProcessor,E102,Health check passed: {service}
92280,2026-01-16,14:34:50,ERROR,WebServer,Connection refused to WebServer at 10.0.0.45,E501,Connection refused to {service} at {ip}
92281,2026-01-16,14:49:25,ERROR,WebServer,Payment declined: Gateway unavailable,E503,Payment declined: Gateway unavailable
92282,2026-01-16,14:48:53,INFO,WebServer,Page view: /home by u4103,E103,Page view: {page} by {user}
92283,2026-01-16,14:25:19,INFO,AuthService,User u1319 login successful,E101,User {user} login successful
92284,2026-01-16,14:42:54,ERROR,WebServer,Timeout waiting for lock on InventoryDB,E502,Timeout waiting for lock on {db}
92285,2026-01-16,14:56:10,INFO,WebServer,Transaction tx871235 completed in 215ms,E104,Transaction {tx} completed in {time}ms
92286,2026-01-16,14:42:59,ERROR,InventoryDB,Timeout waiting for lock on InventoryDB,E502,Timeout waiting for lock on {db}
92287,2026-01-16,14:27:21,CRITICAL,OrderProcessor,KERNEL PANIC: Node node-1 crashed,E601,KERNEL PANIC: Node {node} crashed
92288,2026-01-16,14:14:36,ERROR,WebServer,Timeout waiting for lock on InventoryDB,E502,Timeout waiting for lock on {db}
92289,2026-01-16,14:08:56,INFO,AuthService,Page view: /home by u2610,E103,Page view: {page} by {user}
92290,2026-01-16,14:38:38,ERROR,WebServer,Connection refused to WebServer at 192.168.1.5,E501,Connection refused to {service} at {ip}
92291,2026-01-16,14:14:29,ERROR,WebServer,Payment declined: Gateway unavailable,E503,Payment declined: Gateway unavailable
92292,2026-01-16,14:08:47,ERROR,InventoryDB,Connection refused to InventoryDB at 10.0.0.12,E501,Connection refused to {service} at {ip}
92293,2026-01-16,14:56:21,ERROR,WebServer,Connection refused to WebServer at 10.0.0.45,E501,Connection refused to {service} at {ip}
92294,2026-01-16,14:24:00,ERROR,WebServer,Timeout waiting for lock on InventoryDB,E502,Timeout waiting for lock on {db}
92295,2026-01-16,14:39:05,ERROR,AuthService,Timeout waiting for lock on InventoryDB,E502,Timeout waiting for lock on {db}
92296,2026-01-16,14:37:18,WARN,AuthService,Disk usage > 85% on node node-4,E202,Disk usage > 85% on node {node}
92297,2026-01-16,14:48:53,ERROR,AuthService,Connection refused to AuthService at 10.0.0.45,E501,Connection refused to {service} at {ip}
92298,2026-01-16,14:04:10,WARN,WebServer,High latency (1104ms) detected on WebServer,E201,High latency ({time}ms) detected on {service}
92299,2026-01-16,14:38:24,CRITICAL,AuthService,KERNEL PANIC: Node node-4 crashed,E601,KERNEL PANIC: Node {node} crashed
92300,2026-01-16,14:57:23,CRITICAL,AuthService,KERNEL PANIC: Node node-3 crashed,E601,KERNEL PANIC: Node {node} crashed
92301,2026-01-16,14:11:35,WARN,AuthService,High latency (1696ms) detected on AuthService,E201,High latency ({time}ms) detected on {service}
92302,2026-01-16,14:55:05,INFO,AuthService,Health check passed: AuthService,E102,Health check passed: {service}
92303,2026-01-16,14:16:54,WARN,AuthService,High latency (1693ms) detected on AuthService,E201,High latency ({time}ms) detected on {service}
92304,2026-01-16,14:40:23,WARN,InventoryDB,Disk usage > 85% on node node-5,E202,Disk usage > 85% on node {node}
92305,2026-01-16,14:33:49,INFO,WebServer,Health check passed: WebServer,E102,Health check passed: {service}
92306,2026-01-16,14:57:47,CRITICAL,WebServer,KERNEL PANIC: Node node-2 crashed,E601,KERNEL PANIC: Node {node} crashed
92307,2026-01-16,14:32:57,ERROR,WebServer,Payment declined: Gateway unavailable,E503,Payment declined: Gateway unavailable
92308,2026-01-16,14:28:14,INFO,PaymentGateway,User u4274 login successful,E101,User {user} login successful
92309,2026-01-16,14:41:25,ERROR,OrderProcessor,Timeout waiting for lock on InventoryDB,E502,Timeout waiting for lock on {db}
92310,2026-01-16,14:45:08,WARN,AuthService,High latency (1172ms) detected on AuthService,E201,High latency ({time}ms) detected on {service}
92311,2026-01-16,14:36:47,INFO,WebServer,Transaction tx406552 completed in 1476ms,E104,Transaction {tx} completed in {time}ms
92312,2026-01-16,14:38:27,ERROR,WebServer,Payment declined: Gateway unavailable,E503,Payment declined: Gateway unavailable
92313,2026-01-16,14:43:59,ERROR,WebServer,Timeout waiting for lock on InventoryDB,E502,Timeout waiting for lock on {db}
92314,2026-01-16,14:26:42,ERROR,InventoryDB,Connection refused to InventoryDB at 10.0.0.45,E501,Connection refused to {service} at {ip}
92315,2026-01-16,14:42:12,WARN,WebServer,Unauthorized access attempt from 10.0.0.12,E401,Unauthorized access attempt from {ip}
92316,2026-01-16,14:54:55,WARN,WebServer,Disk usage > 85% on node node-5,E202,Disk usage > 85% on node {node}
92317,2026-01-16,14:53:13,ERROR,PaymentGateway,Payment declined: Gateway unavailable,E503,Payment declined: Gateway unavailable
92318,2026-01-16,14:34:53,INFO,InventoryDB,User u3506 login successful,E101,User {user} login successful
92319,2026-01-16,14:19:54,INFO,AuthService,Health check passed: AuthService,E102,Health check passed: {service}
92320,2026-01-16,14:05:24,ERROR,WebServer,Connection refused to WebServer at 10.0.0.10,E501,Connection refused to {service} at {ip}
92321,2026-01-16,14:03:13,ERROR,WebServer,Timeout waiting for lock on InventoryDB,E502,Timeout waiting for lock on {db}
92322,2026-01-16,14:08:48,ERROR,AuthService,Connection refused to AuthService at 10.0.0.45,E501,Connection refused to {service} at {ip}
92323,2026-01-16,14:43:56,INFO,WebServer,Transaction tx709436 completed in 189ms,E104,Transaction {tx} completed in {time}ms
92324,2026-01-16,14:12:55,ERROR,OrderProcessor,Payment declined: Gateway unavailable,E503,Payment declined: Gateway unavailable
92325,2026-01-16,14:23:20,CRITICAL,OrderProcessor,DATA CORRUPTION detected in sector 646,E602,DATA CORRUPTION detected in sector {sector}
92326,2026-01-16,14:43:07,WARN,AuthService,Disk usage > 85% on node node-1,E202,Disk usage > 85% on node {node}
92327,2026-01-16,14:42:18,INFO,AuthService,Transaction tx802926 completed in 946ms,E104,Transaction {tx} completed in {time}ms
92328,2026-01-16,14:29:21,ERROR,WebServer,Connection refused to WebServer at 10.0.0.12,E501,Connection refused to {service} at {ip}
92329,2026-01-16,14:13:22,WARN,AuthService,Unauthorized access attempt from 10.0.0.45,E401,Unauthorized access attempt from {ip}
92330,2026-01-16,14:10:43,ERROR,WebServer,Payment declined: Gateway unavailable,E503,Payment declined: Gateway unavailable
92331,2026-01-16,14:55:08,ERROR,WebServer,Timeout waiting for lock on InventoryDB,E502,Timeout waiting for lock on {db}
92332,2026-01-16,14:09:50,WARN,WebServer,Disk usage > 85% on node node-5,E202,Disk usage > 85% on node {node}
92333,2026-01-16,14:00:49,ERROR,WebServer,Timeout waiting for lock on InventoryDB,E502,Timeout waiting for lock on {db}
92334,2026-01-16,14:17:05,ERROR,WebServer,Timeout waiting for lock on InventoryDB,E502,Timeout waiting for lock on {db}
92335,2026-01-16,14:46:31,INFO,OrderProcessor,Page view: /home by u2389,E103,Page view: {page} by {user}
92336,2026-01-16,14:22:35,INFO,WebServer,Page view: /home by u2890,E103,Page view: {page} by {user}
92337,2026-01-16,14:54:48,ERROR,PaymentGateway,Timeout waiting for lock on InventoryDB,E502,Timeout waiting for lock on {db}
92338,2026-01-16,14:07:43,WARN,WebServer,High latency (154ms) detected on WebServer,E201,High latency ({time}ms) detected on {service}
92339,2026-01-16,14:50:26,ERROR,AuthService,Connection refused to AuthService at 10.0.0.12,E501,Connection refused to {service} at {ip}
92340,2026-01-16,14:06:06,INFO,AuthService,Page view: /home by u2990,E103,Page view: {page} by {user}
92341,2026-01-16,14:14:51,ERROR,WebServer,Payment declined: Gateway unavailable,E503,Payment declined: Gateway unavailable
92342,2026-01-16,14:49:45,INFO,OrderProcessor,Health check passed: OrderProcessor,E102,Health check passed: {service}
92343,2026-01-16,14:09:13,ERROR,WebServer,Connection refused to WebServer at 10.0.0.45,E501,Connection refused to {service} at {ip}
92344,2026-01-16,14:26:08,INFO,WebServer,Page view: /home by u4067,E103,Page view: {page} by {user}
92345,2026-01-16,14:00:27,INFO,PaymentGateway,Health check passed: PaymentGateway,E102,Health check passed: {service}
92346,2026-01-16,14:57:25,ERROR,WebServer,Connection refused to WebServer at 10.0.0.88,E501,Connection refused to {service} at {ip}
92347,2026-01-16,14:11:16,WARN,OrderProcessor,Unauthorized access attempt from 10.0.0.45,E401,Unauthorized access attempt from {ip}
92348,2026-01-16,14:05:55,ERROR,WebServer,Connection refused to WebServer at 10.0.0.45,E501,Connection refused to {service} at {ip}
92349,2026-01-16,14:11:25,WARN,PaymentGateway,High latency (420ms) detected on PaymentGateway,E201,High latency ({time}ms) detected on {service}
92350,2026-01-16,14:17:03,INFO,WebServer,User u3335 login successful,E101,User {user} login successful
92351,2026-01-16,14:21:22,ERROR,WebServer,Connection refused to WebServer at 10.0.0.45,E501,Connection refused to {service} at {ip}
92352,2026-01-16,14:07:28,ERROR,WebServer,Payment declined: Gateway unavailable,E503,Payment declined: Gateway unavailable
92353,2026-01-16,14:07:19,ERROR,WebServer,Timeout waiting for lock on InventoryDB,E502,Timeout waiting for lock on {db}
92354,2026-01-16,14:42:49,ERROR,AuthService,Connection refused to AuthService at 10.0.0.45,E501,Connection refused to {service} at {ip}
92355,2026-01-16,14:08:58,CRITICAL,PaymentGateway,DATA CORRUPTION detected in sector 351,E602,DATA CORRUPTION detected in sector {sector}
92356,2026-01-16,14:42:39,CRITICAL,WebServer,DATA CORRUPTION detected in sector 828,E602,DATA CORRUPTION detected in sector {sector}
92357,2026-01-16,14:17:55,ERROR,WebServer,Timeout waiting for lock on InventoryDB,E502,Timeout waiting for lock on {db}
92358,2026-01-16,14:09:23,INFO,WebServer,Page view: /home by u2435,E103,Page view: {page} by {user}
92359,2026-01-16,14:36:10,WARN,WebServer,Unauthorized access attempt from 10.0.0.45,E401,Unauthorized access attempt from {ip}
92360,2026-01-16,14:26:30,ERROR,PaymentGateway,Connection refused to PaymentGateway at 10.0.0.45,E501,Connection refused to {service} at {ip}
92361,2026-01-16,14:34:07,CRITICAL,AuthService,KERNEL PANIC: Node node-5 crashed,E601,KERNEL PANIC: Node {node} crashed
92362,2026-01-16,14:28:47,INFO,OrderProcessor,Page view: /home by u2405,E103,Page view: {page} by {user}
92363,2026-01-16,14:11:25,INFO,OrderProcessor,Health check passed: OrderProcessor,E102,Health check passed: {service}
92364,2026-01-16,14:07:17,INFO,OrderProcessor,Page view: /home by u4501,E103,Page view: {page} by {user}
92365,2026-01-16,14:07:10,ERROR,OrderProcessor,Payment declined: Gateway unavailable,E503,Payment declined: Gateway unavailable
92366,2026-01-16,14:27:26,CRITICAL,WebServer,KERNEL PANIC: Node node-3 crashed,E601,KERNEL PANIC: Node {node} crashed
92367,2026-01-16,14:54:22,ERROR,WebServer,Payment declined: Gateway unavailable,E503,Payment declined: Gateway unavailable
92368,2026-01-16,14:20:09,WARN,WebServer,High latency (172ms) detected on WebServer,E201,High latency ({time}ms) detected on {service}
92369,2026-01-16,14:43:54,ERROR,AuthService,Timeout waiting for lock on InventoryDB,E502,Timeout waiting for lock on {db}
92370,2026-01-16,14:21:52,WARN,WebServer,High latency (1782ms) detected on WebServer,E201,High latency ({time}ms) detected on {service}
92371,2026-01-16,14:43:44,ERROR,WebServer,Connection refused to WebServer at 10.0.0.45,E501,Connection refused to {service} at {ip}
92372,2026-01-16,14:34:55,WARN,WebServer,High latency (1436ms) detected on WebServer,E201,High latency ({time}ms) detected on {service}
92373,2026-01-16,14:06:44,ERROR,AuthService,Connection refused to AuthService at 10.0.0.45,E501,Connection refused to {service} at {ip}
92374,2026-01-16,14:45:27,CRITICAL,WebServer,DATA CORRUPTION detected in sector 772,E602,DATA CORRUPTION detected in sector {sector}
92375,2026-01-16,14:04:32,INFO,WebServer,User u3833 login successful,E101,User {user} login successful
92376,2026-01-16,14:54:51,ERROR,AuthService,Payment declined: Gateway unavailable,E503,Payment declined: Gateway unavailable
92377,2026-01-16,14:50:20,ERROR,InventoryDB,Payment declined: Gateway unavailable,E503,Payment declined: Gateway unavailable
92378,2026-01-16,14:57:21,WARN,AuthService,High latency (1959ms) detected on AuthService,E201,High latency ({time}ms) detected on {service}
92379,2026-01-16,14:55:38,INFO,OrderProcessor,Transaction tx587486 completed in 1456ms,E104,Transaction {tx} completed in {time}ms
92380,2026-01-16,14:03:54,WARN,WebServer,Unauthorized access attempt from 10.0.0.45,E401,Unauthorized access attempt from {ip}
92381,2026-01-16,14:08:07,INFO,WebServer,Health check passed: WebServer,E102,Health check passed: {service}
92382,2026-01-16,14:34:54,INFO,WebServer,Health check passed: WebServer,E102,Health check passed: {service}
92383,2026-01-16,14:13:22,WARN,WebServer,Unauthorized access attempt from 10.0.0.45,E401,Unauthorized access attempt from {ip}
92384,2026-01-16,14:41:41,ERROR,WebServer,Payment declined: Gateway unavailable,E503,Payment declined: Gateway unavailable
92385,2026-01-16,14:05:55,WARN,WebServer,Disk usage > 85% on node node-5,E202,Disk usage > 85% on node {node}
92386,2026-01-16,14:32:14,CRITICAL,WebServer,KERNEL PANIC: Node node-5 crashed,E601,KERNEL PANIC: Node {node} crashed
92387,2026-01-16,14:10:51,INFO,AuthService,Health check passed: AuthService,E102,Health check passed: {service}
92388,2026-01-16,14:02:53,ERROR,OrderProcessor,Payment declined: Gateway unavailable,E503,Payment declined: Gateway unavailable
92389,2026-01-16,14:28:01,CRITICAL,WebServer,DATA CORRUPTION detected in sector 957,E602,DATA CORRUPTION detected in sector {sector}
92390,2026-01-16,14:02:29,ERROR,WebServer,Payment declined: Gateway unavailable,E503,Payment declined: Gateway unavailable
92391,2026-01-16,14:13:13,WARN,OrderProcessor,Unauthorized access attempt from 10.0.0.45,E401,Unauthorized access attempt from {ip}
92392,2026-01-16,14:12:07,INFO,InventoryDB,User u1509 login successful,E101,User {user} login successful
92393,2026-01-16,14:31:29,INFO,WebServer,Transaction tx633950 completed in 877ms,E104,Transaction {tx} completed in {time}ms
92394,2026-01-16,14:16:44,INFO,WebServer,Health check passed: WebServer,E102,Health check passed: {service}
92395,2026-01-16,14:12:34,INFO,WebServer,Page view: /home by u4723,E103,Page view: {page} by {user}
92396,2026-01-16,14:31:53,WARN,OrderProcessor,Unauthorized access attempt from 10.0.0.10,E401,Unauthorized access attempt from {ip}
92397,2026-01-16,14:56:52,WARN,PaymentGateway,Disk usage > 85% on node node-4,E202,Disk usage > 85% on node {node}
92398,2026-01-16,14:05:42,INFO,WebServer,Health check passed: WebServer,E102,Health check passed: {service}
92399,2026-01-16,14:32:11,ERROR,WebServer,Timeout waiting for lock on InventoryDB,E502,Timeout waiting for lock on {db}
92400,2026-01-16,14:50:01,ERROR,WebServer,Payment declined: Gateway unavailable,E503,Payment declined: Gateway unavailable
92401,2026-01-16,14:13:13,INFO,OrderProcessor,Transaction tx126739 completed in 1038ms,E104,Transaction {tx} completed in {time}ms
92402,2026-01-16,14:25:52,INFO,WebServer,Transaction tx224001 completed in 282ms,E104,Transaction {tx} completed in {time}ms
92403,2026-01-16,14:40:29,INFO,WebServer,User u4538 login successful,E101,User {user} login successful
92404,2026-01-16,14:33:28,WARN,WebServer,Unauthorized access attempt from 10.0.0.45,E401,Unauthorized access attempt from {ip}
92405,2026-01-16,14:19:51,INFO,InventoryDB,User u2116 login successful,E101,User {user} login successful
92406,2026-01-16,14:46:00,WARN,WebServer,High latency (1316ms) detected on WebServer,E201,High latency ({time}ms) detected on {service}
92407,2026-01-16,14:02:03,CRITICAL,WebServer,DATA CORRUPTION detected in sector 612,E602,DATA CORRUPTION detected in sector {sector}
92408,2026-01-16,14:34:41,ERROR,OrderProcessor,Payment declined: Gateway unavailable,E503,Payment declined: Gateway unavailable
92409,2026-01-16,14:08:58,INFO,WebServer,Health check passed: WebServer,E102,Health check passed: {service}
92410,2026-01-16,14:44:25,ERROR,WebServer,Timeout waiting for lock on InventoryDB,E502,Timeout waiting for lock on {db}
92411,2026-01-16,14:08:40,CRITICAL,WebServer,KERNEL PANIC: Node node-5 crashed,E601,KERNEL PANIC: Node {node} crashed
92412,2026-01-16,14:48:35,ERROR,WebServer,Payment declined: Gateway unavailable,E503,Payment declined: Gateway unavailable
92413,2026-01-16,14:03:19,ERROR,WebServer,Timeout waiting for lock on InventoryDB,E502,Timeout waiting for lock on {db}
92414,2026-01-16,14:12:12,WARN,WebServer,Unauthorized access attempt from 10.0.0.45,E401,Unauthorized access attempt from {ip}
92415,2026-01-16,14:36:58,INFO,PaymentGateway,Transaction tx718443 completed in 218ms,E104,Transaction {tx} completed in {time}ms
92416,2026-01-16,14:58:03,ERROR,OrderProcessor,Connection refused to OrderProcessor at 10.0.0.45,E501,Connection refused to {service} at {ip}
92417,2026-01-16,14:11:51,INFO,WebServer,Health check passed: WebServer,E102,Health check passed: {service}
92418,2026-01-16,14:34:12,INFO,WebServer,Transaction tx788117 completed in 1762ms,E104,Transaction {tx} completed in {time}ms
92419,2026-01-16,14:38:15,INFO,WebServer,Health check passed: WebServer,E102,Health check passed: {service}
92420,2026-01-16,14:32:40,WARN,WebServer,Unauthorized access attempt from 10.0.0.45,E401,Unauthorized access attempt from {ip}
92421,2026-01-16,14:45:09,ERROR,AuthService,Connection refused to AuthService at 10.0.0.99,E501,Connection refused to {service} at {ip}
92422,2026-01-16,14:57:04,ERROR,WebServer,Payment declined: Gateway unavailable,E503,Payment declined: Gateway unavailable
92423,2026-01-16,14:00:33,ERROR,PaymentGateway,Timeout waiting for lock on InventoryDB,E502,Timeout waiting for lock on {db}
92424,2026-01-16,14:30:36,INFO,OrderProcessor,Page view: /home by u3899,E103,Page view: {page} by {user}
92425,2026-01-16,14:47:10,INFO,WebServer,Page view: /home by u2951,E103,Page view: {page} by {user}
92426,2026-01-16,14:48:45,INFO,WebServer,User u2988 login successful,E101,User {user} login successful
92427,2026-01-16,14:49:02,ERROR,AuthService,Connection refused to AuthService at 10.0.0.45,E501,Connection refused to {service} at {ip}
92428,2026-01-16,14:19:30,INFO,WebServer,Transaction tx845581 completed in 1496ms,E104,Transaction {tx} completed in {time}ms
92429,2026-01-16,14:09:37,INFO,WebServer,User u1123 login successful,E101,User {user} login successful
92430,2026-01-16,14:25:24,INFO,AuthService,Page view: /home by u2630,E103,Page view: {page} by {user}
92431,2026-01-16,14:28:47,ERROR,WebServer,Timeout waiting for lock on InventoryDB,E502,Timeout waiting for lock on {db}
92432,2026-01-16,14:34:51,INFO,WebServer,Transaction tx266897 completed in 1580ms,E104,Transaction {tx} completed in {time}ms
92433,2026-01-16,14:00:28,INFO,AuthService,User u2593 login successful,E101,User {user} login successful
92434,2026-01-16,14:16:07,ERROR,WebServer,Timeout waiting for lock on InventoryDB,E502,Timeout waiting for lock on {db}
92435,2026-01-16,14:01:02,CRITICAL,WebServer,KERNEL PANIC: Node node-1 crashed,E601,KERNEL PANIC: Node {node} crashed
92436,2026-01-16,14:36:07,ERROR,WebServer,Connection refused to WebServer at 10.0.0.12,E501,Connection refused to {service} at {ip}
92437,2026-01-16,14:36:43,ERROR,AuthService,Payment declined: Gateway unavailable,E503,Payment declined: Gateway unavailable
92438,2026-01-16,14:34:40,INFO,WebServer,Health check passed: WebServer,E102,Health check passed: {service}
92439,2026-01-16,14:41:18,INFO,InventoryDB,User u2330 login successful,E101,User {user} login successful
92440,2026-01-16,14:39:03,ERROR,OrderProcessor,Timeout waiting for lock on InventoryDB,E502,Timeout waiting for lock on {db}
92441,2026-01-16,14:58:16,INFO,OrderProcessor,Transaction tx261585 completed in 66ms,E104,Transaction {tx} completed in {time}ms
92442,2026-01-16,14:41:10,ERROR,OrderProcessor,Timeout waiting for lock on InventoryDB,E502,Timeout waiting for lock on {db}
92443,2026-01-16,14:44:57,WARN,WebServer,High latency (1918ms) detected on WebServer,E201,High latency ({time}ms) detected on {service}
92444,2026-01-16,14:45:57,INFO,WebServer,Transaction tx907976 completed in 965ms,E104,Transaction {tx} completed in {time}ms
92445,2026-01-16,14:18:53,INFO,AuthService,Page view: /home by u2694,E103,Page view: {page} by {user}
92446,2026-01-16,14:22:03,WARN,WebServer,Unauthorized access attempt from 10.0.0.88,E401,Unauthorized access attempt from {ip}
92447,2026-01-16,14:16:19,INFO,WebServer,User u1462 login successful,E101,User {user} login successful
92448,2026-01-16,14:43:39,ERROR,WebServer,Payment declined: Gateway unavailable,E503,Payment declined: Gateway unavailable
92449,2026-01-16,14:22:13,WARN,WebServer,Disk usage > 85% on node node-5,E202,Disk usage > 85% on node {node}
92450,2026-01-16,14:22:06,ERROR,PaymentGateway,Connection refused to PaymentGateway at 10.0.0.45,E501,Connection refused to {service} at {ip}
92451,2026-01-16,14:43:06,WARN,WebServer,Disk usage > 85% on node node-4,E202,Disk usage > 85% on node {node}
92452,2026-01-16,14:28:33,WARN,WebServer,High latency (1319ms) detected on WebServer,E201,High latency ({time}ms) detected on {service}
92453,2026-01-16,14:38:16,ERROR,AuthService,Payment declined: Gateway unavailable,E503,Payment declined: Gateway unavailable
92454,2026-01-16,14:57:24,ERROR,WebServer,Payment declined: Gateway unavailable,E503,Payment declined: Gateway unavailable
92455,2026-01-16,14:49:26,ERROR,WebServer,Payment declined: Gateway unavailable,E503,Payment declined: Gateway unavailable
92456,2026-01-16,14:33:00,CRITICAL,WebServer,KERNEL PANIC: Node node-2 crashed,E601,KERNEL PANIC: Node {node} crashed
92457,2026-01-16,14:15:57,ERROR,OrderProcessor,Connection refused to OrderProcessor at 10.0.0.45,E501,Connection refused to {service} at {ip}
92458,2026-01-16,14:24:13,WARN,AuthService,Unauthorized access attempt from 10.0.0.45,E401,Unauthorized access attempt from {ip}
92459,2026-01-16,14:09:21,ERROR,WebServer,Payment declined: Gateway unavailable,E503,Payment declined: Gateway unavailable
92460,2026-01-16,14:02:23,ERROR,OrderProcessor,Payment declined: Gateway unavailable,E503,Payment declined: Gateway unavailable
92461,2026-01-16,14:56:35,INFO,WebServer,Transaction tx418500 completed in 305ms,E104,Transaction {tx} completed in {time}ms
92462,2026-01-16,14:07:03,INFO,WebServer,User u4367 login successful,E101,User {user} login successful
92463,2026-01-16,14:39:31,ERROR,WebServer,Payment declined: Gateway unavailable,E503,Payment declined: Gateway unavailable
92464,2026-01-16,14:11:47,ERROR,WebServer,Connection refused to WebServer at 10.0.0.45,E501,Connection refused to {service} at {ip}
92465,2026-01-16,14:43:16,ERROR,OrderProcessor,Connection refused to OrderProcessor at 10.0.0.45,E501,Connection refused to {service} at {ip}
92466,2026-01-16,14:40:45,ERROR,WebServer,Payment declined: Gateway unavailable,E503,Payment declined: Gateway unavailable
92467,2026-01-16,14:54:28,CRITICAL,OrderProcessor,DATA CORRUPTION detected in sector 464,E602,DATA CORRUPTION detected in sector {sector}
92468,2026-01-16,14:33:17,INFO,PaymentGateway,Page view: /home by u4441,E103,Page view: {page} by {user}
92469,2026-01-16,14:47:21,INFO,AuthService,Page view: /home by u1695,E103,Page view: {page} by {user}
92470,2026-01-16,14:41:40,ERROR,PaymentGateway,Connection refused to PaymentGateway at 10.0.0.45,E501,Connection refused to {service} at {ip}
92471,2026-01-16,14:09:20,INFO,OrderProcessor,User u3551 login successful,E101,User {user} login successful
92472,2026-01-16,14:37:39,WARN,WebServer,Unauthorized access attempt from 10.0.0.45,E401,Unauthorized access attempt from {ip}
92473,2026-01-16,14:32:40,INFO,WebServer,Page view: /home by u3608,E103,Page view: {page} by {user}
92474,2026-01-16,14:46:23,ERROR,AuthService,Connection refused to AuthService at 10.0.0.45,E501,Connection refused to {service} at {ip}
92475,2026-01-16,14:10:30,WARN,PaymentGateway,High latency (1962ms) detected on PaymentGateway,E201,High latency ({time}ms) detected on {service}
92476,2026-01-16,14:37:21,INFO,WebServer,Health check passed: WebServer,E102,Health check passed: {service}
92477,2026-01-16,14:31:04,INFO,PaymentGateway,Page view: /home by u2900,E103,Page view: {page} by {user}
92478,2026-01-16,14:02:16,ERROR,PaymentGateway,Payment declined: Gateway unavailable,E503,Payment declined: Gateway unavailable
92479,2026-01-16,14:00:57,WARN,WebServer,High latency (685ms) detected on WebServer,E201,High latency ({time}ms) detected on {service}
92480,2026-01-16,14:00:20,ERROR,PaymentGateway,Payment declined: Gateway unavailable,E503,Payment declined: Gateway unavailable
92481,2026-01-16,14:52:48,ERROR,WebServer,Connection refused to WebServer at 10.0.0.10,E501,Connection refused to {service} at {ip}
92482,2026-01-16,14:12:37,ERROR,WebServer,Timeout waiting for lock on InventoryDB,E502,Timeout waiting for lock on {db}
92483,2026-01-16,14:20:33,CRITICAL,WebServer,DATA CORRUPTION detected in sector 315,E602,DATA CORRUPTION detected in sector {sector}
92484,2026-01-16,14:17:26,CRITICAL,PaymentGateway,DATA CORRUPTION detected in sector 693,E602,DATA CORRUPTION detected in sector {sector}
92485,2026-01-16,14:46:33,WARN,WebServer,Disk usage > 85% on node node-5,E202,Disk usage > 85% on node {node}
92486,2026-01-16,14:34:37,ERROR,WebServer,Payment declined: Gateway unavailable,E503,Payment declined: Gateway unavailable
92487,2026-01-16,14:34:36,INFO,AuthService,Page view: /home by u2087,E103,Page view: {page} by {user}
92488,2026-01-16,14:10:10,WARN,AuthService,Disk usage > 85% on node node-1,E202,Disk usage > 85% on node {node}
92489,2026-01-16,14:36:35,ERROR,AuthService,Connection refused to AuthService at 10.0.0.88,E501,Connection refused to {service} at {ip}
92490,2026-01-16,14:26:12,ERROR,OrderProcessor,Payment declined: Gateway unavailable,E503,Payment declined: Gateway unavailable
92491,2026-01-16,14:17:36,ERROR,WebServer,Connection refused to WebServer at 10.0.0.45,E501,Connection refused to {service} at {ip}
92492,2026-01-16,14:32:35,INFO,WebServer,Health check passed: WebServer,E102,Health check passed: {service}
92493,2026-01-16,14:56:18,INFO,WebServer,Page view: /home by u4943,E103,Page view: {page} by {user}
92494,2026-01-16,14:06:37,ERROR,OrderProcessor,Connection refused to OrderProcessor at 10.0.0.10,E501,Connection refused to {service} at {ip}
92495,2026-01-16,14:23:28,INFO,AuthService,Transaction tx269705 completed in 445ms,E104,Transaction {tx} completed in {time}ms
92496,2026-01-16,14:26:12,INFO,OrderProcessor,User u2736 login successful,E101,User {user} login successful
92497,2026-01-16,14:44:39,INFO,WebServer,Page view: /home by u2703,E103,Page view: {page} by {user}
92498,2026-01-16,14:24:38,INFO,WebServer,Health check passed: WebServer,E102,Health check passed: {service}
92499,2026-01-16,14:33:40,ERROR,WebServer,Payment declined: Gateway unavailable,E503,Payment declined: Gateway unavailable
92500,2026-01-16,14:55:18,ERROR,AuthService,Connection refused to AuthService at 10.0.0.45,E501,Connection refused to {service} at {ip}
92501,2026-01-16,14:58:25,ERROR,AuthService,Payment declined: Gateway unavailable,E503,Payment declined: Gateway unavailable
92502,2026-01-16,14:37:20,ERROR,WebServer,Timeout waiting for lock on InventoryDB,E502,Timeout waiting for lock on {db}
92503,2026-01-16,14:09:25,WARN,PaymentGateway,High latency (416ms) detected on PaymentGateway,E201,High latency ({time}ms) detected on {service}
92504,2026-01-16,14:51:46,INFO,WebServer,Transaction tx107410 completed in 904ms,E104,Transaction {tx} completed in {time}ms
92505,2026-01-16,14:10:49,INFO,PaymentGateway,User u2273 login successful,E101,User {user} login successful
92506,2026-01-16,14:25:38,ERROR,WebServer,Connection refused to WebServer at 10.0.0.45,E501,Connection refused to {service} at {ip}
92507,2026-01-16,14:21:00,ERROR,OrderProcessor,Timeout waiting for lock on InventoryDB,E502,Timeout waiting for lock on {db}
92508,2026-01-16,14:02:05,INFO,WebServer,User u4088 login successful,E101,User {user} login successful
92509,2026-01-16,14:48:25,INFO,AuthService,User u4610 login successful,E101,User {user} login successful
92510,2026-01-16,14:38:00,CRITICAL,InventoryDB,KERNEL PANIC: Node node-2 crashed,E601,KERNEL PANIC: Node {node} crashed
92511,2026-01-16,14:44:33,INFO,WebServer,User u2748 login successful,E101,User {user} login successful
92512,2026-01-16,14:23:12,INFO,AuthService,Page view: /home by u1673,E103,Page view: {page} by {user}
92513,2026-01-16,14:11:21,INFO,OrderProcessor,Health check passed: OrderProcessor,E102,Health check passed: {service}
92514,2026-01-16,14:57:59,CRITICAL,WebServer,DATA CORRUPTION detected in sector 301,E602,DATA CORRUPTION detected in sector {sector}
92515,2026-01-16,14:34:22,INFO,WebServer,Health check passed: WebServer,E102,Health check passed: {service}
92516,2026-01-16,14:04:38,ERROR,OrderProcessor,Connection refused to OrderProcessor at 192.168.1.5,E501,Connection refused to {service} at {ip}
92517,2026-01-16,14:18:26,CRITICAL,WebServer,KERNEL PANIC: Node node-2 crashed,E601,KERNEL PANIC: Node {node} crashed
92518,2026-01-16,14:44:51,WARN,OrderProcessor,High latency (1318ms) detected on OrderProcessor,E201,High latency ({time}ms) detected on {service}
92519,2026-01-16,14:43:32,INFO,WebServer,Health check passed: WebServer,E102,Health check passed: {service}
92520,2026-01-16,14:59:14,WARN,WebServer,High latency (226ms) detected on WebServer,E201,High latency ({time}ms) detected on {service}
92521,2026-01-16,14:27:07,INFO,WebServer,Health check passed: WebServer,E102,Health check passed: {service}
92522,2026-01-16,14:33:20,INFO,AuthService,User u3424 login successful,E101,User {user} login successful
92523,2026-01-16,14:17:09,INFO,WebServer,Health check passed: WebServer,E102,Health check passed: {service}
92524,2026-01-16,14:51:47,ERROR,AuthService,Connection refused to AuthService at 10.0.0.45,E501,Connection refused to {service} at {ip}
92525,2026-01-16,14:28:06,ERROR,AuthService,Timeout waiting for lock on InventoryDB,E502,Timeout waiting for lock on {db}
92526,2026-01-16,14:03:41,INFO,WebServer,Page view: /home by u2979,E103,Page view: {page} by {user}
92527,2026-01-16,14:08:20,ERROR,WebServer,Payment declined: Gateway unavailable,E503,Payment declined: Gateway unavailable
92528,2026-01-16,14:45:56,ERROR,OrderProcessor,Payment declined: Gateway unavailable,E503,Payment declined: Gateway unavailable
92529,2026-01-16,14:59:33,ERROR,AuthService,Connection refused to AuthService at 10.0.0.10,E501,Connection refused to {service} at {ip}
92530,2026-01-16,14:14:02,INFO,WebServer,Transaction tx706466 completed in 610ms,E104,Transaction {tx} completed in {time}ms
92531,2026-01-16,14:04:50,ERROR,WebServer,Timeout waiting for lock on InventoryDB,E502,Timeout waiting for lock on {db}
92532,2026-01-16,14:36:55,WARN,WebServer,Unauthorized access attempt from 10.0.0.45,E401,Unauthorized access attempt from {ip}
92533,2026-01-16,14:55:34,ERROR,WebServer,Payment declined: Gateway unavailable,E503,Payment declined: Gateway unavailable
92534,2026-01-16,14:43:08,CRITICAL,WebServer,DATA CORRUPTION detected in sector 536,E602,DATA CORRUPTION detected in sector {sector}
92535,2026-01-16,14:05:19,CRITICAL,OrderProcessor,KERNEL PANIC: Node node-3 crashed,E601,KERNEL PANIC: Node {node} crashed
92536,2026-01-16,14:16:58,INFO,OrderProcessor,Health check passed: OrderProcessor,E102,Health check passed: {service}
92537,2026-01-16,14:14:43,ERROR,OrderProcessor,Timeout waiting for lock on InventoryDB,E502,Timeout waiting for lock on {db}
92538,2026-01-16,14:05:46,WARN,AuthService,High latency (929ms) detected on AuthService,E201,High latency ({time}ms) detected on {service}
92539,2026-01-16,14:39:13,ERROR,PaymentGateway,Payment declined: Gateway unavailable,E503,Payment declined: Gateway unavailable
92540,2026-01-16,14:54:54,ERROR,OrderProcessor,Payment declined: Gateway unavailable,E503,Payment declined: Gateway unavailable
92541,2026-01-16,14:57:18,ERROR,WebServer,Payment declined: Gateway unavailable,E503,Payment declined: Gateway unavailable
92542,2026-01-16,14:14:21,ERROR,PaymentGateway,Connection refused to PaymentGateway at 10.0.0.10,E501,Connection refused to {service} at {ip}
92543,2026-01-16,14:08:23,ERROR,OrderProcessor,Timeout waiting for lock on InventoryDB,E502,Timeout waiting for lock on {db}
92544,2026-01-16,14:54:24,WARN,OrderProcessor,High latency (895ms) detected on OrderProcessor,E201,High latency ({time}ms) detected on {service}
92545,2026-01-16,14:52:38,ERROR,WebServer,Timeout waiting for lock on InventoryDB,E502,Timeout waiting for lock on {db}
92546,2026-01-16,14:43:57,INFO,WebServer,Page view: /home by u2475,E103,Page view: {page} by {user}
92547,2026-01-16,14:27:35,INFO,OrderProcessor,Health check passed: OrderProcessor,E102,Health check passed: {service}
92548,2026-01-16,14:11:46,ERROR,WebServer,Payment declined: Gateway unavailable,E503,Payment declined: Gateway unavailable
92549,2026-01-16,14:16:27,WARN,WebServer,Disk usage > 85% on node node-2,E202,Disk usage > 85% on node {node}
92550,2026-01-16,14:15:08,CRITICAL,WebServer,DATA CORRUPTION detected in sector 438,E602,DATA CORRUPTION detected in sector {sector}
92551,2026-01-16,14:01:14,ERROR,WebServer,Connection refused to WebServer at 10.0.0.45,E501,Connection refused to {service} at {ip}
92552,2026-01-16,14:22:59,INFO,OrderProcessor,User u1178 login successful,E101,User {user} login successful
92553,2026-01-16,14:36:10,INFO,PaymentGateway,Health check passed: PaymentGateway,E102,Health check passed: {service}
92554,2026-01-16,14:20:45,WARN,WebServer,High latency (145ms) detected on WebServer,E201,High latency ({time}ms) detected on {service}
92555,2026-01-16,14:17:50,WARN,OrderProcessor,Disk usage > 85% on node node-5,E202,Disk usage > 85% on node {node}
92556,2026-01-16,14:42:02,ERROR,WebServer,Connection refused to WebServer at 10.0.0.45,E501,Connection refused to {service} at {ip}
92557,2026-01-16,14:31:35,INFO,InventoryDB,User u1408 login successful,E101,User {user} login successful
92558,2026-01-16,14:56:48,ERROR,OrderProcessor,Connection refused to OrderProcessor at 10.0.0.45,E501,Connection refused to {service} at {ip}
92559,2026-01-16,14:02:11,INFO,WebServer,Health check passed: WebServer,E102,Health check passed: {service}
92560,2026-01-16,14:30:27,ERROR,WebServer,Timeout waiting for lock on InventoryDB,E502,Timeout waiting for lock on {db}
92561,2026-01-16,14:43:57,ERROR,WebServer,Connection refused to WebServer at 10.0.0.45,E501,Connection refused to {service} at {ip}
92562,2026-01-16,14:21:12,WARN,WebServer,High latency (693ms) detected on WebServer,E201,High latency ({time}ms) detected on {service}
92563,2026-01-16,14:39:42,INFO,OrderProcessor,Transaction tx446041 completed in 1123ms,E104,Transaction {tx} completed in {time}ms
92564,2026-01-16,14:54:57,ERROR,WebServer,Payment declined: Gateway unavailable,E503,Payment declined: Gateway unavailable
92565,2026-01-16,14:14:17,ERROR,OrderProcessor,Connection refused to OrderProcessor at 10.0.0.45,E501,Connection refused to {service} at {ip}
92566,2026-01-16,14:40:16,ERROR,AuthService,Timeout waiting for lock on InventoryDB,E502,Timeout waiting for lock on {db}
92567,2026-01-16,14:21:52,ERROR,WebServer,Payment declined: Gateway unavailable,E503,Payment declined: Gateway unavailable
92568,2026-01-16,14:19:59,INFO,AuthService,Health check passed: AuthService,E102,Health check passed: {service}
92569,2026-01-16,14:14:49,ERROR,WebServer,Connection refused to WebServer at 10.0.0.45,E501,Connection refused to {service} at {ip}
92570,2026-01-16,14:07:35,ERROR,WebServer,Payment declined: Gateway unavailable,E503,Payment declined: Gateway unavailable
92571,2026-01-16,14:08:25,ERROR,WebServer,Timeout waiting for lock on InventoryDB,E502,Timeout waiting for lock on {db}
92572,2026-01-16,14:27:25,INFO,AuthService,User u4540 login successful,E101,User {user} login successful
92573,2026-01-16,14:55:17,ERROR,OrderProcessor,Connection refused to OrderProcessor at 10.0.0.45,E501,Connection refused to {service} at {ip}
92574,2026-01-16,14:46:42,INFO,AuthService,Page view: /home by u4161,E103,Page view: {page} by {user}
92575,2026-01-16,14:28:51,ERROR,InventoryDB,Payment declined: Gateway unavailable,E503,Payment declined: Gateway unavailable
92576,2026-01-16,14:53:39,WARN,WebServer,Unauthorized access attempt from 10.0.0.12,E401,Unauthorized access attempt from {ip}
92577,2026-01-16,14:07:10,CRITICAL,WebServer,KERNEL PANIC: Node node-2 crashed,E601,KERNEL PANIC: Node {node} crashed
92578,2026-01-16,14:25:23,WARN,AuthService,High latency (1076ms) detected on AuthService,E201,High latency ({time}ms) detected on {service}
92579,2026-01-16,14:31:19,ERROR,AuthService,Timeout waiting for lock on InventoryDB,E502,Timeout waiting for lock on {db}
92580,2026-01-16,14:52:43,CRITICAL,WebServer,DATA CORRUPTION detected in sector 242,E602,DATA CORRUPTION detected in sector {sector}
92581,2026-01-16,14:56:00,ERROR,InventoryDB,Connection refused to InventoryDB at 10.0.0.45,E501,Connection refused to {service} at {ip}
92582,2026-01-16,14:02:35,WARN,OrderProcessor,High latency (315ms) detected on OrderProcessor,E201,High latency ({time}ms) detected on {service}
92583,2026-01-16,14:08:14,ERROR,WebServer,Payment declined: Gateway unavailable,E503,Payment declined: Gateway unavailable
92584,2026-01-16,14:39:07,CRITICAL,AuthService,KERNEL PANIC: Node node-5 crashed,E601,KERNEL PANIC: Node {node} crashed
92585,2026-01-16,14:31:08,ERROR,WebServer,Payment declined: Gateway unavailable,E503,Payment declined: Gateway unavailable
92586,2026-01-16,14:56:20,INFO,WebServer,Transaction tx663190 completed in 71ms,E104,Transaction {tx} completed in {time}ms
92587,2026-01-16,14:21:16,CRITICAL,WebServer,KERNEL PANIC: Node node-1 crashed,E601,KERNEL PANIC: Node {node} crashed
92588,2026-01-16,14:46:45,ERROR,WebServer,Connection refused to WebServer at 10.0.0.45,E501,Connection refused to {service} at {ip}
92589,2026-01-16,14:10:42,ERROR,AuthService,Timeout waiting for lock on InventoryDB,E502,Timeout waiting for lock on {db}
92590,2026-01-16,14:32:50,WARN,WebServer,Disk usage > 85% on node node-4,E202,Disk usage > 85% on node {node}
92591,2026-01-16,14:15:42,WARN,WebServer,Unauthorized access attempt from 10.0.0.12,E401,Unauthorized access attempt from {ip}
92592,2026-01-16,14:24:33,ERROR,OrderProcessor,Timeout waiting for lock on InventoryDB,E502,Timeout waiting for lock on {db}
92593,2026-01-16,14:45:51,CRITICAL,WebServer,KERNEL PANIC: Node node-2 crashed,E601,KERNEL PANIC: Node {node} crashed
92594,2026-01-16,14:55:16,ERROR,WebServer,Connection refused to WebServer at 10.0.0.45,E501,Connection refused to {service} at {ip}
92595,2026-01-16,14:35:43,ERROR,WebServer,Connection refused to WebServer at 10.0.0.12,E501,Connection refused to {service} at {ip}
92596,2026-01-16,14:50:04,CRITICAL,AuthService,DATA CORRUPTION detected in sector 735,E602,DATA CORRUPTION detected in sector {sector}
92597,2026-01-16,14:37:06,ERROR,OrderProcessor,Timeout waiting for lock on InventoryDB,E502,Timeout waiting for lock on {db}
92598,2026-01-16,14:32:47,ERROR,WebServer,Timeout waiting for lock on InventoryDB,E502,Timeout waiting for lock on {db}
92599,2026-01-16,14:02:56,WARN,WebServer,Unauthorized access attempt from 10.0.0.45,E401,Unauthorized access attempt from {ip}
92600,2026-01-16,14:13:37,ERROR,PaymentGateway,Timeout waiting for lock on InventoryDB,E502,Timeout waiting for lock on {db}
92601,2026-01-16,14:01:11,INFO,PaymentGateway,Page view: /home by u3975,E103,Page view: {page} by {user}
92602,2026-01-16,14:13:10,CRITICAL,OrderProcessor,DATA CORRUPTION detected in sector 583,E602,DATA CORRUPTION detected in sector {sector}
92603,2026-01-16,14:39:08,INFO,OrderProcessor,Page view: /home by u1437,E103,Page view: {page} by {user}
92604,2026-01-16,14:04:13,ERROR,AuthService,Connection refused to AuthService at 10.0.0.45,E501,Connection refused to {service} at {ip}
92605,2026-01-16,14:49:24,INFO,WebServer,Health check passed: WebServer,E102,Health check passed: {service}
92606,2026-01-16,14:22:58,CRITICAL,WebServer,KERNEL PANIC: Node node-5 crashed,E601,KERNEL PANIC: Node {node} crashed
92607,2026-01-16,14:41:06,ERROR,AuthService,Connection refused to AuthService at 10.0.0.12,E501,Connection refused to {service} at {ip}
92608,2026-01-16,14:12:17,CRITICAL,WebServer,DATA CORRUPTION detected in sector 627,E602,DATA CORRUPTION detected in sector {sector}
92609,2026-01-16,14:28:42,WARN,OrderProcessor,High latency (149ms) detected on OrderProcessor,E201,High latency ({time}ms) detected on {service}
92610,2026-01-16,14:06:31,INFO,WebServer,Health check passed: WebServer,E102,Health check passed: {service}
92611,2026-01-16,14:15:44,INFO,WebServer,User u1850 login successful,E101,User {user} login successful
92612,2026-01-16,14:42:23,ERROR,WebServer,Payment declined: Gateway unavailable,E503,Payment declined: Gateway unavailable
92613,2026-01-16,14:14:19,INFO,AuthService,Health check passed: AuthService,E102,Health check passed: {service}
92614,2026-01-16,14:35:27,INFO,PaymentGateway,User u1855 login successful,E101,User {user} login successful
92615,2026-01-16,14:27:08,ERROR,WebServer,Timeout waiting for lock on InventoryDB,E502,Timeout waiting for lock on {db}
92616,2026-01-16,14:47:11,ERROR,OrderProcessor,Connection refused to OrderProcessor at 10.0.0.45,E501,Connection refused to {service} at {ip}
92617,2026-01-16,14:48:12,ERROR,AuthService,Payment declined: Gateway unavailable,E503,Payment declined: Gateway unavailable
92618,2026-01-16,14:37:41,ERROR,OrderProcessor,Timeout waiting for lock on InventoryDB,E502,Timeout waiting for lock on {db}
92619,2026-01-16,14:55:58,CRITICAL,WebServer,KERNEL PANIC: Node node-4 crashed,E601,KERNEL PANIC: Node {node} crashed
92620,2026-01-16,14:14:23,WARN,WebServer,Unauthorized access attempt from 10.0.0.45,E401,Unauthorized access attempt from {ip}
92621,2026-01-16,14:30:58,WARN,WebServer,Unauthorized access attempt from 10.0.0.45,E401,Unauthorized access attempt from {ip}
92622,2026-01-16,14:22:20,INFO,WebServer,Transaction tx534564 completed in 728ms,E104,Transaction {tx} completed in {time}ms
92623,2026-01-16,14:59:47,CRITICAL,WebServer,KERNEL PANIC: Node node-2 crashed,E601,KERNEL PANIC: Node {node} crashed
92624,2026-01-16,14:41:52,CRITICAL,InventoryDB,DATA CORRUPTION detected in sector 562,E602,DATA CORRUPTION detected in sector {sector}
92625,2026-01-16,14:29:50,ERROR,WebServer,Timeout waiting for lock on InventoryDB,E502,Timeout waiting for lock on {db}
92626,2026-01-16,14:53:09,INFO,WebServer,User u1721 login successful,E101,User {user} login successful
92627,2026-01-16,14:28:04,ERROR,OrderProcessor,Timeout waiting for lock on InventoryDB,E502,Timeout waiting for lock on {db}
92628,2026-01-16,14:16:52,ERROR,WebServer,Payment declined: Gateway unavailable,E503,Payment declined: Gateway unavailable
92629,2026-01-16,14:25:30,CRITICAL,WebServer,KERNEL PANIC: Node node-3 crashed,E601,KERNEL PANIC: Node {node} crashed
92630,2026-01-16,14:25:16,CRITICAL,WebServer,DATA CORRUPTION detected in sector 422,E602,DATA CORRUPTION detected in sector {sector}
92631,2026-01-16,14:34:57,INFO,WebServer,User u4678 login successful,E101,User {user} login successful
92632,2026-01-16,14:35:41,INFO,WebServer,Health check passed: WebServer,E102,Health check passed: {service}
92633,2026-01-16,14:26:54,ERROR,OrderProcessor,Connection refused to OrderProcessor at 10.0.0.88,E501,Connection refused to {service} at {ip}
92634,2026-01-16,14:41:38,INFO,PaymentGateway,Transaction tx694763 completed in 1263ms,E104,Transaction {tx} completed in {time}ms
92635,2026-01-16,14:17:55,ERROR,AuthService,Payment declined: Gateway unavailable,E503,Payment declined: Gateway unavailable
92636,2026-01-16,14:20:08,ERROR,WebServer,Timeout waiting for lock on InventoryDB,E502,Timeout waiting for lock on {db}
92637,2026-01-16,14:42:18,ERROR,WebServer,Connection refused to WebServer at 10.0.0.99,E501,Connection refused to {service} at {ip}
92638,2026-01-16,14:11:33,ERROR,WebServer,Connection refused to WebServer at 10.0.0.12,E501,Connection refused to {service} at {ip}
92639,2026-01-16,14:44:22,INFO,OrderProcessor,Page view: /home by u4839,E103,Page view: {page} by {user}
92640,2026-01-16,14:01:52,INFO,AuthService,Transaction tx766182 completed in 1193ms,E104,Transaction {tx} completed in {time}ms
92641,2026-01-16,14:40:22,ERROR,AuthService,Payment declined: Gateway unavailable,E503,Payment declined: Gateway unavailable
92642,2026-01-16,14:34:03,WARN,WebServer,Disk usage > 85% on node node-5,E202,Disk usage > 85% on node {node}
92643,2026-01-16,14:49:39,WARN,AuthService,High latency (1244ms) detected on AuthService,E201,High latency ({time}ms) detected on {service}
92644,2026-01-16,14:54:19,WARN,WebServer,Unauthorized access attempt from 192.168.1.5,E401,Unauthorized access attempt from {ip}
92645,2026-01-16,14:49:53,ERROR,WebServer,Payment declined: Gateway unavailable,E503,Payment declined: Gateway unavailable
92646,2026-01-16,14:00:56,WARN,AuthService,Disk usage > 85% on node node-4,E202,Disk usage > 85% on node {node}
92647,2026-01-16,14:34:05,CRITICAL,WebServer,DATA CORRUPTION detected in sector 105,E602,DATA CORRUPTION detected in sector {sector}
92648,2026-01-16,14:04:00,ERROR,AuthService,Connection refused to AuthService at 10.0.0.45,E501,Connection refused to {service} at {ip}
92649,2026-01-16,14:28:21,ERROR,AuthService,Connection refused to AuthService at 10.0.0.45,E501,Connection refused to {service} at {ip}
92650,2026-01-16,14:16:58,CRITICAL,WebServer,DATA CORRUPTION detected in sector 251,E602,DATA CORRUPTION detected in sector {sector}
92651,2026-01-16,14:24:55,ERROR,WebServer,Connection refused to WebServer at 10.0.0.45,E501,Connection refused to {service} at {ip}
92652,2026-01-16,14:19:14,ERROR,PaymentGateway,Connection refused to PaymentGateway at 10.0.0.88,E501,Connection refused to {service} at {ip}
92653,2026-01-16,14:58:26,ERROR,AuthService,Payment declined: Gateway unavailable,E503,Payment declined: Gateway unavailable
92654,2026-01-16,14:18:49,ERROR,WebServer,Connection refused to WebServer at 10.0.0.45,E501,Connection refused to {service} at {ip}
92655,2026-01-16,14:10:25,INFO,PaymentGateway,Transaction tx149031 completed in 1177ms,E104,Transaction {tx} completed in {time}ms
92656,2026-01-16,14:01:47,ERROR,OrderProcessor,Timeout waiting for lock on InventoryDB,E502,Timeout waiting for lock on {db}
92657,2026-01-16,14:11:52,INFO,PaymentGateway,Transaction tx425567 completed in 858ms,E104,Transaction {tx} completed in {time}ms
92658,2026-01-16,14:49:17,ERROR,AuthService,Payment declined: Gateway unavailable,E503,Payment declined: Gateway unavailable
92659,2026-01-16,14:41:01,WARN,AuthService,High latency (900ms) detected on AuthService,E201,High latency ({time}ms) detected on {service}
92660,2026-01-16,14:03:57,ERROR,AuthService,Connection refused to AuthService at 10.0.0.88,E501,Connection refused to {service} at {ip}
92661,2026-01-16,14:48:31,ERROR,OrderProcessor,Connection refused to OrderProcessor at 10.0.0.45,E501,Connection refused to {service} at {ip}
92662,2026-01-16,14:07:14,INFO,WebServer,Page view: /home by u3981,E103,Page view: {page} by {user}
92663,2026-01-16,14:33:36,WARN,WebServer,High latency (1629ms) detected on WebServer,E201,High latency ({time}ms) detected on {service}
92664,2026-01-16,14:58:26,INFO,PaymentGateway,User u4920 login successful,E101,User {user} login successful
92665,2026-01-16,14:18:57,ERROR,WebServer,Payment declined: Gateway unavailable,E503,Payment declined: Gateway unavailable
92666,2026-01-16,14:08:10,WARN,WebServer,Disk usage > 85% on node node-4,E202,Disk usage > 85% on node {node}
92667,2026-01-16,14:05:35,CRITICAL,OrderProcessor,KERNEL PANIC: Node node-4 crashed,E601,KERNEL PANIC: Node {node} crashed
92668,2026-01-16,14:23:48,INFO,PaymentGateway,Transaction tx421615 completed in 1122ms,E104,Transaction {tx} completed in {time}ms
92669,2026-01-16,14:30:14,INFO,WebServer,Transaction tx699290 completed in 1007ms,E104,Transaction {tx} completed in {time}ms
92670,2026-01-16,14:28:27,INFO,WebServer,User u4730 login successful,E101,User {user} login successful
92671,2026-01-16,14:25:11,INFO,WebServer,Health check passed: WebServer,E102,Health check passed: {service}
92672,2026-01-16,14:45:28,INFO,AuthService,Transaction tx622532 completed in 1967ms,E104,Transaction {tx} completed in {time}ms
92673,2026-01-16,14:33:16,INFO,WebServer,Transaction tx312632 completed in 385ms,E104,Transaction {tx} completed in {time}ms
92674,2026-01-16,14:04:24,CRITICAL,WebServer,DATA CORRUPTION detected in sector 344,E602,DATA CORRUPTION detected in sector {sector}
92675,2026-01-16,14:39:52,CRITICAL,AuthService,DATA CORRUPTION detected in sector 251,E602,DATA CORRUPTION detected in sector {sector}
92676,2026-01-16,14:55:15,ERROR,WebServer,Payment declined: Gateway unavailable,E503,Payment declined: Gateway unavailable
92677,2026-01-16,14:30:58,WARN,AuthService,Disk usage > 85% on node node-4,E202,Disk usage > 85% on node {node}
92678,2026-01-16,14:23:56,INFO,OrderProcessor,Transaction tx138545 completed in 1927ms,E104,Transaction {tx} completed in {time}ms
92679,2026-01-16,14:12:15,INFO,AuthService,Health check passed: AuthService,E102,Health check passed: {service}
92680,2026-01-16,14:21:00,INFO,OrderProcessor,User u3803 login successful,E101,User {user} login successful
92681,2026-01-16,14:25:38,ERROR,WebServer,Timeout waiting for lock on InventoryDB,E502,Timeout waiting for lock on {db}
92682,2026-01-16,14:14:50,INFO,WebServer,Page view: /home by u2869,E103,Page view: {page} by {user}
92683,2026-01-16,14:28:03,INFO,AuthService,User u3829 login successful,E101,User {user} login successful
92684,2026-01-16,14:03:17,WARN,WebServer,High latency (1649ms) detected on WebServer,E201,High latency ({time}ms) detected on {service}
92685,2026-01-16,14:39:46,INFO,PaymentGateway,Transaction tx537784 completed in 248ms,E104,Transaction {tx} completed in {time}ms
92686,2026-01-16,14:31:20,WARN,WebServer,Unauthorized access attempt from 10.0.0.45,E401,Unauthorized access attempt from {ip}
92687,2026-01-16,14:37:04,INFO,PaymentGateway,Transaction tx706750 completed in 1868ms,E104,Transaction {tx} completed in {time}ms
92688,2026-01-16,14:17:55,INFO,WebServer,Page view: /home by u3852,E103,Page view: {page} by {user}
92689,2026-01-16,14:21:05,ERROR,WebServer,Connection refused to WebServer at 10.0.0.45,E501,Connection refused to {service} at {ip}
92690,2026-01-16,14:05:39,WARN,AuthService,Disk usage > 85% on node node-1,E202,Disk usage > 85% on node {node}
92691,2026-01-16,14:10:22,ERROR,OrderProcessor,Timeout waiting for lock on InventoryDB,E502,Timeout waiting for lock on {db}
92692,2026-01-16,14:20:08,WARN,WebServer,Unauthorized access attempt from 10.0.0.45,E401,Unauthorized access attempt from {ip}
92693,2026-01-16,14:01:12,WARN,WebServer,Disk usage > 85% on node node-2,E202,Disk usage > 85% on node {node}
92694,2026-01-16,14:03:11,WARN,WebServer,Unauthorized access attempt from 10.0.0.45,E401,Unauthorized access attempt from {ip}
92695,2026-01-16,14:08:58,INFO,AuthService,Transaction tx974593 completed in 199ms,E104,Transaction {tx} completed in {time}ms
92696,2026-01-16,14:35:55,ERROR,WebServer,Payment declined: Gateway unavailable,E503,Payment declined: Gateway unavailable
92697,2026-01-16,14:57:06,WARN,AuthService,Disk usage > 85% on node node-3,E202,Disk usage > 85% on node {node}
92698,2026-01-16,14:01:32,INFO,AuthService,Transaction tx431513 completed in 1858ms,E104,Transaction {tx} completed in {time}ms
92699,2026-01-16,14:28:39,INFO,WebServer,Health check passed: WebServer,E102,Health check passed: {service}
92700,2026-01-16,14:49:09,ERROR,WebServer,Connection refused to WebServer at 10.0.0.12,E501,Connection refused to {service} at {ip}
92701,2026-01-16,14:50:24,ERROR,WebServer,Timeout waiting for lock on InventoryDB,E502,Timeout waiting for lock on {db}
92702,2026-01-16,14:11:47,CRITICAL,WebServer,KERNEL PANIC: Node node-1 crashed,E601,KERNEL PANIC: Node {node} crashed
92703,2026-01-16,14:14:35,INFO,WebServer,User u3913 login successful,E101,User {user} login successful
92704,2026-01-16,14:28:40,INFO,WebServer,User u2512 login successful,E101,User {user} login successful
92705,2026-01-16,14:15:43,WARN,WebServer,Unauthorized access attempt from 10.0.0.45,E401,Unauthorized access attempt from {ip}
92706,2026-01-16,14:08:23,ERROR,PaymentGateway,Timeout waiting for lock on InventoryDB,E502,Timeout waiting for lock on {db}
92707,2026-01-16,14:38:10,ERROR,WebServer,Timeout waiting for lock on InventoryDB,E502,Timeout waiting for lock on {db}
92708,2026-01-16,14:52:13,INFO,WebServer,User u2358 login successful,E101,User {user} login successful
92709,2026-01-16,14:34:42,ERROR,WebServer,Timeout waiting for lock on InventoryDB,E502,Timeout waiting for lock on {db}
92710,2026-01-16,14:28:03,ERROR,OrderProcessor,Timeout waiting for lock on InventoryDB,E502,Timeout waiting for lock on {db}
92711,2026-01-16,14:35:36,WARN,OrderProcessor,High latency (1712ms) detected on OrderProcessor,E201,High latency ({time}ms) detected on {service}
92712,2026-01-16,14:24:37,INFO,OrderProcessor,User u3168 login successful,E101,User {user} login successful
92713,2026-01-16,14:21:13,ERROR,WebServer,Payment declined: Gateway unavailable,E503,Payment declined: Gateway unavailable
92714,2026-01-16,14:14:06,ERROR,PaymentGateway,Timeout waiting for lock on InventoryDB,E502,Timeout waiting for lock on {db}
92715,2026-01-16,14:28:48,INFO,OrderProcessor,User u3766 login successful,E101,User {user} login successful
92716,2026-01-16,14:47:43,INFO,OrderProcessor,Transaction tx168647 completed in 1576ms,E104,Transaction {tx} completed in {time}ms
92717,2026-01-16,14:23:10,ERROR,WebServer,Payment declined: Gateway unavailable,E503,Payment declined: Gateway unavailable
92718,2026-01-16,14:45:16,ERROR,WebServer,Connection refused to WebServer at 10.0.0.45,E501,Connection refused to {service} at {ip}
92719,2026-01-16,14:28:08,INFO,WebServer,Health check passed: WebServer,E102,Health check passed: {service}
92720,2026-01-16,14:28:18,INFO,AuthService,Transaction tx624414 completed in 1120ms,E104,Transaction {tx} completed in {time}ms
92721,2026-01-16,14:00:00,CRITICAL,WebServer,KERNEL PANIC: Node node-5 crashed,E601,KERNEL PANIC: Node {node} crashed
92722,2026-01-16,14:17:58,ERROR,PaymentGateway,Payment declined: Gateway unavailable,E503,Payment declined: Gateway unavailable
92723,2026-01-16,14:03:16,ERROR,AuthService,Timeout waiting for lock on InventoryDB,E502,Timeout waiting for lock on {db}
92724,2026-01-16,14:47:02,INFO,OrderProcessor,Page view: /home by u2880,E103,Page view: {page} by {user}
92725,2026-01-16,14:40:36,CRITICAL,AuthService,DATA CORRUPTION detected in sector 809,E602,DATA CORRUPTION detected in sector {sector}
92726,2026-01-16,14:57:19,ERROR,OrderProcessor,Timeout waiting for lock on InventoryDB,E502,Timeout waiting for lock on {db}
92727,2026-01-16,14:53:44,CRITICAL,WebServer,KERNEL PANIC: Node node-2 crashed,E601,KERNEL PANIC: Node {node} crashed
92728,2026-01-16,14:29:21,WARN,AuthService,Disk usage > 85% on node node-1,E202,Disk usage > 85% on node {node}
92729,2026-01-16,14:21:10,WARN,OrderProcessor,High latency (1466ms) detected on OrderProcessor,E201,High latency ({time}ms) detected on {service}
92730,2026-01-16,14:11:49,INFO,WebServer,Health check passed: WebServer,E102,Health check passed: {service}
92731,2026-01-16,14:51:14,ERROR,WebServer,Payment declined: Gateway unavailable,E503,Payment declined: Gateway unavailable
92732,2026-01-16,14:19:55,CRITICAL,AuthService,KERNEL PANIC: Node node-1 crashed,E601,KERNEL PANIC: Node {node} crashed
92733,2026-01-16,14:31:04,WARN,OrderProcessor,Disk usage > 85% on node node-3,E202,Disk usage > 85% on node {node}
92734,2026-01-16,14:53:11,ERROR,AuthService,Timeout waiting for lock on InventoryDB,E502,Timeout waiting for lock on {db}
92735,2026-01-16,14:36:06,WARN,PaymentGateway,Unauthorized access attempt from 10.0.0.45,E401,Unauthorized access attempt from {ip}
92736,2026-01-16,14:58:36,ERROR,WebServer,Payment declined: Gateway unavailable,E503,Payment declined: Gateway unavailable
92737,2026-01-16,14:00:01,ERROR,PaymentGateway,Payment declined: Gateway unavailable,E503,Payment declined: Gateway unavailable
92738,2026-01-16,14:27:05,CRITICAL,WebServer,KERNEL PANIC: Node node-1 crashed,E601,KERNEL PANIC: Node {node} crashed
92739,2026-01-16,14:22:51,CRITICAL,AuthService,DATA CORRUPTION detected in sector 847,E602,DATA CORRUPTION detected in sector {sector}
92740,2026-01-16,14:01:22,INFO,PaymentGateway,Health check passed: PaymentGateway,E102,Health check passed: {service}
92741,2026-01-16,14:48:29,ERROR,AuthService,Timeout waiting for lock on InventoryDB,E502,Timeout waiting for lock on {db}
92742,2026-01-16,14:03:27,WARN,OrderProcessor,Disk usage > 85% on node node-5,E202,Disk usage > 85% on node {node}
92743,2026-01-16,14:41:55,WARN,AuthService,Unauthorized access attempt from 10.0.0.45,E401,Unauthorized access attempt from {ip}
92744,2026-01-16,14:08:48,WARN,WebServer,Disk usage > 85% on node node-1,E202,Disk usage > 85% on node {node}
92745,2026-01-16,14:16:07,INFO,WebServer,User u2244 login successful,E101,User {user} login successful
92746,2026-01-16,14:20:40,INFO,WebServer,Page view: /home by u4829,E103,Page view: {page} by {user}
92747,2026-01-16,14:52:24,ERROR,AuthService,Connection refused to AuthService at 10.0.0.45,E501,Connection refused to {service} at {ip}
92748,2026-01-16,14:28:49,ERROR,WebServer,Payment declined: Gateway unavailable,E503,Payment declined: Gateway unavailable
92749,2026-01-16,14:56:56,INFO,WebServer,Health check passed: WebServer,E102,Health check passed: {service}
92750,2026-01-16,14:54:21,ERROR,OrderProcessor,Payment declined: Gateway unavailable,E503,Payment declined: Gateway unavailable
92751,2026-01-16,14:55:24,ERROR,WebServer,Timeout waiting for lock on InventoryDB,E502,Timeout waiting for lock on {db}
92752,2026-01-16,14:35:12,CRITICAL,WebServer,KERNEL PANIC: Node node-2 crashed,E601,KERNEL PANIC: Node {node} crashed
92753,2026-01-16,14:49:13,ERROR,WebServer,Timeout waiting for lock on InventoryDB,E502,Timeout waiting for lock on {db}
92754,2026-01-16,14:33:04,ERROR,WebServer,Payment declined: Gateway unavailable,E503,Payment declined: Gateway unavailable
92755,2026-01-16,14:15:31,CRITICAL,WebServer,DATA CORRUPTION detected in sector 868,E602,DATA CORRUPTION detected in sector {sector}
92756,2026-01-16,14:07:55,INFO,OrderProcessor,User u1091 login successful,E101,User {user} login successful
92757,2026-01-16,14:06:13,WARN,WebServer,Disk usage > 85% on node node-5,E202,Disk usage > 85% on node {node}
92758,2026-01-16,14:55:28,ERROR,WebServer,Timeout waiting for lock on InventoryDB,E502,Timeout waiting for lock on {db}
92759,2026-01-16,14:58:49,ERROR,WebServer,Payment declined: Gateway unavailable,E503,Payment declined: Gateway unavailable
92760,2026-01-16,14:29:57,INFO,AuthService,Page view: /home by u4241,E103,Page view: {page} by {user}
92761,2026-01-16,14:07:48,INFO,WebServer,Health check passed: WebServer,E102,Health check passed: {service}
92762,2026-01-16,14:38:17,ERROR,WebServer,Connection refused to WebServer at 10.0.0.12,E501,Connection refused to {service} at {ip}
92763,2026-01-16,14:22:15,WARN,PaymentGateway,Unauthorized access attempt from 10.0.0.12,E401,Unauthorized access attempt from {ip}
92764,2026-01-16,14:24:37,ERROR,OrderProcessor,Connection refused to OrderProcessor at 10.0.0.10,E501,Connection refused to {service} at {ip}
92765,2026-01-16,14:19:20,ERROR,PaymentGateway,Payment declined: Gateway unavailable,E503,Payment declined: Gateway unavailable
92766,2026-01-16,14:42:23,INFO,WebServer,User u2484 login successful,E101,User {user} login successful
92767,2026-01-16,14:11:52,WARN,AuthService,High latency (1207ms) detected on AuthService,E201,High latency ({time}ms) detected on {service}
92768,2026-01-16,14:14:35,CRITICAL,WebServer,KERNEL PANIC: Node node-2 crashed,E601,KERNEL PANIC: Node {node} crashed
92769,2026-01-16,14:55:08,INFO,AuthService,Page view: /home by u2161,E103,Page view: {page} by {user}
92770,2026-01-16,14:24:43,ERROR,WebServer,Timeout waiting for lock on InventoryDB,E502,Timeout waiting for lock on {db}
92771,2026-01-16,14:41:09,INFO,PaymentGateway,Transaction tx798892 completed in 95ms,E104,Transaction {tx} completed in {time}ms
92772,2026-01-16,14:16:30,ERROR,WebServer,Payment declined: Gateway unavailable,E503,Payment declined: Gateway unavailable
92773,2026-01-16,14:07:06,ERROR,OrderProcessor,Timeout waiting for lock on InventoryDB,E502,Timeout waiting for lock on {db}
92774,2026-01-16,14:29:13,WARN,WebServer,Disk usage > 85% on node node-1,E202,Disk usage > 85% on node {node}
92775,2026-01-16,14:11:18,INFO,OrderProcessor,Page view: /home by u1933,E103,Page view: {page} by {user}
92776,2026-01-16,14:44:39,INFO,WebServer,Health check passed: WebServer,E102,Health check passed: {service}
92777,2026-01-16,14:39:31,ERROR,AuthService,Payment declined: Gateway unavailable,E503,Payment declined: Gateway unavailable
92778,2026-01-16,14:15:12,ERROR,OrderProcessor,Payment declined: Gateway unavailable,E503,Payment declined: Gateway unavailable
92779,2026-01-16,14:18:45,CRITICAL,WebServer,DATA CORRUPTION detected in sector 427,E602,DATA CORRUPTION detected in sector {sector}
92780,2026-01-16,14:01:39,CRITICAL,WebServer,DATA CORRUPTION detected in sector 438,E602,DATA CORRUPTION detected in sector {sector}
92781,2026-01-16,14:35:09,INFO,WebServer,Page view: /home by u1806,E103,Page view: {page} by {user}
92782,2026-01-16,14:21:12,WARN,WebServer,Disk usage > 85% on node node-2,E202,Disk usage > 85% on node {node}
92783,2026-01-16,14:31:27,ERROR,PaymentGateway,Payment declined: Gateway unavailable,E503,Payment declined: Gateway unavailable
92784,2026-01-16,14:17:36,INFO,PaymentGateway,Transaction tx205759 completed in 723ms,E104,Transaction {tx} completed in {time}ms
92785,2026-01-16,14:03:25,ERROR,OrderProcessor,Payment declined: Gateway unavailable,E503,Payment declined: Gateway unavailable
92786,2026-01-16,14:58:50,WARN,WebServer,Unauthorized access attempt from 192.168.1.5,E401,Unauthorized access attempt from {ip}
92787,2026-01-16,14:31:54,CRITICAL,OrderProcessor,DATA CORRUPTION detected in sector 971,E602,DATA CORRUPTION detected in sector {sector}
92788,2026-01-16,14:04:30,ERROR,WebServer,Connection refused to WebServer at 10.0.0.88,E501,Connection refused to {service} at {ip}
92789,2026-01-16,14:20:27,ERROR,AuthService,Connection refused to AuthService at 10.0.0.45,E501,Connection refused to {service} at {ip}
92790,2026-01-16,14:36:57,INFO,WebServer,User u3972 login successful,E101,User {user} login successful
92791,2026-01-16,14:57:49,ERROR,WebServer,Timeout waiting for lock on InventoryDB,E502,Timeout waiting for lock on {db}
92792,2026-01-16,14:00:34,ERROR,OrderProcessor,Connection refused to OrderProcessor at 10.0.0.45,E501,Connection refused to {service} at {ip}
92793,2026-01-16,14:23:06,ERROR,PaymentGateway,Payment declined: Gateway unavailable,E503,Payment declined: Gateway unavailable
92794,2026-01-16,14:17:43,ERROR,WebServer,Timeout waiting for lock on InventoryDB,E502,Timeout waiting for lock on {db}
92795,2026-01-16,14:50:46,CRITICAL,OrderProcessor,DATA CORRUPTION detected in sector 110,E602,DATA CORRUPTION detected in sector {sector}
92796,2026-01-16,14:54:31,ERROR,WebServer,Connection refused to WebServer at 10.0.0.45,E501,Connection refused to {service} at {ip}
92797,2026-01-16,14:36:01,ERROR,WebServer,Payment declined: Gateway unavailable,E503,Payment declined: Gateway unavailable
92798,2026-01-16,14:11:29,CRITICAL,PaymentGateway,KERNEL PANIC: Node node-2 crashed,E601,KERNEL PANIC: Node {node} crashed
92799,2026-01-16,14:57:20,INFO,WebServer,Page view: /home by u2476,E103,Page view: {page} by {user}
92800,2026-01-16,14:24:49,CRITICAL,PaymentGateway,KERNEL PANIC: Node node-2 crashed,E601,KERNEL PANIC: Node {node} crashed
92801,2026-01-16,14:34:52,ERROR,WebServer,Connection refused to WebServer at 10.0.0.99,E501,Connection refused to {service} at {ip}
92802,2026-01-16,14:25:26,INFO,OrderProcessor,Transaction tx214745 completed in 1616ms,E104,Transaction {tx} completed in {time}ms
92803,2026-01-16,14:07:21,ERROR,PaymentGateway,Connection refused to PaymentGateway at 192.168.1.5,E501,Connection refused to {service} at {ip}
92804,2026-01-16,14:03:14,INFO,InventoryDB,Health check passed: InventoryDB,E102,Health check passed: {service}
92805,2026-01-16,14:55:40,INFO,AuthService,User u3036 login successful,E101,User {user} login successful
92806,2026-01-16,14:47:43,CRITICAL,InventoryDB,DATA CORRUPTION detected in sector 608,E602,DATA CORRUPTION detected in sector {sector}
92807,2026-01-16,14:51:07,ERROR,AuthService,Payment declined: Gateway unavailable,E503,Payment declined: Gateway unavailable
92808,2026-01-16,14:06:33,ERROR,AuthService,Connection refused to AuthService at 10.0.0.10,E501,Connection refused to {service} at {ip}
92809,2026-01-16,14:28:12,ERROR,WebServer,Payment declined: Gateway unavailable,E503,Payment declined: Gateway unavailable
92810,2026-01-16,14:26:24,INFO,AuthService,Page view: /home by u3648,E103,Page view: {page} by {user}
92811,2026-01-16,14:53:57,ERROR,OrderProcessor,Connection refused to OrderProcessor at 10.0.0.45,E501,Connection refused to {service} at {ip}
92812,2026-01-16,14:09:40,WARN,AuthService,Disk usage > 85% on node node-1,E202,Disk usage > 85% on node {node}
92813,2026-01-16,14:14:06,CRITICAL,WebServer,KERNEL PANIC: Node node-3 crashed,E601,KERNEL PANIC: Node {node} crashed
92814,2026-01-16,14:24:39,INFO,AuthService,Transaction tx442329 completed in 1944ms,E104,Transaction {tx} completed in {time}ms
92815,2026-01-16,14:40:44,WARN,WebServer,High latency (641ms) detected on WebServer,E201,High latency ({time}ms) detected on {service}
92816,2026-01-16,14:01:30,INFO,WebServer,Transaction tx828003 completed in 47ms,E104,Transaction {tx} completed in {time}ms
92817,2026-01-16,14:56:07,WARN,WebServer,High latency (252ms) detected on WebServer,E201,High latency ({time}ms) detected on {service}
92818,2026-01-16,14:32:46,INFO,WebServer,Page view: /home by u2814,E103,Page view: {page} by {user}
92819,2026-01-16,14:09:00,ERROR,InventoryDB,Connection refused to InventoryDB at 10.0.0.45,E501,Connection refused to {service} at {ip}
92820,2026-01-16,14:43:20,ERROR,PaymentGateway,Connection refused to PaymentGateway at 10.0.0.45,E501,Connection refused to {service} at {ip}
92821,2026-01-16,14:38:59,ERROR,PaymentGateway,Timeout waiting for lock on InventoryDB,E502,Timeout waiting for lock on {db}
92822,2026-01-16,14:10:23,ERROR,WebServer,Connection refused to WebServer at 10.0.0.12,E501,Connection refused to {service} at {ip}
92823,2026-01-16,14:05:55,INFO,WebServer,Transaction tx160851 completed in 415ms,E104,Transaction {tx} completed in {time}ms
92824,2026-01-16,14:52:33,ERROR,WebServer,Payment declined: Gateway unavailable,E503,Payment declined: Gateway unavailable
92825,2026-01-16,14:09:47,ERROR,WebServer,Timeout waiting for lock on InventoryDB,E502,Timeout waiting for lock on {db}
92826,2026-01-16,14:09:06,CRITICAL,WebServer,KERNEL PANIC: Node node-3 crashed,E601,KERNEL PANIC: Node {node} crashed
92827,2026-01-16,14:17:30,CRITICAL,WebServer,DATA CORRUPTION detected in sector 537,E602,DATA CORRUPTION detected in sector {sector}
92828,2026-01-16,14:14:00,INFO,WebServer,User u3795 login successful,E101,User {user} login successful
92829,2026-01-16,14:35:24,ERROR,OrderProcessor,Timeout waiting for lock on InventoryDB,E502,Timeout waiting for lock on {db}
92830,2026-01-16,14:35:00,WARN,InventoryDB,Unauthorized access attempt from 10.0.0.99,E401,Unauthorized access attempt from {ip}
92831,2026-01-16,14:08:18,CRITICAL,OrderProcessor,DATA CORRUPTION detected in sector 288,E602,DATA CORRUPTION detected in sector {sector}
92832,2026-01-16,14:23:47,CRITICAL,WebServer,DATA CORRUPTION detected in sector 557,E602,DATA CORRUPTION detected in sector {sector}
92833,2026-01-16,14:34:48,WARN,OrderProcessor,Unauthorized access attempt from 10.0.0.45,E401,Unauthorized access attempt from {ip}
92834,2026-01-16,14:57:45,INFO,AuthService,User u2254 login successful,E101,User {user} login successful
92835,2026-01-16,14:29:39,ERROR,WebServer,Payment declined: Gateway unavailable,E503,Payment declined: Gateway unavailable
92836,2026-01-16,14:38:22,ERROR,WebServer,Connection refused to WebServer at 10.0.0.45,E501,Connection refused to {service} at {ip}
92837,2026-01-16,14:15:21,ERROR,AuthService,Connection refused to AuthService at 192.168.1.5,E501,Connection refused to {service} at {ip}
92838,2026-01-16,14:21:23,ERROR,PaymentGateway,Timeout waiting for lock on InventoryDB,E502,Timeout waiting for lock on {db}
92839,2026-01-16,14:59:33,INFO,InventoryDB,User u3434 login successful,E101,User {user} login successful
92840,2026-01-16,14:35:14,INFO,AuthService,Transaction tx987096 completed in 1281ms,E104,Transaction {tx} completed in {time}ms
92841,2026-01-16,14:05:47,INFO,AuthService,Page view: /home by u1479,E103,Page view: {page} by {user}
92842,2026-01-16,14:25:38,WARN,AuthService,Disk usage > 85% on node node-5,E202,Disk usage > 85% on node {node}
92843,2026-01-16,14:51:14,ERROR,WebServer,Connection refused to WebServer at 10.0.0.45,E501,Connection refused to {service} at {ip}
92844,2026-01-16,14:32:56,ERROR,OrderProcessor,Connection refused to OrderProcessor at 10.0.0.10,E501,Connection refused to {service} at {ip}
92845,2026-01-16,14:19:23,CRITICAL,AuthService,DATA CORRUPTION detected in sector 440,E602,DATA CORRUPTION detected in sector {sector}
92846,2026-01-16,14:45:47,WARN,PaymentGateway,High latency (1198ms) detected on PaymentGateway,E201,High latency ({time}ms) detected on {service}
92847,2026-01-16,14:03:50,INFO,WebServer,User u1848 login successful,E101,User {user} login successful
92848,2026-01-16,14:13:49,INFO,WebServer,Health check passed: WebServer,E102,Health check passed: {service}
92849,2026-01-16,14:42:39,WARN,WebServer,High latency (1906ms) detected on WebServer,E201,High latency ({time}ms) detected on {service}
92850,2026-01-16,14:09:48,WARN,OrderProcessor,Disk usage > 85% on node node-4,E202,Disk usage > 85% on node {node}
92851,2026-01-16,14:50:41,CRITICAL,PaymentGateway,KERNEL PANIC: Node node-4 crashed,E601,KERNEL PANIC: Node {node} crashed
92852,2026-01-16,14:25:15,ERROR,AuthService,Payment declined: Gateway unavailable,E503,Payment declined: Gateway unavailable
92853,2026-01-16,14:54:05,WARN,PaymentGateway,Unauthorized access attempt from 10.0.0.45,E401,Unauthorized access attempt from {ip}
92854,2026-01-16,14:04:25,ERROR,OrderProcessor,Payment declined: Gateway unavailable,E503,Payment declined: Gateway unavailable
92855,2026-01-16,14:18:46,INFO,WebServer,Health check passed: WebServer,E102,Health check passed: {service}
92856,2026-01-16,14:00:39,ERROR,WebServer,Payment declined: Gateway unavailable,E503,Payment declined: Gateway unavailable
92857,2026-01-16,14:48:57,WARN,WebServer,High latency (1807ms) detected on WebServer,E201,High latency ({time}ms) detected on {service}
92858,2026-01-16,14:31:00,INFO,AuthService,Transaction tx862597 completed in 1850ms,E104,Transaction {tx} completed in {time}ms
92859,2026-01-16,14:37:00,ERROR,AuthService,Timeout waiting for lock on InventoryDB,E502,Timeout waiting for lock on {db}
92860,2026-01-16,14:30:44,INFO,WebServer,Transaction tx505038 completed in 1770ms,E104,Transaction {tx} completed in {time}ms
92861,2026-01-16,14:08:03,CRITICAL,PaymentGateway,KERNEL PANIC: Node node-3 crashed,E601,KERNEL PANIC: Node {node} crashed
92862,2026-01-16,14:57:41,INFO,AuthService,Health check passed: AuthService,E102,Health check passed: {service}
92863,2026-01-16,14:59:46,INFO,WebServer,Transaction tx246500 completed in 1679ms,E104,Transaction {tx} completed in {time}ms
92864,2026-01-16,14:06:08,INFO,OrderProcessor,Page view: /home by u4346,E103,Page view: {page} by {user}
92865,2026-01-16,14:01:22,INFO,WebServer,Page view: /home by u2558,E103,Page view: {page} by {user}
92866,2026-01-16,14:36:25,ERROR,WebServer,Timeout waiting for lock on InventoryDB,E502,Timeout waiting for lock on {db}
92867,2026-01-16,14:12:13,INFO,WebServer,Transaction tx841222 completed in 1224ms,E104,Transaction {tx} completed in {time}ms
92868,2026-01-16,14:41:15,ERROR,AuthService,Payment declined: Gateway unavailable,E503,Payment declined: Gateway unavailable
92869,2026-01-16,14:13:10,CRITICAL,AuthService,KERNEL PANIC: Node node-1 crashed,E601,KERNEL PANIC: Node {node} crashed
92870,2026-01-16,14:50:08,INFO,WebServer,User u3330 login successful,E101,User {user} login successful
92871,2026-01-16,14:26:31,ERROR,OrderProcessor,Timeout waiting for lock on InventoryDB,E502,Timeout waiting for lock on {db}
92872,2026-01-16,14:43:57,ERROR,WebServer,Connection refused to WebServer at 10.0.0.12,E501,Connection refused to {service} at {ip}
92873,2026-01-16,14:14:53,INFO,OrderProcessor,Transaction tx842593 completed in 699ms,E104,Transaction {tx} completed in {time}ms
92874,2026-01-16,14:58:55,INFO,WebServer,User u1026 login successful,E101,User {user} login successful
92875,2026-01-16,14:45:20,WARN,AuthService,High latency (890ms) detected on AuthService,E201,High latency ({time}ms) detected on {service}
92876,2026-01-16,14:17:22,ERROR,WebServer,Connection refused to WebServer at 10.0.0.12,E501,Connection refused to {service} at {ip}
92877,2026-01-16,14:25:40,ERROR,AuthService,Timeout waiting for lock on InventoryDB,E502,Timeout waiting for lock on {db}
92878,2026-01-16,14:09:55,INFO,AuthService,User u4871 login successful,E101,User {user} login successful
92879,2026-01-16,14:36:48,INFO,AuthService,Health check passed: AuthService,E102,Health check passed: {service}
92880,2026-01-16,14:27:47,CRITICAL,PaymentGateway,DATA CORRUPTION detected in sector 674,E602,DATA CORRUPTION detected in sector {sector}
92881,2026-01-16,14:59:27,CRITICAL,WebServer,DATA CORRUPTION detected in sector 484,E602,DATA CORRUPTION detected in sector {sector}
92882,2026-01-16,14:26:18,ERROR,PaymentGateway,Payment declined: Gateway unavailable,E503,Payment declined: Gateway unavailable
92883,2026-01-16,14:36:27,ERROR,WebServer,Connection refused to WebServer at 10.0.0.45,E501,Connection refused to {service} at {ip}
92884,2026-01-16,14:24:30,ERROR,WebServer,Timeout waiting for lock on InventoryDB,E502,Timeout waiting for lock on {db}
92885,2026-01-16,14:27:44,ERROR,AuthService,Connection refused to AuthService at 10.0.0.45,E501,Connection refused to {service} at {ip}
92886,2026-01-16,14:52:42,ERROR,WebServer,Connection refused to WebServer at 10.0.0.88,E501,Connection refused to {service} at {ip}
92887,2026-01-16,14:49:46,ERROR,WebServer,Payment declined: Gateway unavailable,E503,Payment declined: Gateway unavailable
92888,2026-01-16,14:59:55,INFO,WebServer,User u2648 login successful,E101,User {user} login successful
92889,2026-01-16,14:17:08,ERROR,OrderProcessor,Payment declined: Gateway unavailable,E503,Payment declined: Gateway unavailable
92890,2026-01-16,14:21:20,ERROR,PaymentGateway,Timeout waiting for lock on InventoryDB,E502,Timeout waiting for lock on {db}
92891,2026-01-16,14:24:53,INFO,WebServer,Page view: /home by u4381,E103,Page view: {page} by {user}
92892,2026-01-16,14:46:54,WARN,WebServer,Disk usage > 85% on node node-3,E202,Disk usage > 85% on node {node}
92893,2026-01-16,14:04:08,CRITICAL,AuthService,DATA CORRUPTION detected in sector 475,E602,DATA CORRUPTION detected in sector {sector}
92894,2026-01-16,14:16:58,WARN,WebServer,Disk usage > 85% on node node-5,E202,Disk usage > 85% on node {node}
92895,2026-01-16,14:21:52,ERROR,WebServer,Payment declined: Gateway unavailable,E503,Payment declined: Gateway unavailable
92896,2026-01-16,14:15:27,ERROR,WebServer,Timeout waiting for lock on InventoryDB,E502,Timeout waiting for lock on {db}
92897,2026-01-16,14:05:58,ERROR,AuthService,Timeout waiting for lock on InventoryDB,E502,Timeout waiting for lock on {db}
92898,2026-01-16,14:45:47,WARN,WebServer,High latency (226ms) detected on WebServer,E201,High latency ({time}ms) detected on {service}
92899,2026-01-16,14:27:32,WARN,InventoryDB,Disk usage > 85% on node node-4,E202,Disk usage > 85% on node {node}
92900,2026-01-16,14:22:27,WARN,PaymentGateway,Unauthorized access attempt from 10.0.0.45,E401,Unauthorized access attempt from {ip}
92901,2026-01-16,14:54:45,ERROR,OrderProcessor,Connection refused to OrderProcessor at 10.0.0.45,E501,Connection refused to {service} at {ip}
92902,2026-01-16,14:18:58,ERROR,WebServer,Payment declined: Gateway unavailable,E503,Payment declined: Gateway unavailable
92903,2026-01-16,14:16:51,ERROR,WebServer,Payment declined: Gateway unavailable,E503,Payment declined: Gateway unavailable
92904,2026-01-16,14:54:52,ERROR,WebServer,Timeout waiting for lock on InventoryDB,E502,Timeout waiting for lock on {db}
92905,2026-01-16,14:08:40,ERROR,WebServer,Timeout waiting for lock on InventoryDB,E502,Timeout waiting for lock on {db}
92906,2026-01-16,14:02:48,WARN,OrderProcessor,Unauthorized access attempt from 10.0.0.88,E401,Unauthorized access attempt from {ip}
92907,2026-01-16,14:23:57,ERROR,OrderProcessor,Payment declined: Gateway unavailable,E503,Payment declined: Gateway unavailable
92908,2026-01-16,14:57:30,INFO,WebServer,User u4620 login successful,E101,User {user} login successful
92909,2026-01-16,14:30:05,ERROR,OrderProcessor,Timeout waiting for lock on InventoryDB,E502,Timeout waiting for lock on {db}
92910,2026-01-16,14:41:51,INFO,OrderProcessor,Page view: /home by u2446,E103,Page view: {page} by {user}
92911,2026-01-16,14:11:54,INFO,WebServer,Page view: /home by u4512,E103,Page view: {page} by {user}
92912,2026-01-16,14:11:27,WARN,WebServer,High latency (1995ms) detected on WebServer,E201,High latency ({time}ms) detected on {service}
92913,2026-01-16,14:11:39,WARN,WebServer,Unauthorized access attempt from 10.0.0.45,E401,Unauthorized access attempt from {ip}
92914,2026-01-16,14:32:37,INFO,WebServer,User u2041 login successful,E101,User {user} login successful
92915,2026-01-16,14:07:48,ERROR,OrderProcessor,Timeout waiting for lock on InventoryDB,E502,Timeout waiting for lock on {db}
92916,2026-01-16,14:40:01,INFO,PaymentGateway,Health check passed: PaymentGateway,E102,Health check passed: {service}
92917,2026-01-16,14:14:11,INFO,WebServer,User u3578 login successful,E101,User {user} login successful
92918,2026-01-16,14:18:40,ERROR,OrderProcessor,Connection refused to OrderProcessor at 10.0.0.45,E501,Connection refused to {service} at {ip}
92919,2026-01-16,14:57:34,WARN,AuthService,High latency (674ms) detected on AuthService,E201,High latency ({time}ms) detected on {service}
92920,2026-01-16,14:37:39,INFO,OrderProcessor,Transaction tx814337 completed in 1471ms,E104,Transaction {tx} completed in {time}ms
92921,2026-01-16,14:28:43,ERROR,AuthService,Payment declined: Gateway unavailable,E503,Payment declined: Gateway unavailable
92922,2026-01-16,14:08:22,INFO,WebServer,Page view: /home by u4190,E103,Page view: {page} by {user}
92923,2026-01-16,14:36:21,WARN,WebServer,Disk usage > 85% on node node-5,E202,Disk usage > 85% on node {node}
92924,2026-01-16,14:01:11,INFO,PaymentGateway,Health check passed: PaymentGateway,E102,Health check passed: {service}
92925,2026-01-16,14:26:15,ERROR,WebServer,Connection refused to WebServer at 10.0.0.45,E501,Connection refused to {service} at {ip}
92926,2026-01-16,14:54:16,CRITICAL,WebServer,KERNEL PANIC: Node node-3 crashed,E601,KERNEL PANIC: Node {node} crashed
92927,2026-01-16,14:53:40,ERROR,PaymentGateway,Timeout waiting for lock on InventoryDB,E502,Timeout waiting for lock on {db}
92928,2026-01-16,14:10:20,ERROR,WebServer,Connection refused to WebServer at 10.0.0.45,E501,Connection refused to {service} at {ip}
92929,2026-01-16,14:27:34,INFO,WebServer,Health check passed: WebServer,E102,Health check passed: {service}
92930,2026-01-16,14:50:53,ERROR,WebServer,Timeout waiting for lock on InventoryDB,E502,Timeout waiting for lock on {db}
92931,2026-01-16,14:21:44,ERROR,WebServer,Timeout waiting for lock on InventoryDB,E502,Timeout waiting for lock on {db}
92932,2026-01-16,14:59:21,WARN,PaymentGateway,Disk usage > 85% on node node-2,E202,Disk usage > 85% on node {node}
92933,2026-01-16,14:25:28,ERROR,OrderProcessor,Timeout waiting for lock on InventoryDB,E502,Timeout waiting for lock on {db}
92934,2026-01-16,14:42:08,WARN,WebServer,Unauthorized access attempt from 10.0.0.45,E401,Unauthorized access attempt from {ip}
92935,2026-01-16,14:41:08,WARN,InventoryDB,High latency (1132ms) detected on InventoryDB,E201,High latency ({time}ms) detected on {service}
92936,2026-01-16,14:34:35,INFO,WebServer,Transaction tx897071 completed in 1150ms,E104,Transaction {tx} completed in {time}ms
92937,2026-01-16,14:45:25,WARN,AuthService,Unauthorized access attempt from 10.0.0.45,E401,Unauthorized access attempt from {ip}
92938,2026-01-16,14:56:13,ERROR,OrderProcessor,Timeout waiting for lock on InventoryDB,E502,Timeout waiting for lock on {db}
92939,2026-01-16,14:36:14,ERROR,WebServer,Payment declined: Gateway unavailable,E503,Payment declined: Gateway unavailable
92940,2026-01-16,14:27:02,INFO,WebServer,User u1692 login successful,E101,User {user} login successful
92941,2026-01-16,14:03:03,WARN,OrderProcessor,Unauthorized access attempt from 192.168.1.5,E401,Unauthorized access attempt from {ip}
92942,2026-01-16,14:21:51,INFO,WebServer,Health check passed: WebServer,E102,Health check passed: {service}
92943,2026-01-16,14:17:43,INFO,WebServer,Transaction tx971353 completed in 1473ms,E104,Transaction {tx} completed in {time}ms
92944,2026-01-16,14:55:49,INFO,WebServer,Health check passed: WebServer,E102,Health check passed: {service}
92945,2026-01-16,14:36:13,ERROR,WebServer,Payment declined: Gateway unavailable,E503,Payment declined: Gateway unavailable
92946,2026-01-16,14:15:33,WARN,WebServer,Disk usage > 85% on node node-1,E202,Disk usage > 85% on node {node}
92947,2026-01-16,14:52:14,INFO,OrderProcessor,Page view: /home by u1988,E103,Page view: {page} by {user}
92948,2026-01-16,14:14:49,WARN,WebServer,High latency (118ms) detected on WebServer,E201,High latency ({time}ms) detected on {service}
92949,2026-01-16,14:37:22,ERROR,AuthService,Payment declined: Gateway unavailable,E503,Payment declined: Gateway unavailable
92950,2026-01-16,14:26:54,CRITICAL,OrderProcessor,DATA CORRUPTION detected in sector 748,E602,DATA CORRUPTION detected in sector {sector}
92951,2026-01-16,14:27:37,INFO,WebServer,User u2124 login successful,E101,User {user} login successful
92952,2026-01-16,14:19:32,WARN,OrderProcessor,High latency (1021ms) detected on OrderProcessor,E201,High latency ({time}ms) detected on {service}
92953,2026-01-16,14:03:48,ERROR,WebServer,Timeout waiting for lock on InventoryDB,E502,Timeout waiting for lock on {db}
92954,2026-01-16,14:33:18,INFO,PaymentGateway,Page view: /home by u4011,E103,Page view: {page} by {user}
92955,2026-01-16,14:27:51,INFO,AuthService,User u1426 login successful,E101,User {user} login successful
92956,2026-01-16,14:03:51,ERROR,WebServer,Payment declined: Gateway unavailable,E503,Payment declined: Gateway unavailable
92957,2026-01-16,14:46:00,ERROR,WebServer,Timeout waiting for lock on InventoryDB,E502,Timeout waiting for lock on {db}
92958,2026-01-16,14:01:36,CRITICAL,WebServer,KERNEL PANIC: Node node-4 crashed,E601,KERNEL PANIC: Node {node} crashed
92959,2026-01-16,14:07:44,ERROR,WebServer,Timeout waiting for lock on InventoryDB,E502,Timeout waiting for lock on {db}
92960,2026-01-16,14:47:03,ERROR,OrderProcessor,Payment declined: Gateway unavailable,E503,Payment declined: Gateway unavailable
92961,2026-01-16,14:48:35,INFO,AuthService,Page view: /home by u1887,E103,Page view: {page} by {user}
92962,2026-01-16,14:29:50,ERROR,WebServer,Timeout waiting for lock on InventoryDB,E502,Timeout waiting for lock on {db}
92963,2026-01-16,14:57:25,INFO,OrderProcessor,Health check passed: OrderProcessor,E102,Health check passed: {service}
92964,2026-01-16,14:43:17,ERROR,OrderProcessor,Timeout waiting for lock on InventoryDB,E502,Timeout waiting for lock on {db}
92965,2026-01-16,14:06:06,ERROR,AuthService,Connection refused to AuthService at 10.0.0.12,E501,Connection refused to {service} at {ip}
92966,2026-01-16,14:39:45,INFO,WebServer,Page view: /home by u4616,E103,Page view: {page} by {user}
92967,2026-01-16,14:06:53,ERROR,WebServer,Timeout waiting for lock on InventoryDB,E502,Timeout waiting for lock on {db}
92968,2026-01-16,14:23:46,CRITICAL,WebServer,DATA CORRUPTION detected in sector 684,E602,DATA CORRUPTION detected in sector {sector}
92969,2026-01-16,14:40:58,WARN,PaymentGateway,High latency (1057ms) detected on PaymentGateway,E201,High latency ({time}ms) detected on {service}
92970,2026-01-16,14:54:49,INFO,OrderProcessor,Page view: /home by u1081,E103,Page view: {page} by {user}
92971,2026-01-16,14:20:10,INFO,WebServer,User u2760 login successful,E101,User {user} login successful
92972,2026-01-16,14:43:27,ERROR,PaymentGateway,Connection refused to PaymentGateway at 10.0.0.99,E501,Connection refused to {service} at {ip}
92973,2026-01-16,14:04:20,ERROR,WebServer,Connection refused to WebServer at 10.0.0.45,E501,Connection refused to {service} at {ip}
92974,2026-01-16,14:33:35,INFO,OrderProcessor,Health check passed: OrderProcessor,E102,Health check passed: {service}
92975,2026-01-16,14:05:00,CRITICAL,WebServer,KERNEL PANIC: Node node-4 crashed,E601,KERNEL PANIC: Node {node} crashed
92976,2026-01-16,14:53:27,WARN,WebServer,Disk usage > 85% on node node-3,E202,Disk usage > 85% on node {node}
92977,2026-01-16,14:23:10,INFO,WebServer,Health check passed: WebServer,E102,Health check passed: {service}
92978,2026-01-16,14:00:24,ERROR,InventoryDB,Connection refused to InventoryDB at 10.0.0.45,E501,Connection refused to {service} at {ip}
92979,2026-01-16,14:59:39,ERROR,WebServer,Connection refused to WebServer at 10.0.0.45,E501,Connection refused to {service} at {ip}
92980,2026-01-16,14:49:57,WARN,OrderProcessor,Unauthorized access attempt from 10.0.0.45,E401,Unauthorized access attempt from {ip}
92981,2026-01-16,14:09:15,ERROR,WebServer,Timeout waiting for lock on InventoryDB,E502,Timeout waiting for lock on {db}
92982,2026-01-16,14:09:48,WARN,WebServer,Disk usage > 85% on node node-3,E202,Disk usage > 85% on node {node}
92983,2026-01-16,14:09:37,INFO,WebServer,Transaction tx254680 completed in 328ms,E104,Transaction {tx} completed in {time}ms
92984,2026-01-16,14:59:55,WARN,WebServer,Disk usage > 85% on node node-3,E202,Disk usage > 85% on node {node}
92985,2026-01-16,14:55:38,ERROR,OrderProcessor,Connection refused to OrderProcessor at 10.0.0.88,E501,Connection refused to {service} at {ip}
92986,2026-01-16,14:59:23,WARN,WebServer,High latency (1688ms) detected on WebServer,E201,High latency ({time}ms) detected on {service}
92987,2026-01-16,14:47:01,INFO,WebServer,Transaction tx244130 completed in 1156ms,E104,Transaction {tx} completed in {time}ms
92988,2026-01-16,14:32:45,WARN,InventoryDB,Unauthorized access attempt from 192.168.1.5,E401,Unauthorized access attempt from {ip}
92989,2026-01-16,14:37:47,INFO,WebServer,Health check passed: WebServer,E102,Health check passed: {service}
92990,2026-01-16,14:52:50,WARN,WebServer,High latency (688ms) detected on WebServer,E201,High latency ({time}ms) detected on {service}
92991,2026-01-16,14:19:56,ERROR,AuthService,Connection refused to AuthService at 10.0.0.12,E501,Connection refused to {service} at {ip}
92992,2026-01-16,14:30:50,ERROR,OrderProcessor,Connection refused to OrderProcessor at 10.0.0.45,E501,Connection refused to {service} at {ip}
92993,2026-01-16,14:20:41,ERROR,OrderProcessor,Connection refused to OrderProcessor at 10.0.0.45,E501,Connection refused to {service} at {ip}
92994,2026-01-16,14:59:27,INFO,WebServer,Page view: /home by u3767,E103,Page view: {page} by {user}
92995,2026-01-16,14:06:21,ERROR,WebServer,Connection refused to WebServer at 10.0.0.12,E501,Connection refused to {service} at {ip}
92996,2026-01-16,14:05:44,ERROR,WebServer,Timeout waiting for lock on InventoryDB,E502,Timeout waiting for lock on {db}
92997,2026-01-16,14:32:43,WARN,WebServer,Disk usage > 85% on node node-5,E202,Disk usage > 85% on node {node}
92998,2026-01-16,14:41:38,CRITICAL,WebServer,DATA CORRUPTION detected in sector 652,E602,DATA CORRUPTION detected in sector {sector}
92999,2026-01-16,14:26:57,ERROR,OrderProcessor,Timeout waiting for lock on InventoryDB,E502,Timeout waiting for lock on {db}
93000,2026-01-16,14:23:52,INFO,WebServer,Health check passed: WebServer,E102,Health check passed: {service}
93001,2026-01-16,14:47:14,WARN,WebServer,High latency (1148ms) detected on WebServer,E201,High latency ({time}ms) detected on {service}
93002,2026-01-16,14:07:25,WARN,InventoryDB,High latency (1100ms) detected on InventoryDB,E201,High latency ({time}ms) detected on {service}
93003,2026-01-16,14:23:10,ERROR,WebServer,Payment declined: Gateway unavailable,E503,Payment declined: Gateway unavailable
93004,2026-01-16,14:18:19,ERROR,OrderProcessor,Payment declined: Gateway unavailable,E503,Payment declined: Gateway unavailable
93005,2026-01-16,14:56:01,ERROR,AuthService,Connection refused to AuthService at 10.0.0.45,E501,Connection refused to {service} at {ip}
93006,2026-01-16,14:25:37,ERROR,OrderProcessor,Timeout waiting for lock on InventoryDB,E502,Timeout waiting for lock on {db}
93007,2026-01-16,14:00:40,INFO,WebServer,User u1769 login successful,E101,User {user} login successful
93008,2026-01-16,14:27:11,INFO,WebServer,Health check passed: WebServer,E102,Health check passed: {service}
93009,2026-01-16,14:01:23,INFO,WebServer,Page view: /home by u4030,E103,Page view: {page} by {user}
93010,2026-01-16,14:52:39,WARN,PaymentGateway,Unauthorized access attempt from 10.0.0.12,E401,Unauthorized access attempt from {ip}
93011,2026-01-16,14:23:24,ERROR,AuthService,Payment declined: Gateway unavailable,E503,Payment declined: Gateway unavailable
93012,2026-01-16,14:34:49,WARN,WebServer,Unauthorized access attempt from 10.0.0.10,E401,Unauthorized access attempt from {ip}
93013,2026-01-16,14:03:31,WARN,WebServer,Disk usage > 85% on node node-4,E202,Disk usage > 85% on node {node}
93014,2026-01-16,14:54:32,INFO,WebServer,Page view: /home by u3020,E103,Page view: {page} by {user}
93015,2026-01-16,14:06:50,WARN,WebServer,Unauthorized access attempt from 10.0.0.99,E401,Unauthorized access attempt from {ip}
93016,2026-01-16,14:28:42,ERROR,WebServer,Payment declined: Gateway unavailable,E503,Payment declined: Gateway unavailable
93017,2026-01-16,14:45:00,WARN,WebServer,High latency (888ms) detected on WebServer,E201,High latency ({time}ms) detected on {service}
93018,2026-01-16,14:38:17,WARN,WebServer,Disk usage > 85% on node node-3,E202,Disk usage > 85% on node {node}
93019,2026-01-16,14:00:56,ERROR,WebServer,Payment declined: Gateway unavailable,E503,Payment declined: Gateway unavailable
93020,2026-01-16,14:28:18,WARN,OrderProcessor,Unauthorized access attempt from 10.0.0.12,E401,Unauthorized access attempt from {ip}
93021,2026-01-16,14:56:39,INFO,OrderProcessor,Health check passed: OrderProcessor,E102,Health check passed: {service}
93022,2026-01-16,14:16:29,ERROR,WebServer,Payment declined: Gateway unavailable,E503,Payment declined: Gateway unavailable
93023,2026-01-16,14:06:09,ERROR,WebServer,Payment declined: Gateway unavailable,E503,Payment declined: Gateway unavailable
93024,2026-01-16,14:45:44,INFO,WebServer,Page view: /home by u1303,E103,Page view: {page} by {user}
93025,2026-01-16,14:27:16,INFO,AuthService,User u4239 login successful,E101,User {user} login successful
93026,2026-01-16,14:20:19,WARN,AuthService,Unauthorized access attempt from 10.0.0.45,E401,Unauthorized access attempt from {ip}
93027,2026-01-16,14:50:57,ERROR,PaymentGateway,Timeout waiting for lock on InventoryDB,E502,Timeout waiting for lock on {db}
93028,2026-01-16,14:04:58,ERROR,AuthService,Timeout waiting for lock on InventoryDB,E502,Timeout waiting for lock on {db}
93029,2026-01-16,14:01:22,ERROR,WebServer,Payment declined: Gateway unavailable,E503,Payment declined: Gateway unavailable
93030,2026-01-16,14:32:49,WARN,PaymentGateway,Unauthorized access attempt from 10.0.0.45,E401,Unauthorized access attempt from {ip}
93031,2026-01-16,14:04:36,INFO,WebServer,Transaction tx315632 completed in 1775ms,E104,Transaction {tx} completed in {time}ms
93032,2026-01-16,14:41:50,CRITICAL,AuthService,DATA CORRUPTION detected in sector 911,E602,DATA CORRUPTION detected in sector {sector}
93033,2026-01-16,14:00:14,ERROR,WebServer,Timeout waiting for lock on InventoryDB,E502,Timeout waiting for lock on {db}
93034,2026-01-16,14:40:48,WARN,OrderProcessor,Unauthorized access attempt from 10.0.0.45,E401,Unauthorized access attempt from {ip}
93035,2026-01-16,14:31:41,ERROR,WebServer,Timeout waiting for lock on InventoryDB,E502,Timeout waiting for lock on {db}
93036,2026-01-16,14:38:56,ERROR,WebServer,Timeout waiting for lock on InventoryDB,E502,Timeout waiting for lock on {db}
93037,2026-01-16,14:30:50,ERROR,OrderProcessor,Timeout waiting for lock on InventoryDB,E502,Timeout waiting for lock on {db}
93038,2026-01-16,14:07:43,ERROR,WebServer,Timeout waiting for lock on InventoryDB,E502,Timeout waiting for lock on {db}
93039,2026-01-16,14:42:57,INFO,WebServer,User u1081 login successful,E101,User {user} login successful
93040,2026-01-16,14:00:23,ERROR,WebServer,Payment declined: Gateway unavailable,E503,Payment declined: Gateway unavailable
93041,2026-01-16,14:09:10,WARN,AuthService,High latency (856ms) detected on AuthService,E201,High latency ({time}ms) detected on {service}
93042,2026-01-16,14:11:47,ERROR,WebServer,Payment declined: Gateway unavailable,E503,Payment declined: Gateway unavailable
93043,2026-01-16,14:44:22,INFO,InventoryDB,Page view: /home by u1234,E103,Page view: {page} by {user}
93044,2026-01-16,14:17:14,ERROR,WebServer,Payment declined: Gateway unavailable,E503,Payment declined: Gateway unavailable
93045,2026-01-16,14:27:13,ERROR,OrderProcessor,Connection refused to OrderProcessor at 10.0.0.45,E501,Connection refused to {service} at {ip}
93046,2026-01-16,14:10:19,CRITICAL,WebServer,DATA CORRUPTION detected in sector 814,E602,DATA CORRUPTION detected in sector {sector}
93047,2026-01-16,14:45:28,INFO,PaymentGateway,Page view: /home by u1500,E103,Page view: {page} by {user}
93048,2026-01-16,14:44:56,ERROR,AuthService,Payment declined: Gateway unavailable,E503,Payment declined: Gateway unavailable
93049,2026-01-16,14:29:42,CRITICAL,PaymentGateway,KERNEL PANIC: Node node-3 crashed,E601,KERNEL PANIC: Node {node} crashed
93050,2026-01-16,14:24:17,WARN,WebServer,Unauthorized access attempt from 192.168.1.5,E401,Unauthorized access attempt from {ip}
93051,2026-01-16,14:50:51,WARN,WebServer,Unauthorized access attempt from 10.0.0.45,E401,Unauthorized access attempt from {ip}
93052,2026-01-16,14:27:51,WARN,WebServer,Unauthorized access attempt from 10.0.0.12,E401,Unauthorized access attempt from {ip}
93053,2026-01-16,14:49:38,INFO,PaymentGateway,Transaction tx768403 completed in 1334ms,E104,Transaction {tx} completed in {time}ms
93054,2026-01-16,14:26:27,CRITICAL,WebServer,KERNEL PANIC: Node node-5 crashed,E601,KERNEL PANIC: Node {node} crashed
93055,2026-01-16,14:08:39,CRITICAL,AuthService,DATA CORRUPTION detected in sector 142,E602,DATA CORRUPTION detected in sector {sector}
93056,2026-01-16,14:03:38,INFO,PaymentGateway,Page view: /home by u1975,E103,Page view: {page} by {user}
93057,2026-01-16,14:11:03,INFO,AuthService,Page view: /home by u1199,E103,Page view: {page} by {user}
93058,2026-01-16,14:49:37,INFO,WebServer,Health check passed: WebServer,E102,Health check passed: {service}
93059,2026-01-16,14:08:54,ERROR,WebServer,Payment declined: Gateway unavailable,E503,Payment declined: Gateway unavailable
93060,2026-01-16,14:17:16,ERROR,OrderProcessor,Connection refused to OrderProcessor at 10.0.0.12,E501,Connection refused to {service} at {ip}
93061,2026-01-16,14:10:13,CRITICAL,AuthService,KERNEL PANIC: Node node-3 crashed,E601,KERNEL PANIC: Node {node} crashed
93062,2026-01-16,14:26:49,WARN,WebServer,Disk usage > 85% on node node-1,E202,Disk usage > 85% on node {node}
93063,2026-01-16,14:05:44,INFO,PaymentGateway,User u4343 login successful,E101,User {user} login successful
93064,2026-01-16,14:37:28,WARN,InventoryDB,Unauthorized access attempt from 10.0.0.88,E401,Unauthorized access attempt from {ip}
93065,2026-01-16,14:36:36,INFO,OrderProcessor,User u1144 login successful,E101,User {user} login successful
93066,2026-01-16,14:16:42,WARN,WebServer,High latency (1379ms) detected on WebServer,E201,High latency ({time}ms) detected on {service}
93067,2026-01-16,14:02:22,ERROR,AuthService,Payment declined: Gateway unavailable,E503,Payment declined: Gateway unavailable
93068,2026-01-16,14:23:42,ERROR,AuthService,Timeout waiting for lock on InventoryDB,E502,Timeout waiting for lock on {db}
93069,2026-01-16,14:01:52,INFO,AuthService,Page view: /home by u3511,E103,Page view: {page} by {user}
93070,2026-01-16,14:36:26,CRITICAL,AuthService,KERNEL PANIC: Node node-3 crashed,E601,KERNEL PANIC: Node {node} crashed
93071,2026-01-16,14:57:22,ERROR,AuthService,Timeout waiting for lock on InventoryDB,E502,Timeout waiting for lock on {db}
93072,2026-01-16,14:32:00,ERROR,PaymentGateway,Connection refused to PaymentGateway at 10.0.0.45,E501,Connection refused to {service} at {ip}
93073,2026-01-16,14:32:34,ERROR,AuthService,Timeout waiting for lock on InventoryDB,E502,Timeout waiting for lock on {db}
93074,2026-01-16,14:15:23,INFO,PaymentGateway,Page view: /home by u4852,E103,Page view: {page} by {user}
93075,2026-01-16,14:55:51,INFO,WebServer,Page view: /home by u1232,E103,Page view: {page} by {user}
93076,2026-01-16,14:23:42,ERROR,WebServer,Payment declined: Gateway unavailable,E503,Payment declined: Gateway unavailable
93077,2026-01-16,14:48:41,WARN,AuthService,Disk usage > 85% on node node-5,E202,Disk usage > 85% on node {node}
93078,2026-01-16,14:18:25,ERROR,PaymentGateway,Connection refused to PaymentGateway at 10.0.0.45,E501,Connection refused to {service} at {ip}
93079,2026-01-16,14:47:38,ERROR,PaymentGateway,Timeout waiting for lock on InventoryDB,E502,Timeout waiting for lock on {db}
93080,2026-01-16,14:53:51,WARN,WebServer,Unauthorized access attempt from 10.0.0.45,E401,Unauthorized access attempt from {ip}
93081,2026-01-16,14:36:49,ERROR,WebServer,Timeout waiting for lock on InventoryDB,E502,Timeout waiting for lock on {db}
93082,2026-01-16,14:25:51,ERROR,AuthService,Connection refused to AuthService at 10.0.0.45,E501,Connection refused to {service} at {ip}
93083,2026-01-16,14:13:54,INFO,AuthService,Transaction tx195425 completed in 297ms,E104,Transaction {tx} completed in {time}ms
93084,2026-01-16,14:04:55,ERROR,WebServer,Payment declined: Gateway unavailable,E503,Payment declined: Gateway unavailable
93085,2026-01-16,14:14:00,INFO,WebServer,Health check passed: WebServer,E102,Health check passed: {service}
93086,2026-01-16,14:07:15,WARN,OrderProcessor,Unauthorized access attempt from 10.0.0.12,E401,Unauthorized access attempt from {ip}
93087,2026-01-16,14:31:45,INFO,OrderProcessor,Health check passed: OrderProcessor,E102,Health check passed: {service}
93088,2026-01-16,14:10:00,CRITICAL,OrderProcessor,KERNEL PANIC: Node node-1 crashed,E601,KERNEL PANIC: Node {node} crashed
93089,2026-01-16,14:39:40,WARN,OrderProcessor,Unauthorized access attempt from 10.0.0.45,E401,Unauthorized access attempt from {ip}
93090,2026-01-16,14:56:59,ERROR,WebServer,Timeout waiting for lock on InventoryDB,E502,Timeout waiting for lock on {db}
93091,2026-01-16,14:45:48,ERROR,WebServer,Payment declined: Gateway unavailable,E503,Payment declined: Gateway unavailable
93092,2026-01-16,14:20:53,ERROR,WebServer,Connection refused to WebServer at 10.0.0.45,E501,Connection refused to {service} at {ip}
93093,2026-01-16,14:56:11,INFO,WebServer,Page view: /home by u2794,E103,Page view: {page} by {user}
93094,2026-01-16,14:29:12,WARN,WebServer,Disk usage > 85% on node node-2,E202,Disk usage > 85% on node {node}
93095,2026-01-16,14:36:27,ERROR,WebServer,Connection refused to WebServer at 10.0.0.45,E501,Connection refused to {service} at {ip}
93096,2026-01-16,14:21:39,CRITICAL,OrderProcessor,KERNEL PANIC: Node node-1 crashed,E601,KERNEL PANIC: Node {node} crashed
93097,2026-01-16,14:27:18,INFO,OrderProcessor,Page view: /home by u1379,E103,Page view: {page} by {user}
93098,2026-01-16,14:44:21,ERROR,WebServer,Connection refused to WebServer at 10.0.0.45,E501,Connection refused to {service} at {ip}
93099,2026-01-16,14:22:47,ERROR,WebServer,Connection refused to WebServer at 10.0.0.88,E501,Connection refused to {service} at {ip}
93100,2026-01-16,14:57:26,WARN,OrderProcessor,High latency (667ms) detected on OrderProcessor,E201,High latency ({time}ms) detected on {service}
93101,2026-01-16,14:36:07,WARN,WebServer,Unauthorized access attempt from 10.0.0.45,E401,Unauthorized access attempt from {ip}
93102,2026-01-16,14:34:43,WARN,AuthService,High latency (201ms) detected on AuthService,E201,High latency ({time}ms) detected on {service}
93103,2026-01-16,14:49:50,INFO,InventoryDB,Health check passed: InventoryDB,E102,Health check passed: {service}
93104,2026-01-16,14:30:59,ERROR,WebServer,Connection refused to WebServer at 10.0.0.45,E501,Connection refused to {service} at {ip}
93105,2026-01-16,14:00:46,ERROR,InventoryDB,Connection refused to InventoryDB at 10.0.0.10,E501,Connection refused to {service} at {ip}
93106,2026-01-16,14:22:54,WARN,AuthService,Disk usage > 85% on node node-5,E202,Disk usage > 85% on node {node}
93107,2026-01-16,14:10:33,ERROR,WebServer,Payment declined: Gateway unavailable,E503,Payment declined: Gateway unavailable
93108,2026-01-16,14:12:13,CRITICAL,OrderProcessor,KERNEL PANIC: Node node-5 crashed,E601,KERNEL PANIC: Node {node} crashed
93109,2026-01-16,14:14:09,ERROR,WebServer,Payment declined: Gateway unavailable,E503,Payment declined: Gateway unavailable
93110,2026-01-16,14:27:23,INFO,WebServer,Page view: /home by u3969,E103,Page view: {page} by {user}
93111,2026-01-16,14:38:14,WARN,WebServer,Disk usage > 85% on node node-4,E202,Disk usage > 85% on node {node}
93112,2026-01-16,14:48:59,ERROR,WebServer,Timeout waiting for lock on InventoryDB,E502,Timeout waiting for lock on {db}
93113,2026-01-16,14:54:06,ERROR,WebServer,Payment declined: Gateway unavailable,E503,Payment declined: Gateway unavailable
93114,2026-01-16,14:17:39,WARN,InventoryDB,Unauthorized access attempt from 10.0.0.45,E401,Unauthorized access attempt from {ip}
93115,2026-01-16,14:28:54,CRITICAL,PaymentGateway,KERNEL PANIC: Node node-4 crashed,E601,KERNEL PANIC: Node {node} crashed
93116,2026-01-16,14:32:51,WARN,WebServer,Disk usage > 85% on node node-3,E202,Disk usage > 85% on node {node}
93117,2026-01-16,14:57:48,WARN,AuthService,High latency (70ms) detected on AuthService,E201,High latency ({time}ms) detected on {service}
93118,2026-01-16,14:39:41,INFO,WebServer,Health check passed: WebServer,E102,Health check passed: {service}
93119,2026-01-16,14:18:17,INFO,OrderProcessor,Page view: /home by u1488,E103,Page view: {page} by {user}
93120,2026-01-16,14:13:12,INFO,WebServer,Page view: /home by u2026,E103,Page view: {page} by {user}
93121,2026-01-16,14:07:14,CRITICAL,PaymentGateway,KERNEL PANIC: Node node-1 crashed,E601,KERNEL PANIC: Node {node} crashed
93122,2026-01-16,14:58:58,WARN,AuthService,Unauthorized access attempt from 10.0.0.88,E401,Unauthorized access attempt from {ip}
93123,2026-01-16,14:33:37,ERROR,WebServer,Timeout waiting for lock on InventoryDB,E502,Timeout waiting for lock on {db}
93124,2026-01-16,14:49:07,ERROR,WebServer,Payment declined: Gateway unavailable,E503,Payment declined: Gateway unavailable
93125,2026-01-16,14:47:19,WARN,WebServer,Disk usage > 85% on node node-4,E202,Disk usage > 85% on node {node}
93126,2026-01-16,14:37:23,INFO,AuthService,User u2455 login successful,E101,User {user} login successful
93127,2026-01-16,14:00:32,CRITICAL,AuthService,DATA CORRUPTION detected in sector 437,E602,DATA CORRUPTION detected in sector {sector}
93128,2026-01-16,14:51:05,INFO,WebServer,Transaction tx856772 completed in 375ms,E104,Transaction {tx} completed in {time}ms
93129,2026-01-16,14:51:37,WARN,WebServer,Disk usage > 85% on node node-2,E202,Disk usage > 85% on node {node}
93130,2026-01-16,14:57:09,WARN,WebServer,Disk usage > 85% on node node-3,E202,Disk usage > 85% on node {node}
93131,2026-01-16,14:08:21,INFO,WebServer,Page view: /home by u3748,E103,Page view: {page} by {user}
93132,2026-01-16,14:31:24,WARN,InventoryDB,Disk usage > 85% on node node-2,E202,Disk usage > 85% on node {node}
93133,2026-01-16,14:16:44,ERROR,PaymentGateway,Payment declined: Gateway unavailable,E503,Payment declined: Gateway unavailable
93134,2026-01-16,14:27:49,ERROR,WebServer,Connection refused to WebServer at 10.0.0.99,E501,Connection refused to {service} at {ip}
93135,2026-01-16,14:01:24,CRITICAL,AuthService,KERNEL PANIC: Node node-5 crashed,E601,KERNEL PANIC: Node {node} crashed
93136,2026-01-16,14:59:23,WARN,WebServer,Unauthorized access attempt from 10.0.0.45,E401,Unauthorized access attempt from {ip}
93137,2026-01-16,14:14:31,CRITICAL,WebServer,KERNEL PANIC: Node node-4 crashed,E601,KERNEL PANIC: Node {node} crashed
93138,2026-01-16,14:05:58,WARN,WebServer,High latency (878ms) detected on WebServer,E201,High latency ({time}ms) detected on {service}
93139,2026-01-16,14:42:09,ERROR,OrderProcessor,Timeout waiting for lock on InventoryDB,E502,Timeout waiting for lock on {db}
93140,2026-01-16,14:47:06,ERROR,WebServer,Connection refused to WebServer at 10.0.0.12,E501,Connection refused to {service} at {ip}
93141,2026-01-16,14:38:00,ERROR,WebServer,Timeout waiting for lock on InventoryDB,E502,Timeout waiting for lock on {db}
93142,2026-01-16,14:07:58,INFO,WebServer,Health check passed: WebServer,E102,Health check passed: {service}
93143,2026-01-16,14:04:48,INFO,WebServer,Health check passed: WebServer,E102,Health check passed: {service}
93144,2026-01-16,14:10:29,INFO,WebServer,Health check passed: WebServer,E102,Health check passed: {service}
93145,2026-01-16,14:59:32,ERROR,WebServer,Connection refused to WebServer at 10.0.0.88,E501,Connection refused to {service} at {ip}
93146,2026-01-16,14:08:05,ERROR,OrderProcessor,Connection refused to OrderProcessor at 10.0.0.12,E501,Connection refused to {service} at {ip}
93147,2026-01-16,14:23:10,WARN,OrderProcessor,Disk usage > 85% on node node-1,E202,Disk usage > 85% on node {node}
93148,2026-01-16,14:04:15,CRITICAL,WebServer,KERNEL PANIC: Node node-5 crashed,E601,KERNEL PANIC: Node {node} crashed
93149,2026-01-16,14:09:41,INFO,InventoryDB,Transaction tx167525 completed in 990ms,E104,Transaction {tx} completed in {time}ms
93150,2026-01-16,14:11:34,CRITICAL,WebServer,KERNEL PANIC: Node node-1 crashed,E601,KERNEL PANIC: Node {node} crashed
93151,2026-01-16,14:59:09,ERROR,WebServer,Timeout waiting for lock on InventoryDB,E502,Timeout waiting for lock on {db}
93152,2026-01-16,14:51:42,CRITICAL,WebServer,KERNEL PANIC: Node node-1 crashed,E601,KERNEL PANIC: Node {node} crashed
93153,2026-01-16,14:38:26,WARN,WebServer,High latency (588ms) detected on WebServer,E201,High latency ({time}ms) detected on {service}
93154,2026-01-16,14:00:03,WARN,WebServer,Disk usage > 85% on node node-4,E202,Disk usage > 85% on node {node}
93155,2026-01-16,14:59:23,ERROR,PaymentGateway,Payment declined: Gateway unavailable,E503,Payment declined: Gateway unavailable
93156,2026-01-16,14:42:34,ERROR,WebServer,Payment declined: Gateway unavailable,E503,Payment declined: Gateway unavailable
93157,2026-01-16,14:52:48,INFO,WebServer,User u4561 login successful,E101,User {user} login successful
93158,2026-01-16,14:53:50,ERROR,WebServer,Timeout waiting for lock on InventoryDB,E502,Timeout waiting for lock on {db}
93159,2026-01-16,14:28:17,CRITICAL,AuthService,DATA CORRUPTION detected in sector 505,E602,DATA CORRUPTION detected in sector {sector}
93160,2026-01-16,14:09:10,ERROR,InventoryDB,Connection refused to InventoryDB at 10.0.0.99,E501,Connection refused to {service} at {ip}
93161,2026-01-16,14:39:28,WARN,WebServer,Unauthorized access attempt from 10.0.0.45,E401,Unauthorized access attempt from {ip}
93162,2026-01-16,14:43:06,ERROR,WebServer,Payment declined: Gateway unavailable,E503,Payment declined: Gateway unavailable
93163,2026-01-16,14:40:29,ERROR,WebServer,Timeout waiting for lock on InventoryDB,E502,Timeout waiting for lock on {db}
93164,2026-01-16,14:20:13,INFO,WebServer,Health check passed: WebServer,E102,Health check passed: {service}
93165,2026-01-16,14:03:52,INFO,OrderProcessor,User u3638 login successful,E101,User {user} login successful
93166,2026-01-16,14:36:57,INFO,AuthService,Health check passed: AuthService,E102,Health check passed: {service}
93167,2026-01-16,14:47:04,INFO,OrderProcessor,User u2038 login successful,E101,User {user} login successful
93168,2026-01-16,14:32:42,ERROR,WebServer,Connection refused to WebServer at 192.168.1.5,E501,Connection refused to {service} at {ip}
93169,2026-01-16,14:27:30,INFO,AuthService,Transaction tx663834 completed in 792ms,E104,Transaction {tx} completed in {time}ms
93170,2026-01-16,14:24:41,INFO,OrderProcessor,Page view: /home by u3001,E103,Page view: {page} by {user}
93171,2026-01-16,14:20:46,INFO,WebServer,Transaction tx342889 completed in 563ms,E104,Transaction {tx} completed in {time}ms
93172,2026-01-16,14:57:19,ERROR,AuthService,Connection refused to AuthService at 10.0.0.10,E501,Connection refused to {service} at {ip}
93173,2026-01-16,14:32:10,CRITICAL,PaymentGateway,DATA CORRUPTION detected in sector 657,E602,DATA CORRUPTION detected in sector {sector}
93174,2026-01-16,14:49:57,ERROR,InventoryDB,Payment declined: Gateway unavailable,E503,Payment declined: Gateway unavailable
93175,2026-01-16,14:29:54,ERROR,WebServer,Payment declined: Gateway unavailable,E503,Payment declined: Gateway unavailable
93176,2026-01-16,14:13:40,ERROR,WebServer,Connection refused to WebServer at 10.0.0.12,E501,Connection refused to {service} at {ip}
93177,2026-01-16,14:10:12,CRITICAL,WebServer,DATA CORRUPTION detected in sector 180,E602,DATA CORRUPTION detected in sector {sector}
93178,2026-01-16,14:15:35,CRITICAL,InventoryDB,DATA CORRUPTION detected in sector 769,E602,DATA CORRUPTION detected in sector {sector}
93179,2026-01-16,14:02:49,ERROR,AuthService,Payment declined: Gateway unavailable,E503,Payment declined: Gateway unavailable
93180,2026-01-16,14:53:46,INFO,PaymentGateway,Health check passed: PaymentGateway,E102,Health check passed: {service}
93181,2026-01-16,14:44:54,WARN,WebServer,Unauthorized access attempt from 10.0.0.10,E401,Unauthorized access attempt from {ip}
93182,2026-01-16,14:38:46,WARN,OrderProcessor,Unauthorized access attempt from 10.0.0.45,E401,Unauthorized access attempt from {ip}
93183,2026-01-16,14:22:02,INFO,WebServer,Health check passed: WebServer,E102,Health check passed: {service}
93184,2026-01-16,14:27:56,ERROR,WebServer,Payment declined: Gateway unavailable,E503,Payment declined: Gateway unavailable
93185,2026-01-16,14:30:12,INFO,AuthService,Page view: /home by u3188,E103,Page view: {page} by {user}
93186,2026-01-16,14:29:03,INFO,AuthService,Page view: /home by u1736,E103,Page view: {page} by {user}
93187,2026-01-16,14:22:14,ERROR,WebServer,Payment declined: Gateway unavailable,E503,Payment declined: Gateway unavailable
93188,2026-01-16,14:50:34,INFO,AuthService,Health check passed: AuthService,E102,Health check passed: {service}
93189,2026-01-16,14:20:23,WARN,WebServer,Unauthorized access attempt from 10.0.0.10,E401,Unauthorized access attempt from {ip}
93190,2026-01-16,14:16:33,ERROR,AuthService,Timeout waiting for lock on InventoryDB,E502,Timeout waiting for lock on {db}
93191,2026-01-16,14:06:00,WARN,WebServer,Disk usage > 85% on node node-3,E202,Disk usage > 85% on node {node}
93192,2026-01-16,14:47:31,WARN,AuthService,High latency (1945ms) detected on AuthService,E201,High latency ({time}ms) detected on {service}
93193,2026-01-16,14:44:29,INFO,AuthService,Health check passed: AuthService,E102,Health check passed: {service}
93194,2026-01-16,14:36:12,WARN,WebServer,High latency (1267ms) detected on WebServer,E201,High latency ({time}ms) detected on {service}
93195,2026-01-16,14:50:25,ERROR,PaymentGateway,Timeout waiting for lock on InventoryDB,E502,Timeout waiting for lock on {db}
93196,2026-01-16,14:21:56,ERROR,InventoryDB,Timeout waiting for lock on InventoryDB,E502,Timeout waiting for lock on {db}
93197,2026-01-16,14:57:21,ERROR,AuthService,Payment declined: Gateway unavailable,E503,Payment declined: Gateway unavailable
93198,2026-01-16,14:04:13,INFO,AuthService,Health check passed: AuthService,E102,Health check passed: {service}
93199,2026-01-16,14:26:49,WARN,WebServer,High latency (292ms) detected on WebServer,E201,High latency ({time}ms) detected on {service}
93200,2026-01-16,14:13:34,ERROR,WebServer,Timeout waiting for lock on InventoryDB,E502,Timeout waiting for lock on {db}
93201,2026-01-16,14:20:41,ERROR,WebServer,Connection refused to WebServer at 10.0.0.45,E501,Connection refused to {service} at {ip}
93202,2026-01-16,14:50:45,ERROR,WebServer,Timeout waiting for lock on InventoryDB,E502,Timeout waiting for lock on {db}
93203,2026-01-16,14:11:05,ERROR,WebServer,Timeout waiting for lock on InventoryDB,E502,Timeout waiting for lock on {db}
93204,2026-01-16,14:17:46,ERROR,WebServer,Timeout waiting for lock on InventoryDB,E502,Timeout waiting for lock on {db}
93205,2026-01-16,14:45:16,INFO,PaymentGateway,Health check passed: PaymentGateway,E102,Health check passed: {service}
93206,2026-01-16,14:22:38,WARN,PaymentGateway,Disk usage > 85% on node node-2,E202,Disk usage > 85% on node {node}
93207,2026-01-16,14:08:20,WARN,OrderProcessor,High latency (219ms) detected on OrderProcessor,E201,High latency ({time}ms) detected on {service}
93208,2026-01-16,14:00:59,WARN,WebServer,Unauthorized access attempt from 10.0.0.45,E401,Unauthorized access attempt from {ip}
93209,2026-01-16,14:16:59,INFO,AuthService,Page view: /home by u4890,E103,Page view: {page} by {user}
93210,2026-01-16,14:00:54,WARN,WebServer,Unauthorized access attempt from 192.168.1.5,E401,Unauthorized access attempt from {ip}
93211,2026-01-16,14:55:07,CRITICAL,WebServer,KERNEL PANIC: Node node-2 crashed,E601,KERNEL PANIC: Node {node} crashed
93212,2026-01-16,14:12:30,ERROR,AuthService,Payment declined: Gateway unavailable,E503,Payment declined: Gateway unavailable
93213,2026-01-16,14:34:28,CRITICAL,OrderProcessor,KERNEL PANIC: Node node-4 crashed,E601,KERNEL PANIC: Node {node} crashed
93214,2026-01-16,14:13:49,ERROR,WebServer,Payment declined: Gateway unavailable,E503,Payment declined: Gateway unavailable
93215,2026-01-16,14:12:22,WARN,AuthService,Disk usage > 85% on node node-1,E202,Disk usage > 85% on node {node}
93216,2026-01-16,14:08:14,ERROR,WebServer,Connection refused to WebServer at 10.0.0.10,E501,Connection refused to {service} at {ip}
93217,2026-01-16,14:02:52,WARN,WebServer,High latency (1486ms) detected on WebServer,E201,High latency ({time}ms) detected on {service}
93218,2026-01-16,14:15:07,INFO,AuthService,User u3736 login successful,E101,User {user} login successful
93219,2026-01-16,14:59:01,ERROR,WebServer,Connection refused to WebServer at 10.0.0.88,E501,Connection refused to {service} at {ip}
93220,2026-01-16,14:21:12,WARN,AuthService,Disk usage > 85% on node node-2,E202,Disk usage > 85% on node {node}
93221,2026-01-16,14:07:22,ERROR,AuthService,Payment declined: Gateway unavailable,E503,Payment declined: Gateway unavailable
93222,2026-01-16,14:45:51,ERROR,WebServer,Payment declined: Gateway unavailable,E503,Payment declined: Gateway unavailable
93223,2026-01-16,14:19:14,ERROR,AuthService,Timeout waiting for lock on InventoryDB,E502,Timeout waiting for lock on {db}
93224,2026-01-16,14:50:51,WARN,OrderProcessor,High latency (1891ms) detected on OrderProcessor,E201,High latency ({time}ms) detected on {service}
93225,2026-01-16,14:16:08,INFO,WebServer,Transaction tx429764 completed in 123ms,E104,Transaction {tx} completed in {time}ms
93226,2026-01-16,14:58:36,ERROR,WebServer,Timeout waiting for lock on InventoryDB,E502,Timeout waiting for lock on {db}
93227,2026-01-16,14:48:11,CRITICAL,WebServer,KERNEL PANIC: Node node-3 crashed,E601,KERNEL PANIC: Node {node} crashed
93228,2026-01-16,14:10:54,WARN,OrderProcessor,Unauthorized access attempt from 10.0.0.45,E401,Unauthorized access attempt from {ip}
93229,2026-01-16,14:34:01,INFO,AuthService,Page view: /home by u3388,E103,Page view: {page} by {user}
93230,2026-01-16,14:03:41,ERROR,AuthService,Timeout waiting for lock on InventoryDB,E502,Timeout waiting for lock on {db}
93231,2026-01-16,14:18:54,WARN,WebServer,Unauthorized access attempt from 10.0.0.45,E401,Unauthorized access attempt from {ip}
93232,2026-01-16,14:36:20,WARN,AuthService,Disk usage > 85% on node node-4,E202,Disk usage > 85% on node {node}
93233,2026-01-16,14:56:54,ERROR,PaymentGateway,Timeout waiting for lock on InventoryDB,E502,Timeout waiting for lock on {db}
93234,2026-01-16,14:44:54,WARN,OrderProcessor,Unauthorized access attempt from 10.0.0.12,E401,Unauthorized access attempt from {ip}
93235,2026-01-16,14:35:02,ERROR,PaymentGateway,Timeout waiting for lock on InventoryDB,E502,Timeout waiting for lock on {db}
93236,2026-01-16,14:30:31,INFO,WebServer,User u3996 login successful,E101,User {user} login successful
93237,2026-01-16,14:42:38,WARN,PaymentGateway,High latency (1094ms) detected on PaymentGateway,E201,High latency ({time}ms) detected on {service}
93238,2026-01-16,14:13:24,INFO,PaymentGateway,Transaction tx925978 completed in 1010ms,E104,Transaction {tx} completed in {time}ms
93239,2026-01-16,14:35:49,ERROR,AuthService,Timeout waiting for lock on InventoryDB,E502,Timeout waiting for lock on {db}
93240,2026-01-16,14:11:45,WARN,WebServer,Unauthorized access attempt from 10.0.0.45,E401,Unauthorized access attempt from {ip}
93241,2026-01-16,14:09:03,ERROR,WebServer,Connection refused to WebServer at 10.0.0.45,E501,Connection refused to {service} at {ip}
93242,2026-01-16,14:11:55,ERROR,AuthService,Connection refused to AuthService at 10.0.0.45,E501,Connection refused to {service} at {ip}
93243,2026-01-16,14:26:33,INFO,AuthService,Page view: /home by u3774,E103,Page view: {page} by {user}
93244,2026-01-16,14:03:42,INFO,AuthService,Page view: /home by u4845,E103,Page view: {page} by {user}
93245,2026-01-16,14:06:42,ERROR,WebServer,Payment declined: Gateway unavailable,E503,Payment declined: Gateway unavailable
93246,2026-01-16,14:13:24,ERROR,AuthService,Payment declined: Gateway unavailable,E503,Payment declined: Gateway unavailable
93247,2026-01-16,14:59:55,ERROR,WebServer,Payment declined: Gateway unavailable,E503,Payment declined: Gateway unavailable
93248,2026-01-16,14:22:56,CRITICAL,OrderProcessor,DATA CORRUPTION detected in sector 781,E602,DATA CORRUPTION detected in sector {sector}
93249,2026-01-16,14:00:21,ERROR,AuthService,Timeout waiting for lock on InventoryDB,E502,Timeout waiting for lock on {db}
93250,2026-01-16,14:16:29,ERROR,OrderProcessor,Timeout waiting for lock on InventoryDB,E502,Timeout waiting for lock on {db}
93251,2026-01-16,14:14:44,WARN,PaymentGateway,Unauthorized access attempt from 10.0.0.45,E401,Unauthorized access attempt from {ip}
93252,2026-01-16,14:33:10,INFO,WebServer,Page view: /home by u1721,E103,Page view: {page} by {user}
93253,2026-01-16,14:21:40,INFO,AuthService,Transaction tx155740 completed in 1081ms,E104,Transaction {tx} completed in {time}ms
93254,2026-01-16,14:57:39,WARN,WebServer,Disk usage > 85% on node node-2,E202,Disk usage > 85% on node {node}
93255,2026-01-16,14:56:53,WARN,OrderProcessor,Disk usage > 85% on node node-1,E202,Disk usage > 85% on node {node}
93256,2026-01-16,14:59:10,ERROR,AuthService,Connection refused to AuthService at 10.0.0.45,E501,Connection refused to {service} at {ip}
93257,2026-01-16,14:12:21,ERROR,AuthService,Connection refused to AuthService at 10.0.0.45,E501,Connection refused to {service} at {ip}
93258,2026-01-16,14:20:31,ERROR,WebServer,Payment declined: Gateway unavailable,E503,Payment declined: Gateway unavailable
93259,2026-01-16,14:33:50,WARN,OrderProcessor,Unauthorized access attempt from 10.0.0.88,E401,Unauthorized access attempt from {ip}
93260,2026-01-16,14:23:54,WARN,WebServer,Unauthorized access attempt from 10.0.0.10,E401,Unauthorized access attempt from {ip}
93261,2026-01-16,14:51:40,INFO,WebServer,Health check passed: WebServer,E102,Health check passed: {service}
93262,2026-01-16,14:46:44,WARN,WebServer,High latency (912ms) detected on WebServer,E201,High latency ({time}ms) detected on {service}
93263,2026-01-16,14:26:26,INFO,WebServer,Transaction tx885658 completed in 103ms,E104,Transaction {tx} completed in {time}ms
93264,2026-01-16,14:36:17,WARN,AuthService,High latency (1678ms) detected on AuthService,E201,High latency ({time}ms) detected on {service}
93265,2026-01-16,14:24:32,CRITICAL,WebServer,DATA CORRUPTION detected in sector 980,E602,DATA CORRUPTION detected in sector {sector}
93266,2026-01-16,14:26:09,INFO,WebServer,Transaction tx828772 completed in 1867ms,E104,Transaction {tx} completed in {time}ms
93267,2026-01-16,14:41:26,CRITICAL,WebServer,KERNEL PANIC: Node node-4 crashed,E601,KERNEL PANIC: Node {node} crashed
93268,2026-01-16,14:57:12,INFO,WebServer,Health check passed: WebServer,E102,Health check passed: {service}
93269,2026-01-16,14:27:35,ERROR,AuthService,Connection refused to AuthService at 10.0.0.12,E501,Connection refused to {service} at {ip}
93270,2026-01-16,14:22:37,ERROR,OrderProcessor,Timeout waiting for lock on InventoryDB,E502,Timeout waiting for lock on {db}
93271,2026-01-16,14:53:32,WARN,WebServer,Unauthorized access attempt from 10.0.0.88,E401,Unauthorized access attempt from {ip}
93272,2026-01-16,14:18:55,WARN,PaymentGateway,High latency (707ms) detected on PaymentGateway,E201,High latency ({time}ms) detected on {service}
93273,2026-01-16,14:19:51,ERROR,WebServer,Timeout waiting for lock on InventoryDB,E502,Timeout waiting for lock on {db}
93274,2026-01-16,14:30:33,CRITICAL,WebServer,KERNEL PANIC: Node node-4 crashed,E601,KERNEL PANIC: Node {node} crashed
93275,2026-01-16,14:52:08,ERROR,WebServer,Payment declined: Gateway unavailable,E503,Payment declined: Gateway unavailable
93276,2026-01-16,14:15:21,CRITICAL,PaymentGateway,KERNEL PANIC: Node node-5 crashed,E601,KERNEL PANIC: Node {node} crashed
93277,2026-01-16,14:41:19,ERROR,WebServer,Timeout waiting for lock on InventoryDB,E502,Timeout waiting for lock on {db}
93278,2026-01-16,14:14:44,INFO,OrderProcessor,Health check passed: OrderProcessor,E102,Health check passed: {service}
93279,2026-01-16,14:59:22,ERROR,WebServer,Connection refused to WebServer at 10.0.0.45,E501,Connection refused to {service} at {ip}
93280,2026-01-16,14:17:02,ERROR,WebServer,Payment declined: Gateway unavailable,E503,Payment declined: Gateway unavailable
93281,2026-01-16,14:27:04,CRITICAL,AuthService,KERNEL PANIC: Node node-4 crashed,E601,KERNEL PANIC: Node {node} crashed
93282,2026-01-16,14:07:29,ERROR,WebServer,Connection refused to WebServer at 10.0.0.45,E501,Connection refused to {service} at {ip}
93283,2026-01-16,14:35:40,ERROR,WebServer,Connection refused to WebServer at 10.0.0.45,E501,Connection refused to {service} at {ip}
93284,2026-01-16,14:12:21,INFO,AuthService,User u4185 login successful,E101,User {user} login successful
93285,2026-01-16,14:53:55,ERROR,OrderProcessor,Timeout waiting for lock on InventoryDB,E502,Timeout waiting for lock on {db}
93286,2026-01-16,14:24:39,CRITICAL,AuthService,DATA CORRUPTION detected in sector 700,E602,DATA CORRUPTION detected in sector {sector}
93287,2026-01-16,14:05:41,WARN,WebServer,Disk usage > 85% on node node-1,E202,Disk usage > 85% on node {node}
93288,2026-01-16,14:18:12,INFO,AuthService,Transaction tx857006 completed in 1210ms,E104,Transaction {tx} completed in {time}ms
93289,2026-01-16,14:07:13,INFO,AuthService,Transaction tx412428 completed in 338ms,E104,Transaction {tx} completed in {time}ms
93290,2026-01-16,14:17:45,INFO,WebServer,Transaction tx892277 completed in 1281ms,E104,Transaction {tx} completed in {time}ms
93291,2026-01-16,14:56:24,ERROR,OrderProcessor,Timeout waiting for lock on InventoryDB,E502,Timeout waiting for lock on {db}
93292,2026-01-16,14:22:06,INFO,AuthService,Page view: /home by u2951,E103,Page view: {page} by {user}
93293,2026-01-16,14:56:27,WARN,AuthService,Unauthorized access attempt from 10.0.0.45,E401,Unauthorized access attempt from {ip}
93294,2026-01-16,14:14:08,CRITICAL,PaymentGateway,DATA CORRUPTION detected in sector 364,E602,DATA CORRUPTION detected in sector {sector}
93295,2026-01-16,14:04:33,CRITICAL,WebServer,KERNEL PANIC: Node node-2 crashed,E601,KERNEL PANIC: Node {node} crashed
93296,2026-01-16,14:22:12,INFO,InventoryDB,Page view: /home by u3553,E103,Page view: {page} by {user}
93297,2026-01-16,14:07:35,ERROR,WebServer,Connection refused to WebServer at 10.0.0.12,E501,Connection refused to {service} at {ip}
93298,2026-01-16,14:53:11,CRITICAL,WebServer,DATA CORRUPTION detected in sector 931,E602,DATA CORRUPTION detected in sector {sector}
93299,2026-01-16,14:32:13,WARN,WebServer,Unauthorized access attempt from 10.0.0.45,E401,Unauthorized access attempt from {ip}
93300,2026-01-16,14:40:24,WARN,WebServer,Disk usage > 85% on node node-4,E202,Disk usage > 85% on node {node}
93301,2026-01-16,14:18:40,CRITICAL,PaymentGateway,KERNEL PANIC: Node node-1 crashed,E601,KERNEL PANIC: Node {node} crashed
93302,2026-01-16,14:12:58,WARN,OrderProcessor,Disk usage > 85% on node node-5,E202,Disk usage > 85% on node {node}
93303,2026-01-16,14:24:12,ERROR,WebServer,Timeout waiting for lock on InventoryDB,E502,Timeout waiting for lock on {db}
93304,2026-01-16,14:54:32,INFO,WebServer,User u2269 login successful,E101,User {user} login successful
93305,2026-01-16,14:05:45,INFO,WebServer,Page view: /home by u3665,E103,Page view: {page} by {user}
93306,2026-01-16,14:04:53,INFO,WebServer,Transaction tx808458 completed in 962ms,E104,Transaction {tx} completed in {time}ms
93307,2026-01-16,14:16:53,INFO,WebServer,Page view: /home by u4533,E103,Page view: {page} by {user}
93308,2026-01-16,14:33:49,INFO,AuthService,Page view: /home by u3421,E103,Page view: {page} by {user}
93309,2026-01-16,14:21:41,WARN,InventoryDB,Disk usage > 85% on node node-4,E202,Disk usage > 85% on node {node}
93310,2026-01-16,14:45:18,WARN,PaymentGateway,Disk usage > 85% on node node-1,E202,Disk usage > 85% on node {node}
93311,2026-01-16,14:33:03,INFO,AuthService,Health check passed: AuthService,E102,Health check passed: {service}
93312,2026-01-16,14:59:04,CRITICAL,WebServer,KERNEL PANIC: Node node-5 crashed,E601,KERNEL PANIC: Node {node} crashed
93313,2026-01-16,14:00:14,ERROR,WebServer,Payment declined: Gateway unavailable,E503,Payment declined: Gateway unavailable
93314,2026-01-16,14:41:49,WARN,WebServer,Unauthorized access attempt from 10.0.0.45,E401,Unauthorized access attempt from {ip}
93315,2026-01-16,14:43:43,ERROR,OrderProcessor,Timeout waiting for lock on InventoryDB,E502,Timeout waiting for lock on {db}
93316,2026-01-16,14:21:25,CRITICAL,AuthService,DATA CORRUPTION detected in sector 218,E602,DATA CORRUPTION detected in sector {sector}
93317,2026-01-16,14:22:14,ERROR,WebServer,Connection refused to WebServer at 10.0.0.45,E501,Connection refused to {service} at {ip}
93318,2026-01-16,14:12:15,INFO,WebServer,Health check passed: WebServer,E102,Health check passed: {service}
93319,2026-01-16,14:19:11,ERROR,WebServer,Connection refused to WebServer at 10.0.0.45,E501,Connection refused to {service} at {ip}
93320,2026-01-16,14:10:29,INFO,PaymentGateway,Page view: /home by u3411,E103,Page view: {page} by {user}
93321,2026-01-16,14:08:01,ERROR,WebServer,Payment declined: Gateway unavailable,E503,Payment declined: Gateway unavailable
93322,2026-01-16,14:27:29,INFO,InventoryDB,Health check passed: InventoryDB,E102,Health check passed: {service}
93323,2026-01-16,14:07:41,INFO,OrderProcessor,Page view: /home by u3095,E103,Page view: {page} by {user}
93324,2026-01-16,14:57:50,ERROR,OrderProcessor,Payment declined: Gateway unavailable,E503,Payment declined: Gateway unavailable
93325,2026-01-16,14:15:21,INFO,PaymentGateway,Page view: /home by u3609,E103,Page view: {page} by {user}
93326,2026-01-16,14:18:59,WARN,WebServer,Disk usage > 85% on node node-4,E202,Disk usage > 85% on node {node}
93327,2026-01-16,14:10:52,INFO,WebServer,User u3882 login successful,E101,User {user} login successful
93328,2026-01-16,14:12:43,WARN,WebServer,High latency (1064ms) detected on WebServer,E201,High latency ({time}ms) detected on {service}
93329,2026-01-16,14:51:13,WARN,AuthService,Disk usage > 85% on node node-5,E202,Disk usage > 85% on node {node}
93330,2026-01-16,14:43:05,ERROR,WebServer,Payment declined: Gateway unavailable,E503,Payment declined: Gateway unavailable
93331,2026-01-16,14:06:50,ERROR,PaymentGateway,Payment declined: Gateway unavailable,E503,Payment declined: Gateway unavailable
93332,2026-01-16,14:02:08,ERROR,WebServer,Payment declined: Gateway unavailable,E503,Payment declined: Gateway unavailable
93333,2026-01-16,14:05:15,ERROR,AuthService,Connection refused to AuthService at 10.0.0.45,E501,Connection refused to {service} at {ip}
93334,2026-01-16,14:01:58,ERROR,PaymentGateway,Payment declined: Gateway unavailable,E503,Payment declined: Gateway unavailable
93335,2026-01-16,14:57:20,ERROR,WebServer,Payment declined: Gateway unavailable,E503,Payment declined: Gateway unavailable
93336,2026-01-16,14:13:57,ERROR,AuthService,Timeout waiting for lock on InventoryDB,E502,Timeout waiting for lock on {db}
93337,2026-01-16,14:57:15,CRITICAL,OrderProcessor,DATA CORRUPTION detected in sector 375,E602,DATA CORRUPTION detected in sector {sector}
93338,2026-01-16,14:13:06,ERROR,WebServer,Timeout waiting for lock on InventoryDB,E502,Timeout waiting for lock on {db}
93339,2026-01-16,14:11:31,CRITICAL,AuthService,KERNEL PANIC: Node node-4 crashed,E601,KERNEL PANIC: Node {node} crashed
93340,2026-01-16,14:47:55,ERROR,AuthService,Payment declined: Gateway unavailable,E503,Payment declined: Gateway unavailable
93341,2026-01-16,14:47:21,INFO,WebServer,User u3928 login successful,E101,User {user} login successful
93342,2026-01-16,14:06:04,ERROR,WebServer,Payment declined: Gateway unavailable,E503,Payment declined: Gateway unavailable
93343,2026-01-16,14:03:25,CRITICAL,WebServer,DATA CORRUPTION detected in sector 768,E602,DATA CORRUPTION detected in sector {sector}
93344,2026-01-16,14:42:02,INFO,WebServer,Page view: /home by u3066,E103,Page view: {page} by {user}
93345,2026-01-16,14:35:03,CRITICAL,WebServer,DATA CORRUPTION detected in sector 551,E602,DATA CORRUPTION detected in sector {sector}
93346,2026-01-16,14:21:42,CRITICAL,OrderProcessor,DATA CORRUPTION detected in sector 227,E602,DATA CORRUPTION detected in sector {sector}
93347,2026-01-16,14:25:20,ERROR,WebServer,Connection refused to WebServer at 10.0.0.45,E501,Connection refused to {service} at {ip}
93348,2026-01-16,14:55:33,WARN,WebServer,High latency (158ms) detected on WebServer,E201,High latency ({time}ms) detected on {service}
93349,2026-01-16,14:05:12,ERROR,AuthService,Timeout waiting for lock on InventoryDB,E502,Timeout waiting for lock on {db}
93350,2026-01-16,14:54:18,ERROR,OrderProcessor,Payment declined: Gateway unavailable,E503,Payment declined: Gateway unavailable
93351,2026-01-16,14:38:27,ERROR,OrderProcessor,Timeout waiting for lock on InventoryDB,E502,Timeout waiting for lock on {db}
93352,2026-01-16,14:29:31,ERROR,OrderProcessor,Timeout waiting for lock on InventoryDB,E502,Timeout waiting for lock on {db}
93353,2026-01-16,14:27:35,ERROR,AuthService,Timeout waiting for lock on InventoryDB,E502,Timeout waiting for lock on {db}
93354,2026-01-16,14:11:22,ERROR,WebServer,Payment declined: Gateway unavailable,E503,Payment declined: Gateway unavailable
93355,2026-01-16,14:15:53,WARN,WebServer,Disk usage > 85% on node node-3,E202,Disk usage > 85% on node {node}
93356,2026-01-16,14:07:00,ERROR,WebServer,Payment declined: Gateway unavailable,E503,Payment declined: Gateway unavailable
93357,2026-01-16,14:42:46,INFO,InventoryDB,User u4490 login successful,E101,User {user} login successful
93358,2026-01-16,14:53:25,CRITICAL,WebServer,KERNEL PANIC: Node node-3 crashed,E601,KERNEL PANIC: Node {node} crashed
93359,2026-01-16,14:17:52,ERROR,WebServer,Payment declined: Gateway unavailable,E503,Payment declined: Gateway unavailable
93360,2026-01-16,14:30:38,ERROR,OrderProcessor,Timeout waiting for lock on InventoryDB,E502,Timeout waiting for lock on {db}
93361,2026-01-16,14:00:44,WARN,WebServer,Disk usage > 85% on node node-5,E202,Disk usage > 85% on node {node}
93362,2026-01-16,14:01:41,INFO,OrderProcessor,Page view: /home by u3899,E103,Page view: {page} by {user}
93363,2026-01-16,14:45:44,ERROR,InventoryDB,Connection refused to InventoryDB at 10.0.0.45,E501,Connection refused to {service} at {ip}
93364,2026-01-16,14:49:14,INFO,WebServer,Page view: /home by u1214,E103,Page view: {page} by {user}
93365,2026-01-16,14:21:21,WARN,WebServer,High latency (454ms) detected on WebServer,E201,High latency ({time}ms) detected on {service}
93366,2026-01-16,14:08:38,INFO,AuthService,User u1133 login successful,E101,User {user} login successful
93367,2026-01-16,14:46:09,ERROR,WebServer,Timeout waiting for lock on InventoryDB,E502,Timeout waiting for lock on {db}
93368,2026-01-16,14:07:06,INFO,WebServer,Transaction tx646181 completed in 508ms,E104,Transaction {tx} completed in {time}ms
93369,2026-01-16,14:09:50,INFO,WebServer,Transaction tx829597 completed in 1889ms,E104,Transaction {tx} completed in {time}ms
93370,2026-01-16,14:07:01,ERROR,WebServer,Connection refused to WebServer at 10.0.0.45,E501,Connection refused to {service} at {ip}
93371,2026-01-16,14:45:04,ERROR,PaymentGateway,Connection refused to PaymentGateway at 192.168.1.5,E501,Connection refused to {service} at {ip}
93372,2026-01-16,14:33:54,INFO,WebServer,Page view: /home by u1951,E103,Page view: {page} by {user}
93373,2026-01-16,14:24:16,INFO,WebServer,Page view: /home by u3556,E103,Page view: {page} by {user}
93374,2026-01-16,14:21:33,WARN,AuthService,High latency (474ms) detected on AuthService,E201,High latency ({time}ms) detected on {service}
93375,2026-01-16,14:38:17,ERROR,WebServer,Payment declined: Gateway unavailable,E503,Payment declined: Gateway unavailable
93376,2026-01-16,14:23:37,ERROR,AuthService,Connection refused to AuthService at 10.0.0.45,E501,Connection refused to {service} at {ip}
93377,2026-01-16,14:46:31,ERROR,PaymentGateway,Timeout waiting for lock on InventoryDB,E502,Timeout waiting for lock on {db}
93378,2026-01-16,14:45:15,INFO,AuthService,Health check passed: AuthService,E102,Health check passed: {service}
93379,2026-01-16,14:55:23,CRITICAL,AuthService,KERNEL PANIC: Node node-1 crashed,E601,KERNEL PANIC: Node {node} crashed
93380,2026-01-16,14:49:58,ERROR,OrderProcessor,Timeout waiting for lock on InventoryDB,E502,Timeout waiting for lock on {db}
93381,2026-01-16,14:50:39,WARN,OrderProcessor,Unauthorized access attempt from 10.0.0.45,E401,Unauthorized access attempt from {ip}
93382,2026-01-16,14:37:57,WARN,AuthService,Unauthorized access attempt from 10.0.0.88,E401,Unauthorized access attempt from {ip}
93383,2026-01-16,14:27:06,INFO,PaymentGateway,Page view: /home by u4723,E103,Page view: {page} by {user}
93384,2026-01-16,14:38:56,ERROR,WebServer,Connection refused to WebServer at 10.0.0.12,E501,Connection refused to {service} at {ip}
93385,2026-01-16,14:47:49,ERROR,AuthService,Payment declined: Gateway unavailable,E503,Payment declined: Gateway unavailable
93386,2026-01-16,14:29:29,ERROR,WebServer,Connection refused to WebServer at 10.0.0.10,E501,Connection refused to {service} at {ip}
93387,2026-01-16,14:11:58,ERROR,AuthService,Payment declined: Gateway unavailable,E503,Payment declined: Gateway unavailable
93388,2026-01-16,14:32:09,WARN,OrderProcessor,Disk usage > 85% on node node-4,E202,Disk usage > 85% on node {node}
93389,2026-01-16,14:56:02,INFO,AuthService,User u3742 login successful,E101,User {user} login successful
93390,2026-01-16,14:26:24,INFO,InventoryDB,User u2829 login successful,E101,User {user} login successful
93391,2026-01-16,14:43:48,INFO,OrderProcessor,Page view: /home by u2874,E103,Page view: {page} by {user}
93392,2026-01-16,14:20:22,ERROR,AuthService,Connection refused to AuthService at 10.0.0.12,E501,Connection refused to {service} at {ip}
93393,2026-01-16,14:22:48,INFO,PaymentGateway,Page view: /home by u2594,E103,Page view: {page} by {user}
93394,2026-01-16,14:18:29,WARN,AuthService,Unauthorized access attempt from 10.0.0.45,E401,Unauthorized access attempt from {ip}
93395,2026-01-16,14:30:29,CRITICAL,WebServer,DATA CORRUPTION detected in sector 140,E602,DATA CORRUPTION detected in sector {sector}
93396,2026-01-16,14:46:20,INFO,WebServer,Health check passed: WebServer,E102,Health check passed: {service}
93397,2026-01-16,14:40:34,ERROR,WebServer,Payment declined: Gateway unavailable,E503,Payment declined: Gateway unavailable
93398,2026-01-16,14:18:29,ERROR,WebServer,Payment declined: Gateway unavailable,E503,Payment declined: Gateway unavailable
93399,2026-01-16,14:08:03,INFO,OrderProcessor,Health check passed: OrderProcessor,E102,Health check passed: {service}
93400,2026-01-16,14:53:37,INFO,InventoryDB,User u2643 login successful,E101,User {user} login successful
93401,2026-01-16,14:38:54,INFO,AuthService,Health check passed: AuthService,E102,Health check passed: {service}
93402,2026-01-16,14:01:46,INFO,WebServer,User u4536 login successful,E101,User {user} login successful
93403,2026-01-16,14:44:03,WARN,OrderProcessor,Unauthorized access attempt from 10.0.0.12,E401,Unauthorized access attempt from {ip}
93404,2026-01-16,14:46:22,WARN,WebServer,Unauthorized access attempt from 10.0.0.12,E401,Unauthorized access attempt from {ip}
93405,2026-01-16,14:38:29,WARN,WebServer,Unauthorized access attempt from 10.0.0.45,E401,Unauthorized access attempt from {ip}
93406,2026-01-16,14:17:59,INFO,AuthService,Transaction tx895663 completed in 586ms,E104,Transaction {tx} completed in {time}ms
93407,2026-01-16,14:25:30,WARN,AuthService,Unauthorized access attempt from 10.0.0.45,E401,Unauthorized access attempt from {ip}
93408,2026-01-16,14:01:43,INFO,WebServer,Page view: /home by u4431,E103,Page view: {page} by {user}
93409,2026-01-16,14:48:44,INFO,WebServer,User u4527 login successful,E101,User {user} login successful
93410,2026-01-16,14:53:59,ERROR,WebServer,Payment declined: Gateway unavailable,E503,Payment declined: Gateway unavailable
93411,2026-01-16,14:49:22,CRITICAL,WebServer,DATA CORRUPTION detected in sector 394,E602,DATA CORRUPTION detected in sector {sector}
93412,2026-01-16,14:16:02,ERROR,PaymentGateway,Connection refused to PaymentGateway at 10.0.0.12,E501,Connection refused to {service} at {ip}
93413,2026-01-16,14:44:14,INFO,InventoryDB,User u3651 login successful,E101,User {user} login successful
93414,2026-01-16,14:12:31,ERROR,InventoryDB,Payment declined: Gateway unavailable,E503,Payment declined: Gateway unavailable
93415,2026-01-16,14:39:55,INFO,AuthService,User u3828 login successful,E101,User {user} login successful
93416,2026-01-16,14:48:47,CRITICAL,OrderProcessor,DATA CORRUPTION detected in sector 710,E602,DATA CORRUPTION detected in sector {sector}
93417,2026-01-16,14:57:47,WARN,AuthService,High latency (1776ms) detected on AuthService,E201,High latency ({time}ms) detected on {service}
93418,2026-01-16,14:42:10,ERROR,WebServer,Payment declined: Gateway unavailable,E503,Payment declined: Gateway unavailable
93419,2026-01-16,14:46:31,INFO,OrderProcessor,Health check passed: OrderProcessor,E102,Health check passed: {service}
93420,2026-01-16,14:25:34,INFO,OrderProcessor,User u2789 login successful,E101,User {user} login successful
93421,2026-01-16,14:46:47,ERROR,WebServer,Timeout waiting for lock on InventoryDB,E502,Timeout waiting for lock on {db}
93422,2026-01-16,14:17:54,INFO,PaymentGateway,Page view: /home by u3469,E103,Page view: {page} by {user}
93423,2026-01-16,14:38:30,CRITICAL,OrderProcessor,KERNEL PANIC: Node node-3 crashed,E601,KERNEL PANIC: Node {node} crashed
93424,2026-01-16,14:22:49,ERROR,WebServer,Timeout waiting for lock on InventoryDB,E502,Timeout waiting for lock on {db}
93425,2026-01-16,14:28:52,INFO,InventoryDB,Transaction tx690386 completed in 1680ms,E104,Transaction {tx} completed in {time}ms
93426,2026-01-16,14:17:28,WARN,AuthService,High latency (1702ms) detected on AuthService,E201,High latency ({time}ms) detected on {service}
93427,2026-01-16,14:09:35,WARN,PaymentGateway,Unauthorized access attempt from 10.0.0.45,E401,Unauthorized access attempt from {ip}
93428,2026-01-16,14:44:02,ERROR,PaymentGateway,Payment declined: Gateway unavailable,E503,Payment declined: Gateway unavailable
93429,2026-01-16,14:37:32,INFO,AuthService,User u2428 login successful,E101,User {user} login successful
93430,2026-01-16,14:40:59,ERROR,OrderProcessor,Timeout waiting for lock on InventoryDB,E502,Timeout waiting for lock on {db}
93431,2026-01-16,14:07:13,INFO,OrderProcessor,Health check passed: OrderProcessor,E102,Health check passed: {service}
93432,2026-01-16,14:28:35,CRITICAL,WebServer,KERNEL PANIC: Node node-3 crashed,E601,KERNEL PANIC: Node {node} crashed
93433,2026-01-16,14:55:22,WARN,WebServer,High latency (1900ms) detected on WebServer,E201,High latency ({time}ms) detected on {service}
93434,2026-01-16,14:47:48,ERROR,WebServer,Payment declined: Gateway unavailable,E503,Payment declined: Gateway unavailable
93435,2026-01-16,14:32:25,WARN,WebServer,High latency (82ms) detected on WebServer,E201,High latency ({time}ms) detected on {service}
93436,2026-01-16,14:09:08,ERROR,WebServer,Payment declined: Gateway unavailable,E503,Payment declined: Gateway unavailable
93437,2026-01-16,14:04:38,ERROR,WebServer,Timeout waiting for lock on InventoryDB,E502,Timeout waiting for lock on {db}
93438,2026-01-16,14:46:38,ERROR,OrderProcessor,Payment declined: Gateway unavailable,E503,Payment declined: Gateway unavailable
93439,2026-01-16,14:37:21,ERROR,WebServer,Connection refused to WebServer at 10.0.0.45,E501,Connection refused to {service} at {ip}
93440,2026-01-16,14:46:12,INFO,OrderProcessor,User u2227 login successful,E101,User {user} login successful
93441,2026-01-16,14:54:12,INFO,AuthService,User u1556 login successful,E101,User {user} login successful
93442,2026-01-16,14:38:10,WARN,WebServer,Unauthorized access attempt from 10.0.0.12,E401,Unauthorized access attempt from {ip}
93443,2026-01-16,14:52:33,INFO,WebServer,User u4420 login successful,E101,User {user} login successful
93444,2026-01-16,14:44:14,WARN,AuthService,Disk usage > 85% on node node-2,E202,Disk usage > 85% on node {node}
93445,2026-01-16,14:56:17,WARN,AuthService,High latency (448ms) detected on AuthService,E201,High latency ({time}ms) detected on {service}
93446,2026-01-16,14:27:28,ERROR,WebServer,Timeout waiting for lock on InventoryDB,E502,Timeout waiting for lock on {db}
93447,2026-01-16,14:13:51,ERROR,AuthService,Timeout waiting for lock on InventoryDB,E502,Timeout waiting for lock on {db}
93448,2026-01-16,14:43:08,ERROR,InventoryDB,Timeout waiting for lock on InventoryDB,E502,Timeout waiting for lock on {db}
93449,2026-01-16,14:50:39,ERROR,WebServer,Payment declined: Gateway unavailable,E503,Payment declined: Gateway unavailable
93450,2026-01-16,14:33:19,INFO,WebServer,Health check passed: WebServer,E102,Health check passed: {service}
93451,2026-01-16,14:13:06,ERROR,PaymentGateway,Payment declined: Gateway unavailable,E503,Payment declined: Gateway unavailable
93452,2026-01-16,14:51:23,ERROR,InventoryDB,Timeout waiting for lock on InventoryDB,E502,Timeout waiting for lock on {db}
93453,2026-01-16,14:00:15,INFO,AuthService,Transaction tx721684 completed in 822ms,E104,Transaction {tx} completed in {time}ms
93454,2026-01-16,14:40:23,ERROR,AuthService,Connection refused to AuthService at 10.0.0.45,E501,Connection refused to {service} at {ip}
93455,2026-01-16,14:51:11,INFO,WebServer,User u3058 login successful,E101,User {user} login successful
93456,2026-01-16,14:25:35,CRITICAL,AuthService,DATA CORRUPTION detected in sector 600,E602,DATA CORRUPTION detected in sector {sector}
93457,2026-01-16,14:07:27,WARN,WebServer,Unauthorized access attempt from 10.0.0.45,E401,Unauthorized access attempt from {ip}
93458,2026-01-16,14:37:25,CRITICAL,PaymentGateway,DATA CORRUPTION detected in sector 646,E602,DATA CORRUPTION detected in sector {sector}
93459,2026-01-16,14:04:43,INFO,WebServer,User u2653 login successful,E101,User {user} login successful
93460,2026-01-16,14:53:41,INFO,WebServer,Health check passed: WebServer,E102,Health check passed: {service}
93461,2026-01-16,14:50:02,INFO,WebServer,Page view: /home by u1750,E103,Page view: {page} by {user}
93462,2026-01-16,14:19:43,ERROR,WebServer,Payment declined: Gateway unavailable,E503,Payment declined: Gateway unavailable
93463,2026-01-16,14:06:40,CRITICAL,WebServer,DATA CORRUPTION detected in sector 456,E602,DATA CORRUPTION detected in sector {sector}
93464,2026-01-16,14:25:09,WARN,AuthService,High latency (32ms) detected on AuthService,E201,High latency ({time}ms) detected on {service}
93465,2026-01-16,14:54:17,INFO,WebServer,Health check passed: WebServer,E102,Health check passed: {service}
93466,2026-01-16,14:58:34,ERROR,WebServer,Connection refused to WebServer at 192.168.1.5,E501,Connection refused to {service} at {ip}
93467,2026-01-16,14:45:36,INFO,WebServer,User u4660 login successful,E101,User {user} login successful
93468,2026-01-16,14:15:35,ERROR,WebServer,Connection refused to WebServer at 10.0.0.45,E501,Connection refused to {service} at {ip}
93469,2026-01-16,14:12:37,ERROR,WebServer,Payment declined: Gateway unavailable,E503,Payment declined: Gateway unavailable
93470,2026-01-16,14:52:07,INFO,WebServer,Health check passed: WebServer,E102,Health check passed: {service}
93471,2026-01-16,14:53:23,INFO,InventoryDB,Transaction tx762779 completed in 1705ms,E104,Transaction {tx} completed in {time}ms
93472,2026-01-16,14:09:53,WARN,WebServer,Unauthorized access attempt from 10.0.0.45,E401,Unauthorized access attempt from {ip}
93473,2026-01-16,14:14:31,WARN,WebServer,Disk usage > 85% on node node-2,E202,Disk usage > 85% on node {node}
93474,2026-01-16,14:07:45,ERROR,WebServer,Timeout waiting for lock on InventoryDB,E502,Timeout waiting for lock on {db}
93475,2026-01-16,14:09:17,WARN,WebServer,High latency (977ms) detected on WebServer,E201,High latency ({time}ms) detected on {service}
93476,2026-01-16,14:28:27,ERROR,AuthService,Connection refused to AuthService at 10.0.0.45,E501,Connection refused to {service} at {ip}
93477,2026-01-16,14:45:28,ERROR,WebServer,Timeout waiting for lock on InventoryDB,E502,Timeout waiting for lock on {db}
93478,2026-01-16,14:57:38,CRITICAL,AuthService,DATA CORRUPTION detected in sector 988,E602,DATA CORRUPTION detected in sector {sector}
93479,2026-01-16,14:07:36,CRITICAL,WebServer,DATA CORRUPTION detected in sector 282,E602,DATA CORRUPTION detected in sector {sector}
93480,2026-01-16,14:09:09,CRITICAL,OrderProcessor,DATA CORRUPTION detected in sector 565,E602,DATA CORRUPTION detected in sector {sector}
93481,2026-01-16,14:28:07,CRITICAL,WebServer,DATA CORRUPTION detected in sector 920,E602,DATA CORRUPTION detected in sector {sector}
93482,2026-01-16,14:50:14,INFO,OrderProcessor,User u4067 login successful,E101,User {user} login successful
93483,2026-01-16,14:47:19,ERROR,WebServer,Timeout waiting for lock on InventoryDB,E502,Timeout waiting for lock on {db}
93484,2026-01-16,14:36:19,ERROR,PaymentGateway,Timeout waiting for lock on InventoryDB,E502,Timeout waiting for lock on {db}
93485,2026-01-16,14:07:57,CRITICAL,WebServer,DATA CORRUPTION detected in sector 186,E602,DATA CORRUPTION detected in sector {sector}
93486,2026-01-16,14:41:55,ERROR,AuthService,Timeout waiting for lock on InventoryDB,E502,Timeout waiting for lock on {db}
93487,2026-01-16,14:54:17,ERROR,WebServer,Connection refused to WebServer at 10.0.0.88,E501,Connection refused to {service} at {ip}
93488,2026-01-16,14:10:06,WARN,OrderProcessor,Disk usage > 85% on node node-1,E202,Disk usage > 85% on node {node}
93489,2026-01-16,14:45:24,ERROR,WebServer,Payment declined: Gateway unavailable,E503,Payment declined: Gateway unavailable
93490,2026-01-16,14:23:59,ERROR,WebServer,Payment declined: Gateway unavailable,E503,Payment declined: Gateway unavailable
93491,2026-01-16,14:41:01,ERROR,OrderProcessor,Timeout waiting for lock on InventoryDB,E502,Timeout waiting for lock on {db}
93492,2026-01-16,14:56:17,INFO,WebServer,Health check passed: WebServer,E102,Health check passed: {service}
93493,2026-01-16,14:06:05,INFO,AuthService,User u4902 login successful,E101,User {user} login successful
93494,2026-01-16,14:00:12,WARN,WebServer,Disk usage > 85% on node node-3,E202,Disk usage > 85% on node {node}
93495,2026-01-16,14:39:29,INFO,WebServer,Health check passed: WebServer,E102,Health check passed: {service}
93496,2026-01-16,14:42:42,INFO,WebServer,Transaction tx231888 completed in 1688ms,E104,Transaction {tx} completed in {time}ms
93497,2026-01-16,14:28:00,ERROR,WebServer,Timeout waiting for lock on InventoryDB,E502,Timeout waiting for lock on {db}
93498,2026-01-16,14:32:38,CRITICAL,WebServer,KERNEL PANIC: Node node-5 crashed,E601,KERNEL PANIC: Node {node} crashed
93499,2026-01-16,14:54:05,ERROR,AuthService,Payment declined: Gateway unavailable,E503,Payment declined: Gateway unavailable
93500,2026-01-16,14:34:06,ERROR,AuthService,Connection refused to AuthService at 10.0.0.45,E501,Connection refused to {service} at {ip}
93501,2026-01-16,14:13:09,INFO,WebServer,User u2443 login successful,E101,User {user} login successful
93502,2026-01-16,14:55:44,CRITICAL,AuthService,KERNEL PANIC: Node node-1 crashed,E601,KERNEL PANIC: Node {node} crashed
93503,2026-01-16,14:58:51,ERROR,WebServer,Payment declined: Gateway unavailable,E503,Payment declined: Gateway unavailable
93504,2026-01-16,14:04:07,WARN,AuthService,Unauthorized access attempt from 10.0.0.45,E401,Unauthorized access attempt from {ip}
93505,2026-01-16,14:46:39,INFO,WebServer,Transaction tx169084 completed in 990ms,E104,Transaction {tx} completed in {time}ms
93506,2026-01-16,14:01:36,CRITICAL,WebServer,KERNEL PANIC: Node node-1 crashed,E601,KERNEL PANIC: Node {node} crashed
93507,2026-01-16,14:11:54,WARN,OrderProcessor,Unauthorized access attempt from 10.0.0.45,E401,Unauthorized access attempt from {ip}
93508,2026-01-16,14:23:15,ERROR,AuthService,Payment declined: Gateway unavailable,E503,Payment declined: Gateway unavailable
93509,2026-01-16,14:34:28,ERROR,OrderProcessor,Connection refused to OrderProcessor at 10.0.0.45,E501,Connection refused to {service} at {ip}
93510,2026-01-16,14:06:52,WARN,WebServer,Unauthorized access attempt from 10.0.0.45,E401,Unauthorized access attempt from {ip}
93511,2026-01-16,14:14:28,CRITICAL,AuthService,KERNEL PANIC: Node node-4 crashed,E601,KERNEL PANIC: Node {node} crashed
93512,2026-01-16,14:36:33,WARN,OrderProcessor,High latency (758ms) detected on OrderProcessor,E201,High latency ({time}ms) detected on {service}
93513,2026-01-16,14:08:53,ERROR,PaymentGateway,Payment declined: Gateway unavailable,E503,Payment declined: Gateway unavailable
93514,2026-01-16,14:41:13,INFO,WebServer,Health check passed: WebServer,E102,Health check passed: {service}
93515,2026-01-16,14:43:13,ERROR,AuthService,Payment declined: Gateway unavailable,E503,Payment declined: Gateway unavailable
93516,2026-01-16,14:35:26,INFO,AuthService,Page view: /home by u4113,E103,Page view: {page} by {user}
93517,2026-01-16,14:10:10,ERROR,WebServer,Connection refused to WebServer at 10.0.0.88,E501,Connection refused to {service} at {ip}
93518,2026-01-16,14:36:42,ERROR,WebServer,Connection refused to WebServer at 10.0.0.99,E501,Connection refused to {service} at {ip}
93519,2026-01-16,14:52:07,CRITICAL,PaymentGateway,KERNEL PANIC: Node node-3 crashed,E601,KERNEL PANIC: Node {node} crashed
93520,2026-01-16,14:06:29,WARN,OrderProcessor,High latency (1580ms) detected on OrderProcessor,E201,High latency ({time}ms) detected on {service}
93521,2026-01-16,14:17:38,INFO,WebServer,Health check passed: WebServer,E102,Health check passed: {service}
93522,2026-01-16,14:12:11,INFO,AuthService,Transaction tx759152 completed in 307ms,E104,Transaction {tx} completed in {time}ms
93523,2026-01-16,14:45:34,INFO,OrderProcessor,Health check passed: OrderProcessor,E102,Health check passed: {service}
93524,2026-01-16,14:53:07,INFO,InventoryDB,Transaction tx902546 completed in 729ms,E104,Transaction {tx} completed in {time}ms
93525,2026-01-16,14:55:20,ERROR,OrderProcessor,Timeout waiting for lock on InventoryDB,E502,Timeout waiting for lock on {db}
93526,2026-01-16,14:17:41,INFO,WebServer,Health check passed: WebServer,E102,Health check passed: {service}
93527,2026-01-16,14:15:40,ERROR,WebServer,Connection refused to WebServer at 10.0.0.45,E501,Connection refused to {service} at {ip}
93528,2026-01-16,14:33:57,INFO,WebServer,Transaction tx680424 completed in 1188ms,E104,Transaction {tx} completed in {time}ms
93529,2026-01-16,14:25:43,WARN,AuthService,Disk usage > 85% on node node-4,E202,Disk usage > 85% on node {node}
93530,2026-01-16,14:29:51,WARN,AuthService,Unauthorized access attempt from 10.0.0.45,E401,Unauthorized access attempt from {ip}
93531,2026-01-16,14:22:49,ERROR,AuthService,Timeout waiting for lock on InventoryDB,E502,Timeout waiting for lock on {db}
93532,2026-01-16,14:26:04,WARN,WebServer,Unauthorized access attempt from 10.0.0.45,E401,Unauthorized access attempt from {ip}
93533,2026-01-16,14:40:41,ERROR,AuthService,Connection refused to AuthService at 10.0.0.45,E501,Connection refused to {service} at {ip}
93534,2026-01-16,14:25:56,WARN,AuthService,Unauthorized access attempt from 10.0.0.88,E401,Unauthorized access attempt from {ip}
93535,2026-01-16,14:20:16,INFO,WebServer,Health check passed: WebServer,E102,Health check passed: {service}
93536,2026-01-16,14:53:42,WARN,OrderProcessor,Unauthorized access attempt from 10.0.0.45,E401,Unauthorized access attempt from {ip}
93537,2026-01-16,14:59:24,ERROR,WebServer,Payment declined: Gateway unavailable,E503,Payment declined: Gateway unavailable
93538,2026-01-16,14:53:29,ERROR,WebServer,Payment declined: Gateway unavailable,E503,Payment declined: Gateway unavailable
93539,2026-01-16,14:02:33,ERROR,OrderProcessor,Payment declined: Gateway unavailable,E503,Payment declined: Gateway unavailable
93540,2026-01-16,14:46:57,ERROR,AuthService,Connection refused to AuthService at 10.0.0.99,E501,Connection refused to {service} at {ip}
93541,2026-01-16,14:25:08,INFO,AuthService,Transaction tx763192 completed in 750ms,E104,Transaction {tx} completed in {time}ms
93542,2026-01-16,14:09:34,INFO,WebServer,Health check passed: WebServer,E102,Health check passed: {service}
93543,2026-01-16,14:42:36,CRITICAL,WebServer,KERNEL PANIC: Node node-2 crashed,E601,KERNEL PANIC: Node {node} crashed
93544,2026-01-16,14:16:56,WARN,OrderProcessor,Disk usage > 85% on node node-2,E202,Disk usage > 85% on node {node}
93545,2026-01-16,14:50:01,WARN,OrderProcessor,Unauthorized access attempt from 10.0.0.10,E401,Unauthorized access attempt from {ip}
93546,2026-01-16,14:20:00,INFO,PaymentGateway,Transaction tx728717 completed in 103ms,E104,Transaction {tx} completed in {time}ms
93547,2026-01-16,14:07:34,WARN,WebServer,Unauthorized access attempt from 10.0.0.10,E401,Unauthorized access attempt from {ip}
93548,2026-01-16,14:12:50,WARN,AuthService,Unauthorized access attempt from 10.0.0.12,E401,Unauthorized access attempt from {ip}
93549,2026-01-16,14:32:55,CRITICAL,AuthService,KERNEL PANIC: Node node-4 crashed,E601,KERNEL PANIC: Node {node} crashed
93550,2026-01-16,14:56:33,WARN,AuthService,High latency (664ms) detected on AuthService,E201,High latency ({time}ms) detected on {service}
93551,2026-01-16,14:22:13,ERROR,WebServer,Payment declined: Gateway unavailable,E503,Payment declined: Gateway unavailable
93552,2026-01-16,14:16:45,INFO,WebServer,Health check passed: WebServer,E102,Health check passed: {service}
93553,2026-01-16,14:09:46,WARN,WebServer,Unauthorized access attempt from 10.0.0.45,E401,Unauthorized access attempt from {ip}
93554,2026-01-16,14:20:18,WARN,WebServer,High latency (538ms) detected on WebServer,E201,High latency ({time}ms) detected on {service}
93555,2026-01-16,14:56:07,INFO,WebServer,User u1452 login successful,E101,User {user} login successful
93556,2026-01-16,14:58:46,INFO,OrderProcessor,User u1844 login successful,E101,User {user} login successful
93557,2026-01-16,14:25:55,CRITICAL,AuthService,DATA CORRUPTION detected in sector 996,E602,DATA CORRUPTION detected in sector {sector}
93558,2026-01-16,14:23:14,INFO,InventoryDB,Transaction tx379802 completed in 920ms,E104,Transaction {tx} completed in {time}ms
93559,2026-01-16,14:46:43,ERROR,WebServer,Connection refused to WebServer at 10.0.0.45,E501,Connection refused to {service} at {ip}
93560,2026-01-16,14:44:45,INFO,PaymentGateway,Health check passed: PaymentGateway,E102,Health check passed: {service}
93561,2026-01-16,14:34:38,ERROR,WebServer,Timeout waiting for lock on InventoryDB,E502,Timeout waiting for lock on {db}
93562,2026-01-16,14:37:56,INFO,AuthService,Transaction tx948059 completed in 711ms,E104,Transaction {tx} completed in {time}ms
93563,2026-01-16,14:09:54,ERROR,WebServer,Timeout waiting for lock on InventoryDB,E502,Timeout waiting for lock on {db}
93564,2026-01-16,14:41:54,WARN,OrderProcessor,Unauthorized access attempt from 10.0.0.45,E401,Unauthorized access attempt from {ip}
93565,2026-01-16,14:08:27,INFO,OrderProcessor,Transaction tx634249 completed in 892ms,E104,Transaction {tx} completed in {time}ms
93566,2026-01-16,14:42:30,CRITICAL,WebServer,KERNEL PANIC: Node node-5 crashed,E601,KERNEL PANIC: Node {node} crashed
93567,2026-01-16,14:25:15,INFO,OrderProcessor,User u3145 login successful,E101,User {user} login successful
93568,2026-01-16,14:26:06,ERROR,InventoryDB,Payment declined: Gateway unavailable,E503,Payment declined: Gateway unavailable
93569,2026-01-16,14:14:52,INFO,PaymentGateway,User u1293 login successful,E101,User {user} login successful
93570,2026-01-16,14:30:52,ERROR,AuthService,Timeout waiting for lock on InventoryDB,E502,Timeout waiting for lock on {db}
93571,2026-01-16,14:31:14,INFO,WebServer,Transaction tx643492 completed in 523ms,E104,Transaction {tx} completed in {time}ms
93572,2026-01-16,14:57:34,INFO,WebServer,Page view: /home by u3746,E103,Page view: {page} by {user}
93573,2026-01-16,14:05:28,ERROR,AuthService,Connection refused to AuthService at 10.0.0.12,E501,Connection refused to {service} at {ip}
93574,2026-01-16,14:14:41,ERROR,WebServer,Payment declined: Gateway unavailable,E503,Payment declined: Gateway unavailable
93575,2026-01-16,14:38:15,WARN,WebServer,High latency (426ms) detected on WebServer,E201,High latency ({time}ms) detected on {service}
93576,2026-01-16,14:12:56,ERROR,OrderProcessor,Payment declined: Gateway unavailable,E503,Payment declined: Gateway unavailable
93577,2026-01-16,14:10:03,INFO,InventoryDB,Health check passed: InventoryDB,E102,Health check passed: {service}
93578,2026-01-16,14:37:08,WARN,WebServer,Disk usage > 85% on node node-2,E202,Disk usage > 85% on node {node}
93579,2026-01-16,14:52:46,ERROR,WebServer,Connection refused to WebServer at 10.0.0.45,E501,Connection refused to {service} at {ip}
93580,2026-01-16,14:50:21,INFO,WebServer,User u4622 login successful,E101,User {user} login successful
93581,2026-01-16,14:56:54,CRITICAL,WebServer,KERNEL PANIC: Node node-2 crashed,E601,KERNEL PANIC: Node {node} crashed
93582,2026-01-16,14:47:50,WARN,WebServer,Unauthorized access attempt from 10.0.0.45,E401,Unauthorized access attempt from {ip}
93583,2026-01-16,14:03:25,ERROR,WebServer,Connection refused to WebServer at 10.0.0.45,E501,Connection refused to {service} at {ip}
93584,2026-01-16,14:11:29,ERROR,WebServer,Payment declined: Gateway unavailable,E503,Payment declined: Gateway unavailable
93585,2026-01-16,14:20:41,WARN,AuthService,Unauthorized access attempt from 10.0.0.45,E401,Unauthorized access attempt from {ip}
93586,2026-01-16,14:34:15,ERROR,AuthService,Payment declined: Gateway unavailable,E503,Payment declined: Gateway unavailable
93587,2026-01-16,14:22:27,WARN,WebServer,Disk usage > 85% on node node-1,E202,Disk usage > 85% on node {node}
93588,2026-01-16,14:32:01,ERROR,AuthService,Payment declined: Gateway unavailable,E503,Payment declined: Gateway unavailable
93589,2026-01-16,14:09:03,ERROR,InventoryDB,Connection refused to InventoryDB at 10.0.0.45,E501,Connection refused to {service} at {ip}
93590,2026-01-16,14:24:26,WARN,AuthService,Disk usage > 85% on node node-5,E202,Disk usage > 85% on node {node}
93591,2026-01-16,14:58:36,INFO,WebServer,Page view: /home by u3986,E103,Page view: {page} by {user}
93592,2026-01-16,14:15:43,INFO,InventoryDB,Page view: /home by u2874,E103,Page view: {page} by {user}
93593,2026-01-16,14:23:30,INFO,WebServer,Health check passed: WebServer,E102,Health check passed: {service}
93594,2026-01-16,14:02:10,WARN,InventoryDB,High latency (1039ms) detected on InventoryDB,E201,High latency ({time}ms) detected on {service}
93595,2026-01-16,14:17:49,ERROR,OrderProcessor,Connection refused to OrderProcessor at 10.0.0.45,E501,Connection refused to {service} at {ip}
93596,2026-01-16,14:38:03,INFO,WebServer,Transaction tx920745 completed in 496ms,E104,Transaction {tx} completed in {time}ms
93597,2026-01-16,14:15:42,ERROR,WebServer,Payment declined: Gateway unavailable,E503,Payment declined: Gateway unavailable
93598,2026-01-16,14:02:13,ERROR,OrderProcessor,Payment declined: Gateway unavailable,E503,Payment declined: Gateway unavailable
93599,2026-01-16,14:05:45,ERROR,WebServer,Connection refused to WebServer at 10.0.0.45,E501,Connection refused to {service} at {ip}
93600,2026-01-16,14:44:33,ERROR,WebServer,Timeout waiting for lock on InventoryDB,E502,Timeout waiting for lock on {db}
93601,2026-01-16,14:41:19,WARN,AuthService,Disk usage > 85% on node node-2,E202,Disk usage > 85% on node {node}
93602,2026-01-16,14:26:17,ERROR,WebServer,Connection refused to WebServer at 10.0.0.88,E501,Connection refused to {service} at {ip}
93603,2026-01-16,14:10:31,ERROR,AuthService,Timeout waiting for lock on InventoryDB,E502,Timeout waiting for lock on {db}
93604,2026-01-16,14:20:19,ERROR,WebServer,Timeout waiting for lock on InventoryDB,E502,Timeout waiting for lock on {db}
93605,2026-01-16,14:25:49,INFO,OrderProcessor,Health check passed: OrderProcessor,E102,Health check passed: {service}
93606,2026-01-16,14:56:14,WARN,AuthService,High latency (125ms) detected on AuthService,E201,High latency ({time}ms) detected on {service}
93607,2026-01-16,14:17:21,CRITICAL,WebServer,KERNEL PANIC: Node node-3 crashed,E601,KERNEL PANIC: Node {node} crashed
93608,2026-01-16,14:16:08,ERROR,OrderProcessor,Timeout waiting for lock on InventoryDB,E502,Timeout waiting for lock on {db}
93609,2026-01-16,14:54:23,ERROR,AuthService,Timeout waiting for lock on InventoryDB,E502,Timeout waiting for lock on {db}
93610,2026-01-16,14:36:45,INFO,WebServer,User u4822 login successful,E101,User {user} login successful
93611,2026-01-16,14:39:54,CRITICAL,WebServer,KERNEL PANIC: Node node-1 crashed,E601,KERNEL PANIC: Node {node} crashed
93612,2026-01-16,14:48:15,INFO,OrderProcessor,Page view: /home by u3422,E103,Page view: {page} by {user}
93613,2026-01-16,14:53:22,ERROR,OrderProcessor,Connection refused to OrderProcessor at 10.0.0.45,E501,Connection refused to {service} at {ip}
93614,2026-01-16,14:52:52,WARN,InventoryDB,Disk usage > 85% on node node-5,E202,Disk usage > 85% on node {node}
93615,2026-01-16,14:32:07,WARN,AuthService,Disk usage > 85% on node node-1,E202,Disk usage > 85% on node {node}
93616,2026-01-16,14:21:53,CRITICAL,AuthService,KERNEL PANIC: Node node-2 crashed,E601,KERNEL PANIC: Node {node} crashed
93617,2026-01-16,14:00:10,ERROR,OrderProcessor,Connection refused to OrderProcessor at 10.0.0.88,E501,Connection refused to {service} at {ip}
93618,2026-01-16,14:08:06,CRITICAL,WebServer,DATA CORRUPTION detected in sector 745,E602,DATA CORRUPTION detected in sector {sector}
93619,2026-01-16,14:20:01,ERROR,WebServer,Connection refused to WebServer at 10.0.0.99,E501,Connection refused to {service} at {ip}
93620,2026-01-16,14:59:25,WARN,AuthService,High latency (1793ms) detected on AuthService,E201,High latency ({time}ms) detected on {service}
93621,2026-01-16,14:44:34,WARN,WebServer,High latency (1542ms) detected on WebServer,E201,High latency ({time}ms) detected on {service}
93622,2026-01-16,14:31:32,ERROR,AuthService,Timeout waiting for lock on InventoryDB,E502,Timeout waiting for lock on {db}
93623,2026-01-16,14:00:13,ERROR,WebServer,Payment declined: Gateway unavailable,E503,Payment declined: Gateway unavailable
93624,2026-01-16,14:56:08,WARN,WebServer,High latency (141ms) detected on WebServer,E201,High latency ({time}ms) detected on {service}
93625,2026-01-16,14:32:29,ERROR,WebServer,Timeout waiting for lock on InventoryDB,E502,Timeout waiting for lock on {db}
93626,2026-01-16,14:24:05,WARN,AuthService,Disk usage > 85% on node node-1,E202,Disk usage > 85% on node {node}
93627,2026-01-16,14:58:22,CRITICAL,OrderProcessor,DATA CORRUPTION detected in sector 401,E602,DATA CORRUPTION detected in sector {sector}
93628,2026-01-16,14:50:40,ERROR,OrderProcessor,Timeout waiting for lock on InventoryDB,E502,Timeout waiting for lock on {db}
93629,2026-01-16,14:26:12,WARN,WebServer,High latency (1878ms) detected on WebServer,E201,High latency ({time}ms) detected on {service}
93630,2026-01-16,14:19:16,ERROR,AuthService,Timeout waiting for lock on InventoryDB,E502,Timeout waiting for lock on {db}
93631,2026-01-16,14:03:16,WARN,InventoryDB,Unauthorized access attempt from 10.0.0.10,E401,Unauthorized access attempt from {ip}
93632,2026-01-16,14:32:34,INFO,OrderProcessor,Health check passed: OrderProcessor,E102,Health check passed: {service}
93633,2026-01-16,14:32:33,CRITICAL,OrderProcessor,KERNEL PANIC: Node node-4 crashed,E601,KERNEL PANIC: Node {node} crashed
93634,2026-01-16,14:39:38,ERROR,PaymentGateway,Payment declined: Gateway unavailable,E503,Payment declined: Gateway unavailable
93635,2026-01-16,14:25:15,INFO,WebServer,User u4138 login successful,E101,User {user} login successful
93636,2026-01-16,14:58:00,INFO,WebServer,User u4230 login successful,E101,User {user} login successful
93637,2026-01-16,14:36:28,ERROR,WebServer,Timeout waiting for lock on InventoryDB,E502,Timeout waiting for lock on {db}
93638,2026-01-16,14:20:19,WARN,WebServer,Unauthorized access attempt from 10.0.0.45,E401,Unauthorized access attempt from {ip}
93639,2026-01-16,14:08:03,ERROR,WebServer,Payment declined: Gateway unavailable,E503,Payment declined: Gateway unavailable
93640,2026-01-16,14:14:44,WARN,WebServer,Unauthorized access attempt from 192.168.1.5,E401,Unauthorized access attempt from {ip}
93641,2026-01-16,14:14:14,WARN,WebServer,High latency (181ms) detected on WebServer,E201,High latency ({time}ms) detected on {service}
93642,2026-01-16,14:03:22,INFO,WebServer,Transaction tx298212 completed in 205ms,E104,Transaction {tx} completed in {time}ms
93643,2026-01-16,14:54:15,ERROR,WebServer,Payment declined: Gateway unavailable,E503,Payment declined: Gateway unavailable
93644,2026-01-16,14:18:21,INFO,PaymentGateway,Health check passed: PaymentGateway,E102,Health check passed: {service}
93645,2026-01-16,14:10:13,INFO,OrderProcessor,Page view: /home by u3957,E103,Page view: {page} by {user}
93646,2026-01-16,14:17:49,ERROR,WebServer,Payment declined: Gateway unavailable,E503,Payment declined: Gateway unavailable
93647,2026-01-16,14:16:09,ERROR,PaymentGateway,Connection refused to PaymentGateway at 10.0.0.12,E501,Connection refused to {service} at {ip}
93648,2026-01-16,14:32:49,ERROR,OrderProcessor,Connection refused to OrderProcessor at 10.0.0.45,E501,Connection refused to {service} at {ip}
93649,2026-01-16,14:15:03,WARN,OrderProcessor,Disk usage > 85% on node node-1,E202,Disk usage > 85% on node {node}
93650,2026-01-16,14:21:12,WARN,AuthService,High latency (1277ms) detected on AuthService,E201,High latency ({time}ms) detected on {service}
93651,2026-01-16,14:05:31,WARN,WebServer,Disk usage > 85% on node node-2,E202,Disk usage > 85% on node {node}
93652,2026-01-16,14:42:43,INFO,AuthService,Health check passed: AuthService,E102,Health check passed: {service}
93653,2026-01-16,14:40:31,INFO,PaymentGateway,User u2373 login successful,E101,User {user} login successful
93654,2026-01-16,14:41:37,INFO,OrderProcessor,Page view: /home by u2914,E103,Page view: {page} by {user}
93655,2026-01-16,14:09:51,INFO,WebServer,Page view: /home by u3333,E103,Page view: {page} by {user}
93656,2026-01-16,14:40:22,INFO,WebServer,User u2593 login successful,E101,User {user} login successful
93657,2026-01-16,14:49:50,ERROR,OrderProcessor,Payment declined: Gateway unavailable,E503,Payment declined: Gateway unavailable
93658,2026-01-16,14:40:11,WARN,AuthService,High latency (1867ms) detected on AuthService,E201,High latency ({time}ms) detected on {service}
93659,2026-01-16,14:11:42,ERROR,OrderProcessor,Connection refused to OrderProcessor at 10.0.0.45,E501,Connection refused to {service} at {ip}
93660,2026-01-16,14:41:51,ERROR,InventoryDB,Payment declined: Gateway unavailable,E503,Payment declined: Gateway unavailable
93661,2026-01-16,14:41:18,WARN,OrderProcessor,Disk usage > 85% on node node-4,E202,Disk usage > 85% on node {node}
93662,2026-01-16,14:27:32,WARN,WebServer,High latency (1628ms) detected on WebServer,E201,High latency ({time}ms) detected on {service}
93663,2026-01-16,14:49:46,WARN,WebServer,Disk usage > 85% on node node-5,E202,Disk usage > 85% on node {node}
93664,2026-01-16,14:16:36,CRITICAL,WebServer,DATA CORRUPTION detected in sector 108,E602,DATA CORRUPTION detected in sector {sector}
93665,2026-01-16,14:16:43,ERROR,WebServer,Connection refused to WebServer at 10.0.0.12,E501,Connection refused to {service} at {ip}
93666,2026-01-16,14:36:49,INFO,WebServer,Page view: /home by u4788,E103,Page view: {page} by {user}
93667,2026-01-16,14:59:58,ERROR,WebServer,Timeout waiting for lock on InventoryDB,E502,Timeout waiting for lock on {db}
93668,2026-01-16,14:21:05,ERROR,WebServer,Timeout waiting for lock on InventoryDB,E502,Timeout waiting for lock on {db}
93669,2026-01-16,14:48:25,INFO,WebServer,User u3554 login successful,E101,User {user} login successful
93670,2026-01-16,14:58:22,CRITICAL,InventoryDB,DATA CORRUPTION detected in sector 120,E602,DATA CORRUPTION detected in sector {sector}
93671,2026-01-16,14:10:26,INFO,WebServer,Health check passed: WebServer,E102,Health check passed: {service}
93672,2026-01-16,14:14:20,ERROR,PaymentGateway,Connection refused to PaymentGateway at 10.0.0.45,E501,Connection refused to {service} at {ip}
93673,2026-01-16,14:57:12,INFO,OrderProcessor,Transaction tx650545 completed in 1098ms,E104,Transaction {tx} completed in {time}ms
93674,2026-01-16,14:45:42,ERROR,PaymentGateway,Connection refused to PaymentGateway at 10.0.0.45,E501,Connection refused to {service} at {ip}
93675,2026-01-16,14:17:47,WARN,WebServer,Disk usage > 85% on node node-5,E202,Disk usage > 85% on node {node}
93676,2026-01-16,14:22:02,WARN,WebServer,High latency (79ms) detected on WebServer,E201,High latency ({time}ms) detected on {service}
93677,2026-01-16,14:05:52,INFO,WebServer,User u3578 login successful,E101,User {user} login successful
93678,2026-01-16,14:16:30,INFO,WebServer,User u1671 login successful,E101,User {user} login successful
93679,2026-01-16,14:26:33,ERROR,PaymentGateway,Payment declined: Gateway unavailable,E503,Payment declined: Gateway unavailable
93680,2026-01-16,14:20:35,ERROR,AuthService,Payment declined: Gateway unavailable,E503,Payment declined: Gateway unavailable
93681,2026-01-16,14:26:48,WARN,WebServer,High latency (1337ms) detected on WebServer,E201,High latency ({time}ms) detected on {service}
93682,2026-01-16,14:23:14,ERROR,WebServer,Timeout waiting for lock on InventoryDB,E502,Timeout waiting for lock on {db}
93683,2026-01-16,14:26:48,CRITICAL,WebServer,KERNEL PANIC: Node node-3 crashed,E601,KERNEL PANIC: Node {node} crashed
93684,2026-01-16,14:44:24,ERROR,WebServer,Payment declined: Gateway unavailable,E503,Payment declined: Gateway unavailable
93685,2026-01-16,14:42:16,CRITICAL,AuthService,DATA CORRUPTION detected in sector 306,E602,DATA CORRUPTION detected in sector {sector}
93686,2026-01-16,14:56:26,INFO,WebServer,Page view: /home by u1812,E103,Page view: {page} by {user}
93687,2026-01-16,14:11:00,CRITICAL,AuthService,DATA CORRUPTION detected in sector 530,E602,DATA CORRUPTION detected in sector {sector}
93688,2026-01-16,14:28:24,ERROR,AuthService,Connection refused to AuthService at 192.168.1.5,E501,Connection refused to {service} at {ip}
93689,2026-01-16,14:34:58,INFO,InventoryDB,Health check passed: InventoryDB,E102,Health check passed: {service}
93690,2026-01-16,14:51:10,ERROR,InventoryDB,Timeout waiting for lock on InventoryDB,E502,Timeout waiting for lock on {db}
93691,2026-01-16,14:35:47,INFO,AuthService,Health check passed: AuthService,E102,Health check passed: {service}
93692,2026-01-16,14:09:27,WARN,PaymentGateway,Unauthorized access attempt from 10.0.0.45,E401,Unauthorized access attempt from {ip}
93693,2026-01-16,14:08:26,INFO,OrderProcessor,Transaction tx342550 completed in 1039ms,E104,Transaction {tx} completed in {time}ms
93694,2026-01-16,14:08:05,WARN,WebServer,Disk usage > 85% on node node-3,E202,Disk usage > 85% on node {node}
93695,2026-01-16,14:53:22,ERROR,AuthService,Connection refused to AuthService at 10.0.0.88,E501,Connection refused to {service} at {ip}
93696,2026-01-16,14:36:23,CRITICAL,WebServer,DATA CORRUPTION detected in sector 831,E602,DATA CORRUPTION detected in sector {sector}
93697,2026-01-16,14:10:07,INFO,WebServer,Transaction tx857928 completed in 926ms,E104,Transaction {tx} completed in {time}ms
93698,2026-01-16,14:11:46,WARN,InventoryDB,Disk usage > 85% on node node-1,E202,Disk usage > 85% on node {node}
93699,2026-01-16,14:31:16,WARN,PaymentGateway,Disk usage > 85% on node node-4,E202,Disk usage > 85% on node {node}
93700,2026-01-16,14:43:34,ERROR,AuthService,Payment declined: Gateway unavailable,E503,Payment declined: Gateway unavailable
93701,2026-01-16,14:12:56,ERROR,WebServer,Timeout waiting for lock on InventoryDB,E502,Timeout waiting for lock on {db}
93702,2026-01-16,14:46:32,ERROR,WebServer,Payment declined: Gateway unavailable,E503,Payment declined: Gateway unavailable
93703,2026-01-16,14:53:56,INFO,WebServer,User u1485 login successful,E101,User {user} login successful
93704,2026-01-16,14:17:16,ERROR,WebServer,Connection refused to WebServer at 10.0.0.45,E501,Connection refused to {service} at {ip}
93705,2026-01-16,14:25:44,ERROR,AuthService,Timeout waiting for lock on InventoryDB,E502,Timeout waiting for lock on {db}
93706,2026-01-16,14:45:00,INFO,AuthService,Page view: /home by u1879,E103,Page view: {page} by {user}
93707,2026-01-16,14:34:56,CRITICAL,WebServer,DATA CORRUPTION detected in sector 896,E602,DATA CORRUPTION detected in sector {sector}
93708,2026-01-16,14:50:32,INFO,PaymentGateway,Health check passed: PaymentGateway,E102,Health check passed: {service}
93709,2026-01-16,14:06:44,WARN,WebServer,High latency (605ms) detected on WebServer,E201,High latency ({time}ms) detected on {service}
93710,2026-01-16,14:52:43,INFO,WebServer,Transaction tx522927 completed in 1862ms,E104,Transaction {tx} completed in {time}ms
93711,2026-01-16,14:16:52,CRITICAL,AuthService,KERNEL PANIC: Node node-1 crashed,E601,KERNEL PANIC: Node {node} crashed
93712,2026-01-16,14:35:05,ERROR,PaymentGateway,Timeout waiting for lock on InventoryDB,E502,Timeout waiting for lock on {db}
93713,2026-01-16,14:41:24,WARN,AuthService,Disk usage > 85% on node node-3,E202,Disk usage > 85% on node {node}
93714,2026-01-16,14:25:49,WARN,WebServer,High latency (166ms) detected on WebServer,E201,High latency ({time}ms) detected on {service}
93715,2026-01-16,14:37:03,WARN,PaymentGateway,Disk usage > 85% on node node-1,E202,Disk usage > 85% on node {node}
93716,2026-01-16,14:03:23,INFO,WebServer,Page view: /home by u1813,E103,Page view: {page} by {user}
93717,2026-01-16,14:14:52,INFO,OrderProcessor,Page view: /home by u4608,E103,Page view: {page} by {user}
93718,2026-01-16,14:21:22,INFO,AuthService,Transaction tx857017 completed in 179ms,E104,Transaction {tx} completed in {time}ms
93719,2026-01-16,14:10:11,CRITICAL,InventoryDB,DATA CORRUPTION detected in sector 567,E602,DATA CORRUPTION detected in sector {sector}
93720,2026-01-16,14:27:50,INFO,OrderProcessor,User u3705 login successful,E101,User {user} login successful
93721,2026-01-16,14:21:39,INFO,WebServer,Health check passed: WebServer,E102,Health check passed: {service}
93722,2026-01-16,14:29:43,CRITICAL,WebServer,KERNEL PANIC: Node node-5 crashed,E601,KERNEL PANIC: Node {node} crashed
93723,2026-01-16,14:08:44,WARN,WebServer,High latency (880ms) detected on WebServer,E201,High latency ({time}ms) detected on {service}
93724,2026-01-16,14:41:12,ERROR,AuthService,Payment declined: Gateway unavailable,E503,Payment declined: Gateway unavailable
93725,2026-01-16,14:58:05,ERROR,AuthService,Connection refused to AuthService at 192.168.1.5,E501,Connection refused to {service} at {ip}
93726,2026-01-16,14:25:57,ERROR,WebServer,Payment declined: Gateway unavailable,E503,Payment declined: Gateway unavailable
93727,2026-01-16,14:16:01,INFO,WebServer,User u2558 login successful,E101,User {user} login successful
93728,2026-01-16,14:11:24,CRITICAL,WebServer,DATA CORRUPTION detected in sector 955,E602,DATA CORRUPTION detected in sector {sector}
93729,2026-01-16,14:09:34,INFO,WebServer,Page view: /home by u4138,E103,Page view: {page} by {user}
93730,2026-01-16,14:39:38,ERROR,WebServer,Payment declined: Gateway unavailable,E503,Payment declined: Gateway unavailable
93731,2026-01-16,14:37:25,WARN,WebServer,Disk usage > 85% on node node-4,E202,Disk usage > 85% on node {node}
93732,2026-01-16,14:20:12,INFO,OrderProcessor,Health check passed: OrderProcessor,E102,Health check passed: {service}
93733,2026-01-16,14:42:58,INFO,PaymentGateway,Page view: /home by u4341,E103,Page view: {page} by {user}
93734,2026-01-16,14:34:04,WARN,AuthService,Disk usage > 85% on node node-1,E202,Disk usage > 85% on node {node}
93735,2026-01-16,14:55:19,ERROR,PaymentGateway,Connection refused to PaymentGateway at 10.0.0.99,E501,Connection refused to {service} at {ip}
93736,2026-01-16,14:27:33,ERROR,WebServer,Connection refused to WebServer at 10.0.0.45,E501,Connection refused to {service} at {ip}
93737,2026-01-16,14:08:05,CRITICAL,WebServer,DATA CORRUPTION detected in sector 447,E602,DATA CORRUPTION detected in sector {sector}
93738,2026-01-16,14:33:04,ERROR,WebServer,Timeout waiting for lock on InventoryDB,E502,Timeout waiting for lock on {db}
93739,2026-01-16,14:47:39,ERROR,InventoryDB,Connection refused to InventoryDB at 10.0.0.45,E501,Connection refused to {service} at {ip}
93740,2026-01-16,14:39:22,INFO,PaymentGateway,Health check passed: PaymentGateway,E102,Health check passed: {service}
93741,2026-01-16,14:06:16,CRITICAL,WebServer,DATA CORRUPTION detected in sector 359,E602,DATA CORRUPTION detected in sector {sector}
93742,2026-01-16,14:32:24,ERROR,WebServer,Timeout waiting for lock on InventoryDB,E502,Timeout waiting for lock on {db}
93743,2026-01-16,14:35:47,CRITICAL,WebServer,KERNEL PANIC: Node node-3 crashed,E601,KERNEL PANIC: Node {node} crashed
93744,2026-01-16,14:38:17,ERROR,WebServer,Payment declined: Gateway unavailable,E503,Payment declined: Gateway unavailable
93745,2026-01-16,14:42:27,INFO,InventoryDB,Transaction tx589335 completed in 1391ms,E104,Transaction {tx} completed in {time}ms
93746,2026-01-16,14:20:08,WARN,WebServer,Disk usage > 85% on node node-2,E202,Disk usage > 85% on node {node}
93747,2026-01-16,14:23:24,ERROR,WebServer,Payment declined: Gateway unavailable,E503,Payment declined: Gateway unavailable
93748,2026-01-16,14:27:26,WARN,WebServer,Disk usage > 85% on node node-5,E202,Disk usage > 85% on node {node}
93749,2026-01-16,14:47:50,INFO,WebServer,Transaction tx690081 completed in 59ms,E104,Transaction {tx} completed in {time}ms
93750,2026-01-16,14:44:13,INFO,WebServer,Health check passed: WebServer,E102,Health check passed: {service}
93751,2026-01-16,14:20:55,WARN,InventoryDB,Disk usage > 85% on node node-3,E202,Disk usage > 85% on node {node}
93752,2026-01-16,14:12:20,ERROR,InventoryDB,Timeout waiting for lock on InventoryDB,E502,Timeout waiting for lock on {db}
93753,2026-01-16,14:13:25,ERROR,OrderProcessor,Payment declined: Gateway unavailable,E503,Payment declined: Gateway unavailable
93754,2026-01-16,14:17:58,CRITICAL,WebServer,DATA CORRUPTION detected in sector 740,E602,DATA CORRUPTION detected in sector {sector}
93755,2026-01-16,14:47:21,WARN,WebServer,Disk usage > 85% on node node-1,E202,Disk usage > 85% on node {node}
93756,2026-01-16,14:39:23,INFO,AuthService,Health check passed: AuthService,E102,Health check passed: {service}
93757,2026-01-16,14:43:46,INFO,AuthService,Page view: /home by u4638,E103,Page view: {page} by {user}
93758,2026-01-16,14:10:50,WARN,OrderProcessor,High latency (1748ms) detected on OrderProcessor,E201,High latency ({time}ms) detected on {service}
93759,2026-01-16,14:51:16,WARN,PaymentGateway,Unauthorized access attempt from 10.0.0.45,E401,Unauthorized access attempt from {ip}
93760,2026-01-16,14:13:10,ERROR,PaymentGateway,Timeout waiting for lock on InventoryDB,E502,Timeout waiting for lock on {db}
93761,2026-01-16,14:32:00,INFO,WebServer,Transaction tx130772 completed in 1568ms,E104,Transaction {tx} completed in {time}ms
93762,2026-01-16,14:44:42,WARN,InventoryDB,High latency (111ms) detected on InventoryDB,E201,High latency ({time}ms) detected on {service}
93763,2026-01-16,14:38:26,CRITICAL,WebServer,DATA CORRUPTION detected in sector 165,E602,DATA CORRUPTION detected in sector {sector}
93764,2026-01-16,14:36:19,WARN,WebServer,Unauthorized access attempt from 10.0.0.45,E401,Unauthorized access attempt from {ip}
93765,2026-01-16,14:50:15,CRITICAL,WebServer,DATA CORRUPTION detected in sector 749,E602,DATA CORRUPTION detected in sector {sector}
93766,2026-01-16,14:14:50,ERROR,AuthService,Connection refused to AuthService at 10.0.0.12,E501,Connection refused to {service} at {ip}
93767,2026-01-16,14:12:23,INFO,OrderProcessor,Transaction tx671820 completed in 72ms,E104,Transaction {tx} completed in {time}ms
93768,2026-01-16,14:37:09,WARN,PaymentGateway,High latency (1605ms) detected on PaymentGateway,E201,High latency ({time}ms) detected on {service}
93769,2026-01-16,14:04:57,INFO,WebServer,Page view: /home by u4756,E103,Page view: {page} by {user}
93770,2026-01-16,14:55:46,INFO,WebServer,Transaction tx823082 completed in 1960ms,E104,Transaction {tx} completed in {time}ms
93771,2026-01-16,14:13:14,ERROR,AuthService,Payment declined: Gateway unavailable,E503,Payment declined: Gateway unavailable
93772,2026-01-16,14:18:18,CRITICAL,WebServer,KERNEL PANIC: Node node-1 crashed,E601,KERNEL PANIC: Node {node} crashed
93773,2026-01-16,14:24:21,ERROR,InventoryDB,Connection refused to InventoryDB at 10.0.0.45,E501,Connection refused to {service} at {ip}
93774,2026-01-16,14:41:05,INFO,WebServer,Page view: /home by u2977,E103,Page view: {page} by {user}
93775,2026-01-16,14:07:37,INFO,WebServer,User u3798 login successful,E101,User {user} login successful
93776,2026-01-16,14:50:02,ERROR,AuthService,Payment declined: Gateway unavailable,E503,Payment declined: Gateway unavailable
93777,2026-01-16,14:18:50,ERROR,AuthService,Timeout waiting for lock on InventoryDB,E502,Timeout waiting for lock on {db}
93778,2026-01-16,14:40:03,ERROR,PaymentGateway,Payment declined: Gateway unavailable,E503,Payment declined: Gateway unavailable
93779,2026-01-16,14:55:49,ERROR,WebServer,Connection refused to WebServer at 10.0.0.88,E501,Connection refused to {service} at {ip}
93780,2026-01-16,14:45:06,CRITICAL,AuthService,KERNEL PANIC: Node node-4 crashed,E601,KERNEL PANIC: Node {node} crashed
93781,2026-01-16,14:57:27,INFO,PaymentGateway,Transaction tx267798 completed in 1749ms,E104,Transaction {tx} completed in {time}ms
93782,2026-01-16,14:12:28,INFO,OrderProcessor,Page view: /home by u1992,E103,Page view: {page} by {user}
93783,2026-01-16,14:19:33,INFO,WebServer,Health check passed: WebServer,E102,Health check passed: {service}
93784,2026-01-16,14:11:19,ERROR,AuthService,Timeout waiting for lock on InventoryDB,E502,Timeout waiting for lock on {db}
93785,2026-01-16,14:58:55,WARN,WebServer,High latency (619ms) detected on WebServer,E201,High latency ({time}ms) detected on {service}
93786,2026-01-16,14:55:04,WARN,OrderProcessor,Disk usage > 85% on node node-5,E202,Disk usage > 85% on node {node}
93787,2026-01-16,14:58:26,ERROR,AuthService,Timeout waiting for lock on InventoryDB,E502,Timeout waiting for lock on {db}
93788,2026-01-16,14:28:23,WARN,PaymentGateway,High latency (1395ms) detected on PaymentGateway,E201,High latency ({time}ms) detected on {service}
93789,2026-01-16,14:34:51,CRITICAL,WebServer,DATA CORRUPTION detected in sector 783,E602,DATA CORRUPTION detected in sector {sector}
93790,2026-01-16,14:22:08,ERROR,AuthService,Connection refused to AuthService at 10.0.0.12,E501,Connection refused to {service} at {ip}
93791,2026-01-16,14:50:38,WARN,WebServer,Unauthorized access attempt from 10.0.0.45,E401,Unauthorized access attempt from {ip}
93792,2026-01-16,14:13:06,CRITICAL,AuthService,KERNEL PANIC: Node node-1 crashed,E601,KERNEL PANIC: Node {node} crashed
93793,2026-01-16,14:34:57,WARN,OrderProcessor,Unauthorized access attempt from 10.0.0.45,E401,Unauthorized access attempt from {ip}
93794,2026-01-16,14:05:06,ERROR,AuthService,Connection refused to AuthService at 10.0.0.45,E501,Connection refused to {service} at {ip}
93795,2026-01-16,14:19:18,INFO,AuthService,Page view: /home by u3791,E103,Page view: {page} by {user}
93796,2026-01-16,14:19:36,WARN,OrderProcessor,High latency (648ms) detected on OrderProcessor,E201,High latency ({time}ms) detected on {service}
93797,2026-01-16,14:37:19,WARN,OrderProcessor,Unauthorized access attempt from 10.0.0.45,E401,Unauthorized access attempt from {ip}
93798,2026-01-16,14:18:15,INFO,WebServer,Transaction tx500655 completed in 554ms,E104,Transaction {tx} completed in {time}ms
93799,2026-01-16,14:50:24,ERROR,WebServer,Payment declined: Gateway unavailable,E503,Payment declined: Gateway unavailable
93800,2026-01-16,14:55:13,CRITICAL,PaymentGateway,KERNEL PANIC: Node node-3 crashed,E601,KERNEL PANIC: Node {node} crashed
93801,2026-01-16,14:10:22,ERROR,WebServer,Connection refused to WebServer at 10.0.0.45,E501,Connection refused to {service} at {ip}
93802,2026-01-16,14:37:26,CRITICAL,WebServer,KERNEL PANIC: Node node-4 crashed,E601,KERNEL PANIC: Node {node} crashed
93803,2026-01-16,14:53:18,ERROR,OrderProcessor,Payment declined: Gateway unavailable,E503,Payment declined: Gateway unavailable
93804,2026-01-16,14:30:15,ERROR,InventoryDB,Timeout waiting for lock on InventoryDB,E502,Timeout waiting for lock on {db}
93805,2026-01-16,14:35:37,INFO,WebServer,Transaction tx897864 completed in 75ms,E104,Transaction {tx} completed in {time}ms
93806,2026-01-16,14:45:31,WARN,AuthService,Unauthorized access attempt from 10.0.0.45,E401,Unauthorized access attempt from {ip}
93807,2026-01-16,14:36:03,WARN,AuthService,High latency (1303ms) detected on AuthService,E201,High latency ({time}ms) detected on {service}
93808,2026-01-16,14:46:24,ERROR,AuthService,Timeout waiting for lock on InventoryDB,E502,Timeout waiting for lock on {db}
93809,2026-01-16,14:39:13,WARN,AuthService,High latency (1660ms) detected on AuthService,E201,High latency ({time}ms) detected on {service}
93810,2026-01-16,14:48:10,ERROR,WebServer,Connection refused to WebServer at 10.0.0.88,E501,Connection refused to {service} at {ip}
93811,2026-01-16,14:09:44,WARN,WebServer,Disk usage > 85% on node node-1,E202,Disk usage > 85% on node {node}
93812,2026-01-16,14:18:45,ERROR,AuthService,Payment declined: Gateway unavailable,E503,Payment declined: Gateway unavailable
93813,2026-01-16,14:33:04,INFO,WebServer,Page view: /home by u2812,E103,Page view: {page} by {user}
93814,2026-01-16,14:53:55,INFO,OrderProcessor,Page view: /home by u3260,E103,Page view: {page} by {user}
93815,2026-01-16,14:38:02,ERROR,OrderProcessor,Connection refused to OrderProcessor at 10.0.0.45,E501,Connection refused to {service} at {ip}
93816,2026-01-16,14:15:46,INFO,AuthService,Page view: /home by u4266,E103,Page view: {page} by {user}
93817,2026-01-16,14:33:37,ERROR,AuthService,Payment declined: Gateway unavailable,E503,Payment declined: Gateway unavailable
93818,2026-01-16,14:04:14,ERROR,AuthService,Timeout waiting for lock on InventoryDB,E502,Timeout waiting for lock on {db}
93819,2026-01-16,14:10:02,CRITICAL,AuthService,KERNEL PANIC: Node node-5 crashed,E601,KERNEL PANIC: Node {node} crashed
93820,2026-01-16,14:35:03,INFO,WebServer,User u4951 login successful,E101,User {user} login successful
93821,2026-01-16,14:04:16,INFO,WebServer,Transaction tx353448 completed in 1959ms,E104,Transaction {tx} completed in {time}ms
93822,2026-01-16,14:25:19,WARN,InventoryDB,Disk usage > 85% on node node-2,E202,Disk usage > 85% on node {node}
93823,2026-01-16,14:06:32,ERROR,AuthService,Connection refused to AuthService at 10.0.0.45,E501,Connection refused to {service} at {ip}
93824,2026-01-16,14:13:23,ERROR,WebServer,Connection refused to WebServer at 10.0.0.45,E501,Connection refused to {service} at {ip}
93825,2026-01-16,14:10:05,WARN,WebServer,Disk usage > 85% on node node-1,E202,Disk usage > 85% on node {node}
93826,2026-01-16,14:01:49,INFO,OrderProcessor,User u3476 login successful,E101,User {user} login successful
93827,2026-01-16,14:24:03,ERROR,WebServer,Connection refused to WebServer at 10.0.0.12,E501,Connection refused to {service} at {ip}
93828,2026-01-16,14:37:00,ERROR,OrderProcessor,Payment declined: Gateway unavailable,E503,Payment declined: Gateway unavailable
93829,2026-01-16,14:58:12,ERROR,InventoryDB,Payment declined: Gateway unavailable,E503,Payment declined: Gateway unavailable
93830,2026-01-16,14:18:52,WARN,WebServer,Unauthorized access attempt from 10.0.0.45,E401,Unauthorized access attempt from {ip}
93831,2026-01-16,14:35:33,INFO,WebServer,User u3671 login successful,E101,User {user} login successful
93832,2026-01-16,14:54:16,ERROR,WebServer,Payment declined: Gateway unavailable,E503,Payment declined: Gateway unavailable
93833,2026-01-16,14:32:09,WARN,PaymentGateway,High latency (1241ms) detected on PaymentGateway,E201,High latency ({time}ms) detected on {service}
93834,2026-01-16,14:13:45,INFO,WebServer,User u4601 login successful,E101,User {user} login successful
93835,2026-01-16,14:46:06,CRITICAL,WebServer,DATA CORRUPTION detected in sector 593,E602,DATA CORRUPTION detected in sector {sector}
93836,2026-01-16,14:15:13,ERROR,WebServer,Timeout waiting for lock on InventoryDB,E502,Timeout waiting for lock on {db}
93837,2026-01-16,14:45:27,INFO,AuthService,Page view: /home by u4997,E103,Page view: {page} by {user}
93838,2026-01-16,14:52:50,INFO,PaymentGateway,Page view: /home by u3621,E103,Page view: {page} by {user}
93839,2026-01-16,14:52:00,WARN,WebServer,High latency (320ms) detected on WebServer,E201,High latency ({time}ms) detected on {service}
93840,2026-01-16,14:02:02,INFO,WebServer,Transaction tx953503 completed in 1754ms,E104,Transaction {tx} completed in {time}ms
93841,2026-01-16,14:12:56,ERROR,PaymentGateway,Connection refused to PaymentGateway at 10.0.0.45,E501,Connection refused to {service} at {ip}
93842,2026-01-16,14:27:11,WARN,OrderProcessor,Disk usage > 85% on node node-3,E202,Disk usage > 85% on node {node}
93843,2026-01-16,14:37:52,CRITICAL,WebServer,KERNEL PANIC: Node node-5 crashed,E601,KERNEL PANIC: Node {node} crashed
93844,2026-01-16,14:16:10,INFO,AuthService,Transaction tx704381 completed in 1392ms,E104,Transaction {tx} completed in {time}ms
93845,2026-01-16,14:13:21,INFO,AuthService,User u3674 login successful,E101,User {user} login successful
93846,2026-01-16,14:18:29,ERROR,OrderProcessor,Timeout waiting for lock on InventoryDB,E502,Timeout waiting for lock on {db}
93847,2026-01-16,14:56:34,INFO,InventoryDB,Transaction tx413221 completed in 1588ms,E104,Transaction {tx} completed in {time}ms
93848,2026-01-16,14:00:48,ERROR,OrderProcessor,Payment declined: Gateway unavailable,E503,Payment declined: Gateway unavailable
93849,2026-01-16,14:55:16,INFO,AuthService,Transaction tx945482 completed in 677ms,E104,Transaction {tx} completed in {time}ms
93850,2026-01-16,14:31:05,ERROR,InventoryDB,Connection refused to InventoryDB at 10.0.0.99,E501,Connection refused to {service} at {ip}
93851,2026-01-16,14:00:13,ERROR,AuthService,Timeout waiting for lock on InventoryDB,E502,Timeout waiting for lock on {db}
93852,2026-01-16,14:07:34,ERROR,WebServer,Payment declined: Gateway unavailable,E503,Payment declined: Gateway unavailable
93853,2026-01-16,14:04:17,INFO,PaymentGateway,User u1018 login successful,E101,User {user} login successful
93854,2026-01-16,14:49:47,WARN,InventoryDB,Disk usage > 85% on node node-2,E202,Disk usage > 85% on node {node}
93855,2026-01-16,14:19:13,ERROR,WebServer,Payment declined: Gateway unavailable,E503,Payment declined: Gateway unavailable
93856,2026-01-16,14:06:02,ERROR,WebServer,Payment declined: Gateway unavailable,E503,Payment declined: Gateway unavailable
93857,2026-01-16,14:29:46,INFO,AuthService,Health check passed: AuthService,E102,Health check passed: {service}
93858,2026-01-16,14:58:07,INFO,WebServer,Health check passed: WebServer,E102,Health check passed: {service}
93859,2026-01-16,14:03:17,WARN,AuthService,High latency (155ms) detected on AuthService,E201,High latency ({time}ms) detected on {service}
93860,2026-01-16,14:30:45,ERROR,WebServer,Timeout waiting for lock on InventoryDB,E502,Timeout waiting for lock on {db}
93861,2026-01-16,14:45:26,WARN,WebServer,High latency (1070ms) detected on WebServer,E201,High latency ({time}ms) detected on {service}
93862,2026-01-16,14:16:18,INFO,AuthService,Transaction tx733235 completed in 1660ms,E104,Transaction {tx} completed in {time}ms
93863,2026-01-16,14:06:08,ERROR,PaymentGateway,Timeout waiting for lock on InventoryDB,E502,Timeout waiting for lock on {db}
93864,2026-01-16,14:57:38,WARN,WebServer,Unauthorized access attempt from 192.168.1.5,E401,Unauthorized access attempt from {ip}
93865,2026-01-16,14:45:45,WARN,WebServer,Disk usage > 85% on node node-3,E202,Disk usage > 85% on node {node}
93866,2026-01-16,14:04:15,ERROR,OrderProcessor,Payment declined: Gateway unavailable,E503,Payment declined: Gateway unavailable
93867,2026-01-16,14:31:39,ERROR,PaymentGateway,Payment declined: Gateway unavailable,E503,Payment declined: Gateway unavailable
93868,2026-01-16,14:27:00,INFO,WebServer,Transaction tx269712 completed in 1494ms,E104,Transaction {tx} completed in {time}ms
93869,2026-01-16,14:39:01,WARN,WebServer,Disk usage > 85% on node node-3,E202,Disk usage > 85% on node {node}
93870,2026-01-16,14:15:16,ERROR,WebServer,Connection refused to WebServer at 10.0.0.99,E501,Connection refused to {service} at {ip}
93871,2026-01-16,14:25:09,ERROR,WebServer,Connection refused to WebServer at 10.0.0.10,E501,Connection refused to {service} at {ip}
93872,2026-01-16,14:12:34,WARN,WebServer,Unauthorized access attempt from 10.0.0.45,E401,Unauthorized access attempt from {ip}
93873,2026-01-16,14:43:25,INFO,AuthService,User u4332 login successful,E101,User {user} login successful
93874,2026-01-16,14:54:32,ERROR,AuthService,Payment declined: Gateway unavailable,E503,Payment declined: Gateway unavailable
93875,2026-01-16,14:28:13,ERROR,InventoryDB,Payment declined: Gateway unavailable,E503,Payment declined: Gateway unavailable
93876,2026-01-16,14:22:45,CRITICAL,WebServer,KERNEL PANIC: Node node-5 crashed,E601,KERNEL PANIC: Node {node} crashed
93877,2026-01-16,14:29:08,CRITICAL,OrderProcessor,DATA CORRUPTION detected in sector 397,E602,DATA CORRUPTION detected in sector {sector}
93878,2026-01-16,14:19:54,WARN,OrderProcessor,Disk usage > 85% on node node-4,E202,Disk usage > 85% on node {node}
93879,2026-01-16,14:04:26,ERROR,WebServer,Payment declined: Gateway unavailable,E503,Payment declined: Gateway unavailable
93880,2026-01-16,14:09:42,ERROR,PaymentGateway,Connection refused to PaymentGateway at 10.0.0.45,E501,Connection refused to {service} at {ip}
93881,2026-01-16,14:12:54,ERROR,PaymentGateway,Connection refused to PaymentGateway at 10.0.0.45,E501,Connection refused to {service} at {ip}
93882,2026-01-16,14:52:39,ERROR,AuthService,Timeout waiting for lock on InventoryDB,E502,Timeout waiting for lock on {db}
93883,2026-01-16,14:22:38,CRITICAL,WebServer,DATA CORRUPTION detected in sector 532,E602,DATA CORRUPTION detected in sector {sector}
93884,2026-01-16,14:24:47,INFO,WebServer,Page view: /home by u1632,E103,Page view: {page} by {user}
93885,2026-01-16,14:51:22,ERROR,OrderProcessor,Connection refused to OrderProcessor at 10.0.0.12,E501,Connection refused to {service} at {ip}
93886,2026-01-16,14:08:50,INFO,PaymentGateway,Transaction tx136965 completed in 917ms,E104,Transaction {tx} completed in {time}ms
93887,2026-01-16,14:43:05,INFO,PaymentGateway,User u4311 login successful,E101,User {user} login successful
93888,2026-01-16,14:26:58,WARN,InventoryDB,Unauthorized access attempt from 10.0.0.99,E401,Unauthorized access attempt from {ip}
93889,2026-01-16,14:06:55,INFO,OrderProcessor,Transaction tx757250 completed in 349ms,E104,Transaction {tx} completed in {time}ms
93890,2026-01-16,14:41:03,ERROR,AuthService,Connection refused to AuthService at 10.0.0.12,E501,Connection refused to {service} at {ip}
93891,2026-01-16,14:29:04,INFO,WebServer,User u1687 login successful,E101,User {user} login successful
93892,2026-01-16,14:58:27,INFO,WebServer,User u4385 login successful,E101,User {user} login successful
93893,2026-01-16,14:56:56,ERROR,WebServer,Connection refused to WebServer at 10.0.0.45,E501,Connection refused to {service} at {ip}
93894,2026-01-16,14:18:31,CRITICAL,InventoryDB,KERNEL PANIC: Node node-2 crashed,E601,KERNEL PANIC: Node {node} crashed
93895,2026-01-16,14:24:01,WARN,WebServer,High latency (1888ms) detected on WebServer,E201,High latency ({time}ms) detected on {service}
93896,2026-01-16,14:34:13,INFO,WebServer,Health check passed: WebServer,E102,Health check passed: {service}
93897,2026-01-16,14:28:48,ERROR,WebServer,Payment declined: Gateway unavailable,E503,Payment declined: Gateway unavailable
93898,2026-01-16,14:05:57,WARN,WebServer,Unauthorized access attempt from 10.0.0.45,E401,Unauthorized access attempt from {ip}
93899,2026-01-16,14:14:23,ERROR,PaymentGateway,Timeout waiting for lock on InventoryDB,E502,Timeout waiting for lock on {db}
93900,2026-01-16,14:13:35,INFO,AuthService,Transaction tx954460 completed in 1304ms,E104,Transaction {tx} completed in {time}ms
93901,2026-01-16,14:23:48,WARN,AuthService,High latency (1269ms) detected on AuthService,E201,High latency ({time}ms) detected on {service}
93902,2026-01-16,14:47:29,WARN,WebServer,High latency (1790ms) detected on WebServer,E201,High latency ({time}ms) detected on {service}
93903,2026-01-16,14:56:28,INFO,AuthService,Transaction tx407530 completed in 1592ms,E104,Transaction {tx} completed in {time}ms
93904,2026-01-16,14:41:47,INFO,InventoryDB,Transaction tx847519 completed in 1040ms,E104,Transaction {tx} completed in {time}ms
93905,2026-01-16,14:58:36,INFO,WebServer,Health check passed: WebServer,E102,Health check passed: {service}
93906,2026-01-16,14:59:33,ERROR,WebServer,Timeout waiting for lock on InventoryDB,E502,Timeout waiting for lock on {db}
93907,2026-01-16,14:12:47,WARN,WebServer,Unauthorized access attempt from 10.0.0.45,E401,Unauthorized access attempt from {ip}
93908,2026-01-16,14:02:28,ERROR,PaymentGateway,Payment declined: Gateway unavailable,E503,Payment declined: Gateway unavailable
93909,2026-01-16,14:09:29,INFO,AuthService,User u1417 login successful,E101,User {user} login successful
93910,2026-01-16,14:28:43,ERROR,InventoryDB,Payment declined: Gateway unavailable,E503,Payment declined: Gateway unavailable
93911,2026-01-16,14:25:57,ERROR,WebServer,Timeout waiting for lock on InventoryDB,E502,Timeout waiting for lock on {db}
93912,2026-01-16,14:20:40,CRITICAL,OrderProcessor,DATA CORRUPTION detected in sector 191,E602,DATA CORRUPTION detected in sector {sector}
93913,2026-01-16,14:46:56,ERROR,WebServer,Connection refused to WebServer at 10.0.0.45,E501,Connection refused to {service} at {ip}
93914,2026-01-16,14:17:18,INFO,WebServer,User u3361 login successful,E101,User {user} login successful
93915,2026-01-16,14:05:53,INFO,WebServer,Health check passed: WebServer,E102,Health check passed: {service}
93916,2026-01-16,14:40:40,CRITICAL,AuthService,DATA CORRUPTION detected in sector 977,E602,DATA CORRUPTION detected in sector {sector}
93917,2026-01-16,14:38:22,WARN,WebServer,Disk usage > 85% on node node-5,E202,Disk usage > 85% on node {node}
93918,2026-01-16,14:57:15,ERROR,PaymentGateway,Payment declined: Gateway unavailable,E503,Payment declined: Gateway unavailable
93919,2026-01-16,14:29:25,CRITICAL,AuthService,KERNEL PANIC: Node node-4 crashed,E601,KERNEL PANIC: Node {node} crashed
93920,2026-01-16,14:04:15,WARN,PaymentGateway,Disk usage > 85% on node node-2,E202,Disk usage > 85% on node {node}
93921,2026-01-16,14:28:09,INFO,InventoryDB,User u1032 login successful,E101,User {user} login successful
93922,2026-01-16,14:29:16,INFO,WebServer,User u3009 login successful,E101,User {user} login successful
93923,2026-01-16,14:16:03,INFO,PaymentGateway,Health check passed: PaymentGateway,E102,Health check passed: {service}
93924,2026-01-16,14:51:53,CRITICAL,WebServer,DATA CORRUPTION detected in sector 702,E602,DATA CORRUPTION detected in sector {sector}
93925,2026-01-16,14:15:39,WARN,AuthService,Disk usage > 85% on node node-3,E202,Disk usage > 85% on node {node}
93926,2026-01-16,14:28:08,ERROR,WebServer,Timeout waiting for lock on InventoryDB,E502,Timeout waiting for lock on {db}
93927,2026-01-16,14:23:28,CRITICAL,WebServer,DATA CORRUPTION detected in sector 774,E602,DATA CORRUPTION detected in sector {sector}
93928,2026-01-16,14:52:34,INFO,WebServer,Transaction tx997410 completed in 1061ms,E104,Transaction {tx} completed in {time}ms
93929,2026-01-16,14:52:41,ERROR,WebServer,Timeout waiting for lock on InventoryDB,E502,Timeout waiting for lock on {db}
93930,2026-01-16,14:00:25,INFO,PaymentGateway,Transaction tx762447 completed in 487ms,E104,Transaction {tx} completed in {time}ms
93931,2026-01-16,14:52:36,ERROR,PaymentGateway,Connection refused to PaymentGateway at 10.0.0.45,E501,Connection refused to {service} at {ip}
93932,2026-01-16,14:40:04,INFO,WebServer,Transaction tx305567 completed in 1750ms,E104,Transaction {tx} completed in {time}ms
93933,2026-01-16,14:15:08,INFO,AuthService,Transaction tx671247 completed in 1698ms,E104,Transaction {tx} completed in {time}ms
93934,2026-01-16,14:16:52,INFO,PaymentGateway,Health check passed: PaymentGateway,E102,Health check passed: {service}
93935,2026-01-16,14:05:44,INFO,OrderProcessor,Health check passed: OrderProcessor,E102,Health check passed: {service}
93936,2026-01-16,14:53:58,INFO,WebServer,Page view: /home by u3174,E103,Page view: {page} by {user}
93937,2026-01-16,14:42:04,WARN,WebServer,High latency (1378ms) detected on WebServer,E201,High latency ({time}ms) detected on {service}
93938,2026-01-16,14:06:17,INFO,WebServer,Page view: /home by u4214,E103,Page view: {page} by {user}
93939,2026-01-16,14:26:58,INFO,OrderProcessor,Page view: /home by u2087,E103,Page view: {page} by {user}
93940,2026-01-16,14:55:40,ERROR,InventoryDB,Connection refused to InventoryDB at 192.168.1.5,E501,Connection refused to {service} at {ip}
93941,2026-01-16,14:35:21,CRITICAL,WebServer,KERNEL PANIC: Node node-4 crashed,E601,KERNEL PANIC: Node {node} crashed
93942,2026-01-16,14:12:00,ERROR,PaymentGateway,Payment declined: Gateway unavailable,E503,Payment declined: Gateway unavailable
93943,2026-01-16,14:49:38,WARN,WebServer,Disk usage > 85% on node node-4,E202,Disk usage > 85% on node {node}
93944,2026-01-16,14:43:17,ERROR,PaymentGateway,Timeout waiting for lock on InventoryDB,E502,Timeout waiting for lock on {db}
93945,2026-01-16,14:55:54,ERROR,WebServer,Timeout waiting for lock on InventoryDB,E502,Timeout waiting for lock on {db}
93946,2026-01-16,14:10:38,WARN,OrderProcessor,Disk usage > 85% on node node-5,E202,Disk usage > 85% on node {node}
93947,2026-01-16,14:47:51,CRITICAL,PaymentGateway,KERNEL PANIC: Node node-2 crashed,E601,KERNEL PANIC: Node {node} crashed
93948,2026-01-16,14:28:13,ERROR,AuthService,Payment declined: Gateway unavailable,E503,Payment declined: Gateway unavailable
93949,2026-01-16,14:55:08,ERROR,WebServer,Timeout waiting for lock on InventoryDB,E502,Timeout waiting for lock on {db}
93950,2026-01-16,14:50:29,INFO,OrderProcessor,User u3749 login successful,E101,User {user} login successful
93951,2026-01-16,14:08:50,ERROR,InventoryDB,Payment declined: Gateway unavailable,E503,Payment declined: Gateway unavailable
93952,2026-01-16,14:26:32,WARN,WebServer,Disk usage > 85% on node node-3,E202,Disk usage > 85% on node {node}
93953,2026-01-16,14:08:42,INFO,WebServer,Transaction tx928123 completed in 1458ms,E104,Transaction {tx} completed in {time}ms
93954,2026-01-16,14:18:11,INFO,OrderProcessor,Transaction tx575244 completed in 1502ms,E104,Transaction {tx} completed in {time}ms
93955,2026-01-16,14:42:33,INFO,WebServer,Health check passed: WebServer,E102,Health check passed: {service}
93956,2026-01-16,14:45:32,INFO,OrderProcessor,Page view: /home by u4572,E103,Page view: {page} by {user}
93957,2026-01-16,14:03:35,ERROR,OrderProcessor,Connection refused to OrderProcessor at 10.0.0.45,E501,Connection refused to {service} at {ip}
93958,2026-01-16,14:04:38,WARN,WebServer,Disk usage > 85% on node node-1,E202,Disk usage > 85% on node {node}
93959,2026-01-16,14:42:16,INFO,WebServer,Transaction tx514143 completed in 657ms,E104,Transaction {tx} completed in {time}ms
93960,2026-01-16,14:59:54,INFO,PaymentGateway,User u3221 login successful,E101,User {user} login successful
93961,2026-01-16,14:15:54,ERROR,WebServer,Payment declined: Gateway unavailable,E503,Payment declined: Gateway unavailable
93962,2026-01-16,14:27:06,INFO,OrderProcessor,Page view: /home by u2269,E103,Page view: {page} by {user}
93963,2026-01-16,14:08:35,INFO,WebServer,Page view: /home by u1926,E103,Page view: {page} by {user}
93964,2026-01-16,14:40:57,ERROR,WebServer,Payment declined: Gateway unavailable,E503,Payment declined: Gateway unavailable
93965,2026-01-16,14:16:42,ERROR,WebServer,Timeout waiting for lock on InventoryDB,E502,Timeout waiting for lock on {db}
93966,2026-01-16,14:12:32,CRITICAL,PaymentGateway,KERNEL PANIC: Node node-4 crashed,E601,KERNEL PANIC: Node {node} crashed
93967,2026-01-16,14:38:43,WARN,OrderProcessor,Disk usage > 85% on node node-2,E202,Disk usage > 85% on node {node}
93968,2026-01-16,14:20:41,CRITICAL,WebServer,KERNEL PANIC: Node node-2 crashed,E601,KERNEL PANIC: Node {node} crashed
93969,2026-01-16,14:55:01,ERROR,WebServer,Connection refused to WebServer at 10.0.0.45,E501,Connection refused to {service} at {ip}
93970,2026-01-16,14:15:19,ERROR,PaymentGateway,Connection refused to PaymentGateway at 10.0.0.45,E501,Connection refused to {service} at {ip}
93971,2026-01-16,14:34:43,INFO,AuthService,Page view: /home by u1374,E103,Page view: {page} by {user}
93972,2026-01-16,14:02:00,CRITICAL,AuthService,KERNEL PANIC: Node node-2 crashed,E601,KERNEL PANIC: Node {node} crashed
93973,2026-01-16,14:01:33,CRITICAL,AuthService,DATA CORRUPTION detected in sector 773,E602,DATA CORRUPTION detected in sector {sector}
93974,2026-01-16,14:47:21,ERROR,OrderProcessor,Connection refused to OrderProcessor at 10.0.0.12,E501,Connection refused to {service} at {ip}
93975,2026-01-16,14:16:41,CRITICAL,PaymentGateway,DATA CORRUPTION detected in sector 521,E602,DATA CORRUPTION detected in sector {sector}
93976,2026-01-16,14:38:14,ERROR,WebServer,Timeout waiting for lock on InventoryDB,E502,Timeout waiting for lock on {db}
93977,2026-01-16,14:48:38,ERROR,WebServer,Connection refused to WebServer at 10.0.0.12,E501,Connection refused to {service} at {ip}
93978,2026-01-16,14:45:08,ERROR,AuthService,Timeout waiting for lock on InventoryDB,E502,Timeout waiting for lock on {db}
93979,2026-01-16,14:37:27,ERROR,PaymentGateway,Connection refused to PaymentGateway at 10.0.0.45,E501,Connection refused to {service} at {ip}
93980,2026-01-16,14:11:11,WARN,AuthService,Disk usage > 85% on node node-4,E202,Disk usage > 85% on node {node}
93981,2026-01-16,14:55:31,WARN,WebServer,Unauthorized access attempt from 10.0.0.12,E401,Unauthorized access attempt from {ip}
93982,2026-01-16,14:24:19,INFO,AuthService,Page view: /home by u3194,E103,Page view: {page} by {user}
93983,2026-01-16,14:04:44,ERROR,WebServer,Timeout waiting for lock on InventoryDB,E502,Timeout waiting for lock on {db}
93984,2026-01-16,14:12:15,INFO,WebServer,Page view: /home by u4151,E103,Page view: {page} by {user}
93985,2026-01-16,14:52:27,ERROR,WebServer,Timeout waiting for lock on InventoryDB,E502,Timeout waiting for lock on {db}
93986,2026-01-16,14:47:52,CRITICAL,WebServer,DATA CORRUPTION detected in sector 772,E602,DATA CORRUPTION detected in sector {sector}
93987,2026-01-16,14:48:14,ERROR,AuthService,Timeout waiting for lock on InventoryDB,E502,Timeout waiting for lock on {db}
93988,2026-01-16,14:08:28,ERROR,AuthService,Timeout waiting for lock on InventoryDB,E502,Timeout waiting for lock on {db}
93989,2026-01-16,14:08:23,WARN,AuthService,Disk usage > 85% on node node-2,E202,Disk usage > 85% on node {node}
93990,2026-01-16,14:48:17,WARN,InventoryDB,High latency (1648ms) detected on InventoryDB,E201,High latency ({time}ms) detected on {service}
93991,2026-01-16,15:27:38,ERROR,WebServer,Connection refused to WebServer at 10.0.0.12,E501,Connection refused to {service} at {ip}
93992,2026-01-16,15:40:58,INFO,WebServer,Health check passed: WebServer,E102,Health check passed: {service}
93993,2026-01-16,15:25:37,WARN,WebServer,Unauthorized access attempt from 10.0.0.45,E401,Unauthorized access attempt from {ip}
93994,2026-01-16,15:02:30,ERROR,InventoryDB,Connection refused to InventoryDB at 10.0.0.88,E501,Connection refused to {service} at {ip}
93995,2026-01-16,15:47:24,ERROR,WebServer,Connection refused to WebServer at 10.0.0.45,E501,Connection refused to {service} at {ip}
93996,2026-01-16,15:48:31,ERROR,AuthService,Timeout waiting for lock on InventoryDB,E502,Timeout waiting for lock on {db}
93997,2026-01-16,15:56:12,WARN,OrderProcessor,Unauthorized access attempt from 10.0.0.45,E401,Unauthorized access attempt from {ip}
93998,2026-01-16,15:23:03,INFO,PaymentGateway,Page view: /home by u3213,E103,Page view: {page} by {user}
93999,2026-01-16,15:22:27,INFO,InventoryDB,Page view: /home by u4170,E103,Page view: {page} by {user}
94000,2026-01-16,15:41:36,INFO,PaymentGateway,Transaction tx251453 completed in 1826ms,E104,Transaction {tx} completed in {time}ms
94001,2026-01-16,15:18:33,CRITICAL,WebServer,KERNEL PANIC: Node node-2 crashed,E601,KERNEL PANIC: Node {node} crashed
94002,2026-01-16,15:44:40,ERROR,WebServer,Payment declined: Gateway unavailable,E503,Payment declined: Gateway unavailable
94003,2026-01-16,15:38:45,INFO,AuthService,Page view: /home by u3523,E103,Page view: {page} by {user}
94004,2026-01-16,15:13:30,ERROR,WebServer,Payment declined: Gateway unavailable,E503,Payment declined: Gateway unavailable
94005,2026-01-16,15:49:18,INFO,WebServer,Page view: /home by u3565,E103,Page view: {page} by {user}
94006,2026-01-16,15:50:25,INFO,WebServer,User u1547 login successful,E101,User {user} login successful
94007,2026-01-16,15:05:38,INFO,AuthService,Transaction tx988878 completed in 1424ms,E104,Transaction {tx} completed in {time}ms
94008,2026-01-16,15:52:25,ERROR,OrderProcessor,Payment declined: Gateway unavailable,E503,Payment declined: Gateway unavailable
94009,2026-01-16,15:14:54,INFO,PaymentGateway,Health check passed: PaymentGateway,E102,Health check passed: {service}
94010,2026-01-16,15:19:54,CRITICAL,WebServer,DATA CORRUPTION detected in sector 451,E602,DATA CORRUPTION detected in sector {sector}
94011,2026-01-16,15:53:16,WARN,WebServer,Disk usage > 85% on node node-2,E202,Disk usage > 85% on node {node}
94012,2026-01-16,15:21:31,INFO,AuthService,Transaction tx145728 completed in 612ms,E104,Transaction {tx} completed in {time}ms
94013,2026-01-16,15:43:04,WARN,AuthService,High latency (1551ms) detected on AuthService,E201,High latency ({time}ms) detected on {service}
94014,2026-01-16,15:19:15,ERROR,PaymentGateway,Timeout waiting for lock on InventoryDB,E502,Timeout waiting for lock on {db}
94015,2026-01-16,15:53:06,ERROR,PaymentGateway,Timeout waiting for lock on InventoryDB,E502,Timeout waiting for lock on {db}
94016,2026-01-16,15:22:25,WARN,AuthService,Disk usage > 85% on node node-5,E202,Disk usage > 85% on node {node}
94017,2026-01-16,15:14:22,CRITICAL,PaymentGateway,KERNEL PANIC: Node node-1 crashed,E601,KERNEL PANIC: Node {node} crashed
94018,2026-01-16,15:59:38,INFO,PaymentGateway,Health check passed: PaymentGateway,E102,Health check passed: {service}
94019,2026-01-16,15:11:12,WARN,AuthService,Unauthorized access attempt from 10.0.0.88,E401,Unauthorized access attempt from {ip}
94020,2026-01-16,15:52:08,ERROR,WebServer,Timeout waiting for lock on InventoryDB,E502,Timeout waiting for lock on {db}
94021,2026-01-16,15:18:17,ERROR,AuthService,Timeout waiting for lock on InventoryDB,E502,Timeout waiting for lock on {db}
94022,2026-01-16,15:14:08,WARN,WebServer,Disk usage > 85% on node node-2,E202,Disk usage > 85% on node {node}
94023,2026-01-16,15:03:36,ERROR,InventoryDB,Payment declined: Gateway unavailable,E503,Payment declined: Gateway unavailable
94024,2026-01-16,15:00:37,ERROR,AuthService,Connection refused to AuthService at 10.0.0.12,E501,Connection refused to {service} at {ip}
94025,2026-01-16,15:34:20,INFO,AuthService,Health check passed: AuthService,E102,Health check passed: {service}
94026,2026-01-16,15:08:35,ERROR,PaymentGateway,Timeout waiting for lock on InventoryDB,E502,Timeout waiting for lock on {db}
94027,2026-01-16,15:02:48,ERROR,AuthService,Payment declined: Gateway unavailable,E503,Payment declined: Gateway unavailable
94028,2026-01-16,15:33:22,WARN,WebServer,Unauthorized access attempt from 10.0.0.88,E401,Unauthorized access attempt from {ip}
94029,2026-01-16,15:41:06,CRITICAL,WebServer,KERNEL PANIC: Node node-5 crashed,E601,KERNEL PANIC: Node {node} crashed
94030,2026-01-16,15:45:33,ERROR,WebServer,Timeout waiting for lock on InventoryDB,E502,Timeout waiting for lock on {db}
94031,2026-01-16,15:49:31,ERROR,WebServer,Payment declined: Gateway unavailable,E503,Payment declined: Gateway unavailable
94032,2026-01-16,15:21:37,ERROR,AuthService,Timeout waiting for lock on InventoryDB,E502,Timeout waiting for lock on {db}
94033,2026-01-16,15:12:37,INFO,AuthService,User u4652 login successful,E101,User {user} login successful
94034,2026-01-16,15:31:04,ERROR,OrderProcessor,Payment declined: Gateway unavailable,E503,Payment declined: Gateway unavailable
94035,2026-01-16,15:37:21,ERROR,AuthService,Payment declined: Gateway unavailable,E503,Payment declined: Gateway unavailable
94036,2026-01-16,15:29:02,ERROR,WebServer,Payment declined: Gateway unavailable,E503,Payment declined: Gateway unavailable
94037,2026-01-16,15:57:30,ERROR,WebServer,Timeout waiting for lock on InventoryDB,E502,Timeout waiting for lock on {db}
94038,2026-01-16,15:22:05,ERROR,WebServer,Connection refused to WebServer at 10.0.0.10,E501,Connection refused to {service} at {ip}
94039,2026-01-16,15:37:36,ERROR,WebServer,Timeout waiting for lock on InventoryDB,E502,Timeout waiting for lock on {db}
94040,2026-01-16,15:32:33,INFO,WebServer,Health check passed: WebServer,E102,Health check passed: {service}
94041,2026-01-16,15:06:24,ERROR,WebServer,Payment declined: Gateway unavailable,E503,Payment declined: Gateway unavailable
94042,2026-01-16,15:46:56,INFO,WebServer,Transaction tx773015 completed in 1056ms,E104,Transaction {tx} completed in {time}ms
94043,2026-01-16,15:51:20,ERROR,WebServer,Payment declined: Gateway unavailable,E503,Payment declined: Gateway unavailable
94044,2026-01-16,15:59:41,ERROR,AuthService,Timeout waiting for lock on InventoryDB,E502,Timeout waiting for lock on {db}
94045,2026-01-16,15:22:58,ERROR,WebServer,Connection refused to WebServer at 10.0.0.45,E501,Connection refused to {service} at {ip}
94046,2026-01-16,15:13:51,WARN,AuthService,Disk usage > 85% on node node-4,E202,Disk usage > 85% on node {node}
94047,2026-01-16,15:06:32,ERROR,WebServer,Payment declined: Gateway unavailable,E503,Payment declined: Gateway unavailable
94048,2026-01-16,15:48:03,ERROR,AuthService,Payment declined: Gateway unavailable,E503,Payment declined: Gateway unavailable
94049,2026-01-16,15:04:41,INFO,AuthService,Health check passed: AuthService,E102,Health check passed: {service}
94050,2026-01-16,15:20:49,WARN,PaymentGateway,Unauthorized access attempt from 10.0.0.45,E401,Unauthorized access attempt from {ip}
94051,2026-01-16,15:55:27,ERROR,AuthService,Timeout waiting for lock on InventoryDB,E502,Timeout waiting for lock on {db}
94052,2026-01-16,15:40:51,INFO,WebServer,User u2615 login successful,E101,User {user} login successful
94053,2026-01-16,15:34:44,WARN,OrderProcessor,High latency (572ms) detected on OrderProcessor,E201,High latency ({time}ms) detected on {service}
94054,2026-01-16,15:25:57,INFO,WebServer,Page view: /home by u1863,E103,Page view: {page} by {user}
94055,2026-01-16,15:13:30,INFO,WebServer,Page view: /home by u4680,E103,Page view: {page} by {user}
94056,2026-01-16,15:44:01,ERROR,OrderProcessor,Timeout waiting for lock on InventoryDB,E502,Timeout waiting for lock on {db}
94057,2026-01-16,15:39:27,INFO,PaymentGateway,Health check passed: PaymentGateway,E102,Health check passed: {service}
94058,2026-01-16,15:32:53,WARN,WebServer,High latency (1349ms) detected on WebServer,E201,High latency ({time}ms) detected on {service}
94059,2026-01-16,15:54:30,ERROR,OrderProcessor,Timeout waiting for lock on InventoryDB,E502,Timeout waiting for lock on {db}
94060,2026-01-16,15:17:55,ERROR,WebServer,Payment declined: Gateway unavailable,E503,Payment declined: Gateway unavailable
94061,2026-01-16,15:44:15,INFO,AuthService,Health check passed: AuthService,E102,Health check passed: {service}
94062,2026-01-16,15:44:40,INFO,AuthService,User u2584 login successful,E101,User {user} login successful
94063,2026-01-16,15:27:54,ERROR,WebServer,Timeout waiting for lock on InventoryDB,E502,Timeout waiting for lock on {db}
94064,2026-01-16,15:23:53,INFO,WebServer,Health check passed: WebServer,E102,Health check passed: {service}
94065,2026-01-16,15:12:37,ERROR,WebServer,Connection refused to WebServer at 10.0.0.45,E501,Connection refused to {service} at {ip}
94066,2026-01-16,15:18:12,ERROR,OrderProcessor,Payment declined: Gateway unavailable,E503,Payment declined: Gateway unavailable
94067,2026-01-16,15:23:57,INFO,InventoryDB,User u2400 login successful,E101,User {user} login successful
94068,2026-01-16,15:47:41,ERROR,WebServer,Timeout waiting for lock on InventoryDB,E502,Timeout waiting for lock on {db}
94069,2026-01-16,15:12:49,ERROR,OrderProcessor,Timeout waiting for lock on InventoryDB,E502,Timeout waiting for lock on {db}
94070,2026-01-16,15:08:17,ERROR,WebServer,Connection refused to WebServer at 10.0.0.88,E501,Connection refused to {service} at {ip}
94071,2026-01-16,15:10:59,CRITICAL,OrderProcessor,KERNEL PANIC: Node node-1 crashed,E601,KERNEL PANIC: Node {node} crashed
94072,2026-01-16,15:01:10,CRITICAL,WebServer,DATA CORRUPTION detected in sector 235,E602,DATA CORRUPTION detected in sector {sector}
94073,2026-01-16,15:34:07,ERROR,WebServer,Connection refused to WebServer at 10.0.0.12,E501,Connection refused to {service} at {ip}
94074,2026-01-16,15:31:54,WARN,WebServer,Disk usage > 85% on node node-3,E202,Disk usage > 85% on node {node}
94075,2026-01-16,15:54:40,ERROR,AuthService,Payment declined: Gateway unavailable,E503,Payment declined: Gateway unavailable
94076,2026-01-16,15:13:44,WARN,WebServer,Unauthorized access attempt from 192.168.1.5,E401,Unauthorized access attempt from {ip}
94077,2026-01-16,15:41:59,INFO,WebServer,Page view: /home by u2114,E103,Page view: {page} by {user}
94078,2026-01-16,15:57:27,INFO,WebServer,Transaction tx936088 completed in 697ms,E104,Transaction {tx} completed in {time}ms
94079,2026-01-16,15:07:00,WARN,WebServer,Unauthorized access attempt from 10.0.0.88,E401,Unauthorized access attempt from {ip}
94080,2026-01-16,15:14:44,CRITICAL,OrderProcessor,KERNEL PANIC: Node node-3 crashed,E601,KERNEL PANIC: Node {node} crashed
94081,2026-01-16,15:02:35,ERROR,WebServer,Timeout waiting for lock on InventoryDB,E502,Timeout waiting for lock on {db}
94082,2026-01-16,15:42:23,ERROR,AuthService,Timeout waiting for lock on InventoryDB,E502,Timeout waiting for lock on {db}
94083,2026-01-16,15:40:10,CRITICAL,WebServer,DATA CORRUPTION detected in sector 712,E602,DATA CORRUPTION detected in sector {sector}
94084,2026-01-16,15:50:54,WARN,WebServer,Unauthorized access attempt from 10.0.0.88,E401,Unauthorized access attempt from {ip}
94085,2026-01-16,15:10:36,ERROR,WebServer,Payment declined: Gateway unavailable,E503,Payment declined: Gateway unavailable
94086,2026-01-16,15:52:40,WARN,WebServer,High latency (1850ms) detected on WebServer,E201,High latency ({time}ms) detected on {service}
94087,2026-01-16,15:21:36,WARN,WebServer,Disk usage > 85% on node node-1,E202,Disk usage > 85% on node {node}
94088,2026-01-16,15:31:09,ERROR,WebServer,Timeout waiting for lock on InventoryDB,E502,Timeout waiting for lock on {db}
94089,2026-01-16,15:41:11,ERROR,WebServer,Payment declined: Gateway unavailable,E503,Payment declined: Gateway unavailable
94090,2026-01-16,15:56:52,ERROR,AuthService,Connection refused to AuthService at 10.0.0.12,E501,Connection refused to {service} at {ip}
94091,2026-01-16,15:29:53,ERROR,PaymentGateway,Timeout waiting for lock on InventoryDB,E502,Timeout waiting for lock on {db}
94092,2026-01-16,15:18:17,ERROR,AuthService,Timeout waiting for lock on InventoryDB,E502,Timeout waiting for lock on {db}
94093,2026-01-16,15:27:10,ERROR,WebServer,Connection refused to WebServer at 10.0.0.12,E501,Connection refused to {service} at {ip}
94094,2026-01-16,15:25:07,WARN,AuthService,Disk usage > 85% on node node-4,E202,Disk usage > 85% on node {node}
94095,2026-01-16,15:50:52,CRITICAL,OrderProcessor,DATA CORRUPTION detected in sector 439,E602,DATA CORRUPTION detected in sector {sector}
94096,2026-01-16,15:36:53,CRITICAL,OrderProcessor,DATA CORRUPTION detected in sector 579,E602,DATA CORRUPTION detected in sector {sector}
94097,2026-01-16,15:21:24,INFO,AuthService,Transaction tx971636 completed in 1534ms,E104,Transaction {tx} completed in {time}ms
94098,2026-01-16,15:00:37,INFO,OrderProcessor,Health check passed: OrderProcessor,E102,Health check passed: {service}
94099,2026-01-16,15:26:32,INFO,OrderProcessor,User u4277 login successful,E101,User {user} login successful
94100,2026-01-16,15:50:44,INFO,OrderProcessor,Transaction tx745566 completed in 1281ms,E104,Transaction {tx} completed in {time}ms
94101,2026-01-16,15:30:42,ERROR,AuthService,Payment declined: Gateway unavailable,E503,Payment declined: Gateway unavailable
94102,2026-01-16,15:21:06,ERROR,OrderProcessor,Timeout waiting for lock on InventoryDB,E502,Timeout waiting for lock on {db}
94103,2026-01-16,15:17:20,INFO,WebServer,User u4384 login successful,E101,User {user} login successful
94104,2026-01-16,15:15:34,ERROR,PaymentGateway,Payment declined: Gateway unavailable,E503,Payment declined: Gateway unavailable
94105,2026-01-16,15:49:46,CRITICAL,PaymentGateway,KERNEL PANIC: Node node-5 crashed,E601,KERNEL PANIC: Node {node} crashed
94106,2026-01-16,15:46:48,WARN,OrderProcessor,Unauthorized access attempt from 10.0.0.45,E401,Unauthorized access attempt from {ip}
94107,2026-01-16,15:48:02,ERROR,PaymentGateway,Timeout waiting for lock on InventoryDB,E502,Timeout waiting for lock on {db}
94108,2026-01-16,15:25:56,WARN,AuthService,Unauthorized access attempt from 10.0.0.12,E401,Unauthorized access attempt from {ip}
94109,2026-01-16,15:50:07,INFO,WebServer,Health check passed: WebServer,E102,Health check passed: {service}
94110,2026-01-16,15:45:09,ERROR,AuthService,Payment declined: Gateway unavailable,E503,Payment declined: Gateway unavailable
94111,2026-01-16,15:57:15,ERROR,AuthService,Payment declined: Gateway unavailable,E503,Payment declined: Gateway unavailable
94112,2026-01-16,15:55:58,WARN,WebServer,Disk usage > 85% on node node-5,E202,Disk usage > 85% on node {node}
94113,2026-01-16,15:23:18,WARN,AuthService,Disk usage > 85% on node node-3,E202,Disk usage > 85% on node {node}
94114,2026-01-16,15:16:36,WARN,AuthService,High latency (1642ms) detected on AuthService,E201,High latency ({time}ms) detected on {service}
94115,2026-01-16,15:59:59,WARN,AuthService,Disk usage > 85% on node node-4,E202,Disk usage > 85% on node {node}
94116,2026-01-16,15:57:26,INFO,WebServer,Transaction tx213051 completed in 1008ms,E104,Transaction {tx} completed in {time}ms
94117,2026-01-16,15:41:46,ERROR,WebServer,Connection refused to WebServer at 10.0.0.45,E501,Connection refused to {service} at {ip}
94118,2026-01-16,15:18:24,INFO,PaymentGateway,Health check passed: PaymentGateway,E102,Health check passed: {service}
94119,2026-01-16,15:05:12,ERROR,AuthService,Timeout waiting for lock on InventoryDB,E502,Timeout waiting for lock on {db}
94120,2026-01-16,15:33:51,WARN,OrderProcessor,High latency (1992ms) detected on OrderProcessor,E201,High latency ({time}ms) detected on {service}
94121,2026-01-16,15:57:03,ERROR,AuthService,Payment declined: Gateway unavailable,E503,Payment declined: Gateway unavailable
94122,2026-01-16,15:13:09,ERROR,WebServer,Payment declined: Gateway unavailable,E503,Payment declined: Gateway unavailable
94123,2026-01-16,15:21:14,ERROR,OrderProcessor,Connection refused to OrderProcessor at 10.0.0.45,E501,Connection refused to {service} at {ip}
94124,2026-01-16,15:31:37,ERROR,WebServer,Payment declined: Gateway unavailable,E503,Payment declined: Gateway unavailable
94125,2026-01-16,15:49:50,INFO,OrderProcessor,Transaction tx840247 completed in 688ms,E104,Transaction {tx} completed in {time}ms
94126,2026-01-16,15:13:36,ERROR,AuthService,Timeout waiting for lock on InventoryDB,E502,Timeout waiting for lock on {db}
94127,2026-01-16,15:45:06,ERROR,WebServer,Payment declined: Gateway unavailable,E503,Payment declined: Gateway unavailable
94128,2026-01-16,15:03:03,ERROR,InventoryDB,Connection refused to InventoryDB at 10.0.0.45,E501,Connection refused to {service} at {ip}
94129,2026-01-16,15:14:20,ERROR,OrderProcessor,Connection refused to OrderProcessor at 10.0.0.45,E501,Connection refused to {service} at {ip}
94130,2026-01-16,15:56:58,INFO,InventoryDB,Transaction tx139184 completed in 140ms,E104,Transaction {tx} completed in {time}ms
94131,2026-01-16,15:34:09,ERROR,WebServer,Connection refused to WebServer at 10.0.0.45,E501,Connection refused to {service} at {ip}
94132,2026-01-16,15:42:57,WARN,AuthService,Disk usage > 85% on node node-2,E202,Disk usage > 85% on node {node}
94133,2026-01-16,15:26:11,INFO,WebServer,Health check passed: WebServer,E102,Health check passed: {service}
94134,2026-01-16,15:40:25,ERROR,AuthService,Payment declined: Gateway unavailable,E503,Payment declined: Gateway unavailable
94135,2026-01-16,15:10:41,ERROR,WebServer,Payment declined: Gateway unavailable,E503,Payment declined: Gateway unavailable
94136,2026-01-16,15:58:10,ERROR,WebServer,Connection refused to WebServer at 192.168.1.5,E501,Connection refused to {service} at {ip}
94137,2026-01-16,15:15:28,INFO,PaymentGateway,Page view: /home by u2285,E103,Page view: {page} by {user}
94138,2026-01-16,15:13:56,WARN,AuthService,High latency (821ms) detected on AuthService,E201,High latency ({time}ms) detected on {service}
94139,2026-01-16,15:20:14,ERROR,PaymentGateway,Payment declined: Gateway unavailable,E503,Payment declined: Gateway unavailable
94140,2026-01-16,15:54:54,WARN,WebServer,Disk usage > 85% on node node-3,E202,Disk usage > 85% on node {node}
94141,2026-01-16,15:44:13,ERROR,WebServer,Connection refused to WebServer at 10.0.0.88,E501,Connection refused to {service} at {ip}
94142,2026-01-16,15:47:37,ERROR,PaymentGateway,Connection refused to PaymentGateway at 10.0.0.12,E501,Connection refused to {service} at {ip}
94143,2026-01-16,15:07:43,CRITICAL,WebServer,DATA CORRUPTION detected in sector 505,E602,DATA CORRUPTION detected in sector {sector}
94144,2026-01-16,15:10:07,CRITICAL,OrderProcessor,DATA CORRUPTION detected in sector 294,E602,DATA CORRUPTION detected in sector {sector}
94145,2026-01-16,15:21:49,WARN,PaymentGateway,Disk usage > 85% on node node-3,E202,Disk usage > 85% on node {node}
94146,2026-01-16,15:21:23,WARN,WebServer,Unauthorized access attempt from 10.0.0.45,E401,Unauthorized access attempt from {ip}
94147,2026-01-16,15:55:57,ERROR,AuthService,Timeout waiting for lock on InventoryDB,E502,Timeout waiting for lock on {db}
94148,2026-01-16,15:09:36,INFO,WebServer,User u3158 login successful,E101,User {user} login successful
94149,2026-01-16,15:59:33,ERROR,WebServer,Payment declined: Gateway unavailable,E503,Payment declined: Gateway unavailable
94150,2026-01-16,15:17:39,CRITICAL,AuthService,DATA CORRUPTION detected in sector 427,E602,DATA CORRUPTION detected in sector {sector}
94151,2026-01-16,15:32:50,CRITICAL,InventoryDB,DATA CORRUPTION detected in sector 709,E602,DATA CORRUPTION detected in sector {sector}
94152,2026-01-16,15:43:29,INFO,AuthService,Transaction tx413383 completed in 1879ms,E104,Transaction {tx} completed in {time}ms
94153,2026-01-16,15:45:12,WARN,OrderProcessor,Disk usage > 85% on node node-1,E202,Disk usage > 85% on node {node}
94154,2026-01-16,15:22:58,ERROR,AuthService,Connection refused to AuthService at 10.0.0.45,E501,Connection refused to {service} at {ip}
94155,2026-01-16,15:31:06,ERROR,WebServer,Connection refused to WebServer at 10.0.0.45,E501,Connection refused to {service} at {ip}
94156,2026-01-16,15:16:15,INFO,OrderProcessor,User u3972 login successful,E101,User {user} login successful
94157,2026-01-16,15:03:22,INFO,WebServer,Page view: /home by u1619,E103,Page view: {page} by {user}
94158,2026-01-16,15:50:12,CRITICAL,PaymentGateway,DATA CORRUPTION detected in sector 111,E602,DATA CORRUPTION detected in sector {sector}
94159,2026-01-16,15:57:39,ERROR,PaymentGateway,Connection refused to PaymentGateway at 10.0.0.45,E501,Connection refused to {service} at {ip}
94160,2026-01-16,15:44:41,INFO,OrderProcessor,Health check passed: OrderProcessor,E102,Health check passed: {service}
94161,2026-01-16,15:50:44,ERROR,OrderProcessor,Connection refused to OrderProcessor at 10.0.0.12,E501,Connection refused to {service} at {ip}
94162,2026-01-16,15:27:09,ERROR,WebServer,Payment declined: Gateway unavailable,E503,Payment declined: Gateway unavailable
94163,2026-01-16,15:23:43,ERROR,WebServer,Timeout waiting for lock on InventoryDB,E502,Timeout waiting for lock on {db}
94164,2026-01-16,15:51:07,INFO,OrderProcessor,Health check passed: OrderProcessor,E102,Health check passed: {service}
94165,2026-01-16,15:25:45,WARN,WebServer,Disk usage > 85% on node node-5,E202,Disk usage > 85% on node {node}
94166,2026-01-16,15:06:56,WARN,WebServer,Disk usage > 85% on node node-1,E202,Disk usage > 85% on node {node}
94167,2026-01-16,15:42:19,ERROR,PaymentGateway,Payment declined: Gateway unavailable,E503,Payment declined: Gateway unavailable
94168,2026-01-16,15:14:39,ERROR,WebServer,Connection refused to WebServer at 10.0.0.88,E501,Connection refused to {service} at {ip}
94169,2026-01-16,15:47:45,WARN,InventoryDB,Disk usage > 85% on node node-2,E202,Disk usage > 85% on node {node}
94170,2026-01-16,15:04:55,INFO,PaymentGateway,Health check passed: PaymentGateway,E102,Health check passed: {service}
94171,2026-01-16,15:54:53,ERROR,WebServer,Timeout waiting for lock on InventoryDB,E502,Timeout waiting for lock on {db}
94172,2026-01-16,15:14:53,WARN,AuthService,Disk usage > 85% on node node-1,E202,Disk usage > 85% on node {node}
94173,2026-01-16,15:18:04,ERROR,WebServer,Connection refused to WebServer at 10.0.0.88,E501,Connection refused to {service} at {ip}
94174,2026-01-16,15:41:55,INFO,WebServer,User u2532 login successful,E101,User {user} login successful
94175,2026-01-16,15:57:15,WARN,PaymentGateway,High latency (1293ms) detected on PaymentGateway,E201,High latency ({time}ms) detected on {service}
94176,2026-01-16,15:01:51,INFO,AuthService,Page view: /home by u3771,E103,Page view: {page} by {user}
94177,2026-01-16,15:27:06,WARN,WebServer,Disk usage > 85% on node node-1,E202,Disk usage > 85% on node {node}
94178,2026-01-16,15:42:35,CRITICAL,AuthService,DATA CORRUPTION detected in sector 305,E602,DATA CORRUPTION detected in sector {sector}
94179,2026-01-16,15:17:01,ERROR,WebServer,Payment declined: Gateway unavailable,E503,Payment declined: Gateway unavailable
94180,2026-01-16,15:42:20,WARN,OrderProcessor,High latency (1891ms) detected on OrderProcessor,E201,High latency ({time}ms) detected on {service}
94181,2026-01-16,15:14:54,CRITICAL,WebServer,KERNEL PANIC: Node node-1 crashed,E601,KERNEL PANIC: Node {node} crashed
94182,2026-01-16,15:32:45,CRITICAL,PaymentGateway,DATA CORRUPTION detected in sector 487,E602,DATA CORRUPTION detected in sector {sector}
94183,2026-01-16,15:28:43,ERROR,PaymentGateway,Payment declined: Gateway unavailable,E503,Payment declined: Gateway unavailable
94184,2026-01-16,15:30:05,ERROR,WebServer,Connection refused to WebServer at 10.0.0.45,E501,Connection refused to {service} at {ip}
94185,2026-01-16,15:00:36,INFO,WebServer,Transaction tx102169 completed in 1561ms,E104,Transaction {tx} completed in {time}ms
94186,2026-01-16,15:49:27,WARN,WebServer,Disk usage > 85% on node node-5,E202,Disk usage > 85% on node {node}
94187,2026-01-16,15:15:16,INFO,AuthService,Page view: /home by u4370,E103,Page view: {page} by {user}
94188,2026-01-16,15:29:52,ERROR,AuthService,Timeout waiting for lock on InventoryDB,E502,Timeout waiting for lock on {db}
94189,2026-01-16,15:41:09,INFO,AuthService,Page view: /home by u1896,E103,Page view: {page} by {user}
94190,2026-01-16,15:15:27,INFO,AuthService,Health check passed: AuthService,E102,Health check passed: {service}
94191,2026-01-16,15:38:34,INFO,AuthService,User u2375 login successful,E101,User {user} login successful
94192,2026-01-16,15:07:25,ERROR,PaymentGateway,Connection refused to PaymentGateway at 10.0.0.45,E501,Connection refused to {service} at {ip}
94193,2026-01-16,15:40:47,WARN,AuthService,Disk usage > 85% on node node-2,E202,Disk usage > 85% on node {node}
94194,2026-01-16,15:14:56,WARN,AuthService,High latency (1216ms) detected on AuthService,E201,High latency ({time}ms) detected on {service}
94195,2026-01-16,15:30:01,ERROR,WebServer,Timeout waiting for lock on InventoryDB,E502,Timeout waiting for lock on {db}
94196,2026-01-16,15:47:56,ERROR,WebServer,Connection refused to WebServer at 192.168.1.5,E501,Connection refused to {service} at {ip}
94197,2026-01-16,15:48:08,INFO,WebServer,Transaction tx849895 completed in 1379ms,E104,Transaction {tx} completed in {time}ms
94198,2026-01-16,15:46:46,ERROR,AuthService,Timeout waiting for lock on InventoryDB,E502,Timeout waiting for lock on {db}
94199,2026-01-16,15:16:01,ERROR,WebServer,Connection refused to WebServer at 10.0.0.45,E501,Connection refused to {service} at {ip}
94200,2026-01-16,15:57:04,CRITICAL,WebServer,KERNEL PANIC: Node node-2 crashed,E601,KERNEL PANIC: Node {node} crashed
94201,2026-01-16,15:14:13,ERROR,OrderProcessor,Connection refused to OrderProcessor at 10.0.0.45,E501,Connection refused to {service} at {ip}
94202,2026-01-16,15:26:21,CRITICAL,PaymentGateway,DATA CORRUPTION detected in sector 200,E602,DATA CORRUPTION detected in sector {sector}
94203,2026-01-16,15:47:33,INFO,PaymentGateway,User u3613 login successful,E101,User {user} login successful
94204,2026-01-16,15:16:57,INFO,WebServer,Transaction tx395725 completed in 1246ms,E104,Transaction {tx} completed in {time}ms
94205,2026-01-16,15:26:59,ERROR,WebServer,Connection refused to WebServer at 10.0.0.45,E501,Connection refused to {service} at {ip}
94206,2026-01-16,15:21:33,ERROR,WebServer,Payment declined: Gateway unavailable,E503,Payment declined: Gateway unavailable
94207,2026-01-16,15:28:46,WARN,PaymentGateway,Unauthorized access attempt from 10.0.0.10,E401,Unauthorized access attempt from {ip}
94208,2026-01-16,15:49:55,INFO,OrderProcessor,Page view: /home by u3844,E103,Page view: {page} by {user}
94209,2026-01-16,15:27:27,ERROR,AuthService,Timeout waiting for lock on InventoryDB,E502,Timeout waiting for lock on {db}
94210,2026-01-16,15:51:16,CRITICAL,OrderProcessor,KERNEL PANIC: Node node-1 crashed,E601,KERNEL PANIC: Node {node} crashed
94211,2026-01-16,15:37:04,WARN,WebServer,High latency (1552ms) detected on WebServer,E201,High latency ({time}ms) detected on {service}
94212,2026-01-16,15:41:38,INFO,WebServer,User u1613 login successful,E101,User {user} login successful
94213,2026-01-16,15:35:53,ERROR,AuthService,Payment declined: Gateway unavailable,E503,Payment declined: Gateway unavailable
94214,2026-01-16,15:08:21,INFO,AuthService,Page view: /home by u2177,E103,Page view: {page} by {user}
94215,2026-01-16,15:39:27,WARN,OrderProcessor,High latency (1434ms) detected on OrderProcessor,E201,High latency ({time}ms) detected on {service}
94216,2026-01-16,15:44:33,ERROR,AuthService,Connection refused to AuthService at 10.0.0.88,E501,Connection refused to {service} at {ip}
94217,2026-01-16,15:47:19,INFO,WebServer,User u2640 login successful,E101,User {user} login successful
94218,2026-01-16,15:21:14,CRITICAL,AuthService,KERNEL PANIC: Node node-2 crashed,E601,KERNEL PANIC: Node {node} crashed
94219,2026-01-16,15:47:16,INFO,AuthService,Health check passed: AuthService,E102,Health check passed: {service}
94220,2026-01-16,15:48:50,CRITICAL,WebServer,KERNEL PANIC: Node node-5 crashed,E601,KERNEL PANIC: Node {node} crashed
94221,2026-01-16,15:57:26,WARN,AuthService,High latency (1140ms) detected on AuthService,E201,High latency ({time}ms) detected on {service}
94222,2026-01-16,15:44:14,ERROR,InventoryDB,Timeout waiting for lock on InventoryDB,E502,Timeout waiting for lock on {db}
94223,2026-01-16,15:56:11,INFO,PaymentGateway,Page view: /home by u3663,E103,Page view: {page} by {user}
94224,2026-01-16,15:36:58,ERROR,WebServer,Payment declined: Gateway unavailable,E503,Payment declined: Gateway unavailable
94225,2026-01-16,15:28:22,ERROR,PaymentGateway,Payment declined: Gateway unavailable,E503,Payment declined: Gateway unavailable
94226,2026-01-16,15:07:59,ERROR,WebServer,Payment declined: Gateway unavailable,E503,Payment declined: Gateway unavailable
94227,2026-01-16,15:04:41,CRITICAL,WebServer,DATA CORRUPTION detected in sector 528,E602,DATA CORRUPTION detected in sector {sector}
94228,2026-01-16,15:47:45,ERROR,WebServer,Connection refused to WebServer at 10.0.0.45,E501,Connection refused to {service} at {ip}
94229,2026-01-16,15:20:27,INFO,AuthService,Health check passed: AuthService,E102,Health check passed: {service}
94230,2026-01-16,15:31:27,ERROR,AuthService,Timeout waiting for lock on InventoryDB,E502,Timeout waiting for lock on {db}
94231,2026-01-16,15:42:37,WARN,WebServer,Unauthorized access attempt from 10.0.0.45,E401,Unauthorized access attempt from {ip}
94232,2026-01-16,15:56:26,INFO,WebServer,Health check passed: WebServer,E102,Health check passed: {service}
94233,2026-01-16,15:54:18,ERROR,WebServer,Payment declined: Gateway unavailable,E503,Payment declined: Gateway unavailable
94234,2026-01-16,15:22:35,ERROR,WebServer,Connection refused to WebServer at 10.0.0.45,E501,Connection refused to {service} at {ip}
94235,2026-01-16,15:33:18,ERROR,AuthService,Payment declined: Gateway unavailable,E503,Payment declined: Gateway unavailable
94236,2026-01-16,15:52:16,ERROR,WebServer,Payment declined: Gateway unavailable,E503,Payment declined: Gateway unavailable
94237,2026-01-16,15:14:09,INFO,WebServer,Health check passed: WebServer,E102,Health check passed: {service}
94238,2026-01-16,15:03:47,ERROR,InventoryDB,Timeout waiting for lock on InventoryDB,E502,Timeout waiting for lock on {db}
94239,2026-01-16,15:12:55,WARN,WebServer,High latency (157ms) detected on WebServer,E201,High latency ({time}ms) detected on {service}
94240,2026-01-16,15:36:45,ERROR,PaymentGateway,Payment declined: Gateway unavailable,E503,Payment declined: Gateway unavailable
94241,2026-01-16,15:19:38,CRITICAL,WebServer,DATA CORRUPTION detected in sector 396,E602,DATA CORRUPTION detected in sector {sector}
94242,2026-01-16,15:49:38,ERROR,OrderProcessor,Timeout waiting for lock on InventoryDB,E502,Timeout waiting for lock on {db}
94243,2026-01-16,15:33:48,ERROR,WebServer,Payment declined: Gateway unavailable,E503,Payment declined: Gateway unavailable
94244,2026-01-16,15:14:20,INFO,WebServer,Health check passed: WebServer,E102,Health check passed: {service}
94245,2026-01-16,15:50:55,ERROR,WebServer,Connection refused to WebServer at 10.0.0.45,E501,Connection refused to {service} at {ip}
94246,2026-01-16,15:19:24,CRITICAL,WebServer,KERNEL PANIC: Node node-4 crashed,E601,KERNEL PANIC: Node {node} crashed
94247,2026-01-16,15:28:54,INFO,WebServer,User u4393 login successful,E101,User {user} login successful
94248,2026-01-16,15:25:30,ERROR,WebServer,Payment declined: Gateway unavailable,E503,Payment declined: Gateway unavailable
94249,2026-01-16,15:26:13,ERROR,AuthService,Payment declined: Gateway unavailable,E503,Payment declined: Gateway unavailable
94250,2026-01-16,15:45:53,ERROR,WebServer,Timeout waiting for lock on InventoryDB,E502,Timeout waiting for lock on {db}
94251,2026-01-16,15:42:11,ERROR,OrderProcessor,Connection refused to OrderProcessor at 10.0.0.45,E501,Connection refused to {service} at {ip}
94252,2026-01-16,15:40:01,ERROR,AuthService,Timeout waiting for lock on InventoryDB,E502,Timeout waiting for lock on {db}
94253,2026-01-16,15:28:38,WARN,WebServer,Unauthorized access attempt from 10.0.0.45,E401,Unauthorized access attempt from {ip}
94254,2026-01-16,15:27:43,WARN,AuthService,Unauthorized access attempt from 10.0.0.45,E401,Unauthorized access attempt from {ip}
94255,2026-01-16,15:12:42,CRITICAL,AuthService,DATA CORRUPTION detected in sector 741,E602,DATA CORRUPTION detected in sector {sector}
94256,2026-01-16,15:11:35,WARN,WebServer,Unauthorized access attempt from 10.0.0.45,E401,Unauthorized access attempt from {ip}
94257,2026-01-16,15:00:10,ERROR,AuthService,Connection refused to AuthService at 10.0.0.10,E501,Connection refused to {service} at {ip}
94258,2026-01-16,15:56:13,WARN,WebServer,Unauthorized access attempt from 10.0.0.45,E401,Unauthorized access attempt from {ip}
94259,2026-01-16,15:42:51,WARN,AuthService,Unauthorized access attempt from 10.0.0.12,E401,Unauthorized access attempt from {ip}
94260,2026-01-16,15:05:05,ERROR,WebServer,Connection refused to WebServer at 192.168.1.5,E501,Connection refused to {service} at {ip}
94261,2026-01-16,15:34:55,INFO,AuthService,Page view: /home by u3398,E103,Page view: {page} by {user}
94262,2026-01-16,15:03:07,CRITICAL,PaymentGateway,DATA CORRUPTION detected in sector 265,E602,DATA CORRUPTION detected in sector {sector}
94263,2026-01-16,15:44:49,ERROR,WebServer,Connection refused to WebServer at 10.0.0.99,E501,Connection refused to {service} at {ip}
94264,2026-01-16,15:01:13,WARN,WebServer,Unauthorized access attempt from 192.168.1.5,E401,Unauthorized access attempt from {ip}
94265,2026-01-16,15:02:03,INFO,WebServer,Transaction tx557870 completed in 852ms,E104,Transaction {tx} completed in {time}ms
94266,2026-01-16,15:34:18,ERROR,OrderProcessor,Connection refused to OrderProcessor at 10.0.0.10,E501,Connection refused to {service} at {ip}
94267,2026-01-16,15:29:18,INFO,WebServer,User u2280 login successful,E101,User {user} login successful
94268,2026-01-16,15:17:39,INFO,WebServer,User u2052 login successful,E101,User {user} login successful
94269,2026-01-16,15:17:07,ERROR,WebServer,Connection refused to WebServer at 10.0.0.12,E501,Connection refused to {service} at {ip}
94270,2026-01-16,15:18:36,WARN,OrderProcessor,High latency (1133ms) detected on OrderProcessor,E201,High latency ({time}ms) detected on {service}
94271,2026-01-16,15:47:54,INFO,WebServer,User u3841 login successful,E101,User {user} login successful
94272,2026-01-16,15:36:05,INFO,OrderProcessor,Health check passed: OrderProcessor,E102,Health check passed: {service}
94273,2026-01-16,15:42:22,CRITICAL,AuthService,KERNEL PANIC: Node node-5 crashed,E601,KERNEL PANIC: Node {node} crashed
94274,2026-01-16,15:59:09,INFO,OrderProcessor,Transaction tx199004 completed in 1708ms,E104,Transaction {tx} completed in {time}ms
94275,2026-01-16,15:22:57,WARN,WebServer,Disk usage > 85% on node node-2,E202,Disk usage > 85% on node {node}
94276,2026-01-16,15:14:14,WARN,WebServer,Unauthorized access attempt from 192.168.1.5,E401,Unauthorized access attempt from {ip}
94277,2026-01-16,15:06:56,INFO,AuthService,Transaction tx996643 completed in 1090ms,E104,Transaction {tx} completed in {time}ms
94278,2026-01-16,15:44:43,ERROR,WebServer,Timeout waiting for lock on InventoryDB,E502,Timeout waiting for lock on {db}
94279,2026-01-16,15:25:26,ERROR,WebServer,Timeout waiting for lock on InventoryDB,E502,Timeout waiting for lock on {db}
94280,2026-01-16,15:57:43,ERROR,OrderProcessor,Connection refused to OrderProcessor at 10.0.0.45,E501,Connection refused to {service} at {ip}
94281,2026-01-16,15:49:46,WARN,WebServer,High latency (1837ms) detected on WebServer,E201,High latency ({time}ms) detected on {service}
94282,2026-01-16,15:58:31,INFO,WebServer,User u1256 login successful,E101,User {user} login successful
94283,2026-01-16,15:11:06,WARN,WebServer,Disk usage > 85% on node node-2,E202,Disk usage > 85% on node {node}
94284,2026-01-16,15:08:01,INFO,WebServer,Health check passed: WebServer,E102,Health check passed: {service}
94285,2026-01-16,15:39:12,WARN,AuthService,High latency (316ms) detected on AuthService,E201,High latency ({time}ms) detected on {service}
94286,2026-01-16,15:18:49,CRITICAL,WebServer,DATA CORRUPTION detected in sector 860,E602,DATA CORRUPTION detected in sector {sector}
94287,2026-01-16,15:43:37,ERROR,OrderProcessor,Payment declined: Gateway unavailable,E503,Payment declined: Gateway unavailable
94288,2026-01-16,15:24:54,WARN,WebServer,Unauthorized access attempt from 192.168.1.5,E401,Unauthorized access attempt from {ip}
94289,2026-01-16,15:45:01,ERROR,AuthService,Timeout waiting for lock on InventoryDB,E502,Timeout waiting for lock on {db}
94290,2026-01-16,15:09:46,INFO,OrderProcessor,Health check passed: OrderProcessor,E102,Health check passed: {service}
94291,2026-01-16,15:10:06,INFO,WebServer,User u2174 login successful,E101,User {user} login successful
94292,2026-01-16,15:58:22,WARN,OrderProcessor,Disk usage > 85% on node node-1,E202,Disk usage > 85% on node {node}
94293,2026-01-16,15:10:26,INFO,PaymentGateway,Transaction tx279044 completed in 401ms,E104,Transaction {tx} completed in {time}ms
94294,2026-01-16,15:08:06,ERROR,AuthService,Timeout waiting for lock on InventoryDB,E502,Timeout waiting for lock on {db}
94295,2026-01-16,15:00:32,ERROR,WebServer,Payment declined: Gateway unavailable,E503,Payment declined: Gateway unavailable
94296,2026-01-16,15:45:05,ERROR,WebServer,Payment declined: Gateway unavailable,E503,Payment declined: Gateway unavailable
94297,2026-01-16,15:17:55,CRITICAL,OrderProcessor,DATA CORRUPTION detected in sector 233,E602,DATA CORRUPTION detected in sector {sector}
94298,2026-01-16,15:32:22,CRITICAL,WebServer,DATA CORRUPTION detected in sector 315,E602,DATA CORRUPTION detected in sector {sector}
94299,2026-01-16,15:47:31,INFO,OrderProcessor,User u2557 login successful,E101,User {user} login successful
94300,2026-01-16,15:00:05,ERROR,WebServer,Connection refused to WebServer at 10.0.0.12,E501,Connection refused to {service} at {ip}
94301,2026-01-16,15:16:21,ERROR,WebServer,Connection refused to WebServer at 10.0.0.45,E501,Connection refused to {service} at {ip}
94302,2026-01-16,15:34:23,WARN,WebServer,Disk usage > 85% on node node-2,E202,Disk usage > 85% on node {node}
94303,2026-01-16,15:30:03,WARN,OrderProcessor,High latency (1229ms) detected on OrderProcessor,E201,High latency ({time}ms) detected on {service}
94304,2026-01-16,15:51:26,ERROR,PaymentGateway,Connection refused to PaymentGateway at 192.168.1.5,E501,Connection refused to {service} at {ip}
94305,2026-01-16,15:58:21,INFO,WebServer,Health check passed: WebServer,E102,Health check passed: {service}
94306,2026-01-16,15:12:24,ERROR,PaymentGateway,Timeout waiting for lock on InventoryDB,E502,Timeout waiting for lock on {db}
94307,2026-01-16,15:26:11,CRITICAL,OrderProcessor,KERNEL PANIC: Node node-2 crashed,E601,KERNEL PANIC: Node {node} crashed
94308,2026-01-16,15:32:27,CRITICAL,AuthService,KERNEL PANIC: Node node-5 crashed,E601,KERNEL PANIC: Node {node} crashed
94309,2026-01-16,15:38:13,ERROR,WebServer,Timeout waiting for lock on InventoryDB,E502,Timeout waiting for lock on {db}
94310,2026-01-16,15:32:48,INFO,WebServer,Page view: /home by u3674,E103,Page view: {page} by {user}
94311,2026-01-16,15:40:19,INFO,PaymentGateway,User u4112 login successful,E101,User {user} login successful
94312,2026-01-16,15:52:36,ERROR,WebServer,Timeout waiting for lock on InventoryDB,E502,Timeout waiting for lock on {db}
94313,2026-01-16,15:13:04,INFO,WebServer,Health check passed: WebServer,E102,Health check passed: {service}
94314,2026-01-16,15:35:57,INFO,WebServer,Transaction tx557037 completed in 1909ms,E104,Transaction {tx} completed in {time}ms
94315,2026-01-16,15:42:31,INFO,WebServer,Transaction tx408471 completed in 601ms,E104,Transaction {tx} completed in {time}ms
94316,2026-01-16,15:54:00,ERROR,OrderProcessor,Connection refused to OrderProcessor at 10.0.0.45,E501,Connection refused to {service} at {ip}
94317,2026-01-16,15:06:32,ERROR,OrderProcessor,Payment declined: Gateway unavailable,E503,Payment declined: Gateway unavailable
94318,2026-01-16,15:59:11,ERROR,OrderProcessor,Timeout waiting for lock on InventoryDB,E502,Timeout waiting for lock on {db}
94319,2026-01-16,15:24:22,ERROR,PaymentGateway,Timeout waiting for lock on InventoryDB,E502,Timeout waiting for lock on {db}
94320,2026-01-16,15:32:48,WARN,OrderProcessor,Disk usage > 85% on node node-2,E202,Disk usage > 85% on node {node}
94321,2026-01-16,15:21:13,INFO,InventoryDB,Health check passed: InventoryDB,E102,Health check passed: {service}
94322,2026-01-16,15:35:42,ERROR,AuthService,Payment declined: Gateway unavailable,E503,Payment declined: Gateway unavailable
94323,2026-01-16,15:12:36,ERROR,OrderProcessor,Timeout waiting for lock on InventoryDB,E502,Timeout waiting for lock on {db}
94324,2026-01-16,15:40:35,INFO,WebServer,Page view: /home by u2082,E103,Page view: {page} by {user}
94325,2026-01-16,15:04:57,ERROR,WebServer,Payment declined: Gateway unavailable,E503,Payment declined: Gateway unavailable
94326,2026-01-16,15:09:25,INFO,WebServer,Page view: /home by u1959,E103,Page view: {page} by {user}
94327,2026-01-16,15:04:54,INFO,OrderProcessor,User u3589 login successful,E101,User {user} login successful
94328,2026-01-16,15:16:42,ERROR,WebServer,Connection refused to WebServer at 10.0.0.88,E501,Connection refused to {service} at {ip}
94329,2026-01-16,15:35:12,CRITICAL,WebServer,KERNEL PANIC: Node node-2 crashed,E601,KERNEL PANIC: Node {node} crashed
94330,2026-01-16,15:02:55,WARN,WebServer,High latency (598ms) detected on WebServer,E201,High latency ({time}ms) detected on {service}
94331,2026-01-16,15:03:22,WARN,AuthService,High latency (772ms) detected on AuthService,E201,High latency ({time}ms) detected on {service}
94332,2026-01-16,15:18:01,WARN,AuthService,Unauthorized access attempt from 10.0.0.10,E401,Unauthorized access attempt from {ip}
94333,2026-01-16,15:31:58,WARN,AuthService,Disk usage > 85% on node node-1,E202,Disk usage > 85% on node {node}
94334,2026-01-16,15:13:56,INFO,WebServer,User u3863 login successful,E101,User {user} login successful
94335,2026-01-16,15:33:12,INFO,AuthService,Transaction tx709679 completed in 1674ms,E104,Transaction {tx} completed in {time}ms
94336,2026-01-16,15:43:12,ERROR,WebServer,Connection refused to WebServer at 10.0.0.99,E501,Connection refused to {service} at {ip}
94337,2026-01-16,15:28:16,ERROR,WebServer,Payment declined: Gateway unavailable,E503,Payment declined: Gateway unavailable
94338,2026-01-16,15:16:40,INFO,WebServer,Health check passed: WebServer,E102,Health check passed: {service}
94339,2026-01-16,15:35:03,INFO,WebServer,Transaction tx290554 completed in 1314ms,E104,Transaction {tx} completed in {time}ms
94340,2026-01-16,15:19:57,WARN,PaymentGateway,High latency (1690ms) detected on PaymentGateway,E201,High latency ({time}ms) detected on {service}
94341,2026-01-16,15:47:22,WARN,WebServer,Unauthorized access attempt from 10.0.0.45,E401,Unauthorized access attempt from {ip}
94342,2026-01-16,15:27:19,ERROR,OrderProcessor,Payment declined: Gateway unavailable,E503,Payment declined: Gateway unavailable
94343,2026-01-16,15:05:15,ERROR,AuthService,Payment declined: Gateway unavailable,E503,Payment declined: Gateway unavailable
94344,2026-01-16,15:40:43,INFO,WebServer,Transaction tx565236 completed in 1734ms,E104,Transaction {tx} completed in {time}ms
94345,2026-01-16,15:04:42,WARN,AuthService,Disk usage > 85% on node node-2,E202,Disk usage > 85% on node {node}
94346,2026-01-16,15:28:57,WARN,AuthService,Unauthorized access attempt from 10.0.0.45,E401,Unauthorized access attempt from {ip}
94347,2026-01-16,15:07:57,WARN,WebServer,High latency (1680ms) detected on WebServer,E201,High latency ({time}ms) detected on {service}
94348,2026-01-16,15:09:55,ERROR,InventoryDB,Payment declined: Gateway unavailable,E503,Payment declined: Gateway unavailable
94349,2026-01-16,15:08:16,ERROR,WebServer,Timeout waiting for lock on InventoryDB,E502,Timeout waiting for lock on {db}
94350,2026-01-16,15:52:12,CRITICAL,WebServer,DATA CORRUPTION detected in sector 364,E602,DATA CORRUPTION detected in sector {sector}
94351,2026-01-16,15:21:11,INFO,AuthService,Page view: /home by u2474,E103,Page view: {page} by {user}
94352,2026-01-16,15:02:05,ERROR,WebServer,Timeout waiting for lock on InventoryDB,E502,Timeout waiting for lock on {db}
94353,2026-01-16,15:57:33,CRITICAL,AuthService,DATA CORRUPTION detected in sector 793,E602,DATA CORRUPTION detected in sector {sector}
94354,2026-01-16,15:14:30,CRITICAL,AuthService,KERNEL PANIC: Node node-3 crashed,E601,KERNEL PANIC: Node {node} crashed
94355,2026-01-16,15:55:30,INFO,WebServer,Page view: /home by u1831,E103,Page view: {page} by {user}
94356,2026-01-16,15:59:01,INFO,PaymentGateway,Page view: /home by u3838,E103,Page view: {page} by {user}
94357,2026-01-16,15:35:51,WARN,OrderProcessor,Disk usage > 85% on node node-4,E202,Disk usage > 85% on node {node}
94358,2026-01-16,15:14:08,INFO,WebServer,Health check passed: WebServer,E102,Health check passed: {service}
94359,2026-01-16,15:29:13,WARN,AuthService,Unauthorized access attempt from 10.0.0.88,E401,Unauthorized access attempt from {ip}
94360,2026-01-16,15:40:10,ERROR,OrderProcessor,Payment declined: Gateway unavailable,E503,Payment declined: Gateway unavailable
94361,2026-01-16,15:35:27,INFO,WebServer,User u3063 login successful,E101,User {user} login successful
94362,2026-01-16,15:35:29,INFO,PaymentGateway,Health check passed: PaymentGateway,E102,Health check passed: {service}
94363,2026-01-16,15:44:56,WARN,AuthService,Disk usage > 85% on node node-4,E202,Disk usage > 85% on node {node}
94364,2026-01-16,15:01:01,WARN,WebServer,Disk usage > 85% on node node-5,E202,Disk usage > 85% on node {node}
94365,2026-01-16,15:53:17,ERROR,AuthService,Payment declined: Gateway unavailable,E503,Payment declined: Gateway unavailable
94366,2026-01-16,15:35:41,ERROR,WebServer,Timeout waiting for lock on InventoryDB,E502,Timeout waiting for lock on {db}
94367,2026-01-16,15:18:18,CRITICAL,OrderProcessor,KERNEL PANIC: Node node-5 crashed,E601,KERNEL PANIC: Node {node} crashed
94368,2026-01-16,15:37:38,INFO,OrderProcessor,User u1766 login successful,E101,User {user} login successful
94369,2026-01-16,15:28:14,CRITICAL,InventoryDB,KERNEL PANIC: Node node-1 crashed,E601,KERNEL PANIC: Node {node} crashed
94370,2026-01-16,15:43:16,ERROR,OrderProcessor,Connection refused to OrderProcessor at 10.0.0.45,E501,Connection refused to {service} at {ip}
94371,2026-01-16,15:32:55,ERROR,WebServer,Payment declined: Gateway unavailable,E503,Payment declined: Gateway unavailable
94372,2026-01-16,15:43:08,INFO,AuthService,Health check passed: AuthService,E102,Health check passed: {service}
94373,2026-01-16,15:28:18,ERROR,AuthService,Timeout waiting for lock on InventoryDB,E502,Timeout waiting for lock on {db}
94374,2026-01-16,15:17:55,ERROR,WebServer,Payment declined: Gateway unavailable,E503,Payment declined: Gateway unavailable
94375,2026-01-16,15:45:04,ERROR,WebServer,Connection refused to WebServer at 10.0.0.12,E501,Connection refused to {service} at {ip}
94376,2026-01-16,15:45:27,ERROR,WebServer,Connection refused to WebServer at 10.0.0.45,E501,Connection refused to {service} at {ip}
94377,2026-01-16,15:20:36,WARN,PaymentGateway,Unauthorized access attempt from 10.0.0.45,E401,Unauthorized access attempt from {ip}
94378,2026-01-16,15:18:55,ERROR,WebServer,Timeout waiting for lock on InventoryDB,E502,Timeout waiting for lock on {db}
94379,2026-01-16,15:20:07,ERROR,WebServer,Payment declined: Gateway unavailable,E503,Payment declined: Gateway unavailable
94380,2026-01-16,15:40:02,WARN,AuthService,High latency (695ms) detected on AuthService,E201,High latency ({time}ms) detected on {service}
94381,2026-01-16,15:44:45,WARN,OrderProcessor,Disk usage > 85% on node node-4,E202,Disk usage > 85% on node {node}
94382,2026-01-16,15:36:54,WARN,AuthService,Disk usage > 85% on node node-3,E202,Disk usage > 85% on node {node}
94383,2026-01-16,15:46:53,WARN,WebServer,Disk usage > 85% on node node-3,E202,Disk usage > 85% on node {node}
94384,2026-01-16,15:30:47,WARN,WebServer,Unauthorized access attempt from 10.0.0.12,E401,Unauthorized access attempt from {ip}
94385,2026-01-16,15:18:36,WARN,WebServer,Unauthorized access attempt from 10.0.0.12,E401,Unauthorized access attempt from {ip}
94386,2026-01-16,15:57:56,ERROR,OrderProcessor,Connection refused to OrderProcessor at 10.0.0.45,E501,Connection refused to {service} at {ip}
94387,2026-01-16,15:36:44,ERROR,WebServer,Timeout waiting for lock on InventoryDB,E502,Timeout waiting for lock on {db}
94388,2026-01-16,15:21:29,WARN,InventoryDB,Unauthorized access attempt from 10.0.0.45,E401,Unauthorized access attempt from {ip}
94389,2026-01-16,15:19:45,ERROR,WebServer,Payment declined: Gateway unavailable,E503,Payment declined: Gateway unavailable
94390,2026-01-16,15:38:17,WARN,WebServer,High latency (1173ms) detected on WebServer,E201,High latency ({time}ms) detected on {service}
94391,2026-01-16,15:41:53,WARN,WebServer,High latency (654ms) detected on WebServer,E201,High latency ({time}ms) detected on {service}
94392,2026-01-16,15:13:47,INFO,WebServer,Page view: /home by u1622,E103,Page view: {page} by {user}
94393,2026-01-16,15:13:50,ERROR,AuthService,Connection refused to AuthService at 10.0.0.99,E501,Connection refused to {service} at {ip}
94394,2026-01-16,15:59:56,ERROR,WebServer,Timeout waiting for lock on InventoryDB,E502,Timeout waiting for lock on {db}
94395,2026-01-16,15:20:41,WARN,AuthService,High latency (840ms) detected on AuthService,E201,High latency ({time}ms) detected on {service}
94396,2026-01-16,15:05:28,INFO,WebServer,User u4826 login successful,E101,User {user} login successful
94397,2026-01-16,15:47:45,ERROR,OrderProcessor,Timeout waiting for lock on InventoryDB,E502,Timeout waiting for lock on {db}
94398,2026-01-16,15:53:39,INFO,OrderProcessor,Health check passed: OrderProcessor,E102,Health check passed: {service}
94399,2026-01-16,15:42:00,ERROR,WebServer,Payment declined: Gateway unavailable,E503,Payment declined: Gateway unavailable
94400,2026-01-16,15:26:37,INFO,WebServer,Transaction tx210639 completed in 44ms,E104,Transaction {tx} completed in {time}ms
94401,2026-01-16,15:28:51,INFO,WebServer,Health check passed: WebServer,E102,Health check passed: {service}
94402,2026-01-16,15:19:25,ERROR,PaymentGateway,Payment declined: Gateway unavailable,E503,Payment declined: Gateway unavailable
94403,2026-01-16,15:47:19,ERROR,AuthService,Timeout waiting for lock on InventoryDB,E502,Timeout waiting for lock on {db}
94404,2026-01-16,15:47:23,ERROR,WebServer,Connection refused to WebServer at 10.0.0.45,E501,Connection refused to {service} at {ip}
94405,2026-01-16,15:05:18,INFO,AuthService,Page view: /home by u4380,E103,Page view: {page} by {user}
94406,2026-01-16,15:05:34,ERROR,AuthService,Payment declined: Gateway unavailable,E503,Payment declined: Gateway unavailable
94407,2026-01-16,15:48:50,INFO,AuthService,Page view: /home by u1620,E103,Page view: {page} by {user}
94408,2026-01-16,15:21:32,INFO,OrderProcessor,Transaction tx483894 completed in 1997ms,E104,Transaction {tx} completed in {time}ms
94409,2026-01-16,15:25:57,ERROR,InventoryDB,Connection refused to InventoryDB at 10.0.0.45,E501,Connection refused to {service} at {ip}
94410,2026-01-16,15:31:23,ERROR,WebServer,Connection refused to WebServer at 10.0.0.12,E501,Connection refused to {service} at {ip}
94411,2026-01-16,15:26:59,ERROR,WebServer,Connection refused to WebServer at 10.0.0.88,E501,Connection refused to {service} at {ip}
94412,2026-01-16,15:49:45,INFO,PaymentGateway,Health check passed: PaymentGateway,E102,Health check passed: {service}
94413,2026-01-16,15:38:33,INFO,WebServer,User u1886 login successful,E101,User {user} login successful
94414,2026-01-16,15:36:25,ERROR,WebServer,Payment declined: Gateway unavailable,E503,Payment declined: Gateway unavailable
94415,2026-01-16,15:49:23,ERROR,AuthService,Connection refused to AuthService at 10.0.0.45,E501,Connection refused to {service} at {ip}
94416,2026-01-16,15:52:32,ERROR,WebServer,Timeout waiting for lock on InventoryDB,E502,Timeout waiting for lock on {db}
94417,2026-01-16,15:17:15,CRITICAL,WebServer,KERNEL PANIC: Node node-5 crashed,E601,KERNEL PANIC: Node {node} crashed
94418,2026-01-16,15:56:39,INFO,OrderProcessor,User u1069 login successful,E101,User {user} login successful
94419,2026-01-16,15:25:27,INFO,AuthService,Page view: /home by u4488,E103,Page view: {page} by {user}
94420,2026-01-16,15:21:44,INFO,PaymentGateway,Transaction tx298178 completed in 1855ms,E104,Transaction {tx} completed in {time}ms
94421,2026-01-16,15:08:00,ERROR,AuthService,Timeout waiting for lock on InventoryDB,E502,Timeout waiting for lock on {db}
94422,2026-01-16,15:27:54,WARN,OrderProcessor,Disk usage > 85% on node node-3,E202,Disk usage > 85% on node {node}
94423,2026-01-16,15:54:02,INFO,OrderProcessor,Health check passed: OrderProcessor,E102,Health check passed: {service}
94424,2026-01-16,15:17:19,ERROR,AuthService,Connection refused to AuthService at 192.168.1.5,E501,Connection refused to {service} at {ip}
94425,2026-01-16,15:34:21,ERROR,OrderProcessor,Payment declined: Gateway unavailable,E503,Payment declined: Gateway unavailable
94426,2026-01-16,15:22:55,WARN,OrderProcessor,High latency (1487ms) detected on OrderProcessor,E201,High latency ({time}ms) detected on {service}
94427,2026-01-16,15:13:21,CRITICAL,WebServer,KERNEL PANIC: Node node-4 crashed,E601,KERNEL PANIC: Node {node} crashed
94428,2026-01-16,15:41:10,WARN,WebServer,Unauthorized access attempt from 10.0.0.12,E401,Unauthorized access attempt from {ip}
94429,2026-01-16,15:59:48,INFO,WebServer,Health check passed: WebServer,E102,Health check passed: {service}
94430,2026-01-16,15:21:15,ERROR,WebServer,Payment declined: Gateway unavailable,E503,Payment declined: Gateway unavailable
94431,2026-01-16,15:40:58,ERROR,PaymentGateway,Timeout waiting for lock on InventoryDB,E502,Timeout waiting for lock on {db}
94432,2026-01-16,15:22:26,WARN,OrderProcessor,Unauthorized access attempt from 10.0.0.45,E401,Unauthorized access attempt from {ip}
94433,2026-01-16,15:00:32,INFO,WebServer,Page view: /home by u4373,E103,Page view: {page} by {user}
94434,2026-01-16,15:57:24,ERROR,AuthService,Timeout waiting for lock on InventoryDB,E502,Timeout waiting for lock on {db}
94435,2026-01-16,15:38:06,CRITICAL,WebServer,KERNEL PANIC: Node node-3 crashed,E601,KERNEL PANIC: Node {node} crashed
94436,2026-01-16,15:22:57,ERROR,WebServer,Connection refused to WebServer at 10.0.0.12,E501,Connection refused to {service} at {ip}
94437,2026-01-16,15:00:49,ERROR,WebServer,Connection refused to WebServer at 10.0.0.99,E501,Connection refused to {service} at {ip}
94438,2026-01-16,15:51:48,INFO,OrderProcessor,User u4695 login successful,E101,User {user} login successful
94439,2026-01-16,15:01:09,CRITICAL,PaymentGateway,KERNEL PANIC: Node node-2 crashed,E601,KERNEL PANIC: Node {node} crashed
94440,2026-01-16,15:44:05,INFO,WebServer,Health check passed: WebServer,E102,Health check passed: {service}
94441,2026-01-16,15:09:23,INFO,AuthService,Health check passed: AuthService,E102,Health check passed: {service}
94442,2026-01-16,15:33:03,INFO,WebServer,Page view: /home by u2057,E103,Page view: {page} by {user}
94443,2026-01-16,15:50:05,WARN,AuthService,High latency (1564ms) detected on AuthService,E201,High latency ({time}ms) detected on {service}
94444,2026-01-16,15:59:13,ERROR,OrderProcessor,Payment declined: Gateway unavailable,E503,Payment declined: Gateway unavailable
94445,2026-01-16,15:20:24,ERROR,AuthService,Connection refused to AuthService at 10.0.0.45,E501,Connection refused to {service} at {ip}
94446,2026-01-16,15:39:16,ERROR,WebServer,Timeout waiting for lock on InventoryDB,E502,Timeout waiting for lock on {db}
94447,2026-01-16,15:40:48,WARN,OrderProcessor,Disk usage > 85% on node node-1,E202,Disk usage > 85% on node {node}
94448,2026-01-16,15:04:14,INFO,OrderProcessor,Health check passed: OrderProcessor,E102,Health check passed: {service}
94449,2026-01-16,15:38:04,WARN,WebServer,Disk usage > 85% on node node-5,E202,Disk usage > 85% on node {node}
94450,2026-01-16,15:56:16,INFO,AuthService,User u1903 login successful,E101,User {user} login successful
94451,2026-01-16,15:54:41,INFO,WebServer,Health check passed: WebServer,E102,Health check passed: {service}
94452,2026-01-16,15:10:19,ERROR,OrderProcessor,Timeout waiting for lock on InventoryDB,E502,Timeout waiting for lock on {db}
94453,2026-01-16,15:40:42,INFO,AuthService,Transaction tx177187 completed in 248ms,E104,Transaction {tx} completed in {time}ms
94454,2026-01-16,15:56:01,ERROR,OrderProcessor,Payment declined: Gateway unavailable,E503,Payment declined: Gateway unavailable
94455,2026-01-16,15:31:55,INFO,WebServer,Health check passed: WebServer,E102,Health check passed: {service}
94456,2026-01-16,15:01:37,ERROR,AuthService,Connection refused to AuthService at 10.0.0.88,E501,Connection refused to {service} at {ip}
94457,2026-01-16,15:21:34,INFO,OrderProcessor,Transaction tx603101 completed in 486ms,E104,Transaction {tx} completed in {time}ms
94458,2026-01-16,15:35:16,ERROR,OrderProcessor,Timeout waiting for lock on InventoryDB,E502,Timeout waiting for lock on {db}
94459,2026-01-16,15:11:45,WARN,WebServer,Unauthorized access attempt from 10.0.0.45,E401,Unauthorized access attempt from {ip}
94460,2026-01-16,15:06:13,ERROR,WebServer,Connection refused to WebServer at 10.0.0.45,E501,Connection refused to {service} at {ip}
94461,2026-01-16,15:30:46,ERROR,WebServer,Payment declined: Gateway unavailable,E503,Payment declined: Gateway unavailable
94462,2026-01-16,15:53:58,INFO,OrderProcessor,User u3391 login successful,E101,User {user} login successful
94463,2026-01-16,15:25:31,INFO,WebServer,User u3834 login successful,E101,User {user} login successful
94464,2026-01-16,15:45:26,INFO,WebServer,User u1428 login successful,E101,User {user} login successful
94465,2026-01-16,15:56:18,WARN,WebServer,Disk usage > 85% on node node-1,E202,Disk usage > 85% on node {node}
94466,2026-01-16,15:00:49,WARN,AuthService,Unauthorized access attempt from 10.0.0.12,E401,Unauthorized access attempt from {ip}
94467,2026-01-16,15:27:20,INFO,PaymentGateway,Page view: /home by u3061,E103,Page view: {page} by {user}
94468,2026-01-16,15:40:20,INFO,WebServer,Transaction tx109781 completed in 91ms,E104,Transaction {tx} completed in {time}ms
94469,2026-01-16,15:51:34,INFO,WebServer,Health check passed: WebServer,E102,Health check passed: {service}
94470,2026-01-16,15:32:15,ERROR,WebServer,Timeout waiting for lock on InventoryDB,E502,Timeout waiting for lock on {db}
94471,2026-01-16,15:24:12,WARN,WebServer,Disk usage > 85% on node node-5,E202,Disk usage > 85% on node {node}
94472,2026-01-16,15:22:46,INFO,WebServer,User u3019 login successful,E101,User {user} login successful
94473,2026-01-16,15:00:09,INFO,WebServer,Health check passed: WebServer,E102,Health check passed: {service}
94474,2026-01-16,15:32:24,WARN,OrderProcessor,Unauthorized access attempt from 10.0.0.88,E401,Unauthorized access attempt from {ip}
94475,2026-01-16,15:11:51,INFO,WebServer,User u3832 login successful,E101,User {user} login successful
94476,2026-01-16,15:24:24,ERROR,WebServer,Timeout waiting for lock on InventoryDB,E502,Timeout waiting for lock on {db}
94477,2026-01-16,15:22:26,WARN,WebServer,High latency (1084ms) detected on WebServer,E201,High latency ({time}ms) detected on {service}
94478,2026-01-16,15:18:22,CRITICAL,WebServer,DATA CORRUPTION detected in sector 191,E602,DATA CORRUPTION detected in sector {sector}
94479,2026-01-16,15:12:31,ERROR,OrderProcessor,Payment declined: Gateway unavailable,E503,Payment declined: Gateway unavailable
94480,2026-01-16,15:54:25,ERROR,WebServer,Timeout waiting for lock on InventoryDB,E502,Timeout waiting for lock on {db}
94481,2026-01-16,15:07:37,CRITICAL,PaymentGateway,DATA CORRUPTION detected in sector 995,E602,DATA CORRUPTION detected in sector {sector}
94482,2026-01-16,15:39:11,ERROR,OrderProcessor,Payment declined: Gateway unavailable,E503,Payment declined: Gateway unavailable
94483,2026-01-16,15:40:07,ERROR,InventoryDB,Payment declined: Gateway unavailable,E503,Payment declined: Gateway unavailable
94484,2026-01-16,15:56:10,INFO,AuthService,Transaction tx816561 completed in 1599ms,E104,Transaction {tx} completed in {time}ms
94485,2026-01-16,15:07:04,INFO,WebServer,Transaction tx521853 completed in 883ms,E104,Transaction {tx} completed in {time}ms
94486,2026-01-16,15:56:46,INFO,WebServer,Transaction tx827067 completed in 533ms,E104,Transaction {tx} completed in {time}ms
94487,2026-01-16,15:21:45,ERROR,WebServer,Timeout waiting for lock on InventoryDB,E502,Timeout waiting for lock on {db}
94488,2026-01-16,15:10:03,ERROR,WebServer,Payment declined: Gateway unavailable,E503,Payment declined: Gateway unavailable
94489,2026-01-16,15:58:32,INFO,WebServer,Health check passed: WebServer,E102,Health check passed: {service}
94490,2026-01-16,15:19:30,ERROR,AuthService,Payment declined: Gateway unavailable,E503,Payment declined: Gateway unavailable
94491,2026-01-16,15:49:24,INFO,WebServer,Health check passed: WebServer,E102,Health check passed: {service}
94492,2026-01-16,15:23:46,ERROR,WebServer,Connection refused to WebServer at 10.0.0.12,E501,Connection refused to {service} at {ip}
94493,2026-01-16,15:11:25,INFO,WebServer,Transaction tx660507 completed in 1835ms,E104,Transaction {tx} completed in {time}ms
94494,2026-01-16,15:12:27,ERROR,OrderProcessor,Connection refused to OrderProcessor at 10.0.0.45,E501,Connection refused to {service} at {ip}
94495,2026-01-16,15:49:32,WARN,WebServer,High latency (1902ms) detected on WebServer,E201,High latency ({time}ms) detected on {service}
94496,2026-01-16,15:54:51,WARN,WebServer,Disk usage > 85% on node node-2,E202,Disk usage > 85% on node {node}
94497,2026-01-16,15:40:01,INFO,OrderProcessor,Page view: /home by u3080,E103,Page view: {page} by {user}
94498,2026-01-16,15:52:21,ERROR,PaymentGateway,Payment declined: Gateway unavailable,E503,Payment declined: Gateway unavailable
94499,2026-01-16,15:17:47,CRITICAL,WebServer,KERNEL PANIC: Node node-4 crashed,E601,KERNEL PANIC: Node {node} crashed
94500,2026-01-16,15:49:15,ERROR,AuthService,Connection refused to AuthService at 10.0.0.45,E501,Connection refused to {service} at {ip}
94501,2026-01-16,15:21:33,ERROR,WebServer,Timeout waiting for lock on InventoryDB,E502,Timeout waiting for lock on {db}
94502,2026-01-16,15:40:40,INFO,AuthService,Page view: /home by u4463,E103,Page view: {page} by {user}
94503,2026-01-16,15:24:12,ERROR,OrderProcessor,Timeout waiting for lock on InventoryDB,E502,Timeout waiting for lock on {db}
94504,2026-01-16,15:16:38,INFO,WebServer,Page view: /home by u4227,E103,Page view: {page} by {user}
94505,2026-01-16,15:07:04,ERROR,OrderProcessor,Connection refused to OrderProcessor at 10.0.0.12,E501,Connection refused to {service} at {ip}
94506,2026-01-16,15:31:14,ERROR,OrderProcessor,Payment declined: Gateway unavailable,E503,Payment declined: Gateway unavailable
94507,2026-01-16,15:28:01,ERROR,WebServer,Payment declined: Gateway unavailable,E503,Payment declined: Gateway unavailable
94508,2026-01-16,15:10:10,CRITICAL,WebServer,DATA CORRUPTION detected in sector 434,E602,DATA CORRUPTION detected in sector {sector}
94509,2026-01-16,15:37:54,INFO,WebServer,Health check passed: WebServer,E102,Health check passed: {service}
94510,2026-01-16,15:49:29,WARN,OrderProcessor,Disk usage > 85% on node node-1,E202,Disk usage > 85% on node {node}
94511,2026-01-16,15:32:35,ERROR,OrderProcessor,Payment declined: Gateway unavailable,E503,Payment declined: Gateway unavailable
94512,2026-01-16,15:21:38,ERROR,AuthService,Timeout waiting for lock on InventoryDB,E502,Timeout waiting for lock on {db}
94513,2026-01-16,15:19:51,CRITICAL,AuthService,KERNEL PANIC: Node node-5 crashed,E601,KERNEL PANIC: Node {node} crashed
94514,2026-01-16,15:07:35,ERROR,WebServer,Connection refused to WebServer at 10.0.0.88,E501,Connection refused to {service} at {ip}
94515,2026-01-16,15:04:22,CRITICAL,WebServer,DATA CORRUPTION detected in sector 557,E602,DATA CORRUPTION detected in sector {sector}
94516,2026-01-16,15:58:18,INFO,WebServer,User u4160 login successful,E101,User {user} login successful
94517,2026-01-16,15:24:22,WARN,WebServer,Disk usage > 85% on node node-3,E202,Disk usage > 85% on node {node}
94518,2026-01-16,15:35:37,INFO,WebServer,User u3790 login successful,E101,User {user} login successful
94519,2026-01-16,15:57:29,ERROR,AuthService,Connection refused to AuthService at 10.0.0.88,E501,Connection refused to {service} at {ip}
94520,2026-01-16,15:56:47,CRITICAL,AuthService,DATA CORRUPTION detected in sector 339,E602,DATA CORRUPTION detected in sector {sector}
94521,2026-01-16,15:36:40,ERROR,WebServer,Payment declined: Gateway unavailable,E503,Payment declined: Gateway unavailable
94522,2026-01-16,15:21:46,ERROR,WebServer,Payment declined: Gateway unavailable,E503,Payment declined: Gateway unavailable
94523,2026-01-16,15:44:26,WARN,WebServer,High latency (1690ms) detected on WebServer,E201,High latency ({time}ms) detected on {service}
94524,2026-01-16,15:08:49,INFO,WebServer,Page view: /home by u4239,E103,Page view: {page} by {user}
94525,2026-01-16,15:35:21,ERROR,AuthService,Payment declined: Gateway unavailable,E503,Payment declined: Gateway unavailable
94526,2026-01-16,15:41:47,INFO,WebServer,Health check passed: WebServer,E102,Health check passed: {service}
94527,2026-01-16,15:07:48,WARN,WebServer,High latency (229ms) detected on WebServer,E201,High latency ({time}ms) detected on {service}
94528,2026-01-16,15:41:44,ERROR,AuthService,Connection refused to AuthService at 10.0.0.10,E501,Connection refused to {service} at {ip}
94529,2026-01-16,15:36:29,WARN,WebServer,Unauthorized access attempt from 10.0.0.45,E401,Unauthorized access attempt from {ip}
94530,2026-01-16,15:24:59,ERROR,PaymentGateway,Connection refused to PaymentGateway at 10.0.0.45,E501,Connection refused to {service} at {ip}
94531,2026-01-16,15:02:23,ERROR,PaymentGateway,Timeout waiting for lock on InventoryDB,E502,Timeout waiting for lock on {db}
94532,2026-01-16,15:41:17,INFO,OrderProcessor,User u1767 login successful,E101,User {user} login successful
94533,2026-01-16,15:10:01,ERROR,WebServer,Payment declined: Gateway unavailable,E503,Payment declined: Gateway unavailable
94534,2026-01-16,15:04:56,INFO,AuthService,Health check passed: AuthService,E102,Health check passed: {service}
94535,2026-01-16,15:59:09,INFO,AuthService,Page view: /home by u2960,E103,Page view: {page} by {user}
94536,2026-01-16,15:41:24,INFO,AuthService,Page view: /home by u3956,E103,Page view: {page} by {user}
94537,2026-01-16,15:52:25,INFO,OrderProcessor,Page view: /home by u4079,E103,Page view: {page} by {user}
94538,2026-01-16,15:01:42,ERROR,InventoryDB,Payment declined: Gateway unavailable,E503,Payment declined: Gateway unavailable
94539,2026-01-16,15:56:44,INFO,WebServer,Transaction tx871342 completed in 194ms,E104,Transaction {tx} completed in {time}ms
94540,2026-01-16,15:28:02,ERROR,WebServer,Timeout waiting for lock on InventoryDB,E502,Timeout waiting for lock on {db}
94541,2026-01-16,15:59:18,INFO,WebServer,Health check passed: WebServer,E102,Health check passed: {service}
94542,2026-01-16,15:32:02,INFO,WebServer,Transaction tx423135 completed in 1455ms,E104,Transaction {tx} completed in {time}ms
94543,2026-01-16,15:52:39,ERROR,WebServer,Timeout waiting for lock on InventoryDB,E502,Timeout waiting for lock on {db}
94544,2026-01-16,15:17:24,ERROR,WebServer,Connection refused to WebServer at 10.0.0.45,E501,Connection refused to {service} at {ip}
94545,2026-01-16,15:11:45,CRITICAL,PaymentGateway,KERNEL PANIC: Node node-1 crashed,E601,KERNEL PANIC: Node {node} crashed
94546,2026-01-16,15:40:47,ERROR,WebServer,Connection refused to WebServer at 10.0.0.45,E501,Connection refused to {service} at {ip}
94547,2026-01-16,15:56:28,ERROR,WebServer,Timeout waiting for lock on InventoryDB,E502,Timeout waiting for lock on {db}
94548,2026-01-16,15:45:34,WARN,AuthService,High latency (406ms) detected on AuthService,E201,High latency ({time}ms) detected on {service}
94549,2026-01-16,15:55:30,ERROR,OrderProcessor,Timeout waiting for lock on InventoryDB,E502,Timeout waiting for lock on {db}
94550,2026-01-16,15:22:10,WARN,WebServer,High latency (165ms) detected on WebServer,E201,High latency ({time}ms) detected on {service}
94551,2026-01-16,15:18:15,WARN,InventoryDB,Disk usage > 85% on node node-2,E202,Disk usage > 85% on node {node}
94552,2026-01-16,15:42:06,CRITICAL,AuthService,KERNEL PANIC: Node node-2 crashed,E601,KERNEL PANIC: Node {node} crashed
94553,2026-01-16,15:33:52,WARN,WebServer,Unauthorized access attempt from 10.0.0.88,E401,Unauthorized access attempt from {ip}
94554,2026-01-16,15:22:55,ERROR,AuthService,Connection refused to AuthService at 10.0.0.12,E501,Connection refused to {service} at {ip}
94555,2026-01-16,15:13:18,ERROR,OrderProcessor,Timeout waiting for lock on InventoryDB,E502,Timeout waiting for lock on {db}
94556,2026-01-16,15:50:36,WARN,OrderProcessor,Disk usage > 85% on node node-4,E202,Disk usage > 85% on node {node}
94557,2026-01-16,15:21:11,CRITICAL,WebServer,DATA CORRUPTION detected in sector 465,E602,DATA CORRUPTION detected in sector {sector}
94558,2026-01-16,15:22:06,ERROR,AuthService,Payment declined: Gateway unavailable,E503,Payment declined: Gateway unavailable
94559,2026-01-16,15:10:04,WARN,OrderProcessor,Disk usage > 85% on node node-1,E202,Disk usage > 85% on node {node}
94560,2026-01-16,15:45:14,ERROR,WebServer,Connection refused to WebServer at 10.0.0.45,E501,Connection refused to {service} at {ip}
94561,2026-01-16,15:26:30,ERROR,AuthService,Connection refused to AuthService at 10.0.0.12,E501,Connection refused to {service} at {ip}
94562,2026-01-16,15:36:13,ERROR,OrderProcessor,Timeout waiting for lock on InventoryDB,E502,Timeout waiting for lock on {db}
94563,2026-01-16,15:28:44,ERROR,WebServer,Payment declined: Gateway unavailable,E503,Payment declined: Gateway unavailable
94564,2026-01-16,15:29:37,INFO,InventoryDB,User u2602 login successful,E101,User {user} login successful
94565,2026-01-16,15:02:28,WARN,WebServer,High latency (1462ms) detected on WebServer,E201,High latency ({time}ms) detected on {service}
94566,2026-01-16,15:24:21,ERROR,OrderProcessor,Timeout waiting for lock on InventoryDB,E502,Timeout waiting for lock on {db}
94567,2026-01-16,15:15:27,ERROR,AuthService,Connection refused to AuthService at 10.0.0.45,E501,Connection refused to {service} at {ip}
94568,2026-01-16,15:43:15,WARN,AuthService,High latency (50ms) detected on AuthService,E201,High latency ({time}ms) detected on {service}
94569,2026-01-16,15:35:50,INFO,WebServer,Transaction tx333574 completed in 115ms,E104,Transaction {tx} completed in {time}ms
94570,2026-01-16,15:09:58,ERROR,AuthService,Timeout waiting for lock on InventoryDB,E502,Timeout waiting for lock on {db}
94571,2026-01-16,15:16:58,ERROR,AuthService,Timeout waiting for lock on InventoryDB,E502,Timeout waiting for lock on {db}
94572,2026-01-16,15:27:42,WARN,WebServer,Unauthorized access attempt from 10.0.0.45,E401,Unauthorized access attempt from {ip}
94573,2026-01-16,15:19:29,CRITICAL,OrderProcessor,DATA CORRUPTION detected in sector 560,E602,DATA CORRUPTION detected in sector {sector}
94574,2026-01-16,15:49:50,ERROR,WebServer,Connection refused to WebServer at 10.0.0.45,E501,Connection refused to {service} at {ip}
94575,2026-01-16,15:35:28,CRITICAL,WebServer,DATA CORRUPTION detected in sector 828,E602,DATA CORRUPTION detected in sector {sector}
94576,2026-01-16,15:36:17,CRITICAL,OrderProcessor,DATA CORRUPTION detected in sector 934,E602,DATA CORRUPTION detected in sector {sector}
94577,2026-01-16,15:33:53,ERROR,WebServer,Timeout waiting for lock on InventoryDB,E502,Timeout waiting for lock on {db}
94578,2026-01-16,15:21:29,WARN,OrderProcessor,Disk usage > 85% on node node-4,E202,Disk usage > 85% on node {node}
94579,2026-01-16,15:50:49,ERROR,WebServer,Connection refused to WebServer at 10.0.0.45,E501,Connection refused to {service} at {ip}
94580,2026-01-16,15:14:49,WARN,PaymentGateway,High latency (1279ms) detected on PaymentGateway,E201,High latency ({time}ms) detected on {service}
94581,2026-01-16,15:38:18,ERROR,AuthService,Timeout waiting for lock on InventoryDB,E502,Timeout waiting for lock on {db}
94582,2026-01-16,15:31:45,ERROR,OrderProcessor,Timeout waiting for lock on InventoryDB,E502,Timeout waiting for lock on {db}
94583,2026-01-16,15:55:52,CRITICAL,AuthService,KERNEL PANIC: Node node-4 crashed,E601,KERNEL PANIC: Node {node} crashed
94584,2026-01-16,15:21:13,INFO,WebServer,Health check passed: WebServer,E102,Health check passed: {service}
94585,2026-01-16,15:03:13,INFO,WebServer,Health check passed: WebServer,E102,Health check passed: {service}
94586,2026-01-16,15:49:13,WARN,WebServer,Unauthorized access attempt from 10.0.0.10,E401,Unauthorized access attempt from {ip}
94587,2026-01-16,15:32:00,WARN,WebServer,Disk usage > 85% on node node-5,E202,Disk usage > 85% on node {node}
94588,2026-01-16,15:37:09,WARN,OrderProcessor,Disk usage > 85% on node node-1,E202,Disk usage > 85% on node {node}
94589,2026-01-16,15:11:16,INFO,PaymentGateway,Health check passed: PaymentGateway,E102,Health check passed: {service}
94590,2026-01-16,15:23:07,WARN,WebServer,Unauthorized access attempt from 10.0.0.45,E401,Unauthorized access attempt from {ip}
94591,2026-01-16,15:28:49,INFO,PaymentGateway,User u1507 login successful,E101,User {user} login successful
94592,2026-01-16,15:25:29,INFO,WebServer,Transaction tx489175 completed in 1987ms,E104,Transaction {tx} completed in {time}ms
94593,2026-01-16,15:00:03,ERROR,PaymentGateway,Connection refused to PaymentGateway at 10.0.0.99,E501,Connection refused to {service} at {ip}
94594,2026-01-16,15:20:05,INFO,OrderProcessor,Transaction tx432926 completed in 1932ms,E104,Transaction {tx} completed in {time}ms
94595,2026-01-16,15:06:34,ERROR,OrderProcessor,Connection refused to OrderProcessor at 10.0.0.99,E501,Connection refused to {service} at {ip}
94596,2026-01-16,15:46:44,ERROR,AuthService,Timeout waiting for lock on InventoryDB,E502,Timeout waiting for lock on {db}
94597,2026-01-16,15:39:23,ERROR,WebServer,Payment declined: Gateway unavailable,E503,Payment declined: Gateway unavailable
94598,2026-01-16,15:50:35,INFO,WebServer,User u3242 login successful,E101,User {user} login successful
94599,2026-01-16,15:35:43,ERROR,PaymentGateway,Timeout waiting for lock on InventoryDB,E502,Timeout waiting for lock on {db}
94600,2026-01-16,15:48:00,WARN,OrderProcessor,Unauthorized access attempt from 10.0.0.45,E401,Unauthorized access attempt from {ip}
94601,2026-01-16,15:48:20,WARN,InventoryDB,High latency (1720ms) detected on InventoryDB,E201,High latency ({time}ms) detected on {service}
94602,2026-01-16,15:26:29,ERROR,OrderProcessor,Payment declined: Gateway unavailable,E503,Payment declined: Gateway unavailable
94603,2026-01-16,15:43:49,ERROR,PaymentGateway,Payment declined: Gateway unavailable,E503,Payment declined: Gateway unavailable
94604,2026-01-16,15:13:25,INFO,PaymentGateway,User u4203 login successful,E101,User {user} login successful
94605,2026-01-16,15:50:41,WARN,InventoryDB,Disk usage > 85% on node node-2,E202,Disk usage > 85% on node {node}
94606,2026-01-16,15:10:22,ERROR,AuthService,Timeout waiting for lock on InventoryDB,E502,Timeout waiting for lock on {db}
94607,2026-01-16,15:07:31,INFO,WebServer,Page view: /home by u3584,E103,Page view: {page} by {user}
94608,2026-01-16,15:17:36,INFO,AuthService,User u3741 login successful,E101,User {user} login successful
94609,2026-01-16,15:19:32,ERROR,WebServer,Timeout waiting for lock on InventoryDB,E502,Timeout waiting for lock on {db}
94610,2026-01-16,15:50:03,INFO,WebServer,User u1354 login successful,E101,User {user} login successful
94611,2026-01-16,15:11:50,INFO,OrderProcessor,Transaction tx132814 completed in 1618ms,E104,Transaction {tx} completed in {time}ms
94612,2026-01-16,15:24:27,ERROR,OrderProcessor,Timeout waiting for lock on InventoryDB,E502,Timeout waiting for lock on {db}
94613,2026-01-16,15:04:32,WARN,WebServer,Disk usage > 85% on node node-3,E202,Disk usage > 85% on node {node}
94614,2026-01-16,15:13:47,INFO,AuthService,User u3942 login successful,E101,User {user} login successful
94615,2026-01-16,15:14:50,CRITICAL,WebServer,KERNEL PANIC: Node node-1 crashed,E601,KERNEL PANIC: Node {node} crashed
94616,2026-01-16,15:38:41,WARN,WebServer,High latency (1479ms) detected on WebServer,E201,High latency ({time}ms) detected on {service}
94617,2026-01-16,15:24:52,ERROR,WebServer,Timeout waiting for lock on InventoryDB,E502,Timeout waiting for lock on {db}
94618,2026-01-16,15:36:18,WARN,AuthService,Unauthorized access attempt from 10.0.0.88,E401,Unauthorized access attempt from {ip}
94619,2026-01-16,15:54:28,INFO,OrderProcessor,User u1675 login successful,E101,User {user} login successful
94620,2026-01-16,15:48:00,INFO,PaymentGateway,User u3005 login successful,E101,User {user} login successful
94621,2026-01-16,15:39:31,INFO,WebServer,Page view: /home by u1216,E103,Page view: {page} by {user}
94622,2026-01-16,15:28:18,ERROR,AuthService,Payment declined: Gateway unavailable,E503,Payment declined: Gateway unavailable
94623,2026-01-16,15:30:03,ERROR,WebServer,Payment declined: Gateway unavailable,E503,Payment declined: Gateway unavailable
94624,2026-01-16,15:24:12,ERROR,WebServer,Payment declined: Gateway unavailable,E503,Payment declined: Gateway unavailable
94625,2026-01-16,15:42:48,CRITICAL,OrderProcessor,KERNEL PANIC: Node node-4 crashed,E601,KERNEL PANIC: Node {node} crashed
94626,2026-01-16,15:22:57,WARN,OrderProcessor,Disk usage > 85% on node node-3,E202,Disk usage > 85% on node {node}
94627,2026-01-16,15:23:25,ERROR,OrderProcessor,Timeout waiting for lock on InventoryDB,E502,Timeout waiting for lock on {db}
94628,2026-01-16,15:37:23,INFO,PaymentGateway,User u3901 login successful,E101,User {user} login successful
94629,2026-01-16,15:05:36,ERROR,WebServer,Payment declined: Gateway unavailable,E503,Payment declined: Gateway unavailable
94630,2026-01-16,15:20:53,INFO,OrderProcessor,Transaction tx774194 completed in 1268ms,E104,Transaction {tx} completed in {time}ms
94631,2026-01-16,15:39:17,INFO,AuthService,Health check passed: AuthService,E102,Health check passed: {service}
94632,2026-01-16,15:13:22,ERROR,InventoryDB,Timeout waiting for lock on InventoryDB,E502,Timeout waiting for lock on {db}
94633,2026-01-16,15:16:49,ERROR,PaymentGateway,Connection refused to PaymentGateway at 10.0.0.10,E501,Connection refused to {service} at {ip}
94634,2026-01-16,15:46:42,WARN,PaymentGateway,Unauthorized access attempt from 10.0.0.45,E401,Unauthorized access attempt from {ip}
94635,2026-01-16,15:26:06,WARN,AuthService,High latency (32ms) detected on AuthService,E201,High latency ({time}ms) detected on {service}
94636,2026-01-16,15:29:16,INFO,PaymentGateway,Health check passed: PaymentGateway,E102,Health check passed: {service}
94637,2026-01-16,15:04:34,ERROR,PaymentGateway,Payment declined: Gateway unavailable,E503,Payment declined: Gateway unavailable
94638,2026-01-16,15:59:28,WARN,WebServer,Unauthorized access attempt from 10.0.0.45,E401,Unauthorized access attempt from {ip}
94639,2026-01-16,15:47:10,INFO,AuthService,User u1144 login successful,E101,User {user} login successful
94640,2026-01-16,15:51:29,WARN,AuthService,Unauthorized access attempt from 10.0.0.45,E401,Unauthorized access attempt from {ip}
94641,2026-01-16,15:33:49,CRITICAL,AuthService,KERNEL PANIC: Node node-4 crashed,E601,KERNEL PANIC: Node {node} crashed
94642,2026-01-16,15:59:22,INFO,WebServer,Page view: /home by u3731,E103,Page view: {page} by {user}
94643,2026-01-16,15:13:39,ERROR,OrderProcessor,Payment declined: Gateway unavailable,E503,Payment declined: Gateway unavailable
94644,2026-01-16,15:07:20,INFO,WebServer,User u4695 login successful,E101,User {user} login successful
94645,2026-01-16,15:27:05,ERROR,OrderProcessor,Payment declined: Gateway unavailable,E503,Payment declined: Gateway unavailable
94646,2026-01-16,15:15:59,INFO,WebServer,Health check passed: WebServer,E102,Health check passed: {service}
94647,2026-01-16,15:49:50,CRITICAL,OrderProcessor,DATA CORRUPTION detected in sector 706,E602,DATA CORRUPTION detected in sector {sector}
94648,2026-01-16,15:00:24,WARN,WebServer,High latency (1154ms) detected on WebServer,E201,High latency ({time}ms) detected on {service}
94649,2026-01-16,15:29:03,INFO,WebServer,Transaction tx593581 completed in 1112ms,E104,Transaction {tx} completed in {time}ms
94650,2026-01-16,15:58:35,ERROR,AuthService,Connection refused to AuthService at 10.0.0.45,E501,Connection refused to {service} at {ip}
94651,2026-01-16,15:08:14,INFO,OrderProcessor,Page view: /home by u3720,E103,Page view: {page} by {user}
94652,2026-01-16,15:25:34,ERROR,OrderProcessor,Payment declined: Gateway unavailable,E503,Payment declined: Gateway unavailable
94653,2026-01-16,15:24:40,ERROR,WebServer,Timeout waiting for lock on InventoryDB,E502,Timeout waiting for lock on {db}
94654,2026-01-16,15:09:21,ERROR,OrderProcessor,Connection refused to OrderProcessor at 10.0.0.45,E501,Connection refused to {service} at {ip}
94655,2026-01-16,15:09:11,ERROR,WebServer,Payment declined: Gateway unavailable,E503,Payment declined: Gateway unavailable
94656,2026-01-16,15:36:15,INFO,WebServer,Page view: /home by u3296,E103,Page view: {page} by {user}
94657,2026-01-16,15:00:28,ERROR,OrderProcessor,Payment declined: Gateway unavailable,E503,Payment declined: Gateway unavailable
94658,2026-01-16,15:06:31,CRITICAL,InventoryDB,DATA CORRUPTION detected in sector 782,E602,DATA CORRUPTION detected in sector {sector}
94659,2026-01-16,15:08:20,INFO,AuthService,Page view: /home by u2130,E103,Page view: {page} by {user}
94660,2026-01-16,15:47:57,ERROR,WebServer,Payment declined: Gateway unavailable,E503,Payment declined: Gateway unavailable
94661,2026-01-16,15:02:03,INFO,WebServer,User u1293 login successful,E101,User {user} login successful
94662,2026-01-16,15:25:10,WARN,InventoryDB,High latency (429ms) detected on InventoryDB,E201,High latency ({time}ms) detected on {service}
94663,2026-01-16,15:50:07,ERROR,OrderProcessor,Timeout waiting for lock on InventoryDB,E502,Timeout waiting for lock on {db}
94664,2026-01-16,15:24:40,WARN,WebServer,Disk usage > 85% on node node-4,E202,Disk usage > 85% on node {node}
94665,2026-01-16,15:29:18,WARN,WebServer,High latency (165ms) detected on WebServer,E201,High latency ({time}ms) detected on {service}
94666,2026-01-16,15:16:07,INFO,OrderProcessor,Health check passed: OrderProcessor,E102,Health check passed: {service}
94667,2026-01-16,15:56:28,INFO,WebServer,Transaction tx714098 completed in 238ms,E104,Transaction {tx} completed in {time}ms
94668,2026-01-16,15:03:17,ERROR,OrderProcessor,Timeout waiting for lock on InventoryDB,E502,Timeout waiting for lock on {db}
94669,2026-01-16,15:53:40,WARN,AuthService,High latency (1120ms) detected on AuthService,E201,High latency ({time}ms) detected on {service}
94670,2026-01-16,15:36:07,WARN,WebServer,High latency (1734ms) detected on WebServer,E201,High latency ({time}ms) detected on {service}
94671,2026-01-16,15:48:04,ERROR,WebServer,Payment declined: Gateway unavailable,E503,Payment declined: Gateway unavailable
94672,2026-01-16,15:54:05,WARN,WebServer,Unauthorized access attempt from 10.0.0.45,E401,Unauthorized access attempt from {ip}
94673,2026-01-16,15:07:55,INFO,AuthService,Transaction tx819091 completed in 812ms,E104,Transaction {tx} completed in {time}ms
94674,2026-01-16,15:23:13,INFO,OrderProcessor,Health check passed: OrderProcessor,E102,Health check passed: {service}
94675,2026-01-16,15:17:57,ERROR,OrderProcessor,Payment declined: Gateway unavailable,E503,Payment declined: Gateway unavailable
94676,2026-01-16,15:12:42,ERROR,WebServer,Connection refused to WebServer at 10.0.0.45,E501,Connection refused to {service} at {ip}
94677,2026-01-16,15:57:25,ERROR,WebServer,Timeout waiting for lock on InventoryDB,E502,Timeout waiting for lock on {db}
94678,2026-01-16,15:05:44,ERROR,WebServer,Payment declined: Gateway unavailable,E503,Payment declined: Gateway unavailable
94679,2026-01-16,15:45:10,CRITICAL,OrderProcessor,DATA CORRUPTION detected in sector 590,E602,DATA CORRUPTION detected in sector {sector}
94680,2026-01-16,15:51:54,INFO,OrderProcessor,Health check passed: OrderProcessor,E102,Health check passed: {service}
94681,2026-01-16,15:28:06,CRITICAL,WebServer,DATA CORRUPTION detected in sector 992,E602,DATA CORRUPTION detected in sector {sector}
94682,2026-01-16,15:33:17,ERROR,WebServer,Timeout waiting for lock on InventoryDB,E502,Timeout waiting for lock on {db}
94683,2026-01-16,15:54:01,INFO,WebServer,User u2045 login successful,E101,User {user} login successful
94684,2026-01-16,15:38:35,WARN,WebServer,Unauthorized access attempt from 10.0.0.45,E401,Unauthorized access attempt from {ip}
94685,2026-01-16,15:52:41,WARN,WebServer,Disk usage > 85% on node node-1,E202,Disk usage > 85% on node {node}
94686,2026-01-16,15:43:07,INFO,AuthService,Transaction tx635990 completed in 1540ms,E104,Transaction {tx} completed in {time}ms
94687,2026-01-16,15:56:35,WARN,WebServer,High latency (1315ms) detected on WebServer,E201,High latency ({time}ms) detected on {service}
94688,2026-01-16,15:32:20,ERROR,PaymentGateway,Timeout waiting for lock on InventoryDB,E502,Timeout waiting for lock on {db}
94689,2026-01-16,15:52:54,CRITICAL,PaymentGateway,KERNEL PANIC: Node node-3 crashed,E601,KERNEL PANIC: Node {node} crashed
94690,2026-01-16,15:37:57,ERROR,InventoryDB,Payment declined: Gateway unavailable,E503,Payment declined: Gateway unavailable
94691,2026-01-16,15:50:03,ERROR,WebServer,Payment declined: Gateway unavailable,E503,Payment declined: Gateway unavailable
94692,2026-01-16,15:12:41,ERROR,WebServer,Timeout waiting for lock on InventoryDB,E502,Timeout waiting for lock on {db}
94693,2026-01-16,15:46:52,WARN,AuthService,Disk usage > 85% on node node-2,E202,Disk usage > 85% on node {node}
94694,2026-01-16,15:31:10,INFO,AuthService,Page view: /home by u3680,E103,Page view: {page} by {user}
94695,2026-01-16,15:04:31,ERROR,WebServer,Payment declined: Gateway unavailable,E503,Payment declined: Gateway unavailable
94696,2026-01-16,15:31:49,ERROR,AuthService,Payment declined: Gateway unavailable,E503,Payment declined: Gateway unavailable
94697,2026-01-16,15:09:00,WARN,AuthService,Unauthorized access attempt from 10.0.0.12,E401,Unauthorized access attempt from {ip}
94698,2026-01-16,15:04:35,CRITICAL,AuthService,KERNEL PANIC: Node node-3 crashed,E601,KERNEL PANIC: Node {node} crashed
94699,2026-01-16,15:39:29,ERROR,WebServer,Timeout waiting for lock on InventoryDB,E502,Timeout waiting for lock on {db}
94700,2026-01-16,15:32:04,ERROR,WebServer,Payment declined: Gateway unavailable,E503,Payment declined: Gateway unavailable
94701,2026-01-16,15:44:44,CRITICAL,PaymentGateway,KERNEL PANIC: Node node-5 crashed,E601,KERNEL PANIC: Node {node} crashed
94702,2026-01-16,15:11:40,CRITICAL,WebServer,DATA CORRUPTION detected in sector 441,E602,DATA CORRUPTION detected in sector {sector}
94703,2026-01-16,15:10:35,ERROR,OrderProcessor,Timeout waiting for lock on InventoryDB,E502,Timeout waiting for lock on {db}
94704,2026-01-16,15:45:10,INFO,AuthService,Transaction tx568986 completed in 882ms,E104,Transaction {tx} completed in {time}ms
94705,2026-01-16,15:46:37,ERROR,WebServer,Payment declined: Gateway unavailable,E503,Payment declined: Gateway unavailable
94706,2026-01-16,15:57:46,ERROR,WebServer,Connection refused to WebServer at 10.0.0.45,E501,Connection refused to {service} at {ip}
94707,2026-01-16,15:26:35,INFO,WebServer,User u2141 login successful,E101,User {user} login successful
94708,2026-01-16,15:14:58,ERROR,AuthService,Payment declined: Gateway unavailable,E503,Payment declined: Gateway unavailable
94709,2026-01-16,15:10:21,ERROR,OrderProcessor,Payment declined: Gateway unavailable,E503,Payment declined: Gateway unavailable
94710,2026-01-16,15:50:13,ERROR,WebServer,Payment declined: Gateway unavailable,E503,Payment declined: Gateway unavailable
94711,2026-01-16,15:39:24,ERROR,WebServer,Timeout waiting for lock on InventoryDB,E502,Timeout waiting for lock on {db}
94712,2026-01-16,15:13:42,ERROR,AuthService,Connection refused to AuthService at 10.0.0.45,E501,Connection refused to {service} at {ip}
94713,2026-01-16,15:11:44,CRITICAL,WebServer,DATA CORRUPTION detected in sector 481,E602,DATA CORRUPTION detected in sector {sector}
94714,2026-01-16,15:53:42,WARN,OrderProcessor,High latency (1012ms) detected on OrderProcessor,E201,High latency ({time}ms) detected on {service}
94715,2026-01-16,15:41:00,ERROR,AuthService,Connection refused to AuthService at 10.0.0.45,E501,Connection refused to {service} at {ip}
94716,2026-01-16,15:23:41,WARN,AuthService,Unauthorized access attempt from 10.0.0.45,E401,Unauthorized access attempt from {ip}
94717,2026-01-16,15:45:27,ERROR,WebServer,Connection refused to WebServer at 10.0.0.12,E501,Connection refused to {service} at {ip}
94718,2026-01-16,15:19:09,CRITICAL,WebServer,DATA CORRUPTION detected in sector 768,E602,DATA CORRUPTION detected in sector {sector}
94719,2026-01-16,15:45:01,ERROR,WebServer,Connection refused to WebServer at 10.0.0.88,E501,Connection refused to {service} at {ip}
94720,2026-01-16,15:17:15,WARN,OrderProcessor,Unauthorized access attempt from 10.0.0.45,E401,Unauthorized access attempt from {ip}
94721,2026-01-16,15:46:11,INFO,InventoryDB,Page view: /home by u2128,E103,Page view: {page} by {user}
94722,2026-01-16,15:34:08,WARN,OrderProcessor,Unauthorized access attempt from 10.0.0.12,E401,Unauthorized access attempt from {ip}
94723,2026-01-16,15:18:01,INFO,OrderProcessor,User u3554 login successful,E101,User {user} login successful
94724,2026-01-16,15:03:03,ERROR,WebServer,Connection refused to WebServer at 10.0.0.88,E501,Connection refused to {service} at {ip}
94725,2026-01-16,15:35:31,INFO,WebServer,Health check passed: WebServer,E102,Health check passed: {service}
94726,2026-01-16,15:53:58,ERROR,WebServer,Connection refused to WebServer at 10.0.0.12,E501,Connection refused to {service} at {ip}
94727,2026-01-16,15:38:02,INFO,AuthService,Health check passed: AuthService,E102,Health check passed: {service}
94728,2026-01-16,15:56:13,CRITICAL,OrderProcessor,DATA CORRUPTION detected in sector 179,E602,DATA CORRUPTION detected in sector {sector}
94729,2026-01-16,15:07:56,INFO,WebServer,Transaction tx360394 completed in 755ms,E104,Transaction {tx} completed in {time}ms
94730,2026-01-16,15:35:36,WARN,WebServer,Disk usage > 85% on node node-2,E202,Disk usage > 85% on node {node}
94731,2026-01-16,15:11:27,INFO,AuthService,Health check passed: AuthService,E102,Health check passed: {service}
94732,2026-01-16,15:10:30,ERROR,InventoryDB,Connection refused to InventoryDB at 10.0.0.45,E501,Connection refused to {service} at {ip}
94733,2026-01-16,15:01:10,WARN,AuthService,Disk usage > 85% on node node-5,E202,Disk usage > 85% on node {node}
94734,2026-01-16,15:03:17,ERROR,WebServer,Timeout waiting for lock on InventoryDB,E502,Timeout waiting for lock on {db}
94735,2026-01-16,15:47:18,WARN,PaymentGateway,Unauthorized access attempt from 10.0.0.45,E401,Unauthorized access attempt from {ip}
94736,2026-01-16,15:52:13,INFO,OrderProcessor,Transaction tx795043 completed in 576ms,E104,Transaction {tx} completed in {time}ms
94737,2026-01-16,15:03:45,INFO,WebServer,Transaction tx633079 completed in 1107ms,E104,Transaction {tx} completed in {time}ms
94738,2026-01-16,15:51:16,WARN,WebServer,High latency (341ms) detected on WebServer,E201,High latency ({time}ms) detected on {service}
94739,2026-01-16,15:27:29,INFO,WebServer,User u2407 login successful,E101,User {user} login successful
94740,2026-01-16,15:58:19,ERROR,AuthService,Connection refused to AuthService at 10.0.0.45,E501,Connection refused to {service} at {ip}
94741,2026-01-16,15:55:55,ERROR,OrderProcessor,Timeout waiting for lock on InventoryDB,E502,Timeout waiting for lock on {db}
94742,2026-01-16,15:31:10,ERROR,OrderProcessor,Timeout waiting for lock on InventoryDB,E502,Timeout waiting for lock on {db}
94743,2026-01-16,15:41:23,INFO,WebServer,User u4003 login successful,E101,User {user} login successful
94744,2026-01-16,15:25:02,INFO,WebServer,User u2423 login successful,E101,User {user} login successful
94745,2026-01-16,15:28:22,ERROR,WebServer,Payment declined: Gateway unavailable,E503,Payment declined: Gateway unavailable
94746,2026-01-16,15:21:38,WARN,WebServer,Disk usage > 85% on node node-1,E202,Disk usage > 85% on node {node}
94747,2026-01-16,15:44:27,INFO,PaymentGateway,Health check passed: PaymentGateway,E102,Health check passed: {service}
94748,2026-01-16,15:36:39,ERROR,OrderProcessor,Timeout waiting for lock on InventoryDB,E502,Timeout waiting for lock on {db}
94749,2026-01-16,15:18:17,CRITICAL,WebServer,KERNEL PANIC: Node node-4 crashed,E601,KERNEL PANIC: Node {node} crashed
94750,2026-01-16,15:14:56,INFO,PaymentGateway,Transaction tx406418 completed in 836ms,E104,Transaction {tx} completed in {time}ms
94751,2026-01-16,15:02:27,ERROR,OrderProcessor,Connection refused to OrderProcessor at 192.168.1.5,E501,Connection refused to {service} at {ip}
94752,2026-01-16,15:28:48,CRITICAL,WebServer,DATA CORRUPTION detected in sector 799,E602,DATA CORRUPTION detected in sector {sector}
94753,2026-01-16,15:42:15,ERROR,WebServer,Payment declined: Gateway unavailable,E503,Payment declined: Gateway unavailable
94754,2026-01-16,15:23:13,INFO,AuthService,Health check passed: AuthService,E102,Health check passed: {service}
94755,2026-01-16,15:16:46,CRITICAL,InventoryDB,KERNEL PANIC: Node node-3 crashed,E601,KERNEL PANIC: Node {node} crashed
94756,2026-01-16,15:14:57,INFO,WebServer,Health check passed: WebServer,E102,Health check passed: {service}
94757,2026-01-16,15:33:47,ERROR,OrderProcessor,Payment declined: Gateway unavailable,E503,Payment declined: Gateway unavailable
94758,2026-01-16,15:18:38,INFO,InventoryDB,Page view: /home by u4241,E103,Page view: {page} by {user}
94759,2026-01-16,15:21:46,WARN,OrderProcessor,High latency (1815ms) detected on OrderProcessor,E201,High latency ({time}ms) detected on {service}
94760,2026-01-16,15:35:09,ERROR,OrderProcessor,Payment declined: Gateway unavailable,E503,Payment declined: Gateway unavailable
94761,2026-01-16,15:52:01,ERROR,AuthService,Payment declined: Gateway unavailable,E503,Payment declined: Gateway unavailable
94762,2026-01-16,15:01:27,ERROR,AuthService,Payment declined: Gateway unavailable,E503,Payment declined: Gateway unavailable
94763,2026-01-16,15:41:51,WARN,InventoryDB,Disk usage > 85% on node node-1,E202,Disk usage > 85% on node {node}
94764,2026-01-16,15:18:34,ERROR,WebServer,Timeout waiting for lock on InventoryDB,E502,Timeout waiting for lock on {db}
94765,2026-01-16,15:57:57,WARN,WebServer,Disk usage > 85% on node node-4,E202,Disk usage > 85% on node {node}
94766,2026-01-16,15:46:14,WARN,AuthService,High latency (833ms) detected on AuthService,E201,High latency ({time}ms) detected on {service}
94767,2026-01-16,15:36:38,CRITICAL,PaymentGateway,DATA CORRUPTION detected in sector 946,E602,DATA CORRUPTION detected in sector {sector}
94768,2026-01-16,15:31:01,CRITICAL,WebServer,KERNEL PANIC: Node node-5 crashed,E601,KERNEL PANIC: Node {node} crashed
94769,2026-01-16,15:32:55,ERROR,AuthService,Timeout waiting for lock on InventoryDB,E502,Timeout waiting for lock on {db}
94770,2026-01-16,15:02:36,INFO,AuthService,Page view: /home by u2500,E103,Page view: {page} by {user}
94771,2026-01-16,15:33:55,WARN,AuthService,High latency (631ms) detected on AuthService,E201,High latency ({time}ms) detected on {service}
94772,2026-01-16,15:42:20,WARN,WebServer,Disk usage > 85% on node node-3,E202,Disk usage > 85% on node {node}
94773,2026-01-16,15:21:14,ERROR,WebServer,Timeout waiting for lock on InventoryDB,E502,Timeout waiting for lock on {db}
94774,2026-01-16,15:18:38,CRITICAL,AuthService,KERNEL PANIC: Node node-5 crashed,E601,KERNEL PANIC: Node {node} crashed
94775,2026-01-16,15:17:46,ERROR,AuthService,Timeout waiting for lock on InventoryDB,E502,Timeout waiting for lock on {db}
94776,2026-01-16,15:47:56,INFO,WebServer,User u4300 login successful,E101,User {user} login successful
94777,2026-01-16,15:50:00,INFO,PaymentGateway,Page view: /home by u1333,E103,Page view: {page} by {user}
94778,2026-01-16,15:54:04,WARN,AuthService,High latency (850ms) detected on AuthService,E201,High latency ({time}ms) detected on {service}
94779,2026-01-16,15:46:43,ERROR,OrderProcessor,Connection refused to OrderProcessor at 10.0.0.12,E501,Connection refused to {service} at {ip}
94780,2026-01-16,15:48:16,ERROR,WebServer,Payment declined: Gateway unavailable,E503,Payment declined: Gateway unavailable
94781,2026-01-16,15:42:20,ERROR,OrderProcessor,Connection refused to OrderProcessor at 10.0.0.45,E501,Connection refused to {service} at {ip}
94782,2026-01-16,15:00:14,CRITICAL,WebServer,KERNEL PANIC: Node node-3 crashed,E601,KERNEL PANIC: Node {node} crashed
94783,2026-01-16,15:17:13,WARN,OrderProcessor,Disk usage > 85% on node node-2,E202,Disk usage > 85% on node {node}
94784,2026-01-16,15:04:47,WARN,WebServer,Unauthorized access attempt from 10.0.0.45,E401,Unauthorized access attempt from {ip}
94785,2026-01-16,15:16:35,ERROR,OrderProcessor,Timeout waiting for lock on InventoryDB,E502,Timeout waiting for lock on {db}
94786,2026-01-16,15:42:52,WARN,OrderProcessor,High latency (1059ms) detected on OrderProcessor,E201,High latency ({time}ms) detected on {service}
94787,2026-01-16,15:59:28,CRITICAL,OrderProcessor,KERNEL PANIC: Node node-4 crashed,E601,KERNEL PANIC: Node {node} crashed
94788,2026-01-16,15:55:39,WARN,WebServer,Unauthorized access attempt from 10.0.0.45,E401,Unauthorized access attempt from {ip}
94789,2026-01-16,15:55:39,ERROR,WebServer,Timeout waiting for lock on InventoryDB,E502,Timeout waiting for lock on {db}
94790,2026-01-16,15:50:25,ERROR,AuthService,Connection refused to AuthService at 10.0.0.88,E501,Connection refused to {service} at {ip}
94791,2026-01-16,15:02:32,ERROR,WebServer,Timeout waiting for lock on InventoryDB,E502,Timeout waiting for lock on {db}
94792,2026-01-16,15:31:25,INFO,WebServer,User u1410 login successful,E101,User {user} login successful
94793,2026-01-16,15:43:06,CRITICAL,WebServer,DATA CORRUPTION detected in sector 768,E602,DATA CORRUPTION detected in sector {sector}
94794,2026-01-16,15:15:29,ERROR,OrderProcessor,Timeout waiting for lock on InventoryDB,E502,Timeout waiting for lock on {db}
94795,2026-01-16,15:14:09,ERROR,PaymentGateway,Payment declined: Gateway unavailable,E503,Payment declined: Gateway unavailable
94796,2026-01-16,15:38:51,WARN,InventoryDB,Disk usage > 85% on node node-4,E202,Disk usage > 85% on node {node}
94797,2026-01-16,15:57:59,INFO,InventoryDB,Page view: /home by u3496,E103,Page view: {page} by {user}
94798,2026-01-16,15:18:50,WARN,WebServer,High latency (288ms) detected on WebServer,E201,High latency ({time}ms) detected on {service}
94799,2026-01-16,15:46:26,ERROR,WebServer,Connection refused to WebServer at 10.0.0.12,E501,Connection refused to {service} at {ip}
94800,2026-01-16,15:23:44,INFO,WebServer,Health check passed: WebServer,E102,Health check passed: {service}
94801,2026-01-16,15:45:40,INFO,AuthService,Transaction tx349461 completed in 321ms,E104,Transaction {tx} completed in {time}ms
94802,2026-01-16,15:48:26,INFO,WebServer,Page view: /home by u1631,E103,Page view: {page} by {user}
94803,2026-01-16,15:00:25,CRITICAL,AuthService,KERNEL PANIC: Node node-3 crashed,E601,KERNEL PANIC: Node {node} crashed
94804,2026-01-16,15:51:29,WARN,WebServer,High latency (1999ms) detected on WebServer,E201,High latency ({time}ms) detected on {service}
94805,2026-01-16,15:37:38,INFO,WebServer,Transaction tx464232 completed in 297ms,E104,Transaction {tx} completed in {time}ms
94806,2026-01-16,15:03:09,ERROR,WebServer,Connection refused to WebServer at 10.0.0.45,E501,Connection refused to {service} at {ip}
94807,2026-01-16,15:47:22,ERROR,PaymentGateway,Payment declined: Gateway unavailable,E503,Payment declined: Gateway unavailable
94808,2026-01-16,15:07:20,ERROR,InventoryDB,Timeout waiting for lock on InventoryDB,E502,Timeout waiting for lock on {db}
94809,2026-01-16,15:56:51,WARN,OrderProcessor,High latency (856ms) detected on OrderProcessor,E201,High latency ({time}ms) detected on {service}
94810,2026-01-16,15:08:13,ERROR,WebServer,Payment declined: Gateway unavailable,E503,Payment declined: Gateway unavailable
94811,2026-01-16,15:12:00,ERROR,AuthService,Payment declined: Gateway unavailable,E503,Payment declined: Gateway unavailable
94812,2026-01-16,15:02:28,WARN,WebServer,High latency (43ms) detected on WebServer,E201,High latency ({time}ms) detected on {service}
94813,2026-01-16,15:53:12,ERROR,WebServer,Connection refused to WebServer at 10.0.0.45,E501,Connection refused to {service} at {ip}
94814,2026-01-16,15:26:21,ERROR,WebServer,Payment declined: Gateway unavailable,E503,Payment declined: Gateway unavailable
94815,2026-01-16,15:48:46,ERROR,OrderProcessor,Timeout waiting for lock on InventoryDB,E502,Timeout waiting for lock on {db}
94816,2026-01-16,15:16:34,ERROR,WebServer,Payment declined: Gateway unavailable,E503,Payment declined: Gateway unavailable
94817,2026-01-16,15:33:29,ERROR,WebServer,Connection refused to WebServer at 10.0.0.12,E501,Connection refused to {service} at {ip}
94818,2026-01-16,15:35:37,INFO,WebServer,Transaction tx535501 completed in 646ms,E104,Transaction {tx} completed in {time}ms
94819,2026-01-16,15:56:21,INFO,WebServer,User u2958 login successful,E101,User {user} login successful
94820,2026-01-16,15:07:46,ERROR,WebServer,Connection refused to WebServer at 10.0.0.12,E501,Connection refused to {service} at {ip}
94821,2026-01-16,15:26:12,ERROR,OrderProcessor,Connection refused to OrderProcessor at 10.0.0.12,E501,Connection refused to {service} at {ip}
94822,2026-01-16,15:32:19,INFO,AuthService,Page view: /home by u4492,E103,Page view: {page} by {user}
94823,2026-01-16,15:44:04,ERROR,WebServer,Connection refused to WebServer at 10.0.0.99,E501,Connection refused to {service} at {ip}
94824,2026-01-16,15:21:58,WARN,WebServer,Unauthorized access attempt from 10.0.0.45,E401,Unauthorized access attempt from {ip}
94825,2026-01-16,15:07:49,INFO,OrderProcessor,User u3565 login successful,E101,User {user} login successful
94826,2026-01-16,15:39:38,CRITICAL,AuthService,KERNEL PANIC: Node node-5 crashed,E601,KERNEL PANIC: Node {node} crashed
94827,2026-01-16,15:34:59,WARN,AuthService,High latency (1189ms) detected on AuthService,E201,High latency ({time}ms) detected on {service}
94828,2026-01-16,15:13:18,INFO,WebServer,User u3784 login successful,E101,User {user} login successful
94829,2026-01-16,15:39:16,INFO,WebServer,Transaction tx307498 completed in 1993ms,E104,Transaction {tx} completed in {time}ms
94830,2026-01-16,15:16:32,ERROR,WebServer,Connection refused to WebServer at 10.0.0.45,E501,Connection refused to {service} at {ip}
94831,2026-01-16,15:57:28,INFO,WebServer,Transaction tx785575 completed in 321ms,E104,Transaction {tx} completed in {time}ms
94832,2026-01-16,15:29:31,ERROR,PaymentGateway,Connection refused to PaymentGateway at 10.0.0.45,E501,Connection refused to {service} at {ip}
94833,2026-01-16,15:11:28,ERROR,AuthService,Connection refused to AuthService at 10.0.0.45,E501,Connection refused to {service} at {ip}
94834,2026-01-16,15:02:41,WARN,WebServer,High latency (634ms) detected on WebServer,E201,High latency ({time}ms) detected on {service}
94835,2026-01-16,15:34:46,ERROR,AuthService,Timeout waiting for lock on InventoryDB,E502,Timeout waiting for lock on {db}
94836,2026-01-16,15:16:35,INFO,WebServer,Transaction tx713334 completed in 1344ms,E104,Transaction {tx} completed in {time}ms
94837,2026-01-16,15:22:15,WARN,PaymentGateway,Unauthorized access attempt from 10.0.0.45,E401,Unauthorized access attempt from {ip}
94838,2026-01-16,15:03:31,INFO,AuthService,Page view: /home by u1184,E103,Page view: {page} by {user}
94839,2026-01-16,15:00:03,ERROR,AuthService,Connection refused to AuthService at 10.0.0.45,E501,Connection refused to {service} at {ip}
94840,2026-01-16,15:12:25,INFO,InventoryDB,User u4579 login successful,E101,User {user} login successful
94841,2026-01-16,15:05:29,WARN,AuthService,Disk usage > 85% on node node-1,E202,Disk usage > 85% on node {node}
94842,2026-01-16,15:36:25,ERROR,AuthService,Payment declined: Gateway unavailable,E503,Payment declined: Gateway unavailable
94843,2026-01-16,15:41:28,INFO,PaymentGateway,Page view: /home by u1210,E103,Page view: {page} by {user}
94844,2026-01-16,15:04:45,INFO,OrderProcessor,Transaction tx740527 completed in 1524ms,E104,Transaction {tx} completed in {time}ms
94845,2026-01-16,15:51:55,INFO,WebServer,Transaction tx978377 completed in 1754ms,E104,Transaction {tx} completed in {time}ms
94846,2026-01-16,15:33:33,WARN,WebServer,Unauthorized access attempt from 10.0.0.45,E401,Unauthorized access attempt from {ip}
94847,2026-01-16,15:04:29,INFO,WebServer,Health check passed: WebServer,E102,Health check passed: {service}
94848,2026-01-16,15:14:24,ERROR,WebServer,Timeout waiting for lock on InventoryDB,E502,Timeout waiting for lock on {db}
94849,2026-01-16,15:10:16,WARN,PaymentGateway,Unauthorized access attempt from 10.0.0.45,E401,Unauthorized access attempt from {ip}
94850,2026-01-16,15:18:49,CRITICAL,AuthService,KERNEL PANIC: Node node-5 crashed,E601,KERNEL PANIC: Node {node} crashed
94851,2026-01-16,15:14:14,ERROR,AuthService,Timeout waiting for lock on InventoryDB,E502,Timeout waiting for lock on {db}
94852,2026-01-16,15:17:48,INFO,WebServer,Page view: /home by u1450,E103,Page view: {page} by {user}
94853,2026-01-16,15:33:47,ERROR,WebServer,Connection refused to WebServer at 10.0.0.45,E501,Connection refused to {service} at {ip}
94854,2026-01-16,15:30:30,ERROR,AuthService,Timeout waiting for lock on InventoryDB,E502,Timeout waiting for lock on {db}
94855,2026-01-16,15:50:01,WARN,InventoryDB,Unauthorized access attempt from 10.0.0.99,E401,Unauthorized access attempt from {ip}
94856,2026-01-16,15:34:30,WARN,WebServer,Disk usage > 85% on node node-5,E202,Disk usage > 85% on node {node}
94857,2026-01-16,15:30:31,CRITICAL,AuthService,DATA CORRUPTION detected in sector 206,E602,DATA CORRUPTION detected in sector {sector}
94858,2026-01-16,15:29:50,WARN,WebServer,Unauthorized access attempt from 10.0.0.45,E401,Unauthorized access attempt from {ip}
94859,2026-01-16,15:04:36,INFO,OrderProcessor,User u3445 login successful,E101,User {user} login successful
94860,2026-01-16,15:50:22,WARN,WebServer,Disk usage > 85% on node node-3,E202,Disk usage > 85% on node {node}
94861,2026-01-16,15:40:25,ERROR,WebServer,Payment declined: Gateway unavailable,E503,Payment declined: Gateway unavailable
94862,2026-01-16,15:04:56,ERROR,WebServer,Payment declined: Gateway unavailable,E503,Payment declined: Gateway unavailable
94863,2026-01-16,15:36:14,ERROR,WebServer,Timeout waiting for lock on InventoryDB,E502,Timeout waiting for lock on {db}
94864,2026-01-16,15:45:02,INFO,AuthService,User u1181 login successful,E101,User {user} login successful
94865,2026-01-16,15:41:28,ERROR,AuthService,Payment declined: Gateway unavailable,E503,Payment declined: Gateway unavailable
94866,2026-01-16,15:44:52,INFO,WebServer,User u2673 login successful,E101,User {user} login successful
94867,2026-01-16,15:48:01,WARN,PaymentGateway,Disk usage > 85% on node node-3,E202,Disk usage > 85% on node {node}
94868,2026-01-16,15:40:28,INFO,WebServer,Page view: /home by u3626,E103,Page view: {page} by {user}
94869,2026-01-16,15:23:48,INFO,WebServer,Health check passed: WebServer,E102,Health check passed: {service}
94870,2026-01-16,15:04:48,INFO,WebServer,User u4628 login successful,E101,User {user} login successful
94871,2026-01-16,15:52:02,ERROR,WebServer,Timeout waiting for lock on InventoryDB,E502,Timeout waiting for lock on {db}
94872,2026-01-16,15:51:32,WARN,InventoryDB,High latency (606ms) detected on InventoryDB,E201,High latency ({time}ms) detected on {service}
94873,2026-01-16,15:37:34,INFO,OrderProcessor,Health check passed: OrderProcessor,E102,Health check passed: {service}
94874,2026-01-16,15:05:02,WARN,AuthService,Unauthorized access attempt from 10.0.0.10,E401,Unauthorized access attempt from {ip}
94875,2026-01-16,15:45:43,WARN,OrderProcessor,Unauthorized access attempt from 10.0.0.12,E401,Unauthorized access attempt from {ip}
94876,2026-01-16,15:48:46,ERROR,AuthService,Timeout waiting for lock on InventoryDB,E502,Timeout waiting for lock on {db}
94877,2026-01-16,15:35:36,ERROR,AuthService,Connection refused to AuthService at 10.0.0.99,E501,Connection refused to {service} at {ip}
94878,2026-01-16,15:35:54,ERROR,WebServer,Payment declined: Gateway unavailable,E503,Payment declined: Gateway unavailable
94879,2026-01-16,15:10:16,ERROR,WebServer,Payment declined: Gateway unavailable,E503,Payment declined: Gateway unavailable
94880,2026-01-16,15:06:28,CRITICAL,WebServer,KERNEL PANIC: Node node-2 crashed,E601,KERNEL PANIC: Node {node} crashed
94881,2026-01-16,15:10:05,INFO,WebServer,User u3351 login successful,E101,User {user} login successful
94882,2026-01-16,15:11:43,WARN,WebServer,High latency (655ms) detected on WebServer,E201,High latency ({time}ms) detected on {service}
94883,2026-01-16,15:53:42,INFO,AuthService,Page view: /home by u4876,E103,Page view: {page} by {user}
94884,2026-01-16,15:21:45,WARN,AuthService,Disk usage > 85% on node node-3,E202,Disk usage > 85% on node {node}
94885,2026-01-16,15:47:38,ERROR,WebServer,Connection refused to WebServer at 10.0.0.45,E501,Connection refused to {service} at {ip}
94886,2026-01-16,15:43:15,WARN,PaymentGateway,Disk usage > 85% on node node-3,E202,Disk usage > 85% on node {node}
94887,2026-01-16,15:29:50,CRITICAL,WebServer,KERNEL PANIC: Node node-2 crashed,E601,KERNEL PANIC: Node {node} crashed
94888,2026-01-16,15:31:40,WARN,OrderProcessor,Disk usage > 85% on node node-4,E202,Disk usage > 85% on node {node}
94889,2026-01-16,15:34:40,WARN,WebServer,Disk usage > 85% on node node-4,E202,Disk usage > 85% on node {node}
94890,2026-01-16,15:58:20,ERROR,OrderProcessor,Connection refused to OrderProcessor at 10.0.0.12,E501,Connection refused to {service} at {ip}
94891,2026-01-16,15:32:53,WARN,WebServer,Disk usage > 85% on node node-3,E202,Disk usage > 85% on node {node}
94892,2026-01-16,15:11:14,WARN,WebServer,Disk usage > 85% on node node-2,E202,Disk usage > 85% on node {node}
94893,2026-01-16,15:22:31,ERROR,AuthService,Timeout waiting for lock on InventoryDB,E502,Timeout waiting for lock on {db}
94894,2026-01-16,15:56:42,ERROR,AuthService,Connection refused to AuthService at 10.0.0.88,E501,Connection refused to {service} at {ip}
94895,2026-01-16,15:02:24,ERROR,OrderProcessor,Timeout waiting for lock on InventoryDB,E502,Timeout waiting for lock on {db}
94896,2026-01-16,15:20:51,INFO,OrderProcessor,Page view: /home by u3556,E103,Page view: {page} by {user}
94897,2026-01-16,15:09:12,WARN,OrderProcessor,High latency (671ms) detected on OrderProcessor,E201,High latency ({time}ms) detected on {service}
94898,2026-01-16,15:55:26,ERROR,WebServer,Connection refused to WebServer at 10.0.0.12,E501,Connection refused to {service} at {ip}
94899,2026-01-16,15:00:02,WARN,PaymentGateway,High latency (1745ms) detected on PaymentGateway,E201,High latency ({time}ms) detected on {service}
94900,2026-01-16,15:23:16,ERROR,WebServer,Timeout waiting for lock on InventoryDB,E502,Timeout waiting for lock on {db}
94901,2026-01-16,15:05:19,CRITICAL,AuthService,DATA CORRUPTION detected in sector 785,E602,DATA CORRUPTION detected in sector {sector}
94902,2026-01-16,15:44:11,INFO,PaymentGateway,Health check passed: PaymentGateway,E102,Health check passed: {service}
94903,2026-01-16,15:36:58,INFO,OrderProcessor,Page view: /home by u3515,E103,Page view: {page} by {user}
94904,2026-01-16,15:30:09,INFO,WebServer,Health check passed: WebServer,E102,Health check passed: {service}
94905,2026-01-16,15:23:02,ERROR,WebServer,Timeout waiting for lock on InventoryDB,E502,Timeout waiting for lock on {db}
94906,2026-01-16,15:56:42,ERROR,OrderProcessor,Connection refused to OrderProcessor at 10.0.0.88,E501,Connection refused to {service} at {ip}
94907,2026-01-16,15:47:57,INFO,AuthService,Transaction tx150038 completed in 227ms,E104,Transaction {tx} completed in {time}ms
94908,2026-01-16,15:30:12,INFO,WebServer,Page view: /home by u4282,E103,Page view: {page} by {user}
94909,2026-01-16,15:18:45,INFO,InventoryDB,Transaction tx953263 completed in 114ms,E104,Transaction {tx} completed in {time}ms
94910,2026-01-16,15:14:23,INFO,WebServer,User u1226 login successful,E101,User {user} login successful
94911,2026-01-16,15:06:30,INFO,WebServer,Page view: /home by u2494,E103,Page view: {page} by {user}
94912,2026-01-16,15:22:39,ERROR,AuthService,Connection refused to AuthService at 10.0.0.45,E501,Connection refused to {service} at {ip}
94913,2026-01-16,15:10:45,INFO,AuthService,User u3053 login successful,E101,User {user} login successful
94914,2026-01-16,15:41:42,CRITICAL,WebServer,KERNEL PANIC: Node node-2 crashed,E601,KERNEL PANIC: Node {node} crashed
94915,2026-01-16,15:20:01,INFO,OrderProcessor,Page view: /home by u1297,E103,Page view: {page} by {user}
94916,2026-01-16,15:46:13,INFO,WebServer,Transaction tx361450 completed in 1497ms,E104,Transaction {tx} completed in {time}ms
94917,2026-01-16,15:33:26,ERROR,InventoryDB,Connection refused to InventoryDB at 10.0.0.45,E501,Connection refused to {service} at {ip}
94918,2026-01-16,15:46:06,WARN,OrderProcessor,Unauthorized access attempt from 10.0.0.10,E401,Unauthorized access attempt from {ip}
94919,2026-01-16,15:29:50,INFO,AuthService,Health check passed: AuthService,E102,Health check passed: {service}
94920,2026-01-16,15:24:24,WARN,WebServer,High latency (1544ms) detected on WebServer,E201,High latency ({time}ms) detected on {service}
94921,2026-01-16,15:58:31,WARN,WebServer,Disk usage > 85% on node node-4,E202,Disk usage > 85% on node {node}
94922,2026-01-16,15:38:17,INFO,WebServer,Transaction tx953935 completed in 308ms,E104,Transaction {tx} completed in {time}ms
94923,2026-01-16,15:07:23,ERROR,WebServer,Connection refused to WebServer at 10.0.0.45,E501,Connection refused to {service} at {ip}
94924,2026-01-16,15:43:23,CRITICAL,WebServer,DATA CORRUPTION detected in sector 225,E602,DATA CORRUPTION detected in sector {sector}
94925,2026-01-16,15:41:07,WARN,AuthService,High latency (1573ms) detected on AuthService,E201,High latency ({time}ms) detected on {service}
94926,2026-01-16,15:18:32,ERROR,WebServer,Payment declined: Gateway unavailable,E503,Payment declined: Gateway unavailable
94927,2026-01-16,15:38:20,WARN,WebServer,Disk usage > 85% on node node-4,E202,Disk usage > 85% on node {node}
94928,2026-01-16,15:31:43,WARN,PaymentGateway,Unauthorized access attempt from 10.0.0.45,E401,Unauthorized access attempt from {ip}
94929,2026-01-16,15:30:25,INFO,OrderProcessor,Transaction tx341327 completed in 1065ms,E104,Transaction {tx} completed in {time}ms
94930,2026-01-16,15:44:25,ERROR,PaymentGateway,Payment declined: Gateway unavailable,E503,Payment declined: Gateway unavailable
94931,2026-01-16,15:09:39,ERROR,WebServer,Connection refused to WebServer at 192.168.1.5,E501,Connection refused to {service} at {ip}
94932,2026-01-16,15:04:50,WARN,WebServer,Unauthorized access attempt from 10.0.0.88,E401,Unauthorized access attempt from {ip}
94933,2026-01-16,15:47:43,CRITICAL,PaymentGateway,DATA CORRUPTION detected in sector 208,E602,DATA CORRUPTION detected in sector {sector}
94934,2026-01-16,15:51:52,CRITICAL,WebServer,KERNEL PANIC: Node node-4 crashed,E601,KERNEL PANIC: Node {node} crashed
94935,2026-01-16,15:55:22,ERROR,WebServer,Timeout waiting for lock on InventoryDB,E502,Timeout waiting for lock on {db}
94936,2026-01-16,15:26:34,INFO,WebServer,Transaction tx760590 completed in 96ms,E104,Transaction {tx} completed in {time}ms
94937,2026-01-16,15:44:21,WARN,PaymentGateway,Disk usage > 85% on node node-2,E202,Disk usage > 85% on node {node}
94938,2026-01-16,15:03:51,WARN,AuthService,High latency (533ms) detected on AuthService,E201,High latency ({time}ms) detected on {service}
94939,2026-01-16,15:58:26,INFO,WebServer,Health check passed: WebServer,E102,Health check passed: {service}
94940,2026-01-16,15:05:39,ERROR,OrderProcessor,Timeout waiting for lock on InventoryDB,E502,Timeout waiting for lock on {db}
94941,2026-01-16,15:39:06,INFO,WebServer,Page view: /home by u2879,E103,Page view: {page} by {user}
94942,2026-01-16,15:29:17,INFO,OrderProcessor,Transaction tx716376 completed in 1230ms,E104,Transaction {tx} completed in {time}ms
94943,2026-01-16,15:51:47,INFO,OrderProcessor,User u2206 login successful,E101,User {user} login successful
94944,2026-01-16,15:48:34,INFO,OrderProcessor,User u4214 login successful,E101,User {user} login successful
94945,2026-01-16,15:50:23,ERROR,WebServer,Connection refused to WebServer at 10.0.0.45,E501,Connection refused to {service} at {ip}
94946,2026-01-16,15:35:00,ERROR,WebServer,Timeout waiting for lock on InventoryDB,E502,Timeout waiting for lock on {db}
94947,2026-01-16,15:04:48,ERROR,AuthService,Payment declined: Gateway unavailable,E503,Payment declined: Gateway unavailable
94948,2026-01-16,15:14:22,WARN,WebServer,Disk usage > 85% on node node-3,E202,Disk usage > 85% on node {node}
94949,2026-01-16,15:37:57,ERROR,AuthService,Timeout waiting for lock on InventoryDB,E502,Timeout waiting for lock on {db}
94950,2026-01-16,15:52:13,INFO,WebServer,Transaction tx289040 completed in 1209ms,E104,Transaction {tx} completed in {time}ms
94951,2026-01-16,15:54:48,INFO,AuthService,Page view: /home by u4823,E103,Page view: {page} by {user}
94952,2026-01-16,15:17:43,WARN,OrderProcessor,High latency (35ms) detected on OrderProcessor,E201,High latency ({time}ms) detected on {service}
94953,2026-01-16,15:47:07,INFO,WebServer,Page view: /home by u1768,E103,Page view: {page} by {user}
94954,2026-01-16,15:22:27,INFO,WebServer,User u1554 login successful,E101,User {user} login successful
94955,2026-01-16,15:30:08,INFO,WebServer,Transaction tx263161 completed in 606ms,E104,Transaction {tx} completed in {time}ms
94956,2026-01-16,15:57:44,INFO,WebServer,User u2695 login successful,E101,User {user} login successful
94957,2026-01-16,15:35:51,WARN,OrderProcessor,Unauthorized access attempt from 10.0.0.12,E401,Unauthorized access attempt from {ip}
94958,2026-01-16,15:07:18,INFO,WebServer,Health check passed: WebServer,E102,Health check passed: {service}
94959,2026-01-16,15:32:12,WARN,WebServer,Unauthorized access attempt from 10.0.0.10,E401,Unauthorized access attempt from {ip}
94960,2026-01-16,15:05:01,ERROR,WebServer,Connection refused to WebServer at 10.0.0.45,E501,Connection refused to {service} at {ip}
94961,2026-01-16,15:31:56,ERROR,AuthService,Connection refused to AuthService at 10.0.0.45,E501,Connection refused to {service} at {ip}
94962,2026-01-16,15:20:46,INFO,AuthService,Transaction tx830766 completed in 206ms,E104,Transaction {tx} completed in {time}ms
94963,2026-01-16,15:15:41,ERROR,AuthService,Timeout waiting for lock on InventoryDB,E502,Timeout waiting for lock on {db}
94964,2026-01-16,15:53:26,WARN,WebServer,Disk usage > 85% on node node-2,E202,Disk usage > 85% on node {node}
94965,2026-01-16,15:19:09,WARN,AuthService,Unauthorized access attempt from 10.0.0.45,E401,Unauthorized access attempt from {ip}
94966,2026-01-16,15:03:49,INFO,OrderProcessor,Health check passed: OrderProcessor,E102,Health check passed: {service}
94967,2026-01-16,15:31:12,CRITICAL,WebServer,KERNEL PANIC: Node node-1 crashed,E601,KERNEL PANIC: Node {node} crashed
94968,2026-01-16,15:52:27,INFO,WebServer,User u1619 login successful,E101,User {user} login successful
94969,2026-01-16,15:31:50,ERROR,WebServer,Payment declined: Gateway unavailable,E503,Payment declined: Gateway unavailable
94970,2026-01-16,15:01:35,WARN,WebServer,Disk usage > 85% on node node-5,E202,Disk usage > 85% on node {node}
94971,2026-01-16,15:44:43,WARN,InventoryDB,Unauthorized access attempt from 10.0.0.45,E401,Unauthorized access attempt from {ip}
94972,2026-01-16,15:47:50,WARN,OrderProcessor,Disk usage > 85% on node node-1,E202,Disk usage > 85% on node {node}
94973,2026-01-16,15:11:57,ERROR,WebServer,Connection refused to WebServer at 10.0.0.45,E501,Connection refused to {service} at {ip}
94974,2026-01-16,15:32:28,INFO,AuthService,Page view: /home by u4511,E103,Page view: {page} by {user}
94975,2026-01-16,15:05:26,ERROR,AuthService,Timeout waiting for lock on InventoryDB,E502,Timeout waiting for lock on {db}
94976,2026-01-16,15:49:41,CRITICAL,WebServer,DATA CORRUPTION detected in sector 106,E602,DATA CORRUPTION detected in sector {sector}
94977,2026-01-16,15:50:59,ERROR,WebServer,Payment declined: Gateway unavailable,E503,Payment declined: Gateway unavailable
94978,2026-01-16,15:18:00,WARN,AuthService,High latency (1511ms) detected on AuthService,E201,High latency ({time}ms) detected on {service}
94979,2026-01-16,15:43:14,CRITICAL,OrderProcessor,DATA CORRUPTION detected in sector 362,E602,DATA CORRUPTION detected in sector {sector}
94980,2026-01-16,15:52:07,ERROR,WebServer,Connection refused to WebServer at 192.168.1.5,E501,Connection refused to {service} at {ip}
94981,2026-01-16,15:25:01,ERROR,OrderProcessor,Connection refused to OrderProcessor at 10.0.0.99,E501,Connection refused to {service} at {ip}
94982,2026-01-16,15:36:34,CRITICAL,AuthService,DATA CORRUPTION detected in sector 671,E602,DATA CORRUPTION detected in sector {sector}
94983,2026-01-16,15:35:41,WARN,WebServer,High latency (1624ms) detected on WebServer,E201,High latency ({time}ms) detected on {service}
94984,2026-01-16,15:34:35,INFO,WebServer,Transaction tx335672 completed in 532ms,E104,Transaction {tx} completed in {time}ms
94985,2026-01-16,15:42:01,ERROR,WebServer,Connection refused to WebServer at 10.0.0.12,E501,Connection refused to {service} at {ip}
94986,2026-01-16,15:59:49,INFO,AuthService,Transaction tx329605 completed in 1095ms,E104,Transaction {tx} completed in {time}ms
94987,2026-01-16,15:11:32,ERROR,PaymentGateway,Payment declined: Gateway unavailable,E503,Payment declined: Gateway unavailable
94988,2026-01-16,15:53:51,WARN,WebServer,Unauthorized access attempt from 10.0.0.45,E401,Unauthorized access attempt from {ip}
94989,2026-01-16,15:17:40,ERROR,OrderProcessor,Timeout waiting for lock on InventoryDB,E502,Timeout waiting for lock on {db}
94990,2026-01-16,15:22:30,INFO,PaymentGateway,Transaction tx101353 completed in 841ms,E104,Transaction {tx} completed in {time}ms
94991,2026-01-16,15:23:28,INFO,InventoryDB,Transaction tx960827 completed in 379ms,E104,Transaction {tx} completed in {time}ms
94992,2026-01-16,15:46:04,INFO,WebServer,Page view: /home by u4845,E103,Page view: {page} by {user}
94993,2026-01-16,15:40:55,ERROR,WebServer,Connection refused to WebServer at 10.0.0.45,E501,Connection refused to {service} at {ip}
94994,2026-01-16,15:22:22,INFO,WebServer,Transaction tx355320 completed in 747ms,E104,Transaction {tx} completed in {time}ms
94995,2026-01-16,15:44:24,ERROR,OrderProcessor,Connection refused to OrderProcessor at 10.0.0.45,E501,Connection refused to {service} at {ip}
94996,2026-01-16,15:55:42,ERROR,OrderProcessor,Timeout waiting for lock on InventoryDB,E502,Timeout waiting for lock on {db}
94997,2026-01-16,15:52:15,CRITICAL,WebServer,KERNEL PANIC: Node node-5 crashed,E601,KERNEL PANIC: Node {node} crashed
94998,2026-01-16,15:12:08,WARN,WebServer,Unauthorized access attempt from 10.0.0.88,E401,Unauthorized access attempt from {ip}
94999,2026-01-16,15:02:12,ERROR,WebServer,Connection refused to WebServer at 10.0.0.45,E501,Connection refused to {service} at {ip}
95000,2026-01-16,15:37:32,WARN,WebServer,Disk usage > 85% on node node-2,E202,Disk usage > 85% on node {node}
95001,2026-01-16,15:57:26,CRITICAL,WebServer,KERNEL PANIC: Node node-5 crashed,E601,KERNEL PANIC: Node {node} crashed
95002,2026-01-16,15:33:46,WARN,OrderProcessor,Unauthorized access attempt from 10.0.0.45,E401,Unauthorized access attempt from {ip}
95003,2026-01-16,15:53:39,CRITICAL,WebServer,KERNEL PANIC: Node node-5 crashed,E601,KERNEL PANIC: Node {node} crashed
95004,2026-01-16,15:30:11,ERROR,WebServer,Connection refused to WebServer at 10.0.0.45,E501,Connection refused to {service} at {ip}
95005,2026-01-16,15:01:29,ERROR,WebServer,Connection refused to WebServer at 10.0.0.88,E501,Connection refused to {service} at {ip}
95006,2026-01-16,15:53:40,ERROR,WebServer,Payment declined: Gateway unavailable,E503,Payment declined: Gateway unavailable
95007,2026-01-16,15:25:37,ERROR,InventoryDB,Timeout waiting for lock on InventoryDB,E502,Timeout waiting for lock on {db}
95008,2026-01-16,15:22:43,INFO,OrderProcessor,User u4954 login successful,E101,User {user} login successful
95009,2026-01-16,15:39:00,ERROR,OrderProcessor,Timeout waiting for lock on InventoryDB,E502,Timeout waiting for lock on {db}
95010,2026-01-16,15:21:17,ERROR,OrderProcessor,Payment declined: Gateway unavailable,E503,Payment declined: Gateway unavailable
95011,2026-01-16,15:22:18,ERROR,AuthService,Timeout waiting for lock on InventoryDB,E502,Timeout waiting for lock on {db}
95012,2026-01-16,15:15:04,INFO,OrderProcessor,Transaction tx617771 completed in 642ms,E104,Transaction {tx} completed in {time}ms
95013,2026-01-16,15:04:59,INFO,PaymentGateway,Page view: /home by u4404,E103,Page view: {page} by {user}
95014,2026-01-16,15:27:04,ERROR,AuthService,Connection refused to AuthService at 10.0.0.12,E501,Connection refused to {service} at {ip}
95015,2026-01-16,15:37:54,WARN,AuthService,Disk usage > 85% on node node-5,E202,Disk usage > 85% on node {node}
95016,2026-01-16,15:46:19,ERROR,WebServer,Payment declined: Gateway unavailable,E503,Payment declined: Gateway unavailable
95017,2026-01-16,15:09:59,INFO,WebServer,User u3735 login successful,E101,User {user} login successful
95018,2026-01-16,15:48:41,ERROR,PaymentGateway,Connection refused to PaymentGateway at 10.0.0.12,E501,Connection refused to {service} at {ip}
95019,2026-01-16,15:55:59,INFO,AuthService,Page view: /home by u2289,E103,Page view: {page} by {user}
95020,2026-01-16,15:15:15,ERROR,WebServer,Payment declined: Gateway unavailable,E503,Payment declined: Gateway unavailable
95021,2026-01-16,15:49:00,CRITICAL,WebServer,KERNEL PANIC: Node node-5 crashed,E601,KERNEL PANIC: Node {node} crashed
95022,2026-01-16,15:39:54,WARN,OrderProcessor,Unauthorized access attempt from 10.0.0.88,E401,Unauthorized access attempt from {ip}
95023,2026-01-16,15:46:17,ERROR,WebServer,Payment declined: Gateway unavailable,E503,Payment declined: Gateway unavailable
95024,2026-01-16,15:30:37,ERROR,WebServer,Timeout waiting for lock on InventoryDB,E502,Timeout waiting for lock on {db}
95025,2026-01-16,15:50:41,WARN,WebServer,Unauthorized access attempt from 10.0.0.45,E401,Unauthorized access attempt from {ip}
95026,2026-01-16,15:40:01,ERROR,OrderProcessor,Timeout waiting for lock on InventoryDB,E502,Timeout waiting for lock on {db}
95027,2026-01-16,15:56:22,INFO,WebServer,Page view: /home by u1879,E103,Page view: {page} by {user}
95028,2026-01-16,15:59:41,INFO,WebServer,Transaction tx238526 completed in 420ms,E104,Transaction {tx} completed in {time}ms
95029,2026-01-16,15:47:18,ERROR,WebServer,Connection refused to WebServer at 10.0.0.45,E501,Connection refused to {service} at {ip}
95030,2026-01-16,15:56:17,WARN,AuthService,High latency (1433ms) detected on AuthService,E201,High latency ({time}ms) detected on {service}
95031,2026-01-16,15:02:39,ERROR,PaymentGateway,Connection refused to PaymentGateway at 10.0.0.88,E501,Connection refused to {service} at {ip}
95032,2026-01-16,15:06:09,INFO,WebServer,User u3817 login successful,E101,User {user} login successful
95033,2026-01-16,15:12:25,ERROR,WebServer,Timeout waiting for lock on InventoryDB,E502,Timeout waiting for lock on {db}
95034,2026-01-16,15:32:18,WARN,AuthService,Disk usage > 85% on node node-4,E202,Disk usage > 85% on node {node}
95035,2026-01-16,15:37:33,CRITICAL,OrderProcessor,KERNEL PANIC: Node node-2 crashed,E601,KERNEL PANIC: Node {node} crashed
95036,2026-01-16,15:38:49,ERROR,WebServer,Payment declined: Gateway unavailable,E503,Payment declined: Gateway unavailable
95037,2026-01-16,15:32:07,ERROR,WebServer,Payment declined: Gateway unavailable,E503,Payment declined: Gateway unavailable
95038,2026-01-16,15:58:45,WARN,PaymentGateway,Disk usage > 85% on node node-4,E202,Disk usage > 85% on node {node}
95039,2026-01-16,15:54:57,WARN,OrderProcessor,Disk usage > 85% on node node-4,E202,Disk usage > 85% on node {node}
95040,2026-01-16,15:43:26,INFO,WebServer,Health check passed: WebServer,E102,Health check passed: {service}
95041,2026-01-16,15:41:41,ERROR,AuthService,Timeout waiting for lock on InventoryDB,E502,Timeout waiting for lock on {db}
95042,2026-01-16,15:20:17,INFO,WebServer,Transaction tx868515 completed in 535ms,E104,Transaction {tx} completed in {time}ms
95043,2026-01-16,15:44:01,INFO,WebServer,Health check passed: WebServer,E102,Health check passed: {service}
95044,2026-01-16,15:21:48,WARN,WebServer,Unauthorized access attempt from 10.0.0.45,E401,Unauthorized access attempt from {ip}
95045,2026-01-16,15:48:22,ERROR,WebServer,Connection refused to WebServer at 10.0.0.10,E501,Connection refused to {service} at {ip}
95046,2026-01-16,15:19:14,WARN,WebServer,Unauthorized access attempt from 10.0.0.12,E401,Unauthorized access attempt from {ip}
95047,2026-01-16,15:38:00,INFO,AuthService,Page view: /home by u2144,E103,Page view: {page} by {user}
95048,2026-01-16,15:21:12,ERROR,AuthService,Timeout waiting for lock on InventoryDB,E502,Timeout waiting for lock on {db}
95049,2026-01-16,15:28:05,ERROR,WebServer,Payment declined: Gateway unavailable,E503,Payment declined: Gateway unavailable
95050,2026-01-16,15:30:07,ERROR,WebServer,Timeout waiting for lock on InventoryDB,E502,Timeout waiting for lock on {db}
95051,2026-01-16,15:00:23,ERROR,WebServer,Connection refused to WebServer at 10.0.0.45,E501,Connection refused to {service} at {ip}
95052,2026-01-16,15:47:02,WARN,WebServer,Unauthorized access attempt from 10.0.0.10,E401,Unauthorized access attempt from {ip}
95053,2026-01-16,15:57:41,WARN,WebServer,Disk usage > 85% on node node-4,E202,Disk usage > 85% on node {node}
95054,2026-01-16,15:35:32,INFO,WebServer,Transaction tx439963 completed in 1153ms,E104,Transaction {tx} completed in {time}ms
95055,2026-01-16,15:49:22,ERROR,AuthService,Connection refused to AuthService at 10.0.0.12,E501,Connection refused to {service} at {ip}
95056,2026-01-16,15:11:11,ERROR,WebServer,Timeout waiting for lock on InventoryDB,E502,Timeout waiting for lock on {db}
95057,2026-01-16,15:59:01,ERROR,WebServer,Timeout waiting for lock on InventoryDB,E502,Timeout waiting for lock on {db}
95058,2026-01-16,15:46:49,INFO,AuthService,User u1462 login successful,E101,User {user} login successful
95059,2026-01-16,15:16:12,INFO,WebServer,Transaction tx695106 completed in 1903ms,E104,Transaction {tx} completed in {time}ms
95060,2026-01-16,15:58:20,INFO,WebServer,Transaction tx529241 completed in 339ms,E104,Transaction {tx} completed in {time}ms
95061,2026-01-16,15:37:32,INFO,AuthService,User u3905 login successful,E101,User {user} login successful
95062,2026-01-16,15:49:25,WARN,OrderProcessor,Disk usage > 85% on node node-3,E202,Disk usage > 85% on node {node}
95063,2026-01-16,15:55:46,WARN,OrderProcessor,Disk usage > 85% on node node-5,E202,Disk usage > 85% on node {node}
95064,2026-01-16,15:15:54,ERROR,WebServer,Connection refused to WebServer at 10.0.0.45,E501,Connection refused to {service} at {ip}
95065,2026-01-16,15:26:39,ERROR,OrderProcessor,Payment declined: Gateway unavailable,E503,Payment declined: Gateway unavailable
95066,2026-01-16,15:23:06,INFO,WebServer,Transaction tx643983 completed in 208ms,E104,Transaction {tx} completed in {time}ms
95067,2026-01-16,15:47:49,WARN,WebServer,Unauthorized access attempt from 10.0.0.45,E401,Unauthorized access attempt from {ip}
95068,2026-01-16,15:10:22,ERROR,WebServer,Connection refused to WebServer at 10.0.0.45,E501,Connection refused to {service} at {ip}
95069,2026-01-16,15:19:01,INFO,WebServer,User u1772 login successful,E101,User {user} login successful
95070,2026-01-16,15:52:36,CRITICAL,WebServer,DATA CORRUPTION detected in sector 550,E602,DATA CORRUPTION detected in sector {sector}
95071,2026-01-16,15:16:15,CRITICAL,WebServer,KERNEL PANIC: Node node-5 crashed,E601,KERNEL PANIC: Node {node} crashed
95072,2026-01-16,15:26:33,ERROR,OrderProcessor,Payment declined: Gateway unavailable,E503,Payment declined: Gateway unavailable
95073,2026-01-16,15:25:21,INFO,WebServer,Page view: /home by u3885,E103,Page view: {page} by {user}
95074,2026-01-16,15:53:31,INFO,InventoryDB,Health check passed: InventoryDB,E102,Health check passed: {service}
95075,2026-01-16,15:54:39,WARN,WebServer,Unauthorized access attempt from 10.0.0.45,E401,Unauthorized access attempt from {ip}
95076,2026-01-16,15:59:08,INFO,WebServer,Page view: /home by u1613,E103,Page view: {page} by {user}
95077,2026-01-16,15:00:56,ERROR,WebServer,Payment declined: Gateway unavailable,E503,Payment declined: Gateway unavailable
95078,2026-01-16,15:00:28,ERROR,WebServer,Payment declined: Gateway unavailable,E503,Payment declined: Gateway unavailable
95079,2026-01-16,15:21:16,WARN,AuthService,Disk usage > 85% on node node-2,E202,Disk usage > 85% on node {node}
95080,2026-01-16,15:20:59,INFO,WebServer,Transaction tx616685 completed in 688ms,E104,Transaction {tx} completed in {time}ms
95081,2026-01-16,15:04:14,ERROR,OrderProcessor,Payment declined: Gateway unavailable,E503,Payment declined: Gateway unavailable
95082,2026-01-16,15:08:46,ERROR,WebServer,Payment declined: Gateway unavailable,E503,Payment declined: Gateway unavailable
95083,2026-01-16,15:46:54,INFO,OrderProcessor,Health check passed: OrderProcessor,E102,Health check passed: {service}
95084,2026-01-16,15:03:34,ERROR,AuthService,Timeout waiting for lock on InventoryDB,E502,Timeout waiting for lock on {db}
95085,2026-01-16,15:55:52,WARN,WebServer,Unauthorized access attempt from 10.0.0.45,E401,Unauthorized access attempt from {ip}
95086,2026-01-16,15:53:36,WARN,OrderProcessor,Disk usage > 85% on node node-5,E202,Disk usage > 85% on node {node}
95087,2026-01-16,15:57:16,INFO,WebServer,User u4562 login successful,E101,User {user} login successful
95088,2026-01-16,15:45:22,ERROR,WebServer,Payment declined: Gateway unavailable,E503,Payment declined: Gateway unavailable
95089,2026-01-16,15:38:35,ERROR,WebServer,Payment declined: Gateway unavailable,E503,Payment declined: Gateway unavailable
95090,2026-01-16,15:04:56,ERROR,InventoryDB,Timeout waiting for lock on InventoryDB,E502,Timeout waiting for lock on {db}
95091,2026-01-16,15:34:07,INFO,WebServer,User u3575 login successful,E101,User {user} login successful
95092,2026-01-16,15:44:33,ERROR,WebServer,Timeout waiting for lock on InventoryDB,E502,Timeout waiting for lock on {db}
95093,2026-01-16,15:11:38,WARN,WebServer,Disk usage > 85% on node node-3,E202,Disk usage > 85% on node {node}
95094,2026-01-16,15:19:08,INFO,WebServer,Health check passed: WebServer,E102,Health check passed: {service}
95095,2026-01-16,15:53:49,INFO,OrderProcessor,Page view: /home by u2462,E103,Page view: {page} by {user}
95096,2026-01-16,15:23:44,INFO,OrderProcessor,User u4738 login successful,E101,User {user} login successful
95097,2026-01-16,15:55:22,INFO,PaymentGateway,Page view: /home by u3816,E103,Page view: {page} by {user}
95098,2026-01-16,15:15:01,ERROR,AuthService,Connection refused to AuthService at 192.168.1.5,E501,Connection refused to {service} at {ip}
95099,2026-01-16,15:14:49,ERROR,WebServer,Connection refused to WebServer at 10.0.0.88,E501,Connection refused to {service} at {ip}
95100,2026-01-16,15:18:33,ERROR,WebServer,Connection refused to WebServer at 10.0.0.88,E501,Connection refused to {service} at {ip}
95101,2026-01-16,15:46:43,ERROR,AuthService,Payment declined: Gateway unavailable,E503,Payment declined: Gateway unavailable
95102,2026-01-16,15:01:48,WARN,PaymentGateway,Disk usage > 85% on node node-1,E202,Disk usage > 85% on node {node}
95103,2026-01-16,15:28:12,ERROR,WebServer,Timeout waiting for lock on InventoryDB,E502,Timeout waiting for lock on {db}
95104,2026-01-16,15:21:10,INFO,OrderProcessor,Transaction tx202088 completed in 442ms,E104,Transaction {tx} completed in {time}ms
95105,2026-01-16,15:02:57,INFO,WebServer,Transaction tx155832 completed in 1291ms,E104,Transaction {tx} completed in {time}ms
95106,2026-01-16,15:25:21,ERROR,OrderProcessor,Connection refused to OrderProcessor at 10.0.0.10,E501,Connection refused to {service} at {ip}
95107,2026-01-16,15:40:35,WARN,WebServer,High latency (1102ms) detected on WebServer,E201,High latency ({time}ms) detected on {service}
95108,2026-01-16,15:30:09,INFO,WebServer,User u3903 login successful,E101,User {user} login successful
95109,2026-01-16,15:21:55,WARN,PaymentGateway,High latency (1365ms) detected on PaymentGateway,E201,High latency ({time}ms) detected on {service}
95110,2026-01-16,15:14:01,ERROR,AuthService,Connection refused to AuthService at 10.0.0.45,E501,Connection refused to {service} at {ip}
95111,2026-01-16,15:07:00,CRITICAL,AuthService,DATA CORRUPTION detected in sector 666,E602,DATA CORRUPTION detected in sector {sector}
95112,2026-01-16,15:14:21,ERROR,PaymentGateway,Timeout waiting for lock on InventoryDB,E502,Timeout waiting for lock on {db}
95113,2026-01-16,15:31:39,ERROR,OrderProcessor,Payment declined: Gateway unavailable,E503,Payment declined: Gateway unavailable
95114,2026-01-16,15:54:05,ERROR,WebServer,Timeout waiting for lock on InventoryDB,E502,Timeout waiting for lock on {db}
95115,2026-01-16,15:50:30,ERROR,WebServer,Timeout waiting for lock on InventoryDB,E502,Timeout waiting for lock on {db}
95116,2026-01-16,15:10:07,WARN,WebServer,Disk usage > 85% on node node-5,E202,Disk usage > 85% on node {node}
95117,2026-01-16,15:37:04,INFO,WebServer,User u1205 login successful,E101,User {user} login successful
95118,2026-01-16,15:55:04,CRITICAL,OrderProcessor,KERNEL PANIC: Node node-2 crashed,E601,KERNEL PANIC: Node {node} crashed
95119,2026-01-16,15:49:20,INFO,AuthService,Page view: /home by u2094,E103,Page view: {page} by {user}
95120,2026-01-16,15:56:05,ERROR,AuthService,Timeout waiting for lock on InventoryDB,E502,Timeout waiting for lock on {db}
95121,2026-01-16,15:19:21,WARN,WebServer,Unauthorized access attempt from 10.0.0.12,E401,Unauthorized access attempt from {ip}
95122,2026-01-16,15:58:48,ERROR,OrderProcessor,Payment declined: Gateway unavailable,E503,Payment declined: Gateway unavailable
95123,2026-01-16,15:52:30,CRITICAL,WebServer,DATA CORRUPTION detected in sector 264,E602,DATA CORRUPTION detected in sector {sector}
95124,2026-01-16,15:04:06,ERROR,WebServer,Payment declined: Gateway unavailable,E503,Payment declined: Gateway unavailable
95125,2026-01-16,15:08:43,ERROR,AuthService,Connection refused to AuthService at 10.0.0.12,E501,Connection refused to {service} at {ip}
95126,2026-01-16,15:30:25,ERROR,OrderProcessor,Payment declined: Gateway unavailable,E503,Payment declined: Gateway unavailable
95127,2026-01-16,15:40:04,INFO,WebServer,Page view: /home by u1574,E103,Page view: {page} by {user}
95128,2026-01-16,15:35:13,INFO,WebServer,Page view: /home by u4191,E103,Page view: {page} by {user}
95129,2026-01-16,15:30:23,WARN,WebServer,Disk usage > 85% on node node-2,E202,Disk usage > 85% on node {node}
95130,2026-01-16,15:18:35,CRITICAL,AuthService,KERNEL PANIC: Node node-5 crashed,E601,KERNEL PANIC: Node {node} crashed
95131,2026-01-16,15:28:05,INFO,WebServer,Page view: /home by u1950,E103,Page view: {page} by {user}
95132,2026-01-16,15:54:03,WARN,WebServer,Disk usage > 85% on node node-3,E202,Disk usage > 85% on node {node}
95133,2026-01-16,15:34:20,ERROR,OrderProcessor,Timeout waiting for lock on InventoryDB,E502,Timeout waiting for lock on {db}
95134,2026-01-16,15:38:54,ERROR,PaymentGateway,Timeout waiting for lock on InventoryDB,E502,Timeout waiting for lock on {db}
95135,2026-01-16,15:09:58,WARN,AuthService,Disk usage > 85% on node node-5,E202,Disk usage > 85% on node {node}
95136,2026-01-16,15:20:43,INFO,PaymentGateway,Health check passed: PaymentGateway,E102,Health check passed: {service}
95137,2026-01-16,15:34:57,WARN,AuthService,Disk usage > 85% on node node-2,E202,Disk usage > 85% on node {node}
95138,2026-01-16,15:35:27,INFO,AuthService,Page view: /home by u4808,E103,Page view: {page} by {user}
95139,2026-01-16,15:01:27,INFO,OrderProcessor,Transaction tx522175 completed in 627ms,E104,Transaction {tx} completed in {time}ms
95140,2026-01-16,15:17:43,INFO,WebServer,User u2267 login successful,E101,User {user} login successful
95141,2026-01-16,15:12:09,ERROR,PaymentGateway,Timeout waiting for lock on InventoryDB,E502,Timeout waiting for lock on {db}
95142,2026-01-16,15:50:38,INFO,WebServer,User u1992 login successful,E101,User {user} login successful
95143,2026-01-16,15:32:47,CRITICAL,WebServer,DATA CORRUPTION detected in sector 310,E602,DATA CORRUPTION detected in sector {sector}
95144,2026-01-16,15:25:59,INFO,PaymentGateway,Page view: /home by u2957,E103,Page view: {page} by {user}
95145,2026-01-16,15:45:42,INFO,WebServer,User u1170 login successful,E101,User {user} login successful
95146,2026-01-16,15:02:35,ERROR,OrderProcessor,Connection refused to OrderProcessor at 10.0.0.12,E501,Connection refused to {service} at {ip}
95147,2026-01-16,15:24:17,INFO,WebServer,User u2010 login successful,E101,User {user} login successful
95148,2026-01-16,15:23:29,WARN,OrderProcessor,High latency (783ms) detected on OrderProcessor,E201,High latency ({time}ms) detected on {service}
95149,2026-01-16,15:53:49,WARN,WebServer,Disk usage > 85% on node node-4,E202,Disk usage > 85% on node {node}
95150,2026-01-16,15:58:30,WARN,WebServer,High latency (1101ms) detected on WebServer,E201,High latency ({time}ms) detected on {service}
95151,2026-01-16,15:18:32,INFO,WebServer,Transaction tx735585 completed in 875ms,E104,Transaction {tx} completed in {time}ms
95152,2026-01-16,15:30:26,INFO,AuthService,Transaction tx346109 completed in 1203ms,E104,Transaction {tx} completed in {time}ms
95153,2026-01-16,15:49:19,INFO,InventoryDB,Health check passed: InventoryDB,E102,Health check passed: {service}
95154,2026-01-16,15:43:34,INFO,WebServer,Page view: /home by u1458,E103,Page view: {page} by {user}
95155,2026-01-16,15:31:23,INFO,WebServer,Health check passed: WebServer,E102,Health check passed: {service}
95156,2026-01-16,15:15:03,ERROR,WebServer,Payment declined: Gateway unavailable,E503,Payment declined: Gateway unavailable
95157,2026-01-16,15:07:01,INFO,OrderProcessor,User u3853 login successful,E101,User {user} login successful
95158,2026-01-16,15:11:05,ERROR,AuthService,Payment declined: Gateway unavailable,E503,Payment declined: Gateway unavailable
95159,2026-01-16,15:44:34,ERROR,WebServer,Timeout waiting for lock on InventoryDB,E502,Timeout waiting for lock on {db}
95160,2026-01-16,15:15:20,ERROR,WebServer,Timeout waiting for lock on InventoryDB,E502,Timeout waiting for lock on {db}
95161,2026-01-16,15:41:02,ERROR,WebServer,Payment declined: Gateway unavailable,E503,Payment declined: Gateway unavailable
95162,2026-01-16,15:22:51,ERROR,WebServer,Connection refused to WebServer at 10.0.0.45,E501,Connection refused to {service} at {ip}
95163,2026-01-16,15:36:48,ERROR,WebServer,Timeout waiting for lock on InventoryDB,E502,Timeout waiting for lock on {db}
95164,2026-01-16,15:48:29,ERROR,WebServer,Connection refused to WebServer at 10.0.0.99,E501,Connection refused to {service} at {ip}
95165,2026-01-16,15:45:49,CRITICAL,WebServer,KERNEL PANIC: Node node-1 crashed,E601,KERNEL PANIC: Node {node} crashed
95166,2026-01-16,15:26:43,ERROR,WebServer,Connection refused to WebServer at 10.0.0.45,E501,Connection refused to {service} at {ip}
95167,2026-01-16,15:01:51,INFO,OrderProcessor,Health check passed: OrderProcessor,E102,Health check passed: {service}
95168,2026-01-16,15:15:33,ERROR,PaymentGateway,Payment declined: Gateway unavailable,E503,Payment declined: Gateway unavailable
95169,2026-01-16,15:49:58,INFO,AuthService,Health check passed: AuthService,E102,Health check passed: {service}
95170,2026-01-16,15:27:53,INFO,WebServer,Page view: /home by u1616,E103,Page view: {page} by {user}
95171,2026-01-16,15:17:16,WARN,WebServer,High latency (1984ms) detected on WebServer,E201,High latency ({time}ms) detected on {service}
95172,2026-01-16,15:06:22,ERROR,PaymentGateway,Connection refused to PaymentGateway at 10.0.0.88,E501,Connection refused to {service} at {ip}
95173,2026-01-16,15:49:10,ERROR,WebServer,Payment declined: Gateway unavailable,E503,Payment declined: Gateway unavailable
95174,2026-01-16,15:21:42,CRITICAL,WebServer,DATA CORRUPTION detected in sector 228,E602,DATA CORRUPTION detected in sector {sector}
95175,2026-01-16,15:41:58,WARN,OrderProcessor,High latency (38ms) detected on OrderProcessor,E201,High latency ({time}ms) detected on {service}
95176,2026-01-16,15:48:26,ERROR,WebServer,Timeout waiting for lock on InventoryDB,E502,Timeout waiting for lock on {db}
95177,2026-01-16,15:43:51,CRITICAL,WebServer,DATA CORRUPTION detected in sector 827,E602,DATA CORRUPTION detected in sector {sector}
95178,2026-01-16,15:30:11,WARN,PaymentGateway,High latency (1733ms) detected on PaymentGateway,E201,High latency ({time}ms) detected on {service}
95179,2026-01-16,15:08:47,CRITICAL,WebServer,DATA CORRUPTION detected in sector 416,E602,DATA CORRUPTION detected in sector {sector}
95180,2026-01-16,15:09:24,ERROR,WebServer,Payment declined: Gateway unavailable,E503,Payment declined: Gateway unavailable
95181,2026-01-16,15:55:29,ERROR,PaymentGateway,Payment declined: Gateway unavailable,E503,Payment declined: Gateway unavailable
95182,2026-01-16,15:08:35,ERROR,AuthService,Payment declined: Gateway unavailable,E503,Payment declined: Gateway unavailable
95183,2026-01-16,15:04:19,WARN,WebServer,Unauthorized access attempt from 10.0.0.45,E401,Unauthorized access attempt from {ip}
95184,2026-01-16,15:12:52,CRITICAL,WebServer,KERNEL PANIC: Node node-1 crashed,E601,KERNEL PANIC: Node {node} crashed
95185,2026-01-16,15:22:47,ERROR,WebServer,Timeout waiting for lock on InventoryDB,E502,Timeout waiting for lock on {db}
95186,2026-01-16,15:19:31,ERROR,InventoryDB,Timeout waiting for lock on InventoryDB,E502,Timeout waiting for lock on {db}
95187,2026-01-16,15:38:31,ERROR,OrderProcessor,Payment declined: Gateway unavailable,E503,Payment declined: Gateway unavailable
95188,2026-01-16,15:30:48,ERROR,PaymentGateway,Timeout waiting for lock on InventoryDB,E502,Timeout waiting for lock on {db}
95189,2026-01-16,15:32:40,ERROR,OrderProcessor,Payment declined: Gateway unavailable,E503,Payment declined: Gateway unavailable
95190,2026-01-16,15:10:18,ERROR,PaymentGateway,Timeout waiting for lock on InventoryDB,E502,Timeout waiting for lock on {db}
95191,2026-01-16,15:03:30,ERROR,PaymentGateway,Connection refused to PaymentGateway at 10.0.0.45,E501,Connection refused to {service} at {ip}
95192,2026-01-16,15:37:12,CRITICAL,WebServer,DATA CORRUPTION detected in sector 304,E602,DATA CORRUPTION detected in sector {sector}
95193,2026-01-16,15:05:05,ERROR,InventoryDB,Timeout waiting for lock on InventoryDB,E502,Timeout waiting for lock on {db}
95194,2026-01-16,15:14:55,WARN,AuthService,Unauthorized access attempt from 10.0.0.88,E401,Unauthorized access attempt from {ip}
95195,2026-01-16,15:59:29,ERROR,WebServer,Connection refused to WebServer at 10.0.0.45,E501,Connection refused to {service} at {ip}
95196,2026-01-16,15:14:51,ERROR,WebServer,Timeout waiting for lock on InventoryDB,E502,Timeout waiting for lock on {db}
95197,2026-01-16,15:46:48,INFO,WebServer,User u4933 login successful,E101,User {user} login successful
95198,2026-01-16,15:01:51,WARN,WebServer,Disk usage > 85% on node node-4,E202,Disk usage > 85% on node {node}
95199,2026-01-16,15:08:02,ERROR,WebServer,Connection refused to WebServer at 10.0.0.45,E501,Connection refused to {service} at {ip}
95200,2026-01-16,15:31:11,INFO,WebServer,Page view: /home by u2736,E103,Page view: {page} by {user}
95201,2026-01-16,15:24:42,WARN,AuthService,Disk usage > 85% on node node-1,E202,Disk usage > 85% on node {node}
95202,2026-01-16,15:26:33,CRITICAL,OrderProcessor,DATA CORRUPTION detected in sector 575,E602,DATA CORRUPTION detected in sector {sector}
95203,2026-01-16,15:22:50,INFO,WebServer,Transaction tx891006 completed in 197ms,E104,Transaction {tx} completed in {time}ms
95204,2026-01-16,15:04:32,WARN,WebServer,Unauthorized access attempt from 10.0.0.88,E401,Unauthorized access attempt from {ip}
95205,2026-01-16,15:03:54,ERROR,WebServer,Timeout waiting for lock on InventoryDB,E502,Timeout waiting for lock on {db}
95206,2026-01-16,15:09:07,INFO,PaymentGateway,Health check passed: PaymentGateway,E102,Health check passed: {service}
95207,2026-01-16,15:02:40,INFO,WebServer,Transaction tx440329 completed in 1977ms,E104,Transaction {tx} completed in {time}ms
95208,2026-01-16,15:16:52,ERROR,WebServer,Payment declined: Gateway unavailable,E503,Payment declined: Gateway unavailable
95209,2026-01-16,15:39:49,INFO,WebServer,User u1054 login successful,E101,User {user} login successful
95210,2026-01-16,15:59:16,WARN,WebServer,High latency (1941ms) detected on WebServer,E201,High latency ({time}ms) detected on {service}
95211,2026-01-16,15:26:01,WARN,WebServer,High latency (1583ms) detected on WebServer,E201,High latency ({time}ms) detected on {service}
95212,2026-01-16,15:02:18,ERROR,AuthService,Payment declined: Gateway unavailable,E503,Payment declined: Gateway unavailable
95213,2026-01-16,15:12:27,ERROR,PaymentGateway,Connection refused to PaymentGateway at 10.0.0.12,E501,Connection refused to {service} at {ip}
95214,2026-01-16,15:19:18,ERROR,PaymentGateway,Payment declined: Gateway unavailable,E503,Payment declined: Gateway unavailable
95215,2026-01-16,15:55:04,CRITICAL,OrderProcessor,KERNEL PANIC: Node node-3 crashed,E601,KERNEL PANIC: Node {node} crashed
95216,2026-01-16,15:27:50,INFO,WebServer,Page view: /home by u1024,E103,Page view: {page} by {user}
95217,2026-01-16,15:06:06,INFO,OrderProcessor,Transaction tx940190 completed in 1747ms,E104,Transaction {tx} completed in {time}ms
95218,2026-01-16,15:29:30,ERROR,WebServer,Connection refused to WebServer at 10.0.0.99,E501,Connection refused to {service} at {ip}
95219,2026-01-16,15:05:34,WARN,AuthService,High latency (931ms) detected on AuthService,E201,High latency ({time}ms) detected on {service}
95220,2026-01-16,15:53:21,WARN,OrderProcessor,Disk usage > 85% on node node-5,E202,Disk usage > 85% on node {node}
95221,2026-01-16,15:10:20,INFO,WebServer,Transaction tx964235 completed in 257ms,E104,Transaction {tx} completed in {time}ms
95222,2026-01-16,15:15:00,WARN,WebServer,Unauthorized access attempt from 10.0.0.45,E401,Unauthorized access attempt from {ip}
95223,2026-01-16,15:43:40,CRITICAL,PaymentGateway,KERNEL PANIC: Node node-4 crashed,E601,KERNEL PANIC: Node {node} crashed
95224,2026-01-16,15:03:36,INFO,OrderProcessor,Health check passed: OrderProcessor,E102,Health check passed: {service}
95225,2026-01-16,15:45:25,ERROR,OrderProcessor,Connection refused to OrderProcessor at 10.0.0.45,E501,Connection refused to {service} at {ip}
95226,2026-01-16,15:36:58,CRITICAL,AuthService,KERNEL PANIC: Node node-2 crashed,E601,KERNEL PANIC: Node {node} crashed
95227,2026-01-16,15:43:02,ERROR,OrderProcessor,Connection refused to OrderProcessor at 10.0.0.45,E501,Connection refused to {service} at {ip}
95228,2026-01-16,15:47:02,INFO,WebServer,User u3893 login successful,E101,User {user} login successful
95229,2026-01-16,15:16:51,ERROR,PaymentGateway,Timeout waiting for lock on InventoryDB,E502,Timeout waiting for lock on {db}
95230,2026-01-16,15:25:40,ERROR,WebServer,Payment declined: Gateway unavailable,E503,Payment declined: Gateway unavailable
95231,2026-01-16,15:07:26,ERROR,OrderProcessor,Timeout waiting for lock on InventoryDB,E502,Timeout waiting for lock on {db}
95232,2026-01-16,15:38:42,ERROR,WebServer,Timeout waiting for lock on InventoryDB,E502,Timeout waiting for lock on {db}
95233,2026-01-16,15:19:16,WARN,WebServer,High latency (305ms) detected on WebServer,E201,High latency ({time}ms) detected on {service}
95234,2026-01-16,15:38:02,ERROR,WebServer,Timeout waiting for lock on InventoryDB,E502,Timeout waiting for lock on {db}
95235,2026-01-16,15:08:02,CRITICAL,WebServer,KERNEL PANIC: Node node-4 crashed,E601,KERNEL PANIC: Node {node} crashed
95236,2026-01-16,15:26:45,ERROR,PaymentGateway,Connection refused to PaymentGateway at 10.0.0.45,E501,Connection refused to {service} at {ip}
95237,2026-01-16,15:30:43,ERROR,WebServer,Payment declined: Gateway unavailable,E503,Payment declined: Gateway unavailable
95238,2026-01-16,15:54:58,ERROR,OrderProcessor,Payment declined: Gateway unavailable,E503,Payment declined: Gateway unavailable
95239,2026-01-16,15:52:20,INFO,InventoryDB,Transaction tx520057 completed in 232ms,E104,Transaction {tx} completed in {time}ms
95240,2026-01-16,15:47:43,ERROR,OrderProcessor,Timeout waiting for lock on InventoryDB,E502,Timeout waiting for lock on {db}
95241,2026-01-16,15:38:00,ERROR,InventoryDB,Timeout waiting for lock on InventoryDB,E502,Timeout waiting for lock on {db}
95242,2026-01-16,15:52:45,ERROR,InventoryDB,Payment declined: Gateway unavailable,E503,Payment declined: Gateway unavailable
95243,2026-01-16,15:44:34,INFO,WebServer,Health check passed: WebServer,E102,Health check passed: {service}
95244,2026-01-16,15:51:44,WARN,OrderProcessor,High latency (1834ms) detected on OrderProcessor,E201,High latency ({time}ms) detected on {service}
95245,2026-01-16,15:17:02,WARN,WebServer,High latency (1143ms) detected on WebServer,E201,High latency ({time}ms) detected on {service}
95246,2026-01-16,15:40:14,ERROR,WebServer,Connection refused to WebServer at 10.0.0.12,E501,Connection refused to {service} at {ip}
95247,2026-01-16,15:00:02,INFO,WebServer,Page view: /home by u4858,E103,Page view: {page} by {user}
95248,2026-01-16,15:22:51,INFO,OrderProcessor,Health check passed: OrderProcessor,E102,Health check passed: {service}
95249,2026-01-16,15:36:59,INFO,WebServer,Transaction tx824852 completed in 1823ms,E104,Transaction {tx} completed in {time}ms
95250,2026-01-16,15:07:28,ERROR,WebServer,Connection refused to WebServer at 10.0.0.45,E501,Connection refused to {service} at {ip}
95251,2026-01-16,15:01:30,WARN,WebServer,Unauthorized access attempt from 10.0.0.45,E401,Unauthorized access attempt from {ip}
95252,2026-01-16,15:40:03,INFO,InventoryDB,Transaction tx546907 completed in 1735ms,E104,Transaction {tx} completed in {time}ms
95253,2026-01-16,15:33:38,ERROR,WebServer,Payment declined: Gateway unavailable,E503,Payment declined: Gateway unavailable
95254,2026-01-16,15:45:51,WARN,AuthService,Disk usage > 85% on node node-5,E202,Disk usage > 85% on node {node}
95255,2026-01-16,15:13:04,INFO,InventoryDB,User u2945 login successful,E101,User {user} login successful
95256,2026-01-16,15:26:56,ERROR,WebServer,Payment declined: Gateway unavailable,E503,Payment declined: Gateway unavailable
95257,2026-01-16,15:07:41,ERROR,OrderProcessor,Timeout waiting for lock on InventoryDB,E502,Timeout waiting for lock on {db}
95258,2026-01-16,15:05:09,WARN,WebServer,Disk usage > 85% on node node-1,E202,Disk usage > 85% on node {node}
95259,2026-01-16,15:08:08,CRITICAL,WebServer,KERNEL PANIC: Node node-3 crashed,E601,KERNEL PANIC: Node {node} crashed
95260,2026-01-16,15:16:42,ERROR,OrderProcessor,Timeout waiting for lock on InventoryDB,E502,Timeout waiting for lock on {db}
95261,2026-01-16,15:51:42,INFO,WebServer,Transaction tx941505 completed in 342ms,E104,Transaction {tx} completed in {time}ms
95262,2026-01-16,15:19:45,INFO,WebServer,User u3482 login successful,E101,User {user} login successful
95263,2026-01-16,15:04:21,CRITICAL,WebServer,KERNEL PANIC: Node node-4 crashed,E601,KERNEL PANIC: Node {node} crashed
95264,2026-01-16,15:26:57,INFO,AuthService,Health check passed: AuthService,E102,Health check passed: {service}
95265,2026-01-16,15:52:11,ERROR,WebServer,Payment declined: Gateway unavailable,E503,Payment declined: Gateway unavailable
95266,2026-01-16,15:01:43,ERROR,PaymentGateway,Payment declined: Gateway unavailable,E503,Payment declined: Gateway unavailable
95267,2026-01-16,15:32:44,WARN,OrderProcessor,High latency (1018ms) detected on OrderProcessor,E201,High latency ({time}ms) detected on {service}
95268,2026-01-16,15:06:28,INFO,WebServer,Transaction tx811200 completed in 908ms,E104,Transaction {tx} completed in {time}ms
95269,2026-01-16,15:27:22,WARN,WebServer,Unauthorized access attempt from 10.0.0.45,E401,Unauthorized access attempt from {ip}
95270,2026-01-16,15:20:38,ERROR,WebServer,Connection refused to WebServer at 192.168.1.5,E501,Connection refused to {service} at {ip}
95271,2026-01-16,15:21:54,ERROR,InventoryDB,Timeout waiting for lock on InventoryDB,E502,Timeout waiting for lock on {db}
95272,2026-01-16,15:13:34,WARN,WebServer,Unauthorized access attempt from 10.0.0.45,E401,Unauthorized access attempt from {ip}
95273,2026-01-16,15:02:57,ERROR,WebServer,Timeout waiting for lock on InventoryDB,E502,Timeout waiting for lock on {db}
95274,2026-01-16,15:58:25,ERROR,AuthService,Timeout waiting for lock on InventoryDB,E502,Timeout waiting for lock on {db}
95275,2026-01-16,15:17:12,ERROR,AuthService,Timeout waiting for lock on InventoryDB,E502,Timeout waiting for lock on {db}
95276,2026-01-16,15:25:36,ERROR,PaymentGateway,Payment declined: Gateway unavailable,E503,Payment declined: Gateway unavailable
95277,2026-01-16,15:31:29,WARN,AuthService,High latency (673ms) detected on AuthService,E201,High latency ({time}ms) detected on {service}
95278,2026-01-16,15:02:56,ERROR,PaymentGateway,Payment declined: Gateway unavailable,E503,Payment declined: Gateway unavailable
95279,2026-01-16,15:12:56,INFO,PaymentGateway,Transaction tx776973 completed in 22ms,E104,Transaction {tx} completed in {time}ms
95280,2026-01-16,15:21:37,INFO,PaymentGateway,Transaction tx569420 completed in 493ms,E104,Transaction {tx} completed in {time}ms
95281,2026-01-16,15:44:19,ERROR,PaymentGateway,Timeout waiting for lock on InventoryDB,E502,Timeout waiting for lock on {db}
95282,2026-01-16,15:54:51,ERROR,WebServer,Connection refused to WebServer at 10.0.0.45,E501,Connection refused to {service} at {ip}
95283,2026-01-16,15:16:19,INFO,WebServer,Health check passed: WebServer,E102,Health check passed: {service}
95284,2026-01-16,15:07:52,ERROR,AuthService,Payment declined: Gateway unavailable,E503,Payment declined: Gateway unavailable
95285,2026-01-16,15:12:28,ERROR,WebServer,Timeout waiting for lock on InventoryDB,E502,Timeout waiting for lock on {db}
95286,2026-01-16,15:09:06,INFO,OrderProcessor,Health check passed: OrderProcessor,E102,Health check passed: {service}
95287,2026-01-16,15:12:10,ERROR,PaymentGateway,Connection refused to PaymentGateway at 10.0.0.45,E501,Connection refused to {service} at {ip}
95288,2026-01-16,15:42:59,INFO,OrderProcessor,User u4836 login successful,E101,User {user} login successful
95289,2026-01-16,15:39:13,INFO,AuthService,Transaction tx291540 completed in 1664ms,E104,Transaction {tx} completed in {time}ms
95290,2026-01-16,15:51:44,INFO,AuthService,User u4951 login successful,E101,User {user} login successful
95291,2026-01-16,15:03:08,ERROR,AuthService,Timeout waiting for lock on InventoryDB,E502,Timeout waiting for lock on {db}
95292,2026-01-16,15:46:03,WARN,AuthService,Unauthorized access attempt from 10.0.0.45,E401,Unauthorized access attempt from {ip}
95293,2026-01-16,15:51:15,ERROR,WebServer,Payment declined: Gateway unavailable,E503,Payment declined: Gateway unavailable
95294,2026-01-16,15:09:49,ERROR,OrderProcessor,Connection refused to OrderProcessor at 10.0.0.88,E501,Connection refused to {service} at {ip}
95295,2026-01-16,15:57:00,WARN,WebServer,Unauthorized access attempt from 10.0.0.12,E401,Unauthorized access attempt from {ip}
95296,2026-01-16,15:08:02,INFO,AuthService,Health check passed: AuthService,E102,Health check passed: {service}
95297,2026-01-16,15:47:13,WARN,WebServer,Disk usage > 85% on node node-3,E202,Disk usage > 85% on node {node}
95298,2026-01-16,15:41:46,INFO,WebServer,Health check passed: WebServer,E102,Health check passed: {service}
95299,2026-01-16,15:14:31,ERROR,WebServer,Timeout waiting for lock on InventoryDB,E502,Timeout waiting for lock on {db}
95300,2026-01-16,15:37:06,CRITICAL,WebServer,DATA CORRUPTION detected in sector 501,E602,DATA CORRUPTION detected in sector {sector}
95301,2026-01-16,15:27:01,ERROR,WebServer,Connection refused to WebServer at 10.0.0.12,E501,Connection refused to {service} at {ip}
95302,2026-01-16,15:16:30,CRITICAL,AuthService,DATA CORRUPTION detected in sector 174,E602,DATA CORRUPTION detected in sector {sector}
95303,2026-01-16,15:45:37,CRITICAL,InventoryDB,DATA CORRUPTION detected in sector 790,E602,DATA CORRUPTION detected in sector {sector}
95304,2026-01-16,15:44:00,ERROR,WebServer,Payment declined: Gateway unavailable,E503,Payment declined: Gateway unavailable
95305,2026-01-16,15:36:30,CRITICAL,WebServer,KERNEL PANIC: Node node-2 crashed,E601,KERNEL PANIC: Node {node} crashed
95306,2026-01-16,15:40:56,INFO,PaymentGateway,User u1528 login successful,E101,User {user} login successful
95307,2026-01-16,15:04:40,ERROR,WebServer,Payment declined: Gateway unavailable,E503,Payment declined: Gateway unavailable
95308,2026-01-16,15:11:58,ERROR,WebServer,Payment declined: Gateway unavailable,E503,Payment declined: Gateway unavailable
95309,2026-01-16,15:20:55,ERROR,WebServer,Timeout waiting for lock on InventoryDB,E502,Timeout waiting for lock on {db}
95310,2026-01-16,15:35:48,CRITICAL,AuthService,DATA CORRUPTION detected in sector 392,E602,DATA CORRUPTION detected in sector {sector}
95311,2026-01-16,15:25:39,ERROR,WebServer,Connection refused to WebServer at 10.0.0.88,E501,Connection refused to {service} at {ip}
95312,2026-01-16,15:10:38,WARN,InventoryDB,Disk usage > 85% on node node-4,E202,Disk usage > 85% on node {node}
95313,2026-01-16,15:42:31,WARN,WebServer,Disk usage > 85% on node node-2,E202,Disk usage > 85% on node {node}
95314,2026-01-16,15:40:44,WARN,AuthService,High latency (990ms) detected on AuthService,E201,High latency ({time}ms) detected on {service}
95315,2026-01-16,15:28:07,CRITICAL,WebServer,KERNEL PANIC: Node node-2 crashed,E601,KERNEL PANIC: Node {node} crashed
95316,2026-01-16,15:18:04,ERROR,AuthService,Payment declined: Gateway unavailable,E503,Payment declined: Gateway unavailable
95317,2026-01-16,15:24:07,INFO,WebServer,User u4430 login successful,E101,User {user} login successful
95318,2026-01-16,15:36:39,INFO,AuthService,Health check passed: AuthService,E102,Health check passed: {service}
95319,2026-01-16,15:18:30,ERROR,WebServer,Payment declined: Gateway unavailable,E503,Payment declined: Gateway unavailable
95320,2026-01-16,15:17:35,ERROR,WebServer,Timeout waiting for lock on InventoryDB,E502,Timeout waiting for lock on {db}
95321,2026-01-16,15:22:22,ERROR,WebServer,Payment declined: Gateway unavailable,E503,Payment declined: Gateway unavailable
95322,2026-01-16,15:37:44,ERROR,WebServer,Payment declined: Gateway unavailable,E503,Payment declined: Gateway unavailable
95323,2026-01-16,15:11:47,INFO,WebServer,Transaction tx372841 completed in 26ms,E104,Transaction {tx} completed in {time}ms
95324,2026-01-16,15:51:48,INFO,WebServer,User u1259 login successful,E101,User {user} login successful
95325,2026-01-16,15:48:49,WARN,AuthService,Unauthorized access attempt from 10.0.0.45,E401,Unauthorized access attempt from {ip}
95326,2026-01-16,15:32:23,INFO,WebServer,Health check passed: WebServer,E102,Health check passed: {service}
95327,2026-01-16,15:34:13,INFO,AuthService,Transaction tx813288 completed in 1691ms,E104,Transaction {tx} completed in {time}ms
95328,2026-01-16,15:44:49,ERROR,InventoryDB,Connection refused to InventoryDB at 10.0.0.99,E501,Connection refused to {service} at {ip}
95329,2026-01-16,15:18:48,INFO,WebServer,Health check passed: WebServer,E102,Health check passed: {service}
95330,2026-01-16,15:04:49,ERROR,WebServer,Timeout waiting for lock on InventoryDB,E502,Timeout waiting for lock on {db}
95331,2026-01-16,15:07:51,INFO,PaymentGateway,Health check passed: PaymentGateway,E102,Health check passed: {service}
95332,2026-01-16,15:01:27,ERROR,AuthService,Timeout waiting for lock on InventoryDB,E502,Timeout waiting for lock on {db}
95333,2026-01-16,15:16:28,WARN,OrderProcessor,High latency (379ms) detected on OrderProcessor,E201,High latency ({time}ms) detected on {service}
95334,2026-01-16,15:46:53,INFO,WebServer,User u4849 login successful,E101,User {user} login successful
95335,2026-01-16,15:41:16,INFO,WebServer,User u2749 login successful,E101,User {user} login successful
95336,2026-01-16,15:29:04,CRITICAL,WebServer,KERNEL PANIC: Node node-3 crashed,E601,KERNEL PANIC: Node {node} crashed
95337,2026-01-16,15:19:27,INFO,AuthService,Health check passed: AuthService,E102,Health check passed: {service}
95338,2026-01-16,15:18:08,INFO,OrderProcessor,Page view: /home by u1384,E103,Page view: {page} by {user}
95339,2026-01-16,15:19:56,ERROR,WebServer,Connection refused to WebServer at 10.0.0.45,E501,Connection refused to {service} at {ip}
95340,2026-01-16,15:40:22,WARN,InventoryDB,Disk usage > 85% on node node-5,E202,Disk usage > 85% on node {node}
95341,2026-01-16,15:02:20,INFO,WebServer,User u1298 login successful,E101,User {user} login successful
95342,2026-01-16,15:27:56,WARN,WebServer,Unauthorized access attempt from 10.0.0.45,E401,Unauthorized access attempt from {ip}
95343,2026-01-16,15:21:56,WARN,WebServer,Disk usage > 85% on node node-3,E202,Disk usage > 85% on node {node}
95344,2026-01-16,15:08:17,ERROR,WebServer,Timeout waiting for lock on InventoryDB,E502,Timeout waiting for lock on {db}
95345,2026-01-16,15:44:48,WARN,AuthService,High latency (242ms) detected on AuthService,E201,High latency ({time}ms) detected on {service}
95346,2026-01-16,15:30:37,CRITICAL,PaymentGateway,KERNEL PANIC: Node node-3 crashed,E601,KERNEL PANIC: Node {node} crashed
95347,2026-01-16,15:31:01,CRITICAL,WebServer,DATA CORRUPTION detected in sector 341,E602,DATA CORRUPTION detected in sector {sector}
95348,2026-01-16,15:16:38,ERROR,OrderProcessor,Timeout waiting for lock on InventoryDB,E502,Timeout waiting for lock on {db}
95349,2026-01-16,15:51:13,ERROR,OrderProcessor,Payment declined: Gateway unavailable,E503,Payment declined: Gateway unavailable
95350,2026-01-16,15:14:28,ERROR,OrderProcessor,Timeout waiting for lock on InventoryDB,E502,Timeout waiting for lock on {db}
95351,2026-01-16,15:49:30,ERROR,WebServer,Connection refused to WebServer at 10.0.0.12,E501,Connection refused to {service} at {ip}
95352,2026-01-16,15:49:24,WARN,WebServer,High latency (416ms) detected on WebServer,E201,High latency ({time}ms) detected on {service}
95353,2026-01-16,15:19:24,INFO,AuthService,Page view: /home by u3802,E103,Page view: {page} by {user}
95354,2026-01-16,15:19:36,INFO,PaymentGateway,Transaction tx222616 completed in 1161ms,E104,Transaction {tx} completed in {time}ms
95355,2026-01-16,15:33:22,ERROR,WebServer,Connection refused to WebServer at 10.0.0.45,E501,Connection refused to {service} at {ip}
95356,2026-01-16,15:20:14,INFO,WebServer,Page view: /home by u2930,E103,Page view: {page} by {user}
95357,2026-01-16,15:44:23,ERROR,WebServer,Connection refused to WebServer at 10.0.0.12,E501,Connection refused to {service} at {ip}
95358,2026-01-16,15:02:11,INFO,AuthService,Page view: /home by u1587,E103,Page view: {page} by {user}
95359,2026-01-16,15:04:49,ERROR,InventoryDB,Timeout waiting for lock on InventoryDB,E502,Timeout waiting for lock on {db}
95360,2026-01-16,15:55:56,ERROR,AuthService,Connection refused to AuthService at 10.0.0.10,E501,Connection refused to {service} at {ip}
95361,2026-01-16,15:13:13,ERROR,WebServer,Connection refused to WebServer at 10.0.0.45,E501,Connection refused to {service} at {ip}
95362,2026-01-16,15:52:32,ERROR,WebServer,Timeout waiting for lock on InventoryDB,E502,Timeout waiting for lock on {db}
95363,2026-01-16,15:27:31,INFO,OrderProcessor,Health check passed: OrderProcessor,E102,Health check passed: {service}
95364,2026-01-16,15:13:19,ERROR,OrderProcessor,Timeout waiting for lock on InventoryDB,E502,Timeout waiting for lock on {db}
95365,2026-01-16,15:32:40,WARN,WebServer,Disk usage > 85% on node node-1,E202,Disk usage > 85% on node {node}
95366,2026-01-16,15:05:03,INFO,WebServer,Page view: /home by u3571,E103,Page view: {page} by {user}
95367,2026-01-16,15:58:30,CRITICAL,WebServer,KERNEL PANIC: Node node-2 crashed,E601,KERNEL PANIC: Node {node} crashed
95368,2026-01-16,15:45:50,ERROR,WebServer,Connection refused to WebServer at 10.0.0.12,E501,Connection refused to {service} at {ip}
95369,2026-01-16,15:08:41,WARN,AuthService,Disk usage > 85% on node node-4,E202,Disk usage > 85% on node {node}
95370,2026-01-16,15:33:18,ERROR,WebServer,Connection refused to WebServer at 10.0.0.45,E501,Connection refused to {service} at {ip}
95371,2026-01-16,15:58:39,INFO,WebServer,User u1900 login successful,E101,User {user} login successful
95372,2026-01-16,15:25:33,ERROR,WebServer,Connection refused to WebServer at 10.0.0.12,E501,Connection refused to {service} at {ip}
95373,2026-01-16,15:08:02,ERROR,WebServer,Timeout waiting for lock on InventoryDB,E502,Timeout waiting for lock on {db}
95374,2026-01-16,15:53:02,INFO,OrderProcessor,User u1662 login successful,E101,User {user} login successful
95375,2026-01-16,15:12:44,ERROR,InventoryDB,Connection refused to InventoryDB at 10.0.0.45,E501,Connection refused to {service} at {ip}
95376,2026-01-16,15:05:42,ERROR,WebServer,Timeout waiting for lock on InventoryDB,E502,Timeout waiting for lock on {db}
95377,2026-01-16,15:45:25,ERROR,PaymentGateway,Timeout waiting for lock on InventoryDB,E502,Timeout waiting for lock on {db}
95378,2026-01-16,15:09:28,CRITICAL,OrderProcessor,KERNEL PANIC: Node node-1 crashed,E601,KERNEL PANIC: Node {node} crashed
95379,2026-01-16,15:47:24,ERROR,AuthService,Timeout waiting for lock on InventoryDB,E502,Timeout waiting for lock on {db}
95380,2026-01-16,15:35:47,INFO,OrderProcessor,Health check passed: OrderProcessor,E102,Health check passed: {service}
95381,2026-01-16,15:33:42,INFO,OrderProcessor,User u3812 login successful,E101,User {user} login successful
95382,2026-01-16,15:04:18,ERROR,WebServer,Connection refused to WebServer at 10.0.0.45,E501,Connection refused to {service} at {ip}
95383,2026-01-16,15:30:31,ERROR,AuthService,Connection refused to AuthService at 10.0.0.45,E501,Connection refused to {service} at {ip}
95384,2026-01-16,15:28:13,INFO,AuthService,User u3547 login successful,E101,User {user} login successful
95385,2026-01-16,15:30:53,ERROR,WebServer,Connection refused to WebServer at 10.0.0.99,E501,Connection refused to {service} at {ip}
95386,2026-01-16,15:18:46,ERROR,WebServer,Payment declined: Gateway unavailable,E503,Payment declined: Gateway unavailable
95387,2026-01-16,15:15:18,ERROR,WebServer,Timeout waiting for lock on InventoryDB,E502,Timeout waiting for lock on {db}
95388,2026-01-16,15:39:21,WARN,OrderProcessor,Disk usage > 85% on node node-4,E202,Disk usage > 85% on node {node}
95389,2026-01-16,15:57:58,ERROR,PaymentGateway,Connection refused to PaymentGateway at 10.0.0.45,E501,Connection refused to {service} at {ip}
95390,2026-01-16,15:22:03,INFO,AuthService,Transaction tx825795 completed in 1402ms,E104,Transaction {tx} completed in {time}ms
95391,2026-01-16,15:07:20,INFO,OrderProcessor,Transaction tx810160 completed in 66ms,E104,Transaction {tx} completed in {time}ms
95392,2026-01-16,15:44:20,ERROR,AuthService,Connection refused to AuthService at 10.0.0.45,E501,Connection refused to {service} at {ip}
95393,2026-01-16,15:11:39,INFO,WebServer,User u2280 login successful,E101,User {user} login successful
95394,2026-01-16,15:45:30,INFO,AuthService,User u4727 login successful,E101,User {user} login successful
95395,2026-01-16,15:39:01,INFO,WebServer,Page view: /home by u4722,E103,Page view: {page} by {user}
95396,2026-01-16,15:55:30,CRITICAL,AuthService,DATA CORRUPTION detected in sector 827,E602,DATA CORRUPTION detected in sector {sector}
95397,2026-01-16,15:56:12,INFO,OrderProcessor,Page view: /home by u3619,E103,Page view: {page} by {user}
95398,2026-01-16,15:54:44,ERROR,OrderProcessor,Payment declined: Gateway unavailable,E503,Payment declined: Gateway unavailable
95399,2026-01-16,15:52:50,ERROR,WebServer,Timeout waiting for lock on InventoryDB,E502,Timeout waiting for lock on {db}
95400,2026-01-16,15:40:18,ERROR,WebServer,Payment declined: Gateway unavailable,E503,Payment declined: Gateway unavailable
95401,2026-01-16,15:27:25,INFO,AuthService,User u1034 login successful,E101,User {user} login successful
95402,2026-01-16,15:55:35,ERROR,OrderProcessor,Payment declined: Gateway unavailable,E503,Payment declined: Gateway unavailable
95403,2026-01-16,15:07:57,ERROR,WebServer,Payment declined: Gateway unavailable,E503,Payment declined: Gateway unavailable
95404,2026-01-16,15:20:17,INFO,WebServer,User u3053 login successful,E101,User {user} login successful
95405,2026-01-16,15:00:01,ERROR,WebServer,Connection refused to WebServer at 10.0.0.45,E501,Connection refused to {service} at {ip}
95406,2026-01-16,15:25:55,WARN,WebServer,Unauthorized access attempt from 10.0.0.45,E401,Unauthorized access attempt from {ip}
95407,2026-01-16,15:50:58,ERROR,WebServer,Payment declined: Gateway unavailable,E503,Payment declined: Gateway unavailable
95408,2026-01-16,15:58:12,ERROR,WebServer,Timeout waiting for lock on InventoryDB,E502,Timeout waiting for lock on {db}
95409,2026-01-16,15:10:00,ERROR,OrderProcessor,Payment declined: Gateway unavailable,E503,Payment declined: Gateway unavailable
95410,2026-01-16,15:12:18,ERROR,WebServer,Connection refused to WebServer at 10.0.0.45,E501,Connection refused to {service} at {ip}
95411,2026-01-16,15:37:37,WARN,WebServer,High latency (1713ms) detected on WebServer,E201,High latency ({time}ms) detected on {service}
95412,2026-01-16,15:34:48,INFO,WebServer,Transaction tx624074 completed in 1118ms,E104,Transaction {tx} completed in {time}ms
95413,2026-01-16,15:24:51,CRITICAL,OrderProcessor,KERNEL PANIC: Node node-2 crashed,E601,KERNEL PANIC: Node {node} crashed
95414,2026-01-16,15:57:17,ERROR,OrderProcessor,Payment declined: Gateway unavailable,E503,Payment declined: Gateway unavailable
95415,2026-01-16,15:42:22,WARN,WebServer,High latency (374ms) detected on WebServer,E201,High latency ({time}ms) detected on {service}
95416,2026-01-16,15:11:29,INFO,WebServer,User u3464 login successful,E101,User {user} login successful
95417,2026-01-16,15:36:49,ERROR,WebServer,Timeout waiting for lock on InventoryDB,E502,Timeout waiting for lock on {db}
95418,2026-01-16,15:46:16,ERROR,WebServer,Payment declined: Gateway unavailable,E503,Payment declined: Gateway unavailable
95419,2026-01-16,15:16:14,WARN,WebServer,Unauthorized access attempt from 10.0.0.45,E401,Unauthorized access attempt from {ip}
95420,2026-01-16,15:51:54,ERROR,InventoryDB,Connection refused to InventoryDB at 10.0.0.88,E501,Connection refused to {service} at {ip}
95421,2026-01-16,15:24:48,INFO,WebServer,Health check passed: WebServer,E102,Health check passed: {service}
95422,2026-01-16,15:52:48,INFO,WebServer,Transaction tx645226 completed in 1724ms,E104,Transaction {tx} completed in {time}ms
95423,2026-01-16,15:50:12,WARN,WebServer,Unauthorized access attempt from 10.0.0.45,E401,Unauthorized access attempt from {ip}
95424,2026-01-16,15:30:15,ERROR,WebServer,Connection refused to WebServer at 10.0.0.45,E501,Connection refused to {service} at {ip}
95425,2026-01-16,15:49:49,ERROR,WebServer,Connection refused to WebServer at 10.0.0.45,E501,Connection refused to {service} at {ip}
95426,2026-01-16,15:15:19,WARN,AuthService,Unauthorized access attempt from 10.0.0.45,E401,Unauthorized access attempt from {ip}
95427,2026-01-16,15:05:54,INFO,PaymentGateway,Page view: /home by u1686,E103,Page view: {page} by {user}
95428,2026-01-16,15:26:43,WARN,OrderProcessor,Unauthorized access attempt from 10.0.0.99,E401,Unauthorized access attempt from {ip}
95429,2026-01-16,15:44:09,ERROR,WebServer,Connection refused to WebServer at 10.0.0.99,E501,Connection refused to {service} at {ip}
95430,2026-01-16,15:12:17,ERROR,AuthService,Payment declined: Gateway unavailable,E503,Payment declined: Gateway unavailable
95431,2026-01-16,15:50:24,INFO,OrderProcessor,Transaction tx446128 completed in 1367ms,E104,Transaction {tx} completed in {time}ms
95432,2026-01-16,15:10:09,WARN,AuthService,Unauthorized access attempt from 10.0.0.45,E401,Unauthorized access attempt from {ip}
95433,2026-01-16,15:05:02,INFO,WebServer,User u1364 login successful,E101,User {user} login successful
95434,2026-01-16,15:55:09,INFO,WebServer,User u3632 login successful,E101,User {user} login successful
95435,2026-01-16,15:45:30,ERROR,WebServer,Connection refused to WebServer at 10.0.0.45,E501,Connection refused to {service} at {ip}
95436,2026-01-16,15:49:14,INFO,OrderProcessor,Health check passed: OrderProcessor,E102,Health check passed: {service}
95437,2026-01-16,15:16:45,INFO,AuthService,User u1329 login successful,E101,User {user} login successful
95438,2026-01-16,15:55:02,INFO,WebServer,Health check passed: WebServer,E102,Health check passed: {service}
95439,2026-01-16,15:28:46,CRITICAL,OrderProcessor,DATA CORRUPTION detected in sector 913,E602,DATA CORRUPTION detected in sector {sector}
95440,2026-01-16,15:59:45,INFO,WebServer,User u2395 login successful,E101,User {user} login successful
95441,2026-01-16,15:56:21,INFO,OrderProcessor,Transaction tx325091 completed in 1501ms,E104,Transaction {tx} completed in {time}ms
95442,2026-01-16,15:41:18,ERROR,OrderProcessor,Payment declined: Gateway unavailable,E503,Payment declined: Gateway unavailable
95443,2026-01-16,15:52:26,ERROR,WebServer,Connection refused to WebServer at 10.0.0.10,E501,Connection refused to {service} at {ip}
95444,2026-01-16,15:26:08,CRITICAL,WebServer,KERNEL PANIC: Node node-3 crashed,E601,KERNEL PANIC: Node {node} crashed
95445,2026-01-16,15:17:01,INFO,WebServer,User u4669 login successful,E101,User {user} login successful
95446,2026-01-16,15:17:06,INFO,PaymentGateway,User u3432 login successful,E101,User {user} login successful
95447,2026-01-16,15:33:15,INFO,OrderProcessor,Page view: /home by u4966,E103,Page view: {page} by {user}
95448,2026-01-16,15:43:00,ERROR,OrderProcessor,Timeout waiting for lock on InventoryDB,E502,Timeout waiting for lock on {db}
95449,2026-01-16,15:06:57,ERROR,WebServer,Timeout waiting for lock on InventoryDB,E502,Timeout waiting for lock on {db}
95450,2026-01-16,15:40:40,ERROR,AuthService,Payment declined: Gateway unavailable,E503,Payment declined: Gateway unavailable
95451,2026-01-16,15:30:33,WARN,WebServer,Unauthorized access attempt from 10.0.0.12,E401,Unauthorized access attempt from {ip}
95452,2026-01-16,15:25:35,ERROR,InventoryDB,Timeout waiting for lock on InventoryDB,E502,Timeout waiting for lock on {db}
95453,2026-01-16,15:39:22,CRITICAL,WebServer,DATA CORRUPTION detected in sector 938,E602,DATA CORRUPTION detected in sector {sector}
95454,2026-01-16,15:16:21,CRITICAL,OrderProcessor,DATA CORRUPTION detected in sector 393,E602,DATA CORRUPTION detected in sector {sector}
95455,2026-01-16,15:59:31,WARN,WebServer,Disk usage > 85% on node node-3,E202,Disk usage > 85% on node {node}
95456,2026-01-16,15:47:27,ERROR,OrderProcessor,Connection refused to OrderProcessor at 10.0.0.45,E501,Connection refused to {service} at {ip}
95457,2026-01-16,15:48:06,INFO,AuthService,Transaction tx325414 completed in 1847ms,E104,Transaction {tx} completed in {time}ms
95458,2026-01-16,15:10:15,ERROR,AuthService,Payment declined: Gateway unavailable,E503,Payment declined: Gateway unavailable
95459,2026-01-16,15:30:24,INFO,WebServer,Page view: /home by u1791,E103,Page view: {page} by {user}
95460,2026-01-16,15:52:01,ERROR,AuthService,Timeout waiting for lock on InventoryDB,E502,Timeout waiting for lock on {db}
95461,2026-01-16,15:32:52,ERROR,OrderProcessor,Connection refused to OrderProcessor at 10.0.0.12,E501,Connection refused to {service} at {ip}
95462,2026-01-16,15:16:41,INFO,WebServer,Health check passed: WebServer,E102,Health check passed: {service}
95463,2026-01-16,15:07:55,INFO,WebServer,Page view: /home by u4782,E103,Page view: {page} by {user}
95464,2026-01-16,15:49:31,ERROR,WebServer,Timeout waiting for lock on InventoryDB,E502,Timeout waiting for lock on {db}
95465,2026-01-16,15:44:17,WARN,WebServer,High latency (978ms) detected on WebServer,E201,High latency ({time}ms) detected on {service}
95466,2026-01-16,15:05:08,CRITICAL,WebServer,DATA CORRUPTION detected in sector 688,E602,DATA CORRUPTION detected in sector {sector}
95467,2026-01-16,15:45:08,WARN,WebServer,High latency (1448ms) detected on WebServer,E201,High latency ({time}ms) detected on {service}
95468,2026-01-16,15:24:53,WARN,AuthService,Unauthorized access attempt from 10.0.0.45,E401,Unauthorized access attempt from {ip}
95469,2026-01-16,15:34:01,ERROR,WebServer,Timeout waiting for lock on InventoryDB,E502,Timeout waiting for lock on {db}
95470,2026-01-16,15:45:49,INFO,WebServer,User u3585 login successful,E101,User {user} login successful
95471,2026-01-16,15:26:39,ERROR,OrderProcessor,Payment declined: Gateway unavailable,E503,Payment declined: Gateway unavailable
95472,2026-01-16,15:17:49,ERROR,WebServer,Payment declined: Gateway unavailable,E503,Payment declined: Gateway unavailable
95473,2026-01-16,15:21:10,INFO,WebServer,User u1234 login successful,E101,User {user} login successful
95474,2026-01-16,15:52:17,ERROR,AuthService,Timeout waiting for lock on InventoryDB,E502,Timeout waiting for lock on {db}
95475,2026-01-16,15:34:13,CRITICAL,WebServer,KERNEL PANIC: Node node-2 crashed,E601,KERNEL PANIC: Node {node} crashed
95476,2026-01-16,15:43:35,INFO,WebServer,Health check passed: WebServer,E102,Health check passed: {service}
95477,2026-01-16,15:34:43,ERROR,OrderProcessor,Timeout waiting for lock on InventoryDB,E502,Timeout waiting for lock on {db}
95478,2026-01-16,15:14:16,WARN,AuthService,Unauthorized access attempt from 10.0.0.45,E401,Unauthorized access attempt from {ip}
95479,2026-01-16,15:45:02,WARN,OrderProcessor,Unauthorized access attempt from 10.0.0.45,E401,Unauthorized access attempt from {ip}
95480,2026-01-16,15:37:09,ERROR,OrderProcessor,Connection refused to OrderProcessor at 10.0.0.45,E501,Connection refused to {service} at {ip}
95481,2026-01-16,15:17:07,ERROR,OrderProcessor,Connection refused to OrderProcessor at 10.0.0.45,E501,Connection refused to {service} at {ip}
95482,2026-01-16,15:13:51,INFO,WebServer,Page view: /home by u1775,E103,Page view: {page} by {user}
95483,2026-01-16,15:18:01,WARN,AuthService,High latency (432ms) detected on AuthService,E201,High latency ({time}ms) detected on {service}
95484,2026-01-16,15:41:04,INFO,AuthService,Page view: /home by u4042,E103,Page view: {page} by {user}
95485,2026-01-16,15:11:02,INFO,WebServer,Transaction tx317555 completed in 660ms,E104,Transaction {tx} completed in {time}ms
95486,2026-01-16,15:51:03,WARN,AuthService,Unauthorized access attempt from 10.0.0.45,E401,Unauthorized access attempt from {ip}
95487,2026-01-16,15:10:02,INFO,WebServer,Transaction tx253173 completed in 392ms,E104,Transaction {tx} completed in {time}ms
95488,2026-01-16,15:19:31,WARN,WebServer,High latency (1296ms) detected on WebServer,E201,High latency ({time}ms) detected on {service}
95489,2026-01-16,15:50:36,WARN,WebServer,Unauthorized access attempt from 10.0.0.45,E401,Unauthorized access attempt from {ip}
95490,2026-01-16,15:17:25,ERROR,InventoryDB,Connection refused to InventoryDB at 10.0.0.12,E501,Connection refused to {service} at {ip}
95491,2026-01-16,15:24:54,ERROR,InventoryDB,Connection refused to InventoryDB at 10.0.0.12,E501,Connection refused to {service} at {ip}
95492,2026-01-16,15:15:12,WARN,WebServer,Disk usage > 85% on node node-1,E202,Disk usage > 85% on node {node}
95493,2026-01-16,15:28:08,CRITICAL,AuthService,KERNEL PANIC: Node node-1 crashed,E601,KERNEL PANIC: Node {node} crashed
95494,2026-01-16,15:35:33,ERROR,AuthService,Connection refused to AuthService at 10.0.0.99,E501,Connection refused to {service} at {ip}
95495,2026-01-16,15:36:22,WARN,WebServer,High latency (1035ms) detected on WebServer,E201,High latency ({time}ms) detected on {service}
95496,2026-01-16,15:29:07,ERROR,PaymentGateway,Connection refused to PaymentGateway at 10.0.0.45,E501,Connection refused to {service} at {ip}
95497,2026-01-16,15:22:05,INFO,WebServer,User u4132 login successful,E101,User {user} login successful
95498,2026-01-16,15:49:54,INFO,WebServer,Health check passed: WebServer,E102,Health check passed: {service}
95499,2026-01-16,15:18:35,CRITICAL,PaymentGateway,KERNEL PANIC: Node node-1 crashed,E601,KERNEL PANIC: Node {node} crashed
95500,2026-01-16,15:09:53,ERROR,WebServer,Connection refused to WebServer at 10.0.0.10,E501,Connection refused to {service} at {ip}
95501,2026-01-16,15:13:08,INFO,AuthService,Page view: /home by u2913,E103,Page view: {page} by {user}
95502,2026-01-16,15:00:23,INFO,OrderProcessor,Page view: /home by u4011,E103,Page view: {page} by {user}
95503,2026-01-16,15:13:25,INFO,OrderProcessor,Page view: /home by u4288,E103,Page view: {page} by {user}
95504,2026-01-16,15:34:35,INFO,AuthService,Transaction tx268439 completed in 998ms,E104,Transaction {tx} completed in {time}ms
95505,2026-01-16,15:20:40,ERROR,WebServer,Timeout waiting for lock on InventoryDB,E502,Timeout waiting for lock on {db}
95506,2026-01-16,15:45:16,ERROR,OrderProcessor,Connection refused to OrderProcessor at 10.0.0.99,E501,Connection refused to {service} at {ip}
95507,2026-01-16,15:10:12,INFO,WebServer,Page view: /home by u2480,E103,Page view: {page} by {user}
95508,2026-01-16,15:39:57,INFO,WebServer,User u1114 login successful,E101,User {user} login successful
95509,2026-01-16,15:15:22,ERROR,WebServer,Payment declined: Gateway unavailable,E503,Payment declined: Gateway unavailable
95510,2026-01-16,15:08:46,WARN,WebServer,Disk usage > 85% on node node-5,E202,Disk usage > 85% on node {node}
95511,2026-01-16,15:11:00,ERROR,WebServer,Payment declined: Gateway unavailable,E503,Payment declined: Gateway unavailable
95512,2026-01-16,15:14:29,WARN,PaymentGateway,Unauthorized access attempt from 10.0.0.45,E401,Unauthorized access attempt from {ip}
95513,2026-01-16,15:09:03,INFO,OrderProcessor,Transaction tx437192 completed in 621ms,E104,Transaction {tx} completed in {time}ms
95514,2026-01-16,15:08:48,INFO,OrderProcessor,Health check passed: OrderProcessor,E102,Health check passed: {service}
95515,2026-01-16,15:23:36,WARN,WebServer,High latency (855ms) detected on WebServer,E201,High latency ({time}ms) detected on {service}
95516,2026-01-16,15:52:25,INFO,WebServer,Page view: /home by u1959,E103,Page view: {page} by {user}
95517,2026-01-16,15:29:26,ERROR,AuthService,Connection refused to AuthService at 10.0.0.45,E501,Connection refused to {service} at {ip}
95518,2026-01-16,15:22:21,WARN,PaymentGateway,Disk usage > 85% on node node-1,E202,Disk usage > 85% on node {node}
95519,2026-01-16,15:46:10,CRITICAL,WebServer,DATA CORRUPTION detected in sector 683,E602,DATA CORRUPTION detected in sector {sector}
95520,2026-01-16,15:24:00,ERROR,OrderProcessor,Payment declined: Gateway unavailable,E503,Payment declined: Gateway unavailable
95521,2026-01-16,15:17:48,INFO,WebServer,Transaction tx160998 completed in 678ms,E104,Transaction {tx} completed in {time}ms
95522,2026-01-16,15:47:10,INFO,PaymentGateway,Transaction tx756687 completed in 1872ms,E104,Transaction {tx} completed in {time}ms
95523,2026-01-16,15:08:45,ERROR,InventoryDB,Payment declined: Gateway unavailable,E503,Payment declined: Gateway unavailable
95524,2026-01-16,15:26:33,INFO,AuthService,Health check passed: AuthService,E102,Health check passed: {service}
95525,2026-01-16,15:08:02,ERROR,InventoryDB,Connection refused to InventoryDB at 10.0.0.45,E501,Connection refused to {service} at {ip}
95526,2026-01-16,15:22:09,ERROR,WebServer,Timeout waiting for lock on InventoryDB,E502,Timeout waiting for lock on {db}
95527,2026-01-16,15:52:47,INFO,OrderProcessor,Health check passed: OrderProcessor,E102,Health check passed: {service}
95528,2026-01-16,15:45:43,ERROR,PaymentGateway,Payment declined: Gateway unavailable,E503,Payment declined: Gateway unavailable
95529,2026-01-16,15:27:36,INFO,OrderProcessor,User u4039 login successful,E101,User {user} login successful
95530,2026-01-16,15:45:28,WARN,WebServer,Disk usage > 85% on node node-3,E202,Disk usage > 85% on node {node}
95531,2026-01-16,15:52:01,WARN,WebServer,High latency (641ms) detected on WebServer,E201,High latency ({time}ms) detected on {service}
95532,2026-01-16,15:13:15,CRITICAL,AuthService,KERNEL PANIC: Node node-3 crashed,E601,KERNEL PANIC: Node {node} crashed
95533,2026-01-16,15:35:11,ERROR,OrderProcessor,Connection refused to OrderProcessor at 10.0.0.45,E501,Connection refused to {service} at {ip}
95534,2026-01-16,15:06:14,INFO,WebServer,Health check passed: WebServer,E102,Health check passed: {service}
95535,2026-01-16,15:05:02,INFO,WebServer,Page view: /home by u2534,E103,Page view: {page} by {user}
95536,2026-01-16,15:10:18,WARN,InventoryDB,Disk usage > 85% on node node-4,E202,Disk usage > 85% on node {node}
95537,2026-01-16,15:37:35,ERROR,WebServer,Connection refused to WebServer at 10.0.0.45,E501,Connection refused to {service} at {ip}
95538,2026-01-16,15:38:53,INFO,WebServer,Health check passed: WebServer,E102,Health check passed: {service}
95539,2026-01-16,15:52:10,ERROR,PaymentGateway,Timeout waiting for lock on InventoryDB,E502,Timeout waiting for lock on {db}
95540,2026-01-16,15:20:25,INFO,WebServer,User u3533 login successful,E101,User {user} login successful
95541,2026-01-16,15:41:01,INFO,WebServer,Health check passed: WebServer,E102,Health check passed: {service}
95542,2026-01-16,15:42:47,WARN,WebServer,High latency (402ms) detected on WebServer,E201,High latency ({time}ms) detected on {service}
95543,2026-01-16,15:09:37,WARN,WebServer,Unauthorized access attempt from 10.0.0.88,E401,Unauthorized access attempt from {ip}
95544,2026-01-16,15:19:25,INFO,InventoryDB,Health check passed: InventoryDB,E102,Health check passed: {service}
95545,2026-01-16,15:20:24,INFO,WebServer,Page view: /home by u1922,E103,Page view: {page} by {user}
95546,2026-01-16,15:21:36,WARN,OrderProcessor,Disk usage > 85% on node node-2,E202,Disk usage > 85% on node {node}
95547,2026-01-16,15:00:38,ERROR,PaymentGateway,Connection refused to PaymentGateway at 10.0.0.45,E501,Connection refused to {service} at {ip}
95548,2026-01-16,15:33:39,INFO,AuthService,Health check passed: AuthService,E102,Health check passed: {service}
95549,2026-01-16,15:17:32,INFO,OrderProcessor,Page view: /home by u1160,E103,Page view: {page} by {user}
95550,2026-01-16,15:25:28,INFO,PaymentGateway,User u3918 login successful,E101,User {user} login successful
95551,2026-01-16,15:38:41,ERROR,WebServer,Timeout waiting for lock on InventoryDB,E502,Timeout waiting for lock on {db}
95552,2026-01-16,15:13:35,ERROR,WebServer,Timeout waiting for lock on InventoryDB,E502,Timeout waiting for lock on {db}
95553,2026-01-16,15:11:12,ERROR,WebServer,Timeout waiting for lock on InventoryDB,E502,Timeout waiting for lock on {db}
95554,2026-01-16,15:05:55,WARN,PaymentGateway,Unauthorized access attempt from 10.0.0.45,E401,Unauthorized access attempt from {ip}
95555,2026-01-16,15:37:20,ERROR,OrderProcessor,Timeout waiting for lock on InventoryDB,E502,Timeout waiting for lock on {db}
95556,2026-01-16,15:18:56,ERROR,WebServer,Payment declined: Gateway unavailable,E503,Payment declined: Gateway unavailable
95557,2026-01-16,15:57:29,ERROR,WebServer,Payment declined: Gateway unavailable,E503,Payment declined: Gateway unavailable
95558,2026-01-16,15:09:29,WARN,WebServer,High latency (426ms) detected on WebServer,E201,High latency ({time}ms) detected on {service}
95559,2026-01-16,15:32:13,WARN,PaymentGateway,High latency (1650ms) detected on PaymentGateway,E201,High latency ({time}ms) detected on {service}
95560,2026-01-16,15:15:36,INFO,WebServer,Page view: /home by u1277,E103,Page view: {page} by {user}
95561,2026-01-16,15:33:42,ERROR,WebServer,Connection refused to WebServer at 10.0.0.45,E501,Connection refused to {service} at {ip}
95562,2026-01-16,15:00:05,CRITICAL,WebServer,KERNEL PANIC: Node node-3 crashed,E601,KERNEL PANIC: Node {node} crashed
95563,2026-01-16,15:58:46,ERROR,AuthService,Payment declined: Gateway unavailable,E503,Payment declined: Gateway unavailable
95564,2026-01-16,15:54:19,ERROR,WebServer,Timeout waiting for lock on InventoryDB,E502,Timeout waiting for lock on {db}
95565,2026-01-16,15:04:13,ERROR,WebServer,Connection refused to WebServer at 10.0.0.12,E501,Connection refused to {service} at {ip}
95566,2026-01-16,15:16:48,WARN,PaymentGateway,High latency (1584ms) detected on PaymentGateway,E201,High latency ({time}ms) detected on {service}
95567,2026-01-16,15:51:45,ERROR,InventoryDB,Timeout waiting for lock on InventoryDB,E502,Timeout waiting for lock on {db}
95568,2026-01-16,15:54:33,ERROR,InventoryDB,Timeout waiting for lock on InventoryDB,E502,Timeout waiting for lock on {db}
95569,2026-01-16,15:35:04,WARN,PaymentGateway,Unauthorized access attempt from 10.0.0.45,E401,Unauthorized access attempt from {ip}
95570,2026-01-16,15:41:41,CRITICAL,AuthService,DATA CORRUPTION detected in sector 807,E602,DATA CORRUPTION detected in sector {sector}
95571,2026-01-16,15:01:39,INFO,WebServer,User u2557 login successful,E101,User {user} login successful
95572,2026-01-16,15:26:09,ERROR,AuthService,Connection refused to AuthService at 10.0.0.10,E501,Connection refused to {service} at {ip}
95573,2026-01-16,15:25:48,ERROR,WebServer,Payment declined: Gateway unavailable,E503,Payment declined: Gateway unavailable
95574,2026-01-16,15:06:07,WARN,WebServer,Unauthorized access attempt from 10.0.0.45,E401,Unauthorized access attempt from {ip}
95575,2026-01-16,15:53:39,INFO,OrderProcessor,User u1396 login successful,E101,User {user} login successful
95576,2026-01-16,15:41:00,INFO,WebServer,Health check passed: WebServer,E102,Health check passed: {service}
95577,2026-01-16,15:07:43,ERROR,PaymentGateway,Connection refused to PaymentGateway at 10.0.0.45,E501,Connection refused to {service} at {ip}
95578,2026-01-16,15:11:59,WARN,AuthService,Disk usage > 85% on node node-5,E202,Disk usage > 85% on node {node}
95579,2026-01-16,15:28:21,INFO,OrderProcessor,Health check passed: OrderProcessor,E102,Health check passed: {service}
95580,2026-01-16,15:46:28,ERROR,AuthService,Timeout waiting for lock on InventoryDB,E502,Timeout waiting for lock on {db}
95581,2026-01-16,15:41:03,INFO,WebServer,Page view: /home by u3889,E103,Page view: {page} by {user}
95582,2026-01-16,15:50:48,WARN,AuthService,Unauthorized access attempt from 10.0.0.88,E401,Unauthorized access attempt from {ip}
95583,2026-01-16,15:11:12,INFO,AuthService,Transaction tx910265 completed in 1644ms,E104,Transaction {tx} completed in {time}ms
95584,2026-01-16,15:26:06,INFO,PaymentGateway,Health check passed: PaymentGateway,E102,Health check passed: {service}
95585,2026-01-16,15:03:48,WARN,PaymentGateway,High latency (1805ms) detected on PaymentGateway,E201,High latency ({time}ms) detected on {service}
95586,2026-01-16,15:22:40,ERROR,PaymentGateway,Connection refused to PaymentGateway at 10.0.0.45,E501,Connection refused to {service} at {ip}
95587,2026-01-16,15:35:56,ERROR,AuthService,Connection refused to AuthService at 10.0.0.12,E501,Connection refused to {service} at {ip}
95588,2026-01-16,15:54:18,WARN,WebServer,High latency (972ms) detected on WebServer,E201,High latency ({time}ms) detected on {service}
95589,2026-01-16,15:20:09,INFO,WebServer,Transaction tx885015 completed in 1625ms,E104,Transaction {tx} completed in {time}ms
95590,2026-01-16,15:09:50,INFO,WebServer,User u2324 login successful,E101,User {user} login successful
95591,2026-01-16,15:02:22,WARN,OrderProcessor,Unauthorized access attempt from 10.0.0.45,E401,Unauthorized access attempt from {ip}
95592,2026-01-16,15:02:13,INFO,WebServer,Page view: /home by u4956,E103,Page view: {page} by {user}
95593,2026-01-16,15:11:02,INFO,WebServer,Health check passed: WebServer,E102,Health check passed: {service}
95594,2026-01-16,15:47:04,ERROR,PaymentGateway,Payment declined: Gateway unavailable,E503,Payment declined: Gateway unavailable
95595,2026-01-16,15:00:00,CRITICAL,PaymentGateway,DATA CORRUPTION detected in sector 209,E602,DATA CORRUPTION detected in sector {sector}
95596,2026-01-16,15:04:02,WARN,PaymentGateway,Unauthorized access attempt from 10.0.0.12,E401,Unauthorized access attempt from {ip}
95597,2026-01-16,15:00:12,ERROR,WebServer,Connection refused to WebServer at 10.0.0.99,E501,Connection refused to {service} at {ip}
95598,2026-01-16,15:04:41,ERROR,WebServer,Payment declined: Gateway unavailable,E503,Payment declined: Gateway unavailable
95599,2026-01-16,15:44:30,ERROR,WebServer,Timeout waiting for lock on InventoryDB,E502,Timeout waiting for lock on {db}
95600,2026-01-16,15:06:47,ERROR,AuthService,Connection refused to AuthService at 10.0.0.10,E501,Connection refused to {service} at {ip}
95601,2026-01-16,15:58:08,INFO,WebServer,Health check passed: WebServer,E102,Health check passed: {service}
95602,2026-01-16,15:50:40,CRITICAL,AuthService,KERNEL PANIC: Node node-3 crashed,E601,KERNEL PANIC: Node {node} crashed
95603,2026-01-16,15:18:23,WARN,WebServer,High latency (686ms) detected on WebServer,E201,High latency ({time}ms) detected on {service}
95604,2026-01-16,15:52:36,ERROR,AuthService,Timeout waiting for lock on InventoryDB,E502,Timeout waiting for lock on {db}
95605,2026-01-16,15:45:06,INFO,WebServer,Page view: /home by u1617,E103,Page view: {page} by {user}
95606,2026-01-16,15:20:40,INFO,AuthService,Transaction tx180045 completed in 1247ms,E104,Transaction {tx} completed in {time}ms
95607,2026-01-16,15:14:03,ERROR,WebServer,Connection refused to WebServer at 10.0.0.45,E501,Connection refused to {service} at {ip}
95608,2026-01-16,15:22:06,ERROR,WebServer,Connection refused to WebServer at 10.0.0.12,E501,Connection refused to {service} at {ip}
95609,2026-01-16,15:14:31,ERROR,WebServer,Payment declined: Gateway unavailable,E503,Payment declined: Gateway unavailable
95610,2026-01-16,15:01:12,ERROR,WebServer,Payment declined: Gateway unavailable,E503,Payment declined: Gateway unavailable
95611,2026-01-16,15:16:32,INFO,OrderProcessor,User u1558 login successful,E101,User {user} login successful
95612,2026-01-16,15:43:17,ERROR,InventoryDB,Payment declined: Gateway unavailable,E503,Payment declined: Gateway unavailable
95613,2026-01-16,15:47:39,CRITICAL,WebServer,KERNEL PANIC: Node node-2 crashed,E601,KERNEL PANIC: Node {node} crashed
95614,2026-01-16,15:00:31,CRITICAL,AuthService,KERNEL PANIC: Node node-1 crashed,E601,KERNEL PANIC: Node {node} crashed
95615,2026-01-16,15:46:03,ERROR,OrderProcessor,Payment declined: Gateway unavailable,E503,Payment declined: Gateway unavailable
95616,2026-01-16,15:16:41,ERROR,WebServer,Payment declined: Gateway unavailable,E503,Payment declined: Gateway unavailable
95617,2026-01-16,15:01:48,ERROR,WebServer,Connection refused to WebServer at 10.0.0.45,E501,Connection refused to {service} at {ip}
95618,2026-01-16,15:14:00,WARN,WebServer,Unauthorized access attempt from 10.0.0.45,E401,Unauthorized access attempt from {ip}
95619,2026-01-16,15:27:44,INFO,WebServer,Page view: /home by u1554,E103,Page view: {page} by {user}
95620,2026-01-16,15:36:28,ERROR,WebServer,Timeout waiting for lock on InventoryDB,E502,Timeout waiting for lock on {db}
95621,2026-01-16,15:15:49,ERROR,OrderProcessor,Connection refused to OrderProcessor at 10.0.0.99,E501,Connection refused to {service} at {ip}
95622,2026-01-16,15:24:09,ERROR,WebServer,Timeout waiting for lock on InventoryDB,E502,Timeout waiting for lock on {db}
95623,2026-01-16,15:03:23,INFO,InventoryDB,Page view: /home by u1278,E103,Page view: {page} by {user}
95624,2026-01-16,15:48:07,ERROR,WebServer,Timeout waiting for lock on InventoryDB,E502,Timeout waiting for lock on {db}
95625,2026-01-16,15:16:58,ERROR,WebServer,Connection refused to WebServer at 10.0.0.45,E501,Connection refused to {service} at {ip}
95626,2026-01-16,15:02:11,ERROR,WebServer,Payment declined: Gateway unavailable,E503,Payment declined: Gateway unavailable
95627,2026-01-16,15:58:06,WARN,WebServer,Unauthorized access attempt from 10.0.0.12,E401,Unauthorized access attempt from {ip}
95628,2026-01-16,15:54:33,ERROR,AuthService,Timeout waiting for lock on InventoryDB,E502,Timeout waiting for lock on {db}
95629,2026-01-16,15:34:47,ERROR,WebServer,Payment declined: Gateway unavailable,E503,Payment declined: Gateway unavailable
95630,2026-01-16,15:08:46,CRITICAL,WebServer,KERNEL PANIC: Node node-4 crashed,E601,KERNEL PANIC: Node {node} crashed
95631,2026-01-16,15:57:02,ERROR,AuthService,Timeout waiting for lock on InventoryDB,E502,Timeout waiting for lock on {db}
95632,2026-01-16,15:47:50,WARN,WebServer,High latency (1222ms) detected on WebServer,E201,High latency ({time}ms) detected on {service}
95633,2026-01-16,15:44:46,INFO,WebServer,Transaction tx562118 completed in 1312ms,E104,Transaction {tx} completed in {time}ms
95634,2026-01-16,15:57:24,ERROR,WebServer,Connection refused to WebServer at 10.0.0.12,E501,Connection refused to {service} at {ip}
95635,2026-01-16,15:49:12,ERROR,AuthService,Connection refused to AuthService at 10.0.0.45,E501,Connection refused to {service} at {ip}
95636,2026-01-16,15:59:13,INFO,WebServer,Page view: /home by u4684,E103,Page view: {page} by {user}
95637,2026-01-16,15:56:50,INFO,AuthService,Health check passed: AuthService,E102,Health check passed: {service}
95638,2026-01-16,15:40:18,INFO,PaymentGateway,Transaction tx475645 completed in 264ms,E104,Transaction {tx} completed in {time}ms
95639,2026-01-16,15:46:44,ERROR,WebServer,Payment declined: Gateway unavailable,E503,Payment declined: Gateway unavailable
95640,2026-01-16,15:32:42,INFO,InventoryDB,Transaction tx875923 completed in 1287ms,E104,Transaction {tx} completed in {time}ms
95641,2026-01-16,15:44:42,ERROR,AuthService,Connection refused to AuthService at 10.0.0.45,E501,Connection refused to {service} at {ip}
95642,2026-01-16,15:11:12,ERROR,WebServer,Timeout waiting for lock on InventoryDB,E502,Timeout waiting for lock on {db}
95643,2026-01-16,15:33:26,INFO,OrderProcessor,Health check passed: OrderProcessor,E102,Health check passed: {service}
95644,2026-01-16,15:54:11,CRITICAL,WebServer,KERNEL PANIC: Node node-5 crashed,E601,KERNEL PANIC: Node {node} crashed
95645,2026-01-16,15:25:59,WARN,PaymentGateway,Disk usage > 85% on node node-4,E202,Disk usage > 85% on node {node}
95646,2026-01-16,15:01:03,ERROR,PaymentGateway,Connection refused to PaymentGateway at 10.0.0.45,E501,Connection refused to {service} at {ip}
95647,2026-01-16,15:39:15,ERROR,WebServer,Payment declined: Gateway unavailable,E503,Payment declined: Gateway unavailable
95648,2026-01-16,15:53:29,INFO,WebServer,Health check passed: WebServer,E102,Health check passed: {service}
95649,2026-01-16,15:52:36,WARN,PaymentGateway,Disk usage > 85% on node node-4,E202,Disk usage > 85% on node {node}
95650,2026-01-16,15:31:10,ERROR,WebServer,Connection refused to WebServer at 10.0.0.45,E501,Connection refused to {service} at {ip}
95651,2026-01-16,15:46:00,ERROR,PaymentGateway,Connection refused to PaymentGateway at 10.0.0.45,E501,Connection refused to {service} at {ip}
95652,2026-01-16,15:17:15,INFO,PaymentGateway,Page view: /home by u1189,E103,Page view: {page} by {user}
95653,2026-01-16,15:55:20,ERROR,WebServer,Timeout waiting for lock on InventoryDB,E502,Timeout waiting for lock on {db}
95654,2026-01-16,15:53:52,ERROR,PaymentGateway,Payment declined: Gateway unavailable,E503,Payment declined: Gateway unavailable
95655,2026-01-16,15:10:22,CRITICAL,WebServer,KERNEL PANIC: Node node-5 crashed,E601,KERNEL PANIC: Node {node} crashed
95656,2026-01-16,15:53:32,INFO,WebServer,User u2952 login successful,E101,User {user} login successful
95657,2026-01-16,15:44:41,ERROR,WebServer,Timeout waiting for lock on InventoryDB,E502,Timeout waiting for lock on {db}
95658,2026-01-16,15:38:23,INFO,AuthService,User u3291 login successful,E101,User {user} login successful
95659,2026-01-16,15:23:55,WARN,WebServer,High latency (1157ms) detected on WebServer,E201,High latency ({time}ms) detected on {service}
95660,2026-01-16,15:07:34,INFO,AuthService,Transaction tx758567 completed in 1294ms,E104,Transaction {tx} completed in {time}ms
95661,2026-01-16,15:16:55,CRITICAL,OrderProcessor,DATA CORRUPTION detected in sector 796,E602,DATA CORRUPTION detected in sector {sector}
95662,2026-01-16,15:08:02,CRITICAL,PaymentGateway,DATA CORRUPTION detected in sector 530,E602,DATA CORRUPTION detected in sector {sector}
95663,2026-01-16,15:10:45,ERROR,WebServer,Timeout waiting for lock on InventoryDB,E502,Timeout waiting for lock on {db}
95664,2026-01-16,15:00:34,CRITICAL,WebServer,KERNEL PANIC: Node node-3 crashed,E601,KERNEL PANIC: Node {node} crashed
95665,2026-01-16,15:41:56,WARN,WebServer,Disk usage > 85% on node node-5,E202,Disk usage > 85% on node {node}
95666,2026-01-16,15:42:53,INFO,WebServer,Page view: /home by u4218,E103,Page view: {page} by {user}
95667,2026-01-16,15:15:10,ERROR,WebServer,Connection refused to WebServer at 10.0.0.45,E501,Connection refused to {service} at {ip}
95668,2026-01-16,15:31:04,INFO,OrderProcessor,Health check passed: OrderProcessor,E102,Health check passed: {service}
95669,2026-01-16,15:21:53,INFO,WebServer,Page view: /home by u1421,E103,Page view: {page} by {user}
95670,2026-01-16,15:45:29,ERROR,WebServer,Payment declined: Gateway unavailable,E503,Payment declined: Gateway unavailable
95671,2026-01-16,15:31:39,WARN,PaymentGateway,High latency (799ms) detected on PaymentGateway,E201,High latency ({time}ms) detected on {service}
95672,2026-01-16,15:57:21,ERROR,AuthService,Connection refused to AuthService at 10.0.0.45,E501,Connection refused to {service} at {ip}
95673,2026-01-16,15:24:01,INFO,WebServer,Transaction tx310553 completed in 682ms,E104,Transaction {tx} completed in {time}ms
95674,2026-01-16,15:30:52,ERROR,InventoryDB,Timeout waiting for lock on InventoryDB,E502,Timeout waiting for lock on {db}
95675,2026-01-16,15:53:56,ERROR,AuthService,Payment declined: Gateway unavailable,E503,Payment declined: Gateway unavailable
95676,2026-01-16,15:32:18,WARN,WebServer,Unauthorized access attempt from 10.0.0.45,E401,Unauthorized access attempt from {ip}
95677,2026-01-16,15:21:31,WARN,PaymentGateway,Unauthorized access attempt from 10.0.0.99,E401,Unauthorized access attempt from {ip}
95678,2026-01-16,15:44:03,WARN,OrderProcessor,High latency (680ms) detected on OrderProcessor,E201,High latency ({time}ms) detected on {service}
95679,2026-01-16,15:56:58,INFO,PaymentGateway,User u4302 login successful,E101,User {user} login successful
95680,2026-01-16,15:43:23,INFO,WebServer,Health check passed: WebServer,E102,Health check passed: {service}
95681,2026-01-16,15:21:37,ERROR,AuthService,Connection refused to AuthService at 10.0.0.45,E501,Connection refused to {service} at {ip}
95682,2026-01-16,15:30:02,ERROR,PaymentGateway,Timeout waiting for lock on InventoryDB,E502,Timeout waiting for lock on {db}
95683,2026-01-16,15:41:27,WARN,WebServer,Disk usage > 85% on node node-3,E202,Disk usage > 85% on node {node}
95684,2026-01-16,15:01:27,WARN,OrderProcessor,Unauthorized access attempt from 10.0.0.12,E401,Unauthorized access attempt from {ip}
95685,2026-01-16,15:53:42,INFO,InventoryDB,Page view: /home by u2441,E103,Page view: {page} by {user}
95686,2026-01-16,15:15:32,ERROR,WebServer,Payment declined: Gateway unavailable,E503,Payment declined: Gateway unavailable
95687,2026-01-16,15:23:52,ERROR,OrderProcessor,Timeout waiting for lock on InventoryDB,E502,Timeout waiting for lock on {db}
95688,2026-01-16,15:24:03,INFO,AuthService,User u3349 login successful,E101,User {user} login successful
95689,2026-01-16,15:17:21,INFO,AuthService,Transaction tx486039 completed in 49ms,E104,Transaction {tx} completed in {time}ms
95690,2026-01-16,15:29:55,INFO,PaymentGateway,Page view: /home by u4139,E103,Page view: {page} by {user}
95691,2026-01-16,15:53:06,WARN,WebServer,Unauthorized access attempt from 10.0.0.45,E401,Unauthorized access attempt from {ip}
95692,2026-01-16,15:25:23,ERROR,WebServer,Connection refused to WebServer at 10.0.0.45,E501,Connection refused to {service} at {ip}
95693,2026-01-16,15:28:24,ERROR,WebServer,Timeout waiting for lock on InventoryDB,E502,Timeout waiting for lock on {db}
95694,2026-01-16,15:40:11,WARN,PaymentGateway,High latency (356ms) detected on PaymentGateway,E201,High latency ({time}ms) detected on {service}
95695,2026-01-16,15:41:37,INFO,WebServer,Page view: /home by u3812,E103,Page view: {page} by {user}
95696,2026-01-16,15:59:47,ERROR,WebServer,Connection refused to WebServer at 10.0.0.45,E501,Connection refused to {service} at {ip}
95697,2026-01-16,15:01:15,ERROR,WebServer,Connection refused to WebServer at 10.0.0.45,E501,Connection refused to {service} at {ip}
95698,2026-01-16,15:28:39,WARN,WebServer,Unauthorized access attempt from 10.0.0.10,E401,Unauthorized access attempt from {ip}
95699,2026-01-16,15:16:09,ERROR,PaymentGateway,Connection refused to PaymentGateway at 10.0.0.45,E501,Connection refused to {service} at {ip}
95700,2026-01-16,15:09:06,WARN,OrderProcessor,Disk usage > 85% on node node-2,E202,Disk usage > 85% on node {node}
95701,2026-01-16,15:00:45,INFO,WebServer,User u2559 login successful,E101,User {user} login successful
95702,2026-01-16,15:52:24,CRITICAL,OrderProcessor,DATA CORRUPTION detected in sector 786,E602,DATA CORRUPTION detected in sector {sector}
95703,2026-01-16,15:31:02,INFO,WebServer,User u1754 login successful,E101,User {user} login successful
95704,2026-01-16,15:14:02,ERROR,OrderProcessor,Payment declined: Gateway unavailable,E503,Payment declined: Gateway unavailable
95705,2026-01-16,15:41:22,WARN,WebServer,Unauthorized access attempt from 10.0.0.12,E401,Unauthorized access attempt from {ip}
95706,2026-01-16,15:35:27,CRITICAL,WebServer,DATA CORRUPTION detected in sector 318,E602,DATA CORRUPTION detected in sector {sector}
95707,2026-01-16,15:34:08,INFO,InventoryDB,User u3253 login successful,E101,User {user} login successful
95708,2026-01-16,15:59:05,ERROR,AuthService,Connection refused to AuthService at 10.0.0.99,E501,Connection refused to {service} at {ip}
95709,2026-01-16,15:02:49,ERROR,OrderProcessor,Timeout waiting for lock on InventoryDB,E502,Timeout waiting for lock on {db}
95710,2026-01-16,15:49:13,WARN,OrderProcessor,Unauthorized access attempt from 10.0.0.45,E401,Unauthorized access attempt from {ip}
95711,2026-01-16,15:15:12,ERROR,AuthService,Timeout waiting for lock on InventoryDB,E502,Timeout waiting for lock on {db}
95712,2026-01-16,15:26:59,ERROR,OrderProcessor,Payment declined: Gateway unavailable,E503,Payment declined: Gateway unavailable
95713,2026-01-16,15:49:11,INFO,AuthService,Transaction tx390262 completed in 340ms,E104,Transaction {tx} completed in {time}ms
95714,2026-01-16,15:01:51,INFO,OrderProcessor,Health check passed: OrderProcessor,E102,Health check passed: {service}
95715,2026-01-16,15:09:28,ERROR,WebServer,Connection refused to WebServer at 10.0.0.45,E501,Connection refused to {service} at {ip}
95716,2026-01-16,15:59:34,WARN,InventoryDB,Disk usage > 85% on node node-3,E202,Disk usage > 85% on node {node}
95717,2026-01-16,15:18:53,ERROR,OrderProcessor,Payment declined: Gateway unavailable,E503,Payment declined: Gateway unavailable
95718,2026-01-16,15:51:48,ERROR,AuthService,Payment declined: Gateway unavailable,E503,Payment declined: Gateway unavailable
95719,2026-01-16,15:01:07,WARN,AuthService,High latency (131ms) detected on AuthService,E201,High latency ({time}ms) detected on {service}
95720,2026-01-16,15:12:03,WARN,OrderProcessor,High latency (1929ms) detected on OrderProcessor,E201,High latency ({time}ms) detected on {service}
95721,2026-01-16,15:46:55,ERROR,WebServer,Payment declined: Gateway unavailable,E503,Payment declined: Gateway unavailable
95722,2026-01-16,15:30:03,CRITICAL,PaymentGateway,KERNEL PANIC: Node node-4 crashed,E601,KERNEL PANIC: Node {node} crashed
95723,2026-01-16,15:14:25,WARN,OrderProcessor,High latency (774ms) detected on OrderProcessor,E201,High latency ({time}ms) detected on {service}
95724,2026-01-16,15:56:52,INFO,PaymentGateway,Page view: /home by u4606,E103,Page view: {page} by {user}
95725,2026-01-16,15:16:53,INFO,WebServer,Page view: /home by u2093,E103,Page view: {page} by {user}
95726,2026-01-16,15:48:54,ERROR,AuthService,Timeout waiting for lock on InventoryDB,E502,Timeout waiting for lock on {db}
95727,2026-01-16,15:31:12,INFO,PaymentGateway,Transaction tx510501 completed in 389ms,E104,Transaction {tx} completed in {time}ms
95728,2026-01-16,15:58:33,ERROR,PaymentGateway,Payment declined: Gateway unavailable,E503,Payment declined: Gateway unavailable
95729,2026-01-16,15:30:33,WARN,OrderProcessor,High latency (418ms) detected on OrderProcessor,E201,High latency ({time}ms) detected on {service}
95730,2026-01-16,15:02:01,ERROR,PaymentGateway,Connection refused to PaymentGateway at 192.168.1.5,E501,Connection refused to {service} at {ip}
95731,2026-01-16,15:40:12,INFO,AuthService,User u4737 login successful,E101,User {user} login successful
95732,2026-01-16,15:00:16,INFO,OrderProcessor,User u1788 login successful,E101,User {user} login successful
95733,2026-01-16,15:39:40,ERROR,WebServer,Payment declined: Gateway unavailable,E503,Payment declined: Gateway unavailable
95734,2026-01-16,15:21:24,ERROR,WebServer,Payment declined: Gateway unavailable,E503,Payment declined: Gateway unavailable
95735,2026-01-16,15:42:32,CRITICAL,WebServer,KERNEL PANIC: Node node-2 crashed,E601,KERNEL PANIC: Node {node} crashed
95736,2026-01-16,15:19:32,ERROR,OrderProcessor,Connection refused to OrderProcessor at 10.0.0.45,E501,Connection refused to {service} at {ip}
95737,2026-01-16,15:21:08,INFO,WebServer,Transaction tx160950 completed in 1907ms,E104,Transaction {tx} completed in {time}ms
95738,2026-01-16,15:40:21,ERROR,AuthService,Timeout waiting for lock on InventoryDB,E502,Timeout waiting for lock on {db}
95739,2026-01-16,15:47:09,CRITICAL,OrderProcessor,KERNEL PANIC: Node node-4 crashed,E601,KERNEL PANIC: Node {node} crashed
95740,2026-01-16,15:00:08,ERROR,AuthService,Timeout waiting for lock on InventoryDB,E502,Timeout waiting for lock on {db}
95741,2026-01-16,15:31:00,WARN,OrderProcessor,High latency (344ms) detected on OrderProcessor,E201,High latency ({time}ms) detected on {service}
95742,2026-01-16,15:18:43,ERROR,WebServer,Connection refused to WebServer at 10.0.0.45,E501,Connection refused to {service} at {ip}
95743,2026-01-16,15:39:15,ERROR,OrderProcessor,Timeout waiting for lock on InventoryDB,E502,Timeout waiting for lock on {db}
95744,2026-01-16,15:10:04,ERROR,OrderProcessor,Timeout waiting for lock on InventoryDB,E502,Timeout waiting for lock on {db}
95745,2026-01-16,15:12:28,CRITICAL,PaymentGateway,KERNEL PANIC: Node node-1 crashed,E601,KERNEL PANIC: Node {node} crashed
95746,2026-01-16,15:54:27,ERROR,WebServer,Payment declined: Gateway unavailable,E503,Payment declined: Gateway unavailable
95747,2026-01-16,15:41:11,CRITICAL,WebServer,KERNEL PANIC: Node node-4 crashed,E601,KERNEL PANIC: Node {node} crashed
95748,2026-01-16,15:56:00,ERROR,WebServer,Timeout waiting for lock on InventoryDB,E502,Timeout waiting for lock on {db}
95749,2026-01-16,15:52:03,INFO,OrderProcessor,Page view: /home by u2252,E103,Page view: {page} by {user}
95750,2026-01-16,15:19:41,WARN,AuthService,Disk usage > 85% on node node-1,E202,Disk usage > 85% on node {node}
95751,2026-01-16,15:11:42,ERROR,WebServer,Connection refused to WebServer at 192.168.1.5,E501,Connection refused to {service} at {ip}
95752,2026-01-16,15:43:08,ERROR,WebServer,Timeout waiting for lock on InventoryDB,E502,Timeout waiting for lock on {db}
95753,2026-01-16,15:10:07,ERROR,WebServer,Timeout waiting for lock on InventoryDB,E502,Timeout waiting for lock on {db}
95754,2026-01-16,15:36:25,ERROR,AuthService,Timeout waiting for lock on InventoryDB,E502,Timeout waiting for lock on {db}
95755,2026-01-16,15:01:36,INFO,PaymentGateway,User u1991 login successful,E101,User {user} login successful
95756,2026-01-16,15:21:16,CRITICAL,WebServer,DATA CORRUPTION detected in sector 730,E602,DATA CORRUPTION detected in sector {sector}
95757,2026-01-16,15:29:31,ERROR,WebServer,Timeout waiting for lock on InventoryDB,E502,Timeout waiting for lock on {db}
95758,2026-01-16,15:19:36,WARN,AuthService,Unauthorized access attempt from 10.0.0.45,E401,Unauthorized access attempt from {ip}
95759,2026-01-16,15:32:51,WARN,WebServer,Disk usage > 85% on node node-1,E202,Disk usage > 85% on node {node}
95760,2026-01-16,15:46:40,CRITICAL,WebServer,DATA CORRUPTION detected in sector 921,E602,DATA CORRUPTION detected in sector {sector}
95761,2026-01-16,15:04:33,INFO,AuthService,Health check passed: AuthService,E102,Health check passed: {service}
95762,2026-01-16,15:49:05,INFO,PaymentGateway,User u3714 login successful,E101,User {user} login successful
95763,2026-01-16,15:14:00,WARN,WebServer,Disk usage > 85% on node node-3,E202,Disk usage > 85% on node {node}
95764,2026-01-16,15:26:49,ERROR,WebServer,Connection refused to WebServer at 10.0.0.45,E501,Connection refused to {service} at {ip}
95765,2026-01-16,15:01:55,INFO,OrderProcessor,Page view: /home by u2565,E103,Page view: {page} by {user}
95766,2026-01-16,15:18:17,INFO,AuthService,Transaction tx559169 completed in 895ms,E104,Transaction {tx} completed in {time}ms
95767,2026-01-16,15:39:22,WARN,AuthService,Unauthorized access attempt from 10.0.0.45,E401,Unauthorized access attempt from {ip}
95768,2026-01-16,15:31:52,ERROR,AuthService,Connection refused to AuthService at 10.0.0.88,E501,Connection refused to {service} at {ip}
95769,2026-01-16,15:03:18,WARN,AuthService,High latency (665ms) detected on AuthService,E201,High latency ({time}ms) detected on {service}
95770,2026-01-16,15:18:19,INFO,OrderProcessor,Transaction tx682830 completed in 1648ms,E104,Transaction {tx} completed in {time}ms
95771,2026-01-16,15:29:36,ERROR,WebServer,Payment declined: Gateway unavailable,E503,Payment declined: Gateway unavailable
95772,2026-01-16,15:06:23,INFO,AuthService,Page view: /home by u2247,E103,Page view: {page} by {user}
95773,2026-01-16,15:30:41,ERROR,WebServer,Payment declined: Gateway unavailable,E503,Payment declined: Gateway unavailable
95774,2026-01-16,15:40:49,ERROR,AuthService,Payment declined: Gateway unavailable,E503,Payment declined: Gateway unavailable
95775,2026-01-16,15:49:39,INFO,WebServer,Page view: /home by u1376,E103,Page view: {page} by {user}
95776,2026-01-16,15:28:22,ERROR,OrderProcessor,Timeout waiting for lock on InventoryDB,E502,Timeout waiting for lock on {db}
95777,2026-01-16,15:30:15,WARN,PaymentGateway,High latency (1749ms) detected on PaymentGateway,E201,High latency ({time}ms) detected on {service}
95778,2026-01-16,15:44:21,WARN,AuthService,Disk usage > 85% on node node-4,E202,Disk usage > 85% on node {node}
95779,2026-01-16,15:39:01,WARN,AuthService,Unauthorized access attempt from 10.0.0.45,E401,Unauthorized access attempt from {ip}
95780,2026-01-16,15:34:21,WARN,WebServer,Unauthorized access attempt from 10.0.0.45,E401,Unauthorized access attempt from {ip}
95781,2026-01-16,15:45:23,ERROR,WebServer,Payment declined: Gateway unavailable,E503,Payment declined: Gateway unavailable
95782,2026-01-16,15:40:42,ERROR,OrderProcessor,Timeout waiting for lock on InventoryDB,E502,Timeout waiting for lock on {db}
95783,2026-01-16,15:43:00,INFO,WebServer,User u4669 login successful,E101,User {user} login successful
95784,2026-01-16,15:47:04,ERROR,WebServer,Connection refused to WebServer at 10.0.0.45,E501,Connection refused to {service} at {ip}
95785,2026-01-16,15:04:18,ERROR,WebServer,Payment declined: Gateway unavailable,E503,Payment declined: Gateway unavailable
95786,2026-01-16,15:38:56,WARN,WebServer,High latency (251ms) detected on WebServer,E201,High latency ({time}ms) detected on {service}
95787,2026-01-16,15:42:34,INFO,AuthService,Health check passed: AuthService,E102,Health check passed: {service}
95788,2026-01-16,15:24:33,WARN,AuthService,High latency (794ms) detected on AuthService,E201,High latency ({time}ms) detected on {service}
95789,2026-01-16,15:57:28,ERROR,OrderProcessor,Timeout waiting for lock on InventoryDB,E502,Timeout waiting for lock on {db}
95790,2026-01-16,15:56:27,INFO,WebServer,Health check passed: WebServer,E102,Health check passed: {service}
95791,2026-01-16,15:31:32,ERROR,WebServer,Timeout waiting for lock on InventoryDB,E502,Timeout waiting for lock on {db}
95792,2026-01-16,15:05:10,WARN,AuthService,High latency (26ms) detected on AuthService,E201,High latency ({time}ms) detected on {service}
95793,2026-01-16,15:33:56,WARN,WebServer,High latency (681ms) detected on WebServer,E201,High latency ({time}ms) detected on {service}
95794,2026-01-16,15:12:58,INFO,InventoryDB,User u2696 login successful,E101,User {user} login successful
95795,2026-01-16,15:13:24,CRITICAL,OrderProcessor,KERNEL PANIC: Node node-5 crashed,E601,KERNEL PANIC: Node {node} crashed
95796,2026-01-16,15:23:01,INFO,AuthService,Health check passed: AuthService,E102,Health check passed: {service}
95797,2026-01-16,15:36:03,INFO,OrderProcessor,Transaction tx736472 completed in 1256ms,E104,Transaction {tx} completed in {time}ms
95798,2026-01-16,15:53:51,ERROR,AuthService,Connection refused to AuthService at 10.0.0.45,E501,Connection refused to {service} at {ip}
95799,2026-01-16,15:24:07,INFO,PaymentGateway,Transaction tx638268 completed in 525ms,E104,Transaction {tx} completed in {time}ms
95800,2026-01-16,15:24:01,ERROR,AuthService,Connection refused to AuthService at 10.0.0.45,E501,Connection refused to {service} at {ip}
95801,2026-01-16,15:40:42,INFO,AuthService,Health check passed: AuthService,E102,Health check passed: {service}
95802,2026-01-16,15:22:47,ERROR,InventoryDB,Connection refused to InventoryDB at 10.0.0.45,E501,Connection refused to {service} at {ip}
95803,2026-01-16,15:19:18,WARN,AuthService,Unauthorized access attempt from 10.0.0.10,E401,Unauthorized access attempt from {ip}
95804,2026-01-16,15:18:37,CRITICAL,WebServer,KERNEL PANIC: Node node-1 crashed,E601,KERNEL PANIC: Node {node} crashed
95805,2026-01-16,15:58:43,ERROR,InventoryDB,Connection refused to InventoryDB at 10.0.0.45,E501,Connection refused to {service} at {ip}
95806,2026-01-16,15:33:25,WARN,AuthService,High latency (1178ms) detected on AuthService,E201,High latency ({time}ms) detected on {service}
95807,2026-01-16,15:15:47,CRITICAL,WebServer,KERNEL PANIC: Node node-1 crashed,E601,KERNEL PANIC: Node {node} crashed
95808,2026-01-16,15:00:13,ERROR,PaymentGateway,Connection refused to PaymentGateway at 192.168.1.5,E501,Connection refused to {service} at {ip}
95809,2026-01-16,15:26:40,ERROR,WebServer,Payment declined: Gateway unavailable,E503,Payment declined: Gateway unavailable
95810,2026-01-16,15:32:13,INFO,WebServer,User u2001 login successful,E101,User {user} login successful
95811,2026-01-16,15:56:04,WARN,WebServer,Unauthorized access attempt from 10.0.0.88,E401,Unauthorized access attempt from {ip}
95812,2026-01-16,15:24:37,ERROR,PaymentGateway,Payment declined: Gateway unavailable,E503,Payment declined: Gateway unavailable
95813,2026-01-16,15:42:46,ERROR,OrderProcessor,Timeout waiting for lock on InventoryDB,E502,Timeout waiting for lock on {db}
95814,2026-01-16,15:59:06,ERROR,OrderProcessor,Timeout waiting for lock on InventoryDB,E502,Timeout waiting for lock on {db}
95815,2026-01-16,15:42:59,CRITICAL,AuthService,KERNEL PANIC: Node node-4 crashed,E601,KERNEL PANIC: Node {node} crashed
95816,2026-01-16,15:31:52,INFO,PaymentGateway,Health check passed: PaymentGateway,E102,Health check passed: {service}
95817,2026-01-16,15:14:25,ERROR,AuthService,Connection refused to AuthService at 10.0.0.45,E501,Connection refused to {service} at {ip}
95818,2026-01-16,15:13:32,INFO,OrderProcessor,User u2034 login successful,E101,User {user} login successful
95819,2026-01-16,15:36:19,ERROR,AuthService,Connection refused to AuthService at 10.0.0.45,E501,Connection refused to {service} at {ip}
95820,2026-01-16,15:42:37,ERROR,WebServer,Connection refused to WebServer at 10.0.0.45,E501,Connection refused to {service} at {ip}
95821,2026-01-16,15:08:05,INFO,WebServer,Transaction tx336554 completed in 146ms,E104,Transaction {tx} completed in {time}ms
95822,2026-01-16,15:44:50,INFO,WebServer,Transaction tx358786 completed in 1028ms,E104,Transaction {tx} completed in {time}ms
95823,2026-01-16,15:39:25,ERROR,WebServer,Timeout waiting for lock on InventoryDB,E502,Timeout waiting for lock on {db}
95824,2026-01-16,15:35:44,ERROR,InventoryDB,Timeout waiting for lock on InventoryDB,E502,Timeout waiting for lock on {db}
95825,2026-01-16,15:42:43,INFO,PaymentGateway,Transaction tx297342 completed in 1700ms,E104,Transaction {tx} completed in {time}ms
95826,2026-01-16,15:36:34,INFO,WebServer,User u3112 login successful,E101,User {user} login successful
95827,2026-01-16,15:33:09,INFO,AuthService,Transaction tx307316 completed in 1248ms,E104,Transaction {tx} completed in {time}ms
95828,2026-01-16,15:43:38,INFO,InventoryDB,Transaction tx627646 completed in 1580ms,E104,Transaction {tx} completed in {time}ms
95829,2026-01-16,15:44:52,ERROR,PaymentGateway,Connection refused to PaymentGateway at 192.168.1.5,E501,Connection refused to {service} at {ip}
95830,2026-01-16,15:51:45,ERROR,InventoryDB,Payment declined: Gateway unavailable,E503,Payment declined: Gateway unavailable
95831,2026-01-16,15:05:26,ERROR,WebServer,Timeout waiting for lock on InventoryDB,E502,Timeout waiting for lock on {db}
95832,2026-01-16,15:05:19,ERROR,PaymentGateway,Connection refused to PaymentGateway at 10.0.0.12,E501,Connection refused to {service} at {ip}
95833,2026-01-16,15:05:24,ERROR,InventoryDB,Timeout waiting for lock on InventoryDB,E502,Timeout waiting for lock on {db}
95834,2026-01-16,15:09:57,ERROR,WebServer,Timeout waiting for lock on InventoryDB,E502,Timeout waiting for lock on {db}
95835,2026-01-16,15:20:28,ERROR,PaymentGateway,Connection refused to PaymentGateway at 10.0.0.99,E501,Connection refused to {service} at {ip}
95836,2026-01-16,15:56:58,ERROR,AuthService,Connection refused to AuthService at 10.0.0.45,E501,Connection refused to {service} at {ip}
95837,2026-01-16,15:23:01,ERROR,WebServer,Timeout waiting for lock on InventoryDB,E502,Timeout waiting for lock on {db}
95838,2026-01-16,15:44:06,WARN,WebServer,Unauthorized access attempt from 10.0.0.12,E401,Unauthorized access attempt from {ip}
95839,2026-01-16,15:26:38,WARN,AuthService,Disk usage > 85% on node node-1,E202,Disk usage > 85% on node {node}
95840,2026-01-16,15:12:29,CRITICAL,WebServer,DATA CORRUPTION detected in sector 643,E602,DATA CORRUPTION detected in sector {sector}
95841,2026-01-16,15:03:18,ERROR,AuthService,Payment declined: Gateway unavailable,E503,Payment declined: Gateway unavailable
95842,2026-01-16,15:55:24,ERROR,PaymentGateway,Connection refused to PaymentGateway at 10.0.0.10,E501,Connection refused to {service} at {ip}
95843,2026-01-16,15:15:54,ERROR,WebServer,Payment declined: Gateway unavailable,E503,Payment declined: Gateway unavailable
95844,2026-01-16,15:22:23,INFO,OrderProcessor,Health check passed: OrderProcessor,E102,Health check passed: {service}
95845,2026-01-16,15:32:48,INFO,AuthService,User u3491 login successful,E101,User {user} login successful
95846,2026-01-16,15:47:19,ERROR,WebServer,Payment declined: Gateway unavailable,E503,Payment declined: Gateway unavailable
95847,2026-01-16,15:34:06,CRITICAL,WebServer,KERNEL PANIC: Node node-4 crashed,E601,KERNEL PANIC: Node {node} crashed
95848,2026-01-16,15:55:55,INFO,AuthService,Transaction tx638402 completed in 1329ms,E104,Transaction {tx} completed in {time}ms
95849,2026-01-16,15:43:55,INFO,AuthService,Transaction tx588868 completed in 979ms,E104,Transaction {tx} completed in {time}ms
95850,2026-01-16,15:27:45,ERROR,PaymentGateway,Timeout waiting for lock on InventoryDB,E502,Timeout waiting for lock on {db}
95851,2026-01-16,15:07:31,ERROR,WebServer,Connection refused to WebServer at 192.168.1.5,E501,Connection refused to {service} at {ip}
95852,2026-01-16,15:33:47,INFO,WebServer,User u3685 login successful,E101,User {user} login successful
95853,2026-01-16,15:23:46,INFO,AuthService,Transaction tx247630 completed in 582ms,E104,Transaction {tx} completed in {time}ms
95854,2026-01-16,15:52:09,INFO,WebServer,User u2842 login successful,E101,User {user} login successful
95855,2026-01-16,15:53:51,CRITICAL,WebServer,DATA CORRUPTION detected in sector 969,E602,DATA CORRUPTION detected in sector {sector}
95856,2026-01-16,15:22:06,WARN,WebServer,Disk usage > 85% on node node-5,E202,Disk usage > 85% on node {node}
95857,2026-01-16,15:30:08,INFO,WebServer,User u2219 login successful,E101,User {user} login successful
95858,2026-01-16,15:44:02,WARN,OrderProcessor,High latency (514ms) detected on OrderProcessor,E201,High latency ({time}ms) detected on {service}
95859,2026-01-16,15:47:47,WARN,AuthService,High latency (1324ms) detected on AuthService,E201,High latency ({time}ms) detected on {service}
95860,2026-01-16,15:45:24,ERROR,WebServer,Payment declined: Gateway unavailable,E503,Payment declined: Gateway unavailable
95861,2026-01-16,15:27:25,WARN,WebServer,High latency (1623ms) detected on WebServer,E201,High latency ({time}ms) detected on {service}
95862,2026-01-16,15:20:07,ERROR,WebServer,Connection refused to WebServer at 10.0.0.45,E501,Connection refused to {service} at {ip}
95863,2026-01-16,15:46:57,WARN,WebServer,Disk usage > 85% on node node-4,E202,Disk usage > 85% on node {node}
95864,2026-01-16,15:57:02,ERROR,WebServer,Timeout waiting for lock on InventoryDB,E502,Timeout waiting for lock on {db}
95865,2026-01-16,15:15:39,WARN,OrderProcessor,Unauthorized access attempt from 10.0.0.99,E401,Unauthorized access attempt from {ip}
95866,2026-01-16,15:00:33,WARN,AuthService,Unauthorized access attempt from 10.0.0.45,E401,Unauthorized access attempt from {ip}
95867,2026-01-16,15:55:46,ERROR,AuthService,Connection refused to AuthService at 10.0.0.99,E501,Connection refused to {service} at {ip}
95868,2026-01-16,15:06:34,CRITICAL,AuthService,KERNEL PANIC: Node node-2 crashed,E601,KERNEL PANIC: Node {node} crashed
95869,2026-01-16,15:43:39,ERROR,WebServer,Connection refused to WebServer at 10.0.0.45,E501,Connection refused to {service} at {ip}
95870,2026-01-16,15:26:29,ERROR,OrderProcessor,Timeout waiting for lock on InventoryDB,E502,Timeout waiting for lock on {db}
95871,2026-01-16,15:04:27,ERROR,PaymentGateway,Connection refused to PaymentGateway at 10.0.0.45,E501,Connection refused to {service} at {ip}
95872,2026-01-16,15:44:28,INFO,AuthService,Health check passed: AuthService,E102,Health check passed: {service}
95873,2026-01-16,15:43:04,INFO,WebServer,Health check passed: WebServer,E102,Health check passed: {service}
95874,2026-01-16,15:13:39,INFO,OrderProcessor,Page view: /home by u2298,E103,Page view: {page} by {user}
95875,2026-01-16,15:06:31,ERROR,WebServer,Timeout waiting for lock on InventoryDB,E502,Timeout waiting for lock on {db}
95876,2026-01-16,15:15:20,WARN,InventoryDB,High latency (707ms) detected on InventoryDB,E201,High latency ({time}ms) detected on {service}
95877,2026-01-16,15:23:01,ERROR,OrderProcessor,Timeout waiting for lock on InventoryDB,E502,Timeout waiting for lock on {db}
95878,2026-01-16,15:29:15,INFO,WebServer,User u4787 login successful,E101,User {user} login successful
95879,2026-01-16,15:13:23,WARN,WebServer,High latency (725ms) detected on WebServer,E201,High latency ({time}ms) detected on {service}
95880,2026-01-16,15:16:40,ERROR,OrderProcessor,Timeout waiting for lock on InventoryDB,E502,Timeout waiting for lock on {db}
95881,2026-01-16,15:13:04,INFO,WebServer,Page view: /home by u3939,E103,Page view: {page} by {user}
95882,2026-01-16,15:29:29,ERROR,AuthService,Payment declined: Gateway unavailable,E503,Payment declined: Gateway unavailable
95883,2026-01-16,15:47:37,ERROR,WebServer,Timeout waiting for lock on InventoryDB,E502,Timeout waiting for lock on {db}
95884,2026-01-16,15:18:15,WARN,AuthService,High latency (1856ms) detected on AuthService,E201,High latency ({time}ms) detected on {service}
95885,2026-01-16,15:51:42,INFO,InventoryDB,Page view: /home by u2748,E103,Page view: {page} by {user}
95886,2026-01-16,15:41:55,CRITICAL,WebServer,DATA CORRUPTION detected in sector 913,E602,DATA CORRUPTION detected in sector {sector}
95887,2026-01-16,15:42:48,ERROR,OrderProcessor,Timeout waiting for lock on InventoryDB,E502,Timeout waiting for lock on {db}
95888,2026-01-16,15:13:41,CRITICAL,WebServer,KERNEL PANIC: Node node-4 crashed,E601,KERNEL PANIC: Node {node} crashed
95889,2026-01-16,15:24:58,WARN,OrderProcessor,Disk usage > 85% on node node-2,E202,Disk usage > 85% on node {node}
95890,2026-01-16,15:57:36,CRITICAL,InventoryDB,KERNEL PANIC: Node node-1 crashed,E601,KERNEL PANIC: Node {node} crashed
95891,2026-01-16,15:39:43,WARN,WebServer,High latency (1792ms) detected on WebServer,E201,High latency ({time}ms) detected on {service}
95892,2026-01-16,15:20:11,ERROR,WebServer,Payment declined: Gateway unavailable,E503,Payment declined: Gateway unavailable
95893,2026-01-16,15:10:26,WARN,PaymentGateway,High latency (591ms) detected on PaymentGateway,E201,High latency ({time}ms) detected on {service}
95894,2026-01-16,15:47:05,ERROR,PaymentGateway,Timeout waiting for lock on InventoryDB,E502,Timeout waiting for lock on {db}
95895,2026-01-16,15:44:23,INFO,PaymentGateway,Page view: /home by u4197,E103,Page view: {page} by {user}
95896,2026-01-16,15:11:01,INFO,OrderProcessor,Health check passed: OrderProcessor,E102,Health check passed: {service}
95897,2026-01-16,15:46:46,CRITICAL,AuthService,KERNEL PANIC: Node node-2 crashed,E601,KERNEL PANIC: Node {node} crashed
95898,2026-01-16,15:45:54,ERROR,InventoryDB,Payment declined: Gateway unavailable,E503,Payment declined: Gateway unavailable
95899,2026-01-16,15:48:16,INFO,AuthService,Page view: /home by u1146,E103,Page view: {page} by {user}
95900,2026-01-16,15:45:17,ERROR,WebServer,Connection refused to WebServer at 10.0.0.45,E501,Connection refused to {service} at {ip}
95901,2026-01-16,15:04:15,INFO,WebServer,Transaction tx462079 completed in 267ms,E104,Transaction {tx} completed in {time}ms
95902,2026-01-16,15:40:57,ERROR,WebServer,Payment declined: Gateway unavailable,E503,Payment declined: Gateway unavailable
95903,2026-01-16,15:04:20,INFO,AuthService,User u4417 login successful,E101,User {user} login successful
95904,2026-01-16,15:49:51,ERROR,WebServer,Connection refused to WebServer at 10.0.0.45,E501,Connection refused to {service} at {ip}
95905,2026-01-16,15:44:38,ERROR,OrderProcessor,Connection refused to OrderProcessor at 10.0.0.45,E501,Connection refused to {service} at {ip}
95906,2026-01-16,15:37:54,INFO,AuthService,Page view: /home by u1986,E103,Page view: {page} by {user}
95907,2026-01-16,15:40:51,ERROR,AuthService,Timeout waiting for lock on InventoryDB,E502,Timeout waiting for lock on {db}
95908,2026-01-16,15:34:01,ERROR,PaymentGateway,Timeout waiting for lock on InventoryDB,E502,Timeout waiting for lock on {db}
95909,2026-01-16,15:31:04,CRITICAL,WebServer,DATA CORRUPTION detected in sector 797,E602,DATA CORRUPTION detected in sector {sector}
95910,2026-01-16,15:19:08,ERROR,WebServer,Payment declined: Gateway unavailable,E503,Payment declined: Gateway unavailable
95911,2026-01-16,15:40:49,ERROR,AuthService,Timeout waiting for lock on InventoryDB,E502,Timeout waiting for lock on {db}
95912,2026-01-16,15:03:22,ERROR,WebServer,Connection refused to WebServer at 10.0.0.45,E501,Connection refused to {service} at {ip}
95913,2026-01-16,15:44:58,INFO,OrderProcessor,User u4726 login successful,E101,User {user} login successful
95914,2026-01-16,15:45:46,CRITICAL,InventoryDB,DATA CORRUPTION detected in sector 769,E602,DATA CORRUPTION detected in sector {sector}
95915,2026-01-16,15:04:55,INFO,WebServer,Health check passed: WebServer,E102,Health check passed: {service}
95916,2026-01-16,15:23:02,WARN,WebServer,High latency (1196ms) detected on WebServer,E201,High latency ({time}ms) detected on {service}
95917,2026-01-16,15:01:29,INFO,AuthService,Health check passed: AuthService,E102,Health check passed: {service}
95918,2026-01-16,15:22:14,ERROR,AuthService,Payment declined: Gateway unavailable,E503,Payment declined: Gateway unavailable
95919,2026-01-16,15:20:04,INFO,AuthService,Health check passed: AuthService,E102,Health check passed: {service}
95920,2026-01-16,15:23:36,WARN,WebServer,Unauthorized access attempt from 10.0.0.45,E401,Unauthorized access attempt from {ip}
95921,2026-01-16,15:54:35,ERROR,AuthService,Payment declined: Gateway unavailable,E503,Payment declined: Gateway unavailable
95922,2026-01-16,15:49:15,CRITICAL,WebServer,KERNEL PANIC: Node node-5 crashed,E601,KERNEL PANIC: Node {node} crashed
95923,2026-01-16,15:35:00,ERROR,WebServer,Connection refused to WebServer at 10.0.0.12,E501,Connection refused to {service} at {ip}
95924,2026-01-16,15:59:52,INFO,OrderProcessor,Transaction tx434395 completed in 1596ms,E104,Transaction {tx} completed in {time}ms
95925,2026-01-16,15:51:00,WARN,WebServer,Unauthorized access attempt from 10.0.0.88,E401,Unauthorized access attempt from {ip}
95926,2026-01-16,15:00:52,INFO,WebServer,Transaction tx788856 completed in 128ms,E104,Transaction {tx} completed in {time}ms
95927,2026-01-16,15:03:37,ERROR,AuthService,Connection refused to AuthService at 10.0.0.45,E501,Connection refused to {service} at {ip}
95928,2026-01-16,15:46:21,ERROR,OrderProcessor,Connection refused to OrderProcessor at 10.0.0.45,E501,Connection refused to {service} at {ip}
95929,2026-01-16,15:18:03,INFO,WebServer,User u3328 login successful,E101,User {user} login successful
95930,2026-01-16,15:43:25,ERROR,PaymentGateway,Connection refused to PaymentGateway at 10.0.0.45,E501,Connection refused to {service} at {ip}
95931,2026-01-16,15:19:56,ERROR,PaymentGateway,Timeout waiting for lock on InventoryDB,E502,Timeout waiting for lock on {db}
95932,2026-01-16,15:30:04,ERROR,WebServer,Payment declined: Gateway unavailable,E503,Payment declined: Gateway unavailable
95933,2026-01-16,15:25:06,WARN,WebServer,High latency (352ms) detected on WebServer,E201,High latency ({time}ms) detected on {service}
95934,2026-01-16,15:13:20,ERROR,OrderProcessor,Timeout waiting for lock on InventoryDB,E502,Timeout waiting for lock on {db}
95935,2026-01-16,15:55:59,CRITICAL,WebServer,KERNEL PANIC: Node node-3 crashed,E601,KERNEL PANIC: Node {node} crashed
95936,2026-01-16,15:06:41,INFO,OrderProcessor,Health check passed: OrderProcessor,E102,Health check passed: {service}
95937,2026-01-16,15:05:38,INFO,WebServer,Page view: /home by u2204,E103,Page view: {page} by {user}
95938,2026-01-16,15:52:27,ERROR,OrderProcessor,Timeout waiting for lock on InventoryDB,E502,Timeout waiting for lock on {db}
95939,2026-01-16,15:46:27,ERROR,InventoryDB,Payment declined: Gateway unavailable,E503,Payment declined: Gateway unavailable
95940,2026-01-16,15:47:37,INFO,PaymentGateway,Transaction tx447240 completed in 934ms,E104,Transaction {tx} completed in {time}ms
95941,2026-01-16,15:16:17,WARN,AuthService,Disk usage > 85% on node node-2,E202,Disk usage > 85% on node {node}
95942,2026-01-16,15:16:27,ERROR,WebServer,Connection refused to WebServer at 10.0.0.45,E501,Connection refused to {service} at {ip}
95943,2026-01-16,15:17:16,INFO,AuthService,Transaction tx526782 completed in 1951ms,E104,Transaction {tx} completed in {time}ms
95944,2026-01-16,15:10:03,CRITICAL,WebServer,KERNEL PANIC: Node node-4 crashed,E601,KERNEL PANIC: Node {node} crashed
95945,2026-01-16,15:46:31,CRITICAL,WebServer,DATA CORRUPTION detected in sector 221,E602,DATA CORRUPTION detected in sector {sector}
95946,2026-01-16,15:58:32,INFO,OrderProcessor,Transaction tx712875 completed in 384ms,E104,Transaction {tx} completed in {time}ms
95947,2026-01-16,15:01:54,ERROR,WebServer,Payment declined: Gateway unavailable,E503,Payment declined: Gateway unavailable
95948,2026-01-16,15:04:31,ERROR,OrderProcessor,Connection refused to OrderProcessor at 10.0.0.45,E501,Connection refused to {service} at {ip}
95949,2026-01-16,15:37:13,WARN,WebServer,High latency (30ms) detected on WebServer,E201,High latency ({time}ms) detected on {service}
95950,2026-01-16,15:37:29,WARN,WebServer,High latency (1357ms) detected on WebServer,E201,High latency ({time}ms) detected on {service}
95951,2026-01-16,15:31:27,CRITICAL,OrderProcessor,KERNEL PANIC: Node node-4 crashed,E601,KERNEL PANIC: Node {node} crashed
95952,2026-01-16,15:39:24,INFO,AuthService,Transaction tx702913 completed in 1591ms,E104,Transaction {tx} completed in {time}ms
95953,2026-01-16,15:15:23,WARN,OrderProcessor,Disk usage > 85% on node node-3,E202,Disk usage > 85% on node {node}
95954,2026-01-16,15:05:32,ERROR,WebServer,Payment declined: Gateway unavailable,E503,Payment declined: Gateway unavailable
95955,2026-01-16,15:20:35,WARN,WebServer,Unauthorized access attempt from 10.0.0.88,E401,Unauthorized access attempt from {ip}
95956,2026-01-16,15:47:12,ERROR,InventoryDB,Timeout waiting for lock on InventoryDB,E502,Timeout waiting for lock on {db}
95957,2026-01-16,15:46:15,INFO,WebServer,Health check passed: WebServer,E102,Health check passed: {service}
95958,2026-01-16,15:56:34,INFO,OrderProcessor,Page view: /home by u1666,E103,Page view: {page} by {user}
95959,2026-01-16,15:06:59,CRITICAL,WebServer,KERNEL PANIC: Node node-1 crashed,E601,KERNEL PANIC: Node {node} crashed
95960,2026-01-16,15:18:40,INFO,WebServer,Page view: /home by u2210,E103,Page view: {page} by {user}
95961,2026-01-16,15:03:14,CRITICAL,PaymentGateway,KERNEL PANIC: Node node-2 crashed,E601,KERNEL PANIC: Node {node} crashed
95962,2026-01-16,15:47:33,ERROR,AuthService,Connection refused to AuthService at 10.0.0.45,E501,Connection refused to {service} at {ip}
95963,2026-01-16,15:34:55,ERROR,AuthService,Payment declined: Gateway unavailable,E503,Payment declined: Gateway unavailable
95964,2026-01-16,15:22:31,ERROR,WebServer,Timeout waiting for lock on InventoryDB,E502,Timeout waiting for lock on {db}
95965,2026-01-16,15:03:44,ERROR,WebServer,Payment declined: Gateway unavailable,E503,Payment declined: Gateway unavailable
95966,2026-01-16,15:31:08,INFO,AuthService,Health check passed: AuthService,E102,Health check passed: {service}
95967,2026-01-16,15:47:56,ERROR,WebServer,Timeout waiting for lock on InventoryDB,E502,Timeout waiting for lock on {db}
95968,2026-01-16,15:02:14,INFO,AuthService,Transaction tx467740 completed in 1315ms,E104,Transaction {tx} completed in {time}ms
95969,2026-01-16,15:20:31,CRITICAL,OrderProcessor,DATA CORRUPTION detected in sector 594,E602,DATA CORRUPTION detected in sector {sector}
95970,2026-01-16,15:36:32,ERROR,AuthService,Connection refused to AuthService at 10.0.0.45,E501,Connection refused to {service} at {ip}
95971,2026-01-16,15:18:32,ERROR,AuthService,Connection refused to AuthService at 10.0.0.88,E501,Connection refused to {service} at {ip}
95972,2026-01-16,15:28:38,ERROR,WebServer,Timeout waiting for lock on InventoryDB,E502,Timeout waiting for lock on {db}
95973,2026-01-16,15:03:14,CRITICAL,AuthService,DATA CORRUPTION detected in sector 177,E602,DATA CORRUPTION detected in sector {sector}
95974,2026-01-16,15:05:49,WARN,OrderProcessor,Unauthorized access attempt from 10.0.0.88,E401,Unauthorized access attempt from {ip}
95975,2026-01-16,15:43:27,CRITICAL,AuthService,DATA CORRUPTION detected in sector 132,E602,DATA CORRUPTION detected in sector {sector}
95976,2026-01-16,15:12:47,INFO,AuthService,User u2093 login successful,E101,User {user} login successful
95977,2026-01-16,15:53:56,CRITICAL,PaymentGateway,DATA CORRUPTION detected in sector 428,E602,DATA CORRUPTION detected in sector {sector}
95978,2026-01-16,15:10:37,ERROR,PaymentGateway,Connection refused to PaymentGateway at 10.0.0.12,E501,Connection refused to {service} at {ip}
95979,2026-01-16,15:11:13,ERROR,WebServer,Connection refused to WebServer at 10.0.0.12,E501,Connection refused to {service} at {ip}
95980,2026-01-16,15:16:55,CRITICAL,PaymentGateway,KERNEL PANIC: Node node-4 crashed,E601,KERNEL PANIC: Node {node} crashed
95981,2026-01-16,15:19:21,WARN,WebServer,Unauthorized access attempt from 10.0.0.45,E401,Unauthorized access attempt from {ip}
95982,2026-01-16,15:09:45,INFO,WebServer,Page view: /home by u1038,E103,Page view: {page} by {user}
95983,2026-01-16,15:56:09,INFO,AuthService,Transaction tx596738 completed in 1443ms,E104,Transaction {tx} completed in {time}ms
95984,2026-01-16,15:35:59,ERROR,AuthService,Payment declined: Gateway unavailable,E503,Payment declined: Gateway unavailable
95985,2026-01-16,15:47:54,INFO,PaymentGateway,Transaction tx805088 completed in 81ms,E104,Transaction {tx} completed in {time}ms
95986,2026-01-16,15:25:25,ERROR,AuthService,Timeout waiting for lock on InventoryDB,E502,Timeout waiting for lock on {db}
95987,2026-01-16,15:18:44,INFO,WebServer,Page view: /home by u2341,E103,Page view: {page} by {user}
95988,2026-01-16,15:51:46,INFO,WebServer,Health check passed: WebServer,E102,Health check passed: {service}
95989,2026-01-16,15:40:38,ERROR,WebServer,Timeout waiting for lock on InventoryDB,E502,Timeout waiting for lock on {db}
95990,2026-01-16,15:47:04,WARN,WebServer,Disk usage > 85% on node node-4,E202,Disk usage > 85% on node {node}
95991,2026-01-16,15:20:40,ERROR,AuthService,Timeout waiting for lock on InventoryDB,E502,Timeout waiting for lock on {db}
95992,2026-01-16,15:13:33,CRITICAL,PaymentGateway,DATA CORRUPTION detected in sector 252,E602,DATA CORRUPTION detected in sector {sector}
95993,2026-01-16,15:45:26,INFO,AuthService,User u2092 login successful,E101,User {user} login successful
95994,2026-01-16,15:04:31,INFO,WebServer,User u1572 login successful,E101,User {user} login successful
95995,2026-01-16,15:26:49,ERROR,OrderProcessor,Timeout waiting for lock on InventoryDB,E502,Timeout waiting for lock on {db}
95996,2026-01-16,15:20:12,INFO,InventoryDB,Transaction tx861642 completed in 463ms,E104,Transaction {tx} completed in {time}ms
95997,2026-01-16,15:09:37,CRITICAL,WebServer,KERNEL PANIC: Node node-1 crashed,E601,KERNEL PANIC: Node {node} crashed
95998,2026-01-16,15:01:45,ERROR,WebServer,Timeout waiting for lock on InventoryDB,E502,Timeout waiting for lock on {db}
95999,2026-01-16,15:35:18,ERROR,OrderProcessor,Timeout waiting for lock on InventoryDB,E502,Timeout waiting for lock on {db}
96000,2026-01-16,15:32:10,INFO,OrderProcessor,Transaction tx191526 completed in 1630ms,E104,Transaction {tx} completed in {time}ms
96001,2026-01-16,15:06:50,ERROR,InventoryDB,Connection refused to InventoryDB at 10.0.0.45,E501,Connection refused to {service} at {ip}
96002,2026-01-16,15:06:09,ERROR,WebServer,Connection refused to WebServer at 10.0.0.45,E501,Connection refused to {service} at {ip}
96003,2026-01-16,15:59:46,WARN,WebServer,Disk usage > 85% on node node-5,E202,Disk usage > 85% on node {node}
96004,2026-01-16,15:28:28,ERROR,InventoryDB,Timeout waiting for lock on InventoryDB,E502,Timeout waiting for lock on {db}
96005,2026-01-16,15:48:36,INFO,AuthService,Health check passed: AuthService,E102,Health check passed: {service}
96006,2026-01-16,15:24:01,ERROR,PaymentGateway,Payment declined: Gateway unavailable,E503,Payment declined: Gateway unavailable
96007,2026-01-16,15:21:23,ERROR,WebServer,Timeout waiting for lock on InventoryDB,E502,Timeout waiting for lock on {db}
96008,2026-01-16,15:13:10,CRITICAL,AuthService,KERNEL PANIC: Node node-3 crashed,E601,KERNEL PANIC: Node {node} crashed
96009,2026-01-16,15:06:02,CRITICAL,WebServer,KERNEL PANIC: Node node-3 crashed,E601,KERNEL PANIC: Node {node} crashed
96010,2026-01-16,15:18:12,CRITICAL,PaymentGateway,KERNEL PANIC: Node node-2 crashed,E601,KERNEL PANIC: Node {node} crashed
96011,2026-01-16,15:25:12,INFO,WebServer,Page view: /home by u3182,E103,Page view: {page} by {user}
96012,2026-01-16,15:50:12,INFO,AuthService,Transaction tx910759 completed in 1049ms,E104,Transaction {tx} completed in {time}ms
96013,2026-01-16,15:22:59,ERROR,WebServer,Timeout waiting for lock on InventoryDB,E502,Timeout waiting for lock on {db}
96014,2026-01-16,15:26:05,INFO,WebServer,Page view: /home by u1025,E103,Page view: {page} by {user}
96015,2026-01-16,15:36:07,ERROR,InventoryDB,Timeout waiting for lock on InventoryDB,E502,Timeout waiting for lock on {db}
96016,2026-01-16,15:37:49,CRITICAL,OrderProcessor,KERNEL PANIC: Node node-5 crashed,E601,KERNEL PANIC: Node {node} crashed
96017,2026-01-16,15:19:56,ERROR,WebServer,Timeout waiting for lock on InventoryDB,E502,Timeout waiting for lock on {db}
96018,2026-01-16,15:28:33,INFO,PaymentGateway,User u4196 login successful,E101,User {user} login successful
96019,2026-01-16,15:29:31,WARN,AuthService,Disk usage > 85% on node node-4,E202,Disk usage > 85% on node {node}
96020,2026-01-16,15:38:59,CRITICAL,WebServer,KERNEL PANIC: Node node-4 crashed,E601,KERNEL PANIC: Node {node} crashed
96021,2026-01-16,15:58:27,ERROR,InventoryDB,Timeout waiting for lock on InventoryDB,E502,Timeout waiting for lock on {db}
96022,2026-01-16,15:18:00,ERROR,WebServer,Payment declined: Gateway unavailable,E503,Payment declined: Gateway unavailable
96023,2026-01-16,15:32:06,ERROR,WebServer,Timeout waiting for lock on InventoryDB,E502,Timeout waiting for lock on {db}
96024,2026-01-16,15:44:41,WARN,WebServer,Unauthorized access attempt from 10.0.0.45,E401,Unauthorized access attempt from {ip}
96025,2026-01-16,15:42:00,ERROR,WebServer,Payment declined: Gateway unavailable,E503,Payment declined: Gateway unavailable
96026,2026-01-16,15:21:49,ERROR,WebServer,Timeout waiting for lock on InventoryDB,E502,Timeout waiting for lock on {db}
96027,2026-01-16,15:43:10,WARN,WebServer,Unauthorized access attempt from 10.0.0.45,E401,Unauthorized access attempt from {ip}
96028,2026-01-16,15:53:13,INFO,WebServer,Health check passed: WebServer,E102,Health check passed: {service}
96029,2026-01-16,15:16:02,ERROR,AuthService,Timeout waiting for lock on InventoryDB,E502,Timeout waiting for lock on {db}
96030,2026-01-16,15:34:59,INFO,AuthService,Page view: /home by u4385,E103,Page view: {page} by {user}
96031,2026-01-16,15:42:40,INFO,AuthService,Transaction tx923131 completed in 630ms,E104,Transaction {tx} completed in {time}ms
96032,2026-01-16,15:44:11,CRITICAL,WebServer,KERNEL PANIC: Node node-1 crashed,E601,KERNEL PANIC: Node {node} crashed
96033,2026-01-16,15:12:37,WARN,PaymentGateway,Unauthorized access attempt from 192.168.1.5,E401,Unauthorized access attempt from {ip}
96034,2026-01-16,15:49:18,ERROR,WebServer,Payment declined: Gateway unavailable,E503,Payment declined: Gateway unavailable
96035,2026-01-16,15:47:59,ERROR,AuthService,Payment declined: Gateway unavailable,E503,Payment declined: Gateway unavailable
96036,2026-01-16,15:37:00,INFO,AuthService,Page view: /home by u4493,E103,Page view: {page} by {user}
96037,2026-01-16,15:11:27,INFO,AuthService,Transaction tx158561 completed in 1608ms,E104,Transaction {tx} completed in {time}ms
96038,2026-01-16,15:46:22,INFO,WebServer,Page view: /home by u4597,E103,Page view: {page} by {user}
96039,2026-01-16,15:38:54,ERROR,WebServer,Connection refused to WebServer at 10.0.0.45,E501,Connection refused to {service} at {ip}
96040,2026-01-16,15:17:05,ERROR,OrderProcessor,Timeout waiting for lock on InventoryDB,E502,Timeout waiting for lock on {db}
96041,2026-01-16,15:18:28,ERROR,WebServer,Timeout waiting for lock on InventoryDB,E502,Timeout waiting for lock on {db}
96042,2026-01-16,15:34:10,INFO,WebServer,Page view: /home by u4574,E103,Page view: {page} by {user}
96043,2026-01-16,15:02:20,INFO,OrderProcessor,Transaction tx178299 completed in 1173ms,E104,Transaction {tx} completed in {time}ms
96044,2026-01-16,15:10:53,INFO,WebServer,Transaction tx363491 completed in 493ms,E104,Transaction {tx} completed in {time}ms
96045,2026-01-16,15:20:40,WARN,WebServer,Unauthorized access attempt from 10.0.0.45,E401,Unauthorized access attempt from {ip}
96046,2026-01-16,15:17:57,ERROR,WebServer,Payment declined: Gateway unavailable,E503,Payment declined: Gateway unavailable
96047,2026-01-16,15:16:13,ERROR,WebServer,Timeout waiting for lock on InventoryDB,E502,Timeout waiting for lock on {db}
96048,2026-01-16,15:17:48,ERROR,WebServer,Timeout waiting for lock on InventoryDB,E502,Timeout waiting for lock on {db}
96049,2026-01-16,15:25:25,WARN,OrderProcessor,Disk usage > 85% on node node-5,E202,Disk usage > 85% on node {node}
96050,2026-01-16,15:53:23,INFO,PaymentGateway,Transaction tx734835 completed in 1669ms,E104,Transaction {tx} completed in {time}ms
96051,2026-01-16,15:56:49,ERROR,OrderProcessor,Connection refused to OrderProcessor at 10.0.0.45,E501,Connection refused to {service} at {ip}
96052,2026-01-16,15:09:23,ERROR,OrderProcessor,Payment declined: Gateway unavailable,E503,Payment declined: Gateway unavailable
96053,2026-01-16,15:08:57,INFO,WebServer,Health check passed: WebServer,E102,Health check passed: {service}
96054,2026-01-16,15:56:14,WARN,WebServer,High latency (638ms) detected on WebServer,E201,High latency ({time}ms) detected on {service}
96055,2026-01-16,15:05:35,ERROR,WebServer,Payment declined: Gateway unavailable,E503,Payment declined: Gateway unavailable
96056,2026-01-16,15:04:18,ERROR,InventoryDB,Payment declined: Gateway unavailable,E503,Payment declined: Gateway unavailable
96057,2026-01-16,15:16:17,CRITICAL,AuthService,DATA CORRUPTION detected in sector 354,E602,DATA CORRUPTION detected in sector {sector}
96058,2026-01-16,15:51:14,ERROR,WebServer,Connection refused to WebServer at 10.0.0.45,E501,Connection refused to {service} at {ip}
96059,2026-01-16,15:28:57,INFO,AuthService,Page view: /home by u1804,E103,Page view: {page} by {user}
96060,2026-01-16,15:12:28,ERROR,WebServer,Connection refused to WebServer at 10.0.0.45,E501,Connection refused to {service} at {ip}
96061,2026-01-16,15:29:06,ERROR,WebServer,Payment declined: Gateway unavailable,E503,Payment declined: Gateway unavailable
96062,2026-01-16,15:18:10,ERROR,WebServer,Connection refused to WebServer at 10.0.0.45,E501,Connection refused to {service} at {ip}
96063,2026-01-16,15:14:34,INFO,OrderProcessor,User u3056 login successful,E101,User {user} login successful
96064,2026-01-16,15:57:08,INFO,PaymentGateway,Page view: /home by u4392,E103,Page view: {page} by {user}
96065,2026-01-16,15:52:31,ERROR,WebServer,Payment declined: Gateway unavailable,E503,Payment declined: Gateway unavailable
96066,2026-01-16,15:26:01,ERROR,WebServer,Payment declined: Gateway unavailable,E503,Payment declined: Gateway unavailable
96067,2026-01-16,15:10:43,CRITICAL,OrderProcessor,DATA CORRUPTION detected in sector 453,E602,DATA CORRUPTION detected in sector {sector}
96068,2026-01-16,15:06:04,ERROR,AuthService,Timeout waiting for lock on InventoryDB,E502,Timeout waiting for lock on {db}
96069,2026-01-16,15:48:45,INFO,WebServer,Page view: /home by u2455,E103,Page view: {page} by {user}
96070,2026-01-16,15:40:29,ERROR,WebServer,Payment declined: Gateway unavailable,E503,Payment declined: Gateway unavailable
96071,2026-01-16,15:08:03,ERROR,WebServer,Connection refused to WebServer at 10.0.0.12,E501,Connection refused to {service} at {ip}
96072,2026-01-16,15:36:55,ERROR,WebServer,Connection refused to WebServer at 10.0.0.12,E501,Connection refused to {service} at {ip}
96073,2026-01-16,15:05:55,WARN,WebServer,Disk usage > 85% on node node-5,E202,Disk usage > 85% on node {node}
96074,2026-01-16,15:26:34,WARN,WebServer,High latency (327ms) detected on WebServer,E201,High latency ({time}ms) detected on {service}
96075,2026-01-16,15:24:38,ERROR,WebServer,Timeout waiting for lock on InventoryDB,E502,Timeout waiting for lock on {db}
96076,2026-01-16,15:59:15,ERROR,PaymentGateway,Connection refused to PaymentGateway at 10.0.0.45,E501,Connection refused to {service} at {ip}
96077,2026-01-16,15:31:58,ERROR,AuthService,Timeout waiting for lock on InventoryDB,E502,Timeout waiting for lock on {db}
96078,2026-01-16,15:20:14,WARN,PaymentGateway,Disk usage > 85% on node node-3,E202,Disk usage > 85% on node {node}
96079,2026-01-16,15:59:45,INFO,WebServer,Transaction tx980851 completed in 1012ms,E104,Transaction {tx} completed in {time}ms
96080,2026-01-16,15:19:16,WARN,WebServer,Unauthorized access attempt from 10.0.0.10,E401,Unauthorized access attempt from {ip}
96081,2026-01-16,15:50:47,WARN,PaymentGateway,High latency (1637ms) detected on PaymentGateway,E201,High latency ({time}ms) detected on {service}
96082,2026-01-16,15:36:57,INFO,AuthService,User u4812 login successful,E101,User {user} login successful
96083,2026-01-16,15:39:00,INFO,InventoryDB,User u4426 login successful,E101,User {user} login successful
96084,2026-01-16,15:13:34,INFO,WebServer,Health check passed: WebServer,E102,Health check passed: {service}
96085,2026-01-16,15:55:09,ERROR,WebServer,Timeout waiting for lock on InventoryDB,E502,Timeout waiting for lock on {db}
96086,2026-01-16,15:02:55,CRITICAL,PaymentGateway,KERNEL PANIC: Node node-2 crashed,E601,KERNEL PANIC: Node {node} crashed
96087,2026-01-16,15:50:01,ERROR,AuthService,Payment declined: Gateway unavailable,E503,Payment declined: Gateway unavailable
96088,2026-01-16,15:55:33,ERROR,WebServer,Connection refused to WebServer at 10.0.0.45,E501,Connection refused to {service} at {ip}
96089,2026-01-16,15:17:01,ERROR,WebServer,Payment declined: Gateway unavailable,E503,Payment declined: Gateway unavailable
96090,2026-01-16,15:02:22,ERROR,WebServer,Timeout waiting for lock on InventoryDB,E502,Timeout waiting for lock on {db}
96091,2026-01-16,15:55:55,ERROR,WebServer,Connection refused to WebServer at 10.0.0.12,E501,Connection refused to {service} at {ip}
96092,2026-01-16,15:53:24,CRITICAL,OrderProcessor,KERNEL PANIC: Node node-4 crashed,E601,KERNEL PANIC: Node {node} crashed
96093,2026-01-16,15:35:48,INFO,OrderProcessor,User u4086 login successful,E101,User {user} login successful
96094,2026-01-16,15:03:07,WARN,WebServer,Unauthorized access attempt from 10.0.0.88,E401,Unauthorized access attempt from {ip}
96095,2026-01-16,15:38:05,ERROR,WebServer,Timeout waiting for lock on InventoryDB,E502,Timeout waiting for lock on {db}
96096,2026-01-16,15:56:58,WARN,WebServer,Unauthorized access attempt from 10.0.0.12,E401,Unauthorized access attempt from {ip}
96097,2026-01-16,15:59:39,INFO,InventoryDB,Page view: /home by u3170,E103,Page view: {page} by {user}
96098,2026-01-16,15:46:24,WARN,WebServer,Disk usage > 85% on node node-3,E202,Disk usage > 85% on node {node}
96099,2026-01-16,15:04:13,INFO,WebServer,User u4073 login successful,E101,User {user} login successful
96100,2026-01-16,15:13:01,ERROR,WebServer,Connection refused to WebServer at 10.0.0.45,E501,Connection refused to {service} at {ip}
96101,2026-01-16,15:35:38,ERROR,WebServer,Timeout waiting for lock on InventoryDB,E502,Timeout waiting for lock on {db}
96102,2026-01-16,15:41:35,INFO,WebServer,User u4743 login successful,E101,User {user} login successful
96103,2026-01-16,15:00:36,INFO,InventoryDB,Page view: /home by u3835,E103,Page view: {page} by {user}
96104,2026-01-16,15:09:07,INFO,WebServer,Transaction tx989712 completed in 1486ms,E104,Transaction {tx} completed in {time}ms
96105,2026-01-16,15:12:59,ERROR,WebServer,Connection refused to WebServer at 10.0.0.45,E501,Connection refused to {service} at {ip}
96106,2026-01-16,15:11:51,INFO,WebServer,Page view: /home by u4790,E103,Page view: {page} by {user}
96107,2026-01-16,15:24:05,CRITICAL,AuthService,DATA CORRUPTION detected in sector 957,E602,DATA CORRUPTION detected in sector {sector}
96108,2026-01-16,15:35:40,INFO,AuthService,Health check passed: AuthService,E102,Health check passed: {service}
96109,2026-01-16,15:46:38,INFO,OrderProcessor,Health check passed: OrderProcessor,E102,Health check passed: {service}
96110,2026-01-16,15:32:52,INFO,AuthService,Health check passed: AuthService,E102,Health check passed: {service}
96111,2026-01-16,15:41:18,ERROR,AuthService,Payment declined: Gateway unavailable,E503,Payment declined: Gateway unavailable
96112,2026-01-16,15:16:03,INFO,WebServer,Health check passed: WebServer,E102,Health check passed: {service}
96113,2026-01-16,15:00:03,WARN,WebServer,High latency (403ms) detected on WebServer,E201,High latency ({time}ms) detected on {service}
96114,2026-01-16,15:30:26,ERROR,AuthService,Timeout waiting for lock on InventoryDB,E502,Timeout waiting for lock on {db}
96115,2026-01-16,15:05:11,ERROR,WebServer,Payment declined: Gateway unavailable,E503,Payment declined: Gateway unavailable
96116,2026-01-16,15:08:50,CRITICAL,OrderProcessor,DATA CORRUPTION detected in sector 670,E602,DATA CORRUPTION detected in sector {sector}
96117,2026-01-16,15:51:10,INFO,WebServer,Health check passed: WebServer,E102,Health check passed: {service}
96118,2026-01-16,15:49:14,WARN,WebServer,Unauthorized access attempt from 10.0.0.45,E401,Unauthorized access attempt from {ip}
96119,2026-01-16,15:55:06,INFO,WebServer,User u2313 login successful,E101,User {user} login successful
96120,2026-01-16,15:17:53,INFO,WebServer,User u4646 login successful,E101,User {user} login successful
96121,2026-01-16,15:28:22,INFO,WebServer,Page view: /home by u4227,E103,Page view: {page} by {user}
96122,2026-01-16,15:31:16,INFO,WebServer,Health check passed: WebServer,E102,Health check passed: {service}
96123,2026-01-16,15:27:10,WARN,WebServer,Disk usage > 85% on node node-5,E202,Disk usage > 85% on node {node}
96124,2026-01-16,15:19:30,INFO,WebServer,User u3402 login successful,E101,User {user} login successful
96125,2026-01-16,15:40:05,ERROR,AuthService,Timeout waiting for lock on InventoryDB,E502,Timeout waiting for lock on {db}
96126,2026-01-16,15:12:56,ERROR,OrderProcessor,Connection refused to OrderProcessor at 10.0.0.10,E501,Connection refused to {service} at {ip}
96127,2026-01-16,15:38:58,WARN,PaymentGateway,High latency (65ms) detected on PaymentGateway,E201,High latency ({time}ms) detected on {service}
96128,2026-01-16,15:15:54,WARN,WebServer,Disk usage > 85% on node node-3,E202,Disk usage > 85% on node {node}
96129,2026-01-16,15:07:49,INFO,WebServer,Health check passed: WebServer,E102,Health check passed: {service}
96130,2026-01-16,15:21:46,ERROR,WebServer,Timeout waiting for lock on InventoryDB,E502,Timeout waiting for lock on {db}
96131,2026-01-16,15:50:19,ERROR,WebServer,Timeout waiting for lock on InventoryDB,E502,Timeout waiting for lock on {db}
96132,2026-01-16,15:10:08,ERROR,WebServer,Payment declined: Gateway unavailable,E503,Payment declined: Gateway unavailable
96133,2026-01-16,15:25:39,ERROR,OrderProcessor,Timeout waiting for lock on InventoryDB,E502,Timeout waiting for lock on {db}
96134,2026-01-16,15:50:24,INFO,WebServer,User u4567 login successful,E101,User {user} login successful
96135,2026-01-16,15:55:50,CRITICAL,WebServer,DATA CORRUPTION detected in sector 202,E602,DATA CORRUPTION detected in sector {sector}
96136,2026-01-16,15:35:05,ERROR,WebServer,Timeout waiting for lock on InventoryDB,E502,Timeout waiting for lock on {db}
96137,2026-01-16,15:28:44,ERROR,WebServer,Timeout waiting for lock on InventoryDB,E502,Timeout waiting for lock on {db}
96138,2026-01-16,15:38:45,INFO,InventoryDB,Page view: /home by u2582,E103,Page view: {page} by {user}
96139,2026-01-16,15:07:12,ERROR,WebServer,Connection refused to WebServer at 10.0.0.99,E501,Connection refused to {service} at {ip}
96140,2026-01-16,15:25:05,INFO,AuthService,Transaction tx451962 completed in 1570ms,E104,Transaction {tx} completed in {time}ms
96141,2026-01-16,15:51:47,INFO,AuthService,Health check passed: AuthService,E102,Health check passed: {service}
96142,2026-01-16,15:34:30,WARN,WebServer,Disk usage > 85% on node node-1,E202,Disk usage > 85% on node {node}
96143,2026-01-16,15:27:10,ERROR,AuthService,Connection refused to AuthService at 10.0.0.45,E501,Connection refused to {service} at {ip}
96144,2026-01-16,15:53:24,INFO,OrderProcessor,User u3811 login successful,E101,User {user} login successful
96145,2026-01-16,15:03:51,INFO,WebServer,Transaction tx455032 completed in 694ms,E104,Transaction {tx} completed in {time}ms
96146,2026-01-16,15:32:41,ERROR,AuthService,Timeout waiting for lock on InventoryDB,E502,Timeout waiting for lock on {db}
96147,2026-01-16,15:03:59,WARN,AuthService,High latency (544ms) detected on AuthService,E201,High latency ({time}ms) detected on {service}
96148,2026-01-16,15:37:04,ERROR,InventoryDB,Payment declined: Gateway unavailable,E503,Payment declined: Gateway unavailable
96149,2026-01-16,15:24:03,ERROR,WebServer,Payment declined: Gateway unavailable,E503,Payment declined: Gateway unavailable
96150,2026-01-16,15:27:30,INFO,WebServer,Health check passed: WebServer,E102,Health check passed: {service}
96151,2026-01-16,15:42:58,CRITICAL,WebServer,DATA CORRUPTION detected in sector 950,E602,DATA CORRUPTION detected in sector {sector}
96152,2026-01-16,15:48:58,ERROR,AuthService,Connection refused to AuthService at 10.0.0.45,E501,Connection refused to {service} at {ip}
96153,2026-01-16,15:00:21,INFO,WebServer,User u1433 login successful,E101,User {user} login successful
96154,2026-01-16,15:45:10,CRITICAL,AuthService,DATA CORRUPTION detected in sector 121,E602,DATA CORRUPTION detected in sector {sector}
96155,2026-01-16,15:50:41,ERROR,OrderProcessor,Timeout waiting for lock on InventoryDB,E502,Timeout waiting for lock on {db}
96156,2026-01-16,15:33:37,INFO,AuthService,Page view: /home by u2042,E103,Page view: {page} by {user}
96157,2026-01-16,15:38:07,CRITICAL,WebServer,DATA CORRUPTION detected in sector 650,E602,DATA CORRUPTION detected in sector {sector}
96158,2026-01-16,15:53:58,WARN,OrderProcessor,High latency (990ms) detected on OrderProcessor,E201,High latency ({time}ms) detected on {service}
96159,2026-01-16,15:29:52,WARN,WebServer,Disk usage > 85% on node node-4,E202,Disk usage > 85% on node {node}
96160,2026-01-16,15:26:54,ERROR,WebServer,Connection refused to WebServer at 10.0.0.12,E501,Connection refused to {service} at {ip}
96161,2026-01-16,15:08:57,WARN,WebServer,High latency (72ms) detected on WebServer,E201,High latency ({time}ms) detected on {service}
96162,2026-01-16,15:38:18,ERROR,OrderProcessor,Timeout waiting for lock on InventoryDB,E502,Timeout waiting for lock on {db}
96163,2026-01-16,15:59:00,ERROR,WebServer,Timeout waiting for lock on InventoryDB,E502,Timeout waiting for lock on {db}
96164,2026-01-16,15:51:16,INFO,PaymentGateway,User u2584 login successful,E101,User {user} login successful
96165,2026-01-16,15:29:41,CRITICAL,OrderProcessor,DATA CORRUPTION detected in sector 366,E602,DATA CORRUPTION detected in sector {sector}
96166,2026-01-16,15:26:34,WARN,WebServer,High latency (1951ms) detected on WebServer,E201,High latency ({time}ms) detected on {service}
96167,2026-01-16,15:21:14,ERROR,PaymentGateway,Timeout waiting for lock on InventoryDB,E502,Timeout waiting for lock on {db}
96168,2026-01-16,15:59:32,ERROR,PaymentGateway,Timeout waiting for lock on InventoryDB,E502,Timeout waiting for lock on {db}
96169,2026-01-16,15:26:54,WARN,InventoryDB,Disk usage > 85% on node node-2,E202,Disk usage > 85% on node {node}
96170,2026-01-16,15:55:57,INFO,WebServer,Transaction tx316709 completed in 717ms,E104,Transaction {tx} completed in {time}ms
96171,2026-01-16,15:27:12,INFO,OrderProcessor,User u2769 login successful,E101,User {user} login successful
96172,2026-01-16,15:50:19,CRITICAL,WebServer,DATA CORRUPTION detected in sector 684,E602,DATA CORRUPTION detected in sector {sector}
96173,2026-01-16,15:45:45,CRITICAL,PaymentGateway,KERNEL PANIC: Node node-5 crashed,E601,KERNEL PANIC: Node {node} crashed
96174,2026-01-16,15:51:24,INFO,WebServer,Health check passed: WebServer,E102,Health check passed: {service}
96175,2026-01-16,15:43:24,WARN,InventoryDB,Disk usage > 85% on node node-5,E202,Disk usage > 85% on node {node}
96176,2026-01-16,15:09:18,CRITICAL,WebServer,DATA CORRUPTION detected in sector 157,E602,DATA CORRUPTION detected in sector {sector}
96177,2026-01-16,15:25:19,INFO,AuthService,Transaction tx750324 completed in 225ms,E104,Transaction {tx} completed in {time}ms
96178,2026-01-16,15:28:02,INFO,WebServer,Health check passed: WebServer,E102,Health check passed: {service}
96179,2026-01-16,15:54:10,WARN,PaymentGateway,Unauthorized access attempt from 10.0.0.45,E401,Unauthorized access attempt from {ip}
96180,2026-01-16,15:15:56,WARN,PaymentGateway,Unauthorized access attempt from 10.0.0.12,E401,Unauthorized access attempt from {ip}
96181,2026-01-16,15:21:51,ERROR,AuthService,Timeout waiting for lock on InventoryDB,E502,Timeout waiting for lock on {db}
96182,2026-01-16,15:28:21,ERROR,WebServer,Payment declined: Gateway unavailable,E503,Payment declined: Gateway unavailable
96183,2026-01-16,15:00:42,WARN,AuthService,Disk usage > 85% on node node-3,E202,Disk usage > 85% on node {node}
96184,2026-01-16,15:57:08,CRITICAL,PaymentGateway,KERNEL PANIC: Node node-4 crashed,E601,KERNEL PANIC: Node {node} crashed
96185,2026-01-16,15:17:22,INFO,AuthService,Transaction tx696370 completed in 1984ms,E104,Transaction {tx} completed in {time}ms
96186,2026-01-16,15:01:36,ERROR,OrderProcessor,Timeout waiting for lock on InventoryDB,E502,Timeout waiting for lock on {db}
96187,2026-01-16,15:08:40,CRITICAL,WebServer,KERNEL PANIC: Node node-5 crashed,E601,KERNEL PANIC: Node {node} crashed
96188,2026-01-16,15:49:08,CRITICAL,PaymentGateway,DATA CORRUPTION detected in sector 399,E602,DATA CORRUPTION detected in sector {sector}
96189,2026-01-16,15:56:53,WARN,PaymentGateway,High latency (262ms) detected on PaymentGateway,E201,High latency ({time}ms) detected on {service}
96190,2026-01-16,15:18:45,INFO,WebServer,Page view: /home by u4334,E103,Page view: {page} by {user}
96191,2026-01-16,15:14:11,ERROR,InventoryDB,Timeout waiting for lock on InventoryDB,E502,Timeout waiting for lock on {db}
96192,2026-01-16,15:07:16,ERROR,AuthService,Timeout waiting for lock on InventoryDB,E502,Timeout waiting for lock on {db}
96193,2026-01-16,15:08:09,ERROR,WebServer,Connection refused to WebServer at 10.0.0.88,E501,Connection refused to {service} at {ip}
96194,2026-01-16,15:42:10,INFO,WebServer,Page view: /home by u4710,E103,Page view: {page} by {user}
96195,2026-01-16,15:37:52,INFO,OrderProcessor,Page view: /home by u4283,E103,Page view: {page} by {user}
96196,2026-01-16,15:09:08,ERROR,WebServer,Connection refused to WebServer at 10.0.0.45,E501,Connection refused to {service} at {ip}
96197,2026-01-16,15:02:39,INFO,AuthService,Health check passed: AuthService,E102,Health check passed: {service}
96198,2026-01-16,15:45:28,INFO,InventoryDB,Page view: /home by u3669,E103,Page view: {page} by {user}
96199,2026-01-16,15:11:17,INFO,InventoryDB,Health check passed: InventoryDB,E102,Health check passed: {service}
96200,2026-01-16,15:55:34,WARN,WebServer,High latency (1779ms) detected on WebServer,E201,High latency ({time}ms) detected on {service}
96201,2026-01-16,15:45:01,INFO,WebServer,User u4836 login successful,E101,User {user} login successful
96202,2026-01-16,15:06:09,INFO,WebServer,User u3092 login successful,E101,User {user} login successful
96203,2026-01-16,15:22:55,ERROR,WebServer,Connection refused to WebServer at 10.0.0.45,E501,Connection refused to {service} at {ip}
96204,2026-01-16,15:16:15,ERROR,AuthService,Connection refused to AuthService at 10.0.0.45,E501,Connection refused to {service} at {ip}
96205,2026-01-16,15:42:43,ERROR,AuthService,Timeout waiting for lock on InventoryDB,E502,Timeout waiting for lock on {db}
96206,2026-01-16,15:59:52,ERROR,AuthService,Timeout waiting for lock on InventoryDB,E502,Timeout waiting for lock on {db}
96207,2026-01-16,15:35:35,ERROR,PaymentGateway,Payment declined: Gateway unavailable,E503,Payment declined: Gateway unavailable
96208,2026-01-16,15:11:43,WARN,AuthService,Disk usage > 85% on node node-2,E202,Disk usage > 85% on node {node}
96209,2026-01-16,15:12:26,WARN,OrderProcessor,Unauthorized access attempt from 10.0.0.12,E401,Unauthorized access attempt from {ip}
96210,2026-01-16,15:48:39,ERROR,AuthService,Timeout waiting for lock on InventoryDB,E502,Timeout waiting for lock on {db}
96211,2026-01-16,15:10:52,INFO,WebServer,User u2968 login successful,E101,User {user} login successful
96212,2026-01-16,15:00:25,INFO,WebServer,Page view: /home by u4883,E103,Page view: {page} by {user}
96213,2026-01-16,15:03:04,ERROR,WebServer,Connection refused to WebServer at 10.0.0.45,E501,Connection refused to {service} at {ip}
96214,2026-01-16,15:25:17,CRITICAL,WebServer,KERNEL PANIC: Node node-5 crashed,E601,KERNEL PANIC: Node {node} crashed
96215,2026-01-16,15:52:16,WARN,AuthService,Disk usage > 85% on node node-4,E202,Disk usage > 85% on node {node}
96216,2026-01-16,15:27:44,WARN,WebServer,High latency (750ms) detected on WebServer,E201,High latency ({time}ms) detected on {service}
96217,2026-01-16,15:10:54,ERROR,WebServer,Connection refused to WebServer at 10.0.0.12,E501,Connection refused to {service} at {ip}
96218,2026-01-16,15:02:56,INFO,WebServer,Health check passed: WebServer,E102,Health check passed: {service}
96219,2026-01-16,15:15:50,ERROR,WebServer,Connection refused to WebServer at 10.0.0.88,E501,Connection refused to {service} at {ip}
96220,2026-01-16,15:32:54,ERROR,WebServer,Connection refused to WebServer at 10.0.0.88,E501,Connection refused to {service} at {ip}
96221,2026-01-16,15:59:13,INFO,WebServer,Transaction tx653692 completed in 646ms,E104,Transaction {tx} completed in {time}ms
96222,2026-01-16,15:50:01,ERROR,WebServer,Payment declined: Gateway unavailable,E503,Payment declined: Gateway unavailable
96223,2026-01-16,15:57:21,WARN,WebServer,Unauthorized access attempt from 10.0.0.99,E401,Unauthorized access attempt from {ip}
96224,2026-01-16,15:31:57,CRITICAL,OrderProcessor,DATA CORRUPTION detected in sector 215,E602,DATA CORRUPTION detected in sector {sector}
96225,2026-01-16,15:58:09,INFO,OrderProcessor,Health check passed: OrderProcessor,E102,Health check passed: {service}
96226,2026-01-16,15:23:30,CRITICAL,AuthService,DATA CORRUPTION detected in sector 364,E602,DATA CORRUPTION detected in sector {sector}
96227,2026-01-16,15:59:33,INFO,WebServer,Page view: /home by u3022,E103,Page view: {page} by {user}
96228,2026-01-16,15:51:05,WARN,AuthService,Unauthorized access attempt from 10.0.0.45,E401,Unauthorized access attempt from {ip}
96229,2026-01-16,15:30:24,CRITICAL,AuthService,KERNEL PANIC: Node node-3 crashed,E601,KERNEL PANIC: Node {node} crashed
96230,2026-01-16,15:54:01,INFO,WebServer,Page view: /home by u1342,E103,Page view: {page} by {user}
96231,2026-01-16,15:55:24,WARN,WebServer,Unauthorized access attempt from 10.0.0.45,E401,Unauthorized access attempt from {ip}
96232,2026-01-16,15:10:45,ERROR,PaymentGateway,Connection refused to PaymentGateway at 10.0.0.88,E501,Connection refused to {service} at {ip}
96233,2026-01-16,15:35:18,INFO,AuthService,Transaction tx706481 completed in 1026ms,E104,Transaction {tx} completed in {time}ms
96234,2026-01-16,15:25:03,WARN,WebServer,Disk usage > 85% on node node-4,E202,Disk usage > 85% on node {node}
96235,2026-01-16,15:53:56,INFO,AuthService,Health check passed: AuthService,E102,Health check passed: {service}
96236,2026-01-16,15:25:06,ERROR,AuthService,Timeout waiting for lock on InventoryDB,E502,Timeout waiting for lock on {db}
96237,2026-01-16,15:21:41,INFO,WebServer,User u2265 login successful,E101,User {user} login successful
96238,2026-01-16,15:58:23,CRITICAL,AuthService,DATA CORRUPTION detected in sector 262,E602,DATA CORRUPTION detected in sector {sector}
96239,2026-01-16,15:39:06,WARN,WebServer,Disk usage > 85% on node node-2,E202,Disk usage > 85% on node {node}
96240,2026-01-16,15:12:52,CRITICAL,WebServer,KERNEL PANIC: Node node-5 crashed,E601,KERNEL PANIC: Node {node} crashed
96241,2026-01-16,15:33:34,INFO,WebServer,Health check passed: WebServer,E102,Health check passed: {service}
96242,2026-01-16,15:09:08,ERROR,WebServer,Connection refused to WebServer at 10.0.0.45,E501,Connection refused to {service} at {ip}
96243,2026-01-16,15:08:07,INFO,WebServer,Page view: /home by u3618,E103,Page view: {page} by {user}
96244,2026-01-16,15:38:40,ERROR,OrderProcessor,Payment declined: Gateway unavailable,E503,Payment declined: Gateway unavailable
96245,2026-01-16,15:32:41,CRITICAL,PaymentGateway,DATA CORRUPTION detected in sector 671,E602,DATA CORRUPTION detected in sector {sector}
96246,2026-01-16,15:29:41,CRITICAL,OrderProcessor,KERNEL PANIC: Node node-1 crashed,E601,KERNEL PANIC: Node {node} crashed
96247,2026-01-16,15:45:41,INFO,OrderProcessor,Transaction tx245098 completed in 86ms,E104,Transaction {tx} completed in {time}ms
96248,2026-01-16,15:44:43,INFO,WebServer,Health check passed: WebServer,E102,Health check passed: {service}
96249,2026-01-16,15:01:05,ERROR,OrderProcessor,Connection refused to OrderProcessor at 10.0.0.45,E501,Connection refused to {service} at {ip}
96250,2026-01-16,15:58:49,INFO,WebServer,Page view: /home by u1323,E103,Page view: {page} by {user}
96251,2026-01-16,15:48:35,ERROR,WebServer,Payment declined: Gateway unavailable,E503,Payment declined: Gateway unavailable
96252,2026-01-16,15:01:53,WARN,WebServer,Disk usage > 85% on node node-4,E202,Disk usage > 85% on node {node}
96253,2026-01-16,15:11:38,INFO,OrderProcessor,Health check passed: OrderProcessor,E102,Health check passed: {service}
96254,2026-01-16,15:59:35,ERROR,AuthService,Payment declined: Gateway unavailable,E503,Payment declined: Gateway unavailable
96255,2026-01-16,15:11:59,ERROR,AuthService,Connection refused to AuthService at 10.0.0.45,E501,Connection refused to {service} at {ip}
96256,2026-01-16,15:56:16,ERROR,WebServer,Connection refused to WebServer at 10.0.0.45,E501,Connection refused to {service} at {ip}
96257,2026-01-16,15:29:16,ERROR,AuthService,Connection refused to AuthService at 10.0.0.10,E501,Connection refused to {service} at {ip}
96258,2026-01-16,15:03:13,INFO,WebServer,Transaction tx834657 completed in 1373ms,E104,Transaction {tx} completed in {time}ms
96259,2026-01-16,15:48:47,CRITICAL,WebServer,KERNEL PANIC: Node node-5 crashed,E601,KERNEL PANIC: Node {node} crashed
96260,2026-01-16,15:31:55,WARN,WebServer,Unauthorized access attempt from 10.0.0.88,E401,Unauthorized access attempt from {ip}
96261,2026-01-16,15:11:53,INFO,WebServer,User u2968 login successful,E101,User {user} login successful
96262,2026-01-16,15:23:43,WARN,OrderProcessor,High latency (1906ms) detected on OrderProcessor,E201,High latency ({time}ms) detected on {service}
96263,2026-01-16,15:42:50,INFO,AuthService,Health check passed: AuthService,E102,Health check passed: {service}
96264,2026-01-16,15:03:31,ERROR,AuthService,Connection refused to AuthService at 10.0.0.45,E501,Connection refused to {service} at {ip}
96265,2026-01-16,15:37:31,ERROR,WebServer,Payment declined: Gateway unavailable,E503,Payment declined: Gateway unavailable
96266,2026-01-16,15:52:26,INFO,WebServer,Transaction tx164233 completed in 1409ms,E104,Transaction {tx} completed in {time}ms
96267,2026-01-16,15:14:56,INFO,PaymentGateway,Health check passed: PaymentGateway,E102,Health check passed: {service}
96268,2026-01-16,15:25:04,WARN,WebServer,Unauthorized access attempt from 10.0.0.88,E401,Unauthorized access attempt from {ip}
96269,2026-01-16,15:04:24,ERROR,OrderProcessor,Timeout waiting for lock on InventoryDB,E502,Timeout waiting for lock on {db}
96270,2026-01-16,15:37:39,ERROR,WebServer,Timeout waiting for lock on InventoryDB,E502,Timeout waiting for lock on {db}
96271,2026-01-16,15:17:54,INFO,WebServer,Transaction tx829960 completed in 1527ms,E104,Transaction {tx} completed in {time}ms
96272,2026-01-16,15:02:44,ERROR,WebServer,Connection refused to WebServer at 10.0.0.88,E501,Connection refused to {service} at {ip}
96273,2026-01-16,15:34:20,WARN,WebServer,Disk usage > 85% on node node-1,E202,Disk usage > 85% on node {node}
96274,2026-01-16,15:35:23,ERROR,WebServer,Payment declined: Gateway unavailable,E503,Payment declined: Gateway unavailable
96275,2026-01-16,15:38:55,ERROR,WebServer,Connection refused to WebServer at 10.0.0.45,E501,Connection refused to {service} at {ip}
96276,2026-01-16,15:10:41,CRITICAL,AuthService,KERNEL PANIC: Node node-4 crashed,E601,KERNEL PANIC: Node {node} crashed
96277,2026-01-16,15:19:08,INFO,WebServer,Health check passed: WebServer,E102,Health check passed: {service}
96278,2026-01-16,15:01:46,CRITICAL,WebServer,KERNEL PANIC: Node node-2 crashed,E601,KERNEL PANIC: Node {node} crashed
96279,2026-01-16,15:41:28,ERROR,OrderProcessor,Connection refused to OrderProcessor at 10.0.0.45,E501,Connection refused to {service} at {ip}
96280,2026-01-16,15:00:31,INFO,PaymentGateway,Transaction tx135210 completed in 286ms,E104,Transaction {tx} completed in {time}ms
96281,2026-01-16,15:36:20,WARN,WebServer,Disk usage > 85% on node node-1,E202,Disk usage > 85% on node {node}
96282,2026-01-16,15:26:27,ERROR,WebServer,Payment declined: Gateway unavailable,E503,Payment declined: Gateway unavailable
96283,2026-01-16,15:00:55,CRITICAL,PaymentGateway,DATA CORRUPTION detected in sector 617,E602,DATA CORRUPTION detected in sector {sector}
96284,2026-01-16,15:35:24,WARN,AuthService,Unauthorized access attempt from 10.0.0.12,E401,Unauthorized access attempt from {ip}
96285,2026-01-16,15:30:42,INFO,WebServer,Transaction tx791445 completed in 1764ms,E104,Transaction {tx} completed in {time}ms
96286,2026-01-16,15:42:40,ERROR,PaymentGateway,Timeout waiting for lock on InventoryDB,E502,Timeout waiting for lock on {db}
96287,2026-01-16,15:44:15,ERROR,OrderProcessor,Connection refused to OrderProcessor at 10.0.0.88,E501,Connection refused to {service} at {ip}
96288,2026-01-16,15:47:07,INFO,WebServer,Transaction tx742441 completed in 333ms,E104,Transaction {tx} completed in {time}ms
96289,2026-01-16,15:48:07,ERROR,InventoryDB,Payment declined: Gateway unavailable,E503,Payment declined: Gateway unavailable
96290,2026-01-16,15:59:01,ERROR,WebServer,Payment declined: Gateway unavailable,E503,Payment declined: Gateway unavailable
96291,2026-01-16,15:57:58,WARN,WebServer,Unauthorized access attempt from 10.0.0.88,E401,Unauthorized access attempt from {ip}
96292,2026-01-16,15:51:29,ERROR,PaymentGateway,Timeout waiting for lock on InventoryDB,E502,Timeout waiting for lock on {db}
96293,2026-01-16,15:58:14,ERROR,OrderProcessor,Connection refused to OrderProcessor at 10.0.0.12,E501,Connection refused to {service} at {ip}
96294,2026-01-16,15:35:32,INFO,AuthService,Page view: /home by u1875,E103,Page view: {page} by {user}
96295,2026-01-16,15:04:12,INFO,OrderProcessor,User u1034 login successful,E101,User {user} login successful
96296,2026-01-16,15:11:37,WARN,WebServer,Disk usage > 85% on node node-2,E202,Disk usage > 85% on node {node}
96297,2026-01-16,15:46:27,CRITICAL,OrderProcessor,DATA CORRUPTION detected in sector 451,E602,DATA CORRUPTION detected in sector {sector}
96298,2026-01-16,15:54:44,INFO,AuthService,Page view: /home by u4249,E103,Page view: {page} by {user}
96299,2026-01-16,15:31:47,ERROR,WebServer,Connection refused to WebServer at 10.0.0.45,E501,Connection refused to {service} at {ip}
96300,2026-01-16,15:06:56,ERROR,WebServer,Payment declined: Gateway unavailable,E503,Payment declined: Gateway unavailable
96301,2026-01-16,15:43:35,ERROR,OrderProcessor,Payment declined: Gateway unavailable,E503,Payment declined: Gateway unavailable
96302,2026-01-16,15:41:12,ERROR,WebServer,Connection refused to WebServer at 192.168.1.5,E501,Connection refused to {service} at {ip}
96303,2026-01-16,15:57:44,WARN,AuthService,Unauthorized access attempt from 10.0.0.45,E401,Unauthorized access attempt from {ip}
96304,2026-01-16,15:44:07,INFO,PaymentGateway,Transaction tx364905 completed in 1932ms,E104,Transaction {tx} completed in {time}ms
96305,2026-01-16,15:34:14,INFO,PaymentGateway,Transaction tx934543 completed in 439ms,E104,Transaction {tx} completed in {time}ms
96306,2026-01-16,15:25:46,ERROR,AuthService,Timeout waiting for lock on InventoryDB,E502,Timeout waiting for lock on {db}
96307,2026-01-16,15:45:55,ERROR,OrderProcessor,Connection refused to OrderProcessor at 10.0.0.45,E501,Connection refused to {service} at {ip}
96308,2026-01-16,15:13:36,INFO,WebServer,User u1997 login successful,E101,User {user} login successful
96309,2026-01-16,15:04:10,ERROR,WebServer,Payment declined: Gateway unavailable,E503,Payment declined: Gateway unavailable
96310,2026-01-16,15:36:03,INFO,WebServer,Transaction tx441392 completed in 311ms,E104,Transaction {tx} completed in {time}ms
96311,2026-01-16,15:49:08,INFO,AuthService,User u2049 login successful,E101,User {user} login successful
96312,2026-01-16,15:15:54,ERROR,WebServer,Timeout waiting for lock on InventoryDB,E502,Timeout waiting for lock on {db}
96313,2026-01-16,15:26:23,CRITICAL,WebServer,KERNEL PANIC: Node node-5 crashed,E601,KERNEL PANIC: Node {node} crashed
96314,2026-01-16,15:43:33,ERROR,OrderProcessor,Connection refused to OrderProcessor at 10.0.0.45,E501,Connection refused to {service} at {ip}
96315,2026-01-16,15:14:21,INFO,WebServer,Page view: /home by u1782,E103,Page view: {page} by {user}
96316,2026-01-16,15:18:44,INFO,AuthService,User u2704 login successful,E101,User {user} login successful
96317,2026-01-16,15:22:42,INFO,WebServer,User u4215 login successful,E101,User {user} login successful
96318,2026-01-16,15:10:28,INFO,WebServer,Page view: /home by u4733,E103,Page view: {page} by {user}
96319,2026-01-16,15:40:34,ERROR,OrderProcessor,Timeout waiting for lock on InventoryDB,E502,Timeout waiting for lock on {db}
96320,2026-01-16,15:00:16,INFO,AuthService,Page view: /home by u3982,E103,Page view: {page} by {user}
96321,2026-01-16,15:09:06,INFO,WebServer,User u3751 login successful,E101,User {user} login successful
96322,2026-01-16,15:16:15,WARN,WebServer,Disk usage > 85% on node node-5,E202,Disk usage > 85% on node {node}
96323,2026-01-16,15:49:17,INFO,WebServer,Page view: /home by u2332,E103,Page view: {page} by {user}
96324,2026-01-16,15:50:11,WARN,WebServer,High latency (926ms) detected on WebServer,E201,High latency ({time}ms) detected on {service}
96325,2026-01-16,15:21:31,ERROR,OrderProcessor,Connection refused to OrderProcessor at 10.0.0.88,E501,Connection refused to {service} at {ip}
96326,2026-01-16,15:59:09,CRITICAL,WebServer,KERNEL PANIC: Node node-2 crashed,E601,KERNEL PANIC: Node {node} crashed
96327,2026-01-16,15:14:06,ERROR,WebServer,Payment declined: Gateway unavailable,E503,Payment declined: Gateway unavailable
96328,2026-01-16,15:17:31,ERROR,AuthService,Connection refused to AuthService at 10.0.0.12,E501,Connection refused to {service} at {ip}
96329,2026-01-16,15:29:13,ERROR,OrderProcessor,Connection refused to OrderProcessor at 10.0.0.88,E501,Connection refused to {service} at {ip}
96330,2026-01-16,15:45:26,ERROR,WebServer,Timeout waiting for lock on InventoryDB,E502,Timeout waiting for lock on {db}
96331,2026-01-16,15:27:12,INFO,InventoryDB,User u2369 login successful,E101,User {user} login successful
96332,2026-01-16,15:58:59,ERROR,OrderProcessor,Connection refused to OrderProcessor at 10.0.0.45,E501,Connection refused to {service} at {ip}
96333,2026-01-16,15:39:59,INFO,WebServer,Page view: /home by u1334,E103,Page view: {page} by {user}
96334,2026-01-16,15:26:03,WARN,WebServer,Disk usage > 85% on node node-4,E202,Disk usage > 85% on node {node}
96335,2026-01-16,15:56:10,WARN,PaymentGateway,High latency (568ms) detected on PaymentGateway,E201,High latency ({time}ms) detected on {service}
96336,2026-01-16,15:15:23,ERROR,WebServer,Payment declined: Gateway unavailable,E503,Payment declined: Gateway unavailable
96337,2026-01-16,15:23:46,INFO,AuthService,Transaction tx478713 completed in 146ms,E104,Transaction {tx} completed in {time}ms
96338,2026-01-16,15:36:01,ERROR,OrderProcessor,Connection refused to OrderProcessor at 10.0.0.45,E501,Connection refused to {service} at {ip}
96339,2026-01-16,15:40:41,INFO,WebServer,Health check passed: WebServer,E102,Health check passed: {service}
96340,2026-01-16,15:09:05,ERROR,AuthService,Connection refused to AuthService at 10.0.0.45,E501,Connection refused to {service} at {ip}
96341,2026-01-16,15:03:33,ERROR,WebServer,Connection refused to WebServer at 10.0.0.45,E501,Connection refused to {service} at {ip}
96342,2026-01-16,15:35:56,INFO,WebServer,Transaction tx882725 completed in 50ms,E104,Transaction {tx} completed in {time}ms
96343,2026-01-16,15:48:53,INFO,WebServer,Page view: /home by u1358,E103,Page view: {page} by {user}
96344,2026-01-16,15:11:04,INFO,WebServer,User u4698 login successful,E101,User {user} login successful
96345,2026-01-16,15:05:00,WARN,WebServer,Unauthorized access attempt from 10.0.0.45,E401,Unauthorized access attempt from {ip}
96346,2026-01-16,15:28:37,INFO,AuthService,Page view: /home by u1767,E103,Page view: {page} by {user}
96347,2026-01-16,15:02:16,ERROR,OrderProcessor,Timeout waiting for lock on InventoryDB,E502,Timeout waiting for lock on {db}
96348,2026-01-16,15:44:17,ERROR,WebServer,Timeout waiting for lock on InventoryDB,E502,Timeout waiting for lock on {db}
96349,2026-01-16,15:32:17,ERROR,WebServer,Connection refused to WebServer at 10.0.0.45,E501,Connection refused to {service} at {ip}
96350,2026-01-16,15:57:13,ERROR,WebServer,Connection refused to WebServer at 10.0.0.45,E501,Connection refused to {service} at {ip}
96351,2026-01-16,15:56:18,WARN,AuthService,High latency (1949ms) detected on AuthService,E201,High latency ({time}ms) detected on {service}
96352,2026-01-16,15:44:27,CRITICAL,WebServer,KERNEL PANIC: Node node-5 crashed,E601,KERNEL PANIC: Node {node} crashed
96353,2026-01-16,15:03:03,INFO,AuthService,Health check passed: AuthService,E102,Health check passed: {service}
96354,2026-01-16,15:56:55,ERROR,WebServer,Timeout waiting for lock on InventoryDB,E502,Timeout waiting for lock on {db}
96355,2026-01-16,15:30:25,WARN,AuthService,High latency (533ms) detected on AuthService,E201,High latency ({time}ms) detected on {service}
96356,2026-01-16,15:00:19,INFO,WebServer,Page view: /home by u4729,E103,Page view: {page} by {user}
96357,2026-01-16,15:01:49,ERROR,WebServer,Payment declined: Gateway unavailable,E503,Payment declined: Gateway unavailable
96358,2026-01-16,15:10:40,INFO,OrderProcessor,Transaction tx494382 completed in 317ms,E104,Transaction {tx} completed in {time}ms
96359,2026-01-16,15:52:29,ERROR,WebServer,Timeout waiting for lock on InventoryDB,E502,Timeout waiting for lock on {db}
96360,2026-01-16,15:28:05,INFO,WebServer,Health check passed: WebServer,E102,Health check passed: {service}
96361,2026-01-16,15:22:04,ERROR,WebServer,Payment declined: Gateway unavailable,E503,Payment declined: Gateway unavailable
96362,2026-01-16,15:09:37,INFO,AuthService,Page view: /home by u3081,E103,Page view: {page} by {user}
96363,2026-01-16,15:26:52,ERROR,PaymentGateway,Payment declined: Gateway unavailable,E503,Payment declined: Gateway unavailable
96364,2026-01-16,15:13:12,INFO,WebServer,Transaction tx291016 completed in 1537ms,E104,Transaction {tx} completed in {time}ms
96365,2026-01-16,15:34:31,INFO,PaymentGateway,Page view: /home by u3264,E103,Page view: {page} by {user}
96366,2026-01-16,15:42:02,ERROR,OrderProcessor,Timeout waiting for lock on InventoryDB,E502,Timeout waiting for lock on {db}
96367,2026-01-16,15:55:12,WARN,AuthService,High latency (850ms) detected on AuthService,E201,High latency ({time}ms) detected on {service}
96368,2026-01-16,15:13:16,INFO,OrderProcessor,Page view: /home by u2468,E103,Page view: {page} by {user}
96369,2026-01-16,15:27:17,INFO,WebServer,User u2193 login successful,E101,User {user} login successful
96370,2026-01-16,15:52:36,INFO,WebServer,Transaction tx946378 completed in 959ms,E104,Transaction {tx} completed in {time}ms
96371,2026-01-16,15:16:45,WARN,WebServer,Disk usage > 85% on node node-5,E202,Disk usage > 85% on node {node}
96372,2026-01-16,15:09:05,WARN,WebServer,Disk usage > 85% on node node-5,E202,Disk usage > 85% on node {node}
96373,2026-01-16,15:32:59,ERROR,WebServer,Connection refused to WebServer at 10.0.0.12,E501,Connection refused to {service} at {ip}
96374,2026-01-16,15:14:33,CRITICAL,OrderProcessor,DATA CORRUPTION detected in sector 512,E602,DATA CORRUPTION detected in sector {sector}
96375,2026-01-16,15:20:44,CRITICAL,WebServer,DATA CORRUPTION detected in sector 198,E602,DATA CORRUPTION detected in sector {sector}
96376,2026-01-16,15:03:42,INFO,PaymentGateway,User u2438 login successful,E101,User {user} login successful
96377,2026-01-16,15:54:23,INFO,PaymentGateway,Page view: /home by u1706,E103,Page view: {page} by {user}
96378,2026-01-16,15:21:19,INFO,AuthService,User u1699 login successful,E101,User {user} login successful
96379,2026-01-16,15:08:26,ERROR,WebServer,Payment declined: Gateway unavailable,E503,Payment declined: Gateway unavailable
96380,2026-01-16,15:44:47,ERROR,AuthService,Timeout waiting for lock on InventoryDB,E502,Timeout waiting for lock on {db}
96381,2026-01-16,15:23:26,INFO,WebServer,Health check passed: WebServer,E102,Health check passed: {service}
96382,2026-01-16,15:06:42,ERROR,WebServer,Timeout waiting for lock on InventoryDB,E502,Timeout waiting for lock on {db}
96383,2026-01-16,15:00:51,CRITICAL,PaymentGateway,KERNEL PANIC: Node node-4 crashed,E601,KERNEL PANIC: Node {node} crashed
96384,2026-01-16,15:58:46,WARN,WebServer,High latency (537ms) detected on WebServer,E201,High latency ({time}ms) detected on {service}
96385,2026-01-16,15:07:45,CRITICAL,OrderProcessor,DATA CORRUPTION detected in sector 710,E602,DATA CORRUPTION detected in sector {sector}
96386,2026-01-16,15:49:26,INFO,OrderProcessor,Page view: /home by u3515,E103,Page view: {page} by {user}
96387,2026-01-16,15:13:37,INFO,OrderProcessor,Health check passed: OrderProcessor,E102,Health check passed: {service}
96388,2026-01-16,15:10:23,WARN,WebServer,Disk usage > 85% on node node-5,E202,Disk usage > 85% on node {node}
96389,2026-01-16,15:44:56,INFO,InventoryDB,Health check passed: InventoryDB,E102,Health check passed: {service}
96390,2026-01-16,15:38:01,INFO,WebServer,Transaction tx958629 completed in 1392ms,E104,Transaction {tx} completed in {time}ms
96391,2026-01-16,15:44:51,INFO,OrderProcessor,Page view: /home by u2361,E103,Page view: {page} by {user}
96392,2026-01-16,15:46:21,ERROR,WebServer,Connection refused to WebServer at 10.0.0.45,E501,Connection refused to {service} at {ip}
96393,2026-01-16,15:06:56,INFO,PaymentGateway,Health check passed: PaymentGateway,E102,Health check passed: {service}
96394,2026-01-16,15:39:52,ERROR,WebServer,Payment declined: Gateway unavailable,E503,Payment declined: Gateway unavailable
96395,2026-01-16,15:52:57,ERROR,AuthService,Timeout waiting for lock on InventoryDB,E502,Timeout waiting for lock on {db}
96396,2026-01-16,15:56:07,INFO,WebServer,User u3683 login successful,E101,User {user} login successful
96397,2026-01-16,15:03:34,INFO,WebServer,Transaction tx512699 completed in 1829ms,E104,Transaction {tx} completed in {time}ms
96398,2026-01-16,15:24:38,INFO,WebServer,User u1268 login successful,E101,User {user} login successful
96399,2026-01-16,15:57:23,CRITICAL,WebServer,KERNEL PANIC: Node node-4 crashed,E601,KERNEL PANIC: Node {node} crashed
96400,2026-01-16,15:31:11,WARN,PaymentGateway,Unauthorized access attempt from 10.0.0.12,E401,Unauthorized access attempt from {ip}
96401,2026-01-16,15:45:02,CRITICAL,WebServer,DATA CORRUPTION detected in sector 492,E602,DATA CORRUPTION detected in sector {sector}
96402,2026-01-16,15:19:02,INFO,WebServer,Transaction tx924049 completed in 1403ms,E104,Transaction {tx} completed in {time}ms
96403,2026-01-16,15:08:49,CRITICAL,PaymentGateway,KERNEL PANIC: Node node-2 crashed,E601,KERNEL PANIC: Node {node} crashed
96404,2026-01-16,15:53:27,INFO,PaymentGateway,Page view: /home by u4331,E103,Page view: {page} by {user}
96405,2026-01-16,15:21:08,ERROR,AuthService,Timeout waiting for lock on InventoryDB,E502,Timeout waiting for lock on {db}
96406,2026-01-16,15:18:53,ERROR,WebServer,Connection refused to WebServer at 10.0.0.88,E501,Connection refused to {service} at {ip}
96407,2026-01-16,15:27:20,ERROR,AuthService,Payment declined: Gateway unavailable,E503,Payment declined: Gateway unavailable
96408,2026-01-16,15:26:20,WARN,PaymentGateway,High latency (1939ms) detected on PaymentGateway,E201,High latency ({time}ms) detected on {service}
96409,2026-01-16,15:03:04,CRITICAL,WebServer,DATA CORRUPTION detected in sector 108,E602,DATA CORRUPTION detected in sector {sector}
96410,2026-01-16,15:51:08,ERROR,PaymentGateway,Connection refused to PaymentGateway at 10.0.0.45,E501,Connection refused to {service} at {ip}
96411,2026-01-16,15:09:54,ERROR,WebServer,Payment declined: Gateway unavailable,E503,Payment declined: Gateway unavailable
96412,2026-01-16,15:10:22,CRITICAL,InventoryDB,KERNEL PANIC: Node node-5 crashed,E601,KERNEL PANIC: Node {node} crashed
96413,2026-01-16,15:23:42,WARN,PaymentGateway,Disk usage > 85% on node node-5,E202,Disk usage > 85% on node {node}
96414,2026-01-16,15:03:09,ERROR,WebServer,Timeout waiting for lock on InventoryDB,E502,Timeout waiting for lock on {db}
96415,2026-01-16,15:21:42,WARN,WebServer,Disk usage > 85% on node node-1,E202,Disk usage > 85% on node {node}
96416,2026-01-16,15:06:42,INFO,OrderProcessor,Page view: /home by u4687,E103,Page view: {page} by {user}
96417,2026-01-16,15:37:06,ERROR,PaymentGateway,Connection refused to PaymentGateway at 10.0.0.45,E501,Connection refused to {service} at {ip}
96418,2026-01-16,15:04:34,WARN,OrderProcessor,Unauthorized access attempt from 10.0.0.99,E401,Unauthorized access attempt from {ip}
96419,2026-01-16,15:00:35,INFO,OrderProcessor,Transaction tx147892 completed in 226ms,E104,Transaction {tx} completed in {time}ms
96420,2026-01-16,15:18:47,CRITICAL,InventoryDB,DATA CORRUPTION detected in sector 837,E602,DATA CORRUPTION detected in sector {sector}
96421,2026-01-16,15:37:11,ERROR,AuthService,Connection refused to AuthService at 10.0.0.10,E501,Connection refused to {service} at {ip}
96422,2026-01-16,15:43:28,WARN,PaymentGateway,Disk usage > 85% on node node-1,E202,Disk usage > 85% on node {node}
96423,2026-01-16,15:00:30,WARN,WebServer,Disk usage > 85% on node node-1,E202,Disk usage > 85% on node {node}
96424,2026-01-16,15:28:52,ERROR,PaymentGateway,Timeout waiting for lock on InventoryDB,E502,Timeout waiting for lock on {db}
96425,2026-01-16,15:33:46,ERROR,OrderProcessor,Timeout waiting for lock on InventoryDB,E502,Timeout waiting for lock on {db}
96426,2026-01-16,15:46:13,ERROR,WebServer,Timeout waiting for lock on InventoryDB,E502,Timeout waiting for lock on {db}
96427,2026-01-16,15:00:29,ERROR,AuthService,Timeout waiting for lock on InventoryDB,E502,Timeout waiting for lock on {db}
96428,2026-01-16,15:10:22,WARN,WebServer,High latency (807ms) detected on WebServer,E201,High latency ({time}ms) detected on {service}
96429,2026-01-16,15:40:43,ERROR,WebServer,Payment declined: Gateway unavailable,E503,Payment declined: Gateway unavailable
96430,2026-01-16,15:35:15,ERROR,WebServer,Connection refused to WebServer at 10.0.0.45,E501,Connection refused to {service} at {ip}
96431,2026-01-16,15:12:43,WARN,WebServer,High latency (964ms) detected on WebServer,E201,High latency ({time}ms) detected on {service}
96432,2026-01-16,15:00:57,INFO,AuthService,Page view: /home by u2181,E103,Page view: {page} by {user}
96433,2026-01-16,15:12:37,WARN,InventoryDB,Unauthorized access attempt from 10.0.0.45,E401,Unauthorized access attempt from {ip}
96434,2026-01-16,15:05:54,WARN,OrderProcessor,High latency (1756ms) detected on OrderProcessor,E201,High latency ({time}ms) detected on {service}
96435,2026-01-16,15:36:23,CRITICAL,WebServer,KERNEL PANIC: Node node-1 crashed,E601,KERNEL PANIC: Node {node} crashed
96436,2026-01-16,15:52:37,ERROR,OrderProcessor,Connection refused to OrderProcessor at 10.0.0.10,E501,Connection refused to {service} at {ip}
96437,2026-01-16,15:39:14,INFO,AuthService,Page view: /home by u2886,E103,Page view: {page} by {user}
96438,2026-01-16,15:43:17,WARN,WebServer,High latency (113ms) detected on WebServer,E201,High latency ({time}ms) detected on {service}
96439,2026-01-16,15:01:52,ERROR,WebServer,Timeout waiting for lock on InventoryDB,E502,Timeout waiting for lock on {db}
96440,2026-01-16,15:16:50,CRITICAL,OrderProcessor,DATA CORRUPTION detected in sector 184,E602,DATA CORRUPTION detected in sector {sector}
96441,2026-01-16,15:22:00,WARN,WebServer,Disk usage > 85% on node node-2,E202,Disk usage > 85% on node {node}
96442,2026-01-16,15:24:14,INFO,InventoryDB,Transaction tx550460 completed in 1480ms,E104,Transaction {tx} completed in {time}ms
96443,2026-01-16,15:18:40,CRITICAL,InventoryDB,KERNEL PANIC: Node node-2 crashed,E601,KERNEL PANIC: Node {node} crashed
96444,2026-01-16,15:03:04,WARN,WebServer,High latency (1689ms) detected on WebServer,E201,High latency ({time}ms) detected on {service}
96445,2026-01-16,15:50:07,INFO,WebServer,Health check passed: WebServer,E102,Health check passed: {service}
96446,2026-01-16,15:48:29,CRITICAL,WebServer,DATA CORRUPTION detected in sector 112,E602,DATA CORRUPTION detected in sector {sector}
96447,2026-01-16,15:56:02,INFO,WebServer,Transaction tx282024 completed in 870ms,E104,Transaction {tx} completed in {time}ms
96448,2026-01-16,15:59:56,INFO,PaymentGateway,Health check passed: PaymentGateway,E102,Health check passed: {service}
96449,2026-01-16,15:03:57,ERROR,PaymentGateway,Timeout waiting for lock on InventoryDB,E502,Timeout waiting for lock on {db}
96450,2026-01-16,15:18:38,ERROR,WebServer,Payment declined: Gateway unavailable,E503,Payment declined: Gateway unavailable
96451,2026-01-16,15:30:10,INFO,AuthService,Page view: /home by u4125,E103,Page view: {page} by {user}
96452,2026-01-16,15:14:11,INFO,WebServer,Health check passed: WebServer,E102,Health check passed: {service}
96453,2026-01-16,15:00:54,INFO,WebServer,Health check passed: WebServer,E102,Health check passed: {service}
96454,2026-01-16,15:43:38,ERROR,WebServer,Connection refused to WebServer at 10.0.0.45,E501,Connection refused to {service} at {ip}
96455,2026-01-16,15:45:54,CRITICAL,PaymentGateway,KERNEL PANIC: Node node-2 crashed,E601,KERNEL PANIC: Node {node} crashed
96456,2026-01-16,15:47:44,CRITICAL,OrderProcessor,DATA CORRUPTION detected in sector 740,E602,DATA CORRUPTION detected in sector {sector}
96457,2026-01-16,15:54:49,CRITICAL,PaymentGateway,KERNEL PANIC: Node node-2 crashed,E601,KERNEL PANIC: Node {node} crashed
96458,2026-01-16,15:18:28,WARN,WebServer,Unauthorized access attempt from 10.0.0.45,E401,Unauthorized access attempt from {ip}
96459,2026-01-16,15:40:07,INFO,WebServer,Health check passed: WebServer,E102,Health check passed: {service}
96460,2026-01-16,15:48:52,ERROR,PaymentGateway,Timeout waiting for lock on InventoryDB,E502,Timeout waiting for lock on {db}
96461,2026-01-16,15:09:14,INFO,WebServer,Health check passed: WebServer,E102,Health check passed: {service}
96462,2026-01-16,15:32:47,CRITICAL,AuthService,KERNEL PANIC: Node node-5 crashed,E601,KERNEL PANIC: Node {node} crashed
96463,2026-01-16,15:48:45,INFO,WebServer,Transaction tx640024 completed in 1313ms,E104,Transaction {tx} completed in {time}ms
96464,2026-01-16,15:34:21,INFO,AuthService,User u1187 login successful,E101,User {user} login successful
96465,2026-01-16,15:51:21,ERROR,WebServer,Timeout waiting for lock on InventoryDB,E502,Timeout waiting for lock on {db}
96466,2026-01-16,15:54:07,WARN,OrderProcessor,Unauthorized access attempt from 10.0.0.45,E401,Unauthorized access attempt from {ip}
96467,2026-01-16,15:04:49,WARN,WebServer,High latency (1004ms) detected on WebServer,E201,High latency ({time}ms) detected on {service}
96468,2026-01-16,15:25:26,INFO,WebServer,User u2842 login successful,E101,User {user} login successful
96469,2026-01-16,15:30:02,INFO,OrderProcessor,Page view: /home by u3584,E103,Page view: {page} by {user}
96470,2026-01-16,15:09:04,INFO,AuthService,Health check passed: AuthService,E102,Health check passed: {service}
96471,2026-01-16,15:06:53,ERROR,WebServer,Connection refused to WebServer at 10.0.0.99,E501,Connection refused to {service} at {ip}
96472,2026-01-16,15:34:00,WARN,WebServer,Disk usage > 85% on node node-3,E202,Disk usage > 85% on node {node}
96473,2026-01-16,15:10:47,WARN,PaymentGateway,High latency (1450ms) detected on PaymentGateway,E201,High latency ({time}ms) detected on {service}
96474,2026-01-16,15:52:59,ERROR,AuthService,Connection refused to AuthService at 10.0.0.88,E501,Connection refused to {service} at {ip}
96475,2026-01-16,15:35:45,ERROR,WebServer,Connection refused to WebServer at 192.168.1.5,E501,Connection refused to {service} at {ip}
96476,2026-01-16,15:37:20,ERROR,AuthService,Connection refused to AuthService at 10.0.0.45,E501,Connection refused to {service} at {ip}
96477,2026-01-16,15:40:03,ERROR,AuthService,Payment declined: Gateway unavailable,E503,Payment declined: Gateway unavailable
96478,2026-01-16,15:18:48,CRITICAL,AuthService,DATA CORRUPTION detected in sector 307,E602,DATA CORRUPTION detected in sector {sector}
96479,2026-01-16,15:44:22,INFO,OrderProcessor,Page view: /home by u1348,E103,Page view: {page} by {user}
96480,2026-01-16,15:51:10,INFO,AuthService,Page view: /home by u2473,E103,Page view: {page} by {user}
96481,2026-01-16,15:37:19,ERROR,WebServer,Connection refused to WebServer at 10.0.0.88,E501,Connection refused to {service} at {ip}
96482,2026-01-16,15:39:54,ERROR,AuthService,Payment declined: Gateway unavailable,E503,Payment declined: Gateway unavailable
96483,2026-01-16,15:23:44,ERROR,AuthService,Payment declined: Gateway unavailable,E503,Payment declined: Gateway unavailable
96484,2026-01-16,15:27:03,WARN,OrderProcessor,Disk usage > 85% on node node-1,E202,Disk usage > 85% on node {node}
96485,2026-01-16,15:44:17,ERROR,WebServer,Timeout waiting for lock on InventoryDB,E502,Timeout waiting for lock on {db}
96486,2026-01-16,15:35:44,INFO,PaymentGateway,Transaction tx803367 completed in 429ms,E104,Transaction {tx} completed in {time}ms
96487,2026-01-16,15:40:03,WARN,InventoryDB,High latency (526ms) detected on InventoryDB,E201,High latency ({time}ms) detected on {service}
96488,2026-01-16,15:41:15,INFO,WebServer,Page view: /home by u1797,E103,Page view: {page} by {user}
96489,2026-01-16,15:03:02,ERROR,AuthService,Payment declined: Gateway unavailable,E503,Payment declined: Gateway unavailable
96490,2026-01-16,15:56:49,INFO,WebServer,Transaction tx257303 completed in 195ms,E104,Transaction {tx} completed in {time}ms
96491,2026-01-16,15:45:15,INFO,WebServer,Transaction tx116474 completed in 777ms,E104,Transaction {tx} completed in {time}ms
96492,2026-01-16,15:45:51,WARN,OrderProcessor,Disk usage > 85% on node node-1,E202,Disk usage > 85% on node {node}
96493,2026-01-16,15:51:15,ERROR,PaymentGateway,Payment declined: Gateway unavailable,E503,Payment declined: Gateway unavailable
96494,2026-01-16,15:31:21,CRITICAL,WebServer,DATA CORRUPTION detected in sector 852,E602,DATA CORRUPTION detected in sector {sector}
96495,2026-01-16,15:04:59,ERROR,WebServer,Payment declined: Gateway unavailable,E503,Payment declined: Gateway unavailable
96496,2026-01-16,15:40:19,ERROR,AuthService,Payment declined: Gateway unavailable,E503,Payment declined: Gateway unavailable
96497,2026-01-16,15:15:12,INFO,OrderProcessor,Transaction tx980183 completed in 1330ms,E104,Transaction {tx} completed in {time}ms
96498,2026-01-16,15:54:59,INFO,AuthService,Health check passed: AuthService,E102,Health check passed: {service}
96499,2026-01-16,15:14:47,ERROR,OrderProcessor,Payment declined: Gateway unavailable,E503,Payment declined: Gateway unavailable
96500,2026-01-16,15:36:31,ERROR,OrderProcessor,Connection refused to OrderProcessor at 10.0.0.45,E501,Connection refused to {service} at {ip}
96501,2026-01-16,15:31:48,CRITICAL,WebServer,DATA CORRUPTION detected in sector 726,E602,DATA CORRUPTION detected in sector {sector}
96502,2026-01-16,15:14:02,INFO,WebServer,Health check passed: WebServer,E102,Health check passed: {service}
96503,2026-01-16,15:52:36,WARN,WebServer,Unauthorized access attempt from 10.0.0.45,E401,Unauthorized access attempt from {ip}
96504,2026-01-16,15:37:12,ERROR,WebServer,Payment declined: Gateway unavailable,E503,Payment declined: Gateway unavailable
96505,2026-01-16,15:26:24,ERROR,PaymentGateway,Payment declined: Gateway unavailable,E503,Payment declined: Gateway unavailable
96506,2026-01-16,15:00:10,WARN,AuthService,Unauthorized access attempt from 10.0.0.45,E401,Unauthorized access attempt from {ip}
96507,2026-01-16,15:13:05,WARN,OrderProcessor,Unauthorized access attempt from 10.0.0.12,E401,Unauthorized access attempt from {ip}
96508,2026-01-16,15:51:38,ERROR,OrderProcessor,Timeout waiting for lock on InventoryDB,E502,Timeout waiting for lock on {db}
96509,2026-01-16,15:48:49,INFO,OrderProcessor,Transaction tx516117 completed in 1473ms,E104,Transaction {tx} completed in {time}ms
96510,2026-01-16,15:07:16,ERROR,AuthService,Payment declined: Gateway unavailable,E503,Payment declined: Gateway unavailable
96511,2026-01-16,15:53:35,ERROR,WebServer,Timeout waiting for lock on InventoryDB,E502,Timeout waiting for lock on {db}
96512,2026-01-16,15:02:37,INFO,WebServer,Health check passed: WebServer,E102,Health check passed: {service}
96513,2026-01-16,15:40:23,INFO,WebServer,Page view: /home by u1359,E103,Page view: {page} by {user}
96514,2026-01-16,15:25:10,WARN,WebServer,High latency (588ms) detected on WebServer,E201,High latency ({time}ms) detected on {service}
96515,2026-01-16,15:56:44,WARN,WebServer,High latency (1861ms) detected on WebServer,E201,High latency ({time}ms) detected on {service}
96516,2026-01-16,15:19:56,ERROR,WebServer,Payment declined: Gateway unavailable,E503,Payment declined: Gateway unavailable
96517,2026-01-16,15:39:09,ERROR,WebServer,Connection refused to WebServer at 10.0.0.88,E501,Connection refused to {service} at {ip}
96518,2026-01-16,15:06:40,INFO,PaymentGateway,Health check passed: PaymentGateway,E102,Health check passed: {service}
96519,2026-01-16,15:55:36,ERROR,OrderProcessor,Payment declined: Gateway unavailable,E503,Payment declined: Gateway unavailable
96520,2026-01-16,15:08:10,WARN,OrderProcessor,High latency (22ms) detected on OrderProcessor,E201,High latency ({time}ms) detected on {service}
96521,2026-01-16,15:18:52,INFO,WebServer,Transaction tx143123 completed in 1979ms,E104,Transaction {tx} completed in {time}ms
96522,2026-01-16,15:38:43,INFO,WebServer,Page view: /home by u4692,E103,Page view: {page} by {user}
96523,2026-01-16,15:46:24,WARN,WebServer,Disk usage > 85% on node node-4,E202,Disk usage > 85% on node {node}
96524,2026-01-16,15:08:20,ERROR,WebServer,Timeout waiting for lock on InventoryDB,E502,Timeout waiting for lock on {db}
96525,2026-01-16,15:56:29,ERROR,OrderProcessor,Connection refused to OrderProcessor at 10.0.0.99,E501,Connection refused to {service} at {ip}
96526,2026-01-16,15:56:29,CRITICAL,WebServer,KERNEL PANIC: Node node-3 crashed,E601,KERNEL PANIC: Node {node} crashed
96527,2026-01-16,15:44:07,INFO,WebServer,Page view: /home by u3488,E103,Page view: {page} by {user}
96528,2026-01-16,15:17:43,WARN,WebServer,Unauthorized access attempt from 10.0.0.12,E401,Unauthorized access attempt from {ip}
96529,2026-01-16,15:40:23,INFO,PaymentGateway,Health check passed: PaymentGateway,E102,Health check passed: {service}
96530,2026-01-16,15:41:49,ERROR,PaymentGateway,Connection refused to PaymentGateway at 10.0.0.88,E501,Connection refused to {service} at {ip}
96531,2026-01-16,15:27:24,ERROR,InventoryDB,Timeout waiting for lock on InventoryDB,E502,Timeout waiting for lock on {db}
96532,2026-01-16,15:03:39,WARN,AuthService,High latency (332ms) detected on AuthService,E201,High latency ({time}ms) detected on {service}
96533,2026-01-16,15:11:50,CRITICAL,WebServer,DATA CORRUPTION detected in sector 296,E602,DATA CORRUPTION detected in sector {sector}
96534,2026-01-16,15:11:16,INFO,WebServer,Transaction tx887490 completed in 1691ms,E104,Transaction {tx} completed in {time}ms
96535,2026-01-16,15:32:45,ERROR,WebServer,Timeout waiting for lock on InventoryDB,E502,Timeout waiting for lock on {db}
96536,2026-01-16,15:58:35,ERROR,WebServer,Timeout waiting for lock on InventoryDB,E502,Timeout waiting for lock on {db}
96537,2026-01-16,15:27:38,CRITICAL,OrderProcessor,KERNEL PANIC: Node node-4 crashed,E601,KERNEL PANIC: Node {node} crashed
96538,2026-01-16,15:59:01,WARN,PaymentGateway,High latency (993ms) detected on PaymentGateway,E201,High latency ({time}ms) detected on {service}
96539,2026-01-16,15:44:50,INFO,WebServer,Health check passed: WebServer,E102,Health check passed: {service}
96540,2026-01-16,15:18:52,ERROR,WebServer,Payment declined: Gateway unavailable,E503,Payment declined: Gateway unavailable
96541,2026-01-16,15:02:23,INFO,AuthService,Transaction tx435183 completed in 1870ms,E104,Transaction {tx} completed in {time}ms
96542,2026-01-16,15:18:12,INFO,AuthService,Health check passed: AuthService,E102,Health check passed: {service}
96543,2026-01-16,15:33:17,ERROR,AuthService,Timeout waiting for lock on InventoryDB,E502,Timeout waiting for lock on {db}
96544,2026-01-16,15:35:18,WARN,WebServer,High latency (1232ms) detected on WebServer,E201,High latency ({time}ms) detected on {service}
96545,2026-01-16,15:29:06,INFO,InventoryDB,Page view: /home by u1100,E103,Page view: {page} by {user}
96546,2026-01-16,15:14:20,WARN,OrderProcessor,Disk usage > 85% on node node-5,E202,Disk usage > 85% on node {node}
96547,2026-01-16,15:09:54,ERROR,WebServer,Timeout waiting for lock on InventoryDB,E502,Timeout waiting for lock on {db}
96548,2026-01-16,15:33:06,ERROR,WebServer,Connection refused to WebServer at 10.0.0.45,E501,Connection refused to {service} at {ip}
96549,2026-01-16,15:21:22,WARN,WebServer,Disk usage > 85% on node node-2,E202,Disk usage > 85% on node {node}
96550,2026-01-16,15:30:36,INFO,WebServer,User u4666 login successful,E101,User {user} login successful
96551,2026-01-16,15:43:22,ERROR,AuthService,Payment declined: Gateway unavailable,E503,Payment declined: Gateway unavailable
96552,2026-01-16,15:52:16,INFO,WebServer,Transaction tx394714 completed in 632ms,E104,Transaction {tx} completed in {time}ms
96553,2026-01-16,15:49:17,ERROR,WebServer,Payment declined: Gateway unavailable,E503,Payment declined: Gateway unavailable
96554,2026-01-16,15:55:40,WARN,AuthService,Disk usage > 85% on node node-3,E202,Disk usage > 85% on node {node}
96555,2026-01-16,15:46:40,INFO,AuthService,Page view: /home by u1644,E103,Page view: {page} by {user}
96556,2026-01-16,15:19:25,ERROR,WebServer,Timeout waiting for lock on InventoryDB,E502,Timeout waiting for lock on {db}
96557,2026-01-16,15:45:11,INFO,PaymentGateway,Health check passed: PaymentGateway,E102,Health check passed: {service}
96558,2026-01-16,15:52:26,WARN,AuthService,High latency (1209ms) detected on AuthService,E201,High latency ({time}ms) detected on {service}
96559,2026-01-16,15:53:52,ERROR,WebServer,Timeout waiting for lock on InventoryDB,E502,Timeout waiting for lock on {db}
96560,2026-01-16,15:46:30,ERROR,WebServer,Connection refused to WebServer at 10.0.0.10,E501,Connection refused to {service} at {ip}
96561,2026-01-16,15:06:32,WARN,PaymentGateway,Disk usage > 85% on node node-3,E202,Disk usage > 85% on node {node}
96562,2026-01-16,15:12:10,CRITICAL,WebServer,DATA CORRUPTION detected in sector 412,E602,DATA CORRUPTION detected in sector {sector}
96563,2026-01-16,15:28:52,INFO,WebServer,Page view: /home by u3337,E103,Page view: {page} by {user}
96564,2026-01-16,15:39:47,INFO,WebServer,Health check passed: WebServer,E102,Health check passed: {service}
96565,2026-01-16,15:48:06,WARN,WebServer,Disk usage > 85% on node node-1,E202,Disk usage > 85% on node {node}
96566,2026-01-16,15:17:30,INFO,OrderProcessor,Transaction tx639380 completed in 1650ms,E104,Transaction {tx} completed in {time}ms
96567,2026-01-16,15:29:40,INFO,InventoryDB,Page view: /home by u2331,E103,Page view: {page} by {user}
96568,2026-01-16,15:14:56,INFO,WebServer,User u1309 login successful,E101,User {user} login successful
96569,2026-01-16,15:33:42,INFO,PaymentGateway,Transaction tx440868 completed in 772ms,E104,Transaction {tx} completed in {time}ms
96570,2026-01-16,15:23:59,ERROR,OrderProcessor,Connection refused to OrderProcessor at 10.0.0.45,E501,Connection refused to {service} at {ip}
96571,2026-01-16,15:54:02,INFO,WebServer,Transaction tx848010 completed in 1639ms,E104,Transaction {tx} completed in {time}ms
96572,2026-01-16,15:32:11,CRITICAL,PaymentGateway,KERNEL PANIC: Node node-1 crashed,E601,KERNEL PANIC: Node {node} crashed
96573,2026-01-16,15:38:30,ERROR,PaymentGateway,Timeout waiting for lock on InventoryDB,E502,Timeout waiting for lock on {db}
96574,2026-01-16,15:25:12,INFO,WebServer,Page view: /home by u4969,E103,Page view: {page} by {user}
96575,2026-01-16,15:39:38,CRITICAL,AuthService,DATA CORRUPTION detected in sector 872,E602,DATA CORRUPTION detected in sector {sector}
96576,2026-01-16,15:59:43,ERROR,WebServer,Connection refused to WebServer at 10.0.0.45,E501,Connection refused to {service} at {ip}
96577,2026-01-16,15:36:31,INFO,WebServer,Health check passed: WebServer,E102,Health check passed: {service}
96578,2026-01-16,15:37:24,INFO,WebServer,Transaction tx592378 completed in 1401ms,E104,Transaction {tx} completed in {time}ms
96579,2026-01-16,15:00:49,ERROR,WebServer,Timeout waiting for lock on InventoryDB,E502,Timeout waiting for lock on {db}
96580,2026-01-16,15:41:08,CRITICAL,OrderProcessor,DATA CORRUPTION detected in sector 436,E602,DATA CORRUPTION detected in sector {sector}
96581,2026-01-16,15:10:56,WARN,AuthService,Disk usage > 85% on node node-2,E202,Disk usage > 85% on node {node}
96582,2026-01-16,15:17:52,WARN,WebServer,Unauthorized access attempt from 10.0.0.88,E401,Unauthorized access attempt from {ip}
96583,2026-01-16,15:09:10,ERROR,WebServer,Connection refused to WebServer at 10.0.0.88,E501,Connection refused to {service} at {ip}
96584,2026-01-16,15:02:49,ERROR,OrderProcessor,Payment declined: Gateway unavailable,E503,Payment declined: Gateway unavailable
96585,2026-01-16,15:05:51,ERROR,OrderProcessor,Timeout waiting for lock on InventoryDB,E502,Timeout waiting for lock on {db}
96586,2026-01-16,15:50:03,ERROR,WebServer,Payment declined: Gateway unavailable,E503,Payment declined: Gateway unavailable
96587,2026-01-16,15:35:29,WARN,AuthService,Unauthorized access attempt from 10.0.0.99,E401,Unauthorized access attempt from {ip}
96588,2026-01-16,15:45:38,WARN,WebServer,High latency (958ms) detected on WebServer,E201,High latency ({time}ms) detected on {service}
96589,2026-01-16,15:49:34,ERROR,WebServer,Connection refused to WebServer at 10.0.0.88,E501,Connection refused to {service} at {ip}
96590,2026-01-16,15:49:38,ERROR,OrderProcessor,Timeout waiting for lock on InventoryDB,E502,Timeout waiting for lock on {db}
96591,2026-01-16,15:20:41,INFO,AuthService,Transaction tx384456 completed in 1861ms,E104,Transaction {tx} completed in {time}ms
96592,2026-01-16,15:50:51,INFO,WebServer,User u3642 login successful,E101,User {user} login successful
96593,2026-01-16,15:26:32,CRITICAL,AuthService,DATA CORRUPTION detected in sector 196,E602,DATA CORRUPTION detected in sector {sector}
96594,2026-01-16,15:15:04,WARN,WebServer,Disk usage > 85% on node node-2,E202,Disk usage > 85% on node {node}
96595,2026-01-16,15:05:56,WARN,WebServer,Unauthorized access attempt from 10.0.0.10,E401,Unauthorized access attempt from {ip}
96596,2026-01-16,15:12:12,INFO,WebServer,User u1465 login successful,E101,User {user} login successful
96597,2026-01-16,15:22:14,CRITICAL,AuthService,KERNEL PANIC: Node node-1 crashed,E601,KERNEL PANIC: Node {node} crashed
96598,2026-01-16,15:46:58,ERROR,InventoryDB,Payment declined: Gateway unavailable,E503,Payment declined: Gateway unavailable
96599,2026-01-16,15:47:02,WARN,WebServer,Unauthorized access attempt from 10.0.0.45,E401,Unauthorized access attempt from {ip}
96600,2026-01-16,15:15:38,ERROR,AuthService,Payment declined: Gateway unavailable,E503,Payment declined: Gateway unavailable
96601,2026-01-16,15:43:23,WARN,WebServer,High latency (1148ms) detected on WebServer,E201,High latency ({time}ms) detected on {service}
96602,2026-01-16,15:58:10,ERROR,AuthService,Payment declined: Gateway unavailable,E503,Payment declined: Gateway unavailable
96603,2026-01-16,15:49:42,ERROR,WebServer,Timeout waiting for lock on InventoryDB,E502,Timeout waiting for lock on {db}
96604,2026-01-16,15:00:06,ERROR,WebServer,Connection refused to WebServer at 10.0.0.45,E501,Connection refused to {service} at {ip}
96605,2026-01-16,15:06:04,CRITICAL,AuthService,DATA CORRUPTION detected in sector 555,E602,DATA CORRUPTION detected in sector {sector}
96606,2026-01-16,15:08:41,INFO,OrderProcessor,Health check passed: OrderProcessor,E102,Health check passed: {service}
96607,2026-01-16,15:06:32,INFO,OrderProcessor,Transaction tx756416 completed in 1678ms,E104,Transaction {tx} completed in {time}ms
96608,2026-01-16,15:00:53,INFO,PaymentGateway,Page view: /home by u3155,E103,Page view: {page} by {user}
96609,2026-01-16,15:39:32,INFO,WebServer,Health check passed: WebServer,E102,Health check passed: {service}
96610,2026-01-16,15:32:42,INFO,WebServer,Transaction tx306113 completed in 774ms,E104,Transaction {tx} completed in {time}ms
96611,2026-01-16,15:39:30,INFO,WebServer,Health check passed: WebServer,E102,Health check passed: {service}
96612,2026-01-16,15:52:15,WARN,WebServer,Disk usage > 85% on node node-5,E202,Disk usage > 85% on node {node}
96613,2026-01-16,15:37:58,ERROR,AuthService,Payment declined: Gateway unavailable,E503,Payment declined: Gateway unavailable
96614,2026-01-16,15:30:32,CRITICAL,WebServer,KERNEL PANIC: Node node-3 crashed,E601,KERNEL PANIC: Node {node} crashed
96615,2026-01-16,15:11:48,ERROR,WebServer,Payment declined: Gateway unavailable,E503,Payment declined: Gateway unavailable
96616,2026-01-16,15:09:57,INFO,WebServer,Page view: /home by u2430,E103,Page view: {page} by {user}
96617,2026-01-16,15:48:26,CRITICAL,PaymentGateway,KERNEL PANIC: Node node-5 crashed,E601,KERNEL PANIC: Node {node} crashed
96618,2026-01-16,15:31:18,ERROR,PaymentGateway,Connection refused to PaymentGateway at 10.0.0.10,E501,Connection refused to {service} at {ip}
96619,2026-01-16,15:32:43,ERROR,OrderProcessor,Payment declined: Gateway unavailable,E503,Payment declined: Gateway unavailable
96620,2026-01-16,15:36:54,ERROR,AuthService,Payment declined: Gateway unavailable,E503,Payment declined: Gateway unavailable
96621,2026-01-16,15:40:28,ERROR,WebServer,Timeout waiting for lock on InventoryDB,E502,Timeout waiting for lock on {db}
96622,2026-01-16,15:21:15,INFO,WebServer,User u1136 login successful,E101,User {user} login successful
96623,2026-01-16,15:40:09,WARN,PaymentGateway,Disk usage > 85% on node node-1,E202,Disk usage > 85% on node {node}
96624,2026-01-16,15:29:48,ERROR,WebServer,Timeout waiting for lock on InventoryDB,E502,Timeout waiting for lock on {db}
96625,2026-01-16,15:49:16,ERROR,WebServer,Payment declined: Gateway unavailable,E503,Payment declined: Gateway unavailable
96626,2026-01-16,15:24:54,INFO,WebServer,Health check passed: WebServer,E102,Health check passed: {service}
96627,2026-01-16,15:49:02,ERROR,WebServer,Connection refused to WebServer at 192.168.1.5,E501,Connection refused to {service} at {ip}
96628,2026-01-16,15:26:37,INFO,WebServer,User u2838 login successful,E101,User {user} login successful
96629,2026-01-16,15:22:09,WARN,WebServer,Disk usage > 85% on node node-3,E202,Disk usage > 85% on node {node}
96630,2026-01-16,15:47:59,WARN,OrderProcessor,High latency (38ms) detected on OrderProcessor,E201,High latency ({time}ms) detected on {service}
96631,2026-01-16,15:19:11,ERROR,WebServer,Payment declined: Gateway unavailable,E503,Payment declined: Gateway unavailable
96632,2026-01-16,15:46:01,CRITICAL,WebServer,DATA CORRUPTION detected in sector 344,E602,DATA CORRUPTION detected in sector {sector}
96633,2026-01-16,15:25:28,WARN,PaymentGateway,Disk usage > 85% on node node-5,E202,Disk usage > 85% on node {node}
96634,2026-01-16,15:27:26,WARN,OrderProcessor,Unauthorized access attempt from 10.0.0.45,E401,Unauthorized access attempt from {ip}
96635,2026-01-16,15:57:33,INFO,WebServer,User u2938 login successful,E101,User {user} login successful
96636,2026-01-16,15:16:16,ERROR,WebServer,Connection refused to WebServer at 10.0.0.45,E501,Connection refused to {service} at {ip}
96637,2026-01-16,15:52:34,WARN,WebServer,Disk usage > 85% on node node-2,E202,Disk usage > 85% on node {node}
96638,2026-01-16,15:42:36,INFO,AuthService,Transaction tx837930 completed in 326ms,E104,Transaction {tx} completed in {time}ms
96639,2026-01-16,15:28:37,ERROR,OrderProcessor,Timeout waiting for lock on InventoryDB,E502,Timeout waiting for lock on {db}
96640,2026-01-16,15:17:38,ERROR,WebServer,Connection refused to WebServer at 10.0.0.45,E501,Connection refused to {service} at {ip}
96641,2026-01-16,15:39:02,INFO,WebServer,User u3778 login successful,E101,User {user} login successful
96642,2026-01-16,15:27:49,INFO,PaymentGateway,Page view: /home by u4632,E103,Page view: {page} by {user}
96643,2026-01-16,15:11:16,INFO,WebServer,Health check passed: WebServer,E102,Health check passed: {service}
96644,2026-01-16,15:25:01,ERROR,WebServer,Timeout waiting for lock on InventoryDB,E502,Timeout waiting for lock on {db}
96645,2026-01-16,15:11:02,ERROR,PaymentGateway,Timeout waiting for lock on InventoryDB,E502,Timeout waiting for lock on {db}
96646,2026-01-16,15:47:46,ERROR,WebServer,Connection refused to WebServer at 10.0.0.45,E501,Connection refused to {service} at {ip}
96647,2026-01-16,15:17:06,WARN,PaymentGateway,Disk usage > 85% on node node-2,E202,Disk usage > 85% on node {node}
96648,2026-01-16,15:00:38,ERROR,WebServer,Timeout waiting for lock on InventoryDB,E502,Timeout waiting for lock on {db}
96649,2026-01-16,15:49:44,WARN,PaymentGateway,High latency (1263ms) detected on PaymentGateway,E201,High latency ({time}ms) detected on {service}
96650,2026-01-16,15:24:33,INFO,WebServer,Health check passed: WebServer,E102,Health check passed: {service}
96651,2026-01-16,15:21:52,INFO,WebServer,Health check passed: WebServer,E102,Health check passed: {service}
96652,2026-01-16,15:40:54,INFO,AuthService,Transaction tx137175 completed in 1575ms,E104,Transaction {tx} completed in {time}ms
96653,2026-01-16,15:42:35,ERROR,PaymentGateway,Payment declined: Gateway unavailable,E503,Payment declined: Gateway unavailable
96654,2026-01-16,15:29:23,CRITICAL,WebServer,KERNEL PANIC: Node node-2 crashed,E601,KERNEL PANIC: Node {node} crashed
96655,2026-01-16,15:40:14,ERROR,OrderProcessor,Payment declined: Gateway unavailable,E503,Payment declined: Gateway unavailable
96656,2026-01-16,15:03:56,ERROR,WebServer,Connection refused to WebServer at 10.0.0.45,E501,Connection refused to {service} at {ip}
96657,2026-01-16,15:44:18,INFO,PaymentGateway,User u3737 login successful,E101,User {user} login successful
96658,2026-01-16,15:43:21,WARN,WebServer,Disk usage > 85% on node node-3,E202,Disk usage > 85% on node {node}
96659,2026-01-16,15:54:06,WARN,WebServer,Unauthorized access attempt from 10.0.0.10,E401,Unauthorized access attempt from {ip}
96660,2026-01-16,15:55:55,INFO,WebServer,User u2738 login successful,E101,User {user} login successful
96661,2026-01-16,15:47:54,WARN,AuthService,High latency (1715ms) detected on AuthService,E201,High latency ({time}ms) detected on {service}
96662,2026-01-16,15:00:48,INFO,WebServer,Health check passed: WebServer,E102,Health check passed: {service}
96663,2026-01-16,15:41:50,WARN,WebServer,Disk usage > 85% on node node-1,E202,Disk usage > 85% on node {node}
96664,2026-01-16,15:13:15,ERROR,OrderProcessor,Timeout waiting for lock on InventoryDB,E502,Timeout waiting for lock on {db}
96665,2026-01-16,15:33:14,CRITICAL,WebServer,KERNEL PANIC: Node node-3 crashed,E601,KERNEL PANIC: Node {node} crashed
96666,2026-01-16,15:54:20,ERROR,WebServer,Timeout waiting for lock on InventoryDB,E502,Timeout waiting for lock on {db}
96667,2026-01-16,15:12:12,ERROR,WebServer,Payment declined: Gateway unavailable,E503,Payment declined: Gateway unavailable
96668,2026-01-16,15:29:56,ERROR,WebServer,Timeout waiting for lock on InventoryDB,E502,Timeout waiting for lock on {db}
96669,2026-01-16,15:45:43,ERROR,WebServer,Connection refused to WebServer at 10.0.0.88,E501,Connection refused to {service} at {ip}
96670,2026-01-16,15:41:29,CRITICAL,AuthService,KERNEL PANIC: Node node-5 crashed,E601,KERNEL PANIC: Node {node} crashed
96671,2026-01-16,15:31:25,WARN,PaymentGateway,Unauthorized access attempt from 10.0.0.45,E401,Unauthorized access attempt from {ip}
96672,2026-01-16,15:56:07,ERROR,OrderProcessor,Connection refused to OrderProcessor at 10.0.0.12,E501,Connection refused to {service} at {ip}
96673,2026-01-16,15:33:39,INFO,AuthService,Page view: /home by u1058,E103,Page view: {page} by {user}
96674,2026-01-16,15:11:54,ERROR,WebServer,Payment declined: Gateway unavailable,E503,Payment declined: Gateway unavailable
96675,2026-01-16,15:20:00,INFO,AuthService,Health check passed: AuthService,E102,Health check passed: {service}
96676,2026-01-16,15:36:09,INFO,AuthService,Transaction tx265562 completed in 426ms,E104,Transaction {tx} completed in {time}ms
96677,2026-01-16,15:32:47,ERROR,WebServer,Connection refused to WebServer at 10.0.0.45,E501,Connection refused to {service} at {ip}
96678,2026-01-16,15:06:01,WARN,OrderProcessor,Unauthorized access attempt from 10.0.0.45,E401,Unauthorized access attempt from {ip}
96679,2026-01-16,15:56:28,WARN,AuthService,High latency (1628ms) detected on AuthService,E201,High latency ({time}ms) detected on {service}
96680,2026-01-16,15:16:37,CRITICAL,WebServer,DATA CORRUPTION detected in sector 698,E602,DATA CORRUPTION detected in sector {sector}
96681,2026-01-16,15:02:39,INFO,WebServer,User u1682 login successful,E101,User {user} login successful
96682,2026-01-16,15:17:44,WARN,WebServer,Unauthorized access attempt from 10.0.0.45,E401,Unauthorized access attempt from {ip}
96683,2026-01-16,15:43:50,ERROR,AuthService,Connection refused to AuthService at 10.0.0.88,E501,Connection refused to {service} at {ip}
96684,2026-01-16,15:00:11,ERROR,OrderProcessor,Payment declined: Gateway unavailable,E503,Payment declined: Gateway unavailable
96685,2026-01-16,15:52:36,ERROR,AuthService,Connection refused to AuthService at 10.0.0.45,E501,Connection refused to {service} at {ip}
96686,2026-01-16,15:56:11,ERROR,InventoryDB,Connection refused to InventoryDB at 10.0.0.45,E501,Connection refused to {service} at {ip}
96687,2026-01-16,15:40:12,CRITICAL,PaymentGateway,DATA CORRUPTION detected in sector 381,E602,DATA CORRUPTION detected in sector {sector}
96688,2026-01-16,15:02:20,INFO,AuthService,Transaction tx684606 completed in 1340ms,E104,Transaction {tx} completed in {time}ms
96689,2026-01-16,15:55:00,WARN,AuthService,High latency (455ms) detected on AuthService,E201,High latency ({time}ms) detected on {service}
96690,2026-01-16,15:27:03,WARN,AuthService,High latency (210ms) detected on AuthService,E201,High latency ({time}ms) detected on {service}
96691,2026-01-16,15:06:34,WARN,WebServer,Unauthorized access attempt from 10.0.0.12,E401,Unauthorized access attempt from {ip}
96692,2026-01-16,15:44:17,CRITICAL,WebServer,DATA CORRUPTION detected in sector 835,E602,DATA CORRUPTION detected in sector {sector}
96693,2026-01-16,15:17:42,WARN,WebServer,High latency (339ms) detected on WebServer,E201,High latency ({time}ms) detected on {service}
96694,2026-01-16,15:26:27,CRITICAL,WebServer,KERNEL PANIC: Node node-2 crashed,E601,KERNEL PANIC: Node {node} crashed
96695,2026-01-16,15:47:11,ERROR,InventoryDB,Timeout waiting for lock on InventoryDB,E502,Timeout waiting for lock on {db}
96696,2026-01-16,15:28:19,CRITICAL,AuthService,KERNEL PANIC: Node node-1 crashed,E601,KERNEL PANIC: Node {node} crashed
96697,2026-01-16,15:15:29,INFO,WebServer,Health check passed: WebServer,E102,Health check passed: {service}
96698,2026-01-16,15:18:02,ERROR,OrderProcessor,Payment declined: Gateway unavailable,E503,Payment declined: Gateway unavailable
96699,2026-01-16,15:06:18,WARN,WebServer,Unauthorized access attempt from 10.0.0.45,E401,Unauthorized access attempt from {ip}
96700,2026-01-16,15:06:27,ERROR,WebServer,Connection refused to WebServer at 10.0.0.12,E501,Connection refused to {service} at {ip}
96701,2026-01-16,15:10:55,INFO,OrderProcessor,Health check passed: OrderProcessor,E102,Health check passed: {service}
96702,2026-01-16,15:19:32,CRITICAL,WebServer,KERNEL PANIC: Node node-3 crashed,E601,KERNEL PANIC: Node {node} crashed
96703,2026-01-16,15:55:31,ERROR,WebServer,Connection refused to WebServer at 192.168.1.5,E501,Connection refused to {service} at {ip}
96704,2026-01-16,15:23:03,WARN,OrderProcessor,Disk usage > 85% on node node-4,E202,Disk usage > 85% on node {node}
96705,2026-01-16,15:27:38,ERROR,PaymentGateway,Timeout waiting for lock on InventoryDB,E502,Timeout waiting for lock on {db}
96706,2026-01-16,15:37:04,ERROR,WebServer,Timeout waiting for lock on InventoryDB,E502,Timeout waiting for lock on {db}
96707,2026-01-16,15:14:06,CRITICAL,PaymentGateway,KERNEL PANIC: Node node-4 crashed,E601,KERNEL PANIC: Node {node} crashed
96708,2026-01-16,15:42:18,ERROR,AuthService,Timeout waiting for lock on InventoryDB,E502,Timeout waiting for lock on {db}
96709,2026-01-16,15:07:31,CRITICAL,WebServer,DATA CORRUPTION detected in sector 860,E602,DATA CORRUPTION detected in sector {sector}
96710,2026-01-16,15:20:11,WARN,WebServer,Unauthorized access attempt from 10.0.0.45,E401,Unauthorized access attempt from {ip}
96711,2026-01-16,15:52:36,CRITICAL,AuthService,DATA CORRUPTION detected in sector 638,E602,DATA CORRUPTION detected in sector {sector}
96712,2026-01-16,15:07:19,ERROR,InventoryDB,Timeout waiting for lock on InventoryDB,E502,Timeout waiting for lock on {db}
96713,2026-01-16,15:12:36,ERROR,WebServer,Payment declined: Gateway unavailable,E503,Payment declined: Gateway unavailable
96714,2026-01-16,15:21:20,ERROR,WebServer,Payment declined: Gateway unavailable,E503,Payment declined: Gateway unavailable
96715,2026-01-16,15:09:26,WARN,WebServer,Disk usage > 85% on node node-4,E202,Disk usage > 85% on node {node}
96716,2026-01-16,15:23:35,ERROR,OrderProcessor,Payment declined: Gateway unavailable,E503,Payment declined: Gateway unavailable
96717,2026-01-16,15:59:38,WARN,WebServer,Disk usage > 85% on node node-5,E202,Disk usage > 85% on node {node}
96718,2026-01-16,15:55:59,INFO,WebServer,Page view: /home by u3300,E103,Page view: {page} by {user}
96719,2026-01-16,15:06:10,ERROR,InventoryDB,Connection refused to InventoryDB at 10.0.0.45,E501,Connection refused to {service} at {ip}
96720,2026-01-16,15:30:48,ERROR,AuthService,Payment declined: Gateway unavailable,E503,Payment declined: Gateway unavailable
96721,2026-01-16,15:16:57,WARN,AuthService,Disk usage > 85% on node node-2,E202,Disk usage > 85% on node {node}
96722,2026-01-16,15:31:02,ERROR,WebServer,Payment declined: Gateway unavailable,E503,Payment declined: Gateway unavailable
96723,2026-01-16,15:49:31,INFO,OrderProcessor,User u4447 login successful,E101,User {user} login successful
96724,2026-01-16,15:34:52,INFO,WebServer,Transaction tx650610 completed in 1422ms,E104,Transaction {tx} completed in {time}ms
96725,2026-01-16,15:14:43,ERROR,WebServer,Payment declined: Gateway unavailable,E503,Payment declined: Gateway unavailable
96726,2026-01-16,15:18:52,ERROR,PaymentGateway,Connection refused to PaymentGateway at 10.0.0.45,E501,Connection refused to {service} at {ip}
96727,2026-01-16,15:24:06,WARN,PaymentGateway,High latency (813ms) detected on PaymentGateway,E201,High latency ({time}ms) detected on {service}
96728,2026-01-16,15:05:02,WARN,WebServer,Unauthorized access attempt from 10.0.0.45,E401,Unauthorized access attempt from {ip}
96729,2026-01-16,15:22:30,WARN,AuthService,Unauthorized access attempt from 10.0.0.10,E401,Unauthorized access attempt from {ip}
96730,2026-01-16,15:18:40,ERROR,OrderProcessor,Payment declined: Gateway unavailable,E503,Payment declined: Gateway unavailable
96731,2026-01-16,15:30:48,ERROR,WebServer,Connection refused to WebServer at 10.0.0.45,E501,Connection refused to {service} at {ip}
96732,2026-01-16,15:46:08,CRITICAL,WebServer,KERNEL PANIC: Node node-3 crashed,E601,KERNEL PANIC: Node {node} crashed
96733,2026-01-16,15:14:24,INFO,PaymentGateway,Health check passed: PaymentGateway,E102,Health check passed: {service}
96734,2026-01-16,15:24:25,ERROR,AuthService,Connection refused to AuthService at 10.0.0.12,E501,Connection refused to {service} at {ip}
96735,2026-01-16,15:22:58,INFO,AuthService,User u3586 login successful,E101,User {user} login successful
96736,2026-01-16,15:28:38,INFO,PaymentGateway,Transaction tx111871 completed in 1521ms,E104,Transaction {tx} completed in {time}ms
96737,2026-01-16,15:24:19,WARN,PaymentGateway,High latency (1419ms) detected on PaymentGateway,E201,High latency ({time}ms) detected on {service}
96738,2026-01-16,15:19:24,INFO,AuthService,User u2494 login successful,E101,User {user} login successful
96739,2026-01-16,15:07:36,INFO,OrderProcessor,Health check passed: OrderProcessor,E102,Health check passed: {service}
96740,2026-01-16,15:07:20,CRITICAL,AuthService,KERNEL PANIC: Node node-1 crashed,E601,KERNEL PANIC: Node {node} crashed
96741,2026-01-16,15:51:08,CRITICAL,OrderProcessor,DATA CORRUPTION detected in sector 189,E602,DATA CORRUPTION detected in sector {sector}
96742,2026-01-16,15:49:31,ERROR,WebServer,Timeout waiting for lock on InventoryDB,E502,Timeout waiting for lock on {db}
96743,2026-01-16,15:00:02,ERROR,PaymentGateway,Payment declined: Gateway unavailable,E503,Payment declined: Gateway unavailable
96744,2026-01-16,15:30:09,WARN,WebServer,Unauthorized access attempt from 10.0.0.45,E401,Unauthorized access attempt from {ip}
96745,2026-01-16,15:21:39,INFO,WebServer,Transaction tx838053 completed in 1628ms,E104,Transaction {tx} completed in {time}ms
96746,2026-01-16,15:10:57,WARN,WebServer,High latency (1766ms) detected on WebServer,E201,High latency ({time}ms) detected on {service}
96747,2026-01-16,15:13:03,INFO,OrderProcessor,User u2111 login successful,E101,User {user} login successful
96748,2026-01-16,15:21:29,ERROR,AuthService,Connection refused to AuthService at 10.0.0.45,E501,Connection refused to {service} at {ip}
96749,2026-01-16,15:07:29,CRITICAL,WebServer,DATA CORRUPTION detected in sector 869,E602,DATA CORRUPTION detected in sector {sector}
96750,2026-01-16,15:04:10,INFO,AuthService,User u4194 login successful,E101,User {user} login successful
96751,2026-01-16,15:03:56,WARN,WebServer,Unauthorized access attempt from 10.0.0.45,E401,Unauthorized access attempt from {ip}
96752,2026-01-16,15:39:22,ERROR,InventoryDB,Connection refused to InventoryDB at 10.0.0.45,E501,Connection refused to {service} at {ip}
96753,2026-01-16,15:57:40,ERROR,WebServer,Connection refused to WebServer at 10.0.0.10,E501,Connection refused to {service} at {ip}
96754,2026-01-16,15:30:15,INFO,WebServer,Health check passed: WebServer,E102,Health check passed: {service}
96755,2026-01-16,15:53:18,CRITICAL,AuthService,KERNEL PANIC: Node node-2 crashed,E601,KERNEL PANIC: Node {node} crashed
96756,2026-01-16,15:12:26,CRITICAL,AuthService,KERNEL PANIC: Node node-1 crashed,E601,KERNEL PANIC: Node {node} crashed
96757,2026-01-16,15:16:03,ERROR,OrderProcessor,Connection refused to OrderProcessor at 10.0.0.45,E501,Connection refused to {service} at {ip}
96758,2026-01-16,15:06:32,INFO,PaymentGateway,Transaction tx199369 completed in 479ms,E104,Transaction {tx} completed in {time}ms
96759,2026-01-16,15:05:05,INFO,WebServer,Page view: /home by u1470,E103,Page view: {page} by {user}
96760,2026-01-16,15:03:32,INFO,WebServer,Page view: /home by u3433,E103,Page view: {page} by {user}
96761,2026-01-16,15:11:06,INFO,InventoryDB,Transaction tx562586 completed in 961ms,E104,Transaction {tx} completed in {time}ms
96762,2026-01-16,15:42:47,ERROR,OrderProcessor,Timeout waiting for lock on InventoryDB,E502,Timeout waiting for lock on {db}
96763,2026-01-16,15:17:01,INFO,AuthService,Health check passed: AuthService,E102,Health check passed: {service}
96764,2026-01-16,15:48:18,INFO,WebServer,Page view: /home by u4160,E103,Page view: {page} by {user}
96765,2026-01-16,15:01:37,ERROR,AuthService,Connection refused to AuthService at 10.0.0.12,E501,Connection refused to {service} at {ip}
96766,2026-01-16,15:36:32,INFO,AuthService,User u3241 login successful,E101,User {user} login successful
96767,2026-01-16,15:34:40,ERROR,AuthService,Payment declined: Gateway unavailable,E503,Payment declined: Gateway unavailable
96768,2026-01-16,15:40:19,ERROR,WebServer,Timeout waiting for lock on InventoryDB,E502,Timeout waiting for lock on {db}
96769,2026-01-16,15:26:33,WARN,WebServer,High latency (1201ms) detected on WebServer,E201,High latency ({time}ms) detected on {service}
96770,2026-01-16,15:48:24,INFO,OrderProcessor,Transaction tx825891 completed in 1907ms,E104,Transaction {tx} completed in {time}ms
96771,2026-01-16,15:22:44,INFO,WebServer,Health check passed: WebServer,E102,Health check passed: {service}
96772,2026-01-16,15:38:34,INFO,OrderProcessor,Page view: /home by u3830,E103,Page view: {page} by {user}
96773,2026-01-16,15:37:18,INFO,OrderProcessor,Page view: /home by u2197,E103,Page view: {page} by {user}
96774,2026-01-16,15:10:53,INFO,OrderProcessor,Page view: /home by u3496,E103,Page view: {page} by {user}
96775,2026-01-16,15:31:35,INFO,WebServer,Health check passed: WebServer,E102,Health check passed: {service}
96776,2026-01-16,15:13:27,CRITICAL,AuthService,DATA CORRUPTION detected in sector 827,E602,DATA CORRUPTION detected in sector {sector}
96777,2026-01-16,15:00:52,ERROR,WebServer,Connection refused to WebServer at 192.168.1.5,E501,Connection refused to {service} at {ip}
96778,2026-01-16,15:55:10,ERROR,InventoryDB,Timeout waiting for lock on InventoryDB,E502,Timeout waiting for lock on {db}
96779,2026-01-16,15:43:17,WARN,OrderProcessor,Unauthorized access attempt from 10.0.0.12,E401,Unauthorized access attempt from {ip}
96780,2026-01-16,15:32:16,INFO,PaymentGateway,Page view: /home by u3107,E103,Page view: {page} by {user}
96781,2026-01-16,15:29:54,ERROR,AuthService,Connection refused to AuthService at 10.0.0.45,E501,Connection refused to {service} at {ip}
96782,2026-01-16,15:10:29,WARN,WebServer,High latency (887ms) detected on WebServer,E201,High latency ({time}ms) detected on {service}
96783,2026-01-16,15:36:09,ERROR,OrderProcessor,Connection refused to OrderProcessor at 10.0.0.45,E501,Connection refused to {service} at {ip}
96784,2026-01-16,15:33:36,ERROR,WebServer,Timeout waiting for lock on InventoryDB,E502,Timeout waiting for lock on {db}
96785,2026-01-16,15:53:17,CRITICAL,WebServer,DATA CORRUPTION detected in sector 351,E602,DATA CORRUPTION detected in sector {sector}
96786,2026-01-16,15:46:37,ERROR,InventoryDB,Timeout waiting for lock on InventoryDB,E502,Timeout waiting for lock on {db}
96787,2026-01-16,15:50:27,ERROR,WebServer,Connection refused to WebServer at 10.0.0.12,E501,Connection refused to {service} at {ip}
96788,2026-01-16,15:28:13,WARN,PaymentGateway,Unauthorized access attempt from 10.0.0.45,E401,Unauthorized access attempt from {ip}
96789,2026-01-16,15:18:15,ERROR,WebServer,Payment declined: Gateway unavailable,E503,Payment declined: Gateway unavailable
96790,2026-01-16,15:50:53,ERROR,WebServer,Connection refused to WebServer at 10.0.0.45,E501,Connection refused to {service} at {ip}
96791,2026-01-16,15:50:57,INFO,PaymentGateway,Page view: /home by u3570,E103,Page view: {page} by {user}
96792,2026-01-16,15:55:35,WARN,WebServer,Disk usage > 85% on node node-5,E202,Disk usage > 85% on node {node}
96793,2026-01-16,15:47:32,WARN,WebServer,Unauthorized access attempt from 10.0.0.45,E401,Unauthorized access attempt from {ip}
96794,2026-01-16,15:59:16,INFO,WebServer,Transaction tx460296 completed in 651ms,E104,Transaction {tx} completed in {time}ms
96795,2026-01-16,15:10:51,INFO,WebServer,User u2728 login successful,E101,User {user} login successful
96796,2026-01-16,15:00:06,INFO,WebServer,Page view: /home by u2944,E103,Page view: {page} by {user}
96797,2026-01-16,15:46:11,ERROR,WebServer,Payment declined: Gateway unavailable,E503,Payment declined: Gateway unavailable
96798,2026-01-16,15:29:39,ERROR,WebServer,Connection refused to WebServer at 10.0.0.12,E501,Connection refused to {service} at {ip}
96799,2026-01-16,15:53:56,CRITICAL,OrderProcessor,DATA CORRUPTION detected in sector 853,E602,DATA CORRUPTION detected in sector {sector}
96800,2026-01-16,15:44:25,INFO,WebServer,User u2156 login successful,E101,User {user} login successful
96801,2026-01-16,15:09:28,INFO,OrderProcessor,Health check passed: OrderProcessor,E102,Health check passed: {service}
96802,2026-01-16,15:06:36,CRITICAL,OrderProcessor,KERNEL PANIC: Node node-5 crashed,E601,KERNEL PANIC: Node {node} crashed
96803,2026-01-16,15:54:33,ERROR,OrderProcessor,Timeout waiting for lock on InventoryDB,E502,Timeout waiting for lock on {db}
96804,2026-01-16,15:50:22,INFO,OrderProcessor,Health check passed: OrderProcessor,E102,Health check passed: {service}
96805,2026-01-16,15:34:17,ERROR,WebServer,Payment declined: Gateway unavailable,E503,Payment declined: Gateway unavailable
96806,2026-01-16,15:25:28,ERROR,AuthService,Timeout waiting for lock on InventoryDB,E502,Timeout waiting for lock on {db}
96807,2026-01-16,15:17:55,WARN,OrderProcessor,High latency (1186ms) detected on OrderProcessor,E201,High latency ({time}ms) detected on {service}
96808,2026-01-16,15:06:55,ERROR,OrderProcessor,Timeout waiting for lock on InventoryDB,E502,Timeout waiting for lock on {db}
96809,2026-01-16,15:55:04,WARN,WebServer,Disk usage > 85% on node node-3,E202,Disk usage > 85% on node {node}
96810,2026-01-16,15:50:00,ERROR,WebServer,Connection refused to WebServer at 10.0.0.99,E501,Connection refused to {service} at {ip}
96811,2026-01-16,15:44:08,WARN,AuthService,High latency (283ms) detected on AuthService,E201,High latency ({time}ms) detected on {service}
96812,2026-01-16,15:43:09,ERROR,WebServer,Payment declined: Gateway unavailable,E503,Payment declined: Gateway unavailable
96813,2026-01-16,15:57:12,INFO,WebServer,Transaction tx790236 completed in 437ms,E104,Transaction {tx} completed in {time}ms
96814,2026-01-16,15:34:46,WARN,WebServer,Unauthorized access attempt from 10.0.0.45,E401,Unauthorized access attempt from {ip}
96815,2026-01-16,15:39:35,ERROR,OrderProcessor,Payment declined: Gateway unavailable,E503,Payment declined: Gateway unavailable
96816,2026-01-16,15:56:35,ERROR,WebServer,Connection refused to WebServer at 10.0.0.99,E501,Connection refused to {service} at {ip}
96817,2026-01-16,15:40:15,ERROR,AuthService,Payment declined: Gateway unavailable,E503,Payment declined: Gateway unavailable
96818,2026-01-16,15:42:42,ERROR,PaymentGateway,Timeout waiting for lock on InventoryDB,E502,Timeout waiting for lock on {db}
96819,2026-01-16,15:56:43,CRITICAL,AuthService,KERNEL PANIC: Node node-3 crashed,E601,KERNEL PANIC: Node {node} crashed
96820,2026-01-16,15:45:48,INFO,WebServer,Page view: /home by u2578,E103,Page view: {page} by {user}
96821,2026-01-16,15:14:10,INFO,WebServer,Transaction tx219577 completed in 963ms,E104,Transaction {tx} completed in {time}ms
96822,2026-01-16,15:37:54,INFO,WebServer,Page view: /home by u4820,E103,Page view: {page} by {user}
96823,2026-01-16,15:15:21,CRITICAL,WebServer,DATA CORRUPTION detected in sector 668,E602,DATA CORRUPTION detected in sector {sector}
96824,2026-01-16,15:25:35,WARN,WebServer,Disk usage > 85% on node node-2,E202,Disk usage > 85% on node {node}
96825,2026-01-16,15:02:04,ERROR,OrderProcessor,Payment declined: Gateway unavailable,E503,Payment declined: Gateway unavailable
96826,2026-01-16,15:19:56,INFO,WebServer,User u4436 login successful,E101,User {user} login successful
96827,2026-01-16,15:28:17,INFO,PaymentGateway,Transaction tx813898 completed in 200ms,E104,Transaction {tx} completed in {time}ms
96828,2026-01-16,15:44:20,INFO,WebServer,Page view: /home by u1088,E103,Page view: {page} by {user}
96829,2026-01-16,15:51:23,ERROR,WebServer,Payment declined: Gateway unavailable,E503,Payment declined: Gateway unavailable
96830,2026-01-16,15:29:35,CRITICAL,WebServer,DATA CORRUPTION detected in sector 905,E602,DATA CORRUPTION detected in sector {sector}
96831,2026-01-16,15:27:21,WARN,InventoryDB,Unauthorized access attempt from 10.0.0.12,E401,Unauthorized access attempt from {ip}
96832,2026-01-16,15:58:48,ERROR,WebServer,Payment declined: Gateway unavailable,E503,Payment declined: Gateway unavailable
96833,2026-01-16,15:51:25,ERROR,WebServer,Timeout waiting for lock on InventoryDB,E502,Timeout waiting for lock on {db}
96834,2026-01-16,15:21:51,INFO,AuthService,Transaction tx534052 completed in 1684ms,E104,Transaction {tx} completed in {time}ms
96835,2026-01-16,15:32:48,ERROR,AuthService,Payment declined: Gateway unavailable,E503,Payment declined: Gateway unavailable
96836,2026-01-16,15:57:15,INFO,WebServer,Transaction tx732202 completed in 962ms,E104,Transaction {tx} completed in {time}ms
96837,2026-01-16,15:17:16,CRITICAL,OrderProcessor,DATA CORRUPTION detected in sector 430,E602,DATA CORRUPTION detected in sector {sector}
96838,2026-01-16,15:27:39,ERROR,AuthService,Timeout waiting for lock on InventoryDB,E502,Timeout waiting for lock on {db}
96839,2026-01-16,15:47:34,INFO,PaymentGateway,User u1141 login successful,E101,User {user} login successful
96840,2026-01-16,15:33:04,INFO,WebServer,User u2176 login successful,E101,User {user} login successful
96841,2026-01-16,15:40:28,WARN,WebServer,High latency (1716ms) detected on WebServer,E201,High latency ({time}ms) detected on {service}
96842,2026-01-16,15:57:35,WARN,WebServer,Unauthorized access attempt from 10.0.0.45,E401,Unauthorized access attempt from {ip}
96843,2026-01-16,15:20:12,ERROR,WebServer,Payment declined: Gateway unavailable,E503,Payment declined: Gateway unavailable
96844,2026-01-16,15:37:34,ERROR,WebServer,Timeout waiting for lock on InventoryDB,E502,Timeout waiting for lock on {db}
96845,2026-01-16,15:13:51,WARN,AuthService,Disk usage > 85% on node node-3,E202,Disk usage > 85% on node {node}
96846,2026-01-16,15:35:09,CRITICAL,AuthService,DATA CORRUPTION detected in sector 537,E602,DATA CORRUPTION detected in sector {sector}
96847,2026-01-16,15:39:27,ERROR,WebServer,Connection refused to WebServer at 10.0.0.99,E501,Connection refused to {service} at {ip}
96848,2026-01-16,15:08:18,INFO,AuthService,Page view: /home by u4820,E103,Page view: {page} by {user}
96849,2026-01-16,15:35:53,INFO,AuthService,Page view: /home by u3804,E103,Page view: {page} by {user}
96850,2026-01-16,15:22:53,WARN,WebServer,Disk usage > 85% on node node-5,E202,Disk usage > 85% on node {node}
96851,2026-01-16,15:14:51,CRITICAL,WebServer,KERNEL PANIC: Node node-3 crashed,E601,KERNEL PANIC: Node {node} crashed
96852,2026-01-16,15:02:32,ERROR,InventoryDB,Payment declined: Gateway unavailable,E503,Payment declined: Gateway unavailable
96853,2026-01-16,15:01:13,ERROR,AuthService,Timeout waiting for lock on InventoryDB,E502,Timeout waiting for lock on {db}
96854,2026-01-16,15:53:55,WARN,WebServer,High latency (1719ms) detected on WebServer,E201,High latency ({time}ms) detected on {service}
96855,2026-01-16,15:20:15,ERROR,OrderProcessor,Payment declined: Gateway unavailable,E503,Payment declined: Gateway unavailable
96856,2026-01-16,15:00:19,ERROR,AuthService,Payment declined: Gateway unavailable,E503,Payment declined: Gateway unavailable
96857,2026-01-16,15:19:41,ERROR,AuthService,Connection refused to AuthService at 10.0.0.45,E501,Connection refused to {service} at {ip}
96858,2026-01-16,15:44:34,ERROR,WebServer,Payment declined: Gateway unavailable,E503,Payment declined: Gateway unavailable
96859,2026-01-16,15:33:13,ERROR,AuthService,Payment declined: Gateway unavailable,E503,Payment declined: Gateway unavailable
96860,2026-01-16,15:04:23,INFO,WebServer,User u1687 login successful,E101,User {user} login successful
96861,2026-01-16,15:01:47,ERROR,AuthService,Connection refused to AuthService at 10.0.0.45,E501,Connection refused to {service} at {ip}
96862,2026-01-16,15:05:07,INFO,WebServer,User u1662 login successful,E101,User {user} login successful
96863,2026-01-16,15:15:52,INFO,WebServer,Health check passed: WebServer,E102,Health check passed: {service}
96864,2026-01-16,15:50:37,ERROR,WebServer,Timeout waiting for lock on InventoryDB,E502,Timeout waiting for lock on {db}
96865,2026-01-16,15:31:47,INFO,PaymentGateway,Page view: /home by u3029,E103,Page view: {page} by {user}
96866,2026-01-16,15:23:32,CRITICAL,WebServer,KERNEL PANIC: Node node-2 crashed,E601,KERNEL PANIC: Node {node} crashed
96867,2026-01-16,15:00:34,ERROR,PaymentGateway,Payment declined: Gateway unavailable,E503,Payment declined: Gateway unavailable
96868,2026-01-16,15:05:55,ERROR,WebServer,Payment declined: Gateway unavailable,E503,Payment declined: Gateway unavailable
96869,2026-01-16,15:46:00,WARN,AuthService,Unauthorized access attempt from 10.0.0.12,E401,Unauthorized access attempt from {ip}
96870,2026-01-16,15:05:09,WARN,WebServer,High latency (1840ms) detected on WebServer,E201,High latency ({time}ms) detected on {service}
96871,2026-01-16,15:28:34,WARN,WebServer,High latency (621ms) detected on WebServer,E201,High latency ({time}ms) detected on {service}
96872,2026-01-16,15:39:03,ERROR,PaymentGateway,Timeout waiting for lock on InventoryDB,E502,Timeout waiting for lock on {db}
96873,2026-01-16,15:03:15,ERROR,WebServer,Payment declined: Gateway unavailable,E503,Payment declined: Gateway unavailable
96874,2026-01-16,15:11:49,WARN,WebServer,Disk usage > 85% on node node-2,E202,Disk usage > 85% on node {node}
96875,2026-01-16,15:21:39,ERROR,AuthService,Timeout waiting for lock on InventoryDB,E502,Timeout waiting for lock on {db}
96876,2026-01-16,15:30:23,INFO,PaymentGateway,Transaction tx907721 completed in 1156ms,E104,Transaction {tx} completed in {time}ms
96877,2026-01-16,15:22:14,INFO,WebServer,User u2625 login successful,E101,User {user} login successful
96878,2026-01-16,15:03:41,ERROR,WebServer,Connection refused to WebServer at 10.0.0.88,E501,Connection refused to {service} at {ip}
96879,2026-01-16,15:05:53,INFO,OrderProcessor,Transaction tx612345 completed in 255ms,E104,Transaction {tx} completed in {time}ms
96880,2026-01-16,15:39:42,INFO,InventoryDB,Health check passed: InventoryDB,E102,Health check passed: {service}
96881,2026-01-16,15:17:59,ERROR,WebServer,Timeout waiting for lock on InventoryDB,E502,Timeout waiting for lock on {db}
96882,2026-01-16,15:19:49,INFO,WebServer,User u3528 login successful,E101,User {user} login successful
96883,2026-01-16,15:03:34,INFO,OrderProcessor,Health check passed: OrderProcessor,E102,Health check passed: {service}
96884,2026-01-16,15:35:12,INFO,AuthService,Transaction tx549443 completed in 771ms,E104,Transaction {tx} completed in {time}ms
96885,2026-01-16,15:12:36,ERROR,WebServer,Connection refused to WebServer at 10.0.0.45,E501,Connection refused to {service} at {ip}
96886,2026-01-16,15:47:14,CRITICAL,WebServer,DATA CORRUPTION detected in sector 482,E602,DATA CORRUPTION detected in sector {sector}
96887,2026-01-16,15:12:32,INFO,AuthService,Page view: /home by u2565,E103,Page view: {page} by {user}
96888,2026-01-16,15:35:31,INFO,AuthService,Health check passed: AuthService,E102,Health check passed: {service}
96889,2026-01-16,15:26:16,WARN,AuthService,Disk usage > 85% on node node-2,E202,Disk usage > 85% on node {node}
96890,2026-01-16,15:35:38,INFO,AuthService,Health check passed: AuthService,E102,Health check passed: {service}
96891,2026-01-16,15:07:53,ERROR,WebServer,Timeout waiting for lock on InventoryDB,E502,Timeout waiting for lock on {db}
96892,2026-01-16,15:12:28,INFO,WebServer,Page view: /home by u4747,E103,Page view: {page} by {user}
96893,2026-01-16,15:49:03,ERROR,OrderProcessor,Payment declined: Gateway unavailable,E503,Payment declined: Gateway unavailable
96894,2026-01-16,15:47:29,INFO,WebServer,Page view: /home by u1007,E103,Page view: {page} by {user}
96895,2026-01-16,15:09:35,WARN,AuthService,Unauthorized access attempt from 10.0.0.45,E401,Unauthorized access attempt from {ip}
96896,2026-01-16,15:03:45,INFO,WebServer,User u2664 login successful,E101,User {user} login successful
96897,2026-01-16,15:20:28,INFO,WebServer,User u2982 login successful,E101,User {user} login successful
96898,2026-01-16,15:08:13,ERROR,WebServer,Timeout waiting for lock on InventoryDB,E502,Timeout waiting for lock on {db}
96899,2026-01-16,15:35:55,ERROR,PaymentGateway,Timeout waiting for lock on InventoryDB,E502,Timeout waiting for lock on {db}
96900,2026-01-16,15:47:50,WARN,AuthService,Disk usage > 85% on node node-5,E202,Disk usage > 85% on node {node}
96901,2026-01-16,15:05:48,WARN,WebServer,Disk usage > 85% on node node-2,E202,Disk usage > 85% on node {node}
96902,2026-01-16,15:15:43,ERROR,OrderProcessor,Connection refused to OrderProcessor at 10.0.0.45,E501,Connection refused to {service} at {ip}
96903,2026-01-16,15:21:03,INFO,WebServer,Health check passed: WebServer,E102,Health check passed: {service}
96904,2026-01-16,15:39:34,INFO,WebServer,Transaction tx424910 completed in 1595ms,E104,Transaction {tx} completed in {time}ms
96905,2026-01-16,15:39:23,INFO,AuthService,User u2022 login successful,E101,User {user} login successful
96906,2026-01-16,15:31:29,ERROR,WebServer,Timeout waiting for lock on InventoryDB,E502,Timeout waiting for lock on {db}
96907,2026-01-16,15:24:36,WARN,WebServer,High latency (733ms) detected on WebServer,E201,High latency ({time}ms) detected on {service}
96908,2026-01-16,15:20:34,INFO,PaymentGateway,Health check passed: PaymentGateway,E102,Health check passed: {service}
96909,2026-01-16,15:55:56,ERROR,AuthService,Payment declined: Gateway unavailable,E503,Payment declined: Gateway unavailable
96910,2026-01-16,15:36:29,ERROR,WebServer,Connection refused to WebServer at 10.0.0.45,E501,Connection refused to {service} at {ip}
96911,2026-01-16,15:58:01,ERROR,AuthService,Connection refused to AuthService at 10.0.0.88,E501,Connection refused to {service} at {ip}
96912,2026-01-16,15:30:44,ERROR,WebServer,Connection refused to WebServer at 192.168.1.5,E501,Connection refused to {service} at {ip}
96913,2026-01-16,15:03:52,CRITICAL,AuthService,KERNEL PANIC: Node node-5 crashed,E601,KERNEL PANIC: Node {node} crashed
96914,2026-01-16,15:42:28,WARN,WebServer,Disk usage > 85% on node node-1,E202,Disk usage > 85% on node {node}
96915,2026-01-16,15:02:49,WARN,WebServer,High latency (865ms) detected on WebServer,E201,High latency ({time}ms) detected on {service}
96916,2026-01-16,15:53:23,WARN,PaymentGateway,Disk usage > 85% on node node-5,E202,Disk usage > 85% on node {node}
96917,2026-01-16,15:36:13,CRITICAL,WebServer,DATA CORRUPTION detected in sector 376,E602,DATA CORRUPTION detected in sector {sector}
96918,2026-01-16,15:12:03,WARN,WebServer,Unauthorized access attempt from 10.0.0.45,E401,Unauthorized access attempt from {ip}
96919,2026-01-16,15:00:14,ERROR,AuthService,Timeout waiting for lock on InventoryDB,E502,Timeout waiting for lock on {db}
96920,2026-01-16,15:45:35,INFO,PaymentGateway,Transaction tx289419 completed in 100ms,E104,Transaction {tx} completed in {time}ms
96921,2026-01-16,15:39:32,INFO,PaymentGateway,User u1836 login successful,E101,User {user} login successful
96922,2026-01-16,15:46:54,CRITICAL,WebServer,KERNEL PANIC: Node node-4 crashed,E601,KERNEL PANIC: Node {node} crashed
96923,2026-01-16,15:15:52,INFO,AuthService,Page view: /home by u3457,E103,Page view: {page} by {user}
96924,2026-01-16,15:12:21,ERROR,AuthService,Connection refused to AuthService at 10.0.0.45,E501,Connection refused to {service} at {ip}
96925,2026-01-16,15:58:49,WARN,WebServer,Unauthorized access attempt from 10.0.0.45,E401,Unauthorized access attempt from {ip}
96926,2026-01-16,15:20:59,INFO,WebServer,Page view: /home by u2141,E103,Page view: {page} by {user}
96927,2026-01-16,15:39:03,INFO,AuthService,Page view: /home by u1819,E103,Page view: {page} by {user}
96928,2026-01-16,15:04:01,INFO,AuthService,User u3523 login successful,E101,User {user} login successful
96929,2026-01-16,15:32:24,WARN,WebServer,Unauthorized access attempt from 10.0.0.45,E401,Unauthorized access attempt from {ip}
96930,2026-01-16,15:21:10,INFO,AuthService,User u4535 login successful,E101,User {user} login successful
96931,2026-01-16,15:04:13,ERROR,WebServer,Payment declined: Gateway unavailable,E503,Payment declined: Gateway unavailable
96932,2026-01-16,15:56:54,ERROR,WebServer,Timeout waiting for lock on InventoryDB,E502,Timeout waiting for lock on {db}
96933,2026-01-16,15:12:48,INFO,OrderProcessor,Transaction tx321054 completed in 646ms,E104,Transaction {tx} completed in {time}ms
96934,2026-01-16,15:41:52,ERROR,WebServer,Payment declined: Gateway unavailable,E503,Payment declined: Gateway unavailable
96935,2026-01-16,15:59:47,WARN,InventoryDB,Unauthorized access attempt from 10.0.0.88,E401,Unauthorized access attempt from {ip}
96936,2026-01-16,15:11:38,ERROR,WebServer,Payment declined: Gateway unavailable,E503,Payment declined: Gateway unavailable
96937,2026-01-16,15:58:45,INFO,WebServer,User u1988 login successful,E101,User {user} login successful
96938,2026-01-16,15:02:59,ERROR,WebServer,Timeout waiting for lock on InventoryDB,E502,Timeout waiting for lock on {db}
96939,2026-01-16,15:36:25,ERROR,AuthService,Payment declined: Gateway unavailable,E503,Payment declined: Gateway unavailable
96940,2026-01-16,15:54:05,WARN,AuthService,Unauthorized access attempt from 10.0.0.45,E401,Unauthorized access attempt from {ip}
96941,2026-01-16,15:11:21,WARN,WebServer,Disk usage > 85% on node node-4,E202,Disk usage > 85% on node {node}
96942,2026-01-16,15:24:10,ERROR,WebServer,Payment declined: Gateway unavailable,E503,Payment declined: Gateway unavailable
96943,2026-01-16,15:10:38,ERROR,WebServer,Payment declined: Gateway unavailable,E503,Payment declined: Gateway unavailable
96944,2026-01-16,15:37:04,CRITICAL,AuthService,KERNEL PANIC: Node node-4 crashed,E601,KERNEL PANIC: Node {node} crashed
96945,2026-01-16,15:21:47,ERROR,WebServer,Connection refused to WebServer at 10.0.0.45,E501,Connection refused to {service} at {ip}
96946,2026-01-16,15:41:59,ERROR,WebServer,Timeout waiting for lock on InventoryDB,E502,Timeout waiting for lock on {db}
96947,2026-01-16,15:18:10,WARN,WebServer,Disk usage > 85% on node node-2,E202,Disk usage > 85% on node {node}
96948,2026-01-16,15:55:32,ERROR,WebServer,Timeout waiting for lock on InventoryDB,E502,Timeout waiting for lock on {db}
96949,2026-01-16,15:29:49,ERROR,WebServer,Connection refused to WebServer at 10.0.0.45,E501,Connection refused to {service} at {ip}
96950,2026-01-16,15:58:42,INFO,AuthService,Transaction tx594550 completed in 664ms,E104,Transaction {tx} completed in {time}ms
96951,2026-01-16,15:14:05,ERROR,WebServer,Connection refused to WebServer at 10.0.0.45,E501,Connection refused to {service} at {ip}
96952,2026-01-16,15:01:50,INFO,WebServer,Transaction tx447752 completed in 1753ms,E104,Transaction {tx} completed in {time}ms
96953,2026-01-16,15:46:37,CRITICAL,PaymentGateway,KERNEL PANIC: Node node-2 crashed,E601,KERNEL PANIC: Node {node} crashed
96954,2026-01-16,15:17:23,INFO,WebServer,Transaction tx472328 completed in 163ms,E104,Transaction {tx} completed in {time}ms
96955,2026-01-16,15:42:12,CRITICAL,AuthService,DATA CORRUPTION detected in sector 564,E602,DATA CORRUPTION detected in sector {sector}
96956,2026-01-16,15:52:09,ERROR,WebServer,Timeout waiting for lock on InventoryDB,E502,Timeout waiting for lock on {db}
96957,2026-01-16,15:21:13,WARN,PaymentGateway,Unauthorized access attempt from 10.0.0.45,E401,Unauthorized access attempt from {ip}
96958,2026-01-16,15:17:35,ERROR,AuthService,Connection refused to AuthService at 10.0.0.10,E501,Connection refused to {service} at {ip}
96959,2026-01-16,15:42:42,ERROR,InventoryDB,Timeout waiting for lock on InventoryDB,E502,Timeout waiting for lock on {db}
96960,2026-01-16,15:45:39,INFO,InventoryDB,User u3612 login successful,E101,User {user} login successful
96961,2026-01-16,15:39:34,ERROR,WebServer,Payment declined: Gateway unavailable,E503,Payment declined: Gateway unavailable
96962,2026-01-16,15:27:23,INFO,WebServer,User u4753 login successful,E101,User {user} login successful
96963,2026-01-16,15:00:25,WARN,AuthService,High latency (956ms) detected on AuthService,E201,High latency ({time}ms) detected on {service}
96964,2026-01-16,15:09:45,WARN,AuthService,High latency (838ms) detected on AuthService,E201,High latency ({time}ms) detected on {service}
96965,2026-01-16,15:13:54,WARN,WebServer,Unauthorized access attempt from 10.0.0.45,E401,Unauthorized access attempt from {ip}
96966,2026-01-16,15:04:34,ERROR,OrderProcessor,Connection refused to OrderProcessor at 10.0.0.45,E501,Connection refused to {service} at {ip}
96967,2026-01-16,15:32:51,ERROR,AuthService,Payment declined: Gateway unavailable,E503,Payment declined: Gateway unavailable
96968,2026-01-16,15:39:28,ERROR,WebServer,Timeout waiting for lock on InventoryDB,E502,Timeout waiting for lock on {db}
96969,2026-01-16,15:27:22,INFO,OrderProcessor,Page view: /home by u3761,E103,Page view: {page} by {user}
96970,2026-01-16,15:44:17,WARN,OrderProcessor,Disk usage > 85% on node node-4,E202,Disk usage > 85% on node {node}
96971,2026-01-16,15:35:08,WARN,WebServer,Disk usage > 85% on node node-5,E202,Disk usage > 85% on node {node}
96972,2026-01-16,15:34:20,INFO,WebServer,User u1330 login successful,E101,User {user} login successful
96973,2026-01-16,15:57:54,ERROR,WebServer,Timeout waiting for lock on InventoryDB,E502,Timeout waiting for lock on {db}
96974,2026-01-16,15:46:36,INFO,WebServer,Page view: /home by u2393,E103,Page view: {page} by {user}
96975,2026-01-16,15:49:08,INFO,WebServer,Health check passed: WebServer,E102,Health check passed: {service}
96976,2026-01-16,15:42:40,ERROR,PaymentGateway,Timeout waiting for lock on InventoryDB,E502,Timeout waiting for lock on {db}
96977,2026-01-16,15:23:26,ERROR,WebServer,Payment declined: Gateway unavailable,E503,Payment declined: Gateway unavailable
96978,2026-01-16,15:01:54,INFO,WebServer,Health check passed: WebServer,E102,Health check passed: {service}
96979,2026-01-16,15:36:27,WARN,WebServer,Disk usage > 85% on node node-4,E202,Disk usage > 85% on node {node}
96980,2026-01-16,15:03:25,WARN,WebServer,Disk usage > 85% on node node-2,E202,Disk usage > 85% on node {node}
96981,2026-01-16,15:33:04,WARN,WebServer,Disk usage > 85% on node node-3,E202,Disk usage > 85% on node {node}
96982,2026-01-16,15:44:26,INFO,PaymentGateway,Page view: /home by u3185,E103,Page view: {page} by {user}
96983,2026-01-16,15:16:05,ERROR,AuthService,Payment declined: Gateway unavailable,E503,Payment declined: Gateway unavailable
96984,2026-01-16,15:23:06,ERROR,WebServer,Timeout waiting for lock on InventoryDB,E502,Timeout waiting for lock on {db}
96985,2026-01-16,15:29:14,ERROR,AuthService,Payment declined: Gateway unavailable,E503,Payment declined: Gateway unavailable
96986,2026-01-16,15:38:33,ERROR,WebServer,Payment declined: Gateway unavailable,E503,Payment declined: Gateway unavailable
96987,2026-01-16,15:09:14,ERROR,WebServer,Payment declined: Gateway unavailable,E503,Payment declined: Gateway unavailable
96988,2026-01-16,15:54:36,INFO,WebServer,User u4001 login successful,E101,User {user} login successful
96989,2026-01-16,15:29:10,INFO,InventoryDB,Page view: /home by u4921,E103,Page view: {page} by {user}
96990,2026-01-16,15:12:19,CRITICAL,WebServer,DATA CORRUPTION detected in sector 630,E602,DATA CORRUPTION detected in sector {sector}
96991,2026-01-16,15:23:32,ERROR,OrderProcessor,Payment declined: Gateway unavailable,E503,Payment declined: Gateway unavailable
96992,2026-01-16,15:51:32,WARN,OrderProcessor,Disk usage > 85% on node node-4,E202,Disk usage > 85% on node {node}
96993,2026-01-16,15:14:49,ERROR,WebServer,Payment declined: Gateway unavailable,E503,Payment declined: Gateway unavailable
96994,2026-01-16,15:23:02,ERROR,WebServer,Connection refused to WebServer at 10.0.0.45,E501,Connection refused to {service} at {ip}
96995,2026-01-16,15:45:13,CRITICAL,WebServer,DATA CORRUPTION detected in sector 892,E602,DATA CORRUPTION detected in sector {sector}
96996,2026-01-16,15:53:18,WARN,WebServer,Unauthorized access attempt from 10.0.0.45,E401,Unauthorized access attempt from {ip}
96997,2026-01-16,15:41:49,WARN,WebServer,Unauthorized access attempt from 10.0.0.12,E401,Unauthorized access attempt from {ip}
96998,2026-01-16,15:53:45,ERROR,WebServer,Payment declined: Gateway unavailable,E503,Payment declined: Gateway unavailable
96999,2026-01-16,15:49:50,WARN,WebServer,High latency (1110ms) detected on WebServer,E201,High latency ({time}ms) detected on {service}
97000,2026-01-16,15:17:35,WARN,WebServer,Disk usage > 85% on node node-4,E202,Disk usage > 85% on node {node}
97001,2026-01-16,15:48:01,INFO,WebServer,Page view: /home by u3025,E103,Page view: {page} by {user}
97002,2026-01-16,15:23:10,INFO,WebServer,Transaction tx234361 completed in 486ms,E104,Transaction {tx} completed in {time}ms
97003,2026-01-16,15:43:15,ERROR,AuthService,Payment declined: Gateway unavailable,E503,Payment declined: Gateway unavailable
97004,2026-01-16,15:06:59,WARN,AuthService,High latency (1979ms) detected on AuthService,E201,High latency ({time}ms) detected on {service}
97005,2026-01-16,15:25:43,ERROR,AuthService,Payment declined: Gateway unavailable,E503,Payment declined: Gateway unavailable
97006,2026-01-16,15:09:49,INFO,PaymentGateway,Transaction tx975008 completed in 224ms,E104,Transaction {tx} completed in {time}ms
97007,2026-01-16,15:21:52,ERROR,WebServer,Timeout waiting for lock on InventoryDB,E502,Timeout waiting for lock on {db}
97008,2026-01-16,15:34:21,INFO,AuthService,Page view: /home by u4796,E103,Page view: {page} by {user}
97009,2026-01-16,15:14:36,INFO,WebServer,Transaction tx781940 completed in 1622ms,E104,Transaction {tx} completed in {time}ms
97010,2026-01-16,15:32:13,WARN,PaymentGateway,Unauthorized access attempt from 10.0.0.45,E401,Unauthorized access attempt from {ip}
97011,2026-01-16,15:30:24,WARN,AuthService,Disk usage > 85% on node node-4,E202,Disk usage > 85% on node {node}
97012,2026-01-16,15:17:16,CRITICAL,PaymentGateway,KERNEL PANIC: Node node-4 crashed,E601,KERNEL PANIC: Node {node} crashed
97013,2026-01-16,15:27:37,CRITICAL,WebServer,DATA CORRUPTION detected in sector 650,E602,DATA CORRUPTION detected in sector {sector}
97014,2026-01-16,15:50:57,INFO,AuthService,User u4686 login successful,E101,User {user} login successful
97015,2026-01-16,15:12:54,ERROR,InventoryDB,Connection refused to InventoryDB at 10.0.0.99,E501,Connection refused to {service} at {ip}
97016,2026-01-16,15:25:24,ERROR,AuthService,Timeout waiting for lock on InventoryDB,E502,Timeout waiting for lock on {db}
97017,2026-01-16,15:33:24,INFO,OrderProcessor,Page view: /home by u2520,E103,Page view: {page} by {user}
97018,2026-01-16,15:58:25,ERROR,WebServer,Payment declined: Gateway unavailable,E503,Payment declined: Gateway unavailable
97019,2026-01-16,15:37:54,INFO,AuthService,Transaction tx674000 completed in 493ms,E104,Transaction {tx} completed in {time}ms
97020,2026-01-16,15:30:17,WARN,WebServer,High latency (1635ms) detected on WebServer,E201,High latency ({time}ms) detected on {service}
97021,2026-01-16,15:44:46,WARN,AuthService,High latency (136ms) detected on AuthService,E201,High latency ({time}ms) detected on {service}
97022,2026-01-16,15:37:33,ERROR,WebServer,Connection refused to WebServer at 192.168.1.5,E501,Connection refused to {service} at {ip}
97023,2026-01-16,15:06:07,WARN,WebServer,Unauthorized access attempt from 10.0.0.99,E401,Unauthorized access attempt from {ip}
97024,2026-01-16,15:25:16,CRITICAL,WebServer,DATA CORRUPTION detected in sector 817,E602,DATA CORRUPTION detected in sector {sector}
97025,2026-01-16,15:33:34,WARN,AuthService,Disk usage > 85% on node node-4,E202,Disk usage > 85% on node {node}
97026,2026-01-16,15:29:24,INFO,WebServer,Health check passed: WebServer,E102,Health check passed: {service}
97027,2026-01-16,15:33:36,CRITICAL,OrderProcessor,KERNEL PANIC: Node node-5 crashed,E601,KERNEL PANIC: Node {node} crashed
97028,2026-01-16,15:20:20,INFO,AuthService,Health check passed: AuthService,E102,Health check passed: {service}
97029,2026-01-16,15:51:46,WARN,WebServer,High latency (588ms) detected on WebServer,E201,High latency ({time}ms) detected on {service}
97030,2026-01-16,15:40:05,INFO,WebServer,Page view: /home by u3017,E103,Page view: {page} by {user}
97031,2026-01-16,15:49:05,ERROR,AuthService,Connection refused to AuthService at 10.0.0.45,E501,Connection refused to {service} at {ip}
97032,2026-01-16,15:24:31,INFO,WebServer,User u1619 login successful,E101,User {user} login successful
97033,2026-01-16,15:08:37,ERROR,PaymentGateway,Payment declined: Gateway unavailable,E503,Payment declined: Gateway unavailable
97034,2026-01-16,15:48:57,INFO,WebServer,Page view: /home by u1955,E103,Page view: {page} by {user}
97035,2026-01-16,15:17:55,WARN,AuthService,Unauthorized access attempt from 10.0.0.45,E401,Unauthorized access attempt from {ip}
97036,2026-01-16,15:49:55,WARN,WebServer,High latency (703ms) detected on WebServer,E201,High latency ({time}ms) detected on {service}
97037,2026-01-16,15:17:55,INFO,PaymentGateway,User u3422 login successful,E101,User {user} login successful
97038,2026-01-16,15:06:09,INFO,WebServer,Transaction tx136005 completed in 279ms,E104,Transaction {tx} completed in {time}ms
97039,2026-01-16,15:27:49,ERROR,WebServer,Connection refused to WebServer at 10.0.0.99,E501,Connection refused to {service} at {ip}
97040,2026-01-16,15:43:09,INFO,WebServer,Health check passed: WebServer,E102,Health check passed: {service}
97041,2026-01-16,15:26:47,ERROR,WebServer,Payment declined: Gateway unavailable,E503,Payment declined: Gateway unavailable
97042,2026-01-16,15:25:47,WARN,OrderProcessor,High latency (591ms) detected on OrderProcessor,E201,High latency ({time}ms) detected on {service}
97043,2026-01-16,15:51:14,CRITICAL,OrderProcessor,KERNEL PANIC: Node node-4 crashed,E601,KERNEL PANIC: Node {node} crashed
97044,2026-01-16,15:04:32,ERROR,AuthService,Timeout waiting for lock on InventoryDB,E502,Timeout waiting for lock on {db}
97045,2026-01-16,15:31:06,ERROR,AuthService,Payment declined: Gateway unavailable,E503,Payment declined: Gateway unavailable
97046,2026-01-16,15:32:07,INFO,OrderProcessor,Transaction tx797332 completed in 1627ms,E104,Transaction {tx} completed in {time}ms
97047,2026-01-16,15:18:20,ERROR,WebServer,Payment declined: Gateway unavailable,E503,Payment declined: Gateway unavailable
97048,2026-01-16,15:35:37,ERROR,AuthService,Connection refused to AuthService at 10.0.0.45,E501,Connection refused to {service} at {ip}
97049,2026-01-16,15:16:45,INFO,AuthService,User u4784 login successful,E101,User {user} login successful
97050,2026-01-16,15:14:10,ERROR,WebServer,Connection refused to WebServer at 192.168.1.5,E501,Connection refused to {service} at {ip}
97051,2026-01-16,15:09:41,INFO,AuthService,Health check passed: AuthService,E102,Health check passed: {service}
97052,2026-01-16,15:27:12,INFO,AuthService,Health check passed: AuthService,E102,Health check passed: {service}
97053,2026-01-16,15:18:35,WARN,WebServer,Unauthorized access attempt from 10.0.0.12,E401,Unauthorized access attempt from {ip}
97054,2026-01-16,15:42:57,INFO,WebServer,Transaction tx187362 completed in 1317ms,E104,Transaction {tx} completed in {time}ms
97055,2026-01-16,15:47:44,CRITICAL,AuthService,DATA CORRUPTION detected in sector 993,E602,DATA CORRUPTION detected in sector {sector}
97056,2026-01-16,15:09:45,ERROR,WebServer,Payment declined: Gateway unavailable,E503,Payment declined: Gateway unavailable
97057,2026-01-16,15:22:10,WARN,AuthService,High latency (973ms) detected on AuthService,E201,High latency ({time}ms) detected on {service}
97058,2026-01-16,15:22:43,INFO,WebServer,Health check passed: WebServer,E102,Health check passed: {service}
97059,2026-01-16,15:12:33,INFO,PaymentGateway,User u1880 login successful,E101,User {user} login successful
97060,2026-01-16,15:04:41,WARN,WebServer,Disk usage > 85% on node node-3,E202,Disk usage > 85% on node {node}
97061,2026-01-16,15:07:16,WARN,InventoryDB,High latency (1295ms) detected on InventoryDB,E201,High latency ({time}ms) detected on {service}
97062,2026-01-16,15:36:25,ERROR,AuthService,Timeout waiting for lock on InventoryDB,E502,Timeout waiting for lock on {db}
97063,2026-01-16,15:29:35,ERROR,WebServer,Timeout waiting for lock on InventoryDB,E502,Timeout waiting for lock on {db}
97064,2026-01-16,15:04:26,ERROR,WebServer,Connection refused to WebServer at 10.0.0.45,E501,Connection refused to {service} at {ip}
97065,2026-01-16,15:00:43,WARN,InventoryDB,High latency (446ms) detected on InventoryDB,E201,High latency ({time}ms) detected on {service}
97066,2026-01-16,15:18:44,INFO,AuthService,Page view: /home by u1734,E103,Page view: {page} by {user}
97067,2026-01-16,15:36:25,INFO,WebServer,Page view: /home by u1882,E103,Page view: {page} by {user}
97068,2026-01-16,15:05:13,ERROR,WebServer,Payment declined: Gateway unavailable,E503,Payment declined: Gateway unavailable
97069,2026-01-16,15:17:43,ERROR,WebServer,Connection refused to WebServer at 10.0.0.12,E501,Connection refused to {service} at {ip}
97070,2026-01-16,15:54:00,INFO,WebServer,Page view: /home by u4937,E103,Page view: {page} by {user}
97071,2026-01-16,15:13:21,INFO,WebServer,User u3432 login successful,E101,User {user} login successful
97072,2026-01-16,15:21:21,INFO,AuthService,User u4275 login successful,E101,User {user} login successful
97073,2026-01-16,15:13:35,ERROR,WebServer,Connection refused to WebServer at 10.0.0.12,E501,Connection refused to {service} at {ip}
97074,2026-01-16,15:42:12,CRITICAL,WebServer,KERNEL PANIC: Node node-1 crashed,E601,KERNEL PANIC: Node {node} crashed
97075,2026-01-16,15:05:30,WARN,WebServer,Unauthorized access attempt from 10.0.0.45,E401,Unauthorized access attempt from {ip}
97076,2026-01-16,15:01:27,INFO,WebServer,Health check passed: WebServer,E102,Health check passed: {service}
97077,2026-01-16,15:19:01,CRITICAL,AuthService,KERNEL PANIC: Node node-4 crashed,E601,KERNEL PANIC: Node {node} crashed
97078,2026-01-16,15:53:15,CRITICAL,WebServer,KERNEL PANIC: Node node-1 crashed,E601,KERNEL PANIC: Node {node} crashed
97079,2026-01-16,15:35:53,ERROR,WebServer,Payment declined: Gateway unavailable,E503,Payment declined: Gateway unavailable
97080,2026-01-16,15:59:04,INFO,OrderProcessor,Page view: /home by u4987,E103,Page view: {page} by {user}
97081,2026-01-16,15:17:01,CRITICAL,OrderProcessor,DATA CORRUPTION detected in sector 863,E602,DATA CORRUPTION detected in sector {sector}
97082,2026-01-16,15:24:40,INFO,WebServer,Page view: /home by u3787,E103,Page view: {page} by {user}
97083,2026-01-16,15:13:25,ERROR,WebServer,Connection refused to WebServer at 10.0.0.45,E501,Connection refused to {service} at {ip}
97084,2026-01-16,15:12:20,INFO,WebServer,Transaction tx400651 completed in 1015ms,E104,Transaction {tx} completed in {time}ms
97085,2026-01-16,15:55:17,WARN,PaymentGateway,Unauthorized access attempt from 10.0.0.45,E401,Unauthorized access attempt from {ip}
97086,2026-01-16,15:50:09,WARN,WebServer,High latency (715ms) detected on WebServer,E201,High latency ({time}ms) detected on {service}
97087,2026-01-16,15:06:41,ERROR,WebServer,Payment declined: Gateway unavailable,E503,Payment declined: Gateway unavailable
97088,2026-01-16,15:43:42,ERROR,PaymentGateway,Timeout waiting for lock on InventoryDB,E502,Timeout waiting for lock on {db}
97089,2026-01-16,15:11:44,ERROR,AuthService,Connection refused to AuthService at 10.0.0.45,E501,Connection refused to {service} at {ip}
97090,2026-01-16,15:54:44,INFO,WebServer,Transaction tx785454 completed in 1542ms,E104,Transaction {tx} completed in {time}ms
97091,2026-01-16,15:42:56,ERROR,PaymentGateway,Timeout waiting for lock on InventoryDB,E502,Timeout waiting for lock on {db}
97092,2026-01-16,15:50:18,ERROR,OrderProcessor,Payment declined: Gateway unavailable,E503,Payment declined: Gateway unavailable
97093,2026-01-16,15:16:00,ERROR,AuthService,Timeout waiting for lock on InventoryDB,E502,Timeout waiting for lock on {db}
97094,2026-01-16,15:14:38,INFO,PaymentGateway,Transaction tx104318 completed in 1628ms,E104,Transaction {tx} completed in {time}ms
97095,2026-01-16,15:24:59,INFO,AuthService,Health check passed: AuthService,E102,Health check passed: {service}
97096,2026-01-16,15:12:19,ERROR,WebServer,Connection refused to WebServer at 10.0.0.45,E501,Connection refused to {service} at {ip}
97097,2026-01-16,15:54:00,CRITICAL,OrderProcessor,KERNEL PANIC: Node node-3 crashed,E601,KERNEL PANIC: Node {node} crashed
97098,2026-01-16,15:38:01,ERROR,PaymentGateway,Payment declined: Gateway unavailable,E503,Payment declined: Gateway unavailable
97099,2026-01-16,15:11:38,WARN,WebServer,Unauthorized access attempt from 10.0.0.45,E401,Unauthorized access attempt from {ip}
97100,2026-01-16,15:12:07,INFO,OrderProcessor,Page view: /home by u2167,E103,Page view: {page} by {user}
97101,2026-01-16,15:30:18,INFO,OrderProcessor,Transaction tx859200 completed in 1646ms,E104,Transaction {tx} completed in {time}ms
97102,2026-01-16,15:45:50,ERROR,WebServer,Connection refused to WebServer at 10.0.0.88,E501,Connection refused to {service} at {ip}
97103,2026-01-16,15:51:22,WARN,AuthService,Disk usage > 85% on node node-5,E202,Disk usage > 85% on node {node}
97104,2026-01-16,15:19:05,WARN,PaymentGateway,Unauthorized access attempt from 10.0.0.12,E401,Unauthorized access attempt from {ip}
97105,2026-01-16,15:18:03,ERROR,WebServer,Payment declined: Gateway unavailable,E503,Payment declined: Gateway unavailable
97106,2026-01-16,15:19:40,INFO,WebServer,Page view: /home by u1089,E103,Page view: {page} by {user}
97107,2026-01-16,15:16:16,ERROR,WebServer,Connection refused to WebServer at 10.0.0.45,E501,Connection refused to {service} at {ip}
97108,2026-01-16,15:26:41,CRITICAL,InventoryDB,DATA CORRUPTION detected in sector 955,E602,DATA CORRUPTION detected in sector {sector}
97109,2026-01-16,15:21:57,WARN,PaymentGateway,Disk usage > 85% on node node-2,E202,Disk usage > 85% on node {node}
97110,2026-01-16,15:10:54,WARN,AuthService,Unauthorized access attempt from 10.0.0.88,E401,Unauthorized access attempt from {ip}
97111,2026-01-16,15:37:26,ERROR,WebServer,Payment declined: Gateway unavailable,E503,Payment declined: Gateway unavailable
97112,2026-01-16,15:24:37,INFO,InventoryDB,Transaction tx486718 completed in 272ms,E104,Transaction {tx} completed in {time}ms
97113,2026-01-16,15:57:52,CRITICAL,InventoryDB,KERNEL PANIC: Node node-5 crashed,E601,KERNEL PANIC: Node {node} crashed
97114,2026-01-16,15:50:05,ERROR,PaymentGateway,Connection refused to PaymentGateway at 10.0.0.99,E501,Connection refused to {service} at {ip}
97115,2026-01-16,15:37:22,INFO,AuthService,User u4278 login successful,E101,User {user} login successful
97116,2026-01-16,15:48:03,ERROR,WebServer,Connection refused to WebServer at 10.0.0.12,E501,Connection refused to {service} at {ip}
97117,2026-01-16,15:07:16,INFO,WebServer,User u3887 login successful,E101,User {user} login successful
97118,2026-01-16,15:37:54,INFO,WebServer,Health check passed: WebServer,E102,Health check passed: {service}
97119,2026-01-16,15:16:33,INFO,WebServer,Health check passed: WebServer,E102,Health check passed: {service}
97120,2026-01-16,15:37:28,ERROR,PaymentGateway,Payment declined: Gateway unavailable,E503,Payment declined: Gateway unavailable
97121,2026-01-16,15:04:44,WARN,WebServer,Unauthorized access attempt from 10.0.0.45,E401,Unauthorized access attempt from {ip}
97122,2026-01-16,15:46:19,ERROR,WebServer,Payment declined: Gateway unavailable,E503,Payment declined: Gateway unavailable
97123,2026-01-16,15:47:47,CRITICAL,WebServer,KERNEL PANIC: Node node-3 crashed,E601,KERNEL PANIC: Node {node} crashed
97124,2026-01-16,15:22:27,INFO,WebServer,Health check passed: WebServer,E102,Health check passed: {service}
97125,2026-01-16,15:37:18,WARN,WebServer,High latency (769ms) detected on WebServer,E201,High latency ({time}ms) detected on {service}
97126,2026-01-16,15:12:44,ERROR,OrderProcessor,Timeout waiting for lock on InventoryDB,E502,Timeout waiting for lock on {db}
97127,2026-01-16,15:46:05,WARN,AuthService,High latency (1090ms) detected on AuthService,E201,High latency ({time}ms) detected on {service}
97128,2026-01-16,15:20:59,INFO,AuthService,Health check passed: AuthService,E102,Health check passed: {service}
97129,2026-01-16,15:16:57,INFO,WebServer,User u3877 login successful,E101,User {user} login successful
97130,2026-01-16,15:19:26,ERROR,WebServer,Connection refused to WebServer at 10.0.0.88,E501,Connection refused to {service} at {ip}
97131,2026-01-16,15:24:41,INFO,WebServer,Transaction tx690138 completed in 363ms,E104,Transaction {tx} completed in {time}ms
97132,2026-01-16,15:49:09,ERROR,AuthService,Timeout waiting for lock on InventoryDB,E502,Timeout waiting for lock on {db}
97133,2026-01-16,15:10:53,INFO,WebServer,Transaction tx360033 completed in 67ms,E104,Transaction {tx} completed in {time}ms
97134,2026-01-16,15:52:59,ERROR,OrderProcessor,Connection refused to OrderProcessor at 10.0.0.45,E501,Connection refused to {service} at {ip}
97135,2026-01-16,15:18:49,ERROR,WebServer,Timeout waiting for lock on InventoryDB,E502,Timeout waiting for lock on {db}
97136,2026-01-16,15:06:41,WARN,AuthService,Unauthorized access attempt from 10.0.0.45,E401,Unauthorized access attempt from {ip}
97137,2026-01-16,15:49:52,WARN,WebServer,High latency (1023ms) detected on WebServer,E201,High latency ({time}ms) detected on {service}
97138,2026-01-16,15:29:14,CRITICAL,WebServer,KERNEL PANIC: Node node-4 crashed,E601,KERNEL PANIC: Node {node} crashed
97139,2026-01-16,15:13:02,INFO,AuthService,Page view: /home by u2731,E103,Page view: {page} by {user}
97140,2026-01-16,15:43:41,ERROR,WebServer,Connection refused to WebServer at 10.0.0.45,E501,Connection refused to {service} at {ip}
97141,2026-01-16,15:16:23,ERROR,WebServer,Payment declined: Gateway unavailable,E503,Payment declined: Gateway unavailable
97142,2026-01-16,15:54:54,ERROR,WebServer,Timeout waiting for lock on InventoryDB,E502,Timeout waiting for lock on {db}
97143,2026-01-16,15:01:32,ERROR,WebServer,Timeout waiting for lock on InventoryDB,E502,Timeout waiting for lock on {db}
97144,2026-01-16,15:42:03,INFO,WebServer,Transaction tx447025 completed in 714ms,E104,Transaction {tx} completed in {time}ms
97145,2026-01-16,15:16:12,ERROR,PaymentGateway,Timeout waiting for lock on InventoryDB,E502,Timeout waiting for lock on {db}
97146,2026-01-16,15:14:36,CRITICAL,PaymentGateway,KERNEL PANIC: Node node-5 crashed,E601,KERNEL PANIC: Node {node} crashed
97147,2026-01-16,15:48:48,ERROR,WebServer,Connection refused to WebServer at 10.0.0.45,E501,Connection refused to {service} at {ip}
97148,2026-01-16,15:05:04,ERROR,WebServer,Payment declined: Gateway unavailable,E503,Payment declined: Gateway unavailable
97149,2026-01-16,15:33:35,ERROR,AuthService,Timeout waiting for lock on InventoryDB,E502,Timeout waiting for lock on {db}
97150,2026-01-16,15:37:28,WARN,AuthService,Disk usage > 85% on node node-4,E202,Disk usage > 85% on node {node}
97151,2026-01-16,15:13:49,INFO,WebServer,User u4992 login successful,E101,User {user} login successful
97152,2026-01-16,15:37:37,INFO,AuthService,Health check passed: AuthService,E102,Health check passed: {service}
97153,2026-01-16,15:54:41,ERROR,WebServer,Payment declined: Gateway unavailable,E503,Payment declined: Gateway unavailable
97154,2026-01-16,15:16:23,ERROR,WebServer,Connection refused to WebServer at 10.0.0.45,E501,Connection refused to {service} at {ip}
97155,2026-01-16,15:34:37,INFO,WebServer,Page view: /home by u4120,E103,Page view: {page} by {user}
97156,2026-01-16,15:28:24,INFO,WebServer,Page view: /home by u1167,E103,Page view: {page} by {user}
97157,2026-01-16,15:51:35,WARN,OrderProcessor,High latency (580ms) detected on OrderProcessor,E201,High latency ({time}ms) detected on {service}
97158,2026-01-16,15:47:06,ERROR,WebServer,Payment declined: Gateway unavailable,E503,Payment declined: Gateway unavailable
97159,2026-01-16,15:31:34,INFO,WebServer,Health check passed: WebServer,E102,Health check passed: {service}
97160,2026-01-16,15:06:20,ERROR,AuthService,Payment declined: Gateway unavailable,E503,Payment declined: Gateway unavailable
97161,2026-01-16,15:01:54,WARN,OrderProcessor,High latency (742ms) detected on OrderProcessor,E201,High latency ({time}ms) detected on {service}
97162,2026-01-16,15:01:44,INFO,AuthService,Page view: /home by u1209,E103,Page view: {page} by {user}
97163,2026-01-16,15:37:33,WARN,WebServer,High latency (761ms) detected on WebServer,E201,High latency ({time}ms) detected on {service}
97164,2026-01-16,15:26:26,CRITICAL,WebServer,KERNEL PANIC: Node node-3 crashed,E601,KERNEL PANIC: Node {node} crashed
97165,2026-01-16,15:09:36,ERROR,WebServer,Payment declined: Gateway unavailable,E503,Payment declined: Gateway unavailable
97166,2026-01-16,15:55:01,CRITICAL,WebServer,KERNEL PANIC: Node node-3 crashed,E601,KERNEL PANIC: Node {node} crashed
97167,2026-01-16,15:32:27,WARN,WebServer,High latency (545ms) detected on WebServer,E201,High latency ({time}ms) detected on {service}
97168,2026-01-16,15:36:26,ERROR,OrderProcessor,Connection refused to OrderProcessor at 10.0.0.45,E501,Connection refused to {service} at {ip}
97169,2026-01-16,15:08:34,ERROR,WebServer,Connection refused to WebServer at 10.0.0.45,E501,Connection refused to {service} at {ip}
97170,2026-01-16,15:57:37,INFO,InventoryDB,Health check passed: InventoryDB,E102,Health check passed: {service}
97171,2026-01-16,15:15:49,INFO,WebServer,Page view: /home by u4053,E103,Page view: {page} by {user}
97172,2026-01-16,15:52:37,WARN,WebServer,High latency (600ms) detected on WebServer,E201,High latency ({time}ms) detected on {service}
97173,2026-01-16,15:03:34,ERROR,WebServer,Payment declined: Gateway unavailable,E503,Payment declined: Gateway unavailable
97174,2026-01-16,15:24:16,ERROR,AuthService,Timeout waiting for lock on InventoryDB,E502,Timeout waiting for lock on {db}
97175,2026-01-16,15:21:42,ERROR,OrderProcessor,Timeout waiting for lock on InventoryDB,E502,Timeout waiting for lock on {db}
97176,2026-01-16,15:14:41,INFO,WebServer,User u1068 login successful,E101,User {user} login successful
97177,2026-01-16,15:28:21,INFO,WebServer,Transaction tx409463 completed in 725ms,E104,Transaction {tx} completed in {time}ms
97178,2026-01-16,15:12:19,ERROR,AuthService,Timeout waiting for lock on InventoryDB,E502,Timeout waiting for lock on {db}
97179,2026-01-16,15:12:59,ERROR,WebServer,Connection refused to WebServer at 10.0.0.99,E501,Connection refused to {service} at {ip}
97180,2026-01-16,15:44:27,WARN,PaymentGateway,Disk usage > 85% on node node-3,E202,Disk usage > 85% on node {node}
97181,2026-01-16,15:18:55,INFO,WebServer,Page view: /home by u3672,E103,Page view: {page} by {user}
97182,2026-01-16,15:15:26,WARN,WebServer,Disk usage > 85% on node node-2,E202,Disk usage > 85% on node {node}
97183,2026-01-16,15:44:48,INFO,WebServer,Health check passed: WebServer,E102,Health check passed: {service}
97184,2026-01-16,15:48:19,INFO,WebServer,Transaction tx929699 completed in 903ms,E104,Transaction {tx} completed in {time}ms
97185,2026-01-16,15:49:36,WARN,WebServer,Disk usage > 85% on node node-2,E202,Disk usage > 85% on node {node}
97186,2026-01-16,15:56:55,INFO,AuthService,Transaction tx545832 completed in 610ms,E104,Transaction {tx} completed in {time}ms
97187,2026-01-16,15:20:23,INFO,AuthService,User u1664 login successful,E101,User {user} login successful
97188,2026-01-16,15:06:34,ERROR,WebServer,Payment declined: Gateway unavailable,E503,Payment declined: Gateway unavailable
97189,2026-01-16,15:40:13,INFO,PaymentGateway,Page view: /home by u3238,E103,Page view: {page} by {user}
97190,2026-01-16,15:18:07,WARN,OrderProcessor,High latency (1287ms) detected on OrderProcessor,E201,High latency ({time}ms) detected on {service}
97191,2026-01-16,15:13:30,INFO,WebServer,User u1211 login successful,E101,User {user} login successful
97192,2026-01-16,15:38:28,ERROR,AuthService,Payment declined: Gateway unavailable,E503,Payment declined: Gateway unavailable
97193,2026-01-16,15:43:45,ERROR,WebServer,Payment declined: Gateway unavailable,E503,Payment declined: Gateway unavailable
97194,2026-01-16,15:49:16,ERROR,InventoryDB,Timeout waiting for lock on InventoryDB,E502,Timeout waiting for lock on {db}
97195,2026-01-16,15:16:24,ERROR,InventoryDB,Connection refused to InventoryDB at 10.0.0.88,E501,Connection refused to {service} at {ip}
97196,2026-01-16,15:17:11,WARN,AuthService,Unauthorized access attempt from 10.0.0.45,E401,Unauthorized access attempt from {ip}
97197,2026-01-16,15:47:50,INFO,WebServer,Health check passed: WebServer,E102,Health check passed: {service}
97198,2026-01-16,15:12:41,INFO,PaymentGateway,Transaction tx327147 completed in 1160ms,E104,Transaction {tx} completed in {time}ms
97199,2026-01-16,15:16:09,WARN,InventoryDB,High latency (1128ms) detected on InventoryDB,E201,High latency ({time}ms) detected on {service}
97200,2026-01-16,15:06:51,ERROR,WebServer,Connection refused to WebServer at 10.0.0.45,E501,Connection refused to {service} at {ip}
97201,2026-01-16,15:54:56,ERROR,WebServer,Connection refused to WebServer at 10.0.0.12,E501,Connection refused to {service} at {ip}
97202,2026-01-16,15:21:32,WARN,WebServer,High latency (484ms) detected on WebServer,E201,High latency ({time}ms) detected on {service}
97203,2026-01-16,15:06:06,WARN,WebServer,High latency (1690ms) detected on WebServer,E201,High latency ({time}ms) detected on {service}
97204,2026-01-16,15:16:33,ERROR,AuthService,Timeout waiting for lock on InventoryDB,E502,Timeout waiting for lock on {db}
97205,2026-01-16,16:38:38,INFO,WebServer,Page view: /home by u3170,E103,Page view: {page} by {user}
97206,2026-01-16,16:19:25,CRITICAL,WebServer,DATA CORRUPTION detected in sector 837,E602,DATA CORRUPTION detected in sector {sector}
97207,2026-01-16,16:39:49,WARN,WebServer,Unauthorized access attempt from 10.0.0.12,E401,Unauthorized access attempt from {ip}
97208,2026-01-16,16:31:16,WARN,OrderProcessor,Disk usage > 85% on node node-4,E202,Disk usage > 85% on node {node}
97209,2026-01-16,16:36:36,CRITICAL,AuthService,DATA CORRUPTION detected in sector 802,E602,DATA CORRUPTION detected in sector {sector}
97210,2026-01-16,16:22:22,ERROR,WebServer,Timeout waiting for lock on InventoryDB,E502,Timeout waiting for lock on {db}
97211,2026-01-16,16:00:16,CRITICAL,OrderProcessor,DATA CORRUPTION detected in sector 740,E602,DATA CORRUPTION detected in sector {sector}
97212,2026-01-16,16:29:18,WARN,PaymentGateway,High latency (1205ms) detected on PaymentGateway,E201,High latency ({time}ms) detected on {service}
97213,2026-01-16,16:49:33,ERROR,PaymentGateway,Connection refused to PaymentGateway at 10.0.0.45,E501,Connection refused to {service} at {ip}
97214,2026-01-16,16:00:15,ERROR,AuthService,Timeout waiting for lock on InventoryDB,E502,Timeout waiting for lock on {db}
97215,2026-01-16,16:31:50,WARN,WebServer,High latency (1368ms) detected on WebServer,E201,High latency ({time}ms) detected on {service}
97216,2026-01-16,16:23:39,WARN,WebServer,Disk usage > 85% on node node-3,E202,Disk usage > 85% on node {node}
97217,2026-01-16,16:26:03,CRITICAL,PaymentGateway,KERNEL PANIC: Node node-5 crashed,E601,KERNEL PANIC: Node {node} crashed
97218,2026-01-16,16:33:43,INFO,WebServer,Health check passed: WebServer,E102,Health check passed: {service}
97219,2026-01-16,16:12:51,INFO,OrderProcessor,User u3494 login successful,E101,User {user} login successful
97220,2026-01-16,16:22:49,ERROR,WebServer,Timeout waiting for lock on InventoryDB,E502,Timeout waiting for lock on {db}
97221,2026-01-16,16:17:01,INFO,WebServer,Page view: /home by u1359,E103,Page view: {page} by {user}
97222,2026-01-16,16:11:15,ERROR,WebServer,Payment declined: Gateway unavailable,E503,Payment declined: Gateway unavailable
97223,2026-01-16,16:45:35,ERROR,WebServer,Timeout waiting for lock on InventoryDB,E502,Timeout waiting for lock on {db}
97224,2026-01-16,16:14:21,WARN,InventoryDB,Disk usage > 85% on node node-5,E202,Disk usage > 85% on node {node}
97225,2026-01-16,16:16:21,INFO,PaymentGateway,Health check passed: PaymentGateway,E102,Health check passed: {service}
97226,2026-01-16,16:43:06,INFO,WebServer,Page view: /home by u1358,E103,Page view: {page} by {user}
97227,2026-01-16,16:51:16,WARN,WebServer,High latency (361ms) detected on WebServer,E201,High latency ({time}ms) detected on {service}
97228,2026-01-16,16:48:08,ERROR,PaymentGateway,Timeout waiting for lock on InventoryDB,E502,Timeout waiting for lock on {db}
97229,2026-01-16,16:58:56,ERROR,WebServer,Connection refused to WebServer at 10.0.0.45,E501,Connection refused to {service} at {ip}
97230,2026-01-16,16:04:10,ERROR,WebServer,Connection refused to WebServer at 10.0.0.45,E501,Connection refused to {service} at {ip}
97231,2026-01-16,16:23:21,WARN,WebServer,High latency (951ms) detected on WebServer,E201,High latency ({time}ms) detected on {service}
97232,2026-01-16,16:06:49,INFO,WebServer,Health check passed: WebServer,E102,Health check passed: {service}
97233,2026-01-16,16:07:18,ERROR,OrderProcessor,Connection refused to OrderProcessor at 10.0.0.45,E501,Connection refused to {service} at {ip}
97234,2026-01-16,16:21:10,ERROR,PaymentGateway,Payment declined: Gateway unavailable,E503,Payment declined: Gateway unavailable
97235,2026-01-16,16:25:39,ERROR,OrderProcessor,Payment declined: Gateway unavailable,E503,Payment declined: Gateway unavailable
97236,2026-01-16,16:29:19,INFO,AuthService,Page view: /home by u3132,E103,Page view: {page} by {user}
97237,2026-01-16,16:52:11,ERROR,OrderProcessor,Payment declined: Gateway unavailable,E503,Payment declined: Gateway unavailable
97238,2026-01-16,16:18:00,ERROR,WebServer,Timeout waiting for lock on InventoryDB,E502,Timeout waiting for lock on {db}
97239,2026-01-16,16:59:53,ERROR,WebServer,Connection refused to WebServer at 10.0.0.88,E501,Connection refused to {service} at {ip}
97240,2026-01-16,16:39:28,WARN,InventoryDB,Unauthorized access attempt from 10.0.0.10,E401,Unauthorized access attempt from {ip}
97241,2026-01-16,16:25:53,ERROR,AuthService,Payment declined: Gateway unavailable,E503,Payment declined: Gateway unavailable
97242,2026-01-16,16:11:20,INFO,AuthService,Transaction tx996931 completed in 1702ms,E104,Transaction {tx} completed in {time}ms
97243,2026-01-16,16:17:56,INFO,InventoryDB,Transaction tx779358 completed in 34ms,E104,Transaction {tx} completed in {time}ms
97244,2026-01-16,16:30:17,INFO,OrderProcessor,Health check passed: OrderProcessor,E102,Health check passed: {service}
97245,2026-01-16,16:02:01,INFO,OrderProcessor,Transaction tx425361 completed in 626ms,E104,Transaction {tx} completed in {time}ms
97246,2026-01-16,16:02:05,ERROR,OrderProcessor,Timeout waiting for lock on InventoryDB,E502,Timeout waiting for lock on {db}
97247,2026-01-16,16:16:52,WARN,AuthService,High latency (606ms) detected on AuthService,E201,High latency ({time}ms) detected on {service}
97248,2026-01-16,16:56:33,ERROR,WebServer,Timeout waiting for lock on InventoryDB,E502,Timeout waiting for lock on {db}
97249,2026-01-16,16:12:07,INFO,WebServer,Page view: /home by u3866,E103,Page view: {page} by {user}
97250,2026-01-16,16:28:06,ERROR,AuthService,Timeout waiting for lock on InventoryDB,E502,Timeout waiting for lock on {db}
97251,2026-01-16,16:21:55,ERROR,PaymentGateway,Payment declined: Gateway unavailable,E503,Payment declined: Gateway unavailable
97252,2026-01-16,16:55:19,WARN,WebServer,Disk usage > 85% on node node-3,E202,Disk usage > 85% on node {node}
97253,2026-01-16,16:18:03,ERROR,PaymentGateway,Connection refused to PaymentGateway at 10.0.0.88,E501,Connection refused to {service} at {ip}
97254,2026-01-16,16:03:49,ERROR,WebServer,Payment declined: Gateway unavailable,E503,Payment declined: Gateway unavailable
97255,2026-01-16,16:59:17,INFO,OrderProcessor,Health check passed: OrderProcessor,E102,Health check passed: {service}
97256,2026-01-16,16:42:27,ERROR,AuthService,Payment declined: Gateway unavailable,E503,Payment declined: Gateway unavailable
97257,2026-01-16,16:45:09,INFO,WebServer,Page view: /home by u4724,E103,Page view: {page} by {user}
97258,2026-01-16,16:19:03,WARN,WebServer,Unauthorized access attempt from 10.0.0.99,E401,Unauthorized access attempt from {ip}
97259,2026-01-16,16:35:13,WARN,WebServer,Disk usage > 85% on node node-3,E202,Disk usage > 85% on node {node}
97260,2026-01-16,16:09:36,ERROR,AuthService,Payment declined: Gateway unavailable,E503,Payment declined: Gateway unavailable
97261,2026-01-16,16:26:43,WARN,AuthService,Unauthorized access attempt from 10.0.0.45,E401,Unauthorized access attempt from {ip}
97262,2026-01-16,16:07:36,ERROR,WebServer,Timeout waiting for lock on InventoryDB,E502,Timeout waiting for lock on {db}
97263,2026-01-16,16:13:25,INFO,AuthService,Transaction tx247974 completed in 1141ms,E104,Transaction {tx} completed in {time}ms
97264,2026-01-16,16:12:19,WARN,PaymentGateway,High latency (618ms) detected on PaymentGateway,E201,High latency ({time}ms) detected on {service}
97265,2026-01-16,16:20:11,ERROR,PaymentGateway,Payment declined: Gateway unavailable,E503,Payment declined: Gateway unavailable
97266,2026-01-16,16:21:15,WARN,InventoryDB,Unauthorized access attempt from 10.0.0.88,E401,Unauthorized access attempt from {ip}
97267,2026-01-16,16:31:27,INFO,WebServer,User u3951 login successful,E101,User {user} login successful
97268,2026-01-16,16:17:45,INFO,AuthService,User u2918 login successful,E101,User {user} login successful
97269,2026-01-16,16:44:21,WARN,AuthService,High latency (43ms) detected on AuthService,E201,High latency ({time}ms) detected on {service}
97270,2026-01-16,16:32:48,ERROR,WebServer,Payment declined: Gateway unavailable,E503,Payment declined: Gateway unavailable
97271,2026-01-16,16:22:47,CRITICAL,WebServer,KERNEL PANIC: Node node-3 crashed,E601,KERNEL PANIC: Node {node} crashed
97272,2026-01-16,16:50:24,INFO,OrderProcessor,Page view: /home by u2233,E103,Page view: {page} by {user}
97273,2026-01-16,16:18:47,WARN,PaymentGateway,Disk usage > 85% on node node-1,E202,Disk usage > 85% on node {node}
97274,2026-01-16,16:33:09,ERROR,WebServer,Timeout waiting for lock on InventoryDB,E502,Timeout waiting for lock on {db}
97275,2026-01-16,16:52:28,CRITICAL,WebServer,DATA CORRUPTION detected in sector 579,E602,DATA CORRUPTION detected in sector {sector}
97276,2026-01-16,16:54:27,INFO,WebServer,Page view: /home by u4837,E103,Page view: {page} by {user}
97277,2026-01-16,16:56:50,ERROR,InventoryDB,Timeout waiting for lock on InventoryDB,E502,Timeout waiting for lock on {db}
97278,2026-01-16,16:21:35,INFO,AuthService,Health check passed: AuthService,E102,Health check passed: {service}
97279,2026-01-16,16:39:26,INFO,AuthService,Page view: /home by u4327,E103,Page view: {page} by {user}
97280,2026-01-16,16:11:18,WARN,WebServer,Unauthorized access attempt from 10.0.0.45,E401,Unauthorized access attempt from {ip}
97281,2026-01-16,16:34:23,ERROR,AuthService,Timeout waiting for lock on InventoryDB,E502,Timeout waiting for lock on {db}
97282,2026-01-16,16:28:53,INFO,PaymentGateway,Health check passed: PaymentGateway,E102,Health check passed: {service}
97283,2026-01-16,16:28:09,ERROR,WebServer,Payment declined: Gateway unavailable,E503,Payment declined: Gateway unavailable
97284,2026-01-16,16:12:32,ERROR,OrderProcessor,Payment declined: Gateway unavailable,E503,Payment declined: Gateway unavailable
97285,2026-01-16,16:35:55,INFO,AuthService,Page view: /home by u3587,E103,Page view: {page} by {user}
97286,2026-01-16,16:53:51,ERROR,PaymentGateway,Payment declined: Gateway unavailable,E503,Payment declined: Gateway unavailable
97287,2026-01-16,16:34:24,WARN,AuthService,Unauthorized access attempt from 10.0.0.45,E401,Unauthorized access attempt from {ip}
97288,2026-01-16,16:08:53,ERROR,WebServer,Payment declined: Gateway unavailable,E503,Payment declined: Gateway unavailable
97289,2026-01-16,16:14:19,INFO,WebServer,Page view: /home by u2938,E103,Page view: {page} by {user}
97290,2026-01-16,16:36:48,ERROR,AuthService,Payment declined: Gateway unavailable,E503,Payment declined: Gateway unavailable
97291,2026-01-16,16:42:15,ERROR,PaymentGateway,Payment declined: Gateway unavailable,E503,Payment declined: Gateway unavailable
97292,2026-01-16,16:50:25,WARN,AuthService,Unauthorized access attempt from 10.0.0.12,E401,Unauthorized access attempt from {ip}
97293,2026-01-16,16:05:33,ERROR,PaymentGateway,Timeout waiting for lock on InventoryDB,E502,Timeout waiting for lock on {db}
97294,2026-01-16,16:58:39,WARN,WebServer,High latency (1776ms) detected on WebServer,E201,High latency ({time}ms) detected on {service}
97295,2026-01-16,16:27:48,WARN,WebServer,Disk usage > 85% on node node-1,E202,Disk usage > 85% on node {node}
97296,2026-01-16,16:42:10,INFO,AuthService,Transaction tx945084 completed in 1795ms,E104,Transaction {tx} completed in {time}ms
97297,2026-01-16,16:14:44,ERROR,OrderProcessor,Payment declined: Gateway unavailable,E503,Payment declined: Gateway unavailable
97298,2026-01-16,16:54:24,ERROR,WebServer,Connection refused to WebServer at 10.0.0.12,E501,Connection refused to {service} at {ip}
97299,2026-01-16,16:25:11,ERROR,PaymentGateway,Connection refused to PaymentGateway at 10.0.0.45,E501,Connection refused to {service} at {ip}
97300,2026-01-16,16:26:55,WARN,OrderProcessor,High latency (132ms) detected on OrderProcessor,E201,High latency ({time}ms) detected on {service}
97301,2026-01-16,16:54:23,INFO,WebServer,Transaction tx288672 completed in 1021ms,E104,Transaction {tx} completed in {time}ms
97302,2026-01-16,16:21:51,ERROR,WebServer,Timeout waiting for lock on InventoryDB,E502,Timeout waiting for lock on {db}
97303,2026-01-16,16:56:25,ERROR,AuthService,Payment declined: Gateway unavailable,E503,Payment declined: Gateway unavailable
97304,2026-01-16,16:26:37,WARN,InventoryDB,High latency (1748ms) detected on InventoryDB,E201,High latency ({time}ms) detected on {service}
97305,2026-01-16,16:01:56,INFO,OrderProcessor,Transaction tx575563 completed in 1427ms,E104,Transaction {tx} completed in {time}ms
97306,2026-01-16,16:30:00,ERROR,PaymentGateway,Payment declined: Gateway unavailable,E503,Payment declined: Gateway unavailable
97307,2026-01-16,16:36:06,INFO,WebServer,Transaction tx253416 completed in 836ms,E104,Transaction {tx} completed in {time}ms
97308,2026-01-16,16:58:37,ERROR,WebServer,Connection refused to WebServer at 10.0.0.45,E501,Connection refused to {service} at {ip}
97309,2026-01-16,16:24:15,ERROR,InventoryDB,Payment declined: Gateway unavailable,E503,Payment declined: Gateway unavailable
97310,2026-01-16,16:34:51,INFO,AuthService,User u2712 login successful,E101,User {user} login successful
97311,2026-01-16,16:08:08,CRITICAL,WebServer,DATA CORRUPTION detected in sector 545,E602,DATA CORRUPTION detected in sector {sector}
97312,2026-01-16,16:15:00,ERROR,WebServer,Payment declined: Gateway unavailable,E503,Payment declined: Gateway unavailable
97313,2026-01-16,16:04:37,WARN,OrderProcessor,High latency (378ms) detected on OrderProcessor,E201,High latency ({time}ms) detected on {service}
97314,2026-01-16,16:03:15,WARN,OrderProcessor,High latency (65ms) detected on OrderProcessor,E201,High latency ({time}ms) detected on {service}
97315,2026-01-16,16:02:50,ERROR,AuthService,Payment declined: Gateway unavailable,E503,Payment declined: Gateway unavailable
97316,2026-01-16,16:06:45,WARN,OrderProcessor,Unauthorized access attempt from 192.168.1.5,E401,Unauthorized access attempt from {ip}
97317,2026-01-16,16:21:22,WARN,OrderProcessor,High latency (301ms) detected on OrderProcessor,E201,High latency ({time}ms) detected on {service}
97318,2026-01-16,16:23:13,WARN,WebServer,Unauthorized access attempt from 10.0.0.45,E401,Unauthorized access attempt from {ip}
97319,2026-01-16,16:50:06,ERROR,OrderProcessor,Connection refused to OrderProcessor at 192.168.1.5,E501,Connection refused to {service} at {ip}
97320,2026-01-16,16:26:59,WARN,WebServer,High latency (1589ms) detected on WebServer,E201,High latency ({time}ms) detected on {service}
97321,2026-01-16,16:18:04,INFO,WebServer,Health check passed: WebServer,E102,Health check passed: {service}
97322,2026-01-16,16:19:46,INFO,OrderProcessor,Health check passed: OrderProcessor,E102,Health check passed: {service}
97323,2026-01-16,16:30:33,ERROR,WebServer,Timeout waiting for lock on InventoryDB,E502,Timeout waiting for lock on {db}
97324,2026-01-16,16:02:04,INFO,AuthService,Health check passed: AuthService,E102,Health check passed: {service}
97325,2026-01-16,16:26:26,ERROR,AuthService,Payment declined: Gateway unavailable,E503,Payment declined: Gateway unavailable
97326,2026-01-16,16:13:30,INFO,WebServer,Transaction tx550599 completed in 275ms,E104,Transaction {tx} completed in {time}ms
97327,2026-01-16,16:24:18,ERROR,WebServer,Timeout waiting for lock on InventoryDB,E502,Timeout waiting for lock on {db}
97328,2026-01-16,16:57:07,ERROR,WebServer,Timeout waiting for lock on InventoryDB,E502,Timeout waiting for lock on {db}
97329,2026-01-16,16:48:55,ERROR,AuthService,Timeout waiting for lock on InventoryDB,E502,Timeout waiting for lock on {db}
97330,2026-01-16,16:31:55,INFO,WebServer,User u2109 login successful,E101,User {user} login successful
97331,2026-01-16,16:22:40,ERROR,WebServer,Timeout waiting for lock on InventoryDB,E502,Timeout waiting for lock on {db}
97332,2026-01-16,16:03:23,ERROR,PaymentGateway,Payment declined: Gateway unavailable,E503,Payment declined: Gateway unavailable
97333,2026-01-16,16:51:07,ERROR,WebServer,Payment declined: Gateway unavailable,E503,Payment declined: Gateway unavailable
97334,2026-01-16,16:27:05,WARN,AuthService,Disk usage > 85% on node node-3,E202,Disk usage > 85% on node {node}
97335,2026-01-16,16:28:14,ERROR,AuthService,Timeout waiting for lock on InventoryDB,E502,Timeout waiting for lock on {db}
97336,2026-01-16,16:28:41,ERROR,WebServer,Connection refused to WebServer at 10.0.0.45,E501,Connection refused to {service} at {ip}
97337,2026-01-16,16:58:28,ERROR,WebServer,Connection refused to WebServer at 10.0.0.45,E501,Connection refused to {service} at {ip}
97338,2026-01-16,16:48:42,WARN,AuthService,High latency (1731ms) detected on AuthService,E201,High latency ({time}ms) detected on {service}
97339,2026-01-16,16:23:31,ERROR,PaymentGateway,Payment declined: Gateway unavailable,E503,Payment declined: Gateway unavailable
97340,2026-01-16,16:29:54,INFO,WebServer,Health check passed: WebServer,E102,Health check passed: {service}
97341,2026-01-16,16:52:23,INFO,WebServer,Health check passed: WebServer,E102,Health check passed: {service}
97342,2026-01-16,16:53:36,WARN,WebServer,High latency (1698ms) detected on WebServer,E201,High latency ({time}ms) detected on {service}
97343,2026-01-16,16:21:25,ERROR,InventoryDB,Timeout waiting for lock on InventoryDB,E502,Timeout waiting for lock on {db}
97344,2026-01-16,16:40:57,INFO,WebServer,Health check passed: WebServer,E102,Health check passed: {service}
97345,2026-01-16,16:56:17,WARN,OrderProcessor,High latency (1941ms) detected on OrderProcessor,E201,High latency ({time}ms) detected on {service}
97346,2026-01-16,16:25:04,ERROR,OrderProcessor,Connection refused to OrderProcessor at 10.0.0.99,E501,Connection refused to {service} at {ip}
97347,2026-01-16,16:21:53,INFO,AuthService,User u3802 login successful,E101,User {user} login successful
97348,2026-01-16,16:21:23,ERROR,AuthService,Connection refused to AuthService at 10.0.0.45,E501,Connection refused to {service} at {ip}
97349,2026-01-16,16:28:59,CRITICAL,WebServer,DATA CORRUPTION detected in sector 998,E602,DATA CORRUPTION detected in sector {sector}
97350,2026-01-16,16:46:53,WARN,PaymentGateway,Disk usage > 85% on node node-2,E202,Disk usage > 85% on node {node}
97351,2026-01-16,16:50:09,ERROR,WebServer,Timeout waiting for lock on InventoryDB,E502,Timeout waiting for lock on {db}
97352,2026-01-16,16:43:06,INFO,InventoryDB,User u1081 login successful,E101,User {user} login successful
97353,2026-01-16,16:24:54,INFO,OrderProcessor,User u2237 login successful,E101,User {user} login successful
97354,2026-01-16,16:45:40,WARN,WebServer,Unauthorized access attempt from 10.0.0.45,E401,Unauthorized access attempt from {ip}
97355,2026-01-16,16:30:21,INFO,WebServer,Page view: /home by u1766,E103,Page view: {page} by {user}
97356,2026-01-16,16:55:01,WARN,WebServer,Disk usage > 85% on node node-3,E202,Disk usage > 85% on node {node}
97357,2026-01-16,16:59:18,ERROR,WebServer,Payment declined: Gateway unavailable,E503,Payment declined: Gateway unavailable
97358,2026-01-16,16:02:30,ERROR,AuthService,Timeout waiting for lock on InventoryDB,E502,Timeout waiting for lock on {db}
97359,2026-01-16,16:47:53,ERROR,InventoryDB,Timeout waiting for lock on InventoryDB,E502,Timeout waiting for lock on {db}
97360,2026-01-16,16:30:41,ERROR,WebServer,Payment declined: Gateway unavailable,E503,Payment declined: Gateway unavailable
97361,2026-01-16,16:02:54,ERROR,PaymentGateway,Timeout waiting for lock on InventoryDB,E502,Timeout waiting for lock on {db}
97362,2026-01-16,16:07:40,ERROR,OrderProcessor,Connection refused to OrderProcessor at 10.0.0.12,E501,Connection refused to {service} at {ip}
97363,2026-01-16,16:50:53,INFO,AuthService,Page view: /home by u2166,E103,Page view: {page} by {user}
97364,2026-01-16,16:52:24,INFO,WebServer,Health check passed: WebServer,E102,Health check passed: {service}
97365,2026-01-16,16:11:13,WARN,OrderProcessor,Disk usage > 85% on node node-3,E202,Disk usage > 85% on node {node}
97366,2026-01-16,16:25:02,WARN,WebServer,Disk usage > 85% on node node-1,E202,Disk usage > 85% on node {node}
97367,2026-01-16,16:14:37,ERROR,AuthService,Connection refused to AuthService at 10.0.0.99,E501,Connection refused to {service} at {ip}
97368,2026-01-16,16:41:43,ERROR,WebServer,Connection refused to WebServer at 10.0.0.45,E501,Connection refused to {service} at {ip}
97369,2026-01-16,16:24:55,ERROR,WebServer,Connection refused to WebServer at 10.0.0.88,E501,Connection refused to {service} at {ip}
97370,2026-01-16,16:44:19,INFO,InventoryDB,User u1360 login successful,E101,User {user} login successful
97371,2026-01-16,16:29:00,INFO,WebServer,Page view: /home by u1964,E103,Page view: {page} by {user}
97372,2026-01-16,16:59:12,WARN,PaymentGateway,Disk usage > 85% on node node-1,E202,Disk usage > 85% on node {node}
97373,2026-01-16,16:35:30,INFO,WebServer,Transaction tx728500 completed in 207ms,E104,Transaction {tx} completed in {time}ms
97374,2026-01-16,16:05:01,ERROR,WebServer,Connection refused to WebServer at 10.0.0.45,E501,Connection refused to {service} at {ip}
97375,2026-01-16,16:38:04,ERROR,WebServer,Connection refused to WebServer at 10.0.0.12,E501,Connection refused to {service} at {ip}
97376,2026-01-16,16:39:53,ERROR,AuthService,Connection refused to AuthService at 10.0.0.88,E501,Connection refused to {service} at {ip}
97377,2026-01-16,16:31:50,ERROR,AuthService,Payment declined: Gateway unavailable,E503,Payment declined: Gateway unavailable
97378,2026-01-16,16:05:55,WARN,PaymentGateway,High latency (1736ms) detected on PaymentGateway,E201,High latency ({time}ms) detected on {service}
97379,2026-01-16,16:42:47,CRITICAL,OrderProcessor,DATA CORRUPTION detected in sector 665,E602,DATA CORRUPTION detected in sector {sector}
97380,2026-01-16,16:15:55,ERROR,WebServer,Connection refused to WebServer at 10.0.0.45,E501,Connection refused to {service} at {ip}
97381,2026-01-16,16:29:42,ERROR,WebServer,Connection refused to WebServer at 10.0.0.45,E501,Connection refused to {service} at {ip}
97382,2026-01-16,16:10:13,INFO,AuthService,Transaction tx983824 completed in 59ms,E104,Transaction {tx} completed in {time}ms
97383,2026-01-16,16:17:42,INFO,AuthService,Transaction tx283064 completed in 190ms,E104,Transaction {tx} completed in {time}ms
97384,2026-01-16,16:16:57,WARN,WebServer,Unauthorized access attempt from 10.0.0.45,E401,Unauthorized access attempt from {ip}
97385,2026-01-16,16:58:42,ERROR,WebServer,Connection refused to WebServer at 10.0.0.45,E501,Connection refused to {service} at {ip}
97386,2026-01-16,16:03:05,ERROR,AuthService,Timeout waiting for lock on InventoryDB,E502,Timeout waiting for lock on {db}
97387,2026-01-16,16:42:22,INFO,AuthService,Page view: /home by u2283,E103,Page view: {page} by {user}
97388,2026-01-16,16:30:40,INFO,WebServer,Page view: /home by u2206,E103,Page view: {page} by {user}
97389,2026-01-16,16:20:56,ERROR,InventoryDB,Connection refused to InventoryDB at 10.0.0.45,E501,Connection refused to {service} at {ip}
97390,2026-01-16,16:19:12,ERROR,WebServer,Connection refused to WebServer at 10.0.0.12,E501,Connection refused to {service} at {ip}
97391,2026-01-16,16:33:43,WARN,OrderProcessor,Unauthorized access attempt from 10.0.0.45,E401,Unauthorized access attempt from {ip}
97392,2026-01-16,16:04:48,ERROR,PaymentGateway,Timeout waiting for lock on InventoryDB,E502,Timeout waiting for lock on {db}
97393,2026-01-16,16:22:26,INFO,PaymentGateway,Health check passed: PaymentGateway,E102,Health check passed: {service}
97394,2026-01-16,16:02:28,ERROR,WebServer,Connection refused to WebServer at 10.0.0.45,E501,Connection refused to {service} at {ip}
97395,2026-01-16,16:24:54,INFO,AuthService,User u1679 login successful,E101,User {user} login successful
97396,2026-01-16,16:43:40,ERROR,OrderProcessor,Connection refused to OrderProcessor at 10.0.0.12,E501,Connection refused to {service} at {ip}
97397,2026-01-16,16:01:56,CRITICAL,WebServer,DATA CORRUPTION detected in sector 221,E602,DATA CORRUPTION detected in sector {sector}
97398,2026-01-16,16:15:20,CRITICAL,OrderProcessor,DATA CORRUPTION detected in sector 468,E602,DATA CORRUPTION detected in sector {sector}
97399,2026-01-16,16:49:43,INFO,OrderProcessor,User u2629 login successful,E101,User {user} login successful
97400,2026-01-16,16:30:48,INFO,WebServer,Page view: /home by u1090,E103,Page view: {page} by {user}
97401,2026-01-16,16:07:00,ERROR,OrderProcessor,Payment declined: Gateway unavailable,E503,Payment declined: Gateway unavailable
97402,2026-01-16,16:10:55,ERROR,AuthService,Connection refused to AuthService at 10.0.0.88,E501,Connection refused to {service} at {ip}
97403,2026-01-16,16:34:53,CRITICAL,WebServer,KERNEL PANIC: Node node-1 crashed,E601,KERNEL PANIC: Node {node} crashed
97404,2026-01-16,16:07:26,INFO,AuthService,Transaction tx868080 completed in 474ms,E104,Transaction {tx} completed in {time}ms
97405,2026-01-16,16:37:03,WARN,WebServer,Unauthorized access attempt from 192.168.1.5,E401,Unauthorized access attempt from {ip}
97406,2026-01-16,16:54:10,INFO,AuthService,Health check passed: AuthService,E102,Health check passed: {service}
97407,2026-01-16,16:00:06,WARN,WebServer,Disk usage > 85% on node node-5,E202,Disk usage > 85% on node {node}
97408,2026-01-16,16:38:28,WARN,WebServer,Unauthorized access attempt from 10.0.0.45,E401,Unauthorized access attempt from {ip}
97409,2026-01-16,16:07:36,ERROR,WebServer,Payment declined: Gateway unavailable,E503,Payment declined: Gateway unavailable
97410,2026-01-16,16:47:25,ERROR,WebServer,Connection refused to WebServer at 10.0.0.45,E501,Connection refused to {service} at {ip}
97411,2026-01-16,16:07:35,ERROR,AuthService,Connection refused to AuthService at 10.0.0.45,E501,Connection refused to {service} at {ip}
97412,2026-01-16,16:34:45,ERROR,WebServer,Timeout waiting for lock on InventoryDB,E502,Timeout waiting for lock on {db}
97413,2026-01-16,16:48:13,INFO,AuthService,Transaction tx249415 completed in 198ms,E104,Transaction {tx} completed in {time}ms
97414,2026-01-16,16:13:39,WARN,PaymentGateway,High latency (1529ms) detected on PaymentGateway,E201,High latency ({time}ms) detected on {service}
97415,2026-01-16,16:14:16,INFO,AuthService,Page view: /home by u1294,E103,Page view: {page} by {user}
97416,2026-01-16,16:23:45,ERROR,AuthService,Connection refused to AuthService at 10.0.0.45,E501,Connection refused to {service} at {ip}
97417,2026-01-16,16:17:49,INFO,AuthService,Transaction tx304973 completed in 1997ms,E104,Transaction {tx} completed in {time}ms
97418,2026-01-16,16:44:02,ERROR,WebServer,Timeout waiting for lock on InventoryDB,E502,Timeout waiting for lock on {db}
97419,2026-01-16,16:03:53,ERROR,WebServer,Connection refused to WebServer at 10.0.0.45,E501,Connection refused to {service} at {ip}
97420,2026-01-16,16:29:03,ERROR,AuthService,Payment declined: Gateway unavailable,E503,Payment declined: Gateway unavailable
97421,2026-01-16,16:46:06,WARN,OrderProcessor,High latency (1285ms) detected on OrderProcessor,E201,High latency ({time}ms) detected on {service}
97422,2026-01-16,16:15:35,ERROR,WebServer,Payment declined: Gateway unavailable,E503,Payment declined: Gateway unavailable
97423,2026-01-16,16:09:33,INFO,WebServer,Health check passed: WebServer,E102,Health check passed: {service}
97424,2026-01-16,16:46:16,WARN,WebServer,Disk usage > 85% on node node-1,E202,Disk usage > 85% on node {node}
97425,2026-01-16,16:51:02,INFO,PaymentGateway,Page view: /home by u3569,E103,Page view: {page} by {user}
97426,2026-01-16,16:41:52,CRITICAL,WebServer,KERNEL PANIC: Node node-1 crashed,E601,KERNEL PANIC: Node {node} crashed
97427,2026-01-16,16:48:11,INFO,OrderProcessor,Health check passed: OrderProcessor,E102,Health check passed: {service}
97428,2026-01-16,16:11:58,ERROR,WebServer,Timeout waiting for lock on InventoryDB,E502,Timeout waiting for lock on {db}
97429,2026-01-16,16:17:51,ERROR,AuthService,Payment declined: Gateway unavailable,E503,Payment declined: Gateway unavailable
97430,2026-01-16,16:39:28,ERROR,WebServer,Payment declined: Gateway unavailable,E503,Payment declined: Gateway unavailable
97431,2026-01-16,16:45:40,INFO,WebServer,User u4951 login successful,E101,User {user} login successful
97432,2026-01-16,16:28:37,ERROR,PaymentGateway,Connection refused to PaymentGateway at 10.0.0.99,E501,Connection refused to {service} at {ip}
97433,2026-01-16,16:30:55,WARN,OrderProcessor,Unauthorized access attempt from 10.0.0.45,E401,Unauthorized access attempt from {ip}
97434,2026-01-16,16:55:12,ERROR,WebServer,Payment declined: Gateway unavailable,E503,Payment declined: Gateway unavailable
97435,2026-01-16,16:47:51,ERROR,WebServer,Payment declined: Gateway unavailable,E503,Payment declined: Gateway unavailable
97436,2026-01-16,16:26:55,INFO,OrderProcessor,Page view: /home by u4687,E103,Page view: {page} by {user}
97437,2026-01-16,16:52:25,CRITICAL,AuthService,KERNEL PANIC: Node node-3 crashed,E601,KERNEL PANIC: Node {node} crashed
97438,2026-01-16,16:36:54,ERROR,WebServer,Payment declined: Gateway unavailable,E503,Payment declined: Gateway unavailable
97439,2026-01-16,16:59:52,INFO,AuthService,Health check passed: AuthService,E102,Health check passed: {service}
97440,2026-01-16,16:38:37,ERROR,WebServer,Connection refused to WebServer at 10.0.0.88,E501,Connection refused to {service} at {ip}
97441,2026-01-16,16:26:33,CRITICAL,WebServer,DATA CORRUPTION detected in sector 830,E602,DATA CORRUPTION detected in sector {sector}
97442,2026-01-16,16:37:16,WARN,AuthService,Unauthorized access attempt from 10.0.0.45,E401,Unauthorized access attempt from {ip}
97443,2026-01-16,16:08:09,INFO,WebServer,Transaction tx533497 completed in 810ms,E104,Transaction {tx} completed in {time}ms
97444,2026-01-16,16:52:44,WARN,WebServer,High latency (184ms) detected on WebServer,E201,High latency ({time}ms) detected on {service}
97445,2026-01-16,16:45:47,ERROR,WebServer,Payment declined: Gateway unavailable,E503,Payment declined: Gateway unavailable
97446,2026-01-16,16:58:52,WARN,WebServer,Unauthorized access attempt from 10.0.0.12,E401,Unauthorized access attempt from {ip}
97447,2026-01-16,16:09:15,CRITICAL,WebServer,KERNEL PANIC: Node node-5 crashed,E601,KERNEL PANIC: Node {node} crashed
97448,2026-01-16,16:28:54,ERROR,WebServer,Payment declined: Gateway unavailable,E503,Payment declined: Gateway unavailable
97449,2026-01-16,16:47:21,ERROR,WebServer,Timeout waiting for lock on InventoryDB,E502,Timeout waiting for lock on {db}
97450,2026-01-16,16:52:33,INFO,AuthService,Transaction tx996977 completed in 132ms,E104,Transaction {tx} completed in {time}ms
97451,2026-01-16,16:57:09,ERROR,PaymentGateway,Timeout waiting for lock on InventoryDB,E502,Timeout waiting for lock on {db}
97452,2026-01-16,16:31:59,ERROR,AuthService,Timeout waiting for lock on InventoryDB,E502,Timeout waiting for lock on {db}
97453,2026-01-16,16:32:14,ERROR,OrderProcessor,Payment declined: Gateway unavailable,E503,Payment declined: Gateway unavailable
97454,2026-01-16,16:06:41,CRITICAL,WebServer,DATA CORRUPTION detected in sector 809,E602,DATA CORRUPTION detected in sector {sector}
97455,2026-01-16,16:52:33,WARN,AuthService,Unauthorized access attempt from 192.168.1.5,E401,Unauthorized access attempt from {ip}
97456,2026-01-16,16:33:47,INFO,InventoryDB,Page view: /home by u5000,E103,Page view: {page} by {user}
97457,2026-01-16,16:09:53,WARN,AuthService,Unauthorized access attempt from 10.0.0.45,E401,Unauthorized access attempt from {ip}
97458,2026-01-16,16:05:09,INFO,AuthService,Page view: /home by u3698,E103,Page view: {page} by {user}
97459,2026-01-16,16:39:55,ERROR,PaymentGateway,Connection refused to PaymentGateway at 192.168.1.5,E501,Connection refused to {service} at {ip}
97460,2026-01-16,16:59:23,ERROR,AuthService,Connection refused to AuthService at 10.0.0.10,E501,Connection refused to {service} at {ip}
97461,2026-01-16,16:52:36,WARN,InventoryDB,Unauthorized access attempt from 10.0.0.88,E401,Unauthorized access attempt from {ip}
97462,2026-01-16,16:02:39,INFO,OrderProcessor,User u4068 login successful,E101,User {user} login successful
97463,2026-01-16,16:37:53,WARN,AuthService,High latency (1426ms) detected on AuthService,E201,High latency ({time}ms) detected on {service}
97464,2026-01-16,16:45:33,CRITICAL,WebServer,KERNEL PANIC: Node node-1 crashed,E601,KERNEL PANIC: Node {node} crashed
97465,2026-01-16,16:49:39,ERROR,OrderProcessor,Payment declined: Gateway unavailable,E503,Payment declined: Gateway unavailable
97466,2026-01-16,16:05:31,INFO,WebServer,Transaction tx392004 completed in 580ms,E104,Transaction {tx} completed in {time}ms
97467,2026-01-16,16:22:14,ERROR,WebServer,Connection refused to WebServer at 10.0.0.10,E501,Connection refused to {service} at {ip}
97468,2026-01-16,16:21:01,ERROR,AuthService,Payment declined: Gateway unavailable,E503,Payment declined: Gateway unavailable
97469,2026-01-16,16:49:34,WARN,WebServer,High latency (181ms) detected on WebServer,E201,High latency ({time}ms) detected on {service}
97470,2026-01-16,16:22:49,INFO,WebServer,User u2411 login successful,E101,User {user} login successful
97471,2026-01-16,16:32:42,INFO,OrderProcessor,Transaction tx812495 completed in 966ms,E104,Transaction {tx} completed in {time}ms
97472,2026-01-16,16:03:08,WARN,WebServer,Disk usage > 85% on node node-2,E202,Disk usage > 85% on node {node}
97473,2026-01-16,16:25:04,ERROR,PaymentGateway,Timeout waiting for lock on InventoryDB,E502,Timeout waiting for lock on {db}
97474,2026-01-16,16:02:30,ERROR,AuthService,Payment declined: Gateway unavailable,E503,Payment declined: Gateway unavailable
97475,2026-01-16,16:20:38,ERROR,AuthService,Timeout waiting for lock on InventoryDB,E502,Timeout waiting for lock on {db}
97476,2026-01-16,16:34:36,ERROR,OrderProcessor,Payment declined: Gateway unavailable,E503,Payment declined: Gateway unavailable
97477,2026-01-16,16:15:02,ERROR,WebServer,Payment declined: Gateway unavailable,E503,Payment declined: Gateway unavailable
97478,2026-01-16,16:01:12,ERROR,OrderProcessor,Connection refused to OrderProcessor at 10.0.0.45,E501,Connection refused to {service} at {ip}
97479,2026-01-16,16:35:46,CRITICAL,AuthService,DATA CORRUPTION detected in sector 357,E602,DATA CORRUPTION detected in sector {sector}
97480,2026-01-16,16:18:17,INFO,WebServer,Page view: /home by u4951,E103,Page view: {page} by {user}
97481,2026-01-16,16:37:09,ERROR,PaymentGateway,Timeout waiting for lock on InventoryDB,E502,Timeout waiting for lock on {db}
97482,2026-01-16,16:11:05,ERROR,InventoryDB,Payment declined: Gateway unavailable,E503,Payment declined: Gateway unavailable
97483,2026-01-16,16:28:40,ERROR,WebServer,Payment declined: Gateway unavailable,E503,Payment declined: Gateway unavailable
97484,2026-01-16,16:29:41,WARN,PaymentGateway,High latency (77ms) detected on PaymentGateway,E201,High latency ({time}ms) detected on {service}
97485,2026-01-16,16:28:53,ERROR,WebServer,Payment declined: Gateway unavailable,E503,Payment declined: Gateway unavailable
97486,2026-01-16,16:16:01,ERROR,AuthService,Payment declined: Gateway unavailable,E503,Payment declined: Gateway unavailable
97487,2026-01-16,16:47:08,ERROR,WebServer,Timeout waiting for lock on InventoryDB,E502,Timeout waiting for lock on {db}
97488,2026-01-16,16:36:28,ERROR,PaymentGateway,Payment declined: Gateway unavailable,E503,Payment declined: Gateway unavailable
97489,2026-01-16,16:01:28,INFO,AuthService,Health check passed: AuthService,E102,Health check passed: {service}
97490,2026-01-16,16:09:54,INFO,WebServer,Health check passed: WebServer,E102,Health check passed: {service}
97491,2026-01-16,16:41:29,ERROR,OrderProcessor,Payment declined: Gateway unavailable,E503,Payment declined: Gateway unavailable
97492,2026-01-16,16:09:46,INFO,WebServer,Transaction tx323962 completed in 1390ms,E104,Transaction {tx} completed in {time}ms
97493,2026-01-16,16:57:16,ERROR,AuthService,Connection refused to AuthService at 10.0.0.99,E501,Connection refused to {service} at {ip}
97494,2026-01-16,16:16:05,CRITICAL,InventoryDB,KERNEL PANIC: Node node-1 crashed,E601,KERNEL PANIC: Node {node} crashed
97495,2026-01-16,16:24:55,ERROR,InventoryDB,Payment declined: Gateway unavailable,E503,Payment declined: Gateway unavailable
97496,2026-01-16,16:05:10,WARN,AuthService,Disk usage > 85% on node node-2,E202,Disk usage > 85% on node {node}
97497,2026-01-16,16:48:39,WARN,AuthService,Disk usage > 85% on node node-3,E202,Disk usage > 85% on node {node}
97498,2026-01-16,16:56:11,INFO,WebServer,Transaction tx542286 completed in 1629ms,E104,Transaction {tx} completed in {time}ms
97499,2026-01-16,16:53:12,INFO,WebServer,User u4256 login successful,E101,User {user} login successful
97500,2026-01-16,16:14:03,ERROR,WebServer,Connection refused to WebServer at 10.0.0.45,E501,Connection refused to {service} at {ip}
97501,2026-01-16,16:49:29,WARN,InventoryDB,Unauthorized access attempt from 10.0.0.99,E401,Unauthorized access attempt from {ip}
97502,2026-01-16,16:08:11,ERROR,WebServer,Payment declined: Gateway unavailable,E503,Payment declined: Gateway unavailable
97503,2026-01-16,16:22:37,ERROR,WebServer,Connection refused to WebServer at 10.0.0.10,E501,Connection refused to {service} at {ip}
97504,2026-01-16,16:27:39,WARN,AuthService,Unauthorized access attempt from 10.0.0.45,E401,Unauthorized access attempt from {ip}
97505,2026-01-16,16:33:42,ERROR,WebServer,Connection refused to WebServer at 10.0.0.45,E501,Connection refused to {service} at {ip}
97506,2026-01-16,16:21:47,INFO,AuthService,User u3723 login successful,E101,User {user} login successful
97507,2026-01-16,16:47:15,INFO,OrderProcessor,User u3934 login successful,E101,User {user} login successful
97508,2026-01-16,16:07:06,WARN,OrderProcessor,High latency (800ms) detected on OrderProcessor,E201,High latency ({time}ms) detected on {service}
97509,2026-01-16,16:09:05,ERROR,WebServer,Payment declined: Gateway unavailable,E503,Payment declined: Gateway unavailable
97510,2026-01-16,16:13:02,INFO,AuthService,Health check passed: AuthService,E102,Health check passed: {service}
97511,2026-01-16,16:51:00,ERROR,WebServer,Payment declined: Gateway unavailable,E503,Payment declined: Gateway unavailable
97512,2026-01-16,16:15:42,INFO,PaymentGateway,Transaction tx835971 completed in 1733ms,E104,Transaction {tx} completed in {time}ms
97513,2026-01-16,16:08:04,ERROR,WebServer,Connection refused to WebServer at 10.0.0.45,E501,Connection refused to {service} at {ip}
97514,2026-01-16,16:32:57,INFO,InventoryDB,Health check passed: InventoryDB,E102,Health check passed: {service}
97515,2026-01-16,16:02:53,CRITICAL,WebServer,KERNEL PANIC: Node node-4 crashed,E601,KERNEL PANIC: Node {node} crashed
97516,2026-01-16,16:46:42,INFO,AuthService,Health check passed: AuthService,E102,Health check passed: {service}
97517,2026-01-16,16:46:48,ERROR,OrderProcessor,Payment declined: Gateway unavailable,E503,Payment declined: Gateway unavailable
97518,2026-01-16,16:04:39,ERROR,WebServer,Payment declined: Gateway unavailable,E503,Payment declined: Gateway unavailable
97519,2026-01-16,16:11:48,ERROR,WebServer,Payment declined: Gateway unavailable,E503,Payment declined: Gateway unavailable
97520,2026-01-16,16:45:06,ERROR,PaymentGateway,Payment declined: Gateway unavailable,E503,Payment declined: Gateway unavailable
97521,2026-01-16,16:45:40,INFO,WebServer,Transaction tx833241 completed in 1927ms,E104,Transaction {tx} completed in {time}ms
97522,2026-01-16,16:43:13,ERROR,WebServer,Payment declined: Gateway unavailable,E503,Payment declined: Gateway unavailable
97523,2026-01-16,16:35:26,ERROR,WebServer,Payment declined: Gateway unavailable,E503,Payment declined: Gateway unavailable
97524,2026-01-16,16:51:41,CRITICAL,OrderProcessor,KERNEL PANIC: Node node-2 crashed,E601,KERNEL PANIC: Node {node} crashed
97525,2026-01-16,16:09:25,WARN,AuthService,High latency (225ms) detected on AuthService,E201,High latency ({time}ms) detected on {service}
97526,2026-01-16,16:20:20,WARN,WebServer,Disk usage > 85% on node node-1,E202,Disk usage > 85% on node {node}
97527,2026-01-16,16:56:39,ERROR,WebServer,Timeout waiting for lock on InventoryDB,E502,Timeout waiting for lock on {db}
97528,2026-01-16,16:08:38,INFO,AuthService,Page view: /home by u3876,E103,Page view: {page} by {user}
97529,2026-01-16,16:24:53,INFO,AuthService,Health check passed: AuthService,E102,Health check passed: {service}
97530,2026-01-16,16:52:05,ERROR,PaymentGateway,Connection refused to PaymentGateway at 10.0.0.45,E501,Connection refused to {service} at {ip}
97531,2026-01-16,16:55:28,ERROR,OrderProcessor,Connection refused to OrderProcessor at 10.0.0.45,E501,Connection refused to {service} at {ip}
97532,2026-01-16,16:34:21,WARN,WebServer,Disk usage > 85% on node node-4,E202,Disk usage > 85% on node {node}
97533,2026-01-16,16:44:19,ERROR,InventoryDB,Payment declined: Gateway unavailable,E503,Payment declined: Gateway unavailable
97534,2026-01-16,16:13:42,CRITICAL,WebServer,DATA CORRUPTION detected in sector 549,E602,DATA CORRUPTION detected in sector {sector}
97535,2026-01-16,16:25:23,WARN,WebServer,Disk usage > 85% on node node-1,E202,Disk usage > 85% on node {node}
97536,2026-01-16,16:44:42,INFO,AuthService,Transaction tx523798 completed in 1310ms,E104,Transaction {tx} completed in {time}ms
97537,2026-01-16,16:59:18,ERROR,WebServer,Timeout waiting for lock on InventoryDB,E502,Timeout waiting for lock on {db}
97538,2026-01-16,16:53:28,ERROR,WebServer,Timeout waiting for lock on InventoryDB,E502,Timeout waiting for lock on {db}
97539,2026-01-16,16:05:08,WARN,WebServer,Unauthorized access attempt from 10.0.0.45,E401,Unauthorized access attempt from {ip}
97540,2026-01-16,16:56:44,ERROR,WebServer,Payment declined: Gateway unavailable,E503,Payment declined: Gateway unavailable
97541,2026-01-16,16:49:36,ERROR,WebServer,Timeout waiting for lock on InventoryDB,E502,Timeout waiting for lock on {db}
97542,2026-01-16,16:32:15,ERROR,WebServer,Timeout waiting for lock on InventoryDB,E502,Timeout waiting for lock on {db}
97543,2026-01-16,16:23:40,INFO,WebServer,Health check passed: WebServer,E102,Health check passed: {service}
97544,2026-01-16,16:02:47,INFO,WebServer,User u3984 login successful,E101,User {user} login successful
97545,2026-01-16,16:56:06,INFO,WebServer,Health check passed: WebServer,E102,Health check passed: {service}
97546,2026-01-16,16:22:47,INFO,AuthService,Transaction tx351670 completed in 758ms,E104,Transaction {tx} completed in {time}ms
97547,2026-01-16,16:56:38,INFO,WebServer,Health check passed: WebServer,E102,Health check passed: {service}
97548,2026-01-16,16:58:51,INFO,WebServer,Transaction tx806008 completed in 900ms,E104,Transaction {tx} completed in {time}ms
97549,2026-01-16,16:16:56,ERROR,PaymentGateway,Connection refused to PaymentGateway at 10.0.0.10,E501,Connection refused to {service} at {ip}
97550,2026-01-16,16:38:07,ERROR,OrderProcessor,Payment declined: Gateway unavailable,E503,Payment declined: Gateway unavailable
97551,2026-01-16,16:12:02,INFO,WebServer,Health check passed: WebServer,E102,Health check passed: {service}
97552,2026-01-16,16:58:33,WARN,WebServer,High latency (936ms) detected on WebServer,E201,High latency ({time}ms) detected on {service}
97553,2026-01-16,16:48:26,INFO,WebServer,Page view: /home by u2300,E103,Page view: {page} by {user}
97554,2026-01-16,16:50:10,ERROR,WebServer,Timeout waiting for lock on InventoryDB,E502,Timeout waiting for lock on {db}
97555,2026-01-16,16:16:09,INFO,AuthService,Transaction tx559903 completed in 619ms,E104,Transaction {tx} completed in {time}ms
97556,2026-01-16,16:38:11,WARN,AuthService,High latency (1506ms) detected on AuthService,E201,High latency ({time}ms) detected on {service}
97557,2026-01-16,16:01:55,WARN,PaymentGateway,Disk usage > 85% on node node-3,E202,Disk usage > 85% on node {node}
97558,2026-01-16,16:20:41,INFO,WebServer,User u4242 login successful,E101,User {user} login successful
97559,2026-01-16,16:25:42,ERROR,WebServer,Connection refused to WebServer at 10.0.0.45,E501,Connection refused to {service} at {ip}
97560,2026-01-16,16:18:05,INFO,OrderProcessor,Transaction tx574877 completed in 571ms,E104,Transaction {tx} completed in {time}ms
97561,2026-01-16,16:45:55,CRITICAL,WebServer,KERNEL PANIC: Node node-2 crashed,E601,KERNEL PANIC: Node {node} crashed
97562,2026-01-16,16:27:36,INFO,PaymentGateway,Transaction tx495358 completed in 892ms,E104,Transaction {tx} completed in {time}ms
97563,2026-01-16,16:38:51,ERROR,AuthService,Payment declined: Gateway unavailable,E503,Payment declined: Gateway unavailable
97564,2026-01-16,16:30:46,ERROR,WebServer,Payment declined: Gateway unavailable,E503,Payment declined: Gateway unavailable
97565,2026-01-16,16:09:05,ERROR,WebServer,Timeout waiting for lock on InventoryDB,E502,Timeout waiting for lock on {db}
97566,2026-01-16,16:01:14,INFO,AuthService,Page view: /home by u3760,E103,Page view: {page} by {user}
97567,2026-01-16,16:21:42,WARN,OrderProcessor,High latency (702ms) detected on OrderProcessor,E201,High latency ({time}ms) detected on {service}
97568,2026-01-16,16:44:36,CRITICAL,WebServer,KERNEL PANIC: Node node-4 crashed,E601,KERNEL PANIC: Node {node} crashed
97569,2026-01-16,16:48:08,ERROR,WebServer,Connection refused to WebServer at 10.0.0.45,E501,Connection refused to {service} at {ip}
97570,2026-01-16,16:40:50,INFO,AuthService,Health check passed: AuthService,E102,Health check passed: {service}
97571,2026-01-16,16:22:44,ERROR,WebServer,Timeout waiting for lock on InventoryDB,E502,Timeout waiting for lock on {db}
97572,2026-01-16,16:01:17,INFO,AuthService,Health check passed: AuthService,E102,Health check passed: {service}
97573,2026-01-16,16:43:38,ERROR,WebServer,Connection refused to WebServer at 10.0.0.45,E501,Connection refused to {service} at {ip}
97574,2026-01-16,16:35:57,ERROR,AuthService,Connection refused to AuthService at 10.0.0.12,E501,Connection refused to {service} at {ip}
97575,2026-01-16,16:22:01,ERROR,WebServer,Payment declined: Gateway unavailable,E503,Payment declined: Gateway unavailable
97576,2026-01-16,16:54:22,INFO,WebServer,Health check passed: WebServer,E102,Health check passed: {service}
97577,2026-01-16,16:26:39,ERROR,AuthService,Timeout waiting for lock on InventoryDB,E502,Timeout waiting for lock on {db}
97578,2026-01-16,16:19:02,INFO,AuthService,User u4068 login successful,E101,User {user} login successful
97579,2026-01-16,16:17:30,WARN,WebServer,High latency (179ms) detected on WebServer,E201,High latency ({time}ms) detected on {service}
97580,2026-01-16,16:15:13,WARN,PaymentGateway,Disk usage > 85% on node node-4,E202,Disk usage > 85% on node {node}
97581,2026-01-16,16:29:19,ERROR,OrderProcessor,Payment declined: Gateway unavailable,E503,Payment declined: Gateway unavailable
97582,2026-01-16,16:14:55,INFO,OrderProcessor,Health check passed: OrderProcessor,E102,Health check passed: {service}
97583,2026-01-16,16:27:05,ERROR,AuthService,Connection refused to AuthService at 10.0.0.45,E501,Connection refused to {service} at {ip}
97584,2026-01-16,16:53:56,WARN,AuthService,Disk usage > 85% on node node-3,E202,Disk usage > 85% on node {node}
97585,2026-01-16,16:20:22,INFO,WebServer,User u4833 login successful,E101,User {user} login successful
97586,2026-01-16,16:09:18,ERROR,PaymentGateway,Payment declined: Gateway unavailable,E503,Payment declined: Gateway unavailable
97587,2026-01-16,16:56:09,ERROR,WebServer,Payment declined: Gateway unavailable,E503,Payment declined: Gateway unavailable
97588,2026-01-16,16:58:50,ERROR,WebServer,Payment declined: Gateway unavailable,E503,Payment declined: Gateway unavailable
97589,2026-01-16,16:56:37,ERROR,AuthService,Payment declined: Gateway unavailable,E503,Payment declined: Gateway unavailable
97590,2026-01-16,16:05:56,CRITICAL,WebServer,KERNEL PANIC: Node node-2 crashed,E601,KERNEL PANIC: Node {node} crashed
97591,2026-01-16,16:26:05,ERROR,WebServer,Connection refused to WebServer at 192.168.1.5,E501,Connection refused to {service} at {ip}
97592,2026-01-16,16:23:57,WARN,WebServer,Disk usage > 85% on node node-4,E202,Disk usage > 85% on node {node}
97593,2026-01-16,16:53:39,ERROR,PaymentGateway,Payment declined: Gateway unavailable,E503,Payment declined: Gateway unavailable
97594,2026-01-16,16:39:00,INFO,WebServer,Health check passed: WebServer,E102,Health check passed: {service}
97595,2026-01-16,16:08:18,WARN,WebServer,Disk usage > 85% on node node-4,E202,Disk usage > 85% on node {node}
97596,2026-01-16,16:49:17,CRITICAL,WebServer,KERNEL PANIC: Node node-1 crashed,E601,KERNEL PANIC: Node {node} crashed
97597,2026-01-16,16:46:52,INFO,WebServer,Page view: /home by u4249,E103,Page view: {page} by {user}
97598,2026-01-16,16:43:24,ERROR,OrderProcessor,Timeout waiting for lock on InventoryDB,E502,Timeout waiting for lock on {db}
97599,2026-01-16,16:25:40,ERROR,OrderProcessor,Payment declined: Gateway unavailable,E503,Payment declined: Gateway unavailable
97600,2026-01-16,16:23:36,INFO,WebServer,Page view: /home by u1242,E103,Page view: {page} by {user}
97601,2026-01-16,16:23:05,INFO,AuthService,Health check passed: AuthService,E102,Health check passed: {service}
97602,2026-01-16,16:49:50,WARN,PaymentGateway,Unauthorized access attempt from 10.0.0.12,E401,Unauthorized access attempt from {ip}
97603,2026-01-16,16:52:06,ERROR,OrderProcessor,Connection refused to OrderProcessor at 10.0.0.45,E501,Connection refused to {service} at {ip}
97604,2026-01-16,16:30:47,INFO,OrderProcessor,User u1102 login successful,E101,User {user} login successful
97605,2026-01-16,16:31:25,WARN,AuthService,Unauthorized access attempt from 10.0.0.45,E401,Unauthorized access attempt from {ip}
97606,2026-01-16,16:12:29,ERROR,WebServer,Timeout waiting for lock on InventoryDB,E502,Timeout waiting for lock on {db}
97607,2026-01-16,16:59:52,CRITICAL,WebServer,DATA CORRUPTION detected in sector 520,E602,DATA CORRUPTION detected in sector {sector}
97608,2026-01-16,16:05:45,WARN,OrderProcessor,Disk usage > 85% on node node-3,E202,Disk usage > 85% on node {node}
97609,2026-01-16,16:10:59,ERROR,WebServer,Timeout waiting for lock on InventoryDB,E502,Timeout waiting for lock on {db}
97610,2026-01-16,16:22:00,INFO,OrderProcessor,Health check passed: OrderProcessor,E102,Health check passed: {service}
97611,2026-01-16,16:44:51,CRITICAL,WebServer,KERNEL PANIC: Node node-5 crashed,E601,KERNEL PANIC: Node {node} crashed
97612,2026-01-16,16:36:27,INFO,InventoryDB,Health check passed: InventoryDB,E102,Health check passed: {service}
97613,2026-01-16,16:06:19,CRITICAL,WebServer,DATA CORRUPTION detected in sector 403,E602,DATA CORRUPTION detected in sector {sector}
97614,2026-01-16,16:16:05,ERROR,WebServer,Connection refused to WebServer at 10.0.0.45,E501,Connection refused to {service} at {ip}
97615,2026-01-16,16:30:17,INFO,WebServer,User u3230 login successful,E101,User {user} login successful
97616,2026-01-16,16:50:55,INFO,AuthService,Transaction tx152879 completed in 1743ms,E104,Transaction {tx} completed in {time}ms
97617,2026-01-16,16:24:28,INFO,PaymentGateway,Health check passed: PaymentGateway,E102,Health check passed: {service}
97618,2026-01-16,16:09:19,ERROR,WebServer,Payment declined: Gateway unavailable,E503,Payment declined: Gateway unavailable
97619,2026-01-16,16:15:48,INFO,AuthService,Page view: /home by u2468,E103,Page view: {page} by {user}
97620,2026-01-16,16:59:18,INFO,AuthService,Page view: /home by u3695,E103,Page view: {page} by {user}
97621,2026-01-16,16:21:55,WARN,WebServer,Disk usage > 85% on node node-5,E202,Disk usage > 85% on node {node}
97622,2026-01-16,16:01:54,INFO,AuthService,Transaction tx323793 completed in 169ms,E104,Transaction {tx} completed in {time}ms
97623,2026-01-16,16:51:50,ERROR,OrderProcessor,Connection refused to OrderProcessor at 10.0.0.88,E501,Connection refused to {service} at {ip}
97624,2026-01-16,16:00:29,INFO,WebServer,Page view: /home by u4216,E103,Page view: {page} by {user}
97625,2026-01-16,16:15:04,ERROR,WebServer,Timeout waiting for lock on InventoryDB,E502,Timeout waiting for lock on {db}
97626,2026-01-16,16:43:05,ERROR,WebServer,Payment declined: Gateway unavailable,E503,Payment declined: Gateway unavailable
97627,2026-01-16,16:31:37,WARN,PaymentGateway,Disk usage > 85% on node node-1,E202,Disk usage > 85% on node {node}
97628,2026-01-16,16:46:29,ERROR,PaymentGateway,Connection refused to PaymentGateway at 10.0.0.10,E501,Connection refused to {service} at {ip}
97629,2026-01-16,16:45:48,ERROR,PaymentGateway,Payment declined: Gateway unavailable,E503,Payment declined: Gateway unavailable
97630,2026-01-16,16:02:47,ERROR,WebServer,Connection refused to WebServer at 10.0.0.12,E501,Connection refused to {service} at {ip}
97631,2026-01-16,16:56:45,WARN,WebServer,Disk usage > 85% on node node-2,E202,Disk usage > 85% on node {node}
97632,2026-01-16,16:57:29,INFO,WebServer,Transaction tx100821 completed in 1518ms,E104,Transaction {tx} completed in {time}ms
97633,2026-01-16,16:19:05,INFO,WebServer,User u4405 login successful,E101,User {user} login successful
97634,2026-01-16,16:34:34,ERROR,WebServer,Connection refused to WebServer at 10.0.0.45,E501,Connection refused to {service} at {ip}
97635,2026-01-16,16:02:25,INFO,WebServer,User u4125 login successful,E101,User {user} login successful
97636,2026-01-16,16:20:12,CRITICAL,WebServer,DATA CORRUPTION detected in sector 417,E602,DATA CORRUPTION detected in sector {sector}
97637,2026-01-16,16:56:40,ERROR,WebServer,Payment declined: Gateway unavailable,E503,Payment declined: Gateway unavailable
97638,2026-01-16,16:29:20,ERROR,WebServer,Payment declined: Gateway unavailable,E503,Payment declined: Gateway unavailable
97639,2026-01-16,16:26:53,ERROR,PaymentGateway,Payment declined: Gateway unavailable,E503,Payment declined: Gateway unavailable
97640,2026-01-16,16:51:11,INFO,AuthService,Transaction tx780728 completed in 1808ms,E104,Transaction {tx} completed in {time}ms
97641,2026-01-16,16:46:46,INFO,WebServer,Transaction tx532090 completed in 1304ms,E104,Transaction {tx} completed in {time}ms
97642,2026-01-16,16:32:08,INFO,WebServer,Page view: /home by u2105,E103,Page view: {page} by {user}
97643,2026-01-16,16:21:39,ERROR,WebServer,Connection refused to WebServer at 10.0.0.45,E501,Connection refused to {service} at {ip}
97644,2026-01-16,16:18:28,ERROR,WebServer,Payment declined: Gateway unavailable,E503,Payment declined: Gateway unavailable
97645,2026-01-16,16:30:04,INFO,WebServer,Page view: /home by u1530,E103,Page view: {page} by {user}
97646,2026-01-16,16:18:20,WARN,AuthService,Unauthorized access attempt from 10.0.0.45,E401,Unauthorized access attempt from {ip}
97647,2026-01-16,16:12:18,ERROR,AuthService,Connection refused to AuthService at 10.0.0.45,E501,Connection refused to {service} at {ip}
97648,2026-01-16,16:34:32,ERROR,OrderProcessor,Timeout waiting for lock on InventoryDB,E502,Timeout waiting for lock on {db}
97649,2026-01-16,16:03:12,WARN,AuthService,High latency (1751ms) detected on AuthService,E201,High latency ({time}ms) detected on {service}
97650,2026-01-16,16:58:11,INFO,WebServer,Page view: /home by u4158,E103,Page view: {page} by {user}
97651,2026-01-16,16:30:35,INFO,OrderProcessor,User u4293 login successful,E101,User {user} login successful
97652,2026-01-16,16:30:03,INFO,InventoryDB,User u1330 login successful,E101,User {user} login successful
97653,2026-01-16,16:58:11,ERROR,WebServer,Connection refused to WebServer at 10.0.0.10,E501,Connection refused to {service} at {ip}
97654,2026-01-16,16:28:44,ERROR,WebServer,Connection refused to WebServer at 10.0.0.99,E501,Connection refused to {service} at {ip}
97655,2026-01-16,16:07:51,INFO,WebServer,User u2298 login successful,E101,User {user} login successful
97656,2026-01-16,16:45:55,ERROR,WebServer,Timeout waiting for lock on InventoryDB,E502,Timeout waiting for lock on {db}
97657,2026-01-16,16:16:23,WARN,WebServer,Disk usage > 85% on node node-4,E202,Disk usage > 85% on node {node}
97658,2026-01-16,16:35:02,ERROR,WebServer,Timeout waiting for lock on InventoryDB,E502,Timeout waiting for lock on {db}
97659,2026-01-16,16:51:34,INFO,OrderProcessor,User u2452 login successful,E101,User {user} login successful
97660,2026-01-16,16:44:02,INFO,AuthService,User u3133 login successful,E101,User {user} login successful
97661,2026-01-16,16:05:57,ERROR,WebServer,Timeout waiting for lock on InventoryDB,E502,Timeout waiting for lock on {db}
97662,2026-01-16,16:46:32,ERROR,WebServer,Payment declined: Gateway unavailable,E503,Payment declined: Gateway unavailable
97663,2026-01-16,16:51:14,CRITICAL,WebServer,KERNEL PANIC: Node node-3 crashed,E601,KERNEL PANIC: Node {node} crashed
97664,2026-01-16,16:01:05,INFO,WebServer,Page view: /home by u2931,E103,Page view: {page} by {user}
97665,2026-01-16,16:34:41,INFO,InventoryDB,Page view: /home by u3233,E103,Page view: {page} by {user}
97666,2026-01-16,16:08:44,ERROR,WebServer,Payment declined: Gateway unavailable,E503,Payment declined: Gateway unavailable
97667,2026-01-16,16:03:29,ERROR,WebServer,Timeout waiting for lock on InventoryDB,E502,Timeout waiting for lock on {db}
97668,2026-01-16,16:43:32,INFO,WebServer,Health check passed: WebServer,E102,Health check passed: {service}
97669,2026-01-16,16:14:31,INFO,WebServer,Health check passed: WebServer,E102,Health check passed: {service}
97670,2026-01-16,16:50:32,ERROR,WebServer,Payment declined: Gateway unavailable,E503,Payment declined: Gateway unavailable
97671,2026-01-16,16:10:14,WARN,WebServer,Disk usage > 85% on node node-5,E202,Disk usage > 85% on node {node}
97672,2026-01-16,16:16:38,INFO,OrderProcessor,Transaction tx597581 completed in 815ms,E104,Transaction {tx} completed in {time}ms
97673,2026-01-16,16:28:59,INFO,AuthService,Health check passed: AuthService,E102,Health check passed: {service}
97674,2026-01-16,16:23:42,WARN,WebServer,Unauthorized access attempt from 10.0.0.45,E401,Unauthorized access attempt from {ip}
97675,2026-01-16,16:50:12,INFO,WebServer,Transaction tx362946 completed in 981ms,E104,Transaction {tx} completed in {time}ms
97676,2026-01-16,16:53:27,WARN,OrderProcessor,Disk usage > 85% on node node-2,E202,Disk usage > 85% on node {node}
97677,2026-01-16,16:06:45,ERROR,OrderProcessor,Connection refused to OrderProcessor at 10.0.0.45,E501,Connection refused to {service} at {ip}
97678,2026-01-16,16:23:21,INFO,AuthService,Transaction tx308538 completed in 1185ms,E104,Transaction {tx} completed in {time}ms
97679,2026-01-16,16:09:48,CRITICAL,OrderProcessor,KERNEL PANIC: Node node-2 crashed,E601,KERNEL PANIC: Node {node} crashed
97680,2026-01-16,16:14:39,ERROR,WebServer,Timeout waiting for lock on InventoryDB,E502,Timeout waiting for lock on {db}
97681,2026-01-16,16:34:43,INFO,AuthService,Transaction tx959277 completed in 1238ms,E104,Transaction {tx} completed in {time}ms
97682,2026-01-16,16:18:51,ERROR,InventoryDB,Timeout waiting for lock on InventoryDB,E502,Timeout waiting for lock on {db}
97683,2026-01-16,16:47:16,ERROR,AuthService,Timeout waiting for lock on InventoryDB,E502,Timeout waiting for lock on {db}
97684,2026-01-16,16:09:47,ERROR,WebServer,Timeout waiting for lock on InventoryDB,E502,Timeout waiting for lock on {db}
97685,2026-01-16,16:16:47,WARN,AuthService,Disk usage > 85% on node node-3,E202,Disk usage > 85% on node {node}
97686,2026-01-16,16:30:55,ERROR,WebServer,Payment declined: Gateway unavailable,E503,Payment declined: Gateway unavailable
97687,2026-01-16,16:24:25,ERROR,AuthService,Payment declined: Gateway unavailable,E503,Payment declined: Gateway unavailable
97688,2026-01-16,16:10:40,WARN,WebServer,Unauthorized access attempt from 10.0.0.45,E401,Unauthorized access attempt from {ip}
97689,2026-01-16,16:39:50,INFO,WebServer,Health check passed: WebServer,E102,Health check passed: {service}
97690,2026-01-16,16:08:31,CRITICAL,AuthService,DATA CORRUPTION detected in sector 227,E602,DATA CORRUPTION detected in sector {sector}
97691,2026-01-16,16:42:01,ERROR,WebServer,Connection refused to WebServer at 10.0.0.45,E501,Connection refused to {service} at {ip}
97692,2026-01-16,16:12:40,ERROR,AuthService,Timeout waiting for lock on InventoryDB,E502,Timeout waiting for lock on {db}
97693,2026-01-16,16:26:58,CRITICAL,AuthService,DATA CORRUPTION detected in sector 396,E602,DATA CORRUPTION detected in sector {sector}
97694,2026-01-16,16:12:37,INFO,WebServer,User u4252 login successful,E101,User {user} login successful
97695,2026-01-16,16:15:04,ERROR,WebServer,Timeout waiting for lock on InventoryDB,E502,Timeout waiting for lock on {db}
97696,2026-01-16,16:52:07,ERROR,OrderProcessor,Connection refused to OrderProcessor at 10.0.0.12,E501,Connection refused to {service} at {ip}
97697,2026-01-16,16:05:49,INFO,InventoryDB,Health check passed: InventoryDB,E102,Health check passed: {service}
97698,2026-01-16,16:10:49,ERROR,WebServer,Timeout waiting for lock on InventoryDB,E502,Timeout waiting for lock on {db}
97699,2026-01-16,16:24:05,INFO,AuthService,User u2175 login successful,E101,User {user} login successful
97700,2026-01-16,16:12:58,ERROR,WebServer,Connection refused to WebServer at 10.0.0.45,E501,Connection refused to {service} at {ip}
97701,2026-01-16,16:58:24,ERROR,PaymentGateway,Connection refused to PaymentGateway at 10.0.0.99,E501,Connection refused to {service} at {ip}
97702,2026-01-16,16:02:33,CRITICAL,OrderProcessor,DATA CORRUPTION detected in sector 316,E602,DATA CORRUPTION detected in sector {sector}
97703,2026-01-16,16:49:31,INFO,WebServer,Health check passed: WebServer,E102,Health check passed: {service}
97704,2026-01-16,16:30:10,WARN,WebServer,High latency (1111ms) detected on WebServer,E201,High latency ({time}ms) detected on {service}
97705,2026-01-16,16:17:10,ERROR,AuthService,Timeout waiting for lock on InventoryDB,E502,Timeout waiting for lock on {db}
97706,2026-01-16,16:14:11,INFO,WebServer,User u4583 login successful,E101,User {user} login successful
97707,2026-01-16,16:44:41,ERROR,AuthService,Payment declined: Gateway unavailable,E503,Payment declined: Gateway unavailable
97708,2026-01-16,16:28:51,INFO,OrderProcessor,User u3469 login successful,E101,User {user} login successful
97709,2026-01-16,16:27:33,INFO,WebServer,Transaction tx102111 completed in 1149ms,E104,Transaction {tx} completed in {time}ms
97710,2026-01-16,16:10:47,ERROR,OrderProcessor,Payment declined: Gateway unavailable,E503,Payment declined: Gateway unavailable
97711,2026-01-16,16:05:17,ERROR,AuthService,Connection refused to AuthService at 10.0.0.45,E501,Connection refused to {service} at {ip}
97712,2026-01-16,16:06:27,WARN,WebServer,Disk usage > 85% on node node-1,E202,Disk usage > 85% on node {node}
97713,2026-01-16,16:40:38,ERROR,WebServer,Connection refused to WebServer at 10.0.0.45,E501,Connection refused to {service} at {ip}
97714,2026-01-16,16:56:19,CRITICAL,AuthService,KERNEL PANIC: Node node-5 crashed,E601,KERNEL PANIC: Node {node} crashed
97715,2026-01-16,16:07:21,WARN,WebServer,Disk usage > 85% on node node-4,E202,Disk usage > 85% on node {node}
97716,2026-01-16,16:51:30,ERROR,AuthService,Timeout waiting for lock on InventoryDB,E502,Timeout waiting for lock on {db}
97717,2026-01-16,16:24:47,INFO,AuthService,Page view: /home by u1523,E103,Page view: {page} by {user}
97718,2026-01-16,16:01:22,INFO,WebServer,Health check passed: WebServer,E102,Health check passed: {service}
97719,2026-01-16,16:31:07,INFO,WebServer,User u4395 login successful,E101,User {user} login successful
97720,2026-01-16,16:59:00,CRITICAL,WebServer,KERNEL PANIC: Node node-2 crashed,E601,KERNEL PANIC: Node {node} crashed
97721,2026-01-16,16:12:04,ERROR,WebServer,Payment declined: Gateway unavailable,E503,Payment declined: Gateway unavailable
97722,2026-01-16,16:18:02,ERROR,PaymentGateway,Payment declined: Gateway unavailable,E503,Payment declined: Gateway unavailable
97723,2026-01-16,16:52:55,ERROR,PaymentGateway,Payment declined: Gateway unavailable,E503,Payment declined: Gateway unavailable
97724,2026-01-16,16:08:52,WARN,AuthService,Disk usage > 85% on node node-5,E202,Disk usage > 85% on node {node}
97725,2026-01-16,16:49:47,CRITICAL,WebServer,DATA CORRUPTION detected in sector 531,E602,DATA CORRUPTION detected in sector {sector}
97726,2026-01-16,16:46:10,ERROR,WebServer,Timeout waiting for lock on InventoryDB,E502,Timeout waiting for lock on {db}
97727,2026-01-16,16:02:40,ERROR,WebServer,Connection refused to WebServer at 10.0.0.45,E501,Connection refused to {service} at {ip}
97728,2026-01-16,16:46:45,INFO,WebServer,Health check passed: WebServer,E102,Health check passed: {service}
97729,2026-01-16,16:41:40,WARN,WebServer,Disk usage > 85% on node node-4,E202,Disk usage > 85% on node {node}
97730,2026-01-16,16:40:24,ERROR,AuthService,Connection refused to AuthService at 10.0.0.88,E501,Connection refused to {service} at {ip}
97731,2026-01-16,16:48:09,INFO,WebServer,User u1104 login successful,E101,User {user} login successful
97732,2026-01-16,16:27:00,CRITICAL,WebServer,KERNEL PANIC: Node node-1 crashed,E601,KERNEL PANIC: Node {node} crashed
97733,2026-01-16,16:22:42,CRITICAL,AuthService,KERNEL PANIC: Node node-5 crashed,E601,KERNEL PANIC: Node {node} crashed
97734,2026-01-16,16:30:41,ERROR,AuthService,Payment declined: Gateway unavailable,E503,Payment declined: Gateway unavailable
97735,2026-01-16,16:54:45,ERROR,WebServer,Payment declined: Gateway unavailable,E503,Payment declined: Gateway unavailable
97736,2026-01-16,16:30:30,WARN,WebServer,Unauthorized access attempt from 10.0.0.45,E401,Unauthorized access attempt from {ip}
97737,2026-01-16,16:10:06,ERROR,WebServer,Timeout waiting for lock on InventoryDB,E502,Timeout waiting for lock on {db}
97738,2026-01-16,16:36:23,ERROR,WebServer,Timeout waiting for lock on InventoryDB,E502,Timeout waiting for lock on {db}
97739,2026-01-16,16:49:58,WARN,OrderProcessor,High latency (1940ms) detected on OrderProcessor,E201,High latency ({time}ms) detected on {service}
97740,2026-01-16,16:35:01,INFO,WebServer,Health check passed: WebServer,E102,Health check passed: {service}
97741,2026-01-16,16:44:16,ERROR,OrderProcessor,Connection refused to OrderProcessor at 10.0.0.45,E501,Connection refused to {service} at {ip}
97742,2026-01-16,16:22:47,WARN,AuthService,Disk usage > 85% on node node-1,E202,Disk usage > 85% on node {node}
97743,2026-01-16,16:22:41,CRITICAL,WebServer,DATA CORRUPTION detected in sector 824,E602,DATA CORRUPTION detected in sector {sector}
97744,2026-01-16,16:59:58,CRITICAL,WebServer,DATA CORRUPTION detected in sector 218,E602,DATA CORRUPTION detected in sector {sector}
97745,2026-01-16,16:21:16,ERROR,OrderProcessor,Connection refused to OrderProcessor at 10.0.0.12,E501,Connection refused to {service} at {ip}
97746,2026-01-16,16:13:47,WARN,AuthService,Disk usage > 85% on node node-2,E202,Disk usage > 85% on node {node}
97747,2026-01-16,16:47:42,INFO,AuthService,Transaction tx942034 completed in 340ms,E104,Transaction {tx} completed in {time}ms
97748,2026-01-16,16:46:59,WARN,AuthService,Unauthorized access attempt from 10.0.0.45,E401,Unauthorized access attempt from {ip}
97749,2026-01-16,16:27:22,ERROR,WebServer,Timeout waiting for lock on InventoryDB,E502,Timeout waiting for lock on {db}
97750,2026-01-16,16:12:29,INFO,AuthService,Health check passed: AuthService,E102,Health check passed: {service}
97751,2026-01-16,16:44:13,INFO,WebServer,Transaction tx325453 completed in 1050ms,E104,Transaction {tx} completed in {time}ms
97752,2026-01-16,16:41:22,CRITICAL,WebServer,DATA CORRUPTION detected in sector 385,E602,DATA CORRUPTION detected in sector {sector}
97753,2026-01-16,16:00:41,WARN,WebServer,Disk usage > 85% on node node-1,E202,Disk usage > 85% on node {node}
97754,2026-01-16,16:34:26,ERROR,WebServer,Timeout waiting for lock on InventoryDB,E502,Timeout waiting for lock on {db}
97755,2026-01-16,16:16:42,CRITICAL,WebServer,DATA CORRUPTION detected in sector 320,E602,DATA CORRUPTION detected in sector {sector}
97756,2026-01-16,16:20:07,INFO,WebServer,User u3327 login successful,E101,User {user} login successful
97757,2026-01-16,16:32:45,WARN,WebServer,High latency (624ms) detected on WebServer,E201,High latency ({time}ms) detected on {service}
97758,2026-01-16,16:09:15,INFO,AuthService,Health check passed: AuthService,E102,Health check passed: {service}
97759,2026-01-16,16:24:23,INFO,AuthService,User u2414 login successful,E101,User {user} login successful
97760,2026-01-16,16:02:19,INFO,WebServer,Health check passed: WebServer,E102,Health check passed: {service}
97761,2026-01-16,16:49:57,INFO,OrderProcessor,User u2173 login successful,E101,User {user} login successful
97762,2026-01-16,16:52:22,ERROR,WebServer,Connection refused to WebServer at 10.0.0.45,E501,Connection refused to {service} at {ip}
97763,2026-01-16,16:58:22,ERROR,WebServer,Payment declined: Gateway unavailable,E503,Payment declined: Gateway unavailable
97764,2026-01-16,16:21:48,CRITICAL,PaymentGateway,KERNEL PANIC: Node node-3 crashed,E601,KERNEL PANIC: Node {node} crashed
97765,2026-01-16,16:53:10,ERROR,OrderProcessor,Payment declined: Gateway unavailable,E503,Payment declined: Gateway unavailable
97766,2026-01-16,16:46:42,ERROR,WebServer,Timeout waiting for lock on InventoryDB,E502,Timeout waiting for lock on {db}
97767,2026-01-16,16:28:02,WARN,OrderProcessor,Unauthorized access attempt from 10.0.0.12,E401,Unauthorized access attempt from {ip}
97768,2026-01-16,16:56:50,INFO,OrderProcessor,Page view: /home by u4368,E103,Page view: {page} by {user}
97769,2026-01-16,16:35:44,ERROR,WebServer,Payment declined: Gateway unavailable,E503,Payment declined: Gateway unavailable
97770,2026-01-16,16:50:03,INFO,WebServer,Page view: /home by u2034,E103,Page view: {page} by {user}
97771,2026-01-16,16:47:11,INFO,WebServer,Health check passed: WebServer,E102,Health check passed: {service}
97772,2026-01-16,16:46:17,WARN,WebServer,Disk usage > 85% on node node-1,E202,Disk usage > 85% on node {node}
97773,2026-01-16,16:00:32,WARN,WebServer,Disk usage > 85% on node node-4,E202,Disk usage > 85% on node {node}
97774,2026-01-16,16:28:11,INFO,OrderProcessor,User u2651 login successful,E101,User {user} login successful
97775,2026-01-16,16:58:32,ERROR,WebServer,Payment declined: Gateway unavailable,E503,Payment declined: Gateway unavailable
97776,2026-01-16,16:29:25,WARN,OrderProcessor,Unauthorized access attempt from 10.0.0.99,E401,Unauthorized access attempt from {ip}
97777,2026-01-16,16:10:25,INFO,OrderProcessor,Health check passed: OrderProcessor,E102,Health check passed: {service}
97778,2026-01-16,16:12:29,ERROR,WebServer,Connection refused to WebServer at 10.0.0.45,E501,Connection refused to {service} at {ip}
97779,2026-01-16,16:08:31,WARN,WebServer,Disk usage > 85% on node node-5,E202,Disk usage > 85% on node {node}
97780,2026-01-16,16:25:53,WARN,PaymentGateway,Disk usage > 85% on node node-3,E202,Disk usage > 85% on node {node}
97781,2026-01-16,16:12:47,INFO,PaymentGateway,Health check passed: PaymentGateway,E102,Health check passed: {service}
97782,2026-01-16,16:53:34,INFO,OrderProcessor,Health check passed: OrderProcessor,E102,Health check passed: {service}
97783,2026-01-16,16:04:11,WARN,PaymentGateway,High latency (479ms) detected on PaymentGateway,E201,High latency ({time}ms) detected on {service}
97784,2026-01-16,16:40:54,ERROR,AuthService,Payment declined: Gateway unavailable,E503,Payment declined: Gateway unavailable
97785,2026-01-16,16:09:35,ERROR,PaymentGateway,Payment declined: Gateway unavailable,E503,Payment declined: Gateway unavailable
97786,2026-01-16,16:35:45,ERROR,OrderProcessor,Timeout waiting for lock on InventoryDB,E502,Timeout waiting for lock on {db}
97787,2026-01-16,16:48:49,ERROR,AuthService,Connection refused to AuthService at 10.0.0.99,E501,Connection refused to {service} at {ip}
97788,2026-01-16,16:47:23,WARN,AuthService,Unauthorized access attempt from 10.0.0.45,E401,Unauthorized access attempt from {ip}
97789,2026-01-16,16:35:50,INFO,AuthService,Page view: /home by u2369,E103,Page view: {page} by {user}
97790,2026-01-16,16:06:02,INFO,AuthService,Health check passed: AuthService,E102,Health check passed: {service}
97791,2026-01-16,16:28:05,INFO,WebServer,Page view: /home by u4696,E103,Page view: {page} by {user}
97792,2026-01-16,16:52:05,INFO,PaymentGateway,Page view: /home by u4752,E103,Page view: {page} by {user}
97793,2026-01-16,16:42:12,ERROR,OrderProcessor,Payment declined: Gateway unavailable,E503,Payment declined: Gateway unavailable
97794,2026-01-16,16:42:39,ERROR,AuthService,Payment declined: Gateway unavailable,E503,Payment declined: Gateway unavailable
97795,2026-01-16,16:05:06,ERROR,PaymentGateway,Payment declined: Gateway unavailable,E503,Payment declined: Gateway unavailable
97796,2026-01-16,16:43:01,CRITICAL,AuthService,KERNEL PANIC: Node node-1 crashed,E601,KERNEL PANIC: Node {node} crashed
97797,2026-01-16,16:15:29,ERROR,AuthService,Connection refused to AuthService at 10.0.0.45,E501,Connection refused to {service} at {ip}
97798,2026-01-16,16:06:54,INFO,AuthService,Page view: /home by u3203,E103,Page view: {page} by {user}
97799,2026-01-16,16:39:36,WARN,AuthService,Unauthorized access attempt from 10.0.0.99,E401,Unauthorized access attempt from {ip}
97800,2026-01-16,16:48:38,ERROR,OrderProcessor,Connection refused to OrderProcessor at 10.0.0.45,E501,Connection refused to {service} at {ip}
97801,2026-01-16,16:08:35,ERROR,WebServer,Payment declined: Gateway unavailable,E503,Payment declined: Gateway unavailable
97802,2026-01-16,16:22:08,WARN,OrderProcessor,Disk usage > 85% on node node-2,E202,Disk usage > 85% on node {node}
97803,2026-01-16,16:38:35,ERROR,WebServer,Payment declined: Gateway unavailable,E503,Payment declined: Gateway unavailable
97804,2026-01-16,16:37:49,CRITICAL,PaymentGateway,DATA CORRUPTION detected in sector 129,E602,DATA CORRUPTION detected in sector {sector}
97805,2026-01-16,16:59:59,INFO,WebServer,Transaction tx310823 completed in 188ms,E104,Transaction {tx} completed in {time}ms
97806,2026-01-16,16:21:24,ERROR,WebServer,Payment declined: Gateway unavailable,E503,Payment declined: Gateway unavailable
97807,2026-01-16,16:01:18,WARN,OrderProcessor,High latency (1923ms) detected on OrderProcessor,E201,High latency ({time}ms) detected on {service}
97808,2026-01-16,16:57:15,WARN,WebServer,Disk usage > 85% on node node-2,E202,Disk usage > 85% on node {node}
97809,2026-01-16,16:11:16,ERROR,WebServer,Timeout waiting for lock on InventoryDB,E502,Timeout waiting for lock on {db}
97810,2026-01-16,16:27:48,ERROR,WebServer,Timeout waiting for lock on InventoryDB,E502,Timeout waiting for lock on {db}
97811,2026-01-16,16:52:13,WARN,InventoryDB,High latency (184ms) detected on InventoryDB,E201,High latency ({time}ms) detected on {service}
97812,2026-01-16,16:57:16,ERROR,WebServer,Connection refused to WebServer at 10.0.0.45,E501,Connection refused to {service} at {ip}
97813,2026-01-16,16:37:12,ERROR,WebServer,Payment declined: Gateway unavailable,E503,Payment declined: Gateway unavailable
97814,2026-01-16,16:02:27,INFO,OrderProcessor,Health check passed: OrderProcessor,E102,Health check passed: {service}
97815,2026-01-16,16:56:17,ERROR,WebServer,Payment declined: Gateway unavailable,E503,Payment declined: Gateway unavailable
97816,2026-01-16,16:12:34,INFO,PaymentGateway,Page view: /home by u4283,E103,Page view: {page} by {user}
97817,2026-01-16,16:18:56,ERROR,WebServer,Timeout waiting for lock on InventoryDB,E502,Timeout waiting for lock on {db}
97818,2026-01-16,16:55:20,WARN,OrderProcessor,High latency (1417ms) detected on OrderProcessor,E201,High latency ({time}ms) detected on {service}
97819,2026-01-16,16:37:41,ERROR,PaymentGateway,Timeout waiting for lock on InventoryDB,E502,Timeout waiting for lock on {db}
97820,2026-01-16,16:45:17,INFO,WebServer,Health check passed: WebServer,E102,Health check passed: {service}
97821,2026-01-16,16:00:24,ERROR,WebServer,Timeout waiting for lock on InventoryDB,E502,Timeout waiting for lock on {db}
97822,2026-01-16,16:50:53,ERROR,OrderProcessor,Payment declined: Gateway unavailable,E503,Payment declined: Gateway unavailable
97823,2026-01-16,16:54:37,ERROR,PaymentGateway,Payment declined: Gateway unavailable,E503,Payment declined: Gateway unavailable
97824,2026-01-16,16:44:39,INFO,OrderProcessor,User u4463 login successful,E101,User {user} login successful
97825,2026-01-16,16:55:24,WARN,AuthService,Disk usage > 85% on node node-3,E202,Disk usage > 85% on node {node}
97826,2026-01-16,16:40:11,ERROR,WebServer,Connection refused to WebServer at 10.0.0.45,E501,Connection refused to {service} at {ip}
97827,2026-01-16,16:32:33,ERROR,AuthService,Connection refused to AuthService at 10.0.0.45,E501,Connection refused to {service} at {ip}
97828,2026-01-16,16:26:00,CRITICAL,WebServer,KERNEL PANIC: Node node-3 crashed,E601,KERNEL PANIC: Node {node} crashed
97829,2026-01-16,16:27:23,INFO,OrderProcessor,Transaction tx568121 completed in 511ms,E104,Transaction {tx} completed in {time}ms
97830,2026-01-16,16:26:52,ERROR,WebServer,Payment declined: Gateway unavailable,E503,Payment declined: Gateway unavailable
97831,2026-01-16,16:16:29,INFO,OrderProcessor,Page view: /home by u1396,E103,Page view: {page} by {user}
97832,2026-01-16,16:24:05,WARN,WebServer,High latency (1719ms) detected on WebServer,E201,High latency ({time}ms) detected on {service}
97833,2026-01-16,16:29:18,ERROR,OrderProcessor,Payment declined: Gateway unavailable,E503,Payment declined: Gateway unavailable
97834,2026-01-16,16:25:10,INFO,AuthService,Transaction tx308482 completed in 211ms,E104,Transaction {tx} completed in {time}ms
97835,2026-01-16,16:06:23,INFO,WebServer,Page view: /home by u1282,E103,Page view: {page} by {user}
97836,2026-01-16,16:01:39,WARN,AuthService,High latency (433ms) detected on AuthService,E201,High latency ({time}ms) detected on {service}
97837,2026-01-16,16:26:54,ERROR,WebServer,Payment declined: Gateway unavailable,E503,Payment declined: Gateway unavailable
97838,2026-01-16,16:29:55,INFO,AuthService,User u3523 login successful,E101,User {user} login successful
97839,2026-01-16,16:23:39,INFO,WebServer,Health check passed: WebServer,E102,Health check passed: {service}
97840,2026-01-16,16:48:25,INFO,WebServer,Transaction tx708547 completed in 523ms,E104,Transaction {tx} completed in {time}ms
97841,2026-01-16,16:59:26,WARN,WebServer,Disk usage > 85% on node node-4,E202,Disk usage > 85% on node {node}
97842,2026-01-16,16:33:55,INFO,WebServer,User u1866 login successful,E101,User {user} login successful
97843,2026-01-16,16:44:52,ERROR,AuthService,Timeout waiting for lock on InventoryDB,E502,Timeout waiting for lock on {db}
97844,2026-01-16,16:40:12,ERROR,PaymentGateway,Payment declined: Gateway unavailable,E503,Payment declined: Gateway unavailable
97845,2026-01-16,16:41:18,ERROR,WebServer,Timeout waiting for lock on InventoryDB,E502,Timeout waiting for lock on {db}
97846,2026-01-16,16:12:01,ERROR,PaymentGateway,Timeout waiting for lock on InventoryDB,E502,Timeout waiting for lock on {db}
97847,2026-01-16,16:05:31,ERROR,OrderProcessor,Timeout waiting for lock on InventoryDB,E502,Timeout waiting for lock on {db}
97848,2026-01-16,16:05:28,WARN,WebServer,Unauthorized access attempt from 10.0.0.45,E401,Unauthorized access attempt from {ip}
97849,2026-01-16,16:27:48,INFO,WebServer,Transaction tx947700 completed in 1717ms,E104,Transaction {tx} completed in {time}ms
97850,2026-01-16,16:07:29,ERROR,WebServer,Connection refused to WebServer at 10.0.0.88,E501,Connection refused to {service} at {ip}
97851,2026-01-16,16:29:01,ERROR,OrderProcessor,Connection refused to OrderProcessor at 10.0.0.45,E501,Connection refused to {service} at {ip}
97852,2026-01-16,16:24:28,ERROR,OrderProcessor,Timeout waiting for lock on InventoryDB,E502,Timeout waiting for lock on {db}
97853,2026-01-16,16:27:51,ERROR,OrderProcessor,Timeout waiting for lock on InventoryDB,E502,Timeout waiting for lock on {db}
97854,2026-01-16,16:40:55,CRITICAL,WebServer,KERNEL PANIC: Node node-3 crashed,E601,KERNEL PANIC: Node {node} crashed
97855,2026-01-16,16:57:27,INFO,AuthService,Page view: /home by u3371,E103,Page view: {page} by {user}
97856,2026-01-16,16:16:22,WARN,OrderProcessor,Disk usage > 85% on node node-5,E202,Disk usage > 85% on node {node}
97857,2026-01-16,16:41:10,CRITICAL,AuthService,KERNEL PANIC: Node node-2 crashed,E601,KERNEL PANIC: Node {node} crashed
97858,2026-01-16,16:12:02,INFO,WebServer,Health check passed: WebServer,E102,Health check passed: {service}
97859,2026-01-16,16:34:36,INFO,WebServer,Transaction tx951615 completed in 1985ms,E104,Transaction {tx} completed in {time}ms
97860,2026-01-16,16:55:48,INFO,WebServer,User u2631 login successful,E101,User {user} login successful
97861,2026-01-16,16:07:49,ERROR,WebServer,Timeout waiting for lock on InventoryDB,E502,Timeout waiting for lock on {db}
97862,2026-01-16,16:19:39,INFO,AuthService,Health check passed: AuthService,E102,Health check passed: {service}
97863,2026-01-16,16:44:52,INFO,WebServer,User u2137 login successful,E101,User {user} login successful
97864,2026-01-16,16:19:01,INFO,WebServer,Page view: /home by u2153,E103,Page view: {page} by {user}
97865,2026-01-16,16:30:42,ERROR,OrderProcessor,Payment declined: Gateway unavailable,E503,Payment declined: Gateway unavailable
97866,2026-01-16,16:25:00,ERROR,AuthService,Connection refused to AuthService at 10.0.0.12,E501,Connection refused to {service} at {ip}
97867,2026-01-16,16:29:51,ERROR,PaymentGateway,Connection refused to PaymentGateway at 10.0.0.45,E501,Connection refused to {service} at {ip}
97868,2026-01-16,16:37:26,INFO,WebServer,Page view: /home by u3032,E103,Page view: {page} by {user}
97869,2026-01-16,16:44:41,INFO,PaymentGateway,Transaction tx174513 completed in 1559ms,E104,Transaction {tx} completed in {time}ms
97870,2026-01-16,16:39:24,ERROR,WebServer,Timeout waiting for lock on InventoryDB,E502,Timeout waiting for lock on {db}
97871,2026-01-16,16:43:10,ERROR,PaymentGateway,Timeout waiting for lock on InventoryDB,E502,Timeout waiting for lock on {db}
97872,2026-01-16,16:39:54,INFO,AuthService,User u4476 login successful,E101,User {user} login successful
97873,2026-01-16,16:46:16,WARN,WebServer,High latency (1001ms) detected on WebServer,E201,High latency ({time}ms) detected on {service}
97874,2026-01-16,16:44:04,ERROR,OrderProcessor,Timeout waiting for lock on InventoryDB,E502,Timeout waiting for lock on {db}
97875,2026-01-16,16:24:13,INFO,AuthService,Page view: /home by u2322,E103,Page view: {page} by {user}
97876,2026-01-16,16:12:43,CRITICAL,WebServer,KERNEL PANIC: Node node-5 crashed,E601,KERNEL PANIC: Node {node} crashed
97877,2026-01-16,16:59:37,ERROR,WebServer,Payment declined: Gateway unavailable,E503,Payment declined: Gateway unavailable
97878,2026-01-16,16:29:17,WARN,WebServer,Disk usage > 85% on node node-3,E202,Disk usage > 85% on node {node}
97879,2026-01-16,16:26:25,INFO,InventoryDB,Page view: /home by u4134,E103,Page view: {page} by {user}
97880,2026-01-16,16:44:37,INFO,WebServer,Page view: /home by u4204,E103,Page view: {page} by {user}
97881,2026-01-16,16:09:06,WARN,WebServer,High latency (1330ms) detected on WebServer,E201,High latency ({time}ms) detected on {service}
97882,2026-01-16,16:17:58,ERROR,WebServer,Timeout waiting for lock on InventoryDB,E502,Timeout waiting for lock on {db}
97883,2026-01-16,16:29:55,ERROR,AuthService,Timeout waiting for lock on InventoryDB,E502,Timeout waiting for lock on {db}
97884,2026-01-16,16:36:11,ERROR,AuthService,Payment declined: Gateway unavailable,E503,Payment declined: Gateway unavailable
97885,2026-01-16,16:03:57,INFO,WebServer,Page view: /home by u1947,E103,Page view: {page} by {user}
97886,2026-01-16,16:55:47,INFO,WebServer,Health check passed: WebServer,E102,Health check passed: {service}
97887,2026-01-16,16:00:23,ERROR,AuthService,Connection refused to AuthService at 10.0.0.45,E501,Connection refused to {service} at {ip}
97888,2026-01-16,16:14:15,WARN,PaymentGateway,High latency (1561ms) detected on PaymentGateway,E201,High latency ({time}ms) detected on {service}
97889,2026-01-16,16:27:00,ERROR,OrderProcessor,Timeout waiting for lock on InventoryDB,E502,Timeout waiting for lock on {db}
97890,2026-01-16,16:59:18,ERROR,OrderProcessor,Connection refused to OrderProcessor at 10.0.0.45,E501,Connection refused to {service} at {ip}
97891,2026-01-16,16:45:18,INFO,AuthService,Health check passed: AuthService,E102,Health check passed: {service}
97892,2026-01-16,16:52:24,CRITICAL,AuthService,KERNEL PANIC: Node node-2 crashed,E601,KERNEL PANIC: Node {node} crashed
97893,2026-01-16,16:22:52,WARN,OrderProcessor,High latency (1369ms) detected on OrderProcessor,E201,High latency ({time}ms) detected on {service}
97894,2026-01-16,16:51:49,INFO,WebServer,User u2861 login successful,E101,User {user} login successful
97895,2026-01-16,16:38:08,WARN,AuthService,High latency (350ms) detected on AuthService,E201,High latency ({time}ms) detected on {service}
97896,2026-01-16,16:31:19,ERROR,WebServer,Connection refused to WebServer at 10.0.0.45,E501,Connection refused to {service} at {ip}
97897,2026-01-16,16:48:06,INFO,WebServer,User u1817 login successful,E101,User {user} login successful
97898,2026-01-16,16:14:28,WARN,PaymentGateway,Disk usage > 85% on node node-2,E202,Disk usage > 85% on node {node}
97899,2026-01-16,16:02:44,ERROR,AuthService,Timeout waiting for lock on InventoryDB,E502,Timeout waiting for lock on {db}
97900,2026-01-16,16:51:10,ERROR,OrderProcessor,Connection refused to OrderProcessor at 10.0.0.12,E501,Connection refused to {service} at {ip}
97901,2026-01-16,16:11:00,WARN,WebServer,Disk usage > 85% on node node-2,E202,Disk usage > 85% on node {node}
97902,2026-01-16,16:43:06,WARN,OrderProcessor,High latency (664ms) detected on OrderProcessor,E201,High latency ({time}ms) detected on {service}
97903,2026-01-16,16:06:48,CRITICAL,AuthService,DATA CORRUPTION detected in sector 827,E602,DATA CORRUPTION detected in sector {sector}
97904,2026-01-16,16:38:15,ERROR,WebServer,Connection refused to WebServer at 192.168.1.5,E501,Connection refused to {service} at {ip}
97905,2026-01-16,16:08:49,CRITICAL,PaymentGateway,KERNEL PANIC: Node node-3 crashed,E601,KERNEL PANIC: Node {node} crashed
97906,2026-01-16,16:58:55,ERROR,PaymentGateway,Connection refused to PaymentGateway at 10.0.0.99,E501,Connection refused to {service} at {ip}
97907,2026-01-16,16:03:42,WARN,WebServer,Disk usage > 85% on node node-2,E202,Disk usage > 85% on node {node}
97908,2026-01-16,16:51:50,INFO,WebServer,Page view: /home by u4896,E103,Page view: {page} by {user}
97909,2026-01-16,16:30:14,CRITICAL,WebServer,DATA CORRUPTION detected in sector 194,E602,DATA CORRUPTION detected in sector {sector}
97910,2026-01-16,16:55:10,WARN,OrderProcessor,High latency (87ms) detected on OrderProcessor,E201,High latency ({time}ms) detected on {service}
97911,2026-01-16,16:36:30,WARN,WebServer,Disk usage > 85% on node node-1,E202,Disk usage > 85% on node {node}
97912,2026-01-16,16:28:45,ERROR,WebServer,Timeout waiting for lock on InventoryDB,E502,Timeout waiting for lock on {db}
97913,2026-01-16,16:00:22,ERROR,AuthService,Payment declined: Gateway unavailable,E503,Payment declined: Gateway unavailable
97914,2026-01-16,16:43:28,CRITICAL,WebServer,DATA CORRUPTION detected in sector 602,E602,DATA CORRUPTION detected in sector {sector}
97915,2026-01-16,16:29:16,ERROR,AuthService,Payment declined: Gateway unavailable,E503,Payment declined: Gateway unavailable
97916,2026-01-16,16:34:29,ERROR,AuthService,Payment declined: Gateway unavailable,E503,Payment declined: Gateway unavailable
97917,2026-01-16,16:09:10,CRITICAL,WebServer,DATA CORRUPTION detected in sector 307,E602,DATA CORRUPTION detected in sector {sector}
97918,2026-01-16,16:10:19,ERROR,WebServer,Timeout waiting for lock on InventoryDB,E502,Timeout waiting for lock on {db}
97919,2026-01-16,16:27:49,INFO,OrderProcessor,Page view: /home by u1104,E103,Page view: {page} by {user}
97920,2026-01-16,16:05:01,INFO,AuthService,User u3160 login successful,E101,User {user} login successful
97921,2026-01-16,16:01:19,INFO,WebServer,Health check passed: WebServer,E102,Health check passed: {service}
97922,2026-01-16,16:51:35,INFO,AuthService,User u1473 login successful,E101,User {user} login successful
97923,2026-01-16,16:07:55,INFO,PaymentGateway,User u4965 login successful,E101,User {user} login successful
97924,2026-01-16,16:42:32,WARN,InventoryDB,Disk usage > 85% on node node-2,E202,Disk usage > 85% on node {node}
97925,2026-01-16,16:19:27,INFO,OrderProcessor,Page view: /home by u3394,E103,Page view: {page} by {user}
97926,2026-01-16,16:30:37,INFO,WebServer,Transaction tx103962 completed in 627ms,E104,Transaction {tx} completed in {time}ms
97927,2026-01-16,16:32:16,WARN,AuthService,High latency (1681ms) detected on AuthService,E201,High latency ({time}ms) detected on {service}
97928,2026-01-16,16:55:09,INFO,WebServer,User u2207 login successful,E101,User {user} login successful
97929,2026-01-16,16:42:56,WARN,WebServer,Unauthorized access attempt from 10.0.0.45,E401,Unauthorized access attempt from {ip}
97930,2026-01-16,16:30:11,ERROR,OrderProcessor,Timeout waiting for lock on InventoryDB,E502,Timeout waiting for lock on {db}
97931,2026-01-16,16:23:28,INFO,WebServer,Health check passed: WebServer,E102,Health check passed: {service}
97932,2026-01-16,16:42:05,INFO,WebServer,User u1442 login successful,E101,User {user} login successful
97933,2026-01-16,16:55:37,ERROR,OrderProcessor,Connection refused to OrderProcessor at 10.0.0.45,E501,Connection refused to {service} at {ip}
97934,2026-01-16,16:16:54,ERROR,OrderProcessor,Connection refused to OrderProcessor at 10.0.0.45,E501,Connection refused to {service} at {ip}
97935,2026-01-16,16:40:19,ERROR,WebServer,Timeout waiting for lock on InventoryDB,E502,Timeout waiting for lock on {db}
97936,2026-01-16,16:42:35,INFO,WebServer,Page view: /home by u4520,E103,Page view: {page} by {user}
97937,2026-01-16,16:45:49,ERROR,PaymentGateway,Connection refused to PaymentGateway at 10.0.0.45,E501,Connection refused to {service} at {ip}
97938,2026-01-16,16:42:30,INFO,WebServer,Page view: /home by u4315,E103,Page view: {page} by {user}
97939,2026-01-16,16:12:13,WARN,WebServer,Disk usage > 85% on node node-3,E202,Disk usage > 85% on node {node}
97940,2026-01-16,16:41:13,CRITICAL,WebServer,KERNEL PANIC: Node node-2 crashed,E601,KERNEL PANIC: Node {node} crashed
97941,2026-01-16,16:08:35,WARN,AuthService,Unauthorized access attempt from 10.0.0.88,E401,Unauthorized access attempt from {ip}
97942,2026-01-16,16:10:24,WARN,AuthService,Unauthorized access attempt from 10.0.0.45,E401,Unauthorized access attempt from {ip}
97943,2026-01-16,16:28:26,INFO,WebServer,User u3933 login successful,E101,User {user} login successful
97944,2026-01-16,16:10:20,ERROR,AuthService,Payment declined: Gateway unavailable,E503,Payment declined: Gateway unavailable
97945,2026-01-16,16:45:22,INFO,WebServer,User u4171 login successful,E101,User {user} login successful
97946,2026-01-16,16:32:15,ERROR,OrderProcessor,Payment declined: Gateway unavailable,E503,Payment declined: Gateway unavailable
97947,2026-01-16,16:28:58,INFO,AuthService,User u4751 login successful,E101,User {user} login successful
97948,2026-01-16,16:23:15,ERROR,InventoryDB,Timeout waiting for lock on InventoryDB,E502,Timeout waiting for lock on {db}
97949,2026-01-16,16:26:16,ERROR,AuthService,Connection refused to AuthService at 10.0.0.10,E501,Connection refused to {service} at {ip}
97950,2026-01-16,16:42:46,ERROR,WebServer,Timeout waiting for lock on InventoryDB,E502,Timeout waiting for lock on {db}
97951,2026-01-16,16:54:04,ERROR,AuthService,Connection refused to AuthService at 192.168.1.5,E501,Connection refused to {service} at {ip}
97952,2026-01-16,16:48:44,ERROR,WebServer,Timeout waiting for lock on InventoryDB,E502,Timeout waiting for lock on {db}
97953,2026-01-16,16:02:25,INFO,WebServer,User u4513 login successful,E101,User {user} login successful
97954,2026-01-16,16:44:20,ERROR,WebServer,Timeout waiting for lock on InventoryDB,E502,Timeout waiting for lock on {db}
97955,2026-01-16,16:30:00,WARN,PaymentGateway,Disk usage > 85% on node node-5,E202,Disk usage > 85% on node {node}
97956,2026-01-16,16:44:34,ERROR,PaymentGateway,Timeout waiting for lock on InventoryDB,E502,Timeout waiting for lock on {db}
97957,2026-01-16,16:50:53,ERROR,WebServer,Connection refused to WebServer at 10.0.0.88,E501,Connection refused to {service} at {ip}
97958,2026-01-16,16:09:05,INFO,WebServer,User u2801 login successful,E101,User {user} login successful
97959,2026-01-16,16:44:28,INFO,WebServer,Transaction tx183911 completed in 650ms,E104,Transaction {tx} completed in {time}ms
97960,2026-01-16,16:31:18,INFO,PaymentGateway,User u1929 login successful,E101,User {user} login successful
97961,2026-01-16,16:53:07,ERROR,OrderProcessor,Connection refused to OrderProcessor at 10.0.0.45,E501,Connection refused to {service} at {ip}
97962,2026-01-16,16:13:01,INFO,WebServer,Transaction tx312465 completed in 1731ms,E104,Transaction {tx} completed in {time}ms
97963,2026-01-16,16:38:17,INFO,PaymentGateway,Page view: /home by u4687,E103,Page view: {page} by {user}
97964,2026-01-16,16:35:07,INFO,WebServer,Transaction tx570509 completed in 676ms,E104,Transaction {tx} completed in {time}ms
97965,2026-01-16,16:51:39,ERROR,OrderProcessor,Payment declined: Gateway unavailable,E503,Payment declined: Gateway unavailable
97966,2026-01-16,16:23:09,WARN,WebServer,High latency (1400ms) detected on WebServer,E201,High latency ({time}ms) detected on {service}
97967,2026-01-16,16:59:23,INFO,InventoryDB,Transaction tx137477 completed in 1843ms,E104,Transaction {tx} completed in {time}ms
97968,2026-01-16,16:10:17,INFO,WebServer,Health check passed: WebServer,E102,Health check passed: {service}
97969,2026-01-16,16:22:14,ERROR,OrderProcessor,Connection refused to OrderProcessor at 10.0.0.45,E501,Connection refused to {service} at {ip}
97970,2026-01-16,16:28:10,INFO,WebServer,Page view: /home by u1767,E103,Page view: {page} by {user}
97971,2026-01-16,16:04:16,INFO,AuthService,User u2535 login successful,E101,User {user} login successful
97972,2026-01-16,16:46:30,ERROR,WebServer,Payment declined: Gateway unavailable,E503,Payment declined: Gateway unavailable
97973,2026-01-16,16:19:30,CRITICAL,PaymentGateway,DATA CORRUPTION detected in sector 214,E602,DATA CORRUPTION detected in sector {sector}
97974,2026-01-16,16:39:15,WARN,AuthService,Disk usage > 85% on node node-4,E202,Disk usage > 85% on node {node}
97975,2026-01-16,16:25:06,CRITICAL,OrderProcessor,KERNEL PANIC: Node node-3 crashed,E601,KERNEL PANIC: Node {node} crashed
97976,2026-01-16,16:23:49,ERROR,WebServer,Payment declined: Gateway unavailable,E503,Payment declined: Gateway unavailable
97977,2026-01-16,16:26:48,CRITICAL,WebServer,KERNEL PANIC: Node node-3 crashed,E601,KERNEL PANIC: Node {node} crashed
97978,2026-01-16,16:20:44,WARN,AuthService,Unauthorized access attempt from 10.0.0.45,E401,Unauthorized access attempt from {ip}
97979,2026-01-16,16:31:23,WARN,WebServer,High latency (338ms) detected on WebServer,E201,High latency ({time}ms) detected on {service}
97980,2026-01-16,16:20:17,CRITICAL,OrderProcessor,KERNEL PANIC: Node node-2 crashed,E601,KERNEL PANIC: Node {node} crashed
97981,2026-01-16,16:49:32,ERROR,WebServer,Payment declined: Gateway unavailable,E503,Payment declined: Gateway unavailable
97982,2026-01-16,16:35:47,ERROR,WebServer,Payment declined: Gateway unavailable,E503,Payment declined: Gateway unavailable
97983,2026-01-16,16:24:12,INFO,PaymentGateway,Health check passed: PaymentGateway,E102,Health check passed: {service}
97984,2026-01-16,16:38:42,INFO,PaymentGateway,Page view: /home by u1222,E103,Page view: {page} by {user}
97985,2026-01-16,16:43:21,INFO,AuthService,Health check passed: AuthService,E102,Health check passed: {service}
97986,2026-01-16,16:45:54,ERROR,WebServer,Payment declined: Gateway unavailable,E503,Payment declined: Gateway unavailable
97987,2026-01-16,16:31:28,ERROR,WebServer,Payment declined: Gateway unavailable,E503,Payment declined: Gateway unavailable
97988,2026-01-16,16:09:07,ERROR,WebServer,Payment declined: Gateway unavailable,E503,Payment declined: Gateway unavailable
97989,2026-01-16,16:14:43,ERROR,AuthService,Payment declined: Gateway unavailable,E503,Payment declined: Gateway unavailable
97990,2026-01-16,16:41:34,ERROR,OrderProcessor,Connection refused to OrderProcessor at 10.0.0.12,E501,Connection refused to {service} at {ip}
97991,2026-01-16,16:12:25,ERROR,OrderProcessor,Connection refused to OrderProcessor at 10.0.0.45,E501,Connection refused to {service} at {ip}
97992,2026-01-16,16:44:56,ERROR,OrderProcessor,Timeout waiting for lock on InventoryDB,E502,Timeout waiting for lock on {db}
97993,2026-01-16,16:58:07,INFO,AuthService,Transaction tx321966 completed in 1278ms,E104,Transaction {tx} completed in {time}ms
97994,2026-01-16,16:12:23,ERROR,OrderProcessor,Payment declined: Gateway unavailable,E503,Payment declined: Gateway unavailable
97995,2026-01-16,16:52:59,INFO,OrderProcessor,User u3917 login successful,E101,User {user} login successful
97996,2026-01-16,16:05:45,WARN,OrderProcessor,Unauthorized access attempt from 10.0.0.45,E401,Unauthorized access attempt from {ip}
97997,2026-01-16,16:35:44,ERROR,WebServer,Timeout waiting for lock on InventoryDB,E502,Timeout waiting for lock on {db}
97998,2026-01-16,16:02:28,CRITICAL,WebServer,DATA CORRUPTION detected in sector 918,E602,DATA CORRUPTION detected in sector {sector}
97999,2026-01-16,16:26:25,INFO,OrderProcessor,Health check passed: OrderProcessor,E102,Health check passed: {service}
98000,2026-01-16,16:07:05,CRITICAL,OrderProcessor,KERNEL PANIC: Node node-5 crashed,E601,KERNEL PANIC: Node {node} crashed
98001,2026-01-16,16:43:09,CRITICAL,WebServer,DATA CORRUPTION detected in sector 845,E602,DATA CORRUPTION detected in sector {sector}
98002,2026-01-16,16:43:14,WARN,WebServer,High latency (116ms) detected on WebServer,E201,High latency ({time}ms) detected on {service}
98003,2026-01-16,16:50:49,CRITICAL,WebServer,DATA CORRUPTION detected in sector 306,E602,DATA CORRUPTION detected in sector {sector}
98004,2026-01-16,16:19:01,ERROR,OrderProcessor,Timeout waiting for lock on InventoryDB,E502,Timeout waiting for lock on {db}
98005,2026-01-16,16:16:46,INFO,WebServer,Page view: /home by u2689,E103,Page view: {page} by {user}
98006,2026-01-16,16:55:41,WARN,WebServer,Unauthorized access attempt from 10.0.0.45,E401,Unauthorized access attempt from {ip}
98007,2026-01-16,16:15:38,ERROR,WebServer,Payment declined: Gateway unavailable,E503,Payment declined: Gateway unavailable
98008,2026-01-16,16:12:46,INFO,OrderProcessor,Page view: /home by u3797,E103,Page view: {page} by {user}
98009,2026-01-16,16:14:35,WARN,PaymentGateway,Unauthorized access attempt from 10.0.0.12,E401,Unauthorized access attempt from {ip}
98010,2026-01-16,16:42:54,ERROR,InventoryDB,Payment declined: Gateway unavailable,E503,Payment declined: Gateway unavailable
98011,2026-01-16,16:30:04,INFO,AuthService,Page view: /home by u4736,E103,Page view: {page} by {user}
98012,2026-01-16,16:10:50,ERROR,OrderProcessor,Connection refused to OrderProcessor at 10.0.0.12,E501,Connection refused to {service} at {ip}
98013,2026-01-16,16:15:12,WARN,WebServer,Disk usage > 85% on node node-2,E202,Disk usage > 85% on node {node}
98014,2026-01-16,16:34:29,INFO,WebServer,Page view: /home by u2989,E103,Page view: {page} by {user}
98015,2026-01-16,16:41:18,ERROR,WebServer,Payment declined: Gateway unavailable,E503,Payment declined: Gateway unavailable
98016,2026-01-16,16:54:57,WARN,AuthService,Unauthorized access attempt from 192.168.1.5,E401,Unauthorized access attempt from {ip}
98017,2026-01-16,16:17:08,INFO,AuthService,Page view: /home by u3671,E103,Page view: {page} by {user}
98018,2026-01-16,16:33:46,INFO,WebServer,Health check passed: WebServer,E102,Health check passed: {service}
98019,2026-01-16,16:28:09,CRITICAL,AuthService,DATA CORRUPTION detected in sector 419,E602,DATA CORRUPTION detected in sector {sector}
98020,2026-01-16,16:01:59,ERROR,AuthService,Timeout waiting for lock on InventoryDB,E502,Timeout waiting for lock on {db}
98021,2026-01-16,16:31:27,CRITICAL,AuthService,DATA CORRUPTION detected in sector 571,E602,DATA CORRUPTION detected in sector {sector}
98022,2026-01-16,16:49:36,CRITICAL,WebServer,KERNEL PANIC: Node node-1 crashed,E601,KERNEL PANIC: Node {node} crashed
98023,2026-01-16,16:59:15,WARN,WebServer,High latency (732ms) detected on WebServer,E201,High latency ({time}ms) detected on {service}
98024,2026-01-16,16:55:38,INFO,AuthService,Transaction tx360233 completed in 1655ms,E104,Transaction {tx} completed in {time}ms
98025,2026-01-16,16:03:57,INFO,WebServer,Page view: /home by u3968,E103,Page view: {page} by {user}
98026,2026-01-16,16:53:47,ERROR,WebServer,Timeout waiting for lock on InventoryDB,E502,Timeout waiting for lock on {db}
98027,2026-01-16,16:23:26,INFO,AuthService,User u1334 login successful,E101,User {user} login successful
98028,2026-01-16,16:24:06,INFO,WebServer,Transaction tx842188 completed in 632ms,E104,Transaction {tx} completed in {time}ms
98029,2026-01-16,16:44:16,INFO,WebServer,User u4697 login successful,E101,User {user} login successful
98030,2026-01-16,16:45:23,INFO,WebServer,Health check passed: WebServer,E102,Health check passed: {service}
98031,2026-01-16,16:30:57,INFO,WebServer,User u1082 login successful,E101,User {user} login successful
98032,2026-01-16,16:44:47,WARN,WebServer,Unauthorized access attempt from 10.0.0.45,E401,Unauthorized access attempt from {ip}
98033,2026-01-16,16:58:23,INFO,WebServer,Transaction tx735844 completed in 1584ms,E104,Transaction {tx} completed in {time}ms
98034,2026-01-16,16:31:44,INFO,WebServer,User u4077 login successful,E101,User {user} login successful
98035,2026-01-16,16:52:25,ERROR,PaymentGateway,Connection refused to PaymentGateway at 10.0.0.45,E501,Connection refused to {service} at {ip}
98036,2026-01-16,16:45:43,CRITICAL,WebServer,DATA CORRUPTION detected in sector 691,E602,DATA CORRUPTION detected in sector {sector}
98037,2026-01-16,16:33:34,INFO,InventoryDB,Transaction tx380420 completed in 544ms,E104,Transaction {tx} completed in {time}ms
98038,2026-01-16,16:21:54,ERROR,AuthService,Payment declined: Gateway unavailable,E503,Payment declined: Gateway unavailable
98039,2026-01-16,16:30:22,WARN,PaymentGateway,High latency (1656ms) detected on PaymentGateway,E201,High latency ({time}ms) detected on {service}
98040,2026-01-16,16:02:00,ERROR,WebServer,Timeout waiting for lock on InventoryDB,E502,Timeout waiting for lock on {db}
98041,2026-01-16,16:34:09,ERROR,WebServer,Timeout waiting for lock on InventoryDB,E502,Timeout waiting for lock on {db}
98042,2026-01-16,16:49:03,ERROR,OrderProcessor,Timeout waiting for lock on InventoryDB,E502,Timeout waiting for lock on {db}
98043,2026-01-16,16:11:51,WARN,WebServer,Disk usage > 85% on node node-3,E202,Disk usage > 85% on node {node}
98044,2026-01-16,16:16:30,INFO,WebServer,Transaction tx132364 completed in 1465ms,E104,Transaction {tx} completed in {time}ms
98045,2026-01-16,16:10:26,INFO,PaymentGateway,Transaction tx293748 completed in 1411ms,E104,Transaction {tx} completed in {time}ms
98046,2026-01-16,16:58:51,INFO,AuthService,Transaction tx158229 completed in 584ms,E104,Transaction {tx} completed in {time}ms
98047,2026-01-16,16:54:50,INFO,WebServer,User u2761 login successful,E101,User {user} login successful
98048,2026-01-16,16:58:02,ERROR,AuthService,Timeout waiting for lock on InventoryDB,E502,Timeout waiting for lock on {db}
98049,2026-01-16,16:13:44,WARN,WebServer,Disk usage > 85% on node node-1,E202,Disk usage > 85% on node {node}
98050,2026-01-16,16:27:03,WARN,WebServer,High latency (1427ms) detected on WebServer,E201,High latency ({time}ms) detected on {service}
98051,2026-01-16,16:42:54,ERROR,OrderProcessor,Connection refused to OrderProcessor at 10.0.0.10,E501,Connection refused to {service} at {ip}
98052,2026-01-16,16:20:48,WARN,AuthService,High latency (1540ms) detected on AuthService,E201,High latency ({time}ms) detected on {service}
98053,2026-01-16,16:06:12,INFO,InventoryDB,Health check passed: InventoryDB,E102,Health check passed: {service}
98054,2026-01-16,16:47:07,ERROR,OrderProcessor,Connection refused to OrderProcessor at 10.0.0.45,E501,Connection refused to {service} at {ip}
98055,2026-01-16,16:02:38,ERROR,PaymentGateway,Timeout waiting for lock on InventoryDB,E502,Timeout waiting for lock on {db}
98056,2026-01-16,16:39:56,INFO,WebServer,User u1834 login successful,E101,User {user} login successful
98057,2026-01-16,16:46:10,WARN,PaymentGateway,Unauthorized access attempt from 10.0.0.12,E401,Unauthorized access attempt from {ip}
98058,2026-01-16,16:09:18,ERROR,WebServer,Payment declined: Gateway unavailable,E503,Payment declined: Gateway unavailable
98059,2026-01-16,16:12:44,ERROR,OrderProcessor,Payment declined: Gateway unavailable,E503,Payment declined: Gateway unavailable
98060,2026-01-16,16:36:05,INFO,OrderProcessor,Health check passed: OrderProcessor,E102,Health check passed: {service}
98061,2026-01-16,16:31:04,ERROR,WebServer,Payment declined: Gateway unavailable,E503,Payment declined: Gateway unavailable
98062,2026-01-16,16:53:21,ERROR,AuthService,Timeout waiting for lock on InventoryDB,E502,Timeout waiting for lock on {db}
98063,2026-01-16,16:35:05,ERROR,InventoryDB,Timeout waiting for lock on InventoryDB,E502,Timeout waiting for lock on {db}
98064,2026-01-16,16:29:46,INFO,PaymentGateway,Health check passed: PaymentGateway,E102,Health check passed: {service}
98065,2026-01-16,16:09:32,INFO,OrderProcessor,User u1581 login successful,E101,User {user} login successful
98066,2026-01-16,16:25:14,ERROR,WebServer,Payment declined: Gateway unavailable,E503,Payment declined: Gateway unavailable
98067,2026-01-16,16:21:22,ERROR,WebServer,Payment declined: Gateway unavailable,E503,Payment declined: Gateway unavailable
98068,2026-01-16,16:29:48,ERROR,WebServer,Payment declined: Gateway unavailable,E503,Payment declined: Gateway unavailable
98069,2026-01-16,16:13:12,WARN,WebServer,High latency (927ms) detected on WebServer,E201,High latency ({time}ms) detected on {service}
98070,2026-01-16,16:19:24,WARN,OrderProcessor,High latency (493ms) detected on OrderProcessor,E201,High latency ({time}ms) detected on {service}
98071,2026-01-16,16:05:38,ERROR,OrderProcessor,Connection refused to OrderProcessor at 10.0.0.45,E501,Connection refused to {service} at {ip}
98072,2026-01-16,16:49:26,INFO,AuthService,Page view: /home by u4565,E103,Page view: {page} by {user}
98073,2026-01-16,16:33:12,INFO,WebServer,Transaction tx472376 completed in 1730ms,E104,Transaction {tx} completed in {time}ms
98074,2026-01-16,16:35:35,WARN,WebServer,Disk usage > 85% on node node-2,E202,Disk usage > 85% on node {node}
98075,2026-01-16,16:58:35,INFO,WebServer,Transaction tx728178 completed in 1269ms,E104,Transaction {tx} completed in {time}ms
98076,2026-01-16,16:52:30,INFO,WebServer,User u1781 login successful,E101,User {user} login successful
98077,2026-01-16,16:58:57,WARN,WebServer,High latency (1680ms) detected on WebServer,E201,High latency ({time}ms) detected on {service}
98078,2026-01-16,16:01:13,ERROR,PaymentGateway,Connection refused to PaymentGateway at 10.0.0.99,E501,Connection refused to {service} at {ip}
98079,2026-01-16,16:22:13,INFO,WebServer,Health check passed: WebServer,E102,Health check passed: {service}
98080,2026-01-16,16:24:44,CRITICAL,WebServer,KERNEL PANIC: Node node-4 crashed,E601,KERNEL PANIC: Node {node} crashed
98081,2026-01-16,16:28:07,WARN,AuthService,High latency (389ms) detected on AuthService,E201,High latency ({time}ms) detected on {service}
98082,2026-01-16,16:14:47,ERROR,WebServer,Connection refused to WebServer at 10.0.0.45,E501,Connection refused to {service} at {ip}
98083,2026-01-16,16:29:17,INFO,PaymentGateway,User u2878 login successful,E101,User {user} login successful
98084,2026-01-16,16:51:24,INFO,OrderProcessor,Transaction tx180567 completed in 1367ms,E104,Transaction {tx} completed in {time}ms
98085,2026-01-16,16:51:15,ERROR,WebServer,Connection refused to WebServer at 10.0.0.45,E501,Connection refused to {service} at {ip}
98086,2026-01-16,16:51:14,WARN,WebServer,Unauthorized access attempt from 10.0.0.45,E401,Unauthorized access attempt from {ip}
98087,2026-01-16,16:41:32,WARN,OrderProcessor,Disk usage > 85% on node node-1,E202,Disk usage > 85% on node {node}
98088,2026-01-16,16:35:24,WARN,WebServer,Disk usage > 85% on node node-1,E202,Disk usage > 85% on node {node}
98089,2026-01-16,16:42:52,ERROR,OrderProcessor,Payment declined: Gateway unavailable,E503,Payment declined: Gateway unavailable
98090,2026-01-16,16:10:33,ERROR,OrderProcessor,Connection refused to OrderProcessor at 10.0.0.45,E501,Connection refused to {service} at {ip}
98091,2026-01-16,16:27:15,INFO,WebServer,User u1514 login successful,E101,User {user} login successful
98092,2026-01-16,16:00:17,INFO,WebServer,Transaction tx868088 completed in 664ms,E104,Transaction {tx} completed in {time}ms
98093,2026-01-16,16:02:58,WARN,WebServer,Unauthorized access attempt from 10.0.0.45,E401,Unauthorized access attempt from {ip}
98094,2026-01-16,16:51:15,ERROR,AuthService,Connection refused to AuthService at 192.168.1.5,E501,Connection refused to {service} at {ip}
98095,2026-01-16,16:13:16,INFO,InventoryDB,User u1105 login successful,E101,User {user} login successful
98096,2026-01-16,16:10:10,WARN,WebServer,Disk usage > 85% on node node-3,E202,Disk usage > 85% on node {node}
98097,2026-01-16,16:55:54,INFO,OrderProcessor,Page view: /home by u2408,E103,Page view: {page} by {user}
98098,2026-01-16,16:21:33,ERROR,WebServer,Timeout waiting for lock on InventoryDB,E502,Timeout waiting for lock on {db}
98099,2026-01-16,16:14:58,ERROR,WebServer,Timeout waiting for lock on InventoryDB,E502,Timeout waiting for lock on {db}
98100,2026-01-16,16:40:16,ERROR,PaymentGateway,Connection refused to PaymentGateway at 10.0.0.45,E501,Connection refused to {service} at {ip}
98101,2026-01-16,16:45:46,CRITICAL,WebServer,DATA CORRUPTION detected in sector 585,E602,DATA CORRUPTION detected in sector {sector}
98102,2026-01-16,16:32:39,INFO,InventoryDB,Page view: /home by u3000,E103,Page view: {page} by {user}
98103,2026-01-16,16:21:09,INFO,WebServer,User u1691 login successful,E101,User {user} login successful
98104,2026-01-16,16:01:07,INFO,WebServer,Page view: /home by u1337,E103,Page view: {page} by {user}
98105,2026-01-16,16:18:31,ERROR,WebServer,Payment declined: Gateway unavailable,E503,Payment declined: Gateway unavailable
98106,2026-01-16,16:54:35,CRITICAL,WebServer,KERNEL PANIC: Node node-4 crashed,E601,KERNEL PANIC: Node {node} crashed
98107,2026-01-16,16:04:33,ERROR,WebServer,Connection refused to WebServer at 10.0.0.45,E501,Connection refused to {service} at {ip}
98108,2026-01-16,16:22:05,WARN,AuthService,Unauthorized access attempt from 10.0.0.12,E401,Unauthorized access attempt from {ip}
98109,2026-01-16,16:28:50,INFO,WebServer,Health check passed: WebServer,E102,Health check passed: {service}
98110,2026-01-16,16:21:14,ERROR,WebServer,Connection refused to WebServer at 10.0.0.45,E501,Connection refused to {service} at {ip}
98111,2026-01-16,16:55:50,INFO,AuthService,Page view: /home by u4290,E103,Page view: {page} by {user}
98112,2026-01-16,16:07:10,INFO,WebServer,User u3634 login successful,E101,User {user} login successful
98113,2026-01-16,16:38:29,ERROR,WebServer,Payment declined: Gateway unavailable,E503,Payment declined: Gateway unavailable
98114,2026-01-16,16:31:00,ERROR,WebServer,Timeout waiting for lock on InventoryDB,E502,Timeout waiting for lock on {db}
98115,2026-01-16,16:20:28,INFO,AuthService,Transaction tx329021 completed in 1976ms,E104,Transaction {tx} completed in {time}ms
98116,2026-01-16,16:12:04,WARN,WebServer,Unauthorized access attempt from 10.0.0.12,E401,Unauthorized access attempt from {ip}
98117,2026-01-16,16:13:12,INFO,WebServer,User u4582 login successful,E101,User {user} login successful
98118,2026-01-16,16:56:52,CRITICAL,PaymentGateway,KERNEL PANIC: Node node-5 crashed,E601,KERNEL PANIC: Node {node} crashed
98119,2026-01-16,16:40:39,WARN,PaymentGateway,High latency (1927ms) detected on PaymentGateway,E201,High latency ({time}ms) detected on {service}
98120,2026-01-16,16:36:36,WARN,AuthService,Disk usage > 85% on node node-3,E202,Disk usage > 85% on node {node}
98121,2026-01-16,16:33:39,ERROR,WebServer,Connection refused to WebServer at 10.0.0.45,E501,Connection refused to {service} at {ip}
98122,2026-01-16,16:21:37,WARN,WebServer,Disk usage > 85% on node node-3,E202,Disk usage > 85% on node {node}
98123,2026-01-16,16:22:43,CRITICAL,WebServer,KERNEL PANIC: Node node-1 crashed,E601,KERNEL PANIC: Node {node} crashed
98124,2026-01-16,16:19:32,INFO,InventoryDB,Page view: /home by u3352,E103,Page view: {page} by {user}
98125,2026-01-16,16:58:19,WARN,WebServer,Unauthorized access attempt from 10.0.0.45,E401,Unauthorized access attempt from {ip}
98126,2026-01-16,16:18:28,WARN,OrderProcessor,Disk usage > 85% on node node-4,E202,Disk usage > 85% on node {node}
98127,2026-01-16,16:07:16,INFO,WebServer,Page view: /home by u4940,E103,Page view: {page} by {user}
98128,2026-01-16,16:23:41,ERROR,OrderProcessor,Payment declined: Gateway unavailable,E503,Payment declined: Gateway unavailable
98129,2026-01-16,16:42:39,ERROR,WebServer,Connection refused to WebServer at 10.0.0.12,E501,Connection refused to {service} at {ip}
98130,2026-01-16,16:54:08,ERROR,InventoryDB,Connection refused to InventoryDB at 10.0.0.45,E501,Connection refused to {service} at {ip}
98131,2026-01-16,16:00:09,CRITICAL,AuthService,KERNEL PANIC: Node node-4 crashed,E601,KERNEL PANIC: Node {node} crashed
98132,2026-01-16,16:08:56,ERROR,WebServer,Timeout waiting for lock on InventoryDB,E502,Timeout waiting for lock on {db}
98133,2026-01-16,16:11:07,WARN,InventoryDB,Unauthorized access attempt from 10.0.0.45,E401,Unauthorized access attempt from {ip}
98134,2026-01-16,16:26:36,WARN,PaymentGateway,Disk usage > 85% on node node-4,E202,Disk usage > 85% on node {node}
98135,2026-01-16,16:59:03,INFO,OrderProcessor,User u4720 login successful,E101,User {user} login successful
98136,2026-01-16,16:01:48,ERROR,WebServer,Connection refused to WebServer at 10.0.0.45,E501,Connection refused to {service} at {ip}
98137,2026-01-16,16:41:15,ERROR,WebServer,Payment declined: Gateway unavailable,E503,Payment declined: Gateway unavailable
98138,2026-01-16,16:05:05,WARN,WebServer,Disk usage > 85% on node node-5,E202,Disk usage > 85% on node {node}
98139,2026-01-16,16:00:31,WARN,InventoryDB,High latency (616ms) detected on InventoryDB,E201,High latency ({time}ms) detected on {service}
98140,2026-01-16,16:19:10,WARN,InventoryDB,High latency (1638ms) detected on InventoryDB,E201,High latency ({time}ms) detected on {service}
98141,2026-01-16,16:53:04,WARN,WebServer,Disk usage > 85% on node node-4,E202,Disk usage > 85% on node {node}
98142,2026-01-16,16:56:56,CRITICAL,OrderProcessor,DATA CORRUPTION detected in sector 518,E602,DATA CORRUPTION detected in sector {sector}
98143,2026-01-16,16:07:51,WARN,WebServer,High latency (1453ms) detected on WebServer,E201,High latency ({time}ms) detected on {service}
98144,2026-01-16,16:04:32,INFO,WebServer,Page view: /home by u4526,E103,Page view: {page} by {user}
98145,2026-01-16,16:34:11,ERROR,WebServer,Connection refused to WebServer at 10.0.0.10,E501,Connection refused to {service} at {ip}
98146,2026-01-16,16:15:41,CRITICAL,AuthService,DATA CORRUPTION detected in sector 249,E602,DATA CORRUPTION detected in sector {sector}
98147,2026-01-16,16:52:25,INFO,InventoryDB,Health check passed: InventoryDB,E102,Health check passed: {service}
98148,2026-01-16,16:13:03,INFO,AuthService,User u4231 login successful,E101,User {user} login successful
98149,2026-01-16,16:18:05,ERROR,AuthService,Payment declined: Gateway unavailable,E503,Payment declined: Gateway unavailable
98150,2026-01-16,16:17:38,INFO,WebServer,Health check passed: WebServer,E102,Health check passed: {service}
98151,2026-01-16,16:49:50,ERROR,AuthService,Payment declined: Gateway unavailable,E503,Payment declined: Gateway unavailable
98152,2026-01-16,16:04:31,ERROR,AuthService,Payment declined: Gateway unavailable,E503,Payment declined: Gateway unavailable
98153,2026-01-16,16:07:18,INFO,OrderProcessor,Page view: /home by u3663,E103,Page view: {page} by {user}
98154,2026-01-16,16:52:08,CRITICAL,WebServer,KERNEL PANIC: Node node-4 crashed,E601,KERNEL PANIC: Node {node} crashed
98155,2026-01-16,16:03:11,ERROR,AuthService,Payment declined: Gateway unavailable,E503,Payment declined: Gateway unavailable
98156,2026-01-16,16:48:13,INFO,OrderProcessor,Transaction tx623339 completed in 1150ms,E104,Transaction {tx} completed in {time}ms
98157,2026-01-16,16:18:32,CRITICAL,PaymentGateway,DATA CORRUPTION detected in sector 640,E602,DATA CORRUPTION detected in sector {sector}
98158,2026-01-16,16:19:49,WARN,WebServer,High latency (671ms) detected on WebServer,E201,High latency ({time}ms) detected on {service}
98159,2026-01-16,16:38:11,ERROR,WebServer,Timeout waiting for lock on InventoryDB,E502,Timeout waiting for lock on {db}
98160,2026-01-16,16:49:33,INFO,PaymentGateway,User u3185 login successful,E101,User {user} login successful
98161,2026-01-16,16:50:58,WARN,WebServer,High latency (1739ms) detected on WebServer,E201,High latency ({time}ms) detected on {service}
98162,2026-01-16,16:13:11,CRITICAL,InventoryDB,DATA CORRUPTION detected in sector 612,E602,DATA CORRUPTION detected in sector {sector}
98163,2026-01-16,16:31:12,ERROR,AuthService,Timeout waiting for lock on InventoryDB,E502,Timeout waiting for lock on {db}
98164,2026-01-16,16:54:16,ERROR,PaymentGateway,Connection refused to PaymentGateway at 10.0.0.99,E501,Connection refused to {service} at {ip}
98165,2026-01-16,16:17:34,WARN,WebServer,Unauthorized access attempt from 10.0.0.45,E401,Unauthorized access attempt from {ip}
98166,2026-01-16,16:11:31,INFO,WebServer,User u1251 login successful,E101,User {user} login successful
98167,2026-01-16,16:32:42,WARN,WebServer,High latency (1439ms) detected on WebServer,E201,High latency ({time}ms) detected on {service}
98168,2026-01-16,16:39:10,WARN,AuthService,High latency (143ms) detected on AuthService,E201,High latency ({time}ms) detected on {service}
98169,2026-01-16,16:57:09,ERROR,AuthService,Timeout waiting for lock on InventoryDB,E502,Timeout waiting for lock on {db}
98170,2026-01-16,16:54:54,CRITICAL,AuthService,KERNEL PANIC: Node node-4 crashed,E601,KERNEL PANIC: Node {node} crashed
98171,2026-01-16,16:29:21,INFO,PaymentGateway,Page view: /home by u4318,E103,Page view: {page} by {user}
98172,2026-01-16,16:59:47,ERROR,OrderProcessor,Connection refused to OrderProcessor at 10.0.0.12,E501,Connection refused to {service} at {ip}
98173,2026-01-16,16:46:18,ERROR,AuthService,Payment declined: Gateway unavailable,E503,Payment declined: Gateway unavailable
98174,2026-01-16,16:37:56,INFO,OrderProcessor,User u2164 login successful,E101,User {user} login successful
98175,2026-01-16,16:54:26,INFO,WebServer,Transaction tx187355 completed in 801ms,E104,Transaction {tx} completed in {time}ms
98176,2026-01-16,16:00:51,CRITICAL,AuthService,KERNEL PANIC: Node node-4 crashed,E601,KERNEL PANIC: Node {node} crashed
98177,2026-01-16,16:33:24,ERROR,WebServer,Payment declined: Gateway unavailable,E503,Payment declined: Gateway unavailable
98178,2026-01-16,16:13:59,ERROR,WebServer,Timeout waiting for lock on InventoryDB,E502,Timeout waiting for lock on {db}
98179,2026-01-16,16:10:44,WARN,AuthService,Unauthorized access attempt from 10.0.0.88,E401,Unauthorized access attempt from {ip}
98180,2026-01-16,16:50:25,CRITICAL,WebServer,DATA CORRUPTION detected in sector 219,E602,DATA CORRUPTION detected in sector {sector}
98181,2026-01-16,16:03:25,CRITICAL,WebServer,DATA CORRUPTION detected in sector 481,E602,DATA CORRUPTION detected in sector {sector}
98182,2026-01-16,16:30:29,WARN,InventoryDB,High latency (449ms) detected on InventoryDB,E201,High latency ({time}ms) detected on {service}
98183,2026-01-16,16:18:17,INFO,WebServer,Transaction tx486223 completed in 303ms,E104,Transaction {tx} completed in {time}ms
98184,2026-01-16,16:52:27,INFO,WebServer,Transaction tx279580 completed in 928ms,E104,Transaction {tx} completed in {time}ms
98185,2026-01-16,16:56:12,CRITICAL,PaymentGateway,DATA CORRUPTION detected in sector 774,E602,DATA CORRUPTION detected in sector {sector}
98186,2026-01-16,16:30:30,INFO,WebServer,Health check passed: WebServer,E102,Health check passed: {service}
98187,2026-01-16,16:55:04,INFO,WebServer,User u4723 login successful,E101,User {user} login successful
98188,2026-01-16,16:20:31,ERROR,OrderProcessor,Timeout waiting for lock on InventoryDB,E502,Timeout waiting for lock on {db}
98189,2026-01-16,16:53:53,INFO,WebServer,Page view: /home by u2786,E103,Page view: {page} by {user}
98190,2026-01-16,16:19:50,WARN,WebServer,Disk usage > 85% on node node-3,E202,Disk usage > 85% on node {node}
98191,2026-01-16,16:21:31,INFO,OrderProcessor,Page view: /home by u1017,E103,Page view: {page} by {user}
98192,2026-01-16,16:38:27,INFO,AuthService,User u3758 login successful,E101,User {user} login successful
98193,2026-01-16,16:57:02,ERROR,AuthService,Timeout waiting for lock on InventoryDB,E502,Timeout waiting for lock on {db}
98194,2026-01-16,16:03:50,WARN,OrderProcessor,High latency (70ms) detected on OrderProcessor,E201,High latency ({time}ms) detected on {service}
98195,2026-01-16,16:12:10,INFO,WebServer,User u1101 login successful,E101,User {user} login successful
98196,2026-01-16,16:59:09,ERROR,WebServer,Connection refused to WebServer at 10.0.0.45,E501,Connection refused to {service} at {ip}
98197,2026-01-16,16:05:12,WARN,WebServer,Disk usage > 85% on node node-4,E202,Disk usage > 85% on node {node}
98198,2026-01-16,16:26:47,ERROR,WebServer,Timeout waiting for lock on InventoryDB,E502,Timeout waiting for lock on {db}
98199,2026-01-16,16:38:10,ERROR,InventoryDB,Timeout waiting for lock on InventoryDB,E502,Timeout waiting for lock on {db}
98200,2026-01-16,16:37:14,WARN,PaymentGateway,High latency (1550ms) detected on PaymentGateway,E201,High latency ({time}ms) detected on {service}
98201,2026-01-16,16:38:15,CRITICAL,WebServer,KERNEL PANIC: Node node-5 crashed,E601,KERNEL PANIC: Node {node} crashed
98202,2026-01-16,16:51:22,ERROR,WebServer,Timeout waiting for lock on InventoryDB,E502,Timeout waiting for lock on {db}
98203,2026-01-16,16:11:19,INFO,WebServer,User u2479 login successful,E101,User {user} login successful
98204,2026-01-16,16:01:44,ERROR,WebServer,Payment declined: Gateway unavailable,E503,Payment declined: Gateway unavailable
98205,2026-01-16,16:45:15,ERROR,WebServer,Payment declined: Gateway unavailable,E503,Payment declined: Gateway unavailable
98206,2026-01-16,16:55:26,INFO,InventoryDB,Health check passed: InventoryDB,E102,Health check passed: {service}
98207,2026-01-16,16:26:50,CRITICAL,PaymentGateway,DATA CORRUPTION detected in sector 366,E602,DATA CORRUPTION detected in sector {sector}
98208,2026-01-16,16:18:59,ERROR,WebServer,Payment declined: Gateway unavailable,E503,Payment declined: Gateway unavailable
98209,2026-01-16,16:39:40,ERROR,AuthService,Timeout waiting for lock on InventoryDB,E502,Timeout waiting for lock on {db}
98210,2026-01-16,16:22:53,WARN,AuthService,High latency (28ms) detected on AuthService,E201,High latency ({time}ms) detected on {service}
98211,2026-01-16,16:19:43,CRITICAL,AuthService,DATA CORRUPTION detected in sector 483,E602,DATA CORRUPTION detected in sector {sector}
98212,2026-01-16,16:49:12,ERROR,WebServer,Payment declined: Gateway unavailable,E503,Payment declined: Gateway unavailable
98213,2026-01-16,16:16:35,ERROR,PaymentGateway,Timeout waiting for lock on InventoryDB,E502,Timeout waiting for lock on {db}
98214,2026-01-16,16:46:40,ERROR,WebServer,Connection refused to WebServer at 10.0.0.10,E501,Connection refused to {service} at {ip}
98215,2026-01-16,16:57:00,ERROR,PaymentGateway,Connection refused to PaymentGateway at 10.0.0.12,E501,Connection refused to {service} at {ip}
98216,2026-01-16,16:48:48,ERROR,AuthService,Payment declined: Gateway unavailable,E503,Payment declined: Gateway unavailable
98217,2026-01-16,16:45:31,WARN,AuthService,Disk usage > 85% on node node-3,E202,Disk usage > 85% on node {node}
98218,2026-01-16,16:23:28,INFO,AuthService,Page view: /home by u3978,E103,Page view: {page} by {user}
98219,2026-01-16,16:12:51,ERROR,PaymentGateway,Payment declined: Gateway unavailable,E503,Payment declined: Gateway unavailable
98220,2026-01-16,16:42:30,ERROR,InventoryDB,Connection refused to InventoryDB at 10.0.0.12,E501,Connection refused to {service} at {ip}
98221,2026-01-16,16:00:04,ERROR,OrderProcessor,Payment declined: Gateway unavailable,E503,Payment declined: Gateway unavailable
98222,2026-01-16,16:28:40,INFO,InventoryDB,User u1890 login successful,E101,User {user} login successful
98223,2026-01-16,16:59:26,WARN,InventoryDB,Disk usage > 85% on node node-1,E202,Disk usage > 85% on node {node}
98224,2026-01-16,16:08:12,ERROR,WebServer,Connection refused to WebServer at 10.0.0.45,E501,Connection refused to {service} at {ip}
98225,2026-01-16,16:01:22,INFO,WebServer,User u3572 login successful,E101,User {user} login successful
98226,2026-01-16,16:36:43,CRITICAL,InventoryDB,KERNEL PANIC: Node node-3 crashed,E601,KERNEL PANIC: Node {node} crashed
98227,2026-01-16,16:21:38,ERROR,WebServer,Connection refused to WebServer at 10.0.0.45,E501,Connection refused to {service} at {ip}
98228,2026-01-16,16:00:01,CRITICAL,AuthService,KERNEL PANIC: Node node-2 crashed,E601,KERNEL PANIC: Node {node} crashed
98229,2026-01-16,16:13:29,WARN,WebServer,High latency (450ms) detected on WebServer,E201,High latency ({time}ms) detected on {service}
98230,2026-01-16,16:14:07,ERROR,WebServer,Timeout waiting for lock on InventoryDB,E502,Timeout waiting for lock on {db}
98231,2026-01-16,16:42:14,ERROR,WebServer,Connection refused to WebServer at 10.0.0.45,E501,Connection refused to {service} at {ip}
98232,2026-01-16,16:45:12,INFO,WebServer,Transaction tx539593 completed in 587ms,E104,Transaction {tx} completed in {time}ms
98233,2026-01-16,16:10:52,WARN,WebServer,High latency (677ms) detected on WebServer,E201,High latency ({time}ms) detected on {service}
98234,2026-01-16,16:51:50,ERROR,WebServer,Timeout waiting for lock on InventoryDB,E502,Timeout waiting for lock on {db}
98235,2026-01-16,16:48:41,CRITICAL,WebServer,KERNEL PANIC: Node node-4 crashed,E601,KERNEL PANIC: Node {node} crashed
98236,2026-01-16,16:49:38,ERROR,PaymentGateway,Timeout waiting for lock on InventoryDB,E502,Timeout waiting for lock on {db}
98237,2026-01-16,16:59:17,ERROR,OrderProcessor,Timeout waiting for lock on InventoryDB,E502,Timeout waiting for lock on {db}
98238,2026-01-16,16:55:14,WARN,WebServer,Unauthorized access attempt from 10.0.0.12,E401,Unauthorized access attempt from {ip}
98239,2026-01-16,16:38:25,INFO,WebServer,Page view: /home by u1692,E103,Page view: {page} by {user}
98240,2026-01-16,16:43:49,ERROR,AuthService,Payment declined: Gateway unavailable,E503,Payment declined: Gateway unavailable
98241,2026-01-16,16:51:33,ERROR,WebServer,Payment declined: Gateway unavailable,E503,Payment declined: Gateway unavailable
98242,2026-01-16,16:38:05,INFO,WebServer,Page view: /home by u3937,E103,Page view: {page} by {user}
98243,2026-01-16,16:57:56,INFO,OrderProcessor,User u4984 login successful,E101,User {user} login successful
98244,2026-01-16,16:14:45,WARN,WebServer,Unauthorized access attempt from 10.0.0.88,E401,Unauthorized access attempt from {ip}
98245,2026-01-16,16:59:12,CRITICAL,OrderProcessor,DATA CORRUPTION detected in sector 793,E602,DATA CORRUPTION detected in sector {sector}
98246,2026-01-16,16:09:24,ERROR,WebServer,Connection refused to WebServer at 10.0.0.45,E501,Connection refused to {service} at {ip}
98247,2026-01-16,16:58:04,ERROR,WebServer,Payment declined: Gateway unavailable,E503,Payment declined: Gateway unavailable
98248,2026-01-16,16:25:25,CRITICAL,PaymentGateway,KERNEL PANIC: Node node-5 crashed,E601,KERNEL PANIC: Node {node} crashed
98249,2026-01-16,16:25:34,WARN,WebServer,Unauthorized access attempt from 10.0.0.99,E401,Unauthorized access attempt from {ip}
98250,2026-01-16,16:56:01,CRITICAL,WebServer,KERNEL PANIC: Node node-1 crashed,E601,KERNEL PANIC: Node {node} crashed
98251,2026-01-16,16:45:06,INFO,AuthService,Transaction tx198720 completed in 603ms,E104,Transaction {tx} completed in {time}ms
98252,2026-01-16,16:07:55,INFO,WebServer,User u3422 login successful,E101,User {user} login successful
98253,2026-01-16,16:02:09,ERROR,AuthService,Timeout waiting for lock on InventoryDB,E502,Timeout waiting for lock on {db}
98254,2026-01-16,16:28:15,INFO,OrderProcessor,Transaction tx585318 completed in 1017ms,E104,Transaction {tx} completed in {time}ms
98255,2026-01-16,16:29:04,ERROR,AuthService,Payment declined: Gateway unavailable,E503,Payment declined: Gateway unavailable
98256,2026-01-16,16:14:56,WARN,WebServer,High latency (1344ms) detected on WebServer,E201,High latency ({time}ms) detected on {service}
98257,2026-01-16,16:10:42,INFO,InventoryDB,Transaction tx375513 completed in 127ms,E104,Transaction {tx} completed in {time}ms
98258,2026-01-16,16:08:43,ERROR,WebServer,Connection refused to WebServer at 10.0.0.45,E501,Connection refused to {service} at {ip}
98259,2026-01-16,16:21:48,WARN,PaymentGateway,High latency (1606ms) detected on PaymentGateway,E201,High latency ({time}ms) detected on {service}
98260,2026-01-16,16:45:27,WARN,AuthService,Unauthorized access attempt from 192.168.1.5,E401,Unauthorized access attempt from {ip}
98261,2026-01-16,16:55:46,INFO,WebServer,Transaction tx532626 completed in 1685ms,E104,Transaction {tx} completed in {time}ms
98262,2026-01-16,16:27:10,WARN,WebServer,Disk usage > 85% on node node-2,E202,Disk usage > 85% on node {node}
98263,2026-01-16,16:00:31,ERROR,InventoryDB,Payment declined: Gateway unavailable,E503,Payment declined: Gateway unavailable
98264,2026-01-16,16:20:04,CRITICAL,WebServer,DATA CORRUPTION detected in sector 137,E602,DATA CORRUPTION detected in sector {sector}
98265,2026-01-16,16:53:12,ERROR,AuthService,Payment declined: Gateway unavailable,E503,Payment declined: Gateway unavailable
98266,2026-01-16,16:45:46,INFO,PaymentGateway,Health check passed: PaymentGateway,E102,Health check passed: {service}
98267,2026-01-16,16:12:49,ERROR,WebServer,Connection refused to WebServer at 10.0.0.45,E501,Connection refused to {service} at {ip}
98268,2026-01-16,16:57:51,ERROR,WebServer,Timeout waiting for lock on InventoryDB,E502,Timeout waiting for lock on {db}
98269,2026-01-16,16:18:58,INFO,WebServer,Transaction tx920877 completed in 1533ms,E104,Transaction {tx} completed in {time}ms
98270,2026-01-16,16:26:06,ERROR,OrderProcessor,Connection refused to OrderProcessor at 10.0.0.88,E501,Connection refused to {service} at {ip}
98271,2026-01-16,16:39:05,WARN,WebServer,Disk usage > 85% on node node-2,E202,Disk usage > 85% on node {node}
98272,2026-01-16,16:39:30,ERROR,WebServer,Payment declined: Gateway unavailable,E503,Payment declined: Gateway unavailable
98273,2026-01-16,16:48:17,ERROR,PaymentGateway,Connection refused to PaymentGateway at 10.0.0.45,E501,Connection refused to {service} at {ip}
98274,2026-01-16,16:32:35,INFO,PaymentGateway,User u1695 login successful,E101,User {user} login successful
98275,2026-01-16,16:44:59,ERROR,OrderProcessor,Timeout waiting for lock on InventoryDB,E502,Timeout waiting for lock on {db}
98276,2026-01-16,16:22:52,WARN,OrderProcessor,Disk usage > 85% on node node-1,E202,Disk usage > 85% on node {node}
98277,2026-01-16,16:24:10,ERROR,PaymentGateway,Timeout waiting for lock on InventoryDB,E502,Timeout waiting for lock on {db}
98278,2026-01-16,16:50:54,WARN,OrderProcessor,High latency (1178ms) detected on OrderProcessor,E201,High latency ({time}ms) detected on {service}
98279,2026-01-16,16:14:03,INFO,AuthService,Transaction tx842587 completed in 846ms,E104,Transaction {tx} completed in {time}ms
98280,2026-01-16,16:54:21,ERROR,PaymentGateway,Payment declined: Gateway unavailable,E503,Payment declined: Gateway unavailable
98281,2026-01-16,16:00:20,INFO,AuthService,Transaction tx192446 completed in 629ms,E104,Transaction {tx} completed in {time}ms
98282,2026-01-16,16:15:03,WARN,WebServer,Disk usage > 85% on node node-5,E202,Disk usage > 85% on node {node}
98283,2026-01-16,16:09:23,CRITICAL,AuthService,DATA CORRUPTION detected in sector 859,E602,DATA CORRUPTION detected in sector {sector}
98284,2026-01-16,16:52:13,WARN,WebServer,High latency (1782ms) detected on WebServer,E201,High latency ({time}ms) detected on {service}
98285,2026-01-16,16:17:07,INFO,AuthService,User u1546 login successful,E101,User {user} login successful
98286,2026-01-16,16:15:26,ERROR,WebServer,Connection refused to WebServer at 10.0.0.45,E501,Connection refused to {service} at {ip}
98287,2026-01-16,16:08:21,INFO,InventoryDB,Page view: /home by u4476,E103,Page view: {page} by {user}
98288,2026-01-16,16:55:22,ERROR,WebServer,Connection refused to WebServer at 10.0.0.45,E501,Connection refused to {service} at {ip}
98289,2026-01-16,16:37:02,INFO,WebServer,Health check passed: WebServer,E102,Health check passed: {service}
98290,2026-01-16,16:01:30,INFO,AuthService,User u1917 login successful,E101,User {user} login successful
98291,2026-01-16,16:27:13,ERROR,AuthService,Payment declined: Gateway unavailable,E503,Payment declined: Gateway unavailable
98292,2026-01-16,16:53:27,WARN,WebServer,Unauthorized access attempt from 10.0.0.12,E401,Unauthorized access attempt from {ip}
98293,2026-01-16,16:50:44,ERROR,OrderProcessor,Timeout waiting for lock on InventoryDB,E502,Timeout waiting for lock on {db}
98294,2026-01-16,16:35:29,CRITICAL,WebServer,KERNEL PANIC: Node node-4 crashed,E601,KERNEL PANIC: Node {node} crashed
98295,2026-01-16,16:20:23,ERROR,WebServer,Timeout waiting for lock on InventoryDB,E502,Timeout waiting for lock on {db}
98296,2026-01-16,16:50:18,ERROR,WebServer,Connection refused to WebServer at 10.0.0.45,E501,Connection refused to {service} at {ip}
98297,2026-01-16,16:31:53,INFO,InventoryDB,Transaction tx975895 completed in 1553ms,E104,Transaction {tx} completed in {time}ms
98298,2026-01-16,16:27:42,CRITICAL,WebServer,KERNEL PANIC: Node node-5 crashed,E601,KERNEL PANIC: Node {node} crashed
98299,2026-01-16,16:15:35,ERROR,PaymentGateway,Connection refused to PaymentGateway at 10.0.0.12,E501,Connection refused to {service} at {ip}
98300,2026-01-16,16:19:36,WARN,AuthService,Disk usage > 85% on node node-3,E202,Disk usage > 85% on node {node}
98301,2026-01-16,16:25:19,INFO,WebServer,Transaction tx594054 completed in 1886ms,E104,Transaction {tx} completed in {time}ms
98302,2026-01-16,16:34:24,ERROR,WebServer,Payment declined: Gateway unavailable,E503,Payment declined: Gateway unavailable
98303,2026-01-16,16:02:11,CRITICAL,OrderProcessor,DATA CORRUPTION detected in sector 563,E602,DATA CORRUPTION detected in sector {sector}
98304,2026-01-16,16:47:52,INFO,WebServer,User u1006 login successful,E101,User {user} login successful
98305,2026-01-16,16:24:47,ERROR,WebServer,Payment declined: Gateway unavailable,E503,Payment declined: Gateway unavailable
98306,2026-01-16,16:29:24,WARN,WebServer,Unauthorized access attempt from 10.0.0.88,E401,Unauthorized access attempt from {ip}
98307,2026-01-16,16:31:47,ERROR,OrderProcessor,Timeout waiting for lock on InventoryDB,E502,Timeout waiting for lock on {db}
98308,2026-01-16,16:36:34,INFO,WebServer,Page view: /home by u3769,E103,Page view: {page} by {user}
98309,2026-01-16,16:29:54,CRITICAL,OrderProcessor,DATA CORRUPTION detected in sector 259,E602,DATA CORRUPTION detected in sector {sector}
98310,2026-01-16,16:27:05,WARN,WebServer,Disk usage > 85% on node node-5,E202,Disk usage > 85% on node {node}
98311,2026-01-16,16:50:34,INFO,OrderProcessor,Health check passed: OrderProcessor,E102,Health check passed: {service}
98312,2026-01-16,16:45:34,ERROR,OrderProcessor,Timeout waiting for lock on InventoryDB,E502,Timeout waiting for lock on {db}
98313,2026-01-16,16:23:41,ERROR,WebServer,Timeout waiting for lock on InventoryDB,E502,Timeout waiting for lock on {db}
98314,2026-01-16,16:27:36,WARN,WebServer,Unauthorized access attempt from 10.0.0.10,E401,Unauthorized access attempt from {ip}
98315,2026-01-16,16:51:29,ERROR,AuthService,Timeout waiting for lock on InventoryDB,E502,Timeout waiting for lock on {db}
98316,2026-01-16,16:40:01,ERROR,PaymentGateway,Connection refused to PaymentGateway at 10.0.0.45,E501,Connection refused to {service} at {ip}
98317,2026-01-16,16:05:12,INFO,PaymentGateway,Page view: /home by u4666,E103,Page view: {page} by {user}
98318,2026-01-16,16:12:40,ERROR,AuthService,Payment declined: Gateway unavailable,E503,Payment declined: Gateway unavailable
98319,2026-01-16,16:21:41,ERROR,WebServer,Connection refused to WebServer at 10.0.0.88,E501,Connection refused to {service} at {ip}
98320,2026-01-16,16:54:55,WARN,InventoryDB,Disk usage > 85% on node node-2,E202,Disk usage > 85% on node {node}
98321,2026-01-16,16:18:54,WARN,AuthService,Disk usage > 85% on node node-5,E202,Disk usage > 85% on node {node}
98322,2026-01-16,16:28:02,INFO,WebServer,Health check passed: WebServer,E102,Health check passed: {service}
98323,2026-01-16,16:42:48,INFO,WebServer,Page view: /home by u1958,E103,Page view: {page} by {user}
98324,2026-01-16,16:51:09,WARN,OrderProcessor,Unauthorized access attempt from 10.0.0.10,E401,Unauthorized access attempt from {ip}
98325,2026-01-16,16:00:44,WARN,WebServer,Unauthorized access attempt from 10.0.0.88,E401,Unauthorized access attempt from {ip}
98326,2026-01-16,16:50:59,INFO,AuthService,Page view: /home by u1736,E103,Page view: {page} by {user}
98327,2026-01-16,16:10:35,WARN,AuthService,Unauthorized access attempt from 10.0.0.88,E401,Unauthorized access attempt from {ip}
98328,2026-01-16,16:40:52,ERROR,AuthService,Payment declined: Gateway unavailable,E503,Payment declined: Gateway unavailable
98329,2026-01-16,16:03:12,ERROR,WebServer,Timeout waiting for lock on InventoryDB,E502,Timeout waiting for lock on {db}
98330,2026-01-16,16:22:11,ERROR,OrderProcessor,Payment declined: Gateway unavailable,E503,Payment declined: Gateway unavailable
98331,2026-01-16,16:13:17,INFO,WebServer,Health check passed: WebServer,E102,Health check passed: {service}
98332,2026-01-16,16:18:05,INFO,WebServer,User u3852 login successful,E101,User {user} login successful
98333,2026-01-16,16:05:10,INFO,WebServer,User u3371 login successful,E101,User {user} login successful
98334,2026-01-16,16:10:33,ERROR,WebServer,Payment declined: Gateway unavailable,E503,Payment declined: Gateway unavailable
98335,2026-01-16,16:10:53,CRITICAL,WebServer,DATA CORRUPTION detected in sector 994,E602,DATA CORRUPTION detected in sector {sector}
98336,2026-01-16,16:37:28,ERROR,WebServer,Connection refused to WebServer at 10.0.0.12,E501,Connection refused to {service} at {ip}
98337,2026-01-16,16:37:59,ERROR,WebServer,Timeout waiting for lock on InventoryDB,E502,Timeout waiting for lock on {db}
98338,2026-01-16,16:12:34,WARN,AuthService,Disk usage > 85% on node node-3,E202,Disk usage > 85% on node {node}
98339,2026-01-16,16:03:16,ERROR,PaymentGateway,Timeout waiting for lock on InventoryDB,E502,Timeout waiting for lock on {db}
98340,2026-01-16,16:50:48,INFO,WebServer,User u1596 login successful,E101,User {user} login successful
98341,2026-01-16,16:36:28,WARN,WebServer,Disk usage > 85% on node node-2,E202,Disk usage > 85% on node {node}
98342,2026-01-16,16:48:30,ERROR,WebServer,Payment declined: Gateway unavailable,E503,Payment declined: Gateway unavailable
98343,2026-01-16,16:37:03,ERROR,OrderProcessor,Connection refused to OrderProcessor at 10.0.0.45,E501,Connection refused to {service} at {ip}
98344,2026-01-16,16:54:35,WARN,InventoryDB,High latency (81ms) detected on InventoryDB,E201,High latency ({time}ms) detected on {service}
98345,2026-01-16,16:53:14,INFO,AuthService,Health check passed: AuthService,E102,Health check passed: {service}
98346,2026-01-16,16:15:21,ERROR,WebServer,Payment declined: Gateway unavailable,E503,Payment declined: Gateway unavailable
98347,2026-01-16,16:49:15,ERROR,WebServer,Timeout waiting for lock on InventoryDB,E502,Timeout waiting for lock on {db}
98348,2026-01-16,16:35:00,WARN,WebServer,Disk usage > 85% on node node-1,E202,Disk usage > 85% on node {node}
98349,2026-01-16,16:37:27,WARN,WebServer,Unauthorized access attempt from 10.0.0.45,E401,Unauthorized access attempt from {ip}
98350,2026-01-16,16:20:50,ERROR,WebServer,Connection refused to WebServer at 10.0.0.45,E501,Connection refused to {service} at {ip}
98351,2026-01-16,16:14:13,ERROR,PaymentGateway,Connection refused to PaymentGateway at 10.0.0.12,E501,Connection refused to {service} at {ip}
98352,2026-01-16,16:17:39,INFO,WebServer,Transaction tx829008 completed in 288ms,E104,Transaction {tx} completed in {time}ms
98353,2026-01-16,16:45:16,ERROR,WebServer,Connection refused to WebServer at 10.0.0.45,E501,Connection refused to {service} at {ip}
98354,2026-01-16,16:21:32,ERROR,AuthService,Timeout waiting for lock on InventoryDB,E502,Timeout waiting for lock on {db}
98355,2026-01-16,16:05:04,INFO,WebServer,Transaction tx881505 completed in 1069ms,E104,Transaction {tx} completed in {time}ms
98356,2026-01-16,16:45:49,CRITICAL,WebServer,DATA CORRUPTION detected in sector 310,E602,DATA CORRUPTION detected in sector {sector}
98357,2026-01-16,16:09:35,WARN,WebServer,High latency (390ms) detected on WebServer,E201,High latency ({time}ms) detected on {service}
98358,2026-01-16,16:05:42,INFO,AuthService,Transaction tx671523 completed in 318ms,E104,Transaction {tx} completed in {time}ms
98359,2026-01-16,16:59:07,INFO,WebServer,Health check passed: WebServer,E102,Health check passed: {service}
98360,2026-01-16,16:37:16,INFO,WebServer,User u1612 login successful,E101,User {user} login successful
98361,2026-01-16,16:41:52,ERROR,WebServer,Connection refused to WebServer at 10.0.0.45,E501,Connection refused to {service} at {ip}
98362,2026-01-16,16:59:45,WARN,WebServer,High latency (1849ms) detected on WebServer,E201,High latency ({time}ms) detected on {service}
98363,2026-01-16,16:22:21,WARN,WebServer,High latency (1507ms) detected on WebServer,E201,High latency ({time}ms) detected on {service}
98364,2026-01-16,16:58:20,INFO,AuthService,Health check passed: AuthService,E102,Health check passed: {service}
98365,2026-01-16,16:11:09,INFO,OrderProcessor,Health check passed: OrderProcessor,E102,Health check passed: {service}
98366,2026-01-16,16:56:12,ERROR,OrderProcessor,Connection refused to OrderProcessor at 10.0.0.45,E501,Connection refused to {service} at {ip}
98367,2026-01-16,16:13:51,ERROR,WebServer,Connection refused to WebServer at 10.0.0.12,E501,Connection refused to {service} at {ip}
98368,2026-01-16,16:43:29,WARN,WebServer,Disk usage > 85% on node node-5,E202,Disk usage > 85% on node {node}
98369,2026-01-16,16:53:20,INFO,OrderProcessor,Health check passed: OrderProcessor,E102,Health check passed: {service}
98370,2026-01-16,16:57:22,ERROR,PaymentGateway,Timeout waiting for lock on InventoryDB,E502,Timeout waiting for lock on {db}
98371,2026-01-16,16:57:55,ERROR,WebServer,Connection refused to WebServer at 10.0.0.45,E501,Connection refused to {service} at {ip}
98372,2026-01-16,16:44:12,WARN,OrderProcessor,Disk usage > 85% on node node-3,E202,Disk usage > 85% on node {node}
98373,2026-01-16,16:13:45,CRITICAL,AuthService,DATA CORRUPTION detected in sector 623,E602,DATA CORRUPTION detected in sector {sector}
98374,2026-01-16,16:34:16,WARN,WebServer,High latency (1183ms) detected on WebServer,E201,High latency ({time}ms) detected on {service}
98375,2026-01-16,16:42:41,ERROR,WebServer,Payment declined: Gateway unavailable,E503,Payment declined: Gateway unavailable
98376,2026-01-16,16:36:12,INFO,AuthService,Transaction tx540541 completed in 726ms,E104,Transaction {tx} completed in {time}ms
98377,2026-01-16,16:47:41,ERROR,WebServer,Timeout waiting for lock on InventoryDB,E502,Timeout waiting for lock on {db}
98378,2026-01-16,16:05:27,ERROR,WebServer,Connection refused to WebServer at 10.0.0.88,E501,Connection refused to {service} at {ip}
98379,2026-01-16,16:30:09,ERROR,PaymentGateway,Connection refused to PaymentGateway at 10.0.0.45,E501,Connection refused to {service} at {ip}
98380,2026-01-16,16:03:05,INFO,WebServer,Page view: /home by u1923,E103,Page view: {page} by {user}
98381,2026-01-16,16:18:45,ERROR,InventoryDB,Timeout waiting for lock on InventoryDB,E502,Timeout waiting for lock on {db}
98382,2026-01-16,16:30:33,ERROR,PaymentGateway,Timeout waiting for lock on InventoryDB,E502,Timeout waiting for lock on {db}
98383,2026-01-16,16:12:24,CRITICAL,WebServer,KERNEL PANIC: Node node-1 crashed,E601,KERNEL PANIC: Node {node} crashed
98384,2026-01-16,16:32:30,INFO,WebServer,User u4742 login successful,E101,User {user} login successful
98385,2026-01-16,16:08:23,ERROR,WebServer,Connection refused to WebServer at 10.0.0.88,E501,Connection refused to {service} at {ip}
98386,2026-01-16,16:27:51,ERROR,PaymentGateway,Timeout waiting for lock on InventoryDB,E502,Timeout waiting for lock on {db}
98387,2026-01-16,16:04:40,INFO,AuthService,Health check passed: AuthService,E102,Health check passed: {service}
98388,2026-01-16,16:42:29,WARN,AuthService,Disk usage > 85% on node node-5,E202,Disk usage > 85% on node {node}
98389,2026-01-16,16:41:56,WARN,OrderProcessor,Unauthorized access attempt from 192.168.1.5,E401,Unauthorized access attempt from {ip}
98390,2026-01-16,16:26:57,ERROR,WebServer,Timeout waiting for lock on InventoryDB,E502,Timeout waiting for lock on {db}
98391,2026-01-16,16:46:03,ERROR,WebServer,Connection refused to WebServer at 10.0.0.45,E501,Connection refused to {service} at {ip}
98392,2026-01-16,16:19:48,WARN,WebServer,High latency (1342ms) detected on WebServer,E201,High latency ({time}ms) detected on {service}
98393,2026-01-16,16:11:22,INFO,AuthService,Transaction tx178047 completed in 982ms,E104,Transaction {tx} completed in {time}ms
98394,2026-01-16,16:28:46,ERROR,OrderProcessor,Timeout waiting for lock on InventoryDB,E502,Timeout waiting for lock on {db}
98395,2026-01-16,16:39:10,ERROR,InventoryDB,Payment declined: Gateway unavailable,E503,Payment declined: Gateway unavailable
98396,2026-01-16,16:36:47,WARN,WebServer,Unauthorized access attempt from 192.168.1.5,E401,Unauthorized access attempt from {ip}
98397,2026-01-16,16:25:08,ERROR,AuthService,Payment declined: Gateway unavailable,E503,Payment declined: Gateway unavailable
98398,2026-01-16,16:52:57,CRITICAL,InventoryDB,DATA CORRUPTION detected in sector 525,E602,DATA CORRUPTION detected in sector {sector}
98399,2026-01-16,16:27:37,INFO,WebServer,Page view: /home by u2115,E103,Page view: {page} by {user}
98400,2026-01-16,16:15:42,CRITICAL,WebServer,DATA CORRUPTION detected in sector 466,E602,DATA CORRUPTION detected in sector {sector}
98401,2026-01-16,16:22:04,ERROR,PaymentGateway,Connection refused to PaymentGateway at 10.0.0.45,E501,Connection refused to {service} at {ip}
98402,2026-01-16,16:47:00,INFO,OrderProcessor,Page view: /home by u3700,E103,Page view: {page} by {user}
98403,2026-01-16,16:37:17,INFO,WebServer,Transaction tx733094 completed in 165ms,E104,Transaction {tx} completed in {time}ms
98404,2026-01-16,16:53:20,ERROR,WebServer,Connection refused to WebServer at 10.0.0.45,E501,Connection refused to {service} at {ip}
98405,2026-01-16,16:04:45,WARN,OrderProcessor,High latency (1735ms) detected on OrderProcessor,E201,High latency ({time}ms) detected on {service}
98406,2026-01-16,16:48:19,CRITICAL,WebServer,KERNEL PANIC: Node node-1 crashed,E601,KERNEL PANIC: Node {node} crashed
98407,2026-01-16,16:57:21,INFO,AuthService,Transaction tx260172 completed in 1965ms,E104,Transaction {tx} completed in {time}ms
98408,2026-01-16,16:58:12,CRITICAL,WebServer,KERNEL PANIC: Node node-2 crashed,E601,KERNEL PANIC: Node {node} crashed
98409,2026-01-16,16:17:14,CRITICAL,PaymentGateway,KERNEL PANIC: Node node-2 crashed,E601,KERNEL PANIC: Node {node} crashed
98410,2026-01-16,16:53:53,WARN,WebServer,High latency (1338ms) detected on WebServer,E201,High latency ({time}ms) detected on {service}
98411,2026-01-16,16:18:44,ERROR,WebServer,Payment declined: Gateway unavailable,E503,Payment declined: Gateway unavailable
98412,2026-01-16,16:58:01,ERROR,WebServer,Payment declined: Gateway unavailable,E503,Payment declined: Gateway unavailable
98413,2026-01-16,16:58:23,INFO,WebServer,User u1643 login successful,E101,User {user} login successful
98414,2026-01-16,16:47:47,ERROR,OrderProcessor,Connection refused to OrderProcessor at 10.0.0.12,E501,Connection refused to {service} at {ip}
98415,2026-01-16,16:23:53,ERROR,OrderProcessor,Payment declined: Gateway unavailable,E503,Payment declined: Gateway unavailable
98416,2026-01-16,16:21:07,INFO,WebServer,Page view: /home by u3818,E103,Page view: {page} by {user}
98417,2026-01-16,16:57:02,WARN,WebServer,Disk usage > 85% on node node-3,E202,Disk usage > 85% on node {node}
98418,2026-01-16,16:57:15,ERROR,AuthService,Connection refused to AuthService at 10.0.0.45,E501,Connection refused to {service} at {ip}
98419,2026-01-16,16:37:23,CRITICAL,AuthService,KERNEL PANIC: Node node-4 crashed,E601,KERNEL PANIC: Node {node} crashed
98420,2026-01-16,16:37:51,ERROR,WebServer,Timeout waiting for lock on InventoryDB,E502,Timeout waiting for lock on {db}
98421,2026-01-16,16:50:22,INFO,WebServer,User u2674 login successful,E101,User {user} login successful
98422,2026-01-16,16:23:42,ERROR,AuthService,Timeout waiting for lock on InventoryDB,E502,Timeout waiting for lock on {db}
98423,2026-01-16,16:08:26,INFO,OrderProcessor,User u4989 login successful,E101,User {user} login successful
98424,2026-01-16,16:10:44,WARN,AuthService,Unauthorized access attempt from 10.0.0.10,E401,Unauthorized access attempt from {ip}
98425,2026-01-16,16:37:10,INFO,WebServer,Page view: /home by u3394,E103,Page view: {page} by {user}
98426,2026-01-16,16:22:21,ERROR,PaymentGateway,Connection refused to PaymentGateway at 10.0.0.12,E501,Connection refused to {service} at {ip}
98427,2026-01-16,16:19:16,WARN,PaymentGateway,Unauthorized access attempt from 10.0.0.12,E401,Unauthorized access attempt from {ip}
98428,2026-01-16,16:36:48,INFO,AuthService,Page view: /home by u1696,E103,Page view: {page} by {user}
98429,2026-01-16,16:02:22,INFO,PaymentGateway,User u2304 login successful,E101,User {user} login successful
98430,2026-01-16,16:48:15,WARN,AuthService,Unauthorized access attempt from 10.0.0.12,E401,Unauthorized access attempt from {ip}
98431,2026-01-16,16:30:42,CRITICAL,PaymentGateway,KERNEL PANIC: Node node-2 crashed,E601,KERNEL PANIC: Node {node} crashed
98432,2026-01-16,16:43:27,CRITICAL,PaymentGateway,DATA CORRUPTION detected in sector 303,E602,DATA CORRUPTION detected in sector {sector}
98433,2026-01-16,16:59:53,INFO,WebServer,Health check passed: WebServer,E102,Health check passed: {service}
98434,2026-01-16,16:04:59,WARN,AuthService,High latency (547ms) detected on AuthService,E201,High latency ({time}ms) detected on {service}
98435,2026-01-16,16:29:15,CRITICAL,WebServer,KERNEL PANIC: Node node-4 crashed,E601,KERNEL PANIC: Node {node} crashed
98436,2026-01-16,16:01:15,INFO,WebServer,Transaction tx562864 completed in 403ms,E104,Transaction {tx} completed in {time}ms
98437,2026-01-16,16:06:23,WARN,AuthService,Unauthorized access attempt from 10.0.0.10,E401,Unauthorized access attempt from {ip}
98438,2026-01-16,16:03:12,ERROR,AuthService,Payment declined: Gateway unavailable,E503,Payment declined: Gateway unavailable
98439,2026-01-16,16:22:22,WARN,WebServer,Disk usage > 85% on node node-2,E202,Disk usage > 85% on node {node}
98440,2026-01-16,16:26:23,INFO,WebServer,Health check passed: WebServer,E102,Health check passed: {service}
98441,2026-01-16,16:21:50,INFO,WebServer,User u2427 login successful,E101,User {user} login successful
98442,2026-01-16,16:38:03,INFO,PaymentGateway,Health check passed: PaymentGateway,E102,Health check passed: {service}
98443,2026-01-16,16:25:46,ERROR,WebServer,Timeout waiting for lock on InventoryDB,E502,Timeout waiting for lock on {db}
98444,2026-01-16,16:38:57,WARN,WebServer,High latency (72ms) detected on WebServer,E201,High latency ({time}ms) detected on {service}
98445,2026-01-16,16:56:45,WARN,WebServer,Disk usage > 85% on node node-2,E202,Disk usage > 85% on node {node}
98446,2026-01-16,16:44:43,ERROR,WebServer,Connection refused to WebServer at 10.0.0.45,E501,Connection refused to {service} at {ip}
98447,2026-01-16,16:15:01,ERROR,AuthService,Timeout waiting for lock on InventoryDB,E502,Timeout waiting for lock on {db}
98448,2026-01-16,16:46:33,ERROR,WebServer,Connection refused to WebServer at 10.0.0.99,E501,Connection refused to {service} at {ip}
98449,2026-01-16,16:30:04,INFO,WebServer,User u4979 login successful,E101,User {user} login successful
98450,2026-01-16,16:40:07,WARN,WebServer,Disk usage > 85% on node node-1,E202,Disk usage > 85% on node {node}
98451,2026-01-16,16:21:40,ERROR,WebServer,Payment declined: Gateway unavailable,E503,Payment declined: Gateway unavailable
98452,2026-01-16,16:17:27,ERROR,OrderProcessor,Payment declined: Gateway unavailable,E503,Payment declined: Gateway unavailable
98453,2026-01-16,16:45:38,WARN,WebServer,High latency (1893ms) detected on WebServer,E201,High latency ({time}ms) detected on {service}
98454,2026-01-16,16:05:14,WARN,OrderProcessor,High latency (621ms) detected on OrderProcessor,E201,High latency ({time}ms) detected on {service}
98455,2026-01-16,16:42:39,WARN,WebServer,Disk usage > 85% on node node-4,E202,Disk usage > 85% on node {node}
98456,2026-01-16,16:56:24,CRITICAL,OrderProcessor,KERNEL PANIC: Node node-1 crashed,E601,KERNEL PANIC: Node {node} crashed
98457,2026-01-16,16:50:57,ERROR,OrderProcessor,Connection refused to OrderProcessor at 10.0.0.45,E501,Connection refused to {service} at {ip}
98458,2026-01-16,16:39:11,ERROR,WebServer,Timeout waiting for lock on InventoryDB,E502,Timeout waiting for lock on {db}
98459,2026-01-16,16:58:52,INFO,OrderProcessor,Health check passed: OrderProcessor,E102,Health check passed: {service}
98460,2026-01-16,16:01:27,ERROR,WebServer,Payment declined: Gateway unavailable,E503,Payment declined: Gateway unavailable
98461,2026-01-16,16:20:41,WARN,AuthService,Disk usage > 85% on node node-2,E202,Disk usage > 85% on node {node}
98462,2026-01-16,16:01:59,CRITICAL,WebServer,KERNEL PANIC: Node node-1 crashed,E601,KERNEL PANIC: Node {node} crashed
98463,2026-01-16,16:41:22,INFO,AuthService,User u3501 login successful,E101,User {user} login successful
98464,2026-01-16,16:47:21,CRITICAL,PaymentGateway,KERNEL PANIC: Node node-1 crashed,E601,KERNEL PANIC: Node {node} crashed
98465,2026-01-16,16:00:15,ERROR,OrderProcessor,Timeout waiting for lock on InventoryDB,E502,Timeout waiting for lock on {db}
98466,2026-01-16,16:32:47,ERROR,WebServer,Connection refused to WebServer at 10.0.0.45,E501,Connection refused to {service} at {ip}
98467,2026-01-16,16:05:41,ERROR,WebServer,Connection refused to WebServer at 10.0.0.45,E501,Connection refused to {service} at {ip}
98468,2026-01-16,16:45:12,ERROR,WebServer,Timeout waiting for lock on InventoryDB,E502,Timeout waiting for lock on {db}
98469,2026-01-16,16:42:53,WARN,WebServer,Unauthorized access attempt from 10.0.0.45,E401,Unauthorized access attempt from {ip}
98470,2026-01-16,16:17:33,INFO,AuthService,Health check passed: AuthService,E102,Health check passed: {service}
98471,2026-01-16,16:44:21,INFO,WebServer,Page view: /home by u2702,E103,Page view: {page} by {user}
98472,2026-01-16,16:44:17,CRITICAL,AuthService,DATA CORRUPTION detected in sector 380,E602,DATA CORRUPTION detected in sector {sector}
98473,2026-01-16,16:28:28,INFO,WebServer,User u4633 login successful,E101,User {user} login successful
98474,2026-01-16,16:01:29,ERROR,InventoryDB,Payment declined: Gateway unavailable,E503,Payment declined: Gateway unavailable
98475,2026-01-16,16:40:02,CRITICAL,WebServer,DATA CORRUPTION detected in sector 695,E602,DATA CORRUPTION detected in sector {sector}
98476,2026-01-16,16:16:01,INFO,OrderProcessor,User u2709 login successful,E101,User {user} login successful
98477,2026-01-16,16:32:06,CRITICAL,InventoryDB,KERNEL PANIC: Node node-5 crashed,E601,KERNEL PANIC: Node {node} crashed
98478,2026-01-16,16:09:27,WARN,PaymentGateway,Unauthorized access attempt from 10.0.0.45,E401,Unauthorized access attempt from {ip}
98479,2026-01-16,16:03:58,INFO,OrderProcessor,Page view: /home by u2660,E103,Page view: {page} by {user}
98480,2026-01-16,16:11:52,INFO,AuthService,Transaction tx371163 completed in 86ms,E104,Transaction {tx} completed in {time}ms
98481,2026-01-16,16:24:04,ERROR,PaymentGateway,Payment declined: Gateway unavailable,E503,Payment declined: Gateway unavailable
98482,2026-01-16,16:49:59,ERROR,OrderProcessor,Timeout waiting for lock on InventoryDB,E502,Timeout waiting for lock on {db}
98483,2026-01-16,16:15:18,INFO,WebServer,Transaction tx809023 completed in 1644ms,E104,Transaction {tx} completed in {time}ms
98484,2026-01-16,16:33:21,ERROR,AuthService,Payment declined: Gateway unavailable,E503,Payment declined: Gateway unavailable
98485,2026-01-16,16:11:20,ERROR,OrderProcessor,Timeout waiting for lock on InventoryDB,E502,Timeout waiting for lock on {db}
98486,2026-01-16,16:16:22,ERROR,OrderProcessor,Connection refused to OrderProcessor at 10.0.0.45,E501,Connection refused to {service} at {ip}
98487,2026-01-16,16:01:38,INFO,WebServer,User u1600 login successful,E101,User {user} login successful
98488,2026-01-16,16:08:51,CRITICAL,InventoryDB,KERNEL PANIC: Node node-4 crashed,E601,KERNEL PANIC: Node {node} crashed
98489,2026-01-16,16:49:19,ERROR,PaymentGateway,Timeout waiting for lock on InventoryDB,E502,Timeout waiting for lock on {db}
98490,2026-01-16,16:19:28,ERROR,WebServer,Timeout waiting for lock on InventoryDB,E502,Timeout waiting for lock on {db}
98491,2026-01-16,16:54:27,CRITICAL,PaymentGateway,DATA CORRUPTION detected in sector 270,E602,DATA CORRUPTION detected in sector {sector}
98492,2026-01-16,16:37:14,INFO,OrderProcessor,Transaction tx537218 completed in 1542ms,E104,Transaction {tx} completed in {time}ms
98493,2026-01-16,16:54:04,INFO,WebServer,User u3587 login successful,E101,User {user} login successful
98494,2026-01-16,16:36:20,INFO,PaymentGateway,Health check passed: PaymentGateway,E102,Health check passed: {service}
98495,2026-01-16,16:35:31,ERROR,WebServer,Connection refused to WebServer at 10.0.0.45,E501,Connection refused to {service} at {ip}
98496,2026-01-16,16:58:04,WARN,OrderProcessor,Disk usage > 85% on node node-1,E202,Disk usage > 85% on node {node}
98497,2026-01-16,16:05:53,ERROR,WebServer,Payment declined: Gateway unavailable,E503,Payment declined: Gateway unavailable
98498,2026-01-16,16:27:40,ERROR,WebServer,Payment declined: Gateway unavailable,E503,Payment declined: Gateway unavailable
98499,2026-01-16,16:32:55,ERROR,PaymentGateway,Timeout waiting for lock on InventoryDB,E502,Timeout waiting for lock on {db}
98500,2026-01-16,16:01:24,ERROR,OrderProcessor,Payment declined: Gateway unavailable,E503,Payment declined: Gateway unavailable
98501,2026-01-16,16:39:29,ERROR,AuthService,Timeout waiting for lock on InventoryDB,E502,Timeout waiting for lock on {db}
98502,2026-01-16,16:00:49,INFO,OrderProcessor,User u2517 login successful,E101,User {user} login successful
98503,2026-01-16,16:55:06,ERROR,OrderProcessor,Timeout waiting for lock on InventoryDB,E502,Timeout waiting for lock on {db}
98504,2026-01-16,16:05:22,ERROR,PaymentGateway,Connection refused to PaymentGateway at 10.0.0.45,E501,Connection refused to {service} at {ip}
98505,2026-01-16,16:37:59,INFO,InventoryDB,Transaction tx129032 completed in 640ms,E104,Transaction {tx} completed in {time}ms
98506,2026-01-16,16:50:41,ERROR,AuthService,Payment declined: Gateway unavailable,E503,Payment declined: Gateway unavailable
98507,2026-01-16,16:01:22,ERROR,AuthService,Connection refused to AuthService at 10.0.0.12,E501,Connection refused to {service} at {ip}
98508,2026-01-16,16:02:38,ERROR,WebServer,Connection refused to WebServer at 10.0.0.12,E501,Connection refused to {service} at {ip}
98509,2026-01-16,16:43:47,ERROR,WebServer,Connection refused to WebServer at 10.0.0.45,E501,Connection refused to {service} at {ip}
98510,2026-01-16,16:45:18,INFO,WebServer,Page view: /home by u1916,E103,Page view: {page} by {user}
98511,2026-01-16,16:02:46,CRITICAL,WebServer,KERNEL PANIC: Node node-1 crashed,E601,KERNEL PANIC: Node {node} crashed
98512,2026-01-16,16:58:13,ERROR,OrderProcessor,Payment declined: Gateway unavailable,E503,Payment declined: Gateway unavailable
98513,2026-01-16,16:51:48,ERROR,PaymentGateway,Payment declined: Gateway unavailable,E503,Payment declined: Gateway unavailable
98514,2026-01-16,16:24:43,WARN,WebServer,Disk usage > 85% on node node-4,E202,Disk usage > 85% on node {node}
98515,2026-01-16,16:05:26,WARN,WebServer,Unauthorized access attempt from 10.0.0.12,E401,Unauthorized access attempt from {ip}
98516,2026-01-16,16:43:11,ERROR,WebServer,Timeout waiting for lock on InventoryDB,E502,Timeout waiting for lock on {db}
98517,2026-01-16,16:57:50,INFO,WebServer,Page view: /home by u2714,E103,Page view: {page} by {user}
98518,2026-01-16,16:44:59,INFO,OrderProcessor,Transaction tx736628 completed in 28ms,E104,Transaction {tx} completed in {time}ms
98519,2026-01-16,16:19:38,INFO,WebServer,User u3289 login successful,E101,User {user} login successful
98520,2026-01-16,16:15:35,ERROR,WebServer,Timeout waiting for lock on InventoryDB,E502,Timeout waiting for lock on {db}
98521,2026-01-16,16:01:27,INFO,WebServer,Health check passed: WebServer,E102,Health check passed: {service}
98522,2026-01-16,16:23:56,INFO,AuthService,User u3963 login successful,E101,User {user} login successful
98523,2026-01-16,16:10:18,ERROR,PaymentGateway,Timeout waiting for lock on InventoryDB,E502,Timeout waiting for lock on {db}
98524,2026-01-16,16:15:23,INFO,WebServer,Health check passed: WebServer,E102,Health check passed: {service}
98525,2026-01-16,16:33:21,ERROR,OrderProcessor,Connection refused to OrderProcessor at 10.0.0.45,E501,Connection refused to {service} at {ip}
98526,2026-01-16,16:40:01,ERROR,PaymentGateway,Timeout waiting for lock on InventoryDB,E502,Timeout waiting for lock on {db}
98527,2026-01-16,16:09:37,ERROR,OrderProcessor,Timeout waiting for lock on InventoryDB,E502,Timeout waiting for lock on {db}
98528,2026-01-16,16:04:27,ERROR,WebServer,Payment declined: Gateway unavailable,E503,Payment declined: Gateway unavailable
98529,2026-01-16,16:25:58,ERROR,WebServer,Timeout waiting for lock on InventoryDB,E502,Timeout waiting for lock on {db}
98530,2026-01-16,16:22:42,WARN,PaymentGateway,High latency (160ms) detected on PaymentGateway,E201,High latency ({time}ms) detected on {service}
98531,2026-01-16,16:42:17,ERROR,WebServer,Timeout waiting for lock on InventoryDB,E502,Timeout waiting for lock on {db}
98532,2026-01-16,16:18:14,INFO,OrderProcessor,User u3633 login successful,E101,User {user} login successful
98533,2026-01-16,16:50:45,INFO,InventoryDB,Transaction tx150856 completed in 1888ms,E104,Transaction {tx} completed in {time}ms
98534,2026-01-16,16:43:52,INFO,AuthService,User u4205 login successful,E101,User {user} login successful
98535,2026-01-16,16:31:32,INFO,OrderProcessor,Transaction tx950155 completed in 546ms,E104,Transaction {tx} completed in {time}ms
98536,2026-01-16,16:40:32,WARN,PaymentGateway,Disk usage > 85% on node node-1,E202,Disk usage > 85% on node {node}
98537,2026-01-16,16:51:55,WARN,WebServer,Unauthorized access attempt from 10.0.0.45,E401,Unauthorized access attempt from {ip}
98538,2026-01-16,16:57:25,INFO,WebServer,User u2359 login successful,E101,User {user} login successful
98539,2026-01-16,16:13:37,WARN,AuthService,Disk usage > 85% on node node-1,E202,Disk usage > 85% on node {node}
98540,2026-01-16,16:49:02,WARN,WebServer,Disk usage > 85% on node node-4,E202,Disk usage > 85% on node {node}
98541,2026-01-16,16:31:22,CRITICAL,PaymentGateway,KERNEL PANIC: Node node-3 crashed,E601,KERNEL PANIC: Node {node} crashed
98542,2026-01-16,16:25:55,ERROR,WebServer,Connection refused to WebServer at 10.0.0.88,E501,Connection refused to {service} at {ip}
98543,2026-01-16,16:59:02,INFO,WebServer,User u2680 login successful,E101,User {user} login successful
98544,2026-01-16,16:44:12,ERROR,OrderProcessor,Connection refused to OrderProcessor at 10.0.0.99,E501,Connection refused to {service} at {ip}
98545,2026-01-16,16:10:42,CRITICAL,WebServer,KERNEL PANIC: Node node-4 crashed,E601,KERNEL PANIC: Node {node} crashed
98546,2026-01-16,16:49:48,WARN,AuthService,Disk usage > 85% on node node-5,E202,Disk usage > 85% on node {node}
98547,2026-01-16,16:35:22,ERROR,OrderProcessor,Payment declined: Gateway unavailable,E503,Payment declined: Gateway unavailable
98548,2026-01-16,16:38:24,WARN,WebServer,High latency (1193ms) detected on WebServer,E201,High latency ({time}ms) detected on {service}
98549,2026-01-16,16:43:08,INFO,OrderProcessor,Page view: /home by u1388,E103,Page view: {page} by {user}
98550,2026-01-16,16:44:24,INFO,WebServer,Transaction tx548510 completed in 23ms,E104,Transaction {tx} completed in {time}ms
98551,2026-01-16,16:23:32,ERROR,WebServer,Timeout waiting for lock on InventoryDB,E502,Timeout waiting for lock on {db}
98552,2026-01-16,16:41:07,ERROR,OrderProcessor,Connection refused to OrderProcessor at 10.0.0.45,E501,Connection refused to {service} at {ip}
98553,2026-01-16,16:57:54,INFO,OrderProcessor,Health check passed: OrderProcessor,E102,Health check passed: {service}
98554,2026-01-16,16:42:27,INFO,AuthService,Transaction tx471382 completed in 913ms,E104,Transaction {tx} completed in {time}ms
98555,2026-01-16,16:45:27,WARN,OrderProcessor,Disk usage > 85% on node node-2,E202,Disk usage > 85% on node {node}
98556,2026-01-16,16:35:49,WARN,AuthService,Disk usage > 85% on node node-1,E202,Disk usage > 85% on node {node}
98557,2026-01-16,16:32:28,CRITICAL,AuthService,DATA CORRUPTION detected in sector 384,E602,DATA CORRUPTION detected in sector {sector}
98558,2026-01-16,16:22:21,INFO,WebServer,Health check passed: WebServer,E102,Health check passed: {service}
98559,2026-01-16,16:20:13,ERROR,WebServer,Payment declined: Gateway unavailable,E503,Payment declined: Gateway unavailable
98560,2026-01-16,16:05:18,INFO,AuthService,Health check passed: AuthService,E102,Health check passed: {service}
98561,2026-01-16,16:14:24,ERROR,WebServer,Connection refused to WebServer at 10.0.0.45,E501,Connection refused to {service} at {ip}
98562,2026-01-16,16:21:32,CRITICAL,AuthService,DATA CORRUPTION detected in sector 677,E602,DATA CORRUPTION detected in sector {sector}
98563,2026-01-16,16:11:47,WARN,PaymentGateway,Disk usage > 85% on node node-1,E202,Disk usage > 85% on node {node}
98564,2026-01-16,16:32:50,WARN,WebServer,High latency (642ms) detected on WebServer,E201,High latency ({time}ms) detected on {service}
98565,2026-01-16,16:51:54,INFO,WebServer,Transaction tx362950 completed in 1453ms,E104,Transaction {tx} completed in {time}ms
98566,2026-01-16,16:51:26,WARN,WebServer,Unauthorized access attempt from 10.0.0.45,E401,Unauthorized access attempt from {ip}
98567,2026-01-16,16:46:57,CRITICAL,AuthService,KERNEL PANIC: Node node-3 crashed,E601,KERNEL PANIC: Node {node} crashed
98568,2026-01-16,16:40:43,WARN,WebServer,Unauthorized access attempt from 10.0.0.45,E401,Unauthorized access attempt from {ip}
98569,2026-01-16,16:09:36,ERROR,WebServer,Payment declined: Gateway unavailable,E503,Payment declined: Gateway unavailable
98570,2026-01-16,16:21:30,ERROR,AuthService,Timeout waiting for lock on InventoryDB,E502,Timeout waiting for lock on {db}
98571,2026-01-16,16:10:15,INFO,AuthService,Health check passed: AuthService,E102,Health check passed: {service}
98572,2026-01-16,16:01:46,ERROR,WebServer,Timeout waiting for lock on InventoryDB,E502,Timeout waiting for lock on {db}
98573,2026-01-16,16:45:00,ERROR,PaymentGateway,Timeout waiting for lock on InventoryDB,E502,Timeout waiting for lock on {db}
98574,2026-01-16,16:27:56,WARN,OrderProcessor,High latency (1366ms) detected on OrderProcessor,E201,High latency ({time}ms) detected on {service}
98575,2026-01-16,16:26:46,ERROR,WebServer,Payment declined: Gateway unavailable,E503,Payment declined: Gateway unavailable
98576,2026-01-16,16:14:32,CRITICAL,OrderProcessor,KERNEL PANIC: Node node-1 crashed,E601,KERNEL PANIC: Node {node} crashed
98577,2026-01-16,16:59:16,ERROR,WebServer,Payment declined: Gateway unavailable,E503,Payment declined: Gateway unavailable
98578,2026-01-16,16:23:15,ERROR,AuthService,Timeout waiting for lock on InventoryDB,E502,Timeout waiting for lock on {db}
98579,2026-01-16,16:55:30,ERROR,WebServer,Connection refused to WebServer at 10.0.0.45,E501,Connection refused to {service} at {ip}
98580,2026-01-16,16:57:56,ERROR,OrderProcessor,Connection refused to OrderProcessor at 10.0.0.45,E501,Connection refused to {service} at {ip}
98581,2026-01-16,16:57:46,INFO,AuthService,Health check passed: AuthService,E102,Health check passed: {service}
98582,2026-01-16,16:14:07,WARN,WebServer,Disk usage > 85% on node node-2,E202,Disk usage > 85% on node {node}
98583,2026-01-16,16:45:35,ERROR,WebServer,Connection refused to WebServer at 10.0.0.45,E501,Connection refused to {service} at {ip}
98584,2026-01-16,16:40:14,WARN,WebServer,Disk usage > 85% on node node-4,E202,Disk usage > 85% on node {node}
98585,2026-01-16,16:11:46,WARN,AuthService,High latency (1118ms) detected on AuthService,E201,High latency ({time}ms) detected on {service}
98586,2026-01-16,16:01:44,ERROR,WebServer,Timeout waiting for lock on InventoryDB,E502,Timeout waiting for lock on {db}
98587,2026-01-16,16:01:01,ERROR,WebServer,Connection refused to WebServer at 10.0.0.45,E501,Connection refused to {service} at {ip}
98588,2026-01-16,16:16:33,ERROR,WebServer,Payment declined: Gateway unavailable,E503,Payment declined: Gateway unavailable
98589,2026-01-16,16:40:36,WARN,AuthService,Disk usage > 85% on node node-2,E202,Disk usage > 85% on node {node}
98590,2026-01-16,16:39:43,ERROR,OrderProcessor,Payment declined: Gateway unavailable,E503,Payment declined: Gateway unavailable
98591,2026-01-16,16:06:15,ERROR,AuthService,Timeout waiting for lock on InventoryDB,E502,Timeout waiting for lock on {db}
98592,2026-01-16,16:04:28,ERROR,WebServer,Payment declined: Gateway unavailable,E503,Payment declined: Gateway unavailable
98593,2026-01-16,16:14:09,INFO,OrderProcessor,Page view: /home by u1182,E103,Page view: {page} by {user}
98594,2026-01-16,16:58:41,ERROR,InventoryDB,Payment declined: Gateway unavailable,E503,Payment declined: Gateway unavailable
98595,2026-01-16,16:27:02,ERROR,AuthService,Payment declined: Gateway unavailable,E503,Payment declined: Gateway unavailable
98596,2026-01-16,16:12:22,CRITICAL,WebServer,DATA CORRUPTION detected in sector 579,E602,DATA CORRUPTION detected in sector {sector}
98597,2026-01-16,16:29:19,CRITICAL,WebServer,KERNEL PANIC: Node node-5 crashed,E601,KERNEL PANIC: Node {node} crashed
98598,2026-01-16,16:32:59,INFO,AuthService,Transaction tx540189 completed in 461ms,E104,Transaction {tx} completed in {time}ms
98599,2026-01-16,16:54:34,CRITICAL,AuthService,DATA CORRUPTION detected in sector 839,E602,DATA CORRUPTION detected in sector {sector}
98600,2026-01-16,16:42:25,ERROR,WebServer,Connection refused to WebServer at 10.0.0.45,E501,Connection refused to {service} at {ip}
98601,2026-01-16,16:56:56,ERROR,AuthService,Payment declined: Gateway unavailable,E503,Payment declined: Gateway unavailable
98602,2026-01-16,16:55:37,ERROR,WebServer,Payment declined: Gateway unavailable,E503,Payment declined: Gateway unavailable
98603,2026-01-16,16:46:54,INFO,WebServer,Page view: /home by u3902,E103,Page view: {page} by {user}
98604,2026-01-16,16:18:19,WARN,WebServer,Disk usage > 85% on node node-1,E202,Disk usage > 85% on node {node}
98605,2026-01-16,16:38:27,INFO,WebServer,User u2691 login successful,E101,User {user} login successful
98606,2026-01-16,16:23:49,CRITICAL,InventoryDB,DATA CORRUPTION detected in sector 959,E602,DATA CORRUPTION detected in sector {sector}
98607,2026-01-16,16:32:22,ERROR,WebServer,Payment declined: Gateway unavailable,E503,Payment declined: Gateway unavailable
98608,2026-01-16,16:56:25,INFO,PaymentGateway,Health check passed: PaymentGateway,E102,Health check passed: {service}
98609,2026-01-16,16:28:01,INFO,OrderProcessor,Page view: /home by u1073,E103,Page view: {page} by {user}
98610,2026-01-16,16:38:50,WARN,WebServer,Disk usage > 85% on node node-3,E202,Disk usage > 85% on node {node}
98611,2026-01-16,16:53:08,ERROR,WebServer,Payment declined: Gateway unavailable,E503,Payment declined: Gateway unavailable
98612,2026-01-16,16:02:29,ERROR,WebServer,Payment declined: Gateway unavailable,E503,Payment declined: Gateway unavailable
98613,2026-01-16,16:25:13,INFO,WebServer,Page view: /home by u1516,E103,Page view: {page} by {user}
98614,2026-01-16,16:56:52,ERROR,PaymentGateway,Timeout waiting for lock on InventoryDB,E502,Timeout waiting for lock on {db}
98615,2026-01-16,16:26:05,CRITICAL,WebServer,DATA CORRUPTION detected in sector 641,E602,DATA CORRUPTION detected in sector {sector}
98616,2026-01-16,16:30:42,ERROR,WebServer,Timeout waiting for lock on InventoryDB,E502,Timeout waiting for lock on {db}
98617,2026-01-16,16:33:26,ERROR,WebServer,Connection refused to WebServer at 10.0.0.88,E501,Connection refused to {service} at {ip}
98618,2026-01-16,16:56:00,ERROR,WebServer,Timeout waiting for lock on InventoryDB,E502,Timeout waiting for lock on {db}
98619,2026-01-16,16:01:25,INFO,WebServer,Page view: /home by u2942,E103,Page view: {page} by {user}
98620,2026-01-16,16:55:43,ERROR,AuthService,Connection refused to AuthService at 10.0.0.45,E501,Connection refused to {service} at {ip}
98621,2026-01-16,16:37:21,ERROR,WebServer,Connection refused to WebServer at 10.0.0.45,E501,Connection refused to {service} at {ip}
98622,2026-01-16,16:05:32,INFO,PaymentGateway,Transaction tx892576 completed in 1622ms,E104,Transaction {tx} completed in {time}ms
98623,2026-01-16,16:08:09,ERROR,InventoryDB,Timeout waiting for lock on InventoryDB,E502,Timeout waiting for lock on {db}
98624,2026-01-16,16:47:58,INFO,AuthService,User u2560 login successful,E101,User {user} login successful
98625,2026-01-16,16:54:33,ERROR,AuthService,Payment declined: Gateway unavailable,E503,Payment declined: Gateway unavailable
98626,2026-01-16,16:32:39,ERROR,WebServer,Connection refused to WebServer at 10.0.0.45,E501,Connection refused to {service} at {ip}
98627,2026-01-16,16:54:57,INFO,AuthService,Transaction tx233296 completed in 1094ms,E104,Transaction {tx} completed in {time}ms
98628,2026-01-16,16:39:29,ERROR,AuthService,Connection refused to AuthService at 10.0.0.45,E501,Connection refused to {service} at {ip}
98629,2026-01-16,16:57:18,CRITICAL,WebServer,DATA CORRUPTION detected in sector 389,E602,DATA CORRUPTION detected in sector {sector}
98630,2026-01-16,16:01:54,INFO,WebServer,Page view: /home by u2595,E103,Page view: {page} by {user}
98631,2026-01-16,16:16:54,CRITICAL,WebServer,KERNEL PANIC: Node node-4 crashed,E601,KERNEL PANIC: Node {node} crashed
98632,2026-01-16,16:16:58,CRITICAL,WebServer,KERNEL PANIC: Node node-3 crashed,E601,KERNEL PANIC: Node {node} crashed
98633,2026-01-16,16:02:41,ERROR,WebServer,Timeout waiting for lock on InventoryDB,E502,Timeout waiting for lock on {db}
98634,2026-01-16,16:17:25,ERROR,WebServer,Payment declined: Gateway unavailable,E503,Payment declined: Gateway unavailable
98635,2026-01-16,16:53:58,ERROR,WebServer,Timeout waiting for lock on InventoryDB,E502,Timeout waiting for lock on {db}
98636,2026-01-16,16:42:25,INFO,AuthService,Transaction tx565088 completed in 68ms,E104,Transaction {tx} completed in {time}ms
98637,2026-01-16,16:15:31,WARN,AuthService,Disk usage > 85% on node node-5,E202,Disk usage > 85% on node {node}
98638,2026-01-16,16:18:54,INFO,PaymentGateway,Page view: /home by u4253,E103,Page view: {page} by {user}
98639,2026-01-16,16:51:56,CRITICAL,OrderProcessor,DATA CORRUPTION detected in sector 153,E602,DATA CORRUPTION detected in sector {sector}
98640,2026-01-16,16:01:43,ERROR,WebServer,Connection refused to WebServer at 10.0.0.45,E501,Connection refused to {service} at {ip}
98641,2026-01-16,16:36:34,INFO,OrderProcessor,Health check passed: OrderProcessor,E102,Health check passed: {service}
98642,2026-01-16,16:41:59,ERROR,PaymentGateway,Timeout waiting for lock on InventoryDB,E502,Timeout waiting for lock on {db}
98643,2026-01-16,16:54:37,ERROR,PaymentGateway,Connection refused to PaymentGateway at 10.0.0.99,E501,Connection refused to {service} at {ip}
98644,2026-01-16,16:52:33,ERROR,WebServer,Connection refused to WebServer at 10.0.0.45,E501,Connection refused to {service} at {ip}
98645,2026-01-16,16:23:06,WARN,WebServer,Unauthorized access attempt from 10.0.0.45,E401,Unauthorized access attempt from {ip}
98646,2026-01-16,16:38:23,CRITICAL,WebServer,DATA CORRUPTION detected in sector 705,E602,DATA CORRUPTION detected in sector {sector}
98647,2026-01-16,16:22:09,INFO,WebServer,User u3322 login successful,E101,User {user} login successful
98648,2026-01-16,16:01:38,ERROR,WebServer,Connection refused to WebServer at 10.0.0.45,E501,Connection refused to {service} at {ip}
98649,2026-01-16,16:02:42,ERROR,WebServer,Connection refused to WebServer at 10.0.0.12,E501,Connection refused to {service} at {ip}
98650,2026-01-16,16:39:19,WARN,OrderProcessor,Disk usage > 85% on node node-2,E202,Disk usage > 85% on node {node}
98651,2026-01-16,16:58:14,INFO,AuthService,Health check passed: AuthService,E102,Health check passed: {service}
98652,2026-01-16,16:09:26,ERROR,WebServer,Connection refused to WebServer at 10.0.0.88,E501,Connection refused to {service} at {ip}
98653,2026-01-16,16:03:53,ERROR,OrderProcessor,Payment declined: Gateway unavailable,E503,Payment declined: Gateway unavailable
98654,2026-01-16,16:35:13,INFO,OrderProcessor,Health check passed: OrderProcessor,E102,Health check passed: {service}
98655,2026-01-16,16:51:40,ERROR,AuthService,Timeout waiting for lock on InventoryDB,E502,Timeout waiting for lock on {db}
98656,2026-01-16,16:55:04,INFO,AuthService,Transaction tx269713 completed in 1671ms,E104,Transaction {tx} completed in {time}ms
98657,2026-01-16,16:32:33,INFO,WebServer,Page view: /home by u1780,E103,Page view: {page} by {user}
98658,2026-01-16,16:24:22,WARN,AuthService,Disk usage > 85% on node node-2,E202,Disk usage > 85% on node {node}
98659,2026-01-16,16:41:54,CRITICAL,AuthService,DATA CORRUPTION detected in sector 896,E602,DATA CORRUPTION detected in sector {sector}
98660,2026-01-16,16:21:53,WARN,PaymentGateway,Unauthorized access attempt from 10.0.0.45,E401,Unauthorized access attempt from {ip}
98661,2026-01-16,16:02:06,INFO,OrderProcessor,Transaction tx602870 completed in 1647ms,E104,Transaction {tx} completed in {time}ms
98662,2026-01-16,16:00:57,ERROR,AuthService,Connection refused to AuthService at 10.0.0.45,E501,Connection refused to {service} at {ip}
98663,2026-01-16,16:00:15,INFO,WebServer,Page view: /home by u1316,E103,Page view: {page} by {user}
98664,2026-01-16,16:12:47,INFO,WebServer,Page view: /home by u1542,E103,Page view: {page} by {user}
98665,2026-01-16,16:19:52,INFO,OrderProcessor,Transaction tx833414 completed in 168ms,E104,Transaction {tx} completed in {time}ms
98666,2026-01-16,16:29:21,INFO,WebServer,Transaction tx762555 completed in 1694ms,E104,Transaction {tx} completed in {time}ms
98667,2026-01-16,16:35:41,INFO,PaymentGateway,Transaction tx449763 completed in 1747ms,E104,Transaction {tx} completed in {time}ms
98668,2026-01-16,16:51:48,CRITICAL,AuthService,DATA CORRUPTION detected in sector 485,E602,DATA CORRUPTION detected in sector {sector}
98669,2026-01-16,16:12:24,INFO,PaymentGateway,Health check passed: PaymentGateway,E102,Health check passed: {service}
98670,2026-01-16,16:25:53,WARN,AuthService,High latency (1323ms) detected on AuthService,E201,High latency ({time}ms) detected on {service}
98671,2026-01-16,16:57:46,WARN,OrderProcessor,Disk usage > 85% on node node-3,E202,Disk usage > 85% on node {node}
98672,2026-01-16,16:26:49,ERROR,WebServer,Payment declined: Gateway unavailable,E503,Payment declined: Gateway unavailable
98673,2026-01-16,16:46:06,ERROR,WebServer,Connection refused to WebServer at 10.0.0.45,E501,Connection refused to {service} at {ip}
98674,2026-01-16,16:19:50,WARN,AuthService,Unauthorized access attempt from 10.0.0.45,E401,Unauthorized access attempt from {ip}
98675,2026-01-16,16:18:10,INFO,AuthService,User u3450 login successful,E101,User {user} login successful
98676,2026-01-16,16:29:02,INFO,OrderProcessor,Health check passed: OrderProcessor,E102,Health check passed: {service}
98677,2026-01-16,16:58:07,INFO,AuthService,User u2732 login successful,E101,User {user} login successful
98678,2026-01-16,16:45:48,WARN,WebServer,High latency (47ms) detected on WebServer,E201,High latency ({time}ms) detected on {service}
98679,2026-01-16,16:17:26,ERROR,InventoryDB,Timeout waiting for lock on InventoryDB,E502,Timeout waiting for lock on {db}
98680,2026-01-16,16:53:05,ERROR,WebServer,Payment declined: Gateway unavailable,E503,Payment declined: Gateway unavailable
98681,2026-01-16,16:21:27,WARN,WebServer,High latency (733ms) detected on WebServer,E201,High latency ({time}ms) detected on {service}
98682,2026-01-16,16:33:12,INFO,AuthService,Transaction tx233560 completed in 685ms,E104,Transaction {tx} completed in {time}ms
98683,2026-01-16,16:34:02,INFO,WebServer,User u1031 login successful,E101,User {user} login successful
98684,2026-01-16,16:00:32,CRITICAL,WebServer,KERNEL PANIC: Node node-4 crashed,E601,KERNEL PANIC: Node {node} crashed
98685,2026-01-16,16:01:57,INFO,InventoryDB,User u4915 login successful,E101,User {user} login successful
98686,2026-01-16,16:01:39,INFO,WebServer,Page view: /home by u1140,E103,Page view: {page} by {user}
98687,2026-01-16,16:09:51,WARN,PaymentGateway,High latency (1583ms) detected on PaymentGateway,E201,High latency ({time}ms) detected on {service}
98688,2026-01-16,16:13:28,ERROR,AuthService,Timeout waiting for lock on InventoryDB,E502,Timeout waiting for lock on {db}
98689,2026-01-16,16:48:39,WARN,InventoryDB,High latency (1546ms) detected on InventoryDB,E201,High latency ({time}ms) detected on {service}
98690,2026-01-16,16:18:08,INFO,WebServer,Health check passed: WebServer,E102,Health check passed: {service}
98691,2026-01-16,16:42:57,INFO,WebServer,User u4814 login successful,E101,User {user} login successful
98692,2026-01-16,16:52:42,ERROR,OrderProcessor,Timeout waiting for lock on InventoryDB,E502,Timeout waiting for lock on {db}
98693,2026-01-16,16:02:10,CRITICAL,WebServer,DATA CORRUPTION detected in sector 985,E602,DATA CORRUPTION detected in sector {sector}
98694,2026-01-16,16:34:50,INFO,PaymentGateway,User u3500 login successful,E101,User {user} login successful
98695,2026-01-16,16:08:37,INFO,WebServer,User u1788 login successful,E101,User {user} login successful
98696,2026-01-16,16:56:51,INFO,OrderProcessor,User u1488 login successful,E101,User {user} login successful
98697,2026-01-16,16:06:54,ERROR,WebServer,Timeout waiting for lock on InventoryDB,E502,Timeout waiting for lock on {db}
98698,2026-01-16,16:09:02,CRITICAL,WebServer,DATA CORRUPTION detected in sector 954,E602,DATA CORRUPTION detected in sector {sector}
98699,2026-01-16,16:30:07,ERROR,OrderProcessor,Timeout waiting for lock on InventoryDB,E502,Timeout waiting for lock on {db}
98700,2026-01-16,16:58:28,WARN,AuthService,Disk usage > 85% on node node-2,E202,Disk usage > 85% on node {node}
98701,2026-01-16,16:11:03,ERROR,PaymentGateway,Payment declined: Gateway unavailable,E503,Payment declined: Gateway unavailable
98702,2026-01-16,16:28:44,ERROR,WebServer,Payment declined: Gateway unavailable,E503,Payment declined: Gateway unavailable
98703,2026-01-16,16:12:54,INFO,OrderProcessor,Health check passed: OrderProcessor,E102,Health check passed: {service}
98704,2026-01-16,16:06:24,ERROR,WebServer,Connection refused to WebServer at 10.0.0.12,E501,Connection refused to {service} at {ip}
98705,2026-01-16,16:40:03,INFO,WebServer,Health check passed: WebServer,E102,Health check passed: {service}
98706,2026-01-16,16:47:22,WARN,PaymentGateway,Disk usage > 85% on node node-5,E202,Disk usage > 85% on node {node}
98707,2026-01-16,16:47:29,INFO,AuthService,User u2709 login successful,E101,User {user} login successful
98708,2026-01-16,16:10:23,ERROR,OrderProcessor,Timeout waiting for lock on InventoryDB,E502,Timeout waiting for lock on {db}
98709,2026-01-16,16:00:45,INFO,OrderProcessor,Page view: /home by u2976,E103,Page view: {page} by {user}
98710,2026-01-16,16:35:31,WARN,WebServer,High latency (1645ms) detected on WebServer,E201,High latency ({time}ms) detected on {service}
98711,2026-01-16,16:05:50,CRITICAL,OrderProcessor,KERNEL PANIC: Node node-4 crashed,E601,KERNEL PANIC: Node {node} crashed
98712,2026-01-16,16:27:51,INFO,WebServer,Health check passed: WebServer,E102,Health check passed: {service}
98713,2026-01-16,16:05:54,CRITICAL,WebServer,DATA CORRUPTION detected in sector 324,E602,DATA CORRUPTION detected in sector {sector}
98714,2026-01-16,16:09:29,INFO,WebServer,Transaction tx135735 completed in 1872ms,E104,Transaction {tx} completed in {time}ms
98715,2026-01-16,16:13:09,WARN,WebServer,Disk usage > 85% on node node-2,E202,Disk usage > 85% on node {node}
98716,2026-01-16,16:23:28,INFO,WebServer,Health check passed: WebServer,E102,Health check passed: {service}
98717,2026-01-16,16:09:44,ERROR,AuthService,Timeout waiting for lock on InventoryDB,E502,Timeout waiting for lock on {db}
98718,2026-01-16,16:05:43,CRITICAL,WebServer,DATA CORRUPTION detected in sector 927,E602,DATA CORRUPTION detected in sector {sector}
98719,2026-01-16,16:57:02,WARN,WebServer,Unauthorized access attempt from 10.0.0.45,E401,Unauthorized access attempt from {ip}
98720,2026-01-16,16:00:04,INFO,WebServer,Page view: /home by u2393,E103,Page view: {page} by {user}
98721,2026-01-16,16:06:28,ERROR,AuthService,Timeout waiting for lock on InventoryDB,E502,Timeout waiting for lock on {db}
98722,2026-01-16,16:04:22,WARN,AuthService,High latency (114ms) detected on AuthService,E201,High latency ({time}ms) detected on {service}
98723,2026-01-16,16:24:06,ERROR,WebServer,Timeout waiting for lock on InventoryDB,E502,Timeout waiting for lock on {db}
98724,2026-01-16,16:40:02,INFO,AuthService,Transaction tx179372 completed in 1508ms,E104,Transaction {tx} completed in {time}ms
98725,2026-01-16,16:14:32,ERROR,AuthService,Timeout waiting for lock on InventoryDB,E502,Timeout waiting for lock on {db}
98726,2026-01-16,16:24:33,ERROR,OrderProcessor,Timeout waiting for lock on InventoryDB,E502,Timeout waiting for lock on {db}
98727,2026-01-16,16:02:30,INFO,WebServer,Page view: /home by u3288,E103,Page view: {page} by {user}
98728,2026-01-16,16:06:18,ERROR,WebServer,Connection refused to WebServer at 10.0.0.45,E501,Connection refused to {service} at {ip}
98729,2026-01-16,16:23:38,ERROR,OrderProcessor,Connection refused to OrderProcessor at 10.0.0.45,E501,Connection refused to {service} at {ip}
98730,2026-01-16,16:31:35,ERROR,AuthService,Payment declined: Gateway unavailable,E503,Payment declined: Gateway unavailable
98731,2026-01-16,16:57:14,INFO,OrderProcessor,User u1295 login successful,E101,User {user} login successful
98732,2026-01-16,16:51:22,ERROR,WebServer,Payment declined: Gateway unavailable,E503,Payment declined: Gateway unavailable
98733,2026-01-16,16:53:45,INFO,OrderProcessor,Page view: /home by u3675,E103,Page view: {page} by {user}
98734,2026-01-16,16:49:05,INFO,WebServer,User u3294 login successful,E101,User {user} login successful
98735,2026-01-16,16:04:51,ERROR,InventoryDB,Timeout waiting for lock on InventoryDB,E502,Timeout waiting for lock on {db}
98736,2026-01-16,16:49:59,CRITICAL,AuthService,KERNEL PANIC: Node node-5 crashed,E601,KERNEL PANIC: Node {node} crashed
98737,2026-01-16,16:05:15,INFO,OrderProcessor,Transaction tx625286 completed in 1190ms,E104,Transaction {tx} completed in {time}ms
98738,2026-01-16,16:32:52,ERROR,OrderProcessor,Connection refused to OrderProcessor at 10.0.0.45,E501,Connection refused to {service} at {ip}
98739,2026-01-16,16:08:31,ERROR,OrderProcessor,Connection refused to OrderProcessor at 10.0.0.12,E501,Connection refused to {service} at {ip}
98740,2026-01-16,16:14:17,INFO,WebServer,Health check passed: WebServer,E102,Health check passed: {service}
98741,2026-01-16,16:39:12,ERROR,AuthService,Connection refused to AuthService at 10.0.0.12,E501,Connection refused to {service} at {ip}
98742,2026-01-16,16:41:35,INFO,PaymentGateway,Page view: /home by u1188,E103,Page view: {page} by {user}
98743,2026-01-16,16:11:56,WARN,WebServer,High latency (1984ms) detected on WebServer,E201,High latency ({time}ms) detected on {service}
98744,2026-01-16,16:35:05,ERROR,WebServer,Timeout waiting for lock on InventoryDB,E502,Timeout waiting for lock on {db}
98745,2026-01-16,16:10:37,WARN,WebServer,High latency (434ms) detected on WebServer,E201,High latency ({time}ms) detected on {service}
98746,2026-01-16,16:59:31,INFO,WebServer,Health check passed: WebServer,E102,Health check passed: {service}
98747,2026-01-16,16:51:54,ERROR,WebServer,Timeout waiting for lock on InventoryDB,E502,Timeout waiting for lock on {db}
98748,2026-01-16,16:04:31,WARN,WebServer,High latency (129ms) detected on WebServer,E201,High latency ({time}ms) detected on {service}
98749,2026-01-16,16:55:07,ERROR,AuthService,Timeout waiting for lock on InventoryDB,E502,Timeout waiting for lock on {db}
98750,2026-01-16,16:21:02,ERROR,AuthService,Payment declined: Gateway unavailable,E503,Payment declined: Gateway unavailable
98751,2026-01-16,16:02:54,ERROR,AuthService,Payment declined: Gateway unavailable,E503,Payment declined: Gateway unavailable
98752,2026-01-16,16:15:01,WARN,WebServer,Unauthorized access attempt from 10.0.0.45,E401,Unauthorized access attempt from {ip}
98753,2026-01-16,16:07:45,ERROR,AuthService,Connection refused to AuthService at 10.0.0.45,E501,Connection refused to {service} at {ip}
98754,2026-01-16,16:41:18,INFO,WebServer,Page view: /home by u4970,E103,Page view: {page} by {user}
98755,2026-01-16,16:15:24,ERROR,AuthService,Connection refused to AuthService at 10.0.0.45,E501,Connection refused to {service} at {ip}
98756,2026-01-16,16:03:02,INFO,PaymentGateway,User u2315 login successful,E101,User {user} login successful
98757,2026-01-16,16:42:26,INFO,WebServer,Transaction tx588600 completed in 1887ms,E104,Transaction {tx} completed in {time}ms
98758,2026-01-16,16:41:52,INFO,AuthService,User u2951 login successful,E101,User {user} login successful
98759,2026-01-16,16:14:42,WARN,AuthService,Disk usage > 85% on node node-2,E202,Disk usage > 85% on node {node}
98760,2026-01-16,16:13:40,WARN,OrderProcessor,Disk usage > 85% on node node-1,E202,Disk usage > 85% on node {node}
98761,2026-01-16,16:59:27,ERROR,OrderProcessor,Connection refused to OrderProcessor at 10.0.0.45,E501,Connection refused to {service} at {ip}
98762,2026-01-16,16:30:20,INFO,WebServer,Health check passed: WebServer,E102,Health check passed: {service}
98763,2026-01-16,16:11:18,CRITICAL,InventoryDB,KERNEL PANIC: Node node-3 crashed,E601,KERNEL PANIC: Node {node} crashed
98764,2026-01-16,16:54:20,ERROR,OrderProcessor,Payment declined: Gateway unavailable,E503,Payment declined: Gateway unavailable
98765,2026-01-16,16:47:34,ERROR,WebServer,Payment declined: Gateway unavailable,E503,Payment declined: Gateway unavailable
98766,2026-01-16,16:34:39,ERROR,WebServer,Timeout waiting for lock on InventoryDB,E502,Timeout waiting for lock on {db}
98767,2026-01-16,16:53:26,WARN,WebServer,Unauthorized access attempt from 10.0.0.45,E401,Unauthorized access attempt from {ip}
98768,2026-01-16,16:56:53,WARN,WebServer,Disk usage > 85% on node node-5,E202,Disk usage > 85% on node {node}
98769,2026-01-16,16:45:18,WARN,PaymentGateway,Disk usage > 85% on node node-1,E202,Disk usage > 85% on node {node}
98770,2026-01-16,16:13:41,INFO,AuthService,Transaction tx766557 completed in 1906ms,E104,Transaction {tx} completed in {time}ms
98771,2026-01-16,16:40:35,ERROR,WebServer,Timeout waiting for lock on InventoryDB,E502,Timeout waiting for lock on {db}
98772,2026-01-16,16:18:23,CRITICAL,AuthService,KERNEL PANIC: Node node-5 crashed,E601,KERNEL PANIC: Node {node} crashed
98773,2026-01-16,16:40:17,WARN,OrderProcessor,Unauthorized access attempt from 10.0.0.88,E401,Unauthorized access attempt from {ip}
98774,2026-01-16,16:29:01,ERROR,AuthService,Connection refused to AuthService at 10.0.0.45,E501,Connection refused to {service} at {ip}
98775,2026-01-16,16:07:50,ERROR,WebServer,Connection refused to WebServer at 10.0.0.45,E501,Connection refused to {service} at {ip}
98776,2026-01-16,16:38:39,ERROR,OrderProcessor,Payment declined: Gateway unavailable,E503,Payment declined: Gateway unavailable
98777,2026-01-16,16:31:52,INFO,WebServer,Health check passed: WebServer,E102,Health check passed: {service}
98778,2026-01-16,16:02:39,ERROR,WebServer,Payment declined: Gateway unavailable,E503,Payment declined: Gateway unavailable
98779,2026-01-16,16:38:29,INFO,WebServer,Health check passed: WebServer,E102,Health check passed: {service}
98780,2026-01-16,16:09:17,ERROR,PaymentGateway,Payment declined: Gateway unavailable,E503,Payment declined: Gateway unavailable
98781,2026-01-16,16:35:24,INFO,WebServer,User u2516 login successful,E101,User {user} login successful
98782,2026-01-16,16:30:38,ERROR,AuthService,Connection refused to AuthService at 10.0.0.99,E501,Connection refused to {service} at {ip}
98783,2026-01-16,16:41:56,INFO,WebServer,Transaction tx511075 completed in 893ms,E104,Transaction {tx} completed in {time}ms
98784,2026-01-16,16:52:48,ERROR,OrderProcessor,Timeout waiting for lock on InventoryDB,E502,Timeout waiting for lock on {db}
98785,2026-01-16,16:24:16,INFO,AuthService,Transaction tx792621 completed in 555ms,E104,Transaction {tx} completed in {time}ms
98786,2026-01-16,16:09:52,WARN,WebServer,High latency (1125ms) detected on WebServer,E201,High latency ({time}ms) detected on {service}
98787,2026-01-16,16:21:43,INFO,OrderProcessor,User u1726 login successful,E101,User {user} login successful
98788,2026-01-16,16:41:36,ERROR,OrderProcessor,Connection refused to OrderProcessor at 10.0.0.99,E501,Connection refused to {service} at {ip}
98789,2026-01-16,16:36:15,ERROR,InventoryDB,Connection refused to InventoryDB at 10.0.0.45,E501,Connection refused to {service} at {ip}
98790,2026-01-16,16:13:50,ERROR,WebServer,Payment declined: Gateway unavailable,E503,Payment declined: Gateway unavailable
98791,2026-01-16,16:27:48,ERROR,OrderProcessor,Payment declined: Gateway unavailable,E503,Payment declined: Gateway unavailable
98792,2026-01-16,16:11:44,ERROR,AuthService,Payment declined: Gateway unavailable,E503,Payment declined: Gateway unavailable
98793,2026-01-16,16:34:26,ERROR,InventoryDB,Timeout waiting for lock on InventoryDB,E502,Timeout waiting for lock on {db}
98794,2026-01-16,16:29:21,ERROR,WebServer,Connection refused to WebServer at 10.0.0.45,E501,Connection refused to {service} at {ip}
98795,2026-01-16,16:14:42,INFO,AuthService,Health check passed: AuthService,E102,Health check passed: {service}
98796,2026-01-16,16:37:00,INFO,WebServer,User u3849 login successful,E101,User {user} login successful
98797,2026-01-16,16:14:43,INFO,PaymentGateway,Health check passed: PaymentGateway,E102,Health check passed: {service}
98798,2026-01-16,16:02:14,INFO,AuthService,Health check passed: AuthService,E102,Health check passed: {service}
98799,2026-01-16,16:08:31,INFO,AuthService,Health check passed: AuthService,E102,Health check passed: {service}
98800,2026-01-16,16:11:38,WARN,OrderProcessor,Disk usage > 85% on node node-1,E202,Disk usage > 85% on node {node}
98801,2026-01-16,16:54:43,ERROR,OrderProcessor,Timeout waiting for lock on InventoryDB,E502,Timeout waiting for lock on {db}
98802,2026-01-16,16:52:05,INFO,OrderProcessor,Page view: /home by u1878,E103,Page view: {page} by {user}
98803,2026-01-16,16:00:17,ERROR,WebServer,Timeout waiting for lock on InventoryDB,E502,Timeout waiting for lock on {db}
98804,2026-01-16,16:44:57,WARN,WebServer,High latency (1205ms) detected on WebServer,E201,High latency ({time}ms) detected on {service}
98805,2026-01-16,16:51:51,CRITICAL,OrderProcessor,KERNEL PANIC: Node node-5 crashed,E601,KERNEL PANIC: Node {node} crashed
98806,2026-01-16,16:26:23,INFO,PaymentGateway,Transaction tx667127 completed in 1774ms,E104,Transaction {tx} completed in {time}ms
98807,2026-01-16,16:27:22,WARN,WebServer,Disk usage > 85% on node node-2,E202,Disk usage > 85% on node {node}
98808,2026-01-16,16:25:50,INFO,AuthService,Health check passed: AuthService,E102,Health check passed: {service}
98809,2026-01-16,16:55:21,WARN,WebServer,Unauthorized access attempt from 10.0.0.45,E401,Unauthorized access attempt from {ip}
98810,2026-01-16,16:01:01,ERROR,AuthService,Timeout waiting for lock on InventoryDB,E502,Timeout waiting for lock on {db}
98811,2026-01-16,16:43:22,ERROR,InventoryDB,Connection refused to InventoryDB at 10.0.0.45,E501,Connection refused to {service} at {ip}
98812,2026-01-16,16:24:39,ERROR,AuthService,Connection refused to AuthService at 10.0.0.45,E501,Connection refused to {service} at {ip}
98813,2026-01-16,16:33:37,INFO,WebServer,User u1156 login successful,E101,User {user} login successful
98814,2026-01-16,16:40:40,WARN,PaymentGateway,Disk usage > 85% on node node-1,E202,Disk usage > 85% on node {node}
98815,2026-01-16,16:17:40,INFO,AuthService,Page view: /home by u1354,E103,Page view: {page} by {user}
98816,2026-01-16,16:20:10,ERROR,WebServer,Connection refused to WebServer at 10.0.0.10,E501,Connection refused to {service} at {ip}
98817,2026-01-16,16:27:24,ERROR,AuthService,Timeout waiting for lock on InventoryDB,E502,Timeout waiting for lock on {db}
98818,2026-01-16,16:14:48,ERROR,OrderProcessor,Connection refused to OrderProcessor at 10.0.0.12,E501,Connection refused to {service} at {ip}
98819,2026-01-16,16:31:31,INFO,OrderProcessor,User u2592 login successful,E101,User {user} login successful
98820,2026-01-16,16:30:48,INFO,WebServer,Transaction tx562886 completed in 1035ms,E104,Transaction {tx} completed in {time}ms
98821,2026-01-16,16:26:09,INFO,WebServer,Transaction tx227173 completed in 1237ms,E104,Transaction {tx} completed in {time}ms
98822,2026-01-16,16:08:41,ERROR,OrderProcessor,Connection refused to OrderProcessor at 10.0.0.12,E501,Connection refused to {service} at {ip}
98823,2026-01-16,16:07:30,INFO,InventoryDB,Transaction tx313976 completed in 1389ms,E104,Transaction {tx} completed in {time}ms
98824,2026-01-16,16:09:24,INFO,WebServer,Transaction tx743273 completed in 615ms,E104,Transaction {tx} completed in {time}ms
98825,2026-01-16,16:12:47,WARN,WebServer,High latency (533ms) detected on WebServer,E201,High latency ({time}ms) detected on {service}
98826,2026-01-16,16:25:53,INFO,WebServer,Page view: /home by u1861,E103,Page view: {page} by {user}
98827,2026-01-16,16:51:15,ERROR,AuthService,Payment declined: Gateway unavailable,E503,Payment declined: Gateway unavailable
98828,2026-01-16,16:04:17,CRITICAL,WebServer,KERNEL PANIC: Node node-4 crashed,E601,KERNEL PANIC: Node {node} crashed
98829,2026-01-16,16:09:59,WARN,PaymentGateway,Unauthorized access attempt from 10.0.0.88,E401,Unauthorized access attempt from {ip}
98830,2026-01-16,16:32:55,WARN,WebServer,High latency (1769ms) detected on WebServer,E201,High latency ({time}ms) detected on {service}
98831,2026-01-16,16:58:12,ERROR,WebServer,Payment declined: Gateway unavailable,E503,Payment declined: Gateway unavailable
98832,2026-01-16,16:46:13,ERROR,WebServer,Payment declined: Gateway unavailable,E503,Payment declined: Gateway unavailable
98833,2026-01-16,16:36:08,ERROR,WebServer,Payment declined: Gateway unavailable,E503,Payment declined: Gateway unavailable
98834,2026-01-16,16:45:21,CRITICAL,InventoryDB,DATA CORRUPTION detected in sector 744,E602,DATA CORRUPTION detected in sector {sector}
98835,2026-01-16,16:01:25,ERROR,WebServer,Timeout waiting for lock on InventoryDB,E502,Timeout waiting for lock on {db}
98836,2026-01-16,16:12:15,ERROR,OrderProcessor,Payment declined: Gateway unavailable,E503,Payment declined: Gateway unavailable
98837,2026-01-16,16:37:39,INFO,AuthService,Transaction tx379405 completed in 425ms,E104,Transaction {tx} completed in {time}ms
98838,2026-01-16,16:17:03,ERROR,AuthService,Timeout waiting for lock on InventoryDB,E502,Timeout waiting for lock on {db}
98839,2026-01-16,16:01:02,ERROR,AuthService,Timeout waiting for lock on InventoryDB,E502,Timeout waiting for lock on {db}
98840,2026-01-16,16:09:12,INFO,AuthService,Transaction tx116456 completed in 1247ms,E104,Transaction {tx} completed in {time}ms
98841,2026-01-16,16:29:00,ERROR,InventoryDB,Connection refused to InventoryDB at 10.0.0.45,E501,Connection refused to {service} at {ip}
98842,2026-01-16,16:28:14,ERROR,AuthService,Connection refused to AuthService at 10.0.0.45,E501,Connection refused to {service} at {ip}
98843,2026-01-16,16:35:37,ERROR,WebServer,Timeout waiting for lock on InventoryDB,E502,Timeout waiting for lock on {db}
98844,2026-01-16,16:30:20,CRITICAL,AuthService,KERNEL PANIC: Node node-1 crashed,E601,KERNEL PANIC: Node {node} crashed
98845,2026-01-16,16:10:02,ERROR,AuthService,Payment declined: Gateway unavailable,E503,Payment declined: Gateway unavailable
98846,2026-01-16,16:19:58,INFO,WebServer,Transaction tx791114 completed in 700ms,E104,Transaction {tx} completed in {time}ms
98847,2026-01-16,16:40:41,ERROR,PaymentGateway,Timeout waiting for lock on InventoryDB,E502,Timeout waiting for lock on {db}
98848,2026-01-16,16:38:22,INFO,WebServer,Page view: /home by u3819,E103,Page view: {page} by {user}
98849,2026-01-16,16:56:59,CRITICAL,AuthService,DATA CORRUPTION detected in sector 506,E602,DATA CORRUPTION detected in sector {sector}
98850,2026-01-16,16:38:18,ERROR,InventoryDB,Connection refused to InventoryDB at 10.0.0.45,E501,Connection refused to {service} at {ip}
98851,2026-01-16,16:18:19,INFO,WebServer,Health check passed: WebServer,E102,Health check passed: {service}
98852,2026-01-16,16:08:07,INFO,WebServer,Page view: /home by u2195,E103,Page view: {page} by {user}
98853,2026-01-16,16:37:00,ERROR,InventoryDB,Timeout waiting for lock on InventoryDB,E502,Timeout waiting for lock on {db}
98854,2026-01-16,16:48:52,CRITICAL,WebServer,DATA CORRUPTION detected in sector 131,E602,DATA CORRUPTION detected in sector {sector}
98855,2026-01-16,16:06:18,INFO,AuthService,User u2782 login successful,E101,User {user} login successful
98856,2026-01-16,16:40:34,WARN,AuthService,Disk usage > 85% on node node-1,E202,Disk usage > 85% on node {node}
98857,2026-01-16,16:01:28,CRITICAL,OrderProcessor,DATA CORRUPTION detected in sector 666,E602,DATA CORRUPTION detected in sector {sector}
98858,2026-01-16,16:10:16,INFO,InventoryDB,Transaction tx936938 completed in 806ms,E104,Transaction {tx} completed in {time}ms
98859,2026-01-16,16:09:34,WARN,WebServer,Disk usage > 85% on node node-4,E202,Disk usage > 85% on node {node}
98860,2026-01-16,16:08:24,ERROR,AuthService,Timeout waiting for lock on InventoryDB,E502,Timeout waiting for lock on {db}
98861,2026-01-16,16:29:36,WARN,WebServer,High latency (1597ms) detected on WebServer,E201,High latency ({time}ms) detected on {service}
98862,2026-01-16,16:01:16,CRITICAL,WebServer,DATA CORRUPTION detected in sector 231,E602,DATA CORRUPTION detected in sector {sector}
98863,2026-01-16,16:31:32,WARN,WebServer,Disk usage > 85% on node node-2,E202,Disk usage > 85% on node {node}
98864,2026-01-16,16:44:27,WARN,WebServer,Disk usage > 85% on node node-1,E202,Disk usage > 85% on node {node}
98865,2026-01-16,16:37:59,INFO,PaymentGateway,Transaction tx793788 completed in 633ms,E104,Transaction {tx} completed in {time}ms
98866,2026-01-16,16:37:24,INFO,WebServer,Health check passed: WebServer,E102,Health check passed: {service}
98867,2026-01-16,16:16:41,ERROR,AuthService,Payment declined: Gateway unavailable,E503,Payment declined: Gateway unavailable
98868,2026-01-16,16:35:43,WARN,OrderProcessor,High latency (1786ms) detected on OrderProcessor,E201,High latency ({time}ms) detected on {service}
98869,2026-01-16,16:50:37,WARN,PaymentGateway,Unauthorized access attempt from 10.0.0.45,E401,Unauthorized access attempt from {ip}
98870,2026-01-16,16:04:25,WARN,AuthService,Disk usage > 85% on node node-2,E202,Disk usage > 85% on node {node}
98871,2026-01-16,16:42:10,WARN,AuthService,Disk usage > 85% on node node-2,E202,Disk usage > 85% on node {node}
98872,2026-01-16,16:57:13,ERROR,AuthService,Timeout waiting for lock on InventoryDB,E502,Timeout waiting for lock on {db}
98873,2026-01-16,16:09:13,INFO,WebServer,Page view: /home by u2953,E103,Page view: {page} by {user}
98874,2026-01-16,16:45:02,ERROR,OrderProcessor,Timeout waiting for lock on InventoryDB,E502,Timeout waiting for lock on {db}
98875,2026-01-16,16:54:22,ERROR,OrderProcessor,Connection refused to OrderProcessor at 10.0.0.45,E501,Connection refused to {service} at {ip}
98876,2026-01-16,16:49:10,ERROR,WebServer,Payment declined: Gateway unavailable,E503,Payment declined: Gateway unavailable
98877,2026-01-16,16:21:27,ERROR,OrderProcessor,Payment declined: Gateway unavailable,E503,Payment declined: Gateway unavailable
98878,2026-01-16,16:20:46,ERROR,AuthService,Connection refused to AuthService at 10.0.0.45,E501,Connection refused to {service} at {ip}
98879,2026-01-16,16:16:17,ERROR,InventoryDB,Payment declined: Gateway unavailable,E503,Payment declined: Gateway unavailable
98880,2026-01-16,16:23:50,CRITICAL,AuthService,DATA CORRUPTION detected in sector 907,E602,DATA CORRUPTION detected in sector {sector}
98881,2026-01-16,16:21:18,ERROR,PaymentGateway,Connection refused to PaymentGateway at 10.0.0.45,E501,Connection refused to {service} at {ip}
98882,2026-01-16,16:17:32,CRITICAL,WebServer,KERNEL PANIC: Node node-4 crashed,E601,KERNEL PANIC: Node {node} crashed
98883,2026-01-16,16:12:05,CRITICAL,AuthService,DATA CORRUPTION detected in sector 223,E602,DATA CORRUPTION detected in sector {sector}
98884,2026-01-16,16:33:41,INFO,WebServer,Page view: /home by u2701,E103,Page view: {page} by {user}
98885,2026-01-16,16:19:45,WARN,InventoryDB,High latency (172ms) detected on InventoryDB,E201,High latency ({time}ms) detected on {service}
98886,2026-01-16,16:57:26,INFO,WebServer,Health check passed: WebServer,E102,Health check passed: {service}
98887,2026-01-16,16:03:28,CRITICAL,AuthService,DATA CORRUPTION detected in sector 834,E602,DATA CORRUPTION detected in sector {sector}
98888,2026-01-16,16:46:00,INFO,WebServer,Health check passed: WebServer,E102,Health check passed: {service}
98889,2026-01-16,16:16:22,INFO,WebServer,Transaction tx944611 completed in 787ms,E104,Transaction {tx} completed in {time}ms
98890,2026-01-16,16:43:10,WARN,InventoryDB,High latency (1408ms) detected on InventoryDB,E201,High latency ({time}ms) detected on {service}
98891,2026-01-16,16:35:49,INFO,WebServer,Page view: /home by u3125,E103,Page view: {page} by {user}
98892,2026-01-16,16:59:21,ERROR,OrderProcessor,Payment declined: Gateway unavailable,E503,Payment declined: Gateway unavailable
98893,2026-01-16,16:02:04,INFO,WebServer,Page view: /home by u2338,E103,Page view: {page} by {user}
98894,2026-01-16,16:34:40,INFO,WebServer,Transaction tx288702 completed in 1337ms,E104,Transaction {tx} completed in {time}ms
98895,2026-01-16,16:44:49,CRITICAL,OrderProcessor,DATA CORRUPTION detected in sector 710,E602,DATA CORRUPTION detected in sector {sector}
98896,2026-01-16,16:47:35,INFO,OrderProcessor,User u2618 login successful,E101,User {user} login successful
98897,2026-01-16,16:14:11,ERROR,WebServer,Timeout waiting for lock on InventoryDB,E502,Timeout waiting for lock on {db}
98898,2026-01-16,16:43:23,WARN,WebServer,Unauthorized access attempt from 10.0.0.45,E401,Unauthorized access attempt from {ip}
98899,2026-01-16,16:00:19,ERROR,WebServer,Timeout waiting for lock on InventoryDB,E502,Timeout waiting for lock on {db}
98900,2026-01-16,16:24:49,ERROR,WebServer,Connection refused to WebServer at 10.0.0.99,E501,Connection refused to {service} at {ip}
98901,2026-01-16,16:32:03,INFO,OrderProcessor,Transaction tx596901 completed in 1189ms,E104,Transaction {tx} completed in {time}ms
98902,2026-01-16,16:01:37,ERROR,WebServer,Connection refused to WebServer at 10.0.0.45,E501,Connection refused to {service} at {ip}
98903,2026-01-16,16:42:30,ERROR,AuthService,Timeout waiting for lock on InventoryDB,E502,Timeout waiting for lock on {db}
98904,2026-01-16,16:39:41,WARN,WebServer,High latency (682ms) detected on WebServer,E201,High latency ({time}ms) detected on {service}
98905,2026-01-16,16:41:50,WARN,WebServer,High latency (1043ms) detected on WebServer,E201,High latency ({time}ms) detected on {service}
98906,2026-01-16,16:26:27,ERROR,WebServer,Timeout waiting for lock on InventoryDB,E502,Timeout waiting for lock on {db}
98907,2026-01-16,16:21:02,ERROR,OrderProcessor,Connection refused to OrderProcessor at 10.0.0.45,E501,Connection refused to {service} at {ip}
98908,2026-01-16,16:22:36,INFO,WebServer,Health check passed: WebServer,E102,Health check passed: {service}
98909,2026-01-16,16:55:10,CRITICAL,WebServer,KERNEL PANIC: Node node-5 crashed,E601,KERNEL PANIC: Node {node} crashed
98910,2026-01-16,16:27:30,ERROR,WebServer,Payment declined: Gateway unavailable,E503,Payment declined: Gateway unavailable
98911,2026-01-16,16:58:40,CRITICAL,WebServer,KERNEL PANIC: Node node-5 crashed,E601,KERNEL PANIC: Node {node} crashed
98912,2026-01-16,16:12:33,WARN,WebServer,Disk usage > 85% on node node-1,E202,Disk usage > 85% on node {node}
98913,2026-01-16,16:50:43,INFO,WebServer,User u3525 login successful,E101,User {user} login successful
98914,2026-01-16,16:52:02,INFO,WebServer,User u4701 login successful,E101,User {user} login successful
98915,2026-01-16,16:31:00,ERROR,OrderProcessor,Timeout waiting for lock on InventoryDB,E502,Timeout waiting for lock on {db}
98916,2026-01-16,16:24:09,INFO,WebServer,User u1742 login successful,E101,User {user} login successful
98917,2026-01-16,16:45:00,INFO,OrderProcessor,Transaction tx597089 completed in 1256ms,E104,Transaction {tx} completed in {time}ms
98918,2026-01-16,16:13:06,INFO,WebServer,Page view: /home by u3375,E103,Page view: {page} by {user}
98919,2026-01-16,16:54:37,INFO,WebServer,Page view: /home by u4837,E103,Page view: {page} by {user}
98920,2026-01-16,16:15:54,WARN,AuthService,Unauthorized access attempt from 10.0.0.12,E401,Unauthorized access attempt from {ip}
98921,2026-01-16,16:23:35,INFO,WebServer,User u3925 login successful,E101,User {user} login successful
98922,2026-01-16,16:58:08,ERROR,WebServer,Timeout waiting for lock on InventoryDB,E502,Timeout waiting for lock on {db}
98923,2026-01-16,16:29:31,CRITICAL,WebServer,KERNEL PANIC: Node node-1 crashed,E601,KERNEL PANIC: Node {node} crashed
98924,2026-01-16,16:15:53,ERROR,OrderProcessor,Connection refused to OrderProcessor at 10.0.0.45,E501,Connection refused to {service} at {ip}
98925,2026-01-16,16:20:04,INFO,WebServer,Page view: /home by u3716,E103,Page view: {page} by {user}
98926,2026-01-16,16:08:29,INFO,WebServer,Health check passed: WebServer,E102,Health check passed: {service}
98927,2026-01-16,16:51:43,ERROR,WebServer,Connection refused to WebServer at 10.0.0.45,E501,Connection refused to {service} at {ip}
98928,2026-01-16,16:07:54,WARN,WebServer,Unauthorized access attempt from 10.0.0.45,E401,Unauthorized access attempt from {ip}
98929,2026-01-16,16:43:06,ERROR,AuthService,Payment declined: Gateway unavailable,E503,Payment declined: Gateway unavailable
98930,2026-01-16,16:13:36,CRITICAL,InventoryDB,DATA CORRUPTION detected in sector 848,E602,DATA CORRUPTION detected in sector {sector}
98931,2026-01-16,16:57:00,ERROR,WebServer,Payment declined: Gateway unavailable,E503,Payment declined: Gateway unavailable
98932,2026-01-16,16:07:14,ERROR,InventoryDB,Payment declined: Gateway unavailable,E503,Payment declined: Gateway unavailable
98933,2026-01-16,16:07:08,INFO,OrderProcessor,User u4429 login successful,E101,User {user} login successful
98934,2026-01-16,16:04:10,ERROR,WebServer,Timeout waiting for lock on InventoryDB,E502,Timeout waiting for lock on {db}
98935,2026-01-16,16:07:08,INFO,WebServer,Page view: /home by u2682,E103,Page view: {page} by {user}
98936,2026-01-16,16:10:53,INFO,WebServer,Page view: /home by u4702,E103,Page view: {page} by {user}
98937,2026-01-16,16:47:21,ERROR,WebServer,Connection refused to WebServer at 10.0.0.12,E501,Connection refused to {service} at {ip}
98938,2026-01-16,16:09:39,CRITICAL,WebServer,DATA CORRUPTION detected in sector 627,E602,DATA CORRUPTION detected in sector {sector}
98939,2026-01-16,16:41:51,INFO,PaymentGateway,Health check passed: PaymentGateway,E102,Health check passed: {service}
98940,2026-01-16,16:59:34,ERROR,AuthService,Payment declined: Gateway unavailable,E503,Payment declined: Gateway unavailable
98941,2026-01-16,16:13:22,ERROR,PaymentGateway,Payment declined: Gateway unavailable,E503,Payment declined: Gateway unavailable
98942,2026-01-16,16:25:20,ERROR,WebServer,Connection refused to WebServer at 10.0.0.88,E501,Connection refused to {service} at {ip}
98943,2026-01-16,16:49:08,WARN,WebServer,High latency (419ms) detected on WebServer,E201,High latency ({time}ms) detected on {service}
98944,2026-01-16,16:13:40,ERROR,AuthService,Connection refused to AuthService at 10.0.0.45,E501,Connection refused to {service} at {ip}
98945,2026-01-16,16:36:36,ERROR,OrderProcessor,Timeout waiting for lock on InventoryDB,E502,Timeout waiting for lock on {db}
98946,2026-01-16,16:03:06,ERROR,WebServer,Connection refused to WebServer at 10.0.0.88,E501,Connection refused to {service} at {ip}
98947,2026-01-16,16:08:29,INFO,WebServer,Transaction tx857683 completed in 1783ms,E104,Transaction {tx} completed in {time}ms
98948,2026-01-16,16:57:30,INFO,WebServer,Page view: /home by u3628,E103,Page view: {page} by {user}
98949,2026-01-16,16:44:51,ERROR,WebServer,Connection refused to WebServer at 10.0.0.88,E501,Connection refused to {service} at {ip}
98950,2026-01-16,16:07:34,INFO,OrderProcessor,Page view: /home by u1330,E103,Page view: {page} by {user}
98951,2026-01-16,16:57:39,CRITICAL,AuthService,KERNEL PANIC: Node node-1 crashed,E601,KERNEL PANIC: Node {node} crashed
98952,2026-01-16,16:50:48,INFO,WebServer,Transaction tx473971 completed in 100ms,E104,Transaction {tx} completed in {time}ms
98953,2026-01-16,16:51:43,CRITICAL,WebServer,DATA CORRUPTION detected in sector 696,E602,DATA CORRUPTION detected in sector {sector}
98954,2026-01-16,16:14:10,INFO,AuthService,Transaction tx277500 completed in 283ms,E104,Transaction {tx} completed in {time}ms
98955,2026-01-16,16:46:09,ERROR,PaymentGateway,Connection refused to PaymentGateway at 10.0.0.12,E501,Connection refused to {service} at {ip}
98956,2026-01-16,16:35:17,CRITICAL,WebServer,KERNEL PANIC: Node node-5 crashed,E601,KERNEL PANIC: Node {node} crashed
98957,2026-01-16,16:21:55,WARN,WebServer,Unauthorized access attempt from 10.0.0.88,E401,Unauthorized access attempt from {ip}
98958,2026-01-16,16:43:25,ERROR,WebServer,Payment declined: Gateway unavailable,E503,Payment declined: Gateway unavailable
98959,2026-01-16,16:42:36,WARN,OrderProcessor,Disk usage > 85% on node node-1,E202,Disk usage > 85% on node {node}
98960,2026-01-16,16:22:16,INFO,WebServer,User u1347 login successful,E101,User {user} login successful
98961,2026-01-16,16:38:03,ERROR,AuthService,Payment declined: Gateway unavailable,E503,Payment declined: Gateway unavailable
98962,2026-01-16,16:52:47,INFO,OrderProcessor,Health check passed: OrderProcessor,E102,Health check passed: {service}
98963,2026-01-16,16:54:36,ERROR,AuthService,Connection refused to AuthService at 192.168.1.5,E501,Connection refused to {service} at {ip}
98964,2026-01-16,16:41:39,WARN,WebServer,Unauthorized access attempt from 10.0.0.45,E401,Unauthorized access attempt from {ip}
98965,2026-01-16,16:44:21,INFO,WebServer,Page view: /home by u4806,E103,Page view: {page} by {user}
98966,2026-01-16,16:31:15,ERROR,WebServer,Timeout waiting for lock on InventoryDB,E502,Timeout waiting for lock on {db}
98967,2026-01-16,16:42:43,ERROR,WebServer,Payment declined: Gateway unavailable,E503,Payment declined: Gateway unavailable
98968,2026-01-16,16:17:55,WARN,AuthService,High latency (1097ms) detected on AuthService,E201,High latency ({time}ms) detected on {service}
98969,2026-01-16,16:15:53,ERROR,AuthService,Payment declined: Gateway unavailable,E503,Payment declined: Gateway unavailable
98970,2026-01-16,16:36:37,INFO,WebServer,Transaction tx421352 completed in 1125ms,E104,Transaction {tx} completed in {time}ms
98971,2026-01-16,16:09:21,ERROR,PaymentGateway,Timeout waiting for lock on InventoryDB,E502,Timeout waiting for lock on {db}
98972,2026-01-16,16:04:17,WARN,WebServer,Disk usage > 85% on node node-5,E202,Disk usage > 85% on node {node}
98973,2026-01-16,16:38:32,ERROR,InventoryDB,Connection refused to InventoryDB at 10.0.0.45,E501,Connection refused to {service} at {ip}
98974,2026-01-16,16:36:09,CRITICAL,AuthService,KERNEL PANIC: Node node-2 crashed,E601,KERNEL PANIC: Node {node} crashed
98975,2026-01-16,16:30:15,ERROR,AuthService,Timeout waiting for lock on InventoryDB,E502,Timeout waiting for lock on {db}
98976,2026-01-16,16:32:59,INFO,AuthService,Health check passed: AuthService,E102,Health check passed: {service}
98977,2026-01-16,16:59:53,CRITICAL,WebServer,KERNEL PANIC: Node node-1 crashed,E601,KERNEL PANIC: Node {node} crashed
98978,2026-01-16,16:35:10,INFO,WebServer,Page view: /home by u2439,E103,Page view: {page} by {user}
98979,2026-01-16,16:40:02,ERROR,WebServer,Payment declined: Gateway unavailable,E503,Payment declined: Gateway unavailable
98980,2026-01-16,16:49:26,CRITICAL,AuthService,DATA CORRUPTION detected in sector 788,E602,DATA CORRUPTION detected in sector {sector}
98981,2026-01-16,16:11:11,WARN,WebServer,Disk usage > 85% on node node-5,E202,Disk usage > 85% on node {node}
98982,2026-01-16,16:17:43,ERROR,AuthService,Connection refused to AuthService at 10.0.0.12,E501,Connection refused to {service} at {ip}
98983,2026-01-16,16:12:17,WARN,OrderProcessor,Unauthorized access attempt from 192.168.1.5,E401,Unauthorized access attempt from {ip}
98984,2026-01-16,16:42:30,WARN,WebServer,Disk usage > 85% on node node-4,E202,Disk usage > 85% on node {node}
98985,2026-01-16,16:21:16,WARN,PaymentGateway,Disk usage > 85% on node node-3,E202,Disk usage > 85% on node {node}
98986,2026-01-16,16:48:10,ERROR,PaymentGateway,Timeout waiting for lock on InventoryDB,E502,Timeout waiting for lock on {db}
98987,2026-01-16,16:10:11,WARN,WebServer,Disk usage > 85% on node node-3,E202,Disk usage > 85% on node {node}
98988,2026-01-16,16:04:24,WARN,OrderProcessor,Unauthorized access attempt from 10.0.0.88,E401,Unauthorized access attempt from {ip}
98989,2026-01-16,16:35:21,ERROR,WebServer,Payment declined: Gateway unavailable,E503,Payment declined: Gateway unavailable
98990,2026-01-16,16:31:33,ERROR,AuthService,Timeout waiting for lock on InventoryDB,E502,Timeout waiting for lock on {db}
98991,2026-01-16,16:43:23,ERROR,WebServer,Payment declined: Gateway unavailable,E503,Payment declined: Gateway unavailable
98992,2026-01-16,16:18:31,WARN,WebServer,High latency (497ms) detected on WebServer,E201,High latency ({time}ms) detected on {service}
98993,2026-01-16,16:41:31,INFO,AuthService,Transaction tx853999 completed in 1270ms,E104,Transaction {tx} completed in {time}ms
98994,2026-01-16,16:40:50,ERROR,WebServer,Payment declined: Gateway unavailable,E503,Payment declined: Gateway unavailable
98995,2026-01-16,16:44:17,ERROR,WebServer,Timeout waiting for lock on InventoryDB,E502,Timeout waiting for lock on {db}
98996,2026-01-16,16:27:52,WARN,AuthService,Unauthorized access attempt from 10.0.0.45,E401,Unauthorized access attempt from {ip}
98997,2026-01-16,16:04:25,ERROR,WebServer,Timeout waiting for lock on InventoryDB,E502,Timeout waiting for lock on {db}
98998,2026-01-16,16:51:11,INFO,AuthService,Transaction tx905402 completed in 138ms,E104,Transaction {tx} completed in {time}ms
98999,2026-01-16,16:16:02,INFO,WebServer,Page view: /home by u3847,E103,Page view: {page} by {user}
99000,2026-01-16,16:59:33,ERROR,AuthService,Payment declined: Gateway unavailable,E503,Payment declined: Gateway unavailable
99001,2026-01-16,16:46:43,INFO,AuthService,Page view: /home by u4646,E103,Page view: {page} by {user}
99002,2026-01-16,16:35:10,ERROR,WebServer,Payment declined: Gateway unavailable,E503,Payment declined: Gateway unavailable
99003,2026-01-16,16:52:48,ERROR,OrderProcessor,Connection refused to OrderProcessor at 10.0.0.88,E501,Connection refused to {service} at {ip}
99004,2026-01-16,16:50:17,INFO,WebServer,Transaction tx884125 completed in 355ms,E104,Transaction {tx} completed in {time}ms
99005,2026-01-16,16:38:42,ERROR,WebServer,Connection refused to WebServer at 10.0.0.45,E501,Connection refused to {service} at {ip}
99006,2026-01-16,16:27:19,CRITICAL,OrderProcessor,KERNEL PANIC: Node node-5 crashed,E601,KERNEL PANIC: Node {node} crashed
99007,2026-01-16,16:03:45,WARN,OrderProcessor,Disk usage > 85% on node node-3,E202,Disk usage > 85% on node {node}
99008,2026-01-16,16:38:25,CRITICAL,WebServer,KERNEL PANIC: Node node-1 crashed,E601,KERNEL PANIC: Node {node} crashed
99009,2026-01-16,16:09:05,INFO,AuthService,Transaction tx293066 completed in 388ms,E104,Transaction {tx} completed in {time}ms
99010,2026-01-16,16:29:07,CRITICAL,WebServer,KERNEL PANIC: Node node-3 crashed,E601,KERNEL PANIC: Node {node} crashed
99011,2026-01-16,16:46:38,ERROR,WebServer,Payment declined: Gateway unavailable,E503,Payment declined: Gateway unavailable
99012,2026-01-16,16:24:37,INFO,PaymentGateway,Health check passed: PaymentGateway,E102,Health check passed: {service}
99013,2026-01-16,16:32:19,ERROR,WebServer,Payment declined: Gateway unavailable,E503,Payment declined: Gateway unavailable
99014,2026-01-16,16:43:22,ERROR,InventoryDB,Timeout waiting for lock on InventoryDB,E502,Timeout waiting for lock on {db}
99015,2026-01-16,16:46:12,WARN,WebServer,Unauthorized access attempt from 10.0.0.45,E401,Unauthorized access attempt from {ip}
99016,2026-01-16,16:30:45,ERROR,OrderProcessor,Timeout waiting for lock on InventoryDB,E502,Timeout waiting for lock on {db}
99017,2026-01-16,16:01:05,ERROR,WebServer,Connection refused to WebServer at 10.0.0.10,E501,Connection refused to {service} at {ip}
99018,2026-01-16,16:24:30,ERROR,WebServer,Payment declined: Gateway unavailable,E503,Payment declined: Gateway unavailable
99019,2026-01-16,16:07:12,WARN,WebServer,Disk usage > 85% on node node-3,E202,Disk usage > 85% on node {node}
99020,2026-01-16,16:06:48,ERROR,AuthService,Connection refused to AuthService at 10.0.0.45,E501,Connection refused to {service} at {ip}
99021,2026-01-16,16:16:32,INFO,WebServer,Health check passed: WebServer,E102,Health check passed: {service}
99022,2026-01-16,16:38:58,WARN,WebServer,High latency (509ms) detected on WebServer,E201,High latency ({time}ms) detected on {service}
99023,2026-01-16,16:17:00,INFO,OrderProcessor,Transaction tx158478 completed in 200ms,E104,Transaction {tx} completed in {time}ms
99024,2026-01-16,16:30:21,INFO,OrderProcessor,Health check passed: OrderProcessor,E102,Health check passed: {service}
99025,2026-01-16,16:55:33,WARN,OrderProcessor,Unauthorized access attempt from 10.0.0.45,E401,Unauthorized access attempt from {ip}
99026,2026-01-16,16:54:11,ERROR,AuthService,Timeout waiting for lock on InventoryDB,E502,Timeout waiting for lock on {db}
99027,2026-01-16,16:13:41,WARN,AuthService,Disk usage > 85% on node node-4,E202,Disk usage > 85% on node {node}
99028,2026-01-16,16:57:09,ERROR,AuthService,Connection refused to AuthService at 10.0.0.10,E501,Connection refused to {service} at {ip}
99029,2026-01-16,16:53:45,CRITICAL,WebServer,DATA CORRUPTION detected in sector 491,E602,DATA CORRUPTION detected in sector {sector}
99030,2026-01-16,16:02:13,ERROR,WebServer,Connection refused to WebServer at 10.0.0.88,E501,Connection refused to {service} at {ip}
99031,2026-01-16,16:33:11,ERROR,WebServer,Payment declined: Gateway unavailable,E503,Payment declined: Gateway unavailable
99032,2026-01-16,16:08:07,CRITICAL,OrderProcessor,DATA CORRUPTION detected in sector 980,E602,DATA CORRUPTION detected in sector {sector}
99033,2026-01-16,16:46:12,ERROR,OrderProcessor,Connection refused to OrderProcessor at 10.0.0.45,E501,Connection refused to {service} at {ip}
99034,2026-01-16,16:38:00,INFO,AuthService,Health check passed: AuthService,E102,Health check passed: {service}
99035,2026-01-16,16:20:29,WARN,WebServer,High latency (537ms) detected on WebServer,E201,High latency ({time}ms) detected on {service}
99036,2026-01-16,16:18:50,ERROR,WebServer,Timeout waiting for lock on InventoryDB,E502,Timeout waiting for lock on {db}
99037,2026-01-16,16:53:28,CRITICAL,WebServer,KERNEL PANIC: Node node-2 crashed,E601,KERNEL PANIC: Node {node} crashed
99038,2026-01-16,16:20:59,ERROR,WebServer,Payment declined: Gateway unavailable,E503,Payment declined: Gateway unavailable
99039,2026-01-16,16:08:04,WARN,WebServer,Unauthorized access attempt from 10.0.0.12,E401,Unauthorized access attempt from {ip}
99040,2026-01-16,16:48:51,WARN,WebServer,Unauthorized access attempt from 10.0.0.99,E401,Unauthorized access attempt from {ip}
99041,2026-01-16,16:34:43,ERROR,OrderProcessor,Payment declined: Gateway unavailable,E503,Payment declined: Gateway unavailable
99042,2026-01-16,16:45:15,ERROR,WebServer,Connection refused to WebServer at 10.0.0.12,E501,Connection refused to {service} at {ip}
99043,2026-01-16,16:12:54,ERROR,AuthService,Payment declined: Gateway unavailable,E503,Payment declined: Gateway unavailable
99044,2026-01-16,16:57:06,WARN,WebServer,Disk usage > 85% on node node-3,E202,Disk usage > 85% on node {node}
99045,2026-01-16,16:43:11,ERROR,AuthService,Payment declined: Gateway unavailable,E503,Payment declined: Gateway unavailable
99046,2026-01-16,16:56:51,INFO,OrderProcessor,Transaction tx604338 completed in 1545ms,E104,Transaction {tx} completed in {time}ms
99047,2026-01-16,16:46:23,INFO,WebServer,Page view: /home by u4977,E103,Page view: {page} by {user}
99048,2026-01-16,16:54:19,WARN,WebServer,Unauthorized access attempt from 10.0.0.45,E401,Unauthorized access attempt from {ip}
99049,2026-01-16,16:35:55,ERROR,WebServer,Timeout waiting for lock on InventoryDB,E502,Timeout waiting for lock on {db}
99050,2026-01-16,16:47:24,INFO,WebServer,Page view: /home by u4259,E103,Page view: {page} by {user}
99051,2026-01-16,16:05:43,INFO,WebServer,Page view: /home by u1101,E103,Page view: {page} by {user}
99052,2026-01-16,16:36:25,CRITICAL,AuthService,DATA CORRUPTION detected in sector 672,E602,DATA CORRUPTION detected in sector {sector}
99053,2026-01-16,16:32:16,ERROR,WebServer,Payment declined: Gateway unavailable,E503,Payment declined: Gateway unavailable
99054,2026-01-16,16:33:10,WARN,OrderProcessor,Disk usage > 85% on node node-2,E202,Disk usage > 85% on node {node}
99055,2026-01-16,16:15:45,ERROR,PaymentGateway,Connection refused to PaymentGateway at 10.0.0.12,E501,Connection refused to {service} at {ip}
99056,2026-01-16,16:59:17,ERROR,WebServer,Timeout waiting for lock on InventoryDB,E502,Timeout waiting for lock on {db}
99057,2026-01-16,16:09:54,ERROR,WebServer,Connection refused to WebServer at 10.0.0.12,E501,Connection refused to {service} at {ip}
99058,2026-01-16,16:24:09,ERROR,AuthService,Payment declined: Gateway unavailable,E503,Payment declined: Gateway unavailable
99059,2026-01-16,16:31:30,INFO,AuthService,Health check passed: AuthService,E102,Health check passed: {service}
99060,2026-01-16,16:16:15,INFO,WebServer,User u3589 login successful,E101,User {user} login successful
99061,2026-01-16,16:03:15,ERROR,WebServer,Connection refused to WebServer at 192.168.1.5,E501,Connection refused to {service} at {ip}
99062,2026-01-16,16:18:49,INFO,AuthService,Page view: /home by u2670,E103,Page view: {page} by {user}
99063,2026-01-16,16:56:25,ERROR,WebServer,Timeout waiting for lock on InventoryDB,E502,Timeout waiting for lock on {db}
99064,2026-01-16,16:13:35,WARN,OrderProcessor,High latency (1311ms) detected on OrderProcessor,E201,High latency ({time}ms) detected on {service}
99065,2026-01-16,16:28:10,INFO,WebServer,User u4504 login successful,E101,User {user} login successful
99066,2026-01-16,16:51:12,ERROR,AuthService,Timeout waiting for lock on InventoryDB,E502,Timeout waiting for lock on {db}
99067,2026-01-16,16:32:45,INFO,WebServer,Page view: /home by u1630,E103,Page view: {page} by {user}
99068,2026-01-16,16:30:29,ERROR,InventoryDB,Payment declined: Gateway unavailable,E503,Payment declined: Gateway unavailable
99069,2026-01-16,16:10:02,INFO,OrderProcessor,Page view: /home by u1159,E103,Page view: {page} by {user}
99070,2026-01-16,16:34:15,ERROR,PaymentGateway,Timeout waiting for lock on InventoryDB,E502,Timeout waiting for lock on {db}
99071,2026-01-16,16:24:49,ERROR,WebServer,Payment declined: Gateway unavailable,E503,Payment declined: Gateway unavailable
99072,2026-01-16,16:41:39,INFO,WebServer,User u4954 login successful,E101,User {user} login successful
99073,2026-01-16,16:48:52,INFO,WebServer,User u2419 login successful,E101,User {user} login successful
99074,2026-01-16,16:32:03,CRITICAL,AuthService,KERNEL PANIC: Node node-4 crashed,E601,KERNEL PANIC: Node {node} crashed
99075,2026-01-16,16:34:25,INFO,InventoryDB,Transaction tx887370 completed in 1938ms,E104,Transaction {tx} completed in {time}ms
99076,2026-01-16,16:04:36,ERROR,WebServer,Timeout waiting for lock on InventoryDB,E502,Timeout waiting for lock on {db}
99077,2026-01-16,16:10:16,WARN,WebServer,Disk usage > 85% on node node-1,E202,Disk usage > 85% on node {node}
99078,2026-01-16,16:59:15,ERROR,AuthService,Payment declined: Gateway unavailable,E503,Payment declined: Gateway unavailable
99079,2026-01-16,16:50:56,ERROR,WebServer,Payment declined: Gateway unavailable,E503,Payment declined: Gateway unavailable
99080,2026-01-16,16:28:57,ERROR,WebServer,Connection refused to WebServer at 10.0.0.45,E501,Connection refused to {service} at {ip}
99081,2026-01-16,16:00:20,ERROR,AuthService,Payment declined: Gateway unavailable,E503,Payment declined: Gateway unavailable
99082,2026-01-16,16:42:05,INFO,PaymentGateway,User u1866 login successful,E101,User {user} login successful
99083,2026-01-16,16:22:57,ERROR,WebServer,Payment declined: Gateway unavailable,E503,Payment declined: Gateway unavailable
99084,2026-01-16,16:50:19,INFO,WebServer,Transaction tx108865 completed in 1380ms,E104,Transaction {tx} completed in {time}ms
99085,2026-01-16,16:48:25,ERROR,AuthService,Connection refused to AuthService at 10.0.0.45,E501,Connection refused to {service} at {ip}
99086,2026-01-16,16:10:02,ERROR,OrderProcessor,Timeout waiting for lock on InventoryDB,E502,Timeout waiting for lock on {db}
99087,2026-01-16,16:33:56,ERROR,PaymentGateway,Timeout waiting for lock on InventoryDB,E502,Timeout waiting for lock on {db}
99088,2026-01-16,16:09:45,ERROR,WebServer,Payment declined: Gateway unavailable,E503,Payment declined: Gateway unavailable
99089,2026-01-16,16:58:49,INFO,PaymentGateway,Transaction tx850537 completed in 1545ms,E104,Transaction {tx} completed in {time}ms
99090,2026-01-16,16:43:32,ERROR,WebServer,Timeout waiting for lock on InventoryDB,E502,Timeout waiting for lock on {db}
99091,2026-01-16,16:31:33,INFO,AuthService,User u4708 login successful,E101,User {user} login successful
99092,2026-01-16,16:32:23,INFO,WebServer,Transaction tx321594 completed in 1286ms,E104,Transaction {tx} completed in {time}ms
99093,2026-01-16,16:05:44,INFO,WebServer,Transaction tx564933 completed in 539ms,E104,Transaction {tx} completed in {time}ms
99094,2026-01-16,16:52:17,INFO,WebServer,Health check passed: WebServer,E102,Health check passed: {service}
99095,2026-01-16,16:53:25,WARN,OrderProcessor,High latency (824ms) detected on OrderProcessor,E201,High latency ({time}ms) detected on {service}
99096,2026-01-16,16:53:23,WARN,AuthService,Unauthorized access attempt from 10.0.0.45,E401,Unauthorized access attempt from {ip}
99097,2026-01-16,16:29:03,INFO,WebServer,User u1349 login successful,E101,User {user} login successful
99098,2026-01-16,16:55:36,INFO,PaymentGateway,Transaction tx334348 completed in 1049ms,E104,Transaction {tx} completed in {time}ms
99099,2026-01-16,16:25:17,CRITICAL,WebServer,DATA CORRUPTION detected in sector 558,E602,DATA CORRUPTION detected in sector {sector}
99100,2026-01-16,16:44:48,INFO,WebServer,Health check passed: WebServer,E102,Health check passed: {service}
99101,2026-01-16,16:23:24,WARN,WebServer,Unauthorized access attempt from 10.0.0.12,E401,Unauthorized access attempt from {ip}
99102,2026-01-16,16:54:24,CRITICAL,AuthService,DATA CORRUPTION detected in sector 558,E602,DATA CORRUPTION detected in sector {sector}
99103,2026-01-16,16:36:55,INFO,PaymentGateway,Page view: /home by u2099,E103,Page view: {page} by {user}
99104,2026-01-16,16:52:54,INFO,WebServer,Page view: /home by u1917,E103,Page view: {page} by {user}
99105,2026-01-16,16:39:23,INFO,PaymentGateway,Page view: /home by u1255,E103,Page view: {page} by {user}
99106,2026-01-16,16:35:16,CRITICAL,WebServer,KERNEL PANIC: Node node-1 crashed,E601,KERNEL PANIC: Node {node} crashed
99107,2026-01-16,16:49:00,ERROR,WebServer,Payment declined: Gateway unavailable,E503,Payment declined: Gateway unavailable
99108,2026-01-16,16:57:58,WARN,WebServer,Unauthorized access attempt from 10.0.0.45,E401,Unauthorized access attempt from {ip}
99109,2026-01-16,16:32:50,INFO,AuthService,Transaction tx692529 completed in 485ms,E104,Transaction {tx} completed in {time}ms
99110,2026-01-16,16:36:52,INFO,PaymentGateway,User u3228 login successful,E101,User {user} login successful
99111,2026-01-16,16:34:51,INFO,AuthService,User u1195 login successful,E101,User {user} login successful
99112,2026-01-16,16:35:59,INFO,OrderProcessor,Transaction tx765609 completed in 306ms,E104,Transaction {tx} completed in {time}ms
99113,2026-01-16,16:26:39,ERROR,OrderProcessor,Timeout waiting for lock on InventoryDB,E502,Timeout waiting for lock on {db}
99114,2026-01-16,16:04:14,ERROR,PaymentGateway,Timeout waiting for lock on InventoryDB,E502,Timeout waiting for lock on {db}
99115,2026-01-16,16:36:28,CRITICAL,AuthService,KERNEL PANIC: Node node-4 crashed,E601,KERNEL PANIC: Node {node} crashed
99116,2026-01-16,16:34:58,ERROR,AuthService,Connection refused to AuthService at 10.0.0.10,E501,Connection refused to {service} at {ip}
99117,2026-01-16,16:15:59,ERROR,OrderProcessor,Timeout waiting for lock on InventoryDB,E502,Timeout waiting for lock on {db}
99118,2026-01-16,16:25:32,ERROR,WebServer,Connection refused to WebServer at 10.0.0.99,E501,Connection refused to {service} at {ip}
99119,2026-01-16,16:45:44,ERROR,WebServer,Timeout waiting for lock on InventoryDB,E502,Timeout waiting for lock on {db}
99120,2026-01-16,16:16:29,INFO,WebServer,User u1742 login successful,E101,User {user} login successful
99121,2026-01-16,16:16:02,WARN,InventoryDB,Disk usage > 85% on node node-5,E202,Disk usage > 85% on node {node}
99122,2026-01-16,16:03:37,ERROR,InventoryDB,Connection refused to InventoryDB at 10.0.0.12,E501,Connection refused to {service} at {ip}
99123,2026-01-16,16:23:53,INFO,WebServer,Health check passed: WebServer,E102,Health check passed: {service}
99124,2026-01-16,16:05:46,ERROR,AuthService,Connection refused to AuthService at 10.0.0.45,E501,Connection refused to {service} at {ip}
99125,2026-01-16,16:11:08,CRITICAL,WebServer,KERNEL PANIC: Node node-1 crashed,E601,KERNEL PANIC: Node {node} crashed
99126,2026-01-16,16:05:17,CRITICAL,PaymentGateway,KERNEL PANIC: Node node-2 crashed,E601,KERNEL PANIC: Node {node} crashed
99127,2026-01-16,16:10:15,CRITICAL,WebServer,KERNEL PANIC: Node node-1 crashed,E601,KERNEL PANIC: Node {node} crashed
99128,2026-01-16,16:42:56,ERROR,AuthService,Connection refused to AuthService at 10.0.0.45,E501,Connection refused to {service} at {ip}
99129,2026-01-16,16:47:05,INFO,WebServer,User u3997 login successful,E101,User {user} login successful
99130,2026-01-16,16:36:44,WARN,OrderProcessor,Unauthorized access attempt from 10.0.0.12,E401,Unauthorized access attempt from {ip}
99131,2026-01-16,16:59:23,ERROR,OrderProcessor,Timeout waiting for lock on InventoryDB,E502,Timeout waiting for lock on {db}
99132,2026-01-16,16:29:57,ERROR,OrderProcessor,Connection refused to OrderProcessor at 10.0.0.12,E501,Connection refused to {service} at {ip}
99133,2026-01-16,16:23:22,ERROR,WebServer,Payment declined: Gateway unavailable,E503,Payment declined: Gateway unavailable
99134,2026-01-16,16:47:16,ERROR,AuthService,Payment declined: Gateway unavailable,E503,Payment declined: Gateway unavailable
99135,2026-01-16,16:36:34,ERROR,WebServer,Connection refused to WebServer at 10.0.0.45,E501,Connection refused to {service} at {ip}
99136,2026-01-16,16:38:46,ERROR,WebServer,Timeout waiting for lock on InventoryDB,E502,Timeout waiting for lock on {db}
99137,2026-01-16,16:03:34,INFO,OrderProcessor,Transaction tx149226 completed in 623ms,E104,Transaction {tx} completed in {time}ms
99138,2026-01-16,16:54:11,INFO,OrderProcessor,Health check passed: OrderProcessor,E102,Health check passed: {service}
99139,2026-01-16,16:40:45,WARN,AuthService,High latency (902ms) detected on AuthService,E201,High latency ({time}ms) detected on {service}
99140,2026-01-16,16:36:25,WARN,AuthService,High latency (491ms) detected on AuthService,E201,High latency ({time}ms) detected on {service}
99141,2026-01-16,16:46:41,ERROR,WebServer,Connection refused to WebServer at 10.0.0.12,E501,Connection refused to {service} at {ip}
99142,2026-01-16,16:56:08,INFO,WebServer,Transaction tx834644 completed in 368ms,E104,Transaction {tx} completed in {time}ms
99143,2026-01-16,16:59:26,WARN,AuthService,High latency (1223ms) detected on AuthService,E201,High latency ({time}ms) detected on {service}
99144,2026-01-16,16:07:32,WARN,AuthService,Disk usage > 85% on node node-4,E202,Disk usage > 85% on node {node}
99145,2026-01-16,16:23:16,ERROR,WebServer,Timeout waiting for lock on InventoryDB,E502,Timeout waiting for lock on {db}
99146,2026-01-16,16:57:04,INFO,WebServer,Transaction tx937142 completed in 1043ms,E104,Transaction {tx} completed in {time}ms
99147,2026-01-16,16:29:17,WARN,InventoryDB,High latency (1290ms) detected on InventoryDB,E201,High latency ({time}ms) detected on {service}
99148,2026-01-16,16:30:14,ERROR,WebServer,Payment declined: Gateway unavailable,E503,Payment declined: Gateway unavailable
99149,2026-01-16,16:20:43,ERROR,AuthService,Timeout waiting for lock on InventoryDB,E502,Timeout waiting for lock on {db}
99150,2026-01-16,16:21:43,WARN,PaymentGateway,Unauthorized access attempt from 10.0.0.45,E401,Unauthorized access attempt from {ip}
99151,2026-01-16,16:11:46,INFO,OrderProcessor,User u2294 login successful,E101,User {user} login successful
99152,2026-01-16,16:14:57,INFO,WebServer,Health check passed: WebServer,E102,Health check passed: {service}
99153,2026-01-16,16:50:05,INFO,WebServer,Transaction tx627511 completed in 970ms,E104,Transaction {tx} completed in {time}ms
99154,2026-01-16,16:13:19,ERROR,WebServer,Payment declined: Gateway unavailable,E503,Payment declined: Gateway unavailable
99155,2026-01-16,16:50:34,INFO,OrderProcessor,Health check passed: OrderProcessor,E102,Health check passed: {service}
99156,2026-01-16,16:07:06,INFO,WebServer,Page view: /home by u4126,E103,Page view: {page} by {user}
99157,2026-01-16,16:33:46,INFO,AuthService,User u3169 login successful,E101,User {user} login successful
99158,2026-01-16,16:22:35,ERROR,WebServer,Payment declined: Gateway unavailable,E503,Payment declined: Gateway unavailable
99159,2026-01-16,16:33:57,INFO,WebServer,Transaction tx637444 completed in 904ms,E104,Transaction {tx} completed in {time}ms
99160,2026-01-16,16:34:58,INFO,WebServer,Transaction tx147229 completed in 740ms,E104,Transaction {tx} completed in {time}ms
99161,2026-01-16,16:51:10,ERROR,OrderProcessor,Timeout waiting for lock on InventoryDB,E502,Timeout waiting for lock on {db}
99162,2026-01-16,16:45:38,WARN,AuthService,High latency (1855ms) detected on AuthService,E201,High latency ({time}ms) detected on {service}
99163,2026-01-16,16:09:30,WARN,AuthService,Disk usage > 85% on node node-2,E202,Disk usage > 85% on node {node}
99164,2026-01-16,16:14:53,INFO,AuthService,Page view: /home by u4066,E103,Page view: {page} by {user}
99165,2026-01-16,16:18:31,ERROR,WebServer,Timeout waiting for lock on InventoryDB,E502,Timeout waiting for lock on {db}
99166,2026-01-16,16:14:17,INFO,AuthService,Page view: /home by u3292,E103,Page view: {page} by {user}
99167,2026-01-16,16:24:02,INFO,WebServer,Transaction tx796207 completed in 309ms,E104,Transaction {tx} completed in {time}ms
99168,2026-01-16,16:31:36,INFO,OrderProcessor,Transaction tx345187 completed in 757ms,E104,Transaction {tx} completed in {time}ms
99169,2026-01-16,16:23:23,ERROR,AuthService,Payment declined: Gateway unavailable,E503,Payment declined: Gateway unavailable
99170,2026-01-16,16:49:22,WARN,WebServer,Disk usage > 85% on node node-5,E202,Disk usage > 85% on node {node}
99171,2026-01-16,16:45:08,WARN,AuthService,Unauthorized access attempt from 10.0.0.12,E401,Unauthorized access attempt from {ip}
99172,2026-01-16,16:32:33,ERROR,AuthService,Timeout waiting for lock on InventoryDB,E502,Timeout waiting for lock on {db}
99173,2026-01-16,16:54:56,INFO,WebServer,Transaction tx743023 completed in 1445ms,E104,Transaction {tx} completed in {time}ms
99174,2026-01-16,16:46:20,ERROR,InventoryDB,Timeout waiting for lock on InventoryDB,E502,Timeout waiting for lock on {db}
99175,2026-01-16,16:12:42,ERROR,OrderProcessor,Connection refused to OrderProcessor at 10.0.0.88,E501,Connection refused to {service} at {ip}
99176,2026-01-16,16:25:52,ERROR,WebServer,Connection refused to WebServer at 10.0.0.45,E501,Connection refused to {service} at {ip}
99177,2026-01-16,16:39:18,ERROR,OrderProcessor,Payment declined: Gateway unavailable,E503,Payment declined: Gateway unavailable
99178,2026-01-16,16:44:21,WARN,AuthService,Unauthorized access attempt from 10.0.0.12,E401,Unauthorized access attempt from {ip}
99179,2026-01-16,16:38:22,CRITICAL,WebServer,DATA CORRUPTION detected in sector 714,E602,DATA CORRUPTION detected in sector {sector}
99180,2026-01-16,16:39:44,INFO,AuthService,Transaction tx113656 completed in 365ms,E104,Transaction {tx} completed in {time}ms
99181,2026-01-16,16:20:08,ERROR,AuthService,Timeout waiting for lock on InventoryDB,E502,Timeout waiting for lock on {db}
99182,2026-01-16,16:44:10,WARN,PaymentGateway,Unauthorized access attempt from 10.0.0.45,E401,Unauthorized access attempt from {ip}
99183,2026-01-16,16:04:37,WARN,PaymentGateway,Unauthorized access attempt from 10.0.0.99,E401,Unauthorized access attempt from {ip}
99184,2026-01-16,16:14:57,WARN,WebServer,Disk usage > 85% on node node-4,E202,Disk usage > 85% on node {node}
99185,2026-01-16,16:45:29,INFO,WebServer,Transaction tx111757 completed in 751ms,E104,Transaction {tx} completed in {time}ms
99186,2026-01-16,16:24:42,WARN,AuthService,High latency (937ms) detected on AuthService,E201,High latency ({time}ms) detected on {service}
99187,2026-01-16,16:32:48,ERROR,AuthService,Payment declined: Gateway unavailable,E503,Payment declined: Gateway unavailable
99188,2026-01-16,16:01:59,INFO,WebServer,User u2329 login successful,E101,User {user} login successful
99189,2026-01-16,16:57:05,ERROR,WebServer,Connection refused to WebServer at 10.0.0.45,E501,Connection refused to {service} at {ip}
99190,2026-01-16,16:52:22,WARN,WebServer,Disk usage > 85% on node node-1,E202,Disk usage > 85% on node {node}
99191,2026-01-16,16:54:56,INFO,OrderProcessor,Page view: /home by u2629,E103,Page view: {page} by {user}
99192,2026-01-16,16:45:51,ERROR,OrderProcessor,Timeout waiting for lock on InventoryDB,E502,Timeout waiting for lock on {db}
99193,2026-01-16,16:09:36,ERROR,OrderProcessor,Payment declined: Gateway unavailable,E503,Payment declined: Gateway unavailable
99194,2026-01-16,16:25:46,WARN,WebServer,Unauthorized access attempt from 10.0.0.45,E401,Unauthorized access attempt from {ip}
99195,2026-01-16,16:16:54,WARN,PaymentGateway,High latency (1568ms) detected on PaymentGateway,E201,High latency ({time}ms) detected on {service}
99196,2026-01-16,16:43:48,ERROR,AuthService,Timeout waiting for lock on InventoryDB,E502,Timeout waiting for lock on {db}
99197,2026-01-16,16:44:18,ERROR,WebServer,Timeout waiting for lock on InventoryDB,E502,Timeout waiting for lock on {db}
99198,2026-01-16,16:16:48,INFO,OrderProcessor,Page view: /home by u2169,E103,Page view: {page} by {user}
99199,2026-01-16,16:40:47,CRITICAL,WebServer,KERNEL PANIC: Node node-2 crashed,E601,KERNEL PANIC: Node {node} crashed
99200,2026-01-16,16:12:52,INFO,WebServer,Transaction tx966016 completed in 1410ms,E104,Transaction {tx} completed in {time}ms
99201,2026-01-16,16:29:58,CRITICAL,OrderProcessor,DATA CORRUPTION detected in sector 165,E602,DATA CORRUPTION detected in sector {sector}
99202,2026-01-16,16:48:37,WARN,WebServer,High latency (826ms) detected on WebServer,E201,High latency ({time}ms) detected on {service}
99203,2026-01-16,16:32:13,WARN,OrderProcessor,Disk usage > 85% on node node-2,E202,Disk usage > 85% on node {node}
99204,2026-01-16,16:32:27,INFO,WebServer,Transaction tx884540 completed in 1747ms,E104,Transaction {tx} completed in {time}ms
99205,2026-01-16,16:13:42,INFO,WebServer,Transaction tx535436 completed in 617ms,E104,Transaction {tx} completed in {time}ms
99206,2026-01-16,16:43:25,ERROR,OrderProcessor,Timeout waiting for lock on InventoryDB,E502,Timeout waiting for lock on {db}
99207,2026-01-16,16:34:57,ERROR,OrderProcessor,Payment declined: Gateway unavailable,E503,Payment declined: Gateway unavailable
99208,2026-01-16,16:40:52,ERROR,WebServer,Payment declined: Gateway unavailable,E503,Payment declined: Gateway unavailable
99209,2026-01-16,16:57:22,CRITICAL,WebServer,KERNEL PANIC: Node node-2 crashed,E601,KERNEL PANIC: Node {node} crashed
99210,2026-01-16,16:49:38,ERROR,AuthService,Connection refused to AuthService at 10.0.0.45,E501,Connection refused to {service} at {ip}
99211,2026-01-16,16:07:50,INFO,WebServer,Page view: /home by u1198,E103,Page view: {page} by {user}
99212,2026-01-16,16:27:49,ERROR,WebServer,Payment declined: Gateway unavailable,E503,Payment declined: Gateway unavailable
99213,2026-01-16,16:37:46,ERROR,AuthService,Timeout waiting for lock on InventoryDB,E502,Timeout waiting for lock on {db}
99214,2026-01-16,16:06:52,INFO,WebServer,User u1816 login successful,E101,User {user} login successful
99215,2026-01-16,16:49:06,CRITICAL,WebServer,KERNEL PANIC: Node node-1 crashed,E601,KERNEL PANIC: Node {node} crashed
99216,2026-01-16,16:42:49,ERROR,PaymentGateway,Connection refused to PaymentGateway at 10.0.0.12,E501,Connection refused to {service} at {ip}
99217,2026-01-16,16:54:41,INFO,WebServer,User u2946 login successful,E101,User {user} login successful
99218,2026-01-16,16:03:56,WARN,AuthService,Disk usage > 85% on node node-2,E202,Disk usage > 85% on node {node}
99219,2026-01-16,16:51:01,ERROR,WebServer,Connection refused to WebServer at 10.0.0.45,E501,Connection refused to {service} at {ip}
99220,2026-01-16,16:50:31,ERROR,WebServer,Connection refused to WebServer at 10.0.0.45,E501,Connection refused to {service} at {ip}
99221,2026-01-16,16:06:19,ERROR,AuthService,Timeout waiting for lock on InventoryDB,E502,Timeout waiting for lock on {db}
99222,2026-01-16,16:01:22,WARN,AuthService,Disk usage > 85% on node node-2,E202,Disk usage > 85% on node {node}
99223,2026-01-16,16:18:23,INFO,InventoryDB,Page view: /home by u3747,E103,Page view: {page} by {user}
99224,2026-01-16,16:28:00,ERROR,PaymentGateway,Payment declined: Gateway unavailable,E503,Payment declined: Gateway unavailable
99225,2026-01-16,16:22:23,ERROR,WebServer,Connection refused to WebServer at 10.0.0.45,E501,Connection refused to {service} at {ip}
99226,2026-01-16,16:41:17,INFO,WebServer,Page view: /home by u3738,E103,Page view: {page} by {user}
99227,2026-01-16,16:10:45,WARN,WebServer,Unauthorized access attempt from 10.0.0.10,E401,Unauthorized access attempt from {ip}
99228,2026-01-16,16:47:16,ERROR,WebServer,Connection refused to WebServer at 10.0.0.45,E501,Connection refused to {service} at {ip}
99229,2026-01-16,16:27:56,INFO,OrderProcessor,Health check passed: OrderProcessor,E102,Health check passed: {service}
99230,2026-01-16,16:55:22,ERROR,WebServer,Timeout waiting for lock on InventoryDB,E502,Timeout waiting for lock on {db}
99231,2026-01-16,16:02:59,ERROR,WebServer,Timeout waiting for lock on InventoryDB,E502,Timeout waiting for lock on {db}
99232,2026-01-16,16:20:36,CRITICAL,WebServer,KERNEL PANIC: Node node-4 crashed,E601,KERNEL PANIC: Node {node} crashed
99233,2026-01-16,16:36:42,ERROR,WebServer,Connection refused to WebServer at 10.0.0.12,E501,Connection refused to {service} at {ip}
99234,2026-01-16,16:47:33,INFO,WebServer,Transaction tx787742 completed in 1652ms,E104,Transaction {tx} completed in {time}ms
99235,2026-01-16,16:37:42,INFO,WebServer,Page view: /home by u3927,E103,Page view: {page} by {user}
99236,2026-01-16,16:14:26,ERROR,OrderProcessor,Payment declined: Gateway unavailable,E503,Payment declined: Gateway unavailable
99237,2026-01-16,16:45:54,ERROR,PaymentGateway,Payment declined: Gateway unavailable,E503,Payment declined: Gateway unavailable
99238,2026-01-16,16:44:34,WARN,AuthService,Disk usage > 85% on node node-4,E202,Disk usage > 85% on node {node}
99239,2026-01-16,16:06:35,INFO,OrderProcessor,Transaction tx701775 completed in 1563ms,E104,Transaction {tx} completed in {time}ms
99240,2026-01-16,16:59:09,INFO,WebServer,Page view: /home by u4276,E103,Page view: {page} by {user}
99241,2026-01-16,16:16:45,ERROR,WebServer,Connection refused to WebServer at 10.0.0.45,E501,Connection refused to {service} at {ip}
99242,2026-01-16,16:43:44,INFO,PaymentGateway,Page view: /home by u4198,E103,Page view: {page} by {user}
99243,2026-01-16,16:54:21,ERROR,AuthService,Payment declined: Gateway unavailable,E503,Payment declined: Gateway unavailable
99244,2026-01-16,16:03:35,INFO,AuthService,Page view: /home by u2912,E103,Page view: {page} by {user}
99245,2026-01-16,16:36:11,ERROR,PaymentGateway,Connection refused to PaymentGateway at 10.0.0.45,E501,Connection refused to {service} at {ip}
99246,2026-01-16,16:25:19,ERROR,WebServer,Payment declined: Gateway unavailable,E503,Payment declined: Gateway unavailable
99247,2026-01-16,16:23:33,CRITICAL,AuthService,DATA CORRUPTION detected in sector 831,E602,DATA CORRUPTION detected in sector {sector}
99248,2026-01-16,16:34:30,ERROR,OrderProcessor,Connection refused to OrderProcessor at 10.0.0.12,E501,Connection refused to {service} at {ip}
99249,2026-01-16,16:44:30,CRITICAL,WebServer,DATA CORRUPTION detected in sector 482,E602,DATA CORRUPTION detected in sector {sector}
99250,2026-01-16,16:40:25,CRITICAL,OrderProcessor,DATA CORRUPTION detected in sector 894,E602,DATA CORRUPTION detected in sector {sector}
99251,2026-01-16,16:49:21,WARN,AuthService,High latency (141ms) detected on AuthService,E201,High latency ({time}ms) detected on {service}
99252,2026-01-16,16:50:01,ERROR,WebServer,Timeout waiting for lock on InventoryDB,E502,Timeout waiting for lock on {db}
99253,2026-01-16,16:55:46,ERROR,WebServer,Payment declined: Gateway unavailable,E503,Payment declined: Gateway unavailable
99254,2026-01-16,16:16:57,ERROR,WebServer,Timeout waiting for lock on InventoryDB,E502,Timeout waiting for lock on {db}
99255,2026-01-16,16:07:16,WARN,WebServer,Disk usage > 85% on node node-3,E202,Disk usage > 85% on node {node}
99256,2026-01-16,16:04:38,CRITICAL,PaymentGateway,KERNEL PANIC: Node node-2 crashed,E601,KERNEL PANIC: Node {node} crashed
99257,2026-01-16,16:03:11,INFO,AuthService,Transaction tx135984 completed in 1770ms,E104,Transaction {tx} completed in {time}ms
99258,2026-01-16,16:41:02,CRITICAL,PaymentGateway,DATA CORRUPTION detected in sector 124,E602,DATA CORRUPTION detected in sector {sector}
99259,2026-01-16,16:21:54,ERROR,InventoryDB,Payment declined: Gateway unavailable,E503,Payment declined: Gateway unavailable
99260,2026-01-16,16:37:05,CRITICAL,WebServer,KERNEL PANIC: Node node-5 crashed,E601,KERNEL PANIC: Node {node} crashed
99261,2026-01-16,16:39:47,ERROR,OrderProcessor,Payment declined: Gateway unavailable,E503,Payment declined: Gateway unavailable
99262,2026-01-16,16:27:17,INFO,WebServer,Page view: /home by u2779,E103,Page view: {page} by {user}
99263,2026-01-16,16:50:40,WARN,PaymentGateway,Unauthorized access attempt from 10.0.0.45,E401,Unauthorized access attempt from {ip}
99264,2026-01-16,16:43:53,INFO,InventoryDB,User u3542 login successful,E101,User {user} login successful
99265,2026-01-16,16:11:59,WARN,WebServer,Disk usage > 85% on node node-1,E202,Disk usage > 85% on node {node}
99266,2026-01-16,16:25:33,INFO,AuthService,Health check passed: AuthService,E102,Health check passed: {service}
99267,2026-01-16,16:36:00,INFO,WebServer,Transaction tx595252 completed in 441ms,E104,Transaction {tx} completed in {time}ms
99268,2026-01-16,16:41:33,ERROR,WebServer,Connection refused to WebServer at 10.0.0.88,E501,Connection refused to {service} at {ip}
99269,2026-01-16,16:52:59,WARN,AuthService,Unauthorized access attempt from 10.0.0.99,E401,Unauthorized access attempt from {ip}
99270,2026-01-16,16:24:44,ERROR,WebServer,Payment declined: Gateway unavailable,E503,Payment declined: Gateway unavailable
99271,2026-01-16,16:25:11,CRITICAL,WebServer,DATA CORRUPTION detected in sector 518,E602,DATA CORRUPTION detected in sector {sector}
99272,2026-01-16,16:30:07,WARN,AuthService,High latency (987ms) detected on AuthService,E201,High latency ({time}ms) detected on {service}
99273,2026-01-16,16:49:38,INFO,OrderProcessor,Transaction tx840896 completed in 1063ms,E104,Transaction {tx} completed in {time}ms
99274,2026-01-16,16:31:55,ERROR,WebServer,Payment declined: Gateway unavailable,E503,Payment declined: Gateway unavailable
99275,2026-01-16,16:40:42,WARN,PaymentGateway,High latency (313ms) detected on PaymentGateway,E201,High latency ({time}ms) detected on {service}
99276,2026-01-16,16:08:09,CRITICAL,PaymentGateway,KERNEL PANIC: Node node-1 crashed,E601,KERNEL PANIC: Node {node} crashed
99277,2026-01-16,16:08:48,WARN,PaymentGateway,Unauthorized access attempt from 10.0.0.45,E401,Unauthorized access attempt from {ip}
99278,2026-01-16,16:00:00,ERROR,OrderProcessor,Timeout waiting for lock on InventoryDB,E502,Timeout waiting for lock on {db}
99279,2026-01-16,16:59:16,ERROR,AuthService,Payment declined: Gateway unavailable,E503,Payment declined: Gateway unavailable
99280,2026-01-16,16:13:31,INFO,OrderProcessor,Health check passed: OrderProcessor,E102,Health check passed: {service}
99281,2026-01-16,16:39:02,ERROR,WebServer,Connection refused to WebServer at 10.0.0.99,E501,Connection refused to {service} at {ip}
99282,2026-01-16,16:46:32,CRITICAL,WebServer,KERNEL PANIC: Node node-1 crashed,E601,KERNEL PANIC: Node {node} crashed
99283,2026-01-16,16:10:28,CRITICAL,AuthService,KERNEL PANIC: Node node-4 crashed,E601,KERNEL PANIC: Node {node} crashed
99284,2026-01-16,16:19:58,WARN,PaymentGateway,High latency (1714ms) detected on PaymentGateway,E201,High latency ({time}ms) detected on {service}
99285,2026-01-16,16:20:56,CRITICAL,OrderProcessor,DATA CORRUPTION detected in sector 698,E602,DATA CORRUPTION detected in sector {sector}
99286,2026-01-16,16:47:52,ERROR,WebServer,Payment declined: Gateway unavailable,E503,Payment declined: Gateway unavailable
99287,2026-01-16,16:28:28,INFO,WebServer,Page view: /home by u2271,E103,Page view: {page} by {user}
99288,2026-01-16,16:49:06,WARN,PaymentGateway,Disk usage > 85% on node node-2,E202,Disk usage > 85% on node {node}
99289,2026-01-16,16:33:51,INFO,PaymentGateway,User u4232 login successful,E101,User {user} login successful
99290,2026-01-16,16:15:51,ERROR,OrderProcessor,Timeout waiting for lock on InventoryDB,E502,Timeout waiting for lock on {db}
99291,2026-01-16,16:52:01,INFO,OrderProcessor,User u4544 login successful,E101,User {user} login successful
99292,2026-01-16,16:26:04,INFO,AuthService,Health check passed: AuthService,E102,Health check passed: {service}
99293,2026-01-16,16:16:56,ERROR,AuthService,Payment declined: Gateway unavailable,E503,Payment declined: Gateway unavailable
99294,2026-01-16,16:26:04,INFO,WebServer,Page view: /home by u1146,E103,Page view: {page} by {user}
99295,2026-01-16,16:31:16,INFO,WebServer,Transaction tx510666 completed in 1400ms,E104,Transaction {tx} completed in {time}ms
99296,2026-01-16,16:07:06,ERROR,OrderProcessor,Payment declined: Gateway unavailable,E503,Payment declined: Gateway unavailable
99297,2026-01-16,16:08:26,ERROR,WebServer,Payment declined: Gateway unavailable,E503,Payment declined: Gateway unavailable
99298,2026-01-16,16:15:42,ERROR,WebServer,Payment declined: Gateway unavailable,E503,Payment declined: Gateway unavailable
99299,2026-01-16,16:21:44,INFO,AuthService,User u4296 login successful,E101,User {user} login successful
99300,2026-01-16,16:40:29,INFO,WebServer,Transaction tx386384 completed in 448ms,E104,Transaction {tx} completed in {time}ms
99301,2026-01-16,16:31:57,INFO,WebServer,Health check passed: WebServer,E102,Health check passed: {service}
99302,2026-01-16,16:29:19,ERROR,WebServer,Payment declined: Gateway unavailable,E503,Payment declined: Gateway unavailable
99303,2026-01-16,16:54:17,INFO,OrderProcessor,Page view: /home by u1457,E103,Page view: {page} by {user}
99304,2026-01-16,16:50:20,INFO,OrderProcessor,Page view: /home by u2507,E103,Page view: {page} by {user}
99305,2026-01-16,16:58:31,ERROR,WebServer,Payment declined: Gateway unavailable,E503,Payment declined: Gateway unavailable
99306,2026-01-16,16:04:05,ERROR,AuthService,Connection refused to AuthService at 10.0.0.88,E501,Connection refused to {service} at {ip}
99307,2026-01-16,16:49:15,CRITICAL,PaymentGateway,KERNEL PANIC: Node node-5 crashed,E601,KERNEL PANIC: Node {node} crashed
99308,2026-01-16,16:21:42,ERROR,WebServer,Connection refused to WebServer at 10.0.0.45,E501,Connection refused to {service} at {ip}
99309,2026-01-16,16:52:30,ERROR,WebServer,Payment declined: Gateway unavailable,E503,Payment declined: Gateway unavailable
99310,2026-01-16,16:41:01,WARN,WebServer,High latency (1402ms) detected on WebServer,E201,High latency ({time}ms) detected on {service}
99311,2026-01-16,16:29:33,ERROR,PaymentGateway,Timeout waiting for lock on InventoryDB,E502,Timeout waiting for lock on {db}
99312,2026-01-16,16:03:11,CRITICAL,WebServer,DATA CORRUPTION detected in sector 506,E602,DATA CORRUPTION detected in sector {sector}
99313,2026-01-16,16:59:22,WARN,AuthService,Unauthorized access attempt from 10.0.0.10,E401,Unauthorized access attempt from {ip}
99314,2026-01-16,16:22:51,INFO,WebServer,Transaction tx681007 completed in 442ms,E104,Transaction {tx} completed in {time}ms
99315,2026-01-16,16:26:05,CRITICAL,WebServer,DATA CORRUPTION detected in sector 362,E602,DATA CORRUPTION detected in sector {sector}
99316,2026-01-16,16:32:14,ERROR,WebServer,Payment declined: Gateway unavailable,E503,Payment declined: Gateway unavailable
99317,2026-01-16,16:15:36,WARN,AuthService,Unauthorized access attempt from 10.0.0.45,E401,Unauthorized access attempt from {ip}
99318,2026-01-16,16:31:24,ERROR,WebServer,Timeout waiting for lock on InventoryDB,E502,Timeout waiting for lock on {db}
99319,2026-01-16,16:14:23,ERROR,WebServer,Timeout waiting for lock on InventoryDB,E502,Timeout waiting for lock on {db}
99320,2026-01-16,16:46:41,INFO,WebServer,Page view: /home by u2700,E103,Page view: {page} by {user}
99321,2026-01-16,16:33:48,INFO,WebServer,User u2146 login successful,E101,User {user} login successful
99322,2026-01-16,16:45:46,ERROR,WebServer,Payment declined: Gateway unavailable,E503,Payment declined: Gateway unavailable
99323,2026-01-16,16:26:39,ERROR,PaymentGateway,Timeout waiting for lock on InventoryDB,E502,Timeout waiting for lock on {db}
99324,2026-01-16,16:18:53,INFO,PaymentGateway,Health check passed: PaymentGateway,E102,Health check passed: {service}
99325,2026-01-16,16:03:35,ERROR,PaymentGateway,Payment declined: Gateway unavailable,E503,Payment declined: Gateway unavailable
99326,2026-01-16,16:51:41,ERROR,WebServer,Timeout waiting for lock on InventoryDB,E502,Timeout waiting for lock on {db}
99327,2026-01-16,16:13:14,ERROR,WebServer,Payment declined: Gateway unavailable,E503,Payment declined: Gateway unavailable
99328,2026-01-16,16:25:19,ERROR,PaymentGateway,Timeout waiting for lock on InventoryDB,E502,Timeout waiting for lock on {db}
99329,2026-01-16,16:31:26,INFO,InventoryDB,User u3547 login successful,E101,User {user} login successful
99330,2026-01-16,16:17:57,ERROR,AuthService,Connection refused to AuthService at 10.0.0.45,E501,Connection refused to {service} at {ip}
99331,2026-01-16,16:29:06,ERROR,PaymentGateway,Timeout waiting for lock on InventoryDB,E502,Timeout waiting for lock on {db}
99332,2026-01-16,16:10:27,ERROR,AuthService,Connection refused to AuthService at 10.0.0.12,E501,Connection refused to {service} at {ip}
99333,2026-01-16,16:37:42,CRITICAL,PaymentGateway,KERNEL PANIC: Node node-1 crashed,E601,KERNEL PANIC: Node {node} crashed
99334,2026-01-16,16:00:46,INFO,WebServer,User u3624 login successful,E101,User {user} login successful
99335,2026-01-16,16:00:55,INFO,WebServer,User u2135 login successful,E101,User {user} login successful
99336,2026-01-16,16:01:24,WARN,OrderProcessor,Unauthorized access attempt from 192.168.1.5,E401,Unauthorized access attempt from {ip}
99337,2026-01-16,16:15:41,INFO,WebServer,Transaction tx595734 completed in 1203ms,E104,Transaction {tx} completed in {time}ms
99338,2026-01-16,16:44:15,CRITICAL,OrderProcessor,DATA CORRUPTION detected in sector 663,E602,DATA CORRUPTION detected in sector {sector}
99339,2026-01-16,16:51:05,INFO,AuthService,Health check passed: AuthService,E102,Health check passed: {service}
99340,2026-01-16,16:20:11,INFO,WebServer,Transaction tx885946 completed in 1291ms,E104,Transaction {tx} completed in {time}ms
99341,2026-01-16,16:12:15,ERROR,AuthService,Timeout waiting for lock on InventoryDB,E502,Timeout waiting for lock on {db}
99342,2026-01-16,16:17:39,INFO,WebServer,Page view: /home by u1699,E103,Page view: {page} by {user}
99343,2026-01-16,16:27:31,ERROR,AuthService,Connection refused to AuthService at 10.0.0.45,E501,Connection refused to {service} at {ip}
99344,2026-01-16,16:34:49,ERROR,WebServer,Connection refused to WebServer at 10.0.0.88,E501,Connection refused to {service} at {ip}
99345,2026-01-16,16:57:16,WARN,WebServer,Unauthorized access attempt from 10.0.0.45,E401,Unauthorized access attempt from {ip}
99346,2026-01-16,16:55:06,INFO,WebServer,User u2273 login successful,E101,User {user} login successful
99347,2026-01-16,16:33:36,ERROR,WebServer,Payment declined: Gateway unavailable,E503,Payment declined: Gateway unavailable
99348,2026-01-16,16:23:40,WARN,WebServer,Disk usage > 85% on node node-5,E202,Disk usage > 85% on node {node}
99349,2026-01-16,16:19:05,ERROR,WebServer,Payment declined: Gateway unavailable,E503,Payment declined: Gateway unavailable
99350,2026-01-16,16:22:46,WARN,OrderProcessor,High latency (1366ms) detected on OrderProcessor,E201,High latency ({time}ms) detected on {service}
99351,2026-01-16,16:49:10,CRITICAL,AuthService,DATA CORRUPTION detected in sector 219,E602,DATA CORRUPTION detected in sector {sector}
99352,2026-01-16,16:25:14,WARN,OrderProcessor,Unauthorized access attempt from 10.0.0.45,E401,Unauthorized access attempt from {ip}
99353,2026-01-16,16:57:19,INFO,WebServer,Health check passed: WebServer,E102,Health check passed: {service}
99354,2026-01-16,16:27:54,ERROR,AuthService,Payment declined: Gateway unavailable,E503,Payment declined: Gateway unavailable
99355,2026-01-16,16:15:35,WARN,AuthService,High latency (1835ms) detected on AuthService,E201,High latency ({time}ms) detected on {service}
99356,2026-01-16,16:58:02,WARN,AuthService,Unauthorized access attempt from 10.0.0.45,E401,Unauthorized access attempt from {ip}
99357,2026-01-16,16:00:55,CRITICAL,WebServer,DATA CORRUPTION detected in sector 241,E602,DATA CORRUPTION detected in sector {sector}
99358,2026-01-16,16:44:26,ERROR,AuthService,Connection refused to AuthService at 10.0.0.45,E501,Connection refused to {service} at {ip}
99359,2026-01-16,16:16:43,CRITICAL,WebServer,DATA CORRUPTION detected in sector 127,E602,DATA CORRUPTION detected in sector {sector}
99360,2026-01-16,16:52:55,ERROR,WebServer,Connection refused to WebServer at 10.0.0.45,E501,Connection refused to {service} at {ip}
99361,2026-01-16,16:39:23,ERROR,WebServer,Connection refused to WebServer at 10.0.0.45,E501,Connection refused to {service} at {ip}
99362,2026-01-16,16:58:51,ERROR,OrderProcessor,Connection refused to OrderProcessor at 10.0.0.45,E501,Connection refused to {service} at {ip}
99363,2026-01-16,16:53:15,INFO,WebServer,Health check passed: WebServer,E102,Health check passed: {service}
99364,2026-01-16,16:22:27,INFO,WebServer,Health check passed: WebServer,E102,Health check passed: {service}
99365,2026-01-16,16:37:31,ERROR,InventoryDB,Timeout waiting for lock on InventoryDB,E502,Timeout waiting for lock on {db}
99366,2026-01-16,16:44:46,INFO,OrderProcessor,Page view: /home by u4373,E103,Page view: {page} by {user}
99367,2026-01-16,16:16:46,WARN,AuthService,Unauthorized access attempt from 10.0.0.88,E401,Unauthorized access attempt from {ip}
99368,2026-01-16,16:03:09,INFO,WebServer,Page view: /home by u4380,E103,Page view: {page} by {user}
99369,2026-01-16,16:23:22,INFO,AuthService,Health check passed: AuthService,E102,Health check passed: {service}
99370,2026-01-16,16:19:25,ERROR,AuthService,Connection refused to AuthService at 192.168.1.5,E501,Connection refused to {service} at {ip}
99371,2026-01-16,16:49:41,WARN,InventoryDB,Unauthorized access attempt from 10.0.0.45,E401,Unauthorized access attempt from {ip}
99372,2026-01-16,16:54:13,CRITICAL,PaymentGateway,KERNEL PANIC: Node node-1 crashed,E601,KERNEL PANIC: Node {node} crashed
99373,2026-01-16,16:46:33,ERROR,InventoryDB,Payment declined: Gateway unavailable,E503,Payment declined: Gateway unavailable
99374,2026-01-16,16:08:04,ERROR,WebServer,Timeout waiting for lock on InventoryDB,E502,Timeout waiting for lock on {db}
99375,2026-01-16,16:08:32,INFO,OrderProcessor,Page view: /home by u4478,E103,Page view: {page} by {user}
99376,2026-01-16,16:52:49,ERROR,AuthService,Payment declined: Gateway unavailable,E503,Payment declined: Gateway unavailable
99377,2026-01-16,16:50:10,WARN,WebServer,Unauthorized access attempt from 10.0.0.45,E401,Unauthorized access attempt from {ip}
99378,2026-01-16,16:47:09,ERROR,WebServer,Payment declined: Gateway unavailable,E503,Payment declined: Gateway unavailable
99379,2026-01-16,16:14:03,ERROR,InventoryDB,Connection refused to InventoryDB at 10.0.0.45,E501,Connection refused to {service} at {ip}
99380,2026-01-16,16:22:00,INFO,WebServer,Health check passed: WebServer,E102,Health check passed: {service}
99381,2026-01-16,16:14:38,ERROR,InventoryDB,Timeout waiting for lock on InventoryDB,E502,Timeout waiting for lock on {db}
99382,2026-01-16,16:13:57,INFO,WebServer,User u2511 login successful,E101,User {user} login successful
99383,2026-01-16,16:50:39,CRITICAL,WebServer,KERNEL PANIC: Node node-3 crashed,E601,KERNEL PANIC: Node {node} crashed
99384,2026-01-16,16:21:35,ERROR,WebServer,Connection refused to WebServer at 10.0.0.88,E501,Connection refused to {service} at {ip}
99385,2026-01-16,16:59:27,INFO,WebServer,User u2843 login successful,E101,User {user} login successful
99386,2026-01-16,16:08:40,INFO,WebServer,Health check passed: WebServer,E102,Health check passed: {service}
99387,2026-01-16,16:26:40,INFO,AuthService,User u3385 login successful,E101,User {user} login successful
99388,2026-01-16,16:33:20,INFO,InventoryDB,Transaction tx387702 completed in 828ms,E104,Transaction {tx} completed in {time}ms
99389,2026-01-16,16:57:08,ERROR,OrderProcessor,Connection refused to OrderProcessor at 10.0.0.45,E501,Connection refused to {service} at {ip}
99390,2026-01-16,16:47:11,ERROR,OrderProcessor,Connection refused to OrderProcessor at 10.0.0.12,E501,Connection refused to {service} at {ip}
99391,2026-01-16,16:52:16,WARN,WebServer,Disk usage > 85% on node node-4,E202,Disk usage > 85% on node {node}
99392,2026-01-16,16:41:24,INFO,WebServer,User u2641 login successful,E101,User {user} login successful
99393,2026-01-16,16:41:53,INFO,OrderProcessor,Page view: /home by u4451,E103,Page view: {page} by {user}
99394,2026-01-16,16:45:07,ERROR,WebServer,Timeout waiting for lock on InventoryDB,E502,Timeout waiting for lock on {db}
99395,2026-01-16,16:43:19,WARN,WebServer,High latency (1959ms) detected on WebServer,E201,High latency ({time}ms) detected on {service}
99396,2026-01-16,16:43:29,ERROR,WebServer,Connection refused to WebServer at 10.0.0.12,E501,Connection refused to {service} at {ip}
99397,2026-01-16,16:43:19,INFO,WebServer,Page view: /home by u4811,E103,Page view: {page} by {user}
99398,2026-01-16,16:19:51,WARN,WebServer,Unauthorized access attempt from 10.0.0.45,E401,Unauthorized access attempt from {ip}
99399,2026-01-16,16:28:35,CRITICAL,OrderProcessor,KERNEL PANIC: Node node-2 crashed,E601,KERNEL PANIC: Node {node} crashed
99400,2026-01-16,16:33:50,CRITICAL,WebServer,KERNEL PANIC: Node node-2 crashed,E601,KERNEL PANIC: Node {node} crashed
99401,2026-01-16,16:23:53,CRITICAL,WebServer,DATA CORRUPTION detected in sector 589,E602,DATA CORRUPTION detected in sector {sector}
99402,2026-01-16,16:45:47,ERROR,WebServer,Payment declined: Gateway unavailable,E503,Payment declined: Gateway unavailable
99403,2026-01-16,16:49:44,WARN,WebServer,Disk usage > 85% on node node-2,E202,Disk usage > 85% on node {node}
99404,2026-01-16,16:27:09,CRITICAL,AuthService,DATA CORRUPTION detected in sector 850,E602,DATA CORRUPTION detected in sector {sector}
99405,2026-01-16,16:44:36,WARN,PaymentGateway,Disk usage > 85% on node node-4,E202,Disk usage > 85% on node {node}
99406,2026-01-16,16:56:48,INFO,WebServer,User u2023 login successful,E101,User {user} login successful
99407,2026-01-16,16:45:29,ERROR,WebServer,Connection refused to WebServer at 10.0.0.45,E501,Connection refused to {service} at {ip}
99408,2026-01-16,16:33:27,INFO,PaymentGateway,User u4605 login successful,E101,User {user} login successful
99409,2026-01-16,16:00:28,ERROR,WebServer,Connection refused to WebServer at 10.0.0.88,E501,Connection refused to {service} at {ip}
99410,2026-01-16,16:18:39,CRITICAL,WebServer,DATA CORRUPTION detected in sector 900,E602,DATA CORRUPTION detected in sector {sector}
99411,2026-01-16,16:29:58,WARN,WebServer,Unauthorized access attempt from 10.0.0.12,E401,Unauthorized access attempt from {ip}
99412,2026-01-16,16:50:00,INFO,AuthService,Health check passed: AuthService,E102,Health check passed: {service}
99413,2026-01-16,16:06:10,INFO,WebServer,Health check passed: WebServer,E102,Health check passed: {service}
99414,2026-01-16,16:30:06,WARN,PaymentGateway,Disk usage > 85% on node node-2,E202,Disk usage > 85% on node {node}
99415,2026-01-16,16:11:42,WARN,WebServer,High latency (1886ms) detected on WebServer,E201,High latency ({time}ms) detected on {service}
99416,2026-01-16,16:54:47,WARN,WebServer,Disk usage > 85% on node node-3,E202,Disk usage > 85% on node {node}
99417,2026-01-16,16:35:56,INFO,AuthService,Transaction tx325712 completed in 1807ms,E104,Transaction {tx} completed in {time}ms
99418,2026-01-16,16:22:48,ERROR,OrderProcessor,Connection refused to OrderProcessor at 10.0.0.10,E501,Connection refused to {service} at {ip}
99419,2026-01-16,16:43:33,ERROR,WebServer,Timeout waiting for lock on InventoryDB,E502,Timeout waiting for lock on {db}
99420,2026-01-16,16:05:05,ERROR,AuthService,Connection refused to AuthService at 10.0.0.45,E501,Connection refused to {service} at {ip}
99421,2026-01-16,16:15:00,WARN,AuthService,High latency (1510ms) detected on AuthService,E201,High latency ({time}ms) detected on {service}
99422,2026-01-16,16:26:49,ERROR,InventoryDB,Payment declined: Gateway unavailable,E503,Payment declined: Gateway unavailable
99423,2026-01-16,16:19:04,ERROR,PaymentGateway,Payment declined: Gateway unavailable,E503,Payment declined: Gateway unavailable
99424,2026-01-16,16:10:45,ERROR,AuthService,Connection refused to AuthService at 10.0.0.12,E501,Connection refused to {service} at {ip}
99425,2026-01-16,16:53:18,ERROR,WebServer,Timeout waiting for lock on InventoryDB,E502,Timeout waiting for lock on {db}
99426,2026-01-16,16:25:28,ERROR,WebServer,Connection refused to WebServer at 10.0.0.10,E501,Connection refused to {service} at {ip}
99427,2026-01-16,16:06:04,ERROR,WebServer,Connection refused to WebServer at 10.0.0.45,E501,Connection refused to {service} at {ip}
99428,2026-01-16,16:26:41,WARN,WebServer,Disk usage > 85% on node node-2,E202,Disk usage > 85% on node {node}
99429,2026-01-16,16:58:13,INFO,WebServer,Transaction tx390735 completed in 1447ms,E104,Transaction {tx} completed in {time}ms
99430,2026-01-16,16:22:53,ERROR,AuthService,Connection refused to AuthService at 10.0.0.12,E501,Connection refused to {service} at {ip}
99431,2026-01-16,16:31:33,WARN,AuthService,Unauthorized access attempt from 10.0.0.99,E401,Unauthorized access attempt from {ip}
99432,2026-01-16,16:36:33,CRITICAL,OrderProcessor,DATA CORRUPTION detected in sector 902,E602,DATA CORRUPTION detected in sector {sector}
99433,2026-01-16,16:44:05,INFO,WebServer,Transaction tx655828 completed in 1516ms,E104,Transaction {tx} completed in {time}ms
99434,2026-01-16,16:35:20,INFO,WebServer,User u2391 login successful,E101,User {user} login successful
99435,2026-01-16,16:05:53,ERROR,AuthService,Timeout waiting for lock on InventoryDB,E502,Timeout waiting for lock on {db}
99436,2026-01-16,16:32:13,INFO,WebServer,Health check passed: WebServer,E102,Health check passed: {service}
99437,2026-01-16,16:08:51,WARN,WebServer,High latency (996ms) detected on WebServer,E201,High latency ({time}ms) detected on {service}
99438,2026-01-16,16:40:48,WARN,WebServer,Unauthorized access attempt from 10.0.0.45,E401,Unauthorized access attempt from {ip}
99439,2026-01-16,16:07:18,ERROR,WebServer,Payment declined: Gateway unavailable,E503,Payment declined: Gateway unavailable
99440,2026-01-16,16:12:26,ERROR,PaymentGateway,Payment declined: Gateway unavailable,E503,Payment declined: Gateway unavailable
99441,2026-01-16,16:36:37,ERROR,OrderProcessor,Payment declined: Gateway unavailable,E503,Payment declined: Gateway unavailable
99442,2026-01-16,16:49:50,INFO,WebServer,Transaction tx368711 completed in 839ms,E104,Transaction {tx} completed in {time}ms
99443,2026-01-16,16:33:58,CRITICAL,WebServer,DATA CORRUPTION detected in sector 369,E602,DATA CORRUPTION detected in sector {sector}
99444,2026-01-16,16:17:07,WARN,OrderProcessor,High latency (1299ms) detected on OrderProcessor,E201,High latency ({time}ms) detected on {service}
99445,2026-01-16,16:40:02,ERROR,WebServer,Timeout waiting for lock on InventoryDB,E502,Timeout waiting for lock on {db}
99446,2026-01-16,16:00:26,INFO,AuthService,Transaction tx170272 completed in 966ms,E104,Transaction {tx} completed in {time}ms
99447,2026-01-16,16:51:40,WARN,PaymentGateway,Disk usage > 85% on node node-4,E202,Disk usage > 85% on node {node}
99448,2026-01-16,16:39:17,ERROR,AuthService,Timeout waiting for lock on InventoryDB,E502,Timeout waiting for lock on {db}
99449,2026-01-16,16:14:31,INFO,OrderProcessor,Health check passed: OrderProcessor,E102,Health check passed: {service}
99450,2026-01-16,16:01:38,INFO,WebServer,Health check passed: WebServer,E102,Health check passed: {service}
99451,2026-01-16,16:25:25,INFO,WebServer,User u4318 login successful,E101,User {user} login successful
99452,2026-01-16,16:06:56,INFO,WebServer,User u4099 login successful,E101,User {user} login successful
99453,2026-01-16,16:50:01,INFO,WebServer,Health check passed: WebServer,E102,Health check passed: {service}
99454,2026-01-16,16:00:35,ERROR,WebServer,Timeout waiting for lock on InventoryDB,E502,Timeout waiting for lock on {db}
99455,2026-01-16,16:20:15,INFO,AuthService,Page view: /home by u3646,E103,Page view: {page} by {user}
99456,2026-01-16,16:58:59,ERROR,WebServer,Connection refused to WebServer at 10.0.0.10,E501,Connection refused to {service} at {ip}
99457,2026-01-16,16:15:41,ERROR,WebServer,Connection refused to WebServer at 10.0.0.12,E501,Connection refused to {service} at {ip}
99458,2026-01-16,16:10:58,ERROR,AuthService,Payment declined: Gateway unavailable,E503,Payment declined: Gateway unavailable
99459,2026-01-16,16:39:49,INFO,WebServer,Page view: /home by u2020,E103,Page view: {page} by {user}
99460,2026-01-16,16:57:44,ERROR,WebServer,Timeout waiting for lock on InventoryDB,E502,Timeout waiting for lock on {db}
99461,2026-01-16,16:10:14,ERROR,WebServer,Payment declined: Gateway unavailable,E503,Payment declined: Gateway unavailable
99462,2026-01-16,16:51:17,INFO,PaymentGateway,Page view: /home by u4198,E103,Page view: {page} by {user}
99463,2026-01-16,16:52:52,WARN,WebServer,Unauthorized access attempt from 10.0.0.45,E401,Unauthorized access attempt from {ip}
99464,2026-01-16,16:40:52,WARN,WebServer,Disk usage > 85% on node node-2,E202,Disk usage > 85% on node {node}
99465,2026-01-16,16:22:13,INFO,PaymentGateway,Page view: /home by u1509,E103,Page view: {page} by {user}
99466,2026-01-16,16:19:11,INFO,AuthService,User u1631 login successful,E101,User {user} login successful
99467,2026-01-16,16:12:42,WARN,AuthService,Unauthorized access attempt from 10.0.0.10,E401,Unauthorized access attempt from {ip}
99468,2026-01-16,16:14:31,ERROR,AuthService,Connection refused to AuthService at 10.0.0.45,E501,Connection refused to {service} at {ip}
99469,2026-01-16,16:28:25,ERROR,WebServer,Connection refused to WebServer at 10.0.0.45,E501,Connection refused to {service} at {ip}
99470,2026-01-16,16:59:28,CRITICAL,WebServer,DATA CORRUPTION detected in sector 642,E602,DATA CORRUPTION detected in sector {sector}
99471,2026-01-16,16:04:35,ERROR,WebServer,Timeout waiting for lock on InventoryDB,E502,Timeout waiting for lock on {db}
99472,2026-01-16,16:03:00,ERROR,AuthService,Timeout waiting for lock on InventoryDB,E502,Timeout waiting for lock on {db}
99473,2026-01-16,16:48:28,ERROR,OrderProcessor,Connection refused to OrderProcessor at 10.0.0.45,E501,Connection refused to {service} at {ip}
99474,2026-01-16,16:34:57,CRITICAL,WebServer,KERNEL PANIC: Node node-5 crashed,E601,KERNEL PANIC: Node {node} crashed
99475,2026-01-16,16:54:44,ERROR,OrderProcessor,Payment declined: Gateway unavailable,E503,Payment declined: Gateway unavailable
99476,2026-01-16,16:05:26,WARN,OrderProcessor,Disk usage > 85% on node node-4,E202,Disk usage > 85% on node {node}
99477,2026-01-16,16:05:09,WARN,OrderProcessor,Disk usage > 85% on node node-1,E202,Disk usage > 85% on node {node}
99478,2026-01-16,16:30:15,INFO,AuthService,User u3064 login successful,E101,User {user} login successful
99479,2026-01-16,16:02:15,INFO,OrderProcessor,User u2981 login successful,E101,User {user} login successful
99480,2026-01-16,16:46:04,ERROR,OrderProcessor,Timeout waiting for lock on InventoryDB,E502,Timeout waiting for lock on {db}
99481,2026-01-16,16:47:41,WARN,WebServer,High latency (389ms) detected on WebServer,E201,High latency ({time}ms) detected on {service}
99482,2026-01-16,16:11:21,ERROR,AuthService,Timeout waiting for lock on InventoryDB,E502,Timeout waiting for lock on {db}
99483,2026-01-16,16:05:32,WARN,WebServer,Unauthorized access attempt from 10.0.0.45,E401,Unauthorized access attempt from {ip}
99484,2026-01-16,16:55:55,ERROR,WebServer,Connection refused to WebServer at 10.0.0.88,E501,Connection refused to {service} at {ip}
99485,2026-01-16,16:41:52,INFO,OrderProcessor,User u1654 login successful,E101,User {user} login successful
99486,2026-01-16,16:19:23,INFO,OrderProcessor,Transaction tx225125 completed in 1609ms,E104,Transaction {tx} completed in {time}ms
99487,2026-01-16,16:13:27,ERROR,WebServer,Connection refused to WebServer at 10.0.0.45,E501,Connection refused to {service} at {ip}
99488,2026-01-16,16:15:56,WARN,PaymentGateway,High latency (220ms) detected on PaymentGateway,E201,High latency ({time}ms) detected on {service}
99489,2026-01-16,16:23:22,INFO,WebServer,Page view: /home by u1006,E103,Page view: {page} by {user}
99490,2026-01-16,16:56:59,INFO,PaymentGateway,User u4735 login successful,E101,User {user} login successful
99491,2026-01-16,16:09:14,INFO,AuthService,Transaction tx667072 completed in 354ms,E104,Transaction {tx} completed in {time}ms
99492,2026-01-16,16:23:07,INFO,WebServer,Page view: /home by u4608,E103,Page view: {page} by {user}
99493,2026-01-16,16:43:53,INFO,AuthService,Page view: /home by u3627,E103,Page view: {page} by {user}
99494,2026-01-16,16:05:36,INFO,WebServer,Health check passed: WebServer,E102,Health check passed: {service}
99495,2026-01-16,16:11:11,WARN,OrderProcessor,Unauthorized access attempt from 10.0.0.10,E401,Unauthorized access attempt from {ip}
99496,2026-01-16,16:24:45,ERROR,WebServer,Connection refused to WebServer at 10.0.0.10,E501,Connection refused to {service} at {ip}
99497,2026-01-16,16:59:09,WARN,WebServer,High latency (309ms) detected on WebServer,E201,High latency ({time}ms) detected on {service}
99498,2026-01-16,16:45:43,ERROR,WebServer,Timeout waiting for lock on InventoryDB,E502,Timeout waiting for lock on {db}
99499,2026-01-16,16:05:25,CRITICAL,WebServer,DATA CORRUPTION detected in sector 461,E602,DATA CORRUPTION detected in sector {sector}
99500,2026-01-16,16:25:04,INFO,WebServer,Page view: /home by u2585,E103,Page view: {page} by {user}
99501,2026-01-16,16:59:11,ERROR,OrderProcessor,Timeout waiting for lock on InventoryDB,E502,Timeout waiting for lock on {db}
99502,2026-01-16,16:35:08,INFO,AuthService,Transaction tx403238 completed in 1909ms,E104,Transaction {tx} completed in {time}ms
99503,2026-01-16,16:07:41,ERROR,OrderProcessor,Timeout waiting for lock on InventoryDB,E502,Timeout waiting for lock on {db}
99504,2026-01-16,16:39:42,ERROR,WebServer,Payment declined: Gateway unavailable,E503,Payment declined: Gateway unavailable
99505,2026-01-16,16:11:53,ERROR,AuthService,Payment declined: Gateway unavailable,E503,Payment declined: Gateway unavailable
99506,2026-01-16,16:06:09,WARN,WebServer,High latency (1767ms) detected on WebServer,E201,High latency ({time}ms) detected on {service}
99507,2026-01-16,16:39:38,ERROR,WebServer,Payment declined: Gateway unavailable,E503,Payment declined: Gateway unavailable
99508,2026-01-16,16:36:39,ERROR,OrderProcessor,Payment declined: Gateway unavailable,E503,Payment declined: Gateway unavailable
99509,2026-01-16,16:27:10,ERROR,AuthService,Connection refused to AuthService at 10.0.0.45,E501,Connection refused to {service} at {ip}
99510,2026-01-16,16:05:58,ERROR,AuthService,Timeout waiting for lock on InventoryDB,E502,Timeout waiting for lock on {db}
99511,2026-01-16,16:45:24,INFO,AuthService,Page view: /home by u3452,E103,Page view: {page} by {user}
99512,2026-01-16,16:41:02,WARN,AuthService,Disk usage > 85% on node node-2,E202,Disk usage > 85% on node {node}
99513,2026-01-16,16:59:14,ERROR,WebServer,Payment declined: Gateway unavailable,E503,Payment declined: Gateway unavailable
99514,2026-01-16,16:29:57,INFO,OrderProcessor,Page view: /home by u2731,E103,Page view: {page} by {user}
99515,2026-01-16,16:11:22,ERROR,WebServer,Connection refused to WebServer at 10.0.0.45,E501,Connection refused to {service} at {ip}
99516,2026-01-16,16:18:08,ERROR,InventoryDB,Timeout waiting for lock on InventoryDB,E502,Timeout waiting for lock on {db}
99517,2026-01-16,16:57:46,ERROR,WebServer,Timeout waiting for lock on InventoryDB,E502,Timeout waiting for lock on {db}
99518,2026-01-16,16:38:16,ERROR,WebServer,Timeout waiting for lock on InventoryDB,E502,Timeout waiting for lock on {db}
99519,2026-01-16,16:18:14,CRITICAL,WebServer,DATA CORRUPTION detected in sector 303,E602,DATA CORRUPTION detected in sector {sector}
99520,2026-01-16,16:49:46,WARN,OrderProcessor,Unauthorized access attempt from 10.0.0.45,E401,Unauthorized access attempt from {ip}
99521,2026-01-16,16:53:55,WARN,PaymentGateway,Disk usage > 85% on node node-2,E202,Disk usage > 85% on node {node}
99522,2026-01-16,16:42:29,INFO,InventoryDB,Health check passed: InventoryDB,E102,Health check passed: {service}
99523,2026-01-16,16:12:24,ERROR,WebServer,Timeout waiting for lock on InventoryDB,E502,Timeout waiting for lock on {db}
99524,2026-01-16,16:58:40,CRITICAL,AuthService,DATA CORRUPTION detected in sector 530,E602,DATA CORRUPTION detected in sector {sector}
99525,2026-01-16,16:58:48,WARN,WebServer,High latency (1326ms) detected on WebServer,E201,High latency ({time}ms) detected on {service}
99526,2026-01-16,16:34:39,CRITICAL,WebServer,DATA CORRUPTION detected in sector 892,E602,DATA CORRUPTION detected in sector {sector}
99527,2026-01-16,16:20:53,ERROR,OrderProcessor,Payment declined: Gateway unavailable,E503,Payment declined: Gateway unavailable
99528,2026-01-16,16:39:26,INFO,AuthService,Health check passed: AuthService,E102,Health check passed: {service}
99529,2026-01-16,16:32:57,WARN,PaymentGateway,Unauthorized access attempt from 10.0.0.45,E401,Unauthorized access attempt from {ip}
99530,2026-01-16,16:01:53,INFO,AuthService,Page view: /home by u3924,E103,Page view: {page} by {user}
99531,2026-01-16,16:54:08,INFO,InventoryDB,Transaction tx743749 completed in 955ms,E104,Transaction {tx} completed in {time}ms
99532,2026-01-16,16:27:52,ERROR,WebServer,Timeout waiting for lock on InventoryDB,E502,Timeout waiting for lock on {db}
99533,2026-01-16,16:28:26,ERROR,WebServer,Payment declined: Gateway unavailable,E503,Payment declined: Gateway unavailable
99534,2026-01-16,16:33:43,ERROR,WebServer,Connection refused to WebServer at 10.0.0.10,E501,Connection refused to {service} at {ip}
99535,2026-01-16,16:43:35,WARN,InventoryDB,Unauthorized access attempt from 10.0.0.12,E401,Unauthorized access attempt from {ip}
99536,2026-01-16,16:50:19,ERROR,OrderProcessor,Timeout waiting for lock on InventoryDB,E502,Timeout waiting for lock on {db}
99537,2026-01-16,16:40:02,ERROR,WebServer,Timeout waiting for lock on InventoryDB,E502,Timeout waiting for lock on {db}
99538,2026-01-16,16:20:21,INFO,AuthService,User u4756 login successful,E101,User {user} login successful
99539,2026-01-16,16:21:20,CRITICAL,AuthService,KERNEL PANIC: Node node-3 crashed,E601,KERNEL PANIC: Node {node} crashed
99540,2026-01-16,16:41:04,INFO,AuthService,User u2238 login successful,E101,User {user} login successful
99541,2026-01-16,16:47:04,ERROR,WebServer,Payment declined: Gateway unavailable,E503,Payment declined: Gateway unavailable
99542,2026-01-16,16:11:17,INFO,WebServer,Health check passed: WebServer,E102,Health check passed: {service}
99543,2026-01-16,16:26:29,ERROR,WebServer,Timeout waiting for lock on InventoryDB,E502,Timeout waiting for lock on {db}
99544,2026-01-16,16:21:31,INFO,PaymentGateway,Page view: /home by u2369,E103,Page view: {page} by {user}
99545,2026-01-16,16:37:14,WARN,AuthService,Unauthorized access attempt from 192.168.1.5,E401,Unauthorized access attempt from {ip}
99546,2026-01-16,16:01:22,INFO,WebServer,Page view: /home by u1497,E103,Page view: {page} by {user}
99547,2026-01-16,16:37:00,CRITICAL,AuthService,DATA CORRUPTION detected in sector 258,E602,DATA CORRUPTION detected in sector {sector}
99548,2026-01-16,16:14:21,WARN,OrderProcessor,High latency (807ms) detected on OrderProcessor,E201,High latency ({time}ms) detected on {service}
99549,2026-01-16,16:25:23,ERROR,WebServer,Connection refused to WebServer at 10.0.0.45,E501,Connection refused to {service} at {ip}
99550,2026-01-16,16:41:19,INFO,WebServer,User u3494 login successful,E101,User {user} login successful
99551,2026-01-16,16:06:35,ERROR,WebServer,Connection refused to WebServer at 10.0.0.45,E501,Connection refused to {service} at {ip}
99552,2026-01-16,16:25:54,WARN,WebServer,High latency (1594ms) detected on WebServer,E201,High latency ({time}ms) detected on {service}
99553,2026-01-16,16:27:12,INFO,WebServer,Transaction tx775650 completed in 1454ms,E104,Transaction {tx} completed in {time}ms
99554,2026-01-16,16:05:46,ERROR,AuthService,Connection refused to AuthService at 10.0.0.45,E501,Connection refused to {service} at {ip}
99555,2026-01-16,16:53:06,ERROR,OrderProcessor,Connection refused to OrderProcessor at 192.168.1.5,E501,Connection refused to {service} at {ip}
99556,2026-01-16,16:20:04,WARN,OrderProcessor,High latency (756ms) detected on OrderProcessor,E201,High latency ({time}ms) detected on {service}
99557,2026-01-16,16:55:03,WARN,WebServer,Disk usage > 85% on node node-5,E202,Disk usage > 85% on node {node}
99558,2026-01-16,16:51:14,INFO,WebServer,User u4180 login successful,E101,User {user} login successful
99559,2026-01-16,16:57:11,INFO,WebServer,Health check passed: WebServer,E102,Health check passed: {service}
99560,2026-01-16,16:01:41,WARN,PaymentGateway,High latency (1009ms) detected on PaymentGateway,E201,High latency ({time}ms) detected on {service}
99561,2026-01-16,16:16:22,ERROR,AuthService,Connection refused to AuthService at 10.0.0.45,E501,Connection refused to {service} at {ip}
99562,2026-01-16,16:46:20,INFO,PaymentGateway,User u1022 login successful,E101,User {user} login successful
99563,2026-01-16,16:32:08,CRITICAL,WebServer,KERNEL PANIC: Node node-1 crashed,E601,KERNEL PANIC: Node {node} crashed
99564,2026-01-16,16:51:27,INFO,WebServer,User u2127 login successful,E101,User {user} login successful
99565,2026-01-16,16:12:31,ERROR,AuthService,Payment declined: Gateway unavailable,E503,Payment declined: Gateway unavailable
99566,2026-01-16,16:09:30,INFO,OrderProcessor,User u4645 login successful,E101,User {user} login successful
99567,2026-01-16,16:15:45,CRITICAL,WebServer,KERNEL PANIC: Node node-2 crashed,E601,KERNEL PANIC: Node {node} crashed
99568,2026-01-16,16:49:33,ERROR,AuthService,Timeout waiting for lock on InventoryDB,E502,Timeout waiting for lock on {db}
99569,2026-01-16,16:39:58,INFO,AuthService,Page view: /home by u4696,E103,Page view: {page} by {user}
99570,2026-01-16,16:40:30,WARN,AuthService,Disk usage > 85% on node node-1,E202,Disk usage > 85% on node {node}
99571,2026-01-16,16:11:43,ERROR,WebServer,Connection refused to WebServer at 10.0.0.45,E501,Connection refused to {service} at {ip}
99572,2026-01-16,16:56:17,INFO,AuthService,Page view: /home by u4399,E103,Page view: {page} by {user}
99573,2026-01-16,16:46:56,ERROR,WebServer,Connection refused to WebServer at 10.0.0.45,E501,Connection refused to {service} at {ip}
99574,2026-01-16,16:07:17,ERROR,WebServer,Connection refused to WebServer at 10.0.0.99,E501,Connection refused to {service} at {ip}
99575,2026-01-16,16:00:08,INFO,InventoryDB,Page view: /home by u1276,E103,Page view: {page} by {user}
99576,2026-01-16,16:18:02,ERROR,WebServer,Payment declined: Gateway unavailable,E503,Payment declined: Gateway unavailable
99577,2026-01-16,16:40:20,INFO,PaymentGateway,Transaction tx891048 completed in 1331ms,E104,Transaction {tx} completed in {time}ms
99578,2026-01-16,16:31:47,WARN,AuthService,High latency (1073ms) detected on AuthService,E201,High latency ({time}ms) detected on {service}
99579,2026-01-16,16:33:37,INFO,AuthService,Health check passed: AuthService,E102,Health check passed: {service}
99580,2026-01-16,16:25:49,ERROR,PaymentGateway,Payment declined: Gateway unavailable,E503,Payment declined: Gateway unavailable
99581,2026-01-16,16:29:14,ERROR,WebServer,Timeout waiting for lock on InventoryDB,E502,Timeout waiting for lock on {db}
99582,2026-01-16,16:01:39,ERROR,OrderProcessor,Timeout waiting for lock on InventoryDB,E502,Timeout waiting for lock on {db}
99583,2026-01-16,16:43:27,WARN,WebServer,Unauthorized access attempt from 10.0.0.45,E401,Unauthorized access attempt from {ip}
99584,2026-01-16,16:40:42,INFO,WebServer,Transaction tx790767 completed in 1034ms,E104,Transaction {tx} completed in {time}ms
99585,2026-01-16,16:16:40,ERROR,AuthService,Timeout waiting for lock on InventoryDB,E502,Timeout waiting for lock on {db}
99586,2026-01-16,16:53:09,ERROR,OrderProcessor,Connection refused to OrderProcessor at 10.0.0.45,E501,Connection refused to {service} at {ip}
99587,2026-01-16,16:22:15,INFO,WebServer,Transaction tx505993 completed in 904ms,E104,Transaction {tx} completed in {time}ms
99588,2026-01-16,16:56:09,ERROR,AuthService,Timeout waiting for lock on InventoryDB,E502,Timeout waiting for lock on {db}
99589,2026-01-16,16:04:12,INFO,WebServer,Health check passed: WebServer,E102,Health check passed: {service}
99590,2026-01-16,16:31:05,ERROR,WebServer,Connection refused to WebServer at 192.168.1.5,E501,Connection refused to {service} at {ip}
99591,2026-01-16,16:00:15,WARN,PaymentGateway,High latency (1634ms) detected on PaymentGateway,E201,High latency ({time}ms) detected on {service}
99592,2026-01-16,16:39:28,ERROR,WebServer,Connection refused to WebServer at 10.0.0.12,E501,Connection refused to {service} at {ip}
99593,2026-01-16,16:20:55,INFO,PaymentGateway,Transaction tx104010 completed in 1976ms,E104,Transaction {tx} completed in {time}ms
99594,2026-01-16,16:07:41,WARN,WebServer,High latency (479ms) detected on WebServer,E201,High latency ({time}ms) detected on {service}
99595,2026-01-16,16:39:53,ERROR,InventoryDB,Payment declined: Gateway unavailable,E503,Payment declined: Gateway unavailable
99596,2026-01-16,16:33:06,WARN,WebServer,High latency (1504ms) detected on WebServer,E201,High latency ({time}ms) detected on {service}
99597,2026-01-16,16:14:26,WARN,PaymentGateway,Unauthorized access attempt from 10.0.0.12,E401,Unauthorized access attempt from {ip}
99598,2026-01-16,16:09:50,ERROR,AuthService,Timeout waiting for lock on InventoryDB,E502,Timeout waiting for lock on {db}
99599,2026-01-16,16:50:41,INFO,AuthService,Health check passed: AuthService,E102,Health check passed: {service}
99600,2026-01-16,16:51:42,ERROR,AuthService,Connection refused to AuthService at 10.0.0.45,E501,Connection refused to {service} at {ip}
99601,2026-01-16,16:39:18,WARN,WebServer,Unauthorized access attempt from 10.0.0.45,E401,Unauthorized access attempt from {ip}
99602,2026-01-16,16:23:16,INFO,PaymentGateway,Transaction tx302275 completed in 1369ms,E104,Transaction {tx} completed in {time}ms
99603,2026-01-16,16:02:07,WARN,WebServer,High latency (1253ms) detected on WebServer,E201,High latency ({time}ms) detected on {service}
99604,2026-01-16,16:03:27,ERROR,WebServer,Connection refused to WebServer at 10.0.0.88,E501,Connection refused to {service} at {ip}
99605,2026-01-16,16:19:52,INFO,AuthService,Health check passed: AuthService,E102,Health check passed: {service}
99606,2026-01-16,16:09:23,ERROR,WebServer,Timeout waiting for lock on InventoryDB,E502,Timeout waiting for lock on {db}
99607,2026-01-16,16:20:35,ERROR,WebServer,Payment declined: Gateway unavailable,E503,Payment declined: Gateway unavailable
99608,2026-01-16,16:33:45,WARN,WebServer,Unauthorized access attempt from 10.0.0.45,E401,Unauthorized access attempt from {ip}
99609,2026-01-16,16:53:37,ERROR,OrderProcessor,Timeout waiting for lock on InventoryDB,E502,Timeout waiting for lock on {db}
99610,2026-01-16,16:36:58,ERROR,OrderProcessor,Timeout waiting for lock on InventoryDB,E502,Timeout waiting for lock on {db}
99611,2026-01-16,16:25:57,ERROR,PaymentGateway,Payment declined: Gateway unavailable,E503,Payment declined: Gateway unavailable
99612,2026-01-16,16:42:50,ERROR,WebServer,Timeout waiting for lock on InventoryDB,E502,Timeout waiting for lock on {db}
99613,2026-01-16,16:19:26,ERROR,PaymentGateway,Payment declined: Gateway unavailable,E503,Payment declined: Gateway unavailable
99614,2026-01-16,16:52:40,INFO,WebServer,Transaction tx163385 completed in 1232ms,E104,Transaction {tx} completed in {time}ms
99615,2026-01-16,16:08:20,INFO,AuthService,Page view: /home by u2888,E103,Page view: {page} by {user}
99616,2026-01-16,16:51:36,WARN,InventoryDB,Unauthorized access attempt from 10.0.0.45,E401,Unauthorized access attempt from {ip}
99617,2026-01-16,16:19:04,WARN,WebServer,High latency (405ms) detected on WebServer,E201,High latency ({time}ms) detected on {service}
99618,2026-01-16,16:12:23,INFO,AuthService,Transaction tx542477 completed in 914ms,E104,Transaction {tx} completed in {time}ms
99619,2026-01-16,16:27:39,ERROR,AuthService,Connection refused to AuthService at 10.0.0.45,E501,Connection refused to {service} at {ip}
99620,2026-01-16,16:29:50,INFO,AuthService,Page view: /home by u4477,E103,Page view: {page} by {user}
99621,2026-01-16,16:12:54,INFO,AuthService,Page view: /home by u4631,E103,Page view: {page} by {user}
99622,2026-01-16,16:39:30,INFO,WebServer,Page view: /home by u2891,E103,Page view: {page} by {user}
99623,2026-01-16,16:01:36,CRITICAL,OrderProcessor,DATA CORRUPTION detected in sector 508,E602,DATA CORRUPTION detected in sector {sector}
99624,2026-01-16,16:05:29,WARN,AuthService,Disk usage > 85% on node node-2,E202,Disk usage > 85% on node {node}
99625,2026-01-16,16:38:16,ERROR,PaymentGateway,Connection refused to PaymentGateway at 10.0.0.45,E501,Connection refused to {service} at {ip}
99626,2026-01-16,16:51:21,ERROR,AuthService,Timeout waiting for lock on InventoryDB,E502,Timeout waiting for lock on {db}
99627,2026-01-16,16:39:49,WARN,AuthService,Unauthorized access attempt from 10.0.0.45,E401,Unauthorized access attempt from {ip}
99628,2026-01-16,16:46:02,WARN,AuthService,Disk usage > 85% on node node-3,E202,Disk usage > 85% on node {node}
99629,2026-01-16,16:08:05,ERROR,WebServer,Timeout waiting for lock on InventoryDB,E502,Timeout waiting for lock on {db}
99630,2026-01-16,16:07:56,ERROR,AuthService,Timeout waiting for lock on InventoryDB,E502,Timeout waiting for lock on {db}
99631,2026-01-16,16:32:38,ERROR,OrderProcessor,Payment declined: Gateway unavailable,E503,Payment declined: Gateway unavailable
99632,2026-01-16,16:35:59,INFO,InventoryDB,User u2571 login successful,E101,User {user} login successful
99633,2026-01-16,16:04:39,INFO,AuthService,Transaction tx797253 completed in 1090ms,E104,Transaction {tx} completed in {time}ms
99634,2026-01-16,16:16:10,ERROR,WebServer,Timeout waiting for lock on InventoryDB,E502,Timeout waiting for lock on {db}
99635,2026-01-16,16:17:25,INFO,AuthService,User u4716 login successful,E101,User {user} login successful
99636,2026-01-16,16:35:50,ERROR,AuthService,Connection refused to AuthService at 192.168.1.5,E501,Connection refused to {service} at {ip}
99637,2026-01-16,16:12:18,ERROR,OrderProcessor,Timeout waiting for lock on InventoryDB,E502,Timeout waiting for lock on {db}
99638,2026-01-16,16:50:36,INFO,PaymentGateway,User u4769 login successful,E101,User {user} login successful
99639,2026-01-16,16:43:35,WARN,WebServer,Unauthorized access attempt from 10.0.0.45,E401,Unauthorized access attempt from {ip}
99640,2026-01-16,16:01:52,CRITICAL,WebServer,KERNEL PANIC: Node node-4 crashed,E601,KERNEL PANIC: Node {node} crashed
99641,2026-01-16,16:29:08,WARN,WebServer,Disk usage > 85% on node node-1,E202,Disk usage > 85% on node {node}
99642,2026-01-16,16:55:52,WARN,WebServer,High latency (572ms) detected on WebServer,E201,High latency ({time}ms) detected on {service}
99643,2026-01-16,16:18:43,ERROR,WebServer,Payment declined: Gateway unavailable,E503,Payment declined: Gateway unavailable
99644,2026-01-16,16:34:07,ERROR,WebServer,Payment declined: Gateway unavailable,E503,Payment declined: Gateway unavailable
99645,2026-01-16,16:04:50,ERROR,WebServer,Payment declined: Gateway unavailable,E503,Payment declined: Gateway unavailable
99646,2026-01-16,16:10:45,INFO,WebServer,Page view: /home by u4597,E103,Page view: {page} by {user}
99647,2026-01-16,16:47:59,ERROR,WebServer,Connection refused to WebServer at 10.0.0.45,E501,Connection refused to {service} at {ip}
99648,2026-01-16,16:17:09,WARN,WebServer,Unauthorized access attempt from 10.0.0.12,E401,Unauthorized access attempt from {ip}
99649,2026-01-16,16:35:09,ERROR,AuthService,Payment declined: Gateway unavailable,E503,Payment declined: Gateway unavailable
99650,2026-01-16,16:44:16,INFO,WebServer,Health check passed: WebServer,E102,Health check passed: {service}
99651,2026-01-16,16:57:21,WARN,OrderProcessor,Disk usage > 85% on node node-1,E202,Disk usage > 85% on node {node}
99652,2026-01-16,16:36:39,ERROR,WebServer,Connection refused to WebServer at 10.0.0.45,E501,Connection refused to {service} at {ip}
99653,2026-01-16,16:25:07,ERROR,AuthService,Timeout waiting for lock on InventoryDB,E502,Timeout waiting for lock on {db}
99654,2026-01-16,16:35:34,ERROR,AuthService,Payment declined: Gateway unavailable,E503,Payment declined: Gateway unavailable
99655,2026-01-16,16:50:01,CRITICAL,WebServer,KERNEL PANIC: Node node-1 crashed,E601,KERNEL PANIC: Node {node} crashed
99656,2026-01-16,16:46:39,INFO,WebServer,Page view: /home by u1826,E103,Page view: {page} by {user}
99657,2026-01-16,16:49:15,ERROR,AuthService,Timeout waiting for lock on InventoryDB,E502,Timeout waiting for lock on {db}
99658,2026-01-16,16:40:48,ERROR,WebServer,Timeout waiting for lock on InventoryDB,E502,Timeout waiting for lock on {db}
99659,2026-01-16,16:33:14,ERROR,WebServer,Connection refused to WebServer at 10.0.0.45,E501,Connection refused to {service} at {ip}
99660,2026-01-16,16:25:39,CRITICAL,WebServer,KERNEL PANIC: Node node-1 crashed,E601,KERNEL PANIC: Node {node} crashed
99661,2026-01-16,16:38:50,ERROR,WebServer,Payment declined: Gateway unavailable,E503,Payment declined: Gateway unavailable
99662,2026-01-16,16:18:10,ERROR,AuthService,Timeout waiting for lock on InventoryDB,E502,Timeout waiting for lock on {db}
99663,2026-01-16,16:58:18,WARN,WebServer,High latency (56ms) detected on WebServer,E201,High latency ({time}ms) detected on {service}
99664,2026-01-16,16:53:41,INFO,OrderProcessor,Transaction tx608282 completed in 412ms,E104,Transaction {tx} completed in {time}ms
99665,2026-01-16,16:29:27,WARN,PaymentGateway,Disk usage > 85% on node node-2,E202,Disk usage > 85% on node {node}
99666,2026-01-16,16:36:44,WARN,WebServer,Disk usage > 85% on node node-2,E202,Disk usage > 85% on node {node}
99667,2026-01-16,16:07:23,WARN,WebServer,High latency (1717ms) detected on WebServer,E201,High latency ({time}ms) detected on {service}
99668,2026-01-16,16:38:43,ERROR,OrderProcessor,Timeout waiting for lock on InventoryDB,E502,Timeout waiting for lock on {db}
99669,2026-01-16,16:07:07,ERROR,AuthService,Timeout waiting for lock on InventoryDB,E502,Timeout waiting for lock on {db}
99670,2026-01-16,16:28:43,CRITICAL,AuthService,DATA CORRUPTION detected in sector 236,E602,DATA CORRUPTION detected in sector {sector}
99671,2026-01-16,16:05:27,INFO,PaymentGateway,Transaction tx620753 completed in 131ms,E104,Transaction {tx} completed in {time}ms
99672,2026-01-16,16:14:53,CRITICAL,InventoryDB,KERNEL PANIC: Node node-4 crashed,E601,KERNEL PANIC: Node {node} crashed
99673,2026-01-16,16:48:07,INFO,AuthService,User u2172 login successful,E101,User {user} login successful
99674,2026-01-16,16:44:29,INFO,PaymentGateway,Page view: /home by u1593,E103,Page view: {page} by {user}
99675,2026-01-16,16:35:40,ERROR,WebServer,Timeout waiting for lock on InventoryDB,E502,Timeout waiting for lock on {db}
99676,2026-01-16,16:24:10,ERROR,WebServer,Payment declined: Gateway unavailable,E503,Payment declined: Gateway unavailable
99677,2026-01-16,16:42:09,INFO,AuthService,Health check passed: AuthService,E102,Health check passed: {service}
99678,2026-01-16,16:09:21,ERROR,PaymentGateway,Connection refused to PaymentGateway at 10.0.0.45,E501,Connection refused to {service} at {ip}
99679,2026-01-16,16:57:11,INFO,AuthService,Transaction tx755861 completed in 162ms,E104,Transaction {tx} completed in {time}ms
99680,2026-01-16,16:42:40,WARN,WebServer,High latency (1870ms) detected on WebServer,E201,High latency ({time}ms) detected on {service}
99681,2026-01-16,16:54:15,ERROR,WebServer,Payment declined: Gateway unavailable,E503,Payment declined: Gateway unavailable
99682,2026-01-16,16:14:03,WARN,WebServer,High latency (724ms) detected on WebServer,E201,High latency ({time}ms) detected on {service}
99683,2026-01-16,16:18:13,INFO,AuthService,Health check passed: AuthService,E102,Health check passed: {service}
99684,2026-01-16,16:35:58,ERROR,WebServer,Timeout waiting for lock on InventoryDB,E502,Timeout waiting for lock on {db}
99685,2026-01-16,16:48:20,WARN,WebServer,Disk usage > 85% on node node-5,E202,Disk usage > 85% on node {node}
99686,2026-01-16,16:53:14,ERROR,AuthService,Connection refused to AuthService at 10.0.0.45,E501,Connection refused to {service} at {ip}
99687,2026-01-16,16:19:41,ERROR,OrderProcessor,Payment declined: Gateway unavailable,E503,Payment declined: Gateway unavailable
99688,2026-01-16,16:22:14,ERROR,InventoryDB,Connection refused to InventoryDB at 192.168.1.5,E501,Connection refused to {service} at {ip}
99689,2026-01-16,16:46:49,ERROR,AuthService,Timeout waiting for lock on InventoryDB,E502,Timeout waiting for lock on {db}
99690,2026-01-16,16:40:26,INFO,AuthService,Health check passed: AuthService,E102,Health check passed: {service}
99691,2026-01-16,16:18:54,ERROR,WebServer,Connection refused to WebServer at 10.0.0.99,E501,Connection refused to {service} at {ip}
99692,2026-01-16,16:40:38,ERROR,AuthService,Connection refused to AuthService at 10.0.0.45,E501,Connection refused to {service} at {ip}
99693,2026-01-16,16:42:49,WARN,OrderProcessor,Disk usage > 85% on node node-3,E202,Disk usage > 85% on node {node}
99694,2026-01-16,16:15:58,ERROR,AuthService,Timeout waiting for lock on InventoryDB,E502,Timeout waiting for lock on {db}
99695,2026-01-16,16:01:52,ERROR,WebServer,Connection refused to WebServer at 10.0.0.45,E501,Connection refused to {service} at {ip}
99696,2026-01-16,16:03:24,WARN,WebServer,Disk usage > 85% on node node-5,E202,Disk usage > 85% on node {node}
99697,2026-01-16,16:06:02,WARN,AuthService,Unauthorized access attempt from 10.0.0.12,E401,Unauthorized access attempt from {ip}
99698,2026-01-16,16:22:27,INFO,PaymentGateway,Page view: /home by u4123,E103,Page view: {page} by {user}
99699,2026-01-16,16:04:28,ERROR,OrderProcessor,Connection refused to OrderProcessor at 10.0.0.12,E501,Connection refused to {service} at {ip}
99700,2026-01-16,16:24:42,ERROR,WebServer,Payment declined: Gateway unavailable,E503,Payment declined: Gateway unavailable
99701,2026-01-16,16:21:03,INFO,PaymentGateway,Page view: /home by u3348,E103,Page view: {page} by {user}
99702,2026-01-16,16:58:32,INFO,WebServer,User u2835 login successful,E101,User {user} login successful
99703,2026-01-16,16:51:05,WARN,WebServer,Disk usage > 85% on node node-3,E202,Disk usage > 85% on node {node}
99704,2026-01-16,16:52:29,WARN,WebServer,High latency (1514ms) detected on WebServer,E201,High latency ({time}ms) detected on {service}
99705,2026-01-16,16:57:40,INFO,WebServer,User u3433 login successful,E101,User {user} login successful
99706,2026-01-16,16:34:37,WARN,InventoryDB,Unauthorized access attempt from 192.168.1.5,E401,Unauthorized access attempt from {ip}
99707,2026-01-16,16:38:53,INFO,WebServer,Health check passed: WebServer,E102,Health check passed: {service}
99708,2026-01-16,16:42:04,INFO,AuthService,User u1061 login successful,E101,User {user} login successful
99709,2026-01-16,16:58:28,INFO,PaymentGateway,User u4186 login successful,E101,User {user} login successful
99710,2026-01-16,16:51:39,ERROR,WebServer,Payment declined: Gateway unavailable,E503,Payment declined: Gateway unavailable
99711,2026-01-16,16:31:41,INFO,WebServer,User u1880 login successful,E101,User {user} login successful
99712,2026-01-16,16:18:29,ERROR,WebServer,Payment declined: Gateway unavailable,E503,Payment declined: Gateway unavailable
99713,2026-01-16,16:49:19,ERROR,AuthService,Connection refused to AuthService at 10.0.0.45,E501,Connection refused to {service} at {ip}
99714,2026-01-16,16:22:35,INFO,WebServer,Transaction tx319437 completed in 414ms,E104,Transaction {tx} completed in {time}ms
99715,2026-01-16,16:27:43,ERROR,WebServer,Payment declined: Gateway unavailable,E503,Payment declined: Gateway unavailable
99716,2026-01-16,16:22:02,INFO,AuthService,Transaction tx781989 completed in 46ms,E104,Transaction {tx} completed in {time}ms
99717,2026-01-16,16:25:53,INFO,WebServer,Transaction tx509633 completed in 130ms,E104,Transaction {tx} completed in {time}ms
99718,2026-01-16,16:39:31,INFO,AuthService,User u4201 login successful,E101,User {user} login successful
99719,2026-01-16,16:38:36,CRITICAL,OrderProcessor,DATA CORRUPTION detected in sector 765,E602,DATA CORRUPTION detected in sector {sector}
99720,2026-01-16,16:58:23,INFO,WebServer,User u2957 login successful,E101,User {user} login successful
99721,2026-01-16,16:29:17,ERROR,AuthService,Connection refused to AuthService at 10.0.0.45,E501,Connection refused to {service} at {ip}
99722,2026-01-16,16:20:19,ERROR,OrderProcessor,Payment declined: Gateway unavailable,E503,Payment declined: Gateway unavailable
99723,2026-01-16,16:21:51,ERROR,WebServer,Payment declined: Gateway unavailable,E503,Payment declined: Gateway unavailable
99724,2026-01-16,16:03:32,INFO,WebServer,Page view: /home by u4255,E103,Page view: {page} by {user}
99725,2026-01-16,16:15:26,ERROR,PaymentGateway,Payment declined: Gateway unavailable,E503,Payment declined: Gateway unavailable
99726,2026-01-16,16:02:23,WARN,PaymentGateway,Disk usage > 85% on node node-3,E202,Disk usage > 85% on node {node}
99727,2026-01-16,16:26:52,INFO,WebServer,Page view: /home by u2836,E103,Page view: {page} by {user}
99728,2026-01-16,16:09:40,CRITICAL,WebServer,DATA CORRUPTION detected in sector 306,E602,DATA CORRUPTION detected in sector {sector}
99729,2026-01-16,16:48:58,ERROR,WebServer,Timeout waiting for lock on InventoryDB,E502,Timeout waiting for lock on {db}
99730,2026-01-16,16:04:30,WARN,WebServer,Unauthorized access attempt from 10.0.0.10,E401,Unauthorized access attempt from {ip}
99731,2026-01-16,16:17:09,INFO,WebServer,User u1501 login successful,E101,User {user} login successful
99732,2026-01-16,16:34:55,CRITICAL,WebServer,KERNEL PANIC: Node node-2 crashed,E601,KERNEL PANIC: Node {node} crashed
99733,2026-01-16,16:11:12,WARN,OrderProcessor,Unauthorized access attempt from 10.0.0.12,E401,Unauthorized access attempt from {ip}
99734,2026-01-16,16:32:45,WARN,AuthService,High latency (1551ms) detected on AuthService,E201,High latency ({time}ms) detected on {service}
99735,2026-01-16,16:11:09,CRITICAL,WebServer,KERNEL PANIC: Node node-1 crashed,E601,KERNEL PANIC: Node {node} crashed
99736,2026-01-16,16:04:53,INFO,AuthService,User u4737 login successful,E101,User {user} login successful
99737,2026-01-16,16:45:05,WARN,WebServer,High latency (799ms) detected on WebServer,E201,High latency ({time}ms) detected on {service}
99738,2026-01-16,16:03:05,ERROR,PaymentGateway,Timeout waiting for lock on InventoryDB,E502,Timeout waiting for lock on {db}
99739,2026-01-16,16:09:32,ERROR,WebServer,Payment declined: Gateway unavailable,E503,Payment declined: Gateway unavailable
99740,2026-01-16,16:40:48,INFO,WebServer,Transaction tx519332 completed in 426ms,E104,Transaction {tx} completed in {time}ms
99741,2026-01-16,16:37:30,INFO,OrderProcessor,User u2283 login successful,E101,User {user} login successful
99742,2026-01-16,16:13:13,WARN,WebServer,Unauthorized access attempt from 10.0.0.45,E401,Unauthorized access attempt from {ip}
99743,2026-01-16,16:00:53,INFO,WebServer,Page view: /home by u3323,E103,Page view: {page} by {user}
99744,2026-01-16,16:22:00,ERROR,AuthService,Connection refused to AuthService at 10.0.0.12,E501,Connection refused to {service} at {ip}
99745,2026-01-16,16:51:26,ERROR,PaymentGateway,Payment declined: Gateway unavailable,E503,Payment declined: Gateway unavailable
99746,2026-01-16,16:46:33,WARN,WebServer,High latency (1045ms) detected on WebServer,E201,High latency ({time}ms) detected on {service}
99747,2026-01-16,16:59:32,ERROR,WebServer,Payment declined: Gateway unavailable,E503,Payment declined: Gateway unavailable
99748,2026-01-16,16:35:50,ERROR,AuthService,Timeout waiting for lock on InventoryDB,E502,Timeout waiting for lock on {db}
99749,2026-01-16,16:17:16,ERROR,WebServer,Connection refused to WebServer at 10.0.0.45,E501,Connection refused to {service} at {ip}
99750,2026-01-16,16:12:06,WARN,PaymentGateway,Unauthorized access attempt from 10.0.0.12,E401,Unauthorized access attempt from {ip}
99751,2026-01-16,16:52:45,ERROR,OrderProcessor,Payment declined: Gateway unavailable,E503,Payment declined: Gateway unavailable
99752,2026-01-16,16:48:51,ERROR,InventoryDB,Connection refused to InventoryDB at 10.0.0.45,E501,Connection refused to {service} at {ip}
99753,2026-01-16,16:52:31,CRITICAL,WebServer,DATA CORRUPTION detected in sector 180,E602,DATA CORRUPTION detected in sector {sector}
99754,2026-01-16,16:03:20,WARN,WebServer,High latency (409ms) detected on WebServer,E201,High latency ({time}ms) detected on {service}
99755,2026-01-16,16:48:44,ERROR,WebServer,Connection refused to WebServer at 10.0.0.99,E501,Connection refused to {service} at {ip}
99756,2026-01-16,16:34:06,INFO,WebServer,User u2405 login successful,E101,User {user} login successful
99757,2026-01-16,16:43:08,WARN,OrderProcessor,Disk usage > 85% on node node-3,E202,Disk usage > 85% on node {node}
99758,2026-01-16,16:33:10,WARN,WebServer,High latency (915ms) detected on WebServer,E201,High latency ({time}ms) detected on {service}
99759,2026-01-16,16:55:48,INFO,InventoryDB,Transaction tx899967 completed in 1241ms,E104,Transaction {tx} completed in {time}ms
99760,2026-01-16,16:21:26,INFO,AuthService,User u1013 login successful,E101,User {user} login successful
99761,2026-01-16,16:31:07,ERROR,WebServer,Connection refused to WebServer at 10.0.0.45,E501,Connection refused to {service} at {ip}
99762,2026-01-16,16:45:29,WARN,PaymentGateway,Disk usage > 85% on node node-2,E202,Disk usage > 85% on node {node}
99763,2026-01-16,16:21:46,ERROR,AuthService,Payment declined: Gateway unavailable,E503,Payment declined: Gateway unavailable
99764,2026-01-16,16:49:21,ERROR,WebServer,Payment declined: Gateway unavailable,E503,Payment declined: Gateway unavailable
99765,2026-01-16,16:26:47,WARN,WebServer,Unauthorized access attempt from 10.0.0.45,E401,Unauthorized access attempt from {ip}
99766,2026-01-16,16:24:05,WARN,WebServer,Disk usage > 85% on node node-5,E202,Disk usage > 85% on node {node}
99767,2026-01-16,16:13:44,INFO,PaymentGateway,User u1455 login successful,E101,User {user} login successful
99768,2026-01-16,16:39:36,INFO,OrderProcessor,Page view: /home by u3608,E103,Page view: {page} by {user}
99769,2026-01-16,16:08:27,INFO,OrderProcessor,Page view: /home by u1481,E103,Page view: {page} by {user}
99770,2026-01-16,16:21:31,ERROR,WebServer,Connection refused to WebServer at 10.0.0.45,E501,Connection refused to {service} at {ip}
99771,2026-01-16,16:57:24,INFO,WebServer,User u2211 login successful,E101,User {user} login successful
99772,2026-01-16,16:51:09,CRITICAL,InventoryDB,KERNEL PANIC: Node node-1 crashed,E601,KERNEL PANIC: Node {node} crashed
99773,2026-01-16,16:20:01,INFO,WebServer,User u4180 login successful,E101,User {user} login successful
99774,2026-01-16,16:59:56,WARN,PaymentGateway,Disk usage > 85% on node node-1,E202,Disk usage > 85% on node {node}
99775,2026-01-16,16:22:01,WARN,WebServer,High latency (1973ms) detected on WebServer,E201,High latency ({time}ms) detected on {service}
99776,2026-01-16,16:43:14,INFO,WebServer,Transaction tx141340 completed in 716ms,E104,Transaction {tx} completed in {time}ms
99777,2026-01-16,16:12:22,INFO,WebServer,Health check passed: WebServer,E102,Health check passed: {service}
99778,2026-01-16,16:48:18,ERROR,AuthService,Connection refused to AuthService at 10.0.0.45,E501,Connection refused to {service} at {ip}
99779,2026-01-16,16:02:09,WARN,InventoryDB,High latency (1695ms) detected on InventoryDB,E201,High latency ({time}ms) detected on {service}
99780,2026-01-16,16:35:59,INFO,AuthService,Transaction tx908838 completed in 1806ms,E104,Transaction {tx} completed in {time}ms
99781,2026-01-16,16:07:29,WARN,AuthService,High latency (1374ms) detected on AuthService,E201,High latency ({time}ms) detected on {service}
99782,2026-01-16,16:17:39,WARN,WebServer,Unauthorized access attempt from 10.0.0.45,E401,Unauthorized access attempt from {ip}
99783,2026-01-16,16:04:26,WARN,WebServer,Unauthorized access attempt from 10.0.0.45,E401,Unauthorized access attempt from {ip}
99784,2026-01-16,16:46:42,INFO,OrderProcessor,User u4256 login successful,E101,User {user} login successful
99785,2026-01-16,16:57:55,ERROR,WebServer,Payment declined: Gateway unavailable,E503,Payment declined: Gateway unavailable
99786,2026-01-16,16:37:13,ERROR,AuthService,Connection refused to AuthService at 10.0.0.45,E501,Connection refused to {service} at {ip}
99787,2026-01-16,16:57:19,INFO,AuthService,Page view: /home by u4638,E103,Page view: {page} by {user}
99788,2026-01-16,16:07:02,INFO,OrderProcessor,Page view: /home by u2884,E103,Page view: {page} by {user}
99789,2026-01-16,16:41:34,ERROR,PaymentGateway,Timeout waiting for lock on InventoryDB,E502,Timeout waiting for lock on {db}
99790,2026-01-16,16:11:38,ERROR,AuthService,Connection refused to AuthService at 10.0.0.45,E501,Connection refused to {service} at {ip}
99791,2026-01-16,16:34:20,ERROR,PaymentGateway,Payment declined: Gateway unavailable,E503,Payment declined: Gateway unavailable
99792,2026-01-16,16:12:07,ERROR,WebServer,Payment declined: Gateway unavailable,E503,Payment declined: Gateway unavailable
99793,2026-01-16,16:44:16,WARN,PaymentGateway,High latency (1782ms) detected on PaymentGateway,E201,High latency ({time}ms) detected on {service}
99794,2026-01-16,16:08:00,ERROR,PaymentGateway,Connection refused to PaymentGateway at 10.0.0.45,E501,Connection refused to {service} at {ip}
99795,2026-01-16,16:39:17,WARN,WebServer,High latency (1919ms) detected on WebServer,E201,High latency ({time}ms) detected on {service}
99796,2026-01-16,16:15:23,INFO,OrderProcessor,Page view: /home by u1913,E103,Page view: {page} by {user}
99797,2026-01-16,16:12:54,WARN,OrderProcessor,High latency (865ms) detected on OrderProcessor,E201,High latency ({time}ms) detected on {service}
99798,2026-01-16,16:32:24,INFO,WebServer,User u2719 login successful,E101,User {user} login successful
99799,2026-01-16,16:13:39,ERROR,WebServer,Connection refused to WebServer at 10.0.0.45,E501,Connection refused to {service} at {ip}
99800,2026-01-16,16:37:19,CRITICAL,WebServer,DATA CORRUPTION detected in sector 753,E602,DATA CORRUPTION detected in sector {sector}
99801,2026-01-16,16:29:06,WARN,WebServer,High latency (1965ms) detected on WebServer,E201,High latency ({time}ms) detected on {service}
99802,2026-01-16,16:48:45,INFO,WebServer,Health check passed: WebServer,E102,Health check passed: {service}
99803,2026-01-16,16:39:15,ERROR,WebServer,Payment declined: Gateway unavailable,E503,Payment declined: Gateway unavailable
99804,2026-01-16,16:41:02,ERROR,PaymentGateway,Timeout waiting for lock on InventoryDB,E502,Timeout waiting for lock on {db}
99805,2026-01-16,16:53:22,ERROR,WebServer,Timeout waiting for lock on InventoryDB,E502,Timeout waiting for lock on {db}
99806,2026-01-16,16:55:24,ERROR,OrderProcessor,Connection refused to OrderProcessor at 10.0.0.45,E501,Connection refused to {service} at {ip}
99807,2026-01-16,16:46:20,ERROR,InventoryDB,Timeout waiting for lock on InventoryDB,E502,Timeout waiting for lock on {db}
99808,2026-01-16,16:58:59,INFO,WebServer,Page view: /home by u4907,E103,Page view: {page} by {user}
99809,2026-01-16,16:46:06,INFO,WebServer,User u1069 login successful,E101,User {user} login successful
99810,2026-01-16,16:46:04,INFO,WebServer,User u4189 login successful,E101,User {user} login successful
99811,2026-01-16,16:30:30,ERROR,WebServer,Payment declined: Gateway unavailable,E503,Payment declined: Gateway unavailable
99812,2026-01-16,16:44:30,INFO,OrderProcessor,Transaction tx856830 completed in 1315ms,E104,Transaction {tx} completed in {time}ms
99813,2026-01-16,16:50:36,INFO,WebServer,Transaction tx363201 completed in 875ms,E104,Transaction {tx} completed in {time}ms
99814,2026-01-16,16:51:07,CRITICAL,InventoryDB,DATA CORRUPTION detected in sector 219,E602,DATA CORRUPTION detected in sector {sector}
99815,2026-01-16,16:48:59,ERROR,WebServer,Timeout waiting for lock on InventoryDB,E502,Timeout waiting for lock on {db}
99816,2026-01-16,16:03:47,ERROR,PaymentGateway,Timeout waiting for lock on InventoryDB,E502,Timeout waiting for lock on {db}
99817,2026-01-16,16:18:41,ERROR,WebServer,Connection refused to WebServer at 10.0.0.45,E501,Connection refused to {service} at {ip}
99818,2026-01-16,16:35:31,INFO,WebServer,Health check passed: WebServer,E102,Health check passed: {service}
99819,2026-01-16,16:41:51,WARN,OrderProcessor,High latency (1621ms) detected on OrderProcessor,E201,High latency ({time}ms) detected on {service}
99820,2026-01-16,16:18:48,WARN,WebServer,Unauthorized access attempt from 10.0.0.12,E401,Unauthorized access attempt from {ip}
99821,2026-01-16,16:51:53,WARN,WebServer,Unauthorized access attempt from 10.0.0.99,E401,Unauthorized access attempt from {ip}
99822,2026-01-16,16:43:07,INFO,WebServer,User u4526 login successful,E101,User {user} login successful
99823,2026-01-16,16:32:41,INFO,AuthService,Health check passed: AuthService,E102,Health check passed: {service}
99824,2026-01-16,16:12:02,INFO,WebServer,Health check passed: WebServer,E102,Health check passed: {service}
99825,2026-01-16,16:02:30,INFO,WebServer,Page view: /home by u4083,E103,Page view: {page} by {user}
99826,2026-01-16,16:10:39,WARN,AuthService,Disk usage > 85% on node node-5,E202,Disk usage > 85% on node {node}
99827,2026-01-16,16:34:52,ERROR,AuthService,Connection refused to AuthService at 10.0.0.88,E501,Connection refused to {service} at {ip}
99828,2026-01-16,16:22:00,INFO,WebServer,Transaction tx220216 completed in 1911ms,E104,Transaction {tx} completed in {time}ms
99829,2026-01-16,16:28:24,INFO,WebServer,User u4564 login successful,E101,User {user} login successful
99830,2026-01-16,16:41:35,ERROR,WebServer,Timeout waiting for lock on InventoryDB,E502,Timeout waiting for lock on {db}
99831,2026-01-16,16:38:38,CRITICAL,OrderProcessor,KERNEL PANIC: Node node-2 crashed,E601,KERNEL PANIC: Node {node} crashed
99832,2026-01-16,16:20:48,WARN,WebServer,Disk usage > 85% on node node-1,E202,Disk usage > 85% on node {node}
99833,2026-01-16,16:35:57,WARN,WebServer,High latency (331ms) detected on WebServer,E201,High latency ({time}ms) detected on {service}
99834,2026-01-16,16:38:27,INFO,AuthService,Page view: /home by u3523,E103,Page view: {page} by {user}
99835,2026-01-16,16:05:14,INFO,WebServer,Transaction tx653480 completed in 1108ms,E104,Transaction {tx} completed in {time}ms
99836,2026-01-16,16:19:04,INFO,OrderProcessor,Health check passed: OrderProcessor,E102,Health check passed: {service}
99837,2026-01-16,16:11:20,CRITICAL,WebServer,DATA CORRUPTION detected in sector 275,E602,DATA CORRUPTION detected in sector {sector}
99838,2026-01-16,16:29:43,INFO,PaymentGateway,Health check passed: PaymentGateway,E102,Health check passed: {service}
99839,2026-01-16,16:11:07,ERROR,AuthService,Timeout waiting for lock on InventoryDB,E502,Timeout waiting for lock on {db}
99840,2026-01-16,16:16:09,WARN,AuthService,High latency (572ms) detected on AuthService,E201,High latency ({time}ms) detected on {service}
99841,2026-01-16,16:45:53,INFO,WebServer,Health check passed: WebServer,E102,Health check passed: {service}
99842,2026-01-16,16:14:32,ERROR,AuthService,Payment declined: Gateway unavailable,E503,Payment declined: Gateway unavailable
99843,2026-01-16,16:12:33,INFO,WebServer,Transaction tx630925 completed in 1464ms,E104,Transaction {tx} completed in {time}ms
99844,2026-01-16,16:11:47,INFO,AuthService,User u1663 login successful,E101,User {user} login successful
99845,2026-01-16,16:49:10,WARN,WebServer,High latency (254ms) detected on WebServer,E201,High latency ({time}ms) detected on {service}
99846,2026-01-16,16:17:31,WARN,AuthService,High latency (185ms) detected on AuthService,E201,High latency ({time}ms) detected on {service}
99847,2026-01-16,16:22:51,WARN,AuthService,Unauthorized access attempt from 10.0.0.45,E401,Unauthorized access attempt from {ip}
99848,2026-01-16,16:41:40,ERROR,WebServer,Timeout waiting for lock on InventoryDB,E502,Timeout waiting for lock on {db}
99849,2026-01-16,16:20:25,INFO,WebServer,Transaction tx987476 completed in 571ms,E104,Transaction {tx} completed in {time}ms
99850,2026-01-16,16:18:05,ERROR,PaymentGateway,Payment declined: Gateway unavailable,E503,Payment declined: Gateway unavailable
99851,2026-01-16,16:49:40,ERROR,AuthService,Timeout waiting for lock on InventoryDB,E502,Timeout waiting for lock on {db}
99852,2026-01-16,16:14:44,INFO,OrderProcessor,Page view: /home by u4790,E103,Page view: {page} by {user}
99853,2026-01-16,16:13:46,CRITICAL,AuthService,DATA CORRUPTION detected in sector 477,E602,DATA CORRUPTION detected in sector {sector}
99854,2026-01-16,16:56:31,ERROR,AuthService,Payment declined: Gateway unavailable,E503,Payment declined: Gateway unavailable
99855,2026-01-16,16:27:27,CRITICAL,InventoryDB,DATA CORRUPTION detected in sector 542,E602,DATA CORRUPTION detected in sector {sector}
99856,2026-01-16,16:17:45,ERROR,WebServer,Connection refused to WebServer at 10.0.0.45,E501,Connection refused to {service} at {ip}
99857,2026-01-16,16:57:37,INFO,WebServer,Page view: /home by u3198,E103,Page view: {page} by {user}
99858,2026-01-16,16:49:59,ERROR,OrderProcessor,Connection refused to OrderProcessor at 10.0.0.88,E501,Connection refused to {service} at {ip}
99859,2026-01-16,16:36:06,CRITICAL,WebServer,KERNEL PANIC: Node node-3 crashed,E601,KERNEL PANIC: Node {node} crashed
99860,2026-01-16,16:46:08,WARN,WebServer,High latency (1407ms) detected on WebServer,E201,High latency ({time}ms) detected on {service}
99861,2026-01-16,16:24:45,ERROR,WebServer,Connection refused to WebServer at 192.168.1.5,E501,Connection refused to {service} at {ip}
99862,2026-01-16,16:34:22,WARN,WebServer,Disk usage > 85% on node node-4,E202,Disk usage > 85% on node {node}
99863,2026-01-16,16:25:21,ERROR,OrderProcessor,Timeout waiting for lock on InventoryDB,E502,Timeout waiting for lock on {db}
99864,2026-01-16,16:26:08,WARN,WebServer,Unauthorized access attempt from 10.0.0.45,E401,Unauthorized access attempt from {ip}
99865,2026-01-16,16:54:52,CRITICAL,WebServer,KERNEL PANIC: Node node-4 crashed,E601,KERNEL PANIC: Node {node} crashed
99866,2026-01-16,16:20:29,ERROR,AuthService,Timeout waiting for lock on InventoryDB,E502,Timeout waiting for lock on {db}
99867,2026-01-16,16:56:33,INFO,WebServer,User u4252 login successful,E101,User {user} login successful
99868,2026-01-16,16:00:44,INFO,WebServer,Page view: /home by u3963,E103,Page view: {page} by {user}
99869,2026-01-16,16:46:38,WARN,AuthService,Unauthorized access attempt from 10.0.0.45,E401,Unauthorized access attempt from {ip}
99870,2026-01-16,16:27:45,WARN,AuthService,Unauthorized access attempt from 10.0.0.45,E401,Unauthorized access attempt from {ip}
99871,2026-01-16,16:32:44,INFO,WebServer,Page view: /home by u3979,E103,Page view: {page} by {user}
99872,2026-01-16,16:18:43,ERROR,AuthService,Timeout waiting for lock on InventoryDB,E502,Timeout waiting for lock on {db}
99873,2026-01-16,16:48:25,ERROR,OrderProcessor,Timeout waiting for lock on InventoryDB,E502,Timeout waiting for lock on {db}
99874,2026-01-16,16:40:38,ERROR,PaymentGateway,Timeout waiting for lock on InventoryDB,E502,Timeout waiting for lock on {db}
99875,2026-01-16,16:49:22,ERROR,WebServer,Timeout waiting for lock on InventoryDB,E502,Timeout waiting for lock on {db}
99876,2026-01-16,16:55:57,INFO,AuthService,Health check passed: AuthService,E102,Health check passed: {service}
99877,2026-01-16,16:35:37,ERROR,OrderProcessor,Timeout waiting for lock on InventoryDB,E502,Timeout waiting for lock on {db}
99878,2026-01-16,16:16:48,WARN,OrderProcessor,High latency (603ms) detected on OrderProcessor,E201,High latency ({time}ms) detected on {service}
99879,2026-01-16,16:10:48,ERROR,InventoryDB,Payment declined: Gateway unavailable,E503,Payment declined: Gateway unavailable
99880,2026-01-16,16:48:49,INFO,WebServer,Transaction tx774047 completed in 1820ms,E104,Transaction {tx} completed in {time}ms
99881,2026-01-16,16:07:58,ERROR,OrderProcessor,Timeout waiting for lock on InventoryDB,E502,Timeout waiting for lock on {db}
99882,2026-01-16,16:27:57,INFO,WebServer,Page view: /home by u2777,E103,Page view: {page} by {user}
99883,2026-01-16,16:47:12,ERROR,PaymentGateway,Timeout waiting for lock on InventoryDB,E502,Timeout waiting for lock on {db}
99884,2026-01-16,16:04:21,WARN,AuthService,High latency (718ms) detected on AuthService,E201,High latency ({time}ms) detected on {service}
99885,2026-01-16,16:36:52,ERROR,PaymentGateway,Connection refused to PaymentGateway at 10.0.0.45,E501,Connection refused to {service} at {ip}
99886,2026-01-16,16:04:57,ERROR,OrderProcessor,Connection refused to OrderProcessor at 10.0.0.88,E501,Connection refused to {service} at {ip}
99887,2026-01-16,16:18:51,ERROR,WebServer,Connection refused to WebServer at 10.0.0.12,E501,Connection refused to {service} at {ip}
99888,2026-01-16,16:53:52,ERROR,WebServer,Timeout waiting for lock on InventoryDB,E502,Timeout waiting for lock on {db}
99889,2026-01-16,16:16:08,WARN,WebServer,High latency (1938ms) detected on WebServer,E201,High latency ({time}ms) detected on {service}
99890,2026-01-16,16:26:28,ERROR,OrderProcessor,Connection refused to OrderProcessor at 10.0.0.45,E501,Connection refused to {service} at {ip}
99891,2026-01-16,16:21:10,INFO,WebServer,User u1482 login successful,E101,User {user} login successful
99892,2026-01-16,16:52:07,INFO,AuthService,Page view: /home by u4179,E103,Page view: {page} by {user}
99893,2026-01-16,16:18:55,INFO,WebServer,Page view: /home by u2456,E103,Page view: {page} by {user}
99894,2026-01-16,16:00:53,ERROR,PaymentGateway,Payment declined: Gateway unavailable,E503,Payment declined: Gateway unavailable
99895,2026-01-16,16:22:18,INFO,WebServer,User u2875 login successful,E101,User {user} login successful
99896,2026-01-16,16:46:55,CRITICAL,WebServer,KERNEL PANIC: Node node-2 crashed,E601,KERNEL PANIC: Node {node} crashed
99897,2026-01-16,16:16:17,ERROR,OrderProcessor,Payment declined: Gateway unavailable,E503,Payment declined: Gateway unavailable
99898,2026-01-16,16:42:28,ERROR,OrderProcessor,Timeout waiting for lock on InventoryDB,E502,Timeout waiting for lock on {db}
99899,2026-01-16,16:59:54,ERROR,OrderProcessor,Timeout waiting for lock on InventoryDB,E502,Timeout waiting for lock on {db}
99900,2026-01-16,16:01:44,INFO,WebServer,User u3028 login successful,E101,User {user} login successful
99901,2026-01-16,16:31:26,INFO,WebServer,User u3309 login successful,E101,User {user} login successful
99902,2026-01-16,16:15:34,WARN,WebServer,High latency (68ms) detected on WebServer,E201,High latency ({time}ms) detected on {service}
99903,2026-01-16,16:13:54,ERROR,WebServer,Payment declined: Gateway unavailable,E503,Payment declined: Gateway unavailable
99904,2026-01-16,16:06:52,WARN,WebServer,Disk usage > 85% on node node-3,E202,Disk usage > 85% on node {node}
99905,2026-01-16,16:55:35,CRITICAL,WebServer,DATA CORRUPTION detected in sector 651,E602,DATA CORRUPTION detected in sector {sector}
99906,2026-01-16,16:10:25,ERROR,OrderProcessor,Payment declined: Gateway unavailable,E503,Payment declined: Gateway unavailable
99907,2026-01-16,16:31:51,INFO,PaymentGateway,User u4706 login successful,E101,User {user} login successful
99908,2026-01-16,16:50:14,ERROR,AuthService,Connection refused to AuthService at 10.0.0.45,E501,Connection refused to {service} at {ip}
99909,2026-01-16,16:59:39,ERROR,WebServer,Connection refused to WebServer at 10.0.0.45,E501,Connection refused to {service} at {ip}
99910,2026-01-16,16:04:33,WARN,WebServer,Unauthorized access attempt from 10.0.0.45,E401,Unauthorized access attempt from {ip}
99911,2026-01-16,16:53:43,CRITICAL,WebServer,KERNEL PANIC: Node node-5 crashed,E601,KERNEL PANIC: Node {node} crashed
99912,2026-01-16,16:30:31,ERROR,WebServer,Connection refused to WebServer at 10.0.0.12,E501,Connection refused to {service} at {ip}
99913,2026-01-16,16:38:46,INFO,OrderProcessor,User u3258 login successful,E101,User {user} login successful
99914,2026-01-16,16:10:23,ERROR,OrderProcessor,Timeout waiting for lock on InventoryDB,E502,Timeout waiting for lock on {db}
99915,2026-01-16,16:59:34,ERROR,AuthService,Timeout waiting for lock on InventoryDB,E502,Timeout waiting for lock on {db}
99916,2026-01-16,16:30:14,CRITICAL,PaymentGateway,DATA CORRUPTION detected in sector 939,E602,DATA CORRUPTION detected in sector {sector}
99917,2026-01-16,16:47:38,ERROR,WebServer,Connection refused to WebServer at 10.0.0.12,E501,Connection refused to {service} at {ip}
99918,2026-01-16,16:04:11,CRITICAL,OrderProcessor,KERNEL PANIC: Node node-1 crashed,E601,KERNEL PANIC: Node {node} crashed
99919,2026-01-16,16:25:22,ERROR,WebServer,Connection refused to WebServer at 10.0.0.12,E501,Connection refused to {service} at {ip}
99920,2026-01-16,16:31:53,ERROR,AuthService,Timeout waiting for lock on InventoryDB,E502,Timeout waiting for lock on {db}
99921,2026-01-16,16:20:46,ERROR,WebServer,Connection refused to WebServer at 10.0.0.45,E501,Connection refused to {service} at {ip}
99922,2026-01-16,16:04:13,ERROR,WebServer,Connection refused to WebServer at 10.0.0.45,E501,Connection refused to {service} at {ip}
99923,2026-01-16,16:41:09,ERROR,WebServer,Payment declined: Gateway unavailable,E503,Payment declined: Gateway unavailable
99924,2026-01-16,16:45:58,WARN,InventoryDB,High latency (827ms) detected on InventoryDB,E201,High latency ({time}ms) detected on {service}
99925,2026-01-16,16:25:12,WARN,PaymentGateway,Unauthorized access attempt from 10.0.0.45,E401,Unauthorized access attempt from {ip}
99926,2026-01-16,16:18:41,ERROR,WebServer,Payment declined: Gateway unavailable,E503,Payment declined: Gateway unavailable
99927,2026-01-16,16:50:39,INFO,WebServer,Health check passed: WebServer,E102,Health check passed: {service}
99928,2026-01-16,16:13:49,CRITICAL,WebServer,KERNEL PANIC: Node node-5 crashed,E601,KERNEL PANIC: Node {node} crashed
99929,2026-01-16,16:04:47,ERROR,WebServer,Payment declined: Gateway unavailable,E503,Payment declined: Gateway unavailable
99930,2026-01-16,16:31:31,ERROR,PaymentGateway,Connection refused to PaymentGateway at 192.168.1.5,E501,Connection refused to {service} at {ip}
99931,2026-01-16,16:27:38,INFO,AuthService,Page view: /home by u4831,E103,Page view: {page} by {user}
99932,2026-01-16,16:12:59,ERROR,PaymentGateway,Connection refused to PaymentGateway at 10.0.0.45,E501,Connection refused to {service} at {ip}
99933,2026-01-16,16:58:49,CRITICAL,WebServer,KERNEL PANIC: Node node-2 crashed,E601,KERNEL PANIC: Node {node} crashed
99934,2026-01-16,16:20:23,ERROR,InventoryDB,Connection refused to InventoryDB at 10.0.0.99,E501,Connection refused to {service} at {ip}
99935,2026-01-16,16:02:10,INFO,WebServer,User u1516 login successful,E101,User {user} login successful
99936,2026-01-16,16:38:57,ERROR,OrderProcessor,Timeout waiting for lock on InventoryDB,E502,Timeout waiting for lock on {db}
99937,2026-01-16,16:46:32,ERROR,PaymentGateway,Payment declined: Gateway unavailable,E503,Payment declined: Gateway unavailable
99938,2026-01-16,16:43:01,ERROR,AuthService,Payment declined: Gateway unavailable,E503,Payment declined: Gateway unavailable
99939,2026-01-16,16:23:28,WARN,OrderProcessor,High latency (1924ms) detected on OrderProcessor,E201,High latency ({time}ms) detected on {service}
99940,2026-01-16,16:17:35,INFO,AuthService,Health check passed: AuthService,E102,Health check passed: {service}
99941,2026-01-16,16:35:11,ERROR,WebServer,Connection refused to WebServer at 10.0.0.45,E501,Connection refused to {service} at {ip}
99942,2026-01-16,16:31:22,ERROR,InventoryDB,Payment declined: Gateway unavailable,E503,Payment declined: Gateway unavailable
99943,2026-01-16,16:58:40,INFO,WebServer,Health check passed: WebServer,E102,Health check passed: {service}
99944,2026-01-16,16:50:09,INFO,OrderProcessor,User u1184 login successful,E101,User {user} login successful
99945,2026-01-16,16:33:48,ERROR,WebServer,Timeout waiting for lock on InventoryDB,E502,Timeout waiting for lock on {db}
99946,2026-01-16,16:32:28,ERROR,WebServer,Payment declined: Gateway unavailable,E503,Payment declined: Gateway unavailable
99947,2026-01-16,16:20:33,INFO,AuthService,Page view: /home by u3081,E103,Page view: {page} by {user}
99948,2026-01-16,16:57:39,CRITICAL,AuthService,DATA CORRUPTION detected in sector 792,E602,DATA CORRUPTION detected in sector {sector}
99949,2026-01-16,16:24:39,INFO,WebServer,Page view: /home by u3787,E103,Page view: {page} by {user}
99950,2026-01-16,16:32:36,ERROR,OrderProcessor,Payment declined: Gateway unavailable,E503,Payment declined: Gateway unavailable
99951,2026-01-16,16:34:54,ERROR,OrderProcessor,Connection refused to OrderProcessor at 10.0.0.45,E501,Connection refused to {service} at {ip}
99952,2026-01-16,16:18:19,WARN,WebServer,High latency (1186ms) detected on WebServer,E201,High latency ({time}ms) detected on {service}
99953,2026-01-16,16:05:07,WARN,WebServer,Disk usage > 85% on node node-1,E202,Disk usage > 85% on node {node}
99954,2026-01-16,16:20:24,CRITICAL,WebServer,DATA CORRUPTION detected in sector 909,E602,DATA CORRUPTION detected in sector {sector}
99955,2026-01-16,16:52:19,INFO,WebServer,Health check passed: WebServer,E102,Health check passed: {service}
99956,2026-01-16,16:04:35,INFO,PaymentGateway,Transaction tx660567 completed in 978ms,E104,Transaction {tx} completed in {time}ms
99957,2026-01-16,16:21:52,INFO,AuthService,Transaction tx624257 completed in 732ms,E104,Transaction {tx} completed in {time}ms
99958,2026-01-16,16:33:08,ERROR,AuthService,Timeout waiting for lock on InventoryDB,E502,Timeout waiting for lock on {db}
99959,2026-01-16,16:41:38,INFO,OrderProcessor,Health check passed: OrderProcessor,E102,Health check passed: {service}
99960,2026-01-16,16:41:01,WARN,PaymentGateway,High latency (1337ms) detected on PaymentGateway,E201,High latency ({time}ms) detected on {service}
99961,2026-01-16,16:07:18,ERROR,WebServer,Connection refused to WebServer at 10.0.0.45,E501,Connection refused to {service} at {ip}
99962,2026-01-16,16:38:07,ERROR,PaymentGateway,Connection refused to PaymentGateway at 10.0.0.45,E501,Connection refused to {service} at {ip}
99963,2026-01-16,16:06:45,INFO,AuthService,Transaction tx714939 completed in 392ms,E104,Transaction {tx} completed in {time}ms
99964,2026-01-16,16:28:28,ERROR,WebServer,Payment declined: Gateway unavailable,E503,Payment declined: Gateway unavailable
99965,2026-01-16,16:22:44,INFO,WebServer,Health check passed: WebServer,E102,Health check passed: {service}
99966,2026-01-16,16:59:10,WARN,AuthService,High latency (1156ms) detected on AuthService,E201,High latency ({time}ms) detected on {service}
99967,2026-01-16,16:39:43,INFO,AuthService,Transaction tx966266 completed in 426ms,E104,Transaction {tx} completed in {time}ms
99968,2026-01-16,16:56:29,CRITICAL,WebServer,DATA CORRUPTION detected in sector 956,E602,DATA CORRUPTION detected in sector {sector}
99969,2026-01-16,16:37:10,ERROR,WebServer,Payment declined: Gateway unavailable,E503,Payment declined: Gateway unavailable
99970,2026-01-16,16:11:46,ERROR,AuthService,Payment declined: Gateway unavailable,E503,Payment declined: Gateway unavailable
99971,2026-01-16,16:42:51,WARN,WebServer,High latency (1368ms) detected on WebServer,E201,High latency ({time}ms) detected on {service}
99972,2026-01-16,16:52:59,INFO,AuthService,Transaction tx494312 completed in 1017ms,E104,Transaction {tx} completed in {time}ms
99973,2026-01-16,16:49:40,ERROR,PaymentGateway,Timeout waiting for lock on InventoryDB,E502,Timeout waiting for lock on {db}
99974,2026-01-16,16:01:16,ERROR,WebServer,Timeout waiting for lock on InventoryDB,E502,Timeout waiting for lock on {db}
99975,2026-01-16,16:27:04,ERROR,WebServer,Payment declined: Gateway unavailable,E503,Payment declined: Gateway unavailable
99976,2026-01-16,16:23:45,WARN,WebServer,High latency (723ms) detected on WebServer,E201,High latency ({time}ms) detected on {service}
99977,2026-01-16,16:20:05,ERROR,OrderProcessor,Payment declined: Gateway unavailable,E503,Payment declined: Gateway unavailable
99978,2026-01-16,16:25:26,INFO,AuthService,Transaction tx466613 completed in 1142ms,E104,Transaction {tx} completed in {time}ms
99979,2026-01-16,16:50:08,CRITICAL,WebServer,KERNEL PANIC: Node node-5 crashed,E601,KERNEL PANIC: Node {node} crashed
99980,2026-01-16,16:26:47,CRITICAL,AuthService,KERNEL PANIC: Node node-3 crashed,E601,KERNEL PANIC: Node {node} crashed
99981,2026-01-16,16:28:05,INFO,AuthService,Transaction tx472685 completed in 500ms,E104,Transaction {tx} completed in {time}ms
99982,2026-01-16,16:12:07,WARN,WebServer,Disk usage > 85% on node node-2,E202,Disk usage > 85% on node {node}
99983,2026-01-16,16:30:19,ERROR,WebServer,Connection refused to WebServer at 10.0.0.45,E501,Connection refused to {service} at {ip}
99984,2026-01-16,16:07:02,INFO,WebServer,Transaction tx278541 completed in 958ms,E104,Transaction {tx} completed in {time}ms
99985,2026-01-16,16:51:24,ERROR,WebServer,Connection refused to WebServer at 10.0.0.45,E501,Connection refused to {service} at {ip}
99986,2026-01-16,16:16:56,CRITICAL,PaymentGateway,DATA CORRUPTION detected in sector 814,E602,DATA CORRUPTION detected in sector {sector}
99987,2026-01-16,16:33:05,CRITICAL,OrderProcessor,KERNEL PANIC: Node node-4 crashed,E601,KERNEL PANIC: Node {node} crashed
99988,2026-01-16,16:41:48,INFO,WebServer,Page view: /home by u3653,E103,Page view: {page} by {user}
99989,2026-01-16,16:49:17,ERROR,WebServer,Timeout waiting for lock on InventoryDB,E502,Timeout waiting for lock on {db}
99990,2026-01-16,16:38:25,ERROR,OrderProcessor,Connection refused to OrderProcessor at 10.0.0.45,E501,Connection refused to {service} at {ip}
99991,2026-01-16,16:29:30,ERROR,OrderProcessor,Payment declined: Gateway unavailable,E503,Payment declined: Gateway unavailable
99992,2026-01-16,16:22:55,ERROR,OrderProcessor,Connection refused to OrderProcessor at 10.0.0.45,E501,Connection refused to {service} at {ip}
99993,2026-01-16,16:44:20,INFO,WebServer,User u3083 login successful,E101,User {user} login successful
99994,2026-01-16,16:24:42,WARN,WebServer,Unauthorized access attempt from 10.0.0.12,E401,Unauthorized access attempt from {ip}
99995,2026-01-16,16:28:02,ERROR,WebServer,Connection refused to WebServer at 10.0.0.88,E501,Connection refused to {service} at {ip}
99996,2026-01-16,16:47:12,INFO,WebServer,Transaction tx754597 completed in 781ms,E104,Transaction {tx} completed in {time}ms
99997,2026-01-16,16:11:23,ERROR,PaymentGateway,Payment declined: Gateway unavailable,E503,Payment declined: Gateway unavailable
99998,2026-01-16,16:57:12,ERROR,InventoryDB,Timeout waiting for lock on InventoryDB,E502,Timeout waiting for lock on {db}
99999,2026-01-16,16:15:03,CRITICAL,AuthService,DATA CORRUPTION detected in sector 477,E602,DATA CORRUPTION detected in sector {sector}
100000,2026-01-16,16:23:10,CRITICAL,WebServer,KERNEL PANIC: Node node-5 crashed,E601,KERNEL PANIC: Node {node} crashed
